Time_Step,Pressure,Average_Filling,Nodes_With_8_Neighbors,Surface_Nodes,Total_Nodes,Filling_Rate,Pressure_Derivative,MA_Filling,MA_Filling_Rate
0,0.0,0.5487510072522159,560,681,1241,,,,
1,0.0008333472224537076,0.5487510072522159,560,681,1241,0.0,0.0008333472224537076,,
2,0.0016666944449074152,0.5487510072522159,560,681,1241,0.0,0.0008333472224537076,,
3,0.0025000416673611227,0.5487510072522159,560,681,1241,0.0,0.0008333472224537075,,
4,0.0033333888898148304,0.5487510072522159,560,681,1241,0.0,0.0008333472224537077,,
5,0.004166736112268538,0.5487510072522159,560,681,1241,0.0,0.0008333472224537077,,
6,0.005000083334722245,0.5487510072522159,560,681,1241,0.0,0.0008333472224537073,,
7,0.0058334305571759535,0.5487510072522159,560,681,1241,0.0,0.0008333472224537081,,
8,0.006666777779629661,0.5487510072522159,560,681,1241,0.0,0.0008333472224537073,,
9,0.007500125002083368,0.5487510072522159,560,681,1241,0.0,0.0008333472224537073,0.5487510072522159,
10,0.008333472224537076,0.5487510072522159,560,681,1241,0.0,0.0008333472224537081,0.5487510072522159,0.0
11,0.009166819446990784,0.5495568090249798,560,681,1241,0.0008058017727639033,0.0008333472224537081,0.5488315874294922,8.058017727639034e-05
12,0.01000016666944449,0.5495568090249798,560,681,1241,0.0,0.0008333472224537064,0.5489121676067686,8.058017727639034e-05
13,0.010833513891898199,0.5495568090249798,560,681,1241,0.0,0.0008333472224537081,0.5489927477840449,8.058017727639034e-05
14,0.011666861114351907,0.5495568090249798,560,681,1241,0.0,0.0008333472224537081,0.5490733279613214,8.058017727639034e-05
15,0.012500208336805613,0.5495568090249798,560,681,1241,0.0,0.0008333472224537064,0.5491539081385977,8.058017727639034e-05
16,0.013333555559259322,0.5495568090249798,560,681,1241,0.0,0.0008333472224537081,0.549234488315874,8.058017727639034e-05
17,0.01416690278171303,0.5495568090249798,560,681,1241,0.0,0.0008333472224537081,0.5493150684931504,8.058017727639034e-05
18,0.015000250004166736,0.5495568090249798,560,681,1241,0.0,0.0008333472224537064,0.5493956486704267,8.058017727639034e-05
19,0.015833597226620446,0.5495568090249798,560,681,1241,0.0,0.0008333472224537099,0.5494762288477031,8.058017727639034e-05
20,0.016666944449074152,0.5487510072522159,560,681,1241,-0.0008058017727639033,0.0008333472224537064,0.5494762288477031,0.0
21,0.01750029167152786,0.5487510072522159,560,681,1241,0.0,0.0008333472224537064,0.5493956486704267,-8.058017727639034e-05
22,0.01833363889398157,0.5487510072522159,560,681,1241,0.0,0.0008333472224537099,0.5493150684931504,-8.058017727639034e-05
23,0.019166986116435275,0.5487510072522159,560,681,1241,0.0,0.0008333472224537064,0.549234488315874,-8.058017727639034e-05
24,0.02000033333888898,0.5487510072522159,560,681,1241,0.0,0.0008333472224537064,0.5491539081385977,-8.058017727639034e-05
25,0.02083368056134269,0.5487510072522159,560,681,1241,0.0,0.0008333472224537099,0.5490733279613214,-8.058017727639034e-05
26,0.021667027783796398,0.5487510072522159,560,681,1241,0.0,0.0008333472224537064,0.5489927477840449,-8.058017727639034e-05
27,0.022500375006250104,0.5487510072522159,560,681,1241,0.0,0.0008333472224537064,0.5489121676067686,-8.058017727639034e-05
28,0.023333722228703814,0.5487510072522159,560,681,1241,0.0,0.0008333472224537099,0.5488315874294922,-8.058017727639034e-05
29,0.02416706945115752,0.5487510072522159,560,681,1241,0.0,0.0008333472224537064,0.5487510072522159,-8.058017727639034e-05
30,0.025000416673611227,0.5487510072522159,560,681,1241,0.0,0.0008333472224537064,0.5487510072522159,0.0
31,0.025833763896064937,0.5487510072522159,560,681,1241,0.0,0.0008333472224537099,0.5487510072522159,0.0
32,0.026667111118518643,0.5487510072522159,560,681,1241,0.0,0.0008333472224537064,0.5487510072522159,0.0
33,0.02750045834097235,0.5487510072522159,560,681,1241,0.0,0.0008333472224537064,0.5487510072522159,0.0
34,0.02833380556342606,0.5487510072522159,560,681,1241,0.0,0.0008333472224537099,0.5487510072522159,0.0
35,0.029167152785879766,0.5487510072522159,560,681,1241,0.0,0.0008333472224537064,0.5487510072522159,0.0
36,0.030000500008333472,0.5487510072522159,560,681,1241,0.0,0.0008333472224537064,0.5487510072522159,0.0
37,0.030833847230787182,0.5487510072522159,560,681,1241,0.0,0.0008333472224537099,0.5487510072522159,0.0
38,0.03166719445324089,0.5487510072522159,560,681,1241,0.0,0.0008333472224537099,0.5487510072522159,0.0
39,0.0325005416756946,0.5487510072522159,560,681,1241,0.0,0.0008333472224537064,0.5487510072522159,0.0
40,0.033333888898148305,0.5487510072522159,560,681,1241,0.0,0.0008333472224537064,0.5487510072522159,0.0
41,0.03416723612060201,0.5487510072522159,560,681,1241,0.0,0.0008333472224537064,0.5487510072522159,0.0
42,0.03500058334305572,0.5487510072522159,560,681,1241,0.0,0.0008333472224537064,0.5487510072522159,0.0
43,0.035833930565509424,0.5487510072522159,560,681,1241,0.0,0.0008333472224537064,0.5487510072522159,0.0
44,0.03666727778796314,0.5487510072522159,560,681,1241,0.0,0.0008333472224537133,0.5487510072522159,0.0
45,0.037500625010416844,0.5487510072522159,560,681,1241,0.0,0.0008333472224537064,0.5487510072522159,0.0
46,0.03833397223287055,0.5487510072522159,560,681,1241,0.0,0.0008333472224537064,0.5487510072522159,0.0
47,0.039167319455324257,0.5487510072522159,560,681,1241,0.0,0.0008333472224537064,0.5487510072522159,0.0
48,0.04000066667777796,0.5487510072522159,560,681,1241,0.0,0.0008333472224537064,0.5487510072522159,0.0
49,0.04083401390023167,0.5487510072522159,560,681,1241,0.0,0.0008333472224537064,0.5487510072522159,0.0
50,0.04166736112268538,0.5487510072522159,560,681,1241,0.0,0.0008333472224537133,0.5487510072522159,0.0
51,0.04250070834513909,0.5487510072522159,560,681,1241,0.0,0.0008333472224537064,0.5487510072522159,0.0
52,0.043334055567592795,0.5487510072522159,560,681,1241,0.0,0.0008333472224537064,0.5487510072522159,0.0
53,0.0441674027900465,0.5487510072522159,560,681,1241,0.0,0.0008333472224537064,0.5487510072522159,0.0
54,0.04500075001250021,0.5487510072522159,560,681,1241,0.0,0.0008333472224537064,0.5487510072522159,0.0
55,0.045834097234953915,0.5487510072522159,560,681,1241,0.0,0.0008333472224537064,0.5487510072522159,0.0
56,0.04666744445740763,0.5487510072522159,560,681,1241,0.0,0.0008333472224537133,0.5487510072522159,0.0
57,0.047500791679861334,0.5487510072522159,560,681,1241,0.0,0.0008333472224537064,0.5487510072522159,0.0
58,0.04833413890231504,0.5487510072522159,560,681,1241,0.0,0.0008333472224537064,0.5487510072522159,0.0
59,0.04916748612476875,0.5487510072522159,560,681,1241,0.0,0.0008333472224537064,0.5487510072522159,0.0
60,0.050000833347222454,0.5487510072522159,560,681,1241,0.0,0.0008333472224537064,0.5487510072522159,0.0
61,0.05083418056967616,0.5487510072522159,560,681,1241,0.0,0.0008333472224537064,0.5487510072522159,0.0
62,0.05166752779212987,0.5487510072522159,560,681,1241,0.0,0.0008333472224537133,0.5487510072522159,0.0
63,0.05250087501458358,0.5487510072522159,560,681,1241,0.0,0.0008333472224537064,0.5487510072522159,0.0
64,0.053334222237037286,0.5487510072522159,560,681,1241,0.0,0.0008333472224537064,0.5487510072522159,0.0
65,0.05416756945949099,0.5487510072522159,560,681,1241,0.0,0.0008333472224537064,0.5487510072522159,0.0
66,0.0550009166819447,0.5487510072522159,560,681,1241,0.0,0.0008333472224537064,0.5487510072522159,0.0
67,0.05583426390439841,0.5487510072522159,560,681,1241,0.0,0.0008333472224537133,0.5487510072522159,0.0
68,0.05666761112685212,0.5487510072522159,560,681,1241,0.0,0.0008333472224537064,0.5487510072522159,0.0
69,0.057500958349305825,0.5487510072522159,560,681,1241,0.0,0.0008333472224537064,0.5487510072522159,0.0
70,0.05833430557175953,0.5487510072522159,560,681,1241,0.0,0.0008333472224537064,0.5487510072522159,0.0
71,0.05916765279421324,0.5487510072522159,560,681,1241,0.0,0.0008333472224537064,0.5487510072522159,0.0
72,0.060001000016666944,0.5487510072522159,560,681,1241,0.0,0.0008333472224537064,0.5487510072522159,0.0
73,0.06083434723912066,0.5487510072522159,560,681,1241,0.0,0.0008333472224537133,0.5487510072522159,0.0
74,0.061667694461574364,0.5487510072522159,560,681,1241,0.0,0.0008333472224537064,0.5487510072522159,0.0
75,0.06250104168402806,0.5487510072522159,560,681,1241,0.0,0.0008333472224536995,0.5487510072522159,0.0
76,0.06333438890648178,0.5487510072522159,560,681,1241,0.0,0.0008333472224537203,0.5487510072522159,0.0
77,0.06416773612893549,0.5487510072522159,560,681,1241,0.0,0.0008333472224537064,0.5487510072522159,0.0
78,0.0650010833513892,0.5487510072522159,560,681,1241,0.0,0.0008333472224537064,0.5487510072522159,0.0
79,0.0658344305738429,0.5487510072522159,560,681,1241,0.0,0.0008333472224537064,0.5487510072522159,0.0
80,0.06666777779629661,0.5487510072522159,560,681,1241,0.0,0.0008333472224537064,0.5487510072522159,0.0
81,0.06750112501875032,0.5487510072522159,560,681,1241,0.0,0.0008333472224537064,0.5487510072522159,0.0
82,0.06833447224120402,0.5487510072522159,560,681,1241,0.0,0.0008333472224537064,0.5487510072522159,0.0
83,0.06916781946365773,0.5487510072522159,560,681,1241,0.0,0.0008333472224537064,0.5487510072522159,0.0
84,0.07000116668611144,0.5487510072522159,560,681,1241,0.0,0.0008333472224537064,0.5487510072522159,0.0
85,0.07083451390856514,0.5487510072522159,560,681,1241,0.0,0.0008333472224537064,0.5487510072522159,0.0
86,0.07166786113101885,0.5487510072522159,560,681,1241,0.0,0.0008333472224537064,0.5487510072522159,0.0
87,0.07250120835347255,0.5487510072522159,560,681,1241,0.0,0.0008333472224537064,0.5487510072522159,0.0
88,0.07333455557592627,0.5487510072522159,560,681,1241,0.0,0.0008333472224537203,0.5487510072522159,0.0
89,0.07416790279837998,0.5487510072522159,560,681,1241,0.0,0.0008333472224537064,0.5487510072522159,0.0
90,0.07500125002083369,0.5487510072522159,560,681,1241,0.0,0.0008333472224537064,0.5487510072522159,0.0
91,0.0758345972432874,0.5487510072522159,560,681,1241,0.0,0.0008333472224537064,0.5487510072522159,0.0
92,0.0766679444657411,0.5487510072522159,560,681,1241,0.0,0.0008333472224537064,0.5487510072522159,0.0
93,0.0775012916881948,0.5487510072522159,560,681,1241,0.0,0.0008333472224537064,0.5487510072522159,0.0
94,0.07833463891064851,0.5487510072522159,560,681,1241,0.0,0.0008333472224537064,0.5487510072522159,0.0
95,0.07916798613310222,0.5487510072522159,560,681,1241,0.0,0.0008333472224537064,0.5487510072522159,0.0
96,0.08000133335555593,0.5487510072522159,560,681,1241,0.0,0.0008333472224537064,0.5487510072522159,0.0
97,0.08083468057800963,0.5487510072522159,560,681,1241,0.0,0.0008333472224537064,0.5487510072522159,0.0
98,0.08166802780046334,0.5487510072522159,560,681,1241,0.0,0.0008333472224537064,0.5487510072522159,0.0
99,0.08250137502291706,0.5487510072522159,560,681,1241,0.0,0.0008333472224537203,0.5487510072522159,0.0
100,0.08333472224537077,0.5487510072522159,560,681,1241,0.0,0.0008333472224537064,0.5487510072522159,0.0
101,0.08416806946782447,0.5487510072522159,560,681,1241,0.0,0.0008333472224537064,0.5487510072522159,0.0
102,0.08500141669027818,0.5487510072522159,560,681,1241,0.0,0.0008333472224537064,0.5487510072522159,0.0
103,0.08583476391273188,0.5487510072522159,560,681,1241,0.0,0.0008333472224537064,0.5487510072522159,0.0
104,0.08666811113518559,0.5487510072522159,560,681,1241,0.0,0.0008333472224537064,0.5487510072522159,0.0
105,0.0875014583576393,0.5487510072522159,560,681,1241,0.0,0.0008333472224537064,0.5487510072522159,0.0
106,0.088334805580093,0.5487510072522159,560,681,1241,0.0,0.0008333472224537064,0.5487510072522159,0.0
107,0.08916815280254671,0.5487510072522159,560,681,1241,0.0,0.0008333472224537064,0.5487510072522159,0.0
108,0.09000150002500042,0.5487510072522159,560,681,1241,0.0,0.0008333472224537064,0.5487510072522159,0.0
109,0.09083484724745412,0.5487510072522159,560,681,1241,0.0,0.0008333472224537064,0.5487510072522159,0.0
110,0.09166819446990783,0.5487510072522159,560,681,1241,0.0,0.0008333472224537064,0.5487510072522159,0.0
111,0.09250154169236155,0.5487510072522159,560,681,1241,0.0,0.0008333472224537203,0.5487510072522159,0.0
112,0.09333488891481526,0.5487510072522159,560,681,1241,0.0,0.0008333472224537064,0.5487510072522159,0.0
113,0.09416823613726896,0.5487510072522159,560,681,1241,0.0,0.0008333472224537064,0.5487510072522159,0.0
114,0.09500158335972267,0.5487510072522159,560,681,1241,0.0,0.0008333472224537064,0.5487510072522159,0.0
115,0.09583493058217638,0.5487510072522159,560,681,1241,0.0,0.0008333472224537064,0.5487510072522159,0.0
116,0.09666827780463008,0.5487510072522159,560,681,1241,0.0,0.0008333472224537064,0.5487510072522159,0.0
117,0.09750162502708379,0.5487510072522159,560,681,1241,0.0,0.0008333472224537064,0.5487510072522159,0.0
118,0.0983349722495375,0.5487510072522159,560,681,1241,0.0,0.0008333472224537064,0.5487510072522159,0.0
119,0.0991683194719912,0.5487510072522159,560,681,1241,0.0,0.0008333472224537064,0.5487510072522159,0.0
120,0.10000166669444491,0.5487510072522159,560,681,1241,0.0,0.0008333472224537064,0.5487510072522159,0.0
121,0.10083501391689861,0.5487510072522159,560,681,1241,0.0,0.0008333472224537064,0.5487510072522159,0.0
122,0.10166836113935232,0.5487510072522159,560,681,1241,0.0,0.0008333472224537064,0.5487510072522159,0.0
123,0.10250170836180604,0.5487510072522159,560,681,1241,0.0,0.0008333472224537203,0.5487510072522159,0.0
124,0.10333505558425975,0.5487510072522159,560,681,1241,0.0,0.0008333472224537064,0.5487510072522159,0.0
125,0.10416840280671345,0.5487510072522159,560,681,1241,0.0,0.0008333472224537064,0.5487510072522159,0.0
126,0.10500175002916716,0.5487510072522159,560,681,1241,0.0,0.0008333472224537064,0.5487510072522159,0.0
127,0.10583509725162087,0.5487510072522159,560,681,1241,0.0,0.0008333472224537064,0.5487510072522159,0.0
128,0.10666844447407457,0.5487510072522159,560,681,1241,0.0,0.0008333472224537064,0.5487510072522159,0.0
129,0.10750179169652828,0.5487510072522159,560,681,1241,0.0,0.0008333472224537064,0.5487510072522159,0.0
130,0.10833513891898199,0.5487510072522159,560,681,1241,0.0,0.0008333472224537064,0.5487510072522159,0.0
131,0.10916848614143569,0.5487510072522159,560,681,1241,0.0,0.0008333472224537064,0.5487510072522159,0.0
132,0.1100018333638894,0.5487510072522159,560,681,1241,0.0,0.0008333472224537064,0.5487510072522159,0.0
133,0.1108351805863431,0.5487510072522159,560,681,1241,0.0,0.0008333472224537064,0.5487510072522159,0.0
134,0.11166852780879682,0.5487510072522159,560,681,1241,0.0,0.0008333472224537203,0.5487510072522159,0.0
135,0.11250187503125053,0.5487510072522159,560,681,1241,0.0,0.0008333472224537064,0.5487510072522159,0.0
136,0.11333522225370424,0.5487510072522159,560,681,1241,0.0,0.0008333472224537064,0.5487510072522159,0.0
137,0.11416856947615794,0.5487510072522159,560,681,1241,0.0,0.0008333472224537064,0.5487510072522159,0.0
138,0.11500191669861165,0.5487510072522159,560,681,1241,0.0,0.0008333472224537064,0.5487510072522159,0.0
139,0.11583526392106536,0.5487510072522159,560,681,1241,0.0,0.0008333472224537064,0.5487510072522159,0.0
140,0.11666861114351906,0.5487510072522159,560,681,1241,0.0,0.0008333472224537064,0.5487510072522159,0.0
141,0.11750195836597277,0.5487510072522159,560,681,1241,0.0,0.0008333472224537064,0.5487510072522159,0.0
142,0.11833530558842648,0.5487510072522159,560,681,1241,0.0,0.0008333472224537064,0.5487510072522159,0.0
143,0.11916865281088018,0.5487510072522159,560,681,1241,0.0,0.0008333472224537064,0.5487510072522159,0.0
144,0.12000200003333389,0.5487510072522159,560,681,1241,0.0,0.0008333472224537064,0.5487510072522159,0.0
145,0.1208353472557876,0.5487510072522159,560,681,1241,0.0,0.0008333472224537064,0.5487510072522159,0.0
146,0.12166869447824132,0.5487510072522159,560,681,1241,0.0,0.0008333472224537203,0.5487510072522159,0.0
147,0.12250204170069502,0.5487510072522159,560,681,1241,0.0,0.0008333472224537064,0.5487510072522159,0.0
148,0.12333538892314873,0.5487510072522159,560,681,1241,0.0,0.0008333472224537064,0.5487510072522159,0.0
149,0.12416873614560243,0.5487510072522159,560,681,1241,0.0,0.0008333472224537064,0.5487510072522159,0.0
150,0.12500208336805613,0.5487510072522159,560,681,1241,0.0,0.0008333472224536925,0.5487510072522159,0.0
151,0.12583543059050983,0.5487510072522159,560,681,1241,0.0,0.0008333472224537064,0.5487510072522159,0.0
152,0.12666877781296357,0.5487510072522159,560,681,1241,0.0,0.0008333472224537342,0.5487510072522159,0.0
153,0.12750212503541727,0.5487510072522159,560,681,1241,0.0,0.0008333472224537064,0.5487510072522159,0.0
154,0.12833547225787098,0.5487510072522159,560,681,1241,0.0,0.0008333472224537064,0.5487510072522159,0.0
155,0.1291688194803247,0.5487510072522159,560,681,1241,0.0,0.0008333472224537064,0.5487510072522159,0.0
156,0.1300021667027784,0.5487510072522159,560,681,1241,0.0,0.0008333472224537064,0.5487510072522159,0.0
157,0.1308355139252321,0.5487510072522159,560,681,1241,0.0,0.0008333472224537064,0.5487510072522159,0.0
158,0.1316688611476858,0.5487510072522159,560,681,1241,0.0,0.0008333472224537064,0.5487510072522159,0.0
159,0.1325022083701395,0.5487510072522159,560,681,1241,0.0,0.0008333472224537064,0.5487510072522159,0.0
160,0.13333555559259322,0.5487510072522159,560,681,1241,0.0,0.0008333472224537064,0.5487510072522159,0.0
161,0.13416890281504693,0.5487510072522159,560,681,1241,0.0,0.0008333472224537064,0.5487510072522159,0.0
162,0.13500225003750063,0.5487510072522159,560,681,1241,0.0,0.0008333472224537064,0.5487510072522159,0.0
163,0.13583559725995434,0.5487510072522159,560,681,1241,0.0,0.0008333472224537064,0.5487510072522159,0.0
164,0.13666894448240804,0.5487510072522159,560,681,1241,0.0,0.0008333472224537064,0.5487510072522159,0.0
165,0.13750229170486175,0.5487510072522159,560,681,1241,0.0,0.0008333472224537064,0.5487510072522159,0.0
166,0.13833563892731546,0.5487510072522159,560,681,1241,0.0,0.0008333472224537064,0.5487510072522159,0.0
167,0.13916898614976916,0.5487510072522159,560,681,1241,0.0,0.0008333472224537064,0.5487510072522159,0.0
168,0.14000233337222287,0.5487510072522159,560,681,1241,0.0,0.0008333472224537064,0.5487510072522159,0.0
169,0.14083568059467658,0.5487510072522159,560,681,1241,0.0,0.0008333472224537064,0.5487510072522159,0.0
170,0.14166902781713028,0.5487510072522159,560,681,1241,0.0,0.0008333472224537064,0.5487510072522159,0.0
171,0.142502375039584,0.5487510072522159,560,681,1241,0.0,0.0008333472224537064,0.5487510072522159,0.0
172,0.1433357222620377,0.5487510072522159,560,681,1241,0.0,0.0008333472224537064,0.5487510072522159,0.0
173,0.1441690694844914,0.5487510072522159,560,681,1241,0.0,0.0008333472224537064,0.5487510072522159,0.0
174,0.1450024167069451,0.5487510072522159,560,681,1241,0.0,0.0008333472224537064,0.5487510072522159,0.0
175,0.14583576392939884,0.5487510072522159,560,681,1241,0.0,0.0008333472224537342,0.5487510072522159,0.0
176,0.14666911115185255,0.5487510072522159,560,681,1241,0.0,0.0008333472224537064,0.5487510072522159,0.0
177,0.14750245837430626,0.5487510072522159,560,681,1241,0.0,0.0008333472224537064,0.5487510072522159,0.0
178,0.14833580559675996,0.5487510072522159,560,681,1241,0.0,0.0008333472224537064,0.5487510072522159,0.0
179,0.14916915281921367,0.5487510072522159,560,681,1241,0.0,0.0008333472224537064,0.5487510072522159,0.0
180,0.15000250004166737,0.5487510072522159,560,681,1241,0.0,0.0008333472224537064,0.5487510072522159,0.0
181,0.15083584726412108,0.5487510072522159,560,681,1241,0.0,0.0008333472224537064,0.5487510072522159,0.0
182,0.1516691944865748,0.5487510072522159,560,681,1241,0.0,0.0008333472224537064,0.5487510072522159,0.0
183,0.1525025417090285,0.5487510072522159,560,681,1241,0.0,0.0008333472224537064,0.5487510072522159,0.0
184,0.1533358889314822,0.5487510072522159,560,681,1241,0.0,0.0008333472224537064,0.5487510072522159,0.0
185,0.1541692361539359,0.5487510072522159,560,681,1241,0.0,0.0008333472224537064,0.5487510072522159,0.0
186,0.1550025833763896,0.5487510072522159,560,681,1241,0.0,0.0008333472224537064,0.5487510072522159,0.0
187,0.15583593059884332,0.5487510072522159,560,681,1241,0.0,0.0008333472224537064,0.5487510072522159,0.0
188,0.15666927782129703,0.5487510072522159,560,681,1241,0.0,0.0008333472224537064,0.5487510072522159,0.0
189,0.15750262504375073,0.5487510072522159,560,681,1241,0.0,0.0008333472224537064,0.5487510072522159,0.0
190,0.15833597226620444,0.5487510072522159,560,681,1241,0.0,0.0008333472224537064,0.5487510072522159,0.0
191,0.15916931948865815,0.5487510072522159,560,681,1241,0.0,0.0008333472224537064,0.5487510072522159,0.0
192,0.16000266671111185,0.5487510072522159,560,681,1241,0.0,0.0008333472224537064,0.5487510072522159,0.0
193,0.16083601393356556,0.5487510072522159,560,681,1241,0.0,0.0008333472224537064,0.5487510072522159,0.0
194,0.16166936115601926,0.5487510072522159,560,681,1241,0.0,0.0008333472224537064,0.5487510072522159,0.0
195,0.16250270837847297,0.5487510072522159,560,681,1241,0.0,0.0008333472224537064,0.5487510072522159,0.0
196,0.16333605560092668,0.5487510072522159,560,681,1241,0.0,0.0008333472224537064,0.5487510072522159,0.0
197,0.16416940282338038,0.5487510072522159,560,681,1241,0.0,0.0008333472224537064,0.5487510072522159,0.0
198,0.16500275004583412,0.5487510072522159,560,681,1241,0.0,0.0008333472224537342,0.5487510072522159,0.0
199,0.16583609726828782,0.5487510072522159,560,681,1241,0.0,0.0008333472224537064,0.5487510072522159,0.0
200,0.16666944449074153,0.5487510072522159,560,681,1241,0.0,0.0008333472224537064,0.5487510072522159,0.0
201,0.16750279171319524,0.5487510072522159,560,681,1241,0.0,0.0008333472224537064,0.5487510072522159,0.0
202,0.16833613893564894,0.5487510072522159,560,681,1241,0.0,0.0008333472224537064,0.5487510072522159,0.0
203,0.16916948615810265,0.5487510072522159,560,681,1241,0.0,0.0008333472224537064,0.5487510072522159,0.0
204,0.17000283338055636,0.5487510072522159,560,681,1241,0.0,0.0008333472224537064,0.5487510072522159,0.0
205,0.17083618060301006,0.5487510072522159,560,681,1241,0.0,0.0008333472224537064,0.5487510072522159,0.0
206,0.17166952782546377,0.5487510072522159,560,681,1241,0.0,0.0008333472224537064,0.5487510072522159,0.0
207,0.17250287504791748,0.5487510072522159,560,681,1241,0.0,0.0008333472224537064,0.5487510072522159,0.0
208,0.17333622227037118,0.5487510072522159,560,681,1241,0.0,0.0008333472224537064,0.5487510072522159,0.0
209,0.1741695694928249,0.5487510072522159,560,681,1241,0.0,0.0008333472224537064,0.5487510072522159,0.0
210,0.1750029167152786,0.5487510072522159,560,681,1241,0.0,0.0008333472224537064,0.5487510072522159,0.0
211,0.1758362639377323,0.5487510072522159,560,681,1241,0.0,0.0008333472224537064,0.5487510072522159,0.0
212,0.176669611160186,0.5487510072522159,560,681,1241,0.0,0.0008333472224537064,0.5487510072522159,0.0
213,0.17750295838263971,0.5487510072522159,560,681,1241,0.0,0.0008333472224537064,0.5487510072522159,0.0
214,0.17833630560509342,0.5487510072522159,560,681,1241,0.0,0.0008333472224537064,0.5487510072522159,0.0
215,0.17916965282754713,0.5487510072522159,560,681,1241,0.0,0.0008333472224537064,0.5487510072522159,0.0
216,0.18000300005000083,0.5487510072522159,560,681,1241,0.0,0.0008333472224537064,0.5487510072522159,0.0
217,0.18083634727245454,0.5487510072522159,560,681,1241,0.0,0.0008333472224537064,0.5487510072522159,0.0
218,0.18166969449490825,0.5487510072522159,560,681,1241,0.0,0.0008333472224537064,0.5487510072522159,0.0
219,0.18250304171736195,0.5487510072522159,560,681,1241,0.0,0.0008333472224537064,0.5487510072522159,0.0
220,0.18333638893981566,0.5487510072522159,560,681,1241,0.0,0.0008333472224537064,0.5487510072522159,0.0
221,0.18416973616226937,0.5487510072522159,560,681,1241,0.0,0.0008333472224537064,0.5487510072522159,0.0
222,0.1850030833847231,0.5487510072522159,560,681,1241,0.0,0.0008333472224537342,0.5487510072522159,0.0
223,0.1858364306071768,0.5487510072522159,560,681,1241,0.0,0.0008333472224537064,0.5487510072522159,0.0
224,0.1866697778296305,0.5487510072522159,560,681,1241,0.0,0.0008333472224537064,0.5487510072522159,0.0
225,0.18750312505208422,0.5487510072522159,560,681,1241,0.0,0.0008333472224537064,0.5487510072522159,0.0
226,0.18833647227453792,0.5487510072522159,560,681,1241,0.0,0.0008333472224537064,0.5487510072522159,0.0
227,0.18916981949699163,0.5487510072522159,560,681,1241,0.0,0.0008333472224537064,0.5487510072522159,0.0
228,0.19000316671944534,0.5487510072522159,560,681,1241,0.0,0.0008333472224537064,0.5487510072522159,0.0
229,0.19083651394189904,0.5487510072522159,560,681,1241,0.0,0.0008333472224537064,0.5487510072522159,0.0
230,0.19166986116435275,0.5487510072522159,560,681,1241,0.0,0.0008333472224537064,0.5487510072522159,0.0
231,0.19250320838680646,0.5487510072522159,560,681,1241,0.0,0.0008333472224537064,0.5487510072522159,0.0
232,0.19333655560926016,0.5487510072522159,560,681,1241,0.0,0.0008333472224537064,0.5487510072522159,0.0
233,0.19416990283171387,0.5487510072522159,560,681,1241,0.0,0.0008333472224537064,0.5487510072522159,0.0
234,0.19500325005416758,0.5487510072522159,560,681,1241,0.0,0.0008333472224537064,0.5487510072522159,0.0
235,0.19583659727662128,0.5487510072522159,560,681,1241,0.0,0.0008333472224537064,0.5487510072522159,0.0
236,0.196669944499075,0.5487510072522159,560,681,1241,0.0,0.0008333472224537064,0.5487510072522159,0.0
237,0.1975032917215287,0.5487510072522159,560,681,1241,0.0,0.0008333472224537064,0.5487510072522159,0.0
238,0.1983366389439824,0.5487510072522159,560,681,1241,0.0,0.0008333472224537064,0.5487510072522159,0.0
239,0.1991699861664361,0.5487510072522159,560,681,1241,0.0,0.0008333472224537064,0.5487510072522159,0.0
240,0.20000333338888981,0.5487510072522159,560,681,1241,0.0,0.0008333472224537064,0.5487510072522159,0.0
241,0.20083668061134352,0.5487510072522159,560,681,1241,0.0,0.0008333472224537064,0.5487510072522159,0.0
242,0.20167002783379723,0.5487510072522159,560,681,1241,0.0,0.0008333472224537064,0.5487510072522159,0.0
243,0.20250337505625093,0.5487510072522159,560,681,1241,0.0,0.0008333472224537064,0.5487510072522159,0.0
244,0.20333672227870464,0.5487510072522159,560,681,1241,0.0,0.0008333472224537064,0.5487510072522159,0.0
245,0.20417006950115837,0.5487510072522159,560,681,1241,0.0,0.0008333472224537342,0.5487510072522159,0.0
246,0.20500341672361208,0.5487510072522159,560,681,1241,0.0,0.0008333472224537064,0.5487510072522159,0.0
247,0.2058367639460658,0.5487510072522159,560,681,1241,0.0,0.0008333472224537064,0.5487510072522159,0.0
248,0.2066701111685195,0.5495568090249798,560,681,1241,0.0008058017727639033,0.0008333472224537064,0.5488315874294922,8.058017727639034e-05
249,0.2075034583909732,0.5495568090249798,560,681,1241,0.0,0.0008333472224537064,0.5489121676067686,8.058017727639034e-05
250,0.2083368056134269,0.5495568090249798,560,681,1241,0.0,0.0008333472224537064,0.5489927477840449,8.058017727639034e-05
251,0.2091701528358806,0.5495568090249798,560,681,1241,0.0,0.0008333472224537064,0.5490733279613214,8.058017727639034e-05
252,0.21000350005833432,0.5495568090249798,560,681,1241,0.0,0.0008333472224537064,0.5491539081385977,8.058017727639034e-05
253,0.21083684728078803,0.5495568090249798,560,681,1241,0.0,0.0008333472224537064,0.549234488315874,8.058017727639034e-05
254,0.21167019450324173,0.5495568090249798,560,681,1241,0.0,0.0008333472224537064,0.5493150684931504,8.058017727639034e-05
255,0.21250354172569544,0.5495568090249798,560,681,1241,0.0,0.0008333472224537064,0.5493956486704267,8.058017727639034e-05
256,0.21333688894814914,0.5495568090249798,560,681,1241,0.0,0.0008333472224537064,0.5494762288477031,8.058017727639034e-05
257,0.21417023617060285,0.5495568090249798,560,681,1241,0.0,0.0008333472224537064,0.5495568090249794,8.058017727639034e-05
258,0.21500358339305656,0.5495568090249798,560,681,1241,0.0,0.0008333472224537064,0.5495568090249794,0.0
259,0.21583693061551026,0.5495568090249798,560,681,1241,0.0,0.0008333472224537064,0.5495568090249794,0.0
260,0.21667027783796397,0.5495568090249798,560,681,1241,0.0,0.0008333472224537064,0.5495568090249794,0.0
261,0.21750362506041768,0.5495568090249798,560,681,1241,0.0,0.0008333472224537064,0.5495568090249794,0.0
262,0.21833697228287138,0.5495568090249798,560,681,1241,0.0,0.0008333472224537064,0.5495568090249794,0.0
263,0.2191703195053251,0.5495568090249798,560,681,1241,0.0,0.0008333472224537064,0.5495568090249794,0.0
264,0.2200036667277788,0.5495568090249798,560,681,1241,0.0,0.0008333472224537064,0.5495568090249794,0.0
265,0.2208370139502325,0.5495568090249798,560,681,1241,0.0,0.0008333472224537064,0.5495568090249794,0.0
266,0.2216703611726862,0.5495568090249798,560,681,1241,0.0,0.0008333472224537064,0.5495568090249794,0.0
267,0.22250370839513992,0.5495568090249798,560,681,1241,0.0,0.0008333472224537064,0.5495568090249794,0.0
268,0.22333705561759365,0.5495568090249798,560,681,1241,0.0,0.0008333472224537342,0.5495568090249794,0.0
269,0.22417040284004736,0.5495568090249798,560,681,1241,0.0,0.0008333472224537064,0.5495568090249794,0.0
270,0.22500375006250106,0.5495568090249798,560,681,1241,0.0,0.0008333472224537064,0.5495568090249794,0.0
271,0.22583709728495477,0.5495568090249798,560,681,1241,0.0,0.0008333472224537064,0.5495568090249794,0.0
272,0.22667044450740848,0.5495568090249798,560,681,1241,0.0,0.0008333472224537064,0.5495568090249794,0.0
273,0.22750379172986218,0.5495568090249798,560,681,1241,0.0,0.0008333472224537064,0.5495568090249794,0.0
274,0.2283371389523159,0.5495568090249798,560,681,1241,0.0,0.0008333472224537064,0.5495568090249794,0.0
275,0.2291704861747696,0.5495568090249798,560,681,1241,0.0,0.0008333472224537064,0.5495568090249794,0.0
276,0.2300038333972233,0.5495568090249798,560,681,1241,0.0,0.0008333472224537064,0.5495568090249794,0.0
277,0.230837180619677,0.5495568090249798,560,681,1241,0.0,0.0008333472224537064,0.5495568090249794,0.0
278,0.2316705278421307,0.5495568090249798,560,681,1241,0.0,0.0008333472224537064,0.5495568090249794,0.0
279,0.23250387506458442,0.5495568090249798,560,681,1241,0.0,0.0008333472224537064,0.5495568090249794,0.0
280,0.23333722228703813,0.5495568090249798,560,681,1241,0.0,0.0008333472224537064,0.5495568090249794,0.0
281,0.23417056950949183,0.5495568090249798,560,681,1241,0.0,0.0008333472224537064,0.5495568090249794,0.0
282,0.23500391673194554,0.5495568090249798,560,681,1241,0.0,0.0008333472224537064,0.5495568090249794,0.0
283,0.23583726395439925,0.5495568090249798,560,681,1241,0.0,0.0008333472224537064,0.5495568090249794,0.0
284,0.23667061117685295,0.5495568090249798,560,681,1241,0.0,0.0008333472224537064,0.5495568090249794,0.0
285,0.23750395839930666,0.5495568090249798,560,681,1241,0.0,0.0008333472224537064,0.5495568090249794,0.0
286,0.23833730562176036,0.5495568090249798,560,681,1241,0.0,0.0008333472224537064,0.5495568090249794,0.0
287,0.23917065284421407,0.5495568090249798,560,681,1241,0.0,0.0008333472224537064,0.5495568090249794,0.0
288,0.24000400006666778,0.5495568090249798,560,681,1241,0.0,0.0008333472224537064,0.5495568090249794,0.0
289,0.24083734728912148,0.5495568090249798,560,681,1241,0.0,0.0008333472224537064,0.5495568090249794,0.0
290,0.2416706945115752,0.5495568090249798,560,681,1241,0.0,0.0008333472224537064,0.5495568090249794,0.0
291,0.24250404173402892,0.5495568090249798,560,681,1241,0.0,0.0008333472224537342,0.5495568090249794,0.0
292,0.24333738895648263,0.5495568090249798,560,681,1241,0.0,0.0008333472224537064,0.5495568090249794,0.0
293,0.24417073617893634,0.5495568090249798,560,681,1241,0.0,0.0008333472224537064,0.5495568090249794,0.0
294,0.24500408340139004,0.5495568090249798,560,681,1241,0.0,0.0008333472224537064,0.5495568090249794,0.0
295,0.24583743062384375,0.5495568090249798,560,681,1241,0.0,0.0008333472224537064,0.5495568090249794,0.0
296,0.24667077784629746,0.5495568090249798,560,681,1241,0.0,0.0008333472224537064,0.5495568090249794,0.0
297,0.24750412506875116,0.5495568090249798,560,681,1241,0.0,0.0008333472224537064,0.5495568090249794,0.0
298,0.24833747229120487,0.5495568090249798,560,681,1241,0.0,0.0008333472224537064,0.5495568090249794,0.0
299,0.24917081951365858,0.5495568090249798,560,681,1241,0.0,0.0008333472224537064,0.5495568090249794,0.0
300,0.25000416673611225,0.5495568090249798,560,681,1241,0.0,0.0008333472224536786,0.5495568090249794,0.0
301,0.25083751395856596,0.5495568090249798,560,681,1241,0.0,0.0008333472224537064,0.5495568090249794,0.0
302,0.25167086118101967,0.5495568090249798,560,681,1241,0.0,0.0008333472224537064,0.5495568090249794,0.0
303,0.25250420840347343,0.5487510072522159,560,681,1241,-0.0008058017727639033,0.0008333472224537619,0.5494762288477031,-8.058017727639034e-05
304,0.25333755562592714,0.5487510072522159,560,681,1241,0.0,0.0008333472224537064,0.5493956486704267,-8.058017727639034e-05
305,0.25417090284838084,0.5487510072522159,560,681,1241,0.0,0.0008333472224537064,0.5493150684931504,-8.058017727639034e-05
306,0.25500425007083455,0.5487510072522159,560,681,1241,0.0,0.0008333472224537064,0.549234488315874,-8.058017727639034e-05
307,0.25583759729328825,0.5487510072522159,560,681,1241,0.0,0.0008333472224537064,0.5491539081385977,-8.058017727639034e-05
308,0.25667094451574196,0.5487510072522159,560,681,1241,0.0,0.0008333472224537064,0.5490733279613214,-8.058017727639034e-05
309,0.25750429173819567,0.5487510072522159,560,681,1241,0.0,0.0008333472224537064,0.5489927477840449,-8.058017727639034e-05
310,0.2583376389606494,0.5487510072522159,560,681,1241,0.0,0.0008333472224537064,0.5489121676067686,-8.058017727639034e-05
311,0.2591709861831031,0.5487510072522159,560,681,1241,0.0,0.0008333472224537064,0.5488315874294922,-8.058017727639034e-05
312,0.2600043334055568,0.5487510072522159,560,681,1241,0.0,0.0008333472224537064,0.5487510072522159,-8.058017727639034e-05
313,0.2608376806280105,0.5487510072522159,560,681,1241,0.0,0.0008333472224537064,0.5487510072522159,0.0
314,0.2616710278504642,0.5487510072522159,560,681,1241,0.0,0.0008333472224537064,0.5487510072522159,0.0
315,0.2625043750729179,0.5487510072522159,560,681,1241,0.0,0.0008333472224537064,0.5487510072522159,0.0
316,0.2633377222953716,0.5487510072522159,560,681,1241,0.0,0.0008333472224537064,0.5487510072522159,0.0
317,0.2641710695178253,0.5487510072522159,560,681,1241,0.0,0.0008333472224537064,0.5487510072522159,0.0
318,0.265004416740279,0.5487510072522159,560,681,1241,0.0,0.0008333472224537064,0.5487510072522159,0.0
319,0.26583776396273273,0.5487510072522159,560,681,1241,0.0,0.0008333472224537064,0.5487510072522159,0.0
320,0.26667111118518644,0.5487510072522159,560,681,1241,0.0,0.0008333472224537064,0.5487510072522159,0.0
321,0.26750445840764014,0.5487510072522159,560,681,1241,0.0,0.0008333472224537064,0.5487510072522159,0.0
322,0.26833780563009385,0.5487510072522159,560,681,1241,0.0,0.0008333472224537064,0.5487510072522159,0.0
323,0.26917115285254756,0.5487510072522159,560,681,1241,0.0,0.0008333472224537064,0.5487510072522159,0.0
324,0.27000450007500126,0.5487510072522159,560,681,1241,0.0,0.0008333472224537064,0.5487510072522159,0.0
325,0.27083784729745497,0.5487510072522159,560,681,1241,0.0,0.0008333472224537064,0.5487510072522159,0.0
326,0.2716711945199087,0.5487510072522159,560,681,1241,0.0,0.0008333472224537064,0.5487510072522159,0.0
327,0.2725045417423624,0.5487510072522159,560,681,1241,0.0,0.0008333472224537064,0.5487510072522159,0.0
328,0.2733378889648161,0.5487510072522159,560,681,1241,0.0,0.0008333472224537064,0.5487510072522159,0.0
329,0.2741712361872698,0.5487510072522159,560,681,1241,0.0,0.0008333472224537064,0.5487510072522159,0.0
330,0.2750045834097235,0.5487510072522159,560,681,1241,0.0,0.0008333472224537064,0.5487510072522159,0.0
331,0.2758379306321772,0.5487510072522159,560,681,1241,0.0,0.0008333472224537064,0.5487510072522159,0.0
332,0.2766712778546309,0.5487510072522159,560,681,1241,0.0,0.0008333472224537064,0.5487510072522159,0.0
333,0.2775046250770846,0.5487510072522159,560,681,1241,0.0,0.0008333472224537064,0.5487510072522159,0.0
334,0.2783379722995383,0.5487510072522159,560,681,1241,0.0,0.0008333472224537064,0.5487510072522159,0.0
335,0.27917131952199203,0.5487510072522159,560,681,1241,0.0,0.0008333472224537064,0.5487510072522159,0.0
336,0.28000466674444574,0.5487510072522159,560,681,1241,0.0,0.0008333472224537064,0.5487510072522159,0.0
337,0.28083801396689945,0.5487510072522159,560,681,1241,0.0,0.0008333472224537064,0.5487510072522159,0.0
338,0.28167136118935315,0.5487510072522159,560,681,1241,0.0,0.0008333472224537064,0.5487510072522159,0.0
339,0.28250470841180686,0.5487510072522159,560,681,1241,0.0,0.0008333472224537064,0.5487510072522159,0.0
340,0.28333805563426057,0.5487510072522159,560,681,1241,0.0,0.0008333472224537064,0.5487510072522159,0.0
341,0.2841714028567143,0.5487510072522159,560,681,1241,0.0,0.0008333472224537064,0.5487510072522159,0.0
342,0.285004750079168,0.5487510072522159,560,681,1241,0.0,0.0008333472224537064,0.5487510072522159,0.0
343,0.2858380973016217,0.5487510072522159,560,681,1241,0.0,0.0008333472224537064,0.5487510072522159,0.0
344,0.2866714445240754,0.5487510072522159,560,681,1241,0.0,0.0008333472224537064,0.5487510072522159,0.0
345,0.2875047917465291,0.5487510072522159,560,681,1241,0.0,0.0008333472224537064,0.5487510072522159,0.0
346,0.2883381389689828,0.5487510072522159,560,681,1241,0.0,0.0008333472224537064,0.5487510072522159,0.0
347,0.2891714861914365,0.5487510072522159,560,681,1241,0.0,0.0008333472224537064,0.5487510072522159,0.0
348,0.2900048334138902,0.5487510072522159,560,681,1241,0.0,0.0008333472224537064,0.5487510072522159,0.0
349,0.2908381806363439,0.5487510072522159,560,681,1241,0.0,0.0008333472224537064,0.5487510072522159,0.0
350,0.2916715278587977,0.5487510072522159,560,681,1241,0.0,0.0008333472224537619,0.5487510072522159,0.0
351,0.2925048750812514,0.5487510072522159,560,681,1241,0.0,0.0008333472224537064,0.5487510072522159,0.0
352,0.2933382223037051,0.5487510072522159,560,681,1241,0.0,0.0008333472224537064,0.5487510072522159,0.0
353,0.2941715695261588,0.5487510072522159,560,681,1241,0.0,0.0008333472224537064,0.5487510072522159,0.0
354,0.2950049167486125,0.5487510072522159,560,681,1241,0.0,0.0008333472224537064,0.5487510072522159,0.0
355,0.2958382639710662,0.5487510072522159,560,681,1241,0.0,0.0008333472224537064,0.5487510072522159,0.0
356,0.2966716111935199,0.5487510072522159,560,681,1241,0.0,0.0008333472224537064,0.5487510072522159,0.0
357,0.29750495841597363,0.5487510072522159,560,681,1241,0.0,0.0008333472224537064,0.5487510072522159,0.0
358,0.29833830563842734,0.5487510072522159,560,681,1241,0.0,0.0008333472224537064,0.5487510072522159,0.0
359,0.29917165286088104,0.5487510072522159,560,681,1241,0.0,0.0008333472224537064,0.5487510072522159,0.0
360,0.30000500008333475,0.5487510072522159,560,681,1241,0.0,0.0008333472224537064,0.5487510072522159,0.0
361,0.30083834730578846,0.5487510072522159,560,681,1241,0.0,0.0008333472224537064,0.5487510072522159,0.0
362,0.30167169452824216,0.5487510072522159,560,681,1241,0.0,0.0008333472224537064,0.5487510072522159,0.0
363,0.30250504175069587,0.5487510072522159,560,681,1241,0.0,0.0008333472224537064,0.5487510072522159,0.0
364,0.3033383889731496,0.5487510072522159,560,681,1241,0.0,0.0008333472224537064,0.5487510072522159,0.0
365,0.3041717361956033,0.5487510072522159,560,681,1241,0.0,0.0008333472224537064,0.5487510072522159,0.0
366,0.305005083418057,0.5487510072522159,560,681,1241,0.0,0.0008333472224537064,0.5487510072522159,0.0
367,0.3058384306405107,0.5487510072522159,560,681,1241,0.0,0.0008333472224537064,0.5487510072522159,0.0
368,0.3066717778629644,0.5487510072522159,560,681,1241,0.0,0.0008333472224537064,0.5487510072522159,0.0
369,0.3075051250854181,0.5487510072522159,560,681,1241,0.0,0.0008333472224537064,0.5487510072522159,0.0
370,0.3083384723078718,0.5487510072522159,560,681,1241,0.0,0.0008333472224537064,0.5487510072522159,0.0
371,0.3091718195303255,0.5487510072522159,560,681,1241,0.0,0.0008333472224537064,0.5487510072522159,0.0
372,0.3100051667527792,0.5487510072522159,560,681,1241,0.0,0.0008333472224537064,0.5487510072522159,0.0
373,0.31083851397523293,0.5487510072522159,560,681,1241,0.0,0.0008333472224537064,0.5487510072522159,0.0
374,0.31167186119768664,0.5487510072522159,560,681,1241,0.0,0.0008333472224537064,0.5487510072522159,0.0
375,0.31250520842014035,0.5487510072522159,560,681,1241,0.0,0.0008333472224537064,0.5487510072522159,0.0
376,0.31333855564259405,0.5487510072522159,560,681,1241,0.0,0.0008333472224537064,0.5487510072522159,0.0
377,0.31417190286504776,0.5487510072522159,560,681,1241,0.0,0.0008333472224537064,0.5487510072522159,0.0
378,0.31500525008750146,0.5487510072522159,560,681,1241,0.0,0.0008333472224537064,0.5487510072522159,0.0
379,0.31583859730995517,0.5487510072522159,560,681,1241,0.0,0.0008333472224537064,0.5487510072522159,0.0
380,0.3166719445324089,0.5487510072522159,560,681,1241,0.0,0.0008333472224537064,0.5487510072522159,0.0
381,0.3175052917548626,0.5487510072522159,560,681,1241,0.0,0.0008333472224537064,0.5487510072522159,0.0
382,0.3183386389773163,0.5487510072522159,560,681,1241,0.0,0.0008333472224537064,0.5487510072522159,0.0
383,0.31917198619977,0.5487510072522159,560,681,1241,0.0,0.0008333472224537064,0.5487510072522159,0.0
384,0.3200053334222237,0.5487510072522159,560,681,1241,0.0,0.0008333472224537064,0.5487510072522159,0.0
385,0.3208386806446774,0.5487510072522159,560,681,1241,0.0,0.0008333472224537064,0.5487510072522159,0.0
386,0.3216720278671311,0.5487510072522159,560,681,1241,0.0,0.0008333472224537064,0.5487510072522159,0.0
387,0.3225053750895848,0.5487510072522159,560,681,1241,0.0,0.0008333472224537064,0.5487510072522159,0.0
388,0.32333872231203853,0.5487510072522159,560,681,1241,0.0,0.0008333472224537064,0.5487510072522159,0.0
389,0.32417206953449224,0.5487510072522159,560,681,1241,0.0,0.0008333472224537064,0.5487510072522159,0.0
390,0.32500541675694594,0.5487510072522159,560,681,1241,0.0,0.0008333472224537064,0.5487510072522159,0.0
391,0.32583876397939965,0.5487510072522159,560,681,1241,0.0,0.0008333472224537064,0.5487510072522159,0.0
392,0.32667211120185335,0.5487510072522159,560,681,1241,0.0,0.0008333472224537064,0.5487510072522159,0.0
393,0.32750545842430706,0.5487510072522159,560,681,1241,0.0,0.0008333472224537064,0.5487510072522159,0.0
394,0.32833880564676077,0.5487510072522159,560,681,1241,0.0,0.0008333472224537064,0.5487510072522159,0.0
395,0.3291721528692145,0.5487510072522159,560,681,1241,0.0,0.0008333472224537064,0.5487510072522159,0.0
396,0.33000550009166824,0.5487510072522159,560,681,1241,0.0,0.0008333472224537619,0.5487510072522159,0.0
397,0.33083884731412194,0.5487510072522159,560,681,1241,0.0,0.0008333472224537064,0.5487510072522159,0.0
398,0.33167219453657565,0.5487510072522159,560,681,1241,0.0,0.0008333472224537064,0.5487510072522159,0.0
399,0.33250554175902935,0.5487510072522159,560,681,1241,0.0,0.0008333472224537064,0.5487510072522159,0.0
400,0.33333888898148306,0.5487510072522159,560,681,1241,0.0,0.0008333472224537064,0.5487510072522159,0.0
401,0.33417223620393677,0.5487510072522159,560,681,1241,0.0,0.0008333472224537064,0.5487510072522159,0.0
402,0.3350055834263905,0.5487510072522159,560,681,1241,0.0,0.0008333472224537064,0.5487510072522159,0.0
403,0.3358389306488442,0.5487510072522159,560,681,1241,0.0,0.0008333472224537064,0.5487510072522159,0.0
404,0.3366722778712979,0.5487510072522159,560,681,1241,0.0,0.0008333472224537064,0.5487510072522159,0.0
405,0.3375056250937516,0.5487510072522159,560,681,1241,0.0,0.0008333472224537064,0.5487510072522159,0.0
406,0.3383389723162053,0.5487510072522159,560,681,1241,0.0,0.0008333472224537064,0.5487510072522159,0.0
407,0.339172319538659,0.5487510072522159,560,681,1241,0.0,0.0008333472224537064,0.5487510072522159,0.0
408,0.3400056667611127,0.5487510072522159,560,681,1241,0.0,0.0008333472224537064,0.5487510072522159,0.0
409,0.3408390139835664,0.5487510072522159,560,681,1241,0.0,0.0008333472224537064,0.5487510072522159,0.0
410,0.3416723612060201,0.5487510072522159,560,681,1241,0.0,0.0008333472224537064,0.5487510072522159,0.0
411,0.34250570842847383,0.5487510072522159,560,681,1241,0.0,0.0008333472224537064,0.5487510072522159,0.0
412,0.34333905565092754,0.5487510072522159,560,681,1241,0.0,0.0008333472224537064,0.5487510072522159,0.0
413,0.34417240287338124,0.5487510072522159,560,681,1241,0.0,0.0008333472224537064,0.5487510072522159,0.0
414,0.34500575009583495,0.5487510072522159,560,681,1241,0.0,0.0008333472224537064,0.5487510072522159,0.0
415,0.34583909731828866,0.5487510072522159,560,681,1241,0.0,0.0008333472224537064,0.5487510072522159,0.0
416,0.34667244454074236,0.5487510072522159,560,681,1241,0.0,0.0008333472224537064,0.5487510072522159,0.0
417,0.34750579176319607,0.5487510072522159,560,681,1241,0.0,0.0008333472224537064,0.5487510072522159,0.0
418,0.3483391389856498,0.5487510072522159,560,681,1241,0.0,0.0008333472224537064,0.5487510072522159,0.0
419,0.3491724862081035,0.5487510072522159,560,681,1241,0.0,0.0008333472224537064,0.5487510072522159,0.0
420,0.3500058334305572,0.5487510072522159,560,681,1241,0.0,0.0008333472224537064,0.5487510072522159,0.0
421,0.3508391806530109,0.5487510072522159,560,681,1241,0.0,0.0008333472224537064,0.5487510072522159,0.0
422,0.3516725278754646,0.5487510072522159,560,681,1241,0.0,0.0008333472224537064,0.5487510072522159,0.0
423,0.3525058750979183,0.5487510072522159,560,681,1241,0.0,0.0008333472224537064,0.5487510072522159,0.0
424,0.353339222320372,0.5487510072522159,560,681,1241,0.0,0.0008333472224537064,0.5487510072522159,0.0
425,0.3541725695428257,0.5487510072522159,560,681,1241,0.0,0.0008333472224537064,0.5487510072522159,0.0
426,0.35500591676527943,0.5487510072522159,560,681,1241,0.0,0.0008333472224537064,0.5487510072522159,0.0
427,0.35583926398773313,0.5487510072522159,560,681,1241,0.0,0.0008333472224537064,0.5487510072522159,0.0
428,0.35667261121018684,0.5487510072522159,560,681,1241,0.0,0.0008333472224537064,0.5487510072522159,0.0
429,0.35750595843264055,0.5487510072522159,560,681,1241,0.0,0.0008333472224537064,0.5487510072522159,0.0
430,0.35833930565509425,0.5487510072522159,560,681,1241,0.0,0.0008333472224537064,0.5487510072522159,0.0
431,0.35917265287754796,0.5487510072522159,560,681,1241,0.0,0.0008333472224537064,0.5487510072522159,0.0
432,0.36000600010000167,0.5487510072522159,560,681,1241,0.0,0.0008333472224537064,0.5487510072522159,0.0
433,0.3608393473224554,0.5487510072522159,560,681,1241,0.0,0.0008333472224537064,0.5487510072522159,0.0
434,0.3616726945449091,0.5487510072522159,560,681,1241,0.0,0.0008333472224537064,0.5487510072522159,0.0
435,0.3625060417673628,0.5487510072522159,560,681,1241,0.0,0.0008333472224537064,0.5487510072522159,0.0
436,0.3633393889898165,0.5487510072522159,560,681,1241,0.0,0.0008333472224537064,0.5487510072522159,0.0
437,0.3641727362122702,0.5487510072522159,560,681,1241,0.0,0.0008333472224537064,0.5487510072522159,0.0
438,0.3650060834347239,0.5487510072522159,560,681,1241,0.0,0.0008333472224537064,0.5487510072522159,0.0
439,0.3658394306571776,0.5487510072522159,560,681,1241,0.0,0.0008333472224537064,0.5487510072522159,0.0
440,0.3666727778796313,0.5487510072522159,560,681,1241,0.0,0.0008333472224537064,0.5487510072522159,0.0
441,0.367506125102085,0.5487510072522159,560,681,1241,0.0,0.0008333472224537064,0.5487510072522159,0.0
442,0.36833947232453873,0.5487510072522159,560,681,1241,0.0,0.0008333472224537064,0.5487510072522159,0.0
443,0.3691728195469925,0.5487510072522159,560,681,1241,0.0,0.0008333472224537619,0.5487510072522159,0.0
444,0.3700061667694462,0.5487510072522159,560,681,1241,0.0,0.0008333472224537064,0.5487510072522159,0.0
445,0.3708395139918999,0.5487510072522159,560,681,1241,0.0,0.0008333472224537064,0.5487510072522159,0.0
446,0.3716728612143536,0.5487510072522159,560,681,1241,0.0,0.0008333472224537064,0.5487510072522159,0.0
447,0.3725062084368073,0.5487510072522159,560,681,1241,0.0,0.0008333472224537064,0.5487510072522159,0.0
448,0.373339555659261,0.5487510072522159,560,681,1241,0.0,0.0008333472224537064,0.5487510072522159,0.0
449,0.37417290288171473,0.5487510072522159,560,681,1241,0.0,0.0008333472224537064,0.5487510072522159,0.0
450,0.37500625010416844,0.5487510072522159,560,681,1241,0.0,0.0008333472224537064,0.5487510072522159,0.0
451,0.37583959732662214,0.5487510072522159,560,681,1241,0.0,0.0008333472224537064,0.5487510072522159,0.0
452,0.37667294454907585,0.5487510072522159,560,681,1241,0.0,0.0008333472224537064,0.5487510072522159,0.0
453,0.37750629177152956,0.5487510072522159,560,681,1241,0.0,0.0008333472224537064,0.5487510072522159,0.0
454,0.37833963899398326,0.5487510072522159,560,681,1241,0.0,0.0008333472224537064,0.5487510072522159,0.0
455,0.37917298621643697,0.5487510072522159,560,681,1241,0.0,0.0008333472224537064,0.5487510072522159,0.0
456,0.3800063334388907,0.5487510072522159,560,681,1241,0.0,0.0008333472224537064,0.5487510072522159,0.0
457,0.3808396806613444,0.5487510072522159,560,681,1241,0.0,0.0008333472224537064,0.5487510072522159,0.0
458,0.3816730278837981,0.5487510072522159,560,681,1241,0.0,0.0008333472224537064,0.5487510072522159,0.0
459,0.3825063751062518,0.5487510072522159,560,681,1241,0.0,0.0008333472224537064,0.5487510072522159,0.0
460,0.3833397223287055,0.5487510072522159,560,681,1241,0.0,0.0008333472224537064,0.5487510072522159,0.0
461,0.3841730695511592,0.5487510072522159,560,681,1241,0.0,0.0008333472224537064,0.5487510072522159,0.0
462,0.3850064167736129,0.5487510072522159,560,681,1241,0.0,0.0008333472224537064,0.5487510072522159,0.0
463,0.3858397639960666,0.5487510072522159,560,681,1241,0.0,0.0008333472224537064,0.5487510072522159,0.0
464,0.3866731112185203,0.5487510072522159,560,681,1241,0.0,0.0008333472224537064,0.5487510072522159,0.0
465,0.38750645844097403,0.5487510072522159,560,681,1241,0.0,0.0008333472224537064,0.5487510072522159,0.0
466,0.38833980566342774,0.5487510072522159,560,681,1241,0.0,0.0008333472224537064,0.5487510072522159,0.0
467,0.38917315288588145,0.5487510072522159,560,681,1241,0.0,0.0008333472224537064,0.5487510072522159,0.0
468,0.39000650010833515,0.5487510072522159,560,681,1241,0.0,0.0008333472224537064,0.5487510072522159,0.0
469,0.39083984733078886,0.5487510072522159,560,681,1241,0.0,0.0008333472224537064,0.5487510072522159,0.0
470,0.39167319455324257,0.5487510072522159,560,681,1241,0.0,0.0008333472224537064,0.5487510072522159,0.0
471,0.39250654177569627,0.5487510072522159,560,681,1241,0.0,0.0008333472224537064,0.5487510072522159,0.0
472,0.39333988899815,0.5487510072522159,560,681,1241,0.0,0.0008333472224537064,0.5487510072522159,0.0
473,0.3941732362206037,0.5487510072522159,560,681,1241,0.0,0.0008333472224537064,0.5487510072522159,0.0
474,0.3950065834430574,0.5487510072522159,560,681,1241,0.0,0.0008333472224537064,0.5487510072522159,0.0
475,0.3958399306655111,0.5487510072522159,560,681,1241,0.0,0.0008333472224537064,0.5487510072522159,0.0
476,0.3966732778879648,0.5487510072522159,560,681,1241,0.0,0.0008333472224537064,0.5487510072522159,0.0
477,0.3975066251104185,0.5487510072522159,560,681,1241,0.0,0.0008333472224537064,0.5487510072522159,0.0
478,0.3983399723328722,0.5487510072522159,560,681,1241,0.0,0.0008333472224537064,0.5487510072522159,0.0
479,0.3991733195553259,0.5487510072522159,560,681,1241,0.0,0.0008333472224537064,0.5487510072522159,0.0
480,0.40000666677777963,0.5487510072522159,560,681,1241,0.0,0.0008333472224537064,0.5487510072522159,0.0
481,0.40084001400023334,0.5487510072522159,560,681,1241,0.0,0.0008333472224537064,0.5487510072522159,0.0
482,0.40167336122268704,0.5487510072522159,560,681,1241,0.0,0.0008333472224537064,0.5487510072522159,0.0
483,0.40250670844514075,0.5487510072522159,560,681,1241,0.0,0.0008333472224537064,0.5487510072522159,0.0
484,0.40334005566759445,0.5487510072522159,560,681,1241,0.0,0.0008333472224537064,0.5487510072522159,0.0
485,0.40417340289004816,0.5487510072522159,560,681,1241,0.0,0.0008333472224537064,0.5487510072522159,0.0
486,0.40500675011250187,0.5487510072522159,560,681,1241,0.0,0.0008333472224537064,0.5487510072522159,0.0
487,0.4058400973349556,0.5487510072522159,560,681,1241,0.0,0.0008333472224537064,0.5487510072522159,0.0
488,0.4066734445574093,0.5487510072522159,560,681,1241,0.0,0.0008333472224537064,0.5487510072522159,0.0
489,0.40750679177986304,0.5487510072522159,560,681,1241,0.0,0.0008333472224537619,0.5487510072522159,0.0
490,0.40834013900231675,0.5487510072522159,560,681,1241,0.0,0.0008333472224537064,0.5487510072522159,0.0
491,0.40917348622477046,0.5487510072522159,560,681,1241,0.0,0.0008333472224537064,0.5487510072522159,0.0
492,0.41000683344722416,0.5487510072522159,560,681,1241,0.0,0.0008333472224537064,0.5487510072522159,0.0
493,0.41084018066967787,0.5487510072522159,560,681,1241,0.0,0.0008333472224537064,0.5487510072522159,0.0
494,0.4116735278921316,0.5487510072522159,560,681,1241,0.0,0.0008333472224537064,0.5487510072522159,0.0
495,0.4125068751145853,0.5487510072522159,560,681,1241,0.0,0.0008333472224537064,0.5487510072522159,0.0
496,0.413340222337039,0.5487510072522159,560,681,1241,0.0,0.0008333472224537064,0.5487510072522159,0.0
497,0.4141735695594927,0.5487510072522159,560,681,1241,0.0,0.0008333472224537064,0.5487510072522159,0.0
498,0.4150069167819464,0.5487510072522159,560,681,1241,0.0,0.0008333472224537064,0.5487510072522159,0.0
499,0.4158402640044001,0.5487510072522159,560,681,1241,0.0,0.0008333472224537064,0.5487510072522159,0.0
500,0.4166736112268538,0.5487510072522159,560,681,1241,0.0,0.0008333472224537064,0.5487510072522159,0.0
501,0.4175069584493075,0.5487510072522159,560,681,1241,0.0,0.0008333472224537064,0.5487510072522159,0.0
502,0.4183403056717612,0.5487510072522159,560,681,1241,0.0,0.0008333472224537064,0.5487510072522159,0.0
503,0.41917365289421493,0.5487510072522159,560,681,1241,0.0,0.0008333472224537064,0.5487510072522159,0.0
504,0.42000700011666864,0.5487510072522159,560,681,1241,0.0,0.0008333472224537064,0.5487510072522159,0.0
505,0.42084034733912234,0.5487510072522159,560,681,1241,0.0,0.0008333472224537064,0.5487510072522159,0.0
506,0.42167369456157605,0.5487510072522159,560,681,1241,0.0,0.0008333472224537064,0.5487510072522159,0.0
507,0.42250704178402976,0.5487510072522159,560,681,1241,0.0,0.0008333472224537064,0.5487510072522159,0.0
508,0.42334038900648346,0.5487510072522159,560,681,1241,0.0,0.0008333472224537064,0.5487510072522159,0.0
509,0.42417373622893717,0.5487510072522159,560,681,1241,0.0,0.0008333472224537064,0.5487510072522159,0.0
510,0.4250070834513909,0.5487510072522159,560,681,1241,0.0,0.0008333472224537064,0.5487510072522159,0.0
511,0.4258404306738446,0.5487510072522159,560,681,1241,0.0,0.0008333472224537064,0.5487510072522159,0.0
512,0.4266737778962983,0.5487510072522159,560,681,1241,0.0,0.0008333472224537064,0.5487510072522159,0.0
513,0.427507125118752,0.5487510072522159,560,681,1241,0.0,0.0008333472224537064,0.5487510072522159,0.0
514,0.4283404723412057,0.5487510072522159,560,681,1241,0.0,0.0008333472224537064,0.5487510072522159,0.0
515,0.4291738195636594,0.5487510072522159,560,681,1241,0.0,0.0008333472224537064,0.5487510072522159,0.0
516,0.4300071667861131,0.5487510072522159,560,681,1241,0.0,0.0008333472224537064,0.5487510072522159,0.0
517,0.4308405140085668,0.5487510072522159,560,681,1241,0.0,0.0008333472224537064,0.5487510072522159,0.0
518,0.43167386123102053,0.5487510072522159,560,681,1241,0.0,0.0008333472224537064,0.5487510072522159,0.0
519,0.43250720845347423,0.5487510072522159,560,681,1241,0.0,0.0008333472224537064,0.5487510072522159,0.0
520,0.43334055567592794,0.5487510072522159,560,681,1241,0.0,0.0008333472224537064,0.5487510072522159,0.0
521,0.43417390289838165,0.5487510072522159,560,681,1241,0.0,0.0008333472224537064,0.5487510072522159,0.0
522,0.43500725012083535,0.5487510072522159,560,681,1241,0.0,0.0008333472224537064,0.5487510072522159,0.0
523,0.43584059734328906,0.5487510072522159,560,681,1241,0.0,0.0008333472224537064,0.5487510072522159,0.0
524,0.43667394456574277,0.5487510072522159,560,681,1241,0.0,0.0008333472224537064,0.5487510072522159,0.0
525,0.4375072917881965,0.5487510072522159,560,681,1241,0.0,0.0008333472224537064,0.5487510072522159,0.0
526,0.4383406390106502,0.5487510072522159,560,681,1241,0.0,0.0008333472224537064,0.5487510072522159,0.0
527,0.4391739862331039,0.5487510072522159,560,681,1241,0.0,0.0008333472224537064,0.5487510072522159,0.0
528,0.4400073334555576,0.5487510072522159,560,681,1241,0.0,0.0008333472224537064,0.5487510072522159,0.0
529,0.4408406806780113,0.5487510072522159,560,681,1241,0.0,0.0008333472224537064,0.5487510072522159,0.0
530,0.441674027900465,0.5487510072522159,560,681,1241,0.0,0.0008333472224537064,0.5487510072522159,0.0
531,0.4425073751229187,0.5487510072522159,560,681,1241,0.0,0.0008333472224537064,0.5487510072522159,0.0
532,0.4433407223453724,0.5487510072522159,560,681,1241,0.0,0.0008333472224537064,0.5487510072522159,0.0
533,0.4441740695678261,0.5487510072522159,560,681,1241,0.0,0.0008333472224537064,0.5487510072522159,0.0
534,0.44500741679027983,0.5487510072522159,560,681,1241,0.0,0.0008333472224537064,0.5487510072522159,0.0
535,0.44584076401273354,0.5487510072522159,560,681,1241,0.0,0.0008333472224537064,0.5487510072522159,0.0
536,0.4466741112351873,0.5487510072522159,560,681,1241,0.0,0.0008333472224537619,0.5487510072522159,0.0
537,0.447507458457641,0.5487510072522159,560,681,1241,0.0,0.0008333472224537064,0.5487510072522159,0.0
538,0.4483408056800947,0.5487510072522159,560,681,1241,0.0,0.0008333472224537064,0.5487510072522159,0.0
539,0.4491741529025484,0.5487510072522159,560,681,1241,0.0,0.0008333472224537064,0.5487510072522159,0.0
540,0.4500075001250021,0.5487510072522159,560,681,1241,0.0,0.0008333472224537064,0.5487510072522159,0.0
541,0.45084084734745583,0.5487510072522159,560,681,1241,0.0,0.0008333472224537064,0.5487510072522159,0.0
542,0.45167419456990954,0.5487510072522159,560,681,1241,0.0,0.0008333472224537064,0.5487510072522159,0.0
543,0.45250754179236324,0.5487510072522159,560,681,1241,0.0,0.0008333472224537064,0.5487510072522159,0.0
544,0.45334088901481695,0.5487510072522159,560,681,1241,0.0,0.0008333472224537064,0.5487510072522159,0.0
545,0.45417423623727066,0.5487510072522159,560,681,1241,0.0,0.0008333472224537064,0.5487510072522159,0.0
546,0.45500758345972436,0.5487510072522159,560,681,1241,0.0,0.0008333472224537064,0.5487510072522159,0.0
547,0.45584093068217807,0.5487510072522159,560,681,1241,0.0,0.0008333472224537064,0.5487510072522159,0.0
548,0.4566742779046318,0.5487510072522159,560,681,1241,0.0,0.0008333472224537064,0.5487510072522159,0.0
549,0.4575076251270855,0.5487510072522159,560,681,1241,0.0,0.0008333472224537064,0.5487510072522159,0.0
550,0.4583409723495392,0.5487510072522159,560,681,1241,0.0,0.0008333472224537064,0.5487510072522159,0.0
551,0.4591743195719929,0.5487510072522159,560,681,1241,0.0,0.0008333472224537064,0.5487510072522159,0.0
552,0.4600076667944466,0.5487510072522159,560,681,1241,0.0,0.0008333472224537064,0.5487510072522159,0.0
553,0.4608410140169003,0.5487510072522159,560,681,1241,0.0,0.0008333472224537064,0.5487510072522159,0.0
554,0.461674361239354,0.5487510072522159,560,681,1241,0.0,0.0008333472224537064,0.5487510072522159,0.0
555,0.4625077084618077,0.5487510072522159,560,681,1241,0.0,0.0008333472224537064,0.5487510072522159,0.0
556,0.4633410556842614,0.5487510072522159,560,681,1241,0.0,0.0008333472224537064,0.5487510072522159,0.0
557,0.46417440290671513,0.5487510072522159,560,681,1241,0.0,0.0008333472224537064,0.5487510072522159,0.0
558,0.46500775012916884,0.5487510072522159,560,681,1241,0.0,0.0008333472224537064,0.5487510072522159,0.0
559,0.46584109735162255,0.5487510072522159,560,681,1241,0.0,0.0008333472224537064,0.5487510072522159,0.0
560,0.46667444457407625,0.5487510072522159,560,681,1241,0.0,0.0008333472224537064,0.5487510072522159,0.0
561,0.46750779179652996,0.5487510072522159,560,681,1241,0.0,0.0008333472224537064,0.5487510072522159,0.0
562,0.46834113901898367,0.5487510072522159,560,681,1241,0.0,0.0008333472224537064,0.5487510072522159,0.0
563,0.46917448624143737,0.5487510072522159,560,681,1241,0.0,0.0008333472224537064,0.5487510072522159,0.0
564,0.4700078334638911,0.5487510072522159,560,681,1241,0.0,0.0008333472224537064,0.5487510072522159,0.0
565,0.4708411806863448,0.5487510072522159,560,681,1241,0.0,0.0008333472224537064,0.5487510072522159,0.0
566,0.4716745279087985,0.5487510072522159,560,681,1241,0.0,0.0008333472224537064,0.5487510072522159,0.0
567,0.4725078751312522,0.5487510072522159,560,681,1241,0.0,0.0008333472224537064,0.5487510072522159,0.0
568,0.4733412223537059,0.5487510072522159,560,681,1241,0.0,0.0008333472224537064,0.5487510072522159,0.0
569,0.4741745695761596,0.5487510072522159,560,681,1241,0.0,0.0008333472224537064,0.5487510072522159,0.0
570,0.4750079167986133,0.5487510072522159,560,681,1241,0.0,0.0008333472224537064,0.5487510072522159,0.0
571,0.475841264021067,0.5487510072522159,560,681,1241,0.0,0.0008333472224537064,0.5487510072522159,0.0
572,0.47667461124352073,0.5487510072522159,560,681,1241,0.0,0.0008333472224537064,0.5487510072522159,0.0
573,0.47750795846597444,0.5487510072522159,560,681,1241,0.0,0.0008333472224537064,0.5487510072522159,0.0
574,0.47834130568842814,0.5487510072522159,560,681,1241,0.0,0.0008333472224537064,0.5487510072522159,0.0
575,0.47917465291088185,0.5487510072522159,560,681,1241,0.0,0.0008333472224537064,0.5487510072522159,0.0
576,0.48000800013333556,0.5487510072522159,560,681,1241,0.0,0.0008333472224537064,0.5487510072522159,0.0
577,0.48084134735578926,0.5487510072522159,560,681,1241,0.0,0.0008333472224537064,0.5487510072522159,0.0
578,0.48167469457824297,0.5487510072522159,560,681,1241,0.0,0.0008333472224537064,0.5487510072522159,0.0
579,0.4825080418006967,0.5487510072522159,560,681,1241,0.0,0.0008333472224537064,0.5487510072522159,0.0
580,0.4833413890231504,0.5487510072522159,560,681,1241,0.0,0.0008333472224537064,0.5487510072522159,0.0
581,0.4841747362456041,0.5487510072522159,560,681,1241,0.0,0.0008333472224537064,0.5487510072522159,0.0
582,0.48500808346805785,0.5487510072522159,560,681,1241,0.0,0.0008333472224537619,0.5487510072522159,0.0
583,0.48584143069051156,0.5487510072522159,560,681,1241,0.0,0.0008333472224537064,0.5487510072522159,0.0
584,0.48667477791296526,0.5487510072522159,560,681,1241,0.0,0.0008333472224537064,0.5487510072522159,0.0
585,0.48750812513541897,0.5487510072522159,560,681,1241,0.0,0.0008333472224537064,0.5487510072522159,0.0
586,0.4883414723578727,0.5487510072522159,560,681,1241,0.0,0.0008333472224537064,0.5487510072522159,0.0
587,0.4891748195803264,0.5487510072522159,560,681,1241,0.0,0.0008333472224537064,0.5487510072522159,0.0
588,0.4900081668027801,0.5487510072522159,560,681,1241,0.0,0.0008333472224537064,0.5487510072522159,0.0
589,0.4908415140252338,0.5487510072522159,560,681,1241,0.0,0.0008333472224537064,0.5487510072522159,0.0
590,0.4916748612476875,0.5487510072522159,560,681,1241,0.0,0.0008333472224537064,0.5487510072522159,0.0
591,0.4925082084701412,0.5487510072522159,560,681,1241,0.0,0.0008333472224537064,0.5487510072522159,0.0
592,0.4933415556925949,0.5487510072522159,560,681,1241,0.0,0.0008333472224537064,0.5487510072522159,0.0
593,0.4941749029150486,0.5487510072522159,560,681,1241,0.0,0.0008333472224537064,0.5487510072522159,0.0
594,0.4950082501375023,0.5487510072522159,560,681,1241,0.0,0.0008333472224537064,0.5487510072522159,0.0
595,0.49584159735995603,0.5487510072522159,560,681,1241,0.0,0.0008333472224537064,0.5487510072522159,0.0
596,0.49667494458240974,0.5487510072522159,560,681,1241,0.0,0.0008333472224537064,0.5487510072522159,0.0
597,0.49750829180486345,0.5487510072522159,560,681,1241,0.0,0.0008333472224537064,0.5487510072522159,0.0
598,0.49834163902731715,0.5487510072522159,560,681,1241,0.0,0.0008333472224537064,0.5487510072522159,0.0
599,0.49917498624977086,0.5487510072522159,560,681,1241,0.0,0.0008333472224537064,0.5487510072522159,0.0
600,0.5000083334722245,0.5487510072522159,560,681,1241,0.0,0.0008333472224536509,0.5487510072522159,0.0
601,0.5008416806946783,0.5487510072522159,560,681,1241,0.0,0.0008333472224537619,0.5487510072522159,0.0
602,0.5016750279171319,0.5487510072522159,560,681,1241,0.0,0.0008333472224536509,0.5487510072522159,0.0
603,0.5025083751395857,0.5487510072522159,560,681,1241,0.0,0.0008333472224537619,0.5487510072522159,0.0
604,0.5033417223620393,0.5487510072522159,560,681,1241,0.0,0.0008333472224536509,0.5487510072522159,0.0
605,0.5041750695844931,0.5487510072522159,560,681,1241,0.0,0.0008333472224537619,0.5487510072522159,0.0
606,0.5050084168069469,0.5487510072522159,560,681,1241,0.0,0.0008333472224537619,0.5487510072522159,0.0
607,0.5058417640294005,0.5487510072522159,560,681,1241,0.0,0.0008333472224536509,0.5487510072522159,0.0
608,0.5066751112518543,0.5487510072522159,560,681,1241,0.0,0.0008333472224537619,0.5487510072522159,0.0
609,0.5075084584743079,0.5487510072522159,560,681,1241,0.0,0.0008333472224536509,0.5487510072522159,0.0
610,0.5083418056967617,0.5487510072522159,560,681,1241,0.0,0.0008333472224537619,0.5487510072522159,0.0
611,0.5091751529192153,0.5487510072522159,560,681,1241,0.0,0.0008333472224536509,0.5487510072522159,0.0
612,0.5100085001416691,0.5487510072522159,560,681,1241,0.0,0.0008333472224537619,0.5487510072522159,0.0
613,0.5108418473641227,0.5487510072522159,560,681,1241,0.0,0.0008333472224536509,0.5487510072522159,0.0
614,0.5116751945865765,0.5487510072522159,560,681,1241,0.0,0.0008333472224537619,0.5487510072522159,0.0
615,0.5125085418090302,0.5487510072522159,560,681,1241,0.0,0.0008333472224536509,0.5487510072522159,0.0
616,0.5133418890314839,0.5487510072522159,560,681,1241,0.0,0.0008333472224537619,0.5487510072522159,0.0
617,0.5141752362539376,0.5487510072522159,560,681,1241,0.0,0.0008333472224536509,0.5487510072522159,0.0
618,0.5150085834763913,0.5487510072522159,560,681,1241,0.0,0.0008333472224537619,0.5487510072522159,0.0
619,0.515841930698845,0.5487510072522159,560,681,1241,0.0,0.0008333472224536509,0.5487510072522159,0.0
620,0.5166752779212987,0.5487510072522159,560,681,1241,0.0,0.0008333472224537619,0.5487510072522159,0.0
621,0.5175086251437524,0.5487510072522159,560,681,1241,0.0,0.0008333472224536509,0.5487510072522159,0.0
622,0.5183419723662062,0.5487510072522159,560,681,1241,0.0,0.0008333472224537619,0.5487510072522159,0.0
623,0.5191753195886598,0.5487510072522159,560,681,1241,0.0,0.0008333472224536509,0.5487510072522159,0.0
624,0.5200086668111136,0.5487510072522159,560,681,1241,0.0,0.0008333472224537619,0.5487510072522159,0.0
625,0.5208420140335672,0.5487510072522159,560,681,1241,0.0,0.0008333472224536509,0.5487510072522159,0.0
626,0.521675361256021,0.5487510072522159,560,681,1241,0.0,0.0008333472224537619,0.5487510072522159,0.0
627,0.5225087084784746,0.5487510072522159,560,681,1241,0.0,0.0008333472224536509,0.5487510072522159,0.0
628,0.5233420557009284,0.5487510072522159,560,681,1241,0.0,0.0008333472224537619,0.5487510072522159,0.0
629,0.524175402923382,0.5487510072522159,560,681,1241,0.0,0.0008333472224536509,0.5487510072522159,0.0
630,0.5250087501458358,0.5487510072522159,560,681,1241,0.0,0.0008333472224537619,0.5487510072522159,0.0
631,0.5258420973682895,0.5487510072522159,560,681,1241,0.0,0.0008333472224536509,0.5487510072522159,0.0
632,0.5266754445907432,0.5487510072522159,560,681,1241,0.0,0.0008333472224537619,0.5487510072522159,0.0
633,0.5275087918131969,0.5487510072522159,560,681,1241,0.0,0.0008333472224536509,0.5487510072522159,0.0
634,0.5283421390356506,0.5487510072522159,560,681,1241,0.0,0.0008333472224537619,0.5487510072522159,0.0
635,0.5291754862581043,0.5487510072522159,560,681,1241,0.0,0.0008333472224536509,0.5487510072522159,0.0
636,0.530008833480558,0.5487510072522159,560,681,1241,0.0,0.0008333472224537619,0.5487510072522159,0.0
637,0.5308421807030117,0.5487510072522159,560,681,1241,0.0,0.0008333472224536509,0.5487510072522159,0.0
638,0.5316755279254655,0.5487510072522159,560,681,1241,0.0,0.0008333472224537619,0.5487510072522159,0.0
639,0.5325088751479191,0.5487510072522159,560,681,1241,0.0,0.0008333472224536509,0.5487510072522159,0.0
640,0.5333422223703729,0.5487510072522159,560,681,1241,0.0,0.0008333472224537619,0.5487510072522159,0.0
641,0.5341755695928265,0.5487510072522159,560,681,1241,0.0,0.0008333472224536509,0.5487510072522159,0.0
642,0.5350089168152803,0.5487510072522159,560,681,1241,0.0,0.0008333472224537619,0.5487510072522159,0.0
643,0.5358422640377339,0.5487510072522159,560,681,1241,0.0,0.0008333472224536509,0.5487510072522159,0.0
644,0.5366756112601877,0.5487510072522159,560,681,1241,0.0,0.0008333472224537619,0.5487510072522159,0.0
645,0.5375089584826414,0.5487510072522159,560,681,1241,0.0,0.0008333472224536509,0.5487510072522159,0.0
646,0.5383423057050951,0.5487510072522159,560,681,1241,0.0,0.0008333472224537619,0.5487510072522159,0.0
647,0.5391756529275488,0.5487510072522159,560,681,1241,0.0,0.0008333472224536509,0.5487510072522159,0.0
648,0.5400090001500025,0.5487510072522159,560,681,1241,0.0,0.0008333472224537619,0.5487510072522159,0.0
649,0.5408423473724562,0.5487510072522159,560,681,1241,0.0,0.0008333472224536509,0.5487510072522159,0.0
650,0.5416756945949099,0.5487510072522159,560,681,1241,0.0,0.0008333472224537619,0.5487510072522159,0.0
651,0.5425090418173636,0.5487510072522159,560,681,1241,0.0,0.0008333472224536509,0.5487510072522159,0.0
652,0.5433423890398174,0.5487510072522159,560,681,1241,0.0,0.0008333472224537619,0.5487510072522159,0.0
653,0.5441757362622711,0.5487510072522159,560,681,1241,0.0,0.0008333472224537619,0.5487510072522159,0.0
654,0.5450090834847248,0.5487510072522159,560,681,1241,0.0,0.0008333472224536509,0.5487510072522159,0.0
655,0.5458424307071785,0.5487510072522159,560,681,1241,0.0,0.0008333472224537619,0.5487510072522159,0.0
656,0.5466757779296322,0.5487510072522159,560,681,1241,0.0,0.0008333472224536509,0.5487510072522159,0.0
657,0.5475091251520859,0.5487510072522159,560,681,1241,0.0,0.0008333472224537619,0.5487510072522159,0.0
658,0.5483424723745396,0.5487510072522159,560,681,1241,0.0,0.0008333472224536509,0.5487510072522159,0.0
659,0.5491758195969934,0.5487510072522159,560,681,1241,0.0,0.0008333472224537619,0.5487510072522159,0.0
660,0.550009166819447,0.5487510072522159,560,681,1241,0.0,0.0008333472224536509,0.5487510072522159,0.0
661,0.5508425140419008,0.5487510072522159,560,681,1241,0.0,0.0008333472224537619,0.5487510072522159,0.0
662,0.5516758612643544,0.5487510072522159,560,681,1241,0.0,0.0008333472224536509,0.5487510072522159,0.0
663,0.5525092084868082,0.5487510072522159,560,681,1241,0.0,0.0008333472224537619,0.5487510072522159,0.0
664,0.5533425557092618,0.5487510072522159,560,681,1241,0.0,0.0008333472224536509,0.5487510072522159,0.0
665,0.5541759029317156,0.5487510072522159,560,681,1241,0.0,0.0008333472224537619,0.5487510072522159,0.0
666,0.5550092501541692,0.5487510072522159,560,681,1241,0.0,0.0008333472224536509,0.5487510072522159,0.0
667,0.555842597376623,0.5487510072522159,560,681,1241,0.0,0.0008333472224537619,0.5487510072522159,0.0
668,0.5566759445990767,0.5487510072522159,560,681,1241,0.0,0.0008333472224536509,0.5487510072522159,0.0
669,0.5575092918215304,0.5487510072522159,560,681,1241,0.0,0.0008333472224537619,0.5487510072522159,0.0
670,0.5583426390439841,0.5487510072522159,560,681,1241,0.0,0.0008333472224536509,0.5487510072522159,0.0
671,0.5591759862664378,0.5487510072522159,560,681,1241,0.0,0.0008333472224537619,0.5487510072522159,0.0
672,0.5600093334888915,0.5487510072522159,560,681,1241,0.0,0.0008333472224536509,0.5487510072522159,0.0
673,0.5608426807113452,0.5487510072522159,560,681,1241,0.0,0.0008333472224537619,0.5487510072522159,0.0
674,0.5616760279337989,0.5487510072522159,560,681,1241,0.0,0.0008333472224536509,0.5487510072522159,0.0
675,0.5625093751562527,0.5487510072522159,560,681,1241,0.0,0.0008333472224537619,0.5487510072522159,0.0
676,0.5633427223787063,0.5487510072522159,560,681,1241,0.0,0.0008333472224536509,0.5487510072522159,0.0
677,0.5641760696011601,0.5487510072522159,560,681,1241,0.0,0.0008333472224537619,0.5487510072522159,0.0
678,0.5650094168236137,0.5487510072522159,560,681,1241,0.0,0.0008333472224536509,0.5487510072522159,0.0
679,0.5658427640460675,0.5487510072522159,560,681,1241,0.0,0.0008333472224537619,0.5487510072522159,0.0
680,0.5666761112685211,0.5487510072522159,560,681,1241,0.0,0.0008333472224536509,0.5487510072522159,0.0
681,0.5675094584909749,0.5487510072522159,560,681,1241,0.0,0.0008333472224537619,0.5487510072522159,0.0
682,0.5683428057134285,0.5487510072522159,560,681,1241,0.0,0.0008333472224536509,0.5487510072522159,0.0
683,0.5691761529358823,0.5487510072522159,560,681,1241,0.0,0.0008333472224537619,0.5487510072522159,0.0
684,0.570009500158336,0.5487510072522159,560,681,1241,0.0,0.0008333472224536509,0.5487510072522159,0.0
685,0.5708428473807897,0.5487510072522159,560,681,1241,0.0,0.0008333472224537619,0.5487510072522159,0.0
686,0.5716761946032434,0.5487510072522159,560,681,1241,0.0,0.0008333472224536509,0.5487510072522159,0.0
687,0.5725095418256971,0.5487510072522159,560,681,1241,0.0,0.0008333472224537619,0.5487510072522159,0.0
688,0.5733428890481508,0.5487510072522159,560,681,1241,0.0,0.0008333472224536509,0.5487510072522159,0.0
689,0.5741762362706045,0.5487510072522159,560,681,1241,0.0,0.0008333472224537619,0.5487510072522159,0.0
690,0.5750095834930582,0.5487510072522159,560,681,1241,0.0,0.0008333472224536509,0.5487510072522159,0.0
691,0.575842930715512,0.5487510072522159,560,681,1241,0.0,0.0008333472224537619,0.5487510072522159,0.0
692,0.5766762779379656,0.5487510072522159,560,681,1241,0.0,0.0008333472224536509,0.5487510072522159,0.0
693,0.5775096251604194,0.5487510072522159,560,681,1241,0.0,0.0008333472224537619,0.5487510072522159,0.0
694,0.578342972382873,0.5487510072522159,560,681,1241,0.0,0.0008333472224536509,0.5487510072522159,0.0
695,0.5791763196053268,0.5487510072522159,560,681,1241,0.0,0.0008333472224537619,0.5487510072522159,0.0
696,0.5800096668277804,0.5487510072522159,560,681,1241,0.0,0.0008333472224536509,0.5487510072522159,0.0
697,0.5808430140502342,0.5487510072522159,560,681,1241,0.0,0.0008333472224537619,0.5487510072522159,0.0
698,0.5816763612726878,0.5487510072522159,560,681,1241,0.0,0.0008333472224536509,0.5487510072522159,0.0
699,0.5825097084951416,0.5487510072522159,560,681,1241,0.0,0.0008333472224537619,0.5487510072522159,0.0
700,0.5833430557175954,0.5487510072522159,560,681,1241,0.0,0.0008333472224537619,0.5487510072522159,0.0
701,0.584176402940049,0.5487510072522159,560,681,1241,0.0,0.0008333472224536509,0.5487510072522159,0.0
702,0.5850097501625028,0.5487510072522159,560,681,1241,0.0,0.0008333472224537619,0.5487510072522159,0.0
703,0.5858430973849564,0.5487510072522159,560,681,1241,0.0,0.0008333472224536509,0.5487510072522159,0.0
704,0.5866764446074102,0.5487510072522159,560,681,1241,0.0,0.0008333472224537619,0.5487510072522159,0.0
705,0.5875097918298638,0.5487510072522159,560,681,1241,0.0,0.0008333472224536509,0.5487510072522159,0.0
706,0.5883431390523176,0.5487510072522159,560,681,1241,0.0,0.0008333472224537619,0.5487510072522159,0.0
707,0.5891764862747713,0.5487510072522159,560,681,1241,0.0,0.0008333472224536509,0.5487510072522159,0.0
708,0.590009833497225,0.5487510072522159,560,681,1241,0.0,0.0008333472224537619,0.5487510072522159,0.0
709,0.5908431807196787,0.5487510072522159,560,681,1241,0.0,0.0008333472224536509,0.5487510072522159,0.0
710,0.5916765279421324,0.5487510072522159,560,681,1241,0.0,0.0008333472224537619,0.5487510072522159,0.0
711,0.5925098751645861,0.5487510072522159,560,681,1241,0.0,0.0008333472224536509,0.5487510072522159,0.0
712,0.5933432223870398,0.5487510072522159,560,681,1241,0.0,0.0008333472224537619,0.5487510072522159,0.0
713,0.5941765696094935,0.5487510072522159,560,681,1241,0.0,0.0008333472224536509,0.5487510072522159,0.0
714,0.5950099168319473,0.5487510072522159,560,681,1241,0.0,0.0008333472224537619,0.5487510072522159,0.0
715,0.5958432640544009,0.5487510072522159,560,681,1241,0.0,0.0008333472224536509,0.5487510072522159,0.0
716,0.5966766112768547,0.5487510072522159,560,681,1241,0.0,0.0008333472224537619,0.5487510072522159,0.0
717,0.5975099584993083,0.5487510072522159,560,681,1241,0.0,0.0008333472224536509,0.5487510072522159,0.0
718,0.5983433057217621,0.5487510072522159,560,681,1241,0.0,0.0008333472224537619,0.5487510072522159,0.0
719,0.5991766529442157,0.5487510072522159,560,681,1241,0.0,0.0008333472224536509,0.5487510072522159,0.0
720,0.6000100001666695,0.5487510072522159,560,681,1241,0.0,0.0008333472224537619,0.5487510072522159,0.0
721,0.6008433473891232,0.5487510072522159,560,681,1241,0.0,0.0008333472224536509,0.5487510072522159,0.0
722,0.6016766946115769,0.5487510072522159,560,681,1241,0.0,0.0008333472224537619,0.5487510072522159,0.0
723,0.6025100418340306,0.5487510072522159,560,681,1241,0.0,0.0008333472224536509,0.5487510072522159,0.0
724,0.6033433890564843,0.5487510072522159,560,681,1241,0.0,0.0008333472224537619,0.5487510072522159,0.0
725,0.604176736278938,0.5487510072522159,560,681,1241,0.0,0.0008333472224536509,0.5487510072522159,0.0
726,0.6050100835013917,0.5487510072522159,560,681,1241,0.0,0.0008333472224537619,0.5487510072522159,0.0
727,0.6058434307238454,0.5487510072522159,560,681,1241,0.0,0.0008333472224536509,0.5487510072522159,0.0
728,0.6066767779462992,0.5487510072522159,560,681,1241,0.0,0.0008333472224537619,0.5487510072522159,0.0
729,0.6075101251687528,0.5487510072522159,560,681,1241,0.0,0.0008333472224536509,0.5487510072522159,0.0
730,0.6083434723912066,0.5487510072522159,560,681,1241,0.0,0.0008333472224537619,0.5487510072522159,0.0
731,0.6091768196136602,0.5487510072522159,560,681,1241,0.0,0.0008333472224536509,0.5487510072522159,0.0
732,0.610010166836114,0.5487510072522159,560,681,1241,0.0,0.0008333472224537619,0.5487510072522159,0.0
733,0.6108435140585676,0.5487510072522159,560,681,1241,0.0,0.0008333472224536509,0.5487510072522159,0.0
734,0.6116768612810214,0.5487510072522159,560,681,1241,0.0,0.0008333472224537619,0.5487510072522159,0.0
735,0.612510208503475,0.5487510072522159,560,681,1241,0.0,0.0008333472224536509,0.5487510072522159,0.0
736,0.6133435557259288,0.5487510072522159,560,681,1241,0.0,0.0008333472224537619,0.5487510072522159,0.0
737,0.6141769029483825,0.5487510072522159,560,681,1241,0.0,0.0008333472224536509,0.5487510072522159,0.0
738,0.6150102501708362,0.5487510072522159,560,681,1241,0.0,0.0008333472224537619,0.5487510072522159,0.0
739,0.6158435973932899,0.5487510072522159,560,681,1241,0.0,0.0008333472224536509,0.5487510072522159,0.0
740,0.6166769446157436,0.5487510072522159,560,681,1241,0.0,0.0008333472224537619,0.5487510072522159,0.0
741,0.6175102918381973,0.5487510072522159,560,681,1241,0.0,0.0008333472224536509,0.5487510072522159,0.0
742,0.618343639060651,0.5487510072522159,560,681,1241,0.0,0.0008333472224537619,0.5487510072522159,0.0
743,0.6191769862831047,0.5487510072522159,560,681,1241,0.0,0.0008333472224536509,0.5487510072522159,0.0
744,0.6200103335055585,0.5487510072522159,560,681,1241,0.0,0.0008333472224537619,0.5487510072522159,0.0
745,0.6208436807280122,0.5487510072522159,560,681,1241,0.0,0.0008333472224537619,0.5487510072522159,0.0
746,0.6216770279504659,0.5487510072522159,560,681,1241,0.0,0.0008333472224536509,0.5487510072522159,0.0
747,0.6225103751729196,0.5487510072522159,560,681,1241,0.0,0.0008333472224537619,0.5487510072522159,0.0
748,0.6233437223953733,0.5487510072522159,560,681,1241,0.0,0.0008333472224536509,0.5487510072522159,0.0
749,0.624177069617827,0.5487510072522159,560,681,1241,0.0,0.0008333472224537619,0.5487510072522159,0.0
750,0.6250104168402807,0.5487510072522159,560,681,1241,0.0,0.0008333472224536509,0.5487510072522159,0.0
751,0.6258437640627345,0.5487510072522159,560,681,1241,0.0,0.0008333472224537619,0.5487510072522159,0.0
752,0.6266771112851881,0.5487510072522159,560,681,1241,0.0,0.0008333472224536509,0.5487510072522159,0.0
753,0.6275104585076419,0.5487510072522159,560,681,1241,0.0,0.0008333472224537619,0.5487510072522159,0.0
754,0.6283438057300955,0.5487510072522159,560,681,1241,0.0,0.0008333472224536509,0.5487510072522159,0.0
755,0.6291771529525493,0.5487510072522159,560,681,1241,0.0,0.0008333472224537619,0.5487510072522159,0.0
756,0.6300105001750029,0.5487510072522159,560,681,1241,0.0,0.0008333472224536509,0.5487510072522159,0.0
757,0.6308438473974567,0.5487510072522159,560,681,1241,0.0,0.0008333472224537619,0.5487510072522159,0.0
758,0.6316771946199103,0.5487510072522159,560,681,1241,0.0,0.0008333472224536509,0.5487510072522159,0.0
759,0.6325105418423641,0.5487510072522159,560,681,1241,0.0,0.0008333472224537619,0.5487510072522159,0.0
760,0.6333438890648178,0.5487510072522159,560,681,1241,0.0,0.0008333472224536509,0.5487510072522159,0.0
761,0.6341772362872715,0.5487510072522159,560,681,1241,0.0,0.0008333472224537619,0.5487510072522159,0.0
762,0.6350105835097252,0.5487510072522159,560,681,1241,0.0,0.0008333472224536509,0.5487510072522159,0.0
763,0.6358439307321789,0.5487510072522159,560,681,1241,0.0,0.0008333472224537619,0.5487510072522159,0.0
764,0.6366772779546326,0.5487510072522159,560,681,1241,0.0,0.0008333472224536509,0.5487510072522159,0.0
765,0.6375106251770863,0.5487510072522159,560,681,1241,0.0,0.0008333472224537619,0.5487510072522159,0.0
766,0.63834397239954,0.5487510072522159,560,681,1241,0.0,0.0008333472224536509,0.5487510072522159,0.0
767,0.6391773196219938,0.5487510072522159,560,681,1241,0.0,0.0008333472224537619,0.5487510072522159,0.0
768,0.6400106668444474,0.5487510072522159,560,681,1241,0.0,0.0008333472224536509,0.5487510072522159,0.0
769,0.6408440140669012,0.5487510072522159,560,681,1241,0.0,0.0008333472224537619,0.5487510072522159,0.0
770,0.6416773612893548,0.5487510072522159,560,681,1241,0.0,0.0008333472224536509,0.5487510072522159,0.0
771,0.6425107085118086,0.5487510072522159,560,681,1241,0.0,0.0008333472224537619,0.5487510072522159,0.0
772,0.6433440557342622,0.5487510072522159,560,681,1241,0.0,0.0008333472224536509,0.5487510072522159,0.0
773,0.644177402956716,0.5487510072522159,560,681,1241,0.0,0.0008333472224537619,0.5487510072522159,0.0
774,0.6450107501791696,0.5487510072522159,560,681,1241,0.0,0.0008333472224536509,0.5487510072522159,0.0
775,0.6458440974016234,0.5487510072522159,560,681,1241,0.0,0.0008333472224537619,0.5487510072522159,0.0
776,0.6466774446240771,0.5487510072522159,560,681,1241,0.0,0.0008333472224536509,0.5487510072522159,0.0
777,0.6475107918465308,0.5487510072522159,560,681,1241,0.0,0.0008333472224537619,0.5487510072522159,0.0
778,0.6483441390689845,0.5487510072522159,560,681,1241,0.0,0.0008333472224536509,0.5487510072522159,0.0
779,0.6491774862914382,0.5487510072522159,560,681,1241,0.0,0.0008333472224537619,0.5487510072522159,0.0
780,0.6500108335138919,0.5487510072522159,560,681,1241,0.0,0.0008333472224536509,0.5487510072522159,0.0
781,0.6508441807363456,0.5487510072522159,560,681,1241,0.0,0.0008333472224537619,0.5487510072522159,0.0
782,0.6516775279587993,0.5487510072522159,560,681,1241,0.0,0.0008333472224536509,0.5487510072522159,0.0
783,0.6525108751812531,0.5487510072522159,560,681,1241,0.0,0.0008333472224537619,0.5487510072522159,0.0
784,0.6533442224037067,0.5487510072522159,560,681,1241,0.0,0.0008333472224536509,0.5487510072522159,0.0
785,0.6541775696261605,0.5487510072522159,560,681,1241,0.0,0.0008333472224537619,0.5487510072522159,0.0
786,0.6550109168486141,0.5487510072522159,560,681,1241,0.0,0.0008333472224536509,0.5487510072522159,0.0
787,0.6558442640710679,0.5487510072522159,560,681,1241,0.0,0.0008333472224537619,0.5487510072522159,0.0
788,0.6566776112935215,0.5487510072522159,560,681,1241,0.0,0.0008333472224536509,0.5487510072522159,0.0
789,0.6575109585159753,0.5487510072522159,560,681,1241,0.0,0.0008333472224537619,0.5487510072522159,0.0
790,0.658344305738429,0.5487510072522159,560,681,1241,0.0,0.0008333472224536509,0.5487510072522159,0.0
791,0.6591776529608827,0.5487510072522159,560,681,1241,0.0,0.0008333472224537619,0.5487510072522159,0.0
792,0.6600110001833365,0.5487510072522159,560,681,1241,0.0,0.0008333472224537619,0.5487510072522159,0.0
793,0.6608443474057901,0.5487510072522159,560,681,1241,0.0,0.0008333472224536509,0.5487510072522159,0.0
794,0.6616776946282439,0.5487510072522159,560,681,1241,0.0,0.0008333472224537619,0.5487510072522159,0.0
795,0.6625110418506975,0.5487510072522159,560,681,1241,0.0,0.0008333472224536509,0.5487510072522159,0.0
796,0.6633443890731513,0.5487510072522159,560,681,1241,0.0,0.0008333472224537619,0.5487510072522159,0.0
797,0.664177736295605,0.5487510072522159,560,681,1241,0.0,0.0008333472224536509,0.5487510072522159,0.0
798,0.6650110835180587,0.5487510072522159,560,681,1241,0.0,0.0008333472224537619,0.5487510072522159,0.0
799,0.6658444307405124,0.5487510072522159,560,681,1241,0.0,0.0008333472224536509,0.5487510072522159,0.0
800,0.6666777779629661,0.5487510072522159,560,681,1241,0.0,0.0008333472224537619,0.5487510072522159,0.0
801,0.6675111251854198,0.5487510072522159,560,681,1241,0.0,0.0008333472224536509,0.5487510072522159,0.0
802,0.6683444724078735,0.5487510072522159,560,681,1241,0.0,0.0008333472224537619,0.5487510072522159,0.0
803,0.6691778196303272,0.5487510072522159,560,681,1241,0.0,0.0008333472224536509,0.5487510072522159,0.0
804,0.670011166852781,0.5487510072522159,560,681,1241,0.0,0.0008333472224537619,0.5487510072522159,0.0
805,0.6708445140752346,0.5487510072522159,560,681,1241,0.0,0.0008333472224536509,0.5487510072522159,0.0
806,0.6716778612976884,0.5487510072522159,560,681,1241,0.0,0.0008333472224537619,0.5487510072522159,0.0
807,0.672511208520142,0.5487510072522159,560,681,1241,0.0,0.0008333472224536509,0.5487510072522159,0.0
808,0.6733445557425958,0.5487510072522159,560,681,1241,0.0,0.0008333472224537619,0.5487510072522159,0.0
809,0.6741779029650494,0.5487510072522159,560,681,1241,0.0,0.0008333472224536509,0.5487510072522159,0.0
810,0.6750112501875032,0.5487510072522159,560,681,1241,0.0,0.0008333472224537619,0.5487510072522159,0.0
811,0.6758445974099568,0.5487510072522159,560,681,1241,0.0,0.0008333472224536509,0.5487510072522159,0.0
812,0.6766779446324106,0.5487510072522159,560,681,1241,0.0,0.0008333472224537619,0.5487510072522159,0.0
813,0.6775112918548643,0.5487510072522159,560,681,1241,0.0,0.0008333472224536509,0.5487510072522159,0.0
814,0.678344639077318,0.5487510072522159,560,681,1241,0.0,0.0008333472224537619,0.5487510072522159,0.0
815,0.6791779862997717,0.5487510072522159,560,681,1241,0.0,0.0008333472224536509,0.5487510072522159,0.0
816,0.6800113335222254,0.5487510072522159,560,681,1241,0.0,0.0008333472224537619,0.5487510072522159,0.0
817,0.6808446807446791,0.5487510072522159,560,681,1241,0.0,0.0008333472224536509,0.5487510072522159,0.0
818,0.6816780279671328,0.5487510072522159,560,681,1241,0.0,0.0008333472224537619,0.5487510072522159,0.0
819,0.6825113751895865,0.5487510072522159,560,681,1241,0.0,0.0008333472224536509,0.5487510072522159,0.0
820,0.6833447224120403,0.5487510072522159,560,681,1241,0.0,0.0008333472224537619,0.5487510072522159,0.0
821,0.6841780696344939,0.5487510072522159,560,681,1241,0.0,0.0008333472224536509,0.5487510072522159,0.0
822,0.6850114168569477,0.5487510072522159,560,681,1241,0.0,0.0008333472224537619,0.5487510072522159,0.0
823,0.6858447640794013,0.5487510072522159,560,681,1241,0.0,0.0008333472224536509,0.5487510072522159,0.0
824,0.6866781113018551,0.5487510072522159,560,681,1241,0.0,0.0008333472224537619,0.5487510072522159,0.0
825,0.6875114585243087,0.5487510072522159,560,681,1241,0.0,0.0008333472224536509,0.5487510072522159,0.0
826,0.6883448057467625,0.5487510072522159,560,681,1241,0.0,0.0008333472224537619,0.5487510072522159,0.0
827,0.6891781529692161,0.5487510072522159,560,681,1241,0.0,0.0008333472224536509,0.5487510072522159,0.0
828,0.6900115001916699,0.5487510072522159,560,681,1241,0.0,0.0008333472224537619,0.5487510072522159,0.0
829,0.6908448474141236,0.5487510072522159,560,681,1241,0.0,0.0008333472224536509,0.5487510072522159,0.0
830,0.6916781946365773,0.5487510072522159,560,681,1241,0.0,0.0008333472224537619,0.5487510072522159,0.0
831,0.692511541859031,0.5487510072522159,560,681,1241,0.0,0.0008333472224536509,0.5487510072522159,0.0
832,0.6933448890814847,0.5487510072522159,560,681,1241,0.0,0.0008333472224537619,0.5487510072522159,0.0
833,0.6941782363039384,0.5487510072522159,560,681,1241,0.0,0.0008333472224536509,0.5487510072522159,0.0
834,0.6950115835263921,0.5487510072522159,560,681,1241,0.0,0.0008333472224537619,0.5487510072522159,0.0
835,0.6958449307488458,0.5487510072522159,560,681,1241,0.0,0.0008333472224536509,0.5487510072522159,0.0
836,0.6966782779712996,0.5487510072522159,560,681,1241,0.0,0.0008333472224537619,0.5487510072522159,0.0
837,0.6975116251937532,0.5487510072522159,560,681,1241,0.0,0.0008333472224536509,0.5487510072522159,0.0
838,0.698344972416207,0.5487510072522159,560,681,1241,0.0,0.0008333472224537619,0.5487510072522159,0.0
839,0.6991783196386607,0.5487510072522159,560,681,1241,0.0,0.0008333472224537619,0.5487510072522159,0.0
840,0.7000116668611144,0.5487510072522159,560,681,1241,0.0,0.0008333472224536509,0.5487510072522159,0.0
841,0.7008450140835681,0.5487510072522159,560,681,1241,0.0,0.0008333472224537619,0.5487510072522159,0.0
842,0.7016783613060218,0.5487510072522159,560,681,1241,0.0,0.0008333472224536509,0.5487510072522159,0.0
843,0.7025117085284756,0.5487510072522159,560,681,1241,0.0,0.0008333472224537619,0.5487510072522159,0.0
844,0.7033450557509292,0.5487510072522159,560,681,1241,0.0,0.0008333472224536509,0.5487510072522159,0.0
845,0.704178402973383,0.5487510072522159,560,681,1241,0.0,0.0008333472224537619,0.5487510072522159,0.0
846,0.7050117501958366,0.5487510072522159,560,681,1241,0.0,0.0008333472224536509,0.5487510072522159,0.0
847,0.7058450974182904,0.5487510072522159,560,681,1241,0.0,0.0008333472224537619,0.5487510072522159,0.0
848,0.706678444640744,0.5487510072522159,560,681,1241,0.0,0.0008333472224536509,0.5487510072522159,0.0
849,0.7075117918631978,0.5487510072522159,560,681,1241,0.0,0.0008333472224537619,0.5487510072522159,0.0
850,0.7083451390856514,0.5487510072522159,560,681,1241,0.0,0.0008333472224536509,0.5487510072522159,0.0
851,0.7091784863081052,0.5487510072522159,560,681,1241,0.0,0.0008333472224537619,0.5487510072522159,0.0
852,0.7100118335305589,0.5487510072522159,560,681,1241,0.0,0.0008333472224536509,0.5487510072522159,0.0
853,0.7108451807530126,0.5487510072522159,560,681,1241,0.0,0.0008333472224537619,0.5487510072522159,0.0
854,0.7116785279754663,0.5487510072522159,560,681,1241,0.0,0.0008333472224536509,0.5487510072522159,0.0
855,0.71251187519792,0.5487510072522159,560,681,1241,0.0,0.0008333472224537619,0.5487510072522159,0.0
856,0.7133452224203737,0.5487510072522159,560,681,1241,0.0,0.0008333472224536509,0.5487510072522159,0.0
857,0.7141785696428274,0.5487510072522159,560,681,1241,0.0,0.0008333472224537619,0.5487510072522159,0.0
858,0.7150119168652811,0.5487510072522159,560,681,1241,0.0,0.0008333472224536509,0.5487510072522159,0.0
859,0.7158452640877349,0.5487510072522159,560,681,1241,0.0,0.0008333472224537619,0.5487510072522159,0.0
860,0.7166786113101885,0.5487510072522159,560,681,1241,0.0,0.0008333472224536509,0.5487510072522159,0.0
861,0.7175119585326423,0.5487510072522159,560,681,1241,0.0,0.0008333472224537619,0.5487510072522159,0.0
862,0.7183453057550959,0.5487510072522159,560,681,1241,0.0,0.0008333472224536509,0.5487510072522159,0.0
863,0.7191786529775497,0.5487510072522159,560,681,1241,0.0,0.0008333472224537619,0.5487510072522159,0.0
864,0.7200120002000033,0.5487510072522159,560,681,1241,0.0,0.0008333472224536509,0.5487510072522159,0.0
865,0.7208453474224571,0.5487510072522159,560,681,1241,0.0,0.0008333472224537619,0.5487510072522159,0.0
866,0.7216786946449107,0.5487510072522159,560,681,1241,0.0,0.0008333472224536509,0.5487510072522159,0.0
867,0.7225120418673645,0.5487510072522159,560,681,1241,0.0,0.0008333472224537619,0.5487510072522159,0.0
868,0.7233453890898182,0.5487510072522159,560,681,1241,0.0,0.0008333472224536509,0.5487510072522159,0.0
869,0.7241787363122719,0.5487510072522159,560,681,1241,0.0,0.0008333472224537619,0.5487510072522159,0.0
870,0.7250120835347256,0.5487510072522159,560,681,1241,0.0,0.0008333472224536509,0.5487510072522159,0.0
871,0.7258454307571793,0.5487510072522159,560,681,1241,0.0,0.0008333472224537619,0.5487510072522159,0.0
872,0.726678777979633,0.5487510072522159,560,681,1241,0.0,0.0008333472224536509,0.5487510072522159,0.0
873,0.7275121252020867,0.5487510072522159,560,681,1241,0.0,0.0008333472224537619,0.5487510072522159,0.0
874,0.7283454724245404,0.5487510072522159,560,681,1241,0.0,0.0008333472224536509,0.5487510072522159,0.0
875,0.7291788196469942,0.5487510072522159,560,681,1241,0.0,0.0008333472224537619,0.5487510072522159,0.0
876,0.7300121668694478,0.5487510072522159,560,681,1241,0.0,0.0008333472224536509,0.5487510072522159,0.0
877,0.7308455140919016,0.5487510072522159,560,681,1241,0.0,0.0008333472224537619,0.5487510072522159,0.0
878,0.7316788613143552,0.5487510072522159,560,681,1241,0.0,0.0008333472224536509,0.5487510072522159,0.0
879,0.732512208536809,0.5487510072522159,560,681,1241,0.0,0.0008333472224537619,0.5487510072522159,0.0
880,0.7333455557592626,0.5487510072522159,560,681,1241,0.0,0.0008333472224536509,0.5487510072522159,0.0
881,0.7341789029817164,0.5487510072522159,560,681,1241,0.0,0.0008333472224537619,0.5487510072522159,0.0
882,0.73501225020417,0.5487510072522159,560,681,1241,0.0,0.0008333472224536509,0.5487510072522159,0.0
883,0.7358455974266238,0.5487510072522159,560,681,1241,0.0,0.0008333472224537619,0.5487510072522159,0.0
884,0.7366789446490775,0.5487510072522159,560,681,1241,0.0,0.0008333472224536509,0.5487510072522159,0.0
885,0.7375122918715312,0.5487510072522159,560,681,1241,0.0,0.0008333472224537619,0.5487510072522159,0.0
886,0.738345639093985,0.5487510072522159,560,681,1241,0.0,0.0008333472224537619,0.5487510072522159,0.0
887,0.7391789863164386,0.5487510072522159,560,681,1241,0.0,0.0008333472224536509,0.5487510072522159,0.0
888,0.7400123335388924,0.5487510072522159,560,681,1241,0.0,0.0008333472224537619,0.5487510072522159,0.0
889,0.740845680761346,0.5487510072522159,560,681,1241,0.0,0.0008333472224536509,0.5487510072522159,0.0
890,0.7416790279837998,0.5487510072522159,560,681,1241,0.0,0.0008333472224537619,0.5487510072522159,0.0
891,0.7425123752062535,0.5487510072522159,560,681,1241,0.0,0.0008333472224536509,0.5487510072522159,0.0
892,0.7433457224287072,0.5487510072522159,560,681,1241,0.0,0.0008333472224537619,0.5487510072522159,0.0
893,0.7441790696511609,0.5487510072522159,560,681,1241,0.0,0.0008333472224536509,0.5487510072522159,0.0
894,0.7450124168736146,0.5487510072522159,560,681,1241,0.0,0.0008333472224537619,0.5487510072522159,0.0
895,0.7458457640960683,0.5487510072522159,560,681,1241,0.0,0.0008333472224536509,0.5487510072522159,0.0
896,0.746679111318522,0.5487510072522159,560,681,1241,0.0,0.0008333472224537619,0.5487510072522159,0.0
897,0.7475124585409757,0.5487510072522159,560,681,1241,0.0,0.0008333472224536509,0.5487510072522159,0.0
898,0.7483458057634295,0.5487510072522159,560,681,1241,0.0,0.0008333472224537619,0.5487510072522159,0.0
899,0.7491791529858831,0.5487510072522159,560,681,1241,0.0,0.0008333472224536509,0.5487510072522159,0.0
900,0.7500125002083369,0.5487510072522159,560,681,1241,0.0,0.0008333472224537619,0.5487510072522159,0.0
901,0.7508458474307905,0.5487510072522159,560,681,1241,0.0,0.0008333472224536509,0.5487510072522159,0.0
902,0.7516791946532443,0.5487510072522159,560,681,1241,0.0,0.0008333472224537619,0.5487510072522159,0.0
903,0.7525125418756979,0.5487510072522159,560,681,1241,0.0,0.0008333472224536509,0.5487510072522159,0.0
904,0.7533458890981517,0.5487510072522159,560,681,1241,0.0,0.0008333472224537619,0.5487510072522159,0.0
905,0.7541792363206054,0.5487510072522159,560,681,1241,0.0,0.0008333472224536509,0.5487510072522159,0.0
906,0.7550125835430591,0.5487510072522159,560,681,1241,0.0,0.0008333472224537619,0.5487510072522159,0.0
907,0.7558459307655128,0.5487510072522159,560,681,1241,0.0,0.0008333472224536509,0.5487510072522159,0.0
908,0.7566792779879665,0.5487510072522159,560,681,1241,0.0,0.0008333472224537619,0.5487510072522159,0.0
909,0.7575126252104202,0.5487510072522159,560,681,1241,0.0,0.0008333472224536509,0.5487510072522159,0.0
910,0.7583459724328739,0.5487510072522159,560,681,1241,0.0,0.0008333472224537619,0.5487510072522159,0.0
911,0.7591793196553276,0.5487510072522159,560,681,1241,0.0,0.0008333472224536509,0.5487510072522159,0.0
912,0.7600126668777814,0.5487510072522159,560,681,1241,0.0,0.0008333472224537619,0.5487510072522159,0.0
913,0.760846014100235,0.5487510072522159,560,681,1241,0.0,0.0008333472224536509,0.5487510072522159,0.0
914,0.7616793613226888,0.5487510072522159,560,681,1241,0.0,0.0008333472224537619,0.5487510072522159,0.0
915,0.7625127085451424,0.5487510072522159,560,681,1241,0.0,0.0008333472224536509,0.5487510072522159,0.0
916,0.7633460557675962,0.5487510072522159,560,681,1241,0.0,0.0008333472224537619,0.5487510072522159,0.0
917,0.7641794029900498,0.5487510072522159,560,681,1241,0.0,0.0008333472224536509,0.5487510072522159,0.0
918,0.7650127502125036,0.5487510072522159,560,681,1241,0.0,0.0008333472224537619,0.5487510072522159,0.0
919,0.7658460974349572,0.5487510072522159,560,681,1241,0.0,0.0008333472224536509,0.5487510072522159,0.0
920,0.766679444657411,0.5487510072522159,560,681,1241,0.0,0.0008333472224537619,0.5487510072522159,0.0
921,0.7675127918798647,0.5487510072522159,560,681,1241,0.0,0.0008333472224536509,0.5487510072522159,0.0
922,0.7683461391023184,0.5487510072522159,560,681,1241,0.0,0.0008333472224537619,0.5487510072522159,0.0
923,0.7691794863247721,0.5487510072522159,560,681,1241,0.0,0.0008333472224536509,0.5487510072522159,0.0
924,0.7700128335472258,0.5487510072522159,560,681,1241,0.0,0.0008333472224537619,0.5487510072522159,0.0
925,0.7708461807696795,0.5487510072522159,560,681,1241,0.0,0.0008333472224536509,0.5487510072522159,0.0
926,0.7716795279921332,0.5487510072522159,560,681,1241,0.0,0.0008333472224537619,0.5487510072522159,0.0
927,0.7725128752145869,0.5487510072522159,560,681,1241,0.0,0.0008333472224536509,0.5487510072522159,0.0
928,0.7733462224370407,0.5487510072522159,560,681,1241,0.0,0.0008333472224537619,0.5487510072522159,0.0
929,0.7741795696594943,0.5487510072522159,560,681,1241,0.0,0.0008333472224536509,0.5487510072522159,0.0
930,0.7750129168819481,0.5487510072522159,560,681,1241,0.0,0.0008333472224537619,0.5487510072522159,0.0
931,0.7758462641044018,0.5487510072522159,560,681,1241,0.0,0.0008333472224537619,0.5487510072522159,0.0
932,0.7766796113268555,0.5487510072522159,560,681,1241,0.0,0.0008333472224536509,0.5487510072522159,0.0
933,0.7775129585493092,0.5487510072522159,560,681,1241,0.0,0.0008333472224537619,0.5487510072522159,0.0
934,0.7783463057717629,0.5487510072522159,560,681,1241,0.0,0.0008333472224536509,0.5487510072522159,0.0
935,0.7791796529942167,0.5487510072522159,560,681,1241,0.0,0.0008333472224537619,0.5487510072522159,0.0
936,0.7800130002166703,0.5487510072522159,560,681,1241,0.0,0.0008333472224536509,0.5487510072522159,0.0
937,0.7808463474391241,0.5487510072522159,560,681,1241,0.0,0.0008333472224537619,0.5487510072522159,0.0
938,0.7816796946615777,0.5487510072522159,560,681,1241,0.0,0.0008333472224536509,0.5487510072522159,0.0
939,0.7825130418840315,0.5487510072522159,560,681,1241,0.0,0.0008333472224537619,0.5487510072522159,0.0
940,0.7833463891064851,0.5487510072522159,560,681,1241,0.0,0.0008333472224536509,0.5487510072522159,0.0
941,0.7841797363289389,0.5487510072522159,560,681,1241,0.0,0.0008333472224537619,0.5487510072522159,0.0
942,0.7850130835513925,0.5495568090249798,560,681,1241,0.0008058017727639033,0.0008333472224536509,0.5488315874294922,8.058017727639034e-05
943,0.7858464307738463,0.5495568090249798,560,681,1241,0.0,0.0008333472224537619,0.5489121676067686,8.058017727639034e-05
944,0.7866797779963,0.5495568090249798,560,681,1241,0.0,0.0008333472224536509,0.5489927477840449,8.058017727639034e-05
945,0.7875131252187537,0.5495568090249798,560,681,1241,0.0,0.0008333472224537619,0.5490733279613214,8.058017727639034e-05
946,0.7883464724412074,0.5495568090249798,560,681,1241,0.0,0.0008333472224536509,0.5491539081385977,8.058017727639034e-05
947,0.7891798196636611,0.5495568090249798,560,681,1241,0.0,0.0008333472224537619,0.549234488315874,8.058017727639034e-05
948,0.7900131668861148,0.5495568090249798,560,681,1241,0.0,0.0008333472224536509,0.5493150684931504,8.058017727639034e-05
949,0.7908465141085685,0.5495568090249798,560,681,1241,0.0,0.0008333472224537619,0.5493956486704267,8.058017727639034e-05
950,0.7916798613310222,0.5495568090249798,560,681,1241,0.0,0.0008333472224536509,0.5494762288477031,8.058017727639034e-05
951,0.792513208553476,0.5495568090249798,560,681,1241,0.0,0.0008333472224537619,0.5495568090249794,8.058017727639034e-05
952,0.7933465557759296,0.5495568090249798,560,681,1241,0.0,0.0008333472224536509,0.5495568090249794,0.0
953,0.7941799029983834,0.5495568090249798,560,681,1241,0.0,0.0008333472224537619,0.5495568090249794,0.0
954,0.795013250220837,0.5495568090249798,560,681,1241,0.0,0.0008333472224536509,0.5495568090249794,0.0
955,0.7958465974432908,0.5495568090249798,560,681,1241,0.0,0.0008333472224537619,0.5495568090249794,0.0
956,0.7966799446657444,0.5495568090249798,560,681,1241,0.0,0.0008333472224536509,0.5495568090249794,0.0
957,0.7975132918881982,0.5495568090249798,560,681,1241,0.0,0.0008333472224537619,0.5495568090249794,0.0
958,0.7983466391106518,0.5495568090249798,560,681,1241,0.0,0.0008333472224536509,0.5495568090249794,0.0
959,0.7991799863331056,0.5495568090249798,560,681,1241,0.0,0.0008333472224537619,0.5495568090249794,0.0
960,0.8000133335555593,0.5495568090249798,560,681,1241,0.0,0.0008333472224536509,0.5495568090249794,0.0
961,0.800846680778013,0.5495568090249798,560,681,1241,0.0,0.0008333472224537619,0.5495568090249794,0.0
962,0.8016800280004667,0.5495568090249798,560,681,1241,0.0,0.0008333472224536509,0.5495568090249794,0.0
963,0.8025133752229204,0.5495568090249798,560,681,1241,0.0,0.0008333472224537619,0.5495568090249794,0.0
964,0.8033467224453741,0.5495568090249798,560,681,1241,0.0,0.0008333472224536509,0.5495568090249794,0.0
965,0.8041800696678278,0.5495568090249798,560,681,1241,0.0,0.0008333472224537619,0.5495568090249794,0.0
966,0.8050134168902815,0.5495568090249798,560,681,1241,0.0,0.0008333472224536509,0.5495568090249794,0.0
967,0.8058467641127353,0.5495568090249798,560,681,1241,0.0,0.0008333472224537619,0.5495568090249794,0.0
968,0.8066801113351889,0.5495568090249798,560,681,1241,0.0,0.0008333472224536509,0.5495568090249794,0.0
969,0.8075134585576427,0.5495568090249798,560,681,1241,0.0,0.0008333472224537619,0.5495568090249794,0.0
970,0.8083468057800963,0.5495568090249798,560,681,1241,0.0,0.0008333472224536509,0.5495568090249794,0.0
971,0.8091801530025501,0.5495568090249798,560,681,1241,0.0,0.0008333472224537619,0.5495568090249794,0.0
972,0.8100135002250037,0.5495568090249798,560,681,1241,0.0,0.0008333472224536509,0.5495568090249794,0.0
973,0.8108468474474575,0.5495568090249798,560,681,1241,0.0,0.0008333472224537619,0.5495568090249794,0.0
974,0.8116801946699111,0.5495568090249798,560,681,1241,0.0,0.0008333472224536509,0.5495568090249794,0.0
975,0.8125135418923649,0.5495568090249798,560,681,1241,0.0,0.0008333472224537619,0.5495568090249794,0.0
976,0.8133468891148186,0.5495568090249798,560,681,1241,0.0,0.0008333472224536509,0.5495568090249794,0.0
977,0.8141802363372723,0.5495568090249798,560,681,1241,0.0,0.0008333472224537619,0.5495568090249794,0.0
978,0.8150135835597261,0.5495568090249798,560,681,1241,0.0,0.0008333472224537619,0.5495568090249794,0.0
979,0.8158469307821797,0.5495568090249798,560,681,1241,0.0,0.0008333472224536509,0.5495568090249794,0.0
980,0.8166802780046335,0.5495568090249798,560,681,1241,0.0,0.0008333472224537619,0.5495568090249794,0.0
981,0.8175136252270871,0.5495568090249798,560,681,1241,0.0,0.0008333472224536509,0.5495568090249794,0.0
982,0.8183469724495409,0.5495568090249798,560,681,1241,0.0,0.0008333472224537619,0.5495568090249794,0.0
983,0.8191803196719946,0.5495568090249798,560,681,1241,0.0,0.0008333472224536509,0.5495568090249794,0.0
984,0.8200136668944483,0.5495568090249798,560,681,1241,0.0,0.0008333472224537619,0.5495568090249794,0.0
985,0.820847014116902,0.5495568090249798,560,681,1241,0.0,0.0008333472224536509,0.5495568090249794,0.0
986,0.8216803613393557,0.5495568090249798,560,681,1241,0.0,0.0008333472224537619,0.5495568090249794,0.0
987,0.8225137085618094,0.5495568090249798,560,681,1241,0.0,0.0008333472224536509,0.5495568090249794,0.0
988,0.8233470557842631,0.5495568090249798,560,681,1241,0.0,0.0008333472224537619,0.5495568090249794,0.0
989,0.8241804030067168,0.5495568090249798,560,681,1241,0.0,0.0008333472224536509,0.5495568090249794,0.0
990,0.8250137502291706,0.5495568090249798,560,681,1241,0.0,0.0008333472224537619,0.5495568090249794,0.0
991,0.8258470974516242,0.5495568090249798,560,681,1241,0.0,0.0008333472224536509,0.5495568090249794,0.0
992,0.826680444674078,0.5495568090249798,560,681,1241,0.0,0.0008333472224537619,0.5495568090249794,0.0
993,0.8275137918965316,0.5495568090249798,560,681,1241,0.0,0.0008333472224536509,0.5495568090249794,0.0
994,0.8283471391189854,0.5495568090249798,560,681,1241,0.0,0.0008333472224537619,0.5495568090249794,0.0
995,0.829180486341439,0.5495568090249798,560,681,1241,0.0,0.0008333472224536509,0.5495568090249794,0.0
996,0.8300138335638928,0.5495568090249798,560,681,1241,0.0,0.0008333472224537619,0.5495568090249794,0.0
997,0.8308471807863465,0.5495568090249798,560,681,1241,0.0,0.0008333472224536509,0.5495568090249794,0.0
998,0.8316805280088002,0.5487510072522159,560,681,1241,-0.0008058017727639033,0.0008333472224537619,0.5494762288477031,-8.058017727639034e-05
999,0.8325138752312539,0.5487510072522159,560,681,1241,0.0,0.0008333472224536509,0.5493956486704267,-8.058017727639034e-05
1000,0.8333472224537076,0.5487510072522159,560,681,1241,0.0,0.0008333472224537619,0.5493150684931504,-8.058017727639034e-05
1001,0.8341805696761613,0.5487510072522159,560,681,1241,0.0,0.0008333472224536509,0.549234488315874,-8.058017727639034e-05
1002,0.835013916898615,0.5487510072522159,560,681,1241,0.0,0.0008333472224537619,0.5491539081385977,-8.058017727639034e-05
1003,0.8358472641210687,0.5487510072522159,560,681,1241,0.0,0.0008333472224536509,0.5490733279613214,-8.058017727639034e-05
1004,0.8366806113435225,0.5487510072522159,560,681,1241,0.0,0.0008333472224537619,0.5489927477840449,-8.058017727639034e-05
1005,0.8375139585659761,0.5487510072522159,560,681,1241,0.0,0.0008333472224536509,0.5489121676067686,-8.058017727639034e-05
1006,0.8383473057884299,0.5487510072522159,560,681,1241,0.0,0.0008333472224537619,0.5488315874294922,-8.058017727639034e-05
1007,0.8391806530108835,0.5487510072522159,560,681,1241,0.0,0.0008333472224536509,0.5487510072522159,-8.058017727639034e-05
1008,0.8400140002333373,0.5487510072522159,560,681,1241,0.0,0.0008333472224537619,0.5487510072522159,0.0
1009,0.8408473474557909,0.5487510072522159,560,681,1241,0.0,0.0008333472224536509,0.5487510072522159,0.0
1010,0.8416806946782447,0.5487510072522159,560,681,1241,0.0,0.0008333472224537619,0.5487510072522159,0.0
1011,0.8425140419006983,0.5487510072522159,560,681,1241,0.0,0.0008333472224536509,0.5487510072522159,0.0
1012,0.8433473891231521,0.5487510072522159,560,681,1241,0.0,0.0008333472224537619,0.5487510072522159,0.0
1013,0.8441807363456058,0.5487510072522159,560,681,1241,0.0,0.0008333472224536509,0.5487510072522159,0.0
1014,0.8450140835680595,0.5487510072522159,560,681,1241,0.0,0.0008333472224537619,0.5487510072522159,0.0
1015,0.8458474307905132,0.5487510072522159,560,681,1241,0.0,0.0008333472224536509,0.5487510072522159,0.0
1016,0.8466807780129669,0.5487510072522159,560,681,1241,0.0,0.0008333472224537619,0.5487510072522159,0.0
1017,0.8475141252354206,0.5487510072522159,560,681,1241,0.0,0.0008333472224536509,0.5487510072522159,0.0
1018,0.8483474724578743,0.5487510072522159,560,681,1241,0.0,0.0008333472224537619,0.5487510072522159,0.0
1019,0.849180819680328,0.5487510072522159,560,681,1241,0.0,0.0008333472224536509,0.5487510072522159,0.0
1020,0.8500141669027818,0.5487510072522159,560,681,1241,0.0,0.0008333472224537619,0.5487510072522159,0.0
1021,0.8508475141252354,0.5487510072522159,560,681,1241,0.0,0.0008333472224536509,0.5487510072522159,0.0
1022,0.8516808613476892,0.5487510072522159,560,681,1241,0.0,0.0008333472224537619,0.5487510072522159,0.0
1023,0.8525142085701428,0.5487510072522159,560,681,1241,0.0,0.0008333472224536509,0.5487510072522159,0.0
1024,0.8533475557925966,0.5487510072522159,560,681,1241,0.0,0.0008333472224537619,0.5487510072522159,0.0
1025,0.8541809030150503,0.5487510072522159,560,681,1241,0.0,0.0008333472224537619,0.5487510072522159,0.0
1026,0.855014250237504,0.5487510072522159,560,681,1241,0.0,0.0008333472224536509,0.5487510072522159,0.0
1027,0.8558475974599578,0.5487510072522159,560,681,1241,0.0,0.0008333472224537619,0.5487510072522159,0.0
1028,0.8566809446824114,0.5487510072522159,560,681,1241,0.0,0.0008333472224536509,0.5487510072522159,0.0
1029,0.8575142919048652,0.5487510072522159,560,681,1241,0.0,0.0008333472224537619,0.5487510072522159,0.0
1030,0.8583476391273188,0.5487510072522159,560,681,1241,0.0,0.0008333472224536509,0.5487510072522159,0.0
1031,0.8591809863497726,0.5487510072522159,560,681,1241,0.0,0.0008333472224537619,0.5487510072522159,0.0
1032,0.8600143335722262,0.5487510072522159,560,681,1241,0.0,0.0008333472224536509,0.5487510072522159,0.0
1033,0.86084768079468,0.5487510072522159,560,681,1241,0.0,0.0008333472224537619,0.5487510072522159,0.0
1034,0.8616810280171336,0.5487510072522159,560,681,1241,0.0,0.0008333472224536509,0.5487510072522159,0.0
1035,0.8625143752395874,0.5487510072522159,560,681,1241,0.0,0.0008333472224537619,0.5487510072522159,0.0
1036,0.8633477224620411,0.5487510072522159,560,681,1241,0.0,0.0008333472224536509,0.5487510072522159,0.0
1037,0.8641810696844948,0.5487510072522159,560,681,1241,0.0,0.0008333472224537619,0.5487510072522159,0.0
1038,0.8650144169069485,0.5487510072522159,560,681,1241,0.0,0.0008333472224536509,0.5487510072522159,0.0
1039,0.8658477641294022,0.5487510072522159,560,681,1241,0.0,0.0008333472224537619,0.5487510072522159,0.0
1040,0.8666811113518559,0.5487510072522159,560,681,1241,0.0,0.0008333472224536509,0.5487510072522159,0.0
1041,0.8675144585743096,0.5487510072522159,560,681,1241,0.0,0.0008333472224537619,0.5487510072522159,0.0
1042,0.8683478057967633,0.5487510072522159,560,681,1241,0.0,0.0008333472224536509,0.5487510072522159,0.0
1043,0.8691811530192171,0.5487510072522159,560,681,1241,0.0,0.0008333472224537619,0.5487510072522159,0.0
1044,0.8700145002416707,0.5487510072522159,560,681,1241,0.0,0.0008333472224536509,0.5487510072522159,0.0
1045,0.8708478474641245,0.5487510072522159,560,681,1241,0.0,0.0008333472224537619,0.5487510072522159,0.0
1046,0.8716811946865781,0.5487510072522159,560,681,1241,0.0,0.0008333472224536509,0.5487510072522159,0.0
1047,0.8725145419090319,0.5487510072522159,560,681,1241,0.0,0.0008333472224537619,0.5487510072522159,0.0
1048,0.8733478891314855,0.5487510072522159,560,681,1241,0.0,0.0008333472224536509,0.5487510072522159,0.0
1049,0.8741812363539393,0.5487510072522159,560,681,1241,0.0,0.0008333472224537619,0.5487510072522159,0.0
1050,0.875014583576393,0.5487510072522159,560,681,1241,0.0,0.0008333472224536509,0.5487510072522159,0.0
1051,0.8758479307988467,0.5487510072522159,560,681,1241,0.0,0.0008333472224537619,0.5487510072522159,0.0
1052,0.8766812780213004,0.5487510072522159,560,681,1241,0.0,0.0008333472224536509,0.5487510072522159,0.0
1053,0.8775146252437541,0.5487510072522159,560,681,1241,0.0,0.0008333472224537619,0.5487510072522159,0.0
1054,0.8783479724662078,0.5487510072522159,560,681,1241,0.0,0.0008333472224536509,0.5487510072522159,0.0
1055,0.8791813196886615,0.5487510072522159,560,681,1241,0.0,0.0008333472224537619,0.5487510072522159,0.0
1056,0.8800146669111152,0.5487510072522159,560,681,1241,0.0,0.0008333472224536509,0.5487510072522159,0.0
1057,0.880848014133569,0.5487510072522159,560,681,1241,0.0,0.0008333472224537619,0.5487510072522159,0.0
1058,0.8816813613560226,0.5487510072522159,560,681,1241,0.0,0.0008333472224536509,0.5487510072522159,0.0
1059,0.8825147085784764,0.5487510072522159,560,681,1241,0.0,0.0008333472224537619,0.5487510072522159,0.0
1060,0.88334805580093,0.5487510072522159,560,681,1241,0.0,0.0008333472224536509,0.5487510072522159,0.0
1061,0.8841814030233838,0.5487510072522159,560,681,1241,0.0,0.0008333472224537619,0.5487510072522159,0.0
1062,0.8850147502458374,0.5487510072522159,560,681,1241,0.0,0.0008333472224536509,0.5487510072522159,0.0
1063,0.8858480974682912,0.5487510072522159,560,681,1241,0.0,0.0008333472224537619,0.5487510072522159,0.0
1064,0.8866814446907448,0.5487510072522159,560,681,1241,0.0,0.0008333472224536509,0.5487510072522159,0.0
1065,0.8875147919131986,0.5487510072522159,560,681,1241,0.0,0.0008333472224537619,0.5487510072522159,0.0
1066,0.8883481391356522,0.5487510072522159,560,681,1241,0.0,0.0008333472224536509,0.5487510072522159,0.0
1067,0.889181486358106,0.5487510072522159,560,681,1241,0.0,0.0008333472224537619,0.5487510072522159,0.0
1068,0.8900148335805597,0.5487510072522159,560,681,1241,0.0,0.0008333472224536509,0.5487510072522159,0.0
1069,0.8908481808030134,0.5487510072522159,560,681,1241,0.0,0.0008333472224537619,0.5487510072522159,0.0
1070,0.8916815280254671,0.5487510072522159,560,681,1241,0.0,0.0008333472224536509,0.5487510072522159,0.0
1071,0.8925148752479208,0.5487510072522159,560,681,1241,0.0,0.0008333472224537619,0.5487510072522159,0.0
1072,0.8933482224703746,0.5487510072522159,560,681,1241,0.0,0.0008333472224537619,0.5487510072522159,0.0
1073,0.8941815696928282,0.5487510072522159,560,681,1241,0.0,0.0008333472224536509,0.5487510072522159,0.0
1074,0.895014916915282,0.5487510072522159,560,681,1241,0.0,0.0008333472224537619,0.5487510072522159,0.0
1075,0.8958482641377357,0.5487510072522159,560,681,1241,0.0,0.0008333472224536509,0.5487510072522159,0.0
1076,0.8966816113601894,0.5487510072522159,560,681,1241,0.0,0.0008333472224537619,0.5487510072522159,0.0
1077,0.8975149585826431,0.5487510072522159,560,681,1241,0.0,0.0008333472224536509,0.5487510072522159,0.0
1078,0.8983483058050968,0.5487510072522159,560,681,1241,0.0,0.0008333472224537619,0.5487510072522159,0.0
1079,0.8991816530275505,0.5487510072522159,560,681,1241,0.0,0.0008333472224536509,0.5487510072522159,0.0
1080,0.9000150002500042,0.5487510072522159,560,681,1241,0.0,0.0008333472224537619,0.5487510072522159,0.0
1081,0.9008483474724579,0.5487510072522159,560,681,1241,0.0,0.0008333472224536509,0.5487510072522159,0.0
1082,0.9016816946949117,0.5487510072522159,560,681,1241,0.0,0.0008333472224537619,0.5487510072522159,0.0
1083,0.9025150419173653,0.5487510072522159,560,681,1241,0.0,0.0008333472224536509,0.5487510072522159,0.0
1084,0.9033483891398191,0.5487510072522159,560,681,1241,0.0,0.0008333472224537619,0.5487510072522159,0.0
1085,0.9041817363622727,0.5487510072522159,560,681,1241,0.0,0.0008333472224536509,0.5487510072522159,0.0
1086,0.9050150835847265,0.5487510072522159,560,681,1241,0.0,0.0008333472224537619,0.5487510072522159,0.0
1087,0.9058484308071801,0.5487510072522159,560,681,1241,0.0,0.0008333472224536509,0.5487510072522159,0.0
1088,0.9066817780296339,0.5487510072522159,560,681,1241,0.0,0.0008333472224537619,0.5487510072522159,0.0
1089,0.9075151252520876,0.5487510072522159,560,681,1241,0.0,0.0008333472224536509,0.5487510072522159,0.0
1090,0.9083484724745413,0.5487510072522159,560,681,1241,0.0,0.0008333472224537619,0.5487510072522159,0.0
1091,0.909181819696995,0.5487510072522159,560,681,1241,0.0,0.0008333472224536509,0.5487510072522159,0.0
1092,0.9100151669194487,0.5487510072522159,560,681,1241,0.0,0.0008333472224537619,0.5487510072522159,0.0
1093,0.9108485141419024,0.5487510072522159,560,681,1241,0.0,0.0008333472224536509,0.5487510072522159,0.0
1094,0.9116818613643561,0.5487510072522159,560,681,1241,0.0,0.0008333472224537619,0.5487510072522159,0.0
1095,0.9125152085868098,0.5487510072522159,560,681,1241,0.0,0.0008333472224536509,0.5487510072522159,0.0
1096,0.9133485558092636,0.5487510072522159,560,681,1241,0.0,0.0008333472224537619,0.5487510072522159,0.0
1097,0.9141819030317172,0.5487510072522159,560,681,1241,0.0,0.0008333472224536509,0.5487510072522159,0.0
1098,0.915015250254171,0.5487510072522159,560,681,1241,0.0,0.0008333472224537619,0.5487510072522159,0.0
1099,0.9158485974766246,0.5487510072522159,560,681,1241,0.0,0.0008333472224536509,0.5487510072522159,0.0
1100,0.9166819446990784,0.5487510072522159,560,681,1241,0.0,0.0008333472224537619,0.5487510072522159,0.0
1101,0.917515291921532,0.5487510072522159,560,681,1241,0.0,0.0008333472224536509,0.5487510072522159,0.0
1102,0.9183486391439858,0.5487510072522159,560,681,1241,0.0,0.0008333472224537619,0.5487510072522159,0.0
1103,0.9191819863664394,0.5487510072522159,560,681,1241,0.0,0.0008333472224536509,0.5487510072522159,0.0
1104,0.9200153335888932,0.5487510072522159,560,681,1241,0.0,0.0008333472224537619,0.5487510072522159,0.0
1105,0.9208486808113469,0.5487510072522159,560,681,1241,0.0,0.0008333472224536509,0.5487510072522159,0.0
1106,0.9216820280338006,0.5487510072522159,560,681,1241,0.0,0.0008333472224537619,0.5487510072522159,0.0
1107,0.9225153752562543,0.5487510072522159,560,681,1241,0.0,0.0008333472224536509,0.5487510072522159,0.0
1108,0.923348722478708,0.5487510072522159,560,681,1241,0.0,0.0008333472224537619,0.5487510072522159,0.0
1109,0.9241820697011617,0.5487510072522159,560,681,1241,0.0,0.0008333472224536509,0.5487510072522159,0.0
1110,0.9250154169236154,0.5487510072522159,560,681,1241,0.0,0.0008333472224537619,0.5487510072522159,0.0
1111,0.9258487641460691,0.5487510072522159,560,681,1241,0.0,0.0008333472224536509,0.5487510072522159,0.0
1112,0.9266821113685229,0.5487510072522159,560,681,1241,0.0,0.0008333472224537619,0.5487510072522159,0.0
1113,0.9275154585909765,0.5487510072522159,560,681,1241,0.0,0.0008333472224536509,0.5487510072522159,0.0
1114,0.9283488058134303,0.5487510072522159,560,681,1241,0.0,0.0008333472224537619,0.5487510072522159,0.0
1115,0.9291821530358839,0.5487510072522159,560,681,1241,0.0,0.0008333472224536509,0.5487510072522159,0.0
1116,0.9300155002583377,0.5487510072522159,560,681,1241,0.0,0.0008333472224537619,0.5487510072522159,0.0
1117,0.9308488474807913,0.5487510072522159,560,681,1241,0.0,0.0008333472224536509,0.5487510072522159,0.0
1118,0.9316821947032451,0.5487510072522159,560,681,1241,0.0,0.0008333472224537619,0.5487510072522159,0.0
1119,0.9325155419256989,0.5487510072522159,560,681,1241,0.0,0.0008333472224537619,0.5487510072522159,0.0
1120,0.9333488891481525,0.5487510072522159,560,681,1241,0.0,0.0008333472224536509,0.5487510072522159,0.0
1121,0.9341822363706063,0.5487510072522159,560,681,1241,0.0,0.0008333472224537619,0.5487510072522159,0.0
1122,0.9350155835930599,0.5487510072522159,560,681,1241,0.0,0.0008333472224536509,0.5487510072522159,0.0
1123,0.9358489308155137,0.5487510072522159,560,681,1241,0.0,0.0008333472224537619,0.5487510072522159,0.0
1124,0.9366822780379673,0.5487510072522159,560,681,1241,0.0,0.0008333472224536509,0.5487510072522159,0.0
1125,0.9375156252604211,0.5487510072522159,560,681,1241,0.0,0.0008333472224537619,0.5487510072522159,0.0
1126,0.9383489724828747,0.5487510072522159,560,681,1241,0.0,0.0008333472224536509,0.5487510072522159,0.0
1127,0.9391823197053285,0.5487510072522159,560,681,1241,0.0,0.0008333472224537619,0.5487510072522159,0.0
1128,0.9400156669277822,0.5487510072522159,560,681,1241,0.0,0.0008333472224536509,0.5487510072522159,0.0
1129,0.9408490141502359,0.5487510072522159,560,681,1241,0.0,0.0008333472224537619,0.5487510072522159,0.0
1130,0.9416823613726896,0.5487510072522159,560,681,1241,0.0,0.0008333472224536509,0.5487510072522159,0.0
1131,0.9425157085951433,0.5487510072522159,560,681,1241,0.0,0.0008333472224537619,0.5487510072522159,0.0
1132,0.943349055817597,0.5487510072522159,560,681,1241,0.0,0.0008333472224536509,0.5487510072522159,0.0
1133,0.9441824030400507,0.5487510072522159,560,681,1241,0.0,0.0008333472224537619,0.5487510072522159,0.0
1134,0.9450157502625044,0.5487510072522159,560,681,1241,0.0,0.0008333472224536509,0.5487510072522159,0.0
1135,0.9458490974849582,0.5487510072522159,560,681,1241,0.0,0.0008333472224537619,0.5487510072522159,0.0
1136,0.9466824447074118,0.5487510072522159,560,681,1241,0.0,0.0008333472224536509,0.5487510072522159,0.0
1137,0.9475157919298656,0.5487510072522159,560,681,1241,0.0,0.0008333472224537619,0.5487510072522159,0.0
1138,0.9483491391523192,0.5487510072522159,560,681,1241,0.0,0.0008333472224536509,0.5487510072522159,0.0
1139,0.949182486374773,0.5487510072522159,560,681,1241,0.0,0.0008333472224537619,0.5487510072522159,0.0
1140,0.9500158335972266,0.5487510072522159,560,681,1241,0.0,0.0008333472224536509,0.5487510072522159,0.0
1141,0.9508491808196804,0.5487510072522159,560,681,1241,0.0,0.0008333472224537619,0.5487510072522159,0.0
1142,0.951682528042134,0.5487510072522159,560,681,1241,0.0,0.0008333472224536509,0.5487510072522159,0.0
1143,0.9525158752645878,0.5487510072522159,560,681,1241,0.0,0.0008333472224537619,0.5487510072522159,0.0
1144,0.9533492224870415,0.5487510072522159,560,681,1241,0.0,0.0008333472224536509,0.5487510072522159,0.0
1145,0.9541825697094952,0.5487510072522159,560,681,1241,0.0,0.0008333472224537619,0.5487510072522159,0.0
1146,0.9550159169319489,0.5487510072522159,560,681,1241,0.0,0.0008333472224536509,0.5487510072522159,0.0
1147,0.9558492641544026,0.5487510072522159,560,681,1241,0.0,0.0008333472224537619,0.5487510072522159,0.0
1148,0.9566826113768563,0.5487510072522159,560,681,1241,0.0,0.0008333472224536509,0.5487510072522159,0.0
1149,0.95751595859931,0.5487510072522159,560,681,1241,0.0,0.0008333472224537619,0.5487510072522159,0.0
1150,0.9583493058217637,0.5487510072522159,560,681,1241,0.0,0.0008333472224536509,0.5487510072522159,0.0
1151,0.9591826530442175,0.5487510072522159,560,681,1241,0.0,0.0008333472224537619,0.5487510072522159,0.0
1152,0.9600160002666711,0.5487510072522159,560,681,1241,0.0,0.0008333472224536509,0.5487510072522159,0.0
1153,0.9608493474891249,0.5487510072522159,560,681,1241,0.0,0.0008333472224537619,0.5487510072522159,0.0
1154,0.9616826947115785,0.5487510072522159,560,681,1241,0.0,0.0008333472224536509,0.5487510072522159,0.0
1155,0.9625160419340323,0.5487510072522159,560,681,1241,0.0,0.0008333472224537619,0.5487510072522159,0.0
1156,0.9633493891564859,0.5487510072522159,560,681,1241,0.0,0.0008333472224536509,0.5487510072522159,0.0
1157,0.9641827363789397,0.5487510072522159,560,681,1241,0.0,0.0008333472224537619,0.5487510072522159,0.0
1158,0.9650160836013933,0.5487510072522159,560,681,1241,0.0,0.0008333472224536509,0.5487510072522159,0.0
1159,0.9658494308238471,0.5487510072522159,560,681,1241,0.0,0.0008333472224537619,0.5487510072522159,0.0
1160,0.9666827780463008,0.5487510072522159,560,681,1241,0.0,0.0008333472224536509,0.5487510072522159,0.0
1161,0.9675161252687545,0.5487510072522159,560,681,1241,0.0,0.0008333472224537619,0.5487510072522159,0.0
1162,0.9683494724912082,0.5487510072522159,560,681,1241,0.0,0.0008333472224536509,0.5487510072522159,0.0
1163,0.9691828197136619,0.5487510072522159,560,681,1241,0.0,0.0008333472224537619,0.5487510072522159,0.0
1164,0.9700161669361157,0.5487510072522159,560,681,1241,0.0,0.0008333472224537619,0.5487510072522159,0.0
1165,0.9708495141585693,0.5487510072522159,560,681,1241,0.0,0.0008333472224536509,0.5487510072522159,0.0
1166,0.9716828613810231,0.5487510072522159,560,681,1241,0.0,0.0008333472224537619,0.5487510072522159,0.0
1167,0.9725162086034768,0.5487510072522159,560,681,1241,0.0,0.0008333472224536509,0.5487510072522159,0.0
1168,0.9733495558259305,0.5487510072522159,560,681,1241,0.0,0.0008333472224537619,0.5487510072522159,0.0
1169,0.9741829030483842,0.5487510072522159,560,681,1241,0.0,0.0008333472224536509,0.5487510072522159,0.0
1170,0.9750162502708379,0.5487510072522159,560,681,1241,0.0,0.0008333472224537619,0.5487510072522159,0.0
1171,0.9758495974932916,0.5487510072522159,560,681,1241,0.0,0.0008333472224536509,0.5487510072522159,0.0
1172,0.9766829447157453,0.5487510072522159,560,681,1241,0.0,0.0008333472224537619,0.5487510072522159,0.0
1173,0.977516291938199,0.5487510072522159,560,681,1241,0.0,0.0008333472224536509,0.5487510072522159,0.0
1174,0.9783496391606528,0.5487510072522159,560,681,1241,0.0,0.0008333472224537619,0.5487510072522159,0.0
1175,0.9791829863831064,0.5487510072522159,560,681,1241,0.0,0.0008333472224536509,0.5487510072522159,0.0
1176,0.9800163336055602,0.5487510072522159,560,681,1241,0.0,0.0008333472224537619,0.5487510072522159,0.0
1177,0.9808496808280138,0.5487510072522159,560,681,1241,0.0,0.0008333472224536509,0.5487510072522159,0.0
1178,0.9816830280504676,0.5487510072522159,560,681,1241,0.0,0.0008333472224537619,0.5487510072522159,0.0
1179,0.9825163752729212,0.5487510072522159,560,681,1241,0.0,0.0008333472224536509,0.5487510072522159,0.0
1180,0.983349722495375,0.5487510072522159,560,681,1241,0.0,0.0008333472224537619,0.5487510072522159,0.0
1181,0.9841830697178287,0.5487510072522159,560,681,1241,0.0,0.0008333472224536509,0.5487510072522159,0.0
1182,0.9850164169402824,0.5487510072522159,560,681,1241,0.0,0.0008333472224537619,0.5487510072522159,0.0
1183,0.9858497641627361,0.5487510072522159,560,681,1241,0.0,0.0008333472224536509,0.5487510072522159,0.0
1184,0.9866831113851898,0.5487510072522159,560,681,1241,0.0,0.0008333472224537619,0.5487510072522159,0.0
1185,0.9875164586076435,0.5487510072522159,560,681,1241,0.0,0.0008333472224536509,0.5487510072522159,0.0
1186,0.9883498058300972,0.5487510072522159,560,681,1241,0.0,0.0008333472224537619,0.5487510072522159,0.0
1187,0.9891831530525509,0.5487510072522159,560,681,1241,0.0,0.0008333472224536509,0.5487510072522159,0.0
1188,0.9900165002750047,0.5487510072522159,560,681,1241,0.0,0.0008333472224537619,0.5487510072522159,0.0
1189,0.9908498474974583,0.5487510072522159,560,681,1241,0.0,0.0008333472224536509,0.5487510072522159,0.0
1190,0.9916831947199121,0.5487510072522159,560,681,1241,0.0,0.0008333472224537619,0.5487510072522159,0.0
1191,0.9925165419423657,0.5487510072522159,560,681,1241,0.0,0.0008333472224536509,0.5487510072522159,0.0
1192,0.9933498891648195,0.5487510072522159,560,681,1241,0.0,0.0008333472224537619,0.5487510072522159,0.0
1193,0.9941832363872731,0.5487510072522159,560,681,1241,0.0,0.0008333472224536509,0.5487510072522159,0.0
1194,0.9950165836097269,0.5487510072522159,560,681,1241,0.0,0.0008333472224537619,0.5487510072522159,0.0
1195,0.9958499308321805,0.5487510072522159,560,681,1241,0.0,0.0008333472224536509,0.5487510072522159,0.0
1196,0.9966832780546343,0.5487510072522159,560,681,1241,0.0,0.0008333472224537619,0.5487510072522159,0.0
1197,0.997516625277088,0.5487510072522159,560,681,1241,0.0,0.0008333472224536509,0.5487510072522159,0.0
1198,0.9983499724995417,0.5487510072522159,560,681,1241,0.0,0.0008333472224537619,0.5487510072522159,0.0
1199,0.9991833197219954,0.5487510072522159,560,681,1241,0.0,0.0008333472224536509,0.5487510072522159,0.0
1200,1.000016666944449,0.5487510072522159,560,681,1241,0.0,0.0008333472224536509,0.5487510072522159,0.0
1201,1.0008500141669028,0.5487510072522159,560,681,1241,0.0,0.0008333472224537619,0.5487510072522159,0.0
1202,1.0016833613893565,0.5487510072522159,560,681,1241,0.0,0.0008333472224537619,0.5487510072522159,0.0
1203,1.0025167086118103,0.5487510072522159,560,681,1241,0.0,0.0008333472224537619,0.5487510072522159,0.0
1204,1.0033500558342638,0.5487510072522159,560,681,1241,0.0,0.0008333472224535399,0.5487510072522159,0.0
1205,1.0041834030567176,0.5487510072522159,560,681,1241,0.0,0.0008333472224537619,0.5487510072522159,0.0
1206,1.0050167502791714,0.5487510072522159,560,681,1241,0.0,0.0008333472224537619,0.5487510072522159,0.0
1207,1.0058500975016251,0.5487510072522159,560,681,1241,0.0,0.0008333472224537619,0.5487510072522159,0.0
1208,1.0066834447240787,0.5487510072522159,560,681,1241,0.0,0.0008333472224535399,0.5487510072522159,0.0
1209,1.0075167919465324,0.5487510072522159,560,681,1241,0.0,0.0008333472224537619,0.5487510072522159,0.0
1210,1.0083501391689862,0.5487510072522159,560,681,1241,0.0,0.0008333472224537619,0.5487510072522159,0.0
1211,1.00918348639144,0.5487510072522159,560,681,1241,0.0,0.0008333472224537619,0.5487510072522159,0.0
1212,1.0100168336138937,0.5487510072522159,560,681,1241,0.0,0.0008333472224537619,0.5487510072522159,0.0
1213,1.0108501808363473,0.5487510072522159,560,681,1241,0.0,0.0008333472224535399,0.5487510072522159,0.0
1214,1.011683528058801,0.5487510072522159,560,681,1241,0.0,0.0008333472224537619,0.5487510072522159,0.0
1215,1.0125168752812548,0.5487510072522159,560,681,1241,0.0,0.0008333472224537619,0.5487510072522159,0.0
1216,1.0133502225037085,0.5487510072522159,560,681,1241,0.0,0.0008333472224537619,0.5487510072522159,0.0
1217,1.014183569726162,0.5487510072522159,560,681,1241,0.0,0.0008333472224535399,0.5487510072522159,0.0
1218,1.0150169169486158,0.5487510072522159,560,681,1241,0.0,0.0008333472224537619,0.5487510072522159,0.0
1219,1.0158502641710696,0.5487510072522159,560,681,1241,0.0,0.0008333472224537619,0.5487510072522159,0.0
1220,1.0166836113935234,0.5487510072522159,560,681,1241,0.0,0.0008333472224537619,0.5487510072522159,0.0
1221,1.017516958615977,0.5487510072522159,560,681,1241,0.0,0.0008333472224535399,0.5487510072522159,0.0
1222,1.0183503058384307,0.5487510072522159,560,681,1241,0.0,0.0008333472224537619,0.5487510072522159,0.0
1223,1.0191836530608844,0.5487510072522159,560,681,1241,0.0,0.0008333472224537619,0.5487510072522159,0.0
1224,1.0200170002833382,0.5487510072522159,560,681,1241,0.0,0.0008333472224537619,0.5487510072522159,0.0
1225,1.0208503475057917,0.5487510072522159,560,681,1241,0.0,0.0008333472224535399,0.5487510072522159,0.0
1226,1.0216836947282455,0.5487510072522159,560,681,1241,0.0,0.0008333472224537619,0.5487510072522159,0.0
1227,1.0225170419506993,0.5487510072522159,560,681,1241,0.0,0.0008333472224537619,0.5487510072522159,0.0
1228,1.023350389173153,0.5487510072522159,560,681,1241,0.0,0.0008333472224537619,0.5487510072522159,0.0
1229,1.0241837363956066,0.5487510072522159,560,681,1241,0.0,0.0008333472224535399,0.5487510072522159,0.0
1230,1.0250170836180603,0.5487510072522159,560,681,1241,0.0,0.0008333472224537619,0.5487510072522159,0.0
1231,1.025850430840514,0.5487510072522159,560,681,1241,0.0,0.0008333472224537619,0.5487510072522159,0.0
1232,1.0266837780629678,0.5487510072522159,560,681,1241,0.0,0.0008333472224537619,0.5487510072522159,0.0
1233,1.0275171252854214,0.5487510072522159,560,681,1241,0.0,0.0008333472224535399,0.5487510072522159,0.0
1234,1.0283504725078751,0.5487510072522159,560,681,1241,0.0,0.0008333472224537619,0.5487510072522159,0.0
1235,1.029183819730329,0.5487510072522159,560,681,1241,0.0,0.0008333472224537619,0.5487510072522159,0.0
1236,1.0300171669527827,0.5487510072522159,560,681,1241,0.0,0.0008333472224537619,0.5487510072522159,0.0
1237,1.0308505141752362,0.5487510072522159,560,681,1241,0.0,0.0008333472224535399,0.5487510072522159,0.0
1238,1.03168386139769,0.5487510072522159,560,681,1241,0.0,0.0008333472224537619,0.5487510072522159,0.0
1239,1.0325172086201437,0.5487510072522159,560,681,1241,0.0,0.0008333472224537619,0.5487510072522159,0.0
1240,1.0333505558425975,0.5487510072522159,560,681,1241,0.0,0.0008333472224537619,0.5487510072522159,0.0
1241,1.034183903065051,0.5487510072522159,560,681,1241,0.0,0.0008333472224535399,0.5487510072522159,0.0
1242,1.0350172502875048,0.5487510072522159,560,681,1241,0.0,0.0008333472224537619,0.5487510072522159,0.0
1243,1.0358505975099586,0.5487510072522159,560,681,1241,0.0,0.0008333472224537619,0.5487510072522159,0.0
1244,1.0366839447324123,0.5487510072522159,560,681,1241,0.0,0.0008333472224537619,0.5487510072522159,0.0
1245,1.0375172919548659,0.5487510072522159,560,681,1241,0.0,0.0008333472224535399,0.5487510072522159,0.0
1246,1.0383506391773196,0.5487510072522159,560,681,1241,0.0,0.0008333472224537619,0.5487510072522159,0.0
1247,1.0391839863997734,0.5487510072522159,560,681,1241,0.0,0.0008333472224537619,0.5487510072522159,0.0
1248,1.0400173336222271,0.5487510072522159,560,681,1241,0.0,0.0008333472224537619,0.5487510072522159,0.0
1249,1.0408506808446807,0.5487510072522159,560,681,1241,0.0,0.0008333472224535399,0.5487510072522159,0.0
1250,1.0416840280671344,0.5487510072522159,560,681,1241,0.0,0.0008333472224537619,0.5487510072522159,0.0
1251,1.0425173752895882,0.5487510072522159,560,681,1241,0.0,0.0008333472224537619,0.5487510072522159,0.0
1252,1.043350722512042,0.5487510072522159,560,681,1241,0.0,0.0008333472224537619,0.5487510072522159,0.0
1253,1.0441840697344955,0.5487510072522159,560,681,1241,0.0,0.0008333472224535399,0.5487510072522159,0.0
1254,1.0450174169569493,0.5487510072522159,560,681,1241,0.0,0.0008333472224537619,0.5487510072522159,0.0
1255,1.045850764179403,0.5487510072522159,560,681,1241,0.0,0.0008333472224537619,0.5487510072522159,0.0
1256,1.0466841114018568,0.5487510072522159,560,681,1241,0.0,0.0008333472224537619,0.5487510072522159,0.0
1257,1.0475174586243106,0.5487510072522159,560,681,1241,0.0,0.0008333472224537619,0.5487510072522159,0.0
1258,1.048350805846764,0.5487510072522159,560,681,1241,0.0,0.0008333472224535399,0.5487510072522159,0.0
1259,1.0491841530692179,0.5487510072522159,560,681,1241,0.0,0.0008333472224537619,0.5487510072522159,0.0
1260,1.0500175002916716,0.5487510072522159,560,681,1241,0.0,0.0008333472224537619,0.5487510072522159,0.0
1261,1.0508508475141254,0.5487510072522159,560,681,1241,0.0,0.0008333472224537619,0.5487510072522159,0.0
1262,1.051684194736579,0.5487510072522159,560,681,1241,0.0,0.0008333472224535399,0.5487510072522159,0.0
1263,1.0525175419590327,0.5487510072522159,560,681,1241,0.0,0.0008333472224537619,0.5487510072522159,0.0
1264,1.0533508891814864,0.5487510072522159,560,681,1241,0.0,0.0008333472224537619,0.5487510072522159,0.0
1265,1.0541842364039402,0.5487510072522159,560,681,1241,0.0,0.0008333472224537619,0.5487510072522159,0.0
1266,1.0550175836263938,0.5487510072522159,560,681,1241,0.0,0.0008333472224535399,0.5487510072522159,0.0
1267,1.0558509308488475,0.5487510072522159,560,681,1241,0.0,0.0008333472224537619,0.5487510072522159,0.0
1268,1.0566842780713013,0.5487510072522159,560,681,1241,0.0,0.0008333472224537619,0.5487510072522159,0.0
1269,1.057517625293755,0.5487510072522159,560,681,1241,0.0,0.0008333472224537619,0.5487510072522159,0.0
1270,1.0583509725162086,0.5487510072522159,560,681,1241,0.0,0.0008333472224535399,0.5487510072522159,0.0
1271,1.0591843197386623,0.5487510072522159,560,681,1241,0.0,0.0008333472224537619,0.5487510072522159,0.0
1272,1.060017666961116,0.5487510072522159,560,681,1241,0.0,0.0008333472224537619,0.5487510072522159,0.0
1273,1.0608510141835699,0.5487510072522159,560,681,1241,0.0,0.0008333472224537619,0.5487510072522159,0.0
1274,1.0616843614060234,0.5487510072522159,560,681,1241,0.0,0.0008333472224535399,0.5487510072522159,0.0
1275,1.0625177086284772,0.5487510072522159,560,681,1241,0.0,0.0008333472224537619,0.5487510072522159,0.0
1276,1.063351055850931,0.5487510072522159,560,681,1241,0.0,0.0008333472224537619,0.5487510072522159,0.0
1277,1.0641844030733847,0.5487510072522159,560,681,1241,0.0,0.0008333472224537619,0.5487510072522159,0.0
1278,1.0650177502958382,0.5487510072522159,560,681,1241,0.0,0.0008333472224535399,0.5487510072522159,0.0
1279,1.065851097518292,0.5487510072522159,560,681,1241,0.0,0.0008333472224537619,0.5487510072522159,0.0
1280,1.0666844447407458,0.5487510072522159,560,681,1241,0.0,0.0008333472224537619,0.5487510072522159,0.0
1281,1.0675177919631995,0.5487510072522159,560,681,1241,0.0,0.0008333472224537619,0.5487510072522159,0.0
1282,1.068351139185653,0.5487510072522159,560,681,1241,0.0,0.0008333472224535399,0.5487510072522159,0.0
1283,1.0691844864081068,0.5487510072522159,560,681,1241,0.0,0.0008333472224537619,0.5487510072522159,0.0
1284,1.0700178336305606,0.5487510072522159,560,681,1241,0.0,0.0008333472224537619,0.5487510072522159,0.0
1285,1.0708511808530143,0.5487510072522159,560,681,1241,0.0,0.0008333472224537619,0.5487510072522159,0.0
1286,1.0716845280754679,0.5487510072522159,560,681,1241,0.0,0.0008333472224535399,0.5487510072522159,0.0
1287,1.0725178752979216,0.5487510072522159,560,681,1241,0.0,0.0008333472224537619,0.5487510072522159,0.0
1288,1.0733512225203754,0.5487510072522159,560,681,1241,0.0,0.0008333472224537619,0.5487510072522159,0.0
1289,1.0741845697428292,0.5487510072522159,560,681,1241,0.0,0.0008333472224537619,0.5487510072522159,0.0
1290,1.0750179169652827,0.5487510072522159,560,681,1241,0.0,0.0008333472224535399,0.5487510072522159,0.0
1291,1.0758512641877365,0.5487510072522159,560,681,1241,0.0,0.0008333472224537619,0.5487510072522159,0.0
1292,1.0766846114101902,0.5487510072522159,560,681,1241,0.0,0.0008333472224537619,0.5487510072522159,0.0
1293,1.077517958632644,0.5487510072522159,560,681,1241,0.0,0.0008333472224537619,0.5487510072522159,0.0
1294,1.0783513058550975,0.5487510072522159,560,681,1241,0.0,0.0008333472224535399,0.5487510072522159,0.0
1295,1.0791846530775513,0.5487510072522159,560,681,1241,0.0,0.0008333472224537619,0.5487510072522159,0.0
1296,1.080018000300005,0.5487510072522159,560,681,1241,0.0,0.0008333472224537619,0.5487510072522159,0.0
1297,1.0808513475224588,0.5487510072522159,560,681,1241,0.0,0.0008333472224537619,0.5487510072522159,0.0
1298,1.0816846947449124,0.5487510072522159,560,681,1241,0.0,0.0008333472224535399,0.5487510072522159,0.0
1299,1.0825180419673661,0.5487510072522159,560,681,1241,0.0,0.0008333472224537619,0.5487510072522159,0.0
1300,1.0833513891898199,0.5487510072522159,560,681,1241,0.0,0.0008333472224537619,0.5487510072522159,0.0
1301,1.0841847364122736,0.5487510072522159,560,681,1241,0.0,0.0008333472224537619,0.5487510072522159,0.0
1302,1.0850180836347272,0.5487510072522159,560,681,1241,0.0,0.0008333472224535399,0.5487510072522159,0.0
1303,1.085851430857181,0.5487510072522159,560,681,1241,0.0,0.0008333472224537619,0.5487510072522159,0.0
1304,1.0866847780796347,0.5487510072522159,560,681,1241,0.0,0.0008333472224537619,0.5487510072522159,0.0
1305,1.0875181253020885,0.5487510072522159,560,681,1241,0.0,0.0008333472224537619,0.5487510072522159,0.0
1306,1.0883514725245422,0.5487510072522159,560,681,1241,0.0,0.0008333472224537619,0.5487510072522159,0.0
1307,1.0891848197469958,0.5487510072522159,560,681,1241,0.0,0.0008333472224535399,0.5487510072522159,0.0
1308,1.0900181669694495,0.5487510072522159,560,681,1241,0.0,0.0008333472224537619,0.5487510072522159,0.0
1309,1.0908515141919033,0.5487510072522159,560,681,1241,0.0,0.0008333472224537619,0.5487510072522159,0.0
1310,1.091684861414357,0.5487510072522159,560,681,1241,0.0,0.0008333472224537619,0.5487510072522159,0.0
1311,1.0925182086368106,0.5487510072522159,560,681,1241,0.0,0.0008333472224535399,0.5487510072522159,0.0
1312,1.0933515558592644,0.5487510072522159,560,681,1241,0.0,0.0008333472224537619,0.5487510072522159,0.0
1313,1.0941849030817181,0.5487510072522159,560,681,1241,0.0,0.0008333472224537619,0.5487510072522159,0.0
1314,1.0950182503041719,0.5487510072522159,560,681,1241,0.0,0.0008333472224537619,0.5487510072522159,0.0
1315,1.0958515975266254,0.5487510072522159,560,681,1241,0.0,0.0008333472224535399,0.5487510072522159,0.0
1316,1.0966849447490792,0.5487510072522159,560,681,1241,0.0,0.0008333472224537619,0.5487510072522159,0.0
1317,1.097518291971533,0.5487510072522159,560,681,1241,0.0,0.0008333472224537619,0.5487510072522159,0.0
1318,1.0983516391939867,0.5487510072522159,560,681,1241,0.0,0.0008333472224537619,0.5487510072522159,0.0
1319,1.0991849864164402,0.5487510072522159,560,681,1241,0.0,0.0008333472224535399,0.5487510072522159,0.0
1320,1.100018333638894,0.5487510072522159,560,681,1241,0.0,0.0008333472224537619,0.5487510072522159,0.0
1321,1.1008516808613478,0.5487510072522159,560,681,1241,0.0,0.0008333472224537619,0.5487510072522159,0.0
1322,1.1016850280838015,0.5487510072522159,560,681,1241,0.0,0.0008333472224537619,0.5487510072522159,0.0
1323,1.102518375306255,0.5487510072522159,560,681,1241,0.0,0.0008333472224535399,0.5487510072522159,0.0
1324,1.1033517225287088,0.5487510072522159,560,681,1241,0.0,0.0008333472224537619,0.5487510072522159,0.0
1325,1.1041850697511626,0.5487510072522159,560,681,1241,0.0,0.0008333472224537619,0.5487510072522159,0.0
1326,1.1050184169736164,0.5487510072522159,560,681,1241,0.0,0.0008333472224537619,0.5487510072522159,0.0
1327,1.10585176419607,0.5487510072522159,560,681,1241,0.0,0.0008333472224535399,0.5487510072522159,0.0
1328,1.1066851114185237,0.5487510072522159,560,681,1241,0.0,0.0008333472224537619,0.5487510072522159,0.0
1329,1.1075184586409774,0.5487510072522159,560,681,1241,0.0,0.0008333472224537619,0.5487510072522159,0.0
1330,1.1083518058634312,0.5487510072522159,560,681,1241,0.0,0.0008333472224537619,0.5487510072522159,0.0
1331,1.1091851530858847,0.5487510072522159,560,681,1241,0.0,0.0008333472224535399,0.5487510072522159,0.0
1332,1.1100185003083385,0.5487510072522159,560,681,1241,0.0,0.0008333472224537619,0.5487510072522159,0.0
1333,1.1108518475307922,0.5487510072522159,560,681,1241,0.0,0.0008333472224537619,0.5487510072522159,0.0
1334,1.111685194753246,0.5487510072522159,560,681,1241,0.0,0.0008333472224537619,0.5487510072522159,0.0
1335,1.1125185419756995,0.5487510072522159,560,681,1241,0.0,0.0008333472224535399,0.5487510072522159,0.0
1336,1.1133518891981533,0.5487510072522159,560,681,1241,0.0,0.0008333472224537619,0.5487510072522159,0.0
1337,1.114185236420607,0.5487510072522159,560,681,1241,0.0,0.0008333472224537619,0.5487510072522159,0.0
1338,1.1150185836430608,0.5487510072522159,560,681,1241,0.0,0.0008333472224537619,0.5487510072522159,0.0
1339,1.1158519308655144,0.5487510072522159,560,681,1241,0.0,0.0008333472224535399,0.5487510072522159,0.0
1340,1.1166852780879681,0.5487510072522159,560,681,1241,0.0,0.0008333472224537619,0.5487510072522159,0.0
1341,1.117518625310422,0.5487510072522159,560,681,1241,0.0,0.0008333472224537619,0.5487510072522159,0.0
1342,1.1183519725328757,0.5487510072522159,560,681,1241,0.0,0.0008333472224537619,0.5487510072522159,0.0
1343,1.1191853197553292,0.5487510072522159,560,681,1241,0.0,0.0008333472224535399,0.5487510072522159,0.0
1344,1.120018666977783,0.5487510072522159,560,681,1241,0.0,0.0008333472224537619,0.5487510072522159,0.0
1345,1.1208520142002367,0.5487510072522159,560,681,1241,0.0,0.0008333472224537619,0.5487510072522159,0.0
1346,1.1216853614226905,0.5487510072522159,560,681,1241,0.0,0.0008333472224537619,0.5487510072522159,0.0
1347,1.122518708645144,0.5487510072522159,560,681,1241,0.0,0.0008333472224535399,0.5487510072522159,0.0
1348,1.1233520558675978,0.5487510072522159,560,681,1241,0.0,0.0008333472224537619,0.5487510072522159,0.0
1349,1.1241854030900515,0.5487510072522159,560,681,1241,0.0,0.0008333472224537619,0.5487510072522159,0.0
1350,1.1250187503125053,0.5487510072522159,560,681,1241,0.0,0.0008333472224537619,0.5487510072522159,0.0
1351,1.125852097534959,0.5487510072522159,560,681,1241,0.0,0.0008333472224537619,0.5487510072522159,0.0
1352,1.1266854447574126,0.5487510072522159,560,681,1241,0.0,0.0008333472224535399,0.5487510072522159,0.0
1353,1.1275187919798664,0.5487510072522159,560,681,1241,0.0,0.0008333472224537619,0.5487510072522159,0.0
1354,1.1283521392023201,0.5487510072522159,560,681,1241,0.0,0.0008333472224537619,0.5487510072522159,0.0
1355,1.129185486424774,0.5487510072522159,560,681,1241,0.0,0.0008333472224537619,0.5487510072522159,0.0
1356,1.1300188336472274,0.5487510072522159,560,681,1241,0.0,0.0008333472224535399,0.5487510072522159,0.0
1357,1.1308521808696812,0.5487510072522159,560,681,1241,0.0,0.0008333472224537619,0.5487510072522159,0.0
1358,1.131685528092135,0.5487510072522159,560,681,1241,0.0,0.0008333472224537619,0.5487510072522159,0.0
1359,1.1325188753145887,0.5487510072522159,560,681,1241,0.0,0.0008333472224537619,0.5487510072522159,0.0
1360,1.1333522225370423,0.5487510072522159,560,681,1241,0.0,0.0008333472224535399,0.5487510072522159,0.0
1361,1.134185569759496,0.5487510072522159,560,681,1241,0.0,0.0008333472224537619,0.5487510072522159,0.0
1362,1.1350189169819498,0.5487510072522159,560,681,1241,0.0,0.0008333472224537619,0.5487510072522159,0.0
1363,1.1358522642044035,0.5487510072522159,560,681,1241,0.0,0.0008333472224537619,0.5487510072522159,0.0
1364,1.136685611426857,0.5487510072522159,560,681,1241,0.0,0.0008333472224535399,0.5487510072522159,0.0
1365,1.1375189586493109,0.5487510072522159,560,681,1241,0.0,0.0008333472224537619,0.5487510072522159,0.0
1366,1.1383523058717646,0.5487510072522159,560,681,1241,0.0,0.0008333472224537619,0.5487510072522159,0.0
1367,1.1391856530942184,0.5487510072522159,560,681,1241,0.0,0.0008333472224537619,0.5487510072522159,0.0
1368,1.140019000316672,0.5487510072522159,560,681,1241,0.0,0.0008333472224535399,0.5487510072522159,0.0
1369,1.1408523475391257,0.5487510072522159,560,681,1241,0.0,0.0008333472224537619,0.5487510072522159,0.0
1370,1.1416856947615794,0.5487510072522159,560,681,1241,0.0,0.0008333472224537619,0.5487510072522159,0.0
1371,1.1425190419840332,0.5487510072522159,560,681,1241,0.0,0.0008333472224537619,0.5487510072522159,0.0
1372,1.1433523892064867,0.5487510072522159,560,681,1241,0.0,0.0008333472224535399,0.5487510072522159,0.0
1373,1.1441857364289405,0.5487510072522159,560,681,1241,0.0,0.0008333472224537619,0.5487510072522159,0.0
1374,1.1450190836513943,0.5487510072522159,560,681,1241,0.0,0.0008333472224537619,0.5487510072522159,0.0
1375,1.145852430873848,0.5487510072522159,560,681,1241,0.0,0.0008333472224537619,0.5487510072522159,0.0
1376,1.1466857780963016,0.5487510072522159,560,681,1241,0.0,0.0008333472224535399,0.5487510072522159,0.0
1377,1.1475191253187553,0.5487510072522159,560,681,1241,0.0,0.0008333472224537619,0.5487510072522159,0.0
1378,1.148352472541209,0.5487510072522159,560,681,1241,0.0,0.0008333472224537619,0.5487510072522159,0.0
1379,1.1491858197636629,0.5487510072522159,560,681,1241,0.0,0.0008333472224537619,0.5487510072522159,0.0
1380,1.1500191669861164,0.5487510072522159,560,681,1241,0.0,0.0008333472224535399,0.5487510072522159,0.0
1381,1.1508525142085702,0.5487510072522159,560,681,1241,0.0,0.0008333472224537619,0.5487510072522159,0.0
1382,1.151685861431024,0.5487510072522159,560,681,1241,0.0,0.0008333472224537619,0.5487510072522159,0.0
1383,1.1525192086534777,0.5487510072522159,560,681,1241,0.0,0.0008333472224537619,0.5487510072522159,0.0
1384,1.1533525558759312,0.5487510072522159,560,681,1241,0.0,0.0008333472224535399,0.5487510072522159,0.0
1385,1.154185903098385,0.5487510072522159,560,681,1241,0.0,0.0008333472224537619,0.5487510072522159,0.0
1386,1.1550192503208387,0.5487510072522159,560,681,1241,0.0,0.0008333472224537619,0.5487510072522159,0.0
1387,1.1558525975432925,0.5487510072522159,560,681,1241,0.0,0.0008333472224537619,0.5487510072522159,0.0
1388,1.156685944765746,0.5487510072522159,560,681,1241,0.0,0.0008333472224535399,0.5487510072522159,0.0
1389,1.1575192919881998,0.5487510072522159,560,681,1241,0.0,0.0008333472224537619,0.5487510072522159,0.0
1390,1.1583526392106536,0.5487510072522159,560,681,1241,0.0,0.0008333472224537619,0.5487510072522159,0.0
1391,1.1591859864331073,0.5487510072522159,560,681,1241,0.0,0.0008333472224537619,0.5487510072522159,0.0
1392,1.1600193336555609,0.5487510072522159,560,681,1241,0.0,0.0008333472224535399,0.5487510072522159,0.0
1393,1.1608526808780146,0.5487510072522159,560,681,1241,0.0,0.0008333472224537619,0.5487510072522159,0.0
1394,1.1616860281004684,0.5487510072522159,560,681,1241,0.0,0.0008333472224537619,0.5487510072522159,0.0
1395,1.1625193753229222,0.5487510072522159,560,681,1241,0.0,0.0008333472224537619,0.5487510072522159,0.0
1396,1.1633527225453757,0.5487510072522159,560,681,1241,0.0,0.0008333472224535399,0.5487510072522159,0.0
1397,1.1641860697678295,0.5487510072522159,560,681,1241,0.0,0.0008333472224537619,0.5487510072522159,0.0
1398,1.1650194169902832,0.5487510072522159,560,681,1241,0.0,0.0008333472224537619,0.5487510072522159,0.0
1399,1.165852764212737,0.5487510072522159,560,681,1241,0.0,0.0008333472224537619,0.5487510072522159,0.0
1400,1.1666861114351907,0.5487510072522159,560,681,1241,0.0,0.0008333472224537619,0.5487510072522159,0.0
1401,1.1675194586576443,0.5487510072522159,560,681,1241,0.0,0.0008333472224535399,0.5487510072522159,0.0
1402,1.168352805880098,0.5487510072522159,560,681,1241,0.0,0.0008333472224537619,0.5487510072522159,0.0
1403,1.1691861531025518,0.5487510072522159,560,681,1241,0.0,0.0008333472224537619,0.5487510072522159,0.0
1404,1.1700195003250056,0.5487510072522159,560,681,1241,0.0,0.0008333472224537619,0.5487510072522159,0.0
1405,1.170852847547459,0.5487510072522159,560,681,1241,0.0,0.0008333472224535399,0.5487510072522159,0.0
1406,1.1716861947699129,0.5487510072522159,560,681,1241,0.0,0.0008333472224537619,0.5487510072522159,0.0
1407,1.1725195419923666,0.5487510072522159,560,681,1241,0.0,0.0008333472224537619,0.5487510072522159,0.0
1408,1.1733528892148204,0.5487510072522159,560,681,1241,0.0,0.0008333472224537619,0.5487510072522159,0.0
1409,1.174186236437274,0.5487510072522159,560,681,1241,0.0,0.0008333472224535399,0.5487510072522159,0.0
1410,1.1750195836597277,0.5487510072522159,560,681,1241,0.0,0.0008333472224537619,0.5487510072522159,0.0
1411,1.1758529308821815,0.5487510072522159,560,681,1241,0.0,0.0008333472224537619,0.5487510072522159,0.0
1412,1.1766862781046352,0.5487510072522159,560,681,1241,0.0,0.0008333472224537619,0.5487510072522159,0.0
1413,1.1775196253270888,0.5487510072522159,560,681,1241,0.0,0.0008333472224535399,0.5487510072522159,0.0
1414,1.1783529725495425,0.5487510072522159,560,681,1241,0.0,0.0008333472224537619,0.5487510072522159,0.0
1415,1.1791863197719963,0.5487510072522159,560,681,1241,0.0,0.0008333472224537619,0.5487510072522159,0.0
1416,1.18001966699445,0.5487510072522159,560,681,1241,0.0,0.0008333472224537619,0.5487510072522159,0.0
1417,1.1808530142169036,0.5487510072522159,560,681,1241,0.0,0.0008333472224535399,0.5487510072522159,0.0
1418,1.1816863614393573,0.5487510072522159,560,681,1241,0.0,0.0008333472224537619,0.5487510072522159,0.0
1419,1.182519708661811,0.5487510072522159,560,681,1241,0.0,0.0008333472224537619,0.5487510072522159,0.0
1420,1.1833530558842649,0.5487510072522159,560,681,1241,0.0,0.0008333472224537619,0.5487510072522159,0.0
1421,1.1841864031067184,0.5487510072522159,560,681,1241,0.0,0.0008333472224535399,0.5487510072522159,0.0
1422,1.1850197503291722,0.5487510072522159,560,681,1241,0.0,0.0008333472224537619,0.5487510072522159,0.0
1423,1.185853097551626,0.5487510072522159,560,681,1241,0.0,0.0008333472224537619,0.5487510072522159,0.0
1424,1.1866864447740797,0.5487510072522159,560,681,1241,0.0,0.0008333472224537619,0.5487510072522159,0.0
1425,1.1875197919965332,0.5487510072522159,560,681,1241,0.0,0.0008333472224535399,0.5487510072522159,0.0
1426,1.188353139218987,0.5487510072522159,560,681,1241,0.0,0.0008333472224537619,0.5487510072522159,0.0
1427,1.1891864864414408,0.5487510072522159,560,681,1241,0.0,0.0008333472224537619,0.5487510072522159,0.0
1428,1.1900198336638945,0.5487510072522159,560,681,1241,0.0,0.0008333472224537619,0.5487510072522159,0.0
1429,1.190853180886348,0.5487510072522159,560,681,1241,0.0,0.0008333472224535399,0.5487510072522159,0.0
1430,1.1916865281088018,0.5487510072522159,560,681,1241,0.0,0.0008333472224537619,0.5487510072522159,0.0
1431,1.1925198753312556,0.5487510072522159,560,681,1241,0.0,0.0008333472224537619,0.5487510072522159,0.0
1432,1.1933532225537093,0.5487510072522159,560,681,1241,0.0,0.0008333472224537619,0.5487510072522159,0.0
1433,1.1941865697761629,0.5487510072522159,560,681,1241,0.0,0.0008333472224535399,0.5487510072522159,0.0
1434,1.1950199169986166,0.5487510072522159,560,681,1241,0.0,0.0008333472224537619,0.5487510072522159,0.0
1435,1.1958532642210704,0.5487510072522159,560,681,1241,0.0,0.0008333472224537619,0.5487510072522159,0.0
1436,1.1966866114435242,0.5487510072522159,560,681,1241,0.0,0.0008333472224537619,0.5487510072522159,0.0
1437,1.1975199586659777,0.5487510072522159,560,681,1241,0.0,0.0008333472224535399,0.5487510072522159,0.0
1438,1.1983533058884315,0.5487510072522159,560,681,1241,0.0,0.0008333472224537619,0.5487510072522159,0.0
1439,1.1991866531108852,0.5487510072522159,560,681,1241,0.0,0.0008333472224537619,0.5487510072522159,0.0
1440,1.200020000333339,0.5487510072522159,560,681,1241,0.0,0.0008333472224537619,0.5487510072522159,0.0
1441,1.2008533475557925,0.5487510072522159,560,681,1241,0.0,0.0008333472224535399,0.5487510072522159,0.0
1442,1.2016866947782463,0.5487510072522159,560,681,1241,0.0,0.0008333472224537619,0.5487510072522159,0.0
1443,1.2025200420007,0.5487510072522159,560,681,1241,0.0,0.0008333472224537619,0.5487510072522159,0.0
1444,1.2033533892231538,0.5487510072522159,560,681,1241,0.0,0.0008333472224537619,0.5487510072522159,0.0
1445,1.2041867364456076,0.5487510072522159,560,681,1241,0.0,0.0008333472224537619,0.5487510072522159,0.0
1446,1.2050200836680611,0.5487510072522159,560,681,1241,0.0,0.0008333472224535399,0.5487510072522159,0.0
1447,1.2058534308905149,0.5487510072522159,560,681,1241,0.0,0.0008333472224537619,0.5487510072522159,0.0
1448,1.2066867781129686,0.5487510072522159,560,681,1241,0.0,0.0008333472224537619,0.5487510072522159,0.0
1449,1.2075201253354224,0.5487510072522159,560,681,1241,0.0,0.0008333472224537619,0.5487510072522159,0.0
1450,1.208353472557876,0.5487510072522159,560,681,1241,0.0,0.0008333472224535399,0.5487510072522159,0.0
1451,1.2091868197803297,0.5487510072522159,560,681,1241,0.0,0.0008333472224537619,0.5487510072522159,0.0
1452,1.2100201670027835,0.5487510072522159,560,681,1241,0.0,0.0008333472224537619,0.5487510072522159,0.0
1453,1.2108535142252372,0.5487510072522159,560,681,1241,0.0,0.0008333472224537619,0.5487510072522159,0.0
1454,1.2116868614476908,0.5487510072522159,560,681,1241,0.0,0.0008333472224535399,0.5487510072522159,0.0
1455,1.2125202086701445,0.5487510072522159,560,681,1241,0.0,0.0008333472224537619,0.5487510072522159,0.0
1456,1.2133535558925983,0.5487510072522159,560,681,1241,0.0,0.0008333472224537619,0.5487510072522159,0.0
1457,1.214186903115052,0.5487510072522159,560,681,1241,0.0,0.0008333472224537619,0.5487510072522159,0.0
1458,1.2150202503375056,0.5487510072522159,560,681,1241,0.0,0.0008333472224535399,0.5487510072522159,0.0
1459,1.2158535975599594,0.5487510072522159,560,681,1241,0.0,0.0008333472224537619,0.5487510072522159,0.0
1460,1.2166869447824131,0.5487510072522159,560,681,1241,0.0,0.0008333472224537619,0.5487510072522159,0.0
1461,1.2175202920048669,0.5487510072522159,560,681,1241,0.0,0.0008333472224537619,0.5487510072522159,0.0
1462,1.2183536392273204,0.5487510072522159,560,681,1241,0.0,0.0008333472224535399,0.5487510072522159,0.0
1463,1.2191869864497742,0.5487510072522159,560,681,1241,0.0,0.0008333472224537619,0.5487510072522159,0.0
1464,1.220020333672228,0.5487510072522159,560,681,1241,0.0,0.0008333472224537619,0.5487510072522159,0.0
1465,1.2208536808946817,0.5487510072522159,560,681,1241,0.0,0.0008333472224537619,0.5487510072522159,0.0
1466,1.2216870281171353,0.5487510072522159,560,681,1241,0.0,0.0008333472224535399,0.5487510072522159,0.0
1467,1.222520375339589,0.5487510072522159,560,681,1241,0.0,0.0008333472224537619,0.5487510072522159,0.0
1468,1.2233537225620428,0.5487510072522159,560,681,1241,0.0,0.0008333472224537619,0.5487510072522159,0.0
1469,1.2241870697844965,0.5487510072522159,560,681,1241,0.0,0.0008333472224537619,0.5487510072522159,0.0
1470,1.22502041700695,0.5487510072522159,560,681,1241,0.0,0.0008333472224535399,0.5487510072522159,0.0
1471,1.2258537642294038,0.5487510072522159,560,681,1241,0.0,0.0008333472224537619,0.5487510072522159,0.0
1472,1.2266871114518576,0.5487510072522159,560,681,1241,0.0,0.0008333472224537619,0.5487510072522159,0.0
1473,1.2275204586743114,0.5487510072522159,560,681,1241,0.0,0.0008333472224537619,0.5487510072522159,0.0
1474,1.228353805896765,0.5487510072522159,560,681,1241,0.0,0.0008333472224535399,0.5487510072522159,0.0
1475,1.2291871531192187,0.5487510072522159,560,681,1241,0.0,0.0008333472224537619,0.5487510072522159,0.0
1476,1.2300205003416724,0.5487510072522159,560,681,1241,0.0,0.0008333472224537619,0.5487510072522159,0.0
1477,1.2308538475641262,0.5487510072522159,560,681,1241,0.0,0.0008333472224537619,0.5487510072522159,0.0
1478,1.2316871947865797,0.5487510072522159,560,681,1241,0.0,0.0008333472224535399,0.5487510072522159,0.0
1479,1.2325205420090335,0.5487510072522159,560,681,1241,0.0,0.0008333472224537619,0.5487510072522159,0.0
1480,1.2333538892314873,0.5487510072522159,560,681,1241,0.0,0.0008333472224537619,0.5487510072522159,0.0
1481,1.234187236453941,0.5487510072522159,560,681,1241,0.0,0.0008333472224537619,0.5487510072522159,0.0
1482,1.2350205836763946,0.5487510072522159,560,681,1241,0.0,0.0008333472224535399,0.5487510072522159,0.0
1483,1.2358539308988483,0.5487510072522159,560,681,1241,0.0,0.0008333472224537619,0.5487510072522159,0.0
1484,1.236687278121302,0.5487510072522159,560,681,1241,0.0,0.0008333472224537619,0.5487510072522159,0.0
1485,1.2375206253437558,0.5487510072522159,560,681,1241,0.0,0.0008333472224537619,0.5487510072522159,0.0
1486,1.2383539725662094,0.5487510072522159,560,681,1241,0.0,0.0008333472224535399,0.5487510072522159,0.0
1487,1.2391873197886631,0.5487510072522159,560,681,1241,0.0,0.0008333472224537619,0.5487510072522159,0.0
1488,1.240020667011117,0.5487510072522159,560,681,1241,0.0,0.0008333472224537619,0.5487510072522159,0.0
1489,1.2408540142335707,0.5487510072522159,560,681,1241,0.0,0.0008333472224537619,0.5487510072522159,0.0
1490,1.2416873614560244,0.5487510072522159,560,681,1241,0.0,0.0008333472224537619,0.5487510072522159,0.0
1491,1.242520708678478,0.5487510072522159,560,681,1241,0.0,0.0008333472224535399,0.5487510072522159,0.0
1492,1.2433540559009317,0.5487510072522159,560,681,1241,0.0,0.0008333472224537619,0.5487510072522159,0.0
1493,1.2441874031233855,0.5487510072522159,560,681,1241,0.0,0.0008333472224537619,0.5487510072522159,0.0
1494,1.2450207503458393,0.5487510072522159,560,681,1241,0.0,0.0008333472224537619,0.5487510072522159,0.0
1495,1.2458540975682928,0.5487510072522159,560,681,1241,0.0,0.0008333472224535399,0.5487510072522159,0.0
1496,1.2466874447907466,0.5487510072522159,560,681,1241,0.0,0.0008333472224537619,0.5487510072522159,0.0
1497,1.2475207920132003,0.5487510072522159,560,681,1241,0.0,0.0008333472224537619,0.5487510072522159,0.0
1498,1.248354139235654,0.5487510072522159,560,681,1241,0.0,0.0008333472224537619,0.5487510072522159,0.0
1499,1.2491874864581076,0.5487510072522159,560,681,1241,0.0,0.0008333472224535399,0.5487510072522159,0.0
1500,1.2500208336805614,0.5487510072522159,560,681,1241,0.0,0.0008333472224537619,0.5487510072522159,0.0
1501,1.2508541809030151,0.5487510072522159,560,681,1241,0.0,0.0008333472224537619,0.5487510072522159,0.0
1502,1.251687528125469,0.5487510072522159,560,681,1241,0.0,0.0008333472224537619,0.5487510072522159,0.0
1503,1.2525208753479224,0.5487510072522159,560,681,1241,0.0,0.0008333472224535399,0.5487510072522159,0.0
1504,1.2533542225703762,0.5487510072522159,560,681,1241,0.0,0.0008333472224537619,0.5487510072522159,0.0
1505,1.25418756979283,0.5487510072522159,560,681,1241,0.0,0.0008333472224537619,0.5487510072522159,0.0
1506,1.2550209170152837,0.5487510072522159,560,681,1241,0.0,0.0008333472224537619,0.5487510072522159,0.0
1507,1.2558542642377373,0.5487510072522159,560,681,1241,0.0,0.0008333472224535399,0.5487510072522159,0.0
1508,1.256687611460191,0.5487510072522159,560,681,1241,0.0,0.0008333472224537619,0.5487510072522159,0.0
1509,1.2575209586826448,0.5487510072522159,560,681,1241,0.0,0.0008333472224537619,0.5487510072522159,0.0
1510,1.2583543059050986,0.5487510072522159,560,681,1241,0.0,0.0008333472224537619,0.5487510072522159,0.0
1511,1.259187653127552,0.5487510072522159,560,681,1241,0.0,0.0008333472224535399,0.5487510072522159,0.0
1512,1.2600210003500059,0.5487510072522159,560,681,1241,0.0,0.0008333472224537619,0.5487510072522159,0.0
1513,1.2608543475724596,0.5487510072522159,560,681,1241,0.0,0.0008333472224537619,0.5487510072522159,0.0
1514,1.2616876947949134,0.5487510072522159,560,681,1241,0.0,0.0008333472224537619,0.5487510072522159,0.0
1515,1.262521042017367,0.5487510072522159,560,681,1241,0.0,0.0008333472224535399,0.5487510072522159,0.0
1516,1.2633543892398207,0.5487510072522159,560,681,1241,0.0,0.0008333472224537619,0.5487510072522159,0.0
1517,1.2641877364622744,0.5487510072522159,560,681,1241,0.0,0.0008333472224537619,0.5487510072522159,0.0
1518,1.2650210836847282,0.5487510072522159,560,681,1241,0.0,0.0008333472224537619,0.5487510072522159,0.0
1519,1.2658544309071817,0.5487510072522159,560,681,1241,0.0,0.0008333472224535399,0.5487510072522159,0.0
1520,1.2666877781296355,0.5487510072522159,560,681,1241,0.0,0.0008333472224537619,0.5487510072522159,0.0
1521,1.2675211253520893,0.5487510072522159,560,681,1241,0.0,0.0008333472224537619,0.5487510072522159,0.0
1522,1.268354472574543,0.5487510072522159,560,681,1241,0.0,0.0008333472224537619,0.5487510072522159,0.0
1523,1.2691878197969966,0.5487510072522159,560,681,1241,0.0,0.0008333472224535399,0.5487510072522159,0.0
1524,1.2700211670194503,0.5487510072522159,560,681,1241,0.0,0.0008333472224537619,0.5487510072522159,0.0
1525,1.270854514241904,0.5487510072522159,560,681,1241,0.0,0.0008333472224537619,0.5487510072522159,0.0
1526,1.2716878614643579,0.5487510072522159,560,681,1241,0.0,0.0008333472224537619,0.5487510072522159,0.0
1527,1.2725212086868114,0.5487510072522159,560,681,1241,0.0,0.0008333472224535399,0.5487510072522159,0.0
1528,1.2733545559092652,0.5487510072522159,560,681,1241,0.0,0.0008333472224537619,0.5487510072522159,0.0
1529,1.274187903131719,0.5487510072522159,560,681,1241,0.0,0.0008333472224537619,0.5487510072522159,0.0
1530,1.2750212503541727,0.5487510072522159,560,681,1241,0.0,0.0008333472224537619,0.5487510072522159,0.0
1531,1.2758545975766262,0.5487510072522159,560,681,1241,0.0,0.0008333472224535399,0.5487510072522159,0.0
1532,1.27668794479908,0.5487510072522159,560,681,1241,0.0,0.0008333472224537619,0.5487510072522159,0.0
1533,1.2775212920215337,0.5487510072522159,560,681,1241,0.0,0.0008333472224537619,0.5487510072522159,0.0
1534,1.2783546392439875,0.5487510072522159,560,681,1241,0.0,0.0008333472224537619,0.5487510072522159,0.0
1535,1.279187986466441,0.5487510072522159,560,681,1241,0.0,0.0008333472224535399,0.5487510072522159,0.0
1536,1.2800213336888948,0.5487510072522159,560,681,1241,0.0,0.0008333472224537619,0.5487510072522159,0.0
1537,1.2808546809113486,0.5487510072522159,560,681,1241,0.0,0.0008333472224537619,0.5487510072522159,0.0
1538,1.2816880281338023,0.5487510072522159,560,681,1241,0.0,0.0008333472224537619,0.5487510072522159,0.0
1539,1.282521375356256,0.5487510072522159,560,681,1241,0.0,0.0008333472224537619,0.5487510072522159,0.0
1540,1.2833547225787096,0.5487510072522159,560,681,1241,0.0,0.0008333472224535399,0.5487510072522159,0.0
1541,1.2841880698011634,0.5487510072522159,560,681,1241,0.0,0.0008333472224537619,0.5487510072522159,0.0
1542,1.2850214170236172,0.5487510072522159,560,681,1241,0.0,0.0008333472224537619,0.5487510072522159,0.0
1543,1.285854764246071,0.5487510072522159,560,681,1241,0.0,0.0008333472224537619,0.5487510072522159,0.0
1544,1.2866881114685245,0.5487510072522159,560,681,1241,0.0,0.0008333472224535399,0.5487510072522159,0.0
1545,1.2875214586909782,0.5487510072522159,560,681,1241,0.0,0.0008333472224537619,0.5487510072522159,0.0
1546,1.288354805913432,0.5487510072522159,560,681,1241,0.0,0.0008333472224537619,0.5487510072522159,0.0
1547,1.2891881531358858,0.5487510072522159,560,681,1241,0.0,0.0008333472224537619,0.5487510072522159,0.0
1548,1.2900215003583393,0.5487510072522159,560,681,1241,0.0,0.0008333472224535399,0.5487510072522159,0.0
1549,1.290854847580793,0.5487510072522159,560,681,1241,0.0,0.0008333472224537619,0.5487510072522159,0.0
1550,1.2916881948032468,0.5487510072522159,560,681,1241,0.0,0.0008333472224537619,0.5487510072522159,0.0
1551,1.2925215420257006,0.5487510072522159,560,681,1241,0.0,0.0008333472224537619,0.5487510072522159,0.0
1552,1.2933548892481541,0.5487510072522159,560,681,1241,0.0,0.0008333472224535399,0.5487510072522159,0.0
1553,1.2941882364706079,0.5487510072522159,560,681,1241,0.0,0.0008333472224537619,0.5487510072522159,0.0
1554,1.2950215836930616,0.5487510072522159,560,681,1241,0.0,0.0008333472224537619,0.5487510072522159,0.0
1555,1.2958549309155154,0.5487510072522159,560,681,1241,0.0,0.0008333472224537619,0.5487510072522159,0.0
1556,1.296688278137969,0.5487510072522159,560,681,1241,0.0,0.0008333472224535399,0.5487510072522159,0.0
1557,1.2975216253604227,0.5487510072522159,560,681,1241,0.0,0.0008333472224537619,0.5487510072522159,0.0
1558,1.2983549725828765,0.5487510072522159,560,681,1241,0.0,0.0008333472224537619,0.5487510072522159,0.0
1559,1.2991883198053302,0.5487510072522159,560,681,1241,0.0,0.0008333472224537619,0.5487510072522159,0.0
1560,1.3000216670277838,0.5487510072522159,560,681,1241,0.0,0.0008333472224535399,0.5487510072522159,0.0
1561,1.3008550142502375,0.5487510072522159,560,681,1241,0.0,0.0008333472224537619,0.5487510072522159,0.0
1562,1.3016883614726913,0.5487510072522159,560,681,1241,0.0,0.0008333472224537619,0.5487510072522159,0.0
1563,1.302521708695145,0.5487510072522159,560,681,1241,0.0,0.0008333472224537619,0.5487510072522159,0.0
1564,1.3033550559175986,0.5487510072522159,560,681,1241,0.0,0.0008333472224535399,0.5487510072522159,0.0
1565,1.3041884031400524,0.5487510072522159,560,681,1241,0.0,0.0008333472224537619,0.5487510072522159,0.0
1566,1.3050217503625061,0.5487510072522159,560,681,1241,0.0,0.0008333472224537619,0.5487510072522159,0.0
1567,1.3058550975849599,0.5487510072522159,560,681,1241,0.0,0.0008333472224537619,0.5487510072522159,0.0
1568,1.3066884448074134,0.5487510072522159,560,681,1241,0.0,0.0008333472224535399,0.5487510072522159,0.0
1569,1.3075217920298672,0.5487510072522159,560,681,1241,0.0,0.0008333472224537619,0.5487510072522159,0.0
1570,1.308355139252321,0.5487510072522159,560,681,1241,0.0,0.0008333472224537619,0.5487510072522159,0.0
1571,1.3091884864747747,0.5487510072522159,560,681,1241,0.0,0.0008333472224537619,0.5487510072522159,0.0
1572,1.3100218336972282,0.5487510072522159,560,681,1241,0.0,0.0008333472224535399,0.5487510072522159,0.0
1573,1.310855180919682,0.5487510072522159,560,681,1241,0.0,0.0008333472224537619,0.5487510072522159,0.0
1574,1.3116885281421358,0.5487510072522159,560,681,1241,0.0,0.0008333472224537619,0.5487510072522159,0.0
1575,1.3125218753645895,0.5487510072522159,560,681,1241,0.0,0.0008333472224537619,0.5487510072522159,0.0
1576,1.313355222587043,0.5487510072522159,560,681,1241,0.0,0.0008333472224535399,0.5487510072522159,0.0
1577,1.3141885698094968,0.5487510072522159,560,681,1241,0.0,0.0008333472224537619,0.5487510072522159,0.0
1578,1.3150219170319506,0.5487510072522159,560,681,1241,0.0,0.0008333472224537619,0.5487510072522159,0.0
1579,1.3158552642544044,0.5487510072522159,560,681,1241,0.0,0.0008333472224537619,0.5487510072522159,0.0
1580,1.316688611476858,0.5487510072522159,560,681,1241,0.0,0.0008333472224535399,0.5487510072522159,0.0
1581,1.3175219586993117,0.5487510072522159,560,681,1241,0.0,0.0008333472224537619,0.5487510072522159,0.0
1582,1.3183553059217654,0.5487510072522159,560,681,1241,0.0,0.0008333472224537619,0.5487510072522159,0.0
1583,1.3191886531442192,0.5487510072522159,560,681,1241,0.0,0.0008333472224537619,0.5487510072522159,0.0
1584,1.320022000366673,0.5487510072522159,560,681,1241,0.0,0.0008333472224537619,0.5487510072522159,0.0
1585,1.3208553475891265,0.5487510072522159,560,681,1241,0.0,0.0008333472224535399,0.5487510072522159,0.0
1586,1.3216886948115802,0.5487510072522159,560,681,1241,0.0,0.0008333472224537619,0.5487510072522159,0.0
1587,1.322522042034034,0.5487510072522159,560,681,1241,0.0,0.0008333472224537619,0.5487510072522159,0.0
1588,1.3233553892564878,0.5487510072522159,560,681,1241,0.0,0.0008333472224537619,0.5487510072522159,0.0
1589,1.3241887364789413,0.5487510072522159,560,681,1241,0.0,0.0008333472224535399,0.5487510072522159,0.0
1590,1.325022083701395,0.5487510072522159,560,681,1241,0.0,0.0008333472224537619,0.5487510072522159,0.0
1591,1.3258554309238488,0.5487510072522159,560,681,1241,0.0,0.0008333472224537619,0.5487510072522159,0.0
1592,1.3266887781463026,0.5487510072522159,560,681,1241,0.0,0.0008333472224537619,0.5487510072522159,0.0
1593,1.3275221253687561,0.5487510072522159,560,681,1241,0.0,0.0008333472224535399,0.5487510072522159,0.0
1594,1.32835547259121,0.5487510072522159,560,681,1241,0.0,0.0008333472224537619,0.5487510072522159,0.0
1595,1.3291888198136637,0.5487510072522159,560,681,1241,0.0,0.0008333472224537619,0.5487510072522159,0.0
1596,1.3300221670361174,0.5487510072522159,560,681,1241,0.0,0.0008333472224537619,0.5487510072522159,0.0
1597,1.330855514258571,0.5487510072522159,560,681,1241,0.0,0.0008333472224535399,0.5487510072522159,0.0
1598,1.3316888614810247,0.5487510072522159,560,681,1241,0.0,0.0008333472224537619,0.5487510072522159,0.0
1599,1.3325222087034785,0.5487510072522159,560,681,1241,0.0,0.0008333472224537619,0.5487510072522159,0.0
1600,1.3333555559259322,0.5487510072522159,560,681,1241,0.0,0.0008333472224537619,0.5487510072522159,0.0
1601,1.3341889031483858,0.5487510072522159,560,681,1241,0.0,0.0008333472224535399,0.5487510072522159,0.0
1602,1.3350222503708395,0.5487510072522159,560,681,1241,0.0,0.0008333472224537619,0.5487510072522159,0.0
1603,1.3358555975932933,0.5487510072522159,560,681,1241,0.0,0.0008333472224537619,0.5487510072522159,0.0
1604,1.336688944815747,0.5487510072522159,560,681,1241,0.0,0.0008333472224537619,0.5487510072522159,0.0
1605,1.3375222920382006,0.5487510072522159,560,681,1241,0.0,0.0008333472224535399,0.5487510072522159,0.0
1606,1.3383556392606544,0.5487510072522159,560,681,1241,0.0,0.0008333472224537619,0.5487510072522159,0.0
1607,1.3391889864831081,0.5487510072522159,560,681,1241,0.0,0.0008333472224537619,0.5487510072522159,0.0
1608,1.340022333705562,0.5487510072522159,560,681,1241,0.0,0.0008333472224537619,0.5487510072522159,0.0
1609,1.3408556809280154,0.5487510072522159,560,681,1241,0.0,0.0008333472224535399,0.5487510072522159,0.0
1610,1.3416890281504692,0.5487510072522159,560,681,1241,0.0,0.0008333472224537619,0.5487510072522159,0.0
1611,1.342522375372923,0.5487510072522159,560,681,1241,0.0,0.0008333472224537619,0.5487510072522159,0.0
1612,1.3433557225953767,0.5487510072522159,560,681,1241,0.0,0.0008333472224537619,0.5487510072522159,0.0
1613,1.3441890698178303,0.5487510072522159,560,681,1241,0.0,0.0008333472224535399,0.5487510072522159,0.0
1614,1.345022417040284,0.5487510072522159,560,681,1241,0.0,0.0008333472224537619,0.5487510072522159,0.0
1615,1.3458557642627378,0.5487510072522159,560,681,1241,0.0,0.0008333472224537619,0.5487510072522159,0.0
1616,1.3466891114851915,0.5487510072522159,560,681,1241,0.0,0.0008333472224537619,0.5487510072522159,0.0
1617,1.347522458707645,0.5487510072522159,560,681,1241,0.0,0.0008333472224535399,0.5487510072522159,0.0
1618,1.3483558059300988,0.5487510072522159,560,681,1241,0.0,0.0008333472224537619,0.5487510072522159,0.0
1619,1.3491891531525526,0.5487510072522159,560,681,1241,0.0,0.0008333472224537619,0.5487510072522159,0.0
1620,1.3500225003750064,0.5487510072522159,560,681,1241,0.0,0.0008333472224537619,0.5487510072522159,0.0
1621,1.35085584759746,0.5487510072522159,560,681,1241,0.0,0.0008333472224535399,0.5487510072522159,0.0
1622,1.3516891948199137,0.5487510072522159,560,681,1241,0.0,0.0008333472224537619,0.5487510072522159,0.0
1623,1.3525225420423674,0.5487510072522159,560,681,1241,0.0,0.0008333472224537619,0.5487510072522159,0.0
1624,1.3533558892648212,0.5487510072522159,560,681,1241,0.0,0.0008333472224537619,0.5487510072522159,0.0
1625,1.3541892364872747,0.5487510072522159,560,681,1241,0.0,0.0008333472224535399,0.5487510072522159,0.0
1626,1.3550225837097285,0.5487510072522159,560,681,1241,0.0,0.0008333472224537619,0.5487510072522159,0.0
1627,1.3558559309321823,0.5487510072522159,560,681,1241,0.0,0.0008333472224537619,0.5487510072522159,0.0
1628,1.356689278154636,0.5487510072522159,560,681,1241,0.0,0.0008333472224537619,0.5487510072522159,0.0
1629,1.3575226253770896,0.5487510072522159,560,681,1241,0.0,0.0008333472224535399,0.5487510072522159,0.0
1630,1.3583559725995433,0.5487510072522159,560,681,1241,0.0,0.0008333472224537619,0.5487510072522159,0.0
1631,1.359189319821997,0.5487510072522159,560,681,1241,0.0,0.0008333472224537619,0.5487510072522159,0.0
1632,1.3600226670444509,0.5487510072522159,560,681,1241,0.0,0.0008333472224537619,0.5487510072522159,0.0
1633,1.3608560142669046,0.5487510072522159,560,681,1241,0.0,0.0008333472224537619,0.5487510072522159,0.0
1634,1.3616893614893582,0.5487510072522159,560,681,1241,0.0,0.0008333472224535399,0.5487510072522159,0.0
1635,1.362522708711812,0.5487510072522159,560,681,1241,0.0,0.0008333472224537619,0.5487510072522159,0.0
1636,1.3633560559342657,0.5487510072522159,560,681,1241,0.0,0.0008333472224537619,0.5487510072522159,0.0
1637,1.3641894031567194,0.5487510072522159,560,681,1241,0.0,0.0008333472224537619,0.5487510072522159,0.0
1638,1.365022750379173,0.5487510072522159,560,681,1241,0.0,0.0008333472224535399,0.5487510072522159,0.0
1639,1.3658560976016267,0.5487510072522159,560,681,1241,0.0,0.0008333472224537619,0.5487510072522159,0.0
1640,1.3666894448240805,0.5487510072522159,560,681,1241,0.0,0.0008333472224537619,0.5487510072522159,0.0
1641,1.3675227920465343,0.5487510072522159,560,681,1241,0.0,0.0008333472224537619,0.5487510072522159,0.0
1642,1.3683561392689878,0.5487510072522159,560,681,1241,0.0,0.0008333472224535399,0.5487510072522159,0.0
1643,1.3691894864914416,0.5487510072522159,560,681,1241,0.0,0.0008333472224537619,0.5487510072522159,0.0
1644,1.3700228337138953,0.5487510072522159,560,681,1241,0.0,0.0008333472224537619,0.5487510072522159,0.0
1645,1.370856180936349,0.5487510072522159,560,681,1241,0.0,0.0008333472224537619,0.5487510072522159,0.0
1646,1.3716895281588026,0.5487510072522159,560,681,1241,0.0,0.0008333472224535399,0.5487510072522159,0.0
1647,1.3725228753812564,0.5487510072522159,560,681,1241,0.0,0.0008333472224537619,0.5487510072522159,0.0
1648,1.3733562226037102,0.5487510072522159,560,681,1241,0.0,0.0008333472224537619,0.5487510072522159,0.0
1649,1.374189569826164,0.5487510072522159,560,681,1241,0.0,0.0008333472224537619,0.5487510072522159,0.0
1650,1.3750229170486175,0.5487510072522159,560,681,1241,0.0,0.0008333472224535399,0.5487510072522159,0.0
1651,1.3758562642710712,0.5487510072522159,560,681,1241,0.0,0.0008333472224537619,0.5487510072522159,0.0
1652,1.376689611493525,0.5487510072522159,560,681,1241,0.0,0.0008333472224537619,0.5487510072522159,0.0
1653,1.3775229587159787,0.5487510072522159,560,681,1241,0.0,0.0008333472224537619,0.5487510072522159,0.0
1654,1.3783563059384323,0.5487510072522159,560,681,1241,0.0,0.0008333472224535399,0.5487510072522159,0.0
1655,1.379189653160886,0.5487510072522159,560,681,1241,0.0,0.0008333472224537619,0.5487510072522159,0.0
1656,1.3800230003833398,0.5487510072522159,560,681,1241,0.0,0.0008333472224537619,0.5487510072522159,0.0
1657,1.3808563476057936,0.5487510072522159,560,681,1241,0.0,0.0008333472224537619,0.5487510072522159,0.0
1658,1.381689694828247,0.5487510072522159,560,681,1241,0.0,0.0008333472224535399,0.5487510072522159,0.0
1659,1.3825230420507009,0.5487510072522159,560,681,1241,0.0,0.0008333472224537619,0.5487510072522159,0.0
1660,1.3833563892731546,0.5487510072522159,560,681,1241,0.0,0.0008333472224537619,0.5487510072522159,0.0
1661,1.3841897364956084,0.5487510072522159,560,681,1241,0.0,0.0008333472224537619,0.5487510072522159,0.0
1662,1.385023083718062,0.5487510072522159,560,681,1241,0.0,0.0008333472224535399,0.5487510072522159,0.0
1663,1.3858564309405157,0.5487510072522159,560,681,1241,0.0,0.0008333472224537619,0.5487510072522159,0.0
1664,1.3866897781629695,0.5487510072522159,560,681,1241,0.0,0.0008333472224537619,0.5487510072522159,0.0
1665,1.3875231253854232,0.5487510072522159,560,681,1241,0.0,0.0008333472224537619,0.5487510072522159,0.0
1666,1.3883564726078768,0.5487510072522159,560,681,1241,0.0,0.0008333472224535399,0.5487510072522159,0.0
1667,1.3891898198303305,0.5487510072522159,560,681,1241,0.0,0.0008333472224537619,0.5487510072522159,0.0
1668,1.3900231670527843,0.5487510072522159,560,681,1241,0.0,0.0008333472224537619,0.5487510072522159,0.0
1669,1.390856514275238,0.5487510072522159,560,681,1241,0.0,0.0008333472224537619,0.5487510072522159,0.0
1670,1.3916898614976916,0.5487510072522159,560,681,1241,0.0,0.0008333472224535399,0.5487510072522159,0.0
1671,1.3925232087201453,0.5487510072522159,560,681,1241,0.0,0.0008333472224537619,0.5487510072522159,0.0
1672,1.393356555942599,0.5487510072522159,560,681,1241,0.0,0.0008333472224537619,0.5487510072522159,0.0
1673,1.3941899031650529,0.5487510072522159,560,681,1241,0.0,0.0008333472224537619,0.5487510072522159,0.0
1674,1.3950232503875064,0.5487510072522159,560,681,1241,0.0,0.0008333472224535399,0.5487510072522159,0.0
1675,1.3958565976099602,0.5487510072522159,560,681,1241,0.0,0.0008333472224537619,0.5487510072522159,0.0
1676,1.396689944832414,0.5487510072522159,560,681,1241,0.0,0.0008333472224537619,0.5487510072522159,0.0
1677,1.3975232920548677,0.5487510072522159,560,681,1241,0.0,0.0008333472224537619,0.5487510072522159,0.0
1678,1.3983566392773215,0.5487510072522159,560,681,1241,0.0,0.0008333472224537619,0.5487510072522159,0.0
1679,1.399189986499775,0.5487510072522159,560,681,1241,0.0,0.0008333472224535399,0.5487510072522159,0.0
1680,1.4000233337222288,0.5487510072522159,560,681,1241,0.0,0.0008333472224537619,0.5487510072522159,0.0
1681,1.4008566809446825,0.5487510072522159,560,681,1241,0.0,0.0008333472224537619,0.5487510072522159,0.0
1682,1.4016900281671363,0.5487510072522159,560,681,1241,0.0,0.0008333472224537619,0.5487510072522159,0.0
1683,1.4025233753895898,0.5487510072522159,560,681,1241,0.0,0.0008333472224535399,0.5487510072522159,0.0
1684,1.4033567226120436,0.5487510072522159,560,681,1241,0.0,0.0008333472224537619,0.5487510072522159,0.0
1685,1.4041900698344973,0.5487510072522159,560,681,1241,0.0,0.0008333472224537619,0.5487510072522159,0.0
1686,1.405023417056951,0.5487510072522159,560,681,1241,0.0,0.0008333472224537619,0.5487510072522159,0.0
1687,1.4058567642794046,0.5487510072522159,560,681,1241,0.0,0.0008333472224535399,0.5487510072522159,0.0
1688,1.4066901115018584,0.5487510072522159,560,681,1241,0.0,0.0008333472224537619,0.5487510072522159,0.0
1689,1.4075234587243122,0.5487510072522159,560,681,1241,0.0,0.0008333472224537619,0.5487510072522159,0.0
1690,1.408356805946766,0.5487510072522159,560,681,1241,0.0,0.0008333472224537619,0.5487510072522159,0.0
1691,1.4091901531692195,0.5487510072522159,560,681,1241,0.0,0.0008333472224535399,0.5487510072522159,0.0
1692,1.4100235003916732,0.5487510072522159,560,681,1241,0.0,0.0008333472224537619,0.5487510072522159,0.0
1693,1.410856847614127,0.5487510072522159,560,681,1241,0.0,0.0008333472224537619,0.5487510072522159,0.0
1694,1.4116901948365808,0.5487510072522159,560,681,1241,0.0,0.0008333472224537619,0.5487510072522159,0.0
1695,1.4125235420590343,0.5487510072522159,560,681,1241,0.0,0.0008333472224535399,0.5487510072522159,0.0
1696,1.413356889281488,0.5487510072522159,560,681,1241,0.0,0.0008333472224537619,0.5487510072522159,0.0
1697,1.4141902365039418,0.5487510072522159,560,681,1241,0.0,0.0008333472224537619,0.5487510072522159,0.0
1698,1.4150235837263956,0.5487510072522159,560,681,1241,0.0,0.0008333472224537619,0.5487510072522159,0.0
1699,1.4158569309488491,0.5487510072522159,560,681,1241,0.0,0.0008333472224535399,0.5487510072522159,0.0
1700,1.4166902781713029,0.5487510072522159,560,681,1241,0.0,0.0008333472224537619,0.5487510072522159,0.0
1701,1.4175236253937566,0.5487510072522159,560,681,1241,0.0,0.0008333472224537619,0.5487510072522159,0.0
1702,1.4183569726162104,0.5487510072522159,560,681,1241,0.0,0.0008333472224537619,0.5487510072522159,0.0
1703,1.419190319838664,0.5487510072522159,560,681,1241,0.0,0.0008333472224535399,0.5487510072522159,0.0
1704,1.4200236670611177,0.5487510072522159,560,681,1241,0.0,0.0008333472224537619,0.5487510072522159,0.0
1705,1.4208570142835715,0.5487510072522159,560,681,1241,0.0,0.0008333472224537619,0.5487510072522159,0.0
1706,1.4216903615060252,0.5487510072522159,560,681,1241,0.0,0.0008333472224537619,0.5487510072522159,0.0
1707,1.4225237087284788,0.5487510072522159,560,681,1241,0.0,0.0008333472224535399,0.5487510072522159,0.0
1708,1.4233570559509325,0.5487510072522159,560,681,1241,0.0,0.0008333472224537619,0.5487510072522159,0.0
1709,1.4241904031733863,0.5487510072522159,560,681,1241,0.0,0.0008333472224537619,0.5487510072522159,0.0
1710,1.42502375039584,0.5487510072522159,560,681,1241,0.0,0.0008333472224537619,0.5487510072522159,0.0
1711,1.4258570976182936,0.5487510072522159,560,681,1241,0.0,0.0008333472224535399,0.5487510072522159,0.0
1712,1.4266904448407474,0.5487510072522159,560,681,1241,0.0,0.0008333472224537619,0.5487510072522159,0.0
1713,1.4275237920632011,0.5487510072522159,560,681,1241,0.0,0.0008333472224537619,0.5487510072522159,0.0
1714,1.4283571392856549,0.5487510072522159,560,681,1241,0.0,0.0008333472224537619,0.5487510072522159,0.0
1715,1.4291904865081084,0.5487510072522159,560,681,1241,0.0,0.0008333472224535399,0.5487510072522159,0.0
1716,1.4300238337305622,0.5487510072522159,560,681,1241,0.0,0.0008333472224537619,0.5487510072522159,0.0
1717,1.430857180953016,0.5487510072522159,560,681,1241,0.0,0.0008333472224537619,0.5487510072522159,0.0
1718,1.4316905281754697,0.5487510072522159,560,681,1241,0.0,0.0008333472224537619,0.5487510072522159,0.0
1719,1.4325238753979233,0.5487510072522159,560,681,1241,0.0,0.0008333472224535399,0.5487510072522159,0.0
1720,1.433357222620377,0.5487510072522159,560,681,1241,0.0,0.0008333472224537619,0.5487510072522159,0.0
1721,1.4341905698428308,0.5487510072522159,560,681,1241,0.0,0.0008333472224537619,0.5487510072522159,0.0
1722,1.4350239170652845,0.5487510072522159,560,681,1241,0.0,0.0008333472224537619,0.5487510072522159,0.0
1723,1.4358572642877383,0.5487510072522159,560,681,1241,0.0,0.0008333472224537619,0.5487510072522159,0.0
1724,1.4366906115101918,0.5487510072522159,560,681,1241,0.0,0.0008333472224535399,0.5487510072522159,0.0
1725,1.4375239587326456,0.5487510072522159,560,681,1241,0.0,0.0008333472224537619,0.5487510072522159,0.0
1726,1.4383573059550994,0.5487510072522159,560,681,1241,0.0,0.0008333472224537619,0.5487510072522159,0.0
1727,1.4391906531775531,0.5487510072522159,560,681,1241,0.0,0.0008333472224537619,0.5487510072522159,0.0
1728,1.4400240004000067,0.5487510072522159,560,681,1241,0.0,0.0008333472224535399,0.5487510072522159,0.0
1729,1.4408573476224604,0.5487510072522159,560,681,1241,0.0,0.0008333472224537619,0.5487510072522159,0.0
1730,1.4416906948449142,0.5487510072522159,560,681,1241,0.0,0.0008333472224537619,0.5487510072522159,0.0
1731,1.442524042067368,0.5487510072522159,560,681,1241,0.0,0.0008333472224537619,0.5487510072522159,0.0
1732,1.4433573892898215,0.5487510072522159,560,681,1241,0.0,0.0008333472224535399,0.5487510072522159,0.0
1733,1.4441907365122753,0.5487510072522159,560,681,1241,0.0,0.0008333472224537619,0.5487510072522159,0.0
1734,1.445024083734729,0.5487510072522159,560,681,1241,0.0,0.0008333472224537619,0.5487510072522159,0.0
1735,1.4458574309571828,0.5487510072522159,560,681,1241,0.0,0.0008333472224537619,0.5487510072522159,0.0
1736,1.4466907781796363,0.5487510072522159,560,681,1241,0.0,0.0008333472224535399,0.5487510072522159,0.0
1737,1.44752412540209,0.5487510072522159,560,681,1241,0.0,0.0008333472224537619,0.5487510072522159,0.0
1738,1.4483574726245438,0.5487510072522159,560,681,1241,0.0,0.0008333472224537619,0.5487510072522159,0.0
1739,1.4491908198469976,0.5487510072522159,560,681,1241,0.0,0.0008333472224537619,0.5487510072522159,0.0
1740,1.4500241670694511,0.5487510072522159,560,681,1241,0.0,0.0008333472224535399,0.5487510072522159,0.0
1741,1.450857514291905,0.5487510072522159,560,681,1241,0.0,0.0008333472224537619,0.5487510072522159,0.0
1742,1.4516908615143587,0.5487510072522159,560,681,1241,0.0,0.0008333472224537619,0.5487510072522159,0.0
1743,1.4525242087368124,0.5487510072522159,560,681,1241,0.0,0.0008333472224537619,0.5487510072522159,0.0
1744,1.453357555959266,0.5487510072522159,560,681,1241,0.0,0.0008333472224535399,0.5487510072522159,0.0
1745,1.4541909031817197,0.5487510072522159,560,681,1241,0.0,0.0008333472224537619,0.5487510072522159,0.0
1746,1.4550242504041735,0.5487510072522159,560,681,1241,0.0,0.0008333472224537619,0.5487510072522159,0.0
1747,1.4558575976266273,0.5487510072522159,560,681,1241,0.0,0.0008333472224537619,0.5487510072522159,0.0
1748,1.4566909448490808,0.5487510072522159,560,681,1241,0.0,0.0008333472224535399,0.5487510072522159,0.0
1749,1.4575242920715346,0.5487510072522159,560,681,1241,0.0,0.0008333472224537619,0.5487510072522159,0.0
1750,1.4583576392939883,0.5487510072522159,560,681,1241,0.0,0.0008333472224537619,0.5487510072522159,0.0
1751,1.459190986516442,0.5487510072522159,560,681,1241,0.0,0.0008333472224537619,0.5487510072522159,0.0
1752,1.4600243337388956,0.5487510072522159,560,681,1241,0.0,0.0008333472224535399,0.5487510072522159,0.0
1753,1.4608576809613494,0.5487510072522159,560,681,1241,0.0,0.0008333472224537619,0.5487510072522159,0.0
1754,1.4616910281838031,0.5487510072522159,560,681,1241,0.0,0.0008333472224537619,0.5487510072522159,0.0
1755,1.462524375406257,0.5487510072522159,560,681,1241,0.0,0.0008333472224537619,0.5487510072522159,0.0
1756,1.4633577226287104,0.5487510072522159,560,681,1241,0.0,0.0008333472224535399,0.5487510072522159,0.0
1757,1.4641910698511642,0.5487510072522159,560,681,1241,0.0,0.0008333472224537619,0.5487510072522159,0.0
1758,1.465024417073618,0.5495568090249798,560,681,1241,0.0008058017727639033,0.0008333472224537619,0.5488315874294922,8.058017727639034e-05
1759,1.4658577642960717,0.5495568090249798,560,681,1241,0.0,0.0008333472224537619,0.5489121676067686,8.058017727639034e-05
1760,1.4666911115185253,0.5495568090249798,560,681,1241,0.0,0.0008333472224535399,0.5489927477840449,8.058017727639034e-05
1761,1.467524458740979,0.5495568090249798,560,681,1241,0.0,0.0008333472224537619,0.5490733279613214,8.058017727639034e-05
1762,1.4683578059634328,0.5495568090249798,560,681,1241,0.0,0.0008333472224537619,0.5491539081385977,8.058017727639034e-05
1763,1.4691911531858866,0.5495568090249798,560,681,1241,0.0,0.0008333472224537619,0.549234488315874,8.058017727639034e-05
1764,1.47002450040834,0.5495568090249798,560,681,1241,0.0,0.0008333472224535399,0.5493150684931504,8.058017727639034e-05
1765,1.4708578476307939,0.5495568090249798,560,681,1241,0.0,0.0008333472224537619,0.5493956486704267,8.058017727639034e-05
1766,1.4716911948532476,0.5495568090249798,560,681,1241,0.0,0.0008333472224537619,0.5494762288477031,8.058017727639034e-05
1767,1.4725245420757014,0.5495568090249798,560,681,1241,0.0,0.0008333472224537619,0.5495568090249794,8.058017727639034e-05
1768,1.473357889298155,0.5495568090249798,560,681,1241,0.0,0.0008333472224535399,0.5495568090249794,0.0
1769,1.4741912365206087,0.5495568090249798,560,681,1241,0.0,0.0008333472224537619,0.5495568090249794,0.0
1770,1.4750245837430624,0.5495568090249798,560,681,1241,0.0,0.0008333472224537619,0.5495568090249794,0.0
1771,1.4758579309655162,0.5495568090249798,560,681,1241,0.0,0.0008333472224537619,0.5495568090249794,0.0
1772,1.47669127818797,0.5495568090249798,560,681,1241,0.0,0.0008333472224537619,0.5495568090249794,0.0
1773,1.4775246254104235,0.5495568090249798,560,681,1241,0.0,0.0008333472224535399,0.5495568090249794,0.0
1774,1.4783579726328773,0.5495568090249798,560,681,1241,0.0,0.0008333472224537619,0.5495568090249794,0.0
1775,1.479191319855331,0.5495568090249798,560,681,1241,0.0,0.0008333472224537619,0.5495568090249794,0.0
1776,1.4800246670777848,0.5495568090249798,560,681,1241,0.0,0.0008333472224537619,0.5495568090249794,0.0
1777,1.4808580143002383,0.5495568090249798,560,681,1241,0.0,0.0008333472224535399,0.5495568090249794,0.0
1778,1.481691361522692,0.5495568090249798,560,681,1241,0.0,0.0008333472224537619,0.5495568090249794,0.0
1779,1.4825247087451459,0.5495568090249798,560,681,1241,0.0,0.0008333472224537619,0.5495568090249794,0.0
1780,1.4833580559675996,0.5495568090249798,560,681,1241,0.0,0.0008333472224537619,0.5495568090249794,0.0
1781,1.4841914031900532,0.5495568090249798,560,681,1241,0.0,0.0008333472224535399,0.5495568090249794,0.0
1782,1.485024750412507,0.5495568090249798,560,681,1241,0.0,0.0008333472224537619,0.5495568090249794,0.0
1783,1.4858580976349607,0.5495568090249798,560,681,1241,0.0,0.0008333472224537619,0.5495568090249794,0.0
1784,1.4866914448574144,0.5495568090249798,560,681,1241,0.0,0.0008333472224537619,0.5495568090249794,0.0
1785,1.487524792079868,0.5495568090249798,560,681,1241,0.0,0.0008333472224535399,0.5495568090249794,0.0
1786,1.4883581393023217,0.5495568090249798,560,681,1241,0.0,0.0008333472224537619,0.5495568090249794,0.0
1787,1.4891914865247755,0.5495568090249798,560,681,1241,0.0,0.0008333472224537619,0.5495568090249794,0.0
1788,1.4900248337472293,0.5495568090249798,560,681,1241,0.0,0.0008333472224537619,0.5495568090249794,0.0
1789,1.4908581809696828,0.5495568090249798,560,681,1241,0.0,0.0008333472224535399,0.5495568090249794,0.0
1790,1.4916915281921366,0.5495568090249798,560,681,1241,0.0,0.0008333472224537619,0.5495568090249794,0.0
1791,1.4925248754145903,0.5495568090249798,560,681,1241,0.0,0.0008333472224537619,0.5495568090249794,0.0
1792,1.493358222637044,0.5495568090249798,560,681,1241,0.0,0.0008333472224537619,0.5495568090249794,0.0
1793,1.4941915698594976,0.5495568090249798,560,681,1241,0.0,0.0008333472224535399,0.5495568090249794,0.0
1794,1.4950249170819514,0.5495568090249798,560,681,1241,0.0,0.0008333472224537619,0.5495568090249794,0.0
1795,1.4958582643044052,0.5495568090249798,560,681,1241,0.0,0.0008333472224537619,0.5495568090249794,0.0
1796,1.496691611526859,0.5495568090249798,560,681,1241,0.0,0.0008333472224537619,0.5495568090249794,0.0
1797,1.4975249587493125,0.5495568090249798,560,681,1241,0.0,0.0008333472224535399,0.5495568090249794,0.0
1798,1.4983583059717662,0.5495568090249798,560,681,1241,0.0,0.0008333472224537619,0.5495568090249794,0.0
1799,1.49919165319422,0.5495568090249798,560,681,1241,0.0,0.0008333472224537619,0.5495568090249794,0.0
1800,1.5000250004166737,0.5495568090249798,560,681,1241,0.0,0.0008333472224537619,0.5495568090249794,0.0
1801,1.5008583476391273,0.5495568090249798,560,681,1241,0.0,0.0008333472224535399,0.5495568090249794,0.0
1802,1.501691694861581,0.5495568090249798,560,681,1241,0.0,0.0008333472224537619,0.5495568090249794,0.0
1803,1.5025250420840348,0.5495568090249798,560,681,1241,0.0,0.0008333472224537619,0.5495568090249794,0.0
1804,1.5033583893064886,0.5495568090249798,560,681,1241,0.0,0.0008333472224537619,0.5495568090249794,0.0
1805,1.5041917365289421,0.5495568090249798,560,681,1241,0.0,0.0008333472224535399,0.5495568090249794,0.0
1806,1.5050250837513959,0.5495568090249798,560,681,1241,0.0,0.0008333472224537619,0.5495568090249794,0.0
1807,1.5058584309738496,0.5495568090249798,560,681,1241,0.0,0.0008333472224537619,0.5495568090249794,0.0
1808,1.5066917781963034,0.5495568090249798,560,681,1241,0.0,0.0008333472224537619,0.5495568090249794,0.0
1809,1.507525125418757,0.5495568090249798,560,681,1241,0.0,0.0008333472224535399,0.5495568090249794,0.0
1810,1.5083584726412107,0.5495568090249798,560,681,1241,0.0,0.0008333472224537619,0.5495568090249794,0.0
1811,1.5091918198636645,0.5495568090249798,560,681,1241,0.0,0.0008333472224537619,0.5495568090249794,0.0
1812,1.5100251670861182,0.5495568090249798,560,681,1241,0.0,0.0008333472224537619,0.5495568090249794,0.0
1813,1.5108585143085718,0.5495568090249798,560,681,1241,0.0,0.0008333472224535399,0.5495568090249794,0.0
1814,1.5116918615310255,0.5495568090249798,560,681,1241,0.0,0.0008333472224537619,0.5495568090249794,0.0
1815,1.5125252087534793,0.5495568090249798,560,681,1241,0.0,0.0008333472224537619,0.5495568090249794,0.0
1816,1.513358555975933,0.5495568090249798,560,681,1241,0.0,0.0008333472224537619,0.5495568090249794,0.0
1817,1.5141919031983868,0.5495568090249798,560,681,1241,0.0,0.0008333472224537619,0.5495568090249794,0.0
1818,1.5150252504208404,0.5495568090249798,560,681,1241,0.0,0.0008333472224535399,0.5495568090249794,0.0
1819,1.5158585976432941,0.5495568090249798,560,681,1241,0.0,0.0008333472224537619,0.5495568090249794,0.0
1820,1.5166919448657479,0.5495568090249798,560,681,1241,0.0,0.0008333472224537619,0.5495568090249794,0.0
1821,1.5175252920882016,0.5495568090249798,560,681,1241,0.0,0.0008333472224537619,0.5495568090249794,0.0
1822,1.5183586393106552,0.5495568090249798,560,681,1241,0.0,0.0008333472224535399,0.5495568090249794,0.0
1823,1.519191986533109,0.5495568090249798,560,681,1241,0.0,0.0008333472224537619,0.5495568090249794,0.0
1824,1.5200253337555627,0.5495568090249798,560,681,1241,0.0,0.0008333472224537619,0.5495568090249794,0.0
1825,1.5208586809780165,0.5495568090249798,560,681,1241,0.0,0.0008333472224537619,0.5495568090249794,0.0
1826,1.52169202820047,0.5495568090249798,560,681,1241,0.0,0.0008333472224535399,0.5495568090249794,0.0
1827,1.5225253754229238,0.5495568090249798,560,681,1241,0.0,0.0008333472224537619,0.5495568090249794,0.0
1828,1.5233587226453775,0.5495568090249798,560,681,1241,0.0,0.0008333472224537619,0.5495568090249794,0.0
1829,1.5241920698678313,0.5495568090249798,560,681,1241,0.0,0.0008333472224537619,0.5495568090249794,0.0
1830,1.5250254170902848,0.5495568090249798,560,681,1241,0.0,0.0008333472224535399,0.5495568090249794,0.0
1831,1.5258587643127386,0.5495568090249798,560,681,1241,0.0,0.0008333472224537619,0.5495568090249794,0.0
1832,1.5266921115351924,0.5495568090249798,560,681,1241,0.0,0.0008333472224537619,0.5495568090249794,0.0
1833,1.5275254587576461,0.5495568090249798,560,681,1241,0.0,0.0008333472224537619,0.5495568090249794,0.0
1834,1.5283588059800997,0.5495568090249798,560,681,1241,0.0,0.0008333472224535399,0.5495568090249794,0.0
1835,1.5291921532025534,0.5495568090249798,560,681,1241,0.0,0.0008333472224537619,0.5495568090249794,0.0
1836,1.5300255004250072,0.5495568090249798,560,681,1241,0.0,0.0008333472224537619,0.5495568090249794,0.0
1837,1.530858847647461,0.5495568090249798,560,681,1241,0.0,0.0008333472224537619,0.5495568090249794,0.0
1838,1.5316921948699145,0.5495568090249798,560,681,1241,0.0,0.0008333472224535399,0.5495568090249794,0.0
1839,1.5325255420923682,0.5495568090249798,560,681,1241,0.0,0.0008333472224537619,0.5495568090249794,0.0
1840,1.533358889314822,0.5495568090249798,560,681,1241,0.0,0.0008333472224537619,0.5495568090249794,0.0
1841,1.5341922365372758,0.5495568090249798,560,681,1241,0.0,0.0008333472224537619,0.5495568090249794,0.0
1842,1.5350255837597293,0.5495568090249798,560,681,1241,0.0,0.0008333472224535399,0.5495568090249794,0.0
1843,1.535858930982183,0.5495568090249798,560,681,1241,0.0,0.0008333472224537619,0.5495568090249794,0.0
1844,1.5366922782046368,0.5495568090249798,560,681,1241,0.0,0.0008333472224537619,0.5495568090249794,0.0
1845,1.5375256254270906,0.5495568090249798,560,681,1241,0.0,0.0008333472224537619,0.5495568090249794,0.0
1846,1.5383589726495441,0.5495568090249798,560,681,1241,0.0,0.0008333472224535399,0.5495568090249794,0.0
1847,1.539192319871998,0.5495568090249798,560,681,1241,0.0,0.0008333472224537619,0.5495568090249794,0.0
1848,1.5400256670944517,0.5495568090249798,560,681,1241,0.0,0.0008333472224537619,0.5495568090249794,0.0
1849,1.5408590143169054,0.5495568090249798,560,681,1241,0.0,0.0008333472224537619,0.5495568090249794,0.0
1850,1.541692361539359,0.5495568090249798,560,681,1241,0.0,0.0008333472224535399,0.5495568090249794,0.0
1851,1.5425257087618127,0.5495568090249798,560,681,1241,0.0,0.0008333472224537619,0.5495568090249794,0.0
1852,1.5433590559842665,0.5495568090249798,560,681,1241,0.0,0.0008333472224537619,0.5495568090249794,0.0
1853,1.5441924032067202,0.5495568090249798,560,681,1241,0.0,0.0008333472224537619,0.5495568090249794,0.0
1854,1.5450257504291738,0.5495568090249798,560,681,1241,0.0,0.0008333472224535399,0.5495568090249794,0.0
1855,1.5458590976516275,0.5495568090249798,560,681,1241,0.0,0.0008333472224537619,0.5495568090249794,0.0
1856,1.5466924448740813,0.5495568090249798,560,681,1241,0.0,0.0008333472224537619,0.5495568090249794,0.0
1857,1.547525792096535,0.5495568090249798,560,681,1241,0.0,0.0008333472224537619,0.5495568090249794,0.0
1858,1.5483591393189886,0.5495568090249798,560,681,1241,0.0,0.0008333472224535399,0.5495568090249794,0.0
1859,1.5491924865414424,0.5495568090249798,560,681,1241,0.0,0.0008333472224537619,0.5495568090249794,0.0
1860,1.5500258337638961,0.5495568090249798,560,681,1241,0.0,0.0008333472224537619,0.5495568090249794,0.0
1861,1.55085918098635,0.5495568090249798,560,681,1241,0.0,0.0008333472224537619,0.5495568090249794,0.0
1862,1.5516925282088037,0.5495568090249798,560,681,1241,0.0,0.0008333472224537619,0.5495568090249794,0.0
1863,1.5525258754312572,0.5487510072522159,560,681,1241,-0.0008058017727639033,0.0008333472224535399,0.5494762288477031,-8.058017727639034e-05
1864,1.553359222653711,0.5487510072522159,560,681,1241,0.0,0.0008333472224537619,0.5493956486704267,-8.058017727639034e-05
1865,1.5541925698761647,0.5487510072522159,560,681,1241,0.0,0.0008333472224537619,0.5493150684931504,-8.058017727639034e-05
1866,1.5550259170986185,0.5487510072522159,560,681,1241,0.0,0.0008333472224537619,0.549234488315874,-8.058017727639034e-05
1867,1.555859264321072,0.5487510072522159,560,681,1241,0.0,0.0008333472224535399,0.5491539081385977,-8.058017727639034e-05
1868,1.5566926115435258,0.5487510072522159,560,681,1241,0.0,0.0008333472224537619,0.5490733279613214,-8.058017727639034e-05
1869,1.5575259587659795,0.5487510072522159,560,681,1241,0.0,0.0008333472224537619,0.5489927477840449,-8.058017727639034e-05
1870,1.5583593059884333,0.5487510072522159,560,681,1241,0.0,0.0008333472224537619,0.5489121676067686,-8.058017727639034e-05
1871,1.5591926532108868,0.5487510072522159,560,681,1241,0.0,0.0008333472224535399,0.5488315874294922,-8.058017727639034e-05
1872,1.5600260004333406,0.5487510072522159,560,681,1241,0.0,0.0008333472224537619,0.5487510072522159,-8.058017727639034e-05
1873,1.5608593476557944,0.5487510072522159,560,681,1241,0.0,0.0008333472224537619,0.5487510072522159,0.0
1874,1.5616926948782481,0.5487510072522159,560,681,1241,0.0,0.0008333472224537619,0.5487510072522159,0.0
1875,1.5625260421007017,0.5487510072522159,560,681,1241,0.0,0.0008333472224535399,0.5487510072522159,0.0
1876,1.5633593893231554,0.5487510072522159,560,681,1241,0.0,0.0008333472224537619,0.5487510072522159,0.0
1877,1.5641927365456092,0.5487510072522159,560,681,1241,0.0,0.0008333472224537619,0.5487510072522159,0.0
1878,1.565026083768063,0.5487510072522159,560,681,1241,0.0,0.0008333472224537619,0.5487510072522159,0.0
1879,1.5658594309905165,0.5487510072522159,560,681,1241,0.0,0.0008333472224535399,0.5487510072522159,0.0
1880,1.5666927782129703,0.5487510072522159,560,681,1241,0.0,0.0008333472224537619,0.5487510072522159,0.0
1881,1.567526125435424,0.5487510072522159,560,681,1241,0.0,0.0008333472224537619,0.5487510072522159,0.0
1882,1.5683594726578778,0.5487510072522159,560,681,1241,0.0,0.0008333472224537619,0.5487510072522159,0.0
1883,1.5691928198803313,0.5487510072522159,560,681,1241,0.0,0.0008333472224535399,0.5487510072522159,0.0
1884,1.570026167102785,0.5487510072522159,560,681,1241,0.0,0.0008333472224537619,0.5487510072522159,0.0
1885,1.5708595143252388,0.5487510072522159,560,681,1241,0.0,0.0008333472224537619,0.5487510072522159,0.0
1886,1.5716928615476926,0.5487510072522159,560,681,1241,0.0,0.0008333472224537619,0.5487510072522159,0.0
1887,1.5725262087701461,0.5487510072522159,560,681,1241,0.0,0.0008333472224535399,0.5487510072522159,0.0
1888,1.5733595559926,0.5487510072522159,560,681,1241,0.0,0.0008333472224537619,0.5487510072522159,0.0
1889,1.5741929032150537,0.5487510072522159,560,681,1241,0.0,0.0008333472224537619,0.5487510072522159,0.0
1890,1.5750262504375074,0.5487510072522159,560,681,1241,0.0,0.0008333472224537619,0.5487510072522159,0.0
1891,1.575859597659961,0.5487510072522159,560,681,1241,0.0,0.0008333472224535399,0.5487510072522159,0.0
1892,1.5766929448824147,0.5487510072522159,560,681,1241,0.0,0.0008333472224537619,0.5487510072522159,0.0
1893,1.5775262921048685,0.5487510072522159,560,681,1241,0.0,0.0008333472224537619,0.5487510072522159,0.0
1894,1.5783596393273223,0.5487510072522159,560,681,1241,0.0,0.0008333472224537619,0.5487510072522159,0.0
1895,1.5791929865497758,0.5487510072522159,560,681,1241,0.0,0.0008333472224535399,0.5487510072522159,0.0
1896,1.5800263337722296,0.5487510072522159,560,681,1241,0.0,0.0008333472224537619,0.5487510072522159,0.0
1897,1.5808596809946833,0.5487510072522159,560,681,1241,0.0,0.0008333472224537619,0.5487510072522159,0.0
1898,1.581693028217137,0.5487510072522159,560,681,1241,0.0,0.0008333472224537619,0.5487510072522159,0.0
1899,1.5825263754395906,0.5487510072522159,560,681,1241,0.0,0.0008333472224535399,0.5487510072522159,0.0
1900,1.5833597226620444,0.5487510072522159,560,681,1241,0.0,0.0008333472224537619,0.5487510072522159,0.0
1901,1.5841930698844982,0.5487510072522159,560,681,1241,0.0,0.0008333472224537619,0.5487510072522159,0.0
1902,1.585026417106952,0.5487510072522159,560,681,1241,0.0,0.0008333472224537619,0.5487510072522159,0.0
1903,1.5858597643294055,0.5487510072522159,560,681,1241,0.0,0.0008333472224535399,0.5487510072522159,0.0
1904,1.5866931115518592,0.5487510072522159,560,681,1241,0.0,0.0008333472224537619,0.5487510072522159,0.0
1905,1.587526458774313,0.5487510072522159,560,681,1241,0.0,0.0008333472224537619,0.5487510072522159,0.0
1906,1.5883598059967667,0.5487510072522159,560,681,1241,0.0,0.0008333472224537619,0.5487510072522159,0.0
1907,1.5891931532192203,0.5487510072522159,560,681,1241,0.0,0.0008333472224535399,0.5487510072522159,0.0
1908,1.590026500441674,0.5487510072522159,560,681,1241,0.0,0.0008333472224537619,0.5487510072522159,0.0
1909,1.5908598476641278,0.5487510072522159,560,681,1241,0.0,0.0008333472224537619,0.5487510072522159,0.0
1910,1.5916931948865816,0.5487510072522159,560,681,1241,0.0,0.0008333472224537619,0.5487510072522159,0.0
1911,1.5925265421090353,0.5487510072522159,560,681,1241,0.0,0.0008333472224537619,0.5487510072522159,0.0
1912,1.5933598893314889,0.5487510072522159,560,681,1241,0.0,0.0008333472224535399,0.5487510072522159,0.0
1913,1.5941932365539426,0.5495568090249798,560,681,1241,0.0008058017727639033,0.0008333472224537619,0.5488315874294922,8.058017727639034e-05
1914,1.5950265837763964,0.5495568090249798,560,681,1241,0.0,0.0008333472224537619,0.5489121676067686,8.058017727639034e-05
1915,1.5958599309988502,0.5495568090249798,560,681,1241,0.0,0.0008333472224537619,0.5489927477840449,8.058017727639034e-05
1916,1.5966932782213037,0.5495568090249798,560,681,1241,0.0,0.0008333472224535399,0.5490733279613214,8.058017727639034e-05
1917,1.5975266254437575,0.5495568090249798,560,681,1241,0.0,0.0008333472224537619,0.5491539081385977,8.058017727639034e-05
1918,1.5983599726662112,0.5495568090249798,560,681,1241,0.0,0.0008333472224537619,0.549234488315874,8.058017727639034e-05
1919,1.599193319888665,0.5495568090249798,560,681,1241,0.0,0.0008333472224537619,0.5493150684931504,8.058017727639034e-05
1920,1.6000266671111185,0.5495568090249798,560,681,1241,0.0,0.0008333472224535399,0.5493956486704267,8.058017727639034e-05
1921,1.6008600143335723,0.5495568090249798,560,681,1241,0.0,0.0008333472224537619,0.5494762288477031,8.058017727639034e-05
1922,1.601693361556026,0.5495568090249798,560,681,1241,0.0,0.0008333472224537619,0.5495568090249794,8.058017727639034e-05
1923,1.6025267087784798,0.5495568090249798,560,681,1241,0.0,0.0008333472224537619,0.5495568090249794,0.0
1924,1.6033600560009333,0.5495568090249798,560,681,1241,0.0,0.0008333472224535399,0.5495568090249794,0.0
1925,1.604193403223387,0.5495568090249798,560,681,1241,0.0,0.0008333472224537619,0.5495568090249794,0.0
1926,1.6050267504458409,0.5495568090249798,560,681,1241,0.0,0.0008333472224537619,0.5495568090249794,0.0
1927,1.6058600976682946,0.5495568090249798,560,681,1241,0.0,0.0008333472224537619,0.5495568090249794,0.0
1928,1.6066934448907482,0.5495568090249798,560,681,1241,0.0,0.0008333472224535399,0.5495568090249794,0.0
1929,1.607526792113202,0.5495568090249798,560,681,1241,0.0,0.0008333472224537619,0.5495568090249794,0.0
1930,1.6083601393356557,0.5495568090249798,560,681,1241,0.0,0.0008333472224537619,0.5495568090249794,0.0
1931,1.6091934865581095,0.5495568090249798,560,681,1241,0.0,0.0008333472224537619,0.5495568090249794,0.0
1932,1.610026833780563,0.5495568090249798,560,681,1241,0.0,0.0008333472224535399,0.5495568090249794,0.0
1933,1.6108601810030168,0.5495568090249798,560,681,1241,0.0,0.0008333472224537619,0.5495568090249794,0.0
1934,1.6116935282254705,0.5495568090249798,560,681,1241,0.0,0.0008333472224537619,0.5495568090249794,0.0
1935,1.6125268754479243,0.5495568090249798,560,681,1241,0.0,0.0008333472224537619,0.5495568090249794,0.0
1936,1.6133602226703778,0.5495568090249798,560,681,1241,0.0,0.0008333472224535399,0.5495568090249794,0.0
1937,1.6141935698928316,0.5495568090249798,560,681,1241,0.0,0.0008333472224537619,0.5495568090249794,0.0
1938,1.6150269171152853,0.5495568090249798,560,681,1241,0.0,0.0008333472224537619,0.5495568090249794,0.0
1939,1.615860264337739,0.5495568090249798,560,681,1241,0.0,0.0008333472224537619,0.5495568090249794,0.0
1940,1.6166936115601926,0.5495568090249798,560,681,1241,0.0,0.0008333472224535399,0.5495568090249794,0.0
1941,1.6175269587826464,0.5495568090249798,560,681,1241,0.0,0.0008333472224537619,0.5495568090249794,0.0
1942,1.6183603060051002,0.5495568090249798,560,681,1241,0.0,0.0008333472224537619,0.5495568090249794,0.0
1943,1.619193653227554,0.5495568090249798,560,681,1241,0.0,0.0008333472224537619,0.5495568090249794,0.0
1944,1.6200270004500075,0.5495568090249798,560,681,1241,0.0,0.0008333472224535399,0.5495568090249794,0.0
1945,1.6208603476724612,0.5495568090249798,560,681,1241,0.0,0.0008333472224537619,0.5495568090249794,0.0
1946,1.621693694894915,0.5495568090249798,560,681,1241,0.0,0.0008333472224537619,0.5495568090249794,0.0
1947,1.6225270421173688,0.5495568090249798,560,681,1241,0.0,0.0008333472224537619,0.5495568090249794,0.0
1948,1.6233603893398223,0.5495568090249798,560,681,1241,0.0,0.0008333472224535399,0.5495568090249794,0.0
1949,1.624193736562276,0.5495568090249798,560,681,1241,0.0,0.0008333472224537619,0.5495568090249794,0.0
1950,1.6250270837847298,0.5495568090249798,560,681,1241,0.0,0.0008333472224537619,0.5495568090249794,0.0
1951,1.6258604310071836,0.5495568090249798,560,681,1241,0.0,0.0008333472224537619,0.5495568090249794,0.0
1952,1.6266937782296371,0.5495568090249798,560,681,1241,0.0,0.0008333472224535399,0.5495568090249794,0.0
1953,1.6275271254520909,0.5495568090249798,560,681,1241,0.0,0.0008333472224537619,0.5495568090249794,0.0
1954,1.6283604726745446,0.5495568090249798,560,681,1241,0.0,0.0008333472224537619,0.5495568090249794,0.0
1955,1.6291938198969984,0.5495568090249798,560,681,1241,0.0,0.0008333472224537619,0.5495568090249794,0.0
1956,1.6300271671194522,0.5495568090249798,560,681,1241,0.0,0.0008333472224537619,0.5495568090249794,0.0
1957,1.6308605143419057,0.5495568090249798,560,681,1241,0.0,0.0008333472224535399,0.5495568090249794,0.0
1958,1.6316938615643595,0.5495568090249798,560,681,1241,0.0,0.0008333472224537619,0.5495568090249794,0.0
1959,1.6325272087868132,0.5495568090249798,560,681,1241,0.0,0.0008333472224537619,0.5495568090249794,0.0
1960,1.633360556009267,0.5495568090249798,560,681,1241,0.0,0.0008333472224537619,0.5495568090249794,0.0
1961,1.6341939032317205,0.5495568090249798,560,681,1241,0.0,0.0008333472224535399,0.5495568090249794,0.0
1962,1.6350272504541743,0.5495568090249798,560,681,1241,0.0,0.0008333472224537619,0.5495568090249794,0.0
1963,1.635860597676628,0.5495568090249798,560,681,1241,0.0,0.0008333472224537619,0.5495568090249794,0.0
1964,1.6366939448990818,0.5495568090249798,560,681,1241,0.0,0.0008333472224537619,0.5495568090249794,0.0
1965,1.6375272921215354,0.5495568090249798,560,681,1241,0.0,0.0008333472224535399,0.5495568090249794,0.0
1966,1.6383606393439891,0.5495568090249798,560,681,1241,0.0,0.0008333472224537619,0.5495568090249794,0.0
1967,1.6391939865664429,0.5495568090249798,560,681,1241,0.0,0.0008333472224537619,0.5495568090249794,0.0
1968,1.6400273337888966,0.5495568090249798,560,681,1241,0.0,0.0008333472224537619,0.5495568090249794,0.0
1969,1.6408606810113502,0.5495568090249798,560,681,1241,0.0,0.0008333472224535399,0.5495568090249794,0.0
1970,1.641694028233804,0.5495568090249798,560,681,1241,0.0,0.0008333472224537619,0.5495568090249794,0.0
1971,1.6425273754562577,0.5495568090249798,560,681,1241,0.0,0.0008333472224537619,0.5495568090249794,0.0
1972,1.6433607226787115,0.5495568090249798,560,681,1241,0.0,0.0008333472224537619,0.5495568090249794,0.0
1973,1.644194069901165,0.5495568090249798,560,681,1241,0.0,0.0008333472224535399,0.5495568090249794,0.0
1974,1.6450274171236188,0.5495568090249798,560,681,1241,0.0,0.0008333472224537619,0.5495568090249794,0.0
1975,1.6458607643460725,0.5495568090249798,560,681,1241,0.0,0.0008333472224537619,0.5495568090249794,0.0
1976,1.6466941115685263,0.5487510072522159,560,681,1241,-0.0008058017727639033,0.0008333472224537619,0.5494762288477031,-8.058017727639034e-05
1977,1.6475274587909798,0.5487510072522159,560,681,1241,0.0,0.0008333472224535399,0.5493956486704267,-8.058017727639034e-05
1978,1.6483608060134336,0.5487510072522159,560,681,1241,0.0,0.0008333472224537619,0.5493150684931504,-8.058017727639034e-05
1979,1.6491941532358874,0.5487510072522159,560,681,1241,0.0,0.0008333472224537619,0.549234488315874,-8.058017727639034e-05
1980,1.6500275004583411,0.5487510072522159,560,681,1241,0.0,0.0008333472224537619,0.5491539081385977,-8.058017727639034e-05
1981,1.6508608476807947,0.5487510072522159,560,681,1241,0.0,0.0008333472224535399,0.5490733279613214,-8.058017727639034e-05
1982,1.6516941949032484,0.5487510072522159,560,681,1241,0.0,0.0008333472224537619,0.5489927477840449,-8.058017727639034e-05
1983,1.6525275421257022,0.5487510072522159,560,681,1241,0.0,0.0008333472224537619,0.5489121676067686,-8.058017727639034e-05
1984,1.653360889348156,0.5487510072522159,560,681,1241,0.0,0.0008333472224537619,0.5488315874294922,-8.058017727639034e-05
1985,1.6541942365706095,0.5487510072522159,560,681,1241,0.0,0.0008333472224535399,0.5487510072522159,-8.058017727639034e-05
1986,1.6550275837930633,0.5487510072522159,560,681,1241,0.0,0.0008333472224537619,0.5487510072522159,0.0
1987,1.655860931015517,0.5487510072522159,560,681,1241,0.0,0.0008333472224537619,0.5487510072522159,0.0
1988,1.6566942782379708,0.5487510072522159,560,681,1241,0.0,0.0008333472224537619,0.5487510072522159,0.0
1989,1.6575276254604243,0.5487510072522159,560,681,1241,0.0,0.0008333472224535399,0.5487510072522159,0.0
1990,1.658360972682878,0.5487510072522159,560,681,1241,0.0,0.0008333472224537619,0.5487510072522159,0.0
1991,1.6591943199053318,0.5487510072522159,560,681,1241,0.0,0.0008333472224537619,0.5487510072522159,0.0
1992,1.6600276671277856,0.5487510072522159,560,681,1241,0.0,0.0008333472224537619,0.5487510072522159,0.0
1993,1.6608610143502391,0.5487510072522159,560,681,1241,0.0,0.0008333472224535399,0.5487510072522159,0.0
1994,1.661694361572693,0.5487510072522159,560,681,1241,0.0,0.0008333472224537619,0.5487510072522159,0.0
1995,1.6625277087951467,0.5487510072522159,560,681,1241,0.0,0.0008333472224537619,0.5487510072522159,0.0
1996,1.6633610560176004,0.5487510072522159,560,681,1241,0.0,0.0008333472224537619,0.5487510072522159,0.0
1997,1.664194403240054,0.5487510072522159,560,681,1241,0.0,0.0008333472224535399,0.5487510072522159,0.0
1998,1.6650277504625077,0.5487510072522159,560,681,1241,0.0,0.0008333472224537619,0.5487510072522159,0.0
1999,1.6658610976849615,0.5487510072522159,560,681,1241,0.0,0.0008333472224537619,0.5487510072522159,0.0
2000,1.6666944449074153,0.5487510072522159,560,681,1241,0.0,0.0008333472224537619,0.5487510072522159,0.0
2001,1.6675277921298688,0.5487510072522159,560,681,1241,0.0,0.0008333472224535399,0.5487510072522159,0.0
2002,1.6683611393523226,0.5487510072522159,560,681,1241,0.0,0.0008333472224537619,0.5487510072522159,0.0
2003,1.6691944865747763,0.5487510072522159,560,681,1241,0.0,0.0008333472224537619,0.5487510072522159,0.0
2004,1.67002783379723,0.5487510072522159,560,681,1241,0.0,0.0008333472224537619,0.5487510072522159,0.0
2005,1.6708611810196838,0.5487510072522159,560,681,1241,0.0,0.0008333472224537619,0.5487510072522159,0.0
2006,1.6716945282421374,0.5487510072522159,560,681,1241,0.0,0.0008333472224535399,0.5487510072522159,0.0
2007,1.6725278754645911,0.5487510072522159,560,681,1241,0.0,0.0008333472224537619,0.5487510072522159,0.0
2008,1.673361222687045,0.5487510072522159,560,681,1241,0.0,0.0008333472224537619,0.5487510072522159,0.0
2009,1.6741945699094987,0.5487510072522159,560,681,1241,0.0,0.0008333472224537619,0.5487510072522159,0.0
2010,1.6750279171319522,0.5487510072522159,560,681,1241,0.0,0.0008333472224535399,0.5487510072522159,0.0
2011,1.675861264354406,0.5487510072522159,560,681,1241,0.0,0.0008333472224537619,0.5487510072522159,0.0
2012,1.6766946115768597,0.5487510072522159,560,681,1241,0.0,0.0008333472224537619,0.5487510072522159,0.0
2013,1.6775279587993135,0.5487510072522159,560,681,1241,0.0,0.0008333472224537619,0.5487510072522159,0.0
2014,1.678361306021767,0.5487510072522159,560,681,1241,0.0,0.0008333472224535399,0.5487510072522159,0.0
2015,1.6791946532442208,0.5487510072522159,560,681,1241,0.0,0.0008333472224537619,0.5487510072522159,0.0
2016,1.6800280004666746,0.5487510072522159,560,681,1241,0.0,0.0008333472224537619,0.5487510072522159,0.0
2017,1.6808613476891283,0.5487510072522159,560,681,1241,0.0,0.0008333472224537619,0.5487510072522159,0.0
2018,1.6816946949115819,0.5487510072522159,560,681,1241,0.0,0.0008333472224535399,0.5487510072522159,0.0
2019,1.6825280421340356,0.5487510072522159,560,681,1241,0.0,0.0008333472224537619,0.5487510072522159,0.0
2020,1.6833613893564894,0.5487510072522159,560,681,1241,0.0,0.0008333472224537619,0.5487510072522159,0.0
2021,1.6841947365789431,0.5487510072522159,560,681,1241,0.0,0.0008333472224537619,0.5487510072522159,0.0
2022,1.6850280838013967,0.5487510072522159,560,681,1241,0.0,0.0008333472224535399,0.5487510072522159,0.0
2023,1.6858614310238504,0.5487510072522159,560,681,1241,0.0,0.0008333472224537619,0.5487510072522159,0.0
2024,1.6866947782463042,0.5487510072522159,560,681,1241,0.0,0.0008333472224537619,0.5487510072522159,0.0
2025,1.687528125468758,0.5487510072522159,560,681,1241,0.0,0.0008333472224537619,0.5487510072522159,0.0
2026,1.6883614726912115,0.5487510072522159,560,681,1241,0.0,0.0008333472224535399,0.5487510072522159,0.0
2027,1.6891948199136653,0.5487510072522159,560,681,1241,0.0,0.0008333472224537619,0.5487510072522159,0.0
2028,1.690028167136119,0.5487510072522159,560,681,1241,0.0,0.0008333472224537619,0.5487510072522159,0.0
2029,1.6908615143585728,0.5487510072522159,560,681,1241,0.0,0.0008333472224537619,0.5487510072522159,0.0
2030,1.6916948615810263,0.5487510072522159,560,681,1241,0.0,0.0008333472224535399,0.5487510072522159,0.0
2031,1.69252820880348,0.5487510072522159,560,681,1241,0.0,0.0008333472224537619,0.5487510072522159,0.0
2032,1.6933615560259339,0.5487510072522159,560,681,1241,0.0,0.0008333472224537619,0.5487510072522159,0.0
2033,1.6941949032483876,0.5487510072522159,560,681,1241,0.0,0.0008333472224537619,0.5487510072522159,0.0
2034,1.6950282504708412,0.5487510072522159,560,681,1241,0.0,0.0008333472224535399,0.5487510072522159,0.0
2035,1.695861597693295,0.5487510072522159,560,681,1241,0.0,0.0008333472224537619,0.5487510072522159,0.0
2036,1.6966949449157487,0.5487510072522159,560,681,1241,0.0,0.0008333472224537619,0.5487510072522159,0.0
2037,1.6975282921382024,0.5487510072522159,560,681,1241,0.0,0.0008333472224537619,0.5487510072522159,0.0
2038,1.698361639360656,0.5487510072522159,560,681,1241,0.0,0.0008333472224535399,0.5487510072522159,0.0
2039,1.6991949865831097,0.5487510072522159,560,681,1241,0.0,0.0008333472224537619,0.5487510072522159,0.0
2040,1.7000283338055635,0.5487510072522159,560,681,1241,0.0,0.0008333472224537619,0.5487510072522159,0.0
2041,1.7008616810280173,0.5487510072522159,560,681,1241,0.0,0.0008333472224537619,0.5487510072522159,0.0
2042,1.7016950282504708,0.5487510072522159,560,681,1241,0.0,0.0008333472224535399,0.5487510072522159,0.0
2043,1.7025283754729246,0.5487510072522159,560,681,1241,0.0,0.0008333472224537619,0.5487510072522159,0.0
2044,1.7033617226953783,0.5487510072522159,560,681,1241,0.0,0.0008333472224537619,0.5487510072522159,0.0
2045,1.704195069917832,0.5487510072522159,560,681,1241,0.0,0.0008333472224537619,0.5487510072522159,0.0
2046,1.7050284171402856,0.5487510072522159,560,681,1241,0.0,0.0008333472224535399,0.5487510072522159,0.0
2047,1.7058617643627394,0.5487510072522159,560,681,1241,0.0,0.0008333472224537619,0.5487510072522159,0.0
2048,1.7066951115851932,0.5487510072522159,560,681,1241,0.0,0.0008333472224537619,0.5487510072522159,0.0
2049,1.707528458807647,0.5487510072522159,560,681,1241,0.0,0.0008333472224537619,0.5487510072522159,0.0
2050,1.7083618060301007,0.5487510072522159,560,681,1241,0.0,0.0008333472224537619,0.5487510072522159,0.0
2051,1.7091951532525542,0.5487510072522159,560,681,1241,0.0,0.0008333472224535399,0.5487510072522159,0.0
2052,1.710028500475008,0.5487510072522159,560,681,1241,0.0,0.0008333472224537619,0.5487510072522159,0.0
2053,1.7108618476974617,0.5487510072522159,560,681,1241,0.0,0.0008333472224537619,0.5487510072522159,0.0
2054,1.7116951949199155,0.5487510072522159,560,681,1241,0.0,0.0008333472224537619,0.5487510072522159,0.0
2055,1.712528542142369,0.5487510072522159,560,681,1241,0.0,0.0008333472224535399,0.5487510072522159,0.0
2056,1.7133618893648228,0.5487510072522159,560,681,1241,0.0,0.0008333472224537619,0.5487510072522159,0.0
2057,1.7141952365872766,0.5487510072522159,560,681,1241,0.0,0.0008333472224537619,0.5487510072522159,0.0
2058,1.7150285838097303,0.5487510072522159,560,681,1241,0.0,0.0008333472224537619,0.5487510072522159,0.0
2059,1.7158619310321839,0.5487510072522159,560,681,1241,0.0,0.0008333472224535399,0.5487510072522159,0.0
2060,1.7166952782546376,0.5487510072522159,560,681,1241,0.0,0.0008333472224537619,0.5487510072522159,0.0
2061,1.7175286254770914,0.5487510072522159,560,681,1241,0.0,0.0008333472224537619,0.5487510072522159,0.0
2062,1.7183619726995452,0.5487510072522159,560,681,1241,0.0,0.0008333472224537619,0.5487510072522159,0.0
2063,1.7191953199219987,0.5487510072522159,560,681,1241,0.0,0.0008333472224535399,0.5487510072522159,0.0
2064,1.7200286671444525,0.5487510072522159,560,681,1241,0.0,0.0008333472224537619,0.5487510072522159,0.0
2065,1.7208620143669062,0.5487510072522159,560,681,1241,0.0,0.0008333472224537619,0.5487510072522159,0.0
2066,1.72169536158936,0.5487510072522159,560,681,1241,0.0,0.0008333472224537619,0.5487510072522159,0.0
2067,1.7225287088118135,0.5487510072522159,560,681,1241,0.0,0.0008333472224535399,0.5487510072522159,0.0
2068,1.7233620560342673,0.5487510072522159,560,681,1241,0.0,0.0008333472224537619,0.5487510072522159,0.0
2069,1.724195403256721,0.5487510072522159,560,681,1241,0.0,0.0008333472224537619,0.5487510072522159,0.0
2070,1.7250287504791748,0.5487510072522159,560,681,1241,0.0,0.0008333472224537619,0.5487510072522159,0.0
2071,1.7258620977016284,0.5487510072522159,560,681,1241,0.0,0.0008333472224535399,0.5487510072522159,0.0
2072,1.7266954449240821,0.5487510072522159,560,681,1241,0.0,0.0008333472224537619,0.5487510072522159,0.0
2073,1.7275287921465359,0.5487510072522159,560,681,1241,0.0,0.0008333472224537619,0.5487510072522159,0.0
2074,1.7283621393689896,0.5487510072522159,560,681,1241,0.0,0.0008333472224537619,0.5487510072522159,0.0
2075,1.7291954865914432,0.5487510072522159,560,681,1241,0.0,0.0008333472224535399,0.5487510072522159,0.0
2076,1.730028833813897,0.5487510072522159,560,681,1241,0.0,0.0008333472224537619,0.5487510072522159,0.0
2077,1.7308621810363507,0.5487510072522159,560,681,1241,0.0,0.0008333472224537619,0.5487510072522159,0.0
2078,1.7316955282588045,0.5487510072522159,560,681,1241,0.0,0.0008333472224537619,0.5487510072522159,0.0
2079,1.732528875481258,0.5487510072522159,560,681,1241,0.0,0.0008333472224535399,0.5487510072522159,0.0
2080,1.7333622227037118,0.5487510072522159,560,681,1241,0.0,0.0008333472224537619,0.5487510072522159,0.0
2081,1.7341955699261655,0.5487510072522159,560,681,1241,0.0,0.0008333472224537619,0.5487510072522159,0.0
2082,1.7350289171486193,0.5487510072522159,560,681,1241,0.0,0.0008333472224537619,0.5487510072522159,0.0
2083,1.7358622643710728,0.5487510072522159,560,681,1241,0.0,0.0008333472224535399,0.5487510072522159,0.0
2084,1.7366956115935266,0.5487510072522159,560,681,1241,0.0,0.0008333472224537619,0.5487510072522159,0.0
2085,1.7375289588159804,0.5487510072522159,560,681,1241,0.0,0.0008333472224537619,0.5487510072522159,0.0
2086,1.7383623060384341,0.5487510072522159,560,681,1241,0.0,0.0008333472224537619,0.5487510072522159,0.0
2087,1.7391956532608877,0.5487510072522159,560,681,1241,0.0,0.0008333472224535399,0.5487510072522159,0.0
2088,1.7400290004833414,0.5487510072522159,560,681,1241,0.0,0.0008333472224537619,0.5487510072522159,0.0
2089,1.7408623477057952,0.5487510072522159,560,681,1241,0.0,0.0008333472224537619,0.5487510072522159,0.0
2090,1.741695694928249,0.5487510072522159,560,681,1241,0.0,0.0008333472224537619,0.5487510072522159,0.0
2091,1.7425290421507025,0.5487510072522159,560,681,1241,0.0,0.0008333472224535399,0.5487510072522159,0.0
2092,1.7433623893731562,0.5487510072522159,560,681,1241,0.0,0.0008333472224537619,0.5487510072522159,0.0
2093,1.74419573659561,0.5487510072522159,560,681,1241,0.0,0.0008333472224537619,0.5487510072522159,0.0
2094,1.7450290838180638,0.5487510072522159,560,681,1241,0.0,0.0008333472224537619,0.5487510072522159,0.0
2095,1.7458624310405175,0.5487510072522159,560,681,1241,0.0,0.0008333472224537619,0.5487510072522159,0.0
2096,1.746695778262971,0.5487510072522159,560,681,1241,0.0,0.0008333472224535399,0.5487510072522159,0.0
2097,1.7475291254854248,0.5487510072522159,560,681,1241,0.0,0.0008333472224537619,0.5487510072522159,0.0
2098,1.7483624727078786,0.5487510072522159,560,681,1241,0.0,0.0008333472224537619,0.5487510072522159,0.0
2099,1.7491958199303324,0.5487510072522159,560,681,1241,0.0,0.0008333472224537619,0.5487510072522159,0.0
2100,1.750029167152786,0.5487510072522159,560,681,1241,0.0,0.0008333472224535399,0.5487510072522159,0.0
2101,1.7508625143752397,0.5487510072522159,560,681,1241,0.0,0.0008333472224537619,0.5487510072522159,0.0
2102,1.7516958615976934,0.5487510072522159,560,681,1241,0.0,0.0008333472224537619,0.5487510072522159,0.0
2103,1.7525292088201472,0.5487510072522159,560,681,1241,0.0,0.0008333472224537619,0.5487510072522159,0.0
2104,1.7533625560426007,0.5487510072522159,560,681,1241,0.0,0.0008333472224535399,0.5487510072522159,0.0
2105,1.7541959032650545,0.5487510072522159,560,681,1241,0.0,0.0008333472224537619,0.5487510072522159,0.0
2106,1.7550292504875082,0.5487510072522159,560,681,1241,0.0,0.0008333472224537619,0.5487510072522159,0.0
2107,1.755862597709962,0.5487510072522159,560,681,1241,0.0,0.0008333472224537619,0.5487510072522159,0.0
2108,1.7566959449324155,0.5487510072522159,560,681,1241,0.0,0.0008333472224535399,0.5487510072522159,0.0
2109,1.7575292921548693,0.5487510072522159,560,681,1241,0.0,0.0008333472224537619,0.5487510072522159,0.0
2110,1.758362639377323,0.5487510072522159,560,681,1241,0.0,0.0008333472224537619,0.5487510072522159,0.0
2111,1.7591959865997768,0.5487510072522159,560,681,1241,0.0,0.0008333472224537619,0.5487510072522159,0.0
2112,1.7600293338222304,0.5487510072522159,560,681,1241,0.0,0.0008333472224535399,0.5487510072522159,0.0
2113,1.7608626810446841,0.5487510072522159,560,681,1241,0.0,0.0008333472224537619,0.5487510072522159,0.0
2114,1.761696028267138,0.5487510072522159,560,681,1241,0.0,0.0008333472224537619,0.5487510072522159,0.0
2115,1.7625293754895917,0.5487510072522159,560,681,1241,0.0,0.0008333472224537619,0.5487510072522159,0.0
2116,1.7633627227120452,0.5487510072522159,560,681,1241,0.0,0.0008333472224535399,0.5487510072522159,0.0
2117,1.764196069934499,0.5487510072522159,560,681,1241,0.0,0.0008333472224537619,0.5487510072522159,0.0
2118,1.7650294171569527,0.5487510072522159,560,681,1241,0.0,0.0008333472224537619,0.5487510072522159,0.0
2119,1.7658627643794065,0.5487510072522159,560,681,1241,0.0,0.0008333472224537619,0.5487510072522159,0.0
2120,1.76669611160186,0.5487510072522159,560,681,1241,0.0,0.0008333472224535399,0.5487510072522159,0.0
2121,1.7675294588243138,0.5487510072522159,560,681,1241,0.0,0.0008333472224537619,0.5487510072522159,0.0
2122,1.7683628060467675,0.5487510072522159,560,681,1241,0.0,0.0008333472224537619,0.5487510072522159,0.0
2123,1.7691961532692213,0.5487510072522159,560,681,1241,0.0,0.0008333472224537619,0.5487510072522159,0.0
2124,1.7700295004916748,0.5487510072522159,560,681,1241,0.0,0.0008333472224535399,0.5487510072522159,0.0
2125,1.7708628477141286,0.5487510072522159,560,681,1241,0.0,0.0008333472224537619,0.5487510072522159,0.0
2126,1.7716961949365824,0.5487510072522159,560,681,1241,0.0,0.0008333472224537619,0.5487510072522159,0.0
2127,1.7725295421590361,0.5487510072522159,560,681,1241,0.0,0.0008333472224537619,0.5487510072522159,0.0
2128,1.7733628893814897,0.5487510072522159,560,681,1241,0.0,0.0008333472224535399,0.5487510072522159,0.0
2129,1.7741962366039434,0.5487510072522159,560,681,1241,0.0,0.0008333472224537619,0.5487510072522159,0.0
2130,1.7750295838263972,0.5487510072522159,560,681,1241,0.0,0.0008333472224537619,0.5487510072522159,0.0
2131,1.775862931048851,0.5487510072522159,560,681,1241,0.0,0.0008333472224537619,0.5487510072522159,0.0
2132,1.7766962782713045,0.5487510072522159,560,681,1241,0.0,0.0008333472224535399,0.5487510072522159,0.0
2133,1.7775296254937583,0.5487510072522159,560,681,1241,0.0,0.0008333472224537619,0.5487510072522159,0.0
2134,1.778362972716212,0.5495568090249798,560,681,1241,0.0008058017727639033,0.0008333472224537619,0.5488315874294922,8.058017727639034e-05
2135,1.7791963199386658,0.5495568090249798,560,681,1241,0.0,0.0008333472224537619,0.5489121676067686,8.058017727639034e-05
2136,1.7800296671611193,0.5495568090249798,560,681,1241,0.0,0.0008333472224535399,0.5489927477840449,8.058017727639034e-05
2137,1.780863014383573,0.5495568090249798,560,681,1241,0.0,0.0008333472224537619,0.5490733279613214,8.058017727639034e-05
2138,1.7816963616060268,0.5495568090249798,560,681,1241,0.0,0.0008333472224537619,0.5491539081385977,8.058017727639034e-05
2139,1.7825297088284806,0.5495568090249798,560,681,1241,0.0,0.0008333472224537619,0.549234488315874,8.058017727639034e-05
2140,1.7833630560509341,0.5495568090249798,560,681,1241,0.0,0.0008333472224535399,0.5493150684931504,8.058017727639034e-05
2141,1.784196403273388,0.5495568090249798,560,681,1241,0.0,0.0008333472224537619,0.5493956486704267,8.058017727639034e-05
2142,1.7850297504958417,0.5495568090249798,560,681,1241,0.0,0.0008333472224537619,0.5494762288477031,8.058017727639034e-05
2143,1.7858630977182954,0.5495568090249798,560,681,1241,0.0,0.0008333472224537619,0.5495568090249794,8.058017727639034e-05
2144,1.7866964449407492,0.5495568090249798,560,681,1241,0.0,0.0008333472224537619,0.5495568090249794,0.0
2145,1.7875297921632027,0.5495568090249798,560,681,1241,0.0,0.0008333472224535399,0.5495568090249794,0.0
2146,1.7883631393856565,0.5495568090249798,560,681,1241,0.0,0.0008333472224537619,0.5495568090249794,0.0
2147,1.7891964866081103,0.5495568090249798,560,681,1241,0.0,0.0008333472224537619,0.5495568090249794,0.0
2148,1.790029833830564,0.5495568090249798,560,681,1241,0.0,0.0008333472224537619,0.5495568090249794,0.0
2149,1.7908631810530176,0.5495568090249798,560,681,1241,0.0,0.0008333472224535399,0.5495568090249794,0.0
2150,1.7916965282754713,0.5495568090249798,560,681,1241,0.0,0.0008333472224537619,0.5495568090249794,0.0
2151,1.792529875497925,0.5495568090249798,560,681,1241,0.0,0.0008333472224537619,0.5495568090249794,0.0
2152,1.7933632227203788,0.5495568090249798,560,681,1241,0.0,0.0008333472224537619,0.5495568090249794,0.0
2153,1.7941965699428324,0.5495568090249798,560,681,1241,0.0,0.0008333472224535399,0.5495568090249794,0.0
2154,1.7950299171652861,0.5495568090249798,560,681,1241,0.0,0.0008333472224537619,0.5495568090249794,0.0
2155,1.79586326438774,0.5495568090249798,560,681,1241,0.0,0.0008333472224537619,0.5495568090249794,0.0
2156,1.7966966116101937,0.5495568090249798,560,681,1241,0.0,0.0008333472224537619,0.5495568090249794,0.0
2157,1.7975299588326472,0.5495568090249798,560,681,1241,0.0,0.0008333472224535399,0.5495568090249794,0.0
2158,1.798363306055101,0.5495568090249798,560,681,1241,0.0,0.0008333472224537619,0.5495568090249794,0.0
2159,1.7991966532775547,0.5495568090249798,560,681,1241,0.0,0.0008333472224537619,0.5495568090249794,0.0
2160,1.8000300005000085,0.5495568090249798,560,681,1241,0.0,0.0008333472224537619,0.5495568090249794,0.0
2161,1.800863347722462,0.5495568090249798,560,681,1241,0.0,0.0008333472224535399,0.5495568090249794,0.0
2162,1.8016966949449158,0.5495568090249798,560,681,1241,0.0,0.0008333472224537619,0.5495568090249794,0.0
2163,1.8025300421673696,0.5495568090249798,560,681,1241,0.0,0.0008333472224537619,0.5495568090249794,0.0
2164,1.8033633893898233,0.5495568090249798,560,681,1241,0.0,0.0008333472224537619,0.5495568090249794,0.0
2165,1.8041967366122769,0.5495568090249798,560,681,1241,0.0,0.0008333472224535399,0.5495568090249794,0.0
2166,1.8050300838347306,0.5495568090249798,560,681,1241,0.0,0.0008333472224537619,0.5495568090249794,0.0
2167,1.8058634310571844,0.5495568090249798,560,681,1241,0.0,0.0008333472224537619,0.5495568090249794,0.0
2168,1.8066967782796381,0.5495568090249798,560,681,1241,0.0,0.0008333472224537619,0.5495568090249794,0.0
2169,1.8075301255020917,0.5495568090249798,560,681,1241,0.0,0.0008333472224535399,0.5495568090249794,0.0
2170,1.8083634727245455,0.5495568090249798,560,681,1241,0.0,0.0008333472224537619,0.5495568090249794,0.0
2171,1.8091968199469992,0.5495568090249798,560,681,1241,0.0,0.0008333472224537619,0.5495568090249794,0.0
2172,1.810030167169453,0.5495568090249798,560,681,1241,0.0,0.0008333472224537619,0.5495568090249794,0.0
2173,1.8108635143919065,0.5495568090249798,560,681,1241,0.0,0.0008333472224535399,0.5495568090249794,0.0
2174,1.8116968616143603,0.5495568090249798,560,681,1241,0.0,0.0008333472224537619,0.5495568090249794,0.0
2175,1.812530208836814,0.5495568090249798,560,681,1241,0.0,0.0008333472224537619,0.5495568090249794,0.0
2176,1.8133635560592678,0.5495568090249798,560,681,1241,0.0,0.0008333472224537619,0.5495568090249794,0.0
2177,1.8141969032817213,0.5495568090249798,560,681,1241,0.0,0.0008333472224535399,0.5495568090249794,0.0
2178,1.815030250504175,0.5495568090249798,560,681,1241,0.0,0.0008333472224537619,0.5495568090249794,0.0
2179,1.8158635977266289,0.5495568090249798,560,681,1241,0.0,0.0008333472224537619,0.5495568090249794,0.0
2180,1.8166969449490826,0.5495568090249798,560,681,1241,0.0,0.0008333472224537619,0.5495568090249794,0.0
2181,1.8175302921715362,0.5495568090249798,560,681,1241,0.0,0.0008333472224535399,0.5495568090249794,0.0
2182,1.81836363939399,0.5495568090249798,560,681,1241,0.0,0.0008333472224537619,0.5495568090249794,0.0
2183,1.8191969866164437,0.5495568090249798,560,681,1241,0.0,0.0008333472224537619,0.5495568090249794,0.0
2184,1.8200303338388975,0.5495568090249798,560,681,1241,0.0,0.0008333472224537619,0.5495568090249794,0.0
2185,1.820863681061351,0.5495568090249798,560,681,1241,0.0,0.0008333472224535399,0.5495568090249794,0.0
2186,1.8216970282838048,0.5495568090249798,560,681,1241,0.0,0.0008333472224537619,0.5495568090249794,0.0
2187,1.8225303755062585,0.5495568090249798,560,681,1241,0.0,0.0008333472224537619,0.5495568090249794,0.0
2188,1.8233637227287123,0.5495568090249798,560,681,1241,0.0,0.0008333472224537619,0.5495568090249794,0.0
2189,1.824197069951166,0.5495568090249798,560,681,1241,0.0,0.0008333472224537619,0.5495568090249794,0.0
2190,1.8250304171736196,0.5495568090249798,560,681,1241,0.0,0.0008333472224535399,0.5495568090249794,0.0
2191,1.8258637643960733,0.5495568090249798,560,681,1241,0.0,0.0008333472224537619,0.5495568090249794,0.0
2192,1.826697111618527,0.5495568090249798,560,681,1241,0.0,0.0008333472224537619,0.5495568090249794,0.0
2193,1.8275304588409809,0.5495568090249798,560,681,1241,0.0,0.0008333472224537619,0.5495568090249794,0.0
2194,1.8283638060634344,0.5495568090249798,560,681,1241,0.0,0.0008333472224535399,0.5495568090249794,0.0
2195,1.8291971532858882,0.5495568090249798,560,681,1241,0.0,0.0008333472224537619,0.5495568090249794,0.0
2196,1.830030500508342,0.5495568090249798,560,681,1241,0.0,0.0008333472224537619,0.5495568090249794,0.0
2197,1.8308638477307957,0.5495568090249798,560,681,1241,0.0,0.0008333472224537619,0.5495568090249794,0.0
2198,1.8316971949532492,0.5495568090249798,560,681,1241,0.0,0.0008333472224535399,0.5495568090249794,0.0
2199,1.832530542175703,0.5495568090249798,560,681,1241,0.0,0.0008333472224537619,0.5495568090249794,0.0
2200,1.8333638893981568,0.5495568090249798,560,681,1241,0.0,0.0008333472224537619,0.5495568090249794,0.0
2201,1.8341972366206105,0.5495568090249798,560,681,1241,0.0,0.0008333472224537619,0.5495568090249794,0.0
2202,1.835030583843064,0.5495568090249798,560,681,1241,0.0,0.0008333472224535399,0.5495568090249794,0.0
2203,1.8358639310655178,0.5495568090249798,560,681,1241,0.0,0.0008333472224537619,0.5495568090249794,0.0
2204,1.8366972782879716,0.5495568090249798,560,681,1241,0.0,0.0008333472224537619,0.5495568090249794,0.0
2205,1.8375306255104253,0.5495568090249798,560,681,1241,0.0,0.0008333472224537619,0.5495568090249794,0.0
2206,1.8383639727328789,0.5495568090249798,560,681,1241,0.0,0.0008333472224535399,0.5495568090249794,0.0
2207,1.8391973199553326,0.5495568090249798,560,681,1241,0.0,0.0008333472224537619,0.5495568090249794,0.0
2208,1.8400306671777864,0.5495568090249798,560,681,1241,0.0,0.0008333472224537619,0.5495568090249794,0.0
2209,1.8408640144002402,0.5495568090249798,560,681,1241,0.0,0.0008333472224537619,0.5495568090249794,0.0
2210,1.8416973616226937,0.5495568090249798,560,681,1241,0.0,0.0008333472224535399,0.5495568090249794,0.0
2211,1.8425307088451475,0.5495568090249798,560,681,1241,0.0,0.0008333472224537619,0.5495568090249794,0.0
2212,1.8433640560676012,0.5495568090249798,560,681,1241,0.0,0.0008333472224537619,0.5495568090249794,0.0
2213,1.844197403290055,0.5495568090249798,560,681,1241,0.0,0.0008333472224537619,0.5495568090249794,0.0
2214,1.8450307505125085,0.5495568090249798,560,681,1241,0.0,0.0008333472224535399,0.5495568090249794,0.0
2215,1.8458640977349623,0.5495568090249798,560,681,1241,0.0,0.0008333472224537619,0.5495568090249794,0.0
2216,1.846697444957416,0.5495568090249798,560,681,1241,0.0,0.0008333472224537619,0.5495568090249794,0.0
2217,1.8475307921798698,0.5495568090249798,560,681,1241,0.0,0.0008333472224537619,0.5495568090249794,0.0
2218,1.8483641394023234,0.5495568090249798,560,681,1241,0.0,0.0008333472224535399,0.5495568090249794,0.0
2219,1.8491974866247771,0.5495568090249798,560,681,1241,0.0,0.0008333472224537619,0.5495568090249794,0.0
2220,1.8500308338472309,0.5495568090249798,560,681,1241,0.0,0.0008333472224537619,0.5495568090249794,0.0
2221,1.8508641810696846,0.5495568090249798,560,681,1241,0.0,0.0008333472224537619,0.5495568090249794,0.0
2222,1.8516975282921382,0.5495568090249798,560,681,1241,0.0,0.0008333472224535399,0.5495568090249794,0.0
2223,1.852530875514592,0.5495568090249798,560,681,1241,0.0,0.0008333472224537619,0.5495568090249794,0.0
2224,1.8533642227370457,0.5495568090249798,560,681,1241,0.0,0.0008333472224537619,0.5495568090249794,0.0
2225,1.8541975699594995,0.5495568090249798,560,681,1241,0.0,0.0008333472224537619,0.5495568090249794,0.0
2226,1.855030917181953,0.5495568090249798,560,681,1241,0.0,0.0008333472224535399,0.5495568090249794,0.0
2227,1.8558642644044068,0.5495568090249798,560,681,1241,0.0,0.0008333472224537619,0.5495568090249794,0.0
2228,1.8566976116268605,0.5495568090249798,560,681,1241,0.0,0.0008333472224537619,0.5495568090249794,0.0
2229,1.8575309588493143,0.5495568090249798,560,681,1241,0.0,0.0008333472224537619,0.5495568090249794,0.0
2230,1.8583643060717678,0.5495568090249798,560,681,1241,0.0,0.0008333472224535399,0.5495568090249794,0.0
2231,1.8591976532942216,0.5495568090249798,560,681,1241,0.0,0.0008333472224537619,0.5495568090249794,0.0
2232,1.8600310005166754,0.5495568090249798,560,681,1241,0.0,0.0008333472224537619,0.5495568090249794,0.0
2233,1.8608643477391291,0.5495568090249798,560,681,1241,0.0,0.0008333472224537619,0.5495568090249794,0.0
2234,1.8616976949615827,0.5495568090249798,560,681,1241,0.0,0.0008333472224535399,0.5495568090249794,0.0
2235,1.8625310421840364,0.5495568090249798,560,681,1241,0.0,0.0008333472224537619,0.5495568090249794,0.0
2236,1.8633643894064902,0.5495568090249798,560,681,1241,0.0,0.0008333472224537619,0.5495568090249794,0.0
2237,1.864197736628944,0.5495568090249798,560,681,1241,0.0,0.0008333472224537619,0.5495568090249794,0.0
2238,1.8650310838513977,0.5495568090249798,560,681,1241,0.0,0.0008333472224537619,0.5495568090249794,0.0
2239,1.8658644310738512,0.5495568090249798,560,681,1241,0.0,0.0008333472224535399,0.5495568090249794,0.0
2240,1.866697778296305,0.5495568090249798,560,681,1241,0.0,0.0008333472224537619,0.5495568090249794,0.0
2241,1.8675311255187588,0.5495568090249798,560,681,1241,0.0,0.0008333472224537619,0.5495568090249794,0.0
2242,1.8683644727412125,0.5495568090249798,560,681,1241,0.0,0.0008333472224537619,0.5495568090249794,0.0
2243,1.869197819963666,0.5495568090249798,560,681,1241,0.0,0.0008333472224535399,0.5495568090249794,0.0
2244,1.8700311671861198,0.5495568090249798,560,681,1241,0.0,0.0008333472224537619,0.5495568090249794,0.0
2245,1.8708645144085736,0.5495568090249798,560,681,1241,0.0,0.0008333472224537619,0.5495568090249794,0.0
2246,1.8716978616310274,0.5495568090249798,560,681,1241,0.0,0.0008333472224537619,0.5495568090249794,0.0
2247,1.872531208853481,0.5495568090249798,560,681,1241,0.0,0.0008333472224535399,0.5495568090249794,0.0
2248,1.8733645560759347,0.5495568090249798,560,681,1241,0.0,0.0008333472224537619,0.5495568090249794,0.0
2249,1.8741979032983884,0.5495568090249798,560,681,1241,0.0,0.0008333472224537619,0.5495568090249794,0.0
2250,1.8750312505208422,0.5495568090249798,560,681,1241,0.0,0.0008333472224537619,0.5495568090249794,0.0
2251,1.8758645977432957,0.5495568090249798,560,681,1241,0.0,0.0008333472224535399,0.5495568090249794,0.0
2252,1.8766979449657495,0.5495568090249798,560,681,1241,0.0,0.0008333472224537619,0.5495568090249794,0.0
2253,1.8775312921882032,0.5495568090249798,560,681,1241,0.0,0.0008333472224537619,0.5495568090249794,0.0
2254,1.878364639410657,0.5495568090249798,560,681,1241,0.0,0.0008333472224537619,0.5495568090249794,0.0
2255,1.8791979866331106,0.5495568090249798,560,681,1241,0.0,0.0008333472224535399,0.5495568090249794,0.0
2256,1.8800313338555643,0.5495568090249798,560,681,1241,0.0,0.0008333472224537619,0.5495568090249794,0.0
2257,1.880864681078018,0.5495568090249798,560,681,1241,0.0,0.0008333472224537619,0.5495568090249794,0.0
2258,1.8816980283004718,0.5495568090249798,560,681,1241,0.0,0.0008333472224537619,0.5495568090249794,0.0
2259,1.8825313755229254,0.5495568090249798,560,681,1241,0.0,0.0008333472224535399,0.5495568090249794,0.0
2260,1.8833647227453791,0.5495568090249798,560,681,1241,0.0,0.0008333472224537619,0.5495568090249794,0.0
2261,1.884198069967833,0.5495568090249798,560,681,1241,0.0,0.0008333472224537619,0.5495568090249794,0.0
2262,1.8850314171902867,0.5495568090249798,560,681,1241,0.0,0.0008333472224537619,0.5495568090249794,0.0
2263,1.8858647644127402,0.5495568090249798,560,681,1241,0.0,0.0008333472224535399,0.5495568090249794,0.0
2264,1.886698111635194,0.5495568090249798,560,681,1241,0.0,0.0008333472224537619,0.5495568090249794,0.0
2265,1.8875314588576477,0.5495568090249798,560,681,1241,0.0,0.0008333472224537619,0.5495568090249794,0.0
2266,1.8883648060801015,0.5495568090249798,560,681,1241,0.0,0.0008333472224537619,0.5495568090249794,0.0
2267,1.889198153302555,0.5495568090249798,560,681,1241,0.0,0.0008333472224535399,0.5495568090249794,0.0
2268,1.8900315005250088,0.5495568090249798,560,681,1241,0.0,0.0008333472224537619,0.5495568090249794,0.0
2269,1.8908648477474626,0.5495568090249798,560,681,1241,0.0,0.0008333472224537619,0.5495568090249794,0.0
2270,1.8916981949699163,0.5495568090249798,560,681,1241,0.0,0.0008333472224537619,0.5495568090249794,0.0
2271,1.8925315421923699,0.5495568090249798,560,681,1241,0.0,0.0008333472224535399,0.5495568090249794,0.0
2272,1.8933648894148236,0.5495568090249798,560,681,1241,0.0,0.0008333472224537619,0.5495568090249794,0.0
2273,1.8941982366372774,0.5495568090249798,560,681,1241,0.0,0.0008333472224537619,0.5495568090249794,0.0
2274,1.8950315838597311,0.5495568090249798,560,681,1241,0.0,0.0008333472224537619,0.5495568090249794,0.0
2275,1.8958649310821847,0.5495568090249798,560,681,1241,0.0,0.0008333472224535399,0.5495568090249794,0.0
2276,1.8966982783046384,0.5495568090249798,560,681,1241,0.0,0.0008333472224537619,0.5495568090249794,0.0
2277,1.8975316255270922,0.5495568090249798,560,681,1241,0.0,0.0008333472224537619,0.5495568090249794,0.0
2278,1.898364972749546,0.5495568090249798,560,681,1241,0.0,0.0008333472224537619,0.5495568090249794,0.0
2279,1.8991983199719995,0.5495568090249798,560,681,1241,0.0,0.0008333472224535399,0.5495568090249794,0.0
2280,1.9000316671944533,0.5495568090249798,560,681,1241,0.0,0.0008333472224537619,0.5495568090249794,0.0
2281,1.900865014416907,0.5495568090249798,560,681,1241,0.0,0.0008333472224537619,0.5495568090249794,0.0
2282,1.9016983616393608,0.5495568090249798,560,681,1241,0.0,0.0008333472224537619,0.5495568090249794,0.0
2283,1.9025317088618146,0.5495568090249798,560,681,1241,0.0,0.0008333472224537619,0.5495568090249794,0.0
2284,1.903365056084268,0.5495568090249798,560,681,1241,0.0,0.0008333472224535399,0.5495568090249794,0.0
2285,1.9041984033067219,0.5495568090249798,560,681,1241,0.0,0.0008333472224537619,0.5495568090249794,0.0
2286,1.9050317505291756,0.5495568090249798,560,681,1241,0.0,0.0008333472224537619,0.5495568090249794,0.0
2287,1.9058650977516294,0.5495568090249798,560,681,1241,0.0,0.0008333472224537619,0.5495568090249794,0.0
2288,1.906698444974083,0.5495568090249798,560,681,1241,0.0,0.0008333472224535399,0.5495568090249794,0.0
2289,1.9075317921965367,0.5495568090249798,560,681,1241,0.0,0.0008333472224537619,0.5495568090249794,0.0
2290,1.9083651394189904,0.5495568090249798,560,681,1241,0.0,0.0008333472224537619,0.5495568090249794,0.0
2291,1.9091984866414442,0.5495568090249798,560,681,1241,0.0,0.0008333472224537619,0.5495568090249794,0.0
2292,1.9100318338638977,0.5495568090249798,560,681,1241,0.0,0.0008333472224535399,0.5495568090249794,0.0
2293,1.9108651810863515,0.5495568090249798,560,681,1241,0.0,0.0008333472224537619,0.5495568090249794,0.0
2294,1.9116985283088053,0.5495568090249798,560,681,1241,0.0,0.0008333472224537619,0.5495568090249794,0.0
2295,1.912531875531259,0.5495568090249798,560,681,1241,0.0,0.0008333472224537619,0.5495568090249794,0.0
2296,1.9133652227537126,0.5495568090249798,560,681,1241,0.0,0.0008333472224535399,0.5495568090249794,0.0
2297,1.9141985699761663,0.5495568090249798,560,681,1241,0.0,0.0008333472224537619,0.5495568090249794,0.0
2298,1.91503191719862,0.5495568090249798,560,681,1241,0.0,0.0008333472224537619,0.5495568090249794,0.0
2299,1.9158652644210739,0.5495568090249798,560,681,1241,0.0,0.0008333472224537619,0.5495568090249794,0.0
2300,1.9166986116435274,0.5495568090249798,560,681,1241,0.0,0.0008333472224535399,0.5495568090249794,0.0
2301,1.9175319588659812,0.5495568090249798,560,681,1241,0.0,0.0008333472224537619,0.5495568090249794,0.0
2302,1.918365306088435,0.5495568090249798,560,681,1241,0.0,0.0008333472224537619,0.5495568090249794,0.0
2303,1.9191986533108887,0.5495568090249798,560,681,1241,0.0,0.0008333472224537619,0.5495568090249794,0.0
2304,1.9200320005333422,0.5495568090249798,560,681,1241,0.0,0.0008333472224535399,0.5495568090249794,0.0
2305,1.920865347755796,0.5495568090249798,560,681,1241,0.0,0.0008333472224537619,0.5495568090249794,0.0
2306,1.9216986949782497,0.5495568090249798,560,681,1241,0.0,0.0008333472224537619,0.5495568090249794,0.0
2307,1.9225320422007035,0.5495568090249798,560,681,1241,0.0,0.0008333472224537619,0.5495568090249794,0.0
2308,1.923365389423157,0.5495568090249798,560,681,1241,0.0,0.0008333472224535399,0.5495568090249794,0.0
2309,1.9241987366456108,0.5495568090249798,560,681,1241,0.0,0.0008333472224537619,0.5495568090249794,0.0
2310,1.9250320838680646,0.5495568090249798,560,681,1241,0.0,0.0008333472224537619,0.5495568090249794,0.0
2311,1.9258654310905183,0.5495568090249798,560,681,1241,0.0,0.0008333472224537619,0.5495568090249794,0.0
2312,1.9266987783129719,0.5495568090249798,560,681,1241,0.0,0.0008333472224535399,0.5495568090249794,0.0
2313,1.9275321255354256,0.5495568090249798,560,681,1241,0.0,0.0008333472224537619,0.5495568090249794,0.0
2314,1.9283654727578794,0.5495568090249798,560,681,1241,0.0,0.0008333472224537619,0.5495568090249794,0.0
2315,1.9291988199803332,0.5495568090249798,560,681,1241,0.0,0.0008333472224537619,0.5495568090249794,0.0
2316,1.9300321672027867,0.5495568090249798,560,681,1241,0.0,0.0008333472224535399,0.5495568090249794,0.0
2317,1.9308655144252405,0.5495568090249798,560,681,1241,0.0,0.0008333472224537619,0.5495568090249794,0.0
2318,1.9316988616476942,0.5495568090249798,560,681,1241,0.0,0.0008333472224537619,0.5495568090249794,0.0
2319,1.932532208870148,0.5495568090249798,560,681,1241,0.0,0.0008333472224537619,0.5495568090249794,0.0
2320,1.9333655560926015,0.5495568090249798,560,681,1241,0.0,0.0008333472224535399,0.5495568090249794,0.0
2321,1.9341989033150553,0.5495568090249798,560,681,1241,0.0,0.0008333472224537619,0.5495568090249794,0.0
2322,1.935032250537509,0.5495568090249798,560,681,1241,0.0,0.0008333472224537619,0.5495568090249794,0.0
2323,1.9358655977599628,0.5495568090249798,560,681,1241,0.0,0.0008333472224537619,0.5495568090249794,0.0
2324,1.9366989449824163,0.5495568090249798,560,681,1241,0.0,0.0008333472224535399,0.5495568090249794,0.0
2325,1.93753229220487,0.5495568090249798,560,681,1241,0.0,0.0008333472224537619,0.5495568090249794,0.0
2326,1.9383656394273239,0.5495568090249798,560,681,1241,0.0,0.0008333472224537619,0.5495568090249794,0.0
2327,1.9391989866497776,0.5495568090249798,560,681,1241,0.0,0.0008333472224537619,0.5495568090249794,0.0
2328,1.9400323338722314,0.5495568090249798,560,681,1241,0.0,0.0008333472224537619,0.5495568090249794,0.0
2329,1.940865681094685,0.5495568090249798,560,681,1241,0.0,0.0008333472224535399,0.5495568090249794,0.0
2330,1.9416990283171387,0.5495568090249798,560,681,1241,0.0,0.0008333472224537619,0.5495568090249794,0.0
2331,1.9425323755395925,0.5487510072522159,560,681,1241,-0.0008058017727639033,0.0008333472224537619,0.5494762288477031,-8.058017727639034e-05
2332,1.9433657227620462,0.5487510072522159,560,681,1241,0.0,0.0008333472224537619,0.5493956486704267,-8.058017727639034e-05
2333,1.9441990699844998,0.5487510072522159,560,681,1241,0.0,0.0008333472224535399,0.5493150684931504,-8.058017727639034e-05
2334,1.9450324172069535,0.5487510072522159,560,681,1241,0.0,0.0008333472224537619,0.549234488315874,-8.058017727639034e-05
2335,1.9458657644294073,0.5487510072522159,560,681,1241,0.0,0.0008333472224537619,0.5491539081385977,-8.058017727639034e-05
2336,1.946699111651861,0.5487510072522159,560,681,1241,0.0,0.0008333472224537619,0.5490733279613214,-8.058017727639034e-05
2337,1.9475324588743146,0.5487510072522159,560,681,1241,0.0,0.0008333472224535399,0.5489927477840449,-8.058017727639034e-05
2338,1.9483658060967683,0.5487510072522159,560,681,1241,0.0,0.0008333472224537619,0.5489121676067686,-8.058017727639034e-05
2339,1.949199153319222,0.5487510072522159,560,681,1241,0.0,0.0008333472224537619,0.5488315874294922,-8.058017727639034e-05
2340,1.9500325005416759,0.5487510072522159,560,681,1241,0.0,0.0008333472224537619,0.5487510072522159,-8.058017727639034e-05
2341,1.9508658477641294,0.5487510072522159,560,681,1241,0.0,0.0008333472224535399,0.5487510072522159,0.0
2342,1.9516991949865832,0.5487510072522159,560,681,1241,0.0,0.0008333472224537619,0.5487510072522159,0.0
2343,1.952532542209037,0.5487510072522159,560,681,1241,0.0,0.0008333472224537619,0.5487510072522159,0.0
2344,1.9533658894314907,0.5487510072522159,560,681,1241,0.0,0.0008333472224537619,0.5487510072522159,0.0
2345,1.9541992366539442,0.5487510072522159,560,681,1241,0.0,0.0008333472224535399,0.5487510072522159,0.0
2346,1.955032583876398,0.5487510072522159,560,681,1241,0.0,0.0008333472224537619,0.5487510072522159,0.0
2347,1.9558659310988518,0.5487510072522159,560,681,1241,0.0,0.0008333472224537619,0.5487510072522159,0.0
2348,1.9566992783213055,0.5487510072522159,560,681,1241,0.0,0.0008333472224537619,0.5487510072522159,0.0
2349,1.957532625543759,0.5487510072522159,560,681,1241,0.0,0.0008333472224535399,0.5487510072522159,0.0
2350,1.9583659727662128,0.5487510072522159,560,681,1241,0.0,0.0008333472224537619,0.5487510072522159,0.0
2351,1.9591993199886666,0.5487510072522159,560,681,1241,0.0,0.0008333472224537619,0.5487510072522159,0.0
2352,1.9600326672111203,0.5487510072522159,560,681,1241,0.0,0.0008333472224537619,0.5487510072522159,0.0
2353,1.960866014433574,0.5487510072522159,560,681,1241,0.0,0.0008333472224535399,0.5487510072522159,0.0
2354,1.9616993616560277,0.5487510072522159,560,681,1241,0.0,0.0008333472224537619,0.5487510072522159,0.0
2355,1.9625327088784814,0.5487510072522159,560,681,1241,0.0,0.0008333472224537619,0.5487510072522159,0.0
2356,1.9633660561009352,0.5487510072522159,560,681,1241,0.0,0.0008333472224537619,0.5487510072522159,0.0
2357,1.9641994033233887,0.5487510072522159,560,681,1241,0.0,0.0008333472224535399,0.5487510072522159,0.0
2358,1.9650327505458425,0.5487510072522159,560,681,1241,0.0,0.0008333472224537619,0.5487510072522159,0.0
2359,1.9658660977682962,0.5487510072522159,560,681,1241,0.0,0.0008333472224537619,0.5487510072522159,0.0
2360,1.96669944499075,0.5487510072522159,560,681,1241,0.0,0.0008333472224537619,0.5487510072522159,0.0
2361,1.9675327922132035,0.5487510072522159,560,681,1241,0.0,0.0008333472224535399,0.5487510072522159,0.0
2362,1.9683661394356573,0.5487510072522159,560,681,1241,0.0,0.0008333472224537619,0.5487510072522159,0.0
2363,1.969199486658111,0.5487510072522159,560,681,1241,0.0,0.0008333472224537619,0.5487510072522159,0.0
2364,1.9700328338805648,0.5487510072522159,560,681,1241,0.0,0.0008333472224537619,0.5487510072522159,0.0
2365,1.9708661811030184,0.5487510072522159,560,681,1241,0.0,0.0008333472224535399,0.5487510072522159,0.0
2366,1.9716995283254721,0.5487510072522159,560,681,1241,0.0,0.0008333472224537619,0.5487510072522159,0.0
2367,1.972532875547926,0.5487510072522159,560,681,1241,0.0,0.0008333472224537619,0.5487510072522159,0.0
2368,1.9733662227703797,0.5487510072522159,560,681,1241,0.0,0.0008333472224537619,0.5487510072522159,0.0
2369,1.9741995699928332,0.5487510072522159,560,681,1241,0.0,0.0008333472224535399,0.5487510072522159,0.0
2370,1.975032917215287,0.5487510072522159,560,681,1241,0.0,0.0008333472224537619,0.5487510072522159,0.0
2371,1.9758662644377407,0.5487510072522159,560,681,1241,0.0,0.0008333472224537619,0.5487510072522159,0.0
2372,1.9766996116601945,0.5487510072522159,560,681,1241,0.0,0.0008333472224537619,0.5487510072522159,0.0
2373,1.977532958882648,0.5487510072522159,560,681,1241,0.0,0.0008333472224535399,0.5487510072522159,0.0
2374,1.9783663061051018,0.5487510072522159,560,681,1241,0.0,0.0008333472224537619,0.5487510072522159,0.0
2375,1.9791996533275555,0.5487510072522159,560,681,1241,0.0,0.0008333472224537619,0.5487510072522159,0.0
2376,1.9800330005500093,0.5487510072522159,560,681,1241,0.0,0.0008333472224537619,0.5487510072522159,0.0
2377,1.980866347772463,0.5487510072522159,560,681,1241,0.0,0.0008333472224537619,0.5487510072522159,0.0
2378,1.9816996949949166,0.5487510072522159,560,681,1241,0.0,0.0008333472224535399,0.5487510072522159,0.0
2379,1.9825330422173704,0.5487510072522159,560,681,1241,0.0,0.0008333472224537619,0.5487510072522159,0.0
2380,1.9833663894398241,0.5487510072522159,560,681,1241,0.0,0.0008333472224537619,0.5487510072522159,0.0
2381,1.984199736662278,0.5487510072522159,560,681,1241,0.0,0.0008333472224537619,0.5487510072522159,0.0
2382,1.9850330838847314,0.5487510072522159,560,681,1241,0.0,0.0008333472224535399,0.5487510072522159,0.0
2383,1.9858664311071852,0.5487510072522159,560,681,1241,0.0,0.0008333472224537619,0.5487510072522159,0.0
2384,1.986699778329639,0.5487510072522159,560,681,1241,0.0,0.0008333472224537619,0.5487510072522159,0.0
2385,1.9875331255520927,0.5487510072522159,560,681,1241,0.0,0.0008333472224537619,0.5487510072522159,0.0
2386,1.9883664727745463,0.5487510072522159,560,681,1241,0.0,0.0008333472224535399,0.5487510072522159,0.0
2387,1.989199819997,0.5487510072522159,560,681,1241,0.0,0.0008333472224537619,0.5487510072522159,0.0
2388,1.9900331672194538,0.5487510072522159,560,681,1241,0.0,0.0008333472224537619,0.5487510072522159,0.0
2389,1.9908665144419075,0.5487510072522159,560,681,1241,0.0,0.0008333472224537619,0.5487510072522159,0.0
2390,1.991699861664361,0.5487510072522159,560,681,1241,0.0,0.0008333472224535399,0.5487510072522159,0.0
2391,1.9925332088868148,0.5487510072522159,560,681,1241,0.0,0.0008333472224537619,0.5487510072522159,0.0
2392,1.9933665561092686,0.5487510072522159,560,681,1241,0.0,0.0008333472224537619,0.5487510072522159,0.0
2393,1.9941999033317224,0.5487510072522159,560,681,1241,0.0,0.0008333472224537619,0.5487510072522159,0.0
2394,1.995033250554176,0.5487510072522159,560,681,1241,0.0,0.0008333472224535399,0.5487510072522159,0.0
2395,1.9958665977766297,0.5487510072522159,560,681,1241,0.0,0.0008333472224537619,0.5487510072522159,0.0
2396,1.9966999449990834,0.5487510072522159,560,681,1241,0.0,0.0008333472224537619,0.5487510072522159,0.0
2397,1.9975332922215372,0.5487510072522159,560,681,1241,0.0,0.0008333472224537619,0.5487510072522159,0.0
2398,1.9983666394439907,0.5487510072522159,560,681,1241,0.0,0.0008333472224535399,0.5487510072522159,0.0
2399,1.9991999866664445,0.5487510072522159,560,681,1241,0.0,0.0008333472224537619,0.5487510072522159,0.0
2400,2.000033333888898,0.5487510072522159,560,681,1241,0.0,0.0008333472224535399,0.5487510072522159,0.0
2401,2.000866681111352,0.5487510072522159,560,681,1241,0.0,0.000833347222453984,0.5487510072522159,0.0
2402,2.0017000283338056,0.5487510072522159,560,681,1241,0.0,0.0008333472224535399,0.5487510072522159,0.0
2403,2.0025333755562595,0.5487510072522159,560,681,1241,0.0,0.000833347222453984,0.5487510072522159,0.0
2404,2.003366722778713,0.5487510072522159,560,681,1241,0.0,0.0008333472224535399,0.5487510072522159,0.0
2405,2.0042000700011666,0.5487510072522159,560,681,1241,0.0,0.0008333472224535399,0.5487510072522159,0.0
2406,2.0050334172236206,0.5487510072522159,560,681,1241,0.0,0.000833347222453984,0.5487510072522159,0.0
2407,2.005866764446074,0.5487510072522159,560,681,1241,0.0,0.0008333472224535399,0.5487510072522159,0.0
2408,2.0067001116685277,0.5487510072522159,560,681,1241,0.0,0.0008333472224535399,0.5487510072522159,0.0
2409,2.0075334588909817,0.5487510072522159,560,681,1241,0.0,0.000833347222453984,0.5487510072522159,0.0
2410,2.008366806113435,0.5487510072522159,560,681,1241,0.0,0.0008333472224535399,0.5487510072522159,0.0
2411,2.009200153335889,0.5487510072522159,560,681,1241,0.0,0.000833347222453984,0.5487510072522159,0.0
2412,2.0100335005583427,0.5487510072522159,560,681,1241,0.0,0.0008333472224535399,0.5487510072522159,0.0
2413,2.0108668477807963,0.5487510072522159,560,681,1241,0.0,0.0008333472224535399,0.5487510072522159,0.0
2414,2.0117001950032503,0.5487510072522159,560,681,1241,0.0,0.000833347222453984,0.5487510072522159,0.0
2415,2.012533542225704,0.5487510072522159,560,681,1241,0.0,0.0008333472224535399,0.5487510072522159,0.0
2416,2.0133668894481573,0.5487510072522159,560,681,1241,0.0,0.0008333472224535399,0.5487510072522159,0.0
2417,2.0142002366706113,0.5487510072522159,560,681,1241,0.0,0.000833347222453984,0.5487510072522159,0.0
2418,2.015033583893065,0.5487510072522159,560,681,1241,0.0,0.0008333472224535399,0.5487510072522159,0.0
2419,2.015866931115519,0.5487510072522159,560,681,1241,0.0,0.000833347222453984,0.5487510072522159,0.0
2420,2.0167002783379724,0.5487510072522159,560,681,1241,0.0,0.0008333472224535399,0.5487510072522159,0.0
2421,2.017533625560426,0.5487510072522159,560,681,1241,0.0,0.0008333472224535399,0.5487510072522159,0.0
2422,2.01836697278288,0.5487510072522159,560,681,1241,0.0,0.000833347222453984,0.5487510072522159,0.0
2423,2.0192003200053334,0.5487510072522159,560,681,1241,0.0,0.0008333472224535399,0.5487510072522159,0.0
2424,2.0200336672277874,0.5487510072522159,560,681,1241,0.0,0.000833347222453984,0.5487510072522159,0.0
2425,2.020867014450241,0.5487510072522159,560,681,1241,0.0,0.0008333472224535399,0.5487510072522159,0.0
2426,2.0217003616726945,0.5487510072522159,560,681,1241,0.0,0.0008333472224535399,0.5487510072522159,0.0
2427,2.0225337088951485,0.5487510072522159,560,681,1241,0.0,0.000833347222453984,0.5487510072522159,0.0
2428,2.023367056117602,0.5487510072522159,560,681,1241,0.0,0.0008333472224535399,0.5487510072522159,0.0
2429,2.0242004033400556,0.5487510072522159,560,681,1241,0.0,0.0008333472224535399,0.5487510072522159,0.0
2430,2.0250337505625096,0.5487510072522159,560,681,1241,0.0,0.000833347222453984,0.5487510072522159,0.0
2431,2.025867097784963,0.5487510072522159,560,681,1241,0.0,0.0008333472224535399,0.5487510072522159,0.0
2432,2.026700445007417,0.5487510072522159,560,681,1241,0.0,0.000833347222453984,0.5487510072522159,0.0
2433,2.0275337922298706,0.5487510072522159,560,681,1241,0.0,0.0008333472224535399,0.5487510072522159,0.0
2434,2.028367139452324,0.5487510072522159,560,681,1241,0.0,0.0008333472224535399,0.5487510072522159,0.0
2435,2.029200486674778,0.5487510072522159,560,681,1241,0.0,0.000833347222453984,0.5487510072522159,0.0
2436,2.0300338338972317,0.5487510072522159,560,681,1241,0.0,0.0008333472224535399,0.5487510072522159,0.0
2437,2.0308671811196852,0.5487510072522159,560,681,1241,0.0,0.0008333472224535399,0.5487510072522159,0.0
2438,2.031700528342139,0.5487510072522159,560,681,1241,0.0,0.000833347222453984,0.5487510072522159,0.0
2439,2.0325338755645928,0.5487510072522159,560,681,1241,0.0,0.0008333472224535399,0.5487510072522159,0.0
2440,2.0333672227870467,0.5487510072522159,560,681,1241,0.0,0.000833347222453984,0.5487510072522159,0.0
2441,2.0342005700095003,0.5487510072522159,560,681,1241,0.0,0.0008333472224535399,0.5487510072522159,0.0
2442,2.035033917231954,0.5487510072522159,560,681,1241,0.0,0.0008333472224535399,0.5487510072522159,0.0
2443,2.035867264454408,0.5487510072522159,560,681,1241,0.0,0.000833347222453984,0.5487510072522159,0.0
2444,2.0367006116768613,0.5487510072522159,560,681,1241,0.0,0.0008333472224535399,0.5487510072522159,0.0
2445,2.037533958899315,0.5487510072522159,560,681,1241,0.0,0.0008333472224535399,0.5487510072522159,0.0
2446,2.038367306121769,0.5487510072522159,560,681,1241,0.0,0.000833347222453984,0.5487510072522159,0.0
2447,2.0392006533442224,0.5487510072522159,560,681,1241,0.0,0.0008333472224535399,0.5487510072522159,0.0
2448,2.0400340005666764,0.5487510072522159,560,681,1241,0.0,0.000833347222453984,0.5487510072522159,0.0
2449,2.04086734778913,0.5487510072522159,560,681,1241,0.0,0.0008333472224535399,0.5487510072522159,0.0
2450,2.0417006950115835,0.5487510072522159,560,681,1241,0.0,0.0008333472224535399,0.5487510072522159,0.0
2451,2.0425340422340375,0.5487510072522159,560,681,1241,0.0,0.000833347222453984,0.5487510072522159,0.0
2452,2.043367389456491,0.5487510072522159,560,681,1241,0.0,0.0008333472224535399,0.5487510072522159,0.0
2453,2.0442007366789445,0.5487510072522159,560,681,1241,0.0,0.0008333472224535399,0.5487510072522159,0.0
2454,2.0450340839013985,0.5487510072522159,560,681,1241,0.0,0.000833347222453984,0.5487510072522159,0.0
2455,2.045867431123852,0.5487510072522159,560,681,1241,0.0,0.0008333472224535399,0.5487510072522159,0.0
2456,2.046700778346306,0.5487510072522159,560,681,1241,0.0,0.000833347222453984,0.5487510072522159,0.0
2457,2.0475341255687596,0.5487510072522159,560,681,1241,0.0,0.0008333472224535399,0.5487510072522159,0.0
2458,2.048367472791213,0.5487510072522159,560,681,1241,0.0,0.0008333472224535399,0.5487510072522159,0.0
2459,2.049200820013667,0.5487510072522159,560,681,1241,0.0,0.000833347222453984,0.5487510072522159,0.0
2460,2.0500341672361206,0.5487510072522159,560,681,1241,0.0,0.0008333472224535399,0.5487510072522159,0.0
2461,2.050867514458574,0.5487510072522159,560,681,1241,0.0,0.0008333472224535399,0.5487510072522159,0.0
2462,2.051700861681028,0.5487510072522159,560,681,1241,0.0,0.000833347222453984,0.5487510072522159,0.0
2463,2.0525342089034817,0.5487510072522159,560,681,1241,0.0,0.0008333472224535399,0.5487510072522159,0.0
2464,2.0533675561259357,0.5487510072522159,560,681,1241,0.0,0.000833347222453984,0.5487510072522159,0.0
2465,2.0542009033483892,0.5487510072522159,560,681,1241,0.0,0.0008333472224535399,0.5487510072522159,0.0
2466,2.0550342505708428,0.5487510072522159,560,681,1241,0.0,0.0008333472224535399,0.5487510072522159,0.0
2467,2.0558675977932968,0.5487510072522159,560,681,1241,0.0,0.000833347222453984,0.5487510072522159,0.0
2468,2.0567009450157503,0.5487510072522159,560,681,1241,0.0,0.0008333472224535399,0.5487510072522159,0.0
2469,2.0575342922382043,0.5487510072522159,560,681,1241,0.0,0.000833347222453984,0.5487510072522159,0.0
2470,2.058367639460658,0.5487510072522159,560,681,1241,0.0,0.0008333472224535399,0.5487510072522159,0.0
2471,2.0592009866831114,0.5487510072522159,560,681,1241,0.0,0.0008333472224535399,0.5487510072522159,0.0
2472,2.0600343339055653,0.5487510072522159,560,681,1241,0.0,0.000833347222453984,0.5487510072522159,0.0
2473,2.060867681128019,0.5487510072522159,560,681,1241,0.0,0.0008333472224535399,0.5487510072522159,0.0
2474,2.0617010283504724,0.5487510072522159,560,681,1241,0.0,0.0008333472224535399,0.5487510072522159,0.0
2475,2.0625343755729264,0.5487510072522159,560,681,1241,0.0,0.000833347222453984,0.5487510072522159,0.0
2476,2.06336772279538,0.5487510072522159,560,681,1241,0.0,0.0008333472224535399,0.5487510072522159,0.0
2477,2.064201070017834,0.5487510072522159,560,681,1241,0.0,0.000833347222453984,0.5487510072522159,0.0
2478,2.0650344172402875,0.5487510072522159,560,681,1241,0.0,0.0008333472224535399,0.5487510072522159,0.0
2479,2.065867764462741,0.5487510072522159,560,681,1241,0.0,0.0008333472224535399,0.5487510072522159,0.0
2480,2.066701111685195,0.5487510072522159,560,681,1241,0.0,0.000833347222453984,0.5487510072522159,0.0
2481,2.0675344589076485,0.5487510072522159,560,681,1241,0.0,0.0008333472224535399,0.5487510072522159,0.0
2482,2.068367806130102,0.5487510072522159,560,681,1241,0.0,0.0008333472224535399,0.5487510072522159,0.0
2483,2.069201153352556,0.5487510072522159,560,681,1241,0.0,0.000833347222453984,0.5487510072522159,0.0
2484,2.0700345005750096,0.5487510072522159,560,681,1241,0.0,0.0008333472224535399,0.5487510072522159,0.0
2485,2.0708678477974636,0.5487510072522159,560,681,1241,0.0,0.000833347222453984,0.5487510072522159,0.0
2486,2.071701195019917,0.5487510072522159,560,681,1241,0.0,0.0008333472224535399,0.5487510072522159,0.0
2487,2.0725345422423707,0.5487510072522159,560,681,1241,0.0,0.0008333472224535399,0.5487510072522159,0.0
2488,2.0733678894648246,0.5487510072522159,560,681,1241,0.0,0.000833347222453984,0.5487510072522159,0.0
2489,2.074201236687278,0.5487510072522159,560,681,1241,0.0,0.0008333472224535399,0.5487510072522159,0.0
2490,2.0750345839097317,0.5487510072522159,560,681,1241,0.0,0.0008333472224535399,0.5487510072522159,0.0
2491,2.0758679311321857,0.5487510072522159,560,681,1241,0.0,0.000833347222453984,0.5487510072522159,0.0
2492,2.0767012783546392,0.5487510072522159,560,681,1241,0.0,0.0008333472224535399,0.5487510072522159,0.0
2493,2.0775346255770932,0.5487510072522159,560,681,1241,0.0,0.000833347222453984,0.5487510072522159,0.0
2494,2.0783679727995468,0.5487510072522159,560,681,1241,0.0,0.0008333472224535399,0.5487510072522159,0.0
2495,2.0792013200220003,0.5487510072522159,560,681,1241,0.0,0.0008333472224535399,0.5487510072522159,0.0
2496,2.0800346672444543,0.5487510072522159,560,681,1241,0.0,0.000833347222453984,0.5487510072522159,0.0
2497,2.080868014466908,0.5487510072522159,560,681,1241,0.0,0.0008333472224535399,0.5487510072522159,0.0
2498,2.0817013616893614,0.5487510072522159,560,681,1241,0.0,0.0008333472224535399,0.5487510072522159,0.0
2499,2.0825347089118154,0.5487510072522159,560,681,1241,0.0,0.000833347222453984,0.5487510072522159,0.0
2500,2.083368056134269,0.5487510072522159,560,681,1241,0.0,0.0008333472224535399,0.5487510072522159,0.0
2501,2.084201403356723,0.5487510072522159,560,681,1241,0.0,0.000833347222453984,0.5487510072522159,0.0
2502,2.0850347505791764,0.5487510072522159,560,681,1241,0.0,0.0008333472224535399,0.5487510072522159,0.0
2503,2.08586809780163,0.5487510072522159,560,681,1241,0.0,0.0008333472224535399,0.5487510072522159,0.0
2504,2.086701445024084,0.5487510072522159,560,681,1241,0.0,0.000833347222453984,0.5487510072522159,0.0
2505,2.0875347922465375,0.5487510072522159,560,681,1241,0.0,0.0008333472224535399,0.5487510072522159,0.0
2506,2.088368139468991,0.5487510072522159,560,681,1241,0.0,0.0008333472224535399,0.5487510072522159,0.0
2507,2.089201486691445,0.5487510072522159,560,681,1241,0.0,0.000833347222453984,0.5487510072522159,0.0
2508,2.0900348339138985,0.5487510072522159,560,681,1241,0.0,0.0008333472224535399,0.5487510072522159,0.0
2509,2.0908681811363525,0.5487510072522159,560,681,1241,0.0,0.000833347222453984,0.5487510072522159,0.0
2510,2.091701528358806,0.5487510072522159,560,681,1241,0.0,0.0008333472224535399,0.5487510072522159,0.0
2511,2.0925348755812596,0.5487510072522159,560,681,1241,0.0,0.0008333472224535399,0.5487510072522159,0.0
2512,2.0933682228037136,0.5487510072522159,560,681,1241,0.0,0.000833347222453984,0.5487510072522159,0.0
2513,2.094201570026167,0.5487510072522159,560,681,1241,0.0,0.0008333472224535399,0.5487510072522159,0.0
2514,2.095034917248621,0.5487510072522159,560,681,1241,0.0,0.000833347222453984,0.5487510072522159,0.0
2515,2.0958682644710747,0.5487510072522159,560,681,1241,0.0,0.0008333472224535399,0.5487510072522159,0.0
2516,2.096701611693528,0.5487510072522159,560,681,1241,0.0,0.0008333472224535399,0.5487510072522159,0.0
2517,2.097534958915982,0.5487510072522159,560,681,1241,0.0,0.000833347222453984,0.5487510072522159,0.0
2518,2.0983683061384357,0.5487510072522159,560,681,1241,0.0,0.0008333472224535399,0.5487510072522159,0.0
2519,2.0992016533608893,0.5487510072522159,560,681,1241,0.0,0.0008333472224535399,0.5487510072522159,0.0
2520,2.1000350005833432,0.5487510072522159,560,681,1241,0.0,0.000833347222453984,0.5487510072522159,0.0
2521,2.100868347805797,0.5487510072522159,560,681,1241,0.0,0.0008333472224535399,0.5487510072522159,0.0
2522,2.1017016950282508,0.5487510072522159,560,681,1241,0.0,0.000833347222453984,0.5487510072522159,0.0
2523,2.1025350422507043,0.5487510072522159,560,681,1241,0.0,0.0008333472224535399,0.5487510072522159,0.0
2524,2.103368389473158,0.5487510072522159,560,681,1241,0.0,0.0008333472224535399,0.5487510072522159,0.0
2525,2.104201736695612,0.5487510072522159,560,681,1241,0.0,0.000833347222453984,0.5487510072522159,0.0
2526,2.1050350839180654,0.5487510072522159,560,681,1241,0.0,0.0008333472224535399,0.5487510072522159,0.0
2527,2.105868431140519,0.5487510072522159,560,681,1241,0.0,0.0008333472224535399,0.5487510072522159,0.0
2528,2.106701778362973,0.5487510072522159,560,681,1241,0.0,0.000833347222453984,0.5487510072522159,0.0
2529,2.1075351255854264,0.5487510072522159,560,681,1241,0.0,0.0008333472224535399,0.5487510072522159,0.0
2530,2.1083684728078804,0.5487510072522159,560,681,1241,0.0,0.000833347222453984,0.5487510072522159,0.0
2531,2.109201820030334,0.5487510072522159,560,681,1241,0.0,0.0008333472224535399,0.5487510072522159,0.0
2532,2.1100351672527875,0.5487510072522159,560,681,1241,0.0,0.0008333472224535399,0.5487510072522159,0.0
2533,2.1108685144752415,0.5487510072522159,560,681,1241,0.0,0.000833347222453984,0.5487510072522159,0.0
2534,2.111701861697695,0.5487510072522159,560,681,1241,0.0,0.0008333472224535399,0.5487510072522159,0.0
2535,2.1125352089201486,0.5487510072522159,560,681,1241,0.0,0.0008333472224535399,0.5487510072522159,0.0
2536,2.1133685561426026,0.5487510072522159,560,681,1241,0.0,0.000833347222453984,0.5487510072522159,0.0
2537,2.114201903365056,0.5487510072522159,560,681,1241,0.0,0.0008333472224535399,0.5487510072522159,0.0
2538,2.11503525058751,0.5487510072522159,560,681,1241,0.0,0.000833347222453984,0.5487510072522159,0.0
2539,2.1158685978099636,0.5487510072522159,560,681,1241,0.0,0.0008333472224535399,0.5487510072522159,0.0
2540,2.116701945032417,0.5487510072522159,560,681,1241,0.0,0.0008333472224535399,0.5487510072522159,0.0
2541,2.117535292254871,0.5487510072522159,560,681,1241,0.0,0.000833347222453984,0.5487510072522159,0.0
2542,2.1183686394773247,0.5487510072522159,560,681,1241,0.0,0.0008333472224535399,0.5487510072522159,0.0
2543,2.119201986699778,0.5487510072522159,560,681,1241,0.0,0.0008333472224535399,0.5487510072522159,0.0
2544,2.120035333922232,0.5487510072522159,560,681,1241,0.0,0.000833347222453984,0.5487510072522159,0.0
2545,2.1208686811446857,0.5487510072522159,560,681,1241,0.0,0.0008333472224535399,0.5487510072522159,0.0
2546,2.1217020283671397,0.5487510072522159,560,681,1241,0.0,0.000833347222453984,0.5487510072522159,0.0
2547,2.1225353755895933,0.5487510072522159,560,681,1241,0.0,0.0008333472224535399,0.5487510072522159,0.0
2548,2.123368722812047,0.5487510072522159,560,681,1241,0.0,0.0008333472224535399,0.5487510072522159,0.0
2549,2.124202070034501,0.5487510072522159,560,681,1241,0.0,0.000833347222453984,0.5487510072522159,0.0
2550,2.1250354172569543,0.5487510072522159,560,681,1241,0.0,0.0008333472224535399,0.5487510072522159,0.0
2551,2.125868764479408,0.5487510072522159,560,681,1241,0.0,0.0008333472224535399,0.5487510072522159,0.0
2552,2.126702111701862,0.5487510072522159,560,681,1241,0.0,0.000833347222453984,0.5487510072522159,0.0
2553,2.1275354589243154,0.5487510072522159,560,681,1241,0.0,0.0008333472224535399,0.5487510072522159,0.0
2554,2.1283688061467694,0.5487510072522159,560,681,1241,0.0,0.000833347222453984,0.5487510072522159,0.0
2555,2.129202153369223,0.5487510072522159,560,681,1241,0.0,0.0008333472224535399,0.5487510072522159,0.0
2556,2.1300355005916765,0.5487510072522159,560,681,1241,0.0,0.0008333472224535399,0.5487510072522159,0.0
2557,2.1308688478141304,0.5487510072522159,560,681,1241,0.0,0.000833347222453984,0.5487510072522159,0.0
2558,2.131702195036584,0.5487510072522159,560,681,1241,0.0,0.0008333472224535399,0.5487510072522159,0.0
2559,2.1325355422590375,0.5487510072522159,560,681,1241,0.0,0.0008333472224535399,0.5487510072522159,0.0
2560,2.1333688894814915,0.5487510072522159,560,681,1241,0.0,0.000833347222453984,0.5487510072522159,0.0
2561,2.134202236703945,0.5487510072522159,560,681,1241,0.0,0.0008333472224535399,0.5487510072522159,0.0
2562,2.135035583926399,0.5487510072522159,560,681,1241,0.0,0.000833347222453984,0.5487510072522159,0.0
2563,2.1358689311488526,0.5487510072522159,560,681,1241,0.0,0.0008333472224535399,0.5487510072522159,0.0
2564,2.136702278371306,0.5487510072522159,560,681,1241,0.0,0.0008333472224535399,0.5487510072522159,0.0
2565,2.13753562559376,0.5487510072522159,560,681,1241,0.0,0.000833347222453984,0.5487510072522159,0.0
2566,2.1383689728162136,0.5487510072522159,560,681,1241,0.0,0.0008333472224535399,0.5487510072522159,0.0
2567,2.1392023200386676,0.5487510072522159,560,681,1241,0.0,0.000833347222453984,0.5487510072522159,0.0
2568,2.140035667261121,0.5487510072522159,560,681,1241,0.0,0.0008333472224535399,0.5487510072522159,0.0
2569,2.1408690144835747,0.5487510072522159,560,681,1241,0.0,0.0008333472224535399,0.5487510072522159,0.0
2570,2.1417023617060287,0.5487510072522159,560,681,1241,0.0,0.000833347222453984,0.5487510072522159,0.0
2571,2.142535708928482,0.5487510072522159,560,681,1241,0.0,0.0008333472224535399,0.5487510072522159,0.0
2572,2.1433690561509358,0.5487510072522159,560,681,1241,0.0,0.0008333472224535399,0.5487510072522159,0.0
2573,2.1442024033733897,0.5487510072522159,560,681,1241,0.0,0.000833347222453984,0.5487510072522159,0.0
2574,2.1450357505958433,0.5487510072522159,560,681,1241,0.0,0.0008333472224535399,0.5487510072522159,0.0
2575,2.1458690978182973,0.5487510072522159,560,681,1241,0.0,0.000833347222453984,0.5487510072522159,0.0
2576,2.146702445040751,0.5487510072522159,560,681,1241,0.0,0.0008333472224535399,0.5487510072522159,0.0
2577,2.1475357922632043,0.5487510072522159,560,681,1241,0.0,0.0008333472224535399,0.5487510072522159,0.0
2578,2.1483691394856583,0.5487510072522159,560,681,1241,0.0,0.000833347222453984,0.5487510072522159,0.0
2579,2.149202486708112,0.5487510072522159,560,681,1241,0.0,0.0008333472224535399,0.5487510072522159,0.0
2580,2.1500358339305654,0.5487510072522159,560,681,1241,0.0,0.0008333472224535399,0.5487510072522159,0.0
2581,2.1508691811530194,0.5487510072522159,560,681,1241,0.0,0.000833347222453984,0.5487510072522159,0.0
2582,2.151702528375473,0.5487510072522159,560,681,1241,0.0,0.0008333472224535399,0.5487510072522159,0.0
2583,2.152535875597927,0.5487510072522159,560,681,1241,0.0,0.000833347222453984,0.5487510072522159,0.0
2584,2.1533692228203805,0.5487510072522159,560,681,1241,0.0,0.0008333472224535399,0.5487510072522159,0.0
2585,2.154202570042834,0.5487510072522159,560,681,1241,0.0,0.0008333472224535399,0.5487510072522159,0.0
2586,2.155035917265288,0.5487510072522159,560,681,1241,0.0,0.000833347222453984,0.5487510072522159,0.0
2587,2.1558692644877415,0.5487510072522159,560,681,1241,0.0,0.0008333472224535399,0.5487510072522159,0.0
2588,2.156702611710195,0.5487510072522159,560,681,1241,0.0,0.0008333472224535399,0.5487510072522159,0.0
2589,2.157535958932649,0.5487510072522159,560,681,1241,0.0,0.000833347222453984,0.5487510072522159,0.0
2590,2.1583693061551026,0.5487510072522159,560,681,1241,0.0,0.0008333472224535399,0.5487510072522159,0.0
2591,2.1592026533775566,0.5487510072522159,560,681,1241,0.0,0.000833347222453984,0.5487510072522159,0.0
2592,2.16003600060001,0.5487510072522159,560,681,1241,0.0,0.0008333472224535399,0.5487510072522159,0.0
2593,2.1608693478224636,0.5487510072522159,560,681,1241,0.0,0.0008333472224535399,0.5487510072522159,0.0
2594,2.1617026950449176,0.5487510072522159,560,681,1241,0.0,0.000833347222453984,0.5487510072522159,0.0
2595,2.162536042267371,0.5487510072522159,560,681,1241,0.0,0.0008333472224535399,0.5487510072522159,0.0
2596,2.1633693894898247,0.5487510072522159,560,681,1241,0.0,0.0008333472224535399,0.5487510072522159,0.0
2597,2.1642027367122787,0.5487510072522159,560,681,1241,0.0,0.000833347222453984,0.5487510072522159,0.0
2598,2.1650360839347322,0.5487510072522159,560,681,1241,0.0,0.0008333472224535399,0.5487510072522159,0.0
2599,2.165869431157186,0.5487510072522159,560,681,1241,0.0,0.000833347222453984,0.5487510072522159,0.0
2600,2.1667027783796398,0.5487510072522159,560,681,1241,0.0,0.0008333472224535399,0.5487510072522159,0.0
2601,2.1675361256020933,0.5487510072522159,560,681,1241,0.0,0.0008333472224535399,0.5487510072522159,0.0
2602,2.1683694728245473,0.5487510072522159,560,681,1241,0.0,0.000833347222453984,0.5487510072522159,0.0
2603,2.169202820047001,0.5487510072522159,560,681,1241,0.0,0.0008333472224535399,0.5487510072522159,0.0
2604,2.1700361672694544,0.5487510072522159,560,681,1241,0.0,0.0008333472224535399,0.5487510072522159,0.0
2605,2.1708695144919083,0.5487510072522159,560,681,1241,0.0,0.000833347222453984,0.5487510072522159,0.0
2606,2.171702861714362,0.5487510072522159,560,681,1241,0.0,0.0008333472224535399,0.5487510072522159,0.0
2607,2.172536208936816,0.5487510072522159,560,681,1241,0.0,0.000833347222453984,0.5487510072522159,0.0
2608,2.1733695561592694,0.5487510072522159,560,681,1241,0.0,0.0008333472224535399,0.5487510072522159,0.0
2609,2.174202903381723,0.5487510072522159,560,681,1241,0.0,0.0008333472224535399,0.5487510072522159,0.0
2610,2.175036250604177,0.5487510072522159,560,681,1241,0.0,0.000833347222453984,0.5487510072522159,0.0
2611,2.1758695978266305,0.5487510072522159,560,681,1241,0.0,0.0008333472224535399,0.5487510072522159,0.0
2612,2.1767029450490845,0.5487510072522159,560,681,1241,0.0,0.000833347222453984,0.5487510072522159,0.0
2613,2.177536292271538,0.5487510072522159,560,681,1241,0.0,0.0008333472224535399,0.5487510072522159,0.0
2614,2.1783696394939915,0.5487510072522159,560,681,1241,0.0,0.0008333472224535399,0.5487510072522159,0.0
2615,2.1792029867164455,0.5487510072522159,560,681,1241,0.0,0.000833347222453984,0.5487510072522159,0.0
2616,2.180036333938899,0.5487510072522159,560,681,1241,0.0,0.0008333472224535399,0.5487510072522159,0.0
2617,2.1808696811613526,0.5487510072522159,560,681,1241,0.0,0.0008333472224535399,0.5487510072522159,0.0
2618,2.1817030283838066,0.5487510072522159,560,681,1241,0.0,0.000833347222453984,0.5487510072522159,0.0
2619,2.18253637560626,0.5487510072522159,560,681,1241,0.0,0.0008333472224535399,0.5487510072522159,0.0
2620,2.183369722828714,0.5487510072522159,560,681,1241,0.0,0.000833347222453984,0.5487510072522159,0.0
2621,2.1842030700511676,0.5487510072522159,560,681,1241,0.0,0.0008333472224535399,0.5487510072522159,0.0
2622,2.185036417273621,0.5487510072522159,560,681,1241,0.0,0.0008333472224535399,0.5487510072522159,0.0
2623,2.185869764496075,0.5487510072522159,560,681,1241,0.0,0.000833347222453984,0.5487510072522159,0.0
2624,2.1867031117185287,0.5487510072522159,560,681,1241,0.0,0.0008333472224535399,0.5487510072522159,0.0
2625,2.1875364589409823,0.5487510072522159,560,681,1241,0.0,0.0008333472224535399,0.5487510072522159,0.0
2626,2.1883698061634362,0.5487510072522159,560,681,1241,0.0,0.000833347222453984,0.5487510072522159,0.0
2627,2.1892031533858898,0.5487510072522159,560,681,1241,0.0,0.0008333472224535399,0.5487510072522159,0.0
2628,2.1900365006083438,0.5487510072522159,560,681,1241,0.0,0.000833347222453984,0.5487510072522159,0.0
2629,2.1908698478307973,0.5487510072522159,560,681,1241,0.0,0.0008333472224535399,0.5487510072522159,0.0
2630,2.191703195053251,0.5487510072522159,560,681,1241,0.0,0.0008333472224535399,0.5487510072522159,0.0
2631,2.192536542275705,0.5487510072522159,560,681,1241,0.0,0.000833347222453984,0.5487510072522159,0.0
2632,2.1933698894981584,0.5487510072522159,560,681,1241,0.0,0.0008333472224535399,0.5487510072522159,0.0
2633,2.194203236720612,0.5487510072522159,560,681,1241,0.0,0.0008333472224535399,0.5487510072522159,0.0
2634,2.195036583943066,0.5487510072522159,560,681,1241,0.0,0.000833347222453984,0.5487510072522159,0.0
2635,2.1958699311655194,0.5487510072522159,560,681,1241,0.0,0.0008333472224535399,0.5487510072522159,0.0
2636,2.1967032783879734,0.5487510072522159,560,681,1241,0.0,0.000833347222453984,0.5487510072522159,0.0
2637,2.197536625610427,0.5487510072522159,560,681,1241,0.0,0.0008333472224535399,0.5487510072522159,0.0
2638,2.1983699728328805,0.5487510072522159,560,681,1241,0.0,0.0008333472224535399,0.5487510072522159,0.0
2639,2.1992033200553345,0.5487510072522159,560,681,1241,0.0,0.000833347222453984,0.5487510072522159,0.0
2640,2.200036667277788,0.5487510072522159,560,681,1241,0.0,0.0008333472224535399,0.5487510072522159,0.0
2641,2.2008700145002416,0.5487510072522159,560,681,1241,0.0,0.0008333472224535399,0.5487510072522159,0.0
2642,2.2017033617226955,0.5487510072522159,560,681,1241,0.0,0.000833347222453984,0.5487510072522159,0.0
2643,2.202536708945149,0.5487510072522159,560,681,1241,0.0,0.0008333472224535399,0.5487510072522159,0.0
2644,2.203370056167603,0.5487510072522159,560,681,1241,0.0,0.000833347222453984,0.5487510072522159,0.0
2645,2.2042034033900566,0.5487510072522159,560,681,1241,0.0,0.0008333472224535399,0.5487510072522159,0.0
2646,2.20503675061251,0.5487510072522159,560,681,1241,0.0,0.0008333472224535399,0.5487510072522159,0.0
2647,2.205870097834964,0.5487510072522159,560,681,1241,0.0,0.000833347222453984,0.5487510072522159,0.0
2648,2.2067034450574177,0.5487510072522159,560,681,1241,0.0,0.0008333472224535399,0.5487510072522159,0.0
2649,2.207536792279871,0.5487510072522159,560,681,1241,0.0,0.0008333472224535399,0.5487510072522159,0.0
2650,2.208370139502325,0.5487510072522159,560,681,1241,0.0,0.000833347222453984,0.5487510072522159,0.0
2651,2.2092034867247787,0.5487510072522159,560,681,1241,0.0,0.0008333472224535399,0.5487510072522159,0.0
2652,2.2100368339472327,0.5487510072522159,560,681,1241,0.0,0.000833347222453984,0.5487510072522159,0.0
2653,2.2108701811696863,0.5487510072522159,560,681,1241,0.0,0.0008333472224535399,0.5487510072522159,0.0
2654,2.21170352839214,0.5487510072522159,560,681,1241,0.0,0.0008333472224535399,0.5487510072522159,0.0
2655,2.212536875614594,0.5487510072522159,560,681,1241,0.0,0.000833347222453984,0.5487510072522159,0.0
2656,2.2133702228370473,0.5487510072522159,560,681,1241,0.0,0.0008333472224535399,0.5487510072522159,0.0
2657,2.2142035700595013,0.5487510072522159,560,681,1241,0.0,0.000833347222453984,0.5487510072522159,0.0
2658,2.215036917281955,0.5487510072522159,560,681,1241,0.0,0.0008333472224535399,0.5487510072522159,0.0
2659,2.2158702645044084,0.5495568090249798,560,681,1241,0.0008058017727639033,0.0008333472224535399,0.5488315874294922,8.058017727639034e-05
2660,2.2167036117268624,0.5495568090249798,560,681,1241,0.0,0.000833347222453984,0.5489121676067686,8.058017727639034e-05
2661,2.217536958949316,0.5495568090249798,560,681,1241,0.0,0.0008333472224535399,0.5489927477840449,8.058017727639034e-05
2662,2.2183703061717694,0.5495568090249798,560,681,1241,0.0,0.0008333472224535399,0.5490733279613214,8.058017727639034e-05
2663,2.2192036533942234,0.5495568090249798,560,681,1241,0.0,0.000833347222453984,0.5491539081385977,8.058017727639034e-05
2664,2.220037000616677,0.5495568090249798,560,681,1241,0.0,0.0008333472224535399,0.549234488315874,8.058017727639034e-05
2665,2.220870347839131,0.5495568090249798,560,681,1241,0.0,0.000833347222453984,0.5493150684931504,8.058017727639034e-05
2666,2.2217036950615845,0.5495568090249798,560,681,1241,0.0,0.0008333472224535399,0.5493956486704267,8.058017727639034e-05
2667,2.222537042284038,0.5495568090249798,560,681,1241,0.0,0.0008333472224535399,0.5494762288477031,8.058017727639034e-05
2668,2.223370389506492,0.5495568090249798,560,681,1241,0.0,0.000833347222453984,0.5495568090249794,8.058017727639034e-05
2669,2.2242037367289456,0.5495568090249798,560,681,1241,0.0,0.0008333472224535399,0.5495568090249794,0.0
2670,2.225037083951399,0.5495568090249798,560,681,1241,0.0,0.0008333472224535399,0.5495568090249794,0.0
2671,2.225870431173853,0.5495568090249798,560,681,1241,0.0,0.000833347222453984,0.5495568090249794,0.0
2672,2.2267037783963066,0.5495568090249798,560,681,1241,0.0,0.0008333472224535399,0.5495568090249794,0.0
2673,2.2275371256187606,0.5495568090249798,560,681,1241,0.0,0.000833347222453984,0.5495568090249794,0.0
2674,2.228370472841214,0.5495568090249798,560,681,1241,0.0,0.0008333472224535399,0.5495568090249794,0.0
2675,2.2292038200636677,0.5495568090249798,560,681,1241,0.0,0.0008333472224535399,0.5495568090249794,0.0
2676,2.2300371672861217,0.5487510072522159,560,681,1241,-0.0008058017727639033,0.000833347222453984,0.5494762288477031,-8.058017727639034e-05
2677,2.230870514508575,0.5487510072522159,560,681,1241,0.0,0.0008333472224535399,0.5493956486704267,-8.058017727639034e-05
2678,2.2317038617310287,0.5487510072522159,560,681,1241,0.0,0.0008333472224535399,0.5493150684931504,-8.058017727639034e-05
2679,2.2325372089534827,0.5487510072522159,560,681,1241,0.0,0.000833347222453984,0.549234488315874,-8.058017727639034e-05
2680,2.2333705561759363,0.5487510072522159,560,681,1241,0.0,0.0008333472224535399,0.5491539081385977,-8.058017727639034e-05
2681,2.2342039033983903,0.5487510072522159,560,681,1241,0.0,0.000833347222453984,0.5490733279613214,-8.058017727639034e-05
2682,2.235037250620844,0.5487510072522159,560,681,1241,0.0,0.0008333472224535399,0.5489927477840449,-8.058017727639034e-05
2683,2.2358705978432973,0.5487510072522159,560,681,1241,0.0,0.0008333472224535399,0.5489121676067686,-8.058017727639034e-05
2684,2.2367039450657513,0.5487510072522159,560,681,1241,0.0,0.000833347222453984,0.5488315874294922,-8.058017727639034e-05
2685,2.237537292288205,0.5487510072522159,560,681,1241,0.0,0.0008333472224535399,0.5487510072522159,-8.058017727639034e-05
2686,2.2383706395106584,0.5495568090249798,560,681,1241,0.0008058017727639033,0.0008333472224535399,0.5488315874294922,8.058017727639034e-05
2687,2.2392039867331124,0.5495568090249798,560,681,1241,0.0,0.000833347222453984,0.5489121676067686,8.058017727639034e-05
2688,2.240037333955566,0.5495568090249798,560,681,1241,0.0,0.0008333472224535399,0.5489927477840449,8.058017727639034e-05
2689,2.24087068117802,0.5495568090249798,560,681,1241,0.0,0.000833347222453984,0.5490733279613214,8.058017727639034e-05
2690,2.2417040284004734,0.5495568090249798,560,681,1241,0.0,0.0008333472224535399,0.5491539081385977,8.058017727639034e-05
2691,2.242537375622927,0.5495568090249798,560,681,1241,0.0,0.0008333472224535399,0.549234488315874,8.058017727639034e-05
2692,2.243370722845381,0.5503626107977437,560,681,1241,0.0008058017727639033,0.000833347222453984,0.5493956486704268,0.00016116035455278067
2693,2.2442040700678345,0.5503626107977437,560,681,1241,0.0,0.0008333472224535399,0.5495568090249796,0.00016116035455278067
2694,2.245037417290288,0.5503626107977437,560,681,1241,0.0,0.0008333472224535399,0.5497179693795323,0.00016116035455278067
2695,2.245870764512742,0.5503626107977437,560,681,1241,0.0,0.000833347222453984,0.5498791297340851,0.00016116035455278067
2696,2.2467041117351956,0.5503626107977437,560,681,1241,0.0,0.0008333472224535399,0.5499597099113614,8.058017727639034e-05
2697,2.2475374589576496,0.5503626107977437,560,681,1241,0.0,0.000833347222453984,0.5500402900886379,8.058017727639034e-05
2698,2.248370806180103,0.5495568090249798,560,681,1241,-0.0008058017727639033,0.0008333472224535399,0.5500402900886379,0.0
2699,2.2492041534025566,0.5495568090249798,560,681,1241,0.0,0.0008333472224535399,0.5500402900886379,0.0
2700,2.2500375006250106,0.5495568090249798,560,681,1241,0.0,0.000833347222453984,0.5500402900886379,0.0
2701,2.250870847847464,0.5495568090249798,560,681,1241,0.0,0.0008333472224535399,0.5500402900886379,0.0
2702,2.251704195069918,0.5495568090249798,560,681,1241,0.0,0.000833347222453984,0.5499597099113613,-8.058017727639034e-05
2703,2.2525375422923717,0.5495568090249798,560,681,1241,0.0,0.0008333472224535399,0.549879129734085,-8.058017727639034e-05
2704,2.2533708895148252,0.5495568090249798,560,681,1241,0.0,0.0008333472224535399,0.5497985495568087,-8.058017727639034e-05
2705,2.254204236737279,0.5495568090249798,560,681,1241,0.0,0.000833347222453984,0.5497179693795323,-8.058017727639034e-05
2706,2.2550375839597327,0.5495568090249798,560,681,1241,0.0,0.0008333472224535399,0.549637389202256,-8.058017727639034e-05
2707,2.2558709311821863,0.5495568090249798,560,681,1241,0.0,0.0008333472224535399,0.5495568090249796,-8.058017727639034e-05
2708,2.2567042784046403,0.5495568090249798,560,681,1241,0.0,0.000833347222453984,0.5495568090249797,0.0
2709,2.257537625627094,0.5495568090249798,560,681,1241,0.0,0.0008333472224535399,0.5495568090249797,0.0
2710,2.258370972849548,0.5495568090249798,560,681,1241,0.0,0.000833347222453984,0.5495568090249797,0.0
2711,2.2592043200720013,0.5495568090249798,560,681,1241,0.0,0.0008333472224535399,0.5495568090249797,0.0
2712,2.260037667294455,0.5495568090249798,560,681,1241,0.0,0.0008333472224535399,0.5495568090249797,0.0
2713,2.260871014516909,0.5495568090249798,560,681,1241,0.0,0.000833347222453984,0.5495568090249797,0.0
2714,2.2617043617393624,0.5495568090249798,560,681,1241,0.0,0.0008333472224535399,0.5495568090249797,0.0
2715,2.262537708961816,0.5495568090249798,560,681,1241,0.0,0.0008333472224535399,0.5495568090249797,0.0
2716,2.26337105618427,0.5495568090249798,560,681,1241,0.0,0.000833347222453984,0.5495568090249797,0.0
2717,2.2642044034067235,0.5495568090249798,560,681,1241,0.0,0.0008333472224535399,0.5495568090249797,0.0
2718,2.2650377506291774,0.5495568090249798,560,681,1241,0.0,0.000833347222453984,0.5495568090249797,0.0
2719,2.265871097851631,0.5495568090249798,560,681,1241,0.0,0.0008333472224535399,0.5495568090249797,0.0
2720,2.2667044450740845,0.5495568090249798,560,681,1241,0.0,0.0008333472224535399,0.5495568090249797,0.0
2721,2.2675377922965385,0.5495568090249798,560,681,1241,0.0,0.000833347222453984,0.5495568090249797,0.0
2722,2.268371139518992,0.5495568090249798,560,681,1241,0.0,0.0008333472224535399,0.5495568090249797,0.0
2723,2.2692044867414456,0.5495568090249798,560,681,1241,0.0,0.0008333472224535399,0.5495568090249797,0.0
2724,2.2700378339638996,0.5495568090249798,560,681,1241,0.0,0.000833347222453984,0.5495568090249797,0.0
2725,2.270871181186353,0.5495568090249798,560,681,1241,0.0,0.0008333472224535399,0.5495568090249797,0.0
2726,2.271704528408807,0.5495568090249798,560,681,1241,0.0,0.000833347222453984,0.5495568090249797,0.0
2727,2.2725378756312606,0.5487510072522159,560,681,1241,-0.0008058017727639033,0.0008333472224535399,0.5494762288477034,-8.058017727639034e-05
2728,2.273371222853714,0.5487510072522159,560,681,1241,0.0,0.0008333472224535399,0.549395648670427,-8.058017727639034e-05
2729,2.274204570076168,0.5487510072522159,560,681,1241,0.0,0.000833347222453984,0.5493150684931507,-8.058017727639034e-05
2730,2.2750379172986217,0.5487510072522159,560,681,1241,0.0,0.0008333472224535399,0.5492344883158744,-8.058017727639034e-05
2731,2.2758712645210752,0.5487510072522159,560,681,1241,0.0,0.0008333472224535399,0.549153908138598,-8.058017727639034e-05
2732,2.2767046117435292,0.5487510072522159,560,681,1241,0.0,0.000833347222453984,0.5490733279613217,-8.058017727639034e-05
2733,2.2775379589659828,0.5487510072522159,560,681,1241,0.0,0.0008333472224535399,0.5489927477840453,-8.058017727639034e-05
2734,2.2783713061884368,0.5487510072522159,560,681,1241,0.0,0.000833347222453984,0.548912167606769,-8.058017727639034e-05
2735,2.2792046534108903,0.5487510072522159,560,681,1241,0.0,0.0008333472224535399,0.5488315874294927,-8.058017727639034e-05
2736,2.280038000633344,0.5487510072522159,560,681,1241,0.0,0.0008333472224535399,0.5487510072522163,-8.058017727639034e-05
2737,2.280871347855798,0.5487510072522159,560,681,1241,0.0,0.000833347222453984,0.5487510072522163,0.0
2738,2.2817046950782514,0.5487510072522159,560,681,1241,0.0,0.0008333472224535399,0.5487510072522163,0.0
2739,2.282538042300705,0.5487510072522159,560,681,1241,0.0,0.0008333472224535399,0.5487510072522163,0.0
2740,2.283371389523159,0.5487510072522159,560,681,1241,0.0,0.000833347222453984,0.5487510072522163,0.0
2741,2.2842047367456124,0.5487510072522159,560,681,1241,0.0,0.0008333472224535399,0.5487510072522163,0.0
2742,2.2850380839680664,0.5487510072522159,560,681,1241,0.0,0.000833347222453984,0.5487510072522163,0.0
2743,2.28587143119052,0.5487510072522159,560,681,1241,0.0,0.0008333472224535399,0.5487510072522163,0.0
2744,2.2867047784129735,0.5487510072522159,560,681,1241,0.0,0.0008333472224535399,0.5487510072522163,0.0
2745,2.2875381256354275,0.5487510072522159,560,681,1241,0.0,0.000833347222453984,0.5487510072522163,0.0
2746,2.288371472857881,0.5487510072522159,560,681,1241,0.0,0.0008333472224535399,0.5487510072522163,0.0
2747,2.289204820080335,0.5487510072522159,560,681,1241,0.0,0.000833347222453984,0.5487510072522163,0.0
2748,2.2900381673027885,0.5487510072522159,560,681,1241,0.0,0.0008333472224535399,0.5487510072522163,0.0
2749,2.290871514525242,0.5487510072522159,560,681,1241,0.0,0.0008333472224535399,0.5487510072522163,0.0
2750,2.291704861747696,0.5487510072522159,560,681,1241,0.0,0.000833347222453984,0.5487510072522163,0.0
2751,2.2925382089701496,0.5487510072522159,560,681,1241,0.0,0.0008333472224535399,0.5487510072522163,0.0
2752,2.293371556192603,0.5487510072522159,560,681,1241,0.0,0.0008333472224535399,0.5487510072522163,0.0
2753,2.294204903415057,0.5487510072522159,560,681,1241,0.0,0.000833347222453984,0.5487510072522163,0.0
2754,2.2950382506375107,0.5487510072522159,560,681,1241,0.0,0.0008333472224535399,0.5487510072522163,0.0
2755,2.2958715978599646,0.5487510072522159,560,681,1241,0.0,0.000833347222453984,0.5487510072522163,0.0
2756,2.296704945082418,0.5487510072522159,560,681,1241,0.0,0.0008333472224535399,0.5487510072522163,0.0
2757,2.2975382923048717,0.5487510072522159,560,681,1241,0.0,0.0008333472224535399,0.5487510072522163,0.0
2758,2.2983716395273257,0.5487510072522159,560,681,1241,0.0,0.000833347222453984,0.5487510072522163,0.0
2759,2.2992049867497792,0.5487510072522159,560,681,1241,0.0,0.0008333472224535399,0.5487510072522163,0.0
2760,2.300038333972233,0.5487510072522159,560,681,1241,0.0,0.0008333472224535399,0.5487510072522163,0.0
2761,2.3008716811946868,0.5487510072522159,560,681,1241,0.0,0.000833347222453984,0.5487510072522163,0.0
2762,2.3017050284171403,0.5487510072522159,560,681,1241,0.0,0.0008333472224535399,0.5487510072522163,0.0
2763,2.3025383756395943,0.5487510072522159,560,681,1241,0.0,0.000833347222453984,0.5487510072522163,0.0
2764,2.303371722862048,0.5487510072522159,560,681,1241,0.0,0.0008333472224535399,0.5487510072522163,0.0
2765,2.3042050700845014,0.5487510072522159,560,681,1241,0.0,0.0008333472224535399,0.5487510072522163,0.0
2766,2.3050384173069554,0.5487510072522159,560,681,1241,0.0,0.000833347222453984,0.5487510072522163,0.0
2767,2.305871764529409,0.5487510072522159,560,681,1241,0.0,0.0008333472224535399,0.5487510072522163,0.0
2768,2.3067051117518624,0.5487510072522159,560,681,1241,0.0,0.0008333472224535399,0.5487510072522163,0.0
2769,2.3075384589743164,0.5487510072522159,560,681,1241,0.0,0.000833347222453984,0.5487510072522163,0.0
2770,2.30837180619677,0.5487510072522159,560,681,1241,0.0,0.0008333472224535399,0.5487510072522163,0.0
2771,2.309205153419224,0.5487510072522159,560,681,1241,0.0,0.000833347222453984,0.5487510072522163,0.0
2772,2.3100385006416775,0.5487510072522159,560,681,1241,0.0,0.0008333472224535399,0.5487510072522163,0.0
2773,2.310871847864131,0.5487510072522159,560,681,1241,0.0,0.0008333472224535399,0.5487510072522163,0.0
2774,2.311705195086585,0.5487510072522159,560,681,1241,0.0,0.000833347222453984,0.5487510072522163,0.0
2775,2.3125385423090385,0.5487510072522159,560,681,1241,0.0,0.0008333472224535399,0.5487510072522163,0.0
2776,2.313371889531492,0.5487510072522159,560,681,1241,0.0,0.0008333472224535399,0.5487510072522163,0.0
2777,2.314205236753946,0.5487510072522159,560,681,1241,0.0,0.000833347222453984,0.5487510072522163,0.0
2778,2.3150385839763996,0.5487510072522159,560,681,1241,0.0,0.0008333472224535399,0.5487510072522163,0.0
2779,2.3158719311988536,0.5487510072522159,560,681,1241,0.0,0.000833347222453984,0.5487510072522163,0.0
2780,2.316705278421307,0.5487510072522159,560,681,1241,0.0,0.0008333472224535399,0.5487510072522163,0.0
2781,2.3175386256437607,0.5487510072522159,560,681,1241,0.0,0.0008333472224535399,0.5487510072522163,0.0
2782,2.3183719728662147,0.5487510072522159,560,681,1241,0.0,0.000833347222453984,0.5487510072522163,0.0
2783,2.319205320088668,0.5487510072522159,560,681,1241,0.0,0.0008333472224535399,0.5487510072522163,0.0
2784,2.3200386673111217,0.5487510072522159,560,681,1241,0.0,0.0008333472224535399,0.5487510072522163,0.0
2785,2.3208720145335757,0.5487510072522159,560,681,1241,0.0,0.000833347222453984,0.5487510072522163,0.0
2786,2.3217053617560293,0.5487510072522159,560,681,1241,0.0,0.0008333472224535399,0.5487510072522163,0.0
2787,2.3225387089784832,0.5487510072522159,560,681,1241,0.0,0.000833347222453984,0.5487510072522163,0.0
2788,2.323372056200937,0.5487510072522159,560,681,1241,0.0,0.0008333472224535399,0.5487510072522163,0.0
2789,2.3242054034233903,0.5487510072522159,560,681,1241,0.0,0.0008333472224535399,0.5487510072522163,0.0
2790,2.3250387506458443,0.5487510072522159,560,681,1241,0.0,0.000833347222453984,0.5487510072522163,0.0
2791,2.325872097868298,0.5487510072522159,560,681,1241,0.0,0.0008333472224535399,0.5487510072522163,0.0
2792,2.3267054450907514,0.5487510072522159,560,681,1241,0.0,0.0008333472224535399,0.5487510072522163,0.0
2793,2.3275387923132054,0.5487510072522159,560,681,1241,0.0,0.000833347222453984,0.5487510072522163,0.0
2794,2.328372139535659,0.5487510072522159,560,681,1241,0.0,0.0008333472224535399,0.5487510072522163,0.0
2795,2.329205486758113,0.5487510072522159,560,681,1241,0.0,0.000833347222453984,0.5487510072522163,0.0
2796,2.3300388339805664,0.5487510072522159,560,681,1241,0.0,0.0008333472224535399,0.5487510072522163,0.0
2797,2.33087218120302,0.5487510072522159,560,681,1241,0.0,0.0008333472224535399,0.5487510072522163,0.0
2798,2.331705528425474,0.5487510072522159,560,681,1241,0.0,0.000833347222453984,0.5487510072522163,0.0
2799,2.3325388756479275,0.5487510072522159,560,681,1241,0.0,0.0008333472224535399,0.5487510072522163,0.0
2800,2.3333722228703815,0.5487510072522159,560,681,1241,0.0,0.000833347222453984,0.5487510072522163,0.0
2801,2.334205570092835,0.5487510072522159,560,681,1241,0.0,0.0008333472224535399,0.5487510072522163,0.0
2802,2.3350389173152886,0.5487510072522159,560,681,1241,0.0,0.0008333472224535399,0.5487510072522163,0.0
2803,2.3358722645377425,0.5487510072522159,560,681,1241,0.0,0.000833347222453984,0.5487510072522163,0.0
2804,2.336705611760196,0.5487510072522159,560,681,1241,0.0,0.0008333472224535399,0.5487510072522163,0.0
2805,2.3375389589826496,0.5487510072522159,560,681,1241,0.0,0.0008333472224535399,0.5487510072522163,0.0
2806,2.3383723062051036,0.5487510072522159,560,681,1241,0.0,0.000833347222453984,0.5487510072522163,0.0
2807,2.339205653427557,0.5487510072522159,560,681,1241,0.0,0.0008333472224535399,0.5487510072522163,0.0
2808,2.340039000650011,0.5487510072522159,560,681,1241,0.0,0.000833347222453984,0.5487510072522163,0.0
2809,2.3408723478724647,0.5487510072522159,560,681,1241,0.0,0.0008333472224535399,0.5487510072522163,0.0
2810,2.341705695094918,0.5487510072522159,560,681,1241,0.0,0.0008333472224535399,0.5487510072522163,0.0
2811,2.342539042317372,0.5487510072522159,560,681,1241,0.0,0.000833347222453984,0.5487510072522163,0.0
2812,2.3433723895398257,0.5487510072522159,560,681,1241,0.0,0.0008333472224535399,0.5487510072522163,0.0
2813,2.3442057367622793,0.5487510072522159,560,681,1241,0.0,0.0008333472224535399,0.5487510072522163,0.0
2814,2.3450390839847333,0.5487510072522159,560,681,1241,0.0,0.000833347222453984,0.5487510072522163,0.0
2815,2.345872431207187,0.5487510072522159,560,681,1241,0.0,0.0008333472224535399,0.5487510072522163,0.0
2816,2.346705778429641,0.5487510072522159,560,681,1241,0.0,0.000833347222453984,0.5487510072522163,0.0
2817,2.3475391256520943,0.5487510072522159,560,681,1241,0.0,0.0008333472224535399,0.5487510072522163,0.0
2818,2.348372472874548,0.5487510072522159,560,681,1241,0.0,0.0008333472224535399,0.5487510072522163,0.0
2819,2.349205820097002,0.5487510072522159,560,681,1241,0.0,0.000833347222453984,0.5487510072522163,0.0
2820,2.3500391673194554,0.5487510072522159,560,681,1241,0.0,0.0008333472224535399,0.5487510072522163,0.0
2821,2.350872514541909,0.5487510072522159,560,681,1241,0.0,0.0008333472224535399,0.5487510072522163,0.0
2822,2.351705861764363,0.5487510072522159,560,681,1241,0.0,0.000833347222453984,0.5487510072522163,0.0
2823,2.3525392089868165,0.5487510072522159,560,681,1241,0.0,0.0008333472224535399,0.5487510072522163,0.0
2824,2.3533725562092704,0.5487510072522159,560,681,1241,0.0,0.000833347222453984,0.5487510072522163,0.0
2825,2.354205903431724,0.5487510072522159,560,681,1241,0.0,0.0008333472224535399,0.5487510072522163,0.0
2826,2.3550392506541775,0.5487510072522159,560,681,1241,0.0,0.0008333472224535399,0.5487510072522163,0.0
2827,2.3558725978766315,0.5487510072522159,560,681,1241,0.0,0.000833347222453984,0.5487510072522163,0.0
2828,2.356705945099085,0.5487510072522159,560,681,1241,0.0,0.0008333472224535399,0.5487510072522163,0.0
2829,2.3575392923215386,0.5495568090249798,560,681,1241,0.0008058017727639033,0.0008333472224535399,0.5488315874294927,8.058017727639034e-05
2830,2.3583726395439926,0.5495568090249798,560,681,1241,0.0,0.000833347222453984,0.548912167606769,8.058017727639034e-05
2831,2.359205986766446,0.5495568090249798,560,681,1241,0.0,0.0008333472224535399,0.5489927477840453,8.058017727639034e-05
2832,2.3600393339889,0.5495568090249798,560,681,1241,0.0,0.000833347222453984,0.5490733279613217,8.058017727639034e-05
2833,2.3608726812113536,0.5495568090249798,560,681,1241,0.0,0.0008333472224535399,0.549153908138598,8.058017727639034e-05
2834,2.361706028433807,0.5495568090249798,560,681,1241,0.0,0.0008333472224535399,0.5492344883158744,8.058017727639034e-05
2835,2.362539375656261,0.5495568090249798,560,681,1241,0.0,0.000833347222453984,0.5493150684931507,8.058017727639034e-05
2836,2.3633727228787147,0.5487510072522159,560,681,1241,-0.0008058017727639033,0.0008333472224535399,0.5493150684931507,0.0
2837,2.3642060701011682,0.5487510072522159,560,681,1241,0.0,0.0008333472224535399,0.5493150684931507,0.0
2838,2.365039417323622,0.5487510072522159,560,681,1241,0.0,0.000833347222453984,0.5493150684931507,0.0
2839,2.3658727645460758,0.5487510072522159,560,681,1241,0.0,0.0008333472224535399,0.5492344883158744,-8.058017727639034e-05
2840,2.3667061117685297,0.5487510072522159,560,681,1241,0.0,0.000833347222453984,0.549153908138598,-8.058017727639034e-05
2841,2.3675394589909833,0.5487510072522159,560,681,1241,0.0,0.0008333472224535399,0.5490733279613217,-8.058017727639034e-05
2842,2.368372806213437,0.5487510072522159,560,681,1241,0.0,0.0008333472224535399,0.5489927477840453,-8.058017727639034e-05
2843,2.369206153435891,0.5487510072522159,560,681,1241,0.0,0.000833347222453984,0.548912167606769,-8.058017727639034e-05
2844,2.3700395006583443,0.5487510072522159,560,681,1241,0.0,0.0008333472224535399,0.5488315874294927,-8.058017727639034e-05
2845,2.3708728478807983,0.5487510072522159,560,681,1241,0.0,0.000833347222453984,0.5487510072522163,-8.058017727639034e-05
2846,2.371706195103252,0.5487510072522159,560,681,1241,0.0,0.0008333472224535399,0.5487510072522163,0.0
2847,2.3725395423257054,0.5487510072522159,560,681,1241,0.0,0.0008333472224535399,0.5487510072522163,0.0
2848,2.3733728895481594,0.5487510072522159,560,681,1241,0.0,0.000833347222453984,0.5487510072522163,0.0
2849,2.374206236770613,0.5487510072522159,560,681,1241,0.0,0.0008333472224535399,0.5487510072522163,0.0
2850,2.3750395839930665,0.5487510072522159,560,681,1241,0.0,0.0008333472224535399,0.5487510072522163,0.0
2851,2.3758729312155205,0.5487510072522159,560,681,1241,0.0,0.000833347222453984,0.5487510072522163,0.0
2852,2.376706278437974,0.5487510072522159,560,681,1241,0.0,0.0008333472224535399,0.5487510072522163,0.0
2853,2.377539625660428,0.5487510072522159,560,681,1241,0.0,0.000833347222453984,0.5487510072522163,0.0
2854,2.3783729728828815,0.5487510072522159,560,681,1241,0.0,0.0008333472224535399,0.5487510072522163,0.0
2855,2.379206320105335,0.5487510072522159,560,681,1241,0.0,0.0008333472224535399,0.5487510072522163,0.0
2856,2.380039667327789,0.5487510072522159,560,681,1241,0.0,0.000833347222453984,0.5487510072522163,0.0
2857,2.3808730145502426,0.5487510072522159,560,681,1241,0.0,0.0008333472224535399,0.5487510072522163,0.0
2858,2.381706361772696,0.5487510072522159,560,681,1241,0.0,0.0008333472224535399,0.5487510072522163,0.0
2859,2.38253970899515,0.5487510072522159,560,681,1241,0.0,0.000833347222453984,0.5487510072522163,0.0
2860,2.3833730562176036,0.5487510072522159,560,681,1241,0.0,0.0008333472224535399,0.5487510072522163,0.0
2861,2.3842064034400576,0.5487510072522159,560,681,1241,0.0,0.000833347222453984,0.5487510072522163,0.0
2862,2.385039750662511,0.5487510072522159,560,681,1241,0.0,0.0008333472224535399,0.5487510072522163,0.0
2863,2.3858730978849647,0.5487510072522159,560,681,1241,0.0,0.0008333472224535399,0.5487510072522163,0.0
2864,2.3867064451074187,0.5487510072522159,560,681,1241,0.0,0.000833347222453984,0.5487510072522163,0.0
2865,2.3875397923298722,0.5487510072522159,560,681,1241,0.0,0.0008333472224535399,0.5487510072522163,0.0
2866,2.3883731395523258,0.5487510072522159,560,681,1241,0.0,0.0008333472224535399,0.5487510072522163,0.0
2867,2.3892064867747798,0.5487510072522159,560,681,1241,0.0,0.000833347222453984,0.5487510072522163,0.0
2868,2.3900398339972333,0.5487510072522159,560,681,1241,0.0,0.0008333472224535399,0.5487510072522163,0.0
2869,2.3908731812196873,0.5487510072522159,560,681,1241,0.0,0.000833347222453984,0.5487510072522163,0.0
2870,2.391706528442141,0.5487510072522159,560,681,1241,0.0,0.0008333472224535399,0.5487510072522163,0.0
2871,2.3925398756645944,0.5487510072522159,560,681,1241,0.0,0.0008333472224535399,0.5487510072522163,0.0
2872,2.3933732228870483,0.5487510072522159,560,681,1241,0.0,0.000833347222453984,0.5487510072522163,0.0
2873,2.394206570109502,0.5487510072522159,560,681,1241,0.0,0.0008333472224535399,0.5487510072522163,0.0
2874,2.3950399173319554,0.5487510072522159,560,681,1241,0.0,0.0008333472224535399,0.5487510072522163,0.0
2875,2.3958732645544094,0.5487510072522159,560,681,1241,0.0,0.000833347222453984,0.5487510072522163,0.0
2876,2.396706611776863,0.5487510072522159,560,681,1241,0.0,0.0008333472224535399,0.5487510072522163,0.0
2877,2.397539958999317,0.5487510072522159,560,681,1241,0.0,0.000833347222453984,0.5487510072522163,0.0
2878,2.3983733062217705,0.5487510072522159,560,681,1241,0.0,0.0008333472224535399,0.5487510072522163,0.0
2879,2.399206653444224,0.5487510072522159,560,681,1241,0.0,0.0008333472224535399,0.5487510072522163,0.0
2880,2.400040000666678,0.5487510072522159,560,681,1241,0.0,0.000833347222453984,0.5487510072522163,0.0
2881,2.4008733478891315,0.5487510072522159,560,681,1241,0.0,0.0008333472224535399,0.5487510072522163,0.0
2882,2.401706695111585,0.5487510072522159,560,681,1241,0.0,0.0008333472224535399,0.5487510072522163,0.0
2883,2.402540042334039,0.5487510072522159,560,681,1241,0.0,0.000833347222453984,0.5487510072522163,0.0
2884,2.4033733895564926,0.5487510072522159,560,681,1241,0.0,0.0008333472224535399,0.5487510072522163,0.0
2885,2.4042067367789466,0.5487510072522159,560,681,1241,0.0,0.000833347222453984,0.5487510072522163,0.0
2886,2.4050400840014,0.5487510072522159,560,681,1241,0.0,0.0008333472224535399,0.5487510072522163,0.0
2887,2.4058734312238537,0.5487510072522159,560,681,1241,0.0,0.0008333472224535399,0.5487510072522163,0.0
2888,2.4067067784463076,0.5487510072522159,560,681,1241,0.0,0.000833347222453984,0.5487510072522163,0.0
2889,2.407540125668761,0.5487510072522159,560,681,1241,0.0,0.0008333472224535399,0.5487510072522163,0.0
2890,2.408373472891215,0.5487510072522159,560,681,1241,0.0,0.000833347222453984,0.5487510072522163,0.0
2891,2.4092068201136687,0.5487510072522159,560,681,1241,0.0,0.0008333472224535399,0.5487510072522163,0.0
2892,2.4100401673361223,0.5487510072522159,560,681,1241,0.0,0.0008333472224535399,0.5487510072522163,0.0
2893,2.4108735145585762,0.5487510072522159,560,681,1241,0.0,0.000833347222453984,0.5487510072522163,0.0
2894,2.4117068617810298,0.5487510072522159,560,681,1241,0.0,0.0008333472224535399,0.5487510072522163,0.0
2895,2.4125402090034833,0.5487510072522159,560,681,1241,0.0,0.0008333472224535399,0.5487510072522163,0.0
2896,2.4133735562259373,0.5487510072522159,560,681,1241,0.0,0.000833347222453984,0.5487510072522163,0.0
2897,2.414206903448391,0.5487510072522159,560,681,1241,0.0,0.0008333472224535399,0.5487510072522163,0.0
2898,2.415040250670845,0.5487510072522159,560,681,1241,0.0,0.000833347222453984,0.5487510072522163,0.0
2899,2.4158735978932984,0.5487510072522159,560,681,1241,0.0,0.0008333472224535399,0.5487510072522163,0.0
2900,2.416706945115752,0.5487510072522159,560,681,1241,0.0,0.0008333472224535399,0.5487510072522163,0.0
2901,2.417540292338206,0.5487510072522159,560,681,1241,0.0,0.000833347222453984,0.5487510072522163,0.0
2902,2.4183736395606594,0.5487510072522159,560,681,1241,0.0,0.0008333472224535399,0.5487510072522163,0.0
2903,2.419206986783113,0.5487510072522159,560,681,1241,0.0,0.0008333472224535399,0.5487510072522163,0.0
2904,2.420040334005567,0.5487510072522159,560,681,1241,0.0,0.000833347222453984,0.5487510072522163,0.0
2905,2.4208736812280205,0.5487510072522159,560,681,1241,0.0,0.0008333472224535399,0.5487510072522163,0.0
2906,2.4217070284504745,0.5487510072522159,560,681,1241,0.0,0.000833347222453984,0.5487510072522163,0.0
2907,2.422540375672928,0.5487510072522159,560,681,1241,0.0,0.0008333472224535399,0.5487510072522163,0.0
2908,2.4233737228953816,0.5487510072522159,560,681,1241,0.0,0.0008333472224535399,0.5487510072522163,0.0
2909,2.4242070701178355,0.5487510072522159,560,681,1241,0.0,0.000833347222453984,0.5487510072522163,0.0
2910,2.425040417340289,0.5487510072522159,560,681,1241,0.0,0.0008333472224535399,0.5487510072522163,0.0
2911,2.4258737645627426,0.5487510072522159,560,681,1241,0.0,0.0008333472224535399,0.5487510072522163,0.0
2912,2.4267071117851966,0.5487510072522159,560,681,1241,0.0,0.000833347222453984,0.5487510072522163,0.0
2913,2.42754045900765,0.5487510072522159,560,681,1241,0.0,0.0008333472224535399,0.5487510072522163,0.0
2914,2.428373806230104,0.5487510072522159,560,681,1241,0.0,0.000833347222453984,0.5487510072522163,0.0
2915,2.4292071534525577,0.5487510072522159,560,681,1241,0.0,0.0008333472224535399,0.5487510072522163,0.0
2916,2.430040500675011,0.5487510072522159,560,681,1241,0.0,0.0008333472224535399,0.5487510072522163,0.0
2917,2.430873847897465,0.5487510072522159,560,681,1241,0.0,0.000833347222453984,0.5487510072522163,0.0
2918,2.4317071951199187,0.5487510072522159,560,681,1241,0.0,0.0008333472224535399,0.5487510072522163,0.0
2919,2.4325405423423723,0.5487510072522159,560,681,1241,0.0,0.0008333472224535399,0.5487510072522163,0.0
2920,2.4333738895648263,0.5487510072522159,560,681,1241,0.0,0.000833347222453984,0.5487510072522163,0.0
2921,2.43420723678728,0.5487510072522159,560,681,1241,0.0,0.0008333472224535399,0.5487510072522163,0.0
2922,2.4350405840097338,0.5487510072522159,560,681,1241,0.0,0.000833347222453984,0.5487510072522163,0.0
2923,2.4358739312321873,0.5487510072522159,560,681,1241,0.0,0.0008333472224535399,0.5487510072522163,0.0
2924,2.436707278454641,0.5487510072522159,560,681,1241,0.0,0.0008333472224535399,0.5487510072522163,0.0
2925,2.437540625677095,0.5487510072522159,560,681,1241,0.0,0.000833347222453984,0.5487510072522163,0.0
2926,2.4383739728995484,0.5487510072522159,560,681,1241,0.0,0.0008333472224535399,0.5487510072522163,0.0
2927,2.439207320122002,0.5487510072522159,560,681,1241,0.0,0.0008333472224535399,0.5487510072522163,0.0
2928,2.440040667344456,0.5487510072522159,560,681,1241,0.0,0.000833347222453984,0.5487510072522163,0.0
2929,2.4408740145669094,0.5487510072522159,560,681,1241,0.0,0.0008333472224535399,0.5487510072522163,0.0
2930,2.4417073617893634,0.5487510072522159,560,681,1241,0.0,0.000833347222453984,0.5487510072522163,0.0
2931,2.442540709011817,0.5487510072522159,560,681,1241,0.0,0.0008333472224535399,0.5487510072522163,0.0
2932,2.4433740562342705,0.5487510072522159,560,681,1241,0.0,0.0008333472224535399,0.5487510072522163,0.0
2933,2.4442074034567245,0.5487510072522159,560,681,1241,0.0,0.000833347222453984,0.5487510072522163,0.0
2934,2.445040750679178,0.5487510072522159,560,681,1241,0.0,0.0008333472224535399,0.5487510072522163,0.0
2935,2.445874097901632,0.5487510072522159,560,681,1241,0.0,0.000833347222453984,0.5487510072522163,0.0
2936,2.4467074451240856,0.5487510072522159,560,681,1241,0.0,0.0008333472224535399,0.5487510072522163,0.0
2937,2.447540792346539,0.5487510072522159,560,681,1241,0.0,0.0008333472224535399,0.5487510072522163,0.0
2938,2.448374139568993,0.5487510072522159,560,681,1241,0.0,0.000833347222453984,0.5487510072522163,0.0
2939,2.4492074867914466,0.5487510072522159,560,681,1241,0.0,0.0008333472224535399,0.5487510072522163,0.0
2940,2.4500408340139,0.5487510072522159,560,681,1241,0.0,0.0008333472224535399,0.5487510072522163,0.0
2941,2.450874181236354,0.5487510072522159,560,681,1241,0.0,0.000833347222453984,0.5487510072522163,0.0
2942,2.4517075284588077,0.5487510072522159,560,681,1241,0.0,0.0008333472224535399,0.5487510072522163,0.0
2943,2.4525408756812617,0.5487510072522159,560,681,1241,0.0,0.000833347222453984,0.5487510072522163,0.0
2944,2.453374222903715,0.5487510072522159,560,681,1241,0.0,0.0008333472224535399,0.5487510072522163,0.0
2945,2.4542075701261687,0.5487510072522159,560,681,1241,0.0,0.0008333472224535399,0.5487510072522163,0.0
2946,2.4550409173486227,0.5487510072522159,560,681,1241,0.0,0.000833347222453984,0.5487510072522163,0.0
2947,2.4558742645710763,0.5487510072522159,560,681,1241,0.0,0.0008333472224535399,0.5487510072522163,0.0
2948,2.45670761179353,0.5487510072522159,560,681,1241,0.0,0.0008333472224535399,0.5487510072522163,0.0
2949,2.457540959015984,0.5487510072522159,560,681,1241,0.0,0.000833347222453984,0.5487510072522163,0.0
2950,2.4583743062384373,0.5487510072522159,560,681,1241,0.0,0.0008333472224535399,0.5487510072522163,0.0
2951,2.4592076534608913,0.5487510072522159,560,681,1241,0.0,0.000833347222453984,0.5487510072522163,0.0
2952,2.460041000683345,0.5487510072522159,560,681,1241,0.0,0.0008333472224535399,0.5487510072522163,0.0
2953,2.4608743479057984,0.5487510072522159,560,681,1241,0.0,0.0008333472224535399,0.5487510072522163,0.0
2954,2.4617076951282524,0.5487510072522159,560,681,1241,0.0,0.000833347222453984,0.5487510072522163,0.0
2955,2.462541042350706,0.5487510072522159,560,681,1241,0.0,0.0008333472224535399,0.5487510072522163,0.0
2956,2.4633743895731595,0.5487510072522159,560,681,1241,0.0,0.0008333472224535399,0.5487510072522163,0.0
2957,2.4642077367956134,0.5487510072522159,560,681,1241,0.0,0.000833347222453984,0.5487510072522163,0.0
2958,2.465041084018067,0.5487510072522159,560,681,1241,0.0,0.0008333472224535399,0.5487510072522163,0.0
2959,2.465874431240521,0.5487510072522159,560,681,1241,0.0,0.000833347222453984,0.5487510072522163,0.0
2960,2.4667077784629745,0.5487510072522159,560,681,1241,0.0,0.0008333472224535399,0.5487510072522163,0.0
2961,2.467541125685428,0.5487510072522159,560,681,1241,0.0,0.0008333472224535399,0.5487510072522163,0.0
2962,2.468374472907882,0.5487510072522159,560,681,1241,0.0,0.000833347222453984,0.5487510072522163,0.0
2963,2.4692078201303356,0.5487510072522159,560,681,1241,0.0,0.0008333472224535399,0.5487510072522163,0.0
2964,2.470041167352789,0.5487510072522159,560,681,1241,0.0,0.0008333472224535399,0.5487510072522163,0.0
2965,2.470874514575243,0.5487510072522159,560,681,1241,0.0,0.000833347222453984,0.5487510072522163,0.0
2966,2.4717078617976966,0.5487510072522159,560,681,1241,0.0,0.0008333472224535399,0.5487510072522163,0.0
2967,2.4725412090201506,0.5487510072522159,560,681,1241,0.0,0.000833347222453984,0.5487510072522163,0.0
2968,2.473374556242604,0.5487510072522159,560,681,1241,0.0,0.0008333472224535399,0.5487510072522163,0.0
2969,2.4742079034650577,0.5487510072522159,560,681,1241,0.0,0.0008333472224535399,0.5487510072522163,0.0
2970,2.4750412506875117,0.5487510072522159,560,681,1241,0.0,0.000833347222453984,0.5487510072522163,0.0
2971,2.4758745979099652,0.5487510072522159,560,681,1241,0.0,0.0008333472224535399,0.5487510072522163,0.0
2972,2.4767079451324188,0.5487510072522159,560,681,1241,0.0,0.0008333472224535399,0.5487510072522163,0.0
2973,2.4775412923548727,0.5487510072522159,560,681,1241,0.0,0.000833347222453984,0.5487510072522163,0.0
2974,2.4783746395773263,0.5487510072522159,560,681,1241,0.0,0.0008333472224535399,0.5487510072522163,0.0
2975,2.4792079867997803,0.5487510072522159,560,681,1241,0.0,0.000833347222453984,0.5487510072522163,0.0
2976,2.480041334022234,0.5487510072522159,560,681,1241,0.0,0.0008333472224535399,0.5487510072522163,0.0
2977,2.4808746812446874,0.5487510072522159,560,681,1241,0.0,0.0008333472224535399,0.5487510072522163,0.0
2978,2.4817080284671413,0.5487510072522159,560,681,1241,0.0,0.000833347222453984,0.5487510072522163,0.0
2979,2.482541375689595,0.5487510072522159,560,681,1241,0.0,0.0008333472224535399,0.5487510072522163,0.0
2980,2.483374722912049,0.5487510072522159,560,681,1241,0.0,0.000833347222453984,0.5487510072522163,0.0
2981,2.4842080701345024,0.5487510072522159,560,681,1241,0.0,0.0008333472224535399,0.5487510072522163,0.0
2982,2.485041417356956,0.5487510072522159,560,681,1241,0.0,0.0008333472224535399,0.5487510072522163,0.0
2983,2.48587476457941,0.5487510072522159,560,681,1241,0.0,0.000833347222453984,0.5487510072522163,0.0
2984,2.4867081118018635,0.5487510072522159,560,681,1241,0.0,0.0008333472224535399,0.5487510072522163,0.0
2985,2.487541459024317,0.5487510072522159,560,681,1241,0.0,0.0008333472224535399,0.5487510072522163,0.0
2986,2.488374806246771,0.5487510072522159,560,681,1241,0.0,0.000833347222453984,0.5487510072522163,0.0
2987,2.4892081534692245,0.5487510072522159,560,681,1241,0.0,0.0008333472224535399,0.5487510072522163,0.0
2988,2.4900415006916785,0.5487510072522159,560,681,1241,0.0,0.000833347222453984,0.5487510072522163,0.0
2989,2.490874847914132,0.5487510072522159,560,681,1241,0.0,0.0008333472224535399,0.5487510072522163,0.0
2990,2.4917081951365856,0.5487510072522159,560,681,1241,0.0,0.0008333472224535399,0.5487510072522163,0.0
2991,2.4925415423590396,0.5495568090249798,560,681,1241,0.0008058017727639033,0.000833347222453984,0.5488315874294927,8.058017727639034e-05
2992,2.493374889581493,0.5495568090249798,560,681,1241,0.0,0.0008333472224535399,0.548912167606769,8.058017727639034e-05
2993,2.4942082368039467,0.5495568090249798,560,681,1241,0.0,0.0008333472224535399,0.5489927477840453,8.058017727639034e-05
2994,2.4950415840264006,0.5487510072522159,560,681,1241,-0.0008058017727639033,0.000833347222453984,0.5489927477840453,0.0
2995,2.495874931248854,0.5487510072522159,560,681,1241,0.0,0.0008333472224535399,0.5489927477840453,0.0
2996,2.496708278471308,0.5487510072522159,560,681,1241,0.0,0.000833347222453984,0.5489927477840453,0.0
2997,2.4975416256937617,0.5487510072522159,560,681,1241,0.0,0.0008333472224535399,0.5489927477840453,0.0
2998,2.4983749729162152,0.5487510072522159,560,681,1241,0.0,0.0008333472224535399,0.5489927477840453,0.0
2999,2.4992083201386692,0.5487510072522159,560,681,1241,0.0,0.000833347222453984,0.5489927477840453,0.0
3000,2.5000416673611228,0.5487510072522159,560,681,1241,0.0,0.0008333472224535399,0.5489927477840453,0.0
3001,2.5008750145835763,0.5487510072522159,560,681,1241,0.0,0.0008333472224535399,0.548912167606769,-8.058017727639034e-05
3002,2.5017083618060303,0.5487510072522159,560,681,1241,0.0,0.000833347222453984,0.5488315874294927,-8.058017727639034e-05
3003,2.502541709028484,0.5487510072522159,560,681,1241,0.0,0.0008333472224535399,0.5487510072522163,-8.058017727639034e-05
3004,2.503375056250938,0.5487510072522159,560,681,1241,0.0,0.000833347222453984,0.5487510072522163,0.0
3005,2.5042084034733914,0.5487510072522159,560,681,1241,0.0,0.0008333472224535399,0.5487510072522163,0.0
3006,2.505041750695845,0.5487510072522159,560,681,1241,0.0,0.0008333472224535399,0.5487510072522163,0.0
3007,2.505875097918299,0.5487510072522159,560,681,1241,0.0,0.000833347222453984,0.5487510072522163,0.0
3008,2.5067084451407524,0.5487510072522159,560,681,1241,0.0,0.0008333472224535399,0.5487510072522163,0.0
3009,2.507541792363206,0.5487510072522159,560,681,1241,0.0,0.0008333472224535399,0.5487510072522163,0.0
3010,2.50837513958566,0.5487510072522159,560,681,1241,0.0,0.000833347222453984,0.5487510072522163,0.0
3011,2.5092084868081135,0.5487510072522159,560,681,1241,0.0,0.0008333472224535399,0.5487510072522163,0.0
3012,2.5100418340305675,0.5487510072522159,560,681,1241,0.0,0.000833347222453984,0.5487510072522163,0.0
3013,2.510875181253021,0.5487510072522159,560,681,1241,0.0,0.0008333472224535399,0.5487510072522163,0.0
3014,2.5117085284754745,0.5487510072522159,560,681,1241,0.0,0.0008333472224535399,0.5487510072522163,0.0
3015,2.5125418756979285,0.5487510072522159,560,681,1241,0.0,0.000833347222453984,0.5487510072522163,0.0
3016,2.513375222920382,0.5487510072522159,560,681,1241,0.0,0.0008333472224535399,0.5487510072522163,0.0
3017,2.5142085701428356,0.5487510072522159,560,681,1241,0.0,0.0008333472224535399,0.5487510072522163,0.0
3018,2.5150419173652896,0.5487510072522159,560,681,1241,0.0,0.000833347222453984,0.5487510072522163,0.0
3019,2.515875264587743,0.5487510072522159,560,681,1241,0.0,0.0008333472224535399,0.5487510072522163,0.0
3020,2.516708611810197,0.5487510072522159,560,681,1241,0.0,0.000833347222453984,0.5487510072522163,0.0
3021,2.5175419590326507,0.5487510072522159,560,681,1241,0.0,0.0008333472224535399,0.5487510072522163,0.0
3022,2.518375306255104,0.5487510072522159,560,681,1241,0.0,0.0008333472224535399,0.5487510072522163,0.0
3023,2.519208653477558,0.5487510072522159,560,681,1241,0.0,0.000833347222453984,0.5487510072522163,0.0
3024,2.5200420007000117,0.5487510072522159,560,681,1241,0.0,0.0008333472224535399,0.5487510072522163,0.0
3025,2.5208753479224653,0.5487510072522159,560,681,1241,0.0,0.0008333472224535399,0.5487510072522163,0.0
3026,2.5217086951449192,0.5487510072522159,560,681,1241,0.0,0.000833347222453984,0.5487510072522163,0.0
3027,2.522542042367373,0.5487510072522159,560,681,1241,0.0,0.0008333472224535399,0.5487510072522163,0.0
3028,2.5233753895898268,0.5487510072522159,560,681,1241,0.0,0.000833347222453984,0.5487510072522163,0.0
3029,2.5242087368122803,0.5487510072522159,560,681,1241,0.0,0.0008333472224535399,0.5487510072522163,0.0
3030,2.525042084034734,0.5487510072522159,560,681,1241,0.0,0.0008333472224535399,0.5487510072522163,0.0
3031,2.525875431257188,0.5487510072522159,560,681,1241,0.0,0.000833347222453984,0.5487510072522163,0.0
3032,2.5267087784796414,0.5487510072522159,560,681,1241,0.0,0.0008333472224535399,0.5487510072522163,0.0
3033,2.5275421257020954,0.5487510072522159,560,681,1241,0.0,0.000833347222453984,0.5487510072522163,0.0
3034,2.528375472924549,0.5487510072522159,560,681,1241,0.0,0.0008333472224535399,0.5487510072522163,0.0
3035,2.5292088201470024,0.5487510072522159,560,681,1241,0.0,0.0008333472224535399,0.5487510072522163,0.0
3036,2.5300421673694564,0.5487510072522159,560,681,1241,0.0,0.000833347222453984,0.5487510072522163,0.0
3037,2.53087551459191,0.5487510072522159,560,681,1241,0.0,0.0008333472224535399,0.5487510072522163,0.0
3038,2.5317088618143635,0.5487510072522159,560,681,1241,0.0,0.0008333472224535399,0.5487510072522163,0.0
3039,2.5325422090368175,0.5487510072522159,560,681,1241,0.0,0.000833347222453984,0.5487510072522163,0.0
3040,2.533375556259271,0.5487510072522159,560,681,1241,0.0,0.0008333472224535399,0.5487510072522163,0.0
3041,2.534208903481725,0.5487510072522159,560,681,1241,0.0,0.000833347222453984,0.5487510072522163,0.0
3042,2.5350422507041785,0.5487510072522159,560,681,1241,0.0,0.0008333472224535399,0.5487510072522163,0.0
3043,2.535875597926632,0.5487510072522159,560,681,1241,0.0,0.0008333472224535399,0.5487510072522163,0.0
3044,2.536708945149086,0.5487510072522159,560,681,1241,0.0,0.000833347222453984,0.5487510072522163,0.0
3045,2.5375422923715396,0.5487510072522159,560,681,1241,0.0,0.0008333472224535399,0.5487510072522163,0.0
3046,2.538375639593993,0.5487510072522159,560,681,1241,0.0,0.0008333472224535399,0.5487510072522163,0.0
3047,2.539208986816447,0.5487510072522159,560,681,1241,0.0,0.000833347222453984,0.5487510072522163,0.0
3048,2.5400423340389007,0.5487510072522159,560,681,1241,0.0,0.0008333472224535399,0.5487510072522163,0.0
3049,2.5408756812613547,0.5487510072522159,560,681,1241,0.0,0.000833347222453984,0.5487510072522163,0.0
3050,2.541709028483808,0.5487510072522159,560,681,1241,0.0,0.0008333472224535399,0.5487510072522163,0.0
3051,2.5425423757062617,0.5487510072522159,560,681,1241,0.0,0.0008333472224535399,0.5487510072522163,0.0
3052,2.5433757229287157,0.5487510072522159,560,681,1241,0.0,0.000833347222453984,0.5487510072522163,0.0
3053,2.5442090701511693,0.5487510072522159,560,681,1241,0.0,0.0008333472224535399,0.5487510072522163,0.0
3054,2.545042417373623,0.5487510072522159,560,681,1241,0.0,0.0008333472224535399,0.5487510072522163,0.0
3055,2.545875764596077,0.5487510072522159,560,681,1241,0.0,0.000833347222453984,0.5487510072522163,0.0
3056,2.5467091118185303,0.5487510072522159,560,681,1241,0.0,0.0008333472224535399,0.5487510072522163,0.0
3057,2.5475424590409843,0.5487510072522159,560,681,1241,0.0,0.000833347222453984,0.5487510072522163,0.0
3058,2.548375806263438,0.5487510072522159,560,681,1241,0.0,0.0008333472224535399,0.5487510072522163,0.0
3059,2.5492091534858914,0.5487510072522159,560,681,1241,0.0,0.0008333472224535399,0.5487510072522163,0.0
3060,2.5500425007083454,0.5487510072522159,560,681,1241,0.0,0.000833347222453984,0.5487510072522163,0.0
3061,2.550875847930799,0.5487510072522159,560,681,1241,0.0,0.0008333472224535399,0.5487510072522163,0.0
3062,2.5517091951532525,0.5487510072522159,560,681,1241,0.0,0.0008333472224535399,0.5487510072522163,0.0
3063,2.5525425423757064,0.5487510072522159,560,681,1241,0.0,0.000833347222453984,0.5487510072522163,0.0
3064,2.55337588959816,0.5487510072522159,560,681,1241,0.0,0.0008333472224535399,0.5487510072522163,0.0
3065,2.554209236820614,0.5487510072522159,560,681,1241,0.0,0.000833347222453984,0.5487510072522163,0.0
3066,2.5550425840430675,0.5487510072522159,560,681,1241,0.0,0.0008333472224535399,0.5487510072522163,0.0
3067,2.555875931265521,0.5487510072522159,560,681,1241,0.0,0.0008333472224535399,0.5487510072522163,0.0
3068,2.556709278487975,0.5487510072522159,560,681,1241,0.0,0.000833347222453984,0.5487510072522163,0.0
3069,2.5575426257104286,0.5487510072522159,560,681,1241,0.0,0.0008333472224535399,0.5487510072522163,0.0
3070,2.558375972932882,0.5487510072522159,560,681,1241,0.0,0.0008333472224535399,0.5487510072522163,0.0
3071,2.559209320155336,0.5487510072522159,560,681,1241,0.0,0.000833347222453984,0.5487510072522163,0.0
3072,2.5600426673777896,0.5487510072522159,560,681,1241,0.0,0.0008333472224535399,0.5487510072522163,0.0
3073,2.5608760146002436,0.5487510072522159,560,681,1241,0.0,0.000833347222453984,0.5487510072522163,0.0
3074,2.561709361822697,0.5487510072522159,560,681,1241,0.0,0.0008333472224535399,0.5487510072522163,0.0
3075,2.5625427090451507,0.5487510072522159,560,681,1241,0.0,0.0008333472224535399,0.5487510072522163,0.0
3076,2.5633760562676047,0.5487510072522159,560,681,1241,0.0,0.000833347222453984,0.5487510072522163,0.0
3077,2.564209403490058,0.5487510072522159,560,681,1241,0.0,0.0008333472224535399,0.5487510072522163,0.0
3078,2.565042750712512,0.5487510072522159,560,681,1241,0.0,0.000833347222453984,0.5487510072522163,0.0
3079,2.5658760979349657,0.5487510072522159,560,681,1241,0.0,0.0008333472224535399,0.5487510072522163,0.0
3080,2.5667094451574193,0.5487510072522159,560,681,1241,0.0,0.0008333472224535399,0.5487510072522163,0.0
3081,2.5675427923798733,0.5487510072522159,560,681,1241,0.0,0.000833347222453984,0.5487510072522163,0.0
3082,2.568376139602327,0.5487510072522159,560,681,1241,0.0,0.0008333472224535399,0.5487510072522163,0.0
3083,2.5692094868247803,0.5487510072522159,560,681,1241,0.0,0.0008333472224535399,0.5487510072522163,0.0
3084,2.5700428340472343,0.5487510072522159,560,681,1241,0.0,0.000833347222453984,0.5487510072522163,0.0
3085,2.570876181269688,0.5487510072522159,560,681,1241,0.0,0.0008333472224535399,0.5487510072522163,0.0
3086,2.571709528492142,0.5487510072522159,560,681,1241,0.0,0.000833347222453984,0.5487510072522163,0.0
3087,2.5725428757145954,0.5495568090249798,560,681,1241,0.0008058017727639033,0.0008333472224535399,0.5488315874294927,8.058017727639034e-05
3088,2.573376222937049,0.5495568090249798,560,681,1241,0.0,0.0008333472224535399,0.548912167606769,8.058017727639034e-05
3089,2.574209570159503,0.5495568090249798,560,681,1241,0.0,0.000833347222453984,0.5489927477840453,8.058017727639034e-05
3090,2.5750429173819565,0.5495568090249798,560,681,1241,0.0,0.0008333472224535399,0.5490733279613217,8.058017727639034e-05
3091,2.57587626460441,0.5495568090249798,560,681,1241,0.0,0.0008333472224535399,0.549153908138598,8.058017727639034e-05
3092,2.576709611826864,0.5495568090249798,560,681,1241,0.0,0.000833347222453984,0.5492344883158744,8.058017727639034e-05
3093,2.5775429590493175,0.5495568090249798,560,681,1241,0.0,0.0008333472224535399,0.5493150684931507,8.058017727639034e-05
3094,2.5783763062717715,0.5495568090249798,560,681,1241,0.0,0.000833347222453984,0.549395648670427,8.058017727639034e-05
3095,2.579209653494225,0.5495568090249798,560,681,1241,0.0,0.0008333472224535399,0.5494762288477034,8.058017727639034e-05
3096,2.5800430007166786,0.5495568090249798,560,681,1241,0.0,0.0008333472224535399,0.5495568090249797,8.058017727639034e-05
3097,2.5808763479391326,0.5495568090249798,560,681,1241,0.0,0.000833347222453984,0.5495568090249797,0.0
3098,2.581709695161586,0.5495568090249798,560,681,1241,0.0,0.0008333472224535399,0.5495568090249797,0.0
3099,2.5825430423840396,0.5495568090249798,560,681,1241,0.0,0.0008333472224535399,0.5495568090249797,0.0
3100,2.5833763896064936,0.5495568090249798,560,681,1241,0.0,0.000833347222453984,0.5495568090249797,0.0
3101,2.584209736828947,0.5495568090249798,560,681,1241,0.0,0.0008333472224535399,0.5495568090249797,0.0
3102,2.585043084051401,0.5495568090249798,560,681,1241,0.0,0.000833347222453984,0.5495568090249797,0.0
3103,2.5858764312738547,0.5495568090249798,560,681,1241,0.0,0.0008333472224535399,0.5495568090249797,0.0
3104,2.5867097784963082,0.5495568090249798,560,681,1241,0.0,0.0008333472224535399,0.5495568090249797,0.0
3105,2.587543125718762,0.5495568090249798,560,681,1241,0.0,0.000833347222453984,0.5495568090249797,0.0
3106,2.5883764729412158,0.5495568090249798,560,681,1241,0.0,0.0008333472224535399,0.5495568090249797,0.0
3107,2.5892098201636693,0.5495568090249798,560,681,1241,0.0,0.0008333472224535399,0.5495568090249797,0.0
3108,2.5900431673861233,0.5495568090249798,560,681,1241,0.0,0.000833347222453984,0.5495568090249797,0.0
3109,2.590876514608577,0.5495568090249798,560,681,1241,0.0,0.0008333472224535399,0.5495568090249797,0.0
3110,2.591709861831031,0.5495568090249798,560,681,1241,0.0,0.000833347222453984,0.5495568090249797,0.0
3111,2.5925432090534843,0.5495568090249798,560,681,1241,0.0,0.0008333472224535399,0.5495568090249797,0.0
3112,2.593376556275938,0.5503626107977437,560,681,1241,0.0008058017727639033,0.0008333472224535399,0.5496373892022561,8.058017727639034e-05
3113,2.594209903498392,0.5503626107977437,560,681,1241,0.0,0.000833347222453984,0.5497179693795324,8.058017727639034e-05
3114,2.5950432507208454,0.5503626107977437,560,681,1241,0.0,0.0008333472224535399,0.5497985495568087,8.058017727639034e-05
3115,2.595876597943299,0.5503626107977437,560,681,1241,0.0,0.0008333472224535399,0.5498791297340851,8.058017727639034e-05
3116,2.596709945165753,0.5503626107977437,560,681,1241,0.0,0.000833347222453984,0.5499597099113614,8.058017727639034e-05
3117,2.5975432923882065,0.5503626107977437,560,681,1241,0.0,0.0008333472224535399,0.5500402900886379,8.058017727639034e-05
3118,2.5983766396106605,0.5503626107977437,560,681,1241,0.0,0.000833347222453984,0.5501208702659142,8.058017727639034e-05
3119,2.599209986833114,0.5503626107977437,560,681,1241,0.0,0.0008333472224535399,0.5502014504431905,8.058017727639034e-05
3120,2.6000433340555675,0.5503626107977437,560,681,1241,0.0,0.0008333472224535399,0.5502820306204669,8.058017727639034e-05
3121,2.6008766812780215,0.5503626107977437,560,681,1241,0.0,0.000833347222453984,0.5503626107977432,8.058017727639034e-05
3122,2.601710028500475,0.5503626107977437,560,681,1241,0.0,0.0008333472224535399,0.5503626107977432,0.0
3123,2.602543375722929,0.5495568090249798,560,681,1241,-0.0008058017727639033,0.000833347222453984,0.5502820306204668,-8.058017727639034e-05
3124,2.6033767229453826,0.5487510072522159,560,681,1241,-0.0008058017727639033,0.0008333472224535399,0.5501208702659139,-0.00016116035455278067
3125,2.604210070167836,0.5487510072522159,560,681,1241,0.0,0.0008333472224535399,0.5499597099113612,-0.00016116035455278067
3126,2.60504341739029,0.5487510072522159,560,681,1241,0.0,0.000833347222453984,0.5497985495568084,-0.00016116035455278067
3127,2.6058767646127436,0.5487510072522159,560,681,1241,0.0,0.0008333472224535399,0.5496373892022557,-0.00016116035455278067
3128,2.606710111835197,0.5487510072522159,560,681,1241,0.0,0.0008333472224535399,0.5494762288477029,-0.00016116035455278067
3129,2.607543459057651,0.5487510072522159,560,681,1241,0.0,0.000833347222453984,0.54931506849315,-0.00016116035455278067
3130,2.6083768062801047,0.5487510072522159,560,681,1241,0.0,0.0008333472224535399,0.5491539081385973,-0.00016116035455278067
3131,2.6092101535025587,0.5487510072522159,560,681,1241,0.0,0.000833347222453984,0.5489927477840445,-0.00016116035455278067
3132,2.6100435007250122,0.5487510072522159,560,681,1241,0.0,0.0008333472224535399,0.5488315874294918,-0.00016116035455278067
3133,2.6108768479474658,0.5487510072522159,560,681,1241,0.0,0.0008333472224535399,0.5487510072522154,-8.058017727639034e-05
3134,2.6117101951699198,0.5487510072522159,560,681,1241,0.0,0.000833347222453984,0.5487510072522154,0.0
3135,2.6125435423923733,0.5487510072522159,560,681,1241,0.0,0.0008333472224535399,0.5487510072522154,0.0
3136,2.613376889614827,0.5487510072522159,560,681,1241,0.0,0.0008333472224535399,0.5487510072522154,0.0
3137,2.614210236837281,0.5487510072522159,560,681,1241,0.0,0.000833347222453984,0.5487510072522154,0.0
3138,2.6150435840597344,0.5487510072522159,560,681,1241,0.0,0.0008333472224535399,0.5487510072522154,0.0
3139,2.6158769312821883,0.5487510072522159,560,681,1241,0.0,0.000833347222453984,0.5487510072522154,0.0
3140,2.616710278504642,0.5487510072522159,560,681,1241,0.0,0.0008333472224535399,0.5487510072522154,0.0
3141,2.6175436257270954,0.5487510072522159,560,681,1241,0.0,0.0008333472224535399,0.5487510072522154,0.0
3142,2.6183769729495494,0.5487510072522159,560,681,1241,0.0,0.000833347222453984,0.5487510072522154,0.0
3143,2.619210320172003,0.5487510072522159,560,681,1241,0.0,0.0008333472224535399,0.5487510072522154,0.0
3144,2.6200436673944565,0.5487510072522159,560,681,1241,0.0,0.0008333472224535399,0.5487510072522154,0.0
3145,2.6208770146169105,0.5487510072522159,560,681,1241,0.0,0.000833347222453984,0.5487510072522154,0.0
3146,2.621710361839364,0.5487510072522159,560,681,1241,0.0,0.0008333472224535399,0.5487510072522154,0.0
3147,2.622543709061818,0.5487510072522159,560,681,1241,0.0,0.000833347222453984,0.5487510072522154,0.0
3148,2.6233770562842715,0.5487510072522159,560,681,1241,0.0,0.0008333472224535399,0.5487510072522154,0.0
3149,2.624210403506725,0.5495568090249798,560,681,1241,0.0008058017727639033,0.0008333472224535399,0.5488315874294918,8.058017727639034e-05
3150,2.625043750729179,0.5495568090249798,560,681,1241,0.0,0.000833347222453984,0.5489121676067681,8.058017727639034e-05
3151,2.6258770979516326,0.5495568090249798,560,681,1241,0.0,0.0008333472224535399,0.5489927477840444,8.058017727639034e-05
3152,2.626710445174086,0.5495568090249798,560,681,1241,0.0,0.0008333472224535399,0.5490733279613208,8.058017727639034e-05
3153,2.62754379239654,0.5495568090249798,560,681,1241,0.0,0.000833347222453984,0.5491539081385971,8.058017727639034e-05
3154,2.6283771396189937,0.5495568090249798,560,681,1241,0.0,0.0008333472224535399,0.5492344883158735,8.058017727639034e-05
3155,2.6292104868414476,0.5495568090249798,560,681,1241,0.0,0.000833347222453984,0.5493150684931498,8.058017727639034e-05
3156,2.630043834063901,0.5495568090249798,560,681,1241,0.0,0.0008333472224535399,0.5493956486704261,8.058017727639034e-05
3157,2.6308771812863547,0.5495568090249798,560,681,1241,0.0,0.0008333472224535399,0.5494762288477025,8.058017727639034e-05
3158,2.6317105285088087,0.5495568090249798,560,681,1241,0.0,0.000833347222453984,0.5495568090249788,8.058017727639034e-05
3159,2.6325438757312623,0.5495568090249798,560,681,1241,0.0,0.0008333472224535399,0.5495568090249788,0.0
3160,2.633377222953716,0.5495568090249798,560,681,1241,0.0,0.0008333472224535399,0.5495568090249788,0.0
3161,2.6342105701761698,0.5495568090249798,560,681,1241,0.0,0.000833347222453984,0.5495568090249788,0.0
3162,2.6350439173986233,0.5495568090249798,560,681,1241,0.0,0.0008333472224535399,0.5495568090249788,0.0
3163,2.6358772646210773,0.5495568090249798,560,681,1241,0.0,0.000833347222453984,0.5495568090249788,0.0
3164,2.636710611843531,0.5495568090249798,560,681,1241,0.0,0.0008333472224535399,0.5495568090249788,0.0
3165,2.6375439590659844,0.5495568090249798,560,681,1241,0.0,0.0008333472224535399,0.5495568090249788,0.0
3166,2.6383773062884384,0.5495568090249798,560,681,1241,0.0,0.000833347222453984,0.5495568090249788,0.0
3167,2.639210653510892,0.5495568090249798,560,681,1241,0.0,0.0008333472224535399,0.5495568090249788,0.0
3168,2.640044000733346,0.5495568090249798,560,681,1241,0.0,0.000833347222453984,0.5495568090249788,0.0
3169,2.6408773479557994,0.5495568090249798,560,681,1241,0.0,0.0008333472224535399,0.5495568090249788,0.0
3170,2.641710695178253,0.5495568090249798,560,681,1241,0.0,0.0008333472224535399,0.5495568090249788,0.0
3171,2.642544042400707,0.5495568090249798,560,681,1241,0.0,0.000833347222453984,0.5495568090249788,0.0
3172,2.6433773896231605,0.5495568090249798,560,681,1241,0.0,0.0008333472224535399,0.5495568090249788,0.0
3173,2.644210736845614,0.5495568090249798,560,681,1241,0.0,0.0008333472224535399,0.5495568090249788,0.0
3174,2.645044084068068,0.5495568090249798,560,681,1241,0.0,0.000833347222453984,0.5495568090249788,0.0
3175,2.6458774312905216,0.5495568090249798,560,681,1241,0.0,0.0008333472224535399,0.5495568090249788,0.0
3176,2.6467107785129755,0.5495568090249798,560,681,1241,0.0,0.000833347222453984,0.5495568090249788,0.0
3177,2.647544125735429,0.5495568090249798,560,681,1241,0.0,0.0008333472224535399,0.5495568090249788,0.0
3178,2.6483774729578826,0.5495568090249798,560,681,1241,0.0,0.0008333472224535399,0.5495568090249788,0.0
3179,2.6492108201803366,0.5495568090249798,560,681,1241,0.0,0.000833347222453984,0.5495568090249788,0.0
3180,2.65004416740279,0.5495568090249798,560,681,1241,0.0,0.0008333472224535399,0.5495568090249788,0.0
3181,2.6508775146252437,0.5495568090249798,560,681,1241,0.0,0.0008333472224535399,0.5495568090249788,0.0
3182,2.6517108618476977,0.5495568090249798,560,681,1241,0.0,0.000833347222453984,0.5495568090249788,0.0
3183,2.652544209070151,0.5495568090249798,560,681,1241,0.0,0.0008333472224535399,0.5495568090249788,0.0
3184,2.653377556292605,0.5495568090249798,560,681,1241,0.0,0.000833347222453984,0.5495568090249788,0.0
3185,2.6542109035150587,0.5495568090249798,560,681,1241,0.0,0.0008333472224535399,0.5495568090249788,0.0
3186,2.6550442507375123,0.5495568090249798,560,681,1241,0.0,0.0008333472224535399,0.5495568090249788,0.0
3187,2.6558775979599663,0.5495568090249798,560,681,1241,0.0,0.000833347222453984,0.5495568090249788,0.0
3188,2.65671094518242,0.5495568090249798,560,681,1241,0.0,0.0008333472224535399,0.5495568090249788,0.0
3189,2.6575442924048733,0.5495568090249798,560,681,1241,0.0,0.0008333472224535399,0.5495568090249788,0.0
3190,2.6583776396273273,0.5495568090249798,560,681,1241,0.0,0.000833347222453984,0.5495568090249788,0.0
3191,2.659210986849781,0.5495568090249798,560,681,1241,0.0,0.0008333472224535399,0.5495568090249788,0.0
3192,2.660044334072235,0.5495568090249798,560,681,1241,0.0,0.000833347222453984,0.5495568090249788,0.0
3193,2.6608776812946884,0.5495568090249798,560,681,1241,0.0,0.0008333472224535399,0.5495568090249788,0.0
3194,2.661711028517142,0.5495568090249798,560,681,1241,0.0,0.0008333472224535399,0.5495568090249788,0.0
3195,2.662544375739596,0.5495568090249798,560,681,1241,0.0,0.000833347222453984,0.5495568090249788,0.0
3196,2.6633777229620494,0.5495568090249798,560,681,1241,0.0,0.0008333472224535399,0.5495568090249788,0.0
3197,2.664211070184503,0.5495568090249798,560,681,1241,0.0,0.0008333472224535399,0.5495568090249788,0.0
3198,2.665044417406957,0.5495568090249798,560,681,1241,0.0,0.000833347222453984,0.5495568090249788,0.0
3199,2.6658777646294105,0.5495568090249798,560,681,1241,0.0,0.0008333472224535399,0.5495568090249788,0.0
3200,2.6667111118518645,0.5495568090249798,560,681,1241,0.0,0.000833347222453984,0.5495568090249788,0.0
3201,2.667544459074318,0.5495568090249798,560,681,1241,0.0,0.0008333472224535399,0.5495568090249788,0.0
3202,2.6683778062967716,0.5495568090249798,560,681,1241,0.0,0.0008333472224535399,0.5495568090249788,0.0
3203,2.6692111535192256,0.5487510072522159,560,681,1241,-0.0008058017727639033,0.000833347222453984,0.5494762288477025,-8.058017727639034e-05
3204,2.670044500741679,0.5487510072522159,560,681,1241,0.0,0.0008333472224535399,0.5493956486704261,-8.058017727639034e-05
3205,2.6708778479641326,0.5487510072522159,560,681,1241,0.0,0.0008333472224535399,0.5493150684931498,-8.058017727639034e-05
3206,2.6717111951865866,0.5487510072522159,560,681,1241,0.0,0.000833347222453984,0.5492344883158735,-8.058017727639034e-05
3207,2.67254454240904,0.5487510072522159,560,681,1241,0.0,0.0008333472224535399,0.5491539081385971,-8.058017727639034e-05
3208,2.673377889631494,0.5487510072522159,560,681,1241,0.0,0.000833347222453984,0.5490733279613208,-8.058017727639034e-05
3209,2.6742112368539477,0.5487510072522159,560,681,1241,0.0,0.0008333472224535399,0.5489927477840444,-8.058017727639034e-05
3210,2.675044584076401,0.5487510072522159,560,681,1241,0.0,0.0008333472224535399,0.5489121676067681,-8.058017727639034e-05
3211,2.675877931298855,0.5487510072522159,560,681,1241,0.0,0.000833347222453984,0.5488315874294918,-8.058017727639034e-05
3212,2.6767112785213087,0.5487510072522159,560,681,1241,0.0,0.0008333472224535399,0.5487510072522154,-8.058017727639034e-05
3213,2.6775446257437627,0.5487510072522159,560,681,1241,0.0,0.000833347222453984,0.5487510072522154,0.0
3214,2.6783779729662163,0.5487510072522159,560,681,1241,0.0,0.0008333472224535399,0.5487510072522154,0.0
3215,2.67921132018867,0.5487510072522159,560,681,1241,0.0,0.0008333472224535399,0.5487510072522154,0.0
3216,2.680044667411124,0.5487510072522159,560,681,1241,0.0,0.000833347222453984,0.5487510072522154,0.0
3217,2.6808780146335773,0.5487510072522159,560,681,1241,0.0,0.0008333472224535399,0.5487510072522154,0.0
3218,2.681711361856031,0.5487510072522159,560,681,1241,0.0,0.0008333472224535399,0.5487510072522154,0.0
3219,2.682544709078485,0.5487510072522159,560,681,1241,0.0,0.000833347222453984,0.5487510072522154,0.0
3220,2.6833780563009384,0.5487510072522159,560,681,1241,0.0,0.0008333472224535399,0.5487510072522154,0.0
3221,2.6842114035233924,0.5487510072522159,560,681,1241,0.0,0.000833347222453984,0.5487510072522154,0.0
3222,2.685044750745846,0.5487510072522159,560,681,1241,0.0,0.0008333472224535399,0.5487510072522154,0.0
3223,2.6858780979682995,0.5487510072522159,560,681,1241,0.0,0.0008333472224535399,0.5487510072522154,0.0
3224,2.6867114451907534,0.5487510072522159,560,681,1241,0.0,0.000833347222453984,0.5487510072522154,0.0
3225,2.687544792413207,0.5487510072522159,560,681,1241,0.0,0.0008333472224535399,0.5487510072522154,0.0
3226,2.6883781396356605,0.5487510072522159,560,681,1241,0.0,0.0008333472224535399,0.5487510072522154,0.0
3227,2.6892114868581145,0.5487510072522159,560,681,1241,0.0,0.000833347222453984,0.5487510072522154,0.0
3228,2.690044834080568,0.5487510072522159,560,681,1241,0.0,0.0008333472224535399,0.5487510072522154,0.0
3229,2.690878181303022,0.5487510072522159,560,681,1241,0.0,0.000833347222453984,0.5487510072522154,0.0
3230,2.6917115285254756,0.5487510072522159,560,681,1241,0.0,0.0008333472224535399,0.5487510072522154,0.0
3231,2.692544875747929,0.5487510072522159,560,681,1241,0.0,0.0008333472224535399,0.5487510072522154,0.0
3232,2.693378222970383,0.5487510072522159,560,681,1241,0.0,0.000833347222453984,0.5487510072522154,0.0
3233,2.6942115701928366,0.5487510072522159,560,681,1241,0.0,0.0008333472224535399,0.5487510072522154,0.0
3234,2.69504491741529,0.5487510072522159,560,681,1241,0.0,0.0008333472224535399,0.5487510072522154,0.0
3235,2.695878264637744,0.5487510072522159,560,681,1241,0.0,0.000833347222453984,0.5487510072522154,0.0
3236,2.6967116118601977,0.5487510072522159,560,681,1241,0.0,0.0008333472224535399,0.5487510072522154,0.0
3237,2.6975449590826517,0.5487510072522159,560,681,1241,0.0,0.000833347222453984,0.5487510072522154,0.0
3238,2.6983783063051052,0.5487510072522159,560,681,1241,0.0,0.0008333472224535399,0.5487510072522154,0.0
3239,2.6992116535275588,0.5487510072522159,560,681,1241,0.0,0.0008333472224535399,0.5487510072522154,0.0
3240,2.7000450007500127,0.5487510072522159,560,681,1241,0.0,0.000833347222453984,0.5487510072522154,0.0
3241,2.7008783479724663,0.5487510072522159,560,681,1241,0.0,0.0008333472224535399,0.5487510072522154,0.0
3242,2.70171169519492,0.5487510072522159,560,681,1241,0.0,0.0008333472224535399,0.5487510072522154,0.0
3243,2.702545042417374,0.5487510072522159,560,681,1241,0.0,0.000833347222453984,0.5487510072522154,0.0
3244,2.7033783896398274,0.5487510072522159,560,681,1241,0.0,0.0008333472224535399,0.5487510072522154,0.0
3245,2.7042117368622813,0.5487510072522159,560,681,1241,0.0,0.000833347222453984,0.5487510072522154,0.0
3246,2.705045084084735,0.5487510072522159,560,681,1241,0.0,0.0008333472224535399,0.5487510072522154,0.0
3247,2.7058784313071884,0.5487510072522159,560,681,1241,0.0,0.0008333472224535399,0.5487510072522154,0.0
3248,2.7067117785296424,0.5487510072522159,560,681,1241,0.0,0.000833347222453984,0.5487510072522154,0.0
3249,2.707545125752096,0.5487510072522159,560,681,1241,0.0,0.0008333472224535399,0.5487510072522154,0.0
3250,2.7083784729745495,0.5487510072522159,560,681,1241,0.0,0.0008333472224535399,0.5487510072522154,0.0
3251,2.7092118201970035,0.5487510072522159,560,681,1241,0.0,0.000833347222453984,0.5487510072522154,0.0
3252,2.710045167419457,0.5487510072522159,560,681,1241,0.0,0.0008333472224535399,0.5487510072522154,0.0
3253,2.710878514641911,0.5487510072522159,560,681,1241,0.0,0.000833347222453984,0.5487510072522154,0.0
3254,2.7117118618643645,0.5487510072522159,560,681,1241,0.0,0.0008333472224535399,0.5487510072522154,0.0
3255,2.712545209086818,0.5487510072522159,560,681,1241,0.0,0.0008333472224535399,0.5487510072522154,0.0
3256,2.713378556309272,0.5487510072522159,560,681,1241,0.0,0.000833347222453984,0.5487510072522154,0.0
3257,2.7142119035317256,0.5487510072522159,560,681,1241,0.0,0.0008333472224535399,0.5487510072522154,0.0
3258,2.715045250754179,0.5487510072522159,560,681,1241,0.0,0.0008333472224535399,0.5487510072522154,0.0
3259,2.715878597976633,0.5487510072522159,560,681,1241,0.0,0.000833347222453984,0.5487510072522154,0.0
3260,2.7167119451990867,0.5487510072522159,560,681,1241,0.0,0.0008333472224535399,0.5487510072522154,0.0
3261,2.7175452924215406,0.5487510072522159,560,681,1241,0.0,0.000833347222453984,0.5487510072522154,0.0
3262,2.718378639643994,0.5487510072522159,560,681,1241,0.0,0.0008333472224535399,0.5487510072522154,0.0
3263,2.7192119868664477,0.5487510072522159,560,681,1241,0.0,0.0008333472224535399,0.5487510072522154,0.0
3264,2.7200453340889017,0.5487510072522159,560,681,1241,0.0,0.000833347222453984,0.5487510072522154,0.0
3265,2.7208786813113552,0.5487510072522159,560,681,1241,0.0,0.0008333472224535399,0.5487510072522154,0.0
3266,2.7217120285338092,0.5487510072522159,560,681,1241,0.0,0.000833347222453984,0.5487510072522154,0.0
3267,2.7225453757562628,0.5487510072522159,560,681,1241,0.0,0.0008333472224535399,0.5487510072522154,0.0
3268,2.7233787229787163,0.5487510072522159,560,681,1241,0.0,0.0008333472224535399,0.5487510072522154,0.0
3269,2.7242120702011703,0.5487510072522159,560,681,1241,0.0,0.000833347222453984,0.5487510072522154,0.0
3270,2.725045417423624,0.5487510072522159,560,681,1241,0.0,0.0008333472224535399,0.5487510072522154,0.0
3271,2.7258787646460774,0.5487510072522159,560,681,1241,0.0,0.0008333472224535399,0.5487510072522154,0.0
3272,2.7267121118685314,0.5487510072522159,560,681,1241,0.0,0.000833347222453984,0.5487510072522154,0.0
3273,2.727545459090985,0.5487510072522159,560,681,1241,0.0,0.0008333472224535399,0.5487510072522154,0.0
3274,2.728378806313439,0.5487510072522159,560,681,1241,0.0,0.000833347222453984,0.5487510072522154,0.0
3275,2.7292121535358924,0.5487510072522159,560,681,1241,0.0,0.0008333472224535399,0.5487510072522154,0.0
3276,2.730045500758346,0.5487510072522159,560,681,1241,0.0,0.0008333472224535399,0.5487510072522154,0.0
3277,2.7308788479808,0.5487510072522159,560,681,1241,0.0,0.000833347222453984,0.5487510072522154,0.0
3278,2.7317121952032535,0.5487510072522159,560,681,1241,0.0,0.0008333472224535399,0.5487510072522154,0.0
3279,2.732545542425707,0.5487510072522159,560,681,1241,0.0,0.0008333472224535399,0.5487510072522154,0.0
3280,2.733378889648161,0.5487510072522159,560,681,1241,0.0,0.000833347222453984,0.5487510072522154,0.0
3281,2.7342122368706145,0.5487510072522159,560,681,1241,0.0,0.0008333472224535399,0.5487510072522154,0.0
3282,2.7350455840930685,0.5487510072522159,560,681,1241,0.0,0.000833347222453984,0.5487510072522154,0.0
3283,2.735878931315522,0.5487510072522159,560,681,1241,0.0,0.0008333472224535399,0.5487510072522154,0.0
3284,2.7367122785379756,0.5487510072522159,560,681,1241,0.0,0.0008333472224535399,0.5487510072522154,0.0
3285,2.7375456257604296,0.5487510072522159,560,681,1241,0.0,0.000833347222453984,0.5487510072522154,0.0
3286,2.738378972982883,0.5487510072522159,560,681,1241,0.0,0.0008333472224535399,0.5487510072522154,0.0
3287,2.7392123202053367,0.5495568090249798,560,681,1241,0.0008058017727639033,0.0008333472224535399,0.5488315874294918,8.058017727639034e-05
3288,2.7400456674277907,0.5495568090249798,560,681,1241,0.0,0.000833347222453984,0.5489121676067681,8.058017727639034e-05
3289,2.740879014650244,0.5495568090249798,560,681,1241,0.0,0.0008333472224535399,0.5489927477840444,8.058017727639034e-05
3290,2.741712361872698,0.5495568090249798,560,681,1241,0.0,0.000833347222453984,0.5490733279613208,8.058017727639034e-05
3291,2.7425457090951517,0.5495568090249798,560,681,1241,0.0,0.0008333472224535399,0.5491539081385971,8.058017727639034e-05
3292,2.7433790563176053,0.5495568090249798,560,681,1241,0.0,0.0008333472224535399,0.5492344883158735,8.058017727639034e-05
3293,2.7442124035400592,0.5495568090249798,560,681,1241,0.0,0.000833347222453984,0.5493150684931498,8.058017727639034e-05
3294,2.745045750762513,0.5495568090249798,560,681,1241,0.0,0.0008333472224535399,0.5493956486704261,8.058017727639034e-05
3295,2.7458790979849663,0.5495568090249798,560,681,1241,0.0,0.0008333472224535399,0.5494762288477025,8.058017727639034e-05
3296,2.7467124452074203,0.5495568090249798,560,681,1241,0.0,0.000833347222453984,0.5495568090249788,8.058017727639034e-05
3297,2.747545792429874,0.5495568090249798,560,681,1241,0.0,0.0008333472224535399,0.5495568090249788,0.0
3298,2.748379139652328,0.5495568090249798,560,681,1241,0.0,0.000833347222453984,0.5495568090249788,0.0
3299,2.7492124868747814,0.5495568090249798,560,681,1241,0.0,0.0008333472224535399,0.5495568090249788,0.0
3300,2.750045834097235,0.5495568090249798,560,681,1241,0.0,0.0008333472224535399,0.5495568090249788,0.0
3301,2.750879181319689,0.5495568090249798,560,681,1241,0.0,0.000833347222453984,0.5495568090249788,0.0
3302,2.7517125285421424,0.5495568090249798,560,681,1241,0.0,0.0008333472224535399,0.5495568090249788,0.0
3303,2.752545875764596,0.5495568090249798,560,681,1241,0.0,0.0008333472224535399,0.5495568090249788,0.0
3304,2.75337922298705,0.5495568090249798,560,681,1241,0.0,0.000833347222453984,0.5495568090249788,0.0
3305,2.7542125702095035,0.5495568090249798,560,681,1241,0.0,0.0008333472224535399,0.5495568090249788,0.0
3306,2.7550459174319575,0.5495568090249798,560,681,1241,0.0,0.000833347222453984,0.5495568090249788,0.0
3307,2.755879264654411,0.5495568090249798,560,681,1241,0.0,0.0008333472224535399,0.5495568090249788,0.0
3308,2.7567126118768646,0.5495568090249798,560,681,1241,0.0,0.0008333472224535399,0.5495568090249788,0.0
3309,2.7575459590993185,0.5495568090249798,560,681,1241,0.0,0.000833347222453984,0.5495568090249788,0.0
3310,2.758379306321772,0.5495568090249798,560,681,1241,0.0,0.0008333472224535399,0.5495568090249788,0.0
3311,2.759212653544226,0.5495568090249798,560,681,1241,0.0,0.000833347222453984,0.5495568090249788,0.0
3312,2.7600460007666796,0.5495568090249798,560,681,1241,0.0,0.0008333472224535399,0.5495568090249788,0.0
3313,2.760879347989133,0.5495568090249798,560,681,1241,0.0,0.0008333472224535399,0.5495568090249788,0.0
3314,2.761712695211587,0.5495568090249798,560,681,1241,0.0,0.000833347222453984,0.5495568090249788,0.0
3315,2.7625460424340407,0.5495568090249798,560,681,1241,0.0,0.0008333472224535399,0.5495568090249788,0.0
3316,2.763379389656494,0.5495568090249798,560,681,1241,0.0,0.0008333472224535399,0.5495568090249788,0.0
3317,2.764212736878948,0.5495568090249798,560,681,1241,0.0,0.000833347222453984,0.5495568090249788,0.0
3318,2.7650460841014017,0.5495568090249798,560,681,1241,0.0,0.0008333472224535399,0.5495568090249788,0.0
3319,2.7658794313238557,0.5495568090249798,560,681,1241,0.0,0.000833347222453984,0.5495568090249788,0.0
3320,2.7667127785463093,0.5495568090249798,560,681,1241,0.0,0.0008333472224535399,0.5495568090249788,0.0
3321,2.767546125768763,0.5495568090249798,560,681,1241,0.0,0.0008333472224535399,0.5495568090249788,0.0
3322,2.768379472991217,0.5495568090249798,560,681,1241,0.0,0.000833347222453984,0.5495568090249788,0.0
3323,2.7692128202136703,0.5487510072522159,560,681,1241,-0.0008058017727639033,0.0008333472224535399,0.5494762288477025,-8.058017727639034e-05
3324,2.770046167436124,0.5487510072522159,560,681,1241,0.0,0.0008333472224535399,0.5493956486704261,-8.058017727639034e-05
3325,2.770879514658578,0.5487510072522159,560,681,1241,0.0,0.000833347222453984,0.5493150684931498,-8.058017727639034e-05
3326,2.7717128618810314,0.5487510072522159,560,681,1241,0.0,0.0008333472224535399,0.5492344883158735,-8.058017727639034e-05
3327,2.7725462091034854,0.5487510072522159,560,681,1241,0.0,0.000833347222453984,0.5491539081385971,-8.058017727639034e-05
3328,2.773379556325939,0.5487510072522159,560,681,1241,0.0,0.0008333472224535399,0.5490733279613208,-8.058017727639034e-05
3329,2.7742129035483925,0.5487510072522159,560,681,1241,0.0,0.0008333472224535399,0.5489927477840444,-8.058017727639034e-05
3330,2.7750462507708464,0.5487510072522159,560,681,1241,0.0,0.000833347222453984,0.5489121676067681,-8.058017727639034e-05
3331,2.7758795979933,0.5487510072522159,560,681,1241,0.0,0.0008333472224535399,0.5488315874294918,-8.058017727639034e-05
3332,2.7767129452157535,0.5487510072522159,560,681,1241,0.0,0.0008333472224535399,0.5487510072522154,-8.058017727639034e-05
3333,2.7775462924382075,0.5487510072522159,560,681,1241,0.0,0.000833347222453984,0.5487510072522154,0.0
3334,2.778379639660661,0.5487510072522159,560,681,1241,0.0,0.0008333472224535399,0.5487510072522154,0.0
3335,2.779212986883115,0.5487510072522159,560,681,1241,0.0,0.000833347222453984,0.5487510072522154,0.0
3336,2.7800463341055686,0.5487510072522159,560,681,1241,0.0,0.0008333472224535399,0.5487510072522154,0.0
3337,2.780879681328022,0.5487510072522159,560,681,1241,0.0,0.0008333472224535399,0.5487510072522154,0.0
3338,2.781713028550476,0.5487510072522159,560,681,1241,0.0,0.000833347222453984,0.5487510072522154,0.0
3339,2.7825463757729296,0.5487510072522159,560,681,1241,0.0,0.0008333472224535399,0.5487510072522154,0.0
3340,2.783379722995383,0.5487510072522159,560,681,1241,0.0,0.0008333472224535399,0.5487510072522154,0.0
3341,2.784213070217837,0.5487510072522159,560,681,1241,0.0,0.000833347222453984,0.5487510072522154,0.0
3342,2.7850464174402907,0.5487510072522159,560,681,1241,0.0,0.0008333472224535399,0.5487510072522154,0.0
3343,2.7858797646627447,0.5487510072522159,560,681,1241,0.0,0.000833347222453984,0.5487510072522154,0.0
3344,2.786713111885198,0.5487510072522159,560,681,1241,0.0,0.0008333472224535399,0.5487510072522154,0.0
3345,2.7875464591076518,0.5487510072522159,560,681,1241,0.0,0.0008333472224535399,0.5487510072522154,0.0
3346,2.7883798063301057,0.5487510072522159,560,681,1241,0.0,0.000833347222453984,0.5487510072522154,0.0
3347,2.7892131535525593,0.5487510072522159,560,681,1241,0.0,0.0008333472224535399,0.5487510072522154,0.0
3348,2.790046500775013,0.5487510072522159,560,681,1241,0.0,0.0008333472224535399,0.5487510072522154,0.0
3349,2.790879847997467,0.5487510072522159,560,681,1241,0.0,0.000833347222453984,0.5487510072522154,0.0
3350,2.7917131952199203,0.5487510072522159,560,681,1241,0.0,0.0008333472224535399,0.5487510072522154,0.0
3351,2.7925465424423743,0.5487510072522159,560,681,1241,0.0,0.000833347222453984,0.5487510072522154,0.0
3352,2.793379889664828,0.5487510072522159,560,681,1241,0.0,0.0008333472224535399,0.5487510072522154,0.0
3353,2.7942132368872814,0.5487510072522159,560,681,1241,0.0,0.0008333472224535399,0.5487510072522154,0.0
3354,2.7950465841097354,0.5487510072522159,560,681,1241,0.0,0.000833347222453984,0.5487510072522154,0.0
3355,2.795879931332189,0.5487510072522159,560,681,1241,0.0,0.0008333472224535399,0.5487510072522154,0.0
3356,2.796713278554643,0.5487510072522159,560,681,1241,0.0,0.000833347222453984,0.5487510072522154,0.0
3357,2.7975466257770965,0.5487510072522159,560,681,1241,0.0,0.0008333472224535399,0.5487510072522154,0.0
3358,2.79837997299955,0.5487510072522159,560,681,1241,0.0,0.0008333472224535399,0.5487510072522154,0.0
3359,2.799213320222004,0.5487510072522159,560,681,1241,0.0,0.000833347222453984,0.5487510072522154,0.0
3360,2.8000466674444575,0.5487510072522159,560,681,1241,0.0,0.0008333472224535399,0.5487510072522154,0.0
3361,2.800880014666911,0.5487510072522159,560,681,1241,0.0,0.0008333472224535399,0.5487510072522154,0.0
3362,2.801713361889365,0.5487510072522159,560,681,1241,0.0,0.000833347222453984,0.5487510072522154,0.0
3363,2.8025467091118186,0.5487510072522159,560,681,1241,0.0,0.0008333472224535399,0.5487510072522154,0.0
3364,2.8033800563342726,0.5487510072522159,560,681,1241,0.0,0.000833347222453984,0.5487510072522154,0.0
3365,2.804213403556726,0.5487510072522159,560,681,1241,0.0,0.0008333472224535399,0.5487510072522154,0.0
3366,2.8050467507791796,0.5487510072522159,560,681,1241,0.0,0.0008333472224535399,0.5487510072522154,0.0
3367,2.8058800980016336,0.5487510072522159,560,681,1241,0.0,0.000833347222453984,0.5487510072522154,0.0
3368,2.806713445224087,0.5487510072522159,560,681,1241,0.0,0.0008333472224535399,0.5487510072522154,0.0
3369,2.8075467924465407,0.5487510072522159,560,681,1241,0.0,0.0008333472224535399,0.5487510072522154,0.0
3370,2.8083801396689947,0.5487510072522159,560,681,1241,0.0,0.000833347222453984,0.5487510072522154,0.0
3371,2.8092134868914482,0.5487510072522159,560,681,1241,0.0,0.0008333472224535399,0.5487510072522154,0.0
3372,2.810046834113902,0.5487510072522159,560,681,1241,0.0,0.000833347222453984,0.5487510072522154,0.0
3373,2.8108801813363558,0.5487510072522159,560,681,1241,0.0,0.0008333472224535399,0.5487510072522154,0.0
3374,2.8117135285588093,0.5487510072522159,560,681,1241,0.0,0.0008333472224535399,0.5487510072522154,0.0
3375,2.8125468757812633,0.5487510072522159,560,681,1241,0.0,0.000833347222453984,0.5487510072522154,0.0
3376,2.813380223003717,0.5487510072522159,560,681,1241,0.0,0.0008333472224535399,0.5487510072522154,0.0
3377,2.8142135702261704,0.5487510072522159,560,681,1241,0.0,0.0008333472224535399,0.5487510072522154,0.0
3378,2.8150469174486243,0.5487510072522159,560,681,1241,0.0,0.000833347222453984,0.5487510072522154,0.0
3379,2.815880264671078,0.5487510072522159,560,681,1241,0.0,0.0008333472224535399,0.5487510072522154,0.0
3380,2.816713611893532,0.5487510072522159,560,681,1241,0.0,0.000833347222453984,0.5487510072522154,0.0
3381,2.8175469591159854,0.5487510072522159,560,681,1241,0.0,0.0008333472224535399,0.5487510072522154,0.0
3382,2.818380306338439,0.5487510072522159,560,681,1241,0.0,0.0008333472224535399,0.5487510072522154,0.0
3383,2.819213653560893,0.5487510072522159,560,681,1241,0.0,0.000833347222453984,0.5487510072522154,0.0
3384,2.8200470007833465,0.5487510072522159,560,681,1241,0.0,0.0008333472224535399,0.5487510072522154,0.0
3385,2.8208803480058,0.5487510072522159,560,681,1241,0.0,0.0008333472224535399,0.5487510072522154,0.0
3386,2.821713695228254,0.5487510072522159,560,681,1241,0.0,0.000833347222453984,0.5487510072522154,0.0
3387,2.8225470424507075,0.5487510072522159,560,681,1241,0.0,0.0008333472224535399,0.5487510072522154,0.0
3388,2.8233803896731615,0.5487510072522159,560,681,1241,0.0,0.000833347222453984,0.5487510072522154,0.0
3389,2.824213736895615,0.5487510072522159,560,681,1241,0.0,0.0008333472224535399,0.5487510072522154,0.0
3390,2.8250470841180686,0.5487510072522159,560,681,1241,0.0,0.0008333472224535399,0.5487510072522154,0.0
3391,2.8258804313405226,0.5487510072522159,560,681,1241,0.0,0.000833347222453984,0.5487510072522154,0.0
3392,2.826713778562976,0.5487510072522159,560,681,1241,0.0,0.0008333472224535399,0.5487510072522154,0.0
3393,2.8275471257854297,0.5487510072522159,560,681,1241,0.0,0.0008333472224535399,0.5487510072522154,0.0
3394,2.8283804730078836,0.5487510072522159,560,681,1241,0.0,0.000833347222453984,0.5487510072522154,0.0
3395,2.829213820230337,0.5487510072522159,560,681,1241,0.0,0.0008333472224535399,0.5487510072522154,0.0
3396,2.830047167452791,0.5487510072522159,560,681,1241,0.0,0.000833347222453984,0.5487510072522154,0.0
3397,2.8308805146752447,0.5487510072522159,560,681,1241,0.0,0.0008333472224535399,0.5487510072522154,0.0
3398,2.8317138618976982,0.5487510072522159,560,681,1241,0.0,0.0008333472224535399,0.5487510072522154,0.0
3399,2.8325472091201522,0.5487510072522159,560,681,1241,0.0,0.000833347222453984,0.5487510072522154,0.0
3400,2.8333805563426058,0.5487510072522159,560,681,1241,0.0,0.0008333472224535399,0.5487510072522154,0.0
3401,2.8342139035650598,0.5487510072522159,560,681,1241,0.0,0.000833347222453984,0.5487510072522154,0.0
3402,2.8350472507875133,0.5487510072522159,560,681,1241,0.0,0.0008333472224535399,0.5487510072522154,0.0
3403,2.835880598009967,0.5487510072522159,560,681,1241,0.0,0.0008333472224535399,0.5487510072522154,0.0
3404,2.836713945232421,0.5487510072522159,560,681,1241,0.0,0.000833347222453984,0.5487510072522154,0.0
3405,2.8375472924548744,0.5487510072522159,560,681,1241,0.0,0.0008333472224535399,0.5487510072522154,0.0
3406,2.838380639677328,0.5487510072522159,560,681,1241,0.0,0.0008333472224535399,0.5487510072522154,0.0
3407,2.839213986899782,0.5487510072522159,560,681,1241,0.0,0.000833347222453984,0.5487510072522154,0.0
3408,2.8400473341222354,0.5487510072522159,560,681,1241,0.0,0.0008333472224535399,0.5487510072522154,0.0
3409,2.8408806813446894,0.5487510072522159,560,681,1241,0.0,0.000833347222453984,0.5487510072522154,0.0
3410,2.841714028567143,0.5487510072522159,560,681,1241,0.0,0.0008333472224535399,0.5487510072522154,0.0
3411,2.8425473757895965,0.5487510072522159,560,681,1241,0.0,0.0008333472224535399,0.5487510072522154,0.0
3412,2.8433807230120505,0.5487510072522159,560,681,1241,0.0,0.000833347222453984,0.5487510072522154,0.0
3413,2.844214070234504,0.5487510072522159,560,681,1241,0.0,0.0008333472224535399,0.5487510072522154,0.0
3414,2.8450474174569576,0.5487510072522159,560,681,1241,0.0,0.0008333472224535399,0.5487510072522154,0.0
3415,2.8458807646794115,0.5487510072522159,560,681,1241,0.0,0.000833347222453984,0.5487510072522154,0.0
3416,2.846714111901865,0.5487510072522159,560,681,1241,0.0,0.0008333472224535399,0.5487510072522154,0.0
3417,2.847547459124319,0.5487510072522159,560,681,1241,0.0,0.000833347222453984,0.5487510072522154,0.0
3418,2.8483808063467726,0.5487510072522159,560,681,1241,0.0,0.0008333472224535399,0.5487510072522154,0.0
3419,2.849214153569226,0.5487510072522159,560,681,1241,0.0,0.0008333472224535399,0.5487510072522154,0.0
3420,2.85004750079168,0.5487510072522159,560,681,1241,0.0,0.000833347222453984,0.5487510072522154,0.0
3421,2.8508808480141337,0.5487510072522159,560,681,1241,0.0,0.0008333472224535399,0.5487510072522154,0.0
3422,2.851714195236587,0.5487510072522159,560,681,1241,0.0,0.0008333472224535399,0.5487510072522154,0.0
3423,2.852547542459041,0.5487510072522159,560,681,1241,0.0,0.000833347222453984,0.5487510072522154,0.0
3424,2.8533808896814947,0.5487510072522159,560,681,1241,0.0,0.0008333472224535399,0.5487510072522154,0.0
3425,2.8542142369039487,0.5487510072522159,560,681,1241,0.0,0.000833347222453984,0.5487510072522154,0.0
3426,2.8550475841264022,0.5495568090249798,560,681,1241,0.0008058017727639033,0.0008333472224535399,0.5488315874294918,8.058017727639034e-05
3427,2.855880931348856,0.5495568090249798,560,681,1241,0.0,0.0008333472224535399,0.5489121676067681,8.058017727639034e-05
3428,2.8567142785713098,0.5495568090249798,560,681,1241,0.0,0.000833347222453984,0.5489927477840444,8.058017727639034e-05
3429,2.8575476257937633,0.5495568090249798,560,681,1241,0.0,0.0008333472224535399,0.5490733279613208,8.058017727639034e-05
3430,2.858380973016217,0.5495568090249798,560,681,1241,0.0,0.0008333472224535399,0.5491539081385971,8.058017727639034e-05
3431,2.859214320238671,0.5495568090249798,560,681,1241,0.0,0.000833347222453984,0.5492344883158735,8.058017727639034e-05
3432,2.8600476674611244,0.5495568090249798,560,681,1241,0.0,0.0008333472224535399,0.5493150684931498,8.058017727639034e-05
3433,2.8608810146835784,0.5495568090249798,560,681,1241,0.0,0.000833347222453984,0.5493956486704261,8.058017727639034e-05
3434,2.861714361906032,0.5495568090249798,560,681,1241,0.0,0.0008333472224535399,0.5494762288477025,8.058017727639034e-05
3435,2.8625477091284854,0.5495568090249798,560,681,1241,0.0,0.0008333472224535399,0.5495568090249788,8.058017727639034e-05
3436,2.8633810563509394,0.5495568090249798,560,681,1241,0.0,0.000833347222453984,0.5495568090249788,0.0
3437,2.864214403573393,0.5495568090249798,560,681,1241,0.0,0.0008333472224535399,0.5495568090249788,0.0
3438,2.8650477507958465,0.5495568090249798,560,681,1241,0.0,0.0008333472224535399,0.5495568090249788,0.0
3439,2.8658810980183005,0.5495568090249798,560,681,1241,0.0,0.000833347222453984,0.5495568090249788,0.0
3440,2.866714445240754,0.5495568090249798,560,681,1241,0.0,0.0008333472224535399,0.5495568090249788,0.0
3441,2.867547792463208,0.5495568090249798,560,681,1241,0.0,0.000833347222453984,0.5495568090249788,0.0
3442,2.8683811396856616,0.5495568090249798,560,681,1241,0.0,0.0008333472224535399,0.5495568090249788,0.0
3443,2.869214486908115,0.5495568090249798,560,681,1241,0.0,0.0008333472224535399,0.5495568090249788,0.0
3444,2.870047834130569,0.5495568090249798,560,681,1241,0.0,0.000833347222453984,0.5495568090249788,0.0
3445,2.8708811813530226,0.5495568090249798,560,681,1241,0.0,0.0008333472224535399,0.5495568090249788,0.0
3446,2.8717145285754766,0.5495568090249798,560,681,1241,0.0,0.000833347222453984,0.5495568090249788,0.0
3447,2.87254787579793,0.5495568090249798,560,681,1241,0.0,0.0008333472224535399,0.5495568090249788,0.0
3448,2.8733812230203837,0.5495568090249798,560,681,1241,0.0,0.0008333472224535399,0.5495568090249788,0.0
3449,2.8742145702428377,0.5495568090249798,560,681,1241,0.0,0.000833347222453984,0.5495568090249788,0.0
3450,2.875047917465291,0.5495568090249798,560,681,1241,0.0,0.0008333472224535399,0.5495568090249788,0.0
3451,2.8758812646877447,0.5495568090249798,560,681,1241,0.0,0.0008333472224535399,0.5495568090249788,0.0
3452,2.8767146119101987,0.5495568090249798,560,681,1241,0.0,0.000833347222453984,0.5495568090249788,0.0
3453,2.8775479591326523,0.5495568090249798,560,681,1241,0.0,0.0008333472224535399,0.5495568090249788,0.0
3454,2.8783813063551063,0.5495568090249798,560,681,1241,0.0,0.000833347222453984,0.5495568090249788,0.0
3455,2.87921465357756,0.5495568090249798,560,681,1241,0.0,0.0008333472224535399,0.5495568090249788,0.0
3456,2.8800480008000133,0.5495568090249798,560,681,1241,0.0,0.0008333472224535399,0.5495568090249788,0.0
3457,2.8808813480224673,0.5495568090249798,560,681,1241,0.0,0.000833347222453984,0.5495568090249788,0.0
3458,2.881714695244921,0.5487510072522159,560,681,1241,-0.0008058017727639033,0.0008333472224535399,0.5494762288477025,-8.058017727639034e-05
3459,2.8825480424673744,0.5487510072522159,560,681,1241,0.0,0.0008333472224535399,0.5493956486704261,-8.058017727639034e-05
3460,2.8833813896898284,0.5487510072522159,560,681,1241,0.0,0.000833347222453984,0.5493150684931498,-8.058017727639034e-05
3461,2.884214736912282,0.5487510072522159,560,681,1241,0.0,0.0008333472224535399,0.5492344883158735,-8.058017727639034e-05
3462,2.885048084134736,0.5487510072522159,560,681,1241,0.0,0.000833347222453984,0.5491539081385971,-8.058017727639034e-05
3463,2.8858814313571894,0.5487510072522159,560,681,1241,0.0,0.0008333472224535399,0.5490733279613208,-8.058017727639034e-05
3464,2.886714778579643,0.5487510072522159,560,681,1241,0.0,0.0008333472224535399,0.5489927477840444,-8.058017727639034e-05
3465,2.887548125802097,0.5487510072522159,560,681,1241,0.0,0.000833347222453984,0.5489121676067681,-8.058017727639034e-05
3466,2.8883814730245505,0.5487510072522159,560,681,1241,0.0,0.0008333472224535399,0.5488315874294918,-8.058017727639034e-05
3467,2.889214820247004,0.5487510072522159,560,681,1241,0.0,0.0008333472224535399,0.5487510072522154,-8.058017727639034e-05
3468,2.890048167469458,0.5487510072522159,560,681,1241,0.0,0.000833347222453984,0.5487510072522154,0.0
3469,2.8908815146919116,0.5487510072522159,560,681,1241,0.0,0.0008333472224535399,0.5487510072522154,0.0
3470,2.8917148619143656,0.5495568090249798,560,681,1241,0.0008058017727639033,0.000833347222453984,0.5488315874294918,8.058017727639034e-05
3471,2.892548209136819,0.5495568090249798,560,681,1241,0.0,0.0008333472224535399,0.5489121676067681,8.058017727639034e-05
3472,2.8933815563592726,0.5495568090249798,560,681,1241,0.0,0.0008333472224535399,0.5489927477840444,8.058017727639034e-05
3473,2.8942149035817266,0.5495568090249798,560,681,1241,0.0,0.000833347222453984,0.5490733279613208,8.058017727639034e-05
3474,2.89504825080418,0.5495568090249798,560,681,1241,0.0,0.0008333472224535399,0.5491539081385971,8.058017727639034e-05
3475,2.8958815980266337,0.5495568090249798,560,681,1241,0.0,0.0008333472224535399,0.5492344883158735,8.058017727639034e-05
3476,2.8967149452490877,0.5495568090249798,560,681,1241,0.0,0.000833347222453984,0.5493150684931498,8.058017727639034e-05
3477,2.897548292471541,0.5495568090249798,560,681,1241,0.0,0.0008333472224535399,0.5493956486704261,8.058017727639034e-05
3478,2.898381639693995,0.5495568090249798,560,681,1241,0.0,0.000833347222453984,0.5494762288477025,8.058017727639034e-05
3479,2.8992149869164487,0.5495568090249798,560,681,1241,0.0,0.0008333472224535399,0.5495568090249788,8.058017727639034e-05
3480,2.9000483341389023,0.5495568090249798,560,681,1241,0.0,0.0008333472224535399,0.5495568090249788,0.0
3481,2.9008816813613563,0.5495568090249798,560,681,1241,0.0,0.000833347222453984,0.5495568090249788,0.0
3482,2.90171502858381,0.5495568090249798,560,681,1241,0.0,0.0008333472224535399,0.5495568090249788,0.0
3483,2.9025483758062633,0.5495568090249798,560,681,1241,0.0,0.0008333472224535399,0.5495568090249788,0.0
3484,2.9033817230287173,0.5495568090249798,560,681,1241,0.0,0.000833347222453984,0.5495568090249788,0.0
3485,2.904215070251171,0.5495568090249798,560,681,1241,0.0,0.0008333472224535399,0.5495568090249788,0.0
3486,2.905048417473625,0.5495568090249798,560,681,1241,0.0,0.000833347222453984,0.5495568090249788,0.0
3487,2.9058817646960784,0.5495568090249798,560,681,1241,0.0,0.0008333472224535399,0.5495568090249788,0.0
3488,2.906715111918532,0.5495568090249798,560,681,1241,0.0,0.0008333472224535399,0.5495568090249788,0.0
3489,2.907548459140986,0.5495568090249798,560,681,1241,0.0,0.000833347222453984,0.5495568090249788,0.0
3490,2.9083818063634395,0.5495568090249798,560,681,1241,0.0,0.0008333472224535399,0.5495568090249788,0.0
3491,2.9092151535858934,0.5495568090249798,560,681,1241,0.0,0.000833347222453984,0.5495568090249788,0.0
3492,2.910048500808347,0.5495568090249798,560,681,1241,0.0,0.0008333472224535399,0.5495568090249788,0.0
3493,2.9108818480308005,0.5495568090249798,560,681,1241,0.0,0.0008333472224535399,0.5495568090249788,0.0
3494,2.9117151952532545,0.5495568090249798,560,681,1241,0.0,0.000833347222453984,0.5495568090249788,0.0
3495,2.912548542475708,0.5495568090249798,560,681,1241,0.0,0.0008333472224535399,0.5495568090249788,0.0
3496,2.9133818896981616,0.5495568090249798,560,681,1241,0.0,0.0008333472224535399,0.5495568090249788,0.0
3497,2.9142152369206156,0.5495568090249798,560,681,1241,0.0,0.000833347222453984,0.5495568090249788,0.0
3498,2.915048584143069,0.5495568090249798,560,681,1241,0.0,0.0008333472224535399,0.5495568090249788,0.0
3499,2.915881931365523,0.5495568090249798,560,681,1241,0.0,0.000833347222453984,0.5495568090249788,0.0
3500,2.9167152785879766,0.5495568090249798,560,681,1241,0.0,0.0008333472224535399,0.5495568090249788,0.0
3501,2.91754862581043,0.5495568090249798,560,681,1241,0.0,0.0008333472224535399,0.5495568090249788,0.0
3502,2.918381973032884,0.5495568090249798,560,681,1241,0.0,0.000833347222453984,0.5495568090249788,0.0
3503,2.9192153202553377,0.5495568090249798,560,681,1241,0.0,0.0008333472224535399,0.5495568090249788,0.0
3504,2.9200486674777912,0.5495568090249798,560,681,1241,0.0,0.0008333472224535399,0.5495568090249788,0.0
3505,2.920882014700245,0.5495568090249798,560,681,1241,0.0,0.000833347222453984,0.5495568090249788,0.0
3506,2.9217153619226988,0.5495568090249798,560,681,1241,0.0,0.0008333472224535399,0.5495568090249788,0.0
3507,2.9225487091451527,0.5495568090249798,560,681,1241,0.0,0.000833347222453984,0.5495568090249788,0.0
3508,2.9233820563676063,0.5495568090249798,560,681,1241,0.0,0.0008333472224535399,0.5495568090249788,0.0
3509,2.92421540359006,0.5495568090249798,560,681,1241,0.0,0.0008333472224535399,0.5495568090249788,0.0
3510,2.925048750812514,0.5495568090249798,560,681,1241,0.0,0.000833347222453984,0.5495568090249788,0.0
3511,2.9258820980349673,0.5495568090249798,560,681,1241,0.0,0.0008333472224535399,0.5495568090249788,0.0
3512,2.926715445257421,0.5495568090249798,560,681,1241,0.0,0.0008333472224535399,0.5495568090249788,0.0
3513,2.927548792479875,0.5495568090249798,560,681,1241,0.0,0.000833347222453984,0.5495568090249788,0.0
3514,2.9283821397023284,0.5495568090249798,560,681,1241,0.0,0.0008333472224535399,0.5495568090249788,0.0
3515,2.9292154869247824,0.5495568090249798,560,681,1241,0.0,0.000833347222453984,0.5495568090249788,0.0
3516,2.930048834147236,0.5495568090249798,560,681,1241,0.0,0.0008333472224535399,0.5495568090249788,0.0
3517,2.9308821813696895,0.5495568090249798,560,681,1241,0.0,0.0008333472224535399,0.5495568090249788,0.0
3518,2.9317155285921435,0.5487510072522159,560,681,1241,-0.0008058017727639033,0.000833347222453984,0.5494762288477025,-8.058017727639034e-05
3519,2.932548875814597,0.5487510072522159,560,681,1241,0.0,0.0008333472224535399,0.5493956486704261,-8.058017727639034e-05
3520,2.9333822230370505,0.5487510072522159,560,681,1241,0.0,0.0008333472224535399,0.5493150684931498,-8.058017727639034e-05
3521,2.9342155702595045,0.5487510072522159,560,681,1241,0.0,0.000833347222453984,0.5492344883158735,-8.058017727639034e-05
3522,2.935048917481958,0.5487510072522159,560,681,1241,0.0,0.0008333472224535399,0.5491539081385971,-8.058017727639034e-05
3523,2.935882264704412,0.5487510072522159,560,681,1241,0.0,0.000833347222453984,0.5490733279613208,-8.058017727639034e-05
3524,2.9367156119268656,0.5487510072522159,560,681,1241,0.0,0.0008333472224535399,0.5489927477840444,-8.058017727639034e-05
3525,2.937548959149319,0.5487510072522159,560,681,1241,0.0,0.0008333472224535399,0.5489121676067681,-8.058017727639034e-05
3526,2.938382306371773,0.5487510072522159,560,681,1241,0.0,0.000833347222453984,0.5488315874294918,-8.058017727639034e-05
3527,2.9392156535942267,0.5487510072522159,560,681,1241,0.0,0.0008333472224535399,0.5487510072522154,-8.058017727639034e-05
3528,2.94004900081668,0.5487510072522159,560,681,1241,0.0,0.0008333472224535399,0.5487510072522154,0.0
3529,2.940882348039134,0.5487510072522159,560,681,1241,0.0,0.000833347222453984,0.5487510072522154,0.0
3530,2.9417156952615877,0.5487510072522159,560,681,1241,0.0,0.0008333472224535399,0.5487510072522154,0.0
3531,2.9425490424840417,0.5487510072522159,560,681,1241,0.0,0.000833347222453984,0.5487510072522154,0.0
3532,2.9433823897064952,0.5487510072522159,560,681,1241,0.0,0.0008333472224535399,0.5487510072522154,0.0
3533,2.944215736928949,0.5487510072522159,560,681,1241,0.0,0.0008333472224535399,0.5487510072522154,0.0
3534,2.9450490841514028,0.5487510072522159,560,681,1241,0.0,0.000833347222453984,0.5487510072522154,0.0
3535,2.9458824313738563,0.5487510072522159,560,681,1241,0.0,0.0008333472224535399,0.5487510072522154,0.0
3536,2.94671577859631,0.5487510072522159,560,681,1241,0.0,0.0008333472224535399,0.5487510072522154,0.0
3537,2.947549125818764,0.5487510072522159,560,681,1241,0.0,0.000833347222453984,0.5487510072522154,0.0
3538,2.9483824730412174,0.5487510072522159,560,681,1241,0.0,0.0008333472224535399,0.5487510072522154,0.0
3539,2.9492158202636714,0.5487510072522159,560,681,1241,0.0,0.000833347222453984,0.5487510072522154,0.0
3540,2.950049167486125,0.5487510072522159,560,681,1241,0.0,0.0008333472224535399,0.5487510072522154,0.0
3541,2.9508825147085784,0.5487510072522159,560,681,1241,0.0,0.0008333472224535399,0.5487510072522154,0.0
3542,2.9517158619310324,0.5487510072522159,560,681,1241,0.0,0.000833347222453984,0.5487510072522154,0.0
3543,2.952549209153486,0.5487510072522159,560,681,1241,0.0,0.0008333472224535399,0.5487510072522154,0.0
3544,2.95338255637594,0.5487510072522159,560,681,1241,0.0,0.000833347222453984,0.5487510072522154,0.0
3545,2.9542159035983935,0.5487510072522159,560,681,1241,0.0,0.0008333472224535399,0.5487510072522154,0.0
3546,2.955049250820847,0.5487510072522159,560,681,1241,0.0,0.0008333472224535399,0.5487510072522154,0.0
3547,2.955882598043301,0.5487510072522159,560,681,1241,0.0,0.000833347222453984,0.5487510072522154,0.0
3548,2.9567159452657545,0.5487510072522159,560,681,1241,0.0,0.0008333472224535399,0.5487510072522154,0.0
3549,2.957549292488208,0.5487510072522159,560,681,1241,0.0,0.0008333472224535399,0.5487510072522154,0.0
3550,2.958382639710662,0.5487510072522159,560,681,1241,0.0,0.000833347222453984,0.5487510072522154,0.0
3551,2.9592159869331156,0.5487510072522159,560,681,1241,0.0,0.0008333472224535399,0.5487510072522154,0.0
3552,2.9600493341555696,0.5487510072522159,560,681,1241,0.0,0.000833347222453984,0.5487510072522154,0.0
3553,2.960882681378023,0.5487510072522159,560,681,1241,0.0,0.0008333472224535399,0.5487510072522154,0.0
3554,2.9617160286004767,0.5487510072522159,560,681,1241,0.0,0.0008333472224535399,0.5487510072522154,0.0
3555,2.9625493758229307,0.5487510072522159,560,681,1241,0.0,0.000833347222453984,0.5487510072522154,0.0
3556,2.963382723045384,0.5487510072522159,560,681,1241,0.0,0.0008333472224535399,0.5487510072522154,0.0
3557,2.9642160702678377,0.5487510072522159,560,681,1241,0.0,0.0008333472224535399,0.5487510072522154,0.0
3558,2.9650494174902917,0.5487510072522159,560,681,1241,0.0,0.000833347222453984,0.5487510072522154,0.0
3559,2.9658827647127453,0.5487510072522159,560,681,1241,0.0,0.0008333472224535399,0.5487510072522154,0.0
3560,2.9667161119351992,0.5487510072522159,560,681,1241,0.0,0.000833347222453984,0.5487510072522154,0.0
3561,2.967549459157653,0.5487510072522159,560,681,1241,0.0,0.0008333472224535399,0.5487510072522154,0.0
3562,2.9683828063801063,0.5487510072522159,560,681,1241,0.0,0.0008333472224535399,0.5487510072522154,0.0
3563,2.9692161536025603,0.5487510072522159,560,681,1241,0.0,0.000833347222453984,0.5487510072522154,0.0
3564,2.970049500825014,0.5487510072522159,560,681,1241,0.0,0.0008333472224535399,0.5487510072522154,0.0
3565,2.9708828480474674,0.5487510072522159,560,681,1241,0.0,0.0008333472224535399,0.5487510072522154,0.0
3566,2.9717161952699214,0.5487510072522159,560,681,1241,0.0,0.000833347222453984,0.5487510072522154,0.0
3567,2.972549542492375,0.5487510072522159,560,681,1241,0.0,0.0008333472224535399,0.5487510072522154,0.0
3568,2.973382889714829,0.5487510072522159,560,681,1241,0.0,0.000833347222453984,0.5487510072522154,0.0
3569,2.9742162369372824,0.5487510072522159,560,681,1241,0.0,0.0008333472224535399,0.5487510072522154,0.0
3570,2.975049584159736,0.5487510072522159,560,681,1241,0.0,0.0008333472224535399,0.5487510072522154,0.0
3571,2.97588293138219,0.5487510072522159,560,681,1241,0.0,0.000833347222453984,0.5487510072522154,0.0
3572,2.9767162786046435,0.5487510072522159,560,681,1241,0.0,0.0008333472224535399,0.5487510072522154,0.0
3573,2.977549625827097,0.5487510072522159,560,681,1241,0.0,0.0008333472224535399,0.5487510072522154,0.0
3574,2.978382973049551,0.5487510072522159,560,681,1241,0.0,0.000833347222453984,0.5487510072522154,0.0
3575,2.9792163202720046,0.5487510072522159,560,681,1241,0.0,0.0008333472224535399,0.5487510072522154,0.0
3576,2.9800496674944585,0.5487510072522159,560,681,1241,0.0,0.000833347222453984,0.5487510072522154,0.0
3577,2.980883014716912,0.5487510072522159,560,681,1241,0.0,0.0008333472224535399,0.5487510072522154,0.0
3578,2.9817163619393656,0.5487510072522159,560,681,1241,0.0,0.0008333472224535399,0.5487510072522154,0.0
3579,2.9825497091618196,0.5487510072522159,560,681,1241,0.0,0.000833347222453984,0.5487510072522154,0.0
3580,2.983383056384273,0.5487510072522159,560,681,1241,0.0,0.0008333472224535399,0.5487510072522154,0.0
3581,2.9842164036067267,0.5487510072522159,560,681,1241,0.0,0.0008333472224535399,0.5487510072522154,0.0
3582,2.9850497508291807,0.5487510072522159,560,681,1241,0.0,0.000833347222453984,0.5487510072522154,0.0
3583,2.985883098051634,0.5487510072522159,560,681,1241,0.0,0.0008333472224535399,0.5487510072522154,0.0
3584,2.986716445274088,0.5487510072522159,560,681,1241,0.0,0.000833347222453984,0.5487510072522154,0.0
3585,2.9875497924965417,0.5487510072522159,560,681,1241,0.0,0.0008333472224535399,0.5487510072522154,0.0
3586,2.9883831397189953,0.5487510072522159,560,681,1241,0.0,0.0008333472224535399,0.5487510072522154,0.0
3587,2.9892164869414493,0.5487510072522159,560,681,1241,0.0,0.000833347222453984,0.5487510072522154,0.0
3588,2.990049834163903,0.5487510072522159,560,681,1241,0.0,0.0008333472224535399,0.5487510072522154,0.0
3589,2.990883181386357,0.5487510072522159,560,681,1241,0.0,0.000833347222453984,0.5487510072522154,0.0
3590,2.9917165286088103,0.5487510072522159,560,681,1241,0.0,0.0008333472224535399,0.5487510072522154,0.0
3591,2.992549875831264,0.5487510072522159,560,681,1241,0.0,0.0008333472224535399,0.5487510072522154,0.0
3592,2.993383223053718,0.5487510072522159,560,681,1241,0.0,0.000833347222453984,0.5487510072522154,0.0
3593,2.9942165702761714,0.5487510072522159,560,681,1241,0.0,0.0008333472224535399,0.5487510072522154,0.0
3594,2.995049917498625,0.5487510072522159,560,681,1241,0.0,0.0008333472224535399,0.5487510072522154,0.0
3595,2.995883264721079,0.5487510072522159,560,681,1241,0.0,0.000833347222453984,0.5487510072522154,0.0
3596,2.9967166119435324,0.5487510072522159,560,681,1241,0.0,0.0008333472224535399,0.5487510072522154,0.0
3597,2.9975499591659864,0.5487510072522159,560,681,1241,0.0,0.000833347222453984,0.5487510072522154,0.0
3598,2.99838330638844,0.5487510072522159,560,681,1241,0.0,0.0008333472224535399,0.5487510072522154,0.0
3599,2.9992166536108935,0.5487510072522159,560,681,1241,0.0,0.0008333472224535399,0.5487510072522154,0.0
3600,3.0000500008333475,0.5487510072522159,560,681,1241,0.0,0.000833347222453984,0.5487510072522154,0.0
3601,3.000883348055801,0.5487510072522159,560,681,1241,0.0,0.0008333472224535399,0.5487510072522154,0.0
3602,3.0017166952782546,0.5487510072522159,560,681,1241,0.0,0.0008333472224535399,0.5487510072522154,0.0
3603,3.0025500425007086,0.5487510072522159,560,681,1241,0.0,0.000833347222453984,0.5487510072522154,0.0
3604,3.003383389723162,0.5487510072522159,560,681,1241,0.0,0.0008333472224535399,0.5487510072522154,0.0
3605,3.004216736945616,0.5487510072522159,560,681,1241,0.0,0.000833347222453984,0.5487510072522154,0.0
3606,3.0050500841680696,0.5487510072522159,560,681,1241,0.0,0.0008333472224535399,0.5487510072522154,0.0
3607,3.005883431390523,0.5487510072522159,560,681,1241,0.0,0.0008333472224535399,0.5487510072522154,0.0
3608,3.006716778612977,0.5487510072522159,560,681,1241,0.0,0.000833347222453984,0.5487510072522154,0.0
3609,3.0075501258354307,0.5487510072522159,560,681,1241,0.0,0.0008333472224535399,0.5487510072522154,0.0
3610,3.0083834730578842,0.5487510072522159,560,681,1241,0.0,0.0008333472224535399,0.5487510072522154,0.0
3611,3.009216820280338,0.5487510072522159,560,681,1241,0.0,0.000833347222453984,0.5487510072522154,0.0
3612,3.0100501675027918,0.5487510072522159,560,681,1241,0.0,0.0008333472224535399,0.5487510072522154,0.0
3613,3.0108835147252457,0.5487510072522159,560,681,1241,0.0,0.000833347222453984,0.5487510072522154,0.0
3614,3.0117168619476993,0.5487510072522159,560,681,1241,0.0,0.0008333472224535399,0.5487510072522154,0.0
3615,3.012550209170153,0.5487510072522159,560,681,1241,0.0,0.0008333472224535399,0.5487510072522154,0.0
3616,3.013383556392607,0.5487510072522159,560,681,1241,0.0,0.000833347222453984,0.5487510072522154,0.0
3617,3.0142169036150603,0.5487510072522159,560,681,1241,0.0,0.0008333472224535399,0.5487510072522154,0.0
3618,3.015050250837514,0.5487510072522159,560,681,1241,0.0,0.0008333472224535399,0.5487510072522154,0.0
3619,3.015883598059968,0.5487510072522159,560,681,1241,0.0,0.000833347222453984,0.5487510072522154,0.0
3620,3.0167169452824214,0.5487510072522159,560,681,1241,0.0,0.0008333472224535399,0.5487510072522154,0.0
3621,3.0175502925048754,0.5487510072522159,560,681,1241,0.0,0.000833347222453984,0.5487510072522154,0.0
3622,3.018383639727329,0.5487510072522159,560,681,1241,0.0,0.0008333472224535399,0.5487510072522154,0.0
3623,3.0192169869497825,0.5487510072522159,560,681,1241,0.0,0.0008333472224535399,0.5487510072522154,0.0
3624,3.0200503341722365,0.5487510072522159,560,681,1241,0.0,0.000833347222453984,0.5487510072522154,0.0
3625,3.02088368139469,0.5487510072522159,560,681,1241,0.0,0.0008333472224535399,0.5487510072522154,0.0
3626,3.0217170286171435,0.5487510072522159,560,681,1241,0.0,0.0008333472224535399,0.5487510072522154,0.0
3627,3.0225503758395975,0.5487510072522159,560,681,1241,0.0,0.000833347222453984,0.5487510072522154,0.0
3628,3.023383723062051,0.5487510072522159,560,681,1241,0.0,0.0008333472224535399,0.5487510072522154,0.0
3629,3.024217070284505,0.5487510072522159,560,681,1241,0.0,0.000833347222453984,0.5487510072522154,0.0
3630,3.0250504175069586,0.5487510072522159,560,681,1241,0.0,0.0008333472224535399,0.5487510072522154,0.0
3631,3.025883764729412,0.5487510072522159,560,681,1241,0.0,0.0008333472224535399,0.5487510072522154,0.0
3632,3.026717111951866,0.5487510072522159,560,681,1241,0.0,0.000833347222453984,0.5487510072522154,0.0
3633,3.0275504591743196,0.5487510072522159,560,681,1241,0.0,0.0008333472224535399,0.5487510072522154,0.0
3634,3.0283838063967736,0.5487510072522159,560,681,1241,0.0,0.000833347222453984,0.5487510072522154,0.0
3635,3.029217153619227,0.5487510072522159,560,681,1241,0.0,0.0008333472224535399,0.5487510072522154,0.0
3636,3.0300505008416807,0.5487510072522159,560,681,1241,0.0,0.0008333472224535399,0.5487510072522154,0.0
3637,3.0308838480641347,0.5487510072522159,560,681,1241,0.0,0.000833347222453984,0.5487510072522154,0.0
3638,3.0317171952865882,0.5487510072522159,560,681,1241,0.0,0.0008333472224535399,0.5487510072522154,0.0
3639,3.0325505425090418,0.5487510072522159,560,681,1241,0.0,0.0008333472224535399,0.5487510072522154,0.0
3640,3.0333838897314958,0.5487510072522159,560,681,1241,0.0,0.000833347222453984,0.5487510072522154,0.0
3641,3.0342172369539493,0.5487510072522159,560,681,1241,0.0,0.0008333472224535399,0.5487510072522154,0.0
3642,3.0350505841764033,0.5487510072522159,560,681,1241,0.0,0.000833347222453984,0.5487510072522154,0.0
3643,3.035883931398857,0.5487510072522159,560,681,1241,0.0,0.0008333472224535399,0.5487510072522154,0.0
3644,3.0367172786213104,0.5487510072522159,560,681,1241,0.0,0.0008333472224535399,0.5487510072522154,0.0
3645,3.0375506258437643,0.5487510072522159,560,681,1241,0.0,0.000833347222453984,0.5487510072522154,0.0
3646,3.038383973066218,0.5487510072522159,560,681,1241,0.0,0.0008333472224535399,0.5487510072522154,0.0
3647,3.0392173202886714,0.5487510072522159,560,681,1241,0.0,0.0008333472224535399,0.5487510072522154,0.0
3648,3.0400506675111254,0.5487510072522159,560,681,1241,0.0,0.000833347222453984,0.5487510072522154,0.0
3649,3.040884014733579,0.5487510072522159,560,681,1241,0.0,0.0008333472224535399,0.5487510072522154,0.0
3650,3.041717361956033,0.5487510072522159,560,681,1241,0.0,0.000833347222453984,0.5487510072522154,0.0
3651,3.0425507091784865,0.5487510072522159,560,681,1241,0.0,0.0008333472224535399,0.5487510072522154,0.0
3652,3.04338405640094,0.5487510072522159,560,681,1241,0.0,0.0008333472224535399,0.5487510072522154,0.0
3653,3.044217403623394,0.5487510072522159,560,681,1241,0.0,0.000833347222453984,0.5487510072522154,0.0
3654,3.0450507508458475,0.5487510072522159,560,681,1241,0.0,0.0008333472224535399,0.5487510072522154,0.0
3655,3.045884098068301,0.5487510072522159,560,681,1241,0.0,0.0008333472224535399,0.5487510072522154,0.0
3656,3.046717445290755,0.5487510072522159,560,681,1241,0.0,0.000833347222453984,0.5487510072522154,0.0
3657,3.0475507925132086,0.5487510072522159,560,681,1241,0.0,0.0008333472224535399,0.5487510072522154,0.0
3658,3.0483841397356626,0.5487510072522159,560,681,1241,0.0,0.000833347222453984,0.5487510072522154,0.0
3659,3.049217486958116,0.5487510072522159,560,681,1241,0.0,0.0008333472224535399,0.5487510072522154,0.0
3660,3.0500508341805697,0.5487510072522159,560,681,1241,0.0,0.0008333472224535399,0.5487510072522154,0.0
3661,3.0508841814030236,0.5487510072522159,560,681,1241,0.0,0.000833347222453984,0.5487510072522154,0.0
3662,3.051717528625477,0.5487510072522159,560,681,1241,0.0,0.0008333472224535399,0.5487510072522154,0.0
3663,3.0525508758479307,0.5487510072522159,560,681,1241,0.0,0.0008333472224535399,0.5487510072522154,0.0
3664,3.0533842230703847,0.5487510072522159,560,681,1241,0.0,0.000833347222453984,0.5487510072522154,0.0
3665,3.0542175702928382,0.5487510072522159,560,681,1241,0.0,0.0008333472224535399,0.5487510072522154,0.0
3666,3.0550509175152922,0.5487510072522159,560,681,1241,0.0,0.000833347222453984,0.5487510072522154,0.0
3667,3.0558842647377458,0.5487510072522159,560,681,1241,0.0,0.0008333472224535399,0.5487510072522154,0.0
3668,3.0567176119601993,0.5487510072522159,560,681,1241,0.0,0.0008333472224535399,0.5487510072522154,0.0
3669,3.0575509591826533,0.5487510072522159,560,681,1241,0.0,0.000833347222453984,0.5487510072522154,0.0
3670,3.058384306405107,0.5487510072522159,560,681,1241,0.0,0.0008333472224535399,0.5487510072522154,0.0
3671,3.0592176536275604,0.5487510072522159,560,681,1241,0.0,0.0008333472224535399,0.5487510072522154,0.0
3672,3.0600510008500144,0.5487510072522159,560,681,1241,0.0,0.000833347222453984,0.5487510072522154,0.0
3673,3.060884348072468,0.5487510072522159,560,681,1241,0.0,0.0008333472224535399,0.5487510072522154,0.0
3674,3.061717695294922,0.5487510072522159,560,681,1241,0.0,0.000833347222453984,0.5487510072522154,0.0
3675,3.0625510425173754,0.5487510072522159,560,681,1241,0.0,0.0008333472224535399,0.5487510072522154,0.0
3676,3.063384389739829,0.5487510072522159,560,681,1241,0.0,0.0008333472224535399,0.5487510072522154,0.0
3677,3.064217736962283,0.5487510072522159,560,681,1241,0.0,0.000833347222453984,0.5487510072522154,0.0
3678,3.0650510841847365,0.5487510072522159,560,681,1241,0.0,0.0008333472224535399,0.5487510072522154,0.0
3679,3.0658844314071905,0.5487510072522159,560,681,1241,0.0,0.000833347222453984,0.5487510072522154,0.0
3680,3.066717778629644,0.5487510072522159,560,681,1241,0.0,0.0008333472224535399,0.5487510072522154,0.0
3681,3.0675511258520975,0.5487510072522159,560,681,1241,0.0,0.0008333472224535399,0.5487510072522154,0.0
3682,3.0683844730745515,0.5487510072522159,560,681,1241,0.0,0.000833347222453984,0.5487510072522154,0.0
3683,3.069217820297005,0.5487510072522159,560,681,1241,0.0,0.0008333472224535399,0.5487510072522154,0.0
3684,3.0700511675194586,0.5487510072522159,560,681,1241,0.0,0.0008333472224535399,0.5487510072522154,0.0
3685,3.0708845147419126,0.5487510072522159,560,681,1241,0.0,0.000833347222453984,0.5487510072522154,0.0
3686,3.071717861964366,0.5487510072522159,560,681,1241,0.0,0.0008333472224535399,0.5487510072522154,0.0
3687,3.07255120918682,0.5487510072522159,560,681,1241,0.0,0.000833347222453984,0.5487510072522154,0.0
3688,3.0733845564092737,0.5487510072522159,560,681,1241,0.0,0.0008333472224535399,0.5487510072522154,0.0
3689,3.074217903631727,0.5487510072522159,560,681,1241,0.0,0.0008333472224535399,0.5487510072522154,0.0
3690,3.075051250854181,0.5487510072522159,560,681,1241,0.0,0.000833347222453984,0.5487510072522154,0.0
3691,3.0758845980766347,0.5487510072522159,560,681,1241,0.0,0.0008333472224535399,0.5487510072522154,0.0
3692,3.0767179452990883,0.5487510072522159,560,681,1241,0.0,0.0008333472224535399,0.5487510072522154,0.0
3693,3.0775512925215422,0.5487510072522159,560,681,1241,0.0,0.000833347222453984,0.5487510072522154,0.0
3694,3.078384639743996,0.5487510072522159,560,681,1241,0.0,0.0008333472224535399,0.5487510072522154,0.0
3695,3.0792179869664498,0.5487510072522159,560,681,1241,0.0,0.000833347222453984,0.5487510072522154,0.0
3696,3.0800513341889033,0.5487510072522159,560,681,1241,0.0,0.0008333472224535399,0.5487510072522154,0.0
3697,3.080884681411357,0.5487510072522159,560,681,1241,0.0,0.0008333472224535399,0.5487510072522154,0.0
3698,3.081718028633811,0.5487510072522159,560,681,1241,0.0,0.000833347222453984,0.5487510072522154,0.0
3699,3.0825513758562644,0.5487510072522159,560,681,1241,0.0,0.0008333472224535399,0.5487510072522154,0.0
3700,3.083384723078718,0.5487510072522159,560,681,1241,0.0,0.0008333472224535399,0.5487510072522154,0.0
3701,3.084218070301172,0.5487510072522159,560,681,1241,0.0,0.000833347222453984,0.5487510072522154,0.0
3702,3.0850514175236254,0.5487510072522159,560,681,1241,0.0,0.0008333472224535399,0.5487510072522154,0.0
3703,3.0858847647460794,0.5487510072522159,560,681,1241,0.0,0.000833347222453984,0.5487510072522154,0.0
3704,3.086718111968533,0.5487510072522159,560,681,1241,0.0,0.0008333472224535399,0.5487510072522154,0.0
3705,3.0875514591909865,0.5487510072522159,560,681,1241,0.0,0.0008333472224535399,0.5487510072522154,0.0
3706,3.0883848064134405,0.5487510072522159,560,681,1241,0.0,0.000833347222453984,0.5487510072522154,0.0
3707,3.089218153635894,0.5487510072522159,560,681,1241,0.0,0.0008333472224535399,0.5487510072522154,0.0
3708,3.0900515008583476,0.5487510072522159,560,681,1241,0.0,0.0008333472224535399,0.5487510072522154,0.0
3709,3.0908848480808016,0.5487510072522159,560,681,1241,0.0,0.000833347222453984,0.5487510072522154,0.0
3710,3.091718195303255,0.5487510072522159,560,681,1241,0.0,0.0008333472224535399,0.5487510072522154,0.0
3711,3.092551542525709,0.5487510072522159,560,681,1241,0.0,0.000833347222453984,0.5487510072522154,0.0
3712,3.0933848897481626,0.5487510072522159,560,681,1241,0.0,0.0008333472224535399,0.5487510072522154,0.0
3713,3.094218236970616,0.5487510072522159,560,681,1241,0.0,0.0008333472224535399,0.5487510072522154,0.0
3714,3.09505158419307,0.5487510072522159,560,681,1241,0.0,0.000833347222453984,0.5487510072522154,0.0
3715,3.0958849314155237,0.5487510072522159,560,681,1241,0.0,0.0008333472224535399,0.5487510072522154,0.0
3716,3.096718278637977,0.5487510072522159,560,681,1241,0.0,0.0008333472224535399,0.5487510072522154,0.0
3717,3.097551625860431,0.5487510072522159,560,681,1241,0.0,0.000833347222453984,0.5487510072522154,0.0
3718,3.0983849730828847,0.5487510072522159,560,681,1241,0.0,0.0008333472224535399,0.5487510072522154,0.0
3719,3.0992183203053387,0.5487510072522159,560,681,1241,0.0,0.000833347222453984,0.5487510072522154,0.0
3720,3.1000516675277923,0.5487510072522159,560,681,1241,0.0,0.0008333472224535399,0.5487510072522154,0.0
3721,3.100885014750246,0.5487510072522159,560,681,1241,0.0,0.0008333472224535399,0.5487510072522154,0.0
3722,3.1017183619727,0.5487510072522159,560,681,1241,0.0,0.000833347222453984,0.5487510072522154,0.0
3723,3.1025517091951533,0.5487510072522159,560,681,1241,0.0,0.0008333472224535399,0.5487510072522154,0.0
3724,3.1033850564176073,0.5487510072522159,560,681,1241,0.0,0.000833347222453984,0.5487510072522154,0.0
3725,3.104218403640061,0.5487510072522159,560,681,1241,0.0,0.0008333472224535399,0.5487510072522154,0.0
3726,3.1050517508625144,0.5487510072522159,560,681,1241,0.0,0.0008333472224535399,0.5487510072522154,0.0
3727,3.1058850980849684,0.5487510072522159,560,681,1241,0.0,0.000833347222453984,0.5487510072522154,0.0
3728,3.106718445307422,0.5487510072522159,560,681,1241,0.0,0.0008333472224535399,0.5487510072522154,0.0
3729,3.1075517925298755,0.5487510072522159,560,681,1241,0.0,0.0008333472224535399,0.5487510072522154,0.0
3730,3.1083851397523294,0.5487510072522159,560,681,1241,0.0,0.000833347222453984,0.5487510072522154,0.0
3731,3.109218486974783,0.5487510072522159,560,681,1241,0.0,0.0008333472224535399,0.5487510072522154,0.0
3732,3.110051834197237,0.5487510072522159,560,681,1241,0.0,0.000833347222453984,0.5487510072522154,0.0
3733,3.1108851814196905,0.5487510072522159,560,681,1241,0.0,0.0008333472224535399,0.5487510072522154,0.0
3734,3.111718528642144,0.5487510072522159,560,681,1241,0.0,0.0008333472224535399,0.5487510072522154,0.0
3735,3.112551875864598,0.5487510072522159,560,681,1241,0.0,0.000833347222453984,0.5487510072522154,0.0
3736,3.1133852230870516,0.5487510072522159,560,681,1241,0.0,0.0008333472224535399,0.5487510072522154,0.0
3737,3.114218570309505,0.5487510072522159,560,681,1241,0.0,0.0008333472224535399,0.5487510072522154,0.0
3738,3.115051917531959,0.5487510072522159,560,681,1241,0.0,0.000833347222453984,0.5487510072522154,0.0
3739,3.1158852647544126,0.5487510072522159,560,681,1241,0.0,0.0008333472224535399,0.5487510072522154,0.0
3740,3.1167186119768666,0.5487510072522159,560,681,1241,0.0,0.000833347222453984,0.5487510072522154,0.0
3741,3.11755195919932,0.5487510072522159,560,681,1241,0.0,0.0008333472224535399,0.5487510072522154,0.0
3742,3.1183853064217737,0.5487510072522159,560,681,1241,0.0,0.0008333472224535399,0.5487510072522154,0.0
3743,3.1192186536442277,0.5487510072522159,560,681,1241,0.0,0.000833347222453984,0.5487510072522154,0.0
3744,3.120052000866681,0.5487510072522159,560,681,1241,0.0,0.0008333472224535399,0.5487510072522154,0.0
3745,3.1208853480891348,0.5487510072522159,560,681,1241,0.0,0.0008333472224535399,0.5487510072522154,0.0
3746,3.1217186953115887,0.5487510072522159,560,681,1241,0.0,0.000833347222453984,0.5487510072522154,0.0
3747,3.1225520425340423,0.5487510072522159,560,681,1241,0.0,0.0008333472224535399,0.5487510072522154,0.0
3748,3.1233853897564963,0.5487510072522159,560,681,1241,0.0,0.000833347222453984,0.5487510072522154,0.0
3749,3.12421873697895,0.5487510072522159,560,681,1241,0.0,0.0008333472224535399,0.5487510072522154,0.0
3750,3.1250520842014033,0.5487510072522159,560,681,1241,0.0,0.0008333472224535399,0.5487510072522154,0.0
3751,3.1258854314238573,0.5487510072522159,560,681,1241,0.0,0.000833347222453984,0.5487510072522154,0.0
3752,3.126718778646311,0.5487510072522159,560,681,1241,0.0,0.0008333472224535399,0.5487510072522154,0.0
3753,3.1275521258687644,0.5487510072522159,560,681,1241,0.0,0.0008333472224535399,0.5487510072522154,0.0
3754,3.1283854730912184,0.5487510072522159,560,681,1241,0.0,0.000833347222453984,0.5487510072522154,0.0
3755,3.129218820313672,0.5487510072522159,560,681,1241,0.0,0.0008333472224535399,0.5487510072522154,0.0
3756,3.130052167536126,0.5487510072522159,560,681,1241,0.0,0.000833347222453984,0.5487510072522154,0.0
3757,3.1308855147585795,0.5487510072522159,560,681,1241,0.0,0.0008333472224535399,0.5487510072522154,0.0
3758,3.131718861981033,0.5487510072522159,560,681,1241,0.0,0.0008333472224535399,0.5487510072522154,0.0
3759,3.132552209203487,0.5487510072522159,560,681,1241,0.0,0.000833347222453984,0.5487510072522154,0.0
3760,3.1333855564259405,0.5487510072522159,560,681,1241,0.0,0.0008333472224535399,0.5487510072522154,0.0
3761,3.134218903648394,0.5487510072522159,560,681,1241,0.0,0.0008333472224535399,0.5487510072522154,0.0
3762,3.135052250870848,0.5487510072522159,560,681,1241,0.0,0.000833347222453984,0.5487510072522154,0.0
3763,3.1358855980933016,0.5487510072522159,560,681,1241,0.0,0.0008333472224535399,0.5487510072522154,0.0
3764,3.1367189453157556,0.5487510072522159,560,681,1241,0.0,0.000833347222453984,0.5487510072522154,0.0
3765,3.137552292538209,0.5487510072522159,560,681,1241,0.0,0.0008333472224535399,0.5487510072522154,0.0
3766,3.1383856397606626,0.5487510072522159,560,681,1241,0.0,0.0008333472224535399,0.5487510072522154,0.0
3767,3.1392189869831166,0.5487510072522159,560,681,1241,0.0,0.000833347222453984,0.5487510072522154,0.0
3768,3.14005233420557,0.5487510072522159,560,681,1241,0.0,0.0008333472224535399,0.5487510072522154,0.0
3769,3.1408856814280237,0.5487510072522159,560,681,1241,0.0,0.0008333472224535399,0.5487510072522154,0.0
3770,3.1417190286504777,0.5487510072522159,560,681,1241,0.0,0.000833347222453984,0.5487510072522154,0.0
3771,3.1425523758729312,0.5487510072522159,560,681,1241,0.0,0.0008333472224535399,0.5487510072522154,0.0
3772,3.143385723095385,0.5487510072522159,560,681,1241,0.0,0.000833347222453984,0.5487510072522154,0.0
3773,3.1442190703178388,0.5487510072522159,560,681,1241,0.0,0.0008333472224535399,0.5487510072522154,0.0
3774,3.1450524175402923,0.5487510072522159,560,681,1241,0.0,0.0008333472224535399,0.5487510072522154,0.0
3775,3.1458857647627463,0.5487510072522159,560,681,1241,0.0,0.000833347222453984,0.5487510072522154,0.0
3776,3.1467191119852,0.5487510072522159,560,681,1241,0.0,0.0008333472224535399,0.5487510072522154,0.0
3777,3.147552459207654,0.5487510072522159,560,681,1241,0.0,0.000833347222453984,0.5487510072522154,0.0
3778,3.1483858064301073,0.5487510072522159,560,681,1241,0.0,0.0008333472224535399,0.5487510072522154,0.0
3779,3.149219153652561,0.5487510072522159,560,681,1241,0.0,0.0008333472224535399,0.5487510072522154,0.0
3780,3.150052500875015,0.5487510072522159,560,681,1241,0.0,0.000833347222453984,0.5487510072522154,0.0
3781,3.1508858480974684,0.5487510072522159,560,681,1241,0.0,0.0008333472224535399,0.5487510072522154,0.0
3782,3.151719195319922,0.5487510072522159,560,681,1241,0.0,0.0008333472224535399,0.5487510072522154,0.0
3783,3.152552542542376,0.5487510072522159,560,681,1241,0.0,0.000833347222453984,0.5487510072522154,0.0
3784,3.1533858897648295,0.5487510072522159,560,681,1241,0.0,0.0008333472224535399,0.5487510072522154,0.0
3785,3.1542192369872835,0.5487510072522159,560,681,1241,0.0,0.000833347222453984,0.5487510072522154,0.0
3786,3.155052584209737,0.5487510072522159,560,681,1241,0.0,0.0008333472224535399,0.5487510072522154,0.0
3787,3.1558859314321905,0.5487510072522159,560,681,1241,0.0,0.0008333472224535399,0.5487510072522154,0.0
3788,3.1567192786546445,0.5487510072522159,560,681,1241,0.0,0.000833347222453984,0.5487510072522154,0.0
3789,3.157552625877098,0.5487510072522159,560,681,1241,0.0,0.0008333472224535399,0.5487510072522154,0.0
3790,3.1583859730995516,0.5487510072522159,560,681,1241,0.0,0.0008333472224535399,0.5487510072522154,0.0
3791,3.1592193203220056,0.5487510072522159,560,681,1241,0.0,0.000833347222453984,0.5487510072522154,0.0
3792,3.160052667544459,0.5487510072522159,560,681,1241,0.0,0.0008333472224535399,0.5487510072522154,0.0
3793,3.160886014766913,0.5487510072522159,560,681,1241,0.0,0.000833347222453984,0.5487510072522154,0.0
3794,3.1617193619893667,0.5487510072522159,560,681,1241,0.0,0.0008333472224535399,0.5487510072522154,0.0
3795,3.16255270921182,0.5487510072522159,560,681,1241,0.0,0.0008333472224535399,0.5487510072522154,0.0
3796,3.163386056434274,0.5487510072522159,560,681,1241,0.0,0.000833347222453984,0.5487510072522154,0.0
3797,3.1642194036567277,0.5487510072522159,560,681,1241,0.0,0.0008333472224535399,0.5487510072522154,0.0
3798,3.1650527508791813,0.5487510072522159,560,681,1241,0.0,0.0008333472224535399,0.5487510072522154,0.0
3799,3.1658860981016352,0.5487510072522159,560,681,1241,0.0,0.000833347222453984,0.5487510072522154,0.0
3800,3.1667194453240888,0.5487510072522159,560,681,1241,0.0,0.0008333472224535399,0.5487510072522154,0.0
3801,3.1675527925465428,0.5487510072522159,560,681,1241,0.0,0.000833347222453984,0.5487510072522154,0.0
3802,3.1683861397689963,0.5487510072522159,560,681,1241,0.0,0.0008333472224535399,0.5487510072522154,0.0
3803,3.16921948699145,0.5487510072522159,560,681,1241,0.0,0.0008333472224535399,0.5487510072522154,0.0
3804,3.170052834213904,0.5487510072522159,560,681,1241,0.0,0.000833347222453984,0.5487510072522154,0.0
3805,3.1708861814363574,0.5487510072522159,560,681,1241,0.0,0.0008333472224535399,0.5487510072522154,0.0
3806,3.171719528658811,0.5487510072522159,560,681,1241,0.0,0.0008333472224535399,0.5487510072522154,0.0
3807,3.172552875881265,0.5487510072522159,560,681,1241,0.0,0.000833347222453984,0.5487510072522154,0.0
3808,3.1733862231037184,0.5487510072522159,560,681,1241,0.0,0.0008333472224535399,0.5487510072522154,0.0
3809,3.1742195703261724,0.5487510072522159,560,681,1241,0.0,0.000833347222453984,0.5487510072522154,0.0
3810,3.175052917548626,0.5487510072522159,560,681,1241,0.0,0.0008333472224535399,0.5487510072522154,0.0
3811,3.1758862647710795,0.5487510072522159,560,681,1241,0.0,0.0008333472224535399,0.5487510072522154,0.0
3812,3.1767196119935335,0.5487510072522159,560,681,1241,0.0,0.000833347222453984,0.5487510072522154,0.0
3813,3.177552959215987,0.5487510072522159,560,681,1241,0.0,0.0008333472224535399,0.5487510072522154,0.0
3814,3.1783863064384406,0.5487510072522159,560,681,1241,0.0,0.0008333472224535399,0.5487510072522154,0.0
3815,3.1792196536608945,0.5487510072522159,560,681,1241,0.0,0.000833347222453984,0.5487510072522154,0.0
3816,3.180053000883348,0.5487510072522159,560,681,1241,0.0,0.0008333472224535399,0.5487510072522154,0.0
3817,3.180886348105802,0.5487510072522159,560,681,1241,0.0,0.000833347222453984,0.5487510072522154,0.0
3818,3.1817196953282556,0.5487510072522159,560,681,1241,0.0,0.0008333472224535399,0.5487510072522154,0.0
3819,3.182553042550709,0.5487510072522159,560,681,1241,0.0,0.0008333472224535399,0.5487510072522154,0.0
3820,3.183386389773163,0.5487510072522159,560,681,1241,0.0,0.000833347222453984,0.5487510072522154,0.0
3821,3.1842197369956167,0.5487510072522159,560,681,1241,0.0,0.0008333472224535399,0.5487510072522154,0.0
3822,3.1850530842180707,0.5487510072522159,560,681,1241,0.0,0.000833347222453984,0.5487510072522154,0.0
3823,3.185886431440524,0.5487510072522159,560,681,1241,0.0,0.0008333472224535399,0.5487510072522154,0.0
3824,3.1867197786629777,0.5487510072522159,560,681,1241,0.0,0.0008333472224535399,0.5487510072522154,0.0
3825,3.1875531258854317,0.5487510072522159,560,681,1241,0.0,0.000833347222453984,0.5487510072522154,0.0
3826,3.1883864731078853,0.5487510072522159,560,681,1241,0.0,0.0008333472224535399,0.5487510072522154,0.0
3827,3.189219820330339,0.5487510072522159,560,681,1241,0.0,0.0008333472224535399,0.5487510072522154,0.0
3828,3.190053167552793,0.5487510072522159,560,681,1241,0.0,0.000833347222453984,0.5487510072522154,0.0
3829,3.1908865147752463,0.5487510072522159,560,681,1241,0.0,0.0008333472224535399,0.5487510072522154,0.0
3830,3.1917198619977003,0.5487510072522159,560,681,1241,0.0,0.000833347222453984,0.5487510072522154,0.0
3831,3.192553209220154,0.5487510072522159,560,681,1241,0.0,0.0008333472224535399,0.5487510072522154,0.0
3832,3.1933865564426074,0.5487510072522159,560,681,1241,0.0,0.0008333472224535399,0.5487510072522154,0.0
3833,3.1942199036650614,0.5487510072522159,560,681,1241,0.0,0.000833347222453984,0.5487510072522154,0.0
3834,3.195053250887515,0.5487510072522159,560,681,1241,0.0,0.0008333472224535399,0.5487510072522154,0.0
3835,3.1958865981099684,0.5487510072522159,560,681,1241,0.0,0.0008333472224535399,0.5487510072522154,0.0
3836,3.1967199453324224,0.5487510072522159,560,681,1241,0.0,0.000833347222453984,0.5487510072522154,0.0
3837,3.197553292554876,0.5487510072522159,560,681,1241,0.0,0.0008333472224535399,0.5487510072522154,0.0
3838,3.19838663977733,0.5487510072522159,560,681,1241,0.0,0.000833347222453984,0.5487510072522154,0.0
3839,3.1992199869997835,0.5487510072522159,560,681,1241,0.0,0.0008333472224535399,0.5487510072522154,0.0
3840,3.200053334222237,0.5487510072522159,560,681,1241,0.0,0.0008333472224535399,0.5487510072522154,0.0
3841,3.200886681444691,0.5487510072522159,560,681,1241,0.0,0.000833347222453984,0.5487510072522154,0.0
3842,3.2017200286671446,0.5487510072522159,560,681,1241,0.0,0.0008333472224535399,0.5487510072522154,0.0
3843,3.202553375889598,0.5487510072522159,560,681,1241,0.0,0.0008333472224535399,0.5487510072522154,0.0
3844,3.203386723112052,0.5487510072522159,560,681,1241,0.0,0.000833347222453984,0.5487510072522154,0.0
3845,3.2042200703345056,0.5487510072522159,560,681,1241,0.0,0.0008333472224535399,0.5487510072522154,0.0
3846,3.2050534175569596,0.5487510072522159,560,681,1241,0.0,0.000833347222453984,0.5487510072522154,0.0
3847,3.205886764779413,0.5487510072522159,560,681,1241,0.0,0.0008333472224535399,0.5487510072522154,0.0
3848,3.2067201120018667,0.5487510072522159,560,681,1241,0.0,0.0008333472224535399,0.5487510072522154,0.0
3849,3.2075534592243207,0.5487510072522159,560,681,1241,0.0,0.000833347222453984,0.5487510072522154,0.0
3850,3.208386806446774,0.5487510072522159,560,681,1241,0.0,0.0008333472224535399,0.5487510072522154,0.0
3851,3.2092201536692277,0.5487510072522159,560,681,1241,0.0,0.0008333472224535399,0.5487510072522154,0.0
3852,3.2100535008916817,0.5487510072522159,560,681,1241,0.0,0.000833347222453984,0.5487510072522154,0.0
3853,3.2108868481141353,0.5487510072522159,560,681,1241,0.0,0.0008333472224535399,0.5487510072522154,0.0
3854,3.2117201953365893,0.5487510072522159,560,681,1241,0.0,0.000833347222453984,0.5487510072522154,0.0
3855,3.212553542559043,0.5487510072522159,560,681,1241,0.0,0.0008333472224535399,0.5487510072522154,0.0
3856,3.2133868897814963,0.5487510072522159,560,681,1241,0.0,0.0008333472224535399,0.5487510072522154,0.0
3857,3.2142202370039503,0.5487510072522159,560,681,1241,0.0,0.000833347222453984,0.5487510072522154,0.0
3858,3.215053584226404,0.5487510072522159,560,681,1241,0.0,0.0008333472224535399,0.5487510072522154,0.0
3859,3.2158869314488574,0.5487510072522159,560,681,1241,0.0,0.0008333472224535399,0.5487510072522154,0.0
3860,3.2167202786713114,0.5487510072522159,560,681,1241,0.0,0.000833347222453984,0.5487510072522154,0.0
3861,3.217553625893765,0.5487510072522159,560,681,1241,0.0,0.0008333472224535399,0.5487510072522154,0.0
3862,3.218386973116219,0.5487510072522159,560,681,1241,0.0,0.000833347222453984,0.5487510072522154,0.0
3863,3.2192203203386724,0.5487510072522159,560,681,1241,0.0,0.0008333472224535399,0.5487510072522154,0.0
3864,3.220053667561126,0.5487510072522159,560,681,1241,0.0,0.0008333472224535399,0.5487510072522154,0.0
3865,3.22088701478358,0.5487510072522159,560,681,1241,0.0,0.000833347222453984,0.5487510072522154,0.0
3866,3.2217203620060335,0.5487510072522159,560,681,1241,0.0,0.0008333472224535399,0.5487510072522154,0.0
3867,3.2225537092284875,0.5487510072522159,560,681,1241,0.0,0.000833347222453984,0.5487510072522154,0.0
3868,3.223387056450941,0.5487510072522159,560,681,1241,0.0,0.0008333472224535399,0.5487510072522154,0.0
3869,3.2242204036733946,0.5487510072522159,560,681,1241,0.0,0.0008333472224535399,0.5487510072522154,0.0
3870,3.2250537508958486,0.5487510072522159,560,681,1241,0.0,0.000833347222453984,0.5487510072522154,0.0
3871,3.225887098118302,0.5487510072522159,560,681,1241,0.0,0.0008333472224535399,0.5487510072522154,0.0
3872,3.2267204453407556,0.5487510072522159,560,681,1241,0.0,0.0008333472224535399,0.5487510072522154,0.0
3873,3.2275537925632096,0.5487510072522159,560,681,1241,0.0,0.000833347222453984,0.5487510072522154,0.0
3874,3.228387139785663,0.5487510072522159,560,681,1241,0.0,0.0008333472224535399,0.5487510072522154,0.0
3875,3.229220487008117,0.5487510072522159,560,681,1241,0.0,0.000833347222453984,0.5487510072522154,0.0
3876,3.2300538342305707,0.5487510072522159,560,681,1241,0.0,0.0008333472224535399,0.5487510072522154,0.0
3877,3.2308871814530242,0.5487510072522159,560,681,1241,0.0,0.0008333472224535399,0.5487510072522154,0.0
3878,3.231720528675478,0.5487510072522159,560,681,1241,0.0,0.000833347222453984,0.5487510072522154,0.0
3879,3.2325538758979317,0.5487510072522159,560,681,1241,0.0,0.0008333472224535399,0.5487510072522154,0.0
3880,3.2333872231203853,0.5487510072522159,560,681,1241,0.0,0.0008333472224535399,0.5487510072522154,0.0
3881,3.2342205703428393,0.5487510072522159,560,681,1241,0.0,0.000833347222453984,0.5487510072522154,0.0
3882,3.235053917565293,0.5487510072522159,560,681,1241,0.0,0.0008333472224535399,0.5487510072522154,0.0
3883,3.235887264787747,0.5487510072522159,560,681,1241,0.0,0.000833347222453984,0.5487510072522154,0.0
3884,3.2367206120102003,0.5487510072522159,560,681,1241,0.0,0.0008333472224535399,0.5487510072522154,0.0
3885,3.237553959232654,0.5487510072522159,560,681,1241,0.0,0.0008333472224535399,0.5487510072522154,0.0
3886,3.238387306455108,0.5487510072522159,560,681,1241,0.0,0.000833347222453984,0.5487510072522154,0.0
3887,3.2392206536775614,0.5487510072522159,560,681,1241,0.0,0.0008333472224535399,0.5487510072522154,0.0
3888,3.240054000900015,0.5487510072522159,560,681,1241,0.0,0.0008333472224535399,0.5487510072522154,0.0
3889,3.240887348122469,0.5487510072522159,560,681,1241,0.0,0.000833347222453984,0.5487510072522154,0.0
3890,3.2417206953449225,0.5487510072522159,560,681,1241,0.0,0.0008333472224535399,0.5487510072522154,0.0
3891,3.2425540425673764,0.5487510072522159,560,681,1241,0.0,0.000833347222453984,0.5487510072522154,0.0
3892,3.24338738978983,0.5487510072522159,560,681,1241,0.0,0.0008333472224535399,0.5487510072522154,0.0
3893,3.2442207370122835,0.5487510072522159,560,681,1241,0.0,0.0008333472224535399,0.5487510072522154,0.0
3894,3.2450540842347375,0.5487510072522159,560,681,1241,0.0,0.000833347222453984,0.5487510072522154,0.0
3895,3.245887431457191,0.5487510072522159,560,681,1241,0.0,0.0008333472224535399,0.5487510072522154,0.0
3896,3.2467207786796446,0.5487510072522159,560,681,1241,0.0,0.0008333472224535399,0.5487510072522154,0.0
3897,3.2475541259020986,0.5487510072522159,560,681,1241,0.0,0.000833347222453984,0.5487510072522154,0.0
3898,3.248387473124552,0.5487510072522159,560,681,1241,0.0,0.0008333472224535399,0.5487510072522154,0.0
3899,3.249220820347006,0.5487510072522159,560,681,1241,0.0,0.000833347222453984,0.5487510072522154,0.0
3900,3.2500541675694596,0.5487510072522159,560,681,1241,0.0,0.0008333472224535399,0.5487510072522154,0.0
3901,3.250887514791913,0.5487510072522159,560,681,1241,0.0,0.0008333472224535399,0.5487510072522154,0.0
3902,3.251720862014367,0.5487510072522159,560,681,1241,0.0,0.000833347222453984,0.5487510072522154,0.0
3903,3.2525542092368207,0.5487510072522159,560,681,1241,0.0,0.0008333472224535399,0.5487510072522154,0.0
3904,3.2533875564592742,0.5487510072522159,560,681,1241,0.0,0.0008333472224535399,0.5487510072522154,0.0
3905,3.2542209036817282,0.5487510072522159,560,681,1241,0.0,0.000833347222453984,0.5487510072522154,0.0
3906,3.2550542509041818,0.5487510072522159,560,681,1241,0.0,0.0008333472224535399,0.5487510072522154,0.0
3907,3.2558875981266358,0.5487510072522159,560,681,1241,0.0,0.000833347222453984,0.5487510072522154,0.0
3908,3.2567209453490893,0.5487510072522159,560,681,1241,0.0,0.0008333472224535399,0.5487510072522154,0.0
3909,3.257554292571543,0.5487510072522159,560,681,1241,0.0,0.0008333472224535399,0.5487510072522154,0.0
3910,3.258387639793997,0.5487510072522159,560,681,1241,0.0,0.000833347222453984,0.5487510072522154,0.0
3911,3.2592209870164504,0.5487510072522159,560,681,1241,0.0,0.0008333472224535399,0.5487510072522154,0.0
3912,3.2600543342389043,0.5487510072522159,560,681,1241,0.0,0.000833347222453984,0.5487510072522154,0.0
3913,3.260887681461358,0.5487510072522159,560,681,1241,0.0,0.0008333472224535399,0.5487510072522154,0.0
3914,3.2617210286838114,0.5487510072522159,560,681,1241,0.0,0.0008333472224535399,0.5487510072522154,0.0
3915,3.2625543759062654,0.5487510072522159,560,681,1241,0.0,0.000833347222453984,0.5487510072522154,0.0
3916,3.263387723128719,0.5487510072522159,560,681,1241,0.0,0.0008333472224535399,0.5487510072522154,0.0
3917,3.2642210703511725,0.5487510072522159,560,681,1241,0.0,0.0008333472224535399,0.5487510072522154,0.0
3918,3.2650544175736265,0.5487510072522159,560,681,1241,0.0,0.000833347222453984,0.5487510072522154,0.0
3919,3.26588776479608,0.5487510072522159,560,681,1241,0.0,0.0008333472224535399,0.5487510072522154,0.0
3920,3.266721112018534,0.5487510072522159,560,681,1241,0.0,0.000833347222453984,0.5487510072522154,0.0
3921,3.2675544592409875,0.5487510072522159,560,681,1241,0.0,0.0008333472224535399,0.5487510072522154,0.0
3922,3.268387806463441,0.5487510072522159,560,681,1241,0.0,0.0008333472224535399,0.5487510072522154,0.0
3923,3.269221153685895,0.5487510072522159,560,681,1241,0.0,0.000833347222453984,0.5487510072522154,0.0
3924,3.2700545009083486,0.5487510072522159,560,681,1241,0.0,0.0008333472224535399,0.5487510072522154,0.0
3925,3.270887848130802,0.5487510072522159,560,681,1241,0.0,0.0008333472224535399,0.5487510072522154,0.0
3926,3.271721195353256,0.5487510072522159,560,681,1241,0.0,0.000833347222453984,0.5487510072522154,0.0
3927,3.2725545425757097,0.5487510072522159,560,681,1241,0.0,0.0008333472224535399,0.5487510072522154,0.0
3928,3.2733878897981636,0.5487510072522159,560,681,1241,0.0,0.000833347222453984,0.5487510072522154,0.0
3929,3.274221237020617,0.5487510072522159,560,681,1241,0.0,0.0008333472224535399,0.5487510072522154,0.0
3930,3.2750545842430707,0.5487510072522159,560,681,1241,0.0,0.0008333472224535399,0.5487510072522154,0.0
3931,3.2758879314655247,0.5487510072522159,560,681,1241,0.0,0.000833347222453984,0.5487510072522154,0.0
3932,3.2767212786879782,0.5487510072522159,560,681,1241,0.0,0.0008333472224535399,0.5487510072522154,0.0
3933,3.277554625910432,0.5487510072522159,560,681,1241,0.0,0.0008333472224535399,0.5487510072522154,0.0
3934,3.2783879731328858,0.5487510072522159,560,681,1241,0.0,0.000833347222453984,0.5487510072522154,0.0
3935,3.2792213203553393,0.5487510072522159,560,681,1241,0.0,0.0008333472224535399,0.5487510072522154,0.0
3936,3.2800546675777933,0.5487510072522159,560,681,1241,0.0,0.000833347222453984,0.5487510072522154,0.0
3937,3.280888014800247,0.5487510072522159,560,681,1241,0.0,0.0008333472224535399,0.5487510072522154,0.0
3938,3.2817213620227004,0.5487510072522159,560,681,1241,0.0,0.0008333472224535399,0.5487510072522154,0.0
3939,3.2825547092451544,0.5487510072522159,560,681,1241,0.0,0.000833347222453984,0.5487510072522154,0.0
3940,3.283388056467608,0.5487510072522159,560,681,1241,0.0,0.0008333472224535399,0.5487510072522154,0.0
3941,3.2842214036900614,0.5487510072522159,560,681,1241,0.0,0.0008333472224535399,0.5487510072522154,0.0
3942,3.2850547509125154,0.5487510072522159,560,681,1241,0.0,0.000833347222453984,0.5487510072522154,0.0
3943,3.285888098134969,0.5487510072522159,560,681,1241,0.0,0.0008333472224535399,0.5487510072522154,0.0
3944,3.286721445357423,0.5487510072522159,560,681,1241,0.0,0.000833347222453984,0.5487510072522154,0.0
3945,3.2875547925798765,0.5487510072522159,560,681,1241,0.0,0.0008333472224535399,0.5487510072522154,0.0
3946,3.28838813980233,0.5487510072522159,560,681,1241,0.0,0.0008333472224535399,0.5487510072522154,0.0
3947,3.289221487024784,0.5487510072522159,560,681,1241,0.0,0.000833347222453984,0.5487510072522154,0.0
3948,3.2900548342472375,0.5487510072522159,560,681,1241,0.0,0.0008333472224535399,0.5487510072522154,0.0
3949,3.290888181469691,0.5487510072522159,560,681,1241,0.0,0.0008333472224535399,0.5487510072522154,0.0
3950,3.291721528692145,0.5487510072522159,560,681,1241,0.0,0.000833347222453984,0.5487510072522154,0.0
3951,3.2925548759145986,0.5487510072522159,560,681,1241,0.0,0.0008333472224535399,0.5487510072522154,0.0
3952,3.2933882231370526,0.5487510072522159,560,681,1241,0.0,0.000833347222453984,0.5487510072522154,0.0
3953,3.294221570359506,0.5487510072522159,560,681,1241,0.0,0.0008333472224535399,0.5487510072522154,0.0
3954,3.2950549175819597,0.5487510072522159,560,681,1241,0.0,0.0008333472224535399,0.5487510072522154,0.0
3955,3.2958882648044137,0.5487510072522159,560,681,1241,0.0,0.000833347222453984,0.5487510072522154,0.0
3956,3.296721612026867,0.5487510072522159,560,681,1241,0.0,0.0008333472224535399,0.5487510072522154,0.0
3957,3.297554959249321,0.5487510072522159,560,681,1241,0.0,0.000833347222453984,0.5487510072522154,0.0
3958,3.2983883064717747,0.5487510072522159,560,681,1241,0.0,0.0008333472224535399,0.5487510072522154,0.0
3959,3.2992216536942283,0.5487510072522159,560,681,1241,0.0,0.0008333472224535399,0.5487510072522154,0.0
3960,3.3000550009166822,0.5487510072522159,560,681,1241,0.0,0.000833347222453984,0.5487510072522154,0.0
3961,3.300888348139136,0.5487510072522159,560,681,1241,0.0,0.0008333472224535399,0.5487510072522154,0.0
3962,3.3017216953615893,0.5487510072522159,560,681,1241,0.0,0.0008333472224535399,0.5487510072522154,0.0
3963,3.3025550425840433,0.5487510072522159,560,681,1241,0.0,0.000833347222453984,0.5487510072522154,0.0
3964,3.303388389806497,0.5487510072522159,560,681,1241,0.0,0.0008333472224535399,0.5487510072522154,0.0
3965,3.304221737028951,0.5487510072522159,560,681,1241,0.0,0.000833347222453984,0.5487510072522154,0.0
3966,3.3050550842514044,0.5487510072522159,560,681,1241,0.0,0.0008333472224535399,0.5487510072522154,0.0
3967,3.305888431473858,0.5487510072522159,560,681,1241,0.0,0.0008333472224535399,0.5487510072522154,0.0
3968,3.306721778696312,0.5487510072522159,560,681,1241,0.0,0.000833347222453984,0.5487510072522154,0.0
3969,3.3075551259187654,0.5487510072522159,560,681,1241,0.0,0.0008333472224535399,0.5487510072522154,0.0
3970,3.308388473141219,0.5487510072522159,560,681,1241,0.0,0.0008333472224535399,0.5487510072522154,0.0
3971,3.309221820363673,0.5487510072522159,560,681,1241,0.0,0.000833347222453984,0.5487510072522154,0.0
3972,3.3100551675861265,0.5487510072522159,560,681,1241,0.0,0.0008333472224535399,0.5487510072522154,0.0
3973,3.3108885148085805,0.5487510072522159,560,681,1241,0.0,0.000833347222453984,0.5487510072522154,0.0
3974,3.311721862031034,0.5487510072522159,560,681,1241,0.0,0.0008333472224535399,0.5487510072522154,0.0
3975,3.3125552092534876,0.5487510072522159,560,681,1241,0.0,0.0008333472224535399,0.5487510072522154,0.0
3976,3.3133885564759415,0.5487510072522159,560,681,1241,0.0,0.000833347222453984,0.5487510072522154,0.0
3977,3.314221903698395,0.5487510072522159,560,681,1241,0.0,0.0008333472224535399,0.5487510072522154,0.0
3978,3.3150552509208486,0.5487510072522159,560,681,1241,0.0,0.0008333472224535399,0.5487510072522154,0.0
3979,3.3158885981433026,0.5487510072522159,560,681,1241,0.0,0.000833347222453984,0.5487510072522154,0.0
3980,3.316721945365756,0.5487510072522159,560,681,1241,0.0,0.0008333472224535399,0.5487510072522154,0.0
3981,3.31755529258821,0.5487510072522159,560,681,1241,0.0,0.000833347222453984,0.5487510072522154,0.0
3982,3.3183886398106637,0.5487510072522159,560,681,1241,0.0,0.0008333472224535399,0.5487510072522154,0.0
3983,3.319221987033117,0.5487510072522159,560,681,1241,0.0,0.0008333472224535399,0.5487510072522154,0.0
3984,3.320055334255571,0.5487510072522159,560,681,1241,0.0,0.000833347222453984,0.5487510072522154,0.0
3985,3.3208886814780247,0.5487510072522159,560,681,1241,0.0,0.0008333472224535399,0.5487510072522154,0.0
3986,3.3217220287004783,0.5487510072522159,560,681,1241,0.0,0.0008333472224535399,0.5487510072522154,0.0
3987,3.3225553759229323,0.5487510072522159,560,681,1241,0.0,0.000833347222453984,0.5487510072522154,0.0
3988,3.323388723145386,0.5487510072522159,560,681,1241,0.0,0.0008333472224535399,0.5487510072522154,0.0
3989,3.32422207036784,0.5487510072522159,560,681,1241,0.0,0.000833347222453984,0.5487510072522154,0.0
3990,3.3250554175902933,0.5487510072522159,560,681,1241,0.0,0.0008333472224535399,0.5487510072522154,0.0
3991,3.325888764812747,0.5487510072522159,560,681,1241,0.0,0.0008333472224535399,0.5487510072522154,0.0
3992,3.326722112035201,0.5487510072522159,560,681,1241,0.0,0.000833347222453984,0.5487510072522154,0.0
3993,3.3275554592576544,0.5487510072522159,560,681,1241,0.0,0.0008333472224535399,0.5487510072522154,0.0
3994,3.328388806480108,0.5487510072522159,560,681,1241,0.0,0.0008333472224535399,0.5487510072522154,0.0
3995,3.329222153702562,0.5487510072522159,560,681,1241,0.0,0.000833347222453984,0.5487510072522154,0.0
3996,3.3300555009250155,0.5487510072522159,560,681,1241,0.0,0.0008333472224535399,0.5487510072522154,0.0
3997,3.3308888481474694,0.5487510072522159,560,681,1241,0.0,0.000833347222453984,0.5487510072522154,0.0
3998,3.331722195369923,0.5487510072522159,560,681,1241,0.0,0.0008333472224535399,0.5487510072522154,0.0
3999,3.3325555425923765,0.5487510072522159,560,681,1241,0.0,0.0008333472224535399,0.5487510072522154,0.0
4000,3.3333888898148305,0.5487510072522159,560,681,1241,0.0,0.000833347222453984,0.5487510072522154,0.0
4001,3.334222237037284,0.5487510072522159,560,681,1241,0.0,0.0008333472224535399,0.5487510072522154,0.0
4002,3.3350555842597376,0.5487510072522159,560,681,1241,0.0,0.0008333472224535399,0.5487510072522154,0.0
4003,3.3358889314821916,0.5487510072522159,560,681,1241,0.0,0.000833347222453984,0.5487510072522154,0.0
4004,3.336722278704645,0.5487510072522159,560,681,1241,0.0,0.0008333472224535399,0.5487510072522154,0.0
4005,3.337555625927099,0.5487510072522159,560,681,1241,0.0,0.000833347222453984,0.5487510072522154,0.0
4006,3.3383889731495526,0.5487510072522159,560,681,1241,0.0,0.0008333472224535399,0.5487510072522154,0.0
4007,3.339222320372006,0.5487510072522159,560,681,1241,0.0,0.0008333472224535399,0.5487510072522154,0.0
4008,3.34005566759446,0.5487510072522159,560,681,1241,0.0,0.000833347222453984,0.5487510072522154,0.0
4009,3.3408890148169137,0.5495568090249798,560,681,1241,0.0008058017727639033,0.0008333472224535399,0.5488315874294918,8.058017727639034e-05
4010,3.3417223620393677,0.5495568090249798,560,681,1241,0.0,0.000833347222453984,0.5489121676067681,8.058017727639034e-05
4011,3.342555709261821,0.5495568090249798,560,681,1241,0.0,0.0008333472224535399,0.5489927477840444,8.058017727639034e-05
4012,3.3433890564842748,0.5495568090249798,560,681,1241,0.0,0.0008333472224535399,0.5490733279613208,8.058017727639034e-05
4013,3.3442224037067287,0.5495568090249798,560,681,1241,0.0,0.000833347222453984,0.5491539081385971,8.058017727639034e-05
4014,3.3450557509291823,0.5495568090249798,560,681,1241,0.0,0.0008333472224535399,0.5492344883158735,8.058017727639034e-05
4015,3.345889098151636,0.5495568090249798,560,681,1241,0.0,0.0008333472224535399,0.5493150684931498,8.058017727639034e-05
4016,3.34672244537409,0.5495568090249798,560,681,1241,0.0,0.000833347222453984,0.5493956486704261,8.058017727639034e-05
4017,3.3475557925965433,0.5495568090249798,560,681,1241,0.0,0.0008333472224535399,0.5494762288477025,8.058017727639034e-05
4018,3.3483891398189973,0.5495568090249798,560,681,1241,0.0,0.000833347222453984,0.5495568090249788,8.058017727639034e-05
4019,3.349222487041451,0.5495568090249798,560,681,1241,0.0,0.0008333472224535399,0.5495568090249788,0.0
4020,3.3500558342639044,0.5495568090249798,560,681,1241,0.0,0.0008333472224535399,0.5495568090249788,0.0
4021,3.3508891814863584,0.5495568090249798,560,681,1241,0.0,0.000833347222453984,0.5495568090249788,0.0
4022,3.351722528708812,0.5495568090249798,560,681,1241,0.0,0.0008333472224535399,0.5495568090249788,0.0
4023,3.3525558759312655,0.5495568090249798,560,681,1241,0.0,0.0008333472224535399,0.5495568090249788,0.0
4024,3.3533892231537195,0.5495568090249798,560,681,1241,0.0,0.000833347222453984,0.5495568090249788,0.0
4025,3.354222570376173,0.5495568090249798,560,681,1241,0.0,0.0008333472224535399,0.5495568090249788,0.0
4026,3.355055917598627,0.5495568090249798,560,681,1241,0.0,0.000833347222453984,0.5495568090249788,0.0
4027,3.3558892648210805,0.5495568090249798,560,681,1241,0.0,0.0008333472224535399,0.5495568090249788,0.0
4028,3.356722612043534,0.5495568090249798,560,681,1241,0.0,0.0008333472224535399,0.5495568090249788,0.0
4029,3.357555959265988,0.5495568090249798,560,681,1241,0.0,0.000833347222453984,0.5495568090249788,0.0
4030,3.3583893064884416,0.5495568090249798,560,681,1241,0.0,0.0008333472224535399,0.5495568090249788,0.0
4031,3.359222653710895,0.5495568090249798,560,681,1241,0.0,0.0008333472224535399,0.5495568090249788,0.0
4032,3.360056000933349,0.5495568090249798,560,681,1241,0.0,0.000833347222453984,0.5495568090249788,0.0
4033,3.3608893481558026,0.5495568090249798,560,681,1241,0.0,0.0008333472224535399,0.5495568090249788,0.0
4034,3.3617226953782566,0.5495568090249798,560,681,1241,0.0,0.000833347222453984,0.5495568090249788,0.0
4035,3.36255604260071,0.5495568090249798,560,681,1241,0.0,0.0008333472224535399,0.5495568090249788,0.0
4036,3.3633893898231637,0.5495568090249798,560,681,1241,0.0,0.0008333472224535399,0.5495568090249788,0.0
4037,3.3642227370456177,0.5495568090249798,560,681,1241,0.0,0.000833347222453984,0.5495568090249788,0.0
4038,3.3650560842680712,0.5495568090249798,560,681,1241,0.0,0.0008333472224535399,0.5495568090249788,0.0
4039,3.3658894314905248,0.5495568090249798,560,681,1241,0.0,0.0008333472224535399,0.5495568090249788,0.0
4040,3.3667227787129788,0.5495568090249798,560,681,1241,0.0,0.000833347222453984,0.5495568090249788,0.0
4041,3.3675561259354323,0.5495568090249798,560,681,1241,0.0,0.0008333472224535399,0.5495568090249788,0.0
4042,3.3683894731578863,0.5495568090249798,560,681,1241,0.0,0.000833347222453984,0.5495568090249788,0.0
4043,3.36922282038034,0.5495568090249798,560,681,1241,0.0,0.0008333472224535399,0.5495568090249788,0.0
4044,3.3700561676027934,0.5495568090249798,560,681,1241,0.0,0.0008333472224535399,0.5495568090249788,0.0
4045,3.3708895148252473,0.5495568090249798,560,681,1241,0.0,0.000833347222453984,0.5495568090249788,0.0
4046,3.371722862047701,0.5495568090249798,560,681,1241,0.0,0.0008333472224535399,0.5495568090249788,0.0
4047,3.3725562092701544,0.5495568090249798,560,681,1241,0.0,0.0008333472224535399,0.5495568090249788,0.0
4048,3.3733895564926084,0.5495568090249798,560,681,1241,0.0,0.000833347222453984,0.5495568090249788,0.0
4049,3.374222903715062,0.5495568090249798,560,681,1241,0.0,0.0008333472224535399,0.5495568090249788,0.0
4050,3.375056250937516,0.5495568090249798,560,681,1241,0.0,0.000833347222453984,0.5495568090249788,0.0
4051,3.3758895981599695,0.5495568090249798,560,681,1241,0.0,0.0008333472224535399,0.5495568090249788,0.0
4052,3.376722945382423,0.5495568090249798,560,681,1241,0.0,0.0008333472224535399,0.5495568090249788,0.0
4053,3.377556292604877,0.5495568090249798,560,681,1241,0.0,0.000833347222453984,0.5495568090249788,0.0
4054,3.3783896398273305,0.5495568090249798,560,681,1241,0.0,0.0008333472224535399,0.5495568090249788,0.0
4055,3.3792229870497845,0.5495568090249798,560,681,1241,0.0,0.000833347222453984,0.5495568090249788,0.0
4056,3.380056334272238,0.5495568090249798,560,681,1241,0.0,0.0008333472224535399,0.5495568090249788,0.0
4057,3.3808896814946916,0.5495568090249798,560,681,1241,0.0,0.0008333472224535399,0.5495568090249788,0.0
4058,3.3817230287171456,0.5495568090249798,560,681,1241,0.0,0.000833347222453984,0.5495568090249788,0.0
4059,3.382556375939599,0.5495568090249798,560,681,1241,0.0,0.0008333472224535399,0.5495568090249788,0.0
4060,3.3833897231620527,0.5495568090249798,560,681,1241,0.0,0.0008333472224535399,0.5495568090249788,0.0
4061,3.3842230703845066,0.5495568090249798,560,681,1241,0.0,0.000833347222453984,0.5495568090249788,0.0
4062,3.38505641760696,0.5495568090249798,560,681,1241,0.0,0.0008333472224535399,0.5495568090249788,0.0
4063,3.385889764829414,0.5495568090249798,560,681,1241,0.0,0.000833347222453984,0.5495568090249788,0.0
4064,3.3867231120518677,0.5495568090249798,560,681,1241,0.0,0.0008333472224535399,0.5495568090249788,0.0
4065,3.3875564592743213,0.5495568090249798,560,681,1241,0.0,0.0008333472224535399,0.5495568090249788,0.0
4066,3.3883898064967752,0.5495568090249798,560,681,1241,0.0,0.000833347222453984,0.5495568090249788,0.0
4067,3.3892231537192288,0.5495568090249798,560,681,1241,0.0,0.0008333472224535399,0.5495568090249788,0.0
4068,3.3900565009416823,0.5495568090249798,560,681,1241,0.0,0.0008333472224535399,0.5495568090249788,0.0
4069,3.3908898481641363,0.5495568090249798,560,681,1241,0.0,0.000833347222453984,0.5495568090249788,0.0
4070,3.39172319538659,0.5495568090249798,560,681,1241,0.0,0.0008333472224535399,0.5495568090249788,0.0
4071,3.392556542609044,0.5495568090249798,560,681,1241,0.0,0.000833347222453984,0.5495568090249788,0.0
4072,3.3933898898314974,0.5495568090249798,560,681,1241,0.0,0.0008333472224535399,0.5495568090249788,0.0
4073,3.394223237053951,0.5495568090249798,560,681,1241,0.0,0.0008333472224535399,0.5495568090249788,0.0
4074,3.395056584276405,0.5495568090249798,560,681,1241,0.0,0.000833347222453984,0.5495568090249788,0.0
4075,3.3958899314988584,0.5495568090249798,560,681,1241,0.0,0.0008333472224535399,0.5495568090249788,0.0
4076,3.396723278721312,0.5495568090249798,560,681,1241,0.0,0.0008333472224535399,0.5495568090249788,0.0
4077,3.397556625943766,0.5495568090249798,560,681,1241,0.0,0.000833347222453984,0.5495568090249788,0.0
4078,3.3983899731662195,0.5495568090249798,560,681,1241,0.0,0.0008333472224535399,0.5495568090249788,0.0
4079,3.3992233203886735,0.5495568090249798,560,681,1241,0.0,0.000833347222453984,0.5495568090249788,0.0
4080,3.400056667611127,0.5495568090249798,560,681,1241,0.0,0.0008333472224535399,0.5495568090249788,0.0
4081,3.4008900148335806,0.5495568090249798,560,681,1241,0.0,0.0008333472224535399,0.5495568090249788,0.0
4082,3.4017233620560345,0.5495568090249798,560,681,1241,0.0,0.000833347222453984,0.5495568090249788,0.0
4083,3.402556709278488,0.5495568090249798,560,681,1241,0.0,0.0008333472224535399,0.5495568090249788,0.0
4084,3.4033900565009416,0.5495568090249798,560,681,1241,0.0,0.0008333472224535399,0.5495568090249788,0.0
4085,3.4042234037233956,0.5495568090249798,560,681,1241,0.0,0.000833347222453984,0.5495568090249788,0.0
4086,3.405056750945849,0.5495568090249798,560,681,1241,0.0,0.0008333472224535399,0.5495568090249788,0.0
4087,3.405890098168303,0.5495568090249798,560,681,1241,0.0,0.000833347222453984,0.5495568090249788,0.0
4088,3.4067234453907567,0.5495568090249798,560,681,1241,0.0,0.0008333472224535399,0.5495568090249788,0.0
4089,3.40755679261321,0.5495568090249798,560,681,1241,0.0,0.0008333472224535399,0.5495568090249788,0.0
4090,3.408390139835664,0.5495568090249798,560,681,1241,0.0,0.000833347222453984,0.5495568090249788,0.0
4091,3.4092234870581177,0.5495568090249798,560,681,1241,0.0,0.0008333472224535399,0.5495568090249788,0.0
4092,3.4100568342805713,0.5495568090249798,560,681,1241,0.0,0.0008333472224535399,0.5495568090249788,0.0
4093,3.4108901815030253,0.5495568090249798,560,681,1241,0.0,0.000833347222453984,0.5495568090249788,0.0
4094,3.411723528725479,0.5495568090249798,560,681,1241,0.0,0.0008333472224535399,0.5495568090249788,0.0
4095,3.4125568759479328,0.5495568090249798,560,681,1241,0.0,0.000833347222453984,0.5495568090249788,0.0
4096,3.4133902231703863,0.5495568090249798,560,681,1241,0.0,0.0008333472224535399,0.5495568090249788,0.0
4097,3.41422357039284,0.5495568090249798,560,681,1241,0.0,0.0008333472224535399,0.5495568090249788,0.0
4098,3.415056917615294,0.5495568090249798,560,681,1241,0.0,0.000833347222453984,0.5495568090249788,0.0
4099,3.4158902648377474,0.5495568090249798,560,681,1241,0.0,0.0008333472224535399,0.5495568090249788,0.0
4100,3.4167236120602014,0.5495568090249798,560,681,1241,0.0,0.000833347222453984,0.5495568090249788,0.0
4101,3.417556959282655,0.5495568090249798,560,681,1241,0.0,0.0008333472224535399,0.5495568090249788,0.0
4102,3.4183903065051084,0.5495568090249798,560,681,1241,0.0,0.0008333472224535399,0.5495568090249788,0.0
4103,3.4192236537275624,0.5495568090249798,560,681,1241,0.0,0.000833347222453984,0.5495568090249788,0.0
4104,3.420057000950016,0.5495568090249798,560,681,1241,0.0,0.0008333472224535399,0.5495568090249788,0.0
4105,3.4208903481724695,0.5495568090249798,560,681,1241,0.0,0.0008333472224535399,0.5495568090249788,0.0
4106,3.4217236953949235,0.5495568090249798,560,681,1241,0.0,0.000833347222453984,0.5495568090249788,0.0
4107,3.422557042617377,0.5495568090249798,560,681,1241,0.0,0.0008333472224535399,0.5495568090249788,0.0
4108,3.423390389839831,0.5495568090249798,560,681,1241,0.0,0.000833347222453984,0.5495568090249788,0.0
4109,3.4242237370622846,0.5495568090249798,560,681,1241,0.0,0.0008333472224535399,0.5495568090249788,0.0
4110,3.425057084284738,0.5495568090249798,560,681,1241,0.0,0.0008333472224535399,0.5495568090249788,0.0
4111,3.425890431507192,0.5495568090249798,560,681,1241,0.0,0.000833347222453984,0.5495568090249788,0.0
4112,3.4267237787296456,0.5495568090249798,560,681,1241,0.0,0.0008333472224535399,0.5495568090249788,0.0
4113,3.427557125952099,0.5495568090249798,560,681,1241,0.0,0.0008333472224535399,0.5495568090249788,0.0
4114,3.428390473174553,0.5495568090249798,560,681,1241,0.0,0.000833347222453984,0.5495568090249788,0.0
4115,3.4292238203970067,0.5495568090249798,560,681,1241,0.0,0.0008333472224535399,0.5495568090249788,0.0
4116,3.4300571676194607,0.5487510072522159,560,681,1241,-0.0008058017727639033,0.000833347222453984,0.5494762288477025,-8.058017727639034e-05
4117,3.430890514841914,0.5487510072522159,560,681,1241,0.0,0.0008333472224535399,0.5493956486704261,-8.058017727639034e-05
4118,3.4317238620643677,0.5487510072522159,560,681,1241,0.0,0.0008333472224535399,0.5493150684931498,-8.058017727639034e-05
4119,3.4325572092868217,0.5487510072522159,560,681,1241,0.0,0.000833347222453984,0.5492344883158735,-8.058017727639034e-05
4120,3.4333905565092753,0.5487510072522159,560,681,1241,0.0,0.0008333472224535399,0.5491539081385971,-8.058017727639034e-05
4121,3.434223903731729,0.5487510072522159,560,681,1241,0.0,0.0008333472224535399,0.5490733279613208,-8.058017727639034e-05
4122,3.435057250954183,0.5487510072522159,560,681,1241,0.0,0.000833347222453984,0.5489927477840444,-8.058017727639034e-05
4123,3.4358905981766363,0.5487510072522159,560,681,1241,0.0,0.0008333472224535399,0.5489121676067681,-8.058017727639034e-05
4124,3.4367239453990903,0.5487510072522159,560,681,1241,0.0,0.000833347222453984,0.5488315874294918,-8.058017727639034e-05
4125,3.437557292621544,0.5487510072522159,560,681,1241,0.0,0.0008333472224535399,0.5487510072522154,-8.058017727639034e-05
4126,3.4383906398439974,0.5487510072522159,560,681,1241,0.0,0.0008333472224535399,0.5487510072522154,0.0
4127,3.4392239870664514,0.5487510072522159,560,681,1241,0.0,0.000833347222453984,0.5487510072522154,0.0
4128,3.440057334288905,0.5487510072522159,560,681,1241,0.0,0.0008333472224535399,0.5487510072522154,0.0
4129,3.4408906815113585,0.5487510072522159,560,681,1241,0.0,0.0008333472224535399,0.5487510072522154,0.0
4130,3.4417240287338124,0.5487510072522159,560,681,1241,0.0,0.000833347222453984,0.5487510072522154,0.0
4131,3.442557375956266,0.5487510072522159,560,681,1241,0.0,0.0008333472224535399,0.5487510072522154,0.0
4132,3.44339072317872,0.5487510072522159,560,681,1241,0.0,0.000833347222453984,0.5487510072522154,0.0
4133,3.4442240704011735,0.5487510072522159,560,681,1241,0.0,0.0008333472224535399,0.5487510072522154,0.0
4134,3.445057417623627,0.5487510072522159,560,681,1241,0.0,0.0008333472224535399,0.5487510072522154,0.0
4135,3.445890764846081,0.5487510072522159,560,681,1241,0.0,0.000833347222453984,0.5487510072522154,0.0
4136,3.4467241120685346,0.5487510072522159,560,681,1241,0.0,0.0008333472224535399,0.5487510072522154,0.0
4137,3.447557459290988,0.5487510072522159,560,681,1241,0.0,0.0008333472224535399,0.5487510072522154,0.0
4138,3.448390806513442,0.5487510072522159,560,681,1241,0.0,0.000833347222453984,0.5487510072522154,0.0
4139,3.4492241537358956,0.5487510072522159,560,681,1241,0.0,0.0008333472224535399,0.5487510072522154,0.0
4140,3.4500575009583496,0.5487510072522159,560,681,1241,0.0,0.000833347222453984,0.5487510072522154,0.0
4141,3.450890848180803,0.5487510072522159,560,681,1241,0.0,0.0008333472224535399,0.5487510072522154,0.0
4142,3.4517241954032567,0.5487510072522159,560,681,1241,0.0,0.0008333472224535399,0.5487510072522154,0.0
4143,3.4525575426257107,0.5487510072522159,560,681,1241,0.0,0.000833347222453984,0.5487510072522154,0.0
4144,3.4533908898481642,0.5487510072522159,560,681,1241,0.0,0.0008333472224535399,0.5487510072522154,0.0
4145,3.454224237070618,0.5487510072522159,560,681,1241,0.0,0.000833347222453984,0.5487510072522154,0.0
4146,3.4550575842930717,0.5487510072522159,560,681,1241,0.0,0.0008333472224535399,0.5487510072522154,0.0
4147,3.4558909315155253,0.5487510072522159,560,681,1241,0.0,0.0008333472224535399,0.5487510072522154,0.0
4148,3.4567242787379793,0.5487510072522159,560,681,1241,0.0,0.000833347222453984,0.5487510072522154,0.0
4149,3.457557625960433,0.5487510072522159,560,681,1241,0.0,0.0008333472224535399,0.5487510072522154,0.0
4150,3.4583909731828864,0.5487510072522159,560,681,1241,0.0,0.0008333472224535399,0.5487510072522154,0.0
4151,3.4592243204053403,0.5487510072522159,560,681,1241,0.0,0.000833347222453984,0.5487510072522154,0.0
4152,3.460057667627794,0.5487510072522159,560,681,1241,0.0,0.0008333472224535399,0.5487510072522154,0.0
4153,3.460891014850248,0.5487510072522159,560,681,1241,0.0,0.000833347222453984,0.5487510072522154,0.0
4154,3.4617243620727014,0.5487510072522159,560,681,1241,0.0,0.0008333472224535399,0.5487510072522154,0.0
4155,3.462557709295155,0.5487510072522159,560,681,1241,0.0,0.0008333472224535399,0.5487510072522154,0.0
4156,3.463391056517609,0.5487510072522159,560,681,1241,0.0,0.000833347222453984,0.5487510072522154,0.0
4157,3.4642244037400625,0.5487510072522159,560,681,1241,0.0,0.0008333472224535399,0.5487510072522154,0.0
4158,3.465057750962516,0.5487510072522159,560,681,1241,0.0,0.0008333472224535399,0.5487510072522154,0.0
4159,3.46589109818497,0.5487510072522159,560,681,1241,0.0,0.000833347222453984,0.5487510072522154,0.0
4160,3.4667244454074235,0.5487510072522159,560,681,1241,0.0,0.0008333472224535399,0.5487510072522154,0.0
4161,3.4675577926298775,0.5487510072522159,560,681,1241,0.0,0.000833347222453984,0.5487510072522154,0.0
4162,3.468391139852331,0.5487510072522159,560,681,1241,0.0,0.0008333472224535399,0.5487510072522154,0.0
4163,3.4692244870747846,0.5487510072522159,560,681,1241,0.0,0.0008333472224535399,0.5487510072522154,0.0
4164,3.4700578342972386,0.5487510072522159,560,681,1241,0.0,0.000833347222453984,0.5487510072522154,0.0
4165,3.470891181519692,0.5487510072522159,560,681,1241,0.0,0.0008333472224535399,0.5487510072522154,0.0
4166,3.4717245287421457,0.5487510072522159,560,681,1241,0.0,0.0008333472224535399,0.5487510072522154,0.0
4167,3.4725578759645996,0.5487510072522159,560,681,1241,0.0,0.000833347222453984,0.5487510072522154,0.0
4168,3.473391223187053,0.5487510072522159,560,681,1241,0.0,0.0008333472224535399,0.5487510072522154,0.0
4169,3.474224570409507,0.5487510072522159,560,681,1241,0.0,0.000833347222453984,0.5487510072522154,0.0
4170,3.4750579176319607,0.5487510072522159,560,681,1241,0.0,0.0008333472224535399,0.5487510072522154,0.0
4171,3.4758912648544142,0.5487510072522159,560,681,1241,0.0,0.0008333472224535399,0.5487510072522154,0.0
4172,3.4767246120768682,0.5487510072522159,560,681,1241,0.0,0.000833347222453984,0.5487510072522154,0.0
4173,3.4775579592993218,0.5487510072522159,560,681,1241,0.0,0.0008333472224535399,0.5487510072522154,0.0
4174,3.4783913065217753,0.5487510072522159,560,681,1241,0.0,0.0008333472224535399,0.5487510072522154,0.0
4175,3.4792246537442293,0.5487510072522159,560,681,1241,0.0,0.000833347222453984,0.5487510072522154,0.0
4176,3.480058000966683,0.5487510072522159,560,681,1241,0.0,0.0008333472224535399,0.5487510072522154,0.0
4177,3.480891348189137,0.5487510072522159,560,681,1241,0.0,0.000833347222453984,0.5487510072522154,0.0
4178,3.4817246954115904,0.5487510072522159,560,681,1241,0.0,0.0008333472224535399,0.5487510072522154,0.0
4179,3.482558042634044,0.5487510072522159,560,681,1241,0.0,0.0008333472224535399,0.5487510072522154,0.0
4180,3.483391389856498,0.5487510072522159,560,681,1241,0.0,0.000833347222453984,0.5487510072522154,0.0
4181,3.4842247370789514,0.5487510072522159,560,681,1241,0.0,0.0008333472224535399,0.5487510072522154,0.0
4182,3.485058084301405,0.5487510072522159,560,681,1241,0.0,0.0008333472224535399,0.5487510072522154,0.0
4183,3.485891431523859,0.5487510072522159,560,681,1241,0.0,0.000833347222453984,0.5487510072522154,0.0
4184,3.4867247787463125,0.5487510072522159,560,681,1241,0.0,0.0008333472224535399,0.5487510072522154,0.0
4185,3.4875581259687665,0.5487510072522159,560,681,1241,0.0,0.000833347222453984,0.5487510072522154,0.0
4186,3.48839147319122,0.5487510072522159,560,681,1241,0.0,0.0008333472224535399,0.5487510072522154,0.0
4187,3.4892248204136735,0.5487510072522159,560,681,1241,0.0,0.0008333472224535399,0.5487510072522154,0.0
4188,3.4900581676361275,0.5487510072522159,560,681,1241,0.0,0.000833347222453984,0.5487510072522154,0.0
4189,3.490891514858581,0.5487510072522159,560,681,1241,0.0,0.0008333472224535399,0.5487510072522154,0.0
4190,3.491724862081035,0.5487510072522159,560,681,1241,0.0,0.000833347222453984,0.5487510072522154,0.0
4191,3.4925582093034886,0.5487510072522159,560,681,1241,0.0,0.0008333472224535399,0.5487510072522154,0.0
4192,3.493391556525942,0.5487510072522159,560,681,1241,0.0,0.0008333472224535399,0.5487510072522154,0.0
4193,3.494224903748396,0.5487510072522159,560,681,1241,0.0,0.000833347222453984,0.5487510072522154,0.0
4194,3.4950582509708497,0.5487510072522159,560,681,1241,0.0,0.0008333472224535399,0.5487510072522154,0.0
4195,3.495891598193303,0.5487510072522159,560,681,1241,0.0,0.0008333472224535399,0.5487510072522154,0.0
4196,3.496724945415757,0.5487510072522159,560,681,1241,0.0,0.000833347222453984,0.5487510072522154,0.0
4197,3.4975582926382107,0.5487510072522159,560,681,1241,0.0,0.0008333472224535399,0.5487510072522154,0.0
4198,3.4983916398606647,0.5487510072522159,560,681,1241,0.0,0.000833347222453984,0.5487510072522154,0.0
4199,3.4992249870831182,0.5487510072522159,560,681,1241,0.0,0.0008333472224535399,0.5487510072522154,0.0
4200,3.500058334305572,0.5487510072522159,560,681,1241,0.0,0.0008333472224535399,0.5487510072522154,0.0
4201,3.5008916815280258,0.5487510072522159,560,681,1241,0.0,0.000833347222453984,0.5487510072522154,0.0
4202,3.5017250287504793,0.5487510072522159,560,681,1241,0.0,0.0008333472224535399,0.5487510072522154,0.0
4203,3.502558375972933,0.5487510072522159,560,681,1241,0.0,0.0008333472224535399,0.5487510072522154,0.0
4204,3.503391723195387,0.5487510072522159,560,681,1241,0.0,0.000833347222453984,0.5487510072522154,0.0
4205,3.5042250704178404,0.5487510072522159,560,681,1241,0.0,0.0008333472224535399,0.5487510072522154,0.0
4206,3.5050584176402944,0.5487510072522159,560,681,1241,0.0,0.000833347222453984,0.5487510072522154,0.0
4207,3.505891764862748,0.5487510072522159,560,681,1241,0.0,0.0008333472224535399,0.5487510072522154,0.0
4208,3.5067251120852014,0.5487510072522159,560,681,1241,0.0,0.0008333472224535399,0.5487510072522154,0.0
4209,3.5075584593076554,0.5487510072522159,560,681,1241,0.0,0.000833347222453984,0.5487510072522154,0.0
4210,3.508391806530109,0.5487510072522159,560,681,1241,0.0,0.0008333472224535399,0.5487510072522154,0.0
4211,3.5092251537525625,0.5487510072522159,560,681,1241,0.0,0.0008333472224535399,0.5487510072522154,0.0
4212,3.5100585009750165,0.5487510072522159,560,681,1241,0.0,0.000833347222453984,0.5487510072522154,0.0
4213,3.51089184819747,0.5487510072522159,560,681,1241,0.0,0.0008333472224535399,0.5487510072522154,0.0
4214,3.511725195419924,0.5487510072522159,560,681,1241,0.0,0.000833347222453984,0.5487510072522154,0.0
4215,3.5125585426423775,0.5487510072522159,560,681,1241,0.0,0.0008333472224535399,0.5487510072522154,0.0
4216,3.513391889864831,0.5487510072522159,560,681,1241,0.0,0.0008333472224535399,0.5487510072522154,0.0
4217,3.514225237087285,0.5487510072522159,560,681,1241,0.0,0.000833347222453984,0.5487510072522154,0.0
4218,3.5150585843097386,0.5487510072522159,560,681,1241,0.0,0.0008333472224535399,0.5487510072522154,0.0
4219,3.515891931532192,0.5487510072522159,560,681,1241,0.0,0.0008333472224535399,0.5487510072522154,0.0
4220,3.516725278754646,0.5487510072522159,560,681,1241,0.0,0.000833347222453984,0.5487510072522154,0.0
4221,3.5175586259770997,0.5487510072522159,560,681,1241,0.0,0.0008333472224535399,0.5487510072522154,0.0
4222,3.5183919731995537,0.5487510072522159,560,681,1241,0.0,0.000833347222453984,0.5487510072522154,0.0
4223,3.519225320422007,0.5487510072522159,560,681,1241,0.0,0.0008333472224535399,0.5487510072522154,0.0
4224,3.5200586676444607,0.5487510072522159,560,681,1241,0.0,0.0008333472224535399,0.5487510072522154,0.0
4225,3.5208920148669147,0.5487510072522159,560,681,1241,0.0,0.000833347222453984,0.5487510072522154,0.0
4226,3.5217253620893683,0.5487510072522159,560,681,1241,0.0,0.0008333472224535399,0.5487510072522154,0.0
4227,3.522558709311822,0.5487510072522159,560,681,1241,0.0,0.0008333472224535399,0.5487510072522154,0.0
4228,3.523392056534276,0.5487510072522159,560,681,1241,0.0,0.000833347222453984,0.5487510072522154,0.0
4229,3.5242254037567293,0.5487510072522159,560,681,1241,0.0,0.0008333472224535399,0.5487510072522154,0.0
4230,3.5250587509791833,0.5487510072522159,560,681,1241,0.0,0.000833347222453984,0.5487510072522154,0.0
4231,3.525892098201637,0.5487510072522159,560,681,1241,0.0,0.0008333472224535399,0.5487510072522154,0.0
4232,3.5267254454240904,0.5487510072522159,560,681,1241,0.0,0.0008333472224535399,0.5487510072522154,0.0
4233,3.5275587926465444,0.5487510072522159,560,681,1241,0.0,0.000833347222453984,0.5487510072522154,0.0
4234,3.528392139868998,0.5487510072522159,560,681,1241,0.0,0.0008333472224535399,0.5487510072522154,0.0
4235,3.5292254870914515,0.5487510072522159,560,681,1241,0.0,0.0008333472224535399,0.5487510072522154,0.0
4236,3.5300588343139054,0.5487510072522159,560,681,1241,0.0,0.000833347222453984,0.5487510072522154,0.0
4237,3.530892181536359,0.5487510072522159,560,681,1241,0.0,0.0008333472224535399,0.5487510072522154,0.0
4238,3.531725528758813,0.5487510072522159,560,681,1241,0.0,0.000833347222453984,0.5487510072522154,0.0
4239,3.5325588759812665,0.5487510072522159,560,681,1241,0.0,0.0008333472224535399,0.5487510072522154,0.0
4240,3.53339222320372,0.5487510072522159,560,681,1241,0.0,0.0008333472224535399,0.5487510072522154,0.0
4241,3.534225570426174,0.5487510072522159,560,681,1241,0.0,0.000833347222453984,0.5487510072522154,0.0
4242,3.5350589176486276,0.5487510072522159,560,681,1241,0.0,0.0008333472224535399,0.5487510072522154,0.0
4243,3.5358922648710815,0.5487510072522159,560,681,1241,0.0,0.000833347222453984,0.5487510072522154,0.0
4244,3.536725612093535,0.5487510072522159,560,681,1241,0.0,0.0008333472224535399,0.5487510072522154,0.0
4245,3.5375589593159886,0.5487510072522159,560,681,1241,0.0,0.0008333472224535399,0.5487510072522154,0.0
4246,3.5383923065384426,0.5487510072522159,560,681,1241,0.0,0.000833347222453984,0.5487510072522154,0.0
4247,3.539225653760896,0.5487510072522159,560,681,1241,0.0,0.0008333472224535399,0.5487510072522154,0.0
4248,3.5400590009833497,0.5487510072522159,560,681,1241,0.0,0.0008333472224535399,0.5487510072522154,0.0
4249,3.5408923482058037,0.5487510072522159,560,681,1241,0.0,0.000833347222453984,0.5487510072522154,0.0
4250,3.541725695428257,0.5487510072522159,560,681,1241,0.0,0.0008333472224535399,0.5487510072522154,0.0
4251,3.542559042650711,0.5487510072522159,560,681,1241,0.0,0.000833347222453984,0.5487510072522154,0.0
4252,3.5433923898731647,0.5487510072522159,560,681,1241,0.0,0.0008333472224535399,0.5487510072522154,0.0
4253,3.5442257370956183,0.5487510072522159,560,681,1241,0.0,0.0008333472224535399,0.5487510072522154,0.0
4254,3.5450590843180723,0.5487510072522159,560,681,1241,0.0,0.000833347222453984,0.5487510072522154,0.0
4255,3.545892431540526,0.5487510072522159,560,681,1241,0.0,0.0008333472224535399,0.5487510072522154,0.0
4256,3.5467257787629793,0.5487510072522159,560,681,1241,0.0,0.0008333472224535399,0.5487510072522154,0.0
4257,3.5475591259854333,0.5487510072522159,560,681,1241,0.0,0.000833347222453984,0.5487510072522154,0.0
4258,3.548392473207887,0.5487510072522159,560,681,1241,0.0,0.0008333472224535399,0.5487510072522154,0.0
4259,3.549225820430341,0.5487510072522159,560,681,1241,0.0,0.000833347222453984,0.5487510072522154,0.0
4260,3.5500591676527944,0.5487510072522159,560,681,1241,0.0,0.0008333472224535399,0.5487510072522154,0.0
4261,3.550892514875248,0.5487510072522159,560,681,1241,0.0,0.0008333472224535399,0.5487510072522154,0.0
4262,3.551725862097702,0.5487510072522159,560,681,1241,0.0,0.000833347222453984,0.5487510072522154,0.0
4263,3.5525592093201555,0.5487510072522159,560,681,1241,0.0,0.0008333472224535399,0.5487510072522154,0.0
4264,3.553392556542609,0.5487510072522159,560,681,1241,0.0,0.0008333472224535399,0.5487510072522154,0.0
4265,3.554225903765063,0.5487510072522159,560,681,1241,0.0,0.000833347222453984,0.5487510072522154,0.0
4266,3.5550592509875165,0.5487510072522159,560,681,1241,0.0,0.0008333472224535399,0.5487510072522154,0.0
4267,3.5558925982099705,0.5487510072522159,560,681,1241,0.0,0.000833347222453984,0.5487510072522154,0.0
4268,3.556725945432424,0.5487510072522159,560,681,1241,0.0,0.0008333472224535399,0.5487510072522154,0.0
4269,3.5575592926548776,0.5487510072522159,560,681,1241,0.0,0.0008333472224535399,0.5487510072522154,0.0
4270,3.5583926398773316,0.5487510072522159,560,681,1241,0.0,0.000833347222453984,0.5487510072522154,0.0
4271,3.559225987099785,0.5487510072522159,560,681,1241,0.0,0.0008333472224535399,0.5487510072522154,0.0
4272,3.5600593343222386,0.5487510072522159,560,681,1241,0.0,0.0008333472224535399,0.5487510072522154,0.0
4273,3.5608926815446926,0.5487510072522159,560,681,1241,0.0,0.000833347222453984,0.5487510072522154,0.0
4274,3.561726028767146,0.5487510072522159,560,681,1241,0.0,0.0008333472224535399,0.5487510072522154,0.0
4275,3.5625593759896,0.5487510072522159,560,681,1241,0.0,0.000833347222453984,0.5487510072522154,0.0
4276,3.5633927232120537,0.5487510072522159,560,681,1241,0.0,0.0008333472224535399,0.5487510072522154,0.0
4277,3.5642260704345072,0.5487510072522159,560,681,1241,0.0,0.0008333472224535399,0.5487510072522154,0.0
4278,3.565059417656961,0.5487510072522159,560,681,1241,0.0,0.000833347222453984,0.5487510072522154,0.0
4279,3.5658927648794148,0.5487510072522159,560,681,1241,0.0,0.0008333472224535399,0.5487510072522154,0.0
4280,3.5667261121018683,0.5487510072522159,560,681,1241,0.0,0.0008333472224535399,0.5487510072522154,0.0
4281,3.5675594593243223,0.5487510072522159,560,681,1241,0.0,0.000833347222453984,0.5487510072522154,0.0
4282,3.568392806546776,0.5487510072522159,560,681,1241,0.0,0.0008333472224535399,0.5487510072522154,0.0
4283,3.56922615376923,0.5487510072522159,560,681,1241,0.0,0.000833347222453984,0.5487510072522154,0.0
4284,3.5700595009916833,0.5487510072522159,560,681,1241,0.0,0.0008333472224535399,0.5487510072522154,0.0
4285,3.570892848214137,0.5487510072522159,560,681,1241,0.0,0.0008333472224535399,0.5487510072522154,0.0
4286,3.571726195436591,0.5487510072522159,560,681,1241,0.0,0.000833347222453984,0.5487510072522154,0.0
4287,3.5725595426590444,0.5487510072522159,560,681,1241,0.0,0.0008333472224535399,0.5487510072522154,0.0
4288,3.5733928898814984,0.5487510072522159,560,681,1241,0.0,0.000833347222453984,0.5487510072522154,0.0
4289,3.574226237103952,0.5487510072522159,560,681,1241,0.0,0.0008333472224535399,0.5487510072522154,0.0
4290,3.5750595843264055,0.5487510072522159,560,681,1241,0.0,0.0008333472224535399,0.5487510072522154,0.0
4291,3.5758929315488595,0.5487510072522159,560,681,1241,0.0,0.000833347222453984,0.5487510072522154,0.0
4292,3.576726278771313,0.5487510072522159,560,681,1241,0.0,0.0008333472224535399,0.5487510072522154,0.0
4293,3.5775596259937665,0.5487510072522159,560,681,1241,0.0,0.0008333472224535399,0.5487510072522154,0.0
4294,3.5783929732162205,0.5487510072522159,560,681,1241,0.0,0.000833347222453984,0.5487510072522154,0.0
4295,3.579226320438674,0.5487510072522159,560,681,1241,0.0,0.0008333472224535399,0.5487510072522154,0.0
4296,3.580059667661128,0.5487510072522159,560,681,1241,0.0,0.000833347222453984,0.5487510072522154,0.0
4297,3.5808930148835816,0.5487510072522159,560,681,1241,0.0,0.0008333472224535399,0.5487510072522154,0.0
4298,3.581726362106035,0.5487510072522159,560,681,1241,0.0,0.0008333472224535399,0.5487510072522154,0.0
4299,3.582559709328489,0.5487510072522159,560,681,1241,0.0,0.000833347222453984,0.5487510072522154,0.0
4300,3.5833930565509426,0.5487510072522159,560,681,1241,0.0,0.0008333472224535399,0.5487510072522154,0.0
4301,3.584226403773396,0.5487510072522159,560,681,1241,0.0,0.0008333472224535399,0.5487510072522154,0.0
4302,3.58505975099585,0.5487510072522159,560,681,1241,0.0,0.000833347222453984,0.5487510072522154,0.0
4303,3.5858930982183037,0.5487510072522159,560,681,1241,0.0,0.0008333472224535399,0.5487510072522154,0.0
4304,3.5867264454407577,0.5487510072522159,560,681,1241,0.0,0.000833347222453984,0.5487510072522154,0.0
4305,3.5875597926632112,0.5487510072522159,560,681,1241,0.0,0.0008333472224535399,0.5487510072522154,0.0
4306,3.5883931398856648,0.5487510072522159,560,681,1241,0.0,0.0008333472224535399,0.5487510072522154,0.0
4307,3.5892264871081188,0.5487510072522159,560,681,1241,0.0,0.000833347222453984,0.5487510072522154,0.0
4308,3.5900598343305723,0.5487510072522159,560,681,1241,0.0,0.0008333472224535399,0.5487510072522154,0.0
4309,3.590893181553026,0.5487510072522159,560,681,1241,0.0,0.0008333472224535399,0.5487510072522154,0.0
4310,3.59172652877548,0.5487510072522159,560,681,1241,0.0,0.000833347222453984,0.5487510072522154,0.0
4311,3.5925598759979334,0.5487510072522159,560,681,1241,0.0,0.0008333472224535399,0.5487510072522154,0.0
4312,3.5933932232203873,0.5487510072522159,560,681,1241,0.0,0.000833347222453984,0.5487510072522154,0.0
4313,3.594226570442841,0.5487510072522159,560,681,1241,0.0,0.0008333472224535399,0.5487510072522154,0.0
4314,3.5950599176652944,0.5487510072522159,560,681,1241,0.0,0.0008333472224535399,0.5487510072522154,0.0
4315,3.5958932648877484,0.5487510072522159,560,681,1241,0.0,0.000833347222453984,0.5487510072522154,0.0
4316,3.596726612110202,0.5487510072522159,560,681,1241,0.0,0.0008333472224535399,0.5487510072522154,0.0
4317,3.5975599593326555,0.5487510072522159,560,681,1241,0.0,0.0008333472224535399,0.5487510072522154,0.0
4318,3.5983933065551095,0.5487510072522159,560,681,1241,0.0,0.000833347222453984,0.5487510072522154,0.0
4319,3.599226653777563,0.5487510072522159,560,681,1241,0.0,0.0008333472224535399,0.5487510072522154,0.0
4320,3.600060001000017,0.5487510072522159,560,681,1241,0.0,0.000833347222453984,0.5487510072522154,0.0
4321,3.6008933482224705,0.5487510072522159,560,681,1241,0.0,0.0008333472224535399,0.5487510072522154,0.0
4322,3.601726695444924,0.5487510072522159,560,681,1241,0.0,0.0008333472224535399,0.5487510072522154,0.0
4323,3.602560042667378,0.5487510072522159,560,681,1241,0.0,0.000833347222453984,0.5487510072522154,0.0
4324,3.6033933898898316,0.5487510072522159,560,681,1241,0.0,0.0008333472224535399,0.5487510072522154,0.0
4325,3.604226737112285,0.5487510072522159,560,681,1241,0.0,0.0008333472224535399,0.5487510072522154,0.0
4326,3.605060084334739,0.5487510072522159,560,681,1241,0.0,0.000833347222453984,0.5487510072522154,0.0
4327,3.6058934315571927,0.5487510072522159,560,681,1241,0.0,0.0008333472224535399,0.5487510072522154,0.0
4328,3.6067267787796466,0.5487510072522159,560,681,1241,0.0,0.000833347222453984,0.5487510072522154,0.0
4329,3.6075601260021,0.5487510072522159,560,681,1241,0.0,0.0008333472224535399,0.5487510072522154,0.0
4330,3.6083934732245537,0.5487510072522159,560,681,1241,0.0,0.0008333472224535399,0.5487510072522154,0.0
4331,3.6092268204470077,0.5487510072522159,560,681,1241,0.0,0.000833347222453984,0.5487510072522154,0.0
4332,3.6100601676694613,0.5487510072522159,560,681,1241,0.0,0.0008333472224535399,0.5487510072522154,0.0
4333,3.6108935148919152,0.5487510072522159,560,681,1241,0.0,0.000833347222453984,0.5487510072522154,0.0
4334,3.6117268621143688,0.5487510072522159,560,681,1241,0.0,0.0008333472224535399,0.5487510072522154,0.0
4335,3.6125602093368223,0.5487510072522159,560,681,1241,0.0,0.0008333472224535399,0.5487510072522154,0.0
4336,3.6133935565592763,0.5487510072522159,560,681,1241,0.0,0.000833347222453984,0.5487510072522154,0.0
4337,3.61422690378173,0.5487510072522159,560,681,1241,0.0,0.0008333472224535399,0.5487510072522154,0.0
4338,3.6150602510041834,0.5487510072522159,560,681,1241,0.0,0.0008333472224535399,0.5487510072522154,0.0
4339,3.6158935982266374,0.5487510072522159,560,681,1241,0.0,0.000833347222453984,0.5487510072522154,0.0
4340,3.616726945449091,0.5487510072522159,560,681,1241,0.0,0.0008333472224535399,0.5487510072522154,0.0
4341,3.617560292671545,0.5487510072522159,560,681,1241,0.0,0.000833347222453984,0.5487510072522154,0.0
4342,3.6183936398939984,0.5487510072522159,560,681,1241,0.0,0.0008333472224535399,0.5487510072522154,0.0
4343,3.619226987116452,0.5487510072522159,560,681,1241,0.0,0.0008333472224535399,0.5487510072522154,0.0
4344,3.620060334338906,0.5487510072522159,560,681,1241,0.0,0.000833347222453984,0.5487510072522154,0.0
4345,3.6208936815613595,0.5487510072522159,560,681,1241,0.0,0.0008333472224535399,0.5487510072522154,0.0
4346,3.621727028783813,0.5487510072522159,560,681,1241,0.0,0.0008333472224535399,0.5487510072522154,0.0
4347,3.622560376006267,0.5487510072522159,560,681,1241,0.0,0.000833347222453984,0.5487510072522154,0.0
4348,3.6233937232287206,0.5487510072522159,560,681,1241,0.0,0.0008333472224535399,0.5487510072522154,0.0
4349,3.6242270704511745,0.5487510072522159,560,681,1241,0.0,0.000833347222453984,0.5487510072522154,0.0
4350,3.625060417673628,0.5487510072522159,560,681,1241,0.0,0.0008333472224535399,0.5487510072522154,0.0
4351,3.6258937648960816,0.5487510072522159,560,681,1241,0.0,0.0008333472224535399,0.5487510072522154,0.0
4352,3.6267271121185356,0.5487510072522159,560,681,1241,0.0,0.000833347222453984,0.5487510072522154,0.0
4353,3.627560459340989,0.5487510072522159,560,681,1241,0.0,0.0008333472224535399,0.5487510072522154,0.0
4354,3.6283938065634427,0.5487510072522159,560,681,1241,0.0,0.0008333472224535399,0.5487510072522154,0.0
4355,3.6292271537858967,0.5487510072522159,560,681,1241,0.0,0.000833347222453984,0.5487510072522154,0.0
4356,3.63006050100835,0.5487510072522159,560,681,1241,0.0,0.0008333472224535399,0.5487510072522154,0.0
4357,3.630893848230804,0.5487510072522159,560,681,1241,0.0,0.000833347222453984,0.5487510072522154,0.0
4358,3.6317271954532577,0.5487510072522159,560,681,1241,0.0,0.0008333472224535399,0.5487510072522154,0.0
4359,3.6325605426757113,0.5487510072522159,560,681,1241,0.0,0.0008333472224535399,0.5487510072522154,0.0
4360,3.6333938898981653,0.5487510072522159,560,681,1241,0.0,0.000833347222453984,0.5487510072522154,0.0
4361,3.634227237120619,0.5487510072522159,560,681,1241,0.0,0.0008333472224535399,0.5487510072522154,0.0
4362,3.6350605843430723,0.5487510072522159,560,681,1241,0.0,0.0008333472224535399,0.5487510072522154,0.0
4363,3.6358939315655263,0.5487510072522159,560,681,1241,0.0,0.000833347222453984,0.5487510072522154,0.0
4364,3.63672727878798,0.5487510072522159,560,681,1241,0.0,0.0008333472224535399,0.5487510072522154,0.0
4365,3.637560626010434,0.5487510072522159,560,681,1241,0.0,0.000833347222453984,0.5487510072522154,0.0
4366,3.6383939732328874,0.5487510072522159,560,681,1241,0.0,0.0008333472224535399,0.5487510072522154,0.0
4367,3.639227320455341,0.5487510072522159,560,681,1241,0.0,0.0008333472224535399,0.5487510072522154,0.0
4368,3.640060667677795,0.5487510072522159,560,681,1241,0.0,0.000833347222453984,0.5487510072522154,0.0
4369,3.6408940149002484,0.5487510072522159,560,681,1241,0.0,0.0008333472224535399,0.5487510072522154,0.0
4370,3.641727362122702,0.5487510072522159,560,681,1241,0.0,0.0008333472224535399,0.5487510072522154,0.0
4371,3.642560709345156,0.5487510072522159,560,681,1241,0.0,0.000833347222453984,0.5487510072522154,0.0
4372,3.6433940565676095,0.5487510072522159,560,681,1241,0.0,0.0008333472224535399,0.5487510072522154,0.0
4373,3.6442274037900635,0.5487510072522159,560,681,1241,0.0,0.000833347222453984,0.5487510072522154,0.0
4374,3.645060751012517,0.5487510072522159,560,681,1241,0.0,0.0008333472224535399,0.5487510072522154,0.0
4375,3.6458940982349706,0.5487510072522159,560,681,1241,0.0,0.0008333472224535399,0.5487510072522154,0.0
4376,3.6467274454574246,0.5487510072522159,560,681,1241,0.0,0.000833347222453984,0.5487510072522154,0.0
4377,3.647560792679878,0.5487510072522159,560,681,1241,0.0,0.0008333472224535399,0.5487510072522154,0.0
4378,3.648394139902332,0.5487510072522159,560,681,1241,0.0,0.000833347222453984,0.5487510072522154,0.0
4379,3.6492274871247856,0.5487510072522159,560,681,1241,0.0,0.0008333472224535399,0.5487510072522154,0.0
4380,3.650060834347239,0.5487510072522159,560,681,1241,0.0,0.0008333472224535399,0.5487510072522154,0.0
4381,3.650894181569693,0.5487510072522159,560,681,1241,0.0,0.000833347222453984,0.5487510072522154,0.0
4382,3.6517275287921467,0.5487510072522159,560,681,1241,0.0,0.0008333472224535399,0.5487510072522154,0.0
4383,3.6525608760146,0.5487510072522159,560,681,1241,0.0,0.0008333472224535399,0.5487510072522154,0.0
4384,3.653394223237054,0.5487510072522159,560,681,1241,0.0,0.000833347222453984,0.5487510072522154,0.0
4385,3.6542275704595077,0.5487510072522159,560,681,1241,0.0,0.0008333472224535399,0.5487510072522154,0.0
4386,3.6550609176819617,0.5487510072522159,560,681,1241,0.0,0.000833347222453984,0.5487510072522154,0.0
4387,3.6558942649044153,0.5487510072522159,560,681,1241,0.0,0.0008333472224535399,0.5487510072522154,0.0
4388,3.656727612126869,0.5487510072522159,560,681,1241,0.0,0.0008333472224535399,0.5487510072522154,0.0
4389,3.657560959349323,0.5487510072522159,560,681,1241,0.0,0.000833347222453984,0.5487510072522154,0.0
4390,3.6583943065717763,0.5487510072522159,560,681,1241,0.0,0.0008333472224535399,0.5487510072522154,0.0
4391,3.65922765379423,0.5487510072522159,560,681,1241,0.0,0.0008333472224535399,0.5487510072522154,0.0
4392,3.660061001016684,0.5487510072522159,560,681,1241,0.0,0.000833347222453984,0.5487510072522154,0.0
4393,3.6608943482391374,0.5487510072522159,560,681,1241,0.0,0.0008333472224535399,0.5487510072522154,0.0
4394,3.6617276954615914,0.5487510072522159,560,681,1241,0.0,0.000833347222453984,0.5487510072522154,0.0
4395,3.662561042684045,0.5487510072522159,560,681,1241,0.0,0.0008333472224535399,0.5487510072522154,0.0
4396,3.6633943899064985,0.5487510072522159,560,681,1241,0.0,0.0008333472224535399,0.5487510072522154,0.0
4397,3.6642277371289524,0.5487510072522159,560,681,1241,0.0,0.000833347222453984,0.5487510072522154,0.0
4398,3.665061084351406,0.5487510072522159,560,681,1241,0.0,0.0008333472224535399,0.5487510072522154,0.0
4399,3.6658944315738595,0.5487510072522159,560,681,1241,0.0,0.0008333472224535399,0.5487510072522154,0.0
4400,3.6667277787963135,0.5487510072522159,560,681,1241,0.0,0.000833347222453984,0.5487510072522154,0.0
4401,3.667561126018767,0.5487510072522159,560,681,1241,0.0,0.0008333472224535399,0.5487510072522154,0.0
4402,3.668394473241221,0.5487510072522159,560,681,1241,0.0,0.000833347222453984,0.5487510072522154,0.0
4403,3.6692278204636746,0.5487510072522159,560,681,1241,0.0,0.0008333472224535399,0.5487510072522154,0.0
4404,3.670061167686128,0.5487510072522159,560,681,1241,0.0,0.0008333472224535399,0.5487510072522154,0.0
4405,3.670894514908582,0.5487510072522159,560,681,1241,0.0,0.000833347222453984,0.5487510072522154,0.0
4406,3.6717278621310356,0.5487510072522159,560,681,1241,0.0,0.0008333472224535399,0.5487510072522154,0.0
4407,3.672561209353489,0.5487510072522159,560,681,1241,0.0,0.0008333472224535399,0.5487510072522154,0.0
4408,3.673394556575943,0.5487510072522159,560,681,1241,0.0,0.000833347222453984,0.5487510072522154,0.0
4409,3.6742279037983967,0.5487510072522159,560,681,1241,0.0,0.0008333472224535399,0.5487510072522154,0.0
4410,3.6750612510208507,0.5487510072522159,560,681,1241,0.0,0.000833347222453984,0.5487510072522154,0.0
4411,3.6758945982433042,0.5487510072522159,560,681,1241,0.0,0.0008333472224535399,0.5487510072522154,0.0
4412,3.6767279454657578,0.5487510072522159,560,681,1241,0.0,0.0008333472224535399,0.5487510072522154,0.0
4413,3.6775612926882117,0.5487510072522159,560,681,1241,0.0,0.000833347222453984,0.5487510072522154,0.0
4414,3.6783946399106653,0.5487510072522159,560,681,1241,0.0,0.0008333472224535399,0.5487510072522154,0.0
4415,3.679227987133119,0.5487510072522159,560,681,1241,0.0,0.0008333472224535399,0.5487510072522154,0.0
4416,3.680061334355573,0.5487510072522159,560,681,1241,0.0,0.000833347222453984,0.5487510072522154,0.0
4417,3.6808946815780264,0.5487510072522159,560,681,1241,0.0,0.0008333472224535399,0.5487510072522154,0.0
4418,3.6817280288004803,0.5487510072522159,560,681,1241,0.0,0.000833347222453984,0.5487510072522154,0.0
4419,3.682561376022934,0.5487510072522159,560,681,1241,0.0,0.0008333472224535399,0.5487510072522154,0.0
4420,3.6833947232453874,0.5487510072522159,560,681,1241,0.0,0.0008333472224535399,0.5487510072522154,0.0
4421,3.6842280704678414,0.5487510072522159,560,681,1241,0.0,0.000833347222453984,0.5487510072522154,0.0
4422,3.685061417690295,0.5487510072522159,560,681,1241,0.0,0.0008333472224535399,0.5487510072522154,0.0
4423,3.685894764912749,0.5487510072522159,560,681,1241,0.0,0.000833347222453984,0.5487510072522154,0.0
4424,3.6867281121352025,0.5487510072522159,560,681,1241,0.0,0.0008333472224535399,0.5487510072522154,0.0
4425,3.687561459357656,0.5487510072522159,560,681,1241,0.0,0.0008333472224535399,0.5487510072522154,0.0
4426,3.68839480658011,0.5487510072522159,560,681,1241,0.0,0.000833347222453984,0.5487510072522154,0.0
4427,3.6892281538025635,0.5487510072522159,560,681,1241,0.0,0.0008333472224535399,0.5487510072522154,0.0
4428,3.690061501025017,0.5487510072522159,560,681,1241,0.0,0.0008333472224535399,0.5487510072522154,0.0
4429,3.690894848247471,0.5487510072522159,560,681,1241,0.0,0.000833347222453984,0.5487510072522154,0.0
4430,3.6917281954699246,0.5487510072522159,560,681,1241,0.0,0.0008333472224535399,0.5487510072522154,0.0
4431,3.6925615426923786,0.5487510072522159,560,681,1241,0.0,0.000833347222453984,0.5487510072522154,0.0
4432,3.693394889914832,0.5487510072522159,560,681,1241,0.0,0.0008333472224535399,0.5487510072522154,0.0
4433,3.6942282371372857,0.5487510072522159,560,681,1241,0.0,0.0008333472224535399,0.5487510072522154,0.0
4434,3.6950615843597396,0.5487510072522159,560,681,1241,0.0,0.000833347222453984,0.5487510072522154,0.0
4435,3.695894931582193,0.5487510072522159,560,681,1241,0.0,0.0008333472224535399,0.5487510072522154,0.0
4436,3.6967282788046467,0.5487510072522159,560,681,1241,0.0,0.0008333472224535399,0.5487510072522154,0.0
4437,3.6975616260271007,0.5487510072522159,560,681,1241,0.0,0.000833347222453984,0.5487510072522154,0.0
4438,3.6983949732495542,0.5487510072522159,560,681,1241,0.0,0.0008333472224535399,0.5487510072522154,0.0
4439,3.6992283204720082,0.5487510072522159,560,681,1241,0.0,0.000833347222453984,0.5487510072522154,0.0
4440,3.7000616676944618,0.5487510072522159,560,681,1241,0.0,0.0008333472224535399,0.5487510072522154,0.0
4441,3.7008950149169153,0.5487510072522159,560,681,1241,0.0,0.0008333472224535399,0.5487510072522154,0.0
4442,3.7017283621393693,0.5487510072522159,560,681,1241,0.0,0.000833347222453984,0.5487510072522154,0.0
4443,3.702561709361823,0.5487510072522159,560,681,1241,0.0,0.0008333472224535399,0.5487510072522154,0.0
4444,3.7033950565842764,0.5487510072522159,560,681,1241,0.0,0.0008333472224535399,0.5487510072522154,0.0
4445,3.7042284038067304,0.5487510072522159,560,681,1241,0.0,0.000833347222453984,0.5487510072522154,0.0
4446,3.705061751029184,0.5487510072522159,560,681,1241,0.0,0.0008333472224535399,0.5487510072522154,0.0
4447,3.705895098251638,0.5487510072522159,560,681,1241,0.0,0.000833347222453984,0.5487510072522154,0.0
4448,3.7067284454740914,0.5487510072522159,560,681,1241,0.0,0.0008333472224535399,0.5487510072522154,0.0
4449,3.707561792696545,0.5487510072522159,560,681,1241,0.0,0.0008333472224535399,0.5487510072522154,0.0
4450,3.708395139918999,0.5487510072522159,560,681,1241,0.0,0.000833347222453984,0.5487510072522154,0.0
4451,3.7092284871414525,0.5487510072522159,560,681,1241,0.0,0.0008333472224535399,0.5487510072522154,0.0
4452,3.710061834363906,0.5487510072522159,560,681,1241,0.0,0.0008333472224535399,0.5487510072522154,0.0
4453,3.71089518158636,0.5487510072522159,560,681,1241,0.0,0.000833347222453984,0.5487510072522154,0.0
4454,3.7117285288088135,0.5487510072522159,560,681,1241,0.0,0.0008333472224535399,0.5487510072522154,0.0
4455,3.7125618760312675,0.5487510072522159,560,681,1241,0.0,0.000833347222453984,0.5487510072522154,0.0
4456,3.713395223253721,0.5487510072522159,560,681,1241,0.0,0.0008333472224535399,0.5487510072522154,0.0
4457,3.7142285704761746,0.5487510072522159,560,681,1241,0.0,0.0008333472224535399,0.5487510072522154,0.0
4458,3.7150619176986286,0.5487510072522159,560,681,1241,0.0,0.000833347222453984,0.5487510072522154,0.0
4459,3.715895264921082,0.5487510072522159,560,681,1241,0.0,0.0008333472224535399,0.5487510072522154,0.0
4460,3.7167286121435357,0.5487510072522159,560,681,1241,0.0,0.0008333472224535399,0.5487510072522154,0.0
4461,3.7175619593659897,0.5487510072522159,560,681,1241,0.0,0.000833347222453984,0.5487510072522154,0.0
4462,3.718395306588443,0.5487510072522159,560,681,1241,0.0,0.0008333472224535399,0.5487510072522154,0.0
4463,3.719228653810897,0.5487510072522159,560,681,1241,0.0,0.000833347222453984,0.5487510072522154,0.0
4464,3.7200620010333507,0.5487510072522159,560,681,1241,0.0,0.0008333472224535399,0.5487510072522154,0.0
4465,3.7208953482558043,0.5487510072522159,560,681,1241,0.0,0.0008333472224535399,0.5487510072522154,0.0
4466,3.7217286954782582,0.5487510072522159,560,681,1241,0.0,0.000833347222453984,0.5487510072522154,0.0
4467,3.722562042700712,0.5487510072522159,560,681,1241,0.0,0.0008333472224535399,0.5487510072522154,0.0
4468,3.7233953899231653,0.5487510072522159,560,681,1241,0.0,0.0008333472224535399,0.5487510072522154,0.0
4469,3.7242287371456193,0.5487510072522159,560,681,1241,0.0,0.000833347222453984,0.5487510072522154,0.0
4470,3.725062084368073,0.5487510072522159,560,681,1241,0.0,0.0008333472224535399,0.5487510072522154,0.0
4471,3.725895431590527,0.5487510072522159,560,681,1241,0.0,0.000833347222453984,0.5487510072522154,0.0
4472,3.7267287788129804,0.5487510072522159,560,681,1241,0.0,0.0008333472224535399,0.5487510072522154,0.0
4473,3.727562126035434,0.5487510072522159,560,681,1241,0.0,0.0008333472224535399,0.5487510072522154,0.0
4474,3.728395473257888,0.5487510072522159,560,681,1241,0.0,0.000833347222453984,0.5487510072522154,0.0
4475,3.7292288204803414,0.5487510072522159,560,681,1241,0.0,0.0008333472224535399,0.5487510072522154,0.0
4476,3.7300621677027954,0.5487510072522159,560,681,1241,0.0,0.000833347222453984,0.5487510072522154,0.0
4477,3.730895514925249,0.5487510072522159,560,681,1241,0.0,0.0008333472224535399,0.5487510072522154,0.0
4478,3.7317288621477025,0.5487510072522159,560,681,1241,0.0,0.0008333472224535399,0.5487510072522154,0.0
4479,3.7325622093701565,0.5487510072522159,560,681,1241,0.0,0.000833347222453984,0.5487510072522154,0.0
4480,3.73339555659261,0.5487510072522159,560,681,1241,0.0,0.0008333472224535399,0.5487510072522154,0.0
4481,3.7342289038150636,0.5487510072522159,560,681,1241,0.0,0.0008333472224535399,0.5487510072522154,0.0
4482,3.7350622510375175,0.5487510072522159,560,681,1241,0.0,0.000833347222453984,0.5487510072522154,0.0
4483,3.735895598259971,0.5487510072522159,560,681,1241,0.0,0.0008333472224535399,0.5487510072522154,0.0
4484,3.736728945482425,0.5487510072522159,560,681,1241,0.0,0.000833347222453984,0.5487510072522154,0.0
4485,3.7375622927048786,0.5487510072522159,560,681,1241,0.0,0.0008333472224535399,0.5487510072522154,0.0
4486,3.738395639927332,0.5487510072522159,560,681,1241,0.0,0.0008333472224535399,0.5487510072522154,0.0
4487,3.739228987149786,0.5487510072522159,560,681,1241,0.0,0.000833347222453984,0.5487510072522154,0.0
4488,3.7400623343722397,0.5487510072522159,560,681,1241,0.0,0.0008333472224535399,0.5487510072522154,0.0
4489,3.740895681594693,0.5487510072522159,560,681,1241,0.0,0.0008333472224535399,0.5487510072522154,0.0
4490,3.741729028817147,0.5487510072522159,560,681,1241,0.0,0.000833347222453984,0.5487510072522154,0.0
4491,3.7425623760396007,0.5487510072522159,560,681,1241,0.0,0.0008333472224535399,0.5487510072522154,0.0
4492,3.7433957232620547,0.5487510072522159,560,681,1241,0.0,0.000833347222453984,0.5487510072522154,0.0
4493,3.7442290704845083,0.5487510072522159,560,681,1241,0.0,0.0008333472224535399,0.5487510072522154,0.0
4494,3.745062417706962,0.5487510072522159,560,681,1241,0.0,0.0008333472224535399,0.5487510072522154,0.0
4495,3.745895764929416,0.5487510072522159,560,681,1241,0.0,0.000833347222453984,0.5487510072522154,0.0
4496,3.7467291121518693,0.5487510072522159,560,681,1241,0.0,0.0008333472224535399,0.5487510072522154,0.0
4497,3.747562459374323,0.5487510072522159,560,681,1241,0.0,0.0008333472224535399,0.5487510072522154,0.0
4498,3.748395806596777,0.5495568090249798,560,681,1241,0.0008058017727639033,0.000833347222453984,0.5488315874294918,8.058017727639034e-05
4499,3.7492291538192304,0.5495568090249798,560,681,1241,0.0,0.0008333472224535399,0.5489121676067681,8.058017727639034e-05
4500,3.7500625010416844,0.5495568090249798,560,681,1241,0.0,0.000833347222453984,0.5489927477840444,8.058017727639034e-05
4501,3.750895848264138,0.5495568090249798,560,681,1241,0.0,0.0008333472224535399,0.5490733279613208,8.058017727639034e-05
4502,3.7517291954865915,0.5495568090249798,560,681,1241,0.0,0.0008333472224535399,0.5491539081385971,8.058017727639034e-05
4503,3.7525625427090454,0.5495568090249798,560,681,1241,0.0,0.000833347222453984,0.5492344883158735,8.058017727639034e-05
4504,3.753395889931499,0.5495568090249798,560,681,1241,0.0,0.0008333472224535399,0.5493150684931498,8.058017727639034e-05
4505,3.7542292371539525,0.5495568090249798,560,681,1241,0.0,0.0008333472224535399,0.5493956486704261,8.058017727639034e-05
4506,3.7550625843764065,0.5495568090249798,560,681,1241,0.0,0.000833347222453984,0.5494762288477025,8.058017727639034e-05
4507,3.75589593159886,0.5495568090249798,560,681,1241,0.0,0.0008333472224535399,0.5495568090249788,8.058017727639034e-05
4508,3.756729278821314,0.5495568090249798,560,681,1241,0.0,0.000833347222453984,0.5495568090249788,0.0
4509,3.7575626260437676,0.5495568090249798,560,681,1241,0.0,0.0008333472224535399,0.5495568090249788,0.0
4510,3.758395973266221,0.5495568090249798,560,681,1241,0.0,0.0008333472224535399,0.5495568090249788,0.0
4511,3.759229320488675,0.5495568090249798,560,681,1241,0.0,0.000833347222453984,0.5495568090249788,0.0
4512,3.7600626677111286,0.5495568090249798,560,681,1241,0.0,0.0008333472224535399,0.5495568090249788,0.0
4513,3.760896014933582,0.5495568090249798,560,681,1241,0.0,0.0008333472224535399,0.5495568090249788,0.0
4514,3.761729362156036,0.5495568090249798,560,681,1241,0.0,0.000833347222453984,0.5495568090249788,0.0
4515,3.7625627093784897,0.5495568090249798,560,681,1241,0.0,0.0008333472224535399,0.5495568090249788,0.0
4516,3.7633960566009437,0.5495568090249798,560,681,1241,0.0,0.000833347222453984,0.5495568090249788,0.0
4517,3.764229403823397,0.5495568090249798,560,681,1241,0.0,0.0008333472224535399,0.5495568090249788,0.0
4518,3.7650627510458508,0.5495568090249798,560,681,1241,0.0,0.0008333472224535399,0.5495568090249788,0.0
4519,3.7658960982683047,0.5495568090249798,560,681,1241,0.0,0.000833347222453984,0.5495568090249788,0.0
4520,3.7667294454907583,0.5503626107977437,560,681,1241,0.0008058017727639033,0.0008333472224535399,0.5496373892022552,8.058017727639034e-05
4521,3.7675627927132123,0.5495568090249798,560,681,1241,-0.0008058017727639033,0.000833347222453984,0.5496373892022552,0.0
4522,3.768396139935666,0.5495568090249798,560,681,1241,0.0,0.0008333472224535399,0.5496373892022552,0.0
4523,3.7692294871581193,0.5495568090249798,560,681,1241,0.0,0.0008333472224535399,0.5496373892022552,0.0
4524,3.7700628343805733,0.5495568090249798,560,681,1241,0.0,0.000833347222453984,0.5496373892022552,0.0
4525,3.770896181603027,0.5495568090249798,560,681,1241,0.0,0.0008333472224535399,0.5496373892022552,0.0
4526,3.7717295288254804,0.5495568090249798,560,681,1241,0.0,0.0008333472224535399,0.5496373892022552,0.0
4527,3.7725628760479344,0.5495568090249798,560,681,1241,0.0,0.000833347222453984,0.5496373892022552,0.0
4528,3.773396223270388,0.5495568090249798,560,681,1241,0.0,0.0008333472224535399,0.5496373892022552,0.0
4529,3.774229570492842,0.5495568090249798,560,681,1241,0.0,0.000833347222453984,0.5496373892022552,0.0
4530,3.7750629177152955,0.5495568090249798,560,681,1241,0.0,0.0008333472224535399,0.5495568090249787,-8.058017727639034e-05
4531,3.775896264937749,0.5495568090249798,560,681,1241,0.0,0.0008333472224535399,0.5495568090249788,0.0
4532,3.776729612160203,0.5495568090249798,560,681,1241,0.0,0.000833347222453984,0.5495568090249788,0.0
4533,3.7775629593826565,0.5495568090249798,560,681,1241,0.0,0.0008333472224535399,0.5495568090249788,0.0
4534,3.77839630660511,0.5495568090249798,560,681,1241,0.0,0.0008333472224535399,0.5495568090249788,0.0
4535,3.779229653827564,0.5495568090249798,560,681,1241,0.0,0.000833347222453984,0.5495568090249788,0.0
4536,3.7800630010500176,0.5495568090249798,560,681,1241,0.0,0.0008333472224535399,0.5495568090249788,0.0
4537,3.7808963482724716,0.5495568090249798,560,681,1241,0.0,0.000833347222453984,0.5495568090249788,0.0
4538,3.781729695494925,0.5495568090249798,560,681,1241,0.0,0.0008333472224535399,0.5495568090249788,0.0
4539,3.7825630427173786,0.5495568090249798,560,681,1241,0.0,0.0008333472224535399,0.5495568090249788,0.0
4540,3.7833963899398326,0.5495568090249798,560,681,1241,0.0,0.000833347222453984,0.5495568090249788,0.0
4541,3.784229737162286,0.5495568090249798,560,681,1241,0.0,0.0008333472224535399,0.5495568090249788,0.0
4542,3.7850630843847397,0.5495568090249798,560,681,1241,0.0,0.0008333472224535399,0.5495568090249788,0.0
4543,3.7858964316071937,0.5495568090249798,560,681,1241,0.0,0.000833347222453984,0.5495568090249788,0.0
4544,3.7867297788296472,0.5495568090249798,560,681,1241,0.0,0.0008333472224535399,0.5495568090249788,0.0
4545,3.787563126052101,0.5495568090249798,560,681,1241,0.0,0.000833347222453984,0.5495568090249788,0.0
4546,3.7883964732745548,0.5495568090249798,560,681,1241,0.0,0.0008333472224535399,0.5495568090249788,0.0
4547,3.7892298204970083,0.5495568090249798,560,681,1241,0.0,0.0008333472224535399,0.5495568090249788,0.0
4548,3.7900631677194623,0.5495568090249798,560,681,1241,0.0,0.000833347222453984,0.5495568090249788,0.0
4549,3.790896514941916,0.5495568090249798,560,681,1241,0.0,0.0008333472224535399,0.5495568090249788,0.0
4550,3.7917298621643694,0.5495568090249798,560,681,1241,0.0,0.0008333472224535399,0.5495568090249788,0.0
4551,3.7925632093868233,0.5495568090249798,560,681,1241,0.0,0.000833347222453984,0.5495568090249788,0.0
4552,3.793396556609277,0.5495568090249798,560,681,1241,0.0,0.0008333472224535399,0.5495568090249788,0.0
4553,3.794229903831731,0.5495568090249798,560,681,1241,0.0,0.000833347222453984,0.5495568090249788,0.0
4554,3.7950632510541844,0.5495568090249798,560,681,1241,0.0,0.0008333472224535399,0.5495568090249788,0.0
4555,3.795896598276638,0.5495568090249798,560,681,1241,0.0,0.0008333472224535399,0.5495568090249788,0.0
4556,3.796729945499092,0.5495568090249798,560,681,1241,0.0,0.000833347222453984,0.5495568090249788,0.0
4557,3.7975632927215455,0.5495568090249798,560,681,1241,0.0,0.0008333472224535399,0.5495568090249788,0.0
4558,3.798396639943999,0.5495568090249798,560,681,1241,0.0,0.0008333472224535399,0.5495568090249788,0.0
4559,3.799229987166453,0.5495568090249798,560,681,1241,0.0,0.000833347222453984,0.5495568090249788,0.0
4560,3.8000633343889065,0.5495568090249798,560,681,1241,0.0,0.0008333472224535399,0.5495568090249788,0.0
4561,3.8008966816113605,0.5495568090249798,560,681,1241,0.0,0.000833347222453984,0.5495568090249788,0.0
4562,3.801730028833814,0.5495568090249798,560,681,1241,0.0,0.0008333472224535399,0.5495568090249788,0.0
4563,3.8025633760562676,0.5495568090249798,560,681,1241,0.0,0.0008333472224535399,0.5495568090249788,0.0
4564,3.8033967232787216,0.5495568090249798,560,681,1241,0.0,0.000833347222453984,0.5495568090249788,0.0
4565,3.804230070501175,0.5495568090249798,560,681,1241,0.0,0.0008333472224535399,0.5495568090249788,0.0
4566,3.805063417723629,0.5495568090249798,560,681,1241,0.0,0.000833347222453984,0.5495568090249788,0.0
4567,3.8058967649460826,0.5495568090249798,560,681,1241,0.0,0.0008333472224535399,0.5495568090249788,0.0
4568,3.806730112168536,0.5495568090249798,560,681,1241,0.0,0.0008333472224535399,0.5495568090249788,0.0
4569,3.80756345939099,0.5495568090249798,560,681,1241,0.0,0.000833347222453984,0.5495568090249788,0.0
4570,3.8083968066134437,0.5495568090249798,560,681,1241,0.0,0.0008333472224535399,0.5495568090249788,0.0
4571,3.8092301538358972,0.5495568090249798,560,681,1241,0.0,0.0008333472224535399,0.5495568090249788,0.0
4572,3.8100635010583512,0.5495568090249798,560,681,1241,0.0,0.000833347222453984,0.5495568090249788,0.0
4573,3.8108968482808048,0.5495568090249798,560,681,1241,0.0,0.0008333472224535399,0.5495568090249788,0.0
4574,3.8117301955032588,0.5495568090249798,560,681,1241,0.0,0.000833347222453984,0.5495568090249788,0.0
4575,3.8125635427257123,0.5495568090249798,560,681,1241,0.0,0.0008333472224535399,0.5495568090249788,0.0
4576,3.813396889948166,0.5495568090249798,560,681,1241,0.0,0.0008333472224535399,0.5495568090249788,0.0
4577,3.81423023717062,0.5495568090249798,560,681,1241,0.0,0.000833347222453984,0.5495568090249788,0.0
4578,3.8150635843930734,0.5495568090249798,560,681,1241,0.0,0.0008333472224535399,0.5495568090249788,0.0
4579,3.815896931615527,0.5495568090249798,560,681,1241,0.0,0.0008333472224535399,0.5495568090249788,0.0
4580,3.816730278837981,0.5495568090249798,560,681,1241,0.0,0.000833347222453984,0.5495568090249788,0.0
4581,3.8175636260604344,0.5495568090249798,560,681,1241,0.0,0.0008333472224535399,0.5495568090249788,0.0
4582,3.8183969732828884,0.5487510072522159,560,681,1241,-0.0008058017727639033,0.000833347222453984,0.5494762288477025,-8.058017727639034e-05
4583,3.819230320505342,0.5487510072522159,560,681,1241,0.0,0.0008333472224535399,0.5493956486704261,-8.058017727639034e-05
4584,3.8200636677277955,0.5487510072522159,560,681,1241,0.0,0.0008333472224535399,0.5493150684931498,-8.058017727639034e-05
4585,3.8208970149502495,0.5487510072522159,560,681,1241,0.0,0.000833347222453984,0.5492344883158735,-8.058017727639034e-05
4586,3.821730362172703,0.5487510072522159,560,681,1241,0.0,0.0008333472224535399,0.5491539081385971,-8.058017727639034e-05
4587,3.8225637093951566,0.5487510072522159,560,681,1241,0.0,0.0008333472224535399,0.5490733279613208,-8.058017727639034e-05
4588,3.8233970566176105,0.5487510072522159,560,681,1241,0.0,0.000833347222453984,0.5489927477840444,-8.058017727639034e-05
4589,3.824230403840064,0.5487510072522159,560,681,1241,0.0,0.0008333472224535399,0.5489121676067681,-8.058017727639034e-05
4590,3.825063751062518,0.5487510072522159,560,681,1241,0.0,0.000833347222453984,0.5488315874294918,-8.058017727639034e-05
4591,3.8258970982849716,0.5487510072522159,560,681,1241,0.0,0.0008333472224535399,0.5487510072522154,-8.058017727639034e-05
4592,3.826730445507425,0.5487510072522159,560,681,1241,0.0,0.0008333472224535399,0.5487510072522154,0.0
4593,3.827563792729879,0.5487510072522159,560,681,1241,0.0,0.000833347222453984,0.5487510072522154,0.0
4594,3.8283971399523327,0.5487510072522159,560,681,1241,0.0,0.0008333472224535399,0.5487510072522154,0.0
4595,3.829230487174786,0.5487510072522159,560,681,1241,0.0,0.0008333472224535399,0.5487510072522154,0.0
4596,3.83006383439724,0.5487510072522159,560,681,1241,0.0,0.000833347222453984,0.5487510072522154,0.0
4597,3.8308971816196937,0.5487510072522159,560,681,1241,0.0,0.0008333472224535399,0.5487510072522154,0.0
4598,3.8317305288421477,0.5487510072522159,560,681,1241,0.0,0.000833347222453984,0.5487510072522154,0.0
4599,3.8325638760646012,0.5487510072522159,560,681,1241,0.0,0.0008333472224535399,0.5487510072522154,0.0
4600,3.833397223287055,0.5487510072522159,560,681,1241,0.0,0.0008333472224535399,0.5487510072522154,0.0
4601,3.8342305705095088,0.5487510072522159,560,681,1241,0.0,0.000833347222453984,0.5487510072522154,0.0
4602,3.8350639177319623,0.5487510072522159,560,681,1241,0.0,0.0008333472224535399,0.5487510072522154,0.0
4603,3.835897264954416,0.5487510072522159,560,681,1241,0.0,0.0008333472224535399,0.5487510072522154,0.0
4604,3.83673061217687,0.5487510072522159,560,681,1241,0.0,0.000833347222453984,0.5487510072522154,0.0
4605,3.8375639593993234,0.5487510072522159,560,681,1241,0.0,0.0008333472224535399,0.5487510072522154,0.0
4606,3.8383973066217774,0.5487510072522159,560,681,1241,0.0,0.000833347222453984,0.5487510072522154,0.0
4607,3.839230653844231,0.5487510072522159,560,681,1241,0.0,0.0008333472224535399,0.5487510072522154,0.0
4608,3.8400640010666844,0.5487510072522159,560,681,1241,0.0,0.0008333472224535399,0.5487510072522154,0.0
4609,3.8408973482891384,0.5487510072522159,560,681,1241,0.0,0.000833347222453984,0.5487510072522154,0.0
4610,3.841730695511592,0.5487510072522159,560,681,1241,0.0,0.0008333472224535399,0.5487510072522154,0.0
4611,3.842564042734046,0.5487510072522159,560,681,1241,0.0,0.000833347222453984,0.5487510072522154,0.0
4612,3.8433973899564995,0.5487510072522159,560,681,1241,0.0,0.0008333472224535399,0.5487510072522154,0.0
4613,3.844230737178953,0.5487510072522159,560,681,1241,0.0,0.0008333472224535399,0.5487510072522154,0.0
4614,3.845064084401407,0.5487510072522159,560,681,1241,0.0,0.000833347222453984,0.5487510072522154,0.0
4615,3.8458974316238606,0.5487510072522159,560,681,1241,0.0,0.0008333472224535399,0.5487510072522154,0.0
4616,3.846730778846314,0.5487510072522159,560,681,1241,0.0,0.0008333472224535399,0.5487510072522154,0.0
4617,3.847564126068768,0.5487510072522159,560,681,1241,0.0,0.000833347222453984,0.5487510072522154,0.0
4618,3.8483974732912216,0.5487510072522159,560,681,1241,0.0,0.0008333472224535399,0.5487510072522154,0.0
4619,3.8492308205136756,0.5487510072522159,560,681,1241,0.0,0.000833347222453984,0.5487510072522154,0.0
4620,3.850064167736129,0.5487510072522159,560,681,1241,0.0,0.0008333472224535399,0.5487510072522154,0.0
4621,3.8508975149585827,0.5487510072522159,560,681,1241,0.0,0.0008333472224535399,0.5487510072522154,0.0
4622,3.8517308621810367,0.5487510072522159,560,681,1241,0.0,0.000833347222453984,0.5487510072522154,0.0
4623,3.85256420940349,0.5487510072522159,560,681,1241,0.0,0.0008333472224535399,0.5487510072522154,0.0
4624,3.8533975566259437,0.5487510072522159,560,681,1241,0.0,0.0008333472224535399,0.5487510072522154,0.0
4625,3.8542309038483977,0.5487510072522159,560,681,1241,0.0,0.000833347222453984,0.5487510072522154,0.0
4626,3.8550642510708513,0.5487510072522159,560,681,1241,0.0,0.0008333472224535399,0.5487510072522154,0.0
4627,3.8558975982933053,0.5487510072522159,560,681,1241,0.0,0.000833347222453984,0.5487510072522154,0.0
4628,3.856730945515759,0.5487510072522159,560,681,1241,0.0,0.0008333472224535399,0.5487510072522154,0.0
4629,3.8575642927382123,0.5487510072522159,560,681,1241,0.0,0.0008333472224535399,0.5487510072522154,0.0
4630,3.8583976399606663,0.5487510072522159,560,681,1241,0.0,0.000833347222453984,0.5487510072522154,0.0
4631,3.85923098718312,0.5487510072522159,560,681,1241,0.0,0.0008333472224535399,0.5487510072522154,0.0
4632,3.8600643344055734,0.5487510072522159,560,681,1241,0.0,0.0008333472224535399,0.5487510072522154,0.0
4633,3.8608976816280274,0.5487510072522159,560,681,1241,0.0,0.000833347222453984,0.5487510072522154,0.0
4634,3.861731028850481,0.5487510072522159,560,681,1241,0.0,0.0008333472224535399,0.5487510072522154,0.0
4635,3.862564376072935,0.5487510072522159,560,681,1241,0.0,0.000833347222453984,0.5487510072522154,0.0
4636,3.8633977232953884,0.5487510072522159,560,681,1241,0.0,0.0008333472224535399,0.5487510072522154,0.0
4637,3.864231070517842,0.5487510072522159,560,681,1241,0.0,0.0008333472224535399,0.5487510072522154,0.0
4638,3.865064417740296,0.5487510072522159,560,681,1241,0.0,0.000833347222453984,0.5487510072522154,0.0
4639,3.8658977649627495,0.5487510072522159,560,681,1241,0.0,0.0008333472224535399,0.5487510072522154,0.0
4640,3.866731112185203,0.5487510072522159,560,681,1241,0.0,0.0008333472224535399,0.5487510072522154,0.0
4641,3.867564459407657,0.5487510072522159,560,681,1241,0.0,0.000833347222453984,0.5487510072522154,0.0
4642,3.8683978066301106,0.5487510072522159,560,681,1241,0.0,0.0008333472224535399,0.5487510072522154,0.0
4643,3.8692311538525646,0.5487510072522159,560,681,1241,0.0,0.000833347222453984,0.5487510072522154,0.0
4644,3.870064501075018,0.5487510072522159,560,681,1241,0.0,0.0008333472224535399,0.5487510072522154,0.0
4645,3.8708978482974716,0.5487510072522159,560,681,1241,0.0,0.0008333472224535399,0.5487510072522154,0.0
4646,3.8717311955199256,0.5487510072522159,560,681,1241,0.0,0.000833347222453984,0.5487510072522154,0.0
4647,3.872564542742379,0.5487510072522159,560,681,1241,0.0,0.0008333472224535399,0.5487510072522154,0.0
4648,3.8733978899648327,0.5487510072522159,560,681,1241,0.0,0.0008333472224535399,0.5487510072522154,0.0
4649,3.8742312371872867,0.5487510072522159,560,681,1241,0.0,0.000833347222453984,0.5487510072522154,0.0
4650,3.87506458440974,0.5487510072522159,560,681,1241,0.0,0.0008333472224535399,0.5487510072522154,0.0
4651,3.875897931632194,0.5487510072522159,560,681,1241,0.0,0.000833347222453984,0.5487510072522154,0.0
4652,3.8767312788546477,0.5487510072522159,560,681,1241,0.0,0.0008333472224535399,0.5487510072522154,0.0
4653,3.8775646260771013,0.5487510072522159,560,681,1241,0.0,0.0008333472224535399,0.5487510072522154,0.0
4654,3.8783979732995553,0.5487510072522159,560,681,1241,0.0,0.000833347222453984,0.5487510072522154,0.0
4655,3.879231320522009,0.5487510072522159,560,681,1241,0.0,0.0008333472224535399,0.5487510072522154,0.0
4656,3.880064667744463,0.5487510072522159,560,681,1241,0.0,0.000833347222453984,0.5487510072522154,0.0
4657,3.8808980149669163,0.5487510072522159,560,681,1241,0.0,0.0008333472224535399,0.5487510072522154,0.0
4658,3.88173136218937,0.5487510072522159,560,681,1241,0.0,0.0008333472224535399,0.5487510072522154,0.0
4659,3.882564709411824,0.5487510072522159,560,681,1241,0.0,0.000833347222453984,0.5487510072522154,0.0
4660,3.8833980566342774,0.5487510072522159,560,681,1241,0.0,0.0008333472224535399,0.5487510072522154,0.0
4661,3.884231403856731,0.5487510072522159,560,681,1241,0.0,0.0008333472224535399,0.5487510072522154,0.0
4662,3.885064751079185,0.5487510072522159,560,681,1241,0.0,0.000833347222453984,0.5487510072522154,0.0
4663,3.8858980983016385,0.5487510072522159,560,681,1241,0.0,0.0008333472224535399,0.5487510072522154,0.0
4664,3.8867314455240924,0.5487510072522159,560,681,1241,0.0,0.000833347222453984,0.5487510072522154,0.0
4665,3.887564792746546,0.5487510072522159,560,681,1241,0.0,0.0008333472224535399,0.5487510072522154,0.0
4666,3.8883981399689995,0.5487510072522159,560,681,1241,0.0,0.0008333472224535399,0.5487510072522154,0.0
4667,3.8892314871914535,0.5487510072522159,560,681,1241,0.0,0.000833347222453984,0.5487510072522154,0.0
4668,3.890064834413907,0.5487510072522159,560,681,1241,0.0,0.0008333472224535399,0.5487510072522154,0.0
4669,3.8908981816363606,0.5487510072522159,560,681,1241,0.0,0.0008333472224535399,0.5487510072522154,0.0
4670,3.8917315288588146,0.5487510072522159,560,681,1241,0.0,0.000833347222453984,0.5487510072522154,0.0
4671,3.892564876081268,0.5487510072522159,560,681,1241,0.0,0.0008333472224535399,0.5487510072522154,0.0
4672,3.893398223303722,0.5487510072522159,560,681,1241,0.0,0.000833347222453984,0.5487510072522154,0.0
4673,3.8942315705261756,0.5487510072522159,560,681,1241,0.0,0.0008333472224535399,0.5487510072522154,0.0
4674,3.895064917748629,0.5487510072522159,560,681,1241,0.0,0.0008333472224535399,0.5487510072522154,0.0
4675,3.895898264971083,0.5487510072522159,560,681,1241,0.0,0.000833347222453984,0.5487510072522154,0.0
4676,3.8967316121935367,0.5487510072522159,560,681,1241,0.0,0.0008333472224535399,0.5487510072522154,0.0
4677,3.8975649594159902,0.5487510072522159,560,681,1241,0.0,0.0008333472224535399,0.5487510072522154,0.0
4678,3.898398306638444,0.5487510072522159,560,681,1241,0.0,0.000833347222453984,0.5487510072522154,0.0
4679,3.8992316538608978,0.5487510072522159,560,681,1241,0.0,0.0008333472224535399,0.5487510072522154,0.0
4680,3.9000650010833517,0.5487510072522159,560,681,1241,0.0,0.000833347222453984,0.5487510072522154,0.0
4681,3.9008983483058053,0.5487510072522159,560,681,1241,0.0,0.0008333472224535399,0.5487510072522154,0.0
4682,3.901731695528259,0.5487510072522159,560,681,1241,0.0,0.0008333472224535399,0.5487510072522154,0.0
4683,3.902565042750713,0.5487510072522159,560,681,1241,0.0,0.000833347222453984,0.5487510072522154,0.0
4684,3.9033983899731663,0.5487510072522159,560,681,1241,0.0,0.0008333472224535399,0.5487510072522154,0.0
4685,3.90423173719562,0.5487510072522159,560,681,1241,0.0,0.0008333472224535399,0.5487510072522154,0.0
4686,3.905065084418074,0.5487510072522159,560,681,1241,0.0,0.000833347222453984,0.5487510072522154,0.0
4687,3.9058984316405274,0.5487510072522159,560,681,1241,0.0,0.0008333472224535399,0.5487510072522154,0.0
4688,3.9067317788629814,0.5487510072522159,560,681,1241,0.0,0.000833347222453984,0.5487510072522154,0.0
4689,3.907565126085435,0.5487510072522159,560,681,1241,0.0,0.0008333472224535399,0.5487510072522154,0.0
4690,3.9083984733078885,0.5487510072522159,560,681,1241,0.0,0.0008333472224535399,0.5487510072522154,0.0
4691,3.9092318205303425,0.5487510072522159,560,681,1241,0.0,0.000833347222453984,0.5487510072522154,0.0
4692,3.910065167752796,0.5487510072522159,560,681,1241,0.0,0.0008333472224535399,0.5487510072522154,0.0
4693,3.9108985149752495,0.5487510072522159,560,681,1241,0.0,0.0008333472224535399,0.5487510072522154,0.0
4694,3.9117318621977035,0.5487510072522159,560,681,1241,0.0,0.000833347222453984,0.5487510072522154,0.0
4695,3.912565209420157,0.5487510072522159,560,681,1241,0.0,0.0008333472224535399,0.5487510072522154,0.0
4696,3.913398556642611,0.5487510072522159,560,681,1241,0.0,0.000833347222453984,0.5487510072522154,0.0
4697,3.9142319038650646,0.5487510072522159,560,681,1241,0.0,0.0008333472224535399,0.5487510072522154,0.0
4698,3.915065251087518,0.5487510072522159,560,681,1241,0.0,0.0008333472224535399,0.5487510072522154,0.0
4699,3.915898598309972,0.5487510072522159,560,681,1241,0.0,0.000833347222453984,0.5487510072522154,0.0
4700,3.9167319455324257,0.5487510072522159,560,681,1241,0.0,0.0008333472224535399,0.5487510072522154,0.0
4701,3.917565292754879,0.5487510072522159,560,681,1241,0.0,0.0008333472224535399,0.5487510072522154,0.0
4702,3.918398639977333,0.5487510072522159,560,681,1241,0.0,0.000833347222453984,0.5487510072522154,0.0
4703,3.9192319871997867,0.5487510072522159,560,681,1241,0.0,0.0008333472224535399,0.5487510072522154,0.0
4704,3.9200653344222407,0.5487510072522159,560,681,1241,0.0,0.000833347222453984,0.5487510072522154,0.0
4705,3.9208986816446942,0.5487510072522159,560,681,1241,0.0,0.0008333472224535399,0.5487510072522154,0.0
4706,3.921732028867148,0.5487510072522159,560,681,1241,0.0,0.0008333472224535399,0.5487510072522154,0.0
4707,3.9225653760896018,0.5487510072522159,560,681,1241,0.0,0.000833347222453984,0.5487510072522154,0.0
4708,3.9233987233120553,0.5487510072522159,560,681,1241,0.0,0.0008333472224535399,0.5487510072522154,0.0
4709,3.9242320705345093,0.5487510072522159,560,681,1241,0.0,0.000833347222453984,0.5487510072522154,0.0
4710,3.925065417756963,0.5487510072522159,560,681,1241,0.0,0.0008333472224535399,0.5487510072522154,0.0
4711,3.9258987649794164,0.5487510072522159,560,681,1241,0.0,0.0008333472224535399,0.5487510072522154,0.0
4712,3.9267321122018704,0.5487510072522159,560,681,1241,0.0,0.000833347222453984,0.5487510072522154,0.0
4713,3.927565459424324,0.5487510072522159,560,681,1241,0.0,0.0008333472224535399,0.5487510072522154,0.0
4714,3.9283988066467774,0.5487510072522159,560,681,1241,0.0,0.0008333472224535399,0.5487510072522154,0.0
4715,3.9292321538692314,0.5487510072522159,560,681,1241,0.0,0.000833347222453984,0.5487510072522154,0.0
4716,3.930065501091685,0.5487510072522159,560,681,1241,0.0,0.0008333472224535399,0.5487510072522154,0.0
4717,3.930898848314139,0.5487510072522159,560,681,1241,0.0,0.000833347222453984,0.5487510072522154,0.0
4718,3.9317321955365925,0.5487510072522159,560,681,1241,0.0,0.0008333472224535399,0.5487510072522154,0.0
4719,3.932565542759046,0.5487510072522159,560,681,1241,0.0,0.0008333472224535399,0.5487510072522154,0.0
4720,3.9333988899815,0.5487510072522159,560,681,1241,0.0,0.000833347222453984,0.5487510072522154,0.0
4721,3.9342322372039535,0.5487510072522159,560,681,1241,0.0,0.0008333472224535399,0.5487510072522154,0.0
4722,3.935065584426407,0.5487510072522159,560,681,1241,0.0,0.0008333472224535399,0.5487510072522154,0.0
4723,3.935898931648861,0.5487510072522159,560,681,1241,0.0,0.000833347222453984,0.5487510072522154,0.0
4724,3.9367322788713146,0.5487510072522159,560,681,1241,0.0,0.0008333472224535399,0.5487510072522154,0.0
4725,3.9375656260937686,0.5487510072522159,560,681,1241,0.0,0.000833347222453984,0.5487510072522154,0.0
4726,3.938398973316222,0.5487510072522159,560,681,1241,0.0,0.0008333472224535399,0.5487510072522154,0.0
4727,3.9392323205386757,0.5487510072522159,560,681,1241,0.0,0.0008333472224535399,0.5487510072522154,0.0
4728,3.9400656677611297,0.5487510072522159,560,681,1241,0.0,0.000833347222453984,0.5487510072522154,0.0
4729,3.940899014983583,0.5487510072522159,560,681,1241,0.0,0.0008333472224535399,0.5487510072522154,0.0
4730,3.9417323622060367,0.5487510072522159,560,681,1241,0.0,0.0008333472224535399,0.5487510072522154,0.0
4731,3.9425657094284907,0.5487510072522159,560,681,1241,0.0,0.000833347222453984,0.5487510072522154,0.0
4732,3.9433990566509443,0.5487510072522159,560,681,1241,0.0,0.0008333472224535399,0.5487510072522154,0.0
4733,3.9442324038733982,0.5487510072522159,560,681,1241,0.0,0.000833347222453984,0.5487510072522154,0.0
4734,3.945065751095852,0.5487510072522159,560,681,1241,0.0,0.0008333472224535399,0.5487510072522154,0.0
4735,3.9458990983183053,0.5487510072522159,560,681,1241,0.0,0.0008333472224535399,0.5487510072522154,0.0
4736,3.9467324455407593,0.5487510072522159,560,681,1241,0.0,0.000833347222453984,0.5487510072522154,0.0
4737,3.947565792763213,0.5487510072522159,560,681,1241,0.0,0.0008333472224535399,0.5487510072522154,0.0
4738,3.9483991399856664,0.5487510072522159,560,681,1241,0.0,0.0008333472224535399,0.5487510072522154,0.0
4739,3.9492324872081204,0.5487510072522159,560,681,1241,0.0,0.000833347222453984,0.5487510072522154,0.0
4740,3.950065834430574,0.5487510072522159,560,681,1241,0.0,0.0008333472224535399,0.5487510072522154,0.0
4741,3.950899181653028,0.5487510072522159,560,681,1241,0.0,0.000833347222453984,0.5487510072522154,0.0
4742,3.9517325288754814,0.5487510072522159,560,681,1241,0.0,0.0008333472224535399,0.5487510072522154,0.0
4743,3.952565876097935,0.5487510072522159,560,681,1241,0.0,0.0008333472224535399,0.5487510072522154,0.0
4744,3.953399223320389,0.5487510072522159,560,681,1241,0.0,0.000833347222453984,0.5487510072522154,0.0
4745,3.9542325705428425,0.5487510072522159,560,681,1241,0.0,0.0008333472224535399,0.5487510072522154,0.0
4746,3.955065917765296,0.5487510072522159,560,681,1241,0.0,0.0008333472224535399,0.5487510072522154,0.0
4747,3.95589926498775,0.5487510072522159,560,681,1241,0.0,0.000833347222453984,0.5487510072522154,0.0
4748,3.9567326122102036,0.5487510072522159,560,681,1241,0.0,0.0008333472224535399,0.5487510072522154,0.0
4749,3.9575659594326575,0.5487510072522159,560,681,1241,0.0,0.000833347222453984,0.5487510072522154,0.0
4750,3.958399306655111,0.5487510072522159,560,681,1241,0.0,0.0008333472224535399,0.5487510072522154,0.0
4751,3.9592326538775646,0.5487510072522159,560,681,1241,0.0,0.0008333472224535399,0.5487510072522154,0.0
4752,3.9600660011000186,0.5487510072522159,560,681,1241,0.0,0.000833347222453984,0.5487510072522154,0.0
4753,3.960899348322472,0.5487510072522159,560,681,1241,0.0,0.0008333472224535399,0.5487510072522154,0.0
4754,3.961732695544926,0.5487510072522159,560,681,1241,0.0,0.000833347222453984,0.5487510072522154,0.0
4755,3.9625660427673797,0.5487510072522159,560,681,1241,0.0,0.0008333472224535399,0.5487510072522154,0.0
4756,3.963399389989833,0.5487510072522159,560,681,1241,0.0,0.0008333472224535399,0.5487510072522154,0.0
4757,3.964232737212287,0.5487510072522159,560,681,1241,0.0,0.000833347222453984,0.5487510072522154,0.0
4758,3.9650660844347407,0.5487510072522159,560,681,1241,0.0,0.0008333472224535399,0.5487510072522154,0.0
4759,3.9658994316571943,0.5487510072522159,560,681,1241,0.0,0.0008333472224535399,0.5487510072522154,0.0
4760,3.9667327788796483,0.5487510072522159,560,681,1241,0.0,0.000833347222453984,0.5487510072522154,0.0
4761,3.967566126102102,0.5487510072522159,560,681,1241,0.0,0.0008333472224535399,0.5487510072522154,0.0
4762,3.968399473324556,0.5487510072522159,560,681,1241,0.0,0.000833347222453984,0.5487510072522154,0.0
4763,3.9692328205470093,0.5487510072522159,560,681,1241,0.0,0.0008333472224535399,0.5487510072522154,0.0
4764,3.970066167769463,0.5487510072522159,560,681,1241,0.0,0.0008333472224535399,0.5487510072522154,0.0
4765,3.970899514991917,0.5487510072522159,560,681,1241,0.0,0.000833347222453984,0.5487510072522154,0.0
4766,3.9717328622143704,0.5487510072522159,560,681,1241,0.0,0.0008333472224535399,0.5487510072522154,0.0
4767,3.972566209436824,0.5487510072522159,560,681,1241,0.0,0.0008333472224535399,0.5487510072522154,0.0
4768,3.973399556659278,0.5487510072522159,560,681,1241,0.0,0.000833347222453984,0.5487510072522154,0.0
4769,3.9742329038817314,0.5487510072522159,560,681,1241,0.0,0.0008333472224535399,0.5487510072522154,0.0
4770,3.9750662511041854,0.5487510072522159,560,681,1241,0.0,0.000833347222453984,0.5487510072522154,0.0
4771,3.975899598326639,0.5487510072522159,560,681,1241,0.0,0.0008333472224535399,0.5487510072522154,0.0
4772,3.9767329455490925,0.5487510072522159,560,681,1241,0.0,0.0008333472224535399,0.5487510072522154,0.0
4773,3.9775662927715465,0.5487510072522159,560,681,1241,0.0,0.000833347222453984,0.5487510072522154,0.0
4774,3.978399639994,0.5487510072522159,560,681,1241,0.0,0.0008333472224535399,0.5487510072522154,0.0
4775,3.9792329872164536,0.5487510072522159,560,681,1241,0.0,0.0008333472224535399,0.5487510072522154,0.0
4776,3.9800663344389076,0.5487510072522159,560,681,1241,0.0,0.000833347222453984,0.5487510072522154,0.0
4777,3.980899681661361,0.5487510072522159,560,681,1241,0.0,0.0008333472224535399,0.5487510072522154,0.0
4778,3.981733028883815,0.5487510072522159,560,681,1241,0.0,0.000833347222453984,0.5487510072522154,0.0
4779,3.9825663761062686,0.5487510072522159,560,681,1241,0.0,0.0008333472224535399,0.5487510072522154,0.0
4780,3.983399723328722,0.5487510072522159,560,681,1241,0.0,0.0008333472224535399,0.5487510072522154,0.0
4781,3.984233070551176,0.5487510072522159,560,681,1241,0.0,0.000833347222453984,0.5487510072522154,0.0
4782,3.9850664177736297,0.5487510072522159,560,681,1241,0.0,0.0008333472224535399,0.5487510072522154,0.0
4783,3.9858997649960832,0.5487510072522159,560,681,1241,0.0,0.0008333472224535399,0.5487510072522154,0.0
4784,3.986733112218537,0.5487510072522159,560,681,1241,0.0,0.000833347222453984,0.5487510072522154,0.0
4785,3.9875664594409908,0.5487510072522159,560,681,1241,0.0,0.0008333472224535399,0.5487510072522154,0.0
4786,3.9883998066634447,0.5487510072522159,560,681,1241,0.0,0.000833347222453984,0.5487510072522154,0.0
4787,3.9892331538858983,0.5487510072522159,560,681,1241,0.0,0.0008333472224535399,0.5487510072522154,0.0
4788,3.990066501108352,0.5487510072522159,560,681,1241,0.0,0.0008333472224535399,0.5487510072522154,0.0
4789,3.990899848330806,0.5487510072522159,560,681,1241,0.0,0.000833347222453984,0.5487510072522154,0.0
4790,3.9917331955532593,0.5487510072522159,560,681,1241,0.0,0.0008333472224535399,0.5487510072522154,0.0
4791,3.992566542775713,0.5487510072522159,560,681,1241,0.0,0.0008333472224535399,0.5487510072522154,0.0
4792,3.993399889998167,0.5487510072522159,560,681,1241,0.0,0.000833347222453984,0.5487510072522154,0.0
4793,3.9942332372206204,0.5487510072522159,560,681,1241,0.0,0.0008333472224535399,0.5487510072522154,0.0
4794,3.9950665844430744,0.5487510072522159,560,681,1241,0.0,0.000833347222453984,0.5487510072522154,0.0
4795,3.995899931665528,0.5487510072522159,560,681,1241,0.0,0.0008333472224535399,0.5487510072522154,0.0
4796,3.9967332788879815,0.5487510072522159,560,681,1241,0.0,0.0008333472224535399,0.5487510072522154,0.0
4797,3.9975666261104355,0.5487510072522159,560,681,1241,0.0,0.000833347222453984,0.5487510072522154,0.0
4798,3.998399973332889,0.5487510072522159,560,681,1241,0.0,0.0008333472224535399,0.5487510072522154,0.0
4799,3.999233320555343,0.5487510072522159,560,681,1241,0.0,0.000833347222453984,0.5487510072522154,0.0
4800,4.000066667777796,0.5487510072522159,560,681,1241,0.0,0.0008333472224530958,0.5487510072522154,0.0
4801,4.0009000150002505,0.5487510072522159,560,681,1241,0.0,0.000833347222454428,0.5487510072522154,0.0
4802,4.001733362222704,0.5487510072522159,560,681,1241,0.0,0.0008333472224535399,0.5487510072522154,0.0
4803,4.002566709445158,0.5487510072522159,560,681,1241,0.0,0.0008333472224535399,0.5487510072522154,0.0
4804,4.003400056667611,0.5487510072522159,560,681,1241,0.0,0.0008333472224535399,0.5487510072522154,0.0
4805,4.004233403890065,0.5487510072522159,560,681,1241,0.0,0.0008333472224535399,0.5487510072522154,0.0
4806,4.005066751112519,0.5487510072522159,560,681,1241,0.0,0.000833347222454428,0.5487510072522154,0.0
4807,4.005900098334973,0.5487510072522159,560,681,1241,0.0,0.0008333472224535399,0.5487510072522154,0.0
4808,4.006733445557426,0.5487510072522159,560,681,1241,0.0,0.0008333472224535399,0.5487510072522154,0.0
4809,4.00756679277988,0.5487510072522159,560,681,1241,0.0,0.0008333472224535399,0.5487510072522154,0.0
4810,4.008400140002333,0.5487510072522159,560,681,1241,0.0,0.0008333472224535399,0.5487510072522154,0.0
4811,4.009233487224788,0.5487510072522159,560,681,1241,0.0,0.000833347222454428,0.5487510072522154,0.0
4812,4.010066834447241,0.5487510072522159,560,681,1241,0.0,0.0008333472224535399,0.5487510072522154,0.0
4813,4.010900181669695,0.5487510072522159,560,681,1241,0.0,0.0008333472224535399,0.5487510072522154,0.0
4814,4.011733528892148,0.5487510072522159,560,681,1241,0.0,0.0008333472224535399,0.5487510072522154,0.0
4815,4.012566876114602,0.5487510072522159,560,681,1241,0.0,0.0008333472224535399,0.5487510072522154,0.0
4816,4.013400223337055,0.5487510072522159,560,681,1241,0.0,0.0008333472224535399,0.5487510072522154,0.0
4817,4.01423357055951,0.5487510072522159,560,681,1241,0.0,0.000833347222454428,0.5487510072522154,0.0
4818,4.015066917781963,0.5487510072522159,560,681,1241,0.0,0.0008333472224535399,0.5487510072522154,0.0
4819,4.015900265004417,0.5487510072522159,560,681,1241,0.0,0.0008333472224535399,0.5487510072522154,0.0
4820,4.01673361222687,0.5487510072522159,560,681,1241,0.0,0.0008333472224535399,0.5487510072522154,0.0
4821,4.017566959449324,0.5487510072522159,560,681,1241,0.0,0.0008333472224535399,0.5487510072522154,0.0
4822,4.018400306671778,0.5487510072522159,560,681,1241,0.0,0.000833347222454428,0.5487510072522154,0.0
4823,4.019233653894232,0.5487510072522159,560,681,1241,0.0,0.0008333472224535399,0.5487510072522154,0.0
4824,4.0200670011166855,0.5487510072522159,560,681,1241,0.0,0.0008333472224535399,0.5487510072522154,0.0
4825,4.020900348339139,0.5487510072522159,560,681,1241,0.0,0.0008333472224535399,0.5487510072522154,0.0
4826,4.0217336955615925,0.5487510072522159,560,681,1241,0.0,0.0008333472224535399,0.5487510072522154,0.0
4827,4.022567042784047,0.5487510072522159,560,681,1241,0.0,0.000833347222454428,0.5487510072522154,0.0
4828,4.0234003900065005,0.5487510072522159,560,681,1241,0.0,0.0008333472224535399,0.5487510072522154,0.0
4829,4.024233737228954,0.5487510072522159,560,681,1241,0.0,0.0008333472224535399,0.5487510072522154,0.0
4830,4.025067084451408,0.5487510072522159,560,681,1241,0.0,0.0008333472224535399,0.5487510072522154,0.0
4831,4.025900431673861,0.5487510072522159,560,681,1241,0.0,0.0008333472224535399,0.5487510072522154,0.0
4832,4.026733778896315,0.5487510072522159,560,681,1241,0.0,0.0008333472224535399,0.5487510072522154,0.0
4833,4.027567126118769,0.5487510072522159,560,681,1241,0.0,0.000833347222454428,0.5487510072522154,0.0
4834,4.028400473341223,0.5487510072522159,560,681,1241,0.0,0.0008333472224535399,0.5487510072522154,0.0
4835,4.029233820563676,0.5487510072522159,560,681,1241,0.0,0.0008333472224535399,0.5487510072522154,0.0
4836,4.03006716778613,0.5487510072522159,560,681,1241,0.0,0.0008333472224535399,0.5487510072522154,0.0
4837,4.030900515008583,0.5487510072522159,560,681,1241,0.0,0.0008333472224535399,0.5487510072522154,0.0
4838,4.031733862231038,0.5487510072522159,560,681,1241,0.0,0.000833347222454428,0.5487510072522154,0.0
4839,4.032567209453491,0.5487510072522159,560,681,1241,0.0,0.0008333472224535399,0.5487510072522154,0.0
4840,4.033400556675945,0.5487510072522159,560,681,1241,0.0,0.0008333472224535399,0.5487510072522154,0.0
4841,4.034233903898398,0.5487510072522159,560,681,1241,0.0,0.0008333472224535399,0.5487510072522154,0.0
4842,4.035067251120852,0.5487510072522159,560,681,1241,0.0,0.0008333472224535399,0.5487510072522154,0.0
4843,4.035900598343306,0.5487510072522159,560,681,1241,0.0,0.000833347222454428,0.5487510072522154,0.0
4844,4.03673394556576,0.5487510072522159,560,681,1241,0.0,0.0008333472224535399,0.5487510072522154,0.0
4845,4.037567292788213,0.5487510072522159,560,681,1241,0.0,0.0008333472224535399,0.5487510072522154,0.0
4846,4.038400640010667,0.5487510072522159,560,681,1241,0.0,0.0008333472224535399,0.5487510072522154,0.0
4847,4.03923398723312,0.5487510072522159,560,681,1241,0.0,0.0008333472224535399,0.5487510072522154,0.0
4848,4.040067334455575,0.5487510072522159,560,681,1241,0.0,0.000833347222454428,0.5487510072522154,0.0
4849,4.040900681678028,0.5487510072522159,560,681,1241,0.0,0.0008333472224535399,0.5487510072522154,0.0
4850,4.041734028900482,0.5487510072522159,560,681,1241,0.0,0.0008333472224535399,0.5487510072522154,0.0
4851,4.0425673761229355,0.5487510072522159,560,681,1241,0.0,0.0008333472224535399,0.5487510072522154,0.0
4852,4.043400723345389,0.5487510072522159,560,681,1241,0.0,0.0008333472224535399,0.5487510072522154,0.0
4853,4.044234070567843,0.5487510072522159,560,681,1241,0.0,0.0008333472224535399,0.5487510072522154,0.0
4854,4.045067417790297,0.5487510072522159,560,681,1241,0.0,0.000833347222454428,0.5487510072522154,0.0
4855,4.0459007650127505,0.5487510072522159,560,681,1241,0.0,0.0008333472224535399,0.5487510072522154,0.0
4856,4.046734112235204,0.5487510072522159,560,681,1241,0.0,0.0008333472224535399,0.5487510072522154,0.0
4857,4.047567459457658,0.5487510072522159,560,681,1241,0.0,0.0008333472224535399,0.5487510072522154,0.0
4858,4.048400806680111,0.5487510072522159,560,681,1241,0.0,0.0008333472224535399,0.5487510072522154,0.0
4859,4.049234153902566,0.5487510072522159,560,681,1241,0.0,0.000833347222454428,0.5487510072522154,0.0
4860,4.050067501125019,0.5487510072522159,560,681,1241,0.0,0.0008333472224535399,0.5487510072522154,0.0
4861,4.050900848347473,0.5487510072522159,560,681,1241,0.0,0.0008333472224535399,0.5487510072522154,0.0
4862,4.051734195569926,0.5487510072522159,560,681,1241,0.0,0.0008333472224535399,0.5487510072522154,0.0
4863,4.05256754279238,0.5487510072522159,560,681,1241,0.0,0.0008333472224535399,0.5487510072522154,0.0
4864,4.053400890014834,0.5487510072522159,560,681,1241,0.0,0.000833347222454428,0.5487510072522154,0.0
4865,4.054234237237288,0.5487510072522159,560,681,1241,0.0,0.0008333472224535399,0.5487510072522154,0.0
4866,4.055067584459741,0.5487510072522159,560,681,1241,0.0,0.0008333472224535399,0.5487510072522154,0.0
4867,4.055900931682195,0.5487510072522159,560,681,1241,0.0,0.0008333472224535399,0.5487510072522154,0.0
4868,4.056734278904648,0.5487510072522159,560,681,1241,0.0,0.0008333472224535399,0.5487510072522154,0.0
4869,4.057567626127102,0.5487510072522159,560,681,1241,0.0,0.0008333472224535399,0.5487510072522154,0.0
4870,4.058400973349556,0.5487510072522159,560,681,1241,0.0,0.000833347222454428,0.5487510072522154,0.0
4871,4.05923432057201,0.5487510072522159,560,681,1241,0.0,0.0008333472224535399,0.5487510072522154,0.0
4872,4.060067667794463,0.5487510072522159,560,681,1241,0.0,0.0008333472224535399,0.5487510072522154,0.0
4873,4.060901015016917,0.5487510072522159,560,681,1241,0.0,0.0008333472224535399,0.5487510072522154,0.0
4874,4.0617343622393705,0.5487510072522159,560,681,1241,0.0,0.0008333472224535399,0.5487510072522154,0.0
4875,4.062567709461825,0.5487510072522159,560,681,1241,0.0,0.000833347222454428,0.5487510072522154,0.0
4876,4.063401056684278,0.5487510072522159,560,681,1241,0.0,0.0008333472224535399,0.5487510072522154,0.0
4877,4.064234403906732,0.5487510072522159,560,681,1241,0.0,0.0008333472224535399,0.5487510072522154,0.0
4878,4.0650677511291855,0.5487510072522159,560,681,1241,0.0,0.0008333472224535399,0.5487510072522154,0.0
4879,4.065901098351639,0.5487510072522159,560,681,1241,0.0,0.0008333472224535399,0.5487510072522154,0.0
4880,4.0667344455740935,0.5487510072522159,560,681,1241,0.0,0.000833347222454428,0.5487510072522154,0.0
4881,4.067567792796547,0.5487510072522159,560,681,1241,0.0,0.0008333472224535399,0.5487510072522154,0.0
4882,4.0684011400190006,0.5487510072522159,560,681,1241,0.0,0.0008333472224535399,0.5487510072522154,0.0
4883,4.069234487241454,0.5487510072522159,560,681,1241,0.0,0.0008333472224535399,0.5487510072522154,0.0
4884,4.070067834463908,0.5487510072522159,560,681,1241,0.0,0.0008333472224535399,0.5487510072522154,0.0
4885,4.070901181686361,0.5487510072522159,560,681,1241,0.0,0.0008333472224535399,0.5487510072522154,0.0
4886,4.071734528908816,0.5487510072522159,560,681,1241,0.0,0.000833347222454428,0.5487510072522154,0.0
4887,4.072567876131269,0.5487510072522159,560,681,1241,0.0,0.0008333472224535399,0.5487510072522154,0.0
4888,4.073401223353723,0.5487510072522159,560,681,1241,0.0,0.0008333472224535399,0.5487510072522154,0.0
4889,4.074234570576176,0.5487510072522159,560,681,1241,0.0,0.0008333472224535399,0.5487510072522154,0.0
4890,4.07506791779863,0.5487510072522159,560,681,1241,0.0,0.0008333472224535399,0.5487510072522154,0.0
4891,4.075901265021084,0.5487510072522159,560,681,1241,0.0,0.000833347222454428,0.5487510072522154,0.0
4892,4.076734612243538,0.5487510072522159,560,681,1241,0.0,0.0008333472224535399,0.5487510072522154,0.0
4893,4.077567959465991,0.5487510072522159,560,681,1241,0.0,0.0008333472224535399,0.5487510072522154,0.0
4894,4.078401306688445,0.5487510072522159,560,681,1241,0.0,0.0008333472224535399,0.5487510072522154,0.0
4895,4.079234653910898,0.5487510072522159,560,681,1241,0.0,0.0008333472224535399,0.5487510072522154,0.0
4896,4.080068001133353,0.5487510072522159,560,681,1241,0.0,0.000833347222454428,0.5487510072522154,0.0
4897,4.080901348355806,0.5487510072522159,560,681,1241,0.0,0.0008333472224535399,0.5487510072522154,0.0
4898,4.08173469557826,0.5487510072522159,560,681,1241,0.0,0.0008333472224535399,0.5487510072522154,0.0
4899,4.082568042800713,0.5487510072522159,560,681,1241,0.0,0.0008333472224535399,0.5487510072522154,0.0
4900,4.083401390023167,0.5487510072522159,560,681,1241,0.0,0.0008333472224535399,0.5487510072522154,0.0
4901,4.084234737245621,0.5487510072522159,560,681,1241,0.0,0.000833347222454428,0.5487510072522154,0.0
4902,4.085068084468075,0.5487510072522159,560,681,1241,0.0,0.0008333472224535399,0.5487510072522154,0.0
4903,4.085901431690528,0.5487510072522159,560,681,1241,0.0,0.0008333472224535399,0.5487510072522154,0.0
4904,4.086734778912982,0.5487510072522159,560,681,1241,0.0,0.0008333472224535399,0.5487510072522154,0.0
4905,4.0875681261354355,0.5487510072522159,560,681,1241,0.0,0.0008333472224535399,0.5487510072522154,0.0
4906,4.088401473357889,0.5487510072522159,560,681,1241,0.0,0.0008333472224535399,0.5487510072522154,0.0
4907,4.0892348205803435,0.5487510072522159,560,681,1241,0.0,0.000833347222454428,0.5487510072522154,0.0
4908,4.090068167802797,0.5487510072522159,560,681,1241,0.0,0.0008333472224535399,0.5487510072522154,0.0
4909,4.090901515025251,0.5487510072522159,560,681,1241,0.0,0.0008333472224535399,0.5487510072522154,0.0
4910,4.091734862247704,0.5487510072522159,560,681,1241,0.0,0.0008333472224535399,0.5487510072522154,0.0
4911,4.092568209470158,0.5487510072522159,560,681,1241,0.0,0.0008333472224535399,0.5487510072522154,0.0
4912,4.093401556692612,0.5487510072522159,560,681,1241,0.0,0.000833347222454428,0.5487510072522154,0.0
4913,4.094234903915066,0.5487510072522159,560,681,1241,0.0,0.0008333472224535399,0.5487510072522154,0.0
4914,4.095068251137519,0.5487510072522159,560,681,1241,0.0,0.0008333472224535399,0.5487510072522154,0.0
4915,4.095901598359973,0.5487510072522159,560,681,1241,0.0,0.0008333472224535399,0.5487510072522154,0.0
4916,4.096734945582426,0.5487510072522159,560,681,1241,0.0,0.0008333472224535399,0.5487510072522154,0.0
4917,4.097568292804881,0.5487510072522159,560,681,1241,0.0,0.000833347222454428,0.5487510072522154,0.0
4918,4.098401640027334,0.5487510072522159,560,681,1241,0.0,0.0008333472224535399,0.5487510072522154,0.0
4919,4.099234987249788,0.5487510072522159,560,681,1241,0.0,0.0008333472224535399,0.5487510072522154,0.0
4920,4.100068334472241,0.5487510072522159,560,681,1241,0.0,0.0008333472224535399,0.5487510072522154,0.0
4921,4.100901681694695,0.5487510072522159,560,681,1241,0.0,0.0008333472224535399,0.5487510072522154,0.0
4922,4.101735028917148,0.5487510072522159,560,681,1241,0.0,0.0008333472224535399,0.5487510072522154,0.0
4923,4.102568376139603,0.5487510072522159,560,681,1241,0.0,0.000833347222454428,0.5487510072522154,0.0
4924,4.103401723362056,0.5487510072522159,560,681,1241,0.0,0.0008333472224535399,0.5487510072522154,0.0
4925,4.10423507058451,0.5487510072522159,560,681,1241,0.0,0.0008333472224535399,0.5487510072522154,0.0
4926,4.105068417806963,0.5487510072522159,560,681,1241,0.0,0.0008333472224535399,0.5487510072522154,0.0
4927,4.105901765029417,0.5487510072522159,560,681,1241,0.0,0.0008333472224535399,0.5487510072522154,0.0
4928,4.106735112251871,0.5487510072522159,560,681,1241,0.0,0.000833347222454428,0.5487510072522154,0.0
4929,4.107568459474325,0.5487510072522159,560,681,1241,0.0,0.0008333472224535399,0.5487510072522154,0.0
4930,4.1084018066967785,0.5487510072522159,560,681,1241,0.0,0.0008333472224535399,0.5487510072522154,0.0
4931,4.109235153919232,0.5487510072522159,560,681,1241,0.0,0.0008333472224535399,0.5487510072522154,0.0
4932,4.1100685011416855,0.5487510072522159,560,681,1241,0.0,0.0008333472224535399,0.5487510072522154,0.0
4933,4.11090184836414,0.5487510072522159,560,681,1241,0.0,0.000833347222454428,0.5487510072522154,0.0
4934,4.1117351955865935,0.5487510072522159,560,681,1241,0.0,0.0008333472224535399,0.5487510072522154,0.0
4935,4.112568542809047,0.5487510072522159,560,681,1241,0.0,0.0008333472224535399,0.5487510072522154,0.0
4936,4.113401890031501,0.5487510072522159,560,681,1241,0.0,0.0008333472224535399,0.5487510072522154,0.0
4937,4.114235237253954,0.5487510072522159,560,681,1241,0.0,0.0008333472224535399,0.5487510072522154,0.0
4938,4.1150685844764086,0.5487510072522159,560,681,1241,0.0,0.000833347222454428,0.5487510072522154,0.0
4939,4.115901931698862,0.5487510072522159,560,681,1241,0.0,0.0008333472224535399,0.5487510072522154,0.0
4940,4.116735278921316,0.5487510072522159,560,681,1241,0.0,0.0008333472224535399,0.5487510072522154,0.0
4941,4.117568626143769,0.5487510072522159,560,681,1241,0.0,0.0008333472224535399,0.5487510072522154,0.0
4942,4.118401973366223,0.5487510072522159,560,681,1241,0.0,0.0008333472224535399,0.5487510072522154,0.0
4943,4.119235320588676,0.5487510072522159,560,681,1241,0.0,0.0008333472224535399,0.5487510072522154,0.0
4944,4.120068667811131,0.5487510072522159,560,681,1241,0.0,0.000833347222454428,0.5487510072522154,0.0
4945,4.120902015033584,0.5487510072522159,560,681,1241,0.0,0.0008333472224535399,0.5487510072522154,0.0
4946,4.121735362256038,0.5487510072522159,560,681,1241,0.0,0.0008333472224535399,0.5487510072522154,0.0
4947,4.122568709478491,0.5487510072522159,560,681,1241,0.0,0.0008333472224535399,0.5487510072522154,0.0
4948,4.123402056700945,0.5487510072522159,560,681,1241,0.0,0.0008333472224535399,0.5487510072522154,0.0
4949,4.124235403923399,0.5487510072522159,560,681,1241,0.0,0.000833347222454428,0.5487510072522154,0.0
4950,4.125068751145853,0.5487510072522159,560,681,1241,0.0,0.0008333472224535399,0.5487510072522154,0.0
4951,4.125902098368306,0.5487510072522159,560,681,1241,0.0,0.0008333472224535399,0.5487510072522154,0.0
4952,4.12673544559076,0.5487510072522159,560,681,1241,0.0,0.0008333472224535399,0.5487510072522154,0.0
4953,4.127568792813213,0.5487510072522159,560,681,1241,0.0,0.0008333472224535399,0.5487510072522154,0.0
4954,4.128402140035668,0.5487510072522159,560,681,1241,0.0,0.000833347222454428,0.5487510072522154,0.0
4955,4.129235487258121,0.5487510072522159,560,681,1241,0.0,0.0008333472224535399,0.5487510072522154,0.0
4956,4.130068834480575,0.5487510072522159,560,681,1241,0.0,0.0008333472224535399,0.5487510072522154,0.0
4957,4.1309021817030285,0.5487510072522159,560,681,1241,0.0,0.0008333472224535399,0.5487510072522154,0.0
4958,4.131735528925482,0.5495568090249798,560,681,1241,0.0008058017727639033,0.0008333472224535399,0.5488315874294918,8.058017727639034e-05
4959,4.1325688761479356,0.5495568090249798,560,681,1241,0.0,0.0008333472224535399,0.5489121676067681,8.058017727639034e-05
4960,4.13340222337039,0.5495568090249798,560,681,1241,0.0,0.000833347222454428,0.5489927477840444,8.058017727639034e-05
4961,4.1342355705928435,0.5495568090249798,560,681,1241,0.0,0.0008333472224535399,0.5490733279613208,8.058017727639034e-05
4962,4.135068917815297,0.5495568090249798,560,681,1241,0.0,0.0008333472224535399,0.5491539081385971,8.058017727639034e-05
4963,4.135902265037751,0.5495568090249798,560,681,1241,0.0,0.0008333472224535399,0.5492344883158735,8.058017727639034e-05
4964,4.136735612260204,0.5495568090249798,560,681,1241,0.0,0.0008333472224535399,0.5493150684931498,8.058017727639034e-05
4965,4.137568959482659,0.5495568090249798,560,681,1241,0.0,0.000833347222454428,0.5493956486704261,8.058017727639034e-05
4966,4.138402306705112,0.5495568090249798,560,681,1241,0.0,0.0008333472224535399,0.5494762288477025,8.058017727639034e-05
4967,4.139235653927566,0.5495568090249798,560,681,1241,0.0,0.0008333472224535399,0.5495568090249788,8.058017727639034e-05
4968,4.140069001150019,0.5495568090249798,560,681,1241,0.0,0.0008333472224535399,0.5495568090249788,0.0
4969,4.140902348372473,0.5495568090249798,560,681,1241,0.0,0.0008333472224535399,0.5495568090249788,0.0
4970,4.141735695594927,0.5495568090249798,560,681,1241,0.0,0.000833347222454428,0.5495568090249788,0.0
4971,4.142569042817381,0.5495568090249798,560,681,1241,0.0,0.0008333472224535399,0.5495568090249788,0.0
4972,4.143402390039834,0.5495568090249798,560,681,1241,0.0,0.0008333472224535399,0.5495568090249788,0.0
4973,4.144235737262288,0.5495568090249798,560,681,1241,0.0,0.0008333472224535399,0.5495568090249788,0.0
4974,4.145069084484741,0.5495568090249798,560,681,1241,0.0,0.0008333472224535399,0.5495568090249788,0.0
4975,4.145902431707195,0.5495568090249798,560,681,1241,0.0,0.0008333472224535399,0.5495568090249788,0.0
4976,4.146735778929649,0.5495568090249798,560,681,1241,0.0,0.000833347222454428,0.5495568090249788,0.0
4977,4.147569126152103,0.5495568090249798,560,681,1241,0.0,0.0008333472224535399,0.5495568090249788,0.0
4978,4.148402473374556,0.5495568090249798,560,681,1241,0.0,0.0008333472224535399,0.5495568090249788,0.0
4979,4.14923582059701,0.5495568090249798,560,681,1241,0.0,0.0008333472224535399,0.5495568090249788,0.0
4980,4.1500691678194634,0.5495568090249798,560,681,1241,0.0,0.0008333472224535399,0.5495568090249788,0.0
4981,4.150902515041918,0.5495568090249798,560,681,1241,0.0,0.000833347222454428,0.5495568090249788,0.0
4982,4.151735862264371,0.5495568090249798,560,681,1241,0.0,0.0008333472224535399,0.5495568090249788,0.0
4983,4.152569209486825,0.5495568090249798,560,681,1241,0.0,0.0008333472224535399,0.5495568090249788,0.0
4984,4.1534025567092785,0.5495568090249798,560,681,1241,0.0,0.0008333472224535399,0.5495568090249788,0.0
4985,4.154235903931732,0.5495568090249798,560,681,1241,0.0,0.0008333472224535399,0.5495568090249788,0.0
4986,4.1550692511541865,0.5495568090249798,560,681,1241,0.0,0.000833347222454428,0.5495568090249788,0.0
4987,4.15590259837664,0.5495568090249798,560,681,1241,0.0,0.0008333472224535399,0.5495568090249788,0.0
4988,4.1567359455990935,0.5495568090249798,560,681,1241,0.0,0.0008333472224535399,0.5495568090249788,0.0
4989,4.157569292821547,0.5495568090249798,560,681,1241,0.0,0.0008333472224535399,0.5495568090249788,0.0
4990,4.158402640044001,0.5495568090249798,560,681,1241,0.0,0.0008333472224535399,0.5495568090249788,0.0
4991,4.159235987266455,0.5495568090249798,560,681,1241,0.0,0.000833347222454428,0.5495568090249788,0.0
4992,4.160069334488909,0.5495568090249798,560,681,1241,0.0,0.0008333472224535399,0.5495568090249788,0.0
4993,4.160902681711362,0.5495568090249798,560,681,1241,0.0,0.0008333472224535399,0.5495568090249788,0.0
4994,4.161736028933816,0.5495568090249798,560,681,1241,0.0,0.0008333472224535399,0.5495568090249788,0.0
4995,4.162569376156269,0.5495568090249798,560,681,1241,0.0,0.0008333472224535399,0.5495568090249788,0.0
4996,4.163402723378723,0.5495568090249798,560,681,1241,0.0,0.0008333472224535399,0.5495568090249788,0.0
4997,4.164236070601177,0.5495568090249798,560,681,1241,0.0,0.000833347222454428,0.5495568090249788,0.0
4998,4.165069417823631,0.5495568090249798,560,681,1241,0.0,0.0008333472224535399,0.5495568090249788,0.0
4999,4.165902765046084,0.5495568090249798,560,681,1241,0.0,0.0008333472224535399,0.5495568090249788,0.0
5000,4.166736112268538,0.5495568090249798,560,681,1241,0.0,0.0008333472224535399,0.5495568090249788,0.0
5001,4.167569459490991,0.5495568090249798,560,681,1241,0.0,0.0008333472224535399,0.5495568090249788,0.0
5002,4.168402806713446,0.5495568090249798,560,681,1241,0.0,0.000833347222454428,0.5495568090249788,0.0
5003,4.169236153935899,0.5495568090249798,560,681,1241,0.0,0.0008333472224535399,0.5495568090249788,0.0
5004,4.170069501158353,0.5495568090249798,560,681,1241,0.0,0.0008333472224535399,0.5495568090249788,0.0
5005,4.170902848380806,0.5495568090249798,560,681,1241,0.0,0.0008333472224535399,0.5495568090249788,0.0
5006,4.17173619560326,0.5495568090249798,560,681,1241,0.0,0.0008333472224535399,0.5495568090249788,0.0
5007,4.172569542825714,0.5495568090249798,560,681,1241,0.0,0.000833347222454428,0.5495568090249788,0.0
5008,4.173402890048168,0.5495568090249798,560,681,1241,0.0,0.0008333472224535399,0.5495568090249788,0.0
5009,4.174236237270621,0.5495568090249798,560,681,1241,0.0,0.0008333472224535399,0.5495568090249788,0.0
5010,4.175069584493075,0.5495568090249798,560,681,1241,0.0,0.0008333472224535399,0.5495568090249788,0.0
5011,4.1759029317155285,0.5495568090249798,560,681,1241,0.0,0.0008333472224535399,0.5495568090249788,0.0
5012,4.176736278937982,0.5495568090249798,560,681,1241,0.0,0.0008333472224535399,0.5495568090249788,0.0
5013,4.1775696261604365,0.5495568090249798,560,681,1241,0.0,0.000833347222454428,0.5495568090249788,0.0
5014,4.17840297338289,0.5495568090249798,560,681,1241,0.0,0.0008333472224535399,0.5495568090249788,0.0
5015,4.179236320605344,0.5495568090249798,560,681,1241,0.0,0.0008333472224535399,0.5495568090249788,0.0
5016,4.180069667827797,0.5495568090249798,560,681,1241,0.0,0.0008333472224535399,0.5495568090249788,0.0
5017,4.180903015050251,0.5495568090249798,560,681,1241,0.0,0.0008333472224535399,0.5495568090249788,0.0
5018,4.181736362272705,0.5495568090249798,560,681,1241,0.0,0.000833347222454428,0.5495568090249788,0.0
5019,4.182569709495159,0.5495568090249798,560,681,1241,0.0,0.0008333472224535399,0.5495568090249788,0.0
5020,4.183403056717612,0.5495568090249798,560,681,1241,0.0,0.0008333472224535399,0.5495568090249788,0.0
5021,4.184236403940066,0.5495568090249798,560,681,1241,0.0,0.0008333472224535399,0.5495568090249788,0.0
5022,4.185069751162519,0.5495568090249798,560,681,1241,0.0,0.0008333472224535399,0.5495568090249788,0.0
5023,4.185903098384974,0.5495568090249798,560,681,1241,0.0,0.000833347222454428,0.5495568090249788,0.0
5024,4.186736445607427,0.5495568090249798,560,681,1241,0.0,0.0008333472224535399,0.5495568090249788,0.0
5025,4.187569792829881,0.5495568090249798,560,681,1241,0.0,0.0008333472224535399,0.5495568090249788,0.0
5026,4.188403140052334,0.5495568090249798,560,681,1241,0.0,0.0008333472224535399,0.5495568090249788,0.0
5027,4.189236487274788,0.5495568090249798,560,681,1241,0.0,0.0008333472224535399,0.5495568090249788,0.0
5028,4.190069834497242,0.5495568090249798,560,681,1241,0.0,0.000833347222454428,0.5495568090249788,0.0
5029,4.190903181719696,0.5495568090249798,560,681,1241,0.0,0.0008333472224535399,0.5495568090249788,0.0
5030,4.191736528942149,0.5495568090249798,560,681,1241,0.0,0.0008333472224535399,0.5495568090249788,0.0
5031,4.192569876164603,0.5495568090249798,560,681,1241,0.0,0.0008333472224535399,0.5495568090249788,0.0
5032,4.193403223387056,0.5495568090249798,560,681,1241,0.0,0.0008333472224535399,0.5495568090249788,0.0
5033,4.19423657060951,0.5495568090249798,560,681,1241,0.0,0.0008333472224535399,0.5495568090249788,0.0
5034,4.195069917831964,0.5495568090249798,560,681,1241,0.0,0.000833347222454428,0.5495568090249788,0.0
5035,4.195903265054418,0.5495568090249798,560,681,1241,0.0,0.0008333472224535399,0.5495568090249788,0.0
5036,4.1967366122768714,0.5495568090249798,560,681,1241,0.0,0.0008333472224535399,0.5495568090249788,0.0
5037,4.197569959499325,0.5495568090249798,560,681,1241,0.0,0.0008333472224535399,0.5495568090249788,0.0
5038,4.1984033067217785,0.5495568090249798,560,681,1241,0.0,0.0008333472224535399,0.5495568090249788,0.0
5039,4.199236653944233,0.5495568090249798,560,681,1241,0.0,0.000833347222454428,0.5495568090249788,0.0
5040,4.2000700011666865,0.5495568090249798,560,681,1241,0.0,0.0008333472224535399,0.5495568090249788,0.0
5041,4.20090334838914,0.5495568090249798,560,681,1241,0.0,0.0008333472224535399,0.5495568090249788,0.0
5042,4.201736695611594,0.5495568090249798,560,681,1241,0.0,0.0008333472224535399,0.5495568090249788,0.0
5043,4.202570042834047,0.5495568090249798,560,681,1241,0.0,0.0008333472224535399,0.5495568090249788,0.0
5044,4.2034033900565015,0.5495568090249798,560,681,1241,0.0,0.000833347222454428,0.5495568090249788,0.0
5045,4.204236737278955,0.5495568090249798,560,681,1241,0.0,0.0008333472224535399,0.5495568090249788,0.0
5046,4.205070084501409,0.5495568090249798,560,681,1241,0.0,0.0008333472224535399,0.5495568090249788,0.0
5047,4.205903431723862,0.5495568090249798,560,681,1241,0.0,0.0008333472224535399,0.5495568090249788,0.0
5048,4.206736778946316,0.5495568090249798,560,681,1241,0.0,0.0008333472224535399,0.5495568090249788,0.0
5049,4.207570126168769,0.5495568090249798,560,681,1241,0.0,0.0008333472224535399,0.5495568090249788,0.0
5050,4.208403473391224,0.5495568090249798,560,681,1241,0.0,0.000833347222454428,0.5495568090249788,0.0
5051,4.209236820613677,0.5495568090249798,560,681,1241,0.0,0.0008333472224535399,0.5495568090249788,0.0
5052,4.210070167836131,0.5495568090249798,560,681,1241,0.0,0.0008333472224535399,0.5495568090249788,0.0
5053,4.210903515058584,0.5495568090249798,560,681,1241,0.0,0.0008333472224535399,0.5495568090249788,0.0
5054,4.211736862281038,0.5495568090249798,560,681,1241,0.0,0.0008333472224535399,0.5495568090249788,0.0
5055,4.212570209503492,0.5495568090249798,560,681,1241,0.0,0.000833347222454428,0.5495568090249788,0.0
5056,4.213403556725946,0.5495568090249798,560,681,1241,0.0,0.0008333472224535399,0.5495568090249788,0.0
5057,4.214236903948399,0.5495568090249798,560,681,1241,0.0,0.0008333472224535399,0.5495568090249788,0.0
5058,4.215070251170853,0.5495568090249798,560,681,1241,0.0,0.0008333472224535399,0.5495568090249788,0.0
5059,4.215903598393306,0.5495568090249798,560,681,1241,0.0,0.0008333472224535399,0.5495568090249788,0.0
5060,4.216736945615761,0.5495568090249798,560,681,1241,0.0,0.000833347222454428,0.5495568090249788,0.0
5061,4.217570292838214,0.5495568090249798,560,681,1241,0.0,0.0008333472224535399,0.5495568090249788,0.0
5062,4.218403640060668,0.5495568090249798,560,681,1241,0.0,0.0008333472224535399,0.5495568090249788,0.0
5063,4.2192369872831215,0.5495568090249798,560,681,1241,0.0,0.0008333472224535399,0.5495568090249788,0.0
5064,4.220070334505575,0.5495568090249798,560,681,1241,0.0,0.0008333472224535399,0.5495568090249788,0.0
5065,4.2209036817280285,0.5495568090249798,560,681,1241,0.0,0.0008333472224535399,0.5495568090249788,0.0
5066,4.221737028950483,0.5495568090249798,560,681,1241,0.0,0.000833347222454428,0.5495568090249788,0.0
5067,4.2225703761729365,0.5495568090249798,560,681,1241,0.0,0.0008333472224535399,0.5495568090249788,0.0
5068,4.22340372339539,0.5495568090249798,560,681,1241,0.0,0.0008333472224535399,0.5495568090249788,0.0
5069,4.224237070617844,0.5495568090249798,560,681,1241,0.0,0.0008333472224535399,0.5495568090249788,0.0
5070,4.225070417840297,0.5495568090249798,560,681,1241,0.0,0.0008333472224535399,0.5495568090249788,0.0
5071,4.225903765062752,0.5495568090249798,560,681,1241,0.0,0.000833347222454428,0.5495568090249788,0.0
5072,4.226737112285205,0.5495568090249798,560,681,1241,0.0,0.0008333472224535399,0.5495568090249788,0.0
5073,4.227570459507659,0.5495568090249798,560,681,1241,0.0,0.0008333472224535399,0.5495568090249788,0.0
5074,4.228403806730112,0.5495568090249798,560,681,1241,0.0,0.0008333472224535399,0.5495568090249788,0.0
5075,4.229237153952566,0.5495568090249798,560,681,1241,0.0,0.0008333472224535399,0.5495568090249788,0.0
5076,4.23007050117502,0.5495568090249798,560,681,1241,0.0,0.000833347222454428,0.5495568090249788,0.0
5077,4.230903848397474,0.5495568090249798,560,681,1241,0.0,0.0008333472224535399,0.5495568090249788,0.0
5078,4.231737195619927,0.5495568090249798,560,681,1241,0.0,0.0008333472224535399,0.5495568090249788,0.0
5079,4.232570542842381,0.5495568090249798,560,681,1241,0.0,0.0008333472224535399,0.5495568090249788,0.0
5080,4.233403890064834,0.5495568090249798,560,681,1241,0.0,0.0008333472224535399,0.5495568090249788,0.0
5081,4.234237237287289,0.5495568090249798,560,681,1241,0.0,0.000833347222454428,0.5495568090249788,0.0
5082,4.235070584509742,0.5503626107977437,560,681,1241,0.0008058017727639033,0.0008333472224535399,0.5496373892022552,8.058017727639034e-05
5083,4.235903931732196,0.5503626107977437,560,681,1241,0.0,0.0008333472224535399,0.5497179693795315,8.058017727639034e-05
5084,4.236737278954649,0.5503626107977437,560,681,1241,0.0,0.0008333472224535399,0.5497985495568078,8.058017727639034e-05
5085,4.237570626177103,0.5503626107977437,560,681,1241,0.0,0.0008333472224535399,0.5498791297340843,8.058017727639034e-05
5086,4.238403973399556,0.5503626107977437,560,681,1241,0.0,0.0008333472224535399,0.5499597099113606,8.058017727639034e-05
5087,4.239237320622011,0.5503626107977437,560,681,1241,0.0,0.000833347222454428,0.550040290088637,8.058017727639034e-05
5088,4.240070667844464,0.5503626107977437,560,681,1241,0.0,0.0008333472224535399,0.5501208702659133,8.058017727639034e-05
5089,4.240904015066918,0.5503626107977437,560,681,1241,0.0,0.0008333472224535399,0.5502014504431896,8.058017727639034e-05
5090,4.2417373622893715,0.5503626107977437,560,681,1241,0.0,0.0008333472224535399,0.550282030620466,8.058017727639034e-05
5091,4.242570709511825,0.5503626107977437,560,681,1241,0.0,0.0008333472224535399,0.5503626107977423,8.058017727639034e-05
5092,4.2434040567342795,0.5503626107977437,560,681,1241,0.0,0.000833347222454428,0.5503626107977423,0.0
5093,4.244237403956733,0.5503626107977437,560,681,1241,0.0,0.0008333472224535399,0.5503626107977423,0.0
5094,4.2450707511791865,0.5503626107977437,560,681,1241,0.0,0.0008333472224535399,0.5503626107977423,0.0
5095,4.24590409840164,0.5503626107977437,560,681,1241,0.0,0.0008333472224535399,0.5503626107977423,0.0
5096,4.246737445624094,0.5503626107977437,560,681,1241,0.0,0.0008333472224535399,0.5503626107977423,0.0
5097,4.247570792846548,0.5503626107977437,560,681,1241,0.0,0.000833347222454428,0.5503626107977423,0.0
5098,4.248404140069002,0.5503626107977437,560,681,1241,0.0,0.0008333472224535399,0.5503626107977423,0.0
5099,4.249237487291455,0.5503626107977437,560,681,1241,0.0,0.0008333472224535399,0.5503626107977423,0.0
5100,4.250070834513909,0.5511684125705076,560,681,1241,0.0008058017727639033,0.0008333472224535399,0.5504431909750187,8.058017727639034e-05
5101,4.250904181736362,0.5511684125705076,560,681,1241,0.0,0.0008333472224535399,0.5505237711522951,8.058017727639034e-05
5102,4.251737528958816,0.5511684125705076,560,681,1241,0.0,0.0008333472224535399,0.5506043513295714,8.058017727639034e-05
5103,4.25257087618127,0.5511684125705076,560,681,1241,0.0,0.000833347222454428,0.5506849315068478,8.058017727639034e-05
5104,4.253404223403724,0.5511684125705076,560,681,1241,0.0,0.0008333472224535399,0.5507655116841241,8.058017727639034e-05
5105,4.254237570626177,0.5511684125705076,560,681,1241,0.0,0.0008333472224535399,0.5508460918614004,8.058017727639034e-05
5106,4.255070917848631,0.5511684125705076,560,681,1241,0.0,0.0008333472224535399,0.5509266720386768,8.058017727639034e-05
5107,4.255904265071084,0.5511684125705076,560,681,1241,0.0,0.0008333472224535399,0.5510072522159531,8.058017727639034e-05
5108,4.256737612293539,0.5503626107977437,560,681,1241,-0.0008058017727639033,0.000833347222454428,0.5510072522159531,0.0
5109,4.257570959515992,0.5503626107977437,560,681,1241,0.0,0.0008333472224535399,0.5510072522159531,0.0
5110,4.258404306738446,0.5503626107977437,560,681,1241,0.0,0.0008333472224535399,0.5509266720386767,-8.058017727639034e-05
5111,4.259237653960899,0.5503626107977437,560,681,1241,0.0,0.0008333472224535399,0.5508460918614004,-8.058017727639034e-05
5112,4.260071001183353,0.5503626107977437,560,681,1241,0.0,0.0008333472224535399,0.550765511684124,-8.058017727639034e-05
5113,4.260904348405807,0.5503626107977437,560,681,1241,0.0,0.000833347222454428,0.5506849315068477,-8.058017727639034e-05
5114,4.261737695628261,0.5503626107977437,560,681,1241,0.0,0.0008333472224535399,0.5506043513295713,-8.058017727639034e-05
5115,4.262571042850714,0.5503626107977437,560,681,1241,0.0,0.0008333472224535399,0.550523771152295,-8.058017727639034e-05
5116,4.263404390073168,0.5503626107977437,560,681,1241,0.0,0.0008333472224535399,0.5504431909750187,-8.058017727639034e-05
5117,4.2642377372956215,0.5503626107977437,560,681,1241,0.0,0.0008333472224535399,0.5503626107977423,-8.058017727639034e-05
5118,4.265071084518075,0.5503626107977437,560,681,1241,0.0,0.0008333472224535399,0.5503626107977423,0.0
5119,4.2659044317405295,0.5503626107977437,560,681,1241,0.0,0.000833347222454428,0.5503626107977423,0.0
5120,4.266737778962983,0.5503626107977437,560,681,1241,0.0,0.0008333472224535399,0.5503626107977423,0.0
5121,4.2675711261854365,0.5503626107977437,560,681,1241,0.0,0.0008333472224535399,0.5503626107977423,0.0
5122,4.26840447340789,0.5503626107977437,560,681,1241,0.0,0.0008333472224535399,0.5503626107977423,0.0
5123,4.269237820630344,0.5503626107977437,560,681,1241,0.0,0.0008333472224535399,0.5503626107977423,0.0
5124,4.270071167852798,0.5503626107977437,560,681,1241,0.0,0.000833347222454428,0.5503626107977423,0.0
5125,4.270904515075252,0.5503626107977437,560,681,1241,0.0,0.0008333472224535399,0.5503626107977423,0.0
5126,4.271737862297705,0.5503626107977437,560,681,1241,0.0,0.0008333472224535399,0.5503626107977423,0.0
5127,4.272571209520159,0.5503626107977437,560,681,1241,0.0,0.0008333472224535399,0.5503626107977423,0.0
5128,4.273404556742612,0.5503626107977437,560,681,1241,0.0,0.0008333472224535399,0.5503626107977423,0.0
5129,4.274237903965067,0.5503626107977437,560,681,1241,0.0,0.000833347222454428,0.5503626107977423,0.0
5130,4.27507125118752,0.5503626107977437,560,681,1241,0.0,0.0008333472224535399,0.5503626107977423,0.0
5131,4.275904598409974,0.5503626107977437,560,681,1241,0.0,0.0008333472224535399,0.5503626107977423,0.0
5132,4.276737945632427,0.5503626107977437,560,681,1241,0.0,0.0008333472224535399,0.5503626107977423,0.0
5133,4.277571292854881,0.5503626107977437,560,681,1241,0.0,0.0008333472224535399,0.5503626107977423,0.0
5134,4.278404640077335,0.5503626107977437,560,681,1241,0.0,0.000833347222454428,0.5503626107977423,0.0
5135,4.279237987299789,0.5503626107977437,560,681,1241,0.0,0.0008333472224535399,0.5503626107977423,0.0
5136,4.280071334522242,0.5503626107977437,560,681,1241,0.0,0.0008333472224535399,0.5503626107977423,0.0
5137,4.280904681744696,0.5503626107977437,560,681,1241,0.0,0.0008333472224535399,0.5503626107977423,0.0
5138,4.281738028967149,0.5503626107977437,560,681,1241,0.0,0.0008333472224535399,0.5503626107977423,0.0
5139,4.282571376189603,0.5503626107977437,560,681,1241,0.0,0.0008333472224535399,0.5503626107977423,0.0
5140,4.283404723412057,0.5503626107977437,560,681,1241,0.0,0.000833347222454428,0.5503626107977423,0.0
5141,4.284238070634511,0.5503626107977437,560,681,1241,0.0,0.0008333472224535399,0.5503626107977423,0.0
5142,4.285071417856964,0.5503626107977437,560,681,1241,0.0,0.0008333472224535399,0.5503626107977423,0.0
5143,4.285904765079418,0.5503626107977437,560,681,1241,0.0,0.0008333472224535399,0.5503626107977423,0.0
5144,4.2867381123018715,0.5503626107977437,560,681,1241,0.0,0.0008333472224535399,0.5503626107977423,0.0
5145,4.287571459524326,0.5503626107977437,560,681,1241,0.0,0.000833347222454428,0.5503626107977423,0.0
5146,4.2884048067467795,0.5503626107977437,560,681,1241,0.0,0.0008333472224535399,0.5503626107977423,0.0
5147,4.289238153969233,0.5503626107977437,560,681,1241,0.0,0.0008333472224535399,0.5503626107977423,0.0
5148,4.290071501191687,0.5503626107977437,560,681,1241,0.0,0.0008333472224535399,0.5503626107977423,0.0
5149,4.29090484841414,0.5503626107977437,560,681,1241,0.0,0.0008333472224535399,0.5503626107977423,0.0
5150,4.2917381956365945,0.5503626107977437,560,681,1241,0.0,0.000833347222454428,0.5503626107977423,0.0
5151,4.292571542859048,0.5503626107977437,560,681,1241,0.0,0.0008333472224535399,0.5503626107977423,0.0
5152,4.293404890081502,0.5503626107977437,560,681,1241,0.0,0.0008333472224535399,0.5503626107977423,0.0
5153,4.294238237303955,0.5503626107977437,560,681,1241,0.0,0.0008333472224535399,0.5503626107977423,0.0
5154,4.295071584526409,0.5503626107977437,560,681,1241,0.0,0.0008333472224535399,0.5503626107977423,0.0
5155,4.295904931748862,0.5503626107977437,560,681,1241,0.0,0.0008333472224535399,0.5503626107977423,0.0
5156,4.296738278971317,0.5503626107977437,560,681,1241,0.0,0.000833347222454428,0.5503626107977423,0.0
5157,4.29757162619377,0.5503626107977437,560,681,1241,0.0,0.0008333472224535399,0.5503626107977423,0.0
5158,4.298404973416224,0.5503626107977437,560,681,1241,0.0,0.0008333472224535399,0.5503626107977423,0.0
5159,4.299238320638677,0.5503626107977437,560,681,1241,0.0,0.0008333472224535399,0.5503626107977423,0.0
5160,4.300071667861131,0.5503626107977437,560,681,1241,0.0,0.0008333472224535399,0.5503626107977423,0.0
5161,4.300905015083585,0.5503626107977437,560,681,1241,0.0,0.000833347222454428,0.5503626107977423,0.0
5162,4.301738362306039,0.5503626107977437,560,681,1241,0.0,0.0008333472224535399,0.5503626107977423,0.0
5163,4.302571709528492,0.5503626107977437,560,681,1241,0.0,0.0008333472224535399,0.5503626107977423,0.0
5164,4.303405056750946,0.5503626107977437,560,681,1241,0.0,0.0008333472224535399,0.5503626107977423,0.0
5165,4.304238403973399,0.5503626107977437,560,681,1241,0.0,0.0008333472224535399,0.5503626107977423,0.0
5166,4.305071751195854,0.5503626107977437,560,681,1241,0.0,0.000833347222454428,0.5503626107977423,0.0
5167,4.305905098418307,0.5503626107977437,560,681,1241,0.0,0.0008333472224535399,0.5503626107977423,0.0
5168,4.306738445640761,0.5503626107977437,560,681,1241,0.0,0.0008333472224535399,0.5503626107977423,0.0
5169,4.3075717928632145,0.5503626107977437,560,681,1241,0.0,0.0008333472224535399,0.5503626107977423,0.0
5170,4.308405140085668,0.5503626107977437,560,681,1241,0.0,0.0008333472224535399,0.5503626107977423,0.0
5171,4.309238487308122,0.5503626107977437,560,681,1241,0.0,0.000833347222454428,0.5503626107977423,0.0
5172,4.310071834530576,0.5503626107977437,560,681,1241,0.0,0.0008333472224535399,0.5503626107977423,0.0
5173,4.3109051817530295,0.5503626107977437,560,681,1241,0.0,0.0008333472224535399,0.5503626107977423,0.0
5174,4.311738528975483,0.5503626107977437,560,681,1241,0.0,0.0008333472224535399,0.5503626107977423,0.0
5175,4.312571876197937,0.5503626107977437,560,681,1241,0.0,0.0008333472224535399,0.5503626107977423,0.0
5176,4.31340522342039,0.5503626107977437,560,681,1241,0.0,0.0008333472224535399,0.5503626107977423,0.0
5177,4.3142385706428446,0.5503626107977437,560,681,1241,0.0,0.000833347222454428,0.5503626107977423,0.0
5178,4.315071917865298,0.5503626107977437,560,681,1241,0.0,0.0008333472224535399,0.5503626107977423,0.0
5179,4.315905265087752,0.5503626107977437,560,681,1241,0.0,0.0008333472224535399,0.5503626107977423,0.0
5180,4.316738612310205,0.5503626107977437,560,681,1241,0.0,0.0008333472224535399,0.5503626107977423,0.0
5181,4.317571959532659,0.5503626107977437,560,681,1241,0.0,0.0008333472224535399,0.5503626107977423,0.0
5182,4.318405306755113,0.5503626107977437,560,681,1241,0.0,0.000833347222454428,0.5503626107977423,0.0
5183,4.319238653977567,0.5503626107977437,560,681,1241,0.0,0.0008333472224535399,0.5503626107977423,0.0
5184,4.32007200120002,0.5503626107977437,560,681,1241,0.0,0.0008333472224535399,0.5503626107977423,0.0
5185,4.320905348422474,0.5503626107977437,560,681,1241,0.0,0.0008333472224535399,0.5503626107977423,0.0
5186,4.321738695644927,0.5503626107977437,560,681,1241,0.0,0.0008333472224535399,0.5503626107977423,0.0
5187,4.322572042867382,0.5503626107977437,560,681,1241,0.0,0.000833347222454428,0.5503626107977423,0.0
5188,4.323405390089835,0.5503626107977437,560,681,1241,0.0,0.0008333472224535399,0.5503626107977423,0.0
5189,4.324238737312289,0.5503626107977437,560,681,1241,0.0,0.0008333472224535399,0.5503626107977423,0.0
5190,4.325072084534742,0.5503626107977437,560,681,1241,0.0,0.0008333472224535399,0.5503626107977423,0.0
5191,4.325905431757196,0.5503626107977437,560,681,1241,0.0,0.0008333472224535399,0.5503626107977423,0.0
5192,4.326738778979649,0.5503626107977437,560,681,1241,0.0,0.0008333472224535399,0.5503626107977423,0.0
5193,4.327572126202104,0.5503626107977437,560,681,1241,0.0,0.000833347222454428,0.5503626107977423,0.0
5194,4.328405473424557,0.5503626107977437,560,681,1241,0.0,0.0008333472224535399,0.5503626107977423,0.0
5195,4.329238820647011,0.5503626107977437,560,681,1241,0.0,0.0008333472224535399,0.5503626107977423,0.0
5196,4.3300721678694645,0.5503626107977437,560,681,1241,0.0,0.0008333472224535399,0.5503626107977423,0.0
5197,4.330905515091918,0.5503626107977437,560,681,1241,0.0,0.0008333472224535399,0.5503626107977423,0.0
5198,4.331738862314372,0.5503626107977437,560,681,1241,0.0,0.000833347222454428,0.5503626107977423,0.0
5199,4.332572209536826,0.5503626107977437,560,681,1241,0.0,0.0008333472224535399,0.5503626107977423,0.0
5200,4.3334055567592795,0.5503626107977437,560,681,1241,0.0,0.0008333472224535399,0.5503626107977423,0.0
5201,4.334238903981733,0.5503626107977437,560,681,1241,0.0,0.0008333472224535399,0.5503626107977423,0.0
5202,4.335072251204187,0.5503626107977437,560,681,1241,0.0,0.0008333472224535399,0.5503626107977423,0.0
5203,4.335905598426641,0.5503626107977437,560,681,1241,0.0,0.000833347222454428,0.5503626107977423,0.0
5204,4.336738945649095,0.5503626107977437,560,681,1241,0.0,0.0008333472224535399,0.5503626107977423,0.0
5205,4.337572292871548,0.5503626107977437,560,681,1241,0.0,0.0008333472224535399,0.5503626107977423,0.0
5206,4.338405640094002,0.5503626107977437,560,681,1241,0.0,0.0008333472224535399,0.5503626107977423,0.0
5207,4.339238987316455,0.5503626107977437,560,681,1241,0.0,0.0008333472224535399,0.5503626107977423,0.0
5208,4.340072334538909,0.5503626107977437,560,681,1241,0.0,0.0008333472224535399,0.5503626107977423,0.0
5209,4.340905681761363,0.5503626107977437,560,681,1241,0.0,0.000833347222454428,0.5503626107977423,0.0
5210,4.341739028983817,0.5503626107977437,560,681,1241,0.0,0.0008333472224535399,0.5503626107977423,0.0
5211,4.34257237620627,0.5503626107977437,560,681,1241,0.0,0.0008333472224535399,0.5503626107977423,0.0
5212,4.343405723428724,0.5503626107977437,560,681,1241,0.0,0.0008333472224535399,0.5503626107977423,0.0
5213,4.344239070651177,0.5503626107977437,560,681,1241,0.0,0.0008333472224535399,0.5503626107977423,0.0
5214,4.345072417873632,0.5503626107977437,560,681,1241,0.0,0.000833347222454428,0.5503626107977423,0.0
5215,4.345905765096085,0.5503626107977437,560,681,1241,0.0,0.0008333472224535399,0.5503626107977423,0.0
5216,4.346739112318539,0.5503626107977437,560,681,1241,0.0,0.0008333472224535399,0.5503626107977423,0.0
5217,4.347572459540992,0.5503626107977437,560,681,1241,0.0,0.0008333472224535399,0.5503626107977423,0.0
5218,4.348405806763446,0.5503626107977437,560,681,1241,0.0,0.0008333472224535399,0.5503626107977423,0.0
5219,4.3492391539859,0.5503626107977437,560,681,1241,0.0,0.000833347222454428,0.5503626107977423,0.0
5220,4.350072501208354,0.5503626107977437,560,681,1241,0.0,0.0008333472224535399,0.5503626107977423,0.0
5221,4.350905848430807,0.5503626107977437,560,681,1241,0.0,0.0008333472224535399,0.5503626107977423,0.0
5222,4.351739195653261,0.5503626107977437,560,681,1241,0.0,0.0008333472224535399,0.5503626107977423,0.0
5223,4.3525725428757145,0.5503626107977437,560,681,1241,0.0,0.0008333472224535399,0.5503626107977423,0.0
5224,4.353405890098169,0.5503626107977437,560,681,1241,0.0,0.000833347222454428,0.5503626107977423,0.0
5225,4.3542392373206225,0.5503626107977437,560,681,1241,0.0,0.0008333472224535399,0.5503626107977423,0.0
5226,4.355072584543076,0.5503626107977437,560,681,1241,0.0,0.0008333472224535399,0.5503626107977423,0.0
5227,4.3559059317655295,0.5503626107977437,560,681,1241,0.0,0.0008333472224535399,0.5503626107977423,0.0
5228,4.356739278987983,0.5503626107977437,560,681,1241,0.0,0.0008333472224535399,0.5503626107977423,0.0
5229,4.357572626210437,0.5503626107977437,560,681,1241,0.0,0.0008333472224535399,0.5503626107977423,0.0
5230,4.358405973432891,0.5503626107977437,560,681,1241,0.0,0.000833347222454428,0.5503626107977423,0.0
5231,4.359239320655345,0.5503626107977437,560,681,1241,0.0,0.0008333472224535399,0.5503626107977423,0.0
5232,4.360072667877798,0.5503626107977437,560,681,1241,0.0,0.0008333472224535399,0.5503626107977423,0.0
5233,4.360906015100252,0.5503626107977437,560,681,1241,0.0,0.0008333472224535399,0.5503626107977423,0.0
5234,4.361739362322705,0.5503626107977437,560,681,1241,0.0,0.0008333472224535399,0.5503626107977423,0.0
5235,4.36257270954516,0.5503626107977437,560,681,1241,0.0,0.000833347222454428,0.5503626107977423,0.0
5236,4.363406056767613,0.5503626107977437,560,681,1241,0.0,0.0008333472224535399,0.5503626107977423,0.0
5237,4.364239403990067,0.5503626107977437,560,681,1241,0.0,0.0008333472224535399,0.5503626107977423,0.0
5238,4.36507275121252,0.5503626107977437,560,681,1241,0.0,0.0008333472224535399,0.5503626107977423,0.0
5239,4.365906098434974,0.5503626107977437,560,681,1241,0.0,0.0008333472224535399,0.5503626107977423,0.0
5240,4.366739445657428,0.5495568090249798,560,681,1241,-0.0008058017727639033,0.000833347222454428,0.5502820306204659,-8.058017727639034e-05
5241,4.367572792879882,0.5495568090249798,560,681,1241,0.0,0.0008333472224535399,0.5502014504431896,-8.058017727639034e-05
5242,4.368406140102335,0.5495568090249798,560,681,1241,0.0,0.0008333472224535399,0.5501208702659132,-8.058017727639034e-05
5243,4.369239487324789,0.5495568090249798,560,681,1241,0.0,0.0008333472224535399,0.5500402900886369,-8.058017727639034e-05
5244,4.370072834547242,0.5495568090249798,560,681,1241,0.0,0.0008333472224535399,0.5499597099113605,-8.058017727639034e-05
5245,4.370906181769696,0.5495568090249798,560,681,1241,0.0,0.0008333472224535399,0.5498791297340841,-8.058017727639034e-05
5246,4.37173952899215,0.5495568090249798,560,681,1241,0.0,0.000833347222454428,0.5497985495568078,-8.058017727639034e-05
5247,4.372572876214604,0.5495568090249798,560,681,1241,0.0,0.0008333472224535399,0.5497179693795314,-8.058017727639034e-05
5248,4.373406223437057,0.5495568090249798,560,681,1241,0.0,0.0008333472224535399,0.5496373892022551,-8.058017727639034e-05
5249,4.374239570659511,0.5495568090249798,560,681,1241,0.0,0.0008333472224535399,0.5495568090249787,-8.058017727639034e-05
5250,4.3750729178819645,0.5495568090249798,560,681,1241,0.0,0.0008333472224535399,0.5495568090249788,0.0
5251,4.375906265104419,0.5495568090249798,560,681,1241,0.0,0.000833347222454428,0.5495568090249788,0.0
5252,4.3767396123268725,0.5495568090249798,560,681,1241,0.0,0.0008333472224535399,0.5495568090249788,0.0
5253,4.377572959549326,0.5495568090249798,560,681,1241,0.0,0.0008333472224535399,0.5495568090249788,0.0
5254,4.3784063067717796,0.5495568090249798,560,681,1241,0.0,0.0008333472224535399,0.5495568090249788,0.0
5255,4.379239653994233,0.5495568090249798,560,681,1241,0.0,0.0008333472224535399,0.5495568090249788,0.0
5256,4.3800730012166875,0.5495568090249798,560,681,1241,0.0,0.000833347222454428,0.5495568090249788,0.0
5257,4.380906348439141,0.5495568090249798,560,681,1241,0.0,0.0008333472224535399,0.5495568090249788,0.0
5258,4.381739695661595,0.5495568090249798,560,681,1241,0.0,0.0008333472224535399,0.5495568090249788,0.0
5259,4.382573042884048,0.5495568090249798,560,681,1241,0.0,0.0008333472224535399,0.5495568090249788,0.0
5260,4.383406390106502,0.5495568090249798,560,681,1241,0.0,0.0008333472224535399,0.5495568090249788,0.0
5261,4.384239737328956,0.5495568090249798,560,681,1241,0.0,0.000833347222454428,0.5495568090249788,0.0
5262,4.38507308455141,0.5495568090249798,560,681,1241,0.0,0.0008333472224535399,0.5495568090249788,0.0
5263,4.385906431773863,0.5495568090249798,560,681,1241,0.0,0.0008333472224535399,0.5495568090249788,0.0
5264,4.386739778996317,0.5495568090249798,560,681,1241,0.0,0.0008333472224535399,0.5495568090249788,0.0
5265,4.38757312621877,0.5495568090249798,560,681,1241,0.0,0.0008333472224535399,0.5495568090249788,0.0
5266,4.388406473441224,0.5495568090249798,560,681,1241,0.0,0.0008333472224535399,0.5495568090249788,0.0
5267,4.389239820663678,0.5495568090249798,560,681,1241,0.0,0.000833347222454428,0.5495568090249788,0.0
5268,4.390073167886132,0.5495568090249798,560,681,1241,0.0,0.0008333472224535399,0.5495568090249788,0.0
5269,4.390906515108585,0.5495568090249798,560,681,1241,0.0,0.0008333472224535399,0.5495568090249788,0.0
5270,4.391739862331039,0.5495568090249798,560,681,1241,0.0,0.0008333472224535399,0.5495568090249788,0.0
5271,4.392573209553492,0.5495568090249798,560,681,1241,0.0,0.0008333472224535399,0.5495568090249788,0.0
5272,4.393406556775947,0.5495568090249798,560,681,1241,0.0,0.000833347222454428,0.5495568090249788,0.0
5273,4.3942399039984,0.5495568090249798,560,681,1241,0.0,0.0008333472224535399,0.5495568090249788,0.0
5274,4.395073251220854,0.5495568090249798,560,681,1241,0.0,0.0008333472224535399,0.5495568090249788,0.0
5275,4.3959065984433074,0.5495568090249798,560,681,1241,0.0,0.0008333472224535399,0.5495568090249788,0.0
5276,4.396739945665761,0.5495568090249798,560,681,1241,0.0,0.0008333472224535399,0.5495568090249788,0.0
5277,4.397573292888215,0.5495568090249798,560,681,1241,0.0,0.000833347222454428,0.5495568090249788,0.0
5278,4.398406640110669,0.5495568090249798,560,681,1241,0.0,0.0008333472224535399,0.5495568090249788,0.0
5279,4.3992399873331225,0.5495568090249798,560,681,1241,0.0,0.0008333472224535399,0.5495568090249788,0.0
5280,4.400073334555576,0.5495568090249798,560,681,1241,0.0,0.0008333472224535399,0.5495568090249788,0.0
5281,4.40090668177803,0.5495568090249798,560,681,1241,0.0,0.0008333472224535399,0.5495568090249788,0.0
5282,4.401740029000483,0.5495568090249798,560,681,1241,0.0,0.0008333472224535399,0.5495568090249788,0.0
5283,4.4025733762229375,0.5495568090249798,560,681,1241,0.0,0.000833347222454428,0.5495568090249788,0.0
5284,4.403406723445391,0.5495568090249798,560,681,1241,0.0,0.0008333472224535399,0.5495568090249788,0.0
5285,4.404240070667845,0.5495568090249798,560,681,1241,0.0,0.0008333472224535399,0.5495568090249788,0.0
5286,4.405073417890298,0.5495568090249798,560,681,1241,0.0,0.0008333472224535399,0.5495568090249788,0.0
5287,4.405906765112752,0.5495568090249798,560,681,1241,0.0,0.0008333472224535399,0.5495568090249788,0.0
5288,4.406740112335206,0.5495568090249798,560,681,1241,0.0,0.000833347222454428,0.5495568090249788,0.0
5289,4.40757345955766,0.5495568090249798,560,681,1241,0.0,0.0008333472224535399,0.5495568090249788,0.0
5290,4.408406806780113,0.5495568090249798,560,681,1241,0.0,0.0008333472224535399,0.5495568090249788,0.0
5291,4.409240154002567,0.5495568090249798,560,681,1241,0.0,0.0008333472224535399,0.5495568090249788,0.0
5292,4.41007350122502,0.5495568090249798,560,681,1241,0.0,0.0008333472224535399,0.5495568090249788,0.0
5293,4.410906848447475,0.5495568090249798,560,681,1241,0.0,0.000833347222454428,0.5495568090249788,0.0
5294,4.411740195669928,0.5495568090249798,560,681,1241,0.0,0.0008333472224535399,0.5495568090249788,0.0
5295,4.412573542892382,0.5495568090249798,560,681,1241,0.0,0.0008333472224535399,0.5495568090249788,0.0
5296,4.413406890114835,0.5495568090249798,560,681,1241,0.0,0.0008333472224535399,0.5495568090249788,0.0
5297,4.414240237337289,0.5495568090249798,560,681,1241,0.0,0.0008333472224535399,0.5495568090249788,0.0
5298,4.415073584559742,0.5495568090249798,560,681,1241,0.0,0.0008333472224535399,0.5495568090249788,0.0
5299,4.415906931782197,0.5487510072522159,560,681,1241,-0.0008058017727639033,0.000833347222454428,0.5494762288477025,-8.058017727639034e-05
5300,4.41674027900465,0.5487510072522159,560,681,1241,0.0,0.0008333472224535399,0.5493956486704261,-8.058017727639034e-05
5301,4.417573626227104,0.5487510072522159,560,681,1241,0.0,0.0008333472224535399,0.5493150684931498,-8.058017727639034e-05
5302,4.4184069734495575,0.5487510072522159,560,681,1241,0.0,0.0008333472224535399,0.5492344883158735,-8.058017727639034e-05
5303,4.419240320672011,0.5487510072522159,560,681,1241,0.0,0.0008333472224535399,0.5491539081385971,-8.058017727639034e-05
5304,4.420073667894465,0.5487510072522159,560,681,1241,0.0,0.000833347222454428,0.5490733279613208,-8.058017727639034e-05
5305,4.420907015116919,0.5487510072522159,560,681,1241,0.0,0.0008333472224535399,0.5489927477840444,-8.058017727639034e-05
5306,4.4217403623393725,0.5487510072522159,560,681,1241,0.0,0.0008333472224535399,0.5489121676067681,-8.058017727639034e-05
5307,4.422573709561826,0.5487510072522159,560,681,1241,0.0,0.0008333472224535399,0.5488315874294918,-8.058017727639034e-05
5308,4.42340705678428,0.5487510072522159,560,681,1241,0.0,0.0008333472224535399,0.5487510072522154,-8.058017727639034e-05
5309,4.424240404006734,0.5487510072522159,560,681,1241,0.0,0.000833347222454428,0.5487510072522154,0.0
5310,4.425073751229188,0.5487510072522159,560,681,1241,0.0,0.0008333472224535399,0.5487510072522154,0.0
5311,4.425907098451641,0.5487510072522159,560,681,1241,0.0,0.0008333472224535399,0.5487510072522154,0.0
5312,4.426740445674095,0.5487510072522159,560,681,1241,0.0,0.0008333472224535399,0.5487510072522154,0.0
5313,4.427573792896548,0.5487510072522159,560,681,1241,0.0,0.0008333472224535399,0.5487510072522154,0.0
5314,4.428407140119003,0.5487510072522159,560,681,1241,0.0,0.000833347222454428,0.5487510072522154,0.0
5315,4.429240487341456,0.5487510072522159,560,681,1241,0.0,0.0008333472224535399,0.5487510072522154,0.0
5316,4.43007383456391,0.5487510072522159,560,681,1241,0.0,0.0008333472224535399,0.5487510072522154,0.0
5317,4.430907181786363,0.5487510072522159,560,681,1241,0.0,0.0008333472224535399,0.5487510072522154,0.0
5318,4.431740529008817,0.5487510072522159,560,681,1241,0.0,0.0008333472224535399,0.5487510072522154,0.0
5319,4.43257387623127,0.5487510072522159,560,681,1241,0.0,0.0008333472224535399,0.5487510072522154,0.0
5320,4.433407223453725,0.5487510072522159,560,681,1241,0.0,0.000833347222454428,0.5487510072522154,0.0
5321,4.434240570676178,0.5487510072522159,560,681,1241,0.0,0.0008333472224535399,0.5487510072522154,0.0
5322,4.435073917898632,0.5487510072522159,560,681,1241,0.0,0.0008333472224535399,0.5487510072522154,0.0
5323,4.435907265121085,0.5487510072522159,560,681,1241,0.0,0.0008333472224535399,0.5487510072522154,0.0
5324,4.436740612343539,0.5487510072522159,560,681,1241,0.0,0.0008333472224535399,0.5487510072522154,0.0
5325,4.437573959565993,0.5487510072522159,560,681,1241,0.0,0.000833347222454428,0.5487510072522154,0.0
5326,4.438407306788447,0.5487510072522159,560,681,1241,0.0,0.0008333472224535399,0.5487510072522154,0.0
5327,4.4392406540109,0.5487510072522159,560,681,1241,0.0,0.0008333472224535399,0.5487510072522154,0.0
5328,4.440074001233354,0.5487510072522159,560,681,1241,0.0,0.0008333472224535399,0.5487510072522154,0.0
5329,4.4409073484558075,0.5487510072522159,560,681,1241,0.0,0.0008333472224535399,0.5487510072522154,0.0
5330,4.441740695678262,0.5487510072522159,560,681,1241,0.0,0.000833347222454428,0.5487510072522154,0.0
5331,4.4425740429007154,0.5487510072522159,560,681,1241,0.0,0.0008333472224535399,0.5487510072522154,0.0
5332,4.443407390123169,0.5487510072522159,560,681,1241,0.0,0.0008333472224535399,0.5487510072522154,0.0
5333,4.4442407373456225,0.5487510072522159,560,681,1241,0.0,0.0008333472224535399,0.5487510072522154,0.0
5334,4.445074084568076,0.5487510072522159,560,681,1241,0.0,0.0008333472224535399,0.5487510072522154,0.0
5335,4.44590743179053,0.5487510072522159,560,681,1241,0.0,0.0008333472224535399,0.5487510072522154,0.0
5336,4.446740779012984,0.5487510072522159,560,681,1241,0.0,0.000833347222454428,0.5487510072522154,0.0
5337,4.447574126235438,0.5487510072522159,560,681,1241,0.0,0.0008333472224535399,0.5487510072522154,0.0
5338,4.448407473457891,0.5487510072522159,560,681,1241,0.0,0.0008333472224535399,0.5487510072522154,0.0
5339,4.449240820680345,0.5487510072522159,560,681,1241,0.0,0.0008333472224535399,0.5487510072522154,0.0
5340,4.450074167902798,0.5487510072522159,560,681,1241,0.0,0.0008333472224535399,0.5487510072522154,0.0
5341,4.450907515125253,0.5487510072522159,560,681,1241,0.0,0.000833347222454428,0.5487510072522154,0.0
5342,4.451740862347706,0.5487510072522159,560,681,1241,0.0,0.0008333472224535399,0.5487510072522154,0.0
5343,4.45257420957016,0.5487510072522159,560,681,1241,0.0,0.0008333472224535399,0.5487510072522154,0.0
5344,4.453407556792613,0.5487510072522159,560,681,1241,0.0,0.0008333472224535399,0.5487510072522154,0.0
5345,4.454240904015067,0.5487510072522159,560,681,1241,0.0,0.0008333472224535399,0.5487510072522154,0.0
5346,4.455074251237521,0.5487510072522159,560,681,1241,0.0,0.000833347222454428,0.5487510072522154,0.0
5347,4.455907598459975,0.5487510072522159,560,681,1241,0.0,0.0008333472224535399,0.5487510072522154,0.0
5348,4.456740945682428,0.5487510072522159,560,681,1241,0.0,0.0008333472224535399,0.5487510072522154,0.0
5349,4.457574292904882,0.5487510072522159,560,681,1241,0.0,0.0008333472224535399,0.5487510072522154,0.0
5350,4.458407640127335,0.5487510072522159,560,681,1241,0.0,0.0008333472224535399,0.5487510072522154,0.0
5351,4.459240987349789,0.5487510072522159,560,681,1241,0.0,0.0008333472224535399,0.5487510072522154,0.0
5352,4.460074334572243,0.5487510072522159,560,681,1241,0.0,0.000833347222454428,0.5487510072522154,0.0
5353,4.460907681794697,0.5487510072522159,560,681,1241,0.0,0.0008333472224535399,0.5487510072522154,0.0
5354,4.46174102901715,0.5487510072522159,560,681,1241,0.0,0.0008333472224535399,0.5487510072522154,0.0
5355,4.462574376239604,0.5487510072522159,560,681,1241,0.0,0.0008333472224535399,0.5487510072522154,0.0
5356,4.4634077234620575,0.5487510072522159,560,681,1241,0.0,0.0008333472224535399,0.5487510072522154,0.0
5357,4.464241070684512,0.5487510072522159,560,681,1241,0.0,0.000833347222454428,0.5487510072522154,0.0
5358,4.4650744179069655,0.5487510072522159,560,681,1241,0.0,0.0008333472224535399,0.5487510072522154,0.0
5359,4.465907765129419,0.5487510072522159,560,681,1241,0.0,0.0008333472224535399,0.5487510072522154,0.0
5360,4.4667411123518725,0.5487510072522159,560,681,1241,0.0,0.0008333472224535399,0.5487510072522154,0.0
5361,4.467574459574326,0.5487510072522159,560,681,1241,0.0,0.0008333472224535399,0.5487510072522154,0.0
5362,4.4684078067967805,0.5487510072522159,560,681,1241,0.0,0.000833347222454428,0.5487510072522154,0.0
5363,4.469241154019234,0.5487510072522159,560,681,1241,0.0,0.0008333472224535399,0.5487510072522154,0.0
5364,4.470074501241688,0.5487510072522159,560,681,1241,0.0,0.0008333472224535399,0.5487510072522154,0.0
5365,4.470907848464141,0.5487510072522159,560,681,1241,0.0,0.0008333472224535399,0.5487510072522154,0.0
5366,4.471741195686595,0.5487510072522159,560,681,1241,0.0,0.0008333472224535399,0.5487510072522154,0.0
5367,4.472574542909049,0.5487510072522159,560,681,1241,0.0,0.000833347222454428,0.5487510072522154,0.0
5368,4.473407890131503,0.5487510072522159,560,681,1241,0.0,0.0008333472224535399,0.5487510072522154,0.0
5369,4.474241237353956,0.5487510072522159,560,681,1241,0.0,0.0008333472224535399,0.5487510072522154,0.0
5370,4.47507458457641,0.5487510072522159,560,681,1241,0.0,0.0008333472224535399,0.5487510072522154,0.0
5371,4.475907931798863,0.5487510072522159,560,681,1241,0.0,0.0008333472224535399,0.5487510072522154,0.0
5372,4.476741279021317,0.5487510072522159,560,681,1241,0.0,0.0008333472224535399,0.5487510072522154,0.0
5373,4.477574626243771,0.5487510072522159,560,681,1241,0.0,0.000833347222454428,0.5487510072522154,0.0
5374,4.478407973466225,0.5487510072522159,560,681,1241,0.0,0.0008333472224535399,0.5487510072522154,0.0
5375,4.479241320688678,0.5487510072522159,560,681,1241,0.0,0.0008333472224535399,0.5487510072522154,0.0
5376,4.480074667911132,0.5487510072522159,560,681,1241,0.0,0.0008333472224535399,0.5487510072522154,0.0
5377,4.480908015133585,0.5487510072522159,560,681,1241,0.0,0.0008333472224535399,0.5487510072522154,0.0
5378,4.48174136235604,0.5487510072522159,560,681,1241,0.0,0.000833347222454428,0.5487510072522154,0.0
5379,4.482574709578493,0.5487510072522159,560,681,1241,0.0,0.0008333472224535399,0.5487510072522154,0.0
5380,4.483408056800947,0.5487510072522159,560,681,1241,0.0,0.0008333472224535399,0.5487510072522154,0.0
5381,4.4842414040234,0.5487510072522159,560,681,1241,0.0,0.0008333472224535399,0.5487510072522154,0.0
5382,4.485074751245854,0.5487510072522159,560,681,1241,0.0,0.0008333472224535399,0.5487510072522154,0.0
5383,4.485908098468308,0.5487510072522159,560,681,1241,0.0,0.000833347222454428,0.5487510072522154,0.0
5384,4.486741445690762,0.5487510072522159,560,681,1241,0.0,0.0008333472224535399,0.5487510072522154,0.0
5385,4.4875747929132155,0.5487510072522159,560,681,1241,0.0,0.0008333472224535399,0.5487510072522154,0.0
5386,4.488408140135669,0.5487510072522159,560,681,1241,0.0,0.0008333472224535399,0.5487510072522154,0.0
5387,4.489241487358123,0.5487510072522159,560,681,1241,0.0,0.0008333472224535399,0.5487510072522154,0.0
5388,4.490074834580576,0.5487510072522159,560,681,1241,0.0,0.0008333472224535399,0.5487510072522154,0.0
5389,4.4909081818030305,0.5487510072522159,560,681,1241,0.0,0.000833347222454428,0.5487510072522154,0.0
5390,4.491741529025484,0.5487510072522159,560,681,1241,0.0,0.0008333472224535399,0.5487510072522154,0.0
5391,4.492574876247938,0.5487510072522159,560,681,1241,0.0,0.0008333472224535399,0.5487510072522154,0.0
5392,4.493408223470391,0.5487510072522159,560,681,1241,0.0,0.0008333472224535399,0.5487510072522154,0.0
5393,4.494241570692845,0.5487510072522159,560,681,1241,0.0,0.0008333472224535399,0.5487510072522154,0.0
5394,4.495074917915299,0.5487510072522159,560,681,1241,0.0,0.000833347222454428,0.5487510072522154,0.0
5395,4.495908265137753,0.5487510072522159,560,681,1241,0.0,0.0008333472224535399,0.5487510072522154,0.0
5396,4.496741612360206,0.5487510072522159,560,681,1241,0.0,0.0008333472224535399,0.5487510072522154,0.0
5397,4.49757495958266,0.5487510072522159,560,681,1241,0.0,0.0008333472224535399,0.5487510072522154,0.0
5398,4.498408306805113,0.5487510072522159,560,681,1241,0.0,0.0008333472224535399,0.5487510072522154,0.0
5399,4.499241654027568,0.5487510072522159,560,681,1241,0.0,0.000833347222454428,0.5487510072522154,0.0
5400,4.500075001250021,0.5487510072522159,560,681,1241,0.0,0.0008333472224535399,0.5487510072522154,0.0
5401,4.500908348472475,0.5487510072522159,560,681,1241,0.0,0.0008333472224535399,0.5487510072522154,0.0
5402,4.501741695694928,0.5487510072522159,560,681,1241,0.0,0.0008333472224535399,0.5487510072522154,0.0
5403,4.502575042917382,0.5487510072522159,560,681,1241,0.0,0.0008333472224535399,0.5487510072522154,0.0
5404,4.503408390139836,0.5487510072522159,560,681,1241,0.0,0.000833347222454428,0.5487510072522154,0.0
5405,4.50424173736229,0.5487510072522159,560,681,1241,0.0,0.0008333472224535399,0.5487510072522154,0.0
5406,4.505075084584743,0.5487510072522159,560,681,1241,0.0,0.0008333472224535399,0.5487510072522154,0.0
5407,4.505908431807197,0.5487510072522159,560,681,1241,0.0,0.0008333472224535399,0.5487510072522154,0.0
5408,4.5067417790296505,0.5487510072522159,560,681,1241,0.0,0.0008333472224535399,0.5487510072522154,0.0
5409,4.507575126252104,0.5487510072522159,560,681,1241,0.0,0.0008333472224535399,0.5487510072522154,0.0
5410,4.508408473474558,0.5487510072522159,560,681,1241,0.0,0.000833347222454428,0.5487510072522154,0.0
5411,4.509241820697012,0.5487510072522159,560,681,1241,0.0,0.0008333472224535399,0.5487510072522154,0.0
5412,4.5100751679194655,0.5487510072522159,560,681,1241,0.0,0.0008333472224535399,0.5487510072522154,0.0
5413,4.510908515141919,0.5487510072522159,560,681,1241,0.0,0.0008333472224535399,0.5487510072522154,0.0
5414,4.511741862364373,0.5487510072522159,560,681,1241,0.0,0.0008333472224535399,0.5487510072522154,0.0
5415,4.512575209586827,0.5487510072522159,560,681,1241,0.0,0.000833347222454428,0.5487510072522154,0.0
5416,4.5134085568092805,0.5487510072522159,560,681,1241,0.0,0.0008333472224535399,0.5487510072522154,0.0
5417,4.514241904031734,0.5487510072522159,560,681,1241,0.0,0.0008333472224535399,0.5487510072522154,0.0
5418,4.515075251254188,0.5487510072522159,560,681,1241,0.0,0.0008333472224535399,0.5487510072522154,0.0
5419,4.515908598476641,0.5487510072522159,560,681,1241,0.0,0.0008333472224535399,0.5487510072522154,0.0
5420,4.516741945699096,0.5487510072522159,560,681,1241,0.0,0.000833347222454428,0.5487510072522154,0.0
5421,4.517575292921549,0.5487510072522159,560,681,1241,0.0,0.0008333472224535399,0.5487510072522154,0.0
5422,4.518408640144003,0.5487510072522159,560,681,1241,0.0,0.0008333472224535399,0.5487510072522154,0.0
5423,4.519241987366456,0.5487510072522159,560,681,1241,0.0,0.0008333472224535399,0.5487510072522154,0.0
5424,4.52007533458891,0.5487510072522159,560,681,1241,0.0,0.0008333472224535399,0.5487510072522154,0.0
5425,4.520908681811363,0.5487510072522159,560,681,1241,0.0,0.0008333472224535399,0.5487510072522154,0.0
5426,4.521742029033818,0.5487510072522159,560,681,1241,0.0,0.000833347222454428,0.5487510072522154,0.0
5427,4.522575376256271,0.5487510072522159,560,681,1241,0.0,0.0008333472224535399,0.5487510072522154,0.0
5428,4.523408723478725,0.5487510072522159,560,681,1241,0.0,0.0008333472224535399,0.5487510072522154,0.0
5429,4.524242070701178,0.5487510072522159,560,681,1241,0.0,0.0008333472224535399,0.5487510072522154,0.0
5430,4.525075417923632,0.5487510072522159,560,681,1241,0.0,0.0008333472224535399,0.5487510072522154,0.0
5431,4.525908765146086,0.5487510072522159,560,681,1241,0.0,0.000833347222454428,0.5487510072522154,0.0
5432,4.52674211236854,0.5487510072522159,560,681,1241,0.0,0.0008333472224535399,0.5487510072522154,0.0
5433,4.527575459590993,0.5487510072522159,560,681,1241,0.0,0.0008333472224535399,0.5487510072522154,0.0
5434,4.528408806813447,0.5487510072522159,560,681,1241,0.0,0.0008333472224535399,0.5487510072522154,0.0
5435,4.5292421540359005,0.5487510072522159,560,681,1241,0.0,0.0008333472224535399,0.5487510072522154,0.0
5436,4.530075501258355,0.5487510072522159,560,681,1241,0.0,0.000833347222454428,0.5487510072522154,0.0
5437,4.530908848480808,0.5487510072522159,560,681,1241,0.0,0.0008333472224535399,0.5487510072522154,0.0
5438,4.531742195703262,0.5487510072522159,560,681,1241,0.0,0.0008333472224535399,0.5487510072522154,0.0
5439,4.5325755429257155,0.5487510072522159,560,681,1241,0.0,0.0008333472224535399,0.5487510072522154,0.0
5440,4.533408890148169,0.5487510072522159,560,681,1241,0.0,0.0008333472224535399,0.5487510072522154,0.0
5441,4.534242237370623,0.5487510072522159,560,681,1241,0.0,0.0008333472224535399,0.5487510072522154,0.0
5442,4.535075584593077,0.5487510072522159,560,681,1241,0.0,0.000833347222454428,0.5487510072522154,0.0
5443,4.535908931815531,0.5487510072522159,560,681,1241,0.0,0.0008333472224535399,0.5487510072522154,0.0
5444,4.536742279037984,0.5487510072522159,560,681,1241,0.0,0.0008333472224535399,0.5487510072522154,0.0
5445,4.537575626260438,0.5487510072522159,560,681,1241,0.0,0.0008333472224535399,0.5487510072522154,0.0
5446,4.538408973482891,0.5487510072522159,560,681,1241,0.0,0.0008333472224535399,0.5487510072522154,0.0
5447,4.539242320705346,0.5487510072522159,560,681,1241,0.0,0.000833347222454428,0.5487510072522154,0.0
5448,4.540075667927799,0.5487510072522159,560,681,1241,0.0,0.0008333472224535399,0.5487510072522154,0.0
5449,4.540909015150253,0.5487510072522159,560,681,1241,0.0,0.0008333472224535399,0.5487510072522154,0.0
5450,4.541742362372706,0.5487510072522159,560,681,1241,0.0,0.0008333472224535399,0.5487510072522154,0.0
5451,4.54257570959516,0.5487510072522159,560,681,1241,0.0,0.0008333472224535399,0.5487510072522154,0.0
5452,4.543409056817614,0.5487510072522159,560,681,1241,0.0,0.000833347222454428,0.5487510072522154,0.0
5453,4.544242404040068,0.5487510072522159,560,681,1241,0.0,0.0008333472224535399,0.5487510072522154,0.0
5454,4.545075751262521,0.5487510072522159,560,681,1241,0.0,0.0008333472224535399,0.5487510072522154,0.0
5455,4.545909098484975,0.5487510072522159,560,681,1241,0.0,0.0008333472224535399,0.5487510072522154,0.0
5456,4.546742445707428,0.5487510072522159,560,681,1241,0.0,0.0008333472224535399,0.5487510072522154,0.0
5457,4.547575792929883,0.5487510072522159,560,681,1241,0.0,0.000833347222454428,0.5487510072522154,0.0
5458,4.548409140152336,0.5487510072522159,560,681,1241,0.0,0.0008333472224535399,0.5487510072522154,0.0
5459,4.54924248737479,0.5487510072522159,560,681,1241,0.0,0.0008333472224535399,0.5487510072522154,0.0
5460,4.550075834597243,0.5487510072522159,560,681,1241,0.0,0.0008333472224535399,0.5487510072522154,0.0
5461,4.550909181819697,0.5487510072522159,560,681,1241,0.0,0.0008333472224535399,0.5487510072522154,0.0
5462,4.5517425290421505,0.5487510072522159,560,681,1241,0.0,0.0008333472224535399,0.5487510072522154,0.0
5463,4.552575876264605,0.5487510072522159,560,681,1241,0.0,0.000833347222454428,0.5487510072522154,0.0
5464,4.5534092234870585,0.5487510072522159,560,681,1241,0.0,0.0008333472224535399,0.5487510072522154,0.0
5465,4.554242570709512,0.5487510072522159,560,681,1241,0.0,0.0008333472224535399,0.5487510072522154,0.0
5466,4.5550759179319655,0.5487510072522159,560,681,1241,0.0,0.0008333472224535399,0.5487510072522154,0.0
5467,4.555909265154419,0.5487510072522159,560,681,1241,0.0,0.0008333472224535399,0.5487510072522154,0.0
5468,4.5567426123768735,0.5487510072522159,560,681,1241,0.0,0.000833347222454428,0.5487510072522154,0.0
5469,4.557575959599327,0.5487510072522159,560,681,1241,0.0,0.0008333472224535399,0.5487510072522154,0.0
5470,4.558409306821781,0.5487510072522159,560,681,1241,0.0,0.0008333472224535399,0.5487510072522154,0.0
5471,4.559242654044234,0.5487510072522159,560,681,1241,0.0,0.0008333472224535399,0.5487510072522154,0.0
5472,4.560076001266688,0.5487510072522159,560,681,1241,0.0,0.0008333472224535399,0.5487510072522154,0.0
5473,4.560909348489142,0.5487510072522159,560,681,1241,0.0,0.000833347222454428,0.5487510072522154,0.0
5474,4.561742695711596,0.5487510072522159,560,681,1241,0.0,0.0008333472224535399,0.5487510072522154,0.0
5475,4.562576042934049,0.5487510072522159,560,681,1241,0.0,0.0008333472224535399,0.5487510072522154,0.0
5476,4.563409390156503,0.5487510072522159,560,681,1241,0.0,0.0008333472224535399,0.5487510072522154,0.0
5477,4.564242737378956,0.5487510072522159,560,681,1241,0.0,0.0008333472224535399,0.5487510072522154,0.0
5478,4.56507608460141,0.5487510072522159,560,681,1241,0.0,0.0008333472224535399,0.5487510072522154,0.0
5479,4.565909431823864,0.5487510072522159,560,681,1241,0.0,0.000833347222454428,0.5487510072522154,0.0
5480,4.566742779046318,0.5487510072522159,560,681,1241,0.0,0.0008333472224535399,0.5487510072522154,0.0
5481,4.567576126268771,0.5487510072522159,560,681,1241,0.0,0.0008333472224535399,0.5487510072522154,0.0
5482,4.568409473491225,0.5487510072522159,560,681,1241,0.0,0.0008333472224535399,0.5487510072522154,0.0
5483,4.569242820713678,0.5487510072522159,560,681,1241,0.0,0.0008333472224535399,0.5487510072522154,0.0
5484,4.570076167936133,0.5487510072522159,560,681,1241,0.0,0.000833347222454428,0.5487510072522154,0.0
5485,4.570909515158586,0.5487510072522159,560,681,1241,0.0,0.0008333472224535399,0.5487510072522154,0.0
5486,4.57174286238104,0.5487510072522159,560,681,1241,0.0,0.0008333472224535399,0.5487510072522154,0.0
5487,4.572576209603493,0.5487510072522159,560,681,1241,0.0,0.0008333472224535399,0.5487510072522154,0.0
5488,4.573409556825947,0.5487510072522159,560,681,1241,0.0,0.0008333472224535399,0.5487510072522154,0.0
5489,4.574242904048401,0.5487510072522159,560,681,1241,0.0,0.000833347222454428,0.5487510072522154,0.0
5490,4.575076251270855,0.5487510072522159,560,681,1241,0.0,0.0008333472224535399,0.5487510072522154,0.0
5491,4.5759095984933085,0.5487510072522159,560,681,1241,0.0,0.0008333472224535399,0.5487510072522154,0.0
5492,4.576742945715762,0.5487510072522159,560,681,1241,0.0,0.0008333472224535399,0.5487510072522154,0.0
5493,4.5775762929382156,0.5495568090249798,560,681,1241,0.0008058017727639033,0.0008333472224535399,0.5488315874294918,8.058017727639034e-05
5494,4.57840964016067,0.5495568090249798,560,681,1241,0.0,0.000833347222454428,0.5489121676067681,8.058017727639034e-05
5495,4.5792429873831235,0.5495568090249798,560,681,1241,0.0,0.0008333472224535399,0.5489927477840444,8.058017727639034e-05
5496,4.580076334605577,0.5495568090249798,560,681,1241,0.0,0.0008333472224535399,0.5490733279613208,8.058017727639034e-05
5497,4.580909681828031,0.5495568090249798,560,681,1241,0.0,0.0008333472224535399,0.5491539081385971,8.058017727639034e-05
5498,4.581743029050484,0.5495568090249798,560,681,1241,0.0,0.0008333472224535399,0.5492344883158735,8.058017727639034e-05
5499,4.582576376272938,0.5495568090249798,560,681,1241,0.0,0.0008333472224535399,0.5493150684931498,8.058017727639034e-05
5500,4.583409723495392,0.5495568090249798,560,681,1241,0.0,0.000833347222454428,0.5493956486704261,8.058017727639034e-05
5501,4.584243070717846,0.5495568090249798,560,681,1241,0.0,0.0008333472224535399,0.5494762288477025,8.058017727639034e-05
5502,4.585076417940299,0.5495568090249798,560,681,1241,0.0,0.0008333472224535399,0.5495568090249788,8.058017727639034e-05
5503,4.585909765162753,0.5495568090249798,560,681,1241,0.0,0.0008333472224535399,0.5495568090249788,0.0
5504,4.586743112385206,0.5495568090249798,560,681,1241,0.0,0.0008333472224535399,0.5495568090249788,0.0
5505,4.587576459607661,0.5495568090249798,560,681,1241,0.0,0.000833347222454428,0.5495568090249788,0.0
5506,4.588409806830114,0.5495568090249798,560,681,1241,0.0,0.0008333472224535399,0.5495568090249788,0.0
5507,4.589243154052568,0.5495568090249798,560,681,1241,0.0,0.0008333472224535399,0.5495568090249788,0.0
5508,4.590076501275021,0.5495568090249798,560,681,1241,0.0,0.0008333472224535399,0.5495568090249788,0.0
5509,4.590909848497475,0.5495568090249798,560,681,1241,0.0,0.0008333472224535399,0.5495568090249788,0.0
5510,4.591743195719929,0.5495568090249798,560,681,1241,0.0,0.000833347222454428,0.5495568090249788,0.0
5511,4.592576542942383,0.5495568090249798,560,681,1241,0.0,0.0008333472224535399,0.5495568090249788,0.0
5512,4.593409890164836,0.5495568090249798,560,681,1241,0.0,0.0008333472224535399,0.5495568090249788,0.0
5513,4.59424323738729,0.5495568090249798,560,681,1241,0.0,0.0008333472224535399,0.5495568090249788,0.0
5514,4.595076584609743,0.5495568090249798,560,681,1241,0.0,0.0008333472224535399,0.5495568090249788,0.0
5515,4.595909931832197,0.5495568090249798,560,681,1241,0.0,0.0008333472224535399,0.5495568090249788,0.0
5516,4.596743279054651,0.5495568090249798,560,681,1241,0.0,0.000833347222454428,0.5495568090249788,0.0
5517,4.597576626277105,0.5495568090249798,560,681,1241,0.0,0.0008333472224535399,0.5495568090249788,0.0
5518,4.5984099734995585,0.5487510072522159,560,681,1241,-0.0008058017727639033,0.0008333472224535399,0.5494762288477025,-8.058017727639034e-05
5519,4.599243320722012,0.5487510072522159,560,681,1241,0.0,0.0008333472224535399,0.5493956486704261,-8.058017727639034e-05
5520,4.600076667944466,0.5487510072522159,560,681,1241,0.0,0.0008333472224535399,0.5493150684931498,-8.058017727639034e-05
5521,4.60091001516692,0.5487510072522159,560,681,1241,0.0,0.000833347222454428,0.5492344883158735,-8.058017727639034e-05
5522,4.6017433623893735,0.5487510072522159,560,681,1241,0.0,0.0008333472224535399,0.5491539081385971,-8.058017727639034e-05
5523,4.602576709611827,0.5487510072522159,560,681,1241,0.0,0.0008333472224535399,0.5490733279613208,-8.058017727639034e-05
5524,4.603410056834281,0.5487510072522159,560,681,1241,0.0,0.0008333472224535399,0.5489927477840444,-8.058017727639034e-05
5525,4.604243404056734,0.5487510072522159,560,681,1241,0.0,0.0008333472224535399,0.5489121676067681,-8.058017727639034e-05
5526,4.605076751279189,0.5487510072522159,560,681,1241,0.0,0.000833347222454428,0.5488315874294918,-8.058017727639034e-05
5527,4.605910098501642,0.5487510072522159,560,681,1241,0.0,0.0008333472224535399,0.5487510072522154,-8.058017727639034e-05
5528,4.606743445724096,0.5487510072522159,560,681,1241,0.0,0.0008333472224535399,0.5487510072522154,0.0
5529,4.607576792946549,0.5487510072522159,560,681,1241,0.0,0.0008333472224535399,0.5487510072522154,0.0
5530,4.608410140169003,0.5487510072522159,560,681,1241,0.0,0.0008333472224535399,0.5487510072522154,0.0
5531,4.609243487391456,0.5487510072522159,560,681,1241,0.0,0.0008333472224535399,0.5487510072522154,0.0
5532,4.610076834613911,0.5487510072522159,560,681,1241,0.0,0.000833347222454428,0.5487510072522154,0.0
5533,4.610910181836364,0.5487510072522159,560,681,1241,0.0,0.0008333472224535399,0.5487510072522154,0.0
5534,4.611743529058818,0.5487510072522159,560,681,1241,0.0,0.0008333472224535399,0.5487510072522154,0.0
5535,4.612576876281271,0.5487510072522159,560,681,1241,0.0,0.0008333472224535399,0.5487510072522154,0.0
5536,4.613410223503725,0.5487510072522159,560,681,1241,0.0,0.0008333472224535399,0.5487510072522154,0.0
5537,4.614243570726179,0.5487510072522159,560,681,1241,0.0,0.000833347222454428,0.5487510072522154,0.0
5538,4.615076917948633,0.5487510072522159,560,681,1241,0.0,0.0008333472224535399,0.5487510072522154,0.0
5539,4.615910265171086,0.5487510072522159,560,681,1241,0.0,0.0008333472224535399,0.5487510072522154,0.0
5540,4.61674361239354,0.5487510072522159,560,681,1241,0.0,0.0008333472224535399,0.5487510072522154,0.0
5541,4.6175769596159935,0.5487510072522159,560,681,1241,0.0,0.0008333472224535399,0.5487510072522154,0.0
5542,4.618410306838448,0.5487510072522159,560,681,1241,0.0,0.000833347222454428,0.5487510072522154,0.0
5543,4.619243654060901,0.5487510072522159,560,681,1241,0.0,0.0008333472224535399,0.5487510072522154,0.0
5544,4.620077001283355,0.5487510072522159,560,681,1241,0.0,0.0008333472224535399,0.5487510072522154,0.0
5545,4.6209103485058085,0.5487510072522159,560,681,1241,0.0,0.0008333472224535399,0.5487510072522154,0.0
5546,4.621743695728262,0.5487510072522159,560,681,1241,0.0,0.0008333472224535399,0.5487510072522154,0.0
5547,4.6225770429507165,0.5487510072522159,560,681,1241,0.0,0.000833347222454428,0.5487510072522154,0.0
5548,4.62341039017317,0.5487510072522159,560,681,1241,0.0,0.0008333472224535399,0.5487510072522154,0.0
5549,4.6242437373956236,0.5487510072522159,560,681,1241,0.0,0.0008333472224535399,0.5487510072522154,0.0
5550,4.625077084618077,0.5487510072522159,560,681,1241,0.0,0.0008333472224535399,0.5487510072522154,0.0
5551,4.625910431840531,0.5487510072522159,560,681,1241,0.0,0.0008333472224535399,0.5487510072522154,0.0
5552,4.626743779062984,0.5487510072522159,560,681,1241,0.0,0.0008333472224535399,0.5487510072522154,0.0
5553,4.627577126285439,0.5487510072522159,560,681,1241,0.0,0.000833347222454428,0.5487510072522154,0.0
5554,4.628410473507892,0.5487510072522159,560,681,1241,0.0,0.0008333472224535399,0.5487510072522154,0.0
5555,4.629243820730346,0.5487510072522159,560,681,1241,0.0,0.0008333472224535399,0.5487510072522154,0.0
5556,4.630077167952799,0.5487510072522159,560,681,1241,0.0,0.0008333472224535399,0.5487510072522154,0.0
5557,4.630910515175253,0.5487510072522159,560,681,1241,0.0,0.0008333472224535399,0.5487510072522154,0.0
5558,4.631743862397707,0.5487510072522159,560,681,1241,0.0,0.000833347222454428,0.5487510072522154,0.0
5559,4.632577209620161,0.5487510072522159,560,681,1241,0.0,0.0008333472224535399,0.5487510072522154,0.0
5560,4.633410556842614,0.5487510072522159,560,681,1241,0.0,0.0008333472224535399,0.5487510072522154,0.0
5561,4.634243904065068,0.5487510072522159,560,681,1241,0.0,0.0008333472224535399,0.5487510072522154,0.0
5562,4.635077251287521,0.5487510072522159,560,681,1241,0.0,0.0008333472224535399,0.5487510072522154,0.0
5563,4.635910598509976,0.5487510072522159,560,681,1241,0.0,0.000833347222454428,0.5487510072522154,0.0
5564,4.636743945732429,0.5487510072522159,560,681,1241,0.0,0.0008333472224535399,0.5487510072522154,0.0
5565,4.637577292954883,0.5487510072522159,560,681,1241,0.0,0.0008333472224535399,0.5487510072522154,0.0
5566,4.638410640177336,0.5487510072522159,560,681,1241,0.0,0.0008333472224535399,0.5487510072522154,0.0
5567,4.63924398739979,0.5487510072522159,560,681,1241,0.0,0.0008333472224535399,0.5487510072522154,0.0
5568,4.6400773346222435,0.5487510072522159,560,681,1241,0.0,0.0008333472224535399,0.5487510072522154,0.0
5569,4.640910681844698,0.5487510072522159,560,681,1241,0.0,0.000833347222454428,0.5487510072522154,0.0
5570,4.6417440290671514,0.5487510072522159,560,681,1241,0.0,0.0008333472224535399,0.5487510072522154,0.0
5571,4.642577376289605,0.5487510072522159,560,681,1241,0.0,0.0008333472224535399,0.5487510072522154,0.0
5572,4.6434107235120585,0.5487510072522159,560,681,1241,0.0,0.0008333472224535399,0.5487510072522154,0.0
5573,4.644244070734512,0.5487510072522159,560,681,1241,0.0,0.0008333472224535399,0.5487510072522154,0.0
5574,4.6450774179569665,0.5487510072522159,560,681,1241,0.0,0.000833347222454428,0.5487510072522154,0.0
5575,4.64591076517942,0.5487510072522159,560,681,1241,0.0,0.0008333472224535399,0.5487510072522154,0.0
5576,4.646744112401874,0.5487510072522159,560,681,1241,0.0,0.0008333472224535399,0.5487510072522154,0.0
5577,4.647577459624327,0.5487510072522159,560,681,1241,0.0,0.0008333472224535399,0.5487510072522154,0.0
5578,4.648410806846781,0.5487510072522159,560,681,1241,0.0,0.0008333472224535399,0.5487510072522154,0.0
5579,4.649244154069235,0.5487510072522159,560,681,1241,0.0,0.000833347222454428,0.5487510072522154,0.0
5580,4.650077501291689,0.5487510072522159,560,681,1241,0.0,0.0008333472224535399,0.5487510072522154,0.0
5581,4.650910848514142,0.5487510072522159,560,681,1241,0.0,0.0008333472224535399,0.5487510072522154,0.0
5582,4.651744195736596,0.5487510072522159,560,681,1241,0.0,0.0008333472224535399,0.5487510072522154,0.0
5583,4.652577542959049,0.5487510072522159,560,681,1241,0.0,0.0008333472224535399,0.5487510072522154,0.0
5584,4.653410890181503,0.5487510072522159,560,681,1241,0.0,0.0008333472224535399,0.5487510072522154,0.0
5585,4.654244237403957,0.5487510072522159,560,681,1241,0.0,0.000833347222454428,0.5487510072522154,0.0
5586,4.655077584626411,0.5487510072522159,560,681,1241,0.0,0.0008333472224535399,0.5487510072522154,0.0
5587,4.655910931848864,0.5487510072522159,560,681,1241,0.0,0.0008333472224535399,0.5487510072522154,0.0
5588,4.656744279071318,0.5487510072522159,560,681,1241,0.0,0.0008333472224535399,0.5487510072522154,0.0
5589,4.657577626293771,0.5487510072522159,560,681,1241,0.0,0.0008333472224535399,0.5487510072522154,0.0
5590,4.658410973516226,0.5487510072522159,560,681,1241,0.0,0.000833347222454428,0.5487510072522154,0.0
5591,4.659244320738679,0.5487510072522159,560,681,1241,0.0,0.0008333472224535399,0.5487510072522154,0.0
5592,4.660077667961133,0.5487510072522159,560,681,1241,0.0,0.0008333472224535399,0.5487510072522154,0.0
5593,4.660911015183586,0.5487510072522159,560,681,1241,0.0,0.0008333472224535399,0.5487510072522154,0.0
5594,4.66174436240604,0.5487510072522159,560,681,1241,0.0,0.0008333472224535399,0.5487510072522154,0.0
5595,4.662577709628494,0.5487510072522159,560,681,1241,0.0,0.000833347222454428,0.5487510072522154,0.0
5596,4.663411056850948,0.5487510072522159,560,681,1241,0.0,0.0008333472224535399,0.5487510072522154,0.0
5597,4.6642444040734015,0.5487510072522159,560,681,1241,0.0,0.0008333472224535399,0.5487510072522154,0.0
5598,4.665077751295855,0.5487510072522159,560,681,1241,0.0,0.0008333472224535399,0.5487510072522154,0.0
5599,4.6659110985183085,0.5495568090249798,560,681,1241,0.0008058017727639033,0.0008333472224535399,0.5488315874294918,8.058017727639034e-05
5600,4.666744445740763,0.5495568090249798,560,681,1241,0.0,0.000833347222454428,0.5489121676067681,8.058017727639034e-05
5601,4.6675777929632165,0.5495568090249798,560,681,1241,0.0,0.0008333472224535399,0.5489927477840444,8.058017727639034e-05
5602,4.66841114018567,0.5495568090249798,560,681,1241,0.0,0.0008333472224535399,0.5490733279613208,8.058017727639034e-05
5603,4.669244487408124,0.5495568090249798,560,681,1241,0.0,0.0008333472224535399,0.5491539081385971,8.058017727639034e-05
5604,4.670077834630577,0.5495568090249798,560,681,1241,0.0,0.0008333472224535399,0.5492344883158735,8.058017727639034e-05
5605,4.670911181853031,0.5495568090249798,560,681,1241,0.0,0.0008333472224535399,0.5493150684931498,8.058017727639034e-05
5606,4.671744529075485,0.5495568090249798,560,681,1241,0.0,0.000833347222454428,0.5493956486704261,8.058017727639034e-05
5607,4.672577876297939,0.5495568090249798,560,681,1241,0.0,0.0008333472224535399,0.5494762288477025,8.058017727639034e-05
5608,4.673411223520392,0.5495568090249798,560,681,1241,0.0,0.0008333472224535399,0.5495568090249788,8.058017727639034e-05
5609,4.674244570742846,0.5495568090249798,560,681,1241,0.0,0.0008333472224535399,0.5495568090249788,0.0
5610,4.675077917965299,0.5495568090249798,560,681,1241,0.0,0.0008333472224535399,0.5495568090249788,0.0
5611,4.675911265187754,0.5495568090249798,560,681,1241,0.0,0.000833347222454428,0.5495568090249788,0.0
5612,4.676744612410207,0.5495568090249798,560,681,1241,0.0,0.0008333472224535399,0.5495568090249788,0.0
5613,4.677577959632661,0.5495568090249798,560,681,1241,0.0,0.0008333472224535399,0.5495568090249788,0.0
5614,4.678411306855114,0.5495568090249798,560,681,1241,0.0,0.0008333472224535399,0.5495568090249788,0.0
5615,4.679244654077568,0.5495568090249798,560,681,1241,0.0,0.0008333472224535399,0.5495568090249788,0.0
5616,4.680078001300022,0.5495568090249798,560,681,1241,0.0,0.000833347222454428,0.5495568090249788,0.0
5617,4.680911348522476,0.5495568090249798,560,681,1241,0.0,0.0008333472224535399,0.5495568090249788,0.0
5618,4.681744695744929,0.5495568090249798,560,681,1241,0.0,0.0008333472224535399,0.5495568090249788,0.0
5619,4.682578042967383,0.5495568090249798,560,681,1241,0.0,0.0008333472224535399,0.5495568090249788,0.0
5620,4.683411390189836,0.5495568090249798,560,681,1241,0.0,0.0008333472224535399,0.5495568090249788,0.0
5621,4.68424473741229,0.5495568090249798,560,681,1241,0.0,0.0008333472224535399,0.5495568090249788,0.0
5622,4.685078084634744,0.5495568090249798,560,681,1241,0.0,0.000833347222454428,0.5495568090249788,0.0
5623,4.685911431857198,0.5495568090249798,560,681,1241,0.0,0.0008333472224535399,0.5495568090249788,0.0
5624,4.6867447790796515,0.5495568090249798,560,681,1241,0.0,0.0008333472224535399,0.5495568090249788,0.0
5625,4.687578126302105,0.5495568090249798,560,681,1241,0.0,0.0008333472224535399,0.5495568090249788,0.0
5626,4.688411473524559,0.5495568090249798,560,681,1241,0.0,0.0008333472224535399,0.5495568090249788,0.0
5627,4.689244820747013,0.5495568090249798,560,681,1241,0.0,0.000833347222454428,0.5495568090249788,0.0
5628,4.6900781679694665,0.5495568090249798,560,681,1241,0.0,0.0008333472224535399,0.5495568090249788,0.0
5629,4.69091151519192,0.5495568090249798,560,681,1241,0.0,0.0008333472224535399,0.5495568090249788,0.0
5630,4.691744862414374,0.5495568090249798,560,681,1241,0.0,0.0008333472224535399,0.5495568090249788,0.0
5631,4.692578209636827,0.5495568090249798,560,681,1241,0.0,0.0008333472224535399,0.5495568090249788,0.0
5632,4.693411556859282,0.5495568090249798,560,681,1241,0.0,0.000833347222454428,0.5495568090249788,0.0
5633,4.694244904081735,0.5495568090249798,560,681,1241,0.0,0.0008333472224535399,0.5495568090249788,0.0
5634,4.695078251304189,0.5495568090249798,560,681,1241,0.0,0.0008333472224535399,0.5495568090249788,0.0
5635,4.695911598526642,0.5495568090249798,560,681,1241,0.0,0.0008333472224535399,0.5495568090249788,0.0
5636,4.696744945749096,0.5495568090249798,560,681,1241,0.0,0.0008333472224535399,0.5495568090249788,0.0
5637,4.69757829297155,0.5495568090249798,560,681,1241,0.0,0.000833347222454428,0.5495568090249788,0.0
5638,4.698411640194004,0.5495568090249798,560,681,1241,0.0,0.0008333472224535399,0.5495568090249788,0.0
5639,4.699244987416457,0.5495568090249798,560,681,1241,0.0,0.0008333472224535399,0.5495568090249788,0.0
5640,4.700078334638911,0.5495568090249798,560,681,1241,0.0,0.0008333472224535399,0.5495568090249788,0.0
5641,4.700911681861364,0.5495568090249798,560,681,1241,0.0,0.0008333472224535399,0.5495568090249788,0.0
5642,4.701745029083818,0.5495568090249798,560,681,1241,0.0,0.0008333472224535399,0.5495568090249788,0.0
5643,4.702578376306272,0.5495568090249798,560,681,1241,0.0,0.000833347222454428,0.5495568090249788,0.0
5644,4.703411723528726,0.5495568090249798,560,681,1241,0.0,0.0008333472224535399,0.5495568090249788,0.0
5645,4.704245070751179,0.5495568090249798,560,681,1241,0.0,0.0008333472224535399,0.5495568090249788,0.0
5646,4.705078417973633,0.5495568090249798,560,681,1241,0.0,0.0008333472224535399,0.5495568090249788,0.0
5647,4.7059117651960864,0.5495568090249798,560,681,1241,0.0,0.0008333472224535399,0.5495568090249788,0.0
5648,4.706745112418541,0.5495568090249798,560,681,1241,0.0,0.000833347222454428,0.5495568090249788,0.0
5649,4.707578459640994,0.5495568090249798,560,681,1241,0.0,0.0008333472224535399,0.5495568090249788,0.0
5650,4.708411806863448,0.5495568090249798,560,681,1241,0.0,0.0008333472224535399,0.5495568090249788,0.0
5651,4.7092451540859015,0.5495568090249798,560,681,1241,0.0,0.0008333472224535399,0.5495568090249788,0.0
5652,4.710078501308355,0.5495568090249798,560,681,1241,0.0,0.0008333472224535399,0.5495568090249788,0.0
5653,4.7109118485308095,0.5495568090249798,560,681,1241,0.0,0.000833347222454428,0.5495568090249788,0.0
5654,4.711745195753263,0.5495568090249798,560,681,1241,0.0,0.0008333472224535399,0.5495568090249788,0.0
5655,4.7125785429757165,0.5495568090249798,560,681,1241,0.0,0.0008333472224535399,0.5495568090249788,0.0
5656,4.71341189019817,0.5495568090249798,560,681,1241,0.0,0.0008333472224535399,0.5495568090249788,0.0
5657,4.714245237420624,0.5495568090249798,560,681,1241,0.0,0.0008333472224535399,0.5495568090249788,0.0
5658,4.715078584643077,0.5495568090249798,560,681,1241,0.0,0.0008333472224535399,0.5495568090249788,0.0
5659,4.715911931865532,0.5495568090249798,560,681,1241,0.0,0.000833347222454428,0.5495568090249788,0.0
5660,4.716745279087985,0.5495568090249798,560,681,1241,0.0,0.0008333472224535399,0.5495568090249788,0.0
5661,4.717578626310439,0.5495568090249798,560,681,1241,0.0,0.0008333472224535399,0.5495568090249788,0.0
5662,4.718411973532892,0.5495568090249798,560,681,1241,0.0,0.0008333472224535399,0.5495568090249788,0.0
5663,4.719245320755346,0.5495568090249798,560,681,1241,0.0,0.0008333472224535399,0.5495568090249788,0.0
5664,4.7200786679778,0.5495568090249798,560,681,1241,0.0,0.000833347222454428,0.5495568090249788,0.0
5665,4.720912015200254,0.5495568090249798,560,681,1241,0.0,0.0008333472224535399,0.5495568090249788,0.0
5666,4.721745362422707,0.5495568090249798,560,681,1241,0.0,0.0008333472224535399,0.5495568090249788,0.0
5667,4.722578709645161,0.5495568090249798,560,681,1241,0.0,0.0008333472224535399,0.5495568090249788,0.0
5668,4.723412056867614,0.5495568090249798,560,681,1241,0.0,0.0008333472224535399,0.5495568090249788,0.0
5669,4.724245404090069,0.5495568090249798,560,681,1241,0.0,0.000833347222454428,0.5495568090249788,0.0
5670,4.725078751312522,0.5495568090249798,560,681,1241,0.0,0.0008333472224535399,0.5495568090249788,0.0
5671,4.725912098534976,0.5495568090249798,560,681,1241,0.0,0.0008333472224535399,0.5495568090249788,0.0
5672,4.726745445757429,0.5495568090249798,560,681,1241,0.0,0.0008333472224535399,0.5495568090249788,0.0
5673,4.727578792979883,0.5495568090249798,560,681,1241,0.0,0.0008333472224535399,0.5495568090249788,0.0
5674,4.7284121402023365,0.5495568090249798,560,681,1241,0.0,0.0008333472224535399,0.5495568090249788,0.0
5675,4.729245487424791,0.5495568090249798,560,681,1241,0.0,0.000833347222454428,0.5495568090249788,0.0
5676,4.730078834647244,0.5495568090249798,560,681,1241,0.0,0.0008333472224535399,0.5495568090249788,0.0
5677,4.730912181869698,0.5495568090249798,560,681,1241,0.0,0.0008333472224535399,0.5495568090249788,0.0
5678,4.7317455290921515,0.5495568090249798,560,681,1241,0.0,0.0008333472224535399,0.5495568090249788,0.0
5679,4.732578876314605,0.5495568090249798,560,681,1241,0.0,0.0008333472224535399,0.5495568090249788,0.0
5680,4.7334122235370595,0.5495568090249798,560,681,1241,0.0,0.000833347222454428,0.5495568090249788,0.0
5681,4.734245570759513,0.5495568090249798,560,681,1241,0.0,0.0008333472224535399,0.5495568090249788,0.0
5682,4.735078917981967,0.5495568090249798,560,681,1241,0.0,0.0008333472224535399,0.5495568090249788,0.0
5683,4.73591226520442,0.5495568090249798,560,681,1241,0.0,0.0008333472224535399,0.5495568090249788,0.0
5684,4.736745612426874,0.5495568090249798,560,681,1241,0.0,0.0008333472224535399,0.5495568090249788,0.0
5685,4.737578959649328,0.5495568090249798,560,681,1241,0.0,0.000833347222454428,0.5495568090249788,0.0
5686,4.738412306871782,0.5495568090249798,560,681,1241,0.0,0.0008333472224535399,0.5495568090249788,0.0
5687,4.739245654094235,0.5495568090249798,560,681,1241,0.0,0.0008333472224535399,0.5495568090249788,0.0
5688,4.740079001316689,0.5495568090249798,560,681,1241,0.0,0.0008333472224535399,0.5495568090249788,0.0
5689,4.740912348539142,0.5495568090249798,560,681,1241,0.0,0.0008333472224535399,0.5495568090249788,0.0
5690,4.741745695761597,0.5487510072522159,560,681,1241,-0.0008058017727639033,0.000833347222454428,0.5494762288477025,-8.058017727639034e-05
5691,4.74257904298405,0.5487510072522159,560,681,1241,0.0,0.0008333472224535399,0.5493956486704261,-8.058017727639034e-05
5692,4.743412390206504,0.5487510072522159,560,681,1241,0.0,0.0008333472224535399,0.5493150684931498,-8.058017727639034e-05
5693,4.744245737428957,0.5487510072522159,560,681,1241,0.0,0.0008333472224535399,0.5492344883158735,-8.058017727639034e-05
5694,4.745079084651411,0.5487510072522159,560,681,1241,0.0,0.0008333472224535399,0.5491539081385971,-8.058017727639034e-05
5695,4.745912431873864,0.5487510072522159,560,681,1241,0.0,0.0008333472224535399,0.5490733279613208,-8.058017727639034e-05
5696,4.746745779096319,0.5487510072522159,560,681,1241,0.0,0.000833347222454428,0.5489927477840444,-8.058017727639034e-05
5697,4.747579126318772,0.5487510072522159,560,681,1241,0.0,0.0008333472224535399,0.5489121676067681,-8.058017727639034e-05
5698,4.748412473541226,0.5487510072522159,560,681,1241,0.0,0.0008333472224535399,0.5488315874294918,-8.058017727639034e-05
5699,4.749245820763679,0.5487510072522159,560,681,1241,0.0,0.0008333472224535399,0.5487510072522154,-8.058017727639034e-05
5700,4.750079167986133,0.5487510072522159,560,681,1241,0.0,0.0008333472224535399,0.5487510072522154,0.0
5701,4.750912515208587,0.5487510072522159,560,681,1241,0.0,0.000833347222454428,0.5487510072522154,0.0
5702,4.751745862431041,0.5487510072522159,560,681,1241,0.0,0.0008333472224535399,0.5487510072522154,0.0
5703,4.7525792096534945,0.5487510072522159,560,681,1241,0.0,0.0008333472224535399,0.5487510072522154,0.0
5704,4.753412556875948,0.5487510072522159,560,681,1241,0.0,0.0008333472224535399,0.5487510072522154,0.0
5705,4.7542459040984015,0.5487510072522159,560,681,1241,0.0,0.0008333472224535399,0.5487510072522154,0.0
5706,4.755079251320856,0.5487510072522159,560,681,1241,0.0,0.000833347222454428,0.5487510072522154,0.0
5707,4.7559125985433095,0.5487510072522159,560,681,1241,0.0,0.0008333472224535399,0.5487510072522154,0.0
5708,4.756745945765763,0.5487510072522159,560,681,1241,0.0,0.0008333472224535399,0.5487510072522154,0.0
5709,4.757579292988217,0.5487510072522159,560,681,1241,0.0,0.0008333472224535399,0.5487510072522154,0.0
5710,4.75841264021067,0.5487510072522159,560,681,1241,0.0,0.0008333472224535399,0.5487510072522154,0.0
5711,4.759245987433124,0.5487510072522159,560,681,1241,0.0,0.0008333472224535399,0.5487510072522154,0.0
5712,4.760079334655578,0.5487510072522159,560,681,1241,0.0,0.000833347222454428,0.5487510072522154,0.0
5713,4.760912681878032,0.5487510072522159,560,681,1241,0.0,0.0008333472224535399,0.5487510072522154,0.0
5714,4.761746029100485,0.5487510072522159,560,681,1241,0.0,0.0008333472224535399,0.5487510072522154,0.0
5715,4.762579376322939,0.5487510072522159,560,681,1241,0.0,0.0008333472224535399,0.5487510072522154,0.0
5716,4.763412723545392,0.5487510072522159,560,681,1241,0.0,0.0008333472224535399,0.5487510072522154,0.0
5717,4.764246070767847,0.5487510072522159,560,681,1241,0.0,0.000833347222454428,0.5487510072522154,0.0
5718,4.7650794179903,0.5487510072522159,560,681,1241,0.0,0.0008333472224535399,0.5487510072522154,0.0
5719,4.765912765212754,0.5487510072522159,560,681,1241,0.0,0.0008333472224535399,0.5487510072522154,0.0
5720,4.766746112435207,0.5487510072522159,560,681,1241,0.0,0.0008333472224535399,0.5487510072522154,0.0
5721,4.767579459657661,0.5487510072522159,560,681,1241,0.0,0.0008333472224535399,0.5487510072522154,0.0
5722,4.768412806880115,0.5487510072522159,560,681,1241,0.0,0.000833347222454428,0.5487510072522154,0.0
5723,4.769246154102569,0.5487510072522159,560,681,1241,0.0,0.0008333472224535399,0.5487510072522154,0.0
5724,4.770079501325022,0.5487510072522159,560,681,1241,0.0,0.0008333472224535399,0.5487510072522154,0.0
5725,4.770912848547476,0.5487510072522159,560,681,1241,0.0,0.0008333472224535399,0.5487510072522154,0.0
5726,4.771746195769929,0.5487510072522159,560,681,1241,0.0,0.0008333472224535399,0.5487510072522154,0.0
5727,4.772579542992384,0.5487510072522159,560,681,1241,0.0,0.000833347222454428,0.5487510072522154,0.0
5728,4.773412890214837,0.5487510072522159,560,681,1241,0.0,0.0008333472224535399,0.5487510072522154,0.0
5729,4.774246237437291,0.5487510072522159,560,681,1241,0.0,0.0008333472224535399,0.5487510072522154,0.0
5730,4.7750795846597445,0.5487510072522159,560,681,1241,0.0,0.0008333472224535399,0.5487510072522154,0.0
5731,4.775912931882198,0.5487510072522159,560,681,1241,0.0,0.0008333472224535399,0.5487510072522154,0.0
5732,4.7767462791046515,0.5487510072522159,560,681,1241,0.0,0.0008333472224535399,0.5487510072522154,0.0
5733,4.777579626327106,0.5487510072522159,560,681,1241,0.0,0.000833347222454428,0.5487510072522154,0.0
5734,4.7784129735495595,0.5487510072522159,560,681,1241,0.0,0.0008333472224535399,0.5487510072522154,0.0
5735,4.779246320772013,0.5487510072522159,560,681,1241,0.0,0.0008333472224535399,0.5487510072522154,0.0
5736,4.780079667994467,0.5487510072522159,560,681,1241,0.0,0.0008333472224535399,0.5487510072522154,0.0
5737,4.78091301521692,0.5487510072522159,560,681,1241,0.0,0.0008333472224535399,0.5487510072522154,0.0
5738,4.781746362439375,0.5487510072522159,560,681,1241,0.0,0.000833347222454428,0.5487510072522154,0.0
5739,4.782579709661828,0.5487510072522159,560,681,1241,0.0,0.0008333472224535399,0.5487510072522154,0.0
5740,4.783413056884282,0.5487510072522159,560,681,1241,0.0,0.0008333472224535399,0.5487510072522154,0.0
5741,4.784246404106735,0.5487510072522159,560,681,1241,0.0,0.0008333472224535399,0.5487510072522154,0.0
5742,4.785079751329189,0.5487510072522159,560,681,1241,0.0,0.0008333472224535399,0.5487510072522154,0.0
5743,4.785913098551643,0.5487510072522159,560,681,1241,0.0,0.000833347222454428,0.5487510072522154,0.0
5744,4.786746445774097,0.5487510072522159,560,681,1241,0.0,0.0008333472224535399,0.5487510072522154,0.0
5745,4.78757979299655,0.5487510072522159,560,681,1241,0.0,0.0008333472224535399,0.5487510072522154,0.0
5746,4.788413140219004,0.5487510072522159,560,681,1241,0.0,0.0008333472224535399,0.5487510072522154,0.0
5747,4.789246487441457,0.5487510072522159,560,681,1241,0.0,0.0008333472224535399,0.5487510072522154,0.0
5748,4.790079834663911,0.5487510072522159,560,681,1241,0.0,0.0008333472224535399,0.5487510072522154,0.0
5749,4.790913181886365,0.5487510072522159,560,681,1241,0.0,0.000833347222454428,0.5487510072522154,0.0
5750,4.791746529108819,0.5487510072522159,560,681,1241,0.0,0.0008333472224535399,0.5487510072522154,0.0
5751,4.792579876331272,0.5487510072522159,560,681,1241,0.0,0.0008333472224535399,0.5487510072522154,0.0
5752,4.793413223553726,0.5487510072522159,560,681,1241,0.0,0.0008333472224535399,0.5487510072522154,0.0
5753,4.794246570776179,0.5487510072522159,560,681,1241,0.0,0.0008333472224535399,0.5487510072522154,0.0
5754,4.795079917998634,0.5487510072522159,560,681,1241,0.0,0.000833347222454428,0.5487510072522154,0.0
5755,4.795913265221087,0.5487510072522159,560,681,1241,0.0,0.0008333472224535399,0.5487510072522154,0.0
5756,4.796746612443541,0.5487510072522159,560,681,1241,0.0,0.0008333472224535399,0.5487510072522154,0.0
5757,4.7975799596659945,0.5487510072522159,560,681,1241,0.0,0.0008333472224535399,0.5487510072522154,0.0
5758,4.798413306888448,0.5487510072522159,560,681,1241,0.0,0.0008333472224535399,0.5487510072522154,0.0
5759,4.7992466541109025,0.5487510072522159,560,681,1241,0.0,0.000833347222454428,0.5487510072522154,0.0
5760,4.800080001333356,0.5487510072522159,560,681,1241,0.0,0.0008333472224535399,0.5487510072522154,0.0
5761,4.8009133485558095,0.5487510072522159,560,681,1241,0.0,0.0008333472224535399,0.5487510072522154,0.0
5762,4.801746695778263,0.5487510072522159,560,681,1241,0.0,0.0008333472224535399,0.5487510072522154,0.0
5763,4.802580043000717,0.5487510072522159,560,681,1241,0.0,0.0008333472224535399,0.5487510072522154,0.0
5764,4.80341339022317,0.5487510072522159,560,681,1241,0.0,0.0008333472224535399,0.5487510072522154,0.0
5765,4.804246737445625,0.5487510072522159,560,681,1241,0.0,0.000833347222454428,0.5487510072522154,0.0
5766,4.805080084668078,0.5487510072522159,560,681,1241,0.0,0.0008333472224535399,0.5487510072522154,0.0
5767,4.805913431890532,0.5487510072522159,560,681,1241,0.0,0.0008333472224535399,0.5487510072522154,0.0
5768,4.806746779112985,0.5487510072522159,560,681,1241,0.0,0.0008333472224535399,0.5487510072522154,0.0
5769,4.807580126335439,0.5487510072522159,560,681,1241,0.0,0.0008333472224535399,0.5487510072522154,0.0
5770,4.808413473557893,0.5487510072522159,560,681,1241,0.0,0.000833347222454428,0.5487510072522154,0.0
5771,4.809246820780347,0.5487510072522159,560,681,1241,0.0,0.0008333472224535399,0.5487510072522154,0.0
5772,4.8100801680028,0.5487510072522159,560,681,1241,0.0,0.0008333472224535399,0.5487510072522154,0.0
5773,4.810913515225254,0.5487510072522159,560,681,1241,0.0,0.0008333472224535399,0.5487510072522154,0.0
5774,4.811746862447707,0.5487510072522159,560,681,1241,0.0,0.0008333472224535399,0.5487510072522154,0.0
5775,4.812580209670162,0.5487510072522159,560,681,1241,0.0,0.000833347222454428,0.5487510072522154,0.0
5776,4.813413556892615,0.5487510072522159,560,681,1241,0.0,0.0008333472224535399,0.5487510072522154,0.0
5777,4.814246904115069,0.5487510072522159,560,681,1241,0.0,0.0008333472224535399,0.5487510072522154,0.0
5778,4.815080251337522,0.5487510072522159,560,681,1241,0.0,0.0008333472224535399,0.5487510072522154,0.0
5779,4.815913598559976,0.5487510072522159,560,681,1241,0.0,0.0008333472224535399,0.5487510072522154,0.0
5780,4.81674694578243,0.5487510072522159,560,681,1241,0.0,0.000833347222454428,0.5487510072522154,0.0
5781,4.817580293004884,0.5487510072522159,560,681,1241,0.0,0.0008333472224535399,0.5487510072522154,0.0
5782,4.818413640227337,0.5487510072522159,560,681,1241,0.0,0.0008333472224535399,0.5487510072522154,0.0
5783,4.819246987449791,0.5487510072522159,560,681,1241,0.0,0.0008333472224535399,0.5487510072522154,0.0
5784,4.8200803346722445,0.5487510072522159,560,681,1241,0.0,0.0008333472224535399,0.5487510072522154,0.0
5785,4.820913681894698,0.5487510072522159,560,681,1241,0.0,0.0008333472224535399,0.5487510072522154,0.0
5786,4.8217470291171525,0.5487510072522159,560,681,1241,0.0,0.000833347222454428,0.5487510072522154,0.0
5787,4.822580376339606,0.5487510072522159,560,681,1241,0.0,0.0008333472224535399,0.5487510072522154,0.0
5788,4.8234137235620596,0.5487510072522159,560,681,1241,0.0,0.0008333472224535399,0.5487510072522154,0.0
5789,4.824247070784513,0.5487510072522159,560,681,1241,0.0,0.0008333472224535399,0.5487510072522154,0.0
5790,4.825080418006967,0.5487510072522159,560,681,1241,0.0,0.0008333472224535399,0.5487510072522154,0.0
5791,4.825913765229421,0.5487510072522159,560,681,1241,0.0,0.000833347222454428,0.5487510072522154,0.0
5792,4.826747112451875,0.5487510072522159,560,681,1241,0.0,0.0008333472224535399,0.5487510072522154,0.0
5793,4.827580459674328,0.5487510072522159,560,681,1241,0.0,0.0008333472224535399,0.5487510072522154,0.0
5794,4.828413806896782,0.5487510072522159,560,681,1241,0.0,0.0008333472224535399,0.5487510072522154,0.0
5795,4.829247154119235,0.5487510072522159,560,681,1241,0.0,0.0008333472224535399,0.5487510072522154,0.0
5796,4.83008050134169,0.5487510072522159,560,681,1241,0.0,0.000833347222454428,0.5487510072522154,0.0
5797,4.830913848564143,0.5487510072522159,560,681,1241,0.0,0.0008333472224535399,0.5487510072522154,0.0
5798,4.831747195786597,0.5487510072522159,560,681,1241,0.0,0.0008333472224535399,0.5487510072522154,0.0
5799,4.83258054300905,0.5487510072522159,560,681,1241,0.0,0.0008333472224535399,0.5487510072522154,0.0
5800,4.833413890231504,0.5487510072522159,560,681,1241,0.0,0.0008333472224535399,0.5487510072522154,0.0
5801,4.834247237453957,0.5487510072522159,560,681,1241,0.0,0.0008333472224535399,0.5487510072522154,0.0
5802,4.835080584676412,0.5487510072522159,560,681,1241,0.0,0.000833347222454428,0.5487510072522154,0.0
5803,4.835913931898865,0.5487510072522159,560,681,1241,0.0,0.0008333472224535399,0.5487510072522154,0.0
5804,4.836747279121319,0.5487510072522159,560,681,1241,0.0,0.0008333472224535399,0.5487510072522154,0.0
5805,4.837580626343772,0.5487510072522159,560,681,1241,0.0,0.0008333472224535399,0.5487510072522154,0.0
5806,4.838413973566226,0.5487510072522159,560,681,1241,0.0,0.0008333472224535399,0.5487510072522154,0.0
5807,4.83924732078868,0.5487510072522159,560,681,1241,0.0,0.000833347222454428,0.5487510072522154,0.0
5808,4.840080668011134,0.5487510072522159,560,681,1241,0.0,0.0008333472224535399,0.5487510072522154,0.0
5809,4.840914015233587,0.5487510072522159,560,681,1241,0.0,0.0008333472224535399,0.5487510072522154,0.0
5810,4.841747362456041,0.5487510072522159,560,681,1241,0.0,0.0008333472224535399,0.5487510072522154,0.0
5811,4.8425807096784945,0.5487510072522159,560,681,1241,0.0,0.0008333472224535399,0.5487510072522154,0.0
5812,4.843414056900949,0.5487510072522159,560,681,1241,0.0,0.000833347222454428,0.5487510072522154,0.0
5813,4.8442474041234025,0.5495568090249798,560,681,1241,0.0008058017727639033,0.0008333472224535399,0.5488315874294918,8.058017727639034e-05
5814,4.845080751345856,0.5495568090249798,560,681,1241,0.0,0.0008333472224535399,0.5489121676067681,8.058017727639034e-05
5815,4.84591409856831,0.5495568090249798,560,681,1241,0.0,0.0008333472224535399,0.5489927477840444,8.058017727639034e-05
5816,4.846747445790763,0.5495568090249798,560,681,1241,0.0,0.0008333472224535399,0.5490733279613208,8.058017727639034e-05
5817,4.847580793013217,0.5495568090249798,560,681,1241,0.0,0.0008333472224535399,0.5491539081385971,8.058017727639034e-05
5818,4.848414140235671,0.5495568090249798,560,681,1241,0.0,0.000833347222454428,0.5492344883158735,8.058017727639034e-05
5819,4.849247487458125,0.5495568090249798,560,681,1241,0.0,0.0008333472224535399,0.5493150684931498,8.058017727639034e-05
5820,4.850080834680578,0.5495568090249798,560,681,1241,0.0,0.0008333472224535399,0.5493956486704261,8.058017727639034e-05
5821,4.850914181903032,0.5495568090249798,560,681,1241,0.0,0.0008333472224535399,0.5494762288477025,8.058017727639034e-05
5822,4.851747529125485,0.5495568090249798,560,681,1241,0.0,0.0008333472224535399,0.5495568090249788,8.058017727639034e-05
5823,4.85258087634794,0.5495568090249798,560,681,1241,0.0,0.000833347222454428,0.5495568090249788,0.0
5824,4.853414223570393,0.5495568090249798,560,681,1241,0.0,0.0008333472224535399,0.5495568090249788,0.0
5825,4.854247570792847,0.5495568090249798,560,681,1241,0.0,0.0008333472224535399,0.5495568090249788,0.0
5826,4.8550809180153,0.5495568090249798,560,681,1241,0.0,0.0008333472224535399,0.5495568090249788,0.0
5827,4.855914265237754,0.5495568090249798,560,681,1241,0.0,0.0008333472224535399,0.5495568090249788,0.0
5828,4.856747612460208,0.5495568090249798,560,681,1241,0.0,0.000833347222454428,0.5495568090249788,0.0
5829,4.857580959682662,0.5495568090249798,560,681,1241,0.0,0.0008333472224535399,0.5495568090249788,0.0
5830,4.858414306905115,0.5495568090249798,560,681,1241,0.0,0.0008333472224535399,0.5495568090249788,0.0
5831,4.859247654127569,0.5495568090249798,560,681,1241,0.0,0.0008333472224535399,0.5495568090249788,0.0
5832,4.860081001350022,0.5495568090249798,560,681,1241,0.0,0.0008333472224535399,0.5495568090249788,0.0
5833,4.860914348572477,0.5495568090249798,560,681,1241,0.0,0.000833347222454428,0.5495568090249788,0.0
5834,4.86174769579493,0.5495568090249798,560,681,1241,0.0,0.0008333472224535399,0.5495568090249788,0.0
5835,4.862581043017384,0.5495568090249798,560,681,1241,0.0,0.0008333472224535399,0.5495568090249788,0.0
5836,4.8634143902398375,0.5487510072522159,560,681,1241,-0.0008058017727639033,0.0008333472224535399,0.5494762288477025,-8.058017727639034e-05
5837,4.864247737462291,0.5487510072522159,560,681,1241,0.0,0.0008333472224535399,0.5493956486704261,-8.058017727639034e-05
5838,4.8650810846847445,0.5487510072522159,560,681,1241,0.0,0.0008333472224535399,0.5493150684931498,-8.058017727639034e-05
5839,4.865914431907199,0.5487510072522159,560,681,1241,0.0,0.000833347222454428,0.5492344883158735,-8.058017727639034e-05
5840,4.8667477791296525,0.5487510072522159,560,681,1241,0.0,0.0008333472224535399,0.5491539081385971,-8.058017727639034e-05
5841,4.867581126352106,0.5487510072522159,560,681,1241,0.0,0.0008333472224535399,0.5490733279613208,-8.058017727639034e-05
5842,4.86841447357456,0.5487510072522159,560,681,1241,0.0,0.0008333472224535399,0.5489927477840444,-8.058017727639034e-05
5843,4.869247820797013,0.5487510072522159,560,681,1241,0.0,0.0008333472224535399,0.5489121676067681,-8.058017727639034e-05
5844,4.8700811680194676,0.5487510072522159,560,681,1241,0.0,0.000833347222454428,0.5488315874294918,-8.058017727639034e-05
5845,4.870914515241921,0.5487510072522159,560,681,1241,0.0,0.0008333472224535399,0.5487510072522154,-8.058017727639034e-05
5846,4.871747862464375,0.5487510072522159,560,681,1241,0.0,0.0008333472224535399,0.5487510072522154,0.0
5847,4.872581209686828,0.5487510072522159,560,681,1241,0.0,0.0008333472224535399,0.5487510072522154,0.0
5848,4.873414556909282,0.5487510072522159,560,681,1241,0.0,0.0008333472224535399,0.5487510072522154,0.0
5849,4.874247904131736,0.5487510072522159,560,681,1241,0.0,0.000833347222454428,0.5487510072522154,0.0
5850,4.87508125135419,0.5487510072522159,560,681,1241,0.0,0.0008333472224535399,0.5487510072522154,0.0
5851,4.875914598576643,0.5487510072522159,560,681,1241,0.0,0.0008333472224535399,0.5487510072522154,0.0
5852,4.876747945799097,0.5487510072522159,560,681,1241,0.0,0.0008333472224535399,0.5487510072522154,0.0
5853,4.87758129302155,0.5487510072522159,560,681,1241,0.0,0.0008333472224535399,0.5487510072522154,0.0
5854,4.878414640244004,0.5487510072522159,560,681,1241,0.0,0.0008333472224535399,0.5487510072522154,0.0
5855,4.879247987466458,0.5487510072522159,560,681,1241,0.0,0.000833347222454428,0.5487510072522154,0.0
5856,4.880081334688912,0.5487510072522159,560,681,1241,0.0,0.0008333472224535399,0.5487510072522154,0.0
5857,4.880914681911365,0.5487510072522159,560,681,1241,0.0,0.0008333472224535399,0.5487510072522154,0.0
5858,4.881748029133819,0.5487510072522159,560,681,1241,0.0,0.0008333472224535399,0.5487510072522154,0.0
5859,4.882581376356272,0.5487510072522159,560,681,1241,0.0,0.0008333472224535399,0.5487510072522154,0.0
5860,4.883414723578727,0.5487510072522159,560,681,1241,0.0,0.000833347222454428,0.5487510072522154,0.0
5861,4.88424807080118,0.5487510072522159,560,681,1241,0.0,0.0008333472224535399,0.5487510072522154,0.0
5862,4.885081418023634,0.5487510072522159,560,681,1241,0.0,0.0008333472224535399,0.5487510072522154,0.0
5863,4.8859147652460875,0.5487510072522159,560,681,1241,0.0,0.0008333472224535399,0.5487510072522154,0.0
5864,4.886748112468541,0.5487510072522159,560,681,1241,0.0,0.0008333472224535399,0.5487510072522154,0.0
5865,4.8875814596909954,0.5487510072522159,560,681,1241,0.0,0.000833347222454428,0.5487510072522154,0.0
5866,4.888414806913449,0.5487510072522159,560,681,1241,0.0,0.0008333472224535399,0.5487510072522154,0.0
5867,4.8892481541359025,0.5487510072522159,560,681,1241,0.0,0.0008333472224535399,0.5487510072522154,0.0
5868,4.890081501358356,0.5487510072522159,560,681,1241,0.0,0.0008333472224535399,0.5487510072522154,0.0
5869,4.89091484858081,0.5487510072522159,560,681,1241,0.0,0.0008333472224535399,0.5487510072522154,0.0
5870,4.891748195803264,0.5487510072522159,560,681,1241,0.0,0.000833347222454428,0.5487510072522154,0.0
5871,4.892581543025718,0.5487510072522159,560,681,1241,0.0,0.0008333472224535399,0.5487510072522154,0.0
5872,4.893414890248171,0.5487510072522159,560,681,1241,0.0,0.0008333472224535399,0.5487510072522154,0.0
5873,4.894248237470625,0.5487510072522159,560,681,1241,0.0,0.0008333472224535399,0.5487510072522154,0.0
5874,4.895081584693078,0.5487510072522159,560,681,1241,0.0,0.0008333472224535399,0.5487510072522154,0.0
5875,4.895914931915532,0.5487510072522159,560,681,1241,0.0,0.0008333472224535399,0.5487510072522154,0.0
5876,4.896748279137986,0.5487510072522159,560,681,1241,0.0,0.000833347222454428,0.5487510072522154,0.0
5877,4.89758162636044,0.5487510072522159,560,681,1241,0.0,0.0008333472224535399,0.5487510072522154,0.0
5878,4.898414973582893,0.5487510072522159,560,681,1241,0.0,0.0008333472224535399,0.5487510072522154,0.0
5879,4.899248320805347,0.5487510072522159,560,681,1241,0.0,0.0008333472224535399,0.5487510072522154,0.0
5880,4.9000816680278,0.5487510072522159,560,681,1241,0.0,0.0008333472224535399,0.5487510072522154,0.0
5881,4.900915015250255,0.5487510072522159,560,681,1241,0.0,0.000833347222454428,0.5487510072522154,0.0
5882,4.901748362472708,0.5487510072522159,560,681,1241,0.0,0.0008333472224535399,0.5487510072522154,0.0
5883,4.902581709695162,0.5487510072522159,560,681,1241,0.0,0.0008333472224535399,0.5487510072522154,0.0
5884,4.903415056917615,0.5487510072522159,560,681,1241,0.0,0.0008333472224535399,0.5487510072522154,0.0
5885,4.904248404140069,0.5487510072522159,560,681,1241,0.0,0.0008333472224535399,0.5487510072522154,0.0
5886,4.905081751362523,0.5487510072522159,560,681,1241,0.0,0.000833347222454428,0.5487510072522154,0.0
5887,4.905915098584977,0.5487510072522159,560,681,1241,0.0,0.0008333472224535399,0.5487510072522154,0.0
5888,4.90674844580743,0.5487510072522159,560,681,1241,0.0,0.0008333472224535399,0.5487510072522154,0.0
5889,4.907581793029884,0.5487510072522159,560,681,1241,0.0,0.0008333472224535399,0.5487510072522154,0.0
5890,4.9084151402523375,0.5487510072522159,560,681,1241,0.0,0.0008333472224535399,0.5487510072522154,0.0
5891,4.909248487474791,0.5487510072522159,560,681,1241,0.0,0.0008333472224535399,0.5487510072522154,0.0
5892,4.9100818346972455,0.5487510072522159,560,681,1241,0.0,0.000833347222454428,0.5487510072522154,0.0
5893,4.910915181919699,0.5487510072522159,560,681,1241,0.0,0.0008333472224535399,0.5487510072522154,0.0
5894,4.9117485291421525,0.5495568090249798,560,681,1241,0.0008058017727639033,0.0008333472224535399,0.5488315874294918,8.058017727639034e-05
5895,4.912581876364606,0.5495568090249798,560,681,1241,0.0,0.0008333472224535399,0.5489121676067681,8.058017727639034e-05
5896,4.91341522358706,0.5503626107977437,560,681,1241,0.0008058017727639033,0.0008333472224535399,0.5490733279613209,0.00016116035455278067
5897,4.914248570809514,0.5503626107977437,560,681,1241,0.0,0.000833347222454428,0.5492344883158736,0.00016116035455278067
5898,4.915081918031968,0.5503626107977437,560,681,1241,0.0,0.0008333472224535399,0.5493956486704265,0.00016116035455278067
5899,4.915915265254421,0.5503626107977437,560,681,1241,0.0,0.0008333472224535399,0.5495568090249792,0.00016116035455278067
5900,4.916748612476875,0.5503626107977437,560,681,1241,0.0,0.0008333472224535399,0.549717969379532,0.00016116035455278067
5901,4.917581959699328,0.5503626107977437,560,681,1241,0.0,0.0008333472224535399,0.5498791297340848,0.00016116035455278067
5902,4.918415306921783,0.5503626107977437,560,681,1241,0.0,0.000833347222454428,0.5500402900886375,0.00016116035455278067
5903,4.919248654144236,0.5503626107977437,560,681,1241,0.0,0.0008333472224535399,0.5502014504431904,0.00016116035455278067
5904,4.92008200136669,0.5503626107977437,560,681,1241,0.0,0.0008333472224535399,0.5502820306204667,8.058017727639034e-05
5905,4.920915348589143,0.5503626107977437,560,681,1241,0.0,0.0008333472224535399,0.5503626107977431,8.058017727639034e-05
5906,4.921748695811597,0.5503626107977437,560,681,1241,0.0,0.0008333472224535399,0.5503626107977431,0.0
5907,4.92258204303405,0.5503626107977437,560,681,1241,0.0,0.0008333472224535399,0.5503626107977431,0.0
5908,4.923415390256505,0.5503626107977437,560,681,1241,0.0,0.000833347222454428,0.5503626107977431,0.0
5909,4.924248737478958,0.5503626107977437,560,681,1241,0.0,0.0008333472224535399,0.5503626107977431,0.0
5910,4.925082084701412,0.5503626107977437,560,681,1241,0.0,0.0008333472224535399,0.5503626107977431,0.0
5911,4.925915431923865,0.5503626107977437,560,681,1241,0.0,0.0008333472224535399,0.5503626107977431,0.0
5912,4.926748779146319,0.5503626107977437,560,681,1241,0.0,0.0008333472224535399,0.5503626107977431,0.0
5913,4.927582126368773,0.5503626107977437,560,681,1241,0.0,0.000833347222454428,0.5503626107977431,0.0
5914,4.928415473591227,0.5503626107977437,560,681,1241,0.0,0.0008333472224535399,0.5503626107977431,0.0
5915,4.92924882081368,0.5503626107977437,560,681,1241,0.0,0.0008333472224535399,0.5503626107977431,0.0
5916,4.930082168036134,0.5503626107977437,560,681,1241,0.0,0.0008333472224535399,0.5503626107977431,0.0
5917,4.9309155152585875,0.5503626107977437,560,681,1241,0.0,0.0008333472224535399,0.5503626107977431,0.0
5918,4.931748862481042,0.5503626107977437,560,681,1241,0.0,0.000833347222454428,0.5503626107977431,0.0
5919,4.9325822097034955,0.5503626107977437,560,681,1241,0.0,0.0008333472224535399,0.5503626107977431,0.0
5920,4.933415556925949,0.5503626107977437,560,681,1241,0.0,0.0008333472224535399,0.5503626107977431,0.0
5921,4.934248904148403,0.5503626107977437,560,681,1241,0.0,0.0008333472224535399,0.5503626107977431,0.0
5922,4.935082251370856,0.5503626107977437,560,681,1241,0.0,0.0008333472224535399,0.5503626107977431,0.0
5923,4.9359155985933105,0.5503626107977437,560,681,1241,0.0,0.000833347222454428,0.5503626107977431,0.0
5924,4.936748945815764,0.5503626107977437,560,681,1241,0.0,0.0008333472224535399,0.5503626107977431,0.0
5925,4.937582293038218,0.5503626107977437,560,681,1241,0.0,0.0008333472224535399,0.5503626107977431,0.0
5926,4.938415640260671,0.5503626107977437,560,681,1241,0.0,0.0008333472224535399,0.5503626107977431,0.0
5927,4.939248987483125,0.5503626107977437,560,681,1241,0.0,0.0008333472224535399,0.5503626107977431,0.0
5928,4.940082334705578,0.5503626107977437,560,681,1241,0.0,0.0008333472224535399,0.5503626107977431,0.0
5929,4.940915681928033,0.5503626107977437,560,681,1241,0.0,0.000833347222454428,0.5503626107977431,0.0
5930,4.941749029150486,0.5503626107977437,560,681,1241,0.0,0.0008333472224535399,0.5503626107977431,0.0
5931,4.94258237637294,0.5503626107977437,560,681,1241,0.0,0.0008333472224535399,0.5503626107977431,0.0
5932,4.943415723595393,0.5503626107977437,560,681,1241,0.0,0.0008333472224535399,0.5503626107977431,0.0
5933,4.944249070817847,0.5503626107977437,560,681,1241,0.0,0.0008333472224535399,0.5503626107977431,0.0
5934,4.945082418040301,0.5503626107977437,560,681,1241,0.0,0.000833347222454428,0.5503626107977431,0.0
5935,4.945915765262755,0.5503626107977437,560,681,1241,0.0,0.0008333472224535399,0.5503626107977431,0.0
5936,4.946749112485208,0.5503626107977437,560,681,1241,0.0,0.0008333472224535399,0.5503626107977431,0.0
5937,4.947582459707662,0.5503626107977437,560,681,1241,0.0,0.0008333472224535399,0.5503626107977431,0.0
5938,4.948415806930115,0.5503626107977437,560,681,1241,0.0,0.0008333472224535399,0.5503626107977431,0.0
5939,4.94924915415257,0.5503626107977437,560,681,1241,0.0,0.000833347222454428,0.5503626107977431,0.0
5940,4.950082501375023,0.5503626107977437,560,681,1241,0.0,0.0008333472224535399,0.5503626107977431,0.0
5941,4.950915848597477,0.5503626107977437,560,681,1241,0.0,0.0008333472224535399,0.5503626107977431,0.0
5942,4.9517491958199304,0.5503626107977437,560,681,1241,0.0,0.0008333472224535399,0.5503626107977431,0.0
5943,4.952582543042384,0.5503626107977437,560,681,1241,0.0,0.0008333472224535399,0.5503626107977431,0.0
5944,4.9534158902648375,0.5503626107977437,560,681,1241,0.0,0.0008333472224535399,0.5503626107977431,0.0
5945,4.954249237487292,0.5503626107977437,560,681,1241,0.0,0.000833347222454428,0.5503626107977431,0.0
5946,4.9550825847097455,0.5503626107977437,560,681,1241,0.0,0.0008333472224535399,0.5503626107977431,0.0
5947,4.955915931932199,0.5503626107977437,560,681,1241,0.0,0.0008333472224535399,0.5503626107977431,0.0
5948,4.956749279154653,0.5503626107977437,560,681,1241,0.0,0.0008333472224535399,0.5503626107977431,0.0
5949,4.957582626377106,0.5503626107977437,560,681,1241,0.0,0.0008333472224535399,0.5503626107977431,0.0
5950,4.9584159735995605,0.5503626107977437,560,681,1241,0.0,0.000833347222454428,0.5503626107977431,0.0
5951,4.959249320822014,0.5503626107977437,560,681,1241,0.0,0.0008333472224535399,0.5503626107977431,0.0
5952,4.960082668044468,0.5503626107977437,560,681,1241,0.0,0.0008333472224535399,0.5503626107977431,0.0
5953,4.960916015266921,0.5495568090249798,560,681,1241,-0.0008058017727639033,0.0008333472224535399,0.5502820306204665,-8.058017727639034e-05
5954,4.961749362489375,0.5495568090249798,560,681,1241,0.0,0.0008333472224535399,0.5502014504431902,-8.058017727639034e-05
5955,4.962582709711829,0.5495568090249798,560,681,1241,0.0,0.000833347222454428,0.5501208702659139,-8.058017727639034e-05
5956,4.963416056934283,0.5495568090249798,560,681,1241,0.0,0.0008333472224535399,0.5500402900886375,-8.058017727639034e-05
5957,4.964249404156736,0.5495568090249798,560,681,1241,0.0,0.0008333472224535399,0.5499597099113612,-8.058017727639034e-05
5958,4.96508275137919,0.5495568090249798,560,681,1241,0.0,0.0008333472224535399,0.5498791297340848,-8.058017727639034e-05
5959,4.965916098601643,0.5495568090249798,560,681,1241,0.0,0.0008333472224535399,0.5497985495568085,-8.058017727639034e-05
5960,4.966749445824098,0.5495568090249798,560,681,1241,0.0,0.000833347222454428,0.5497179693795322,-8.058017727639034e-05
5961,4.967582793046551,0.5495568090249798,560,681,1241,0.0,0.0008333472224535399,0.5496373892022558,-8.058017727639034e-05
5962,4.968416140269005,0.5495568090249798,560,681,1241,0.0,0.0008333472224535399,0.5495568090249795,-8.058017727639034e-05
5963,4.969249487491458,0.5495568090249798,560,681,1241,0.0,0.0008333472224535399,0.5495568090249796,0.0
5964,4.970082834713912,0.5495568090249798,560,681,1241,0.0,0.0008333472224535399,0.5495568090249796,0.0
5965,4.970916181936365,0.5495568090249798,560,681,1241,0.0,0.0008333472224535399,0.5495568090249796,0.0
5966,4.97174952915882,0.5495568090249798,560,681,1241,0.0,0.000833347222454428,0.5495568090249796,0.0
5967,4.972582876381273,0.5495568090249798,560,681,1241,0.0,0.0008333472224535399,0.5495568090249796,0.0
5968,4.973416223603727,0.5495568090249798,560,681,1241,0.0,0.0008333472224535399,0.5495568090249796,0.0
5969,4.9742495708261805,0.5495568090249798,560,681,1241,0.0,0.0008333472224535399,0.5495568090249796,0.0
5970,4.975082918048634,0.5495568090249798,560,681,1241,0.0,0.0008333472224535399,0.5495568090249796,0.0
5971,4.975916265271088,0.5495568090249798,560,681,1241,0.0,0.000833347222454428,0.5495568090249796,0.0
5972,4.976749612493542,0.5495568090249798,560,681,1241,0.0,0.0008333472224535399,0.5495568090249796,0.0
5973,4.9775829597159955,0.5495568090249798,560,681,1241,0.0,0.0008333472224535399,0.5495568090249796,0.0
5974,4.978416306938449,0.5495568090249798,560,681,1241,0.0,0.0008333472224535399,0.5495568090249796,0.0
5975,4.979249654160903,0.5495568090249798,560,681,1241,0.0,0.0008333472224535399,0.5495568090249796,0.0
5976,4.980083001383357,0.5495568090249798,560,681,1241,0.0,0.000833347222454428,0.5495568090249796,0.0
5977,4.980916348605811,0.5495568090249798,560,681,1241,0.0,0.0008333472224535399,0.5495568090249796,0.0
5978,4.981749695828264,0.5495568090249798,560,681,1241,0.0,0.0008333472224535399,0.5495568090249796,0.0
5979,4.982583043050718,0.5495568090249798,560,681,1241,0.0,0.0008333472224535399,0.5495568090249796,0.0
5980,4.983416390273171,0.5495568090249798,560,681,1241,0.0,0.0008333472224535399,0.5495568090249796,0.0
5981,4.984249737495625,0.5495568090249798,560,681,1241,0.0,0.0008333472224535399,0.5495568090249796,0.0
5982,4.985083084718079,0.5495568090249798,560,681,1241,0.0,0.000833347222454428,0.5495568090249796,0.0
5983,4.985916431940533,0.5495568090249798,560,681,1241,0.0,0.0008333472224535399,0.5495568090249796,0.0
5984,4.986749779162986,0.5495568090249798,560,681,1241,0.0,0.0008333472224535399,0.5495568090249796,0.0
5985,4.98758312638544,0.5495568090249798,560,681,1241,0.0,0.0008333472224535399,0.5495568090249796,0.0
5986,4.988416473607893,0.5495568090249798,560,681,1241,0.0,0.0008333472224535399,0.5495568090249796,0.0
5987,4.989249820830348,0.5495568090249798,560,681,1241,0.0,0.000833347222454428,0.5495568090249796,0.0
5988,4.990083168052801,0.5495568090249798,560,681,1241,0.0,0.0008333472224535399,0.5495568090249796,0.0
5989,4.990916515275255,0.5495568090249798,560,681,1241,0.0,0.0008333472224535399,0.5495568090249796,0.0
5990,4.991749862497708,0.5495568090249798,560,681,1241,0.0,0.0008333472224535399,0.5495568090249796,0.0
5991,4.992583209720162,0.5495568090249798,560,681,1241,0.0,0.0008333472224535399,0.5495568090249796,0.0
5992,4.993416556942616,0.5495568090249798,560,681,1241,0.0,0.000833347222454428,0.5495568090249796,0.0
5993,4.99424990416507,0.5495568090249798,560,681,1241,0.0,0.0008333472224535399,0.5495568090249796,0.0
5994,4.995083251387523,0.5495568090249798,560,681,1241,0.0,0.0008333472224535399,0.5495568090249796,0.0
5995,4.995916598609977,0.5495568090249798,560,681,1241,0.0,0.0008333472224535399,0.5495568090249796,0.0
5996,4.9967499458324305,0.5495568090249798,560,681,1241,0.0,0.0008333472224535399,0.5495568090249796,0.0
5997,4.997583293054884,0.5495568090249798,560,681,1241,0.0,0.0008333472224535399,0.5495568090249796,0.0
5998,4.9984166402773385,0.5495568090249798,560,681,1241,0.0,0.000833347222454428,0.5495568090249796,0.0
5999,4.999249987499792,0.5495568090249798,560,681,1241,0.0,0.0008333472224535399,0.5495568090249796,0.0
6000,5.0000833347222455,0.5495568090249798,560,681,1241,0.0,0.0008333472224535399,0.5495568090249796,0.0
6001,5.000916681944699,0.5495568090249798,560,681,1241,0.0,0.0008333472224535399,0.5495568090249796,0.0
6002,5.001750029167153,0.5495568090249798,560,681,1241,0.0,0.0008333472224535399,0.5495568090249796,0.0
6003,5.002583376389607,0.5495568090249798,560,681,1241,0.0,0.000833347222454428,0.5495568090249796,0.0
6004,5.003416723612061,0.5495568090249798,560,681,1241,0.0,0.0008333472224535399,0.5495568090249796,0.0
6005,5.004250070834514,0.5495568090249798,560,681,1241,0.0,0.0008333472224535399,0.5495568090249796,0.0
6006,5.005083418056968,0.5495568090249798,560,681,1241,0.0,0.0008333472224535399,0.5495568090249796,0.0
6007,5.005916765279421,0.5495568090249798,560,681,1241,0.0,0.0008333472224535399,0.5495568090249796,0.0
6008,5.006750112501876,0.5495568090249798,560,681,1241,0.0,0.000833347222454428,0.5495568090249796,0.0
6009,5.007583459724329,0.5495568090249798,560,681,1241,0.0,0.0008333472224535399,0.5495568090249796,0.0
6010,5.008416806946783,0.5495568090249798,560,681,1241,0.0,0.0008333472224535399,0.5495568090249796,0.0
6011,5.009250154169236,0.5495568090249798,560,681,1241,0.0,0.0008333472224535399,0.5495568090249796,0.0
6012,5.01008350139169,0.5495568090249798,560,681,1241,0.0,0.0008333472224535399,0.5495568090249796,0.0
6013,5.010916848614144,0.5495568090249798,560,681,1241,0.0,0.000833347222454428,0.5495568090249796,0.0
6014,5.011750195836598,0.5495568090249798,560,681,1241,0.0,0.0008333472224535399,0.5495568090249796,0.0
6015,5.012583543059051,0.5495568090249798,560,681,1241,0.0,0.0008333472224535399,0.5495568090249796,0.0
6016,5.013416890281505,0.5495568090249798,560,681,1241,0.0,0.0008333472224535399,0.5495568090249796,0.0
6017,5.014250237503958,0.5495568090249798,560,681,1241,0.0,0.0008333472224535399,0.5495568090249796,0.0
6018,5.015083584726412,0.5495568090249798,560,681,1241,0.0,0.0008333472224535399,0.5495568090249796,0.0
6019,5.015916931948866,0.5495568090249798,560,681,1241,0.0,0.000833347222454428,0.5495568090249796,0.0
6020,5.01675027917132,0.5495568090249798,560,681,1241,0.0,0.0008333472224535399,0.5495568090249796,0.0
6021,5.017583626393773,0.5495568090249798,560,681,1241,0.0,0.0008333472224535399,0.5495568090249796,0.0
6022,5.018416973616227,0.5495568090249798,560,681,1241,0.0,0.0008333472224535399,0.5495568090249796,0.0
6023,5.0192503208386805,0.5495568090249798,560,681,1241,0.0,0.0008333472224535399,0.5495568090249796,0.0
6024,5.020083668061135,0.5495568090249798,560,681,1241,0.0,0.000833347222454428,0.5495568090249796,0.0
6025,5.0209170152835885,0.5495568090249798,560,681,1241,0.0,0.0008333472224535399,0.5495568090249796,0.0
6026,5.021750362506042,0.5495568090249798,560,681,1241,0.0,0.0008333472224535399,0.5495568090249796,0.0
6027,5.0225837097284955,0.5495568090249798,560,681,1241,0.0,0.0008333472224535399,0.5495568090249796,0.0
6028,5.023417056950949,0.5495568090249798,560,681,1241,0.0,0.0008333472224535399,0.5495568090249796,0.0
6029,5.0242504041734035,0.5495568090249798,560,681,1241,0.0,0.000833347222454428,0.5495568090249796,0.0
6030,5.025083751395857,0.5495568090249798,560,681,1241,0.0,0.0008333472224535399,0.5495568090249796,0.0
6031,5.025917098618311,0.5503626107977437,560,681,1241,0.0008058017727639033,0.0008333472224535399,0.5496373892022559,8.058017727639034e-05
6032,5.026750445840764,0.5503626107977437,560,681,1241,0.0,0.0008333472224535399,0.5497179693795322,8.058017727639034e-05
6033,5.027583793063218,0.5503626107977437,560,681,1241,0.0,0.0008333472224535399,0.5497985495568086,8.058017727639034e-05
6034,5.028417140285671,0.5503626107977437,560,681,1241,0.0,0.0008333472224535399,0.5498791297340849,8.058017727639034e-05
6035,5.029250487508126,0.5503626107977437,560,681,1241,0.0,0.000833347222454428,0.5499597099113613,8.058017727639034e-05
6036,5.030083834730579,0.5503626107977437,560,681,1241,0.0,0.0008333472224535399,0.5500402900886376,8.058017727639034e-05
6037,5.030917181953033,0.5503626107977437,560,681,1241,0.0,0.0008333472224535399,0.5501208702659139,8.058017727639034e-05
6038,5.031750529175486,0.5503626107977437,560,681,1241,0.0,0.0008333472224535399,0.5502014504431904,8.058017727639034e-05
6039,5.03258387639794,0.5503626107977437,560,681,1241,0.0,0.0008333472224535399,0.5502820306204667,8.058017727639034e-05
6040,5.033417223620394,0.5503626107977437,560,681,1241,0.0,0.000833347222454428,0.5503626107977431,8.058017727639034e-05
6041,5.034250570842848,0.5503626107977437,560,681,1241,0.0,0.0008333472224535399,0.5503626107977431,0.0
6042,5.035083918065301,0.5503626107977437,560,681,1241,0.0,0.0008333472224535399,0.5503626107977431,0.0
6043,5.035917265287755,0.5503626107977437,560,681,1241,0.0,0.0008333472224535399,0.5503626107977431,0.0
6044,5.036750612510208,0.5503626107977437,560,681,1241,0.0,0.0008333472224535399,0.5503626107977431,0.0
6045,5.037583959732663,0.5503626107977437,560,681,1241,0.0,0.000833347222454428,0.5503626107977431,0.0
6046,5.038417306955116,0.5503626107977437,560,681,1241,0.0,0.0008333472224535399,0.5503626107977431,0.0
6047,5.03925065417757,0.5503626107977437,560,681,1241,0.0,0.0008333472224535399,0.5503626107977431,0.0
6048,5.040084001400023,0.5495568090249798,560,681,1241,-0.0008058017727639033,0.0008333472224535399,0.5502820306204665,-8.058017727639034e-05
6049,5.040917348622477,0.5495568090249798,560,681,1241,0.0,0.0008333472224535399,0.5502014504431902,-8.058017727639034e-05
6050,5.0417506958449305,0.5495568090249798,560,681,1241,0.0,0.0008333472224535399,0.5501208702659139,-8.058017727639034e-05
6051,5.042584043067385,0.5503626107977437,560,681,1241,0.0008058017727639033,0.000833347222454428,0.5501208702659139,0.0
6052,5.0434173902898385,0.5503626107977437,560,681,1241,0.0,0.0008333472224535399,0.5501208702659139,0.0
6053,5.044250737512292,0.5503626107977437,560,681,1241,0.0,0.0008333472224535399,0.5501208702659139,0.0
6054,5.045084084734746,0.5503626107977437,560,681,1241,0.0,0.0008333472224535399,0.5501208702659139,0.0
6055,5.045917431957199,0.5503626107977437,560,681,1241,0.0,0.0008333472224535399,0.5501208702659139,0.0
6056,5.0467507791796535,0.5503626107977437,560,681,1241,0.0,0.000833347222454428,0.5501208702659139,0.0
6057,5.047584126402107,0.5503626107977437,560,681,1241,0.0,0.0008333472224535399,0.5501208702659139,0.0
6058,5.048417473624561,0.5503626107977437,560,681,1241,0.0,0.0008333472224535399,0.5502014504431904,8.058017727639034e-05
6059,5.049250820847014,0.5503626107977437,560,681,1241,0.0,0.0008333472224535399,0.5502820306204667,8.058017727639034e-05
6060,5.050084168069468,0.5503626107977437,560,681,1241,0.0,0.0008333472224535399,0.5503626107977431,8.058017727639034e-05
6061,5.050917515291922,0.5503626107977437,560,681,1241,0.0,0.000833347222454428,0.5503626107977431,0.0
6062,5.051750862514376,0.5503626107977437,560,681,1241,0.0,0.0008333472224535399,0.5503626107977431,0.0
6063,5.052584209736829,0.5503626107977437,560,681,1241,0.0,0.0008333472224535399,0.5503626107977431,0.0
6064,5.053417556959283,0.5503626107977437,560,681,1241,0.0,0.0008333472224535399,0.5503626107977431,0.0
6065,5.054250904181736,0.5503626107977437,560,681,1241,0.0,0.0008333472224535399,0.5503626107977431,0.0
6066,5.055084251404191,0.5503626107977437,560,681,1241,0.0,0.000833347222454428,0.5503626107977431,0.0
6067,5.055917598626644,0.5503626107977437,560,681,1241,0.0,0.0008333472224535399,0.5503626107977431,0.0
6068,5.056750945849098,0.5503626107977437,560,681,1241,0.0,0.0008333472224535399,0.5503626107977431,0.0
6069,5.057584293071551,0.5503626107977437,560,681,1241,0.0,0.0008333472224535399,0.5503626107977431,0.0
6070,5.058417640294005,0.5503626107977437,560,681,1241,0.0,0.0008333472224535399,0.5503626107977431,0.0
6071,5.059250987516458,0.5503626107977437,560,681,1241,0.0,0.0008333472224535399,0.5503626107977431,0.0
6072,5.060084334738913,0.5503626107977437,560,681,1241,0.0,0.000833347222454428,0.5503626107977431,0.0
6073,5.060917681961366,0.5503626107977437,560,681,1241,0.0,0.0008333472224535399,0.5503626107977431,0.0
6074,5.06175102918382,0.5503626107977437,560,681,1241,0.0,0.0008333472224535399,0.5503626107977431,0.0
6075,5.0625843764062735,0.5503626107977437,560,681,1241,0.0,0.0008333472224535399,0.5503626107977431,0.0
6076,5.063417723628727,0.5503626107977437,560,681,1241,0.0,0.0008333472224535399,0.5503626107977431,0.0
6077,5.064251070851181,0.5503626107977437,560,681,1241,0.0,0.000833347222454428,0.5503626107977431,0.0
6078,5.065084418073635,0.5503626107977437,560,681,1241,0.0,0.0008333472224535399,0.5503626107977431,0.0
6079,5.0659177652960885,0.5503626107977437,560,681,1241,0.0,0.0008333472224535399,0.5503626107977431,0.0
6080,5.066751112518542,0.5503626107977437,560,681,1241,0.0,0.0008333472224535399,0.5503626107977431,0.0
6081,5.067584459740996,0.5503626107977437,560,681,1241,0.0,0.0008333472224535399,0.5503626107977431,0.0
6082,5.06841780696345,0.5503626107977437,560,681,1241,0.0,0.000833347222454428,0.5503626107977431,0.0
6083,5.0692511541859036,0.5503626107977437,560,681,1241,0.0,0.0008333472224535399,0.5503626107977431,0.0
6084,5.070084501408357,0.5503626107977437,560,681,1241,0.0,0.0008333472224535399,0.5503626107977431,0.0
6085,5.070917848630811,0.5503626107977437,560,681,1241,0.0,0.0008333472224535399,0.5503626107977431,0.0
6086,5.071751195853264,0.5503626107977437,560,681,1241,0.0,0.0008333472224535399,0.5503626107977431,0.0
6087,5.072584543075718,0.5503626107977437,560,681,1241,0.0,0.0008333472224535399,0.5503626107977431,0.0
6088,5.073417890298172,0.5503626107977437,560,681,1241,0.0,0.000833347222454428,0.5503626107977431,0.0
6089,5.074251237520626,0.5503626107977437,560,681,1241,0.0,0.0008333472224535399,0.5503626107977431,0.0
6090,5.075084584743079,0.5503626107977437,560,681,1241,0.0,0.0008333472224535399,0.5503626107977431,0.0
6091,5.075917931965533,0.5503626107977437,560,681,1241,0.0,0.0008333472224535399,0.5503626107977431,0.0
6092,5.076751279187986,0.5503626107977437,560,681,1241,0.0,0.0008333472224535399,0.5503626107977431,0.0
6093,5.077584626410441,0.5503626107977437,560,681,1241,0.0,0.000833347222454428,0.5503626107977431,0.0
6094,5.078417973632894,0.5503626107977437,560,681,1241,0.0,0.0008333472224535399,0.5503626107977431,0.0
6095,5.079251320855348,0.5503626107977437,560,681,1241,0.0,0.0008333472224535399,0.5503626107977431,0.0
6096,5.080084668077801,0.5503626107977437,560,681,1241,0.0,0.0008333472224535399,0.5503626107977431,0.0
6097,5.080918015300255,0.5503626107977437,560,681,1241,0.0,0.0008333472224535399,0.5503626107977431,0.0
6098,5.081751362522709,0.5503626107977437,560,681,1241,0.0,0.000833347222454428,0.5503626107977431,0.0
6099,5.082584709745163,0.5503626107977437,560,681,1241,0.0,0.0008333472224535399,0.5503626107977431,0.0
6100,5.083418056967616,0.5503626107977437,560,681,1241,0.0,0.0008333472224535399,0.5503626107977431,0.0
6101,5.08425140419007,0.5503626107977437,560,681,1241,0.0,0.0008333472224535399,0.5503626107977431,0.0
6102,5.0850847514125235,0.5503626107977437,560,681,1241,0.0,0.0008333472224535399,0.5503626107977431,0.0
6103,5.085918098634978,0.5503626107977437,560,681,1241,0.0,0.000833347222454428,0.5503626107977431,0.0
6104,5.086751445857431,0.5503626107977437,560,681,1241,0.0,0.0008333472224535399,0.5503626107977431,0.0
6105,5.087584793079885,0.5503626107977437,560,681,1241,0.0,0.0008333472224535399,0.5503626107977431,0.0
6106,5.0884181403023385,0.5503626107977437,560,681,1241,0.0,0.0008333472224535399,0.5503626107977431,0.0
6107,5.089251487524792,0.5503626107977437,560,681,1241,0.0,0.0008333472224535399,0.5503626107977431,0.0
6108,5.090084834747246,0.5503626107977437,560,681,1241,0.0,0.0008333472224535399,0.5503626107977431,0.0
6109,5.0909181819697,0.5503626107977437,560,681,1241,0.0,0.000833347222454428,0.5503626107977431,0.0
6110,5.091751529192154,0.5503626107977437,560,681,1241,0.0,0.0008333472224535399,0.5503626107977431,0.0
6111,5.092584876414607,0.5503626107977437,560,681,1241,0.0,0.0008333472224535399,0.5503626107977431,0.0
6112,5.093418223637061,0.5503626107977437,560,681,1241,0.0,0.0008333472224535399,0.5503626107977431,0.0
6113,5.094251570859514,0.5503626107977437,560,681,1241,0.0,0.0008333472224535399,0.5503626107977431,0.0
6114,5.095084918081969,0.5503626107977437,560,681,1241,0.0,0.000833347222454428,0.5503626107977431,0.0
6115,5.095918265304422,0.5503626107977437,560,681,1241,0.0,0.0008333472224535399,0.5503626107977431,0.0
6116,5.096751612526876,0.5503626107977437,560,681,1241,0.0,0.0008333472224535399,0.5503626107977431,0.0
6117,5.097584959749329,0.5503626107977437,560,681,1241,0.0,0.0008333472224535399,0.5503626107977431,0.0
6118,5.098418306971783,0.5503626107977437,560,681,1241,0.0,0.0008333472224535399,0.5503626107977431,0.0
6119,5.099251654194237,0.5503626107977437,560,681,1241,0.0,0.000833347222454428,0.5503626107977431,0.0
6120,5.100085001416691,0.5503626107977437,560,681,1241,0.0,0.0008333472224535399,0.5503626107977431,0.0
6121,5.100918348639144,0.5503626107977437,560,681,1241,0.0,0.0008333472224535399,0.5503626107977431,0.0
6122,5.101751695861598,0.5503626107977437,560,681,1241,0.0,0.0008333472224535399,0.5503626107977431,0.0
6123,5.102585043084051,0.5503626107977437,560,681,1241,0.0,0.0008333472224535399,0.5503626107977431,0.0
6124,5.103418390306505,0.5495568090249798,560,681,1241,-0.0008058017727639033,0.0008333472224535399,0.5502820306204665,-8.058017727639034e-05
6125,5.104251737528959,0.5495568090249798,560,681,1241,0.0,0.000833347222454428,0.5502014504431902,-8.058017727639034e-05
6126,5.105085084751413,0.5495568090249798,560,681,1241,0.0,0.0008333472224535399,0.5501208702659139,-8.058017727639034e-05
6127,5.105918431973866,0.5495568090249798,560,681,1241,0.0,0.0008333472224535399,0.5500402900886375,-8.058017727639034e-05
6128,5.10675177919632,0.5495568090249798,560,681,1241,0.0,0.0008333472224535399,0.5499597099113612,-8.058017727639034e-05
6129,5.1075851264187735,0.5495568090249798,560,681,1241,0.0,0.0008333472224535399,0.5498791297340848,-8.058017727639034e-05
6130,5.108418473641228,0.5495568090249798,560,681,1241,0.0,0.000833347222454428,0.5497985495568085,-8.058017727639034e-05
6131,5.1092518208636815,0.5495568090249798,560,681,1241,0.0,0.0008333472224535399,0.5497179693795322,-8.058017727639034e-05
6132,5.110085168086135,0.5495568090249798,560,681,1241,0.0,0.0008333472224535399,0.5496373892022558,-8.058017727639034e-05
6133,5.1109185153085885,0.5495568090249798,560,681,1241,0.0,0.0008333472224535399,0.5495568090249795,-8.058017727639034e-05
6134,5.111751862531042,0.5495568090249798,560,681,1241,0.0,0.0008333472224535399,0.5495568090249796,0.0
6135,5.1125852097534965,0.5495568090249798,560,681,1241,0.0,0.000833347222454428,0.5495568090249796,0.0
6136,5.11341855697595,0.5495568090249798,560,681,1241,0.0,0.0008333472224535399,0.5495568090249796,0.0
6137,5.114251904198404,0.5495568090249798,560,681,1241,0.0,0.0008333472224535399,0.5495568090249796,0.0
6138,5.115085251420857,0.5495568090249798,560,681,1241,0.0,0.0008333472224535399,0.5495568090249796,0.0
6139,5.115918598643311,0.5495568090249798,560,681,1241,0.0,0.0008333472224535399,0.5495568090249796,0.0
6140,5.116751945865764,0.5495568090249798,560,681,1241,0.0,0.0008333472224535399,0.5495568090249796,0.0
6141,5.117585293088219,0.5495568090249798,560,681,1241,0.0,0.000833347222454428,0.5495568090249796,0.0
6142,5.118418640310672,0.5495568090249798,560,681,1241,0.0,0.0008333472224535399,0.5495568090249796,0.0
6143,5.119251987533126,0.5495568090249798,560,681,1241,0.0,0.0008333472224535399,0.5495568090249796,0.0
6144,5.120085334755579,0.5495568090249798,560,681,1241,0.0,0.0008333472224535399,0.5495568090249796,0.0
6145,5.120918681978033,0.5495568090249798,560,681,1241,0.0,0.0008333472224535399,0.5495568090249796,0.0
6146,5.121752029200487,0.5495568090249798,560,681,1241,0.0,0.000833347222454428,0.5495568090249796,0.0
6147,5.122585376422941,0.5495568090249798,560,681,1241,0.0,0.0008333472224535399,0.5495568090249796,0.0
6148,5.123418723645394,0.5495568090249798,560,681,1241,0.0,0.0008333472224535399,0.5495568090249796,0.0
6149,5.124252070867848,0.5495568090249798,560,681,1241,0.0,0.0008333472224535399,0.5495568090249796,0.0
6150,5.125085418090301,0.5495568090249798,560,681,1241,0.0,0.0008333472224535399,0.5495568090249796,0.0
6151,5.125918765312756,0.5495568090249798,560,681,1241,0.0,0.000833347222454428,0.5495568090249796,0.0
6152,5.126752112535209,0.5495568090249798,560,681,1241,0.0,0.0008333472224535399,0.5495568090249796,0.0
6153,5.127585459757663,0.5495568090249798,560,681,1241,0.0,0.0008333472224535399,0.5495568090249796,0.0
6154,5.128418806980116,0.5495568090249798,560,681,1241,0.0,0.0008333472224535399,0.5495568090249796,0.0
6155,5.12925215420257,0.5495568090249798,560,681,1241,0.0,0.0008333472224535399,0.5495568090249796,0.0
6156,5.130085501425024,0.5495568090249798,560,681,1241,0.0,0.000833347222454428,0.5495568090249796,0.0
6157,5.130918848647478,0.5495568090249798,560,681,1241,0.0,0.0008333472224535399,0.5495568090249796,0.0
6158,5.1317521958699315,0.5495568090249798,560,681,1241,0.0,0.0008333472224535399,0.5495568090249796,0.0
6159,5.132585543092385,0.5503626107977437,560,681,1241,0.0008058017727639033,0.0008333472224535399,0.5496373892022559,8.058017727639034e-05
6160,5.133418890314839,0.5503626107977437,560,681,1241,0.0,0.0008333472224535399,0.5497179693795322,8.058017727639034e-05
6161,5.134252237537292,0.5503626107977437,560,681,1241,0.0,0.0008333472224535399,0.5497985495568086,8.058017727639034e-05
6162,5.1350855847597465,0.5503626107977437,560,681,1241,0.0,0.000833347222454428,0.5498791297340849,8.058017727639034e-05
6163,5.1359189319822,0.5503626107977437,560,681,1241,0.0,0.0008333472224535399,0.5499597099113613,8.058017727639034e-05
6164,5.136752279204654,0.5503626107977437,560,681,1241,0.0,0.0008333472224535399,0.5500402900886376,8.058017727639034e-05
6165,5.137585626427107,0.5503626107977437,560,681,1241,0.0,0.0008333472224535399,0.5501208702659139,8.058017727639034e-05
6166,5.138418973649561,0.5503626107977437,560,681,1241,0.0,0.0008333472224535399,0.5502014504431904,8.058017727639034e-05
6167,5.139252320872015,0.5503626107977437,560,681,1241,0.0,0.000833347222454428,0.5502820306204667,8.058017727639034e-05
6168,5.140085668094469,0.5503626107977437,560,681,1241,0.0,0.0008333472224535399,0.5503626107977431,8.058017727639034e-05
6169,5.140919015316922,0.5503626107977437,560,681,1241,0.0,0.0008333472224535399,0.5503626107977431,0.0
6170,5.141752362539376,0.5503626107977437,560,681,1241,0.0,0.0008333472224535399,0.5503626107977431,0.0
6171,5.142585709761829,0.5503626107977437,560,681,1241,0.0,0.0008333472224535399,0.5503626107977431,0.0
6172,5.143419056984284,0.5511684125705076,560,681,1241,0.0008058017727639033,0.000833347222454428,0.5504431909750195,8.058017727639034e-05
6173,5.144252404206737,0.5511684125705076,560,681,1241,0.0,0.0008333472224535399,0.5505237711522958,8.058017727639034e-05
6174,5.145085751429191,0.5511684125705076,560,681,1241,0.0,0.0008333472224535399,0.5506043513295722,8.058017727639034e-05
6175,5.145919098651644,0.5503626107977437,560,681,1241,-0.0008058017727639033,0.0008333472224535399,0.5506043513295722,0.0
6176,5.146752445874098,0.5495568090249798,560,681,1241,-0.0008058017727639033,0.0008333472224535399,0.5505237711522958,-8.058017727639034e-05
6177,5.147585793096551,0.5495568090249798,560,681,1241,0.0,0.0008333472224535399,0.5504431909750195,-8.058017727639034e-05
6178,5.148419140319006,0.5495568090249798,560,681,1241,0.0,0.000833347222454428,0.5503626107977431,-8.058017727639034e-05
6179,5.149252487541459,0.5495568090249798,560,681,1241,0.0,0.0008333472224535399,0.5502820306204668,-8.058017727639034e-05
6180,5.150085834763913,0.5495568090249798,560,681,1241,0.0,0.0008333472224535399,0.5502014504431905,-8.058017727639034e-05
6181,5.1509191819863664,0.5495568090249798,560,681,1241,0.0,0.0008333472224535399,0.550120870265914,-8.058017727639034e-05
6182,5.15175252920882,0.5495568090249798,560,681,1241,0.0,0.0008333472224535399,0.5499597099113613,-0.00016116035455278067
6183,5.152585876431274,0.5495568090249798,560,681,1241,0.0,0.000833347222454428,0.5497985495568084,-0.00016116035455278067
6184,5.153419223653728,0.5495568090249798,560,681,1241,0.0,0.0008333472224535399,0.5496373892022556,-0.00016116035455278067
6185,5.1542525708761815,0.5495568090249798,560,681,1241,0.0,0.0008333472224535399,0.5495568090249792,-8.058017727639034e-05
6186,5.155085918098635,0.5495568090249798,560,681,1241,0.0,0.0008333472224535399,0.5495568090249792,0.0
6187,5.155919265321089,0.5495568090249798,560,681,1241,0.0,0.0008333472224535399,0.5495568090249792,0.0
6188,5.156752612543543,0.5495568090249798,560,681,1241,0.0,0.000833347222454428,0.5495568090249792,0.0
6189,5.1575859597659965,0.5495568090249798,560,681,1241,0.0,0.0008333472224535399,0.5495568090249792,0.0
6190,5.15841930698845,0.5495568090249798,560,681,1241,0.0,0.0008333472224535399,0.5495568090249792,0.0
6191,5.159252654210904,0.5495568090249798,560,681,1241,0.0,0.0008333472224535399,0.5495568090249792,0.0
6192,5.160086001433357,0.5495568090249798,560,681,1241,0.0,0.0008333472224535399,0.5495568090249792,0.0
6193,5.160919348655812,0.5495568090249798,560,681,1241,0.0,0.000833347222454428,0.5495568090249792,0.0
6194,5.161752695878265,0.5495568090249798,560,681,1241,0.0,0.0008333472224535399,0.5495568090249792,0.0
6195,5.162586043100719,0.5495568090249798,560,681,1241,0.0,0.0008333472224535399,0.5495568090249792,0.0
6196,5.163419390323172,0.5495568090249798,560,681,1241,0.0,0.0008333472224535399,0.5495568090249792,0.0
6197,5.164252737545626,0.5495568090249798,560,681,1241,0.0,0.0008333472224535399,0.5495568090249792,0.0
6198,5.165086084768079,0.5495568090249798,560,681,1241,0.0,0.0008333472224535399,0.5495568090249792,0.0
6199,5.165919431990534,0.5495568090249798,560,681,1241,0.0,0.000833347222454428,0.5495568090249792,0.0
6200,5.166752779212987,0.5495568090249798,560,681,1241,0.0,0.0008333472224535399,0.5495568090249792,0.0
6201,5.167586126435441,0.5495568090249798,560,681,1241,0.0,0.0008333472224535399,0.5495568090249792,0.0
6202,5.168419473657894,0.5495568090249798,560,681,1241,0.0,0.0008333472224535399,0.5495568090249792,0.0
6203,5.169252820880348,0.5495568090249798,560,681,1241,0.0,0.0008333472224535399,0.5495568090249792,0.0
6204,5.170086168102802,0.5495568090249798,560,681,1241,0.0,0.000833347222454428,0.5495568090249792,0.0
6205,5.170919515325256,0.5495568090249798,560,681,1241,0.0,0.0008333472224535399,0.5495568090249792,0.0
6206,5.171752862547709,0.5495568090249798,560,681,1241,0.0,0.0008333472224535399,0.5495568090249792,0.0
6207,5.172586209770163,0.5495568090249798,560,681,1241,0.0,0.0008333472224535399,0.5495568090249792,0.0
6208,5.1734195569926165,0.5495568090249798,560,681,1241,0.0,0.0008333472224535399,0.5495568090249792,0.0
6209,5.174252904215071,0.5495568090249798,560,681,1241,0.0,0.000833347222454428,0.5495568090249792,0.0
6210,5.175086251437524,0.5495568090249798,560,681,1241,0.0,0.0008333472224535399,0.5495568090249792,0.0
6211,5.175919598659978,0.5495568090249798,560,681,1241,0.0,0.0008333472224535399,0.5495568090249792,0.0
6212,5.1767529458824315,0.5495568090249798,560,681,1241,0.0,0.0008333472224535399,0.5495568090249792,0.0
6213,5.177586293104885,0.5495568090249798,560,681,1241,0.0,0.0008333472224535399,0.5495568090249792,0.0
6214,5.178419640327339,0.5495568090249798,560,681,1241,0.0,0.0008333472224535399,0.5495568090249792,0.0
6215,5.179252987549793,0.5495568090249798,560,681,1241,0.0,0.000833347222454428,0.5495568090249792,0.0
6216,5.180086334772247,0.5495568090249798,560,681,1241,0.0,0.0008333472224535399,0.5495568090249792,0.0
6217,5.1809196819947,0.5495568090249798,560,681,1241,0.0,0.0008333472224535399,0.5495568090249792,0.0
6218,5.181753029217154,0.5495568090249798,560,681,1241,0.0,0.0008333472224535399,0.5495568090249792,0.0
6219,5.182586376439607,0.5495568090249798,560,681,1241,0.0,0.0008333472224535399,0.5495568090249792,0.0
6220,5.183419723662062,0.5495568090249798,560,681,1241,0.0,0.000833347222454428,0.5495568090249792,0.0
6221,5.184253070884515,0.5495568090249798,560,681,1241,0.0,0.0008333472224535399,0.5495568090249792,0.0
6222,5.185086418106969,0.5495568090249798,560,681,1241,0.0,0.0008333472224535399,0.5495568090249792,0.0
6223,5.185919765329422,0.5495568090249798,560,681,1241,0.0,0.0008333472224535399,0.5495568090249792,0.0
6224,5.186753112551876,0.5495568090249798,560,681,1241,0.0,0.0008333472224535399,0.5495568090249792,0.0
6225,5.18758645977433,0.5495568090249798,560,681,1241,0.0,0.000833347222454428,0.5495568090249792,0.0
6226,5.188419806996784,0.5495568090249798,560,681,1241,0.0,0.0008333472224535399,0.5495568090249792,0.0
6227,5.189253154219237,0.5495568090249798,560,681,1241,0.0,0.0008333472224535399,0.5495568090249792,0.0
6228,5.190086501441691,0.5495568090249798,560,681,1241,0.0,0.0008333472224535399,0.5495568090249792,0.0
6229,5.190919848664144,0.5495568090249798,560,681,1241,0.0,0.0008333472224535399,0.5495568090249792,0.0
6230,5.191753195886598,0.5495568090249798,560,681,1241,0.0,0.0008333472224535399,0.5495568090249792,0.0
6231,5.192586543109052,0.5495568090249798,560,681,1241,0.0,0.000833347222454428,0.5495568090249792,0.0
6232,5.193419890331506,0.5495568090249798,560,681,1241,0.0,0.0008333472224535399,0.5495568090249792,0.0
6233,5.194253237553959,0.5495568090249798,560,681,1241,0.0,0.0008333472224535399,0.5495568090249792,0.0
6234,5.195086584776413,0.5495568090249798,560,681,1241,0.0,0.0008333472224535399,0.5495568090249792,0.0
6235,5.1959199319988665,0.5495568090249798,560,681,1241,0.0,0.0008333472224535399,0.5495568090249792,0.0
6236,5.196753279221321,0.5503626107977437,560,681,1241,0.0008058017727639033,0.000833347222454428,0.5496373892022556,8.058017727639034e-05
6237,5.1975866264437744,0.5503626107977437,560,681,1241,0.0,0.0008333472224535399,0.5497179693795319,8.058017727639034e-05
6238,5.198419973666228,0.5503626107977437,560,681,1241,0.0,0.0008333472224535399,0.5497985495568083,8.058017727639034e-05
6239,5.1992533208886815,0.5503626107977437,560,681,1241,0.0,0.0008333472224535399,0.5498791297340846,8.058017727639034e-05
6240,5.200086668111135,0.5503626107977437,560,681,1241,0.0,0.0008333472224535399,0.5499597099113609,8.058017727639034e-05
6241,5.2009200153335895,0.5503626107977437,560,681,1241,0.0,0.000833347222454428,0.5500402900886373,8.058017727639034e-05
6242,5.201753362556043,0.5503626107977437,560,681,1241,0.0,0.0008333472224535399,0.5501208702659136,8.058017727639034e-05
6243,5.202586709778497,0.5503626107977437,560,681,1241,0.0,0.0008333472224535399,0.55020145044319,8.058017727639034e-05
6244,5.20342005700095,0.5503626107977437,560,681,1241,0.0,0.0008333472224535399,0.5502820306204663,8.058017727639034e-05
6245,5.204253404223404,0.5503626107977437,560,681,1241,0.0,0.0008333472224535399,0.5503626107977426,8.058017727639034e-05
6246,5.205086751445858,0.5503626107977437,560,681,1241,0.0,0.000833347222454428,0.5503626107977426,0.0
6247,5.205920098668312,0.5503626107977437,560,681,1241,0.0,0.0008333472224535399,0.5503626107977426,0.0
6248,5.206753445890765,0.5503626107977437,560,681,1241,0.0,0.0008333472224535399,0.5503626107977426,0.0
6249,5.207586793113219,0.5503626107977437,560,681,1241,0.0,0.0008333472224535399,0.5503626107977426,0.0
6250,5.208420140335672,0.5503626107977437,560,681,1241,0.0,0.0008333472224535399,0.5503626107977426,0.0
6251,5.209253487558126,0.5503626107977437,560,681,1241,0.0,0.0008333472224535399,0.5503626107977426,0.0
6252,5.21008683478058,0.5503626107977437,560,681,1241,0.0,0.000833347222454428,0.5503626107977426,0.0
6253,5.210920182003034,0.5503626107977437,560,681,1241,0.0,0.0008333472224535399,0.5503626107977426,0.0
6254,5.211753529225487,0.5503626107977437,560,681,1241,0.0,0.0008333472224535399,0.5503626107977426,0.0
6255,5.212586876447941,0.5503626107977437,560,681,1241,0.0,0.0008333472224535399,0.5503626107977426,0.0
6256,5.213420223670394,0.5503626107977437,560,681,1241,0.0,0.0008333472224535399,0.5503626107977426,0.0
6257,5.214253570892849,0.5503626107977437,560,681,1241,0.0,0.000833347222454428,0.5503626107977426,0.0
6258,5.215086918115302,0.5503626107977437,560,681,1241,0.0,0.0008333472224535399,0.5503626107977426,0.0
6259,5.215920265337756,0.5503626107977437,560,681,1241,0.0,0.0008333472224535399,0.5503626107977426,0.0
6260,5.216753612560209,0.5503626107977437,560,681,1241,0.0,0.0008333472224535399,0.5503626107977426,0.0
6261,5.217586959782663,0.5503626107977437,560,681,1241,0.0,0.0008333472224535399,0.5503626107977426,0.0
6262,5.218420307005117,0.5511684125705076,560,681,1241,0.0008058017727639033,0.000833347222454428,0.5504431909750191,8.058017727639034e-05
6263,5.219253654227571,0.5511684125705076,560,681,1241,0.0,0.0008333472224535399,0.5505237711522954,8.058017727639034e-05
6264,5.2200870014500245,0.5511684125705076,560,681,1241,0.0,0.0008333472224535399,0.5506043513295718,8.058017727639034e-05
6265,5.220920348672478,0.5511684125705076,560,681,1241,0.0,0.0008333472224535399,0.5506849315068482,8.058017727639034e-05
6266,5.2217536958949315,0.5511684125705076,560,681,1241,0.0,0.0008333472224535399,0.5507655116841245,8.058017727639034e-05
6267,5.222587043117385,0.5511684125705076,560,681,1241,0.0,0.0008333472224535399,0.5508460918614009,8.058017727639034e-05
6268,5.2234203903398395,0.5511684125705076,560,681,1241,0.0,0.000833347222454428,0.5509266720386772,8.058017727639034e-05
6269,5.224253737562293,0.5511684125705076,560,681,1241,0.0,0.0008333472224535399,0.5510072522159535,8.058017727639034e-05
6270,5.225087084784747,0.5511684125705076,560,681,1241,0.0,0.0008333472224535399,0.5510878323932299,8.058017727639034e-05
6271,5.2259204320072,0.5511684125705076,560,681,1241,0.0,0.0008333472224535399,0.5511684125705062,8.058017727639034e-05
6272,5.226753779229654,0.5511684125705076,560,681,1241,0.0,0.0008333472224535399,0.5511684125705061,0.0
6273,5.227587126452108,0.5503626107977437,560,681,1241,-0.0008058017727639033,0.000833347222454428,0.5510878323932298,-8.058017727639034e-05
6274,5.228420473674562,0.5503626107977437,560,681,1241,0.0,0.0008333472224535399,0.5510072522159535,-8.058017727639034e-05
6275,5.229253820897015,0.5503626107977437,560,681,1241,0.0,0.0008333472224535399,0.5509266720386771,-8.058017727639034e-05
6276,5.230087168119469,0.5503626107977437,560,681,1241,0.0,0.0008333472224535399,0.5508460918614008,-8.058017727639034e-05
6277,5.230920515341922,0.5503626107977437,560,681,1241,0.0,0.0008333472224535399,0.5507655116841244,-8.058017727639034e-05
6278,5.231753862564377,0.5503626107977437,560,681,1241,0.0,0.000833347222454428,0.550684931506848,-8.058017727639034e-05
6279,5.23258720978683,0.5503626107977437,560,681,1241,0.0,0.0008333472224535399,0.5506043513295718,-8.058017727639034e-05
6280,5.233420557009284,0.5503626107977437,560,681,1241,0.0,0.0008333472224535399,0.5505237711522953,-8.058017727639034e-05
6281,5.234253904231737,0.5495568090249798,560,681,1241,-0.0008058017727639033,0.0008333472224535399,0.5503626107977425,-0.00016116035455278067
6282,5.235087251454191,0.5495568090249798,560,681,1241,0.0,0.0008333472224535399,0.5502014504431896,-0.00016116035455278067
6283,5.235920598676644,0.5495568090249798,560,681,1241,0.0,0.0008333472224535399,0.5501208702659132,-8.058017727639034e-05
6284,5.236753945899099,0.5495568090249798,560,681,1241,0.0,0.000833347222454428,0.5500402900886369,-8.058017727639034e-05
6285,5.237587293121552,0.5495568090249798,560,681,1241,0.0,0.0008333472224535399,0.5499597099113605,-8.058017727639034e-05
6286,5.238420640344006,0.5495568090249798,560,681,1241,0.0,0.0008333472224535399,0.5498791297340841,-8.058017727639034e-05
6287,5.239253987566459,0.5495568090249798,560,681,1241,0.0,0.0008333472224535399,0.5497985495568078,-8.058017727639034e-05
6288,5.240087334788913,0.5495568090249798,560,681,1241,0.0,0.0008333472224535399,0.5497179693795314,-8.058017727639034e-05
6289,5.240920682011367,0.5495568090249798,560,681,1241,0.0,0.000833347222454428,0.5496373892022551,-8.058017727639034e-05
6290,5.241754029233821,0.5495568090249798,560,681,1241,0.0,0.0008333472224535399,0.5495568090249787,-8.058017727639034e-05
6291,5.2425873764562745,0.5487510072522159,560,681,1241,-0.0008058017727639033,0.0008333472224535399,0.5494762288477023,-8.058017727639034e-05
6292,5.243420723678728,0.5487510072522159,560,681,1241,0.0,0.0008333472224535399,0.549395648670426,-8.058017727639034e-05
6293,5.244254070901182,0.5487510072522159,560,681,1241,0.0,0.0008333472224535399,0.5493150684931496,-8.058017727639034e-05
6294,5.245087418123636,0.5487510072522159,560,681,1241,0.0,0.000833347222454428,0.5492344883158733,-8.058017727639034e-05
6295,5.2459207653460895,0.5487510072522159,560,681,1241,0.0,0.0008333472224535399,0.549153908138597,-8.058017727639034e-05
6296,5.246754112568543,0.5487510072522159,560,681,1241,0.0,0.0008333472224535399,0.5490733279613206,-8.058017727639034e-05
6297,5.247587459790997,0.5487510072522159,560,681,1241,0.0,0.0008333472224535399,0.5489927477840443,-8.058017727639034e-05
6298,5.24842080701345,0.5487510072522159,560,681,1241,0.0,0.0008333472224535399,0.5489121676067679,-8.058017727639034e-05
6299,5.249254154235905,0.5487510072522159,560,681,1241,0.0,0.000833347222454428,0.5488315874294916,-8.058017727639034e-05
6300,5.250087501458358,0.5487510072522159,560,681,1241,0.0,0.0008333472224535399,0.5487510072522153,-8.058017727639034e-05
6301,5.250920848680812,0.5487510072522159,560,681,1241,0.0,0.0008333472224535399,0.5487510072522153,0.0
6302,5.251754195903265,0.5487510072522159,560,681,1241,0.0,0.0008333472224535399,0.5487510072522153,0.0
6303,5.252587543125719,0.5487510072522159,560,681,1241,0.0,0.0008333472224535399,0.5487510072522153,0.0
6304,5.253420890348172,0.5487510072522159,560,681,1241,0.0,0.0008333472224535399,0.5487510072522153,0.0
6305,5.254254237570627,0.5487510072522159,560,681,1241,0.0,0.000833347222454428,0.5487510072522153,0.0
6306,5.25508758479308,0.5487510072522159,560,681,1241,0.0,0.0008333472224535399,0.5487510072522153,0.0
6307,5.255920932015534,0.5487510072522159,560,681,1241,0.0,0.0008333472224535399,0.5487510072522153,0.0
6308,5.256754279237987,0.5487510072522159,560,681,1241,0.0,0.0008333472224535399,0.5487510072522153,0.0
6309,5.257587626460441,0.5487510072522159,560,681,1241,0.0,0.0008333472224535399,0.5487510072522153,0.0
6310,5.258420973682895,0.5487510072522159,560,681,1241,0.0,0.000833347222454428,0.5487510072522153,0.0
6311,5.259254320905349,0.5487510072522159,560,681,1241,0.0,0.0008333472224535399,0.5487510072522153,0.0
6312,5.260087668127802,0.5487510072522159,560,681,1241,0.0,0.0008333472224535399,0.5487510072522153,0.0
6313,5.260921015350256,0.5487510072522159,560,681,1241,0.0,0.0008333472224535399,0.5487510072522153,0.0
6314,5.2617543625727095,0.5487510072522159,560,681,1241,0.0,0.0008333472224535399,0.5487510072522153,0.0
6315,5.262587709795164,0.5487510072522159,560,681,1241,0.0,0.000833347222454428,0.5487510072522153,0.0
6316,5.263421057017617,0.5487510072522159,560,681,1241,0.0,0.0008333472224535399,0.5487510072522153,0.0
6317,5.264254404240071,0.5487510072522159,560,681,1241,0.0,0.0008333472224535399,0.5487510072522153,0.0
6318,5.2650877514625245,0.5487510072522159,560,681,1241,0.0,0.0008333472224535399,0.5487510072522153,0.0
6319,5.265921098684978,0.5487510072522159,560,681,1241,0.0,0.0008333472224535399,0.5487510072522153,0.0
6320,5.266754445907432,0.5487510072522159,560,681,1241,0.0,0.0008333472224535399,0.5487510072522153,0.0
6321,5.267587793129886,0.5487510072522159,560,681,1241,0.0,0.000833347222454428,0.5487510072522153,0.0
6322,5.2684211403523395,0.5487510072522159,560,681,1241,0.0,0.0008333472224535399,0.5487510072522153,0.0
6323,5.269254487574793,0.5487510072522159,560,681,1241,0.0,0.0008333472224535399,0.5487510072522153,0.0
6324,5.270087834797247,0.5487510072522159,560,681,1241,0.0,0.0008333472224535399,0.5487510072522153,0.0
6325,5.2709211820197,0.5487510072522159,560,681,1241,0.0,0.0008333472224535399,0.5487510072522153,0.0
6326,5.271754529242155,0.5487510072522159,560,681,1241,0.0,0.000833347222454428,0.5487510072522153,0.0
6327,5.272587876464608,0.5487510072522159,560,681,1241,0.0,0.0008333472224535399,0.5487510072522153,0.0
6328,5.273421223687062,0.5487510072522159,560,681,1241,0.0,0.0008333472224535399,0.5487510072522153,0.0
6329,5.274254570909515,0.5487510072522159,560,681,1241,0.0,0.0008333472224535399,0.5487510072522153,0.0
6330,5.275087918131969,0.5487510072522159,560,681,1241,0.0,0.0008333472224535399,0.5487510072522153,0.0
6331,5.275921265354423,0.5487510072522159,560,681,1241,0.0,0.000833347222454428,0.5487510072522153,0.0
6332,5.276754612576877,0.5487510072522159,560,681,1241,0.0,0.0008333472224535399,0.5487510072522153,0.0
6333,5.27758795979933,0.5487510072522159,560,681,1241,0.0,0.0008333472224535399,0.5487510072522153,0.0
6334,5.278421307021784,0.5487510072522159,560,681,1241,0.0,0.0008333472224535399,0.5487510072522153,0.0
6335,5.279254654244237,0.5487510072522159,560,681,1241,0.0,0.0008333472224535399,0.5487510072522153,0.0
6336,5.280088001466692,0.5487510072522159,560,681,1241,0.0,0.000833347222454428,0.5487510072522153,0.0
6337,5.280921348689145,0.5487510072522159,560,681,1241,0.0,0.0008333472224535399,0.5487510072522153,0.0
6338,5.281754695911599,0.5487510072522159,560,681,1241,0.0,0.0008333472224535399,0.5487510072522153,0.0
6339,5.282588043134052,0.5487510072522159,560,681,1241,0.0,0.0008333472224535399,0.5487510072522153,0.0
6340,5.283421390356506,0.5487510072522159,560,681,1241,0.0,0.0008333472224535399,0.5487510072522153,0.0
6341,5.2842547375789595,0.5487510072522159,560,681,1241,0.0,0.0008333472224535399,0.5487510072522153,0.0
6342,5.285088084801414,0.5487510072522159,560,681,1241,0.0,0.000833347222454428,0.5487510072522153,0.0
6343,5.285921432023867,0.5487510072522159,560,681,1241,0.0,0.0008333472224535399,0.5487510072522153,0.0
6344,5.286754779246321,0.5487510072522159,560,681,1241,0.0,0.0008333472224535399,0.5487510072522153,0.0
6345,5.2875881264687745,0.5487510072522159,560,681,1241,0.0,0.0008333472224535399,0.5487510072522153,0.0
6346,5.288421473691228,0.5487510072522159,560,681,1241,0.0,0.0008333472224535399,0.5487510072522153,0.0
6347,5.2892548209136825,0.5487510072522159,560,681,1241,0.0,0.000833347222454428,0.5487510072522153,0.0
6348,5.290088168136136,0.5487510072522159,560,681,1241,0.0,0.0008333472224535399,0.5487510072522153,0.0
6349,5.29092151535859,0.5487510072522159,560,681,1241,0.0,0.0008333472224535399,0.5487510072522153,0.0
6350,5.291754862581043,0.5487510072522159,560,681,1241,0.0,0.0008333472224535399,0.5487510072522153,0.0
6351,5.292588209803497,0.5487510072522159,560,681,1241,0.0,0.0008333472224535399,0.5487510072522153,0.0
6352,5.293421557025951,0.5487510072522159,560,681,1241,0.0,0.000833347222454428,0.5487510072522153,0.0
6353,5.294254904248405,0.5487510072522159,560,681,1241,0.0,0.0008333472224535399,0.5487510072522153,0.0
6354,5.295088251470858,0.5487510072522159,560,681,1241,0.0,0.0008333472224535399,0.5487510072522153,0.0
6355,5.295921598693312,0.5487510072522159,560,681,1241,0.0,0.0008333472224535399,0.5487510072522153,0.0
6356,5.296754945915765,0.5487510072522159,560,681,1241,0.0,0.0008333472224535399,0.5487510072522153,0.0
6357,5.297588293138219,0.5487510072522159,560,681,1241,0.0,0.0008333472224535399,0.5487510072522153,0.0
6358,5.298421640360673,0.5487510072522159,560,681,1241,0.0,0.000833347222454428,0.5487510072522153,0.0
6359,5.299254987583127,0.5487510072522159,560,681,1241,0.0,0.0008333472224535399,0.5487510072522153,0.0
6360,5.30008833480558,0.5487510072522159,560,681,1241,0.0,0.0008333472224535399,0.5487510072522153,0.0
6361,5.300921682028034,0.5487510072522159,560,681,1241,0.0,0.0008333472224535399,0.5487510072522153,0.0
6362,5.301755029250487,0.5487510072522159,560,681,1241,0.0,0.0008333472224535399,0.5487510072522153,0.0
6363,5.302588376472942,0.5487510072522159,560,681,1241,0.0,0.000833347222454428,0.5487510072522153,0.0
6364,5.303421723695395,0.5487510072522159,560,681,1241,0.0,0.0008333472224535399,0.5487510072522153,0.0
6365,5.304255070917849,0.5487510072522159,560,681,1241,0.0,0.0008333472224535399,0.5487510072522153,0.0
6366,5.305088418140302,0.5487510072522159,560,681,1241,0.0,0.0008333472224535399,0.5487510072522153,0.0
6367,5.305921765362756,0.5487510072522159,560,681,1241,0.0,0.0008333472224535399,0.5487510072522153,0.0
6368,5.30675511258521,0.5487510072522159,560,681,1241,0.0,0.000833347222454428,0.5487510072522153,0.0
6369,5.307588459807664,0.5487510072522159,560,681,1241,0.0,0.0008333472224535399,0.5487510072522153,0.0
6370,5.3084218070301175,0.5487510072522159,560,681,1241,0.0,0.0008333472224535399,0.5487510072522153,0.0
6371,5.309255154252571,0.5487510072522159,560,681,1241,0.0,0.0008333472224535399,0.5487510072522153,0.0
6372,5.3100885014750245,0.5487510072522159,560,681,1241,0.0,0.0008333472224535399,0.5487510072522153,0.0
6373,5.310921848697478,0.5487510072522159,560,681,1241,0.0,0.0008333472224535399,0.5487510072522153,0.0
6374,5.3117551959199325,0.5487510072522159,560,681,1241,0.0,0.000833347222454428,0.5487510072522153,0.0
6375,5.312588543142386,0.5487510072522159,560,681,1241,0.0,0.0008333472224535399,0.5487510072522153,0.0
6376,5.31342189036484,0.5487510072522159,560,681,1241,0.0,0.0008333472224535399,0.5487510072522153,0.0
6377,5.314255237587293,0.5487510072522159,560,681,1241,0.0,0.0008333472224535399,0.5487510072522153,0.0
6378,5.315088584809747,0.5487510072522159,560,681,1241,0.0,0.0008333472224535399,0.5487510072522153,0.0
6379,5.315921932032201,0.5487510072522159,560,681,1241,0.0,0.000833347222454428,0.5487510072522153,0.0
6380,5.316755279254655,0.5487510072522159,560,681,1241,0.0,0.0008333472224535399,0.5487510072522153,0.0
6381,5.317588626477108,0.5487510072522159,560,681,1241,0.0,0.0008333472224535399,0.5487510072522153,0.0
6382,5.318421973699562,0.5487510072522159,560,681,1241,0.0,0.0008333472224535399,0.5487510072522153,0.0
6383,5.319255320922015,0.5487510072522159,560,681,1241,0.0,0.0008333472224535399,0.5487510072522153,0.0
6384,5.32008866814447,0.5487510072522159,560,681,1241,0.0,0.000833347222454428,0.5487510072522153,0.0
6385,5.320922015366923,0.5487510072522159,560,681,1241,0.0,0.0008333472224535399,0.5487510072522153,0.0
6386,5.321755362589377,0.5487510072522159,560,681,1241,0.0,0.0008333472224535399,0.5487510072522153,0.0
6387,5.32258870981183,0.5487510072522159,560,681,1241,0.0,0.0008333472224535399,0.5487510072522153,0.0
6388,5.323422057034284,0.5487510072522159,560,681,1241,0.0,0.0008333472224535399,0.5487510072522153,0.0
6389,5.324255404256738,0.5487510072522159,560,681,1241,0.0,0.000833347222454428,0.5487510072522153,0.0
6390,5.325088751479192,0.5495568090249798,560,681,1241,0.0008058017727639033,0.0008333472224535399,0.5488315874294916,8.058017727639034e-05
6391,5.325922098701645,0.5495568090249798,560,681,1241,0.0,0.0008333472224535399,0.5489121676067679,8.058017727639034e-05
6392,5.326755445924099,0.5495568090249798,560,681,1241,0.0,0.0008333472224535399,0.5489927477840443,8.058017727639034e-05
6393,5.327588793146552,0.5495568090249798,560,681,1241,0.0,0.0008333472224535399,0.5490733279613206,8.058017727639034e-05
6394,5.328422140369006,0.5495568090249798,560,681,1241,0.0,0.0008333472224535399,0.549153908138597,8.058017727639034e-05
6395,5.32925548759146,0.5495568090249798,560,681,1241,0.0,0.000833347222454428,0.5492344883158733,8.058017727639034e-05
6396,5.330088834813914,0.5495568090249798,560,681,1241,0.0,0.0008333472224535399,0.5493150684931496,8.058017727639034e-05
6397,5.3309221820363675,0.5495568090249798,560,681,1241,0.0,0.0008333472224535399,0.549395648670426,8.058017727639034e-05
6398,5.331755529258821,0.5495568090249798,560,681,1241,0.0,0.0008333472224535399,0.5494762288477023,8.058017727639034e-05
6399,5.3325888764812746,0.5495568090249798,560,681,1241,0.0,0.0008333472224535399,0.5495568090249787,8.058017727639034e-05
6400,5.333422223703729,0.5495568090249798,560,681,1241,0.0,0.000833347222454428,0.5495568090249787,0.0
6401,5.3342555709261825,0.5495568090249798,560,681,1241,0.0,0.0008333472224535399,0.5495568090249787,0.0
6402,5.335088918148636,0.5495568090249798,560,681,1241,0.0,0.0008333472224535399,0.5495568090249787,0.0
6403,5.33592226537109,0.5495568090249798,560,681,1241,0.0,0.0008333472224535399,0.5495568090249787,0.0
6404,5.336755612593543,0.5495568090249798,560,681,1241,0.0,0.0008333472224535399,0.5495568090249787,0.0
6405,5.337588959815998,0.5495568090249798,560,681,1241,0.0,0.000833347222454428,0.5495568090249787,0.0
6406,5.338422307038451,0.5495568090249798,560,681,1241,0.0,0.0008333472224535399,0.5495568090249787,0.0
6407,5.339255654260905,0.5495568090249798,560,681,1241,0.0,0.0008333472224535399,0.5495568090249787,0.0
6408,5.340089001483358,0.5495568090249798,560,681,1241,0.0,0.0008333472224535399,0.5495568090249787,0.0
6409,5.340922348705812,0.5495568090249798,560,681,1241,0.0,0.0008333472224535399,0.5495568090249787,0.0
6410,5.341755695928265,0.5495568090249798,560,681,1241,0.0,0.0008333472224535399,0.5495568090249787,0.0
6411,5.34258904315072,0.5495568090249798,560,681,1241,0.0,0.000833347222454428,0.5495568090249787,0.0
6412,5.343422390373173,0.5495568090249798,560,681,1241,0.0,0.0008333472224535399,0.5495568090249787,0.0
6413,5.344255737595627,0.5495568090249798,560,681,1241,0.0,0.0008333472224535399,0.5495568090249787,0.0
6414,5.34508908481808,0.5495568090249798,560,681,1241,0.0,0.0008333472224535399,0.5495568090249787,0.0
6415,5.345922432040534,0.5495568090249798,560,681,1241,0.0,0.0008333472224535399,0.5495568090249787,0.0
6416,5.346755779262988,0.5495568090249798,560,681,1241,0.0,0.000833347222454428,0.5495568090249787,0.0
6417,5.347589126485442,0.5495568090249798,560,681,1241,0.0,0.0008333472224535399,0.5495568090249787,0.0
6418,5.348422473707895,0.5495568090249798,560,681,1241,0.0,0.0008333472224535399,0.5495568090249787,0.0
6419,5.349255820930349,0.5495568090249798,560,681,1241,0.0,0.0008333472224535399,0.5495568090249787,0.0
6420,5.350089168152802,0.5495568090249798,560,681,1241,0.0,0.0008333472224535399,0.5495568090249787,0.0
6421,5.350922515375257,0.5495568090249798,560,681,1241,0.0,0.000833347222454428,0.5495568090249787,0.0
6422,5.35175586259771,0.5495568090249798,560,681,1241,0.0,0.0008333472224535399,0.5495568090249787,0.0
6423,5.352589209820164,0.5495568090249798,560,681,1241,0.0,0.0008333472224535399,0.5495568090249787,0.0
6424,5.3534225570426175,0.5495568090249798,560,681,1241,0.0,0.0008333472224535399,0.5495568090249787,0.0
6425,5.354255904265071,0.5495568090249798,560,681,1241,0.0,0.0008333472224535399,0.5495568090249787,0.0
6426,5.3550892514875255,0.5495568090249798,560,681,1241,0.0,0.000833347222454428,0.5495568090249787,0.0
6427,5.355922598709979,0.5495568090249798,560,681,1241,0.0,0.0008333472224535399,0.5495568090249787,0.0
6428,5.3567559459324325,0.5495568090249798,560,681,1241,0.0,0.0008333472224535399,0.5495568090249787,0.0
6429,5.357589293154886,0.5495568090249798,560,681,1241,0.0,0.0008333472224535399,0.5495568090249787,0.0
6430,5.35842264037734,0.5495568090249798,560,681,1241,0.0,0.0008333472224535399,0.5495568090249787,0.0
6431,5.359255987599793,0.5495568090249798,560,681,1241,0.0,0.0008333472224535399,0.5495568090249787,0.0
6432,5.360089334822248,0.5495568090249798,560,681,1241,0.0,0.000833347222454428,0.5495568090249787,0.0
6433,5.360922682044701,0.5495568090249798,560,681,1241,0.0,0.0008333472224535399,0.5495568090249787,0.0
6434,5.361756029267155,0.5495568090249798,560,681,1241,0.0,0.0008333472224535399,0.5495568090249787,0.0
6435,5.362589376489608,0.5495568090249798,560,681,1241,0.0,0.0008333472224535399,0.5495568090249787,0.0
6436,5.363422723712062,0.5495568090249798,560,681,1241,0.0,0.0008333472224535399,0.5495568090249787,0.0
6437,5.364256070934516,0.5495568090249798,560,681,1241,0.0,0.000833347222454428,0.5495568090249787,0.0
6438,5.36508941815697,0.5495568090249798,560,681,1241,0.0,0.0008333472224535399,0.5495568090249787,0.0
6439,5.365922765379423,0.5495568090249798,560,681,1241,0.0,0.0008333472224535399,0.5495568090249787,0.0
6440,5.366756112601877,0.5495568090249798,560,681,1241,0.0,0.0008333472224535399,0.5495568090249787,0.0
6441,5.36758945982433,0.5495568090249798,560,681,1241,0.0,0.0008333472224535399,0.5495568090249787,0.0
6442,5.368422807046785,0.5495568090249798,560,681,1241,0.0,0.000833347222454428,0.5495568090249787,0.0
6443,5.369256154269238,0.5495568090249798,560,681,1241,0.0,0.0008333472224535399,0.5495568090249787,0.0
6444,5.370089501491692,0.5495568090249798,560,681,1241,0.0,0.0008333472224535399,0.5495568090249787,0.0
6445,5.370922848714145,0.5495568090249798,560,681,1241,0.0,0.0008333472224535399,0.5495568090249787,0.0
6446,5.371756195936599,0.5495568090249798,560,681,1241,0.0,0.0008333472224535399,0.5495568090249787,0.0
6447,5.3725895431590525,0.5495568090249798,560,681,1241,0.0,0.0008333472224535399,0.5495568090249787,0.0
6448,5.373422890381507,0.5495568090249798,560,681,1241,0.0,0.000833347222454428,0.5495568090249787,0.0
6449,5.37425623760396,0.5495568090249798,560,681,1241,0.0,0.0008333472224535399,0.5495568090249787,0.0
6450,5.375089584826414,0.5495568090249798,560,681,1241,0.0,0.0008333472224535399,0.5495568090249787,0.0
6451,5.3759229320488675,0.5495568090249798,560,681,1241,0.0,0.0008333472224535399,0.5495568090249787,0.0
6452,5.376756279271321,0.5495568090249798,560,681,1241,0.0,0.0008333472224535399,0.5495568090249787,0.0
6453,5.3775896264937755,0.5495568090249798,560,681,1241,0.0,0.000833347222454428,0.5495568090249787,0.0
6454,5.378422973716229,0.5495568090249798,560,681,1241,0.0,0.0008333472224535399,0.5495568090249787,0.0
6455,5.379256320938683,0.5495568090249798,560,681,1241,0.0,0.0008333472224535399,0.5495568090249787,0.0
6456,5.380089668161136,0.5495568090249798,560,681,1241,0.0,0.0008333472224535399,0.5495568090249787,0.0
6457,5.38092301538359,0.5495568090249798,560,681,1241,0.0,0.0008333472224535399,0.5495568090249787,0.0
6458,5.381756362606044,0.5487510072522159,560,681,1241,-0.0008058017727639033,0.000833347222454428,0.5494762288477023,-8.058017727639034e-05
6459,5.382589709828498,0.5487510072522159,560,681,1241,0.0,0.0008333472224535399,0.549395648670426,-8.058017727639034e-05
6460,5.383423057050951,0.5487510072522159,560,681,1241,0.0,0.0008333472224535399,0.5493150684931496,-8.058017727639034e-05
6461,5.384256404273405,0.5487510072522159,560,681,1241,0.0,0.0008333472224535399,0.5492344883158733,-8.058017727639034e-05
6462,5.385089751495858,0.5487510072522159,560,681,1241,0.0,0.0008333472224535399,0.549153908138597,-8.058017727639034e-05
6463,5.385923098718312,0.5487510072522159,560,681,1241,0.0,0.0008333472224535399,0.5490733279613206,-8.058017727639034e-05
6464,5.386756445940766,0.5487510072522159,560,681,1241,0.0,0.000833347222454428,0.5489927477840443,-8.058017727639034e-05
6465,5.38758979316322,0.5487510072522159,560,681,1241,0.0,0.0008333472224535399,0.5489121676067679,-8.058017727639034e-05
6466,5.388423140385673,0.5487510072522159,560,681,1241,0.0,0.0008333472224535399,0.5488315874294916,-8.058017727639034e-05
6467,5.389256487608127,0.5487510072522159,560,681,1241,0.0,0.0008333472224535399,0.5487510072522153,-8.058017727639034e-05
6468,5.39008983483058,0.5487510072522159,560,681,1241,0.0,0.0008333472224535399,0.5487510072522153,0.0
6469,5.390923182053035,0.5487510072522159,560,681,1241,0.0,0.000833347222454428,0.5487510072522153,0.0
6470,5.391756529275488,0.5487510072522159,560,681,1241,0.0,0.0008333472224535399,0.5487510072522153,0.0
6471,5.392589876497942,0.5487510072522159,560,681,1241,0.0,0.0008333472224535399,0.5487510072522153,0.0
6472,5.393423223720395,0.5487510072522159,560,681,1241,0.0,0.0008333472224535399,0.5487510072522153,0.0
6473,5.394256570942849,0.5487510072522159,560,681,1241,0.0,0.0008333472224535399,0.5487510072522153,0.0
6474,5.395089918165303,0.5487510072522159,560,681,1241,0.0,0.000833347222454428,0.5487510072522153,0.0
6475,5.395923265387757,0.5487510072522159,560,681,1241,0.0,0.0008333472224535399,0.5487510072522153,0.0
6476,5.3967566126102104,0.5495568090249798,560,681,1241,0.0008058017727639033,0.0008333472224535399,0.5488315874294916,8.058017727639034e-05
6477,5.397589959832664,0.5495568090249798,560,681,1241,0.0,0.0008333472224535399,0.5489121676067679,8.058017727639034e-05
6478,5.3984233070551175,0.5495568090249798,560,681,1241,0.0,0.0008333472224535399,0.5489927477840443,8.058017727639034e-05
6479,5.399256654277572,0.5495568090249798,560,681,1241,0.0,0.000833347222454428,0.5490733279613206,8.058017727639034e-05
6480,5.4000900015000255,0.5495568090249798,560,681,1241,0.0,0.0008333472224535399,0.549153908138597,8.058017727639034e-05
6481,5.400923348722479,0.5495568090249798,560,681,1241,0.0,0.0008333472224535399,0.5492344883158733,8.058017727639034e-05
6482,5.401756695944933,0.5495568090249798,560,681,1241,0.0,0.0008333472224535399,0.5493150684931496,8.058017727639034e-05
6483,5.402590043167386,0.5495568090249798,560,681,1241,0.0,0.0008333472224535399,0.549395648670426,8.058017727639034e-05
6484,5.40342339038984,0.5495568090249798,560,681,1241,0.0,0.0008333472224535399,0.5494762288477023,8.058017727639034e-05
6485,5.404256737612294,0.5495568090249798,560,681,1241,0.0,0.000833347222454428,0.5495568090249787,8.058017727639034e-05
6486,5.405090084834748,0.5495568090249798,560,681,1241,0.0,0.0008333472224535399,0.5495568090249787,0.0
6487,5.405923432057201,0.5487510072522159,560,681,1241,-0.0008058017727639033,0.0008333472224535399,0.5494762288477023,-8.058017727639034e-05
6488,5.406756779279655,0.5487510072522159,560,681,1241,0.0,0.0008333472224535399,0.549395648670426,-8.058017727639034e-05
6489,5.407590126502108,0.5487510072522159,560,681,1241,0.0,0.0008333472224535399,0.5493150684931496,-8.058017727639034e-05
6490,5.408423473724563,0.5487510072522159,560,681,1241,0.0,0.000833347222454428,0.5492344883158733,-8.058017727639034e-05
6491,5.409256820947016,0.5487510072522159,560,681,1241,0.0,0.0008333472224535399,0.549153908138597,-8.058017727639034e-05
6492,5.41009016816947,0.5487510072522159,560,681,1241,0.0,0.0008333472224535399,0.5490733279613206,-8.058017727639034e-05
6493,5.410923515391923,0.5487510072522159,560,681,1241,0.0,0.0008333472224535399,0.5489927477840443,-8.058017727639034e-05
6494,5.411756862614377,0.5487510072522159,560,681,1241,0.0,0.0008333472224535399,0.5489121676067679,-8.058017727639034e-05
6495,5.412590209836831,0.5487510072522159,560,681,1241,0.0,0.000833347222454428,0.5488315874294916,-8.058017727639034e-05
6496,5.413423557059285,0.5487510072522159,560,681,1241,0.0,0.0008333472224535399,0.5487510072522153,-8.058017727639034e-05
6497,5.414256904281738,0.5487510072522159,560,681,1241,0.0,0.0008333472224535399,0.5487510072522153,0.0
6498,5.415090251504192,0.5487510072522159,560,681,1241,0.0,0.0008333472224535399,0.5487510072522153,0.0
6499,5.415923598726645,0.5487510072522159,560,681,1241,0.0,0.0008333472224535399,0.5487510072522153,0.0
6500,5.416756945949099,0.5487510072522159,560,681,1241,0.0,0.0008333472224535399,0.5487510072522153,0.0
6501,5.417590293171553,0.5487510072522159,560,681,1241,0.0,0.000833347222454428,0.5487510072522153,0.0
6502,5.418423640394007,0.5487510072522159,560,681,1241,0.0,0.0008333472224535399,0.5487510072522153,0.0
6503,5.4192569876164605,0.5487510072522159,560,681,1241,0.0,0.0008333472224535399,0.5487510072522153,0.0
6504,5.420090334838914,0.5487510072522159,560,681,1241,0.0,0.0008333472224535399,0.5487510072522153,0.0
6505,5.4209236820613675,0.5487510072522159,560,681,1241,0.0,0.0008333472224535399,0.5487510072522153,0.0
6506,5.421757029283822,0.5487510072522159,560,681,1241,0.0,0.000833347222454428,0.5487510072522153,0.0
6507,5.4225903765062755,0.5487510072522159,560,681,1241,0.0,0.0008333472224535399,0.5487510072522153,0.0
6508,5.423423723728729,0.5487510072522159,560,681,1241,0.0,0.0008333472224535399,0.5487510072522153,0.0
6509,5.424257070951183,0.5487510072522159,560,681,1241,0.0,0.0008333472224535399,0.5487510072522153,0.0
6510,5.425090418173636,0.5487510072522159,560,681,1241,0.0,0.0008333472224535399,0.5487510072522153,0.0
6511,5.425923765396091,0.5487510072522159,560,681,1241,0.0,0.000833347222454428,0.5487510072522153,0.0
6512,5.426757112618544,0.5487510072522159,560,681,1241,0.0,0.0008333472224535399,0.5487510072522153,0.0
6513,5.427590459840998,0.5487510072522159,560,681,1241,0.0,0.0008333472224535399,0.5487510072522153,0.0
6514,5.428423807063451,0.5487510072522159,560,681,1241,0.0,0.0008333472224535399,0.5487510072522153,0.0
6515,5.429257154285905,0.5487510072522159,560,681,1241,0.0,0.0008333472224535399,0.5487510072522153,0.0
6516,5.430090501508358,0.5487510072522159,560,681,1241,0.0,0.0008333472224535399,0.5487510072522153,0.0
6517,5.430923848730813,0.5487510072522159,560,681,1241,0.0,0.000833347222454428,0.5487510072522153,0.0
6518,5.431757195953266,0.5487510072522159,560,681,1241,0.0,0.0008333472224535399,0.5487510072522153,0.0
6519,5.43259054317572,0.5487510072522159,560,681,1241,0.0,0.0008333472224535399,0.5487510072522153,0.0
6520,5.433423890398173,0.5487510072522159,560,681,1241,0.0,0.0008333472224535399,0.5487510072522153,0.0
6521,5.434257237620627,0.5495568090249798,560,681,1241,0.0008058017727639033,0.0008333472224535399,0.5488315874294916,8.058017727639034e-05
6522,5.435090584843081,0.5495568090249798,560,681,1241,0.0,0.000833347222454428,0.5489121676067679,8.058017727639034e-05
6523,5.435923932065535,0.5495568090249798,560,681,1241,0.0,0.0008333472224535399,0.5489927477840443,8.058017727639034e-05
6524,5.436757279287988,0.5495568090249798,560,681,1241,0.0,0.0008333472224535399,0.5490733279613206,8.058017727639034e-05
6525,5.437590626510442,0.5495568090249798,560,681,1241,0.0,0.0008333472224535399,0.549153908138597,8.058017727639034e-05
6526,5.438423973732895,0.5495568090249798,560,681,1241,0.0,0.0008333472224535399,0.5492344883158733,8.058017727639034e-05
6527,5.43925732095535,0.5495568090249798,560,681,1241,0.0,0.000833347222454428,0.5493150684931496,8.058017727639034e-05
6528,5.440090668177803,0.5495568090249798,560,681,1241,0.0,0.0008333472224535399,0.549395648670426,8.058017727639034e-05
6529,5.440924015400257,0.5495568090249798,560,681,1241,0.0,0.0008333472224535399,0.5494762288477023,8.058017727639034e-05
6530,5.4417573626227105,0.5495568090249798,560,681,1241,0.0,0.0008333472224535399,0.5495568090249787,8.058017727639034e-05
6531,5.442590709845164,0.5495568090249798,560,681,1241,0.0,0.0008333472224535399,0.5495568090249787,0.0
6532,5.4434240570676184,0.5495568090249798,560,681,1241,0.0,0.000833347222454428,0.5495568090249787,0.0
6533,5.444257404290072,0.5495568090249798,560,681,1241,0.0,0.0008333472224535399,0.5495568090249787,0.0
6534,5.4450907515125255,0.5495568090249798,560,681,1241,0.0,0.0008333472224535399,0.5495568090249787,0.0
6535,5.445924098734979,0.5495568090249798,560,681,1241,0.0,0.0008333472224535399,0.5495568090249787,0.0
6536,5.446757445957433,0.5495568090249798,560,681,1241,0.0,0.0008333472224535399,0.5495568090249787,0.0
6537,5.447590793179886,0.5487510072522159,560,681,1241,-0.0008058017727639033,0.0008333472224535399,0.5494762288477023,-8.058017727639034e-05
6538,5.448424140402341,0.5487510072522159,560,681,1241,0.0,0.000833347222454428,0.549395648670426,-8.058017727639034e-05
6539,5.449257487624794,0.5487510072522159,560,681,1241,0.0,0.0008333472224535399,0.5493150684931496,-8.058017727639034e-05
6540,5.450090834847248,0.5487510072522159,560,681,1241,0.0,0.0008333472224535399,0.5492344883158733,-8.058017727639034e-05
6541,5.450924182069701,0.5487510072522159,560,681,1241,0.0,0.0008333472224535399,0.549153908138597,-8.058017727639034e-05
6542,5.451757529292155,0.5487510072522159,560,681,1241,0.0,0.0008333472224535399,0.5490733279613206,-8.058017727639034e-05
6543,5.452590876514609,0.5487510072522159,560,681,1241,0.0,0.000833347222454428,0.5489927477840443,-8.058017727639034e-05
6544,5.453424223737063,0.5487510072522159,560,681,1241,0.0,0.0008333472224535399,0.5489121676067679,-8.058017727639034e-05
6545,5.454257570959516,0.5487510072522159,560,681,1241,0.0,0.0008333472224535399,0.5488315874294916,-8.058017727639034e-05
6546,5.45509091818197,0.5487510072522159,560,681,1241,0.0,0.0008333472224535399,0.5487510072522153,-8.058017727639034e-05
6547,5.455924265404423,0.5487510072522159,560,681,1241,0.0,0.0008333472224535399,0.5487510072522153,0.0
6548,5.456757612626878,0.5487510072522159,560,681,1241,0.0,0.000833347222454428,0.5487510072522153,0.0
6549,5.457590959849331,0.5487510072522159,560,681,1241,0.0,0.0008333472224535399,0.5487510072522153,0.0
6550,5.458424307071785,0.5487510072522159,560,681,1241,0.0,0.0008333472224535399,0.5487510072522153,0.0
6551,5.459257654294238,0.5487510072522159,560,681,1241,0.0,0.0008333472224535399,0.5487510072522153,0.0
6552,5.460091001516692,0.5487510072522159,560,681,1241,0.0,0.0008333472224535399,0.5487510072522153,0.0
6553,5.4609243487391455,0.5487510072522159,560,681,1241,0.0,0.0008333472224535399,0.5487510072522153,0.0
6554,5.4617576959616,0.5487510072522159,560,681,1241,0.0,0.000833347222454428,0.5487510072522153,0.0
6555,5.462591043184053,0.5487510072522159,560,681,1241,0.0,0.0008333472224535399,0.5487510072522153,0.0
6556,5.463424390406507,0.5487510072522159,560,681,1241,0.0,0.0008333472224535399,0.5487510072522153,0.0
6557,5.4642577376289605,0.5487510072522159,560,681,1241,0.0,0.0008333472224535399,0.5487510072522153,0.0
6558,5.465091084851414,0.5487510072522159,560,681,1241,0.0,0.0008333472224535399,0.5487510072522153,0.0
6559,5.4659244320738685,0.5487510072522159,560,681,1241,0.0,0.000833347222454428,0.5487510072522153,0.0
6560,5.466757779296322,0.5487510072522159,560,681,1241,0.0,0.0008333472224535399,0.5487510072522153,0.0
6561,5.4675911265187755,0.5487510072522159,560,681,1241,0.0,0.0008333472224535399,0.5487510072522153,0.0
6562,5.468424473741229,0.5487510072522159,560,681,1241,0.0,0.0008333472224535399,0.5487510072522153,0.0
6563,5.469257820963683,0.5487510072522159,560,681,1241,0.0,0.0008333472224535399,0.5487510072522153,0.0
6564,5.470091168186137,0.5487510072522159,560,681,1241,0.0,0.000833347222454428,0.5487510072522153,0.0
6565,5.470924515408591,0.5487510072522159,560,681,1241,0.0,0.0008333472224535399,0.5487510072522153,0.0
6566,5.471757862631044,0.5487510072522159,560,681,1241,0.0,0.0008333472224535399,0.5487510072522153,0.0
6567,5.472591209853498,0.5487510072522159,560,681,1241,0.0,0.0008333472224535399,0.5487510072522153,0.0
6568,5.473424557075951,0.5487510072522159,560,681,1241,0.0,0.0008333472224535399,0.5487510072522153,0.0
6569,5.474257904298406,0.5487510072522159,560,681,1241,0.0,0.000833347222454428,0.5487510072522153,0.0
6570,5.475091251520859,0.5487510072522159,560,681,1241,0.0,0.0008333472224535399,0.5487510072522153,0.0
6571,5.475924598743313,0.5487510072522159,560,681,1241,0.0,0.0008333472224535399,0.5487510072522153,0.0
6572,5.476757945965766,0.5487510072522159,560,681,1241,0.0,0.0008333472224535399,0.5487510072522153,0.0
6573,5.47759129318822,0.5487510072522159,560,681,1241,0.0,0.0008333472224535399,0.5487510072522153,0.0
6574,5.478424640410673,0.5487510072522159,560,681,1241,0.0,0.0008333472224535399,0.5487510072522153,0.0
6575,5.479257987633128,0.5487510072522159,560,681,1241,0.0,0.000833347222454428,0.5487510072522153,0.0
6576,5.480091334855581,0.5487510072522159,560,681,1241,0.0,0.0008333472224535399,0.5487510072522153,0.0
6577,5.480924682078035,0.5487510072522159,560,681,1241,0.0,0.0008333472224535399,0.5487510072522153,0.0
6578,5.481758029300488,0.5487510072522159,560,681,1241,0.0,0.0008333472224535399,0.5487510072522153,0.0
6579,5.482591376522942,0.5487510072522159,560,681,1241,0.0,0.0008333472224535399,0.5487510072522153,0.0
6580,5.483424723745396,0.5495568090249798,560,681,1241,0.0008058017727639033,0.000833347222454428,0.5488315874294916,8.058017727639034e-05
6581,5.48425807096785,0.5495568090249798,560,681,1241,0.0,0.0008333472224535399,0.5489121676067679,8.058017727639034e-05
6582,5.485091418190303,0.5495568090249798,560,681,1241,0.0,0.0008333472224535399,0.5489927477840443,8.058017727639034e-05
6583,5.485924765412757,0.5495568090249798,560,681,1241,0.0,0.0008333472224535399,0.5490733279613206,8.058017727639034e-05
6584,5.4867581126352105,0.5495568090249798,560,681,1241,0.0,0.0008333472224535399,0.549153908138597,8.058017727639034e-05
6585,5.487591459857665,0.5495568090249798,560,681,1241,0.0,0.000833347222454428,0.5492344883158733,8.058017727639034e-05
6586,5.4884248070801185,0.5495568090249798,560,681,1241,0.0,0.0008333472224535399,0.5493150684931496,8.058017727639034e-05
6587,5.489258154302572,0.5495568090249798,560,681,1241,0.0,0.0008333472224535399,0.549395648670426,8.058017727639034e-05
6588,5.490091501525026,0.5495568090249798,560,681,1241,0.0,0.0008333472224535399,0.5494762288477023,8.058017727639034e-05
6589,5.490924848747479,0.5495568090249798,560,681,1241,0.0,0.0008333472224535399,0.5495568090249787,8.058017727639034e-05
6590,5.491758195969933,0.5495568090249798,560,681,1241,0.0,0.0008333472224535399,0.5495568090249787,0.0
6591,5.492591543192387,0.5495568090249798,560,681,1241,0.0,0.000833347222454428,0.5495568090249787,0.0
6592,5.493424890414841,0.5495568090249798,560,681,1241,0.0,0.0008333472224535399,0.5495568090249787,0.0
6593,5.494258237637294,0.5495568090249798,560,681,1241,0.0,0.0008333472224535399,0.5495568090249787,0.0
6594,5.495091584859748,0.5495568090249798,560,681,1241,0.0,0.0008333472224535399,0.5495568090249787,0.0
6595,5.495924932082201,0.5495568090249798,560,681,1241,0.0,0.0008333472224535399,0.5495568090249787,0.0
6596,5.496758279304656,0.5495568090249798,560,681,1241,0.0,0.000833347222454428,0.5495568090249787,0.0
6597,5.497591626527109,0.5495568090249798,560,681,1241,0.0,0.0008333472224535399,0.5495568090249787,0.0
6598,5.498424973749563,0.5495568090249798,560,681,1241,0.0,0.0008333472224535399,0.5495568090249787,0.0
6599,5.499258320972016,0.5495568090249798,560,681,1241,0.0,0.0008333472224535399,0.5495568090249787,0.0
6600,5.50009166819447,0.5495568090249798,560,681,1241,0.0,0.0008333472224535399,0.5495568090249787,0.0
6601,5.500925015416924,0.5495568090249798,560,681,1241,0.0,0.000833347222454428,0.5495568090249787,0.0
6602,5.501758362639378,0.5495568090249798,560,681,1241,0.0,0.0008333472224535399,0.5495568090249787,0.0
6603,5.502591709861831,0.5495568090249798,560,681,1241,0.0,0.0008333472224535399,0.5495568090249787,0.0
6604,5.503425057084285,0.5495568090249798,560,681,1241,0.0,0.0008333472224535399,0.5495568090249787,0.0
6605,5.504258404306738,0.5495568090249798,560,681,1241,0.0,0.0008333472224535399,0.5495568090249787,0.0
6606,5.505091751529192,0.5495568090249798,560,681,1241,0.0,0.0008333472224535399,0.5495568090249787,0.0
6607,5.505925098751646,0.5495568090249798,560,681,1241,0.0,0.000833347222454428,0.5495568090249787,0.0
6608,5.5067584459741,0.5495568090249798,560,681,1241,0.0,0.0008333472224535399,0.5495568090249787,0.0
6609,5.5075917931965535,0.5495568090249798,560,681,1241,0.0,0.0008333472224535399,0.5495568090249787,0.0
6610,5.508425140419007,0.5495568090249798,560,681,1241,0.0,0.0008333472224535399,0.5495568090249787,0.0
6611,5.5092584876414605,0.5487510072522159,560,681,1241,-0.0008058017727639033,0.0008333472224535399,0.5494762288477023,-8.058017727639034e-05
6612,5.510091834863915,0.5487510072522159,560,681,1241,0.0,0.000833347222454428,0.549395648670426,-8.058017727639034e-05
6613,5.5109251820863685,0.5487510072522159,560,681,1241,0.0,0.0008333472224535399,0.5493150684931496,-8.058017727639034e-05
6614,5.511758529308822,0.5487510072522159,560,681,1241,0.0,0.0008333472224535399,0.5492344883158733,-8.058017727639034e-05
6615,5.512591876531276,0.5487510072522159,560,681,1241,0.0,0.0008333472224535399,0.549153908138597,-8.058017727639034e-05
6616,5.513425223753729,0.5487510072522159,560,681,1241,0.0,0.0008333472224535399,0.5490733279613206,-8.058017727639034e-05
6617,5.5142585709761835,0.5487510072522159,560,681,1241,0.0,0.000833347222454428,0.5489927477840443,-8.058017727639034e-05
6618,5.515091918198637,0.5487510072522159,560,681,1241,0.0,0.0008333472224535399,0.5489121676067679,-8.058017727639034e-05
6619,5.515925265421091,0.5487510072522159,560,681,1241,0.0,0.0008333472224535399,0.5488315874294916,-8.058017727639034e-05
6620,5.516758612643544,0.5487510072522159,560,681,1241,0.0,0.0008333472224535399,0.5487510072522153,-8.058017727639034e-05
6621,5.517591959865998,0.5487510072522159,560,681,1241,0.0,0.0008333472224535399,0.5487510072522153,0.0
6622,5.518425307088452,0.5487510072522159,560,681,1241,0.0,0.000833347222454428,0.5487510072522153,0.0
6623,5.519258654310906,0.5487510072522159,560,681,1241,0.0,0.0008333472224535399,0.5487510072522153,0.0
6624,5.520092001533359,0.5487510072522159,560,681,1241,0.0,0.0008333472224535399,0.5487510072522153,0.0
6625,5.520925348755813,0.5487510072522159,560,681,1241,0.0,0.0008333472224535399,0.5487510072522153,0.0
6626,5.521758695978266,0.5487510072522159,560,681,1241,0.0,0.0008333472224535399,0.5487510072522153,0.0
6627,5.52259204320072,0.5487510072522159,560,681,1241,0.0,0.0008333472224535399,0.5487510072522153,0.0
6628,5.523425390423174,0.5487510072522159,560,681,1241,0.0,0.000833347222454428,0.5487510072522153,0.0
6629,5.524258737645628,0.5487510072522159,560,681,1241,0.0,0.0008333472224535399,0.5487510072522153,0.0
6630,5.525092084868081,0.5487510072522159,560,681,1241,0.0,0.0008333472224535399,0.5487510072522153,0.0
6631,5.525925432090535,0.5487510072522159,560,681,1241,0.0,0.0008333472224535399,0.5487510072522153,0.0
6632,5.526758779312988,0.5487510072522159,560,681,1241,0.0,0.0008333472224535399,0.5487510072522153,0.0
6633,5.527592126535443,0.5487510072522159,560,681,1241,0.0,0.000833347222454428,0.5487510072522153,0.0
6634,5.528425473757896,0.5487510072522159,560,681,1241,0.0,0.0008333472224535399,0.5487510072522153,0.0
6635,5.52925882098035,0.5487510072522159,560,681,1241,0.0,0.0008333472224535399,0.5487510072522153,0.0
6636,5.5300921682028035,0.5487510072522159,560,681,1241,0.0,0.0008333472224535399,0.5487510072522153,0.0
6637,5.530925515425257,0.5487510072522159,560,681,1241,0.0,0.0008333472224535399,0.5487510072522153,0.0
6638,5.531758862647711,0.5487510072522159,560,681,1241,0.0,0.000833347222454428,0.5487510072522153,0.0
6639,5.532592209870165,0.5487510072522159,560,681,1241,0.0,0.0008333472224535399,0.5487510072522153,0.0
6640,5.5334255570926185,0.5487510072522159,560,681,1241,0.0,0.0008333472224535399,0.5487510072522153,0.0
6641,5.534258904315072,0.5487510072522159,560,681,1241,0.0,0.0008333472224535399,0.5487510072522153,0.0
6642,5.535092251537526,0.5487510072522159,560,681,1241,0.0,0.0008333472224535399,0.5487510072522153,0.0
6643,5.535925598759979,0.5487510072522159,560,681,1241,0.0,0.0008333472224535399,0.5487510072522153,0.0
6644,5.536758945982434,0.5487510072522159,560,681,1241,0.0,0.000833347222454428,0.5487510072522153,0.0
6645,5.537592293204887,0.5487510072522159,560,681,1241,0.0,0.0008333472224535399,0.5487510072522153,0.0
6646,5.538425640427341,0.5487510072522159,560,681,1241,0.0,0.0008333472224535399,0.5487510072522153,0.0
6647,5.539258987649794,0.5487510072522159,560,681,1241,0.0,0.0008333472224535399,0.5487510072522153,0.0
6648,5.540092334872248,0.5487510072522159,560,681,1241,0.0,0.0008333472224535399,0.5487510072522153,0.0
6649,5.540925682094702,0.5487510072522159,560,681,1241,0.0,0.000833347222454428,0.5487510072522153,0.0
6650,5.541759029317156,0.5487510072522159,560,681,1241,0.0,0.0008333472224535399,0.5487510072522153,0.0
6651,5.542592376539609,0.5487510072522159,560,681,1241,0.0,0.0008333472224535399,0.5487510072522153,0.0
6652,5.543425723762063,0.5487510072522159,560,681,1241,0.0,0.0008333472224535399,0.5487510072522153,0.0
6653,5.544259070984516,0.5487510072522159,560,681,1241,0.0,0.0008333472224535399,0.5487510072522153,0.0
6654,5.545092418206971,0.5487510072522159,560,681,1241,0.0,0.000833347222454428,0.5487510072522153,0.0
6655,5.545925765429424,0.5487510072522159,560,681,1241,0.0,0.0008333472224535399,0.5487510072522153,0.0
6656,5.546759112651878,0.5487510072522159,560,681,1241,0.0,0.0008333472224535399,0.5487510072522153,0.0
6657,5.547592459874331,0.5487510072522159,560,681,1241,0.0,0.0008333472224535399,0.5487510072522153,0.0
6658,5.548425807096785,0.5487510072522159,560,681,1241,0.0,0.0008333472224535399,0.5487510072522153,0.0
6659,5.549259154319239,0.5487510072522159,560,681,1241,0.0,0.000833347222454428,0.5487510072522153,0.0
6660,5.550092501541693,0.5487510072522159,560,681,1241,0.0,0.0008333472224535399,0.5487510072522153,0.0
6661,5.550925848764146,0.5487510072522159,560,681,1241,0.0,0.0008333472224535399,0.5487510072522153,0.0
6662,5.5517591959866,0.5487510072522159,560,681,1241,0.0,0.0008333472224535399,0.5487510072522153,0.0
6663,5.5525925432090535,0.5487510072522159,560,681,1241,0.0,0.0008333472224535399,0.5487510072522153,0.0
6664,5.553425890431507,0.5487510072522159,560,681,1241,0.0,0.0008333472224535399,0.5487510072522153,0.0
6665,5.5542592376539615,0.5487510072522159,560,681,1241,0.0,0.000833347222454428,0.5487510072522153,0.0
6666,5.555092584876415,0.5487510072522159,560,681,1241,0.0,0.0008333472224535399,0.5487510072522153,0.0
6667,5.5559259320988685,0.5487510072522159,560,681,1241,0.0,0.0008333472224535399,0.5487510072522153,0.0
6668,5.556759279321322,0.5487510072522159,560,681,1241,0.0,0.0008333472224535399,0.5487510072522153,0.0
6669,5.557592626543776,0.5487510072522159,560,681,1241,0.0,0.0008333472224535399,0.5487510072522153,0.0
6670,5.55842597376623,0.5487510072522159,560,681,1241,0.0,0.000833347222454428,0.5487510072522153,0.0
6671,5.559259320988684,0.5487510072522159,560,681,1241,0.0,0.0008333472224535399,0.5487510072522153,0.0
6672,5.560092668211137,0.5487510072522159,560,681,1241,0.0,0.0008333472224535399,0.5487510072522153,0.0
6673,5.560926015433591,0.5487510072522159,560,681,1241,0.0,0.0008333472224535399,0.5487510072522153,0.0
6674,5.561759362656044,0.5487510072522159,560,681,1241,0.0,0.0008333472224535399,0.5487510072522153,0.0
6675,5.562592709878499,0.5487510072522159,560,681,1241,0.0,0.000833347222454428,0.5487510072522153,0.0
6676,5.563426057100952,0.5487510072522159,560,681,1241,0.0,0.0008333472224535399,0.5487510072522153,0.0
6677,5.564259404323406,0.5487510072522159,560,681,1241,0.0,0.0008333472224535399,0.5487510072522153,0.0
6678,5.565092751545859,0.5487510072522159,560,681,1241,0.0,0.0008333472224535399,0.5487510072522153,0.0
6679,5.565926098768313,0.5487510072522159,560,681,1241,0.0,0.0008333472224535399,0.5487510072522153,0.0
6680,5.566759445990766,0.5487510072522159,560,681,1241,0.0,0.0008333472224535399,0.5487510072522153,0.0
6681,5.567592793213221,0.5487510072522159,560,681,1241,0.0,0.000833347222454428,0.5487510072522153,0.0
6682,5.568426140435674,0.5487510072522159,560,681,1241,0.0,0.0008333472224535399,0.5487510072522153,0.0
6683,5.569259487658128,0.5487510072522159,560,681,1241,0.0,0.0008333472224535399,0.5487510072522153,0.0
6684,5.570092834880581,0.5487510072522159,560,681,1241,0.0,0.0008333472224535399,0.5487510072522153,0.0
6685,5.570926182103035,0.5487510072522159,560,681,1241,0.0,0.0008333472224535399,0.5487510072522153,0.0
6686,5.571759529325489,0.5487510072522159,560,681,1241,0.0,0.000833347222454428,0.5487510072522153,0.0
6687,5.572592876547943,0.5487510072522159,560,681,1241,0.0,0.0008333472224535399,0.5487510072522153,0.0
6688,5.573426223770396,0.5487510072522159,560,681,1241,0.0,0.0008333472224535399,0.5487510072522153,0.0
6689,5.57425957099285,0.5487510072522159,560,681,1241,0.0,0.0008333472224535399,0.5487510072522153,0.0
6690,5.5750929182153035,0.5487510072522159,560,681,1241,0.0,0.0008333472224535399,0.5487510072522153,0.0
6691,5.575926265437758,0.5487510072522159,560,681,1241,0.0,0.000833347222454428,0.5487510072522153,0.0
6692,5.5767596126602115,0.5487510072522159,560,681,1241,0.0,0.0008333472224535399,0.5487510072522153,0.0
6693,5.577592959882665,0.5487510072522159,560,681,1241,0.0,0.0008333472224535399,0.5487510072522153,0.0
6694,5.5784263071051186,0.5487510072522159,560,681,1241,0.0,0.0008333472224535399,0.5487510072522153,0.0
6695,5.579259654327572,0.5487510072522159,560,681,1241,0.0,0.0008333472224535399,0.5487510072522153,0.0
6696,5.580093001550026,0.5487510072522159,560,681,1241,0.0,0.0008333472224535399,0.5487510072522153,0.0
6697,5.58092634877248,0.5487510072522159,560,681,1241,0.0,0.000833347222454428,0.5487510072522153,0.0
6698,5.581759695994934,0.5487510072522159,560,681,1241,0.0,0.0008333472224535399,0.5487510072522153,0.0
6699,5.582593043217387,0.5487510072522159,560,681,1241,0.0,0.0008333472224535399,0.5487510072522153,0.0
6700,5.583426390439841,0.5487510072522159,560,681,1241,0.0,0.0008333472224535399,0.5487510072522153,0.0
6701,5.584259737662294,0.5487510072522159,560,681,1241,0.0,0.0008333472224535399,0.5487510072522153,0.0
6702,5.585093084884749,0.5487510072522159,560,681,1241,0.0,0.000833347222454428,0.5487510072522153,0.0
6703,5.585926432107202,0.5487510072522159,560,681,1241,0.0,0.0008333472224535399,0.5487510072522153,0.0
6704,5.586759779329656,0.5487510072522159,560,681,1241,0.0,0.0008333472224535399,0.5487510072522153,0.0
6705,5.587593126552109,0.5487510072522159,560,681,1241,0.0,0.0008333472224535399,0.5487510072522153,0.0
6706,5.588426473774563,0.5487510072522159,560,681,1241,0.0,0.0008333472224535399,0.5487510072522153,0.0
6707,5.589259820997017,0.5487510072522159,560,681,1241,0.0,0.000833347222454428,0.5487510072522153,0.0
6708,5.590093168219471,0.5487510072522159,560,681,1241,0.0,0.0008333472224535399,0.5487510072522153,0.0
6709,5.590926515441924,0.5487510072522159,560,681,1241,0.0,0.0008333472224535399,0.5487510072522153,0.0
6710,5.591759862664378,0.5487510072522159,560,681,1241,0.0,0.0008333472224535399,0.5487510072522153,0.0
6711,5.592593209886831,0.5487510072522159,560,681,1241,0.0,0.0008333472224535399,0.5487510072522153,0.0
6712,5.593426557109286,0.5487510072522159,560,681,1241,0.0,0.000833347222454428,0.5487510072522153,0.0
6713,5.594259904331739,0.5487510072522159,560,681,1241,0.0,0.0008333472224535399,0.5487510072522153,0.0
6714,5.595093251554193,0.5487510072522159,560,681,1241,0.0,0.0008333472224535399,0.5487510072522153,0.0
6715,5.595926598776646,0.5487510072522159,560,681,1241,0.0,0.0008333472224535399,0.5487510072522153,0.0
6716,5.5967599459991,0.5487510072522159,560,681,1241,0.0,0.0008333472224535399,0.5487510072522153,0.0
6717,5.5975932932215535,0.5487510072522159,560,681,1241,0.0,0.0008333472224535399,0.5487510072522153,0.0
6718,5.598426640444008,0.5487510072522159,560,681,1241,0.0,0.000833347222454428,0.5487510072522153,0.0
6719,5.5992599876664615,0.5487510072522159,560,681,1241,0.0,0.0008333472224535399,0.5487510072522153,0.0
6720,5.600093334888915,0.5487510072522159,560,681,1241,0.0,0.0008333472224535399,0.5487510072522153,0.0
6721,5.600926682111369,0.5487510072522159,560,681,1241,0.0,0.0008333472224535399,0.5487510072522153,0.0
6722,5.601760029333822,0.5487510072522159,560,681,1241,0.0,0.0008333472224535399,0.5487510072522153,0.0
6723,5.6025933765562765,0.5487510072522159,560,681,1241,0.0,0.000833347222454428,0.5487510072522153,0.0
6724,5.60342672377873,0.5487510072522159,560,681,1241,0.0,0.0008333472224535399,0.5487510072522153,0.0
6725,5.604260071001184,0.5487510072522159,560,681,1241,0.0,0.0008333472224535399,0.5487510072522153,0.0
6726,5.605093418223637,0.5487510072522159,560,681,1241,0.0,0.0008333472224535399,0.5487510072522153,0.0
6727,5.605926765446091,0.5487510072522159,560,681,1241,0.0,0.0008333472224535399,0.5487510072522153,0.0
6728,5.606760112668545,0.5487510072522159,560,681,1241,0.0,0.000833347222454428,0.5487510072522153,0.0
6729,5.607593459890999,0.5487510072522159,560,681,1241,0.0,0.0008333472224535399,0.5487510072522153,0.0
6730,5.608426807113452,0.5487510072522159,560,681,1241,0.0,0.0008333472224535399,0.5487510072522153,0.0
6731,5.609260154335906,0.5487510072522159,560,681,1241,0.0,0.0008333472224535399,0.5487510072522153,0.0
6732,5.610093501558359,0.5487510072522159,560,681,1241,0.0,0.0008333472224535399,0.5487510072522153,0.0
6733,5.610926848780813,0.5487510072522159,560,681,1241,0.0,0.0008333472224535399,0.5487510072522153,0.0
6734,5.611760196003267,0.5487510072522159,560,681,1241,0.0,0.000833347222454428,0.5487510072522153,0.0
6735,5.612593543225721,0.5487510072522159,560,681,1241,0.0,0.0008333472224535399,0.5487510072522153,0.0
6736,5.613426890448174,0.5487510072522159,560,681,1241,0.0,0.0008333472224535399,0.5487510072522153,0.0
6737,5.614260237670628,0.5487510072522159,560,681,1241,0.0,0.0008333472224535399,0.5487510072522153,0.0
6738,5.615093584893081,0.5487510072522159,560,681,1241,0.0,0.0008333472224535399,0.5487510072522153,0.0
6739,5.615926932115536,0.5487510072522159,560,681,1241,0.0,0.000833347222454428,0.5487510072522153,0.0
6740,5.616760279337989,0.5487510072522159,560,681,1241,0.0,0.0008333472224535399,0.5487510072522153,0.0
6741,5.617593626560443,0.5487510072522159,560,681,1241,0.0,0.0008333472224535399,0.5487510072522153,0.0
6742,5.6184269737828965,0.5487510072522159,560,681,1241,0.0,0.0008333472224535399,0.5487510072522153,0.0
6743,5.61926032100535,0.5487510072522159,560,681,1241,0.0,0.0008333472224535399,0.5487510072522153,0.0
6744,5.620093668227804,0.5487510072522159,560,681,1241,0.0,0.000833347222454428,0.5487510072522153,0.0
6745,5.620927015450258,0.5487510072522159,560,681,1241,0.0,0.0008333472224535399,0.5487510072522153,0.0
6746,5.6217603626727115,0.5487510072522159,560,681,1241,0.0,0.0008333472224535399,0.5487510072522153,0.0
6747,5.622593709895165,0.5487510072522159,560,681,1241,0.0,0.0008333472224535399,0.5487510072522153,0.0
6748,5.623427057117619,0.5487510072522159,560,681,1241,0.0,0.0008333472224535399,0.5487510072522153,0.0
6749,5.624260404340072,0.5487510072522159,560,681,1241,0.0,0.0008333472224535399,0.5487510072522153,0.0
6750,5.625093751562527,0.5487510072522159,560,681,1241,0.0,0.000833347222454428,0.5487510072522153,0.0
6751,5.62592709878498,0.5487510072522159,560,681,1241,0.0,0.0008333472224535399,0.5487510072522153,0.0
6752,5.626760446007434,0.5487510072522159,560,681,1241,0.0,0.0008333472224535399,0.5487510072522153,0.0
6753,5.627593793229887,0.5487510072522159,560,681,1241,0.0,0.0008333472224535399,0.5487510072522153,0.0
6754,5.628427140452341,0.5487510072522159,560,681,1241,0.0,0.0008333472224535399,0.5487510072522153,0.0
6755,5.629260487674795,0.5487510072522159,560,681,1241,0.0,0.000833347222454428,0.5487510072522153,0.0
6756,5.630093834897249,0.5487510072522159,560,681,1241,0.0,0.0008333472224535399,0.5487510072522153,0.0
6757,5.630927182119702,0.5487510072522159,560,681,1241,0.0,0.0008333472224535399,0.5487510072522153,0.0
6758,5.631760529342156,0.5487510072522159,560,681,1241,0.0,0.0008333472224535399,0.5487510072522153,0.0
6759,5.632593876564609,0.5487510072522159,560,681,1241,0.0,0.0008333472224535399,0.5487510072522153,0.0
6760,5.633427223787064,0.5487510072522159,560,681,1241,0.0,0.000833347222454428,0.5487510072522153,0.0
6761,5.634260571009517,0.5487510072522159,560,681,1241,0.0,0.0008333472224535399,0.5487510072522153,0.0
6762,5.635093918231971,0.5487510072522159,560,681,1241,0.0,0.0008333472224535399,0.5487510072522153,0.0
6763,5.635927265454424,0.5487510072522159,560,681,1241,0.0,0.0008333472224535399,0.5487510072522153,0.0
6764,5.636760612676878,0.5487510072522159,560,681,1241,0.0,0.0008333472224535399,0.5487510072522153,0.0
6765,5.637593959899332,0.5487510072522159,560,681,1241,0.0,0.000833347222454428,0.5487510072522153,0.0
6766,5.638427307121786,0.5487510072522159,560,681,1241,0.0,0.0008333472224535399,0.5487510072522153,0.0
6767,5.639260654344239,0.5487510072522159,560,681,1241,0.0,0.0008333472224535399,0.5487510072522153,0.0
6768,5.640094001566693,0.5487510072522159,560,681,1241,0.0,0.0008333472224535399,0.5487510072522153,0.0
6769,5.6409273487891465,0.5487510072522159,560,681,1241,0.0,0.0008333472224535399,0.5487510072522153,0.0
6770,5.6417606960116,0.5487510072522159,560,681,1241,0.0,0.0008333472224535399,0.5487510072522153,0.0
6771,5.6425940432340544,0.5487510072522159,560,681,1241,0.0,0.000833347222454428,0.5487510072522153,0.0
6772,5.643427390456508,0.5487510072522159,560,681,1241,0.0,0.0008333472224535399,0.5487510072522153,0.0
6773,5.6442607376789615,0.5487510072522159,560,681,1241,0.0,0.0008333472224535399,0.5487510072522153,0.0
6774,5.645094084901415,0.5487510072522159,560,681,1241,0.0,0.0008333472224535399,0.5487510072522153,0.0
6775,5.645927432123869,0.5487510072522159,560,681,1241,0.0,0.0008333472224535399,0.5487510072522153,0.0
6776,5.646760779346323,0.5487510072522159,560,681,1241,0.0,0.000833347222454428,0.5487510072522153,0.0
6777,5.647594126568777,0.5487510072522159,560,681,1241,0.0,0.0008333472224535399,0.5487510072522153,0.0
6778,5.64842747379123,0.5487510072522159,560,681,1241,0.0,0.0008333472224535399,0.5487510072522153,0.0
6779,5.649260821013684,0.5487510072522159,560,681,1241,0.0,0.0008333472224535399,0.5487510072522153,0.0
6780,5.650094168236137,0.5487510072522159,560,681,1241,0.0,0.0008333472224535399,0.5487510072522153,0.0
6781,5.650927515458592,0.5487510072522159,560,681,1241,0.0,0.000833347222454428,0.5487510072522153,0.0
6782,5.651760862681045,0.5487510072522159,560,681,1241,0.0,0.0008333472224535399,0.5487510072522153,0.0
6783,5.652594209903499,0.5487510072522159,560,681,1241,0.0,0.0008333472224535399,0.5487510072522153,0.0
6784,5.653427557125952,0.5487510072522159,560,681,1241,0.0,0.0008333472224535399,0.5487510072522153,0.0
6785,5.654260904348406,0.5487510072522159,560,681,1241,0.0,0.0008333472224535399,0.5487510072522153,0.0
6786,5.655094251570859,0.5487510072522159,560,681,1241,0.0,0.0008333472224535399,0.5487510072522153,0.0
6787,5.655927598793314,0.5487510072522159,560,681,1241,0.0,0.000833347222454428,0.5487510072522153,0.0
6788,5.656760946015767,0.5487510072522159,560,681,1241,0.0,0.0008333472224535399,0.5487510072522153,0.0
6789,5.657594293238221,0.5487510072522159,560,681,1241,0.0,0.0008333472224535399,0.5487510072522153,0.0
6790,5.658427640460674,0.5487510072522159,560,681,1241,0.0,0.0008333472224535399,0.5487510072522153,0.0
6791,5.659260987683128,0.5487510072522159,560,681,1241,0.0,0.0008333472224535399,0.5487510072522153,0.0
6792,5.660094334905582,0.5487510072522159,560,681,1241,0.0,0.000833347222454428,0.5487510072522153,0.0
6793,5.660927682128036,0.5487510072522159,560,681,1241,0.0,0.0008333472224535399,0.5487510072522153,0.0
6794,5.661761029350489,0.5487510072522159,560,681,1241,0.0,0.0008333472224535399,0.5487510072522153,0.0
6795,5.662594376572943,0.5487510072522159,560,681,1241,0.0,0.0008333472224535399,0.5487510072522153,0.0
6796,5.6634277237953965,0.5487510072522159,560,681,1241,0.0,0.0008333472224535399,0.5487510072522153,0.0
6797,5.664261071017851,0.5487510072522159,560,681,1241,0.0,0.000833347222454428,0.5487510072522153,0.0
6798,5.6650944182403045,0.5487510072522159,560,681,1241,0.0,0.0008333472224535399,0.5487510072522153,0.0
6799,5.665927765462758,0.5487510072522159,560,681,1241,0.0,0.0008333472224535399,0.5487510072522153,0.0
6800,5.6667611126852115,0.5487510072522159,560,681,1241,0.0,0.0008333472224535399,0.5487510072522153,0.0
6801,5.667594459907665,0.5487510072522159,560,681,1241,0.0,0.0008333472224535399,0.5487510072522153,0.0
6802,5.6684278071301195,0.5487510072522159,560,681,1241,0.0,0.000833347222454428,0.5487510072522153,0.0
6803,5.669261154352573,0.5487510072522159,560,681,1241,0.0,0.0008333472224535399,0.5487510072522153,0.0
6804,5.670094501575027,0.5487510072522159,560,681,1241,0.0,0.0008333472224535399,0.5487510072522153,0.0
6805,5.67092784879748,0.5487510072522159,560,681,1241,0.0,0.0008333472224535399,0.5487510072522153,0.0
6806,5.671761196019934,0.5487510072522159,560,681,1241,0.0,0.0008333472224535399,0.5487510072522153,0.0
6807,5.672594543242387,0.5487510072522159,560,681,1241,0.0,0.0008333472224535399,0.5487510072522153,0.0
6808,5.673427890464842,0.5487510072522159,560,681,1241,0.0,0.000833347222454428,0.5487510072522153,0.0
6809,5.674261237687295,0.5487510072522159,560,681,1241,0.0,0.0008333472224535399,0.5487510072522153,0.0
6810,5.675094584909749,0.5487510072522159,560,681,1241,0.0,0.0008333472224535399,0.5487510072522153,0.0
6811,5.675927932132202,0.5487510072522159,560,681,1241,0.0,0.0008333472224535399,0.5487510072522153,0.0
6812,5.676761279354656,0.5487510072522159,560,681,1241,0.0,0.0008333472224535399,0.5487510072522153,0.0
6813,5.67759462657711,0.5487510072522159,560,681,1241,0.0,0.000833347222454428,0.5487510072522153,0.0
6814,5.678427973799564,0.5487510072522159,560,681,1241,0.0,0.0008333472224535399,0.5487510072522153,0.0
6815,5.679261321022017,0.5487510072522159,560,681,1241,0.0,0.0008333472224535399,0.5487510072522153,0.0
6816,5.680094668244471,0.5487510072522159,560,681,1241,0.0,0.0008333472224535399,0.5487510072522153,0.0
6817,5.680928015466924,0.5487510072522159,560,681,1241,0.0,0.0008333472224535399,0.5487510072522153,0.0
6818,5.681761362689379,0.5487510072522159,560,681,1241,0.0,0.000833347222454428,0.5487510072522153,0.0
6819,5.682594709911832,0.5487510072522159,560,681,1241,0.0,0.0008333472224535399,0.5487510072522153,0.0
6820,5.683428057134286,0.5487510072522159,560,681,1241,0.0,0.0008333472224535399,0.5487510072522153,0.0
6821,5.684261404356739,0.5487510072522159,560,681,1241,0.0,0.0008333472224535399,0.5487510072522153,0.0
6822,5.685094751579193,0.5487510072522159,560,681,1241,0.0,0.0008333472224535399,0.5487510072522153,0.0
6823,5.6859280988016465,0.5487510072522159,560,681,1241,0.0,0.0008333472224535399,0.5487510072522153,0.0
6824,5.686761446024101,0.5487510072522159,560,681,1241,0.0,0.000833347222454428,0.5487510072522153,0.0
6825,5.6875947932465545,0.5487510072522159,560,681,1241,0.0,0.0008333472224535399,0.5487510072522153,0.0
6826,5.688428140469008,0.5487510072522159,560,681,1241,0.0,0.0008333472224535399,0.5487510072522153,0.0
6827,5.689261487691462,0.5487510072522159,560,681,1241,0.0,0.0008333472224535399,0.5487510072522153,0.0
6828,5.690094834913915,0.5487510072522159,560,681,1241,0.0,0.0008333472224535399,0.5487510072522153,0.0
6829,5.6909281821363695,0.5487510072522159,560,681,1241,0.0,0.000833347222454428,0.5487510072522153,0.0
6830,5.691761529358823,0.5487510072522159,560,681,1241,0.0,0.0008333472224535399,0.5487510072522153,0.0
6831,5.692594876581277,0.5487510072522159,560,681,1241,0.0,0.0008333472224535399,0.5487510072522153,0.0
6832,5.69342822380373,0.5487510072522159,560,681,1241,0.0,0.0008333472224535399,0.5487510072522153,0.0
6833,5.694261571026184,0.5487510072522159,560,681,1241,0.0,0.0008333472224535399,0.5487510072522153,0.0
6834,5.695094918248638,0.5487510072522159,560,681,1241,0.0,0.000833347222454428,0.5487510072522153,0.0
6835,5.695928265471092,0.5487510072522159,560,681,1241,0.0,0.0008333472224535399,0.5487510072522153,0.0
6836,5.696761612693545,0.5487510072522159,560,681,1241,0.0,0.0008333472224535399,0.5487510072522153,0.0
6837,5.697594959915999,0.5495568090249798,560,681,1241,0.0008058017727639033,0.0008333472224535399,0.5488315874294916,8.058017727639034e-05
6838,5.698428307138452,0.5495568090249798,560,681,1241,0.0,0.0008333472224535399,0.5489121676067679,8.058017727639034e-05
6839,5.699261654360906,0.5495568090249798,560,681,1241,0.0,0.0008333472224535399,0.5489927477840443,8.058017727639034e-05
6840,5.70009500158336,0.5495568090249798,560,681,1241,0.0,0.000833347222454428,0.5490733279613206,8.058017727639034e-05
6841,5.700928348805814,0.5495568090249798,560,681,1241,0.0,0.0008333472224535399,0.549153908138597,8.058017727639034e-05
6842,5.701761696028267,0.5495568090249798,560,681,1241,0.0,0.0008333472224535399,0.5492344883158733,8.058017727639034e-05
6843,5.702595043250721,0.5495568090249798,560,681,1241,0.0,0.0008333472224535399,0.5493150684931496,8.058017727639034e-05
6844,5.703428390473174,0.5495568090249798,560,681,1241,0.0,0.0008333472224535399,0.549395648670426,8.058017727639034e-05
6845,5.704261737695629,0.5495568090249798,560,681,1241,0.0,0.000833347222454428,0.5494762288477023,8.058017727639034e-05
6846,5.705095084918082,0.5495568090249798,560,681,1241,0.0,0.0008333472224535399,0.5495568090249787,8.058017727639034e-05
6847,5.705928432140536,0.5495568090249798,560,681,1241,0.0,0.0008333472224535399,0.5495568090249787,0.0
6848,5.7067617793629895,0.5495568090249798,560,681,1241,0.0,0.0008333472224535399,0.5495568090249787,0.0
6849,5.707595126585443,0.5495568090249798,560,681,1241,0.0,0.0008333472224535399,0.5495568090249787,0.0
6850,5.708428473807897,0.5495568090249798,560,681,1241,0.0,0.000833347222454428,0.5495568090249787,0.0
6851,5.709261821030351,0.5495568090249798,560,681,1241,0.0,0.0008333472224535399,0.5495568090249787,0.0
6852,5.7100951682528045,0.5495568090249798,560,681,1241,0.0,0.0008333472224535399,0.5495568090249787,0.0
6853,5.710928515475258,0.5495568090249798,560,681,1241,0.0,0.0008333472224535399,0.5495568090249787,0.0
6854,5.711761862697712,0.5495568090249798,560,681,1241,0.0,0.0008333472224535399,0.5495568090249787,0.0
6855,5.712595209920166,0.5495568090249798,560,681,1241,0.0,0.000833347222454428,0.5495568090249787,0.0
6856,5.7134285571426195,0.5495568090249798,560,681,1241,0.0,0.0008333472224535399,0.5495568090249787,0.0
6857,5.714261904365073,0.5495568090249798,560,681,1241,0.0,0.0008333472224535399,0.5495568090249787,0.0
6858,5.715095251587527,0.5487510072522159,560,681,1241,-0.0008058017727639033,0.0008333472224535399,0.5494762288477023,-8.058017727639034e-05
6859,5.71592859880998,0.5487510072522159,560,681,1241,0.0,0.0008333472224535399,0.549395648670426,-8.058017727639034e-05
6860,5.716761946032434,0.5487510072522159,560,681,1241,0.0,0.0008333472224535399,0.5493150684931496,-8.058017727639034e-05
6861,5.717595293254888,0.5487510072522159,560,681,1241,0.0,0.000833347222454428,0.5492344883158733,-8.058017727639034e-05
6862,5.718428640477342,0.5487510072522159,560,681,1241,0.0,0.0008333472224535399,0.549153908138597,-8.058017727639034e-05
6863,5.719261987699795,0.5487510072522159,560,681,1241,0.0,0.0008333472224535399,0.5490733279613206,-8.058017727639034e-05
6864,5.720095334922249,0.5487510072522159,560,681,1241,0.0,0.0008333472224535399,0.5489927477840443,-8.058017727639034e-05
6865,5.720928682144702,0.5487510072522159,560,681,1241,0.0,0.0008333472224535399,0.5489121676067679,-8.058017727639034e-05
6866,5.721762029367157,0.5487510072522159,560,681,1241,0.0,0.000833347222454428,0.5488315874294916,-8.058017727639034e-05
6867,5.72259537658961,0.5487510072522159,560,681,1241,0.0,0.0008333472224535399,0.5487510072522153,-8.058017727639034e-05
6868,5.723428723812064,0.5495568090249798,560,681,1241,0.0008058017727639033,0.0008333472224535399,0.5488315874294916,8.058017727639034e-05
6869,5.724262071034517,0.5495568090249798,560,681,1241,0.0,0.0008333472224535399,0.5489121676067679,8.058017727639034e-05
6870,5.725095418256971,0.5495568090249798,560,681,1241,0.0,0.0008333472224535399,0.5489927477840443,8.058017727639034e-05
6871,5.725928765479425,0.5495568090249798,560,681,1241,0.0,0.000833347222454428,0.5490733279613206,8.058017727639034e-05
6872,5.726762112701879,0.5495568090249798,560,681,1241,0.0,0.0008333472224535399,0.549153908138597,8.058017727639034e-05
6873,5.727595459924332,0.5495568090249798,560,681,1241,0.0,0.0008333472224535399,0.5492344883158733,8.058017727639034e-05
6874,5.728428807146786,0.5495568090249798,560,681,1241,0.0,0.0008333472224535399,0.5493150684931496,8.058017727639034e-05
6875,5.7292621543692395,0.5495568090249798,560,681,1241,0.0,0.0008333472224535399,0.549395648670426,8.058017727639034e-05
6876,5.730095501591693,0.5495568090249798,560,681,1241,0.0,0.0008333472224535399,0.5494762288477023,8.058017727639034e-05
6877,5.730928848814147,0.5495568090249798,560,681,1241,0.0,0.000833347222454428,0.5495568090249787,8.058017727639034e-05
6878,5.731762196036601,0.5495568090249798,560,681,1241,0.0,0.0008333472224535399,0.5495568090249787,0.0
6879,5.7325955432590545,0.5495568090249798,560,681,1241,0.0,0.0008333472224535399,0.5495568090249787,0.0
6880,5.733428890481508,0.5495568090249798,560,681,1241,0.0,0.0008333472224535399,0.5495568090249787,0.0
6881,5.734262237703962,0.5495568090249798,560,681,1241,0.0,0.0008333472224535399,0.5495568090249787,0.0
6882,5.735095584926416,0.5495568090249798,560,681,1241,0.0,0.000833347222454428,0.5495568090249787,0.0
6883,5.73592893214887,0.5495568090249798,560,681,1241,0.0,0.0008333472224535399,0.5495568090249787,0.0
6884,5.736762279371323,0.5495568090249798,560,681,1241,0.0,0.0008333472224535399,0.5495568090249787,0.0
6885,5.737595626593777,0.5495568090249798,560,681,1241,0.0,0.0008333472224535399,0.5495568090249787,0.0
6886,5.73842897381623,0.5495568090249798,560,681,1241,0.0,0.0008333472224535399,0.5495568090249787,0.0
6887,5.739262321038685,0.5495568090249798,560,681,1241,0.0,0.000833347222454428,0.5495568090249787,0.0
6888,5.740095668261138,0.5495568090249798,560,681,1241,0.0,0.0008333472224535399,0.5495568090249787,0.0
6889,5.740929015483592,0.5495568090249798,560,681,1241,0.0,0.0008333472224535399,0.5495568090249787,0.0
6890,5.741762362706045,0.5495568090249798,560,681,1241,0.0,0.0008333472224535399,0.5495568090249787,0.0
6891,5.742595709928499,0.5495568090249798,560,681,1241,0.0,0.0008333472224535399,0.5495568090249787,0.0
6892,5.743429057150953,0.5495568090249798,560,681,1241,0.0,0.000833347222454428,0.5495568090249787,0.0
6893,5.744262404373407,0.5503626107977437,560,681,1241,0.0008058017727639033,0.0008333472224535399,0.549637389202255,8.058017727639034e-05
6894,5.74509575159586,0.5503626107977437,560,681,1241,0.0,0.0008333472224535399,0.5497179693795313,8.058017727639034e-05
6895,5.745929098818314,0.5503626107977437,560,681,1241,0.0,0.0008333472224535399,0.5497985495568077,8.058017727639034e-05
6896,5.746762446040767,0.5503626107977437,560,681,1241,0.0,0.0008333472224535399,0.549879129734084,8.058017727639034e-05
6897,5.747595793263221,0.5503626107977437,560,681,1241,0.0,0.0008333472224535399,0.5499597099113605,8.058017727639034e-05
6898,5.748429140485675,0.5503626107977437,560,681,1241,0.0,0.000833347222454428,0.5500402900886368,8.058017727639034e-05
6899,5.749262487708129,0.5503626107977437,560,681,1241,0.0,0.0008333472224535399,0.550120870265913,8.058017727639034e-05
6900,5.750095834930582,0.5503626107977437,560,681,1241,0.0,0.0008333472224535399,0.5502014504431895,8.058017727639034e-05
6901,5.750929182153036,0.5503626107977437,560,681,1241,0.0,0.0008333472224535399,0.5502820306204658,8.058017727639034e-05
6902,5.7517625293754895,0.5503626107977437,560,681,1241,0.0,0.0008333472224535399,0.5503626107977422,8.058017727639034e-05
6903,5.752595876597944,0.5503626107977437,560,681,1241,0.0,0.000833347222454428,0.5503626107977422,0.0
6904,5.7534292238203975,0.5503626107977437,560,681,1241,0.0,0.0008333472224535399,0.5503626107977422,0.0
6905,5.754262571042851,0.5503626107977437,560,681,1241,0.0,0.0008333472224535399,0.5503626107977422,0.0
6906,5.7550959182653045,0.5503626107977437,560,681,1241,0.0,0.0008333472224535399,0.5503626107977422,0.0
6907,5.755929265487758,0.5503626107977437,560,681,1241,0.0,0.0008333472224535399,0.5503626107977422,0.0
6908,5.7567626127102125,0.5503626107977437,560,681,1241,0.0,0.000833347222454428,0.5503626107977422,0.0
6909,5.757595959932666,0.5503626107977437,560,681,1241,0.0,0.0008333472224535399,0.5503626107977422,0.0
6910,5.75842930715512,0.5503626107977437,560,681,1241,0.0,0.0008333472224535399,0.5503626107977422,0.0
6911,5.759262654377573,0.5503626107977437,560,681,1241,0.0,0.0008333472224535399,0.5503626107977422,0.0
6912,5.760096001600027,0.5503626107977437,560,681,1241,0.0,0.0008333472224535399,0.5503626107977422,0.0
6913,5.76092934882248,0.5495568090249798,560,681,1241,-0.0008058017727639033,0.0008333472224535399,0.5502820306204657,-8.058017727639034e-05
6914,5.761762696044935,0.5495568090249798,560,681,1241,0.0,0.000833347222454428,0.5502014504431894,-8.058017727639034e-05
6915,5.762596043267388,0.5495568090249798,560,681,1241,0.0,0.0008333472224535399,0.550120870265913,-8.058017727639034e-05
6916,5.763429390489842,0.5495568090249798,560,681,1241,0.0,0.0008333472224535399,0.5500402900886366,-8.058017727639034e-05
6917,5.764262737712295,0.5495568090249798,560,681,1241,0.0,0.0008333472224535399,0.5499597099113603,-8.058017727639034e-05
6918,5.765096084934749,0.5495568090249798,560,681,1241,0.0,0.0008333472224535399,0.5498791297340839,-8.058017727639034e-05
6919,5.765929432157203,0.5495568090249798,560,681,1241,0.0,0.000833347222454428,0.5497985495568076,-8.058017727639034e-05
6920,5.766762779379657,0.5495568090249798,560,681,1241,0.0,0.0008333472224535399,0.5497179693795313,-8.058017727639034e-05
6921,5.76759612660211,0.5495568090249798,560,681,1241,0.0,0.0008333472224535399,0.5496373892022549,-8.058017727639034e-05
6922,5.768429473824564,0.5495568090249798,560,681,1241,0.0,0.0008333472224535399,0.5495568090249786,-8.058017727639034e-05
6923,5.769262821047017,0.5495568090249798,560,681,1241,0.0,0.0008333472224535399,0.5495568090249787,0.0
6924,5.770096168269472,0.5495568090249798,560,681,1241,0.0,0.000833347222454428,0.5495568090249787,0.0
6925,5.770929515491925,0.5495568090249798,560,681,1241,0.0,0.0008333472224535399,0.5495568090249787,0.0
6926,5.771762862714379,0.5495568090249798,560,681,1241,0.0,0.0008333472224535399,0.5495568090249787,0.0
6927,5.772596209936832,0.5495568090249798,560,681,1241,0.0,0.0008333472224535399,0.5495568090249787,0.0
6928,5.773429557159286,0.5495568090249798,560,681,1241,0.0,0.0008333472224535399,0.5495568090249787,0.0
6929,5.7742629043817395,0.5495568090249798,560,681,1241,0.0,0.0008333472224535399,0.5495568090249787,0.0
6930,5.775096251604194,0.5495568090249798,560,681,1241,0.0,0.000833347222454428,0.5495568090249787,0.0
6931,5.7759295988266475,0.5495568090249798,560,681,1241,0.0,0.0008333472224535399,0.5495568090249787,0.0
6932,5.776762946049101,0.5495568090249798,560,681,1241,0.0,0.0008333472224535399,0.5495568090249787,0.0
6933,5.7775962932715546,0.5495568090249798,560,681,1241,0.0,0.0008333472224535399,0.5495568090249787,0.0
6934,5.778429640494008,0.5495568090249798,560,681,1241,0.0,0.0008333472224535399,0.5495568090249787,0.0
6935,5.7792629877164625,0.5495568090249798,560,681,1241,0.0,0.000833347222454428,0.5495568090249787,0.0
6936,5.780096334938916,0.5495568090249798,560,681,1241,0.0,0.0008333472224535399,0.5495568090249787,0.0
6937,5.78092968216137,0.5495568090249798,560,681,1241,0.0,0.0008333472224535399,0.5495568090249787,0.0
6938,5.781763029383823,0.5495568090249798,560,681,1241,0.0,0.0008333472224535399,0.5495568090249787,0.0
6939,5.782596376606277,0.5495568090249798,560,681,1241,0.0,0.0008333472224535399,0.5495568090249787,0.0
6940,5.783429723828731,0.5495568090249798,560,681,1241,0.0,0.000833347222454428,0.5495568090249787,0.0
6941,5.784263071051185,0.5495568090249798,560,681,1241,0.0,0.0008333472224535399,0.5495568090249787,0.0
6942,5.785096418273638,0.5495568090249798,560,681,1241,0.0,0.0008333472224535399,0.5495568090249787,0.0
6943,5.785929765496092,0.5495568090249798,560,681,1241,0.0,0.0008333472224535399,0.5495568090249787,0.0
6944,5.786763112718545,0.5495568090249798,560,681,1241,0.0,0.0008333472224535399,0.5495568090249787,0.0
6945,5.787596459941,0.5495568090249798,560,681,1241,0.0,0.000833347222454428,0.5495568090249787,0.0
6946,5.788429807163453,0.5495568090249798,560,681,1241,0.0,0.0008333472224535399,0.5495568090249787,0.0
6947,5.789263154385907,0.5495568090249798,560,681,1241,0.0,0.0008333472224535399,0.5495568090249787,0.0
6948,5.79009650160836,0.5495568090249798,560,681,1241,0.0,0.0008333472224535399,0.5495568090249787,0.0
6949,5.790929848830814,0.5495568090249798,560,681,1241,0.0,0.0008333472224535399,0.5495568090249787,0.0
6950,5.791763196053267,0.5495568090249798,560,681,1241,0.0,0.0008333472224535399,0.5495568090249787,0.0
6951,5.792596543275722,0.5495568090249798,560,681,1241,0.0,0.000833347222454428,0.5495568090249787,0.0
6952,5.793429890498175,0.5495568090249798,560,681,1241,0.0,0.0008333472224535399,0.5495568090249787,0.0
6953,5.794263237720629,0.5495568090249798,560,681,1241,0.0,0.0008333472224535399,0.5495568090249787,0.0
6954,5.795096584943082,0.5495568090249798,560,681,1241,0.0,0.0008333472224535399,0.5495568090249787,0.0
6955,5.795929932165536,0.5495568090249798,560,681,1241,0.0,0.0008333472224535399,0.5495568090249787,0.0
6956,5.79676327938799,0.5495568090249798,560,681,1241,0.0,0.000833347222454428,0.5495568090249787,0.0
6957,5.797596626610444,0.5495568090249798,560,681,1241,0.0,0.0008333472224535399,0.5495568090249787,0.0
6958,5.7984299738328975,0.5495568090249798,560,681,1241,0.0,0.0008333472224535399,0.5495568090249787,0.0
6959,5.799263321055351,0.5495568090249798,560,681,1241,0.0,0.0008333472224535399,0.5495568090249787,0.0
6960,5.800096668277805,0.5495568090249798,560,681,1241,0.0,0.0008333472224535399,0.5495568090249787,0.0
6961,5.800930015500259,0.5495568090249798,560,681,1241,0.0,0.000833347222454428,0.5495568090249787,0.0
6962,5.8017633627227125,0.5495568090249798,560,681,1241,0.0,0.0008333472224535399,0.5495568090249787,0.0
6963,5.802596709945166,0.5495568090249798,560,681,1241,0.0,0.0008333472224535399,0.5495568090249787,0.0
6964,5.80343005716762,0.5495568090249798,560,681,1241,0.0,0.0008333472224535399,0.5495568090249787,0.0
6965,5.804263404390073,0.5495568090249798,560,681,1241,0.0,0.0008333472224535399,0.5495568090249787,0.0
6966,5.805096751612527,0.5495568090249798,560,681,1241,0.0,0.0008333472224535399,0.5495568090249787,0.0
6967,5.805930098834981,0.5495568090249798,560,681,1241,0.0,0.000833347222454428,0.5495568090249787,0.0
6968,5.806763446057435,0.5495568090249798,560,681,1241,0.0,0.0008333472224535399,0.5495568090249787,0.0
6969,5.807596793279888,0.5495568090249798,560,681,1241,0.0,0.0008333472224535399,0.5495568090249787,0.0
6970,5.808430140502342,0.5495568090249798,560,681,1241,0.0,0.0008333472224535399,0.5495568090249787,0.0
6971,5.809263487724795,0.5495568090249798,560,681,1241,0.0,0.0008333472224535399,0.5495568090249787,0.0
6972,5.81009683494725,0.5495568090249798,560,681,1241,0.0,0.000833347222454428,0.5495568090249787,0.0
6973,5.810930182169703,0.5495568090249798,560,681,1241,0.0,0.0008333472224535399,0.5495568090249787,0.0
6974,5.811763529392157,0.5495568090249798,560,681,1241,0.0,0.0008333472224535399,0.5495568090249787,0.0
6975,5.81259687661461,0.5495568090249798,560,681,1241,0.0,0.0008333472224535399,0.5495568090249787,0.0
6976,5.813430223837064,0.5495568090249798,560,681,1241,0.0,0.0008333472224535399,0.5495568090249787,0.0
6977,5.814263571059518,0.5495568090249798,560,681,1241,0.0,0.000833347222454428,0.5495568090249787,0.0
6978,5.815096918281972,0.5495568090249798,560,681,1241,0.0,0.0008333472224535399,0.5495568090249787,0.0
6979,5.815930265504425,0.5495568090249798,560,681,1241,0.0,0.0008333472224535399,0.5495568090249787,0.0
6980,5.816763612726879,0.5495568090249798,560,681,1241,0.0,0.0008333472224535399,0.5495568090249787,0.0
6981,5.8175969599493325,0.5495568090249798,560,681,1241,0.0,0.0008333472224535399,0.5495568090249787,0.0
6982,5.818430307171787,0.5495568090249798,560,681,1241,0.0,0.000833347222454428,0.5495568090249787,0.0
6983,5.81926365439424,0.5495568090249798,560,681,1241,0.0,0.0008333472224535399,0.5495568090249787,0.0
6984,5.820097001616694,0.5495568090249798,560,681,1241,0.0,0.0008333472224535399,0.5495568090249787,0.0
6985,5.8209303488391475,0.5495568090249798,560,681,1241,0.0,0.0008333472224535399,0.5495568090249787,0.0
6986,5.821763696061601,0.5495568090249798,560,681,1241,0.0,0.0008333472224535399,0.5495568090249787,0.0
6987,5.822597043284055,0.5495568090249798,560,681,1241,0.0,0.0008333472224535399,0.5495568090249787,0.0
6988,5.823430390506509,0.5495568090249798,560,681,1241,0.0,0.000833347222454428,0.5495568090249787,0.0
6989,5.8242637377289626,0.5495568090249798,560,681,1241,0.0,0.0008333472224535399,0.5495568090249787,0.0
6990,5.825097084951416,0.5495568090249798,560,681,1241,0.0,0.0008333472224535399,0.5495568090249787,0.0
6991,5.82593043217387,0.5495568090249798,560,681,1241,0.0,0.0008333472224535399,0.5495568090249787,0.0
6992,5.826763779396323,0.5495568090249798,560,681,1241,0.0,0.0008333472224535399,0.5495568090249787,0.0
6993,5.827597126618778,0.5495568090249798,560,681,1241,0.0,0.000833347222454428,0.5495568090249787,0.0
6994,5.828430473841231,0.5495568090249798,560,681,1241,0.0,0.0008333472224535399,0.5495568090249787,0.0
6995,5.829263821063685,0.5495568090249798,560,681,1241,0.0,0.0008333472224535399,0.5495568090249787,0.0
6996,5.830097168286138,0.5495568090249798,560,681,1241,0.0,0.0008333472224535399,0.5495568090249787,0.0
6997,5.830930515508592,0.5495568090249798,560,681,1241,0.0,0.0008333472224535399,0.5495568090249787,0.0
6998,5.831763862731046,0.5495568090249798,560,681,1241,0.0,0.000833347222454428,0.5495568090249787,0.0
6999,5.8325972099535,0.5495568090249798,560,681,1241,0.0,0.0008333472224535399,0.5495568090249787,0.0
7000,5.833430557175953,0.5495568090249798,560,681,1241,0.0,0.0008333472224535399,0.5495568090249787,0.0
7001,5.834263904398407,0.5495568090249798,560,681,1241,0.0,0.0008333472224535399,0.5495568090249787,0.0
7002,5.83509725162086,0.5495568090249798,560,681,1241,0.0,0.0008333472224535399,0.5495568090249787,0.0
7003,5.835930598843314,0.5495568090249798,560,681,1241,0.0,0.0008333472224535399,0.5495568090249787,0.0
7004,5.836763946065768,0.5495568090249798,560,681,1241,0.0,0.000833347222454428,0.5495568090249787,0.0
7005,5.837597293288222,0.5495568090249798,560,681,1241,0.0,0.0008333472224535399,0.5495568090249787,0.0
7006,5.838430640510675,0.5495568090249798,560,681,1241,0.0,0.0008333472224535399,0.5495568090249787,0.0
7007,5.839263987733129,0.5503626107977437,560,681,1241,0.0008058017727639033,0.0008333472224535399,0.549637389202255,8.058017727639034e-05
7008,5.8400973349555825,0.5503626107977437,560,681,1241,0.0,0.0008333472224535399,0.5497179693795313,8.058017727639034e-05
7009,5.840930682178037,0.5503626107977437,560,681,1241,0.0,0.000833347222454428,0.5497985495568077,8.058017727639034e-05
7010,5.84176402940049,0.5503626107977437,560,681,1241,0.0,0.0008333472224535399,0.549879129734084,8.058017727639034e-05
7011,5.842597376622944,0.5503626107977437,560,681,1241,0.0,0.0008333472224535399,0.5499597099113605,8.058017727639034e-05
7012,5.8434307238453975,0.5503626107977437,560,681,1241,0.0,0.0008333472224535399,0.5500402900886368,8.058017727639034e-05
7013,5.844264071067851,0.5503626107977437,560,681,1241,0.0,0.0008333472224535399,0.550120870265913,8.058017727639034e-05
7014,5.8450974182903055,0.5503626107977437,560,681,1241,0.0,0.000833347222454428,0.5502014504431895,8.058017727639034e-05
7015,5.845930765512759,0.5503626107977437,560,681,1241,0.0,0.0008333472224535399,0.5502820306204658,8.058017727639034e-05
7016,5.846764112735213,0.5503626107977437,560,681,1241,0.0,0.0008333472224535399,0.5503626107977422,8.058017727639034e-05
7017,5.847597459957666,0.5503626107977437,560,681,1241,0.0,0.0008333472224535399,0.5503626107977422,0.0
7018,5.84843080718012,0.5503626107977437,560,681,1241,0.0,0.0008333472224535399,0.5503626107977422,0.0
7019,5.849264154402573,0.5503626107977437,560,681,1241,0.0,0.0008333472224535399,0.5503626107977422,0.0
7020,5.850097501625028,0.5503626107977437,560,681,1241,0.0,0.000833347222454428,0.5503626107977422,0.0
7021,5.850930848847481,0.5503626107977437,560,681,1241,0.0,0.0008333472224535399,0.5503626107977422,0.0
7022,5.851764196069935,0.5503626107977437,560,681,1241,0.0,0.0008333472224535399,0.5503626107977422,0.0
7023,5.852597543292388,0.5503626107977437,560,681,1241,0.0,0.0008333472224535399,0.5503626107977422,0.0
7024,5.853430890514842,0.5511684125705076,560,681,1241,0.0008058017727639033,0.0008333472224535399,0.5504431909750186,8.058017727639034e-05
7025,5.854264237737296,0.5511684125705076,560,681,1241,0.0,0.000833347222454428,0.5505237711522949,8.058017727639034e-05
7026,5.85509758495975,0.5511684125705076,560,681,1241,0.0,0.0008333472224535399,0.5506043513295713,8.058017727639034e-05
7027,5.855930932182203,0.5511684125705076,560,681,1241,0.0,0.0008333472224535399,0.5506849315068476,8.058017727639034e-05
7028,5.856764279404657,0.5511684125705076,560,681,1241,0.0,0.0008333472224535399,0.5507655116841239,8.058017727639034e-05
7029,5.85759762662711,0.5511684125705076,560,681,1241,0.0,0.0008333472224535399,0.5508460918614003,8.058017727639034e-05
7030,5.858430973849565,0.5511684125705076,560,681,1241,0.0,0.000833347222454428,0.5509266720386766,8.058017727639034e-05
7031,5.859264321072018,0.5511684125705076,560,681,1241,0.0,0.0008333472224535399,0.551007252215953,8.058017727639034e-05
7032,5.860097668294472,0.5511684125705076,560,681,1241,0.0,0.0008333472224535399,0.5510878323932293,8.058017727639034e-05
7033,5.860931015516925,0.5503626107977437,560,681,1241,-0.0008058017727639033,0.0008333472224535399,0.5510878323932293,0.0
7034,5.861764362739379,0.5503626107977437,560,681,1241,0.0,0.0008333472224535399,0.5510072522159529,-8.058017727639034e-05
7035,5.862597709961833,0.5495568090249798,560,681,1241,-0.0008058017727639033,0.000833347222454428,0.5508460918614,-0.00016116035455278067
7036,5.863431057184287,0.5495568090249798,560,681,1241,0.0,0.0008333472224535399,0.5506849315068472,-0.00016116035455278067
7037,5.8642644044067405,0.5495568090249798,560,681,1241,0.0,0.0008333472224535399,0.5505237711522943,-0.00016116035455278067
7038,5.865097751629194,0.5495568090249798,560,681,1241,0.0,0.0008333472224535399,0.5503626107977414,-0.00016116035455278067
7039,5.8659310988516475,0.5495568090249798,560,681,1241,0.0,0.0008333472224535399,0.5502014504431886,-0.00016116035455278067
7040,5.866764446074101,0.5495568090249798,560,681,1241,0.0,0.0008333472224535399,0.5500402900886356,-0.00016116035455278067
7041,5.8675977932965555,0.5495568090249798,560,681,1241,0.0,0.000833347222454428,0.5498791297340828,-0.00016116035455278067
7042,5.868431140519009,0.5495568090249798,560,681,1241,0.0,0.0008333472224535399,0.54971796937953,-0.00016116035455278067
7043,5.869264487741463,0.5495568090249798,560,681,1241,0.0,0.0008333472224535399,0.5496373892022535,-8.058017727639034e-05
7044,5.870097834963916,0.5495568090249798,560,681,1241,0.0,0.0008333472224535399,0.5495568090249772,-8.058017727639034e-05
7045,5.87093118218637,0.5495568090249798,560,681,1241,0.0,0.0008333472224535399,0.5495568090249773,0.0
7046,5.871764529408824,0.5495568090249798,560,681,1241,0.0,0.000833347222454428,0.5495568090249773,0.0
7047,5.872597876631278,0.5487510072522159,560,681,1241,-0.0008058017727639033,0.0008333472224535399,0.5494762288477009,-8.058017727639034e-05
7048,5.873431223853731,0.5487510072522159,560,681,1241,0.0,0.0008333472224535399,0.5493956486704246,-8.058017727639034e-05
7049,5.874264571076185,0.5487510072522159,560,681,1241,0.0,0.0008333472224535399,0.5493150684931483,-8.058017727639034e-05
7050,5.875097918298638,0.5487510072522159,560,681,1241,0.0,0.0008333472224535399,0.5492344883158718,-8.058017727639034e-05
7051,5.875931265521093,0.5487510072522159,560,681,1241,0.0,0.000833347222454428,0.5491539081385955,-8.058017727639034e-05
7052,5.876764612743546,0.5487510072522159,560,681,1241,0.0,0.0008333472224535399,0.5490733279613191,-8.058017727639034e-05
7053,5.877597959966,0.5495568090249798,560,681,1241,0.0008058017727639033,0.0008333472224535399,0.5490733279613191,0.0
7054,5.878431307188453,0.5495568090249798,560,681,1241,0.0,0.0008333472224535399,0.5490733279613191,0.0
7055,5.879264654410907,0.5495568090249798,560,681,1241,0.0,0.0008333472224535399,0.5490733279613191,0.0
7056,5.88009800163336,0.5495568090249798,560,681,1241,0.0,0.0008333472224535399,0.5490733279613191,0.0
7057,5.880931348855815,0.5495568090249798,560,681,1241,0.0,0.000833347222454428,0.5491539081385955,8.058017727639034e-05
7058,5.881764696078268,0.5495568090249798,560,681,1241,0.0,0.0008333472224535399,0.5492344883158718,8.058017727639034e-05
7059,5.882598043300722,0.5495568090249798,560,681,1241,0.0,0.0008333472224535399,0.5493150684931483,8.058017727639034e-05
7060,5.883431390523175,0.5495568090249798,560,681,1241,0.0,0.0008333472224535399,0.5493956486704246,8.058017727639034e-05
7061,5.884264737745629,0.5495568090249798,560,681,1241,0.0,0.0008333472224535399,0.5494762288477009,8.058017727639034e-05
7062,5.885098084968083,0.5495568090249798,560,681,1241,0.0,0.000833347222454428,0.5495568090249773,8.058017727639034e-05
7063,5.885931432190537,0.5495568090249798,560,681,1241,0.0,0.0008333472224535399,0.5495568090249773,0.0
7064,5.8867647794129905,0.5495568090249798,560,681,1241,0.0,0.0008333472224535399,0.5495568090249773,0.0
7065,5.887598126635444,0.5495568090249798,560,681,1241,0.0,0.0008333472224535399,0.5495568090249773,0.0
7066,5.888431473857898,0.5495568090249798,560,681,1241,0.0,0.0008333472224535399,0.5495568090249773,0.0
7067,5.889264821080352,0.5495568090249798,560,681,1241,0.0,0.000833347222454428,0.5495568090249773,0.0
7068,5.8900981683028055,0.5495568090249798,560,681,1241,0.0,0.0008333472224535399,0.5495568090249773,0.0
7069,5.890931515525259,0.5495568090249798,560,681,1241,0.0,0.0008333472224535399,0.5495568090249773,0.0
7070,5.891764862747713,0.5495568090249798,560,681,1241,0.0,0.0008333472224535399,0.5495568090249773,0.0
7071,5.892598209970166,0.5495568090249798,560,681,1241,0.0,0.0008333472224535399,0.5495568090249773,0.0
7072,5.89343155719262,0.5495568090249798,560,681,1241,0.0,0.0008333472224535399,0.5495568090249773,0.0
7073,5.894264904415074,0.5495568090249798,560,681,1241,0.0,0.000833347222454428,0.5495568090249773,0.0
7074,5.895098251637528,0.5495568090249798,560,681,1241,0.0,0.0008333472224535399,0.5495568090249773,0.0
7075,5.895931598859981,0.5495568090249798,560,681,1241,0.0,0.0008333472224535399,0.5495568090249773,0.0
7076,5.896764946082435,0.5495568090249798,560,681,1241,0.0,0.0008333472224535399,0.5495568090249773,0.0
7077,5.897598293304888,0.5495568090249798,560,681,1241,0.0,0.0008333472224535399,0.5495568090249773,0.0
7078,5.898431640527343,0.5495568090249798,560,681,1241,0.0,0.000833347222454428,0.5495568090249773,0.0
7079,5.899264987749796,0.5495568090249798,560,681,1241,0.0,0.0008333472224535399,0.5495568090249773,0.0
7080,5.90009833497225,0.5495568090249798,560,681,1241,0.0,0.0008333472224535399,0.5495568090249773,0.0
7081,5.900931682194703,0.5495568090249798,560,681,1241,0.0,0.0008333472224535399,0.5495568090249773,0.0
7082,5.901765029417157,0.5495568090249798,560,681,1241,0.0,0.0008333472224535399,0.5495568090249773,0.0
7083,5.902598376639611,0.5495568090249798,560,681,1241,0.0,0.000833347222454428,0.5495568090249773,0.0
7084,5.903431723862065,0.5495568090249798,560,681,1241,0.0,0.0008333472224535399,0.5495568090249773,0.0
7085,5.904265071084518,0.5495568090249798,560,681,1241,0.0,0.0008333472224535399,0.5495568090249773,0.0
7086,5.905098418306972,0.5495568090249798,560,681,1241,0.0,0.0008333472224535399,0.5495568090249773,0.0
7087,5.9059317655294254,0.5495568090249798,560,681,1241,0.0,0.0008333472224535399,0.5495568090249773,0.0
7088,5.90676511275188,0.5495568090249798,560,681,1241,0.0,0.000833347222454428,0.5495568090249773,0.0
7089,5.907598459974333,0.5495568090249798,560,681,1241,0.0,0.0008333472224535399,0.5495568090249773,0.0
7090,5.908431807196787,0.5495568090249798,560,681,1241,0.0,0.0008333472224535399,0.5495568090249773,0.0
7091,5.9092651544192405,0.5495568090249798,560,681,1241,0.0,0.0008333472224535399,0.5495568090249773,0.0
7092,5.910098501641694,0.5503626107977437,560,681,1241,0.0008058017727639033,0.0008333472224535399,0.5496373892022536,8.058017727639034e-05
7093,5.910931848864148,0.5503626107977437,560,681,1241,0.0,0.0008333472224535399,0.54971796937953,8.058017727639034e-05
7094,5.911765196086602,0.5503626107977437,560,681,1241,0.0,0.000833347222454428,0.5497985495568063,8.058017727639034e-05
7095,5.9125985433090555,0.5503626107977437,560,681,1241,0.0,0.0008333472224535399,0.5498791297340826,8.058017727639034e-05
7096,5.913431890531509,0.5503626107977437,560,681,1241,0.0,0.0008333472224535399,0.549959709911359,8.058017727639034e-05
7097,5.914265237753963,0.5503626107977437,560,681,1241,0.0,0.0008333472224535399,0.5500402900886353,8.058017727639034e-05
7098,5.915098584976416,0.5503626107977437,560,681,1241,0.0,0.0008333472224535399,0.5501208702659117,8.058017727639034e-05
7099,5.915931932198871,0.5503626107977437,560,681,1241,0.0,0.000833347222454428,0.550201450443188,8.058017727639034e-05
7100,5.916765279421324,0.5503626107977437,560,681,1241,0.0,0.0008333472224535399,0.5502820306204643,8.058017727639034e-05
7101,5.917598626643778,0.5503626107977437,560,681,1241,0.0,0.0008333472224535399,0.5503626107977407,8.058017727639034e-05
7102,5.918431973866231,0.5503626107977437,560,681,1241,0.0,0.0008333472224535399,0.5503626107977407,0.0
7103,5.919265321088685,0.5503626107977437,560,681,1241,0.0,0.0008333472224535399,0.5503626107977407,0.0
7104,5.920098668311139,0.5503626107977437,560,681,1241,0.0,0.000833347222454428,0.5503626107977407,0.0
7105,5.920932015533593,0.5503626107977437,560,681,1241,0.0,0.0008333472224535399,0.5503626107977407,0.0
7106,5.921765362756046,0.5503626107977437,560,681,1241,0.0,0.0008333472224535399,0.5503626107977407,0.0
7107,5.9225987099785,0.5503626107977437,560,681,1241,0.0,0.0008333472224535399,0.5503626107977407,0.0
7108,5.923432057200953,0.5503626107977437,560,681,1241,0.0,0.0008333472224535399,0.5503626107977407,0.0
7109,5.924265404423407,0.5503626107977437,560,681,1241,0.0,0.0008333472224535399,0.5503626107977407,0.0
7110,5.925098751645861,0.5503626107977437,560,681,1241,0.0,0.000833347222454428,0.5503626107977407,0.0
7111,5.925932098868315,0.5503626107977437,560,681,1241,0.0,0.0008333472224535399,0.5503626107977407,0.0
7112,5.926765446090768,0.5503626107977437,560,681,1241,0.0,0.0008333472224535399,0.5503626107977407,0.0
7113,5.927598793313222,0.5503626107977437,560,681,1241,0.0,0.0008333472224535399,0.5503626107977407,0.0
7114,5.9284321405356755,0.5503626107977437,560,681,1241,0.0,0.0008333472224535399,0.5503626107977407,0.0
7115,5.92926548775813,0.5503626107977437,560,681,1241,0.0,0.000833347222454428,0.5503626107977407,0.0
7116,5.930098834980583,0.5503626107977437,560,681,1241,0.0,0.0008333472224535399,0.5503626107977407,0.0
7117,5.930932182203037,0.5503626107977437,560,681,1241,0.0,0.0008333472224535399,0.5503626107977407,0.0
7118,5.9317655294254905,0.5503626107977437,560,681,1241,0.0,0.0008333472224535399,0.5503626107977407,0.0
7119,5.932598876647944,0.5503626107977437,560,681,1241,0.0,0.0008333472224535399,0.5503626107977407,0.0
7120,5.9334322238703985,0.5503626107977437,560,681,1241,0.0,0.000833347222454428,0.5503626107977407,0.0
7121,5.934265571092852,0.5503626107977437,560,681,1241,0.0,0.0008333472224535399,0.5503626107977407,0.0
7122,5.935098918315306,0.5503626107977437,560,681,1241,0.0,0.0008333472224535399,0.5503626107977407,0.0
7123,5.935932265537759,0.5503626107977437,560,681,1241,0.0,0.0008333472224535399,0.5503626107977407,0.0
7124,5.936765612760213,0.5503626107977437,560,681,1241,0.0,0.0008333472224535399,0.5503626107977407,0.0
7125,5.937598959982667,0.5503626107977437,560,681,1241,0.0,0.000833347222454428,0.5503626107977407,0.0
7126,5.938432307205121,0.5503626107977437,560,681,1241,0.0,0.0008333472224535399,0.5503626107977407,0.0
7127,5.939265654427574,0.5495568090249798,560,681,1241,-0.0008058017727639033,0.0008333472224535399,0.5502820306204643,-8.058017727639034e-05
7128,5.940099001650028,0.5503626107977437,560,681,1241,0.0008058017727639033,0.0008333472224535399,0.5502820306204643,0.0
7129,5.940932348872481,0.5503626107977437,560,681,1241,0.0,0.0008333472224535399,0.5502820306204643,0.0
7130,5.941765696094935,0.5503626107977437,560,681,1241,0.0,0.0008333472224535399,0.5502820306204643,0.0
7131,5.942599043317389,0.5503626107977437,560,681,1241,0.0,0.000833347222454428,0.5502820306204643,0.0
7132,5.943432390539843,0.5503626107977437,560,681,1241,0.0,0.0008333472224535399,0.5502820306204643,0.0
7133,5.944265737762296,0.5503626107977437,560,681,1241,0.0,0.0008333472224535399,0.5502820306204643,0.0
7134,5.94509908498475,0.5503626107977437,560,681,1241,0.0,0.0008333472224535399,0.5502820306204643,0.0
7135,5.945932432207203,0.5503626107977437,560,681,1241,0.0,0.0008333472224535399,0.5502820306204643,0.0
7136,5.946765779429658,0.5503626107977437,560,681,1241,0.0,0.000833347222454428,0.5502820306204643,0.0
7137,5.947599126652111,0.5503626107977437,560,681,1241,0.0,0.0008333472224535399,0.5503626107977407,8.058017727639034e-05
7138,5.948432473874565,0.5503626107977437,560,681,1241,0.0,0.0008333472224535399,0.5503626107977407,0.0
7139,5.949265821097018,0.5495568090249798,560,681,1241,-0.0008058017727639033,0.0008333472224535399,0.5502820306204643,-8.058017727639034e-05
7140,5.950099168319472,0.5495568090249798,560,681,1241,0.0,0.0008333472224535399,0.5502014504431879,-8.058017727639034e-05
7141,5.950932515541926,0.5495568090249798,560,681,1241,0.0,0.000833347222454428,0.5501208702659116,-8.058017727639034e-05
7142,5.95176586276438,0.5495568090249798,560,681,1241,0.0,0.0008333472224535399,0.5500402900886352,-8.058017727639034e-05
7143,5.9525992099868335,0.5495568090249798,560,681,1241,0.0,0.0008333472224535399,0.5499597099113589,-8.058017727639034e-05
7144,5.953432557209287,0.5495568090249798,560,681,1241,0.0,0.0008333472224535399,0.5498791297340826,-8.058017727639034e-05
7145,5.9542659044317405,0.5495568090249798,560,681,1241,0.0,0.0008333472224535399,0.5497985495568062,-8.058017727639034e-05
7146,5.955099251654194,0.5495568090249798,560,681,1241,0.0,0.0008333472224535399,0.5497179693795299,-8.058017727639034e-05
7147,5.9559325988766485,0.5495568090249798,560,681,1241,0.0,0.000833347222454428,0.5496373892022535,-8.058017727639034e-05
7148,5.956765946099102,0.5495568090249798,560,681,1241,0.0,0.0008333472224535399,0.5495568090249772,-8.058017727639034e-05
7149,5.957599293321556,0.5495568090249798,560,681,1241,0.0,0.0008333472224535399,0.5495568090249773,0.0
7150,5.958432640544009,0.5495568090249798,560,681,1241,0.0,0.0008333472224535399,0.5495568090249773,0.0
7151,5.959265987766463,0.5495568090249798,560,681,1241,0.0,0.0008333472224535399,0.5495568090249773,0.0
7152,5.960099334988917,0.5495568090249798,560,681,1241,0.0,0.000833347222454428,0.5495568090249773,0.0
7153,5.960932682211371,0.5495568090249798,560,681,1241,0.0,0.0008333472224535399,0.5495568090249773,0.0
7154,5.961766029433824,0.5495568090249798,560,681,1241,0.0,0.0008333472224535399,0.5495568090249773,0.0
7155,5.962599376656278,0.5495568090249798,560,681,1241,0.0,0.0008333472224535399,0.5495568090249773,0.0
7156,5.963432723878731,0.5495568090249798,560,681,1241,0.0,0.0008333472224535399,0.5495568090249773,0.0
7157,5.964266071101186,0.5495568090249798,560,681,1241,0.0,0.000833347222454428,0.5495568090249773,0.0
7158,5.965099418323639,0.5495568090249798,560,681,1241,0.0,0.0008333472224535399,0.5495568090249773,0.0
7159,5.965932765546093,0.5495568090249798,560,681,1241,0.0,0.0008333472224535399,0.5495568090249773,0.0
7160,5.966766112768546,0.5495568090249798,560,681,1241,0.0,0.0008333472224535399,0.5495568090249773,0.0
7161,5.967599459991,0.5495568090249798,560,681,1241,0.0,0.0008333472224535399,0.5495568090249773,0.0
7162,5.968432807213453,0.5495568090249798,560,681,1241,0.0,0.0008333472224535399,0.5495568090249773,0.0
7163,5.969266154435908,0.5495568090249798,560,681,1241,0.0,0.000833347222454428,0.5495568090249773,0.0
7164,5.970099501658361,0.5495568090249798,560,681,1241,0.0,0.0008333472224535399,0.5495568090249773,0.0
7165,5.970932848880815,0.5495568090249798,560,681,1241,0.0,0.0008333472224535399,0.5495568090249773,0.0
7166,5.971766196103268,0.5495568090249798,560,681,1241,0.0,0.0008333472224535399,0.5495568090249773,0.0
7167,5.972599543325722,0.5495568090249798,560,681,1241,0.0,0.0008333472224535399,0.5495568090249773,0.0
7168,5.973432890548176,0.5495568090249798,560,681,1241,0.0,0.000833347222454428,0.5495568090249773,0.0
7169,5.97426623777063,0.5495568090249798,560,681,1241,0.0,0.0008333472224535399,0.5495568090249773,0.0
7170,5.9750995849930835,0.5495568090249798,560,681,1241,0.0,0.0008333472224535399,0.5495568090249773,0.0
7171,5.975932932215537,0.5495568090249798,560,681,1241,0.0,0.0008333472224535399,0.5495568090249773,0.0
7172,5.9767662794379905,0.5495568090249798,560,681,1241,0.0,0.0008333472224535399,0.5495568090249773,0.0
7173,5.977599626660445,0.5495568090249798,560,681,1241,0.0,0.000833347222454428,0.5495568090249773,0.0
7174,5.9784329738828985,0.5495568090249798,560,681,1241,0.0,0.0008333472224535399,0.5495568090249773,0.0
7175,5.979266321105352,0.5495568090249798,560,681,1241,0.0,0.0008333472224535399,0.5495568090249773,0.0
7176,5.980099668327806,0.5495568090249798,560,681,1241,0.0,0.0008333472224535399,0.5495568090249773,0.0
7177,5.980933015550259,0.5495568090249798,560,681,1241,0.0,0.0008333472224535399,0.5495568090249773,0.0
7178,5.981766362772714,0.5495568090249798,560,681,1241,0.0,0.000833347222454428,0.5495568090249773,0.0
7179,5.982599709995167,0.5495568090249798,560,681,1241,0.0,0.0008333472224535399,0.5495568090249773,0.0
7180,5.983433057217621,0.5495568090249798,560,681,1241,0.0,0.0008333472224535399,0.5495568090249773,0.0
7181,5.984266404440074,0.5495568090249798,560,681,1241,0.0,0.0008333472224535399,0.5495568090249773,0.0
7182,5.985099751662528,0.5495568090249798,560,681,1241,0.0,0.0008333472224535399,0.5495568090249773,0.0
7183,5.985933098884981,0.5495568090249798,560,681,1241,0.0,0.0008333472224535399,0.5495568090249773,0.0
7184,5.986766446107436,0.5495568090249798,560,681,1241,0.0,0.000833347222454428,0.5495568090249773,0.0
7185,5.987599793329889,0.5495568090249798,560,681,1241,0.0,0.0008333472224535399,0.5495568090249773,0.0
7186,5.988433140552343,0.5495568090249798,560,681,1241,0.0,0.0008333472224535399,0.5495568090249773,0.0
7187,5.989266487774796,0.5495568090249798,560,681,1241,0.0,0.0008333472224535399,0.5495568090249773,0.0
7188,5.99009983499725,0.5495568090249798,560,681,1241,0.0,0.0008333472224535399,0.5495568090249773,0.0
7189,5.990933182219704,0.5495568090249798,560,681,1241,0.0,0.000833347222454428,0.5495568090249773,0.0
7190,5.991766529442158,0.5495568090249798,560,681,1241,0.0,0.0008333472224535399,0.5495568090249773,0.0
7191,5.992599876664611,0.5495568090249798,560,681,1241,0.0,0.0008333472224535399,0.5495568090249773,0.0
7192,5.993433223887065,0.5495568090249798,560,681,1241,0.0,0.0008333472224535399,0.5495568090249773,0.0
7193,5.994266571109518,0.5495568090249798,560,681,1241,0.0,0.0008333472224535399,0.5495568090249773,0.0
7194,5.995099918331973,0.5495568090249798,560,681,1241,0.0,0.000833347222454428,0.5495568090249773,0.0
7195,5.995933265554426,0.5495568090249798,560,681,1241,0.0,0.0008333472224535399,0.5495568090249773,0.0
7196,5.99676661277688,0.5495568090249798,560,681,1241,0.0,0.0008333472224535399,0.5495568090249773,0.0
7197,5.9975999599993335,0.5495568090249798,560,681,1241,0.0,0.0008333472224535399,0.5495568090249773,0.0
7198,5.998433307221787,0.5495568090249798,560,681,1241,0.0,0.0008333472224535399,0.5495568090249773,0.0
7199,5.999266654444241,0.5495568090249798,560,681,1241,0.0,0.0008333472224535399,0.5495568090249773,0.0
7200,6.000100001666695,0.5495568090249798,560,681,1241,0.0,0.000833347222454428,0.5495568090249773,0.0
7201,6.0009333488891485,0.5495568090249798,560,681,1241,0.0,0.0008333472224535399,0.5495568090249773,0.0
7202,6.001766696111602,0.5495568090249798,560,681,1241,0.0,0.0008333472224535399,0.5495568090249773,0.0
7203,6.002600043334056,0.5495568090249798,560,681,1241,0.0,0.0008333472224535399,0.5495568090249773,0.0
7204,6.003433390556509,0.5495568090249798,560,681,1241,0.0,0.0008333472224535399,0.5495568090249773,0.0
7205,6.004266737778964,0.5495568090249798,560,681,1241,0.0,0.000833347222454428,0.5495568090249773,0.0
7206,6.005100085001417,0.5495568090249798,560,681,1241,0.0,0.0008333472224535399,0.5495568090249773,0.0
7207,6.005933432223871,0.5495568090249798,560,681,1241,0.0,0.0008333472224535399,0.5495568090249773,0.0
7208,6.006766779446324,0.5495568090249798,560,681,1241,0.0,0.0008333472224535399,0.5495568090249773,0.0
7209,6.007600126668778,0.5495568090249798,560,681,1241,0.0,0.0008333472224535399,0.5495568090249773,0.0
7210,6.008433473891232,0.5495568090249798,560,681,1241,0.0,0.000833347222454428,0.5495568090249773,0.0
7211,6.009266821113686,0.5495568090249798,560,681,1241,0.0,0.0008333472224535399,0.5495568090249773,0.0
7212,6.010100168336139,0.5495568090249798,560,681,1241,0.0,0.0008333472224535399,0.5495568090249773,0.0
7213,6.010933515558593,0.5495568090249798,560,681,1241,0.0,0.0008333472224535399,0.5495568090249773,0.0
7214,6.011766862781046,0.5495568090249798,560,681,1241,0.0,0.0008333472224535399,0.5495568090249773,0.0
7215,6.012600210003501,0.5495568090249798,560,681,1241,0.0,0.000833347222454428,0.5495568090249773,0.0
7216,6.013433557225954,0.5495568090249798,560,681,1241,0.0,0.0008333472224535399,0.5495568090249773,0.0
7217,6.014266904448408,0.5495568090249798,560,681,1241,0.0,0.0008333472224535399,0.5495568090249773,0.0
7218,6.015100251670861,0.5495568090249798,560,681,1241,0.0,0.0008333472224535399,0.5495568090249773,0.0
7219,6.015933598893315,0.5495568090249798,560,681,1241,0.0,0.0008333472224535399,0.5495568090249773,0.0
7220,6.0167669461157685,0.5495568090249798,560,681,1241,0.0,0.0008333472224535399,0.5495568090249773,0.0
7221,6.017600293338223,0.5495568090249798,560,681,1241,0.0,0.000833347222454428,0.5495568090249773,0.0
7222,6.018433640560676,0.5495568090249798,560,681,1241,0.0,0.0008333472224535399,0.5495568090249773,0.0
7223,6.01926698778313,0.5495568090249798,560,681,1241,0.0,0.0008333472224535399,0.5495568090249773,0.0
7224,6.0201003350055835,0.5495568090249798,560,681,1241,0.0,0.0008333472224535399,0.5495568090249773,0.0
7225,6.020933682228037,0.5495568090249798,560,681,1241,0.0,0.0008333472224535399,0.5495568090249773,0.0
7226,6.0217670294504915,0.5495568090249798,560,681,1241,0.0,0.000833347222454428,0.5495568090249773,0.0
7227,6.022600376672945,0.5495568090249798,560,681,1241,0.0,0.0008333472224535399,0.5495568090249773,0.0
7228,6.0234337238953986,0.5495568090249798,560,681,1241,0.0,0.0008333472224535399,0.5495568090249773,0.0
7229,6.024267071117852,0.5495568090249798,560,681,1241,0.0,0.0008333472224535399,0.5495568090249773,0.0
7230,6.025100418340306,0.5495568090249798,560,681,1241,0.0,0.0008333472224535399,0.5495568090249773,0.0
7231,6.02593376556276,0.5495568090249798,560,681,1241,0.0,0.000833347222454428,0.5495568090249773,0.0
7232,6.026767112785214,0.5495568090249798,560,681,1241,0.0,0.0008333472224535399,0.5495568090249773,0.0
7233,6.027600460007667,0.5503626107977437,560,681,1241,0.0008058017727639033,0.0008333472224535399,0.5496373892022536,8.058017727639034e-05
7234,6.028433807230121,0.5503626107977437,560,681,1241,0.0,0.0008333472224535399,0.54971796937953,8.058017727639034e-05
7235,6.029267154452574,0.5503626107977437,560,681,1241,0.0,0.0008333472224535399,0.5497985495568063,8.058017727639034e-05
7236,6.030100501675028,0.5503626107977437,560,681,1241,0.0,0.0008333472224535399,0.5498791297340826,8.058017727639034e-05
7237,6.030933848897482,0.5503626107977437,560,681,1241,0.0,0.000833347222454428,0.549959709911359,8.058017727639034e-05
7238,6.031767196119936,0.5495568090249798,560,681,1241,-0.0008058017727639033,0.0008333472224535399,0.549959709911359,0.0
7239,6.032600543342389,0.5495568090249798,560,681,1241,0.0,0.0008333472224535399,0.549959709911359,0.0
7240,6.033433890564843,0.5495568090249798,560,681,1241,0.0,0.0008333472224535399,0.549959709911359,0.0
7241,6.034267237787296,0.5495568090249798,560,681,1241,0.0,0.0008333472224535399,0.549959709911359,0.0
7242,6.035100585009751,0.5495568090249798,560,681,1241,0.0,0.000833347222454428,0.549959709911359,0.0
7243,6.035933932232204,0.5495568090249798,560,681,1241,0.0,0.0008333472224535399,0.5498791297340826,-8.058017727639034e-05
7244,6.036767279454658,0.5495568090249798,560,681,1241,0.0,0.0008333472224535399,0.5497985495568062,-8.058017727639034e-05
7245,6.037600626677111,0.5495568090249798,560,681,1241,0.0,0.0008333472224535399,0.5497179693795299,-8.058017727639034e-05
7246,6.038433973899565,0.5495568090249798,560,681,1241,0.0,0.0008333472224535399,0.5496373892022535,-8.058017727639034e-05
7247,6.039267321122019,0.5495568090249798,560,681,1241,0.0,0.000833347222454428,0.5495568090249772,-8.058017727639034e-05
7248,6.040100668344473,0.5495568090249798,560,681,1241,0.0,0.0008333472224535399,0.5495568090249773,0.0
7249,6.040934015566926,0.5495568090249798,560,681,1241,0.0,0.0008333472224535399,0.5495568090249773,0.0
7250,6.04176736278938,0.5495568090249798,560,681,1241,0.0,0.0008333472224535399,0.5495568090249773,0.0
7251,6.0426007100118335,0.5495568090249798,560,681,1241,0.0,0.0008333472224535399,0.5495568090249773,0.0
7252,6.043434057234287,0.5495568090249798,560,681,1241,0.0,0.0008333472224535399,0.5495568090249773,0.0
7253,6.0442674044567415,0.5495568090249798,560,681,1241,0.0,0.000833347222454428,0.5495568090249773,0.0
7254,6.045100751679195,0.5495568090249798,560,681,1241,0.0,0.0008333472224535399,0.5495568090249773,0.0
7255,6.045934098901649,0.5495568090249798,560,681,1241,0.0,0.0008333472224535399,0.5495568090249773,0.0
7256,6.046767446124102,0.5495568090249798,560,681,1241,0.0,0.0008333472224535399,0.5495568090249773,0.0
7257,6.047600793346556,0.5495568090249798,560,681,1241,0.0,0.0008333472224535399,0.5495568090249773,0.0
7258,6.04843414056901,0.5495568090249798,560,681,1241,0.0,0.000833347222454428,0.5495568090249773,0.0
7259,6.049267487791464,0.5495568090249798,560,681,1241,0.0,0.0008333472224535399,0.5495568090249773,0.0
7260,6.050100835013917,0.5495568090249798,560,681,1241,0.0,0.0008333472224535399,0.5495568090249773,0.0
7261,6.050934182236371,0.5495568090249798,560,681,1241,0.0,0.0008333472224535399,0.5495568090249773,0.0
7262,6.051767529458824,0.5503626107977437,560,681,1241,0.0008058017727639033,0.0008333472224535399,0.5496373892022536,8.058017727639034e-05
7263,6.052600876681279,0.5503626107977437,560,681,1241,0.0,0.000833347222454428,0.54971796937953,8.058017727639034e-05
7264,6.053434223903732,0.5503626107977437,560,681,1241,0.0,0.0008333472224535399,0.5497985495568063,8.058017727639034e-05
7265,6.054267571126186,0.5503626107977437,560,681,1241,0.0,0.0008333472224535399,0.5498791297340826,8.058017727639034e-05
7266,6.055100918348639,0.5503626107977437,560,681,1241,0.0,0.0008333472224535399,0.549959709911359,8.058017727639034e-05
7267,6.055934265571093,0.5503626107977437,560,681,1241,0.0,0.0008333472224535399,0.5500402900886353,8.058017727639034e-05
7268,6.056767612793547,0.5503626107977437,560,681,1241,0.0,0.000833347222454428,0.5501208702659117,8.058017727639034e-05
7269,6.057600960016001,0.5503626107977437,560,681,1241,0.0,0.0008333472224535399,0.550201450443188,8.058017727639034e-05
7270,6.058434307238454,0.5503626107977437,560,681,1241,0.0,0.0008333472224535399,0.5502820306204643,8.058017727639034e-05
7271,6.059267654460908,0.5503626107977437,560,681,1241,0.0,0.0008333472224535399,0.5503626107977407,8.058017727639034e-05
7272,6.060101001683361,0.5503626107977437,560,681,1241,0.0,0.0008333472224535399,0.5503626107977407,0.0
7273,6.060934348905815,0.5503626107977437,560,681,1241,0.0,0.0008333472224535399,0.5503626107977407,0.0
7274,6.061767696128269,0.5503626107977437,560,681,1241,0.0,0.000833347222454428,0.5503626107977407,0.0
7275,6.062601043350723,0.5503626107977437,560,681,1241,0.0,0.0008333472224535399,0.5503626107977407,0.0
7276,6.0634343905731765,0.5503626107977437,560,681,1241,0.0,0.0008333472224535399,0.5503626107977407,0.0
7277,6.06426773779563,0.5503626107977437,560,681,1241,0.0,0.0008333472224535399,0.5503626107977407,0.0
7278,6.0651010850180835,0.5503626107977437,560,681,1241,0.0,0.0008333472224535399,0.5503626107977407,0.0
7279,6.065934432240538,0.5503626107977437,560,681,1241,0.0,0.000833347222454428,0.5503626107977407,0.0
7280,6.0667677794629915,0.5503626107977437,560,681,1241,0.0,0.0008333472224535399,0.5503626107977407,0.0
7281,6.067601126685445,0.5503626107977437,560,681,1241,0.0,0.0008333472224535399,0.5503626107977407,0.0
7282,6.068434473907899,0.5503626107977437,560,681,1241,0.0,0.0008333472224535399,0.5503626107977407,0.0
7283,6.069267821130352,0.5503626107977437,560,681,1241,0.0,0.0008333472224535399,0.5503626107977407,0.0
7284,6.0701011683528066,0.5503626107977437,560,681,1241,0.0,0.000833347222454428,0.5503626107977407,0.0
7285,6.07093451557526,0.5503626107977437,560,681,1241,0.0,0.0008333472224535399,0.5503626107977407,0.0
7286,6.071767862797714,0.5503626107977437,560,681,1241,0.0,0.0008333472224535399,0.5503626107977407,0.0
7287,6.072601210020167,0.5503626107977437,560,681,1241,0.0,0.0008333472224535399,0.5503626107977407,0.0
7288,6.073434557242621,0.5503626107977437,560,681,1241,0.0,0.0008333472224535399,0.5503626107977407,0.0
7289,6.074267904465074,0.5503626107977437,560,681,1241,0.0,0.0008333472224535399,0.5503626107977407,0.0
7290,6.075101251687529,0.5503626107977437,560,681,1241,0.0,0.000833347222454428,0.5503626107977407,0.0
7291,6.075934598909982,0.5503626107977437,560,681,1241,0.0,0.0008333472224535399,0.5503626107977407,0.0
7292,6.076767946132436,0.5503626107977437,560,681,1241,0.0,0.0008333472224535399,0.5503626107977407,0.0
7293,6.077601293354889,0.5503626107977437,560,681,1241,0.0,0.0008333472224535399,0.5503626107977407,0.0
7294,6.078434640577343,0.5503626107977437,560,681,1241,0.0,0.0008333472224535399,0.5503626107977407,0.0
7295,6.079267987799797,0.5503626107977437,560,681,1241,0.0,0.000833347222454428,0.5503626107977407,0.0
7296,6.080101335022251,0.5503626107977437,560,681,1241,0.0,0.0008333472224535399,0.5503626107977407,0.0
7297,6.080934682244704,0.5503626107977437,560,681,1241,0.0,0.0008333472224535399,0.5503626107977407,0.0
7298,6.081768029467158,0.5503626107977437,560,681,1241,0.0,0.0008333472224535399,0.5503626107977407,0.0
7299,6.082601376689611,0.5503626107977437,560,681,1241,0.0,0.0008333472224535399,0.5503626107977407,0.0
7300,6.083434723912066,0.5503626107977437,560,681,1241,0.0,0.000833347222454428,0.5503626107977407,0.0
7301,6.084268071134519,0.5503626107977437,560,681,1241,0.0,0.0008333472224535399,0.5503626107977407,0.0
7302,6.085101418356973,0.5503626107977437,560,681,1241,0.0,0.0008333472224535399,0.5503626107977407,0.0
7303,6.0859347655794265,0.5503626107977437,560,681,1241,0.0,0.0008333472224535399,0.5503626107977407,0.0
7304,6.08676811280188,0.5503626107977437,560,681,1241,0.0,0.0008333472224535399,0.5503626107977407,0.0
7305,6.0876014600243336,0.5503626107977437,560,681,1241,0.0,0.0008333472224535399,0.5503626107977407,0.0
7306,6.088434807246788,0.5495568090249798,560,681,1241,-0.0008058017727639033,0.000833347222454428,0.5502820306204643,-8.058017727639034e-05
7307,6.0892681544692415,0.5495568090249798,560,681,1241,0.0,0.0008333472224535399,0.5502014504431879,-8.058017727639034e-05
7308,6.090101501691695,0.5495568090249798,560,681,1241,0.0,0.0008333472224535399,0.5501208702659116,-8.058017727639034e-05
7309,6.090934848914149,0.5495568090249798,560,681,1241,0.0,0.0008333472224535399,0.5500402900886352,-8.058017727639034e-05
7310,6.091768196136602,0.5495568090249798,560,681,1241,0.0,0.0008333472224535399,0.5499597099113589,-8.058017727639034e-05
7311,6.092601543359057,0.5495568090249798,560,681,1241,0.0,0.000833347222454428,0.5498791297340826,-8.058017727639034e-05
7312,6.09343489058151,0.5495568090249798,560,681,1241,0.0,0.0008333472224535399,0.5497985495568062,-8.058017727639034e-05
7313,6.094268237803964,0.5495568090249798,560,681,1241,0.0,0.0008333472224535399,0.5497179693795299,-8.058017727639034e-05
7314,6.095101585026417,0.5495568090249798,560,681,1241,0.0,0.0008333472224535399,0.5496373892022535,-8.058017727639034e-05
7315,6.095934932248871,0.5495568090249798,560,681,1241,0.0,0.0008333472224535399,0.5495568090249772,-8.058017727639034e-05
7316,6.096768279471325,0.5495568090249798,560,681,1241,0.0,0.000833347222454428,0.5495568090249773,0.0
7317,6.097601626693779,0.5495568090249798,560,681,1241,0.0,0.0008333472224535399,0.5495568090249773,0.0
7318,6.098434973916232,0.5495568090249798,560,681,1241,0.0,0.0008333472224535399,0.5495568090249773,0.0
7319,6.099268321138686,0.5495568090249798,560,681,1241,0.0,0.0008333472224535399,0.5495568090249773,0.0
7320,6.100101668361139,0.5495568090249798,560,681,1241,0.0,0.0008333472224535399,0.5495568090249773,0.0
7321,6.100935015583594,0.5495568090249798,560,681,1241,0.0,0.000833347222454428,0.5495568090249773,0.0
7322,6.101768362806047,0.5495568090249798,560,681,1241,0.0,0.0008333472224535399,0.5495568090249773,0.0
7323,6.102601710028501,0.5495568090249798,560,681,1241,0.0,0.0008333472224535399,0.5495568090249773,0.0
7324,6.103435057250954,0.5495568090249798,560,681,1241,0.0,0.0008333472224535399,0.5495568090249773,0.0
7325,6.104268404473408,0.5495568090249798,560,681,1241,0.0,0.0008333472224535399,0.5495568090249773,0.0
7326,6.1051017516958614,0.5495568090249798,560,681,1241,0.0,0.0008333472224535399,0.5495568090249773,0.0
7327,6.105935098918316,0.5495568090249798,560,681,1241,0.0,0.000833347222454428,0.5495568090249773,0.0
7328,6.106768446140769,0.5495568090249798,560,681,1241,0.0,0.0008333472224535399,0.5495568090249773,0.0
7329,6.107601793363223,0.5495568090249798,560,681,1241,0.0,0.0008333472224535399,0.5495568090249773,0.0
7330,6.1084351405856765,0.5495568090249798,560,681,1241,0.0,0.0008333472224535399,0.5495568090249773,0.0
7331,6.10926848780813,0.5495568090249798,560,681,1241,0.0,0.0008333472224535399,0.5495568090249773,0.0
7332,6.1101018350305845,0.5495568090249798,560,681,1241,0.0,0.000833347222454428,0.5495568090249773,0.0
7333,6.110935182253038,0.5495568090249798,560,681,1241,0.0,0.0008333472224535399,0.5495568090249773,0.0
7334,6.1117685294754915,0.5495568090249798,560,681,1241,0.0,0.0008333472224535399,0.5495568090249773,0.0
7335,6.112601876697945,0.5495568090249798,560,681,1241,0.0,0.0008333472224535399,0.5495568090249773,0.0
7336,6.113435223920399,0.5495568090249798,560,681,1241,0.0,0.0008333472224535399,0.5495568090249773,0.0
7337,6.114268571142853,0.5495568090249798,560,681,1241,0.0,0.000833347222454428,0.5495568090249773,0.0
7338,6.115101918365307,0.5495568090249798,560,681,1241,0.0,0.0008333472224535399,0.5495568090249773,0.0
7339,6.11593526558776,0.5495568090249798,560,681,1241,0.0,0.0008333472224535399,0.5495568090249773,0.0
7340,6.116768612810214,0.5495568090249798,560,681,1241,0.0,0.0008333472224535399,0.5495568090249773,0.0
7341,6.117601960032667,0.5495568090249798,560,681,1241,0.0,0.0008333472224535399,0.5495568090249773,0.0
7342,6.118435307255121,0.5495568090249798,560,681,1241,0.0,0.0008333472224535399,0.5495568090249773,0.0
7343,6.119268654477575,0.5495568090249798,560,681,1241,0.0,0.000833347222454428,0.5495568090249773,0.0
7344,6.120102001700029,0.5495568090249798,560,681,1241,0.0,0.0008333472224535399,0.5495568090249773,0.0
7345,6.120935348922482,0.5495568090249798,560,681,1241,0.0,0.0008333472224535399,0.5495568090249773,0.0
7346,6.121768696144936,0.5487510072522159,560,681,1241,-0.0008058017727639033,0.0008333472224535399,0.5494762288477009,-8.058017727639034e-05
7347,6.122602043367389,0.5487510072522159,560,681,1241,0.0,0.0008333472224535399,0.5493956486704246,-8.058017727639034e-05
7348,6.123435390589844,0.5487510072522159,560,681,1241,0.0,0.000833347222454428,0.5493150684931483,-8.058017727639034e-05
7349,6.124268737812297,0.5487510072522159,560,681,1241,0.0,0.0008333472224535399,0.5492344883158718,-8.058017727639034e-05
7350,6.125102085034751,0.5487510072522159,560,681,1241,0.0,0.0008333472224535399,0.5491539081385955,-8.058017727639034e-05
7351,6.125935432257204,0.5487510072522159,560,681,1241,0.0,0.0008333472224535399,0.5490733279613191,-8.058017727639034e-05
7352,6.126768779479658,0.5487510072522159,560,681,1241,0.0,0.0008333472224535399,0.5489927477840428,-8.058017727639034e-05
7353,6.127602126702112,0.5487510072522159,560,681,1241,0.0,0.000833347222454428,0.5489121676067665,-8.058017727639034e-05
7354,6.128435473924566,0.5487510072522159,560,681,1241,0.0,0.0008333472224535399,0.5488315874294901,-8.058017727639034e-05
7355,6.129268821147019,0.5487510072522159,560,681,1241,0.0,0.0008333472224535399,0.5487510072522138,-8.058017727639034e-05
7356,6.130102168369473,0.5487510072522159,560,681,1241,0.0,0.0008333472224535399,0.5487510072522138,0.0
7357,6.1309355155919265,0.5487510072522159,560,681,1241,0.0,0.0008333472224535399,0.5487510072522138,0.0
7358,6.131768862814381,0.5487510072522159,560,681,1241,0.0,0.000833347222454428,0.5487510072522138,0.0
7359,6.1326022100368345,0.5487510072522159,560,681,1241,0.0,0.0008333472224535399,0.5487510072522138,0.0
7360,6.133435557259288,0.5487510072522159,560,681,1241,0.0,0.0008333472224535399,0.5487510072522138,0.0
7361,6.134268904481742,0.5487510072522159,560,681,1241,0.0,0.0008333472224535399,0.5487510072522138,0.0
7362,6.135102251704195,0.5495568090249798,560,681,1241,0.0008058017727639033,0.0008333472224535399,0.5488315874294901,8.058017727639034e-05
7363,6.135935598926649,0.5495568090249798,560,681,1241,0.0,0.0008333472224535399,0.5489121676067665,8.058017727639034e-05
7364,6.136768946149103,0.5495568090249798,560,681,1241,0.0,0.000833347222454428,0.5489927477840428,8.058017727639034e-05
7365,6.137602293371557,0.5495568090249798,560,681,1241,0.0,0.0008333472224535399,0.5490733279613191,8.058017727639034e-05
7366,6.13843564059401,0.5487510072522159,560,681,1241,-0.0008058017727639033,0.0008333472224535399,0.5490733279613191,0.0
7367,6.139268987816464,0.5487510072522159,560,681,1241,0.0,0.0008333472224535399,0.5490733279613191,0.0
7368,6.140102335038917,0.5487510072522159,560,681,1241,0.0,0.0008333472224535399,0.5490733279613191,0.0
7369,6.140935682261372,0.5487510072522159,560,681,1241,0.0,0.000833347222454428,0.5490733279613191,0.0
7370,6.141769029483825,0.5487510072522159,560,681,1241,0.0,0.0008333472224535399,0.5490733279613191,0.0
7371,6.142602376706279,0.5487510072522159,560,681,1241,0.0,0.0008333472224535399,0.5490733279613191,0.0
7372,6.143435723928732,0.5487510072522159,560,681,1241,0.0,0.0008333472224535399,0.5489927477840428,-8.058017727639034e-05
7373,6.144269071151186,0.5487510072522159,560,681,1241,0.0,0.0008333472224535399,0.5489121676067665,-8.058017727639034e-05
7374,6.14510241837364,0.5487510072522159,560,681,1241,0.0,0.000833347222454428,0.5488315874294901,-8.058017727639034e-05
7375,6.145935765596094,0.5487510072522159,560,681,1241,0.0,0.0008333472224535399,0.5487510072522138,-8.058017727639034e-05
7376,6.146769112818547,0.5487510072522159,560,681,1241,0.0,0.0008333472224535399,0.5487510072522138,0.0
7377,6.147602460041001,0.5487510072522159,560,681,1241,0.0,0.0008333472224535399,0.5487510072522138,0.0
7378,6.148435807263454,0.5487510072522159,560,681,1241,0.0,0.0008333472224535399,0.5487510072522138,0.0
7379,6.149269154485908,0.5487510072522159,560,681,1241,0.0,0.0008333472224535399,0.5487510072522138,0.0
7380,6.150102501708362,0.5487510072522159,560,681,1241,0.0,0.000833347222454428,0.5487510072522138,0.0
7381,6.150935848930816,0.5487510072522159,560,681,1241,0.0,0.0008333472224535399,0.5487510072522138,0.0
7382,6.1517691961532694,0.5487510072522159,560,681,1241,0.0,0.0008333472224535399,0.5487510072522138,0.0
7383,6.152602543375723,0.5487510072522159,560,681,1241,0.0,0.0008333472224535399,0.5487510072522138,0.0
7384,6.1534358905981765,0.5487510072522159,560,681,1241,0.0,0.0008333472224535399,0.5487510072522138,0.0
7385,6.154269237820631,0.5487510072522159,560,681,1241,0.0,0.000833347222454428,0.5487510072522138,0.0
7386,6.1551025850430845,0.5487510072522159,560,681,1241,0.0,0.0008333472224535399,0.5487510072522138,0.0
7387,6.155935932265538,0.5487510072522159,560,681,1241,0.0,0.0008333472224535399,0.5487510072522138,0.0
7388,6.156769279487992,0.5487510072522159,560,681,1241,0.0,0.0008333472224535399,0.5487510072522138,0.0
7389,6.157602626710445,0.5487510072522159,560,681,1241,0.0,0.0008333472224535399,0.5487510072522138,0.0
7390,6.1584359739328995,0.5487510072522159,560,681,1241,0.0,0.000833347222454428,0.5487510072522138,0.0
7391,6.159269321155353,0.5487510072522159,560,681,1241,0.0,0.0008333472224535399,0.5487510072522138,0.0
7392,6.160102668377807,0.5487510072522159,560,681,1241,0.0,0.0008333472224535399,0.5487510072522138,0.0
7393,6.16093601560026,0.5487510072522159,560,681,1241,0.0,0.0008333472224535399,0.5487510072522138,0.0
7394,6.161769362822714,0.5487510072522159,560,681,1241,0.0,0.0008333472224535399,0.5487510072522138,0.0
7395,6.162602710045167,0.5487510072522159,560,681,1241,0.0,0.0008333472224535399,0.5487510072522138,0.0
7396,6.163436057267622,0.5487510072522159,560,681,1241,0.0,0.000833347222454428,0.5487510072522138,0.0
7397,6.164269404490075,0.5487510072522159,560,681,1241,0.0,0.0008333472224535399,0.5487510072522138,0.0
7398,6.165102751712529,0.5487510072522159,560,681,1241,0.0,0.0008333472224535399,0.5487510072522138,0.0
7399,6.165936098934982,0.5487510072522159,560,681,1241,0.0,0.0008333472224535399,0.5487510072522138,0.0
7400,6.166769446157436,0.5495568090249798,560,681,1241,0.0008058017727639033,0.0008333472224535399,0.5488315874294901,8.058017727639034e-05
7401,6.16760279337989,0.5495568090249798,560,681,1241,0.0,0.000833347222454428,0.5489121676067665,8.058017727639034e-05
7402,6.168436140602344,0.5495568090249798,560,681,1241,0.0,0.0008333472224535399,0.5489927477840428,8.058017727639034e-05
7403,6.169269487824797,0.5495568090249798,560,681,1241,0.0,0.0008333472224535399,0.5490733279613191,8.058017727639034e-05
7404,6.170102835047251,0.5495568090249798,560,681,1241,0.0,0.0008333472224535399,0.5491539081385955,8.058017727639034e-05
7405,6.170936182269704,0.5495568090249798,560,681,1241,0.0,0.0008333472224535399,0.5492344883158718,8.058017727639034e-05
7406,6.171769529492159,0.5495568090249798,560,681,1241,0.0,0.000833347222454428,0.5493150684931483,8.058017727639034e-05
7407,6.172602876714612,0.5495568090249798,560,681,1241,0.0,0.0008333472224535399,0.5493956486704246,8.058017727639034e-05
7408,6.173436223937066,0.5495568090249798,560,681,1241,0.0,0.0008333472224535399,0.5494762288477009,8.058017727639034e-05
7409,6.1742695711595195,0.5495568090249798,560,681,1241,0.0,0.0008333472224535399,0.5495568090249773,8.058017727639034e-05
7410,6.175102918381973,0.5495568090249798,560,681,1241,0.0,0.0008333472224535399,0.5495568090249773,0.0
7411,6.175936265604427,0.5495568090249798,560,681,1241,0.0,0.000833347222454428,0.5495568090249773,0.0
7412,6.176769612826881,0.5495568090249798,560,681,1241,0.0,0.0008333472224535399,0.5495568090249773,0.0
7413,6.1776029600493345,0.5495568090249798,560,681,1241,0.0,0.0008333472224535399,0.5495568090249773,0.0
7414,6.178436307271788,0.5495568090249798,560,681,1241,0.0,0.0008333472224535399,0.5495568090249773,0.0
7415,6.179269654494242,0.5495568090249798,560,681,1241,0.0,0.0008333472224535399,0.5495568090249773,0.0
7416,6.180103001716695,0.5495568090249798,560,681,1241,0.0,0.0008333472224535399,0.5495568090249773,0.0
7417,6.18093634893915,0.5495568090249798,560,681,1241,0.0,0.000833347222454428,0.5495568090249773,0.0
7418,6.181769696161603,0.5495568090249798,560,681,1241,0.0,0.0008333472224535399,0.5495568090249773,0.0
7419,6.182603043384057,0.5495568090249798,560,681,1241,0.0,0.0008333472224535399,0.5495568090249773,0.0
7420,6.18343639060651,0.5495568090249798,560,681,1241,0.0,0.0008333472224535399,0.5495568090249773,0.0
7421,6.184269737828964,0.5495568090249798,560,681,1241,0.0,0.0008333472224535399,0.5495568090249773,0.0
7422,6.185103085051418,0.5495568090249798,560,681,1241,0.0,0.000833347222454428,0.5495568090249773,0.0
7423,6.185936432273872,0.5495568090249798,560,681,1241,0.0,0.0008333472224535399,0.5495568090249773,0.0
7424,6.186769779496325,0.5495568090249798,560,681,1241,0.0,0.0008333472224535399,0.5495568090249773,0.0
7425,6.187603126718779,0.5495568090249798,560,681,1241,0.0,0.0008333472224535399,0.5495568090249773,0.0
7426,6.188436473941232,0.5495568090249798,560,681,1241,0.0,0.0008333472224535399,0.5495568090249773,0.0
7427,6.189269821163687,0.5495568090249798,560,681,1241,0.0,0.000833347222454428,0.5495568090249773,0.0
7428,6.19010316838614,0.5495568090249798,560,681,1241,0.0,0.0008333472224535399,0.5495568090249773,0.0
7429,6.190936515608594,0.5495568090249798,560,681,1241,0.0,0.0008333472224535399,0.5495568090249773,0.0
7430,6.191769862831047,0.5495568090249798,560,681,1241,0.0,0.0008333472224535399,0.5495568090249773,0.0
7431,6.192603210053501,0.5495568090249798,560,681,1241,0.0,0.0008333472224535399,0.5495568090249773,0.0
7432,6.193436557275954,0.5495568090249798,560,681,1241,0.0,0.0008333472224535399,0.5495568090249773,0.0
7433,6.194269904498409,0.5495568090249798,560,681,1241,0.0,0.000833347222454428,0.5495568090249773,0.0
7434,6.195103251720862,0.5503626107977437,560,681,1241,0.0008058017727639033,0.0008333472224535399,0.5496373892022536,8.058017727639034e-05
7435,6.195936598943316,0.5503626107977437,560,681,1241,0.0,0.0008333472224535399,0.54971796937953,8.058017727639034e-05
7436,6.1967699461657695,0.5503626107977437,560,681,1241,0.0,0.0008333472224535399,0.5497985495568063,8.058017727639034e-05
7437,6.197603293388223,0.5503626107977437,560,681,1241,0.0,0.0008333472224535399,0.5498791297340826,8.058017727639034e-05
7438,6.1984366406106775,0.5503626107977437,560,681,1241,0.0,0.000833347222454428,0.549959709911359,8.058017727639034e-05
7439,6.199269987833131,0.5503626107977437,560,681,1241,0.0,0.0008333472224535399,0.5500402900886353,8.058017727639034e-05
7440,6.2001033350555845,0.5503626107977437,560,681,1241,0.0,0.0008333472224535399,0.5501208702659117,8.058017727639034e-05
7441,6.200936682278038,0.5503626107977437,560,681,1241,0.0,0.0008333472224535399,0.550201450443188,8.058017727639034e-05
7442,6.201770029500492,0.5495568090249798,560,681,1241,-0.0008058017727639033,0.0008333472224535399,0.550201450443188,0.0
7443,6.202603376722946,0.5495568090249798,560,681,1241,0.0,0.000833347222454428,0.550201450443188,0.0
7444,6.2034367239454,0.5495568090249798,560,681,1241,0.0,0.0008333472224535399,0.5501208702659116,-8.058017727639034e-05
7445,6.204270071167853,0.5495568090249798,560,681,1241,0.0,0.0008333472224535399,0.5500402900886352,-8.058017727639034e-05
7446,6.205103418390307,0.5495568090249798,560,681,1241,0.0,0.0008333472224535399,0.5499597099113589,-8.058017727639034e-05
7447,6.20593676561276,0.5495568090249798,560,681,1241,0.0,0.0008333472224535399,0.5498791297340826,-8.058017727639034e-05
7448,6.206770112835215,0.5495568090249798,560,681,1241,0.0,0.000833347222454428,0.5497985495568062,-8.058017727639034e-05
7449,6.207603460057668,0.5495568090249798,560,681,1241,0.0,0.0008333472224535399,0.5497179693795299,-8.058017727639034e-05
7450,6.208436807280122,0.5495568090249798,560,681,1241,0.0,0.0008333472224535399,0.5496373892022535,-8.058017727639034e-05
7451,6.209270154502575,0.5495568090249798,560,681,1241,0.0,0.0008333472224535399,0.5495568090249772,-8.058017727639034e-05
7452,6.210103501725029,0.5495568090249798,560,681,1241,0.0,0.0008333472224535399,0.5495568090249773,0.0
7453,6.210936848947482,0.5495568090249798,560,681,1241,0.0,0.0008333472224535399,0.5495568090249773,0.0
7454,6.211770196169937,0.5495568090249798,560,681,1241,0.0,0.000833347222454428,0.5495568090249773,0.0
7455,6.21260354339239,0.5495568090249798,560,681,1241,0.0,0.0008333472224535399,0.5495568090249773,0.0
7456,6.213436890614844,0.5495568090249798,560,681,1241,0.0,0.0008333472224535399,0.5495568090249773,0.0
7457,6.214270237837297,0.5495568090249798,560,681,1241,0.0,0.0008333472224535399,0.5495568090249773,0.0
7458,6.215103585059751,0.5495568090249798,560,681,1241,0.0,0.0008333472224535399,0.5495568090249773,0.0
7459,6.215936932282205,0.5495568090249798,560,681,1241,0.0,0.000833347222454428,0.5495568090249773,0.0
7460,6.216770279504659,0.5495568090249798,560,681,1241,0.0,0.0008333472224535399,0.5495568090249773,0.0
7461,6.217603626727112,0.5495568090249798,560,681,1241,0.0,0.0008333472224535399,0.5495568090249773,0.0
7462,6.218436973949566,0.5495568090249798,560,681,1241,0.0,0.0008333472224535399,0.5495568090249773,0.0
7463,6.2192703211720195,0.5495568090249798,560,681,1241,0.0,0.0008333472224535399,0.5495568090249773,0.0
7464,6.220103668394474,0.5495568090249798,560,681,1241,0.0,0.000833347222454428,0.5495568090249773,0.0
7465,6.2209370156169275,0.5495568090249798,560,681,1241,0.0,0.0008333472224535399,0.5495568090249773,0.0
7466,6.221770362839381,0.5495568090249798,560,681,1241,0.0,0.0008333472224535399,0.5495568090249773,0.0
7467,6.2226037100618345,0.5495568090249798,560,681,1241,0.0,0.0008333472224535399,0.5495568090249773,0.0
7468,6.223437057284288,0.5495568090249798,560,681,1241,0.0,0.0008333472224535399,0.5495568090249773,0.0
7469,6.224270404506742,0.5495568090249798,560,681,1241,0.0,0.0008333472224535399,0.5495568090249773,0.0
7470,6.225103751729196,0.5495568090249798,560,681,1241,0.0,0.000833347222454428,0.5495568090249773,0.0
7471,6.22593709895165,0.5495568090249798,560,681,1241,0.0,0.0008333472224535399,0.5495568090249773,0.0
7472,6.226770446174103,0.5495568090249798,560,681,1241,0.0,0.0008333472224535399,0.5495568090249773,0.0
7473,6.227603793396557,0.5495568090249798,560,681,1241,0.0,0.0008333472224535399,0.5495568090249773,0.0
7474,6.22843714061901,0.5495568090249798,560,681,1241,0.0,0.0008333472224535399,0.5495568090249773,0.0
7475,6.229270487841465,0.5495568090249798,560,681,1241,0.0,0.000833347222454428,0.5495568090249773,0.0
7476,6.230103835063918,0.5495568090249798,560,681,1241,0.0,0.0008333472224535399,0.5495568090249773,0.0
7477,6.230937182286372,0.5495568090249798,560,681,1241,0.0,0.0008333472224535399,0.5495568090249773,0.0
7478,6.231770529508825,0.5495568090249798,560,681,1241,0.0,0.0008333472224535399,0.5495568090249773,0.0
7479,6.232603876731279,0.5495568090249798,560,681,1241,0.0,0.0008333472224535399,0.5495568090249773,0.0
7480,6.233437223953733,0.5487510072522159,560,681,1241,-0.0008058017727639033,0.000833347222454428,0.5494762288477009,-8.058017727639034e-05
7481,6.234270571176187,0.5487510072522159,560,681,1241,0.0,0.0008333472224535399,0.5493956486704246,-8.058017727639034e-05
7482,6.23510391839864,0.5487510072522159,560,681,1241,0.0,0.0008333472224535399,0.5493150684931483,-8.058017727639034e-05
7483,6.235937265621094,0.5487510072522159,560,681,1241,0.0,0.0008333472224535399,0.5492344883158718,-8.058017727639034e-05
7484,6.236770612843547,0.5487510072522159,560,681,1241,0.0,0.0008333472224535399,0.5491539081385955,-8.058017727639034e-05
7485,6.237603960066001,0.5487510072522159,560,681,1241,0.0,0.0008333472224535399,0.5490733279613191,-8.058017727639034e-05
7486,6.238437307288455,0.5487510072522159,560,681,1241,0.0,0.000833347222454428,0.5489927477840428,-8.058017727639034e-05
7487,6.239270654510909,0.5487510072522159,560,681,1241,0.0,0.0008333472224535399,0.5489121676067665,-8.058017727639034e-05
7488,6.240104001733362,0.5487510072522159,560,681,1241,0.0,0.0008333472224535399,0.5488315874294901,-8.058017727639034e-05
7489,6.240937348955816,0.5487510072522159,560,681,1241,0.0,0.0008333472224535399,0.5487510072522138,-8.058017727639034e-05
7490,6.2417706961782695,0.5487510072522159,560,681,1241,0.0,0.0008333472224535399,0.5487510072522138,0.0
7491,6.242604043400724,0.5487510072522159,560,681,1241,0.0,0.000833347222454428,0.5487510072522138,0.0
7492,6.2434373906231775,0.5487510072522159,560,681,1241,0.0,0.0008333472224535399,0.5487510072522138,0.0
7493,6.244270737845631,0.5487510072522159,560,681,1241,0.0,0.0008333472224535399,0.5487510072522138,0.0
7494,6.245104085068085,0.5487510072522159,560,681,1241,0.0,0.0008333472224535399,0.5487510072522138,0.0
7495,6.245937432290538,0.5487510072522159,560,681,1241,0.0,0.0008333472224535399,0.5487510072522138,0.0
7496,6.2467707795129925,0.5487510072522159,560,681,1241,0.0,0.000833347222454428,0.5487510072522138,0.0
7497,6.247604126735446,0.5487510072522159,560,681,1241,0.0,0.0008333472224535399,0.5487510072522138,0.0
7498,6.2484374739579,0.5487510072522159,560,681,1241,0.0,0.0008333472224535399,0.5487510072522138,0.0
7499,6.249270821180353,0.5487510072522159,560,681,1241,0.0,0.0008333472224535399,0.5487510072522138,0.0
7500,6.250104168402807,0.5487510072522159,560,681,1241,0.0,0.0008333472224535399,0.5487510072522138,0.0
7501,6.250937515625261,0.5487510072522159,560,681,1241,0.0,0.000833347222454428,0.5487510072522138,0.0
7502,6.251770862847715,0.5487510072522159,560,681,1241,0.0,0.0008333472224535399,0.5487510072522138,0.0
7503,6.252604210070168,0.5487510072522159,560,681,1241,0.0,0.0008333472224535399,0.5487510072522138,0.0
7504,6.253437557292622,0.5487510072522159,560,681,1241,0.0,0.0008333472224535399,0.5487510072522138,0.0
7505,6.254270904515075,0.5487510072522159,560,681,1241,0.0,0.0008333472224535399,0.5487510072522138,0.0
7506,6.255104251737529,0.5487510072522159,560,681,1241,0.0,0.0008333472224535399,0.5487510072522138,0.0
7507,6.255937598959983,0.5487510072522159,560,681,1241,0.0,0.000833347222454428,0.5487510072522138,0.0
7508,6.256770946182437,0.5487510072522159,560,681,1241,0.0,0.0008333472224535399,0.5487510072522138,0.0
7509,6.25760429340489,0.5487510072522159,560,681,1241,0.0,0.0008333472224535399,0.5487510072522138,0.0
7510,6.258437640627344,0.5487510072522159,560,681,1241,0.0,0.0008333472224535399,0.5487510072522138,0.0
7511,6.259270987849797,0.5487510072522159,560,681,1241,0.0,0.0008333472224535399,0.5487510072522138,0.0
7512,6.260104335072252,0.5487510072522159,560,681,1241,0.0,0.000833347222454428,0.5487510072522138,0.0
7513,6.260937682294705,0.5487510072522159,560,681,1241,0.0,0.0008333472224535399,0.5487510072522138,0.0
7514,6.261771029517159,0.5487510072522159,560,681,1241,0.0,0.0008333472224535399,0.5487510072522138,0.0
7515,6.2626043767396125,0.5487510072522159,560,681,1241,0.0,0.0008333472224535399,0.5487510072522138,0.0
7516,6.263437723962066,0.5487510072522159,560,681,1241,0.0,0.0008333472224535399,0.5487510072522138,0.0
7517,6.26427107118452,0.5487510072522159,560,681,1241,0.0,0.000833347222454428,0.5487510072522138,0.0
7518,6.265104418406974,0.5487510072522159,560,681,1241,0.0,0.0008333472224535399,0.5487510072522138,0.0
7519,6.2659377656294275,0.5487510072522159,560,681,1241,0.0,0.0008333472224535399,0.5487510072522138,0.0
7520,6.266771112851881,0.5487510072522159,560,681,1241,0.0,0.0008333472224535399,0.5487510072522138,0.0
7521,6.267604460074335,0.5487510072522159,560,681,1241,0.0,0.0008333472224535399,0.5487510072522138,0.0
7522,6.268437807296788,0.5487510072522159,560,681,1241,0.0,0.0008333472224535399,0.5487510072522138,0.0
7523,6.2692711545192426,0.5487510072522159,560,681,1241,0.0,0.000833347222454428,0.5487510072522138,0.0
7524,6.270104501741696,0.5487510072522159,560,681,1241,0.0,0.0008333472224535399,0.5487510072522138,0.0
7525,6.27093784896415,0.5487510072522159,560,681,1241,0.0,0.0008333472224535399,0.5487510072522138,0.0
7526,6.271771196186603,0.5487510072522159,560,681,1241,0.0,0.0008333472224535399,0.5487510072522138,0.0
7527,6.272604543409057,0.5487510072522159,560,681,1241,0.0,0.0008333472224535399,0.5487510072522138,0.0
7528,6.273437890631511,0.5487510072522159,560,681,1241,0.0,0.000833347222454428,0.5487510072522138,0.0
7529,6.274271237853965,0.5487510072522159,560,681,1241,0.0,0.0008333472224535399,0.5487510072522138,0.0
7530,6.275104585076418,0.5487510072522159,560,681,1241,0.0,0.0008333472224535399,0.5487510072522138,0.0
7531,6.275937932298872,0.5487510072522159,560,681,1241,0.0,0.0008333472224535399,0.5487510072522138,0.0
7532,6.276771279521325,0.5487510072522159,560,681,1241,0.0,0.0008333472224535399,0.5487510072522138,0.0
7533,6.27760462674378,0.5487510072522159,560,681,1241,0.0,0.000833347222454428,0.5487510072522138,0.0
7534,6.278437973966233,0.5487510072522159,560,681,1241,0.0,0.0008333472224535399,0.5487510072522138,0.0
7535,6.279271321188687,0.5487510072522159,560,681,1241,0.0,0.0008333472224535399,0.5487510072522138,0.0
7536,6.28010466841114,0.5487510072522159,560,681,1241,0.0,0.0008333472224535399,0.5487510072522138,0.0
7537,6.280938015633594,0.5487510072522159,560,681,1241,0.0,0.0008333472224535399,0.5487510072522138,0.0
7538,6.281771362856047,0.5487510072522159,560,681,1241,0.0,0.0008333472224535399,0.5487510072522138,0.0
7539,6.282604710078502,0.5487510072522159,560,681,1241,0.0,0.000833347222454428,0.5487510072522138,0.0
7540,6.283438057300955,0.5487510072522159,560,681,1241,0.0,0.0008333472224535399,0.5487510072522138,0.0
7541,6.284271404523409,0.5487510072522159,560,681,1241,0.0,0.0008333472224535399,0.5487510072522138,0.0
7542,6.2851047517458625,0.5487510072522159,560,681,1241,0.0,0.0008333472224535399,0.5487510072522138,0.0
7543,6.285938098968316,0.5487510072522159,560,681,1241,0.0,0.0008333472224535399,0.5487510072522138,0.0
7544,6.28677144619077,0.5487510072522159,560,681,1241,0.0,0.000833347222454428,0.5487510072522138,0.0
7545,6.287604793413224,0.5487510072522159,560,681,1241,0.0,0.0008333472224535399,0.5487510072522138,0.0
7546,6.2884381406356775,0.5487510072522159,560,681,1241,0.0,0.0008333472224535399,0.5487510072522138,0.0
7547,6.289271487858131,0.5487510072522159,560,681,1241,0.0,0.0008333472224535399,0.5487510072522138,0.0
7548,6.290104835080585,0.5487510072522159,560,681,1241,0.0,0.0008333472224535399,0.5487510072522138,0.0
7549,6.290938182303039,0.5487510072522159,560,681,1241,0.0,0.000833347222454428,0.5487510072522138,0.0
7550,6.291771529525493,0.5487510072522159,560,681,1241,0.0,0.0008333472224535399,0.5487510072522138,0.0
7551,6.292604876747946,0.5487510072522159,560,681,1241,0.0,0.0008333472224535399,0.5487510072522138,0.0
7552,6.2934382239704,0.5487510072522159,560,681,1241,0.0,0.0008333472224535399,0.5487510072522138,0.0
7553,6.294271571192853,0.5487510072522159,560,681,1241,0.0,0.0008333472224535399,0.5487510072522138,0.0
7554,6.295104918415308,0.5487510072522159,560,681,1241,0.0,0.000833347222454428,0.5487510072522138,0.0
7555,6.295938265637761,0.5487510072522159,560,681,1241,0.0,0.0008333472224535399,0.5487510072522138,0.0
7556,6.296771612860215,0.5487510072522159,560,681,1241,0.0,0.0008333472224535399,0.5487510072522138,0.0
7557,6.297604960082668,0.5487510072522159,560,681,1241,0.0,0.0008333472224535399,0.5487510072522138,0.0
7558,6.298438307305122,0.5487510072522159,560,681,1241,0.0,0.0008333472224535399,0.5487510072522138,0.0
7559,6.299271654527575,0.5495568090249798,560,681,1241,0.0008058017727639033,0.0008333472224535399,0.5488315874294901,8.058017727639034e-05
7560,6.30010500175003,0.5495568090249798,560,681,1241,0.0,0.000833347222454428,0.5489121676067665,8.058017727639034e-05
7561,6.300938348972483,0.5495568090249798,560,681,1241,0.0,0.0008333472224535399,0.5489927477840428,8.058017727639034e-05
7562,6.301771696194937,0.5495568090249798,560,681,1241,0.0,0.0008333472224535399,0.5490733279613191,8.058017727639034e-05
7563,6.30260504341739,0.5495568090249798,560,681,1241,0.0,0.0008333472224535399,0.5491539081385955,8.058017727639034e-05
7564,6.303438390639844,0.5495568090249798,560,681,1241,0.0,0.0008333472224535399,0.5492344883158718,8.058017727639034e-05
7565,6.304271737862298,0.5495568090249798,560,681,1241,0.0,0.000833347222454428,0.5493150684931483,8.058017727639034e-05
7566,6.305105085084752,0.5495568090249798,560,681,1241,0.0,0.0008333472224535399,0.5493956486704246,8.058017727639034e-05
7567,6.305938432307205,0.5495568090249798,560,681,1241,0.0,0.0008333472224535399,0.5494762288477009,8.058017727639034e-05
7568,6.306771779529659,0.5495568090249798,560,681,1241,0.0,0.0008333472224535399,0.5495568090249773,8.058017727639034e-05
7569,6.3076051267521125,0.5495568090249798,560,681,1241,0.0,0.0008333472224535399,0.5495568090249773,0.0
7570,6.308438473974567,0.5495568090249798,560,681,1241,0.0,0.000833347222454428,0.5495568090249773,0.0
7571,6.3092718211970205,0.5495568090249798,560,681,1241,0.0,0.0008333472224535399,0.5495568090249773,0.0
7572,6.310105168419474,0.5495568090249798,560,681,1241,0.0,0.0008333472224535399,0.5495568090249773,0.0
7573,6.3109385156419275,0.5495568090249798,560,681,1241,0.0,0.0008333472224535399,0.5495568090249773,0.0
7574,6.311771862864381,0.5495568090249798,560,681,1241,0.0,0.0008333472224535399,0.5495568090249773,0.0
7575,6.312605210086835,0.5495568090249798,560,681,1241,0.0,0.0008333472224535399,0.5495568090249773,0.0
7576,6.313438557309289,0.5495568090249798,560,681,1241,0.0,0.000833347222454428,0.5495568090249773,0.0
7577,6.314271904531743,0.5495568090249798,560,681,1241,0.0,0.0008333472224535399,0.5495568090249773,0.0
7578,6.315105251754196,0.5495568090249798,560,681,1241,0.0,0.0008333472224535399,0.5495568090249773,0.0
7579,6.31593859897665,0.5495568090249798,560,681,1241,0.0,0.0008333472224535399,0.5495568090249773,0.0
7580,6.316771946199103,0.5495568090249798,560,681,1241,0.0,0.0008333472224535399,0.5495568090249773,0.0
7581,6.317605293421558,0.5495568090249798,560,681,1241,0.0,0.000833347222454428,0.5495568090249773,0.0
7582,6.318438640644011,0.5495568090249798,560,681,1241,0.0,0.0008333472224535399,0.5495568090249773,0.0
7583,6.319271987866465,0.5495568090249798,560,681,1241,0.0,0.0008333472224535399,0.5495568090249773,0.0
7584,6.320105335088918,0.5495568090249798,560,681,1241,0.0,0.0008333472224535399,0.5495568090249773,0.0
7585,6.320938682311372,0.5495568090249798,560,681,1241,0.0,0.0008333472224535399,0.5495568090249773,0.0
7586,6.321772029533826,0.5495568090249798,560,681,1241,0.0,0.000833347222454428,0.5495568090249773,0.0
7587,6.32260537675628,0.5495568090249798,560,681,1241,0.0,0.0008333472224535399,0.5495568090249773,0.0
7588,6.323438723978733,0.5495568090249798,560,681,1241,0.0,0.0008333472224535399,0.5495568090249773,0.0
7589,6.324272071201187,0.5495568090249798,560,681,1241,0.0,0.0008333472224535399,0.5495568090249773,0.0
7590,6.32510541842364,0.5495568090249798,560,681,1241,0.0,0.0008333472224535399,0.5495568090249773,0.0
7591,6.325938765646095,0.5495568090249798,560,681,1241,0.0,0.000833347222454428,0.5495568090249773,0.0
7592,6.326772112868548,0.5495568090249798,560,681,1241,0.0,0.0008333472224535399,0.5495568090249773,0.0
7593,6.327605460091002,0.5495568090249798,560,681,1241,0.0,0.0008333472224535399,0.5495568090249773,0.0
7594,6.328438807313455,0.5495568090249798,560,681,1241,0.0,0.0008333472224535399,0.5495568090249773,0.0
7595,6.329272154535909,0.5495568090249798,560,681,1241,0.0,0.0008333472224535399,0.5495568090249773,0.0
7596,6.3301055017583625,0.5495568090249798,560,681,1241,0.0,0.0008333472224535399,0.5495568090249773,0.0
7597,6.330938848980817,0.5495568090249798,560,681,1241,0.0,0.000833347222454428,0.5495568090249773,0.0
7598,6.3317721962032705,0.5495568090249798,560,681,1241,0.0,0.0008333472224535399,0.5495568090249773,0.0
7599,6.332605543425724,0.5495568090249798,560,681,1241,0.0,0.0008333472224535399,0.5495568090249773,0.0
7600,6.3334388906481776,0.5495568090249798,560,681,1241,0.0,0.0008333472224535399,0.5495568090249773,0.0
7601,6.334272237870631,0.5495568090249798,560,681,1241,0.0,0.0008333472224535399,0.5495568090249773,0.0
7602,6.3351055850930855,0.5495568090249798,560,681,1241,0.0,0.000833347222454428,0.5495568090249773,0.0
7603,6.335938932315539,0.5495568090249798,560,681,1241,0.0,0.0008333472224535399,0.5495568090249773,0.0
7604,6.336772279537993,0.5495568090249798,560,681,1241,0.0,0.0008333472224535399,0.5495568090249773,0.0
7605,6.337605626760446,0.5495568090249798,560,681,1241,0.0,0.0008333472224535399,0.5495568090249773,0.0
7606,6.3384389739829,0.5495568090249798,560,681,1241,0.0,0.0008333472224535399,0.5495568090249773,0.0
7607,6.339272321205354,0.5495568090249798,560,681,1241,0.0,0.000833347222454428,0.5495568090249773,0.0
7608,6.340105668427808,0.5495568090249798,560,681,1241,0.0,0.0008333472224535399,0.5495568090249773,0.0
7609,6.340939015650261,0.5503626107977437,560,681,1241,0.0008058017727639033,0.0008333472224535399,0.5496373892022536,8.058017727639034e-05
7610,6.341772362872715,0.5503626107977437,560,681,1241,0.0,0.0008333472224535399,0.54971796937953,8.058017727639034e-05
7611,6.342605710095168,0.5503626107977437,560,681,1241,0.0,0.0008333472224535399,0.5497985495568063,8.058017727639034e-05
7612,6.343439057317622,0.5503626107977437,560,681,1241,0.0,0.0008333472224535399,0.5498791297340826,8.058017727639034e-05
7613,6.344272404540076,0.5503626107977437,560,681,1241,0.0,0.000833347222454428,0.549959709911359,8.058017727639034e-05
7614,6.34510575176253,0.5503626107977437,560,681,1241,0.0,0.0008333472224535399,0.5500402900886353,8.058017727639034e-05
7615,6.345939098984983,0.5503626107977437,560,681,1241,0.0,0.0008333472224535399,0.5501208702659117,8.058017727639034e-05
7616,6.346772446207437,0.5503626107977437,560,681,1241,0.0,0.0008333472224535399,0.550201450443188,8.058017727639034e-05
7617,6.34760579342989,0.5503626107977437,560,681,1241,0.0,0.0008333472224535399,0.5502820306204643,8.058017727639034e-05
7618,6.348439140652345,0.5503626107977437,560,681,1241,0.0,0.000833347222454428,0.5503626107977407,8.058017727639034e-05
7619,6.349272487874798,0.5503626107977437,560,681,1241,0.0,0.0008333472224535399,0.5503626107977407,0.0
7620,6.350105835097252,0.5503626107977437,560,681,1241,0.0,0.0008333472224535399,0.5503626107977407,0.0
7621,6.3509391823197054,0.5487510072522159,560,681,1241,-0.0016116035455278066,0.0008333472224535399,0.5502014504431879,-0.00016116035455278067
7622,6.351772529542159,0.5487510072522159,560,681,1241,0.0,0.0008333472224535399,0.5500402900886352,-0.00016116035455278067
7623,6.352605876764613,0.5487510072522159,560,681,1241,0.0,0.000833347222454428,0.5498791297340824,-0.00016116035455278067
7624,6.353439223987067,0.5487510072522159,560,681,1241,0.0,0.0008333472224535399,0.5497179693795295,-0.00016116035455278067
7625,6.3542725712095205,0.5487510072522159,560,681,1241,0.0,0.0008333472224535399,0.5495568090249768,-0.00016116035455278067
7626,6.355105918431974,0.5487510072522159,560,681,1241,0.0,0.0008333472224535399,0.549395648670424,-0.00016116035455278067
7627,6.355939265654428,0.5487510072522159,560,681,1241,0.0,0.0008333472224535399,0.5492344883158713,-0.00016116035455278067
7628,6.356772612876881,0.5487510072522159,560,681,1241,0.0,0.0008333472224535399,0.5490733279613185,-0.00016116035455278067
7629,6.3576059600993355,0.5487510072522159,560,681,1241,0.0,0.000833347222454428,0.5489121676067656,-0.00016116035455278067
7630,6.358439307321789,0.5487510072522159,560,681,1241,0.0,0.0008333472224535399,0.5487510072522129,-0.00016116035455278067
7631,6.359272654544243,0.5487510072522159,560,681,1241,0.0,0.0008333472224535399,0.5487510072522129,0.0
7632,6.360106001766696,0.5487510072522159,560,681,1241,0.0,0.0008333472224535399,0.5487510072522129,0.0
7633,6.36093934898915,0.5487510072522159,560,681,1241,0.0,0.0008333472224535399,0.5487510072522129,0.0
7634,6.361772696211604,0.5487510072522159,560,681,1241,0.0,0.000833347222454428,0.5487510072522129,0.0
7635,6.362606043434058,0.5487510072522159,560,681,1241,0.0,0.0008333472224535399,0.5487510072522129,0.0
7636,6.363439390656511,0.5487510072522159,560,681,1241,0.0,0.0008333472224535399,0.5487510072522129,0.0
7637,6.364272737878965,0.5487510072522159,560,681,1241,0.0,0.0008333472224535399,0.5487510072522129,0.0
7638,6.365106085101418,0.5487510072522159,560,681,1241,0.0,0.0008333472224535399,0.5487510072522129,0.0
7639,6.365939432323873,0.5487510072522159,560,681,1241,0.0,0.000833347222454428,0.5487510072522129,0.0
7640,6.366772779546326,0.5487510072522159,560,681,1241,0.0,0.0008333472224535399,0.5487510072522129,0.0
7641,6.36760612676878,0.5487510072522159,560,681,1241,0.0,0.0008333472224535399,0.5487510072522129,0.0
7642,6.368439473991233,0.5487510072522159,560,681,1241,0.0,0.0008333472224535399,0.5487510072522129,0.0
7643,6.369272821213687,0.5487510072522159,560,681,1241,0.0,0.0008333472224535399,0.5487510072522129,0.0
7644,6.370106168436141,0.5487510072522159,560,681,1241,0.0,0.000833347222454428,0.5487510072522129,0.0
7645,6.370939515658595,0.5487510072522159,560,681,1241,0.0,0.0008333472224535399,0.5487510072522129,0.0
7646,6.371772862881048,0.5487510072522159,560,681,1241,0.0,0.0008333472224535399,0.5487510072522129,0.0
7647,6.372606210103502,0.5487510072522159,560,681,1241,0.0,0.0008333472224535399,0.5487510072522129,0.0
7648,6.3734395573259555,0.5487510072522159,560,681,1241,0.0,0.0008333472224535399,0.5487510072522129,0.0
7649,6.374272904548409,0.5487510072522159,560,681,1241,0.0,0.0008333472224535399,0.5487510072522129,0.0
7650,6.375106251770863,0.5487510072522159,560,681,1241,0.0,0.000833347222454428,0.5487510072522129,0.0
7651,6.375939598993317,0.5487510072522159,560,681,1241,0.0,0.0008333472224535399,0.5487510072522129,0.0
7652,6.3767729462157705,0.5487510072522159,560,681,1241,0.0,0.0008333472224535399,0.5487510072522129,0.0
7653,6.377606293438224,0.5487510072522159,560,681,1241,0.0,0.0008333472224535399,0.5487510072522129,0.0
7654,6.378439640660678,0.5487510072522159,560,681,1241,0.0,0.0008333472224535399,0.5487510072522129,0.0
7655,6.379272987883132,0.5487510072522159,560,681,1241,0.0,0.000833347222454428,0.5487510072522129,0.0
7656,6.380106335105586,0.5487510072522159,560,681,1241,0.0,0.0008333472224535399,0.5487510072522129,0.0
7657,6.380939682328039,0.5487510072522159,560,681,1241,0.0,0.0008333472224535399,0.5487510072522129,0.0
7658,6.381773029550493,0.5487510072522159,560,681,1241,0.0,0.0008333472224535399,0.5487510072522129,0.0
7659,6.382606376772946,0.5487510072522159,560,681,1241,0.0,0.0008333472224535399,0.5487510072522129,0.0
7660,6.383439723995401,0.5487510072522159,560,681,1241,0.0,0.000833347222454428,0.5487510072522129,0.0
7661,6.384273071217854,0.5487510072522159,560,681,1241,0.0,0.0008333472224535399,0.5487510072522129,0.0
7662,6.385106418440308,0.5487510072522159,560,681,1241,0.0,0.0008333472224535399,0.5487510072522129,0.0
7663,6.385939765662761,0.5487510072522159,560,681,1241,0.0,0.0008333472224535399,0.5487510072522129,0.0
7664,6.386773112885215,0.5487510072522159,560,681,1241,0.0,0.0008333472224535399,0.5487510072522129,0.0
7665,6.387606460107668,0.5487510072522159,560,681,1241,0.0,0.0008333472224535399,0.5487510072522129,0.0
7666,6.388439807330123,0.5487510072522159,560,681,1241,0.0,0.000833347222454428,0.5487510072522129,0.0
7667,6.389273154552576,0.5487510072522159,560,681,1241,0.0,0.0008333472224535399,0.5487510072522129,0.0
7668,6.39010650177503,0.5487510072522159,560,681,1241,0.0,0.0008333472224535399,0.5487510072522129,0.0
7669,6.390939848997483,0.5487510072522159,560,681,1241,0.0,0.0008333472224535399,0.5487510072522129,0.0
7670,6.391773196219937,0.5487510072522159,560,681,1241,0.0,0.0008333472224535399,0.5487510072522129,0.0
7671,6.392606543442391,0.5495568090249798,560,681,1241,0.0008058017727639033,0.000833347222454428,0.5488315874294892,8.058017727639034e-05
7672,6.393439890664845,0.5495568090249798,560,681,1241,0.0,0.0008333472224535399,0.5489121676067656,8.058017727639034e-05
7673,6.394273237887298,0.5495568090249798,560,681,1241,0.0,0.0008333472224535399,0.548992747784042,8.058017727639034e-05
7674,6.395106585109752,0.5495568090249798,560,681,1241,0.0,0.0008333472224535399,0.5490733279613182,8.058017727639034e-05
7675,6.3959399323322055,0.5495568090249798,560,681,1241,0.0,0.0008333472224535399,0.5491539081385947,8.058017727639034e-05
7676,6.39677327955466,0.5495568090249798,560,681,1241,0.0,0.000833347222454428,0.549234488315871,8.058017727639034e-05
7677,6.3976066267771134,0.5495568090249798,560,681,1241,0.0,0.0008333472224535399,0.5493150684931474,8.058017727639034e-05
7678,6.398439973999567,0.5495568090249798,560,681,1241,0.0,0.0008333472224535399,0.5493956486704237,8.058017727639034e-05
7679,6.3992733212220205,0.5495568090249798,560,681,1241,0.0,0.0008333472224535399,0.5494762288477,8.058017727639034e-05
7680,6.400106668444474,0.5495568090249798,560,681,1241,0.0,0.0008333472224535399,0.5495568090249764,8.058017727639034e-05
7681,6.4009400156669285,0.5495568090249798,560,681,1241,0.0,0.000833347222454428,0.5495568090249764,0.0
7682,6.401773362889382,0.5495568090249798,560,681,1241,0.0,0.0008333472224535399,0.5495568090249764,0.0
7683,6.402606710111836,0.5495568090249798,560,681,1241,0.0,0.0008333472224535399,0.5495568090249764,0.0
7684,6.403440057334289,0.5495568090249798,560,681,1241,0.0,0.0008333472224535399,0.5495568090249764,0.0
7685,6.404273404556743,0.5495568090249798,560,681,1241,0.0,0.0008333472224535399,0.5495568090249764,0.0
7686,6.405106751779196,0.5495568090249798,560,681,1241,0.0,0.0008333472224535399,0.5495568090249764,0.0
7687,6.405940099001651,0.5495568090249798,560,681,1241,0.0,0.000833347222454428,0.5495568090249764,0.0
7688,6.406773446224104,0.5495568090249798,560,681,1241,0.0,0.0008333472224535399,0.5495568090249764,0.0
7689,6.407606793446558,0.5495568090249798,560,681,1241,0.0,0.0008333472224535399,0.5495568090249764,0.0
7690,6.408440140669011,0.5503626107977437,560,681,1241,0.0008058017727639033,0.0008333472224535399,0.5496373892022527,8.058017727639034e-05
7691,6.409273487891465,0.5503626107977437,560,681,1241,0.0,0.0008333472224535399,0.5497179693795291,8.058017727639034e-05
7692,6.410106835113919,0.5503626107977437,560,681,1241,0.0,0.000833347222454428,0.5497985495568054,8.058017727639034e-05
7693,6.410940182336373,0.5503626107977437,560,681,1241,0.0,0.0008333472224535399,0.5498791297340817,8.058017727639034e-05
7694,6.411773529558826,0.5503626107977437,560,681,1241,0.0,0.0008333472224535399,0.5499597099113581,8.058017727639034e-05
7695,6.41260687678128,0.5503626107977437,560,681,1241,0.0,0.0008333472224535399,0.5500402900886344,8.058017727639034e-05
7696,6.413440224003733,0.5503626107977437,560,681,1241,0.0,0.0008333472224535399,0.5501208702659108,8.058017727639034e-05
7697,6.414273571226188,0.5503626107977437,560,681,1241,0.0,0.000833347222454428,0.5502014504431871,8.058017727639034e-05
7698,6.415106918448641,0.5503626107977437,560,681,1241,0.0,0.0008333472224535399,0.5502820306204634,8.058017727639034e-05
7699,6.415940265671095,0.5503626107977437,560,681,1241,0.0,0.0008333472224535399,0.5503626107977398,8.058017727639034e-05
7700,6.416773612893548,0.5503626107977437,560,681,1241,0.0,0.0008333472224535399,0.5503626107977398,0.0
7701,6.417606960116002,0.5503626107977437,560,681,1241,0.0,0.0008333472224535399,0.5503626107977398,0.0
7702,6.4184403073384555,0.5503626107977437,560,681,1241,0.0,0.0008333472224535399,0.5503626107977398,0.0
7703,6.41927365456091,0.5503626107977437,560,681,1241,0.0,0.000833347222454428,0.5503626107977398,0.0
7704,6.4201070017833635,0.5503626107977437,560,681,1241,0.0,0.0008333472224535399,0.5503626107977398,0.0
7705,6.420940349005817,0.5503626107977437,560,681,1241,0.0,0.0008333472224535399,0.5503626107977398,0.0
7706,6.4217736962282705,0.5503626107977437,560,681,1241,0.0,0.0008333472224535399,0.5503626107977398,0.0
7707,6.422607043450724,0.5503626107977437,560,681,1241,0.0,0.0008333472224535399,0.5503626107977398,0.0
7708,6.4234403906731785,0.5503626107977437,560,681,1241,0.0,0.000833347222454428,0.5503626107977398,0.0
7709,6.424273737895632,0.5503626107977437,560,681,1241,0.0,0.0008333472224535399,0.5503626107977398,0.0
7710,6.425107085118086,0.5503626107977437,560,681,1241,0.0,0.0008333472224535399,0.5503626107977398,0.0
7711,6.425940432340539,0.5503626107977437,560,681,1241,0.0,0.0008333472224535399,0.5503626107977398,0.0
7712,6.426773779562993,0.5503626107977437,560,681,1241,0.0,0.0008333472224535399,0.5503626107977398,0.0
7713,6.427607126785447,0.5503626107977437,560,681,1241,0.0,0.000833347222454428,0.5503626107977398,0.0
7714,6.428440474007901,0.5503626107977437,560,681,1241,0.0,0.0008333472224535399,0.5503626107977398,0.0
7715,6.429273821230354,0.5503626107977437,560,681,1241,0.0,0.0008333472224535399,0.5503626107977398,0.0
7716,6.430107168452808,0.5503626107977437,560,681,1241,0.0,0.0008333472224535399,0.5503626107977398,0.0
7717,6.430940515675261,0.5503626107977437,560,681,1241,0.0,0.0008333472224535399,0.5503626107977398,0.0
7718,6.431773862897715,0.5503626107977437,560,681,1241,0.0,0.0008333472224535399,0.5503626107977398,0.0
7719,6.432607210120169,0.5503626107977437,560,681,1241,0.0,0.000833347222454428,0.5503626107977398,0.0
7720,6.433440557342623,0.5503626107977437,560,681,1241,0.0,0.0008333472224535399,0.5503626107977398,0.0
7721,6.434273904565076,0.5503626107977437,560,681,1241,0.0,0.0008333472224535399,0.5503626107977398,0.0
7722,6.43510725178753,0.5503626107977437,560,681,1241,0.0,0.0008333472224535399,0.5503626107977398,0.0
7723,6.435940599009983,0.5495568090249798,560,681,1241,-0.0008058017727639033,0.0008333472224535399,0.5502820306204634,-8.058017727639034e-05
7724,6.436773946232438,0.5495568090249798,560,681,1241,0.0,0.000833347222454428,0.550201450443187,-8.058017727639034e-05
7725,6.437607293454891,0.5495568090249798,560,681,1241,0.0,0.0008333472224535399,0.5501208702659107,-8.058017727639034e-05
7726,6.438440640677345,0.5495568090249798,560,681,1241,0.0,0.0008333472224535399,0.5500402900886343,-8.058017727639034e-05
7727,6.439273987899798,0.5495568090249798,560,681,1241,0.0,0.0008333472224535399,0.549959709911358,-8.058017727639034e-05
7728,6.440107335122252,0.5495568090249798,560,681,1241,0.0,0.0008333472224535399,0.5498791297340817,-8.058017727639034e-05
7729,6.440940682344706,0.5495568090249798,560,681,1241,0.0,0.000833347222454428,0.5497985495568053,-8.058017727639034e-05
7730,6.44177402956716,0.5495568090249798,560,681,1241,0.0,0.0008333472224535399,0.549717969379529,-8.058017727639034e-05
7731,6.4426073767896135,0.5495568090249798,560,681,1241,0.0,0.0008333472224535399,0.5496373892022526,-8.058017727639034e-05
7732,6.443440724012067,0.5495568090249798,560,681,1241,0.0,0.0008333472224535399,0.5495568090249763,-8.058017727639034e-05
7733,6.444274071234521,0.5495568090249798,560,681,1241,0.0,0.0008333472224535399,0.5495568090249764,0.0
7734,6.445107418456975,0.5495568090249798,560,681,1241,0.0,0.000833347222454428,0.5495568090249764,0.0
7735,6.4459407656794285,0.5495568090249798,560,681,1241,0.0,0.0008333472224535399,0.5495568090249764,0.0
7736,6.446774112901882,0.5495568090249798,560,681,1241,0.0,0.0008333472224535399,0.5495568090249764,0.0
7737,6.447607460124336,0.5495568090249798,560,681,1241,0.0,0.0008333472224535399,0.5495568090249764,0.0
7738,6.448440807346789,0.5495568090249798,560,681,1241,0.0,0.0008333472224535399,0.5495568090249764,0.0
7739,6.449274154569243,0.5495568090249798,560,681,1241,0.0,0.0008333472224535399,0.5495568090249764,0.0
7740,6.450107501791697,0.5495568090249798,560,681,1241,0.0,0.000833347222454428,0.5495568090249764,0.0
7741,6.450940849014151,0.5495568090249798,560,681,1241,0.0,0.0008333472224535399,0.5495568090249764,0.0
7742,6.451774196236604,0.5495568090249798,560,681,1241,0.0,0.0008333472224535399,0.5495568090249764,0.0
7743,6.452607543459058,0.5495568090249798,560,681,1241,0.0,0.0008333472224535399,0.5495568090249764,0.0
7744,6.453440890681511,0.5495568090249798,560,681,1241,0.0,0.0008333472224535399,0.5495568090249764,0.0
7745,6.454274237903966,0.5495568090249798,560,681,1241,0.0,0.000833347222454428,0.5495568090249764,0.0
7746,6.455107585126419,0.5495568090249798,560,681,1241,0.0,0.0008333472224535399,0.5495568090249764,0.0
7747,6.455940932348873,0.5495568090249798,560,681,1241,0.0,0.0008333472224535399,0.5495568090249764,0.0
7748,6.456774279571326,0.5495568090249798,560,681,1241,0.0,0.0008333472224535399,0.5495568090249764,0.0
7749,6.45760762679378,0.5495568090249798,560,681,1241,0.0,0.0008333472224535399,0.5495568090249764,0.0
7750,6.458440974016234,0.5495568090249798,560,681,1241,0.0,0.000833347222454428,0.5495568090249764,0.0
7751,6.459274321238688,0.5495568090249798,560,681,1241,0.0,0.0008333472224535399,0.5495568090249764,0.0
7752,6.460107668461141,0.5495568090249798,560,681,1241,0.0,0.0008333472224535399,0.5495568090249764,0.0
7753,6.460941015683595,0.5495568090249798,560,681,1241,0.0,0.0008333472224535399,0.5495568090249764,0.0
7754,6.4617743629060485,0.5495568090249798,560,681,1241,0.0,0.0008333472224535399,0.5495568090249764,0.0
7755,6.462607710128502,0.5495568090249798,560,681,1241,0.0,0.0008333472224535399,0.5495568090249764,0.0
7756,6.463441057350956,0.5495568090249798,560,681,1241,0.0,0.000833347222454428,0.5495568090249764,0.0
7757,6.46427440457341,0.5495568090249798,560,681,1241,0.0,0.0008333472224535399,0.5495568090249764,0.0
7758,6.4651077517958635,0.5495568090249798,560,681,1241,0.0,0.0008333472224535399,0.5495568090249764,0.0
7759,6.465941099018317,0.5495568090249798,560,681,1241,0.0,0.0008333472224535399,0.5495568090249764,0.0
7760,6.466774446240771,0.5495568090249798,560,681,1241,0.0,0.0008333472224535399,0.5495568090249764,0.0
7761,6.467607793463225,0.5495568090249798,560,681,1241,0.0,0.000833347222454428,0.5495568090249764,0.0
7762,6.4684411406856785,0.5495568090249798,560,681,1241,0.0,0.0008333472224535399,0.5495568090249764,0.0
7763,6.469274487908132,0.5495568090249798,560,681,1241,0.0,0.0008333472224535399,0.5495568090249764,0.0
7764,6.470107835130586,0.5495568090249798,560,681,1241,0.0,0.0008333472224535399,0.5495568090249764,0.0
7765,6.470941182353039,0.5495568090249798,560,681,1241,0.0,0.0008333472224535399,0.5495568090249764,0.0
7766,6.471774529575494,0.5495568090249798,560,681,1241,0.0,0.000833347222454428,0.5495568090249764,0.0
7767,6.472607876797947,0.5495568090249798,560,681,1241,0.0,0.0008333472224535399,0.5495568090249764,0.0
7768,6.473441224020401,0.5503626107977437,560,681,1241,0.0008058017727639033,0.0008333472224535399,0.5496373892022527,8.058017727639034e-05
7769,6.474274571242854,0.5503626107977437,560,681,1241,0.0,0.0008333472224535399,0.5497179693795291,8.058017727639034e-05
7770,6.475107918465308,0.5511684125705076,560,681,1241,0.0008058017727639033,0.0008333472224535399,0.5498791297340819,0.00016116035455278067
7771,6.475941265687761,0.5511684125705076,560,681,1241,0.0,0.0008333472224535399,0.5500402900886348,0.00016116035455278067
7772,6.476774612910216,0.5511684125705076,560,681,1241,0.0,0.000833347222454428,0.5502014504431877,0.00016116035455278067
7773,6.477607960132669,0.5511684125705076,560,681,1241,0.0,0.0008333472224535399,0.5503626107977405,0.00016116035455278067
7774,6.478441307355123,0.5511684125705076,560,681,1241,0.0,0.0008333472224535399,0.5505237711522935,0.00016116035455278067
7775,6.479274654577576,0.5511684125705076,560,681,1241,0.0,0.0008333472224535399,0.5506849315068463,0.00016116035455278067
7776,6.48010800180003,0.5511684125705076,560,681,1241,0.0,0.0008333472224535399,0.5508460918613991,0.00016116035455278067
7777,6.480941349022484,0.5511684125705076,560,681,1241,0.0,0.000833347222454428,0.551007252215952,0.00016116035455278067
7778,6.481774696244938,0.5511684125705076,560,681,1241,0.0,0.0008333472224535399,0.5510878323932284,8.058017727639034e-05
7779,6.482608043467391,0.5511684125705076,560,681,1241,0.0,0.0008333472224535399,0.5511684125705048,8.058017727639034e-05
7780,6.483441390689845,0.5511684125705076,560,681,1241,0.0,0.0008333472224535399,0.5511684125705048,0.0
7781,6.4842747379122985,0.5511684125705076,560,681,1241,0.0,0.0008333472224535399,0.5511684125705048,0.0
7782,6.485108085134753,0.5511684125705076,560,681,1241,0.0,0.000833347222454428,0.5511684125705048,0.0
7783,6.485941432357206,0.5511684125705076,560,681,1241,0.0,0.0008333472224535399,0.5511684125705048,0.0
7784,6.48677477957966,0.5511684125705076,560,681,1241,0.0,0.0008333472224535399,0.5511684125705048,0.0
7785,6.4876081268021135,0.5511684125705076,560,681,1241,0.0,0.0008333472224535399,0.5511684125705048,0.0
7786,6.488441474024567,0.5511684125705076,560,681,1241,0.0,0.0008333472224535399,0.5511684125705048,0.0
7787,6.4892748212470215,0.5511684125705076,560,681,1241,0.0,0.000833347222454428,0.5511684125705048,0.0
7788,6.490108168469475,0.5511684125705076,560,681,1241,0.0,0.0008333472224535399,0.5511684125705048,0.0
7789,6.490941515691929,0.5511684125705076,560,681,1241,0.0,0.0008333472224535399,0.5511684125705048,0.0
7790,6.491774862914382,0.5511684125705076,560,681,1241,0.0,0.0008333472224535399,0.5511684125705048,0.0
7791,6.492608210136836,0.5511684125705076,560,681,1241,0.0,0.0008333472224535399,0.5511684125705048,0.0
7792,6.493441557359289,0.5511684125705076,560,681,1241,0.0,0.0008333472224535399,0.5511684125705048,0.0
7793,6.494274904581744,0.5511684125705076,560,681,1241,0.0,0.000833347222454428,0.5511684125705048,0.0
7794,6.495108251804197,0.5511684125705076,560,681,1241,0.0,0.0008333472224535399,0.5511684125705048,0.0
7795,6.495941599026651,0.5511684125705076,560,681,1241,0.0,0.0008333472224535399,0.5511684125705048,0.0
7796,6.496774946249104,0.5511684125705076,560,681,1241,0.0,0.0008333472224535399,0.5511684125705048,0.0
7797,6.497608293471558,0.5503626107977437,560,681,1241,-0.0008058017727639033,0.0008333472224535399,0.5510878323932283,-8.058017727639034e-05
7798,6.498441640694012,0.5503626107977437,560,681,1241,0.0,0.000833347222454428,0.551007252215952,-8.058017727639034e-05
7799,6.499274987916466,0.5503626107977437,560,681,1241,0.0,0.0008333472224535399,0.5509266720386756,-8.058017727639034e-05
7800,6.500108335138919,0.5503626107977437,560,681,1241,0.0,0.0008333472224535399,0.5508460918613993,-8.058017727639034e-05
7801,6.500941682361373,0.5503626107977437,560,681,1241,0.0,0.0008333472224535399,0.550765511684123,-8.058017727639034e-05
7802,6.501775029583826,0.5503626107977437,560,681,1241,0.0,0.0008333472224535399,0.5506849315068466,-8.058017727639034e-05
7803,6.502608376806281,0.5503626107977437,560,681,1241,0.0,0.000833347222454428,0.5506043513295703,-8.058017727639034e-05
7804,6.503441724028734,0.5503626107977437,560,681,1241,0.0,0.0008333472224535399,0.5505237711522939,-8.058017727639034e-05
7805,6.504275071251188,0.5503626107977437,560,681,1241,0.0,0.0008333472224535399,0.5504431909750176,-8.058017727639034e-05
7806,6.505108418473641,0.5503626107977437,560,681,1241,0.0,0.0008333472224535399,0.5503626107977413,-8.058017727639034e-05
7807,6.505941765696095,0.5503626107977437,560,681,1241,0.0,0.0008333472224535399,0.5503626107977413,0.0
7808,6.5067751129185485,0.5503626107977437,560,681,1241,0.0,0.0008333472224535399,0.5503626107977413,0.0
7809,6.507608460141003,0.5503626107977437,560,681,1241,0.0,0.000833347222454428,0.5503626107977413,0.0
7810,6.5084418073634565,0.5503626107977437,560,681,1241,0.0,0.0008333472224535399,0.5503626107977413,0.0
7811,6.50927515458591,0.5503626107977437,560,681,1241,0.0,0.0008333472224535399,0.5503626107977413,0.0
7812,6.5101085018083635,0.5503626107977437,560,681,1241,0.0,0.0008333472224535399,0.5503626107977413,0.0
7813,6.510941849030817,0.5503626107977437,560,681,1241,0.0,0.0008333472224535399,0.5503626107977413,0.0
7814,6.5117751962532715,0.5503626107977437,560,681,1241,0.0,0.000833347222454428,0.5503626107977413,0.0
7815,6.512608543475725,0.5503626107977437,560,681,1241,0.0,0.0008333472224535399,0.5503626107977413,0.0
7816,6.513441890698179,0.5503626107977437,560,681,1241,0.0,0.0008333472224535399,0.5503626107977413,0.0
7817,6.514275237920632,0.5503626107977437,560,681,1241,0.0,0.0008333472224535399,0.5503626107977413,0.0
7818,6.515108585143086,0.5503626107977437,560,681,1241,0.0,0.0008333472224535399,0.5503626107977413,0.0
7819,6.51594193236554,0.5503626107977437,560,681,1241,0.0,0.000833347222454428,0.5503626107977413,0.0
7820,6.516775279587994,0.5503626107977437,560,681,1241,0.0,0.0008333472224535399,0.5503626107977413,0.0
7821,6.517608626810447,0.5503626107977437,560,681,1241,0.0,0.0008333472224535399,0.5503626107977413,0.0
7822,6.518441974032901,0.5503626107977437,560,681,1241,0.0,0.0008333472224535399,0.5503626107977413,0.0
7823,6.519275321255354,0.5503626107977437,560,681,1241,0.0,0.0008333472224535399,0.5503626107977413,0.0
7824,6.520108668477809,0.5503626107977437,560,681,1241,0.0,0.000833347222454428,0.5503626107977413,0.0
7825,6.520942015700262,0.5503626107977437,560,681,1241,0.0,0.0008333472224535399,0.5503626107977413,0.0
7826,6.521775362922716,0.5503626107977437,560,681,1241,0.0,0.0008333472224535399,0.5503626107977413,0.0
7827,6.522608710145169,0.5503626107977437,560,681,1241,0.0,0.0008333472224535399,0.5503626107977413,0.0
7828,6.523442057367623,0.5503626107977437,560,681,1241,0.0,0.0008333472224535399,0.5503626107977413,0.0
7829,6.524275404590076,0.5503626107977437,560,681,1241,0.0,0.0008333472224535399,0.5503626107977413,0.0
7830,6.525108751812531,0.5503626107977437,560,681,1241,0.0,0.000833347222454428,0.5503626107977413,0.0
7831,6.525942099034984,0.5503626107977437,560,681,1241,0.0,0.0008333472224535399,0.5503626107977413,0.0
7832,6.526775446257438,0.5503626107977437,560,681,1241,0.0,0.0008333472224535399,0.5503626107977413,0.0
7833,6.527608793479891,0.5495568090249798,560,681,1241,-0.0008058017727639033,0.0008333472224535399,0.5502820306204648,-8.058017727639034e-05
7834,6.528442140702345,0.5495568090249798,560,681,1241,0.0,0.0008333472224535399,0.5502014504431885,-8.058017727639034e-05
7835,6.529275487924799,0.5495568090249798,560,681,1241,0.0,0.000833347222454428,0.5501208702659122,-8.058017727639034e-05
7836,6.530108835147253,0.5495568090249798,560,681,1241,0.0,0.0008333472224535399,0.5500402900886358,-8.058017727639034e-05
7837,6.5309421823697065,0.5495568090249798,560,681,1241,0.0,0.0008333472224535399,0.5499597099113595,-8.058017727639034e-05
7838,6.53177552959216,0.5495568090249798,560,681,1241,0.0,0.0008333472224535399,0.549879129734083,-8.058017727639034e-05
7839,6.5326088768146136,0.5495568090249798,560,681,1241,0.0,0.0008333472224535399,0.5497985495568067,-8.058017727639034e-05
7840,6.533442224037068,0.5495568090249798,560,681,1241,0.0,0.000833347222454428,0.5497179693795304,-8.058017727639034e-05
7841,6.5342755712595215,0.5495568090249798,560,681,1241,0.0,0.0008333472224535399,0.549637389202254,-8.058017727639034e-05
7842,6.535108918481975,0.5495568090249798,560,681,1241,0.0,0.0008333472224535399,0.5495568090249777,-8.058017727639034e-05
7843,6.535942265704429,0.5495568090249798,560,681,1241,0.0,0.0008333472224535399,0.5495568090249778,0.0
7844,6.536775612926882,0.5495568090249798,560,681,1241,0.0,0.0008333472224535399,0.5495568090249778,0.0
7845,6.537608960149336,0.5495568090249798,560,681,1241,0.0,0.0008333472224535399,0.5495568090249778,0.0
7846,6.53844230737179,0.5495568090249798,560,681,1241,0.0,0.000833347222454428,0.5495568090249778,0.0
7847,6.539275654594244,0.5495568090249798,560,681,1241,0.0,0.0008333472224535399,0.5495568090249778,0.0
7848,6.540109001816697,0.5495568090249798,560,681,1241,0.0,0.0008333472224535399,0.5495568090249778,0.0
7849,6.540942349039151,0.5495568090249798,560,681,1241,0.0,0.0008333472224535399,0.5495568090249778,0.0
7850,6.541775696261604,0.5495568090249798,560,681,1241,0.0,0.0008333472224535399,0.5495568090249778,0.0
7851,6.542609043484059,0.5495568090249798,560,681,1241,0.0,0.000833347222454428,0.5495568090249778,0.0
7852,6.543442390706512,0.5495568090249798,560,681,1241,0.0,0.0008333472224535399,0.5495568090249778,0.0
7853,6.544275737928966,0.5495568090249798,560,681,1241,0.0,0.0008333472224535399,0.5495568090249778,0.0
7854,6.545109085151419,0.5495568090249798,560,681,1241,0.0,0.0008333472224535399,0.5495568090249778,0.0
7855,6.545942432373873,0.5495568090249798,560,681,1241,0.0,0.0008333472224535399,0.5495568090249778,0.0
7856,6.546775779596327,0.5495568090249798,560,681,1241,0.0,0.000833347222454428,0.5495568090249778,0.0
7857,6.547609126818781,0.5495568090249798,560,681,1241,0.0,0.0008333472224535399,0.5495568090249778,0.0
7858,6.548442474041234,0.5495568090249798,560,681,1241,0.0,0.0008333472224535399,0.5495568090249778,0.0
7859,6.549275821263688,0.5495568090249798,560,681,1241,0.0,0.0008333472224535399,0.5495568090249778,0.0
7860,6.550109168486141,0.5495568090249798,560,681,1241,0.0,0.0008333472224535399,0.5495568090249778,0.0
7861,6.550942515708595,0.5495568090249798,560,681,1241,0.0,0.0008333472224535399,0.5495568090249778,0.0
7862,6.551775862931049,0.5495568090249798,560,681,1241,0.0,0.000833347222454428,0.5495568090249778,0.0
7863,6.552609210153503,0.5495568090249798,560,681,1241,0.0,0.0008333472224535399,0.5495568090249778,0.0
7864,6.5534425573759565,0.5495568090249798,560,681,1241,0.0,0.0008333472224535399,0.5495568090249778,0.0
7865,6.55427590459841,0.5495568090249798,560,681,1241,0.0,0.0008333472224535399,0.5495568090249778,0.0
7866,6.555109251820864,0.5495568090249798,560,681,1241,0.0,0.0008333472224535399,0.5495568090249778,0.0
7867,6.555942599043318,0.5495568090249798,560,681,1241,0.0,0.000833347222454428,0.5495568090249778,0.0
7868,6.5567759462657715,0.5495568090249798,560,681,1241,0.0,0.0008333472224535399,0.5495568090249778,0.0
7869,6.557609293488225,0.5495568090249798,560,681,1241,0.0,0.0008333472224535399,0.5495568090249778,0.0
7870,6.558442640710679,0.5495568090249798,560,681,1241,0.0,0.0008333472224535399,0.5495568090249778,0.0
7871,6.559275987933132,0.5495568090249798,560,681,1241,0.0,0.0008333472224535399,0.5495568090249778,0.0
7872,6.560109335155587,0.5495568090249798,560,681,1241,0.0,0.000833347222454428,0.5495568090249778,0.0
7873,6.56094268237804,0.5495568090249798,560,681,1241,0.0,0.0008333472224535399,0.5495568090249778,0.0
7874,6.561776029600494,0.5495568090249798,560,681,1241,0.0,0.0008333472224535399,0.5495568090249778,0.0
7875,6.562609376822947,0.5495568090249798,560,681,1241,0.0,0.0008333472224535399,0.5495568090249778,0.0
7876,6.563442724045401,0.5495568090249798,560,681,1241,0.0,0.0008333472224535399,0.5495568090249778,0.0
7877,6.564276071267855,0.5495568090249798,560,681,1241,0.0,0.000833347222454428,0.5495568090249778,0.0
7878,6.565109418490309,0.5495568090249798,560,681,1241,0.0,0.0008333472224535399,0.5495568090249778,0.0
7879,6.565942765712762,0.5495568090249798,560,681,1241,0.0,0.0008333472224535399,0.5495568090249778,0.0
7880,6.566776112935216,0.5495568090249798,560,681,1241,0.0,0.0008333472224535399,0.5495568090249778,0.0
7881,6.567609460157669,0.5495568090249798,560,681,1241,0.0,0.0008333472224535399,0.5495568090249778,0.0
7882,6.568442807380123,0.5495568090249798,560,681,1241,0.0,0.0008333472224535399,0.5495568090249778,0.0
7883,6.569276154602577,0.5495568090249798,560,681,1241,0.0,0.000833347222454428,0.5495568090249778,0.0
7884,6.570109501825031,0.5495568090249798,560,681,1241,0.0,0.0008333472224535399,0.5495568090249778,0.0
7885,6.570942849047484,0.5495568090249798,560,681,1241,0.0,0.0008333472224535399,0.5495568090249778,0.0
7886,6.571776196269938,0.5495568090249798,560,681,1241,0.0,0.0008333472224535399,0.5495568090249778,0.0
7887,6.5726095434923915,0.5495568090249798,560,681,1241,0.0,0.0008333472224535399,0.5495568090249778,0.0
7888,6.573442890714846,0.5495568090249798,560,681,1241,0.0,0.000833347222454428,0.5495568090249778,0.0
7889,6.574276237937299,0.5495568090249798,560,681,1241,0.0,0.0008333472224535399,0.5495568090249778,0.0
7890,6.575109585159753,0.5495568090249798,560,681,1241,0.0,0.0008333472224535399,0.5495568090249778,0.0
7891,6.5759429323822065,0.5495568090249798,560,681,1241,0.0,0.0008333472224535399,0.5495568090249778,0.0
7892,6.57677627960466,0.5495568090249798,560,681,1241,0.0,0.0008333472224535399,0.5495568090249778,0.0
7893,6.5776096268271145,0.5495568090249798,560,681,1241,0.0,0.000833347222454428,0.5495568090249778,0.0
7894,6.578442974049568,0.5495568090249798,560,681,1241,0.0,0.0008333472224535399,0.5495568090249778,0.0
7895,6.5792763212720216,0.5495568090249798,560,681,1241,0.0,0.0008333472224535399,0.5495568090249778,0.0
7896,6.580109668494475,0.5495568090249798,560,681,1241,0.0,0.0008333472224535399,0.5495568090249778,0.0
7897,6.580943015716929,0.5495568090249798,560,681,1241,0.0,0.0008333472224535399,0.5495568090249778,0.0
7898,6.581776362939382,0.5495568090249798,560,681,1241,0.0,0.0008333472224535399,0.5495568090249778,0.0
7899,6.582609710161837,0.5495568090249798,560,681,1241,0.0,0.000833347222454428,0.5495568090249778,0.0
7900,6.58344305738429,0.5495568090249798,560,681,1241,0.0,0.0008333472224535399,0.5495568090249778,0.0
7901,6.584276404606744,0.5495568090249798,560,681,1241,0.0,0.0008333472224535399,0.5495568090249778,0.0
7902,6.585109751829197,0.5495568090249798,560,681,1241,0.0,0.0008333472224535399,0.5495568090249778,0.0
7903,6.585943099051651,0.5495568090249798,560,681,1241,0.0,0.0008333472224535399,0.5495568090249778,0.0
7904,6.586776446274105,0.5495568090249798,560,681,1241,0.0,0.000833347222454428,0.5495568090249778,0.0
7905,6.587609793496559,0.5495568090249798,560,681,1241,0.0,0.0008333472224535399,0.5495568090249778,0.0
7906,6.588443140719012,0.5495568090249798,560,681,1241,0.0,0.0008333472224535399,0.5495568090249778,0.0
7907,6.589276487941466,0.5495568090249798,560,681,1241,0.0,0.0008333472224535399,0.5495568090249778,0.0
7908,6.590109835163919,0.5495568090249798,560,681,1241,0.0,0.0008333472224535399,0.5495568090249778,0.0
7909,6.590943182386374,0.5495568090249798,560,681,1241,0.0,0.000833347222454428,0.5495568090249778,0.0
7910,6.591776529608827,0.5495568090249798,560,681,1241,0.0,0.0008333472224535399,0.5495568090249778,0.0
7911,6.592609876831281,0.5495568090249798,560,681,1241,0.0,0.0008333472224535399,0.5495568090249778,0.0
7912,6.593443224053734,0.5495568090249798,560,681,1241,0.0,0.0008333472224535399,0.5495568090249778,0.0
7913,6.594276571276188,0.5495568090249798,560,681,1241,0.0,0.0008333472224535399,0.5495568090249778,0.0
7914,6.595109918498642,0.5495568090249798,560,681,1241,0.0,0.000833347222454428,0.5495568090249778,0.0
7915,6.595943265721096,0.5495568090249798,560,681,1241,0.0,0.0008333472224535399,0.5495568090249778,0.0
7916,6.5967766129435494,0.5495568090249798,560,681,1241,0.0,0.0008333472224535399,0.5495568090249778,0.0
7917,6.597609960166003,0.5495568090249798,560,681,1241,0.0,0.0008333472224535399,0.5495568090249778,0.0
7918,6.5984433073884565,0.5495568090249798,560,681,1241,0.0,0.0008333472224535399,0.5495568090249778,0.0
7919,6.59927665461091,0.5495568090249798,560,681,1241,0.0,0.0008333472224535399,0.5495568090249778,0.0
7920,6.6001100018333645,0.5495568090249798,560,681,1241,0.0,0.000833347222454428,0.5495568090249778,0.0
7921,6.600943349055818,0.5495568090249798,560,681,1241,0.0,0.0008333472224535399,0.5495568090249778,0.0
7922,6.601776696278272,0.5495568090249798,560,681,1241,0.0,0.0008333472224535399,0.5495568090249778,0.0
7923,6.602610043500725,0.5495568090249798,560,681,1241,0.0,0.0008333472224535399,0.5495568090249778,0.0
7924,6.603443390723179,0.5495568090249798,560,681,1241,0.0,0.0008333472224535399,0.5495568090249778,0.0
7925,6.604276737945633,0.5495568090249798,560,681,1241,0.0,0.000833347222454428,0.5495568090249778,0.0
7926,6.605110085168087,0.5495568090249798,560,681,1241,0.0,0.0008333472224535399,0.5495568090249778,0.0
7927,6.60594343239054,0.5495568090249798,560,681,1241,0.0,0.0008333472224535399,0.5495568090249778,0.0
7928,6.606776779612994,0.5495568090249798,560,681,1241,0.0,0.0008333472224535399,0.5495568090249778,0.0
7929,6.607610126835447,0.5495568090249798,560,681,1241,0.0,0.0008333472224535399,0.5495568090249778,0.0
7930,6.608443474057902,0.5495568090249798,560,681,1241,0.0,0.000833347222454428,0.5495568090249778,0.0
7931,6.609276821280355,0.5495568090249798,560,681,1241,0.0,0.0008333472224535399,0.5495568090249778,0.0
7932,6.610110168502809,0.5495568090249798,560,681,1241,0.0,0.0008333472224535399,0.5495568090249778,0.0
7933,6.610943515725262,0.5495568090249798,560,681,1241,0.0,0.0008333472224535399,0.5495568090249778,0.0
7934,6.611776862947716,0.5495568090249798,560,681,1241,0.0,0.0008333472224535399,0.5495568090249778,0.0
7935,6.612610210170169,0.5495568090249798,560,681,1241,0.0,0.0008333472224535399,0.5495568090249778,0.0
7936,6.613443557392624,0.5495568090249798,560,681,1241,0.0,0.000833347222454428,0.5495568090249778,0.0
7937,6.614276904615077,0.5495568090249798,560,681,1241,0.0,0.0008333472224535399,0.5495568090249778,0.0
7938,6.615110251837531,0.5495568090249798,560,681,1241,0.0,0.0008333472224535399,0.5495568090249778,0.0
7939,6.615943599059984,0.5495568090249798,560,681,1241,0.0,0.0008333472224535399,0.5495568090249778,0.0
7940,6.616776946282438,0.5495568090249798,560,681,1241,0.0,0.0008333472224535399,0.5495568090249778,0.0
7941,6.617610293504892,0.5495568090249798,560,681,1241,0.0,0.000833347222454428,0.5495568090249778,0.0
7942,6.618443640727346,0.5495568090249798,560,681,1241,0.0,0.0008333472224535399,0.5495568090249778,0.0
7943,6.6192769879497995,0.5495568090249798,560,681,1241,0.0,0.0008333472224535399,0.5495568090249778,0.0
7944,6.620110335172253,0.5495568090249798,560,681,1241,0.0,0.0008333472224535399,0.5495568090249778,0.0
7945,6.6209436823947065,0.5495568090249798,560,681,1241,0.0,0.0008333472224535399,0.5495568090249778,0.0
7946,6.621777029617161,0.5495568090249798,560,681,1241,0.0,0.000833347222454428,0.5495568090249778,0.0
7947,6.6226103768396145,0.5495568090249798,560,681,1241,0.0,0.0008333472224535399,0.5495568090249778,0.0
7948,6.623443724062068,0.5495568090249798,560,681,1241,0.0,0.0008333472224535399,0.5495568090249778,0.0
7949,6.624277071284522,0.5495568090249798,560,681,1241,0.0,0.0008333472224535399,0.5495568090249778,0.0
7950,6.625110418506975,0.5495568090249798,560,681,1241,0.0,0.0008333472224535399,0.5495568090249778,0.0
7951,6.625943765729429,0.5495568090249798,560,681,1241,0.0,0.0008333472224535399,0.5495568090249778,0.0
7952,6.626777112951883,0.5495568090249798,560,681,1241,0.0,0.000833347222454428,0.5495568090249778,0.0
7953,6.627610460174337,0.5495568090249798,560,681,1241,0.0,0.0008333472224535399,0.5495568090249778,0.0
7954,6.62844380739679,0.5495568090249798,560,681,1241,0.0,0.0008333472224535399,0.5495568090249778,0.0
7955,6.629277154619244,0.5495568090249798,560,681,1241,0.0,0.0008333472224535399,0.5495568090249778,0.0
7956,6.630110501841697,0.5495568090249798,560,681,1241,0.0,0.0008333472224535399,0.5495568090249778,0.0
7957,6.630943849064152,0.5495568090249798,560,681,1241,0.0,0.000833347222454428,0.5495568090249778,0.0
7958,6.631777196286605,0.5495568090249798,560,681,1241,0.0,0.0008333472224535399,0.5495568090249778,0.0
7959,6.632610543509059,0.5495568090249798,560,681,1241,0.0,0.0008333472224535399,0.5495568090249778,0.0
7960,6.633443890731512,0.5495568090249798,560,681,1241,0.0,0.0008333472224535399,0.5495568090249778,0.0
7961,6.634277237953966,0.5495568090249798,560,681,1241,0.0,0.0008333472224535399,0.5495568090249778,0.0
7962,6.63511058517642,0.5495568090249798,560,681,1241,0.0,0.000833347222454428,0.5495568090249778,0.0
7963,6.635943932398874,0.5495568090249798,560,681,1241,0.0,0.0008333472224535399,0.5495568090249778,0.0
7964,6.636777279621327,0.5495568090249798,560,681,1241,0.0,0.0008333472224535399,0.5495568090249778,0.0
7965,6.637610626843781,0.5495568090249798,560,681,1241,0.0,0.0008333472224535399,0.5495568090249778,0.0
7966,6.638443974066234,0.5495568090249798,560,681,1241,0.0,0.0008333472224535399,0.5495568090249778,0.0
7967,6.639277321288689,0.5495568090249798,560,681,1241,0.0,0.000833347222454428,0.5495568090249778,0.0
7968,6.640110668511142,0.5495568090249798,560,681,1241,0.0,0.0008333472224535399,0.5495568090249778,0.0
7969,6.640944015733596,0.5495568090249798,560,681,1241,0.0,0.0008333472224535399,0.5495568090249778,0.0
7970,6.6417773629560495,0.5495568090249798,560,681,1241,0.0,0.0008333472224535399,0.5495568090249778,0.0
7971,6.642610710178503,0.5495568090249798,560,681,1241,0.0,0.0008333472224535399,0.5495568090249778,0.0
7972,6.643444057400957,0.5495568090249798,560,681,1241,0.0,0.0008333472224535399,0.5495568090249778,0.0
7973,6.644277404623411,0.5495568090249798,560,681,1241,0.0,0.000833347222454428,0.5495568090249778,0.0
7974,6.6451107518458645,0.5495568090249798,560,681,1241,0.0,0.0008333472224535399,0.5495568090249778,0.0
7975,6.645944099068318,0.5495568090249798,560,681,1241,0.0,0.0008333472224535399,0.5495568090249778,0.0
7976,6.646777446290772,0.5495568090249798,560,681,1241,0.0,0.0008333472224535399,0.5495568090249778,0.0
7977,6.647610793513225,0.5495568090249798,560,681,1241,0.0,0.0008333472224535399,0.5495568090249778,0.0
7978,6.64844414073568,0.5495568090249798,560,681,1241,0.0,0.000833347222454428,0.5495568090249778,0.0
7979,6.649277487958133,0.5495568090249798,560,681,1241,0.0,0.0008333472224535399,0.5495568090249778,0.0
7980,6.650110835180587,0.5495568090249798,560,681,1241,0.0,0.0008333472224535399,0.5495568090249778,0.0
7981,6.65094418240304,0.5495568090249798,560,681,1241,0.0,0.0008333472224535399,0.5495568090249778,0.0
7982,6.651777529625494,0.5495568090249798,560,681,1241,0.0,0.0008333472224535399,0.5495568090249778,0.0
7983,6.652610876847948,0.5495568090249798,560,681,1241,0.0,0.000833347222454428,0.5495568090249778,0.0
7984,6.653444224070402,0.5495568090249798,560,681,1241,0.0,0.0008333472224535399,0.5495568090249778,0.0
7985,6.654277571292855,0.5495568090249798,560,681,1241,0.0,0.0008333472224535399,0.5495568090249778,0.0
7986,6.655110918515309,0.5495568090249798,560,681,1241,0.0,0.0008333472224535399,0.5495568090249778,0.0
7987,6.655944265737762,0.5495568090249798,560,681,1241,0.0,0.0008333472224535399,0.5495568090249778,0.0
7988,6.656777612960216,0.5495568090249798,560,681,1241,0.0,0.0008333472224535399,0.5495568090249778,0.0
7989,6.65761096018267,0.5495568090249798,560,681,1241,0.0,0.000833347222454428,0.5495568090249778,0.0
7990,6.658444307405124,0.5495568090249798,560,681,1241,0.0,0.0008333472224535399,0.5495568090249778,0.0
7991,6.659277654627577,0.5495568090249798,560,681,1241,0.0,0.0008333472224535399,0.5495568090249778,0.0
7992,6.660111001850031,0.5495568090249798,560,681,1241,0.0,0.0008333472224535399,0.5495568090249778,0.0
7993,6.6609443490724844,0.5495568090249798,560,681,1241,0.0,0.0008333472224535399,0.5495568090249778,0.0
7994,6.661777696294939,0.5495568090249798,560,681,1241,0.0,0.000833347222454428,0.5495568090249778,0.0
7995,6.662611043517392,0.5495568090249798,560,681,1241,0.0,0.0008333472224535399,0.5495568090249778,0.0
7996,6.663444390739846,0.5495568090249798,560,681,1241,0.0,0.0008333472224535399,0.5495568090249778,0.0
7997,6.6642777379622995,0.5495568090249798,560,681,1241,0.0,0.0008333472224535399,0.5495568090249778,0.0
7998,6.665111085184753,0.5495568090249798,560,681,1241,0.0,0.0008333472224535399,0.5495568090249778,0.0
7999,6.6659444324072075,0.5495568090249798,560,681,1241,0.0,0.000833347222454428,0.5495568090249778,0.0
8000,6.666777779629661,0.5495568090249798,560,681,1241,0.0,0.0008333472224535399,0.5495568090249778,0.0
8001,6.6676111268521145,0.5495568090249798,560,681,1241,0.0,0.0008333472224535399,0.5495568090249778,0.0
8002,6.668444474074568,0.5495568090249798,560,681,1241,0.0,0.0008333472224535399,0.5495568090249778,0.0
8003,6.669277821297022,0.5495568090249798,560,681,1241,0.0,0.0008333472224535399,0.5495568090249778,0.0
8004,6.670111168519475,0.5495568090249798,560,681,1241,0.0,0.0008333472224535399,0.5495568090249778,0.0
8005,6.67094451574193,0.5495568090249798,560,681,1241,0.0,0.000833347222454428,0.5495568090249778,0.0
8006,6.671777862964383,0.5495568090249798,560,681,1241,0.0,0.0008333472224535399,0.5495568090249778,0.0
8007,6.672611210186837,0.5495568090249798,560,681,1241,0.0,0.0008333472224535399,0.5495568090249778,0.0
8008,6.67344455740929,0.5495568090249798,560,681,1241,0.0,0.0008333472224535399,0.5495568090249778,0.0
8009,6.674277904631744,0.5495568090249798,560,681,1241,0.0,0.0008333472224535399,0.5495568090249778,0.0
8010,6.675111251854198,0.5495568090249798,560,681,1241,0.0,0.000833347222454428,0.5495568090249778,0.0
8011,6.675944599076652,0.5495568090249798,560,681,1241,0.0,0.0008333472224535399,0.5495568090249778,0.0
8012,6.676777946299105,0.5495568090249798,560,681,1241,0.0,0.0008333472224535399,0.5495568090249778,0.0
8013,6.677611293521559,0.5495568090249798,560,681,1241,0.0,0.0008333472224535399,0.5495568090249778,0.0
8014,6.678444640744012,0.5495568090249798,560,681,1241,0.0,0.0008333472224535399,0.5495568090249778,0.0
8015,6.679277987966467,0.5495568090249798,560,681,1241,0.0,0.000833347222454428,0.5495568090249778,0.0
8016,6.68011133518892,0.5495568090249798,560,681,1241,0.0,0.0008333472224535399,0.5495568090249778,0.0
8017,6.680944682411374,0.5495568090249798,560,681,1241,0.0,0.0008333472224535399,0.5495568090249778,0.0
8018,6.681778029633827,0.5495568090249798,560,681,1241,0.0,0.0008333472224535399,0.5495568090249778,0.0
8019,6.682611376856281,0.5495568090249798,560,681,1241,0.0,0.0008333472224535399,0.5495568090249778,0.0
8020,6.683444724078735,0.5495568090249798,560,681,1241,0.0,0.000833347222454428,0.5495568090249778,0.0
8021,6.684278071301189,0.5495568090249798,560,681,1241,0.0,0.0008333472224535399,0.5495568090249778,0.0
8022,6.685111418523642,0.5495568090249798,560,681,1241,0.0,0.0008333472224535399,0.5495568090249778,0.0
8023,6.685944765746096,0.5495568090249798,560,681,1241,0.0,0.0008333472224535399,0.5495568090249778,0.0
8024,6.6867781129685495,0.5495568090249798,560,681,1241,0.0,0.0008333472224535399,0.5495568090249778,0.0
8025,6.687611460191003,0.5495568090249798,560,681,1241,0.0,0.0008333472224535399,0.5495568090249778,0.0
8026,6.6884448074134575,0.5495568090249798,560,681,1241,0.0,0.000833347222454428,0.5495568090249778,0.0
8027,6.689278154635911,0.5495568090249798,560,681,1241,0.0,0.0008333472224535399,0.5495568090249778,0.0
8028,6.690111501858365,0.5495568090249798,560,681,1241,0.0,0.0008333472224535399,0.5495568090249778,0.0
8029,6.690944849080818,0.5495568090249798,560,681,1241,0.0,0.0008333472224535399,0.5495568090249778,0.0
8030,6.691778196303272,0.5495568090249798,560,681,1241,0.0,0.0008333472224535399,0.5495568090249778,0.0
8031,6.692611543525726,0.5495568090249798,560,681,1241,0.0,0.000833347222454428,0.5495568090249778,0.0
8032,6.69344489074818,0.5495568090249798,560,681,1241,0.0,0.0008333472224535399,0.5495568090249778,0.0
8033,6.694278237970633,0.5495568090249798,560,681,1241,0.0,0.0008333472224535399,0.5495568090249778,0.0
8034,6.695111585193087,0.5495568090249798,560,681,1241,0.0,0.0008333472224535399,0.5495568090249778,0.0
8035,6.69594493241554,0.5495568090249798,560,681,1241,0.0,0.0008333472224535399,0.5495568090249778,0.0
8036,6.696778279637995,0.5495568090249798,560,681,1241,0.0,0.000833347222454428,0.5495568090249778,0.0
8037,6.697611626860448,0.5495568090249798,560,681,1241,0.0,0.0008333472224535399,0.5495568090249778,0.0
8038,6.698444974082902,0.5495568090249798,560,681,1241,0.0,0.0008333472224535399,0.5495568090249778,0.0
8039,6.699278321305355,0.5495568090249798,560,681,1241,0.0,0.0008333472224535399,0.5495568090249778,0.0
8040,6.700111668527809,0.5495568090249798,560,681,1241,0.0,0.0008333472224535399,0.5495568090249778,0.0
8041,6.700945015750262,0.5495568090249798,560,681,1241,0.0,0.0008333472224535399,0.5495568090249778,0.0
8042,6.701778362972717,0.5495568090249798,560,681,1241,0.0,0.000833347222454428,0.5495568090249778,0.0
8043,6.70261171019517,0.5495568090249798,560,681,1241,0.0,0.0008333472224535399,0.5495568090249778,0.0
8044,6.703445057417624,0.5495568090249798,560,681,1241,0.0,0.0008333472224535399,0.5495568090249778,0.0
8045,6.704278404640077,0.5495568090249798,560,681,1241,0.0,0.0008333472224535399,0.5495568090249778,0.0
8046,6.705111751862531,0.5495568090249798,560,681,1241,0.0,0.0008333472224535399,0.5495568090249778,0.0
8047,6.705945099084985,0.5495568090249798,560,681,1241,0.0,0.000833347222454428,0.5495568090249778,0.0
8048,6.706778446307439,0.5495568090249798,560,681,1241,0.0,0.0008333472224535399,0.5495568090249778,0.0
8049,6.7076117935298925,0.5495568090249798,560,681,1241,0.0,0.0008333472224535399,0.5495568090249778,0.0
8050,6.708445140752346,0.5495568090249798,560,681,1241,0.0,0.0008333472224535399,0.5495568090249778,0.0
8051,6.7092784879747995,0.5495568090249798,560,681,1241,0.0,0.0008333472224535399,0.5495568090249778,0.0
8052,6.710111835197254,0.5495568090249798,560,681,1241,0.0,0.000833347222454428,0.5495568090249778,0.0
8053,6.7109451824197075,0.5495568090249798,560,681,1241,0.0,0.0008333472224535399,0.5495568090249778,0.0
8054,6.711778529642161,0.5495568090249798,560,681,1241,0.0,0.0008333472224535399,0.5495568090249778,0.0
8055,6.712611876864615,0.5495568090249798,560,681,1241,0.0,0.0008333472224535399,0.5495568090249778,0.0
8056,6.713445224087068,0.5495568090249798,560,681,1241,0.0,0.0008333472224535399,0.5495568090249778,0.0
8057,6.7142785713095225,0.5495568090249798,560,681,1241,0.0,0.000833347222454428,0.5495568090249778,0.0
8058,6.715111918531976,0.5495568090249798,560,681,1241,0.0,0.0008333472224535399,0.5495568090249778,0.0
8059,6.71594526575443,0.5495568090249798,560,681,1241,0.0,0.0008333472224535399,0.5495568090249778,0.0
8060,6.716778612976883,0.5495568090249798,560,681,1241,0.0,0.0008333472224535399,0.5495568090249778,0.0
8061,6.717611960199337,0.5495568090249798,560,681,1241,0.0,0.0008333472224535399,0.5495568090249778,0.0
8062,6.71844530742179,0.5495568090249798,560,681,1241,0.0,0.0008333472224535399,0.5495568090249778,0.0
8063,6.719278654644245,0.5495568090249798,560,681,1241,0.0,0.000833347222454428,0.5495568090249778,0.0
8064,6.720112001866698,0.5495568090249798,560,681,1241,0.0,0.0008333472224535399,0.5495568090249778,0.0
8065,6.720945349089152,0.5495568090249798,560,681,1241,0.0,0.0008333472224535399,0.5495568090249778,0.0
8066,6.721778696311605,0.5495568090249798,560,681,1241,0.0,0.0008333472224535399,0.5495568090249778,0.0
8067,6.722612043534059,0.5495568090249798,560,681,1241,0.0,0.0008333472224535399,0.5495568090249778,0.0
8068,6.723445390756513,0.5495568090249798,560,681,1241,0.0,0.000833347222454428,0.5495568090249778,0.0
8069,6.724278737978967,0.5495568090249798,560,681,1241,0.0,0.0008333472224535399,0.5495568090249778,0.0
8070,6.72511208520142,0.5495568090249798,560,681,1241,0.0,0.0008333472224535399,0.5495568090249778,0.0
8071,6.725945432423874,0.5495568090249798,560,681,1241,0.0,0.0008333472224535399,0.5495568090249778,0.0
8072,6.726778779646327,0.5495568090249798,560,681,1241,0.0,0.0008333472224535399,0.5495568090249778,0.0
8073,6.727612126868782,0.5495568090249798,560,681,1241,0.0,0.000833347222454428,0.5495568090249778,0.0
8074,6.728445474091235,0.5495568090249798,560,681,1241,0.0,0.0008333472224535399,0.5495568090249778,0.0
8075,6.729278821313689,0.5495568090249798,560,681,1241,0.0,0.0008333472224535399,0.5495568090249778,0.0
8076,6.7301121685361425,0.5495568090249798,560,681,1241,0.0,0.0008333472224535399,0.5495568090249778,0.0
8077,6.730945515758596,0.5495568090249798,560,681,1241,0.0,0.0008333472224535399,0.5495568090249778,0.0
8078,6.7317788629810495,0.5495568090249798,560,681,1241,0.0,0.0008333472224535399,0.5495568090249778,0.0
8079,6.732612210203504,0.5495568090249798,560,681,1241,0.0,0.000833347222454428,0.5495568090249778,0.0
8080,6.7334455574259575,0.5495568090249798,560,681,1241,0.0,0.0008333472224535399,0.5495568090249778,0.0
8081,6.734278904648411,0.5495568090249798,560,681,1241,0.0,0.0008333472224535399,0.5495568090249778,0.0
8082,6.735112251870865,0.5495568090249798,560,681,1241,0.0,0.0008333472224535399,0.5495568090249778,0.0
8083,6.735945599093318,0.5495568090249798,560,681,1241,0.0,0.0008333472224535399,0.5495568090249778,0.0
8084,6.736778946315773,0.5495568090249798,560,681,1241,0.0,0.000833347222454428,0.5495568090249778,0.0
8085,6.737612293538226,0.5495568090249798,560,681,1241,0.0,0.0008333472224535399,0.5495568090249778,0.0
8086,6.73844564076068,0.5495568090249798,560,681,1241,0.0,0.0008333472224535399,0.5495568090249778,0.0
8087,6.739278987983133,0.5495568090249798,560,681,1241,0.0,0.0008333472224535399,0.5495568090249778,0.0
8088,6.740112335205587,0.5495568090249798,560,681,1241,0.0,0.0008333472224535399,0.5495568090249778,0.0
8089,6.740945682428041,0.5495568090249798,560,681,1241,0.0,0.000833347222454428,0.5495568090249778,0.0
8090,6.741779029650495,0.5495568090249798,560,681,1241,0.0,0.0008333472224535399,0.5495568090249778,0.0
8091,6.742612376872948,0.5495568090249798,560,681,1241,0.0,0.0008333472224535399,0.5495568090249778,0.0
8092,6.743445724095402,0.5495568090249798,560,681,1241,0.0,0.0008333472224535399,0.5495568090249778,0.0
8093,6.744279071317855,0.5495568090249798,560,681,1241,0.0,0.0008333472224535399,0.5495568090249778,0.0
8094,6.745112418540309,0.5495568090249798,560,681,1241,0.0,0.0008333472224535399,0.5495568090249778,0.0
8095,6.745945765762763,0.5495568090249798,560,681,1241,0.0,0.000833347222454428,0.5495568090249778,0.0
8096,6.746779112985217,0.5495568090249798,560,681,1241,0.0,0.0008333472224535399,0.5495568090249778,0.0
8097,6.74761246020767,0.5495568090249798,560,681,1241,0.0,0.0008333472224535399,0.5495568090249778,0.0
8098,6.748445807430124,0.5495568090249798,560,681,1241,0.0,0.0008333472224535399,0.5495568090249778,0.0
8099,6.749279154652577,0.5495568090249798,560,681,1241,0.0,0.0008333472224535399,0.5495568090249778,0.0
8100,6.750112501875032,0.5495568090249798,560,681,1241,0.0,0.000833347222454428,0.5495568090249778,0.0
8101,6.750945849097485,0.5495568090249798,560,681,1241,0.0,0.0008333472224535399,0.5495568090249778,0.0
8102,6.751779196319939,0.5495568090249798,560,681,1241,0.0,0.0008333472224535399,0.5495568090249778,0.0
8103,6.7526125435423925,0.5495568090249798,560,681,1241,0.0,0.0008333472224535399,0.5495568090249778,0.0
8104,6.753445890764846,0.5495568090249798,560,681,1241,0.0,0.0008333472224535399,0.5495568090249778,0.0
8105,6.7542792379873005,0.5495568090249798,560,681,1241,0.0,0.000833347222454428,0.5495568090249778,0.0
8106,6.755112585209754,0.5495568090249798,560,681,1241,0.0,0.0008333472224535399,0.5495568090249778,0.0
8107,6.7559459324322075,0.5495568090249798,560,681,1241,0.0,0.0008333472224535399,0.5495568090249778,0.0
8108,6.756779279654661,0.5495568090249798,560,681,1241,0.0,0.0008333472224535399,0.5495568090249778,0.0
8109,6.757612626877115,0.5495568090249798,560,681,1241,0.0,0.0008333472224535399,0.5495568090249778,0.0
8110,6.758445974099569,0.5495568090249798,560,681,1241,0.0,0.000833347222454428,0.5495568090249778,0.0
8111,6.759279321322023,0.5495568090249798,560,681,1241,0.0,0.0008333472224535399,0.5495568090249778,0.0
8112,6.760112668544476,0.5495568090249798,560,681,1241,0.0,0.0008333472224535399,0.5495568090249778,0.0
8113,6.76094601576693,0.5495568090249798,560,681,1241,0.0,0.0008333472224535399,0.5495568090249778,0.0
8114,6.761779362989383,0.5495568090249798,560,681,1241,0.0,0.0008333472224535399,0.5495568090249778,0.0
8115,6.762612710211837,0.5495568090249798,560,681,1241,0.0,0.0008333472224535399,0.5495568090249778,0.0
8116,6.763446057434291,0.5495568090249798,560,681,1241,0.0,0.000833347222454428,0.5495568090249778,0.0
8117,6.764279404656745,0.5495568090249798,560,681,1241,0.0,0.0008333472224535399,0.5495568090249778,0.0
8118,6.765112751879198,0.5495568090249798,560,681,1241,0.0,0.0008333472224535399,0.5495568090249778,0.0
8119,6.765946099101652,0.5495568090249798,560,681,1241,0.0,0.0008333472224535399,0.5495568090249778,0.0
8120,6.766779446324105,0.5495568090249798,560,681,1241,0.0,0.0008333472224535399,0.5495568090249778,0.0
8121,6.76761279354656,0.5495568090249798,560,681,1241,0.0,0.000833347222454428,0.5495568090249778,0.0
8122,6.768446140769013,0.5495568090249798,560,681,1241,0.0,0.0008333472224535399,0.5495568090249778,0.0
8123,6.769279487991467,0.5495568090249798,560,681,1241,0.0,0.0008333472224535399,0.5495568090249778,0.0
8124,6.77011283521392,0.5495568090249798,560,681,1241,0.0,0.0008333472224535399,0.5495568090249778,0.0
8125,6.770946182436374,0.5495568090249798,560,681,1241,0.0,0.0008333472224535399,0.5495568090249778,0.0
8126,6.771779529658828,0.5495568090249798,560,681,1241,0.0,0.000833347222454428,0.5495568090249778,0.0
8127,6.772612876881282,0.5495568090249798,560,681,1241,0.0,0.0008333472224535399,0.5495568090249778,0.0
8128,6.773446224103735,0.5495568090249798,560,681,1241,0.0,0.0008333472224535399,0.5495568090249778,0.0
8129,6.774279571326189,0.5495568090249798,560,681,1241,0.0,0.0008333472224535399,0.5495568090249778,0.0
8130,6.7751129185486425,0.5495568090249798,560,681,1241,0.0,0.0008333472224535399,0.5495568090249778,0.0
8131,6.775946265771096,0.5503626107977437,560,681,1241,0.0008058017727639033,0.0008333472224535399,0.5496373892022541,8.058017727639034e-05
8132,6.7767796129935505,0.5503626107977437,560,681,1241,0.0,0.000833347222454428,0.5497179693795304,8.058017727639034e-05
8133,6.777612960216004,0.5503626107977437,560,681,1241,0.0,0.0008333472224535399,0.5497985495568068,8.058017727639034e-05
8134,6.7784463074384576,0.5503626107977437,560,681,1241,0.0,0.0008333472224535399,0.5498791297340831,8.058017727639034e-05
8135,6.779279654660911,0.5503626107977437,560,681,1241,0.0,0.0008333472224535399,0.5499597099113596,8.058017727639034e-05
8136,6.780113001883365,0.5503626107977437,560,681,1241,0.0,0.0008333472224535399,0.5500402900886359,8.058017727639034e-05
8137,6.780946349105819,0.5503626107977437,560,681,1241,0.0,0.000833347222454428,0.5501208702659122,8.058017727639034e-05
8138,6.781779696328273,0.5503626107977437,560,681,1241,0.0,0.0008333472224535399,0.5502014504431886,8.058017727639034e-05
8139,6.782613043550726,0.5503626107977437,560,681,1241,0.0,0.0008333472224535399,0.5502820306204649,8.058017727639034e-05
8140,6.78344639077318,0.5503626107977437,560,681,1241,0.0,0.0008333472224535399,0.5503626107977413,8.058017727639034e-05
8141,6.784279737995633,0.5503626107977437,560,681,1241,0.0,0.0008333472224535399,0.5503626107977413,0.0
8142,6.785113085218088,0.5503626107977437,560,681,1241,0.0,0.000833347222454428,0.5503626107977413,0.0
8143,6.785946432440541,0.5503626107977437,560,681,1241,0.0,0.0008333472224535399,0.5503626107977413,0.0
8144,6.786779779662995,0.5503626107977437,560,681,1241,0.0,0.0008333472224535399,0.5503626107977413,0.0
8145,6.787613126885448,0.5503626107977437,560,681,1241,0.0,0.0008333472224535399,0.5503626107977413,0.0
8146,6.788446474107902,0.5503626107977437,560,681,1241,0.0,0.0008333472224535399,0.5503626107977413,0.0
8147,6.789279821330356,0.5511684125705076,560,681,1241,0.0008058017727639033,0.000833347222454428,0.5504431909750177,8.058017727639034e-05
8148,6.79011316855281,0.5511684125705076,560,681,1241,0.0,0.0008333472224535399,0.550523771152294,8.058017727639034e-05
8149,6.790946515775263,0.5511684125705076,560,681,1241,0.0,0.0008333472224535399,0.5506043513295704,8.058017727639034e-05
8150,6.791779862997717,0.5511684125705076,560,681,1241,0.0,0.0008333472224535399,0.5506849315068467,8.058017727639034e-05
8151,6.79261321022017,0.5511684125705076,560,681,1241,0.0,0.0008333472224535399,0.550765511684123,8.058017727639034e-05
8152,6.793446557442624,0.5511684125705076,560,681,1241,0.0,0.0008333472224535399,0.5508460918613994,8.058017727639034e-05
8153,6.794279904665078,0.5511684125705076,560,681,1241,0.0,0.000833347222454428,0.5509266720386757,8.058017727639034e-05
8154,6.795113251887532,0.5511684125705076,560,681,1241,0.0,0.0008333472224535399,0.5510072522159521,8.058017727639034e-05
8155,6.795946599109985,0.5511684125705076,560,681,1241,0.0,0.0008333472224535399,0.5510878323932284,8.058017727639034e-05
8156,6.796779946332439,0.5511684125705076,560,681,1241,0.0,0.0008333472224535399,0.5511684125705048,8.058017727639034e-05
8157,6.7976132935548925,0.5511684125705076,560,681,1241,0.0,0.0008333472224535399,0.5511684125705048,0.0
8158,6.798446640777347,0.5511684125705076,560,681,1241,0.0,0.000833347222454428,0.5511684125705048,0.0
8159,6.7992799879998005,0.5511684125705076,560,681,1241,0.0,0.0008333472224535399,0.5511684125705048,0.0
8160,6.800113335222254,0.5511684125705076,560,681,1241,0.0,0.0008333472224535399,0.5511684125705048,0.0
8161,6.800946682444708,0.5511684125705076,560,681,1241,0.0,0.0008333472224535399,0.5511684125705048,0.0
8162,6.801780029667161,0.5511684125705076,560,681,1241,0.0,0.0008333472224535399,0.5511684125705048,0.0
8163,6.8026133768896155,0.5511684125705076,560,681,1241,0.0,0.000833347222454428,0.5511684125705048,0.0
8164,6.803446724112069,0.5511684125705076,560,681,1241,0.0,0.0008333472224535399,0.5511684125705048,0.0
8165,6.804280071334523,0.5511684125705076,560,681,1241,0.0,0.0008333472224535399,0.5511684125705048,0.0
8166,6.805113418556976,0.5511684125705076,560,681,1241,0.0,0.0008333472224535399,0.5511684125705048,0.0
8167,6.80594676577943,0.5511684125705076,560,681,1241,0.0,0.0008333472224535399,0.5511684125705048,0.0
8168,6.806780113001883,0.5511684125705076,560,681,1241,0.0,0.0008333472224535399,0.5511684125705048,0.0
8169,6.807613460224338,0.5511684125705076,560,681,1241,0.0,0.000833347222454428,0.5511684125705048,0.0
8170,6.808446807446791,0.5511684125705076,560,681,1241,0.0,0.0008333472224535399,0.5511684125705048,0.0
8171,6.809280154669245,0.5511684125705076,560,681,1241,0.0,0.0008333472224535399,0.5511684125705048,0.0
8172,6.810113501891698,0.5511684125705076,560,681,1241,0.0,0.0008333472224535399,0.5511684125705048,0.0
8173,6.810946849114152,0.5511684125705076,560,681,1241,0.0,0.0008333472224535399,0.5511684125705048,0.0
8174,6.811780196336606,0.5503626107977437,560,681,1241,-0.0008058017727639033,0.000833347222454428,0.5510878323932283,-8.058017727639034e-05
8175,6.81261354355906,0.5503626107977437,560,681,1241,0.0,0.0008333472224535399,0.551007252215952,-8.058017727639034e-05
8176,6.813446890781513,0.5503626107977437,560,681,1241,0.0,0.0008333472224535399,0.5509266720386756,-8.058017727639034e-05
8177,6.814280238003967,0.5503626107977437,560,681,1241,0.0,0.0008333472224535399,0.5508460918613993,-8.058017727639034e-05
8178,6.81511358522642,0.5503626107977437,560,681,1241,0.0,0.0008333472224535399,0.550765511684123,-8.058017727639034e-05
8179,6.815946932448875,0.5503626107977437,560,681,1241,0.0,0.000833347222454428,0.5506849315068466,-8.058017727639034e-05
8180,6.816780279671328,0.5503626107977437,560,681,1241,0.0,0.0008333472224535399,0.5506043513295703,-8.058017727639034e-05
8181,6.817613626893782,0.5503626107977437,560,681,1241,0.0,0.0008333472224535399,0.5505237711522939,-8.058017727639034e-05
8182,6.8184469741162355,0.5503626107977437,560,681,1241,0.0,0.0008333472224535399,0.5504431909750176,-8.058017727639034e-05
8183,6.819280321338689,0.5503626107977437,560,681,1241,0.0,0.0008333472224535399,0.5503626107977413,-8.058017727639034e-05
8184,6.8201136685611425,0.5503626107977437,560,681,1241,0.0,0.0008333472224535399,0.5503626107977413,0.0
8185,6.820947015783597,0.5503626107977437,560,681,1241,0.0,0.000833347222454428,0.5503626107977413,0.0
8186,6.8217803630060505,0.5503626107977437,560,681,1241,0.0,0.0008333472224535399,0.5503626107977413,0.0
8187,6.822613710228504,0.5503626107977437,560,681,1241,0.0,0.0008333472224535399,0.5503626107977413,0.0
8188,6.823447057450958,0.5503626107977437,560,681,1241,0.0,0.0008333472224535399,0.5503626107977413,0.0
8189,6.824280404673411,0.5503626107977437,560,681,1241,0.0,0.0008333472224535399,0.5503626107977413,0.0
8190,6.8251137518958656,0.5503626107977437,560,681,1241,0.0,0.000833347222454428,0.5503626107977413,0.0
8191,6.825947099118319,0.5503626107977437,560,681,1241,0.0,0.0008333472224535399,0.5503626107977413,0.0
8192,6.826780446340773,0.5503626107977437,560,681,1241,0.0,0.0008333472224535399,0.5503626107977413,0.0
8193,6.827613793563226,0.5503626107977437,560,681,1241,0.0,0.0008333472224535399,0.5503626107977413,0.0
8194,6.82844714078568,0.5503626107977437,560,681,1241,0.0,0.0008333472224535399,0.5503626107977413,0.0
8195,6.829280488008134,0.5503626107977437,560,681,1241,0.0,0.000833347222454428,0.5503626107977413,0.0
8196,6.830113835230588,0.5503626107977437,560,681,1241,0.0,0.0008333472224535399,0.5503626107977413,0.0
8197,6.830947182453041,0.5503626107977437,560,681,1241,0.0,0.0008333472224535399,0.5503626107977413,0.0
8198,6.831780529675495,0.5503626107977437,560,681,1241,0.0,0.0008333472224535399,0.5503626107977413,0.0
8199,6.832613876897948,0.5503626107977437,560,681,1241,0.0,0.0008333472224535399,0.5503626107977413,0.0
8200,6.833447224120403,0.5503626107977437,560,681,1241,0.0,0.000833347222454428,0.5503626107977413,0.0
8201,6.834280571342856,0.5503626107977437,560,681,1241,0.0,0.0008333472224535399,0.5503626107977413,0.0
8202,6.83511391856531,0.5503626107977437,560,681,1241,0.0,0.0008333472224535399,0.5503626107977413,0.0
8203,6.835947265787763,0.5503626107977437,560,681,1241,0.0,0.0008333472224535399,0.5503626107977413,0.0
8204,6.836780613010217,0.5503626107977437,560,681,1241,0.0,0.0008333472224535399,0.5503626107977413,0.0
8205,6.83761396023267,0.5503626107977437,560,681,1241,0.0,0.0008333472224535399,0.5503626107977413,0.0
8206,6.838447307455125,0.5503626107977437,560,681,1241,0.0,0.000833347222454428,0.5503626107977413,0.0
8207,6.839280654677578,0.5503626107977437,560,681,1241,0.0,0.0008333472224535399,0.5503626107977413,0.0
8208,6.840114001900032,0.5503626107977437,560,681,1241,0.0,0.0008333472224535399,0.5503626107977413,0.0
8209,6.8409473491224855,0.5503626107977437,560,681,1241,0.0,0.0008333472224535399,0.5503626107977413,0.0
8210,6.841780696344939,0.5511684125705076,560,681,1241,0.0008058017727639033,0.0008333472224535399,0.5504431909750177,8.058017727639034e-05
8211,6.8426140435673934,0.5511684125705076,560,681,1241,0.0,0.000833347222454428,0.550523771152294,8.058017727639034e-05
8212,6.843447390789847,0.5511684125705076,560,681,1241,0.0,0.0008333472224535399,0.5506043513295704,8.058017727639034e-05
8213,6.8442807380123005,0.5511684125705076,560,681,1241,0.0,0.0008333472224535399,0.5506849315068467,8.058017727639034e-05
8214,6.845114085234754,0.5511684125705076,560,681,1241,0.0,0.0008333472224535399,0.550765511684123,8.058017727639034e-05
8215,6.845947432457208,0.5511684125705076,560,681,1241,0.0,0.0008333472224535399,0.5508460918613994,8.058017727639034e-05
8216,6.846780779679662,0.5511684125705076,560,681,1241,0.0,0.000833347222454428,0.5509266720386757,8.058017727639034e-05
8217,6.847614126902116,0.5511684125705076,560,681,1241,0.0,0.0008333472224535399,0.5510072522159521,8.058017727639034e-05
8218,6.848447474124569,0.5511684125705076,560,681,1241,0.0,0.0008333472224535399,0.5510878323932284,8.058017727639034e-05
8219,6.849280821347023,0.5511684125705076,560,681,1241,0.0,0.0008333472224535399,0.5511684125705048,8.058017727639034e-05
8220,6.850114168569476,0.5511684125705076,560,681,1241,0.0,0.0008333472224535399,0.5511684125705048,0.0
8221,6.85094751579193,0.5511684125705076,560,681,1241,0.0,0.0008333472224535399,0.5511684125705048,0.0
8222,6.851780863014384,0.5511684125705076,560,681,1241,0.0,0.000833347222454428,0.5511684125705048,0.0
8223,6.852614210236838,0.5511684125705076,560,681,1241,0.0,0.0008333472224535399,0.5511684125705048,0.0
8224,6.853447557459291,0.5511684125705076,560,681,1241,0.0,0.0008333472224535399,0.5511684125705048,0.0
8225,6.854280904681745,0.5511684125705076,560,681,1241,0.0,0.0008333472224535399,0.5511684125705048,0.0
8226,6.855114251904198,0.5511684125705076,560,681,1241,0.0,0.0008333472224535399,0.5511684125705048,0.0
8227,6.855947599126653,0.5511684125705076,560,681,1241,0.0,0.000833347222454428,0.5511684125705048,0.0
8228,6.856780946349106,0.5511684125705076,560,681,1241,0.0,0.0008333472224535399,0.5511684125705048,0.0
8229,6.85761429357156,0.5511684125705076,560,681,1241,0.0,0.0008333472224535399,0.5511684125705048,0.0
8230,6.858447640794013,0.5511684125705076,560,681,1241,0.0,0.0008333472224535399,0.5511684125705048,0.0
8231,6.859280988016467,0.5511684125705076,560,681,1241,0.0,0.0008333472224535399,0.5511684125705048,0.0
8232,6.860114335238921,0.5519742143432715,560,681,1241,0.0008058017727639033,0.000833347222454428,0.551248992747781,8.058017727639034e-05
8233,6.860947682461375,0.5519742143432715,560,681,1241,0.0,0.0008333472224535399,0.5513295729250574,8.058017727639034e-05
8234,6.861781029683828,0.5519742143432715,560,681,1241,0.0,0.0008333472224535399,0.5514101531023338,8.058017727639034e-05
8235,6.862614376906282,0.5519742143432715,560,681,1241,0.0,0.0008333472224535399,0.5514907332796101,8.058017727639034e-05
8236,6.8634477241287355,0.5511684125705076,560,681,1241,-0.0008058017727639033,0.0008333472224535399,0.5514907332796101,0.0
8237,6.864281071351189,0.5503626107977437,560,681,1241,-0.0008058017727639033,0.0008333472224535399,0.5514101531023338,-8.058017727639034e-05
8238,6.8651144185736435,0.5503626107977437,560,681,1241,0.0,0.000833347222454428,0.5513295729250574,-8.058017727639034e-05
8239,6.865947765796097,0.5503626107977437,560,681,1241,0.0,0.0008333472224535399,0.551248992747781,-8.058017727639034e-05
8240,6.8667811130185505,0.5503626107977437,560,681,1241,0.0,0.0008333472224535399,0.5511684125705048,-8.058017727639034e-05
8241,6.867614460241004,0.5503626107977437,560,681,1241,0.0,0.0008333472224535399,0.5510878323932283,-8.058017727639034e-05
8242,6.868447807463458,0.5503626107977437,560,681,1241,0.0,0.0008333472224535399,0.5509266720386756,-0.00016116035455278067
8243,6.869281154685912,0.5503626107977437,560,681,1241,0.0,0.000833347222454428,0.5507655116841228,-0.00016116035455278067
8244,6.870114501908366,0.5503626107977437,560,681,1241,0.0,0.0008333472224535399,0.55060435132957,-0.00016116035455278067
8245,6.870947849130819,0.5503626107977437,560,681,1241,0.0,0.0008333472224535399,0.5504431909750173,-0.00016116035455278067
8246,6.871781196353273,0.5495568090249798,560,681,1241,-0.0008058017727639033,0.0008333472224535399,0.5502820306204643,-0.00016116035455278067
8247,6.872614543575726,0.5495568090249798,560,681,1241,0.0,0.0008333472224535399,0.5502014504431879,-8.058017727639034e-05
8248,6.873447890798181,0.5495568090249798,560,681,1241,0.0,0.000833347222454428,0.5501208702659116,-8.058017727639034e-05
8249,6.874281238020634,0.5495568090249798,560,681,1241,0.0,0.0008333472224535399,0.5500402900886352,-8.058017727639034e-05
8250,6.875114585243088,0.5495568090249798,560,681,1241,0.0,0.0008333472224535399,0.5499597099113589,-8.058017727639034e-05
8251,6.875947932465541,0.5495568090249798,560,681,1241,0.0,0.0008333472224535399,0.5498791297340826,-8.058017727639034e-05
8252,6.876781279687995,0.5495568090249798,560,681,1241,0.0,0.0008333472224535399,0.5497985495568062,-8.058017727639034e-05
8253,6.877614626910449,0.5495568090249798,560,681,1241,0.0,0.000833347222454428,0.5497179693795299,-8.058017727639034e-05
8254,6.878447974132903,0.5495568090249798,560,681,1241,0.0,0.0008333472224535399,0.5496373892022535,-8.058017727639034e-05
8255,6.879281321355356,0.5495568090249798,560,681,1241,0.0,0.0008333472224535399,0.5495568090249772,-8.058017727639034e-05
8256,6.88011466857781,0.5495568090249798,560,681,1241,0.0,0.0008333472224535399,0.5495568090249773,0.0
8257,6.880948015800263,0.5495568090249798,560,681,1241,0.0,0.0008333472224535399,0.5495568090249773,0.0
8258,6.881781363022717,0.5495568090249798,560,681,1241,0.0,0.0008333472224535399,0.5495568090249773,0.0
8259,6.882614710245171,0.5495568090249798,560,681,1241,0.0,0.000833347222454428,0.5495568090249773,0.0
8260,6.883448057467625,0.5495568090249798,560,681,1241,0.0,0.0008333472224535399,0.5495568090249773,0.0
8261,6.884281404690078,0.5495568090249798,560,681,1241,0.0,0.0008333472224535399,0.5495568090249773,0.0
8262,6.885114751912532,0.5495568090249798,560,681,1241,0.0,0.0008333472224535399,0.5495568090249773,0.0
8263,6.8859480991349855,0.5495568090249798,560,681,1241,0.0,0.0008333472224535399,0.5495568090249773,0.0
8264,6.88678144635744,0.5495568090249798,560,681,1241,0.0,0.000833347222454428,0.5495568090249773,0.0
8265,6.8876147935798935,0.5495568090249798,560,681,1241,0.0,0.0008333472224535399,0.5495568090249773,0.0
8266,6.888448140802347,0.5495568090249798,560,681,1241,0.0,0.0008333472224535399,0.5495568090249773,0.0
8267,6.889281488024801,0.5495568090249798,560,681,1241,0.0,0.0008333472224535399,0.5495568090249773,0.0
8268,6.890114835247254,0.5495568090249798,560,681,1241,0.0,0.0008333472224535399,0.5495568090249773,0.0
8269,6.8909481824697085,0.5495568090249798,560,681,1241,0.0,0.000833347222454428,0.5495568090249773,0.0
8270,6.891781529692162,0.5495568090249798,560,681,1241,0.0,0.0008333472224535399,0.5495568090249773,0.0
8271,6.892614876914616,0.5495568090249798,560,681,1241,0.0,0.0008333472224535399,0.5495568090249773,0.0
8272,6.893448224137069,0.5503626107977437,560,681,1241,0.0008058017727639033,0.0008333472224535399,0.5496373892022536,8.058017727639034e-05
8273,6.894281571359523,0.5503626107977437,560,681,1241,0.0,0.0008333472224535399,0.54971796937953,8.058017727639034e-05
8274,6.895114918581976,0.5503626107977437,560,681,1241,0.0,0.0008333472224535399,0.5497985495568063,8.058017727639034e-05
8275,6.895948265804431,0.5503626107977437,560,681,1241,0.0,0.000833347222454428,0.5498791297340826,8.058017727639034e-05
8276,6.896781613026884,0.5503626107977437,560,681,1241,0.0,0.0008333472224535399,0.549959709911359,8.058017727639034e-05
8277,6.897614960249338,0.5503626107977437,560,681,1241,0.0,0.0008333472224535399,0.5500402900886353,8.058017727639034e-05
8278,6.898448307471791,0.5503626107977437,560,681,1241,0.0,0.0008333472224535399,0.5501208702659117,8.058017727639034e-05
8279,6.899281654694245,0.5503626107977437,560,681,1241,0.0,0.0008333472224535399,0.550201450443188,8.058017727639034e-05
8280,6.900115001916699,0.5511684125705076,560,681,1241,0.0008058017727639033,0.000833347222454428,0.5503626107977408,0.00016116035455278067
8281,6.900948349139153,0.5511684125705076,560,681,1241,0.0,0.0008333472224535399,0.5505237711522938,0.00016116035455278067
8282,6.901781696361606,0.5511684125705076,560,681,1241,0.0,0.0008333472224535399,0.5506043513295702,8.058017727639034e-05
8283,6.90261504358406,0.5511684125705076,560,681,1241,0.0,0.0008333472224535399,0.5506849315068465,8.058017727639034e-05
8284,6.903448390806513,0.5511684125705076,560,681,1241,0.0,0.0008333472224535399,0.5507655116841229,8.058017727639034e-05
8285,6.904281738028968,0.5511684125705076,560,681,1241,0.0,0.000833347222454428,0.5508460918613992,8.058017727639034e-05
8286,6.905115085251421,0.5511684125705076,560,681,1241,0.0,0.0008333472224535399,0.5509266720386756,8.058017727639034e-05
8287,6.905948432473875,0.5511684125705076,560,681,1241,0.0,0.0008333472224535399,0.5510072522159519,8.058017727639034e-05
8288,6.9067817796963284,0.5511684125705076,560,681,1241,0.0,0.0008333472224535399,0.5510878323932282,8.058017727639034e-05
8289,6.907615126918782,0.5511684125705076,560,681,1241,0.0,0.0008333472224535399,0.5511684125705046,8.058017727639034e-05
8290,6.908448474141236,0.5511684125705076,560,681,1241,0.0,0.000833347222454428,0.5511684125705045,0.0
8291,6.90928182136369,0.5511684125705076,560,681,1241,0.0,0.0008333472224535399,0.5511684125705045,0.0
8292,6.9101151685861435,0.5511684125705076,560,681,1241,0.0,0.0008333472224535399,0.5511684125705045,0.0
8293,6.910948515808597,0.5511684125705076,560,681,1241,0.0,0.0008333472224535399,0.5511684125705045,0.0
8294,6.911781863031051,0.5511684125705076,560,681,1241,0.0,0.0008333472224535399,0.5511684125705045,0.0
8295,6.912615210253504,0.5511684125705076,560,681,1241,0.0,0.0008333472224535399,0.5511684125705045,0.0
8296,6.9134485574759585,0.5511684125705076,560,681,1241,0.0,0.000833347222454428,0.5511684125705045,0.0
8297,6.914281904698412,0.5511684125705076,560,681,1241,0.0,0.0008333472224535399,0.5511684125705045,0.0
8298,6.915115251920866,0.5511684125705076,560,681,1241,0.0,0.0008333472224535399,0.5511684125705045,0.0
8299,6.915948599143319,0.5511684125705076,560,681,1241,0.0,0.0008333472224535399,0.5511684125705045,0.0
8300,6.916781946365773,0.5511684125705076,560,681,1241,0.0,0.0008333472224535399,0.5511684125705045,0.0
8301,6.917615293588227,0.5511684125705076,560,681,1241,0.0,0.000833347222454428,0.5511684125705045,0.0
8302,6.918448640810681,0.5511684125705076,560,681,1241,0.0,0.0008333472224535399,0.5511684125705045,0.0
8303,6.919281988033134,0.5511684125705076,560,681,1241,0.0,0.0008333472224535399,0.5511684125705045,0.0
8304,6.920115335255588,0.5519742143432715,560,681,1241,0.0008058017727639033,0.0008333472224535399,0.5512489927477808,8.058017727639034e-05
8305,6.920948682478041,0.5519742143432715,560,681,1241,0.0,0.0008333472224535399,0.5513295729250572,8.058017727639034e-05
8306,6.921782029700496,0.5519742143432715,560,681,1241,0.0,0.000833347222454428,0.5514101531023335,8.058017727639034e-05
8307,6.922615376922949,0.5519742143432715,560,681,1241,0.0,0.0008333472224535399,0.55149073327961,8.058017727639034e-05
8308,6.923448724145403,0.5519742143432715,560,681,1241,0.0,0.0008333472224535399,0.5515713134568863,8.058017727639034e-05
8309,6.924282071367856,0.5519742143432715,560,681,1241,0.0,0.0008333472224535399,0.5516518936341626,8.058017727639034e-05
8310,6.92511541859031,0.5519742143432715,560,681,1241,0.0,0.0008333472224535399,0.551732473811439,8.058017727639034e-05
8311,6.925948765812763,0.5519742143432715,560,681,1241,0.0,0.0008333472224535399,0.5518130539887153,8.058017727639034e-05
8312,6.926782113035218,0.5519742143432715,560,681,1241,0.0,0.000833347222454428,0.5518936341659917,8.058017727639034e-05
8313,6.927615460257671,0.5519742143432715,560,681,1241,0.0,0.0008333472224535399,0.551974214343268,8.058017727639034e-05
8314,6.928448807480125,0.5519742143432715,560,681,1241,0.0,0.0008333472224535399,0.551974214343268,0.0
8315,6.9292821547025785,0.5519742143432715,560,681,1241,0.0,0.0008333472224535399,0.551974214343268,0.0
8316,6.930115501925032,0.5519742143432715,560,681,1241,0.0,0.0008333472224535399,0.551974214343268,0.0
8317,6.930948849147486,0.5519742143432715,560,681,1241,0.0,0.000833347222454428,0.551974214343268,0.0
8318,6.93178219636994,0.5519742143432715,560,681,1241,0.0,0.0008333472224535399,0.551974214343268,0.0
8319,6.9326155435923935,0.5519742143432715,560,681,1241,0.0,0.0008333472224535399,0.551974214343268,0.0
8320,6.933448890814847,0.5519742143432715,560,681,1241,0.0,0.0008333472224535399,0.551974214343268,0.0
8321,6.934282238037301,0.5519742143432715,560,681,1241,0.0,0.0008333472224535399,0.551974214343268,0.0
8322,6.935115585259755,0.5519742143432715,560,681,1241,0.0,0.000833347222454428,0.551974214343268,0.0
8323,6.935948932482209,0.5519742143432715,560,681,1241,0.0,0.0008333472224535399,0.551974214343268,0.0
8324,6.936782279704662,0.5519742143432715,560,681,1241,0.0,0.0008333472224535399,0.551974214343268,0.0
8325,6.937615626927116,0.5519742143432715,560,681,1241,0.0,0.0008333472224535399,0.551974214343268,0.0
8326,6.938448974149569,0.5519742143432715,560,681,1241,0.0,0.0008333472224535399,0.551974214343268,0.0
8327,6.939282321372023,0.5519742143432715,560,681,1241,0.0,0.0008333472224535399,0.551974214343268,0.0
8328,6.940115668594477,0.5519742143432715,560,681,1241,0.0,0.000833347222454428,0.551974214343268,0.0
8329,6.940949015816931,0.5519742143432715,560,681,1241,0.0,0.0008333472224535399,0.551974214343268,0.0
8330,6.941782363039384,0.5519742143432715,560,681,1241,0.0,0.0008333472224535399,0.551974214343268,0.0
8331,6.942615710261838,0.5519742143432715,560,681,1241,0.0,0.0008333472224535399,0.551974214343268,0.0
8332,6.943449057484291,0.5519742143432715,560,681,1241,0.0,0.0008333472224535399,0.551974214343268,0.0
8333,6.944282404706746,0.5519742143432715,560,681,1241,0.0,0.000833347222454428,0.551974214343268,0.0
8334,6.945115751929199,0.5511684125705076,560,681,1241,-0.0008058017727639033,0.0008333472224535399,0.5518936341659917,-8.058017727639034e-05
8335,6.945949099151653,0.5511684125705076,560,681,1241,0.0,0.0008333472224535399,0.5518130539887153,-8.058017727639034e-05
8336,6.946782446374106,0.5511684125705076,560,681,1241,0.0,0.0008333472224535399,0.551732473811439,-8.058017727639034e-05
8337,6.94761579359656,0.5511684125705076,560,681,1241,0.0,0.0008333472224535399,0.5516518936341626,-8.058017727639034e-05
8338,6.948449140819014,0.5511684125705076,560,681,1241,0.0,0.000833347222454428,0.5515713134568863,-8.058017727639034e-05
8339,6.949282488041468,0.5511684125705076,560,681,1241,0.0,0.0008333472224535399,0.55149073327961,-8.058017727639034e-05
8340,6.950115835263921,0.5503626107977437,560,681,1241,-0.0008058017727639033,0.0008333472224535399,0.5513295729250571,-0.00016116035455278067
8341,6.950949182486375,0.5503626107977437,560,681,1241,0.0,0.0008333472224535399,0.5511684125705043,-0.00016116035455278067
8342,6.9517825297088285,0.5503626107977437,560,681,1241,0.0,0.0008333472224535399,0.5510072522159516,-0.00016116035455278067
8343,6.952615876931283,0.5503626107977437,560,681,1241,0.0,0.000833347222454428,0.5508460918613988,-0.00016116035455278067
8344,6.9534492241537365,0.5503626107977437,560,681,1241,0.0,0.0008333472224535399,0.5507655116841225,-8.058017727639034e-05
8345,6.95428257137619,0.5503626107977437,560,681,1241,0.0,0.0008333472224535399,0.550684931506846,-8.058017727639034e-05
8346,6.9551159185986435,0.5503626107977437,560,681,1241,0.0,0.0008333472224535399,0.5506043513295698,-8.058017727639034e-05
8347,6.955949265821097,0.5503626107977437,560,681,1241,0.0,0.0008333472224535399,0.5505237711522935,-8.058017727639034e-05
8348,6.956782613043551,0.5495568090249798,560,681,1241,-0.0008058017727639033,0.0008333472224535399,0.5503626107977405,-0.00016116035455278067
8349,6.957615960266005,0.5495568090249798,560,681,1241,0.0,0.000833347222454428,0.5502014504431877,-0.00016116035455278067
8350,6.958449307488459,0.5495568090249798,560,681,1241,0.0,0.0008333472224535399,0.5501208702659113,-8.058017727639034e-05
8351,6.959282654710912,0.5495568090249798,560,681,1241,0.0,0.0008333472224535399,0.5500402900886349,-8.058017727639034e-05
8352,6.960116001933366,0.5495568090249798,560,681,1241,0.0,0.0008333472224535399,0.5499597099113586,-8.058017727639034e-05
8353,6.960949349155819,0.5495568090249798,560,681,1241,0.0,0.0008333472224535399,0.5498791297340822,-8.058017727639034e-05
8354,6.961782696378274,0.5495568090249798,560,681,1241,0.0,0.000833347222454428,0.5497985495568058,-8.058017727639034e-05
8355,6.962616043600727,0.5495568090249798,560,681,1241,0.0,0.0008333472224535399,0.5497179693795295,-8.058017727639034e-05
8356,6.963449390823181,0.5495568090249798,560,681,1241,0.0,0.0008333472224535399,0.5496373892022531,-8.058017727639034e-05
8357,6.964282738045634,0.5495568090249798,560,681,1241,0.0,0.0008333472224535399,0.5495568090249768,-8.058017727639034e-05
8358,6.965116085268088,0.5495568090249798,560,681,1241,0.0,0.0008333472224535399,0.5495568090249769,0.0
8359,6.965949432490542,0.5495568090249798,560,681,1241,0.0,0.000833347222454428,0.5495568090249769,0.0
8360,6.966782779712996,0.5495568090249798,560,681,1241,0.0,0.0008333472224535399,0.5495568090249769,0.0
8361,6.967616126935449,0.5495568090249798,560,681,1241,0.0,0.0008333472224535399,0.5495568090249769,0.0
8362,6.968449474157903,0.5495568090249798,560,681,1241,0.0,0.0008333472224535399,0.5495568090249769,0.0
8363,6.969282821380356,0.5495568090249798,560,681,1241,0.0,0.0008333472224535399,0.5495568090249769,0.0
8364,6.97011616860281,0.5495568090249798,560,681,1241,0.0,0.0008333472224535399,0.5495568090249769,0.0
8365,6.970949515825264,0.5495568090249798,560,681,1241,0.0,0.000833347222454428,0.5495568090249769,0.0
8366,6.971782863047718,0.5495568090249798,560,681,1241,0.0,0.0008333472224535399,0.5495568090249769,0.0
8367,6.972616210270171,0.5495568090249798,560,681,1241,0.0,0.0008333472224535399,0.5495568090249769,0.0
8368,6.973449557492625,0.5495568090249798,560,681,1241,0.0,0.0008333472224535399,0.5495568090249769,0.0
8369,6.9742829047150785,0.5495568090249798,560,681,1241,0.0,0.0008333472224535399,0.5495568090249769,0.0
8370,6.975116251937533,0.5495568090249798,560,681,1241,0.0,0.000833347222454428,0.5495568090249769,0.0
8371,6.9759495991599865,0.5495568090249798,560,681,1241,0.0,0.0008333472224535399,0.5495568090249769,0.0
8372,6.97678294638244,0.5495568090249798,560,681,1241,0.0,0.0008333472224535399,0.5495568090249769,0.0
8373,6.9776162936048935,0.5495568090249798,560,681,1241,0.0,0.0008333472224535399,0.5495568090249769,0.0
8374,6.978449640827347,0.5495568090249798,560,681,1241,0.0,0.0008333472224535399,0.5495568090249769,0.0
8375,6.9792829880498015,0.5495568090249798,560,681,1241,0.0,0.000833347222454428,0.5495568090249769,0.0
8376,6.980116335272255,0.5495568090249798,560,681,1241,0.0,0.0008333472224535399,0.5495568090249769,0.0
8377,6.980949682494709,0.5495568090249798,560,681,1241,0.0,0.0008333472224535399,0.5495568090249769,0.0
8378,6.981783029717162,0.5495568090249798,560,681,1241,0.0,0.0008333472224535399,0.5495568090249769,0.0
8379,6.982616376939616,0.5495568090249798,560,681,1241,0.0,0.0008333472224535399,0.5495568090249769,0.0
8380,6.98344972416207,0.5495568090249798,560,681,1241,0.0,0.000833347222454428,0.5495568090249769,0.0
8381,6.984283071384524,0.5495568090249798,560,681,1241,0.0,0.0008333472224535399,0.5495568090249769,0.0
8382,6.985116418606977,0.5495568090249798,560,681,1241,0.0,0.0008333472224535399,0.5495568090249769,0.0
8383,6.985949765829431,0.5495568090249798,560,681,1241,0.0,0.0008333472224535399,0.5495568090249769,0.0
8384,6.986783113051884,0.5495568090249798,560,681,1241,0.0,0.0008333472224535399,0.5495568090249769,0.0
8385,6.987616460274338,0.5495568090249798,560,681,1241,0.0,0.0008333472224535399,0.5495568090249769,0.0
8386,6.988449807496792,0.5495568090249798,560,681,1241,0.0,0.000833347222454428,0.5495568090249769,0.0
8387,6.989283154719246,0.5495568090249798,560,681,1241,0.0,0.0008333472224535399,0.5495568090249769,0.0
8388,6.990116501941699,0.5495568090249798,560,681,1241,0.0,0.0008333472224535399,0.5495568090249769,0.0
8389,6.990949849164153,0.5495568090249798,560,681,1241,0.0,0.0008333472224535399,0.5495568090249769,0.0
8390,6.991783196386606,0.5495568090249798,560,681,1241,0.0,0.0008333472224535399,0.5495568090249769,0.0
8391,6.992616543609061,0.5495568090249798,560,681,1241,0.0,0.000833347222454428,0.5495568090249769,0.0
8392,6.993449890831514,0.5495568090249798,560,681,1241,0.0,0.0008333472224535399,0.5495568090249769,0.0
8393,6.994283238053968,0.5495568090249798,560,681,1241,0.0,0.0008333472224535399,0.5495568090249769,0.0
8394,6.995116585276421,0.5495568090249798,560,681,1241,0.0,0.0008333472224535399,0.5495568090249769,0.0
8395,6.995949932498875,0.5495568090249798,560,681,1241,0.0,0.0008333472224535399,0.5495568090249769,0.0
8396,6.996783279721329,0.5495568090249798,560,681,1241,0.0,0.000833347222454428,0.5495568090249769,0.0
8397,6.997616626943783,0.5495568090249798,560,681,1241,0.0,0.0008333472224535399,0.5495568090249769,0.0
8398,6.9984499741662365,0.5495568090249798,560,681,1241,0.0,0.0008333472224535399,0.5495568090249769,0.0
8399,6.99928332138869,0.5495568090249798,560,681,1241,0.0,0.0008333472224535399,0.5495568090249769,0.0
8400,7.000116668611144,0.5495568090249798,560,681,1241,0.0,0.0008333472224535399,0.5495568090249769,0.0
8401,7.000950015833597,0.5495568090249798,560,681,1241,0.0,0.0008333472224535399,0.5495568090249769,0.0
8402,7.0017833630560515,0.5495568090249798,560,681,1241,0.0,0.000833347222454428,0.5495568090249769,0.0
8403,7.002616710278505,0.5495568090249798,560,681,1241,0.0,0.0008333472224535399,0.5495568090249769,0.0
8404,7.003450057500959,0.5495568090249798,560,681,1241,0.0,0.0008333472224535399,0.5495568090249769,0.0
8405,7.004283404723412,0.5495568090249798,560,681,1241,0.0,0.0008333472224535399,0.5495568090249769,0.0
8406,7.005116751945866,0.5495568090249798,560,681,1241,0.0,0.0008333472224535399,0.5495568090249769,0.0
8407,7.00595009916832,0.5495568090249798,560,681,1241,0.0,0.000833347222454428,0.5495568090249769,0.0
8408,7.006783446390774,0.5495568090249798,560,681,1241,0.0,0.0008333472224535399,0.5495568090249769,0.0
8409,7.007616793613227,0.5495568090249798,560,681,1241,0.0,0.0008333472224535399,0.5495568090249769,0.0
8410,7.008450140835681,0.5495568090249798,560,681,1241,0.0,0.0008333472224535399,0.5495568090249769,0.0
8411,7.009283488058134,0.5495568090249798,560,681,1241,0.0,0.0008333472224535399,0.5495568090249769,0.0
8412,7.010116835280589,0.5495568090249798,560,681,1241,0.0,0.000833347222454428,0.5495568090249769,0.0
8413,7.010950182503042,0.5495568090249798,560,681,1241,0.0,0.0008333472224535399,0.5495568090249769,0.0
8414,7.011783529725496,0.5495568090249798,560,681,1241,0.0,0.0008333472224535399,0.5495568090249769,0.0
8415,7.012616876947949,0.5495568090249798,560,681,1241,0.0,0.0008333472224535399,0.5495568090249769,0.0
8416,7.013450224170403,0.5495568090249798,560,681,1241,0.0,0.0008333472224535399,0.5495568090249769,0.0
8417,7.014283571392856,0.5495568090249798,560,681,1241,0.0,0.0008333472224535399,0.5495568090249769,0.0
8418,7.015116918615311,0.5495568090249798,560,681,1241,0.0,0.000833347222454428,0.5495568090249769,0.0
8419,7.015950265837764,0.5495568090249798,560,681,1241,0.0,0.0008333472224535399,0.5495568090249769,0.0
8420,7.016783613060218,0.5495568090249798,560,681,1241,0.0,0.0008333472224535399,0.5495568090249769,0.0
8421,7.0176169602826715,0.5495568090249798,560,681,1241,0.0,0.0008333472224535399,0.5495568090249769,0.0
8422,7.018450307505125,0.5495568090249798,560,681,1241,0.0,0.0008333472224535399,0.5495568090249769,0.0
8423,7.019283654727579,0.5495568090249798,560,681,1241,0.0,0.000833347222454428,0.5495568090249769,0.0
8424,7.020117001950033,0.5495568090249798,560,681,1241,0.0,0.0008333472224535399,0.5495568090249769,0.0
8425,7.0209503491724865,0.5495568090249798,560,681,1241,0.0,0.0008333472224535399,0.5495568090249769,0.0
8426,7.02178369639494,0.5495568090249798,560,681,1241,0.0,0.0008333472224535399,0.5495568090249769,0.0
8427,7.022617043617394,0.5495568090249798,560,681,1241,0.0,0.0008333472224535399,0.5495568090249769,0.0
8428,7.023450390839848,0.5495568090249798,560,681,1241,0.0,0.000833347222454428,0.5495568090249769,0.0
8429,7.0242837380623016,0.5487510072522159,560,681,1241,-0.0008058017727639033,0.0008333472224535399,0.5494762288477005,-8.058017727639034e-05
8430,7.025117085284755,0.5487510072522159,560,681,1241,0.0,0.0008333472224535399,0.5493956486704242,-8.058017727639034e-05
8431,7.025950432507209,0.5487510072522159,560,681,1241,0.0,0.0008333472224535399,0.5493150684931478,-8.058017727639034e-05
8432,7.026783779729662,0.5487510072522159,560,681,1241,0.0,0.0008333472224535399,0.5492344883158715,-8.058017727639034e-05
8433,7.027617126952117,0.5487510072522159,560,681,1241,0.0,0.000833347222454428,0.5491539081385952,-8.058017727639034e-05
8434,7.02845047417457,0.5487510072522159,560,681,1241,0.0,0.0008333472224535399,0.5490733279613188,-8.058017727639034e-05
8435,7.029283821397024,0.5487510072522159,560,681,1241,0.0,0.0008333472224535399,0.5489927477840425,-8.058017727639034e-05
8436,7.030117168619477,0.5487510072522159,560,681,1241,0.0,0.0008333472224535399,0.5489121676067661,-8.058017727639034e-05
8437,7.030950515841931,0.5487510072522159,560,681,1241,0.0,0.0008333472224535399,0.5488315874294898,-8.058017727639034e-05
8438,7.031783863064384,0.5487510072522159,560,681,1241,0.0,0.0008333472224535399,0.5487510072522135,-8.058017727639034e-05
8439,7.032617210286839,0.5487510072522159,560,681,1241,0.0,0.000833347222454428,0.5487510072522135,0.0
8440,7.033450557509292,0.5487510072522159,560,681,1241,0.0,0.0008333472224535399,0.5487510072522135,0.0
8441,7.034283904731746,0.5487510072522159,560,681,1241,0.0,0.0008333472224535399,0.5487510072522135,0.0
8442,7.035117251954199,0.5487510072522159,560,681,1241,0.0,0.0008333472224535399,0.5487510072522135,0.0
8443,7.035950599176653,0.5487510072522159,560,681,1241,0.0,0.0008333472224535399,0.5487510072522135,0.0
8444,7.036783946399107,0.5487510072522159,560,681,1241,0.0,0.000833347222454428,0.5487510072522135,0.0
8445,7.037617293621561,0.5487510072522159,560,681,1241,0.0,0.0008333472224535399,0.5487510072522135,0.0
8446,7.038450640844014,0.5487510072522159,560,681,1241,0.0,0.0008333472224535399,0.5487510072522135,0.0
8447,7.039283988066468,0.5487510072522159,560,681,1241,0.0,0.0008333472224535399,0.5487510072522135,0.0
8448,7.0401173352889215,0.5487510072522159,560,681,1241,0.0,0.0008333472224535399,0.5487510072522135,0.0
8449,7.040950682511376,0.5487510072522159,560,681,1241,0.0,0.000833347222454428,0.5487510072522135,0.0
8450,7.041784029733829,0.5487510072522159,560,681,1241,0.0,0.0008333472224535399,0.5487510072522135,0.0
8451,7.042617376956283,0.5487510072522159,560,681,1241,0.0,0.0008333472224535399,0.5487510072522135,0.0
8452,7.0434507241787365,0.5487510072522159,560,681,1241,0.0,0.0008333472224535399,0.5487510072522135,0.0
8453,7.04428407140119,0.5487510072522159,560,681,1241,0.0,0.0008333472224535399,0.5487510072522135,0.0
8454,7.045117418623644,0.5487510072522159,560,681,1241,0.0,0.0008333472224535399,0.5487510072522135,0.0
8455,7.045950765846098,0.5487510072522159,560,681,1241,0.0,0.000833347222454428,0.5487510072522135,0.0
8456,7.046784113068552,0.5487510072522159,560,681,1241,0.0,0.0008333472224535399,0.5487510072522135,0.0
8457,7.047617460291005,0.5487510072522159,560,681,1241,0.0,0.0008333472224535399,0.5487510072522135,0.0
8458,7.048450807513459,0.5487510072522159,560,681,1241,0.0,0.0008333472224535399,0.5487510072522135,0.0
8459,7.049284154735912,0.5487510072522159,560,681,1241,0.0,0.0008333472224535399,0.5487510072522135,0.0
8460,7.050117501958367,0.5487510072522159,560,681,1241,0.0,0.000833347222454428,0.5487510072522135,0.0
8461,7.05095084918082,0.5487510072522159,560,681,1241,0.0,0.0008333472224535399,0.5487510072522135,0.0
8462,7.051784196403274,0.5487510072522159,560,681,1241,0.0,0.0008333472224535399,0.5487510072522135,0.0
8463,7.052617543625727,0.5487510072522159,560,681,1241,0.0,0.0008333472224535399,0.5487510072522135,0.0
8464,7.053450890848181,0.5487510072522159,560,681,1241,0.0,0.0008333472224535399,0.5487510072522135,0.0
8465,7.054284238070635,0.5487510072522159,560,681,1241,0.0,0.000833347222454428,0.5487510072522135,0.0
8466,7.055117585293089,0.5487510072522159,560,681,1241,0.0,0.0008333472224535399,0.5487510072522135,0.0
8467,7.055950932515542,0.5487510072522159,560,681,1241,0.0,0.0008333472224535399,0.5487510072522135,0.0
8468,7.056784279737996,0.5487510072522159,560,681,1241,0.0,0.0008333472224535399,0.5487510072522135,0.0
8469,7.057617626960449,0.5487510072522159,560,681,1241,0.0,0.0008333472224535399,0.5487510072522135,0.0
8470,7.058450974182903,0.5487510072522159,560,681,1241,0.0,0.0008333472224535399,0.5487510072522135,0.0
8471,7.059284321405357,0.5487510072522159,560,681,1241,0.0,0.000833347222454428,0.5487510072522135,0.0
8472,7.060117668627811,0.5487510072522159,560,681,1241,0.0,0.0008333472224535399,0.5487510072522135,0.0
8473,7.060951015850264,0.5487510072522159,560,681,1241,0.0,0.0008333472224535399,0.5487510072522135,0.0
8474,7.061784363072718,0.5487510072522159,560,681,1241,0.0,0.0008333472224535399,0.5487510072522135,0.0
8475,7.0626177102951715,0.5487510072522159,560,681,1241,0.0,0.0008333472224535399,0.5487510072522135,0.0
8476,7.063451057517626,0.5487510072522159,560,681,1241,0.0,0.000833347222454428,0.5487510072522135,0.0
8477,7.0642844047400795,0.5487510072522159,560,681,1241,0.0,0.0008333472224535399,0.5487510072522135,0.0
8478,7.065117751962533,0.5487510072522159,560,681,1241,0.0,0.0008333472224535399,0.5487510072522135,0.0
8479,7.0659510991849865,0.5487510072522159,560,681,1241,0.0,0.0008333472224535399,0.5487510072522135,0.0
8480,7.06678444640744,0.5487510072522159,560,681,1241,0.0,0.0008333472224535399,0.5487510072522135,0.0
8481,7.0676177936298945,0.5487510072522159,560,681,1241,0.0,0.000833347222454428,0.5487510072522135,0.0
8482,7.068451140852348,0.5487510072522159,560,681,1241,0.0,0.0008333472224535399,0.5487510072522135,0.0
8483,7.069284488074802,0.5487510072522159,560,681,1241,0.0,0.0008333472224535399,0.5487510072522135,0.0
8484,7.070117835297255,0.5487510072522159,560,681,1241,0.0,0.0008333472224535399,0.5487510072522135,0.0
8485,7.070951182519709,0.5487510072522159,560,681,1241,0.0,0.0008333472224535399,0.5487510072522135,0.0
8486,7.071784529742163,0.5487510072522159,560,681,1241,0.0,0.000833347222454428,0.5487510072522135,0.0
8487,7.072617876964617,0.5487510072522159,560,681,1241,0.0,0.0008333472224535399,0.5487510072522135,0.0
8488,7.07345122418707,0.5487510072522159,560,681,1241,0.0,0.0008333472224535399,0.5487510072522135,0.0
8489,7.074284571409524,0.5487510072522159,560,681,1241,0.0,0.0008333472224535399,0.5487510072522135,0.0
8490,7.075117918631977,0.5487510072522159,560,681,1241,0.0,0.0008333472224535399,0.5487510072522135,0.0
8491,7.075951265854431,0.5487510072522159,560,681,1241,0.0,0.0008333472224535399,0.5487510072522135,0.0
8492,7.076784613076885,0.5487510072522159,560,681,1241,0.0,0.000833347222454428,0.5487510072522135,0.0
8493,7.077617960299339,0.5487510072522159,560,681,1241,0.0,0.0008333472224535399,0.5487510072522135,0.0
8494,7.078451307521792,0.5487510072522159,560,681,1241,0.0,0.0008333472224535399,0.5487510072522135,0.0
8495,7.079284654744246,0.5495568090249798,560,681,1241,0.0008058017727639033,0.0008333472224535399,0.5488315874294898,8.058017727639034e-05
8496,7.080118001966699,0.5495568090249798,560,681,1241,0.0,0.0008333472224535399,0.5489121676067661,8.058017727639034e-05
8497,7.080951349189154,0.5495568090249798,560,681,1241,0.0,0.000833347222454428,0.5489927477840425,8.058017727639034e-05
8498,7.081784696411607,0.5495568090249798,560,681,1241,0.0,0.0008333472224535399,0.5490733279613188,8.058017727639034e-05
8499,7.082618043634061,0.5495568090249798,560,681,1241,0.0,0.0008333472224535399,0.5491539081385952,8.058017727639034e-05
8500,7.083451390856514,0.5495568090249798,560,681,1241,0.0,0.0008333472224535399,0.5492344883158715,8.058017727639034e-05
8501,7.084284738078968,0.5495568090249798,560,681,1241,0.0,0.0008333472224535399,0.5493150684931478,8.058017727639034e-05
8502,7.085118085301422,0.5495568090249798,560,681,1241,0.0,0.000833347222454428,0.5493956486704242,8.058017727639034e-05
8503,7.085951432523876,0.5495568090249798,560,681,1241,0.0,0.0008333472224535399,0.5494762288477005,8.058017727639034e-05
8504,7.0867847797463295,0.5495568090249798,560,681,1241,0.0,0.0008333472224535399,0.5495568090249769,8.058017727639034e-05
8505,7.087618126968783,0.5495568090249798,560,681,1241,0.0,0.0008333472224535399,0.5495568090249769,0.0
8506,7.088451474191237,0.5495568090249798,560,681,1241,0.0,0.0008333472224535399,0.5495568090249769,0.0
8507,7.08928482141369,0.5495568090249798,560,681,1241,0.0,0.0008333472224535399,0.5495568090249769,0.0
8508,7.0901181686361445,0.5495568090249798,560,681,1241,0.0,0.000833347222454428,0.5495568090249769,0.0
8509,7.090951515858598,0.5495568090249798,560,681,1241,0.0,0.0008333472224535399,0.5495568090249769,0.0
8510,7.091784863081052,0.5495568090249798,560,681,1241,0.0,0.0008333472224535399,0.5495568090249769,0.0
8511,7.092618210303505,0.5495568090249798,560,681,1241,0.0,0.0008333472224535399,0.5495568090249769,0.0
8512,7.093451557525959,0.5495568090249798,560,681,1241,0.0,0.0008333472224535399,0.5495568090249769,0.0
8513,7.094284904748413,0.5495568090249798,560,681,1241,0.0,0.000833347222454428,0.5495568090249769,0.0
8514,7.095118251970867,0.5487510072522159,560,681,1241,-0.0008058017727639033,0.0008333472224535399,0.5494762288477005,-8.058017727639034e-05
8515,7.09595159919332,0.5487510072522159,560,681,1241,0.0,0.0008333472224535399,0.5493956486704242,-8.058017727639034e-05
8516,7.096784946415774,0.5487510072522159,560,681,1241,0.0,0.0008333472224535399,0.5493150684931478,-8.058017727639034e-05
8517,7.097618293638227,0.5487510072522159,560,681,1241,0.0,0.0008333472224535399,0.5492344883158715,-8.058017727639034e-05
8518,7.098451640860682,0.5487510072522159,560,681,1241,0.0,0.000833347222454428,0.5491539081385952,-8.058017727639034e-05
8519,7.099284988083135,0.5487510072522159,560,681,1241,0.0,0.0008333472224535399,0.5490733279613188,-8.058017727639034e-05
8520,7.100118335305589,0.5487510072522159,560,681,1241,0.0,0.0008333472224535399,0.5489927477840425,-8.058017727639034e-05
8521,7.100951682528042,0.5487510072522159,560,681,1241,0.0,0.0008333472224535399,0.5489121676067661,-8.058017727639034e-05
8522,7.101785029750496,0.5487510072522159,560,681,1241,0.0,0.0008333472224535399,0.5488315874294898,-8.058017727639034e-05
8523,7.10261837697295,0.5487510072522159,560,681,1241,0.0,0.000833347222454428,0.5487510072522135,-8.058017727639034e-05
8524,7.103451724195404,0.5487510072522159,560,681,1241,0.0,0.0008333472224535399,0.5487510072522135,0.0
8525,7.104285071417857,0.5487510072522159,560,681,1241,0.0,0.0008333472224535399,0.5487510072522135,0.0
8526,7.105118418640311,0.5487510072522159,560,681,1241,0.0,0.0008333472224535399,0.5487510072522135,0.0
8527,7.1059517658627644,0.5487510072522159,560,681,1241,0.0,0.0008333472224535399,0.5487510072522135,0.0
8528,7.106785113085218,0.5487510072522159,560,681,1241,0.0,0.0008333472224535399,0.5487510072522135,0.0
8529,7.107618460307672,0.5487510072522159,560,681,1241,0.0,0.000833347222454428,0.5487510072522135,0.0
8530,7.108451807530126,0.5487510072522159,560,681,1241,0.0,0.0008333472224535399,0.5487510072522135,0.0
8531,7.1092851547525795,0.5487510072522159,560,681,1241,0.0,0.0008333472224535399,0.5487510072522135,0.0
8532,7.110118501975033,0.5487510072522159,560,681,1241,0.0,0.0008333472224535399,0.5487510072522135,0.0
8533,7.110951849197487,0.5487510072522159,560,681,1241,0.0,0.0008333472224535399,0.5487510072522135,0.0
8534,7.111785196419941,0.5487510072522159,560,681,1241,0.0,0.000833347222454428,0.5487510072522135,0.0
8535,7.1126185436423945,0.5487510072522159,560,681,1241,0.0,0.0008333472224535399,0.5487510072522135,0.0
8536,7.113451890864848,0.5487510072522159,560,681,1241,0.0,0.0008333472224535399,0.5487510072522135,0.0
8537,7.114285238087302,0.5487510072522159,560,681,1241,0.0,0.0008333472224535399,0.5487510072522135,0.0
8538,7.115118585309755,0.5487510072522159,560,681,1241,0.0,0.0008333472224535399,0.5487510072522135,0.0
8539,7.11595193253221,0.5487510072522159,560,681,1241,0.0,0.000833347222454428,0.5487510072522135,0.0
8540,7.116785279754663,0.5487510072522159,560,681,1241,0.0,0.0008333472224535399,0.5487510072522135,0.0
8541,7.117618626977117,0.5487510072522159,560,681,1241,0.0,0.0008333472224535399,0.5487510072522135,0.0
8542,7.11845197419957,0.5487510072522159,560,681,1241,0.0,0.0008333472224535399,0.5487510072522135,0.0
8543,7.119285321422024,0.5487510072522159,560,681,1241,0.0,0.0008333472224535399,0.5487510072522135,0.0
8544,7.120118668644477,0.5487510072522159,560,681,1241,0.0,0.0008333472224535399,0.5487510072522135,0.0
8545,7.120952015866932,0.5487510072522159,560,681,1241,0.0,0.000833347222454428,0.5487510072522135,0.0
8546,7.121785363089385,0.5487510072522159,560,681,1241,0.0,0.0008333472224535399,0.5487510072522135,0.0
8547,7.122618710311839,0.5487510072522159,560,681,1241,0.0,0.0008333472224535399,0.5487510072522135,0.0
8548,7.123452057534292,0.5487510072522159,560,681,1241,0.0,0.0008333472224535399,0.5487510072522135,0.0
8549,7.124285404756746,0.5487510072522159,560,681,1241,0.0,0.0008333472224535399,0.5487510072522135,0.0
8550,7.1251187519792,0.5487510072522159,560,681,1241,0.0,0.000833347222454428,0.5487510072522135,0.0
8551,7.125952099201654,0.5487510072522159,560,681,1241,0.0,0.0008333472224535399,0.5487510072522135,0.0
8552,7.126785446424107,0.5487510072522159,560,681,1241,0.0,0.0008333472224535399,0.5487510072522135,0.0
8553,7.127618793646561,0.5487510072522159,560,681,1241,0.0,0.0008333472224535399,0.5487510072522135,0.0
8554,7.1284521408690145,0.5487510072522159,560,681,1241,0.0,0.0008333472224535399,0.5487510072522135,0.0
8555,7.129285488091469,0.5487510072522159,560,681,1241,0.0,0.000833347222454428,0.5487510072522135,0.0
8556,7.130118835313922,0.5487510072522159,560,681,1241,0.0,0.0008333472224535399,0.5487510072522135,0.0
8557,7.130952182536376,0.5487510072522159,560,681,1241,0.0,0.0008333472224535399,0.5487510072522135,0.0
8558,7.1317855297588295,0.5487510072522159,560,681,1241,0.0,0.0008333472224535399,0.5487510072522135,0.0
8559,7.132618876981283,0.5487510072522159,560,681,1241,0.0,0.0008333472224535399,0.5487510072522135,0.0
8560,7.133452224203737,0.5487510072522159,560,681,1241,0.0,0.0008333472224535399,0.5487510072522135,0.0
8561,7.134285571426191,0.5487510072522159,560,681,1241,0.0,0.000833347222454428,0.5487510072522135,0.0
8562,7.135118918648645,0.5487510072522159,560,681,1241,0.0,0.0008333472224535399,0.5487510072522135,0.0
8563,7.135952265871098,0.5487510072522159,560,681,1241,0.0,0.0008333472224535399,0.5487510072522135,0.0
8564,7.136785613093552,0.5487510072522159,560,681,1241,0.0,0.0008333472224535399,0.5487510072522135,0.0
8565,7.137618960316005,0.5487510072522159,560,681,1241,0.0,0.0008333472224535399,0.5487510072522135,0.0
8566,7.13845230753846,0.5487510072522159,560,681,1241,0.0,0.000833347222454428,0.5487510072522135,0.0
8567,7.139285654760913,0.5487510072522159,560,681,1241,0.0,0.0008333472224535399,0.5487510072522135,0.0
8568,7.140119001983367,0.5487510072522159,560,681,1241,0.0,0.0008333472224535399,0.5487510072522135,0.0
8569,7.14095234920582,0.5487510072522159,560,681,1241,0.0,0.0008333472224535399,0.5487510072522135,0.0
8570,7.141785696428274,0.5487510072522159,560,681,1241,0.0,0.0008333472224535399,0.5487510072522135,0.0
8571,7.142619043650728,0.5487510072522159,560,681,1241,0.0,0.000833347222454428,0.5487510072522135,0.0
8572,7.143452390873182,0.5487510072522159,560,681,1241,0.0,0.0008333472224535399,0.5487510072522135,0.0
8573,7.144285738095635,0.5487510072522159,560,681,1241,0.0,0.0008333472224535399,0.5487510072522135,0.0
8574,7.145119085318089,0.5487510072522159,560,681,1241,0.0,0.0008333472224535399,0.5487510072522135,0.0
8575,7.145952432540542,0.5487510072522159,560,681,1241,0.0,0.0008333472224535399,0.5487510072522135,0.0
8576,7.146785779762997,0.5487510072522159,560,681,1241,0.0,0.000833347222454428,0.5487510072522135,0.0
8577,7.14761912698545,0.5487510072522159,560,681,1241,0.0,0.0008333472224535399,0.5487510072522135,0.0
8578,7.148452474207904,0.5487510072522159,560,681,1241,0.0,0.0008333472224535399,0.5487510072522135,0.0
8579,7.149285821430357,0.5487510072522159,560,681,1241,0.0,0.0008333472224535399,0.5487510072522135,0.0
8580,7.150119168652811,0.5487510072522159,560,681,1241,0.0,0.0008333472224535399,0.5487510072522135,0.0
8581,7.1509525158752645,0.5487510072522159,560,681,1241,0.0,0.0008333472224535399,0.5487510072522135,0.0
8582,7.151785863097719,0.5487510072522159,560,681,1241,0.0,0.000833347222454428,0.5487510072522135,0.0
8583,7.1526192103201724,0.5487510072522159,560,681,1241,0.0,0.0008333472224535399,0.5487510072522135,0.0
8584,7.153452557542626,0.5487510072522159,560,681,1241,0.0,0.0008333472224535399,0.5487510072522135,0.0
8585,7.1542859047650795,0.5487510072522159,560,681,1241,0.0,0.0008333472224535399,0.5487510072522135,0.0
8586,7.155119251987533,0.5487510072522159,560,681,1241,0.0,0.0008333472224535399,0.5487510072522135,0.0
8587,7.1559525992099875,0.5487510072522159,560,681,1241,0.0,0.000833347222454428,0.5487510072522135,0.0
8588,7.156785946432441,0.5487510072522159,560,681,1241,0.0,0.0008333472224535399,0.5487510072522135,0.0
8589,7.157619293654895,0.5487510072522159,560,681,1241,0.0,0.0008333472224535399,0.5487510072522135,0.0
8590,7.158452640877348,0.5487510072522159,560,681,1241,0.0,0.0008333472224535399,0.5487510072522135,0.0
8591,7.159285988099802,0.5487510072522159,560,681,1241,0.0,0.0008333472224535399,0.5487510072522135,0.0
8592,7.160119335322256,0.5487510072522159,560,681,1241,0.0,0.000833347222454428,0.5487510072522135,0.0
8593,7.16095268254471,0.5487510072522159,560,681,1241,0.0,0.0008333472224535399,0.5487510072522135,0.0
8594,7.161786029767163,0.5487510072522159,560,681,1241,0.0,0.0008333472224535399,0.5487510072522135,0.0
8595,7.162619376989617,0.5487510072522159,560,681,1241,0.0,0.0008333472224535399,0.5487510072522135,0.0
8596,7.16345272421207,0.5487510072522159,560,681,1241,0.0,0.0008333472224535399,0.5487510072522135,0.0
8597,7.164286071434524,0.5487510072522159,560,681,1241,0.0,0.0008333472224535399,0.5487510072522135,0.0
8598,7.165119418656978,0.5487510072522159,560,681,1241,0.0,0.000833347222454428,0.5487510072522135,0.0
8599,7.165952765879432,0.5487510072522159,560,681,1241,0.0,0.0008333472224535399,0.5487510072522135,0.0
8600,7.166786113101885,0.5487510072522159,560,681,1241,0.0,0.0008333472224535399,0.5487510072522135,0.0
8601,7.167619460324339,0.5487510072522159,560,681,1241,0.0,0.0008333472224535399,0.5487510072522135,0.0
8602,7.168452807546792,0.5487510072522159,560,681,1241,0.0,0.0008333472224535399,0.5487510072522135,0.0
8603,7.169286154769247,0.5487510072522159,560,681,1241,0.0,0.000833347222454428,0.5487510072522135,0.0
8604,7.1701195019917,0.5487510072522159,560,681,1241,0.0,0.0008333472224535399,0.5487510072522135,0.0
8605,7.170952849214154,0.5487510072522159,560,681,1241,0.0,0.0008333472224535399,0.5487510072522135,0.0
8606,7.171786196436607,0.5487510072522159,560,681,1241,0.0,0.0008333472224535399,0.5487510072522135,0.0
8607,7.172619543659061,0.5487510072522159,560,681,1241,0.0,0.0008333472224535399,0.5487510072522135,0.0
8608,7.173452890881515,0.5487510072522159,560,681,1241,0.0,0.000833347222454428,0.5487510072522135,0.0
8609,7.174286238103969,0.5487510072522159,560,681,1241,0.0,0.0008333472224535399,0.5487510072522135,0.0
8610,7.1751195853264225,0.5487510072522159,560,681,1241,0.0,0.0008333472224535399,0.5487510072522135,0.0
8611,7.175952932548876,0.5487510072522159,560,681,1241,0.0,0.0008333472224535399,0.5487510072522135,0.0
8612,7.1767862797713295,0.5487510072522159,560,681,1241,0.0,0.0008333472224535399,0.5487510072522135,0.0
8613,7.177619626993784,0.5487510072522159,560,681,1241,0.0,0.000833347222454428,0.5487510072522135,0.0
8614,7.1784529742162375,0.5487510072522159,560,681,1241,0.0,0.0008333472224535399,0.5487510072522135,0.0
8615,7.179286321438691,0.5487510072522159,560,681,1241,0.0,0.0008333472224535399,0.5487510072522135,0.0
8616,7.180119668661145,0.5487510072522159,560,681,1241,0.0,0.0008333472224535399,0.5487510072522135,0.0
8617,7.180953015883598,0.5487510072522159,560,681,1241,0.0,0.0008333472224535399,0.5487510072522135,0.0
8618,7.181786363106052,0.5487510072522159,560,681,1241,0.0,0.0008333472224535399,0.5487510072522135,0.0
8619,7.182619710328506,0.5487510072522159,560,681,1241,0.0,0.000833347222454428,0.5487510072522135,0.0
8620,7.18345305755096,0.5487510072522159,560,681,1241,0.0,0.0008333472224535399,0.5487510072522135,0.0
8621,7.184286404773413,0.5487510072522159,560,681,1241,0.0,0.0008333472224535399,0.5487510072522135,0.0
8622,7.185119751995867,0.5487510072522159,560,681,1241,0.0,0.0008333472224535399,0.5487510072522135,0.0
8623,7.18595309921832,0.5487510072522159,560,681,1241,0.0,0.0008333472224535399,0.5487510072522135,0.0
8624,7.186786446440775,0.5487510072522159,560,681,1241,0.0,0.000833347222454428,0.5487510072522135,0.0
8625,7.187619793663228,0.5487510072522159,560,681,1241,0.0,0.0008333472224535399,0.5487510072522135,0.0
8626,7.188453140885682,0.5487510072522159,560,681,1241,0.0,0.0008333472224535399,0.5487510072522135,0.0
8627,7.189286488108135,0.5487510072522159,560,681,1241,0.0,0.0008333472224535399,0.5487510072522135,0.0
8628,7.190119835330589,0.5487510072522159,560,681,1241,0.0,0.0008333472224535399,0.5487510072522135,0.0
8629,7.190953182553043,0.5487510072522159,560,681,1241,0.0,0.000833347222454428,0.5487510072522135,0.0
8630,7.191786529775497,0.5487510072522159,560,681,1241,0.0,0.0008333472224535399,0.5487510072522135,0.0
8631,7.19261987699795,0.5487510072522159,560,681,1241,0.0,0.0008333472224535399,0.5487510072522135,0.0
8632,7.193453224220404,0.5487510072522159,560,681,1241,0.0,0.0008333472224535399,0.5487510072522135,0.0
8633,7.194286571442857,0.5487510072522159,560,681,1241,0.0,0.0008333472224535399,0.5487510072522135,0.0
8634,7.195119918665311,0.5487510072522159,560,681,1241,0.0,0.0008333472224535399,0.5487510072522135,0.0
8635,7.195953265887765,0.5487510072522159,560,681,1241,0.0,0.000833347222454428,0.5487510072522135,0.0
8636,7.196786613110219,0.5487510072522159,560,681,1241,0.0,0.0008333472224535399,0.5487510072522135,0.0
8637,7.1976199603326725,0.5487510072522159,560,681,1241,0.0,0.0008333472224535399,0.5487510072522135,0.0
8638,7.198453307555126,0.5487510072522159,560,681,1241,0.0,0.0008333472224535399,0.5487510072522135,0.0
8639,7.19928665477758,0.5487510072522159,560,681,1241,0.0,0.0008333472224535399,0.5487510072522135,0.0
8640,7.200120002000034,0.5487510072522159,560,681,1241,0.0,0.000833347222454428,0.5487510072522135,0.0
8641,7.2009533492224875,0.5487510072522159,560,681,1241,0.0,0.0008333472224535399,0.5487510072522135,0.0
8642,7.201786696444941,0.5487510072522159,560,681,1241,0.0,0.0008333472224535399,0.5487510072522135,0.0
8643,7.202620043667395,0.5487510072522159,560,681,1241,0.0,0.0008333472224535399,0.5487510072522135,0.0
8644,7.203453390889848,0.5487510072522159,560,681,1241,0.0,0.0008333472224535399,0.5487510072522135,0.0
8645,7.204286738112303,0.5487510072522159,560,681,1241,0.0,0.000833347222454428,0.5487510072522135,0.0
8646,7.205120085334756,0.5487510072522159,560,681,1241,0.0,0.0008333472224535399,0.5487510072522135,0.0
8647,7.20595343255721,0.5487510072522159,560,681,1241,0.0,0.0008333472224535399,0.5487510072522135,0.0
8648,7.206786779779663,0.5487510072522159,560,681,1241,0.0,0.0008333472224535399,0.5487510072522135,0.0
8649,7.207620127002117,0.5487510072522159,560,681,1241,0.0,0.0008333472224535399,0.5487510072522135,0.0
8650,7.20845347422457,0.5487510072522159,560,681,1241,0.0,0.0008333472224535399,0.5487510072522135,0.0
8651,7.209286821447025,0.5487510072522159,560,681,1241,0.0,0.000833347222454428,0.5487510072522135,0.0
8652,7.210120168669478,0.5487510072522159,560,681,1241,0.0,0.0008333472224535399,0.5487510072522135,0.0
8653,7.210953515891932,0.5487510072522159,560,681,1241,0.0,0.0008333472224535399,0.5487510072522135,0.0
8654,7.211786863114385,0.5487510072522159,560,681,1241,0.0,0.0008333472224535399,0.5487510072522135,0.0
8655,7.212620210336839,0.5487510072522159,560,681,1241,0.0,0.0008333472224535399,0.5487510072522135,0.0
8656,7.213453557559293,0.5487510072522159,560,681,1241,0.0,0.000833347222454428,0.5487510072522135,0.0
8657,7.214286904781747,0.5487510072522159,560,681,1241,0.0,0.0008333472224535399,0.5487510072522135,0.0
8658,7.2151202520042,0.5487510072522159,560,681,1241,0.0,0.0008333472224535399,0.5487510072522135,0.0
8659,7.215953599226654,0.5487510072522159,560,681,1241,0.0,0.0008333472224535399,0.5487510072522135,0.0
8660,7.2167869464491075,0.5487510072522159,560,681,1241,0.0,0.0008333472224535399,0.5487510072522135,0.0
8661,7.217620293671562,0.5487510072522159,560,681,1241,0.0,0.000833347222454428,0.5487510072522135,0.0
8662,7.218453640894015,0.5487510072522159,560,681,1241,0.0,0.0008333472224535399,0.5487510072522135,0.0
8663,7.219286988116469,0.5487510072522159,560,681,1241,0.0,0.0008333472224535399,0.5487510072522135,0.0
8664,7.2201203353389225,0.5487510072522159,560,681,1241,0.0,0.0008333472224535399,0.5487510072522135,0.0
8665,7.220953682561376,0.5487510072522159,560,681,1241,0.0,0.0008333472224535399,0.5487510072522135,0.0
8666,7.2217870297838305,0.5487510072522159,560,681,1241,0.0,0.000833347222454428,0.5487510072522135,0.0
8667,7.222620377006284,0.5487510072522159,560,681,1241,0.0,0.0008333472224535399,0.5487510072522135,0.0
8668,7.2234537242287375,0.5487510072522159,560,681,1241,0.0,0.0008333472224535399,0.5487510072522135,0.0
8669,7.224287071451191,0.5495568090249798,560,681,1241,0.0008058017727639033,0.0008333472224535399,0.5488315874294898,8.058017727639034e-05
8670,7.225120418673645,0.5495568090249798,560,681,1241,0.0,0.0008333472224535399,0.5489121676067661,8.058017727639034e-05
8671,7.225953765896098,0.5495568090249798,560,681,1241,0.0,0.0008333472224535399,0.5489927477840425,8.058017727639034e-05
8672,7.226787113118553,0.5495568090249798,560,681,1241,0.0,0.000833347222454428,0.5490733279613188,8.058017727639034e-05
8673,7.227620460341006,0.5495568090249798,560,681,1241,0.0,0.0008333472224535399,0.5491539081385952,8.058017727639034e-05
8674,7.22845380756346,0.5495568090249798,560,681,1241,0.0,0.0008333472224535399,0.5492344883158715,8.058017727639034e-05
8675,7.229287154785913,0.5495568090249798,560,681,1241,0.0,0.0008333472224535399,0.5493150684931478,8.058017727639034e-05
8676,7.230120502008367,0.5495568090249798,560,681,1241,0.0,0.0008333472224535399,0.5493956486704242,8.058017727639034e-05
8677,7.230953849230821,0.5495568090249798,560,681,1241,0.0,0.000833347222454428,0.5494762288477005,8.058017727639034e-05
8678,7.231787196453275,0.5495568090249798,560,681,1241,0.0,0.0008333472224535399,0.5495568090249769,8.058017727639034e-05
8679,7.232620543675728,0.5495568090249798,560,681,1241,0.0,0.0008333472224535399,0.5495568090249769,0.0
8680,7.233453890898182,0.5495568090249798,560,681,1241,0.0,0.0008333472224535399,0.5495568090249769,0.0
8681,7.234287238120635,0.5495568090249798,560,681,1241,0.0,0.0008333472224535399,0.5495568090249769,0.0
8682,7.23512058534309,0.5495568090249798,560,681,1241,0.0,0.000833347222454428,0.5495568090249769,0.0
8683,7.235953932565543,0.5495568090249798,560,681,1241,0.0,0.0008333472224535399,0.5495568090249769,0.0
8684,7.236787279787997,0.5495568090249798,560,681,1241,0.0,0.0008333472224535399,0.5495568090249769,0.0
8685,7.23762062701045,0.5495568090249798,560,681,1241,0.0,0.0008333472224535399,0.5495568090249769,0.0
8686,7.238453974232904,0.5495568090249798,560,681,1241,0.0,0.0008333472224535399,0.5495568090249769,0.0
8687,7.2392873214553575,0.5495568090249798,560,681,1241,0.0,0.0008333472224535399,0.5495568090249769,0.0
8688,7.240120668677812,0.5503626107977437,560,681,1241,0.0008058017727639033,0.000833347222454428,0.5496373892022532,8.058017727639034e-05
8689,7.240954015900265,0.5503626107977437,560,681,1241,0.0,0.0008333472224535399,0.5497179693795295,8.058017727639034e-05
8690,7.241787363122719,0.5503626107977437,560,681,1241,0.0,0.0008333472224535399,0.549798549556806,8.058017727639034e-05
8691,7.2426207103451725,0.5503626107977437,560,681,1241,0.0,0.0008333472224535399,0.5498791297340823,8.058017727639034e-05
8692,7.243454057567626,0.5503626107977437,560,681,1241,0.0,0.0008333472224535399,0.5499597099113587,8.058017727639034e-05
8693,7.2442874047900805,0.5503626107977437,560,681,1241,0.0,0.000833347222454428,0.550040290088635,8.058017727639034e-05
8694,7.245120752012534,0.5503626107977437,560,681,1241,0.0,0.0008333472224535399,0.5501208702659113,8.058017727639034e-05
8695,7.245954099234988,0.5503626107977437,560,681,1241,0.0,0.0008333472224535399,0.5502014504431877,8.058017727639034e-05
8696,7.246787446457441,0.5503626107977437,560,681,1241,0.0,0.0008333472224535399,0.550282030620464,8.058017727639034e-05
8697,7.247620793679895,0.5503626107977437,560,681,1241,0.0,0.0008333472224535399,0.5503626107977404,8.058017727639034e-05
8698,7.248454140902349,0.5503626107977437,560,681,1241,0.0,0.000833347222454428,0.5503626107977404,0.0
8699,7.249287488124803,0.5503626107977437,560,681,1241,0.0,0.0008333472224535399,0.5503626107977404,0.0
8700,7.250120835347256,0.5503626107977437,560,681,1241,0.0,0.0008333472224535399,0.5503626107977404,0.0
8701,7.25095418256971,0.5503626107977437,560,681,1241,0.0,0.0008333472224535399,0.5503626107977404,0.0
8702,7.251787529792163,0.5503626107977437,560,681,1241,0.0,0.0008333472224535399,0.5503626107977404,0.0
8703,7.252620877014617,0.5503626107977437,560,681,1241,0.0,0.0008333472224535399,0.5503626107977404,0.0
8704,7.253454224237071,0.5503626107977437,560,681,1241,0.0,0.000833347222454428,0.5503626107977404,0.0
8705,7.254287571459525,0.5503626107977437,560,681,1241,0.0,0.0008333472224535399,0.5503626107977404,0.0
8706,7.255120918681978,0.5503626107977437,560,681,1241,0.0,0.0008333472224535399,0.5503626107977404,0.0
8707,7.255954265904432,0.5503626107977437,560,681,1241,0.0,0.0008333472224535399,0.5503626107977404,0.0
8708,7.256787613126885,0.5503626107977437,560,681,1241,0.0,0.0008333472224535399,0.5503626107977404,0.0
8709,7.25762096034934,0.5503626107977437,560,681,1241,0.0,0.000833347222454428,0.5503626107977404,0.0
8710,7.258454307571793,0.5503626107977437,560,681,1241,0.0,0.0008333472224535399,0.5503626107977404,0.0
8711,7.259287654794247,0.5503626107977437,560,681,1241,0.0,0.0008333472224535399,0.5503626107977404,0.0
8712,7.2601210020167,0.5503626107977437,560,681,1241,0.0,0.0008333472224535399,0.5503626107977404,0.0
8713,7.260954349239154,0.5503626107977437,560,681,1241,0.0,0.0008333472224535399,0.5503626107977404,0.0
8714,7.261787696461608,0.5503626107977437,560,681,1241,0.0,0.000833347222454428,0.5503626107977404,0.0
8715,7.262621043684062,0.5503626107977437,560,681,1241,0.0,0.0008333472224535399,0.5503626107977404,0.0
8716,7.2634543909065155,0.5503626107977437,560,681,1241,0.0,0.0008333472224535399,0.5503626107977404,0.0
8717,7.264287738128969,0.5503626107977437,560,681,1241,0.0,0.0008333472224535399,0.5503626107977404,0.0
8718,7.2651210853514225,0.5503626107977437,560,681,1241,0.0,0.0008333472224535399,0.5503626107977404,0.0
8719,7.265954432573877,0.5503626107977437,560,681,1241,0.0,0.000833347222454428,0.5503626107977404,0.0
8720,7.2667877797963305,0.5503626107977437,560,681,1241,0.0,0.0008333472224535399,0.5503626107977404,0.0
8721,7.267621127018784,0.5503626107977437,560,681,1241,0.0,0.0008333472224535399,0.5503626107977404,0.0
8722,7.268454474241238,0.5503626107977437,560,681,1241,0.0,0.0008333472224535399,0.5503626107977404,0.0
8723,7.269287821463691,0.5503626107977437,560,681,1241,0.0,0.0008333472224535399,0.5503626107977404,0.0
8724,7.270121168686145,0.5495568090249798,560,681,1241,-0.0008058017727639033,0.0008333472224535399,0.5502820306204639,-8.058017727639034e-05
8725,7.270954515908599,0.5495568090249798,560,681,1241,0.0,0.000833347222454428,0.5502014504431876,-8.058017727639034e-05
8726,7.271787863131053,0.5495568090249798,560,681,1241,0.0,0.0008333472224535399,0.5501208702659113,-8.058017727639034e-05
8727,7.272621210353506,0.5495568090249798,560,681,1241,0.0,0.0008333472224535399,0.5500402900886349,-8.058017727639034e-05
8728,7.27345455757596,0.5495568090249798,560,681,1241,0.0,0.0008333472224535399,0.5499597099113586,-8.058017727639034e-05
8729,7.274287904798413,0.5495568090249798,560,681,1241,0.0,0.0008333472224535399,0.5498791297340822,-8.058017727639034e-05
8730,7.275121252020868,0.5495568090249798,560,681,1241,0.0,0.000833347222454428,0.5497985495568058,-8.058017727639034e-05
8731,7.275954599243321,0.5495568090249798,560,681,1241,0.0,0.0008333472224535399,0.5497179693795295,-8.058017727639034e-05
8732,7.276787946465775,0.5495568090249798,560,681,1241,0.0,0.0008333472224535399,0.5496373892022531,-8.058017727639034e-05
8733,7.277621293688228,0.5495568090249798,560,681,1241,0.0,0.0008333472224535399,0.5495568090249768,-8.058017727639034e-05
8734,7.278454640910682,0.5495568090249798,560,681,1241,0.0,0.0008333472224535399,0.5495568090249769,0.0
8735,7.279287988133136,0.5495568090249798,560,681,1241,0.0,0.000833347222454428,0.5495568090249769,0.0
8736,7.28012133535559,0.5495568090249798,560,681,1241,0.0,0.0008333472224535399,0.5495568090249769,0.0
8737,7.280954682578043,0.5495568090249798,560,681,1241,0.0,0.0008333472224535399,0.5495568090249769,0.0
8738,7.281788029800497,0.5495568090249798,560,681,1241,0.0,0.0008333472224535399,0.5495568090249769,0.0
8739,7.28262137702295,0.5495568090249798,560,681,1241,0.0,0.0008333472224535399,0.5495568090249769,0.0
8740,7.283454724245404,0.5495568090249798,560,681,1241,0.0,0.0008333472224535399,0.5495568090249769,0.0
8741,7.284288071467858,0.5495568090249798,560,681,1241,0.0,0.000833347222454428,0.5495568090249769,0.0
8742,7.285121418690312,0.5495568090249798,560,681,1241,0.0,0.0008333472224535399,0.5495568090249769,0.0
8743,7.2859547659127655,0.5495568090249798,560,681,1241,0.0,0.0008333472224535399,0.5495568090249769,0.0
8744,7.286788113135219,0.5503626107977437,560,681,1241,0.0008058017727639033,0.0008333472224535399,0.5496373892022532,8.058017727639034e-05
8745,7.2876214603576726,0.5503626107977437,560,681,1241,0.0,0.0008333472224535399,0.5497179693795295,8.058017727639034e-05
8746,7.288454807580127,0.5503626107977437,560,681,1241,0.0,0.000833347222454428,0.549798549556806,8.058017727639034e-05
8747,7.2892881548025805,0.5503626107977437,560,681,1241,0.0,0.0008333472224535399,0.5498791297340823,8.058017727639034e-05
8748,7.290121502025034,0.5503626107977437,560,681,1241,0.0,0.0008333472224535399,0.5499597099113587,8.058017727639034e-05
8749,7.290954849247488,0.5495568090249798,560,681,1241,-0.0008058017727639033,0.0008333472224535399,0.5499597099113587,0.0
8750,7.291788196469941,0.5495568090249798,560,681,1241,0.0,0.0008333472224535399,0.5499597099113587,0.0
8751,7.292621543692396,0.5495568090249798,560,681,1241,0.0,0.000833347222454428,0.5499597099113587,0.0
8752,7.293454890914849,0.5495568090249798,560,681,1241,0.0,0.0008333472224535399,0.5499597099113587,0.0
8753,7.294288238137303,0.5495568090249798,560,681,1241,0.0,0.0008333472224535399,0.5499597099113587,0.0
8754,7.295121585359756,0.5495568090249798,560,681,1241,0.0,0.0008333472224535399,0.5498791297340822,-8.058017727639034e-05
8755,7.29595493258221,0.5495568090249798,560,681,1241,0.0,0.0008333472224535399,0.5497985495568058,-8.058017727639034e-05
8756,7.296788279804664,0.5495568090249798,560,681,1241,0.0,0.000833347222454428,0.5497179693795295,-8.058017727639034e-05
8757,7.297621627027118,0.5487510072522159,560,681,1241,-0.0008058017727639033,0.0008333472224535399,0.5495568090249767,-0.00016116035455278067
8758,7.298454974249571,0.5487510072522159,560,681,1241,0.0,0.0008333472224535399,0.5493956486704239,-0.00016116035455278067
8759,7.299288321472025,0.5487510072522159,560,681,1241,0.0,0.0008333472224535399,0.5493150684931475,-8.058017727639034e-05
8760,7.300121668694478,0.5487510072522159,560,681,1241,0.0,0.0008333472224535399,0.5492344883158712,-8.058017727639034e-05
8761,7.300955015916932,0.5487510072522159,560,681,1241,0.0,0.0008333472224535399,0.5491539081385948,-8.058017727639034e-05
8762,7.301788363139386,0.5487510072522159,560,681,1241,0.0,0.000833347222454428,0.5490733279613185,-8.058017727639034e-05
8763,7.30262171036184,0.5487510072522159,560,681,1241,0.0,0.0008333472224535399,0.5489927477840422,-8.058017727639034e-05
8764,7.303455057584293,0.5487510072522159,560,681,1241,0.0,0.0008333472224535399,0.5489121676067658,-8.058017727639034e-05
8765,7.304288404806747,0.5487510072522159,560,681,1241,0.0,0.0008333472224535399,0.5488315874294895,-8.058017727639034e-05
8766,7.3051217520292,0.5487510072522159,560,681,1241,0.0,0.0008333472224535399,0.548751007252213,-8.058017727639034e-05
8767,7.305955099251655,0.5487510072522159,560,681,1241,0.0,0.000833347222454428,0.548751007252213,0.0
8768,7.306788446474108,0.5487510072522159,560,681,1241,0.0,0.0008333472224535399,0.548751007252213,0.0
8769,7.307621793696562,0.5487510072522159,560,681,1241,0.0,0.0008333472224535399,0.548751007252213,0.0
8770,7.3084551409190155,0.5487510072522159,560,681,1241,0.0,0.0008333472224535399,0.548751007252213,0.0
8771,7.309288488141469,0.5487510072522159,560,681,1241,0.0,0.0008333472224535399,0.548751007252213,0.0
8772,7.3101218353639235,0.5487510072522159,560,681,1241,0.0,0.000833347222454428,0.548751007252213,0.0
8773,7.310955182586377,0.5487510072522159,560,681,1241,0.0,0.0008333472224535399,0.548751007252213,0.0
8774,7.3117885298088305,0.5487510072522159,560,681,1241,0.0,0.0008333472224535399,0.548751007252213,0.0
8775,7.312621877031284,0.5487510072522159,560,681,1241,0.0,0.0008333472224535399,0.548751007252213,0.0
8776,7.313455224253738,0.5487510072522159,560,681,1241,0.0,0.0008333472224535399,0.548751007252213,0.0
8777,7.314288571476191,0.5487510072522159,560,681,1241,0.0,0.0008333472224535399,0.548751007252213,0.0
8778,7.315121918698646,0.5487510072522159,560,681,1241,0.0,0.000833347222454428,0.548751007252213,0.0
8779,7.315955265921099,0.5487510072522159,560,681,1241,0.0,0.0008333472224535399,0.548751007252213,0.0
8780,7.316788613143553,0.5487510072522159,560,681,1241,0.0,0.0008333472224535399,0.548751007252213,0.0
8781,7.317621960366006,0.5487510072522159,560,681,1241,0.0,0.0008333472224535399,0.548751007252213,0.0
8782,7.31845530758846,0.5487510072522159,560,681,1241,0.0,0.0008333472224535399,0.548751007252213,0.0
8783,7.319288654810914,0.5487510072522159,560,681,1241,0.0,0.000833347222454428,0.548751007252213,0.0
8784,7.320122002033368,0.5487510072522159,560,681,1241,0.0,0.0008333472224535399,0.548751007252213,0.0
8785,7.320955349255821,0.5487510072522159,560,681,1241,0.0,0.0008333472224535399,0.548751007252213,0.0
8786,7.321788696478275,0.5487510072522159,560,681,1241,0.0,0.0008333472224535399,0.548751007252213,0.0
8787,7.322622043700728,0.5487510072522159,560,681,1241,0.0,0.0008333472224535399,0.548751007252213,0.0
8788,7.323455390923183,0.5487510072522159,560,681,1241,0.0,0.000833347222454428,0.548751007252213,0.0
8789,7.324288738145636,0.5487510072522159,560,681,1241,0.0,0.0008333472224535399,0.548751007252213,0.0
8790,7.32512208536809,0.5487510072522159,560,681,1241,0.0,0.0008333472224535399,0.548751007252213,0.0
8791,7.325955432590543,0.5487510072522159,560,681,1241,0.0,0.0008333472224535399,0.548751007252213,0.0
8792,7.326788779812997,0.5487510072522159,560,681,1241,0.0,0.0008333472224535399,0.548751007252213,0.0
8793,7.3276221270354505,0.5495568090249798,560,681,1241,0.0008058017727639033,0.0008333472224535399,0.5488315874294895,8.058017727639034e-05
8794,7.328455474257905,0.5495568090249798,560,681,1241,0.0,0.000833347222454428,0.5489121676067658,8.058017727639034e-05
8795,7.329288821480358,0.5495568090249798,560,681,1241,0.0,0.0008333472224535399,0.5489927477840422,8.058017727639034e-05
8796,7.330122168702812,0.5495568090249798,560,681,1241,0.0,0.0008333472224535399,0.5490733279613185,8.058017727639034e-05
8797,7.3309555159252655,0.5495568090249798,560,681,1241,0.0,0.0008333472224535399,0.5491539081385948,8.058017727639034e-05
8798,7.331788863147719,0.5495568090249798,560,681,1241,0.0,0.0008333472224535399,0.5492344883158712,8.058017727639034e-05
8799,7.3326222103701735,0.5495568090249798,560,681,1241,0.0,0.000833347222454428,0.5493150684931475,8.058017727639034e-05
8800,7.333455557592627,0.5495568090249798,560,681,1241,0.0,0.0008333472224535399,0.5493956486704239,8.058017727639034e-05
8801,7.334288904815081,0.5495568090249798,560,681,1241,0.0,0.0008333472224535399,0.5494762288477002,8.058017727639034e-05
8802,7.335122252037534,0.5495568090249798,560,681,1241,0.0,0.0008333472224535399,0.5495568090249765,8.058017727639034e-05
8803,7.335955599259988,0.5495568090249798,560,681,1241,0.0,0.0008333472224535399,0.5495568090249765,0.0
8804,7.336788946482442,0.5495568090249798,560,681,1241,0.0,0.000833347222454428,0.5495568090249765,0.0
8805,7.337622293704896,0.5495568090249798,560,681,1241,0.0,0.0008333472224535399,0.5495568090249765,0.0
8806,7.338455640927349,0.5495568090249798,560,681,1241,0.0,0.0008333472224535399,0.5495568090249765,0.0
8807,7.339288988149803,0.5495568090249798,560,681,1241,0.0,0.0008333472224535399,0.5495568090249765,0.0
8808,7.340122335372256,0.5495568090249798,560,681,1241,0.0,0.0008333472224535399,0.5495568090249765,0.0
8809,7.340955682594711,0.5495568090249798,560,681,1241,0.0,0.000833347222454428,0.5495568090249765,0.0
8810,7.341789029817164,0.5495568090249798,560,681,1241,0.0,0.0008333472224535399,0.5495568090249765,0.0
8811,7.342622377039618,0.5495568090249798,560,681,1241,0.0,0.0008333472224535399,0.5495568090249765,0.0
8812,7.343455724262071,0.5495568090249798,560,681,1241,0.0,0.0008333472224535399,0.5495568090249765,0.0
8813,7.344289071484525,0.5495568090249798,560,681,1241,0.0,0.0008333472224535399,0.5495568090249765,0.0
8814,7.345122418706978,0.5495568090249798,560,681,1241,0.0,0.0008333472224535399,0.5495568090249765,0.0
8815,7.345955765929433,0.5495568090249798,560,681,1241,0.0,0.000833347222454428,0.5495568090249765,0.0
8816,7.346789113151886,0.5495568090249798,560,681,1241,0.0,0.0008333472224535399,0.5495568090249765,0.0
8817,7.34762246037434,0.5495568090249798,560,681,1241,0.0,0.0008333472224535399,0.5495568090249765,0.0
8818,7.348455807596793,0.5495568090249798,560,681,1241,0.0,0.0008333472224535399,0.5495568090249765,0.0
8819,7.349289154819247,0.5495568090249798,560,681,1241,0.0,0.0008333472224535399,0.5495568090249765,0.0
8820,7.350122502041701,0.5495568090249798,560,681,1241,0.0,0.000833347222454428,0.5495568090249765,0.0
8821,7.350955849264155,0.5495568090249798,560,681,1241,0.0,0.0008333472224535399,0.5495568090249765,0.0
8822,7.3517891964866084,0.5495568090249798,560,681,1241,0.0,0.0008333472224535399,0.5495568090249765,0.0
8823,7.352622543709062,0.5495568090249798,560,681,1241,0.0,0.0008333472224535399,0.5495568090249765,0.0
8824,7.3534558909315155,0.5495568090249798,560,681,1241,0.0,0.0008333472224535399,0.5495568090249765,0.0
8825,7.35428923815397,0.5495568090249798,560,681,1241,0.0,0.000833347222454428,0.5495568090249765,0.0
8826,7.3551225853764235,0.5495568090249798,560,681,1241,0.0,0.0008333472224535399,0.5495568090249765,0.0
8827,7.355955932598877,0.5495568090249798,560,681,1241,0.0,0.0008333472224535399,0.5495568090249765,0.0
8828,7.356789279821331,0.5495568090249798,560,681,1241,0.0,0.0008333472224535399,0.5495568090249765,0.0
8829,7.357622627043784,0.5495568090249798,560,681,1241,0.0,0.0008333472224535399,0.5495568090249765,0.0
8830,7.358455974266238,0.5495568090249798,560,681,1241,0.0,0.0008333472224535399,0.5495568090249765,0.0
8831,7.359289321488692,0.5495568090249798,560,681,1241,0.0,0.000833347222454428,0.5495568090249765,0.0
8832,7.360122668711146,0.5495568090249798,560,681,1241,0.0,0.0008333472224535399,0.5495568090249765,0.0
8833,7.360956015933599,0.5495568090249798,560,681,1241,0.0,0.0008333472224535399,0.5495568090249765,0.0
8834,7.361789363156053,0.5495568090249798,560,681,1241,0.0,0.0008333472224535399,0.5495568090249765,0.0
8835,7.362622710378506,0.5495568090249798,560,681,1241,0.0,0.0008333472224535399,0.5495568090249765,0.0
8836,7.363456057600961,0.5495568090249798,560,681,1241,0.0,0.000833347222454428,0.5495568090249765,0.0
8837,7.364289404823414,0.5495568090249798,560,681,1241,0.0,0.0008333472224535399,0.5495568090249765,0.0
8838,7.365122752045868,0.5495568090249798,560,681,1241,0.0,0.0008333472224535399,0.5495568090249765,0.0
8839,7.365956099268321,0.5495568090249798,560,681,1241,0.0,0.0008333472224535399,0.5495568090249765,0.0
8840,7.366789446490775,0.5495568090249798,560,681,1241,0.0,0.0008333472224535399,0.5495568090249765,0.0
8841,7.367622793713229,0.5495568090249798,560,681,1241,0.0,0.000833347222454428,0.5495568090249765,0.0
8842,7.368456140935683,0.5495568090249798,560,681,1241,0.0,0.0008333472224535399,0.5495568090249765,0.0
8843,7.369289488158136,0.5495568090249798,560,681,1241,0.0,0.0008333472224535399,0.5495568090249765,0.0
8844,7.37012283538059,0.5495568090249798,560,681,1241,0.0,0.0008333472224535399,0.5495568090249765,0.0
8845,7.370956182603043,0.5495568090249798,560,681,1241,0.0,0.0008333472224535399,0.5495568090249765,0.0
8846,7.371789529825498,0.5495568090249798,560,681,1241,0.0,0.000833347222454428,0.5495568090249765,0.0
8847,7.372622877047951,0.5495568090249798,560,681,1241,0.0,0.0008333472224535399,0.5495568090249765,0.0
8848,7.373456224270405,0.5495568090249798,560,681,1241,0.0,0.0008333472224535399,0.5495568090249765,0.0
8849,7.3742895714928585,0.5495568090249798,560,681,1241,0.0,0.0008333472224535399,0.5495568090249765,0.0
8850,7.375122918715312,0.5495568090249798,560,681,1241,0.0,0.0008333472224535399,0.5495568090249765,0.0
8851,7.3759562659377655,0.5495568090249798,560,681,1241,0.0,0.0008333472224535399,0.5495568090249765,0.0
8852,7.37678961316022,0.5495568090249798,560,681,1241,0.0,0.000833347222454428,0.5495568090249765,0.0
8853,7.3776229603826735,0.5495568090249798,560,681,1241,0.0,0.0008333472224535399,0.5495568090249765,0.0
8854,7.378456307605127,0.5495568090249798,560,681,1241,0.0,0.0008333472224535399,0.5495568090249765,0.0
8855,7.379289654827581,0.5495568090249798,560,681,1241,0.0,0.0008333472224535399,0.5495568090249765,0.0
8856,7.380123002050034,0.5495568090249798,560,681,1241,0.0,0.0008333472224535399,0.5495568090249765,0.0
8857,7.380956349272489,0.5495568090249798,560,681,1241,0.0,0.000833347222454428,0.5495568090249765,0.0
8858,7.381789696494942,0.5495568090249798,560,681,1241,0.0,0.0008333472224535399,0.5495568090249765,0.0
8859,7.382623043717396,0.5495568090249798,560,681,1241,0.0,0.0008333472224535399,0.5495568090249765,0.0
8860,7.383456390939849,0.5495568090249798,560,681,1241,0.0,0.0008333472224535399,0.5495568090249765,0.0
8861,7.384289738162303,0.5495568090249798,560,681,1241,0.0,0.0008333472224535399,0.5495568090249765,0.0
8862,7.385123085384757,0.5495568090249798,560,681,1241,0.0,0.000833347222454428,0.5495568090249765,0.0
8863,7.385956432607211,0.5495568090249798,560,681,1241,0.0,0.0008333472224535399,0.5495568090249765,0.0
8864,7.386789779829664,0.5495568090249798,560,681,1241,0.0,0.0008333472224535399,0.5495568090249765,0.0
8865,7.387623127052118,0.5495568090249798,560,681,1241,0.0,0.0008333472224535399,0.5495568090249765,0.0
8866,7.388456474274571,0.5495568090249798,560,681,1241,0.0,0.0008333472224535399,0.5495568090249765,0.0
8867,7.389289821497025,0.5495568090249798,560,681,1241,0.0,0.0008333472224535399,0.5495568090249765,0.0
8868,7.390123168719479,0.5495568090249798,560,681,1241,0.0,0.000833347222454428,0.5495568090249765,0.0
8869,7.390956515941933,0.5495568090249798,560,681,1241,0.0,0.0008333472224535399,0.5495568090249765,0.0
8870,7.391789863164386,0.5495568090249798,560,681,1241,0.0,0.0008333472224535399,0.5495568090249765,0.0
8871,7.39262321038684,0.5495568090249798,560,681,1241,0.0,0.0008333472224535399,0.5495568090249765,0.0
8872,7.393456557609293,0.5495568090249798,560,681,1241,0.0,0.0008333472224535399,0.5495568090249765,0.0
8873,7.394289904831748,0.5495568090249798,560,681,1241,0.0,0.000833347222454428,0.5495568090249765,0.0
8874,7.395123252054201,0.5495568090249798,560,681,1241,0.0,0.0008333472224535399,0.5495568090249765,0.0
8875,7.395956599276655,0.5495568090249798,560,681,1241,0.0,0.0008333472224535399,0.5495568090249765,0.0
8876,7.3967899464991085,0.5495568090249798,560,681,1241,0.0,0.0008333472224535399,0.5495568090249765,0.0
8877,7.397623293721562,0.5495568090249798,560,681,1241,0.0,0.0008333472224535399,0.5495568090249765,0.0
8878,7.3984566409440164,0.5495568090249798,560,681,1241,0.0,0.000833347222454428,0.5495568090249765,0.0
8879,7.39928998816647,0.5495568090249798,560,681,1241,0.0,0.0008333472224535399,0.5495568090249765,0.0
8880,7.4001233353889235,0.5495568090249798,560,681,1241,0.0,0.0008333472224535399,0.5495568090249765,0.0
8881,7.400956682611377,0.5495568090249798,560,681,1241,0.0,0.0008333472224535399,0.5495568090249765,0.0
8882,7.401790029833831,0.5495568090249798,560,681,1241,0.0,0.0008333472224535399,0.5495568090249765,0.0
8883,7.402623377056284,0.5495568090249798,560,681,1241,0.0,0.0008333472224535399,0.5495568090249765,0.0
8884,7.403456724278739,0.5495568090249798,560,681,1241,0.0,0.000833347222454428,0.5495568090249765,0.0
8885,7.404290071501192,0.5495568090249798,560,681,1241,0.0,0.0008333472224535399,0.5495568090249765,0.0
8886,7.405123418723646,0.5495568090249798,560,681,1241,0.0,0.0008333472224535399,0.5495568090249765,0.0
8887,7.405956765946099,0.5495568090249798,560,681,1241,0.0,0.0008333472224535399,0.5495568090249765,0.0
8888,7.406790113168553,0.5495568090249798,560,681,1241,0.0,0.0008333472224535399,0.5495568090249765,0.0
8889,7.407623460391007,0.5495568090249798,560,681,1241,0.0,0.000833347222454428,0.5495568090249765,0.0
8890,7.408456807613461,0.5495568090249798,560,681,1241,0.0,0.0008333472224535399,0.5495568090249765,0.0
8891,7.409290154835914,0.5495568090249798,560,681,1241,0.0,0.0008333472224535399,0.5495568090249765,0.0
8892,7.410123502058368,0.5495568090249798,560,681,1241,0.0,0.0008333472224535399,0.5495568090249765,0.0
8893,7.410956849280821,0.5495568090249798,560,681,1241,0.0,0.0008333472224535399,0.5495568090249765,0.0
8894,7.411790196503276,0.5495568090249798,560,681,1241,0.0,0.000833347222454428,0.5495568090249765,0.0
8895,7.412623543725729,0.5495568090249798,560,681,1241,0.0,0.0008333472224535399,0.5495568090249765,0.0
8896,7.413456890948183,0.5495568090249798,560,681,1241,0.0,0.0008333472224535399,0.5495568090249765,0.0
8897,7.414290238170636,0.5495568090249798,560,681,1241,0.0,0.0008333472224535399,0.5495568090249765,0.0
8898,7.41512358539309,0.5495568090249798,560,681,1241,0.0,0.0008333472224535399,0.5495568090249765,0.0
8899,7.415956932615544,0.5495568090249798,560,681,1241,0.0,0.000833347222454428,0.5495568090249765,0.0
8900,7.416790279837998,0.5495568090249798,560,681,1241,0.0,0.0008333472224535399,0.5495568090249765,0.0
8901,7.417623627060451,0.5495568090249798,560,681,1241,0.0,0.0008333472224535399,0.5495568090249765,0.0
8902,7.418456974282905,0.5495568090249798,560,681,1241,0.0,0.0008333472224535399,0.5495568090249765,0.0
8903,7.4192903215053585,0.5495568090249798,560,681,1241,0.0,0.0008333472224535399,0.5495568090249765,0.0
8904,7.420123668727812,0.5495568090249798,560,681,1241,0.0,0.0008333472224535399,0.5495568090249765,0.0
8905,7.4209570159502665,0.5495568090249798,560,681,1241,0.0,0.000833347222454428,0.5495568090249765,0.0
8906,7.42179036317272,0.5495568090249798,560,681,1241,0.0,0.0008333472224535399,0.5495568090249765,0.0
8907,7.4226237103951735,0.5495568090249798,560,681,1241,0.0,0.0008333472224535399,0.5495568090249765,0.0
8908,7.423457057617627,0.5495568090249798,560,681,1241,0.0,0.0008333472224535399,0.5495568090249765,0.0
8909,7.424290404840081,0.5495568090249798,560,681,1241,0.0,0.0008333472224535399,0.5495568090249765,0.0
8910,7.425123752062535,0.5495568090249798,560,681,1241,0.0,0.000833347222454428,0.5495568090249765,0.0
8911,7.425957099284989,0.5495568090249798,560,681,1241,0.0,0.0008333472224535399,0.5495568090249765,0.0
8912,7.426790446507442,0.5495568090249798,560,681,1241,0.0,0.0008333472224535399,0.5495568090249765,0.0
8913,7.427623793729896,0.5495568090249798,560,681,1241,0.0,0.0008333472224535399,0.5495568090249765,0.0
8914,7.428457140952349,0.5495568090249798,560,681,1241,0.0,0.0008333472224535399,0.5495568090249765,0.0
8915,7.429290488174804,0.5495568090249798,560,681,1241,0.0,0.000833347222454428,0.5495568090249765,0.0
8916,7.430123835397257,0.5503626107977437,560,681,1241,0.0008058017727639033,0.0008333472224535399,0.5496373892022529,8.058017727639034e-05
8917,7.430957182619711,0.5503626107977437,560,681,1241,0.0,0.0008333472224535399,0.5497179693795292,8.058017727639034e-05
8918,7.431790529842164,0.5503626107977437,560,681,1241,0.0,0.0008333472224535399,0.5497985495568056,8.058017727639034e-05
8919,7.432623877064618,0.5503626107977437,560,681,1241,0.0,0.0008333472224535399,0.5498791297340819,8.058017727639034e-05
8920,7.433457224287071,0.5503626107977437,560,681,1241,0.0,0.0008333472224535399,0.5499597099113582,8.058017727639034e-05
8921,7.434290571509526,0.5503626107977437,560,681,1241,0.0,0.000833347222454428,0.5500402900886346,8.058017727639034e-05
8922,7.435123918731979,0.5503626107977437,560,681,1241,0.0,0.0008333472224535399,0.5501208702659109,8.058017727639034e-05
8923,7.435957265954433,0.5503626107977437,560,681,1241,0.0,0.0008333472224535399,0.5502014504431874,8.058017727639034e-05
8924,7.436790613176886,0.5503626107977437,560,681,1241,0.0,0.0008333472224535399,0.5502820306204637,8.058017727639034e-05
8925,7.43762396039934,0.5503626107977437,560,681,1241,0.0,0.0008333472224535399,0.55036261079774,8.058017727639034e-05
8926,7.438457307621794,0.5503626107977437,560,681,1241,0.0,0.000833347222454428,0.55036261079774,0.0
8927,7.439290654844248,0.5495568090249798,560,681,1241,-0.0008058017727639033,0.0008333472224535399,0.5502820306204635,-8.058017727639034e-05
8928,7.440124002066701,0.5495568090249798,560,681,1241,0.0,0.0008333472224535399,0.5502014504431872,-8.058017727639034e-05
8929,7.440957349289155,0.5495568090249798,560,681,1241,0.0,0.0008333472224535399,0.5501208702659108,-8.058017727639034e-05
8930,7.4417906965116085,0.5495568090249798,560,681,1241,0.0,0.0008333472224535399,0.5500402900886345,-8.058017727639034e-05
8931,7.442624043734063,0.5495568090249798,560,681,1241,0.0,0.000833347222454428,0.5499597099113582,-8.058017727639034e-05
8932,7.4434573909565165,0.5495568090249798,560,681,1241,0.0,0.0008333472224535399,0.5498791297340818,-8.058017727639034e-05
8933,7.44429073817897,0.5495568090249798,560,681,1241,0.0,0.0008333472224535399,0.5497985495568055,-8.058017727639034e-05
8934,7.445124085401424,0.5495568090249798,560,681,1241,0.0,0.0008333472224535399,0.5497179693795291,-8.058017727639034e-05
8935,7.445957432623877,0.5495568090249798,560,681,1241,0.0,0.0008333472224535399,0.5496373892022528,-8.058017727639034e-05
8936,7.446790779846331,0.5495568090249798,560,681,1241,0.0,0.0008333472224535399,0.5495568090249765,-8.058017727639034e-05
8937,7.447624127068785,0.5495568090249798,560,681,1241,0.0,0.000833347222454428,0.5495568090249765,0.0
8938,7.448457474291239,0.5495568090249798,560,681,1241,0.0,0.0008333472224535399,0.5495568090249765,0.0
8939,7.449290821513692,0.5495568090249798,560,681,1241,0.0,0.0008333472224535399,0.5495568090249765,0.0
8940,7.450124168736146,0.5495568090249798,560,681,1241,0.0,0.0008333472224535399,0.5495568090249765,0.0
8941,7.450957515958599,0.5495568090249798,560,681,1241,0.0,0.0008333472224535399,0.5495568090249765,0.0
8942,7.451790863181054,0.5495568090249798,560,681,1241,0.0,0.000833347222454428,0.5495568090249765,0.0
8943,7.452624210403507,0.5495568090249798,560,681,1241,0.0,0.0008333472224535399,0.5495568090249765,0.0
8944,7.453457557625961,0.5495568090249798,560,681,1241,0.0,0.0008333472224535399,0.5495568090249765,0.0
8945,7.454290904848414,0.5495568090249798,560,681,1241,0.0,0.0008333472224535399,0.5495568090249765,0.0
8946,7.455124252070868,0.5495568090249798,560,681,1241,0.0,0.0008333472224535399,0.5495568090249765,0.0
8947,7.455957599293322,0.5495568090249798,560,681,1241,0.0,0.000833347222454428,0.5495568090249765,0.0
8948,7.456790946515776,0.5495568090249798,560,681,1241,0.0,0.0008333472224535399,0.5495568090249765,0.0
8949,7.457624293738229,0.5495568090249798,560,681,1241,0.0,0.0008333472224535399,0.5495568090249765,0.0
8950,7.458457640960683,0.5495568090249798,560,681,1241,0.0,0.0008333472224535399,0.5495568090249765,0.0
8951,7.459290988183136,0.5495568090249798,560,681,1241,0.0,0.0008333472224535399,0.5495568090249765,0.0
8952,7.460124335405591,0.5495568090249798,560,681,1241,0.0,0.000833347222454428,0.5495568090249765,0.0
8953,7.460957682628044,0.5495568090249798,560,681,1241,0.0,0.0008333472224535399,0.5495568090249765,0.0
8954,7.461791029850498,0.5495568090249798,560,681,1241,0.0,0.0008333472224535399,0.5495568090249765,0.0
8955,7.4626243770729515,0.5495568090249798,560,681,1241,0.0,0.0008333472224535399,0.5495568090249765,0.0
8956,7.463457724295405,0.5495568090249798,560,681,1241,0.0,0.0008333472224535399,0.5495568090249765,0.0
8957,7.4642910715178585,0.5495568090249798,560,681,1241,0.0,0.0008333472224535399,0.5495568090249765,0.0
8958,7.465124418740313,0.5495568090249798,560,681,1241,0.0,0.000833347222454428,0.5495568090249765,0.0
8959,7.4659577659627665,0.5495568090249798,560,681,1241,0.0,0.0008333472224535399,0.5495568090249765,0.0
8960,7.46679111318522,0.5495568090249798,560,681,1241,0.0,0.0008333472224535399,0.5495568090249765,0.0
8961,7.467624460407674,0.5495568090249798,560,681,1241,0.0,0.0008333472224535399,0.5495568090249765,0.0
8962,7.468457807630127,0.5495568090249798,560,681,1241,0.0,0.0008333472224535399,0.5495568090249765,0.0
8963,7.4692911548525815,0.5495568090249798,560,681,1241,0.0,0.000833347222454428,0.5495568090249765,0.0
8964,7.470124502075035,0.5495568090249798,560,681,1241,0.0,0.0008333472224535399,0.5495568090249765,0.0
8965,7.470957849297489,0.5495568090249798,560,681,1241,0.0,0.0008333472224535399,0.5495568090249765,0.0
8966,7.471791196519942,0.5495568090249798,560,681,1241,0.0,0.0008333472224535399,0.5495568090249765,0.0
8967,7.472624543742396,0.5495568090249798,560,681,1241,0.0,0.0008333472224535399,0.5495568090249765,0.0
8968,7.47345789096485,0.5495568090249798,560,681,1241,0.0,0.000833347222454428,0.5495568090249765,0.0
8969,7.474291238187304,0.5495568090249798,560,681,1241,0.0,0.0008333472224535399,0.5495568090249765,0.0
8970,7.475124585409757,0.5495568090249798,560,681,1241,0.0,0.0008333472224535399,0.5495568090249765,0.0
8971,7.475957932632211,0.5495568090249798,560,681,1241,0.0,0.0008333472224535399,0.5495568090249765,0.0
8972,7.476791279854664,0.5495568090249798,560,681,1241,0.0,0.0008333472224535399,0.5495568090249765,0.0
8973,7.477624627077118,0.5495568090249798,560,681,1241,0.0,0.0008333472224535399,0.5495568090249765,0.0
8974,7.478457974299572,0.5495568090249798,560,681,1241,0.0,0.000833347222454428,0.5495568090249765,0.0
8975,7.479291321522026,0.5495568090249798,560,681,1241,0.0,0.0008333472224535399,0.5495568090249765,0.0
8976,7.480124668744479,0.5495568090249798,560,681,1241,0.0,0.0008333472224535399,0.5495568090249765,0.0
8977,7.480958015966933,0.5495568090249798,560,681,1241,0.0,0.0008333472224535399,0.5495568090249765,0.0
8978,7.481791363189386,0.5495568090249798,560,681,1241,0.0,0.0008333472224535399,0.5495568090249765,0.0
8979,7.482624710411841,0.5495568090249798,560,681,1241,0.0,0.000833347222454428,0.5495568090249765,0.0
8980,7.483458057634294,0.5495568090249798,560,681,1241,0.0,0.0008333472224535399,0.5495568090249765,0.0
8981,7.484291404856748,0.5495568090249798,560,681,1241,0.0,0.0008333472224535399,0.5495568090249765,0.0
8982,7.4851247520792015,0.5495568090249798,560,681,1241,0.0,0.0008333472224535399,0.5495568090249765,0.0
8983,7.485958099301655,0.5495568090249798,560,681,1241,0.0,0.0008333472224535399,0.5495568090249765,0.0
8984,7.486791446524109,0.5495568090249798,560,681,1241,0.0,0.000833347222454428,0.5495568090249765,0.0
8985,7.487624793746563,0.5495568090249798,560,681,1241,0.0,0.0008333472224535399,0.5495568090249765,0.0
8986,7.4884581409690165,0.5495568090249798,560,681,1241,0.0,0.0008333472224535399,0.5495568090249765,0.0
8987,7.48929148819147,0.5495568090249798,560,681,1241,0.0,0.0008333472224535399,0.5495568090249765,0.0
8988,7.490124835413924,0.5495568090249798,560,681,1241,0.0,0.0008333472224535399,0.5495568090249765,0.0
8989,7.490958182636378,0.5495568090249798,560,681,1241,0.0,0.000833347222454428,0.5495568090249765,0.0
8990,7.491791529858832,0.5495568090249798,560,681,1241,0.0,0.0008333472224535399,0.5495568090249765,0.0
8991,7.492624877081285,0.5495568090249798,560,681,1241,0.0,0.0008333472224535399,0.5495568090249765,0.0
8992,7.493458224303739,0.5495568090249798,560,681,1241,0.0,0.0008333472224535399,0.5495568090249765,0.0
8993,7.494291571526192,0.5495568090249798,560,681,1241,0.0,0.0008333472224535399,0.5495568090249765,0.0
8994,7.495124918748646,0.5495568090249798,560,681,1241,0.0,0.0008333472224535399,0.5495568090249765,0.0
8995,7.4959582659711,0.5495568090249798,560,681,1241,0.0,0.000833347222454428,0.5495568090249765,0.0
8996,7.496791613193554,0.5495568090249798,560,681,1241,0.0,0.0008333472224535399,0.5495568090249765,0.0
8997,7.497624960416007,0.5495568090249798,560,681,1241,0.0,0.0008333472224535399,0.5495568090249765,0.0
8998,7.498458307638461,0.5495568090249798,560,681,1241,0.0,0.0008333472224535399,0.5495568090249765,0.0
8999,7.499291654860914,0.5495568090249798,560,681,1241,0.0,0.0008333472224535399,0.5495568090249765,0.0
9000,7.500125002083369,0.5495568090249798,560,681,1241,0.0,0.000833347222454428,0.5495568090249765,0.0
9001,7.500958349305822,0.5495568090249798,560,681,1241,0.0,0.0008333472224535399,0.5495568090249765,0.0
9002,7.501791696528276,0.5495568090249798,560,681,1241,0.0,0.0008333472224535399,0.5495568090249765,0.0
9003,7.502625043750729,0.5495568090249798,560,681,1241,0.0,0.0008333472224535399,0.5495568090249765,0.0
9004,7.503458390973183,0.5495568090249798,560,681,1241,0.0,0.0008333472224535399,0.5495568090249765,0.0
9005,7.504291738195637,0.5495568090249798,560,681,1241,0.0,0.000833347222454428,0.5495568090249765,0.0
9006,7.505125085418091,0.5495568090249798,560,681,1241,0.0,0.0008333472224535399,0.5495568090249765,0.0
9007,7.505958432640544,0.5495568090249798,560,681,1241,0.0,0.0008333472224535399,0.5495568090249765,0.0
9008,7.506791779862998,0.5495568090249798,560,681,1241,0.0,0.0008333472224535399,0.5495568090249765,0.0
9009,7.5076251270854515,0.5495568090249798,560,681,1241,0.0,0.0008333472224535399,0.5495568090249765,0.0
9010,7.508458474307905,0.5495568090249798,560,681,1241,0.0,0.0008333472224535399,0.5495568090249765,0.0
9011,7.5092918215303595,0.5495568090249798,560,681,1241,0.0,0.000833347222454428,0.5495568090249765,0.0
9012,7.510125168752813,0.5495568090249798,560,681,1241,0.0,0.0008333472224535399,0.5495568090249765,0.0
9013,7.5109585159752665,0.5495568090249798,560,681,1241,0.0,0.0008333472224535399,0.5495568090249765,0.0
9014,7.51179186319772,0.5495568090249798,560,681,1241,0.0,0.0008333472224535399,0.5495568090249765,0.0
9015,7.512625210420174,0.5495568090249798,560,681,1241,0.0,0.0008333472224535399,0.5495568090249765,0.0
9016,7.513458557642628,0.5495568090249798,560,681,1241,0.0,0.000833347222454428,0.5495568090249765,0.0
9017,7.514291904865082,0.5495568090249798,560,681,1241,0.0,0.0008333472224535399,0.5495568090249765,0.0
9018,7.515125252087535,0.5495568090249798,560,681,1241,0.0,0.0008333472224535399,0.5495568090249765,0.0
9019,7.515958599309989,0.5495568090249798,560,681,1241,0.0,0.0008333472224535399,0.5495568090249765,0.0
9020,7.516791946532442,0.5495568090249798,560,681,1241,0.0,0.0008333472224535399,0.5495568090249765,0.0
9021,7.517625293754897,0.5495568090249798,560,681,1241,0.0,0.000833347222454428,0.5495568090249765,0.0
9022,7.51845864097735,0.5495568090249798,560,681,1241,0.0,0.0008333472224535399,0.5495568090249765,0.0
9023,7.519291988199804,0.5495568090249798,560,681,1241,0.0,0.0008333472224535399,0.5495568090249765,0.0
9024,7.520125335422257,0.5495568090249798,560,681,1241,0.0,0.0008333472224535399,0.5495568090249765,0.0
9025,7.520958682644711,0.5495568090249798,560,681,1241,0.0,0.0008333472224535399,0.5495568090249765,0.0
9026,7.521792029867164,0.5495568090249798,560,681,1241,0.0,0.0008333472224535399,0.5495568090249765,0.0
9027,7.522625377089619,0.5495568090249798,560,681,1241,0.0,0.000833347222454428,0.5495568090249765,0.0
9028,7.523458724312072,0.5495568090249798,560,681,1241,0.0,0.0008333472224535399,0.5495568090249765,0.0
9029,7.524292071534526,0.5495568090249798,560,681,1241,0.0,0.0008333472224535399,0.5495568090249765,0.0
9030,7.525125418756979,0.5495568090249798,560,681,1241,0.0,0.0008333472224535399,0.5495568090249765,0.0
9031,7.525958765979433,0.5495568090249798,560,681,1241,0.0,0.0008333472224535399,0.5495568090249765,0.0
9032,7.526792113201887,0.5495568090249798,560,681,1241,0.0,0.000833347222454428,0.5495568090249765,0.0
9033,7.527625460424341,0.5495568090249798,560,681,1241,0.0,0.0008333472224535399,0.5495568090249765,0.0
9034,7.528458807646794,0.5495568090249798,560,681,1241,0.0,0.0008333472224535399,0.5495568090249765,0.0
9035,7.529292154869248,0.5495568090249798,560,681,1241,0.0,0.0008333472224535399,0.5495568090249765,0.0
9036,7.5301255020917015,0.5495568090249798,560,681,1241,0.0,0.0008333472224535399,0.5495568090249765,0.0
9037,7.530958849314156,0.5495568090249798,560,681,1241,0.0,0.000833347222454428,0.5495568090249765,0.0
9038,7.5317921965366095,0.5495568090249798,560,681,1241,0.0,0.0008333472224535399,0.5495568090249765,0.0
9039,7.532625543759063,0.5495568090249798,560,681,1241,0.0,0.0008333472224535399,0.5495568090249765,0.0
9040,7.5334588909815166,0.5495568090249798,560,681,1241,0.0,0.0008333472224535399,0.5495568090249765,0.0
9041,7.53429223820397,0.5495568090249798,560,681,1241,0.0,0.0008333472224535399,0.5495568090249765,0.0
9042,7.5351255854264245,0.5495568090249798,560,681,1241,0.0,0.000833347222454428,0.5495568090249765,0.0
9043,7.535958932648878,0.5495568090249798,560,681,1241,0.0,0.0008333472224535399,0.5495568090249765,0.0
9044,7.536792279871332,0.5495568090249798,560,681,1241,0.0,0.0008333472224535399,0.5495568090249765,0.0
9045,7.537625627093785,0.5495568090249798,560,681,1241,0.0,0.0008333472224535399,0.5495568090249765,0.0
9046,7.538458974316239,0.5495568090249798,560,681,1241,0.0,0.0008333472224535399,0.5495568090249765,0.0
9047,7.539292321538692,0.5495568090249798,560,681,1241,0.0,0.0008333472224535399,0.5495568090249765,0.0
9048,7.540125668761147,0.5495568090249798,560,681,1241,0.0,0.000833347222454428,0.5495568090249765,0.0
9049,7.5409590159836,0.5495568090249798,560,681,1241,0.0,0.0008333472224535399,0.5495568090249765,0.0
9050,7.541792363206054,0.5495568090249798,560,681,1241,0.0,0.0008333472224535399,0.5495568090249765,0.0
9051,7.542625710428507,0.5495568090249798,560,681,1241,0.0,0.0008333472224535399,0.5495568090249765,0.0
9052,7.543459057650961,0.5495568090249798,560,681,1241,0.0,0.0008333472224535399,0.5495568090249765,0.0
9053,7.544292404873415,0.5495568090249798,560,681,1241,0.0,0.000833347222454428,0.5495568090249765,0.0
9054,7.545125752095869,0.5495568090249798,560,681,1241,0.0,0.0008333472224535399,0.5495568090249765,0.0
9055,7.545959099318322,0.5495568090249798,560,681,1241,0.0,0.0008333472224535399,0.5495568090249765,0.0
9056,7.546792446540776,0.5495568090249798,560,681,1241,0.0,0.0008333472224535399,0.5495568090249765,0.0
9057,7.547625793763229,0.5495568090249798,560,681,1241,0.0,0.0008333472224535399,0.5495568090249765,0.0
9058,7.548459140985684,0.5495568090249798,560,681,1241,0.0,0.000833347222454428,0.5495568090249765,0.0
9059,7.549292488208137,0.5495568090249798,560,681,1241,0.0,0.0008333472224535399,0.5495568090249765,0.0
9060,7.550125835430591,0.5495568090249798,560,681,1241,0.0,0.0008333472224535399,0.5495568090249765,0.0
9061,7.550959182653044,0.5503626107977437,560,681,1241,0.0008058017727639033,0.0008333472224535399,0.5496373892022529,8.058017727639034e-05
9062,7.551792529875498,0.5503626107977437,560,681,1241,0.0,0.0008333472224535399,0.5497179693795292,8.058017727639034e-05
9063,7.5526258770979515,0.5503626107977437,560,681,1241,0.0,0.0008333472224535399,0.5497985495568056,8.058017727639034e-05
9064,7.553459224320406,0.5503626107977437,560,681,1241,0.0,0.000833347222454428,0.5498791297340819,8.058017727639034e-05
9065,7.5542925715428595,0.5503626107977437,560,681,1241,0.0,0.0008333472224535399,0.5499597099113582,8.058017727639034e-05
9066,7.555125918765313,0.5503626107977437,560,681,1241,0.0,0.0008333472224535399,0.5500402900886346,8.058017727639034e-05
9067,7.555959265987767,0.5503626107977437,560,681,1241,0.0,0.0008333472224535399,0.5501208702659109,8.058017727639034e-05
9068,7.55679261321022,0.5503626107977437,560,681,1241,0.0,0.0008333472224535399,0.5502014504431874,8.058017727639034e-05
9069,7.5576259604326745,0.5503626107977437,560,681,1241,0.0,0.000833347222454428,0.5502820306204637,8.058017727639034e-05
9070,7.558459307655128,0.5503626107977437,560,681,1241,0.0,0.0008333472224535399,0.55036261079774,8.058017727639034e-05
9071,7.559292654877582,0.5503626107977437,560,681,1241,0.0,0.0008333472224535399,0.55036261079774,0.0
9072,7.560126002100035,0.5503626107977437,560,681,1241,0.0,0.0008333472224535399,0.55036261079774,0.0
9073,7.560959349322489,0.5503626107977437,560,681,1241,0.0,0.0008333472224535399,0.55036261079774,0.0
9074,7.561792696544943,0.5503626107977437,560,681,1241,0.0,0.000833347222454428,0.55036261079774,0.0
9075,7.562626043767397,0.5503626107977437,560,681,1241,0.0,0.0008333472224535399,0.55036261079774,0.0
9076,7.56345939098985,0.5503626107977437,560,681,1241,0.0,0.0008333472224535399,0.55036261079774,0.0
9077,7.564292738212304,0.5503626107977437,560,681,1241,0.0,0.0008333472224535399,0.55036261079774,0.0
9078,7.565126085434757,0.5503626107977437,560,681,1241,0.0,0.0008333472224535399,0.55036261079774,0.0
9079,7.565959432657212,0.5503626107977437,560,681,1241,0.0,0.000833347222454428,0.55036261079774,0.0
9080,7.566792779879665,0.5503626107977437,560,681,1241,0.0,0.0008333472224535399,0.55036261079774,0.0
9081,7.567626127102119,0.5503626107977437,560,681,1241,0.0,0.0008333472224535399,0.55036261079774,0.0
9082,7.568459474324572,0.5503626107977437,560,681,1241,0.0,0.0008333472224535399,0.55036261079774,0.0
9083,7.569292821547026,0.5503626107977437,560,681,1241,0.0,0.0008333472224535399,0.55036261079774,0.0
9084,7.570126168769479,0.5503626107977437,560,681,1241,0.0,0.0008333472224535399,0.55036261079774,0.0
9085,7.570959515991934,0.5503626107977437,560,681,1241,0.0,0.000833347222454428,0.55036261079774,0.0
9086,7.571792863214387,0.5503626107977437,560,681,1241,0.0,0.0008333472224535399,0.55036261079774,0.0
9087,7.572626210436841,0.5503626107977437,560,681,1241,0.0,0.0008333472224535399,0.55036261079774,0.0
9088,7.5734595576592945,0.5503626107977437,560,681,1241,0.0,0.0008333472224535399,0.55036261079774,0.0
9089,7.574292904881748,0.5495568090249798,560,681,1241,-0.0008058017727639033,0.0008333472224535399,0.5502820306204635,-8.058017727639034e-05
9090,7.575126252104202,0.5495568090249798,560,681,1241,0.0,0.000833347222454428,0.5502014504431872,-8.058017727639034e-05
9091,7.575959599326656,0.5495568090249798,560,681,1241,0.0,0.0008333472224535399,0.5501208702659108,-8.058017727639034e-05
9092,7.5767929465491095,0.5495568090249798,560,681,1241,0.0,0.0008333472224535399,0.5500402900886345,-8.058017727639034e-05
9093,7.577626293771563,0.5495568090249798,560,681,1241,0.0,0.0008333472224535399,0.5499597099113582,-8.058017727639034e-05
9094,7.578459640994017,0.5495568090249798,560,681,1241,0.0,0.0008333472224535399,0.5498791297340818,-8.058017727639034e-05
9095,7.579292988216471,0.5495568090249798,560,681,1241,0.0,0.000833347222454428,0.5497985495568055,-8.058017727639034e-05
9096,7.580126335438925,0.5495568090249798,560,681,1241,0.0,0.0008333472224535399,0.5497179693795291,-8.058017727639034e-05
9097,7.580959682661378,0.5495568090249798,560,681,1241,0.0,0.0008333472224535399,0.5496373892022528,-8.058017727639034e-05
9098,7.581793029883832,0.5495568090249798,560,681,1241,0.0,0.0008333472224535399,0.5495568090249765,-8.058017727639034e-05
9099,7.582626377106285,0.5495568090249798,560,681,1241,0.0,0.0008333472224535399,0.5495568090249765,0.0
9100,7.583459724328739,0.5503626107977437,560,681,1241,0.0008058017727639033,0.0008333472224535399,0.5496373892022529,8.058017727639034e-05
9101,7.584293071551193,0.5503626107977437,560,681,1241,0.0,0.000833347222454428,0.5497179693795292,8.058017727639034e-05
9102,7.585126418773647,0.5503626107977437,560,681,1241,0.0,0.0008333472224535399,0.5497985495568056,8.058017727639034e-05
9103,7.5859597659961,0.5495568090249798,560,681,1241,-0.0008058017727639033,0.0008333472224535399,0.5497985495568056,0.0
9104,7.586793113218554,0.5495568090249798,560,681,1241,0.0,0.0008333472224535399,0.5497985495568056,0.0
9105,7.587626460441007,0.5495568090249798,560,681,1241,0.0,0.0008333472224535399,0.5497985495568056,0.0
9106,7.588459807663462,0.5495568090249798,560,681,1241,0.0,0.000833347222454428,0.5497985495568056,0.0
9107,7.589293154885915,0.5495568090249798,560,681,1241,0.0,0.0008333472224535399,0.5497985495568056,0.0
9108,7.590126502108369,0.5495568090249798,560,681,1241,0.0,0.0008333472224535399,0.5497985495568056,0.0
9109,7.590959849330822,0.5495568090249798,560,681,1241,0.0,0.0008333472224535399,0.5497985495568056,0.0
9110,7.591793196553276,0.5495568090249798,560,681,1241,0.0,0.0008333472224535399,0.5497179693795291,-8.058017727639034e-05
9111,7.59262654377573,0.5495568090249798,560,681,1241,0.0,0.000833347222454428,0.5496373892022528,-8.058017727639034e-05
9112,7.593459890998184,0.5495568090249798,560,681,1241,0.0,0.0008333472224535399,0.5495568090249765,-8.058017727639034e-05
9113,7.594293238220637,0.5495568090249798,560,681,1241,0.0,0.0008333472224535399,0.5495568090249765,0.0
9114,7.595126585443091,0.5495568090249798,560,681,1241,0.0,0.0008333472224535399,0.5495568090249765,0.0
9115,7.5959599326655445,0.5495568090249798,560,681,1241,0.0,0.0008333472224535399,0.5495568090249765,0.0
9116,7.596793279887998,0.5495568090249798,560,681,1241,0.0,0.0008333472224535399,0.5495568090249765,0.0
9117,7.5976266271104524,0.5495568090249798,560,681,1241,0.0,0.000833347222454428,0.5495568090249765,0.0
9118,7.598459974332906,0.5495568090249798,560,681,1241,0.0,0.0008333472224535399,0.5495568090249765,0.0
9119,7.5992933215553595,0.5495568090249798,560,681,1241,0.0,0.0008333472224535399,0.5495568090249765,0.0
9120,7.600126668777813,0.5495568090249798,560,681,1241,0.0,0.0008333472224535399,0.5495568090249765,0.0
9121,7.600960016000267,0.5495568090249798,560,681,1241,0.0,0.0008333472224535399,0.5495568090249765,0.0
9122,7.601793363222721,0.5495568090249798,560,681,1241,0.0,0.000833347222454428,0.5495568090249765,0.0
9123,7.602626710445175,0.5495568090249798,560,681,1241,0.0,0.0008333472224535399,0.5495568090249765,0.0
9124,7.603460057667628,0.5495568090249798,560,681,1241,0.0,0.0008333472224535399,0.5495568090249765,0.0
9125,7.604293404890082,0.5495568090249798,560,681,1241,0.0,0.0008333472224535399,0.5495568090249765,0.0
9126,7.605126752112535,0.5495568090249798,560,681,1241,0.0,0.0008333472224535399,0.5495568090249765,0.0
9127,7.60596009933499,0.5495568090249798,560,681,1241,0.0,0.000833347222454428,0.5495568090249765,0.0
9128,7.606793446557443,0.5495568090249798,560,681,1241,0.0,0.0008333472224535399,0.5495568090249765,0.0
9129,7.607626793779897,0.5495568090249798,560,681,1241,0.0,0.0008333472224535399,0.5495568090249765,0.0
9130,7.60846014100235,0.5495568090249798,560,681,1241,0.0,0.0008333472224535399,0.5495568090249765,0.0
9131,7.609293488224804,0.5495568090249798,560,681,1241,0.0,0.0008333472224535399,0.5495568090249765,0.0
9132,7.610126835447258,0.5495568090249798,560,681,1241,0.0,0.000833347222454428,0.5495568090249765,0.0
9133,7.610960182669712,0.5495568090249798,560,681,1241,0.0,0.0008333472224535399,0.5495568090249765,0.0
9134,7.611793529892165,0.5495568090249798,560,681,1241,0.0,0.0008333472224535399,0.5495568090249765,0.0
9135,7.612626877114619,0.5495568090249798,560,681,1241,0.0,0.0008333472224535399,0.5495568090249765,0.0
9136,7.613460224337072,0.5495568090249798,560,681,1241,0.0,0.0008333472224535399,0.5495568090249765,0.0
9137,7.614293571559526,0.5495568090249798,560,681,1241,0.0,0.0008333472224535399,0.5495568090249765,0.0
9138,7.61512691878198,0.5495568090249798,560,681,1241,0.0,0.000833347222454428,0.5495568090249765,0.0
9139,7.615960266004434,0.5495568090249798,560,681,1241,0.0,0.0008333472224535399,0.5495568090249765,0.0
9140,7.616793613226887,0.5495568090249798,560,681,1241,0.0,0.0008333472224535399,0.5495568090249765,0.0
9141,7.617626960449341,0.5495568090249798,560,681,1241,0.0,0.0008333472224535399,0.5495568090249765,0.0
9142,7.6184603076717945,0.5495568090249798,560,681,1241,0.0,0.0008333472224535399,0.5495568090249765,0.0
9143,7.619293654894249,0.5495568090249798,560,681,1241,0.0,0.000833347222454428,0.5495568090249765,0.0
9144,7.6201270021167025,0.5495568090249798,560,681,1241,0.0,0.0008333472224535399,0.5495568090249765,0.0
9145,7.620960349339156,0.5495568090249798,560,681,1241,0.0,0.0008333472224535399,0.5495568090249765,0.0
9146,7.6217936965616095,0.5495568090249798,560,681,1241,0.0,0.0008333472224535399,0.5495568090249765,0.0
9147,7.622627043784063,0.5495568090249798,560,681,1241,0.0,0.0008333472224535399,0.5495568090249765,0.0
9148,7.6234603910065175,0.5495568090249798,560,681,1241,0.0,0.000833347222454428,0.5495568090249765,0.0
9149,7.624293738228971,0.5495568090249798,560,681,1241,0.0,0.0008333472224535399,0.5495568090249765,0.0
9150,7.625127085451425,0.5495568090249798,560,681,1241,0.0,0.0008333472224535399,0.5495568090249765,0.0
9151,7.625960432673878,0.5495568090249798,560,681,1241,0.0,0.0008333472224535399,0.5495568090249765,0.0
9152,7.626793779896332,0.5495568090249798,560,681,1241,0.0,0.0008333472224535399,0.5495568090249765,0.0
9153,7.627627127118785,0.5495568090249798,560,681,1241,0.0,0.0008333472224535399,0.5495568090249765,0.0
9154,7.62846047434124,0.5495568090249798,560,681,1241,0.0,0.000833347222454428,0.5495568090249765,0.0
9155,7.629293821563693,0.5495568090249798,560,681,1241,0.0,0.0008333472224535399,0.5495568090249765,0.0
9156,7.630127168786147,0.5495568090249798,560,681,1241,0.0,0.0008333472224535399,0.5495568090249765,0.0
9157,7.6309605160086,0.5495568090249798,560,681,1241,0.0,0.0008333472224535399,0.5495568090249765,0.0
9158,7.631793863231054,0.5495568090249798,560,681,1241,0.0,0.0008333472224535399,0.5495568090249765,0.0
9159,7.632627210453508,0.5495568090249798,560,681,1241,0.0,0.000833347222454428,0.5495568090249765,0.0
9160,7.633460557675962,0.5495568090249798,560,681,1241,0.0,0.0008333472224535399,0.5495568090249765,0.0
9161,7.634293904898415,0.5495568090249798,560,681,1241,0.0,0.0008333472224535399,0.5495568090249765,0.0
9162,7.635127252120869,0.5495568090249798,560,681,1241,0.0,0.0008333472224535399,0.5495568090249765,0.0
9163,7.635960599343322,0.5495568090249798,560,681,1241,0.0,0.0008333472224535399,0.5495568090249765,0.0
9164,7.636793946565777,0.5495568090249798,560,681,1241,0.0,0.000833347222454428,0.5495568090249765,0.0
9165,7.63762729378823,0.5495568090249798,560,681,1241,0.0,0.0008333472224535399,0.5495568090249765,0.0
9166,7.638460641010684,0.5495568090249798,560,681,1241,0.0,0.0008333472224535399,0.5495568090249765,0.0
9167,7.639293988233137,0.5495568090249798,560,681,1241,0.0,0.0008333472224535399,0.5495568090249765,0.0
9168,7.640127335455591,0.5495568090249798,560,681,1241,0.0,0.0008333472224535399,0.5495568090249765,0.0
9169,7.6409606826780445,0.5495568090249798,560,681,1241,0.0,0.0008333472224535399,0.5495568090249765,0.0
9170,7.641794029900499,0.5495568090249798,560,681,1241,0.0,0.000833347222454428,0.5495568090249765,0.0
9171,7.6426273771229525,0.5495568090249798,560,681,1241,0.0,0.0008333472224535399,0.5495568090249765,0.0
9172,7.643460724345406,0.5495568090249798,560,681,1241,0.0,0.0008333472224535399,0.5495568090249765,0.0
9173,7.64429407156786,0.5495568090249798,560,681,1241,0.0,0.0008333472224535399,0.5495568090249765,0.0
9174,7.645127418790313,0.5495568090249798,560,681,1241,0.0,0.0008333472224535399,0.5495568090249765,0.0
9175,7.6459607660127675,0.5495568090249798,560,681,1241,0.0,0.000833347222454428,0.5495568090249765,0.0
9176,7.646794113235221,0.5495568090249798,560,681,1241,0.0,0.0008333472224535399,0.5495568090249765,0.0
9177,7.647627460457675,0.5495568090249798,560,681,1241,0.0,0.0008333472224535399,0.5495568090249765,0.0
9178,7.648460807680128,0.5495568090249798,560,681,1241,0.0,0.0008333472224535399,0.5495568090249765,0.0
9179,7.649294154902582,0.5495568090249798,560,681,1241,0.0,0.0008333472224535399,0.5495568090249765,0.0
9180,7.650127502125036,0.5495568090249798,560,681,1241,0.0,0.000833347222454428,0.5495568090249765,0.0
9181,7.65096084934749,0.5495568090249798,560,681,1241,0.0,0.0008333472224535399,0.5495568090249765,0.0
9182,7.651794196569943,0.5495568090249798,560,681,1241,0.0,0.0008333472224535399,0.5495568090249765,0.0
9183,7.652627543792397,0.5495568090249798,560,681,1241,0.0,0.0008333472224535399,0.5495568090249765,0.0
9184,7.65346089101485,0.5495568090249798,560,681,1241,0.0,0.0008333472224535399,0.5495568090249765,0.0
9185,7.654294238237305,0.5495568090249798,560,681,1241,0.0,0.000833347222454428,0.5495568090249765,0.0
9186,7.655127585459758,0.5487510072522159,560,681,1241,-0.0008058017727639033,0.0008333472224535399,0.5494762288477002,-8.058017727639034e-05
9187,7.655960932682212,0.5487510072522159,560,681,1241,0.0,0.0008333472224535399,0.5493956486704239,-8.058017727639034e-05
9188,7.656794279904665,0.5487510072522159,560,681,1241,0.0,0.0008333472224535399,0.5493150684931475,-8.058017727639034e-05
9189,7.657627627127119,0.5487510072522159,560,681,1241,0.0,0.0008333472224535399,0.5492344883158712,-8.058017727639034e-05
9190,7.658460974349572,0.5487510072522159,560,681,1241,0.0,0.0008333472224535399,0.5491539081385948,-8.058017727639034e-05
9191,7.659294321572027,0.5487510072522159,560,681,1241,0.0,0.000833347222454428,0.5490733279613185,-8.058017727639034e-05
9192,7.66012766879448,0.5487510072522159,560,681,1241,0.0,0.0008333472224535399,0.5489927477840422,-8.058017727639034e-05
9193,7.660961016016934,0.5487510072522159,560,681,1241,0.0,0.0008333472224535399,0.5489121676067658,-8.058017727639034e-05
9194,7.6617943632393875,0.5487510072522159,560,681,1241,0.0,0.0008333472224535399,0.5488315874294895,-8.058017727639034e-05
9195,7.662627710461841,0.5487510072522159,560,681,1241,0.0,0.0008333472224535399,0.548751007252213,-8.058017727639034e-05
9196,7.663461057684295,0.5487510072522159,560,681,1241,0.0,0.000833347222454428,0.548751007252213,0.0
9197,7.664294404906749,0.5487510072522159,560,681,1241,0.0,0.0008333472224535399,0.548751007252213,0.0
9198,7.6651277521292025,0.5487510072522159,560,681,1241,0.0,0.0008333472224535399,0.548751007252213,0.0
9199,7.665961099351656,0.5487510072522159,560,681,1241,0.0,0.0008333472224535399,0.548751007252213,0.0
9200,7.66679444657411,0.5487510072522159,560,681,1241,0.0,0.0008333472224535399,0.548751007252213,0.0
9201,7.667627793796564,0.5487510072522159,560,681,1241,0.0,0.000833347222454428,0.548751007252213,0.0
9202,7.6684611410190175,0.5487510072522159,560,681,1241,0.0,0.0008333472224535399,0.548751007252213,0.0
9203,7.669294488241471,0.5487510072522159,560,681,1241,0.0,0.0008333472224535399,0.548751007252213,0.0
9204,7.670127835463925,0.5487510072522159,560,681,1241,0.0,0.0008333472224535399,0.548751007252213,0.0
9205,7.670961182686378,0.5487510072522159,560,681,1241,0.0,0.0008333472224535399,0.548751007252213,0.0
9206,7.671794529908832,0.5487510072522159,560,681,1241,0.0,0.0008333472224535399,0.548751007252213,0.0
9207,7.672627877131286,0.5487510072522159,560,681,1241,0.0,0.000833347222454428,0.548751007252213,0.0
9208,7.67346122435374,0.5487510072522159,560,681,1241,0.0,0.0008333472224535399,0.548751007252213,0.0
9209,7.674294571576193,0.5487510072522159,560,681,1241,0.0,0.0008333472224535399,0.548751007252213,0.0
9210,7.675127918798647,0.5487510072522159,560,681,1241,0.0,0.0008333472224535399,0.548751007252213,0.0
9211,7.6759612660211,0.5487510072522159,560,681,1241,0.0,0.0008333472224535399,0.548751007252213,0.0
9212,7.676794613243555,0.5487510072522159,560,681,1241,0.0,0.000833347222454428,0.548751007252213,0.0
9213,7.677627960466008,0.5487510072522159,560,681,1241,0.0,0.0008333472224535399,0.548751007252213,0.0
9214,7.678461307688462,0.5487510072522159,560,681,1241,0.0,0.0008333472224535399,0.548751007252213,0.0
9215,7.679294654910915,0.5487510072522159,560,681,1241,0.0,0.0008333472224535399,0.548751007252213,0.0
9216,7.680128002133369,0.5487510072522159,560,681,1241,0.0,0.0008333472224535399,0.548751007252213,0.0
9217,7.680961349355823,0.5487510072522159,560,681,1241,0.0,0.000833347222454428,0.548751007252213,0.0
9218,7.681794696578277,0.5487510072522159,560,681,1241,0.0,0.0008333472224535399,0.548751007252213,0.0
9219,7.68262804380073,0.5487510072522159,560,681,1241,0.0,0.0008333472224535399,0.548751007252213,0.0
9220,7.683461391023184,0.5487510072522159,560,681,1241,0.0,0.0008333472224535399,0.548751007252213,0.0
9221,7.6842947382456375,0.5487510072522159,560,681,1241,0.0,0.0008333472224535399,0.548751007252213,0.0
9222,7.685128085468092,0.5495568090249798,560,681,1241,0.0008058017727639033,0.000833347222454428,0.5488315874294895,8.058017727639034e-05
9223,7.685961432690545,0.5495568090249798,560,681,1241,0.0,0.0008333472224535399,0.5489121676067658,8.058017727639034e-05
9224,7.686794779912999,0.5495568090249798,560,681,1241,0.0,0.0008333472224535399,0.5489927477840422,8.058017727639034e-05
9225,7.6876281271354525,0.5495568090249798,560,681,1241,0.0,0.0008333472224535399,0.5490733279613185,8.058017727639034e-05
9226,7.688461474357906,0.5495568090249798,560,681,1241,0.0,0.0008333472224535399,0.5491539081385948,8.058017727639034e-05
9227,7.68929482158036,0.5495568090249798,560,681,1241,0.0,0.0008333472224535399,0.5492344883158712,8.058017727639034e-05
9228,7.690128168802814,0.5495568090249798,560,681,1241,0.0,0.000833347222454428,0.5493150684931475,8.058017727639034e-05
9229,7.690961516025268,0.5503626107977437,560,681,1241,0.0008058017727639033,0.0008333472224535399,0.5494762288477003,0.00016116035455278067
9230,7.691794863247721,0.5503626107977437,560,681,1241,0.0,0.0008333472224535399,0.549637389202253,0.00016116035455278067
9231,7.692628210470175,0.5503626107977437,560,681,1241,0.0,0.0008333472224535399,0.5497985495568058,0.00016116035455278067
9232,7.693461557692628,0.5503626107977437,560,681,1241,0.0,0.0008333472224535399,0.5498791297340823,8.058017727639034e-05
9233,7.694294904915083,0.5503626107977437,560,681,1241,0.0,0.000833347222454428,0.5499597099113587,8.058017727639034e-05
9234,7.695128252137536,0.5503626107977437,560,681,1241,0.0,0.0008333472224535399,0.550040290088635,8.058017727639034e-05
9235,7.69596159935999,0.5495568090249798,560,681,1241,-0.0008058017727639033,0.0008333472224535399,0.550040290088635,0.0
9236,7.696794946582443,0.5495568090249798,560,681,1241,0.0,0.0008333472224535399,0.550040290088635,0.0
9237,7.697628293804897,0.5495568090249798,560,681,1241,0.0,0.0008333472224535399,0.550040290088635,0.0
9238,7.698461641027351,0.5495568090249798,560,681,1241,0.0,0.000833347222454428,0.550040290088635,0.0
9239,7.699294988249805,0.5495568090249798,560,681,1241,0.0,0.0008333472224535399,0.5499597099113586,-8.058017727639034e-05
9240,7.700128335472258,0.5495568090249798,560,681,1241,0.0,0.0008333472224535399,0.5498791297340822,-8.058017727639034e-05
9241,7.700961682694712,0.5495568090249798,560,681,1241,0.0,0.0008333472224535399,0.5497985495568058,-8.058017727639034e-05
9242,7.701795029917165,0.5495568090249798,560,681,1241,0.0,0.0008333472224535399,0.5497179693795295,-8.058017727639034e-05
9243,7.702628377139619,0.5495568090249798,560,681,1241,0.0,0.0008333472224535399,0.5496373892022531,-8.058017727639034e-05
9244,7.703461724362073,0.5495568090249798,560,681,1241,0.0,0.000833347222454428,0.5495568090249768,-8.058017727639034e-05
9245,7.704295071584527,0.5495568090249798,560,681,1241,0.0,0.0008333472224535399,0.5495568090249769,0.0
9246,7.70512841880698,0.5495568090249798,560,681,1241,0.0,0.0008333472224535399,0.5495568090249769,0.0
9247,7.705961766029434,0.5495568090249798,560,681,1241,0.0,0.0008333472224535399,0.5495568090249769,0.0
9248,7.7067951132518875,0.5495568090249798,560,681,1241,0.0,0.0008333472224535399,0.5495568090249769,0.0
9249,7.707628460474342,0.5503626107977437,560,681,1241,0.0008058017727639033,0.000833347222454428,0.5496373892022532,8.058017727639034e-05
9250,7.7084618076967955,0.5503626107977437,560,681,1241,0.0,0.0008333472224535399,0.5497179693795295,8.058017727639034e-05
9251,7.709295154919249,0.5503626107977437,560,681,1241,0.0,0.0008333472224535399,0.549798549556806,8.058017727639034e-05
9252,7.7101285021417025,0.5503626107977437,560,681,1241,0.0,0.0008333472224535399,0.5498791297340823,8.058017727639034e-05
9253,7.710961849364156,0.5503626107977437,560,681,1241,0.0,0.0008333472224535399,0.5499597099113587,8.058017727639034e-05
9254,7.7117951965866105,0.5511684125705076,560,681,1241,0.0008058017727639033,0.000833347222454428,0.5501208702659115,0.00016116035455278067
9255,7.712628543809064,0.5511684125705076,560,681,1241,0.0,0.0008333472224535399,0.5502820306204643,0.00016116035455278067
9256,7.713461891031518,0.5503626107977437,560,681,1241,-0.0008058017727639033,0.0008333472224535399,0.5503626107977407,8.058017727639034e-05
9257,7.714295238253971,0.5503626107977437,560,681,1241,0.0,0.0008333472224535399,0.550443190975017,8.058017727639034e-05
9258,7.715128585476425,0.5503626107977437,560,681,1241,0.0,0.0008333472224535399,0.5505237711522935,8.058017727639034e-05
9259,7.715961932698878,0.5503626107977437,560,681,1241,0.0,0.0008333472224535399,0.5505237711522935,0.0
9260,7.716795279921333,0.5503626107977437,560,681,1241,0.0,0.000833347222454428,0.5505237711522935,0.0
9261,7.717628627143786,0.5503626107977437,560,681,1241,0.0,0.0008333472224535399,0.5505237711522935,0.0
9262,7.71846197436624,0.5503626107977437,560,681,1241,0.0,0.0008333472224535399,0.5505237711522935,0.0
9263,7.719295321588693,0.5503626107977437,560,681,1241,0.0,0.0008333472224535399,0.5505237711522935,0.0
9264,7.720128668811147,0.5503626107977437,560,681,1241,0.0,0.0008333472224535399,0.550443190975017,-8.058017727639034e-05
9265,7.720962016033601,0.5503626107977437,560,681,1241,0.0,0.000833347222454428,0.5503626107977407,-8.058017727639034e-05
9266,7.721795363256055,0.5503626107977437,560,681,1241,0.0,0.0008333472224535399,0.5503626107977407,0.0
9267,7.722628710478508,0.5503626107977437,560,681,1241,0.0,0.0008333472224535399,0.5503626107977407,0.0
9268,7.723462057700962,0.5503626107977437,560,681,1241,0.0,0.0008333472224535399,0.5503626107977407,0.0
9269,7.724295404923415,0.5503626107977437,560,681,1241,0.0,0.0008333472224535399,0.5503626107977407,0.0
9270,7.72512875214587,0.5503626107977437,560,681,1241,0.0,0.000833347222454428,0.5503626107977407,0.0
9271,7.725962099368323,0.5503626107977437,560,681,1241,0.0,0.0008333472224535399,0.5503626107977407,0.0
9272,7.726795446590777,0.5503626107977437,560,681,1241,0.0,0.0008333472224535399,0.5503626107977407,0.0
9273,7.72762879381323,0.5503626107977437,560,681,1241,0.0,0.0008333472224535399,0.5503626107977407,0.0
9274,7.728462141035684,0.5503626107977437,560,681,1241,0.0,0.0008333472224535399,0.5503626107977407,0.0
9275,7.729295488258138,0.5503626107977437,560,681,1241,0.0,0.000833347222454428,0.5503626107977407,0.0
9276,7.730128835480592,0.5503626107977437,560,681,1241,0.0,0.0008333472224535399,0.5503626107977407,0.0
9277,7.7309621827030455,0.5503626107977437,560,681,1241,0.0,0.0008333472224535399,0.5503626107977407,0.0
9278,7.731795529925499,0.5503626107977437,560,681,1241,0.0,0.0008333472224535399,0.5503626107977407,0.0
9279,7.7326288771479526,0.5503626107977437,560,681,1241,0.0,0.0008333472224535399,0.5503626107977407,0.0
9280,7.733462224370406,0.5503626107977437,560,681,1241,0.0,0.0008333472224535399,0.5503626107977407,0.0
9281,7.7342955715928605,0.5503626107977437,560,681,1241,0.0,0.000833347222454428,0.5503626107977407,0.0
9282,7.735128918815314,0.5503626107977437,560,681,1241,0.0,0.0008333472224535399,0.5503626107977407,0.0
9283,7.735962266037768,0.5503626107977437,560,681,1241,0.0,0.0008333472224535399,0.5503626107977407,0.0
9284,7.736795613260221,0.5503626107977437,560,681,1241,0.0,0.0008333472224535399,0.5503626107977407,0.0
9285,7.737628960482675,0.5503626107977437,560,681,1241,0.0,0.0008333472224535399,0.5503626107977407,0.0
9286,7.738462307705129,0.5503626107977437,560,681,1241,0.0,0.000833347222454428,0.5503626107977407,0.0
9287,7.739295654927583,0.5495568090249798,560,681,1241,-0.0008058017727639033,0.0008333472224535399,0.5502820306204643,-8.058017727639034e-05
9288,7.740129002150036,0.5495568090249798,560,681,1241,0.0,0.0008333472224535399,0.5502014504431879,-8.058017727639034e-05
9289,7.74096234937249,0.5495568090249798,560,681,1241,0.0,0.0008333472224535399,0.5501208702659116,-8.058017727639034e-05
9290,7.741795696594943,0.5495568090249798,560,681,1241,0.0,0.0008333472224535399,0.5500402900886352,-8.058017727639034e-05
9291,7.742629043817398,0.5495568090249798,560,681,1241,0.0,0.000833347222454428,0.5499597099113589,-8.058017727639034e-05
9292,7.743462391039851,0.5495568090249798,560,681,1241,0.0,0.0008333472224535399,0.5498791297340826,-8.058017727639034e-05
9293,7.744295738262305,0.5495568090249798,560,681,1241,0.0,0.0008333472224535399,0.5497985495568062,-8.058017727639034e-05
9294,7.745129085484758,0.5495568090249798,560,681,1241,0.0,0.0008333472224535399,0.5497179693795299,-8.058017727639034e-05
9295,7.745962432707212,0.5495568090249798,560,681,1241,0.0,0.0008333472224535399,0.5496373892022535,-8.058017727639034e-05
9296,7.746795779929665,0.5495568090249798,560,681,1241,0.0,0.0008333472224535399,0.5495568090249772,-8.058017727639034e-05
9297,7.74762912715212,0.5495568090249798,560,681,1241,0.0,0.000833347222454428,0.5495568090249773,0.0
9298,7.748462474374573,0.5495568090249798,560,681,1241,0.0,0.0008333472224535399,0.5495568090249773,0.0
9299,7.749295821597027,0.5495568090249798,560,681,1241,0.0,0.0008333472224535399,0.5495568090249773,0.0
9300,7.75012916881948,0.5495568090249798,560,681,1241,0.0,0.0008333472224535399,0.5495568090249773,0.0
9301,7.750962516041934,0.5495568090249798,560,681,1241,0.0,0.0008333472224535399,0.5495568090249773,0.0
9302,7.751795863264388,0.5495568090249798,560,681,1241,0.0,0.000833347222454428,0.5495568090249773,0.0
9303,7.752629210486842,0.5495568090249798,560,681,1241,0.0,0.0008333472224535399,0.5495568090249773,0.0
9304,7.7534625577092955,0.5495568090249798,560,681,1241,0.0,0.0008333472224535399,0.5495568090249773,0.0
9305,7.754295904931749,0.5495568090249798,560,681,1241,0.0,0.0008333472224535399,0.5495568090249773,0.0
9306,7.755129252154203,0.5495568090249798,560,681,1241,0.0,0.0008333472224535399,0.5495568090249773,0.0
9307,7.755962599376657,0.5495568090249798,560,681,1241,0.0,0.000833347222454428,0.5495568090249773,0.0
9308,7.7567959465991105,0.5495568090249798,560,681,1241,0.0,0.0008333472224535399,0.5495568090249773,0.0
9309,7.757629293821564,0.5495568090249798,560,681,1241,0.0,0.0008333472224535399,0.5495568090249773,0.0
9310,7.758462641044018,0.5495568090249798,560,681,1241,0.0,0.0008333472224535399,0.5495568090249773,0.0
9311,7.759295988266471,0.5495568090249798,560,681,1241,0.0,0.0008333472224535399,0.5495568090249773,0.0
9312,7.760129335488926,0.5495568090249798,560,681,1241,0.0,0.000833347222454428,0.5495568090249773,0.0
9313,7.760962682711379,0.5495568090249798,560,681,1241,0.0,0.0008333472224535399,0.5495568090249773,0.0
9314,7.761796029933833,0.5495568090249798,560,681,1241,0.0,0.0008333472224535399,0.5495568090249773,0.0
9315,7.762629377156286,0.5495568090249798,560,681,1241,0.0,0.0008333472224535399,0.5495568090249773,0.0
9316,7.76346272437874,0.5495568090249798,560,681,1241,0.0,0.0008333472224535399,0.5495568090249773,0.0
9317,7.764296071601193,0.5495568090249798,560,681,1241,0.0,0.0008333472224535399,0.5495568090249773,0.0
9318,7.765129418823648,0.5495568090249798,560,681,1241,0.0,0.000833347222454428,0.5495568090249773,0.0
9319,7.765962766046101,0.5495568090249798,560,681,1241,0.0,0.0008333472224535399,0.5495568090249773,0.0
9320,7.766796113268555,0.5495568090249798,560,681,1241,0.0,0.0008333472224535399,0.5495568090249773,0.0
9321,7.767629460491008,0.5495568090249798,560,681,1241,0.0,0.0008333472224535399,0.5495568090249773,0.0
9322,7.768462807713462,0.5495568090249798,560,681,1241,0.0,0.0008333472224535399,0.5495568090249773,0.0
9323,7.769296154935916,0.5495568090249798,560,681,1241,0.0,0.000833347222454428,0.5495568090249773,0.0
9324,7.77012950215837,0.5495568090249798,560,681,1241,0.0,0.0008333472224535399,0.5495568090249773,0.0
9325,7.770962849380823,0.5495568090249798,560,681,1241,0.0,0.0008333472224535399,0.5495568090249773,0.0
9326,7.771796196603277,0.5495568090249798,560,681,1241,0.0,0.0008333472224535399,0.5495568090249773,0.0
9327,7.7726295438257305,0.5495568090249798,560,681,1241,0.0,0.0008333472224535399,0.5495568090249773,0.0
9328,7.773462891048185,0.5495568090249798,560,681,1241,0.0,0.000833347222454428,0.5495568090249773,0.0
9329,7.774296238270638,0.5495568090249798,560,681,1241,0.0,0.0008333472224535399,0.5495568090249773,0.0
9330,7.775129585493092,0.5495568090249798,560,681,1241,0.0,0.0008333472224535399,0.5495568090249773,0.0
9331,7.7759629327155455,0.5495568090249798,560,681,1241,0.0,0.0008333472224535399,0.5495568090249773,0.0
9332,7.776796279937999,0.5495568090249798,560,681,1241,0.0,0.0008333472224535399,0.5495568090249773,0.0
9333,7.777629627160453,0.5495568090249798,560,681,1241,0.0,0.0008333472224535399,0.5495568090249773,0.0
9334,7.778462974382907,0.5495568090249798,560,681,1241,0.0,0.000833347222454428,0.5495568090249773,0.0
9335,7.7792963216053606,0.5495568090249798,560,681,1241,0.0,0.0008333472224535399,0.5495568090249773,0.0
9336,7.780129668827814,0.5495568090249798,560,681,1241,0.0,0.0008333472224535399,0.5495568090249773,0.0
9337,7.780963016050268,0.5495568090249798,560,681,1241,0.0,0.0008333472224535399,0.5495568090249773,0.0
9338,7.781796363272721,0.5495568090249798,560,681,1241,0.0,0.0008333472224535399,0.5495568090249773,0.0
9339,7.782629710495176,0.5495568090249798,560,681,1241,0.0,0.000833347222454428,0.5495568090249773,0.0
9340,7.783463057717629,0.5495568090249798,560,681,1241,0.0,0.0008333472224535399,0.5495568090249773,0.0
9341,7.784296404940083,0.5495568090249798,560,681,1241,0.0,0.0008333472224535399,0.5495568090249773,0.0
9342,7.785129752162536,0.5495568090249798,560,681,1241,0.0,0.0008333472224535399,0.5495568090249773,0.0
9343,7.78596309938499,0.5495568090249798,560,681,1241,0.0,0.0008333472224535399,0.5495568090249773,0.0
9344,7.786796446607444,0.5495568090249798,560,681,1241,0.0,0.000833347222454428,0.5495568090249773,0.0
9345,7.787629793829898,0.5495568090249798,560,681,1241,0.0,0.0008333472224535399,0.5495568090249773,0.0
9346,7.788463141052351,0.5495568090249798,560,681,1241,0.0,0.0008333472224535399,0.5495568090249773,0.0
9347,7.789296488274805,0.5495568090249798,560,681,1241,0.0,0.0008333472224535399,0.5495568090249773,0.0
9348,7.790129835497258,0.5495568090249798,560,681,1241,0.0,0.0008333472224535399,0.5495568090249773,0.0
9349,7.790963182719712,0.5495568090249798,560,681,1241,0.0,0.0008333472224535399,0.5495568090249773,0.0
9350,7.791796529942166,0.5495568090249798,560,681,1241,0.0,0.000833347222454428,0.5495568090249773,0.0
9351,7.79262987716462,0.5495568090249798,560,681,1241,0.0,0.0008333472224535399,0.5495568090249773,0.0
9352,7.793463224387073,0.5495568090249798,560,681,1241,0.0,0.0008333472224535399,0.5495568090249773,0.0
9353,7.794296571609527,0.5495568090249798,560,681,1241,0.0,0.0008333472224535399,0.5495568090249773,0.0
9354,7.7951299188319805,0.5495568090249798,560,681,1241,0.0,0.0008333472224535399,0.5495568090249773,0.0
9355,7.795963266054435,0.5495568090249798,560,681,1241,0.0,0.000833347222454428,0.5495568090249773,0.0
9356,7.796796613276888,0.5495568090249798,560,681,1241,0.0,0.0008333472224535399,0.5495568090249773,0.0
9357,7.797629960499342,0.5495568090249798,560,681,1241,0.0,0.0008333472224535399,0.5495568090249773,0.0
9358,7.7984633077217955,0.5495568090249798,560,681,1241,0.0,0.0008333472224535399,0.5495568090249773,0.0
9359,7.799296654944249,0.5495568090249798,560,681,1241,0.0,0.0008333472224535399,0.5495568090249773,0.0
9360,7.8001300021667035,0.5495568090249798,560,681,1241,0.0,0.000833347222454428,0.5495568090249773,0.0
9361,7.800963349389157,0.5495568090249798,560,681,1241,0.0,0.0008333472224535399,0.5495568090249773,0.0
9362,7.801796696611611,0.5495568090249798,560,681,1241,0.0,0.0008333472224535399,0.5495568090249773,0.0
9363,7.802630043834064,0.5495568090249798,560,681,1241,0.0,0.0008333472224535399,0.5495568090249773,0.0
9364,7.803463391056518,0.5495568090249798,560,681,1241,0.0,0.0008333472224535399,0.5495568090249773,0.0
9365,7.804296738278972,0.5495568090249798,560,681,1241,0.0,0.000833347222454428,0.5495568090249773,0.0
9366,7.805130085501426,0.5495568090249798,560,681,1241,0.0,0.0008333472224535399,0.5495568090249773,0.0
9367,7.805963432723879,0.5495568090249798,560,681,1241,0.0,0.0008333472224535399,0.5495568090249773,0.0
9368,7.806796779946333,0.5495568090249798,560,681,1241,0.0,0.0008333472224535399,0.5495568090249773,0.0
9369,7.807630127168786,0.5495568090249798,560,681,1241,0.0,0.0008333472224535399,0.5495568090249773,0.0
9370,7.80846347439124,0.5495568090249798,560,681,1241,0.0,0.0008333472224535399,0.5495568090249773,0.0
9371,7.809296821613694,0.5495568090249798,560,681,1241,0.0,0.000833347222454428,0.5495568090249773,0.0
9372,7.810130168836148,0.5495568090249798,560,681,1241,0.0,0.0008333472224535399,0.5495568090249773,0.0
9373,7.810963516058601,0.5495568090249798,560,681,1241,0.0,0.0008333472224535399,0.5495568090249773,0.0
9374,7.811796863281055,0.5495568090249798,560,681,1241,0.0,0.0008333472224535399,0.5495568090249773,0.0
9375,7.812630210503508,0.5495568090249798,560,681,1241,0.0,0.0008333472224535399,0.5495568090249773,0.0
9376,7.813463557725963,0.5495568090249798,560,681,1241,0.0,0.000833347222454428,0.5495568090249773,0.0
9377,7.814296904948416,0.5495568090249798,560,681,1241,0.0,0.0008333472224535399,0.5495568090249773,0.0
9378,7.81513025217087,0.5495568090249798,560,681,1241,0.0,0.0008333472224535399,0.5495568090249773,0.0
9379,7.815963599393323,0.5495568090249798,560,681,1241,0.0,0.0008333472224535399,0.5495568090249773,0.0
9380,7.816796946615777,0.5487510072522159,560,681,1241,-0.0008058017727639033,0.0008333472224535399,0.5494762288477009,-8.058017727639034e-05
9381,7.817630293838231,0.5487510072522159,560,681,1241,0.0,0.000833347222454428,0.5493956486704246,-8.058017727639034e-05
9382,7.818463641060685,0.5487510072522159,560,681,1241,0.0,0.0008333472224535399,0.5493150684931483,-8.058017727639034e-05
9383,7.8192969882831385,0.5487510072522159,560,681,1241,0.0,0.0008333472224535399,0.5492344883158718,-8.058017727639034e-05
9384,7.820130335505592,0.5487510072522159,560,681,1241,0.0,0.0008333472224535399,0.5491539081385955,-8.058017727639034e-05
9385,7.8209636827280455,0.5487510072522159,560,681,1241,0.0,0.0008333472224535399,0.5490733279613191,-8.058017727639034e-05
9386,7.821797029950499,0.5487510072522159,560,681,1241,0.0,0.0008333472224535399,0.5489927477840428,-8.058017727639034e-05
9387,7.8226303771729535,0.5487510072522159,560,681,1241,0.0,0.000833347222454428,0.5489121676067665,-8.058017727639034e-05
9388,7.823463724395407,0.5487510072522159,560,681,1241,0.0,0.0008333472224535399,0.5488315874294901,-8.058017727639034e-05
9389,7.824297071617861,0.5487510072522159,560,681,1241,0.0,0.0008333472224535399,0.5487510072522138,-8.058017727639034e-05
9390,7.825130418840314,0.5487510072522159,560,681,1241,0.0,0.0008333472224535399,0.5487510072522138,0.0
9391,7.825963766062768,0.5487510072522159,560,681,1241,0.0,0.0008333472224535399,0.5487510072522138,0.0
9392,7.826797113285222,0.5487510072522159,560,681,1241,0.0,0.000833347222454428,0.5487510072522138,0.0
9393,7.827630460507676,0.5487510072522159,560,681,1241,0.0,0.0008333472224535399,0.5487510072522138,0.0
9394,7.828463807730129,0.5487510072522159,560,681,1241,0.0,0.0008333472224535399,0.5487510072522138,0.0
9395,7.829297154952583,0.5487510072522159,560,681,1241,0.0,0.0008333472224535399,0.5487510072522138,0.0
9396,7.830130502175036,0.5487510072522159,560,681,1241,0.0,0.0008333472224535399,0.5487510072522138,0.0
9397,7.830963849397491,0.5487510072522159,560,681,1241,0.0,0.000833347222454428,0.5487510072522138,0.0
9398,7.831797196619944,0.5487510072522159,560,681,1241,0.0,0.0008333472224535399,0.5487510072522138,0.0
9399,7.832630543842398,0.5487510072522159,560,681,1241,0.0,0.0008333472224535399,0.5487510072522138,0.0
9400,7.833463891064851,0.5487510072522159,560,681,1241,0.0,0.0008333472224535399,0.5487510072522138,0.0
9401,7.834297238287305,0.5487510072522159,560,681,1241,0.0,0.0008333472224535399,0.5487510072522138,0.0
9402,7.835130585509758,0.5487510072522159,560,681,1241,0.0,0.0008333472224535399,0.5487510072522138,0.0
9403,7.835963932732213,0.5487510072522159,560,681,1241,0.0,0.000833347222454428,0.5487510072522138,0.0
9404,7.836797279954666,0.5487510072522159,560,681,1241,0.0,0.0008333472224535399,0.5487510072522138,0.0
9405,7.83763062717712,0.5487510072522159,560,681,1241,0.0,0.0008333472224535399,0.5487510072522138,0.0
9406,7.838463974399573,0.5487510072522159,560,681,1241,0.0,0.0008333472224535399,0.5487510072522138,0.0
9407,7.839297321622027,0.5487510072522159,560,681,1241,0.0,0.0008333472224535399,0.5487510072522138,0.0
9408,7.840130668844481,0.5487510072522159,560,681,1241,0.0,0.000833347222454428,0.5487510072522138,0.0
9409,7.840964016066935,0.5487510072522159,560,681,1241,0.0,0.0008333472224535399,0.5487510072522138,0.0
9410,7.8417973632893885,0.5487510072522159,560,681,1241,0.0,0.0008333472224535399,0.5487510072522138,0.0
9411,7.842630710511842,0.5487510072522159,560,681,1241,0.0,0.0008333472224535399,0.5487510072522138,0.0
9412,7.843464057734296,0.5487510072522159,560,681,1241,0.0,0.0008333472224535399,0.5487510072522138,0.0
9413,7.84429740495675,0.5487510072522159,560,681,1241,0.0,0.000833347222454428,0.5487510072522138,0.0
9414,7.8451307521792035,0.5487510072522159,560,681,1241,0.0,0.0008333472224535399,0.5487510072522138,0.0
9415,7.845964099401657,0.5487510072522159,560,681,1241,0.0,0.0008333472224535399,0.5487510072522138,0.0
9416,7.846797446624111,0.5487510072522159,560,681,1241,0.0,0.0008333472224535399,0.5487510072522138,0.0
9417,7.847630793846564,0.5487510072522159,560,681,1241,0.0,0.0008333472224535399,0.5487510072522138,0.0
9418,7.848464141069019,0.5487510072522159,560,681,1241,0.0,0.000833347222454428,0.5487510072522138,0.0
9419,7.849297488291472,0.5487510072522159,560,681,1241,0.0,0.0008333472224535399,0.5487510072522138,0.0
9420,7.850130835513926,0.5487510072522159,560,681,1241,0.0,0.0008333472224535399,0.5487510072522138,0.0
9421,7.850964182736379,0.5487510072522159,560,681,1241,0.0,0.0008333472224535399,0.5487510072522138,0.0
9422,7.851797529958833,0.5487510072522159,560,681,1241,0.0,0.0008333472224535399,0.5487510072522138,0.0
9423,7.852630877181286,0.5487510072522159,560,681,1241,0.0,0.0008333472224535399,0.5487510072522138,0.0
9424,7.853464224403741,0.5487510072522159,560,681,1241,0.0,0.000833347222454428,0.5487510072522138,0.0
9425,7.854297571626194,0.5487510072522159,560,681,1241,0.0,0.0008333472224535399,0.5487510072522138,0.0
9426,7.855130918848648,0.5487510072522159,560,681,1241,0.0,0.0008333472224535399,0.5487510072522138,0.0
9427,7.855964266071101,0.5487510072522159,560,681,1241,0.0,0.0008333472224535399,0.5487510072522138,0.0
9428,7.856797613293555,0.5487510072522159,560,681,1241,0.0,0.0008333472224535399,0.5487510072522138,0.0
9429,7.857630960516009,0.5487510072522159,560,681,1241,0.0,0.000833347222454428,0.5487510072522138,0.0
9430,7.858464307738463,0.5487510072522159,560,681,1241,0.0,0.0008333472224535399,0.5487510072522138,0.0
9431,7.859297654960916,0.5487510072522159,560,681,1241,0.0,0.0008333472224535399,0.5487510072522138,0.0
9432,7.86013100218337,0.5487510072522159,560,681,1241,0.0,0.0008333472224535399,0.5487510072522138,0.0
9433,7.8609643494058234,0.5487510072522159,560,681,1241,0.0,0.0008333472224535399,0.5487510072522138,0.0
9434,7.861797696628278,0.5487510072522159,560,681,1241,0.0,0.000833347222454428,0.5487510072522138,0.0
9435,7.862631043850731,0.5487510072522159,560,681,1241,0.0,0.0008333472224535399,0.5487510072522138,0.0
9436,7.863464391073185,0.5487510072522159,560,681,1241,0.0,0.0008333472224535399,0.5487510072522138,0.0
9437,7.8642977382956385,0.5487510072522159,560,681,1241,0.0,0.0008333472224535399,0.5487510072522138,0.0
9438,7.865131085518092,0.5487510072522159,560,681,1241,0.0,0.0008333472224535399,0.5487510072522138,0.0
9439,7.865964432740546,0.5487510072522159,560,681,1241,0.0,0.0008333472224535399,0.5487510072522138,0.0
9440,7.866797779963,0.5487510072522159,560,681,1241,0.0,0.000833347222454428,0.5487510072522138,0.0
9441,7.8676311271854535,0.5487510072522159,560,681,1241,0.0,0.0008333472224535399,0.5487510072522138,0.0
9442,7.868464474407907,0.5487510072522159,560,681,1241,0.0,0.0008333472224535399,0.5487510072522138,0.0
9443,7.869297821630361,0.5495568090249798,560,681,1241,0.0008058017727639033,0.0008333472224535399,0.5488315874294901,8.058017727639034e-05
9444,7.870131168852814,0.5495568090249798,560,681,1241,0.0,0.0008333472224535399,0.5489121676067665,8.058017727639034e-05
9445,7.870964516075269,0.5495568090249798,560,681,1241,0.0,0.000833347222454428,0.5489927477840428,8.058017727639034e-05
9446,7.871797863297722,0.5495568090249798,560,681,1241,0.0,0.0008333472224535399,0.5490733279613191,8.058017727639034e-05
9447,7.872631210520176,0.5495568090249798,560,681,1241,0.0,0.0008333472224535399,0.5491539081385955,8.058017727639034e-05
9448,7.873464557742629,0.5495568090249798,560,681,1241,0.0,0.0008333472224535399,0.5492344883158718,8.058017727639034e-05
9449,7.874297904965083,0.5495568090249798,560,681,1241,0.0,0.0008333472224535399,0.5493150684931483,8.058017727639034e-05
9450,7.875131252187537,0.5495568090249798,560,681,1241,0.0,0.000833347222454428,0.5493956486704246,8.058017727639034e-05
9451,7.875964599409991,0.5495568090249798,560,681,1241,0.0,0.0008333472224535399,0.5494762288477009,8.058017727639034e-05
9452,7.876797946632444,0.5495568090249798,560,681,1241,0.0,0.0008333472224535399,0.5495568090249773,8.058017727639034e-05
9453,7.877631293854898,0.5495568090249798,560,681,1241,0.0,0.0008333472224535399,0.5495568090249773,0.0
9454,7.878464641077351,0.5495568090249798,560,681,1241,0.0,0.0008333472224535399,0.5495568090249773,0.0
9455,7.879297988299806,0.5495568090249798,560,681,1241,0.0,0.000833347222454428,0.5495568090249773,0.0
9456,7.880131335522259,0.5495568090249798,560,681,1241,0.0,0.0008333472224535399,0.5495568090249773,0.0
9457,7.880964682744713,0.5495568090249798,560,681,1241,0.0,0.0008333472224535399,0.5495568090249773,0.0
9458,7.881798029967166,0.5495568090249798,560,681,1241,0.0,0.0008333472224535399,0.5495568090249773,0.0
9459,7.88263137718962,0.5495568090249798,560,681,1241,0.0,0.0008333472224535399,0.5495568090249773,0.0
9460,7.8834647244120735,0.5495568090249798,560,681,1241,0.0,0.0008333472224535399,0.5495568090249773,0.0
9461,7.884298071634528,0.5495568090249798,560,681,1241,0.0,0.000833347222454428,0.5495568090249773,0.0
9462,7.885131418856981,0.5495568090249798,560,681,1241,0.0,0.0008333472224535399,0.5495568090249773,0.0
9463,7.885964766079435,0.5495568090249798,560,681,1241,0.0,0.0008333472224535399,0.5495568090249773,0.0
9464,7.8867981133018885,0.5495568090249798,560,681,1241,0.0,0.0008333472224535399,0.5495568090249773,0.0
9465,7.887631460524342,0.5495568090249798,560,681,1241,0.0,0.0008333472224535399,0.5495568090249773,0.0
9466,7.8884648077467965,0.5495568090249798,560,681,1241,0.0,0.000833347222454428,0.5495568090249773,0.0
9467,7.88929815496925,0.5495568090249798,560,681,1241,0.0,0.0008333472224535399,0.5495568090249773,0.0
9468,7.890131502191704,0.5495568090249798,560,681,1241,0.0,0.0008333472224535399,0.5495568090249773,0.0
9469,7.890964849414157,0.5495568090249798,560,681,1241,0.0,0.0008333472224535399,0.5495568090249773,0.0
9470,7.891798196636611,0.5495568090249798,560,681,1241,0.0,0.0008333472224535399,0.5495568090249773,0.0
9471,7.892631543859065,0.5495568090249798,560,681,1241,0.0,0.000833347222454428,0.5495568090249773,0.0
9472,7.893464891081519,0.5495568090249798,560,681,1241,0.0,0.0008333472224535399,0.5495568090249773,0.0
9473,7.894298238303972,0.5495568090249798,560,681,1241,0.0,0.0008333472224535399,0.5495568090249773,0.0
9474,7.895131585526426,0.5495568090249798,560,681,1241,0.0,0.0008333472224535399,0.5495568090249773,0.0
9475,7.895964932748879,0.5495568090249798,560,681,1241,0.0,0.0008333472224535399,0.5495568090249773,0.0
9476,7.896798279971333,0.5495568090249798,560,681,1241,0.0,0.0008333472224535399,0.5495568090249773,0.0
9477,7.897631627193787,0.5495568090249798,560,681,1241,0.0,0.000833347222454428,0.5495568090249773,0.0
9478,7.898464974416241,0.5495568090249798,560,681,1241,0.0,0.0008333472224535399,0.5495568090249773,0.0
9479,7.899298321638694,0.5495568090249798,560,681,1241,0.0,0.0008333472224535399,0.5495568090249773,0.0
9480,7.900131668861148,0.5495568090249798,560,681,1241,0.0,0.0008333472224535399,0.5495568090249773,0.0
9481,7.900965016083601,0.5495568090249798,560,681,1241,0.0,0.0008333472224535399,0.5495568090249773,0.0
9482,7.901798363306056,0.5495568090249798,560,681,1241,0.0,0.000833347222454428,0.5495568090249773,0.0
9483,7.902631710528509,0.5495568090249798,560,681,1241,0.0,0.0008333472224535399,0.5495568090249773,0.0
9484,7.903465057750963,0.5495568090249798,560,681,1241,0.0,0.0008333472224535399,0.5495568090249773,0.0
9485,7.904298404973416,0.5495568090249798,560,681,1241,0.0,0.0008333472224535399,0.5495568090249773,0.0
9486,7.90513175219587,0.5487510072522159,560,681,1241,-0.0008058017727639033,0.0008333472224535399,0.5494762288477009,-8.058017727639034e-05
9487,7.905965099418324,0.5487510072522159,560,681,1241,0.0,0.000833347222454428,0.5493956486704246,-8.058017727639034e-05
9488,7.906798446640778,0.5487510072522159,560,681,1241,0.0,0.0008333472224535399,0.5493150684931483,-8.058017727639034e-05
9489,7.9076317938632315,0.5487510072522159,560,681,1241,0.0,0.0008333472224535399,0.5492344883158718,-8.058017727639034e-05
9490,7.908465141085685,0.5487510072522159,560,681,1241,0.0,0.0008333472224535399,0.5491539081385955,-8.058017727639034e-05
9491,7.9092984883081385,0.5487510072522159,560,681,1241,0.0,0.0008333472224535399,0.5490733279613191,-8.058017727639034e-05
9492,7.910131835530592,0.5487510072522159,560,681,1241,0.0,0.0008333472224535399,0.5489927477840428,-8.058017727639034e-05
9493,7.9109651827530465,0.5487510072522159,560,681,1241,0.0,0.000833347222454428,0.5489121676067665,-8.058017727639034e-05
9494,7.9117985299755,0.5487510072522159,560,681,1241,0.0,0.0008333472224535399,0.5488315874294901,-8.058017727639034e-05
9495,7.912631877197954,0.5487510072522159,560,681,1241,0.0,0.0008333472224535399,0.5487510072522138,-8.058017727639034e-05
9496,7.913465224420407,0.5487510072522159,560,681,1241,0.0,0.0008333472224535399,0.5487510072522138,0.0
9497,7.914298571642861,0.5487510072522159,560,681,1241,0.0,0.0008333472224535399,0.5487510072522138,0.0
9498,7.915131918865315,0.5487510072522159,560,681,1241,0.0,0.000833347222454428,0.5487510072522138,0.0
9499,7.915965266087769,0.5487510072522159,560,681,1241,0.0,0.0008333472224535399,0.5487510072522138,0.0
9500,7.916798613310222,0.5487510072522159,560,681,1241,0.0,0.0008333472224535399,0.5487510072522138,0.0
9501,7.917631960532676,0.5487510072522159,560,681,1241,0.0,0.0008333472224535399,0.5487510072522138,0.0
9502,7.918465307755129,0.5487510072522159,560,681,1241,0.0,0.0008333472224535399,0.5487510072522138,0.0
9503,7.919298654977584,0.5487510072522159,560,681,1241,0.0,0.000833347222454428,0.5487510072522138,0.0
9504,7.920132002200037,0.5487510072522159,560,681,1241,0.0,0.0008333472224535399,0.5487510072522138,0.0
9505,7.920965349422491,0.5487510072522159,560,681,1241,0.0,0.0008333472224535399,0.5487510072522138,0.0
9506,7.921798696644944,0.5487510072522159,560,681,1241,0.0,0.0008333472224535399,0.5487510072522138,0.0
9507,7.922632043867398,0.5487510072522159,560,681,1241,0.0,0.0008333472224535399,0.5487510072522138,0.0
9508,7.923465391089852,0.5487510072522159,560,681,1241,0.0,0.000833347222454428,0.5487510072522138,0.0
9509,7.924298738312306,0.5487510072522159,560,681,1241,0.0,0.0008333472224535399,0.5487510072522138,0.0
9510,7.925132085534759,0.5487510072522159,560,681,1241,0.0,0.0008333472224535399,0.5487510072522138,0.0
9511,7.925965432757213,0.5487510072522159,560,681,1241,0.0,0.0008333472224535399,0.5487510072522138,0.0
9512,7.926798779979666,0.5487510072522159,560,681,1241,0.0,0.0008333472224535399,0.5487510072522138,0.0
9513,7.92763212720212,0.5487510072522159,560,681,1241,0.0,0.0008333472224535399,0.5487510072522138,0.0
9514,7.928465474424574,0.5487510072522159,560,681,1241,0.0,0.000833347222454428,0.5487510072522138,0.0
9515,7.929298821647028,0.5487510072522159,560,681,1241,0.0,0.0008333472224535399,0.5487510072522138,0.0
9516,7.9301321688694815,0.5487510072522159,560,681,1241,0.0,0.0008333472224535399,0.5487510072522138,0.0
9517,7.930965516091935,0.5487510072522159,560,681,1241,0.0,0.0008333472224535399,0.5487510072522138,0.0
9518,7.9317988633143885,0.5487510072522159,560,681,1241,0.0,0.0008333472224535399,0.5487510072522138,0.0
9519,7.932632210536843,0.5487510072522159,560,681,1241,0.0,0.000833347222454428,0.5487510072522138,0.0
9520,7.9334655577592965,0.5487510072522159,560,681,1241,0.0,0.0008333472224535399,0.5487510072522138,0.0
9521,7.93429890498175,0.5487510072522159,560,681,1241,0.0,0.0008333472224535399,0.5487510072522138,0.0
9522,7.935132252204204,0.5487510072522159,560,681,1241,0.0,0.0008333472224535399,0.5487510072522138,0.0
9523,7.935965599426657,0.5487510072522159,560,681,1241,0.0,0.0008333472224535399,0.5487510072522138,0.0
9524,7.936798946649112,0.5487510072522159,560,681,1241,0.0,0.000833347222454428,0.5487510072522138,0.0
9525,7.937632293871565,0.5487510072522159,560,681,1241,0.0,0.0008333472224535399,0.5487510072522138,0.0
9526,7.938465641094019,0.5487510072522159,560,681,1241,0.0,0.0008333472224535399,0.5487510072522138,0.0
9527,7.939298988316472,0.5487510072522159,560,681,1241,0.0,0.0008333472224535399,0.5487510072522138,0.0
9528,7.940132335538926,0.5487510072522159,560,681,1241,0.0,0.0008333472224535399,0.5487510072522138,0.0
9529,7.940965682761379,0.5487510072522159,560,681,1241,0.0,0.0008333472224535399,0.5487510072522138,0.0
9530,7.941799029983834,0.5487510072522159,560,681,1241,0.0,0.000833347222454428,0.5487510072522138,0.0
9531,7.942632377206287,0.5487510072522159,560,681,1241,0.0,0.0008333472224535399,0.5487510072522138,0.0
9532,7.943465724428741,0.5487510072522159,560,681,1241,0.0,0.0008333472224535399,0.5487510072522138,0.0
9533,7.944299071651194,0.5487510072522159,560,681,1241,0.0,0.0008333472224535399,0.5487510072522138,0.0
9534,7.945132418873648,0.5487510072522159,560,681,1241,0.0,0.0008333472224535399,0.5487510072522138,0.0
9535,7.945965766096102,0.5487510072522159,560,681,1241,0.0,0.000833347222454428,0.5487510072522138,0.0
9536,7.946799113318556,0.5487510072522159,560,681,1241,0.0,0.0008333472224535399,0.5487510072522138,0.0
9537,7.947632460541009,0.5487510072522159,560,681,1241,0.0,0.0008333472224535399,0.5487510072522138,0.0
9538,7.948465807763463,0.5487510072522159,560,681,1241,0.0,0.0008333472224535399,0.5487510072522138,0.0
9539,7.949299154985916,0.5487510072522159,560,681,1241,0.0,0.0008333472224535399,0.5487510072522138,0.0
9540,7.950132502208371,0.5487510072522159,560,681,1241,0.0,0.000833347222454428,0.5487510072522138,0.0
9541,7.950965849430824,0.5487510072522159,560,681,1241,0.0,0.0008333472224535399,0.5487510072522138,0.0
9542,7.951799196653278,0.5487510072522159,560,681,1241,0.0,0.0008333472224535399,0.5487510072522138,0.0
9543,7.9526325438757315,0.5487510072522159,560,681,1241,0.0,0.0008333472224535399,0.5487510072522138,0.0
9544,7.953465891098185,0.5487510072522159,560,681,1241,0.0,0.0008333472224535399,0.5487510072522138,0.0
9545,7.9542992383206395,0.5487510072522159,560,681,1241,0.0,0.000833347222454428,0.5487510072522138,0.0
9546,7.955132585543093,0.5487510072522159,560,681,1241,0.0,0.0008333472224535399,0.5487510072522138,0.0
9547,7.9559659327655465,0.5487510072522159,560,681,1241,0.0,0.0008333472224535399,0.5487510072522138,0.0
9548,7.956799279988,0.5487510072522159,560,681,1241,0.0,0.0008333472224535399,0.5487510072522138,0.0
9549,7.957632627210454,0.5487510072522159,560,681,1241,0.0,0.0008333472224535399,0.5487510072522138,0.0
9550,7.958465974432907,0.5487510072522159,560,681,1241,0.0,0.0008333472224535399,0.5487510072522138,0.0
9551,7.959299321655362,0.5487510072522159,560,681,1241,0.0,0.000833347222454428,0.5487510072522138,0.0
9552,7.960132668877815,0.5487510072522159,560,681,1241,0.0,0.0008333472224535399,0.5487510072522138,0.0
9553,7.960966016100269,0.5487510072522159,560,681,1241,0.0,0.0008333472224535399,0.5487510072522138,0.0
9554,7.961799363322722,0.5487510072522159,560,681,1241,0.0,0.0008333472224535399,0.5487510072522138,0.0
9555,7.962632710545176,0.5487510072522159,560,681,1241,0.0,0.0008333472224535399,0.5487510072522138,0.0
9556,7.96346605776763,0.5487510072522159,560,681,1241,0.0,0.000833347222454428,0.5487510072522138,0.0
9557,7.964299404990084,0.5487510072522159,560,681,1241,0.0,0.0008333472224535399,0.5487510072522138,0.0
9558,7.965132752212537,0.5487510072522159,560,681,1241,0.0,0.0008333472224535399,0.5487510072522138,0.0
9559,7.965966099434991,0.5487510072522159,560,681,1241,0.0,0.0008333472224535399,0.5487510072522138,0.0
9560,7.966799446657444,0.5487510072522159,560,681,1241,0.0,0.0008333472224535399,0.5487510072522138,0.0
9561,7.967632793879899,0.5487510072522159,560,681,1241,0.0,0.000833347222454428,0.5487510072522138,0.0
9562,7.968466141102352,0.5487510072522159,560,681,1241,0.0,0.0008333472224535399,0.5487510072522138,0.0
9563,7.969299488324806,0.5487510072522159,560,681,1241,0.0,0.0008333472224535399,0.5487510072522138,0.0
9564,7.970132835547259,0.5487510072522159,560,681,1241,0.0,0.0008333472224535399,0.5487510072522138,0.0
9565,7.970966182769713,0.5487510072522159,560,681,1241,0.0,0.0008333472224535399,0.5487510072522138,0.0
9566,7.9717995299921665,0.5487510072522159,560,681,1241,0.0,0.0008333472224535399,0.5487510072522138,0.0
9567,7.972632877214621,0.5487510072522159,560,681,1241,0.0,0.000833347222454428,0.5487510072522138,0.0
9568,7.973466224437074,0.5487510072522159,560,681,1241,0.0,0.0008333472224535399,0.5487510072522138,0.0
9569,7.974299571659528,0.5487510072522159,560,681,1241,0.0,0.0008333472224535399,0.5487510072522138,0.0
9570,7.9751329188819815,0.5487510072522159,560,681,1241,0.0,0.0008333472224535399,0.5487510072522138,0.0
9571,7.975966266104435,0.5487510072522159,560,681,1241,0.0,0.0008333472224535399,0.5487510072522138,0.0
9572,7.9767996133268895,0.5487510072522159,560,681,1241,0.0,0.000833347222454428,0.5487510072522138,0.0
9573,7.977632960549343,0.5487510072522159,560,681,1241,0.0,0.0008333472224535399,0.5487510072522138,0.0
9574,7.9784663077717966,0.5487510072522159,560,681,1241,0.0,0.0008333472224535399,0.5487510072522138,0.0
9575,7.97929965499425,0.5487510072522159,560,681,1241,0.0,0.0008333472224535399,0.5487510072522138,0.0
9576,7.980133002216704,0.5487510072522159,560,681,1241,0.0,0.0008333472224535399,0.5487510072522138,0.0
9577,7.980966349439158,0.5487510072522159,560,681,1241,0.0,0.000833347222454428,0.5487510072522138,0.0
9578,7.981799696661612,0.5487510072522159,560,681,1241,0.0,0.0008333472224535399,0.5487510072522138,0.0
9579,7.982633043884065,0.5487510072522159,560,681,1241,0.0,0.0008333472224535399,0.5487510072522138,0.0
9580,7.983466391106519,0.5487510072522159,560,681,1241,0.0,0.0008333472224535399,0.5487510072522138,0.0
9581,7.984299738328972,0.5487510072522159,560,681,1241,0.0,0.0008333472224535399,0.5487510072522138,0.0
9582,7.985133085551426,0.5487510072522159,560,681,1241,0.0,0.0008333472224535399,0.5487510072522138,0.0
9583,7.98596643277388,0.5487510072522159,560,681,1241,0.0,0.000833347222454428,0.5487510072522138,0.0
9584,7.986799779996334,0.5487510072522159,560,681,1241,0.0,0.0008333472224535399,0.5487510072522138,0.0
9585,7.987633127218787,0.5487510072522159,560,681,1241,0.0,0.0008333472224535399,0.5487510072522138,0.0
9586,7.988466474441241,0.5487510072522159,560,681,1241,0.0,0.0008333472224535399,0.5487510072522138,0.0
9587,7.989299821663694,0.5487510072522159,560,681,1241,0.0,0.0008333472224535399,0.5487510072522138,0.0
9588,7.990133168886149,0.5487510072522159,560,681,1241,0.0,0.000833347222454428,0.5487510072522138,0.0
9589,7.990966516108602,0.5487510072522159,560,681,1241,0.0,0.0008333472224535399,0.5487510072522138,0.0
9590,7.991799863331056,0.5487510072522159,560,681,1241,0.0,0.0008333472224535399,0.5487510072522138,0.0
9591,7.992633210553509,0.5487510072522159,560,681,1241,0.0,0.0008333472224535399,0.5487510072522138,0.0
9592,7.993466557775963,0.5487510072522159,560,681,1241,0.0,0.0008333472224535399,0.5487510072522138,0.0
9593,7.994299904998417,0.5487510072522159,560,681,1241,0.0,0.000833347222454428,0.5487510072522138,0.0
9594,7.995133252220871,0.5487510072522159,560,681,1241,0.0,0.0008333472224535399,0.5487510072522138,0.0
9595,7.995966599443324,0.5487510072522159,560,681,1241,0.0,0.0008333472224535399,0.5487510072522138,0.0
9596,7.996799946665778,0.5487510072522159,560,681,1241,0.0,0.0008333472224535399,0.5487510072522138,0.0
9597,7.9976332938882315,0.5487510072522159,560,681,1241,0.0,0.0008333472224535399,0.5487510072522138,0.0
9598,7.998466641110686,0.5487510072522159,560,681,1241,0.0,0.000833347222454428,0.5487510072522138,0.0
9599,7.9992999883331395,0.5487510072522159,560,681,1241,0.0,0.0008333472224535399,0.5487510072522138,0.0
9600,8.000133335555592,0.5487510072522159,560,681,1241,0.0,0.0008333472224526517,0.5487510072522138,0.0
9601,8.000966682778047,0.5487510072522159,560,681,1241,0.0,0.0008333472224553162,0.5487510072522138,0.0
9602,8.001800030000501,0.5487510072522159,560,681,1241,0.0,0.0008333472224535399,0.5487510072522138,0.0
9603,8.002633377222955,0.5487510072522159,560,681,1241,0.0,0.0008333472224535399,0.5487510072522138,0.0
9604,8.003466724445408,0.5487510072522159,560,681,1241,0.0,0.0008333472224535399,0.5487510072522138,0.0
9605,8.004300071667862,0.5487510072522159,560,681,1241,0.0,0.0008333472224535399,0.5487510072522138,0.0
9606,8.005133418890315,0.5487510072522159,560,681,1241,0.0,0.0008333472224535399,0.5487510072522138,0.0
9607,8.005966766112769,0.5487510072522159,560,681,1241,0.0,0.0008333472224535399,0.5487510072522138,0.0
9608,8.006800113335222,0.5487510072522159,560,681,1241,0.0,0.0008333472224535399,0.5487510072522138,0.0
9609,8.007633460557676,0.5487510072522159,560,681,1241,0.0,0.0008333472224535399,0.5487510072522138,0.0
9610,8.00846680778013,0.5487510072522159,560,681,1241,0.0,0.0008333472224535399,0.5487510072522138,0.0
9611,8.009300155002583,0.5487510072522159,560,681,1241,0.0,0.0008333472224535399,0.5487510072522138,0.0
9612,8.010133502225038,0.5487510072522159,560,681,1241,0.0,0.0008333472224553162,0.5487510072522138,0.0
9613,8.010966849447492,0.5487510072522159,560,681,1241,0.0,0.0008333472224535399,0.5487510072522138,0.0
9614,8.011800196669945,0.5487510072522159,560,681,1241,0.0,0.0008333472224535399,0.5487510072522138,0.0
9615,8.012633543892399,0.5487510072522159,560,681,1241,0.0,0.0008333472224535399,0.5487510072522138,0.0
9616,8.013466891114852,0.5487510072522159,560,681,1241,0.0,0.0008333472224535399,0.5487510072522138,0.0
9617,8.014300238337306,0.5487510072522159,560,681,1241,0.0,0.0008333472224535399,0.5487510072522138,0.0
9618,8.01513358555976,0.5487510072522159,560,681,1241,0.0,0.0008333472224535399,0.5487510072522138,0.0
9619,8.015966932782213,0.5487510072522159,560,681,1241,0.0,0.0008333472224535399,0.5487510072522138,0.0
9620,8.016800280004666,0.5487510072522159,560,681,1241,0.0,0.0008333472224535399,0.5487510072522138,0.0
9621,8.01763362722712,0.5487510072522159,560,681,1241,0.0,0.0008333472224535399,0.5487510072522138,0.0
9622,8.018466974449575,0.5487510072522159,560,681,1241,0.0,0.0008333472224553162,0.5487510072522138,0.0
9623,8.019300321672029,0.5487510072522159,560,681,1241,0.0,0.0008333472224535399,0.5487510072522138,0.0
9624,8.020133668894482,0.5487510072522159,560,681,1241,0.0,0.0008333472224535399,0.5487510072522138,0.0
9625,8.020967016116936,0.5487510072522159,560,681,1241,0.0,0.0008333472224535399,0.5487510072522138,0.0
9626,8.02180036333939,0.5487510072522159,560,681,1241,0.0,0.0008333472224535399,0.5487510072522138,0.0
9627,8.022633710561843,0.5487510072522159,560,681,1241,0.0,0.0008333472224535399,0.5487510072522138,0.0
9628,8.023467057784297,0.5487510072522159,560,681,1241,0.0,0.0008333472224535399,0.5487510072522138,0.0
9629,8.02430040500675,0.5487510072522159,560,681,1241,0.0,0.0008333472224535399,0.5487510072522138,0.0
9630,8.025133752229204,0.5487510072522159,560,681,1241,0.0,0.0008333472224535399,0.5487510072522138,0.0
9631,8.025967099451657,0.5487510072522159,560,681,1241,0.0,0.0008333472224535399,0.5487510072522138,0.0
9632,8.02680044667411,0.5487510072522159,560,681,1241,0.0,0.0008333472224535399,0.5487510072522138,0.0
9633,8.027633793896566,0.5487510072522159,560,681,1241,0.0,0.0008333472224553162,0.5487510072522138,0.0
9634,8.02846714111902,0.5487510072522159,560,681,1241,0.0,0.0008333472224535399,0.5487510072522138,0.0
9635,8.029300488341473,0.5487510072522159,560,681,1241,0.0,0.0008333472224535399,0.5487510072522138,0.0
9636,8.030133835563927,0.5487510072522159,560,681,1241,0.0,0.0008333472224535399,0.5487510072522138,0.0
9637,8.03096718278638,0.5487510072522159,560,681,1241,0.0,0.0008333472224535399,0.5487510072522138,0.0
9638,8.031800530008834,0.5487510072522159,560,681,1241,0.0,0.0008333472224535399,0.5487510072522138,0.0
9639,8.032633877231287,0.5487510072522159,560,681,1241,0.0,0.0008333472224535399,0.5487510072522138,0.0
9640,8.03346722445374,0.5487510072522159,560,681,1241,0.0,0.0008333472224535399,0.5487510072522138,0.0
9641,8.034300571676194,0.5487510072522159,560,681,1241,0.0,0.0008333472224535399,0.5487510072522138,0.0
9642,8.035133918898648,0.5487510072522159,560,681,1241,0.0,0.0008333472224535399,0.5487510072522138,0.0
9643,8.035967266121103,0.5487510072522159,560,681,1241,0.0,0.0008333472224553162,0.5487510072522138,0.0
9644,8.036800613343557,0.5487510072522159,560,681,1241,0.0,0.0008333472224535399,0.5487510072522138,0.0
9645,8.03763396056601,0.5487510072522159,560,681,1241,0.0,0.0008333472224535399,0.5487510072522138,0.0
9646,8.038467307788464,0.5487510072522159,560,681,1241,0.0,0.0008333472224535399,0.5487510072522138,0.0
9647,8.039300655010917,0.5487510072522159,560,681,1241,0.0,0.0008333472224535399,0.5487510072522138,0.0
9648,8.040134002233371,0.5487510072522159,560,681,1241,0.0,0.0008333472224535399,0.5487510072522138,0.0
9649,8.040967349455824,0.5487510072522159,560,681,1241,0.0,0.0008333472224535399,0.5487510072522138,0.0
9650,8.041800696678278,0.5487510072522159,560,681,1241,0.0,0.0008333472224535399,0.5487510072522138,0.0
9651,8.042634043900732,0.5487510072522159,560,681,1241,0.0,0.0008333472224535399,0.5487510072522138,0.0
9652,8.043467391123185,0.5487510072522159,560,681,1241,0.0,0.0008333472224535399,0.5487510072522138,0.0
9653,8.044300738345639,0.5487510072522159,560,681,1241,0.0,0.0008333472224535399,0.5487510072522138,0.0
9654,8.045134085568094,0.5487510072522159,560,681,1241,0.0,0.0008333472224553162,0.5487510072522138,0.0
9655,8.045967432790547,0.5487510072522159,560,681,1241,0.0,0.0008333472224535399,0.5487510072522138,0.0
9656,8.046800780013001,0.5487510072522159,560,681,1241,0.0,0.0008333472224535399,0.5487510072522138,0.0
9657,8.047634127235455,0.5487510072522159,560,681,1241,0.0,0.0008333472224535399,0.5487510072522138,0.0
9658,8.048467474457908,0.5487510072522159,560,681,1241,0.0,0.0008333472224535399,0.5487510072522138,0.0
9659,8.049300821680362,0.5487510072522159,560,681,1241,0.0,0.0008333472224535399,0.5487510072522138,0.0
9660,8.050134168902815,0.5487510072522159,560,681,1241,0.0,0.0008333472224535399,0.5487510072522138,0.0
9661,8.050967516125269,0.5487510072522159,560,681,1241,0.0,0.0008333472224535399,0.5487510072522138,0.0
9662,8.051800863347722,0.5487510072522159,560,681,1241,0.0,0.0008333472224535399,0.5487510072522138,0.0
9663,8.052634210570176,0.5487510072522159,560,681,1241,0.0,0.0008333472224535399,0.5487510072522138,0.0
9664,8.05346755779263,0.5487510072522159,560,681,1241,0.0,0.0008333472224535399,0.5487510072522138,0.0
9665,8.054300905015085,0.5487510072522159,560,681,1241,0.0,0.0008333472224553162,0.5487510072522138,0.0
9666,8.055134252237538,0.5487510072522159,560,681,1241,0.0,0.0008333472224535399,0.5487510072522138,0.0
9667,8.055967599459992,0.5487510072522159,560,681,1241,0.0,0.0008333472224535399,0.5487510072522138,0.0
9668,8.056800946682445,0.5487510072522159,560,681,1241,0.0,0.0008333472224535399,0.5487510072522138,0.0
9669,8.057634293904899,0.5487510072522159,560,681,1241,0.0,0.0008333472224535399,0.5487510072522138,0.0
9670,8.058467641127352,0.5487510072522159,560,681,1241,0.0,0.0008333472224535399,0.5487510072522138,0.0
9671,8.059300988349806,0.5487510072522159,560,681,1241,0.0,0.0008333472224535399,0.5487510072522138,0.0
9672,8.06013433557226,0.5487510072522159,560,681,1241,0.0,0.0008333472224535399,0.5487510072522138,0.0
9673,8.060967682794713,0.5495568090249798,560,681,1241,0.0008058017727639033,0.0008333472224535399,0.5488315874294901,8.058017727639034e-05
9674,8.061801030017167,0.5495568090249798,560,681,1241,0.0,0.0008333472224535399,0.5489121676067665,8.058017727639034e-05
9675,8.062634377239622,0.5495568090249798,560,681,1241,0.0,0.0008333472224553162,0.5489927477840428,8.058017727639034e-05
9676,8.063467724462075,0.5495568090249798,560,681,1241,0.0,0.0008333472224535399,0.5490733279613191,8.058017727639034e-05
9677,8.064301071684529,0.5495568090249798,560,681,1241,0.0,0.0008333472224535399,0.5491539081385955,8.058017727639034e-05
9678,8.065134418906982,0.5495568090249798,560,681,1241,0.0,0.0008333472224535399,0.5492344883158718,8.058017727639034e-05
9679,8.065967766129436,0.5495568090249798,560,681,1241,0.0,0.0008333472224535399,0.5493150684931483,8.058017727639034e-05
9680,8.06680111335189,0.5495568090249798,560,681,1241,0.0,0.0008333472224535399,0.5493956486704246,8.058017727639034e-05
9681,8.067634460574343,0.5495568090249798,560,681,1241,0.0,0.0008333472224535399,0.5494762288477009,8.058017727639034e-05
9682,8.068467807796797,0.5495568090249798,560,681,1241,0.0,0.0008333472224535399,0.5495568090249773,8.058017727639034e-05
9683,8.06930115501925,0.5495568090249798,560,681,1241,0.0,0.0008333472224535399,0.5495568090249773,0.0
9684,8.070134502241704,0.5495568090249798,560,681,1241,0.0,0.0008333472224535399,0.5495568090249773,0.0
9685,8.070967849464157,0.5495568090249798,560,681,1241,0.0,0.0008333472224535399,0.5495568090249773,0.0
9686,8.071801196686613,0.5503626107977437,560,681,1241,0.0008058017727639033,0.0008333472224553162,0.5496373892022536,8.058017727639034e-05
9687,8.072634543909066,0.5503626107977437,560,681,1241,0.0,0.0008333472224535399,0.54971796937953,8.058017727639034e-05
9688,8.07346789113152,0.5503626107977437,560,681,1241,0.0,0.0008333472224535399,0.5497985495568063,8.058017727639034e-05
9689,8.074301238353973,0.5503626107977437,560,681,1241,0.0,0.0008333472224535399,0.5498791297340826,8.058017727639034e-05
9690,8.075134585576427,0.5503626107977437,560,681,1241,0.0,0.0008333472224535399,0.549959709911359,8.058017727639034e-05
9691,8.07596793279888,0.5503626107977437,560,681,1241,0.0,0.0008333472224535399,0.5500402900886353,8.058017727639034e-05
9692,8.076801280021334,0.5503626107977437,560,681,1241,0.0,0.0008333472224535399,0.5501208702659117,8.058017727639034e-05
9693,8.077634627243787,0.5503626107977437,560,681,1241,0.0,0.0008333472224535399,0.550201450443188,8.058017727639034e-05
9694,8.07846797446624,0.5503626107977437,560,681,1241,0.0,0.0008333472224535399,0.5502820306204643,8.058017727639034e-05
9695,8.079301321688694,0.5503626107977437,560,681,1241,0.0,0.0008333472224535399,0.5503626107977407,8.058017727639034e-05
9696,8.08013466891115,0.5503626107977437,560,681,1241,0.0,0.0008333472224553162,0.5503626107977407,0.0
9697,8.080968016133603,0.5503626107977437,560,681,1241,0.0,0.0008333472224535399,0.5503626107977407,0.0
9698,8.081801363356057,0.5503626107977437,560,681,1241,0.0,0.0008333472224535399,0.5503626107977407,0.0
9699,8.08263471057851,0.5503626107977437,560,681,1241,0.0,0.0008333472224535399,0.5503626107977407,0.0
9700,8.083468057800964,0.5503626107977437,560,681,1241,0.0,0.0008333472224535399,0.5503626107977407,0.0
9701,8.084301405023417,0.5503626107977437,560,681,1241,0.0,0.0008333472224535399,0.5503626107977407,0.0
9702,8.085134752245871,0.5503626107977437,560,681,1241,0.0,0.0008333472224535399,0.5503626107977407,0.0
9703,8.085968099468325,0.5503626107977437,560,681,1241,0.0,0.0008333472224535399,0.5503626107977407,0.0
9704,8.086801446690778,0.5503626107977437,560,681,1241,0.0,0.0008333472224535399,0.5503626107977407,0.0
9705,8.087634793913232,0.5503626107977437,560,681,1241,0.0,0.0008333472224535399,0.5503626107977407,0.0
9706,8.088468141135685,0.5503626107977437,560,681,1241,0.0,0.0008333472224535399,0.5503626107977407,0.0
9707,8.08930148835814,0.5503626107977437,560,681,1241,0.0,0.0008333472224553162,0.5503626107977407,0.0
9708,8.090134835580594,0.5503626107977437,560,681,1241,0.0,0.0008333472224535399,0.5503626107977407,0.0
9709,8.090968182803048,0.5503626107977437,560,681,1241,0.0,0.0008333472224535399,0.5503626107977407,0.0
9710,8.091801530025501,0.5503626107977437,560,681,1241,0.0,0.0008333472224535399,0.5503626107977407,0.0
9711,8.092634877247955,0.5503626107977437,560,681,1241,0.0,0.0008333472224535399,0.5503626107977407,0.0
9712,8.093468224470408,0.5503626107977437,560,681,1241,0.0,0.0008333472224535399,0.5503626107977407,0.0
9713,8.094301571692862,0.5503626107977437,560,681,1241,0.0,0.0008333472224535399,0.5503626107977407,0.0
9714,8.095134918915315,0.5503626107977437,560,681,1241,0.0,0.0008333472224535399,0.5503626107977407,0.0
9715,8.095968266137769,0.5503626107977437,560,681,1241,0.0,0.0008333472224535399,0.5503626107977407,0.0
9716,8.096801613360222,0.5503626107977437,560,681,1241,0.0,0.0008333472224535399,0.5503626107977407,0.0
9717,8.097634960582676,0.5503626107977437,560,681,1241,0.0,0.0008333472224535399,0.5503626107977407,0.0
9718,8.098468307805131,0.5503626107977437,560,681,1241,0.0,0.0008333472224553162,0.5503626107977407,0.0
9719,8.099301655027585,0.5503626107977437,560,681,1241,0.0,0.0008333472224535399,0.5503626107977407,0.0
9720,8.100135002250038,0.5503626107977437,560,681,1241,0.0,0.0008333472224535399,0.5503626107977407,0.0
9721,8.100968349472492,0.5503626107977437,560,681,1241,0.0,0.0008333472224535399,0.5503626107977407,0.0
9722,8.101801696694945,0.5503626107977437,560,681,1241,0.0,0.0008333472224535399,0.5503626107977407,0.0
9723,8.102635043917399,0.5503626107977437,560,681,1241,0.0,0.0008333472224535399,0.5503626107977407,0.0
9724,8.103468391139852,0.5503626107977437,560,681,1241,0.0,0.0008333472224535399,0.5503626107977407,0.0
9725,8.104301738362306,0.5503626107977437,560,681,1241,0.0,0.0008333472224535399,0.5503626107977407,0.0
9726,8.10513508558476,0.5503626107977437,560,681,1241,0.0,0.0008333472224535399,0.5503626107977407,0.0
9727,8.105968432807213,0.5503626107977437,560,681,1241,0.0,0.0008333472224535399,0.5503626107977407,0.0
9728,8.106801780029668,0.5503626107977437,560,681,1241,0.0,0.0008333472224553162,0.5503626107977407,0.0
9729,8.107635127252122,0.5503626107977437,560,681,1241,0.0,0.0008333472224535399,0.5503626107977407,0.0
9730,8.108468474474575,0.5503626107977437,560,681,1241,0.0,0.0008333472224535399,0.5503626107977407,0.0
9731,8.109301821697029,0.5503626107977437,560,681,1241,0.0,0.0008333472224535399,0.5503626107977407,0.0
9732,8.110135168919482,0.5503626107977437,560,681,1241,0.0,0.0008333472224535399,0.5503626107977407,0.0
9733,8.110968516141936,0.5503626107977437,560,681,1241,0.0,0.0008333472224535399,0.5503626107977407,0.0
9734,8.11180186336439,0.5503626107977437,560,681,1241,0.0,0.0008333472224535399,0.5503626107977407,0.0
9735,8.112635210586843,0.5503626107977437,560,681,1241,0.0,0.0008333472224535399,0.5503626107977407,0.0
9736,8.113468557809297,0.5503626107977437,560,681,1241,0.0,0.0008333472224535399,0.5503626107977407,0.0
9737,8.11430190503175,0.5503626107977437,560,681,1241,0.0,0.0008333472224535399,0.5503626107977407,0.0
9738,8.115135252254204,0.5503626107977437,560,681,1241,0.0,0.0008333472224535399,0.5503626107977407,0.0
9739,8.115968599476659,0.5503626107977437,560,681,1241,0.0,0.0008333472224553162,0.5503626107977407,0.0
9740,8.116801946699113,0.5503626107977437,560,681,1241,0.0,0.0008333472224535399,0.5503626107977407,0.0
9741,8.117635293921566,0.5503626107977437,560,681,1241,0.0,0.0008333472224535399,0.5503626107977407,0.0
9742,8.11846864114402,0.5503626107977437,560,681,1241,0.0,0.0008333472224535399,0.5503626107977407,0.0
9743,8.119301988366473,0.5503626107977437,560,681,1241,0.0,0.0008333472224535399,0.5503626107977407,0.0
9744,8.120135335588927,0.5503626107977437,560,681,1241,0.0,0.0008333472224535399,0.5503626107977407,0.0
9745,8.12096868281138,0.5503626107977437,560,681,1241,0.0,0.0008333472224535399,0.5503626107977407,0.0
9746,8.121802030033834,0.5503626107977437,560,681,1241,0.0,0.0008333472224535399,0.5503626107977407,0.0
9747,8.122635377256287,0.5503626107977437,560,681,1241,0.0,0.0008333472224535399,0.5503626107977407,0.0
9748,8.123468724478741,0.5503626107977437,560,681,1241,0.0,0.0008333472224535399,0.5503626107977407,0.0
9749,8.124302071701196,0.5503626107977437,560,681,1241,0.0,0.0008333472224553162,0.5503626107977407,0.0
9750,8.12513541892365,0.5503626107977437,560,681,1241,0.0,0.0008333472224535399,0.5503626107977407,0.0
9751,8.125968766146103,0.5503626107977437,560,681,1241,0.0,0.0008333472224535399,0.5503626107977407,0.0
9752,8.126802113368557,0.5503626107977437,560,681,1241,0.0,0.0008333472224535399,0.5503626107977407,0.0
9753,8.12763546059101,0.5503626107977437,560,681,1241,0.0,0.0008333472224535399,0.5503626107977407,0.0
9754,8.128468807813464,0.5503626107977437,560,681,1241,0.0,0.0008333472224535399,0.5503626107977407,0.0
9755,8.129302155035917,0.5503626107977437,560,681,1241,0.0,0.0008333472224535399,0.5503626107977407,0.0
9756,8.130135502258371,0.5503626107977437,560,681,1241,0.0,0.0008333472224535399,0.5503626107977407,0.0
9757,8.130968849480825,0.5503626107977437,560,681,1241,0.0,0.0008333472224535399,0.5503626107977407,0.0
9758,8.131802196703278,0.5503626107977437,560,681,1241,0.0,0.0008333472224535399,0.5503626107977407,0.0
9759,8.132635543925732,0.5503626107977437,560,681,1241,0.0,0.0008333472224535399,0.5503626107977407,0.0
9760,8.133468891148187,0.5503626107977437,560,681,1241,0.0,0.0008333472224553162,0.5503626107977407,0.0
9761,8.13430223837064,0.5503626107977437,560,681,1241,0.0,0.0008333472224535399,0.5503626107977407,0.0
9762,8.135135585593094,0.5503626107977437,560,681,1241,0.0,0.0008333472224535399,0.5503626107977407,0.0
9763,8.135968932815548,0.5503626107977437,560,681,1241,0.0,0.0008333472224535399,0.5503626107977407,0.0
9764,8.136802280038001,0.5503626107977437,560,681,1241,0.0,0.0008333472224535399,0.5503626107977407,0.0
9765,8.137635627260455,0.5503626107977437,560,681,1241,0.0,0.0008333472224535399,0.5503626107977407,0.0
9766,8.138468974482908,0.5503626107977437,560,681,1241,0.0,0.0008333472224535399,0.5503626107977407,0.0
9767,8.139302321705362,0.5503626107977437,560,681,1241,0.0,0.0008333472224535399,0.5503626107977407,0.0
9768,8.140135668927815,0.5503626107977437,560,681,1241,0.0,0.0008333472224535399,0.5503626107977407,0.0
9769,8.140969016150269,0.5503626107977437,560,681,1241,0.0,0.0008333472224535399,0.5503626107977407,0.0
9770,8.141802363372722,0.5503626107977437,560,681,1241,0.0,0.0008333472224535399,0.5503626107977407,0.0
9771,8.142635710595178,0.5503626107977437,560,681,1241,0.0,0.0008333472224553162,0.5503626107977407,0.0
9772,8.143469057817631,0.5503626107977437,560,681,1241,0.0,0.0008333472224535399,0.5503626107977407,0.0
9773,8.144302405040085,0.5503626107977437,560,681,1241,0.0,0.0008333472224535399,0.5503626107977407,0.0
9774,8.145135752262538,0.5503626107977437,560,681,1241,0.0,0.0008333472224535399,0.5503626107977407,0.0
9775,8.145969099484992,0.5503626107977437,560,681,1241,0.0,0.0008333472224535399,0.5503626107977407,0.0
9776,8.146802446707445,0.5503626107977437,560,681,1241,0.0,0.0008333472224535399,0.5503626107977407,0.0
9777,8.147635793929899,0.5503626107977437,560,681,1241,0.0,0.0008333472224535399,0.5503626107977407,0.0
9778,8.148469141152352,0.5503626107977437,560,681,1241,0.0,0.0008333472224535399,0.5503626107977407,0.0
9779,8.149302488374806,0.5503626107977437,560,681,1241,0.0,0.0008333472224535399,0.5503626107977407,0.0
9780,8.15013583559726,0.5503626107977437,560,681,1241,0.0,0.0008333472224535399,0.5503626107977407,0.0
9781,8.150969182819715,0.5503626107977437,560,681,1241,0.0,0.0008333472224553162,0.5503626107977407,0.0
9782,8.151802530042168,0.5503626107977437,560,681,1241,0.0,0.0008333472224535399,0.5503626107977407,0.0
9783,8.152635877264622,0.5503626107977437,560,681,1241,0.0,0.0008333472224535399,0.5503626107977407,0.0
9784,8.153469224487075,0.5495568090249798,560,681,1241,-0.0008058017727639033,0.0008333472224535399,0.5502820306204643,-8.058017727639034e-05
9785,8.154302571709529,0.5495568090249798,560,681,1241,0.0,0.0008333472224535399,0.5502014504431879,-8.058017727639034e-05
9786,8.155135918931983,0.5495568090249798,560,681,1241,0.0,0.0008333472224535399,0.5501208702659116,-8.058017727639034e-05
9787,8.155969266154436,0.5495568090249798,560,681,1241,0.0,0.0008333472224535399,0.5500402900886352,-8.058017727639034e-05
9788,8.15680261337689,0.5495568090249798,560,681,1241,0.0,0.0008333472224535399,0.5499597099113589,-8.058017727639034e-05
9789,8.157635960599343,0.5495568090249798,560,681,1241,0.0,0.0008333472224535399,0.5498791297340826,-8.058017727639034e-05
9790,8.158469307821797,0.5495568090249798,560,681,1241,0.0,0.0008333472224535399,0.5497985495568062,-8.058017727639034e-05
9791,8.15930265504425,0.5495568090249798,560,681,1241,0.0,0.0008333472224535399,0.5497179693795299,-8.058017727639034e-05
9792,8.160136002266706,0.5495568090249798,560,681,1241,0.0,0.0008333472224553162,0.5496373892022535,-8.058017727639034e-05
9793,8.160969349489159,0.5495568090249798,560,681,1241,0.0,0.0008333472224535399,0.5495568090249772,-8.058017727639034e-05
9794,8.161802696711613,0.5495568090249798,560,681,1241,0.0,0.0008333472224535399,0.5495568090249773,0.0
9795,8.162636043934066,0.5495568090249798,560,681,1241,0.0,0.0008333472224535399,0.5495568090249773,0.0
9796,8.16346939115652,0.5495568090249798,560,681,1241,0.0,0.0008333472224535399,0.5495568090249773,0.0
9797,8.164302738378973,0.5495568090249798,560,681,1241,0.0,0.0008333472224535399,0.5495568090249773,0.0
9798,8.165136085601427,0.5495568090249798,560,681,1241,0.0,0.0008333472224535399,0.5495568090249773,0.0
9799,8.16596943282388,0.5495568090249798,560,681,1241,0.0,0.0008333472224535399,0.5495568090249773,0.0
9800,8.166802780046334,0.5495568090249798,560,681,1241,0.0,0.0008333472224535399,0.5495568090249773,0.0
9801,8.167636127268787,0.5495568090249798,560,681,1241,0.0,0.0008333472224535399,0.5495568090249773,0.0
9802,8.168469474491243,0.5495568090249798,560,681,1241,0.0,0.0008333472224553162,0.5495568090249773,0.0
9803,8.169302821713696,0.5495568090249798,560,681,1241,0.0,0.0008333472224535399,0.5495568090249773,0.0
9804,8.17013616893615,0.5495568090249798,560,681,1241,0.0,0.0008333472224535399,0.5495568090249773,0.0
9805,8.170969516158603,0.5495568090249798,560,681,1241,0.0,0.0008333472224535399,0.5495568090249773,0.0
9806,8.171802863381057,0.5495568090249798,560,681,1241,0.0,0.0008333472224535399,0.5495568090249773,0.0
9807,8.17263621060351,0.5495568090249798,560,681,1241,0.0,0.0008333472224535399,0.5495568090249773,0.0
9808,8.173469557825964,0.5495568090249798,560,681,1241,0.0,0.0008333472224535399,0.5495568090249773,0.0
9809,8.174302905048418,0.5495568090249798,560,681,1241,0.0,0.0008333472224535399,0.5495568090249773,0.0
9810,8.175136252270871,0.5495568090249798,560,681,1241,0.0,0.0008333472224535399,0.5495568090249773,0.0
9811,8.175969599493325,0.5495568090249798,560,681,1241,0.0,0.0008333472224535399,0.5495568090249773,0.0
9812,8.176802946715778,0.5495568090249798,560,681,1241,0.0,0.0008333472224535399,0.5495568090249773,0.0
9813,8.177636293938233,0.5495568090249798,560,681,1241,0.0,0.0008333472224553162,0.5495568090249773,0.0
9814,8.178469641160687,0.5495568090249798,560,681,1241,0.0,0.0008333472224535399,0.5495568090249773,0.0
9815,8.17930298838314,0.5495568090249798,560,681,1241,0.0,0.0008333472224535399,0.5495568090249773,0.0
9816,8.180136335605594,0.5495568090249798,560,681,1241,0.0,0.0008333472224535399,0.5495568090249773,0.0
9817,8.180969682828048,0.5495568090249798,560,681,1241,0.0,0.0008333472224535399,0.5495568090249773,0.0
9818,8.181803030050501,0.5495568090249798,560,681,1241,0.0,0.0008333472224535399,0.5495568090249773,0.0
9819,8.182636377272955,0.5495568090249798,560,681,1241,0.0,0.0008333472224535399,0.5495568090249773,0.0
9820,8.183469724495408,0.5495568090249798,560,681,1241,0.0,0.0008333472224535399,0.5495568090249773,0.0
9821,8.184303071717862,0.5495568090249798,560,681,1241,0.0,0.0008333472224535399,0.5495568090249773,0.0
9822,8.185136418940315,0.5495568090249798,560,681,1241,0.0,0.0008333472224535399,0.5495568090249773,0.0
9823,8.18596976616277,0.5495568090249798,560,681,1241,0.0,0.0008333472224553162,0.5495568090249773,0.0
9824,8.186803113385224,0.5495568090249798,560,681,1241,0.0,0.0008333472224535399,0.5495568090249773,0.0
9825,8.187636460607678,0.5495568090249798,560,681,1241,0.0,0.0008333472224535399,0.5495568090249773,0.0
9826,8.188469807830131,0.5495568090249798,560,681,1241,0.0,0.0008333472224535399,0.5495568090249773,0.0
9827,8.189303155052585,0.5495568090249798,560,681,1241,0.0,0.0008333472224535399,0.5495568090249773,0.0
9828,8.190136502275038,0.5495568090249798,560,681,1241,0.0,0.0008333472224535399,0.5495568090249773,0.0
9829,8.190969849497492,0.5495568090249798,560,681,1241,0.0,0.0008333472224535399,0.5495568090249773,0.0
9830,8.191803196719945,0.5495568090249798,560,681,1241,0.0,0.0008333472224535399,0.5495568090249773,0.0
9831,8.192636543942399,0.5495568090249798,560,681,1241,0.0,0.0008333472224535399,0.5495568090249773,0.0
9832,8.193469891164852,0.5495568090249798,560,681,1241,0.0,0.0008333472224535399,0.5495568090249773,0.0
9833,8.194303238387306,0.5495568090249798,560,681,1241,0.0,0.0008333472224535399,0.5495568090249773,0.0
9834,8.195136585609761,0.5495568090249798,560,681,1241,0.0,0.0008333472224553162,0.5495568090249773,0.0
9835,8.195969932832215,0.5495568090249798,560,681,1241,0.0,0.0008333472224535399,0.5495568090249773,0.0
9836,8.196803280054668,0.5495568090249798,560,681,1241,0.0,0.0008333472224535399,0.5495568090249773,0.0
9837,8.197636627277122,0.5495568090249798,560,681,1241,0.0,0.0008333472224535399,0.5495568090249773,0.0
9838,8.198469974499575,0.5495568090249798,560,681,1241,0.0,0.0008333472224535399,0.5495568090249773,0.0
9839,8.199303321722029,0.5495568090249798,560,681,1241,0.0,0.0008333472224535399,0.5495568090249773,0.0
9840,8.200136668944483,0.5495568090249798,560,681,1241,0.0,0.0008333472224535399,0.5495568090249773,0.0
9841,8.200970016166936,0.5495568090249798,560,681,1241,0.0,0.0008333472224535399,0.5495568090249773,0.0
9842,8.20180336338939,0.5495568090249798,560,681,1241,0.0,0.0008333472224535399,0.5495568090249773,0.0
9843,8.202636710611843,0.5495568090249798,560,681,1241,0.0,0.0008333472224535399,0.5495568090249773,0.0
9844,8.203470057834297,0.5495568090249798,560,681,1241,0.0,0.0008333472224535399,0.5495568090249773,0.0
9845,8.204303405056752,0.5495568090249798,560,681,1241,0.0,0.0008333472224553162,0.5495568090249773,0.0
9846,8.205136752279206,0.5495568090249798,560,681,1241,0.0,0.0008333472224535399,0.5495568090249773,0.0
9847,8.20597009950166,0.5495568090249798,560,681,1241,0.0,0.0008333472224535399,0.5495568090249773,0.0
9848,8.206803446724113,0.5495568090249798,560,681,1241,0.0,0.0008333472224535399,0.5495568090249773,0.0
9849,8.207636793946566,0.5495568090249798,560,681,1241,0.0,0.0008333472224535399,0.5495568090249773,0.0
9850,8.20847014116902,0.5495568090249798,560,681,1241,0.0,0.0008333472224535399,0.5495568090249773,0.0
9851,8.209303488391473,0.5495568090249798,560,681,1241,0.0,0.0008333472224535399,0.5495568090249773,0.0
9852,8.210136835613927,0.5495568090249798,560,681,1241,0.0,0.0008333472224535399,0.5495568090249773,0.0
9853,8.21097018283638,0.5495568090249798,560,681,1241,0.0,0.0008333472224535399,0.5495568090249773,0.0
9854,8.211803530058834,0.5495568090249798,560,681,1241,0.0,0.0008333472224535399,0.5495568090249773,0.0
9855,8.21263687728129,0.5495568090249798,560,681,1241,0.0,0.0008333472224553162,0.5495568090249773,0.0
9856,8.213470224503743,0.5495568090249798,560,681,1241,0.0,0.0008333472224535399,0.5495568090249773,0.0
9857,8.214303571726196,0.5495568090249798,560,681,1241,0.0,0.0008333472224535399,0.5495568090249773,0.0
9858,8.21513691894865,0.5495568090249798,560,681,1241,0.0,0.0008333472224535399,0.5495568090249773,0.0
9859,8.215970266171103,0.5495568090249798,560,681,1241,0.0,0.0008333472224535399,0.5495568090249773,0.0
9860,8.216803613393557,0.5495568090249798,560,681,1241,0.0,0.0008333472224535399,0.5495568090249773,0.0
9861,8.21763696061601,0.5495568090249798,560,681,1241,0.0,0.0008333472224535399,0.5495568090249773,0.0
9862,8.218470307838464,0.5495568090249798,560,681,1241,0.0,0.0008333472224535399,0.5495568090249773,0.0
9863,8.219303655060918,0.5495568090249798,560,681,1241,0.0,0.0008333472224535399,0.5495568090249773,0.0
9864,8.220137002283371,0.5495568090249798,560,681,1241,0.0,0.0008333472224535399,0.5495568090249773,0.0
9865,8.220970349505825,0.5495568090249798,560,681,1241,0.0,0.0008333472224535399,0.5495568090249773,0.0
9866,8.22180369672828,0.5495568090249798,560,681,1241,0.0,0.0008333472224553162,0.5495568090249773,0.0
9867,8.222637043950733,0.5495568090249798,560,681,1241,0.0,0.0008333472224535399,0.5495568090249773,0.0
9868,8.223470391173187,0.5495568090249798,560,681,1241,0.0,0.0008333472224535399,0.5495568090249773,0.0
9869,8.22430373839564,0.5495568090249798,560,681,1241,0.0,0.0008333472224535399,0.5495568090249773,0.0
9870,8.225137085618094,0.5495568090249798,560,681,1241,0.0,0.0008333472224535399,0.5495568090249773,0.0
9871,8.225970432840548,0.5495568090249798,560,681,1241,0.0,0.0008333472224535399,0.5495568090249773,0.0
9872,8.226803780063001,0.5495568090249798,560,681,1241,0.0,0.0008333472224535399,0.5495568090249773,0.0
9873,8.227637127285455,0.5495568090249798,560,681,1241,0.0,0.0008333472224535399,0.5495568090249773,0.0
9874,8.228470474507908,0.5495568090249798,560,681,1241,0.0,0.0008333472224535399,0.5495568090249773,0.0
9875,8.229303821730362,0.5495568090249798,560,681,1241,0.0,0.0008333472224535399,0.5495568090249773,0.0
9876,8.230137168952817,0.5495568090249798,560,681,1241,0.0,0.0008333472224553162,0.5495568090249773,0.0
9877,8.23097051617527,0.5495568090249798,560,681,1241,0.0,0.0008333472224535399,0.5495568090249773,0.0
9878,8.231803863397724,0.5495568090249798,560,681,1241,0.0,0.0008333472224535399,0.5495568090249773,0.0
9879,8.232637210620178,0.5495568090249798,560,681,1241,0.0,0.0008333472224535399,0.5495568090249773,0.0
9880,8.233470557842631,0.5495568090249798,560,681,1241,0.0,0.0008333472224535399,0.5495568090249773,0.0
9881,8.234303905065085,0.5495568090249798,560,681,1241,0.0,0.0008333472224535399,0.5495568090249773,0.0
9882,8.235137252287538,0.5495568090249798,560,681,1241,0.0,0.0008333472224535399,0.5495568090249773,0.0
9883,8.235970599509992,0.5495568090249798,560,681,1241,0.0,0.0008333472224535399,0.5495568090249773,0.0
9884,8.236803946732445,0.5495568090249798,560,681,1241,0.0,0.0008333472224535399,0.5495568090249773,0.0
9885,8.237637293954899,0.5495568090249798,560,681,1241,0.0,0.0008333472224535399,0.5495568090249773,0.0
9886,8.238470641177353,0.5495568090249798,560,681,1241,0.0,0.0008333472224535399,0.5495568090249773,0.0
9887,8.239303988399808,0.5495568090249798,560,681,1241,0.0,0.0008333472224553162,0.5495568090249773,0.0
9888,8.240137335622261,0.5495568090249798,560,681,1241,0.0,0.0008333472224535399,0.5495568090249773,0.0
9889,8.240970682844715,0.5495568090249798,560,681,1241,0.0,0.0008333472224535399,0.5495568090249773,0.0
9890,8.241804030067168,0.5495568090249798,560,681,1241,0.0,0.0008333472224535399,0.5495568090249773,0.0
9891,8.242637377289622,0.5495568090249798,560,681,1241,0.0,0.0008333472224535399,0.5495568090249773,0.0
9892,8.243470724512076,0.5495568090249798,560,681,1241,0.0,0.0008333472224535399,0.5495568090249773,0.0
9893,8.244304071734529,0.5495568090249798,560,681,1241,0.0,0.0008333472224535399,0.5495568090249773,0.0
9894,8.245137418956983,0.5495568090249798,560,681,1241,0.0,0.0008333472224535399,0.5495568090249773,0.0
9895,8.245970766179436,0.5495568090249798,560,681,1241,0.0,0.0008333472224535399,0.5495568090249773,0.0
9896,8.24680411340189,0.5495568090249798,560,681,1241,0.0,0.0008333472224535399,0.5495568090249773,0.0
9897,8.247637460624343,0.5495568090249798,560,681,1241,0.0,0.0008333472224535399,0.5495568090249773,0.0
9898,8.248470807846799,0.5495568090249798,560,681,1241,0.0,0.0008333472224553162,0.5495568090249773,0.0
9899,8.249304155069252,0.5495568090249798,560,681,1241,0.0,0.0008333472224535399,0.5495568090249773,0.0
9900,8.250137502291706,0.5495568090249798,560,681,1241,0.0,0.0008333472224535399,0.5495568090249773,0.0
9901,8.25097084951416,0.5495568090249798,560,681,1241,0.0,0.0008333472224535399,0.5495568090249773,0.0
9902,8.251804196736613,0.5495568090249798,560,681,1241,0.0,0.0008333472224535399,0.5495568090249773,0.0
9903,8.252637543959066,0.5495568090249798,560,681,1241,0.0,0.0008333472224535399,0.5495568090249773,0.0
9904,8.25347089118152,0.5495568090249798,560,681,1241,0.0,0.0008333472224535399,0.5495568090249773,0.0
9905,8.254304238403973,0.5495568090249798,560,681,1241,0.0,0.0008333472224535399,0.5495568090249773,0.0
9906,8.255137585626427,0.5495568090249798,560,681,1241,0.0,0.0008333472224535399,0.5495568090249773,0.0
9907,8.25597093284888,0.5495568090249798,560,681,1241,0.0,0.0008333472224535399,0.5495568090249773,0.0
9908,8.256804280071336,0.5495568090249798,560,681,1241,0.0,0.0008333472224553162,0.5495568090249773,0.0
9909,8.25763762729379,0.5495568090249798,560,681,1241,0.0,0.0008333472224535399,0.5495568090249773,0.0
9910,8.258470974516243,0.5495568090249798,560,681,1241,0.0,0.0008333472224535399,0.5495568090249773,0.0
9911,8.259304321738696,0.5495568090249798,560,681,1241,0.0,0.0008333472224535399,0.5495568090249773,0.0
9912,8.26013766896115,0.5495568090249798,560,681,1241,0.0,0.0008333472224535399,0.5495568090249773,0.0
9913,8.260971016183603,0.5495568090249798,560,681,1241,0.0,0.0008333472224535399,0.5495568090249773,0.0
9914,8.261804363406057,0.5495568090249798,560,681,1241,0.0,0.0008333472224535399,0.5495568090249773,0.0
9915,8.26263771062851,0.5495568090249798,560,681,1241,0.0,0.0008333472224535399,0.5495568090249773,0.0
9916,8.263471057850964,0.5495568090249798,560,681,1241,0.0,0.0008333472224535399,0.5495568090249773,0.0
9917,8.264304405073418,0.5495568090249798,560,681,1241,0.0,0.0008333472224535399,0.5495568090249773,0.0
9918,8.265137752295871,0.5495568090249798,560,681,1241,0.0,0.0008333472224535399,0.5495568090249773,0.0
9919,8.265971099518326,0.5495568090249798,560,681,1241,0.0,0.0008333472224553162,0.5495568090249773,0.0
9920,8.26680444674078,0.5495568090249798,560,681,1241,0.0,0.0008333472224535399,0.5495568090249773,0.0
9921,8.267637793963234,0.5495568090249798,560,681,1241,0.0,0.0008333472224535399,0.5495568090249773,0.0
9922,8.268471141185687,0.5495568090249798,560,681,1241,0.0,0.0008333472224535399,0.5495568090249773,0.0
9923,8.26930448840814,0.5495568090249798,560,681,1241,0.0,0.0008333472224535399,0.5495568090249773,0.0
9924,8.270137835630594,0.5495568090249798,560,681,1241,0.0,0.0008333472224535399,0.5495568090249773,0.0
9925,8.270971182853048,0.5495568090249798,560,681,1241,0.0,0.0008333472224535399,0.5495568090249773,0.0
9926,8.271804530075501,0.5495568090249798,560,681,1241,0.0,0.0008333472224535399,0.5495568090249773,0.0
9927,8.272637877297955,0.5495568090249798,560,681,1241,0.0,0.0008333472224535399,0.5495568090249773,0.0
9928,8.273471224520408,0.5495568090249798,560,681,1241,0.0,0.0008333472224535399,0.5495568090249773,0.0
9929,8.274304571742864,0.5487510072522159,560,681,1241,-0.0008058017727639033,0.0008333472224553162,0.5494762288477009,-8.058017727639034e-05
9930,8.275137918965317,0.5487510072522159,560,681,1241,0.0,0.0008333472224535399,0.5493956486704246,-8.058017727639034e-05
9931,8.27597126618777,0.5487510072522159,560,681,1241,0.0,0.0008333472224535399,0.5493150684931483,-8.058017727639034e-05
9932,8.276804613410224,0.5487510072522159,560,681,1241,0.0,0.0008333472224535399,0.5492344883158718,-8.058017727639034e-05
9933,8.277637960632678,0.5487510072522159,560,681,1241,0.0,0.0008333472224535399,0.5491539081385955,-8.058017727639034e-05
9934,8.278471307855131,0.5487510072522159,560,681,1241,0.0,0.0008333472224535399,0.5490733279613191,-8.058017727639034e-05
9935,8.279304655077585,0.5487510072522159,560,681,1241,0.0,0.0008333472224535399,0.5489927477840428,-8.058017727639034e-05
9936,8.280138002300038,0.5487510072522159,560,681,1241,0.0,0.0008333472224535399,0.5489121676067665,-8.058017727639034e-05
9937,8.280971349522492,0.5487510072522159,560,681,1241,0.0,0.0008333472224535399,0.5488315874294901,-8.058017727639034e-05
9938,8.281804696744945,0.5487510072522159,560,681,1241,0.0,0.0008333472224535399,0.5487510072522138,-8.058017727639034e-05
9939,8.282638043967399,0.5487510072522159,560,681,1241,0.0,0.0008333472224535399,0.5487510072522138,0.0
9940,8.283471391189854,0.5487510072522159,560,681,1241,0.0,0.0008333472224553162,0.5487510072522138,0.0
9941,8.284304738412308,0.5487510072522159,560,681,1241,0.0,0.0008333472224535399,0.5487510072522138,0.0
9942,8.285138085634761,0.5487510072522159,560,681,1241,0.0,0.0008333472224535399,0.5487510072522138,0.0
9943,8.285971432857215,0.5487510072522159,560,681,1241,0.0,0.0008333472224535399,0.5487510072522138,0.0
9944,8.286804780079668,0.5487510072522159,560,681,1241,0.0,0.0008333472224535399,0.5487510072522138,0.0
9945,8.287638127302122,0.5487510072522159,560,681,1241,0.0,0.0008333472224535399,0.5487510072522138,0.0
9946,8.288471474524576,0.5487510072522159,560,681,1241,0.0,0.0008333472224535399,0.5487510072522138,0.0
9947,8.289304821747029,0.5487510072522159,560,681,1241,0.0,0.0008333472224535399,0.5487510072522138,0.0
9948,8.290138168969483,0.5487510072522159,560,681,1241,0.0,0.0008333472224535399,0.5487510072522138,0.0
9949,8.290971516191936,0.5487510072522159,560,681,1241,0.0,0.0008333472224535399,0.5487510072522138,0.0
9950,8.29180486341439,0.5487510072522159,560,681,1241,0.0,0.0008333472224535399,0.5487510072522138,0.0
9951,8.292638210636845,0.5487510072522159,560,681,1241,0.0,0.0008333472224553162,0.5487510072522138,0.0
9952,8.293471557859299,0.5487510072522159,560,681,1241,0.0,0.0008333472224535399,0.5487510072522138,0.0
9953,8.294304905081752,0.5487510072522159,560,681,1241,0.0,0.0008333472224535399,0.5487510072522138,0.0
9954,8.295138252304206,0.5487510072522159,560,681,1241,0.0,0.0008333472224535399,0.5487510072522138,0.0
9955,8.29597159952666,0.5487510072522159,560,681,1241,0.0,0.0008333472224535399,0.5487510072522138,0.0
9956,8.296804946749113,0.5487510072522159,560,681,1241,0.0,0.0008333472224535399,0.5487510072522138,0.0
9957,8.297638293971566,0.5487510072522159,560,681,1241,0.0,0.0008333472224535399,0.5487510072522138,0.0
9958,8.29847164119402,0.5487510072522159,560,681,1241,0.0,0.0008333472224535399,0.5487510072522138,0.0
9959,8.299304988416473,0.5487510072522159,560,681,1241,0.0,0.0008333472224535399,0.5487510072522138,0.0
9960,8.300138335638927,0.5487510072522159,560,681,1241,0.0,0.0008333472224535399,0.5487510072522138,0.0
9961,8.300971682861382,0.5487510072522159,560,681,1241,0.0,0.0008333472224553162,0.5487510072522138,0.0
9962,8.301805030083836,0.5487510072522159,560,681,1241,0.0,0.0008333472224535399,0.5487510072522138,0.0
9963,8.30263837730629,0.5487510072522159,560,681,1241,0.0,0.0008333472224535399,0.5487510072522138,0.0
9964,8.303471724528743,0.5487510072522159,560,681,1241,0.0,0.0008333472224535399,0.5487510072522138,0.0
9965,8.304305071751196,0.5487510072522159,560,681,1241,0.0,0.0008333472224535399,0.5487510072522138,0.0
9966,8.30513841897365,0.5487510072522159,560,681,1241,0.0,0.0008333472224535399,0.5487510072522138,0.0
9967,8.305971766196103,0.5487510072522159,560,681,1241,0.0,0.0008333472224535399,0.5487510072522138,0.0
9968,8.306805113418557,0.5487510072522159,560,681,1241,0.0,0.0008333472224535399,0.5487510072522138,0.0
9969,8.30763846064101,0.5487510072522159,560,681,1241,0.0,0.0008333472224535399,0.5487510072522138,0.0
9970,8.308471807863464,0.5487510072522159,560,681,1241,0.0,0.0008333472224535399,0.5487510072522138,0.0
9971,8.309305155085918,0.5487510072522159,560,681,1241,0.0,0.0008333472224535399,0.5487510072522138,0.0
9972,8.310138502308373,0.5487510072522159,560,681,1241,0.0,0.0008333472224553162,0.5487510072522138,0.0
9973,8.310971849530826,0.5487510072522159,560,681,1241,0.0,0.0008333472224535399,0.5487510072522138,0.0
9974,8.31180519675328,0.5487510072522159,560,681,1241,0.0,0.0008333472224535399,0.5487510072522138,0.0
9975,8.312638543975734,0.5487510072522159,560,681,1241,0.0,0.0008333472224535399,0.5487510072522138,0.0
9976,8.313471891198187,0.5487510072522159,560,681,1241,0.0,0.0008333472224535399,0.5487510072522138,0.0
9977,8.31430523842064,0.5487510072522159,560,681,1241,0.0,0.0008333472224535399,0.5487510072522138,0.0
9978,8.315138585643094,0.5487510072522159,560,681,1241,0.0,0.0008333472224535399,0.5487510072522138,0.0
9979,8.315971932865548,0.5487510072522159,560,681,1241,0.0,0.0008333472224535399,0.5487510072522138,0.0
9980,8.316805280088001,0.5487510072522159,560,681,1241,0.0,0.0008333472224535399,0.5487510072522138,0.0
9981,8.317638627310455,0.5487510072522159,560,681,1241,0.0,0.0008333472224535399,0.5487510072522138,0.0
9982,8.31847197453291,0.5487510072522159,560,681,1241,0.0,0.0008333472224553162,0.5487510072522138,0.0
9983,8.319305321755364,0.5487510072522159,560,681,1241,0.0,0.0008333472224535399,0.5487510072522138,0.0
9984,8.320138668977817,0.5487510072522159,560,681,1241,0.0,0.0008333472224535399,0.5487510072522138,0.0
9985,8.32097201620027,0.5487510072522159,560,681,1241,0.0,0.0008333472224535399,0.5487510072522138,0.0
9986,8.321805363422724,0.5487510072522159,560,681,1241,0.0,0.0008333472224535399,0.5487510072522138,0.0
9987,8.322638710645178,0.5487510072522159,560,681,1241,0.0,0.0008333472224535399,0.5487510072522138,0.0
9988,8.323472057867631,0.5487510072522159,560,681,1241,0.0,0.0008333472224535399,0.5487510072522138,0.0
9989,8.324305405090085,0.5487510072522159,560,681,1241,0.0,0.0008333472224535399,0.5487510072522138,0.0
9990,8.325138752312538,0.5487510072522159,560,681,1241,0.0,0.0008333472224535399,0.5487510072522138,0.0
9991,8.325972099534992,0.5487510072522159,560,681,1241,0.0,0.0008333472224535399,0.5487510072522138,0.0
9992,8.326805446757445,0.5487510072522159,560,681,1241,0.0,0.0008333472224535399,0.5487510072522138,0.0
9993,8.3276387939799,0.5487510072522159,560,681,1241,0.0,0.0008333472224553162,0.5487510072522138,0.0
9994,8.328472141202354,0.5487510072522159,560,681,1241,0.0,0.0008333472224535399,0.5487510072522138,0.0
9995,8.329305488424808,0.5487510072522159,560,681,1241,0.0,0.0008333472224535399,0.5487510072522138,0.0
9996,8.330138835647261,0.5487510072522159,560,681,1241,0.0,0.0008333472224535399,0.5487510072522138,0.0
9997,8.330972182869715,0.5487510072522159,560,681,1241,0.0,0.0008333472224535399,0.5487510072522138,0.0
9998,8.331805530092169,0.5487510072522159,560,681,1241,0.0,0.0008333472224535399,0.5487510072522138,0.0
9999,8.332638877314622,0.5487510072522159,560,681,1241,0.0,0.0008333472224535399,0.5487510072522138,0.0
10000,8.333472224537076,0.5487510072522159,560,681,1241,0.0,0.0008333472224535399,0.5487510072522138,0.0
10001,8.33430557175953,0.5487510072522159,560,681,1241,0.0,0.0008333472224535399,0.5487510072522138,0.0
10002,8.335138918981983,0.5487510072522159,560,681,1241,0.0,0.0008333472224535399,0.5487510072522138,0.0
10003,8.335972266204436,0.5487510072522159,560,681,1241,0.0,0.0008333472224535399,0.5487510072522138,0.0
10004,8.336805613426892,0.5487510072522159,560,681,1241,0.0,0.0008333472224553162,0.5487510072522138,0.0
10005,8.337638960649345,0.5487510072522159,560,681,1241,0.0,0.0008333472224535399,0.5487510072522138,0.0
10006,8.338472307871799,0.5487510072522159,560,681,1241,0.0,0.0008333472224535399,0.5487510072522138,0.0
10007,8.339305655094252,0.5487510072522159,560,681,1241,0.0,0.0008333472224535399,0.5487510072522138,0.0
10008,8.340139002316706,0.5487510072522159,560,681,1241,0.0,0.0008333472224535399,0.5487510072522138,0.0
10009,8.34097234953916,0.5487510072522159,560,681,1241,0.0,0.0008333472224535399,0.5487510072522138,0.0
10010,8.341805696761613,0.5487510072522159,560,681,1241,0.0,0.0008333472224535399,0.5487510072522138,0.0
10011,8.342639043984066,0.5487510072522159,560,681,1241,0.0,0.0008333472224535399,0.5487510072522138,0.0
10012,8.34347239120652,0.5487510072522159,560,681,1241,0.0,0.0008333472224535399,0.5487510072522138,0.0
10013,8.344305738428973,0.5487510072522159,560,681,1241,0.0,0.0008333472224535399,0.5487510072522138,0.0
10014,8.345139085651429,0.5487510072522159,560,681,1241,0.0,0.0008333472224553162,0.5487510072522138,0.0
10015,8.345972432873882,0.5487510072522159,560,681,1241,0.0,0.0008333472224535399,0.5487510072522138,0.0
10016,8.346805780096336,0.5487510072522159,560,681,1241,0.0,0.0008333472224535399,0.5487510072522138,0.0
10017,8.34763912731879,0.5487510072522159,560,681,1241,0.0,0.0008333472224535399,0.5487510072522138,0.0
10018,8.348472474541243,0.5487510072522159,560,681,1241,0.0,0.0008333472224535399,0.5487510072522138,0.0
10019,8.349305821763696,0.5487510072522159,560,681,1241,0.0,0.0008333472224535399,0.5487510072522138,0.0
10020,8.35013916898615,0.5487510072522159,560,681,1241,0.0,0.0008333472224535399,0.5487510072522138,0.0
10021,8.350972516208603,0.5487510072522159,560,681,1241,0.0,0.0008333472224535399,0.5487510072522138,0.0
10022,8.351805863431057,0.5487510072522159,560,681,1241,0.0,0.0008333472224535399,0.5487510072522138,0.0
10023,8.35263921065351,0.5487510072522159,560,681,1241,0.0,0.0008333472224535399,0.5487510072522138,0.0
10024,8.353472557875964,0.5487510072522159,560,681,1241,0.0,0.0008333472224535399,0.5487510072522138,0.0
10025,8.35430590509842,0.5487510072522159,560,681,1241,0.0,0.0008333472224553162,0.5487510072522138,0.0
10026,8.355139252320873,0.5487510072522159,560,681,1241,0.0,0.0008333472224535399,0.5487510072522138,0.0
10027,8.355972599543326,0.5487510072522159,560,681,1241,0.0,0.0008333472224535399,0.5487510072522138,0.0
10028,8.35680594676578,0.5487510072522159,560,681,1241,0.0,0.0008333472224535399,0.5487510072522138,0.0
10029,8.357639293988234,0.5487510072522159,560,681,1241,0.0,0.0008333472224535399,0.5487510072522138,0.0
10030,8.358472641210687,0.5487510072522159,560,681,1241,0.0,0.0008333472224535399,0.5487510072522138,0.0
10031,8.35930598843314,0.5487510072522159,560,681,1241,0.0,0.0008333472224535399,0.5487510072522138,0.0
10032,8.360139335655594,0.5487510072522159,560,681,1241,0.0,0.0008333472224535399,0.5487510072522138,0.0
10033,8.360972682878048,0.5487510072522159,560,681,1241,0.0,0.0008333472224535399,0.5487510072522138,0.0
10034,8.361806030100501,0.5487510072522159,560,681,1241,0.0,0.0008333472224535399,0.5487510072522138,0.0
10035,8.362639377322957,0.5487510072522159,560,681,1241,0.0,0.0008333472224553162,0.5487510072522138,0.0
10036,8.36347272454541,0.5487510072522159,560,681,1241,0.0,0.0008333472224535399,0.5487510072522138,0.0
10037,8.364306071767864,0.5487510072522159,560,681,1241,0.0,0.0008333472224535399,0.5487510072522138,0.0
10038,8.365139418990317,0.5487510072522159,560,681,1241,0.0,0.0008333472224535399,0.5487510072522138,0.0
10039,8.36597276621277,0.5487510072522159,560,681,1241,0.0,0.0008333472224535399,0.5487510072522138,0.0
10040,8.366806113435224,0.5487510072522159,560,681,1241,0.0,0.0008333472224535399,0.5487510072522138,0.0
10041,8.367639460657678,0.5487510072522159,560,681,1241,0.0,0.0008333472224535399,0.5487510072522138,0.0
10042,8.368472807880131,0.5487510072522159,560,681,1241,0.0,0.0008333472224535399,0.5487510072522138,0.0
10043,8.369306155102585,0.5487510072522159,560,681,1241,0.0,0.0008333472224535399,0.5487510072522138,0.0
10044,8.370139502325038,0.5487510072522159,560,681,1241,0.0,0.0008333472224535399,0.5487510072522138,0.0
10045,8.370972849547492,0.5487510072522159,560,681,1241,0.0,0.0008333472224535399,0.5487510072522138,0.0
10046,8.371806196769947,0.5487510072522159,560,681,1241,0.0,0.0008333472224553162,0.5487510072522138,0.0
10047,8.3726395439924,0.5487510072522159,560,681,1241,0.0,0.0008333472224535399,0.5487510072522138,0.0
10048,8.373472891214854,0.5487510072522159,560,681,1241,0.0,0.0008333472224535399,0.5487510072522138,0.0
10049,8.374306238437308,0.5487510072522159,560,681,1241,0.0,0.0008333472224535399,0.5487510072522138,0.0
10050,8.375139585659761,0.5487510072522159,560,681,1241,0.0,0.0008333472224535399,0.5487510072522138,0.0
10051,8.375972932882215,0.5487510072522159,560,681,1241,0.0,0.0008333472224535399,0.5487510072522138,0.0
10052,8.376806280104669,0.5487510072522159,560,681,1241,0.0,0.0008333472224535399,0.5487510072522138,0.0
10053,8.377639627327122,0.5487510072522159,560,681,1241,0.0,0.0008333472224535399,0.5487510072522138,0.0
10054,8.378472974549576,0.5487510072522159,560,681,1241,0.0,0.0008333472224535399,0.5487510072522138,0.0
10055,8.37930632177203,0.5487510072522159,560,681,1241,0.0,0.0008333472224535399,0.5487510072522138,0.0
10056,8.380139668994484,0.5487510072522159,560,681,1241,0.0,0.0008333472224553162,0.5487510072522138,0.0
10057,8.380973016216938,0.5487510072522159,560,681,1241,0.0,0.0008333472224535399,0.5487510072522138,0.0
10058,8.381806363439392,0.5487510072522159,560,681,1241,0.0,0.0008333472224535399,0.5487510072522138,0.0
10059,8.382639710661845,0.5487510072522159,560,681,1241,0.0,0.0008333472224535399,0.5487510072522138,0.0
10060,8.383473057884299,0.5487510072522159,560,681,1241,0.0,0.0008333472224535399,0.5487510072522138,0.0
10061,8.384306405106752,0.5487510072522159,560,681,1241,0.0,0.0008333472224535399,0.5487510072522138,0.0
10062,8.385139752329206,0.5487510072522159,560,681,1241,0.0,0.0008333472224535399,0.5487510072522138,0.0
10063,8.38597309955166,0.5487510072522159,560,681,1241,0.0,0.0008333472224535399,0.5487510072522138,0.0
10064,8.386806446774113,0.5487510072522159,560,681,1241,0.0,0.0008333472224535399,0.5487510072522138,0.0
10065,8.387639793996566,0.5487510072522159,560,681,1241,0.0,0.0008333472224535399,0.5487510072522138,0.0
10066,8.38847314121902,0.5487510072522159,560,681,1241,0.0,0.0008333472224535399,0.5487510072522138,0.0
10067,8.389306488441475,0.5487510072522159,560,681,1241,0.0,0.0008333472224553162,0.5487510072522138,0.0
10068,8.390139835663929,0.5487510072522159,560,681,1241,0.0,0.0008333472224535399,0.5487510072522138,0.0
10069,8.390973182886382,0.5487510072522159,560,681,1241,0.0,0.0008333472224535399,0.5487510072522138,0.0
10070,8.391806530108836,0.5487510072522159,560,681,1241,0.0,0.0008333472224535399,0.5487510072522138,0.0
10071,8.39263987733129,0.5487510072522159,560,681,1241,0.0,0.0008333472224535399,0.5487510072522138,0.0
10072,8.393473224553743,0.5487510072522159,560,681,1241,0.0,0.0008333472224535399,0.5487510072522138,0.0
10073,8.394306571776196,0.5487510072522159,560,681,1241,0.0,0.0008333472224535399,0.5487510072522138,0.0
10074,8.39513991899865,0.5487510072522159,560,681,1241,0.0,0.0008333472224535399,0.5487510072522138,0.0
10075,8.395973266221104,0.5487510072522159,560,681,1241,0.0,0.0008333472224535399,0.5487510072522138,0.0
10076,8.396806613443557,0.5487510072522159,560,681,1241,0.0,0.0008333472224535399,0.5487510072522138,0.0
10077,8.39763996066601,0.5487510072522159,560,681,1241,0.0,0.0008333472224535399,0.5487510072522138,0.0
10078,8.398473307888466,0.5487510072522159,560,681,1241,0.0,0.0008333472224553162,0.5487510072522138,0.0
10079,8.39930665511092,0.5487510072522159,560,681,1241,0.0,0.0008333472224535399,0.5487510072522138,0.0
10080,8.400140002333373,0.5487510072522159,560,681,1241,0.0,0.0008333472224535399,0.5487510072522138,0.0
10081,8.400973349555827,0.5487510072522159,560,681,1241,0.0,0.0008333472224535399,0.5487510072522138,0.0
10082,8.40180669677828,0.5487510072522159,560,681,1241,0.0,0.0008333472224535399,0.5487510072522138,0.0
10083,8.402640044000734,0.5487510072522159,560,681,1241,0.0,0.0008333472224535399,0.5487510072522138,0.0
10084,8.403473391223187,0.5487510072522159,560,681,1241,0.0,0.0008333472224535399,0.5487510072522138,0.0
10085,8.40430673844564,0.5487510072522159,560,681,1241,0.0,0.0008333472224535399,0.5487510072522138,0.0
10086,8.405140085668094,0.5487510072522159,560,681,1241,0.0,0.0008333472224535399,0.5487510072522138,0.0
10087,8.405973432890548,0.5487510072522159,560,681,1241,0.0,0.0008333472224535399,0.5487510072522138,0.0
10088,8.406806780113003,0.5487510072522159,560,681,1241,0.0,0.0008333472224553162,0.5487510072522138,0.0
10089,8.407640127335457,0.5487510072522159,560,681,1241,0.0,0.0008333472224535399,0.5487510072522138,0.0
10090,8.40847347455791,0.5487510072522159,560,681,1241,0.0,0.0008333472224535399,0.5487510072522138,0.0
10091,8.409306821780364,0.5487510072522159,560,681,1241,0.0,0.0008333472224535399,0.5487510072522138,0.0
10092,8.410140169002817,0.5487510072522159,560,681,1241,0.0,0.0008333472224535399,0.5487510072522138,0.0
10093,8.41097351622527,0.5487510072522159,560,681,1241,0.0,0.0008333472224535399,0.5487510072522138,0.0
10094,8.411806863447724,0.5487510072522159,560,681,1241,0.0,0.0008333472224535399,0.5487510072522138,0.0
10095,8.412640210670178,0.5487510072522159,560,681,1241,0.0,0.0008333472224535399,0.5487510072522138,0.0
10096,8.413473557892631,0.5487510072522159,560,681,1241,0.0,0.0008333472224535399,0.5487510072522138,0.0
10097,8.414306905115085,0.5487510072522159,560,681,1241,0.0,0.0008333472224535399,0.5487510072522138,0.0
10098,8.415140252337538,0.5487510072522159,560,681,1241,0.0,0.0008333472224535399,0.5487510072522138,0.0
10099,8.415973599559994,0.5487510072522159,560,681,1241,0.0,0.0008333472224553162,0.5487510072522138,0.0
10100,8.416806946782447,0.5487510072522159,560,681,1241,0.0,0.0008333472224535399,0.5487510072522138,0.0
10101,8.4176402940049,0.5487510072522159,560,681,1241,0.0,0.0008333472224535399,0.5487510072522138,0.0
10102,8.418473641227354,0.5487510072522159,560,681,1241,0.0,0.0008333472224535399,0.5487510072522138,0.0
10103,8.419306988449808,0.5487510072522159,560,681,1241,0.0,0.0008333472224535399,0.5487510072522138,0.0
10104,8.420140335672262,0.5487510072522159,560,681,1241,0.0,0.0008333472224535399,0.5487510072522138,0.0
10105,8.420973682894715,0.5487510072522159,560,681,1241,0.0,0.0008333472224535399,0.5487510072522138,0.0
10106,8.421807030117169,0.5487510072522159,560,681,1241,0.0,0.0008333472224535399,0.5487510072522138,0.0
10107,8.422640377339622,0.5487510072522159,560,681,1241,0.0,0.0008333472224535399,0.5487510072522138,0.0
10108,8.423473724562076,0.5487510072522159,560,681,1241,0.0,0.0008333472224535399,0.5487510072522138,0.0
10109,8.424307071784531,0.5487510072522159,560,681,1241,0.0,0.0008333472224553162,0.5487510072522138,0.0
10110,8.425140419006985,0.5487510072522159,560,681,1241,0.0,0.0008333472224535399,0.5487510072522138,0.0
10111,8.425973766229438,0.5487510072522159,560,681,1241,0.0,0.0008333472224535399,0.5487510072522138,0.0
10112,8.426807113451892,0.5487510072522159,560,681,1241,0.0,0.0008333472224535399,0.5487510072522138,0.0
10113,8.427640460674345,0.5487510072522159,560,681,1241,0.0,0.0008333472224535399,0.5487510072522138,0.0
10114,8.428473807896799,0.5487510072522159,560,681,1241,0.0,0.0008333472224535399,0.5487510072522138,0.0
10115,8.429307155119252,0.5487510072522159,560,681,1241,0.0,0.0008333472224535399,0.5487510072522138,0.0
10116,8.430140502341706,0.5487510072522159,560,681,1241,0.0,0.0008333472224535399,0.5487510072522138,0.0
10117,8.43097384956416,0.5487510072522159,560,681,1241,0.0,0.0008333472224535399,0.5487510072522138,0.0
10118,8.431807196786613,0.5487510072522159,560,681,1241,0.0,0.0008333472224535399,0.5487510072522138,0.0
10119,8.432640544009066,0.5487510072522159,560,681,1241,0.0,0.0008333472224535399,0.5487510072522138,0.0
10120,8.433473891231522,0.5487510072522159,560,681,1241,0.0,0.0008333472224553162,0.5487510072522138,0.0
10121,8.434307238453975,0.5487510072522159,560,681,1241,0.0,0.0008333472224535399,0.5487510072522138,0.0
10122,8.435140585676429,0.5487510072522159,560,681,1241,0.0,0.0008333472224535399,0.5487510072522138,0.0
10123,8.435973932898882,0.5487510072522159,560,681,1241,0.0,0.0008333472224535399,0.5487510072522138,0.0
10124,8.436807280121336,0.5487510072522159,560,681,1241,0.0,0.0008333472224535399,0.5487510072522138,0.0
10125,8.43764062734379,0.5487510072522159,560,681,1241,0.0,0.0008333472224535399,0.5487510072522138,0.0
10126,8.438473974566243,0.5487510072522159,560,681,1241,0.0,0.0008333472224535399,0.5487510072522138,0.0
10127,8.439307321788696,0.5487510072522159,560,681,1241,0.0,0.0008333472224535399,0.5487510072522138,0.0
10128,8.44014066901115,0.5487510072522159,560,681,1241,0.0,0.0008333472224535399,0.5487510072522138,0.0
10129,8.440974016233604,0.5487510072522159,560,681,1241,0.0,0.0008333472224535399,0.5487510072522138,0.0
10130,8.441807363456057,0.5487510072522159,560,681,1241,0.0,0.0008333472224535399,0.5487510072522138,0.0
10131,8.442640710678512,0.5487510072522159,560,681,1241,0.0,0.0008333472224553162,0.5487510072522138,0.0
10132,8.443474057900966,0.5487510072522159,560,681,1241,0.0,0.0008333472224535399,0.5487510072522138,0.0
10133,8.44430740512342,0.5487510072522159,560,681,1241,0.0,0.0008333472224535399,0.5487510072522138,0.0
10134,8.445140752345873,0.5487510072522159,560,681,1241,0.0,0.0008333472224535399,0.5487510072522138,0.0
10135,8.445974099568327,0.5487510072522159,560,681,1241,0.0,0.0008333472224535399,0.5487510072522138,0.0
10136,8.44680744679078,0.5487510072522159,560,681,1241,0.0,0.0008333472224535399,0.5487510072522138,0.0
10137,8.447640794013234,0.5487510072522159,560,681,1241,0.0,0.0008333472224535399,0.5487510072522138,0.0
10138,8.448474141235687,0.5487510072522159,560,681,1241,0.0,0.0008333472224535399,0.5487510072522138,0.0
10139,8.44930748845814,0.5487510072522159,560,681,1241,0.0,0.0008333472224535399,0.5487510072522138,0.0
10140,8.450140835680594,0.5487510072522159,560,681,1241,0.0,0.0008333472224535399,0.5487510072522138,0.0
10141,8.45097418290305,0.5487510072522159,560,681,1241,0.0,0.0008333472224553162,0.5487510072522138,0.0
10142,8.451807530125503,0.5487510072522159,560,681,1241,0.0,0.0008333472224535399,0.5487510072522138,0.0
10143,8.452640877347957,0.5487510072522159,560,681,1241,0.0,0.0008333472224535399,0.5487510072522138,0.0
10144,8.45347422457041,0.5487510072522159,560,681,1241,0.0,0.0008333472224535399,0.5487510072522138,0.0
10145,8.454307571792864,0.5487510072522159,560,681,1241,0.0,0.0008333472224535399,0.5487510072522138,0.0
10146,8.455140919015317,0.5487510072522159,560,681,1241,0.0,0.0008333472224535399,0.5487510072522138,0.0
10147,8.45597426623777,0.5487510072522159,560,681,1241,0.0,0.0008333472224535399,0.5487510072522138,0.0
10148,8.456807613460224,0.5487510072522159,560,681,1241,0.0,0.0008333472224535399,0.5487510072522138,0.0
10149,8.457640960682678,0.5487510072522159,560,681,1241,0.0,0.0008333472224535399,0.5487510072522138,0.0
10150,8.458474307905131,0.5487510072522159,560,681,1241,0.0,0.0008333472224535399,0.5487510072522138,0.0
10151,8.459307655127585,0.5487510072522159,560,681,1241,0.0,0.0008333472224535399,0.5487510072522138,0.0
10152,8.46014100235004,0.5487510072522159,560,681,1241,0.0,0.0008333472224553162,0.5487510072522138,0.0
10153,8.460974349572494,0.5487510072522159,560,681,1241,0.0,0.0008333472224535399,0.5487510072522138,0.0
10154,8.461807696794947,0.5487510072522159,560,681,1241,0.0,0.0008333472224535399,0.5487510072522138,0.0
10155,8.462641044017401,0.5487510072522159,560,681,1241,0.0,0.0008333472224535399,0.5487510072522138,0.0
10156,8.463474391239854,0.5487510072522159,560,681,1241,0.0,0.0008333472224535399,0.5487510072522138,0.0
10157,8.464307738462308,0.5487510072522159,560,681,1241,0.0,0.0008333472224535399,0.5487510072522138,0.0
10158,8.465141085684762,0.5487510072522159,560,681,1241,0.0,0.0008333472224535399,0.5487510072522138,0.0
10159,8.465974432907215,0.5487510072522159,560,681,1241,0.0,0.0008333472224535399,0.5487510072522138,0.0
10160,8.466807780129669,0.5487510072522159,560,681,1241,0.0,0.0008333472224535399,0.5487510072522138,0.0
10161,8.467641127352122,0.5487510072522159,560,681,1241,0.0,0.0008333472224535399,0.5487510072522138,0.0
10162,8.468474474574577,0.5487510072522159,560,681,1241,0.0,0.0008333472224553162,0.5487510072522138,0.0
10163,8.469307821797031,0.5487510072522159,560,681,1241,0.0,0.0008333472224535399,0.5487510072522138,0.0
10164,8.470141169019485,0.5487510072522159,560,681,1241,0.0,0.0008333472224535399,0.5487510072522138,0.0
10165,8.470974516241938,0.5487510072522159,560,681,1241,0.0,0.0008333472224535399,0.5487510072522138,0.0
10166,8.471807863464392,0.5487510072522159,560,681,1241,0.0,0.0008333472224535399,0.5487510072522138,0.0
10167,8.472641210686845,0.5487510072522159,560,681,1241,0.0,0.0008333472224535399,0.5487510072522138,0.0
10168,8.473474557909299,0.5487510072522159,560,681,1241,0.0,0.0008333472224535399,0.5487510072522138,0.0
10169,8.474307905131752,0.5487510072522159,560,681,1241,0.0,0.0008333472224535399,0.5487510072522138,0.0
10170,8.475141252354206,0.5487510072522159,560,681,1241,0.0,0.0008333472224535399,0.5487510072522138,0.0
10171,8.47597459957666,0.5487510072522159,560,681,1241,0.0,0.0008333472224535399,0.5487510072522138,0.0
10172,8.476807946799113,0.5487510072522159,560,681,1241,0.0,0.0008333472224535399,0.5487510072522138,0.0
10173,8.477641294021568,0.5487510072522159,560,681,1241,0.0,0.0008333472224553162,0.5487510072522138,0.0
10174,8.478474641244022,0.5487510072522159,560,681,1241,0.0,0.0008333472224535399,0.5487510072522138,0.0
10175,8.479307988466475,0.5487510072522159,560,681,1241,0.0,0.0008333472224535399,0.5487510072522138,0.0
10176,8.480141335688929,0.5487510072522159,560,681,1241,0.0,0.0008333472224535399,0.5487510072522138,0.0
10177,8.480974682911382,0.5487510072522159,560,681,1241,0.0,0.0008333472224535399,0.5487510072522138,0.0
10178,8.481808030133836,0.5487510072522159,560,681,1241,0.0,0.0008333472224535399,0.5487510072522138,0.0
10179,8.48264137735629,0.5487510072522159,560,681,1241,0.0,0.0008333472224535399,0.5487510072522138,0.0
10180,8.483474724578743,0.5487510072522159,560,681,1241,0.0,0.0008333472224535399,0.5487510072522138,0.0
10181,8.484308071801197,0.5487510072522159,560,681,1241,0.0,0.0008333472224535399,0.5487510072522138,0.0
10182,8.48514141902365,0.5487510072522159,560,681,1241,0.0,0.0008333472224535399,0.5487510072522138,0.0
10183,8.485974766246104,0.5487510072522159,560,681,1241,0.0,0.0008333472224535399,0.5487510072522138,0.0
10184,8.486808113468559,0.5487510072522159,560,681,1241,0.0,0.0008333472224553162,0.5487510072522138,0.0
10185,8.487641460691012,0.5487510072522159,560,681,1241,0.0,0.0008333472224535399,0.5487510072522138,0.0
10186,8.488474807913466,0.5487510072522159,560,681,1241,0.0,0.0008333472224535399,0.5487510072522138,0.0
10187,8.48930815513592,0.5487510072522159,560,681,1241,0.0,0.0008333472224535399,0.5487510072522138,0.0
10188,8.490141502358373,0.5487510072522159,560,681,1241,0.0,0.0008333472224535399,0.5487510072522138,0.0
10189,8.490974849580827,0.5487510072522159,560,681,1241,0.0,0.0008333472224535399,0.5487510072522138,0.0
10190,8.49180819680328,0.5487510072522159,560,681,1241,0.0,0.0008333472224535399,0.5487510072522138,0.0
10191,8.492641544025734,0.5487510072522159,560,681,1241,0.0,0.0008333472224535399,0.5487510072522138,0.0
10192,8.493474891248187,0.5487510072522159,560,681,1241,0.0,0.0008333472224535399,0.5487510072522138,0.0
10193,8.49430823847064,0.5487510072522159,560,681,1241,0.0,0.0008333472224535399,0.5487510072522138,0.0
10194,8.495141585693096,0.5487510072522159,560,681,1241,0.0,0.0008333472224553162,0.5487510072522138,0.0
10195,8.49597493291555,0.5487510072522159,560,681,1241,0.0,0.0008333472224535399,0.5487510072522138,0.0
10196,8.496808280138003,0.5487510072522159,560,681,1241,0.0,0.0008333472224535399,0.5487510072522138,0.0
10197,8.497641627360457,0.5487510072522159,560,681,1241,0.0,0.0008333472224535399,0.5487510072522138,0.0
10198,8.49847497458291,0.5487510072522159,560,681,1241,0.0,0.0008333472224535399,0.5487510072522138,0.0
10199,8.499308321805364,0.5487510072522159,560,681,1241,0.0,0.0008333472224535399,0.5487510072522138,0.0
10200,8.500141669027817,0.5487510072522159,560,681,1241,0.0,0.0008333472224535399,0.5487510072522138,0.0
10201,8.50097501625027,0.5487510072522159,560,681,1241,0.0,0.0008333472224535399,0.5487510072522138,0.0
10202,8.501808363472724,0.5487510072522159,560,681,1241,0.0,0.0008333472224535399,0.5487510072522138,0.0
10203,8.502641710695178,0.5487510072522159,560,681,1241,0.0,0.0008333472224535399,0.5487510072522138,0.0
10204,8.503475057917631,0.5487510072522159,560,681,1241,0.0,0.0008333472224535399,0.5487510072522138,0.0
10205,8.504308405140087,0.5487510072522159,560,681,1241,0.0,0.0008333472224553162,0.5487510072522138,0.0
10206,8.50514175236254,0.5487510072522159,560,681,1241,0.0,0.0008333472224535399,0.5487510072522138,0.0
10207,8.505975099584994,0.5487510072522159,560,681,1241,0.0,0.0008333472224535399,0.5487510072522138,0.0
10208,8.506808446807447,0.5487510072522159,560,681,1241,0.0,0.0008333472224535399,0.5487510072522138,0.0
10209,8.507641794029901,0.5487510072522159,560,681,1241,0.0,0.0008333472224535399,0.5487510072522138,0.0
10210,8.508475141252354,0.5487510072522159,560,681,1241,0.0,0.0008333472224535399,0.5487510072522138,0.0
10211,8.509308488474808,0.5487510072522159,560,681,1241,0.0,0.0008333472224535399,0.5487510072522138,0.0
10212,8.510141835697262,0.5487510072522159,560,681,1241,0.0,0.0008333472224535399,0.5487510072522138,0.0
10213,8.510975182919715,0.5487510072522159,560,681,1241,0.0,0.0008333472224535399,0.5487510072522138,0.0
10214,8.511808530142169,0.5487510072522159,560,681,1241,0.0,0.0008333472224535399,0.5487510072522138,0.0
10215,8.512641877364624,0.5487510072522159,560,681,1241,0.0,0.0008333472224553162,0.5487510072522138,0.0
10216,8.513475224587078,0.5487510072522159,560,681,1241,0.0,0.0008333472224535399,0.5487510072522138,0.0
10217,8.514308571809531,0.5487510072522159,560,681,1241,0.0,0.0008333472224535399,0.5487510072522138,0.0
10218,8.515141919031985,0.5487510072522159,560,681,1241,0.0,0.0008333472224535399,0.5487510072522138,0.0
10219,8.515975266254438,0.5487510072522159,560,681,1241,0.0,0.0008333472224535399,0.5487510072522138,0.0
10220,8.516808613476892,0.5487510072522159,560,681,1241,0.0,0.0008333472224535399,0.5487510072522138,0.0
10221,8.517641960699345,0.5487510072522159,560,681,1241,0.0,0.0008333472224535399,0.5487510072522138,0.0
10222,8.518475307921799,0.5487510072522159,560,681,1241,0.0,0.0008333472224535399,0.5487510072522138,0.0
10223,8.519308655144252,0.5495568090249798,560,681,1241,0.0008058017727639033,0.0008333472224535399,0.5488315874294901,8.058017727639034e-05
10224,8.520142002366706,0.5495568090249798,560,681,1241,0.0,0.0008333472224535399,0.5489121676067665,8.058017727639034e-05
10225,8.52097534958916,0.5495568090249798,560,681,1241,0.0,0.0008333472224535399,0.5489927477840428,8.058017727639034e-05
10226,8.521808696811615,0.5495568090249798,560,681,1241,0.0,0.0008333472224553162,0.5490733279613191,8.058017727639034e-05
10227,8.522642044034068,0.5495568090249798,560,681,1241,0.0,0.0008333472224535399,0.5491539081385955,8.058017727639034e-05
10228,8.523475391256522,0.5495568090249798,560,681,1241,0.0,0.0008333472224535399,0.5492344883158718,8.058017727639034e-05
10229,8.524308738478975,0.5495568090249798,560,681,1241,0.0,0.0008333472224535399,0.5493150684931483,8.058017727639034e-05
10230,8.525142085701429,0.5495568090249798,560,681,1241,0.0,0.0008333472224535399,0.5493956486704246,8.058017727639034e-05
10231,8.525975432923882,0.5495568090249798,560,681,1241,0.0,0.0008333472224535399,0.5494762288477009,8.058017727639034e-05
10232,8.526808780146336,0.5495568090249798,560,681,1241,0.0,0.0008333472224535399,0.5495568090249773,8.058017727639034e-05
10233,8.52764212736879,0.5495568090249798,560,681,1241,0.0,0.0008333472224535399,0.5495568090249773,0.0
10234,8.528475474591243,0.5495568090249798,560,681,1241,0.0,0.0008333472224535399,0.5495568090249773,0.0
10235,8.529308821813697,0.5495568090249798,560,681,1241,0.0,0.0008333472224535399,0.5495568090249773,0.0
10236,8.53014216903615,0.5495568090249798,560,681,1241,0.0,0.0008333472224535399,0.5495568090249773,0.0
10237,8.530975516258605,0.5495568090249798,560,681,1241,0.0,0.0008333472224553162,0.5495568090249773,0.0
10238,8.531808863481059,0.5495568090249798,560,681,1241,0.0,0.0008333472224535399,0.5495568090249773,0.0
10239,8.532642210703512,0.5495568090249798,560,681,1241,0.0,0.0008333472224535399,0.5495568090249773,0.0
10240,8.533475557925966,0.5495568090249798,560,681,1241,0.0,0.0008333472224535399,0.5495568090249773,0.0
10241,8.53430890514842,0.5495568090249798,560,681,1241,0.0,0.0008333472224535399,0.5495568090249773,0.0
10242,8.535142252370873,0.5495568090249798,560,681,1241,0.0,0.0008333472224535399,0.5495568090249773,0.0
10243,8.535975599593327,0.5495568090249798,560,681,1241,0.0,0.0008333472224535399,0.5495568090249773,0.0
10244,8.53680894681578,0.5487510072522159,560,681,1241,-0.0008058017727639033,0.0008333472224535399,0.5494762288477009,-8.058017727639034e-05
10245,8.537642294038234,0.5487510072522159,560,681,1241,0.0,0.0008333472224535399,0.5493956486704246,-8.058017727639034e-05
10246,8.538475641260687,0.5487510072522159,560,681,1241,0.0,0.0008333472224535399,0.5493150684931483,-8.058017727639034e-05
10247,8.539308988483143,0.5487510072522159,560,681,1241,0.0,0.0008333472224553162,0.5492344883158718,-8.058017727639034e-05
10248,8.540142335705596,0.5487510072522159,560,681,1241,0.0,0.0008333472224535399,0.5491539081385955,-8.058017727639034e-05
10249,8.54097568292805,0.5487510072522159,560,681,1241,0.0,0.0008333472224535399,0.5490733279613191,-8.058017727639034e-05
10250,8.541809030150503,0.5487510072522159,560,681,1241,0.0,0.0008333472224535399,0.5489927477840428,-8.058017727639034e-05
10251,8.542642377372957,0.5495568090249798,560,681,1241,0.0008058017727639033,0.0008333472224535399,0.5489927477840428,0.0
10252,8.54347572459541,0.5495568090249798,560,681,1241,0.0,0.0008333472224535399,0.5489927477840428,0.0
10253,8.544309071817864,0.5495568090249798,560,681,1241,0.0,0.0008333472224535399,0.5489927477840428,0.0
10254,8.545142419040317,0.5495568090249798,560,681,1241,0.0,0.0008333472224535399,0.5490733279613191,8.058017727639034e-05
10255,8.545975766262771,0.5495568090249798,560,681,1241,0.0,0.0008333472224535399,0.5491539081385955,8.058017727639034e-05
10256,8.546809113485224,0.5495568090249798,560,681,1241,0.0,0.0008333472224535399,0.5492344883158718,8.058017727639034e-05
10257,8.547642460707678,0.5503626107977437,560,681,1241,0.0008058017727639033,0.0008333472224535399,0.5493956486704247,0.00016116035455278067
10258,8.548475807930133,0.5503626107977437,560,681,1241,0.0,0.0008333472224553162,0.5495568090249774,0.00016116035455278067
10259,8.549309155152587,0.5503626107977437,560,681,1241,0.0,0.0008333472224535399,0.5497179693795302,0.00016116035455278067
10260,8.55014250237504,0.5503626107977437,560,681,1241,0.0,0.0008333472224535399,0.549879129734083,0.00016116035455278067
10261,8.550975849597494,0.5503626107977437,560,681,1241,0.0,0.0008333472224535399,0.5499597099113593,8.058017727639034e-05
10262,8.551809196819947,0.5503626107977437,560,681,1241,0.0,0.0008333472224535399,0.5500402900886356,8.058017727639034e-05
10263,8.552642544042401,0.5503626107977437,560,681,1241,0.0,0.0008333472224535399,0.550120870265912,8.058017727639034e-05
10264,8.553475891264855,0.5503626107977437,560,681,1241,0.0,0.0008333472224535399,0.5502014504431884,8.058017727639034e-05
10265,8.554309238487308,0.5503626107977437,560,681,1241,0.0,0.0008333472224535399,0.5502820306204648,8.058017727639034e-05
10266,8.555142585709762,0.5503626107977437,560,681,1241,0.0,0.0008333472224535399,0.5503626107977411,8.058017727639034e-05
10267,8.555975932932215,0.5503626107977437,560,681,1241,0.0,0.0008333472224535399,0.5503626107977411,0.0
10268,8.55680928015467,0.5503626107977437,560,681,1241,0.0,0.0008333472224553162,0.5503626107977411,0.0
10269,8.557642627377124,0.5503626107977437,560,681,1241,0.0,0.0008333472224535399,0.5503626107977411,0.0
10270,8.558475974599578,0.5503626107977437,560,681,1241,0.0,0.0008333472224535399,0.5503626107977411,0.0
10271,8.559309321822031,0.5503626107977437,560,681,1241,0.0,0.0008333472224535399,0.5503626107977411,0.0
10272,8.560142669044485,0.5503626107977437,560,681,1241,0.0,0.0008333472224535399,0.5503626107977411,0.0
10273,8.560976016266938,0.5503626107977437,560,681,1241,0.0,0.0008333472224535399,0.5503626107977411,0.0
10274,8.561809363489392,0.5503626107977437,560,681,1241,0.0,0.0008333472224535399,0.5503626107977411,0.0
10275,8.562642710711845,0.5503626107977437,560,681,1241,0.0,0.0008333472224535399,0.5503626107977411,0.0
10276,8.563476057934299,0.5503626107977437,560,681,1241,0.0,0.0008333472224535399,0.5503626107977411,0.0
10277,8.564309405156752,0.5503626107977437,560,681,1241,0.0,0.0008333472224535399,0.5503626107977411,0.0
10278,8.565142752379206,0.5503626107977437,560,681,1241,0.0,0.0008333472224535399,0.5503626107977411,0.0
10279,8.565976099601661,0.5503626107977437,560,681,1241,0.0,0.0008333472224553162,0.5503626107977411,0.0
10280,8.566809446824115,0.5503626107977437,560,681,1241,0.0,0.0008333472224535399,0.5503626107977411,0.0
10281,8.567642794046568,0.5503626107977437,560,681,1241,0.0,0.0008333472224535399,0.5503626107977411,0.0
10282,8.568476141269022,0.5503626107977437,560,681,1241,0.0,0.0008333472224535399,0.5503626107977411,0.0
10283,8.569309488491475,0.5503626107977437,560,681,1241,0.0,0.0008333472224535399,0.5503626107977411,0.0
10284,8.570142835713929,0.5503626107977437,560,681,1241,0.0,0.0008333472224535399,0.5503626107977411,0.0
10285,8.570976182936382,0.5503626107977437,560,681,1241,0.0,0.0008333472224535399,0.5503626107977411,0.0
10286,8.571809530158836,0.5495568090249798,560,681,1241,-0.0008058017727639033,0.0008333472224535399,0.5502820306204647,-8.058017727639034e-05
10287,8.57264287738129,0.5495568090249798,560,681,1241,0.0,0.0008333472224535399,0.5502014504431882,-8.058017727639034e-05
10288,8.573476224603743,0.5487510072522159,560,681,1241,-0.0008058017727639033,0.0008333472224535399,0.5500402900886355,-0.00016116035455278067
10289,8.574309571826198,0.5487510072522159,560,681,1241,0.0,0.0008333472224553162,0.5498791297340827,-0.00016116035455278067
10290,8.575142919048652,0.5487510072522159,560,681,1241,0.0,0.0008333472224535399,0.54971796937953,-0.00016116035455278067
10291,8.575976266271105,0.5487510072522159,560,681,1241,0.0,0.0008333472224535399,0.5495568090249772,-0.00016116035455278067
10292,8.576809613493559,0.5487510072522159,560,681,1241,0.0,0.0008333472224535399,0.5493956486704243,-0.00016116035455278067
10293,8.577642960716013,0.5487510072522159,560,681,1241,0.0,0.0008333472224535399,0.5492344883158716,-0.00016116035455278067
10294,8.578476307938466,0.5487510072522159,560,681,1241,0.0,0.0008333472224535399,0.5490733279613188,-0.00016116035455278067
10295,8.57930965516092,0.5487510072522159,560,681,1241,0.0,0.0008333472224535399,0.5489121676067661,-0.00016116035455278067
10296,8.580143002383373,0.5487510072522159,560,681,1241,0.0,0.0008333472224535399,0.5488315874294896,-8.058017727639034e-05
10297,8.580976349605827,0.5487510072522159,560,681,1241,0.0,0.0008333472224535399,0.5487510072522133,-8.058017727639034e-05
10298,8.58180969682828,0.5487510072522159,560,681,1241,0.0,0.0008333472224535399,0.5487510072522133,0.0
10299,8.582643044050734,0.5487510072522159,560,681,1241,0.0,0.0008333472224535399,0.5487510072522133,0.0
10300,8.583476391273189,0.5487510072522159,560,681,1241,0.0,0.0008333472224553162,0.5487510072522133,0.0
10301,8.584309738495643,0.5487510072522159,560,681,1241,0.0,0.0008333472224535399,0.5487510072522133,0.0
10302,8.585143085718096,0.5487510072522159,560,681,1241,0.0,0.0008333472224535399,0.5487510072522133,0.0
10303,8.58597643294055,0.5487510072522159,560,681,1241,0.0,0.0008333472224535399,0.5487510072522133,0.0
10304,8.586809780163003,0.5487510072522159,560,681,1241,0.0,0.0008333472224535399,0.5487510072522133,0.0
10305,8.587643127385457,0.5487510072522159,560,681,1241,0.0,0.0008333472224535399,0.5487510072522133,0.0
10306,8.58847647460791,0.5487510072522159,560,681,1241,0.0,0.0008333472224535399,0.5487510072522133,0.0
10307,8.589309821830364,0.5487510072522159,560,681,1241,0.0,0.0008333472224535399,0.5487510072522133,0.0
10308,8.590143169052817,0.5495568090249798,560,681,1241,0.0008058017727639033,0.0008333472224535399,0.5488315874294896,8.058017727639034e-05
10309,8.590976516275271,0.5495568090249798,560,681,1241,0.0,0.0008333472224535399,0.548912167606766,8.058017727639034e-05
10310,8.591809863497724,0.5495568090249798,560,681,1241,0.0,0.0008333472224535399,0.5489927477840423,8.058017727639034e-05
10311,8.59264321072018,0.5495568090249798,560,681,1241,0.0,0.0008333472224553162,0.5490733279613187,8.058017727639034e-05
10312,8.593476557942633,0.5495568090249798,560,681,1241,0.0,0.0008333472224535399,0.549153908138595,8.058017727639034e-05
10313,8.594309905165087,0.5495568090249798,560,681,1241,0.0,0.0008333472224535399,0.5492344883158713,8.058017727639034e-05
10314,8.59514325238754,0.5495568090249798,560,681,1241,0.0,0.0008333472224535399,0.5493150684931477,8.058017727639034e-05
10315,8.595976599609994,0.5495568090249798,560,681,1241,0.0,0.0008333472224535399,0.549395648670424,8.058017727639034e-05
10316,8.596809946832447,0.5495568090249798,560,681,1241,0.0,0.0008333472224535399,0.5494762288477004,8.058017727639034e-05
10317,8.597643294054901,0.5511684125705076,560,681,1241,0.0016116035455278066,0.0008333472224535399,0.5497179693795295,0.00024174053182917098
10318,8.598476641277355,0.5511684125705076,560,681,1241,0.0,0.0008333472224535399,0.5498791297340825,0.00016116035455278067
10319,8.599309988499808,0.5511684125705076,560,681,1241,0.0,0.0008333472224535399,0.5500402900886353,0.00016116035455278067
10320,8.600143335722262,0.5511684125705076,560,681,1241,0.0,0.0008333472224535399,0.5502014504431882,0.00016116035455278067
10321,8.600976682944717,0.5511684125705076,560,681,1241,0.0,0.0008333472224553162,0.5503626107977411,0.00016116035455278067
10322,8.60181003016717,0.5511684125705076,560,681,1241,0.0,0.0008333472224535399,0.5505237711522939,0.00016116035455278067
10323,8.602643377389624,0.5511684125705076,560,681,1241,0.0,0.0008333472224535399,0.5506849315068468,0.00016116035455278067
10324,8.603476724612078,0.5511684125705076,560,681,1241,0.0,0.0008333472224535399,0.5508460918613997,0.00016116035455278067
10325,8.604310071834531,0.5511684125705076,560,681,1241,0.0,0.0008333472224535399,0.5510072522159526,0.00016116035455278067
10326,8.605143419056985,0.5511684125705076,560,681,1241,0.0,0.0008333472224535399,0.5511684125705054,0.00016116035455278067
10327,8.605976766279438,0.5511684125705076,560,681,1241,0.0,0.0008333472224535399,0.5511684125705054,0.0
10328,8.606810113501892,0.5519742143432715,560,681,1241,0.0008058017727639033,0.0008333472224535399,0.5512489927477817,8.058017727639034e-05
10329,8.607643460724345,0.5519742143432715,560,681,1241,0.0,0.0008333472224535399,0.5513295729250581,8.058017727639034e-05
10330,8.608476807946799,0.5511684125705076,560,681,1241,-0.0008058017727639033,0.0008333472224535399,0.5513295729250581,0.0
10331,8.609310155169252,0.5511684125705076,560,681,1241,0.0,0.0008333472224535399,0.5513295729250581,0.0
10332,8.610143502391708,0.5511684125705076,560,681,1241,0.0,0.0008333472224553162,0.5513295729250581,0.0
10333,8.610976849614161,0.5503626107977437,560,681,1241,-0.0008058017727639033,0.0008333472224535399,0.5512489927477817,-8.058017727639034e-05
10334,8.611810196836615,0.5503626107977437,560,681,1241,0.0,0.0008333472224535399,0.5511684125705054,-8.058017727639034e-05
10335,8.612643544059068,0.5503626107977437,560,681,1241,0.0,0.0008333472224535399,0.5510878323932291,-8.058017727639034e-05
10336,8.613476891281522,0.5503626107977437,560,681,1241,0.0,0.0008333472224535399,0.5510072522159527,-8.058017727639034e-05
10337,8.614310238503975,0.5503626107977437,560,681,1241,0.0,0.0008333472224535399,0.5509266720386764,-8.058017727639034e-05
10338,8.615143585726429,0.5503626107977437,560,681,1241,0.0,0.0008333472224535399,0.5507655116841236,-0.00016116035455278067
10339,8.615976932948882,0.5503626107977437,560,681,1241,0.0,0.0008333472224535399,0.5506043513295709,-0.00016116035455278067
10340,8.616810280171336,0.5503626107977437,560,681,1241,0.0,0.0008333472224535399,0.5505237711522944,-8.058017727639034e-05
10341,8.61764362739379,0.5503626107977437,560,681,1241,0.0,0.0008333472224535399,0.5504431909750181,-8.058017727639034e-05
10342,8.618476974616245,0.5503626107977437,560,681,1241,0.0,0.0008333472224553162,0.5503626107977417,-8.058017727639034e-05
10343,8.619310321838698,0.5503626107977437,560,681,1241,0.0,0.0008333472224535399,0.5503626107977417,0.0
10344,8.620143669061152,0.5503626107977437,560,681,1241,0.0,0.0008333472224535399,0.5503626107977417,0.0
10345,8.620977016283605,0.5503626107977437,560,681,1241,0.0,0.0008333472224535399,0.5503626107977417,0.0
10346,8.621810363506059,0.5503626107977437,560,681,1241,0.0,0.0008333472224535399,0.5503626107977417,0.0
10347,8.622643710728513,0.5503626107977437,560,681,1241,0.0,0.0008333472224535399,0.5503626107977417,0.0
10348,8.623477057950966,0.5503626107977437,560,681,1241,0.0,0.0008333472224535399,0.5503626107977417,0.0
10349,8.62431040517342,0.5503626107977437,560,681,1241,0.0,0.0008333472224535399,0.5503626107977417,0.0
10350,8.625143752395873,0.5503626107977437,560,681,1241,0.0,0.0008333472224535399,0.5503626107977417,0.0
10351,8.625977099618327,0.5503626107977437,560,681,1241,0.0,0.0008333472224535399,0.5503626107977417,0.0
10352,8.62681044684078,0.5503626107977437,560,681,1241,0.0,0.0008333472224535399,0.5503626107977417,0.0
10353,8.627643794063236,0.5503626107977437,560,681,1241,0.0,0.0008333472224553162,0.5503626107977417,0.0
10354,8.628477141285689,0.5503626107977437,560,681,1241,0.0,0.0008333472224535399,0.5503626107977417,0.0
10355,8.629310488508143,0.5503626107977437,560,681,1241,0.0,0.0008333472224535399,0.5503626107977417,0.0
10356,8.630143835730596,0.5503626107977437,560,681,1241,0.0,0.0008333472224535399,0.5503626107977417,0.0
10357,8.63097718295305,0.5503626107977437,560,681,1241,0.0,0.0008333472224535399,0.5503626107977417,0.0
10358,8.631810530175503,0.5503626107977437,560,681,1241,0.0,0.0008333472224535399,0.5503626107977417,0.0
10359,8.632643877397957,0.5503626107977437,560,681,1241,0.0,0.0008333472224535399,0.5503626107977417,0.0
10360,8.63347722462041,0.5503626107977437,560,681,1241,0.0,0.0008333472224535399,0.5503626107977417,0.0
10361,8.634310571842864,0.5503626107977437,560,681,1241,0.0,0.0008333472224535399,0.5503626107977417,0.0
10362,8.635143919065317,0.5503626107977437,560,681,1241,0.0,0.0008333472224535399,0.5503626107977417,0.0
10363,8.635977266287771,0.5503626107977437,560,681,1241,0.0,0.0008333472224535399,0.5503626107977417,0.0
10364,8.636810613510226,0.5503626107977437,560,681,1241,0.0,0.0008333472224553162,0.5503626107977417,0.0
10365,8.63764396073268,0.5503626107977437,560,681,1241,0.0,0.0008333472224535399,0.5503626107977417,0.0
10366,8.638477307955133,0.5503626107977437,560,681,1241,0.0,0.0008333472224535399,0.5503626107977417,0.0
10367,8.639310655177587,0.5503626107977437,560,681,1241,0.0,0.0008333472224535399,0.5503626107977417,0.0
10368,8.64014400240004,0.5503626107977437,560,681,1241,0.0,0.0008333472224535399,0.5503626107977417,0.0
10369,8.640977349622494,0.5503626107977437,560,681,1241,0.0,0.0008333472224535399,0.5503626107977417,0.0
10370,8.641810696844948,0.5503626107977437,560,681,1241,0.0,0.0008333472224535399,0.5503626107977417,0.0
10371,8.642644044067401,0.5503626107977437,560,681,1241,0.0,0.0008333472224535399,0.5503626107977417,0.0
10372,8.643477391289855,0.5503626107977437,560,681,1241,0.0,0.0008333472224535399,0.5503626107977417,0.0
10373,8.644310738512308,0.5503626107977437,560,681,1241,0.0,0.0008333472224535399,0.5503626107977417,0.0
10374,8.645144085734763,0.5503626107977437,560,681,1241,0.0,0.0008333472224553162,0.5503626107977417,0.0
10375,8.645977432957217,0.5503626107977437,560,681,1241,0.0,0.0008333472224535399,0.5503626107977417,0.0
10376,8.64681078017967,0.5503626107977437,560,681,1241,0.0,0.0008333472224535399,0.5503626107977417,0.0
10377,8.647644127402124,0.5503626107977437,560,681,1241,0.0,0.0008333472224535399,0.5503626107977417,0.0
10378,8.648477474624578,0.5503626107977437,560,681,1241,0.0,0.0008333472224535399,0.5503626107977417,0.0
10379,8.649310821847031,0.5503626107977437,560,681,1241,0.0,0.0008333472224535399,0.5503626107977417,0.0
10380,8.650144169069485,0.5503626107977437,560,681,1241,0.0,0.0008333472224535399,0.5503626107977417,0.0
10381,8.650977516291938,0.5503626107977437,560,681,1241,0.0,0.0008333472224535399,0.5503626107977417,0.0
10382,8.651810863514392,0.5503626107977437,560,681,1241,0.0,0.0008333472224535399,0.5503626107977417,0.0
10383,8.652644210736845,0.5503626107977437,560,681,1241,0.0,0.0008333472224535399,0.5503626107977417,0.0
10384,8.653477557959299,0.5503626107977437,560,681,1241,0.0,0.0008333472224535399,0.5503626107977417,0.0
10385,8.654310905181754,0.5503626107977437,560,681,1241,0.0,0.0008333472224553162,0.5503626107977417,0.0
10386,8.655144252404208,0.5503626107977437,560,681,1241,0.0,0.0008333472224535399,0.5503626107977417,0.0
10387,8.655977599626661,0.5503626107977437,560,681,1241,0.0,0.0008333472224535399,0.5503626107977417,0.0
10388,8.656810946849115,0.5503626107977437,560,681,1241,0.0,0.0008333472224535399,0.5503626107977417,0.0
10389,8.657644294071568,0.5503626107977437,560,681,1241,0.0,0.0008333472224535399,0.5503626107977417,0.0
10390,8.658477641294022,0.5503626107977437,560,681,1241,0.0,0.0008333472224535399,0.5503626107977417,0.0
10391,8.659310988516475,0.5503626107977437,560,681,1241,0.0,0.0008333472224535399,0.5503626107977417,0.0
10392,8.660144335738929,0.5503626107977437,560,681,1241,0.0,0.0008333472224535399,0.5503626107977417,0.0
10393,8.660977682961382,0.5503626107977437,560,681,1241,0.0,0.0008333472224535399,0.5503626107977417,0.0
10394,8.661811030183836,0.5503626107977437,560,681,1241,0.0,0.0008333472224535399,0.5503626107977417,0.0
10395,8.662644377406291,0.5503626107977437,560,681,1241,0.0,0.0008333472224553162,0.5503626107977417,0.0
10396,8.663477724628745,0.5503626107977437,560,681,1241,0.0,0.0008333472224535399,0.5503626107977417,0.0
10397,8.664311071851198,0.5503626107977437,560,681,1241,0.0,0.0008333472224535399,0.5503626107977417,0.0
10398,8.665144419073652,0.5503626107977437,560,681,1241,0.0,0.0008333472224535399,0.5503626107977417,0.0
10399,8.665977766296106,0.5503626107977437,560,681,1241,0.0,0.0008333472224535399,0.5503626107977417,0.0
10400,8.666811113518559,0.5503626107977437,560,681,1241,0.0,0.0008333472224535399,0.5503626107977417,0.0
10401,8.667644460741013,0.5503626107977437,560,681,1241,0.0,0.0008333472224535399,0.5503626107977417,0.0
10402,8.668477807963466,0.5503626107977437,560,681,1241,0.0,0.0008333472224535399,0.5503626107977417,0.0
10403,8.66931115518592,0.5503626107977437,560,681,1241,0.0,0.0008333472224535399,0.5503626107977417,0.0
10404,8.670144502408373,0.5511684125705076,560,681,1241,0.0008058017727639033,0.0008333472224535399,0.5504431909750183,8.058017727639034e-05
10405,8.670977849630827,0.5511684125705076,560,681,1241,0.0,0.0008333472224535399,0.5505237711522946,8.058017727639034e-05
10406,8.671811196853282,0.5511684125705076,560,681,1241,0.0,0.0008333472224553162,0.5506043513295709,8.058017727639034e-05
10407,8.672644544075736,0.5511684125705076,560,681,1241,0.0,0.0008333472224535399,0.5506849315068473,8.058017727639034e-05
10408,8.67347789129819,0.5511684125705076,560,681,1241,0.0,0.0008333472224535399,0.5507655116841236,8.058017727639034e-05
10409,8.674311238520643,0.5511684125705076,560,681,1241,0.0,0.0008333472224535399,0.5508460918614,8.058017727639034e-05
10410,8.675144585743096,0.5511684125705076,560,681,1241,0.0,0.0008333472224535399,0.5509266720386763,8.058017727639034e-05
10411,8.67597793296555,0.5503626107977437,560,681,1241,-0.0008058017727639033,0.0008333472224535399,0.5509266720386763,0.0
10412,8.676811280188003,0.5503626107977437,560,681,1241,0.0,0.0008333472224535399,0.5509266720386763,0.0
10413,8.677644627410457,0.5503626107977437,560,681,1241,0.0,0.0008333472224535399,0.5509266720386763,0.0
10414,8.67847797463291,0.5503626107977437,560,681,1241,0.0,0.0008333472224535399,0.5508460918613999,-8.058017727639034e-05
10415,8.679311321855364,0.5503626107977437,560,681,1241,0.0,0.0008333472224535399,0.5507655116841235,-8.058017727639034e-05
10416,8.680144669077817,0.5503626107977437,560,681,1241,0.0,0.0008333472224535399,0.5506849315068472,-8.058017727639034e-05
10417,8.680978016300273,0.5503626107977437,560,681,1241,0.0,0.0008333472224553162,0.5506043513295709,-8.058017727639034e-05
10418,8.681811363522726,0.5503626107977437,560,681,1241,0.0,0.0008333472224535399,0.5505237711522944,-8.058017727639034e-05
10419,8.68264471074518,0.5503626107977437,560,681,1241,0.0,0.0008333472224535399,0.5504431909750181,-8.058017727639034e-05
10420,8.683478057967633,0.5503626107977437,560,681,1241,0.0,0.0008333472224535399,0.5503626107977417,-8.058017727639034e-05
10421,8.684311405190087,0.5503626107977437,560,681,1241,0.0,0.0008333472224535399,0.5503626107977417,0.0
10422,8.68514475241254,0.5503626107977437,560,681,1241,0.0,0.0008333472224535399,0.5503626107977417,0.0
10423,8.685978099634994,0.5503626107977437,560,681,1241,0.0,0.0008333472224535399,0.5503626107977417,0.0
10424,8.686811446857448,0.5503626107977437,560,681,1241,0.0,0.0008333472224535399,0.5503626107977417,0.0
10425,8.687644794079901,0.5503626107977437,560,681,1241,0.0,0.0008333472224535399,0.5503626107977417,0.0
10426,8.688478141302355,0.5503626107977437,560,681,1241,0.0,0.0008333472224535399,0.5503626107977417,0.0
10427,8.68931148852481,0.5503626107977437,560,681,1241,0.0,0.0008333472224553162,0.5503626107977417,0.0
10428,8.690144835747263,0.5503626107977437,560,681,1241,0.0,0.0008333472224535399,0.5503626107977417,0.0
10429,8.690978182969717,0.5503626107977437,560,681,1241,0.0,0.0008333472224535399,0.5503626107977417,0.0
10430,8.69181153019217,0.5503626107977437,560,681,1241,0.0,0.0008333472224535399,0.5503626107977417,0.0
10431,8.692644877414624,0.5503626107977437,560,681,1241,0.0,0.0008333472224535399,0.5503626107977417,0.0
10432,8.693478224637078,0.5503626107977437,560,681,1241,0.0,0.0008333472224535399,0.5503626107977417,0.0
10433,8.694311571859531,0.5503626107977437,560,681,1241,0.0,0.0008333472224535399,0.5503626107977417,0.0
10434,8.695144919081985,0.5503626107977437,560,681,1241,0.0,0.0008333472224535399,0.5503626107977417,0.0
10435,8.695978266304438,0.5503626107977437,560,681,1241,0.0,0.0008333472224535399,0.5503626107977417,0.0
10436,8.696811613526892,0.5503626107977437,560,681,1241,0.0,0.0008333472224535399,0.5503626107977417,0.0
10437,8.697644960749345,0.5503626107977437,560,681,1241,0.0,0.0008333472224535399,0.5503626107977417,0.0
10438,8.6984783079718,0.5503626107977437,560,681,1241,0.0,0.0008333472224553162,0.5503626107977417,0.0
10439,8.699311655194254,0.5503626107977437,560,681,1241,0.0,0.0008333472224535399,0.5503626107977417,0.0
10440,8.700145002416708,0.5503626107977437,560,681,1241,0.0,0.0008333472224535399,0.5503626107977417,0.0
10441,8.700978349639161,0.5503626107977437,560,681,1241,0.0,0.0008333472224535399,0.5503626107977417,0.0
10442,8.701811696861615,0.5503626107977437,560,681,1241,0.0,0.0008333472224535399,0.5503626107977417,0.0
10443,8.702645044084068,0.5503626107977437,560,681,1241,0.0,0.0008333472224535399,0.5503626107977417,0.0
10444,8.703478391306522,0.5503626107977437,560,681,1241,0.0,0.0008333472224535399,0.5503626107977417,0.0
10445,8.704311738528975,0.5503626107977437,560,681,1241,0.0,0.0008333472224535399,0.5503626107977417,0.0
10446,8.705145085751429,0.5503626107977437,560,681,1241,0.0,0.0008333472224535399,0.5503626107977417,0.0
10447,8.705978432973883,0.5503626107977437,560,681,1241,0.0,0.0008333472224535399,0.5503626107977417,0.0
10448,8.706811780196338,0.5503626107977437,560,681,1241,0.0,0.0008333472224553162,0.5503626107977417,0.0
10449,8.707645127418791,0.5503626107977437,560,681,1241,0.0,0.0008333472224535399,0.5503626107977417,0.0
10450,8.708478474641245,0.5503626107977437,560,681,1241,0.0,0.0008333472224535399,0.5503626107977417,0.0
10451,8.709311821863698,0.5503626107977437,560,681,1241,0.0,0.0008333472224535399,0.5503626107977417,0.0
10452,8.710145169086152,0.5503626107977437,560,681,1241,0.0,0.0008333472224535399,0.5503626107977417,0.0
10453,8.710978516308606,0.5503626107977437,560,681,1241,0.0,0.0008333472224535399,0.5503626107977417,0.0
10454,8.711811863531059,0.5503626107977437,560,681,1241,0.0,0.0008333472224535399,0.5503626107977417,0.0
10455,8.712645210753513,0.5503626107977437,560,681,1241,0.0,0.0008333472224535399,0.5503626107977417,0.0
10456,8.713478557975966,0.5503626107977437,560,681,1241,0.0,0.0008333472224535399,0.5503626107977417,0.0
10457,8.71431190519842,0.5503626107977437,560,681,1241,0.0,0.0008333472224535399,0.5503626107977417,0.0
10458,8.715145252420873,0.5503626107977437,560,681,1241,0.0,0.0008333472224535399,0.5503626107977417,0.0
10459,8.715978599643329,0.5503626107977437,560,681,1241,0.0,0.0008333472224553162,0.5503626107977417,0.0
10460,8.716811946865782,0.5503626107977437,560,681,1241,0.0,0.0008333472224535399,0.5503626107977417,0.0
10461,8.717645294088236,0.5503626107977437,560,681,1241,0.0,0.0008333472224535399,0.5503626107977417,0.0
10462,8.71847864131069,0.5503626107977437,560,681,1241,0.0,0.0008333472224535399,0.5503626107977417,0.0
10463,8.719311988533143,0.5503626107977437,560,681,1241,0.0,0.0008333472224535399,0.5503626107977417,0.0
10464,8.720145335755596,0.5503626107977437,560,681,1241,0.0,0.0008333472224535399,0.5503626107977417,0.0
10465,8.72097868297805,0.5503626107977437,560,681,1241,0.0,0.0008333472224535399,0.5503626107977417,0.0
10466,8.721812030200503,0.5503626107977437,560,681,1241,0.0,0.0008333472224535399,0.5503626107977417,0.0
10467,8.722645377422957,0.5503626107977437,560,681,1241,0.0,0.0008333472224535399,0.5503626107977417,0.0
10468,8.72347872464541,0.5503626107977437,560,681,1241,0.0,0.0008333472224535399,0.5503626107977417,0.0
10469,8.724312071867864,0.5503626107977437,560,681,1241,0.0,0.0008333472224535399,0.5503626107977417,0.0
10470,8.72514541909032,0.5503626107977437,560,681,1241,0.0,0.0008333472224553162,0.5503626107977417,0.0
10471,8.725978766312773,0.5503626107977437,560,681,1241,0.0,0.0008333472224535399,0.5503626107977417,0.0
10472,8.726812113535226,0.5503626107977437,560,681,1241,0.0,0.0008333472224535399,0.5503626107977417,0.0
10473,8.72764546075768,0.5503626107977437,560,681,1241,0.0,0.0008333472224535399,0.5503626107977417,0.0
10474,8.728478807980133,0.5503626107977437,560,681,1241,0.0,0.0008333472224535399,0.5503626107977417,0.0
10475,8.729312155202587,0.5503626107977437,560,681,1241,0.0,0.0008333472224535399,0.5503626107977417,0.0
10476,8.73014550242504,0.5503626107977437,560,681,1241,0.0,0.0008333472224535399,0.5503626107977417,0.0
10477,8.730978849647494,0.5503626107977437,560,681,1241,0.0,0.0008333472224535399,0.5503626107977417,0.0
10478,8.731812196869948,0.5503626107977437,560,681,1241,0.0,0.0008333472224535399,0.5503626107977417,0.0
10479,8.732645544092401,0.5503626107977437,560,681,1241,0.0,0.0008333472224535399,0.5503626107977417,0.0
10480,8.733478891314856,0.5503626107977437,560,681,1241,0.0,0.0008333472224553162,0.5503626107977417,0.0
10481,8.73431223853731,0.5503626107977437,560,681,1241,0.0,0.0008333472224535399,0.5503626107977417,0.0
10482,8.735145585759764,0.5503626107977437,560,681,1241,0.0,0.0008333472224535399,0.5503626107977417,0.0
10483,8.735978932982217,0.5503626107977437,560,681,1241,0.0,0.0008333472224535399,0.5503626107977417,0.0
10484,8.73681228020467,0.5503626107977437,560,681,1241,0.0,0.0008333472224535399,0.5503626107977417,0.0
10485,8.737645627427124,0.5503626107977437,560,681,1241,0.0,0.0008333472224535399,0.5503626107977417,0.0
10486,8.738478974649578,0.5503626107977437,560,681,1241,0.0,0.0008333472224535399,0.5503626107977417,0.0
10487,8.739312321872031,0.5503626107977437,560,681,1241,0.0,0.0008333472224535399,0.5503626107977417,0.0
10488,8.740145669094485,0.5503626107977437,560,681,1241,0.0,0.0008333472224535399,0.5503626107977417,0.0
10489,8.740979016316938,0.5503626107977437,560,681,1241,0.0,0.0008333472224535399,0.5503626107977417,0.0
10490,8.741812363539392,0.5503626107977437,560,681,1241,0.0,0.0008333472224535399,0.5503626107977417,0.0
10491,8.742645710761847,0.5503626107977437,560,681,1241,0.0,0.0008333472224553162,0.5503626107977417,0.0
10492,8.7434790579843,0.5503626107977437,560,681,1241,0.0,0.0008333472224535399,0.5503626107977417,0.0
10493,8.744312405206754,0.5511684125705076,560,681,1241,0.0008058017727639033,0.0008333472224535399,0.5504431909750183,8.058017727639034e-05
10494,8.745145752429208,0.5511684125705076,560,681,1241,0.0,0.0008333472224535399,0.5505237711522946,8.058017727639034e-05
10495,8.745979099651661,0.5511684125705076,560,681,1241,0.0,0.0008333472224535399,0.5506043513295709,8.058017727639034e-05
10496,8.746812446874115,0.5511684125705076,560,681,1241,0.0,0.0008333472224535399,0.5506849315068473,8.058017727639034e-05
10497,8.747645794096568,0.5511684125705076,560,681,1241,0.0,0.0008333472224535399,0.5507655116841236,8.058017727639034e-05
10498,8.748479141319022,0.5511684125705076,560,681,1241,0.0,0.0008333472224535399,0.5508460918614,8.058017727639034e-05
10499,8.749312488541475,0.5511684125705076,560,681,1241,0.0,0.0008333472224535399,0.5509266720386763,8.058017727639034e-05
10500,8.750145835763929,0.5511684125705076,560,681,1241,0.0,0.0008333472224535399,0.5510072522159526,8.058017727639034e-05
10501,8.750979182986384,0.5511684125705076,560,681,1241,0.0,0.0008333472224553162,0.551087832393229,8.058017727639034e-05
10502,8.751812530208838,0.5511684125705076,560,681,1241,0.0,0.0008333472224535399,0.5511684125705053,8.058017727639034e-05
10503,8.752645877431291,0.5511684125705076,560,681,1241,0.0,0.0008333472224535399,0.5511684125705052,0.0
10504,8.753479224653745,0.5511684125705076,560,681,1241,0.0,0.0008333472224535399,0.5511684125705052,0.0
10505,8.754312571876198,0.5511684125705076,560,681,1241,0.0,0.0008333472224535399,0.5511684125705052,0.0
10506,8.755145919098652,0.5511684125705076,560,681,1241,0.0,0.0008333472224535399,0.5511684125705052,0.0
10507,8.755979266321106,0.5511684125705076,560,681,1241,0.0,0.0008333472224535399,0.5511684125705052,0.0
10508,8.756812613543559,0.5511684125705076,560,681,1241,0.0,0.0008333472224535399,0.5511684125705052,0.0
10509,8.757645960766013,0.5511684125705076,560,681,1241,0.0,0.0008333472224535399,0.5511684125705052,0.0
10510,8.758479307988466,0.5511684125705076,560,681,1241,0.0,0.0008333472224535399,0.5511684125705052,0.0
10511,8.75931265521092,0.5511684125705076,560,681,1241,0.0,0.0008333472224535399,0.5511684125705052,0.0
10512,8.760146002433375,0.5511684125705076,560,681,1241,0.0,0.0008333472224553162,0.5511684125705052,0.0
10513,8.760979349655829,0.5511684125705076,560,681,1241,0.0,0.0008333472224535399,0.5511684125705052,0.0
10514,8.761812696878282,0.5511684125705076,560,681,1241,0.0,0.0008333472224535399,0.5511684125705052,0.0
10515,8.762646044100736,0.5511684125705076,560,681,1241,0.0,0.0008333472224535399,0.5511684125705052,0.0
10516,8.76347939132319,0.5511684125705076,560,681,1241,0.0,0.0008333472224535399,0.5511684125705052,0.0
10517,8.764312738545643,0.5511684125705076,560,681,1241,0.0,0.0008333472224535399,0.5511684125705052,0.0
10518,8.765146085768096,0.5511684125705076,560,681,1241,0.0,0.0008333472224535399,0.5511684125705052,0.0
10519,8.76597943299055,0.5511684125705076,560,681,1241,0.0,0.0008333472224535399,0.5511684125705052,0.0
10520,8.766812780213003,0.5511684125705076,560,681,1241,0.0,0.0008333472224535399,0.5511684125705052,0.0
10521,8.767646127435457,0.5511684125705076,560,681,1241,0.0,0.0008333472224535399,0.5511684125705052,0.0
10522,8.768479474657912,0.5511684125705076,560,681,1241,0.0,0.0008333472224553162,0.5511684125705052,0.0
10523,8.769312821880366,0.5511684125705076,560,681,1241,0.0,0.0008333472224535399,0.5511684125705052,0.0
10524,8.77014616910282,0.5511684125705076,560,681,1241,0.0,0.0008333472224535399,0.5511684125705052,0.0
10525,8.770979516325273,0.5511684125705076,560,681,1241,0.0,0.0008333472224535399,0.5511684125705052,0.0
10526,8.771812863547726,0.5511684125705076,560,681,1241,0.0,0.0008333472224535399,0.5511684125705052,0.0
10527,8.77264621077018,0.5503626107977437,560,681,1241,-0.0008058017727639033,0.0008333472224535399,0.5510878323932289,-8.058017727639034e-05
10528,8.773479557992633,0.5503626107977437,560,681,1241,0.0,0.0008333472224535399,0.5510072522159526,-8.058017727639034e-05
10529,8.774312905215087,0.5503626107977437,560,681,1241,0.0,0.0008333472224535399,0.5509266720386762,-8.058017727639034e-05
10530,8.77514625243754,0.5503626107977437,560,681,1241,0.0,0.0008333472224535399,0.5508460918613999,-8.058017727639034e-05
10531,8.775979599659994,0.5503626107977437,560,681,1241,0.0,0.0008333472224535399,0.5507655116841235,-8.058017727639034e-05
10532,8.776812946882448,0.5503626107977437,560,681,1241,0.0,0.0008333472224535399,0.5506849315068472,-8.058017727639034e-05
10533,8.777646294104903,0.5495568090249798,560,681,1241,-0.0008058017727639033,0.0008333472224553162,0.5505237711522943,-0.00016116035455278067
10534,8.778479641327356,0.5495568090249798,560,681,1241,0.0,0.0008333472224535399,0.5503626107977414,-0.00016116035455278067
10535,8.77931298854981,0.5495568090249798,560,681,1241,0.0,0.0008333472224535399,0.5502014504431886,-0.00016116035455278067
10536,8.780146335772264,0.5495568090249798,560,681,1241,0.0,0.0008333472224535399,0.5500402900886356,-0.00016116035455278067
10537,8.780979682994717,0.5495568090249798,560,681,1241,0.0,0.0008333472224535399,0.5499597099113592,-8.058017727639034e-05
10538,8.78181303021717,0.5495568090249798,560,681,1241,0.0,0.0008333472224535399,0.5498791297340829,-8.058017727639034e-05
10539,8.782646377439624,0.5495568090249798,560,681,1241,0.0,0.0008333472224535399,0.5497985495568065,-8.058017727639034e-05
10540,8.783479724662078,0.5495568090249798,560,681,1241,0.0,0.0008333472224535399,0.5497179693795302,-8.058017727639034e-05
10541,8.784313071884531,0.5495568090249798,560,681,1241,0.0,0.0008333472224535399,0.5496373892022539,-8.058017727639034e-05
10542,8.785146419106985,0.5495568090249798,560,681,1241,0.0,0.0008333472224535399,0.5495568090249775,-8.058017727639034e-05
10543,8.785979766329438,0.5495568090249798,560,681,1241,0.0,0.0008333472224535399,0.5495568090249776,0.0
10544,8.786813113551894,0.5495568090249798,560,681,1241,0.0,0.0008333472224553162,0.5495568090249776,0.0
10545,8.787646460774347,0.5495568090249798,560,681,1241,0.0,0.0008333472224535399,0.5495568090249776,0.0
10546,8.7884798079968,0.5495568090249798,560,681,1241,0.0,0.0008333472224535399,0.5495568090249776,0.0
10547,8.789313155219254,0.5495568090249798,560,681,1241,0.0,0.0008333472224535399,0.5495568090249776,0.0
10548,8.790146502441708,0.5495568090249798,560,681,1241,0.0,0.0008333472224535399,0.5495568090249776,0.0
10549,8.790979849664161,0.5495568090249798,560,681,1241,0.0,0.0008333472224535399,0.5495568090249776,0.0
10550,8.791813196886615,0.5503626107977437,560,681,1241,0.0008058017727639033,0.0008333472224535399,0.5496373892022539,8.058017727639034e-05
10551,8.792646544109068,0.5503626107977437,560,681,1241,0.0,0.0008333472224535399,0.5497179693795303,8.058017727639034e-05
10552,8.793479891331522,0.5503626107977437,560,681,1241,0.0,0.0008333472224535399,0.5497985495568066,8.058017727639034e-05
10553,8.794313238553976,0.5503626107977437,560,681,1241,0.0,0.0008333472224535399,0.549879129734083,8.058017727639034e-05
10554,8.79514658577643,0.5503626107977437,560,681,1241,0.0,0.0008333472224553162,0.5499597099113593,8.058017727639034e-05
10555,8.795979932998884,0.5495568090249798,560,681,1241,-0.0008058017727639033,0.0008333472224535399,0.5499597099113593,0.0
10556,8.796813280221338,0.5495568090249798,560,681,1241,0.0,0.0008333472224535399,0.5499597099113593,0.0
10557,8.797646627443791,0.5495568090249798,560,681,1241,0.0,0.0008333472224535399,0.5499597099113593,0.0
10558,8.798479974666245,0.5495568090249798,560,681,1241,0.0,0.0008333472224535399,0.5499597099113593,0.0
10559,8.799313321888699,0.5495568090249798,560,681,1241,0.0,0.0008333472224535399,0.5499597099113593,0.0
10560,8.800146669111152,0.5495568090249798,560,681,1241,0.0,0.0008333472224535399,0.5498791297340829,-8.058017727639034e-05
10561,8.800980016333606,0.5495568090249798,560,681,1241,0.0,0.0008333472224535399,0.5497985495568065,-8.058017727639034e-05
10562,8.80181336355606,0.5495568090249798,560,681,1241,0.0,0.0008333472224535399,0.5497179693795302,-8.058017727639034e-05
10563,8.802646710778513,0.5495568090249798,560,681,1241,0.0,0.0008333472224535399,0.5496373892022539,-8.058017727639034e-05
10564,8.803480058000966,0.5495568090249798,560,681,1241,0.0,0.0008333472224535399,0.5495568090249775,-8.058017727639034e-05
10565,8.804313405223422,0.5495568090249798,560,681,1241,0.0,0.0008333472224553162,0.5495568090249776,0.0
10566,8.805146752445875,0.5495568090249798,560,681,1241,0.0,0.0008333472224535399,0.5495568090249776,0.0
10567,8.805980099668329,0.5495568090249798,560,681,1241,0.0,0.0008333472224535399,0.5495568090249776,0.0
10568,8.806813446890782,0.5495568090249798,560,681,1241,0.0,0.0008333472224535399,0.5495568090249776,0.0
10569,8.807646794113236,0.5495568090249798,560,681,1241,0.0,0.0008333472224535399,0.5495568090249776,0.0
10570,8.80848014133569,0.5495568090249798,560,681,1241,0.0,0.0008333472224535399,0.5495568090249776,0.0
10571,8.809313488558143,0.5495568090249798,560,681,1241,0.0,0.0008333472224535399,0.5495568090249776,0.0
10572,8.810146835780596,0.5495568090249798,560,681,1241,0.0,0.0008333472224535399,0.5495568090249776,0.0
10573,8.81098018300305,0.5495568090249798,560,681,1241,0.0,0.0008333472224535399,0.5495568090249776,0.0
10574,8.811813530225503,0.5495568090249798,560,681,1241,0.0,0.0008333472224535399,0.5495568090249776,0.0
10575,8.812646877447959,0.5495568090249798,560,681,1241,0.0,0.0008333472224553162,0.5495568090249776,0.0
10576,8.813480224670412,0.5495568090249798,560,681,1241,0.0,0.0008333472224535399,0.5495568090249776,0.0
10577,8.814313571892866,0.5495568090249798,560,681,1241,0.0,0.0008333472224535399,0.5495568090249776,0.0
10578,8.81514691911532,0.5495568090249798,560,681,1241,0.0,0.0008333472224535399,0.5495568090249776,0.0
10579,8.815980266337773,0.5495568090249798,560,681,1241,0.0,0.0008333472224535399,0.5495568090249776,0.0
10580,8.816813613560226,0.5495568090249798,560,681,1241,0.0,0.0008333472224535399,0.5495568090249776,0.0
10581,8.81764696078268,0.5495568090249798,560,681,1241,0.0,0.0008333472224535399,0.5495568090249776,0.0
10582,8.818480308005133,0.5495568090249798,560,681,1241,0.0,0.0008333472224535399,0.5495568090249776,0.0
10583,8.819313655227587,0.5495568090249798,560,681,1241,0.0,0.0008333472224535399,0.5495568090249776,0.0
10584,8.82014700245004,0.5495568090249798,560,681,1241,0.0,0.0008333472224535399,0.5495568090249776,0.0
10585,8.820980349672494,0.5495568090249798,560,681,1241,0.0,0.0008333472224535399,0.5495568090249776,0.0
10586,8.82181369689495,0.5495568090249798,560,681,1241,0.0,0.0008333472224553162,0.5495568090249776,0.0
10587,8.822647044117403,0.5495568090249798,560,681,1241,0.0,0.0008333472224535399,0.5495568090249776,0.0
10588,8.823480391339857,0.5495568090249798,560,681,1241,0.0,0.0008333472224535399,0.5495568090249776,0.0
10589,8.82431373856231,0.5495568090249798,560,681,1241,0.0,0.0008333472224535399,0.5495568090249776,0.0
10590,8.825147085784764,0.5495568090249798,560,681,1241,0.0,0.0008333472224535399,0.5495568090249776,0.0
10591,8.825980433007217,0.5495568090249798,560,681,1241,0.0,0.0008333472224535399,0.5495568090249776,0.0
10592,8.82681378022967,0.5495568090249798,560,681,1241,0.0,0.0008333472224535399,0.5495568090249776,0.0
10593,8.827647127452124,0.5495568090249798,560,681,1241,0.0,0.0008333472224535399,0.5495568090249776,0.0
10594,8.828480474674578,0.5495568090249798,560,681,1241,0.0,0.0008333472224535399,0.5495568090249776,0.0
10595,8.829313821897031,0.5495568090249798,560,681,1241,0.0,0.0008333472224535399,0.5495568090249776,0.0
10596,8.830147169119485,0.5495568090249798,560,681,1241,0.0,0.0008333472224535399,0.5495568090249776,0.0
10597,8.83098051634194,0.5495568090249798,560,681,1241,0.0,0.0008333472224553162,0.5495568090249776,0.0
10598,8.831813863564394,0.5495568090249798,560,681,1241,0.0,0.0008333472224535399,0.5495568090249776,0.0
10599,8.832647210786847,0.5495568090249798,560,681,1241,0.0,0.0008333472224535399,0.5495568090249776,0.0
10600,8.8334805580093,0.5495568090249798,560,681,1241,0.0,0.0008333472224535399,0.5495568090249776,0.0
10601,8.834313905231754,0.5495568090249798,560,681,1241,0.0,0.0008333472224535399,0.5495568090249776,0.0
10602,8.835147252454208,0.5495568090249798,560,681,1241,0.0,0.0008333472224535399,0.5495568090249776,0.0
10603,8.835980599676661,0.5495568090249798,560,681,1241,0.0,0.0008333472224535399,0.5495568090249776,0.0
10604,8.836813946899115,0.5495568090249798,560,681,1241,0.0,0.0008333472224535399,0.5495568090249776,0.0
10605,8.837647294121568,0.5495568090249798,560,681,1241,0.0,0.0008333472224535399,0.5495568090249776,0.0
10606,8.838480641344022,0.5495568090249798,560,681,1241,0.0,0.0008333472224535399,0.5495568090249776,0.0
10607,8.839313988566477,0.5503626107977437,560,681,1241,0.0008058017727639033,0.0008333472224553162,0.5496373892022539,8.058017727639034e-05
10608,8.84014733578893,0.5503626107977437,560,681,1241,0.0,0.0008333472224535399,0.5497179693795303,8.058017727639034e-05
10609,8.840980683011384,0.5503626107977437,560,681,1241,0.0,0.0008333472224535399,0.5497985495568066,8.058017727639034e-05
10610,8.841814030233838,0.5503626107977437,560,681,1241,0.0,0.0008333472224535399,0.549879129734083,8.058017727639034e-05
10611,8.842647377456291,0.5503626107977437,560,681,1241,0.0,0.0008333472224535399,0.5499597099113593,8.058017727639034e-05
10612,8.843480724678745,0.5503626107977437,560,681,1241,0.0,0.0008333472224535399,0.5500402900886356,8.058017727639034e-05
10613,8.844314071901199,0.5503626107977437,560,681,1241,0.0,0.0008333472224535399,0.550120870265912,8.058017727639034e-05
10614,8.845147419123652,0.5503626107977437,560,681,1241,0.0,0.0008333472224535399,0.5502014504431884,8.058017727639034e-05
10615,8.845980766346106,0.5503626107977437,560,681,1241,0.0,0.0008333472224535399,0.5502820306204648,8.058017727639034e-05
10616,8.84681411356856,0.5503626107977437,560,681,1241,0.0,0.0008333472224535399,0.5503626107977411,8.058017727639034e-05
10617,8.847647460791013,0.5503626107977437,560,681,1241,0.0,0.0008333472224535399,0.5503626107977411,0.0
10618,8.848480808013468,0.5503626107977437,560,681,1241,0.0,0.0008333472224553162,0.5503626107977411,0.0
10619,8.849314155235922,0.5503626107977437,560,681,1241,0.0,0.0008333472224535399,0.5503626107977411,0.0
10620,8.850147502458375,0.5503626107977437,560,681,1241,0.0,0.0008333472224535399,0.5503626107977411,0.0
10621,8.850980849680829,0.5503626107977437,560,681,1241,0.0,0.0008333472224535399,0.5503626107977411,0.0
10622,8.851814196903282,0.5503626107977437,560,681,1241,0.0,0.0008333472224535399,0.5503626107977411,0.0
10623,8.852647544125736,0.5503626107977437,560,681,1241,0.0,0.0008333472224535399,0.5503626107977411,0.0
10624,8.85348089134819,0.5503626107977437,560,681,1241,0.0,0.0008333472224535399,0.5503626107977411,0.0
10625,8.854314238570643,0.5503626107977437,560,681,1241,0.0,0.0008333472224535399,0.5503626107977411,0.0
10626,8.855147585793096,0.5503626107977437,560,681,1241,0.0,0.0008333472224535399,0.5503626107977411,0.0
10627,8.85598093301555,0.5503626107977437,560,681,1241,0.0,0.0008333472224535399,0.5503626107977411,0.0
10628,8.856814280238005,0.5503626107977437,560,681,1241,0.0,0.0008333472224553162,0.5503626107977411,0.0
10629,8.857647627460459,0.5503626107977437,560,681,1241,0.0,0.0008333472224535399,0.5503626107977411,0.0
10630,8.858480974682912,0.5503626107977437,560,681,1241,0.0,0.0008333472224535399,0.5503626107977411,0.0
10631,8.859314321905366,0.5503626107977437,560,681,1241,0.0,0.0008333472224535399,0.5503626107977411,0.0
10632,8.86014766912782,0.5503626107977437,560,681,1241,0.0,0.0008333472224535399,0.5503626107977411,0.0
10633,8.860981016350273,0.5503626107977437,560,681,1241,0.0,0.0008333472224535399,0.5503626107977411,0.0
10634,8.861814363572726,0.5503626107977437,560,681,1241,0.0,0.0008333472224535399,0.5503626107977411,0.0
10635,8.86264771079518,0.5503626107977437,560,681,1241,0.0,0.0008333472224535399,0.5503626107977411,0.0
10636,8.863481058017634,0.5503626107977437,560,681,1241,0.0,0.0008333472224535399,0.5503626107977411,0.0
10637,8.864314405240087,0.5503626107977437,560,681,1241,0.0,0.0008333472224535399,0.5503626107977411,0.0
10638,8.86514775246254,0.5511684125705076,560,681,1241,0.0008058017727639033,0.0008333472224535399,0.5504431909750175,8.058017727639034e-05
10639,8.865981099684996,0.5511684125705076,560,681,1241,0.0,0.0008333472224553162,0.5505237711522939,8.058017727639034e-05
10640,8.86681444690745,0.5511684125705076,560,681,1241,0.0,0.0008333472224535399,0.5506043513295702,8.058017727639034e-05
10641,8.867647794129903,0.5511684125705076,560,681,1241,0.0,0.0008333472224535399,0.5506849315068465,8.058017727639034e-05
10642,8.868481141352357,0.5511684125705076,560,681,1241,0.0,0.0008333472224535399,0.5507655116841229,8.058017727639034e-05
10643,8.86931448857481,0.5511684125705076,560,681,1241,0.0,0.0008333472224535399,0.5508460918613992,8.058017727639034e-05
10644,8.870147835797264,0.5511684125705076,560,681,1241,0.0,0.0008333472224535399,0.5509266720386756,8.058017727639034e-05
10645,8.870981183019717,0.5503626107977437,560,681,1241,-0.0008058017727639033,0.0008333472224535399,0.5509266720386756,0.0
10646,8.87181453024217,0.5503626107977437,560,681,1241,0.0,0.0008333472224535399,0.5509266720386756,0.0
10647,8.872647877464624,0.5503626107977437,560,681,1241,0.0,0.0008333472224535399,0.5509266720386756,0.0
10648,8.873481224687078,0.5503626107977437,560,681,1241,0.0,0.0008333472224535399,0.5508460918613991,-8.058017727639034e-05
10649,8.874314571909531,0.5503626107977437,560,681,1241,0.0,0.0008333472224535399,0.5507655116841228,-8.058017727639034e-05
10650,8.875147919131987,0.5503626107977437,560,681,1241,0.0,0.0008333472224553162,0.5506849315068465,-8.058017727639034e-05
10651,8.87598126635444,0.5503626107977437,560,681,1241,0.0,0.0008333472224535399,0.5506043513295701,-8.058017727639034e-05
10652,8.876814613576894,0.5503626107977437,560,681,1241,0.0,0.0008333472224535399,0.5505237711522938,-8.058017727639034e-05
10653,8.877647960799347,0.5503626107977437,560,681,1241,0.0,0.0008333472224535399,0.5504431909750174,-8.058017727639034e-05
10654,8.8784813080218,0.5503626107977437,560,681,1241,0.0,0.0008333472224535399,0.5503626107977411,-8.058017727639034e-05
10655,8.879314655244254,0.5503626107977437,560,681,1241,0.0,0.0008333472224535399,0.5503626107977411,0.0
10656,8.880148002466708,0.5503626107977437,560,681,1241,0.0,0.0008333472224535399,0.5503626107977411,0.0
10657,8.880981349689161,0.5503626107977437,560,681,1241,0.0,0.0008333472224535399,0.5503626107977411,0.0
10658,8.881814696911615,0.5503626107977437,560,681,1241,0.0,0.0008333472224535399,0.5503626107977411,0.0
10659,8.882648044134068,0.5503626107977437,560,681,1241,0.0,0.0008333472224535399,0.5503626107977411,0.0
10660,8.883481391356524,0.5503626107977437,560,681,1241,0.0,0.0008333472224553162,0.5503626107977411,0.0
10661,8.884314738578977,0.5503626107977437,560,681,1241,0.0,0.0008333472224535399,0.5503626107977411,0.0
10662,8.885148085801431,0.5503626107977437,560,681,1241,0.0,0.0008333472224535399,0.5503626107977411,0.0
10663,8.885981433023884,0.5503626107977437,560,681,1241,0.0,0.0008333472224535399,0.5503626107977411,0.0
10664,8.886814780246338,0.5503626107977437,560,681,1241,0.0,0.0008333472224535399,0.5503626107977411,0.0
10665,8.887648127468792,0.5503626107977437,560,681,1241,0.0,0.0008333472224535399,0.5503626107977411,0.0
10666,8.888481474691245,0.5503626107977437,560,681,1241,0.0,0.0008333472224535399,0.5503626107977411,0.0
10667,8.889314821913699,0.5503626107977437,560,681,1241,0.0,0.0008333472224535399,0.5503626107977411,0.0
10668,8.890148169136152,0.5503626107977437,560,681,1241,0.0,0.0008333472224535399,0.5503626107977411,0.0
10669,8.890981516358606,0.5503626107977437,560,681,1241,0.0,0.0008333472224535399,0.5503626107977411,0.0
10670,8.89181486358106,0.5503626107977437,560,681,1241,0.0,0.0008333472224535399,0.5503626107977411,0.0
10671,8.892648210803515,0.5503626107977437,560,681,1241,0.0,0.0008333472224553162,0.5503626107977411,0.0
10672,8.893481558025968,0.5503626107977437,560,681,1241,0.0,0.0008333472224535399,0.5503626107977411,0.0
10673,8.894314905248422,0.5503626107977437,560,681,1241,0.0,0.0008333472224535399,0.5503626107977411,0.0
10674,8.895148252470875,0.5503626107977437,560,681,1241,0.0,0.0008333472224535399,0.5503626107977411,0.0
10675,8.895981599693329,0.5503626107977437,560,681,1241,0.0,0.0008333472224535399,0.5503626107977411,0.0
10676,8.896814946915782,0.5503626107977437,560,681,1241,0.0,0.0008333472224535399,0.5503626107977411,0.0
10677,8.897648294138236,0.5503626107977437,560,681,1241,0.0,0.0008333472224535399,0.5503626107977411,0.0
10678,8.89848164136069,0.5503626107977437,560,681,1241,0.0,0.0008333472224535399,0.5503626107977411,0.0
10679,8.899314988583143,0.5503626107977437,560,681,1241,0.0,0.0008333472224535399,0.5503626107977411,0.0
10680,8.900148335805596,0.5503626107977437,560,681,1241,0.0,0.0008333472224535399,0.5503626107977411,0.0
10681,8.900981683028052,0.5503626107977437,560,681,1241,0.0,0.0008333472224553162,0.5503626107977411,0.0
10682,8.901815030250505,0.5503626107977437,560,681,1241,0.0,0.0008333472224535399,0.5503626107977411,0.0
10683,8.902648377472959,0.5503626107977437,560,681,1241,0.0,0.0008333472224535399,0.5503626107977411,0.0
10684,8.903481724695412,0.5503626107977437,560,681,1241,0.0,0.0008333472224535399,0.5503626107977411,0.0
10685,8.904315071917866,0.5503626107977437,560,681,1241,0.0,0.0008333472224535399,0.5503626107977411,0.0
10686,8.90514841914032,0.5503626107977437,560,681,1241,0.0,0.0008333472224535399,0.5503626107977411,0.0
10687,8.905981766362773,0.5503626107977437,560,681,1241,0.0,0.0008333472224535399,0.5503626107977411,0.0
10688,8.906815113585226,0.5503626107977437,560,681,1241,0.0,0.0008333472224535399,0.5503626107977411,0.0
10689,8.90764846080768,0.5503626107977437,560,681,1241,0.0,0.0008333472224535399,0.5503626107977411,0.0
10690,8.908481808030134,0.5503626107977437,560,681,1241,0.0,0.0008333472224535399,0.5503626107977411,0.0
10691,8.909315155252587,0.5503626107977437,560,681,1241,0.0,0.0008333472224535399,0.5503626107977411,0.0
10692,8.910148502475042,0.5503626107977437,560,681,1241,0.0,0.0008333472224553162,0.5503626107977411,0.0
10693,8.910981849697496,0.5503626107977437,560,681,1241,0.0,0.0008333472224535399,0.5503626107977411,0.0
10694,8.91181519691995,0.5503626107977437,560,681,1241,0.0,0.0008333472224535399,0.5503626107977411,0.0
10695,8.912648544142403,0.5503626107977437,560,681,1241,0.0,0.0008333472224535399,0.5503626107977411,0.0
10696,8.913481891364857,0.5503626107977437,560,681,1241,0.0,0.0008333472224535399,0.5503626107977411,0.0
10697,8.91431523858731,0.5503626107977437,560,681,1241,0.0,0.0008333472224535399,0.5503626107977411,0.0
10698,8.915148585809764,0.5503626107977437,560,681,1241,0.0,0.0008333472224535399,0.5503626107977411,0.0
10699,8.915981933032217,0.5503626107977437,560,681,1241,0.0,0.0008333472224535399,0.5503626107977411,0.0
10700,8.91681528025467,0.5503626107977437,560,681,1241,0.0,0.0008333472224535399,0.5503626107977411,0.0
10701,8.917648627477124,0.5503626107977437,560,681,1241,0.0,0.0008333472224535399,0.5503626107977411,0.0
10702,8.918481974699578,0.5503626107977437,560,681,1241,0.0,0.0008333472224535399,0.5503626107977411,0.0
10703,8.919315321922033,0.5503626107977437,560,681,1241,0.0,0.0008333472224553162,0.5503626107977411,0.0
10704,8.920148669144487,0.5503626107977437,560,681,1241,0.0,0.0008333472224535399,0.5503626107977411,0.0
10705,8.92098201636694,0.5503626107977437,560,681,1241,0.0,0.0008333472224535399,0.5503626107977411,0.0
10706,8.921815363589394,0.5503626107977437,560,681,1241,0.0,0.0008333472224535399,0.5503626107977411,0.0
10707,8.922648710811847,0.5495568090249798,560,681,1241,-0.0008058017727639033,0.0008333472224535399,0.5502820306204647,-8.058017727639034e-05
10708,8.9234820580343,0.5495568090249798,560,681,1241,0.0,0.0008333472224535399,0.5502014504431882,-8.058017727639034e-05
10709,8.924315405256754,0.5495568090249798,560,681,1241,0.0,0.0008333472224535399,0.5501208702659119,-8.058017727639034e-05
10710,8.925148752479208,0.5495568090249798,560,681,1241,0.0,0.0008333472224535399,0.5500402900886356,-8.058017727639034e-05
10711,8.925982099701661,0.5495568090249798,560,681,1241,0.0,0.0008333472224535399,0.5499597099113592,-8.058017727639034e-05
10712,8.926815446924115,0.5495568090249798,560,681,1241,0.0,0.0008333472224535399,0.5498791297340829,-8.058017727639034e-05
10713,8.92764879414657,0.5495568090249798,560,681,1241,0.0,0.0008333472224553162,0.5497985495568065,-8.058017727639034e-05
10714,8.928482141369024,0.5495568090249798,560,681,1241,0.0,0.0008333472224535399,0.5497179693795302,-8.058017727639034e-05
10715,8.929315488591477,0.5495568090249798,560,681,1241,0.0,0.0008333472224535399,0.5496373892022539,-8.058017727639034e-05
10716,8.930148835813931,0.5495568090249798,560,681,1241,0.0,0.0008333472224535399,0.5495568090249775,-8.058017727639034e-05
10717,8.930982183036384,0.5495568090249798,560,681,1241,0.0,0.0008333472224535399,0.5495568090249776,0.0
10718,8.931815530258838,0.5495568090249798,560,681,1241,0.0,0.0008333472224535399,0.5495568090249776,0.0
10719,8.932648877481292,0.5495568090249798,560,681,1241,0.0,0.0008333472224535399,0.5495568090249776,0.0
10720,8.933482224703745,0.5495568090249798,560,681,1241,0.0,0.0008333472224535399,0.5495568090249776,0.0
10721,8.934315571926199,0.5495568090249798,560,681,1241,0.0,0.0008333472224535399,0.5495568090249776,0.0
10722,8.935148919148652,0.5495568090249798,560,681,1241,0.0,0.0008333472224535399,0.5495568090249776,0.0
10723,8.935982266371106,0.5495568090249798,560,681,1241,0.0,0.0008333472224535399,0.5495568090249776,0.0
10724,8.936815613593561,0.5495568090249798,560,681,1241,0.0,0.0008333472224553162,0.5495568090249776,0.0
10725,8.937648960816015,0.5495568090249798,560,681,1241,0.0,0.0008333472224535399,0.5495568090249776,0.0
10726,8.938482308038468,0.5495568090249798,560,681,1241,0.0,0.0008333472224535399,0.5495568090249776,0.0
10727,8.939315655260922,0.5495568090249798,560,681,1241,0.0,0.0008333472224535399,0.5495568090249776,0.0
10728,8.940149002483375,0.5495568090249798,560,681,1241,0.0,0.0008333472224535399,0.5495568090249776,0.0
10729,8.940982349705829,0.5495568090249798,560,681,1241,0.0,0.0008333472224535399,0.5495568090249776,0.0
10730,8.941815696928282,0.5495568090249798,560,681,1241,0.0,0.0008333472224535399,0.5495568090249776,0.0
10731,8.942649044150736,0.5495568090249798,560,681,1241,0.0,0.0008333472224535399,0.5495568090249776,0.0
10732,8.94348239137319,0.5495568090249798,560,681,1241,0.0,0.0008333472224535399,0.5495568090249776,0.0
10733,8.944315738595643,0.5495568090249798,560,681,1241,0.0,0.0008333472224535399,0.5495568090249776,0.0
10734,8.945149085818098,0.5495568090249798,560,681,1241,0.0,0.0008333472224553162,0.5495568090249776,0.0
10735,8.945982433040552,0.5495568090249798,560,681,1241,0.0,0.0008333472224535399,0.5495568090249776,0.0
10736,8.946815780263005,0.5495568090249798,560,681,1241,0.0,0.0008333472224535399,0.5495568090249776,0.0
10737,8.947649127485459,0.5495568090249798,560,681,1241,0.0,0.0008333472224535399,0.5495568090249776,0.0
10738,8.948482474707912,0.5495568090249798,560,681,1241,0.0,0.0008333472224535399,0.5495568090249776,0.0
10739,8.949315821930366,0.5495568090249798,560,681,1241,0.0,0.0008333472224535399,0.5495568090249776,0.0
10740,8.95014916915282,0.5495568090249798,560,681,1241,0.0,0.0008333472224535399,0.5495568090249776,0.0
10741,8.950982516375273,0.5495568090249798,560,681,1241,0.0,0.0008333472224535399,0.5495568090249776,0.0
10742,8.951815863597727,0.5495568090249798,560,681,1241,0.0,0.0008333472224535399,0.5495568090249776,0.0
10743,8.95264921082018,0.5495568090249798,560,681,1241,0.0,0.0008333472224535399,0.5495568090249776,0.0
10744,8.953482558042634,0.5495568090249798,560,681,1241,0.0,0.0008333472224535399,0.5495568090249776,0.0
10745,8.954315905265089,0.5495568090249798,560,681,1241,0.0,0.0008333472224553162,0.5495568090249776,0.0
10746,8.955149252487542,0.5495568090249798,560,681,1241,0.0,0.0008333472224535399,0.5495568090249776,0.0
10747,8.955982599709996,0.5495568090249798,560,681,1241,0.0,0.0008333472224535399,0.5495568090249776,0.0
10748,8.95681594693245,0.5495568090249798,560,681,1241,0.0,0.0008333472224535399,0.5495568090249776,0.0
10749,8.957649294154903,0.5495568090249798,560,681,1241,0.0,0.0008333472224535399,0.5495568090249776,0.0
10750,8.958482641377357,0.5495568090249798,560,681,1241,0.0,0.0008333472224535399,0.5495568090249776,0.0
10751,8.95931598859981,0.5495568090249798,560,681,1241,0.0,0.0008333472224535399,0.5495568090249776,0.0
10752,8.960149335822264,0.5495568090249798,560,681,1241,0.0,0.0008333472224535399,0.5495568090249776,0.0
10753,8.960982683044717,0.5495568090249798,560,681,1241,0.0,0.0008333472224535399,0.5495568090249776,0.0
10754,8.96181603026717,0.5495568090249798,560,681,1241,0.0,0.0008333472224535399,0.5495568090249776,0.0
10755,8.962649377489626,0.5495568090249798,560,681,1241,0.0,0.0008333472224553162,0.5495568090249776,0.0
10756,8.96348272471208,0.5495568090249798,560,681,1241,0.0,0.0008333472224535399,0.5495568090249776,0.0
10757,8.964316071934533,0.5495568090249798,560,681,1241,0.0,0.0008333472224535399,0.5495568090249776,0.0
10758,8.965149419156987,0.5495568090249798,560,681,1241,0.0,0.0008333472224535399,0.5495568090249776,0.0
10759,8.96598276637944,0.5495568090249798,560,681,1241,0.0,0.0008333472224535399,0.5495568090249776,0.0
10760,8.966816113601894,0.5495568090249798,560,681,1241,0.0,0.0008333472224535399,0.5495568090249776,0.0
10761,8.967649460824347,0.5495568090249798,560,681,1241,0.0,0.0008333472224535399,0.5495568090249776,0.0
10762,8.9684828080468,0.5495568090249798,560,681,1241,0.0,0.0008333472224535399,0.5495568090249776,0.0
10763,8.969316155269254,0.5495568090249798,560,681,1241,0.0,0.0008333472224535399,0.5495568090249776,0.0
10764,8.970149502491708,0.5495568090249798,560,681,1241,0.0,0.0008333472224535399,0.5495568090249776,0.0
10765,8.970982849714161,0.5495568090249798,560,681,1241,0.0,0.0008333472224535399,0.5495568090249776,0.0
10766,8.971816196936617,0.5495568090249798,560,681,1241,0.0,0.0008333472224553162,0.5495568090249776,0.0
10767,8.97264954415907,0.5495568090249798,560,681,1241,0.0,0.0008333472224535399,0.5495568090249776,0.0
10768,8.973482891381524,0.5495568090249798,560,681,1241,0.0,0.0008333472224535399,0.5495568090249776,0.0
10769,8.974316238603977,0.5495568090249798,560,681,1241,0.0,0.0008333472224535399,0.5495568090249776,0.0
10770,8.975149585826431,0.5495568090249798,560,681,1241,0.0,0.0008333472224535399,0.5495568090249776,0.0
10771,8.975982933048885,0.5495568090249798,560,681,1241,0.0,0.0008333472224535399,0.5495568090249776,0.0
10772,8.976816280271338,0.5495568090249798,560,681,1241,0.0,0.0008333472224535399,0.5495568090249776,0.0
10773,8.977649627493792,0.5495568090249798,560,681,1241,0.0,0.0008333472224535399,0.5495568090249776,0.0
10774,8.978482974716245,0.5495568090249798,560,681,1241,0.0,0.0008333472224535399,0.5495568090249776,0.0
10775,8.979316321938699,0.5495568090249798,560,681,1241,0.0,0.0008333472224535399,0.5495568090249776,0.0
10776,8.980149669161152,0.5495568090249798,560,681,1241,0.0,0.0008333472224535399,0.5495568090249776,0.0
10777,8.980983016383608,0.5495568090249798,560,681,1241,0.0,0.0008333472224553162,0.5495568090249776,0.0
10778,8.981816363606061,0.5495568090249798,560,681,1241,0.0,0.0008333472224535399,0.5495568090249776,0.0
10779,8.982649710828515,0.5495568090249798,560,681,1241,0.0,0.0008333472224535399,0.5495568090249776,0.0
10780,8.983483058050968,0.5495568090249798,560,681,1241,0.0,0.0008333472224535399,0.5495568090249776,0.0
10781,8.984316405273422,0.5495568090249798,560,681,1241,0.0,0.0008333472224535399,0.5495568090249776,0.0
10782,8.985149752495875,0.5495568090249798,560,681,1241,0.0,0.0008333472224535399,0.5495568090249776,0.0
10783,8.985983099718329,0.5495568090249798,560,681,1241,0.0,0.0008333472224535399,0.5495568090249776,0.0
10784,8.986816446940782,0.5495568090249798,560,681,1241,0.0,0.0008333472224535399,0.5495568090249776,0.0
10785,8.987649794163236,0.5495568090249798,560,681,1241,0.0,0.0008333472224535399,0.5495568090249776,0.0
10786,8.98848314138569,0.5495568090249798,560,681,1241,0.0,0.0008333472224535399,0.5495568090249776,0.0
10787,8.989316488608145,0.5495568090249798,560,681,1241,0.0,0.0008333472224553162,0.5495568090249776,0.0
10788,8.990149835830598,0.5495568090249798,560,681,1241,0.0,0.0008333472224535399,0.5495568090249776,0.0
10789,8.990983183053052,0.5495568090249798,560,681,1241,0.0,0.0008333472224535399,0.5495568090249776,0.0
10790,8.991816530275505,0.5495568090249798,560,681,1241,0.0,0.0008333472224535399,0.5495568090249776,0.0
10791,8.992649877497959,0.5503626107977437,560,681,1241,0.0008058017727639033,0.0008333472224535399,0.5496373892022539,8.058017727639034e-05
10792,8.993483224720412,0.5503626107977437,560,681,1241,0.0,0.0008333472224535399,0.5497179693795303,8.058017727639034e-05
10793,8.994316571942866,0.5503626107977437,560,681,1241,0.0,0.0008333472224535399,0.5497985495568066,8.058017727639034e-05
10794,8.99514991916532,0.5511684125705076,560,681,1241,0.0008058017727639033,0.0008333472224535399,0.5499597099113596,0.00016116035455278067
10795,8.995983266387773,0.5503626107977437,560,681,1241,-0.0008058017727639033,0.0008333472224535399,0.5500402900886359,8.058017727639034e-05
10796,8.996816613610227,0.5503626107977437,560,681,1241,0.0,0.0008333472224535399,0.5501208702659122,8.058017727639034e-05
10797,8.99764996083268,0.5503626107977437,560,681,1241,0.0,0.0008333472224535399,0.5502014504431886,8.058017727639034e-05
10798,8.998483308055135,0.5503626107977437,560,681,1241,0.0,0.0008333472224553162,0.5502820306204649,8.058017727639034e-05
10799,8.999316655277589,0.5503626107977437,560,681,1241,0.0,0.0008333472224535399,0.5503626107977413,8.058017727639034e-05
10800,9.000150002500042,0.5503626107977437,560,681,1241,0.0,0.0008333472224535399,0.5504431909750176,8.058017727639034e-05
10801,9.000983349722496,0.5503626107977437,560,681,1241,0.0,0.0008333472224535399,0.5504431909750176,0.0
10802,9.00181669694495,0.5503626107977437,560,681,1241,0.0,0.0008333472224535399,0.5504431909750176,0.0
10803,9.002650044167403,0.5503626107977437,560,681,1241,0.0,0.0008333472224535399,0.5504431909750176,0.0
10804,9.003483391389857,0.5503626107977437,560,681,1241,0.0,0.0008333472224535399,0.5503626107977413,-8.058017727639034e-05
10805,9.00431673861231,0.5503626107977437,560,681,1241,0.0,0.0008333472224535399,0.5503626107977413,0.0
10806,9.005150085834764,0.5503626107977437,560,681,1241,0.0,0.0008333472224535399,0.5503626107977413,0.0
10807,9.005983433057217,0.5503626107977437,560,681,1241,0.0,0.0008333472224535399,0.5503626107977413,0.0
10808,9.006816780279673,0.5503626107977437,560,681,1241,0.0,0.0008333472224553162,0.5503626107977413,0.0
10809,9.007650127502126,0.5503626107977437,560,681,1241,0.0,0.0008333472224535399,0.5503626107977413,0.0
10810,9.00848347472458,0.5503626107977437,560,681,1241,0.0,0.0008333472224535399,0.5503626107977413,0.0
10811,9.009316821947033,0.5503626107977437,560,681,1241,0.0,0.0008333472224535399,0.5503626107977413,0.0
10812,9.010150169169487,0.5503626107977437,560,681,1241,0.0,0.0008333472224535399,0.5503626107977413,0.0
10813,9.01098351639194,0.5503626107977437,560,681,1241,0.0,0.0008333472224535399,0.5503626107977413,0.0
10814,9.011816863614394,0.5503626107977437,560,681,1241,0.0,0.0008333472224535399,0.5503626107977413,0.0
10815,9.012650210836847,0.5503626107977437,560,681,1241,0.0,0.0008333472224535399,0.5503626107977413,0.0
10816,9.013483558059301,0.5503626107977437,560,681,1241,0.0,0.0008333472224535399,0.5503626107977413,0.0
10817,9.014316905281754,0.5503626107977437,560,681,1241,0.0,0.0008333472224535399,0.5503626107977413,0.0
10818,9.015150252504208,0.5503626107977437,560,681,1241,0.0,0.0008333472224535399,0.5503626107977413,0.0
10819,9.015983599726663,0.5503626107977437,560,681,1241,0.0,0.0008333472224553162,0.5503626107977413,0.0
10820,9.016816946949117,0.5503626107977437,560,681,1241,0.0,0.0008333472224535399,0.5503626107977413,0.0
10821,9.01765029417157,0.5503626107977437,560,681,1241,0.0,0.0008333472224535399,0.5503626107977413,0.0
10822,9.018483641394024,0.5503626107977437,560,681,1241,0.0,0.0008333472224535399,0.5503626107977413,0.0
10823,9.019316988616477,0.5503626107977437,560,681,1241,0.0,0.0008333472224535399,0.5503626107977413,0.0
10824,9.020150335838931,0.5503626107977437,560,681,1241,0.0,0.0008333472224535399,0.5503626107977413,0.0
10825,9.020983683061385,0.5503626107977437,560,681,1241,0.0,0.0008333472224535399,0.5503626107977413,0.0
10826,9.021817030283838,0.5503626107977437,560,681,1241,0.0,0.0008333472224535399,0.5503626107977413,0.0
10827,9.022650377506292,0.5503626107977437,560,681,1241,0.0,0.0008333472224535399,0.5503626107977413,0.0
10828,9.023483724728745,0.5503626107977437,560,681,1241,0.0,0.0008333472224535399,0.5503626107977413,0.0
10829,9.024317071951199,0.5503626107977437,560,681,1241,0.0,0.0008333472224535399,0.5503626107977413,0.0
10830,9.025150419173654,0.5503626107977437,560,681,1241,0.0,0.0008333472224553162,0.5503626107977413,0.0
10831,9.025983766396108,0.5503626107977437,560,681,1241,0.0,0.0008333472224535399,0.5503626107977413,0.0
10832,9.026817113618561,0.5503626107977437,560,681,1241,0.0,0.0008333472224535399,0.5503626107977413,0.0
10833,9.027650460841015,0.5503626107977437,560,681,1241,0.0,0.0008333472224535399,0.5503626107977413,0.0
10834,9.028483808063468,0.5503626107977437,560,681,1241,0.0,0.0008333472224535399,0.5503626107977413,0.0
10835,9.029317155285922,0.5503626107977437,560,681,1241,0.0,0.0008333472224535399,0.5503626107977413,0.0
10836,9.030150502508375,0.5503626107977437,560,681,1241,0.0,0.0008333472224535399,0.5503626107977413,0.0
10837,9.030983849730829,0.5503626107977437,560,681,1241,0.0,0.0008333472224535399,0.5503626107977413,0.0
10838,9.031817196953282,0.5503626107977437,560,681,1241,0.0,0.0008333472224535399,0.5503626107977413,0.0
10839,9.032650544175736,0.5503626107977437,560,681,1241,0.0,0.0008333472224535399,0.5503626107977413,0.0
10840,9.033483891398191,0.5503626107977437,560,681,1241,0.0,0.0008333472224553162,0.5503626107977413,0.0
10841,9.034317238620645,0.5503626107977437,560,681,1241,0.0,0.0008333472224535399,0.5503626107977413,0.0
10842,9.035150585843098,0.5503626107977437,560,681,1241,0.0,0.0008333472224535399,0.5503626107977413,0.0
10843,9.035983933065552,0.5503626107977437,560,681,1241,0.0,0.0008333472224535399,0.5503626107977413,0.0
10844,9.036817280288005,0.5503626107977437,560,681,1241,0.0,0.0008333472224535399,0.5503626107977413,0.0
10845,9.037650627510459,0.5503626107977437,560,681,1241,0.0,0.0008333472224535399,0.5503626107977413,0.0
10846,9.038483974732912,0.5503626107977437,560,681,1241,0.0,0.0008333472224535399,0.5503626107977413,0.0
10847,9.039317321955366,0.5503626107977437,560,681,1241,0.0,0.0008333472224535399,0.5503626107977413,0.0
10848,9.04015066917782,0.5503626107977437,560,681,1241,0.0,0.0008333472224535399,0.5503626107977413,0.0
10849,9.040984016400273,0.5503626107977437,560,681,1241,0.0,0.0008333472224535399,0.5503626107977413,0.0
10850,9.041817363622727,0.5503626107977437,560,681,1241,0.0,0.0008333472224535399,0.5503626107977413,0.0
10851,9.042650710845182,0.5503626107977437,560,681,1241,0.0,0.0008333472224553162,0.5503626107977413,0.0
10852,9.043484058067635,0.5503626107977437,560,681,1241,0.0,0.0008333472224535399,0.5503626107977413,0.0
10853,9.044317405290089,0.5503626107977437,560,681,1241,0.0,0.0008333472224535399,0.5503626107977413,0.0
10854,9.045150752512543,0.5503626107977437,560,681,1241,0.0,0.0008333472224535399,0.5503626107977413,0.0
10855,9.045984099734996,0.5503626107977437,560,681,1241,0.0,0.0008333472224535399,0.5503626107977413,0.0
10856,9.04681744695745,0.5503626107977437,560,681,1241,0.0,0.0008333472224535399,0.5503626107977413,0.0
10857,9.047650794179903,0.5503626107977437,560,681,1241,0.0,0.0008333472224535399,0.5503626107977413,0.0
10858,9.048484141402357,0.5503626107977437,560,681,1241,0.0,0.0008333472224535399,0.5503626107977413,0.0
10859,9.04931748862481,0.5503626107977437,560,681,1241,0.0,0.0008333472224535399,0.5503626107977413,0.0
10860,9.050150835847264,0.5503626107977437,560,681,1241,0.0,0.0008333472224535399,0.5503626107977413,0.0
10861,9.050984183069719,0.5503626107977437,560,681,1241,0.0,0.0008333472224553162,0.5503626107977413,0.0
10862,9.051817530292173,0.5503626107977437,560,681,1241,0.0,0.0008333472224535399,0.5503626107977413,0.0
10863,9.052650877514626,0.5503626107977437,560,681,1241,0.0,0.0008333472224535399,0.5503626107977413,0.0
10864,9.05348422473708,0.5503626107977437,560,681,1241,0.0,0.0008333472224535399,0.5503626107977413,0.0
10865,9.054317571959533,0.5503626107977437,560,681,1241,0.0,0.0008333472224535399,0.5503626107977413,0.0
10866,9.055150919181987,0.5503626107977437,560,681,1241,0.0,0.0008333472224535399,0.5503626107977413,0.0
10867,9.05598426640444,0.5503626107977437,560,681,1241,0.0,0.0008333472224535399,0.5503626107977413,0.0
10868,9.056817613626894,0.5503626107977437,560,681,1241,0.0,0.0008333472224535399,0.5503626107977413,0.0
10869,9.057650960849347,0.5503626107977437,560,681,1241,0.0,0.0008333472224535399,0.5503626107977413,0.0
10870,9.058484308071801,0.5503626107977437,560,681,1241,0.0,0.0008333472224535399,0.5503626107977413,0.0
10871,9.059317655294254,0.5503626107977437,560,681,1241,0.0,0.0008333472224535399,0.5503626107977413,0.0
10872,9.06015100251671,0.5503626107977437,560,681,1241,0.0,0.0008333472224553162,0.5503626107977413,0.0
10873,9.060984349739163,0.5503626107977437,560,681,1241,0.0,0.0008333472224535399,0.5503626107977413,0.0
10874,9.061817696961617,0.5503626107977437,560,681,1241,0.0,0.0008333472224535399,0.5503626107977413,0.0
10875,9.06265104418407,0.5503626107977437,560,681,1241,0.0,0.0008333472224535399,0.5503626107977413,0.0
10876,9.063484391406524,0.5503626107977437,560,681,1241,0.0,0.0008333472224535399,0.5503626107977413,0.0
10877,9.064317738628977,0.5503626107977437,560,681,1241,0.0,0.0008333472224535399,0.5503626107977413,0.0
10878,9.065151085851431,0.5503626107977437,560,681,1241,0.0,0.0008333472224535399,0.5503626107977413,0.0
10879,9.065984433073885,0.5503626107977437,560,681,1241,0.0,0.0008333472224535399,0.5503626107977413,0.0
10880,9.066817780296338,0.5503626107977437,560,681,1241,0.0,0.0008333472224535399,0.5503626107977413,0.0
10881,9.067651127518792,0.5503626107977437,560,681,1241,0.0,0.0008333472224535399,0.5503626107977413,0.0
10882,9.068484474741245,0.5503626107977437,560,681,1241,0.0,0.0008333472224535399,0.5503626107977413,0.0
10883,9.0693178219637,0.5503626107977437,560,681,1241,0.0,0.0008333472224553162,0.5503626107977413,0.0
10884,9.070151169186154,0.5503626107977437,560,681,1241,0.0,0.0008333472224535399,0.5503626107977413,0.0
10885,9.070984516408608,0.5503626107977437,560,681,1241,0.0,0.0008333472224535399,0.5503626107977413,0.0
10886,9.071817863631061,0.5503626107977437,560,681,1241,0.0,0.0008333472224535399,0.5503626107977413,0.0
10887,9.072651210853515,0.5503626107977437,560,681,1241,0.0,0.0008333472224535399,0.5503626107977413,0.0
10888,9.073484558075968,0.5503626107977437,560,681,1241,0.0,0.0008333472224535399,0.5503626107977413,0.0
10889,9.074317905298422,0.5503626107977437,560,681,1241,0.0,0.0008333472224535399,0.5503626107977413,0.0
10890,9.075151252520875,0.5503626107977437,560,681,1241,0.0,0.0008333472224535399,0.5503626107977413,0.0
10891,9.075984599743329,0.5503626107977437,560,681,1241,0.0,0.0008333472224535399,0.5503626107977413,0.0
10892,9.076817946965782,0.5503626107977437,560,681,1241,0.0,0.0008333472224535399,0.5503626107977413,0.0
10893,9.077651294188238,0.5503626107977437,560,681,1241,0.0,0.0008333472224553162,0.5503626107977413,0.0
10894,9.078484641410691,0.5503626107977437,560,681,1241,0.0,0.0008333472224535399,0.5503626107977413,0.0
10895,9.079317988633145,0.5503626107977437,560,681,1241,0.0,0.0008333472224535399,0.5503626107977413,0.0
10896,9.080151335855598,0.5503626107977437,560,681,1241,0.0,0.0008333472224535399,0.5503626107977413,0.0
10897,9.080984683078052,0.5503626107977437,560,681,1241,0.0,0.0008333472224535399,0.5503626107977413,0.0
10898,9.081818030300505,0.5503626107977437,560,681,1241,0.0,0.0008333472224535399,0.5503626107977413,0.0
10899,9.082651377522959,0.5503626107977437,560,681,1241,0.0,0.0008333472224535399,0.5503626107977413,0.0
10900,9.083484724745412,0.5503626107977437,560,681,1241,0.0,0.0008333472224535399,0.5503626107977413,0.0
10901,9.084318071967866,0.5503626107977437,560,681,1241,0.0,0.0008333472224535399,0.5503626107977413,0.0
10902,9.08515141919032,0.5503626107977437,560,681,1241,0.0,0.0008333472224535399,0.5503626107977413,0.0
10903,9.085984766412773,0.5503626107977437,560,681,1241,0.0,0.0008333472224535399,0.5503626107977413,0.0
10904,9.086818113635228,0.5503626107977437,560,681,1241,0.0,0.0008333472224553162,0.5503626107977413,0.0
10905,9.087651460857682,0.5503626107977437,560,681,1241,0.0,0.0008333472224535399,0.5503626107977413,0.0
10906,9.088484808080135,0.5503626107977437,560,681,1241,0.0,0.0008333472224535399,0.5503626107977413,0.0
10907,9.089318155302589,0.5503626107977437,560,681,1241,0.0,0.0008333472224535399,0.5503626107977413,0.0
10908,9.090151502525043,0.5503626107977437,560,681,1241,0.0,0.0008333472224535399,0.5503626107977413,0.0
10909,9.090984849747496,0.5503626107977437,560,681,1241,0.0,0.0008333472224535399,0.5503626107977413,0.0
10910,9.09181819696995,0.5503626107977437,560,681,1241,0.0,0.0008333472224535399,0.5503626107977413,0.0
10911,9.092651544192403,0.5503626107977437,560,681,1241,0.0,0.0008333472224535399,0.5503626107977413,0.0
10912,9.093484891414857,0.5503626107977437,560,681,1241,0.0,0.0008333472224535399,0.5503626107977413,0.0
10913,9.09431823863731,0.5503626107977437,560,681,1241,0.0,0.0008333472224535399,0.5503626107977413,0.0
10914,9.095151585859766,0.5503626107977437,560,681,1241,0.0,0.0008333472224553162,0.5503626107977413,0.0
10915,9.09598493308222,0.5503626107977437,560,681,1241,0.0,0.0008333472224535399,0.5503626107977413,0.0
10916,9.096818280304673,0.5503626107977437,560,681,1241,0.0,0.0008333472224535399,0.5503626107977413,0.0
10917,9.097651627527126,0.5503626107977437,560,681,1241,0.0,0.0008333472224535399,0.5503626107977413,0.0
10918,9.09848497474958,0.5503626107977437,560,681,1241,0.0,0.0008333472224535399,0.5503626107977413,0.0
10919,9.099318321972033,0.5503626107977437,560,681,1241,0.0,0.0008333472224535399,0.5503626107977413,0.0
10920,9.100151669194487,0.5503626107977437,560,681,1241,0.0,0.0008333472224535399,0.5503626107977413,0.0
10921,9.10098501641694,0.5511684125705076,560,681,1241,0.0008058017727639033,0.0008333472224535399,0.5504431909750177,8.058017727639034e-05
10922,9.101818363639394,0.5511684125705076,560,681,1241,0.0,0.0008333472224535399,0.550523771152294,8.058017727639034e-05
10923,9.102651710861847,0.5511684125705076,560,681,1241,0.0,0.0008333472224535399,0.5506043513295704,8.058017727639034e-05
10924,9.103485058084301,0.5511684125705076,560,681,1241,0.0,0.0008333472224535399,0.5506849315068467,8.058017727639034e-05
10925,9.104318405306756,0.5511684125705076,560,681,1241,0.0,0.0008333472224553162,0.550765511684123,8.058017727639034e-05
10926,9.10515175252921,0.5511684125705076,560,681,1241,0.0,0.0008333472224535399,0.5508460918613994,8.058017727639034e-05
10927,9.105985099751663,0.5511684125705076,560,681,1241,0.0,0.0008333472224535399,0.5509266720386757,8.058017727639034e-05
10928,9.106818446974117,0.5511684125705076,560,681,1241,0.0,0.0008333472224535399,0.5510072522159521,8.058017727639034e-05
10929,9.10765179419657,0.5511684125705076,560,681,1241,0.0,0.0008333472224535399,0.5510878323932284,8.058017727639034e-05
10930,9.108485141419024,0.5511684125705076,560,681,1241,0.0,0.0008333472224535399,0.5511684125705048,8.058017727639034e-05
10931,9.109318488641478,0.5511684125705076,560,681,1241,0.0,0.0008333472224535399,0.5511684125705048,0.0
10932,9.110151835863931,0.5511684125705076,560,681,1241,0.0,0.0008333472224535399,0.5511684125705048,0.0
10933,9.110985183086385,0.5511684125705076,560,681,1241,0.0,0.0008333472224535399,0.5511684125705048,0.0
10934,9.111818530308838,0.5511684125705076,560,681,1241,0.0,0.0008333472224535399,0.5511684125705048,0.0
10935,9.112651877531292,0.5503626107977437,560,681,1241,-0.0008058017727639033,0.0008333472224535399,0.5510878323932283,-8.058017727639034e-05
10936,9.113485224753747,0.5503626107977437,560,681,1241,0.0,0.0008333472224553162,0.551007252215952,-8.058017727639034e-05
10937,9.1143185719762,0.5503626107977437,560,681,1241,0.0,0.0008333472224535399,0.5509266720386756,-8.058017727639034e-05
10938,9.115151919198654,0.5503626107977437,560,681,1241,0.0,0.0008333472224535399,0.5508460918613993,-8.058017727639034e-05
10939,9.115985266421108,0.5503626107977437,560,681,1241,0.0,0.0008333472224535399,0.550765511684123,-8.058017727639034e-05
10940,9.116818613643561,0.5503626107977437,560,681,1241,0.0,0.0008333472224535399,0.5506849315068466,-8.058017727639034e-05
10941,9.117651960866015,0.5503626107977437,560,681,1241,0.0,0.0008333472224535399,0.5506043513295703,-8.058017727639034e-05
10942,9.118485308088468,0.5503626107977437,560,681,1241,0.0,0.0008333472224535399,0.5505237711522939,-8.058017727639034e-05
10943,9.119318655310922,0.5503626107977437,560,681,1241,0.0,0.0008333472224535399,0.5504431909750176,-8.058017727639034e-05
10944,9.120152002533375,0.5503626107977437,560,681,1241,0.0,0.0008333472224535399,0.5503626107977413,-8.058017727639034e-05
10945,9.120985349755829,0.5503626107977437,560,681,1241,0.0,0.0008333472224535399,0.5503626107977413,0.0
10946,9.121818696978284,0.5503626107977437,560,681,1241,0.0,0.0008333472224553162,0.5503626107977413,0.0
10947,9.122652044200738,0.5503626107977437,560,681,1241,0.0,0.0008333472224535399,0.5503626107977413,0.0
10948,9.123485391423191,0.5503626107977437,560,681,1241,0.0,0.0008333472224535399,0.5503626107977413,0.0
10949,9.124318738645645,0.5503626107977437,560,681,1241,0.0,0.0008333472224535399,0.5503626107977413,0.0
10950,9.125152085868098,0.5503626107977437,560,681,1241,0.0,0.0008333472224535399,0.5503626107977413,0.0
10951,9.125985433090552,0.5503626107977437,560,681,1241,0.0,0.0008333472224535399,0.5503626107977413,0.0
10952,9.126818780313005,0.5503626107977437,560,681,1241,0.0,0.0008333472224535399,0.5503626107977413,0.0
10953,9.127652127535459,0.5503626107977437,560,681,1241,0.0,0.0008333472224535399,0.5503626107977413,0.0
10954,9.128485474757912,0.5503626107977437,560,681,1241,0.0,0.0008333472224535399,0.5503626107977413,0.0
10955,9.129318821980366,0.5503626107977437,560,681,1241,0.0,0.0008333472224535399,0.5503626107977413,0.0
10956,9.13015216920282,0.5503626107977437,560,681,1241,0.0,0.0008333472224535399,0.5503626107977413,0.0
10957,9.130985516425275,0.5503626107977437,560,681,1241,0.0,0.0008333472224553162,0.5503626107977413,0.0
10958,9.131818863647728,0.5503626107977437,560,681,1241,0.0,0.0008333472224535399,0.5503626107977413,0.0
10959,9.132652210870182,0.5503626107977437,560,681,1241,0.0,0.0008333472224535399,0.5503626107977413,0.0
10960,9.133485558092636,0.5503626107977437,560,681,1241,0.0,0.0008333472224535399,0.5503626107977413,0.0
10961,9.134318905315089,0.5503626107977437,560,681,1241,0.0,0.0008333472224535399,0.5503626107977413,0.0
10962,9.135152252537543,0.5503626107977437,560,681,1241,0.0,0.0008333472224535399,0.5503626107977413,0.0
10963,9.135985599759996,0.5503626107977437,560,681,1241,0.0,0.0008333472224535399,0.5503626107977413,0.0
10964,9.13681894698245,0.5503626107977437,560,681,1241,0.0,0.0008333472224535399,0.5503626107977413,0.0
10965,9.137652294204903,0.5503626107977437,560,681,1241,0.0,0.0008333472224535399,0.5503626107977413,0.0
10966,9.138485641427357,0.5503626107977437,560,681,1241,0.0,0.0008333472224535399,0.5503626107977413,0.0
10967,9.139318988649812,0.5503626107977437,560,681,1241,0.0,0.0008333472224553162,0.5503626107977413,0.0
10968,9.140152335872266,0.5495568090249798,560,681,1241,-0.0008058017727639033,0.0008333472224535399,0.5502820306204648,-8.058017727639034e-05
10969,9.14098568309472,0.5495568090249798,560,681,1241,0.0,0.0008333472224535399,0.5502014504431885,-8.058017727639034e-05
10970,9.141819030317173,0.5495568090249798,560,681,1241,0.0,0.0008333472224535399,0.5501208702659122,-8.058017727639034e-05
10971,9.142652377539626,0.5495568090249798,560,681,1241,0.0,0.0008333472224535399,0.5500402900886358,-8.058017727639034e-05
10972,9.14348572476208,0.5495568090249798,560,681,1241,0.0,0.0008333472224535399,0.5499597099113595,-8.058017727639034e-05
10973,9.144319071984533,0.5495568090249798,560,681,1241,0.0,0.0008333472224535399,0.549879129734083,-8.058017727639034e-05
10974,9.145152419206987,0.5495568090249798,560,681,1241,0.0,0.0008333472224535399,0.5497985495568067,-8.058017727639034e-05
10975,9.14598576642944,0.5495568090249798,560,681,1241,0.0,0.0008333472224535399,0.5497179693795304,-8.058017727639034e-05
10976,9.146819113651894,0.5495568090249798,560,681,1241,0.0,0.0008333472224535399,0.549637389202254,-8.058017727639034e-05
10977,9.147652460874347,0.5495568090249798,560,681,1241,0.0,0.0008333472224535399,0.5495568090249777,-8.058017727639034e-05
10978,9.148485808096803,0.5495568090249798,560,681,1241,0.0,0.0008333472224553162,0.5495568090249778,0.0
10979,9.149319155319256,0.5495568090249798,560,681,1241,0.0,0.0008333472224535399,0.5495568090249778,0.0
10980,9.15015250254171,0.5495568090249798,560,681,1241,0.0,0.0008333472224535399,0.5495568090249778,0.0
10981,9.150985849764163,0.5495568090249798,560,681,1241,0.0,0.0008333472224535399,0.5495568090249778,0.0
10982,9.151819196986617,0.5495568090249798,560,681,1241,0.0,0.0008333472224535399,0.5495568090249778,0.0
10983,9.15265254420907,0.5495568090249798,560,681,1241,0.0,0.0008333472224535399,0.5495568090249778,0.0
10984,9.153485891431524,0.5495568090249798,560,681,1241,0.0,0.0008333472224535399,0.5495568090249778,0.0
10985,9.154319238653978,0.5495568090249798,560,681,1241,0.0,0.0008333472224535399,0.5495568090249778,0.0
10986,9.155152585876431,0.5495568090249798,560,681,1241,0.0,0.0008333472224535399,0.5495568090249778,0.0
10987,9.155985933098885,0.5495568090249798,560,681,1241,0.0,0.0008333472224535399,0.5495568090249778,0.0
10988,9.15681928032134,0.5495568090249798,560,681,1241,0.0,0.0008333472224553162,0.5495568090249778,0.0
10989,9.157652627543793,0.5495568090249798,560,681,1241,0.0,0.0008333472224535399,0.5495568090249778,0.0
10990,9.158485974766247,0.5495568090249798,560,681,1241,0.0,0.0008333472224535399,0.5495568090249778,0.0
10991,9.1593193219887,0.5495568090249798,560,681,1241,0.0,0.0008333472224535399,0.5495568090249778,0.0
10992,9.160152669211154,0.5495568090249798,560,681,1241,0.0,0.0008333472224535399,0.5495568090249778,0.0
10993,9.160986016433608,0.5495568090249798,560,681,1241,0.0,0.0008333472224535399,0.5495568090249778,0.0
10994,9.161819363656061,0.5495568090249798,560,681,1241,0.0,0.0008333472224535399,0.5495568090249778,0.0
10995,9.162652710878515,0.5495568090249798,560,681,1241,0.0,0.0008333472224535399,0.5495568090249778,0.0
10996,9.163486058100968,0.5495568090249798,560,681,1241,0.0,0.0008333472224535399,0.5495568090249778,0.0
10997,9.164319405323422,0.5495568090249798,560,681,1241,0.0,0.0008333472224535399,0.5495568090249778,0.0
10998,9.165152752545875,0.5495568090249798,560,681,1241,0.0,0.0008333472224535399,0.5495568090249778,0.0
10999,9.16598609976833,0.5495568090249798,560,681,1241,0.0,0.0008333472224553162,0.5495568090249778,0.0
11000,9.166819446990784,0.5495568090249798,560,681,1241,0.0,0.0008333472224535399,0.5495568090249778,0.0
11001,9.167652794213238,0.5495568090249798,560,681,1241,0.0,0.0008333472224535399,0.5495568090249778,0.0
11002,9.168486141435691,0.5495568090249798,560,681,1241,0.0,0.0008333472224535399,0.5495568090249778,0.0
11003,9.169319488658145,0.5495568090249798,560,681,1241,0.0,0.0008333472224535399,0.5495568090249778,0.0
11004,9.170152835880598,0.5495568090249798,560,681,1241,0.0,0.0008333472224535399,0.5495568090249778,0.0
11005,9.170986183103052,0.5495568090249798,560,681,1241,0.0,0.0008333472224535399,0.5495568090249778,0.0
11006,9.171819530325505,0.5495568090249798,560,681,1241,0.0,0.0008333472224535399,0.5495568090249778,0.0
11007,9.172652877547959,0.5495568090249798,560,681,1241,0.0,0.0008333472224535399,0.5495568090249778,0.0
11008,9.173486224770413,0.5495568090249798,560,681,1241,0.0,0.0008333472224535399,0.5495568090249778,0.0
11009,9.174319571992866,0.5503626107977437,560,681,1241,0.0008058017727639033,0.0008333472224535399,0.5496373892022541,8.058017727639034e-05
11010,9.175152919215321,0.5503626107977437,560,681,1241,0.0,0.0008333472224553162,0.5497179693795304,8.058017727639034e-05
11011,9.175986266437775,0.5503626107977437,560,681,1241,0.0,0.0008333472224535399,0.5497985495568068,8.058017727639034e-05
11012,9.176819613660228,0.5503626107977437,560,681,1241,0.0,0.0008333472224535399,0.5498791297340831,8.058017727639034e-05
11013,9.177652960882682,0.5503626107977437,560,681,1241,0.0,0.0008333472224535399,0.5499597099113596,8.058017727639034e-05
11014,9.178486308105136,0.5511684125705076,560,681,1241,0.0008058017727639033,0.0008333472224535399,0.5501208702659124,0.00016116035455278067
11015,9.179319655327589,0.5511684125705076,560,681,1241,0.0,0.0008333472224535399,0.5502820306204652,0.00016116035455278067
11016,9.180153002550043,0.5511684125705076,560,681,1241,0.0,0.0008333472224535399,0.5504431909750181,0.00016116035455278067
11017,9.180986349772496,0.5511684125705076,560,681,1241,0.0,0.0008333472224535399,0.550604351329571,0.00016116035455278067
11018,9.18181969699495,0.5511684125705076,560,681,1241,0.0,0.0008333472224535399,0.5507655116841239,0.00016116035455278067
11019,9.182653044217403,0.5511684125705076,560,681,1241,0.0,0.0008333472224535399,0.5508460918614003,8.058017727639034e-05
11020,9.183486391439859,0.5511684125705076,560,681,1241,0.0,0.0008333472224553162,0.5509266720386766,8.058017727639034e-05
11021,9.184319738662312,0.5503626107977437,560,681,1241,-0.0008058017727639033,0.0008333472224535399,0.5509266720386766,0.0
11022,9.185153085884766,0.5503626107977437,560,681,1241,0.0,0.0008333472224535399,0.5509266720386766,0.0
11023,9.18598643310722,0.5503626107977437,560,681,1241,0.0,0.0008333472224535399,0.5509266720386766,0.0
11024,9.186819780329673,0.5503626107977437,560,681,1241,0.0,0.0008333472224535399,0.5508460918614002,-8.058017727639034e-05
11025,9.187653127552126,0.5503626107977437,560,681,1241,0.0,0.0008333472224535399,0.5507655116841239,-8.058017727639034e-05
11026,9.18848647477458,0.5503626107977437,560,681,1241,0.0,0.0008333472224535399,0.5506849315068475,-8.058017727639034e-05
11027,9.189319821997033,0.5503626107977437,560,681,1241,0.0,0.0008333472224535399,0.5506043513295712,-8.058017727639034e-05
11028,9.190153169219487,0.5503626107977437,560,681,1241,0.0,0.0008333472224535399,0.5505237711522948,-8.058017727639034e-05
11029,9.19098651644194,0.5503626107977437,560,681,1241,0.0,0.0008333472224535399,0.5504431909750185,-8.058017727639034e-05
11030,9.191819863664394,0.5503626107977437,560,681,1241,0.0,0.0008333472224535399,0.5503626107977422,-8.058017727639034e-05
11031,9.19265321088685,0.5503626107977437,560,681,1241,0.0,0.0008333472224553162,0.5503626107977422,0.0
11032,9.193486558109303,0.5503626107977437,560,681,1241,0.0,0.0008333472224535399,0.5503626107977422,0.0
11033,9.194319905331756,0.5503626107977437,560,681,1241,0.0,0.0008333472224535399,0.5503626107977422,0.0
11034,9.19515325255421,0.5503626107977437,560,681,1241,0.0,0.0008333472224535399,0.5503626107977422,0.0
11035,9.195986599776663,0.5503626107977437,560,681,1241,0.0,0.0008333472224535399,0.5503626107977422,0.0
11036,9.196819946999117,0.5503626107977437,560,681,1241,0.0,0.0008333472224535399,0.5503626107977422,0.0
11037,9.19765329422157,0.5503626107977437,560,681,1241,0.0,0.0008333472224535399,0.5503626107977422,0.0
11038,9.198486641444024,0.5495568090249798,560,681,1241,-0.0008058017727639033,0.0008333472224535399,0.5502820306204657,-8.058017727639034e-05
11039,9.199319988666478,0.5495568090249798,560,681,1241,0.0,0.0008333472224535399,0.5502014504431894,-8.058017727639034e-05
11040,9.200153335888931,0.5495568090249798,560,681,1241,0.0,0.0008333472224535399,0.550120870265913,-8.058017727639034e-05
11041,9.200986683111386,0.5495568090249798,560,681,1241,0.0,0.0008333472224553162,0.5500402900886366,-8.058017727639034e-05
11042,9.20182003033384,0.5495568090249798,560,681,1241,0.0,0.0008333472224535399,0.5499597099113603,-8.058017727639034e-05
11043,9.202653377556294,0.5495568090249798,560,681,1241,0.0,0.0008333472224535399,0.5498791297340839,-8.058017727639034e-05
11044,9.203486724778747,0.5495568090249798,560,681,1241,0.0,0.0008333472224535399,0.5497985495568076,-8.058017727639034e-05
11045,9.2043200720012,0.5495568090249798,560,681,1241,0.0,0.0008333472224535399,0.5497179693795313,-8.058017727639034e-05
11046,9.205153419223654,0.5495568090249798,560,681,1241,0.0,0.0008333472224535399,0.5496373892022549,-8.058017727639034e-05
11047,9.205986766446108,0.5495568090249798,560,681,1241,0.0,0.0008333472224535399,0.5495568090249786,-8.058017727639034e-05
11048,9.206820113668561,0.5495568090249798,560,681,1241,0.0,0.0008333472224535399,0.5495568090249787,0.0
11049,9.207653460891015,0.5495568090249798,560,681,1241,0.0,0.0008333472224535399,0.5495568090249787,0.0
11050,9.208486808113468,0.5495568090249798,560,681,1241,0.0,0.0008333472224535399,0.5495568090249787,0.0
11051,9.209320155335922,0.5495568090249798,560,681,1241,0.0,0.0008333472224535399,0.5495568090249787,0.0
11052,9.210153502558377,0.5495568090249798,560,681,1241,0.0,0.0008333472224553162,0.5495568090249787,0.0
11053,9.21098684978083,0.5495568090249798,560,681,1241,0.0,0.0008333472224535399,0.5495568090249787,0.0
11054,9.211820197003284,0.5495568090249798,560,681,1241,0.0,0.0008333472224535399,0.5495568090249787,0.0
11055,9.212653544225738,0.5495568090249798,560,681,1241,0.0,0.0008333472224535399,0.5495568090249787,0.0
11056,9.213486891448191,0.5495568090249798,560,681,1241,0.0,0.0008333472224535399,0.5495568090249787,0.0
11057,9.214320238670645,0.5495568090249798,560,681,1241,0.0,0.0008333472224535399,0.5495568090249787,0.0
11058,9.215153585893098,0.5495568090249798,560,681,1241,0.0,0.0008333472224535399,0.5495568090249787,0.0
11059,9.215986933115552,0.5495568090249798,560,681,1241,0.0,0.0008333472224535399,0.5495568090249787,0.0
11060,9.216820280338005,0.5495568090249798,560,681,1241,0.0,0.0008333472224535399,0.5495568090249787,0.0
11061,9.217653627560459,0.5495568090249798,560,681,1241,0.0,0.0008333472224535399,0.5495568090249787,0.0
11062,9.218486974782913,0.5495568090249798,560,681,1241,0.0,0.0008333472224535399,0.5495568090249787,0.0
11063,9.219320322005368,0.5495568090249798,560,681,1241,0.0,0.0008333472224553162,0.5495568090249787,0.0
11064,9.220153669227821,0.5495568090249798,560,681,1241,0.0,0.0008333472224535399,0.5495568090249787,0.0
11065,9.220987016450275,0.5495568090249798,560,681,1241,0.0,0.0008333472224535399,0.5495568090249787,0.0
11066,9.221820363672729,0.5495568090249798,560,681,1241,0.0,0.0008333472224535399,0.5495568090249787,0.0
11067,9.222653710895182,0.5495568090249798,560,681,1241,0.0,0.0008333472224535399,0.5495568090249787,0.0
11068,9.223487058117636,0.5495568090249798,560,681,1241,0.0,0.0008333472224535399,0.5495568090249787,0.0
11069,9.22432040534009,0.5495568090249798,560,681,1241,0.0,0.0008333472224535399,0.5495568090249787,0.0
11070,9.225153752562543,0.5495568090249798,560,681,1241,0.0,0.0008333472224535399,0.5495568090249787,0.0
11071,9.225987099784996,0.5495568090249798,560,681,1241,0.0,0.0008333472224535399,0.5495568090249787,0.0
11072,9.22682044700745,0.5495568090249798,560,681,1241,0.0,0.0008333472224535399,0.5495568090249787,0.0
11073,9.227653794229905,0.5495568090249798,560,681,1241,0.0,0.0008333472224553162,0.5495568090249787,0.0
11074,9.228487141452359,0.5495568090249798,560,681,1241,0.0,0.0008333472224535399,0.5495568090249787,0.0
11075,9.229320488674812,0.5495568090249798,560,681,1241,0.0,0.0008333472224535399,0.5495568090249787,0.0
11076,9.230153835897266,0.5495568090249798,560,681,1241,0.0,0.0008333472224535399,0.5495568090249787,0.0
11077,9.23098718311972,0.5495568090249798,560,681,1241,0.0,0.0008333472224535399,0.5495568090249787,0.0
11078,9.231820530342173,0.5495568090249798,560,681,1241,0.0,0.0008333472224535399,0.5495568090249787,0.0
11079,9.232653877564626,0.5495568090249798,560,681,1241,0.0,0.0008333472224535399,0.5495568090249787,0.0
11080,9.23348722478708,0.5495568090249798,560,681,1241,0.0,0.0008333472224535399,0.5495568090249787,0.0
11081,9.234320572009533,0.5495568090249798,560,681,1241,0.0,0.0008333472224535399,0.5495568090249787,0.0
11082,9.235153919231987,0.5495568090249798,560,681,1241,0.0,0.0008333472224535399,0.5495568090249787,0.0
11083,9.23598726645444,0.5495568090249798,560,681,1241,0.0,0.0008333472224535399,0.5495568090249787,0.0
11084,9.236820613676896,0.5495568090249798,560,681,1241,0.0,0.0008333472224553162,0.5495568090249787,0.0
11085,9.23765396089935,0.5495568090249798,560,681,1241,0.0,0.0008333472224535399,0.5495568090249787,0.0
11086,9.238487308121803,0.5495568090249798,560,681,1241,0.0,0.0008333472224535399,0.5495568090249787,0.0
11087,9.239320655344256,0.5495568090249798,560,681,1241,0.0,0.0008333472224535399,0.5495568090249787,0.0
11088,9.24015400256671,0.5495568090249798,560,681,1241,0.0,0.0008333472224535399,0.5495568090249787,0.0
11089,9.240987349789163,0.5495568090249798,560,681,1241,0.0,0.0008333472224535399,0.5495568090249787,0.0
11090,9.241820697011617,0.5495568090249798,560,681,1241,0.0,0.0008333472224535399,0.5495568090249787,0.0
11091,9.24265404423407,0.5495568090249798,560,681,1241,0.0,0.0008333472224535399,0.5495568090249787,0.0
11092,9.243487391456524,0.5495568090249798,560,681,1241,0.0,0.0008333472224535399,0.5495568090249787,0.0
11093,9.244320738678978,0.5495568090249798,560,681,1241,0.0,0.0008333472224535399,0.5495568090249787,0.0
11094,9.245154085901433,0.5495568090249798,560,681,1241,0.0,0.0008333472224553162,0.5495568090249787,0.0
11095,9.245987433123886,0.5495568090249798,560,681,1241,0.0,0.0008333472224535399,0.5495568090249787,0.0
11096,9.24682078034634,0.5495568090249798,560,681,1241,0.0,0.0008333472224535399,0.5495568090249787,0.0
11097,9.247654127568794,0.5495568090249798,560,681,1241,0.0,0.0008333472224535399,0.5495568090249787,0.0
11098,9.248487474791247,0.5495568090249798,560,681,1241,0.0,0.0008333472224535399,0.5495568090249787,0.0
11099,9.2493208220137,0.5495568090249798,560,681,1241,0.0,0.0008333472224535399,0.5495568090249787,0.0
11100,9.250154169236154,0.5495568090249798,560,681,1241,0.0,0.0008333472224535399,0.5495568090249787,0.0
11101,9.250987516458608,0.5495568090249798,560,681,1241,0.0,0.0008333472224535399,0.5495568090249787,0.0
11102,9.251820863681061,0.5495568090249798,560,681,1241,0.0,0.0008333472224535399,0.5495568090249787,0.0
11103,9.252654210903515,0.5495568090249798,560,681,1241,0.0,0.0008333472224535399,0.5495568090249787,0.0
11104,9.253487558125968,0.5495568090249798,560,681,1241,0.0,0.0008333472224535399,0.5495568090249787,0.0
11105,9.254320905348424,0.5495568090249798,560,681,1241,0.0,0.0008333472224553162,0.5495568090249787,0.0
11106,9.255154252570877,0.5495568090249798,560,681,1241,0.0,0.0008333472224535399,0.5495568090249787,0.0
11107,9.25598759979333,0.5495568090249798,560,681,1241,0.0,0.0008333472224535399,0.5495568090249787,0.0
11108,9.256820947015784,0.5495568090249798,560,681,1241,0.0,0.0008333472224535399,0.5495568090249787,0.0
11109,9.257654294238238,0.5495568090249798,560,681,1241,0.0,0.0008333472224535399,0.5495568090249787,0.0
11110,9.258487641460691,0.5495568090249798,560,681,1241,0.0,0.0008333472224535399,0.5495568090249787,0.0
11111,9.259320988683145,0.5495568090249798,560,681,1241,0.0,0.0008333472224535399,0.5495568090249787,0.0
11112,9.260154335905598,0.5495568090249798,560,681,1241,0.0,0.0008333472224535399,0.5495568090249787,0.0
11113,9.260987683128052,0.5495568090249798,560,681,1241,0.0,0.0008333472224535399,0.5495568090249787,0.0
11114,9.261821030350506,0.5495568090249798,560,681,1241,0.0,0.0008333472224535399,0.5495568090249787,0.0
11115,9.262654377572959,0.5495568090249798,560,681,1241,0.0,0.0008333472224535399,0.5495568090249787,0.0
11116,9.263487724795414,0.5495568090249798,560,681,1241,0.0,0.0008333472224553162,0.5495568090249787,0.0
11117,9.264321072017868,0.5495568090249798,560,681,1241,0.0,0.0008333472224535399,0.5495568090249787,0.0
11118,9.265154419240321,0.5495568090249798,560,681,1241,0.0,0.0008333472224535399,0.5495568090249787,0.0
11119,9.265987766462775,0.5495568090249798,560,681,1241,0.0,0.0008333472224535399,0.5495568090249787,0.0
11120,9.266821113685229,0.5495568090249798,560,681,1241,0.0,0.0008333472224535399,0.5495568090249787,0.0
11121,9.267654460907682,0.5495568090249798,560,681,1241,0.0,0.0008333472224535399,0.5495568090249787,0.0
11122,9.268487808130136,0.5495568090249798,560,681,1241,0.0,0.0008333472224535399,0.5495568090249787,0.0
11123,9.26932115535259,0.5495568090249798,560,681,1241,0.0,0.0008333472224535399,0.5495568090249787,0.0
11124,9.270154502575043,0.5495568090249798,560,681,1241,0.0,0.0008333472224535399,0.5495568090249787,0.0
11125,9.270987849797496,0.5495568090249798,560,681,1241,0.0,0.0008333472224535399,0.5495568090249787,0.0
11126,9.271821197019952,0.5495568090249798,560,681,1241,0.0,0.0008333472224553162,0.5495568090249787,0.0
11127,9.272654544242405,0.5495568090249798,560,681,1241,0.0,0.0008333472224535399,0.5495568090249787,0.0
11128,9.273487891464859,0.5495568090249798,560,681,1241,0.0,0.0008333472224535399,0.5495568090249787,0.0
11129,9.274321238687312,0.5495568090249798,560,681,1241,0.0,0.0008333472224535399,0.5495568090249787,0.0
11130,9.275154585909766,0.5495568090249798,560,681,1241,0.0,0.0008333472224535399,0.5495568090249787,0.0
11131,9.27598793313222,0.5495568090249798,560,681,1241,0.0,0.0008333472224535399,0.5495568090249787,0.0
11132,9.276821280354673,0.5495568090249798,560,681,1241,0.0,0.0008333472224535399,0.5495568090249787,0.0
11133,9.277654627577126,0.5495568090249798,560,681,1241,0.0,0.0008333472224535399,0.5495568090249787,0.0
11134,9.27848797479958,0.5495568090249798,560,681,1241,0.0,0.0008333472224535399,0.5495568090249787,0.0
11135,9.279321322022033,0.5495568090249798,560,681,1241,0.0,0.0008333472224535399,0.5495568090249787,0.0
11136,9.280154669244487,0.5495568090249798,560,681,1241,0.0,0.0008333472224535399,0.5495568090249787,0.0
11137,9.280988016466942,0.5495568090249798,560,681,1241,0.0,0.0008333472224553162,0.5495568090249787,0.0
11138,9.281821363689396,0.5495568090249798,560,681,1241,0.0,0.0008333472224535399,0.5495568090249787,0.0
11139,9.28265471091185,0.5495568090249798,560,681,1241,0.0,0.0008333472224535399,0.5495568090249787,0.0
11140,9.283488058134303,0.5495568090249798,560,681,1241,0.0,0.0008333472224535399,0.5495568090249787,0.0
11141,9.284321405356756,0.5495568090249798,560,681,1241,0.0,0.0008333472224535399,0.5495568090249787,0.0
11142,9.28515475257921,0.5495568090249798,560,681,1241,0.0,0.0008333472224535399,0.5495568090249787,0.0
11143,9.285988099801664,0.5495568090249798,560,681,1241,0.0,0.0008333472224535399,0.5495568090249787,0.0
11144,9.286821447024117,0.5495568090249798,560,681,1241,0.0,0.0008333472224535399,0.5495568090249787,0.0
11145,9.28765479424657,0.5495568090249798,560,681,1241,0.0,0.0008333472224535399,0.5495568090249787,0.0
11146,9.288488141469024,0.5495568090249798,560,681,1241,0.0,0.0008333472224535399,0.5495568090249787,0.0
11147,9.28932148869148,0.5495568090249798,560,681,1241,0.0,0.0008333472224553162,0.5495568090249787,0.0
11148,9.290154835913933,0.5495568090249798,560,681,1241,0.0,0.0008333472224535399,0.5495568090249787,0.0
11149,9.290988183136387,0.5495568090249798,560,681,1241,0.0,0.0008333472224535399,0.5495568090249787,0.0
11150,9.29182153035884,0.5495568090249798,560,681,1241,0.0,0.0008333472224535399,0.5495568090249787,0.0
11151,9.292654877581294,0.5495568090249798,560,681,1241,0.0,0.0008333472224535399,0.5495568090249787,0.0
11152,9.293488224803747,0.5495568090249798,560,681,1241,0.0,0.0008333472224535399,0.5495568090249787,0.0
11153,9.2943215720262,0.5495568090249798,560,681,1241,0.0,0.0008333472224535399,0.5495568090249787,0.0
11154,9.295154919248654,0.5495568090249798,560,681,1241,0.0,0.0008333472224535399,0.5495568090249787,0.0
11155,9.295988266471108,0.5495568090249798,560,681,1241,0.0,0.0008333472224535399,0.5495568090249787,0.0
11156,9.296821613693561,0.5495568090249798,560,681,1241,0.0,0.0008333472224535399,0.5495568090249787,0.0
11157,9.297654960916015,0.5495568090249798,560,681,1241,0.0,0.0008333472224535399,0.5495568090249787,0.0
11158,9.29848830813847,0.5495568090249798,560,681,1241,0.0,0.0008333472224553162,0.5495568090249787,0.0
11159,9.299321655360924,0.5495568090249798,560,681,1241,0.0,0.0008333472224535399,0.5495568090249787,0.0
11160,9.300155002583377,0.5495568090249798,560,681,1241,0.0,0.0008333472224535399,0.5495568090249787,0.0
11161,9.30098834980583,0.5495568090249798,560,681,1241,0.0,0.0008333472224535399,0.5495568090249787,0.0
11162,9.301821697028284,0.5495568090249798,560,681,1241,0.0,0.0008333472224535399,0.5495568090249787,0.0
11163,9.302655044250738,0.5495568090249798,560,681,1241,0.0,0.0008333472224535399,0.5495568090249787,0.0
11164,9.303488391473191,0.5495568090249798,560,681,1241,0.0,0.0008333472224535399,0.5495568090249787,0.0
11165,9.304321738695645,0.5495568090249798,560,681,1241,0.0,0.0008333472224535399,0.5495568090249787,0.0
11166,9.305155085918098,0.5495568090249798,560,681,1241,0.0,0.0008333472224535399,0.5495568090249787,0.0
11167,9.305988433140552,0.5495568090249798,560,681,1241,0.0,0.0008333472224535399,0.5495568090249787,0.0
11168,9.306821780363006,0.5495568090249798,560,681,1241,0.0,0.0008333472224535399,0.5495568090249787,0.0
11169,9.30765512758546,0.5495568090249798,560,681,1241,0.0,0.0008333472224553162,0.5495568090249787,0.0
11170,9.308488474807914,0.5495568090249798,560,681,1241,0.0,0.0008333472224535399,0.5495568090249787,0.0
11171,9.309321822030368,0.5495568090249798,560,681,1241,0.0,0.0008333472224535399,0.5495568090249787,0.0
11172,9.310155169252821,0.5495568090249798,560,681,1241,0.0,0.0008333472224535399,0.5495568090249787,0.0
11173,9.310988516475275,0.5495568090249798,560,681,1241,0.0,0.0008333472224535399,0.5495568090249787,0.0
11174,9.311821863697729,0.5503626107977437,560,681,1241,0.0008058017727639033,0.0008333472224535399,0.549637389202255,8.058017727639034e-05
11175,9.312655210920182,0.5495568090249798,560,681,1241,-0.0008058017727639033,0.0008333472224535399,0.549637389202255,0.0
11176,9.313488558142636,0.5495568090249798,560,681,1241,0.0,0.0008333472224535399,0.549637389202255,0.0
11177,9.31432190536509,0.5495568090249798,560,681,1241,0.0,0.0008333472224535399,0.549637389202255,0.0
11178,9.315155252587543,0.5495568090249798,560,681,1241,0.0,0.0008333472224535399,0.549637389202255,0.0
11179,9.315988599809998,0.5495568090249798,560,681,1241,0.0,0.0008333472224553162,0.549637389202255,0.0
11180,9.316821947032452,0.5495568090249798,560,681,1241,0.0,0.0008333472224535399,0.549637389202255,0.0
11181,9.317655294254905,0.5495568090249798,560,681,1241,0.0,0.0008333472224535399,0.549637389202255,0.0
11182,9.318488641477359,0.5495568090249798,560,681,1241,0.0,0.0008333472224535399,0.549637389202255,0.0
11183,9.319321988699812,0.5495568090249798,560,681,1241,0.0,0.0008333472224535399,0.549637389202255,0.0
11184,9.320155335922266,0.5495568090249798,560,681,1241,0.0,0.0008333472224535399,0.5495568090249786,-8.058017727639034e-05
11185,9.32098868314472,0.5495568090249798,560,681,1241,0.0,0.0008333472224535399,0.5495568090249787,0.0
11186,9.321822030367173,0.5495568090249798,560,681,1241,0.0,0.0008333472224535399,0.5495568090249787,0.0
11187,9.322655377589626,0.5495568090249798,560,681,1241,0.0,0.0008333472224535399,0.5495568090249787,0.0
11188,9.32348872481208,0.5495568090249798,560,681,1241,0.0,0.0008333472224535399,0.5495568090249787,0.0
11189,9.324322072034533,0.5495568090249798,560,681,1241,0.0,0.0008333472224535399,0.5495568090249787,0.0
11190,9.325155419256989,0.5495568090249798,560,681,1241,0.0,0.0008333472224553162,0.5495568090249787,0.0
11191,9.325988766479442,0.5495568090249798,560,681,1241,0.0,0.0008333472224535399,0.5495568090249787,0.0
11192,9.326822113701896,0.5495568090249798,560,681,1241,0.0,0.0008333472224535399,0.5495568090249787,0.0
11193,9.32765546092435,0.5495568090249798,560,681,1241,0.0,0.0008333472224535399,0.5495568090249787,0.0
11194,9.328488808146803,0.5495568090249798,560,681,1241,0.0,0.0008333472224535399,0.5495568090249787,0.0
11195,9.329322155369256,0.5495568090249798,560,681,1241,0.0,0.0008333472224535399,0.5495568090249787,0.0
11196,9.33015550259171,0.5495568090249798,560,681,1241,0.0,0.0008333472224535399,0.5495568090249787,0.0
11197,9.330988849814164,0.5495568090249798,560,681,1241,0.0,0.0008333472224535399,0.5495568090249787,0.0
11198,9.331822197036617,0.5495568090249798,560,681,1241,0.0,0.0008333472224535399,0.5495568090249787,0.0
11199,9.33265554425907,0.5495568090249798,560,681,1241,0.0,0.0008333472224535399,0.5495568090249787,0.0
11200,9.333488891481526,0.5495568090249798,560,681,1241,0.0,0.0008333472224553162,0.5495568090249787,0.0
11201,9.33432223870398,0.5495568090249798,560,681,1241,0.0,0.0008333472224535399,0.5495568090249787,0.0
11202,9.335155585926433,0.5495568090249798,560,681,1241,0.0,0.0008333472224535399,0.5495568090249787,0.0
11203,9.335988933148887,0.5495568090249798,560,681,1241,0.0,0.0008333472224535399,0.5495568090249787,0.0
11204,9.33682228037134,0.5495568090249798,560,681,1241,0.0,0.0008333472224535399,0.5495568090249787,0.0
11205,9.337655627593794,0.5495568090249798,560,681,1241,0.0,0.0008333472224535399,0.5495568090249787,0.0
11206,9.338488974816247,0.5495568090249798,560,681,1241,0.0,0.0008333472224535399,0.5495568090249787,0.0
11207,9.3393223220387,0.5495568090249798,560,681,1241,0.0,0.0008333472224535399,0.5495568090249787,0.0
11208,9.340155669261154,0.5495568090249798,560,681,1241,0.0,0.0008333472224535399,0.5495568090249787,0.0
11209,9.340989016483608,0.5495568090249798,560,681,1241,0.0,0.0008333472224535399,0.5495568090249787,0.0
11210,9.341822363706061,0.5495568090249798,560,681,1241,0.0,0.0008333472224535399,0.5495568090249787,0.0
11211,9.342655710928517,0.5495568090249798,560,681,1241,0.0,0.0008333472224553162,0.5495568090249787,0.0
11212,9.34348905815097,0.5495568090249798,560,681,1241,0.0,0.0008333472224535399,0.5495568090249787,0.0
11213,9.344322405373424,0.5503626107977437,560,681,1241,0.0008058017727639033,0.0008333472224535399,0.549637389202255,8.058017727639034e-05
11214,9.345155752595877,0.5503626107977437,560,681,1241,0.0,0.0008333472224535399,0.5497179693795313,8.058017727639034e-05
11215,9.34598909981833,0.5503626107977437,560,681,1241,0.0,0.0008333472224535399,0.5497985495568077,8.058017727639034e-05
11216,9.346822447040784,0.5503626107977437,560,681,1241,0.0,0.0008333472224535399,0.549879129734084,8.058017727639034e-05
11217,9.347655794263238,0.5503626107977437,560,681,1241,0.0,0.0008333472224535399,0.5499597099113605,8.058017727639034e-05
11218,9.348489141485691,0.5503626107977437,560,681,1241,0.0,0.0008333472224535399,0.5500402900886368,8.058017727639034e-05
11219,9.349322488708145,0.5503626107977437,560,681,1241,0.0,0.0008333472224535399,0.550120870265913,8.058017727639034e-05
11220,9.350155835930599,0.5503626107977437,560,681,1241,0.0,0.0008333472224535399,0.5502014504431895,8.058017727639034e-05
11221,9.350989183153054,0.5503626107977437,560,681,1241,0.0,0.0008333472224553162,0.5502820306204658,8.058017727639034e-05
11222,9.351822530375507,0.5503626107977437,560,681,1241,0.0,0.0008333472224535399,0.5503626107977422,8.058017727639034e-05
11223,9.352655877597961,0.5503626107977437,560,681,1241,0.0,0.0008333472224535399,0.5503626107977422,0.0
11224,9.353489224820414,0.5503626107977437,560,681,1241,0.0,0.0008333472224535399,0.5503626107977422,0.0
11225,9.354322572042868,0.5503626107977437,560,681,1241,0.0,0.0008333472224535399,0.5503626107977422,0.0
11226,9.355155919265322,0.5503626107977437,560,681,1241,0.0,0.0008333472224535399,0.5503626107977422,0.0
11227,9.355989266487775,0.5503626107977437,560,681,1241,0.0,0.0008333472224535399,0.5503626107977422,0.0
11228,9.356822613710229,0.5503626107977437,560,681,1241,0.0,0.0008333472224535399,0.5503626107977422,0.0
11229,9.357655960932682,0.5503626107977437,560,681,1241,0.0,0.0008333472224535399,0.5503626107977422,0.0
11230,9.358489308155136,0.5503626107977437,560,681,1241,0.0,0.0008333472224535399,0.5503626107977422,0.0
11231,9.35932265537759,0.5503626107977437,560,681,1241,0.0,0.0008333472224535399,0.5503626107977422,0.0
11232,9.360156002600045,0.5503626107977437,560,681,1241,0.0,0.0008333472224553162,0.5503626107977422,0.0
11233,9.360989349822498,0.5503626107977437,560,681,1241,0.0,0.0008333472224535399,0.5503626107977422,0.0
11234,9.361822697044952,0.5503626107977437,560,681,1241,0.0,0.0008333472224535399,0.5503626107977422,0.0
11235,9.362656044267405,0.5503626107977437,560,681,1241,0.0,0.0008333472224535399,0.5503626107977422,0.0
11236,9.363489391489859,0.5503626107977437,560,681,1241,0.0,0.0008333472224535399,0.5503626107977422,0.0
11237,9.364322738712312,0.5503626107977437,560,681,1241,0.0,0.0008333472224535399,0.5503626107977422,0.0
11238,9.365156085934766,0.5503626107977437,560,681,1241,0.0,0.0008333472224535399,0.5503626107977422,0.0
11239,9.36598943315722,0.5503626107977437,560,681,1241,0.0,0.0008333472224535399,0.5503626107977422,0.0
11240,9.366822780379673,0.5503626107977437,560,681,1241,0.0,0.0008333472224535399,0.5503626107977422,0.0
11241,9.367656127602126,0.5503626107977437,560,681,1241,0.0,0.0008333472224535399,0.5503626107977422,0.0
11242,9.36848947482458,0.5503626107977437,560,681,1241,0.0,0.0008333472224535399,0.5503626107977422,0.0
11243,9.369322822047035,0.5503626107977437,560,681,1241,0.0,0.0008333472224553162,0.5503626107977422,0.0
11244,9.370156169269489,0.5503626107977437,560,681,1241,0.0,0.0008333472224535399,0.5503626107977422,0.0
11245,9.370989516491942,0.5503626107977437,560,681,1241,0.0,0.0008333472224535399,0.5503626107977422,0.0
11246,9.371822863714396,0.5503626107977437,560,681,1241,0.0,0.0008333472224535399,0.5503626107977422,0.0
11247,9.37265621093685,0.5503626107977437,560,681,1241,0.0,0.0008333472224535399,0.5503626107977422,0.0
11248,9.373489558159303,0.5503626107977437,560,681,1241,0.0,0.0008333472224535399,0.5503626107977422,0.0
11249,9.374322905381756,0.5503626107977437,560,681,1241,0.0,0.0008333472224535399,0.5503626107977422,0.0
11250,9.37515625260421,0.5503626107977437,560,681,1241,0.0,0.0008333472224535399,0.5503626107977422,0.0
11251,9.375989599826664,0.5503626107977437,560,681,1241,0.0,0.0008333472224535399,0.5503626107977422,0.0
11252,9.376822947049117,0.5503626107977437,560,681,1241,0.0,0.0008333472224535399,0.5503626107977422,0.0
11253,9.377656294271572,0.5503626107977437,560,681,1241,0.0,0.0008333472224553162,0.5503626107977422,0.0
11254,9.378489641494026,0.5503626107977437,560,681,1241,0.0,0.0008333472224535399,0.5503626107977422,0.0
11255,9.37932298871648,0.5503626107977437,560,681,1241,0.0,0.0008333472224535399,0.5503626107977422,0.0
11256,9.380156335938933,0.5503626107977437,560,681,1241,0.0,0.0008333472224535399,0.5503626107977422,0.0
11257,9.380989683161387,0.5503626107977437,560,681,1241,0.0,0.0008333472224535399,0.5503626107977422,0.0
11258,9.38182303038384,0.5503626107977437,560,681,1241,0.0,0.0008333472224535399,0.5503626107977422,0.0
11259,9.382656377606294,0.5503626107977437,560,681,1241,0.0,0.0008333472224535399,0.5503626107977422,0.0
11260,9.383489724828747,0.5503626107977437,560,681,1241,0.0,0.0008333472224535399,0.5503626107977422,0.0
11261,9.3843230720512,0.5503626107977437,560,681,1241,0.0,0.0008333472224535399,0.5503626107977422,0.0
11262,9.385156419273654,0.5503626107977437,560,681,1241,0.0,0.0008333472224535399,0.5503626107977422,0.0
11263,9.385989766496108,0.5503626107977437,560,681,1241,0.0,0.0008333472224535399,0.5503626107977422,0.0
11264,9.386823113718563,0.5503626107977437,560,681,1241,0.0,0.0008333472224553162,0.5503626107977422,0.0
11265,9.387656460941017,0.5503626107977437,560,681,1241,0.0,0.0008333472224535399,0.5503626107977422,0.0
11266,9.38848980816347,0.5503626107977437,560,681,1241,0.0,0.0008333472224535399,0.5503626107977422,0.0
11267,9.389323155385924,0.5503626107977437,560,681,1241,0.0,0.0008333472224535399,0.5503626107977422,0.0
11268,9.390156502608377,0.5503626107977437,560,681,1241,0.0,0.0008333472224535399,0.5503626107977422,0.0
11269,9.39098984983083,0.5503626107977437,560,681,1241,0.0,0.0008333472224535399,0.5503626107977422,0.0
11270,9.391823197053284,0.5503626107977437,560,681,1241,0.0,0.0008333472224535399,0.5503626107977422,0.0
11271,9.392656544275738,0.5503626107977437,560,681,1241,0.0,0.0008333472224535399,0.5503626107977422,0.0
11272,9.393489891498191,0.5503626107977437,560,681,1241,0.0,0.0008333472224535399,0.5503626107977422,0.0
11273,9.394323238720645,0.5503626107977437,560,681,1241,0.0,0.0008333472224535399,0.5503626107977422,0.0
11274,9.3951565859431,0.5503626107977437,560,681,1241,0.0,0.0008333472224553162,0.5503626107977422,0.0
11275,9.395989933165554,0.5503626107977437,560,681,1241,0.0,0.0008333472224535399,0.5503626107977422,0.0
11276,9.396823280388007,0.5503626107977437,560,681,1241,0.0,0.0008333472224535399,0.5503626107977422,0.0
11277,9.397656627610461,0.5503626107977437,560,681,1241,0.0,0.0008333472224535399,0.5503626107977422,0.0
11278,9.398489974832914,0.5503626107977437,560,681,1241,0.0,0.0008333472224535399,0.5503626107977422,0.0
11279,9.399323322055368,0.5503626107977437,560,681,1241,0.0,0.0008333472224535399,0.5503626107977422,0.0
11280,9.400156669277822,0.5503626107977437,560,681,1241,0.0,0.0008333472224535399,0.5503626107977422,0.0
11281,9.400990016500275,0.5503626107977437,560,681,1241,0.0,0.0008333472224535399,0.5503626107977422,0.0
11282,9.401823363722729,0.5503626107977437,560,681,1241,0.0,0.0008333472224535399,0.5503626107977422,0.0
11283,9.402656710945182,0.5503626107977437,560,681,1241,0.0,0.0008333472224535399,0.5503626107977422,0.0
11284,9.403490058167636,0.5503626107977437,560,681,1241,0.0,0.0008333472224535399,0.5503626107977422,0.0
11285,9.404323405390091,0.5503626107977437,560,681,1241,0.0,0.0008333472224553162,0.5503626107977422,0.0
11286,9.405156752612545,0.5503626107977437,560,681,1241,0.0,0.0008333472224535399,0.5503626107977422,0.0
11287,9.405990099834998,0.5503626107977437,560,681,1241,0.0,0.0008333472224535399,0.5503626107977422,0.0
11288,9.406823447057452,0.5503626107977437,560,681,1241,0.0,0.0008333472224535399,0.5503626107977422,0.0
11289,9.407656794279905,0.5503626107977437,560,681,1241,0.0,0.0008333472224535399,0.5503626107977422,0.0
11290,9.408490141502359,0.5503626107977437,560,681,1241,0.0,0.0008333472224535399,0.5503626107977422,0.0
11291,9.409323488724812,0.5503626107977437,560,681,1241,0.0,0.0008333472224535399,0.5503626107977422,0.0
11292,9.410156835947266,0.5503626107977437,560,681,1241,0.0,0.0008333472224535399,0.5503626107977422,0.0
11293,9.41099018316972,0.5503626107977437,560,681,1241,0.0,0.0008333472224535399,0.5503626107977422,0.0
11294,9.411823530392173,0.5503626107977437,560,681,1241,0.0,0.0008333472224535399,0.5503626107977422,0.0
11295,9.412656877614626,0.5503626107977437,560,681,1241,0.0,0.0008333472224535399,0.5503626107977422,0.0
11296,9.413490224837082,0.5503626107977437,560,681,1241,0.0,0.0008333472224553162,0.5503626107977422,0.0
11297,9.414323572059535,0.5503626107977437,560,681,1241,0.0,0.0008333472224535399,0.5503626107977422,0.0
11298,9.415156919281989,0.5503626107977437,560,681,1241,0.0,0.0008333472224535399,0.5503626107977422,0.0
11299,9.415990266504442,0.5503626107977437,560,681,1241,0.0,0.0008333472224535399,0.5503626107977422,0.0
11300,9.416823613726896,0.5503626107977437,560,681,1241,0.0,0.0008333472224535399,0.5503626107977422,0.0
11301,9.41765696094935,0.5503626107977437,560,681,1241,0.0,0.0008333472224535399,0.5503626107977422,0.0
11302,9.418490308171803,0.5503626107977437,560,681,1241,0.0,0.0008333472224535399,0.5503626107977422,0.0
11303,9.419323655394257,0.5503626107977437,560,681,1241,0.0,0.0008333472224535399,0.5503626107977422,0.0
11304,9.42015700261671,0.5503626107977437,560,681,1241,0.0,0.0008333472224535399,0.5503626107977422,0.0
11305,9.420990349839164,0.5503626107977437,560,681,1241,0.0,0.0008333472224535399,0.5503626107977422,0.0
11306,9.421823697061619,0.5503626107977437,560,681,1241,0.0,0.0008333472224553162,0.5503626107977422,0.0
11307,9.422657044284072,0.5503626107977437,560,681,1241,0.0,0.0008333472224535399,0.5503626107977422,0.0
11308,9.423490391506526,0.5511684125705076,560,681,1241,0.0008058017727639033,0.0008333472224535399,0.5504431909750186,8.058017727639034e-05
11309,9.42432373872898,0.5503626107977437,560,681,1241,-0.0008058017727639033,0.0008333472224535399,0.5504431909750186,0.0
11310,9.425157085951433,0.5503626107977437,560,681,1241,0.0,0.0008333472224535399,0.5504431909750186,0.0
11311,9.425990433173887,0.5503626107977437,560,681,1241,0.0,0.0008333472224535399,0.5504431909750186,0.0
11312,9.42682378039634,0.5503626107977437,560,681,1241,0.0,0.0008333472224535399,0.5504431909750186,0.0
11313,9.427657127618794,0.5503626107977437,560,681,1241,0.0,0.0008333472224535399,0.5504431909750186,0.0
11314,9.428490474841247,0.5503626107977437,560,681,1241,0.0,0.0008333472224535399,0.5504431909750186,0.0
11315,9.4293238220637,0.5495568090249798,560,681,1241,-0.0008058017727639033,0.0008333472224535399,0.5503626107977422,-8.058017727639034e-05
11316,9.430157169286154,0.5495568090249798,560,681,1241,0.0,0.0008333472224535399,0.5502820306204659,-8.058017727639034e-05
11317,9.43099051650861,0.5495568090249798,560,681,1241,0.0,0.0008333472224553162,0.5502014504431896,-8.058017727639034e-05
11318,9.431823863731063,0.5495568090249798,560,681,1241,0.0,0.0008333472224535399,0.5500402900886368,-0.00016116035455278067
11319,9.432657210953517,0.5495568090249798,560,681,1241,0.0,0.0008333472224535399,0.5499597099113603,-8.058017727639034e-05
11320,9.43349055817597,0.5495568090249798,560,681,1241,0.0,0.0008333472224535399,0.5498791297340839,-8.058017727639034e-05
11321,9.434323905398424,0.5495568090249798,560,681,1241,0.0,0.0008333472224535399,0.5497985495568076,-8.058017727639034e-05
11322,9.435157252620877,0.5495568090249798,560,681,1241,0.0,0.0008333472224535399,0.5497179693795313,-8.058017727639034e-05
11323,9.43599059984333,0.5495568090249798,560,681,1241,0.0,0.0008333472224535399,0.5496373892022549,-8.058017727639034e-05
11324,9.436823947065784,0.5495568090249798,560,681,1241,0.0,0.0008333472224535399,0.5495568090249786,-8.058017727639034e-05
11325,9.437657294288238,0.5495568090249798,560,681,1241,0.0,0.0008333472224535399,0.5495568090249787,0.0
11326,9.438490641510692,0.5495568090249798,560,681,1241,0.0,0.0008333472224535399,0.5495568090249787,0.0
11327,9.439323988733147,0.5495568090249798,560,681,1241,0.0,0.0008333472224553162,0.5495568090249787,0.0
11328,9.4401573359556,0.5495568090249798,560,681,1241,0.0,0.0008333472224535399,0.5495568090249787,0.0
11329,9.440990683178054,0.5495568090249798,560,681,1241,0.0,0.0008333472224535399,0.5495568090249787,0.0
11330,9.441824030400507,0.5495568090249798,560,681,1241,0.0,0.0008333472224535399,0.5495568090249787,0.0
11331,9.442657377622961,0.5495568090249798,560,681,1241,0.0,0.0008333472224535399,0.5495568090249787,0.0
11332,9.443490724845415,0.5495568090249798,560,681,1241,0.0,0.0008333472224535399,0.5495568090249787,0.0
11333,9.444324072067868,0.5495568090249798,560,681,1241,0.0,0.0008333472224535399,0.5495568090249787,0.0
11334,9.445157419290322,0.5495568090249798,560,681,1241,0.0,0.0008333472224535399,0.5495568090249787,0.0
11335,9.445990766512775,0.5495568090249798,560,681,1241,0.0,0.0008333472224535399,0.5495568090249787,0.0
11336,9.446824113735229,0.5495568090249798,560,681,1241,0.0,0.0008333472224535399,0.5495568090249787,0.0
11337,9.447657460957682,0.5495568090249798,560,681,1241,0.0,0.0008333472224535399,0.5495568090249787,0.0
11338,9.448490808180138,0.5495568090249798,560,681,1241,0.0,0.0008333472224553162,0.5495568090249787,0.0
11339,9.449324155402591,0.5495568090249798,560,681,1241,0.0,0.0008333472224535399,0.5495568090249787,0.0
11340,9.450157502625045,0.5495568090249798,560,681,1241,0.0,0.0008333472224535399,0.5495568090249787,0.0
11341,9.450990849847498,0.5495568090249798,560,681,1241,0.0,0.0008333472224535399,0.5495568090249787,0.0
11342,9.451824197069952,0.5495568090249798,560,681,1241,0.0,0.0008333472224535399,0.5495568090249787,0.0
11343,9.452657544292405,0.5495568090249798,560,681,1241,0.0,0.0008333472224535399,0.5495568090249787,0.0
11344,9.453490891514859,0.5495568090249798,560,681,1241,0.0,0.0008333472224535399,0.5495568090249787,0.0
11345,9.454324238737312,0.5495568090249798,560,681,1241,0.0,0.0008333472224535399,0.5495568090249787,0.0
11346,9.455157585959766,0.5495568090249798,560,681,1241,0.0,0.0008333472224535399,0.5495568090249787,0.0
11347,9.45599093318222,0.5495568090249798,560,681,1241,0.0,0.0008333472224535399,0.5495568090249787,0.0
11348,9.456824280404673,0.5495568090249798,560,681,1241,0.0,0.0008333472224535399,0.5495568090249787,0.0
11349,9.457657627627128,0.5495568090249798,560,681,1241,0.0,0.0008333472224553162,0.5495568090249787,0.0
11350,9.458490974849582,0.5495568090249798,560,681,1241,0.0,0.0008333472224535399,0.5495568090249787,0.0
11351,9.459324322072035,0.5495568090249798,560,681,1241,0.0,0.0008333472224535399,0.5495568090249787,0.0
11352,9.460157669294489,0.5495568090249798,560,681,1241,0.0,0.0008333472224535399,0.5495568090249787,0.0
11353,9.460991016516942,0.5495568090249798,560,681,1241,0.0,0.0008333472224535399,0.5495568090249787,0.0
11354,9.461824363739396,0.5495568090249798,560,681,1241,0.0,0.0008333472224535399,0.5495568090249787,0.0
11355,9.46265771096185,0.5495568090249798,560,681,1241,0.0,0.0008333472224535399,0.5495568090249787,0.0
11356,9.463491058184303,0.5495568090249798,560,681,1241,0.0,0.0008333472224535399,0.5495568090249787,0.0
11357,9.464324405406757,0.5495568090249798,560,681,1241,0.0,0.0008333472224535399,0.5495568090249787,0.0
11358,9.46515775262921,0.5495568090249798,560,681,1241,0.0,0.0008333472224535399,0.5495568090249787,0.0
11359,9.465991099851665,0.5495568090249798,560,681,1241,0.0,0.0008333472224553162,0.5495568090249787,0.0
11360,9.466824447074119,0.5495568090249798,560,681,1241,0.0,0.0008333472224535399,0.5495568090249787,0.0
11361,9.467657794296573,0.5495568090249798,560,681,1241,0.0,0.0008333472224535399,0.5495568090249787,0.0
11362,9.468491141519026,0.5495568090249798,560,681,1241,0.0,0.0008333472224535399,0.5495568090249787,0.0
11363,9.46932448874148,0.5495568090249798,560,681,1241,0.0,0.0008333472224535399,0.5495568090249787,0.0
11364,9.470157835963933,0.5495568090249798,560,681,1241,0.0,0.0008333472224535399,0.5495568090249787,0.0
11365,9.470991183186387,0.5495568090249798,560,681,1241,0.0,0.0008333472224535399,0.5495568090249787,0.0
11366,9.47182453040884,0.5495568090249798,560,681,1241,0.0,0.0008333472224535399,0.5495568090249787,0.0
11367,9.472657877631294,0.5495568090249798,560,681,1241,0.0,0.0008333472224535399,0.5495568090249787,0.0
11368,9.473491224853747,0.5495568090249798,560,681,1241,0.0,0.0008333472224535399,0.5495568090249787,0.0
11369,9.4743245720762,0.5495568090249798,560,681,1241,0.0,0.0008333472224535399,0.5495568090249787,0.0
11370,9.475157919298656,0.5495568090249798,560,681,1241,0.0,0.0008333472224553162,0.5495568090249787,0.0
11371,9.47599126652111,0.5495568090249798,560,681,1241,0.0,0.0008333472224535399,0.5495568090249787,0.0
11372,9.476824613743563,0.5495568090249798,560,681,1241,0.0,0.0008333472224535399,0.5495568090249787,0.0
11373,9.477657960966017,0.5495568090249798,560,681,1241,0.0,0.0008333472224535399,0.5495568090249787,0.0
11374,9.47849130818847,0.5495568090249798,560,681,1241,0.0,0.0008333472224535399,0.5495568090249787,0.0
11375,9.479324655410924,0.5495568090249798,560,681,1241,0.0,0.0008333472224535399,0.5495568090249787,0.0
11376,9.480158002633377,0.5495568090249798,560,681,1241,0.0,0.0008333472224535399,0.5495568090249787,0.0
11377,9.480991349855831,0.5495568090249798,560,681,1241,0.0,0.0008333472224535399,0.5495568090249787,0.0
11378,9.481824697078284,0.5495568090249798,560,681,1241,0.0,0.0008333472224535399,0.5495568090249787,0.0
11379,9.482658044300738,0.5495568090249798,560,681,1241,0.0,0.0008333472224535399,0.5495568090249787,0.0
11380,9.483491391523193,0.5495568090249798,560,681,1241,0.0,0.0008333472224553162,0.5495568090249787,0.0
11381,9.484324738745647,0.5495568090249798,560,681,1241,0.0,0.0008333472224535399,0.5495568090249787,0.0
11382,9.4851580859681,0.5495568090249798,560,681,1241,0.0,0.0008333472224535399,0.5495568090249787,0.0
11383,9.485991433190554,0.5495568090249798,560,681,1241,0.0,0.0008333472224535399,0.5495568090249787,0.0
11384,9.486824780413007,0.5495568090249798,560,681,1241,0.0,0.0008333472224535399,0.5495568090249787,0.0
11385,9.487658127635461,0.5495568090249798,560,681,1241,0.0,0.0008333472224535399,0.5495568090249787,0.0
11386,9.488491474857915,0.5495568090249798,560,681,1241,0.0,0.0008333472224535399,0.5495568090249787,0.0
11387,9.489324822080368,0.5495568090249798,560,681,1241,0.0,0.0008333472224535399,0.5495568090249787,0.0
11388,9.490158169302822,0.5495568090249798,560,681,1241,0.0,0.0008333472224535399,0.5495568090249787,0.0
11389,9.490991516525275,0.5495568090249798,560,681,1241,0.0,0.0008333472224535399,0.5495568090249787,0.0
11390,9.491824863747729,0.5495568090249798,560,681,1241,0.0,0.0008333472224535399,0.5495568090249787,0.0
11391,9.492658210970184,0.5495568090249798,560,681,1241,0.0,0.0008333472224553162,0.5495568090249787,0.0
11392,9.493491558192638,0.5495568090249798,560,681,1241,0.0,0.0008333472224535399,0.5495568090249787,0.0
11393,9.494324905415091,0.5495568090249798,560,681,1241,0.0,0.0008333472224535399,0.5495568090249787,0.0
11394,9.495158252637545,0.5495568090249798,560,681,1241,0.0,0.0008333472224535399,0.5495568090249787,0.0
11395,9.495991599859998,0.5495568090249798,560,681,1241,0.0,0.0008333472224535399,0.5495568090249787,0.0
11396,9.496824947082452,0.5495568090249798,560,681,1241,0.0,0.0008333472224535399,0.5495568090249787,0.0
11397,9.497658294304905,0.5495568090249798,560,681,1241,0.0,0.0008333472224535399,0.5495568090249787,0.0
11398,9.498491641527359,0.5495568090249798,560,681,1241,0.0,0.0008333472224535399,0.5495568090249787,0.0
11399,9.499324988749812,0.5495568090249798,560,681,1241,0.0,0.0008333472224535399,0.5495568090249787,0.0
11400,9.500158335972266,0.5495568090249798,560,681,1241,0.0,0.0008333472224535399,0.5495568090249787,0.0
11401,9.50099168319472,0.5495568090249798,560,681,1241,0.0,0.0008333472224535399,0.5495568090249787,0.0
11402,9.501825030417175,0.5495568090249798,560,681,1241,0.0,0.0008333472224553162,0.5495568090249787,0.0
11403,9.502658377639628,0.5495568090249798,560,681,1241,0.0,0.0008333472224535399,0.5495568090249787,0.0
11404,9.503491724862082,0.5495568090249798,560,681,1241,0.0,0.0008333472224535399,0.5495568090249787,0.0
11405,9.504325072084535,0.5495568090249798,560,681,1241,0.0,0.0008333472224535399,0.5495568090249787,0.0
11406,9.505158419306989,0.5495568090249798,560,681,1241,0.0,0.0008333472224535399,0.5495568090249787,0.0
11407,9.505991766529442,0.5495568090249798,560,681,1241,0.0,0.0008333472224535399,0.5495568090249787,0.0
11408,9.506825113751896,0.5495568090249798,560,681,1241,0.0,0.0008333472224535399,0.5495568090249787,0.0
11409,9.50765846097435,0.5495568090249798,560,681,1241,0.0,0.0008333472224535399,0.5495568090249787,0.0
11410,9.508491808196803,0.5495568090249798,560,681,1241,0.0,0.0008333472224535399,0.5495568090249787,0.0
11411,9.509325155419257,0.5495568090249798,560,681,1241,0.0,0.0008333472224535399,0.5495568090249787,0.0
11412,9.510158502641712,0.5495568090249798,560,681,1241,0.0,0.0008333472224553162,0.5495568090249787,0.0
11413,9.510991849864165,0.5495568090249798,560,681,1241,0.0,0.0008333472224535399,0.5495568090249787,0.0
11414,9.511825197086619,0.5495568090249798,560,681,1241,0.0,0.0008333472224535399,0.5495568090249787,0.0
11415,9.512658544309073,0.5495568090249798,560,681,1241,0.0,0.0008333472224535399,0.5495568090249787,0.0
11416,9.513491891531526,0.5495568090249798,560,681,1241,0.0,0.0008333472224535399,0.5495568090249787,0.0
11417,9.51432523875398,0.5495568090249798,560,681,1241,0.0,0.0008333472224535399,0.5495568090249787,0.0
11418,9.515158585976433,0.5495568090249798,560,681,1241,0.0,0.0008333472224535399,0.5495568090249787,0.0
11419,9.515991933198887,0.5495568090249798,560,681,1241,0.0,0.0008333472224535399,0.5495568090249787,0.0
11420,9.51682528042134,0.5495568090249798,560,681,1241,0.0,0.0008333472224535399,0.5495568090249787,0.0
11421,9.517658627643794,0.5495568090249798,560,681,1241,0.0,0.0008333472224535399,0.5495568090249787,0.0
11422,9.518491974866247,0.5495568090249798,560,681,1241,0.0,0.0008333472224535399,0.5495568090249787,0.0
11423,9.519325322088703,0.5495568090249798,560,681,1241,0.0,0.0008333472224553162,0.5495568090249787,0.0
11424,9.520158669311156,0.5495568090249798,560,681,1241,0.0,0.0008333472224535399,0.5495568090249787,0.0
11425,9.52099201653361,0.5495568090249798,560,681,1241,0.0,0.0008333472224535399,0.5495568090249787,0.0
11426,9.521825363756063,0.5495568090249798,560,681,1241,0.0,0.0008333472224535399,0.5495568090249787,0.0
11427,9.522658710978517,0.5495568090249798,560,681,1241,0.0,0.0008333472224535399,0.5495568090249787,0.0
11428,9.52349205820097,0.5495568090249798,560,681,1241,0.0,0.0008333472224535399,0.5495568090249787,0.0
11429,9.524325405423424,0.5495568090249798,560,681,1241,0.0,0.0008333472224535399,0.5495568090249787,0.0
11430,9.525158752645877,0.5495568090249798,560,681,1241,0.0,0.0008333472224535399,0.5495568090249787,0.0
11431,9.525992099868331,0.5495568090249798,560,681,1241,0.0,0.0008333472224535399,0.5495568090249787,0.0
11432,9.526825447090784,0.5495568090249798,560,681,1241,0.0,0.0008333472224535399,0.5495568090249787,0.0
11433,9.52765879431324,0.5495568090249798,560,681,1241,0.0,0.0008333472224553162,0.5495568090249787,0.0
11434,9.528492141535693,0.5495568090249798,560,681,1241,0.0,0.0008333472224535399,0.5495568090249787,0.0
11435,9.529325488758147,0.5495568090249798,560,681,1241,0.0,0.0008333472224535399,0.5495568090249787,0.0
11436,9.5301588359806,0.5495568090249798,560,681,1241,0.0,0.0008333472224535399,0.5495568090249787,0.0
11437,9.530992183203054,0.5495568090249798,560,681,1241,0.0,0.0008333472224535399,0.5495568090249787,0.0
11438,9.531825530425508,0.5495568090249798,560,681,1241,0.0,0.0008333472224535399,0.5495568090249787,0.0
11439,9.532658877647961,0.5495568090249798,560,681,1241,0.0,0.0008333472224535399,0.5495568090249787,0.0
11440,9.533492224870415,0.5495568090249798,560,681,1241,0.0,0.0008333472224535399,0.5495568090249787,0.0
11441,9.534325572092868,0.5495568090249798,560,681,1241,0.0,0.0008333472224535399,0.5495568090249787,0.0
11442,9.535158919315322,0.5495568090249798,560,681,1241,0.0,0.0008333472224535399,0.5495568090249787,0.0
11443,9.535992266537775,0.5495568090249798,560,681,1241,0.0,0.0008333472224535399,0.5495568090249787,0.0
11444,9.53682561376023,0.5495568090249798,560,681,1241,0.0,0.0008333472224553162,0.5495568090249787,0.0
11445,9.537658960982684,0.5495568090249798,560,681,1241,0.0,0.0008333472224535399,0.5495568090249787,0.0
11446,9.538492308205138,0.5495568090249798,560,681,1241,0.0,0.0008333472224535399,0.5495568090249787,0.0
11447,9.539325655427591,0.5495568090249798,560,681,1241,0.0,0.0008333472224535399,0.5495568090249787,0.0
11448,9.540159002650045,0.5495568090249798,560,681,1241,0.0,0.0008333472224535399,0.5495568090249787,0.0
11449,9.540992349872498,0.5495568090249798,560,681,1241,0.0,0.0008333472224535399,0.5495568090249787,0.0
11450,9.541825697094952,0.5495568090249798,560,681,1241,0.0,0.0008333472224535399,0.5495568090249787,0.0
11451,9.542659044317405,0.5495568090249798,560,681,1241,0.0,0.0008333472224535399,0.5495568090249787,0.0
11452,9.543492391539859,0.5495568090249798,560,681,1241,0.0,0.0008333472224535399,0.5495568090249787,0.0
11453,9.544325738762312,0.5495568090249798,560,681,1241,0.0,0.0008333472224535399,0.5495568090249787,0.0
11454,9.545159085984768,0.5495568090249798,560,681,1241,0.0,0.0008333472224553162,0.5495568090249787,0.0
11455,9.545992433207221,0.5495568090249798,560,681,1241,0.0,0.0008333472224535399,0.5495568090249787,0.0
11456,9.546825780429675,0.5495568090249798,560,681,1241,0.0,0.0008333472224535399,0.5495568090249787,0.0
11457,9.547659127652128,0.5495568090249798,560,681,1241,0.0,0.0008333472224535399,0.5495568090249787,0.0
11458,9.548492474874582,0.5495568090249798,560,681,1241,0.0,0.0008333472224535399,0.5495568090249787,0.0
11459,9.549325822097035,0.5495568090249798,560,681,1241,0.0,0.0008333472224535399,0.5495568090249787,0.0
11460,9.550159169319489,0.5495568090249798,560,681,1241,0.0,0.0008333472224535399,0.5495568090249787,0.0
11461,9.550992516541942,0.5495568090249798,560,681,1241,0.0,0.0008333472224535399,0.5495568090249787,0.0
11462,9.551825863764396,0.5495568090249798,560,681,1241,0.0,0.0008333472224535399,0.5495568090249787,0.0
11463,9.55265921098685,0.5495568090249798,560,681,1241,0.0,0.0008333472224535399,0.5495568090249787,0.0
11464,9.553492558209303,0.5495568090249798,560,681,1241,0.0,0.0008333472224535399,0.5495568090249787,0.0
11465,9.554325905431758,0.5495568090249798,560,681,1241,0.0,0.0008333472224553162,0.5495568090249787,0.0
11466,9.555159252654212,0.5495568090249798,560,681,1241,0.0,0.0008333472224535399,0.5495568090249787,0.0
11467,9.555992599876665,0.5495568090249798,560,681,1241,0.0,0.0008333472224535399,0.5495568090249787,0.0
11468,9.556825947099119,0.5495568090249798,560,681,1241,0.0,0.0008333472224535399,0.5495568090249787,0.0
11469,9.557659294321573,0.5495568090249798,560,681,1241,0.0,0.0008333472224535399,0.5495568090249787,0.0
11470,9.558492641544026,0.5495568090249798,560,681,1241,0.0,0.0008333472224535399,0.5495568090249787,0.0
11471,9.55932598876648,0.5495568090249798,560,681,1241,0.0,0.0008333472224535399,0.5495568090249787,0.0
11472,9.560159335988933,0.5495568090249798,560,681,1241,0.0,0.0008333472224535399,0.5495568090249787,0.0
11473,9.560992683211387,0.5495568090249798,560,681,1241,0.0,0.0008333472224535399,0.5495568090249787,0.0
11474,9.56182603043384,0.5495568090249798,560,681,1241,0.0,0.0008333472224535399,0.5495568090249787,0.0
11475,9.562659377656294,0.5495568090249798,560,681,1241,0.0,0.0008333472224535399,0.5495568090249787,0.0
11476,9.56349272487875,0.5495568090249798,560,681,1241,0.0,0.0008333472224553162,0.5495568090249787,0.0
11477,9.564326072101203,0.5495568090249798,560,681,1241,0.0,0.0008333472224535399,0.5495568090249787,0.0
11478,9.565159419323656,0.5495568090249798,560,681,1241,0.0,0.0008333472224535399,0.5495568090249787,0.0
11479,9.56599276654611,0.5495568090249798,560,681,1241,0.0,0.0008333472224535399,0.5495568090249787,0.0
11480,9.566826113768563,0.5495568090249798,560,681,1241,0.0,0.0008333472224535399,0.5495568090249787,0.0
11481,9.567659460991017,0.5495568090249798,560,681,1241,0.0,0.0008333472224535399,0.5495568090249787,0.0
11482,9.56849280821347,0.5495568090249798,560,681,1241,0.0,0.0008333472224535399,0.5495568090249787,0.0
11483,9.569326155435924,0.5495568090249798,560,681,1241,0.0,0.0008333472224535399,0.5495568090249787,0.0
11484,9.570159502658377,0.5495568090249798,560,681,1241,0.0,0.0008333472224535399,0.5495568090249787,0.0
11485,9.570992849880831,0.5495568090249798,560,681,1241,0.0,0.0008333472224535399,0.5495568090249787,0.0
11486,9.571826197103286,0.5495568090249798,560,681,1241,0.0,0.0008333472224553162,0.5495568090249787,0.0
11487,9.57265954432574,0.5495568090249798,560,681,1241,0.0,0.0008333472224535399,0.5495568090249787,0.0
11488,9.573492891548193,0.5495568090249798,560,681,1241,0.0,0.0008333472224535399,0.5495568090249787,0.0
11489,9.574326238770647,0.5495568090249798,560,681,1241,0.0,0.0008333472224535399,0.5495568090249787,0.0
11490,9.5751595859931,0.5495568090249798,560,681,1241,0.0,0.0008333472224535399,0.5495568090249787,0.0
11491,9.575992933215554,0.5495568090249798,560,681,1241,0.0,0.0008333472224535399,0.5495568090249787,0.0
11492,9.576826280438008,0.5495568090249798,560,681,1241,0.0,0.0008333472224535399,0.5495568090249787,0.0
11493,9.577659627660461,0.5495568090249798,560,681,1241,0.0,0.0008333472224535399,0.5495568090249787,0.0
11494,9.578492974882915,0.5495568090249798,560,681,1241,0.0,0.0008333472224535399,0.5495568090249787,0.0
11495,9.579326322105368,0.5495568090249798,560,681,1241,0.0,0.0008333472224535399,0.5495568090249787,0.0
11496,9.580159669327822,0.5495568090249798,560,681,1241,0.0,0.0008333472224535399,0.5495568090249787,0.0
11497,9.580993016550277,0.5495568090249798,560,681,1241,0.0,0.0008333472224553162,0.5495568090249787,0.0
11498,9.58182636377273,0.5495568090249798,560,681,1241,0.0,0.0008333472224535399,0.5495568090249787,0.0
11499,9.582659710995184,0.5495568090249798,560,681,1241,0.0,0.0008333472224535399,0.5495568090249787,0.0
11500,9.583493058217638,0.5495568090249798,560,681,1241,0.0,0.0008333472224535399,0.5495568090249787,0.0
11501,9.584326405440091,0.5495568090249798,560,681,1241,0.0,0.0008333472224535399,0.5495568090249787,0.0
11502,9.585159752662545,0.5495568090249798,560,681,1241,0.0,0.0008333472224535399,0.5495568090249787,0.0
11503,9.585993099884998,0.5495568090249798,560,681,1241,0.0,0.0008333472224535399,0.5495568090249787,0.0
11504,9.586826447107452,0.5495568090249798,560,681,1241,0.0,0.0008333472224535399,0.5495568090249787,0.0
11505,9.587659794329905,0.5495568090249798,560,681,1241,0.0,0.0008333472224535399,0.5495568090249787,0.0
11506,9.588493141552359,0.5495568090249798,560,681,1241,0.0,0.0008333472224535399,0.5495568090249787,0.0
11507,9.589326488774814,0.5495568090249798,560,681,1241,0.0,0.0008333472224553162,0.5495568090249787,0.0
11508,9.590159835997268,0.5495568090249798,560,681,1241,0.0,0.0008333472224535399,0.5495568090249787,0.0
11509,9.590993183219721,0.5495568090249798,560,681,1241,0.0,0.0008333472224535399,0.5495568090249787,0.0
11510,9.591826530442175,0.5495568090249798,560,681,1241,0.0,0.0008333472224535399,0.5495568090249787,0.0
11511,9.592659877664628,0.5495568090249798,560,681,1241,0.0,0.0008333472224535399,0.5495568090249787,0.0
11512,9.593493224887082,0.5495568090249798,560,681,1241,0.0,0.0008333472224535399,0.5495568090249787,0.0
11513,9.594326572109535,0.5495568090249798,560,681,1241,0.0,0.0008333472224535399,0.5495568090249787,0.0
11514,9.595159919331989,0.5495568090249798,560,681,1241,0.0,0.0008333472224535399,0.5495568090249787,0.0
11515,9.595993266554443,0.5495568090249798,560,681,1241,0.0,0.0008333472224535399,0.5495568090249787,0.0
11516,9.596826613776896,0.5495568090249798,560,681,1241,0.0,0.0008333472224535399,0.5495568090249787,0.0
11517,9.59765996099935,0.5495568090249798,560,681,1241,0.0,0.0008333472224535399,0.5495568090249787,0.0
11518,9.598493308221805,0.5495568090249798,560,681,1241,0.0,0.0008333472224553162,0.5495568090249787,0.0
11519,9.599326655444258,0.5495568090249798,560,681,1241,0.0,0.0008333472224535399,0.5495568090249787,0.0
11520,9.600160002666712,0.5495568090249798,560,681,1241,0.0,0.0008333472224535399,0.5495568090249787,0.0
11521,9.600993349889166,0.5495568090249798,560,681,1241,0.0,0.0008333472224535399,0.5495568090249787,0.0
11522,9.601826697111619,0.5495568090249798,560,681,1241,0.0,0.0008333472224535399,0.5495568090249787,0.0
11523,9.602660044334073,0.5495568090249798,560,681,1241,0.0,0.0008333472224535399,0.5495568090249787,0.0
11524,9.603493391556526,0.5495568090249798,560,681,1241,0.0,0.0008333472224535399,0.5495568090249787,0.0
11525,9.60432673877898,0.5495568090249798,560,681,1241,0.0,0.0008333472224535399,0.5495568090249787,0.0
11526,9.605160086001433,0.5495568090249798,560,681,1241,0.0,0.0008333472224535399,0.5495568090249787,0.0
11527,9.605993433223887,0.5495568090249798,560,681,1241,0.0,0.0008333472224535399,0.5495568090249787,0.0
11528,9.60682678044634,0.5495568090249798,560,681,1241,0.0,0.0008333472224535399,0.5495568090249787,0.0
11529,9.607660127668796,0.5495568090249798,560,681,1241,0.0,0.0008333472224553162,0.5495568090249787,0.0
11530,9.60849347489125,0.5495568090249798,560,681,1241,0.0,0.0008333472224535399,0.5495568090249787,0.0
11531,9.609326822113703,0.5495568090249798,560,681,1241,0.0,0.0008333472224535399,0.5495568090249787,0.0
11532,9.610160169336156,0.5495568090249798,560,681,1241,0.0,0.0008333472224535399,0.5495568090249787,0.0
11533,9.61099351655861,0.5495568090249798,560,681,1241,0.0,0.0008333472224535399,0.5495568090249787,0.0
11534,9.611826863781063,0.5495568090249798,560,681,1241,0.0,0.0008333472224535399,0.5495568090249787,0.0
11535,9.612660211003517,0.5495568090249798,560,681,1241,0.0,0.0008333472224535399,0.5495568090249787,0.0
11536,9.61349355822597,0.5495568090249798,560,681,1241,0.0,0.0008333472224535399,0.5495568090249787,0.0
11537,9.614326905448424,0.5495568090249798,560,681,1241,0.0,0.0008333472224535399,0.5495568090249787,0.0
11538,9.615160252670877,0.5495568090249798,560,681,1241,0.0,0.0008333472224535399,0.5495568090249787,0.0
11539,9.615993599893333,0.5495568090249798,560,681,1241,0.0,0.0008333472224553162,0.5495568090249787,0.0
11540,9.616826947115786,0.5495568090249798,560,681,1241,0.0,0.0008333472224535399,0.5495568090249787,0.0
11541,9.61766029433824,0.5495568090249798,560,681,1241,0.0,0.0008333472224535399,0.5495568090249787,0.0
11542,9.618493641560693,0.5495568090249798,560,681,1241,0.0,0.0008333472224535399,0.5495568090249787,0.0
11543,9.619326988783147,0.5495568090249798,560,681,1241,0.0,0.0008333472224535399,0.5495568090249787,0.0
11544,9.6201603360056,0.5495568090249798,560,681,1241,0.0,0.0008333472224535399,0.5495568090249787,0.0
11545,9.620993683228054,0.5495568090249798,560,681,1241,0.0,0.0008333472224535399,0.5495568090249787,0.0
11546,9.621827030450508,0.5495568090249798,560,681,1241,0.0,0.0008333472224535399,0.5495568090249787,0.0
11547,9.622660377672961,0.5495568090249798,560,681,1241,0.0,0.0008333472224535399,0.5495568090249787,0.0
11548,9.623493724895415,0.5495568090249798,560,681,1241,0.0,0.0008333472224535399,0.5495568090249787,0.0
11549,9.624327072117868,0.5495568090249798,560,681,1241,0.0,0.0008333472224535399,0.5495568090249787,0.0
11550,9.625160419340324,0.5495568090249798,560,681,1241,0.0,0.0008333472224553162,0.5495568090249787,0.0
11551,9.625993766562777,0.5495568090249798,560,681,1241,0.0,0.0008333472224535399,0.5495568090249787,0.0
11552,9.62682711378523,0.5495568090249798,560,681,1241,0.0,0.0008333472224535399,0.5495568090249787,0.0
11553,9.627660461007684,0.5495568090249798,560,681,1241,0.0,0.0008333472224535399,0.5495568090249787,0.0
11554,9.628493808230138,0.5495568090249798,560,681,1241,0.0,0.0008333472224535399,0.5495568090249787,0.0
11555,9.629327155452591,0.5495568090249798,560,681,1241,0.0,0.0008333472224535399,0.5495568090249787,0.0
11556,9.630160502675045,0.5495568090249798,560,681,1241,0.0,0.0008333472224535399,0.5495568090249787,0.0
11557,9.630993849897498,0.5495568090249798,560,681,1241,0.0,0.0008333472224535399,0.5495568090249787,0.0
11558,9.631827197119952,0.5495568090249798,560,681,1241,0.0,0.0008333472224535399,0.5495568090249787,0.0
11559,9.632660544342405,0.5495568090249798,560,681,1241,0.0,0.0008333472224535399,0.5495568090249787,0.0
11560,9.63349389156486,0.5495568090249798,560,681,1241,0.0,0.0008333472224553162,0.5495568090249787,0.0
11561,9.634327238787314,0.5495568090249798,560,681,1241,0.0,0.0008333472224535399,0.5495568090249787,0.0
11562,9.635160586009768,0.5495568090249798,560,681,1241,0.0,0.0008333472224535399,0.5495568090249787,0.0
11563,9.635993933232221,0.5503626107977437,560,681,1241,0.0008058017727639033,0.0008333472224535399,0.549637389202255,8.058017727639034e-05
11564,9.636827280454675,0.5503626107977437,560,681,1241,0.0,0.0008333472224535399,0.5497179693795313,8.058017727639034e-05
11565,9.637660627677128,0.5503626107977437,560,681,1241,0.0,0.0008333472224535399,0.5497985495568077,8.058017727639034e-05
11566,9.638493974899582,0.5503626107977437,560,681,1241,0.0,0.0008333472224535399,0.549879129734084,8.058017727639034e-05
11567,9.639327322122035,0.5503626107977437,560,681,1241,0.0,0.0008333472224535399,0.5499597099113605,8.058017727639034e-05
11568,9.640160669344489,0.5503626107977437,560,681,1241,0.0,0.0008333472224535399,0.5500402900886368,8.058017727639034e-05
11569,9.640994016566943,0.5503626107977437,560,681,1241,0.0,0.0008333472224535399,0.550120870265913,8.058017727639034e-05
11570,9.641827363789396,0.5503626107977437,560,681,1241,0.0,0.0008333472224535399,0.5502014504431895,8.058017727639034e-05
11571,9.642660711011851,0.5503626107977437,560,681,1241,0.0,0.0008333472224553162,0.5502820306204658,8.058017727639034e-05
11572,9.643494058234305,0.5503626107977437,560,681,1241,0.0,0.0008333472224535399,0.5503626107977422,8.058017727639034e-05
11573,9.644327405456758,0.5503626107977437,560,681,1241,0.0,0.0008333472224535399,0.5503626107977422,0.0
11574,9.645160752679212,0.5503626107977437,560,681,1241,0.0,0.0008333472224535399,0.5503626107977422,0.0
11575,9.645994099901666,0.5503626107977437,560,681,1241,0.0,0.0008333472224535399,0.5503626107977422,0.0
11576,9.646827447124119,0.5503626107977437,560,681,1241,0.0,0.0008333472224535399,0.5503626107977422,0.0
11577,9.647660794346573,0.5503626107977437,560,681,1241,0.0,0.0008333472224535399,0.5503626107977422,0.0
11578,9.648494141569026,0.5503626107977437,560,681,1241,0.0,0.0008333472224535399,0.5503626107977422,0.0
11579,9.64932748879148,0.5503626107977437,560,681,1241,0.0,0.0008333472224535399,0.5503626107977422,0.0
11580,9.650160836013933,0.5503626107977437,560,681,1241,0.0,0.0008333472224535399,0.5503626107977422,0.0
11581,9.650994183236387,0.5503626107977437,560,681,1241,0.0,0.0008333472224535399,0.5503626107977422,0.0
11582,9.651827530458842,0.5503626107977437,560,681,1241,0.0,0.0008333472224553162,0.5503626107977422,0.0
11583,9.652660877681296,0.5503626107977437,560,681,1241,0.0,0.0008333472224535399,0.5503626107977422,0.0
11584,9.65349422490375,0.5503626107977437,560,681,1241,0.0,0.0008333472224535399,0.5503626107977422,0.0
11585,9.654327572126203,0.5503626107977437,560,681,1241,0.0,0.0008333472224535399,0.5503626107977422,0.0
11586,9.655160919348656,0.5503626107977437,560,681,1241,0.0,0.0008333472224535399,0.5503626107977422,0.0
11587,9.65599426657111,0.5503626107977437,560,681,1241,0.0,0.0008333472224535399,0.5503626107977422,0.0
11588,9.656827613793563,0.5503626107977437,560,681,1241,0.0,0.0008333472224535399,0.5503626107977422,0.0
11589,9.657660961016017,0.5503626107977437,560,681,1241,0.0,0.0008333472224535399,0.5503626107977422,0.0
11590,9.65849430823847,0.5503626107977437,560,681,1241,0.0,0.0008333472224535399,0.5503626107977422,0.0
11591,9.659327655460924,0.5503626107977437,560,681,1241,0.0,0.0008333472224535399,0.5503626107977422,0.0
11592,9.66016100268338,0.5503626107977437,560,681,1241,0.0,0.0008333472224553162,0.5503626107977422,0.0
11593,9.660994349905833,0.5503626107977437,560,681,1241,0.0,0.0008333472224535399,0.5503626107977422,0.0
11594,9.661827697128286,0.5503626107977437,560,681,1241,0.0,0.0008333472224535399,0.5503626107977422,0.0
11595,9.66266104435074,0.5503626107977437,560,681,1241,0.0,0.0008333472224535399,0.5503626107977422,0.0
11596,9.663494391573193,0.5511684125705076,560,681,1241,0.0008058017727639033,0.0008333472224535399,0.5504431909750186,8.058017727639034e-05
11597,9.664327738795647,0.5503626107977437,560,681,1241,-0.0008058017727639033,0.0008333472224535399,0.5504431909750186,0.0
11598,9.6651610860181,0.5503626107977437,560,681,1241,0.0,0.0008333472224535399,0.5504431909750186,0.0
11599,9.665994433240554,0.5503626107977437,560,681,1241,0.0,0.0008333472224535399,0.5504431909750186,0.0
11600,9.666827780463008,0.5503626107977437,560,681,1241,0.0,0.0008333472224535399,0.5504431909750186,0.0
11601,9.667661127685461,0.5503626107977437,560,681,1241,0.0,0.0008333472224535399,0.5504431909750186,0.0
11602,9.668494474907915,0.5511684125705076,560,681,1241,0.0008058017727639033,0.0008333472224535399,0.5505237711522949,8.058017727639034e-05
11603,9.66932782213037,0.5511684125705076,560,681,1241,0.0,0.0008333472224553162,0.5506043513295713,8.058017727639034e-05
11604,9.670161169352824,0.5511684125705076,560,681,1241,0.0,0.0008333472224535399,0.5506849315068476,8.058017727639034e-05
11605,9.670994516575277,0.5511684125705076,560,681,1241,0.0,0.0008333472224535399,0.5507655116841239,8.058017727639034e-05
11606,9.67182786379773,0.5511684125705076,560,681,1241,0.0,0.0008333472224535399,0.5507655116841239,0.0
11607,9.672661211020184,0.5511684125705076,560,681,1241,0.0,0.0008333472224535399,0.5508460918614003,8.058017727639034e-05
11608,9.673494558242638,0.5511684125705076,560,681,1241,0.0,0.0008333472224535399,0.5509266720386766,8.058017727639034e-05
11609,9.674327905465091,0.5511684125705076,560,681,1241,0.0,0.0008333472224535399,0.551007252215953,8.058017727639034e-05
11610,9.675161252687545,0.5511684125705076,560,681,1241,0.0,0.0008333472224535399,0.5510878323932293,8.058017727639034e-05
11611,9.675994599909998,0.5511684125705076,560,681,1241,0.0,0.0008333472224535399,0.5511684125705056,8.058017727639034e-05
11612,9.676827947132452,0.5511684125705076,560,681,1241,0.0,0.0008333472224535399,0.5511684125705056,0.0
11613,9.677661294354907,0.5511684125705076,560,681,1241,0.0,0.0008333472224553162,0.5511684125705056,0.0
11614,9.67849464157736,0.5511684125705076,560,681,1241,0.0,0.0008333472224535399,0.5511684125705056,0.0
11615,9.679327988799814,0.5511684125705076,560,681,1241,0.0,0.0008333472224535399,0.5511684125705056,0.0
11616,9.680161336022268,0.5511684125705076,560,681,1241,0.0,0.0008333472224535399,0.5511684125705056,0.0
11617,9.680994683244721,0.5511684125705076,560,681,1241,0.0,0.0008333472224535399,0.5511684125705056,0.0
11618,9.681828030467175,0.5511684125705076,560,681,1241,0.0,0.0008333472224535399,0.5511684125705056,0.0
11619,9.682661377689628,0.5511684125705076,560,681,1241,0.0,0.0008333472224535399,0.5511684125705056,0.0
11620,9.683494724912082,0.5511684125705076,560,681,1241,0.0,0.0008333472224535399,0.5511684125705056,0.0
11621,9.684328072134536,0.5511684125705076,560,681,1241,0.0,0.0008333472224535399,0.5511684125705056,0.0
11622,9.685161419356989,0.5511684125705076,560,681,1241,0.0,0.0008333472224535399,0.5511684125705056,0.0
11623,9.685994766579443,0.5511684125705076,560,681,1241,0.0,0.0008333472224535399,0.5511684125705056,0.0
11624,9.686828113801898,0.5511684125705076,560,681,1241,0.0,0.0008333472224553162,0.5511684125705056,0.0
11625,9.687661461024351,0.5511684125705076,560,681,1241,0.0,0.0008333472224535399,0.5511684125705056,0.0
11626,9.688494808246805,0.5503626107977437,560,681,1241,-0.0008058017727639033,0.0008333472224535399,0.5510878323932292,-8.058017727639034e-05
11627,9.689328155469259,0.5503626107977437,560,681,1241,0.0,0.0008333472224535399,0.5510072522159529,-8.058017727639034e-05
11628,9.690161502691712,0.5503626107977437,560,681,1241,0.0,0.0008333472224535399,0.5509266720386765,-8.058017727639034e-05
11629,9.690994849914166,0.5503626107977437,560,681,1241,0.0,0.0008333472224535399,0.5508460918614002,-8.058017727639034e-05
11630,9.69182819713662,0.5503626107977437,560,681,1241,0.0,0.0008333472224535399,0.5507655116841239,-8.058017727639034e-05
11631,9.692661544359073,0.5503626107977437,560,681,1241,0.0,0.0008333472224535399,0.5506849315068475,-8.058017727639034e-05
11632,9.693494891581526,0.5511684125705076,560,681,1241,0.0008058017727639033,0.0008333472224535399,0.5506849315068475,0.0
11633,9.69432823880398,0.5511684125705076,560,681,1241,0.0,0.0008333472224535399,0.5506849315068475,0.0
11634,9.695161586026433,0.5519742143432715,560,681,1241,0.0008058017727639033,0.0008333472224535399,0.5507655116841239,8.058017727639034e-05
11635,9.695994933248889,0.5519742143432715,560,681,1241,0.0,0.0008333472224553162,0.5508460918614002,8.058017727639034e-05
11636,9.696828280471342,0.5519742143432715,560,681,1241,0.0,0.0008333472224535399,0.551007252215953,0.00016116035455278067
11637,9.697661627693796,0.5519742143432715,560,681,1241,0.0,0.0008333472224535399,0.5511684125705058,0.00016116035455278067
11638,9.69849497491625,0.5519742143432715,560,681,1241,0.0,0.0008333472224535399,0.5513295729250586,0.00016116035455278067
11639,9.699328322138703,0.5519742143432715,560,681,1241,0.0,0.0008333472224535399,0.5514907332796113,0.00016116035455278067
11640,9.700161669361156,0.5511684125705076,560,681,1241,-0.0008058017727639033,0.0008333472224535399,0.5515713134568878,8.058017727639034e-05
11641,9.70099501658361,0.5511684125705076,560,681,1241,0.0,0.0008333472224535399,0.5516518936341641,8.058017727639034e-05
11642,9.701828363806063,0.5511684125705076,560,681,1241,0.0,0.0008333472224535399,0.551651893634164,0.0
11643,9.702661711028517,0.5511684125705076,560,681,1241,0.0,0.0008333472224535399,0.551651893634164,0.0
11644,9.70349505825097,0.5511684125705076,560,681,1241,0.0,0.0008333472224535399,0.5515713134568877,-8.058017727639034e-05
11645,9.704328405473426,0.5511684125705076,560,681,1241,0.0,0.0008333472224553162,0.5514907332796113,-8.058017727639034e-05
11646,9.70516175269588,0.5511684125705076,560,681,1241,0.0,0.0008333472224535399,0.551410153102335,-8.058017727639034e-05
11647,9.705995099918333,0.5511684125705076,560,681,1241,0.0,0.0008333472224535399,0.5513295729250587,-8.058017727639034e-05
11648,9.706828447140786,0.5511684125705076,560,681,1241,0.0,0.0008333472224535399,0.5512489927477823,-8.058017727639034e-05
11649,9.70766179436324,0.5511684125705076,560,681,1241,0.0,0.0008333472224535399,0.551168412570506,-8.058017727639034e-05
11650,9.708495141585693,0.5511684125705076,560,681,1241,0.0,0.0008333472224535399,0.551168412570506,0.0
11651,9.709328488808147,0.5511684125705076,560,681,1241,0.0,0.0008333472224535399,0.551168412570506,0.0
11652,9.7101618360306,0.5511684125705076,560,681,1241,0.0,0.0008333472224535399,0.551168412570506,0.0
11653,9.710995183253054,0.5511684125705076,560,681,1241,0.0,0.0008333472224535399,0.551168412570506,0.0
11654,9.711828530475508,0.5511684125705076,560,681,1241,0.0,0.0008333472224535399,0.551168412570506,0.0
11655,9.712661877697961,0.5511684125705076,560,681,1241,0.0,0.0008333472224535399,0.551168412570506,0.0
11656,9.713495224920417,0.5511684125705076,560,681,1241,0.0,0.0008333472224553162,0.551168412570506,0.0
11657,9.71432857214287,0.5511684125705076,560,681,1241,0.0,0.0008333472224535399,0.551168412570506,0.0
11658,9.715161919365324,0.5511684125705076,560,681,1241,0.0,0.0008333472224535399,0.551168412570506,0.0
11659,9.715995266587777,0.5511684125705076,560,681,1241,0.0,0.0008333472224535399,0.551168412570506,0.0
11660,9.71682861381023,0.5511684125705076,560,681,1241,0.0,0.0008333472224535399,0.551168412570506,0.0
11661,9.717661961032684,0.5511684125705076,560,681,1241,0.0,0.0008333472224535399,0.551168412570506,0.0
11662,9.718495308255138,0.5511684125705076,560,681,1241,0.0,0.0008333472224535399,0.551168412570506,0.0
11663,9.719328655477591,0.5511684125705076,560,681,1241,0.0,0.0008333472224535399,0.551168412570506,0.0
11664,9.720162002700045,0.5511684125705076,560,681,1241,0.0,0.0008333472224535399,0.551168412570506,0.0
11665,9.720995349922498,0.5511684125705076,560,681,1241,0.0,0.0008333472224535399,0.551168412570506,0.0
11666,9.721828697144954,0.5511684125705076,560,681,1241,0.0,0.0008333472224553162,0.551168412570506,0.0
11667,9.722662044367407,0.5511684125705076,560,681,1241,0.0,0.0008333472224535399,0.551168412570506,0.0
11668,9.72349539158986,0.5511684125705076,560,681,1241,0.0,0.0008333472224535399,0.551168412570506,0.0
11669,9.724328738812314,0.5511684125705076,560,681,1241,0.0,0.0008333472224535399,0.551168412570506,0.0
11670,9.725162086034768,0.5511684125705076,560,681,1241,0.0,0.0008333472224535399,0.551168412570506,0.0
11671,9.725995433257221,0.5511684125705076,560,681,1241,0.0,0.0008333472224535399,0.551168412570506,0.0
11672,9.726828780479675,0.5511684125705076,560,681,1241,0.0,0.0008333472224535399,0.551168412570506,0.0
11673,9.727662127702128,0.5511684125705076,560,681,1241,0.0,0.0008333472224535399,0.551168412570506,0.0
11674,9.728495474924582,0.5511684125705076,560,681,1241,0.0,0.0008333472224535399,0.551168412570506,0.0
11675,9.729328822147036,0.5511684125705076,560,681,1241,0.0,0.0008333472224535399,0.551168412570506,0.0
11676,9.730162169369489,0.5511684125705076,560,681,1241,0.0,0.0008333472224535399,0.551168412570506,0.0
11677,9.730995516591944,0.5511684125705076,560,681,1241,0.0,0.0008333472224553162,0.551168412570506,0.0
11678,9.731828863814398,0.5511684125705076,560,681,1241,0.0,0.0008333472224535399,0.551168412570506,0.0
11679,9.732662211036851,0.5511684125705076,560,681,1241,0.0,0.0008333472224535399,0.551168412570506,0.0
11680,9.733495558259305,0.5511684125705076,560,681,1241,0.0,0.0008333472224535399,0.551168412570506,0.0
11681,9.734328905481759,0.5511684125705076,560,681,1241,0.0,0.0008333472224535399,0.551168412570506,0.0
11682,9.735162252704212,0.5511684125705076,560,681,1241,0.0,0.0008333472224535399,0.551168412570506,0.0
11683,9.735995599926666,0.5511684125705076,560,681,1241,0.0,0.0008333472224535399,0.551168412570506,0.0
11684,9.73682894714912,0.5511684125705076,560,681,1241,0.0,0.0008333472224535399,0.551168412570506,0.0
11685,9.737662294371573,0.5511684125705076,560,681,1241,0.0,0.0008333472224535399,0.551168412570506,0.0
11686,9.738495641594026,0.5511684125705076,560,681,1241,0.0,0.0008333472224535399,0.551168412570506,0.0
11687,9.739328988816482,0.5511684125705076,560,681,1241,0.0,0.0008333472224553162,0.551168412570506,0.0
11688,9.740162336038935,0.5511684125705076,560,681,1241,0.0,0.0008333472224535399,0.551168412570506,0.0
11689,9.740995683261389,0.5511684125705076,560,681,1241,0.0,0.0008333472224535399,0.551168412570506,0.0
11690,9.741829030483842,0.5511684125705076,560,681,1241,0.0,0.0008333472224535399,0.551168412570506,0.0
11691,9.742662377706296,0.5511684125705076,560,681,1241,0.0,0.0008333472224535399,0.551168412570506,0.0
11692,9.74349572492875,0.5511684125705076,560,681,1241,0.0,0.0008333472224535399,0.551168412570506,0.0
11693,9.744329072151203,0.5511684125705076,560,681,1241,0.0,0.0008333472224535399,0.551168412570506,0.0
11694,9.745162419373656,0.5503626107977437,560,681,1241,-0.0008058017727639033,0.0008333472224535399,0.5510878323932296,-8.058017727639034e-05
11695,9.74599576659611,0.5503626107977437,560,681,1241,0.0,0.0008333472224535399,0.5510072522159533,-8.058017727639034e-05
11696,9.746829113818563,0.5503626107977437,560,681,1241,0.0,0.0008333472224535399,0.550926672038677,-8.058017727639034e-05
11697,9.747662461041017,0.5503626107977437,560,681,1241,0.0,0.0008333472224535399,0.5508460918614005,-8.058017727639034e-05
11698,9.748495808263472,0.5503626107977437,560,681,1241,0.0,0.0008333472224553162,0.5507655116841242,-8.058017727639034e-05
11699,9.749329155485926,0.5503626107977437,560,681,1241,0.0,0.0008333472224535399,0.5506849315068478,-8.058017727639034e-05
11700,9.75016250270838,0.5503626107977437,560,681,1241,0.0,0.0008333472224535399,0.5506043513295715,-8.058017727639034e-05
11701,9.750995849930833,0.5503626107977437,560,681,1241,0.0,0.0008333472224535399,0.5505237711522952,-8.058017727639034e-05
11702,9.751829197153286,0.5503626107977437,560,681,1241,0.0,0.0008333472224535399,0.5504431909750188,-8.058017727639034e-05
11703,9.75266254437574,0.5503626107977437,560,681,1241,0.0,0.0008333472224535399,0.5503626107977425,-8.058017727639034e-05
11704,9.753495891598194,0.5503626107977437,560,681,1241,0.0,0.0008333472224535399,0.5503626107977425,0.0
11705,9.754329238820647,0.5503626107977437,560,681,1241,0.0,0.0008333472224535399,0.5503626107977425,0.0
11706,9.7551625860431,0.5503626107977437,560,681,1241,0.0,0.0008333472224535399,0.5503626107977425,0.0
11707,9.755995933265554,0.5503626107977437,560,681,1241,0.0,0.0008333472224535399,0.5503626107977425,0.0
11708,9.756829280488008,0.5503626107977437,560,681,1241,0.0,0.0008333472224535399,0.5503626107977425,0.0
11709,9.757662627710463,0.5503626107977437,560,681,1241,0.0,0.0008333472224553162,0.5503626107977425,0.0
11710,9.758495974932917,0.5503626107977437,560,681,1241,0.0,0.0008333472224535399,0.5503626107977425,0.0
11711,9.75932932215537,0.5503626107977437,560,681,1241,0.0,0.0008333472224535399,0.5503626107977425,0.0
11712,9.760162669377824,0.5503626107977437,560,681,1241,0.0,0.0008333472224535399,0.5503626107977425,0.0
11713,9.760996016600277,0.5503626107977437,560,681,1241,0.0,0.0008333472224535399,0.5503626107977425,0.0
11714,9.76182936382273,0.5503626107977437,560,681,1241,0.0,0.0008333472224535399,0.5503626107977425,0.0
11715,9.762662711045184,0.5503626107977437,560,681,1241,0.0,0.0008333472224535399,0.5503626107977425,0.0
11716,9.763496058267638,0.5503626107977437,560,681,1241,0.0,0.0008333472224535399,0.5503626107977425,0.0
11717,9.764329405490091,0.5503626107977437,560,681,1241,0.0,0.0008333472224535399,0.5503626107977425,0.0
11718,9.765162752712545,0.5503626107977437,560,681,1241,0.0,0.0008333472224535399,0.5503626107977425,0.0
11719,9.765996099935,0.5503626107977437,560,681,1241,0.0,0.0008333472224553162,0.5503626107977425,0.0
11720,9.766829447157454,0.5503626107977437,560,681,1241,0.0,0.0008333472224535399,0.5503626107977425,0.0
11721,9.767662794379907,0.5503626107977437,560,681,1241,0.0,0.0008333472224535399,0.5503626107977425,0.0
11722,9.76849614160236,0.5503626107977437,560,681,1241,0.0,0.0008333472224535399,0.5503626107977425,0.0
11723,9.769329488824814,0.5503626107977437,560,681,1241,0.0,0.0008333472224535399,0.5503626107977425,0.0
11724,9.770162836047268,0.5503626107977437,560,681,1241,0.0,0.0008333472224535399,0.5503626107977425,0.0
11725,9.770996183269721,0.5503626107977437,560,681,1241,0.0,0.0008333472224535399,0.5503626107977425,0.0
11726,9.771829530492175,0.5503626107977437,560,681,1241,0.0,0.0008333472224535399,0.5503626107977425,0.0
11727,9.772662877714628,0.5503626107977437,560,681,1241,0.0,0.0008333472224535399,0.5503626107977425,0.0
11728,9.773496224937082,0.5503626107977437,560,681,1241,0.0,0.0008333472224535399,0.5503626107977425,0.0
11729,9.774329572159536,0.5503626107977437,560,681,1241,0.0,0.0008333472224535399,0.5503626107977425,0.0
11730,9.775162919381991,0.5503626107977437,560,681,1241,0.0,0.0008333472224553162,0.5503626107977425,0.0
11731,9.775996266604444,0.5503626107977437,560,681,1241,0.0,0.0008333472224535399,0.5503626107977425,0.0
11732,9.776829613826898,0.5503626107977437,560,681,1241,0.0,0.0008333472224535399,0.5503626107977425,0.0
11733,9.777662961049352,0.5503626107977437,560,681,1241,0.0,0.0008333472224535399,0.5503626107977425,0.0
11734,9.778496308271805,0.5503626107977437,560,681,1241,0.0,0.0008333472224535399,0.5503626107977425,0.0
11735,9.779329655494259,0.5503626107977437,560,681,1241,0.0,0.0008333472224535399,0.5503626107977425,0.0
11736,9.780163002716712,0.5503626107977437,560,681,1241,0.0,0.0008333472224535399,0.5503626107977425,0.0
11737,9.780996349939166,0.5503626107977437,560,681,1241,0.0,0.0008333472224535399,0.5503626107977425,0.0
11738,9.78182969716162,0.5503626107977437,560,681,1241,0.0,0.0008333472224535399,0.5503626107977425,0.0
11739,9.782663044384073,0.5503626107977437,560,681,1241,0.0,0.0008333472224535399,0.5503626107977425,0.0
11740,9.783496391606528,0.5503626107977437,560,681,1241,0.0,0.0008333472224553162,0.5503626107977425,0.0
11741,9.784329738828982,0.5503626107977437,560,681,1241,0.0,0.0008333472224535399,0.5503626107977425,0.0
11742,9.785163086051435,0.5503626107977437,560,681,1241,0.0,0.0008333472224535399,0.5503626107977425,0.0
11743,9.785996433273889,0.5503626107977437,560,681,1241,0.0,0.0008333472224535399,0.5503626107977425,0.0
11744,9.786829780496342,0.5503626107977437,560,681,1241,0.0,0.0008333472224535399,0.5503626107977425,0.0
11745,9.787663127718796,0.5503626107977437,560,681,1241,0.0,0.0008333472224535399,0.5503626107977425,0.0
11746,9.78849647494125,0.5503626107977437,560,681,1241,0.0,0.0008333472224535399,0.5503626107977425,0.0
11747,9.789329822163703,0.5503626107977437,560,681,1241,0.0,0.0008333472224535399,0.5503626107977425,0.0
11748,9.790163169386156,0.5503626107977437,560,681,1241,0.0,0.0008333472224535399,0.5503626107977425,0.0
11749,9.79099651660861,0.5503626107977437,560,681,1241,0.0,0.0008333472224535399,0.5503626107977425,0.0
11750,9.791829863831063,0.5503626107977437,560,681,1241,0.0,0.0008333472224535399,0.5503626107977425,0.0
11751,9.792663211053519,0.5503626107977437,560,681,1241,0.0,0.0008333472224553162,0.5503626107977425,0.0
11752,9.793496558275972,0.5503626107977437,560,681,1241,0.0,0.0008333472224535399,0.5503626107977425,0.0
11753,9.794329905498426,0.5503626107977437,560,681,1241,0.0,0.0008333472224535399,0.5503626107977425,0.0
11754,9.79516325272088,0.5503626107977437,560,681,1241,0.0,0.0008333472224535399,0.5503626107977425,0.0
11755,9.795996599943333,0.5503626107977437,560,681,1241,0.0,0.0008333472224535399,0.5503626107977425,0.0
11756,9.796829947165786,0.5503626107977437,560,681,1241,0.0,0.0008333472224535399,0.5503626107977425,0.0
11757,9.79766329438824,0.5503626107977437,560,681,1241,0.0,0.0008333472224535399,0.5503626107977425,0.0
11758,9.798496641610694,0.5503626107977437,560,681,1241,0.0,0.0008333472224535399,0.5503626107977425,0.0
11759,9.799329988833147,0.5503626107977437,560,681,1241,0.0,0.0008333472224535399,0.5503626107977425,0.0
11760,9.8001633360556,0.5503626107977437,560,681,1241,0.0,0.0008333472224535399,0.5503626107977425,0.0
11761,9.800996683278054,0.5503626107977437,560,681,1241,0.0,0.0008333472224535399,0.5503626107977425,0.0
11762,9.80183003050051,0.5503626107977437,560,681,1241,0.0,0.0008333472224553162,0.5503626107977425,0.0
11763,9.802663377722963,0.5503626107977437,560,681,1241,0.0,0.0008333472224535399,0.5503626107977425,0.0
11764,9.803496724945417,0.5503626107977437,560,681,1241,0.0,0.0008333472224535399,0.5503626107977425,0.0
11765,9.80433007216787,0.5503626107977437,560,681,1241,0.0,0.0008333472224535399,0.5503626107977425,0.0
11766,9.805163419390324,0.5503626107977437,560,681,1241,0.0,0.0008333472224535399,0.5503626107977425,0.0
11767,9.805996766612777,0.5503626107977437,560,681,1241,0.0,0.0008333472224535399,0.5503626107977425,0.0
11768,9.80683011383523,0.5503626107977437,560,681,1241,0.0,0.0008333472224535399,0.5503626107977425,0.0
11769,9.807663461057684,0.5503626107977437,560,681,1241,0.0,0.0008333472224535399,0.5503626107977425,0.0
11770,9.808496808280138,0.5503626107977437,560,681,1241,0.0,0.0008333472224535399,0.5503626107977425,0.0
11771,9.809330155502591,0.5503626107977437,560,681,1241,0.0,0.0008333472224535399,0.5503626107977425,0.0
11772,9.810163502725047,0.5503626107977437,560,681,1241,0.0,0.0008333472224553162,0.5503626107977425,0.0
11773,9.8109968499475,0.5503626107977437,560,681,1241,0.0,0.0008333472224535399,0.5503626107977425,0.0
11774,9.811830197169954,0.5503626107977437,560,681,1241,0.0,0.0008333472224535399,0.5503626107977425,0.0
11775,9.812663544392407,0.5503626107977437,560,681,1241,0.0,0.0008333472224535399,0.5503626107977425,0.0
11776,9.81349689161486,0.5503626107977437,560,681,1241,0.0,0.0008333472224535399,0.5503626107977425,0.0
11777,9.814330238837314,0.5503626107977437,560,681,1241,0.0,0.0008333472224535399,0.5503626107977425,0.0
11778,9.815163586059768,0.5503626107977437,560,681,1241,0.0,0.0008333472224535399,0.5503626107977425,0.0
11779,9.815996933282221,0.5503626107977437,560,681,1241,0.0,0.0008333472224535399,0.5503626107977425,0.0
11780,9.816830280504675,0.5503626107977437,560,681,1241,0.0,0.0008333472224535399,0.5503626107977425,0.0
11781,9.817663627727129,0.5503626107977437,560,681,1241,0.0,0.0008333472224535399,0.5503626107977425,0.0
11782,9.818496974949582,0.5503626107977437,560,681,1241,0.0,0.0008333472224535399,0.5503626107977425,0.0
11783,9.819330322172037,0.5503626107977437,560,681,1241,0.0,0.0008333472224553162,0.5503626107977425,0.0
11784,9.820163669394491,0.5503626107977437,560,681,1241,0.0,0.0008333472224535399,0.5503626107977425,0.0
11785,9.820997016616944,0.5503626107977437,560,681,1241,0.0,0.0008333472224535399,0.5503626107977425,0.0
11786,9.821830363839398,0.5503626107977437,560,681,1241,0.0,0.0008333472224535399,0.5503626107977425,0.0
11787,9.822663711061852,0.5503626107977437,560,681,1241,0.0,0.0008333472224535399,0.5503626107977425,0.0
11788,9.823497058284305,0.5503626107977437,560,681,1241,0.0,0.0008333472224535399,0.5503626107977425,0.0
11789,9.824330405506759,0.5503626107977437,560,681,1241,0.0,0.0008333472224535399,0.5503626107977425,0.0
11790,9.825163752729212,0.5503626107977437,560,681,1241,0.0,0.0008333472224535399,0.5503626107977425,0.0
11791,9.825997099951666,0.5503626107977437,560,681,1241,0.0,0.0008333472224535399,0.5503626107977425,0.0
11792,9.82683044717412,0.5503626107977437,560,681,1241,0.0,0.0008333472224535399,0.5503626107977425,0.0
11793,9.827663794396575,0.5503626107977437,560,681,1241,0.0,0.0008333472224553162,0.5503626107977425,0.0
11794,9.828497141619028,0.5503626107977437,560,681,1241,0.0,0.0008333472224535399,0.5503626107977425,0.0
11795,9.829330488841482,0.5503626107977437,560,681,1241,0.0,0.0008333472224535399,0.5503626107977425,0.0
11796,9.830163836063935,0.5503626107977437,560,681,1241,0.0,0.0008333472224535399,0.5503626107977425,0.0
11797,9.830997183286389,0.5503626107977437,560,681,1241,0.0,0.0008333472224535399,0.5503626107977425,0.0
11798,9.831830530508842,0.5503626107977437,560,681,1241,0.0,0.0008333472224535399,0.5503626107977425,0.0
11799,9.832663877731296,0.5503626107977437,560,681,1241,0.0,0.0008333472224535399,0.5503626107977425,0.0
11800,9.83349722495375,0.5503626107977437,560,681,1241,0.0,0.0008333472224535399,0.5503626107977425,0.0
11801,9.834330572176203,0.5503626107977437,560,681,1241,0.0,0.0008333472224535399,0.5503626107977425,0.0
11802,9.835163919398656,0.5503626107977437,560,681,1241,0.0,0.0008333472224535399,0.5503626107977425,0.0
11803,9.83599726662111,0.5503626107977437,560,681,1241,0.0,0.0008333472224535399,0.5503626107977425,0.0
11804,9.836830613843565,0.5503626107977437,560,681,1241,0.0,0.0008333472224553162,0.5503626107977425,0.0
11805,9.837663961066019,0.5503626107977437,560,681,1241,0.0,0.0008333472224535399,0.5503626107977425,0.0
11806,9.838497308288472,0.5503626107977437,560,681,1241,0.0,0.0008333472224535399,0.5503626107977425,0.0
11807,9.839330655510926,0.5503626107977437,560,681,1241,0.0,0.0008333472224535399,0.5503626107977425,0.0
11808,9.84016400273338,0.5503626107977437,560,681,1241,0.0,0.0008333472224535399,0.5503626107977425,0.0
11809,9.840997349955833,0.5503626107977437,560,681,1241,0.0,0.0008333472224535399,0.5503626107977425,0.0
11810,9.841830697178287,0.5503626107977437,560,681,1241,0.0,0.0008333472224535399,0.5503626107977425,0.0
11811,9.84266404440074,0.5503626107977437,560,681,1241,0.0,0.0008333472224535399,0.5503626107977425,0.0
11812,9.843497391623194,0.5503626107977437,560,681,1241,0.0,0.0008333472224535399,0.5503626107977425,0.0
11813,9.844330738845647,0.5503626107977437,560,681,1241,0.0,0.0008333472224535399,0.5503626107977425,0.0
11814,9.8451640860681,0.5503626107977437,560,681,1241,0.0,0.0008333472224535399,0.5503626107977425,0.0
11815,9.845997433290556,0.5503626107977437,560,681,1241,0.0,0.0008333472224553162,0.5503626107977425,0.0
11816,9.84683078051301,0.5503626107977437,560,681,1241,0.0,0.0008333472224535399,0.5503626107977425,0.0
11817,9.847664127735463,0.5503626107977437,560,681,1241,0.0,0.0008333472224535399,0.5503626107977425,0.0
11818,9.848497474957917,0.5503626107977437,560,681,1241,0.0,0.0008333472224535399,0.5503626107977425,0.0
11819,9.84933082218037,0.5503626107977437,560,681,1241,0.0,0.0008333472224535399,0.5503626107977425,0.0
11820,9.850164169402824,0.5503626107977437,560,681,1241,0.0,0.0008333472224535399,0.5503626107977425,0.0
11821,9.850997516625277,0.5503626107977437,560,681,1241,0.0,0.0008333472224535399,0.5503626107977425,0.0
11822,9.85183086384773,0.5503626107977437,560,681,1241,0.0,0.0008333472224535399,0.5503626107977425,0.0
11823,9.852664211070184,0.5511684125705076,560,681,1241,0.0008058017727639033,0.0008333472224535399,0.5504431909750189,8.058017727639034e-05
11824,9.853497558292638,0.5511684125705076,560,681,1241,0.0,0.0008333472224535399,0.5505237711522952,8.058017727639034e-05
11825,9.854330905515093,0.5511684125705076,560,681,1241,0.0,0.0008333472224553162,0.5506043513295716,8.058017727639034e-05
11826,9.855164252737547,0.5511684125705076,560,681,1241,0.0,0.0008333472224535399,0.5506849315068479,8.058017727639034e-05
11827,9.85599759996,0.5519742143432715,560,681,1241,0.0008058017727639033,0.0008333472224535399,0.5508460918614008,0.00016116035455278067
11828,9.856830947182454,0.5519742143432715,560,681,1241,0.0,0.0008333472224535399,0.5510072522159535,0.00016116035455278067
11829,9.857664294404907,0.5519742143432715,560,681,1241,0.0,0.0008333472224535399,0.5511684125705063,0.00016116035455278067
11830,9.85849764162736,0.5519742143432715,560,681,1241,0.0,0.0008333472224535399,0.5513295729250591,0.00016116035455278067
11831,9.859330988849814,0.5519742143432715,560,681,1241,0.0,0.0008333472224535399,0.5514907332796118,0.00016116035455278067
11832,9.860164336072268,0.5519742143432715,560,681,1241,0.0,0.0008333472224535399,0.5516518936341647,0.00016116035455278067
11833,9.860997683294721,0.5519742143432715,560,681,1241,0.0,0.0008333472224535399,0.5517324738114411,8.058017727639034e-05
11834,9.861831030517175,0.5519742143432715,560,681,1241,0.0,0.0008333472224535399,0.5518130539887174,8.058017727639034e-05
11835,9.862664377739629,0.5519742143432715,560,681,1241,0.0,0.0008333472224535399,0.5518936341659938,8.058017727639034e-05
11836,9.863497724962084,0.5519742143432715,560,681,1241,0.0,0.0008333472224553162,0.5519742143432701,8.058017727639034e-05
11837,9.864331072184537,0.5519742143432715,560,681,1241,0.0,0.0008333472224535399,0.5519742143432701,0.0
11838,9.865164419406991,0.5519742143432715,560,681,1241,0.0,0.0008333472224535399,0.5519742143432701,0.0
11839,9.865997766629444,0.5519742143432715,560,681,1241,0.0,0.0008333472224535399,0.5519742143432701,0.0
11840,9.866831113851898,0.5519742143432715,560,681,1241,0.0,0.0008333472224535399,0.5519742143432701,0.0
11841,9.867664461074352,0.5519742143432715,560,681,1241,0.0,0.0008333472224535399,0.5519742143432701,0.0
11842,9.868497808296805,0.5519742143432715,560,681,1241,0.0,0.0008333472224535399,0.5519742143432701,0.0
11843,9.869331155519259,0.5519742143432715,560,681,1241,0.0,0.0008333472224535399,0.5519742143432701,0.0
11844,9.870164502741712,0.5519742143432715,560,681,1241,0.0,0.0008333472224535399,0.5519742143432701,0.0
11845,9.870997849964166,0.5519742143432715,560,681,1241,0.0,0.0008333472224535399,0.5519742143432701,0.0
11846,9.871831197186621,0.5519742143432715,560,681,1241,0.0,0.0008333472224553162,0.5519742143432701,0.0
11847,9.872664544409075,0.5519742143432715,560,681,1241,0.0,0.0008333472224535399,0.5519742143432701,0.0
11848,9.873497891631528,0.5519742143432715,560,681,1241,0.0,0.0008333472224535399,0.5519742143432701,0.0
11849,9.874331238853982,0.5519742143432715,560,681,1241,0.0,0.0008333472224535399,0.5519742143432701,0.0
11850,9.875164586076435,0.5519742143432715,560,681,1241,0.0,0.0008333472224535399,0.5519742143432701,0.0
11851,9.875997933298889,0.5519742143432715,560,681,1241,0.0,0.0008333472224535399,0.5519742143432701,0.0
11852,9.876831280521342,0.5519742143432715,560,681,1241,0.0,0.0008333472224535399,0.5519742143432701,0.0
11853,9.877664627743796,0.5519742143432715,560,681,1241,0.0,0.0008333472224535399,0.5519742143432701,0.0
11854,9.87849797496625,0.5519742143432715,560,681,1241,0.0,0.0008333472224535399,0.5519742143432701,0.0
11855,9.879331322188703,0.5519742143432715,560,681,1241,0.0,0.0008333472224535399,0.5519742143432701,0.0
11856,9.880164669411156,0.5511684125705076,560,681,1241,-0.0008058017727639033,0.0008333472224535399,0.5518936341659938,-8.058017727639034e-05
11857,9.880998016633612,0.5511684125705076,560,681,1241,0.0,0.0008333472224553162,0.5518130539887174,-8.058017727639034e-05
11858,9.881831363856065,0.5511684125705076,560,681,1241,0.0,0.0008333472224535399,0.5517324738114411,-8.058017727639034e-05
11859,9.882664711078519,0.5511684125705076,560,681,1241,0.0,0.0008333472224535399,0.5516518936341648,-8.058017727639034e-05
11860,9.883498058300972,0.5511684125705076,560,681,1241,0.0,0.0008333472224535399,0.5515713134568884,-8.058017727639034e-05
11861,9.884331405523426,0.5511684125705076,560,681,1241,0.0,0.0008333472224535399,0.5514907332796121,-8.058017727639034e-05
11862,9.88516475274588,0.5511684125705076,560,681,1241,0.0,0.0008333472224535399,0.5514101531023357,-8.058017727639034e-05
11863,9.885998099968333,0.5511684125705076,560,681,1241,0.0,0.0008333472224535399,0.5513295729250594,-8.058017727639034e-05
11864,9.886831447190787,0.5511684125705076,560,681,1241,0.0,0.0008333472224535399,0.551248992747783,-8.058017727639034e-05
11865,9.88766479441324,0.5511684125705076,560,681,1241,0.0,0.0008333472224535399,0.5511684125705066,-8.058017727639034e-05
11866,9.888498141635694,0.5511684125705076,560,681,1241,0.0,0.0008333472224535399,0.5511684125705066,0.0
11867,9.889331488858147,0.5511684125705076,560,681,1241,0.0,0.0008333472224535399,0.5511684125705066,0.0
11868,9.890164836080602,0.5511684125705076,560,681,1241,0.0,0.0008333472224553162,0.5511684125705066,0.0
11869,9.890998183303056,0.5511684125705076,560,681,1241,0.0,0.0008333472224535399,0.5511684125705066,0.0
11870,9.89183153052551,0.5511684125705076,560,681,1241,0.0,0.0008333472224535399,0.5511684125705066,0.0
11871,9.892664877747963,0.5511684125705076,560,681,1241,0.0,0.0008333472224535399,0.5511684125705066,0.0
11872,9.893498224970417,0.5511684125705076,560,681,1241,0.0,0.0008333472224535399,0.5511684125705066,0.0
11873,9.89433157219287,0.5511684125705076,560,681,1241,0.0,0.0008333472224535399,0.5511684125705066,0.0
11874,9.895164919415324,0.5511684125705076,560,681,1241,0.0,0.0008333472224535399,0.5511684125705066,0.0
11875,9.895998266637777,0.5511684125705076,560,681,1241,0.0,0.0008333472224535399,0.5511684125705066,0.0
11876,9.89683161386023,0.5511684125705076,560,681,1241,0.0,0.0008333472224535399,0.5511684125705066,0.0
11877,9.897664961082684,0.5511684125705076,560,681,1241,0.0,0.0008333472224535399,0.5511684125705066,0.0
11878,9.89849830830514,0.5511684125705076,560,681,1241,0.0,0.0008333472224553162,0.5511684125705066,0.0
11879,9.899331655527593,0.5511684125705076,560,681,1241,0.0,0.0008333472224535399,0.5511684125705066,0.0
11880,9.900165002750047,0.5511684125705076,560,681,1241,0.0,0.0008333472224535399,0.5511684125705066,0.0
11881,9.9009983499725,0.5511684125705076,560,681,1241,0.0,0.0008333472224535399,0.5511684125705066,0.0
11882,9.901831697194954,0.5511684125705076,560,681,1241,0.0,0.0008333472224535399,0.5511684125705066,0.0
11883,9.902665044417407,0.5511684125705076,560,681,1241,0.0,0.0008333472224535399,0.5511684125705066,0.0
11884,9.903498391639861,0.5511684125705076,560,681,1241,0.0,0.0008333472224535399,0.5511684125705066,0.0
11885,9.904331738862314,0.5511684125705076,560,681,1241,0.0,0.0008333472224535399,0.5511684125705066,0.0
11886,9.905165086084768,0.5511684125705076,560,681,1241,0.0,0.0008333472224535399,0.5511684125705066,0.0
11887,9.905998433307222,0.5511684125705076,560,681,1241,0.0,0.0008333472224535399,0.5511684125705066,0.0
11888,9.906831780529675,0.5511684125705076,560,681,1241,0.0,0.0008333472224535399,0.5511684125705066,0.0
11889,9.90766512775213,0.5511684125705076,560,681,1241,0.0,0.0008333472224553162,0.5511684125705066,0.0
11890,9.908498474974584,0.5511684125705076,560,681,1241,0.0,0.0008333472224535399,0.5511684125705066,0.0
11891,9.909331822197037,0.5511684125705076,560,681,1241,0.0,0.0008333472224535399,0.5511684125705066,0.0
11892,9.910165169419491,0.5511684125705076,560,681,1241,0.0,0.0008333472224535399,0.5511684125705066,0.0
11893,9.910998516641945,0.5511684125705076,560,681,1241,0.0,0.0008333472224535399,0.5511684125705066,0.0
11894,9.911831863864398,0.5511684125705076,560,681,1241,0.0,0.0008333472224535399,0.5511684125705066,0.0
11895,9.912665211086852,0.5511684125705076,560,681,1241,0.0,0.0008333472224535399,0.5511684125705066,0.0
11896,9.913498558309305,0.5511684125705076,560,681,1241,0.0,0.0008333472224535399,0.5511684125705066,0.0
11897,9.914331905531759,0.5511684125705076,560,681,1241,0.0,0.0008333472224535399,0.5511684125705066,0.0
11898,9.915165252754212,0.5511684125705076,560,681,1241,0.0,0.0008333472224535399,0.5511684125705066,0.0
11899,9.915998599976668,0.5511684125705076,560,681,1241,0.0,0.0008333472224553162,0.5511684125705066,0.0
11900,9.916831947199121,0.5511684125705076,560,681,1241,0.0,0.0008333472224535399,0.5511684125705066,0.0
11901,9.917665294421575,0.5511684125705076,560,681,1241,0.0,0.0008333472224535399,0.5511684125705066,0.0
11902,9.918498641644028,0.5511684125705076,560,681,1241,0.0,0.0008333472224535399,0.5511684125705066,0.0
11903,9.919331988866482,0.5511684125705076,560,681,1241,0.0,0.0008333472224535399,0.5511684125705066,0.0
11904,9.920165336088935,0.5511684125705076,560,681,1241,0.0,0.0008333472224535399,0.5511684125705066,0.0
11905,9.920998683311389,0.5511684125705076,560,681,1241,0.0,0.0008333472224535399,0.5511684125705066,0.0
11906,9.921832030533842,0.5511684125705076,560,681,1241,0.0,0.0008333472224535399,0.5511684125705066,0.0
11907,9.922665377756296,0.5511684125705076,560,681,1241,0.0,0.0008333472224535399,0.5511684125705066,0.0
11908,9.92349872497875,0.5511684125705076,560,681,1241,0.0,0.0008333472224535399,0.5511684125705066,0.0
11909,9.924332072201203,0.5511684125705076,560,681,1241,0.0,0.0008333472224535399,0.5511684125705066,0.0
11910,9.925165419423658,0.5511684125705076,560,681,1241,0.0,0.0008333472224553162,0.5511684125705066,0.0
11911,9.925998766646112,0.5511684125705076,560,681,1241,0.0,0.0008333472224535399,0.5511684125705066,0.0
11912,9.926832113868565,0.5511684125705076,560,681,1241,0.0,0.0008333472224535399,0.5511684125705066,0.0
11913,9.927665461091019,0.5511684125705076,560,681,1241,0.0,0.0008333472224535399,0.5511684125705066,0.0
11914,9.928498808313472,0.5511684125705076,560,681,1241,0.0,0.0008333472224535399,0.5511684125705066,0.0
11915,9.929332155535926,0.5511684125705076,560,681,1241,0.0,0.0008333472224535399,0.5511684125705066,0.0
11916,9.93016550275838,0.5511684125705076,560,681,1241,0.0,0.0008333472224535399,0.5511684125705066,0.0
11917,9.930998849980833,0.5511684125705076,560,681,1241,0.0,0.0008333472224535399,0.5511684125705066,0.0
11918,9.931832197203287,0.5511684125705076,560,681,1241,0.0,0.0008333472224535399,0.5511684125705066,0.0
11919,9.93266554442574,0.5511684125705076,560,681,1241,0.0,0.0008333472224535399,0.5511684125705066,0.0
11920,9.933498891648195,0.5511684125705076,560,681,1241,0.0,0.0008333472224553162,0.5511684125705066,0.0
11921,9.934332238870649,0.5511684125705076,560,681,1241,0.0,0.0008333472224535399,0.5511684125705066,0.0
11922,9.935165586093103,0.5511684125705076,560,681,1241,0.0,0.0008333472224535399,0.5511684125705066,0.0
11923,9.935998933315556,0.5511684125705076,560,681,1241,0.0,0.0008333472224535399,0.5511684125705066,0.0
11924,9.93683228053801,0.5511684125705076,560,681,1241,0.0,0.0008333472224535399,0.5511684125705066,0.0
11925,9.937665627760463,0.5511684125705076,560,681,1241,0.0,0.0008333472224535399,0.5511684125705066,0.0
11926,9.938498974982917,0.5511684125705076,560,681,1241,0.0,0.0008333472224535399,0.5511684125705066,0.0
11927,9.93933232220537,0.5511684125705076,560,681,1241,0.0,0.0008333472224535399,0.5511684125705066,0.0
11928,9.940165669427824,0.5511684125705076,560,681,1241,0.0,0.0008333472224535399,0.5511684125705066,0.0
11929,9.940999016650277,0.5511684125705076,560,681,1241,0.0,0.0008333472224535399,0.5511684125705066,0.0
11930,9.94183236387273,0.5511684125705076,560,681,1241,0.0,0.0008333472224535399,0.5511684125705066,0.0
11931,9.942665711095186,0.5511684125705076,560,681,1241,0.0,0.0008333472224553162,0.5511684125705066,0.0
11932,9.94349905831764,0.5511684125705076,560,681,1241,0.0,0.0008333472224535399,0.5511684125705066,0.0
11933,9.944332405540093,0.5511684125705076,560,681,1241,0.0,0.0008333472224535399,0.5511684125705066,0.0
11934,9.945165752762547,0.5511684125705076,560,681,1241,0.0,0.0008333472224535399,0.5511684125705066,0.0
11935,9.945999099985,0.5511684125705076,560,681,1241,0.0,0.0008333472224535399,0.5511684125705066,0.0
11936,9.946832447207454,0.5519742143432715,560,681,1241,0.0008058017727639033,0.0008333472224535399,0.551248992747783,8.058017727639034e-05
11937,9.947665794429907,0.5519742143432715,560,681,1241,0.0,0.0008333472224535399,0.5513295729250594,8.058017727639034e-05
11938,9.948499141652361,0.5519742143432715,560,681,1241,0.0,0.0008333472224535399,0.5514101531023357,8.058017727639034e-05
11939,9.949332488874814,0.5519742143432715,560,681,1241,0.0,0.0008333472224535399,0.5514907332796121,8.058017727639034e-05
11940,9.950165836097268,0.5519742143432715,560,681,1241,0.0,0.0008333472224535399,0.5515713134568884,8.058017727639034e-05
11941,9.950999183319722,0.5519742143432715,560,681,1241,0.0,0.0008333472224535399,0.5516518936341648,8.058017727639034e-05
11942,9.951832530542177,0.5519742143432715,560,681,1241,0.0,0.0008333472224553162,0.5517324738114411,8.058017727639034e-05
11943,9.95266587776463,0.5519742143432715,560,681,1241,0.0,0.0008333472224535399,0.5518130539887174,8.058017727639034e-05
11944,9.953499224987084,0.5519742143432715,560,681,1241,0.0,0.0008333472224535399,0.5518936341659938,8.058017727639034e-05
11945,9.954332572209537,0.5519742143432715,560,681,1241,0.0,0.0008333472224535399,0.5519742143432701,8.058017727639034e-05
11946,9.955165919431991,0.5519742143432715,560,681,1241,0.0,0.0008333472224535399,0.5519742143432701,0.0
11947,9.955999266654445,0.5519742143432715,560,681,1241,0.0,0.0008333472224535399,0.5519742143432701,0.0
11948,9.956832613876898,0.5519742143432715,560,681,1241,0.0,0.0008333472224535399,0.5519742143432701,0.0
11949,9.957665961099352,0.5519742143432715,560,681,1241,0.0,0.0008333472224535399,0.5519742143432701,0.0
11950,9.958499308321805,0.5519742143432715,560,681,1241,0.0,0.0008333472224535399,0.5519742143432701,0.0
11951,9.959332655544259,0.5519742143432715,560,681,1241,0.0,0.0008333472224535399,0.5519742143432701,0.0
11952,9.960166002766714,0.5519742143432715,560,681,1241,0.0,0.0008333472224553162,0.5519742143432701,0.0
11953,9.960999349989168,0.5519742143432715,560,681,1241,0.0,0.0008333472224535399,0.5519742143432701,0.0
11954,9.961832697211621,0.5519742143432715,560,681,1241,0.0,0.0008333472224535399,0.5519742143432701,0.0
11955,9.962666044434075,0.5527800161160354,560,681,1241,0.0008058017727639033,0.0008333472224535399,0.5520547945205465,8.058017727639034e-05
11956,9.963499391656528,0.5519742143432715,560,681,1241,-0.0008058017727639033,0.0008333472224535399,0.5520547945205465,0.0
11957,9.964332738878982,0.5519742143432715,560,681,1241,0.0,0.0008333472224535399,0.5520547945205465,0.0
11958,9.965166086101435,0.5519742143432715,560,681,1241,0.0,0.0008333472224535399,0.5520547945205465,0.0
11959,9.965999433323889,0.5519742143432715,560,681,1241,0.0,0.0008333472224535399,0.5520547945205465,0.0
11960,9.966832780546342,0.5519742143432715,560,681,1241,0.0,0.0008333472224535399,0.5520547945205465,0.0
11961,9.967666127768796,0.5519742143432715,560,681,1241,0.0,0.0008333472224535399,0.5520547945205465,0.0
11962,9.96849947499125,0.5519742143432715,560,681,1241,0.0,0.0008333472224535399,0.5520547945205465,0.0
11963,9.969332822213705,0.5519742143432715,560,681,1241,0.0,0.0008333472224553162,0.5520547945205465,0.0
11964,9.970166169436158,0.5519742143432715,560,681,1241,0.0,0.0008333472224535399,0.5520547945205465,0.0
11965,9.970999516658612,0.5519742143432715,560,681,1241,0.0,0.0008333472224535399,0.5519742143432701,-8.058017727639034e-05
11966,9.971832863881065,0.5519742143432715,560,681,1241,0.0,0.0008333472224535399,0.5519742143432701,0.0
11967,9.972666211103519,0.5519742143432715,560,681,1241,0.0,0.0008333472224535399,0.5519742143432701,0.0
11968,9.973499558325972,0.5519742143432715,560,681,1241,0.0,0.0008333472224535399,0.5519742143432701,0.0
11969,9.974332905548426,0.5519742143432715,560,681,1241,0.0,0.0008333472224535399,0.5519742143432701,0.0
11970,9.97516625277088,0.5519742143432715,560,681,1241,0.0,0.0008333472224535399,0.5519742143432701,0.0
11971,9.975999599993333,0.5519742143432715,560,681,1241,0.0,0.0008333472224535399,0.5519742143432701,0.0
11972,9.976832947215787,0.5519742143432715,560,681,1241,0.0,0.0008333472224535399,0.5519742143432701,0.0
11973,9.977666294438242,0.5519742143432715,560,681,1241,0.0,0.0008333472224553162,0.5519742143432701,0.0
11974,9.978499641660695,0.5519742143432715,560,681,1241,0.0,0.0008333472224535399,0.5519742143432701,0.0
11975,9.979332988883149,0.5519742143432715,560,681,1241,0.0,0.0008333472224535399,0.5519742143432701,0.0
11976,9.980166336105603,0.5519742143432715,560,681,1241,0.0,0.0008333472224535399,0.5519742143432701,0.0
11977,9.980999683328056,0.5519742143432715,560,681,1241,0.0,0.0008333472224535399,0.5519742143432701,0.0
11978,9.98183303055051,0.5519742143432715,560,681,1241,0.0,0.0008333472224535399,0.5519742143432701,0.0
11979,9.982666377772963,0.5519742143432715,560,681,1241,0.0,0.0008333472224535399,0.5519742143432701,0.0
11980,9.983499724995417,0.5519742143432715,560,681,1241,0.0,0.0008333472224535399,0.5519742143432701,0.0
11981,9.98433307221787,0.5511684125705076,560,681,1241,-0.0008058017727639033,0.0008333472224535399,0.5518936341659938,-8.058017727639034e-05
11982,9.985166419440324,0.5511684125705076,560,681,1241,0.0,0.0008333472224535399,0.5518130539887174,-8.058017727639034e-05
11983,9.985999766662777,0.5511684125705076,560,681,1241,0.0,0.0008333472224535399,0.5517324738114411,-8.058017727639034e-05
11984,9.986833113885233,0.5511684125705076,560,681,1241,0.0,0.0008333472224553162,0.5516518936341648,-8.058017727639034e-05
11985,9.987666461107686,0.5511684125705076,560,681,1241,0.0,0.0008333472224535399,0.5515713134568884,-8.058017727639034e-05
11986,9.98849980833014,0.5511684125705076,560,681,1241,0.0,0.0008333472224535399,0.5514907332796121,-8.058017727639034e-05
11987,9.989333155552593,0.5511684125705076,560,681,1241,0.0,0.0008333472224535399,0.5514101531023357,-8.058017727639034e-05
11988,9.990166502775047,0.5511684125705076,560,681,1241,0.0,0.0008333472224535399,0.5513295729250594,-8.058017727639034e-05
11989,9.9909998499975,0.5511684125705076,560,681,1241,0.0,0.0008333472224535399,0.551248992747783,-8.058017727639034e-05
11990,9.991833197219954,0.5511684125705076,560,681,1241,0.0,0.0008333472224535399,0.5511684125705066,-8.058017727639034e-05
11991,9.992666544442407,0.5511684125705076,560,681,1241,0.0,0.0008333472224535399,0.5511684125705066,0.0
11992,9.993499891664861,0.5511684125705076,560,681,1241,0.0,0.0008333472224535399,0.5511684125705066,0.0
11993,9.994333238887315,0.5511684125705076,560,681,1241,0.0,0.0008333472224535399,0.5511684125705066,0.0
11994,9.995166586109768,0.5511684125705076,560,681,1241,0.0,0.0008333472224535399,0.5511684125705066,0.0
11995,9.995999933332223,0.5503626107977437,560,681,1241,-0.0008058017727639033,0.0008333472224553162,0.5510878323932303,-8.058017727639034e-05
11996,9.996833280554677,0.5503626107977437,560,681,1241,0.0,0.0008333472224535399,0.5510072522159539,-8.058017727639034e-05
11997,9.99766662777713,0.5503626107977437,560,681,1241,0.0,0.0008333472224535399,0.5509266720386776,-8.058017727639034e-05
11998,9.998499974999584,0.5503626107977437,560,681,1241,0.0,0.0008333472224535399,0.5508460918614013,-8.058017727639034e-05
11999,9.999333322222038,0.5503626107977437,560,681,1241,0.0,0.0008333472224535399,0.5507655116841249,-8.058017727639034e-05
12000,10.000166669444491,0.5503626107977437,560,681,1241,0.0,0.0008333472224535399,0.5506849315068486,-8.058017727639034e-05
12001,10.001000016666945,0.5503626107977437,560,681,1241,0.0,0.0008333472224535399,0.5506043513295722,-8.058017727639034e-05
12002,10.001833363889398,0.5503626107977437,560,681,1241,0.0,0.0008333472224535399,0.5505237711522959,-8.058017727639034e-05
12003,10.002666711111852,0.5503626107977437,560,681,1241,0.0,0.0008333472224535399,0.5504431909750196,-8.058017727639034e-05
12004,10.003500058334305,0.5503626107977437,560,681,1241,0.0,0.0008333472224535399,0.5503626107977432,-8.058017727639034e-05
12005,10.00433340555676,0.5503626107977437,560,681,1241,0.0,0.0008333472224553162,0.5503626107977432,0.0
12006,10.005166752779214,0.5503626107977437,560,681,1241,0.0,0.0008333472224535399,0.5503626107977432,0.0
12007,10.006000100001668,0.5503626107977437,560,681,1241,0.0,0.0008333472224535399,0.5503626107977432,0.0
12008,10.006833447224121,0.5503626107977437,560,681,1241,0.0,0.0008333472224535399,0.5503626107977432,0.0
12009,10.007666794446575,0.5503626107977437,560,681,1241,0.0,0.0008333472224535399,0.5503626107977432,0.0
12010,10.008500141669028,0.5503626107977437,560,681,1241,0.0,0.0008333472224535399,0.5503626107977432,0.0
12011,10.009333488891482,0.5503626107977437,560,681,1241,0.0,0.0008333472224535399,0.5503626107977432,0.0
12012,10.010166836113935,0.5503626107977437,560,681,1241,0.0,0.0008333472224535399,0.5503626107977432,0.0
12013,10.011000183336389,0.5503626107977437,560,681,1241,0.0,0.0008333472224535399,0.5503626107977432,0.0
12014,10.011833530558842,0.5503626107977437,560,681,1241,0.0,0.0008333472224535399,0.5503626107977432,0.0
12015,10.012666877781296,0.5503626107977437,560,681,1241,0.0,0.0008333472224535399,0.5503626107977432,0.0
12016,10.013500225003751,0.5503626107977437,560,681,1241,0.0,0.0008333472224553162,0.5503626107977432,0.0
12017,10.014333572226205,0.5503626107977437,560,681,1241,0.0,0.0008333472224535399,0.5503626107977432,0.0
12018,10.015166919448658,0.5503626107977437,560,681,1241,0.0,0.0008333472224535399,0.5503626107977432,0.0
12019,10.016000266671112,0.5503626107977437,560,681,1241,0.0,0.0008333472224535399,0.5503626107977432,0.0
12020,10.016833613893565,0.5503626107977437,560,681,1241,0.0,0.0008333472224535399,0.5503626107977432,0.0
12021,10.017666961116019,0.5503626107977437,560,681,1241,0.0,0.0008333472224535399,0.5503626107977432,0.0
12022,10.018500308338472,0.5503626107977437,560,681,1241,0.0,0.0008333472224535399,0.5503626107977432,0.0
12023,10.019333655560926,0.5503626107977437,560,681,1241,0.0,0.0008333472224535399,0.5503626107977432,0.0
12024,10.02016700278338,0.5503626107977437,560,681,1241,0.0,0.0008333472224535399,0.5503626107977432,0.0
12025,10.021000350005833,0.5503626107977437,560,681,1241,0.0,0.0008333472224535399,0.5503626107977432,0.0
12026,10.021833697228288,0.5503626107977437,560,681,1241,0.0,0.0008333472224553162,0.5503626107977432,0.0
12027,10.022667044450742,0.5503626107977437,560,681,1241,0.0,0.0008333472224535399,0.5503626107977432,0.0
12028,10.023500391673196,0.5503626107977437,560,681,1241,0.0,0.0008333472224535399,0.5503626107977432,0.0
12029,10.024333738895649,0.5503626107977437,560,681,1241,0.0,0.0008333472224535399,0.5503626107977432,0.0
12030,10.025167086118103,0.5503626107977437,560,681,1241,0.0,0.0008333472224535399,0.5503626107977432,0.0
12031,10.026000433340556,0.5503626107977437,560,681,1241,0.0,0.0008333472224535399,0.5503626107977432,0.0
12032,10.02683378056301,0.5503626107977437,560,681,1241,0.0,0.0008333472224535399,0.5503626107977432,0.0
12033,10.027667127785463,0.5503626107977437,560,681,1241,0.0,0.0008333472224535399,0.5503626107977432,0.0
12034,10.028500475007917,0.5503626107977437,560,681,1241,0.0,0.0008333472224535399,0.5503626107977432,0.0
12035,10.02933382223037,0.5503626107977437,560,681,1241,0.0,0.0008333472224535399,0.5503626107977432,0.0
12036,10.030167169452824,0.5503626107977437,560,681,1241,0.0,0.0008333472224535399,0.5503626107977432,0.0
12037,10.03100051667528,0.5503626107977437,560,681,1241,0.0,0.0008333472224553162,0.5503626107977432,0.0
12038,10.031833863897733,0.5503626107977437,560,681,1241,0.0,0.0008333472224535399,0.5503626107977432,0.0
12039,10.032667211120186,0.5503626107977437,560,681,1241,0.0,0.0008333472224535399,0.5503626107977432,0.0
12040,10.03350055834264,0.5503626107977437,560,681,1241,0.0,0.0008333472224535399,0.5503626107977432,0.0
12041,10.034333905565093,0.5503626107977437,560,681,1241,0.0,0.0008333472224535399,0.5503626107977432,0.0
12042,10.035167252787547,0.5503626107977437,560,681,1241,0.0,0.0008333472224535399,0.5503626107977432,0.0
12043,10.03600060001,0.5503626107977437,560,681,1241,0.0,0.0008333472224535399,0.5503626107977432,0.0
12044,10.036833947232454,0.5503626107977437,560,681,1241,0.0,0.0008333472224535399,0.5503626107977432,0.0
12045,10.037667294454907,0.5503626107977437,560,681,1241,0.0,0.0008333472224535399,0.5503626107977432,0.0
12046,10.038500641677361,0.5503626107977437,560,681,1241,0.0,0.0008333472224535399,0.5503626107977432,0.0
12047,10.039333988899815,0.5503626107977437,560,681,1241,0.0,0.0008333472224535399,0.5503626107977432,0.0
12048,10.04016733612227,0.5503626107977437,560,681,1241,0.0,0.0008333472224553162,0.5503626107977432,0.0
12049,10.041000683344723,0.5503626107977437,560,681,1241,0.0,0.0008333472224535399,0.5503626107977432,0.0
12050,10.041834030567177,0.5503626107977437,560,681,1241,0.0,0.0008333472224535399,0.5503626107977432,0.0
12051,10.04266737778963,0.5503626107977437,560,681,1241,0.0,0.0008333472224535399,0.5503626107977432,0.0
12052,10.043500725012084,0.5503626107977437,560,681,1241,0.0,0.0008333472224535399,0.5503626107977432,0.0
12053,10.044334072234538,0.5503626107977437,560,681,1241,0.0,0.0008333472224535399,0.5503626107977432,0.0
12054,10.045167419456991,0.5503626107977437,560,681,1241,0.0,0.0008333472224535399,0.5503626107977432,0.0
12055,10.046000766679445,0.5503626107977437,560,681,1241,0.0,0.0008333472224535399,0.5503626107977432,0.0
12056,10.046834113901898,0.5503626107977437,560,681,1241,0.0,0.0008333472224535399,0.5503626107977432,0.0
12057,10.047667461124352,0.5503626107977437,560,681,1241,0.0,0.0008333472224535399,0.5503626107977432,0.0
12058,10.048500808346807,0.5503626107977437,560,681,1241,0.0,0.0008333472224553162,0.5503626107977432,0.0
12059,10.04933415556926,0.5503626107977437,560,681,1241,0.0,0.0008333472224535399,0.5503626107977432,0.0
12060,10.050167502791714,0.5503626107977437,560,681,1241,0.0,0.0008333472224535399,0.5503626107977432,0.0
12061,10.051000850014168,0.5503626107977437,560,681,1241,0.0,0.0008333472224535399,0.5503626107977432,0.0
12062,10.051834197236621,0.5503626107977437,560,681,1241,0.0,0.0008333472224535399,0.5503626107977432,0.0
12063,10.052667544459075,0.5503626107977437,560,681,1241,0.0,0.0008333472224535399,0.5503626107977432,0.0
12064,10.053500891681528,0.5503626107977437,560,681,1241,0.0,0.0008333472224535399,0.5503626107977432,0.0
12065,10.054334238903982,0.5503626107977437,560,681,1241,0.0,0.0008333472224535399,0.5503626107977432,0.0
12066,10.055167586126435,0.5503626107977437,560,681,1241,0.0,0.0008333472224535399,0.5503626107977432,0.0
12067,10.056000933348889,0.5503626107977437,560,681,1241,0.0,0.0008333472224535399,0.5503626107977432,0.0
12068,10.056834280571342,0.5503626107977437,560,681,1241,0.0,0.0008333472224535399,0.5503626107977432,0.0
12069,10.057667627793798,0.5503626107977437,560,681,1241,0.0,0.0008333472224553162,0.5503626107977432,0.0
12070,10.058500975016251,0.5503626107977437,560,681,1241,0.0,0.0008333472224535399,0.5503626107977432,0.0
12071,10.059334322238705,0.5503626107977437,560,681,1241,0.0,0.0008333472224535399,0.5503626107977432,0.0
12072,10.060167669461158,0.5503626107977437,560,681,1241,0.0,0.0008333472224535399,0.5503626107977432,0.0
12073,10.061001016683612,0.5503626107977437,560,681,1241,0.0,0.0008333472224535399,0.5503626107977432,0.0
12074,10.061834363906065,0.5503626107977437,560,681,1241,0.0,0.0008333472224535399,0.5503626107977432,0.0
12075,10.062667711128519,0.5503626107977437,560,681,1241,0.0,0.0008333472224535399,0.5503626107977432,0.0
12076,10.063501058350973,0.5503626107977437,560,681,1241,0.0,0.0008333472224535399,0.5503626107977432,0.0
12077,10.064334405573426,0.5503626107977437,560,681,1241,0.0,0.0008333472224535399,0.5503626107977432,0.0
12078,10.06516775279588,0.5503626107977437,560,681,1241,0.0,0.0008333472224535399,0.5503626107977432,0.0
12079,10.066001100018335,0.5503626107977437,560,681,1241,0.0,0.0008333472224553162,0.5503626107977432,0.0
12080,10.066834447240788,0.5511684125705076,560,681,1241,0.0008058017727639033,0.0008333472224535399,0.5504431909750196,8.058017727639034e-05
12081,10.067667794463242,0.5511684125705076,560,681,1241,0.0,0.0008333472224535399,0.550523771152296,8.058017727639034e-05
12082,10.068501141685696,0.5511684125705076,560,681,1241,0.0,0.0008333472224535399,0.5506043513295723,8.058017727639034e-05
12083,10.069334488908149,0.5511684125705076,560,681,1241,0.0,0.0008333472224535399,0.5506849315068487,8.058017727639034e-05
12084,10.070167836130603,0.5511684125705076,560,681,1241,0.0,0.0008333472224535399,0.550765511684125,8.058017727639034e-05
12085,10.071001183353056,0.5511684125705076,560,681,1241,0.0,0.0008333472224535399,0.5508460918614013,8.058017727639034e-05
12086,10.07183453057551,0.5511684125705076,560,681,1241,0.0,0.0008333472224535399,0.5509266720386777,8.058017727639034e-05
12087,10.072667877797963,0.5511684125705076,560,681,1241,0.0,0.0008333472224535399,0.551007252215954,8.058017727639034e-05
12088,10.073501225020417,0.5511684125705076,560,681,1241,0.0,0.0008333472224535399,0.5510878323932304,8.058017727639034e-05
12089,10.07433457224287,0.5511684125705076,560,681,1241,0.0,0.0008333472224535399,0.5511684125705067,8.058017727639034e-05
12090,10.075167919465326,0.5511684125705076,560,681,1241,0.0,0.0008333472224553162,0.5511684125705066,0.0
12091,10.07600126668778,0.5511684125705076,560,681,1241,0.0,0.0008333472224535399,0.5511684125705066,0.0
12092,10.076834613910233,0.5511684125705076,560,681,1241,0.0,0.0008333472224535399,0.5511684125705066,0.0
12093,10.077667961132686,0.5511684125705076,560,681,1241,0.0,0.0008333472224535399,0.5511684125705066,0.0
12094,10.07850130835514,0.5511684125705076,560,681,1241,0.0,0.0008333472224535399,0.5511684125705066,0.0
12095,10.079334655577593,0.5511684125705076,560,681,1241,0.0,0.0008333472224535399,0.5511684125705066,0.0
12096,10.080168002800047,0.5511684125705076,560,681,1241,0.0,0.0008333472224535399,0.5511684125705066,0.0
12097,10.0810013500225,0.5511684125705076,560,681,1241,0.0,0.0008333472224535399,0.5511684125705066,0.0
12098,10.081834697244954,0.5511684125705076,560,681,1241,0.0,0.0008333472224535399,0.5511684125705066,0.0
12099,10.082668044467407,0.5511684125705076,560,681,1241,0.0,0.0008333472224535399,0.5511684125705066,0.0
12100,10.083501391689861,0.5511684125705076,560,681,1241,0.0,0.0008333472224535399,0.5511684125705066,0.0
12101,10.084334738912316,0.5511684125705076,560,681,1241,0.0,0.0008333472224553162,0.5511684125705066,0.0
12102,10.08516808613477,0.5511684125705076,560,681,1241,0.0,0.0008333472224535399,0.5511684125705066,0.0
12103,10.086001433357223,0.5511684125705076,560,681,1241,0.0,0.0008333472224535399,0.5511684125705066,0.0
12104,10.086834780579677,0.5511684125705076,560,681,1241,0.0,0.0008333472224535399,0.5511684125705066,0.0
12105,10.08766812780213,0.5511684125705076,560,681,1241,0.0,0.0008333472224535399,0.5511684125705066,0.0
12106,10.088501475024584,0.5511684125705076,560,681,1241,0.0,0.0008333472224535399,0.5511684125705066,0.0
12107,10.089334822247038,0.5511684125705076,560,681,1241,0.0,0.0008333472224535399,0.5511684125705066,0.0
12108,10.090168169469491,0.5511684125705076,560,681,1241,0.0,0.0008333472224535399,0.5511684125705066,0.0
12109,10.091001516691945,0.5511684125705076,560,681,1241,0.0,0.0008333472224535399,0.5511684125705066,0.0
12110,10.091834863914398,0.5511684125705076,560,681,1241,0.0,0.0008333472224535399,0.5511684125705066,0.0
12111,10.092668211136854,0.5511684125705076,560,681,1241,0.0,0.0008333472224553162,0.5511684125705066,0.0
12112,10.093501558359307,0.5511684125705076,560,681,1241,0.0,0.0008333472224535399,0.5511684125705066,0.0
12113,10.09433490558176,0.5511684125705076,560,681,1241,0.0,0.0008333472224535399,0.5511684125705066,0.0
12114,10.095168252804214,0.5511684125705076,560,681,1241,0.0,0.0008333472224535399,0.5511684125705066,0.0
12115,10.096001600026668,0.5511684125705076,560,681,1241,0.0,0.0008333472224535399,0.5511684125705066,0.0
12116,10.096834947249121,0.5511684125705076,560,681,1241,0.0,0.0008333472224535399,0.5511684125705066,0.0
12117,10.097668294471575,0.5511684125705076,560,681,1241,0.0,0.0008333472224535399,0.5511684125705066,0.0
12118,10.098501641694028,0.5511684125705076,560,681,1241,0.0,0.0008333472224535399,0.5511684125705066,0.0
12119,10.099334988916482,0.5511684125705076,560,681,1241,0.0,0.0008333472224535399,0.5511684125705066,0.0
12120,10.100168336138935,0.5511684125705076,560,681,1241,0.0,0.0008333472224535399,0.5511684125705066,0.0
12121,10.101001683361389,0.5511684125705076,560,681,1241,0.0,0.0008333472224535399,0.5511684125705066,0.0
12122,10.101835030583844,0.5511684125705076,560,681,1241,0.0,0.0008333472224553162,0.5511684125705066,0.0
12123,10.102668377806298,0.5511684125705076,560,681,1241,0.0,0.0008333472224535399,0.5511684125705066,0.0
12124,10.103501725028751,0.5511684125705076,560,681,1241,0.0,0.0008333472224535399,0.5511684125705066,0.0
12125,10.104335072251205,0.5511684125705076,560,681,1241,0.0,0.0008333472224535399,0.5511684125705066,0.0
12126,10.105168419473658,0.5511684125705076,560,681,1241,0.0,0.0008333472224535399,0.5511684125705066,0.0
12127,10.106001766696112,0.5511684125705076,560,681,1241,0.0,0.0008333472224535399,0.5511684125705066,0.0
12128,10.106835113918565,0.5511684125705076,560,681,1241,0.0,0.0008333472224535399,0.5511684125705066,0.0
12129,10.107668461141019,0.5511684125705076,560,681,1241,0.0,0.0008333472224535399,0.5511684125705066,0.0
12130,10.108501808363473,0.5511684125705076,560,681,1241,0.0,0.0008333472224535399,0.5511684125705066,0.0
12131,10.109335155585926,0.5511684125705076,560,681,1241,0.0,0.0008333472224535399,0.5511684125705066,0.0
12132,10.110168502808381,0.5511684125705076,560,681,1241,0.0,0.0008333472224553162,0.5511684125705066,0.0
12133,10.111001850030835,0.5511684125705076,560,681,1241,0.0,0.0008333472224535399,0.5511684125705066,0.0
12134,10.111835197253288,0.5511684125705076,560,681,1241,0.0,0.0008333472224535399,0.5511684125705066,0.0
12135,10.112668544475742,0.5511684125705076,560,681,1241,0.0,0.0008333472224535399,0.5511684125705066,0.0
12136,10.113501891698196,0.5511684125705076,560,681,1241,0.0,0.0008333472224535399,0.5511684125705066,0.0
12137,10.11433523892065,0.5511684125705076,560,681,1241,0.0,0.0008333472224535399,0.5511684125705066,0.0
12138,10.115168586143103,0.5511684125705076,560,681,1241,0.0,0.0008333472224535399,0.5511684125705066,0.0
12139,10.116001933365556,0.5511684125705076,560,681,1241,0.0,0.0008333472224535399,0.5511684125705066,0.0
12140,10.11683528058801,0.5511684125705076,560,681,1241,0.0,0.0008333472224535399,0.5511684125705066,0.0
12141,10.117668627810463,0.5511684125705076,560,681,1241,0.0,0.0008333472224535399,0.5511684125705066,0.0
12142,10.118501975032917,0.5511684125705076,560,681,1241,0.0,0.0008333472224535399,0.5511684125705066,0.0
12143,10.119335322255372,0.5511684125705076,560,681,1241,0.0,0.0008333472224553162,0.5511684125705066,0.0
12144,10.120168669477826,0.5511684125705076,560,681,1241,0.0,0.0008333472224535399,0.5511684125705066,0.0
12145,10.12100201670028,0.5511684125705076,560,681,1241,0.0,0.0008333472224535399,0.5511684125705066,0.0
12146,10.121835363922733,0.5511684125705076,560,681,1241,0.0,0.0008333472224535399,0.5511684125705066,0.0
12147,10.122668711145186,0.5511684125705076,560,681,1241,0.0,0.0008333472224535399,0.5511684125705066,0.0
12148,10.12350205836764,0.5503626107977437,560,681,1241,-0.0008058017727639033,0.0008333472224535399,0.5510878323932303,-8.058017727639034e-05
12149,10.124335405590093,0.5503626107977437,560,681,1241,0.0,0.0008333472224535399,0.5510072522159539,-8.058017727639034e-05
12150,10.125168752812547,0.5503626107977437,560,681,1241,0.0,0.0008333472224535399,0.5509266720386776,-8.058017727639034e-05
12151,10.126002100035,0.5503626107977437,560,681,1241,0.0,0.0008333472224535399,0.5508460918614013,-8.058017727639034e-05
12152,10.126835447257454,0.5503626107977437,560,681,1241,0.0,0.0008333472224535399,0.5507655116841249,-8.058017727639034e-05
12153,10.12766879447991,0.5503626107977437,560,681,1241,0.0,0.0008333472224553162,0.5506849315068486,-8.058017727639034e-05
12154,10.128502141702363,0.5503626107977437,560,681,1241,0.0,0.0008333472224535399,0.5506043513295722,-8.058017727639034e-05
12155,10.129335488924816,0.5503626107977437,560,681,1241,0.0,0.0008333472224535399,0.5505237711522959,-8.058017727639034e-05
12156,10.13016883614727,0.5503626107977437,560,681,1241,0.0,0.0008333472224535399,0.5504431909750196,-8.058017727639034e-05
12157,10.131002183369723,0.5503626107977437,560,681,1241,0.0,0.0008333472224535399,0.5503626107977432,-8.058017727639034e-05
12158,10.131835530592177,0.5503626107977437,560,681,1241,0.0,0.0008333472224535399,0.5503626107977432,0.0
12159,10.13266887781463,0.5503626107977437,560,681,1241,0.0,0.0008333472224535399,0.5503626107977432,0.0
12160,10.133502225037084,0.5503626107977437,560,681,1241,0.0,0.0008333472224535399,0.5503626107977432,0.0
12161,10.134335572259538,0.5503626107977437,560,681,1241,0.0,0.0008333472224535399,0.5503626107977432,0.0
12162,10.135168919481991,0.5503626107977437,560,681,1241,0.0,0.0008333472224535399,0.5503626107977432,0.0
12163,10.136002266704445,0.5503626107977437,560,681,1241,0.0,0.0008333472224535399,0.5503626107977432,0.0
12164,10.1368356139269,0.5503626107977437,560,681,1241,0.0,0.0008333472224553162,0.5503626107977432,0.0
12165,10.137668961149354,0.5503626107977437,560,681,1241,0.0,0.0008333472224535399,0.5503626107977432,0.0
12166,10.138502308371807,0.5503626107977437,560,681,1241,0.0,0.0008333472224535399,0.5503626107977432,0.0
12167,10.13933565559426,0.5503626107977437,560,681,1241,0.0,0.0008333472224535399,0.5503626107977432,0.0
12168,10.140169002816714,0.5503626107977437,560,681,1241,0.0,0.0008333472224535399,0.5503626107977432,0.0
12169,10.141002350039168,0.5503626107977437,560,681,1241,0.0,0.0008333472224535399,0.5503626107977432,0.0
12170,10.141835697261621,0.5503626107977437,560,681,1241,0.0,0.0008333472224535399,0.5503626107977432,0.0
12171,10.142669044484075,0.5503626107977437,560,681,1241,0.0,0.0008333472224535399,0.5503626107977432,0.0
12172,10.143502391706528,0.5503626107977437,560,681,1241,0.0,0.0008333472224535399,0.5503626107977432,0.0
12173,10.144335738928982,0.5503626107977437,560,681,1241,0.0,0.0008333472224535399,0.5503626107977432,0.0
12174,10.145169086151435,0.5503626107977437,560,681,1241,0.0,0.0008333472224535399,0.5503626107977432,0.0
12175,10.14600243337389,0.5503626107977437,560,681,1241,0.0,0.0008333472224553162,0.5503626107977432,0.0
12176,10.146835780596344,0.5503626107977437,560,681,1241,0.0,0.0008333472224535399,0.5503626107977432,0.0
12177,10.147669127818798,0.5503626107977437,560,681,1241,0.0,0.0008333472224535399,0.5503626107977432,0.0
12178,10.148502475041251,0.5503626107977437,560,681,1241,0.0,0.0008333472224535399,0.5503626107977432,0.0
12179,10.149335822263705,0.5503626107977437,560,681,1241,0.0,0.0008333472224535399,0.5503626107977432,0.0
12180,10.150169169486158,0.5503626107977437,560,681,1241,0.0,0.0008333472224535399,0.5503626107977432,0.0
12181,10.151002516708612,0.5503626107977437,560,681,1241,0.0,0.0008333472224535399,0.5503626107977432,0.0
12182,10.151835863931066,0.5503626107977437,560,681,1241,0.0,0.0008333472224535399,0.5503626107977432,0.0
12183,10.152669211153519,0.5503626107977437,560,681,1241,0.0,0.0008333472224535399,0.5503626107977432,0.0
12184,10.153502558375973,0.5503626107977437,560,681,1241,0.0,0.0008333472224535399,0.5503626107977432,0.0
12185,10.154335905598428,0.5503626107977437,560,681,1241,0.0,0.0008333472224553162,0.5503626107977432,0.0
12186,10.155169252820881,0.5503626107977437,560,681,1241,0.0,0.0008333472224535399,0.5503626107977432,0.0
12187,10.156002600043335,0.5503626107977437,560,681,1241,0.0,0.0008333472224535399,0.5503626107977432,0.0
12188,10.156835947265789,0.5503626107977437,560,681,1241,0.0,0.0008333472224535399,0.5503626107977432,0.0
12189,10.157669294488242,0.5503626107977437,560,681,1241,0.0,0.0008333472224535399,0.5503626107977432,0.0
12190,10.158502641710696,0.5503626107977437,560,681,1241,0.0,0.0008333472224535399,0.5503626107977432,0.0
12191,10.15933598893315,0.5511684125705076,560,681,1241,0.0008058017727639033,0.0008333472224535399,0.5504431909750196,8.058017727639034e-05
12192,10.160169336155603,0.5511684125705076,560,681,1241,0.0,0.0008333472224535399,0.550523771152296,8.058017727639034e-05
12193,10.161002683378056,0.5511684125705076,560,681,1241,0.0,0.0008333472224535399,0.5506043513295723,8.058017727639034e-05
12194,10.16183603060051,0.5511684125705076,560,681,1241,0.0,0.0008333472224535399,0.5506849315068487,8.058017727639034e-05
12195,10.162669377822963,0.5511684125705076,560,681,1241,0.0,0.0008333472224535399,0.550765511684125,8.058017727639034e-05
12196,10.163502725045419,0.5511684125705076,560,681,1241,0.0,0.0008333472224553162,0.5508460918614013,8.058017727639034e-05
12197,10.164336072267872,0.5511684125705076,560,681,1241,0.0,0.0008333472224535399,0.5509266720386777,8.058017727639034e-05
12198,10.165169419490326,0.5511684125705076,560,681,1241,0.0,0.0008333472224535399,0.551007252215954,8.058017727639034e-05
12199,10.16600276671278,0.5511684125705076,560,681,1241,0.0,0.0008333472224535399,0.5510878323932304,8.058017727639034e-05
12200,10.166836113935233,0.5511684125705076,560,681,1241,0.0,0.0008333472224535399,0.5511684125705067,8.058017727639034e-05
12201,10.167669461157686,0.5511684125705076,560,681,1241,0.0,0.0008333472224535399,0.5511684125705066,0.0
12202,10.16850280838014,0.5511684125705076,560,681,1241,0.0,0.0008333472224535399,0.5511684125705066,0.0
12203,10.169336155602593,0.5511684125705076,560,681,1241,0.0,0.0008333472224535399,0.5511684125705066,0.0
12204,10.170169502825047,0.5511684125705076,560,681,1241,0.0,0.0008333472224535399,0.5511684125705066,0.0
12205,10.1710028500475,0.5511684125705076,560,681,1241,0.0,0.0008333472224535399,0.5511684125705066,0.0
12206,10.171836197269956,0.5511684125705076,560,681,1241,0.0,0.0008333472224553162,0.5511684125705066,0.0
12207,10.17266954449241,0.5519742143432715,560,681,1241,0.0008058017727639033,0.0008333472224535399,0.551248992747783,8.058017727639034e-05
12208,10.173502891714863,0.5519742143432715,560,681,1241,0.0,0.0008333472224535399,0.5513295729250594,8.058017727639034e-05
12209,10.174336238937316,0.5519742143432715,560,681,1241,0.0,0.0008333472224535399,0.5514101531023357,8.058017727639034e-05
12210,10.17516958615977,0.5519742143432715,560,681,1241,0.0,0.0008333472224535399,0.5514907332796121,8.058017727639034e-05
12211,10.176002933382224,0.5519742143432715,560,681,1241,0.0,0.0008333472224535399,0.5515713134568884,8.058017727639034e-05
12212,10.176836280604677,0.5519742143432715,560,681,1241,0.0,0.0008333472224535399,0.5516518936341648,8.058017727639034e-05
12213,10.17766962782713,0.5519742143432715,560,681,1241,0.0,0.0008333472224535399,0.5517324738114411,8.058017727639034e-05
12214,10.178502975049584,0.5519742143432715,560,681,1241,0.0,0.0008333472224535399,0.5518130539887174,8.058017727639034e-05
12215,10.179336322272038,0.5519742143432715,560,681,1241,0.0,0.0008333472224535399,0.5518936341659938,8.058017727639034e-05
12216,10.180169669494491,0.5519742143432715,560,681,1241,0.0,0.0008333472224535399,0.5519742143432701,8.058017727639034e-05
12217,10.181003016716947,0.5519742143432715,560,681,1241,0.0,0.0008333472224553162,0.5519742143432701,0.0
12218,10.1818363639394,0.5519742143432715,560,681,1241,0.0,0.0008333472224535399,0.5519742143432701,0.0
12219,10.182669711161854,0.5519742143432715,560,681,1241,0.0,0.0008333472224535399,0.5519742143432701,0.0
12220,10.183503058384307,0.5519742143432715,560,681,1241,0.0,0.0008333472224535399,0.5519742143432701,0.0
12221,10.18433640560676,0.5519742143432715,560,681,1241,0.0,0.0008333472224535399,0.5519742143432701,0.0
12222,10.185169752829214,0.5519742143432715,560,681,1241,0.0,0.0008333472224535399,0.5519742143432701,0.0
12223,10.186003100051668,0.5519742143432715,560,681,1241,0.0,0.0008333472224535399,0.5519742143432701,0.0
12224,10.186836447274121,0.5519742143432715,560,681,1241,0.0,0.0008333472224535399,0.5519742143432701,0.0
12225,10.187669794496575,0.5519742143432715,560,681,1241,0.0,0.0008333472224535399,0.5519742143432701,0.0
12226,10.188503141719028,0.5519742143432715,560,681,1241,0.0,0.0008333472224535399,0.5519742143432701,0.0
12227,10.189336488941482,0.5519742143432715,560,681,1241,0.0,0.0008333472224535399,0.5519742143432701,0.0
12228,10.190169836163937,0.5519742143432715,560,681,1241,0.0,0.0008333472224553162,0.5519742143432701,0.0
12229,10.19100318338639,0.5519742143432715,560,681,1241,0.0,0.0008333472224535399,0.5519742143432701,0.0
12230,10.191836530608844,0.5519742143432715,560,681,1241,0.0,0.0008333472224535399,0.5519742143432701,0.0
12231,10.192669877831298,0.5519742143432715,560,681,1241,0.0,0.0008333472224535399,0.5519742143432701,0.0
12232,10.193503225053751,0.5519742143432715,560,681,1241,0.0,0.0008333472224535399,0.5519742143432701,0.0
12233,10.194336572276205,0.5519742143432715,560,681,1241,0.0,0.0008333472224535399,0.5519742143432701,0.0
12234,10.195169919498658,0.5519742143432715,560,681,1241,0.0,0.0008333472224535399,0.5519742143432701,0.0
12235,10.196003266721112,0.5519742143432715,560,681,1241,0.0,0.0008333472224535399,0.5519742143432701,0.0
12236,10.196836613943566,0.5519742143432715,560,681,1241,0.0,0.0008333472224535399,0.5519742143432701,0.0
12237,10.197669961166019,0.5519742143432715,560,681,1241,0.0,0.0008333472224535399,0.5519742143432701,0.0
12238,10.198503308388474,0.5519742143432715,560,681,1241,0.0,0.0008333472224553162,0.5519742143432701,0.0
12239,10.199336655610928,0.5519742143432715,560,681,1241,0.0,0.0008333472224535399,0.5519742143432701,0.0
12240,10.200170002833381,0.5519742143432715,560,681,1241,0.0,0.0008333472224535399,0.5519742143432701,0.0
12241,10.201003350055835,0.5519742143432715,560,681,1241,0.0,0.0008333472224535399,0.5519742143432701,0.0
12242,10.201836697278289,0.5519742143432715,560,681,1241,0.0,0.0008333472224535399,0.5519742143432701,0.0
12243,10.202670044500742,0.5519742143432715,560,681,1241,0.0,0.0008333472224535399,0.5519742143432701,0.0
12244,10.203503391723196,0.5519742143432715,560,681,1241,0.0,0.0008333472224535399,0.5519742143432701,0.0
12245,10.20433673894565,0.5519742143432715,560,681,1241,0.0,0.0008333472224535399,0.5519742143432701,0.0
12246,10.205170086168103,0.5519742143432715,560,681,1241,0.0,0.0008333472224535399,0.5519742143432701,0.0
12247,10.206003433390556,0.5519742143432715,560,681,1241,0.0,0.0008333472224535399,0.5519742143432701,0.0
12248,10.20683678061301,0.5519742143432715,560,681,1241,0.0,0.0008333472224535399,0.5519742143432701,0.0
12249,10.207670127835465,0.5519742143432715,560,681,1241,0.0,0.0008333472224553162,0.5519742143432701,0.0
12250,10.208503475057919,0.5519742143432715,560,681,1241,0.0,0.0008333472224535399,0.5519742143432701,0.0
12251,10.209336822280372,0.5519742143432715,560,681,1241,0.0,0.0008333472224535399,0.5519742143432701,0.0
12252,10.210170169502826,0.5519742143432715,560,681,1241,0.0,0.0008333472224535399,0.5519742143432701,0.0
12253,10.21100351672528,0.5519742143432715,560,681,1241,0.0,0.0008333472224535399,0.5519742143432701,0.0
12254,10.211836863947733,0.5519742143432715,560,681,1241,0.0,0.0008333472224535399,0.5519742143432701,0.0
12255,10.212670211170186,0.5519742143432715,560,681,1241,0.0,0.0008333472224535399,0.5519742143432701,0.0
12256,10.21350355839264,0.5519742143432715,560,681,1241,0.0,0.0008333472224535399,0.5519742143432701,0.0
12257,10.214336905615093,0.5519742143432715,560,681,1241,0.0,0.0008333472224535399,0.5519742143432701,0.0
12258,10.215170252837547,0.5519742143432715,560,681,1241,0.0,0.0008333472224535399,0.5519742143432701,0.0
12259,10.216003600060002,0.5519742143432715,560,681,1241,0.0,0.0008333472224553162,0.5519742143432701,0.0
12260,10.216836947282456,0.5519742143432715,560,681,1241,0.0,0.0008333472224535399,0.5519742143432701,0.0
12261,10.21767029450491,0.5519742143432715,560,681,1241,0.0,0.0008333472224535399,0.5519742143432701,0.0
12262,10.218503641727363,0.5519742143432715,560,681,1241,0.0,0.0008333472224535399,0.5519742143432701,0.0
12263,10.219336988949816,0.5519742143432715,560,681,1241,0.0,0.0008333472224535399,0.5519742143432701,0.0
12264,10.22017033617227,0.5519742143432715,560,681,1241,0.0,0.0008333472224535399,0.5519742143432701,0.0
12265,10.221003683394724,0.5519742143432715,560,681,1241,0.0,0.0008333472224535399,0.5519742143432701,0.0
12266,10.221837030617177,0.5519742143432715,560,681,1241,0.0,0.0008333472224535399,0.5519742143432701,0.0
12267,10.22267037783963,0.5519742143432715,560,681,1241,0.0,0.0008333472224535399,0.5519742143432701,0.0
12268,10.223503725062084,0.5519742143432715,560,681,1241,0.0,0.0008333472224535399,0.5519742143432701,0.0
12269,10.224337072284538,0.5519742143432715,560,681,1241,0.0,0.0008333472224535399,0.5519742143432701,0.0
12270,10.225170419506993,0.5519742143432715,560,681,1241,0.0,0.0008333472224553162,0.5519742143432701,0.0
12271,10.226003766729447,0.5519742143432715,560,681,1241,0.0,0.0008333472224535399,0.5519742143432701,0.0
12272,10.2268371139519,0.5519742143432715,560,681,1241,0.0,0.0008333472224535399,0.5519742143432701,0.0
12273,10.227670461174354,0.5519742143432715,560,681,1241,0.0,0.0008333472224535399,0.5519742143432701,0.0
12274,10.228503808396807,0.5519742143432715,560,681,1241,0.0,0.0008333472224535399,0.5519742143432701,0.0
12275,10.22933715561926,0.5519742143432715,560,681,1241,0.0,0.0008333472224535399,0.5519742143432701,0.0
12276,10.230170502841714,0.5519742143432715,560,681,1241,0.0,0.0008333472224535399,0.5519742143432701,0.0
12277,10.231003850064168,0.5519742143432715,560,681,1241,0.0,0.0008333472224535399,0.5519742143432701,0.0
12278,10.231837197286621,0.5519742143432715,560,681,1241,0.0,0.0008333472224535399,0.5519742143432701,0.0
12279,10.232670544509075,0.5519742143432715,560,681,1241,0.0,0.0008333472224535399,0.5519742143432701,0.0
12280,10.233503891731528,0.5519742143432715,560,681,1241,0.0,0.0008333472224535399,0.5519742143432701,0.0
12281,10.234337238953984,0.5519742143432715,560,681,1241,0.0,0.0008333472224553162,0.5519742143432701,0.0
12282,10.235170586176437,0.5519742143432715,560,681,1241,0.0,0.0008333472224535399,0.5519742143432701,0.0
12283,10.23600393339889,0.5519742143432715,560,681,1241,0.0,0.0008333472224535399,0.5519742143432701,0.0
12284,10.236837280621344,0.5519742143432715,560,681,1241,0.0,0.0008333472224535399,0.5519742143432701,0.0
12285,10.237670627843798,0.5519742143432715,560,681,1241,0.0,0.0008333472224535399,0.5519742143432701,0.0
12286,10.238503975066251,0.5519742143432715,560,681,1241,0.0,0.0008333472224535399,0.5519742143432701,0.0
12287,10.239337322288705,0.5519742143432715,560,681,1241,0.0,0.0008333472224535399,0.5519742143432701,0.0
12288,10.240170669511159,0.5519742143432715,560,681,1241,0.0,0.0008333472224535399,0.5519742143432701,0.0
12289,10.241004016733612,0.5519742143432715,560,681,1241,0.0,0.0008333472224535399,0.5519742143432701,0.0
12290,10.241837363956066,0.5519742143432715,560,681,1241,0.0,0.0008333472224535399,0.5519742143432701,0.0
12291,10.242670711178521,0.5519742143432715,560,681,1241,0.0,0.0008333472224553162,0.5519742143432701,0.0
12292,10.243504058400974,0.5519742143432715,560,681,1241,0.0,0.0008333472224535399,0.5519742143432701,0.0
12293,10.244337405623428,0.5519742143432715,560,681,1241,0.0,0.0008333472224535399,0.5519742143432701,0.0
12294,10.245170752845882,0.5519742143432715,560,681,1241,0.0,0.0008333472224535399,0.5519742143432701,0.0
12295,10.246004100068335,0.5519742143432715,560,681,1241,0.0,0.0008333472224535399,0.5519742143432701,0.0
12296,10.246837447290789,0.5519742143432715,560,681,1241,0.0,0.0008333472224535399,0.5519742143432701,0.0
12297,10.247670794513242,0.5519742143432715,560,681,1241,0.0,0.0008333472224535399,0.5519742143432701,0.0
12298,10.248504141735696,0.5519742143432715,560,681,1241,0.0,0.0008333472224535399,0.5519742143432701,0.0
12299,10.24933748895815,0.5519742143432715,560,681,1241,0.0,0.0008333472224535399,0.5519742143432701,0.0
12300,10.250170836180603,0.5519742143432715,560,681,1241,0.0,0.0008333472224535399,0.5519742143432701,0.0
12301,10.251004183403056,0.5519742143432715,560,681,1241,0.0,0.0008333472224535399,0.5519742143432701,0.0
12302,10.251837530625512,0.5519742143432715,560,681,1241,0.0,0.0008333472224553162,0.5519742143432701,0.0
12303,10.252670877847965,0.5519742143432715,560,681,1241,0.0,0.0008333472224535399,0.5519742143432701,0.0
12304,10.253504225070419,0.5519742143432715,560,681,1241,0.0,0.0008333472224535399,0.5519742143432701,0.0
12305,10.254337572292872,0.5519742143432715,560,681,1241,0.0,0.0008333472224535399,0.5519742143432701,0.0
12306,10.255170919515326,0.5519742143432715,560,681,1241,0.0,0.0008333472224535399,0.5519742143432701,0.0
12307,10.25600426673778,0.5519742143432715,560,681,1241,0.0,0.0008333472224535399,0.5519742143432701,0.0
12308,10.256837613960233,0.5519742143432715,560,681,1241,0.0,0.0008333472224535399,0.5519742143432701,0.0
12309,10.257670961182686,0.5519742143432715,560,681,1241,0.0,0.0008333472224535399,0.5519742143432701,0.0
12310,10.25850430840514,0.5519742143432715,560,681,1241,0.0,0.0008333472224535399,0.5519742143432701,0.0
12311,10.259337655627593,0.5519742143432715,560,681,1241,0.0,0.0008333472224535399,0.5519742143432701,0.0
12312,10.260171002850049,0.5519742143432715,560,681,1241,0.0,0.0008333472224553162,0.5519742143432701,0.0
12313,10.261004350072502,0.5519742143432715,560,681,1241,0.0,0.0008333472224535399,0.5519742143432701,0.0
12314,10.261837697294956,0.5519742143432715,560,681,1241,0.0,0.0008333472224535399,0.5519742143432701,0.0
12315,10.26267104451741,0.5519742143432715,560,681,1241,0.0,0.0008333472224535399,0.5519742143432701,0.0
12316,10.263504391739863,0.5519742143432715,560,681,1241,0.0,0.0008333472224535399,0.5519742143432701,0.0
12317,10.264337738962316,0.5519742143432715,560,681,1241,0.0,0.0008333472224535399,0.5519742143432701,0.0
12318,10.26517108618477,0.5519742143432715,560,681,1241,0.0,0.0008333472224535399,0.5519742143432701,0.0
12319,10.266004433407224,0.5519742143432715,560,681,1241,0.0,0.0008333472224535399,0.5519742143432701,0.0
12320,10.266837780629677,0.5519742143432715,560,681,1241,0.0,0.0008333472224535399,0.5519742143432701,0.0
12321,10.26767112785213,0.5519742143432715,560,681,1241,0.0,0.0008333472224535399,0.5519742143432701,0.0
12322,10.268504475074584,0.5527800161160354,560,681,1241,0.0008058017727639033,0.0008333472224535399,0.5520547945205465,8.058017727639034e-05
12323,10.26933782229704,0.5527800161160354,560,681,1241,0.0,0.0008333472224553162,0.5521353746978228,8.058017727639034e-05
12324,10.270171169519493,0.5527800161160354,560,681,1241,0.0,0.0008333472224535399,0.5522159548750991,8.058017727639034e-05
12325,10.271004516741947,0.5527800161160354,560,681,1241,0.0,0.0008333472224535399,0.5522965350523755,8.058017727639034e-05
12326,10.2718378639644,0.5527800161160354,560,681,1241,0.0,0.0008333472224535399,0.5523771152296518,8.058017727639034e-05
12327,10.272671211186854,0.5527800161160354,560,681,1241,0.0,0.0008333472224535399,0.5524576954069282,8.058017727639034e-05
12328,10.273504558409307,0.5527800161160354,560,681,1241,0.0,0.0008333472224535399,0.5525382755842045,8.058017727639034e-05
12329,10.27433790563176,0.5527800161160354,560,681,1241,0.0,0.0008333472224535399,0.5526188557614808,8.058017727639034e-05
12330,10.275171252854214,0.5527800161160354,560,681,1241,0.0,0.0008333472224535399,0.5526994359387573,8.058017727639034e-05
12331,10.276004600076668,0.5527800161160354,560,681,1241,0.0,0.0008333472224535399,0.5527800161160336,8.058017727639034e-05
12332,10.276837947299121,0.5527800161160354,560,681,1241,0.0,0.0008333472224535399,0.5527800161160336,0.0
12333,10.277671294521575,0.5527800161160354,560,681,1241,0.0,0.0008333472224535399,0.5527800161160336,0.0
12334,10.27850464174403,0.5527800161160354,560,681,1241,0.0,0.0008333472224553162,0.5527800161160336,0.0
12335,10.279337988966484,0.5527800161160354,560,681,1241,0.0,0.0008333472224535399,0.5527800161160336,0.0
12336,10.280171336188937,0.5519742143432715,560,681,1241,-0.0008058017727639033,0.0008333472224535399,0.5526994359387573,-8.058017727639034e-05
12337,10.28100468341139,0.5527800161160354,560,681,1241,0.0008058017727639033,0.0008333472224535399,0.5526994359387573,0.0
12338,10.281838030633844,0.5527800161160354,560,681,1241,0.0,0.0008333472224535399,0.5526994359387573,0.0
12339,10.282671377856298,0.5527800161160354,560,681,1241,0.0,0.0008333472224535399,0.5526994359387573,0.0
12340,10.283504725078751,0.5527800161160354,560,681,1241,0.0,0.0008333472224535399,0.5526994359387573,0.0
12341,10.284338072301205,0.5527800161160354,560,681,1241,0.0,0.0008333472224535399,0.5526994359387573,0.0
12342,10.285171419523659,0.5527800161160354,560,681,1241,0.0,0.0008333472224535399,0.5526994359387573,0.0
12343,10.286004766746112,0.5527800161160354,560,681,1241,0.0,0.0008333472224535399,0.5526994359387573,0.0
12344,10.286838113968567,0.5527800161160354,560,681,1241,0.0,0.0008333472224553162,0.5526994359387573,0.0
12345,10.287671461191021,0.5527800161160354,560,681,1241,0.0,0.0008333472224535399,0.5526994359387573,0.0
12346,10.288504808413474,0.5527800161160354,560,681,1241,0.0,0.0008333472224535399,0.5527800161160336,8.058017727639034e-05
12347,10.289338155635928,0.5527800161160354,560,681,1241,0.0,0.0008333472224535399,0.5527800161160336,0.0
12348,10.290171502858382,0.5527800161160354,560,681,1241,0.0,0.0008333472224535399,0.5527800161160336,0.0
12349,10.291004850080835,0.5527800161160354,560,681,1241,0.0,0.0008333472224535399,0.5527800161160336,0.0
12350,10.291838197303289,0.5527800161160354,560,681,1241,0.0,0.0008333472224535399,0.5527800161160336,0.0
12351,10.292671544525742,0.5527800161160354,560,681,1241,0.0,0.0008333472224535399,0.5527800161160336,0.0
12352,10.293504891748196,0.5527800161160354,560,681,1241,0.0,0.0008333472224535399,0.5527800161160336,0.0
12353,10.29433823897065,0.5527800161160354,560,681,1241,0.0,0.0008333472224535399,0.5527800161160336,0.0
12354,10.295171586193103,0.5527800161160354,560,681,1241,0.0,0.0008333472224535399,0.5527800161160336,0.0
12355,10.296004933415558,0.5527800161160354,560,681,1241,0.0,0.0008333472224553162,0.5527800161160336,0.0
12356,10.296838280638012,0.5527800161160354,560,681,1241,0.0,0.0008333472224535399,0.5527800161160336,0.0
12357,10.297671627860465,0.5527800161160354,560,681,1241,0.0,0.0008333472224535399,0.5527800161160336,0.0
12358,10.298504975082919,0.5527800161160354,560,681,1241,0.0,0.0008333472224535399,0.5527800161160336,0.0
12359,10.299338322305372,0.5527800161160354,560,681,1241,0.0,0.0008333472224535399,0.5527800161160336,0.0
12360,10.300171669527826,0.5527800161160354,560,681,1241,0.0,0.0008333472224535399,0.5527800161160336,0.0
12361,10.30100501675028,0.5527800161160354,560,681,1241,0.0,0.0008333472224535399,0.5527800161160336,0.0
12362,10.301838363972733,0.5527800161160354,560,681,1241,0.0,0.0008333472224535399,0.5527800161160336,0.0
12363,10.302671711195186,0.5527800161160354,560,681,1241,0.0,0.0008333472224535399,0.5527800161160336,0.0
12364,10.30350505841764,0.5527800161160354,560,681,1241,0.0,0.0008333472224535399,0.5527800161160336,0.0
12365,10.304338405640095,0.5527800161160354,560,681,1241,0.0,0.0008333472224553162,0.5527800161160336,0.0
12366,10.305171752862549,0.5527800161160354,560,681,1241,0.0,0.0008333472224535399,0.5527800161160336,0.0
12367,10.306005100085002,0.5527800161160354,560,681,1241,0.0,0.0008333472224535399,0.5527800161160336,0.0
12368,10.306838447307456,0.5527800161160354,560,681,1241,0.0,0.0008333472224535399,0.5527800161160336,0.0
12369,10.30767179452991,0.5527800161160354,560,681,1241,0.0,0.0008333472224535399,0.5527800161160336,0.0
12370,10.308505141752363,0.5527800161160354,560,681,1241,0.0,0.0008333472224535399,0.5527800161160336,0.0
12371,10.309338488974817,0.5527800161160354,560,681,1241,0.0,0.0008333472224535399,0.5527800161160336,0.0
12372,10.31017183619727,0.5527800161160354,560,681,1241,0.0,0.0008333472224535399,0.5527800161160336,0.0
12373,10.311005183419724,0.5527800161160354,560,681,1241,0.0,0.0008333472224535399,0.5527800161160336,0.0
12374,10.311838530642177,0.5527800161160354,560,681,1241,0.0,0.0008333472224535399,0.5527800161160336,0.0
12375,10.31267187786463,0.5527800161160354,560,681,1241,0.0,0.0008333472224535399,0.5527800161160336,0.0
12376,10.313505225087086,0.5527800161160354,560,681,1241,0.0,0.0008333472224553162,0.5527800161160336,0.0
12377,10.31433857230954,0.5527800161160354,560,681,1241,0.0,0.0008333472224535399,0.5527800161160336,0.0
12378,10.315171919531993,0.5519742143432715,560,681,1241,-0.0008058017727639033,0.0008333472224535399,0.5526994359387573,-8.058017727639034e-05
12379,10.316005266754447,0.5519742143432715,560,681,1241,0.0,0.0008333472224535399,0.5526188557614808,-8.058017727639034e-05
12380,10.3168386139769,0.5519742143432715,560,681,1241,0.0,0.0008333472224535399,0.5525382755842045,-8.058017727639034e-05
12381,10.317671961199354,0.5519742143432715,560,681,1241,0.0,0.0008333472224535399,0.5524576954069282,-8.058017727639034e-05
12382,10.318505308421807,0.5519742143432715,560,681,1241,0.0,0.0008333472224535399,0.5523771152296518,-8.058017727639034e-05
12383,10.31933865564426,0.5519742143432715,560,681,1241,0.0,0.0008333472224535399,0.5522965350523755,-8.058017727639034e-05
12384,10.320172002866714,0.5519742143432715,560,681,1241,0.0,0.0008333472224535399,0.5522159548750991,-8.058017727639034e-05
12385,10.321005350089168,0.5519742143432715,560,681,1241,0.0,0.0008333472224535399,0.5521353746978228,-8.058017727639034e-05
12386,10.321838697311623,0.5519742143432715,560,681,1241,0.0,0.0008333472224553162,0.5520547945205465,-8.058017727639034e-05
12387,10.322672044534077,0.5519742143432715,560,681,1241,0.0,0.0008333472224535399,0.5519742143432701,-8.058017727639034e-05
12388,10.32350539175653,0.5519742143432715,560,681,1241,0.0,0.0008333472224535399,0.5519742143432701,0.0
12389,10.324338738978984,0.5519742143432715,560,681,1241,0.0,0.0008333472224535399,0.5519742143432701,0.0
12390,10.325172086201437,0.5519742143432715,560,681,1241,0.0,0.0008333472224535399,0.5519742143432701,0.0
12391,10.32600543342389,0.5519742143432715,560,681,1241,0.0,0.0008333472224535399,0.5519742143432701,0.0
12392,10.326838780646344,0.5519742143432715,560,681,1241,0.0,0.0008333472224535399,0.5519742143432701,0.0
12393,10.327672127868798,0.5519742143432715,560,681,1241,0.0,0.0008333472224535399,0.5519742143432701,0.0
12394,10.328505475091251,0.5519742143432715,560,681,1241,0.0,0.0008333472224535399,0.5519742143432701,0.0
12395,10.329338822313705,0.5519742143432715,560,681,1241,0.0,0.0008333472224535399,0.5519742143432701,0.0
12396,10.330172169536159,0.5519742143432715,560,681,1241,0.0,0.0008333472224535399,0.5519742143432701,0.0
12397,10.331005516758614,0.5519742143432715,560,681,1241,0.0,0.0008333472224553162,0.5519742143432701,0.0
12398,10.331838863981067,0.5519742143432715,560,681,1241,0.0,0.0008333472224535399,0.5519742143432701,0.0
12399,10.332672211203521,0.5519742143432715,560,681,1241,0.0,0.0008333472224535399,0.5519742143432701,0.0
12400,10.333505558425975,0.5519742143432715,560,681,1241,0.0,0.0008333472224535399,0.5519742143432701,0.0
12401,10.334338905648428,0.5519742143432715,560,681,1241,0.0,0.0008333472224535399,0.5519742143432701,0.0
12402,10.335172252870882,0.5519742143432715,560,681,1241,0.0,0.0008333472224535399,0.5519742143432701,0.0
12403,10.336005600093335,0.5519742143432715,560,681,1241,0.0,0.0008333472224535399,0.5519742143432701,0.0
12404,10.336838947315789,0.5519742143432715,560,681,1241,0.0,0.0008333472224535399,0.5519742143432701,0.0
12405,10.337672294538242,0.5519742143432715,560,681,1241,0.0,0.0008333472224535399,0.5519742143432701,0.0
12406,10.338505641760696,0.5519742143432715,560,681,1241,0.0,0.0008333472224535399,0.5519742143432701,0.0
12407,10.33933898898315,0.5519742143432715,560,681,1241,0.0,0.0008333472224535399,0.5519742143432701,0.0
12408,10.340172336205605,0.5519742143432715,560,681,1241,0.0,0.0008333472224553162,0.5519742143432701,0.0
12409,10.341005683428058,0.5519742143432715,560,681,1241,0.0,0.0008333472224535399,0.5519742143432701,0.0
12410,10.341839030650512,0.5519742143432715,560,681,1241,0.0,0.0008333472224535399,0.5519742143432701,0.0
12411,10.342672377872965,0.5511684125705076,560,681,1241,-0.0008058017727639033,0.0008333472224535399,0.5518936341659938,-8.058017727639034e-05
12412,10.343505725095419,0.5511684125705076,560,681,1241,0.0,0.0008333472224535399,0.5518130539887174,-8.058017727639034e-05
12413,10.344339072317872,0.5503626107977437,560,681,1241,-0.0008058017727639033,0.0008333472224535399,0.5516518936341647,-0.00016116035455278067
12414,10.345172419540326,0.5503626107977437,560,681,1241,0.0,0.0008333472224535399,0.5514907332796118,-0.00016116035455278067
12415,10.34600576676278,0.5503626107977437,560,681,1241,0.0,0.0008333472224535399,0.5513295729250591,-0.00016116035455278067
12416,10.346839113985233,0.5503626107977437,560,681,1241,0.0,0.0008333472224535399,0.5511684125705063,-0.00016116035455278067
12417,10.347672461207686,0.5503626107977437,560,681,1241,0.0,0.0008333472224535399,0.5510072522159535,-0.00016116035455278067
12418,10.348505808430142,0.5503626107977437,560,681,1241,0.0,0.0008333472224553162,0.5508460918614008,-0.00016116035455278067
12419,10.349339155652595,0.5503626107977437,560,681,1241,0.0,0.0008333472224535399,0.5506849315068479,-0.00016116035455278067
12420,10.350172502875049,0.5503626107977437,560,681,1241,0.0,0.0008333472224535399,0.5505237711522952,-0.00016116035455278067
12421,10.351005850097502,0.5503626107977437,560,681,1241,0.0,0.0008333472224535399,0.5504431909750188,-8.058017727639034e-05
12422,10.351839197319956,0.5503626107977437,560,681,1241,0.0,0.0008333472224535399,0.5503626107977425,-8.058017727639034e-05
12423,10.35267254454241,0.5503626107977437,560,681,1241,0.0,0.0008333472224535399,0.5503626107977425,0.0
12424,10.353505891764863,0.5503626107977437,560,681,1241,0.0,0.0008333472224535399,0.5503626107977425,0.0
12425,10.354339238987317,0.5503626107977437,560,681,1241,0.0,0.0008333472224535399,0.5503626107977425,0.0
12426,10.35517258620977,0.5503626107977437,560,681,1241,0.0,0.0008333472224535399,0.5503626107977425,0.0
12427,10.356005933432224,0.5503626107977437,560,681,1241,0.0,0.0008333472224535399,0.5503626107977425,0.0
12428,10.356839280654677,0.5503626107977437,560,681,1241,0.0,0.0008333472224535399,0.5503626107977425,0.0
12429,10.357672627877132,0.5503626107977437,560,681,1241,0.0,0.0008333472224553162,0.5503626107977425,0.0
12430,10.358505975099586,0.5503626107977437,560,681,1241,0.0,0.0008333472224535399,0.5503626107977425,0.0
12431,10.35933932232204,0.5503626107977437,560,681,1241,0.0,0.0008333472224535399,0.5503626107977425,0.0
12432,10.360172669544493,0.5503626107977437,560,681,1241,0.0,0.0008333472224535399,0.5503626107977425,0.0
12433,10.361006016766947,0.5503626107977437,560,681,1241,0.0,0.0008333472224535399,0.5503626107977425,0.0
12434,10.3618393639894,0.5503626107977437,560,681,1241,0.0,0.0008333472224535399,0.5503626107977425,0.0
12435,10.362672711211854,0.5503626107977437,560,681,1241,0.0,0.0008333472224535399,0.5503626107977425,0.0
12436,10.363506058434307,0.5503626107977437,560,681,1241,0.0,0.0008333472224535399,0.5503626107977425,0.0
12437,10.36433940565676,0.5503626107977437,560,681,1241,0.0,0.0008333472224535399,0.5503626107977425,0.0
12438,10.365172752879214,0.5503626107977437,560,681,1241,0.0,0.0008333472224535399,0.5503626107977425,0.0
12439,10.36600610010167,0.5503626107977437,560,681,1241,0.0,0.0008333472224553162,0.5503626107977425,0.0
12440,10.366839447324123,0.5503626107977437,560,681,1241,0.0,0.0008333472224535399,0.5503626107977425,0.0
12441,10.367672794546577,0.5503626107977437,560,681,1241,0.0,0.0008333472224535399,0.5503626107977425,0.0
12442,10.36850614176903,0.5503626107977437,560,681,1241,0.0,0.0008333472224535399,0.5503626107977425,0.0
12443,10.369339488991484,0.5503626107977437,560,681,1241,0.0,0.0008333472224535399,0.5503626107977425,0.0
12444,10.370172836213937,0.5503626107977437,560,681,1241,0.0,0.0008333472224535399,0.5503626107977425,0.0
12445,10.371006183436391,0.5503626107977437,560,681,1241,0.0,0.0008333472224535399,0.5503626107977425,0.0
12446,10.371839530658844,0.5503626107977437,560,681,1241,0.0,0.0008333472224535399,0.5503626107977425,0.0
12447,10.372672877881298,0.5503626107977437,560,681,1241,0.0,0.0008333472224535399,0.5503626107977425,0.0
12448,10.373506225103752,0.5503626107977437,560,681,1241,0.0,0.0008333472224535399,0.5503626107977425,0.0
12449,10.374339572326205,0.5503626107977437,560,681,1241,0.0,0.0008333472224535399,0.5503626107977425,0.0
12450,10.37517291954866,0.5503626107977437,560,681,1241,0.0,0.0008333472224553162,0.5503626107977425,0.0
12451,10.376006266771114,0.5503626107977437,560,681,1241,0.0,0.0008333472224535399,0.5503626107977425,0.0
12452,10.376839613993567,0.5503626107977437,560,681,1241,0.0,0.0008333472224535399,0.5503626107977425,0.0
12453,10.377672961216021,0.5503626107977437,560,681,1241,0.0,0.0008333472224535399,0.5503626107977425,0.0
12454,10.378506308438475,0.5503626107977437,560,681,1241,0.0,0.0008333472224535399,0.5503626107977425,0.0
12455,10.379339655660928,0.5503626107977437,560,681,1241,0.0,0.0008333472224535399,0.5503626107977425,0.0
12456,10.380173002883382,0.5503626107977437,560,681,1241,0.0,0.0008333472224535399,0.5503626107977425,0.0
12457,10.381006350105835,0.5503626107977437,560,681,1241,0.0,0.0008333472224535399,0.5503626107977425,0.0
12458,10.381839697328289,0.5503626107977437,560,681,1241,0.0,0.0008333472224535399,0.5503626107977425,0.0
12459,10.382673044550742,0.5503626107977437,560,681,1241,0.0,0.0008333472224535399,0.5503626107977425,0.0
12460,10.383506391773196,0.5503626107977437,560,681,1241,0.0,0.0008333472224535399,0.5503626107977425,0.0
12461,10.384339738995651,0.5495568090249798,560,681,1241,-0.0008058017727639033,0.0008333472224553162,0.5502820306204661,-8.058017727639034e-05
12462,10.385173086218105,0.5495568090249798,560,681,1241,0.0,0.0008333472224535399,0.5502014504431897,-8.058017727639034e-05
12463,10.386006433440558,0.5495568090249798,560,681,1241,0.0,0.0008333472224535399,0.5501208702659134,-8.058017727639034e-05
12464,10.386839780663012,0.5495568090249798,560,681,1241,0.0,0.0008333472224535399,0.550040290088637,-8.058017727639034e-05
12465,10.387673127885465,0.5495568090249798,560,681,1241,0.0,0.0008333472224535399,0.5499597099113607,-8.058017727639034e-05
12466,10.388506475107919,0.5495568090249798,560,681,1241,0.0,0.0008333472224535399,0.5498791297340844,-8.058017727639034e-05
12467,10.389339822330372,0.5495568090249798,560,681,1241,0.0,0.0008333472224535399,0.549798549556808,-8.058017727639034e-05
12468,10.390173169552826,0.5495568090249798,560,681,1241,0.0,0.0008333472224535399,0.5497179693795317,-8.058017727639034e-05
12469,10.39100651677528,0.5495568090249798,560,681,1241,0.0,0.0008333472224535399,0.5496373892022552,-8.058017727639034e-05
12470,10.391839863997733,0.5495568090249798,560,681,1241,0.0,0.0008333472224535399,0.5495568090249789,-8.058017727639034e-05
12471,10.392673211220188,0.5495568090249798,560,681,1241,0.0,0.0008333472224553162,0.549556809024979,0.0
12472,10.393506558442642,0.5495568090249798,560,681,1241,0.0,0.0008333472224535399,0.549556809024979,0.0
12473,10.394339905665095,0.5495568090249798,560,681,1241,0.0,0.0008333472224535399,0.549556809024979,0.0
12474,10.395173252887549,0.5495568090249798,560,681,1241,0.0,0.0008333472224535399,0.549556809024979,0.0
12475,10.396006600110002,0.5495568090249798,560,681,1241,0.0,0.0008333472224535399,0.549556809024979,0.0
12476,10.396839947332456,0.5495568090249798,560,681,1241,0.0,0.0008333472224535399,0.549556809024979,0.0
12477,10.39767329455491,0.5495568090249798,560,681,1241,0.0,0.0008333472224535399,0.549556809024979,0.0
12478,10.398506641777363,0.5495568090249798,560,681,1241,0.0,0.0008333472224535399,0.549556809024979,0.0
12479,10.399339988999817,0.5495568090249798,560,681,1241,0.0,0.0008333472224535399,0.549556809024979,0.0
12480,10.40017333622227,0.5495568090249798,560,681,1241,0.0,0.0008333472224535399,0.549556809024979,0.0
12481,10.401006683444724,0.5495568090249798,560,681,1241,0.0,0.0008333472224535399,0.549556809024979,0.0
12482,10.401840030667179,0.5495568090249798,560,681,1241,0.0,0.0008333472224553162,0.549556809024979,0.0
12483,10.402673377889633,0.5495568090249798,560,681,1241,0.0,0.0008333472224535399,0.549556809024979,0.0
12484,10.403506725112086,0.5495568090249798,560,681,1241,0.0,0.0008333472224535399,0.549556809024979,0.0
12485,10.40434007233454,0.5495568090249798,560,681,1241,0.0,0.0008333472224535399,0.549556809024979,0.0
12486,10.405173419556993,0.5495568090249798,560,681,1241,0.0,0.0008333472224535399,0.549556809024979,0.0
12487,10.406006766779447,0.5495568090249798,560,681,1241,0.0,0.0008333472224535399,0.549556809024979,0.0
12488,10.4068401140019,0.5495568090249798,560,681,1241,0.0,0.0008333472224535399,0.549556809024979,0.0
12489,10.407673461224354,0.5495568090249798,560,681,1241,0.0,0.0008333472224535399,0.549556809024979,0.0
12490,10.408506808446807,0.5495568090249798,560,681,1241,0.0,0.0008333472224535399,0.549556809024979,0.0
12491,10.40934015566926,0.5495568090249798,560,681,1241,0.0,0.0008333472224535399,0.549556809024979,0.0
12492,10.410173502891716,0.5495568090249798,560,681,1241,0.0,0.0008333472224553162,0.549556809024979,0.0
12493,10.41100685011417,0.5495568090249798,560,681,1241,0.0,0.0008333472224535399,0.549556809024979,0.0
12494,10.411840197336623,0.5495568090249798,560,681,1241,0.0,0.0008333472224535399,0.549556809024979,0.0
12495,10.412673544559077,0.5495568090249798,560,681,1241,0.0,0.0008333472224535399,0.549556809024979,0.0
12496,10.41350689178153,0.5495568090249798,560,681,1241,0.0,0.0008333472224535399,0.549556809024979,0.0
12497,10.414340239003984,0.5495568090249798,560,681,1241,0.0,0.0008333472224535399,0.549556809024979,0.0
12498,10.415173586226437,0.5503626107977437,560,681,1241,0.0008058017727639033,0.0008333472224535399,0.5496373892022554,8.058017727639034e-05
12499,10.416006933448891,0.5503626107977437,560,681,1241,0.0,0.0008333472224535399,0.5497179693795318,8.058017727639034e-05
12500,10.416840280671344,0.5503626107977437,560,681,1241,0.0,0.0008333472224535399,0.5497985495568081,8.058017727639034e-05
12501,10.417673627893798,0.5503626107977437,560,681,1241,0.0,0.0008333472224535399,0.5498791297340844,8.058017727639034e-05
12502,10.418506975116252,0.5503626107977437,560,681,1241,0.0,0.0008333472224535399,0.5499597099113608,8.058017727639034e-05
12503,10.419340322338707,0.5503626107977437,560,681,1241,0.0,0.0008333472224553162,0.5500402900886371,8.058017727639034e-05
12504,10.42017366956116,0.5511684125705076,560,681,1241,0.0008058017727639033,0.0008333472224535399,0.55020145044319,0.00016116035455278067
12505,10.421007016783614,0.5511684125705076,560,681,1241,0.0,0.0008333472224535399,0.5503626107977428,0.00016116035455278067
12506,10.421840364006068,0.5511684125705076,560,681,1241,0.0,0.0008333472224535399,0.5505237711522957,0.00016116035455278067
12507,10.422673711228521,0.5511684125705076,560,681,1241,0.0,0.0008333472224535399,0.5506849315068486,0.00016116035455278067
12508,10.423507058450975,0.5511684125705076,560,681,1241,0.0,0.0008333472224535399,0.550765511684125,8.058017727639034e-05
12509,10.424340405673428,0.5511684125705076,560,681,1241,0.0,0.0008333472224535399,0.5508460918614013,8.058017727639034e-05
12510,10.425173752895882,0.5511684125705076,560,681,1241,0.0,0.0008333472224535399,0.5509266720386777,8.058017727639034e-05
12511,10.426007100118335,0.5511684125705076,560,681,1241,0.0,0.0008333472224535399,0.551007252215954,8.058017727639034e-05
12512,10.426840447340789,0.5511684125705076,560,681,1241,0.0,0.0008333472224535399,0.5510878323932304,8.058017727639034e-05
12513,10.427673794563242,0.5503626107977437,560,681,1241,-0.0008058017727639033,0.0008333472224535399,0.5510878323932304,0.0
12514,10.428507141785698,0.5503626107977437,560,681,1241,0.0,0.0008333472224553162,0.5510072522159539,-8.058017727639034e-05
12515,10.429340489008151,0.5503626107977437,560,681,1241,0.0,0.0008333472224535399,0.5509266720386776,-8.058017727639034e-05
12516,10.430173836230605,0.5503626107977437,560,681,1241,0.0,0.0008333472224535399,0.5508460918614013,-8.058017727639034e-05
12517,10.431007183453058,0.5503626107977437,560,681,1241,0.0,0.0008333472224535399,0.5507655116841249,-8.058017727639034e-05
12518,10.431840530675512,0.5503626107977437,560,681,1241,0.0,0.0008333472224535399,0.5506849315068486,-8.058017727639034e-05
12519,10.432673877897965,0.5503626107977437,560,681,1241,0.0,0.0008333472224535399,0.5506043513295722,-8.058017727639034e-05
12520,10.433507225120419,0.5503626107977437,560,681,1241,0.0,0.0008333472224535399,0.5505237711522959,-8.058017727639034e-05
12521,10.434340572342872,0.5503626107977437,560,681,1241,0.0,0.0008333472224535399,0.5504431909750196,-8.058017727639034e-05
12522,10.435173919565326,0.5503626107977437,560,681,1241,0.0,0.0008333472224535399,0.5503626107977432,-8.058017727639034e-05
12523,10.43600726678778,0.5503626107977437,560,681,1241,0.0,0.0008333472224535399,0.5503626107977432,0.0
12524,10.436840614010235,0.5495568090249798,560,681,1241,-0.0008058017727639033,0.0008333472224553162,0.5502820306204668,-8.058017727639034e-05
12525,10.437673961232688,0.5495568090249798,560,681,1241,0.0,0.0008333472224535399,0.5502014504431905,-8.058017727639034e-05
12526,10.438507308455142,0.5495568090249798,560,681,1241,0.0,0.0008333472224535399,0.550120870265914,-8.058017727639034e-05
12527,10.439340655677595,0.5495568090249798,560,681,1241,0.0,0.0008333472224535399,0.5500402900886378,-8.058017727639034e-05
12528,10.440174002900049,0.5495568090249798,560,681,1241,0.0,0.0008333472224535399,0.5499597099113613,-8.058017727639034e-05
12529,10.441007350122502,0.5495568090249798,560,681,1241,0.0,0.0008333472224535399,0.549879129734085,-8.058017727639034e-05
12530,10.441840697344956,0.5495568090249798,560,681,1241,0.0,0.0008333472224535399,0.5497985495568087,-8.058017727639034e-05
12531,10.44267404456741,0.5495568090249798,560,681,1241,0.0,0.0008333472224535399,0.5497179693795323,-8.058017727639034e-05
12532,10.443507391789863,0.5495568090249798,560,681,1241,0.0,0.0008333472224535399,0.549637389202256,-8.058017727639034e-05
12533,10.444340739012317,0.5495568090249798,560,681,1241,0.0,0.0008333472224535399,0.5495568090249796,-8.058017727639034e-05
12534,10.44517408623477,0.5495568090249798,560,681,1241,0.0,0.0008333472224535399,0.5495568090249797,0.0
12535,10.446007433457225,0.5495568090249798,560,681,1241,0.0,0.0008333472224553162,0.5495568090249797,0.0
12536,10.446840780679679,0.5495568090249798,560,681,1241,0.0,0.0008333472224535399,0.5495568090249797,0.0
12537,10.447674127902133,0.5503626107977437,560,681,1241,0.0008058017727639033,0.0008333472224535399,0.5496373892022561,8.058017727639034e-05
12538,10.448507475124586,0.5503626107977437,560,681,1241,0.0,0.0008333472224535399,0.5497179693795324,8.058017727639034e-05
12539,10.44934082234704,0.5503626107977437,560,681,1241,0.0,0.0008333472224535399,0.5497985495568087,8.058017727639034e-05
12540,10.450174169569493,0.5503626107977437,560,681,1241,0.0,0.0008333472224535399,0.5498791297340851,8.058017727639034e-05
12541,10.451007516791947,0.5503626107977437,560,681,1241,0.0,0.0008333472224535399,0.5499597099113614,8.058017727639034e-05
12542,10.4518408640144,0.5503626107977437,560,681,1241,0.0,0.0008333472224535399,0.5500402900886379,8.058017727639034e-05
12543,10.452674211236854,0.5503626107977437,560,681,1241,0.0,0.0008333472224535399,0.5501208702659142,8.058017727639034e-05
12544,10.453507558459307,0.5503626107977437,560,681,1241,0.0,0.0008333472224535399,0.5502014504431905,8.058017727639034e-05
12545,10.454340905681763,0.5503626107977437,560,681,1241,0.0,0.0008333472224553162,0.5502820306204669,8.058017727639034e-05
12546,10.455174252904216,0.5503626107977437,560,681,1241,0.0,0.0008333472224535399,0.5503626107977432,8.058017727639034e-05
12547,10.45600760012667,0.5503626107977437,560,681,1241,0.0,0.0008333472224535399,0.5503626107977432,0.0
12548,10.456840947349123,0.5503626107977437,560,681,1241,0.0,0.0008333472224535399,0.5503626107977432,0.0
12549,10.457674294571577,0.5503626107977437,560,681,1241,0.0,0.0008333472224535399,0.5503626107977432,0.0
12550,10.45850764179403,0.5503626107977437,560,681,1241,0.0,0.0008333472224535399,0.5503626107977432,0.0
12551,10.459340989016484,0.5503626107977437,560,681,1241,0.0,0.0008333472224535399,0.5503626107977432,0.0
12552,10.460174336238937,0.5503626107977437,560,681,1241,0.0,0.0008333472224535399,0.5503626107977432,0.0
12553,10.461007683461391,0.5503626107977437,560,681,1241,0.0,0.0008333472224535399,0.5503626107977432,0.0
12554,10.461841030683845,0.5503626107977437,560,681,1241,0.0,0.0008333472224535399,0.5503626107977432,0.0
12555,10.462674377906298,0.5503626107977437,560,681,1241,0.0,0.0008333472224535399,0.5503626107977432,0.0
12556,10.463507725128753,0.5503626107977437,560,681,1241,0.0,0.0008333472224553162,0.5503626107977432,0.0
12557,10.464341072351207,0.5503626107977437,560,681,1241,0.0,0.0008333472224535399,0.5503626107977432,0.0
12558,10.46517441957366,0.5503626107977437,560,681,1241,0.0,0.0008333472224535399,0.5503626107977432,0.0
12559,10.466007766796114,0.5503626107977437,560,681,1241,0.0,0.0008333472224535399,0.5503626107977432,0.0
12560,10.466841114018568,0.5503626107977437,560,681,1241,0.0,0.0008333472224535399,0.5503626107977432,0.0
12561,10.467674461241021,0.5503626107977437,560,681,1241,0.0,0.0008333472224535399,0.5503626107977432,0.0
12562,10.468507808463475,0.5503626107977437,560,681,1241,0.0,0.0008333472224535399,0.5503626107977432,0.0
12563,10.469341155685928,0.5503626107977437,560,681,1241,0.0,0.0008333472224535399,0.5503626107977432,0.0
12564,10.470174502908382,0.5503626107977437,560,681,1241,0.0,0.0008333472224535399,0.5503626107977432,0.0
12565,10.471007850130835,0.5511684125705076,560,681,1241,0.0008058017727639033,0.0008333472224535399,0.5504431909750196,8.058017727639034e-05
12566,10.471841197353289,0.5511684125705076,560,681,1241,0.0,0.0008333472224535399,0.550523771152296,8.058017727639034e-05
12567,10.472674544575744,0.5511684125705076,560,681,1241,0.0,0.0008333472224553162,0.5506043513295723,8.058017727639034e-05
12568,10.473507891798198,0.5511684125705076,560,681,1241,0.0,0.0008333472224535399,0.5506849315068487,8.058017727639034e-05
12569,10.474341239020651,0.5511684125705076,560,681,1241,0.0,0.0008333472224535399,0.550765511684125,8.058017727639034e-05
12570,10.475174586243105,0.5511684125705076,560,681,1241,0.0,0.0008333472224535399,0.5508460918614013,8.058017727639034e-05
12571,10.476007933465558,0.5511684125705076,560,681,1241,0.0,0.0008333472224535399,0.5509266720386777,8.058017727639034e-05
12572,10.476841280688012,0.5511684125705076,560,681,1241,0.0,0.0008333472224535399,0.551007252215954,8.058017727639034e-05
12573,10.477674627910465,0.5511684125705076,560,681,1241,0.0,0.0008333472224535399,0.5510878323932304,8.058017727639034e-05
12574,10.478507975132919,0.5511684125705076,560,681,1241,0.0,0.0008333472224535399,0.5511684125705067,8.058017727639034e-05
12575,10.479341322355372,0.5511684125705076,560,681,1241,0.0,0.0008333472224535399,0.5511684125705066,0.0
12576,10.480174669577826,0.5511684125705076,560,681,1241,0.0,0.0008333472224535399,0.5511684125705066,0.0
12577,10.481008016800281,0.5511684125705076,560,681,1241,0.0,0.0008333472224553162,0.5511684125705066,0.0
12578,10.481841364022735,0.5511684125705076,560,681,1241,0.0,0.0008333472224535399,0.5511684125705066,0.0
12579,10.482674711245188,0.5511684125705076,560,681,1241,0.0,0.0008333472224535399,0.5511684125705066,0.0
12580,10.483508058467642,0.5511684125705076,560,681,1241,0.0,0.0008333472224535399,0.5511684125705066,0.0
12581,10.484341405690095,0.5511684125705076,560,681,1241,0.0,0.0008333472224535399,0.5511684125705066,0.0
12582,10.485174752912549,0.5511684125705076,560,681,1241,0.0,0.0008333472224535399,0.5511684125705066,0.0
12583,10.486008100135003,0.5511684125705076,560,681,1241,0.0,0.0008333472224535399,0.5511684125705066,0.0
12584,10.486841447357456,0.5511684125705076,560,681,1241,0.0,0.0008333472224535399,0.5511684125705066,0.0
12585,10.48767479457991,0.5511684125705076,560,681,1241,0.0,0.0008333472224535399,0.5511684125705066,0.0
12586,10.488508141802363,0.5511684125705076,560,681,1241,0.0,0.0008333472224535399,0.5511684125705066,0.0
12587,10.489341489024817,0.5511684125705076,560,681,1241,0.0,0.0008333472224535399,0.5511684125705066,0.0
12588,10.490174836247272,0.5511684125705076,560,681,1241,0.0,0.0008333472224553162,0.5511684125705066,0.0
12589,10.491008183469726,0.5511684125705076,560,681,1241,0.0,0.0008333472224535399,0.5511684125705066,0.0
12590,10.491841530692179,0.5511684125705076,560,681,1241,0.0,0.0008333472224535399,0.5511684125705066,0.0
12591,10.492674877914633,0.5503626107977437,560,681,1241,-0.0008058017727639033,0.0008333472224535399,0.5510878323932303,-8.058017727639034e-05
12592,10.493508225137086,0.5503626107977437,560,681,1241,0.0,0.0008333472224535399,0.5510072522159539,-8.058017727639034e-05
12593,10.49434157235954,0.5503626107977437,560,681,1241,0.0,0.0008333472224535399,0.5509266720386776,-8.058017727639034e-05
12594,10.495174919581993,0.5495568090249798,560,681,1241,-0.0008058017727639033,0.0008333472224535399,0.5507655116841248,-0.00016116035455278067
12595,10.496008266804447,0.5495568090249798,560,681,1241,0.0,0.0008333472224535399,0.5506043513295719,-0.00016116035455278067
12596,10.4968416140269,0.5495568090249798,560,681,1241,0.0,0.0008333472224535399,0.550443190975019,-0.00016116035455278067
12597,10.497674961249354,0.5495568090249798,560,681,1241,0.0,0.0008333472224535399,0.5502820306204661,-0.00016116035455278067
12598,10.49850830847181,0.5487510072522159,560,681,1241,-0.0008058017727639033,0.0008333472224553162,0.550040290088637,-0.00024174053182917098
12599,10.499341655694263,0.5487510072522159,560,681,1241,0.0,0.0008333472224535399,0.5497985495568077,-0.00024174053182917098
12600,10.500175002916716,0.5487510072522159,560,681,1241,0.0,0.0008333472224535399,0.5495568090249785,-0.00024174053182917098
12601,10.50100835013917,0.5487510072522159,560,681,1241,0.0,0.0008333472224535399,0.5493956486704257,-0.00016116035455278067
12602,10.501841697361623,0.5487510072522159,560,681,1241,0.0,0.0008333472224535399,0.549234488315873,-0.00016116035455278067
12603,10.502675044584077,0.5487510072522159,560,681,1241,0.0,0.0008333472224535399,0.5490733279613201,-0.00016116035455278067
12604,10.50350839180653,0.5487510072522159,560,681,1241,0.0,0.0008333472224535399,0.5489927477840437,-8.058017727639034e-05
12605,10.504341739028984,0.5487510072522159,560,681,1241,0.0,0.0008333472224535399,0.5489121676067674,-8.058017727639034e-05
12606,10.505175086251437,0.5487510072522159,560,681,1241,0.0,0.0008333472224535399,0.548831587429491,-8.058017727639034e-05
12607,10.506008433473891,0.5487510072522159,560,681,1241,0.0,0.0008333472224535399,0.5487510072522147,-8.058017727639034e-05
12608,10.506841780696345,0.5487510072522159,560,681,1241,0.0,0.0008333472224535399,0.5487510072522147,0.0
12609,10.5076751279188,0.5487510072522159,560,681,1241,0.0,0.0008333472224553162,0.5487510072522147,0.0
12610,10.508508475141253,0.5487510072522159,560,681,1241,0.0,0.0008333472224535399,0.5487510072522147,0.0
12611,10.509341822363707,0.5487510072522159,560,681,1241,0.0,0.0008333472224535399,0.5487510072522147,0.0
12612,10.51017516958616,0.5487510072522159,560,681,1241,0.0,0.0008333472224535399,0.5487510072522147,0.0
12613,10.511008516808614,0.5487510072522159,560,681,1241,0.0,0.0008333472224535399,0.5487510072522147,0.0
12614,10.511841864031068,0.5487510072522159,560,681,1241,0.0,0.0008333472224535399,0.5487510072522147,0.0
12615,10.512675211253521,0.5487510072522159,560,681,1241,0.0,0.0008333472224535399,0.5487510072522147,0.0
12616,10.513508558475975,0.5487510072522159,560,681,1241,0.0,0.0008333472224535399,0.5487510072522147,0.0
12617,10.514341905698428,0.5487510072522159,560,681,1241,0.0,0.0008333472224535399,0.5487510072522147,0.0
12618,10.515175252920882,0.5487510072522159,560,681,1241,0.0,0.0008333472224535399,0.5487510072522147,0.0
12619,10.516008600143337,0.5487510072522159,560,681,1241,0.0,0.0008333472224553162,0.5487510072522147,0.0
12620,10.51684194736579,0.5487510072522159,560,681,1241,0.0,0.0008333472224535399,0.5487510072522147,0.0
12621,10.517675294588244,0.5487510072522159,560,681,1241,0.0,0.0008333472224535399,0.5487510072522147,0.0
12622,10.518508641810698,0.5487510072522159,560,681,1241,0.0,0.0008333472224535399,0.5487510072522147,0.0
12623,10.519341989033151,0.5487510072522159,560,681,1241,0.0,0.0008333472224535399,0.5487510072522147,0.0
12624,10.520175336255605,0.5487510072522159,560,681,1241,0.0,0.0008333472224535399,0.5487510072522147,0.0
12625,10.521008683478058,0.5487510072522159,560,681,1241,0.0,0.0008333472224535399,0.5487510072522147,0.0
12626,10.521842030700512,0.5487510072522159,560,681,1241,0.0,0.0008333472224535399,0.5487510072522147,0.0
12627,10.522675377922965,0.5487510072522159,560,681,1241,0.0,0.0008333472224535399,0.5487510072522147,0.0
12628,10.523508725145419,0.5487510072522159,560,681,1241,0.0,0.0008333472224535399,0.5487510072522147,0.0
12629,10.524342072367872,0.5487510072522159,560,681,1241,0.0,0.0008333472224535399,0.5487510072522147,0.0
12630,10.525175419590328,0.5487510072522159,560,681,1241,0.0,0.0008333472224553162,0.5487510072522147,0.0
12631,10.526008766812781,0.5487510072522159,560,681,1241,0.0,0.0008333472224535399,0.5487510072522147,0.0
12632,10.526842114035235,0.5487510072522159,560,681,1241,0.0,0.0008333472224535399,0.5487510072522147,0.0
12633,10.527675461257688,0.5487510072522159,560,681,1241,0.0,0.0008333472224535399,0.5487510072522147,0.0
12634,10.528508808480142,0.5487510072522159,560,681,1241,0.0,0.0008333472224535399,0.5487510072522147,0.0
12635,10.529342155702595,0.5487510072522159,560,681,1241,0.0,0.0008333472224535399,0.5487510072522147,0.0
12636,10.530175502925049,0.5487510072522159,560,681,1241,0.0,0.0008333472224535399,0.5487510072522147,0.0
12637,10.531008850147503,0.5487510072522159,560,681,1241,0.0,0.0008333472224535399,0.5487510072522147,0.0
12638,10.531842197369956,0.5487510072522159,560,681,1241,0.0,0.0008333472224535399,0.5487510072522147,0.0
12639,10.53267554459241,0.5495568090249798,560,681,1241,0.0008058017727639033,0.0008333472224535399,0.548831587429491,8.058017727639034e-05
12640,10.533508891814863,0.5495568090249798,560,681,1241,0.0,0.0008333472224535399,0.5489121676067674,8.058017727639034e-05
12641,10.534342239037318,0.5495568090249798,560,681,1241,0.0,0.0008333472224553162,0.5489927477840437,8.058017727639034e-05
12642,10.535175586259772,0.5495568090249798,560,681,1241,0.0,0.0008333472224535399,0.54907332796132,8.058017727639034e-05
12643,10.536008933482226,0.5495568090249798,560,681,1241,0.0,0.0008333472224535399,0.5491539081385964,8.058017727639034e-05
12644,10.536842280704679,0.5495568090249798,560,681,1241,0.0,0.0008333472224535399,0.5492344883158727,8.058017727639034e-05
12645,10.537675627927133,0.5495568090249798,560,681,1241,0.0,0.0008333472224535399,0.5493150684931492,8.058017727639034e-05
12646,10.538508975149586,0.5495568090249798,560,681,1241,0.0,0.0008333472224535399,0.5493956486704255,8.058017727639034e-05
12647,10.53934232237204,0.5495568090249798,560,681,1241,0.0,0.0008333472224535399,0.5494762288477018,8.058017727639034e-05
12648,10.540175669594493,0.5495568090249798,560,681,1241,0.0,0.0008333472224535399,0.5495568090249782,8.058017727639034e-05
12649,10.541009016816947,0.5495568090249798,560,681,1241,0.0,0.0008333472224535399,0.5495568090249782,0.0
12650,10.5418423640394,0.5503626107977437,560,681,1241,0.0008058017727639033,0.0008333472224535399,0.5496373892022545,8.058017727639034e-05
12651,10.542675711261856,0.5503626107977437,560,681,1241,0.0,0.0008333472224553162,0.5497179693795309,8.058017727639034e-05
12652,10.54350905848431,0.5503626107977437,560,681,1241,0.0,0.0008333472224535399,0.5497985495568072,8.058017727639034e-05
12653,10.544342405706763,0.5503626107977437,560,681,1241,0.0,0.0008333472224535399,0.5498791297340835,8.058017727639034e-05
12654,10.545175752929216,0.5503626107977437,560,681,1241,0.0,0.0008333472224535399,0.5499597099113599,8.058017727639034e-05
12655,10.54600910015167,0.5503626107977437,560,681,1241,0.0,0.0008333472224535399,0.5500402900886362,8.058017727639034e-05
12656,10.546842447374123,0.5503626107977437,560,681,1241,0.0,0.0008333472224535399,0.5501208702659126,8.058017727639034e-05
12657,10.547675794596577,0.5503626107977437,560,681,1241,0.0,0.0008333472224535399,0.5502014504431889,8.058017727639034e-05
12658,10.54850914181903,0.5503626107977437,560,681,1241,0.0,0.0008333472224535399,0.5502820306204652,8.058017727639034e-05
12659,10.549342489041484,0.5503626107977437,560,681,1241,0.0,0.0008333472224535399,0.5503626107977416,8.058017727639034e-05
12660,10.550175836263938,0.5503626107977437,560,681,1241,0.0,0.0008333472224535399,0.5503626107977416,0.0
12661,10.551009183486391,0.5503626107977437,560,681,1241,0.0,0.0008333472224535399,0.5503626107977416,0.0
12662,10.551842530708846,0.5503626107977437,560,681,1241,0.0,0.0008333472224553162,0.5503626107977416,0.0
12663,10.5526758779313,0.5503626107977437,560,681,1241,0.0,0.0008333472224535399,0.5503626107977416,0.0
12664,10.553509225153753,0.5511684125705076,560,681,1241,0.0008058017727639033,0.0008333472224535399,0.550443190975018,8.058017727639034e-05
12665,10.554342572376207,0.5511684125705076,560,681,1241,0.0,0.0008333472224535399,0.5505237711522943,8.058017727639034e-05
12666,10.55517591959866,0.5511684125705076,560,681,1241,0.0,0.0008333472224535399,0.5506043513295708,8.058017727639034e-05
12667,10.556009266821114,0.5511684125705076,560,681,1241,0.0,0.0008333472224535399,0.550684931506847,8.058017727639034e-05
12668,10.556842614043568,0.5511684125705076,560,681,1241,0.0,0.0008333472224535399,0.5507655116841235,8.058017727639034e-05
12669,10.557675961266021,0.5511684125705076,560,681,1241,0.0,0.0008333472224535399,0.5508460918613998,8.058017727639034e-05
12670,10.558509308488475,0.5511684125705076,560,681,1241,0.0,0.0008333472224535399,0.5509266720386761,8.058017727639034e-05
12671,10.559342655710928,0.5511684125705076,560,681,1241,0.0,0.0008333472224535399,0.5510072522159525,8.058017727639034e-05
12672,10.560176002933384,0.5511684125705076,560,681,1241,0.0,0.0008333472224553162,0.5510878323932288,8.058017727639034e-05
12673,10.561009350155837,0.5511684125705076,560,681,1241,0.0,0.0008333472224535399,0.5511684125705052,8.058017727639034e-05
12674,10.56184269737829,0.5511684125705076,560,681,1241,0.0,0.0008333472224535399,0.5511684125705051,0.0
12675,10.562676044600744,0.5511684125705076,560,681,1241,0.0,0.0008333472224535399,0.5511684125705051,0.0
12676,10.563509391823198,0.5511684125705076,560,681,1241,0.0,0.0008333472224535399,0.5511684125705051,0.0
12677,10.564342739045651,0.5503626107977437,560,681,1241,-0.0008058017727639033,0.0008333472224535399,0.5510878323932287,-8.058017727639034e-05
12678,10.565176086268105,0.5503626107977437,560,681,1241,0.0,0.0008333472224535399,0.5510072522159524,-8.058017727639034e-05
12679,10.566009433490558,0.5503626107977437,560,681,1241,0.0,0.0008333472224535399,0.5509266720386761,-8.058017727639034e-05
12680,10.566842780713012,0.5503626107977437,560,681,1241,0.0,0.0008333472224535399,0.5508460918613997,-8.058017727639034e-05
12681,10.567676127935465,0.5503626107977437,560,681,1241,0.0,0.0008333472224535399,0.5507655116841234,-8.058017727639034e-05
12682,10.568509475157919,0.5503626107977437,560,681,1241,0.0,0.0008333472224535399,0.5506849315068469,-8.058017727639034e-05
12683,10.569342822380374,0.5503626107977437,560,681,1241,0.0,0.0008333472224553162,0.5506043513295706,-8.058017727639034e-05
12684,10.570176169602828,0.5503626107977437,560,681,1241,0.0,0.0008333472224535399,0.5505237711522943,-8.058017727639034e-05
12685,10.571009516825281,0.5503626107977437,560,681,1241,0.0,0.0008333472224535399,0.5504431909750179,-8.058017727639034e-05
12686,10.571842864047735,0.5503626107977437,560,681,1241,0.0,0.0008333472224535399,0.5503626107977416,-8.058017727639034e-05
12687,10.572676211270188,0.5503626107977437,560,681,1241,0.0,0.0008333472224535399,0.5503626107977416,0.0
12688,10.573509558492642,0.5503626107977437,560,681,1241,0.0,0.0008333472224535399,0.5503626107977416,0.0
12689,10.574342905715095,0.5503626107977437,560,681,1241,0.0,0.0008333472224535399,0.5503626107977416,0.0
12690,10.575176252937549,0.5503626107977437,560,681,1241,0.0,0.0008333472224535399,0.5503626107977416,0.0
12691,10.576009600160003,0.5511684125705076,560,681,1241,0.0008058017727639033,0.0008333472224535399,0.550443190975018,8.058017727639034e-05
12692,10.576842947382456,0.5511684125705076,560,681,1241,0.0,0.0008333472224535399,0.5505237711522943,8.058017727639034e-05
12693,10.57767629460491,0.5511684125705076,560,681,1241,0.0,0.0008333472224535399,0.5506043513295708,8.058017727639034e-05
12694,10.578509641827365,0.5511684125705076,560,681,1241,0.0,0.0008333472224553162,0.550684931506847,8.058017727639034e-05
12695,10.579342989049819,0.5511684125705076,560,681,1241,0.0,0.0008333472224535399,0.5507655116841235,8.058017727639034e-05
12696,10.580176336272272,0.5511684125705076,560,681,1241,0.0,0.0008333472224535399,0.5508460918613998,8.058017727639034e-05
12697,10.581009683494726,0.5511684125705076,560,681,1241,0.0,0.0008333472224535399,0.5509266720386761,8.058017727639034e-05
12698,10.58184303071718,0.5511684125705076,560,681,1241,0.0,0.0008333472224535399,0.5510072522159525,8.058017727639034e-05
12699,10.582676377939633,0.5511684125705076,560,681,1241,0.0,0.0008333472224535399,0.5510878323932288,8.058017727639034e-05
12700,10.583509725162086,0.5511684125705076,560,681,1241,0.0,0.0008333472224535399,0.5511684125705052,8.058017727639034e-05
12701,10.58434307238454,0.5511684125705076,560,681,1241,0.0,0.0008333472224535399,0.5511684125705051,0.0
12702,10.585176419606993,0.5511684125705076,560,681,1241,0.0,0.0008333472224535399,0.5511684125705051,0.0
12703,10.586009766829447,0.5511684125705076,560,681,1241,0.0,0.0008333472224535399,0.5511684125705051,0.0
12704,10.586843114051902,0.5511684125705076,560,681,1241,0.0,0.0008333472224553162,0.5511684125705051,0.0
12705,10.587676461274356,0.5511684125705076,560,681,1241,0.0,0.0008333472224535399,0.5511684125705051,0.0
12706,10.58850980849681,0.5511684125705076,560,681,1241,0.0,0.0008333472224535399,0.5511684125705051,0.0
12707,10.589343155719263,0.5503626107977437,560,681,1241,-0.0008058017727639033,0.0008333472224535399,0.5510878323932287,-8.058017727639034e-05
12708,10.590176502941716,0.5503626107977437,560,681,1241,0.0,0.0008333472224535399,0.5510072522159524,-8.058017727639034e-05
12709,10.59100985016417,0.5503626107977437,560,681,1241,0.0,0.0008333472224535399,0.5509266720386761,-8.058017727639034e-05
12710,10.591843197386623,0.5503626107977437,560,681,1241,0.0,0.0008333472224535399,0.5508460918613997,-8.058017727639034e-05
12711,10.592676544609077,0.5503626107977437,560,681,1241,0.0,0.0008333472224535399,0.5507655116841234,-8.058017727639034e-05
12712,10.59350989183153,0.5503626107977437,560,681,1241,0.0,0.0008333472224535399,0.5506849315068469,-8.058017727639034e-05
12713,10.594343239053984,0.5503626107977437,560,681,1241,0.0,0.0008333472224535399,0.5506043513295706,-8.058017727639034e-05
12714,10.595176586276438,0.5503626107977437,560,681,1241,0.0,0.0008333472224535399,0.5505237711522943,-8.058017727639034e-05
12715,10.596009933498893,0.5503626107977437,560,681,1241,0.0,0.0008333472224553162,0.5504431909750179,-8.058017727639034e-05
12716,10.596843280721346,0.5503626107977437,560,681,1241,0.0,0.0008333472224535399,0.5503626107977416,-8.058017727639034e-05
12717,10.5976766279438,0.5503626107977437,560,681,1241,0.0,0.0008333472224535399,0.5503626107977416,0.0
12718,10.598509975166253,0.5503626107977437,560,681,1241,0.0,0.0008333472224535399,0.5503626107977416,0.0
12719,10.599343322388707,0.5503626107977437,560,681,1241,0.0,0.0008333472224535399,0.5503626107977416,0.0
12720,10.60017666961116,0.5503626107977437,560,681,1241,0.0,0.0008333472224535399,0.5503626107977416,0.0
12721,10.601010016833614,0.5503626107977437,560,681,1241,0.0,0.0008333472224535399,0.5503626107977416,0.0
12722,10.601843364056068,0.5503626107977437,560,681,1241,0.0,0.0008333472224535399,0.5503626107977416,0.0
12723,10.602676711278521,0.5503626107977437,560,681,1241,0.0,0.0008333472224535399,0.5503626107977416,0.0
12724,10.603510058500975,0.5503626107977437,560,681,1241,0.0,0.0008333472224535399,0.5503626107977416,0.0
12725,10.60434340572343,0.5503626107977437,560,681,1241,0.0,0.0008333472224553162,0.5503626107977416,0.0
12726,10.605176752945884,0.5503626107977437,560,681,1241,0.0,0.0008333472224535399,0.5503626107977416,0.0
12727,10.606010100168337,0.5503626107977437,560,681,1241,0.0,0.0008333472224535399,0.5503626107977416,0.0
12728,10.60684344739079,0.5503626107977437,560,681,1241,0.0,0.0008333472224535399,0.5503626107977416,0.0
12729,10.607676794613244,0.5503626107977437,560,681,1241,0.0,0.0008333472224535399,0.5503626107977416,0.0
12730,10.608510141835698,0.5503626107977437,560,681,1241,0.0,0.0008333472224535399,0.5503626107977416,0.0
12731,10.609343489058151,0.5503626107977437,560,681,1241,0.0,0.0008333472224535399,0.5503626107977416,0.0
12732,10.610176836280605,0.5503626107977437,560,681,1241,0.0,0.0008333472224535399,0.5503626107977416,0.0
12733,10.611010183503058,0.5503626107977437,560,681,1241,0.0,0.0008333472224535399,0.5503626107977416,0.0
12734,10.611843530725512,0.5503626107977437,560,681,1241,0.0,0.0008333472224535399,0.5503626107977416,0.0
12735,10.612676877947965,0.5503626107977437,560,681,1241,0.0,0.0008333472224535399,0.5503626107977416,0.0
12736,10.61351022517042,0.5495568090249798,560,681,1241,-0.0008058017727639033,0.0008333472224553162,0.5502820306204652,-8.058017727639034e-05
12737,10.614343572392874,0.5495568090249798,560,681,1241,0.0,0.0008333472224535399,0.5502014504431888,-8.058017727639034e-05
12738,10.615176919615328,0.5495568090249798,560,681,1241,0.0,0.0008333472224535399,0.5501208702659125,-8.058017727639034e-05
12739,10.616010266837781,0.5495568090249798,560,681,1241,0.0,0.0008333472224535399,0.5500402900886361,-8.058017727639034e-05
12740,10.616843614060235,0.5495568090249798,560,681,1241,0.0,0.0008333472224535399,0.5499597099113598,-8.058017727639034e-05
12741,10.617676961282688,0.5495568090249798,560,681,1241,0.0,0.0008333472224535399,0.5498791297340835,-8.058017727639034e-05
12742,10.618510308505142,0.5495568090249798,560,681,1241,0.0,0.0008333472224535399,0.5497985495568071,-8.058017727639034e-05
12743,10.619343655727596,0.5495568090249798,560,681,1241,0.0,0.0008333472224535399,0.5497179693795308,-8.058017727639034e-05
12744,10.620177002950049,0.5495568090249798,560,681,1241,0.0,0.0008333472224535399,0.5496373892022544,-8.058017727639034e-05
12745,10.621010350172503,0.5495568090249798,560,681,1241,0.0,0.0008333472224535399,0.549556809024978,-8.058017727639034e-05
12746,10.621843697394956,0.5495568090249798,560,681,1241,0.0,0.0008333472224535399,0.5495568090249782,0.0
12747,10.622677044617411,0.5495568090249798,560,681,1241,0.0,0.0008333472224553162,0.5495568090249782,0.0
12748,10.623510391839865,0.5495568090249798,560,681,1241,0.0,0.0008333472224535399,0.5495568090249782,0.0
12749,10.624343739062319,0.5495568090249798,560,681,1241,0.0,0.0008333472224535399,0.5495568090249782,0.0
12750,10.625177086284772,0.5495568090249798,560,681,1241,0.0,0.0008333472224535399,0.5495568090249782,0.0
12751,10.626010433507226,0.5495568090249798,560,681,1241,0.0,0.0008333472224535399,0.5495568090249782,0.0
12752,10.62684378072968,0.5495568090249798,560,681,1241,0.0,0.0008333472224535399,0.5495568090249782,0.0
12753,10.627677127952133,0.5495568090249798,560,681,1241,0.0,0.0008333472224535399,0.5495568090249782,0.0
12754,10.628510475174586,0.5495568090249798,560,681,1241,0.0,0.0008333472224535399,0.5495568090249782,0.0
12755,10.62934382239704,0.5495568090249798,560,681,1241,0.0,0.0008333472224535399,0.5495568090249782,0.0
12756,10.630177169619493,0.5495568090249798,560,681,1241,0.0,0.0008333472224535399,0.5495568090249782,0.0
12757,10.631010516841949,0.5495568090249798,560,681,1241,0.0,0.0008333472224553162,0.5495568090249782,0.0
12758,10.631843864064402,0.5495568090249798,560,681,1241,0.0,0.0008333472224535399,0.5495568090249782,0.0
12759,10.632677211286856,0.5495568090249798,560,681,1241,0.0,0.0008333472224535399,0.5495568090249782,0.0
12760,10.63351055850931,0.5495568090249798,560,681,1241,0.0,0.0008333472224535399,0.5495568090249782,0.0
12761,10.634343905731763,0.5495568090249798,560,681,1241,0.0,0.0008333472224535399,0.5495568090249782,0.0
12762,10.635177252954216,0.5495568090249798,560,681,1241,0.0,0.0008333472224535399,0.5495568090249782,0.0
12763,10.63601060017667,0.5495568090249798,560,681,1241,0.0,0.0008333472224535399,0.5495568090249782,0.0
12764,10.636843947399123,0.5495568090249798,560,681,1241,0.0,0.0008333472224535399,0.5495568090249782,0.0
12765,10.637677294621577,0.5495568090249798,560,681,1241,0.0,0.0008333472224535399,0.5495568090249782,0.0
12766,10.63851064184403,0.5495568090249798,560,681,1241,0.0,0.0008333472224535399,0.5495568090249782,0.0
12767,10.639343989066484,0.5495568090249798,560,681,1241,0.0,0.0008333472224535399,0.5495568090249782,0.0
12768,10.64017733628894,0.5495568090249798,560,681,1241,0.0,0.0008333472224553162,0.5495568090249782,0.0
12769,10.641010683511393,0.5495568090249798,560,681,1241,0.0,0.0008333472224535399,0.5495568090249782,0.0
12770,10.641844030733846,0.5495568090249798,560,681,1241,0.0,0.0008333472224535399,0.5495568090249782,0.0
12771,10.6426773779563,0.5495568090249798,560,681,1241,0.0,0.0008333472224535399,0.5495568090249782,0.0
12772,10.643510725178754,0.5495568090249798,560,681,1241,0.0,0.0008333472224535399,0.5495568090249782,0.0
12773,10.644344072401207,0.5495568090249798,560,681,1241,0.0,0.0008333472224535399,0.5495568090249782,0.0
12774,10.64517741962366,0.5495568090249798,560,681,1241,0.0,0.0008333472224535399,0.5495568090249782,0.0
12775,10.646010766846114,0.5495568090249798,560,681,1241,0.0,0.0008333472224535399,0.5495568090249782,0.0
12776,10.646844114068568,0.5495568090249798,560,681,1241,0.0,0.0008333472224535399,0.5495568090249782,0.0
12777,10.647677461291021,0.5495568090249798,560,681,1241,0.0,0.0008333472224535399,0.5495568090249782,0.0
12778,10.648510808513477,0.5495568090249798,560,681,1241,0.0,0.0008333472224553162,0.5495568090249782,0.0
12779,10.64934415573593,0.5495568090249798,560,681,1241,0.0,0.0008333472224535399,0.5495568090249782,0.0
12780,10.650177502958384,0.5495568090249798,560,681,1241,0.0,0.0008333472224535399,0.5495568090249782,0.0
12781,10.651010850180837,0.5495568090249798,560,681,1241,0.0,0.0008333472224535399,0.5495568090249782,0.0
12782,10.65184419740329,0.5495568090249798,560,681,1241,0.0,0.0008333472224535399,0.5495568090249782,0.0
12783,10.652677544625744,0.5495568090249798,560,681,1241,0.0,0.0008333472224535399,0.5495568090249782,0.0
12784,10.653510891848198,0.5495568090249798,560,681,1241,0.0,0.0008333472224535399,0.5495568090249782,0.0
12785,10.654344239070651,0.5487510072522159,560,681,1241,-0.0008058017727639033,0.0008333472224535399,0.5494762288477018,-8.058017727639034e-05
12786,10.655177586293105,0.5487510072522159,560,681,1241,0.0,0.0008333472224535399,0.5493956486704255,-8.058017727639034e-05
12787,10.656010933515558,0.5487510072522159,560,681,1241,0.0,0.0008333472224535399,0.5493150684931492,-8.058017727639034e-05
12788,10.656844280738012,0.5487510072522159,560,681,1241,0.0,0.0008333472224535399,0.5492344883158727,-8.058017727639034e-05
12789,10.657677627960467,0.5487510072522159,560,681,1241,0.0,0.0008333472224553162,0.5491539081385964,-8.058017727639034e-05
12790,10.65851097518292,0.5487510072522159,560,681,1241,0.0,0.0008333472224535399,0.54907332796132,-8.058017727639034e-05
12791,10.659344322405374,0.5487510072522159,560,681,1241,0.0,0.0008333472224535399,0.5489927477840437,-8.058017727639034e-05
12792,10.660177669627828,0.5487510072522159,560,681,1241,0.0,0.0008333472224535399,0.5489121676067674,-8.058017727639034e-05
12793,10.661011016850281,0.5487510072522159,560,681,1241,0.0,0.0008333472224535399,0.548831587429491,-8.058017727639034e-05
12794,10.661844364072735,0.5487510072522159,560,681,1241,0.0,0.0008333472224535399,0.5487510072522147,-8.058017727639034e-05
12795,10.662677711295188,0.5487510072522159,560,681,1241,0.0,0.0008333472224535399,0.5487510072522147,0.0
12796,10.663511058517642,0.5487510072522159,560,681,1241,0.0,0.0008333472224535399,0.5487510072522147,0.0
12797,10.664344405740096,0.5487510072522159,560,681,1241,0.0,0.0008333472224535399,0.5487510072522147,0.0
12798,10.665177752962549,0.5487510072522159,560,681,1241,0.0,0.0008333472224535399,0.5487510072522147,0.0
12799,10.666011100185003,0.5487510072522159,560,681,1241,0.0,0.0008333472224535399,0.5487510072522147,0.0
12800,10.666844447407458,0.5487510072522159,560,681,1241,0.0,0.0008333472224553162,0.5487510072522147,0.0
12801,10.667677794629912,0.5487510072522159,560,681,1241,0.0,0.0008333472224535399,0.5487510072522147,0.0
12802,10.668511141852365,0.5487510072522159,560,681,1241,0.0,0.0008333472224535399,0.5487510072522147,0.0
12803,10.669344489074819,0.5487510072522159,560,681,1241,0.0,0.0008333472224535399,0.5487510072522147,0.0
12804,10.670177836297272,0.5487510072522159,560,681,1241,0.0,0.0008333472224535399,0.5487510072522147,0.0
12805,10.671011183519726,0.5487510072522159,560,681,1241,0.0,0.0008333472224535399,0.5487510072522147,0.0
12806,10.67184453074218,0.5487510072522159,560,681,1241,0.0,0.0008333472224535399,0.5487510072522147,0.0
12807,10.672677877964633,0.5487510072522159,560,681,1241,0.0,0.0008333472224535399,0.5487510072522147,0.0
12808,10.673511225187086,0.5487510072522159,560,681,1241,0.0,0.0008333472224535399,0.5487510072522147,0.0
12809,10.67434457240954,0.5487510072522159,560,681,1241,0.0,0.0008333472224535399,0.5487510072522147,0.0
12810,10.675177919631995,0.5487510072522159,560,681,1241,0.0,0.0008333472224553162,0.5487510072522147,0.0
12811,10.676011266854449,0.5487510072522159,560,681,1241,0.0,0.0008333472224535399,0.5487510072522147,0.0
12812,10.676844614076902,0.5487510072522159,560,681,1241,0.0,0.0008333472224535399,0.5487510072522147,0.0
12813,10.677677961299356,0.5487510072522159,560,681,1241,0.0,0.0008333472224535399,0.5487510072522147,0.0
12814,10.67851130852181,0.5487510072522159,560,681,1241,0.0,0.0008333472224535399,0.5487510072522147,0.0
12815,10.679344655744263,0.5487510072522159,560,681,1241,0.0,0.0008333472224535399,0.5487510072522147,0.0
12816,10.680178002966716,0.5487510072522159,560,681,1241,0.0,0.0008333472224535399,0.5487510072522147,0.0
12817,10.68101135018917,0.5487510072522159,560,681,1241,0.0,0.0008333472224535399,0.5487510072522147,0.0
12818,10.681844697411623,0.5487510072522159,560,681,1241,0.0,0.0008333472224535399,0.5487510072522147,0.0
12819,10.682678044634077,0.5487510072522159,560,681,1241,0.0,0.0008333472224535399,0.5487510072522147,0.0
12820,10.68351139185653,0.5487510072522159,560,681,1241,0.0,0.0008333472224535399,0.5487510072522147,0.0
12821,10.684344739078986,0.5487510072522159,560,681,1241,0.0,0.0008333472224553162,0.5487510072522147,0.0
12822,10.68517808630144,0.5487510072522159,560,681,1241,0.0,0.0008333472224535399,0.5487510072522147,0.0
12823,10.686011433523893,0.5487510072522159,560,681,1241,0.0,0.0008333472224535399,0.5487510072522147,0.0
12824,10.686844780746346,0.5495568090249798,560,681,1241,0.0008058017727639033,0.0008333472224535399,0.548831587429491,8.058017727639034e-05
12825,10.6876781279688,0.5495568090249798,560,681,1241,0.0,0.0008333472224535399,0.5489121676067674,8.058017727639034e-05
12826,10.688511475191254,0.5495568090249798,560,681,1241,0.0,0.0008333472224535399,0.5489927477840437,8.058017727639034e-05
12827,10.689344822413707,0.5495568090249798,560,681,1241,0.0,0.0008333472224535399,0.54907332796132,8.058017727639034e-05
12828,10.69017816963616,0.5495568090249798,560,681,1241,0.0,0.0008333472224535399,0.5491539081385964,8.058017727639034e-05
12829,10.691011516858614,0.5495568090249798,560,681,1241,0.0,0.0008333472224535399,0.5492344883158727,8.058017727639034e-05
12830,10.691844864081068,0.5495568090249798,560,681,1241,0.0,0.0008333472224535399,0.5493150684931492,8.058017727639034e-05
12831,10.692678211303523,0.5495568090249798,560,681,1241,0.0,0.0008333472224553162,0.5493956486704255,8.058017727639034e-05
12832,10.693511558525977,0.5495568090249798,560,681,1241,0.0,0.0008333472224535399,0.5494762288477018,8.058017727639034e-05
12833,10.69434490574843,0.5495568090249798,560,681,1241,0.0,0.0008333472224535399,0.5495568090249782,8.058017727639034e-05
12834,10.695178252970884,0.5495568090249798,560,681,1241,0.0,0.0008333472224535399,0.5495568090249782,0.0
12835,10.696011600193337,0.5495568090249798,560,681,1241,0.0,0.0008333472224535399,0.5495568090249782,0.0
12836,10.69684494741579,0.5495568090249798,560,681,1241,0.0,0.0008333472224535399,0.5495568090249782,0.0
12837,10.697678294638244,0.5495568090249798,560,681,1241,0.0,0.0008333472224535399,0.5495568090249782,0.0
12838,10.698511641860698,0.5495568090249798,560,681,1241,0.0,0.0008333472224535399,0.5495568090249782,0.0
12839,10.699344989083151,0.5495568090249798,560,681,1241,0.0,0.0008333472224535399,0.5495568090249782,0.0
12840,10.700178336305605,0.5487510072522159,560,681,1241,-0.0008058017727639033,0.0008333472224535399,0.5494762288477018,-8.058017727639034e-05
12841,10.701011683528058,0.5487510072522159,560,681,1241,0.0,0.0008333472224535399,0.5493956486704255,-8.058017727639034e-05
12842,10.701845030750514,0.5487510072522159,560,681,1241,0.0,0.0008333472224553162,0.5493150684931492,-8.058017727639034e-05
12843,10.702678377972967,0.5487510072522159,560,681,1241,0.0,0.0008333472224535399,0.5492344883158727,-8.058017727639034e-05
12844,10.70351172519542,0.5487510072522159,560,681,1241,0.0,0.0008333472224535399,0.5491539081385964,-8.058017727639034e-05
12845,10.704345072417874,0.5487510072522159,560,681,1241,0.0,0.0008333472224535399,0.54907332796132,-8.058017727639034e-05
12846,10.705178419640328,0.5487510072522159,560,681,1241,0.0,0.0008333472224535399,0.5489927477840437,-8.058017727639034e-05
12847,10.706011766862781,0.5487510072522159,560,681,1241,0.0,0.0008333472224535399,0.5489121676067674,-8.058017727639034e-05
12848,10.706845114085235,0.5487510072522159,560,681,1241,0.0,0.0008333472224535399,0.548831587429491,-8.058017727639034e-05
12849,10.707678461307689,0.5487510072522159,560,681,1241,0.0,0.0008333472224535399,0.5487510072522147,-8.058017727639034e-05
12850,10.708511808530142,0.5487510072522159,560,681,1241,0.0,0.0008333472224535399,0.5487510072522147,0.0
12851,10.709345155752596,0.5487510072522159,560,681,1241,0.0,0.0008333472224535399,0.5487510072522147,0.0
12852,10.710178502975051,0.5487510072522159,560,681,1241,0.0,0.0008333472224553162,0.5487510072522147,0.0
12853,10.711011850197504,0.5487510072522159,560,681,1241,0.0,0.0008333472224535399,0.5487510072522147,0.0
12854,10.711845197419958,0.5487510072522159,560,681,1241,0.0,0.0008333472224535399,0.5487510072522147,0.0
12855,10.712678544642412,0.5487510072522159,560,681,1241,0.0,0.0008333472224535399,0.5487510072522147,0.0
12856,10.713511891864865,0.5487510072522159,560,681,1241,0.0,0.0008333472224535399,0.5487510072522147,0.0
12857,10.714345239087319,0.5487510072522159,560,681,1241,0.0,0.0008333472224535399,0.5487510072522147,0.0
12858,10.715178586309772,0.5487510072522159,560,681,1241,0.0,0.0008333472224535399,0.5487510072522147,0.0
12859,10.716011933532226,0.5487510072522159,560,681,1241,0.0,0.0008333472224535399,0.5487510072522147,0.0
12860,10.71684528075468,0.5487510072522159,560,681,1241,0.0,0.0008333472224535399,0.5487510072522147,0.0
12861,10.717678627977133,0.5487510072522159,560,681,1241,0.0,0.0008333472224535399,0.5487510072522147,0.0
12862,10.718511975199586,0.5487510072522159,560,681,1241,0.0,0.0008333472224535399,0.5487510072522147,0.0
12863,10.719345322422042,0.5487510072522159,560,681,1241,0.0,0.0008333472224553162,0.5487510072522147,0.0
12864,10.720178669644495,0.5487510072522159,560,681,1241,0.0,0.0008333472224535399,0.5487510072522147,0.0
12865,10.721012016866949,0.5487510072522159,560,681,1241,0.0,0.0008333472224535399,0.5487510072522147,0.0
12866,10.721845364089402,0.5487510072522159,560,681,1241,0.0,0.0008333472224535399,0.5487510072522147,0.0
12867,10.722678711311856,0.5487510072522159,560,681,1241,0.0,0.0008333472224535399,0.5487510072522147,0.0
12868,10.72351205853431,0.5487510072522159,560,681,1241,0.0,0.0008333472224535399,0.5487510072522147,0.0
12869,10.724345405756763,0.5487510072522159,560,681,1241,0.0,0.0008333472224535399,0.5487510072522147,0.0
12870,10.725178752979216,0.5487510072522159,560,681,1241,0.0,0.0008333472224535399,0.5487510072522147,0.0
12871,10.72601210020167,0.5487510072522159,560,681,1241,0.0,0.0008333472224535399,0.5487510072522147,0.0
12872,10.726845447424123,0.5487510072522159,560,681,1241,0.0,0.0008333472224535399,0.5487510072522147,0.0
12873,10.727678794646577,0.5487510072522159,560,681,1241,0.0,0.0008333472224535399,0.5487510072522147,0.0
12874,10.728512141869032,0.5487510072522159,560,681,1241,0.0,0.0008333472224553162,0.5487510072522147,0.0
12875,10.729345489091486,0.5487510072522159,560,681,1241,0.0,0.0008333472224535399,0.5487510072522147,0.0
12876,10.73017883631394,0.5487510072522159,560,681,1241,0.0,0.0008333472224535399,0.5487510072522147,0.0
12877,10.731012183536393,0.5487510072522159,560,681,1241,0.0,0.0008333472224535399,0.5487510072522147,0.0
12878,10.731845530758847,0.5487510072522159,560,681,1241,0.0,0.0008333472224535399,0.5487510072522147,0.0
12879,10.7326788779813,0.5487510072522159,560,681,1241,0.0,0.0008333472224535399,0.5487510072522147,0.0
12880,10.733512225203754,0.5487510072522159,560,681,1241,0.0,0.0008333472224535399,0.5487510072522147,0.0
12881,10.734345572426207,0.5487510072522159,560,681,1241,0.0,0.0008333472224535399,0.5487510072522147,0.0
12882,10.73517891964866,0.5487510072522159,560,681,1241,0.0,0.0008333472224535399,0.5487510072522147,0.0
12883,10.736012266871114,0.5487510072522159,560,681,1241,0.0,0.0008333472224535399,0.5487510072522147,0.0
12884,10.73684561409357,0.5487510072522159,560,681,1241,0.0,0.0008333472224553162,0.5487510072522147,0.0
12885,10.737678961316023,0.5487510072522159,560,681,1241,0.0,0.0008333472224535399,0.5487510072522147,0.0
12886,10.738512308538477,0.5487510072522159,560,681,1241,0.0,0.0008333472224535399,0.5487510072522147,0.0
12887,10.73934565576093,0.5487510072522159,560,681,1241,0.0,0.0008333472224535399,0.5487510072522147,0.0
12888,10.740179002983384,0.5487510072522159,560,681,1241,0.0,0.0008333472224535399,0.5487510072522147,0.0
12889,10.741012350205837,0.5487510072522159,560,681,1241,0.0,0.0008333472224535399,0.5487510072522147,0.0
12890,10.74184569742829,0.5487510072522159,560,681,1241,0.0,0.0008333472224535399,0.5487510072522147,0.0
12891,10.742679044650744,0.5487510072522159,560,681,1241,0.0,0.0008333472224535399,0.5487510072522147,0.0
12892,10.743512391873198,0.5487510072522159,560,681,1241,0.0,0.0008333472224535399,0.5487510072522147,0.0
12893,10.744345739095651,0.5487510072522159,560,681,1241,0.0,0.0008333472224535399,0.5487510072522147,0.0
12894,10.745179086318105,0.5487510072522159,560,681,1241,0.0,0.0008333472224535399,0.5487510072522147,0.0
12895,10.74601243354056,0.5487510072522159,560,681,1241,0.0,0.0008333472224553162,0.5487510072522147,0.0
12896,10.746845780763014,0.5487510072522159,560,681,1241,0.0,0.0008333472224535399,0.5487510072522147,0.0
12897,10.747679127985467,0.5487510072522159,560,681,1241,0.0,0.0008333472224535399,0.5487510072522147,0.0
12898,10.74851247520792,0.5487510072522159,560,681,1241,0.0,0.0008333472224535399,0.5487510072522147,0.0
12899,10.749345822430374,0.5487510072522159,560,681,1241,0.0,0.0008333472224535399,0.5487510072522147,0.0
12900,10.750179169652828,0.5487510072522159,560,681,1241,0.0,0.0008333472224535399,0.5487510072522147,0.0
12901,10.751012516875281,0.5487510072522159,560,681,1241,0.0,0.0008333472224535399,0.5487510072522147,0.0
12902,10.751845864097735,0.5487510072522159,560,681,1241,0.0,0.0008333472224535399,0.5487510072522147,0.0
12903,10.752679211320189,0.5487510072522159,560,681,1241,0.0,0.0008333472224535399,0.5487510072522147,0.0
12904,10.753512558542642,0.5487510072522159,560,681,1241,0.0,0.0008333472224535399,0.5487510072522147,0.0
12905,10.754345905765097,0.5487510072522159,560,681,1241,0.0,0.0008333472224553162,0.5487510072522147,0.0
12906,10.755179252987551,0.5487510072522159,560,681,1241,0.0,0.0008333472224535399,0.5487510072522147,0.0
12907,10.756012600210004,0.5487510072522159,560,681,1241,0.0,0.0008333472224535399,0.5487510072522147,0.0
12908,10.756845947432458,0.5487510072522159,560,681,1241,0.0,0.0008333472224535399,0.5487510072522147,0.0
12909,10.757679294654912,0.5487510072522159,560,681,1241,0.0,0.0008333472224535399,0.5487510072522147,0.0
12910,10.758512641877365,0.5487510072522159,560,681,1241,0.0,0.0008333472224535399,0.5487510072522147,0.0
12911,10.759345989099819,0.5487510072522159,560,681,1241,0.0,0.0008333472224535399,0.5487510072522147,0.0
12912,10.760179336322272,0.5487510072522159,560,681,1241,0.0,0.0008333472224535399,0.5487510072522147,0.0
12913,10.761012683544726,0.5487510072522159,560,681,1241,0.0,0.0008333472224535399,0.5487510072522147,0.0
12914,10.76184603076718,0.5487510072522159,560,681,1241,0.0,0.0008333472224535399,0.5487510072522147,0.0
12915,10.762679377989633,0.5487510072522159,560,681,1241,0.0,0.0008333472224535399,0.5487510072522147,0.0
12916,10.763512725212088,0.5487510072522159,560,681,1241,0.0,0.0008333472224553162,0.5487510072522147,0.0
12917,10.764346072434542,0.5487510072522159,560,681,1241,0.0,0.0008333472224535399,0.5487510072522147,0.0
12918,10.765179419656995,0.5487510072522159,560,681,1241,0.0,0.0008333472224535399,0.5487510072522147,0.0
12919,10.766012766879449,0.5487510072522159,560,681,1241,0.0,0.0008333472224535399,0.5487510072522147,0.0
12920,10.766846114101902,0.5487510072522159,560,681,1241,0.0,0.0008333472224535399,0.5487510072522147,0.0
12921,10.767679461324356,0.5487510072522159,560,681,1241,0.0,0.0008333472224535399,0.5487510072522147,0.0
12922,10.76851280854681,0.5487510072522159,560,681,1241,0.0,0.0008333472224535399,0.5487510072522147,0.0
12923,10.769346155769263,0.5487510072522159,560,681,1241,0.0,0.0008333472224535399,0.5487510072522147,0.0
12924,10.770179502991716,0.5487510072522159,560,681,1241,0.0,0.0008333472224535399,0.5487510072522147,0.0
12925,10.77101285021417,0.5487510072522159,560,681,1241,0.0,0.0008333472224535399,0.5487510072522147,0.0
12926,10.771846197436624,0.5487510072522159,560,681,1241,0.0,0.0008333472224535399,0.5487510072522147,0.0
12927,10.772679544659079,0.5487510072522159,560,681,1241,0.0,0.0008333472224553162,0.5487510072522147,0.0
12928,10.773512891881532,0.5487510072522159,560,681,1241,0.0,0.0008333472224535399,0.5487510072522147,0.0
12929,10.774346239103986,0.5487510072522159,560,681,1241,0.0,0.0008333472224535399,0.5487510072522147,0.0
12930,10.77517958632644,0.5487510072522159,560,681,1241,0.0,0.0008333472224535399,0.5487510072522147,0.0
12931,10.776012933548893,0.5487510072522159,560,681,1241,0.0,0.0008333472224535399,0.5487510072522147,0.0
12932,10.776846280771347,0.5487510072522159,560,681,1241,0.0,0.0008333472224535399,0.5487510072522147,0.0
12933,10.7776796279938,0.5487510072522159,560,681,1241,0.0,0.0008333472224535399,0.5487510072522147,0.0
12934,10.778512975216254,0.5487510072522159,560,681,1241,0.0,0.0008333472224535399,0.5487510072522147,0.0
12935,10.779346322438707,0.5487510072522159,560,681,1241,0.0,0.0008333472224535399,0.5487510072522147,0.0
12936,10.78017966966116,0.5487510072522159,560,681,1241,0.0,0.0008333472224535399,0.5487510072522147,0.0
12937,10.781013016883616,0.5487510072522159,560,681,1241,0.0,0.0008333472224553162,0.5487510072522147,0.0
12938,10.78184636410607,0.5487510072522159,560,681,1241,0.0,0.0008333472224535399,0.5487510072522147,0.0
12939,10.782679711328523,0.5487510072522159,560,681,1241,0.0,0.0008333472224535399,0.5487510072522147,0.0
12940,10.783513058550977,0.5487510072522159,560,681,1241,0.0,0.0008333472224535399,0.5487510072522147,0.0
12941,10.78434640577343,0.5495568090249798,560,681,1241,0.0008058017727639033,0.0008333472224535399,0.548831587429491,8.058017727639034e-05
12942,10.785179752995884,0.5495568090249798,560,681,1241,0.0,0.0008333472224535399,0.5489121676067674,8.058017727639034e-05
12943,10.786013100218337,0.5495568090249798,560,681,1241,0.0,0.0008333472224535399,0.5489927477840437,8.058017727639034e-05
12944,10.78684644744079,0.5495568090249798,560,681,1241,0.0,0.0008333472224535399,0.54907332796132,8.058017727639034e-05
12945,10.787679794663244,0.5495568090249798,560,681,1241,0.0,0.0008333472224535399,0.5491539081385964,8.058017727639034e-05
12946,10.788513141885698,0.5487510072522159,560,681,1241,-0.0008058017727639033,0.0008333472224535399,0.5491539081385964,0.0
12947,10.789346489108151,0.5487510072522159,560,681,1241,0.0,0.0008333472224535399,0.5491539081385964,0.0
12948,10.790179836330607,0.5487510072522159,560,681,1241,0.0,0.0008333472224553162,0.5491539081385964,0.0
12949,10.79101318355306,0.5487510072522159,560,681,1241,0.0,0.0008333472224535399,0.5491539081385964,0.0
12950,10.791846530775514,0.5487510072522159,560,681,1241,0.0,0.0008333472224535399,0.5491539081385964,0.0
12951,10.792679877997967,0.5487510072522159,560,681,1241,0.0,0.0008333472224535399,0.54907332796132,-8.058017727639034e-05
12952,10.793513225220421,0.5487510072522159,560,681,1241,0.0,0.0008333472224535399,0.5489927477840437,-8.058017727639034e-05
12953,10.794346572442874,0.5487510072522159,560,681,1241,0.0,0.0008333472224535399,0.5489121676067674,-8.058017727639034e-05
12954,10.795179919665328,0.5487510072522159,560,681,1241,0.0,0.0008333472224535399,0.548831587429491,-8.058017727639034e-05
12955,10.796013266887782,0.5487510072522159,560,681,1241,0.0,0.0008333472224535399,0.5487510072522147,-8.058017727639034e-05
12956,10.796846614110235,0.5487510072522159,560,681,1241,0.0,0.0008333472224535399,0.5487510072522147,0.0
12957,10.797679961332689,0.5495568090249798,560,681,1241,0.0008058017727639033,0.0008333472224535399,0.548831587429491,8.058017727639034e-05
12958,10.798513308555144,0.5503626107977437,560,681,1241,0.0008058017727639033,0.0008333472224553162,0.5489927477840438,0.00016116035455278067
12959,10.799346655777597,0.5503626107977437,560,681,1241,0.0,0.0008333472224535399,0.5491539081385965,0.00016116035455278067
12960,10.800180003000051,0.5503626107977437,560,681,1241,0.0,0.0008333472224535399,0.5493150684931494,0.00016116035455278067
12961,10.801013350222505,0.5503626107977437,560,681,1241,0.0,0.0008333472224535399,0.5494762288477022,0.00016116035455278067
12962,10.801846697444958,0.5503626107977437,560,681,1241,0.0,0.0008333472224535399,0.5496373892022549,0.00016116035455278067
12963,10.802680044667412,0.5503626107977437,560,681,1241,0.0,0.0008333472224535399,0.5497985495568077,0.00016116035455278067
12964,10.803513391889865,0.5503626107977437,560,681,1241,0.0,0.0008333472224535399,0.5499597099113605,0.00016116035455278067
12965,10.804346739112319,0.5503626107977437,560,681,1241,0.0,0.0008333472224535399,0.5501208702659133,0.00016116035455278067
12966,10.805180086334772,0.5503626107977437,560,681,1241,0.0,0.0008333472224535399,0.5502820306204661,0.00016116035455278067
12967,10.806013433557226,0.5503626107977437,560,681,1241,0.0,0.0008333472224535399,0.5503626107977425,8.058017727639034e-05
12968,10.80684678077968,0.5503626107977437,560,681,1241,0.0,0.0008333472224535399,0.5503626107977425,0.0
12969,10.807680128002135,0.5503626107977437,560,681,1241,0.0,0.0008333472224553162,0.5503626107977425,0.0
12970,10.808513475224588,0.5495568090249798,560,681,1241,-0.0008058017727639033,0.0008333472224535399,0.5502820306204661,-8.058017727639034e-05
12971,10.809346822447042,0.5495568090249798,560,681,1241,0.0,0.0008333472224535399,0.5502014504431897,-8.058017727639034e-05
12972,10.810180169669495,0.5495568090249798,560,681,1241,0.0,0.0008333472224535399,0.5501208702659134,-8.058017727639034e-05
12973,10.811013516891949,0.5495568090249798,560,681,1241,0.0,0.0008333472224535399,0.550040290088637,-8.058017727639034e-05
12974,10.811846864114402,0.5495568090249798,560,681,1241,0.0,0.0008333472224535399,0.5499597099113607,-8.058017727639034e-05
12975,10.812680211336856,0.5495568090249798,560,681,1241,0.0,0.0008333472224535399,0.5498791297340844,-8.058017727639034e-05
12976,10.81351355855931,0.5495568090249798,560,681,1241,0.0,0.0008333472224535399,0.549798549556808,-8.058017727639034e-05
12977,10.814346905781763,0.5495568090249798,560,681,1241,0.0,0.0008333472224535399,0.5497179693795317,-8.058017727639034e-05
12978,10.815180253004216,0.5495568090249798,560,681,1241,0.0,0.0008333472224535399,0.5496373892022552,-8.058017727639034e-05
12979,10.81601360022667,0.5495568090249798,560,681,1241,0.0,0.0008333472224535399,0.5495568090249789,-8.058017727639034e-05
12980,10.816846947449125,0.5495568090249798,560,681,1241,0.0,0.0008333472224553162,0.549556809024979,0.0
12981,10.817680294671579,0.5495568090249798,560,681,1241,0.0,0.0008333472224535399,0.549556809024979,0.0
12982,10.818513641894032,0.5495568090249798,560,681,1241,0.0,0.0008333472224535399,0.549556809024979,0.0
12983,10.819346989116486,0.5495568090249798,560,681,1241,0.0,0.0008333472224535399,0.549556809024979,0.0
12984,10.82018033633894,0.5495568090249798,560,681,1241,0.0,0.0008333472224535399,0.549556809024979,0.0
12985,10.821013683561393,0.5495568090249798,560,681,1241,0.0,0.0008333472224535399,0.549556809024979,0.0
12986,10.821847030783847,0.5495568090249798,560,681,1241,0.0,0.0008333472224535399,0.549556809024979,0.0
12987,10.8226803780063,0.5495568090249798,560,681,1241,0.0,0.0008333472224535399,0.549556809024979,0.0
12988,10.823513725228754,0.5495568090249798,560,681,1241,0.0,0.0008333472224535399,0.549556809024979,0.0
12989,10.824347072451207,0.5495568090249798,560,681,1241,0.0,0.0008333472224535399,0.549556809024979,0.0
12990,10.825180419673663,0.5495568090249798,560,681,1241,0.0,0.0008333472224553162,0.549556809024979,0.0
12991,10.826013766896116,0.5495568090249798,560,681,1241,0.0,0.0008333472224535399,0.549556809024979,0.0
12992,10.82684711411857,0.5495568090249798,560,681,1241,0.0,0.0008333472224535399,0.549556809024979,0.0
12993,10.827680461341023,0.5495568090249798,560,681,1241,0.0,0.0008333472224535399,0.549556809024979,0.0
12994,10.828513808563477,0.5495568090249798,560,681,1241,0.0,0.0008333472224535399,0.549556809024979,0.0
12995,10.82934715578593,0.5495568090249798,560,681,1241,0.0,0.0008333472224535399,0.549556809024979,0.0
12996,10.830180503008384,0.5495568090249798,560,681,1241,0.0,0.0008333472224535399,0.549556809024979,0.0
12997,10.831013850230837,0.5495568090249798,560,681,1241,0.0,0.0008333472224535399,0.549556809024979,0.0
12998,10.83184719745329,0.5495568090249798,560,681,1241,0.0,0.0008333472224535399,0.549556809024979,0.0
12999,10.832680544675744,0.5495568090249798,560,681,1241,0.0,0.0008333472224535399,0.549556809024979,0.0
13000,10.833513891898198,0.5495568090249798,560,681,1241,0.0,0.0008333472224535399,0.549556809024979,0.0
13001,10.834347239120653,0.5503626107977437,560,681,1241,0.0008058017727639033,0.0008333472224553162,0.5496373892022554,8.058017727639034e-05
13002,10.835180586343107,0.5503626107977437,560,681,1241,0.0,0.0008333472224535399,0.5497179693795318,8.058017727639034e-05
13003,10.83601393356556,0.5503626107977437,560,681,1241,0.0,0.0008333472224535399,0.5497985495568081,8.058017727639034e-05
13004,10.836847280788014,0.5503626107977437,560,681,1241,0.0,0.0008333472224535399,0.5498791297340844,8.058017727639034e-05
13005,10.837680628010467,0.5503626107977437,560,681,1241,0.0,0.0008333472224535399,0.5499597099113608,8.058017727639034e-05
13006,10.838513975232921,0.5503626107977437,560,681,1241,0.0,0.0008333472224535399,0.5500402900886371,8.058017727639034e-05
13007,10.839347322455374,0.5503626107977437,560,681,1241,0.0,0.0008333472224535399,0.5501208702659135,8.058017727639034e-05
13008,10.840180669677828,0.5503626107977437,560,681,1241,0.0,0.0008333472224535399,0.5502014504431898,8.058017727639034e-05
13009,10.841014016900282,0.5503626107977437,560,681,1241,0.0,0.0008333472224535399,0.5502820306204661,8.058017727639034e-05
13010,10.841847364122735,0.5503626107977437,560,681,1241,0.0,0.0008333472224535399,0.5503626107977425,8.058017727639034e-05
13011,10.84268071134519,0.5503626107977437,560,681,1241,0.0,0.0008333472224553162,0.5503626107977425,0.0
13012,10.843514058567644,0.5503626107977437,560,681,1241,0.0,0.0008333472224535399,0.5503626107977425,0.0
13013,10.844347405790097,0.5503626107977437,560,681,1241,0.0,0.0008333472224535399,0.5503626107977425,0.0
13014,10.845180753012551,0.5503626107977437,560,681,1241,0.0,0.0008333472224535399,0.5503626107977425,0.0
13015,10.846014100235005,0.5503626107977437,560,681,1241,0.0,0.0008333472224535399,0.5503626107977425,0.0
13016,10.846847447457458,0.5503626107977437,560,681,1241,0.0,0.0008333472224535399,0.5503626107977425,0.0
13017,10.847680794679912,0.5503626107977437,560,681,1241,0.0,0.0008333472224535399,0.5503626107977425,0.0
13018,10.848514141902365,0.5503626107977437,560,681,1241,0.0,0.0008333472224535399,0.5503626107977425,0.0
13019,10.849347489124819,0.5503626107977437,560,681,1241,0.0,0.0008333472224535399,0.5503626107977425,0.0
13020,10.850180836347272,0.5503626107977437,560,681,1241,0.0,0.0008333472224535399,0.5503626107977425,0.0
13021,10.851014183569726,0.5503626107977437,560,681,1241,0.0,0.0008333472224535399,0.5503626107977425,0.0
13022,10.851847530792181,0.5503626107977437,560,681,1241,0.0,0.0008333472224553162,0.5503626107977425,0.0
13023,10.852680878014635,0.5511684125705076,560,681,1241,0.0008058017727639033,0.0008333472224535399,0.5504431909750189,8.058017727639034e-05
13024,10.853514225237088,0.5511684125705076,560,681,1241,0.0,0.0008333472224535399,0.5505237711522952,8.058017727639034e-05
13025,10.854347572459542,0.5511684125705076,560,681,1241,0.0,0.0008333472224535399,0.5506043513295716,8.058017727639034e-05
13026,10.855180919681995,0.5511684125705076,560,681,1241,0.0,0.0008333472224535399,0.5506849315068479,8.058017727639034e-05
13027,10.856014266904449,0.5511684125705076,560,681,1241,0.0,0.0008333472224535399,0.5507655116841244,8.058017727639034e-05
13028,10.856847614126902,0.5511684125705076,560,681,1241,0.0,0.0008333472224535399,0.5508460918614007,8.058017727639034e-05
13029,10.857680961349356,0.5511684125705076,560,681,1241,0.0,0.0008333472224535399,0.550926672038677,8.058017727639034e-05
13030,10.85851430857181,0.5511684125705076,560,681,1241,0.0,0.0008333472224535399,0.5510072522159534,8.058017727639034e-05
13031,10.859347655794263,0.5519742143432715,560,681,1241,0.0008058017727639033,0.0008333472224535399,0.5511684125705061,0.00016116035455278067
13032,10.860181003016717,0.5511684125705076,560,681,1241,-0.0008058017727639033,0.0008333472224535399,0.5512489927477826,8.058017727639034e-05
13033,10.861014350239172,0.5511684125705076,560,681,1241,0.0,0.0008333472224553162,0.5512489927477825,0.0
13034,10.861847697461625,0.5511684125705076,560,681,1241,0.0,0.0008333472224535399,0.5512489927477825,0.0
13035,10.862681044684079,0.5511684125705076,560,681,1241,0.0,0.0008333472224535399,0.5512489927477825,0.0
13036,10.863514391906532,0.5511684125705076,560,681,1241,0.0,0.0008333472224535399,0.5512489927477825,0.0
13037,10.864347739128986,0.5511684125705076,560,681,1241,0.0,0.0008333472224535399,0.5512489927477825,0.0
13038,10.86518108635144,0.5511684125705076,560,681,1241,0.0,0.0008333472224535399,0.5512489927477825,0.0
13039,10.866014433573893,0.5511684125705076,560,681,1241,0.0,0.0008333472224535399,0.5512489927477825,0.0
13040,10.866847780796347,0.5511684125705076,560,681,1241,0.0,0.0008333472224535399,0.5512489927477825,0.0
13041,10.8676811280188,0.5511684125705076,560,681,1241,0.0,0.0008333472224535399,0.5511684125705061,-8.058017727639034e-05
13042,10.868514475241254,0.5511684125705076,560,681,1241,0.0,0.0008333472224535399,0.5511684125705061,0.0
13043,10.869347822463709,0.5511684125705076,560,681,1241,0.0,0.0008333472224553162,0.5511684125705061,0.0
13044,10.870181169686163,0.5511684125705076,560,681,1241,0.0,0.0008333472224535399,0.5511684125705061,0.0
13045,10.871014516908616,0.5511684125705076,560,681,1241,0.0,0.0008333472224535399,0.5511684125705061,0.0
13046,10.87184786413107,0.5511684125705076,560,681,1241,0.0,0.0008333472224535399,0.5511684125705061,0.0
13047,10.872681211353523,0.5511684125705076,560,681,1241,0.0,0.0008333472224535399,0.5511684125705061,0.0
13048,10.873514558575977,0.5511684125705076,560,681,1241,0.0,0.0008333472224535399,0.5511684125705061,0.0
13049,10.87434790579843,0.5511684125705076,560,681,1241,0.0,0.0008333472224535399,0.5511684125705061,0.0
13050,10.875181253020884,0.5511684125705076,560,681,1241,0.0,0.0008333472224535399,0.5511684125705061,0.0
13051,10.876014600243337,0.5511684125705076,560,681,1241,0.0,0.0008333472224535399,0.5511684125705061,0.0
13052,10.87684794746579,0.5511684125705076,560,681,1241,0.0,0.0008333472224535399,0.5511684125705061,0.0
13053,10.877681294688244,0.5511684125705076,560,681,1241,0.0,0.0008333472224535399,0.5511684125705061,0.0
13054,10.8785146419107,0.5511684125705076,560,681,1241,0.0,0.0008333472224553162,0.5511684125705061,0.0
13055,10.879347989133153,0.5511684125705076,560,681,1241,0.0,0.0008333472224535399,0.5511684125705061,0.0
13056,10.880181336355607,0.5511684125705076,560,681,1241,0.0,0.0008333472224535399,0.5511684125705061,0.0
13057,10.88101468357806,0.5511684125705076,560,681,1241,0.0,0.0008333472224535399,0.5511684125705061,0.0
13058,10.881848030800514,0.5511684125705076,560,681,1241,0.0,0.0008333472224535399,0.5511684125705061,0.0
13059,10.882681378022967,0.5511684125705076,560,681,1241,0.0,0.0008333472224535399,0.5511684125705061,0.0
13060,10.883514725245421,0.5511684125705076,560,681,1241,0.0,0.0008333472224535399,0.5511684125705061,0.0
13061,10.884348072467875,0.5511684125705076,560,681,1241,0.0,0.0008333472224535399,0.5511684125705061,0.0
13062,10.885181419690328,0.5511684125705076,560,681,1241,0.0,0.0008333472224535399,0.5511684125705061,0.0
13063,10.886014766912782,0.5503626107977437,560,681,1241,-0.0008058017727639033,0.0008333472224535399,0.5510878323932298,-8.058017727639034e-05
13064,10.886848114135237,0.5503626107977437,560,681,1241,0.0,0.0008333472224553162,0.5510072522159535,-8.058017727639034e-05
13065,10.88768146135769,0.5503626107977437,560,681,1241,0.0,0.0008333472224535399,0.5509266720386771,-8.058017727639034e-05
13066,10.888514808580144,0.5503626107977437,560,681,1241,0.0,0.0008333472224535399,0.5508460918614008,-8.058017727639034e-05
13067,10.889348155802598,0.5503626107977437,560,681,1241,0.0,0.0008333472224535399,0.5507655116841244,-8.058017727639034e-05
13068,10.890181503025051,0.5503626107977437,560,681,1241,0.0,0.0008333472224535399,0.550684931506848,-8.058017727639034e-05
13069,10.891014850247505,0.5503626107977437,560,681,1241,0.0,0.0008333472224535399,0.5506043513295718,-8.058017727639034e-05
13070,10.891848197469958,0.5503626107977437,560,681,1241,0.0,0.0008333472224535399,0.5505237711522953,-8.058017727639034e-05
13071,10.892681544692412,0.5503626107977437,560,681,1241,0.0,0.0008333472224535399,0.550443190975019,-8.058017727639034e-05
13072,10.893514891914865,0.5503626107977437,560,681,1241,0.0,0.0008333472224535399,0.5503626107977426,-8.058017727639034e-05
13073,10.894348239137319,0.5503626107977437,560,681,1241,0.0,0.0008333472224535399,0.5503626107977426,0.0
13074,10.895181586359772,0.5503626107977437,560,681,1241,0.0,0.0008333472224535399,0.5503626107977426,0.0
13075,10.896014933582228,0.5503626107977437,560,681,1241,0.0,0.0008333472224553162,0.5503626107977426,0.0
13076,10.896848280804681,0.5503626107977437,560,681,1241,0.0,0.0008333472224535399,0.5503626107977426,0.0
13077,10.897681628027135,0.5503626107977437,560,681,1241,0.0,0.0008333472224535399,0.5503626107977426,0.0
13078,10.898514975249588,0.5503626107977437,560,681,1241,0.0,0.0008333472224535399,0.5503626107977426,0.0
13079,10.899348322472042,0.5503626107977437,560,681,1241,0.0,0.0008333472224535399,0.5503626107977426,0.0
13080,10.900181669694495,0.5503626107977437,560,681,1241,0.0,0.0008333472224535399,0.5503626107977426,0.0
13081,10.901015016916949,0.5503626107977437,560,681,1241,0.0,0.0008333472224535399,0.5503626107977426,0.0
13082,10.901848364139402,0.5503626107977437,560,681,1241,0.0,0.0008333472224535399,0.5503626107977426,0.0
13083,10.902681711361856,0.5503626107977437,560,681,1241,0.0,0.0008333472224535399,0.5503626107977426,0.0
13084,10.90351505858431,0.5503626107977437,560,681,1241,0.0,0.0008333472224535399,0.5503626107977426,0.0
13085,10.904348405806765,0.5503626107977437,560,681,1241,0.0,0.0008333472224553162,0.5503626107977426,0.0
13086,10.905181753029218,0.5503626107977437,560,681,1241,0.0,0.0008333472224535399,0.5503626107977426,0.0
13087,10.906015100251672,0.5503626107977437,560,681,1241,0.0,0.0008333472224535399,0.5503626107977426,0.0
13088,10.906848447474125,0.5503626107977437,560,681,1241,0.0,0.0008333472224535399,0.5503626107977426,0.0
13089,10.907681794696579,0.5503626107977437,560,681,1241,0.0,0.0008333472224535399,0.5503626107977426,0.0
13090,10.908515141919032,0.5503626107977437,560,681,1241,0.0,0.0008333472224535399,0.5503626107977426,0.0
13091,10.909348489141486,0.5511684125705076,560,681,1241,0.0008058017727639033,0.0008333472224535399,0.5504431909750191,8.058017727639034e-05
13092,10.91018183636394,0.5511684125705076,560,681,1241,0.0,0.0008333472224535399,0.5505237711522954,8.058017727639034e-05
13093,10.911015183586393,0.5511684125705076,560,681,1241,0.0,0.0008333472224535399,0.5506043513295718,8.058017727639034e-05
13094,10.911848530808847,0.5511684125705076,560,681,1241,0.0,0.0008333472224535399,0.5506849315068482,8.058017727639034e-05
13095,10.9126818780313,0.5511684125705076,560,681,1241,0.0,0.0008333472224535399,0.5507655116841245,8.058017727639034e-05
13096,10.913515225253756,0.5511684125705076,560,681,1241,0.0,0.0008333472224553162,0.5508460918614009,8.058017727639034e-05
13097,10.914348572476209,0.5511684125705076,560,681,1241,0.0,0.0008333472224535399,0.5509266720386772,8.058017727639034e-05
13098,10.915181919698663,0.5511684125705076,560,681,1241,0.0,0.0008333472224535399,0.5510072522159535,8.058017727639034e-05
13099,10.916015266921116,0.5511684125705076,560,681,1241,0.0,0.0008333472224535399,0.5510878323932299,8.058017727639034e-05
13100,10.91684861414357,0.5511684125705076,560,681,1241,0.0,0.0008333472224535399,0.5511684125705062,8.058017727639034e-05
13101,10.917681961366023,0.5511684125705076,560,681,1241,0.0,0.0008333472224535399,0.5511684125705061,0.0
13102,10.918515308588477,0.5511684125705076,560,681,1241,0.0,0.0008333472224535399,0.5511684125705061,0.0
13103,10.91934865581093,0.5511684125705076,560,681,1241,0.0,0.0008333472224535399,0.5511684125705061,0.0
13104,10.920182003033384,0.5511684125705076,560,681,1241,0.0,0.0008333472224535399,0.5511684125705061,0.0
13105,10.921015350255837,0.5511684125705076,560,681,1241,0.0,0.0008333472224535399,0.5511684125705061,0.0
13106,10.921848697478291,0.5519742143432715,560,681,1241,0.0008058017727639033,0.0008333472224535399,0.5512489927477825,8.058017727639034e-05
13107,10.922682044700746,0.5519742143432715,560,681,1241,0.0,0.0008333472224553162,0.5513295729250588,8.058017727639034e-05
13108,10.9235153919232,0.5519742143432715,560,681,1241,0.0,0.0008333472224535399,0.5514101531023352,8.058017727639034e-05
13109,10.924348739145653,0.5519742143432715,560,681,1241,0.0,0.0008333472224535399,0.5514907332796115,8.058017727639034e-05
13110,10.925182086368107,0.5519742143432715,560,681,1241,0.0,0.0008333472224535399,0.5515713134568878,8.058017727639034e-05
13111,10.92601543359056,0.5519742143432715,560,681,1241,0.0,0.0008333472224535399,0.5516518936341642,8.058017727639034e-05
13112,10.926848780813014,0.5519742143432715,560,681,1241,0.0,0.0008333472224535399,0.5517324738114405,8.058017727639034e-05
13113,10.927682128035467,0.5519742143432715,560,681,1241,0.0,0.0008333472224535399,0.5518130539887169,8.058017727639034e-05
13114,10.928515475257921,0.5519742143432715,560,681,1241,0.0,0.0008333472224535399,0.5518936341659932,8.058017727639034e-05
13115,10.929348822480375,0.5519742143432715,560,681,1241,0.0,0.0008333472224535399,0.5519742143432695,8.058017727639034e-05
13116,10.930182169702828,0.5519742143432715,560,681,1241,0.0,0.0008333472224535399,0.5519742143432695,0.0
13117,10.931015516925283,0.5519742143432715,560,681,1241,0.0,0.0008333472224553162,0.5519742143432695,0.0
13118,10.931848864147737,0.5519742143432715,560,681,1241,0.0,0.0008333472224535399,0.5519742143432695,0.0
13119,10.93268221137019,0.5519742143432715,560,681,1241,0.0,0.0008333472224535399,0.5519742143432695,0.0
13120,10.933515558592644,0.5519742143432715,560,681,1241,0.0,0.0008333472224535399,0.5519742143432695,0.0
13121,10.934348905815098,0.5519742143432715,560,681,1241,0.0,0.0008333472224535399,0.5519742143432695,0.0
13122,10.935182253037551,0.5519742143432715,560,681,1241,0.0,0.0008333472224535399,0.5519742143432695,0.0
13123,10.936015600260005,0.5519742143432715,560,681,1241,0.0,0.0008333472224535399,0.5519742143432695,0.0
13124,10.936848947482458,0.5519742143432715,560,681,1241,0.0,0.0008333472224535399,0.5519742143432695,0.0
13125,10.937682294704912,0.5519742143432715,560,681,1241,0.0,0.0008333472224535399,0.5519742143432695,0.0
13126,10.938515641927365,0.5527800161160354,560,681,1241,0.0008058017727639033,0.0008333472224535399,0.552054794520546,8.058017727639034e-05
13127,10.939348989149819,0.5527800161160354,560,681,1241,0.0,0.0008333472224535399,0.5521353746978223,8.058017727639034e-05
13128,10.940182336372274,0.5527800161160354,560,681,1241,0.0,0.0008333472224553162,0.5522159548750987,8.058017727639034e-05
13129,10.941015683594728,0.5527800161160354,560,681,1241,0.0,0.0008333472224535399,0.552296535052375,8.058017727639034e-05
13130,10.941849030817181,0.5527800161160354,560,681,1241,0.0,0.0008333472224535399,0.5523771152296513,8.058017727639034e-05
13131,10.942682378039635,0.5527800161160354,560,681,1241,0.0,0.0008333472224535399,0.5524576954069277,8.058017727639034e-05
13132,10.943515725262088,0.5527800161160354,560,681,1241,0.0,0.0008333472224535399,0.552538275584204,8.058017727639034e-05
13133,10.944349072484542,0.5527800161160354,560,681,1241,0.0,0.0008333472224535399,0.5526188557614804,8.058017727639034e-05
13134,10.945182419706995,0.5527800161160354,560,681,1241,0.0,0.0008333472224535399,0.5526994359387567,8.058017727639034e-05
13135,10.946015766929449,0.5527800161160354,560,681,1241,0.0,0.0008333472224535399,0.552780016116033,8.058017727639034e-05
13136,10.946849114151902,0.5527800161160354,560,681,1241,0.0,0.0008333472224535399,0.552780016116033,0.0
13137,10.947682461374356,0.5527800161160354,560,681,1241,0.0,0.0008333472224535399,0.552780016116033,0.0
13138,10.948515808596811,0.5527800161160354,560,681,1241,0.0,0.0008333472224553162,0.552780016116033,0.0
13139,10.949349155819265,0.5527800161160354,560,681,1241,0.0,0.0008333472224535399,0.552780016116033,0.0
13140,10.950182503041718,0.5527800161160354,560,681,1241,0.0,0.0008333472224535399,0.552780016116033,0.0
13141,10.951015850264172,0.5527800161160354,560,681,1241,0.0,0.0008333472224535399,0.552780016116033,0.0
13142,10.951849197486625,0.5527800161160354,560,681,1241,0.0,0.0008333472224535399,0.552780016116033,0.0
13143,10.952682544709079,0.5527800161160354,560,681,1241,0.0,0.0008333472224535399,0.552780016116033,0.0
13144,10.953515891931533,0.5527800161160354,560,681,1241,0.0,0.0008333472224535399,0.552780016116033,0.0
13145,10.954349239153986,0.5527800161160354,560,681,1241,0.0,0.0008333472224535399,0.552780016116033,0.0
13146,10.95518258637644,0.5527800161160354,560,681,1241,0.0,0.0008333472224535399,0.552780016116033,0.0
13147,10.956015933598893,0.5527800161160354,560,681,1241,0.0,0.0008333472224535399,0.552780016116033,0.0
13148,10.956849280821347,0.5527800161160354,560,681,1241,0.0,0.0008333472224535399,0.552780016116033,0.0
13149,10.957682628043802,0.5527800161160354,560,681,1241,0.0,0.0008333472224553162,0.552780016116033,0.0
13150,10.958515975266256,0.5527800161160354,560,681,1241,0.0,0.0008333472224535399,0.552780016116033,0.0
13151,10.959349322488709,0.5527800161160354,560,681,1241,0.0,0.0008333472224535399,0.552780016116033,0.0
13152,10.960182669711163,0.5527800161160354,560,681,1241,0.0,0.0008333472224535399,0.552780016116033,0.0
13153,10.961016016933616,0.5519742143432715,560,681,1241,-0.0008058017727639033,0.0008333472224535399,0.5526994359387567,-8.058017727639034e-05
13154,10.96184936415607,0.5519742143432715,560,681,1241,0.0,0.0008333472224535399,0.5526188557614804,-8.058017727639034e-05
13155,10.962682711378523,0.5519742143432715,560,681,1241,0.0,0.0008333472224535399,0.552538275584204,-8.058017727639034e-05
13156,10.963516058600977,0.5519742143432715,560,681,1241,0.0,0.0008333472224535399,0.5524576954069277,-8.058017727639034e-05
13157,10.96434940582343,0.5519742143432715,560,681,1241,0.0,0.0008333472224535399,0.5523771152296513,-8.058017727639034e-05
13158,10.965182753045884,0.5519742143432715,560,681,1241,0.0,0.0008333472224535399,0.552296535052375,-8.058017727639034e-05
13159,10.966016100268337,0.5519742143432715,560,681,1241,0.0,0.0008333472224535399,0.5522159548750987,-8.058017727639034e-05
13160,10.966849447490793,0.5519742143432715,560,681,1241,0.0,0.0008333472224553162,0.5521353746978223,-8.058017727639034e-05
13161,10.967682794713246,0.5519742143432715,560,681,1241,0.0,0.0008333472224535399,0.552054794520546,-8.058017727639034e-05
13162,10.9685161419357,0.5519742143432715,560,681,1241,0.0,0.0008333472224535399,0.5519742143432695,-8.058017727639034e-05
13163,10.969349489158153,0.5519742143432715,560,681,1241,0.0,0.0008333472224535399,0.5519742143432695,0.0
13164,10.970182836380607,0.5527800161160354,560,681,1241,0.0008058017727639033,0.0008333472224535399,0.552054794520546,8.058017727639034e-05
13165,10.97101618360306,0.5527800161160354,560,681,1241,0.0,0.0008333472224535399,0.5521353746978223,8.058017727639034e-05
13166,10.971849530825514,0.5527800161160354,560,681,1241,0.0,0.0008333472224535399,0.5522159548750987,8.058017727639034e-05
13167,10.972682878047967,0.5527800161160354,560,681,1241,0.0,0.0008333472224535399,0.552296535052375,8.058017727639034e-05
13168,10.973516225270421,0.5527800161160354,560,681,1241,0.0,0.0008333472224535399,0.5523771152296513,8.058017727639034e-05
13169,10.974349572492875,0.5527800161160354,560,681,1241,0.0,0.0008333472224535399,0.5524576954069277,8.058017727639034e-05
13170,10.97518291971533,0.5527800161160354,560,681,1241,0.0,0.0008333472224553162,0.552538275584204,8.058017727639034e-05
13171,10.976016266937783,0.5527800161160354,560,681,1241,0.0,0.0008333472224535399,0.5526188557614804,8.058017727639034e-05
13172,10.976849614160237,0.5519742143432715,560,681,1241,-0.0008058017727639033,0.0008333472224535399,0.5526188557614804,0.0
13173,10.97768296138269,0.5519742143432715,560,681,1241,0.0,0.0008333472224535399,0.5526188557614804,0.0
13174,10.978516308605144,0.5519742143432715,560,681,1241,0.0,0.0008333472224535399,0.552538275584204,-8.058017727639034e-05
13175,10.979349655827598,0.5519742143432715,560,681,1241,0.0,0.0008333472224535399,0.5524576954069277,-8.058017727639034e-05
13176,10.980183003050051,0.5519742143432715,560,681,1241,0.0,0.0008333472224535399,0.5523771152296513,-8.058017727639034e-05
13177,10.981016350272505,0.5519742143432715,560,681,1241,0.0,0.0008333472224535399,0.552296535052375,-8.058017727639034e-05
13178,10.981849697494958,0.5519742143432715,560,681,1241,0.0,0.0008333472224535399,0.5522159548750987,-8.058017727639034e-05
13179,10.982683044717412,0.5519742143432715,560,681,1241,0.0,0.0008333472224535399,0.5521353746978223,-8.058017727639034e-05
13180,10.983516391939865,0.5519742143432715,560,681,1241,0.0,0.0008333472224535399,0.552054794520546,-8.058017727639034e-05
13181,10.98434973916232,0.5519742143432715,560,681,1241,0.0,0.0008333472224553162,0.5519742143432695,-8.058017727639034e-05
13182,10.985183086384774,0.5519742143432715,560,681,1241,0.0,0.0008333472224535399,0.5519742143432695,0.0
13183,10.986016433607228,0.5519742143432715,560,681,1241,0.0,0.0008333472224535399,0.5519742143432695,0.0
13184,10.986849780829681,0.5519742143432715,560,681,1241,0.0,0.0008333472224535399,0.5519742143432695,0.0
13185,10.987683128052135,0.5519742143432715,560,681,1241,0.0,0.0008333472224535399,0.5519742143432695,0.0
13186,10.988516475274588,0.5519742143432715,560,681,1241,0.0,0.0008333472224535399,0.5519742143432695,0.0
13187,10.989349822497042,0.5519742143432715,560,681,1241,0.0,0.0008333472224535399,0.5519742143432695,0.0
13188,10.990183169719495,0.5519742143432715,560,681,1241,0.0,0.0008333472224535399,0.5519742143432695,0.0
13189,10.991016516941949,0.5519742143432715,560,681,1241,0.0,0.0008333472224535399,0.5519742143432695,0.0
13190,10.991849864164402,0.5519742143432715,560,681,1241,0.0,0.0008333472224535399,0.5519742143432695,0.0
13191,10.992683211386858,0.5519742143432715,560,681,1241,0.0,0.0008333472224553162,0.5519742143432695,0.0
13192,10.993516558609311,0.5519742143432715,560,681,1241,0.0,0.0008333472224535399,0.5519742143432695,0.0
13193,10.994349905831765,0.5519742143432715,560,681,1241,0.0,0.0008333472224535399,0.5519742143432695,0.0
13194,10.995183253054218,0.5519742143432715,560,681,1241,0.0,0.0008333472224535399,0.5519742143432695,0.0
13195,10.996016600276672,0.5519742143432715,560,681,1241,0.0,0.0008333472224535399,0.5519742143432695,0.0
13196,10.996849947499125,0.5519742143432715,560,681,1241,0.0,0.0008333472224535399,0.5519742143432695,0.0
13197,10.997683294721579,0.5519742143432715,560,681,1241,0.0,0.0008333472224535399,0.5519742143432695,0.0
13198,10.998516641944033,0.5519742143432715,560,681,1241,0.0,0.0008333472224535399,0.5519742143432695,0.0
13199,10.999349989166486,0.5511684125705076,560,681,1241,-0.0008058017727639033,0.0008333472224535399,0.5518936341659932,-8.058017727639034e-05
13200,11.00018333638894,0.5511684125705076,560,681,1241,0.0,0.0008333472224535399,0.5518130539887169,-8.058017727639034e-05
13201,11.001016683611393,0.5511684125705076,560,681,1241,0.0,0.0008333472224535399,0.5517324738114405,-8.058017727639034e-05
13202,11.001850030833848,0.5511684125705076,560,681,1241,0.0,0.0008333472224553162,0.5516518936341642,-8.058017727639034e-05
13203,11.002683378056302,0.5511684125705076,560,681,1241,0.0,0.0008333472224535399,0.5515713134568878,-8.058017727639034e-05
13204,11.003516725278756,0.5511684125705076,560,681,1241,0.0,0.0008333472224535399,0.5514907332796115,-8.058017727639034e-05
13205,11.00435007250121,0.5511684125705076,560,681,1241,0.0,0.0008333472224535399,0.5514101531023352,-8.058017727639034e-05
13206,11.005183419723663,0.5511684125705076,560,681,1241,0.0,0.0008333472224535399,0.5513295729250588,-8.058017727639034e-05
13207,11.006016766946116,0.5511684125705076,560,681,1241,0.0,0.0008333472224535399,0.5512489927477825,-8.058017727639034e-05
13208,11.00685011416857,0.5511684125705076,560,681,1241,0.0,0.0008333472224535399,0.5511684125705061,-8.058017727639034e-05
13209,11.007683461391023,0.5511684125705076,560,681,1241,0.0,0.0008333472224535399,0.5511684125705061,0.0
13210,11.008516808613477,0.5511684125705076,560,681,1241,0.0,0.0008333472224535399,0.5511684125705061,0.0
13211,11.00935015583593,0.5511684125705076,560,681,1241,0.0,0.0008333472224535399,0.5511684125705061,0.0
13212,11.010183503058384,0.5511684125705076,560,681,1241,0.0,0.0008333472224535399,0.5511684125705061,0.0
13213,11.01101685028084,0.5511684125705076,560,681,1241,0.0,0.0008333472224553162,0.5511684125705061,0.0
13214,11.011850197503293,0.5511684125705076,560,681,1241,0.0,0.0008333472224535399,0.5511684125705061,0.0
13215,11.012683544725746,0.5511684125705076,560,681,1241,0.0,0.0008333472224535399,0.5511684125705061,0.0
13216,11.0135168919482,0.5511684125705076,560,681,1241,0.0,0.0008333472224535399,0.5511684125705061,0.0
13217,11.014350239170653,0.5511684125705076,560,681,1241,0.0,0.0008333472224535399,0.5511684125705061,0.0
13218,11.015183586393107,0.5511684125705076,560,681,1241,0.0,0.0008333472224535399,0.5511684125705061,0.0
13219,11.01601693361556,0.5511684125705076,560,681,1241,0.0,0.0008333472224535399,0.5511684125705061,0.0
13220,11.016850280838014,0.5511684125705076,560,681,1241,0.0,0.0008333472224535399,0.5511684125705061,0.0
13221,11.017683628060468,0.5511684125705076,560,681,1241,0.0,0.0008333472224535399,0.5511684125705061,0.0
13222,11.018516975282921,0.5511684125705076,560,681,1241,0.0,0.0008333472224535399,0.5511684125705061,0.0
13223,11.019350322505376,0.5511684125705076,560,681,1241,0.0,0.0008333472224553162,0.5511684125705061,0.0
13224,11.02018366972783,0.5511684125705076,560,681,1241,0.0,0.0008333472224535399,0.5511684125705061,0.0
13225,11.021017016950283,0.5511684125705076,560,681,1241,0.0,0.0008333472224535399,0.5511684125705061,0.0
13226,11.021850364172737,0.5519742143432715,560,681,1241,0.0008058017727639033,0.0008333472224535399,0.5512489927477825,8.058017727639034e-05
13227,11.02268371139519,0.5519742143432715,560,681,1241,0.0,0.0008333472224535399,0.5513295729250588,8.058017727639034e-05
13228,11.023517058617644,0.5519742143432715,560,681,1241,0.0,0.0008333472224535399,0.5514101531023352,8.058017727639034e-05
13229,11.024350405840098,0.5519742143432715,560,681,1241,0.0,0.0008333472224535399,0.5514907332796115,8.058017727639034e-05
13230,11.025183753062551,0.5519742143432715,560,681,1241,0.0,0.0008333472224535399,0.5515713134568878,8.058017727639034e-05
13231,11.026017100285005,0.5519742143432715,560,681,1241,0.0,0.0008333472224535399,0.5516518936341642,8.058017727639034e-05
13232,11.026850447507458,0.5519742143432715,560,681,1241,0.0,0.0008333472224535399,0.5517324738114405,8.058017727639034e-05
13233,11.027683794729912,0.5527800161160354,560,681,1241,0.0008058017727639033,0.0008333472224535399,0.5518936341659932,0.00016116035455278067
13234,11.028517141952367,0.5527800161160354,560,681,1241,0.0,0.0008333472224553162,0.552054794520546,0.00016116035455278067
13235,11.02935048917482,0.5519742143432715,560,681,1241,-0.0008058017727639033,0.0008333472224535399,0.5521353746978223,8.058017727639034e-05
13236,11.030183836397274,0.5519742143432715,560,681,1241,0.0,0.0008333472224535399,0.5521353746978223,0.0
13237,11.031017183619728,0.5519742143432715,560,681,1241,0.0,0.0008333472224535399,0.5521353746978223,0.0
13238,11.031850530842181,0.5519742143432715,560,681,1241,0.0,0.0008333472224535399,0.5521353746978223,0.0
13239,11.032683878064635,0.5519742143432715,560,681,1241,0.0,0.0008333472224535399,0.5521353746978223,0.0
13240,11.033517225287088,0.5519742143432715,560,681,1241,0.0,0.0008333472224535399,0.5521353746978223,0.0
13241,11.034350572509542,0.5519742143432715,560,681,1241,0.0,0.0008333472224535399,0.5521353746978223,0.0
13242,11.035183919731995,0.5519742143432715,560,681,1241,0.0,0.0008333472224535399,0.5521353746978223,0.0
13243,11.036017266954449,0.5519742143432715,560,681,1241,0.0,0.0008333472224535399,0.552054794520546,-8.058017727639034e-05
13244,11.036850614176904,0.5519742143432715,560,681,1241,0.0,0.0008333472224553162,0.5519742143432695,-8.058017727639034e-05
13245,11.037683961399358,0.5519742143432715,560,681,1241,0.0,0.0008333472224535399,0.5519742143432695,0.0
13246,11.038517308621811,0.5519742143432715,560,681,1241,0.0,0.0008333472224535399,0.5519742143432695,0.0
13247,11.039350655844265,0.5519742143432715,560,681,1241,0.0,0.0008333472224535399,0.5519742143432695,0.0
13248,11.040184003066718,0.5519742143432715,560,681,1241,0.0,0.0008333472224535399,0.5519742143432695,0.0
13249,11.041017350289172,0.5519742143432715,560,681,1241,0.0,0.0008333472224535399,0.5519742143432695,0.0
13250,11.041850697511626,0.5519742143432715,560,681,1241,0.0,0.0008333472224535399,0.5519742143432695,0.0
13251,11.042684044734079,0.5519742143432715,560,681,1241,0.0,0.0008333472224535399,0.5519742143432695,0.0
13252,11.043517391956533,0.5519742143432715,560,681,1241,0.0,0.0008333472224535399,0.5519742143432695,0.0
13253,11.044350739178986,0.5511684125705076,560,681,1241,-0.0008058017727639033,0.0008333472224535399,0.5518936341659932,-8.058017727639034e-05
13254,11.04518408640144,0.5511684125705076,560,681,1241,0.0,0.0008333472224535399,0.5518130539887169,-8.058017727639034e-05
13255,11.046017433623895,0.5511684125705076,560,681,1241,0.0,0.0008333472224553162,0.5517324738114405,-8.058017727639034e-05
13256,11.046850780846349,0.5511684125705076,560,681,1241,0.0,0.0008333472224535399,0.5516518936341642,-8.058017727639034e-05
13257,11.047684128068802,0.5511684125705076,560,681,1241,0.0,0.0008333472224535399,0.5515713134568878,-8.058017727639034e-05
13258,11.048517475291256,0.5511684125705076,560,681,1241,0.0,0.0008333472224535399,0.5514907332796115,-8.058017727639034e-05
13259,11.04935082251371,0.5511684125705076,560,681,1241,0.0,0.0008333472224535399,0.5514101531023352,-8.058017727639034e-05
13260,11.050184169736163,0.5511684125705076,560,681,1241,0.0,0.0008333472224535399,0.5513295729250588,-8.058017727639034e-05
13261,11.051017516958616,0.5511684125705076,560,681,1241,0.0,0.0008333472224535399,0.5512489927477825,-8.058017727639034e-05
13262,11.05185086418107,0.5511684125705076,560,681,1241,0.0,0.0008333472224535399,0.5511684125705061,-8.058017727639034e-05
13263,11.052684211403523,0.5511684125705076,560,681,1241,0.0,0.0008333472224535399,0.5511684125705061,0.0
13264,11.053517558625977,0.5511684125705076,560,681,1241,0.0,0.0008333472224535399,0.5511684125705061,0.0
13265,11.05435090584843,0.5511684125705076,560,681,1241,0.0,0.0008333472224535399,0.5511684125705061,0.0
13266,11.055184253070886,0.5511684125705076,560,681,1241,0.0,0.0008333472224553162,0.5511684125705061,0.0
13267,11.05601760029334,0.5519742143432715,560,681,1241,0.0008058017727639033,0.0008333472224535399,0.5512489927477825,8.058017727639034e-05
13268,11.056850947515793,0.5519742143432715,560,681,1241,0.0,0.0008333472224535399,0.5513295729250588,8.058017727639034e-05
13269,11.057684294738246,0.5519742143432715,560,681,1241,0.0,0.0008333472224535399,0.5514101531023352,8.058017727639034e-05
13270,11.0585176419607,0.5519742143432715,560,681,1241,0.0,0.0008333472224535399,0.5514907332796115,8.058017727639034e-05
13271,11.059350989183153,0.5519742143432715,560,681,1241,0.0,0.0008333472224535399,0.5515713134568878,8.058017727639034e-05
13272,11.060184336405607,0.5519742143432715,560,681,1241,0.0,0.0008333472224535399,0.5516518936341642,8.058017727639034e-05
13273,11.06101768362806,0.5527800161160354,560,681,1241,0.0008058017727639033,0.0008333472224535399,0.5518130539887169,0.00016116035455278067
13274,11.061851030850514,0.5527800161160354,560,681,1241,0.0,0.0008333472224535399,0.5519742143432695,0.00016116035455278067
13275,11.062684378072968,0.5527800161160354,560,681,1241,0.0,0.0008333472224535399,0.5521353746978223,0.00016116035455278067
13276,11.063517725295423,0.5527800161160354,560,681,1241,0.0,0.0008333472224553162,0.552296535052375,0.00016116035455278067
13277,11.064351072517876,0.5527800161160354,560,681,1241,0.0,0.0008333472224535399,0.5523771152296513,8.058017727639034e-05
13278,11.06518441974033,0.5527800161160354,560,681,1241,0.0,0.0008333472224535399,0.5524576954069277,8.058017727639034e-05
13279,11.066017766962783,0.5527800161160354,560,681,1241,0.0,0.0008333472224535399,0.552538275584204,8.058017727639034e-05
13280,11.066851114185237,0.5527800161160354,560,681,1241,0.0,0.0008333472224535399,0.5526188557614804,8.058017727639034e-05
13281,11.06768446140769,0.5535858178887993,560,681,1241,0.0008058017727639033,0.0008333472224535399,0.5527800161160331,0.00016116035455278067
13282,11.068517808630144,0.5535858178887993,560,681,1241,0.0,0.0008333472224535399,0.5529411764705859,0.00016116035455278067
13283,11.069351155852598,0.5535858178887993,560,681,1241,0.0,0.0008333472224535399,0.5530217566478622,8.058017727639034e-05
13284,11.070184503075051,0.5543916196615633,560,681,1241,0.0008058017727639033,0.0008333472224535399,0.5531829170024152,0.00016116035455278067
13285,11.071017850297505,0.5535858178887993,560,681,1241,-0.0008058017727639033,0.0008333472224535399,0.5532634971796915,8.058017727639034e-05
13286,11.071851197519958,0.5535858178887993,560,681,1241,0.0,0.0008333472224535399,0.5533440773569678,8.058017727639034e-05
13287,11.072684544742414,0.5535858178887993,560,681,1241,0.0,0.0008333472224553162,0.5534246575342442,8.058017727639034e-05
13288,11.073517891964867,0.5535858178887993,560,681,1241,0.0,0.0008333472224535399,0.5535052377115205,8.058017727639034e-05
13289,11.07435123918732,0.5535858178887993,560,681,1241,0.0,0.0008333472224535399,0.5535858178887969,8.058017727639034e-05
13290,11.075184586409774,0.5535858178887993,560,681,1241,0.0,0.0008333472224535399,0.5536663980660732,8.058017727639034e-05
13291,11.076017933632228,0.5535858178887993,560,681,1241,0.0,0.0008333472224535399,0.5536663980660732,0.0
13292,11.076851280854681,0.5535858178887993,560,681,1241,0.0,0.0008333472224535399,0.5536663980660732,0.0
13293,11.077684628077135,0.5535858178887993,560,681,1241,0.0,0.0008333472224535399,0.5536663980660732,0.0
13294,11.078517975299588,0.5535858178887993,560,681,1241,0.0,0.0008333472224535399,0.5535858178887969,-8.058017727639034e-05
13295,11.079351322522042,0.5535858178887993,560,681,1241,0.0,0.0008333472224535399,0.5535858178887969,0.0
13296,11.080184669744495,0.5535858178887993,560,681,1241,0.0,0.0008333472224535399,0.5535858178887969,0.0
13297,11.08101801696695,0.5535858178887993,560,681,1241,0.0,0.0008333472224553162,0.5535858178887969,0.0
13298,11.081851364189404,0.5535858178887993,560,681,1241,0.0,0.0008333472224535399,0.5535858178887969,0.0
13299,11.082684711411858,0.5535858178887993,560,681,1241,0.0,0.0008333472224535399,0.5535858178887969,0.0
13300,11.083518058634311,0.5535858178887993,560,681,1241,0.0,0.0008333472224535399,0.5535858178887969,0.0
13301,11.084351405856765,0.5535858178887993,560,681,1241,0.0,0.0008333472224535399,0.5535858178887969,0.0
13302,11.085184753079218,0.5535858178887993,560,681,1241,0.0,0.0008333472224535399,0.5535858178887969,0.0
13303,11.086018100301672,0.5535858178887993,560,681,1241,0.0,0.0008333472224535399,0.5535858178887969,0.0
13304,11.086851447524126,0.5535858178887993,560,681,1241,0.0,0.0008333472224535399,0.5535858178887969,0.0
13305,11.087684794746579,0.5535858178887993,560,681,1241,0.0,0.0008333472224535399,0.5535858178887969,0.0
13306,11.088518141969033,0.5535858178887993,560,681,1241,0.0,0.0008333472224535399,0.5535858178887969,0.0
13307,11.089351489191486,0.5535858178887993,560,681,1241,0.0,0.0008333472224535399,0.5535858178887969,0.0
13308,11.090184836413941,0.5535858178887993,560,681,1241,0.0,0.0008333472224553162,0.5535858178887969,0.0
13309,11.091018183636395,0.5535858178887993,560,681,1241,0.0,0.0008333472224535399,0.5535858178887969,0.0
13310,11.091851530858849,0.5535858178887993,560,681,1241,0.0,0.0008333472224535399,0.5535858178887969,0.0
13311,11.092684878081302,0.5527800161160354,560,681,1241,-0.0008058017727639033,0.0008333472224535399,0.5535052377115204,-8.058017727639034e-05
13312,11.093518225303756,0.5527800161160354,560,681,1241,0.0,0.0008333472224535399,0.5534246575342441,-8.058017727639034e-05
13313,11.09435157252621,0.5527800161160354,560,681,1241,0.0,0.0008333472224535399,0.5533440773569678,-8.058017727639034e-05
13314,11.095184919748663,0.5527800161160354,560,681,1241,0.0,0.0008333472224535399,0.5532634971796914,-8.058017727639034e-05
13315,11.096018266971116,0.5527800161160354,560,681,1241,0.0,0.0008333472224535399,0.5531829170024151,-8.058017727639034e-05
13316,11.09685161419357,0.5527800161160354,560,681,1241,0.0,0.0008333472224535399,0.5531023368251387,-8.058017727639034e-05
13317,11.097684961416023,0.5527800161160354,560,681,1241,0.0,0.0008333472224535399,0.5530217566478624,-8.058017727639034e-05
13318,11.098518308638479,0.5527800161160354,560,681,1241,0.0,0.0008333472224553162,0.552941176470586,-8.058017727639034e-05
13319,11.099351655860932,0.5519742143432715,560,681,1241,-0.0008058017727639033,0.0008333472224535399,0.5527800161160332,-0.00016116035455278067
13320,11.100185003083386,0.5519742143432715,560,681,1241,0.0,0.0008333472224535399,0.5526188557614804,-0.00016116035455278067
13321,11.10101835030584,0.5519742143432715,560,681,1241,0.0,0.0008333472224535399,0.552538275584204,-8.058017727639034e-05
13322,11.101851697528293,0.5519742143432715,560,681,1241,0.0,0.0008333472224535399,0.5524576954069277,-8.058017727639034e-05
13323,11.102685044750746,0.5519742143432715,560,681,1241,0.0,0.0008333472224535399,0.5523771152296513,-8.058017727639034e-05
13324,11.1035183919732,0.5519742143432715,560,681,1241,0.0,0.0008333472224535399,0.552296535052375,-8.058017727639034e-05
13325,11.104351739195653,0.5519742143432715,560,681,1241,0.0,0.0008333472224535399,0.5522159548750987,-8.058017727639034e-05
13326,11.105185086418107,0.5519742143432715,560,681,1241,0.0,0.0008333472224535399,0.5521353746978223,-8.058017727639034e-05
13327,11.10601843364056,0.5519742143432715,560,681,1241,0.0,0.0008333472224535399,0.552054794520546,-8.058017727639034e-05
13328,11.106851780863014,0.5519742143432715,560,681,1241,0.0,0.0008333472224535399,0.5519742143432695,-8.058017727639034e-05
13329,11.10768512808547,0.5519742143432715,560,681,1241,0.0,0.0008333472224553162,0.5519742143432695,0.0
13330,11.108518475307923,0.5519742143432715,560,681,1241,0.0,0.0008333472224535399,0.5519742143432695,0.0
13331,11.109351822530376,0.5519742143432715,560,681,1241,0.0,0.0008333472224535399,0.5519742143432695,0.0
13332,11.11018516975283,0.5519742143432715,560,681,1241,0.0,0.0008333472224535399,0.5519742143432695,0.0
13333,11.111018516975284,0.5519742143432715,560,681,1241,0.0,0.0008333472224535399,0.5519742143432695,0.0
13334,11.111851864197737,0.5519742143432715,560,681,1241,0.0,0.0008333472224535399,0.5519742143432695,0.0
13335,11.11268521142019,0.5519742143432715,560,681,1241,0.0,0.0008333472224535399,0.5519742143432695,0.0
13336,11.113518558642644,0.5511684125705076,560,681,1241,-0.0008058017727639033,0.0008333472224535399,0.5518936341659932,-8.058017727639034e-05
13337,11.114351905865098,0.5511684125705076,560,681,1241,0.0,0.0008333472224535399,0.5518130539887169,-8.058017727639034e-05
13338,11.115185253087551,0.5511684125705076,560,681,1241,0.0,0.0008333472224535399,0.5517324738114405,-8.058017727639034e-05
13339,11.116018600310005,0.5511684125705076,560,681,1241,0.0,0.0008333472224535399,0.5516518936341642,-8.058017727639034e-05
13340,11.11685194753246,0.5511684125705076,560,681,1241,0.0,0.0008333472224553162,0.5515713134568878,-8.058017727639034e-05
13341,11.117685294754914,0.5511684125705076,560,681,1241,0.0,0.0008333472224535399,0.5514907332796115,-8.058017727639034e-05
13342,11.118518641977367,0.5519742143432715,560,681,1241,0.0008058017727639033,0.0008333472224535399,0.5514907332796115,0.0
13343,11.11935198919982,0.5519742143432715,560,681,1241,0.0,0.0008333472224535399,0.5514907332796115,0.0
13344,11.120185336422274,0.5519742143432715,560,681,1241,0.0,0.0008333472224535399,0.5514907332796115,0.0
13345,11.121018683644728,0.5519742143432715,560,681,1241,0.0,0.0008333472224535399,0.5514907332796115,0.0
13346,11.121852030867181,0.5519742143432715,560,681,1241,0.0,0.0008333472224535399,0.5515713134568878,8.058017727639034e-05
13347,11.122685378089635,0.5519742143432715,560,681,1241,0.0,0.0008333472224535399,0.5516518936341642,8.058017727639034e-05
13348,11.123518725312088,0.5519742143432715,560,681,1241,0.0,0.0008333472224535399,0.5517324738114405,8.058017727639034e-05
13349,11.124352072534542,0.5519742143432715,560,681,1241,0.0,0.0008333472224535399,0.5518130539887169,8.058017727639034e-05
13350,11.125185419756997,0.5519742143432715,560,681,1241,0.0,0.0008333472224553162,0.5518936341659932,8.058017727639034e-05
13351,11.12601876697945,0.5519742143432715,560,681,1241,0.0,0.0008333472224535399,0.5519742143432695,8.058017727639034e-05
13352,11.126852114201904,0.5519742143432715,560,681,1241,0.0,0.0008333472224535399,0.5519742143432695,0.0
13353,11.127685461424358,0.5519742143432715,560,681,1241,0.0,0.0008333472224535399,0.5519742143432695,0.0
13354,11.128518808646811,0.5519742143432715,560,681,1241,0.0,0.0008333472224535399,0.5519742143432695,0.0
13355,11.129352155869265,0.5519742143432715,560,681,1241,0.0,0.0008333472224535399,0.5519742143432695,0.0
13356,11.130185503091719,0.5519742143432715,560,681,1241,0.0,0.0008333472224535399,0.5519742143432695,0.0
13357,11.131018850314172,0.5519742143432715,560,681,1241,0.0,0.0008333472224535399,0.5519742143432695,0.0
13358,11.131852197536626,0.5519742143432715,560,681,1241,0.0,0.0008333472224535399,0.5519742143432695,0.0
13359,11.13268554475908,0.5519742143432715,560,681,1241,0.0,0.0008333472224535399,0.5519742143432695,0.0
13360,11.133518891981533,0.5519742143432715,560,681,1241,0.0,0.0008333472224535399,0.5519742143432695,0.0
13361,11.134352239203988,0.5519742143432715,560,681,1241,0.0,0.0008333472224553162,0.5519742143432695,0.0
13362,11.135185586426442,0.5519742143432715,560,681,1241,0.0,0.0008333472224535399,0.5519742143432695,0.0
13363,11.136018933648895,0.5519742143432715,560,681,1241,0.0,0.0008333472224535399,0.5519742143432695,0.0
13364,11.136852280871349,0.5519742143432715,560,681,1241,0.0,0.0008333472224535399,0.5519742143432695,0.0
13365,11.137685628093802,0.5519742143432715,560,681,1241,0.0,0.0008333472224535399,0.5519742143432695,0.0
13366,11.138518975316256,0.5519742143432715,560,681,1241,0.0,0.0008333472224535399,0.5519742143432695,0.0
13367,11.13935232253871,0.5519742143432715,560,681,1241,0.0,0.0008333472224535399,0.5519742143432695,0.0
13368,11.140185669761163,0.5519742143432715,560,681,1241,0.0,0.0008333472224535399,0.5519742143432695,0.0
13369,11.141019016983616,0.5519742143432715,560,681,1241,0.0,0.0008333472224535399,0.5519742143432695,0.0
13370,11.14185236420607,0.5519742143432715,560,681,1241,0.0,0.0008333472224535399,0.5519742143432695,0.0
13371,11.142685711428525,0.5519742143432715,560,681,1241,0.0,0.0008333472224553162,0.5519742143432695,0.0
13372,11.143519058650979,0.5519742143432715,560,681,1241,0.0,0.0008333472224535399,0.5519742143432695,0.0
13373,11.144352405873432,0.5519742143432715,560,681,1241,0.0,0.0008333472224535399,0.5519742143432695,0.0
13374,11.145185753095886,0.5519742143432715,560,681,1241,0.0,0.0008333472224535399,0.5519742143432695,0.0
13375,11.14601910031834,0.5511684125705076,560,681,1241,-0.0008058017727639033,0.0008333472224535399,0.5518936341659932,-8.058017727639034e-05
13376,11.146852447540793,0.5519742143432715,560,681,1241,0.0008058017727639033,0.0008333472224535399,0.5518936341659932,0.0
13377,11.147685794763246,0.5519742143432715,560,681,1241,0.0,0.0008333472224535399,0.5518936341659932,0.0
13378,11.1485191419857,0.5519742143432715,560,681,1241,0.0,0.0008333472224535399,0.5518936341659932,0.0
13379,11.149352489208153,0.5519742143432715,560,681,1241,0.0,0.0008333472224535399,0.5518936341659932,0.0
13380,11.150185836430607,0.5519742143432715,560,681,1241,0.0,0.0008333472224535399,0.5518936341659932,0.0
13381,11.15101918365306,0.5519742143432715,560,681,1241,0.0,0.0008333472224535399,0.5518936341659932,0.0
13382,11.151852530875516,0.5519742143432715,560,681,1241,0.0,0.0008333472224553162,0.5518936341659932,0.0
13383,11.15268587809797,0.5519742143432715,560,681,1241,0.0,0.0008333472224535399,0.5518936341659932,0.0
13384,11.153519225320423,0.5519742143432715,560,681,1241,0.0,0.0008333472224535399,0.5518936341659932,0.0
13385,11.154352572542876,0.5519742143432715,560,681,1241,0.0,0.0008333472224535399,0.5519742143432695,8.058017727639034e-05
13386,11.15518591976533,0.5519742143432715,560,681,1241,0.0,0.0008333472224535399,0.5519742143432695,0.0
13387,11.156019266987784,0.5519742143432715,560,681,1241,0.0,0.0008333472224535399,0.5519742143432695,0.0
13388,11.156852614210237,0.5519742143432715,560,681,1241,0.0,0.0008333472224535399,0.5519742143432695,0.0
13389,11.15768596143269,0.5519742143432715,560,681,1241,0.0,0.0008333472224535399,0.5519742143432695,0.0
13390,11.158519308655144,0.5519742143432715,560,681,1241,0.0,0.0008333472224535399,0.5519742143432695,0.0
13391,11.159352655877598,0.5519742143432715,560,681,1241,0.0,0.0008333472224535399,0.5519742143432695,0.0
13392,11.160186003100051,0.5519742143432715,560,681,1241,0.0,0.0008333472224535399,0.5519742143432695,0.0
13393,11.161019350322507,0.5519742143432715,560,681,1241,0.0,0.0008333472224553162,0.5519742143432695,0.0
13394,11.16185269754496,0.5519742143432715,560,681,1241,0.0,0.0008333472224535399,0.5519742143432695,0.0
13395,11.162686044767414,0.5519742143432715,560,681,1241,0.0,0.0008333472224535399,0.5519742143432695,0.0
13396,11.163519391989867,0.5519742143432715,560,681,1241,0.0,0.0008333472224535399,0.5519742143432695,0.0
13397,11.16435273921232,0.5519742143432715,560,681,1241,0.0,0.0008333472224535399,0.5519742143432695,0.0
13398,11.165186086434774,0.5519742143432715,560,681,1241,0.0,0.0008333472224535399,0.5519742143432695,0.0
13399,11.166019433657228,0.5519742143432715,560,681,1241,0.0,0.0008333472224535399,0.5519742143432695,0.0
13400,11.166852780879681,0.5519742143432715,560,681,1241,0.0,0.0008333472224535399,0.5519742143432695,0.0
13401,11.167686128102135,0.5519742143432715,560,681,1241,0.0,0.0008333472224535399,0.5519742143432695,0.0
13402,11.168519475324588,0.5519742143432715,560,681,1241,0.0,0.0008333472224535399,0.5519742143432695,0.0
13403,11.169352822547044,0.5519742143432715,560,681,1241,0.0,0.0008333472224553162,0.5519742143432695,0.0
13404,11.170186169769497,0.5519742143432715,560,681,1241,0.0,0.0008333472224535399,0.5519742143432695,0.0
13405,11.17101951699195,0.5519742143432715,560,681,1241,0.0,0.0008333472224535399,0.5519742143432695,0.0
13406,11.171852864214404,0.5519742143432715,560,681,1241,0.0,0.0008333472224535399,0.5519742143432695,0.0
13407,11.172686211436858,0.5519742143432715,560,681,1241,0.0,0.0008333472224535399,0.5519742143432695,0.0
13408,11.173519558659311,0.5519742143432715,560,681,1241,0.0,0.0008333472224535399,0.5519742143432695,0.0
13409,11.174352905881765,0.5511684125705076,560,681,1241,-0.0008058017727639033,0.0008333472224535399,0.5518936341659932,-8.058017727639034e-05
13410,11.175186253104219,0.5511684125705076,560,681,1241,0.0,0.0008333472224535399,0.5518130539887169,-8.058017727639034e-05
13411,11.176019600326672,0.5511684125705076,560,681,1241,0.0,0.0008333472224535399,0.5517324738114405,-8.058017727639034e-05
13412,11.176852947549126,0.5511684125705076,560,681,1241,0.0,0.0008333472224535399,0.5516518936341642,-8.058017727639034e-05
13413,11.17768629477158,0.5511684125705076,560,681,1241,0.0,0.0008333472224535399,0.5515713134568878,-8.058017727639034e-05
13414,11.178519641994034,0.5511684125705076,560,681,1241,0.0,0.0008333472224553162,0.5514907332796115,-8.058017727639034e-05
13415,11.179352989216488,0.5511684125705076,560,681,1241,0.0,0.0008333472224535399,0.5514101531023352,-8.058017727639034e-05
13416,11.180186336438942,0.5511684125705076,560,681,1241,0.0,0.0008333472224535399,0.5513295729250588,-8.058017727639034e-05
13417,11.181019683661395,0.5511684125705076,560,681,1241,0.0,0.0008333472224535399,0.5512489927477825,-8.058017727639034e-05
13418,11.181853030883849,0.5511684125705076,560,681,1241,0.0,0.0008333472224535399,0.5511684125705061,-8.058017727639034e-05
13419,11.182686378106302,0.5511684125705076,560,681,1241,0.0,0.0008333472224535399,0.5511684125705061,0.0
13420,11.183519725328756,0.5511684125705076,560,681,1241,0.0,0.0008333472224535399,0.5511684125705061,0.0
13421,11.18435307255121,0.5511684125705076,560,681,1241,0.0,0.0008333472224535399,0.5511684125705061,0.0
13422,11.185186419773663,0.5511684125705076,560,681,1241,0.0,0.0008333472224535399,0.5511684125705061,0.0
13423,11.186019766996116,0.5511684125705076,560,681,1241,0.0,0.0008333472224535399,0.5511684125705061,0.0
13424,11.186853114218572,0.5511684125705076,560,681,1241,0.0,0.0008333472224553162,0.5511684125705061,0.0
13425,11.187686461441025,0.5511684125705076,560,681,1241,0.0,0.0008333472224535399,0.5511684125705061,0.0
13426,11.188519808663479,0.5511684125705076,560,681,1241,0.0,0.0008333472224535399,0.5511684125705061,0.0
13427,11.189353155885932,0.5511684125705076,560,681,1241,0.0,0.0008333472224535399,0.5511684125705061,0.0
13428,11.190186503108386,0.5511684125705076,560,681,1241,0.0,0.0008333472224535399,0.5511684125705061,0.0
13429,11.19101985033084,0.5511684125705076,560,681,1241,0.0,0.0008333472224535399,0.5511684125705061,0.0
13430,11.191853197553293,0.5511684125705076,560,681,1241,0.0,0.0008333472224535399,0.5511684125705061,0.0
13431,11.192686544775746,0.5511684125705076,560,681,1241,0.0,0.0008333472224535399,0.5511684125705061,0.0
13432,11.1935198919982,0.5511684125705076,560,681,1241,0.0,0.0008333472224535399,0.5511684125705061,0.0
13433,11.194353239220654,0.5511684125705076,560,681,1241,0.0,0.0008333472224535399,0.5511684125705061,0.0
13434,11.195186586443107,0.5511684125705076,560,681,1241,0.0,0.0008333472224535399,0.5511684125705061,0.0
13435,11.196019933665562,0.5511684125705076,560,681,1241,0.0,0.0008333472224553162,0.5511684125705061,0.0
13436,11.196853280888016,0.5511684125705076,560,681,1241,0.0,0.0008333472224535399,0.5511684125705061,0.0
13437,11.19768662811047,0.5511684125705076,560,681,1241,0.0,0.0008333472224535399,0.5511684125705061,0.0
13438,11.198519975332923,0.5511684125705076,560,681,1241,0.0,0.0008333472224535399,0.5511684125705061,0.0
13439,11.199353322555377,0.5511684125705076,560,681,1241,0.0,0.0008333472224535399,0.5511684125705061,0.0
13440,11.20018666977783,0.5511684125705076,560,681,1241,0.0,0.0008333472224535399,0.5511684125705061,0.0
13441,11.201020017000284,0.5511684125705076,560,681,1241,0.0,0.0008333472224535399,0.5511684125705061,0.0
13442,11.201853364222737,0.5511684125705076,560,681,1241,0.0,0.0008333472224535399,0.5511684125705061,0.0
13443,11.20268671144519,0.5519742143432715,560,681,1241,0.0008058017727639033,0.0008333472224535399,0.5512489927477825,8.058017727639034e-05
13444,11.203520058667644,0.5511684125705076,560,681,1241,-0.0008058017727639033,0.0008333472224535399,0.5512489927477825,0.0
13445,11.204353405890098,0.5511684125705076,560,681,1241,0.0,0.0008333472224535399,0.5512489927477825,0.0
13446,11.205186753112553,0.5511684125705076,560,681,1241,0.0,0.0008333472224553162,0.5512489927477825,0.0
13447,11.206020100335007,0.5511684125705076,560,681,1241,0.0,0.0008333472224535399,0.5512489927477825,0.0
13448,11.20685344755746,0.5511684125705076,560,681,1241,0.0,0.0008333472224535399,0.5512489927477825,0.0
13449,11.207686794779914,0.5511684125705076,560,681,1241,0.0,0.0008333472224535399,0.5512489927477825,0.0
13450,11.208520142002367,0.5511684125705076,560,681,1241,0.0,0.0008333472224535399,0.5512489927477825,0.0
13451,11.20935348922482,0.5511684125705076,560,681,1241,0.0,0.0008333472224535399,0.5512489927477825,0.0
13452,11.210186836447274,0.5511684125705076,560,681,1241,0.0,0.0008333472224535399,0.5512489927477825,0.0
13453,11.211020183669728,0.5511684125705076,560,681,1241,0.0,0.0008333472224535399,0.5511684125705061,-8.058017727639034e-05
13454,11.211853530892181,0.5511684125705076,560,681,1241,0.0,0.0008333472224535399,0.5511684125705061,0.0
13455,11.212686878114635,0.5511684125705076,560,681,1241,0.0,0.0008333472224535399,0.5511684125705061,0.0
13456,11.21352022533709,0.5511684125705076,560,681,1241,0.0,0.0008333472224553162,0.5511684125705061,0.0
13457,11.214353572559544,0.5511684125705076,560,681,1241,0.0,0.0008333472224535399,0.5511684125705061,0.0
13458,11.215186919781997,0.5511684125705076,560,681,1241,0.0,0.0008333472224535399,0.5511684125705061,0.0
13459,11.21602026700445,0.5511684125705076,560,681,1241,0.0,0.0008333472224535399,0.5511684125705061,0.0
13460,11.216853614226904,0.5511684125705076,560,681,1241,0.0,0.0008333472224535399,0.5511684125705061,0.0
13461,11.217686961449358,0.5511684125705076,560,681,1241,0.0,0.0008333472224535399,0.5511684125705061,0.0
13462,11.218520308671811,0.5511684125705076,560,681,1241,0.0,0.0008333472224535399,0.5511684125705061,0.0
13463,11.219353655894265,0.5511684125705076,560,681,1241,0.0,0.0008333472224535399,0.5511684125705061,0.0
13464,11.220187003116719,0.5511684125705076,560,681,1241,0.0,0.0008333472224535399,0.5511684125705061,0.0
13465,11.221020350339172,0.5511684125705076,560,681,1241,0.0,0.0008333472224535399,0.5511684125705061,0.0
13466,11.221853697561626,0.5511684125705076,560,681,1241,0.0,0.0008333472224535399,0.5511684125705061,0.0
13467,11.222687044784081,0.5511684125705076,560,681,1241,0.0,0.0008333472224553162,0.5511684125705061,0.0
13468,11.223520392006535,0.5511684125705076,560,681,1241,0.0,0.0008333472224535399,0.5511684125705061,0.0
13469,11.224353739228988,0.5511684125705076,560,681,1241,0.0,0.0008333472224535399,0.5511684125705061,0.0
13470,11.225187086451442,0.5511684125705076,560,681,1241,0.0,0.0008333472224535399,0.5511684125705061,0.0
13471,11.226020433673895,0.5503626107977437,560,681,1241,-0.0008058017727639033,0.0008333472224535399,0.5510878323932298,-8.058017727639034e-05
13472,11.226853780896349,0.5503626107977437,560,681,1241,0.0,0.0008333472224535399,0.5510072522159535,-8.058017727639034e-05
13473,11.227687128118802,0.5503626107977437,560,681,1241,0.0,0.0008333472224535399,0.5509266720386771,-8.058017727639034e-05
13474,11.228520475341256,0.5503626107977437,560,681,1241,0.0,0.0008333472224535399,0.5508460918614008,-8.058017727639034e-05
13475,11.22935382256371,0.5503626107977437,560,681,1241,0.0,0.0008333472224535399,0.5507655116841244,-8.058017727639034e-05
13476,11.230187169786163,0.5503626107977437,560,681,1241,0.0,0.0008333472224535399,0.550684931506848,-8.058017727639034e-05
13477,11.231020517008618,0.5503626107977437,560,681,1241,0.0,0.0008333472224553162,0.5506043513295718,-8.058017727639034e-05
13478,11.231853864231072,0.5503626107977437,560,681,1241,0.0,0.0008333472224535399,0.5505237711522953,-8.058017727639034e-05
13479,11.232687211453525,0.5503626107977437,560,681,1241,0.0,0.0008333472224535399,0.550443190975019,-8.058017727639034e-05
13480,11.233520558675979,0.5503626107977437,560,681,1241,0.0,0.0008333472224535399,0.5503626107977426,-8.058017727639034e-05
13481,11.234353905898432,0.5503626107977437,560,681,1241,0.0,0.0008333472224535399,0.5503626107977426,0.0
13482,11.235187253120886,0.5503626107977437,560,681,1241,0.0,0.0008333472224535399,0.5503626107977426,0.0
13483,11.23602060034334,0.5503626107977437,560,681,1241,0.0,0.0008333472224535399,0.5503626107977426,0.0
13484,11.236853947565793,0.5503626107977437,560,681,1241,0.0,0.0008333472224535399,0.5503626107977426,0.0
13485,11.237687294788246,0.5503626107977437,560,681,1241,0.0,0.0008333472224535399,0.5503626107977426,0.0
13486,11.2385206420107,0.5503626107977437,560,681,1241,0.0,0.0008333472224535399,0.5503626107977426,0.0
13487,11.239353989233154,0.5503626107977437,560,681,1241,0.0,0.0008333472224535399,0.5503626107977426,0.0
13488,11.240187336455609,0.5503626107977437,560,681,1241,0.0,0.0008333472224553162,0.5503626107977426,0.0
13489,11.241020683678062,0.5503626107977437,560,681,1241,0.0,0.0008333472224535399,0.5503626107977426,0.0
13490,11.241854030900516,0.5503626107977437,560,681,1241,0.0,0.0008333472224535399,0.5503626107977426,0.0
13491,11.24268737812297,0.5503626107977437,560,681,1241,0.0,0.0008333472224535399,0.5503626107977426,0.0
13492,11.243520725345423,0.5503626107977437,560,681,1241,0.0,0.0008333472224535399,0.5503626107977426,0.0
13493,11.244354072567877,0.5503626107977437,560,681,1241,0.0,0.0008333472224535399,0.5503626107977426,0.0
13494,11.24518741979033,0.5503626107977437,560,681,1241,0.0,0.0008333472224535399,0.5503626107977426,0.0
13495,11.246020767012784,0.5503626107977437,560,681,1241,0.0,0.0008333472224535399,0.5503626107977426,0.0
13496,11.246854114235237,0.5503626107977437,560,681,1241,0.0,0.0008333472224535399,0.5503626107977426,0.0
13497,11.24768746145769,0.5503626107977437,560,681,1241,0.0,0.0008333472224535399,0.5503626107977426,0.0
13498,11.248520808680144,0.5503626107977437,560,681,1241,0.0,0.0008333472224535399,0.5503626107977426,0.0
13499,11.2493541559026,0.5503626107977437,560,681,1241,0.0,0.0008333472224553162,0.5503626107977426,0.0
13500,11.250187503125053,0.5503626107977437,560,681,1241,0.0,0.0008333472224535399,0.5503626107977426,0.0
13501,11.251020850347507,0.5503626107977437,560,681,1241,0.0,0.0008333472224535399,0.5503626107977426,0.0
13502,11.25185419756996,0.5511684125705076,560,681,1241,0.0008058017727639033,0.0008333472224535399,0.5504431909750191,8.058017727639034e-05
13503,11.252687544792414,0.5511684125705076,560,681,1241,0.0,0.0008333472224535399,0.5505237711522954,8.058017727639034e-05
13504,11.253520892014867,0.5511684125705076,560,681,1241,0.0,0.0008333472224535399,0.5506043513295718,8.058017727639034e-05
13505,11.25435423923732,0.5511684125705076,560,681,1241,0.0,0.0008333472224535399,0.5506849315068482,8.058017727639034e-05
13506,11.255187586459774,0.5511684125705076,560,681,1241,0.0,0.0008333472224535399,0.5507655116841245,8.058017727639034e-05
13507,11.256020933682228,0.5511684125705076,560,681,1241,0.0,0.0008333472224535399,0.5508460918614009,8.058017727639034e-05
13508,11.256854280904681,0.5511684125705076,560,681,1241,0.0,0.0008333472224535399,0.5509266720386772,8.058017727639034e-05
13509,11.257687628127137,0.5511684125705076,560,681,1241,0.0,0.0008333472224553162,0.5510072522159535,8.058017727639034e-05
13510,11.25852097534959,0.5511684125705076,560,681,1241,0.0,0.0008333472224535399,0.5510878323932299,8.058017727639034e-05
13511,11.259354322572044,0.5511684125705076,560,681,1241,0.0,0.0008333472224535399,0.5511684125705062,8.058017727639034e-05
13512,11.260187669794497,0.5511684125705076,560,681,1241,0.0,0.0008333472224535399,0.5511684125705061,0.0
13513,11.261021017016951,0.5511684125705076,560,681,1241,0.0,0.0008333472224535399,0.5511684125705061,0.0
13514,11.261854364239404,0.5511684125705076,560,681,1241,0.0,0.0008333472224535399,0.5511684125705061,0.0
13515,11.262687711461858,0.5511684125705076,560,681,1241,0.0,0.0008333472224535399,0.5511684125705061,0.0
13516,11.263521058684312,0.5519742143432715,560,681,1241,0.0008058017727639033,0.0008333472224535399,0.5512489927477825,8.058017727639034e-05
13517,11.264354405906765,0.5527800161160354,560,681,1241,0.0008058017727639033,0.0008333472224535399,0.5514101531023352,0.00016116035455278067
13518,11.265187753129219,0.5527800161160354,560,681,1241,0.0,0.0008333472224535399,0.5515713134568878,0.00016116035455278067
13519,11.266021100351672,0.5519742143432715,560,681,1241,-0.0008058017727639033,0.0008333472224535399,0.5516518936341642,8.058017727639034e-05
13520,11.266854447574127,0.5519742143432715,560,681,1241,0.0,0.0008333472224553162,0.5517324738114405,8.058017727639034e-05
13521,11.267687794796581,0.5519742143432715,560,681,1241,0.0,0.0008333472224535399,0.5518130539887169,8.058017727639034e-05
13522,11.268521142019035,0.5519742143432715,560,681,1241,0.0,0.0008333472224535399,0.5518936341659932,8.058017727639034e-05
13523,11.269354489241488,0.5519742143432715,560,681,1241,0.0,0.0008333472224535399,0.5519742143432695,8.058017727639034e-05
13524,11.270187836463942,0.5519742143432715,560,681,1241,0.0,0.0008333472224535399,0.552054794520546,8.058017727639034e-05
13525,11.271021183686395,0.5519742143432715,560,681,1241,0.0,0.0008333472224535399,0.5521353746978223,8.058017727639034e-05
13526,11.271854530908849,0.5519742143432715,560,681,1241,0.0,0.0008333472224535399,0.5521353746978223,0.0
13527,11.272687878131302,0.5519742143432715,560,681,1241,0.0,0.0008333472224535399,0.552054794520546,-8.058017727639034e-05
13528,11.273521225353756,0.5519742143432715,560,681,1241,0.0,0.0008333472224535399,0.5519742143432695,-8.058017727639034e-05
13529,11.27435457257621,0.5519742143432715,560,681,1241,0.0,0.0008333472224535399,0.5519742143432695,0.0
13530,11.275187919798665,0.5519742143432715,560,681,1241,0.0,0.0008333472224553162,0.5519742143432695,0.0
13531,11.276021267021118,0.5519742143432715,560,681,1241,0.0,0.0008333472224535399,0.5519742143432695,0.0
13532,11.276854614243572,0.5511684125705076,560,681,1241,-0.0008058017727639033,0.0008333472224535399,0.5518936341659932,-8.058017727639034e-05
13533,11.277687961466025,0.5511684125705076,560,681,1241,0.0,0.0008333472224535399,0.5518130539887169,-8.058017727639034e-05
13534,11.278521308688479,0.5511684125705076,560,681,1241,0.0,0.0008333472224535399,0.5517324738114405,-8.058017727639034e-05
13535,11.279354655910932,0.5511684125705076,560,681,1241,0.0,0.0008333472224535399,0.5516518936341642,-8.058017727639034e-05
13536,11.280188003133386,0.5511684125705076,560,681,1241,0.0,0.0008333472224535399,0.5515713134568878,-8.058017727639034e-05
13537,11.28102135035584,0.5511684125705076,560,681,1241,0.0,0.0008333472224535399,0.5514907332796115,-8.058017727639034e-05
13538,11.281854697578293,0.5511684125705076,560,681,1241,0.0,0.0008333472224535399,0.5514101531023352,-8.058017727639034e-05
13539,11.282688044800746,0.5511684125705076,560,681,1241,0.0,0.0008333472224535399,0.5513295729250588,-8.058017727639034e-05
13540,11.2835213920232,0.5511684125705076,560,681,1241,0.0,0.0008333472224535399,0.5512489927477825,-8.058017727639034e-05
13541,11.284354739245655,0.5511684125705076,560,681,1241,0.0,0.0008333472224553162,0.5511684125705061,-8.058017727639034e-05
13542,11.285188086468109,0.5511684125705076,560,681,1241,0.0,0.0008333472224535399,0.5511684125705061,0.0
13543,11.286021433690562,0.5511684125705076,560,681,1241,0.0,0.0008333472224535399,0.5511684125705061,0.0
13544,11.286854780913016,0.5511684125705076,560,681,1241,0.0,0.0008333472224535399,0.5511684125705061,0.0
13545,11.28768812813547,0.5511684125705076,560,681,1241,0.0,0.0008333472224535399,0.5511684125705061,0.0
13546,11.288521475357923,0.5511684125705076,560,681,1241,0.0,0.0008333472224535399,0.5511684125705061,0.0
13547,11.289354822580377,0.5511684125705076,560,681,1241,0.0,0.0008333472224535399,0.5511684125705061,0.0
13548,11.29018816980283,0.5511684125705076,560,681,1241,0.0,0.0008333472224535399,0.5511684125705061,0.0
13549,11.291021517025284,0.5511684125705076,560,681,1241,0.0,0.0008333472224535399,0.5511684125705061,0.0
13550,11.291854864247737,0.5511684125705076,560,681,1241,0.0,0.0008333472224535399,0.5511684125705061,0.0
13551,11.292688211470193,0.5511684125705076,560,681,1241,0.0,0.0008333472224553162,0.5511684125705061,0.0
13552,11.293521558692646,0.5511684125705076,560,681,1241,0.0,0.0008333472224535399,0.5511684125705061,0.0
13553,11.2943549059151,0.5511684125705076,560,681,1241,0.0,0.0008333472224535399,0.5511684125705061,0.0
13554,11.295188253137553,0.5511684125705076,560,681,1241,0.0,0.0008333472224535399,0.5511684125705061,0.0
13555,11.296021600360007,0.5511684125705076,560,681,1241,0.0,0.0008333472224535399,0.5511684125705061,0.0
13556,11.29685494758246,0.5511684125705076,560,681,1241,0.0,0.0008333472224535399,0.5511684125705061,0.0
13557,11.297688294804914,0.5511684125705076,560,681,1241,0.0,0.0008333472224535399,0.5511684125705061,0.0
13558,11.298521642027367,0.5511684125705076,560,681,1241,0.0,0.0008333472224535399,0.5511684125705061,0.0
13559,11.29935498924982,0.5511684125705076,560,681,1241,0.0,0.0008333472224535399,0.5511684125705061,0.0
13560,11.300188336472274,0.5511684125705076,560,681,1241,0.0,0.0008333472224535399,0.5511684125705061,0.0
13561,11.301021683694728,0.5511684125705076,560,681,1241,0.0,0.0008333472224535399,0.5511684125705061,0.0
13562,11.301855030917183,0.5511684125705076,560,681,1241,0.0,0.0008333472224553162,0.5511684125705061,0.0
13563,11.302688378139637,0.5511684125705076,560,681,1241,0.0,0.0008333472224535399,0.5511684125705061,0.0
13564,11.30352172536209,0.5511684125705076,560,681,1241,0.0,0.0008333472224535399,0.5511684125705061,0.0
13565,11.304355072584544,0.5511684125705076,560,681,1241,0.0,0.0008333472224535399,0.5511684125705061,0.0
13566,11.305188419806997,0.5511684125705076,560,681,1241,0.0,0.0008333472224535399,0.5511684125705061,0.0
13567,11.306021767029451,0.5511684125705076,560,681,1241,0.0,0.0008333472224535399,0.5511684125705061,0.0
13568,11.306855114251904,0.5511684125705076,560,681,1241,0.0,0.0008333472224535399,0.5511684125705061,0.0
13569,11.307688461474358,0.5511684125705076,560,681,1241,0.0,0.0008333472224535399,0.5511684125705061,0.0
13570,11.308521808696812,0.5511684125705076,560,681,1241,0.0,0.0008333472224535399,0.5511684125705061,0.0
13571,11.309355155919265,0.5511684125705076,560,681,1241,0.0,0.0008333472224535399,0.5511684125705061,0.0
13572,11.310188503141719,0.5511684125705076,560,681,1241,0.0,0.0008333472224535399,0.5511684125705061,0.0
13573,11.311021850364174,0.5511684125705076,560,681,1241,0.0,0.0008333472224553162,0.5511684125705061,0.0
13574,11.311855197586627,0.5511684125705076,560,681,1241,0.0,0.0008333472224535399,0.5511684125705061,0.0
13575,11.312688544809081,0.5511684125705076,560,681,1241,0.0,0.0008333472224535399,0.5511684125705061,0.0
13576,11.313521892031535,0.5511684125705076,560,681,1241,0.0,0.0008333472224535399,0.5511684125705061,0.0
13577,11.314355239253988,0.5511684125705076,560,681,1241,0.0,0.0008333472224535399,0.5511684125705061,0.0
13578,11.315188586476442,0.5511684125705076,560,681,1241,0.0,0.0008333472224535399,0.5511684125705061,0.0
13579,11.316021933698895,0.5511684125705076,560,681,1241,0.0,0.0008333472224535399,0.5511684125705061,0.0
13580,11.316855280921349,0.5511684125705076,560,681,1241,0.0,0.0008333472224535399,0.5511684125705061,0.0
13581,11.317688628143802,0.5511684125705076,560,681,1241,0.0,0.0008333472224535399,0.5511684125705061,0.0
13582,11.318521975366256,0.5511684125705076,560,681,1241,0.0,0.0008333472224535399,0.5511684125705061,0.0
13583,11.319355322588711,0.5511684125705076,560,681,1241,0.0,0.0008333472224553162,0.5511684125705061,0.0
13584,11.320188669811165,0.5511684125705076,560,681,1241,0.0,0.0008333472224535399,0.5511684125705061,0.0
13585,11.321022017033618,0.5511684125705076,560,681,1241,0.0,0.0008333472224535399,0.5511684125705061,0.0
13586,11.321855364256072,0.5511684125705076,560,681,1241,0.0,0.0008333472224535399,0.5511684125705061,0.0
13587,11.322688711478525,0.5511684125705076,560,681,1241,0.0,0.0008333472224535399,0.5511684125705061,0.0
13588,11.323522058700979,0.5511684125705076,560,681,1241,0.0,0.0008333472224535399,0.5511684125705061,0.0
13589,11.324355405923432,0.5511684125705076,560,681,1241,0.0,0.0008333472224535399,0.5511684125705061,0.0
13590,11.325188753145886,0.5511684125705076,560,681,1241,0.0,0.0008333472224535399,0.5511684125705061,0.0
13591,11.32602210036834,0.5511684125705076,560,681,1241,0.0,0.0008333472224535399,0.5511684125705061,0.0
13592,11.326855447590793,0.5511684125705076,560,681,1241,0.0,0.0008333472224535399,0.5511684125705061,0.0
13593,11.327688794813247,0.5511684125705076,560,681,1241,0.0,0.0008333472224535399,0.5511684125705061,0.0
13594,11.328522142035702,0.5511684125705076,560,681,1241,0.0,0.0008333472224553162,0.5511684125705061,0.0
13595,11.329355489258155,0.5511684125705076,560,681,1241,0.0,0.0008333472224535399,0.5511684125705061,0.0
13596,11.330188836480609,0.5511684125705076,560,681,1241,0.0,0.0008333472224535399,0.5511684125705061,0.0
13597,11.331022183703062,0.5511684125705076,560,681,1241,0.0,0.0008333472224535399,0.5511684125705061,0.0
13598,11.331855530925516,0.5511684125705076,560,681,1241,0.0,0.0008333472224535399,0.5511684125705061,0.0
13599,11.33268887814797,0.5511684125705076,560,681,1241,0.0,0.0008333472224535399,0.5511684125705061,0.0
13600,11.333522225370423,0.5511684125705076,560,681,1241,0.0,0.0008333472224535399,0.5511684125705061,0.0
13601,11.334355572592877,0.5511684125705076,560,681,1241,0.0,0.0008333472224535399,0.5511684125705061,0.0
13602,11.33518891981533,0.5511684125705076,560,681,1241,0.0,0.0008333472224535399,0.5511684125705061,0.0
13603,11.336022267037784,0.5511684125705076,560,681,1241,0.0,0.0008333472224535399,0.5511684125705061,0.0
13604,11.336855614260239,0.5511684125705076,560,681,1241,0.0,0.0008333472224553162,0.5511684125705061,0.0
13605,11.337688961482693,0.5511684125705076,560,681,1241,0.0,0.0008333472224535399,0.5511684125705061,0.0
13606,11.338522308705146,0.5511684125705076,560,681,1241,0.0,0.0008333472224535399,0.5511684125705061,0.0
13607,11.3393556559276,0.5511684125705076,560,681,1241,0.0,0.0008333472224535399,0.5511684125705061,0.0
13608,11.340189003150053,0.5511684125705076,560,681,1241,0.0,0.0008333472224535399,0.5511684125705061,0.0
13609,11.341022350372507,0.5511684125705076,560,681,1241,0.0,0.0008333472224535399,0.5511684125705061,0.0
13610,11.34185569759496,0.5511684125705076,560,681,1241,0.0,0.0008333472224535399,0.5511684125705061,0.0
13611,11.342689044817414,0.5511684125705076,560,681,1241,0.0,0.0008333472224535399,0.5511684125705061,0.0
13612,11.343522392039867,0.5511684125705076,560,681,1241,0.0,0.0008333472224535399,0.5511684125705061,0.0
13613,11.34435573926232,0.5511684125705076,560,681,1241,0.0,0.0008333472224535399,0.5511684125705061,0.0
13614,11.345189086484774,0.5511684125705076,560,681,1241,0.0,0.0008333472224535399,0.5511684125705061,0.0
13615,11.34602243370723,0.5511684125705076,560,681,1241,0.0,0.0008333472224553162,0.5511684125705061,0.0
13616,11.346855780929683,0.5511684125705076,560,681,1241,0.0,0.0008333472224535399,0.5511684125705061,0.0
13617,11.347689128152137,0.5511684125705076,560,681,1241,0.0,0.0008333472224535399,0.5511684125705061,0.0
13618,11.34852247537459,0.5511684125705076,560,681,1241,0.0,0.0008333472224535399,0.5511684125705061,0.0
13619,11.349355822597044,0.5511684125705076,560,681,1241,0.0,0.0008333472224535399,0.5511684125705061,0.0
13620,11.350189169819497,0.5511684125705076,560,681,1241,0.0,0.0008333472224535399,0.5511684125705061,0.0
13621,11.351022517041951,0.5511684125705076,560,681,1241,0.0,0.0008333472224535399,0.5511684125705061,0.0
13622,11.351855864264405,0.5511684125705076,560,681,1241,0.0,0.0008333472224535399,0.5511684125705061,0.0
13623,11.352689211486858,0.5511684125705076,560,681,1241,0.0,0.0008333472224535399,0.5511684125705061,0.0
13624,11.353522558709312,0.5511684125705076,560,681,1241,0.0,0.0008333472224535399,0.5511684125705061,0.0
13625,11.354355905931765,0.5511684125705076,560,681,1241,0.0,0.0008333472224535399,0.5511684125705061,0.0
13626,11.35518925315422,0.5511684125705076,560,681,1241,0.0,0.0008333472224553162,0.5511684125705061,0.0
13627,11.356022600376674,0.5511684125705076,560,681,1241,0.0,0.0008333472224535399,0.5511684125705061,0.0
13628,11.356855947599128,0.5511684125705076,560,681,1241,0.0,0.0008333472224535399,0.5511684125705061,0.0
13629,11.357689294821581,0.5511684125705076,560,681,1241,0.0,0.0008333472224535399,0.5511684125705061,0.0
13630,11.358522642044035,0.5511684125705076,560,681,1241,0.0,0.0008333472224535399,0.5511684125705061,0.0
13631,11.359355989266488,0.5511684125705076,560,681,1241,0.0,0.0008333472224535399,0.5511684125705061,0.0
13632,11.360189336488942,0.5511684125705076,560,681,1241,0.0,0.0008333472224535399,0.5511684125705061,0.0
13633,11.361022683711395,0.5511684125705076,560,681,1241,0.0,0.0008333472224535399,0.5511684125705061,0.0
13634,11.361856030933849,0.5511684125705076,560,681,1241,0.0,0.0008333472224535399,0.5511684125705061,0.0
13635,11.362689378156302,0.5511684125705076,560,681,1241,0.0,0.0008333472224535399,0.5511684125705061,0.0
13636,11.363522725378758,0.5511684125705076,560,681,1241,0.0,0.0008333472224553162,0.5511684125705061,0.0
13637,11.364356072601211,0.5511684125705076,560,681,1241,0.0,0.0008333472224535399,0.5511684125705061,0.0
13638,11.365189419823665,0.5511684125705076,560,681,1241,0.0,0.0008333472224535399,0.5511684125705061,0.0
13639,11.366022767046118,0.5511684125705076,560,681,1241,0.0,0.0008333472224535399,0.5511684125705061,0.0
13640,11.366856114268572,0.5511684125705076,560,681,1241,0.0,0.0008333472224535399,0.5511684125705061,0.0
13641,11.367689461491025,0.5511684125705076,560,681,1241,0.0,0.0008333472224535399,0.5511684125705061,0.0
13642,11.368522808713479,0.5511684125705076,560,681,1241,0.0,0.0008333472224535399,0.5511684125705061,0.0
13643,11.369356155935932,0.5511684125705076,560,681,1241,0.0,0.0008333472224535399,0.5511684125705061,0.0
13644,11.370189503158386,0.5511684125705076,560,681,1241,0.0,0.0008333472224535399,0.5511684125705061,0.0
13645,11.37102285038084,0.5511684125705076,560,681,1241,0.0,0.0008333472224535399,0.5511684125705061,0.0
13646,11.371856197603293,0.5511684125705076,560,681,1241,0.0,0.0008333472224535399,0.5511684125705061,0.0
13647,11.372689544825748,0.5511684125705076,560,681,1241,0.0,0.0008333472224553162,0.5511684125705061,0.0
13648,11.373522892048202,0.5511684125705076,560,681,1241,0.0,0.0008333472224535399,0.5511684125705061,0.0
13649,11.374356239270655,0.5511684125705076,560,681,1241,0.0,0.0008333472224535399,0.5511684125705061,0.0
13650,11.375189586493109,0.5511684125705076,560,681,1241,0.0,0.0008333472224535399,0.5511684125705061,0.0
13651,11.376022933715563,0.5511684125705076,560,681,1241,0.0,0.0008333472224535399,0.5511684125705061,0.0
13652,11.376856280938016,0.5511684125705076,560,681,1241,0.0,0.0008333472224535399,0.5511684125705061,0.0
13653,11.37768962816047,0.5511684125705076,560,681,1241,0.0,0.0008333472224535399,0.5511684125705061,0.0
13654,11.378522975382923,0.5511684125705076,560,681,1241,0.0,0.0008333472224535399,0.5511684125705061,0.0
13655,11.379356322605377,0.5511684125705076,560,681,1241,0.0,0.0008333472224535399,0.5511684125705061,0.0
13656,11.38018966982783,0.5511684125705076,560,681,1241,0.0,0.0008333472224535399,0.5511684125705061,0.0
13657,11.381023017050286,0.5511684125705076,560,681,1241,0.0,0.0008333472224553162,0.5511684125705061,0.0
13658,11.381856364272739,0.5511684125705076,560,681,1241,0.0,0.0008333472224535399,0.5511684125705061,0.0
13659,11.382689711495193,0.5511684125705076,560,681,1241,0.0,0.0008333472224535399,0.5511684125705061,0.0
13660,11.383523058717646,0.5511684125705076,560,681,1241,0.0,0.0008333472224535399,0.5511684125705061,0.0
13661,11.3843564059401,0.5511684125705076,560,681,1241,0.0,0.0008333472224535399,0.5511684125705061,0.0
13662,11.385189753162553,0.5511684125705076,560,681,1241,0.0,0.0008333472224535399,0.5511684125705061,0.0
13663,11.386023100385007,0.5511684125705076,560,681,1241,0.0,0.0008333472224535399,0.5511684125705061,0.0
13664,11.38685644760746,0.5511684125705076,560,681,1241,0.0,0.0008333472224535399,0.5511684125705061,0.0
13665,11.387689794829914,0.5511684125705076,560,681,1241,0.0,0.0008333472224535399,0.5511684125705061,0.0
13666,11.388523142052367,0.5511684125705076,560,681,1241,0.0,0.0008333472224535399,0.5511684125705061,0.0
13667,11.389356489274821,0.5511684125705076,560,681,1241,0.0,0.0008333472224535399,0.5511684125705061,0.0
13668,11.390189836497276,0.5511684125705076,560,681,1241,0.0,0.0008333472224553162,0.5511684125705061,0.0
13669,11.39102318371973,0.5511684125705076,560,681,1241,0.0,0.0008333472224535399,0.5511684125705061,0.0
13670,11.391856530942183,0.5511684125705076,560,681,1241,0.0,0.0008333472224535399,0.5511684125705061,0.0
13671,11.392689878164637,0.5511684125705076,560,681,1241,0.0,0.0008333472224535399,0.5511684125705061,0.0
13672,11.39352322538709,0.5511684125705076,560,681,1241,0.0,0.0008333472224535399,0.5511684125705061,0.0
13673,11.394356572609544,0.5511684125705076,560,681,1241,0.0,0.0008333472224535399,0.5511684125705061,0.0
13674,11.395189919831997,0.5511684125705076,560,681,1241,0.0,0.0008333472224535399,0.5511684125705061,0.0
13675,11.396023267054451,0.5511684125705076,560,681,1241,0.0,0.0008333472224535399,0.5511684125705061,0.0
13676,11.396856614276905,0.5511684125705076,560,681,1241,0.0,0.0008333472224535399,0.5511684125705061,0.0
13677,11.397689961499358,0.5511684125705076,560,681,1241,0.0,0.0008333472224535399,0.5511684125705061,0.0
13678,11.398523308721812,0.5511684125705076,560,681,1241,0.0,0.0008333472224535399,0.5511684125705061,0.0
13679,11.399356655944267,0.5511684125705076,560,681,1241,0.0,0.0008333472224553162,0.5511684125705061,0.0
13680,11.40019000316672,0.5511684125705076,560,681,1241,0.0,0.0008333472224535399,0.5511684125705061,0.0
13681,11.401023350389174,0.5511684125705076,560,681,1241,0.0,0.0008333472224535399,0.5511684125705061,0.0
13682,11.401856697611628,0.5511684125705076,560,681,1241,0.0,0.0008333472224535399,0.5511684125705061,0.0
13683,11.402690044834081,0.5511684125705076,560,681,1241,0.0,0.0008333472224535399,0.5511684125705061,0.0
13684,11.403523392056535,0.5511684125705076,560,681,1241,0.0,0.0008333472224535399,0.5511684125705061,0.0
13685,11.404356739278988,0.5511684125705076,560,681,1241,0.0,0.0008333472224535399,0.5511684125705061,0.0
13686,11.405190086501442,0.5511684125705076,560,681,1241,0.0,0.0008333472224535399,0.5511684125705061,0.0
13687,11.406023433723895,0.5511684125705076,560,681,1241,0.0,0.0008333472224535399,0.5511684125705061,0.0
13688,11.406856780946349,0.5511684125705076,560,681,1241,0.0,0.0008333472224535399,0.5511684125705061,0.0
13689,11.407690128168804,0.5511684125705076,560,681,1241,0.0,0.0008333472224553162,0.5511684125705061,0.0
13690,11.408523475391258,0.5511684125705076,560,681,1241,0.0,0.0008333472224535399,0.5511684125705061,0.0
13691,11.409356822613711,0.5511684125705076,560,681,1241,0.0,0.0008333472224535399,0.5511684125705061,0.0
13692,11.410190169836165,0.5511684125705076,560,681,1241,0.0,0.0008333472224535399,0.5511684125705061,0.0
13693,11.411023517058618,0.5511684125705076,560,681,1241,0.0,0.0008333472224535399,0.5511684125705061,0.0
13694,11.411856864281072,0.5511684125705076,560,681,1241,0.0,0.0008333472224535399,0.5511684125705061,0.0
13695,11.412690211503525,0.5511684125705076,560,681,1241,0.0,0.0008333472224535399,0.5511684125705061,0.0
13696,11.413523558725979,0.5511684125705076,560,681,1241,0.0,0.0008333472224535399,0.5511684125705061,0.0
13697,11.414356905948432,0.5511684125705076,560,681,1241,0.0,0.0008333472224535399,0.5511684125705061,0.0
13698,11.415190253170886,0.5511684125705076,560,681,1241,0.0,0.0008333472224535399,0.5511684125705061,0.0
13699,11.41602360039334,0.5511684125705076,560,681,1241,0.0,0.0008333472224535399,0.5511684125705061,0.0
13700,11.416856947615795,0.5511684125705076,560,681,1241,0.0,0.0008333472224553162,0.5511684125705061,0.0
13701,11.417690294838248,0.5511684125705076,560,681,1241,0.0,0.0008333472224535399,0.5511684125705061,0.0
13702,11.418523642060702,0.5511684125705076,560,681,1241,0.0,0.0008333472224535399,0.5511684125705061,0.0
13703,11.419356989283155,0.5511684125705076,560,681,1241,0.0,0.0008333472224535399,0.5511684125705061,0.0
13704,11.420190336505609,0.5511684125705076,560,681,1241,0.0,0.0008333472224535399,0.5511684125705061,0.0
13705,11.421023683728063,0.5511684125705076,560,681,1241,0.0,0.0008333472224535399,0.5511684125705061,0.0
13706,11.421857030950516,0.5511684125705076,560,681,1241,0.0,0.0008333472224535399,0.5511684125705061,0.0
13707,11.42269037817297,0.5511684125705076,560,681,1241,0.0,0.0008333472224535399,0.5511684125705061,0.0
13708,11.423523725395423,0.5511684125705076,560,681,1241,0.0,0.0008333472224535399,0.5511684125705061,0.0
13709,11.424357072617877,0.5511684125705076,560,681,1241,0.0,0.0008333472224535399,0.5511684125705061,0.0
13710,11.425190419840332,0.5511684125705076,560,681,1241,0.0,0.0008333472224553162,0.5511684125705061,0.0
13711,11.426023767062786,0.5511684125705076,560,681,1241,0.0,0.0008333472224535399,0.5511684125705061,0.0
13712,11.426857114285239,0.5511684125705076,560,681,1241,0.0,0.0008333472224535399,0.5511684125705061,0.0
13713,11.427690461507693,0.5511684125705076,560,681,1241,0.0,0.0008333472224535399,0.5511684125705061,0.0
13714,11.428523808730146,0.5511684125705076,560,681,1241,0.0,0.0008333472224535399,0.5511684125705061,0.0
13715,11.4293571559526,0.5511684125705076,560,681,1241,0.0,0.0008333472224535399,0.5511684125705061,0.0
13716,11.430190503175053,0.5511684125705076,560,681,1241,0.0,0.0008333472224535399,0.5511684125705061,0.0
13717,11.431023850397507,0.5511684125705076,560,681,1241,0.0,0.0008333472224535399,0.5511684125705061,0.0
13718,11.43185719761996,0.5511684125705076,560,681,1241,0.0,0.0008333472224535399,0.5511684125705061,0.0
13719,11.432690544842414,0.5511684125705076,560,681,1241,0.0,0.0008333472224535399,0.5511684125705061,0.0
13720,11.433523892064867,0.5511684125705076,560,681,1241,0.0,0.0008333472224535399,0.5511684125705061,0.0
13721,11.434357239287323,0.5511684125705076,560,681,1241,0.0,0.0008333472224553162,0.5511684125705061,0.0
13722,11.435190586509776,0.5511684125705076,560,681,1241,0.0,0.0008333472224535399,0.5511684125705061,0.0
13723,11.43602393373223,0.5511684125705076,560,681,1241,0.0,0.0008333472224535399,0.5511684125705061,0.0
13724,11.436857280954683,0.5511684125705076,560,681,1241,0.0,0.0008333472224535399,0.5511684125705061,0.0
13725,11.437690628177137,0.5511684125705076,560,681,1241,0.0,0.0008333472224535399,0.5511684125705061,0.0
13726,11.43852397539959,0.5511684125705076,560,681,1241,0.0,0.0008333472224535399,0.5511684125705061,0.0
13727,11.439357322622044,0.5511684125705076,560,681,1241,0.0,0.0008333472224535399,0.5511684125705061,0.0
13728,11.440190669844498,0.5511684125705076,560,681,1241,0.0,0.0008333472224535399,0.5511684125705061,0.0
13729,11.441024017066951,0.5511684125705076,560,681,1241,0.0,0.0008333472224535399,0.5511684125705061,0.0
13730,11.441857364289405,0.5519742143432715,560,681,1241,0.0008058017727639033,0.0008333472224535399,0.5512489927477825,8.058017727639034e-05
13731,11.44269071151186,0.5519742143432715,560,681,1241,0.0,0.0008333472224553162,0.5513295729250588,8.058017727639034e-05
13732,11.443524058734313,0.5519742143432715,560,681,1241,0.0,0.0008333472224535399,0.5514101531023352,8.058017727639034e-05
13733,11.444357405956767,0.5527800161160354,560,681,1241,0.0008058017727639033,0.0008333472224535399,0.5515713134568878,0.00016116035455278067
13734,11.44519075317922,0.5527800161160354,560,681,1241,0.0,0.0008333472224535399,0.5517324738114405,0.00016116035455278067
13735,11.446024100401674,0.5527800161160354,560,681,1241,0.0,0.0008333472224535399,0.5518936341659932,0.00016116035455278067
13736,11.446857447624128,0.5527800161160354,560,681,1241,0.0,0.0008333472224535399,0.552054794520546,0.00016116035455278067
13737,11.447690794846581,0.5527800161160354,560,681,1241,0.0,0.0008333472224535399,0.5522159548750987,0.00016116035455278067
13738,11.448524142069035,0.5519742143432715,560,681,1241,-0.0008058017727639033,0.0008333472224535399,0.552296535052375,8.058017727639034e-05
13739,11.449357489291488,0.5519742143432715,560,681,1241,0.0,0.0008333472224535399,0.5523771152296513,8.058017727639034e-05
13740,11.450190836513942,0.5519742143432715,560,681,1241,0.0,0.0008333472224535399,0.5523771152296513,0.0
13741,11.451024183736395,0.5519742143432715,560,681,1241,0.0,0.0008333472224535399,0.5523771152296513,0.0
13742,11.45185753095885,0.5519742143432715,560,681,1241,0.0,0.0008333472224553162,0.5523771152296513,0.0
13743,11.452690878181304,0.5519742143432715,560,681,1241,0.0,0.0008333472224535399,0.552296535052375,-8.058017727639034e-05
13744,11.453524225403758,0.5519742143432715,560,681,1241,0.0,0.0008333472224535399,0.5522159548750987,-8.058017727639034e-05
13745,11.454357572626211,0.5519742143432715,560,681,1241,0.0,0.0008333472224535399,0.5521353746978223,-8.058017727639034e-05
13746,11.455190919848665,0.5519742143432715,560,681,1241,0.0,0.0008333472224535399,0.552054794520546,-8.058017727639034e-05
13747,11.456024267071118,0.5519742143432715,560,681,1241,0.0,0.0008333472224535399,0.5519742143432695,-8.058017727639034e-05
13748,11.456857614293572,0.5519742143432715,560,681,1241,0.0,0.0008333472224535399,0.5519742143432695,0.0
13749,11.457690961516025,0.5527800161160354,560,681,1241,0.0008058017727639033,0.0008333472224535399,0.552054794520546,8.058017727639034e-05
13750,11.458524308738479,0.5527800161160354,560,681,1241,0.0,0.0008333472224535399,0.5521353746978223,8.058017727639034e-05
13751,11.459357655960932,0.5519742143432715,560,681,1241,-0.0008058017727639033,0.0008333472224535399,0.5521353746978223,0.0
13752,11.460191003183386,0.5519742143432715,560,681,1241,0.0,0.0008333472224535399,0.5521353746978223,0.0
13753,11.461024350405841,0.5519742143432715,560,681,1241,0.0,0.0008333472224553162,0.5521353746978223,0.0
13754,11.461857697628295,0.5519742143432715,560,681,1241,0.0,0.0008333472224535399,0.5521353746978223,0.0
13755,11.462691044850748,0.5519742143432715,560,681,1241,0.0,0.0008333472224535399,0.5521353746978223,0.0
13756,11.463524392073202,0.5527800161160354,560,681,1241,0.0008058017727639033,0.0008333472224535399,0.5522159548750987,8.058017727639034e-05
13757,11.464357739295655,0.5527800161160354,560,681,1241,0.0,0.0008333472224535399,0.552296535052375,8.058017727639034e-05
13758,11.465191086518109,0.5527800161160354,560,681,1241,0.0,0.0008333472224535399,0.5523771152296513,8.058017727639034e-05
13759,11.466024433740563,0.5527800161160354,560,681,1241,0.0,0.0008333472224535399,0.5523771152296513,0.0
13760,11.466857780963016,0.5527800161160354,560,681,1241,0.0,0.0008333472224535399,0.5523771152296513,0.0
13761,11.46769112818547,0.5527800161160354,560,681,1241,0.0,0.0008333472224535399,0.5524576954069277,8.058017727639034e-05
13762,11.468524475407923,0.5527800161160354,560,681,1241,0.0,0.0008333472224535399,0.552538275584204,8.058017727639034e-05
13763,11.469357822630379,0.5519742143432715,560,681,1241,-0.0008058017727639033,0.0008333472224553162,0.552538275584204,0.0
13764,11.470191169852832,0.5519742143432715,560,681,1241,0.0,0.0008333472224535399,0.552538275584204,0.0
13765,11.471024517075286,0.5519742143432715,560,681,1241,0.0,0.0008333472224535399,0.552538275584204,0.0
13766,11.47185786429774,0.5519742143432715,560,681,1241,0.0,0.0008333472224535399,0.5524576954069277,-8.058017727639034e-05
13767,11.472691211520193,0.5519742143432715,560,681,1241,0.0,0.0008333472224535399,0.5523771152296513,-8.058017727639034e-05
13768,11.473524558742646,0.5535858178887993,560,681,1241,0.0016116035455278066,0.0008333472224535399,0.5524576954069277,8.058017727639034e-05
13769,11.4743579059651,0.5535858178887993,560,681,1241,0.0,0.0008333472224535399,0.552538275584204,8.058017727639034e-05
13770,11.475191253187553,0.5535858178887993,560,681,1241,0.0,0.0008333472224535399,0.5526188557614804,8.058017727639034e-05
13771,11.476024600410007,0.5535858178887993,560,681,1241,0.0,0.0008333472224535399,0.5526994359387567,8.058017727639034e-05
13772,11.47685794763246,0.5535858178887993,560,681,1241,0.0,0.0008333472224535399,0.552780016116033,8.058017727639034e-05
13773,11.477691294854914,0.5535858178887993,560,681,1241,0.0,0.0008333472224535399,0.5529411764705858,0.00016116035455278067
13774,11.47852464207737,0.5535858178887993,560,681,1241,0.0,0.0008333472224553162,0.5531023368251387,0.00016116035455278067
13775,11.479357989299823,0.5535858178887993,560,681,1241,0.0,0.0008333472224535399,0.5532634971796914,0.00016116035455278067
13776,11.480191336522276,0.5535858178887993,560,681,1241,0.0,0.0008333472224535399,0.5534246575342442,0.00016116035455278067
13777,11.48102468374473,0.5535858178887993,560,681,1241,0.0,0.0008333472224535399,0.5535858178887969,0.00016116035455278067
13778,11.481858030967183,0.5535858178887993,560,681,1241,0.0,0.0008333472224535399,0.5535858178887969,0.0
13779,11.482691378189637,0.5535858178887993,560,681,1241,0.0,0.0008333472224535399,0.5535858178887969,0.0
13780,11.48352472541209,0.5535858178887993,560,681,1241,0.0,0.0008333472224535399,0.5535858178887969,0.0
13781,11.484358072634544,0.5535858178887993,560,681,1241,0.0,0.0008333472224535399,0.5535858178887969,0.0
13782,11.485191419856998,0.5535858178887993,560,681,1241,0.0,0.0008333472224535399,0.5535858178887969,0.0
13783,11.486024767079451,0.5535858178887993,560,681,1241,0.0,0.0008333472224535399,0.5535858178887969,0.0
13784,11.486858114301906,0.5535858178887993,560,681,1241,0.0,0.0008333472224553162,0.5535858178887969,0.0
13785,11.48769146152436,0.5535858178887993,560,681,1241,0.0,0.0008333472224535399,0.5535858178887969,0.0
13786,11.488524808746813,0.5535858178887993,560,681,1241,0.0,0.0008333472224535399,0.5535858178887969,0.0
13787,11.489358155969267,0.5535858178887993,560,681,1241,0.0,0.0008333472224535399,0.5535858178887969,0.0
13788,11.49019150319172,0.5535858178887993,560,681,1241,0.0,0.0008333472224535399,0.5535858178887969,0.0
13789,11.491024850414174,0.5535858178887993,560,681,1241,0.0,0.0008333472224535399,0.5535858178887969,0.0
13790,11.491858197636628,0.5535858178887993,560,681,1241,0.0,0.0008333472224535399,0.5535858178887969,0.0
13791,11.492691544859081,0.5535858178887993,560,681,1241,0.0,0.0008333472224535399,0.5535858178887969,0.0
13792,11.493524892081535,0.5535858178887993,560,681,1241,0.0,0.0008333472224535399,0.5535858178887969,0.0
13793,11.494358239303988,0.5527800161160354,560,681,1241,-0.0008058017727639033,0.0008333472224535399,0.5535052377115206,-8.058017727639034e-05
13794,11.495191586526442,0.5527800161160354,560,681,1241,0.0,0.0008333472224535399,0.5534246575342443,-8.058017727639034e-05
13795,11.496024933748897,0.5527800161160354,560,681,1241,0.0,0.0008333472224553162,0.5533440773569679,-8.058017727639034e-05
13796,11.49685828097135,0.5527800161160354,560,681,1241,0.0,0.0008333472224535399,0.5532634971796916,-8.058017727639034e-05
13797,11.497691628193804,0.5527800161160354,560,681,1241,0.0,0.0008333472224535399,0.5531829170024152,-8.058017727639034e-05
13798,11.498524975416258,0.5527800161160354,560,681,1241,0.0,0.0008333472224535399,0.5531023368251389,-8.058017727639034e-05
13799,11.499358322638711,0.5527800161160354,560,681,1241,0.0,0.0008333472224535399,0.5530217566478626,-8.058017727639034e-05
13800,11.500191669861165,0.5527800161160354,560,681,1241,0.0,0.0008333472224535399,0.5529411764705862,-8.058017727639034e-05
13801,11.501025017083618,0.5527800161160354,560,681,1241,0.0,0.0008333472224535399,0.5528605962933099,-8.058017727639034e-05
13802,11.501858364306072,0.5527800161160354,560,681,1241,0.0,0.0008333472224535399,0.5527800161160334,-8.058017727639034e-05
13803,11.502691711528525,0.5535858178887993,560,681,1241,0.0008058017727639033,0.0008333472224535399,0.55286059629331,8.058017727639034e-05
13804,11.503525058750979,0.5535858178887993,560,681,1241,0.0,0.0008333472224535399,0.5529411764705863,8.058017727639034e-05
13805,11.504358405973433,0.5535858178887993,560,681,1241,0.0,0.0008333472224535399,0.5530217566478626,8.058017727639034e-05
13806,11.505191753195888,0.5535858178887993,560,681,1241,0.0,0.0008333472224553162,0.553102336825139,8.058017727639034e-05
13807,11.506025100418341,0.5535858178887993,560,681,1241,0.0,0.0008333472224535399,0.5531829170024153,8.058017727639034e-05
13808,11.506858447640795,0.5535858178887993,560,681,1241,0.0,0.0008333472224535399,0.5532634971796917,8.058017727639034e-05
13809,11.507691794863248,0.5543916196615633,560,681,1241,0.0008058017727639033,0.0008333472224535399,0.5534246575342445,0.00016116035455278067
13810,11.508525142085702,0.5543916196615633,560,681,1241,0.0,0.0008333472224535399,0.5535858178887973,0.00016116035455278067
13811,11.509358489308156,0.5543916196615633,560,681,1241,0.0,0.0008333472224535399,0.5537469782433503,0.00016116035455278067
13812,11.510191836530609,0.5543916196615633,560,681,1241,0.0,0.0008333472224535399,0.5539081385979031,0.00016116035455278067
13813,11.511025183753063,0.5543916196615633,560,681,1241,0.0,0.0008333472224535399,0.5539887187751795,8.058017727639034e-05
13814,11.511858530975516,0.5543916196615633,560,681,1241,0.0,0.0008333472224535399,0.5540692989524559,8.058017727639034e-05
13815,11.51269187819797,0.5543916196615633,560,681,1241,0.0,0.0008333472224535399,0.5541498791297322,8.058017727639034e-05
13816,11.513525225420425,0.5543916196615633,560,681,1241,0.0,0.0008333472224553162,0.5542304593070086,8.058017727639034e-05
13817,11.514358572642879,0.5543916196615633,560,681,1241,0.0,0.0008333472224535399,0.554311039484285,8.058017727639034e-05
13818,11.515191919865332,0.5543916196615633,560,681,1241,0.0,0.0008333472224535399,0.5543916196615613,8.058017727639034e-05
13819,11.516025267087786,0.5543916196615633,560,681,1241,0.0,0.0008333472224535399,0.5543916196615613,0.0
13820,11.51685861431024,0.5535858178887993,560,681,1241,-0.0008058017727639033,0.0008333472224535399,0.5543110394842848,-8.058017727639034e-05
13821,11.517691961532693,0.5535858178887993,560,681,1241,0.0,0.0008333472224535399,0.5542304593070085,-8.058017727639034e-05
13822,11.518525308755146,0.5527800161160354,560,681,1241,-0.0008058017727639033,0.0008333472224535399,0.5540692989524556,-0.00016116035455278067
13823,11.5193586559776,0.5527800161160354,560,681,1241,0.0,0.0008333472224535399,0.5539081385979028,-0.00016116035455278067
13824,11.520192003200053,0.5527800161160354,560,681,1241,0.0,0.0008333472224535399,0.55374697824335,-0.00016116035455278067
13825,11.521025350422507,0.5527800161160354,560,681,1241,0.0,0.0008333472224535399,0.553585817888797,-0.00016116035455278067
13826,11.52185869764496,0.5527800161160354,560,681,1241,0.0,0.0008333472224535399,0.5534246575342442,-0.00016116035455278067
13827,11.522692044867416,0.5527800161160354,560,681,1241,0.0,0.0008333472224553162,0.5532634971796913,-0.00016116035455278067
13828,11.52352539208987,0.5527800161160354,560,681,1241,0.0,0.0008333472224535399,0.5531023368251384,-0.00016116035455278067
13829,11.524358739312323,0.5527800161160354,560,681,1241,0.0,0.0008333472224535399,0.5529411764705856,-0.00016116035455278067
13830,11.525192086534776,0.5527800161160354,560,681,1241,0.0,0.0008333472224535399,0.5528605962933091,-8.058017727639034e-05
13831,11.52602543375723,0.5527800161160354,560,681,1241,0.0,0.0008333472224535399,0.5527800161160328,-8.058017727639034e-05
13832,11.526858780979683,0.5527800161160354,560,681,1241,0.0,0.0008333472224535399,0.5527800161160329,0.0
13833,11.527692128202137,0.5527800161160354,560,681,1241,0.0,0.0008333472224535399,0.5527800161160329,0.0
13834,11.52852547542459,0.5527800161160354,560,681,1241,0.0,0.0008333472224535399,0.5527800161160329,0.0
13835,11.529358822647044,0.5527800161160354,560,681,1241,0.0,0.0008333472224535399,0.5527800161160329,0.0
13836,11.530192169869498,0.5519742143432715,560,681,1241,-0.0008058017727639033,0.0008333472224535399,0.5526994359387565,-8.058017727639034e-05
13837,11.531025517091953,0.5527800161160354,560,681,1241,0.0008058017727639033,0.0008333472224553162,0.5526994359387565,0.0
13838,11.531858864314406,0.5527800161160354,560,681,1241,0.0,0.0008333472224535399,0.5526994359387565,0.0
13839,11.53269221153686,0.5527800161160354,560,681,1241,0.0,0.0008333472224535399,0.5526994359387565,0.0
13840,11.533525558759314,0.5527800161160354,560,681,1241,0.0,0.0008333472224535399,0.5526994359387565,0.0
13841,11.534358905981767,0.5527800161160354,560,681,1241,0.0,0.0008333472224535399,0.5526994359387565,0.0
13842,11.53519225320422,0.5519742143432715,560,681,1241,-0.0008058017727639033,0.0008333472224535399,0.5526188557614802,-8.058017727639034e-05
13843,11.536025600426674,0.5519742143432715,560,681,1241,0.0,0.0008333472224535399,0.5525382755842039,-8.058017727639034e-05
13844,11.536858947649128,0.5519742143432715,560,681,1241,0.0,0.0008333472224535399,0.5524576954069275,-8.058017727639034e-05
13845,11.537692294871581,0.5519742143432715,560,681,1241,0.0,0.0008333472224535399,0.5523771152296512,-8.058017727639034e-05
13846,11.538525642094035,0.5519742143432715,560,681,1241,0.0,0.0008333472224535399,0.5523771152296512,0.0
13847,11.539358989316488,0.5519742143432715,560,681,1241,0.0,0.0008333472224535399,0.5522965350523747,-8.058017727639034e-05
13848,11.540192336538944,0.5519742143432715,560,681,1241,0.0,0.0008333472224553162,0.5522159548750984,-8.058017727639034e-05
13849,11.541025683761397,0.5519742143432715,560,681,1241,0.0,0.0008333472224535399,0.5521353746978221,-8.058017727639034e-05
13850,11.54185903098385,0.5519742143432715,560,681,1241,0.0,0.0008333472224535399,0.5520547945205457,-8.058017727639034e-05
13851,11.542692378206304,0.5519742143432715,560,681,1241,0.0,0.0008333472224535399,0.5519742143432694,-8.058017727639034e-05
13852,11.543525725428758,0.5519742143432715,560,681,1241,0.0,0.0008333472224535399,0.5519742143432694,0.0
13853,11.544359072651211,0.5519742143432715,560,681,1241,0.0,0.0008333472224535399,0.5519742143432694,0.0
13854,11.545192419873665,0.5519742143432715,560,681,1241,0.0,0.0008333472224535399,0.5519742143432694,0.0
13855,11.546025767096118,0.5527800161160354,560,681,1241,0.0008058017727639033,0.0008333472224535399,0.5520547945205457,8.058017727639034e-05
13856,11.546859114318572,0.5527800161160354,560,681,1241,0.0,0.0008333472224535399,0.5521353746978221,8.058017727639034e-05
13857,11.547692461541025,0.5527800161160354,560,681,1241,0.0,0.0008333472224535399,0.5522159548750984,8.058017727639034e-05
13858,11.548525808763479,0.5527800161160354,560,681,1241,0.0,0.0008333472224535399,0.5522965350523747,8.058017727639034e-05
13859,11.549359155985934,0.5527800161160354,560,681,1241,0.0,0.0008333472224553162,0.5523771152296512,8.058017727639034e-05
13860,11.550192503208388,0.5527800161160354,560,681,1241,0.0,0.0008333472224535399,0.5524576954069275,8.058017727639034e-05
13861,11.551025850430841,0.5527800161160354,560,681,1241,0.0,0.0008333472224535399,0.5525382755842039,8.058017727639034e-05
13862,11.551859197653295,0.5527800161160354,560,681,1241,0.0,0.0008333472224535399,0.5526188557614802,8.058017727639034e-05
13863,11.552692544875748,0.5519742143432715,560,681,1241,-0.0008058017727639033,0.0008333472224535399,0.5526188557614802,0.0
13864,11.553525892098202,0.5511684125705076,560,681,1241,-0.0008058017727639033,0.0008333472224535399,0.5525382755842039,-8.058017727639034e-05
13865,11.554359239320656,0.5511684125705076,560,681,1241,0.0,0.0008333472224535399,0.5523771152296512,-0.00016116035455278067
13866,11.555192586543109,0.5511684125705076,560,681,1241,0.0,0.0008333472224535399,0.5522159548750984,-0.00016116035455278067
13867,11.556025933765563,0.5511684125705076,560,681,1241,0.0,0.0008333472224535399,0.5520547945205457,-0.00016116035455278067
13868,11.556859280988016,0.5511684125705076,560,681,1241,0.0,0.0008333472224535399,0.551893634165993,-0.00016116035455278067
13869,11.557692628210471,0.5511684125705076,560,681,1241,0.0,0.0008333472224553162,0.5517324738114404,-0.00016116035455278067
13870,11.558525975432925,0.5511684125705076,560,681,1241,0.0,0.0008333472224535399,0.5515713134568877,-0.00016116035455278067
13871,11.559359322655379,0.5511684125705076,560,681,1241,0.0,0.0008333472224535399,0.551410153102335,-0.00016116035455278067
13872,11.560192669877832,0.5511684125705076,560,681,1241,0.0,0.0008333472224535399,0.5512489927477823,-0.00016116035455278067
13873,11.561026017100286,0.5511684125705076,560,681,1241,0.0,0.0008333472224535399,0.551168412570506,-8.058017727639034e-05
13874,11.56185936432274,0.5511684125705076,560,681,1241,0.0,0.0008333472224535399,0.551168412570506,0.0
13875,11.562692711545193,0.5511684125705076,560,681,1241,0.0,0.0008333472224535399,0.551168412570506,0.0
13876,11.563526058767646,0.5511684125705076,560,681,1241,0.0,0.0008333472224535399,0.551168412570506,0.0
13877,11.5643594059901,0.5511684125705076,560,681,1241,0.0,0.0008333472224535399,0.551168412570506,0.0
13878,11.565192753212553,0.5511684125705076,560,681,1241,0.0,0.0008333472224535399,0.551168412570506,0.0
13879,11.566026100435007,0.5511684125705076,560,681,1241,0.0,0.0008333472224535399,0.551168412570506,0.0
13880,11.566859447657462,0.5511684125705076,560,681,1241,0.0,0.0008333472224553162,0.551168412570506,0.0
13881,11.567692794879916,0.5511684125705076,560,681,1241,0.0,0.0008333472224535399,0.551168412570506,0.0
13882,11.56852614210237,0.5511684125705076,560,681,1241,0.0,0.0008333472224535399,0.551168412570506,0.0
13883,11.569359489324823,0.5511684125705076,560,681,1241,0.0,0.0008333472224535399,0.551168412570506,0.0
13884,11.570192836547276,0.5511684125705076,560,681,1241,0.0,0.0008333472224535399,0.551168412570506,0.0
13885,11.57102618376973,0.5511684125705076,560,681,1241,0.0,0.0008333472224535399,0.551168412570506,0.0
13886,11.571859530992183,0.5511684125705076,560,681,1241,0.0,0.0008333472224535399,0.551168412570506,0.0
13887,11.572692878214637,0.5511684125705076,560,681,1241,0.0,0.0008333472224535399,0.551168412570506,0.0
13888,11.57352622543709,0.5511684125705076,560,681,1241,0.0,0.0008333472224535399,0.551168412570506,0.0
13889,11.574359572659544,0.5511684125705076,560,681,1241,0.0,0.0008333472224535399,0.551168412570506,0.0
13890,11.575192919882,0.5511684125705076,560,681,1241,0.0,0.0008333472224553162,0.551168412570506,0.0
13891,11.576026267104453,0.5511684125705076,560,681,1241,0.0,0.0008333472224535399,0.551168412570506,0.0
13892,11.576859614326906,0.5511684125705076,560,681,1241,0.0,0.0008333472224535399,0.551168412570506,0.0
13893,11.57769296154936,0.5511684125705076,560,681,1241,0.0,0.0008333472224535399,0.551168412570506,0.0
13894,11.578526308771814,0.5511684125705076,560,681,1241,0.0,0.0008333472224535399,0.551168412570506,0.0
13895,11.579359655994267,0.5519742143432715,560,681,1241,0.0008058017727639033,0.0008333472224535399,0.5512489927477823,8.058017727639034e-05
13896,11.58019300321672,0.5519742143432715,560,681,1241,0.0,0.0008333472224535399,0.5513295729250587,8.058017727639034e-05
13897,11.581026350439174,0.5527800161160354,560,681,1241,0.0008058017727639033,0.0008333472224535399,0.5514907332796113,0.00016116035455278067
13898,11.581859697661628,0.5527800161160354,560,681,1241,0.0,0.0008333472224535399,0.551651893634164,0.00016116035455278067
13899,11.582693044884081,0.5527800161160354,560,681,1241,0.0,0.0008333472224535399,0.5518130539887167,0.00016116035455278067
13900,11.583526392106535,0.5527800161160354,560,681,1241,0.0,0.0008333472224535399,0.5519742143432694,0.00016116035455278067
13901,11.58435973932899,0.5527800161160354,560,681,1241,0.0,0.0008333472224553162,0.5521353746978221,0.00016116035455278067
13902,11.585193086551444,0.5527800161160354,560,681,1241,0.0,0.0008333472224535399,0.5522965350523747,0.00016116035455278067
13903,11.586026433773897,0.5527800161160354,560,681,1241,0.0,0.0008333472224535399,0.5524576954069275,0.00016116035455278067
13904,11.58685978099635,0.5527800161160354,560,681,1241,0.0,0.0008333472224535399,0.5526188557614802,0.00016116035455278067
13905,11.587693128218804,0.5527800161160354,560,681,1241,0.0,0.0008333472224535399,0.5526994359387565,8.058017727639034e-05
13906,11.588526475441258,0.5527800161160354,560,681,1241,0.0,0.0008333472224535399,0.5527800161160329,8.058017727639034e-05
13907,11.589359822663711,0.5527800161160354,560,681,1241,0.0,0.0008333472224535399,0.5527800161160329,0.0
13908,11.590193169886165,0.5519742143432715,560,681,1241,-0.0008058017727639033,0.0008333472224535399,0.5526994359387565,-8.058017727639034e-05
13909,11.591026517108618,0.5511684125705076,560,681,1241,-0.0008058017727639033,0.0008333472224535399,0.5525382755842039,-0.00016116035455278067
13910,11.591859864331072,0.5511684125705076,560,681,1241,0.0,0.0008333472224535399,0.5523771152296512,-0.00016116035455278067
13911,11.592693211553526,0.5511684125705076,560,681,1241,0.0,0.0008333472224535399,0.5522159548750984,-0.00016116035455278067
13912,11.59352655877598,0.5511684125705076,560,681,1241,0.0,0.0008333472224553162,0.5520547945205457,-0.00016116035455278067
13913,11.594359905998434,0.5503626107977437,560,681,1241,-0.0008058017727639033,0.0008333472224535399,0.5518130539887165,-0.00024174053182917098
13914,11.595193253220888,0.5503626107977437,560,681,1241,0.0,0.0008333472224535399,0.5515713134568874,-0.00024174053182917098
13915,11.596026600443341,0.5503626107977437,560,681,1241,0.0,0.0008333472224535399,0.5513295729250581,-0.00024174053182917098
13916,11.596859947665795,0.5503626107977437,560,681,1241,0.0,0.0008333472224535399,0.5510878323932289,-0.00024174053182917098
13917,11.597693294888249,0.5503626107977437,560,681,1241,0.0,0.0008333472224535399,0.5508460918613997,-0.00024174053182917098
13918,11.598526642110702,0.5503626107977437,560,681,1241,0.0,0.0008333472224535399,0.5506849315068469,-0.00016116035455278067
13919,11.599359989333156,0.5503626107977437,560,681,1241,0.0,0.0008333472224535399,0.5506043513295704,-8.058017727639034e-05
13920,11.60019333655561,0.5503626107977437,560,681,1241,0.0,0.0008333472224535399,0.5505237711522941,-8.058017727639034e-05
13921,11.601026683778063,0.5503626107977437,560,681,1241,0.0,0.0008333472224535399,0.5504431909750178,-8.058017727639034e-05
13922,11.601860031000518,0.5503626107977437,560,681,1241,0.0,0.0008333472224553162,0.5503626107977414,-8.058017727639034e-05
13923,11.602693378222972,0.5503626107977437,560,681,1241,0.0,0.0008333472224535399,0.5503626107977414,0.0
13924,11.603526725445425,0.5503626107977437,560,681,1241,0.0,0.0008333472224535399,0.5503626107977414,0.0
13925,11.604360072667879,0.5503626107977437,560,681,1241,0.0,0.0008333472224535399,0.5503626107977414,0.0
13926,11.605193419890332,0.5503626107977437,560,681,1241,0.0,0.0008333472224535399,0.5503626107977414,0.0
13927,11.606026767112786,0.5503626107977437,560,681,1241,0.0,0.0008333472224535399,0.5503626107977414,0.0
13928,11.60686011433524,0.5503626107977437,560,681,1241,0.0,0.0008333472224535399,0.5503626107977414,0.0
13929,11.607693461557693,0.5503626107977437,560,681,1241,0.0,0.0008333472224535399,0.5503626107977414,0.0
13930,11.608526808780146,0.5503626107977437,560,681,1241,0.0,0.0008333472224535399,0.5503626107977414,0.0
13931,11.6093601560026,0.5503626107977437,560,681,1241,0.0,0.0008333472224535399,0.5503626107977414,0.0
13932,11.610193503225053,0.5503626107977437,560,681,1241,0.0,0.0008333472224535399,0.5503626107977414,0.0
13933,11.611026850447509,0.5503626107977437,560,681,1241,0.0,0.0008333472224553162,0.5503626107977414,0.0
13934,11.611860197669962,0.5503626107977437,560,681,1241,0.0,0.0008333472224535399,0.5503626107977414,0.0
13935,11.612693544892416,0.5503626107977437,560,681,1241,0.0,0.0008333472224535399,0.5503626107977414,0.0
13936,11.61352689211487,0.5503626107977437,560,681,1241,0.0,0.0008333472224535399,0.5503626107977414,0.0
13937,11.614360239337323,0.5503626107977437,560,681,1241,0.0,0.0008333472224535399,0.5503626107977414,0.0
13938,11.615193586559776,0.5503626107977437,560,681,1241,0.0,0.0008333472224535399,0.5503626107977414,0.0
13939,11.61602693378223,0.5503626107977437,560,681,1241,0.0,0.0008333472224535399,0.5503626107977414,0.0
13940,11.616860281004683,0.5503626107977437,560,681,1241,0.0,0.0008333472224535399,0.5503626107977414,0.0
13941,11.617693628227137,0.5503626107977437,560,681,1241,0.0,0.0008333472224535399,0.5503626107977414,0.0
13942,11.61852697544959,0.5503626107977437,560,681,1241,0.0,0.0008333472224535399,0.5503626107977414,0.0
13943,11.619360322672046,0.5503626107977437,560,681,1241,0.0,0.0008333472224553162,0.5503626107977414,0.0
13944,11.6201936698945,0.5503626107977437,560,681,1241,0.0,0.0008333472224535399,0.5503626107977414,0.0
13945,11.621027017116953,0.5503626107977437,560,681,1241,0.0,0.0008333472224535399,0.5503626107977414,0.0
13946,11.621860364339407,0.5503626107977437,560,681,1241,0.0,0.0008333472224535399,0.5503626107977414,0.0
13947,11.62269371156186,0.5503626107977437,560,681,1241,0.0,0.0008333472224535399,0.5503626107977414,0.0
13948,11.623527058784314,0.5503626107977437,560,681,1241,0.0,0.0008333472224535399,0.5503626107977414,0.0
13949,11.624360406006767,0.5503626107977437,560,681,1241,0.0,0.0008333472224535399,0.5503626107977414,0.0
13950,11.62519375322922,0.5503626107977437,560,681,1241,0.0,0.0008333472224535399,0.5503626107977414,0.0
13951,11.626027100451674,0.5503626107977437,560,681,1241,0.0,0.0008333472224535399,0.5503626107977414,0.0
13952,11.626860447674128,0.5503626107977437,560,681,1241,0.0,0.0008333472224535399,0.5503626107977414,0.0
13953,11.627693794896581,0.5503626107977437,560,681,1241,0.0,0.0008333472224535399,0.5503626107977414,0.0
13954,11.628527142119037,0.5503626107977437,560,681,1241,0.0,0.0008333472224553162,0.5503626107977414,0.0
13955,11.62936048934149,0.5503626107977437,560,681,1241,0.0,0.0008333472224535399,0.5503626107977414,0.0
13956,11.630193836563944,0.5503626107977437,560,681,1241,0.0,0.0008333472224535399,0.5503626107977414,0.0
13957,11.631027183786397,0.5511684125705076,560,681,1241,0.0008058017727639033,0.0008333472224535399,0.5504431909750178,8.058017727639034e-05
13958,11.63186053100885,0.5511684125705076,560,681,1241,0.0,0.0008333472224535399,0.5505237711522942,8.058017727639034e-05
13959,11.632693878231304,0.5511684125705076,560,681,1241,0.0,0.0008333472224535399,0.5506043513295705,8.058017727639034e-05
13960,11.633527225453758,0.5511684125705076,560,681,1241,0.0,0.0008333472224535399,0.5506849315068469,8.058017727639034e-05
13961,11.634360572676211,0.5511684125705076,560,681,1241,0.0,0.0008333472224535399,0.5507655116841232,8.058017727639034e-05
13962,11.635193919898665,0.5511684125705076,560,681,1241,0.0,0.0008333472224535399,0.5508460918613995,8.058017727639034e-05
13963,11.636027267121118,0.5511684125705076,560,681,1241,0.0,0.0008333472224535399,0.550926672038676,8.058017727639034e-05
13964,11.636860614343574,0.5511684125705076,560,681,1241,0.0,0.0008333472224553162,0.5510072522159523,8.058017727639034e-05
13965,11.637693961566027,0.5511684125705076,560,681,1241,0.0,0.0008333472224535399,0.5510878323932287,8.058017727639034e-05
13966,11.63852730878848,0.5511684125705076,560,681,1241,0.0,0.0008333472224535399,0.551168412570505,8.058017727639034e-05
13967,11.639360656010934,0.5511684125705076,560,681,1241,0.0,0.0008333472224535399,0.5511684125705049,0.0
13968,11.640194003233388,0.5511684125705076,560,681,1241,0.0,0.0008333472224535399,0.5511684125705049,0.0
13969,11.641027350455841,0.5511684125705076,560,681,1241,0.0,0.0008333472224535399,0.5511684125705049,0.0
13970,11.641860697678295,0.5511684125705076,560,681,1241,0.0,0.0008333472224535399,0.5511684125705049,0.0
13971,11.642694044900749,0.5511684125705076,560,681,1241,0.0,0.0008333472224535399,0.5511684125705049,0.0
13972,11.643527392123202,0.5511684125705076,560,681,1241,0.0,0.0008333472224535399,0.5511684125705049,0.0
13973,11.644360739345656,0.5511684125705076,560,681,1241,0.0,0.0008333472224535399,0.5511684125705049,0.0
13974,11.64519408656811,0.5511684125705076,560,681,1241,0.0,0.0008333472224535399,0.5511684125705049,0.0
13975,11.646027433790564,0.5503626107977437,560,681,1241,-0.0008058017727639033,0.0008333472224553162,0.5510878323932286,-8.058017727639034e-05
13976,11.646860781013018,0.5503626107977437,560,681,1241,0.0,0.0008333472224535399,0.5510072522159521,-8.058017727639034e-05
13977,11.647694128235472,0.5503626107977437,560,681,1241,0.0,0.0008333472224535399,0.5509266720386758,-8.058017727639034e-05
13978,11.648527475457925,0.5503626107977437,560,681,1241,0.0,0.0008333472224535399,0.5508460918613995,-8.058017727639034e-05
13979,11.649360822680379,0.5503626107977437,560,681,1241,0.0,0.0008333472224535399,0.5507655116841231,-8.058017727639034e-05
13980,11.650194169902832,0.5503626107977437,560,681,1241,0.0,0.0008333472224535399,0.5506849315068468,-8.058017727639034e-05
13981,11.651027517125286,0.5503626107977437,560,681,1241,0.0,0.0008333472224535399,0.5506043513295704,-8.058017727639034e-05
13982,11.65186086434774,0.5503626107977437,560,681,1241,0.0,0.0008333472224535399,0.5505237711522941,-8.058017727639034e-05
13983,11.652694211570193,0.5503626107977437,560,681,1241,0.0,0.0008333472224535399,0.5504431909750178,-8.058017727639034e-05
13984,11.653527558792646,0.5503626107977437,560,681,1241,0.0,0.0008333472224535399,0.5503626107977414,-8.058017727639034e-05
13985,11.6543609060151,0.5503626107977437,560,681,1241,0.0,0.0008333472224535399,0.5503626107977414,0.0
13986,11.655194253237555,0.5503626107977437,560,681,1241,0.0,0.0008333472224553162,0.5503626107977414,0.0
13987,11.656027600460009,0.5503626107977437,560,681,1241,0.0,0.0008333472224535399,0.5503626107977414,0.0
13988,11.656860947682462,0.5503626107977437,560,681,1241,0.0,0.0008333472224535399,0.5503626107977414,0.0
13989,11.657694294904916,0.5503626107977437,560,681,1241,0.0,0.0008333472224535399,0.5503626107977414,0.0
13990,11.65852764212737,0.5503626107977437,560,681,1241,0.0,0.0008333472224535399,0.5503626107977414,0.0
13991,11.659360989349823,0.5503626107977437,560,681,1241,0.0,0.0008333472224535399,0.5503626107977414,0.0
13992,11.660194336572276,0.5503626107977437,560,681,1241,0.0,0.0008333472224535399,0.5503626107977414,0.0
13993,11.66102768379473,0.5503626107977437,560,681,1241,0.0,0.0008333472224535399,0.5503626107977414,0.0
13994,11.661861031017184,0.5503626107977437,560,681,1241,0.0,0.0008333472224535399,0.5503626107977414,0.0
13995,11.662694378239637,0.5503626107977437,560,681,1241,0.0,0.0008333472224535399,0.5503626107977414,0.0
13996,11.663527725462092,0.5503626107977437,560,681,1241,0.0,0.0008333472224553162,0.5503626107977414,0.0
13997,11.664361072684546,0.5503626107977437,560,681,1241,0.0,0.0008333472224535399,0.5503626107977414,0.0
13998,11.665194419907,0.5503626107977437,560,681,1241,0.0,0.0008333472224535399,0.5503626107977414,0.0
13999,11.666027767129453,0.5503626107977437,560,681,1241,0.0,0.0008333472224535399,0.5503626107977414,0.0
14000,11.666861114351907,0.5503626107977437,560,681,1241,0.0,0.0008333472224535399,0.5503626107977414,0.0
14001,11.66769446157436,0.5503626107977437,560,681,1241,0.0,0.0008333472224535399,0.5503626107977414,0.0
14002,11.668527808796814,0.5503626107977437,560,681,1241,0.0,0.0008333472224535399,0.5503626107977414,0.0
14003,11.669361156019267,0.5503626107977437,560,681,1241,0.0,0.0008333472224535399,0.5503626107977414,0.0
14004,11.67019450324172,0.5503626107977437,560,681,1241,0.0,0.0008333472224535399,0.5503626107977414,0.0
14005,11.671027850464174,0.5503626107977437,560,681,1241,0.0,0.0008333472224535399,0.5503626107977414,0.0
14006,11.671861197686628,0.5503626107977437,560,681,1241,0.0,0.0008333472224535399,0.5503626107977414,0.0
14007,11.672694544909083,0.5503626107977437,560,681,1241,0.0,0.0008333472224553162,0.5503626107977414,0.0
14008,11.673527892131537,0.5503626107977437,560,681,1241,0.0,0.0008333472224535399,0.5503626107977414,0.0
14009,11.67436123935399,0.5503626107977437,560,681,1241,0.0,0.0008333472224535399,0.5503626107977414,0.0
14010,11.675194586576444,0.5503626107977437,560,681,1241,0.0,0.0008333472224535399,0.5503626107977414,0.0
14011,11.676027933798897,0.5503626107977437,560,681,1241,0.0,0.0008333472224535399,0.5503626107977414,0.0
14012,11.67686128102135,0.5503626107977437,560,681,1241,0.0,0.0008333472224535399,0.5503626107977414,0.0
14013,11.677694628243804,0.5503626107977437,560,681,1241,0.0,0.0008333472224535399,0.5503626107977414,0.0
14014,11.678527975466258,0.5503626107977437,560,681,1241,0.0,0.0008333472224535399,0.5503626107977414,0.0
14015,11.679361322688711,0.5503626107977437,560,681,1241,0.0,0.0008333472224535399,0.5503626107977414,0.0
14016,11.680194669911165,0.5503626107977437,560,681,1241,0.0,0.0008333472224535399,0.5503626107977414,0.0
14017,11.68102801713362,0.5503626107977437,560,681,1241,0.0,0.0008333472224553162,0.5503626107977414,0.0
14018,11.681861364356074,0.5503626107977437,560,681,1241,0.0,0.0008333472224535399,0.5503626107977414,0.0
14019,11.682694711578527,0.5503626107977437,560,681,1241,0.0,0.0008333472224535399,0.5503626107977414,0.0
14020,11.68352805880098,0.5503626107977437,560,681,1241,0.0,0.0008333472224535399,0.5503626107977414,0.0
14021,11.684361406023434,0.5503626107977437,560,681,1241,0.0,0.0008333472224535399,0.5503626107977414,0.0
14022,11.685194753245888,0.5503626107977437,560,681,1241,0.0,0.0008333472224535399,0.5503626107977414,0.0
14023,11.686028100468342,0.5503626107977437,560,681,1241,0.0,0.0008333472224535399,0.5503626107977414,0.0
14024,11.686861447690795,0.5503626107977437,560,681,1241,0.0,0.0008333472224535399,0.5503626107977414,0.0
14025,11.687694794913249,0.5503626107977437,560,681,1241,0.0,0.0008333472224535399,0.5503626107977414,0.0
14026,11.688528142135702,0.5503626107977437,560,681,1241,0.0,0.0008333472224535399,0.5503626107977414,0.0
14027,11.689361489358156,0.5503626107977437,560,681,1241,0.0,0.0008333472224535399,0.5503626107977414,0.0
14028,11.690194836580611,0.5503626107977437,560,681,1241,0.0,0.0008333472224553162,0.5503626107977414,0.0
14029,11.691028183803065,0.5503626107977437,560,681,1241,0.0,0.0008333472224535399,0.5503626107977414,0.0
14030,11.691861531025518,0.5503626107977437,560,681,1241,0.0,0.0008333472224535399,0.5503626107977414,0.0
14031,11.692694878247972,0.5503626107977437,560,681,1241,0.0,0.0008333472224535399,0.5503626107977414,0.0
14032,11.693528225470425,0.5503626107977437,560,681,1241,0.0,0.0008333472224535399,0.5503626107977414,0.0
14033,11.694361572692879,0.5503626107977437,560,681,1241,0.0,0.0008333472224535399,0.5503626107977414,0.0
14034,11.695194919915332,0.5503626107977437,560,681,1241,0.0,0.0008333472224535399,0.5503626107977414,0.0
14035,11.696028267137786,0.5503626107977437,560,681,1241,0.0,0.0008333472224535399,0.5503626107977414,0.0
14036,11.69686161436024,0.5503626107977437,560,681,1241,0.0,0.0008333472224535399,0.5503626107977414,0.0
14037,11.697694961582693,0.5503626107977437,560,681,1241,0.0,0.0008333472224535399,0.5503626107977414,0.0
14038,11.698528308805146,0.5503626107977437,560,681,1241,0.0,0.0008333472224535399,0.5503626107977414,0.0
14039,11.699361656027602,0.5503626107977437,560,681,1241,0.0,0.0008333472224553162,0.5503626107977414,0.0
14040,11.700195003250055,0.5503626107977437,560,681,1241,0.0,0.0008333472224535399,0.5503626107977414,0.0
14041,11.701028350472509,0.5503626107977437,560,681,1241,0.0,0.0008333472224535399,0.5503626107977414,0.0
14042,11.701861697694962,0.5503626107977437,560,681,1241,0.0,0.0008333472224535399,0.5503626107977414,0.0
14043,11.702695044917416,0.5503626107977437,560,681,1241,0.0,0.0008333472224535399,0.5503626107977414,0.0
14044,11.70352839213987,0.5503626107977437,560,681,1241,0.0,0.0008333472224535399,0.5503626107977414,0.0
14045,11.704361739362323,0.5503626107977437,560,681,1241,0.0,0.0008333472224535399,0.5503626107977414,0.0
14046,11.705195086584776,0.5503626107977437,560,681,1241,0.0,0.0008333472224535399,0.5503626107977414,0.0
14047,11.70602843380723,0.5503626107977437,560,681,1241,0.0,0.0008333472224535399,0.5503626107977414,0.0
14048,11.706861781029684,0.5511684125705076,560,681,1241,0.0008058017727639033,0.0008333472224535399,0.5504431909750178,8.058017727639034e-05
14049,11.707695128252139,0.5511684125705076,560,681,1241,0.0,0.0008333472224553162,0.5505237711522942,8.058017727639034e-05
14050,11.708528475474592,0.5511684125705076,560,681,1241,0.0,0.0008333472224535399,0.5506043513295705,8.058017727639034e-05
14051,11.709361822697046,0.5511684125705076,560,681,1241,0.0,0.0008333472224535399,0.5506849315068469,8.058017727639034e-05
14052,11.7101951699195,0.5511684125705076,560,681,1241,0.0,0.0008333472224535399,0.5507655116841232,8.058017727639034e-05
14053,11.711028517141953,0.5511684125705076,560,681,1241,0.0,0.0008333472224535399,0.5508460918613995,8.058017727639034e-05
14054,11.711861864364407,0.5511684125705076,560,681,1241,0.0,0.0008333472224535399,0.550926672038676,8.058017727639034e-05
14055,11.71269521158686,0.5511684125705076,560,681,1241,0.0,0.0008333472224535399,0.5510072522159523,8.058017727639034e-05
14056,11.713528558809314,0.5511684125705076,560,681,1241,0.0,0.0008333472224535399,0.5510878323932287,8.058017727639034e-05
14057,11.714361906031767,0.5511684125705076,560,681,1241,0.0,0.0008333472224535399,0.551168412570505,8.058017727639034e-05
14058,11.71519525325422,0.5511684125705076,560,681,1241,0.0,0.0008333472224535399,0.5511684125705049,0.0
14059,11.716028600476674,0.5511684125705076,560,681,1241,0.0,0.0008333472224535399,0.5511684125705049,0.0
14060,11.71686194769913,0.5511684125705076,560,681,1241,0.0,0.0008333472224553162,0.5511684125705049,0.0
14061,11.717695294921583,0.5511684125705076,560,681,1241,0.0,0.0008333472224535399,0.5511684125705049,0.0
14062,11.718528642144037,0.5511684125705076,560,681,1241,0.0,0.0008333472224535399,0.5511684125705049,0.0
14063,11.71936198936649,0.5511684125705076,560,681,1241,0.0,0.0008333472224535399,0.5511684125705049,0.0
14064,11.720195336588944,0.5511684125705076,560,681,1241,0.0,0.0008333472224535399,0.5511684125705049,0.0
14065,11.721028683811397,0.5503626107977437,560,681,1241,-0.0008058017727639033,0.0008333472224535399,0.5510878323932286,-8.058017727639034e-05
14066,11.72186203103385,0.5503626107977437,560,681,1241,0.0,0.0008333472224535399,0.5510072522159521,-8.058017727639034e-05
14067,11.722695378256304,0.5503626107977437,560,681,1241,0.0,0.0008333472224535399,0.5509266720386758,-8.058017727639034e-05
14068,11.723528725478758,0.5503626107977437,560,681,1241,0.0,0.0008333472224535399,0.5508460918613995,-8.058017727639034e-05
14069,11.724362072701211,0.5503626107977437,560,681,1241,0.0,0.0008333472224535399,0.5507655116841231,-8.058017727639034e-05
14070,11.725195419923667,0.5503626107977437,560,681,1241,0.0,0.0008333472224553162,0.5506849315068468,-8.058017727639034e-05
14071,11.72602876714612,0.5503626107977437,560,681,1241,0.0,0.0008333472224535399,0.5506043513295704,-8.058017727639034e-05
14072,11.726862114368574,0.5503626107977437,560,681,1241,0.0,0.0008333472224535399,0.5505237711522941,-8.058017727639034e-05
14073,11.727695461591027,0.5503626107977437,560,681,1241,0.0,0.0008333472224535399,0.5504431909750178,-8.058017727639034e-05
14074,11.728528808813481,0.5503626107977437,560,681,1241,0.0,0.0008333472224535399,0.5503626107977414,-8.058017727639034e-05
14075,11.729362156035934,0.5503626107977437,560,681,1241,0.0,0.0008333472224535399,0.5503626107977414,0.0
14076,11.730195503258388,0.5503626107977437,560,681,1241,0.0,0.0008333472224535399,0.5503626107977414,0.0
14077,11.731028850480842,0.5503626107977437,560,681,1241,0.0,0.0008333472224535399,0.5503626107977414,0.0
14078,11.731862197703295,0.5503626107977437,560,681,1241,0.0,0.0008333472224535399,0.5503626107977414,0.0
14079,11.732695544925749,0.5503626107977437,560,681,1241,0.0,0.0008333472224535399,0.5503626107977414,0.0
14080,11.733528892148202,0.5503626107977437,560,681,1241,0.0,0.0008333472224535399,0.5503626107977414,0.0
14081,11.734362239370657,0.5503626107977437,560,681,1241,0.0,0.0008333472224553162,0.5503626107977414,0.0
14082,11.735195586593111,0.5503626107977437,560,681,1241,0.0,0.0008333472224535399,0.5503626107977414,0.0
14083,11.736028933815565,0.5503626107977437,560,681,1241,0.0,0.0008333472224535399,0.5503626107977414,0.0
14084,11.736862281038018,0.5503626107977437,560,681,1241,0.0,0.0008333472224535399,0.5503626107977414,0.0
14085,11.737695628260472,0.5503626107977437,560,681,1241,0.0,0.0008333472224535399,0.5503626107977414,0.0
14086,11.738528975482925,0.5503626107977437,560,681,1241,0.0,0.0008333472224535399,0.5503626107977414,0.0
14087,11.739362322705379,0.5503626107977437,560,681,1241,0.0,0.0008333472224535399,0.5503626107977414,0.0
14088,11.740195669927832,0.5503626107977437,560,681,1241,0.0,0.0008333472224535399,0.5503626107977414,0.0
14089,11.741029017150286,0.5503626107977437,560,681,1241,0.0,0.0008333472224535399,0.5503626107977414,0.0
14090,11.74186236437274,0.5503626107977437,560,681,1241,0.0,0.0008333472224535399,0.5503626107977414,0.0
14091,11.742695711595193,0.5503626107977437,560,681,1241,0.0,0.0008333472224535399,0.5503626107977414,0.0
14092,11.743529058817648,0.5503626107977437,560,681,1241,0.0,0.0008333472224553162,0.5503626107977414,0.0
14093,11.744362406040102,0.5503626107977437,560,681,1241,0.0,0.0008333472224535399,0.5503626107977414,0.0
14094,11.745195753262555,0.5503626107977437,560,681,1241,0.0,0.0008333472224535399,0.5503626107977414,0.0
14095,11.746029100485009,0.5503626107977437,560,681,1241,0.0,0.0008333472224535399,0.5503626107977414,0.0
14096,11.746862447707462,0.5503626107977437,560,681,1241,0.0,0.0008333472224535399,0.5503626107977414,0.0
14097,11.747695794929916,0.5503626107977437,560,681,1241,0.0,0.0008333472224535399,0.5503626107977414,0.0
14098,11.74852914215237,0.5503626107977437,560,681,1241,0.0,0.0008333472224535399,0.5503626107977414,0.0
14099,11.749362489374823,0.5503626107977437,560,681,1241,0.0,0.0008333472224535399,0.5503626107977414,0.0
14100,11.750195836597277,0.5503626107977437,560,681,1241,0.0,0.0008333472224535399,0.5503626107977414,0.0
14101,11.75102918381973,0.5511684125705076,560,681,1241,0.0008058017727639033,0.0008333472224535399,0.5504431909750178,8.058017727639034e-05
14102,11.751862531042185,0.5511684125705076,560,681,1241,0.0,0.0008333472224553162,0.5505237711522942,8.058017727639034e-05
14103,11.752695878264639,0.5511684125705076,560,681,1241,0.0,0.0008333472224535399,0.5506043513295705,8.058017727639034e-05
14104,11.753529225487092,0.5511684125705076,560,681,1241,0.0,0.0008333472224535399,0.5506849315068469,8.058017727639034e-05
14105,11.754362572709546,0.5511684125705076,560,681,1241,0.0,0.0008333472224535399,0.5507655116841232,8.058017727639034e-05
14106,11.755195919932,0.5511684125705076,560,681,1241,0.0,0.0008333472224535399,0.5508460918613995,8.058017727639034e-05
14107,11.756029267154453,0.5511684125705076,560,681,1241,0.0,0.0008333472224535399,0.550926672038676,8.058017727639034e-05
14108,11.756862614376907,0.5519742143432715,560,681,1241,0.0008058017727639033,0.0008333472224535399,0.5510878323932287,0.00016116035455278067
14109,11.75769596159936,0.5519742143432715,560,681,1241,0.0,0.0008333472224535399,0.5512489927477815,0.00016116035455278067
14110,11.758529308821814,0.5519742143432715,560,681,1241,0.0,0.0008333472224535399,0.5514101531023343,0.00016116035455278067
14111,11.759362656044267,0.5519742143432715,560,681,1241,0.0,0.0008333472224535399,0.5514907332796106,8.058017727639034e-05
14112,11.76019600326672,0.5519742143432715,560,681,1241,0.0,0.0008333472224535399,0.5515713134568869,8.058017727639034e-05
14113,11.761029350489176,0.5511684125705076,560,681,1241,-0.0008058017727639033,0.0008333472224553162,0.5515713134568869,0.0
14114,11.76186269771163,0.5511684125705076,560,681,1241,0.0,0.0008333472224535399,0.5515713134568869,0.0
14115,11.762696044934083,0.5511684125705076,560,681,1241,0.0,0.0008333472224535399,0.5515713134568869,0.0
14116,11.763529392156537,0.5511684125705076,560,681,1241,0.0,0.0008333472224535399,0.5515713134568869,0.0
14117,11.76436273937899,0.5511684125705076,560,681,1241,0.0,0.0008333472224535399,0.5515713134568869,0.0
14118,11.765196086601444,0.5511684125705076,560,681,1241,0.0,0.0008333472224535399,0.5514907332796106,-8.058017727639034e-05
14119,11.766029433823897,0.5511684125705076,560,681,1241,0.0,0.0008333472224535399,0.5514101531023343,-8.058017727639034e-05
14120,11.76686278104635,0.5511684125705076,560,681,1241,0.0,0.0008333472224535399,0.5513295729250579,-8.058017727639034e-05
14121,11.767696128268804,0.5511684125705076,560,681,1241,0.0,0.0008333472224535399,0.5512489927477816,-8.058017727639034e-05
14122,11.768529475491258,0.5511684125705076,560,681,1241,0.0,0.0008333472224535399,0.5511684125705052,-8.058017727639034e-05
14123,11.769362822713713,0.5511684125705076,560,681,1241,0.0,0.0008333472224553162,0.5511684125705052,0.0
14124,11.770196169936167,0.5511684125705076,560,681,1241,0.0,0.0008333472224535399,0.5511684125705052,0.0
14125,11.77102951715862,0.5511684125705076,560,681,1241,0.0,0.0008333472224535399,0.5511684125705052,0.0
14126,11.771862864381074,0.5511684125705076,560,681,1241,0.0,0.0008333472224535399,0.5511684125705052,0.0
14127,11.772696211603527,0.5511684125705076,560,681,1241,0.0,0.0008333472224535399,0.5511684125705052,0.0
14128,11.773529558825981,0.5511684125705076,560,681,1241,0.0,0.0008333472224535399,0.5511684125705052,0.0
14129,11.774362906048434,0.5511684125705076,560,681,1241,0.0,0.0008333472224535399,0.5511684125705052,0.0
14130,11.775196253270888,0.5511684125705076,560,681,1241,0.0,0.0008333472224535399,0.5511684125705052,0.0
14131,11.776029600493342,0.5511684125705076,560,681,1241,0.0,0.0008333472224535399,0.5511684125705052,0.0
14132,11.776862947715795,0.5511684125705076,560,681,1241,0.0,0.0008333472224535399,0.5511684125705052,0.0
14133,11.777696294938249,0.5511684125705076,560,681,1241,0.0,0.0008333472224535399,0.5511684125705052,0.0
14134,11.778529642160704,0.5511684125705076,560,681,1241,0.0,0.0008333472224553162,0.5511684125705052,0.0
14135,11.779362989383158,0.5511684125705076,560,681,1241,0.0,0.0008333472224535399,0.5511684125705052,0.0
14136,11.780196336605611,0.5511684125705076,560,681,1241,0.0,0.0008333472224535399,0.5511684125705052,0.0
14137,11.781029683828065,0.5511684125705076,560,681,1241,0.0,0.0008333472224535399,0.5511684125705052,0.0
14138,11.781863031050518,0.5511684125705076,560,681,1241,0.0,0.0008333472224535399,0.5511684125705052,0.0
14139,11.782696378272972,0.5511684125705076,560,681,1241,0.0,0.0008333472224535399,0.5511684125705052,0.0
14140,11.783529725495425,0.5511684125705076,560,681,1241,0.0,0.0008333472224535399,0.5511684125705052,0.0
14141,11.784363072717879,0.5511684125705076,560,681,1241,0.0,0.0008333472224535399,0.5511684125705052,0.0
14142,11.785196419940332,0.5511684125705076,560,681,1241,0.0,0.0008333472224535399,0.5511684125705052,0.0
14143,11.786029767162786,0.5511684125705076,560,681,1241,0.0,0.0008333472224535399,0.5511684125705052,0.0
14144,11.78686311438524,0.5511684125705076,560,681,1241,0.0,0.0008333472224535399,0.5511684125705052,0.0
14145,11.787696461607695,0.5511684125705076,560,681,1241,0.0,0.0008333472224553162,0.5511684125705052,0.0
14146,11.788529808830148,0.5511684125705076,560,681,1241,0.0,0.0008333472224535399,0.5511684125705052,0.0
14147,11.789363156052602,0.5511684125705076,560,681,1241,0.0,0.0008333472224535399,0.5511684125705052,0.0
14148,11.790196503275055,0.5511684125705076,560,681,1241,0.0,0.0008333472224535399,0.5511684125705052,0.0
14149,11.791029850497509,0.5503626107977437,560,681,1241,-0.0008058017727639033,0.0008333472224535399,0.5510878323932289,-8.058017727639034e-05
14150,11.791863197719962,0.5503626107977437,560,681,1241,0.0,0.0008333472224535399,0.5510072522159526,-8.058017727639034e-05
14151,11.792696544942416,0.5503626107977437,560,681,1241,0.0,0.0008333472224535399,0.5509266720386762,-8.058017727639034e-05
14152,11.79352989216487,0.5503626107977437,560,681,1241,0.0,0.0008333472224535399,0.5508460918613999,-8.058017727639034e-05
14153,11.794363239387323,0.5503626107977437,560,681,1241,0.0,0.0008333472224535399,0.5507655116841235,-8.058017727639034e-05
14154,11.795196586609777,0.5503626107977437,560,681,1241,0.0,0.0008333472224535399,0.5506849315068472,-8.058017727639034e-05
14155,11.796029933832232,0.5503626107977437,560,681,1241,0.0,0.0008333472224553162,0.5506043513295709,-8.058017727639034e-05
14156,11.796863281054685,0.5503626107977437,560,681,1241,0.0,0.0008333472224535399,0.5505237711522944,-8.058017727639034e-05
14157,11.797696628277139,0.5503626107977437,560,681,1241,0.0,0.0008333472224535399,0.5504431909750181,-8.058017727639034e-05
14158,11.798529975499592,0.5503626107977437,560,681,1241,0.0,0.0008333472224535399,0.5503626107977417,-8.058017727639034e-05
14159,11.799363322722046,0.5503626107977437,560,681,1241,0.0,0.0008333472224535399,0.5503626107977417,0.0
14160,11.8001966699445,0.5503626107977437,560,681,1241,0.0,0.0008333472224535399,0.5503626107977417,0.0
14161,11.801030017166953,0.5503626107977437,560,681,1241,0.0,0.0008333472224535399,0.5503626107977417,0.0
14162,11.801863364389407,0.5503626107977437,560,681,1241,0.0,0.0008333472224535399,0.5503626107977417,0.0
14163,11.80269671161186,0.5503626107977437,560,681,1241,0.0,0.0008333472224535399,0.5503626107977417,0.0
14164,11.803530058834314,0.5503626107977437,560,681,1241,0.0,0.0008333472224535399,0.5503626107977417,0.0
14165,11.804363406056767,0.5503626107977437,560,681,1241,0.0,0.0008333472224535399,0.5503626107977417,0.0
14166,11.805196753279223,0.5503626107977437,560,681,1241,0.0,0.0008333472224553162,0.5503626107977417,0.0
14167,11.806030100501676,0.5503626107977437,560,681,1241,0.0,0.0008333472224535399,0.5503626107977417,0.0
14168,11.80686344772413,0.5503626107977437,560,681,1241,0.0,0.0008333472224535399,0.5503626107977417,0.0
14169,11.807696794946583,0.5503626107977437,560,681,1241,0.0,0.0008333472224535399,0.5503626107977417,0.0
14170,11.808530142169037,0.5503626107977437,560,681,1241,0.0,0.0008333472224535399,0.5503626107977417,0.0
14171,11.80936348939149,0.5503626107977437,560,681,1241,0.0,0.0008333472224535399,0.5503626107977417,0.0
14172,11.810196836613944,0.5503626107977437,560,681,1241,0.0,0.0008333472224535399,0.5503626107977417,0.0
14173,11.811030183836397,0.5503626107977437,560,681,1241,0.0,0.0008333472224535399,0.5503626107977417,0.0
14174,11.811863531058851,0.5503626107977437,560,681,1241,0.0,0.0008333472224535399,0.5503626107977417,0.0
14175,11.812696878281304,0.5503626107977437,560,681,1241,0.0,0.0008333472224535399,0.5503626107977417,0.0
14176,11.81353022550376,0.5503626107977437,560,681,1241,0.0,0.0008333472224553162,0.5503626107977417,0.0
14177,11.814363572726213,0.5503626107977437,560,681,1241,0.0,0.0008333472224535399,0.5503626107977417,0.0
14178,11.815196919948667,0.5503626107977437,560,681,1241,0.0,0.0008333472224535399,0.5503626107977417,0.0
14179,11.81603026717112,0.5503626107977437,560,681,1241,0.0,0.0008333472224535399,0.5503626107977417,0.0
14180,11.816863614393574,0.5503626107977437,560,681,1241,0.0,0.0008333472224535399,0.5503626107977417,0.0
14181,11.817696961616027,0.5503626107977437,560,681,1241,0.0,0.0008333472224535399,0.5503626107977417,0.0
14182,11.818530308838481,0.5503626107977437,560,681,1241,0.0,0.0008333472224535399,0.5503626107977417,0.0
14183,11.819363656060935,0.5503626107977437,560,681,1241,0.0,0.0008333472224535399,0.5503626107977417,0.0
14184,11.820197003283388,0.5503626107977437,560,681,1241,0.0,0.0008333472224535399,0.5503626107977417,0.0
14185,11.821030350505842,0.5503626107977437,560,681,1241,0.0,0.0008333472224535399,0.5503626107977417,0.0
14186,11.821863697728295,0.5503626107977437,560,681,1241,0.0,0.0008333472224535399,0.5503626107977417,0.0
14187,11.82269704495075,0.5503626107977437,560,681,1241,0.0,0.0008333472224553162,0.5503626107977417,0.0
14188,11.823530392173204,0.5503626107977437,560,681,1241,0.0,0.0008333472224535399,0.5503626107977417,0.0
14189,11.824363739395658,0.5495568090249798,560,681,1241,-0.0008058017727639033,0.0008333472224535399,0.5502820306204653,-8.058017727639034e-05
14190,11.825197086618111,0.5495568090249798,560,681,1241,0.0,0.0008333472224535399,0.550201450443189,-8.058017727639034e-05
14191,11.826030433840565,0.5495568090249798,560,681,1241,0.0,0.0008333472224535399,0.5501208702659126,-8.058017727639034e-05
14192,11.826863781063018,0.5495568090249798,560,681,1241,0.0,0.0008333472224535399,0.5500402900886363,-8.058017727639034e-05
14193,11.827697128285472,0.5495568090249798,560,681,1241,0.0,0.0008333472224535399,0.54995970991136,-8.058017727639034e-05
14194,11.828530475507925,0.5495568090249798,560,681,1241,0.0,0.0008333472224535399,0.5498791297340836,-8.058017727639034e-05
14195,11.829363822730379,0.5495568090249798,560,681,1241,0.0,0.0008333472224535399,0.5497985495568073,-8.058017727639034e-05
14196,11.830197169952832,0.5495568090249798,560,681,1241,0.0,0.0008333472224535399,0.5497179693795309,-8.058017727639034e-05
14197,11.831030517175288,0.5495568090249798,560,681,1241,0.0,0.0008333472224553162,0.5496373892022546,-8.058017727639034e-05
14198,11.831863864397741,0.5495568090249798,560,681,1241,0.0,0.0008333472224535399,0.5495568090249783,-8.058017727639034e-05
14199,11.832697211620195,0.5495568090249798,560,681,1241,0.0,0.0008333472224535399,0.5495568090249783,0.0
14200,11.833530558842648,0.5495568090249798,560,681,1241,0.0,0.0008333472224535399,0.5495568090249783,0.0
14201,11.834363906065102,0.5495568090249798,560,681,1241,0.0,0.0008333472224535399,0.5495568090249783,0.0
14202,11.835197253287555,0.5495568090249798,560,681,1241,0.0,0.0008333472224535399,0.5495568090249783,0.0
14203,11.836030600510009,0.5495568090249798,560,681,1241,0.0,0.0008333472224535399,0.5495568090249783,0.0
14204,11.836863947732462,0.5495568090249798,560,681,1241,0.0,0.0008333472224535399,0.5495568090249783,0.0
14205,11.837697294954916,0.5495568090249798,560,681,1241,0.0,0.0008333472224535399,0.5495568090249783,0.0
14206,11.83853064217737,0.5495568090249798,560,681,1241,0.0,0.0008333472224535399,0.5495568090249783,0.0
14207,11.839363989399823,0.5495568090249798,560,681,1241,0.0,0.0008333472224535399,0.5495568090249783,0.0
14208,11.840197336622278,0.5495568090249798,560,681,1241,0.0,0.0008333472224553162,0.5495568090249783,0.0
14209,11.841030683844732,0.5495568090249798,560,681,1241,0.0,0.0008333472224535399,0.5495568090249783,0.0
14210,11.841864031067185,0.5495568090249798,560,681,1241,0.0,0.0008333472224535399,0.5495568090249783,0.0
14211,11.842697378289639,0.5495568090249798,560,681,1241,0.0,0.0008333472224535399,0.5495568090249783,0.0
14212,11.843530725512093,0.5495568090249798,560,681,1241,0.0,0.0008333472224535399,0.5495568090249783,0.0
14213,11.844364072734546,0.5495568090249798,560,681,1241,0.0,0.0008333472224535399,0.5495568090249783,0.0
14214,11.845197419957,0.5495568090249798,560,681,1241,0.0,0.0008333472224535399,0.5495568090249783,0.0
14215,11.846030767179453,0.5495568090249798,560,681,1241,0.0,0.0008333472224535399,0.5495568090249783,0.0
14216,11.846864114401907,0.5495568090249798,560,681,1241,0.0,0.0008333472224535399,0.5495568090249783,0.0
14217,11.84769746162436,0.5495568090249798,560,681,1241,0.0,0.0008333472224535399,0.5495568090249783,0.0
14218,11.848530808846814,0.5495568090249798,560,681,1241,0.0,0.0008333472224535399,0.5495568090249783,0.0
14219,11.849364156069269,0.5495568090249798,560,681,1241,0.0,0.0008333472224553162,0.5495568090249783,0.0
14220,11.850197503291723,0.5495568090249798,560,681,1241,0.0,0.0008333472224535399,0.5495568090249783,0.0
14221,11.851030850514176,0.5495568090249798,560,681,1241,0.0,0.0008333472224535399,0.5495568090249783,0.0
14222,11.85186419773663,0.5495568090249798,560,681,1241,0.0,0.0008333472224535399,0.5495568090249783,0.0
14223,11.852697544959083,0.5495568090249798,560,681,1241,0.0,0.0008333472224535399,0.5495568090249783,0.0
14224,11.853530892181537,0.5495568090249798,560,681,1241,0.0,0.0008333472224535399,0.5495568090249783,0.0
14225,11.85436423940399,0.5495568090249798,560,681,1241,0.0,0.0008333472224535399,0.5495568090249783,0.0
14226,11.855197586626444,0.5495568090249798,560,681,1241,0.0,0.0008333472224535399,0.5495568090249783,0.0
14227,11.856030933848897,0.5495568090249798,560,681,1241,0.0,0.0008333472224535399,0.5495568090249783,0.0
14228,11.856864281071351,0.5503626107977437,560,681,1241,0.0008058017727639033,0.0008333472224535399,0.5496373892022547,8.058017727639034e-05
14229,11.857697628293806,0.5503626107977437,560,681,1241,0.0,0.0008333472224553162,0.549717969379531,8.058017727639034e-05
14230,11.85853097551626,0.5503626107977437,560,681,1241,0.0,0.0008333472224535399,0.5497985495568074,8.058017727639034e-05
14231,11.859364322738713,0.5503626107977437,560,681,1241,0.0,0.0008333472224535399,0.5498791297340837,8.058017727639034e-05
14232,11.860197669961167,0.5503626107977437,560,681,1241,0.0,0.0008333472224535399,0.54995970991136,8.058017727639034e-05
14233,11.86103101718362,0.5503626107977437,560,681,1241,0.0,0.0008333472224535399,0.5500402900886364,8.058017727639034e-05
14234,11.861864364406074,0.5503626107977437,560,681,1241,0.0,0.0008333472224535399,0.5501208702659127,8.058017727639034e-05
14235,11.862697711628527,0.5503626107977437,560,681,1241,0.0,0.0008333472224535399,0.5502014504431891,8.058017727639034e-05
14236,11.863531058850981,0.5503626107977437,560,681,1241,0.0,0.0008333472224535399,0.5502820306204654,8.058017727639034e-05
14237,11.864364406073435,0.5503626107977437,560,681,1241,0.0,0.0008333472224535399,0.5503626107977417,8.058017727639034e-05
14238,11.865197753295888,0.5503626107977437,560,681,1241,0.0,0.0008333472224535399,0.5503626107977417,0.0
14239,11.866031100518342,0.5503626107977437,560,681,1241,0.0,0.0008333472224535399,0.5503626107977417,0.0
14240,11.866864447740797,0.5503626107977437,560,681,1241,0.0,0.0008333472224553162,0.5503626107977417,0.0
14241,11.86769779496325,0.5503626107977437,560,681,1241,0.0,0.0008333472224535399,0.5503626107977417,0.0
14242,11.868531142185704,0.5503626107977437,560,681,1241,0.0,0.0008333472224535399,0.5503626107977417,0.0
14243,11.869364489408158,0.5503626107977437,560,681,1241,0.0,0.0008333472224535399,0.5503626107977417,0.0
14244,11.870197836630611,0.5503626107977437,560,681,1241,0.0,0.0008333472224535399,0.5503626107977417,0.0
14245,11.871031183853065,0.5503626107977437,560,681,1241,0.0,0.0008333472224535399,0.5503626107977417,0.0
14246,11.871864531075518,0.5503626107977437,560,681,1241,0.0,0.0008333472224535399,0.5503626107977417,0.0
14247,11.872697878297972,0.5503626107977437,560,681,1241,0.0,0.0008333472224535399,0.5503626107977417,0.0
14248,11.873531225520425,0.5503626107977437,560,681,1241,0.0,0.0008333472224535399,0.5503626107977417,0.0
14249,11.874364572742879,0.5511684125705076,560,681,1241,0.0008058017727639033,0.0008333472224535399,0.5504431909750183,8.058017727639034e-05
14250,11.875197919965334,0.5511684125705076,560,681,1241,0.0,0.0008333472224553162,0.5505237711522946,8.058017727639034e-05
14251,11.876031267187788,0.5511684125705076,560,681,1241,0.0,0.0008333472224535399,0.5506043513295709,8.058017727639034e-05
14252,11.876864614410241,0.5511684125705076,560,681,1241,0.0,0.0008333472224535399,0.5506849315068473,8.058017727639034e-05
14253,11.877697961632695,0.5511684125705076,560,681,1241,0.0,0.0008333472224535399,0.5507655116841236,8.058017727639034e-05
14254,11.878531308855148,0.5511684125705076,560,681,1241,0.0,0.0008333472224535399,0.5508460918614,8.058017727639034e-05
14255,11.879364656077602,0.5511684125705076,560,681,1241,0.0,0.0008333472224535399,0.5509266720386763,8.058017727639034e-05
14256,11.880198003300055,0.5511684125705076,560,681,1241,0.0,0.0008333472224535399,0.5510072522159526,8.058017727639034e-05
14257,11.881031350522509,0.5511684125705076,560,681,1241,0.0,0.0008333472224535399,0.551087832393229,8.058017727639034e-05
14258,11.881864697744962,0.5511684125705076,560,681,1241,0.0,0.0008333472224535399,0.5511684125705053,8.058017727639034e-05
14259,11.882698044967416,0.5511684125705076,560,681,1241,0.0,0.0008333472224535399,0.5511684125705052,0.0
14260,11.88353139218987,0.5511684125705076,560,681,1241,0.0,0.0008333472224535399,0.5511684125705052,0.0
14261,11.884364739412325,0.5511684125705076,560,681,1241,0.0,0.0008333472224553162,0.5511684125705052,0.0
14262,11.885198086634778,0.5511684125705076,560,681,1241,0.0,0.0008333472224535399,0.5511684125705052,0.0
14263,11.886031433857232,0.5511684125705076,560,681,1241,0.0,0.0008333472224535399,0.5511684125705052,0.0
14264,11.886864781079685,0.5511684125705076,560,681,1241,0.0,0.0008333472224535399,0.5511684125705052,0.0
14265,11.887698128302139,0.5511684125705076,560,681,1241,0.0,0.0008333472224535399,0.5511684125705052,0.0
14266,11.888531475524593,0.5511684125705076,560,681,1241,0.0,0.0008333472224535399,0.5511684125705052,0.0
14267,11.889364822747046,0.5511684125705076,560,681,1241,0.0,0.0008333472224535399,0.5511684125705052,0.0
14268,11.8901981699695,0.5511684125705076,560,681,1241,0.0,0.0008333472224535399,0.5511684125705052,0.0
14269,11.891031517191953,0.5511684125705076,560,681,1241,0.0,0.0008333472224535399,0.5511684125705052,0.0
14270,11.891864864414407,0.5511684125705076,560,681,1241,0.0,0.0008333472224535399,0.5511684125705052,0.0
14271,11.89269821163686,0.5511684125705076,560,681,1241,0.0,0.0008333472224535399,0.5511684125705052,0.0
14272,11.893531558859316,0.5511684125705076,560,681,1241,0.0,0.0008333472224553162,0.5511684125705052,0.0
14273,11.894364906081769,0.5503626107977437,560,681,1241,-0.0008058017727639033,0.0008333472224535399,0.5510878323932289,-8.058017727639034e-05
14274,11.895198253304223,0.5503626107977437,560,681,1241,0.0,0.0008333472224535399,0.5510072522159526,-8.058017727639034e-05
14275,11.896031600526676,0.5503626107977437,560,681,1241,0.0,0.0008333472224535399,0.5509266720386762,-8.058017727639034e-05
14276,11.89686494774913,0.5503626107977437,560,681,1241,0.0,0.0008333472224535399,0.5508460918613999,-8.058017727639034e-05
14277,11.897698294971583,0.5503626107977437,560,681,1241,0.0,0.0008333472224535399,0.5507655116841235,-8.058017727639034e-05
14278,11.898531642194037,0.5503626107977437,560,681,1241,0.0,0.0008333472224535399,0.5506849315068472,-8.058017727639034e-05
14279,11.89936498941649,0.5503626107977437,560,681,1241,0.0,0.0008333472224535399,0.5506043513295709,-8.058017727639034e-05
14280,11.900198336638944,0.5503626107977437,560,681,1241,0.0,0.0008333472224535399,0.5505237711522944,-8.058017727639034e-05
14281,11.901031683861397,0.5503626107977437,560,681,1241,0.0,0.0008333472224535399,0.5504431909750181,-8.058017727639034e-05
14282,11.901865031083853,0.5503626107977437,560,681,1241,0.0,0.0008333472224553162,0.5503626107977417,-8.058017727639034e-05
14283,11.902698378306306,0.5503626107977437,560,681,1241,0.0,0.0008333472224535399,0.5503626107977417,0.0
14284,11.90353172552876,0.5503626107977437,560,681,1241,0.0,0.0008333472224535399,0.5503626107977417,0.0
14285,11.904365072751213,0.5503626107977437,560,681,1241,0.0,0.0008333472224535399,0.5503626107977417,0.0
14286,11.905198419973667,0.5503626107977437,560,681,1241,0.0,0.0008333472224535399,0.5503626107977417,0.0
14287,11.90603176719612,0.5503626107977437,560,681,1241,0.0,0.0008333472224535399,0.5503626107977417,0.0
14288,11.906865114418574,0.5503626107977437,560,681,1241,0.0,0.0008333472224535399,0.5503626107977417,0.0
14289,11.907698461641028,0.5503626107977437,560,681,1241,0.0,0.0008333472224535399,0.5503626107977417,0.0
14290,11.908531808863481,0.5503626107977437,560,681,1241,0.0,0.0008333472224535399,0.5503626107977417,0.0
14291,11.909365156085935,0.5503626107977437,560,681,1241,0.0,0.0008333472224535399,0.5503626107977417,0.0
14292,11.910198503308388,0.5503626107977437,560,681,1241,0.0,0.0008333472224535399,0.5503626107977417,0.0
14293,11.911031850530843,0.5503626107977437,560,681,1241,0.0,0.0008333472224553162,0.5503626107977417,0.0
14294,11.911865197753297,0.5503626107977437,560,681,1241,0.0,0.0008333472224535399,0.5503626107977417,0.0
14295,11.91269854497575,0.5503626107977437,560,681,1241,0.0,0.0008333472224535399,0.5503626107977417,0.0
14296,11.913531892198204,0.5503626107977437,560,681,1241,0.0,0.0008333472224535399,0.5503626107977417,0.0
14297,11.914365239420658,0.5503626107977437,560,681,1241,0.0,0.0008333472224535399,0.5503626107977417,0.0
14298,11.915198586643111,0.5503626107977437,560,681,1241,0.0,0.0008333472224535399,0.5503626107977417,0.0
14299,11.916031933865565,0.5503626107977437,560,681,1241,0.0,0.0008333472224535399,0.5503626107977417,0.0
14300,11.916865281088018,0.5503626107977437,560,681,1241,0.0,0.0008333472224535399,0.5503626107977417,0.0
14301,11.917698628310472,0.5503626107977437,560,681,1241,0.0,0.0008333472224535399,0.5503626107977417,0.0
14302,11.918531975532925,0.5503626107977437,560,681,1241,0.0,0.0008333472224535399,0.5503626107977417,0.0
14303,11.91936532275538,0.5503626107977437,560,681,1241,0.0,0.0008333472224553162,0.5503626107977417,0.0
14304,11.920198669977834,0.5503626107977437,560,681,1241,0.0,0.0008333472224535399,0.5503626107977417,0.0
14305,11.921032017200288,0.5511684125705076,560,681,1241,0.0008058017727639033,0.0008333472224535399,0.5504431909750183,8.058017727639034e-05
14306,11.921865364422741,0.5511684125705076,560,681,1241,0.0,0.0008333472224535399,0.5505237711522946,8.058017727639034e-05
14307,11.922698711645195,0.5511684125705076,560,681,1241,0.0,0.0008333472224535399,0.5506043513295709,8.058017727639034e-05
14308,11.923532058867648,0.5511684125705076,560,681,1241,0.0,0.0008333472224535399,0.5506849315068473,8.058017727639034e-05
14309,11.924365406090102,0.5511684125705076,560,681,1241,0.0,0.0008333472224535399,0.5507655116841236,8.058017727639034e-05
14310,11.925198753312555,0.5511684125705076,560,681,1241,0.0,0.0008333472224535399,0.5508460918614,8.058017727639034e-05
14311,11.926032100535009,0.5511684125705076,560,681,1241,0.0,0.0008333472224535399,0.5509266720386763,8.058017727639034e-05
14312,11.926865447757462,0.5511684125705076,560,681,1241,0.0,0.0008333472224535399,0.5510072522159526,8.058017727639034e-05
14313,11.927698794979916,0.5511684125705076,560,681,1241,0.0,0.0008333472224535399,0.551087832393229,8.058017727639034e-05
14314,11.928532142202371,0.5511684125705076,560,681,1241,0.0,0.0008333472224553162,0.5511684125705053,8.058017727639034e-05
14315,11.929365489424825,0.5511684125705076,560,681,1241,0.0,0.0008333472224535399,0.5511684125705052,0.0
14316,11.930198836647278,0.5511684125705076,560,681,1241,0.0,0.0008333472224535399,0.5511684125705052,0.0
14317,11.931032183869732,0.5519742143432715,560,681,1241,0.0008058017727639033,0.0008333472224535399,0.5512489927477816,8.058017727639034e-05
14318,11.931865531092186,0.5519742143432715,560,681,1241,0.0,0.0008333472224535399,0.5513295729250579,8.058017727639034e-05
14319,11.932698878314639,0.5519742143432715,560,681,1241,0.0,0.0008333472224535399,0.5514101531023343,8.058017727639034e-05
14320,11.933532225537093,0.5519742143432715,560,681,1241,0.0,0.0008333472224535399,0.5514907332796106,8.058017727639034e-05
14321,11.934365572759546,0.5519742143432715,560,681,1241,0.0,0.0008333472224535399,0.5515713134568869,8.058017727639034e-05
14322,11.935198919982,0.5519742143432715,560,681,1241,0.0,0.0008333472224535399,0.5516518936341633,8.058017727639034e-05
14323,11.936032267204453,0.5519742143432715,560,681,1241,0.0,0.0008333472224535399,0.5517324738114396,8.058017727639034e-05
14324,11.936865614426907,0.5519742143432715,560,681,1241,0.0,0.0008333472224535399,0.551813053988716,8.058017727639034e-05
14325,11.937698961649362,0.5519742143432715,560,681,1241,0.0,0.0008333472224553162,0.5518936341659924,8.058017727639034e-05
14326,11.938532308871816,0.5519742143432715,560,681,1241,0.0,0.0008333472224535399,0.5519742143432687,8.058017727639034e-05
14327,11.93936565609427,0.5519742143432715,560,681,1241,0.0,0.0008333472224535399,0.5519742143432687,0.0
14328,11.940199003316723,0.5519742143432715,560,681,1241,0.0,0.0008333472224535399,0.5519742143432687,0.0
14329,11.941032350539176,0.5511684125705076,560,681,1241,-0.0008058017727639033,0.0008333472224535399,0.5518936341659924,-8.058017727639034e-05
14330,11.94186569776163,0.5511684125705076,560,681,1241,0.0,0.0008333472224535399,0.551813053988716,-8.058017727639034e-05
14331,11.942699044984083,0.5511684125705076,560,681,1241,0.0,0.0008333472224535399,0.5517324738114396,-8.058017727639034e-05
14332,11.943532392206537,0.5503626107977437,560,681,1241,-0.0008058017727639033,0.0008333472224535399,0.5515713134568869,-0.00016116035455278067
14333,11.94436573942899,0.5503626107977437,560,681,1241,0.0,0.0008333472224535399,0.5514101531023341,-0.00016116035455278067
14334,11.945199086651444,0.5503626107977437,560,681,1241,0.0,0.0008333472224535399,0.5512489927477813,-0.00016116035455278067
14335,11.9460324338739,0.5503626107977437,560,681,1241,0.0,0.0008333472224553162,0.5510878323932286,-0.00016116035455278067
14336,11.946865781096353,0.5503626107977437,560,681,1241,0.0,0.0008333472224535399,0.5509266720386757,-0.00016116035455278067
14337,11.947699128318806,0.5503626107977437,560,681,1241,0.0,0.0008333472224535399,0.550765511684123,-0.00016116035455278067
14338,11.94853247554126,0.5503626107977437,560,681,1241,0.0,0.0008333472224535399,0.5506043513295702,-0.00016116035455278067
14339,11.949365822763713,0.5503626107977437,560,681,1241,0.0,0.0008333472224535399,0.5505237711522938,-8.058017727639034e-05
14340,11.950199169986167,0.5503626107977437,560,681,1241,0.0,0.0008333472224535399,0.5504431909750174,-8.058017727639034e-05
14341,11.95103251720862,0.5503626107977437,560,681,1241,0.0,0.0008333472224535399,0.5503626107977411,-8.058017727639034e-05
14342,11.951865864431074,0.5503626107977437,560,681,1241,0.0,0.0008333472224535399,0.5503626107977411,0.0
14343,11.952699211653528,0.5503626107977437,560,681,1241,0.0,0.0008333472224535399,0.5503626107977411,0.0
14344,11.953532558875981,0.5503626107977437,560,681,1241,0.0,0.0008333472224535399,0.5503626107977411,0.0
14345,11.954365906098435,0.5503626107977437,560,681,1241,0.0,0.0008333472224535399,0.5503626107977411,0.0
14346,11.95519925332089,0.5503626107977437,560,681,1241,0.0,0.0008333472224553162,0.5503626107977411,0.0
14347,11.956032600543343,0.5503626107977437,560,681,1241,0.0,0.0008333472224535399,0.5503626107977411,0.0
14348,11.956865947765797,0.5503626107977437,560,681,1241,0.0,0.0008333472224535399,0.5503626107977411,0.0
14349,11.95769929498825,0.5503626107977437,560,681,1241,0.0,0.0008333472224535399,0.5503626107977411,0.0
14350,11.958532642210704,0.5503626107977437,560,681,1241,0.0,0.0008333472224535399,0.5503626107977411,0.0
14351,11.959365989433158,0.5503626107977437,560,681,1241,0.0,0.0008333472224535399,0.5503626107977411,0.0
14352,11.960199336655611,0.5503626107977437,560,681,1241,0.0,0.0008333472224535399,0.5503626107977411,0.0
14353,11.961032683878065,0.5503626107977437,560,681,1241,0.0,0.0008333472224535399,0.5503626107977411,0.0
14354,11.961866031100518,0.5503626107977437,560,681,1241,0.0,0.0008333472224535399,0.5503626107977411,0.0
14355,11.962699378322972,0.5503626107977437,560,681,1241,0.0,0.0008333472224535399,0.5503626107977411,0.0
14356,11.963532725545427,0.5503626107977437,560,681,1241,0.0,0.0008333472224553162,0.5503626107977411,0.0
14357,11.96436607276788,0.5503626107977437,560,681,1241,0.0,0.0008333472224535399,0.5503626107977411,0.0
14358,11.965199419990334,0.5503626107977437,560,681,1241,0.0,0.0008333472224535399,0.5503626107977411,0.0
14359,11.966032767212788,0.5503626107977437,560,681,1241,0.0,0.0008333472224535399,0.5503626107977411,0.0
14360,11.966866114435241,0.5503626107977437,560,681,1241,0.0,0.0008333472224535399,0.5503626107977411,0.0
14361,11.967699461657695,0.5503626107977437,560,681,1241,0.0,0.0008333472224535399,0.5503626107977411,0.0
14362,11.968532808880148,0.5503626107977437,560,681,1241,0.0,0.0008333472224535399,0.5503626107977411,0.0
14363,11.969366156102602,0.5503626107977437,560,681,1241,0.0,0.0008333472224535399,0.5503626107977411,0.0
14364,11.970199503325055,0.5503626107977437,560,681,1241,0.0,0.0008333472224535399,0.5503626107977411,0.0
14365,11.971032850547509,0.5503626107977437,560,681,1241,0.0,0.0008333472224535399,0.5503626107977411,0.0
14366,11.971866197769963,0.5503626107977437,560,681,1241,0.0,0.0008333472224535399,0.5503626107977411,0.0
14367,11.972699544992418,0.5503626107977437,560,681,1241,0.0,0.0008333472224553162,0.5503626107977411,0.0
14368,11.973532892214871,0.5503626107977437,560,681,1241,0.0,0.0008333472224535399,0.5503626107977411,0.0
14369,11.974366239437325,0.5503626107977437,560,681,1241,0.0,0.0008333472224535399,0.5503626107977411,0.0
14370,11.975199586659778,0.5503626107977437,560,681,1241,0.0,0.0008333472224535399,0.5503626107977411,0.0
14371,11.976032933882232,0.5503626107977437,560,681,1241,0.0,0.0008333472224535399,0.5503626107977411,0.0
14372,11.976866281104686,0.5503626107977437,560,681,1241,0.0,0.0008333472224535399,0.5503626107977411,0.0
14373,11.977699628327139,0.5503626107977437,560,681,1241,0.0,0.0008333472224535399,0.5503626107977411,0.0
14374,11.978532975549593,0.5503626107977437,560,681,1241,0.0,0.0008333472224535399,0.5503626107977411,0.0
14375,11.979366322772046,0.5503626107977437,560,681,1241,0.0,0.0008333472224535399,0.5503626107977411,0.0
14376,11.9801996699945,0.5503626107977437,560,681,1241,0.0,0.0008333472224535399,0.5503626107977411,0.0
14377,11.981033017216953,0.5503626107977437,560,681,1241,0.0,0.0008333472224535399,0.5503626107977411,0.0
14378,11.981866364439409,0.5503626107977437,560,681,1241,0.0,0.0008333472224553162,0.5503626107977411,0.0
14379,11.982699711661862,0.5503626107977437,560,681,1241,0.0,0.0008333472224535399,0.5503626107977411,0.0
14380,11.983533058884316,0.5503626107977437,560,681,1241,0.0,0.0008333472224535399,0.5503626107977411,0.0
14381,11.98436640610677,0.5503626107977437,560,681,1241,0.0,0.0008333472224535399,0.5503626107977411,0.0
14382,11.985199753329223,0.5503626107977437,560,681,1241,0.0,0.0008333472224535399,0.5503626107977411,0.0
14383,11.986033100551676,0.5503626107977437,560,681,1241,0.0,0.0008333472224535399,0.5503626107977411,0.0
14384,11.98686644777413,0.5503626107977437,560,681,1241,0.0,0.0008333472224535399,0.5503626107977411,0.0
14385,11.987699794996583,0.5503626107977437,560,681,1241,0.0,0.0008333472224535399,0.5503626107977411,0.0
14386,11.988533142219037,0.5503626107977437,560,681,1241,0.0,0.0008333472224535399,0.5503626107977411,0.0
14387,11.98936648944149,0.5503626107977437,560,681,1241,0.0,0.0008333472224535399,0.5503626107977411,0.0
14388,11.990199836663946,0.5503626107977437,560,681,1241,0.0,0.0008333472224553162,0.5503626107977411,0.0
14389,11.9910331838864,0.5503626107977437,560,681,1241,0.0,0.0008333472224535399,0.5503626107977411,0.0
14390,11.991866531108853,0.5503626107977437,560,681,1241,0.0,0.0008333472224535399,0.5503626107977411,0.0
14391,11.992699878331306,0.5503626107977437,560,681,1241,0.0,0.0008333472224535399,0.5503626107977411,0.0
14392,11.99353322555376,0.5495568090249798,560,681,1241,-0.0008058017727639033,0.0008333472224535399,0.5502820306204647,-8.058017727639034e-05
14393,11.994366572776213,0.5495568090249798,560,681,1241,0.0,0.0008333472224535399,0.5502014504431882,-8.058017727639034e-05
14394,11.995199919998667,0.5495568090249798,560,681,1241,0.0,0.0008333472224535399,0.5501208702659119,-8.058017727639034e-05
14395,11.99603326722112,0.5495568090249798,560,681,1241,0.0,0.0008333472224535399,0.5500402900886356,-8.058017727639034e-05
14396,11.996866614443574,0.5495568090249798,560,681,1241,0.0,0.0008333472224535399,0.5499597099113592,-8.058017727639034e-05
14397,11.997699961666028,0.5495568090249798,560,681,1241,0.0,0.0008333472224535399,0.5498791297340829,-8.058017727639034e-05
14398,11.998533308888481,0.5495568090249798,560,681,1241,0.0,0.0008333472224535399,0.5497985495568065,-8.058017727639034e-05
14399,11.999366656110936,0.5495568090249798,560,681,1241,0.0,0.0008333472224553162,0.5497179693795302,-8.058017727639034e-05
14400,12.00020000333339,0.5495568090249798,560,681,1241,0.0,0.0008333472224535399,0.5496373892022539,-8.058017727639034e-05
14401,12.001033350555844,0.5495568090249798,560,681,1241,0.0,0.0008333472224535399,0.5495568090249775,-8.058017727639034e-05
14402,12.001866697778297,0.5495568090249798,560,681,1241,0.0,0.0008333472224535399,0.5495568090249776,0.0
14403,12.00270004500075,0.5495568090249798,560,681,1241,0.0,0.0008333472224535399,0.5495568090249776,0.0
14404,12.003533392223204,0.5495568090249798,560,681,1241,0.0,0.0008333472224535399,0.5495568090249776,0.0
14405,12.004366739445658,0.5495568090249798,560,681,1241,0.0,0.0008333472224535399,0.5495568090249776,0.0
14406,12.005200086668111,0.5495568090249798,560,681,1241,0.0,0.0008333472224535399,0.5495568090249776,0.0
14407,12.006033433890565,0.5495568090249798,560,681,1241,0.0,0.0008333472224535399,0.5495568090249776,0.0
14408,12.006866781113018,0.5495568090249798,560,681,1241,0.0,0.0008333472224535399,0.5495568090249776,0.0
14409,12.007700128335474,0.5495568090249798,560,681,1241,0.0,0.0008333472224553162,0.5495568090249776,0.0
14410,12.008533475557927,0.5495568090249798,560,681,1241,0.0,0.0008333472224535399,0.5495568090249776,0.0
14411,12.00936682278038,0.5495568090249798,560,681,1241,0.0,0.0008333472224535399,0.5495568090249776,0.0
14412,12.010200170002834,0.5495568090249798,560,681,1241,0.0,0.0008333472224535399,0.5495568090249776,0.0
14413,12.011033517225288,0.5495568090249798,560,681,1241,0.0,0.0008333472224535399,0.5495568090249776,0.0
14414,12.011866864447741,0.5495568090249798,560,681,1241,0.0,0.0008333472224535399,0.5495568090249776,0.0
14415,12.012700211670195,0.5495568090249798,560,681,1241,0.0,0.0008333472224535399,0.5495568090249776,0.0
14416,12.013533558892648,0.5495568090249798,560,681,1241,0.0,0.0008333472224535399,0.5495568090249776,0.0
14417,12.014366906115102,0.5495568090249798,560,681,1241,0.0,0.0008333472224535399,0.5495568090249776,0.0
14418,12.015200253337555,0.5495568090249798,560,681,1241,0.0,0.0008333472224535399,0.5495568090249776,0.0
14419,12.016033600560009,0.5495568090249798,560,681,1241,0.0,0.0008333472224535399,0.5495568090249776,0.0
14420,12.016866947782464,0.5503626107977437,560,681,1241,0.0008058017727639033,0.0008333472224553162,0.5496373892022539,8.058017727639034e-05
14421,12.017700295004918,0.5503626107977437,560,681,1241,0.0,0.0008333472224535399,0.5497179693795303,8.058017727639034e-05
14422,12.018533642227371,0.5503626107977437,560,681,1241,0.0,0.0008333472224535399,0.5497985495568066,8.058017727639034e-05
14423,12.019366989449825,0.5503626107977437,560,681,1241,0.0,0.0008333472224535399,0.549879129734083,8.058017727639034e-05
14424,12.020200336672278,0.5503626107977437,560,681,1241,0.0,0.0008333472224535399,0.5499597099113593,8.058017727639034e-05
14425,12.021033683894732,0.5503626107977437,560,681,1241,0.0,0.0008333472224535399,0.5500402900886356,8.058017727639034e-05
14426,12.021867031117186,0.5503626107977437,560,681,1241,0.0,0.0008333472224535399,0.550120870265912,8.058017727639034e-05
14427,12.02270037833964,0.5503626107977437,560,681,1241,0.0,0.0008333472224535399,0.5502014504431884,8.058017727639034e-05
14428,12.023533725562093,0.5503626107977437,560,681,1241,0.0,0.0008333472224535399,0.5502820306204648,8.058017727639034e-05
14429,12.024367072784546,0.5503626107977437,560,681,1241,0.0,0.0008333472224535399,0.5503626107977411,8.058017727639034e-05
14430,12.025200420007002,0.5503626107977437,560,681,1241,0.0,0.0008333472224553162,0.5503626107977411,0.0
14431,12.026033767229455,0.5503626107977437,560,681,1241,0.0,0.0008333472224535399,0.5503626107977411,0.0
14432,12.026867114451909,0.5503626107977437,560,681,1241,0.0,0.0008333472224535399,0.5503626107977411,0.0
14433,12.027700461674362,0.5503626107977437,560,681,1241,0.0,0.0008333472224535399,0.5503626107977411,0.0
14434,12.028533808896816,0.5503626107977437,560,681,1241,0.0,0.0008333472224535399,0.5503626107977411,0.0
14435,12.02936715611927,0.5503626107977437,560,681,1241,0.0,0.0008333472224535399,0.5503626107977411,0.0
14436,12.030200503341723,0.5503626107977437,560,681,1241,0.0,0.0008333472224535399,0.5503626107977411,0.0
14437,12.031033850564176,0.5503626107977437,560,681,1241,0.0,0.0008333472224535399,0.5503626107977411,0.0
14438,12.03186719778663,0.5503626107977437,560,681,1241,0.0,0.0008333472224535399,0.5503626107977411,0.0
14439,12.032700545009083,0.5503626107977437,560,681,1241,0.0,0.0008333472224535399,0.5503626107977411,0.0
14440,12.033533892231537,0.5503626107977437,560,681,1241,0.0,0.0008333472224535399,0.5503626107977411,0.0
14441,12.034367239453992,0.5503626107977437,560,681,1241,0.0,0.0008333472224553162,0.5503626107977411,0.0
14442,12.035200586676446,0.5503626107977437,560,681,1241,0.0,0.0008333472224535399,0.5503626107977411,0.0
14443,12.0360339338989,0.5503626107977437,560,681,1241,0.0,0.0008333472224535399,0.5503626107977411,0.0
14444,12.036867281121353,0.5495568090249798,560,681,1241,-0.0008058017727639033,0.0008333472224535399,0.5502820306204647,-8.058017727639034e-05
14445,12.037700628343806,0.5495568090249798,560,681,1241,0.0,0.0008333472224535399,0.5502014504431882,-8.058017727639034e-05
14446,12.03853397556626,0.5495568090249798,560,681,1241,0.0,0.0008333472224535399,0.5501208702659119,-8.058017727639034e-05
14447,12.039367322788713,0.5495568090249798,560,681,1241,0.0,0.0008333472224535399,0.5500402900886356,-8.058017727639034e-05
14448,12.040200670011167,0.5495568090249798,560,681,1241,0.0,0.0008333472224535399,0.5499597099113592,-8.058017727639034e-05
14449,12.04103401723362,0.5495568090249798,560,681,1241,0.0,0.0008333472224535399,0.5498791297340829,-8.058017727639034e-05
14450,12.041867364456074,0.5495568090249798,560,681,1241,0.0,0.0008333472224535399,0.5497985495568065,-8.058017727639034e-05
14451,12.042700711678528,0.5495568090249798,560,681,1241,0.0,0.0008333472224535399,0.5497179693795302,-8.058017727639034e-05
14452,12.043534058900983,0.5495568090249798,560,681,1241,0.0,0.0008333472224553162,0.5496373892022539,-8.058017727639034e-05
14453,12.044367406123436,0.5495568090249798,560,681,1241,0.0,0.0008333472224535399,0.5495568090249775,-8.058017727639034e-05
14454,12.04520075334589,0.5495568090249798,560,681,1241,0.0,0.0008333472224535399,0.5495568090249776,0.0
14455,12.046034100568344,0.5495568090249798,560,681,1241,0.0,0.0008333472224535399,0.5495568090249776,0.0
14456,12.046867447790797,0.5495568090249798,560,681,1241,0.0,0.0008333472224535399,0.5495568090249776,0.0
14457,12.04770079501325,0.5503626107977437,560,681,1241,0.0008058017727639033,0.0008333472224535399,0.5496373892022539,8.058017727639034e-05
14458,12.048534142235704,0.5503626107977437,560,681,1241,0.0,0.0008333472224535399,0.5497179693795303,8.058017727639034e-05
14459,12.049367489458158,0.5503626107977437,560,681,1241,0.0,0.0008333472224535399,0.5497985495568066,8.058017727639034e-05
14460,12.050200836680611,0.5503626107977437,560,681,1241,0.0,0.0008333472224535399,0.549879129734083,8.058017727639034e-05
14461,12.051034183903065,0.5503626107977437,560,681,1241,0.0,0.0008333472224535399,0.5499597099113593,8.058017727639034e-05
14462,12.05186753112552,0.5503626107977437,560,681,1241,0.0,0.0008333472224553162,0.5500402900886356,8.058017727639034e-05
14463,12.052700878347974,0.5503626107977437,560,681,1241,0.0,0.0008333472224535399,0.550120870265912,8.058017727639034e-05
14464,12.053534225570427,0.5503626107977437,560,681,1241,0.0,0.0008333472224535399,0.5502014504431884,8.058017727639034e-05
14465,12.05436757279288,0.5503626107977437,560,681,1241,0.0,0.0008333472224535399,0.5502820306204648,8.058017727639034e-05
14466,12.055200920015334,0.5511684125705076,560,681,1241,0.0008058017727639033,0.0008333472224535399,0.5504431909750176,0.00016116035455278067
14467,12.056034267237788,0.5511684125705076,560,681,1241,0.0,0.0008333472224535399,0.550523771152294,8.058017727639034e-05
14468,12.056867614460241,0.5511684125705076,560,681,1241,0.0,0.0008333472224535399,0.5506043513295704,8.058017727639034e-05
14469,12.057700961682695,0.5511684125705076,560,681,1241,0.0,0.0008333472224535399,0.5506849315068467,8.058017727639034e-05
14470,12.058534308905148,0.5511684125705076,560,681,1241,0.0,0.0008333472224535399,0.550765511684123,8.058017727639034e-05
14471,12.059367656127602,0.5511684125705076,560,681,1241,0.0,0.0008333472224535399,0.5508460918613994,8.058017727639034e-05
14472,12.060201003350056,0.5511684125705076,560,681,1241,0.0,0.0008333472224535399,0.5509266720386757,8.058017727639034e-05
14473,12.06103435057251,0.5511684125705076,560,681,1241,0.0,0.0008333472224553162,0.5510072522159521,8.058017727639034e-05
14474,12.061867697794964,0.5511684125705076,560,681,1241,0.0,0.0008333472224535399,0.5510878323932284,8.058017727639034e-05
14475,12.062701045017418,0.5511684125705076,560,681,1241,0.0,0.0008333472224535399,0.5511684125705048,8.058017727639034e-05
14476,12.063534392239871,0.5511684125705076,560,681,1241,0.0,0.0008333472224535399,0.5511684125705048,0.0
14477,12.064367739462325,0.5511684125705076,560,681,1241,0.0,0.0008333472224535399,0.5511684125705048,0.0
14478,12.065201086684779,0.5511684125705076,560,681,1241,0.0,0.0008333472224535399,0.5511684125705048,0.0
14479,12.066034433907232,0.5511684125705076,560,681,1241,0.0,0.0008333472224535399,0.5511684125705048,0.0
14480,12.066867781129686,0.5511684125705076,560,681,1241,0.0,0.0008333472224535399,0.5511684125705048,0.0
14481,12.06770112835214,0.5511684125705076,560,681,1241,0.0,0.0008333472224535399,0.5511684125705048,0.0
14482,12.068534475574593,0.5511684125705076,560,681,1241,0.0,0.0008333472224535399,0.5511684125705048,0.0
14483,12.069367822797048,0.5511684125705076,560,681,1241,0.0,0.0008333472224553162,0.5511684125705048,0.0
14484,12.070201170019502,0.5511684125705076,560,681,1241,0.0,0.0008333472224535399,0.5511684125705048,0.0
14485,12.071034517241955,0.5503626107977437,560,681,1241,-0.0008058017727639033,0.0008333472224535399,0.5510878323932283,-8.058017727639034e-05
14486,12.071867864464409,0.5503626107977437,560,681,1241,0.0,0.0008333472224535399,0.551007252215952,-8.058017727639034e-05
14487,12.072701211686862,0.5503626107977437,560,681,1241,0.0,0.0008333472224535399,0.5509266720386756,-8.058017727639034e-05
14488,12.073534558909316,0.5503626107977437,560,681,1241,0.0,0.0008333472224535399,0.5508460918613993,-8.058017727639034e-05
14489,12.07436790613177,0.5503626107977437,560,681,1241,0.0,0.0008333472224535399,0.550765511684123,-8.058017727639034e-05
14490,12.075201253354223,0.5495568090249798,560,681,1241,-0.0008058017727639033,0.0008333472224535399,0.5506043513295701,-0.00016116035455278067
14491,12.076034600576676,0.5495568090249798,560,681,1241,0.0,0.0008333472224535399,0.5504431909750173,-0.00016116035455278067
14492,12.07686794779913,0.5495568090249798,560,681,1241,0.0,0.0008333472224535399,0.5502820306204643,-0.00016116035455278067
14493,12.077701295021583,0.5495568090249798,560,681,1241,0.0,0.0008333472224535399,0.5501208702659115,-0.00016116035455278067
14494,12.078534642244039,0.5495568090249798,560,681,1241,0.0,0.0008333472224553162,0.5499597099113587,-0.00016116035455278067
14495,12.079367989466492,0.5495568090249798,560,681,1241,0.0,0.0008333472224535399,0.5498791297340822,-8.058017727639034e-05
14496,12.080201336688946,0.5495568090249798,560,681,1241,0.0,0.0008333472224535399,0.5497985495568058,-8.058017727639034e-05
14497,12.0810346839114,0.5495568090249798,560,681,1241,0.0,0.0008333472224535399,0.5497179693795295,-8.058017727639034e-05
14498,12.081868031133853,0.5495568090249798,560,681,1241,0.0,0.0008333472224535399,0.5496373892022531,-8.058017727639034e-05
14499,12.082701378356306,0.5495568090249798,560,681,1241,0.0,0.0008333472224535399,0.5495568090249768,-8.058017727639034e-05
14500,12.08353472557876,0.5495568090249798,560,681,1241,0.0,0.0008333472224535399,0.5495568090249769,0.0
14501,12.084368072801214,0.5495568090249798,560,681,1241,0.0,0.0008333472224535399,0.5495568090249769,0.0
14502,12.085201420023667,0.5503626107977437,560,681,1241,0.0008058017727639033,0.0008333472224535399,0.5496373892022532,8.058017727639034e-05
14503,12.08603476724612,0.5503626107977437,560,681,1241,0.0,0.0008333472224535399,0.5497179693795295,8.058017727639034e-05
14504,12.086868114468574,0.5503626107977437,560,681,1241,0.0,0.0008333472224535399,0.549798549556806,8.058017727639034e-05
14505,12.08770146169103,0.5503626107977437,560,681,1241,0.0,0.0008333472224553162,0.5498791297340823,8.058017727639034e-05
14506,12.088534808913483,0.5503626107977437,560,681,1241,0.0,0.0008333472224535399,0.5499597099113587,8.058017727639034e-05
14507,12.089368156135937,0.5503626107977437,560,681,1241,0.0,0.0008333472224535399,0.550040290088635,8.058017727639034e-05
14508,12.09020150335839,0.5503626107977437,560,681,1241,0.0,0.0008333472224535399,0.5501208702659113,8.058017727639034e-05
14509,12.091034850580844,0.5503626107977437,560,681,1241,0.0,0.0008333472224535399,0.5502014504431877,8.058017727639034e-05
14510,12.091868197803297,0.5503626107977437,560,681,1241,0.0,0.0008333472224535399,0.550282030620464,8.058017727639034e-05
14511,12.09270154502575,0.5503626107977437,560,681,1241,0.0,0.0008333472224535399,0.5503626107977404,8.058017727639034e-05
14512,12.093534892248204,0.5503626107977437,560,681,1241,0.0,0.0008333472224535399,0.5503626107977404,0.0
14513,12.094368239470658,0.5503626107977437,560,681,1241,0.0,0.0008333472224535399,0.5503626107977404,0.0
14514,12.095201586693111,0.5503626107977437,560,681,1241,0.0,0.0008333472224535399,0.5503626107977404,0.0
14515,12.096034933915567,0.5503626107977437,560,681,1241,0.0,0.0008333472224553162,0.5503626107977404,0.0
14516,12.09686828113802,0.5503626107977437,560,681,1241,0.0,0.0008333472224535399,0.5503626107977404,0.0
14517,12.097701628360474,0.5503626107977437,560,681,1241,0.0,0.0008333472224535399,0.5503626107977404,0.0
14518,12.098534975582927,0.5503626107977437,560,681,1241,0.0,0.0008333472224535399,0.5503626107977404,0.0
14519,12.09936832280538,0.5503626107977437,560,681,1241,0.0,0.0008333472224535399,0.5503626107977404,0.0
14520,12.100201670027834,0.5503626107977437,560,681,1241,0.0,0.0008333472224535399,0.5503626107977404,0.0
14521,12.101035017250288,0.5503626107977437,560,681,1241,0.0,0.0008333472224535399,0.5503626107977404,0.0
14522,12.101868364472741,0.5503626107977437,560,681,1241,0.0,0.0008333472224535399,0.5503626107977404,0.0
14523,12.102701711695195,0.5503626107977437,560,681,1241,0.0,0.0008333472224535399,0.5503626107977404,0.0
14524,12.103535058917648,0.5503626107977437,560,681,1241,0.0,0.0008333472224535399,0.5503626107977404,0.0
14525,12.104368406140102,0.5503626107977437,560,681,1241,0.0,0.0008333472224535399,0.5503626107977404,0.0
14526,12.105201753362557,0.5503626107977437,560,681,1241,0.0,0.0008333472224553162,0.5503626107977404,0.0
14527,12.10603510058501,0.5511684125705076,560,681,1241,0.0008058017727639033,0.0008333472224535399,0.5504431909750168,8.058017727639034e-05
14528,12.106868447807464,0.5511684125705076,560,681,1241,0.0,0.0008333472224535399,0.5505237711522931,8.058017727639034e-05
14529,12.107701795029918,0.5511684125705076,560,681,1241,0.0,0.0008333472224535399,0.5506043513295695,8.058017727639034e-05
14530,12.108535142252371,0.5511684125705076,560,681,1241,0.0,0.0008333472224535399,0.5506849315068458,8.058017727639034e-05
14531,12.109368489474825,0.5511684125705076,560,681,1241,0.0,0.0008333472224535399,0.5507655116841221,8.058017727639034e-05
14532,12.110201836697279,0.5511684125705076,560,681,1241,0.0,0.0008333472224535399,0.5508460918613985,8.058017727639034e-05
14533,12.111035183919732,0.5511684125705076,560,681,1241,0.0,0.0008333472224535399,0.5509266720386748,8.058017727639034e-05
14534,12.111868531142186,0.5511684125705076,560,681,1241,0.0,0.0008333472224535399,0.5510072522159513,8.058017727639034e-05
14535,12.11270187836464,0.5511684125705076,560,681,1241,0.0,0.0008333472224535399,0.5510878323932276,8.058017727639034e-05
14536,12.113535225587095,0.5511684125705076,560,681,1241,0.0,0.0008333472224553162,0.5511684125705039,8.058017727639034e-05
14537,12.114368572809548,0.5511684125705076,560,681,1241,0.0,0.0008333472224535399,0.5511684125705039,0.0
14538,12.115201920032002,0.5511684125705076,560,681,1241,0.0,0.0008333472224535399,0.5511684125705039,0.0
14539,12.116035267254455,0.5511684125705076,560,681,1241,0.0,0.0008333472224535399,0.5511684125705039,0.0
14540,12.116868614476909,0.5511684125705076,560,681,1241,0.0,0.0008333472224535399,0.5511684125705039,0.0
14541,12.117701961699362,0.5519742143432715,560,681,1241,0.0008058017727639033,0.0008333472224535399,0.5512489927477802,8.058017727639034e-05
14542,12.118535308921816,0.5511684125705076,560,681,1241,-0.0008058017727639033,0.0008333472224535399,0.5512489927477802,0.0
14543,12.11936865614427,0.5511684125705076,560,681,1241,0.0,0.0008333472224535399,0.5512489927477802,0.0
14544,12.120202003366723,0.5511684125705076,560,681,1241,0.0,0.0008333472224535399,0.5512489927477802,0.0
14545,12.121035350589176,0.5511684125705076,560,681,1241,0.0,0.0008333472224535399,0.5512489927477802,0.0
14546,12.12186869781163,0.5511684125705076,560,681,1241,0.0,0.0008333472224535399,0.5512489927477802,0.0
14547,12.122702045034085,0.5511684125705076,560,681,1241,0.0,0.0008333472224553162,0.5512489927477802,0.0
14548,12.123535392256539,0.5511684125705076,560,681,1241,0.0,0.0008333472224535399,0.5512489927477802,0.0
14549,12.124368739478992,0.5511684125705076,560,681,1241,0.0,0.0008333472224535399,0.5512489927477802,0.0
14550,12.125202086701446,0.5511684125705076,560,681,1241,0.0,0.0008333472224535399,0.5512489927477802,0.0
14551,12.1260354339239,0.5511684125705076,560,681,1241,0.0,0.0008333472224535399,0.5511684125705039,-8.058017727639034e-05
14552,12.126868781146353,0.5511684125705076,560,681,1241,0.0,0.0008333472224535399,0.5511684125705039,0.0
14553,12.127702128368806,0.5511684125705076,560,681,1241,0.0,0.0008333472224535399,0.5511684125705039,0.0
14554,12.12853547559126,0.5503626107977437,560,681,1241,-0.0008058017727639033,0.0008333472224535399,0.5510878323932275,-8.058017727639034e-05
14555,12.129368822813714,0.5503626107977437,560,681,1241,0.0,0.0008333472224535399,0.5510072522159511,-8.058017727639034e-05
14556,12.130202170036167,0.5503626107977437,560,681,1241,0.0,0.0008333472224535399,0.5509266720386747,-8.058017727639034e-05
14557,12.13103551725862,0.5503626107977437,560,681,1241,0.0,0.0008333472224535399,0.5508460918613984,-8.058017727639034e-05
14558,12.131868864481076,0.5503626107977437,560,681,1241,0.0,0.0008333472224553162,0.5507655116841221,-8.058017727639034e-05
14559,12.13270221170353,0.5503626107977437,560,681,1241,0.0,0.0008333472224535399,0.5506849315068457,-8.058017727639034e-05
14560,12.133535558925983,0.5503626107977437,560,681,1241,0.0,0.0008333472224535399,0.5506043513295694,-8.058017727639034e-05
14561,12.134368906148437,0.5503626107977437,560,681,1241,0.0,0.0008333472224535399,0.550523771152293,-8.058017727639034e-05
14562,12.13520225337089,0.5503626107977437,560,681,1241,0.0,0.0008333472224535399,0.5504431909750167,-8.058017727639034e-05
14563,12.136035600593344,0.5503626107977437,560,681,1241,0.0,0.0008333472224535399,0.5503626107977404,-8.058017727639034e-05
14564,12.136868947815797,0.5503626107977437,560,681,1241,0.0,0.0008333472224535399,0.5503626107977404,0.0
14565,12.13770229503825,0.5503626107977437,560,681,1241,0.0,0.0008333472224535399,0.5503626107977404,0.0
14566,12.138535642260704,0.5503626107977437,560,681,1241,0.0,0.0008333472224535399,0.5503626107977404,0.0
14567,12.139368989483158,0.5503626107977437,560,681,1241,0.0,0.0008333472224535399,0.5503626107977404,0.0
14568,12.140202336705613,0.5503626107977437,560,681,1241,0.0,0.0008333472224553162,0.5503626107977404,0.0
14569,12.141035683928067,0.5503626107977437,560,681,1241,0.0,0.0008333472224535399,0.5503626107977404,0.0
14570,12.14186903115052,0.5503626107977437,560,681,1241,0.0,0.0008333472224535399,0.5503626107977404,0.0
14571,12.142702378372974,0.5503626107977437,560,681,1241,0.0,0.0008333472224535399,0.5503626107977404,0.0
14572,12.143535725595427,0.5503626107977437,560,681,1241,0.0,0.0008333472224535399,0.5503626107977404,0.0
14573,12.14436907281788,0.5503626107977437,560,681,1241,0.0,0.0008333472224535399,0.5503626107977404,0.0
14574,12.145202420040334,0.5503626107977437,560,681,1241,0.0,0.0008333472224535399,0.5503626107977404,0.0
14575,12.146035767262788,0.5503626107977437,560,681,1241,0.0,0.0008333472224535399,0.5503626107977404,0.0
14576,12.146869114485241,0.5503626107977437,560,681,1241,0.0,0.0008333472224535399,0.5503626107977404,0.0
14577,12.147702461707695,0.5503626107977437,560,681,1241,0.0,0.0008333472224535399,0.5503626107977404,0.0
14578,12.148535808930149,0.5503626107977437,560,681,1241,0.0,0.0008333472224535399,0.5503626107977404,0.0
14579,12.149369156152604,0.5503626107977437,560,681,1241,0.0,0.0008333472224553162,0.5503626107977404,0.0
14580,12.150202503375057,0.5503626107977437,560,681,1241,0.0,0.0008333472224535399,0.5503626107977404,0.0
14581,12.151035850597511,0.5503626107977437,560,681,1241,0.0,0.0008333472224535399,0.5503626107977404,0.0
14582,12.151869197819964,0.5503626107977437,560,681,1241,0.0,0.0008333472224535399,0.5503626107977404,0.0
14583,12.152702545042418,0.5503626107977437,560,681,1241,0.0,0.0008333472224535399,0.5503626107977404,0.0
14584,12.153535892264872,0.5503626107977437,560,681,1241,0.0,0.0008333472224535399,0.5503626107977404,0.0
14585,12.154369239487325,0.5503626107977437,560,681,1241,0.0,0.0008333472224535399,0.5503626107977404,0.0
14586,12.155202586709779,0.5503626107977437,560,681,1241,0.0,0.0008333472224535399,0.5503626107977404,0.0
14587,12.156035933932232,0.5503626107977437,560,681,1241,0.0,0.0008333472224535399,0.5503626107977404,0.0
14588,12.156869281154686,0.5503626107977437,560,681,1241,0.0,0.0008333472224535399,0.5503626107977404,0.0
14589,12.157702628377141,0.5503626107977437,560,681,1241,0.0,0.0008333472224553162,0.5503626107977404,0.0
14590,12.158535975599595,0.5503626107977437,560,681,1241,0.0,0.0008333472224535399,0.5503626107977404,0.0
14591,12.159369322822048,0.5503626107977437,560,681,1241,0.0,0.0008333472224535399,0.5503626107977404,0.0
14592,12.160202670044502,0.5503626107977437,560,681,1241,0.0,0.0008333472224535399,0.5503626107977404,0.0
14593,12.161036017266955,0.5503626107977437,560,681,1241,0.0,0.0008333472224535399,0.5503626107977404,0.0
14594,12.161869364489409,0.5503626107977437,560,681,1241,0.0,0.0008333472224535399,0.5503626107977404,0.0
14595,12.162702711711862,0.5503626107977437,560,681,1241,0.0,0.0008333472224535399,0.5503626107977404,0.0
14596,12.163536058934316,0.5503626107977437,560,681,1241,0.0,0.0008333472224535399,0.5503626107977404,0.0
14597,12.16436940615677,0.5503626107977437,560,681,1241,0.0,0.0008333472224535399,0.5503626107977404,0.0
14598,12.165202753379223,0.5503626107977437,560,681,1241,0.0,0.0008333472224535399,0.5503626107977404,0.0
14599,12.166036100601676,0.5503626107977437,560,681,1241,0.0,0.0008333472224535399,0.5503626107977404,0.0
14600,12.166869447824132,0.5503626107977437,560,681,1241,0.0,0.0008333472224553162,0.5503626107977404,0.0
14601,12.167702795046585,0.5503626107977437,560,681,1241,0.0,0.0008333472224535399,0.5503626107977404,0.0
14602,12.168536142269039,0.5503626107977437,560,681,1241,0.0,0.0008333472224535399,0.5503626107977404,0.0
14603,12.169369489491492,0.5503626107977437,560,681,1241,0.0,0.0008333472224535399,0.5503626107977404,0.0
14604,12.170202836713946,0.5503626107977437,560,681,1241,0.0,0.0008333472224535399,0.5503626107977404,0.0
14605,12.1710361839364,0.5503626107977437,560,681,1241,0.0,0.0008333472224535399,0.5503626107977404,0.0
14606,12.171869531158853,0.5503626107977437,560,681,1241,0.0,0.0008333472224535399,0.5503626107977404,0.0
14607,12.172702878381306,0.5503626107977437,560,681,1241,0.0,0.0008333472224535399,0.5503626107977404,0.0
14608,12.17353622560376,0.5503626107977437,560,681,1241,0.0,0.0008333472224535399,0.5503626107977404,0.0
14609,12.174369572826214,0.5495568090249798,560,681,1241,-0.0008058017727639033,0.0008333472224535399,0.5502820306204639,-8.058017727639034e-05
14610,12.175202920048667,0.5495568090249798,560,681,1241,0.0,0.0008333472224535399,0.5502014504431876,-8.058017727639034e-05
14611,12.176036267271122,0.5495568090249798,560,681,1241,0.0,0.0008333472224553162,0.5501208702659113,-8.058017727639034e-05
14612,12.176869614493576,0.5495568090249798,560,681,1241,0.0,0.0008333472224535399,0.5500402900886349,-8.058017727639034e-05
14613,12.17770296171603,0.5495568090249798,560,681,1241,0.0,0.0008333472224535399,0.5499597099113586,-8.058017727639034e-05
14614,12.178536308938483,0.5495568090249798,560,681,1241,0.0,0.0008333472224535399,0.5498791297340822,-8.058017727639034e-05
14615,12.179369656160937,0.5495568090249798,560,681,1241,0.0,0.0008333472224535399,0.5497985495568058,-8.058017727639034e-05
14616,12.18020300338339,0.5503626107977437,560,681,1241,0.0008058017727639033,0.0008333472224535399,0.5497985495568058,0.0
14617,12.181036350605844,0.5503626107977437,560,681,1241,0.0,0.0008333472224535399,0.5497985495568058,0.0
14618,12.181869697828297,0.5503626107977437,560,681,1241,0.0,0.0008333472224535399,0.5497985495568058,0.0
14619,12.18270304505075,0.5503626107977437,560,681,1241,0.0,0.0008333472224535399,0.5498791297340823,8.058017727639034e-05
14620,12.183536392273204,0.5511684125705076,560,681,1241,0.0008058017727639033,0.0008333472224535399,0.5500402900886352,0.00016116035455278067
14621,12.18436973949566,0.5511684125705076,560,681,1241,0.0,0.0008333472224553162,0.550201450443188,0.00016116035455278067
14622,12.185203086718113,0.5511684125705076,560,681,1241,0.0,0.0008333472224535399,0.5503626107977408,0.00016116035455278067
14623,12.186036433940567,0.5511684125705076,560,681,1241,0.0,0.0008333472224535399,0.5505237711522938,0.00016116035455278067
14624,12.18686978116302,0.5511684125705076,560,681,1241,0.0,0.0008333472224535399,0.5506849315068466,0.00016116035455278067
14625,12.187703128385474,0.5511684125705076,560,681,1241,0.0,0.0008333472224535399,0.5508460918613995,0.00016116035455278067
14626,12.188536475607927,0.5511684125705076,560,681,1241,0.0,0.0008333472224535399,0.550926672038676,8.058017727639034e-05
14627,12.18936982283038,0.5511684125705076,560,681,1241,0.0,0.0008333472224535399,0.5510072522159523,8.058017727639034e-05
14628,12.190203170052834,0.5511684125705076,560,681,1241,0.0,0.0008333472224535399,0.5510878323932287,8.058017727639034e-05
14629,12.191036517275288,0.5511684125705076,560,681,1241,0.0,0.0008333472224535399,0.551168412570505,8.058017727639034e-05
14630,12.191869864497741,0.5511684125705076,560,681,1241,0.0,0.0008333472224535399,0.5511684125705049,0.0
14631,12.192703211720195,0.5511684125705076,560,681,1241,0.0,0.0008333472224535399,0.5511684125705049,0.0
14632,12.19353655894265,0.5511684125705076,560,681,1241,0.0,0.0008333472224553162,0.5511684125705049,0.0
14633,12.194369906165104,0.5511684125705076,560,681,1241,0.0,0.0008333472224535399,0.5511684125705049,0.0
14634,12.195203253387557,0.5511684125705076,560,681,1241,0.0,0.0008333472224535399,0.5511684125705049,0.0
14635,12.196036600610011,0.5511684125705076,560,681,1241,0.0,0.0008333472224535399,0.5511684125705049,0.0
14636,12.196869947832464,0.5511684125705076,560,681,1241,0.0,0.0008333472224535399,0.5511684125705049,0.0
14637,12.197703295054918,0.5511684125705076,560,681,1241,0.0,0.0008333472224535399,0.5511684125705049,0.0
14638,12.198536642277372,0.5511684125705076,560,681,1241,0.0,0.0008333472224535399,0.5511684125705049,0.0
14639,12.199369989499825,0.5511684125705076,560,681,1241,0.0,0.0008333472224535399,0.5511684125705049,0.0
14640,12.200203336722279,0.5511684125705076,560,681,1241,0.0,0.0008333472224535399,0.5511684125705049,0.0
14641,12.201036683944732,0.5511684125705076,560,681,1241,0.0,0.0008333472224535399,0.5511684125705049,0.0
14642,12.201870031167187,0.5511684125705076,560,681,1241,0.0,0.0008333472224553162,0.5511684125705049,0.0
14643,12.202703378389641,0.5511684125705076,560,681,1241,0.0,0.0008333472224535399,0.5511684125705049,0.0
14644,12.203536725612095,0.5511684125705076,560,681,1241,0.0,0.0008333472224535399,0.5511684125705049,0.0
14645,12.204370072834548,0.5511684125705076,560,681,1241,0.0,0.0008333472224535399,0.5511684125705049,0.0
14646,12.205203420057002,0.5511684125705076,560,681,1241,0.0,0.0008333472224535399,0.5511684125705049,0.0
14647,12.206036767279455,0.5511684125705076,560,681,1241,0.0,0.0008333472224535399,0.5511684125705049,0.0
14648,12.206870114501909,0.5511684125705076,560,681,1241,0.0,0.0008333472224535399,0.5511684125705049,0.0
14649,12.207703461724362,0.5511684125705076,560,681,1241,0.0,0.0008333472224535399,0.5511684125705049,0.0
14650,12.208536808946816,0.5511684125705076,560,681,1241,0.0,0.0008333472224535399,0.5511684125705049,0.0
14651,12.20937015616927,0.5511684125705076,560,681,1241,0.0,0.0008333472224535399,0.5511684125705049,0.0
14652,12.210203503391723,0.5503626107977437,560,681,1241,-0.0008058017727639033,0.0008333472224535399,0.5510878323932286,-8.058017727639034e-05
14653,12.211036850614178,0.5503626107977437,560,681,1241,0.0,0.0008333472224553162,0.5510072522159521,-8.058017727639034e-05
14654,12.211870197836632,0.5503626107977437,560,681,1241,0.0,0.0008333472224535399,0.5509266720386758,-8.058017727639034e-05
14655,12.212703545059085,0.5503626107977437,560,681,1241,0.0,0.0008333472224535399,0.5508460918613995,-8.058017727639034e-05
14656,12.213536892281539,0.5503626107977437,560,681,1241,0.0,0.0008333472224535399,0.5507655116841231,-8.058017727639034e-05
14657,12.214370239503992,0.5503626107977437,560,681,1241,0.0,0.0008333472224535399,0.5506849315068468,-8.058017727639034e-05
14658,12.215203586726446,0.5503626107977437,560,681,1241,0.0,0.0008333472224535399,0.5506043513295704,-8.058017727639034e-05
14659,12.2160369339489,0.5503626107977437,560,681,1241,0.0,0.0008333472224535399,0.5505237711522941,-8.058017727639034e-05
14660,12.216870281171353,0.5503626107977437,560,681,1241,0.0,0.0008333472224535399,0.5504431909750178,-8.058017727639034e-05
14661,12.217703628393807,0.5503626107977437,560,681,1241,0.0,0.0008333472224535399,0.5503626107977414,-8.058017727639034e-05
14662,12.21853697561626,0.5503626107977437,560,681,1241,0.0,0.0008333472224535399,0.5503626107977414,0.0
14663,12.219370322838715,0.5503626107977437,560,681,1241,0.0,0.0008333472224553162,0.5503626107977414,0.0
14664,12.220203670061169,0.5503626107977437,560,681,1241,0.0,0.0008333472224535399,0.5503626107977414,0.0
14665,12.221037017283622,0.5503626107977437,560,681,1241,0.0,0.0008333472224535399,0.5503626107977414,0.0
14666,12.221870364506076,0.5503626107977437,560,681,1241,0.0,0.0008333472224535399,0.5503626107977414,0.0
14667,12.22270371172853,0.5495568090249798,560,681,1241,-0.0008058017727639033,0.0008333472224535399,0.550282030620465,-8.058017727639034e-05
14668,12.223537058950983,0.5495568090249798,560,681,1241,0.0,0.0008333472224535399,0.5502014504431887,-8.058017727639034e-05
14669,12.224370406173437,0.5495568090249798,560,681,1241,0.0,0.0008333472224535399,0.5501208702659123,-8.058017727639034e-05
14670,12.22520375339589,0.5495568090249798,560,681,1241,0.0,0.0008333472224535399,0.550040290088636,-8.058017727639034e-05
14671,12.226037100618344,0.5495568090249798,560,681,1241,0.0,0.0008333472224535399,0.5499597099113596,-8.058017727639034e-05
14672,12.226870447840797,0.5495568090249798,560,681,1241,0.0,0.0008333472224535399,0.5498791297340833,-8.058017727639034e-05
14673,12.22770379506325,0.5495568090249798,560,681,1241,0.0,0.0008333472224535399,0.549798549556807,-8.058017727639034e-05
14674,12.228537142285706,0.5495568090249798,560,681,1241,0.0,0.0008333472224553162,0.5497179693795305,-8.058017727639034e-05
14675,12.22937048950816,0.5495568090249798,560,681,1241,0.0,0.0008333472224535399,0.5496373892022542,-8.058017727639034e-05
14676,12.230203836730613,0.5495568090249798,560,681,1241,0.0,0.0008333472224535399,0.5495568090249778,-8.058017727639034e-05
14677,12.231037183953067,0.5495568090249798,560,681,1241,0.0,0.0008333472224535399,0.5495568090249779,0.0
14678,12.23187053117552,0.5495568090249798,560,681,1241,0.0,0.0008333472224535399,0.5495568090249779,0.0
14679,12.232703878397974,0.5495568090249798,560,681,1241,0.0,0.0008333472224535399,0.5495568090249779,0.0
14680,12.233537225620427,0.5495568090249798,560,681,1241,0.0,0.0008333472224535399,0.5495568090249779,0.0
14681,12.23437057284288,0.5495568090249798,560,681,1241,0.0,0.0008333472224535399,0.5495568090249779,0.0
14682,12.235203920065334,0.5503626107977437,560,681,1241,0.0008058017727639033,0.0008333472224535399,0.5496373892022544,8.058017727639034e-05
14683,12.236037267287788,0.5503626107977437,560,681,1241,0.0,0.0008333472224535399,0.5497179693795307,8.058017727639034e-05
14684,12.236870614510241,0.5503626107977437,560,681,1241,0.0,0.0008333472224535399,0.549798549556807,8.058017727639034e-05
14685,12.237703961732697,0.5503626107977437,560,681,1241,0.0,0.0008333472224553162,0.5498791297340834,8.058017727639034e-05
14686,12.23853730895515,0.5503626107977437,560,681,1241,0.0,0.0008333472224535399,0.5499597099113597,8.058017727639034e-05
14687,12.239370656177604,0.5503626107977437,560,681,1241,0.0,0.0008333472224535399,0.5500402900886361,8.058017727639034e-05
14688,12.240204003400057,0.5503626107977437,560,681,1241,0.0,0.0008333472224535399,0.5501208702659124,8.058017727639034e-05
14689,12.241037350622511,0.5503626107977437,560,681,1241,0.0,0.0008333472224535399,0.5502014504431887,8.058017727639034e-05
14690,12.241870697844965,0.5503626107977437,560,681,1241,0.0,0.0008333472224535399,0.5502820306204651,8.058017727639034e-05
14691,12.242704045067418,0.5503626107977437,560,681,1241,0.0,0.0008333472224535399,0.5503626107977414,8.058017727639034e-05
14692,12.243537392289872,0.5503626107977437,560,681,1241,0.0,0.0008333472224535399,0.5503626107977414,0.0
14693,12.244370739512325,0.5503626107977437,560,681,1241,0.0,0.0008333472224535399,0.5503626107977414,0.0
14694,12.245204086734779,0.5503626107977437,560,681,1241,0.0,0.0008333472224535399,0.5503626107977414,0.0
14695,12.246037433957234,0.5503626107977437,560,681,1241,0.0,0.0008333472224553162,0.5503626107977414,0.0
14696,12.246870781179688,0.5503626107977437,560,681,1241,0.0,0.0008333472224535399,0.5503626107977414,0.0
14697,12.247704128402141,0.5503626107977437,560,681,1241,0.0,0.0008333472224535399,0.5503626107977414,0.0
14698,12.248537475624595,0.5503626107977437,560,681,1241,0.0,0.0008333472224535399,0.5503626107977414,0.0
14699,12.249370822847048,0.5503626107977437,560,681,1241,0.0,0.0008333472224535399,0.5503626107977414,0.0
14700,12.250204170069502,0.5503626107977437,560,681,1241,0.0,0.0008333472224535399,0.5503626107977414,0.0
14701,12.251037517291955,0.5503626107977437,560,681,1241,0.0,0.0008333472224535399,0.5503626107977414,0.0
14702,12.251870864514409,0.5503626107977437,560,681,1241,0.0,0.0008333472224535399,0.5503626107977414,0.0
14703,12.252704211736862,0.5503626107977437,560,681,1241,0.0,0.0008333472224535399,0.5503626107977414,0.0
14704,12.253537558959316,0.5503626107977437,560,681,1241,0.0,0.0008333472224535399,0.5503626107977414,0.0
14705,12.25437090618177,0.5503626107977437,560,681,1241,0.0,0.0008333472224535399,0.5503626107977414,0.0
14706,12.255204253404225,0.5503626107977437,560,681,1241,0.0,0.0008333472224553162,0.5503626107977414,0.0
14707,12.256037600626678,0.5503626107977437,560,681,1241,0.0,0.0008333472224535399,0.5503626107977414,0.0
14708,12.256870947849132,0.5503626107977437,560,681,1241,0.0,0.0008333472224535399,0.5503626107977414,0.0
14709,12.257704295071585,0.5503626107977437,560,681,1241,0.0,0.0008333472224535399,0.5503626107977414,0.0
14710,12.258537642294039,0.5503626107977437,560,681,1241,0.0,0.0008333472224535399,0.5503626107977414,0.0
14711,12.259370989516492,0.5503626107977437,560,681,1241,0.0,0.0008333472224535399,0.5503626107977414,0.0
14712,12.260204336738946,0.5503626107977437,560,681,1241,0.0,0.0008333472224535399,0.5503626107977414,0.0
14713,12.2610376839614,0.5503626107977437,560,681,1241,0.0,0.0008333472224535399,0.5503626107977414,0.0
14714,12.261871031183853,0.5511684125705076,560,681,1241,0.0008058017727639033,0.0008333472224535399,0.5504431909750178,8.058017727639034e-05
14715,12.262704378406307,0.5511684125705076,560,681,1241,0.0,0.0008333472224535399,0.5505237711522942,8.058017727639034e-05
14716,12.263537725628762,0.5519742143432715,560,681,1241,0.0008058017727639033,0.0008333472224553162,0.5506849315068469,0.00016116035455278067
14717,12.264371072851215,0.5519742143432715,560,681,1241,0.0,0.0008333472224535399,0.5508460918613998,0.00016116035455278067
14718,12.265204420073669,0.5519742143432715,560,681,1241,0.0,0.0008333472224535399,0.5510072522159526,0.00016116035455278067
14719,12.266037767296122,0.5519742143432715,560,681,1241,0.0,0.0008333472224535399,0.5511684125705053,0.00016116035455278067
14720,12.266871114518576,0.5519742143432715,560,681,1241,0.0,0.0008333472224535399,0.5513295729250581,0.00016116035455278067
14721,12.26770446174103,0.5519742143432715,560,681,1241,0.0,0.0008333472224535399,0.5514907332796108,0.00016116035455278067
14722,12.268537808963483,0.5519742143432715,560,681,1241,0.0,0.0008333472224535399,0.5516518936341637,0.00016116035455278067
14723,12.269371156185937,0.5519742143432715,560,681,1241,0.0,0.0008333472224535399,0.5518130539887165,0.00016116035455278067
14724,12.27020450340839,0.5519742143432715,560,681,1241,0.0,0.0008333472224535399,0.5518936341659929,8.058017727639034e-05
14725,12.271037850630844,0.5519742143432715,560,681,1241,0.0,0.0008333472224535399,0.5519742143432692,8.058017727639034e-05
14726,12.271871197853297,0.5519742143432715,560,681,1241,0.0,0.0008333472224535399,0.5519742143432692,0.0
14727,12.272704545075753,0.5519742143432715,560,681,1241,0.0,0.0008333472224553162,0.5519742143432692,0.0
14728,12.273537892298206,0.5519742143432715,560,681,1241,0.0,0.0008333472224535399,0.5519742143432692,0.0
14729,12.27437123952066,0.5519742143432715,560,681,1241,0.0,0.0008333472224535399,0.5519742143432692,0.0
14730,12.275204586743113,0.5519742143432715,560,681,1241,0.0,0.0008333472224535399,0.5519742143432692,0.0
14731,12.276037933965567,0.5519742143432715,560,681,1241,0.0,0.0008333472224535399,0.5519742143432692,0.0
14732,12.27687128118802,0.5519742143432715,560,681,1241,0.0,0.0008333472224535399,0.5519742143432692,0.0
14733,12.277704628410474,0.5519742143432715,560,681,1241,0.0,0.0008333472224535399,0.5519742143432692,0.0
14734,12.278537975632927,0.5519742143432715,560,681,1241,0.0,0.0008333472224535399,0.5519742143432692,0.0
14735,12.279371322855381,0.5519742143432715,560,681,1241,0.0,0.0008333472224535399,0.5519742143432692,0.0
14736,12.280204670077834,0.5519742143432715,560,681,1241,0.0,0.0008333472224535399,0.5519742143432692,0.0
14737,12.281038017300288,0.5519742143432715,560,681,1241,0.0,0.0008333472224535399,0.5519742143432692,0.0
14738,12.281871364522743,0.5519742143432715,560,681,1241,0.0,0.0008333472224553162,0.5519742143432692,0.0
14739,12.282704711745197,0.5511684125705076,560,681,1241,-0.0008058017727639033,0.0008333472224535399,0.5518936341659929,-8.058017727639034e-05
14740,12.28353805896765,0.5511684125705076,560,681,1241,0.0,0.0008333472224535399,0.5518130539887165,-8.058017727639034e-05
14741,12.284371406190104,0.5511684125705076,560,681,1241,0.0,0.0008333472224535399,0.5517324738114402,-8.058017727639034e-05
14742,12.285204753412557,0.5511684125705076,560,681,1241,0.0,0.0008333472224535399,0.5516518936341639,-8.058017727639034e-05
14743,12.286038100635011,0.5511684125705076,560,681,1241,0.0,0.0008333472224535399,0.5515713134568875,-8.058017727639034e-05
14744,12.286871447857465,0.5511684125705076,560,681,1241,0.0,0.0008333472224535399,0.5514907332796112,-8.058017727639034e-05
14745,12.287704795079918,0.5511684125705076,560,681,1241,0.0,0.0008333472224535399,0.5514101531023348,-8.058017727639034e-05
14746,12.288538142302372,0.5511684125705076,560,681,1241,0.0,0.0008333472224535399,0.5513295729250585,-8.058017727639034e-05
14747,12.289371489524825,0.5511684125705076,560,681,1241,0.0,0.0008333472224535399,0.5512489927477822,-8.058017727639034e-05
14748,12.29020483674728,0.5511684125705076,560,681,1241,0.0,0.0008333472224553162,0.5511684125705058,-8.058017727639034e-05
14749,12.291038183969734,0.5511684125705076,560,681,1241,0.0,0.0008333472224535399,0.5511684125705058,0.0
14750,12.291871531192188,0.5511684125705076,560,681,1241,0.0,0.0008333472224535399,0.5511684125705058,0.0
14751,12.292704878414641,0.5511684125705076,560,681,1241,0.0,0.0008333472224535399,0.5511684125705058,0.0
14752,12.293538225637095,0.5511684125705076,560,681,1241,0.0,0.0008333472224535399,0.5511684125705058,0.0
14753,12.294371572859548,0.5511684125705076,560,681,1241,0.0,0.0008333472224535399,0.5511684125705058,0.0
14754,12.295204920082002,0.5511684125705076,560,681,1241,0.0,0.0008333472224535399,0.5511684125705058,0.0
14755,12.296038267304455,0.5511684125705076,560,681,1241,0.0,0.0008333472224535399,0.5511684125705058,0.0
14756,12.296871614526909,0.5511684125705076,560,681,1241,0.0,0.0008333472224535399,0.5511684125705058,0.0
14757,12.297704961749362,0.5511684125705076,560,681,1241,0.0,0.0008333472224535399,0.5511684125705058,0.0
14758,12.298538308971816,0.5511684125705076,560,681,1241,0.0,0.0008333472224535399,0.5511684125705058,0.0
14759,12.299371656194271,0.5511684125705076,560,681,1241,0.0,0.0008333472224553162,0.5511684125705058,0.0
14760,12.300205003416725,0.5511684125705076,560,681,1241,0.0,0.0008333472224535399,0.5511684125705058,0.0
14761,12.301038350639178,0.5511684125705076,560,681,1241,0.0,0.0008333472224535399,0.5511684125705058,0.0
14762,12.301871697861632,0.5511684125705076,560,681,1241,0.0,0.0008333472224535399,0.5511684125705058,0.0
14763,12.302705045084085,0.5511684125705076,560,681,1241,0.0,0.0008333472224535399,0.5511684125705058,0.0
14764,12.303538392306539,0.5511684125705076,560,681,1241,0.0,0.0008333472224535399,0.5511684125705058,0.0
14765,12.304371739528992,0.5511684125705076,560,681,1241,0.0,0.0008333472224535399,0.5511684125705058,0.0
14766,12.305205086751446,0.5511684125705076,560,681,1241,0.0,0.0008333472224535399,0.5511684125705058,0.0
14767,12.3060384339739,0.5511684125705076,560,681,1241,0.0,0.0008333472224535399,0.5511684125705058,0.0
14768,12.306871781196353,0.5511684125705076,560,681,1241,0.0,0.0008333472224535399,0.5511684125705058,0.0
14769,12.307705128418808,0.5511684125705076,560,681,1241,0.0,0.0008333472224553162,0.5511684125705058,0.0
14770,12.308538475641262,0.5511684125705076,560,681,1241,0.0,0.0008333472224535399,0.5511684125705058,0.0
14771,12.309371822863715,0.5511684125705076,560,681,1241,0.0,0.0008333472224535399,0.5511684125705058,0.0
14772,12.310205170086169,0.5511684125705076,560,681,1241,0.0,0.0008333472224535399,0.5511684125705058,0.0
14773,12.311038517308623,0.5511684125705076,560,681,1241,0.0,0.0008333472224535399,0.5511684125705058,0.0
14774,12.311871864531076,0.5511684125705076,560,681,1241,0.0,0.0008333472224535399,0.5511684125705058,0.0
14775,12.31270521175353,0.5511684125705076,560,681,1241,0.0,0.0008333472224535399,0.5511684125705058,0.0
14776,12.313538558975983,0.5519742143432715,560,681,1241,0.0008058017727639033,0.0008333472224535399,0.5512489927477822,8.058017727639034e-05
14777,12.314371906198437,0.5519742143432715,560,681,1241,0.0,0.0008333472224535399,0.5513295729250585,8.058017727639034e-05
14778,12.31520525342089,0.5519742143432715,560,681,1241,0.0,0.0008333472224535399,0.5514101531023348,8.058017727639034e-05
14779,12.316038600643344,0.5519742143432715,560,681,1241,0.0,0.0008333472224535399,0.5514907332796112,8.058017727639034e-05
14780,12.316871947865799,0.5519742143432715,560,681,1241,0.0,0.0008333472224553162,0.5515713134568875,8.058017727639034e-05
14781,12.317705295088253,0.5519742143432715,560,681,1241,0.0,0.0008333472224535399,0.5516518936341639,8.058017727639034e-05
14782,12.318538642310706,0.5519742143432715,560,681,1241,0.0,0.0008333472224535399,0.5517324738114402,8.058017727639034e-05
14783,12.31937198953316,0.5519742143432715,560,681,1241,0.0,0.0008333472224535399,0.5518130539887165,8.058017727639034e-05
14784,12.320205336755613,0.5519742143432715,560,681,1241,0.0,0.0008333472224535399,0.5518936341659929,8.058017727639034e-05
14785,12.321038683978067,0.5519742143432715,560,681,1241,0.0,0.0008333472224535399,0.5519742143432692,8.058017727639034e-05
14786,12.32187203120052,0.5519742143432715,560,681,1241,0.0,0.0008333472224535399,0.5519742143432692,0.0
14787,12.322705378422974,0.5519742143432715,560,681,1241,0.0,0.0008333472224535399,0.5519742143432692,0.0
14788,12.323538725645427,0.5519742143432715,560,681,1241,0.0,0.0008333472224535399,0.5519742143432692,0.0
14789,12.324372072867881,0.5519742143432715,560,681,1241,0.0,0.0008333472224535399,0.5519742143432692,0.0
14790,12.325205420090334,0.5519742143432715,560,681,1241,0.0,0.0008333472224535399,0.5519742143432692,0.0
14791,12.32603876731279,0.5519742143432715,560,681,1241,0.0,0.0008333472224553162,0.5519742143432692,0.0
14792,12.326872114535243,0.5519742143432715,560,681,1241,0.0,0.0008333472224535399,0.5519742143432692,0.0
14793,12.327705461757697,0.5519742143432715,560,681,1241,0.0,0.0008333472224535399,0.5519742143432692,0.0
14794,12.32853880898015,0.5519742143432715,560,681,1241,0.0,0.0008333472224535399,0.5519742143432692,0.0
14795,12.329372156202604,0.5519742143432715,560,681,1241,0.0,0.0008333472224535399,0.5519742143432692,0.0
14796,12.330205503425058,0.5519742143432715,560,681,1241,0.0,0.0008333472224535399,0.5519742143432692,0.0
14797,12.331038850647511,0.5519742143432715,560,681,1241,0.0,0.0008333472224535399,0.5519742143432692,0.0
14798,12.331872197869965,0.5519742143432715,560,681,1241,0.0,0.0008333472224535399,0.5519742143432692,0.0
14799,12.332705545092418,0.5519742143432715,560,681,1241,0.0,0.0008333472224535399,0.5519742143432692,0.0
14800,12.333538892314872,0.5527800161160354,560,681,1241,0.0008058017727639033,0.0008333472224535399,0.5520547945205456,8.058017727639034e-05
14801,12.334372239537327,0.5527800161160354,560,681,1241,0.0,0.0008333472224553162,0.5521353746978219,8.058017727639034e-05
14802,12.33520558675978,0.5527800161160354,560,681,1241,0.0,0.0008333472224535399,0.5522159548750982,8.058017727639034e-05
14803,12.336038933982234,0.5527800161160354,560,681,1241,0.0,0.0008333472224535399,0.5522965350523746,8.058017727639034e-05
14804,12.336872281204688,0.5527800161160354,560,681,1241,0.0,0.0008333472224535399,0.5523771152296509,8.058017727639034e-05
14805,12.337705628427141,0.5519742143432715,560,681,1241,-0.0008058017727639033,0.0008333472224535399,0.5523771152296509,0.0
14806,12.338538975649595,0.5519742143432715,560,681,1241,0.0,0.0008333472224535399,0.5523771152296509,0.0
14807,12.339372322872048,0.5527800161160354,560,681,1241,0.0008058017727639033,0.0008333472224535399,0.5524576954069274,8.058017727639034e-05
14808,12.340205670094502,0.5527800161160354,560,681,1241,0.0,0.0008333472224535399,0.5525382755842037,8.058017727639034e-05
14809,12.341039017316955,0.5527800161160354,560,681,1241,0.0,0.0008333472224535399,0.55261885576148,8.058017727639034e-05
14810,12.341872364539409,0.5527800161160354,560,681,1241,0.0,0.0008333472224535399,0.55261885576148,0.0
14811,12.342705711761862,0.5527800161160354,560,681,1241,0.0,0.0008333472224535399,0.55261885576148,0.0
14812,12.343539058984318,0.5527800161160354,560,681,1241,0.0,0.0008333472224553162,0.55261885576148,0.0
14813,12.344372406206771,0.5527800161160354,560,681,1241,0.0,0.0008333472224535399,0.55261885576148,0.0
14814,12.345205753429225,0.5527800161160354,560,681,1241,0.0,0.0008333472224535399,0.55261885576148,0.0
14815,12.346039100651678,0.5527800161160354,560,681,1241,0.0,0.0008333472224535399,0.5526994359387564,8.058017727639034e-05
14816,12.346872447874132,0.5527800161160354,560,681,1241,0.0,0.0008333472224535399,0.5527800161160327,8.058017727639034e-05
14817,12.347705795096585,0.5527800161160354,560,681,1241,0.0,0.0008333472224535399,0.5527800161160327,0.0
14818,12.348539142319039,0.5519742143432715,560,681,1241,-0.0008058017727639033,0.0008333472224535399,0.5526994359387564,-8.058017727639034e-05
14819,12.349372489541492,0.5519742143432715,560,681,1241,0.0,0.0008333472224535399,0.55261885576148,-8.058017727639034e-05
14820,12.350205836763946,0.5511684125705076,560,681,1241,-0.0008058017727639033,0.0008333472224535399,0.5524576954069274,-0.00016116035455278067
14821,12.3510391839864,0.5511684125705076,560,681,1241,0.0,0.0008333472224535399,0.5522965350523746,-0.00016116035455278067
14822,12.351872531208855,0.5511684125705076,560,681,1241,0.0,0.0008333472224553162,0.5521353746978219,-0.00016116035455278067
14823,12.352705878431308,0.5511684125705076,560,681,1241,0.0,0.0008333472224535399,0.5519742143432692,-0.00016116035455278067
14824,12.353539225653762,0.5511684125705076,560,681,1241,0.0,0.0008333472224535399,0.5518130539887165,-0.00016116035455278067
14825,12.354372572876215,0.5511684125705076,560,681,1241,0.0,0.0008333472224535399,0.5516518936341639,-0.00016116035455278067
14826,12.355205920098669,0.5511684125705076,560,681,1241,0.0,0.0008333472224535399,0.5514907332796112,-0.00016116035455278067
14827,12.356039267321123,0.5511684125705076,560,681,1241,0.0,0.0008333472224535399,0.5513295729250585,-0.00016116035455278067
14828,12.356872614543576,0.5511684125705076,560,681,1241,0.0,0.0008333472224535399,0.5512489927477822,-8.058017727639034e-05
14829,12.35770596176603,0.5511684125705076,560,681,1241,0.0,0.0008333472224535399,0.5511684125705058,-8.058017727639034e-05
14830,12.358539308988483,0.5511684125705076,560,681,1241,0.0,0.0008333472224535399,0.5511684125705058,0.0
14831,12.359372656210937,0.5511684125705076,560,681,1241,0.0,0.0008333472224535399,0.5511684125705058,0.0
14832,12.36020600343339,0.5511684125705076,560,681,1241,0.0,0.0008333472224535399,0.5511684125705058,0.0
14833,12.361039350655846,0.5511684125705076,560,681,1241,0.0,0.0008333472224553162,0.5511684125705058,0.0
14834,12.3618726978783,0.5511684125705076,560,681,1241,0.0,0.0008333472224535399,0.5511684125705058,0.0
14835,12.362706045100753,0.5511684125705076,560,681,1241,0.0,0.0008333472224535399,0.5511684125705058,0.0
14836,12.363539392323206,0.5511684125705076,560,681,1241,0.0,0.0008333472224535399,0.5511684125705058,0.0
14837,12.36437273954566,0.5511684125705076,560,681,1241,0.0,0.0008333472224535399,0.5511684125705058,0.0
14838,12.365206086768113,0.5511684125705076,560,681,1241,0.0,0.0008333472224535399,0.5511684125705058,0.0
14839,12.366039433990567,0.5511684125705076,560,681,1241,0.0,0.0008333472224535399,0.5511684125705058,0.0
14840,12.36687278121302,0.5511684125705076,560,681,1241,0.0,0.0008333472224535399,0.5511684125705058,0.0
14841,12.367706128435474,0.5511684125705076,560,681,1241,0.0,0.0008333472224535399,0.5511684125705058,0.0
14842,12.368539475657927,0.5519742143432715,560,681,1241,0.0008058017727639033,0.0008333472224535399,0.5512489927477822,8.058017727639034e-05
14843,12.369372822880381,0.5519742143432715,560,681,1241,0.0,0.0008333472224535399,0.5513295729250585,8.058017727639034e-05
14844,12.370206170102836,0.5519742143432715,560,681,1241,0.0,0.0008333472224553162,0.5514101531023348,8.058017727639034e-05
14845,12.37103951732529,0.5519742143432715,560,681,1241,0.0,0.0008333472224535399,0.5514907332796112,8.058017727639034e-05
14846,12.371872864547743,0.5519742143432715,560,681,1241,0.0,0.0008333472224535399,0.5515713134568875,8.058017727639034e-05
14847,12.372706211770197,0.5519742143432715,560,681,1241,0.0,0.0008333472224535399,0.5516518936341639,8.058017727639034e-05
14848,12.37353955899265,0.5519742143432715,560,681,1241,0.0,0.0008333472224535399,0.5517324738114402,8.058017727639034e-05
14849,12.374372906215104,0.5519742143432715,560,681,1241,0.0,0.0008333472224535399,0.5518130539887165,8.058017727639034e-05
14850,12.375206253437558,0.5519742143432715,560,681,1241,0.0,0.0008333472224535399,0.5518936341659929,8.058017727639034e-05
14851,12.376039600660011,0.5519742143432715,560,681,1241,0.0,0.0008333472224535399,0.5519742143432692,8.058017727639034e-05
14852,12.376872947882465,0.5519742143432715,560,681,1241,0.0,0.0008333472224535399,0.5519742143432692,0.0
14853,12.377706295104918,0.5519742143432715,560,681,1241,0.0,0.0008333472224535399,0.5519742143432692,0.0
14854,12.378539642327373,0.5519742143432715,560,681,1241,0.0,0.0008333472224553162,0.5519742143432692,0.0
14855,12.379372989549827,0.5519742143432715,560,681,1241,0.0,0.0008333472224535399,0.5519742143432692,0.0
14856,12.38020633677228,0.5519742143432715,560,681,1241,0.0,0.0008333472224535399,0.5519742143432692,0.0
14857,12.381039683994734,0.5519742143432715,560,681,1241,0.0,0.0008333472224535399,0.5519742143432692,0.0
14858,12.381873031217188,0.5519742143432715,560,681,1241,0.0,0.0008333472224535399,0.5519742143432692,0.0
14859,12.382706378439641,0.5519742143432715,560,681,1241,0.0,0.0008333472224535399,0.5519742143432692,0.0
14860,12.383539725662095,0.5519742143432715,560,681,1241,0.0,0.0008333472224535399,0.5519742143432692,0.0
14861,12.384373072884548,0.5511684125705076,560,681,1241,-0.0008058017727639033,0.0008333472224535399,0.5518936341659929,-8.058017727639034e-05
14862,12.385206420107002,0.5511684125705076,560,681,1241,0.0,0.0008333472224535399,0.5518130539887165,-8.058017727639034e-05
14863,12.386039767329455,0.5511684125705076,560,681,1241,0.0,0.0008333472224535399,0.5517324738114402,-8.058017727639034e-05
14864,12.386873114551909,0.5511684125705076,560,681,1241,0.0,0.0008333472224535399,0.5516518936341639,-8.058017727639034e-05
14865,12.387706461774364,0.5511684125705076,560,681,1241,0.0,0.0008333472224553162,0.5515713134568875,-8.058017727639034e-05
14866,12.388539808996818,0.5511684125705076,560,681,1241,0.0,0.0008333472224535399,0.5514907332796112,-8.058017727639034e-05
14867,12.389373156219271,0.5511684125705076,560,681,1241,0.0,0.0008333472224535399,0.5514101531023348,-8.058017727639034e-05
14868,12.390206503441725,0.5511684125705076,560,681,1241,0.0,0.0008333472224535399,0.5513295729250585,-8.058017727639034e-05
14869,12.391039850664178,0.5511684125705076,560,681,1241,0.0,0.0008333472224535399,0.5512489927477822,-8.058017727639034e-05
14870,12.391873197886632,0.5511684125705076,560,681,1241,0.0,0.0008333472224535399,0.5511684125705058,-8.058017727639034e-05
14871,12.392706545109085,0.5519742143432715,560,681,1241,0.0008058017727639033,0.0008333472224535399,0.5512489927477822,8.058017727639034e-05
14872,12.393539892331539,0.5519742143432715,560,681,1241,0.0,0.0008333472224535399,0.5513295729250585,8.058017727639034e-05
14873,12.394373239553993,0.5519742143432715,560,681,1241,0.0,0.0008333472224535399,0.5514101531023348,8.058017727639034e-05
14874,12.395206586776446,0.5519742143432715,560,681,1241,0.0,0.0008333472224535399,0.5514907332796112,8.058017727639034e-05
14875,12.396039933998901,0.5519742143432715,560,681,1241,0.0,0.0008333472224553162,0.5515713134568875,8.058017727639034e-05
14876,12.396873281221355,0.5519742143432715,560,681,1241,0.0,0.0008333472224535399,0.5516518936341639,8.058017727639034e-05
14877,12.397706628443808,0.5519742143432715,560,681,1241,0.0,0.0008333472224535399,0.5517324738114402,8.058017727639034e-05
14878,12.398539975666262,0.5519742143432715,560,681,1241,0.0,0.0008333472224535399,0.5518130539887165,8.058017727639034e-05
14879,12.399373322888716,0.5527800161160354,560,681,1241,0.0008058017727639033,0.0008333472224535399,0.5519742143432692,0.00016116035455278067
14880,12.400206670111169,0.5527800161160354,560,681,1241,0.0,0.0008333472224535399,0.5521353746978219,0.00016116035455278067
14881,12.401040017333623,0.5527800161160354,560,681,1241,0.0,0.0008333472224535399,0.5522159548750982,8.058017727639034e-05
14882,12.401873364556076,0.5527800161160354,560,681,1241,0.0,0.0008333472224535399,0.5522965350523746,8.058017727639034e-05
14883,12.40270671177853,0.5527800161160354,560,681,1241,0.0,0.0008333472224535399,0.5523771152296509,8.058017727639034e-05
14884,12.403540059000983,0.5527800161160354,560,681,1241,0.0,0.0008333472224535399,0.5524576954069274,8.058017727639034e-05
14885,12.404373406223437,0.5527800161160354,560,681,1241,0.0,0.0008333472224535399,0.5525382755842037,8.058017727639034e-05
14886,12.405206753445892,0.5527800161160354,560,681,1241,0.0,0.0008333472224553162,0.55261885576148,8.058017727639034e-05
14887,12.406040100668346,0.5527800161160354,560,681,1241,0.0,0.0008333472224535399,0.5526994359387564,8.058017727639034e-05
14888,12.4068734478908,0.5527800161160354,560,681,1241,0.0,0.0008333472224535399,0.5527800161160327,8.058017727639034e-05
14889,12.407706795113253,0.5527800161160354,560,681,1241,0.0,0.0008333472224535399,0.5527800161160327,0.0
14890,12.408540142335706,0.5527800161160354,560,681,1241,0.0,0.0008333472224535399,0.5527800161160327,0.0
14891,12.40937348955816,0.5527800161160354,560,681,1241,0.0,0.0008333472224535399,0.5527800161160327,0.0
14892,12.410206836780613,0.5527800161160354,560,681,1241,0.0,0.0008333472224535399,0.5527800161160327,0.0
14893,12.411040184003067,0.5527800161160354,560,681,1241,0.0,0.0008333472224535399,0.5527800161160327,0.0
14894,12.41187353122552,0.5527800161160354,560,681,1241,0.0,0.0008333472224535399,0.5527800161160327,0.0
14895,12.412706878447974,0.5527800161160354,560,681,1241,0.0,0.0008333472224535399,0.5527800161160327,0.0
14896,12.41354022567043,0.5527800161160354,560,681,1241,0.0,0.0008333472224553162,0.5527800161160327,0.0
14897,12.414373572892883,0.5527800161160354,560,681,1241,0.0,0.0008333472224535399,0.5527800161160327,0.0
14898,12.415206920115336,0.5527800161160354,560,681,1241,0.0,0.0008333472224535399,0.5527800161160327,0.0
14899,12.41604026733779,0.5527800161160354,560,681,1241,0.0,0.0008333472224535399,0.5527800161160327,0.0
14900,12.416873614560243,0.5527800161160354,560,681,1241,0.0,0.0008333472224535399,0.5527800161160327,0.0
14901,12.417706961782697,0.5527800161160354,560,681,1241,0.0,0.0008333472224535399,0.5527800161160327,0.0
14902,12.41854030900515,0.5527800161160354,560,681,1241,0.0,0.0008333472224535399,0.5527800161160327,0.0
14903,12.419373656227604,0.5527800161160354,560,681,1241,0.0,0.0008333472224535399,0.5527800161160327,0.0
14904,12.420207003450058,0.5527800161160354,560,681,1241,0.0,0.0008333472224535399,0.5527800161160327,0.0
14905,12.421040350672511,0.5527800161160354,560,681,1241,0.0,0.0008333472224535399,0.5527800161160327,0.0
14906,12.421873697894965,0.5527800161160354,560,681,1241,0.0,0.0008333472224535399,0.5527800161160327,0.0
14907,12.42270704511742,0.5527800161160354,560,681,1241,0.0,0.0008333472224553162,0.5527800161160327,0.0
14908,12.423540392339874,0.5527800161160354,560,681,1241,0.0,0.0008333472224535399,0.5527800161160327,0.0
14909,12.424373739562327,0.5527800161160354,560,681,1241,0.0,0.0008333472224535399,0.5527800161160327,0.0
14910,12.42520708678478,0.5527800161160354,560,681,1241,0.0,0.0008333472224535399,0.5527800161160327,0.0
14911,12.426040434007234,0.5527800161160354,560,681,1241,0.0,0.0008333472224535399,0.5527800161160327,0.0
14912,12.426873781229688,0.5527800161160354,560,681,1241,0.0,0.0008333472224535399,0.5527800161160327,0.0
14913,12.427707128452141,0.5527800161160354,560,681,1241,0.0,0.0008333472224535399,0.5527800161160327,0.0
14914,12.428540475674595,0.5527800161160354,560,681,1241,0.0,0.0008333472224535399,0.5527800161160327,0.0
14915,12.429373822897048,0.5527800161160354,560,681,1241,0.0,0.0008333472224535399,0.5527800161160327,0.0
14916,12.430207170119502,0.5527800161160354,560,681,1241,0.0,0.0008333472224535399,0.5527800161160327,0.0
14917,12.431040517341955,0.5527800161160354,560,681,1241,0.0,0.0008333472224535399,0.5527800161160327,0.0
14918,12.43187386456441,0.5527800161160354,560,681,1241,0.0,0.0008333472224553162,0.5527800161160327,0.0
14919,12.432707211786864,0.5527800161160354,560,681,1241,0.0,0.0008333472224535399,0.5527800161160327,0.0
14920,12.433540559009318,0.5527800161160354,560,681,1241,0.0,0.0008333472224535399,0.5527800161160327,0.0
14921,12.434373906231771,0.5527800161160354,560,681,1241,0.0,0.0008333472224535399,0.5527800161160327,0.0
14922,12.435207253454225,0.5527800161160354,560,681,1241,0.0,0.0008333472224535399,0.5527800161160327,0.0
14923,12.436040600676678,0.5527800161160354,560,681,1241,0.0,0.0008333472224535399,0.5527800161160327,0.0
14924,12.436873947899132,0.5527800161160354,560,681,1241,0.0,0.0008333472224535399,0.5527800161160327,0.0
14925,12.437707295121585,0.5527800161160354,560,681,1241,0.0,0.0008333472224535399,0.5527800161160327,0.0
14926,12.438540642344039,0.5527800161160354,560,681,1241,0.0,0.0008333472224535399,0.5527800161160327,0.0
14927,12.439373989566493,0.5527800161160354,560,681,1241,0.0,0.0008333472224535399,0.5527800161160327,0.0
14928,12.440207336788948,0.5527800161160354,560,681,1241,0.0,0.0008333472224553162,0.5527800161160327,0.0
14929,12.441040684011401,0.5527800161160354,560,681,1241,0.0,0.0008333472224535399,0.5527800161160327,0.0
14930,12.441874031233855,0.5527800161160354,560,681,1241,0.0,0.0008333472224535399,0.5527800161160327,0.0
14931,12.442707378456308,0.5519742143432715,560,681,1241,-0.0008058017727639033,0.0008333472224535399,0.5526994359387564,-8.058017727639034e-05
14932,12.443540725678762,0.5519742143432715,560,681,1241,0.0,0.0008333472224535399,0.55261885576148,-8.058017727639034e-05
14933,12.444374072901216,0.5519742143432715,560,681,1241,0.0,0.0008333472224535399,0.5525382755842037,-8.058017727639034e-05
14934,12.445207420123669,0.5519742143432715,560,681,1241,0.0,0.0008333472224535399,0.5524576954069274,-8.058017727639034e-05
14935,12.446040767346123,0.5519742143432715,560,681,1241,0.0,0.0008333472224535399,0.5523771152296509,-8.058017727639034e-05
14936,12.446874114568576,0.5519742143432715,560,681,1241,0.0,0.0008333472224535399,0.5522965350523746,-8.058017727639034e-05
14937,12.44770746179103,0.5511684125705076,560,681,1241,-0.0008058017727639033,0.0008333472224535399,0.5521353746978219,-0.00016116035455278067
14938,12.448540809013483,0.5511684125705076,560,681,1241,0.0,0.0008333472224535399,0.5519742143432692,-0.00016116035455278067
14939,12.449374156235939,0.5511684125705076,560,681,1241,0.0,0.0008333472224553162,0.5518130539887165,-0.00016116035455278067
14940,12.450207503458392,0.5511684125705076,560,681,1241,0.0,0.0008333472224535399,0.5516518936341639,-0.00016116035455278067
14941,12.451040850680846,0.5511684125705076,560,681,1241,0.0,0.0008333472224535399,0.5515713134568875,-8.058017727639034e-05
14942,12.4518741979033,0.5519742143432715,560,681,1241,0.0008058017727639033,0.0008333472224535399,0.5515713134568875,0.0
14943,12.452707545125753,0.5519742143432715,560,681,1241,0.0,0.0008333472224535399,0.5515713134568875,0.0
14944,12.453540892348206,0.5527800161160354,560,681,1241,0.0008058017727639033,0.0008333472224535399,0.5516518936341639,8.058017727639034e-05
14945,12.45437423957066,0.5527800161160354,560,681,1241,0.0,0.0008333472224535399,0.5517324738114402,8.058017727639034e-05
14946,12.455207586793113,0.5527800161160354,560,681,1241,0.0,0.0008333472224535399,0.5518130539887165,8.058017727639034e-05
14947,12.456040934015567,0.5527800161160354,560,681,1241,0.0,0.0008333472224535399,0.5519742143432692,0.00016116035455278067
14948,12.45687428123802,0.5527800161160354,560,681,1241,0.0,0.0008333472224535399,0.5521353746978219,0.00016116035455278067
14949,12.457707628460476,0.5527800161160354,560,681,1241,0.0,0.0008333472224553162,0.5522965350523746,0.00016116035455278067
14950,12.45854097568293,0.5527800161160354,560,681,1241,0.0,0.0008333472224535399,0.5524576954069274,0.00016116035455278067
14951,12.459374322905383,0.5527800161160354,560,681,1241,0.0,0.0008333472224535399,0.55261885576148,0.00016116035455278067
14952,12.460207670127836,0.5527800161160354,560,681,1241,0.0,0.0008333472224535399,0.5526994359387564,8.058017727639034e-05
14953,12.46104101735029,0.5527800161160354,560,681,1241,0.0,0.0008333472224535399,0.5527800161160327,8.058017727639034e-05
14954,12.461874364572743,0.5527800161160354,560,681,1241,0.0,0.0008333472224535399,0.5527800161160327,0.0
14955,12.462707711795197,0.5535858178887993,560,681,1241,0.0008058017727639033,0.0008333472224535399,0.5528605962933091,8.058017727639034e-05
14956,12.46354105901765,0.5535858178887993,560,681,1241,0.0,0.0008333472224535399,0.5529411764705854,8.058017727639034e-05
14957,12.464374406240104,0.5535858178887993,560,681,1241,0.0,0.0008333472224535399,0.5530217566478617,8.058017727639034e-05
14958,12.465207753462558,0.5535858178887993,560,681,1241,0.0,0.0008333472224535399,0.5531023368251381,8.058017727639034e-05
14959,12.466041100685011,0.5535858178887993,560,681,1241,0.0,0.0008333472224535399,0.5531829170024144,8.058017727639034e-05
14960,12.466874447907466,0.5535858178887993,560,681,1241,0.0,0.0008333472224553162,0.5532634971796908,8.058017727639034e-05
14961,12.46770779512992,0.5535858178887993,560,681,1241,0.0,0.0008333472224535399,0.5533440773569671,8.058017727639034e-05
14962,12.468541142352374,0.5535858178887993,560,681,1241,0.0,0.0008333472224535399,0.5534246575342434,8.058017727639034e-05
14963,12.469374489574827,0.5535858178887993,560,681,1241,0.0,0.0008333472224535399,0.5535052377115198,8.058017727639034e-05
14964,12.47020783679728,0.5535858178887993,560,681,1241,0.0,0.0008333472224535399,0.5535858178887961,8.058017727639034e-05
14965,12.471041184019734,0.5535858178887993,560,681,1241,0.0,0.0008333472224535399,0.5535858178887961,0.0
14966,12.471874531242188,0.5535858178887993,560,681,1241,0.0,0.0008333472224535399,0.5535858178887961,0.0
14967,12.472707878464641,0.5535858178887993,560,681,1241,0.0,0.0008333472224535399,0.5535858178887961,0.0
14968,12.473541225687095,0.5535858178887993,560,681,1241,0.0,0.0008333472224535399,0.5535858178887961,0.0
14969,12.474374572909548,0.5535858178887993,560,681,1241,0.0,0.0008333472224535399,0.5535858178887961,0.0
14970,12.475207920132002,0.5535858178887993,560,681,1241,0.0,0.0008333472224535399,0.5535858178887961,0.0
14971,12.476041267354457,0.5535858178887993,560,681,1241,0.0,0.0008333472224553162,0.5535858178887961,0.0
14972,12.47687461457691,0.5535858178887993,560,681,1241,0.0,0.0008333472224535399,0.5535858178887961,0.0
14973,12.477707961799364,0.5535858178887993,560,681,1241,0.0,0.0008333472224535399,0.5535858178887961,0.0
14974,12.478541309021818,0.5535858178887993,560,681,1241,0.0,0.0008333472224535399,0.5535858178887961,0.0
14975,12.479374656244271,0.5535858178887993,560,681,1241,0.0,0.0008333472224535399,0.5535858178887961,0.0
14976,12.480208003466725,0.5535858178887993,560,681,1241,0.0,0.0008333472224535399,0.5535858178887961,0.0
14977,12.481041350689178,0.5535858178887993,560,681,1241,0.0,0.0008333472224535399,0.5535858178887961,0.0
14978,12.481874697911632,0.5535858178887993,560,681,1241,0.0,0.0008333472224535399,0.5535858178887961,0.0
14979,12.482708045134085,0.5535858178887993,560,681,1241,0.0,0.0008333472224535399,0.5535858178887961,0.0
14980,12.483541392356539,0.5535858178887993,560,681,1241,0.0,0.0008333472224535399,0.5535858178887961,0.0
14981,12.484374739578994,0.5535858178887993,560,681,1241,0.0,0.0008333472224553162,0.5535858178887961,0.0
14982,12.485208086801448,0.5535858178887993,560,681,1241,0.0,0.0008333472224535399,0.5535858178887961,0.0
14983,12.486041434023901,0.5535858178887993,560,681,1241,0.0,0.0008333472224535399,0.5535858178887961,0.0
14984,12.486874781246355,0.5535858178887993,560,681,1241,0.0,0.0008333472224535399,0.5535858178887961,0.0
14985,12.487708128468809,0.5535858178887993,560,681,1241,0.0,0.0008333472224535399,0.5535858178887961,0.0
14986,12.488541475691262,0.5535858178887993,560,681,1241,0.0,0.0008333472224535399,0.5535858178887961,0.0
14987,12.489374822913716,0.5535858178887993,560,681,1241,0.0,0.0008333472224535399,0.5535858178887961,0.0
14988,12.49020817013617,0.5535858178887993,560,681,1241,0.0,0.0008333472224535399,0.5535858178887961,0.0
14989,12.491041517358623,0.5535858178887993,560,681,1241,0.0,0.0008333472224535399,0.5535858178887961,0.0
14990,12.491874864581076,0.5535858178887993,560,681,1241,0.0,0.0008333472224535399,0.5535858178887961,0.0
14991,12.49270821180353,0.5535858178887993,560,681,1241,0.0,0.0008333472224535399,0.5535858178887961,0.0
14992,12.493541559025985,0.5527800161160354,560,681,1241,-0.0008058017727639033,0.0008333472224553162,0.5535052377115197,-8.058017727639034e-05
14993,12.494374906248439,0.5527800161160354,560,681,1241,0.0,0.0008333472224535399,0.5534246575342434,-8.058017727639034e-05
14994,12.495208253470892,0.5527800161160354,560,681,1241,0.0,0.0008333472224535399,0.553344077356967,-8.058017727639034e-05
14995,12.496041600693346,0.5527800161160354,560,681,1241,0.0,0.0008333472224535399,0.5532634971796907,-8.058017727639034e-05
14996,12.4968749479158,0.5527800161160354,560,681,1241,0.0,0.0008333472224535399,0.5531829170024143,-8.058017727639034e-05
14997,12.497708295138253,0.5527800161160354,560,681,1241,0.0,0.0008333472224535399,0.553102336825138,-8.058017727639034e-05
14998,12.498541642360706,0.5527800161160354,560,681,1241,0.0,0.0008333472224535399,0.5530217566478617,-8.058017727639034e-05
14999,12.49937498958316,0.5527800161160354,560,681,1241,0.0,0.0008333472224535399,0.5529411764705853,-8.058017727639034e-05
15000,12.500208336805613,0.5527800161160354,560,681,1241,0.0,0.0008333472224535399,0.552860596293309,-8.058017727639034e-05
15001,12.501041684028067,0.5527800161160354,560,681,1241,0.0,0.0008333472224535399,0.5527800161160326,-8.058017727639034e-05
15002,12.501875031250522,0.5527800161160354,560,681,1241,0.0,0.0008333472224553162,0.5527800161160327,0.0
15003,12.502708378472976,0.5527800161160354,560,681,1241,0.0,0.0008333472224535399,0.5527800161160327,0.0
15004,12.50354172569543,0.5527800161160354,560,681,1241,0.0,0.0008333472224535399,0.5527800161160327,0.0
15005,12.504375072917883,0.5527800161160354,560,681,1241,0.0,0.0008333472224535399,0.5527800161160327,0.0
15006,12.505208420140336,0.5519742143432715,560,681,1241,-0.0008058017727639033,0.0008333472224535399,0.5526994359387564,-8.058017727639034e-05
15007,12.50604176736279,0.5519742143432715,560,681,1241,0.0,0.0008333472224535399,0.55261885576148,-8.058017727639034e-05
15008,12.506875114585243,0.5519742143432715,560,681,1241,0.0,0.0008333472224535399,0.5525382755842037,-8.058017727639034e-05
15009,12.507708461807697,0.5519742143432715,560,681,1241,0.0,0.0008333472224535399,0.5524576954069274,-8.058017727639034e-05
15010,12.50854180903015,0.5519742143432715,560,681,1241,0.0,0.0008333472224535399,0.5523771152296509,-8.058017727639034e-05
15011,12.509375156252604,0.5519742143432715,560,681,1241,0.0,0.0008333472224535399,0.5522965350523746,-8.058017727639034e-05
15012,12.510208503475058,0.5519742143432715,560,681,1241,0.0,0.0008333472224535399,0.5522159548750982,-8.058017727639034e-05
15013,12.511041850697513,0.5511684125705076,560,681,1241,-0.0008058017727639033,0.0008333472224553162,0.5520547945205456,-0.00016116035455278067
15014,12.511875197919966,0.5511684125705076,560,681,1241,0.0,0.0008333472224535399,0.5518936341659929,-0.00016116035455278067
15015,12.51270854514242,0.5511684125705076,560,681,1241,0.0,0.0008333472224535399,0.5517324738114402,-0.00016116035455278067
15016,12.513541892364874,0.5511684125705076,560,681,1241,0.0,0.0008333472224535399,0.5516518936341639,-8.058017727639034e-05
15017,12.514375239587327,0.5511684125705076,560,681,1241,0.0,0.0008333472224535399,0.5515713134568875,-8.058017727639034e-05
15018,12.51520858680978,0.5511684125705076,560,681,1241,0.0,0.0008333472224535399,0.5514907332796112,-8.058017727639034e-05
15019,12.516041934032234,0.5511684125705076,560,681,1241,0.0,0.0008333472224535399,0.5514101531023348,-8.058017727639034e-05
15020,12.516875281254688,0.5511684125705076,560,681,1241,0.0,0.0008333472224535399,0.5513295729250585,-8.058017727639034e-05
15021,12.517708628477141,0.5511684125705076,560,681,1241,0.0,0.0008333472224535399,0.5512489927477822,-8.058017727639034e-05
15022,12.518541975699595,0.5511684125705076,560,681,1241,0.0,0.0008333472224535399,0.5511684125705058,-8.058017727639034e-05
15023,12.519375322922048,0.5519742143432715,560,681,1241,0.0008058017727639033,0.0008333472224535399,0.5512489927477822,8.058017727639034e-05
15024,12.520208670144504,0.5519742143432715,560,681,1241,0.0,0.0008333472224553162,0.5513295729250585,8.058017727639034e-05
15025,12.521042017366957,0.5519742143432715,560,681,1241,0.0,0.0008333472224535399,0.5514101531023348,8.058017727639034e-05
15026,12.52187536458941,0.5511684125705076,560,681,1241,-0.0008058017727639033,0.0008333472224535399,0.5514101531023348,0.0
15027,12.522708711811864,0.5511684125705076,560,681,1241,0.0,0.0008333472224535399,0.5514101531023348,0.0
15028,12.523542059034318,0.5511684125705076,560,681,1241,0.0,0.0008333472224535399,0.5514101531023348,0.0
15029,12.524375406256771,0.5511684125705076,560,681,1241,0.0,0.0008333472224535399,0.5514101531023348,0.0
15030,12.525208753479225,0.5511684125705076,560,681,1241,0.0,0.0008333472224535399,0.5514101531023348,0.0
15031,12.526042100701678,0.5511684125705076,560,681,1241,0.0,0.0008333472224535399,0.5514101531023348,0.0
15032,12.526875447924132,0.5511684125705076,560,681,1241,0.0,0.0008333472224535399,0.5514101531023348,0.0
15033,12.527708795146586,0.5511684125705076,560,681,1241,0.0,0.0008333472224535399,0.5513295729250585,-8.058017727639034e-05
15034,12.52854214236904,0.5511684125705076,560,681,1241,0.0,0.0008333472224553162,0.5512489927477822,-8.058017727639034e-05
15035,12.529375489591494,0.5511684125705076,560,681,1241,0.0,0.0008333472224535399,0.5511684125705058,-8.058017727639034e-05
15036,12.530208836813948,0.5511684125705076,560,681,1241,0.0,0.0008333472224535399,0.5511684125705058,0.0
15037,12.531042184036401,0.5511684125705076,560,681,1241,0.0,0.0008333472224535399,0.5511684125705058,0.0
15038,12.531875531258855,0.5511684125705076,560,681,1241,0.0,0.0008333472224535399,0.5511684125705058,0.0
15039,12.532708878481309,0.5511684125705076,560,681,1241,0.0,0.0008333472224535399,0.5511684125705058,0.0
15040,12.533542225703762,0.5511684125705076,560,681,1241,0.0,0.0008333472224535399,0.5511684125705058,0.0
15041,12.534375572926216,0.5511684125705076,560,681,1241,0.0,0.0008333472224535399,0.5511684125705058,0.0
15042,12.53520892014867,0.5511684125705076,560,681,1241,0.0,0.0008333472224535399,0.5511684125705058,0.0
15043,12.536042267371123,0.5511684125705076,560,681,1241,0.0,0.0008333472224535399,0.5511684125705058,0.0
15044,12.536875614593576,0.5511684125705076,560,681,1241,0.0,0.0008333472224535399,0.5511684125705058,0.0
15045,12.537708961816032,0.5511684125705076,560,681,1241,0.0,0.0008333472224553162,0.5511684125705058,0.0
15046,12.538542309038485,0.5511684125705076,560,681,1241,0.0,0.0008333472224535399,0.5511684125705058,0.0
15047,12.539375656260939,0.5511684125705076,560,681,1241,0.0,0.0008333472224535399,0.5511684125705058,0.0
15048,12.540209003483392,0.5511684125705076,560,681,1241,0.0,0.0008333472224535399,0.5511684125705058,0.0
15049,12.541042350705846,0.5511684125705076,560,681,1241,0.0,0.0008333472224535399,0.5511684125705058,0.0
15050,12.5418756979283,0.5511684125705076,560,681,1241,0.0,0.0008333472224535399,0.5511684125705058,0.0
15051,12.542709045150753,0.5511684125705076,560,681,1241,0.0,0.0008333472224535399,0.5511684125705058,0.0
15052,12.543542392373206,0.5511684125705076,560,681,1241,0.0,0.0008333472224535399,0.5511684125705058,0.0
15053,12.54437573959566,0.5511684125705076,560,681,1241,0.0,0.0008333472224535399,0.5511684125705058,0.0
15054,12.545209086818113,0.5511684125705076,560,681,1241,0.0,0.0008333472224535399,0.5511684125705058,0.0
15055,12.546042434040569,0.5511684125705076,560,681,1241,0.0,0.0008333472224553162,0.5511684125705058,0.0
15056,12.546875781263022,0.5511684125705076,560,681,1241,0.0,0.0008333472224535399,0.5511684125705058,0.0
15057,12.547709128485476,0.5511684125705076,560,681,1241,0.0,0.0008333472224535399,0.5511684125705058,0.0
15058,12.54854247570793,0.5511684125705076,560,681,1241,0.0,0.0008333472224535399,0.5511684125705058,0.0
15059,12.549375822930383,0.5511684125705076,560,681,1241,0.0,0.0008333472224535399,0.5511684125705058,0.0
15060,12.550209170152836,0.5511684125705076,560,681,1241,0.0,0.0008333472224535399,0.5511684125705058,0.0
15061,12.55104251737529,0.5511684125705076,560,681,1241,0.0,0.0008333472224535399,0.5511684125705058,0.0
15062,12.551875864597744,0.5511684125705076,560,681,1241,0.0,0.0008333472224535399,0.5511684125705058,0.0
15063,12.552709211820197,0.5511684125705076,560,681,1241,0.0,0.0008333472224535399,0.5511684125705058,0.0
15064,12.55354255904265,0.5511684125705076,560,681,1241,0.0,0.0008333472224535399,0.5511684125705058,0.0
15065,12.554375906265104,0.5511684125705076,560,681,1241,0.0,0.0008333472224535399,0.5511684125705058,0.0
15066,12.55520925348756,0.5511684125705076,560,681,1241,0.0,0.0008333472224553162,0.5511684125705058,0.0
15067,12.556042600710013,0.5511684125705076,560,681,1241,0.0,0.0008333472224535399,0.5511684125705058,0.0
15068,12.556875947932467,0.5511684125705076,560,681,1241,0.0,0.0008333472224535399,0.5511684125705058,0.0
15069,12.55770929515492,0.5503626107977437,560,681,1241,-0.0008058017727639033,0.0008333472224535399,0.5510878323932294,-8.058017727639034e-05
15070,12.558542642377374,0.5503626107977437,560,681,1241,0.0,0.0008333472224535399,0.551007252215953,-8.058017727639034e-05
15071,12.559375989599827,0.5503626107977437,560,681,1241,0.0,0.0008333472224535399,0.5509266720386767,-8.058017727639034e-05
15072,12.56020933682228,0.5503626107977437,560,681,1241,0.0,0.0008333472224535399,0.5508460918614004,-8.058017727639034e-05
15073,12.561042684044734,0.5503626107977437,560,681,1241,0.0,0.0008333472224535399,0.550765511684124,-8.058017727639034e-05
15074,12.561876031267188,0.5503626107977437,560,681,1241,0.0,0.0008333472224535399,0.5506849315068477,-8.058017727639034e-05
15075,12.562709378489641,0.5503626107977437,560,681,1241,0.0,0.0008333472224535399,0.5506043513295713,-8.058017727639034e-05
15076,12.563542725712095,0.5503626107977437,560,681,1241,0.0,0.0008333472224535399,0.550523771152295,-8.058017727639034e-05
15077,12.56437607293455,0.5503626107977437,560,681,1241,0.0,0.0008333472224553162,0.5504431909750187,-8.058017727639034e-05
15078,12.565209420157004,0.5503626107977437,560,681,1241,0.0,0.0008333472224535399,0.5503626107977423,-8.058017727639034e-05
15079,12.566042767379457,0.5503626107977437,560,681,1241,0.0,0.0008333472224535399,0.5503626107977423,0.0
15080,12.56687611460191,0.5511684125705076,560,681,1241,0.0008058017727639033,0.0008333472224535399,0.5504431909750187,8.058017727639034e-05
15081,12.567709461824364,0.5511684125705076,560,681,1241,0.0,0.0008333472224535399,0.5505237711522951,8.058017727639034e-05
15082,12.568542809046818,0.5511684125705076,560,681,1241,0.0,0.0008333472224535399,0.5506043513295714,8.058017727639034e-05
15083,12.569376156269271,0.5511684125705076,560,681,1241,0.0,0.0008333472224535399,0.5506849315068478,8.058017727639034e-05
15084,12.570209503491725,0.5511684125705076,560,681,1241,0.0,0.0008333472224535399,0.5507655116841241,8.058017727639034e-05
15085,12.571042850714178,0.5511684125705076,560,681,1241,0.0,0.0008333472224535399,0.5508460918614004,8.058017727639034e-05
15086,12.571876197936632,0.5511684125705076,560,681,1241,0.0,0.0008333472224535399,0.5509266720386768,8.058017727639034e-05
15087,12.572709545159087,0.5511684125705076,560,681,1241,0.0,0.0008333472224553162,0.5510072522159531,8.058017727639034e-05
15088,12.57354289238154,0.5511684125705076,560,681,1241,0.0,0.0008333472224535399,0.5510878323932296,8.058017727639034e-05
15089,12.574376239603994,0.5511684125705076,560,681,1241,0.0,0.0008333472224535399,0.5511684125705059,8.058017727639034e-05
15090,12.575209586826448,0.5511684125705076,560,681,1241,0.0,0.0008333472224535399,0.5511684125705058,0.0
15091,12.576042934048902,0.5511684125705076,560,681,1241,0.0,0.0008333472224535399,0.5511684125705058,0.0
15092,12.576876281271355,0.5511684125705076,560,681,1241,0.0,0.0008333472224535399,0.5511684125705058,0.0
15093,12.577709628493809,0.5511684125705076,560,681,1241,0.0,0.0008333472224535399,0.5511684125705058,0.0
15094,12.578542975716262,0.5511684125705076,560,681,1241,0.0,0.0008333472224535399,0.5511684125705058,0.0
15095,12.579376322938716,0.5511684125705076,560,681,1241,0.0,0.0008333472224535399,0.5511684125705058,0.0
15096,12.58020967016117,0.5503626107977437,560,681,1241,-0.0008058017727639033,0.0008333472224535399,0.5510878323932294,-8.058017727639034e-05
15097,12.581043017383623,0.5503626107977437,560,681,1241,0.0,0.0008333472224535399,0.551007252215953,-8.058017727639034e-05
15098,12.581876364606078,0.5503626107977437,560,681,1241,0.0,0.0008333472224553162,0.5509266720386767,-8.058017727639034e-05
15099,12.582709711828532,0.5503626107977437,560,681,1241,0.0,0.0008333472224535399,0.5508460918614004,-8.058017727639034e-05
15100,12.583543059050985,0.5503626107977437,560,681,1241,0.0,0.0008333472224535399,0.550765511684124,-8.058017727639034e-05
15101,12.584376406273439,0.5503626107977437,560,681,1241,0.0,0.0008333472224535399,0.5506849315068477,-8.058017727639034e-05
15102,12.585209753495892,0.5503626107977437,560,681,1241,0.0,0.0008333472224535399,0.5506043513295713,-8.058017727639034e-05
15103,12.586043100718346,0.5503626107977437,560,681,1241,0.0,0.0008333472224535399,0.550523771152295,-8.058017727639034e-05
15104,12.5868764479408,0.5503626107977437,560,681,1241,0.0,0.0008333472224535399,0.5504431909750187,-8.058017727639034e-05
15105,12.587709795163253,0.5503626107977437,560,681,1241,0.0,0.0008333472224535399,0.5503626107977423,-8.058017727639034e-05
15106,12.588543142385706,0.5503626107977437,560,681,1241,0.0,0.0008333472224535399,0.5503626107977423,0.0
15107,12.58937648960816,0.5503626107977437,560,681,1241,0.0,0.0008333472224535399,0.5503626107977423,0.0
15108,12.590209836830615,0.5503626107977437,560,681,1241,0.0,0.0008333472224553162,0.5503626107977423,0.0
15109,12.591043184053069,0.5503626107977437,560,681,1241,0.0,0.0008333472224535399,0.5503626107977423,0.0
15110,12.591876531275522,0.5503626107977437,560,681,1241,0.0,0.0008333472224535399,0.5503626107977423,0.0
15111,12.592709878497976,0.5503626107977437,560,681,1241,0.0,0.0008333472224535399,0.5503626107977423,0.0
15112,12.59354322572043,0.5503626107977437,560,681,1241,0.0,0.0008333472224535399,0.5503626107977423,0.0
15113,12.594376572942883,0.5503626107977437,560,681,1241,0.0,0.0008333472224535399,0.5503626107977423,0.0
15114,12.595209920165336,0.5511684125705076,560,681,1241,0.0008058017727639033,0.0008333472224535399,0.5504431909750187,8.058017727639034e-05
15115,12.59604326738779,0.5511684125705076,560,681,1241,0.0,0.0008333472224535399,0.5505237711522951,8.058017727639034e-05
15116,12.596876614610244,0.5511684125705076,560,681,1241,0.0,0.0008333472224535399,0.5506043513295714,8.058017727639034e-05
15117,12.597709961832697,0.5511684125705076,560,681,1241,0.0,0.0008333472224535399,0.5506849315068478,8.058017727639034e-05
15118,12.59854330905515,0.5511684125705076,560,681,1241,0.0,0.0008333472224535399,0.5507655116841241,8.058017727639034e-05
15119,12.599376656277606,0.5511684125705076,560,681,1241,0.0,0.0008333472224553162,0.5508460918614004,8.058017727639034e-05
15120,12.60021000350006,0.5511684125705076,560,681,1241,0.0,0.0008333472224535399,0.5509266720386768,8.058017727639034e-05
15121,12.601043350722513,0.5511684125705076,560,681,1241,0.0,0.0008333472224535399,0.5510072522159531,8.058017727639034e-05
15122,12.601876697944967,0.5511684125705076,560,681,1241,0.0,0.0008333472224535399,0.5510878323932296,8.058017727639034e-05
15123,12.60271004516742,0.5511684125705076,560,681,1241,0.0,0.0008333472224535399,0.5511684125705059,8.058017727639034e-05
15124,12.603543392389874,0.5511684125705076,560,681,1241,0.0,0.0008333472224535399,0.5511684125705058,0.0
15125,12.604376739612327,0.5511684125705076,560,681,1241,0.0,0.0008333472224535399,0.5511684125705058,0.0
15126,12.60521008683478,0.5511684125705076,560,681,1241,0.0,0.0008333472224535399,0.5511684125705058,0.0
15127,12.606043434057234,0.5511684125705076,560,681,1241,0.0,0.0008333472224535399,0.5511684125705058,0.0
15128,12.606876781279688,0.5511684125705076,560,681,1241,0.0,0.0008333472224535399,0.5511684125705058,0.0
15129,12.607710128502143,0.5511684125705076,560,681,1241,0.0,0.0008333472224553162,0.5511684125705058,0.0
15130,12.608543475724597,0.5511684125705076,560,681,1241,0.0,0.0008333472224535399,0.5511684125705058,0.0
15131,12.60937682294705,0.5511684125705076,560,681,1241,0.0,0.0008333472224535399,0.5511684125705058,0.0
15132,12.610210170169504,0.5511684125705076,560,681,1241,0.0,0.0008333472224535399,0.5511684125705058,0.0
15133,12.611043517391957,0.5511684125705076,560,681,1241,0.0,0.0008333472224535399,0.5511684125705058,0.0
15134,12.61187686461441,0.5511684125705076,560,681,1241,0.0,0.0008333472224535399,0.5511684125705058,0.0
15135,12.612710211836864,0.5511684125705076,560,681,1241,0.0,0.0008333472224535399,0.5511684125705058,0.0
15136,12.613543559059318,0.5511684125705076,560,681,1241,0.0,0.0008333472224535399,0.5511684125705058,0.0
15137,12.614376906281771,0.5511684125705076,560,681,1241,0.0,0.0008333472224535399,0.5511684125705058,0.0
15138,12.615210253504225,0.5511684125705076,560,681,1241,0.0,0.0008333472224535399,0.5511684125705058,0.0
15139,12.616043600726679,0.5511684125705076,560,681,1241,0.0,0.0008333472224535399,0.5511684125705058,0.0
15140,12.616876947949134,0.5511684125705076,560,681,1241,0.0,0.0008333472224553162,0.5511684125705058,0.0
15141,12.617710295171587,0.5511684125705076,560,681,1241,0.0,0.0008333472224535399,0.5511684125705058,0.0
15142,12.618543642394041,0.5511684125705076,560,681,1241,0.0,0.0008333472224535399,0.5511684125705058,0.0
15143,12.619376989616494,0.5511684125705076,560,681,1241,0.0,0.0008333472224535399,0.5511684125705058,0.0
15144,12.620210336838948,0.5511684125705076,560,681,1241,0.0,0.0008333472224535399,0.5511684125705058,0.0
15145,12.621043684061402,0.5511684125705076,560,681,1241,0.0,0.0008333472224535399,0.5511684125705058,0.0
15146,12.621877031283855,0.5511684125705076,560,681,1241,0.0,0.0008333472224535399,0.5511684125705058,0.0
15147,12.622710378506309,0.5511684125705076,560,681,1241,0.0,0.0008333472224535399,0.5511684125705058,0.0
15148,12.623543725728762,0.5511684125705076,560,681,1241,0.0,0.0008333472224535399,0.5511684125705058,0.0
15149,12.624377072951216,0.5511684125705076,560,681,1241,0.0,0.0008333472224535399,0.5511684125705058,0.0
15150,12.62521042017367,0.5511684125705076,560,681,1241,0.0,0.0008333472224535399,0.5511684125705058,0.0
15151,12.626043767396125,0.5511684125705076,560,681,1241,0.0,0.0008333472224553162,0.5511684125705058,0.0
15152,12.626877114618578,0.5511684125705076,560,681,1241,0.0,0.0008333472224535399,0.5511684125705058,0.0
15153,12.627710461841032,0.5503626107977437,560,681,1241,-0.0008058017727639033,0.0008333472224535399,0.5510878323932294,-8.058017727639034e-05
15154,12.628543809063485,0.5503626107977437,560,681,1241,0.0,0.0008333472224535399,0.551007252215953,-8.058017727639034e-05
15155,12.629377156285939,0.5503626107977437,560,681,1241,0.0,0.0008333472224535399,0.5509266720386767,-8.058017727639034e-05
15156,12.630210503508392,0.5503626107977437,560,681,1241,0.0,0.0008333472224535399,0.5508460918614004,-8.058017727639034e-05
15157,12.631043850730846,0.5503626107977437,560,681,1241,0.0,0.0008333472224535399,0.550765511684124,-8.058017727639034e-05
15158,12.6318771979533,0.5503626107977437,560,681,1241,0.0,0.0008333472224535399,0.5506849315068477,-8.058017727639034e-05
15159,12.632710545175753,0.5503626107977437,560,681,1241,0.0,0.0008333472224535399,0.5506043513295713,-8.058017727639034e-05
15160,12.633543892398206,0.5503626107977437,560,681,1241,0.0,0.0008333472224535399,0.550523771152295,-8.058017727639034e-05
15161,12.634377239620662,0.5503626107977437,560,681,1241,0.0,0.0008333472224553162,0.5504431909750187,-8.058017727639034e-05
15162,12.635210586843115,0.5503626107977437,560,681,1241,0.0,0.0008333472224535399,0.5503626107977423,-8.058017727639034e-05
15163,12.636043934065569,0.5503626107977437,560,681,1241,0.0,0.0008333472224535399,0.5503626107977423,0.0
15164,12.636877281288022,0.5503626107977437,560,681,1241,0.0,0.0008333472224535399,0.5503626107977423,0.0
15165,12.637710628510476,0.5503626107977437,560,681,1241,0.0,0.0008333472224535399,0.5503626107977423,0.0
15166,12.63854397573293,0.5503626107977437,560,681,1241,0.0,0.0008333472224535399,0.5503626107977423,0.0
15167,12.639377322955383,0.5503626107977437,560,681,1241,0.0,0.0008333472224535399,0.5503626107977423,0.0
15168,12.640210670177837,0.5503626107977437,560,681,1241,0.0,0.0008333472224535399,0.5503626107977423,0.0
15169,12.64104401740029,0.5503626107977437,560,681,1241,0.0,0.0008333472224535399,0.5503626107977423,0.0
15170,12.641877364622744,0.5503626107977437,560,681,1241,0.0,0.0008333472224535399,0.5503626107977423,0.0
15171,12.642710711845197,0.5503626107977437,560,681,1241,0.0,0.0008333472224535399,0.5503626107977423,0.0
15172,12.643544059067652,0.5503626107977437,560,681,1241,0.0,0.0008333472224553162,0.5503626107977423,0.0
15173,12.644377406290106,0.5503626107977437,560,681,1241,0.0,0.0008333472224535399,0.5503626107977423,0.0
15174,12.64521075351256,0.5503626107977437,560,681,1241,0.0,0.0008333472224535399,0.5503626107977423,0.0
15175,12.646044100735013,0.5503626107977437,560,681,1241,0.0,0.0008333472224535399,0.5503626107977423,0.0
15176,12.646877447957467,0.5503626107977437,560,681,1241,0.0,0.0008333472224535399,0.5503626107977423,0.0
15177,12.64771079517992,0.5503626107977437,560,681,1241,0.0,0.0008333472224535399,0.5503626107977423,0.0
15178,12.648544142402374,0.5503626107977437,560,681,1241,0.0,0.0008333472224535399,0.5503626107977423,0.0
15179,12.649377489624827,0.5503626107977437,560,681,1241,0.0,0.0008333472224535399,0.5503626107977423,0.0
15180,12.65021083684728,0.5503626107977437,560,681,1241,0.0,0.0008333472224535399,0.5503626107977423,0.0
15181,12.651044184069734,0.5503626107977437,560,681,1241,0.0,0.0008333472224535399,0.5503626107977423,0.0
15182,12.65187753129219,0.5503626107977437,560,681,1241,0.0,0.0008333472224553162,0.5503626107977423,0.0
15183,12.652710878514643,0.5511684125705076,560,681,1241,0.0008058017727639033,0.0008333472224535399,0.5504431909750187,8.058017727639034e-05
15184,12.653544225737097,0.5511684125705076,560,681,1241,0.0,0.0008333472224535399,0.5505237711522951,8.058017727639034e-05
15185,12.65437757295955,0.5519742143432715,560,681,1241,0.0008058017727639033,0.0008333472224535399,0.5506849315068478,0.00016116035455278067
15186,12.655210920182004,0.5519742143432715,560,681,1241,0.0,0.0008333472224535399,0.5508460918614007,0.00016116035455278067
15187,12.656044267404457,0.5519742143432715,560,681,1241,0.0,0.0008333472224535399,0.5510072522159535,0.00016116035455278067
15188,12.65687761462691,0.5519742143432715,560,681,1241,0.0,0.0008333472224535399,0.5511684125705062,0.00016116035455278067
15189,12.657710961849364,0.5519742143432715,560,681,1241,0.0,0.0008333472224535399,0.551329572925059,0.00016116035455278067
15190,12.658544309071818,0.5519742143432715,560,681,1241,0.0,0.0008333472224535399,0.5514907332796117,0.00016116035455278067
15191,12.659377656294271,0.5519742143432715,560,681,1241,0.0,0.0008333472224535399,0.5516518936341646,0.00016116035455278067
15192,12.660211003516725,0.5519742143432715,560,681,1241,0.0,0.0008333472224535399,0.5518130539887174,0.00016116035455278067
15193,12.66104435073918,0.5519742143432715,560,681,1241,0.0,0.0008333472224553162,0.5518936341659938,8.058017727639034e-05
15194,12.661877697961634,0.5519742143432715,560,681,1241,0.0,0.0008333472224535399,0.5519742143432701,8.058017727639034e-05
15195,12.662711045184087,0.5519742143432715,560,681,1241,0.0,0.0008333472224535399,0.5519742143432701,0.0
15196,12.663544392406541,0.5519742143432715,560,681,1241,0.0,0.0008333472224535399,0.5519742143432701,0.0
15197,12.664377739628994,0.5519742143432715,560,681,1241,0.0,0.0008333472224535399,0.5519742143432701,0.0
15198,12.665211086851448,0.5519742143432715,560,681,1241,0.0,0.0008333472224535399,0.5519742143432701,0.0
15199,12.666044434073902,0.5519742143432715,560,681,1241,0.0,0.0008333472224535399,0.5519742143432701,0.0
15200,12.666877781296355,0.5519742143432715,560,681,1241,0.0,0.0008333472224535399,0.5519742143432701,0.0
15201,12.667711128518809,0.5519742143432715,560,681,1241,0.0,0.0008333472224535399,0.5519742143432701,0.0
15202,12.668544475741262,0.5519742143432715,560,681,1241,0.0,0.0008333472224535399,0.5519742143432701,0.0
15203,12.669377822963716,0.5519742143432715,560,681,1241,0.0,0.0008333472224535399,0.5519742143432701,0.0
15204,12.670211170186171,0.5527800161160354,560,681,1241,0.0008058017727639033,0.0008333472224553162,0.5520547945205465,8.058017727639034e-05
15205,12.671044517408625,0.5527800161160354,560,681,1241,0.0,0.0008333472224535399,0.5521353746978228,8.058017727639034e-05
15206,12.671877864631078,0.5527800161160354,560,681,1241,0.0,0.0008333472224535399,0.5522159548750991,8.058017727639034e-05
15207,12.672711211853532,0.5527800161160354,560,681,1241,0.0,0.0008333472224535399,0.5522965350523755,8.058017727639034e-05
15208,12.673544559075985,0.5527800161160354,560,681,1241,0.0,0.0008333472224535399,0.5523771152296518,8.058017727639034e-05
15209,12.674377906298439,0.5527800161160354,560,681,1241,0.0,0.0008333472224535399,0.5524576954069282,8.058017727639034e-05
15210,12.675211253520892,0.5527800161160354,560,681,1241,0.0,0.0008333472224535399,0.5525382755842045,8.058017727639034e-05
15211,12.676044600743346,0.5527800161160354,560,681,1241,0.0,0.0008333472224535399,0.5526188557614808,8.058017727639034e-05
15212,12.6768779479658,0.5527800161160354,560,681,1241,0.0,0.0008333472224535399,0.5526994359387573,8.058017727639034e-05
15213,12.677711295188253,0.5527800161160354,560,681,1241,0.0,0.0008333472224535399,0.5527800161160336,8.058017727639034e-05
15214,12.678544642410708,0.5527800161160354,560,681,1241,0.0,0.0008333472224553162,0.5527800161160336,0.0
15215,12.679377989633162,0.5527800161160354,560,681,1241,0.0,0.0008333472224535399,0.5527800161160336,0.0
15216,12.680211336855615,0.5527800161160354,560,681,1241,0.0,0.0008333472224535399,0.5527800161160336,0.0
15217,12.681044684078069,0.5527800161160354,560,681,1241,0.0,0.0008333472224535399,0.5527800161160336,0.0
15218,12.681878031300522,0.5527800161160354,560,681,1241,0.0,0.0008333472224535399,0.5527800161160336,0.0
15219,12.682711378522976,0.5527800161160354,560,681,1241,0.0,0.0008333472224535399,0.5527800161160336,0.0
15220,12.68354472574543,0.5527800161160354,560,681,1241,0.0,0.0008333472224535399,0.5527800161160336,0.0
15221,12.684378072967883,0.5535858178887993,560,681,1241,0.0008058017727639033,0.0008333472224535399,0.55286059629331,8.058017727639034e-05
15222,12.685211420190337,0.5535858178887993,560,681,1241,0.0,0.0008333472224535399,0.5529411764705863,8.058017727639034e-05
15223,12.68604476741279,0.5535858178887993,560,681,1241,0.0,0.0008333472224535399,0.5530217566478626,8.058017727639034e-05
15224,12.686878114635244,0.5535858178887993,560,681,1241,0.0,0.0008333472224535399,0.553102336825139,8.058017727639034e-05
15225,12.687711461857699,0.5535858178887993,560,681,1241,0.0,0.0008333472224553162,0.5531829170024153,8.058017727639034e-05
15226,12.688544809080152,0.5535858178887993,560,681,1241,0.0,0.0008333472224535399,0.5532634971796917,8.058017727639034e-05
15227,12.689378156302606,0.5535858178887993,560,681,1241,0.0,0.0008333472224535399,0.553344077356968,8.058017727639034e-05
15228,12.69021150352506,0.5535858178887993,560,681,1241,0.0,0.0008333472224535399,0.5534246575342443,8.058017727639034e-05
15229,12.691044850747513,0.5535858178887993,560,681,1241,0.0,0.0008333472224535399,0.5535052377115207,8.058017727639034e-05
15230,12.691878197969967,0.5535858178887993,560,681,1241,0.0,0.0008333472224535399,0.553585817888797,8.058017727639034e-05
15231,12.69271154519242,0.5535858178887993,560,681,1241,0.0,0.0008333472224535399,0.553585817888797,0.0
15232,12.693544892414874,0.5535858178887993,560,681,1241,0.0,0.0008333472224535399,0.553585817888797,0.0
15233,12.694378239637327,0.5535858178887993,560,681,1241,0.0,0.0008333472224535399,0.553585817888797,0.0
15234,12.69521158685978,0.5535858178887993,560,681,1241,0.0,0.0008333472224535399,0.553585817888797,0.0
15235,12.696044934082236,0.5535858178887993,560,681,1241,0.0,0.0008333472224553162,0.553585817888797,0.0
15236,12.69687828130469,0.5535858178887993,560,681,1241,0.0,0.0008333472224535399,0.553585817888797,0.0
15237,12.697711628527143,0.5535858178887993,560,681,1241,0.0,0.0008333472224535399,0.553585817888797,0.0
15238,12.698544975749597,0.5551974214343272,560,681,1241,0.0016116035455278066,0.0008333472224535399,0.5537469782433498,0.00016116035455278067
15239,12.69937832297205,0.5551974214343272,560,681,1241,0.0,0.0008333472224535399,0.5539081385979026,0.00016116035455278067
15240,12.700211670194504,0.5551974214343272,560,681,1241,0.0,0.0008333472224535399,0.5540692989524554,0.00016116035455278067
15241,12.701045017416957,0.5551974214343272,560,681,1241,0.0,0.0008333472224535399,0.5542304593070082,0.00016116035455278067
15242,12.701878364639411,0.5551974214343272,560,681,1241,0.0,0.0008333472224535399,0.5543916196615609,0.00016116035455278067
15243,12.702711711861864,0.5551974214343272,560,681,1241,0.0,0.0008333472224535399,0.5545527800161137,0.00016116035455278067
15244,12.703545059084318,0.5551974214343272,560,681,1241,0.0,0.0008333472224535399,0.5547139403706665,0.00016116035455278067
15245,12.704378406306772,0.5551974214343272,560,681,1241,0.0,0.0008333472224535399,0.5548751007252193,0.00016116035455278067
15246,12.705211753529227,0.5551974214343272,560,681,1241,0.0,0.0008333472224553162,0.5550362610797721,0.00016116035455278067
15247,12.70604510075168,0.5551974214343272,560,681,1241,0.0,0.0008333472224535399,0.5551974214343248,0.00016116035455278067
15248,12.706878447974134,0.5551974214343272,560,681,1241,0.0,0.0008333472224535399,0.5551974214343248,0.0
15249,12.707711795196587,0.5551974214343272,560,681,1241,0.0,0.0008333472224535399,0.5551974214343248,0.0
15250,12.708545142419041,0.5551974214343272,560,681,1241,0.0,0.0008333472224535399,0.5551974214343248,0.0
15251,12.709378489641495,0.5551974214343272,560,681,1241,0.0,0.0008333472224535399,0.5551974214343248,0.0
15252,12.710211836863948,0.5551974214343272,560,681,1241,0.0,0.0008333472224535399,0.5551974214343248,0.0
15253,12.711045184086402,0.5551974214343272,560,681,1241,0.0,0.0008333472224535399,0.5551974214343248,0.0
15254,12.711878531308855,0.5551974214343272,560,681,1241,0.0,0.0008333472224535399,0.5551974214343248,0.0
15255,12.712711878531309,0.5551974214343272,560,681,1241,0.0,0.0008333472224535399,0.5551974214343248,0.0
15256,12.713545225753762,0.5551974214343272,560,681,1241,0.0,0.0008333472224535399,0.5551974214343248,0.0
15257,12.714378572976218,0.5551974214343272,560,681,1241,0.0,0.0008333472224553162,0.5551974214343248,0.0
15258,12.715211920198671,0.5551974214343272,560,681,1241,0.0,0.0008333472224535399,0.5551974214343248,0.0
15259,12.716045267421125,0.5551974214343272,560,681,1241,0.0,0.0008333472224535399,0.5551974214343248,0.0
15260,12.716878614643578,0.5551974214343272,560,681,1241,0.0,0.0008333472224535399,0.5551974214343248,0.0
15261,12.717711961866032,0.5551974214343272,560,681,1241,0.0,0.0008333472224535399,0.5551974214343248,0.0
15262,12.718545309088485,0.5551974214343272,560,681,1241,0.0,0.0008333472224535399,0.5551974214343248,0.0
15263,12.719378656310939,0.5551974214343272,560,681,1241,0.0,0.0008333472224535399,0.5551974214343248,0.0
15264,12.720212003533392,0.5551974214343272,560,681,1241,0.0,0.0008333472224535399,0.5551974214343248,0.0
15265,12.721045350755846,0.5551974214343272,560,681,1241,0.0,0.0008333472224535399,0.5551974214343248,0.0
15266,12.7218786979783,0.5551974214343272,560,681,1241,0.0,0.0008333472224535399,0.5551974214343248,0.0
15267,12.722712045200755,0.5551974214343272,560,681,1241,0.0,0.0008333472224553162,0.5551974214343248,0.0
15268,12.723545392423208,0.5551974214343272,560,681,1241,0.0,0.0008333472224535399,0.5551974214343248,0.0
15269,12.724378739645662,0.5551974214343272,560,681,1241,0.0,0.0008333472224535399,0.5551974214343248,0.0
15270,12.725212086868115,0.5551974214343272,560,681,1241,0.0,0.0008333472224535399,0.5551974214343248,0.0
15271,12.726045434090569,0.5551974214343272,560,681,1241,0.0,0.0008333472224535399,0.5551974214343248,0.0
15272,12.726878781313022,0.5543916196615633,560,681,1241,-0.0008058017727639033,0.0008333472224535399,0.5551168412570485,-8.058017727639034e-05
15273,12.727712128535476,0.5543916196615633,560,681,1241,0.0,0.0008333472224535399,0.5550362610797721,-8.058017727639034e-05
15274,12.72854547575793,0.5543916196615633,560,681,1241,0.0,0.0008333472224535399,0.5549556809024958,-8.058017727639034e-05
15275,12.729378822980383,0.5543916196615633,560,681,1241,0.0,0.0008333472224535399,0.5548751007252195,-8.058017727639034e-05
15276,12.730212170202837,0.5543916196615633,560,681,1241,0.0,0.0008333472224535399,0.5547945205479431,-8.058017727639034e-05
15277,12.73104551742529,0.5543916196615633,560,681,1241,0.0,0.0008333472224535399,0.5547139403706668,-8.058017727639034e-05
15278,12.731878864647745,0.5543916196615633,560,681,1241,0.0,0.0008333472224553162,0.5546333601933904,-8.058017727639034e-05
15279,12.732712211870199,0.5543916196615633,560,681,1241,0.0,0.0008333472224535399,0.5545527800161141,-8.058017727639034e-05
15280,12.733545559092653,0.5543916196615633,560,681,1241,0.0,0.0008333472224535399,0.5544721998388378,-8.058017727639034e-05
15281,12.734378906315106,0.5543916196615633,560,681,1241,0.0,0.0008333472224535399,0.5543916196615614,-8.058017727639034e-05
15282,12.73521225353756,0.5543916196615633,560,681,1241,0.0,0.0008333472224535399,0.5543916196615614,0.0
15283,12.736045600760013,0.5543916196615633,560,681,1241,0.0,0.0008333472224535399,0.5543916196615614,0.0
15284,12.736878947982467,0.5543916196615633,560,681,1241,0.0,0.0008333472224535399,0.5543916196615614,0.0
15285,12.73771229520492,0.5543916196615633,560,681,1241,0.0,0.0008333472224535399,0.5543916196615614,0.0
15286,12.738545642427374,0.5543916196615633,560,681,1241,0.0,0.0008333472224535399,0.5543916196615614,0.0
15287,12.739378989649827,0.5543916196615633,560,681,1241,0.0,0.0008333472224535399,0.5543916196615614,0.0
15288,12.740212336872283,0.5543916196615633,560,681,1241,0.0,0.0008333472224553162,0.5543916196615614,0.0
15289,12.741045684094736,0.5543916196615633,560,681,1241,0.0,0.0008333472224535399,0.5543916196615614,0.0
15290,12.74187903131719,0.5543916196615633,560,681,1241,0.0,0.0008333472224535399,0.5543916196615614,0.0
15291,12.742712378539643,0.5543916196615633,560,681,1241,0.0,0.0008333472224535399,0.5543916196615614,0.0
15292,12.743545725762097,0.5543916196615633,560,681,1241,0.0,0.0008333472224535399,0.5543916196615614,0.0
15293,12.74437907298455,0.5543916196615633,560,681,1241,0.0,0.0008333472224535399,0.5543916196615614,0.0
15294,12.745212420207004,0.5543916196615633,560,681,1241,0.0,0.0008333472224535399,0.5543916196615614,0.0
15295,12.746045767429457,0.5543916196615633,560,681,1241,0.0,0.0008333472224535399,0.5543916196615614,0.0
15296,12.746879114651911,0.5543916196615633,560,681,1241,0.0,0.0008333472224535399,0.5543916196615614,0.0
15297,12.747712461874364,0.5543916196615633,560,681,1241,0.0,0.0008333472224535399,0.5543916196615614,0.0
15298,12.748545809096818,0.5543916196615633,560,681,1241,0.0,0.0008333472224535399,0.5543916196615614,0.0
15299,12.749379156319273,0.5543916196615633,560,681,1241,0.0,0.0008333472224553162,0.5543916196615614,0.0
15300,12.750212503541727,0.5543916196615633,560,681,1241,0.0,0.0008333472224535399,0.5543916196615614,0.0
15301,12.75104585076418,0.5535858178887993,560,681,1241,-0.0008058017727639033,0.0008333472224535399,0.5543110394842851,-8.058017727639034e-05
15302,12.751879197986634,0.5535858178887993,560,681,1241,0.0,0.0008333472224535399,0.5542304593070086,-8.058017727639034e-05
15303,12.752712545209087,0.5535858178887993,560,681,1241,0.0,0.0008333472224535399,0.5541498791297323,-8.058017727639034e-05
15304,12.753545892431541,0.5535858178887993,560,681,1241,0.0,0.0008333472224535399,0.554069298952456,-8.058017727639034e-05
15305,12.754379239653995,0.5535858178887993,560,681,1241,0.0,0.0008333472224535399,0.5539887187751796,-8.058017727639034e-05
15306,12.755212586876448,0.5535858178887993,560,681,1241,0.0,0.0008333472224535399,0.5539081385979033,-8.058017727639034e-05
15307,12.756045934098902,0.5535858178887993,560,681,1241,0.0,0.0008333472224535399,0.5538275584206269,-8.058017727639034e-05
15308,12.756879281321355,0.5535858178887993,560,681,1241,0.0,0.0008333472224535399,0.5537469782433506,-8.058017727639034e-05
15309,12.757712628543809,0.5535858178887993,560,681,1241,0.0,0.0008333472224535399,0.5536663980660743,-8.058017727639034e-05
15310,12.758545975766264,0.5535858178887993,560,681,1241,0.0,0.0008333472224553162,0.5535858178887979,-8.058017727639034e-05
15311,12.759379322988718,0.5535858178887993,560,681,1241,0.0,0.0008333472224535399,0.5535858178887979,0.0
15312,12.760212670211171,0.5535858178887993,560,681,1241,0.0,0.0008333472224535399,0.5535858178887979,0.0
15313,12.761046017433625,0.5535858178887993,560,681,1241,0.0,0.0008333472224535399,0.5535858178887979,0.0
15314,12.761879364656078,0.5543916196615633,560,681,1241,0.0008058017727639033,0.0008333472224535399,0.5536663980660743,8.058017727639034e-05
15315,12.762712711878532,0.5543916196615633,560,681,1241,0.0,0.0008333472224535399,0.5537469782433507,8.058017727639034e-05
15316,12.763546059100985,0.5543916196615633,560,681,1241,0.0,0.0008333472224535399,0.553827558420627,8.058017727639034e-05
15317,12.764379406323439,0.5551974214343272,560,681,1241,0.0008058017727639033,0.0008333472224535399,0.5539887187751799,0.00016116035455278067
15318,12.765212753545892,0.5551974214343272,560,681,1241,0.0,0.0008333472224535399,0.5541498791297326,0.00016116035455278067
15319,12.766046100768346,0.5551974214343272,560,681,1241,0.0,0.0008333472224535399,0.5543110394842854,0.00016116035455278067
15320,12.766879447990801,0.5551974214343272,560,681,1241,0.0,0.0008333472224553162,0.5544721998388382,0.00016116035455278067
15321,12.767712795213255,0.5551974214343272,560,681,1241,0.0,0.0008333472224535399,0.5546333601933909,0.00016116035455278067
15322,12.768546142435708,0.5551974214343272,560,681,1241,0.0,0.0008333472224535399,0.5547945205479438,0.00016116035455278067
15323,12.769379489658162,0.5551974214343272,560,681,1241,0.0,0.0008333472224535399,0.5549556809024965,0.00016116035455278067
15324,12.770212836880615,0.5551974214343272,560,681,1241,0.0,0.0008333472224535399,0.5550362610797729,8.058017727639034e-05
15325,12.771046184103069,0.5551974214343272,560,681,1241,0.0,0.0008333472224535399,0.5551168412570492,8.058017727639034e-05
15326,12.771879531325522,0.5560032232070911,560,681,1241,0.0008058017727639033,0.0008333472224535399,0.5552780016116019,0.00016116035455278067
15327,12.772712878547976,0.5560032232070911,560,681,1241,0.0,0.0008333472224535399,0.5553585817888782,8.058017727639034e-05
15328,12.77354622577043,0.5560032232070911,560,681,1241,0.0,0.0008333472224535399,0.5554391619661546,8.058017727639034e-05
15329,12.774379572992883,0.5560032232070911,560,681,1241,0.0,0.0008333472224535399,0.5555197421434309,8.058017727639034e-05
15330,12.775212920215337,0.5560032232070911,560,681,1241,0.0,0.0008333472224535399,0.5556003223207073,8.058017727639034e-05
15331,12.776046267437792,0.5560032232070911,560,681,1241,0.0,0.0008333472224553162,0.5556809024979836,8.058017727639034e-05
15332,12.776879614660245,0.5560032232070911,560,681,1241,0.0,0.0008333472224535399,0.5557614826752599,8.058017727639034e-05
15333,12.777712961882699,0.5560032232070911,560,681,1241,0.0,0.0008333472224535399,0.5558420628525363,8.058017727639034e-05
15334,12.778546309105153,0.5560032232070911,560,681,1241,0.0,0.0008333472224535399,0.5559226430298126,8.058017727639034e-05
15335,12.779379656327606,0.5560032232070911,560,681,1241,0.0,0.0008333472224535399,0.5560032232070891,8.058017727639034e-05
15336,12.78021300355006,0.5560032232070911,560,681,1241,0.0,0.0008333472224535399,0.5560032232070891,0.0
15337,12.781046350772513,0.5560032232070911,560,681,1241,0.0,0.0008333472224535399,0.5560032232070891,0.0
15338,12.781879697994967,0.5560032232070911,560,681,1241,0.0,0.0008333472224535399,0.5560032232070891,0.0
15339,12.78271304521742,0.5560032232070911,560,681,1241,0.0,0.0008333472224535399,0.5560032232070891,0.0
15340,12.783546392439874,0.5560032232070911,560,681,1241,0.0,0.0008333472224535399,0.5560032232070891,0.0
15341,12.784379739662329,0.5560032232070911,560,681,1241,0.0,0.0008333472224553162,0.5560032232070891,0.0
15342,12.785213086884783,0.5560032232070911,560,681,1241,0.0,0.0008333472224535399,0.5560032232070891,0.0
15343,12.786046434107236,0.5560032232070911,560,681,1241,0.0,0.0008333472224535399,0.5560032232070891,0.0
15344,12.78687978132969,0.5560032232070911,560,681,1241,0.0,0.0008333472224535399,0.5560032232070891,0.0
15345,12.787713128552143,0.5560032232070911,560,681,1241,0.0,0.0008333472224535399,0.5560032232070891,0.0
15346,12.788546475774597,0.5560032232070911,560,681,1241,0.0,0.0008333472224535399,0.5560032232070891,0.0
15347,12.78937982299705,0.5560032232070911,560,681,1241,0.0,0.0008333472224535399,0.5560032232070891,0.0
15348,12.790213170219504,0.5560032232070911,560,681,1241,0.0,0.0008333472224535399,0.5560032232070891,0.0
15349,12.791046517441957,0.5560032232070911,560,681,1241,0.0,0.0008333472224535399,0.5560032232070891,0.0
15350,12.791879864664411,0.5560032232070911,560,681,1241,0.0,0.0008333472224535399,0.5560032232070891,0.0
15351,12.792713211886864,0.556809024979855,560,681,1241,0.0008058017727639033,0.0008333472224535399,0.5560838033843654,8.058017727639034e-05
15352,12.79354655910932,0.556809024979855,560,681,1241,0.0,0.0008333472224553162,0.5561643835616417,8.058017727639034e-05
15353,12.794379906331773,0.556809024979855,560,681,1241,0.0,0.0008333472224535399,0.5562449637389181,8.058017727639034e-05
15354,12.795213253554227,0.556809024979855,560,681,1241,0.0,0.0008333472224535399,0.5563255439161944,8.058017727639034e-05
15355,12.79604660077668,0.556809024979855,560,681,1241,0.0,0.0008333472224535399,0.5564061240934708,8.058017727639034e-05
15356,12.796879947999134,0.556809024979855,560,681,1241,0.0,0.0008333472224535399,0.5564867042707471,8.058017727639034e-05
15357,12.797713295221588,0.556809024979855,560,681,1241,0.0,0.0008333472224535399,0.5565672844480234,8.058017727639034e-05
15358,12.798546642444041,0.556809024979855,560,681,1241,0.0,0.0008333472224535399,0.5566478646252998,8.058017727639034e-05
15359,12.799379989666495,0.556809024979855,560,681,1241,0.0,0.0008333472224535399,0.5567284448025761,8.058017727639034e-05
15360,12.800213336888948,0.556809024979855,560,681,1241,0.0,0.0008333472224535399,0.5568090249798525,8.058017727639034e-05
15361,12.801046684111402,0.556809024979855,560,681,1241,0.0,0.0008333472224535399,0.5568090249798525,0.0
15362,12.801880031333857,0.556809024979855,560,681,1241,0.0,0.0008333472224553162,0.5568090249798525,0.0
15363,12.80271337855631,0.556809024979855,560,681,1241,0.0,0.0008333472224535399,0.5568090249798525,0.0
15364,12.803546725778764,0.556809024979855,560,681,1241,0.0,0.0008333472224535399,0.5568090249798525,0.0
15365,12.804380073001218,0.5560032232070911,560,681,1241,-0.0008058017727639033,0.0008333472224535399,0.556728444802576,-8.058017727639034e-05
15366,12.805213420223671,0.5560032232070911,560,681,1241,0.0,0.0008333472224535399,0.5566478646252997,-8.058017727639034e-05
15367,12.806046767446125,0.5560032232070911,560,681,1241,0.0,0.0008333472224535399,0.5565672844480234,-8.058017727639034e-05
15368,12.806880114668578,0.5560032232070911,560,681,1241,0.0,0.0008333472224535399,0.556486704270747,-8.058017727639034e-05
15369,12.807713461891032,0.5560032232070911,560,681,1241,0.0,0.0008333472224535399,0.5564061240934707,-8.058017727639034e-05
15370,12.808546809113485,0.5560032232070911,560,681,1241,0.0,0.0008333472224535399,0.5563255439161943,-8.058017727639034e-05
15371,12.809380156335939,0.5560032232070911,560,681,1241,0.0,0.0008333472224535399,0.556244963738918,-8.058017727639034e-05
15372,12.810213503558392,0.5560032232070911,560,681,1241,0.0,0.0008333472224535399,0.5561643835616417,-8.058017727639034e-05
15373,12.811046850780848,0.5560032232070911,560,681,1241,0.0,0.0008333472224553162,0.5560838033843652,-8.058017727639034e-05
15374,12.811880198003301,0.5560032232070911,560,681,1241,0.0,0.0008333472224535399,0.556003223207089,-8.058017727639034e-05
15375,12.812713545225755,0.5560032232070911,560,681,1241,0.0,0.0008333472224535399,0.5560032232070891,0.0
15376,12.813546892448208,0.5560032232070911,560,681,1241,0.0,0.0008333472224535399,0.5560032232070891,0.0
15377,12.814380239670662,0.5560032232070911,560,681,1241,0.0,0.0008333472224535399,0.5560032232070891,0.0
15378,12.815213586893115,0.5560032232070911,560,681,1241,0.0,0.0008333472224535399,0.5560032232070891,0.0
15379,12.816046934115569,0.5560032232070911,560,681,1241,0.0,0.0008333472224535399,0.5560032232070891,0.0
15380,12.816880281338022,0.5560032232070911,560,681,1241,0.0,0.0008333472224535399,0.5560032232070891,0.0
15381,12.817713628560476,0.5560032232070911,560,681,1241,0.0,0.0008333472224535399,0.5560032232070891,0.0
15382,12.81854697578293,0.5560032232070911,560,681,1241,0.0,0.0008333472224535399,0.5560032232070891,0.0
15383,12.819380323005383,0.5560032232070911,560,681,1241,0.0,0.0008333472224535399,0.5560032232070891,0.0
15384,12.820213670227838,0.5560032232070911,560,681,1241,0.0,0.0008333472224553162,0.5560032232070891,0.0
15385,12.821047017450292,0.5560032232070911,560,681,1241,0.0,0.0008333472224535399,0.5560032232070891,0.0
15386,12.821880364672746,0.5560032232070911,560,681,1241,0.0,0.0008333472224535399,0.5560032232070891,0.0
15387,12.822713711895199,0.5551974214343272,560,681,1241,-0.0008058017727639033,0.0008333472224535399,0.5559226430298126,-8.058017727639034e-05
15388,12.823547059117653,0.5551974214343272,560,681,1241,0.0,0.0008333472224535399,0.5558420628525363,-8.058017727639034e-05
15389,12.824380406340106,0.5551974214343272,560,681,1241,0.0,0.0008333472224535399,0.5557614826752599,-8.058017727639034e-05
15390,12.82521375356256,0.5551974214343272,560,681,1241,0.0,0.0008333472224535399,0.5556809024979836,-8.058017727639034e-05
15391,12.826047100785013,0.5551974214343272,560,681,1241,0.0,0.0008333472224535399,0.5556003223207073,-8.058017727639034e-05
15392,12.826880448007467,0.5551974214343272,560,681,1241,0.0,0.0008333472224535399,0.5555197421434309,-8.058017727639034e-05
15393,12.82771379522992,0.5551974214343272,560,681,1241,0.0,0.0008333472224535399,0.5554391619661546,-8.058017727639034e-05
15394,12.828547142452376,0.5551974214343272,560,681,1241,0.0,0.0008333472224553162,0.5553585817888782,-8.058017727639034e-05
15395,12.82938048967483,0.5551974214343272,560,681,1241,0.0,0.0008333472224535399,0.5552780016116019,-8.058017727639034e-05
15396,12.830213836897283,0.5551974214343272,560,681,1241,0.0,0.0008333472224535399,0.5551974214343256,-8.058017727639034e-05
15397,12.831047184119736,0.5551974214343272,560,681,1241,0.0,0.0008333472224535399,0.5551974214343256,0.0
15398,12.83188053134219,0.5551974214343272,560,681,1241,0.0,0.0008333472224535399,0.5551974214343256,0.0
15399,12.832713878564643,0.5551974214343272,560,681,1241,0.0,0.0008333472224535399,0.5551974214343256,0.0
15400,12.833547225787097,0.5551974214343272,560,681,1241,0.0,0.0008333472224535399,0.5551974214343256,0.0
15401,12.83438057300955,0.5551974214343272,560,681,1241,0.0,0.0008333472224535399,0.5551974214343256,0.0
15402,12.835213920232004,0.5551974214343272,560,681,1241,0.0,0.0008333472224535399,0.5551974214343256,0.0
15403,12.836047267454457,0.5551974214343272,560,681,1241,0.0,0.0008333472224535399,0.5551974214343256,0.0
15404,12.836880614676911,0.5551974214343272,560,681,1241,0.0,0.0008333472224535399,0.5551974214343256,0.0
15405,12.837713961899366,0.5551974214343272,560,681,1241,0.0,0.0008333472224553162,0.5551974214343256,0.0
15406,12.83854730912182,0.5551974214343272,560,681,1241,0.0,0.0008333472224535399,0.5551974214343256,0.0
15407,12.839380656344273,0.5551974214343272,560,681,1241,0.0,0.0008333472224535399,0.5551974214343256,0.0
15408,12.840214003566727,0.5551974214343272,560,681,1241,0.0,0.0008333472224535399,0.5551974214343256,0.0
15409,12.84104735078918,0.5551974214343272,560,681,1241,0.0,0.0008333472224535399,0.5551974214343256,0.0
15410,12.841880698011634,0.5560032232070911,560,681,1241,0.0008058017727639033,0.0008333472224535399,0.5552780016116019,8.058017727639034e-05
15411,12.842714045234088,0.5560032232070911,560,681,1241,0.0,0.0008333472224535399,0.5553585817888782,8.058017727639034e-05
15412,12.843547392456541,0.5560032232070911,560,681,1241,0.0,0.0008333472224535399,0.5554391619661546,8.058017727639034e-05
15413,12.844380739678995,0.5560032232070911,560,681,1241,0.0,0.0008333472224535399,0.5555197421434309,8.058017727639034e-05
15414,12.845214086901448,0.5551974214343272,560,681,1241,-0.0008058017727639033,0.0008333472224535399,0.5555197421434309,0.0
15415,12.846047434123903,0.5551974214343272,560,681,1241,0.0,0.0008333472224553162,0.5555197421434309,0.0
15416,12.846880781346357,0.5551974214343272,560,681,1241,0.0,0.0008333472224535399,0.5555197421434309,0.0
15417,12.84771412856881,0.5551974214343272,560,681,1241,0.0,0.0008333472224535399,0.5555197421434309,0.0
15418,12.848547475791264,0.5551974214343272,560,681,1241,0.0,0.0008333472224535399,0.5555197421434309,0.0
15419,12.849380823013718,0.5551974214343272,560,681,1241,0.0,0.0008333472224535399,0.5555197421434309,0.0
15420,12.850214170236171,0.5560032232070911,560,681,1241,0.0008058017727639033,0.0008333472224535399,0.5555197421434309,0.0
15421,12.851047517458625,0.5560032232070911,560,681,1241,0.0,0.0008333472224535399,0.5555197421434309,0.0
15422,12.851880864681078,0.5560032232070911,560,681,1241,0.0,0.0008333472224535399,0.5555197421434309,0.0
15423,12.852714211903532,0.5560032232070911,560,681,1241,0.0,0.0008333472224535399,0.5555197421434309,0.0
15424,12.853547559125985,0.5560032232070911,560,681,1241,0.0,0.0008333472224535399,0.5556003223207073,8.058017727639034e-05
15425,12.854380906348439,0.5551974214343272,560,681,1241,-0.0008058017727639033,0.0008333472224535399,0.5556003223207073,0.0
15426,12.855214253570894,0.5543916196615633,560,681,1241,-0.0008058017727639033,0.0008333472224553162,0.5555197421434309,-8.058017727639034e-05
15427,12.856047600793348,0.5543916196615633,560,681,1241,0.0,0.0008333472224535399,0.5554391619661546,-8.058017727639034e-05
15428,12.856880948015801,0.5543916196615633,560,681,1241,0.0,0.0008333472224535399,0.5553585817888782,-8.058017727639034e-05
15429,12.857714295238255,0.5543916196615633,560,681,1241,0.0,0.0008333472224535399,0.5552780016116019,-8.058017727639034e-05
15430,12.858547642460708,0.5543916196615633,560,681,1241,0.0,0.0008333472224535399,0.5551168412570492,-0.00016116035455278067
15431,12.859380989683162,0.5543916196615633,560,681,1241,0.0,0.0008333472224535399,0.5549556809024965,-0.00016116035455278067
15432,12.860214336905615,0.5543916196615633,560,681,1241,0.0,0.0008333472224535399,0.5547945205479439,-0.00016116035455278067
15433,12.861047684128069,0.5543916196615633,560,681,1241,0.0,0.0008333472224535399,0.5546333601933912,-0.00016116035455278067
15434,12.861881031350523,0.5543916196615633,560,681,1241,0.0,0.0008333472224535399,0.5544721998388384,-0.00016116035455278067
15435,12.862714378572976,0.5543916196615633,560,681,1241,0.0,0.0008333472224535399,0.5543916196615621,-8.058017727639034e-05
15436,12.86354772579543,0.5543916196615633,560,681,1241,0.0,0.0008333472224535399,0.5543916196615621,0.0
15437,12.864381073017885,0.5543916196615633,560,681,1241,0.0,0.0008333472224553162,0.5543916196615621,0.0
15438,12.865214420240338,0.5543916196615633,560,681,1241,0.0,0.0008333472224535399,0.5543916196615621,0.0
15439,12.866047767462792,0.5543916196615633,560,681,1241,0.0,0.0008333472224535399,0.5543916196615621,0.0
15440,12.866881114685246,0.5535858178887993,560,681,1241,-0.0008058017727639033,0.0008333472224535399,0.5543110394842857,-8.058017727639034e-05
15441,12.867714461907699,0.5535858178887993,560,681,1241,0.0,0.0008333472224535399,0.5542304593070094,-8.058017727639034e-05
15442,12.868547809130153,0.5535858178887993,560,681,1241,0.0,0.0008333472224535399,0.554149879129733,-8.058017727639034e-05
15443,12.869381156352606,0.5535858178887993,560,681,1241,0.0,0.0008333472224535399,0.5540692989524567,-8.058017727639034e-05
15444,12.87021450357506,0.5535858178887993,560,681,1241,0.0,0.0008333472224535399,0.5539887187751804,-8.058017727639034e-05
15445,12.871047850797513,0.5535858178887993,560,681,1241,0.0,0.0008333472224535399,0.553908138597904,-8.058017727639034e-05
15446,12.871881198019967,0.5535858178887993,560,681,1241,0.0,0.0008333472224535399,0.5538275584206277,-8.058017727639034e-05
15447,12.872714545242422,0.5535858178887993,560,681,1241,0.0,0.0008333472224553162,0.5537469782433513,-8.058017727639034e-05
15448,12.873547892464876,0.5535858178887993,560,681,1241,0.0,0.0008333472224535399,0.553666398066075,-8.058017727639034e-05
15449,12.87438123968733,0.5535858178887993,560,681,1241,0.0,0.0008333472224535399,0.5535858178887987,-8.058017727639034e-05
15450,12.875214586909783,0.5535858178887993,560,681,1241,0.0,0.0008333472224535399,0.5535858178887987,0.0
15451,12.876047934132236,0.5535858178887993,560,681,1241,0.0,0.0008333472224535399,0.5535858178887987,0.0
15452,12.87688128135469,0.5535858178887993,560,681,1241,0.0,0.0008333472224535399,0.5535858178887987,0.0
15453,12.877714628577143,0.5535858178887993,560,681,1241,0.0,0.0008333472224535399,0.5535858178887987,0.0
15454,12.878547975799597,0.5535858178887993,560,681,1241,0.0,0.0008333472224535399,0.5535858178887987,0.0
15455,12.87938132302205,0.5535858178887993,560,681,1241,0.0,0.0008333472224535399,0.5535858178887987,0.0
15456,12.880214670244504,0.5535858178887993,560,681,1241,0.0,0.0008333472224535399,0.5535858178887987,0.0
15457,12.881048017466957,0.5535858178887993,560,681,1241,0.0,0.0008333472224535399,0.5535858178887987,0.0
15458,12.881881364689413,0.5535858178887993,560,681,1241,0.0,0.0008333472224553162,0.5535858178887987,0.0
15459,12.882714711911866,0.5535858178887993,560,681,1241,0.0,0.0008333472224535399,0.5535858178887987,0.0
15460,12.88354805913432,0.5535858178887993,560,681,1241,0.0,0.0008333472224535399,0.5535858178887987,0.0
15461,12.884381406356773,0.5535858178887993,560,681,1241,0.0,0.0008333472224535399,0.5535858178887987,0.0
15462,12.885214753579227,0.5535858178887993,560,681,1241,0.0,0.0008333472224535399,0.5535858178887987,0.0
15463,12.88604810080168,0.5543916196615633,560,681,1241,0.0008058017727639033,0.0008333472224535399,0.5536663980660751,8.058017727639034e-05
15464,12.886881448024134,0.5543916196615633,560,681,1241,0.0,0.0008333472224535399,0.5537469782433514,8.058017727639034e-05
15465,12.887714795246588,0.5543916196615633,560,681,1241,0.0,0.0008333472224535399,0.5538275584206278,8.058017727639034e-05
15466,12.888548142469041,0.5551974214343272,560,681,1241,0.0008058017727639033,0.0008333472224535399,0.5539887187751805,0.00016116035455278067
15467,12.889381489691495,0.5551974214343272,560,681,1241,0.0,0.0008333472224535399,0.5541498791297333,0.00016116035455278067
15468,12.89021483691395,0.5551974214343272,560,681,1241,0.0,0.0008333472224553162,0.5543110394842861,0.00016116035455278067
15469,12.891048184136404,0.5551974214343272,560,681,1241,0.0,0.0008333472224535399,0.5544721998388389,0.00016116035455278067
15470,12.891881531358857,0.5543916196615633,560,681,1241,-0.0008058017727639033,0.0008333472224535399,0.5545527800161152,8.058017727639034e-05
15471,12.89271487858131,0.5543916196615633,560,681,1241,0.0,0.0008333472224535399,0.5546333601933916,8.058017727639034e-05
15472,12.893548225803764,0.5543916196615633,560,681,1241,0.0,0.0008333472224535399,0.5547139403706679,8.058017727639034e-05
15473,12.894381573026218,0.5543916196615633,560,681,1241,0.0,0.0008333472224535399,0.5547139403706678,0.0
15474,12.895214920248671,0.5543916196615633,560,681,1241,0.0,0.0008333472224535399,0.5547139403706678,0.0
15475,12.896048267471125,0.5543916196615633,560,681,1241,0.0,0.0008333472224535399,0.5547139403706678,0.0
15476,12.896881614693578,0.5543916196615633,560,681,1241,0.0,0.0008333472224535399,0.5546333601933915,-8.058017727639034e-05
15477,12.897714961916032,0.5543916196615633,560,681,1241,0.0,0.0008333472224535399,0.5545527800161152,-8.058017727639034e-05
15478,12.898548309138485,0.5543916196615633,560,681,1241,0.0,0.0008333472224535399,0.5544721998388388,-8.058017727639034e-05
15479,12.89938165636094,0.5543916196615633,560,681,1241,0.0,0.0008333472224553162,0.5543916196615625,-8.058017727639034e-05
15480,12.900215003583394,0.5543916196615633,560,681,1241,0.0,0.0008333472224535399,0.5543916196615625,0.0
15481,12.901048350805848,0.5543916196615633,560,681,1241,0.0,0.0008333472224535399,0.5543916196615625,0.0
15482,12.901881698028301,0.5543916196615633,560,681,1241,0.0,0.0008333472224535399,0.5543916196615625,0.0
15483,12.902715045250755,0.5543916196615633,560,681,1241,0.0,0.0008333472224535399,0.5543916196615625,0.0
15484,12.903548392473208,0.5543916196615633,560,681,1241,0.0,0.0008333472224535399,0.5543916196615625,0.0
15485,12.904381739695662,0.5543916196615633,560,681,1241,0.0,0.0008333472224535399,0.5543916196615625,0.0
15486,12.905215086918115,0.5543916196615633,560,681,1241,0.0,0.0008333472224535399,0.5543916196615625,0.0
15487,12.906048434140569,0.5543916196615633,560,681,1241,0.0,0.0008333472224535399,0.5543916196615625,0.0
15488,12.906881781363023,0.5543916196615633,560,681,1241,0.0,0.0008333472224535399,0.5543916196615625,0.0
15489,12.907715128585476,0.5543916196615633,560,681,1241,0.0,0.0008333472224535399,0.5543916196615625,0.0
15490,12.908548475807931,0.5543916196615633,560,681,1241,0.0,0.0008333472224553162,0.5543916196615625,0.0
15491,12.909381823030385,0.5543916196615633,560,681,1241,0.0,0.0008333472224535399,0.5543916196615625,0.0
15492,12.910215170252838,0.5543916196615633,560,681,1241,0.0,0.0008333472224535399,0.5543916196615625,0.0
15493,12.911048517475292,0.5543916196615633,560,681,1241,0.0,0.0008333472224535399,0.5543916196615625,0.0
15494,12.911881864697746,0.5543916196615633,560,681,1241,0.0,0.0008333472224535399,0.5543916196615625,0.0
15495,12.912715211920199,0.5543916196615633,560,681,1241,0.0,0.0008333472224535399,0.5543916196615625,0.0
15496,12.913548559142653,0.5543916196615633,560,681,1241,0.0,0.0008333472224535399,0.5543916196615625,0.0
15497,12.914381906365106,0.5543916196615633,560,681,1241,0.0,0.0008333472224535399,0.5543916196615625,0.0
15498,12.91521525358756,0.5543916196615633,560,681,1241,0.0,0.0008333472224535399,0.5543916196615625,0.0
15499,12.916048600810013,0.5543916196615633,560,681,1241,0.0,0.0008333472224535399,0.5543916196615625,0.0
15500,12.916881948032469,0.5543916196615633,560,681,1241,0.0,0.0008333472224553162,0.5543916196615625,0.0
15501,12.917715295254922,0.5543916196615633,560,681,1241,0.0,0.0008333472224535399,0.5543916196615625,0.0
15502,12.918548642477376,0.5543916196615633,560,681,1241,0.0,0.0008333472224535399,0.5543916196615625,0.0
15503,12.91938198969983,0.5543916196615633,560,681,1241,0.0,0.0008333472224535399,0.5543916196615625,0.0
15504,12.920215336922283,0.5543916196615633,560,681,1241,0.0,0.0008333472224535399,0.5543916196615625,0.0
15505,12.921048684144736,0.5543916196615633,560,681,1241,0.0,0.0008333472224535399,0.5543916196615625,0.0
15506,12.92188203136719,0.5543916196615633,560,681,1241,0.0,0.0008333472224535399,0.5543916196615625,0.0
15507,12.922715378589643,0.5543916196615633,560,681,1241,0.0,0.0008333472224535399,0.5543916196615625,0.0
15508,12.923548725812097,0.5543916196615633,560,681,1241,0.0,0.0008333472224535399,0.5543916196615625,0.0
15509,12.92438207303455,0.5551974214343272,560,681,1241,0.0008058017727639033,0.0008333472224535399,0.5544721998388388,8.058017727639034e-05
15510,12.925215420257004,0.5551974214343272,560,681,1241,0.0,0.0008333472224535399,0.5545527800161152,8.058017727639034e-05
15511,12.92604876747946,0.5551974214343272,560,681,1241,0.0,0.0008333472224553162,0.5546333601933915,8.058017727639034e-05
15512,12.926882114701913,0.5551974214343272,560,681,1241,0.0,0.0008333472224535399,0.5547139403706678,8.058017727639034e-05
15513,12.927715461924366,0.5551974214343272,560,681,1241,0.0,0.0008333472224535399,0.5547945205479442,8.058017727639034e-05
15514,12.92854880914682,0.5551974214343272,560,681,1241,0.0,0.0008333472224535399,0.5548751007252205,8.058017727639034e-05
15515,12.929382156369273,0.5551974214343272,560,681,1241,0.0,0.0008333472224535399,0.5549556809024969,8.058017727639034e-05
15516,12.930215503591727,0.5551974214343272,560,681,1241,0.0,0.0008333472224535399,0.5550362610797732,8.058017727639034e-05
15517,12.93104885081418,0.5551974214343272,560,681,1241,0.0,0.0008333472224535399,0.5551168412570495,8.058017727639034e-05
15518,12.931882198036634,0.5551974214343272,560,681,1241,0.0,0.0008333472224535399,0.5551974214343259,8.058017727639034e-05
15519,12.932715545259088,0.5551974214343272,560,681,1241,0.0,0.0008333472224535399,0.5551974214343259,0.0
15520,12.933548892481541,0.5551974214343272,560,681,1241,0.0,0.0008333472224535399,0.5551974214343259,0.0
15521,12.934382239703996,0.5551974214343272,560,681,1241,0.0,0.0008333472224553162,0.5551974214343259,0.0
15522,12.93521558692645,0.5560032232070911,560,681,1241,0.0008058017727639033,0.0008333472224535399,0.5552780016116022,8.058017727639034e-05
15523,12.936048934148904,0.5560032232070911,560,681,1241,0.0,0.0008333472224535399,0.5553585817888786,8.058017727639034e-05
15524,12.936882281371357,0.5551974214343272,560,681,1241,-0.0008058017727639033,0.0008333472224535399,0.5553585817888786,0.0
15525,12.93771562859381,0.5551974214343272,560,681,1241,0.0,0.0008333472224535399,0.5553585817888786,0.0
15526,12.938548975816264,0.5551974214343272,560,681,1241,0.0,0.0008333472224535399,0.5553585817888786,0.0
15527,12.939382323038718,0.5551974214343272,560,681,1241,0.0,0.0008333472224535399,0.5553585817888786,0.0
15528,12.940215670261171,0.5551974214343272,560,681,1241,0.0,0.0008333472224535399,0.5553585817888786,0.0
15529,12.941049017483625,0.5551974214343272,560,681,1241,0.0,0.0008333472224535399,0.5553585817888786,0.0
15530,12.941882364706078,0.5551974214343272,560,681,1241,0.0,0.0008333472224535399,0.5553585817888786,0.0
15531,12.942715711928532,0.5551974214343272,560,681,1241,0.0,0.0008333472224535399,0.5553585817888786,0.0
15532,12.943549059150987,0.5551974214343272,560,681,1241,0.0,0.0008333472224553162,0.5552780016116022,-8.058017727639034e-05
15533,12.94438240637344,0.5551974214343272,560,681,1241,0.0,0.0008333472224535399,0.5551974214343259,-8.058017727639034e-05
15534,12.945215753595894,0.5551974214343272,560,681,1241,0.0,0.0008333472224535399,0.5551974214343259,0.0
15535,12.946049100818348,0.5543916196615633,560,681,1241,-0.0008058017727639033,0.0008333472224535399,0.5551168412570495,-8.058017727639034e-05
15536,12.946882448040801,0.5543916196615633,560,681,1241,0.0,0.0008333472224535399,0.5550362610797732,-8.058017727639034e-05
15537,12.947715795263255,0.5543916196615633,560,681,1241,0.0,0.0008333472224535399,0.5549556809024969,-8.058017727639034e-05
15538,12.948549142485708,0.5543916196615633,560,681,1241,0.0,0.0008333472224535399,0.5548751007252205,-8.058017727639034e-05
15539,12.949382489708162,0.5543916196615633,560,681,1241,0.0,0.0008333472224535399,0.5547945205479442,-8.058017727639034e-05
15540,12.950215836930616,0.5543916196615633,560,681,1241,0.0,0.0008333472224535399,0.5547139403706678,-8.058017727639034e-05
15541,12.951049184153069,0.5543916196615633,560,681,1241,0.0,0.0008333472224535399,0.5546333601933915,-8.058017727639034e-05
15542,12.951882531375523,0.5543916196615633,560,681,1241,0.0,0.0008333472224535399,0.5545527800161152,-8.058017727639034e-05
15543,12.952715878597978,0.5543916196615633,560,681,1241,0.0,0.0008333472224553162,0.5544721998388388,-8.058017727639034e-05
15544,12.953549225820431,0.5543916196615633,560,681,1241,0.0,0.0008333472224535399,0.5543916196615625,-8.058017727639034e-05
15545,12.954382573042885,0.5543916196615633,560,681,1241,0.0,0.0008333472224535399,0.5543916196615625,0.0
15546,12.955215920265339,0.5543916196615633,560,681,1241,0.0,0.0008333472224535399,0.5543916196615625,0.0
15547,12.956049267487792,0.5543916196615633,560,681,1241,0.0,0.0008333472224535399,0.5543916196615625,0.0
15548,12.956882614710246,0.5543916196615633,560,681,1241,0.0,0.0008333472224535399,0.5543916196615625,0.0
15549,12.9577159619327,0.5543916196615633,560,681,1241,0.0,0.0008333472224535399,0.5543916196615625,0.0
15550,12.958549309155153,0.5543916196615633,560,681,1241,0.0,0.0008333472224535399,0.5543916196615625,0.0
15551,12.959382656377606,0.5543916196615633,560,681,1241,0.0,0.0008333472224535399,0.5543916196615625,0.0
15552,12.96021600360006,0.5543916196615633,560,681,1241,0.0,0.0008333472224535399,0.5543916196615625,0.0
15553,12.961049350822515,0.5543916196615633,560,681,1241,0.0,0.0008333472224553162,0.5543916196615625,0.0
15554,12.961882698044969,0.5543916196615633,560,681,1241,0.0,0.0008333472224535399,0.5543916196615625,0.0
15555,12.962716045267422,0.5543916196615633,560,681,1241,0.0,0.0008333472224535399,0.5543916196615625,0.0
15556,12.963549392489876,0.5543916196615633,560,681,1241,0.0,0.0008333472224535399,0.5543916196615625,0.0
15557,12.96438273971233,0.5543916196615633,560,681,1241,0.0,0.0008333472224535399,0.5543916196615625,0.0
15558,12.965216086934783,0.5535858178887993,560,681,1241,-0.0008058017727639033,0.0008333472224535399,0.5543110394842861,-8.058017727639034e-05
15559,12.966049434157236,0.5535858178887993,560,681,1241,0.0,0.0008333472224535399,0.5542304593070098,-8.058017727639034e-05
15560,12.96688278137969,0.5535858178887993,560,681,1241,0.0,0.0008333472224535399,0.5541498791297335,-8.058017727639034e-05
15561,12.967716128602143,0.5535858178887993,560,681,1241,0.0,0.0008333472224535399,0.554069298952457,-8.058017727639034e-05
15562,12.968549475824597,0.5535858178887993,560,681,1241,0.0,0.0008333472224535399,0.5539887187751807,-8.058017727639034e-05
15563,12.96938282304705,0.5535858178887993,560,681,1241,0.0,0.0008333472224535399,0.5539081385979043,-8.058017727639034e-05
15564,12.970216170269506,0.5535858178887993,560,681,1241,0.0,0.0008333472224553162,0.553827558420628,-8.058017727639034e-05
15565,12.97104951749196,0.5535858178887993,560,681,1241,0.0,0.0008333472224535399,0.5537469782433517,-8.058017727639034e-05
15566,12.971882864714413,0.5535858178887993,560,681,1241,0.0,0.0008333472224535399,0.5536663980660753,-8.058017727639034e-05
15567,12.972716211936866,0.5535858178887993,560,681,1241,0.0,0.0008333472224535399,0.553585817888799,-8.058017727639034e-05
15568,12.97354955915932,0.5535858178887993,560,681,1241,0.0,0.0008333472224535399,0.553585817888799,0.0
15569,12.974382906381773,0.5543916196615633,560,681,1241,0.0008058017727639033,0.0008333472224535399,0.5536663980660754,8.058017727639034e-05
15570,12.975216253604227,0.5543916196615633,560,681,1241,0.0,0.0008333472224535399,0.5537469782433517,8.058017727639034e-05
15571,12.97604960082668,0.5543916196615633,560,681,1241,0.0,0.0008333472224535399,0.5538275584206281,8.058017727639034e-05
15572,12.976882948049134,0.5543916196615633,560,681,1241,0.0,0.0008333472224535399,0.5539081385979044,8.058017727639034e-05
15573,12.977716295271588,0.5543916196615633,560,681,1241,0.0,0.0008333472224535399,0.5539887187751809,8.058017727639034e-05
15574,12.978549642494043,0.5543916196615633,560,681,1241,0.0,0.0008333472224553162,0.5540692989524572,8.058017727639034e-05
15575,12.979382989716497,0.5543916196615633,560,681,1241,0.0,0.0008333472224535399,0.5541498791297335,8.058017727639034e-05
15576,12.98021633693895,0.5543916196615633,560,681,1241,0.0,0.0008333472224535399,0.5542304593070099,8.058017727639034e-05
15577,12.981049684161404,0.5543916196615633,560,681,1241,0.0,0.0008333472224535399,0.5543110394842862,8.058017727639034e-05
15578,12.981883031383857,0.5543916196615633,560,681,1241,0.0,0.0008333472224535399,0.5543916196615626,8.058017727639034e-05
15579,12.98271637860631,0.5543916196615633,560,681,1241,0.0,0.0008333472224535399,0.5543916196615625,0.0
15580,12.983549725828764,0.5543916196615633,560,681,1241,0.0,0.0008333472224535399,0.5543916196615625,0.0
15581,12.984383073051218,0.5543916196615633,560,681,1241,0.0,0.0008333472224535399,0.5543916196615625,0.0
15582,12.985216420273671,0.5551974214343272,560,681,1241,0.0008058017727639033,0.0008333472224535399,0.5544721998388388,8.058017727639034e-05
15583,12.986049767496125,0.5551974214343272,560,681,1241,0.0,0.0008333472224535399,0.5545527800161152,8.058017727639034e-05
15584,12.986883114718578,0.5551974214343272,560,681,1241,0.0,0.0008333472224535399,0.5546333601933915,8.058017727639034e-05
15585,12.987716461941034,0.5551974214343272,560,681,1241,0.0,0.0008333472224553162,0.5547139403706678,8.058017727639034e-05
15586,12.988549809163487,0.5551974214343272,560,681,1241,0.0,0.0008333472224535399,0.5547945205479442,8.058017727639034e-05
15587,12.98938315638594,0.5551974214343272,560,681,1241,0.0,0.0008333472224535399,0.5548751007252205,8.058017727639034e-05
15588,12.990216503608394,0.5551974214343272,560,681,1241,0.0,0.0008333472224535399,0.5549556809024969,8.058017727639034e-05
15589,12.991049850830848,0.5543916196615633,560,681,1241,-0.0008058017727639033,0.0008333472224535399,0.5549556809024969,0.0
15590,12.991883198053301,0.5543916196615633,560,681,1241,0.0,0.0008333472224535399,0.5549556809024969,0.0
15591,12.992716545275755,0.5543916196615633,560,681,1241,0.0,0.0008333472224535399,0.5549556809024969,0.0
15592,12.993549892498208,0.5543916196615633,560,681,1241,0.0,0.0008333472224535399,0.5548751007252205,-8.058017727639034e-05
15593,12.994383239720662,0.5543916196615633,560,681,1241,0.0,0.0008333472224535399,0.5547945205479442,-8.058017727639034e-05
15594,12.995216586943116,0.5543916196615633,560,681,1241,0.0,0.0008333472224535399,0.5547139403706678,-8.058017727639034e-05
15595,12.99604993416557,0.5543916196615633,560,681,1241,0.0,0.0008333472224553162,0.5546333601933915,-8.058017727639034e-05
15596,12.996883281388024,0.5535858178887993,560,681,1241,-0.0008058017727639033,0.0008333472224535399,0.5544721998388387,-0.00016116035455278067
15597,12.997716628610478,0.5535858178887993,560,681,1241,0.0,0.0008333472224535399,0.554311039484286,-0.00016116035455278067
15598,12.998549975832931,0.5535858178887993,560,681,1241,0.0,0.0008333472224535399,0.5541498791297331,-0.00016116035455278067
15599,12.999383323055385,0.5535858178887993,560,681,1241,0.0,0.0008333472224535399,0.5540692989524567,-8.058017727639034e-05
15600,13.000216670277839,0.5543916196615633,560,681,1241,0.0008058017727639033,0.0008333472224535399,0.5540692989524567,0.0
15601,13.001050017500292,0.5543916196615633,560,681,1241,0.0,0.0008333472224535399,0.5540692989524567,0.0
15602,13.001883364722746,0.5543916196615633,560,681,1241,0.0,0.0008333472224535399,0.5540692989524567,0.0
15603,13.0027167119452,0.5543916196615633,560,681,1241,0.0,0.0008333472224535399,0.5540692989524567,0.0
15604,13.003550059167653,0.5543916196615633,560,681,1241,0.0,0.0008333472224535399,0.5540692989524567,0.0
15605,13.004383406390106,0.5543916196615633,560,681,1241,0.0,0.0008333472224535399,0.5540692989524567,0.0
15606,13.005216753612562,0.5543916196615633,560,681,1241,0.0,0.0008333472224553162,0.5541498791297331,8.058017727639034e-05
15607,13.006050100835015,0.5543916196615633,560,681,1241,0.0,0.0008333472224535399,0.5542304593070095,8.058017727639034e-05
15608,13.006883448057469,0.5543916196615633,560,681,1241,0.0,0.0008333472224535399,0.5543110394842858,8.058017727639034e-05
15609,13.007716795279922,0.5543916196615633,560,681,1241,0.0,0.0008333472224535399,0.5543916196615621,8.058017727639034e-05
15610,13.008550142502376,0.5543916196615633,560,681,1241,0.0,0.0008333472224535399,0.5543916196615621,0.0
15611,13.00938348972483,0.5543916196615633,560,681,1241,0.0,0.0008333472224535399,0.5543916196615621,0.0
15612,13.010216836947283,0.5543916196615633,560,681,1241,0.0,0.0008333472224535399,0.5543916196615621,0.0
15613,13.011050184169736,0.5543916196615633,560,681,1241,0.0,0.0008333472224535399,0.5543916196615621,0.0
15614,13.01188353139219,0.5543916196615633,560,681,1241,0.0,0.0008333472224535399,0.5543916196615621,0.0
15615,13.012716878614643,0.5543916196615633,560,681,1241,0.0,0.0008333472224535399,0.5543916196615621,0.0
15616,13.013550225837097,0.5551974214343272,560,681,1241,0.0008058017727639033,0.0008333472224535399,0.5544721998388384,8.058017727639034e-05
15617,13.014383573059552,0.5551974214343272,560,681,1241,0.0,0.0008333472224553162,0.5545527800161147,8.058017727639034e-05
15618,13.015216920282006,0.5551974214343272,560,681,1241,0.0,0.0008333472224535399,0.5546333601933912,8.058017727639034e-05
15619,13.01605026750446,0.5543916196615633,560,681,1241,-0.0008058017727639033,0.0008333472224535399,0.5546333601933912,0.0
15620,13.016883614726913,0.5535858178887993,560,681,1241,-0.0008058017727639033,0.0008333472224535399,0.5545527800161147,-8.058017727639034e-05
15621,13.017716961949366,0.5535858178887993,560,681,1241,0.0,0.0008333472224535399,0.5544721998388384,-8.058017727639034e-05
15622,13.01855030917182,0.5543916196615633,560,681,1241,0.0008058017727639033,0.0008333472224535399,0.5544721998388384,0.0
15623,13.019383656394274,0.5543916196615633,560,681,1241,0.0,0.0008333472224535399,0.5544721998388384,0.0
15624,13.020217003616727,0.5543916196615633,560,681,1241,0.0,0.0008333472224535399,0.5544721998388384,0.0
15625,13.02105035083918,0.5543916196615633,560,681,1241,0.0,0.0008333472224535399,0.5544721998388384,0.0
15626,13.021883698061634,0.5527800161160354,560,681,1241,-0.0016116035455278066,0.0008333472224535399,0.5542304593070092,-0.00024174053182917098
15627,13.02271704528409,0.5527800161160354,560,681,1241,0.0,0.0008333472224553162,0.55398871877518,-0.00024174053182917098
15628,13.023550392506543,0.5527800161160354,560,681,1241,0.0,0.0008333472224535399,0.5537469782433508,-0.00024174053182917098
15629,13.024383739728997,0.5527800161160354,560,681,1241,0.0,0.0008333472224535399,0.5535858178887979,-0.00016116035455278067
15630,13.02521708695145,0.5527800161160354,560,681,1241,0.0,0.0008333472224535399,0.5535052377115215,-8.058017727639034e-05
15631,13.026050434173904,0.5527800161160354,560,681,1241,0.0,0.0008333472224535399,0.5534246575342452,-8.058017727639034e-05
15632,13.026883781396357,0.5527800161160354,560,681,1241,0.0,0.0008333472224535399,0.5532634971796924,-0.00016116035455278067
15633,13.02771712861881,0.5527800161160354,560,681,1241,0.0,0.0008333472224535399,0.5531023368251395,-0.00016116035455278067
15634,13.028550475841264,0.5527800161160354,560,681,1241,0.0,0.0008333472224535399,0.5529411764705866,-0.00016116035455278067
15635,13.029383823063718,0.5527800161160354,560,681,1241,0.0,0.0008333472224535399,0.5527800161160338,-0.00016116035455278067
15636,13.030217170286171,0.5527800161160354,560,681,1241,0.0,0.0008333472224535399,0.5527800161160338,0.0
15637,13.031050517508625,0.5527800161160354,560,681,1241,0.0,0.0008333472224535399,0.5527800161160338,0.0
15638,13.03188386473108,0.5527800161160354,560,681,1241,0.0,0.0008333472224553162,0.5527800161160338,0.0
15639,13.032717211953534,0.5527800161160354,560,681,1241,0.0,0.0008333472224535399,0.5527800161160338,0.0
15640,13.033550559175987,0.5527800161160354,560,681,1241,0.0,0.0008333472224535399,0.5527800161160338,0.0
15641,13.03438390639844,0.5527800161160354,560,681,1241,0.0,0.0008333472224535399,0.5527800161160338,0.0
15642,13.035217253620894,0.5527800161160354,560,681,1241,0.0,0.0008333472224535399,0.5527800161160338,0.0
15643,13.036050600843348,0.5527800161160354,560,681,1241,0.0,0.0008333472224535399,0.5527800161160338,0.0
15644,13.036883948065801,0.5527800161160354,560,681,1241,0.0,0.0008333472224535399,0.5527800161160338,0.0
15645,13.037717295288255,0.5519742143432715,560,681,1241,-0.0008058017727639033,0.0008333472224535399,0.5526994359387574,-8.058017727639034e-05
15646,13.038550642510708,0.5519742143432715,560,681,1241,0.0,0.0008333472224535399,0.5526188557614811,-8.058017727639034e-05
15647,13.039383989733162,0.5519742143432715,560,681,1241,0.0,0.0008333472224535399,0.5525382755842048,-8.058017727639034e-05
15648,13.040217336955617,0.5519742143432715,560,681,1241,0.0,0.0008333472224553162,0.5524576954069284,-8.058017727639034e-05
15649,13.041050684178071,0.5519742143432715,560,681,1241,0.0,0.0008333472224535399,0.552377115229652,-8.058017727639034e-05
15650,13.041884031400524,0.5519742143432715,560,681,1241,0.0,0.0008333472224535399,0.5522965350523756,-8.058017727639034e-05
15651,13.042717378622978,0.5511684125705076,560,681,1241,-0.0008058017727639033,0.0008333472224535399,0.552135374697823,-0.00016116035455278067
15652,13.043550725845432,0.5511684125705076,560,681,1241,0.0,0.0008333472224535399,0.5519742143432703,-0.00016116035455278067
15653,13.044384073067885,0.5511684125705076,560,681,1241,0.0,0.0008333472224535399,0.5518130539887176,-0.00016116035455278067
15654,13.045217420290339,0.5511684125705076,560,681,1241,0.0,0.0008333472224535399,0.5516518936341649,-0.00016116035455278067
15655,13.046050767512792,0.5511684125705076,560,681,1241,0.0,0.0008333472224535399,0.5515713134568886,-8.058017727639034e-05
15656,13.046884114735246,0.5511684125705076,560,681,1241,0.0,0.0008333472224535399,0.5514907332796122,-8.058017727639034e-05
15657,13.0477174619577,0.5511684125705076,560,681,1241,0.0,0.0008333472224535399,0.5514101531023359,-8.058017727639034e-05
15658,13.048550809180153,0.5511684125705076,560,681,1241,0.0,0.0008333472224535399,0.5513295729250596,-8.058017727639034e-05
15659,13.049384156402608,0.5511684125705076,560,681,1241,0.0,0.0008333472224553162,0.5512489927477832,-8.058017727639034e-05
15660,13.050217503625062,0.5511684125705076,560,681,1241,0.0,0.0008333472224535399,0.5511684125705069,-8.058017727639034e-05
15661,13.051050850847515,0.5511684125705076,560,681,1241,0.0,0.0008333472224535399,0.5511684125705069,0.0
15662,13.051884198069969,0.5511684125705076,560,681,1241,0.0,0.0008333472224535399,0.5511684125705069,0.0
15663,13.052717545292422,0.5511684125705076,560,681,1241,0.0,0.0008333472224535399,0.5511684125705069,0.0
15664,13.053550892514876,0.5511684125705076,560,681,1241,0.0,0.0008333472224535399,0.5511684125705069,0.0
15665,13.05438423973733,0.5511684125705076,560,681,1241,0.0,0.0008333472224535399,0.5511684125705069,0.0
15666,13.055217586959783,0.5511684125705076,560,681,1241,0.0,0.0008333472224535399,0.5511684125705069,0.0
15667,13.056050934182236,0.5511684125705076,560,681,1241,0.0,0.0008333472224535399,0.5511684125705069,0.0
15668,13.05688428140469,0.5511684125705076,560,681,1241,0.0,0.0008333472224535399,0.5511684125705069,0.0
15669,13.057717628627143,0.5511684125705076,560,681,1241,0.0,0.0008333472224535399,0.5511684125705069,0.0
15670,13.058550975849599,0.5511684125705076,560,681,1241,0.0,0.0008333472224553162,0.5511684125705069,0.0
15671,13.059384323072052,0.5511684125705076,560,681,1241,0.0,0.0008333472224535399,0.5511684125705069,0.0
15672,13.060217670294506,0.5511684125705076,560,681,1241,0.0,0.0008333472224535399,0.5511684125705069,0.0
15673,13.06105101751696,0.5511684125705076,560,681,1241,0.0,0.0008333472224535399,0.5511684125705069,0.0
15674,13.061884364739413,0.5511684125705076,560,681,1241,0.0,0.0008333472224535399,0.5511684125705069,0.0
15675,13.062717711961866,0.5511684125705076,560,681,1241,0.0,0.0008333472224535399,0.5511684125705069,0.0
15676,13.06355105918432,0.5511684125705076,560,681,1241,0.0,0.0008333472224535399,0.5511684125705069,0.0
15677,13.064384406406774,0.5511684125705076,560,681,1241,0.0,0.0008333472224535399,0.5511684125705069,0.0
15678,13.065217753629227,0.5511684125705076,560,681,1241,0.0,0.0008333472224535399,0.5511684125705069,0.0
15679,13.06605110085168,0.5511684125705076,560,681,1241,0.0,0.0008333472224535399,0.5511684125705069,0.0
15680,13.066884448074136,0.5511684125705076,560,681,1241,0.0,0.0008333472224553162,0.5511684125705069,0.0
15681,13.06771779529659,0.5511684125705076,560,681,1241,0.0,0.0008333472224535399,0.5511684125705069,0.0
15682,13.068551142519043,0.5511684125705076,560,681,1241,0.0,0.0008333472224535399,0.5511684125705069,0.0
15683,13.069384489741497,0.5511684125705076,560,681,1241,0.0,0.0008333472224535399,0.5511684125705069,0.0
15684,13.07021783696395,0.5511684125705076,560,681,1241,0.0,0.0008333472224535399,0.5511684125705069,0.0
15685,13.071051184186404,0.5511684125705076,560,681,1241,0.0,0.0008333472224535399,0.5511684125705069,0.0
15686,13.071884531408857,0.5511684125705076,560,681,1241,0.0,0.0008333472224535399,0.5511684125705069,0.0
15687,13.07271787863131,0.5511684125705076,560,681,1241,0.0,0.0008333472224535399,0.5511684125705069,0.0
15688,13.073551225853764,0.5511684125705076,560,681,1241,0.0,0.0008333472224535399,0.5511684125705069,0.0
15689,13.074384573076218,0.5511684125705076,560,681,1241,0.0,0.0008333472224535399,0.5511684125705069,0.0
15690,13.075217920298671,0.5511684125705076,560,681,1241,0.0,0.0008333472224535399,0.5511684125705069,0.0
15691,13.076051267521127,0.5511684125705076,560,681,1241,0.0,0.0008333472224553162,0.5511684125705069,0.0
15692,13.07688461474358,0.5511684125705076,560,681,1241,0.0,0.0008333472224535399,0.5511684125705069,0.0
15693,13.077717961966034,0.5511684125705076,560,681,1241,0.0,0.0008333472224535399,0.5511684125705069,0.0
15694,13.078551309188487,0.5511684125705076,560,681,1241,0.0,0.0008333472224535399,0.5511684125705069,0.0
15695,13.07938465641094,0.5511684125705076,560,681,1241,0.0,0.0008333472224535399,0.5511684125705069,0.0
15696,13.080218003633394,0.5511684125705076,560,681,1241,0.0,0.0008333472224535399,0.5511684125705069,0.0
15697,13.081051350855848,0.5511684125705076,560,681,1241,0.0,0.0008333472224535399,0.5511684125705069,0.0
15698,13.081884698078301,0.5511684125705076,560,681,1241,0.0,0.0008333472224535399,0.5511684125705069,0.0
15699,13.082718045300755,0.5511684125705076,560,681,1241,0.0,0.0008333472224535399,0.5511684125705069,0.0
15700,13.083551392523209,0.5511684125705076,560,681,1241,0.0,0.0008333472224535399,0.5511684125705069,0.0
15701,13.084384739745664,0.5511684125705076,560,681,1241,0.0,0.0008333472224553162,0.5511684125705069,0.0
15702,13.085218086968117,0.5511684125705076,560,681,1241,0.0,0.0008333472224535399,0.5511684125705069,0.0
15703,13.086051434190571,0.5511684125705076,560,681,1241,0.0,0.0008333472224535399,0.5511684125705069,0.0
15704,13.086884781413024,0.5511684125705076,560,681,1241,0.0,0.0008333472224535399,0.5511684125705069,0.0
15705,13.087718128635478,0.5511684125705076,560,681,1241,0.0,0.0008333472224535399,0.5511684125705069,0.0
15706,13.088551475857932,0.5511684125705076,560,681,1241,0.0,0.0008333472224535399,0.5511684125705069,0.0
15707,13.089384823080385,0.5511684125705076,560,681,1241,0.0,0.0008333472224535399,0.5511684125705069,0.0
15708,13.090218170302839,0.5511684125705076,560,681,1241,0.0,0.0008333472224535399,0.5511684125705069,0.0
15709,13.091051517525292,0.5511684125705076,560,681,1241,0.0,0.0008333472224535399,0.5511684125705069,0.0
15710,13.091884864747746,0.5511684125705076,560,681,1241,0.0,0.0008333472224535399,0.5511684125705069,0.0
15711,13.0927182119702,0.5519742143432715,560,681,1241,0.0008058017727639033,0.0008333472224535399,0.5512489927477832,8.058017727639034e-05
15712,13.093551559192655,0.5519742143432715,560,681,1241,0.0,0.0008333472224553162,0.5513295729250596,8.058017727639034e-05
15713,13.094384906415108,0.5519742143432715,560,681,1241,0.0,0.0008333472224535399,0.5514101531023359,8.058017727639034e-05
15714,13.095218253637562,0.5519742143432715,560,681,1241,0.0,0.0008333472224535399,0.5514907332796122,8.058017727639034e-05
15715,13.096051600860015,0.5519742143432715,560,681,1241,0.0,0.0008333472224535399,0.5515713134568886,8.058017727639034e-05
15716,13.096884948082469,0.5519742143432715,560,681,1241,0.0,0.0008333472224535399,0.5516518936341649,8.058017727639034e-05
15717,13.097718295304922,0.5519742143432715,560,681,1241,0.0,0.0008333472224535399,0.5517324738114413,8.058017727639034e-05
15718,13.098551642527376,0.5519742143432715,560,681,1241,0.0,0.0008333472224535399,0.5518130539887176,8.058017727639034e-05
15719,13.09938498974983,0.5519742143432715,560,681,1241,0.0,0.0008333472224535399,0.5518936341659939,8.058017727639034e-05
15720,13.100218336972283,0.5519742143432715,560,681,1241,0.0,0.0008333472224535399,0.5519742143432703,8.058017727639034e-05
15721,13.101051684194736,0.5519742143432715,560,681,1241,0.0,0.0008333472224535399,0.5519742143432703,0.0
15722,13.10188503141719,0.5519742143432715,560,681,1241,0.0,0.0008333472224535399,0.5519742143432703,0.0
15723,13.102718378639645,0.5519742143432715,560,681,1241,0.0,0.0008333472224553162,0.5519742143432703,0.0
15724,13.103551725862099,0.5519742143432715,560,681,1241,0.0,0.0008333472224535399,0.5519742143432703,0.0
15725,13.104385073084552,0.5511684125705076,560,681,1241,-0.0008058017727639033,0.0008333472224535399,0.5518936341659939,-8.058017727639034e-05
15726,13.105218420307006,0.5511684125705076,560,681,1241,0.0,0.0008333472224535399,0.5518130539887176,-8.058017727639034e-05
15727,13.10605176752946,0.5511684125705076,560,681,1241,0.0,0.0008333472224535399,0.5517324738114413,-8.058017727639034e-05
15728,13.106885114751913,0.5511684125705076,560,681,1241,0.0,0.0008333472224535399,0.5516518936341649,-8.058017727639034e-05
15729,13.107718461974367,0.5511684125705076,560,681,1241,0.0,0.0008333472224535399,0.5515713134568886,-8.058017727639034e-05
15730,13.10855180919682,0.5511684125705076,560,681,1241,0.0,0.0008333472224535399,0.5514907332796122,-8.058017727639034e-05
15731,13.109385156419274,0.5511684125705076,560,681,1241,0.0,0.0008333472224535399,0.5514101531023359,-8.058017727639034e-05
15732,13.110218503641727,0.5519742143432715,560,681,1241,0.0008058017727639033,0.0008333472224535399,0.5514101531023359,0.0
15733,13.111051850864182,0.5519742143432715,560,681,1241,0.0,0.0008333472224553162,0.5514101531023359,0.0
15734,13.111885198086636,0.5519742143432715,560,681,1241,0.0,0.0008333472224535399,0.5514101531023359,0.0
15735,13.11271854530909,0.5519742143432715,560,681,1241,0.0,0.0008333472224535399,0.5514907332796122,8.058017727639034e-05
15736,13.113551892531543,0.5519742143432715,560,681,1241,0.0,0.0008333472224535399,0.5515713134568886,8.058017727639034e-05
15737,13.114385239753997,0.5519742143432715,560,681,1241,0.0,0.0008333472224535399,0.5516518936341649,8.058017727639034e-05
15738,13.11521858697645,0.5527800161160354,560,681,1241,0.0008058017727639033,0.0008333472224535399,0.5518130539887176,0.00016116035455278067
15739,13.116051934198904,0.5527800161160354,560,681,1241,0.0,0.0008333472224535399,0.5519742143432703,0.00016116035455278067
15740,13.116885281421357,0.5527800161160354,560,681,1241,0.0,0.0008333472224535399,0.552135374697823,0.00016116035455278067
15741,13.11771862864381,0.5527800161160354,560,681,1241,0.0,0.0008333472224535399,0.5522965350523756,0.00016116035455278067
15742,13.118551975866264,0.5527800161160354,560,681,1241,0.0,0.0008333472224535399,0.552377115229652,8.058017727639034e-05
15743,13.119385323088718,0.5527800161160354,560,681,1241,0.0,0.0008333472224535399,0.5524576954069284,8.058017727639034e-05
15744,13.120218670311173,0.5527800161160354,560,681,1241,0.0,0.0008333472224553162,0.5525382755842048,8.058017727639034e-05
15745,13.121052017533627,0.5527800161160354,560,681,1241,0.0,0.0008333472224535399,0.5526188557614811,8.058017727639034e-05
15746,13.12188536475608,0.5535858178887993,560,681,1241,0.0008058017727639033,0.0008333472224535399,0.5527800161160339,0.00016116035455278067
15747,13.122718711978534,0.5527800161160354,560,681,1241,-0.0008058017727639033,0.0008333472224535399,0.5528605962933103,8.058017727639034e-05
15748,13.123552059200987,0.5527800161160354,560,681,1241,0.0,0.0008333472224535399,0.5528605962933103,0.0
15749,13.12438540642344,0.5527800161160354,560,681,1241,0.0,0.0008333472224535399,0.5528605962933103,0.0
15750,13.125218753645894,0.5527800161160354,560,681,1241,0.0,0.0008333472224535399,0.5528605962933103,0.0
15751,13.126052100868348,0.5519742143432715,560,681,1241,-0.0008058017727639033,0.0008333472224535399,0.5527800161160339,-8.058017727639034e-05
15752,13.126885448090801,0.5519742143432715,560,681,1241,0.0,0.0008333472224535399,0.5526994359387576,-8.058017727639034e-05
15753,13.127718795313255,0.5519742143432715,560,681,1241,0.0,0.0008333472224535399,0.5526188557614813,-8.058017727639034e-05
15754,13.12855214253571,0.5519742143432715,560,681,1241,0.0,0.0008333472224553162,0.5525382755842049,-8.058017727639034e-05
15755,13.129385489758164,0.5519742143432715,560,681,1241,0.0,0.0008333472224535399,0.5524576954069286,-8.058017727639034e-05
15756,13.130218836980617,0.5519742143432715,560,681,1241,0.0,0.0008333472224535399,0.5522965350523757,-0.00016116035455278067
15757,13.131052184203071,0.5519742143432715,560,681,1241,0.0,0.0008333472224535399,0.5522159548750993,-8.058017727639034e-05
15758,13.131885531425525,0.5519742143432715,560,681,1241,0.0,0.0008333472224535399,0.552135374697823,-8.058017727639034e-05
15759,13.132718878647978,0.5519742143432715,560,681,1241,0.0,0.0008333472224535399,0.5520547945205466,-8.058017727639034e-05
15760,13.133552225870432,0.5519742143432715,560,681,1241,0.0,0.0008333472224535399,0.5519742143432703,-8.058017727639034e-05
15761,13.134385573092885,0.5519742143432715,560,681,1241,0.0,0.0008333472224535399,0.5519742143432703,0.0
15762,13.135218920315339,0.5519742143432715,560,681,1241,0.0,0.0008333472224535399,0.5519742143432703,0.0
15763,13.136052267537792,0.5519742143432715,560,681,1241,0.0,0.0008333472224535399,0.5519742143432703,0.0
15764,13.136885614760246,0.5527800161160354,560,681,1241,0.0008058017727639033,0.0008333472224535399,0.5520547945205466,8.058017727639034e-05
15765,13.137718961982701,0.5519742143432715,560,681,1241,-0.0008058017727639033,0.0008333472224553162,0.5520547945205466,0.0
15766,13.138552309205155,0.5519742143432715,560,681,1241,0.0,0.0008333472224535399,0.5520547945205466,0.0
15767,13.139385656427608,0.5519742143432715,560,681,1241,0.0,0.0008333472224535399,0.5520547945205466,0.0
15768,13.140219003650062,0.5519742143432715,560,681,1241,0.0,0.0008333472224535399,0.5520547945205466,0.0
15769,13.141052350872515,0.5519742143432715,560,681,1241,0.0,0.0008333472224535399,0.5520547945205466,0.0
15770,13.141885698094969,0.5519742143432715,560,681,1241,0.0,0.0008333472224535399,0.5520547945205466,0.0
15771,13.142719045317422,0.5519742143432715,560,681,1241,0.0,0.0008333472224535399,0.5520547945205466,0.0
15772,13.143552392539876,0.5519742143432715,560,681,1241,0.0,0.0008333472224535399,0.5520547945205466,0.0
15773,13.14438573976233,0.5519742143432715,560,681,1241,0.0,0.0008333472224535399,0.5520547945205466,0.0
15774,13.145219086984783,0.5519742143432715,560,681,1241,0.0,0.0008333472224535399,0.5519742143432703,-8.058017727639034e-05
15775,13.146052434207236,0.5519742143432715,560,681,1241,0.0,0.0008333472224535399,0.5519742143432703,0.0
15776,13.146885781429692,0.5519742143432715,560,681,1241,0.0,0.0008333472224553162,0.5519742143432703,0.0
15777,13.147719128652145,0.5519742143432715,560,681,1241,0.0,0.0008333472224535399,0.5519742143432703,0.0
15778,13.148552475874599,0.5519742143432715,560,681,1241,0.0,0.0008333472224535399,0.5519742143432703,0.0
15779,13.149385823097052,0.5519742143432715,560,681,1241,0.0,0.0008333472224535399,0.5519742143432703,0.0
15780,13.150219170319506,0.5519742143432715,560,681,1241,0.0,0.0008333472224535399,0.5519742143432703,0.0
15781,13.15105251754196,0.5519742143432715,560,681,1241,0.0,0.0008333472224535399,0.5519742143432703,0.0
15782,13.151885864764413,0.5519742143432715,560,681,1241,0.0,0.0008333472224535399,0.5519742143432703,0.0
15783,13.152719211986867,0.5527800161160354,560,681,1241,0.0008058017727639033,0.0008333472224535399,0.5520547945205466,8.058017727639034e-05
15784,13.15355255920932,0.5527800161160354,560,681,1241,0.0,0.0008333472224535399,0.552135374697823,8.058017727639034e-05
15785,13.154385906431774,0.5527800161160354,560,681,1241,0.0,0.0008333472224535399,0.5522159548750993,8.058017727639034e-05
15786,13.155219253654229,0.5527800161160354,560,681,1241,0.0,0.0008333472224553162,0.5522965350523756,8.058017727639034e-05
15787,13.156052600876682,0.5527800161160354,560,681,1241,0.0,0.0008333472224535399,0.552377115229652,8.058017727639034e-05
15788,13.156885948099136,0.5527800161160354,560,681,1241,0.0,0.0008333472224535399,0.5524576954069284,8.058017727639034e-05
15789,13.15771929532159,0.5527800161160354,560,681,1241,0.0,0.0008333472224535399,0.5525382755842048,8.058017727639034e-05
15790,13.158552642544043,0.5527800161160354,560,681,1241,0.0,0.0008333472224535399,0.5526188557614811,8.058017727639034e-05
15791,13.159385989766497,0.5527800161160354,560,681,1241,0.0,0.0008333472224535399,0.5526994359387574,8.058017727639034e-05
15792,13.16021933698895,0.5527800161160354,560,681,1241,0.0,0.0008333472224535399,0.5527800161160338,8.058017727639034e-05
15793,13.161052684211404,0.5527800161160354,560,681,1241,0.0,0.0008333472224535399,0.5527800161160338,0.0
15794,13.161886031433857,0.5527800161160354,560,681,1241,0.0,0.0008333472224535399,0.5527800161160338,0.0
15795,13.16271937865631,0.5527800161160354,560,681,1241,0.0,0.0008333472224535399,0.5527800161160338,0.0
15796,13.163552725878764,0.5527800161160354,560,681,1241,0.0,0.0008333472224535399,0.5527800161160338,0.0
15797,13.16438607310122,0.5527800161160354,560,681,1241,0.0,0.0008333472224553162,0.5527800161160338,0.0
15798,13.165219420323673,0.5527800161160354,560,681,1241,0.0,0.0008333472224535399,0.5527800161160338,0.0
15799,13.166052767546127,0.5527800161160354,560,681,1241,0.0,0.0008333472224535399,0.5527800161160338,0.0
15800,13.16688611476858,0.5527800161160354,560,681,1241,0.0,0.0008333472224535399,0.5527800161160338,0.0
15801,13.167719461991034,0.5527800161160354,560,681,1241,0.0,0.0008333472224535399,0.5527800161160338,0.0
15802,13.168552809213487,0.5527800161160354,560,681,1241,0.0,0.0008333472224535399,0.5527800161160338,0.0
15803,13.169386156435941,0.5527800161160354,560,681,1241,0.0,0.0008333472224535399,0.5527800161160338,0.0
15804,13.170219503658394,0.5527800161160354,560,681,1241,0.0,0.0008333472224535399,0.5527800161160338,0.0
15805,13.171052850880848,0.5527800161160354,560,681,1241,0.0,0.0008333472224535399,0.5527800161160338,0.0
15806,13.171886198103302,0.5527800161160354,560,681,1241,0.0,0.0008333472224535399,0.5527800161160338,0.0
15807,13.172719545325757,0.5527800161160354,560,681,1241,0.0,0.0008333472224553162,0.5527800161160338,0.0
15808,13.17355289254821,0.5535858178887993,560,681,1241,0.0008058017727639033,0.0008333472224535399,0.5528605962933101,8.058017727639034e-05
15809,13.174386239770664,0.5535858178887993,560,681,1241,0.0,0.0008333472224535399,0.5529411764705865,8.058017727639034e-05
15810,13.175219586993117,0.5535858178887993,560,681,1241,0.0,0.0008333472224535399,0.5530217566478628,8.058017727639034e-05
15811,13.176052934215571,0.5543916196615633,560,681,1241,0.0008058017727639033,0.0008333472224535399,0.5531829170024156,0.00016116035455278067
15812,13.176886281438025,0.5543916196615633,560,681,1241,0.0,0.0008333472224535399,0.5533440773569686,0.00016116035455278067
15813,13.177719628660478,0.5543916196615633,560,681,1241,0.0,0.0008333472224535399,0.5535052377115214,0.00016116035455278067
15814,13.178552975882932,0.5543916196615633,560,681,1241,0.0,0.0008333472224535399,0.5536663980660743,0.00016116035455278067
15815,13.179386323105385,0.5543916196615633,560,681,1241,0.0,0.0008333472224535399,0.5538275584206271,0.00016116035455278067
15816,13.180219670327839,0.5535858178887993,560,681,1241,-0.0008058017727639033,0.0008333472224535399,0.5539081385979034,8.058017727639034e-05
15817,13.181053017550292,0.5535858178887993,560,681,1241,0.0,0.0008333472224535399,0.5539887187751799,8.058017727639034e-05
15818,13.181886364772748,0.5535858178887993,560,681,1241,0.0,0.0008333472224553162,0.5539887187751799,0.0
15819,13.182719711995201,0.5535858178887993,560,681,1241,0.0,0.0008333472224535399,0.5539887187751799,0.0
15820,13.183553059217655,0.5535858178887993,560,681,1241,0.0,0.0008333472224535399,0.5539887187751799,0.0
15821,13.184386406440108,0.5535858178887993,560,681,1241,0.0,0.0008333472224535399,0.5539081385979034,-8.058017727639034e-05
15822,13.185219753662562,0.5535858178887993,560,681,1241,0.0,0.0008333472224535399,0.5538275584206271,-8.058017727639034e-05
15823,13.186053100885015,0.5535858178887993,560,681,1241,0.0,0.0008333472224535399,0.5537469782433508,-8.058017727639034e-05
15824,13.186886448107469,0.5535858178887993,560,681,1241,0.0,0.0008333472224535399,0.5536663980660744,-8.058017727639034e-05
15825,13.187719795329922,0.5535858178887993,560,681,1241,0.0,0.0008333472224535399,0.5535858178887981,-8.058017727639034e-05
15826,13.188553142552376,0.5535858178887993,560,681,1241,0.0,0.0008333472224535399,0.5535858178887981,0.0
15827,13.18938648977483,0.5535858178887993,560,681,1241,0.0,0.0008333472224535399,0.5535858178887981,0.0
15828,13.190219836997285,0.5535858178887993,560,681,1241,0.0,0.0008333472224553162,0.5535858178887981,0.0
15829,13.191053184219738,0.5535858178887993,560,681,1241,0.0,0.0008333472224535399,0.5535858178887981,0.0
15830,13.191886531442192,0.5535858178887993,560,681,1241,0.0,0.0008333472224535399,0.5535858178887981,0.0
15831,13.192719878664645,0.5535858178887993,560,681,1241,0.0,0.0008333472224535399,0.5535858178887981,0.0
15832,13.193553225887099,0.5535858178887993,560,681,1241,0.0,0.0008333472224535399,0.5535858178887981,0.0
15833,13.194386573109552,0.5527800161160354,560,681,1241,-0.0008058017727639033,0.0008333472224535399,0.5535052377115217,-8.058017727639034e-05
15834,13.195219920332006,0.5527800161160354,560,681,1241,0.0,0.0008333472224535399,0.5534246575342453,-8.058017727639034e-05
15835,13.19605326755446,0.5527800161160354,560,681,1241,0.0,0.0008333472224535399,0.553344077356969,-8.058017727639034e-05
15836,13.196886614776913,0.5527800161160354,560,681,1241,0.0,0.0008333472224535399,0.5532634971796926,-8.058017727639034e-05
15837,13.197719961999367,0.5535858178887993,560,681,1241,0.0008058017727639033,0.0008333472224535399,0.5532634971796926,0.0
15838,13.19855330922182,0.5535858178887993,560,681,1241,0.0,0.0008333472224535399,0.5532634971796926,0.0
15839,13.199386656444275,0.5535858178887993,560,681,1241,0.0,0.0008333472224553162,0.5532634971796926,0.0
15840,13.200220003666729,0.5535858178887993,560,681,1241,0.0,0.0008333472224535399,0.5532634971796926,0.0
15841,13.201053350889183,0.5535858178887993,560,681,1241,0.0,0.0008333472224535399,0.5532634971796926,0.0
15842,13.201886698111636,0.5535858178887993,560,681,1241,0.0,0.0008333472224535399,0.5532634971796926,0.0
15843,13.20272004533409,0.5543916196615633,560,681,1241,0.0008058017727639033,0.0008333472224535399,0.5534246575342454,0.00016116035455278067
15844,13.203553392556543,0.5543916196615633,560,681,1241,0.0,0.0008333472224535399,0.5535858178887982,0.00016116035455278067
15845,13.204386739778997,0.5543916196615633,560,681,1241,0.0,0.0008333472224535399,0.5537469782433512,0.00016116035455278067
15846,13.20522008700145,0.5543916196615633,560,681,1241,0.0,0.0008333472224535399,0.553908138597904,0.00016116035455278067
15847,13.206053434223904,0.5543916196615633,560,681,1241,0.0,0.0008333472224535399,0.5539887187751804,8.058017727639034e-05
15848,13.206886781446357,0.5543916196615633,560,681,1241,0.0,0.0008333472224535399,0.5540692989524568,8.058017727639034e-05
15849,13.20772012866881,0.5543916196615633,560,681,1241,0.0,0.0008333472224535399,0.5541498791297331,8.058017727639034e-05
15850,13.208553475891266,0.5543916196615633,560,681,1241,0.0,0.0008333472224553162,0.5542304593070095,8.058017727639034e-05
15851,13.20938682311372,0.5543916196615633,560,681,1241,0.0,0.0008333472224535399,0.5543110394842858,8.058017727639034e-05
15852,13.210220170336173,0.5543916196615633,560,681,1241,0.0,0.0008333472224535399,0.5543916196615621,8.058017727639034e-05
15853,13.211053517558627,0.5543916196615633,560,681,1241,0.0,0.0008333472224535399,0.5543916196615621,0.0
15854,13.21188686478108,0.5543916196615633,560,681,1241,0.0,0.0008333472224535399,0.5543916196615621,0.0
15855,13.212720212003534,0.5543916196615633,560,681,1241,0.0,0.0008333472224535399,0.5543916196615621,0.0
15856,13.213553559225987,0.5543916196615633,560,681,1241,0.0,0.0008333472224535399,0.5543916196615621,0.0
15857,13.214386906448441,0.5543916196615633,560,681,1241,0.0,0.0008333472224535399,0.5543916196615621,0.0
15858,13.215220253670894,0.5543916196615633,560,681,1241,0.0,0.0008333472224535399,0.5543916196615621,0.0
15859,13.216053600893348,0.5535858178887993,560,681,1241,-0.0008058017727639033,0.0008333472224535399,0.5543110394842857,-8.058017727639034e-05
15860,13.216886948115803,0.5535858178887993,560,681,1241,0.0,0.0008333472224553162,0.5542304593070094,-8.058017727639034e-05
15861,13.217720295338257,0.5535858178887993,560,681,1241,0.0,0.0008333472224535399,0.554149879129733,-8.058017727639034e-05
15862,13.21855364256071,0.5535858178887993,560,681,1241,0.0,0.0008333472224535399,0.5540692989524567,-8.058017727639034e-05
15863,13.219386989783164,0.5527800161160354,560,681,1241,-0.0008058017727639033,0.0008333472224535399,0.5539081385979039,-0.00016116035455278067
15864,13.220220337005617,0.5535858178887993,560,681,1241,0.0008058017727639033,0.0008333472224535399,0.5538275584206275,-8.058017727639034e-05
15865,13.221053684228071,0.5535858178887993,560,681,1241,0.0,0.0008333472224535399,0.5537469782433512,-8.058017727639034e-05
15866,13.221887031450525,0.5535858178887993,560,681,1241,0.0,0.0008333472224535399,0.5536663980660748,-8.058017727639034e-05
15867,13.222720378672978,0.5535858178887993,560,681,1241,0.0,0.0008333472224535399,0.5535858178887985,-8.058017727639034e-05
15868,13.223553725895432,0.5535858178887993,560,681,1241,0.0,0.0008333472224535399,0.5535052377115222,-8.058017727639034e-05
15869,13.224387073117885,0.5535858178887993,560,681,1241,0.0,0.0008333472224535399,0.5535052377115222,0.0
15870,13.225220420340339,0.5535858178887993,560,681,1241,0.0,0.0008333472224535399,0.5535052377115222,0.0
15871,13.226053767562794,0.5535858178887993,560,681,1241,0.0,0.0008333472224553162,0.5535052377115222,0.0
15872,13.226887114785248,0.5535858178887993,560,681,1241,0.0,0.0008333472224535399,0.5535052377115222,0.0
15873,13.227720462007701,0.5535858178887993,560,681,1241,0.0,0.0008333472224535399,0.5535858178887985,8.058017727639034e-05
15874,13.228553809230155,0.5535858178887993,560,681,1241,0.0,0.0008333472224535399,0.5535858178887985,0.0
15875,13.229387156452608,0.5535858178887993,560,681,1241,0.0,0.0008333472224535399,0.5535858178887985,0.0
15876,13.230220503675062,0.5535858178887993,560,681,1241,0.0,0.0008333472224535399,0.5535858178887985,0.0
15877,13.231053850897515,0.5535858178887993,560,681,1241,0.0,0.0008333472224535399,0.5535858178887985,0.0
15878,13.231887198119969,0.5535858178887993,560,681,1241,0.0,0.0008333472224535399,0.5535858178887985,0.0
15879,13.232720545342422,0.5535858178887993,560,681,1241,0.0,0.0008333472224535399,0.5535858178887985,0.0
15880,13.233553892564876,0.5535858178887993,560,681,1241,0.0,0.0008333472224535399,0.5535858178887985,0.0
15881,13.234387239787331,0.5535858178887993,560,681,1241,0.0,0.0008333472224553162,0.5535858178887985,0.0
15882,13.235220587009785,0.5535858178887993,560,681,1241,0.0,0.0008333472224535399,0.5535858178887985,0.0
15883,13.236053934232238,0.5535858178887993,560,681,1241,0.0,0.0008333472224535399,0.5535858178887985,0.0
15884,13.236887281454692,0.5535858178887993,560,681,1241,0.0,0.0008333472224535399,0.5535858178887985,0.0
15885,13.237720628677145,0.5535858178887993,560,681,1241,0.0,0.0008333472224535399,0.5535858178887985,0.0
15886,13.238553975899599,0.5535858178887993,560,681,1241,0.0,0.0008333472224535399,0.5535858178887985,0.0
15887,13.239387323122052,0.5535858178887993,560,681,1241,0.0,0.0008333472224535399,0.5535858178887985,0.0
15888,13.240220670344506,0.5543916196615633,560,681,1241,0.0008058017727639033,0.0008333472224535399,0.5536663980660749,8.058017727639034e-05
15889,13.24105401756696,0.5543916196615633,560,681,1241,0.0,0.0008333472224535399,0.5537469782433513,8.058017727639034e-05
15890,13.241887364789413,0.5543916196615633,560,681,1241,0.0,0.0008333472224535399,0.5538275584206276,8.058017727639034e-05
15891,13.242720712011867,0.5543916196615633,560,681,1241,0.0,0.0008333472224535399,0.5539081385979039,8.058017727639034e-05
15892,13.243554059234322,0.5543916196615633,560,681,1241,0.0,0.0008333472224553162,0.5539887187751803,8.058017727639034e-05
15893,13.244387406456775,0.5543916196615633,560,681,1241,0.0,0.0008333472224535399,0.5540692989524566,8.058017727639034e-05
15894,13.245220753679229,0.5543916196615633,560,681,1241,0.0,0.0008333472224535399,0.554149879129733,8.058017727639034e-05
15895,13.246054100901683,0.5543916196615633,560,681,1241,0.0,0.0008333472224535399,0.5542304593070093,8.058017727639034e-05
15896,13.246887448124136,0.5551974214343272,560,681,1241,0.0008058017727639033,0.0008333472224535399,0.5543916196615621,0.00016116035455278067
15897,13.24772079534659,0.5551974214343272,560,681,1241,0.0,0.0008333472224535399,0.5545527800161149,0.00016116035455278067
15898,13.248554142569043,0.5551974214343272,560,681,1241,0.0,0.0008333472224535399,0.5546333601933913,8.058017727639034e-05
15899,13.249387489791497,0.5551974214343272,560,681,1241,0.0,0.0008333472224535399,0.5547139403706677,8.058017727639034e-05
15900,13.25022083701395,0.5551974214343272,560,681,1241,0.0,0.0008333472224535399,0.554794520547944,8.058017727639034e-05
15901,13.251054184236404,0.5551974214343272,560,681,1241,0.0,0.0008333472224535399,0.5548751007252204,8.058017727639034e-05
15902,13.251887531458857,0.5551974214343272,560,681,1241,0.0,0.0008333472224535399,0.5549556809024967,8.058017727639034e-05
15903,13.252720878681313,0.5551974214343272,560,681,1241,0.0,0.0008333472224553162,0.555036261079773,8.058017727639034e-05
15904,13.253554225903766,0.5551974214343272,560,681,1241,0.0,0.0008333472224535399,0.5551168412570494,8.058017727639034e-05
15905,13.25438757312622,0.5551974214343272,560,681,1241,0.0,0.0008333472224535399,0.5551974214343257,8.058017727639034e-05
15906,13.255220920348673,0.5551974214343272,560,681,1241,0.0,0.0008333472224535399,0.5551974214343257,0.0
15907,13.256054267571127,0.5551974214343272,560,681,1241,0.0,0.0008333472224535399,0.5551974214343257,0.0
15908,13.25688761479358,0.5551974214343272,560,681,1241,0.0,0.0008333472224535399,0.5551974214343257,0.0
15909,13.257720962016034,0.5560032232070911,560,681,1241,0.0008058017727639033,0.0008333472224535399,0.5552780016116021,8.058017727639034e-05
15910,13.258554309238487,0.5560032232070911,560,681,1241,0.0,0.0008333472224535399,0.5553585817888784,8.058017727639034e-05
15911,13.259387656460941,0.5560032232070911,560,681,1241,0.0,0.0008333472224535399,0.5554391619661547,8.058017727639034e-05
15912,13.260221003683395,0.5560032232070911,560,681,1241,0.0,0.0008333472224535399,0.5555197421434311,8.058017727639034e-05
15913,13.26105435090585,0.5560032232070911,560,681,1241,0.0,0.0008333472224553162,0.5556003223207074,8.058017727639034e-05
15914,13.261887698128303,0.5560032232070911,560,681,1241,0.0,0.0008333472224535399,0.5556809024979839,8.058017727639034e-05
15915,13.262721045350757,0.5560032232070911,560,681,1241,0.0,0.0008333472224535399,0.5557614826752602,8.058017727639034e-05
15916,13.26355439257321,0.5560032232070911,560,681,1241,0.0,0.0008333472224535399,0.5558420628525365,8.058017727639034e-05
15917,13.264387739795664,0.5560032232070911,560,681,1241,0.0,0.0008333472224535399,0.5559226430298129,8.058017727639034e-05
15918,13.265221087018118,0.5560032232070911,560,681,1241,0.0,0.0008333472224535399,0.5560032232070892,8.058017727639034e-05
15919,13.266054434240571,0.5560032232070911,560,681,1241,0.0,0.0008333472224535399,0.5560032232070892,0.0
15920,13.266887781463025,0.5560032232070911,560,681,1241,0.0,0.0008333472224535399,0.5560032232070892,0.0
15921,13.267721128685478,0.5560032232070911,560,681,1241,0.0,0.0008333472224535399,0.5560032232070892,0.0
15922,13.268554475907932,0.5560032232070911,560,681,1241,0.0,0.0008333472224535399,0.5560032232070892,0.0
15923,13.269387823130385,0.5560032232070911,560,681,1241,0.0,0.0008333472224535399,0.5560032232070892,0.0
15924,13.27022117035284,0.5560032232070911,560,681,1241,0.0,0.0008333472224553162,0.5560032232070892,0.0
15925,13.271054517575294,0.5560032232070911,560,681,1241,0.0,0.0008333472224535399,0.5560032232070892,0.0
15926,13.271887864797748,0.5560032232070911,560,681,1241,0.0,0.0008333472224535399,0.5560032232070892,0.0
15927,13.272721212020201,0.5560032232070911,560,681,1241,0.0,0.0008333472224535399,0.5560032232070892,0.0
15928,13.273554559242655,0.5560032232070911,560,681,1241,0.0,0.0008333472224535399,0.5560032232070892,0.0
15929,13.274387906465108,0.5560032232070911,560,681,1241,0.0,0.0008333472224535399,0.5560032232070892,0.0
15930,13.275221253687562,0.5560032232070911,560,681,1241,0.0,0.0008333472224535399,0.5560032232070892,0.0
15931,13.276054600910015,0.5560032232070911,560,681,1241,0.0,0.0008333472224535399,0.5560032232070892,0.0
15932,13.276887948132469,0.5560032232070911,560,681,1241,0.0,0.0008333472224535399,0.5560032232070892,0.0
15933,13.277721295354922,0.5560032232070911,560,681,1241,0.0,0.0008333472224535399,0.5560032232070892,0.0
15934,13.278554642577378,0.5560032232070911,560,681,1241,0.0,0.0008333472224553162,0.5560032232070892,0.0
15935,13.279387989799831,0.5560032232070911,560,681,1241,0.0,0.0008333472224535399,0.5560032232070892,0.0
15936,13.280221337022285,0.5560032232070911,560,681,1241,0.0,0.0008333472224535399,0.5560032232070892,0.0
15937,13.281054684244738,0.5560032232070911,560,681,1241,0.0,0.0008333472224535399,0.5560032232070892,0.0
15938,13.281888031467192,0.5560032232070911,560,681,1241,0.0,0.0008333472224535399,0.5560032232070892,0.0
15939,13.282721378689645,0.5560032232070911,560,681,1241,0.0,0.0008333472224535399,0.5560032232070892,0.0
15940,13.283554725912099,0.5560032232070911,560,681,1241,0.0,0.0008333472224535399,0.5560032232070892,0.0
15941,13.284388073134552,0.5560032232070911,560,681,1241,0.0,0.0008333472224535399,0.5560032232070892,0.0
15942,13.285221420357006,0.5560032232070911,560,681,1241,0.0,0.0008333472224535399,0.5560032232070892,0.0
15943,13.28605476757946,0.5560032232070911,560,681,1241,0.0,0.0008333472224535399,0.5560032232070892,0.0
15944,13.286888114801913,0.5560032232070911,560,681,1241,0.0,0.0008333472224535399,0.5560032232070892,0.0
15945,13.287721462024368,0.5560032232070911,560,681,1241,0.0,0.0008333472224553162,0.5560032232070892,0.0
15946,13.288554809246822,0.5560032232070911,560,681,1241,0.0,0.0008333472224535399,0.5560032232070892,0.0
15947,13.289388156469276,0.5560032232070911,560,681,1241,0.0,0.0008333472224535399,0.5560032232070892,0.0
15948,13.290221503691729,0.556809024979855,560,681,1241,0.0008058017727639033,0.0008333472224535399,0.5560838033843656,8.058017727639034e-05
15949,13.291054850914183,0.556809024979855,560,681,1241,0.0,0.0008333472224535399,0.5561643835616419,8.058017727639034e-05
15950,13.291888198136636,0.556809024979855,560,681,1241,0.0,0.0008333472224535399,0.5562449637389182,8.058017727639034e-05
15951,13.29272154535909,0.556809024979855,560,681,1241,0.0,0.0008333472224535399,0.5563255439161946,8.058017727639034e-05
15952,13.293554892581543,0.556809024979855,560,681,1241,0.0,0.0008333472224535399,0.5564061240934709,8.058017727639034e-05
15953,13.294388239803997,0.556809024979855,560,681,1241,0.0,0.0008333472224535399,0.5564867042707473,8.058017727639034e-05
15954,13.29522158702645,0.556809024979855,560,681,1241,0.0,0.0008333472224535399,0.5565672844480236,8.058017727639034e-05
15955,13.296054934248904,0.5560032232070911,560,681,1241,-0.0008058017727639033,0.0008333472224535399,0.5565672844480236,0.0
15956,13.29688828147136,0.5560032232070911,560,681,1241,0.0,0.0008333472224553162,0.5565672844480236,0.0
15957,13.297721628693813,0.5560032232070911,560,681,1241,0.0,0.0008333472224535399,0.5565672844480236,0.0
15958,13.298554975916266,0.5560032232070911,560,681,1241,0.0,0.0008333472224535399,0.5564867042707472,-8.058017727639034e-05
15959,13.29938832313872,0.5560032232070911,560,681,1241,0.0,0.0008333472224535399,0.5564061240934708,-8.058017727639034e-05
15960,13.300221670361173,0.5560032232070911,560,681,1241,0.0,0.0008333472224535399,0.5563255439161945,-8.058017727639034e-05
15961,13.301055017583627,0.5560032232070911,560,681,1241,0.0,0.0008333472224535399,0.5562449637389182,-8.058017727639034e-05
15962,13.30188836480608,0.5560032232070911,560,681,1241,0.0,0.0008333472224535399,0.5561643835616418,-8.058017727639034e-05
15963,13.302721712028534,0.5560032232070911,560,681,1241,0.0,0.0008333472224535399,0.5560838033843655,-8.058017727639034e-05
15964,13.303555059250987,0.5560032232070911,560,681,1241,0.0,0.0008333472224535399,0.5560032232070891,-8.058017727639034e-05
15965,13.304388406473441,0.5560032232070911,560,681,1241,0.0,0.0008333472224535399,0.5560032232070892,0.0
15966,13.305221753695896,0.5560032232070911,560,681,1241,0.0,0.0008333472224553162,0.5560032232070892,0.0
15967,13.30605510091835,0.5560032232070911,560,681,1241,0.0,0.0008333472224535399,0.5560032232070892,0.0
15968,13.306888448140803,0.5560032232070911,560,681,1241,0.0,0.0008333472224535399,0.5560032232070892,0.0
15969,13.307721795363257,0.5560032232070911,560,681,1241,0.0,0.0008333472224535399,0.5560032232070892,0.0
15970,13.30855514258571,0.5560032232070911,560,681,1241,0.0,0.0008333472224535399,0.5560032232070892,0.0
15971,13.309388489808164,0.5560032232070911,560,681,1241,0.0,0.0008333472224535399,0.5560032232070892,0.0
15972,13.310221837030618,0.556809024979855,560,681,1241,0.0008058017727639033,0.0008333472224535399,0.5560838033843656,8.058017727639034e-05
15973,13.311055184253071,0.556809024979855,560,681,1241,0.0,0.0008333472224535399,0.5561643835616419,8.058017727639034e-05
15974,13.311888531475525,0.556809024979855,560,681,1241,0.0,0.0008333472224535399,0.5562449637389182,8.058017727639034e-05
15975,13.312721878697978,0.556809024979855,560,681,1241,0.0,0.0008333472224535399,0.5563255439161946,8.058017727639034e-05
15976,13.313555225920432,0.556809024979855,560,681,1241,0.0,0.0008333472224535399,0.5564061240934709,8.058017727639034e-05
15977,13.314388573142887,0.556809024979855,560,681,1241,0.0,0.0008333472224553162,0.5564867042707473,8.058017727639034e-05
15978,13.31522192036534,0.556809024979855,560,681,1241,0.0,0.0008333472224535399,0.5565672844480236,8.058017727639034e-05
15979,13.316055267587794,0.556809024979855,560,681,1241,0.0,0.0008333472224535399,0.5566478646252999,8.058017727639034e-05
15980,13.316888614810248,0.556809024979855,560,681,1241,0.0,0.0008333472224535399,0.5567284448025763,8.058017727639034e-05
15981,13.317721962032701,0.556809024979855,560,681,1241,0.0,0.0008333472224535399,0.5568090249798526,8.058017727639034e-05
15982,13.318555309255155,0.5560032232070911,560,681,1241,-0.0008058017727639033,0.0008333472224535399,0.5567284448025762,-8.058017727639034e-05
15983,13.319388656477608,0.5560032232070911,560,681,1241,0.0,0.0008333472224535399,0.5566478646252999,-8.058017727639034e-05
15984,13.320222003700062,0.5560032232070911,560,681,1241,0.0,0.0008333472224535399,0.5565672844480235,-8.058017727639034e-05
15985,13.321055350922515,0.5560032232070911,560,681,1241,0.0,0.0008333472224535399,0.5564867042707472,-8.058017727639034e-05
15986,13.321888698144969,0.5560032232070911,560,681,1241,0.0,0.0008333472224535399,0.5564061240934708,-8.058017727639034e-05
15987,13.322722045367424,0.5551974214343272,560,681,1241,-0.0008058017727639033,0.0008333472224553162,0.5562449637389181,-0.00016116035455278067
15988,13.323555392589878,0.5551974214343272,560,681,1241,0.0,0.0008333472224535399,0.5560838033843652,-0.00016116035455278067
15989,13.324388739812331,0.5551974214343272,560,681,1241,0.0,0.0008333472224535399,0.5559226430298125,-0.00016116035455278067
15990,13.325222087034785,0.5543916196615633,560,681,1241,-0.0008058017727639033,0.0008333472224535399,0.5556809024979834,-0.00024174053182917098
15991,13.326055434257238,0.5543916196615633,560,681,1241,0.0,0.0008333472224535399,0.5554391619661542,-0.00024174053182917098
15992,13.326888781479692,0.5543916196615633,560,681,1241,0.0,0.0008333472224535399,0.5552780016116013,-0.00016116035455278067
15993,13.327722128702145,0.5543916196615633,560,681,1241,0.0,0.0008333472224535399,0.5551168412570486,-0.00016116035455278067
15994,13.328555475924599,0.5543916196615633,560,681,1241,0.0,0.0008333472224535399,0.554955680902496,-0.00016116035455278067
15995,13.329388823147053,0.5543916196615633,560,681,1241,0.0,0.0008333472224535399,0.5547945205479433,-0.00016116035455278067
15996,13.330222170369506,0.5543916196615633,560,681,1241,0.0,0.0008333472224535399,0.5546333601933906,-0.00016116035455278067
15997,13.33105551759196,0.5543916196615633,560,681,1241,0.0,0.0008333472224535399,0.5545527800161143,-8.058017727639034e-05
15998,13.331888864814415,0.5543916196615633,560,681,1241,0.0,0.0008333472224553162,0.5544721998388379,-8.058017727639034e-05
15999,13.332722212036868,0.5543916196615633,560,681,1241,0.0,0.0008333472224535399,0.5543916196615616,-8.058017727639034e-05
16000,13.333555559259322,0.5543916196615633,560,681,1241,0.0,0.0008333472224535399,0.5543916196615616,0.0
16001,13.334388906481776,0.5543916196615633,560,681,1241,0.0,0.0008333472224535399,0.5543916196615616,0.0
16002,13.335222253704229,0.5543916196615633,560,681,1241,0.0,0.0008333472224535399,0.5543916196615616,0.0
16003,13.336055600926683,0.5543916196615633,560,681,1241,0.0,0.0008333472224535399,0.5543916196615616,0.0
16004,13.336888948149136,0.5535858178887993,560,681,1241,-0.0008058017727639033,0.0008333472224535399,0.5543110394842852,-8.058017727639034e-05
16005,13.33772229537159,0.5535858178887993,560,681,1241,0.0,0.0008333472224535399,0.5542304593070089,-8.058017727639034e-05
16006,13.338555642594043,0.5535858178887993,560,681,1241,0.0,0.0008333472224535399,0.5541498791297326,-8.058017727639034e-05
16007,13.339388989816497,0.5535858178887993,560,681,1241,0.0,0.0008333472224535399,0.5540692989524562,-8.058017727639034e-05
16008,13.34022233703895,0.5535858178887993,560,681,1241,0.0,0.0008333472224535399,0.5539887187751799,-8.058017727639034e-05
16009,13.341055684261406,0.5535858178887993,560,681,1241,0.0,0.0008333472224553162,0.5539081385979034,-8.058017727639034e-05
16010,13.34188903148386,0.5535858178887993,560,681,1241,0.0,0.0008333472224535399,0.5538275584206271,-8.058017727639034e-05
16011,13.342722378706313,0.5535858178887993,560,681,1241,0.0,0.0008333472224535399,0.5537469782433508,-8.058017727639034e-05
16012,13.343555725928766,0.5535858178887993,560,681,1241,0.0,0.0008333472224535399,0.5536663980660744,-8.058017727639034e-05
16013,13.34438907315122,0.5535858178887993,560,681,1241,0.0,0.0008333472224535399,0.5535858178887981,-8.058017727639034e-05
16014,13.345222420373673,0.5535858178887993,560,681,1241,0.0,0.0008333472224535399,0.5535858178887981,0.0
16015,13.346055767596127,0.5535858178887993,560,681,1241,0.0,0.0008333472224535399,0.5535858178887981,0.0
16016,13.34688911481858,0.5535858178887993,560,681,1241,0.0,0.0008333472224535399,0.5535858178887981,0.0
16017,13.347722462041034,0.5535858178887993,560,681,1241,0.0,0.0008333472224535399,0.5535858178887981,0.0
16018,13.348555809263488,0.5535858178887993,560,681,1241,0.0,0.0008333472224535399,0.5535858178887981,0.0
16019,13.349389156485943,0.5535858178887993,560,681,1241,0.0,0.0008333472224553162,0.5535858178887981,0.0
16020,13.350222503708396,0.5527800161160354,560,681,1241,-0.0008058017727639033,0.0008333472224535399,0.5535052377115217,-8.058017727639034e-05
16021,13.35105585093085,0.5519742143432715,560,681,1241,-0.0008058017727639033,0.0008333472224535399,0.5533440773569689,-0.00016116035455278067
16022,13.351889198153303,0.5519742143432715,560,681,1241,0.0,0.0008333472224535399,0.5531829170024161,-0.00016116035455278067
16023,13.352722545375757,0.5519742143432715,560,681,1241,0.0,0.0008333472224535399,0.5530217566478633,-0.00016116035455278067
16024,13.35355589259821,0.5519742143432715,560,681,1241,0.0,0.0008333472224535399,0.5528605962933105,-0.00016116035455278067
16025,13.354389239820664,0.5519742143432715,560,681,1241,0.0,0.0008333472224535399,0.5526994359387578,-0.00016116035455278067
16026,13.355222587043118,0.5519742143432715,560,681,1241,0.0,0.0008333472224535399,0.552538275584205,-0.00016116035455278067
16027,13.356055934265571,0.5519742143432715,560,681,1241,0.0,0.0008333472224535399,0.5523771152296522,-0.00016116035455278067
16028,13.356889281488025,0.5519742143432715,560,681,1241,0.0,0.0008333472224535399,0.5522159548750994,-0.00016116035455278067
16029,13.357722628710478,0.5519742143432715,560,681,1241,0.0,0.0008333472224535399,0.5520547945205466,-0.00016116035455278067
16030,13.358555975932934,0.5519742143432715,560,681,1241,0.0,0.0008333472224553162,0.5519742143432703,-8.058017727639034e-05
16031,13.359389323155387,0.5519742143432715,560,681,1241,0.0,0.0008333472224535399,0.5519742143432703,0.0
16032,13.36022267037784,0.5519742143432715,560,681,1241,0.0,0.0008333472224535399,0.5519742143432703,0.0
16033,13.361056017600294,0.5519742143432715,560,681,1241,0.0,0.0008333472224535399,0.5519742143432703,0.0
16034,13.361889364822748,0.5519742143432715,560,681,1241,0.0,0.0008333472224535399,0.5519742143432703,0.0
16035,13.362722712045201,0.5519742143432715,560,681,1241,0.0,0.0008333472224535399,0.5519742143432703,0.0
16036,13.363556059267655,0.5519742143432715,560,681,1241,0.0,0.0008333472224535399,0.5519742143432703,0.0
16037,13.364389406490108,0.5519742143432715,560,681,1241,0.0,0.0008333472224535399,0.5519742143432703,0.0
16038,13.365222753712562,0.5519742143432715,560,681,1241,0.0,0.0008333472224535399,0.5519742143432703,0.0
16039,13.366056100935015,0.5519742143432715,560,681,1241,0.0,0.0008333472224535399,0.5519742143432703,0.0
16040,13.36688944815747,0.5519742143432715,560,681,1241,0.0,0.0008333472224553162,0.5519742143432703,0.0
16041,13.367722795379924,0.5519742143432715,560,681,1241,0.0,0.0008333472224535399,0.5519742143432703,0.0
16042,13.368556142602378,0.5519742143432715,560,681,1241,0.0,0.0008333472224535399,0.5519742143432703,0.0
16043,13.369389489824831,0.5519742143432715,560,681,1241,0.0,0.0008333472224535399,0.5519742143432703,0.0
16044,13.370222837047285,0.5519742143432715,560,681,1241,0.0,0.0008333472224535399,0.5519742143432703,0.0
16045,13.371056184269738,0.5519742143432715,560,681,1241,0.0,0.0008333472224535399,0.5519742143432703,0.0
16046,13.371889531492192,0.5519742143432715,560,681,1241,0.0,0.0008333472224535399,0.5519742143432703,0.0
16047,13.372722878714645,0.5519742143432715,560,681,1241,0.0,0.0008333472224535399,0.5519742143432703,0.0
16048,13.373556225937099,0.5519742143432715,560,681,1241,0.0,0.0008333472224535399,0.5519742143432703,0.0
16049,13.374389573159553,0.5519742143432715,560,681,1241,0.0,0.0008333472224535399,0.5519742143432703,0.0
16050,13.375222920382006,0.5519742143432715,560,681,1241,0.0,0.0008333472224535399,0.5519742143432703,0.0
16051,13.376056267604461,0.5519742143432715,560,681,1241,0.0,0.0008333472224553162,0.5519742143432703,0.0
16052,13.376889614826915,0.5519742143432715,560,681,1241,0.0,0.0008333472224535399,0.5519742143432703,0.0
16053,13.377722962049369,0.5519742143432715,560,681,1241,0.0,0.0008333472224535399,0.5519742143432703,0.0
16054,13.378556309271822,0.5527800161160354,560,681,1241,0.0008058017727639033,0.0008333472224535399,0.5520547945205466,8.058017727639034e-05
16055,13.379389656494276,0.5527800161160354,560,681,1241,0.0,0.0008333472224535399,0.552135374697823,8.058017727639034e-05
16056,13.38022300371673,0.5527800161160354,560,681,1241,0.0,0.0008333472224535399,0.5522159548750993,8.058017727639034e-05
16057,13.381056350939183,0.5527800161160354,560,681,1241,0.0,0.0008333472224535399,0.5522965350523756,8.058017727639034e-05
16058,13.381889698161636,0.5527800161160354,560,681,1241,0.0,0.0008333472224535399,0.552377115229652,8.058017727639034e-05
16059,13.38272304538409,0.5527800161160354,560,681,1241,0.0,0.0008333472224535399,0.5524576954069284,8.058017727639034e-05
16060,13.383556392606543,0.5527800161160354,560,681,1241,0.0,0.0008333472224535399,0.5525382755842048,8.058017727639034e-05
16061,13.384389739828999,0.5527800161160354,560,681,1241,0.0,0.0008333472224553162,0.5526188557614811,8.058017727639034e-05
16062,13.385223087051452,0.5535858178887993,560,681,1241,0.0008058017727639033,0.0008333472224535399,0.5527800161160339,0.00016116035455278067
16063,13.386056434273906,0.5543916196615633,560,681,1241,0.0008058017727639033,0.0008333472224535399,0.553021756647863,0.00024174053182917098
16064,13.38688978149636,0.5543916196615633,560,681,1241,0.0,0.0008333472224535399,0.5531829170024158,0.00016116035455278067
16065,13.387723128718813,0.5543916196615633,560,681,1241,0.0,0.0008333472224535399,0.5533440773569687,0.00016116035455278067
16066,13.388556475941266,0.5543916196615633,560,681,1241,0.0,0.0008333472224535399,0.5535052377115216,0.00016116035455278067
16067,13.38938982316372,0.5543916196615633,560,681,1241,0.0,0.0008333472224535399,0.5536663980660744,0.00016116035455278067
16068,13.390223170386173,0.5543916196615633,560,681,1241,0.0,0.0008333472224535399,0.5538275584206274,0.00016116035455278067
16069,13.391056517608627,0.5543916196615633,560,681,1241,0.0,0.0008333472224535399,0.5539887187751802,0.00016116035455278067
16070,13.39188986483108,0.5543916196615633,560,681,1241,0.0,0.0008333472224535399,0.554149879129733,0.00016116035455278067
16071,13.392723212053534,0.5543916196615633,560,681,1241,0.0,0.0008333472224535399,0.554311039484286,0.00016116035455278067
16072,13.39355655927599,0.5543916196615633,560,681,1241,0.0,0.0008333472224553162,0.5543916196615624,8.058017727639034e-05
16073,13.394389906498443,0.5543916196615633,560,681,1241,0.0,0.0008333472224535399,0.5543916196615623,0.0
16074,13.395223253720896,0.5543916196615633,560,681,1241,0.0,0.0008333472224535399,0.5543916196615623,0.0
16075,13.39605660094335,0.5543916196615633,560,681,1241,0.0,0.0008333472224535399,0.5543916196615623,0.0
16076,13.396889948165803,0.5543916196615633,560,681,1241,0.0,0.0008333472224535399,0.5543916196615623,0.0
16077,13.397723295388257,0.5543916196615633,560,681,1241,0.0,0.0008333472224535399,0.5543916196615623,0.0
16078,13.39855664261071,0.5543916196615633,560,681,1241,0.0,0.0008333472224535399,0.5543916196615623,0.0
16079,13.399389989833164,0.5543916196615633,560,681,1241,0.0,0.0008333472224535399,0.5543916196615623,0.0
16080,13.400223337055618,0.5543916196615633,560,681,1241,0.0,0.0008333472224535399,0.5543916196615623,0.0
16081,13.401056684278071,0.5543916196615633,560,681,1241,0.0,0.0008333472224535399,0.5543916196615623,0.0
16082,13.401890031500525,0.5543916196615633,560,681,1241,0.0,0.0008333472224535399,0.5543916196615623,0.0
16083,13.40272337872298,0.5543916196615633,560,681,1241,0.0,0.0008333472224553162,0.5543916196615623,0.0
16084,13.403556725945434,0.5543916196615633,560,681,1241,0.0,0.0008333472224535399,0.5543916196615623,0.0
16085,13.404390073167887,0.5543916196615633,560,681,1241,0.0,0.0008333472224535399,0.5543916196615623,0.0
16086,13.40522342039034,0.5543916196615633,560,681,1241,0.0,0.0008333472224535399,0.5543916196615623,0.0
16087,13.406056767612794,0.5543916196615633,560,681,1241,0.0,0.0008333472224535399,0.5543916196615623,0.0
16088,13.406890114835248,0.5543916196615633,560,681,1241,0.0,0.0008333472224535399,0.5543916196615623,0.0
16089,13.407723462057701,0.5535858178887993,560,681,1241,-0.0008058017727639033,0.0008333472224535399,0.554311039484286,-8.058017727639034e-05
16090,13.408556809280155,0.5535858178887993,560,681,1241,0.0,0.0008333472224535399,0.5542304593070095,-8.058017727639034e-05
16091,13.409390156502608,0.5535858178887993,560,681,1241,0.0,0.0008333472224535399,0.5541498791297332,-8.058017727639034e-05
16092,13.410223503725062,0.5535858178887993,560,681,1241,0.0,0.0008333472224535399,0.5540692989524569,-8.058017727639034e-05
16093,13.411056850947517,0.5535858178887993,560,681,1241,0.0,0.0008333472224553162,0.5539887187751805,-8.058017727639034e-05
16094,13.41189019816997,0.5535858178887993,560,681,1241,0.0,0.0008333472224535399,0.5539081385979042,-8.058017727639034e-05
16095,13.412723545392424,0.5535858178887993,560,681,1241,0.0,0.0008333472224535399,0.5538275584206278,-8.058017727639034e-05
16096,13.413556892614878,0.5535858178887993,560,681,1241,0.0,0.0008333472224535399,0.5537469782433515,-8.058017727639034e-05
16097,13.414390239837331,0.5535858178887993,560,681,1241,0.0,0.0008333472224535399,0.5536663980660752,-8.058017727639034e-05
16098,13.415223587059785,0.5535858178887993,560,681,1241,0.0,0.0008333472224535399,0.5535858178887988,-8.058017727639034e-05
16099,13.416056934282238,0.5535858178887993,560,681,1241,0.0,0.0008333472224535399,0.5535858178887988,0.0
16100,13.416890281504692,0.5535858178887993,560,681,1241,0.0,0.0008333472224535399,0.5535858178887988,0.0
16101,13.417723628727146,0.5527800161160354,560,681,1241,-0.0008058017727639033,0.0008333472224535399,0.5535052377115224,-8.058017727639034e-05
16102,13.418556975949599,0.5527800161160354,560,681,1241,0.0,0.0008333472224535399,0.5534246575342461,-8.058017727639034e-05
16103,13.419390323172053,0.5527800161160354,560,681,1241,0.0,0.0008333472224535399,0.5533440773569697,-8.058017727639034e-05
16104,13.420223670394508,0.5527800161160354,560,681,1241,0.0,0.0008333472224553162,0.5532634971796934,-8.058017727639034e-05
16105,13.421057017616961,0.5535858178887993,560,681,1241,0.0008058017727639033,0.0008333472224535399,0.5532634971796934,0.0
16106,13.421890364839415,0.5535858178887993,560,681,1241,0.0,0.0008333472224535399,0.5532634971796934,0.0
16107,13.422723712061869,0.5535858178887993,560,681,1241,0.0,0.0008333472224535399,0.5532634971796934,0.0
16108,13.423557059284322,0.5535858178887993,560,681,1241,0.0,0.0008333472224535399,0.5532634971796934,0.0
16109,13.424390406506776,0.5535858178887993,560,681,1241,0.0,0.0008333472224535399,0.5532634971796934,0.0
16110,13.42522375372923,0.5535858178887993,560,681,1241,0.0,0.0008333472224535399,0.5532634971796934,0.0
16111,13.426057100951683,0.5535858178887993,560,681,1241,0.0,0.0008333472224535399,0.5533440773569698,8.058017727639034e-05
16112,13.426890448174136,0.5543916196615633,560,681,1241,0.0008058017727639033,0.0008333472224535399,0.5535052377115226,0.00016116035455278067
16113,13.42772379539659,0.5543916196615633,560,681,1241,0.0,0.0008333472224535399,0.5536663980660755,0.00016116035455278067
16114,13.428557142619045,0.5543916196615633,560,681,1241,0.0,0.0008333472224553162,0.5538275584206284,0.00016116035455278067
16115,13.429390489841499,0.5543916196615633,560,681,1241,0.0,0.0008333472224535399,0.5539081385979048,8.058017727639034e-05
16116,13.430223837063952,0.5543916196615633,560,681,1241,0.0,0.0008333472224535399,0.5539887187751812,8.058017727639034e-05
16117,13.431057184286406,0.5543916196615633,560,681,1241,0.0,0.0008333472224535399,0.5540692989524575,8.058017727639034e-05
16118,13.43189053150886,0.5535858178887993,560,681,1241,-0.0008058017727639033,0.0008333472224535399,0.5540692989524575,0.0
16119,13.432723878731313,0.5535858178887993,560,681,1241,0.0,0.0008333472224535399,0.5540692989524575,0.0
16120,13.433557225953766,0.5535858178887993,560,681,1241,0.0,0.0008333472224535399,0.5540692989524575,0.0
16121,13.43439057317622,0.5535858178887993,560,681,1241,0.0,0.0008333472224535399,0.5540692989524575,0.0
16122,13.435223920398673,0.5535858178887993,560,681,1241,0.0,0.0008333472224535399,0.5539887187751811,-8.058017727639034e-05
16123,13.436057267621127,0.5535858178887993,560,681,1241,0.0,0.0008333472224535399,0.5539081385979048,-8.058017727639034e-05
16124,13.43689061484358,0.5535858178887993,560,681,1241,0.0,0.0008333472224535399,0.5538275584206284,-8.058017727639034e-05
16125,13.437723962066036,0.5535858178887993,560,681,1241,0.0,0.0008333472224553162,0.5537469782433521,-8.058017727639034e-05
16126,13.43855730928849,0.5535858178887993,560,681,1241,0.0,0.0008333472224535399,0.5536663980660756,-8.058017727639034e-05
16127,13.439390656510943,0.5535858178887993,560,681,1241,0.0,0.0008333472224535399,0.5535858178887993,-8.058017727639034e-05
16128,13.440224003733396,0.5535858178887993,560,681,1241,0.0,0.0008333472224535399,0.5535858178887993,0.0
16129,13.44105735095585,0.5535858178887993,560,681,1241,0.0,0.0008333472224535399,0.5535858178887993,0.0
16130,13.441890698178304,0.5535858178887993,560,681,1241,0.0,0.0008333472224535399,0.5535858178887993,0.0
16131,13.442724045400757,0.5543916196615633,560,681,1241,0.0008058017727639033,0.0008333472224535399,0.5536663980660758,8.058017727639034e-05
16132,13.44355739262321,0.5543916196615633,560,681,1241,0.0,0.0008333472224535399,0.5537469782433522,8.058017727639034e-05
16133,13.444390739845664,0.5543916196615633,560,681,1241,0.0,0.0008333472224535399,0.5538275584206285,8.058017727639034e-05
16134,13.445224087068118,0.5543916196615633,560,681,1241,0.0,0.0008333472224535399,0.5539081385979048,8.058017727639034e-05
16135,13.446057434290571,0.5543916196615633,560,681,1241,0.0,0.0008333472224535399,0.5539887187751812,8.058017727639034e-05
16136,13.446890781513027,0.5543916196615633,560,681,1241,0.0,0.0008333472224553162,0.5540692989524575,8.058017727639034e-05
16137,13.44772412873548,0.5543916196615633,560,681,1241,0.0,0.0008333472224535399,0.5541498791297339,8.058017727639034e-05
16138,13.448557475957934,0.5543916196615633,560,681,1241,0.0,0.0008333472224535399,0.5542304593070102,8.058017727639034e-05
16139,13.449390823180387,0.5543916196615633,560,681,1241,0.0,0.0008333472224535399,0.5543110394842865,8.058017727639034e-05
16140,13.45022417040284,0.5543916196615633,560,681,1241,0.0,0.0008333472224535399,0.5543916196615629,8.058017727639034e-05
16141,13.451057517625294,0.5543916196615633,560,681,1241,0.0,0.0008333472224535399,0.5543916196615628,0.0
16142,13.451890864847748,0.5543916196615633,560,681,1241,0.0,0.0008333472224535399,0.5543916196615628,0.0
16143,13.452724212070201,0.5543916196615633,560,681,1241,0.0,0.0008333472224535399,0.5543916196615628,0.0
16144,13.453557559292655,0.5543916196615633,560,681,1241,0.0,0.0008333472224535399,0.5543916196615628,0.0
16145,13.454390906515108,0.5543916196615633,560,681,1241,0.0,0.0008333472224535399,0.5543916196615628,0.0
16146,13.455224253737564,0.5543916196615633,560,681,1241,0.0,0.0008333472224553162,0.5543916196615628,0.0
16147,13.456057600960017,0.5543916196615633,560,681,1241,0.0,0.0008333472224535399,0.5543916196615628,0.0
16148,13.45689094818247,0.5543916196615633,560,681,1241,0.0,0.0008333472224535399,0.5543916196615628,0.0
16149,13.457724295404924,0.5543916196615633,560,681,1241,0.0,0.0008333472224535399,0.5543916196615628,0.0
16150,13.458557642627378,0.5535858178887993,560,681,1241,-0.0008058017727639033,0.0008333472224535399,0.5543110394842865,-8.058017727639034e-05
16151,13.459390989849831,0.5535858178887993,560,681,1241,0.0,0.0008333472224535399,0.5542304593070101,-8.058017727639034e-05
16152,13.460224337072285,0.5535858178887993,560,681,1241,0.0,0.0008333472224535399,0.5541498791297338,-8.058017727639034e-05
16153,13.461057684294738,0.5535858178887993,560,681,1241,0.0,0.0008333472224535399,0.5540692989524574,-8.058017727639034e-05
16154,13.461891031517192,0.5535858178887993,560,681,1241,0.0,0.0008333472224535399,0.5539887187751811,-8.058017727639034e-05
16155,13.462724378739646,0.5535858178887993,560,681,1241,0.0,0.0008333472224535399,0.5539081385979048,-8.058017727639034e-05
16156,13.463557725962099,0.5535858178887993,560,681,1241,0.0,0.0008333472224535399,0.5538275584206284,-8.058017727639034e-05
16157,13.464391073184554,0.5535858178887993,560,681,1241,0.0,0.0008333472224553162,0.5537469782433521,-8.058017727639034e-05
16158,13.465224420407008,0.5535858178887993,560,681,1241,0.0,0.0008333472224535399,0.5536663980660756,-8.058017727639034e-05
16159,13.466057767629461,0.5535858178887993,560,681,1241,0.0,0.0008333472224535399,0.5535858178887993,-8.058017727639034e-05
16160,13.466891114851915,0.5535858178887993,560,681,1241,0.0,0.0008333472224535399,0.5535858178887993,0.0
16161,13.467724462074369,0.5535858178887993,560,681,1241,0.0,0.0008333472224535399,0.5535858178887993,0.0
16162,13.468557809296822,0.5535858178887993,560,681,1241,0.0,0.0008333472224535399,0.5535858178887993,0.0
16163,13.469391156519276,0.5535858178887993,560,681,1241,0.0,0.0008333472224535399,0.5535858178887993,0.0
16164,13.47022450374173,0.5535858178887993,560,681,1241,0.0,0.0008333472224535399,0.5535858178887993,0.0
16165,13.471057850964183,0.5535858178887993,560,681,1241,0.0,0.0008333472224535399,0.5535858178887993,0.0
16166,13.471891198186636,0.5535858178887993,560,681,1241,0.0,0.0008333472224535399,0.5535858178887993,0.0
16167,13.472724545409092,0.5535858178887993,560,681,1241,0.0,0.0008333472224553162,0.5535858178887993,0.0
16168,13.473557892631545,0.5543916196615633,560,681,1241,0.0008058017727639033,0.0008333472224535399,0.5536663980660758,8.058017727639034e-05
16169,13.474391239853999,0.5543916196615633,560,681,1241,0.0,0.0008333472224535399,0.5537469782433522,8.058017727639034e-05
16170,13.475224587076452,0.5543916196615633,560,681,1241,0.0,0.0008333472224535399,0.5538275584206285,8.058017727639034e-05
16171,13.476057934298906,0.5551974214343272,560,681,1241,0.0008058017727639033,0.0008333472224535399,0.5539887187751813,0.00016116035455278067
16172,13.47689128152136,0.5551974214343272,560,681,1241,0.0,0.0008333472224535399,0.554149879129734,0.00016116035455278067
16173,13.477724628743813,0.5551974214343272,560,681,1241,0.0,0.0008333472224535399,0.5543110394842868,0.00016116035455278067
16174,13.478557975966266,0.5551974214343272,560,681,1241,0.0,0.0008333472224535399,0.5544721998388396,0.00016116035455278067
16175,13.47939132318872,0.5551974214343272,560,681,1241,0.0,0.0008333472224535399,0.5546333601933924,0.00016116035455278067
16176,13.480224670411173,0.5560032232070911,560,681,1241,0.0008058017727639033,0.0008333472224535399,0.5548751007252215,0.00024174053182917098
16177,13.481058017633627,0.556809024979855,560,681,1241,0.0008058017727639033,0.0008333472224535399,0.555197421434327,0.00032232070910556134
16178,13.481891364856082,0.5560032232070911,560,681,1241,-0.0008058017727639033,0.0008333472224553162,0.5553585817888799,0.00016116035455278067
16179,13.482724712078536,0.5551974214343272,560,681,1241,-0.0008058017727639033,0.0008333472224535399,0.5554391619661562,8.058017727639034e-05
16180,13.48355805930099,0.5551974214343272,560,681,1241,0.0,0.0008333472224535399,0.5555197421434326,8.058017727639034e-05
16181,13.484391406523443,0.5551974214343272,560,681,1241,0.0,0.0008333472224535399,0.5555197421434326,0.0
16182,13.485224753745896,0.5551974214343272,560,681,1241,0.0,0.0008333472224535399,0.5555197421434326,0.0
16183,13.48605810096835,0.5551974214343272,560,681,1241,0.0,0.0008333472224535399,0.5555197421434326,0.0
16184,13.486891448190804,0.5551974214343272,560,681,1241,0.0,0.0008333472224535399,0.5555197421434326,0.0
16185,13.487724795413257,0.5551974214343272,560,681,1241,0.0,0.0008333472224535399,0.5555197421434326,0.0
16186,13.48855814263571,0.5551974214343272,560,681,1241,0.0,0.0008333472224535399,0.5554391619661562,-8.058017727639034e-05
16187,13.489391489858164,0.5551974214343272,560,681,1241,0.0,0.0008333472224535399,0.5552780016116035,-0.00016116035455278067
16188,13.490224837080618,0.5551974214343272,560,681,1241,0.0,0.0008333472224535399,0.5551974214343269,-8.058017727639034e-05
16189,13.491058184303073,0.5551974214343272,560,681,1241,0.0,0.0008333472224553162,0.5551974214343269,0.0
16190,13.491891531525527,0.5560032232070911,560,681,1241,0.0008058017727639033,0.0008333472224535399,0.5552780016116033,8.058017727639034e-05
16191,13.49272487874798,0.5560032232070911,560,681,1241,0.0,0.0008333472224535399,0.5553585817888796,8.058017727639034e-05
16192,13.493558225970434,0.5560032232070911,560,681,1241,0.0,0.0008333472224535399,0.5554391619661561,8.058017727639034e-05
16193,13.494391573192887,0.5560032232070911,560,681,1241,0.0,0.0008333472224535399,0.5555197421434324,8.058017727639034e-05
16194,13.49522492041534,0.5560032232070911,560,681,1241,0.0,0.0008333472224535399,0.5556003223207087,8.058017727639034e-05
16195,13.496058267637794,0.5560032232070911,560,681,1241,0.0,0.0008333472224535399,0.5556809024979851,8.058017727639034e-05
16196,13.496891614860248,0.5560032232070911,560,681,1241,0.0,0.0008333472224535399,0.5557614826752614,8.058017727639034e-05
16197,13.497724962082701,0.5560032232070911,560,681,1241,0.0,0.0008333472224535399,0.5558420628525378,8.058017727639034e-05
16198,13.498558309305155,0.556809024979855,560,681,1241,0.0008058017727639033,0.0008333472224535399,0.5560032232070905,0.00016116035455278067
16199,13.49939165652761,0.556809024979855,560,681,1241,0.0,0.0008333472224553162,0.5561643835616433,0.00016116035455278067
16200,13.500225003750064,0.5560032232070911,560,681,1241,-0.0008058017727639033,0.0008333472224535399,0.5561643835616433,0.0
16201,13.501058350972517,0.5560032232070911,560,681,1241,0.0,0.0008333472224535399,0.5561643835616433,0.0
16202,13.50189169819497,0.5560032232070911,560,681,1241,0.0,0.0008333472224535399,0.5561643835616433,0.0
16203,13.502725045417424,0.5560032232070911,560,681,1241,0.0,0.0008333472224535399,0.5561643835616433,0.0
16204,13.503558392639878,0.5560032232070911,560,681,1241,0.0,0.0008333472224535399,0.5561643835616433,0.0
16205,13.504391739862331,0.5560032232070911,560,681,1241,0.0,0.0008333472224535399,0.5561643835616433,0.0
16206,13.505225087084785,0.5560032232070911,560,681,1241,0.0,0.0008333472224535399,0.5561643835616433,0.0
16207,13.506058434307239,0.5560032232070911,560,681,1241,0.0,0.0008333472224535399,0.5561643835616433,0.0
16208,13.506891781529692,0.5560032232070911,560,681,1241,0.0,0.0008333472224535399,0.5560838033843669,-8.058017727639034e-05
16209,13.507725128752146,0.5560032232070911,560,681,1241,0.0,0.0008333472224535399,0.5560032232070905,-8.058017727639034e-05
16210,13.508558475974601,0.5560032232070911,560,681,1241,0.0,0.0008333472224553162,0.5560032232070906,0.0
16211,13.509391823197054,0.5560032232070911,560,681,1241,0.0,0.0008333472224535399,0.5560032232070906,0.0
16212,13.510225170419508,0.5560032232070911,560,681,1241,0.0,0.0008333472224535399,0.5560032232070906,0.0
16213,13.511058517641962,0.5560032232070911,560,681,1241,0.0,0.0008333472224535399,0.5560032232070906,0.0
16214,13.511891864864415,0.5560032232070911,560,681,1241,0.0,0.0008333472224535399,0.5560032232070906,0.0
16215,13.512725212086869,0.5560032232070911,560,681,1241,0.0,0.0008333472224535399,0.5560032232070906,0.0
16216,13.513558559309322,0.5560032232070911,560,681,1241,0.0,0.0008333472224535399,0.5560032232070906,0.0
16217,13.514391906531776,0.5560032232070911,560,681,1241,0.0,0.0008333472224535399,0.5560032232070906,0.0
16218,13.51522525375423,0.5560032232070911,560,681,1241,0.0,0.0008333472224535399,0.5560032232070906,0.0
16219,13.516058600976683,0.5560032232070911,560,681,1241,0.0,0.0008333472224535399,0.5560032232070906,0.0
16220,13.516891948199138,0.5560032232070911,560,681,1241,0.0,0.0008333472224553162,0.5560032232070906,0.0
16221,13.517725295421592,0.5560032232070911,560,681,1241,0.0,0.0008333472224535399,0.5560032232070906,0.0
16222,13.518558642644045,0.5560032232070911,560,681,1241,0.0,0.0008333472224535399,0.5560032232070906,0.0
16223,13.519391989866499,0.5560032232070911,560,681,1241,0.0,0.0008333472224535399,0.5560032232070906,0.0
16224,13.520225337088952,0.5560032232070911,560,681,1241,0.0,0.0008333472224535399,0.5560032232070906,0.0
16225,13.521058684311406,0.556809024979855,560,681,1241,0.0008058017727639033,0.0008333472224535399,0.5560838033843669,8.058017727639034e-05
16226,13.52189203153386,0.5560032232070911,560,681,1241,-0.0008058017727639033,0.0008333472224535399,0.5560838033843669,0.0
16227,13.522725378756313,0.5560032232070911,560,681,1241,0.0,0.0008333472224535399,0.5560838033843669,0.0
16228,13.523558725978766,0.5560032232070911,560,681,1241,0.0,0.0008333472224535399,0.5560838033843669,0.0
16229,13.52439207320122,0.5560032232070911,560,681,1241,0.0,0.0008333472224535399,0.5560838033843669,0.0
16230,13.525225420423673,0.5551974214343272,560,681,1241,-0.0008058017727639033,0.0008333472224535399,0.5560032232070906,-8.058017727639034e-05
16231,13.526058767646129,0.5551974214343272,560,681,1241,0.0,0.0008333472224553162,0.5559226430298143,-8.058017727639034e-05
16232,13.526892114868582,0.5560032232070911,560,681,1241,0.0008058017727639033,0.0008333472224535399,0.5559226430298143,0.0
16233,13.527725462091036,0.5560032232070911,560,681,1241,0.0,0.0008333472224535399,0.5559226430298143,0.0
16234,13.52855880931349,0.5560032232070911,560,681,1241,0.0,0.0008333472224535399,0.5559226430298143,0.0
16235,13.529392156535943,0.5560032232070911,560,681,1241,0.0,0.0008333472224535399,0.5558420628525378,-8.058017727639034e-05
16236,13.530225503758396,0.5560032232070911,560,681,1241,0.0,0.0008333472224535399,0.5558420628525379,0.0
16237,13.53105885098085,0.556809024979855,560,681,1241,0.0008058017727639033,0.0008333472224535399,0.5559226430298143,8.058017727639034e-05
16238,13.531892198203304,0.5576148267526189,560,681,1241,0.0008058017727639033,0.0008333472224535399,0.5560838033843671,0.00016116035455278067
16239,13.532725545425757,0.5576148267526189,560,681,1241,0.0,0.0008333472224535399,0.55624496373892,0.00016116035455278067
16240,13.53355889264821,0.5576148267526189,560,681,1241,0.0,0.0008333472224535399,0.5564867042707492,0.00024174053182917098
16241,13.534392239870664,0.5576148267526189,560,681,1241,0.0,0.0008333472224535399,0.5567284448025784,0.00024174053182917098
16242,13.53522558709312,0.5576148267526189,560,681,1241,0.0,0.0008333472224553162,0.5568896051571313,0.00016116035455278067
16243,13.536058934315573,0.5576148267526189,560,681,1241,0.0,0.0008333472224535399,0.5570507655116842,0.00016116035455278067
16244,13.536892281538027,0.5576148267526189,560,681,1241,0.0,0.0008333472224535399,0.557211925866237,0.00016116035455278067
16245,13.53772562876048,0.5576148267526189,560,681,1241,0.0,0.0008333472224535399,0.55737308622079,0.00016116035455278067
16246,13.538558975982934,0.5576148267526189,560,681,1241,0.0,0.0008333472224535399,0.5575342465753428,0.00016116035455278067
16247,13.539392323205387,0.5576148267526189,560,681,1241,0.0,0.0008333472224535399,0.5576148267526192,8.058017727639034e-05
16248,13.54022567042784,0.5576148267526189,560,681,1241,0.0,0.0008333472224535399,0.5576148267526191,0.0
16249,13.541059017650294,0.5576148267526189,560,681,1241,0.0,0.0008333472224535399,0.5576148267526191,0.0
16250,13.541892364872748,0.5576148267526189,560,681,1241,0.0,0.0008333472224535399,0.5576148267526191,0.0
16251,13.542725712095201,0.5576148267526189,560,681,1241,0.0,0.0008333472224535399,0.5576148267526191,0.0
16252,13.543559059317657,0.5576148267526189,560,681,1241,0.0,0.0008333472224553162,0.5576148267526191,0.0
16253,13.54439240654011,0.5576148267526189,560,681,1241,0.0,0.0008333472224535399,0.5576148267526191,0.0
16254,13.545225753762564,0.5576148267526189,560,681,1241,0.0,0.0008333472224535399,0.5576148267526191,0.0
16255,13.546059100985017,0.5576148267526189,560,681,1241,0.0,0.0008333472224535399,0.5576148267526191,0.0
16256,13.54689244820747,0.5576148267526189,560,681,1241,0.0,0.0008333472224535399,0.5576148267526191,0.0
16257,13.547725795429924,0.5576148267526189,560,681,1241,0.0,0.0008333472224535399,0.5576148267526191,0.0
16258,13.548559142652378,0.5576148267526189,560,681,1241,0.0,0.0008333472224535399,0.5576148267526191,0.0
16259,13.549392489874831,0.5576148267526189,560,681,1241,0.0,0.0008333472224535399,0.5576148267526191,0.0
16260,13.550225837097285,0.5576148267526189,560,681,1241,0.0,0.0008333472224535399,0.5576148267526191,0.0
16261,13.551059184319739,0.5576148267526189,560,681,1241,0.0,0.0008333472224535399,0.5576148267526191,0.0
16262,13.551892531542192,0.5576148267526189,560,681,1241,0.0,0.0008333472224535399,0.5576148267526191,0.0
16263,13.552725878764647,0.5576148267526189,560,681,1241,0.0,0.0008333472224553162,0.5576148267526191,0.0
16264,13.553559225987101,0.5576148267526189,560,681,1241,0.0,0.0008333472224535399,0.5576148267526191,0.0
16265,13.554392573209554,0.5576148267526189,560,681,1241,0.0,0.0008333472224535399,0.5576148267526191,0.0
16266,13.555225920432008,0.5576148267526189,560,681,1241,0.0,0.0008333472224535399,0.5576148267526191,0.0
16267,13.556059267654462,0.5576148267526189,560,681,1241,0.0,0.0008333472224535399,0.5576148267526191,0.0
16268,13.556892614876915,0.5576148267526189,560,681,1241,0.0,0.0008333472224535399,0.5576148267526191,0.0
16269,13.557725962099369,0.5576148267526189,560,681,1241,0.0,0.0008333472224535399,0.5576148267526191,0.0
16270,13.558559309321822,0.5576148267526189,560,681,1241,0.0,0.0008333472224535399,0.5576148267526191,0.0
16271,13.559392656544276,0.5584206285253828,560,681,1241,0.0008058017727639033,0.0008333472224535399,0.5576954069298955,8.058017727639034e-05
16272,13.56022600376673,0.5584206285253828,560,681,1241,0.0,0.0008333472224535399,0.5577759871071718,8.058017727639034e-05
16273,13.561059350989185,0.5584206285253828,560,681,1241,0.0,0.0008333472224553162,0.5578565672844482,8.058017727639034e-05
16274,13.561892698211638,0.5584206285253828,560,681,1241,0.0,0.0008333472224535399,0.5579371474617245,8.058017727639034e-05
16275,13.562726045434092,0.5584206285253828,560,681,1241,0.0,0.0008333472224535399,0.5580177276390008,8.058017727639034e-05
16276,13.563559392656545,0.5584206285253828,560,681,1241,0.0,0.0008333472224535399,0.5580983078162772,8.058017727639034e-05
16277,13.564392739878999,0.5584206285253828,560,681,1241,0.0,0.0008333472224535399,0.5581788879935535,8.058017727639034e-05
16278,13.565226087101452,0.5584206285253828,560,681,1241,0.0,0.0008333472224535399,0.5582594681708299,8.058017727639034e-05
16279,13.566059434323906,0.5584206285253828,560,681,1241,0.0,0.0008333472224535399,0.5583400483481062,8.058017727639034e-05
16280,13.56689278154636,0.556809024979855,560,681,1241,-0.0016116035455278066,0.0008333472224535399,0.5582594681708299,-8.058017727639034e-05
16281,13.567726128768813,0.556809024979855,560,681,1241,0.0,0.0008333472224535399,0.5580983078162771,-0.00016116035455278067
16282,13.568559475991266,0.556809024979855,560,681,1241,0.0,0.0008333472224535399,0.5579371474617243,-0.00016116035455278067
16283,13.56939282321372,0.556809024979855,560,681,1241,0.0,0.0008333472224535399,0.5577759871071716,-0.00016116035455278067
16284,13.570226170436175,0.556809024979855,560,681,1241,0.0,0.0008333472224553162,0.5576148267526188,-0.00016116035455278067
16285,13.571059517658629,0.556809024979855,560,681,1241,0.0,0.0008333472224535399,0.557453666398066,-0.00016116035455278067
16286,13.571892864881082,0.556809024979855,560,681,1241,0.0,0.0008333472224535399,0.5572925060435132,-0.00016116035455278067
16287,13.572726212103536,0.556809024979855,560,681,1241,0.0,0.0008333472224535399,0.5571313456889604,-0.00016116035455278067
16288,13.57355955932599,0.556809024979855,560,681,1241,0.0,0.0008333472224535399,0.5569701853344077,-0.00016116035455278067
16289,13.574392906548443,0.556809024979855,560,681,1241,0.0,0.0008333472224535399,0.5568090249798548,-0.00016116035455278067
16290,13.575226253770897,0.556809024979855,560,681,1241,0.0,0.0008333472224535399,0.5568090249798548,0.0
16291,13.57605960099335,0.556809024979855,560,681,1241,0.0,0.0008333472224535399,0.5568090249798548,0.0
16292,13.576892948215804,0.556809024979855,560,681,1241,0.0,0.0008333472224535399,0.5568090249798548,0.0
16293,13.577726295438257,0.556809024979855,560,681,1241,0.0,0.0008333472224535399,0.5568090249798548,0.0
16294,13.578559642660712,0.556809024979855,560,681,1241,0.0,0.0008333472224553162,0.5568090249798548,0.0
16295,13.579392989883166,0.5576148267526189,560,681,1241,0.0008058017727639033,0.0008333472224535399,0.5568896051571313,8.058017727639034e-05
16296,13.58022633710562,0.5576148267526189,560,681,1241,0.0,0.0008333472224535399,0.5569701853344076,8.058017727639034e-05
16297,13.581059684328073,0.556809024979855,560,681,1241,-0.0008058017727639033,0.0008333472224535399,0.5569701853344076,0.0
16298,13.581893031550527,0.5560032232070911,560,681,1241,-0.0008058017727639033,0.0008333472224535399,0.5568896051571313,-8.058017727639034e-05
16299,13.58272637877298,0.556809024979855,560,681,1241,0.0008058017727639033,0.0008333472224535399,0.5568896051571313,0.0
16300,13.583559725995434,0.556809024979855,560,681,1241,0.0,0.0008333472224535399,0.5568896051571313,0.0
16301,13.584393073217887,0.556809024979855,560,681,1241,0.0,0.0008333472224535399,0.5568896051571313,0.0
16302,13.58522642044034,0.556809024979855,560,681,1241,0.0,0.0008333472224535399,0.5568896051571313,0.0
16303,13.586059767662794,0.556809024979855,560,681,1241,0.0,0.0008333472224535399,0.5568896051571313,0.0
16304,13.586893114885248,0.5576148267526189,560,681,1241,0.0008058017727639033,0.0008333472224535399,0.5569701853344076,8.058017727639034e-05
16305,13.587726462107703,0.5576148267526189,560,681,1241,0.0,0.0008333472224553162,0.5569701853344075,0.0
16306,13.588559809330157,0.5576148267526189,560,681,1241,0.0,0.0008333472224535399,0.5569701853344075,0.0
16307,13.58939315655261,0.5576148267526189,560,681,1241,0.0,0.0008333472224535399,0.5570507655116839,8.058017727639034e-05
16308,13.590226503775064,0.5576148267526189,560,681,1241,0.0,0.0008333472224535399,0.5572119258662367,0.00016116035455278067
16309,13.591059850997517,0.5576148267526189,560,681,1241,0.0,0.0008333472224535399,0.5572925060435131,8.058017727639034e-05
16310,13.59189319821997,0.556809024979855,560,681,1241,-0.0008058017727639033,0.0008333472224535399,0.5572925060435131,0.0
16311,13.592726545442424,0.556809024979855,560,681,1241,0.0,0.0008333472224535399,0.5572925060435131,0.0
16312,13.593559892664878,0.556809024979855,560,681,1241,0.0,0.0008333472224535399,0.5572925060435131,0.0
16313,13.594393239887332,0.556809024979855,560,681,1241,0.0,0.0008333472224535399,0.5572925060435131,0.0
16314,13.595226587109785,0.556809024979855,560,681,1241,0.0,0.0008333472224535399,0.5572119258662367,-8.058017727639034e-05
16315,13.596059934332239,0.556809024979855,560,681,1241,0.0,0.0008333472224535399,0.5571313456889604,-8.058017727639034e-05
16316,13.596893281554694,0.556809024979855,560,681,1241,0.0,0.0008333472224553162,0.557050765511684,-8.058017727639034e-05
16317,13.597726628777147,0.5576148267526189,560,681,1241,0.0008058017727639033,0.0008333472224535399,0.557050765511684,0.0
16318,13.598559975999601,0.5576148267526189,560,681,1241,0.0,0.0008333472224535399,0.557050765511684,0.0
16319,13.599393323222055,0.5576148267526189,560,681,1241,0.0,0.0008333472224535399,0.557050765511684,0.0
16320,13.600226670444508,0.5576148267526189,560,681,1241,0.0,0.0008333472224535399,0.5571313456889604,8.058017727639034e-05
16321,13.601060017666962,0.5576148267526189,560,681,1241,0.0,0.0008333472224535399,0.5572119258662368,8.058017727639034e-05
16322,13.601893364889415,0.5576148267526189,560,681,1241,0.0,0.0008333472224535399,0.5572925060435131,8.058017727639034e-05
16323,13.602726712111869,0.556809024979855,560,681,1241,-0.0008058017727639033,0.0008333472224535399,0.5572925060435131,0.0
16324,13.603560059334322,0.556809024979855,560,681,1241,0.0,0.0008333472224535399,0.5572925060435131,0.0
16325,13.604393406556776,0.5576148267526189,560,681,1241,0.0008058017727639033,0.0008333472224535399,0.5573730862207895,8.058017727639034e-05
16326,13.605226753779231,0.5576148267526189,560,681,1241,0.0,0.0008333472224553162,0.5574536663980658,8.058017727639034e-05
16327,13.606060101001685,0.5576148267526189,560,681,1241,0.0,0.0008333472224535399,0.5574536663980657,0.0
16328,13.606893448224138,0.5576148267526189,560,681,1241,0.0,0.0008333472224535399,0.5574536663980657,0.0
16329,13.607726795446592,0.5576148267526189,560,681,1241,0.0,0.0008333472224535399,0.5574536663980657,0.0
16330,13.608560142669045,0.556809024979855,560,681,1241,-0.0008058017727639033,0.0008333472224535399,0.5573730862207894,-8.058017727639034e-05
16331,13.609393489891499,0.556809024979855,560,681,1241,0.0,0.0008333472224535399,0.557292506043513,-8.058017727639034e-05
16332,13.610226837113952,0.556809024979855,560,681,1241,0.0,0.0008333472224535399,0.5572119258662367,-8.058017727639034e-05
16333,13.611060184336406,0.556809024979855,560,681,1241,0.0,0.0008333472224535399,0.5572119258662367,0.0
16334,13.61189353155886,0.556809024979855,560,681,1241,0.0,0.0008333472224535399,0.5572119258662367,0.0
16335,13.612726878781313,0.556809024979855,560,681,1241,0.0,0.0008333472224535399,0.5571313456889604,-8.058017727639034e-05
16336,13.613560226003766,0.556809024979855,560,681,1241,0.0,0.0008333472224535399,0.557050765511684,-8.058017727639034e-05
16337,13.614393573226222,0.556809024979855,560,681,1241,0.0,0.0008333472224553162,0.5569701853344077,-8.058017727639034e-05
16338,13.615226920448675,0.556809024979855,560,681,1241,0.0,0.0008333472224535399,0.5568896051571313,-8.058017727639034e-05
16339,13.616060267671129,0.556809024979855,560,681,1241,0.0,0.0008333472224535399,0.556809024979855,-8.058017727639034e-05
16340,13.616893614893582,0.556809024979855,560,681,1241,0.0,0.0008333472224535399,0.556809024979855,0.0
16341,13.617726962116036,0.556809024979855,560,681,1241,0.0,0.0008333472224535399,0.556809024979855,0.0
16342,13.61856030933849,0.556809024979855,560,681,1241,0.0,0.0008333472224535399,0.556809024979855,0.0
16343,13.619393656560943,0.556809024979855,560,681,1241,0.0,0.0008333472224535399,0.556809024979855,0.0
16344,13.620227003783397,0.556809024979855,560,681,1241,0.0,0.0008333472224535399,0.556809024979855,0.0
16345,13.62106035100585,0.556809024979855,560,681,1241,0.0,0.0008333472224535399,0.556809024979855,0.0
16346,13.621893698228304,0.556809024979855,560,681,1241,0.0,0.0008333472224535399,0.556809024979855,0.0
16347,13.622727045450759,0.5560032232070911,560,681,1241,-0.0008058017727639033,0.0008333472224553162,0.5567284448025785,-8.058017727639034e-05
16348,13.623560392673213,0.5560032232070911,560,681,1241,0.0,0.0008333472224535399,0.5566478646253021,-8.058017727639034e-05
16349,13.624393739895666,0.5560032232070911,560,681,1241,0.0,0.0008333472224535399,0.5565672844480258,-8.058017727639034e-05
16350,13.62522708711812,0.5560032232070911,560,681,1241,0.0,0.0008333472224535399,0.5564867042707495,-8.058017727639034e-05
16351,13.626060434340573,0.5560032232070911,560,681,1241,0.0,0.0008333472224535399,0.5564061240934731,-8.058017727639034e-05
16352,13.626893781563027,0.5560032232070911,560,681,1241,0.0,0.0008333472224535399,0.5563255439161968,-8.058017727639034e-05
16353,13.62772712878548,0.5560032232070911,560,681,1241,0.0,0.0008333472224535399,0.5562449637389204,-8.058017727639034e-05
16354,13.628560476007934,0.5560032232070911,560,681,1241,0.0,0.0008333472224535399,0.5561643835616441,-8.058017727639034e-05
16355,13.629393823230387,0.5560032232070911,560,681,1241,0.0,0.0008333472224535399,0.5560838033843678,-8.058017727639034e-05
16356,13.63022717045284,0.5560032232070911,560,681,1241,0.0,0.0008333472224535399,0.5560032232070914,-8.058017727639034e-05
16357,13.631060517675294,0.5560032232070911,560,681,1241,0.0,0.0008333472224535399,0.5560032232070915,0.0
16358,13.63189386489775,0.5560032232070911,560,681,1241,0.0,0.0008333472224553162,0.5560032232070915,0.0
16359,13.632727212120203,0.556809024979855,560,681,1241,0.0008058017727639033,0.0008333472224535399,0.5560838033843678,8.058017727639034e-05
16360,13.633560559342657,0.556809024979855,560,681,1241,0.0,0.0008333472224535399,0.5561643835616442,8.058017727639034e-05
16361,13.63439390656511,0.556809024979855,560,681,1241,0.0,0.0008333472224535399,0.5562449637389205,8.058017727639034e-05
16362,13.635227253787564,0.556809024979855,560,681,1241,0.0,0.0008333472224535399,0.5563255439161969,8.058017727639034e-05
16363,13.636060601010017,0.556809024979855,560,681,1241,0.0,0.0008333472224535399,0.5564061240934732,8.058017727639034e-05
16364,13.636893948232471,0.556809024979855,560,681,1241,0.0,0.0008333472224535399,0.5564867042707495,8.058017727639034e-05
16365,13.637727295454924,0.556809024979855,560,681,1241,0.0,0.0008333472224535399,0.556567284448026,8.058017727639034e-05
16366,13.638560642677378,0.556809024979855,560,681,1241,0.0,0.0008333472224535399,0.5566478646253022,8.058017727639034e-05
16367,13.639393989899832,0.556809024979855,560,681,1241,0.0,0.0008333472224535399,0.5567284448025787,8.058017727639034e-05
16368,13.640227337122285,0.556809024979855,560,681,1241,0.0,0.0008333472224535399,0.556809024979855,8.058017727639034e-05
16369,13.64106068434474,0.5560032232070911,560,681,1241,-0.0008058017727639033,0.0008333472224553162,0.5567284448025785,-8.058017727639034e-05
16370,13.641894031567194,0.5560032232070911,560,681,1241,0.0,0.0008333472224535399,0.5566478646253021,-8.058017727639034e-05
16371,13.642727378789647,0.5560032232070911,560,681,1241,0.0,0.0008333472224535399,0.5565672844480258,-8.058017727639034e-05
16372,13.643560726012101,0.5560032232070911,560,681,1241,0.0,0.0008333472224535399,0.5564867042707495,-8.058017727639034e-05
16373,13.644394073234555,0.5560032232070911,560,681,1241,0.0,0.0008333472224535399,0.5564061240934731,-8.058017727639034e-05
16374,13.645227420457008,0.5560032232070911,560,681,1241,0.0,0.0008333472224535399,0.5563255439161968,-8.058017727639034e-05
16375,13.646060767679462,0.5560032232070911,560,681,1241,0.0,0.0008333472224535399,0.5562449637389204,-8.058017727639034e-05
16376,13.646894114901915,0.5560032232070911,560,681,1241,0.0,0.0008333472224535399,0.5561643835616441,-8.058017727639034e-05
16377,13.647727462124369,0.5560032232070911,560,681,1241,0.0,0.0008333472224535399,0.5560838033843678,-8.058017727639034e-05
16378,13.648560809346822,0.5560032232070911,560,681,1241,0.0,0.0008333472224535399,0.5560032232070914,-8.058017727639034e-05
16379,13.649394156569278,0.5560032232070911,560,681,1241,0.0,0.0008333472224553162,0.5560032232070915,0.0
16380,13.650227503791731,0.5560032232070911,560,681,1241,0.0,0.0008333472224535399,0.5560032232070915,0.0
16381,13.651060851014185,0.5560032232070911,560,681,1241,0.0,0.0008333472224535399,0.5560032232070915,0.0
16382,13.651894198236638,0.5560032232070911,560,681,1241,0.0,0.0008333472224535399,0.5560032232070915,0.0
16383,13.652727545459092,0.5560032232070911,560,681,1241,0.0,0.0008333472224535399,0.5560032232070915,0.0
16384,13.653560892681545,0.5560032232070911,560,681,1241,0.0,0.0008333472224535399,0.5560032232070915,0.0
16385,13.654394239903999,0.5560032232070911,560,681,1241,0.0,0.0008333472224535399,0.5560032232070915,0.0
16386,13.655227587126452,0.5560032232070911,560,681,1241,0.0,0.0008333472224535399,0.5560032232070915,0.0
16387,13.656060934348906,0.5560032232070911,560,681,1241,0.0,0.0008333472224535399,0.5560032232070915,0.0
16388,13.65689428157136,0.5551974214343272,560,681,1241,-0.0008058017727639033,0.0008333472224535399,0.5559226430298152,-8.058017727639034e-05
16389,13.657727628793813,0.5560032232070911,560,681,1241,0.0008058017727639033,0.0008333472224535399,0.5559226430298152,0.0
16390,13.658560976016268,0.5560032232070911,560,681,1241,0.0,0.0008333472224553162,0.5559226430298152,0.0
16391,13.659394323238722,0.5560032232070911,560,681,1241,0.0,0.0008333472224535399,0.5559226430298152,0.0
16392,13.660227670461175,0.5560032232070911,560,681,1241,0.0,0.0008333472224535399,0.5559226430298152,0.0
16393,13.661061017683629,0.5560032232070911,560,681,1241,0.0,0.0008333472224535399,0.5559226430298152,0.0
16394,13.661894364906082,0.5560032232070911,560,681,1241,0.0,0.0008333472224535399,0.5559226430298152,0.0
16395,13.662727712128536,0.5560032232070911,560,681,1241,0.0,0.0008333472224535399,0.5559226430298152,0.0
16396,13.66356105935099,0.5560032232070911,560,681,1241,0.0,0.0008333472224535399,0.5559226430298152,0.0
16397,13.664394406573443,0.556809024979855,560,681,1241,0.0008058017727639033,0.0008333472224535399,0.5560032232070915,8.058017727639034e-05
16398,13.665227753795897,0.556809024979855,560,681,1241,0.0,0.0008333472224535399,0.5561643835616443,0.00016116035455278067
16399,13.66606110101835,0.556809024979855,560,681,1241,0.0,0.0008333472224535399,0.5562449637389207,8.058017727639034e-05
16400,13.666894448240805,0.556809024979855,560,681,1241,0.0,0.0008333472224553162,0.556325543916197,8.058017727639034e-05
16401,13.667727795463259,0.556809024979855,560,681,1241,0.0,0.0008333472224535399,0.5564061240934735,8.058017727639034e-05
16402,13.668561142685713,0.556809024979855,560,681,1241,0.0,0.0008333472224535399,0.5564867042707498,8.058017727639034e-05
16403,13.669394489908166,0.556809024979855,560,681,1241,0.0,0.0008333472224535399,0.5565672844480261,8.058017727639034e-05
16404,13.67022783713062,0.556809024979855,560,681,1241,0.0,0.0008333472224535399,0.5566478646253025,8.058017727639034e-05
16405,13.671061184353073,0.5560032232070911,560,681,1241,-0.0008058017727639033,0.0008333472224535399,0.5566478646253025,0.0
16406,13.671894531575527,0.5560032232070911,560,681,1241,0.0,0.0008333472224535399,0.5566478646253025,0.0
16407,13.67272787879798,0.5560032232070911,560,681,1241,0.0,0.0008333472224535399,0.5565672844480261,-8.058017727639034e-05
16408,13.673561226020434,0.5560032232070911,560,681,1241,0.0,0.0008333472224535399,0.5564867042707496,-8.058017727639034e-05
16409,13.674394573242887,0.5560032232070911,560,681,1241,0.0,0.0008333472224535399,0.5564061240934733,-8.058017727639034e-05
16410,13.67522792046534,0.5560032232070911,560,681,1241,0.0,0.0008333472224535399,0.5563255439161969,-8.058017727639034e-05
16411,13.676061267687796,0.5560032232070911,560,681,1241,0.0,0.0008333472224553162,0.5562449637389206,-8.058017727639034e-05
16412,13.67689461491025,0.5560032232070911,560,681,1241,0.0,0.0008333472224535399,0.5561643835616443,-8.058017727639034e-05
16413,13.677727962132703,0.5560032232070911,560,681,1241,0.0,0.0008333472224535399,0.5560838033843679,-8.058017727639034e-05
16414,13.678561309355157,0.5560032232070911,560,681,1241,0.0,0.0008333472224535399,0.5560032232070916,-8.058017727639034e-05
16415,13.67939465657761,0.5560032232070911,560,681,1241,0.0,0.0008333472224535399,0.5560032232070917,0.0
16416,13.680228003800064,0.556809024979855,560,681,1241,0.0008058017727639033,0.0008333472224535399,0.556083803384368,8.058017727639034e-05
16417,13.681061351022517,0.556809024979855,560,681,1241,0.0,0.0008333472224535399,0.5561643835616443,8.058017727639034e-05
16418,13.681894698244971,0.556809024979855,560,681,1241,0.0,0.0008333472224535399,0.5562449637389207,8.058017727639034e-05
16419,13.682728045467424,0.5560032232070911,560,681,1241,-0.0008058017727639033,0.0008333472224535399,0.5562449637389207,0.0
16420,13.683561392689878,0.5560032232070911,560,681,1241,0.0,0.0008333472224535399,0.5562449637389207,0.0
16421,13.684394739912332,0.5560032232070911,560,681,1241,0.0,0.0008333472224535399,0.5562449637389207,0.0
16422,13.685228087134787,0.5560032232070911,560,681,1241,0.0,0.0008333472224553162,0.5562449637389207,0.0
16423,13.68606143435724,0.5560032232070911,560,681,1241,0.0,0.0008333472224535399,0.5562449637389207,0.0
16424,13.686894781579694,0.5560032232070911,560,681,1241,0.0,0.0008333472224535399,0.5562449637389207,0.0
16425,13.687728128802148,0.556809024979855,560,681,1241,0.0008058017727639033,0.0008333472224535399,0.556325543916197,8.058017727639034e-05
16426,13.688561476024601,0.556809024979855,560,681,1241,0.0,0.0008333472224535399,0.556325543916197,0.0
16427,13.689394823247055,0.556809024979855,560,681,1241,0.0,0.0008333472224535399,0.556325543916197,0.0
16428,13.690228170469508,0.5560032232070911,560,681,1241,-0.0008058017727639033,0.0008333472224535399,0.5562449637389206,-8.058017727639034e-05
16429,13.691061517691962,0.5560032232070911,560,681,1241,0.0,0.0008333472224535399,0.5562449637389207,0.0
16430,13.691894864914415,0.5560032232070911,560,681,1241,0.0,0.0008333472224535399,0.5562449637389207,0.0
16431,13.692728212136869,0.5560032232070911,560,681,1241,0.0,0.0008333472224535399,0.5562449637389207,0.0
16432,13.693561559359324,0.5560032232070911,560,681,1241,0.0,0.0008333472224553162,0.5562449637389207,0.0
16433,13.694394906581778,0.5560032232070911,560,681,1241,0.0,0.0008333472224535399,0.5562449637389207,0.0
16434,13.695228253804231,0.5560032232070911,560,681,1241,0.0,0.0008333472224535399,0.5562449637389207,0.0
16435,13.696061601026685,0.5560032232070911,560,681,1241,0.0,0.0008333472224535399,0.5561643835616443,-8.058017727639034e-05
16436,13.696894948249138,0.5560032232070911,560,681,1241,0.0,0.0008333472224535399,0.5560838033843679,-8.058017727639034e-05
16437,13.697728295471592,0.5560032232070911,560,681,1241,0.0,0.0008333472224535399,0.5560032232070916,-8.058017727639034e-05
16438,13.698561642694045,0.5560032232070911,560,681,1241,0.0,0.0008333472224535399,0.5560032232070917,0.0
16439,13.699394989916499,0.5560032232070911,560,681,1241,0.0,0.0008333472224535399,0.5560032232070917,0.0
16440,13.700228337138952,0.556809024979855,560,681,1241,0.0008058017727639033,0.0008333472224535399,0.556083803384368,8.058017727639034e-05
16441,13.701061684361406,0.5576148267526189,560,681,1241,0.0008058017727639033,0.0008333472224535399,0.5562449637389209,0.00016116035455278067
16442,13.70189503158386,0.5576148267526189,560,681,1241,0.0,0.0008333472224535399,0.5564061240934738,0.00016116035455278067
16443,13.702728378806315,0.556809024979855,560,681,1241,-0.0008058017727639033,0.0008333472224553162,0.5564867042707501,8.058017727639034e-05
16444,13.703561726028768,0.556809024979855,560,681,1241,0.0,0.0008333472224535399,0.5565672844480265,8.058017727639034e-05
16445,13.704395073251222,0.556809024979855,560,681,1241,0.0,0.0008333472224535399,0.5566478646253028,8.058017727639034e-05
16446,13.705228420473675,0.5560032232070911,560,681,1241,-0.0008058017727639033,0.0008333472224535399,0.5566478646253028,0.0
16447,13.706061767696129,0.5551974214343272,560,681,1241,-0.0008058017727639033,0.0008333472224535399,0.5565672844480265,-8.058017727639034e-05
16448,13.706895114918582,0.5551974214343272,560,681,1241,0.0,0.0008333472224535399,0.5564867042707501,-8.058017727639034e-05
16449,13.707728462141036,0.5551974214343272,560,681,1241,0.0,0.0008333472224535399,0.5564061240934738,-8.058017727639034e-05
16450,13.70856180936349,0.5551974214343272,560,681,1241,0.0,0.0008333472224535399,0.556244963738921,-0.00016116035455278067
16451,13.709395156585943,0.5551974214343272,560,681,1241,0.0,0.0008333472224535399,0.5560032232070918,-0.00024174053182917098
16452,13.710228503808397,0.5551974214343272,560,681,1241,0.0,0.0008333472224535399,0.5557614826752626,-0.00024174053182917098
16453,13.711061851030852,0.5551974214343272,560,681,1241,0.0,0.0008333472224553162,0.5556003223207099,-0.00016116035455278067
16454,13.711895198253305,0.5551974214343272,560,681,1241,0.0,0.0008333472224535399,0.5554391619661571,-0.00016116035455278067
16455,13.712728545475759,0.5560032232070911,560,681,1241,0.0008058017727639033,0.0008333472224535399,0.5553585817888806,-8.058017727639034e-05
16456,13.713561892698213,0.5560032232070911,560,681,1241,0.0,0.0008333472224535399,0.5553585817888808,0.0
16457,13.714395239920666,0.5560032232070911,560,681,1241,0.0,0.0008333472224535399,0.5554391619661571,8.058017727639034e-05
16458,13.71522858714312,0.5560032232070911,560,681,1241,0.0,0.0008333472224535399,0.5555197421434335,8.058017727639034e-05
16459,13.716061934365573,0.5560032232070911,560,681,1241,0.0,0.0008333472224535399,0.5556003223207098,8.058017727639034e-05
16460,13.716895281588027,0.5560032232070911,560,681,1241,0.0,0.0008333472224535399,0.5556809024979861,8.058017727639034e-05
16461,13.71772862881048,0.5560032232070911,560,681,1241,0.0,0.0008333472224535399,0.5557614826752625,8.058017727639034e-05
16462,13.718561976032934,0.5551974214343272,560,681,1241,-0.0008058017727639033,0.0008333472224535399,0.5557614826752625,0.0
16463,13.719395323255387,0.5551974214343272,560,681,1241,0.0,0.0008333472224535399,0.5557614826752625,0.0
16464,13.720228670477843,0.5551974214343272,560,681,1241,0.0,0.0008333472224553162,0.5557614826752625,0.0
16465,13.721062017700296,0.5551974214343272,560,681,1241,0.0,0.0008333472224535399,0.5556809024979861,-8.058017727639034e-05
16466,13.72189536492275,0.5551974214343272,560,681,1241,0.0,0.0008333472224535399,0.5556003223207098,-8.058017727639034e-05
16467,13.722728712145203,0.5551974214343272,560,681,1241,0.0,0.0008333472224535399,0.5555197421434335,-8.058017727639034e-05
16468,13.723562059367657,0.5551974214343272,560,681,1241,0.0,0.0008333472224535399,0.5554391619661571,-8.058017727639034e-05
16469,13.72439540659011,0.5551974214343272,560,681,1241,0.0,0.0008333472224535399,0.5553585817888808,-8.058017727639034e-05
16470,13.725228753812564,0.5551974214343272,560,681,1241,0.0,0.0008333472224535399,0.5552780016116043,-8.058017727639034e-05
16471,13.726062101035017,0.5543916196615633,560,681,1241,-0.0008058017727639033,0.0008333472224535399,0.5551168412570517,-0.00016116035455278067
16472,13.726895448257471,0.5543916196615633,560,681,1241,0.0,0.0008333472224535399,0.5550362610797753,-8.058017727639034e-05
16473,13.727728795479925,0.5543916196615633,560,681,1241,0.0,0.0008333472224535399,0.554955680902499,-8.058017727639034e-05
16474,13.728562142702378,0.5543916196615633,560,681,1241,0.0,0.0008333472224535399,0.5548751007252226,-8.058017727639034e-05
16475,13.729395489924833,0.5543916196615633,560,681,1241,0.0,0.0008333472224553162,0.5547945205479463,-8.058017727639034e-05
16476,13.730228837147287,0.5543916196615633,560,681,1241,0.0,0.0008333472224535399,0.55471394037067,-8.058017727639034e-05
16477,13.73106218436974,0.5543916196615633,560,681,1241,0.0,0.0008333472224535399,0.5546333601933936,-8.058017727639034e-05
16478,13.731895531592194,0.5543916196615633,560,681,1241,0.0,0.0008333472224535399,0.5545527800161173,-8.058017727639034e-05
16479,13.732728878814648,0.5543916196615633,560,681,1241,0.0,0.0008333472224535399,0.5544721998388409,-8.058017727639034e-05
16480,13.733562226037101,0.5543916196615633,560,681,1241,0.0,0.0008333472224535399,0.5543916196615646,-8.058017727639034e-05
16481,13.734395573259555,0.5543916196615633,560,681,1241,0.0,0.0008333472224535399,0.5543916196615646,0.0
16482,13.735228920482008,0.5543916196615633,560,681,1241,0.0,0.0008333472224535399,0.5543916196615646,0.0
16483,13.736062267704462,0.5535858178887993,560,681,1241,-0.0008058017727639033,0.0008333472224535399,0.5543110394842883,-8.058017727639034e-05
16484,13.736895614926915,0.5527800161160354,560,681,1241,-0.0008058017727639033,0.0008333472224535399,0.5541498791297353,-0.00016116035455278067
16485,13.73772896214937,0.5527800161160354,560,681,1241,0.0,0.0008333472224553162,0.5539887187751825,-0.00016116035455278067
16486,13.738562309371824,0.5527800161160354,560,681,1241,0.0,0.0008333472224535399,0.5538275584206296,-0.00016116035455278067
16487,13.739395656594278,0.5527800161160354,560,681,1241,0.0,0.0008333472224535399,0.5536663980660768,-0.00016116035455278067
16488,13.740229003816731,0.5527800161160354,560,681,1241,0.0,0.0008333472224535399,0.5535052377115239,-0.00016116035455278067
16489,13.741062351039185,0.5527800161160354,560,681,1241,0.0,0.0008333472224535399,0.553344077356971,-0.00016116035455278067
16490,13.741895698261638,0.5527800161160354,560,681,1241,0.0,0.0008333472224535399,0.5531829170024182,-0.00016116035455278067
16491,13.742729045484092,0.5527800161160354,560,681,1241,0.0,0.0008333472224535399,0.5530217566478652,-0.00016116035455278067
16492,13.743562392706545,0.5527800161160354,560,681,1241,0.0,0.0008333472224535399,0.5528605962933124,-0.00016116035455278067
16493,13.744395739928999,0.5527800161160354,560,681,1241,0.0,0.0008333472224535399,0.552780016116036,-8.058017727639034e-05
16494,13.745229087151452,0.5527800161160354,560,681,1241,0.0,0.0008333472224535399,0.5527800161160361,0.0
16495,13.746062434373906,0.5527800161160354,560,681,1241,0.0,0.0008333472224535399,0.5527800161160361,0.0
16496,13.746895781596361,0.5519742143432715,560,681,1241,-0.0008058017727639033,0.0008333472224553162,0.5526994359387597,-8.058017727639034e-05
16497,13.747729128818815,0.5519742143432715,560,681,1241,0.0,0.0008333472224535399,0.5526188557614834,-8.058017727639034e-05
16498,13.748562476041268,0.5519742143432715,560,681,1241,0.0,0.0008333472224535399,0.552538275584207,-8.058017727639034e-05
16499,13.749395823263722,0.5519742143432715,560,681,1241,0.0,0.0008333472224535399,0.5524576954069307,-8.058017727639034e-05
16500,13.750229170486175,0.5527800161160354,560,681,1241,0.0008058017727639033,0.0008333472224535399,0.5524576954069307,0.0
16501,13.751062517708629,0.5527800161160354,560,681,1241,0.0,0.0008333472224535399,0.5524576954069307,0.0
16502,13.751895864931083,0.5527800161160354,560,681,1241,0.0,0.0008333472224535399,0.5524576954069307,0.0
16503,13.752729212153536,0.5527800161160354,560,681,1241,0.0,0.0008333472224535399,0.5524576954069307,0.0
16504,13.75356255937599,0.5527800161160354,560,681,1241,0.0,0.0008333472224535399,0.5524576954069307,0.0
16505,13.754395906598443,0.5527800161160354,560,681,1241,0.0,0.0008333472224535399,0.5524576954069307,0.0
16506,13.755229253820898,0.5527800161160354,560,681,1241,0.0,0.0008333472224553162,0.552538275584207,8.058017727639034e-05
16507,13.756062601043352,0.5527800161160354,560,681,1241,0.0,0.0008333472224535399,0.5526188557614834,8.058017727639034e-05
16508,13.756895948265806,0.5527800161160354,560,681,1241,0.0,0.0008333472224535399,0.5526994359387597,8.058017727639034e-05
16509,13.757729295488259,0.5527800161160354,560,681,1241,0.0,0.0008333472224535399,0.5527800161160361,8.058017727639034e-05
16510,13.758562642710713,0.5527800161160354,560,681,1241,0.0,0.0008333472224535399,0.5527800161160361,0.0
16511,13.759395989933166,0.5519742143432715,560,681,1241,-0.0008058017727639033,0.0008333472224535399,0.5526994359387597,-8.058017727639034e-05
16512,13.76022933715562,0.5527800161160354,560,681,1241,0.0008058017727639033,0.0008333472224535399,0.5526994359387597,0.0
16513,13.761062684378073,0.5527800161160354,560,681,1241,0.0,0.0008333472224535399,0.5526994359387597,0.0
16514,13.761896031600527,0.5527800161160354,560,681,1241,0.0,0.0008333472224535399,0.5526994359387597,0.0
16515,13.76272937882298,0.5527800161160354,560,681,1241,0.0,0.0008333472224535399,0.5526994359387597,0.0
16516,13.763562726045434,0.5527800161160354,560,681,1241,0.0,0.0008333472224535399,0.5526994359387597,0.0
16517,13.76439607326789,0.5527800161160354,560,681,1241,0.0,0.0008333472224553162,0.5526994359387597,0.0
16518,13.765229420490343,0.5527800161160354,560,681,1241,0.0,0.0008333472224535399,0.5526994359387597,0.0
16519,13.766062767712796,0.5527800161160354,560,681,1241,0.0,0.0008333472224535399,0.5526994359387597,0.0
16520,13.76689611493525,0.5527800161160354,560,681,1241,0.0,0.0008333472224535399,0.5526994359387597,0.0
16521,13.767729462157703,0.5527800161160354,560,681,1241,0.0,0.0008333472224535399,0.5527800161160361,8.058017727639034e-05
16522,13.768562809380157,0.5527800161160354,560,681,1241,0.0,0.0008333472224535399,0.5527800161160361,0.0
16523,13.76939615660261,0.5527800161160354,560,681,1241,0.0,0.0008333472224535399,0.5527800161160361,0.0
16524,13.770229503825064,0.5527800161160354,560,681,1241,0.0,0.0008333472224535399,0.5527800161160361,0.0
16525,13.771062851047517,0.5527800161160354,560,681,1241,0.0,0.0008333472224535399,0.5527800161160361,0.0
16526,13.771896198269971,0.5527800161160354,560,681,1241,0.0,0.0008333472224535399,0.5527800161160361,0.0
16527,13.772729545492426,0.5527800161160354,560,681,1241,0.0,0.0008333472224553162,0.5527800161160361,0.0
16528,13.77356289271488,0.5527800161160354,560,681,1241,0.0,0.0008333472224535399,0.5527800161160361,0.0
16529,13.774396239937333,0.5527800161160354,560,681,1241,0.0,0.0008333472224535399,0.5527800161160361,0.0
16530,13.775229587159787,0.5527800161160354,560,681,1241,0.0,0.0008333472224535399,0.5527800161160361,0.0
16531,13.77606293438224,0.5527800161160354,560,681,1241,0.0,0.0008333472224535399,0.5527800161160361,0.0
16532,13.776896281604694,0.5527800161160354,560,681,1241,0.0,0.0008333472224535399,0.5527800161160361,0.0
16533,13.777729628827148,0.5527800161160354,560,681,1241,0.0,0.0008333472224535399,0.5527800161160361,0.0
16534,13.778562976049601,0.5527800161160354,560,681,1241,0.0,0.0008333472224535399,0.5527800161160361,0.0
16535,13.779396323272055,0.5527800161160354,560,681,1241,0.0,0.0008333472224535399,0.5527800161160361,0.0
16536,13.780229670494508,0.5527800161160354,560,681,1241,0.0,0.0008333472224535399,0.5527800161160361,0.0
16537,13.781063017716962,0.5527800161160354,560,681,1241,0.0,0.0008333472224535399,0.5527800161160361,0.0
16538,13.781896364939417,0.5527800161160354,560,681,1241,0.0,0.0008333472224553162,0.5527800161160361,0.0
16539,13.78272971216187,0.5527800161160354,560,681,1241,0.0,0.0008333472224535399,0.5527800161160361,0.0
16540,13.783563059384324,0.5527800161160354,560,681,1241,0.0,0.0008333472224535399,0.5527800161160361,0.0
16541,13.784396406606778,0.5527800161160354,560,681,1241,0.0,0.0008333472224535399,0.5527800161160361,0.0
16542,13.785229753829231,0.5527800161160354,560,681,1241,0.0,0.0008333472224535399,0.5527800161160361,0.0
16543,13.786063101051685,0.5527800161160354,560,681,1241,0.0,0.0008333472224535399,0.5527800161160361,0.0
16544,13.786896448274138,0.5527800161160354,560,681,1241,0.0,0.0008333472224535399,0.5527800161160361,0.0
16545,13.787729795496592,0.5527800161160354,560,681,1241,0.0,0.0008333472224535399,0.5527800161160361,0.0
16546,13.788563142719045,0.5527800161160354,560,681,1241,0.0,0.0008333472224535399,0.5527800161160361,0.0
16547,13.789396489941499,0.5527800161160354,560,681,1241,0.0,0.0008333472224535399,0.5527800161160361,0.0
16548,13.790229837163952,0.5527800161160354,560,681,1241,0.0,0.0008333472224535399,0.5527800161160361,0.0
16549,13.791063184386408,0.5519742143432715,560,681,1241,-0.0008058017727639033,0.0008333472224553162,0.5526994359387597,-8.058017727639034e-05
16550,13.791896531608861,0.5519742143432715,560,681,1241,0.0,0.0008333472224535399,0.5526188557614834,-8.058017727639034e-05
16551,13.792729878831315,0.5519742143432715,560,681,1241,0.0,0.0008333472224535399,0.552538275584207,-8.058017727639034e-05
16552,13.793563226053768,0.5519742143432715,560,681,1241,0.0,0.0008333472224535399,0.5524576954069307,-8.058017727639034e-05
16553,13.794396573276222,0.5519742143432715,560,681,1241,0.0,0.0008333472224535399,0.5523771152296544,-8.058017727639034e-05
16554,13.795229920498675,0.5519742143432715,560,681,1241,0.0,0.0008333472224535399,0.552296535052378,-8.058017727639034e-05
16555,13.796063267721129,0.5519742143432715,560,681,1241,0.0,0.0008333472224535399,0.5522159548751017,-8.058017727639034e-05
16556,13.796896614943583,0.5519742143432715,560,681,1241,0.0,0.0008333472224535399,0.5521353746978253,-8.058017727639034e-05
16557,13.797729962166036,0.5519742143432715,560,681,1241,0.0,0.0008333472224535399,0.552054794520549,-8.058017727639034e-05
16558,13.79856330938849,0.5519742143432715,560,681,1241,0.0,0.0008333472224535399,0.5519742143432727,-8.058017727639034e-05
16559,13.799396656610945,0.5519742143432715,560,681,1241,0.0,0.0008333472224553162,0.5519742143432727,0.0
16560,13.800230003833398,0.5511684125705076,560,681,1241,-0.0008058017727639033,0.0008333472224535399,0.5518936341659962,-8.058017727639034e-05
16561,13.801063351055852,0.5511684125705076,560,681,1241,0.0,0.0008333472224535399,0.5518130539887199,-8.058017727639034e-05
16562,13.801896698278306,0.5511684125705076,560,681,1241,0.0,0.0008333472224535399,0.5517324738114435,-8.058017727639034e-05
16563,13.802730045500759,0.5511684125705076,560,681,1241,0.0,0.0008333472224535399,0.5516518936341672,-8.058017727639034e-05
16564,13.803563392723213,0.5511684125705076,560,681,1241,0.0,0.0008333472224535399,0.5515713134568909,-8.058017727639034e-05
16565,13.804396739945666,0.5511684125705076,560,681,1241,0.0,0.0008333472224535399,0.5514907332796145,-8.058017727639034e-05
16566,13.80523008716812,0.5511684125705076,560,681,1241,0.0,0.0008333472224535399,0.5514101531023382,-8.058017727639034e-05
16567,13.806063434390573,0.5511684125705076,560,681,1241,0.0,0.0008333472224535399,0.5513295729250618,-8.058017727639034e-05
16568,13.806896781613027,0.5511684125705076,560,681,1241,0.0,0.0008333472224535399,0.5512489927477855,-8.058017727639034e-05
16569,13.80773012883548,0.5511684125705076,560,681,1241,0.0,0.0008333472224535399,0.5511684125705092,-8.058017727639034e-05
16570,13.808563476057936,0.5511684125705076,560,681,1241,0.0,0.0008333472224553162,0.5511684125705092,0.0
16571,13.80939682328039,0.5511684125705076,560,681,1241,0.0,0.0008333472224535399,0.5511684125705092,0.0
16572,13.810230170502843,0.5511684125705076,560,681,1241,0.0,0.0008333472224535399,0.5511684125705092,0.0
16573,13.811063517725296,0.5511684125705076,560,681,1241,0.0,0.0008333472224535399,0.5511684125705092,0.0
16574,13.81189686494775,0.5519742143432715,560,681,1241,0.0008058017727639033,0.0008333472224535399,0.5512489927477855,8.058017727639034e-05
16575,13.812730212170203,0.5519742143432715,560,681,1241,0.0,0.0008333472224535399,0.5513295729250618,8.058017727639034e-05
16576,13.813563559392657,0.5519742143432715,560,681,1241,0.0,0.0008333472224535399,0.5514101531023382,8.058017727639034e-05
16577,13.81439690661511,0.5519742143432715,560,681,1241,0.0,0.0008333472224535399,0.5514907332796145,8.058017727639034e-05
16578,13.815230253837564,0.5519742143432715,560,681,1241,0.0,0.0008333472224535399,0.5515713134568909,8.058017727639034e-05
16579,13.816063601060018,0.5519742143432715,560,681,1241,0.0,0.0008333472224535399,0.5516518936341672,8.058017727639034e-05
16580,13.816896948282473,0.5519742143432715,560,681,1241,0.0,0.0008333472224553162,0.5517324738114435,8.058017727639034e-05
16581,13.817730295504926,0.5519742143432715,560,681,1241,0.0,0.0008333472224535399,0.5518130539887199,8.058017727639034e-05
16582,13.81856364272738,0.5519742143432715,560,681,1241,0.0,0.0008333472224535399,0.5518936341659962,8.058017727639034e-05
16583,13.819396989949833,0.5519742143432715,560,681,1241,0.0,0.0008333472224535399,0.5519742143432727,8.058017727639034e-05
16584,13.820230337172287,0.5519742143432715,560,681,1241,0.0,0.0008333472224535399,0.5519742143432727,0.0
16585,13.82106368439474,0.5527800161160354,560,681,1241,0.0008058017727639033,0.0008333472224535399,0.552054794520549,8.058017727639034e-05
16586,13.821897031617194,0.5527800161160354,560,681,1241,0.0,0.0008333472224535399,0.5521353746978253,8.058017727639034e-05
16587,13.822730378839648,0.5527800161160354,560,681,1241,0.0,0.0008333472224535399,0.5522159548751017,8.058017727639034e-05
16588,13.823563726062101,0.5527800161160354,560,681,1241,0.0,0.0008333472224535399,0.552296535052378,8.058017727639034e-05
16589,13.824397073284555,0.5527800161160354,560,681,1241,0.0,0.0008333472224535399,0.5523771152296544,8.058017727639034e-05
16590,13.825230420507008,0.5527800161160354,560,681,1241,0.0,0.0008333472224535399,0.5524576954069307,8.058017727639034e-05
16591,13.826063767729464,0.5527800161160354,560,681,1241,0.0,0.0008333472224553162,0.552538275584207,8.058017727639034e-05
16592,13.826897114951917,0.5527800161160354,560,681,1241,0.0,0.0008333472224535399,0.5526188557614834,8.058017727639034e-05
16593,13.82773046217437,0.5527800161160354,560,681,1241,0.0,0.0008333472224535399,0.5526994359387597,8.058017727639034e-05
16594,13.828563809396824,0.5527800161160354,560,681,1241,0.0,0.0008333472224535399,0.5527800161160361,8.058017727639034e-05
16595,13.829397156619278,0.5527800161160354,560,681,1241,0.0,0.0008333472224535399,0.5527800161160361,0.0
16596,13.830230503841731,0.5527800161160354,560,681,1241,0.0,0.0008333472224535399,0.5527800161160361,0.0
16597,13.831063851064185,0.5527800161160354,560,681,1241,0.0,0.0008333472224535399,0.5527800161160361,0.0
16598,13.831897198286638,0.5527800161160354,560,681,1241,0.0,0.0008333472224535399,0.5527800161160361,0.0
16599,13.832730545509092,0.5527800161160354,560,681,1241,0.0,0.0008333472224535399,0.5527800161160361,0.0
16600,13.833563892731545,0.5527800161160354,560,681,1241,0.0,0.0008333472224535399,0.5527800161160361,0.0
16601,13.834397239953999,0.5527800161160354,560,681,1241,0.0,0.0008333472224535399,0.5527800161160361,0.0
16602,13.835230587176454,0.5527800161160354,560,681,1241,0.0,0.0008333472224553162,0.5527800161160361,0.0
16603,13.836063934398908,0.5527800161160354,560,681,1241,0.0,0.0008333472224535399,0.5527800161160361,0.0
16604,13.836897281621361,0.5527800161160354,560,681,1241,0.0,0.0008333472224535399,0.5527800161160361,0.0
16605,13.837730628843815,0.5519742143432715,560,681,1241,-0.0008058017727639033,0.0008333472224535399,0.5526994359387597,-8.058017727639034e-05
16606,13.838563976066268,0.5519742143432715,560,681,1241,0.0,0.0008333472224535399,0.5526188557614834,-8.058017727639034e-05
16607,13.839397323288722,0.5519742143432715,560,681,1241,0.0,0.0008333472224535399,0.552538275584207,-8.058017727639034e-05
16608,13.840230670511176,0.5519742143432715,560,681,1241,0.0,0.0008333472224535399,0.5524576954069307,-8.058017727639034e-05
16609,13.841064017733629,0.5519742143432715,560,681,1241,0.0,0.0008333472224535399,0.5523771152296544,-8.058017727639034e-05
16610,13.841897364956083,0.5519742143432715,560,681,1241,0.0,0.0008333472224535399,0.552296535052378,-8.058017727639034e-05
16611,13.842730712178536,0.5519742143432715,560,681,1241,0.0,0.0008333472224535399,0.5522159548751017,-8.058017727639034e-05
16612,13.843564059400991,0.5519742143432715,560,681,1241,0.0,0.0008333472224553162,0.5521353746978253,-8.058017727639034e-05
16613,13.844397406623445,0.5519742143432715,560,681,1241,0.0,0.0008333472224535399,0.552054794520549,-8.058017727639034e-05
16614,13.845230753845899,0.5527800161160354,560,681,1241,0.0008058017727639033,0.0008333472224535399,0.552054794520549,0.0
16615,13.846064101068352,0.5527800161160354,560,681,1241,0.0,0.0008333472224535399,0.5521353746978253,8.058017727639034e-05
16616,13.846897448290806,0.5527800161160354,560,681,1241,0.0,0.0008333472224535399,0.5522159548751017,8.058017727639034e-05
16617,13.84773079551326,0.5527800161160354,560,681,1241,0.0,0.0008333472224535399,0.552296535052378,8.058017727639034e-05
16618,13.848564142735713,0.5535858178887993,560,681,1241,0.0008058017727639033,0.0008333472224535399,0.5524576954069308,0.00016116035455278067
16619,13.849397489958166,0.5535858178887993,560,681,1241,0.0,0.0008333472224535399,0.5526188557614835,0.00016116035455278067
16620,13.85023083718062,0.5535858178887993,560,681,1241,0.0,0.0008333472224535399,0.5527800161160363,0.00016116035455278067
16621,13.851064184403073,0.5543916196615633,560,681,1241,0.0008058017727639033,0.0008333472224535399,0.5530217566478655,0.00024174053182917098
16622,13.851897531625527,0.5543916196615633,560,681,1241,0.0,0.0008333472224535399,0.5532634971796947,0.00024174053182917098
16623,13.852730878847982,0.5543916196615633,560,681,1241,0.0,0.0008333472224553162,0.5535052377115239,0.00024174053182917098
16624,13.853564226070436,0.5543916196615633,560,681,1241,0.0,0.0008333472224535399,0.5536663980660768,0.00016116035455278067
16625,13.85439757329289,0.5543916196615633,560,681,1241,0.0,0.0008333472224535399,0.5538275584206296,0.00016116035455278067
16626,13.855230920515343,0.5543916196615633,560,681,1241,0.0,0.0008333472224535399,0.5539887187751825,0.00016116035455278067
16627,13.856064267737796,0.5535858178887993,560,681,1241,-0.0008058017727639033,0.0008333472224535399,0.5540692989524588,8.058017727639034e-05
16628,13.85689761496025,0.5535858178887993,560,681,1241,0.0,0.0008333472224535399,0.5540692989524588,0.0
16629,13.857730962182703,0.5543916196615633,560,681,1241,0.0008058017727639033,0.0008333472224535399,0.5541498791297352,8.058017727639034e-05
16630,13.858564309405157,0.5543916196615633,560,681,1241,0.0,0.0008333472224535399,0.5542304593070116,8.058017727639034e-05
16631,13.85939765662761,0.5535858178887993,560,681,1241,-0.0008058017727639033,0.0008333472224535399,0.5541498791297352,-8.058017727639034e-05
16632,13.860231003850064,0.5535858178887993,560,681,1241,0.0,0.0008333472224535399,0.5540692989524588,-8.058017727639034e-05
16633,13.86106435107252,0.5535858178887993,560,681,1241,0.0,0.0008333472224553162,0.5539887187751825,-8.058017727639034e-05
16634,13.861897698294973,0.5535858178887993,560,681,1241,0.0,0.0008333472224535399,0.5539081385979061,-8.058017727639034e-05
16635,13.862731045517426,0.5527800161160354,560,681,1241,-0.0008058017727639033,0.0008333472224535399,0.5537469782433533,-0.00016116035455278067
16636,13.86356439273988,0.5527800161160354,560,681,1241,0.0,0.0008333472224535399,0.5535858178888005,-0.00016116035455278067
16637,13.864397739962333,0.5527800161160354,560,681,1241,0.0,0.0008333472224535399,0.5535052377115239,-8.058017727639034e-05
16638,13.865231087184787,0.5527800161160354,560,681,1241,0.0,0.0008333472224535399,0.5534246575342476,-8.058017727639034e-05
16639,13.86606443440724,0.5527800161160354,560,681,1241,0.0,0.0008333472224535399,0.5532634971796948,-0.00016116035455278067
16640,13.866897781629694,0.5527800161160354,560,681,1241,0.0,0.0008333472224535399,0.553102336825142,-0.00016116035455278067
16641,13.867731128852148,0.5527800161160354,560,681,1241,0.0,0.0008333472224535399,0.5530217566478656,-8.058017727639034e-05
16642,13.868564476074601,0.5527800161160354,560,681,1241,0.0,0.0008333472224535399,0.5529411764705892,-8.058017727639034e-05
16643,13.869397823297055,0.5527800161160354,560,681,1241,0.0,0.0008333472224535399,0.5528605962933129,-8.058017727639034e-05
16644,13.87023117051951,0.5527800161160354,560,681,1241,0.0,0.0008333472224553162,0.5527800161160366,-8.058017727639034e-05
16645,13.871064517741964,0.5527800161160354,560,681,1241,0.0,0.0008333472224535399,0.5527800161160366,0.0
16646,13.871897864964417,0.5527800161160354,560,681,1241,0.0,0.0008333472224535399,0.5527800161160366,0.0
16647,13.87273121218687,0.5527800161160354,560,681,1241,0.0,0.0008333472224535399,0.5527800161160366,0.0
16648,13.873564559409324,0.5527800161160354,560,681,1241,0.0,0.0008333472224535399,0.5527800161160366,0.0
16649,13.874397906631778,0.5527800161160354,560,681,1241,0.0,0.0008333472224535399,0.5527800161160366,0.0
16650,13.875231253854231,0.5527800161160354,560,681,1241,0.0,0.0008333472224535399,0.5527800161160366,0.0
16651,13.876064601076685,0.5527800161160354,560,681,1241,0.0,0.0008333472224535399,0.5527800161160366,0.0
16652,13.876897948299138,0.5535858178887993,560,681,1241,0.0008058017727639033,0.0008333472224535399,0.552860596293313,8.058017727639034e-05
16653,13.877731295521592,0.5535858178887993,560,681,1241,0.0,0.0008333472224535399,0.5529411764705893,8.058017727639034e-05
16654,13.878564642744045,0.5535858178887993,560,681,1241,0.0,0.0008333472224535399,0.5530217566478657,8.058017727639034e-05
16655,13.8793979899665,0.5535858178887993,560,681,1241,0.0,0.0008333472224553162,0.553102336825142,8.058017727639034e-05
16656,13.880231337188954,0.5535858178887993,560,681,1241,0.0,0.0008333472224535399,0.5531829170024183,8.058017727639034e-05
16657,13.881064684411408,0.5535858178887993,560,681,1241,0.0,0.0008333472224535399,0.5532634971796947,8.058017727639034e-05
16658,13.881898031633861,0.5543916196615633,560,681,1241,0.0008058017727639033,0.0008333472224535399,0.5534246575342475,0.00016116035455278067
16659,13.882731378856315,0.5543916196615633,560,681,1241,0.0,0.0008333472224535399,0.5535858178888005,0.00016116035455278067
16660,13.883564726078768,0.5543916196615633,560,681,1241,0.0,0.0008333472224535399,0.5537469782433533,0.00016116035455278067
16661,13.884398073301222,0.5543916196615633,560,681,1241,0.0,0.0008333472224535399,0.5539081385979061,0.00016116035455278067
16662,13.885231420523676,0.5543916196615633,560,681,1241,0.0,0.0008333472224535399,0.5539887187751826,8.058017727639034e-05
16663,13.886064767746129,0.5543916196615633,560,681,1241,0.0,0.0008333472224535399,0.5540692989524589,8.058017727639034e-05
16664,13.886898114968583,0.5543916196615633,560,681,1241,0.0,0.0008333472224535399,0.5541498791297352,8.058017727639034e-05
16665,13.887731462191038,0.5543916196615633,560,681,1241,0.0,0.0008333472224553162,0.5542304593070116,8.058017727639034e-05
16666,13.888564809413491,0.5543916196615633,560,681,1241,0.0,0.0008333472224535399,0.554311039484288,8.058017727639034e-05
16667,13.889398156635945,0.5543916196615633,560,681,1241,0.0,0.0008333472224535399,0.5543916196615644,8.058017727639034e-05
16668,13.890231503858399,0.5543916196615633,560,681,1241,0.0,0.0008333472224535399,0.5543916196615642,0.0
16669,13.891064851080852,0.5543916196615633,560,681,1241,0.0,0.0008333472224535399,0.5543916196615642,0.0
16670,13.891898198303306,0.5535858178887993,560,681,1241,-0.0008058017727639033,0.0008333472224535399,0.5543110394842878,-8.058017727639034e-05
16671,13.89273154552576,0.5535858178887993,560,681,1241,0.0,0.0008333472224535399,0.5542304593070115,-8.058017727639034e-05
16672,13.893564892748213,0.5535858178887993,560,681,1241,0.0,0.0008333472224535399,0.5541498791297352,-8.058017727639034e-05
16673,13.894398239970666,0.5535858178887993,560,681,1241,0.0,0.0008333472224535399,0.5540692989524588,-8.058017727639034e-05
16674,13.89523158719312,0.5535858178887993,560,681,1241,0.0,0.0008333472224535399,0.5539887187751825,-8.058017727639034e-05
16675,13.896064934415573,0.5535858178887993,560,681,1241,0.0,0.0008333472224535399,0.5539081385979061,-8.058017727639034e-05
16676,13.896898281638029,0.5535858178887993,560,681,1241,0.0,0.0008333472224553162,0.5538275584206298,-8.058017727639034e-05
16677,13.897731628860482,0.5535858178887993,560,681,1241,0.0,0.0008333472224535399,0.5537469782433535,-8.058017727639034e-05
16678,13.898564976082936,0.5535858178887993,560,681,1241,0.0,0.0008333472224535399,0.5536663980660771,-8.058017727639034e-05
16679,13.89939832330539,0.5535858178887993,560,681,1241,0.0,0.0008333472224535399,0.5535858178888008,-8.058017727639034e-05
16680,13.900231670527843,0.5535858178887993,560,681,1241,0.0,0.0008333472224535399,0.5535858178888008,0.0
16681,13.901065017750296,0.5535858178887993,560,681,1241,0.0,0.0008333472224535399,0.5535858178888008,0.0
16682,13.90189836497275,0.5535858178887993,560,681,1241,0.0,0.0008333472224535399,0.5535858178888008,0.0
16683,13.902731712195203,0.5535858178887993,560,681,1241,0.0,0.0008333472224535399,0.5535858178888008,0.0
16684,13.903565059417657,0.5535858178887993,560,681,1241,0.0,0.0008333472224535399,0.5535858178888008,0.0
16685,13.90439840664011,0.5535858178887993,560,681,1241,0.0,0.0008333472224535399,0.5535858178888008,0.0
16686,13.905231753862566,0.5535858178887993,560,681,1241,0.0,0.0008333472224553162,0.5535858178888008,0.0
16687,13.90606510108502,0.5535858178887993,560,681,1241,0.0,0.0008333472224535399,0.5535858178888008,0.0
16688,13.906898448307473,0.5535858178887993,560,681,1241,0.0,0.0008333472224535399,0.5535858178888008,0.0
16689,13.907731795529926,0.5535858178887993,560,681,1241,0.0,0.0008333472224535399,0.5535858178888008,0.0
16690,13.90856514275238,0.5535858178887993,560,681,1241,0.0,0.0008333472224535399,0.5535858178888008,0.0
16691,13.909398489974834,0.5535858178887993,560,681,1241,0.0,0.0008333472224535399,0.5535858178888008,0.0
16692,13.910231837197287,0.5535858178887993,560,681,1241,0.0,0.0008333472224535399,0.5535858178888008,0.0
16693,13.91106518441974,0.5535858178887993,560,681,1241,0.0,0.0008333472224535399,0.5535858178888008,0.0
16694,13.911898531642194,0.5535858178887993,560,681,1241,0.0,0.0008333472224535399,0.5535858178888008,0.0
16695,13.912731878864648,0.5535858178887993,560,681,1241,0.0,0.0008333472224535399,0.5535858178888008,0.0
16696,13.913565226087101,0.5535858178887993,560,681,1241,0.0,0.0008333472224535399,0.5535858178888008,0.0
16697,13.914398573309557,0.5535858178887993,560,681,1241,0.0,0.0008333472224553162,0.5535858178888008,0.0
16698,13.91523192053201,0.5535858178887993,560,681,1241,0.0,0.0008333472224535399,0.5535858178888008,0.0
16699,13.916065267754464,0.5535858178887993,560,681,1241,0.0,0.0008333472224535399,0.5535858178888008,0.0
16700,13.916898614976917,0.5535858178887993,560,681,1241,0.0,0.0008333472224535399,0.5535858178888008,0.0
16701,13.91773196219937,0.5535858178887993,560,681,1241,0.0,0.0008333472224535399,0.5535858178888008,0.0
16702,13.918565309421824,0.5535858178887993,560,681,1241,0.0,0.0008333472224535399,0.5535858178888008,0.0
16703,13.919398656644278,0.5535858178887993,560,681,1241,0.0,0.0008333472224535399,0.5535858178888008,0.0
16704,13.920232003866731,0.5535858178887993,560,681,1241,0.0,0.0008333472224535399,0.5535858178888008,0.0
16705,13.921065351089185,0.5527800161160354,560,681,1241,-0.0008058017727639033,0.0008333472224535399,0.5535052377115244,-8.058017727639034e-05
16706,13.921898698311638,0.5527800161160354,560,681,1241,0.0,0.0008333472224535399,0.553424657534248,-8.058017727639034e-05
16707,13.922732045534092,0.5527800161160354,560,681,1241,0.0,0.0008333472224535399,0.5533440773569717,-8.058017727639034e-05
16708,13.923565392756547,0.5527800161160354,560,681,1241,0.0,0.0008333472224553162,0.5532634971796953,-8.058017727639034e-05
16709,13.924398739979,0.5527800161160354,560,681,1241,0.0,0.0008333472224535399,0.553182917002419,-8.058017727639034e-05
16710,13.925232087201454,0.5527800161160354,560,681,1241,0.0,0.0008333472224535399,0.5531023368251426,-8.058017727639034e-05
16711,13.926065434423908,0.5527800161160354,560,681,1241,0.0,0.0008333472224535399,0.5530217566478662,-8.058017727639034e-05
16712,13.926898781646361,0.5527800161160354,560,681,1241,0.0,0.0008333472224535399,0.5529411764705899,-8.058017727639034e-05
16713,13.927732128868815,0.5527800161160354,560,681,1241,0.0,0.0008333472224535399,0.5528605962933135,-8.058017727639034e-05
16714,13.928565476091268,0.5527800161160354,560,681,1241,0.0,0.0008333472224535399,0.5527800161160372,-8.058017727639034e-05
16715,13.929398823313722,0.5527800161160354,560,681,1241,0.0,0.0008333472224535399,0.5527800161160373,0.0
16716,13.930232170536176,0.5527800161160354,560,681,1241,0.0,0.0008333472224535399,0.5527800161160373,0.0
16717,13.93106551775863,0.5527800161160354,560,681,1241,0.0,0.0008333472224535399,0.5527800161160373,0.0
16718,13.931898864981084,0.5527800161160354,560,681,1241,0.0,0.0008333472224553162,0.5527800161160373,0.0
16719,13.932732212203538,0.5527800161160354,560,681,1241,0.0,0.0008333472224535399,0.5527800161160373,0.0
16720,13.933565559425992,0.5527800161160354,560,681,1241,0.0,0.0008333472224535399,0.5527800161160373,0.0
16721,13.934398906648445,0.5527800161160354,560,681,1241,0.0,0.0008333472224535399,0.5527800161160373,0.0
16722,13.935232253870899,0.5527800161160354,560,681,1241,0.0,0.0008333472224535399,0.5527800161160373,0.0
16723,13.936065601093352,0.5527800161160354,560,681,1241,0.0,0.0008333472224535399,0.5527800161160373,0.0
16724,13.936898948315806,0.5527800161160354,560,681,1241,0.0,0.0008333472224535399,0.5527800161160373,0.0
16725,13.93773229553826,0.5527800161160354,560,681,1241,0.0,0.0008333472224535399,0.5527800161160373,0.0
16726,13.938565642760713,0.5527800161160354,560,681,1241,0.0,0.0008333472224535399,0.5527800161160373,0.0
16727,13.939398989983166,0.5527800161160354,560,681,1241,0.0,0.0008333472224535399,0.5527800161160373,0.0
16728,13.94023233720562,0.5527800161160354,560,681,1241,0.0,0.0008333472224535399,0.5527800161160373,0.0
16729,13.941065684428075,0.5527800161160354,560,681,1241,0.0,0.0008333472224553162,0.5527800161160373,0.0
16730,13.941899031650529,0.5527800161160354,560,681,1241,0.0,0.0008333472224535399,0.5527800161160373,0.0
16731,13.942732378872982,0.5527800161160354,560,681,1241,0.0,0.0008333472224535399,0.5527800161160373,0.0
16732,13.943565726095436,0.5527800161160354,560,681,1241,0.0,0.0008333472224535399,0.5527800161160373,0.0
16733,13.94439907331789,0.5527800161160354,560,681,1241,0.0,0.0008333472224535399,0.5527800161160373,0.0
16734,13.945232420540343,0.5527800161160354,560,681,1241,0.0,0.0008333472224535399,0.5527800161160373,0.0
16735,13.946065767762796,0.5527800161160354,560,681,1241,0.0,0.0008333472224535399,0.5527800161160373,0.0
16736,13.94689911498525,0.5527800161160354,560,681,1241,0.0,0.0008333472224535399,0.5527800161160373,0.0
16737,13.947732462207703,0.5527800161160354,560,681,1241,0.0,0.0008333472224535399,0.5527800161160373,0.0
16738,13.948565809430157,0.5527800161160354,560,681,1241,0.0,0.0008333472224535399,0.5527800161160373,0.0
16739,13.949399156652612,0.5527800161160354,560,681,1241,0.0,0.0008333472224553162,0.5527800161160373,0.0
16740,13.950232503875066,0.5527800161160354,560,681,1241,0.0,0.0008333472224535399,0.5527800161160373,0.0
16741,13.95106585109752,0.5527800161160354,560,681,1241,0.0,0.0008333472224535399,0.5527800161160373,0.0
16742,13.951899198319973,0.5527800161160354,560,681,1241,0.0,0.0008333472224535399,0.5527800161160373,0.0
16743,13.952732545542426,0.5527800161160354,560,681,1241,0.0,0.0008333472224535399,0.5527800161160373,0.0
16744,13.95356589276488,0.5527800161160354,560,681,1241,0.0,0.0008333472224535399,0.5527800161160373,0.0
16745,13.954399239987334,0.5527800161160354,560,681,1241,0.0,0.0008333472224535399,0.5527800161160373,0.0
16746,13.955232587209787,0.5527800161160354,560,681,1241,0.0,0.0008333472224535399,0.5527800161160373,0.0
16747,13.95606593443224,0.5527800161160354,560,681,1241,0.0,0.0008333472224535399,0.5527800161160373,0.0
16748,13.956899281654694,0.5527800161160354,560,681,1241,0.0,0.0008333472224535399,0.5527800161160373,0.0
16749,13.957732628877148,0.5527800161160354,560,681,1241,0.0,0.0008333472224535399,0.5527800161160373,0.0
16750,13.958565976099603,0.5527800161160354,560,681,1241,0.0,0.0008333472224553162,0.5527800161160373,0.0
16751,13.959399323322057,0.5527800161160354,560,681,1241,0.0,0.0008333472224535399,0.5527800161160373,0.0
16752,13.96023267054451,0.5527800161160354,560,681,1241,0.0,0.0008333472224535399,0.5527800161160373,0.0
16753,13.961066017766964,0.5519742143432715,560,681,1241,-0.0008058017727639033,0.0008333472224535399,0.5526994359387609,-8.058017727639034e-05
16754,13.961899364989417,0.5519742143432715,560,681,1241,0.0,0.0008333472224535399,0.5526188557614846,-8.058017727639034e-05
16755,13.96273271221187,0.5519742143432715,560,681,1241,0.0,0.0008333472224535399,0.5525382755842083,-8.058017727639034e-05
16756,13.963566059434324,0.5519742143432715,560,681,1241,0.0,0.0008333472224535399,0.5524576954069319,-8.058017727639034e-05
16757,13.964399406656778,0.5511684125705076,560,681,1241,-0.0008058017727639033,0.0008333472224535399,0.5522965350523792,-0.00016116035455278067
16758,13.965232753879231,0.5511684125705076,560,681,1241,0.0,0.0008333472224535399,0.5521353746978266,-0.00016116035455278067
16759,13.966066101101685,0.5511684125705076,560,681,1241,0.0,0.0008333472224535399,0.5519742143432739,-0.00016116035455278067
16760,13.96689944832414,0.5511684125705076,560,681,1241,0.0,0.0008333472224553162,0.5518130539887212,-0.00016116035455278067
16761,13.967732795546594,0.5511684125705076,560,681,1241,0.0,0.0008333472224535399,0.5516518936341684,-0.00016116035455278067
16762,13.968566142769047,0.5503626107977437,560,681,1241,-0.0008058017727639033,0.0008333472224535399,0.5514101531023392,-0.00024174053182917098
16763,13.9693994899915,0.5503626107977437,560,681,1241,0.0,0.0008333472224535399,0.5512489927477865,-0.00016116035455278067
16764,13.970232837213954,0.5503626107977437,560,681,1241,0.0,0.0008333472224535399,0.5510878323932337,-0.00016116035455278067
16765,13.971066184436408,0.5503626107977437,560,681,1241,0.0,0.0008333472224535399,0.550926672038681,-0.00016116035455278067
16766,13.971899531658861,0.5503626107977437,560,681,1241,0.0,0.0008333472224535399,0.5507655116841281,-0.00016116035455278067
16767,13.972732878881315,0.5503626107977437,560,681,1241,0.0,0.0008333472224535399,0.5506849315068518,-8.058017727639034e-05
16768,13.973566226103769,0.5503626107977437,560,681,1241,0.0,0.0008333472224535399,0.5506043513295754,-8.058017727639034e-05
16769,13.974399573326222,0.5503626107977437,560,681,1241,0.0,0.0008333472224535399,0.5505237711522991,-8.058017727639034e-05
16770,13.975232920548676,0.5503626107977437,560,681,1241,0.0,0.0008333472224535399,0.5504431909750227,-8.058017727639034e-05
16771,13.976066267771131,0.5503626107977437,560,681,1241,0.0,0.0008333472224553162,0.5503626107977464,-8.058017727639034e-05
16772,13.976899614993584,0.5503626107977437,560,681,1241,0.0,0.0008333472224535399,0.5503626107977464,0.0
16773,13.977732962216038,0.5503626107977437,560,681,1241,0.0,0.0008333472224535399,0.5503626107977464,0.0
16774,13.978566309438492,0.5503626107977437,560,681,1241,0.0,0.0008333472224535399,0.5503626107977464,0.0
16775,13.979399656660945,0.5503626107977437,560,681,1241,0.0,0.0008333472224535399,0.5503626107977464,0.0
16776,13.980233003883399,0.5503626107977437,560,681,1241,0.0,0.0008333472224535399,0.5503626107977464,0.0
16777,13.981066351105852,0.5503626107977437,560,681,1241,0.0,0.0008333472224535399,0.5503626107977464,0.0
16778,13.981899698328306,0.5511684125705076,560,681,1241,0.0008058017727639033,0.0008333472224535399,0.5504431909750228,8.058017727639034e-05
16779,13.98273304555076,0.5503626107977437,560,681,1241,-0.0008058017727639033,0.0008333472224535399,0.5504431909750228,0.0
16780,13.983566392773213,0.5503626107977437,560,681,1241,0.0,0.0008333472224535399,0.5504431909750228,0.0
16781,13.984399739995666,0.5503626107977437,560,681,1241,0.0,0.0008333472224535399,0.5504431909750228,0.0
16782,13.985233087218122,0.5503626107977437,560,681,1241,0.0,0.0008333472224553162,0.5504431909750228,0.0
16783,13.986066434440575,0.5503626107977437,560,681,1241,0.0,0.0008333472224535399,0.5504431909750228,0.0
16784,13.986899781663029,0.5503626107977437,560,681,1241,0.0,0.0008333472224535399,0.5504431909750228,0.0
16785,13.987733128885482,0.5503626107977437,560,681,1241,0.0,0.0008333472224535399,0.5504431909750228,0.0
16786,13.988566476107936,0.5503626107977437,560,681,1241,0.0,0.0008333472224535399,0.5504431909750228,0.0
16787,13.98939982333039,0.5503626107977437,560,681,1241,0.0,0.0008333472224535399,0.5504431909750228,0.0
16788,13.990233170552843,0.5503626107977437,560,681,1241,0.0,0.0008333472224535399,0.5503626107977464,-8.058017727639034e-05
16789,13.991066517775296,0.5503626107977437,560,681,1241,0.0,0.0008333472224535399,0.5503626107977464,0.0
16790,13.99189986499775,0.5503626107977437,560,681,1241,0.0,0.0008333472224535399,0.5503626107977464,0.0
16791,13.992733212220203,0.5503626107977437,560,681,1241,0.0,0.0008333472224535399,0.5503626107977464,0.0
16792,13.993566559442659,0.5503626107977437,560,681,1241,0.0,0.0008333472224553162,0.5503626107977464,0.0
16793,13.994399906665112,0.5503626107977437,560,681,1241,0.0,0.0008333472224535399,0.5503626107977464,0.0
16794,13.995233253887566,0.5503626107977437,560,681,1241,0.0,0.0008333472224535399,0.5503626107977464,0.0
16795,13.99606660111002,0.5503626107977437,560,681,1241,0.0,0.0008333472224535399,0.5503626107977464,0.0
16796,13.996899948332473,0.5503626107977437,560,681,1241,0.0,0.0008333472224535399,0.5503626107977464,0.0
16797,13.997733295554927,0.5503626107977437,560,681,1241,0.0,0.0008333472224535399,0.5503626107977464,0.0
16798,13.99856664277738,0.5503626107977437,560,681,1241,0.0,0.0008333472224535399,0.5503626107977464,0.0
16799,13.999399989999834,0.5503626107977437,560,681,1241,0.0,0.0008333472224535399,0.5503626107977464,0.0
16800,14.000233337222287,0.5503626107977437,560,681,1241,0.0,0.0008333472224535399,0.5503626107977464,0.0
16801,14.00106668444474,0.5503626107977437,560,681,1241,0.0,0.0008333472224535399,0.5503626107977464,0.0
16802,14.001900031667194,0.5503626107977437,560,681,1241,0.0,0.0008333472224535399,0.5503626107977464,0.0
16803,14.00273337888965,0.5503626107977437,560,681,1241,0.0,0.0008333472224553162,0.5503626107977464,0.0
16804,14.003566726112103,0.5503626107977437,560,681,1241,0.0,0.0008333472224535399,0.5503626107977464,0.0
16805,14.004400073334557,0.5503626107977437,560,681,1241,0.0,0.0008333472224535399,0.5503626107977464,0.0
16806,14.00523342055701,0.5503626107977437,560,681,1241,0.0,0.0008333472224535399,0.5503626107977464,0.0
16807,14.006066767779464,0.5503626107977437,560,681,1241,0.0,0.0008333472224535399,0.5503626107977464,0.0
16808,14.006900115001917,0.5511684125705076,560,681,1241,0.0008058017727639033,0.0008333472224535399,0.5504431909750228,8.058017727639034e-05
16809,14.00773346222437,0.5511684125705076,560,681,1241,0.0,0.0008333472224535399,0.5505237711522992,8.058017727639034e-05
16810,14.008566809446824,0.5511684125705076,560,681,1241,0.0,0.0008333472224535399,0.5506043513295755,8.058017727639034e-05
16811,14.009400156669278,0.5511684125705076,560,681,1241,0.0,0.0008333472224535399,0.5506849315068518,8.058017727639034e-05
16812,14.010233503891731,0.5511684125705076,560,681,1241,0.0,0.0008333472224535399,0.5507655116841282,8.058017727639034e-05
16813,14.011066851114187,0.5511684125705076,560,681,1241,0.0,0.0008333472224553162,0.5508460918614045,8.058017727639034e-05
16814,14.01190019833664,0.5511684125705076,560,681,1241,0.0,0.0008333472224535399,0.550926672038681,8.058017727639034e-05
16815,14.012733545559094,0.5511684125705076,560,681,1241,0.0,0.0008333472224535399,0.5510072522159573,8.058017727639034e-05
16816,14.013566892781547,0.5511684125705076,560,681,1241,0.0,0.0008333472224535399,0.5510878323932336,8.058017727639034e-05
16817,14.014400240004,0.5511684125705076,560,681,1241,0.0,0.0008333472224535399,0.55116841257051,8.058017727639034e-05
16818,14.015233587226454,0.5511684125705076,560,681,1241,0.0,0.0008333472224535399,0.5511684125705099,0.0
16819,14.016066934448908,0.5511684125705076,560,681,1241,0.0,0.0008333472224535399,0.5511684125705099,0.0
16820,14.016900281671361,0.5511684125705076,560,681,1241,0.0,0.0008333472224535399,0.5511684125705099,0.0
16821,14.017733628893815,0.5511684125705076,560,681,1241,0.0,0.0008333472224535399,0.5511684125705099,0.0
16822,14.018566976116269,0.5511684125705076,560,681,1241,0.0,0.0008333472224535399,0.5511684125705099,0.0
16823,14.019400323338722,0.5511684125705076,560,681,1241,0.0,0.0008333472224535399,0.5511684125705099,0.0
16824,14.020233670561177,0.5511684125705076,560,681,1241,0.0,0.0008333472224553162,0.5511684125705099,0.0
16825,14.021067017783631,0.5511684125705076,560,681,1241,0.0,0.0008333472224535399,0.5511684125705099,0.0
16826,14.021900365006084,0.5511684125705076,560,681,1241,0.0,0.0008333472224535399,0.5511684125705099,0.0
16827,14.022733712228538,0.5511684125705076,560,681,1241,0.0,0.0008333472224535399,0.5511684125705099,0.0
16828,14.023567059450992,0.5519742143432715,560,681,1241,0.0008058017727639033,0.0008333472224535399,0.5512489927477862,8.058017727639034e-05
16829,14.024400406673445,0.5519742143432715,560,681,1241,0.0,0.0008333472224535399,0.5513295729250626,8.058017727639034e-05
16830,14.025233753895899,0.5519742143432715,560,681,1241,0.0,0.0008333472224535399,0.5514101531023389,8.058017727639034e-05
16831,14.026067101118352,0.5519742143432715,560,681,1241,0.0,0.0008333472224535399,0.5514907332796153,8.058017727639034e-05
16832,14.026900448340806,0.5519742143432715,560,681,1241,0.0,0.0008333472224535399,0.5515713134568916,8.058017727639034e-05
16833,14.02773379556326,0.5519742143432715,560,681,1241,0.0,0.0008333472224535399,0.5516518936341679,8.058017727639034e-05
16834,14.028567142785713,0.5519742143432715,560,681,1241,0.0,0.0008333472224535399,0.5517324738114443,8.058017727639034e-05
16835,14.029400490008168,0.5519742143432715,560,681,1241,0.0,0.0008333472224553162,0.5518130539887206,8.058017727639034e-05
16836,14.030233837230622,0.5519742143432715,560,681,1241,0.0,0.0008333472224535399,0.551893634165997,8.058017727639034e-05
16837,14.031067184453075,0.5519742143432715,560,681,1241,0.0,0.0008333472224535399,0.5519742143432733,8.058017727639034e-05
16838,14.031900531675529,0.5519742143432715,560,681,1241,0.0,0.0008333472224535399,0.5519742143432733,0.0
16839,14.032733878897982,0.5519742143432715,560,681,1241,0.0,0.0008333472224535399,0.5519742143432733,0.0
16840,14.033567226120436,0.5519742143432715,560,681,1241,0.0,0.0008333472224535399,0.5519742143432733,0.0
16841,14.03440057334289,0.5519742143432715,560,681,1241,0.0,0.0008333472224535399,0.5519742143432733,0.0
16842,14.035233920565343,0.5519742143432715,560,681,1241,0.0,0.0008333472224535399,0.5519742143432733,0.0
16843,14.036067267787796,0.5519742143432715,560,681,1241,0.0,0.0008333472224535399,0.5519742143432733,0.0
16844,14.03690061501025,0.5519742143432715,560,681,1241,0.0,0.0008333472224535399,0.5519742143432733,0.0
16845,14.037733962232705,0.5519742143432715,560,681,1241,0.0,0.0008333472224553162,0.5519742143432733,0.0
16846,14.038567309455159,0.5519742143432715,560,681,1241,0.0,0.0008333472224535399,0.5519742143432733,0.0
16847,14.039400656677612,0.5519742143432715,560,681,1241,0.0,0.0008333472224535399,0.5519742143432733,0.0
16848,14.040234003900066,0.5519742143432715,560,681,1241,0.0,0.0008333472224535399,0.5519742143432733,0.0
16849,14.04106735112252,0.5519742143432715,560,681,1241,0.0,0.0008333472224535399,0.5519742143432733,0.0
16850,14.041900698344973,0.5519742143432715,560,681,1241,0.0,0.0008333472224535399,0.5519742143432733,0.0
16851,14.042734045567427,0.5519742143432715,560,681,1241,0.0,0.0008333472224535399,0.5519742143432733,0.0
16852,14.04356739278988,0.5519742143432715,560,681,1241,0.0,0.0008333472224535399,0.5519742143432733,0.0
16853,14.044400740012334,0.5519742143432715,560,681,1241,0.0,0.0008333472224535399,0.5519742143432733,0.0
16854,14.045234087234787,0.5519742143432715,560,681,1241,0.0,0.0008333472224535399,0.5519742143432733,0.0
16855,14.04606743445724,0.5519742143432715,560,681,1241,0.0,0.0008333472224535399,0.5519742143432733,0.0
16856,14.046900781679696,0.5519742143432715,560,681,1241,0.0,0.0008333472224553162,0.5519742143432733,0.0
16857,14.04773412890215,0.5519742143432715,560,681,1241,0.0,0.0008333472224535399,0.5519742143432733,0.0
16858,14.048567476124603,0.5519742143432715,560,681,1241,0.0,0.0008333472224535399,0.5519742143432733,0.0
16859,14.049400823347057,0.5519742143432715,560,681,1241,0.0,0.0008333472224535399,0.5519742143432733,0.0
16860,14.05023417056951,0.5519742143432715,560,681,1241,0.0,0.0008333472224535399,0.5519742143432733,0.0
16861,14.051067517791964,0.5519742143432715,560,681,1241,0.0,0.0008333472224535399,0.5519742143432733,0.0
16862,14.051900865014417,0.5519742143432715,560,681,1241,0.0,0.0008333472224535399,0.5519742143432733,0.0
16863,14.05273421223687,0.5527800161160354,560,681,1241,0.0008058017727639033,0.0008333472224535399,0.5520547945205496,8.058017727639034e-05
16864,14.053567559459324,0.5527800161160354,560,681,1241,0.0,0.0008333472224535399,0.552135374697826,8.058017727639034e-05
16865,14.054400906681778,0.5535858178887993,560,681,1241,0.0008058017727639033,0.0008333472224535399,0.5522965350523787,0.00016116035455278067
16866,14.055234253904233,0.5535858178887993,560,681,1241,0.0,0.0008333472224553162,0.5524576954069316,0.00016116035455278067
16867,14.056067601126687,0.5535858178887993,560,681,1241,0.0,0.0008333472224535399,0.5526188557614844,0.00016116035455278067
16868,14.05690094834914,0.5535858178887993,560,681,1241,0.0,0.0008333472224535399,0.5527800161160371,0.00016116035455278067
16869,14.057734295571594,0.5535858178887993,560,681,1241,0.0,0.0008333472224535399,0.5529411764705899,0.00016116035455278067
16870,14.058567642794047,0.5535858178887993,560,681,1241,0.0,0.0008333472224535399,0.5531023368251426,0.00016116035455278067
16871,14.059400990016501,0.5535858178887993,560,681,1241,0.0,0.0008333472224535399,0.5532634971796955,0.00016116035455278067
16872,14.060234337238954,0.5535858178887993,560,681,1241,0.0,0.0008333472224535399,0.5534246575342483,0.00016116035455278067
16873,14.061067684461408,0.5535858178887993,560,681,1241,0.0,0.0008333472224535399,0.5535052377115246,8.058017727639034e-05
16874,14.061901031683862,0.5535858178887993,560,681,1241,0.0,0.0008333472224535399,0.5535858178888009,8.058017727639034e-05
16875,14.062734378906315,0.5535858178887993,560,681,1241,0.0,0.0008333472224535399,0.5535858178888009,0.0
16876,14.063567726128769,0.5535858178887993,560,681,1241,0.0,0.0008333472224535399,0.5535858178888009,0.0
16877,14.064401073351224,0.5535858178887993,560,681,1241,0.0,0.0008333472224553162,0.5535858178888009,0.0
16878,14.065234420573677,0.5535858178887993,560,681,1241,0.0,0.0008333472224535399,0.5535858178888009,0.0
16879,14.066067767796131,0.5535858178887993,560,681,1241,0.0,0.0008333472224535399,0.5535858178888009,0.0
16880,14.066901115018585,0.5535858178887993,560,681,1241,0.0,0.0008333472224535399,0.5535858178888009,0.0
16881,14.067734462241038,0.5535858178887993,560,681,1241,0.0,0.0008333472224535399,0.5535858178888009,0.0
16882,14.068567809463492,0.5535858178887993,560,681,1241,0.0,0.0008333472224535399,0.5535858178888009,0.0
16883,14.069401156685945,0.5535858178887993,560,681,1241,0.0,0.0008333472224535399,0.5535858178888009,0.0
16884,14.070234503908399,0.5535858178887993,560,681,1241,0.0,0.0008333472224535399,0.5535858178888009,0.0
16885,14.071067851130852,0.5535858178887993,560,681,1241,0.0,0.0008333472224535399,0.5535858178888009,0.0
16886,14.071901198353306,0.5535858178887993,560,681,1241,0.0,0.0008333472224535399,0.5535858178888009,0.0
16887,14.07273454557576,0.5535858178887993,560,681,1241,0.0,0.0008333472224535399,0.5535858178888009,0.0
16888,14.073567892798215,0.5535858178887993,560,681,1241,0.0,0.0008333472224553162,0.5535858178888009,0.0
16889,14.074401240020668,0.5535858178887993,560,681,1241,0.0,0.0008333472224535399,0.5535858178888009,0.0
16890,14.075234587243122,0.5535858178887993,560,681,1241,0.0,0.0008333472224535399,0.5535858178888009,0.0
16891,14.076067934465575,0.5535858178887993,560,681,1241,0.0,0.0008333472224535399,0.5535858178888009,0.0
16892,14.076901281688029,0.5527800161160354,560,681,1241,-0.0008058017727639033,0.0008333472224535399,0.5535052377115245,-8.058017727639034e-05
16893,14.077734628910482,0.5527800161160354,560,681,1241,0.0,0.0008333472224535399,0.5534246575342482,-8.058017727639034e-05
16894,14.078567976132936,0.5527800161160354,560,681,1241,0.0,0.0008333472224535399,0.5533440773569718,-8.058017727639034e-05
16895,14.07940132335539,0.5527800161160354,560,681,1241,0.0,0.0008333472224535399,0.5532634971796955,-8.058017727639034e-05
16896,14.080234670577843,0.5527800161160354,560,681,1241,0.0,0.0008333472224535399,0.5531829170024192,-8.058017727639034e-05
16897,14.081068017800296,0.5527800161160354,560,681,1241,0.0,0.0008333472224535399,0.5531023368251428,-8.058017727639034e-05
16898,14.081901365022752,0.5527800161160354,560,681,1241,0.0,0.0008333472224553162,0.5530217566478665,-8.058017727639034e-05
16899,14.082734712245205,0.5527800161160354,560,681,1241,0.0,0.0008333472224535399,0.55294117647059,-8.058017727639034e-05
16900,14.083568059467659,0.5527800161160354,560,681,1241,0.0,0.0008333472224535399,0.5528605962933137,-8.058017727639034e-05
16901,14.084401406690112,0.5527800161160354,560,681,1241,0.0,0.0008333472224535399,0.5527800161160374,-8.058017727639034e-05
16902,14.085234753912566,0.5527800161160354,560,681,1241,0.0,0.0008333472224535399,0.5527800161160374,0.0
16903,14.08606810113502,0.5527800161160354,560,681,1241,0.0,0.0008333472224535399,0.5527800161160374,0.0
16904,14.086901448357473,0.5527800161160354,560,681,1241,0.0,0.0008333472224535399,0.5527800161160374,0.0
16905,14.087734795579927,0.5527800161160354,560,681,1241,0.0,0.0008333472224535399,0.5527800161160374,0.0
16906,14.08856814280238,0.5527800161160354,560,681,1241,0.0,0.0008333472224535399,0.5527800161160374,0.0
16907,14.089401490024834,0.5527800161160354,560,681,1241,0.0,0.0008333472224535399,0.5527800161160374,0.0
16908,14.090234837247287,0.5527800161160354,560,681,1241,0.0,0.0008333472224535399,0.5527800161160374,0.0
16909,14.091068184469743,0.5519742143432715,560,681,1241,-0.0008058017727639033,0.0008333472224553162,0.5526994359387611,-8.058017727639034e-05
16910,14.091901531692196,0.5519742143432715,560,681,1241,0.0,0.0008333472224535399,0.5526188557614848,-8.058017727639034e-05
16911,14.09273487891465,0.5519742143432715,560,681,1241,0.0,0.0008333472224535399,0.5525382755842084,-8.058017727639034e-05
16912,14.093568226137103,0.5519742143432715,560,681,1241,0.0,0.0008333472224535399,0.5524576954069321,-8.058017727639034e-05
16913,14.094401573359557,0.5519742143432715,560,681,1241,0.0,0.0008333472224535399,0.5523771152296557,-8.058017727639034e-05
16914,14.09523492058201,0.5519742143432715,560,681,1241,0.0,0.0008333472224535399,0.5522965350523794,-8.058017727639034e-05
16915,14.096068267804464,0.5511684125705076,560,681,1241,-0.0008058017727639033,0.0008333472224535399,0.5521353746978267,-0.00016116035455278067
16916,14.096901615026917,0.5511684125705076,560,681,1241,0.0,0.0008333472224535399,0.551974214343274,-0.00016116035455278067
16917,14.09773496224937,0.5511684125705076,560,681,1241,0.0,0.0008333472224535399,0.5518130539887214,-0.00016116035455278067
16918,14.098568309471824,0.5511684125705076,560,681,1241,0.0,0.0008333472224535399,0.5516518936341687,-0.00016116035455278067
16919,14.09940165669428,0.5511684125705076,560,681,1241,0.0,0.0008333472224553162,0.5515713134568923,-8.058017727639034e-05
16920,14.100235003916733,0.5511684125705076,560,681,1241,0.0,0.0008333472224535399,0.551490733279616,-8.058017727639034e-05
16921,14.101068351139187,0.5511684125705076,560,681,1241,0.0,0.0008333472224535399,0.5514101531023397,-8.058017727639034e-05
16922,14.10190169836164,0.5511684125705076,560,681,1241,0.0,0.0008333472224535399,0.5513295729250632,-8.058017727639034e-05
16923,14.102735045584094,0.5511684125705076,560,681,1241,0.0,0.0008333472224535399,0.5512489927477869,-8.058017727639034e-05
16924,14.103568392806547,0.5519742143432715,560,681,1241,0.0008058017727639033,0.0008333472224535399,0.5512489927477869,0.0
16925,14.104401740029001,0.5519742143432715,560,681,1241,0.0,0.0008333472224535399,0.5513295729250632,8.058017727639034e-05
16926,14.105235087251454,0.5519742143432715,560,681,1241,0.0,0.0008333472224535399,0.5514101531023397,8.058017727639034e-05
16927,14.106068434473908,0.5519742143432715,560,681,1241,0.0,0.0008333472224535399,0.551490733279616,8.058017727639034e-05
16928,14.106901781696362,0.5519742143432715,560,681,1241,0.0,0.0008333472224535399,0.5515713134568923,8.058017727639034e-05
16929,14.107735128918815,0.5519742143432715,560,681,1241,0.0,0.0008333472224535399,0.5516518936341687,8.058017727639034e-05
16930,14.10856847614127,0.5519742143432715,560,681,1241,0.0,0.0008333472224553162,0.551732473811445,8.058017727639034e-05
16931,14.109401823363724,0.5519742143432715,560,681,1241,0.0,0.0008333472224535399,0.5518130539887214,8.058017727639034e-05
16932,14.110235170586177,0.5519742143432715,560,681,1241,0.0,0.0008333472224535399,0.5518936341659977,8.058017727639034e-05
16933,14.111068517808631,0.5519742143432715,560,681,1241,0.0,0.0008333472224535399,0.551974214343274,8.058017727639034e-05
16934,14.111901865031085,0.5519742143432715,560,681,1241,0.0,0.0008333472224535399,0.551974214343274,0.0
16935,14.112735212253538,0.5519742143432715,560,681,1241,0.0,0.0008333472224535399,0.551974214343274,0.0
16936,14.113568559475992,0.5527800161160354,560,681,1241,0.0008058017727639033,0.0008333472224535399,0.5520547945205504,8.058017727639034e-05
16937,14.114401906698445,0.5527800161160354,560,681,1241,0.0,0.0008333472224535399,0.5521353746978267,8.058017727639034e-05
16938,14.115235253920899,0.5527800161160354,560,681,1241,0.0,0.0008333472224535399,0.5522159548751031,8.058017727639034e-05
16939,14.116068601143352,0.5527800161160354,560,681,1241,0.0,0.0008333472224535399,0.5522965350523794,8.058017727639034e-05
16940,14.116901948365806,0.5527800161160354,560,681,1241,0.0,0.0008333472224535399,0.5523771152296557,8.058017727639034e-05
16941,14.117735295588261,0.5527800161160354,560,681,1241,0.0,0.0008333472224553162,0.5524576954069321,8.058017727639034e-05
16942,14.118568642810715,0.5527800161160354,560,681,1241,0.0,0.0008333472224535399,0.5525382755842084,8.058017727639034e-05
16943,14.119401990033168,0.5527800161160354,560,681,1241,0.0,0.0008333472224535399,0.5526188557614848,8.058017727639034e-05
16944,14.120235337255622,0.5527800161160354,560,681,1241,0.0,0.0008333472224535399,0.5526994359387611,8.058017727639034e-05
16945,14.121068684478075,0.5527800161160354,560,681,1241,0.0,0.0008333472224535399,0.5527800161160374,8.058017727639034e-05
16946,14.121902031700529,0.5527800161160354,560,681,1241,0.0,0.0008333472224535399,0.5527800161160374,0.0
16947,14.122735378922982,0.5527800161160354,560,681,1241,0.0,0.0008333472224535399,0.5527800161160374,0.0
16948,14.123568726145436,0.5527800161160354,560,681,1241,0.0,0.0008333472224535399,0.5527800161160374,0.0
16949,14.12440207336789,0.5527800161160354,560,681,1241,0.0,0.0008333472224535399,0.5527800161160374,0.0
16950,14.125235420590343,0.5527800161160354,560,681,1241,0.0,0.0008333472224535399,0.5527800161160374,0.0
16951,14.126068767812798,0.5527800161160354,560,681,1241,0.0,0.0008333472224553162,0.5527800161160374,0.0
16952,14.126902115035252,0.5535858178887993,560,681,1241,0.0008058017727639033,0.0008333472224535399,0.5528605962933139,8.058017727639034e-05
16953,14.127735462257705,0.5535858178887993,560,681,1241,0.0,0.0008333472224535399,0.5529411764705902,8.058017727639034e-05
16954,14.128568809480159,0.5535858178887993,560,681,1241,0.0,0.0008333472224535399,0.5530217566478666,8.058017727639034e-05
16955,14.129402156702612,0.5535858178887993,560,681,1241,0.0,0.0008333472224535399,0.5531023368251429,8.058017727639034e-05
16956,14.130235503925066,0.5535858178887993,560,681,1241,0.0,0.0008333472224535399,0.5531829170024192,8.058017727639034e-05
16957,14.13106885114752,0.5535858178887993,560,681,1241,0.0,0.0008333472224535399,0.5532634971796956,8.058017727639034e-05
16958,14.131902198369973,0.5535858178887993,560,681,1241,0.0,0.0008333472224535399,0.5533440773569719,8.058017727639034e-05
16959,14.132735545592427,0.5535858178887993,560,681,1241,0.0,0.0008333472224535399,0.5534246575342483,8.058017727639034e-05
16960,14.13356889281488,0.5535858178887993,560,681,1241,0.0,0.0008333472224535399,0.5535052377115246,8.058017727639034e-05
16961,14.134402240037334,0.5535858178887993,560,681,1241,0.0,0.0008333472224535399,0.5535858178888009,8.058017727639034e-05
16962,14.135235587259789,0.5535858178887993,560,681,1241,0.0,0.0008333472224553162,0.5535858178888009,0.0
16963,14.136068934482243,0.5535858178887993,560,681,1241,0.0,0.0008333472224535399,0.5535858178888009,0.0
16964,14.136902281704696,0.5535858178887993,560,681,1241,0.0,0.0008333472224535399,0.5535858178888009,0.0
16965,14.13773562892715,0.5535858178887993,560,681,1241,0.0,0.0008333472224535399,0.5535858178888009,0.0
16966,14.138568976149603,0.5543916196615633,560,681,1241,0.0008058017727639033,0.0008333472224535399,0.5536663980660774,8.058017727639034e-05
16967,14.139402323372057,0.5543916196615633,560,681,1241,0.0,0.0008333472224535399,0.5537469782433537,8.058017727639034e-05
16968,14.14023567059451,0.5543916196615633,560,681,1241,0.0,0.0008333472224535399,0.55382755842063,8.058017727639034e-05
16969,14.141069017816964,0.5543916196615633,560,681,1241,0.0,0.0008333472224535399,0.5539081385979064,8.058017727639034e-05
16970,14.141902365039417,0.5543916196615633,560,681,1241,0.0,0.0008333472224535399,0.5539887187751827,8.058017727639034e-05
16971,14.14273571226187,0.5543916196615633,560,681,1241,0.0,0.0008333472224535399,0.5540692989524592,8.058017727639034e-05
16972,14.143569059484326,0.5543916196615633,560,681,1241,0.0,0.0008333472224553162,0.5541498791297355,8.058017727639034e-05
16973,14.14440240670678,0.5543916196615633,560,681,1241,0.0,0.0008333472224535399,0.5542304593070118,8.058017727639034e-05
16974,14.145235753929233,0.5543916196615633,560,681,1241,0.0,0.0008333472224535399,0.5543110394842882,8.058017727639034e-05
16975,14.146069101151687,0.5543916196615633,560,681,1241,0.0,0.0008333472224535399,0.5543916196615645,8.058017727639034e-05
16976,14.14690244837414,0.5543916196615633,560,681,1241,0.0,0.0008333472224535399,0.5543916196615644,0.0
16977,14.147735795596594,0.5551974214343272,560,681,1241,0.0008058017727639033,0.0008333472224535399,0.5544721998388408,8.058017727639034e-05
16978,14.148569142819047,0.5560032232070911,560,681,1241,0.0008058017727639033,0.0008333472224535399,0.5546333601933935,0.00016116035455278067
16979,14.149402490041501,0.5560032232070911,560,681,1241,0.0,0.0008333472224535399,0.5547945205479461,0.00016116035455278067
16980,14.150235837263955,0.5560032232070911,560,681,1241,0.0,0.0008333472224535399,0.5549556809024988,0.00016116035455278067
16981,14.151069184486408,0.5560032232070911,560,681,1241,0.0,0.0008333472224535399,0.5551168412570515,0.00016116035455278067
16982,14.151902531708862,0.5560032232070911,560,681,1241,0.0,0.0008333472224535399,0.5552780016116042,0.00016116035455278067
16983,14.152735878931317,0.5560032232070911,560,681,1241,0.0,0.0008333472224553162,0.555439161966157,0.00016116035455278067
16984,14.15356922615377,0.5560032232070911,560,681,1241,0.0,0.0008333472224535399,0.5556003223207095,0.00016116035455278067
16985,14.154402573376224,0.5560032232070911,560,681,1241,0.0,0.0008333472224535399,0.5557614826752623,0.00016116035455278067
16986,14.155235920598678,0.5560032232070911,560,681,1241,0.0,0.0008333472224535399,0.555922643029815,0.00016116035455278067
16987,14.156069267821131,0.5551974214343272,560,681,1241,-0.0008058017727639033,0.0008333472224535399,0.555922643029815,0.0
16988,14.156902615043585,0.5551974214343272,560,681,1241,0.0,0.0008333472224535399,0.5558420628525387,-8.058017727639034e-05
16989,14.157735962266038,0.5560032232070911,560,681,1241,0.0008058017727639033,0.0008333472224535399,0.5558420628525387,0.0
16990,14.158569309488492,0.5560032232070911,560,681,1241,0.0,0.0008333472224535399,0.5558420628525387,0.0
16991,14.159402656710945,0.5560032232070911,560,681,1241,0.0,0.0008333472224535399,0.5558420628525387,0.0
16992,14.160236003933399,0.5560032232070911,560,681,1241,0.0,0.0008333472224535399,0.5558420628525387,0.0
16993,14.161069351155854,0.5551974214343272,560,681,1241,-0.0008058017727639033,0.0008333472224553162,0.5557614826752623,-8.058017727639034e-05
16994,14.161902698378308,0.5551974214343272,560,681,1241,0.0,0.0008333472224535399,0.555680902497986,-8.058017727639034e-05
16995,14.162736045600761,0.5551974214343272,560,681,1241,0.0,0.0008333472224535399,0.5556003223207095,-8.058017727639034e-05
16996,14.163569392823215,0.5551974214343272,560,681,1241,0.0,0.0008333472224535399,0.5555197421434332,-8.058017727639034e-05
16997,14.164402740045668,0.5551974214343272,560,681,1241,0.0,0.0008333472224535399,0.5555197421434332,0.0
16998,14.165236087268122,0.5551974214343272,560,681,1241,0.0,0.0008333472224535399,0.5555197421434332,0.0
16999,14.166069434490575,0.5551974214343272,560,681,1241,0.0,0.0008333472224535399,0.555439161966157,-8.058017727639034e-05
17000,14.166902781713029,0.5551974214343272,560,681,1241,0.0,0.0008333472224535399,0.5553585817888805,-8.058017727639034e-05
17001,14.167736128935482,0.5551974214343272,560,681,1241,0.0,0.0008333472224535399,0.5552780016116042,-8.058017727639034e-05
17002,14.168569476157936,0.5551974214343272,560,681,1241,0.0,0.0008333472224535399,0.5551974214343278,-8.058017727639034e-05
17003,14.16940282338039,0.5543916196615633,560,681,1241,-0.0008058017727639033,0.0008333472224535399,0.5551168412570515,-8.058017727639034e-05
17004,14.170236170602845,0.5543916196615633,560,681,1241,0.0,0.0008333472224553162,0.5550362610797752,-8.058017727639034e-05
17005,14.171069517825298,0.5543916196615633,560,681,1241,0.0,0.0008333472224535399,0.5549556809024988,-8.058017727639034e-05
17006,14.171902865047752,0.5543916196615633,560,681,1241,0.0,0.0008333472224535399,0.5548751007252225,-8.058017727639034e-05
17007,14.172736212270205,0.5543916196615633,560,681,1241,0.0,0.0008333472224535399,0.5547945205479461,-8.058017727639034e-05
17008,14.173569559492659,0.5543916196615633,560,681,1241,0.0,0.0008333472224535399,0.5547139403706698,-8.058017727639034e-05
17009,14.174402906715112,0.5551974214343272,560,681,1241,0.0008058017727639033,0.0008333472224535399,0.5547139403706698,0.0
17010,14.175236253937566,0.5551974214343272,560,681,1241,0.0,0.0008333472224535399,0.5547139403706698,0.0
17011,14.17606960116002,0.5551974214343272,560,681,1241,0.0,0.0008333472224535399,0.5547139403706698,0.0
17012,14.176902948382473,0.5551974214343272,560,681,1241,0.0,0.0008333472224535399,0.5547139403706698,0.0
17013,14.177736295604927,0.5551974214343272,560,681,1241,0.0,0.0008333472224535399,0.5547945205479461,8.058017727639034e-05
17014,14.17856964282738,0.5551974214343272,560,681,1241,0.0,0.0008333472224535399,0.5548751007252225,8.058017727639034e-05
17015,14.179402990049836,0.5551974214343272,560,681,1241,0.0,0.0008333472224553162,0.5549556809024988,8.058017727639034e-05
17016,14.180236337272289,0.5543916196615633,560,681,1241,-0.0008058017727639033,0.0008333472224535399,0.5549556809024988,0.0
17017,14.181069684494743,0.5543916196615633,560,681,1241,0.0,0.0008333472224535399,0.5549556809024988,0.0
17018,14.181903031717196,0.5543916196615633,560,681,1241,0.0,0.0008333472224535399,0.5549556809024988,0.0
17019,14.18273637893965,0.5543916196615633,560,681,1241,0.0,0.0008333472224535399,0.5548751007252225,-8.058017727639034e-05
17020,14.183569726162103,0.5543916196615633,560,681,1241,0.0,0.0008333472224535399,0.5547945205479461,-8.058017727639034e-05
17021,14.184403073384557,0.5543916196615633,560,681,1241,0.0,0.0008333472224535399,0.5547139403706698,-8.058017727639034e-05
17022,14.18523642060701,0.5543916196615633,560,681,1241,0.0,0.0008333472224535399,0.5546333601933935,-8.058017727639034e-05
17023,14.186069767829464,0.5543916196615633,560,681,1241,0.0,0.0008333472224535399,0.5545527800161171,-8.058017727639034e-05
17024,14.186903115051917,0.5535858178887993,560,681,1241,-0.0008058017727639033,0.0008333472224535399,0.5543916196615644,-0.00016116035455278067
17025,14.187736462274373,0.5535858178887993,560,681,1241,0.0,0.0008333472224553162,0.5542304593070115,-0.00016116035455278067
17026,14.188569809496826,0.5535858178887993,560,681,1241,0.0,0.0008333472224535399,0.5541498791297352,-8.058017727639034e-05
17027,14.18940315671928,0.5543916196615633,560,681,1241,0.0008058017727639033,0.0008333472224535399,0.5541498791297352,0.0
17028,14.190236503941733,0.5543916196615633,560,681,1241,0.0,0.0008333472224535399,0.5541498791297352,0.0
17029,14.191069851164187,0.5543916196615633,560,681,1241,0.0,0.0008333472224535399,0.5541498791297352,0.0
17030,14.19190319838664,0.5543916196615633,560,681,1241,0.0,0.0008333472224535399,0.5541498791297352,0.0
17031,14.192736545609094,0.5535858178887993,560,681,1241,-0.0008058017727639033,0.0008333472224535399,0.5540692989524588,-8.058017727639034e-05
17032,14.193569892831547,0.5535858178887993,560,681,1241,0.0,0.0008333472224535399,0.5539887187751825,-8.058017727639034e-05
17033,14.194403240054001,0.5535858178887993,560,681,1241,0.0,0.0008333472224535399,0.5539081385979061,-8.058017727639034e-05
17034,14.195236587276455,0.5535858178887993,560,681,1241,0.0,0.0008333472224535399,0.5539081385979061,0.0
17035,14.196069934498908,0.5535858178887993,560,681,1241,0.0,0.0008333472224535399,0.5539081385979061,0.0
17036,14.196903281721363,0.5535858178887993,560,681,1241,0.0,0.0008333472224553162,0.5539081385979061,0.0
17037,14.197736628943817,0.5543916196615633,560,681,1241,0.0008058017727639033,0.0008333472224535399,0.5539081385979061,0.0
17038,14.19856997616627,0.5543916196615633,560,681,1241,0.0,0.0008333472224535399,0.5539081385979061,0.0
17039,14.199403323388724,0.5543916196615633,560,681,1241,0.0,0.0008333472224535399,0.5539081385979061,0.0
17040,14.200236670611178,0.5551974214343272,560,681,1241,0.0008058017727639033,0.0008333472224535399,0.5539887187751825,8.058017727639034e-05
17041,14.201070017833631,0.5551974214343272,560,681,1241,0.0,0.0008333472224535399,0.5541498791297352,0.00016116035455278067
17042,14.201903365056085,0.5551974214343272,560,681,1241,0.0,0.0008333472224535399,0.5543110394842881,0.00016116035455278067
17043,14.202736712278538,0.5551974214343272,560,681,1241,0.0,0.0008333472224535399,0.5544721998388409,0.00016116035455278067
17044,14.203570059500992,0.5543916196615633,560,681,1241,-0.0008058017727639033,0.0008333472224535399,0.5545527800161172,8.058017727639034e-05
17045,14.204403406723445,0.5543916196615633,560,681,1241,0.0,0.0008333472224535399,0.5546333601933935,8.058017727639034e-05
17046,14.2052367539459,0.5543916196615633,560,681,1241,0.0,0.0008333472224553162,0.5547139403706699,8.058017727639034e-05
17047,14.206070101168354,0.5543916196615633,560,681,1241,0.0,0.0008333472224535399,0.5547139403706698,0.0
17048,14.206903448390808,0.5543916196615633,560,681,1241,0.0,0.0008333472224535399,0.5547139403706698,0.0
17049,14.207736795613261,0.5543916196615633,560,681,1241,0.0,0.0008333472224535399,0.5547139403706698,0.0
17050,14.208570142835715,0.5543916196615633,560,681,1241,0.0,0.0008333472224535399,0.5546333601933935,-8.058017727639034e-05
17051,14.209403490058168,0.5551974214343272,560,681,1241,0.0008058017727639033,0.0008333472224535399,0.5546333601933935,0.0
17052,14.210236837280622,0.5551974214343272,560,681,1241,0.0,0.0008333472224535399,0.5546333601933935,0.0
17053,14.211070184503075,0.5551974214343272,560,681,1241,0.0,0.0008333472224535399,0.5546333601933935,0.0
17054,14.211903531725529,0.5551974214343272,560,681,1241,0.0,0.0008333472224535399,0.5547139403706698,8.058017727639034e-05
17055,14.212736878947982,0.5551974214343272,560,681,1241,0.0,0.0008333472224535399,0.5547945205479461,8.058017727639034e-05
17056,14.213570226170436,0.5551974214343272,560,681,1241,0.0,0.0008333472224535399,0.5548751007252225,8.058017727639034e-05
17057,14.214403573392891,0.5551974214343272,560,681,1241,0.0,0.0008333472224553162,0.5549556809024988,8.058017727639034e-05
17058,14.215236920615345,0.5551974214343272,560,681,1241,0.0,0.0008333472224535399,0.5550362610797752,8.058017727639034e-05
17059,14.216070267837798,0.5543916196615633,560,681,1241,-0.0008058017727639033,0.0008333472224535399,0.5550362610797752,0.0
17060,14.216903615060252,0.5543916196615633,560,681,1241,0.0,0.0008333472224535399,0.5550362610797752,0.0
17061,14.217736962282705,0.5551974214343272,560,681,1241,0.0008058017727639033,0.0008333472224535399,0.5550362610797752,0.0
17062,14.218570309505159,0.5551974214343272,560,681,1241,0.0,0.0008333472224535399,0.5550362610797752,0.0
17063,14.219403656727613,0.5551974214343272,560,681,1241,0.0,0.0008333472224535399,0.5550362610797752,0.0
17064,14.220237003950066,0.5551974214343272,560,681,1241,0.0,0.0008333472224535399,0.5550362610797752,0.0
17065,14.22107035117252,0.5551974214343272,560,681,1241,0.0,0.0008333472224535399,0.5550362610797752,0.0
17066,14.221903698394973,0.5551974214343272,560,681,1241,0.0,0.0008333472224535399,0.5550362610797752,0.0
17067,14.222737045617427,0.5551974214343272,560,681,1241,0.0,0.0008333472224535399,0.5550362610797752,0.0
17068,14.223570392839882,0.5551974214343272,560,681,1241,0.0,0.0008333472224553162,0.5550362610797752,0.0
17069,14.224403740062336,0.5551974214343272,560,681,1241,0.0,0.0008333472224535399,0.5551168412570515,8.058017727639034e-05
17070,14.225237087284789,0.5551974214343272,560,681,1241,0.0,0.0008333472224535399,0.5551974214343278,8.058017727639034e-05
17071,14.226070434507243,0.5551974214343272,560,681,1241,0.0,0.0008333472224535399,0.5551974214343278,0.0
17072,14.226903781729696,0.5551974214343272,560,681,1241,0.0,0.0008333472224535399,0.5551974214343278,0.0
17073,14.22773712895215,0.5551974214343272,560,681,1241,0.0,0.0008333472224535399,0.5551974214343278,0.0
17074,14.228570476174603,0.5551974214343272,560,681,1241,0.0,0.0008333472224535399,0.5551974214343278,0.0
17075,14.229403823397057,0.5551974214343272,560,681,1241,0.0,0.0008333472224535399,0.5551974214343278,0.0
17076,14.23023717061951,0.5551974214343272,560,681,1241,0.0,0.0008333472224535399,0.5551974214343278,0.0
17077,14.231070517841964,0.5560032232070911,560,681,1241,0.0008058017727639033,0.0008333472224535399,0.5552780016116042,8.058017727639034e-05
17078,14.23190386506442,0.556809024979855,560,681,1241,0.0008058017727639033,0.0008333472224553162,0.555439161966157,0.00016116035455278067
17079,14.232737212286873,0.556809024979855,560,681,1241,0.0,0.0008333472224535399,0.5556003223207098,0.00016116035455278067
17080,14.233570559509326,0.556809024979855,560,681,1241,0.0,0.0008333472224535399,0.5557614826752626,0.00016116035455278067
17081,14.23440390673178,0.556809024979855,560,681,1241,0.0,0.0008333472224535399,0.5559226430298153,0.00016116035455278067
17082,14.235237253954233,0.556809024979855,560,681,1241,0.0,0.0008333472224535399,0.5560838033843681,0.00016116035455278067
17083,14.236070601176687,0.5560032232070911,560,681,1241,-0.0008058017727639033,0.0008333472224535399,0.5561643835616445,8.058017727639034e-05
17084,14.23690394839914,0.5560032232070911,560,681,1241,0.0,0.0008333472224535399,0.5562449637389209,8.058017727639034e-05
17085,14.237737295621594,0.5560032232070911,560,681,1241,0.0,0.0008333472224535399,0.5563255439161973,8.058017727639034e-05
17086,14.238570642844047,0.5560032232070911,560,681,1241,0.0,0.0008333472224535399,0.5564061240934736,8.058017727639034e-05
17087,14.239403990066501,0.5560032232070911,560,681,1241,0.0,0.0008333472224535399,0.5564061240934736,0.0
17088,14.240237337288955,0.5560032232070911,560,681,1241,0.0,0.0008333472224535399,0.5563255439161972,-8.058017727639034e-05
17089,14.24107068451141,0.5551974214343272,560,681,1241,-0.0008058017727639033,0.0008333472224553162,0.5561643835616443,-0.00016116035455278067
17090,14.241904031733863,0.5551974214343272,560,681,1241,0.0,0.0008333472224535399,0.5560032232070916,-0.00016116035455278067
17091,14.242737378956317,0.5551974214343272,560,681,1241,0.0,0.0008333472224535399,0.5558420628525388,-0.00016116035455278067
17092,14.24357072617877,0.5551974214343272,560,681,1241,0.0,0.0008333472224535399,0.5556809024979861,-0.00016116035455278067
17093,14.244404073401224,0.5551974214343272,560,681,1241,0.0,0.0008333472224535399,0.5556003223207095,-8.058017727639034e-05
17094,14.245237420623678,0.556809024979855,560,681,1241,0.0016116035455278066,0.0008333472224535399,0.555680902497986,8.058017727639034e-05
17095,14.246070767846131,0.556809024979855,560,681,1241,0.0,0.0008333472224535399,0.5557614826752623,8.058017727639034e-05
17096,14.246904115068585,0.556809024979855,560,681,1241,0.0,0.0008333472224535399,0.5558420628525387,8.058017727639034e-05
17097,14.247737462291038,0.556809024979855,560,681,1241,0.0,0.0008333472224535399,0.555922643029815,8.058017727639034e-05
17098,14.248570809513492,0.556809024979855,560,681,1241,0.0,0.0008333472224535399,0.5560032232070913,8.058017727639034e-05
17099,14.249404156735947,0.556809024979855,560,681,1241,0.0,0.0008333472224553162,0.5561643835616441,0.00016116035455278067
17100,14.2502375039584,0.556809024979855,560,681,1241,0.0,0.0008333472224535399,0.5563255439161969,0.00016116035455278067
17101,14.251070851180854,0.556809024979855,560,681,1241,0.0,0.0008333472224535399,0.5564867042707496,0.00016116035455278067
17102,14.251904198403308,0.556809024979855,560,681,1241,0.0,0.0008333472224535399,0.5566478646253025,0.00016116035455278067
17103,14.252737545625761,0.556809024979855,560,681,1241,0.0,0.0008333472224535399,0.5568090249798552,0.00016116035455278067
17104,14.253570892848215,0.556809024979855,560,681,1241,0.0,0.0008333472224535399,0.5568090249798552,0.0
17105,14.254404240070668,0.556809024979855,560,681,1241,0.0,0.0008333472224535399,0.5568090249798552,0.0
17106,14.255237587293122,0.556809024979855,560,681,1241,0.0,0.0008333472224535399,0.5568090249798552,0.0
17107,14.256070934515575,0.556809024979855,560,681,1241,0.0,0.0008333472224535399,0.5568090249798552,0.0
17108,14.256904281738029,0.556809024979855,560,681,1241,0.0,0.0008333472224535399,0.5568090249798552,0.0
17109,14.257737628960482,0.556809024979855,560,681,1241,0.0,0.0008333472224535399,0.5568090249798552,0.0
17110,14.258570976182938,0.556809024979855,560,681,1241,0.0,0.0008333472224553162,0.5568090249798552,0.0
17111,14.259404323405391,0.556809024979855,560,681,1241,0.0,0.0008333472224535399,0.5568090249798552,0.0
17112,14.260237670627845,0.5560032232070911,560,681,1241,-0.0008058017727639033,0.0008333472224535399,0.5567284448025789,-8.058017727639034e-05
17113,14.261071017850298,0.556809024979855,560,681,1241,0.0008058017727639033,0.0008333472224535399,0.5567284448025789,0.0
17114,14.261904365072752,0.556809024979855,560,681,1241,0.0,0.0008333472224535399,0.5567284448025789,0.0
17115,14.262737712295205,0.556809024979855,560,681,1241,0.0,0.0008333472224535399,0.5567284448025789,0.0
17116,14.263571059517659,0.556809024979855,560,681,1241,0.0,0.0008333472224535399,0.5567284448025789,0.0
17117,14.264404406740113,0.5576148267526189,560,681,1241,0.0008058017727639033,0.0008333472224535399,0.5568090249798552,8.058017727639034e-05
17118,14.265237753962566,0.5576148267526189,560,681,1241,0.0,0.0008333472224535399,0.5568896051571316,8.058017727639034e-05
17119,14.26607110118502,0.5576148267526189,560,681,1241,0.0,0.0008333472224535399,0.5569701853344079,8.058017727639034e-05
17120,14.266904448407473,0.5576148267526189,560,681,1241,0.0,0.0008333472224535399,0.5570507655116843,8.058017727639034e-05
17121,14.267737795629928,0.5576148267526189,560,681,1241,0.0,0.0008333472224553162,0.5571313456889606,8.058017727639034e-05
17122,14.268571142852382,0.5576148267526189,560,681,1241,0.0,0.0008333472224535399,0.5572925060435134,0.00016116035455278067
17123,14.269404490074836,0.5576148267526189,560,681,1241,0.0,0.0008333472224535399,0.5573730862207898,8.058017727639034e-05
17124,14.27023783729729,0.5584206285253828,560,681,1241,0.0008058017727639033,0.0008333472224535399,0.5575342465753426,0.00016116035455278067
17125,14.271071184519743,0.5584206285253828,560,681,1241,0.0,0.0008333472224535399,0.5576954069298954,0.00016116035455278067
17126,14.271904531742196,0.5584206285253828,560,681,1241,0.0,0.0008333472224535399,0.5578565672844482,0.00016116035455278067
17127,14.27273787896465,0.5576148267526189,560,681,1241,-0.0008058017727639033,0.0008333472224535399,0.5578565672844482,0.0
17128,14.273571226187103,0.5576148267526189,560,681,1241,0.0,0.0008333472224535399,0.5578565672844482,0.0
17129,14.274404573409557,0.5576148267526189,560,681,1241,0.0,0.0008333472224535399,0.5578565672844482,0.0
17130,14.27523792063201,0.556809024979855,560,681,1241,-0.0008058017727639033,0.0008333472224535399,0.5577759871071718,-8.058017727639034e-05
17131,14.276071267854466,0.5560032232070911,560,681,1241,-0.0008058017727639033,0.0008333472224553162,0.557614826752619,-0.00016116035455278067
17132,14.27690461507692,0.5560032232070911,560,681,1241,0.0,0.0008333472224535399,0.557453666398066,-0.00016116035455278067
17133,14.277737962299373,0.5551974214343272,560,681,1241,-0.0008058017727639033,0.0008333472224535399,0.5572119258662369,-0.00024174053182917098
17134,14.278571309521826,0.5551974214343272,560,681,1241,0.0,0.0008333472224535399,0.5568896051571313,-0.00032232070910556134
17135,14.27940465674428,0.5551974214343272,560,681,1241,0.0,0.0008333472224535399,0.5565672844480257,-0.00032232070910556134
17136,14.280238003966733,0.5551974214343272,560,681,1241,0.0,0.0008333472224535399,0.5562449637389202,-0.00032232070910556134
17137,14.281071351189187,0.5543916196615633,560,681,1241,-0.0008058017727639033,0.0008333472224535399,0.5559226430298146,-0.00032232070910556134
17138,14.28190469841164,0.5543916196615633,560,681,1241,0.0,0.0008333472224535399,0.5556003223207091,-0.00032232070910556134
17139,14.282738045634094,0.5551974214343272,560,681,1241,0.0008058017727639033,0.0008333472224535399,0.5553585817888799,-0.00024174053182917098
17140,14.283571392856548,0.5551974214343272,560,681,1241,0.0,0.0008333472224535399,0.555197421434327,-0.00016116035455278067
17141,14.284404740079001,0.5551974214343272,560,681,1241,0.0,0.0008333472224535399,0.5551168412570506,-8.058017727639034e-05
17142,14.285238087301456,0.5551974214343272,560,681,1241,0.0,0.0008333472224553162,0.5550362610797743,-8.058017727639034e-05
17143,14.28607143452391,0.5551974214343272,560,681,1241,0.0,0.0008333472224535399,0.5550362610797743,0.0
17144,14.286904781746363,0.5543916196615633,560,681,1241,-0.0008058017727639033,0.0008333472224535399,0.5549556809024979,-8.058017727639034e-05
17145,14.287738128968817,0.5543916196615633,560,681,1241,0.0,0.0008333472224535399,0.5548751007252216,-8.058017727639034e-05
17146,14.28857147619127,0.5543916196615633,560,681,1241,0.0,0.0008333472224535399,0.5547945205479452,-8.058017727639034e-05
17147,14.289404823413724,0.5543916196615633,560,681,1241,0.0,0.0008333472224535399,0.5547945205479452,0.0
17148,14.290238170636178,0.5543916196615633,560,681,1241,0.0,0.0008333472224535399,0.5547945205479452,0.0
17149,14.291071517858631,0.5543916196615633,560,681,1241,0.0,0.0008333472224535399,0.5547139403706689,-8.058017727639034e-05
17150,14.291904865081085,0.5551974214343272,560,681,1241,0.0008058017727639033,0.0008333472224535399,0.5547139403706689,0.0
17151,14.292738212303538,0.5551974214343272,560,681,1241,0.0,0.0008333472224535399,0.5547139403706689,0.0
17152,14.293571559525994,0.5551974214343272,560,681,1241,0.0,0.0008333472224553162,0.5547139403706689,0.0
17153,14.294404906748447,0.5551974214343272,560,681,1241,0.0,0.0008333472224535399,0.5547139403706689,0.0
17154,14.2952382539709,0.5551974214343272,560,681,1241,0.0,0.0008333472224535399,0.5547945205479452,8.058017727639034e-05
17155,14.296071601193354,0.5551974214343272,560,681,1241,0.0,0.0008333472224535399,0.5548751007252216,8.058017727639034e-05
17156,14.296904948415808,0.5551974214343272,560,681,1241,0.0,0.0008333472224535399,0.5549556809024979,8.058017727639034e-05
17157,14.297738295638261,0.5551974214343272,560,681,1241,0.0,0.0008333472224535399,0.5550362610797743,8.058017727639034e-05
17158,14.298571642860715,0.5560032232070911,560,681,1241,0.0008058017727639033,0.0008333472224535399,0.5551974214343269,0.00016116035455278067
17159,14.299404990083168,0.5560032232070911,560,681,1241,0.0,0.0008333472224535399,0.5553585817888796,0.00016116035455278067
17160,14.300238337305622,0.5560032232070911,560,681,1241,0.0,0.0008333472224535399,0.5554391619661561,8.058017727639034e-05
17161,14.301071684528075,0.5560032232070911,560,681,1241,0.0,0.0008333472224535399,0.5555197421434324,8.058017727639034e-05
17162,14.301905031750529,0.5560032232070911,560,681,1241,0.0,0.0008333472224535399,0.5556003223207087,8.058017727639034e-05
17163,14.302738378972984,0.5560032232070911,560,681,1241,0.0,0.0008333472224553162,0.5556809024979851,8.058017727639034e-05
17164,14.303571726195438,0.5560032232070911,560,681,1241,0.0,0.0008333472224535399,0.5557614826752614,8.058017727639034e-05
17165,14.304405073417891,0.5560032232070911,560,681,1241,0.0,0.0008333472224535399,0.5558420628525378,8.058017727639034e-05
17166,14.305238420640345,0.5560032232070911,560,681,1241,0.0,0.0008333472224535399,0.5559226430298141,8.058017727639034e-05
17167,14.306071767862798,0.5560032232070911,560,681,1241,0.0,0.0008333472224535399,0.5560032232070904,8.058017727639034e-05
17168,14.306905115085252,0.5560032232070911,560,681,1241,0.0,0.0008333472224535399,0.5560032232070904,0.0
17169,14.307738462307706,0.5560032232070911,560,681,1241,0.0,0.0008333472224535399,0.5560032232070904,0.0
17170,14.308571809530159,0.556809024979855,560,681,1241,0.0008058017727639033,0.0008333472224535399,0.5560838033843668,8.058017727639034e-05
17171,14.309405156752613,0.556809024979855,560,681,1241,0.0,0.0008333472224535399,0.5561643835616431,8.058017727639034e-05
17172,14.310238503975066,0.556809024979855,560,681,1241,0.0,0.0008333472224535399,0.5562449637389195,8.058017727639034e-05
17173,14.31107185119752,0.556809024979855,560,681,1241,0.0,0.0008333472224535399,0.5563255439161958,8.058017727639034e-05
17174,14.311905198419975,0.5560032232070911,560,681,1241,-0.0008058017727639033,0.0008333472224553162,0.5563255439161958,0.0
17175,14.312738545642429,0.5551974214343272,560,681,1241,-0.0008058017727639033,0.0008333472224535399,0.5562449637389195,-8.058017727639034e-05
17176,14.313571892864882,0.5551974214343272,560,681,1241,0.0,0.0008333472224535399,0.5561643835616431,-8.058017727639034e-05
17177,14.314405240087336,0.5551974214343272,560,681,1241,0.0,0.0008333472224535399,0.5560838033843668,-8.058017727639034e-05
17178,14.31523858730979,0.5551974214343272,560,681,1241,0.0,0.0008333472224535399,0.5560032232070904,-8.058017727639034e-05
17179,14.316071934532243,0.5551974214343272,560,681,1241,0.0,0.0008333472224535399,0.5559226430298141,-8.058017727639034e-05
17180,14.316905281754696,0.5551974214343272,560,681,1241,0.0,0.0008333472224535399,0.5557614826752613,-0.00016116035455278067
17181,14.31773862897715,0.5551974214343272,560,681,1241,0.0,0.0008333472224535399,0.5556003223207086,-0.00016116035455278067
17182,14.318571976199603,0.5551974214343272,560,681,1241,0.0,0.0008333472224535399,0.5554391619661557,-0.00016116035455278067
17183,14.319405323422057,0.5551974214343272,560,681,1241,0.0,0.0008333472224535399,0.555278001611603,-0.00016116035455278067
17184,14.320238670644512,0.5551974214343272,560,681,1241,0.0,0.0008333472224553162,0.5551974214343266,-8.058017727639034e-05
17185,14.321072017866966,0.5551974214343272,560,681,1241,0.0,0.0008333472224535399,0.5551974214343266,0.0
17186,14.32190536508942,0.5551974214343272,560,681,1241,0.0,0.0008333472224535399,0.5551974214343266,0.0
17187,14.322738712311873,0.5543916196615633,560,681,1241,-0.0008058017727639033,0.0008333472224535399,0.5551168412570503,-8.058017727639034e-05
17188,14.323572059534326,0.5543916196615633,560,681,1241,0.0,0.0008333472224535399,0.5550362610797739,-8.058017727639034e-05
17189,14.32440540675678,0.5543916196615633,560,681,1241,0.0,0.0008333472224535399,0.5549556809024976,-8.058017727639034e-05
17190,14.325238753979233,0.5543916196615633,560,681,1241,0.0,0.0008333472224535399,0.5548751007252213,-8.058017727639034e-05
17191,14.326072101201687,0.5551974214343272,560,681,1241,0.0008058017727639033,0.0008333472224535399,0.5548751007252213,0.0
17192,14.32690544842414,0.5551974214343272,560,681,1241,0.0,0.0008333472224535399,0.5548751007252213,0.0
17193,14.327738795646594,0.5551974214343272,560,681,1241,0.0,0.0008333472224535399,0.5548751007252213,0.0
17194,14.328572142869048,0.5551974214343272,560,681,1241,0.0,0.0008333472224535399,0.5548751007252213,0.0
17195,14.329405490091503,0.5551974214343272,560,681,1241,0.0,0.0008333472224553162,0.5548751007252213,0.0
17196,14.330238837313956,0.5551974214343272,560,681,1241,0.0,0.0008333472224535399,0.5548751007252213,0.0
17197,14.33107218453641,0.5551974214343272,560,681,1241,0.0,0.0008333472224535399,0.5549556809024976,8.058017727639034e-05
17198,14.331905531758864,0.5551974214343272,560,681,1241,0.0,0.0008333472224535399,0.5550362610797739,8.058017727639034e-05
17199,14.332738878981317,0.5551974214343272,560,681,1241,0.0,0.0008333472224535399,0.5551168412570503,8.058017727639034e-05
17200,14.33357222620377,0.5551974214343272,560,681,1241,0.0,0.0008333472224535399,0.5551974214343266,8.058017727639034e-05
17201,14.334405573426224,0.5551974214343272,560,681,1241,0.0,0.0008333472224535399,0.5551974214343266,0.0
17202,14.335238920648678,0.5551974214343272,560,681,1241,0.0,0.0008333472224535399,0.5551974214343266,0.0
17203,14.336072267871131,0.5551974214343272,560,681,1241,0.0,0.0008333472224535399,0.5551974214343266,0.0
17204,14.336905615093585,0.5551974214343272,560,681,1241,0.0,0.0008333472224535399,0.5551974214343266,0.0
17205,14.33773896231604,0.5551974214343272,560,681,1241,0.0,0.0008333472224553162,0.5551974214343266,0.0
17206,14.338572309538494,0.5543916196615633,560,681,1241,-0.0008058017727639033,0.0008333472224535399,0.5551168412570503,-8.058017727639034e-05
17207,14.339405656760947,0.5543916196615633,560,681,1241,0.0,0.0008333472224535399,0.5550362610797739,-8.058017727639034e-05
17208,14.3402390039834,0.5543916196615633,560,681,1241,0.0,0.0008333472224535399,0.5549556809024976,-8.058017727639034e-05
17209,14.341072351205854,0.5551974214343272,560,681,1241,0.0008058017727639033,0.0008333472224535399,0.5549556809024976,0.0
17210,14.341905698428308,0.5551974214343272,560,681,1241,0.0,0.0008333472224535399,0.5549556809024976,0.0
17211,14.342739045650761,0.5551974214343272,560,681,1241,0.0,0.0008333472224535399,0.5549556809024976,0.0
17212,14.343572392873215,0.5551974214343272,560,681,1241,0.0,0.0008333472224535399,0.5549556809024976,0.0
17213,14.344405740095668,0.5551974214343272,560,681,1241,0.0,0.0008333472224535399,0.5549556809024976,0.0
17214,14.345239087318122,0.5551974214343272,560,681,1241,0.0,0.0008333472224535399,0.5549556809024976,0.0
17215,14.346072434540575,0.5551974214343272,560,681,1241,0.0,0.0008333472224535399,0.5549556809024976,0.0
17216,14.34690578176303,0.5551974214343272,560,681,1241,0.0,0.0008333472224553162,0.5550362610797739,8.058017727639034e-05
17217,14.347739128985484,0.5551974214343272,560,681,1241,0.0,0.0008333472224535399,0.5551168412570503,8.058017727639034e-05
17218,14.348572476207938,0.5543916196615633,560,681,1241,-0.0008058017727639033,0.0008333472224535399,0.5551168412570503,0.0
17219,14.349405823430391,0.5543916196615633,560,681,1241,0.0,0.0008333472224535399,0.5550362610797739,-8.058017727639034e-05
17220,14.350239170652845,0.5543916196615633,560,681,1241,0.0,0.0008333472224535399,0.5549556809024976,-8.058017727639034e-05
17221,14.351072517875298,0.5543916196615633,560,681,1241,0.0,0.0008333472224535399,0.5548751007252213,-8.058017727639034e-05
17222,14.351905865097752,0.5543916196615633,560,681,1241,0.0,0.0008333472224535399,0.5547945205479449,-8.058017727639034e-05
17223,14.352739212320206,0.5543916196615633,560,681,1241,0.0,0.0008333472224535399,0.5547139403706686,-8.058017727639034e-05
17224,14.353572559542659,0.5543916196615633,560,681,1241,0.0,0.0008333472224535399,0.5546333601933922,-8.058017727639034e-05
17225,14.354405906765113,0.5543916196615633,560,681,1241,0.0,0.0008333472224535399,0.5545527800161159,-8.058017727639034e-05
17226,14.355239253987568,0.5543916196615633,560,681,1241,0.0,0.0008333472224553162,0.5544721998388396,-8.058017727639034e-05
17227,14.356072601210021,0.5543916196615633,560,681,1241,0.0,0.0008333472224535399,0.5543916196615631,-8.058017727639034e-05
17228,14.356905948432475,0.5543916196615633,560,681,1241,0.0,0.0008333472224535399,0.5543916196615631,0.0
17229,14.357739295654929,0.5543916196615633,560,681,1241,0.0,0.0008333472224535399,0.5543916196615631,0.0
17230,14.358572642877382,0.5535858178887993,560,681,1241,-0.0008058017727639033,0.0008333472224535399,0.5543110394842868,-8.058017727639034e-05
17231,14.359405990099836,0.5527800161160354,560,681,1241,-0.0008058017727639033,0.0008333472224535399,0.5541498791297339,-0.00016116035455278067
17232,14.36023933732229,0.5527800161160354,560,681,1241,0.0,0.0008333472224535399,0.5539887187751811,-0.00016116035455278067
17233,14.361072684544743,0.5527800161160354,560,681,1241,0.0,0.0008333472224535399,0.5538275584206283,-0.00016116035455278067
17234,14.361906031767196,0.5527800161160354,560,681,1241,0.0,0.0008333472224535399,0.5536663980660753,-0.00016116035455278067
17235,14.36273937898965,0.5527800161160354,560,681,1241,0.0,0.0008333472224535399,0.5535052377115225,-0.00016116035455278067
17236,14.363572726212103,0.5527800161160354,560,681,1241,0.0,0.0008333472224535399,0.5533440773569696,-0.00016116035455278067
17237,14.364406073434559,0.5527800161160354,560,681,1241,0.0,0.0008333472224553162,0.5531829170024167,-0.00016116035455278067
17238,14.365239420657012,0.5527800161160354,560,681,1241,0.0,0.0008333472224535399,0.5530217566478639,-0.00016116035455278067
17239,14.366072767879466,0.5527800161160354,560,681,1241,0.0,0.0008333472224535399,0.552860596293311,-0.00016116035455278067
17240,14.36690611510192,0.5527800161160354,560,681,1241,0.0,0.0008333472224535399,0.5527800161160346,-8.058017727639034e-05
17241,14.367739462324373,0.5527800161160354,560,681,1241,0.0,0.0008333472224535399,0.5527800161160347,0.0
17242,14.368572809546826,0.5527800161160354,560,681,1241,0.0,0.0008333472224535399,0.5527800161160347,0.0
17243,14.36940615676928,0.5535858178887993,560,681,1241,0.0008058017727639033,0.0008333472224535399,0.552860596293311,8.058017727639034e-05
17244,14.370239503991733,0.5535858178887993,560,681,1241,0.0,0.0008333472224535399,0.5529411764705874,8.058017727639034e-05
17245,14.371072851214187,0.5535858178887993,560,681,1241,0.0,0.0008333472224535399,0.5530217566478637,8.058017727639034e-05
17246,14.37190619843664,0.5535858178887993,560,681,1241,0.0,0.0008333472224535399,0.55310233682514,8.058017727639034e-05
17247,14.372739545659094,0.5535858178887993,560,681,1241,0.0,0.0008333472224535399,0.5531829170024164,8.058017727639034e-05
17248,14.37357289288155,0.5535858178887993,560,681,1241,0.0,0.0008333472224553162,0.5532634971796927,8.058017727639034e-05
17249,14.374406240104003,0.5535858178887993,560,681,1241,0.0,0.0008333472224535399,0.5533440773569691,8.058017727639034e-05
17250,14.375239587326456,0.5535858178887993,560,681,1241,0.0,0.0008333472224535399,0.5534246575342454,8.058017727639034e-05
17251,14.37607293454891,0.5535858178887993,560,681,1241,0.0,0.0008333472224535399,0.5535052377115217,8.058017727639034e-05
17252,14.376906281771364,0.5535858178887993,560,681,1241,0.0,0.0008333472224535399,0.5535858178887981,8.058017727639034e-05
17253,14.377739628993817,0.5535858178887993,560,681,1241,0.0,0.0008333472224535399,0.5535858178887981,0.0
17254,14.37857297621627,0.5543916196615633,560,681,1241,0.0008058017727639033,0.0008333472224535399,0.5536663980660745,8.058017727639034e-05
17255,14.379406323438724,0.5543916196615633,560,681,1241,0.0,0.0008333472224535399,0.5537469782433508,8.058017727639034e-05
17256,14.380239670661178,0.5543916196615633,560,681,1241,0.0,0.0008333472224535399,0.5538275584206273,8.058017727639034e-05
17257,14.381073017883631,0.5543916196615633,560,681,1241,0.0,0.0008333472224535399,0.5539081385979036,8.058017727639034e-05
17258,14.381906365106087,0.5543916196615633,560,681,1241,0.0,0.0008333472224553162,0.55398871877518,8.058017727639034e-05
17259,14.38273971232854,0.5543916196615633,560,681,1241,0.0,0.0008333472224535399,0.5540692989524563,8.058017727639034e-05
17260,14.383573059550994,0.5543916196615633,560,681,1241,0.0,0.0008333472224535399,0.5541498791297326,8.058017727639034e-05
17261,14.384406406773447,0.5543916196615633,560,681,1241,0.0,0.0008333472224535399,0.554230459307009,8.058017727639034e-05
17262,14.3852397539959,0.5543916196615633,560,681,1241,0.0,0.0008333472224535399,0.5543110394842853,8.058017727639034e-05
17263,14.386073101218354,0.5543916196615633,560,681,1241,0.0,0.0008333472224535399,0.5543916196615617,8.058017727639034e-05
17264,14.386906448440808,0.5543916196615633,560,681,1241,0.0,0.0008333472224535399,0.5543916196615616,0.0
17265,14.387739795663261,0.5543916196615633,560,681,1241,0.0,0.0008333472224535399,0.5543916196615616,0.0
17266,14.388573142885715,0.5543916196615633,560,681,1241,0.0,0.0008333472224535399,0.5543916196615616,0.0
17267,14.389406490108168,0.5543916196615633,560,681,1241,0.0,0.0008333472224535399,0.5543916196615616,0.0
17268,14.390239837330622,0.5543916196615633,560,681,1241,0.0,0.0008333472224535399,0.5543916196615616,0.0
17269,14.391073184553077,0.5543916196615633,560,681,1241,0.0,0.0008333472224553162,0.5543916196615616,0.0
17270,14.39190653177553,0.5535858178887993,560,681,1241,-0.0008058017727639033,0.0008333472224535399,0.5543110394842852,-8.058017727639034e-05
17271,14.392739878997984,0.5535858178887993,560,681,1241,0.0,0.0008333472224535399,0.5542304593070089,-8.058017727639034e-05
17272,14.393573226220438,0.5535858178887993,560,681,1241,0.0,0.0008333472224535399,0.5541498791297326,-8.058017727639034e-05
17273,14.394406573442891,0.5535858178887993,560,681,1241,0.0,0.0008333472224535399,0.5540692989524562,-8.058017727639034e-05
17274,14.395239920665345,0.5535858178887993,560,681,1241,0.0,0.0008333472224535399,0.5539887187751799,-8.058017727639034e-05
17275,14.396073267887799,0.5535858178887993,560,681,1241,0.0,0.0008333472224535399,0.5539081385979034,-8.058017727639034e-05
17276,14.396906615110252,0.5535858178887993,560,681,1241,0.0,0.0008333472224535399,0.5538275584206271,-8.058017727639034e-05
17277,14.397739962332706,0.5535858178887993,560,681,1241,0.0,0.0008333472224535399,0.5537469782433508,-8.058017727639034e-05
17278,14.39857330955516,0.5543916196615633,560,681,1241,0.0008058017727639033,0.0008333472224535399,0.5537469782433508,0.0
17279,14.399406656777614,0.5543916196615633,560,681,1241,0.0,0.0008333472224553162,0.5537469782433508,0.0
17280,14.400240004000068,0.5543916196615633,560,681,1241,0.0,0.0008333472224535399,0.5538275584206273,8.058017727639034e-05
17281,14.401073351222522,0.5535858178887993,560,681,1241,-0.0008058017727639033,0.0008333472224535399,0.5538275584206273,0.0
17282,14.401906698444975,0.5535858178887993,560,681,1241,0.0,0.0008333472224535399,0.5538275584206273,0.0
17283,14.402740045667429,0.5535858178887993,560,681,1241,0.0,0.0008333472224535399,0.5538275584206273,0.0
17284,14.403573392889882,0.5535858178887993,560,681,1241,0.0,0.0008333472224535399,0.5538275584206273,0.0
17285,14.404406740112336,0.5535858178887993,560,681,1241,0.0,0.0008333472224535399,0.5538275584206273,0.0
17286,14.40524008733479,0.5535858178887993,560,681,1241,0.0,0.0008333472224535399,0.5538275584206273,0.0
17287,14.406073434557243,0.5527800161160354,560,681,1241,-0.0008058017727639033,0.0008333472224535399,0.5537469782433508,-8.058017727639034e-05
17288,14.406906781779696,0.5527800161160354,560,681,1241,0.0,0.0008333472224535399,0.5535858178887981,-0.00016116035455278067
17289,14.40774012900215,0.5527800161160354,560,681,1241,0.0,0.0008333472224535399,0.5534246575342452,-0.00016116035455278067
17290,14.408573476224605,0.5527800161160354,560,681,1241,0.0,0.0008333472224553162,0.5532634971796924,-0.00016116035455278067
17291,14.409406823447059,0.5527800161160354,560,681,1241,0.0,0.0008333472224535399,0.553182917002416,-8.058017727639034e-05
17292,14.410240170669512,0.5527800161160354,560,681,1241,0.0,0.0008333472224535399,0.5531023368251395,-8.058017727639034e-05
17293,14.411073517891966,0.5527800161160354,560,681,1241,0.0,0.0008333472224535399,0.5530217566478632,-8.058017727639034e-05
17294,14.41190686511442,0.5535858178887993,560,681,1241,0.0008058017727639033,0.0008333472224535399,0.5530217566478632,0.0
17295,14.412740212336873,0.5527800161160354,560,681,1241,-0.0008058017727639033,0.0008333472224535399,0.5529411764705869,-8.058017727639034e-05
17296,14.413573559559326,0.5527800161160354,560,681,1241,0.0,0.0008333472224535399,0.5528605962933105,-8.058017727639034e-05
17297,14.41440690678178,0.5527800161160354,560,681,1241,0.0,0.0008333472224535399,0.5528605962933106,0.0
17298,14.415240254004233,0.5527800161160354,560,681,1241,0.0,0.0008333472224535399,0.5528605962933106,0.0
17299,14.416073601226687,0.5527800161160354,560,681,1241,0.0,0.0008333472224535399,0.5528605962933106,0.0
17300,14.41690694844914,0.5527800161160354,560,681,1241,0.0,0.0008333472224535399,0.5528605962933106,0.0
17301,14.417740295671596,0.5527800161160354,560,681,1241,0.0,0.0008333472224553162,0.5528605962933106,0.0
17302,14.41857364289405,0.5527800161160354,560,681,1241,0.0,0.0008333472224535399,0.5528605962933106,0.0
17303,14.419406990116503,0.5527800161160354,560,681,1241,0.0,0.0008333472224535399,0.5528605962933106,0.0
17304,14.420240337338956,0.5527800161160354,560,681,1241,0.0,0.0008333472224535399,0.5527800161160342,-8.058017727639034e-05
17305,14.42107368456141,0.5527800161160354,560,681,1241,0.0,0.0008333472224535399,0.5527800161160343,0.0
17306,14.421907031783864,0.5527800161160354,560,681,1241,0.0,0.0008333472224535399,0.5527800161160343,0.0
17307,14.422740379006317,0.5527800161160354,560,681,1241,0.0,0.0008333472224535399,0.5527800161160343,0.0
17308,14.42357372622877,0.5527800161160354,560,681,1241,0.0,0.0008333472224535399,0.5527800161160343,0.0
17309,14.424407073451224,0.5527800161160354,560,681,1241,0.0,0.0008333472224535399,0.5527800161160343,0.0
17310,14.425240420673678,0.5527800161160354,560,681,1241,0.0,0.0008333472224535399,0.5527800161160343,0.0
17311,14.426073767896133,0.5527800161160354,560,681,1241,0.0,0.0008333472224553162,0.5527800161160343,0.0
17312,14.426907115118587,0.5527800161160354,560,681,1241,0.0,0.0008333472224535399,0.5527800161160343,0.0
17313,14.42774046234104,0.5527800161160354,560,681,1241,0.0,0.0008333472224535399,0.5527800161160343,0.0
17314,14.428573809563494,0.5527800161160354,560,681,1241,0.0,0.0008333472224535399,0.5527800161160343,0.0
17315,14.429407156785947,0.5527800161160354,560,681,1241,0.0,0.0008333472224535399,0.5527800161160343,0.0
17316,14.4302405040084,0.5527800161160354,560,681,1241,0.0,0.0008333472224535399,0.5527800161160343,0.0
17317,14.431073851230854,0.5527800161160354,560,681,1241,0.0,0.0008333472224535399,0.5527800161160343,0.0
17318,14.431907198453308,0.5527800161160354,560,681,1241,0.0,0.0008333472224535399,0.5527800161160343,0.0
17319,14.432740545675761,0.5527800161160354,560,681,1241,0.0,0.0008333472224535399,0.5527800161160343,0.0
17320,14.433573892898215,0.5527800161160354,560,681,1241,0.0,0.0008333472224535399,0.5527800161160343,0.0
17321,14.434407240120668,0.5527800161160354,560,681,1241,0.0,0.0008333472224535399,0.5527800161160343,0.0
17322,14.435240587343124,0.5527800161160354,560,681,1241,0.0,0.0008333472224553162,0.5527800161160343,0.0
17323,14.436073934565577,0.5527800161160354,560,681,1241,0.0,0.0008333472224535399,0.5527800161160343,0.0
17324,14.43690728178803,0.5527800161160354,560,681,1241,0.0,0.0008333472224535399,0.5527800161160343,0.0
17325,14.437740629010484,0.5527800161160354,560,681,1241,0.0,0.0008333472224535399,0.5527800161160343,0.0
17326,14.438573976232938,0.5527800161160354,560,681,1241,0.0,0.0008333472224535399,0.5527800161160343,0.0
17327,14.439407323455391,0.5527800161160354,560,681,1241,0.0,0.0008333472224535399,0.5527800161160343,0.0
17328,14.440240670677845,0.5527800161160354,560,681,1241,0.0,0.0008333472224535399,0.5527800161160343,0.0
17329,14.441074017900299,0.5527800161160354,560,681,1241,0.0,0.0008333472224535399,0.5527800161160343,0.0
17330,14.441907365122752,0.5527800161160354,560,681,1241,0.0,0.0008333472224535399,0.5527800161160343,0.0
17331,14.442740712345206,0.5527800161160354,560,681,1241,0.0,0.0008333472224535399,0.5527800161160343,0.0
17332,14.443574059567661,0.5527800161160354,560,681,1241,0.0,0.0008333472224553162,0.5527800161160343,0.0
17333,14.444407406790114,0.5527800161160354,560,681,1241,0.0,0.0008333472224535399,0.5527800161160343,0.0
17334,14.445240754012568,0.5527800161160354,560,681,1241,0.0,0.0008333472224535399,0.5527800161160343,0.0
17335,14.446074101235022,0.5527800161160354,560,681,1241,0.0,0.0008333472224535399,0.5527800161160343,0.0
17336,14.446907448457475,0.5527800161160354,560,681,1241,0.0,0.0008333472224535399,0.5527800161160343,0.0
17337,14.447740795679929,0.5527800161160354,560,681,1241,0.0,0.0008333472224535399,0.5527800161160343,0.0
17338,14.448574142902382,0.5527800161160354,560,681,1241,0.0,0.0008333472224535399,0.5527800161160343,0.0
17339,14.449407490124836,0.5527800161160354,560,681,1241,0.0,0.0008333472224535399,0.5527800161160343,0.0
17340,14.45024083734729,0.5527800161160354,560,681,1241,0.0,0.0008333472224535399,0.5527800161160343,0.0
17341,14.451074184569743,0.5527800161160354,560,681,1241,0.0,0.0008333472224535399,0.5527800161160343,0.0
17342,14.451907531792196,0.5527800161160354,560,681,1241,0.0,0.0008333472224535399,0.5527800161160343,0.0
17343,14.452740879014652,0.5527800161160354,560,681,1241,0.0,0.0008333472224553162,0.5527800161160343,0.0
17344,14.453574226237105,0.5519742143432715,560,681,1241,-0.0008058017727639033,0.0008333472224535399,0.5526994359387579,-8.058017727639034e-05
17345,14.454407573459559,0.5519742143432715,560,681,1241,0.0,0.0008333472224535399,0.5526188557614816,-8.058017727639034e-05
17346,14.455240920682012,0.5519742143432715,560,681,1241,0.0,0.0008333472224535399,0.5525382755842052,-8.058017727639034e-05
17347,14.456074267904466,0.5511684125705076,560,681,1241,-0.0008058017727639033,0.0008333472224535399,0.5523771152296526,-0.00016116035455278067
17348,14.45690761512692,0.5511684125705076,560,681,1241,0.0,0.0008333472224535399,0.5522159548750999,-0.00016116035455278067
17349,14.457740962349373,0.5511684125705076,560,681,1241,0.0,0.0008333472224535399,0.5520547945205472,-0.00016116035455278067
17350,14.458574309571826,0.5511684125705076,560,681,1241,0.0,0.0008333472224535399,0.5518936341659945,-0.00016116035455278067
17351,14.45940765679428,0.5511684125705076,560,681,1241,0.0,0.0008333472224535399,0.5517324738114417,-0.00016116035455278067
17352,14.460241004016734,0.5511684125705076,560,681,1241,0.0,0.0008333472224535399,0.5515713134568891,-0.00016116035455278067
17353,14.461074351239187,0.5511684125705076,560,681,1241,0.0,0.0008333472224535399,0.5514101531023364,-0.00016116035455278067
17354,14.461907698461642,0.5511684125705076,560,681,1241,0.0,0.0008333472224553162,0.55132957292506,-8.058017727639034e-05
17355,14.462741045684096,0.5503626107977437,560,681,1241,-0.0008058017727639033,0.0008333472224535399,0.5511684125705073,-0.00016116035455278067
17356,14.46357439290655,0.5503626107977437,560,681,1241,0.0,0.0008333472224535399,0.5510072522159545,-0.00016116035455278067
17357,14.464407740129003,0.5503626107977437,560,681,1241,0.0,0.0008333472224535399,0.5509266720386782,-8.058017727639034e-05
17358,14.465241087351457,0.5503626107977437,560,681,1241,0.0,0.0008333472224535399,0.5508460918614018,-8.058017727639034e-05
17359,14.46607443457391,0.5503626107977437,560,681,1241,0.0,0.0008333472224535399,0.5507655116841255,-8.058017727639034e-05
17360,14.466907781796364,0.5503626107977437,560,681,1241,0.0,0.0008333472224535399,0.5506849315068492,-8.058017727639034e-05
17361,14.467741129018817,0.5503626107977437,560,681,1241,0.0,0.0008333472224535399,0.5506043513295727,-8.058017727639034e-05
17362,14.46857447624127,0.5503626107977437,560,681,1241,0.0,0.0008333472224535399,0.5505237711522964,-8.058017727639034e-05
17363,14.469407823463724,0.5511684125705076,560,681,1241,0.0008058017727639033,0.0008333472224535399,0.5505237711522964,0.0
17364,14.47024117068618,0.5511684125705076,560,681,1241,0.0,0.0008333472224553162,0.5505237711522964,0.0
17365,14.471074517908633,0.5511684125705076,560,681,1241,0.0,0.0008333472224535399,0.5506043513295729,8.058017727639034e-05
17366,14.471907865131087,0.5511684125705076,560,681,1241,0.0,0.0008333472224535399,0.5506849315068492,8.058017727639034e-05
17367,14.47274121235354,0.5511684125705076,560,681,1241,0.0,0.0008333472224535399,0.5507655116841256,8.058017727639034e-05
17368,14.473574559575994,0.5511684125705076,560,681,1241,0.0,0.0008333472224535399,0.5508460918614019,8.058017727639034e-05
17369,14.474407906798447,0.5511684125705076,560,681,1241,0.0,0.0008333472224535399,0.5509266720386783,8.058017727639034e-05
17370,14.4752412540209,0.5511684125705076,560,681,1241,0.0,0.0008333472224535399,0.5510072522159546,8.058017727639034e-05
17371,14.476074601243354,0.5511684125705076,560,681,1241,0.0,0.0008333472224535399,0.5510878323932309,8.058017727639034e-05
17372,14.476907948465808,0.5511684125705076,560,681,1241,0.0,0.0008333472224535399,0.5511684125705073,8.058017727639034e-05
17373,14.477741295688261,0.5511684125705076,560,681,1241,0.0,0.0008333472224535399,0.5511684125705072,0.0
17374,14.478574642910715,0.5511684125705076,560,681,1241,0.0,0.0008333472224535399,0.5511684125705072,0.0
17375,14.47940799013317,0.5511684125705076,560,681,1241,0.0,0.0008333472224553162,0.5511684125705072,0.0
17376,14.480241337355624,0.5511684125705076,560,681,1241,0.0,0.0008333472224535399,0.5511684125705072,0.0
17377,14.481074684578077,0.5511684125705076,560,681,1241,0.0,0.0008333472224535399,0.5511684125705072,0.0
17378,14.48190803180053,0.5511684125705076,560,681,1241,0.0,0.0008333472224535399,0.5511684125705072,0.0
17379,14.482741379022984,0.5511684125705076,560,681,1241,0.0,0.0008333472224535399,0.5511684125705072,0.0
17380,14.483574726245438,0.5511684125705076,560,681,1241,0.0,0.0008333472224535399,0.5511684125705072,0.0
17381,14.484408073467891,0.5511684125705076,560,681,1241,0.0,0.0008333472224535399,0.5511684125705072,0.0
17382,14.485241420690345,0.5511684125705076,560,681,1241,0.0,0.0008333472224535399,0.5511684125705072,0.0
17383,14.486074767912799,0.5511684125705076,560,681,1241,0.0,0.0008333472224535399,0.5511684125705072,0.0
17384,14.486908115135252,0.5503626107977437,560,681,1241,-0.0008058017727639033,0.0008333472224535399,0.5510878323932309,-8.058017727639034e-05
17385,14.487741462357707,0.5503626107977437,560,681,1241,0.0,0.0008333472224553162,0.5510072522159545,-8.058017727639034e-05
17386,14.488574809580161,0.5503626107977437,560,681,1241,0.0,0.0008333472224535399,0.5509266720386782,-8.058017727639034e-05
17387,14.489408156802615,0.5503626107977437,560,681,1241,0.0,0.0008333472224535399,0.5508460918614018,-8.058017727639034e-05
17388,14.490241504025068,0.5503626107977437,560,681,1241,0.0,0.0008333472224535399,0.5507655116841255,-8.058017727639034e-05
17389,14.491074851247522,0.5503626107977437,560,681,1241,0.0,0.0008333472224535399,0.5506849315068492,-8.058017727639034e-05
17390,14.491908198469975,0.5503626107977437,560,681,1241,0.0,0.0008333472224535399,0.5506043513295727,-8.058017727639034e-05
17391,14.492741545692429,0.5511684125705076,560,681,1241,0.0008058017727639033,0.0008333472224535399,0.5506043513295727,0.0
17392,14.493574892914882,0.5511684125705076,560,681,1241,0.0,0.0008333472224535399,0.5506043513295727,0.0
17393,14.494408240137336,0.5511684125705076,560,681,1241,0.0,0.0008333472224535399,0.5506043513295727,0.0
17394,14.49524158735979,0.5511684125705076,560,681,1241,0.0,0.0008333472224535399,0.5506849315068492,8.058017727639034e-05
17395,14.496074934582243,0.5511684125705076,560,681,1241,0.0,0.0008333472224535399,0.5507655116841256,8.058017727639034e-05
17396,14.496908281804698,0.5511684125705076,560,681,1241,0.0,0.0008333472224553162,0.5508460918614019,8.058017727639034e-05
17397,14.497741629027152,0.5511684125705076,560,681,1241,0.0,0.0008333472224535399,0.5509266720386783,8.058017727639034e-05
17398,14.498574976249605,0.5511684125705076,560,681,1241,0.0,0.0008333472224535399,0.5510072522159546,8.058017727639034e-05
17399,14.499408323472059,0.5511684125705076,560,681,1241,0.0,0.0008333472224535399,0.5510878323932309,8.058017727639034e-05
17400,14.500241670694512,0.5511684125705076,560,681,1241,0.0,0.0008333472224535399,0.5511684125705073,8.058017727639034e-05
17401,14.501075017916966,0.5511684125705076,560,681,1241,0.0,0.0008333472224535399,0.5511684125705072,0.0
17402,14.50190836513942,0.5511684125705076,560,681,1241,0.0,0.0008333472224535399,0.5511684125705072,0.0
17403,14.502741712361873,0.5511684125705076,560,681,1241,0.0,0.0008333472224535399,0.5511684125705072,0.0
17404,14.503575059584326,0.5511684125705076,560,681,1241,0.0,0.0008333472224535399,0.5511684125705072,0.0
17405,14.50440840680678,0.5511684125705076,560,681,1241,0.0,0.0008333472224535399,0.5511684125705072,0.0
17406,14.505241754029234,0.5511684125705076,560,681,1241,0.0,0.0008333472224535399,0.5511684125705072,0.0
17407,14.506075101251689,0.5511684125705076,560,681,1241,0.0,0.0008333472224553162,0.5511684125705072,0.0
17408,14.506908448474142,0.5511684125705076,560,681,1241,0.0,0.0008333472224535399,0.5511684125705072,0.0
17409,14.507741795696596,0.5511684125705076,560,681,1241,0.0,0.0008333472224535399,0.5511684125705072,0.0
17410,14.50857514291905,0.5511684125705076,560,681,1241,0.0,0.0008333472224535399,0.5511684125705072,0.0
17411,14.509408490141503,0.5511684125705076,560,681,1241,0.0,0.0008333472224535399,0.5511684125705072,0.0
17412,14.510241837363957,0.5511684125705076,560,681,1241,0.0,0.0008333472224535399,0.5511684125705072,0.0
17413,14.51107518458641,0.5511684125705076,560,681,1241,0.0,0.0008333472224535399,0.5511684125705072,0.0
17414,14.511908531808864,0.5511684125705076,560,681,1241,0.0,0.0008333472224535399,0.5511684125705072,0.0
17415,14.512741879031317,0.5511684125705076,560,681,1241,0.0,0.0008333472224535399,0.5511684125705072,0.0
17416,14.51357522625377,0.5511684125705076,560,681,1241,0.0,0.0008333472224535399,0.5511684125705072,0.0
17417,14.514408573476226,0.5511684125705076,560,681,1241,0.0,0.0008333472224553162,0.5511684125705072,0.0
17418,14.51524192069868,0.5511684125705076,560,681,1241,0.0,0.0008333472224535399,0.5511684125705072,0.0
17419,14.516075267921133,0.5503626107977437,560,681,1241,-0.0008058017727639033,0.0008333472224535399,0.5510878323932309,-8.058017727639034e-05
17420,14.516908615143587,0.5503626107977437,560,681,1241,0.0,0.0008333472224535399,0.5510072522159545,-8.058017727639034e-05
17421,14.51774196236604,0.5503626107977437,560,681,1241,0.0,0.0008333472224535399,0.5509266720386782,-8.058017727639034e-05
17422,14.518575309588494,0.5503626107977437,560,681,1241,0.0,0.0008333472224535399,0.5508460918614018,-8.058017727639034e-05
17423,14.519408656810947,0.5503626107977437,560,681,1241,0.0,0.0008333472224535399,0.5507655116841255,-8.058017727639034e-05
17424,14.5202420040334,0.5503626107977437,560,681,1241,0.0,0.0008333472224535399,0.5506849315068492,-8.058017727639034e-05
17425,14.521075351255854,0.5503626107977437,560,681,1241,0.0,0.0008333472224535399,0.5506043513295727,-8.058017727639034e-05
17426,14.521908698478308,0.5503626107977437,560,681,1241,0.0,0.0008333472224535399,0.5505237711522964,-8.058017727639034e-05
17427,14.522742045700761,0.5503626107977437,560,681,1241,0.0,0.0008333472224535399,0.55044319097502,-8.058017727639034e-05
17428,14.523575392923217,0.5503626107977437,560,681,1241,0.0,0.0008333472224553162,0.5503626107977437,-8.058017727639034e-05
17429,14.52440874014567,0.5503626107977437,560,681,1241,0.0,0.0008333472224535399,0.5503626107977437,0.0
17430,14.525242087368124,0.5503626107977437,560,681,1241,0.0,0.0008333472224535399,0.5503626107977437,0.0
17431,14.526075434590577,0.5503626107977437,560,681,1241,0.0,0.0008333472224535399,0.5503626107977437,0.0
17432,14.526908781813031,0.5503626107977437,560,681,1241,0.0,0.0008333472224535399,0.5503626107977437,0.0
17433,14.527742129035484,0.5503626107977437,560,681,1241,0.0,0.0008333472224535399,0.5503626107977437,0.0
17434,14.528575476257938,0.5503626107977437,560,681,1241,0.0,0.0008333472224535399,0.5503626107977437,0.0
17435,14.529408823480392,0.5503626107977437,560,681,1241,0.0,0.0008333472224535399,0.5503626107977437,0.0
17436,14.530242170702845,0.5503626107977437,560,681,1241,0.0,0.0008333472224535399,0.5503626107977437,0.0
17437,14.531075517925299,0.5503626107977437,560,681,1241,0.0,0.0008333472224535399,0.5503626107977437,0.0
17438,14.531908865147754,0.5503626107977437,560,681,1241,0.0,0.0008333472224553162,0.5503626107977437,0.0
17439,14.532742212370207,0.5511684125705076,560,681,1241,0.0008058017727639033,0.0008333472224535399,0.5504431909750201,8.058017727639034e-05
17440,14.533575559592661,0.5511684125705076,560,681,1241,0.0,0.0008333472224535399,0.5505237711522966,8.058017727639034e-05
17441,14.534408906815115,0.5511684125705076,560,681,1241,0.0,0.0008333472224535399,0.5506043513295729,8.058017727639034e-05
17442,14.535242254037568,0.5511684125705076,560,681,1241,0.0,0.0008333472224535399,0.5506849315068492,8.058017727639034e-05
17443,14.536075601260022,0.5511684125705076,560,681,1241,0.0,0.0008333472224535399,0.5507655116841256,8.058017727639034e-05
17444,14.536908948482475,0.5511684125705076,560,681,1241,0.0,0.0008333472224535399,0.5508460918614019,8.058017727639034e-05
17445,14.537742295704929,0.5511684125705076,560,681,1241,0.0,0.0008333472224535399,0.5509266720386783,8.058017727639034e-05
17446,14.538575642927382,0.5511684125705076,560,681,1241,0.0,0.0008333472224535399,0.5510072522159546,8.058017727639034e-05
17447,14.539408990149836,0.5511684125705076,560,681,1241,0.0,0.0008333472224535399,0.5510878323932309,8.058017727639034e-05
17448,14.54024233737229,0.5511684125705076,560,681,1241,0.0,0.0008333472224535399,0.5511684125705073,8.058017727639034e-05
17449,14.541075684594745,0.5511684125705076,560,681,1241,0.0,0.0008333472224553162,0.5511684125705072,0.0
17450,14.541909031817198,0.5511684125705076,560,681,1241,0.0,0.0008333472224535399,0.5511684125705072,0.0
17451,14.542742379039652,0.5511684125705076,560,681,1241,0.0,0.0008333472224535399,0.5511684125705072,0.0
17452,14.543575726262105,0.5511684125705076,560,681,1241,0.0,0.0008333472224535399,0.5511684125705072,0.0
17453,14.544409073484559,0.5511684125705076,560,681,1241,0.0,0.0008333472224535399,0.5511684125705072,0.0
17454,14.545242420707012,0.5511684125705076,560,681,1241,0.0,0.0008333472224535399,0.5511684125705072,0.0
17455,14.546075767929466,0.5519742143432715,560,681,1241,0.0008058017727639033,0.0008333472224535399,0.5512489927477835,8.058017727639034e-05
17456,14.54690911515192,0.5519742143432715,560,681,1241,0.0,0.0008333472224535399,0.5513295729250599,8.058017727639034e-05
17457,14.547742462374373,0.5511684125705076,560,681,1241,-0.0008058017727639033,0.0008333472224535399,0.5513295729250599,0.0
17458,14.548575809596827,0.5511684125705076,560,681,1241,0.0,0.0008333472224535399,0.5513295729250599,0.0
17459,14.549409156819282,0.5519742143432715,560,681,1241,0.0008058017727639033,0.0008333472224553162,0.5514101531023362,8.058017727639034e-05
17460,14.550242504041735,0.5527800161160354,560,681,1241,0.0008058017727639033,0.0008333472224535399,0.5515713134568889,0.00016116035455278067
17461,14.551075851264189,0.5527800161160354,560,681,1241,0.0,0.0008333472224535399,0.5517324738114416,0.00016116035455278067
17462,14.551909198486642,0.5527800161160354,560,681,1241,0.0,0.0008333472224535399,0.5518936341659944,0.00016116035455278067
17463,14.552742545709096,0.5527800161160354,560,681,1241,0.0,0.0008333472224535399,0.552054794520547,0.00016116035455278067
17464,14.55357589293155,0.5527800161160354,560,681,1241,0.0,0.0008333472224535399,0.5522159548750997,0.00016116035455278067
17465,14.554409240154003,0.5535858178887993,560,681,1241,0.0008058017727639033,0.0008333472224535399,0.5523771152296525,0.00016116035455278067
17466,14.555242587376457,0.5535858178887993,560,681,1241,0.0,0.0008333472224535399,0.5525382755842052,0.00016116035455278067
17467,14.55607593459891,0.5527800161160354,560,681,1241,-0.0008058017727639033,0.0008333472224535399,0.5526994359387579,0.00016116035455278067
17468,14.556909281821364,0.5527800161160354,560,681,1241,0.0,0.0008333472224535399,0.5528605962933106,0.00016116035455278067
17469,14.557742629043817,0.5527800161160354,560,681,1241,0.0,0.0008333472224535399,0.5529411764705869,8.058017727639034e-05
17470,14.558575976266273,0.5527800161160354,560,681,1241,0.0,0.0008333472224553162,0.5529411764705869,0.0
17471,14.559409323488726,0.5527800161160354,560,681,1241,0.0,0.0008333472224535399,0.5529411764705869,0.0
17472,14.56024267071118,0.5527800161160354,560,681,1241,0.0,0.0008333472224535399,0.5529411764705869,0.0
17473,14.561076017933633,0.5527800161160354,560,681,1241,0.0,0.0008333472224535399,0.5529411764705869,0.0
17474,14.561909365156087,0.5527800161160354,560,681,1241,0.0,0.0008333472224535399,0.5529411764705869,0.0
17475,14.56274271237854,0.5527800161160354,560,681,1241,0.0,0.0008333472224535399,0.5528605962933105,-8.058017727639034e-05
17476,14.563576059600994,0.5527800161160354,560,681,1241,0.0,0.0008333472224535399,0.5527800161160342,-8.058017727639034e-05
17477,14.564409406823447,0.5527800161160354,560,681,1241,0.0,0.0008333472224535399,0.5527800161160343,0.0
17478,14.5652427540459,0.5527800161160354,560,681,1241,0.0,0.0008333472224535399,0.5527800161160343,0.0
17479,14.566076101268354,0.5527800161160354,560,681,1241,0.0,0.0008333472224535399,0.5527800161160343,0.0
17480,14.566909448490808,0.5527800161160354,560,681,1241,0.0,0.0008333472224535399,0.5527800161160343,0.0
17481,14.567742795713263,0.5527800161160354,560,681,1241,0.0,0.0008333472224553162,0.5527800161160343,0.0
17482,14.568576142935717,0.5527800161160354,560,681,1241,0.0,0.0008333472224535399,0.5527800161160343,0.0
17483,14.56940949015817,0.5527800161160354,560,681,1241,0.0,0.0008333472224535399,0.5527800161160343,0.0
17484,14.570242837380624,0.5527800161160354,560,681,1241,0.0,0.0008333472224535399,0.5527800161160343,0.0
17485,14.571076184603077,0.5527800161160354,560,681,1241,0.0,0.0008333472224535399,0.5527800161160343,0.0
17486,14.571909531825531,0.5535858178887993,560,681,1241,0.0008058017727639033,0.0008333472224535399,0.5528605962933106,8.058017727639034e-05
17487,14.572742879047984,0.5535858178887993,560,681,1241,0.0,0.0008333472224535399,0.5529411764705869,8.058017727639034e-05
17488,14.573576226270438,0.5535858178887993,560,681,1241,0.0,0.0008333472224535399,0.5530217566478633,8.058017727639034e-05
17489,14.574409573492892,0.5535858178887993,560,681,1241,0.0,0.0008333472224535399,0.5531023368251397,8.058017727639034e-05
17490,14.575242920715345,0.5535858178887993,560,681,1241,0.0,0.0008333472224535399,0.5531829170024161,8.058017727639034e-05
17491,14.5760762679378,0.5535858178887993,560,681,1241,0.0,0.0008333472224553162,0.5532634971796924,8.058017727639034e-05
17492,14.576909615160254,0.5535858178887993,560,681,1241,0.0,0.0008333472224535399,0.5533440773569687,8.058017727639034e-05
17493,14.577742962382708,0.5535858178887993,560,681,1241,0.0,0.0008333472224535399,0.5534246575342451,8.058017727639034e-05
17494,14.578576309605161,0.5527800161160354,560,681,1241,-0.0008058017727639033,0.0008333472224535399,0.5534246575342451,0.0
17495,14.579409656827615,0.5527800161160354,560,681,1241,0.0,0.0008333472224535399,0.5534246575342451,0.0
17496,14.580243004050068,0.5527800161160354,560,681,1241,0.0,0.0008333472224535399,0.5533440773569687,-8.058017727639034e-05
17497,14.581076351272522,0.5527800161160354,560,681,1241,0.0,0.0008333472224535399,0.5532634971796923,-8.058017727639034e-05
17498,14.581909698494975,0.5527800161160354,560,681,1241,0.0,0.0008333472224535399,0.553182917002416,-8.058017727639034e-05
17499,14.582743045717429,0.5535858178887993,560,681,1241,0.0008058017727639033,0.0008333472224535399,0.553182917002416,0.0
17500,14.583576392939882,0.5535858178887993,560,681,1241,0.0,0.0008333472224535399,0.553182917002416,0.0
17501,14.584409740162336,0.5535858178887993,560,681,1241,0.0,0.0008333472224535399,0.553182917002416,0.0
17502,14.585243087384791,0.5535858178887993,560,681,1241,0.0,0.0008333472224553162,0.553182917002416,0.0
17503,14.586076434607245,0.5535858178887993,560,681,1241,0.0,0.0008333472224535399,0.553182917002416,0.0
17504,14.586909781829698,0.5535858178887993,560,681,1241,0.0,0.0008333472224535399,0.5532634971796924,8.058017727639034e-05
17505,14.587743129052152,0.5535858178887993,560,681,1241,0.0,0.0008333472224535399,0.5533440773569687,8.058017727639034e-05
17506,14.588576476274605,0.5535858178887993,560,681,1241,0.0,0.0008333472224535399,0.5534246575342451,8.058017727639034e-05
17507,14.589409823497059,0.5527800161160354,560,681,1241,-0.0008058017727639033,0.0008333472224535399,0.5534246575342451,0.0
17508,14.590243170719512,0.5527800161160354,560,681,1241,0.0,0.0008333472224535399,0.5534246575342451,0.0
17509,14.591076517941966,0.5527800161160354,560,681,1241,0.0,0.0008333472224535399,0.5533440773569687,-8.058017727639034e-05
17510,14.59190986516442,0.5527800161160354,560,681,1241,0.0,0.0008333472224535399,0.5532634971796923,-8.058017727639034e-05
17511,14.592743212386873,0.5527800161160354,560,681,1241,0.0,0.0008333472224535399,0.553182917002416,-8.058017727639034e-05
17512,14.593576559609328,0.5527800161160354,560,681,1241,0.0,0.0008333472224553162,0.5531023368251395,-8.058017727639034e-05
17513,14.594409906831782,0.5535858178887993,560,681,1241,0.0008058017727639033,0.0008333472224535399,0.5531023368251395,0.0
17514,14.595243254054235,0.5535858178887993,560,681,1241,0.0,0.0008333472224535399,0.5531023368251395,0.0
17515,14.596076601276689,0.5535858178887993,560,681,1241,0.0,0.0008333472224535399,0.5531023368251395,0.0
17516,14.596909948499142,0.5543916196615633,560,681,1241,0.0008058017727639033,0.0008333472224535399,0.553182917002416,8.058017727639034e-05
17517,14.597743295721596,0.5543916196615633,560,681,1241,0.0,0.0008333472224535399,0.5533440773569687,0.00016116035455278067
17518,14.59857664294405,0.5543916196615633,560,681,1241,0.0,0.0008333472224535399,0.5535052377115216,0.00016116035455278067
17519,14.599409990166503,0.5543916196615633,560,681,1241,0.0,0.0008333472224535399,0.5536663980660744,0.00016116035455278067
17520,14.600243337388957,0.5543916196615633,560,681,1241,0.0,0.0008333472224535399,0.5538275584206274,0.00016116035455278067
17521,14.60107668461141,0.5543916196615633,560,681,1241,0.0,0.0008333472224535399,0.5539887187751802,0.00016116035455278067
17522,14.601910031833864,0.5535858178887993,560,681,1241,-0.0008058017727639033,0.0008333472224535399,0.5540692989524565,8.058017727639034e-05
17523,14.602743379056319,0.5535858178887993,560,681,1241,0.0,0.0008333472224553162,0.5540692989524565,0.0
17524,14.603576726278773,0.5543916196615633,560,681,1241,0.0008058017727639033,0.0008333472224535399,0.554149879129733,8.058017727639034e-05
17525,14.604410073501226,0.5543916196615633,560,681,1241,0.0,0.0008333472224535399,0.5542304593070093,8.058017727639034e-05
17526,14.60524342072368,0.5543916196615633,560,681,1241,0.0,0.0008333472224535399,0.5542304593070092,0.0
17527,14.606076767946133,0.5543916196615633,560,681,1241,0.0,0.0008333472224535399,0.5542304593070092,0.0
17528,14.606910115168587,0.5543916196615633,560,681,1241,0.0,0.0008333472224535399,0.5542304593070092,0.0
17529,14.60774346239104,0.5543916196615633,560,681,1241,0.0,0.0008333472224535399,0.5542304593070092,0.0
17530,14.608576809613494,0.5543916196615633,560,681,1241,0.0,0.0008333472224535399,0.5542304593070092,0.0
17531,14.609410156835947,0.5543916196615633,560,681,1241,0.0,0.0008333472224535399,0.5542304593070092,0.0
17532,14.6102435040584,0.5543916196615633,560,681,1241,0.0,0.0008333472224535399,0.5543110394842856,8.058017727639034e-05
17533,14.611076851280854,0.5551974214343272,560,681,1241,0.0008058017727639033,0.0008333472224535399,0.5544721998388384,0.00016116035455278067
17534,14.61191019850331,0.5543916196615633,560,681,1241,-0.0008058017727639033,0.0008333472224553162,0.5544721998388384,0.0
17535,14.612743545725763,0.5543916196615633,560,681,1241,0.0,0.0008333472224535399,0.5544721998388384,0.0
17536,14.613576892948217,0.5543916196615633,560,681,1241,0.0,0.0008333472224535399,0.5544721998388384,0.0
17537,14.61441024017067,0.5535858178887993,560,681,1241,-0.0008058017727639033,0.0008333472224535399,0.5543916196615621,-8.058017727639034e-05
17538,14.615243587393124,0.5543916196615633,560,681,1241,0.0008058017727639033,0.0008333472224535399,0.5543916196615621,0.0
17539,14.616076934615577,0.5543916196615633,560,681,1241,0.0,0.0008333472224535399,0.5543916196615621,0.0
17540,14.616910281838031,0.5543916196615633,560,681,1241,0.0,0.0008333472224535399,0.5543916196615621,0.0
17541,14.617743629060485,0.5535858178887993,560,681,1241,-0.0008058017727639033,0.0008333472224535399,0.5543110394842857,-8.058017727639034e-05
17542,14.618576976282938,0.5535858178887993,560,681,1241,0.0,0.0008333472224535399,0.5542304593070094,-8.058017727639034e-05
17543,14.619410323505392,0.5535858178887993,560,681,1241,0.0,0.0008333472224535399,0.5540692989524566,-0.00016116035455278067
17544,14.620243670727847,0.5535858178887993,560,681,1241,0.0,0.0008333472224553162,0.5539887187751802,-8.058017727639034e-05
17545,14.6210770179503,0.5535858178887993,560,681,1241,0.0,0.0008333472224535399,0.5539081385979039,-8.058017727639034e-05
17546,14.621910365172754,0.5535858178887993,560,681,1241,0.0,0.0008333472224535399,0.5538275584206275,-8.058017727639034e-05
17547,14.622743712395208,0.5535858178887993,560,681,1241,0.0,0.0008333472224535399,0.5538275584206275,0.0
17548,14.623577059617661,0.5543916196615633,560,681,1241,0.0008058017727639033,0.0008333472224535399,0.5538275584206275,0.0
17549,14.624410406840115,0.5543916196615633,560,681,1241,0.0,0.0008333472224535399,0.5538275584206275,0.0
17550,14.625243754062568,0.5551974214343272,560,681,1241,0.0008058017727639033,0.0008333472224535399,0.5539081385979039,8.058017727639034e-05
17551,14.626077101285022,0.5551974214343272,560,681,1241,0.0,0.0008333472224535399,0.5540692989524566,0.00016116035455278067
17552,14.626910448507475,0.5551974214343272,560,681,1241,0.0,0.0008333472224535399,0.5542304593070094,0.00016116035455278067
17553,14.627743795729929,0.5551974214343272,560,681,1241,0.0,0.0008333472224535399,0.5543916196615621,0.00016116035455278067
17554,14.628577142952382,0.5551974214343272,560,681,1241,0.0,0.0008333472224535399,0.554552780016115,0.00016116035455278067
17555,14.629410490174838,0.5551974214343272,560,681,1241,0.0,0.0008333472224553162,0.5547139403706678,0.00016116035455278067
17556,14.630243837397291,0.5551974214343272,560,681,1241,0.0,0.0008333472224535399,0.5548751007252205,0.00016116035455278067
17557,14.631077184619745,0.5543916196615633,560,681,1241,-0.0008058017727639033,0.0008333472224535399,0.5549556809024969,8.058017727639034e-05
17558,14.631910531842198,0.5543916196615633,560,681,1241,0.0,0.0008333472224535399,0.5549556809024969,0.0
17559,14.632743879064652,0.5543916196615633,560,681,1241,0.0,0.0008333472224535399,0.5549556809024969,0.0
17560,14.633577226287105,0.5551974214343272,560,681,1241,0.0008058017727639033,0.0008333472224535399,0.5549556809024969,0.0
17561,14.634410573509559,0.5560032232070911,560,681,1241,0.0008058017727639033,0.0008333472224535399,0.5550362610797732,8.058017727639034e-05
17562,14.635243920732012,0.5560032232070911,560,681,1241,0.0,0.0008333472224535399,0.5551168412570495,8.058017727639034e-05
17563,14.636077267954466,0.5551974214343272,560,681,1241,-0.0008058017727639033,0.0008333472224535399,0.5551168412570495,0.0
17564,14.63691061517692,0.5551974214343272,560,681,1241,0.0,0.0008333472224535399,0.5551168412570495,0.0
17565,14.637743962399375,0.5551974214343272,560,681,1241,0.0,0.0008333472224553162,0.5551168412570495,0.0
17566,14.638577309621828,0.5551974214343272,560,681,1241,0.0,0.0008333472224535399,0.5551168412570495,0.0
17567,14.639410656844282,0.5551974214343272,560,681,1241,0.0,0.0008333472224535399,0.5551974214343259,8.058017727639034e-05
17568,14.640244004066735,0.5551974214343272,560,681,1241,0.0,0.0008333472224535399,0.5552780016116022,8.058017727639034e-05
17569,14.641077351289189,0.5551974214343272,560,681,1241,0.0,0.0008333472224535399,0.5553585817888786,8.058017727639034e-05
17570,14.641910698511643,0.5551974214343272,560,681,1241,0.0,0.0008333472224535399,0.5553585817888786,0.0
17571,14.642744045734096,0.5543916196615633,560,681,1241,-0.0008058017727639033,0.0008333472224535399,0.5551974214343259,-0.00016116035455278067
17572,14.64357739295655,0.5543916196615633,560,681,1241,0.0,0.0008333472224535399,0.5550362610797732,-0.00016116035455278067
17573,14.644410740179003,0.5543916196615633,560,681,1241,0.0,0.0008333472224535399,0.5549556809024969,-8.058017727639034e-05
17574,14.645244087401457,0.5551974214343272,560,681,1241,0.0008058017727639033,0.0008333472224535399,0.5549556809024969,0.0
17575,14.64607743462391,0.5551974214343272,560,681,1241,0.0,0.0008333472224535399,0.5549556809024969,0.0
17576,14.646910781846366,0.5551974214343272,560,681,1241,0.0,0.0008333472224553162,0.5549556809024969,0.0
17577,14.647744129068819,0.5551974214343272,560,681,1241,0.0,0.0008333472224535399,0.5549556809024969,0.0
17578,14.648577476291273,0.5543916196615633,560,681,1241,-0.0008058017727639033,0.0008333472224535399,0.5548751007252205,-8.058017727639034e-05
17579,14.649410823513726,0.5527800161160354,560,681,1241,-0.0016116035455278066,0.0008333472224535399,0.5546333601933913,-0.00024174053182917098
17580,14.65024417073618,0.5527800161160354,560,681,1241,0.0,0.0008333472224535399,0.5543916196615621,-0.00024174053182917098
17581,14.651077517958633,0.5527800161160354,560,681,1241,0.0,0.0008333472224535399,0.5542304593070092,-0.00016116035455278067
17582,14.651910865181087,0.5527800161160354,560,681,1241,0.0,0.0008333472224535399,0.5540692989524564,-0.00016116035455278067
17583,14.65274421240354,0.5527800161160354,560,681,1241,0.0,0.0008333472224535399,0.5539081385979034,-0.00016116035455278067
17584,14.653577559625994,0.5527800161160354,560,681,1241,0.0,0.0008333472224535399,0.5536663980660743,-0.00024174053182917098
17585,14.654410906848447,0.5527800161160354,560,681,1241,0.0,0.0008333472224535399,0.5534246575342451,-0.00024174053182917098
17586,14.655244254070901,0.5527800161160354,560,681,1241,0.0,0.0008333472224535399,0.5531829170024158,-0.00024174053182917098
17587,14.656077601293356,0.5527800161160354,560,681,1241,0.0,0.0008333472224553162,0.5529411764705866,-0.00024174053182917098
17588,14.65691094851581,0.5527800161160354,560,681,1241,0.0,0.0008333472224535399,0.5527800161160338,-0.00016116035455278067
17589,14.657744295738263,0.5527800161160354,560,681,1241,0.0,0.0008333472224535399,0.5527800161160338,0.0
17590,14.658577642960717,0.5527800161160354,560,681,1241,0.0,0.0008333472224535399,0.5527800161160338,0.0
17591,14.65941099018317,0.5527800161160354,560,681,1241,0.0,0.0008333472224535399,0.5527800161160338,0.0
17592,14.660244337405624,0.5527800161160354,560,681,1241,0.0,0.0008333472224535399,0.5527800161160338,0.0
17593,14.661077684628077,0.5527800161160354,560,681,1241,0.0,0.0008333472224535399,0.5527800161160338,0.0
17594,14.661911031850531,0.5527800161160354,560,681,1241,0.0,0.0008333472224535399,0.5527800161160338,0.0
17595,14.662744379072985,0.5527800161160354,560,681,1241,0.0,0.0008333472224535399,0.5527800161160338,0.0
17596,14.663577726295438,0.5527800161160354,560,681,1241,0.0,0.0008333472224535399,0.5527800161160338,0.0
17597,14.664411073517893,0.5527800161160354,560,681,1241,0.0,0.0008333472224553162,0.5527800161160338,0.0
17598,14.665244420740347,0.5527800161160354,560,681,1241,0.0,0.0008333472224535399,0.5527800161160338,0.0
17599,14.6660777679628,0.5527800161160354,560,681,1241,0.0,0.0008333472224535399,0.5527800161160338,0.0
17600,14.666911115185254,0.5535858178887993,560,681,1241,0.0008058017727639033,0.0008333472224535399,0.5528605962933101,8.058017727639034e-05
17601,14.667744462407708,0.5535858178887993,560,681,1241,0.0,0.0008333472224535399,0.5529411764705865,8.058017727639034e-05
17602,14.668577809630161,0.5535858178887993,560,681,1241,0.0,0.0008333472224535399,0.5530217566478628,8.058017727639034e-05
17603,14.669411156852615,0.5535858178887993,560,681,1241,0.0,0.0008333472224535399,0.5531023368251391,8.058017727639034e-05
17604,14.670244504075068,0.5535858178887993,560,681,1241,0.0,0.0008333472224535399,0.5531829170024155,8.058017727639034e-05
17605,14.671077851297522,0.5535858178887993,560,681,1241,0.0,0.0008333472224535399,0.5532634971796918,8.058017727639034e-05
17606,14.671911198519975,0.5535858178887993,560,681,1241,0.0,0.0008333472224535399,0.5533440773569682,8.058017727639034e-05
17607,14.672744545742429,0.5535858178887993,560,681,1241,0.0,0.0008333472224535399,0.5534246575342445,8.058017727639034e-05
17608,14.673577892964884,0.5535858178887993,560,681,1241,0.0,0.0008333472224553162,0.5535052377115208,8.058017727639034e-05
17609,14.674411240187338,0.5535858178887993,560,681,1241,0.0,0.0008333472224535399,0.5535858178887972,8.058017727639034e-05
17610,14.675244587409791,0.5535858178887993,560,681,1241,0.0,0.0008333472224535399,0.5535858178887972,0.0
17611,14.676077934632245,0.5535858178887993,560,681,1241,0.0,0.0008333472224535399,0.5535858178887972,0.0
17612,14.676911281854698,0.5535858178887993,560,681,1241,0.0,0.0008333472224535399,0.5535858178887972,0.0
17613,14.677744629077152,0.5535858178887993,560,681,1241,0.0,0.0008333472224535399,0.5535858178887972,0.0
17614,14.678577976299605,0.5535858178887993,560,681,1241,0.0,0.0008333472224535399,0.5535858178887972,0.0
17615,14.679411323522059,0.5535858178887993,560,681,1241,0.0,0.0008333472224535399,0.5535858178887972,0.0
17616,14.680244670744512,0.5543916196615633,560,681,1241,0.0008058017727639033,0.0008333472224535399,0.5536663980660737,8.058017727639034e-05
17617,14.681078017966966,0.5543916196615633,560,681,1241,0.0,0.0008333472224535399,0.55374697824335,8.058017727639034e-05
17618,14.681911365189421,0.5543916196615633,560,681,1241,0.0,0.0008333472224553162,0.5538275584206264,8.058017727639034e-05
17619,14.682744712411875,0.5535858178887993,560,681,1241,-0.0008058017727639033,0.0008333472224535399,0.5538275584206264,0.0
17620,14.683578059634328,0.5543916196615633,560,681,1241,0.0008058017727639033,0.0008333472224535399,0.5539081385979027,8.058017727639034e-05
17621,14.684411406856782,0.5543916196615633,560,681,1241,0.0,0.0008333472224535399,0.5539887187751791,8.058017727639034e-05
17622,14.685244754079235,0.5543916196615633,560,681,1241,0.0,0.0008333472224535399,0.5540692989524554,8.058017727639034e-05
17623,14.686078101301689,0.5543916196615633,560,681,1241,0.0,0.0008333472224535399,0.5541498791297317,8.058017727639034e-05
17624,14.686911448524143,0.5543916196615633,560,681,1241,0.0,0.0008333472224535399,0.5542304593070081,8.058017727639034e-05
17625,14.687744795746596,0.5543916196615633,560,681,1241,0.0,0.0008333472224535399,0.5543110394842844,8.058017727639034e-05
17626,14.68857814296905,0.5543916196615633,560,681,1241,0.0,0.0008333472224535399,0.5543110394842843,0.0
17627,14.689411490191503,0.5535858178887993,560,681,1241,-0.0008058017727639033,0.0008333472224535399,0.554230459307008,-8.058017727639034e-05
17628,14.690244837413957,0.5543916196615633,560,681,1241,0.0008058017727639033,0.0008333472224535399,0.554230459307008,0.0
17629,14.691078184636412,0.5543916196615633,560,681,1241,0.0,0.0008333472224553162,0.5543110394842844,8.058017727639034e-05
17630,14.691911531858866,0.5543916196615633,560,681,1241,0.0,0.0008333472224535399,0.5543110394842843,0.0
17631,14.692744879081319,0.5543916196615633,560,681,1241,0.0,0.0008333472224535399,0.5543110394842843,0.0
17632,14.693578226303773,0.5543916196615633,560,681,1241,0.0,0.0008333472224535399,0.5543110394842843,0.0
17633,14.694411573526226,0.5543916196615633,560,681,1241,0.0,0.0008333472224535399,0.5543110394842843,0.0
17634,14.69524492074868,0.5551974214343272,560,681,1241,0.0008058017727639033,0.0008333472224535399,0.5543916196615607,8.058017727639034e-05
17635,14.696078267971133,0.5551974214343272,560,681,1241,0.0,0.0008333472224535399,0.554472199838837,8.058017727639034e-05
17636,14.696911615193587,0.5551974214343272,560,681,1241,0.0,0.0008333472224535399,0.5545527800161134,8.058017727639034e-05
17637,14.69774496241604,0.5551974214343272,560,681,1241,0.0,0.0008333472224535399,0.5547139403706661,0.00016116035455278067
17638,14.698578309638494,0.5551974214343272,560,681,1241,0.0,0.0008333472224535399,0.5547945205479425,8.058017727639034e-05
17639,14.699411656860947,0.5551974214343272,560,681,1241,0.0,0.0008333472224535399,0.554875100725219,8.058017727639034e-05
17640,14.700245004083403,0.5551974214343272,560,681,1241,0.0,0.0008333472224553162,0.5549556809024953,8.058017727639034e-05
17641,14.701078351305856,0.5551974214343272,560,681,1241,0.0,0.0008333472224535399,0.5550362610797717,8.058017727639034e-05
17642,14.70191169852831,0.5551974214343272,560,681,1241,0.0,0.0008333472224535399,0.555116841257048,8.058017727639034e-05
17643,14.702745045750763,0.5551974214343272,560,681,1241,0.0,0.0008333472224535399,0.5551974214343243,8.058017727639034e-05
17644,14.703578392973217,0.5551974214343272,560,681,1241,0.0,0.0008333472224535399,0.5551974214343243,0.0
17645,14.70441174019567,0.5551974214343272,560,681,1241,0.0,0.0008333472224535399,0.5551974214343243,0.0
17646,14.705245087418124,0.5543916196615633,560,681,1241,-0.0008058017727639033,0.0008333472224535399,0.555116841257048,-8.058017727639034e-05
17647,14.706078434640578,0.5543916196615633,560,681,1241,0.0,0.0008333472224535399,0.5550362610797717,-8.058017727639034e-05
17648,14.706911781863031,0.5543916196615633,560,681,1241,0.0,0.0008333472224535399,0.5549556809024953,-8.058017727639034e-05
17649,14.707745129085485,0.5543916196615633,560,681,1241,0.0,0.0008333472224535399,0.554875100725219,-8.058017727639034e-05
17650,14.70857847630794,0.5543916196615633,560,681,1241,0.0,0.0008333472224553162,0.5547945205479425,-8.058017727639034e-05
17651,14.709411823530393,0.5543916196615633,560,681,1241,0.0,0.0008333472224535399,0.5547139403706662,-8.058017727639034e-05
17652,14.710245170752847,0.5535858178887993,560,681,1241,-0.0008058017727639033,0.0008333472224535399,0.5545527800161134,-0.00016116035455278067
17653,14.7110785179753,0.5535858178887993,560,681,1241,0.0,0.0008333472224535399,0.5543916196615607,-0.00016116035455278067
17654,14.711911865197754,0.5535858178887993,560,681,1241,0.0,0.0008333472224535399,0.5542304593070079,-0.00016116035455278067
17655,14.712745212420208,0.5535858178887993,560,681,1241,0.0,0.0008333472224535399,0.5540692989524552,-0.00016116035455278067
17656,14.713578559642661,0.5535858178887993,560,681,1241,0.0,0.0008333472224535399,0.5539887187751787,-8.058017727639034e-05
17657,14.714411906865115,0.5535858178887993,560,681,1241,0.0,0.0008333472224535399,0.5539081385979024,-8.058017727639034e-05
17658,14.715245254087568,0.5535858178887993,560,681,1241,0.0,0.0008333472224535399,0.553827558420626,-8.058017727639034e-05
17659,14.716078601310022,0.5535858178887993,560,681,1241,0.0,0.0008333472224535399,0.5537469782433497,-8.058017727639034e-05
17660,14.716911948532475,0.5535858178887993,560,681,1241,0.0,0.0008333472224535399,0.5536663980660734,-8.058017727639034e-05
17661,14.71774529575493,0.5535858178887993,560,681,1241,0.0,0.0008333472224553162,0.553585817888797,-8.058017727639034e-05
17662,14.718578642977384,0.5527800161160354,560,681,1241,-0.0008058017727639033,0.0008333472224535399,0.5535052377115206,-8.058017727639034e-05
17663,14.719411990199838,0.5527800161160354,560,681,1241,0.0,0.0008333472224535399,0.5534246575342443,-8.058017727639034e-05
17664,14.720245337422291,0.5535858178887993,560,681,1241,0.0008058017727639033,0.0008333472224535399,0.5534246575342443,0.0
17665,14.721078684644745,0.5535858178887993,560,681,1241,0.0,0.0008333472224535399,0.5534246575342443,0.0
17666,14.721912031867198,0.5535858178887993,560,681,1241,0.0,0.0008333472224535399,0.5534246575342443,0.0
17667,14.722745379089652,0.5543916196615633,560,681,1241,0.0008058017727639033,0.0008333472224535399,0.5535052377115206,8.058017727639034e-05
17668,14.723578726312105,0.5543916196615633,560,681,1241,0.0,0.0008333472224535399,0.5535858178887969,8.058017727639034e-05
17669,14.724412073534559,0.5543916196615633,560,681,1241,0.0,0.0008333472224535399,0.5536663980660733,8.058017727639034e-05
17670,14.725245420757012,0.5543916196615633,560,681,1241,0.0,0.0008333472224535399,0.5537469782433496,8.058017727639034e-05
17671,14.726078767979468,0.5543916196615633,560,681,1241,0.0,0.0008333472224553162,0.553827558420626,8.058017727639034e-05
17672,14.726912115201921,0.5543916196615633,560,681,1241,0.0,0.0008333472224535399,0.5539887187751787,0.00016116035455278067
17673,14.727745462424375,0.5551974214343272,560,681,1241,0.0008058017727639033,0.0008333472224535399,0.554230459307008,0.00024174053182917098
17674,14.728578809646828,0.5551974214343272,560,681,1241,0.0,0.0008333472224535399,0.5543916196615608,0.00016116035455278067
17675,14.729412156869282,0.5551974214343272,560,681,1241,0.0,0.0008333472224535399,0.5545527800161135,0.00016116035455278067
17676,14.730245504091735,0.5551974214343272,560,681,1241,0.0,0.0008333472224535399,0.5547139403706663,0.00016116035455278067
17677,14.731078851314189,0.5560032232070911,560,681,1241,0.0008058017727639033,0.0008333472224535399,0.5548751007252191,0.00016116035455278067
17678,14.731912198536643,0.5560032232070911,560,681,1241,0.0,0.0008333472224535399,0.5550362610797718,0.00016116035455278067
17679,14.732745545759096,0.5560032232070911,560,681,1241,0.0,0.0008333472224535399,0.5551974214343245,0.00016116035455278067
17680,14.73357889298155,0.5560032232070911,560,681,1241,0.0,0.0008333472224535399,0.5553585817888772,0.00016116035455278067
17681,14.734412240204003,0.5560032232070911,560,681,1241,0.0,0.0008333472224535399,0.5555197421434299,0.00016116035455278067
17682,14.735245587426459,0.5560032232070911,560,681,1241,0.0,0.0008333472224553162,0.5556809024979825,0.00016116035455278067
17683,14.736078934648912,0.5560032232070911,560,681,1241,0.0,0.0008333472224535399,0.5557614826752589,8.058017727639034e-05
17684,14.736912281871366,0.5560032232070911,560,681,1241,0.0,0.0008333472224535399,0.5558420628525352,8.058017727639034e-05
17685,14.73774562909382,0.5560032232070911,560,681,1241,0.0,0.0008333472224535399,0.5559226430298116,8.058017727639034e-05
17686,14.738578976316273,0.5560032232070911,560,681,1241,0.0,0.0008333472224535399,0.556003223207088,8.058017727639034e-05
17687,14.739412323538726,0.556809024979855,560,681,1241,0.0008058017727639033,0.0008333472224535399,0.5560838033843643,8.058017727639034e-05
17688,14.74024567076118,0.556809024979855,560,681,1241,0.0,0.0008333472224535399,0.5561643835616407,8.058017727639034e-05
17689,14.741079017983633,0.556809024979855,560,681,1241,0.0,0.0008333472224535399,0.556244963738917,8.058017727639034e-05
17690,14.741912365206087,0.556809024979855,560,681,1241,0.0,0.0008333472224535399,0.5563255439161934,8.058017727639034e-05
17691,14.74274571242854,0.556809024979855,560,681,1241,0.0,0.0008333472224535399,0.5564061240934697,8.058017727639034e-05
17692,14.743579059650996,0.556809024979855,560,681,1241,0.0,0.0008333472224553162,0.556486704270746,8.058017727639034e-05
17693,14.74441240687345,0.5560032232070911,560,681,1241,-0.0008058017727639033,0.0008333472224535399,0.556486704270746,0.0
17694,14.745245754095903,0.5560032232070911,560,681,1241,0.0,0.0008333472224535399,0.556486704270746,0.0
17695,14.746079101318356,0.5560032232070911,560,681,1241,0.0,0.0008333472224535399,0.556486704270746,0.0
17696,14.74691244854081,0.5560032232070911,560,681,1241,0.0,0.0008333472224535399,0.556486704270746,0.0
17697,14.747745795763263,0.5560032232070911,560,681,1241,0.0,0.0008333472224535399,0.5564061240934696,-8.058017727639034e-05
17698,14.748579142985717,0.5560032232070911,560,681,1241,0.0,0.0008333472224535399,0.5563255439161933,-8.058017727639034e-05
17699,14.74941249020817,0.5560032232070911,560,681,1241,0.0,0.0008333472224535399,0.5562449637389169,-8.058017727639034e-05
17700,14.750245837430624,0.5560032232070911,560,681,1241,0.0,0.0008333472224535399,0.5561643835616406,-8.058017727639034e-05
17701,14.751079184653078,0.5560032232070911,560,681,1241,0.0,0.0008333472224535399,0.5560838033843643,-8.058017727639034e-05
17702,14.751912531875531,0.5560032232070911,560,681,1241,0.0,0.0008333472224535399,0.5560032232070878,-8.058017727639034e-05
17703,14.752745879097986,0.5560032232070911,560,681,1241,0.0,0.0008333472224553162,0.556003223207088,0.0
17704,14.75357922632044,0.5560032232070911,560,681,1241,0.0,0.0008333472224535399,0.556003223207088,0.0
17705,14.754412573542893,0.5560032232070911,560,681,1241,0.0,0.0008333472224535399,0.556003223207088,0.0
17706,14.755245920765347,0.5560032232070911,560,681,1241,0.0,0.0008333472224535399,0.556003223207088,0.0
17707,14.7560792679878,0.5560032232070911,560,681,1241,0.0,0.0008333472224535399,0.556003223207088,0.0
17708,14.756912615210254,0.5560032232070911,560,681,1241,0.0,0.0008333472224535399,0.556003223207088,0.0
17709,14.757745962432708,0.5560032232070911,560,681,1241,0.0,0.0008333472224535399,0.556003223207088,0.0
17710,14.758579309655161,0.5560032232070911,560,681,1241,0.0,0.0008333472224535399,0.556003223207088,0.0
17711,14.759412656877615,0.5560032232070911,560,681,1241,0.0,0.0008333472224535399,0.556003223207088,0.0
17712,14.760246004100068,0.5560032232070911,560,681,1241,0.0,0.0008333472224535399,0.556003223207088,0.0
17713,14.761079351322522,0.5560032232070911,560,681,1241,0.0,0.0008333472224535399,0.556003223207088,0.0
17714,14.761912698544977,0.5560032232070911,560,681,1241,0.0,0.0008333472224553162,0.556003223207088,0.0
17715,14.76274604576743,0.556809024979855,560,681,1241,0.0008058017727639033,0.0008333472224535399,0.5560838033843643,8.058017727639034e-05
17716,14.763579392989884,0.556809024979855,560,681,1241,0.0,0.0008333472224535399,0.5561643835616407,8.058017727639034e-05
17717,14.764412740212338,0.556809024979855,560,681,1241,0.0,0.0008333472224535399,0.556244963738917,8.058017727639034e-05
17718,14.765246087434791,0.556809024979855,560,681,1241,0.0,0.0008333472224535399,0.5563255439161934,8.058017727639034e-05
17719,14.766079434657245,0.556809024979855,560,681,1241,0.0,0.0008333472224535399,0.5564061240934697,8.058017727639034e-05
17720,14.766912781879698,0.556809024979855,560,681,1241,0.0,0.0008333472224535399,0.556486704270746,8.058017727639034e-05
17721,14.767746129102152,0.556809024979855,560,681,1241,0.0,0.0008333472224535399,0.5565672844480224,8.058017727639034e-05
17722,14.768579476324605,0.556809024979855,560,681,1241,0.0,0.0008333472224535399,0.5566478646252987,8.058017727639034e-05
17723,14.769412823547059,0.5560032232070911,560,681,1241,-0.0008058017727639033,0.0008333472224535399,0.5566478646252987,0.0
17724,14.770246170769514,0.5560032232070911,560,681,1241,0.0,0.0008333472224553162,0.5566478646252987,0.0
17725,14.771079517991968,0.5560032232070911,560,681,1241,0.0,0.0008333472224535399,0.5565672844480223,-8.058017727639034e-05
17726,14.771912865214421,0.5560032232070911,560,681,1241,0.0,0.0008333472224535399,0.556486704270746,-8.058017727639034e-05
17727,14.772746212436875,0.5560032232070911,560,681,1241,0.0,0.0008333472224535399,0.5564061240934696,-8.058017727639034e-05
17728,14.773579559659328,0.5560032232070911,560,681,1241,0.0,0.0008333472224535399,0.5563255439161933,-8.058017727639034e-05
17729,14.774412906881782,0.5560032232070911,560,681,1241,0.0,0.0008333472224535399,0.5562449637389169,-8.058017727639034e-05
17730,14.775246254104236,0.5560032232070911,560,681,1241,0.0,0.0008333472224535399,0.5561643835616406,-8.058017727639034e-05
17731,14.776079601326689,0.5560032232070911,560,681,1241,0.0,0.0008333472224535399,0.5560838033843643,-8.058017727639034e-05
17732,14.776912948549143,0.5560032232070911,560,681,1241,0.0,0.0008333472224535399,0.5560032232070878,-8.058017727639034e-05
17733,14.777746295771596,0.5560032232070911,560,681,1241,0.0,0.0008333472224535399,0.556003223207088,0.0
17734,14.77857964299405,0.5560032232070911,560,681,1241,0.0,0.0008333472224535399,0.556003223207088,0.0
17735,14.779412990216505,0.5560032232070911,560,681,1241,0.0,0.0008333472224553162,0.556003223207088,0.0
17736,14.780246337438959,0.5560032232070911,560,681,1241,0.0,0.0008333472224535399,0.556003223207088,0.0
17737,14.781079684661412,0.5560032232070911,560,681,1241,0.0,0.0008333472224535399,0.556003223207088,0.0
17738,14.781913031883866,0.556809024979855,560,681,1241,0.0008058017727639033,0.0008333472224535399,0.5560838033843643,8.058017727639034e-05
17739,14.78274637910632,0.556809024979855,560,681,1241,0.0,0.0008333472224535399,0.5561643835616407,8.058017727639034e-05
17740,14.783579726328773,0.556809024979855,560,681,1241,0.0,0.0008333472224535399,0.556244963738917,8.058017727639034e-05
17741,14.784413073551226,0.556809024979855,560,681,1241,0.0,0.0008333472224535399,0.5563255439161934,8.058017727639034e-05
17742,14.78524642077368,0.5576148267526189,560,681,1241,0.0008058017727639033,0.0008333472224535399,0.5564867042707462,0.00016116035455278067
17743,14.786079767996133,0.5576148267526189,560,681,1241,0.0,0.0008333472224535399,0.556647864625299,0.00016116035455278067
17744,14.786913115218587,0.5576148267526189,560,681,1241,0.0,0.0008333472224535399,0.556809024979852,0.00016116035455278067
17745,14.787746462441042,0.5576148267526189,560,681,1241,0.0,0.0008333472224553162,0.5569701853344048,0.00016116035455278067
17746,14.788579809663496,0.5576148267526189,560,681,1241,0.0,0.0008333472224535399,0.5571313456889577,0.00016116035455278067
17747,14.78941315688595,0.5576148267526189,560,681,1241,0.0,0.0008333472224535399,0.5572925060435105,0.00016116035455278067
17748,14.790246504108403,0.5576148267526189,560,681,1241,0.0,0.0008333472224535399,0.557373086220787,8.058017727639034e-05
17749,14.791079851330856,0.5576148267526189,560,681,1241,0.0,0.0008333472224535399,0.5574536663980634,8.058017727639034e-05
17750,14.79191319855331,0.5576148267526189,560,681,1241,0.0,0.0008333472224535399,0.5575342465753397,8.058017727639034e-05
17751,14.792746545775763,0.5576148267526189,560,681,1241,0.0,0.0008333472224535399,0.557614826752616,8.058017727639034e-05
17752,14.793579892998217,0.5576148267526189,560,681,1241,0.0,0.0008333472224535399,0.557614826752616,0.0
17753,14.79441324022067,0.556809024979855,560,681,1241,-0.0008058017727639033,0.0008333472224535399,0.5575342465753396,-8.058017727639034e-05
17754,14.795246587443124,0.556809024979855,560,681,1241,0.0,0.0008333472224535399,0.5574536663980633,-8.058017727639034e-05
17755,14.796079934665578,0.556809024979855,560,681,1241,0.0,0.0008333472224535399,0.5573730862207869,-8.058017727639034e-05
17756,14.796913281888033,0.556809024979855,560,681,1241,0.0,0.0008333472224553162,0.5572925060435105,-8.058017727639034e-05
17757,14.797746629110486,0.556809024979855,560,681,1241,0.0,0.0008333472224535399,0.5572119258662342,-8.058017727639034e-05
17758,14.79857997633294,0.556809024979855,560,681,1241,0.0,0.0008333472224535399,0.5571313456889578,-8.058017727639034e-05
17759,14.799413323555394,0.5576148267526189,560,681,1241,0.0008058017727639033,0.0008333472224535399,0.5571313456889578,0.0
17760,14.800246670777847,0.5576148267526189,560,681,1241,0.0,0.0008333472224535399,0.5571313456889578,0.0
17761,14.8010800180003,0.5576148267526189,560,681,1241,0.0,0.0008333472224535399,0.5571313456889578,0.0
17762,14.801913365222754,0.5576148267526189,560,681,1241,0.0,0.0008333472224535399,0.5571313456889578,0.0
17763,14.802746712445208,0.5576148267526189,560,681,1241,0.0,0.0008333472224535399,0.5572119258662342,8.058017727639034e-05
17764,14.803580059667661,0.5576148267526189,560,681,1241,0.0,0.0008333472224535399,0.5572925060435107,8.058017727639034e-05
17765,14.804413406890115,0.5576148267526189,560,681,1241,0.0,0.0008333472224535399,0.557373086220787,8.058017727639034e-05
17766,14.805246754112568,0.5576148267526189,560,681,1241,0.0,0.0008333472224535399,0.5574536663980634,8.058017727639034e-05
17767,14.806080101335024,0.5576148267526189,560,681,1241,0.0,0.0008333472224553162,0.5575342465753397,8.058017727639034e-05
17768,14.806913448557477,0.5584206285253828,560,681,1241,0.0008058017727639033,0.0008333472224535399,0.5576954069298925,0.00016116035455278067
17769,14.80774679577993,0.5584206285253828,560,681,1241,0.0,0.0008333472224535399,0.5577759871071688,8.058017727639034e-05
17770,14.808580143002384,0.5584206285253828,560,681,1241,0.0,0.0008333472224535399,0.5578565672844451,8.058017727639034e-05
17771,14.809413490224838,0.5584206285253828,560,681,1241,0.0,0.0008333472224535399,0.5579371474617215,8.058017727639034e-05
17772,14.810246837447291,0.5584206285253828,560,681,1241,0.0,0.0008333472224535399,0.5580177276389978,8.058017727639034e-05
17773,14.811080184669745,0.5584206285253828,560,681,1241,0.0,0.0008333472224535399,0.5580983078162742,8.058017727639034e-05
17774,14.811913531892198,0.5584206285253828,560,681,1241,0.0,0.0008333472224535399,0.5581788879935505,8.058017727639034e-05
17775,14.812746879114652,0.5584206285253828,560,681,1241,0.0,0.0008333472224535399,0.5582594681708268,8.058017727639034e-05
17776,14.813580226337105,0.5584206285253828,560,681,1241,0.0,0.0008333472224535399,0.5583400483481032,8.058017727639034e-05
17777,14.81441357355956,0.5584206285253828,560,681,1241,0.0,0.0008333472224553162,0.5584206285253795,8.058017727639034e-05
17778,14.815246920782014,0.5584206285253828,560,681,1241,0.0,0.0008333472224535399,0.5584206285253795,0.0
17779,14.816080268004468,0.5584206285253828,560,681,1241,0.0,0.0008333472224535399,0.5584206285253795,0.0
17780,14.816913615226921,0.5584206285253828,560,681,1241,0.0,0.0008333472224535399,0.5584206285253795,0.0
17781,14.817746962449375,0.5584206285253828,560,681,1241,0.0,0.0008333472224535399,0.5584206285253795,0.0
17782,14.818580309671828,0.5584206285253828,560,681,1241,0.0,0.0008333472224535399,0.5584206285253795,0.0
17783,14.819413656894282,0.5584206285253828,560,681,1241,0.0,0.0008333472224535399,0.5584206285253795,0.0
17784,14.820247004116736,0.5576148267526189,560,681,1241,-0.0008058017727639033,0.0008333472224535399,0.5583400483481032,-8.058017727639034e-05
17785,14.821080351339189,0.5576148267526189,560,681,1241,0.0,0.0008333472224535399,0.5582594681708268,-8.058017727639034e-05
17786,14.821913698561643,0.5576148267526189,560,681,1241,0.0,0.0008333472224535399,0.5581788879935505,-8.058017727639034e-05
17787,14.822747045784096,0.5576148267526189,560,681,1241,0.0,0.0008333472224535399,0.5580983078162742,-8.058017727639034e-05
17788,14.823580393006552,0.5584206285253828,560,681,1241,0.0008058017727639033,0.0008333472224553162,0.5580983078162742,0.0
17789,14.824413740229005,0.5584206285253828,560,681,1241,0.0,0.0008333472224535399,0.5580983078162742,0.0
17790,14.825247087451459,0.5584206285253828,560,681,1241,0.0,0.0008333472224535399,0.5580983078162742,0.0
17791,14.826080434673912,0.5584206285253828,560,681,1241,0.0,0.0008333472224535399,0.5580983078162742,0.0
17792,14.826913781896366,0.5592264302981467,560,681,1241,0.0008058017727639033,0.0008333472224535399,0.5581788879935505,8.058017727639034e-05
17793,14.82774712911882,0.5576148267526189,560,681,1241,-0.0016116035455278066,0.0008333472224535399,0.5580983078162742,-8.058017727639034e-05
17794,14.828580476341273,0.5576148267526189,560,681,1241,0.0,0.0008333472224535399,0.5580983078162742,0.0
17795,14.829413823563726,0.5576148267526189,560,681,1241,0.0,0.0008333472224535399,0.5580983078162742,0.0
17796,14.83024717078618,0.5576148267526189,560,681,1241,0.0,0.0008333472224535399,0.5580983078162742,0.0
17797,14.831080518008633,0.5576148267526189,560,681,1241,0.0,0.0008333472224535399,0.5580983078162742,0.0
17798,14.831913865231089,0.556809024979855,560,681,1241,-0.0008058017727639033,0.0008333472224553162,0.5579371474617214,-0.00016116035455278067
17799,14.832747212453542,0.5576148267526189,560,681,1241,0.0008058017727639033,0.0008333472224535399,0.557856567284445,-8.058017727639034e-05
17800,14.833580559675996,0.5576148267526189,560,681,1241,0.0,0.0008333472224535399,0.5577759871071686,-8.058017727639034e-05
17801,14.83441390689845,0.5576148267526189,560,681,1241,0.0,0.0008333472224535399,0.5576954069298923,-8.058017727639034e-05
17802,14.835247254120903,0.5576148267526189,560,681,1241,0.0,0.0008333472224535399,0.5575342465753396,-0.00016116035455278067
17803,14.836080601343356,0.5576148267526189,560,681,1241,0.0,0.0008333472224535399,0.5575342465753396,0.0
17804,14.83691394856581,0.5576148267526189,560,681,1241,0.0,0.0008333472224535399,0.5575342465753396,0.0
17805,14.837747295788263,0.5576148267526189,560,681,1241,0.0,0.0008333472224535399,0.5575342465753396,0.0
17806,14.838580643010717,0.5584206285253828,560,681,1241,0.0008058017727639033,0.0008333472224535399,0.557614826752616,8.058017727639034e-05
17807,14.83941399023317,0.5584206285253828,560,681,1241,0.0,0.0008333472224535399,0.5576954069298923,8.058017727639034e-05
17808,14.840247337455624,0.5584206285253828,560,681,1241,0.0,0.0008333472224535399,0.5578565672844451,0.00016116035455278067
17809,14.84108068467808,0.5584206285253828,560,681,1241,0.0,0.0008333472224553162,0.5579371474617215,8.058017727639034e-05
17810,14.841914031900533,0.5584206285253828,560,681,1241,0.0,0.0008333472224535399,0.5580177276389978,8.058017727639034e-05
17811,14.842747379122986,0.5576148267526189,560,681,1241,-0.0008058017727639033,0.0008333472224535399,0.5580177276389978,0.0
17812,14.84358072634544,0.5576148267526189,560,681,1241,0.0,0.0008333472224535399,0.5580177276389978,0.0
17813,14.844414073567894,0.5584206285253828,560,681,1241,0.0008058017727639033,0.0008333472224535399,0.5580983078162742,8.058017727639034e-05
17814,14.845247420790347,0.5584206285253828,560,681,1241,0.0,0.0008333472224535399,0.5581788879935505,8.058017727639034e-05
17815,14.8460807680128,0.5576148267526189,560,681,1241,-0.0008058017727639033,0.0008333472224535399,0.5581788879935505,0.0
17816,14.846914115235254,0.556809024979855,560,681,1241,-0.0008058017727639033,0.0008333472224535399,0.5580177276389977,-0.00016116035455278067
17817,14.847747462457708,0.556809024979855,560,681,1241,0.0,0.0008333472224535399,0.557856567284445,-0.00016116035455278067
17818,14.848580809680161,0.5576148267526189,560,681,1241,0.0008058017727639033,0.0008333472224535399,0.5577759871071686,-8.058017727639034e-05
17819,14.849414156902615,0.5576148267526189,560,681,1241,0.0,0.0008333472224535399,0.5576954069298923,-8.058017727639034e-05
17820,14.85024750412507,0.5576148267526189,560,681,1241,0.0,0.0008333472224553162,0.557614826752616,-8.058017727639034e-05
17821,14.851080851347524,0.5576148267526189,560,681,1241,0.0,0.0008333472224535399,0.557614826752616,0.0
17822,14.851914198569977,0.5576148267526189,560,681,1241,0.0,0.0008333472224535399,0.557614826752616,0.0
17823,14.85274754579243,0.5576148267526189,560,681,1241,0.0,0.0008333472224535399,0.5575342465753396,-8.058017727639034e-05
17824,14.853580893014884,0.5576148267526189,560,681,1241,0.0,0.0008333472224535399,0.5574536663980633,-8.058017727639034e-05
17825,14.854414240237338,0.5576148267526189,560,681,1241,0.0,0.0008333472224535399,0.5574536663980633,0.0
17826,14.855247587459791,0.5576148267526189,560,681,1241,0.0,0.0008333472224535399,0.5575342465753397,8.058017727639034e-05
17827,14.856080934682245,0.5576148267526189,560,681,1241,0.0,0.0008333472224535399,0.557614826752616,8.058017727639034e-05
17828,14.856914281904698,0.5576148267526189,560,681,1241,0.0,0.0008333472224535399,0.557614826752616,0.0
17829,14.857747629127152,0.5576148267526189,560,681,1241,0.0,0.0008333472224535399,0.557614826752616,0.0
17830,14.858580976349607,0.5576148267526189,560,681,1241,0.0,0.0008333472224553162,0.557614826752616,0.0
17831,14.85941432357206,0.5576148267526189,560,681,1241,0.0,0.0008333472224535399,0.557614826752616,0.0
17832,14.860247670794514,0.5584206285253828,560,681,1241,0.0008058017727639033,0.0008333472224535399,0.5576954069298923,8.058017727639034e-05
17833,14.861081018016968,0.5584206285253828,560,681,1241,0.0,0.0008333472224535399,0.5577759871071686,8.058017727639034e-05
17834,14.861914365239421,0.5584206285253828,560,681,1241,0.0,0.0008333472224535399,0.557856567284445,8.058017727639034e-05
17835,14.862747712461875,0.5592264302981467,560,681,1241,0.0008058017727639033,0.0008333472224535399,0.5580177276389977,0.00016116035455278067
17836,14.863581059684329,0.5592264302981467,560,681,1241,0.0,0.0008333472224535399,0.5581788879935503,0.00016116035455278067
17837,14.864414406906782,0.5592264302981467,560,681,1241,0.0,0.0008333472224535399,0.558340048348103,0.00016116035455278067
17838,14.865247754129236,0.5592264302981467,560,681,1241,0.0,0.0008333472224535399,0.5585012087026557,0.00016116035455278067
17839,14.86608110135169,0.5592264302981467,560,681,1241,0.0,0.0008333472224535399,0.5586623690572085,0.00016116035455278067
17840,14.866914448574143,0.5584206285253828,560,681,1241,-0.0008058017727639033,0.0008333472224535399,0.5587429492344848,8.058017727639034e-05
17841,14.867747795796598,0.5584206285253828,560,681,1241,0.0,0.0008333472224553162,0.5588235294117612,8.058017727639034e-05
17842,14.868581143019052,0.5584206285253828,560,681,1241,0.0,0.0008333472224535399,0.5588235294117612,0.0
17843,14.869414490241505,0.5576148267526189,560,681,1241,-0.0008058017727639033,0.0008333472224535399,0.5587429492344848,-8.058017727639034e-05
17844,14.870247837463959,0.5584206285253828,560,681,1241,0.0008058017727639033,0.0008333472224535399,0.5587429492344848,0.0
17845,14.871081184686412,0.5584206285253828,560,681,1241,0.0,0.0008333472224535399,0.5586623690572085,-8.058017727639034e-05
17846,14.871914531908866,0.5584206285253828,560,681,1241,0.0,0.0008333472224535399,0.558581788879932,-8.058017727639034e-05
17847,14.87274787913132,0.5584206285253828,560,681,1241,0.0,0.0008333472224535399,0.5585012087026557,-8.058017727639034e-05
17848,14.873581226353773,0.5584206285253828,560,681,1241,0.0,0.0008333472224535399,0.5584206285253794,-8.058017727639034e-05
17849,14.874414573576226,0.5584206285253828,560,681,1241,0.0,0.0008333472224535399,0.558340048348103,-8.058017727639034e-05
17850,14.87524792079868,0.5576148267526189,560,681,1241,-0.0008058017727639033,0.0008333472224535399,0.5582594681708267,-8.058017727639034e-05
17851,14.876081268021135,0.5576148267526189,560,681,1241,0.0,0.0008333472224553162,0.5581788879935503,-8.058017727639034e-05
17852,14.876914615243589,0.5576148267526189,560,681,1241,0.0,0.0008333472224535399,0.558098307816274,-8.058017727639034e-05
17853,14.877747962466042,0.5576148267526189,560,681,1241,0.0,0.0008333472224535399,0.558098307816274,0.0
17854,14.878581309688496,0.5576148267526189,560,681,1241,0.0,0.0008333472224535399,0.5580177276389977,-8.058017727639034e-05
17855,14.87941465691095,0.556809024979855,560,681,1241,-0.0008058017727639033,0.0008333472224535399,0.5578565672844449,-0.00016116035455278067
17856,14.880248004133403,0.556809024979855,560,681,1241,0.0,0.0008333472224535399,0.5576954069298921,-0.00016116035455278067
17857,14.881081351355856,0.556809024979855,560,681,1241,0.0,0.0008333472224535399,0.5575342465753393,-0.00016116035455278067
17858,14.88191469857831,0.556809024979855,560,681,1241,0.0,0.0008333472224535399,0.5573730862207865,-0.00016116035455278067
17859,14.882748045800763,0.556809024979855,560,681,1241,0.0,0.0008333472224535399,0.5572119258662338,-0.00016116035455278067
17860,14.883581393023217,0.556809024979855,560,681,1241,0.0,0.0008333472224535399,0.5571313456889573,-8.058017727639034e-05
17861,14.88441474024567,0.556809024979855,560,681,1241,0.0,0.0008333472224535399,0.557050765511681,-8.058017727639034e-05
17862,14.885248087468126,0.556809024979855,560,681,1241,0.0,0.0008333472224553162,0.5569701853344047,-8.058017727639034e-05
17863,14.88608143469058,0.556809024979855,560,681,1241,0.0,0.0008333472224535399,0.5568896051571283,-8.058017727639034e-05
17864,14.886914781913033,0.556809024979855,560,681,1241,0.0,0.0008333472224535399,0.556809024979852,-8.058017727639034e-05
17865,14.887748129135487,0.556809024979855,560,681,1241,0.0,0.0008333472224535399,0.556809024979852,0.0
17866,14.88858147635794,0.5560032232070911,560,681,1241,-0.0008058017727639033,0.0008333472224535399,0.5567284448025756,-8.058017727639034e-05
17867,14.889414823580394,0.5560032232070911,560,681,1241,0.0,0.0008333472224535399,0.5566478646252991,-8.058017727639034e-05
17868,14.890248170802847,0.5560032232070911,560,681,1241,0.0,0.0008333472224535399,0.5565672844480228,-8.058017727639034e-05
17869,14.8910815180253,0.5560032232070911,560,681,1241,0.0,0.0008333472224535399,0.5564867042707464,-8.058017727639034e-05
17870,14.891914865247754,0.5560032232070911,560,681,1241,0.0,0.0008333472224535399,0.5564061240934701,-8.058017727639034e-05
17871,14.892748212470208,0.5560032232070911,560,681,1241,0.0,0.0008333472224535399,0.5563255439161938,-8.058017727639034e-05
17872,14.893581559692661,0.5560032232070911,560,681,1241,0.0,0.0008333472224535399,0.5562449637389174,-8.058017727639034e-05
17873,14.894414906915117,0.556809024979855,560,681,1241,0.0008058017727639033,0.0008333472224553162,0.5562449637389174,0.0
17874,14.89524825413757,0.5576148267526189,560,681,1241,0.0008058017727639033,0.0008333472224535399,0.5563255439161938,8.058017727639034e-05
17875,14.896081601360024,0.5576148267526189,560,681,1241,0.0,0.0008333472224535399,0.5564061240934701,8.058017727639034e-05
17876,14.896914948582477,0.5584206285253828,560,681,1241,0.0008058017727639033,0.0008333472224535399,0.5566478646252992,0.00024174053182917098
17877,14.89774829580493,0.5576148267526189,560,681,1241,-0.0008058017727639033,0.0008333472224535399,0.5568090249798521,0.00016116035455278067
17878,14.898581643027384,0.5576148267526189,560,681,1241,0.0,0.0008333472224535399,0.556970185334405,0.00016116035455278067
17879,14.899414990249838,0.556809024979855,560,681,1241,-0.0008058017727639033,0.0008333472224535399,0.5570507655116813,8.058017727639034e-05
17880,14.900248337472291,0.556809024979855,560,681,1241,0.0,0.0008333472224535399,0.5571313456889577,8.058017727639034e-05
17881,14.901081684694745,0.5560032232070911,560,681,1241,-0.0008058017727639033,0.0008333472224535399,0.5571313456889577,0.0
17882,14.901915031917198,0.5560032232070911,560,681,1241,0.0,0.0008333472224535399,0.5571313456889577,0.0
17883,14.902748379139654,0.5560032232070911,560,681,1241,0.0,0.0008333472224553162,0.5570507655116812,-8.058017727639034e-05
17884,14.903581726362107,0.5560032232070911,560,681,1241,0.0,0.0008333472224535399,0.5568896051571285,-0.00016116035455278067
17885,14.90441507358456,0.5560032232070911,560,681,1241,0.0,0.0008333472224535399,0.5567284448025756,-0.00016116035455278067
17886,14.905248420807014,0.5560032232070911,560,681,1241,0.0,0.0008333472224535399,0.5564867042707464,-0.00024174053182917098
17887,14.906081768029468,0.5560032232070911,560,681,1241,0.0,0.0008333472224535399,0.5563255439161935,-0.00016116035455278067
17888,14.906915115251921,0.5560032232070911,560,681,1241,0.0,0.0008333472224535399,0.5561643835616407,-0.00016116035455278067
17889,14.907748462474375,0.5560032232070911,560,681,1241,0.0,0.0008333472224535399,0.5560838033843643,-8.058017727639034e-05
17890,14.908581809696829,0.5560032232070911,560,681,1241,0.0,0.0008333472224535399,0.5560032232070878,-8.058017727639034e-05
17891,14.909415156919282,0.5560032232070911,560,681,1241,0.0,0.0008333472224535399,0.556003223207088,0.0
17892,14.910248504141736,0.5551974214343272,560,681,1241,-0.0008058017727639033,0.0008333472224535399,0.5559226430298116,-8.058017727639034e-05
17893,14.91108185136419,0.5551974214343272,560,681,1241,0.0,0.0008333472224535399,0.5558420628525352,-8.058017727639034e-05
17894,14.911915198586644,0.5551974214343272,560,681,1241,0.0,0.0008333472224553162,0.5557614826752589,-8.058017727639034e-05
17895,14.912748545809098,0.5551974214343272,560,681,1241,0.0,0.0008333472224535399,0.5556809024979825,-8.058017727639034e-05
17896,14.913581893031552,0.5551974214343272,560,681,1241,0.0,0.0008333472224535399,0.5556003223207062,-8.058017727639034e-05
17897,14.914415240254005,0.556809024979855,560,681,1241,0.0016116035455278066,0.0008333472224535399,0.5556809024979825,8.058017727639034e-05
17898,14.915248587476459,0.5576148267526189,560,681,1241,0.0008058017727639033,0.0008333472224535399,0.5558420628525355,0.00016116035455278067
17899,14.916081934698912,0.556809024979855,560,681,1241,-0.0008058017727639033,0.0008333472224535399,0.5559226430298118,8.058017727639034e-05
17900,14.916915281921366,0.556809024979855,560,681,1241,0.0,0.0008333472224535399,0.5560032232070882,8.058017727639034e-05
17901,14.91774862914382,0.5560032232070911,560,681,1241,-0.0008058017727639033,0.0008333472224535399,0.5560032232070882,0.0
17902,14.918581976366273,0.5560032232070911,560,681,1241,0.0,0.0008333472224535399,0.5560838033843645,8.058017727639034e-05
17903,14.919415323588726,0.5560032232070911,560,681,1241,0.0,0.0008333472224535399,0.5561643835616408,8.058017727639034e-05
17904,14.920248670811182,0.556809024979855,560,681,1241,0.0008058017727639033,0.0008333472224553162,0.5563255439161936,0.00016116035455278067
17905,14.921082018033635,0.556809024979855,560,681,1241,0.0,0.0008333472224535399,0.5564867042707464,0.00016116035455278067
17906,14.921915365256089,0.556809024979855,560,681,1241,0.0,0.0008333472224535399,0.5566478646252991,0.00016116035455278067
17907,14.922748712478542,0.556809024979855,560,681,1241,0.0,0.0008333472224535399,0.5566478646252991,0.0
17908,14.923582059700996,0.556809024979855,560,681,1241,0.0,0.0008333472224535399,0.5565672844480227,-8.058017727639034e-05
17909,14.92441540692345,0.556809024979855,560,681,1241,0.0,0.0008333472224535399,0.5565672844480227,0.0
17910,14.925248754145903,0.556809024979855,560,681,1241,0.0,0.0008333472224535399,0.5565672844480227,0.0
17911,14.926082101368356,0.556809024979855,560,681,1241,0.0,0.0008333472224535399,0.556647864625299,8.058017727639034e-05
17912,14.92691544859081,0.556809024979855,560,681,1241,0.0,0.0008333472224535399,0.5567284448025754,8.058017727639034e-05
17913,14.927748795813264,0.556809024979855,560,681,1241,0.0,0.0008333472224535399,0.5568090249798517,8.058017727639034e-05
17914,14.928582143035717,0.556809024979855,560,681,1241,0.0,0.0008333472224535399,0.5568090249798517,0.0
17915,14.929415490258172,0.556809024979855,560,681,1241,0.0,0.0008333472224553162,0.5568090249798517,0.0
17916,14.930248837480626,0.556809024979855,560,681,1241,0.0,0.0008333472224535399,0.5568090249798517,0.0
17917,14.93108218470308,0.556809024979855,560,681,1241,0.0,0.0008333472224535399,0.5568090249798517,0.0
17918,14.931915531925533,0.556809024979855,560,681,1241,0.0,0.0008333472224535399,0.5568090249798517,0.0
17919,14.932748879147987,0.556809024979855,560,681,1241,0.0,0.0008333472224535399,0.5568090249798517,0.0
17920,14.93358222637044,0.556809024979855,560,681,1241,0.0,0.0008333472224535399,0.5568090249798517,0.0
17921,14.934415573592894,0.5560032232070911,560,681,1241,-0.0008058017727639033,0.0008333472224535399,0.5567284448025753,-8.058017727639034e-05
17922,14.935248920815347,0.5551974214343272,560,681,1241,-0.0008058017727639033,0.0008333472224535399,0.5565672844480225,-0.00016116035455278067
17923,14.9360822680378,0.5551974214343272,560,681,1241,0.0,0.0008333472224535399,0.5564061240934698,-0.00016116035455278067
17924,14.936915615260254,0.5551974214343272,560,681,1241,0.0,0.0008333472224535399,0.556244963738917,-0.00016116035455278067
17925,14.93774896248271,0.5551974214343272,560,681,1241,0.0,0.0008333472224553162,0.5560838033843643,-0.00016116035455278067
17926,14.938582309705163,0.5551974214343272,560,681,1241,0.0,0.0008333472224535399,0.5559226430298114,-0.00016116035455278067
17927,14.939415656927617,0.5551974214343272,560,681,1241,0.0,0.0008333472224535399,0.5557614826752586,-0.00016116035455278067
17928,14.94024900415007,0.5551974214343272,560,681,1241,0.0,0.0008333472224535399,0.5556003223207059,-0.00016116035455278067
17929,14.941082351372524,0.5543916196615633,560,681,1241,-0.0008058017727639033,0.0008333472224535399,0.5553585817888768,-0.00024174053182917098
17930,14.941915698594977,0.5543916196615633,560,681,1241,0.0,0.0008333472224535399,0.5551168412570475,-0.00024174053182917098
17931,14.94274904581743,0.5543916196615633,560,681,1241,0.0,0.0008333472224535399,0.5549556809024947,-0.00016116035455278067
17932,14.943582393039884,0.5543916196615633,560,681,1241,0.0,0.0008333472224535399,0.5548751007252184,-8.058017727639034e-05
17933,14.944415740262338,0.5543916196615633,560,681,1241,0.0,0.0008333472224535399,0.5547945205479421,-8.058017727639034e-05
17934,14.945249087484791,0.5543916196615633,560,681,1241,0.0,0.0008333472224535399,0.5547139403706657,-8.058017727639034e-05
17935,14.946082434707245,0.5543916196615633,560,681,1241,0.0,0.0008333472224535399,0.5546333601933894,-8.058017727639034e-05
17936,14.9469157819297,0.5543916196615633,560,681,1241,0.0,0.0008333472224553162,0.554552780016113,-8.058017727639034e-05
17937,14.947749129152154,0.5543916196615633,560,681,1241,0.0,0.0008333472224535399,0.5544721998388367,-8.058017727639034e-05
17938,14.948582476374607,0.5543916196615633,560,681,1241,0.0,0.0008333472224535399,0.5543916196615604,-8.058017727639034e-05
17939,14.949415823597061,0.5543916196615633,560,681,1241,0.0,0.0008333472224535399,0.5543916196615604,0.0
17940,14.950249170819514,0.5543916196615633,560,681,1241,0.0,0.0008333472224535399,0.5543916196615604,0.0
17941,14.951082518041968,0.5535858178887993,560,681,1241,-0.0008058017727639033,0.0008333472224535399,0.554311039484284,-8.058017727639034e-05
17942,14.951915865264422,0.5535858178887993,560,681,1241,0.0,0.0008333472224535399,0.5542304593070077,-8.058017727639034e-05
17943,14.952749212486875,0.5535858178887993,560,681,1241,0.0,0.0008333472224535399,0.5541498791297312,-8.058017727639034e-05
17944,14.953582559709329,0.5543916196615633,560,681,1241,0.0008058017727639033,0.0008333472224535399,0.5541498791297312,0.0
17945,14.954415906931782,0.5543916196615633,560,681,1241,0.0,0.0008333472224535399,0.5541498791297312,0.0
17946,14.955249254154236,0.5543916196615633,560,681,1241,0.0,0.0008333472224535399,0.5541498791297312,0.0
17947,14.956082601376691,0.5543916196615633,560,681,1241,0.0,0.0008333472224553162,0.5541498791297312,0.0
17948,14.956915948599145,0.5543916196615633,560,681,1241,0.0,0.0008333472224535399,0.5541498791297312,0.0
17949,14.957749295821598,0.5543916196615633,560,681,1241,0.0,0.0008333472224535399,0.5541498791297312,0.0
17950,14.958582643044052,0.5543916196615633,560,681,1241,0.0,0.0008333472224535399,0.5541498791297312,0.0
17951,14.959415990266505,0.5543916196615633,560,681,1241,0.0,0.0008333472224535399,0.5542304593070078,8.058017727639034e-05
17952,14.960249337488959,0.5543916196615633,560,681,1241,0.0,0.0008333472224535399,0.5543110394842841,8.058017727639034e-05
17953,14.961082684711412,0.5543916196615633,560,681,1241,0.0,0.0008333472224535399,0.5543916196615604,8.058017727639034e-05
17954,14.961916031933866,0.5543916196615633,560,681,1241,0.0,0.0008333472224535399,0.5543916196615604,0.0
17955,14.96274937915632,0.5543916196615633,560,681,1241,0.0,0.0008333472224535399,0.5543916196615604,0.0
17956,14.963582726378773,0.5543916196615633,560,681,1241,0.0,0.0008333472224535399,0.5543916196615604,0.0
17957,14.964416073601228,0.5543916196615633,560,681,1241,0.0,0.0008333472224553162,0.5543916196615604,0.0
17958,14.965249420823682,0.5543916196615633,560,681,1241,0.0,0.0008333472224535399,0.5543916196615604,0.0
17959,14.966082768046135,0.5543916196615633,560,681,1241,0.0,0.0008333472224535399,0.5543916196615604,0.0
17960,14.966916115268589,0.5543916196615633,560,681,1241,0.0,0.0008333472224535399,0.5543916196615604,0.0
17961,14.967749462491042,0.5543916196615633,560,681,1241,0.0,0.0008333472224535399,0.5543916196615604,0.0
17962,14.968582809713496,0.5543916196615633,560,681,1241,0.0,0.0008333472224535399,0.5543916196615604,0.0
17963,14.96941615693595,0.5543916196615633,560,681,1241,0.0,0.0008333472224535399,0.5543916196615604,0.0
17964,14.970249504158403,0.5543916196615633,560,681,1241,0.0,0.0008333472224535399,0.5543916196615604,0.0
17965,14.971082851380856,0.5543916196615633,560,681,1241,0.0,0.0008333472224535399,0.5543916196615604,0.0
17966,14.97191619860331,0.5551974214343272,560,681,1241,0.0008058017727639033,0.0008333472224535399,0.5544721998388367,8.058017727639034e-05
17967,14.972749545825764,0.5551974214343272,560,681,1241,0.0,0.0008333472224535399,0.554552780016113,8.058017727639034e-05
17968,14.973582893048219,0.5551974214343272,560,681,1241,0.0,0.0008333472224553162,0.5546333601933894,8.058017727639034e-05
17969,14.974416240270672,0.5551974214343272,560,681,1241,0.0,0.0008333472224535399,0.5547139403706657,8.058017727639034e-05
17970,14.975249587493126,0.5551974214343272,560,681,1241,0.0,0.0008333472224535399,0.5547945205479421,8.058017727639034e-05
17971,14.97608293471558,0.5560032232070911,560,681,1241,0.0008058017727639033,0.0008333472224535399,0.5549556809024947,0.00016116035455278067
17972,14.976916281938033,0.5560032232070911,560,681,1241,0.0,0.0008333472224535399,0.5551168412570474,0.00016116035455278067
17973,14.977749629160487,0.5560032232070911,560,681,1241,0.0,0.0008333472224535399,0.5552780016116001,0.00016116035455278067
17974,14.97858297638294,0.5551974214343272,560,681,1241,-0.0008058017727639033,0.0008333472224535399,0.5553585817888764,8.058017727639034e-05
17975,14.979416323605394,0.5551974214343272,560,681,1241,0.0,0.0008333472224535399,0.5554391619661528,8.058017727639034e-05
17976,14.980249670827847,0.5551974214343272,560,681,1241,0.0,0.0008333472224535399,0.5554391619661528,0.0
17977,14.9810830180503,0.5551974214343272,560,681,1241,0.0,0.0008333472224535399,0.5554391619661528,0.0
17978,14.981916365272756,0.5560032232070911,560,681,1241,0.0008058017727639033,0.0008333472224553162,0.5555197421434291,8.058017727639034e-05
17979,14.98274971249521,0.5560032232070911,560,681,1241,0.0,0.0008333472224535399,0.5556003223207056,8.058017727639034e-05
17980,14.983583059717663,0.5551974214343272,560,681,1241,-0.0008058017727639033,0.0008333472224535399,0.5556003223207056,0.0
17981,14.984416406940117,0.5551974214343272,560,681,1241,0.0,0.0008333472224535399,0.5555197421434291,-8.058017727639034e-05
17982,14.98524975416257,0.5551974214343272,560,681,1241,0.0,0.0008333472224535399,0.5554391619661528,-8.058017727639034e-05
17983,14.986083101385024,0.5551974214343272,560,681,1241,0.0,0.0008333472224535399,0.5553585817888764,-8.058017727639034e-05
17984,14.986916448607477,0.5551974214343272,560,681,1241,0.0,0.0008333472224535399,0.5553585817888764,0.0
17985,14.98774979582993,0.5551974214343272,560,681,1241,0.0,0.0008333472224535399,0.5553585817888764,0.0
17986,14.988583143052384,0.5543916196615633,560,681,1241,-0.0008058017727639033,0.0008333472224535399,0.5552780016116001,-8.058017727639034e-05
17987,14.989416490274838,0.5543916196615633,560,681,1241,0.0,0.0008333472224535399,0.5551974214343238,-8.058017727639034e-05
17988,14.990249837497291,0.5543916196615633,560,681,1241,0.0,0.0008333472224535399,0.5550362610797711,-0.00016116035455278067
17989,14.991083184719747,0.5543916196615633,560,681,1241,0.0,0.0008333472224553162,0.5548751007252184,-0.00016116035455278067
17990,14.9919165319422,0.5543916196615633,560,681,1241,0.0,0.0008333472224535399,0.5547945205479421,-8.058017727639034e-05
17991,14.992749879164654,0.5543916196615633,560,681,1241,0.0,0.0008333472224535399,0.5547139403706657,-8.058017727639034e-05
17992,14.993583226387107,0.5551974214343272,560,681,1241,0.0008058017727639033,0.0008333472224535399,0.5547139403706657,0.0
17993,14.994416573609561,0.5560032232070911,560,681,1241,0.0008058017727639033,0.0008333472224535399,0.5547945205479421,8.058017727639034e-05
17994,14.995249920832014,0.5560032232070911,560,681,1241,0.0,0.0008333472224535399,0.5548751007252184,8.058017727639034e-05
17995,14.996083268054468,0.5560032232070911,560,681,1241,0.0,0.0008333472224535399,0.5549556809024947,8.058017727639034e-05
17996,14.996916615276922,0.5560032232070911,560,681,1241,0.0,0.0008333472224535399,0.5551168412570474,0.00016116035455278067
17997,14.997749962499375,0.5560032232070911,560,681,1241,0.0,0.0008333472224535399,0.5552780016116001,0.00016116035455278067
17998,14.998583309721829,0.5560032232070911,560,681,1241,0.0,0.0008333472224535399,0.5554391619661528,0.00016116035455278067
17999,14.999416656944282,0.5560032232070911,560,681,1241,0.0,0.0008333472224535399,0.5556003223207056,0.00016116035455278067
18000,15.000250004166737,0.5551974214343272,560,681,1241,-0.0008058017727639033,0.0008333472224553162,0.5556809024979819,8.058017727639034e-05
18001,15.001083351389191,0.5551974214343272,560,681,1241,0.0,0.0008333472224535399,0.5557614826752582,8.058017727639034e-05
18002,15.001916698611645,0.5551974214343272,560,681,1241,0.0,0.0008333472224535399,0.5557614826752582,0.0
18003,15.002750045834098,0.5551974214343272,560,681,1241,0.0,0.0008333472224535399,0.5556809024979819,-8.058017727639034e-05
18004,15.003583393056552,0.5551974214343272,560,681,1241,0.0,0.0008333472224535399,0.5556003223207056,-8.058017727639034e-05
18005,15.004416740279005,0.5551974214343272,560,681,1241,0.0,0.0008333472224535399,0.5555197421434291,-8.058017727639034e-05
18006,15.005250087501459,0.5551974214343272,560,681,1241,0.0,0.0008333472224535399,0.5554391619661528,-8.058017727639034e-05
18007,15.006083434723912,0.5551974214343272,560,681,1241,0.0,0.0008333472224535399,0.5553585817888764,-8.058017727639034e-05
18008,15.006916781946366,0.5551974214343272,560,681,1241,0.0,0.0008333472224535399,0.5552780016116001,-8.058017727639034e-05
18009,15.00775012916882,0.5551974214343272,560,681,1241,0.0,0.0008333472224535399,0.5551974214343238,-8.058017727639034e-05
18010,15.008583476391275,0.5551974214343272,560,681,1241,0.0,0.0008333472224553162,0.5551974214343238,0.0
18011,15.009416823613728,0.5551974214343272,560,681,1241,0.0,0.0008333472224535399,0.5551974214343238,0.0
18012,15.010250170836182,0.5551974214343272,560,681,1241,0.0,0.0008333472224535399,0.5551974214343238,0.0
18013,15.011083518058635,0.5551974214343272,560,681,1241,0.0,0.0008333472224535399,0.5551974214343238,0.0
18014,15.011916865281089,0.5560032232070911,560,681,1241,0.0008058017727639033,0.0008333472224535399,0.5552780016116001,8.058017727639034e-05
18015,15.012750212503542,0.5560032232070911,560,681,1241,0.0,0.0008333472224535399,0.5553585817888764,8.058017727639034e-05
18016,15.013583559725996,0.5560032232070911,560,681,1241,0.0,0.0008333472224535399,0.5554391619661528,8.058017727639034e-05
18017,15.01441690694845,0.5560032232070911,560,681,1241,0.0,0.0008333472224535399,0.5555197421434291,8.058017727639034e-05
18018,15.015250254170903,0.5560032232070911,560,681,1241,0.0,0.0008333472224535399,0.5556003223207056,8.058017727639034e-05
18019,15.016083601393357,0.5560032232070911,560,681,1241,0.0,0.0008333472224535399,0.5556809024979819,8.058017727639034e-05
18020,15.01691694861581,0.5560032232070911,560,681,1241,0.0,0.0008333472224535399,0.5557614826752582,8.058017727639034e-05
18021,15.017750295838265,0.5560032232070911,560,681,1241,0.0,0.0008333472224553162,0.5558420628525346,8.058017727639034e-05
18022,15.018583643060719,0.5560032232070911,560,681,1241,0.0,0.0008333472224535399,0.5559226430298109,8.058017727639034e-05
18023,15.019416990283172,0.5560032232070911,560,681,1241,0.0,0.0008333472224535399,0.5560032232070873,8.058017727639034e-05
18024,15.020250337505626,0.5560032232070911,560,681,1241,0.0,0.0008333472224535399,0.5560032232070873,0.0
18025,15.02108368472808,0.5560032232070911,560,681,1241,0.0,0.0008333472224535399,0.5560032232070873,0.0
18026,15.021917031950533,0.556809024979855,560,681,1241,0.0008058017727639033,0.0008333472224535399,0.5560838033843636,8.058017727639034e-05
18027,15.022750379172987,0.556809024979855,560,681,1241,0.0,0.0008333472224535399,0.5561643835616399,8.058017727639034e-05
18028,15.02358372639544,0.5560032232070911,560,681,1241,-0.0008058017727639033,0.0008333472224535399,0.5561643835616399,0.0
18029,15.024417073617894,0.5551974214343272,560,681,1241,-0.0008058017727639033,0.0008333472224535399,0.5560838033843636,-8.058017727639034e-05
18030,15.025250420840347,0.5551974214343272,560,681,1241,0.0,0.0008333472224535399,0.5560032232070873,-8.058017727639034e-05
18031,15.026083768062803,0.5551974214343272,560,681,1241,0.0,0.0008333472224553162,0.5559226430298109,-8.058017727639034e-05
18032,15.026917115285256,0.5551974214343272,560,681,1241,0.0,0.0008333472224535399,0.5558420628525346,-8.058017727639034e-05
18033,15.02775046250771,0.5560032232070911,560,681,1241,0.0008058017727639033,0.0008333472224535399,0.5558420628525346,0.0
18034,15.028583809730163,0.5551974214343272,560,681,1241,-0.0008058017727639033,0.0008333472224535399,0.5557614826752582,-8.058017727639034e-05
18035,15.029417156952617,0.5551974214343272,560,681,1241,0.0,0.0008333472224535399,0.5556809024979819,-8.058017727639034e-05
18036,15.03025050417507,0.5551974214343272,560,681,1241,0.0,0.0008333472224535399,0.555519742143429,-0.00016116035455278067
18037,15.031083851397524,0.5551974214343272,560,681,1241,0.0,0.0008333472224535399,0.5553585817888763,-0.00016116035455278067
18038,15.031917198619977,0.5551974214343272,560,681,1241,0.0,0.0008333472224535399,0.5552780016115999,-8.058017727639034e-05
18039,15.03275054584243,0.5551974214343272,560,681,1241,0.0,0.0008333472224535399,0.5552780016115999,0.0
18040,15.033583893064884,0.5551974214343272,560,681,1241,0.0,0.0008333472224535399,0.5552780016115999,0.0
18041,15.034417240287338,0.5551974214343272,560,681,1241,0.0,0.0008333472224535399,0.5552780016115999,0.0
18042,15.035250587509793,0.5551974214343272,560,681,1241,0.0,0.0008333472224553162,0.5552780016115999,0.0
18043,15.036083934732247,0.5551974214343272,560,681,1241,0.0,0.0008333472224535399,0.5551974214343236,-8.058017727639034e-05
18044,15.0369172819547,0.5560032232070911,560,681,1241,0.0008058017727639033,0.0008333472224535399,0.5552780016115999,8.058017727639034e-05
18045,15.037750629177154,0.5560032232070911,560,681,1241,0.0,0.0008333472224535399,0.5553585817888763,8.058017727639034e-05
18046,15.038583976399607,0.5560032232070911,560,681,1241,0.0,0.0008333472224535399,0.5554391619661526,8.058017727639034e-05
18047,15.039417323622061,0.5560032232070911,560,681,1241,0.0,0.0008333472224535399,0.555519742143429,8.058017727639034e-05
18048,15.040250670844515,0.5560032232070911,560,681,1241,0.0,0.0008333472224535399,0.5556003223207053,8.058017727639034e-05
18049,15.041084018066968,0.5560032232070911,560,681,1241,0.0,0.0008333472224535399,0.5556809024979816,8.058017727639034e-05
18050,15.041917365289422,0.5560032232070911,560,681,1241,0.0,0.0008333472224535399,0.555761482675258,8.058017727639034e-05
18051,15.042750712511875,0.5560032232070911,560,681,1241,0.0,0.0008333472224535399,0.5558420628525343,8.058017727639034e-05
18052,15.043584059734329,0.5560032232070911,560,681,1241,0.0,0.0008333472224535399,0.5559226430298108,8.058017727639034e-05
18053,15.044417406956784,0.5560032232070911,560,681,1241,0.0,0.0008333472224553162,0.5560032232070871,8.058017727639034e-05
18054,15.045250754179238,0.5560032232070911,560,681,1241,0.0,0.0008333472224535399,0.5560032232070871,0.0
18055,15.046084101401691,0.5560032232070911,560,681,1241,0.0,0.0008333472224535399,0.5560032232070871,0.0
18056,15.046917448624145,0.5576148267526189,560,681,1241,0.0016116035455278066,0.0008333472224535399,0.5561643835616399,0.00016116035455278067
18057,15.047750795846598,0.5560032232070911,560,681,1241,-0.0016116035455278066,0.0008333472224535399,0.5561643835616399,0.0
18058,15.048584143069052,0.5560032232070911,560,681,1241,0.0,0.0008333472224535399,0.5561643835616399,0.0
18059,15.049417490291505,0.5560032232070911,560,681,1241,0.0,0.0008333472224535399,0.5561643835616399,0.0
18060,15.050250837513959,0.5560032232070911,560,681,1241,0.0,0.0008333472224535399,0.5561643835616399,0.0
18061,15.051084184736412,0.5560032232070911,560,681,1241,0.0,0.0008333472224535399,0.5561643835616399,0.0
18062,15.051917531958866,0.5560032232070911,560,681,1241,0.0,0.0008333472224535399,0.5561643835616399,0.0
18063,15.052750879181321,0.5560032232070911,560,681,1241,0.0,0.0008333472224553162,0.5561643835616399,0.0
18064,15.053584226403775,0.5560032232070911,560,681,1241,0.0,0.0008333472224535399,0.5561643835616399,0.0
18065,15.054417573626228,0.5560032232070911,560,681,1241,0.0,0.0008333472224535399,0.5561643835616399,0.0
18066,15.055250920848682,0.5551974214343272,560,681,1241,-0.0008058017727639033,0.0008333472224535399,0.5559226430298108,-0.00024174053182917098
18067,15.056084268071135,0.5551974214343272,560,681,1241,0.0,0.0008333472224535399,0.5558420628525343,-8.058017727639034e-05
18068,15.056917615293589,0.5551974214343272,560,681,1241,0.0,0.0008333472224535399,0.555761482675258,-8.058017727639034e-05
18069,15.057750962516042,0.5551974214343272,560,681,1241,0.0,0.0008333472224535399,0.5556809024979816,-8.058017727639034e-05
18070,15.058584309738496,0.5560032232070911,560,681,1241,0.0008058017727639033,0.0008333472224535399,0.5556809024979816,0.0
18071,15.05941765696095,0.5560032232070911,560,681,1241,0.0,0.0008333472224535399,0.5556809024979816,0.0
18072,15.060251004183403,0.5560032232070911,560,681,1241,0.0,0.0008333472224535399,0.5556809024979816,0.0
18073,15.061084351405857,0.5560032232070911,560,681,1241,0.0,0.0008333472224535399,0.5556809024979816,0.0
18074,15.061917698628312,0.5560032232070911,560,681,1241,0.0,0.0008333472224553162,0.5556809024979816,0.0
18075,15.062751045850765,0.5560032232070911,560,681,1241,0.0,0.0008333472224535399,0.5556809024979816,0.0
18076,15.063584393073219,0.5560032232070911,560,681,1241,0.0,0.0008333472224535399,0.555761482675258,8.058017727639034e-05
18077,15.064417740295672,0.5560032232070911,560,681,1241,0.0,0.0008333472224535399,0.5558420628525343,8.058017727639034e-05
18078,15.065251087518126,0.5560032232070911,560,681,1241,0.0,0.0008333472224535399,0.5559226430298108,8.058017727639034e-05
18079,15.06608443474058,0.5560032232070911,560,681,1241,0.0,0.0008333472224535399,0.5560032232070871,8.058017727639034e-05
18080,15.066917781963033,0.5560032232070911,560,681,1241,0.0,0.0008333472224535399,0.5560032232070871,0.0
18081,15.067751129185487,0.5560032232070911,560,681,1241,0.0,0.0008333472224535399,0.5560032232070871,0.0
18082,15.06858447640794,0.5560032232070911,560,681,1241,0.0,0.0008333472224535399,0.5560032232070871,0.0
18083,15.069417823630394,0.5560032232070911,560,681,1241,0.0,0.0008333472224535399,0.5560032232070871,0.0
18084,15.070251170852849,0.5560032232070911,560,681,1241,0.0,0.0008333472224553162,0.5560032232070871,0.0
18085,15.071084518075303,0.5560032232070911,560,681,1241,0.0,0.0008333472224535399,0.5560032232070871,0.0
18086,15.071917865297756,0.5560032232070911,560,681,1241,0.0,0.0008333472224535399,0.5560032232070871,0.0
18087,15.07275121252021,0.5560032232070911,560,681,1241,0.0,0.0008333472224535399,0.5560032232070871,0.0
18088,15.073584559742663,0.5560032232070911,560,681,1241,0.0,0.0008333472224535399,0.5560032232070871,0.0
18089,15.074417906965117,0.5560032232070911,560,681,1241,0.0,0.0008333472224535399,0.5560032232070871,0.0
18090,15.07525125418757,0.5560032232070911,560,681,1241,0.0,0.0008333472224535399,0.5560032232070871,0.0
18091,15.076084601410024,0.5560032232070911,560,681,1241,0.0,0.0008333472224535399,0.5560032232070871,0.0
18092,15.076917948632477,0.5560032232070911,560,681,1241,0.0,0.0008333472224535399,0.5560032232070871,0.0
18093,15.077751295854931,0.5560032232070911,560,681,1241,0.0,0.0008333472224535399,0.5560032232070871,0.0
18094,15.078584643077384,0.5560032232070911,560,681,1241,0.0,0.0008333472224535399,0.5560032232070871,0.0
18095,15.07941799029984,0.5576148267526189,560,681,1241,0.0016116035455278066,0.0008333472224553162,0.5561643835616399,0.00016116035455278067
18096,15.080251337522293,0.5576148267526189,560,681,1241,0.0,0.0008333472224535399,0.5563255439161928,0.00016116035455278067
18097,15.081084684744747,0.5576148267526189,560,681,1241,0.0,0.0008333472224535399,0.5564867042707456,0.00016116035455278067
18098,15.0819180319672,0.5576148267526189,560,681,1241,0.0,0.0008333472224535399,0.5566478646252986,0.00016116035455278067
18099,15.082751379189654,0.5576148267526189,560,681,1241,0.0,0.0008333472224535399,0.5568090249798514,0.00016116035455278067
18100,15.083584726412107,0.5592264302981467,560,681,1241,0.0016116035455278066,0.0008333472224535399,0.557131345688957,0.00032232070910556134
18101,15.084418073634561,0.5592264302981467,560,681,1241,0.0,0.0008333472224535399,0.5574536663980625,0.00032232070910556134
18102,15.085251420857015,0.5592264302981467,560,681,1241,0.0,0.0008333472224535399,0.5577759871071681,0.00032232070910556134
18103,15.086084768079468,0.5584206285253828,560,681,1241,-0.0008058017727639033,0.0008333472224535399,0.5580177276389973,0.00024174053182917098
18104,15.086918115301922,0.5584206285253828,560,681,1241,0.0,0.0008333472224535399,0.5582594681708265,0.00024174053182917098
18105,15.087751462524375,0.5584206285253828,560,681,1241,0.0,0.0008333472224535399,0.5583400483481029,8.058017727639034e-05
18106,15.08858480974683,0.5584206285253828,560,681,1241,0.0,0.0008333472224553162,0.5584206285253792,8.058017727639034e-05
18107,15.089418156969284,0.5584206285253828,560,681,1241,0.0,0.0008333472224535399,0.5585012087026555,8.058017727639034e-05
18108,15.090251504191738,0.5584206285253828,560,681,1241,0.0,0.0008333472224535399,0.5585817888799319,8.058017727639034e-05
18109,15.091084851414191,0.5584206285253828,560,681,1241,0.0,0.0008333472224535399,0.5586623690572082,8.058017727639034e-05
18110,15.091918198636645,0.5584206285253828,560,681,1241,0.0,0.0008333472224535399,0.5585817888799319,-8.058017727639034e-05
18111,15.092751545859098,0.5600322320709106,560,681,1241,0.0016116035455278066,0.0008333472224535399,0.5586623690572082,8.058017727639034e-05
18112,15.093584893081552,0.5600322320709106,560,681,1241,0.0,0.0008333472224535399,0.5587429492344846,8.058017727639034e-05
18113,15.094418240304005,0.5600322320709106,560,681,1241,0.0,0.0008333472224535399,0.5589041095890374,0.00016116035455278067
18114,15.095251587526459,0.5600322320709106,560,681,1241,0.0,0.0008333472224535399,0.5590652699435902,0.00016116035455278067
18115,15.096084934748912,0.5600322320709106,560,681,1241,0.0,0.0008333472224535399,0.5592264302981429,0.00016116035455278067
18116,15.096918281971368,0.5608380338436745,560,681,1241,0.0008058017727639033,0.0008333472224553162,0.559468170829972,0.00024174053182917098
18117,15.097751629193821,0.5608380338436745,560,681,1241,0.0,0.0008333472224535399,0.5597099113618013,0.00024174053182917098
18118,15.098584976416275,0.5600322320709106,560,681,1241,-0.0008058017727639033,0.0008333472224535399,0.5598710717163541,0.00016116035455278067
18119,15.099418323638728,0.5600322320709106,560,681,1241,0.0,0.0008333472224535399,0.5600322320709068,0.00016116035455278067
18120,15.100251670861182,0.5600322320709106,560,681,1241,0.0,0.0008333472224535399,0.5601933924254596,0.00016116035455278067
18121,15.101085018083635,0.5600322320709106,560,681,1241,0.0,0.0008333472224535399,0.5601933924254596,0.0
18122,15.101918365306089,0.5600322320709106,560,681,1241,0.0,0.0008333472224535399,0.5601933924254596,0.0
18123,15.102751712528542,0.5600322320709106,560,681,1241,0.0,0.0008333472224535399,0.5601933924254596,0.0
18124,15.103585059750996,0.5600322320709106,560,681,1241,0.0,0.0008333472224535399,0.5601933924254596,0.0
18125,15.10441840697345,0.5600322320709106,560,681,1241,0.0,0.0008333472224535399,0.5601933924254596,0.0
18126,15.105251754195903,0.5600322320709106,560,681,1241,0.0,0.0008333472224535399,0.5601128122481832,-8.058017727639034e-05
18127,15.106085101418358,0.5600322320709106,560,681,1241,0.0,0.0008333472224553162,0.5600322320709068,-8.058017727639034e-05
18128,15.106918448640812,0.5600322320709106,560,681,1241,0.0,0.0008333472224535399,0.5600322320709068,0.0
18129,15.107751795863265,0.5608380338436745,560,681,1241,0.0008058017727639033,0.0008333472224535399,0.5601128122481833,8.058017727639034e-05
18130,15.108585143085719,0.5608380338436745,560,681,1241,0.0,0.0008333472224535399,0.5601933924254596,8.058017727639034e-05
18131,15.109418490308173,0.5608380338436745,560,681,1241,0.0,0.0008333472224535399,0.5602739726027359,8.058017727639034e-05
18132,15.110251837530626,0.5608380338436745,560,681,1241,0.0,0.0008333472224535399,0.5603545527800123,8.058017727639034e-05
18133,15.11108518475308,0.5608380338436745,560,681,1241,0.0,0.0008333472224535399,0.5604351329572886,8.058017727639034e-05
18134,15.111918531975533,0.5608380338436745,560,681,1241,0.0,0.0008333472224535399,0.560515713134565,8.058017727639034e-05
18135,15.112751879197987,0.5608380338436745,560,681,1241,0.0,0.0008333472224535399,0.5605962933118414,8.058017727639034e-05
18136,15.11358522642044,0.5608380338436745,560,681,1241,0.0,0.0008333472224535399,0.5606768734891177,8.058017727639034e-05
18137,15.114418573642896,0.5608380338436745,560,681,1241,0.0,0.0008333472224553162,0.5607574536663941,8.058017727639034e-05
18138,15.115251920865349,0.5608380338436745,560,681,1241,0.0,0.0008333472224535399,0.5608380338436704,8.058017727639034e-05
18139,15.116085268087803,0.5608380338436745,560,681,1241,0.0,0.0008333472224535399,0.5608380338436703,0.0
18140,15.116918615310256,0.5608380338436745,560,681,1241,0.0,0.0008333472224535399,0.5608380338436703,0.0
18141,15.11775196253271,0.5608380338436745,560,681,1241,0.0,0.0008333472224535399,0.5608380338436703,0.0
18142,15.118585309755163,0.5608380338436745,560,681,1241,0.0,0.0008333472224535399,0.5608380338436703,0.0
18143,15.119418656977617,0.5608380338436745,560,681,1241,0.0,0.0008333472224535399,0.5608380338436703,0.0
18144,15.12025200420007,0.5608380338436745,560,681,1241,0.0,0.0008333472224535399,0.5608380338436703,0.0
18145,15.121085351422524,0.5608380338436745,560,681,1241,0.0,0.0008333472224535399,0.5608380338436703,0.0
18146,15.121918698644977,0.5608380338436745,560,681,1241,0.0,0.0008333472224535399,0.5608380338436703,0.0
18147,15.122752045867431,0.5600322320709106,560,681,1241,-0.0008058017727639033,0.0008333472224535399,0.560757453666394,-8.058017727639034e-05
18148,15.123585393089886,0.5600322320709106,560,681,1241,0.0,0.0008333472224553162,0.5606768734891177,-8.058017727639034e-05
18149,15.12441874031234,0.5600322320709106,560,681,1241,0.0,0.0008333472224535399,0.5605962933118412,-8.058017727639034e-05
18150,15.125252087534793,0.5600322320709106,560,681,1241,0.0,0.0008333472224535399,0.5605157131345649,-8.058017727639034e-05
18151,15.126085434757247,0.5600322320709106,560,681,1241,0.0,0.0008333472224535399,0.5604351329572885,-8.058017727639034e-05
18152,15.1269187819797,0.5608380338436745,560,681,1241,0.0008058017727639033,0.0008333472224535399,0.5604351329572885,0.0
18153,15.127752129202154,0.5608380338436745,560,681,1241,0.0,0.0008333472224535399,0.5604351329572885,0.0
18154,15.128585476424607,0.5608380338436745,560,681,1241,0.0,0.0008333472224535399,0.5604351329572885,0.0
18155,15.129418823647061,0.5600322320709106,560,681,1241,-0.0008058017727639033,0.0008333472224535399,0.5603545527800122,-8.058017727639034e-05
18156,15.130252170869515,0.5600322320709106,560,681,1241,0.0,0.0008333472224535399,0.5602739726027359,-8.058017727639034e-05
18157,15.131085518091968,0.5600322320709106,560,681,1241,0.0,0.0008333472224535399,0.5602739726027359,0.0
18158,15.131918865314423,0.5600322320709106,560,681,1241,0.0,0.0008333472224553162,0.5602739726027359,0.0
18159,15.132752212536877,0.5600322320709106,560,681,1241,0.0,0.0008333472224535399,0.5602739726027359,0.0
18160,15.13358555975933,0.5600322320709106,560,681,1241,0.0,0.0008333472224535399,0.5602739726027359,0.0
18161,15.134418906981784,0.5600322320709106,560,681,1241,0.0,0.0008333472224535399,0.5602739726027359,0.0
18162,15.135252254204238,0.5592264302981467,560,681,1241,-0.0008058017727639033,0.0008333472224535399,0.560112812248183,-0.00016116035455278067
18163,15.136085601426691,0.5592264302981467,560,681,1241,0.0,0.0008333472224535399,0.5599516518936302,-0.00016116035455278067
18164,15.136918948649145,0.5592264302981467,560,681,1241,0.0,0.0008333472224535399,0.5597904915390772,-0.00016116035455278067
18165,15.137752295871598,0.5584206285253828,560,681,1241,-0.0008058017727639033,0.0008333472224535399,0.5596293311845245,-0.00016116035455278067
18166,15.138585643094052,0.5584206285253828,560,681,1241,0.0,0.0008333472224535399,0.5594681708299717,-0.00016116035455278067
18167,15.139418990316505,0.5592264302981467,560,681,1241,0.0008058017727639033,0.0008333472224535399,0.5593875906526953,-8.058017727639034e-05
18168,15.140252337538959,0.5592264302981467,560,681,1241,0.0,0.0008333472224535399,0.559307010475419,-8.058017727639034e-05
18169,15.141085684761414,0.5592264302981467,560,681,1241,0.0,0.0008333472224553162,0.5592264302981426,-8.058017727639034e-05
18170,15.141919031983868,0.5592264302981467,560,681,1241,0.0,0.0008333472224535399,0.5591458501208663,-8.058017727639034e-05
18171,15.142752379206321,0.5584206285253828,560,681,1241,-0.0008058017727639033,0.0008333472224535399,0.5589846897663134,-0.00016116035455278067
18172,15.143585726428775,0.5576148267526189,560,681,1241,-0.0008058017727639033,0.0008333472224535399,0.5588235294117607,-0.00016116035455278067
18173,15.144419073651228,0.5576148267526189,560,681,1241,0.0,0.0008333472224535399,0.5586623690572081,-0.00016116035455278067
18174,15.145252420873682,0.5576148267526189,560,681,1241,0.0,0.0008333472224535399,0.5585012087026554,-0.00016116035455278067
18175,15.146085768096135,0.5576148267526189,560,681,1241,0.0,0.0008333472224535399,0.558420628525379,-8.058017727639034e-05
18176,15.146919115318589,0.5576148267526189,560,681,1241,0.0,0.0008333472224535399,0.5583400483481027,-8.058017727639034e-05
18177,15.147752462541042,0.5576148267526189,560,681,1241,0.0,0.0008333472224535399,0.55817888799355,-0.00016116035455278067
18178,15.148585809763496,0.5576148267526189,560,681,1241,0.0,0.0008333472224535399,0.5580177276389973,-0.00016116035455278067
18179,15.14941915698595,0.5576148267526189,560,681,1241,0.0,0.0008333472224535399,0.5578565672844447,-0.00016116035455278067
18180,15.150252504208405,0.5576148267526189,560,681,1241,0.0,0.0008333472224553162,0.557695406929892,-0.00016116035455278067
18181,15.151085851430858,0.5576148267526189,560,681,1241,0.0,0.0008333472224535399,0.5576148267526155,-8.058017727639034e-05
18182,15.151919198653312,0.5576148267526189,560,681,1241,0.0,0.0008333472224535399,0.5576148267526155,0.0
18183,15.152752545875765,0.5576148267526189,560,681,1241,0.0,0.0008333472224535399,0.5576148267526155,0.0
18184,15.153585893098219,0.5576148267526189,560,681,1241,0.0,0.0008333472224535399,0.5576148267526155,0.0
18185,15.154419240320673,0.5576148267526189,560,681,1241,0.0,0.0008333472224535399,0.5576148267526155,0.0
18186,15.155252587543126,0.5576148267526189,560,681,1241,0.0,0.0008333472224535399,0.5576148267526155,0.0
18187,15.15608593476558,0.5576148267526189,560,681,1241,0.0,0.0008333472224535399,0.5576148267526155,0.0
18188,15.156919281988033,0.5576148267526189,560,681,1241,0.0,0.0008333472224535399,0.5576148267526155,0.0
18189,15.157752629210487,0.5576148267526189,560,681,1241,0.0,0.0008333472224535399,0.5576148267526155,0.0
18190,15.158585976432942,0.5576148267526189,560,681,1241,0.0,0.0008333472224553162,0.5576148267526155,0.0
18191,15.159419323655396,0.5576148267526189,560,681,1241,0.0,0.0008333472224535399,0.5576148267526155,0.0
18192,15.16025267087785,0.5576148267526189,560,681,1241,0.0,0.0008333472224535399,0.5576148267526155,0.0
18193,15.161086018100303,0.5576148267526189,560,681,1241,0.0,0.0008333472224535399,0.5576148267526155,0.0
18194,15.161919365322756,0.556809024979855,560,681,1241,-0.0008058017727639033,0.0008333472224535399,0.5575342465753392,-8.058017727639034e-05
18195,15.16275271254521,0.556809024979855,560,681,1241,0.0,0.0008333472224535399,0.5574536663980629,-8.058017727639034e-05
18196,15.163586059767663,0.556809024979855,560,681,1241,0.0,0.0008333472224535399,0.5573730862207865,-8.058017727639034e-05
18197,15.164419406990117,0.556809024979855,560,681,1241,0.0,0.0008333472224535399,0.5572925060435102,-8.058017727639034e-05
18198,15.16525275421257,0.556809024979855,560,681,1241,0.0,0.0008333472224535399,0.5572119258662338,-8.058017727639034e-05
18199,15.166086101435024,0.556809024979855,560,681,1241,0.0,0.0008333472224535399,0.5571313456889575,-8.058017727639034e-05
18200,15.166919448657477,0.5576148267526189,560,681,1241,0.0008058017727639033,0.0008333472224535399,0.5571313456889575,0.0
18201,15.167752795879933,0.5576148267526189,560,681,1241,0.0,0.0008333472224553162,0.5571313456889575,0.0
18202,15.168586143102386,0.5576148267526189,560,681,1241,0.0,0.0008333472224535399,0.5571313456889575,0.0
18203,15.16941949032484,0.5576148267526189,560,681,1241,0.0,0.0008333472224535399,0.5571313456889575,0.0
18204,15.170252837547293,0.5576148267526189,560,681,1241,0.0,0.0008333472224535399,0.5572119258662339,8.058017727639034e-05
18205,15.171086184769747,0.5576148267526189,560,681,1241,0.0,0.0008333472224535399,0.5572925060435103,8.058017727639034e-05
18206,15.1719195319922,0.5576148267526189,560,681,1241,0.0,0.0008333472224535399,0.5573730862207866,8.058017727639034e-05
18207,15.172752879214654,0.5576148267526189,560,681,1241,0.0,0.0008333472224535399,0.5574536663980629,8.058017727639034e-05
18208,15.173586226437108,0.5576148267526189,560,681,1241,0.0,0.0008333472224535399,0.5575342465753393,8.058017727639034e-05
18209,15.174419573659561,0.556809024979855,560,681,1241,-0.0008058017727639033,0.0008333472224535399,0.5575342465753393,0.0
18210,15.175252920882015,0.556809024979855,560,681,1241,0.0,0.0008333472224535399,0.5574536663980629,-8.058017727639034e-05
18211,15.17608626810447,0.556809024979855,560,681,1241,0.0,0.0008333472224553162,0.5573730862207865,-8.058017727639034e-05
18212,15.176919615326923,0.556809024979855,560,681,1241,0.0,0.0008333472224535399,0.5572925060435102,-8.058017727639034e-05
18213,15.177752962549377,0.5576148267526189,560,681,1241,0.0008058017727639033,0.0008333472224535399,0.5572925060435102,0.0
18214,15.17858630977183,0.5584206285253828,560,681,1241,0.0008058017727639033,0.0008333472224535399,0.5573730862207865,8.058017727639034e-05
18215,15.179419656994284,0.5584206285253828,560,681,1241,0.0,0.0008333472224535399,0.5574536663980629,8.058017727639034e-05
18216,15.180253004216738,0.5584206285253828,560,681,1241,0.0,0.0008333472224535399,0.5575342465753392,8.058017727639034e-05
18217,15.181086351439191,0.5584206285253828,560,681,1241,0.0,0.0008333472224535399,0.5576148267526155,8.058017727639034e-05
18218,15.181919698661645,0.5584206285253828,560,681,1241,0.0,0.0008333472224535399,0.557695406929892,8.058017727639034e-05
18219,15.182753045884098,0.5584206285253828,560,681,1241,0.0,0.0008333472224535399,0.5578565672844447,0.00016116035455278067
18220,15.183586393106552,0.5584206285253828,560,681,1241,0.0,0.0008333472224535399,0.5580177276389975,0.00016116035455278067
18221,15.184419740329005,0.5584206285253828,560,681,1241,0.0,0.0008333472224535399,0.5581788879935503,0.00016116035455278067
18222,15.18525308755146,0.5584206285253828,560,681,1241,0.0,0.0008333472224553162,0.558340048348103,0.00016116035455278067
18223,15.186086434773914,0.5584206285253828,560,681,1241,0.0,0.0008333472224535399,0.5584206285253794,8.058017727639034e-05
18224,15.186919781996368,0.5584206285253828,560,681,1241,0.0,0.0008333472224535399,0.5584206285253794,0.0
18225,15.187753129218821,0.5584206285253828,560,681,1241,0.0,0.0008333472224535399,0.5584206285253794,0.0
18226,15.188586476441275,0.5584206285253828,560,681,1241,0.0,0.0008333472224535399,0.5584206285253794,0.0
18227,15.189419823663728,0.5584206285253828,560,681,1241,0.0,0.0008333472224535399,0.5584206285253794,0.0
18228,15.190253170886182,0.5584206285253828,560,681,1241,0.0,0.0008333472224535399,0.5584206285253794,0.0
18229,15.191086518108635,0.5592264302981467,560,681,1241,0.0008058017727639033,0.0008333472224535399,0.5585012087026557,8.058017727639034e-05
18230,15.191919865331089,0.5592264302981467,560,681,1241,0.0,0.0008333472224535399,0.558581788879932,8.058017727639034e-05
18231,15.192753212553542,0.5592264302981467,560,681,1241,0.0,0.0008333472224535399,0.5586623690572085,8.058017727639034e-05
18232,15.193586559775996,0.5592264302981467,560,681,1241,0.0,0.0008333472224535399,0.5587429492344848,8.058017727639034e-05
18233,15.194419906998451,0.5584206285253828,560,681,1241,-0.0008058017727639033,0.0008333472224553162,0.5587429492344848,0.0
18234,15.195253254220905,0.5584206285253828,560,681,1241,0.0,0.0008333472224535399,0.5587429492344848,0.0
18235,15.196086601443358,0.5584206285253828,560,681,1241,0.0,0.0008333472224535399,0.5587429492344848,0.0
18236,15.196919948665812,0.5584206285253828,560,681,1241,0.0,0.0008333472224535399,0.5587429492344848,0.0
18237,15.197753295888266,0.5584206285253828,560,681,1241,0.0,0.0008333472224535399,0.5587429492344848,0.0
18238,15.198586643110719,0.5584206285253828,560,681,1241,0.0,0.0008333472224535399,0.5587429492344848,0.0
18239,15.199419990333173,0.5584206285253828,560,681,1241,0.0,0.0008333472224535399,0.5586623690572085,-8.058017727639034e-05
18240,15.200253337555626,0.5584206285253828,560,681,1241,0.0,0.0008333472224535399,0.558581788879932,-8.058017727639034e-05
18241,15.20108668477808,0.5576148267526189,560,681,1241,-0.0008058017727639033,0.0008333472224535399,0.5584206285253794,-0.00016116035455278067
18242,15.201920032000533,0.5576148267526189,560,681,1241,0.0,0.0008333472224535399,0.5582594681708267,-0.00016116035455278067
18243,15.202753379222989,0.5576148267526189,560,681,1241,0.0,0.0008333472224553162,0.5581788879935503,-8.058017727639034e-05
18244,15.203586726445442,0.5576148267526189,560,681,1241,0.0,0.0008333472224535399,0.558098307816274,-8.058017727639034e-05
18245,15.204420073667896,0.5576148267526189,560,681,1241,0.0,0.0008333472224535399,0.5580177276389977,-8.058017727639034e-05
18246,15.20525342089035,0.5576148267526189,560,681,1241,0.0,0.0008333472224535399,0.5579371474617213,-8.058017727639034e-05
18247,15.206086768112803,0.5584206285253828,560,681,1241,0.0008058017727639033,0.0008333472224535399,0.5579371474617213,0.0
18248,15.206920115335256,0.5584206285253828,560,681,1241,0.0,0.0008333472224535399,0.5579371474617213,0.0
18249,15.20775346255771,0.5576148267526189,560,681,1241,-0.0008058017727639033,0.0008333472224535399,0.557856567284445,-8.058017727639034e-05
18250,15.208586809780163,0.5576148267526189,560,681,1241,0.0,0.0008333472224535399,0.5577759871071686,-8.058017727639034e-05
18251,15.209420157002617,0.5576148267526189,560,681,1241,0.0,0.0008333472224535399,0.5577759871071686,0.0
18252,15.21025350422507,0.5576148267526189,560,681,1241,0.0,0.0008333472224535399,0.5577759871071686,0.0
18253,15.211086851447524,0.5576148267526189,560,681,1241,0.0,0.0008333472224535399,0.5577759871071686,0.0
18254,15.21192019866998,0.5576148267526189,560,681,1241,0.0,0.0008333472224553162,0.5577759871071686,0.0
18255,15.212753545892433,0.5576148267526189,560,681,1241,0.0,0.0008333472224535399,0.5577759871071686,0.0
18256,15.213586893114886,0.5576148267526189,560,681,1241,0.0,0.0008333472224535399,0.5577759871071686,0.0
18257,15.21442024033734,0.5576148267526189,560,681,1241,0.0,0.0008333472224535399,0.5576954069298923,-8.058017727639034e-05
18258,15.215253587559793,0.5576148267526189,560,681,1241,0.0,0.0008333472224535399,0.557614826752616,-8.058017727639034e-05
18259,15.216086934782247,0.5576148267526189,560,681,1241,0.0,0.0008333472224535399,0.557614826752616,0.0
18260,15.2169202820047,0.5576148267526189,560,681,1241,0.0,0.0008333472224535399,0.557614826752616,0.0
18261,15.217753629227154,0.5576148267526189,560,681,1241,0.0,0.0008333472224535399,0.557614826752616,0.0
18262,15.218586976449608,0.5576148267526189,560,681,1241,0.0,0.0008333472224535399,0.557614826752616,0.0
18263,15.219420323672061,0.5576148267526189,560,681,1241,0.0,0.0008333472224535399,0.557614826752616,0.0
18264,15.220253670894516,0.5576148267526189,560,681,1241,0.0,0.0008333472224553162,0.557614826752616,0.0
18265,15.22108701811697,0.5576148267526189,560,681,1241,0.0,0.0008333472224535399,0.557614826752616,0.0
18266,15.221920365339423,0.5576148267526189,560,681,1241,0.0,0.0008333472224535399,0.557614826752616,0.0
18267,15.222753712561877,0.5576148267526189,560,681,1241,0.0,0.0008333472224535399,0.557614826752616,0.0
18268,15.22358705978433,0.5576148267526189,560,681,1241,0.0,0.0008333472224535399,0.557614826752616,0.0
18269,15.224420407006784,0.5576148267526189,560,681,1241,0.0,0.0008333472224535399,0.557614826752616,0.0
18270,15.225253754229238,0.5576148267526189,560,681,1241,0.0,0.0008333472224535399,0.557614826752616,0.0
18271,15.226087101451691,0.5576148267526189,560,681,1241,0.0,0.0008333472224535399,0.557614826752616,0.0
18272,15.226920448674145,0.5576148267526189,560,681,1241,0.0,0.0008333472224535399,0.557614826752616,0.0
18273,15.227753795896598,0.5576148267526189,560,681,1241,0.0,0.0008333472224535399,0.557614826752616,0.0
18274,15.228587143119052,0.5576148267526189,560,681,1241,0.0,0.0008333472224535399,0.557614826752616,0.0
18275,15.229420490341507,0.5576148267526189,560,681,1241,0.0,0.0008333472224553162,0.557614826752616,0.0
18276,15.23025383756396,0.5576148267526189,560,681,1241,0.0,0.0008333472224535399,0.557614826752616,0.0
18277,15.231087184786414,0.5576148267526189,560,681,1241,0.0,0.0008333472224535399,0.557614826752616,0.0
18278,15.231920532008868,0.5576148267526189,560,681,1241,0.0,0.0008333472224535399,0.557614826752616,0.0
18279,15.232753879231321,0.5576148267526189,560,681,1241,0.0,0.0008333472224535399,0.557614826752616,0.0
18280,15.233587226453775,0.5576148267526189,560,681,1241,0.0,0.0008333472224535399,0.557614826752616,0.0
18281,15.234420573676228,0.556809024979855,560,681,1241,-0.0008058017727639033,0.0008333472224535399,0.5575342465753396,-8.058017727639034e-05
18282,15.235253920898682,0.5560032232070911,560,681,1241,-0.0008058017727639033,0.0008333472224535399,0.5573730862207867,-0.00016116035455278067
18283,15.236087268121135,0.5560032232070911,560,681,1241,0.0,0.0008333472224535399,0.5572119258662338,-0.00016116035455278067
18284,15.236920615343589,0.5560032232070911,560,681,1241,0.0,0.0008333472224535399,0.557050765511681,-0.00016116035455278067
18285,15.237753962566043,0.5560032232070911,560,681,1241,0.0,0.0008333472224535399,0.5568896051571282,-0.00016116035455278067
18286,15.238587309788498,0.5560032232070911,560,681,1241,0.0,0.0008333472224553162,0.5567284448025752,-0.00016116035455278067
18287,15.239420657010951,0.5560032232070911,560,681,1241,0.0,0.0008333472224535399,0.5565672844480224,-0.00016116035455278067
18288,15.240254004233405,0.5560032232070911,560,681,1241,0.0,0.0008333472224535399,0.5564061240934695,-0.00016116035455278067
18289,15.241087351455858,0.5560032232070911,560,681,1241,0.0,0.0008333472224535399,0.5562449637389166,-0.00016116035455278067
18290,15.241920698678312,0.5560032232070911,560,681,1241,0.0,0.0008333472224535399,0.5560838033843638,-0.00016116035455278067
18291,15.242754045900766,0.5560032232070911,560,681,1241,0.0,0.0008333472224535399,0.5560032232070873,-8.058017727639034e-05
18292,15.243587393123219,0.5551974214343272,560,681,1241,-0.0008058017727639033,0.0008333472224535399,0.5559226430298109,-8.058017727639034e-05
18293,15.244420740345673,0.5551974214343272,560,681,1241,0.0,0.0008333472224535399,0.5558420628525346,-8.058017727639034e-05
18294,15.245254087568126,0.5551974214343272,560,681,1241,0.0,0.0008333472224535399,0.5557614826752582,-8.058017727639034e-05
18295,15.24608743479058,0.5560032232070911,560,681,1241,0.0008058017727639033,0.0008333472224535399,0.5557614826752582,0.0
18296,15.246920782013035,0.5560032232070911,560,681,1241,0.0,0.0008333472224553162,0.5557614826752582,0.0
18297,15.247754129235489,0.5560032232070911,560,681,1241,0.0,0.0008333472224535399,0.5557614826752582,0.0
18298,15.248587476457942,0.5560032232070911,560,681,1241,0.0,0.0008333472224535399,0.5557614826752582,0.0
18299,15.249420823680396,0.5551974214343272,560,681,1241,-0.0008058017727639033,0.0008333472224535399,0.5556809024979819,-8.058017727639034e-05
18300,15.25025417090285,0.5551974214343272,560,681,1241,0.0,0.0008333472224535399,0.5556003223207056,-8.058017727639034e-05
18301,15.251087518125303,0.5551974214343272,560,681,1241,0.0,0.0008333472224535399,0.5555197421434291,-8.058017727639034e-05
18302,15.251920865347756,0.5551974214343272,560,681,1241,0.0,0.0008333472224535399,0.5555197421434291,0.0
18303,15.25275421257021,0.5551974214343272,560,681,1241,0.0,0.0008333472224535399,0.5555197421434291,0.0
18304,15.253587559792663,0.5551974214343272,560,681,1241,0.0,0.0008333472224535399,0.5555197421434291,0.0
18305,15.254420907015117,0.5551974214343272,560,681,1241,0.0,0.0008333472224535399,0.5554391619661528,-8.058017727639034e-05
18306,15.25525425423757,0.5551974214343272,560,681,1241,0.0,0.0008333472224535399,0.5553585817888764,-8.058017727639034e-05
18307,15.256087601460026,0.5551974214343272,560,681,1241,0.0,0.0008333472224553162,0.5552780016116001,-8.058017727639034e-05
18308,15.25692094868248,0.5551974214343272,560,681,1241,0.0,0.0008333472224535399,0.5551974214343238,-8.058017727639034e-05
18309,15.257754295904933,0.5560032232070911,560,681,1241,0.0008058017727639033,0.0008333472224535399,0.5552780016116001,8.058017727639034e-05
18310,15.258587643127386,0.5560032232070911,560,681,1241,0.0,0.0008333472224535399,0.5553585817888764,8.058017727639034e-05
18311,15.25942099034984,0.5560032232070911,560,681,1241,0.0,0.0008333472224535399,0.5554391619661528,8.058017727639034e-05
18312,15.260254337572293,0.5560032232070911,560,681,1241,0.0,0.0008333472224535399,0.5555197421434291,8.058017727639034e-05
18313,15.261087684794747,0.5560032232070911,560,681,1241,0.0,0.0008333472224535399,0.5556003223207056,8.058017727639034e-05
18314,15.2619210320172,0.5560032232070911,560,681,1241,0.0,0.0008333472224535399,0.5556809024979819,8.058017727639034e-05
18315,15.262754379239654,0.5560032232070911,560,681,1241,0.0,0.0008333472224535399,0.5557614826752582,8.058017727639034e-05
18316,15.263587726462108,0.556809024979855,560,681,1241,0.0008058017727639033,0.0008333472224535399,0.555922643029811,0.00016116035455278067
18317,15.264421073684563,0.556809024979855,560,681,1241,0.0,0.0008333472224553162,0.5560838033843638,0.00016116035455278067
18318,15.265254420907016,0.556809024979855,560,681,1241,0.0,0.0008333472224535399,0.5562449637389165,0.00016116035455278067
18319,15.26608776812947,0.556809024979855,560,681,1241,0.0,0.0008333472224535399,0.5563255439161929,8.058017727639034e-05
18320,15.266921115351924,0.556809024979855,560,681,1241,0.0,0.0008333472224535399,0.5564061240934693,8.058017727639034e-05
18321,15.267754462574377,0.556809024979855,560,681,1241,0.0,0.0008333472224535399,0.5564867042707456,8.058017727639034e-05
18322,15.26858780979683,0.556809024979855,560,681,1241,0.0,0.0008333472224535399,0.5565672844480221,8.058017727639034e-05
18323,15.269421157019284,0.556809024979855,560,681,1241,0.0,0.0008333472224535399,0.5566478646252984,8.058017727639034e-05
18324,15.270254504241738,0.556809024979855,560,681,1241,0.0,0.0008333472224535399,0.5567284448025747,8.058017727639034e-05
18325,15.271087851464191,0.556809024979855,560,681,1241,0.0,0.0008333472224535399,0.5568090249798511,8.058017727639034e-05
18326,15.271921198686645,0.556809024979855,560,681,1241,0.0,0.0008333472224535399,0.5568090249798511,0.0
18327,15.272754545909098,0.556809024979855,560,681,1241,0.0,0.0008333472224535399,0.5568090249798511,0.0
18328,15.273587893131554,0.556809024979855,560,681,1241,0.0,0.0008333472224553162,0.5568090249798511,0.0
18329,15.274421240354007,0.556809024979855,560,681,1241,0.0,0.0008333472224535399,0.5568090249798511,0.0
18330,15.27525458757646,0.556809024979855,560,681,1241,0.0,0.0008333472224535399,0.5568090249798511,0.0
18331,15.276087934798914,0.556809024979855,560,681,1241,0.0,0.0008333472224535399,0.5568090249798511,0.0
18332,15.276921282021368,0.5576148267526189,560,681,1241,0.0008058017727639033,0.0008333472224535399,0.5568896051571275,8.058017727639034e-05
18333,15.277754629243821,0.5576148267526189,560,681,1241,0.0,0.0008333472224535399,0.5569701853344038,8.058017727639034e-05
18334,15.278587976466275,0.5576148267526189,560,681,1241,0.0,0.0008333472224535399,0.5570507655116802,8.058017727639034e-05
18335,15.279421323688728,0.5576148267526189,560,681,1241,0.0,0.0008333472224535399,0.5571313456889565,8.058017727639034e-05
18336,15.280254670911182,0.5576148267526189,560,681,1241,0.0,0.0008333472224535399,0.5572119258662329,8.058017727639034e-05
18337,15.281088018133635,0.5576148267526189,560,681,1241,0.0,0.0008333472224535399,0.5572925060435092,8.058017727639034e-05
18338,15.281921365356089,0.5576148267526189,560,681,1241,0.0,0.0008333472224535399,0.5573730862207855,8.058017727639034e-05
18339,15.282754712578544,0.5584206285253828,560,681,1241,0.0008058017727639033,0.0008333472224553162,0.5575342465753383,0.00016116035455278067
18340,15.283588059800998,0.5584206285253828,560,681,1241,0.0,0.0008333472224535399,0.5576954069298912,0.00016116035455278067
18341,15.284421407023451,0.5584206285253828,560,681,1241,0.0,0.0008333472224535399,0.5578565672844439,0.00016116035455278067
18342,15.285254754245905,0.5584206285253828,560,681,1241,0.0,0.0008333472224535399,0.5579371474617203,8.058017727639034e-05
18343,15.286088101468359,0.5584206285253828,560,681,1241,0.0,0.0008333472224535399,0.5580177276389966,8.058017727639034e-05
18344,15.286921448690812,0.5584206285253828,560,681,1241,0.0,0.0008333472224535399,0.5580983078162729,8.058017727639034e-05
18345,15.287754795913266,0.5584206285253828,560,681,1241,0.0,0.0008333472224535399,0.5581788879935493,8.058017727639034e-05
18346,15.28858814313572,0.5592264302981467,560,681,1241,0.0008058017727639033,0.0008333472224535399,0.558340048348102,0.00016116035455278067
18347,15.289421490358173,0.5592264302981467,560,681,1241,0.0,0.0008333472224535399,0.5585012087026546,0.00016116035455278067
18348,15.290254837580626,0.5592264302981467,560,681,1241,0.0,0.0008333472224535399,0.5586623690572073,0.00016116035455278067
18349,15.291088184803082,0.5584206285253828,560,681,1241,-0.0008058017727639033,0.0008333472224553162,0.5586623690572073,0.0
18350,15.291921532025535,0.5592264302981467,560,681,1241,0.0008058017727639033,0.0008333472224535399,0.5587429492344838,8.058017727639034e-05
18351,15.292754879247989,0.5592264302981467,560,681,1241,0.0,0.0008333472224535399,0.5588235294117601,8.058017727639034e-05
18352,15.293588226470442,0.5592264302981467,560,681,1241,0.0,0.0008333472224535399,0.5589041095890364,8.058017727639034e-05
18353,15.294421573692896,0.5584206285253828,560,681,1241,-0.0008058017727639033,0.0008333472224535399,0.5589041095890364,0.0
18354,15.29525492091535,0.5584206285253828,560,681,1241,0.0,0.0008333472224535399,0.5589041095890364,0.0
18355,15.296088268137803,0.5584206285253828,560,681,1241,0.0,0.0008333472224535399,0.5589041095890364,0.0
18356,15.296921615360256,0.5584206285253828,560,681,1241,0.0,0.0008333472224535399,0.5588235294117601,-8.058017727639034e-05
18357,15.29775496258271,0.5584206285253828,560,681,1241,0.0,0.0008333472224535399,0.5587429492344838,-8.058017727639034e-05
18358,15.298588309805163,0.5584206285253828,560,681,1241,0.0,0.0008333472224535399,0.5586623690572073,-8.058017727639034e-05
18359,15.299421657027617,0.5584206285253828,560,681,1241,0.0,0.0008333472224535399,0.5586623690572073,0.0
18360,15.300255004250072,0.5584206285253828,560,681,1241,0.0,0.0008333472224553162,0.558581788879931,-8.058017727639034e-05
18361,15.301088351472526,0.5584206285253828,560,681,1241,0.0,0.0008333472224535399,0.5585012087026546,-8.058017727639034e-05
18362,15.30192169869498,0.5584206285253828,560,681,1241,0.0,0.0008333472224535399,0.5584206285253783,-8.058017727639034e-05
18363,15.302755045917433,0.5584206285253828,560,681,1241,0.0,0.0008333472224535399,0.5584206285253783,0.0
18364,15.303588393139886,0.5584206285253828,560,681,1241,0.0,0.0008333472224535399,0.5584206285253783,0.0
18365,15.30442174036234,0.5576148267526189,560,681,1241,-0.0008058017727639033,0.0008333472224535399,0.558340048348102,-8.058017727639034e-05
18366,15.305255087584793,0.556809024979855,560,681,1241,-0.0008058017727639033,0.0008333472224535399,0.5581788879935492,-0.00016116035455278067
18367,15.306088434807247,0.5560032232070911,560,681,1241,-0.0008058017727639033,0.0008333472224535399,0.5579371474617201,-0.00024174053182917098
18368,15.3069217820297,0.5560032232070911,560,681,1241,0.0,0.0008333472224535399,0.5576954069298908,-0.00024174053182917098
18369,15.307755129252154,0.5560032232070911,560,681,1241,0.0,0.0008333472224535399,0.5574536663980616,-0.00024174053182917098
18370,15.30858847647461,0.5560032232070911,560,681,1241,0.0,0.0008333472224553162,0.5572119258662325,-0.00024174053182917098
18371,15.309421823697063,0.5560032232070911,560,681,1241,0.0,0.0008333472224535399,0.5569701853344032,-0.00024174053182917098
18372,15.310255170919516,0.5560032232070911,560,681,1241,0.0,0.0008333472224535399,0.556728444802574,-0.00024174053182917098
18373,15.31108851814197,0.556809024979855,560,681,1241,0.0008058017727639033,0.0008333472224535399,0.5565672844480212,-0.00016116035455278067
18374,15.311921865364424,0.556809024979855,560,681,1241,0.0,0.0008333472224535399,0.5564061240934685,-0.00016116035455278067
18375,15.312755212586877,0.556809024979855,560,681,1241,0.0,0.0008333472224535399,0.556325543916192,-8.058017727639034e-05
18376,15.31358855980933,0.5560032232070911,560,681,1241,-0.0008058017727639033,0.0008333472224535399,0.5562449637389156,-8.058017727639034e-05
18377,15.314421907031784,0.5560032232070911,560,681,1241,0.0,0.0008333472224535399,0.5562449637389157,0.0
18378,15.315255254254238,0.5560032232070911,560,681,1241,0.0,0.0008333472224535399,0.5562449637389157,0.0
18379,15.316088601476691,0.5560032232070911,560,681,1241,0.0,0.0008333472224535399,0.5562449637389157,0.0
18380,15.316921948699145,0.5560032232070911,560,681,1241,0.0,0.0008333472224535399,0.5562449637389157,0.0
18381,15.3177552959216,0.556809024979855,560,681,1241,0.0008058017727639033,0.0008333472224553162,0.556325543916192,8.058017727639034e-05
18382,15.318588643144054,0.556809024979855,560,681,1241,0.0,0.0008333472224535399,0.5564061240934685,8.058017727639034e-05
18383,15.319421990366507,0.556809024979855,560,681,1241,0.0,0.0008333472224535399,0.5564061240934685,0.0
18384,15.32025533758896,0.556809024979855,560,681,1241,0.0,0.0008333472224535399,0.5564061240934685,0.0
18385,15.321088684811414,0.556809024979855,560,681,1241,0.0,0.0008333472224535399,0.5564061240934685,0.0
18386,15.321922032033868,0.556809024979855,560,681,1241,0.0,0.0008333472224535399,0.5564867042707448,8.058017727639034e-05
18387,15.322755379256321,0.556809024979855,560,681,1241,0.0,0.0008333472224535399,0.5565672844480212,8.058017727639034e-05
18388,15.323588726478775,0.556809024979855,560,681,1241,0.0,0.0008333472224535399,0.5566478646252975,8.058017727639034e-05
18389,15.324422073701228,0.556809024979855,560,681,1241,0.0,0.0008333472224535399,0.5567284448025738,8.058017727639034e-05
18390,15.325255420923682,0.556809024979855,560,681,1241,0.0,0.0008333472224535399,0.5568090249798502,8.058017727639034e-05
18391,15.326088768146137,0.556809024979855,560,681,1241,0.0,0.0008333472224553162,0.5568090249798502,0.0
18392,15.32692211536859,0.556809024979855,560,681,1241,0.0,0.0008333472224535399,0.5568090249798502,0.0
18393,15.327755462591044,0.556809024979855,560,681,1241,0.0,0.0008333472224535399,0.5568090249798502,0.0
18394,15.328588809813498,0.556809024979855,560,681,1241,0.0,0.0008333472224535399,0.5568090249798502,0.0
18395,15.329422157035951,0.556809024979855,560,681,1241,0.0,0.0008333472224535399,0.5568090249798502,0.0
18396,15.330255504258405,0.556809024979855,560,681,1241,0.0,0.0008333472224535399,0.5568090249798502,0.0
18397,15.331088851480859,0.556809024979855,560,681,1241,0.0,0.0008333472224535399,0.5568090249798502,0.0
18398,15.331922198703312,0.556809024979855,560,681,1241,0.0,0.0008333472224535399,0.5568090249798502,0.0
18399,15.332755545925766,0.556809024979855,560,681,1241,0.0,0.0008333472224535399,0.5568090249798502,0.0
18400,15.33358889314822,0.556809024979855,560,681,1241,0.0,0.0008333472224535399,0.5568090249798502,0.0
18401,15.334422240370673,0.556809024979855,560,681,1241,0.0,0.0008333472224535399,0.5568090249798502,0.0
18402,15.335255587593128,0.5576148267526189,560,681,1241,0.0008058017727639033,0.0008333472224553162,0.5568896051571266,8.058017727639034e-05
18403,15.336088934815582,0.5576148267526189,560,681,1241,0.0,0.0008333472224535399,0.5569701853344029,8.058017727639034e-05
18404,15.336922282038035,0.5576148267526189,560,681,1241,0.0,0.0008333472224535399,0.5570507655116793,8.058017727639034e-05
18405,15.337755629260489,0.5576148267526189,560,681,1241,0.0,0.0008333472224535399,0.5571313456889556,8.058017727639034e-05
18406,15.338588976482942,0.5576148267526189,560,681,1241,0.0,0.0008333472224535399,0.557211925866232,8.058017727639034e-05
18407,15.339422323705396,0.5576148267526189,560,681,1241,0.0,0.0008333472224535399,0.5572925060435083,8.058017727639034e-05
18408,15.34025567092785,0.5576148267526189,560,681,1241,0.0,0.0008333472224535399,0.5573730862207846,8.058017727639034e-05
18409,15.341089018150303,0.5576148267526189,560,681,1241,0.0,0.0008333472224535399,0.557453666398061,8.058017727639034e-05
18410,15.341922365372756,0.5576148267526189,560,681,1241,0.0,0.0008333472224535399,0.5575342465753373,8.058017727639034e-05
18411,15.34275571259521,0.5576148267526189,560,681,1241,0.0,0.0008333472224535399,0.5576148267526138,8.058017727639034e-05
18412,15.343589059817663,0.5576148267526189,560,681,1241,0.0,0.0008333472224535399,0.5576148267526136,0.0
18413,15.344422407040119,0.5576148267526189,560,681,1241,0.0,0.0008333472224553162,0.5576148267526136,0.0
18414,15.345255754262572,0.5576148267526189,560,681,1241,0.0,0.0008333472224535399,0.5576148267526136,0.0
18415,15.346089101485026,0.5576148267526189,560,681,1241,0.0,0.0008333472224535399,0.5576148267526136,0.0
18416,15.34692244870748,0.556809024979855,560,681,1241,-0.0008058017727639033,0.0008333472224535399,0.5575342465753372,-8.058017727639034e-05
18417,15.347755795929933,0.556809024979855,560,681,1241,0.0,0.0008333472224535399,0.5574536663980609,-8.058017727639034e-05
18418,15.348589143152386,0.556809024979855,560,681,1241,0.0,0.0008333472224535399,0.5573730862207846,-8.058017727639034e-05
18419,15.34942249037484,0.556809024979855,560,681,1241,0.0,0.0008333472224535399,0.5572925060435082,-8.058017727639034e-05
18420,15.350255837597294,0.556809024979855,560,681,1241,0.0,0.0008333472224535399,0.5572119258662319,-8.058017727639034e-05
18421,15.351089184819747,0.556809024979855,560,681,1241,0.0,0.0008333472224535399,0.5571313456889555,-8.058017727639034e-05
18422,15.3519225320422,0.556809024979855,560,681,1241,0.0,0.0008333472224535399,0.5570507655116792,-8.058017727639034e-05
18423,15.352755879264656,0.556809024979855,560,681,1241,0.0,0.0008333472224553162,0.5569701853344029,-8.058017727639034e-05
18424,15.35358922648711,0.556809024979855,560,681,1241,0.0,0.0008333472224535399,0.5568896051571265,-8.058017727639034e-05
18425,15.354422573709563,0.5576148267526189,560,681,1241,0.0008058017727639033,0.0008333472224535399,0.5568896051571265,0.0
18426,15.355255920932017,0.5576148267526189,560,681,1241,0.0,0.0008333472224535399,0.5569701853344029,8.058017727639034e-05
18427,15.35608926815447,0.5576148267526189,560,681,1241,0.0,0.0008333472224535399,0.5570507655116793,8.058017727639034e-05
18428,15.356922615376924,0.5584206285253828,560,681,1241,0.0008058017727639033,0.0008333472224535399,0.557211925866232,0.00016116035455278067
18429,15.357755962599377,0.5584206285253828,560,681,1241,0.0,0.0008333472224535399,0.5573730862207849,0.00016116035455278067
18430,15.35858930982183,0.5592264302981467,560,681,1241,0.0008058017727639033,0.0008333472224535399,0.5576148267526141,0.00024174053182917098
18431,15.359422657044284,0.5592264302981467,560,681,1241,0.0,0.0008333472224535399,0.5578565672844433,0.00024174053182917098
18432,15.360256004266738,0.5592264302981467,560,681,1241,0.0,0.0008333472224535399,0.5580983078162725,0.00024174053182917098
18433,15.361089351489191,0.5592264302981467,560,681,1241,0.0,0.0008333472224535399,0.5583400483481017,0.00024174053182917098
18434,15.361922698711647,0.5592264302981467,560,681,1241,0.0,0.0008333472224553162,0.5585817888799309,0.00024174053182917098
18435,15.3627560459341,0.5592264302981467,560,681,1241,0.0,0.0008333472224535399,0.5587429492344838,0.00016116035455278067
18436,15.363589393156554,0.5592264302981467,560,681,1241,0.0,0.0008333472224535399,0.5589041095890364,0.00016116035455278067
18437,15.364422740379007,0.5592264302981467,560,681,1241,0.0,0.0008333472224535399,0.5590652699435891,0.00016116035455278067
18438,15.36525608760146,0.5592264302981467,560,681,1241,0.0,0.0008333472224535399,0.5591458501208655,8.058017727639034e-05
18439,15.366089434823914,0.5592264302981467,560,681,1241,0.0,0.0008333472224535399,0.5592264302981418,8.058017727639034e-05
18440,15.366922782046368,0.5592264302981467,560,681,1241,0.0,0.0008333472224535399,0.5592264302981418,0.0
18441,15.367756129268821,0.5592264302981467,560,681,1241,0.0,0.0008333472224535399,0.5592264302981418,0.0
18442,15.368589476491275,0.5592264302981467,560,681,1241,0.0,0.0008333472224535399,0.5592264302981418,0.0
18443,15.369422823713728,0.5592264302981467,560,681,1241,0.0,0.0008333472224535399,0.5592264302981418,0.0
18444,15.370256170936184,0.5592264302981467,560,681,1241,0.0,0.0008333472224553162,0.5592264302981418,0.0
18445,15.371089518158637,0.5592264302981467,560,681,1241,0.0,0.0008333472224535399,0.5592264302981418,0.0
18446,15.37192286538109,0.5592264302981467,560,681,1241,0.0,0.0008333472224535399,0.5592264302981418,0.0
18447,15.372756212603544,0.5592264302981467,560,681,1241,0.0,0.0008333472224535399,0.5592264302981418,0.0
18448,15.373589559825998,0.5592264302981467,560,681,1241,0.0,0.0008333472224535399,0.5592264302981418,0.0
18449,15.374422907048451,0.5592264302981467,560,681,1241,0.0,0.0008333472224535399,0.5592264302981418,0.0
18450,15.375256254270905,0.5592264302981467,560,681,1241,0.0,0.0008333472224535399,0.5592264302981418,0.0
18451,15.376089601493359,0.5592264302981467,560,681,1241,0.0,0.0008333472224535399,0.5592264302981418,0.0
18452,15.376922948715812,0.5592264302981467,560,681,1241,0.0,0.0008333472224535399,0.5592264302981418,0.0
18453,15.377756295938266,0.5592264302981467,560,681,1241,0.0,0.0008333472224535399,0.5592264302981418,0.0
18454,15.37858964316072,0.5592264302981467,560,681,1241,0.0,0.0008333472224535399,0.5592264302981418,0.0
18455,15.379422990383175,0.5592264302981467,560,681,1241,0.0,0.0008333472224553162,0.5592264302981418,0.0
18456,15.380256337605628,0.5600322320709106,560,681,1241,0.0008058017727639033,0.0008333472224535399,0.5593070104754181,8.058017727639034e-05
18457,15.381089684828082,0.5600322320709106,560,681,1241,0.0,0.0008333472224535399,0.5593875906526945,8.058017727639034e-05
18458,15.381923032050535,0.5592264302981467,560,681,1241,-0.0008058017727639033,0.0008333472224535399,0.5593875906526945,0.0
18459,15.382756379272989,0.5592264302981467,560,681,1241,0.0,0.0008333472224535399,0.5593875906526945,0.0
18460,15.383589726495442,0.5592264302981467,560,681,1241,0.0,0.0008333472224535399,0.5593875906526945,0.0
18461,15.384423073717896,0.5592264302981467,560,681,1241,0.0,0.0008333472224535399,0.5593875906526945,0.0
18462,15.38525642094035,0.5592264302981467,560,681,1241,0.0,0.0008333472224535399,0.5593875906526945,0.0
18463,15.386089768162803,0.5592264302981467,560,681,1241,0.0,0.0008333472224535399,0.5593875906526945,0.0
18464,15.386923115385256,0.5592264302981467,560,681,1241,0.0,0.0008333472224535399,0.5593875906526945,0.0
18465,15.38775646260771,0.5592264302981467,560,681,1241,0.0,0.0008333472224535399,0.5593875906526945,0.0
18466,15.388589809830165,0.5592264302981467,560,681,1241,0.0,0.0008333472224553162,0.5593070104754181,-8.058017727639034e-05
18467,15.389423157052619,0.5592264302981467,560,681,1241,0.0,0.0008333472224535399,0.5592264302981417,-8.058017727639034e-05
18468,15.390256504275072,0.5592264302981467,560,681,1241,0.0,0.0008333472224535399,0.5592264302981418,0.0
18469,15.391089851497526,0.5592264302981467,560,681,1241,0.0,0.0008333472224535399,0.5592264302981418,0.0
18470,15.39192319871998,0.5592264302981467,560,681,1241,0.0,0.0008333472224535399,0.5592264302981418,0.0
18471,15.392756545942433,0.5600322320709106,560,681,1241,0.0008058017727639033,0.0008333472224535399,0.5593070104754181,8.058017727639034e-05
18472,15.393589893164886,0.5592264302981467,560,681,1241,-0.0008058017727639033,0.0008333472224535399,0.5593070104754181,0.0
18473,15.39442324038734,0.5592264302981467,560,681,1241,0.0,0.0008333472224535399,0.5593070104754181,0.0
18474,15.395256587609794,0.5592264302981467,560,681,1241,0.0,0.0008333472224535399,0.5593070104754181,0.0
18475,15.396089934832247,0.5592264302981467,560,681,1241,0.0,0.0008333472224535399,0.5593070104754181,0.0
18476,15.396923282054702,0.5592264302981467,560,681,1241,0.0,0.0008333472224553162,0.5593070104754181,0.0
18477,15.397756629277156,0.5584206285253828,560,681,1241,-0.0008058017727639033,0.0008333472224535399,0.5592264302981418,-8.058017727639034e-05
18478,15.39858997649961,0.5584206285253828,560,681,1241,0.0,0.0008333472224535399,0.5591458501208655,-8.058017727639034e-05
18479,15.399423323722063,0.5584206285253828,560,681,1241,0.0,0.0008333472224535399,0.5590652699435891,-8.058017727639034e-05
18480,15.400256670944517,0.5584206285253828,560,681,1241,0.0,0.0008333472224535399,0.5589846897663128,-8.058017727639034e-05
18481,15.40109001816697,0.5584206285253828,560,681,1241,0.0,0.0008333472224535399,0.55882352941176,-0.00016116035455278067
18482,15.401923365389424,0.5584206285253828,560,681,1241,0.0,0.0008333472224535399,0.5587429492344835,-8.058017727639034e-05
18483,15.402756712611877,0.5584206285253828,560,681,1241,0.0,0.0008333472224535399,0.5586623690572072,-8.058017727639034e-05
18484,15.40359005983433,0.5584206285253828,560,681,1241,0.0,0.0008333472224535399,0.5585817888799308,-8.058017727639034e-05
18485,15.404423407056784,0.5584206285253828,560,681,1241,0.0,0.0008333472224535399,0.5585012087026545,-8.058017727639034e-05
18486,15.405256754279238,0.5584206285253828,560,681,1241,0.0,0.0008333472224535399,0.5584206285253781,-8.058017727639034e-05
18487,15.406090101501693,0.5584206285253828,560,681,1241,0.0,0.0008333472224553162,0.5584206285253781,0.0
18488,15.406923448724147,0.5584206285253828,560,681,1241,0.0,0.0008333472224535399,0.5584206285253781,0.0
18489,15.4077567959466,0.5584206285253828,560,681,1241,0.0,0.0008333472224535399,0.5584206285253781,0.0
18490,15.408590143169054,0.5600322320709106,560,681,1241,0.0016116035455278066,0.0008333472224535399,0.5585817888799309,0.00016116035455278067
18491,15.409423490391507,0.5600322320709106,560,681,1241,0.0,0.0008333472224535399,0.5587429492344838,0.00016116035455278067
18492,15.41025683761396,0.5600322320709106,560,681,1241,0.0,0.0008333472224535399,0.5589041095890365,0.00016116035455278067
18493,15.411090184836414,0.5600322320709106,560,681,1241,0.0,0.0008333472224535399,0.5590652699435893,0.00016116035455278067
18494,15.411923532058868,0.5592264302981467,560,681,1241,-0.0008058017727639033,0.0008333472224535399,0.5591458501208656,8.058017727639034e-05
18495,15.412756879281321,0.5592264302981467,560,681,1241,0.0,0.0008333472224535399,0.559226430298142,8.058017727639034e-05
18496,15.413590226503775,0.5592264302981467,560,681,1241,0.0,0.0008333472224535399,0.5593070104754183,8.058017727639034e-05
18497,15.41442357372623,0.5592264302981467,560,681,1241,0.0,0.0008333472224553162,0.5593875906526946,8.058017727639034e-05
18498,15.415256920948684,0.5592264302981467,560,681,1241,0.0,0.0008333472224535399,0.559468170829971,8.058017727639034e-05
18499,15.416090268171137,0.5592264302981467,560,681,1241,0.0,0.0008333472224535399,0.5595487510072473,8.058017727639034e-05
18500,15.416923615393591,0.5600322320709106,560,681,1241,0.0008058017727639033,0.0008333472224535399,0.5595487510072473,0.0
18501,15.417756962616044,0.5592264302981467,560,681,1241,-0.0008058017727639033,0.0008333472224535399,0.5594681708299709,-8.058017727639034e-05
18502,15.418590309838498,0.5592264302981467,560,681,1241,0.0,0.0008333472224535399,0.5593875906526946,-8.058017727639034e-05
18503,15.419423657060952,0.5592264302981467,560,681,1241,0.0,0.0008333472224535399,0.5593070104754182,-8.058017727639034e-05
18504,15.420257004283405,0.5592264302981467,560,681,1241,0.0,0.0008333472224535399,0.5593070104754183,0.0
18505,15.421090351505859,0.5592264302981467,560,681,1241,0.0,0.0008333472224535399,0.5593070104754183,0.0
18506,15.421923698728312,0.5592264302981467,560,681,1241,0.0,0.0008333472224535399,0.5593070104754183,0.0
18507,15.422757045950766,0.5592264302981467,560,681,1241,0.0,0.0008333472224535399,0.5593070104754183,0.0
18508,15.423590393173221,0.5592264302981467,560,681,1241,0.0,0.0008333472224553162,0.5593070104754183,0.0
18509,15.424423740395675,0.5592264302981467,560,681,1241,0.0,0.0008333472224535399,0.5593070104754183,0.0
18510,15.425257087618128,0.5592264302981467,560,681,1241,0.0,0.0008333472224535399,0.5592264302981419,-8.058017727639034e-05
18511,15.426090434840582,0.5592264302981467,560,681,1241,0.0,0.0008333472224535399,0.559226430298142,0.0
18512,15.426923782063035,0.5592264302981467,560,681,1241,0.0,0.0008333472224535399,0.559226430298142,0.0
18513,15.427757129285489,0.5592264302981467,560,681,1241,0.0,0.0008333472224535399,0.559226430298142,0.0
18514,15.428590476507942,0.5592264302981467,560,681,1241,0.0,0.0008333472224535399,0.559226430298142,0.0
18515,15.429423823730396,0.5592264302981467,560,681,1241,0.0,0.0008333472224535399,0.559226430298142,0.0
18516,15.43025717095285,0.5592264302981467,560,681,1241,0.0,0.0008333472224535399,0.559226430298142,0.0
18517,15.431090518175303,0.5592264302981467,560,681,1241,0.0,0.0008333472224535399,0.559226430298142,0.0
18518,15.431923865397756,0.5592264302981467,560,681,1241,0.0,0.0008333472224535399,0.559226430298142,0.0
18519,15.432757212620212,0.5592264302981467,560,681,1241,0.0,0.0008333472224553162,0.559226430298142,0.0
18520,15.433590559842665,0.5592264302981467,560,681,1241,0.0,0.0008333472224535399,0.559226430298142,0.0
18521,15.434423907065119,0.5592264302981467,560,681,1241,0.0,0.0008333472224535399,0.559226430298142,0.0
18522,15.435257254287572,0.5592264302981467,560,681,1241,0.0,0.0008333472224535399,0.559226430298142,0.0
18523,15.436090601510026,0.5592264302981467,560,681,1241,0.0,0.0008333472224535399,0.559226430298142,0.0
18524,15.43692394873248,0.5592264302981467,560,681,1241,0.0,0.0008333472224535399,0.559226430298142,0.0
18525,15.437757295954933,0.5592264302981467,560,681,1241,0.0,0.0008333472224535399,0.559226430298142,0.0
18526,15.438590643177386,0.5592264302981467,560,681,1241,0.0,0.0008333472224535399,0.559226430298142,0.0
18527,15.43942399039984,0.5592264302981467,560,681,1241,0.0,0.0008333472224535399,0.559226430298142,0.0
18528,15.440257337622294,0.5592264302981467,560,681,1241,0.0,0.0008333472224535399,0.559226430298142,0.0
18529,15.441090684844749,0.5592264302981467,560,681,1241,0.0,0.0008333472224553162,0.559226430298142,0.0
18530,15.441924032067202,0.5592264302981467,560,681,1241,0.0,0.0008333472224535399,0.559226430298142,0.0
18531,15.442757379289656,0.5592264302981467,560,681,1241,0.0,0.0008333472224535399,0.559226430298142,0.0
18532,15.44359072651211,0.5592264302981467,560,681,1241,0.0,0.0008333472224535399,0.559226430298142,0.0
18533,15.444424073734563,0.5592264302981467,560,681,1241,0.0,0.0008333472224535399,0.559226430298142,0.0
18534,15.445257420957017,0.5592264302981467,560,681,1241,0.0,0.0008333472224535399,0.559226430298142,0.0
18535,15.44609076817947,0.5592264302981467,560,681,1241,0.0,0.0008333472224535399,0.559226430298142,0.0
18536,15.446924115401924,0.5592264302981467,560,681,1241,0.0,0.0008333472224535399,0.559226430298142,0.0
18537,15.447757462624377,0.5592264302981467,560,681,1241,0.0,0.0008333472224535399,0.559226430298142,0.0
18538,15.44859080984683,0.5592264302981467,560,681,1241,0.0,0.0008333472224535399,0.559226430298142,0.0
18539,15.449424157069284,0.5592264302981467,560,681,1241,0.0,0.0008333472224535399,0.559226430298142,0.0
18540,15.45025750429174,0.5592264302981467,560,681,1241,0.0,0.0008333472224553162,0.559226430298142,0.0
18541,15.451090851514193,0.5592264302981467,560,681,1241,0.0,0.0008333472224535399,0.559226430298142,0.0
18542,15.451924198736647,0.5592264302981467,560,681,1241,0.0,0.0008333472224535399,0.559226430298142,0.0
18543,15.4527575459591,0.5592264302981467,560,681,1241,0.0,0.0008333472224535399,0.559226430298142,0.0
18544,15.453590893181554,0.5592264302981467,560,681,1241,0.0,0.0008333472224535399,0.559226430298142,0.0
18545,15.454424240404007,0.5592264302981467,560,681,1241,0.0,0.0008333472224535399,0.559226430298142,0.0
18546,15.45525758762646,0.5592264302981467,560,681,1241,0.0,0.0008333472224535399,0.559226430298142,0.0
18547,15.456090934848914,0.5592264302981467,560,681,1241,0.0,0.0008333472224535399,0.559226430298142,0.0
18548,15.456924282071368,0.5592264302981467,560,681,1241,0.0,0.0008333472224535399,0.559226430298142,0.0
18549,15.457757629293821,0.5592264302981467,560,681,1241,0.0,0.0008333472224535399,0.559226430298142,0.0
18550,15.458590976516277,0.5592264302981467,560,681,1241,0.0,0.0008333472224553162,0.559226430298142,0.0
18551,15.45942432373873,0.5592264302981467,560,681,1241,0.0,0.0008333472224535399,0.559226430298142,0.0
18552,15.460257670961184,0.5592264302981467,560,681,1241,0.0,0.0008333472224535399,0.559226430298142,0.0
18553,15.461091018183637,0.5592264302981467,560,681,1241,0.0,0.0008333472224535399,0.559226430298142,0.0
18554,15.461924365406091,0.5592264302981467,560,681,1241,0.0,0.0008333472224535399,0.559226430298142,0.0
18555,15.462757712628544,0.5592264302981467,560,681,1241,0.0,0.0008333472224535399,0.559226430298142,0.0
18556,15.463591059850998,0.5592264302981467,560,681,1241,0.0,0.0008333472224535399,0.559226430298142,0.0
18557,15.464424407073452,0.5584206285253828,560,681,1241,-0.0008058017727639033,0.0008333472224535399,0.5591458501208656,-8.058017727639034e-05
18558,15.465257754295905,0.5584206285253828,560,681,1241,0.0,0.0008333472224535399,0.5590652699435893,-8.058017727639034e-05
18559,15.466091101518359,0.5576148267526189,560,681,1241,-0.0008058017727639033,0.0008333472224535399,0.5589041095890366,-0.00016116035455278067
18560,15.466924448740812,0.5576148267526189,560,681,1241,0.0,0.0008333472224535399,0.5587429492344839,-0.00016116035455278067
18561,15.467757795963267,0.5576148267526189,560,681,1241,0.0,0.0008333472224553162,0.5585817888799312,-0.00016116035455278067
18562,15.468591143185721,0.5576148267526189,560,681,1241,0.0,0.0008333472224535399,0.5584206285253785,-0.00016116035455278067
18563,15.469424490408175,0.5576148267526189,560,681,1241,0.0,0.0008333472224535399,0.5582594681708258,-0.00016116035455278067
18564,15.470257837630628,0.556809024979855,560,681,1241,-0.0008058017727639033,0.0008333472224535399,0.5580177276389966,-0.00024174053182917098
18565,15.471091184853082,0.556809024979855,560,681,1241,0.0,0.0008333472224535399,0.5577759871071674,-0.00024174053182917098
18566,15.471924532075535,0.556809024979855,560,681,1241,0.0,0.0008333472224535399,0.5575342465753381,-0.00024174053182917098
18567,15.472757879297989,0.556809024979855,560,681,1241,0.0,0.0008333472224535399,0.5573730862207854,-0.00016116035455278067
18568,15.473591226520442,0.556809024979855,560,681,1241,0.0,0.0008333472224535399,0.5572119258662326,-0.00016116035455278067
18569,15.474424573742896,0.556809024979855,560,681,1241,0.0,0.0008333472224535399,0.5571313456889563,-8.058017727639034e-05
18570,15.47525792096535,0.556809024979855,560,681,1241,0.0,0.0008333472224535399,0.5570507655116799,-8.058017727639034e-05
18571,15.476091268187803,0.556809024979855,560,681,1241,0.0,0.0008333472224535399,0.5569701853344036,-8.058017727639034e-05
18572,15.476924615410258,0.556809024979855,560,681,1241,0.0,0.0008333472224553162,0.5568896051571273,-8.058017727639034e-05
18573,15.477757962632712,0.556809024979855,560,681,1241,0.0,0.0008333472224535399,0.5568090249798509,-8.058017727639034e-05
18574,15.478591309855165,0.556809024979855,560,681,1241,0.0,0.0008333472224535399,0.5568090249798509,0.0
18575,15.479424657077619,0.556809024979855,560,681,1241,0.0,0.0008333472224535399,0.5568090249798509,0.0
18576,15.480258004300072,0.556809024979855,560,681,1241,0.0,0.0008333472224535399,0.5568090249798509,0.0
18577,15.481091351522526,0.556809024979855,560,681,1241,0.0,0.0008333472224535399,0.5568090249798509,0.0
18578,15.48192469874498,0.556809024979855,560,681,1241,0.0,0.0008333472224535399,0.5568090249798509,0.0
18579,15.482758045967433,0.556809024979855,560,681,1241,0.0,0.0008333472224535399,0.5568090249798509,0.0
18580,15.483591393189887,0.556809024979855,560,681,1241,0.0,0.0008333472224535399,0.5568090249798509,0.0
18581,15.48442474041234,0.556809024979855,560,681,1241,0.0,0.0008333472224535399,0.5568090249798509,0.0
18582,15.485258087634795,0.556809024979855,560,681,1241,0.0,0.0008333472224553162,0.5568090249798509,0.0
18583,15.486091434857249,0.556809024979855,560,681,1241,0.0,0.0008333472224535399,0.5568090249798509,0.0
18584,15.486924782079702,0.556809024979855,560,681,1241,0.0,0.0008333472224535399,0.5568090249798509,0.0
18585,15.487758129302156,0.556809024979855,560,681,1241,0.0,0.0008333472224535399,0.5568090249798509,0.0
18586,15.48859147652461,0.556809024979855,560,681,1241,0.0,0.0008333472224535399,0.5568090249798509,0.0
18587,15.489424823747063,0.556809024979855,560,681,1241,0.0,0.0008333472224535399,0.5568090249798509,0.0
18588,15.490258170969517,0.556809024979855,560,681,1241,0.0,0.0008333472224535399,0.5568090249798509,0.0
18589,15.49109151819197,0.556809024979855,560,681,1241,0.0,0.0008333472224535399,0.5568090249798509,0.0
18590,15.491924865414424,0.556809024979855,560,681,1241,0.0,0.0008333472224535399,0.5568090249798509,0.0
18591,15.492758212636877,0.556809024979855,560,681,1241,0.0,0.0008333472224535399,0.5568090249798509,0.0
18592,15.49359155985933,0.556809024979855,560,681,1241,0.0,0.0008333472224535399,0.5568090249798509,0.0
18593,15.494424907081786,0.5560032232070911,560,681,1241,-0.0008058017727639033,0.0008333472224553162,0.5567284448025744,-8.058017727639034e-05
18594,15.49525825430424,0.5560032232070911,560,681,1241,0.0,0.0008333472224535399,0.5566478646252981,-8.058017727639034e-05
18595,15.496091601526693,0.556809024979855,560,681,1241,0.0008058017727639033,0.0008333472224535399,0.5566478646252981,0.0
18596,15.496924948749147,0.556809024979855,560,681,1241,0.0,0.0008333472224535399,0.5566478646252981,0.0
18597,15.4977582959716,0.556809024979855,560,681,1241,0.0,0.0008333472224535399,0.5566478646252981,0.0
18598,15.498591643194054,0.556809024979855,560,681,1241,0.0,0.0008333472224535399,0.5566478646252981,0.0
18599,15.499424990416507,0.556809024979855,560,681,1241,0.0,0.0008333472224535399,0.5566478646252981,0.0
18600,15.50025833763896,0.556809024979855,560,681,1241,0.0,0.0008333472224535399,0.5566478646252981,0.0
18601,15.501091684861414,0.556809024979855,560,681,1241,0.0,0.0008333472224535399,0.5566478646252981,0.0
18602,15.501925032083868,0.556809024979855,560,681,1241,0.0,0.0008333472224535399,0.5566478646252981,0.0
18603,15.502758379306323,0.556809024979855,560,681,1241,0.0,0.0008333472224553162,0.5567284448025746,8.058017727639034e-05
18604,15.503591726528777,0.556809024979855,560,681,1241,0.0,0.0008333472224535399,0.5568090249798509,8.058017727639034e-05
18605,15.50442507375123,0.556809024979855,560,681,1241,0.0,0.0008333472224535399,0.5568090249798509,0.0
18606,15.505258420973684,0.556809024979855,560,681,1241,0.0,0.0008333472224535399,0.5568090249798509,0.0
18607,15.506091768196137,0.556809024979855,560,681,1241,0.0,0.0008333472224535399,0.5568090249798509,0.0
18608,15.506925115418591,0.556809024979855,560,681,1241,0.0,0.0008333472224535399,0.5568090249798509,0.0
18609,15.507758462641045,0.556809024979855,560,681,1241,0.0,0.0008333472224535399,0.5568090249798509,0.0
18610,15.508591809863498,0.556809024979855,560,681,1241,0.0,0.0008333472224535399,0.5568090249798509,0.0
18611,15.509425157085952,0.5576148267526189,560,681,1241,0.0008058017727639033,0.0008333472224535399,0.5568896051571273,8.058017727639034e-05
18612,15.510258504308405,0.5576148267526189,560,681,1241,0.0,0.0008333472224535399,0.5569701853344037,8.058017727639034e-05
18613,15.511091851530859,0.5576148267526189,560,681,1241,0.0,0.0008333472224535399,0.55705076551168,8.058017727639034e-05
18614,15.511925198753314,0.5576148267526189,560,681,1241,0.0,0.0008333472224553162,0.5571313456889564,8.058017727639034e-05
18615,15.512758545975768,0.5576148267526189,560,681,1241,0.0,0.0008333472224535399,0.5572119258662327,8.058017727639034e-05
18616,15.513591893198221,0.5576148267526189,560,681,1241,0.0,0.0008333472224535399,0.557292506043509,8.058017727639034e-05
18617,15.514425240420675,0.5576148267526189,560,681,1241,0.0,0.0008333472224535399,0.5573730862207854,8.058017727639034e-05
18618,15.515258587643128,0.5576148267526189,560,681,1241,0.0,0.0008333472224535399,0.5574536663980617,8.058017727639034e-05
18619,15.516091934865582,0.5576148267526189,560,681,1241,0.0,0.0008333472224535399,0.5575342465753381,8.058017727639034e-05
18620,15.516925282088035,0.5576148267526189,560,681,1241,0.0,0.0008333472224535399,0.5576148267526144,8.058017727639034e-05
18621,15.517758629310489,0.5576148267526189,560,681,1241,0.0,0.0008333472224535399,0.5576148267526143,0.0
18622,15.518591976532942,0.5576148267526189,560,681,1241,0.0,0.0008333472224535399,0.5576148267526143,0.0
18623,15.519425323755396,0.5576148267526189,560,681,1241,0.0,0.0008333472224535399,0.5576148267526143,0.0
18624,15.520258670977851,0.5576148267526189,560,681,1241,0.0,0.0008333472224553162,0.5576148267526143,0.0
18625,15.521092018200305,0.5576148267526189,560,681,1241,0.0,0.0008333472224535399,0.5576148267526143,0.0
18626,15.521925365422758,0.5576148267526189,560,681,1241,0.0,0.0008333472224535399,0.5576148267526143,0.0
18627,15.522758712645212,0.5576148267526189,560,681,1241,0.0,0.0008333472224535399,0.5576148267526143,0.0
18628,15.523592059867665,0.556809024979855,560,681,1241,-0.0008058017727639033,0.0008333472224535399,0.557534246575338,-8.058017727639034e-05
18629,15.524425407090119,0.556809024979855,560,681,1241,0.0,0.0008333472224535399,0.5574536663980616,-8.058017727639034e-05
18630,15.525258754312572,0.556809024979855,560,681,1241,0.0,0.0008333472224535399,0.5573730862207853,-8.058017727639034e-05
18631,15.526092101535026,0.556809024979855,560,681,1241,0.0,0.0008333472224535399,0.557292506043509,-8.058017727639034e-05
18632,15.52692544875748,0.556809024979855,560,681,1241,0.0,0.0008333472224535399,0.5572119258662326,-8.058017727639034e-05
18633,15.527758795979933,0.556809024979855,560,681,1241,0.0,0.0008333472224535399,0.5571313456889563,-8.058017727639034e-05
18634,15.528592143202387,0.556809024979855,560,681,1241,0.0,0.0008333472224535399,0.5570507655116799,-8.058017727639034e-05
18635,15.529425490424842,0.556809024979855,560,681,1241,0.0,0.0008333472224553162,0.5569701853344036,-8.058017727639034e-05
18636,15.530258837647295,0.556809024979855,560,681,1241,0.0,0.0008333472224535399,0.5568896051571273,-8.058017727639034e-05
18637,15.531092184869749,0.556809024979855,560,681,1241,0.0,0.0008333472224535399,0.5568090249798509,-8.058017727639034e-05
18638,15.531925532092203,0.5576148267526189,560,681,1241,0.0008058017727639033,0.0008333472224535399,0.5568896051571273,8.058017727639034e-05
18639,15.532758879314656,0.5576148267526189,560,681,1241,0.0,0.0008333472224535399,0.5569701853344037,8.058017727639034e-05
18640,15.53359222653711,0.5576148267526189,560,681,1241,0.0,0.0008333472224535399,0.55705076551168,8.058017727639034e-05
18641,15.534425573759563,0.5576148267526189,560,681,1241,0.0,0.0008333472224535399,0.5571313456889564,8.058017727639034e-05
18642,15.535258920982017,0.5576148267526189,560,681,1241,0.0,0.0008333472224535399,0.5572119258662327,8.058017727639034e-05
18643,15.53609226820447,0.5576148267526189,560,681,1241,0.0,0.0008333472224535399,0.557292506043509,8.058017727639034e-05
18644,15.536925615426924,0.5576148267526189,560,681,1241,0.0,0.0008333472224535399,0.5573730862207854,8.058017727639034e-05
18645,15.537758962649377,0.5576148267526189,560,681,1241,0.0,0.0008333472224535399,0.5574536663980617,8.058017727639034e-05
18646,15.538592309871833,0.5576148267526189,560,681,1241,0.0,0.0008333472224553162,0.5575342465753381,8.058017727639034e-05
18647,15.539425657094286,0.5576148267526189,560,681,1241,0.0,0.0008333472224535399,0.5576148267526144,8.058017727639034e-05
18648,15.54025900431674,0.5576148267526189,560,681,1241,0.0,0.0008333472224535399,0.5576148267526143,0.0
18649,15.541092351539193,0.5576148267526189,560,681,1241,0.0,0.0008333472224535399,0.5576148267526143,0.0
18650,15.541925698761647,0.5576148267526189,560,681,1241,0.0,0.0008333472224535399,0.5576148267526143,0.0
18651,15.5427590459841,0.5576148267526189,560,681,1241,0.0,0.0008333472224535399,0.5576148267526143,0.0
18652,15.543592393206554,0.5576148267526189,560,681,1241,0.0,0.0008333472224535399,0.5576148267526143,0.0
18653,15.544425740429007,0.5576148267526189,560,681,1241,0.0,0.0008333472224535399,0.5576148267526143,0.0
18654,15.545259087651461,0.5576148267526189,560,681,1241,0.0,0.0008333472224535399,0.5576148267526143,0.0
18655,15.546092434873914,0.5576148267526189,560,681,1241,0.0,0.0008333472224535399,0.5576148267526143,0.0
18656,15.54692578209637,0.5576148267526189,560,681,1241,0.0,0.0008333472224553162,0.5576148267526143,0.0
18657,15.547759129318823,0.556809024979855,560,681,1241,-0.0008058017727639033,0.0008333472224535399,0.557534246575338,-8.058017727639034e-05
18658,15.548592476541277,0.556809024979855,560,681,1241,0.0,0.0008333472224535399,0.5574536663980616,-8.058017727639034e-05
18659,15.54942582376373,0.556809024979855,560,681,1241,0.0,0.0008333472224535399,0.5573730862207853,-8.058017727639034e-05
18660,15.550259170986184,0.556809024979855,560,681,1241,0.0,0.0008333472224535399,0.557292506043509,-8.058017727639034e-05
18661,15.551092518208637,0.5576148267526189,560,681,1241,0.0008058017727639033,0.0008333472224535399,0.557292506043509,0.0
18662,15.551925865431091,0.5576148267526189,560,681,1241,0.0,0.0008333472224535399,0.557292506043509,0.0
18663,15.552759212653545,0.5576148267526189,560,681,1241,0.0,0.0008333472224535399,0.557292506043509,0.0
18664,15.553592559875998,0.5576148267526189,560,681,1241,0.0,0.0008333472224535399,0.557292506043509,0.0
18665,15.554425907098452,0.5576148267526189,560,681,1241,0.0,0.0008333472224535399,0.557292506043509,0.0
18666,15.555259254320905,0.5576148267526189,560,681,1241,0.0,0.0008333472224535399,0.557292506043509,0.0
18667,15.55609260154336,0.5576148267526189,560,681,1241,0.0,0.0008333472224553162,0.5573730862207854,8.058017727639034e-05
18668,15.556925948765814,0.5576148267526189,560,681,1241,0.0,0.0008333472224535399,0.5574536663980617,8.058017727639034e-05
18669,15.557759295988268,0.5576148267526189,560,681,1241,0.0,0.0008333472224535399,0.5575342465753381,8.058017727639034e-05
18670,15.558592643210721,0.5576148267526189,560,681,1241,0.0,0.0008333472224535399,0.5576148267526144,8.058017727639034e-05
18671,15.559425990433175,0.556809024979855,560,681,1241,-0.0008058017727639033,0.0008333472224535399,0.557534246575338,-8.058017727639034e-05
18672,15.560259337655628,0.556809024979855,560,681,1241,0.0,0.0008333472224535399,0.5574536663980616,-8.058017727639034e-05
18673,15.561092684878082,0.556809024979855,560,681,1241,0.0,0.0008333472224535399,0.5573730862207853,-8.058017727639034e-05
18674,15.561926032100535,0.556809024979855,560,681,1241,0.0,0.0008333472224535399,0.557292506043509,-8.058017727639034e-05
18675,15.562759379322989,0.556809024979855,560,681,1241,0.0,0.0008333472224535399,0.5572119258662326,-8.058017727639034e-05
18676,15.563592726545442,0.556809024979855,560,681,1241,0.0,0.0008333472224535399,0.5571313456889563,-8.058017727639034e-05
18677,15.564426073767898,0.556809024979855,560,681,1241,0.0,0.0008333472224553162,0.5570507655116799,-8.058017727639034e-05
18678,15.565259420990351,0.556809024979855,560,681,1241,0.0,0.0008333472224535399,0.5569701853344036,-8.058017727639034e-05
18679,15.566092768212805,0.5576148267526189,560,681,1241,0.0008058017727639033,0.0008333472224535399,0.5569701853344036,0.0
18680,15.566926115435258,0.5576148267526189,560,681,1241,0.0,0.0008333472224535399,0.5569701853344036,0.0
18681,15.567759462657712,0.5576148267526189,560,681,1241,0.0,0.0008333472224535399,0.55705076551168,8.058017727639034e-05
18682,15.568592809880165,0.5576148267526189,560,681,1241,0.0,0.0008333472224535399,0.5571313456889564,8.058017727639034e-05
18683,15.569426157102619,0.5576148267526189,560,681,1241,0.0,0.0008333472224535399,0.5572119258662327,8.058017727639034e-05
18684,15.570259504325072,0.5576148267526189,560,681,1241,0.0,0.0008333472224535399,0.557292506043509,8.058017727639034e-05
18685,15.571092851547526,0.5576148267526189,560,681,1241,0.0,0.0008333472224535399,0.5573730862207854,8.058017727639034e-05
18686,15.57192619876998,0.5576148267526189,560,681,1241,0.0,0.0008333472224535399,0.5574536663980617,8.058017727639034e-05
18687,15.572759545992433,0.5584206285253828,560,681,1241,0.0008058017727639033,0.0008333472224535399,0.5576148267526145,0.00016116035455278067
18688,15.573592893214888,0.5592264302981467,560,681,1241,0.0008058017727639033,0.0008333472224553162,0.5578565672844437,0.00024174053182917098
18689,15.574426240437342,0.5592264302981467,560,681,1241,0.0,0.0008333472224535399,0.5580177276389964,0.00016116035455278067
18690,15.575259587659795,0.5592264302981467,560,681,1241,0.0,0.0008333472224535399,0.5581788879935491,0.00016116035455278067
18691,15.576092934882249,0.5592264302981467,560,681,1241,0.0,0.0008333472224535399,0.5583400483481018,0.00016116035455278067
18692,15.576926282104703,0.5592264302981467,560,681,1241,0.0,0.0008333472224535399,0.5585012087026545,0.00016116035455278067
18693,15.577759629327156,0.5592264302981467,560,681,1241,0.0,0.0008333472224535399,0.5586623690572072,0.00016116035455278067
18694,15.57859297654961,0.5592264302981467,560,681,1241,0.0,0.0008333472224535399,0.5588235294117598,0.00016116035455278067
18695,15.579426323772063,0.5592264302981467,560,681,1241,0.0,0.0008333472224535399,0.5589846897663125,0.00016116035455278067
18696,15.580259670994517,0.5592264302981467,560,681,1241,0.0,0.0008333472224535399,0.5591458501208653,0.00016116035455278067
18697,15.58109301821697,0.5584206285253828,560,681,1241,-0.0008058017727639033,0.0008333472224535399,0.5591458501208653,0.0
18698,15.581926365439424,0.5584206285253828,560,681,1241,0.0,0.0008333472224535399,0.559065269943589,-8.058017727639034e-05
18699,15.582759712661879,0.5584206285253828,560,681,1241,0.0,0.0008333472224553162,0.5589846897663125,-8.058017727639034e-05
18700,15.583593059884333,0.5584206285253828,560,681,1241,0.0,0.0008333472224535399,0.5589041095890362,-8.058017727639034e-05
18701,15.584426407106786,0.5584206285253828,560,681,1241,0.0,0.0008333472224535399,0.5588235294117598,-8.058017727639034e-05
18702,15.58525975432924,0.5584206285253828,560,681,1241,0.0,0.0008333472224535399,0.5587429492344835,-8.058017727639034e-05
18703,15.586093101551693,0.5584206285253828,560,681,1241,0.0,0.0008333472224535399,0.5586623690572072,-8.058017727639034e-05
18704,15.586926448774147,0.5584206285253828,560,681,1241,0.0,0.0008333472224535399,0.5585817888799308,-8.058017727639034e-05
18705,15.5877597959966,0.5584206285253828,560,681,1241,0.0,0.0008333472224535399,0.5585012087026545,-8.058017727639034e-05
18706,15.588593143219054,0.5584206285253828,560,681,1241,0.0,0.0008333472224535399,0.5584206285253781,-8.058017727639034e-05
18707,15.589426490441507,0.5584206285253828,560,681,1241,0.0,0.0008333472224535399,0.5584206285253781,0.0
18708,15.590259837663961,0.5584206285253828,560,681,1241,0.0,0.0008333472224535399,0.5584206285253781,0.0
18709,15.591093184886416,0.5584206285253828,560,681,1241,0.0,0.0008333472224553162,0.5584206285253781,0.0
18710,15.59192653210887,0.5584206285253828,560,681,1241,0.0,0.0008333472224535399,0.5584206285253781,0.0
18711,15.592759879331323,0.5584206285253828,560,681,1241,0.0,0.0008333472224535399,0.5584206285253781,0.0
18712,15.593593226553777,0.5584206285253828,560,681,1241,0.0,0.0008333472224535399,0.5584206285253781,0.0
18713,15.59442657377623,0.5592264302981467,560,681,1241,0.0008058017727639033,0.0008333472224535399,0.5585012087026545,8.058017727639034e-05
18714,15.595259920998684,0.5592264302981467,560,681,1241,0.0,0.0008333472224535399,0.5585817888799308,8.058017727639034e-05
18715,15.596093268221138,0.5592264302981467,560,681,1241,0.0,0.0008333472224535399,0.5586623690572072,8.058017727639034e-05
18716,15.596926615443591,0.5592264302981467,560,681,1241,0.0,0.0008333472224535399,0.5587429492344835,8.058017727639034e-05
18717,15.597759962666045,0.5592264302981467,560,681,1241,0.0,0.0008333472224535399,0.5588235294117598,8.058017727639034e-05
18718,15.598593309888498,0.5592264302981467,560,681,1241,0.0,0.0008333472224535399,0.5589041095890362,8.058017727639034e-05
18719,15.599426657110952,0.5592264302981467,560,681,1241,0.0,0.0008333472224535399,0.5589846897663125,8.058017727639034e-05
18720,15.600260004333407,0.5592264302981467,560,681,1241,0.0,0.0008333472224553162,0.559065269943589,8.058017727639034e-05
18721,15.60109335155586,0.5592264302981467,560,681,1241,0.0,0.0008333472224535399,0.5591458501208653,8.058017727639034e-05
18722,15.601926698778314,0.5592264302981467,560,681,1241,0.0,0.0008333472224535399,0.5592264302981416,8.058017727639034e-05
18723,15.602760046000768,0.5600322320709106,560,681,1241,0.0008058017727639033,0.0008333472224535399,0.559307010475418,8.058017727639034e-05
18724,15.603593393223221,0.5600322320709106,560,681,1241,0.0,0.0008333472224535399,0.5593875906526943,8.058017727639034e-05
18725,15.604426740445675,0.5608380338436745,560,681,1241,0.0008058017727639033,0.0008333472224535399,0.5595487510072472,0.00016116035455278067
18726,15.605260087668128,0.5608380338436745,560,681,1241,0.0,0.0008333472224535399,0.5597099113618,0.00016116035455278067
18727,15.606093434890582,0.5608380338436745,560,681,1241,0.0,0.0008333472224535399,0.5598710717163529,0.00016116035455278067
18728,15.606926782113035,0.5600322320709106,560,681,1241,-0.0008058017727639033,0.0008333472224535399,0.5599516518936293,8.058017727639034e-05
18729,15.607760129335489,0.5600322320709106,560,681,1241,0.0,0.0008333472224535399,0.5600322320709056,8.058017727639034e-05
18730,15.608593476557944,0.5600322320709106,560,681,1241,0.0,0.0008333472224553162,0.560112812248182,8.058017727639034e-05
18731,15.609426823780398,0.5600322320709106,560,681,1241,0.0,0.0008333472224535399,0.5601933924254583,8.058017727639034e-05
18732,15.610260171002851,0.5600322320709106,560,681,1241,0.0,0.0008333472224535399,0.5602739726027346,8.058017727639034e-05
18733,15.611093518225305,0.5600322320709106,560,681,1241,0.0,0.0008333472224535399,0.5602739726027346,0.0
18734,15.611926865447758,0.5600322320709106,560,681,1241,0.0,0.0008333472224535399,0.5602739726027346,0.0
18735,15.612760212670212,0.5592264302981467,560,681,1241,-0.0008058017727639033,0.0008333472224535399,0.5601128122481818,-0.00016116035455278067
18736,15.613593559892665,0.5600322320709106,560,681,1241,0.0008058017727639033,0.0008333472224535399,0.5600322320709055,-8.058017727639034e-05
18737,15.614426907115119,0.5600322320709106,560,681,1241,0.0,0.0008333472224535399,0.559951651893629,-8.058017727639034e-05
18738,15.615260254337572,0.5600322320709106,560,681,1241,0.0,0.0008333472224535399,0.559951651893629,0.0
18739,15.616093601560026,0.5600322320709106,560,681,1241,0.0,0.0008333472224535399,0.559951651893629,0.0
18740,15.61692694878248,0.5600322320709106,560,681,1241,0.0,0.0008333472224535399,0.559951651893629,0.0
18741,15.617760296004935,0.5592264302981467,560,681,1241,-0.0008058017727639033,0.0008333472224553162,0.5598710717163526,-8.058017727639034e-05
18742,15.618593643227388,0.5592264302981467,560,681,1241,0.0,0.0008333472224535399,0.5597904915390763,-8.058017727639034e-05
18743,15.619426990449842,0.5592264302981467,560,681,1241,0.0,0.0008333472224535399,0.5597099113617999,-8.058017727639034e-05
18744,15.620260337672295,0.5592264302981467,560,681,1241,0.0,0.0008333472224535399,0.5596293311845236,-8.058017727639034e-05
18745,15.621093684894749,0.5592264302981467,560,681,1241,0.0,0.0008333472224535399,0.5596293311845237,0.0
18746,15.621927032117203,0.5592264302981467,560,681,1241,0.0,0.0008333472224535399,0.5595487510072472,-8.058017727639034e-05
18747,15.622760379339656,0.5592264302981467,560,681,1241,0.0,0.0008333472224535399,0.5594681708299709,-8.058017727639034e-05
18748,15.62359372656211,0.5592264302981467,560,681,1241,0.0,0.0008333472224535399,0.5593875906526946,-8.058017727639034e-05
18749,15.624427073784563,0.5592264302981467,560,681,1241,0.0,0.0008333472224535399,0.5593070104754182,-8.058017727639034e-05
18750,15.625260421007017,0.5592264302981467,560,681,1241,0.0,0.0008333472224535399,0.5592264302981419,-8.058017727639034e-05
18751,15.62609376822947,0.5592264302981467,560,681,1241,0.0,0.0008333472224535399,0.559226430298142,0.0
18752,15.626927115451926,0.5592264302981467,560,681,1241,0.0,0.0008333472224553162,0.559226430298142,0.0
18753,15.62776046267438,0.5592264302981467,560,681,1241,0.0,0.0008333472224535399,0.559226430298142,0.0
18754,15.628593809896833,0.5592264302981467,560,681,1241,0.0,0.0008333472224535399,0.559226430298142,0.0
18755,15.629427157119286,0.5600322320709106,560,681,1241,0.0008058017727639033,0.0008333472224535399,0.5593070104754183,8.058017727639034e-05
18756,15.63026050434174,0.5608380338436745,560,681,1241,0.0008058017727639033,0.0008333472224535399,0.5594681708299711,0.00016116035455278067
18757,15.631093851564193,0.5608380338436745,560,681,1241,0.0,0.0008333472224535399,0.5596293311845241,0.00016116035455278067
18758,15.631927198786647,0.5608380338436745,560,681,1241,0.0,0.0008333472224535399,0.5597904915390769,0.00016116035455278067
18759,15.6327605460091,0.5600322320709106,560,681,1241,-0.0008058017727639033,0.0008333472224535399,0.5598710717163533,8.058017727639034e-05
18760,15.633593893231554,0.5600322320709106,560,681,1241,0.0,0.0008333472224535399,0.5599516518936296,8.058017727639034e-05
18761,15.634427240454007,0.5600322320709106,560,681,1241,0.0,0.0008333472224535399,0.5600322320709059,8.058017727639034e-05
18762,15.635260587676463,0.5600322320709106,560,681,1241,0.0,0.0008333472224553162,0.5601128122481823,8.058017727639034e-05
18763,15.636093934898916,0.5600322320709106,560,681,1241,0.0,0.0008333472224535399,0.5601933924254586,8.058017727639034e-05
18764,15.63692728212137,0.5600322320709106,560,681,1241,0.0,0.0008333472224535399,0.560273972602735,8.058017727639034e-05
18765,15.637760629343823,0.5600322320709106,560,681,1241,0.0,0.0008333472224535399,0.560273972602735,0.0
18766,15.638593976566277,0.5592264302981467,560,681,1241,-0.0008058017727639033,0.0008333472224535399,0.5601128122481821,-0.00016116035455278067
18767,15.63942732378873,0.5592264302981467,560,681,1241,0.0,0.0008333472224535399,0.5599516518936293,-0.00016116035455278067
18768,15.640260671011184,0.5592264302981467,560,681,1241,0.0,0.0008333472224535399,0.5597904915390763,-0.00016116035455278067
18769,15.641094018233638,0.5592264302981467,560,681,1241,0.0,0.0008333472224535399,0.5597099113617999,-8.058017727639034e-05
18770,15.641927365456091,0.5592264302981467,560,681,1241,0.0,0.0008333472224535399,0.5596293311845236,-8.058017727639034e-05
18771,15.642760712678545,0.5592264302981467,560,681,1241,0.0,0.0008333472224535399,0.5595487510072472,-8.058017727639034e-05
18772,15.643594059900998,0.5592264302981467,560,681,1241,0.0,0.0008333472224535399,0.5594681708299709,-8.058017727639034e-05
18773,15.644427407123453,0.5592264302981467,560,681,1241,0.0,0.0008333472224553162,0.5593875906526946,-8.058017727639034e-05
18774,15.645260754345907,0.5592264302981467,560,681,1241,0.0,0.0008333472224535399,0.5593070104754182,-8.058017727639034e-05
18775,15.64609410156836,0.5592264302981467,560,681,1241,0.0,0.0008333472224535399,0.5592264302981419,-8.058017727639034e-05
18776,15.646927448790814,0.5584206285253828,560,681,1241,-0.0008058017727639033,0.0008333472224535399,0.5591458501208655,-8.058017727639034e-05
18777,15.647760796013268,0.5576148267526189,560,681,1241,-0.0008058017727639033,0.0008333472224535399,0.5589846897663128,-0.00016116035455278067
18778,15.648594143235721,0.5576148267526189,560,681,1241,0.0,0.0008333472224535399,0.5588235294117601,-0.00016116035455278067
18779,15.649427490458175,0.5576148267526189,560,681,1241,0.0,0.0008333472224535399,0.5586623690572073,-0.00016116035455278067
18780,15.650260837680628,0.5576148267526189,560,681,1241,0.0,0.0008333472224535399,0.5585012087026546,-0.00016116035455278067
18781,15.651094184903082,0.556809024979855,560,681,1241,-0.0008058017727639033,0.0008333472224535399,0.5582594681708255,-0.00024174053182917098
18782,15.651927532125535,0.556809024979855,560,681,1241,0.0,0.0008333472224535399,0.5580177276389963,-0.00024174053182917098
18783,15.65276087934799,0.5560032232070911,560,681,1241,-0.0008058017727639033,0.0008333472224553162,0.5576954069298907,-0.00032232070910556134
18784,15.653594226570444,0.5560032232070911,560,681,1241,0.0,0.0008333472224535399,0.5573730862207851,-0.00032232070910556134
18785,15.654427573792898,0.5560032232070911,560,681,1241,0.0,0.0008333472224535399,0.5570507655116795,-0.00032232070910556134
18786,15.655260921015351,0.5560032232070911,560,681,1241,0.0,0.0008333472224535399,0.5568090249798503,-0.00024174053182917098
18787,15.656094268237805,0.5560032232070911,560,681,1241,0.0,0.0008333472224535399,0.5566478646252975,-0.00016116035455278067
18788,15.656927615460258,0.5560032232070911,560,681,1241,0.0,0.0008333472224535399,0.5564867042707446,-0.00016116035455278067
18789,15.657760962682712,0.5560032232070911,560,681,1241,0.0,0.0008333472224535399,0.5563255439161917,-0.00016116035455278067
18790,15.658594309905165,0.5560032232070911,560,681,1241,0.0,0.0008333472224535399,0.5561643835616389,-0.00016116035455278067
18791,15.659427657127619,0.556809024979855,560,681,1241,0.0008058017727639033,0.0008333472224535399,0.5561643835616389,0.0
18792,15.660261004350073,0.556809024979855,560,681,1241,0.0,0.0008333472224535399,0.5561643835616389,0.0
18793,15.661094351572526,0.556809024979855,560,681,1241,0.0,0.0008333472224535399,0.5562449637389152,8.058017727639034e-05
18794,15.661927698794981,0.556809024979855,560,681,1241,0.0,0.0008333472224553162,0.5563255439161916,8.058017727639034e-05
18795,15.662761046017435,0.556809024979855,560,681,1241,0.0,0.0008333472224535399,0.5564061240934679,8.058017727639034e-05
18796,15.663594393239888,0.556809024979855,560,681,1241,0.0,0.0008333472224535399,0.5564867042707442,8.058017727639034e-05
18797,15.664427740462342,0.5576148267526189,560,681,1241,0.0008058017727639033,0.0008333472224535399,0.5566478646252971,0.00016116035455278067
18798,15.665261087684796,0.5576148267526189,560,681,1241,0.0,0.0008333472224535399,0.55680902497985,0.00016116035455278067
18799,15.666094434907249,0.5584206285253828,560,681,1241,0.0008058017727639033,0.0008333472224535399,0.5570507655116792,0.00024174053182917098
18800,15.666927782129703,0.5584206285253828,560,681,1241,0.0,0.0008333472224535399,0.5572925060435084,0.00024174053182917098
18801,15.667761129352156,0.5584206285253828,560,681,1241,0.0,0.0008333472224535399,0.5574536663980612,0.00016116035455278067
18802,15.66859447657461,0.5584206285253828,560,681,1241,0.0,0.0008333472224535399,0.557614826752614,0.00016116035455278067
18803,15.669427823797063,0.5584206285253828,560,681,1241,0.0,0.0008333472224535399,0.5577759871071668,0.00016116035455278067
18804,15.670261171019517,0.5576148267526189,560,681,1241,-0.0008058017727639033,0.0008333472224535399,0.5578565672844431,8.058017727639034e-05
18805,15.671094518241972,0.5576148267526189,560,681,1241,0.0,0.0008333472224553162,0.5579371474617194,8.058017727639034e-05
18806,15.671927865464426,0.5576148267526189,560,681,1241,0.0,0.0008333472224535399,0.5580177276389958,8.058017727639034e-05
18807,15.67276121268688,0.5576148267526189,560,681,1241,0.0,0.0008333472224535399,0.5580177276389957,0.0
18808,15.673594559909333,0.5576148267526189,560,681,1241,0.0,0.0008333472224535399,0.5580177276389957,0.0
18809,15.674427907131786,0.5576148267526189,560,681,1241,0.0,0.0008333472224535399,0.5579371474617194,-8.058017727639034e-05
18810,15.67526125435424,0.5576148267526189,560,681,1241,0.0,0.0008333472224535399,0.557856567284443,-8.058017727639034e-05
18811,15.676094601576693,0.5576148267526189,560,681,1241,0.0,0.0008333472224535399,0.5577759871071667,-8.058017727639034e-05
18812,15.676927948799147,0.5576148267526189,560,681,1241,0.0,0.0008333472224535399,0.5576954069298903,-8.058017727639034e-05
18813,15.6777612960216,0.5576148267526189,560,681,1241,0.0,0.0008333472224535399,0.557614826752614,-8.058017727639034e-05
18814,15.678594643244054,0.5576148267526189,560,681,1241,0.0,0.0008333472224535399,0.557614826752614,0.0
18815,15.67942799046651,0.5576148267526189,560,681,1241,0.0,0.0008333472224553162,0.557614826752614,0.0
18816,15.680261337688963,0.5576148267526189,560,681,1241,0.0,0.0008333472224535399,0.557614826752614,0.0
18817,15.681094684911416,0.5576148267526189,560,681,1241,0.0,0.0008333472224535399,0.557614826752614,0.0
18818,15.68192803213387,0.5576148267526189,560,681,1241,0.0,0.0008333472224535399,0.557614826752614,0.0
18819,15.682761379356323,0.5576148267526189,560,681,1241,0.0,0.0008333472224535399,0.557614826752614,0.0
18820,15.683594726578777,0.5576148267526189,560,681,1241,0.0,0.0008333472224535399,0.557614826752614,0.0
18821,15.68442807380123,0.5576148267526189,560,681,1241,0.0,0.0008333472224535399,0.557614826752614,0.0
18822,15.685261421023684,0.5576148267526189,560,681,1241,0.0,0.0008333472224535399,0.557614826752614,0.0
18823,15.686094768246138,0.5576148267526189,560,681,1241,0.0,0.0008333472224535399,0.557614826752614,0.0
18824,15.686928115468591,0.5576148267526189,560,681,1241,0.0,0.0008333472224535399,0.557614826752614,0.0
18825,15.687761462691045,0.5576148267526189,560,681,1241,0.0,0.0008333472224535399,0.557614826752614,0.0
18826,15.6885948099135,0.5576148267526189,560,681,1241,0.0,0.0008333472224553162,0.557614826752614,0.0
18827,15.689428157135954,0.5576148267526189,560,681,1241,0.0,0.0008333472224535399,0.557614826752614,0.0
18828,15.690261504358407,0.5576148267526189,560,681,1241,0.0,0.0008333472224535399,0.557614826752614,0.0
18829,15.69109485158086,0.5576148267526189,560,681,1241,0.0,0.0008333472224535399,0.557614826752614,0.0
18830,15.691928198803314,0.556809024979855,560,681,1241,-0.0008058017727639033,0.0008333472224535399,0.5575342465753377,-8.058017727639034e-05
18831,15.692761546025768,0.556809024979855,560,681,1241,0.0,0.0008333472224535399,0.5574536663980613,-8.058017727639034e-05
18832,15.693594893248221,0.556809024979855,560,681,1241,0.0,0.0008333472224535399,0.557373086220785,-8.058017727639034e-05
18833,15.694428240470675,0.556809024979855,560,681,1241,0.0,0.0008333472224535399,0.5572925060435086,-8.058017727639034e-05
18834,15.695261587693128,0.556809024979855,560,681,1241,0.0,0.0008333472224535399,0.5572119258662322,-8.058017727639034e-05
18835,15.696094934915582,0.556809024979855,560,681,1241,0.0,0.0008333472224535399,0.557131345688956,-8.058017727639034e-05
18836,15.696928282138037,0.556809024979855,560,681,1241,0.0,0.0008333472224553162,0.5570507655116795,-8.058017727639034e-05
18837,15.69776162936049,0.556809024979855,560,681,1241,0.0,0.0008333472224535399,0.5569701853344032,-8.058017727639034e-05
18838,15.698594976582944,0.556809024979855,560,681,1241,0.0,0.0008333472224535399,0.5568896051571268,-8.058017727639034e-05
18839,15.699428323805398,0.556809024979855,560,681,1241,0.0,0.0008333472224535399,0.5568090249798505,-8.058017727639034e-05
18840,15.700261671027851,0.556809024979855,560,681,1241,0.0,0.0008333472224535399,0.5568090249798505,0.0
18841,15.701095018250305,0.556809024979855,560,681,1241,0.0,0.0008333472224535399,0.5568090249798505,0.0
18842,15.701928365472758,0.556809024979855,560,681,1241,0.0,0.0008333472224535399,0.5568090249798505,0.0
18843,15.702761712695212,0.556809024979855,560,681,1241,0.0,0.0008333472224535399,0.5568090249798505,0.0
18844,15.703595059917665,0.556809024979855,560,681,1241,0.0,0.0008333472224535399,0.5568090249798505,0.0
18845,15.704428407140119,0.556809024979855,560,681,1241,0.0,0.0008333472224535399,0.5568090249798505,0.0
18846,15.705261754362573,0.556809024979855,560,681,1241,0.0,0.0008333472224535399,0.5568090249798505,0.0
18847,15.706095101585028,0.556809024979855,560,681,1241,0.0,0.0008333472224553162,0.5568090249798505,0.0
18848,15.706928448807481,0.556809024979855,560,681,1241,0.0,0.0008333472224535399,0.5568090249798505,0.0
18849,15.707761796029935,0.556809024979855,560,681,1241,0.0,0.0008333472224535399,0.5568090249798505,0.0
18850,15.708595143252388,0.5576148267526189,560,681,1241,0.0008058017727639033,0.0008333472224535399,0.5568896051571269,8.058017727639034e-05
18851,15.709428490474842,0.5584206285253828,560,681,1241,0.0008058017727639033,0.0008333472224535399,0.5570507655116798,0.00016116035455278067
18852,15.710261837697296,0.5584206285253828,560,681,1241,0.0,0.0008333472224535399,0.5572119258662325,0.00016116035455278067
18853,15.711095184919749,0.5584206285253828,560,681,1241,0.0,0.0008333472224535399,0.5573730862207853,0.00016116035455278067
18854,15.711928532142203,0.5576148267526189,560,681,1241,-0.0008058017727639033,0.0008333472224535399,0.5574536663980617,8.058017727639034e-05
18855,15.712761879364656,0.5576148267526189,560,681,1241,0.0,0.0008333472224535399,0.5575342465753381,8.058017727639034e-05
18856,15.71359522658711,0.5576148267526189,560,681,1241,0.0,0.0008333472224535399,0.5576148267526144,8.058017727639034e-05
18857,15.714428573809565,0.5576148267526189,560,681,1241,0.0,0.0008333472224553162,0.5576954069298907,8.058017727639034e-05
18858,15.715261921032019,0.5576148267526189,560,681,1241,0.0,0.0008333472224535399,0.5577759871071671,8.058017727639034e-05
18859,15.716095268254472,0.5576148267526189,560,681,1241,0.0,0.0008333472224535399,0.5578565672844434,8.058017727639034e-05
18860,15.716928615476926,0.5576148267526189,560,681,1241,0.0,0.0008333472224535399,0.5578565672844433,0.0
18861,15.71776196269938,0.5576148267526189,560,681,1241,0.0,0.0008333472224535399,0.557775987107167,-8.058017727639034e-05
18862,15.718595309921833,0.5576148267526189,560,681,1241,0.0,0.0008333472224535399,0.5576954069298907,-8.058017727639034e-05
18863,15.719428657144286,0.5576148267526189,560,681,1241,0.0,0.0008333472224535399,0.5576148267526143,-8.058017727639034e-05
18864,15.72026200436674,0.5576148267526189,560,681,1241,0.0,0.0008333472224535399,0.5576148267526143,0.0
18865,15.721095351589193,0.5576148267526189,560,681,1241,0.0,0.0008333472224535399,0.5576148267526143,0.0
18866,15.721928698811647,0.5576148267526189,560,681,1241,0.0,0.0008333472224535399,0.5576148267526143,0.0
18867,15.7227620460341,0.5576148267526189,560,681,1241,0.0,0.0008333472224535399,0.5576148267526143,0.0
18868,15.723595393256556,0.5576148267526189,560,681,1241,0.0,0.0008333472224553162,0.5576148267526143,0.0
18869,15.72442874047901,0.5576148267526189,560,681,1241,0.0,0.0008333472224535399,0.5576148267526143,0.0
18870,15.725262087701463,0.5576148267526189,560,681,1241,0.0,0.0008333472224535399,0.5576148267526143,0.0
18871,15.726095434923916,0.5576148267526189,560,681,1241,0.0,0.0008333472224535399,0.5576148267526143,0.0
18872,15.72692878214637,0.5576148267526189,560,681,1241,0.0,0.0008333472224535399,0.5576148267526143,0.0
18873,15.727762129368823,0.5576148267526189,560,681,1241,0.0,0.0008333472224535399,0.5576148267526143,0.0
18874,15.728595476591277,0.5584206285253828,560,681,1241,0.0008058017727639033,0.0008333472224535399,0.5576954069298907,8.058017727639034e-05
18875,15.72942882381373,0.5584206285253828,560,681,1241,0.0,0.0008333472224535399,0.557775987107167,8.058017727639034e-05
18876,15.730262171036184,0.5584206285253828,560,681,1241,0.0,0.0008333472224535399,0.5578565672844433,8.058017727639034e-05
18877,15.731095518258638,0.5584206285253828,560,681,1241,0.0,0.0008333472224535399,0.5579371474617197,8.058017727639034e-05
18878,15.731928865481091,0.5584206285253828,560,681,1241,0.0,0.0008333472224535399,0.558017727638996,8.058017727639034e-05
18879,15.732762212703546,0.5584206285253828,560,681,1241,0.0,0.0008333472224553162,0.5580983078162725,8.058017727639034e-05
18880,15.733595559926,0.5584206285253828,560,681,1241,0.0,0.0008333472224535399,0.5581788879935488,8.058017727639034e-05
18881,15.734428907148454,0.5576148267526189,560,681,1241,-0.0008058017727639033,0.0008333472224535399,0.5581788879935488,0.0
18882,15.735262254370907,0.5576148267526189,560,681,1241,0.0,0.0008333472224535399,0.5581788879935488,0.0
18883,15.73609560159336,0.5576148267526189,560,681,1241,0.0,0.0008333472224535399,0.5581788879935488,0.0
18884,15.736928948815814,0.556809024979855,560,681,1241,-0.0008058017727639033,0.0008333472224535399,0.5580177276389959,-0.00016116035455278067
18885,15.737762296038268,0.556809024979855,560,681,1241,0.0,0.0008333472224535399,0.5578565672844432,-0.00016116035455278067
18886,15.738595643260721,0.556809024979855,560,681,1241,0.0,0.0008333472224535399,0.5576954069298904,-0.00016116035455278067
18887,15.739428990483175,0.556809024979855,560,681,1241,0.0,0.0008333472224535399,0.5575342465753377,-0.00016116035455278067
18888,15.740262337705628,0.556809024979855,560,681,1241,0.0,0.0008333472224535399,0.5573730862207849,-0.00016116035455278067
18889,15.741095684928084,0.556809024979855,560,681,1241,0.0,0.0008333472224553162,0.557211925866232,-0.00016116035455278067
18890,15.741929032150537,0.556809024979855,560,681,1241,0.0,0.0008333472224535399,0.5570507655116793,-0.00016116035455278067
18891,15.74276237937299,0.556809024979855,560,681,1241,0.0,0.0008333472224535399,0.5569701853344029,-8.058017727639034e-05
18892,15.743595726595444,0.556809024979855,560,681,1241,0.0,0.0008333472224535399,0.5568896051571265,-8.058017727639034e-05
18893,15.744429073817898,0.556809024979855,560,681,1241,0.0,0.0008333472224535399,0.5568090249798502,-8.058017727639034e-05
18894,15.745262421040351,0.556809024979855,560,681,1241,0.0,0.0008333472224535399,0.5568090249798502,0.0
18895,15.746095768262805,0.556809024979855,560,681,1241,0.0,0.0008333472224535399,0.5568090249798502,0.0
18896,15.746929115485258,0.556809024979855,560,681,1241,0.0,0.0008333472224535399,0.5568090249798502,0.0
18897,15.747762462707712,0.556809024979855,560,681,1241,0.0,0.0008333472224535399,0.5568090249798502,0.0
18898,15.748595809930166,0.556809024979855,560,681,1241,0.0,0.0008333472224535399,0.5568090249798502,0.0
18899,15.749429157152619,0.556809024979855,560,681,1241,0.0,0.0008333472224535399,0.5568090249798502,0.0
18900,15.750262504375074,0.556809024979855,560,681,1241,0.0,0.0008333472224553162,0.5568090249798502,0.0
18901,15.751095851597528,0.556809024979855,560,681,1241,0.0,0.0008333472224535399,0.5568090249798502,0.0
18902,15.751929198819981,0.556809024979855,560,681,1241,0.0,0.0008333472224535399,0.5568090249798502,0.0
18903,15.752762546042435,0.556809024979855,560,681,1241,0.0,0.0008333472224535399,0.5568090249798502,0.0
18904,15.753595893264889,0.556809024979855,560,681,1241,0.0,0.0008333472224535399,0.5568090249798502,0.0
18905,15.754429240487342,0.5584206285253828,560,681,1241,0.0016116035455278066,0.0008333472224535399,0.5569701853344029,0.00016116035455278067
18906,15.755262587709796,0.5584206285253828,560,681,1241,0.0,0.0008333472224535399,0.5571313456889557,0.00016116035455278067
18907,15.75609593493225,0.5584206285253828,560,681,1241,0.0,0.0008333472224535399,0.5572925060435086,0.00016116035455278067
18908,15.756929282154703,0.5584206285253828,560,681,1241,0.0,0.0008333472224535399,0.5574536663980613,0.00016116035455278067
18909,15.757762629377156,0.5584206285253828,560,681,1241,0.0,0.0008333472224535399,0.5576148267526141,0.00016116035455278067
18910,15.758595976599612,0.5584206285253828,560,681,1241,0.0,0.0008333472224553162,0.5577759871071668,0.00016116035455278067
18911,15.759429323822065,0.5584206285253828,560,681,1241,0.0,0.0008333472224535399,0.5579371474617196,0.00016116035455278067
18912,15.760262671044519,0.5584206285253828,560,681,1241,0.0,0.0008333472224535399,0.5580983078162725,0.00016116035455278067
18913,15.761096018266972,0.5584206285253828,560,681,1241,0.0,0.0008333472224535399,0.5582594681708252,0.00016116035455278067
18914,15.761929365489426,0.5584206285253828,560,681,1241,0.0,0.0008333472224535399,0.558420628525378,0.00016116035455278067
18915,15.76276271271188,0.5600322320709106,560,681,1241,0.0016116035455278066,0.0008333472224535399,0.5585817888799307,0.00016116035455278067
18916,15.763596059934333,0.5600322320709106,560,681,1241,0.0,0.0008333472224535399,0.5587429492344835,0.00016116035455278067
18917,15.764429407156786,0.5600322320709106,560,681,1241,0.0,0.0008333472224535399,0.5589041095890364,0.00016116035455278067
18918,15.76526275437924,0.5592264302981467,560,681,1241,-0.0008058017727639033,0.0008333472224535399,0.5589846897663128,8.058017727639034e-05
18919,15.766096101601693,0.5592264302981467,560,681,1241,0.0,0.0008333472224535399,0.5590652699435891,8.058017727639034e-05
18920,15.766929448824147,0.5592264302981467,560,681,1241,0.0,0.0008333472224535399,0.5591458501208655,8.058017727639034e-05
18921,15.767762796046602,0.5592264302981467,560,681,1241,0.0,0.0008333472224553162,0.5592264302981418,8.058017727639034e-05
18922,15.768596143269056,0.5592264302981467,560,681,1241,0.0,0.0008333472224535399,0.5593070104754181,8.058017727639034e-05
18923,15.76942949049151,0.5592264302981467,560,681,1241,0.0,0.0008333472224535399,0.5593875906526945,8.058017727639034e-05
18924,15.770262837713963,0.5600322320709106,560,681,1241,0.0008058017727639033,0.0008333472224535399,0.5595487510072472,0.00016116035455278067
18925,15.771096184936416,0.5600322320709106,560,681,1241,0.0,0.0008333472224535399,0.5595487510072472,0.0
18926,15.77192953215887,0.5600322320709106,560,681,1241,0.0,0.0008333472224535399,0.5595487510072472,0.0
18927,15.772762879381323,0.5600322320709106,560,681,1241,0.0,0.0008333472224535399,0.5595487510072472,0.0
18928,15.773596226603777,0.5600322320709106,560,681,1241,0.0,0.0008333472224535399,0.5596293311845237,8.058017727639034e-05
18929,15.77442957382623,0.5600322320709106,560,681,1241,0.0,0.0008333472224535399,0.5597099113618,8.058017727639034e-05
18930,15.775262921048684,0.5600322320709106,560,681,1241,0.0,0.0008333472224535399,0.5597904915390763,8.058017727639034e-05
18931,15.776096268271138,0.5592264302981467,560,681,1241,-0.0008058017727639033,0.0008333472224535399,0.5597904915390763,0.0
18932,15.776929615493593,0.5592264302981467,560,681,1241,0.0,0.0008333472224553162,0.5597904915390763,0.0
18933,15.777762962716047,0.5592264302981467,560,681,1241,0.0,0.0008333472224535399,0.5597904915390763,0.0
18934,15.7785963099385,0.5592264302981467,560,681,1241,0.0,0.0008333472224535399,0.5597099113617999,-8.058017727639034e-05
18935,15.779429657160954,0.5592264302981467,560,681,1241,0.0,0.0008333472224535399,0.5596293311845236,-8.058017727639034e-05
18936,15.780263004383407,0.5592264302981467,560,681,1241,0.0,0.0008333472224535399,0.5595487510072472,-8.058017727639034e-05
18937,15.78109635160586,0.5592264302981467,560,681,1241,0.0,0.0008333472224535399,0.5594681708299709,-8.058017727639034e-05
18938,15.781929698828314,0.5584206285253828,560,681,1241,-0.0008058017727639033,0.0008333472224535399,0.5593070104754181,-0.00016116035455278067
18939,15.782763046050768,0.5584206285253828,560,681,1241,0.0,0.0008333472224535399,0.5591458501208654,-0.00016116035455278067
18940,15.783596393273221,0.5592264302981467,560,681,1241,0.0008058017727639033,0.0008333472224535399,0.559065269943589,-8.058017727639034e-05
18941,15.784429740495675,0.5600322320709106,560,681,1241,0.0008058017727639033,0.0008333472224535399,0.5591458501208655,8.058017727639034e-05
18942,15.78526308771813,0.5600322320709106,560,681,1241,0.0,0.0008333472224553162,0.5592264302981418,8.058017727639034e-05
18943,15.786096434940584,0.5600322320709106,560,681,1241,0.0,0.0008333472224535399,0.5593070104754181,8.058017727639034e-05
18944,15.786929782163037,0.5592264302981467,560,681,1241,-0.0008058017727639033,0.0008333472224535399,0.5593070104754181,0.0
18945,15.78776312938549,0.5600322320709106,560,681,1241,0.0008058017727639033,0.0008333472224535399,0.5593875906526945,8.058017727639034e-05
18946,15.788596476607944,0.5600322320709106,560,681,1241,0.0,0.0008333472224535399,0.5594681708299708,8.058017727639034e-05
18947,15.789429823830398,0.5592264302981467,560,681,1241,-0.0008058017727639033,0.0008333472224535399,0.5594681708299708,0.0
18948,15.790263171052851,0.5592264302981467,560,681,1241,0.0,0.0008333472224535399,0.5595487510072472,8.058017727639034e-05
18949,15.791096518275305,0.5592264302981467,560,681,1241,0.0,0.0008333472224535399,0.5596293311845235,8.058017727639034e-05
18950,15.791929865497758,0.5592264302981467,560,681,1241,0.0,0.0008333472224535399,0.5596293311845235,0.0
18951,15.792763212720212,0.5592264302981467,560,681,1241,0.0,0.0008333472224535399,0.5595487510072471,-8.058017727639034e-05
18952,15.793596559942666,0.5600322320709106,560,681,1241,0.0008058017727639033,0.0008333472224535399,0.5595487510072471,0.0
18953,15.79442990716512,0.5600322320709106,560,681,1241,0.0,0.0008333472224553162,0.5595487510072471,0.0
18954,15.795263254387574,0.5600322320709106,560,681,1241,0.0,0.0008333472224535399,0.5596293311845235,8.058017727639034e-05
18955,15.796096601610028,0.5600322320709106,560,681,1241,0.0,0.0008333472224535399,0.5596293311845235,0.0
18956,15.796929948832481,0.5600322320709106,560,681,1241,0.0,0.0008333472224535399,0.5596293311845235,0.0
18957,15.797763296054935,0.5600322320709106,560,681,1241,0.0,0.0008333472224535399,0.5597099113617998,8.058017727639034e-05
18958,15.798596643277389,0.5600322320709106,560,681,1241,0.0,0.0008333472224535399,0.5597904915390762,8.058017727639034e-05
18959,15.799429990499842,0.5608380338436745,560,681,1241,0.0008058017727639033,0.0008333472224535399,0.559951651893629,0.00016116035455278067
18960,15.800263337722296,0.5608380338436745,560,681,1241,0.0,0.0008333472224535399,0.560112812248182,0.00016116035455278067
18961,15.80109668494475,0.5608380338436745,560,681,1241,0.0,0.0008333472224535399,0.5602739726027348,0.00016116035455278067
18962,15.801930032167203,0.5608380338436745,560,681,1241,0.0,0.0008333472224535399,0.5603545527800112,8.058017727639034e-05
18963,15.802763379389658,0.5608380338436745,560,681,1241,0.0,0.0008333472224553162,0.5604351329572876,8.058017727639034e-05
18964,15.803596726612112,0.5616438356164384,560,681,1241,0.0008058017727639033,0.0008333472224535399,0.5605962933118404,0.00016116035455278067
18965,15.804430073834565,0.5616438356164384,560,681,1241,0.0,0.0008333472224535399,0.5607574536663932,0.00016116035455278067
18966,15.805263421057019,0.5616438356164384,560,681,1241,0.0,0.0008333472224535399,0.5609186140209459,0.00016116035455278067
18967,15.806096768279472,0.5616438356164384,560,681,1241,0.0,0.0008333472224535399,0.5610797743754987,0.00016116035455278067
18968,15.806930115501926,0.5608380338436745,560,681,1241,-0.0008058017727639033,0.0008333472224535399,0.561160354552775,8.058017727639034e-05
18969,15.80776346272438,0.5608380338436745,560,681,1241,0.0,0.0008333472224535399,0.561160354552775,0.0
18970,15.808596809946833,0.5608380338436745,560,681,1241,0.0,0.0008333472224535399,0.561160354552775,0.0
18971,15.809430157169286,0.5608380338436745,560,681,1241,0.0,0.0008333472224535399,0.561160354552775,0.0
18972,15.81026350439174,0.5608380338436745,560,681,1241,0.0,0.0008333472224535399,0.561160354552775,0.0
18973,15.811096851614193,0.5616438356164384,560,681,1241,0.0008058017727639033,0.0008333472224535399,0.5612409347300513,8.058017727639034e-05
18974,15.811930198836649,0.5616438356164384,560,681,1241,0.0,0.0008333472224553162,0.5612409347300513,0.0
18975,15.812763546059102,0.5616438356164384,560,681,1241,0.0,0.0008333472224535399,0.5612409347300513,0.0
18976,15.813596893281556,0.5616438356164384,560,681,1241,0.0,0.0008333472224535399,0.5612409347300513,0.0
18977,15.81443024050401,0.5616438356164384,560,681,1241,0.0,0.0008333472224535399,0.5612409347300513,0.0
18978,15.815263587726463,0.5616438356164384,560,681,1241,0.0,0.0008333472224535399,0.5613215149073276,8.058017727639034e-05
18979,15.816096934948916,0.5616438356164384,560,681,1241,0.0,0.0008333472224535399,0.561402095084604,8.058017727639034e-05
18980,15.81693028217137,0.5616438356164384,560,681,1241,0.0,0.0008333472224535399,0.5614826752618803,8.058017727639034e-05
18981,15.817763629393824,0.5608380338436745,560,681,1241,-0.0008058017727639033,0.0008333472224535399,0.5614826752618803,0.0
18982,15.818596976616277,0.5624496373892023,560,681,1241,0.0016116035455278066,0.0008333472224535399,0.561643835616433,0.00016116035455278067
18983,15.81943032383873,0.5624496373892023,560,681,1241,0.0,0.0008333472224535399,0.5617244157937094,8.058017727639034e-05
18984,15.820263671061184,0.5624496373892023,560,681,1241,0.0,0.0008333472224535399,0.5618049959709858,8.058017727639034e-05
18985,15.82109701828364,0.5624496373892023,560,681,1241,0.0,0.0008333472224553162,0.5618855761482621,8.058017727639034e-05
18986,15.821930365506093,0.5624496373892023,560,681,1241,0.0,0.0008333472224535399,0.5619661563255385,8.058017727639034e-05
18987,15.822763712728547,0.5616438356164384,560,681,1241,-0.0008058017727639033,0.0008333472224535399,0.5619661563255385,0.0
18988,15.823597059951,0.5616438356164384,560,681,1241,0.0,0.0008333472224535399,0.5619661563255385,0.0
18989,15.824430407173454,0.5608380338436745,560,681,1241,-0.0008058017727639033,0.0008333472224535399,0.5618855761482621,-8.058017727639034e-05
18990,15.825263754395907,0.5608380338436745,560,681,1241,0.0,0.0008333472224535399,0.5618049959709858,-8.058017727639034e-05
18991,15.82609710161836,0.5608380338436745,560,681,1241,0.0,0.0008333472224535399,0.5618049959709858,0.0
18992,15.826930448840814,0.5608380338436745,560,681,1241,0.0,0.0008333472224535399,0.561643835616433,-0.00016116035455278067
18993,15.827763796063268,0.5608380338436745,560,681,1241,0.0,0.0008333472224535399,0.5614826752618803,-0.00016116035455278067
18994,15.828597143285721,0.5608380338436745,560,681,1241,0.0,0.0008333472224535399,0.5613215149073276,-0.00016116035455278067
18995,15.829430490508177,0.5608380338436745,560,681,1241,0.0,0.0008333472224553162,0.561160354552775,-0.00016116035455278067
18996,15.83026383773063,0.5608380338436745,560,681,1241,0.0,0.0008333472224535399,0.5609991941982223,-0.00016116035455278067
18997,15.831097184953084,0.5608380338436745,560,681,1241,0.0,0.0008333472224535399,0.5609186140209459,-8.058017727639034e-05
18998,15.831930532175537,0.5608380338436745,560,681,1241,0.0,0.0008333472224535399,0.5608380338436696,-8.058017727639034e-05
18999,15.83276387939799,0.5608380338436745,560,681,1241,0.0,0.0008333472224535399,0.5608380338436696,0.0
19000,15.833597226620444,0.5608380338436745,560,681,1241,0.0,0.0008333472224535399,0.5608380338436696,0.0
19001,15.834430573842898,0.5608380338436745,560,681,1241,0.0,0.0008333472224535399,0.5608380338436696,0.0
19002,15.835263921065351,0.5608380338436745,560,681,1241,0.0,0.0008333472224535399,0.5608380338436696,0.0
19003,15.836097268287805,0.5608380338436745,560,681,1241,0.0,0.0008333472224535399,0.5608380338436696,0.0
19004,15.836930615510258,0.5608380338436745,560,681,1241,0.0,0.0008333472224535399,0.5608380338436696,0.0
19005,15.837763962732712,0.5608380338436745,560,681,1241,0.0,0.0008333472224535399,0.5608380338436696,0.0
19006,15.838597309955167,0.5608380338436745,560,681,1241,0.0,0.0008333472224553162,0.5608380338436696,0.0
19007,15.83943065717762,0.5600322320709106,560,681,1241,-0.0008058017727639033,0.0008333472224535399,0.5607574536663933,-8.058017727639034e-05
19008,15.840264004400074,0.5608380338436745,560,681,1241,0.0008058017727639033,0.0008333472224535399,0.5607574536663933,0.0
19009,15.841097351622528,0.5616438356164384,560,681,1241,0.0008058017727639033,0.0008333472224535399,0.5608380338436696,8.058017727639034e-05
19010,15.841930698844982,0.5616438356164384,560,681,1241,0.0,0.0008333472224535399,0.5609186140209459,8.058017727639034e-05
19011,15.842764046067435,0.5616438356164384,560,681,1241,0.0,0.0008333472224535399,0.5609991941982223,8.058017727639034e-05
19012,15.843597393289889,0.5616438356164384,560,681,1241,0.0,0.0008333472224535399,0.5610797743754986,8.058017727639034e-05
19013,15.844430740512342,0.5616438356164384,560,681,1241,0.0,0.0008333472224535399,0.561160354552775,8.058017727639034e-05
19014,15.845264087734796,0.5616438356164384,560,681,1241,0.0,0.0008333472224535399,0.5612409347300513,8.058017727639034e-05
19015,15.84609743495725,0.5624496373892023,560,681,1241,0.0008058017727639033,0.0008333472224535399,0.561402095084604,0.00016116035455278067
19016,15.846930782179705,0.5624496373892023,560,681,1241,0.0,0.0008333472224553162,0.5615632554391567,0.00016116035455278067
19017,15.847764129402158,0.5624496373892023,560,681,1241,0.0,0.0008333472224535399,0.5618049959709859,0.00024174053182917098
19018,15.848597476624612,0.5624496373892023,560,681,1241,0.0,0.0008333472224535399,0.5619661563255386,0.00016116035455278067
19019,15.849430823847065,0.5624496373892023,560,681,1241,0.0,0.0008333472224535399,0.562046736502815,8.058017727639034e-05
19020,15.850264171069519,0.5624496373892023,560,681,1241,0.0,0.0008333472224535399,0.5621273166800913,8.058017727639034e-05
19021,15.851097518291972,0.5624496373892023,560,681,1241,0.0,0.0008333472224535399,0.5622078968573676,8.058017727639034e-05
19022,15.851930865514426,0.5624496373892023,560,681,1241,0.0,0.0008333472224535399,0.562288477034644,8.058017727639034e-05
19023,15.85276421273688,0.5624496373892023,560,681,1241,0.0,0.0008333472224535399,0.5623690572119203,8.058017727639034e-05
19024,15.853597559959333,0.5608380338436745,560,681,1241,-0.0016116035455278066,0.0008333472224535399,0.562288477034644,-8.058017727639034e-05
19025,15.854430907181786,0.5608380338436745,560,681,1241,0.0,0.0008333472224535399,0.5621273166800913,-0.00016116035455278067
19026,15.85526425440424,0.5608380338436745,560,681,1241,0.0,0.0008333472224535399,0.5619661563255386,-0.00016116035455278067
19027,15.856097601626695,0.5608380338436745,560,681,1241,0.0,0.0008333472224553162,0.5618049959709859,-0.00016116035455278067
19028,15.856930948849149,0.5608380338436745,560,681,1241,0.0,0.0008333472224535399,0.5616438356164333,-0.00016116035455278067
19029,15.857764296071602,0.5600322320709106,560,681,1241,-0.0008058017727639033,0.0008333472224535399,0.561402095084604,-0.00024174053182917098
19030,15.858597643294056,0.5600322320709106,560,681,1241,0.0,0.0008333472224535399,0.5611603545527748,-0.00024174053182917098
19031,15.85943099051651,0.5600322320709106,560,681,1241,0.0,0.0008333472224535399,0.5609186140209456,-0.00024174053182917098
19032,15.860264337738963,0.5600322320709106,560,681,1241,0.0,0.0008333472224535399,0.5606768734891163,-0.00024174053182917098
19033,15.861097684961416,0.5608380338436745,560,681,1241,0.0008058017727639033,0.0008333472224535399,0.5605157131345637,-0.00016116035455278067
19034,15.86193103218387,0.5600322320709106,560,681,1241,-0.0008058017727639033,0.0008333472224535399,0.5604351329572873,-8.058017727639034e-05
19035,15.862764379406324,0.5600322320709106,560,681,1241,0.0,0.0008333472224535399,0.560354552780011,-8.058017727639034e-05
19036,15.863597726628777,0.5600322320709106,560,681,1241,0.0,0.0008333472224535399,0.5602739726027346,-8.058017727639034e-05
19037,15.86443107385123,0.5600322320709106,560,681,1241,0.0,0.0008333472224535399,0.5601933924254583,-8.058017727639034e-05
19038,15.865264421073686,0.5600322320709106,560,681,1241,0.0,0.0008333472224553162,0.560112812248182,-8.058017727639034e-05
19039,15.86609776829614,0.5600322320709106,560,681,1241,0.0,0.0008333472224535399,0.560112812248182,0.0
19040,15.866931115518593,0.5600322320709106,560,681,1241,0.0,0.0008333472224535399,0.560112812248182,0.0
19041,15.867764462741047,0.5600322320709106,560,681,1241,0.0,0.0008333472224535399,0.560112812248182,0.0
19042,15.8685978099635,0.5600322320709106,560,681,1241,0.0,0.0008333472224535399,0.560112812248182,0.0
19043,15.869431157185954,0.5600322320709106,560,681,1241,0.0,0.0008333472224535399,0.5600322320709056,-8.058017727639034e-05
19044,15.870264504408407,0.5600322320709106,560,681,1241,0.0,0.0008333472224535399,0.5600322320709056,0.0
19045,15.87109785163086,0.5600322320709106,560,681,1241,0.0,0.0008333472224535399,0.5600322320709056,0.0
19046,15.871931198853314,0.5600322320709106,560,681,1241,0.0,0.0008333472224535399,0.5600322320709056,0.0
19047,15.872764546075768,0.5600322320709106,560,681,1241,0.0,0.0008333472224535399,0.5600322320709056,0.0
19048,15.873597893298223,0.5600322320709106,560,681,1241,0.0,0.0008333472224553162,0.5600322320709056,0.0
19049,15.874431240520677,0.5592264302981467,560,681,1241,-0.0008058017727639033,0.0008333472224535399,0.5599516518936292,-8.058017727639034e-05
19050,15.87526458774313,0.5592264302981467,560,681,1241,0.0,0.0008333472224535399,0.5598710717163529,-8.058017727639034e-05
19051,15.876097934965584,0.5592264302981467,560,681,1241,0.0,0.0008333472224535399,0.5597904915390765,-8.058017727639034e-05
19052,15.876931282188037,0.5592264302981467,560,681,1241,0.0,0.0008333472224535399,0.5597099113618001,-8.058017727639034e-05
19053,15.87776462941049,0.5592264302981467,560,681,1241,0.0,0.0008333472224535399,0.5596293311845237,-8.058017727639034e-05
19054,15.878597976632944,0.5592264302981467,560,681,1241,0.0,0.0008333472224535399,0.5595487510072474,-8.058017727639034e-05
19055,15.879431323855398,0.5592264302981467,560,681,1241,0.0,0.0008333472224535399,0.5594681708299711,-8.058017727639034e-05
19056,15.880264671077851,0.5592264302981467,560,681,1241,0.0,0.0008333472224535399,0.5593875906526947,-8.058017727639034e-05
19057,15.881098018300305,0.5592264302981467,560,681,1241,0.0,0.0008333472224535399,0.5593070104754184,-8.058017727639034e-05
19058,15.881931365522759,0.5592264302981467,560,681,1241,0.0,0.0008333472224535399,0.559226430298142,-8.058017727639034e-05
19059,15.882764712745214,0.5592264302981467,560,681,1241,0.0,0.0008333472224553162,0.5592264302981421,0.0
19060,15.883598059967667,0.5592264302981467,560,681,1241,0.0,0.0008333472224535399,0.5592264302981421,0.0
19061,15.884431407190121,0.5592264302981467,560,681,1241,0.0,0.0008333472224535399,0.5592264302981421,0.0
19062,15.885264754412574,0.5592264302981467,560,681,1241,0.0,0.0008333472224535399,0.5592264302981421,0.0
19063,15.886098101635028,0.5592264302981467,560,681,1241,0.0,0.0008333472224535399,0.5592264302981421,0.0
19064,15.886931448857482,0.5592264302981467,560,681,1241,0.0,0.0008333472224535399,0.5592264302981421,0.0
19065,15.887764796079935,0.5592264302981467,560,681,1241,0.0,0.0008333472224535399,0.5592264302981421,0.0
19066,15.888598143302389,0.5584206285253828,560,681,1241,-0.0008058017727639033,0.0008333472224535399,0.5591458501208658,-8.058017727639034e-05
19067,15.889431490524842,0.5584206285253828,560,681,1241,0.0,0.0008333472224535399,0.5590652699435894,-8.058017727639034e-05
19068,15.890264837747296,0.5584206285253828,560,681,1241,0.0,0.0008333472224535399,0.5589846897663131,-8.058017727639034e-05
19069,15.891098184969751,0.5584206285253828,560,681,1241,0.0,0.0008333472224553162,0.5589041095890368,-8.058017727639034e-05
19070,15.891931532192205,0.5584206285253828,560,681,1241,0.0,0.0008333472224535399,0.5588235294117604,-8.058017727639034e-05
19071,15.892764879414658,0.5576148267526189,560,681,1241,-0.0008058017727639033,0.0008333472224535399,0.5586623690572077,-0.00016116035455278067
19072,15.893598226637112,0.5576148267526189,560,681,1241,0.0,0.0008333472224535399,0.5585012087026551,-0.00016116035455278067
19073,15.894431573859565,0.5576148267526189,560,681,1241,0.0,0.0008333472224535399,0.5583400483481024,-0.00016116035455278067
19074,15.895264921082019,0.556809024979855,560,681,1241,-0.0008058017727639033,0.0008333472224535399,0.5580983078162731,-0.00024174053182917098
19075,15.896098268304472,0.556809024979855,560,681,1241,0.0,0.0008333472224535399,0.5578565672844439,-0.00024174053182917098
19076,15.896931615526926,0.556809024979855,560,681,1241,0.0,0.0008333472224535399,0.5576954069298912,-0.00016116035455278067
19077,15.89776496274938,0.556809024979855,560,681,1241,0.0,0.0008333472224535399,0.5575342465753383,-0.00016116035455278067
19078,15.898598309971833,0.556809024979855,560,681,1241,0.0,0.0008333472224535399,0.5573730862207855,-0.00016116035455278067
19079,15.899431657194286,0.556809024979855,560,681,1241,0.0,0.0008333472224535399,0.5572119258662328,-0.00016116035455278067
19080,15.900265004416742,0.556809024979855,560,681,1241,0.0,0.0008333472224553162,0.55705076551168,-0.00016116035455278067
19081,15.901098351639195,0.556809024979855,560,681,1241,0.0,0.0008333472224535399,0.5569701853344036,-8.058017727639034e-05
19082,15.901931698861649,0.556809024979855,560,681,1241,0.0,0.0008333472224535399,0.5568896051571273,-8.058017727639034e-05
19083,15.902765046084102,0.556809024979855,560,681,1241,0.0,0.0008333472224535399,0.5568090249798509,-8.058017727639034e-05
19084,15.903598393306556,0.556809024979855,560,681,1241,0.0,0.0008333472224535399,0.5568090249798509,0.0
19085,15.90443174052901,0.556809024979855,560,681,1241,0.0,0.0008333472224535399,0.5568090249798509,0.0
19086,15.905265087751463,0.556809024979855,560,681,1241,0.0,0.0008333472224535399,0.5568090249798509,0.0
19087,15.906098434973917,0.556809024979855,560,681,1241,0.0,0.0008333472224535399,0.5568090249798509,0.0
19088,15.90693178219637,0.556809024979855,560,681,1241,0.0,0.0008333472224535399,0.5568090249798509,0.0
19089,15.907765129418824,0.556809024979855,560,681,1241,0.0,0.0008333472224535399,0.5568090249798509,0.0
19090,15.908598476641279,0.556809024979855,560,681,1241,0.0,0.0008333472224553162,0.5568090249798509,0.0
19091,15.909431823863732,0.5560032232070911,560,681,1241,-0.0008058017727639033,0.0008333472224535399,0.5567284448025744,-8.058017727639034e-05
19092,15.910265171086186,0.5560032232070911,560,681,1241,0.0,0.0008333472224535399,0.5566478646252981,-8.058017727639034e-05
19093,15.91109851830864,0.5560032232070911,560,681,1241,0.0,0.0008333472224535399,0.5565672844480217,-8.058017727639034e-05
19094,15.911931865531093,0.5560032232070911,560,681,1241,0.0,0.0008333472224535399,0.5564867042707454,-8.058017727639034e-05
19095,15.912765212753547,0.5560032232070911,560,681,1241,0.0,0.0008333472224535399,0.556406124093469,-8.058017727639034e-05
19096,15.913598559976,0.5560032232070911,560,681,1241,0.0,0.0008333472224535399,0.5563255439161927,-8.058017727639034e-05
19097,15.914431907198454,0.5560032232070911,560,681,1241,0.0,0.0008333472224535399,0.5562449637389164,-8.058017727639034e-05
19098,15.915265254420907,0.5560032232070911,560,681,1241,0.0,0.0008333472224535399,0.55616438356164,-8.058017727639034e-05
19099,15.91609860164336,0.5560032232070911,560,681,1241,0.0,0.0008333472224535399,0.5560838033843637,-8.058017727639034e-05
19100,15.916931948865814,0.5560032232070911,560,681,1241,0.0,0.0008333472224535399,0.5560032232070873,-8.058017727639034e-05
19101,15.91776529608827,0.5560032232070911,560,681,1241,0.0,0.0008333472224553162,0.5560032232070874,0.0
19102,15.918598643310723,0.5551974214343272,560,681,1241,-0.0008058017727639033,0.0008333472224535399,0.5559226430298111,-8.058017727639034e-05
19103,15.919431990533177,0.5551974214343272,560,681,1241,0.0,0.0008333472224535399,0.5558420628525347,-8.058017727639034e-05
19104,15.92026533775563,0.5551974214343272,560,681,1241,0.0,0.0008333472224535399,0.5557614826752584,-8.058017727639034e-05
19105,15.921098684978084,0.5551974214343272,560,681,1241,0.0,0.0008333472224535399,0.5556809024979821,-8.058017727639034e-05
19106,15.921932032200537,0.5560032232070911,560,681,1241,0.0008058017727639033,0.0008333472224535399,0.5556809024979821,0.0
19107,15.92276537942299,0.5560032232070911,560,681,1241,0.0,0.0008333472224535399,0.5556809024979821,0.0
19108,15.923598726645444,0.5560032232070911,560,681,1241,0.0,0.0008333472224535399,0.5556809024979821,0.0
19109,15.924432073867898,0.5560032232070911,560,681,1241,0.0,0.0008333472224535399,0.5556809024979821,0.0
19110,15.925265421090351,0.5560032232070911,560,681,1241,0.0,0.0008333472224535399,0.5556809024979821,0.0
19111,15.926098768312805,0.5560032232070911,560,681,1241,0.0,0.0008333472224535399,0.5556809024979821,0.0
19112,15.92693211553526,0.5560032232070911,560,681,1241,0.0,0.0008333472224553162,0.5557614826752584,8.058017727639034e-05
19113,15.927765462757714,0.5560032232070911,560,681,1241,0.0,0.0008333472224535399,0.5558420628525347,8.058017727639034e-05
19114,15.928598809980167,0.5560032232070911,560,681,1241,0.0,0.0008333472224535399,0.5559226430298111,8.058017727639034e-05
19115,15.929432157202621,0.5560032232070911,560,681,1241,0.0,0.0008333472224535399,0.5560032232070874,8.058017727639034e-05
19116,15.930265504425074,0.5560032232070911,560,681,1241,0.0,0.0008333472224535399,0.5560032232070874,0.0
19117,15.931098851647528,0.5560032232070911,560,681,1241,0.0,0.0008333472224535399,0.5560032232070874,0.0
19118,15.931932198869982,0.5560032232070911,560,681,1241,0.0,0.0008333472224535399,0.5560032232070874,0.0
19119,15.932765546092435,0.5560032232070911,560,681,1241,0.0,0.0008333472224535399,0.5560032232070874,0.0
19120,15.933598893314889,0.5551974214343272,560,681,1241,-0.0008058017727639033,0.0008333472224535399,0.5559226430298111,-8.058017727639034e-05
19121,15.934432240537342,0.5560032232070911,560,681,1241,0.0008058017727639033,0.0008333472224535399,0.5559226430298111,0.0
19122,15.935265587759798,0.5560032232070911,560,681,1241,0.0,0.0008333472224553162,0.5559226430298111,0.0
19123,15.936098934982251,0.5560032232070911,560,681,1241,0.0,0.0008333472224535399,0.5559226430298111,0.0
19124,15.936932282204705,0.5560032232070911,560,681,1241,0.0,0.0008333472224535399,0.5559226430298111,0.0
19125,15.937765629427158,0.5560032232070911,560,681,1241,0.0,0.0008333472224535399,0.5559226430298111,0.0
19126,15.938598976649612,0.556809024979855,560,681,1241,0.0008058017727639033,0.0008333472224535399,0.5560032232070874,8.058017727639034e-05
19127,15.939432323872065,0.556809024979855,560,681,1241,0.0,0.0008333472224535399,0.5560838033843638,8.058017727639034e-05
19128,15.940265671094519,0.556809024979855,560,681,1241,0.0,0.0008333472224535399,0.5561643835616401,8.058017727639034e-05
19129,15.941099018316972,0.556809024979855,560,681,1241,0.0,0.0008333472224535399,0.5562449637389164,8.058017727639034e-05
19130,15.941932365539426,0.556809024979855,560,681,1241,0.0,0.0008333472224535399,0.5564061240934692,0.00016116035455278067
19131,15.94276571276188,0.556809024979855,560,681,1241,0.0,0.0008333472224535399,0.5564867042707456,8.058017727639034e-05
19132,15.943599059984333,0.556809024979855,560,681,1241,0.0,0.0008333472224535399,0.5565672844480221,8.058017727639034e-05
19133,15.944432407206788,0.556809024979855,560,681,1241,0.0,0.0008333472224553162,0.5566478646252984,8.058017727639034e-05
19134,15.945265754429242,0.5560032232070911,560,681,1241,-0.0008058017727639033,0.0008333472224535399,0.5566478646252984,0.0
19135,15.946099101651695,0.5560032232070911,560,681,1241,0.0,0.0008333472224535399,0.5566478646252984,0.0
19136,15.946932448874149,0.5551974214343272,560,681,1241,-0.0008058017727639033,0.0008333472224535399,0.5564867042707455,-0.00016116035455278067
19137,15.947765796096602,0.5551974214343272,560,681,1241,0.0,0.0008333472224535399,0.5563255439161928,-0.00016116035455278067
19138,15.948599143319056,0.5551974214343272,560,681,1241,0.0,0.0008333472224535399,0.55616438356164,-0.00016116035455278067
19139,15.94943249054151,0.5551974214343272,560,681,1241,0.0,0.0008333472224535399,0.5560032232070873,-0.00016116035455278067
19140,15.950265837763963,0.5551974214343272,560,681,1241,0.0,0.0008333472224535399,0.5558420628525345,-0.00016116035455278067
19141,15.951099184986417,0.5560032232070911,560,681,1241,0.0008058017727639033,0.0008333472224535399,0.5557614826752582,-8.058017727639034e-05
19142,15.95193253220887,0.5560032232070911,560,681,1241,0.0,0.0008333472224535399,0.5556809024979817,-8.058017727639034e-05
19143,15.952765879431325,0.5560032232070911,560,681,1241,0.0,0.0008333472224553162,0.5556003223207054,-8.058017727639034e-05
19144,15.953599226653779,0.556809024979855,560,681,1241,0.0008058017727639033,0.0008333472224535399,0.5556809024979819,8.058017727639034e-05
19145,15.954432573876232,0.5560032232070911,560,681,1241,-0.0008058017727639033,0.0008333472224535399,0.5556809024979819,0.0
19146,15.955265921098686,0.5560032232070911,560,681,1241,0.0,0.0008333472224535399,0.5557614826752582,8.058017727639034e-05
19147,15.95609926832114,0.556809024979855,560,681,1241,0.0008058017727639033,0.0008333472224535399,0.555922643029811,0.00016116035455278067
19148,15.956932615543593,0.556809024979855,560,681,1241,0.0,0.0008333472224535399,0.5560838033843638,0.00016116035455278067
19149,15.957765962766047,0.556809024979855,560,681,1241,0.0,0.0008333472224535399,0.5562449637389165,0.00016116035455278067
19150,15.9585993099885,0.556809024979855,560,681,1241,0.0,0.0008333472224535399,0.5564061240934693,0.00016116035455278067
19151,15.959432657210954,0.556809024979855,560,681,1241,0.0,0.0008333472224535399,0.5564867042707456,8.058017727639034e-05
19152,15.960266004433407,0.5560032232070911,560,681,1241,-0.0008058017727639033,0.0008333472224535399,0.5564867042707456,0.0
19153,15.96109935165586,0.5560032232070911,560,681,1241,0.0,0.0008333472224535399,0.5564867042707456,0.0
19154,15.961932698878316,0.5560032232070911,560,681,1241,0.0,0.0008333472224553162,0.5564061240934692,-8.058017727639034e-05
19155,15.96276604610077,0.5560032232070911,560,681,1241,0.0,0.0008333472224535399,0.5564061240934693,0.0
19156,15.963599393323223,0.5560032232070911,560,681,1241,0.0,0.0008333472224535399,0.5564061240934693,0.0
19157,15.964432740545677,0.5560032232070911,560,681,1241,0.0,0.0008333472224535399,0.5563255439161929,-8.058017727639034e-05
19158,15.96526608776813,0.5560032232070911,560,681,1241,0.0,0.0008333472224535399,0.5562449637389165,-8.058017727639034e-05
19159,15.966099434990584,0.5560032232070911,560,681,1241,0.0,0.0008333472224535399,0.5561643835616402,-8.058017727639034e-05
19160,15.966932782213037,0.5560032232070911,560,681,1241,0.0,0.0008333472224535399,0.5560838033843638,-8.058017727639034e-05
19161,15.967766129435491,0.5560032232070911,560,681,1241,0.0,0.0008333472224535399,0.5560032232070875,-8.058017727639034e-05
19162,15.968599476657944,0.5551974214343272,560,681,1241,-0.0008058017727639033,0.0008333472224535399,0.5559226430298111,-8.058017727639034e-05
19163,15.969432823880398,0.5551974214343272,560,681,1241,0.0,0.0008333472224535399,0.5558420628525347,-8.058017727639034e-05
19164,15.970266171102852,0.5551974214343272,560,681,1241,0.0,0.0008333472224535399,0.5557614826752584,-8.058017727639034e-05
19165,15.971099518325307,0.5551974214343272,560,681,1241,0.0,0.0008333472224553162,0.5556809024979821,-8.058017727639034e-05
19166,15.97193286554776,0.5551974214343272,560,681,1241,0.0,0.0008333472224535399,0.5556003223207057,-8.058017727639034e-05
19167,15.972766212770214,0.5551974214343272,560,681,1241,0.0,0.0008333472224535399,0.5555197421434294,-8.058017727639034e-05
19168,15.973599559992667,0.5551974214343272,560,681,1241,0.0,0.0008333472224535399,0.555439161966153,-8.058017727639034e-05
19169,15.974432907215121,0.5551974214343272,560,681,1241,0.0,0.0008333472224535399,0.5553585817888766,-8.058017727639034e-05
19170,15.975266254437575,0.5551974214343272,560,681,1241,0.0,0.0008333472224535399,0.5552780016116003,-8.058017727639034e-05
19171,15.976099601660028,0.5551974214343272,560,681,1241,0.0,0.0008333472224535399,0.5551974214343239,-8.058017727639034e-05
19172,15.976932948882482,0.5551974214343272,560,681,1241,0.0,0.0008333472224535399,0.5551974214343239,0.0
19173,15.977766296104935,0.5551974214343272,560,681,1241,0.0,0.0008333472224535399,0.5551974214343239,0.0
19174,15.978599643327389,0.5551974214343272,560,681,1241,0.0,0.0008333472224535399,0.5551974214343239,0.0
19175,15.979432990549844,0.5551974214343272,560,681,1241,0.0,0.0008333472224553162,0.5551974214343239,0.0
19176,15.980266337772298,0.5551974214343272,560,681,1241,0.0,0.0008333472224535399,0.5551974214343239,0.0
19177,15.981099684994751,0.5551974214343272,560,681,1241,0.0,0.0008333472224535399,0.5551974214343239,0.0
19178,15.981933032217205,0.5551974214343272,560,681,1241,0.0,0.0008333472224535399,0.5551974214343239,0.0
19179,15.982766379439658,0.5560032232070911,560,681,1241,0.0008058017727639033,0.0008333472224535399,0.5552780016116003,8.058017727639034e-05
19180,15.983599726662112,0.5560032232070911,560,681,1241,0.0,0.0008333472224535399,0.5553585817888766,8.058017727639034e-05
19181,15.984433073884565,0.5560032232070911,560,681,1241,0.0,0.0008333472224535399,0.555439161966153,8.058017727639034e-05
19182,15.985266421107019,0.5560032232070911,560,681,1241,0.0,0.0008333472224535399,0.5555197421434294,8.058017727639034e-05
19183,15.986099768329472,0.5560032232070911,560,681,1241,0.0,0.0008333472224535399,0.5556003223207057,8.058017727639034e-05
19184,15.986933115551926,0.5560032232070911,560,681,1241,0.0,0.0008333472224535399,0.5556809024979821,8.058017727639034e-05
19185,15.98776646277438,0.5560032232070911,560,681,1241,0.0,0.0008333472224535399,0.5557614826752584,8.058017727639034e-05
19186,15.988599809996835,0.5560032232070911,560,681,1241,0.0,0.0008333472224553162,0.5558420628525347,8.058017727639034e-05
19187,15.989433157219288,0.5560032232070911,560,681,1241,0.0,0.0008333472224535399,0.5559226430298111,8.058017727639034e-05
19188,15.990266504441742,0.5560032232070911,560,681,1241,0.0,0.0008333472224535399,0.5560032232070874,8.058017727639034e-05
19189,15.991099851664195,0.5560032232070911,560,681,1241,0.0,0.0008333472224535399,0.5560032232070874,0.0
19190,15.991933198886649,0.5560032232070911,560,681,1241,0.0,0.0008333472224535399,0.5560032232070874,0.0
19191,15.992766546109102,0.5551974214343272,560,681,1241,-0.0008058017727639033,0.0008333472224535399,0.5559226430298111,-8.058017727639034e-05
19192,15.993599893331556,0.5551974214343272,560,681,1241,0.0,0.0008333472224535399,0.5558420628525347,-8.058017727639034e-05
19193,15.99443324055401,0.5551974214343272,560,681,1241,0.0,0.0008333472224535399,0.5557614826752584,-8.058017727639034e-05
19194,15.995266587776463,0.5551974214343272,560,681,1241,0.0,0.0008333472224535399,0.5556809024979821,-8.058017727639034e-05
19195,15.996099934998917,0.5551974214343272,560,681,1241,0.0,0.0008333472224535399,0.5556003223207057,-8.058017727639034e-05
19196,15.996933282221372,0.5551974214343272,560,681,1241,0.0,0.0008333472224553162,0.5555197421434294,-8.058017727639034e-05
19197,15.997766629443825,0.5551974214343272,560,681,1241,0.0,0.0008333472224535399,0.555439161966153,-8.058017727639034e-05
19198,15.998599976666279,0.5551974214343272,560,681,1241,0.0,0.0008333472224535399,0.5553585817888766,-8.058017727639034e-05
19199,15.999433323888733,0.5551974214343272,560,681,1241,0.0,0.0008333472224535399,0.5552780016116003,-8.058017727639034e-05
19200,16.000266671111184,0.5560032232070911,560,681,1241,0.0008058017727639033,0.0008333472224517635,0.5552780016116003,0.0
19201,16.001100018333638,0.5560032232070911,560,681,1241,0.0,0.0008333472224535399,0.5553585817888766,8.058017727639034e-05
19202,16.001933365556095,0.5560032232070911,560,681,1241,0.0,0.0008333472224570926,0.555439161966153,8.058017727639034e-05
19203,16.00276671277855,0.5560032232070911,560,681,1241,0.0,0.0008333472224535399,0.5555197421434294,8.058017727639034e-05
19204,16.003600060001002,0.5560032232070911,560,681,1241,0.0,0.0008333472224535399,0.5556003223207057,8.058017727639034e-05
19205,16.004433407223456,0.5560032232070911,560,681,1241,0.0,0.0008333472224535399,0.5556809024979821,8.058017727639034e-05
19206,16.00526675444591,0.5560032232070911,560,681,1241,0.0,0.0008333472224535399,0.5557614826752584,8.058017727639034e-05
19207,16.006100101668363,0.5560032232070911,560,681,1241,0.0,0.0008333472224535399,0.5558420628525347,8.058017727639034e-05
19208,16.006933448890816,0.5560032232070911,560,681,1241,0.0,0.0008333472224535399,0.5559226430298111,8.058017727639034e-05
19209,16.00776679611327,0.556809024979855,560,681,1241,0.0008058017727639033,0.0008333472224535399,0.5560838033843638,0.00016116035455278067
19210,16.008600143335723,0.556809024979855,560,681,1241,0.0,0.0008333472224535399,0.5561643835616403,8.058017727639034e-05
19211,16.009433490558177,0.556809024979855,560,681,1241,0.0,0.0008333472224535399,0.5562449637389166,8.058017727639034e-05
19212,16.01026683778063,0.5584206285253828,560,681,1241,0.0016116035455278066,0.0008333472224535399,0.5564867042707459,0.00024174053182917098
19213,16.011100185003084,0.5592264302981467,560,681,1241,0.0008058017727639033,0.0008333472224535399,0.5568090249798514,0.00032232070910556134
19214,16.011933532225537,0.5576148267526189,560,681,1241,-0.0016116035455278066,0.0008333472224535399,0.5569701853344042,0.00016116035455278067
19215,16.01276687944799,0.5576148267526189,560,681,1241,0.0,0.0008333472224535399,0.5571313456889572,0.00016116035455278067
19216,16.013600226670444,0.5576148267526189,560,681,1241,0.0,0.0008333472224535399,0.55729250604351,0.00016116035455278067
19217,16.014433573892898,0.556809024979855,560,681,1241,-0.0008058017727639033,0.0008333472224535399,0.5573730862207864,8.058017727639034e-05
19218,16.01526692111535,0.556809024979855,560,681,1241,0.0,0.0008333472224535399,0.5574536663980627,8.058017727639034e-05
19219,16.016100268337805,0.556809024979855,560,681,1241,0.0,0.0008333472224535399,0.5574536663980627,0.0
19220,16.01693361556026,0.5560032232070911,560,681,1241,-0.0008058017727639033,0.0008333472224535399,0.5573730862207863,-8.058017727639034e-05
19221,16.017766962782712,0.5560032232070911,560,681,1241,0.0,0.0008333472224535399,0.5572925060435099,-8.058017727639034e-05
19222,16.018600310005166,0.5560032232070911,560,681,1241,0.0,0.0008333472224535399,0.5570507655116808,-0.00024174053182917098
19223,16.019433657227623,0.5560032232070911,560,681,1241,0.0,0.0008333472224570926,0.5567284448025752,-0.00032232070910556134
19224,16.020267004450076,0.5560032232070911,560,681,1241,0.0,0.0008333472224535399,0.5565672844480224,-0.00016116035455278067
19225,16.02110035167253,0.5560032232070911,560,681,1241,0.0,0.0008333472224535399,0.5564061240934695,-0.00016116035455278067
19226,16.021933698894983,0.5560032232070911,560,681,1241,0.0,0.0008333472224535399,0.5562449637389166,-0.00016116035455278067
19227,16.022767046117437,0.556809024979855,560,681,1241,0.0008058017727639033,0.0008333472224535399,0.5562449637389166,0.0
19228,16.02360039333989,0.556809024979855,560,681,1241,0.0,0.0008333472224535399,0.5562449637389166,0.0
19229,16.024433740562344,0.556809024979855,560,681,1241,0.0,0.0008333472224535399,0.5562449637389166,0.0
19230,16.025267087784798,0.556809024979855,560,681,1241,0.0,0.0008333472224535399,0.5563255439161929,8.058017727639034e-05
19231,16.02610043500725,0.556809024979855,560,681,1241,0.0,0.0008333472224535399,0.5564061240934693,8.058017727639034e-05
19232,16.026933782229705,0.556809024979855,560,681,1241,0.0,0.0008333472224535399,0.5564867042707456,8.058017727639034e-05
19233,16.027767129452158,0.556809024979855,560,681,1241,0.0,0.0008333472224535399,0.5565672844480221,8.058017727639034e-05
19234,16.02860047667461,0.556809024979855,560,681,1241,0.0,0.0008333472224535399,0.5566478646252984,8.058017727639034e-05
19235,16.029433823897065,0.556809024979855,560,681,1241,0.0,0.0008333472224535399,0.5567284448025747,8.058017727639034e-05
19236,16.03026717111952,0.556809024979855,560,681,1241,0.0,0.0008333472224535399,0.5568090249798511,8.058017727639034e-05
19237,16.031100518341972,0.5576148267526189,560,681,1241,0.0008058017727639033,0.0008333472224535399,0.5568896051571275,8.058017727639034e-05
19238,16.031933865564426,0.5576148267526189,560,681,1241,0.0,0.0008333472224535399,0.5569701853344038,8.058017727639034e-05
19239,16.03276721278688,0.5576148267526189,560,681,1241,0.0,0.0008333472224535399,0.5570507655116802,8.058017727639034e-05
19240,16.033600560009333,0.5576148267526189,560,681,1241,0.0,0.0008333472224535399,0.5571313456889565,8.058017727639034e-05
19241,16.034433907231787,0.5576148267526189,560,681,1241,0.0,0.0008333472224535399,0.5572119258662329,8.058017727639034e-05
19242,16.03526725445424,0.5576148267526189,560,681,1241,0.0,0.0008333472224535399,0.5572925060435092,8.058017727639034e-05
19243,16.036100601676694,0.5576148267526189,560,681,1241,0.0,0.0008333472224535399,0.5573730862207855,8.058017727639034e-05
19244,16.03693394889915,0.5576148267526189,560,681,1241,0.0,0.0008333472224570926,0.5574536663980619,8.058017727639034e-05
19245,16.037767296121604,0.5576148267526189,560,681,1241,0.0,0.0008333472224535399,0.5575342465753382,8.058017727639034e-05
19246,16.038600643344058,0.5576148267526189,560,681,1241,0.0,0.0008333472224535399,0.5576148267526146,8.058017727639034e-05
19247,16.03943399056651,0.5576148267526189,560,681,1241,0.0,0.0008333472224535399,0.5576148267526145,0.0
19248,16.040267337788965,0.5576148267526189,560,681,1241,0.0,0.0008333472224535399,0.5576148267526145,0.0
19249,16.04110068501142,0.5576148267526189,560,681,1241,0.0,0.0008333472224535399,0.5576148267526145,0.0
19250,16.041934032233872,0.5576148267526189,560,681,1241,0.0,0.0008333472224535399,0.5576148267526145,0.0
19251,16.042767379456325,0.5576148267526189,560,681,1241,0.0,0.0008333472224535399,0.5576148267526145,0.0
19252,16.04360072667878,0.5576148267526189,560,681,1241,0.0,0.0008333472224535399,0.5576148267526145,0.0
19253,16.044434073901233,0.5576148267526189,560,681,1241,0.0,0.0008333472224535399,0.5576148267526145,0.0
19254,16.045267421123686,0.5576148267526189,560,681,1241,0.0,0.0008333472224535399,0.5576148267526145,0.0
19255,16.04610076834614,0.5576148267526189,560,681,1241,0.0,0.0008333472224535399,0.5576148267526145,0.0
19256,16.046934115568593,0.5576148267526189,560,681,1241,0.0,0.0008333472224535399,0.5576148267526145,0.0
19257,16.047767462791047,0.5576148267526189,560,681,1241,0.0,0.0008333472224535399,0.5576148267526145,0.0
19258,16.0486008100135,0.5584206285253828,560,681,1241,0.0008058017727639033,0.0008333472224535399,0.5576954069298908,8.058017727639034e-05
19259,16.049434157235954,0.5584206285253828,560,681,1241,0.0,0.0008333472224535399,0.5577759871071672,8.058017727639034e-05
19260,16.050267504458407,0.5584206285253828,560,681,1241,0.0,0.0008333472224535399,0.5578565672844435,8.058017727639034e-05
19261,16.05110085168086,0.5584206285253828,560,681,1241,0.0,0.0008333472224535399,0.5579371474617199,8.058017727639034e-05
19262,16.051934198903314,0.5584206285253828,560,681,1241,0.0,0.0008333472224535399,0.5580177276389963,8.058017727639034e-05
19263,16.052767546125768,0.5584206285253828,560,681,1241,0.0,0.0008333472224535399,0.5580983078162726,8.058017727639034e-05
19264,16.05360089334822,0.5584206285253828,560,681,1241,0.0,0.0008333472224535399,0.558178887993549,8.058017727639034e-05
19265,16.05443424057068,0.5584206285253828,560,681,1241,0.0,0.0008333472224570926,0.5582594681708253,8.058017727639034e-05
19266,16.055267587793132,0.5584206285253828,560,681,1241,0.0,0.0008333472224535399,0.5583400483481016,8.058017727639034e-05
19267,16.056100935015586,0.5584206285253828,560,681,1241,0.0,0.0008333472224535399,0.558420628525378,8.058017727639034e-05
19268,16.05693428223804,0.5584206285253828,560,681,1241,0.0,0.0008333472224535399,0.558420628525378,0.0
19269,16.057767629460493,0.5584206285253828,560,681,1241,0.0,0.0008333472224535399,0.558420628525378,0.0
19270,16.058600976682946,0.5584206285253828,560,681,1241,0.0,0.0008333472224535399,0.558420628525378,0.0
19271,16.0594343239054,0.5584206285253828,560,681,1241,0.0,0.0008333472224535399,0.558420628525378,0.0
19272,16.060267671127853,0.5584206285253828,560,681,1241,0.0,0.0008333472224535399,0.558420628525378,0.0
19273,16.061101018350307,0.5584206285253828,560,681,1241,0.0,0.0008333472224535399,0.558420628525378,0.0
19274,16.06193436557276,0.5584206285253828,560,681,1241,0.0,0.0008333472224535399,0.558420628525378,0.0
19275,16.062767712795214,0.5584206285253828,560,681,1241,0.0,0.0008333472224535399,0.558420628525378,0.0
19276,16.063601060017668,0.5584206285253828,560,681,1241,0.0,0.0008333472224535399,0.558420628525378,0.0
19277,16.06443440724012,0.5584206285253828,560,681,1241,0.0,0.0008333472224535399,0.558420628525378,0.0
19278,16.065267754462575,0.5584206285253828,560,681,1241,0.0,0.0008333472224535399,0.558420628525378,0.0
19279,16.066101101685028,0.5584206285253828,560,681,1241,0.0,0.0008333472224535399,0.558420628525378,0.0
19280,16.06693444890748,0.5584206285253828,560,681,1241,0.0,0.0008333472224535399,0.558420628525378,0.0
19281,16.067767796129935,0.5584206285253828,560,681,1241,0.0,0.0008333472224535399,0.558420628525378,0.0
19282,16.06860114335239,0.5584206285253828,560,681,1241,0.0,0.0008333472224535399,0.558420628525378,0.0
19283,16.069434490574842,0.5584206285253828,560,681,1241,0.0,0.0008333472224535399,0.558420628525378,0.0
19284,16.070267837797296,0.5584206285253828,560,681,1241,0.0,0.0008333472224535399,0.558420628525378,0.0
19285,16.07110118501975,0.5584206285253828,560,681,1241,0.0,0.0008333472224535399,0.558420628525378,0.0
19286,16.071934532242206,0.5584206285253828,560,681,1241,0.0,0.0008333472224570926,0.558420628525378,0.0
19287,16.07276787946466,0.5584206285253828,560,681,1241,0.0,0.0008333472224535399,0.558420628525378,0.0
19288,16.073601226687114,0.5584206285253828,560,681,1241,0.0,0.0008333472224535399,0.558420628525378,0.0
19289,16.074434573909567,0.5584206285253828,560,681,1241,0.0,0.0008333472224535399,0.558420628525378,0.0
19290,16.07526792113202,0.5584206285253828,560,681,1241,0.0,0.0008333472224535399,0.558420628525378,0.0
19291,16.076101268354474,0.5584206285253828,560,681,1241,0.0,0.0008333472224535399,0.558420628525378,0.0
19292,16.076934615576928,0.5584206285253828,560,681,1241,0.0,0.0008333472224535399,0.558420628525378,0.0
19293,16.07776796279938,0.5584206285253828,560,681,1241,0.0,0.0008333472224535399,0.558420628525378,0.0
19294,16.078601310021835,0.5584206285253828,560,681,1241,0.0,0.0008333472224535399,0.558420628525378,0.0
19295,16.07943465724429,0.5584206285253828,560,681,1241,0.0,0.0008333472224535399,0.558420628525378,0.0
19296,16.080268004466742,0.5584206285253828,560,681,1241,0.0,0.0008333472224535399,0.558420628525378,0.0
19297,16.081101351689195,0.5584206285253828,560,681,1241,0.0,0.0008333472224535399,0.558420628525378,0.0
19298,16.08193469891165,0.5584206285253828,560,681,1241,0.0,0.0008333472224535399,0.558420628525378,0.0
19299,16.082768046134102,0.5584206285253828,560,681,1241,0.0,0.0008333472224535399,0.558420628525378,0.0
19300,16.083601393356556,0.5592264302981467,560,681,1241,0.0008058017727639033,0.0008333472224535399,0.5585012087026543,8.058017727639034e-05
19301,16.08443474057901,0.5576148267526189,560,681,1241,-0.0016116035455278066,0.0008333472224535399,0.558420628525378,-8.058017727639034e-05
19302,16.085268087801463,0.5576148267526189,560,681,1241,0.0,0.0008333472224535399,0.5583400483481016,-8.058017727639034e-05
19303,16.086101435023917,0.5576148267526189,560,681,1241,0.0,0.0008333472224535399,0.5582594681708253,-8.058017727639034e-05
19304,16.08693478224637,0.5576148267526189,560,681,1241,0.0,0.0008333472224535399,0.558178887993549,-8.058017727639034e-05
19305,16.087768129468824,0.5576148267526189,560,681,1241,0.0,0.0008333472224535399,0.5580983078162726,-8.058017727639034e-05
19306,16.088601476691277,0.5576148267526189,560,681,1241,0.0,0.0008333472224535399,0.5580177276389963,-8.058017727639034e-05
19307,16.08943482391373,0.5584206285253828,560,681,1241,0.0008058017727639033,0.0008333472224535399,0.5580177276389963,0.0
19308,16.090268171136188,0.5584206285253828,560,681,1241,0.0,0.0008333472224570926,0.5580177276389963,0.0
19309,16.09110151835864,0.5576148267526189,560,681,1241,-0.0008058017727639033,0.0008333472224535399,0.5579371474617199,-8.058017727639034e-05
19310,16.091934865581095,0.5576148267526189,560,681,1241,0.0,0.0008333472224535399,0.5577759871071672,-0.00016116035455278067
19311,16.09276821280355,0.5576148267526189,560,681,1241,0.0,0.0008333472224535399,0.5577759871071672,0.0
19312,16.093601560026002,0.5576148267526189,560,681,1241,0.0,0.0008333472224535399,0.5577759871071672,0.0
19313,16.094434907248456,0.5584206285253828,560,681,1241,0.0008058017727639033,0.0008333472224535399,0.5578565672844435,8.058017727639034e-05
19314,16.09526825447091,0.5584206285253828,560,681,1241,0.0,0.0008333472224535399,0.5579371474617199,8.058017727639034e-05
19315,16.096101601693363,0.5584206285253828,560,681,1241,0.0,0.0008333472224535399,0.5580177276389963,8.058017727639034e-05
19316,16.096934948915816,0.5584206285253828,560,681,1241,0.0,0.0008333472224535399,0.5580983078162726,8.058017727639034e-05
19317,16.09776829613827,0.5584206285253828,560,681,1241,0.0,0.0008333472224535399,0.5580983078162726,0.0
19318,16.098601643360723,0.5584206285253828,560,681,1241,0.0,0.0008333472224535399,0.5580983078162726,0.0
19319,16.099434990583177,0.5584206285253828,560,681,1241,0.0,0.0008333472224535399,0.558178887993549,8.058017727639034e-05
19320,16.10026833780563,0.5584206285253828,560,681,1241,0.0,0.0008333472224535399,0.5582594681708253,8.058017727639034e-05
19321,16.101101685028084,0.5584206285253828,560,681,1241,0.0,0.0008333472224535399,0.5583400483481016,8.058017727639034e-05
19322,16.101935032250537,0.5584206285253828,560,681,1241,0.0,0.0008333472224535399,0.558420628525378,8.058017727639034e-05
19323,16.10276837947299,0.5592264302981467,560,681,1241,0.0008058017727639033,0.0008333472224535399,0.5585012087026543,8.058017727639034e-05
19324,16.103601726695445,0.5592264302981467,560,681,1241,0.0,0.0008333472224535399,0.5585817888799307,8.058017727639034e-05
19325,16.104435073917898,0.5592264302981467,560,681,1241,0.0,0.0008333472224535399,0.558662369057207,8.058017727639034e-05
19326,16.10526842114035,0.5592264302981467,560,681,1241,0.0,0.0008333472224535399,0.5587429492344833,8.058017727639034e-05
19327,16.106101768362805,0.5592264302981467,560,681,1241,0.0,0.0008333472224535399,0.5588235294117597,8.058017727639034e-05
19328,16.10693511558526,0.5592264302981467,560,681,1241,0.0,0.0008333472224535399,0.558904109589036,8.058017727639034e-05
19329,16.107768462807716,0.5592264302981467,560,681,1241,0.0,0.0008333472224570926,0.5589846897663124,8.058017727639034e-05
19330,16.10860181003017,0.5592264302981467,560,681,1241,0.0,0.0008333472224535399,0.5590652699435887,8.058017727639034e-05
19331,16.109435157252623,0.5592264302981467,560,681,1241,0.0,0.0008333472224535399,0.559145850120865,8.058017727639034e-05
19332,16.110268504475076,0.5592264302981467,560,681,1241,0.0,0.0008333472224535399,0.5592264302981415,8.058017727639034e-05
19333,16.11110185169753,0.5592264302981467,560,681,1241,0.0,0.0008333472224535399,0.5592264302981415,0.0
19334,16.111935198919983,0.5592264302981467,560,681,1241,0.0,0.0008333472224535399,0.5592264302981415,0.0
19335,16.112768546142437,0.5592264302981467,560,681,1241,0.0,0.0008333472224535399,0.5592264302981415,0.0
19336,16.11360189336489,0.5592264302981467,560,681,1241,0.0,0.0008333472224535399,0.5592264302981415,0.0
19337,16.114435240587344,0.5592264302981467,560,681,1241,0.0,0.0008333472224535399,0.5592264302981415,0.0
19338,16.115268587809798,0.5592264302981467,560,681,1241,0.0,0.0008333472224535399,0.5592264302981415,0.0
19339,16.11610193503225,0.5592264302981467,560,681,1241,0.0,0.0008333472224535399,0.5592264302981415,0.0
19340,16.116935282254705,0.5592264302981467,560,681,1241,0.0,0.0008333472224535399,0.5592264302981415,0.0
19341,16.11776862947716,0.5592264302981467,560,681,1241,0.0,0.0008333472224535399,0.5592264302981415,0.0
19342,16.118601976699612,0.5592264302981467,560,681,1241,0.0,0.0008333472224535399,0.5592264302981415,0.0
19343,16.119435323922065,0.5592264302981467,560,681,1241,0.0,0.0008333472224535399,0.5592264302981415,0.0
19344,16.12026867114452,0.5592264302981467,560,681,1241,0.0,0.0008333472224535399,0.5592264302981415,0.0
19345,16.121102018366972,0.5592264302981467,560,681,1241,0.0,0.0008333472224535399,0.5592264302981415,0.0
19346,16.121935365589426,0.5592264302981467,560,681,1241,0.0,0.0008333472224535399,0.5592264302981415,0.0
19347,16.12276871281188,0.5592264302981467,560,681,1241,0.0,0.0008333472224535399,0.5592264302981415,0.0
19348,16.123602060034333,0.5600322320709106,560,681,1241,0.0008058017727639033,0.0008333472224535399,0.5593070104754178,8.058017727639034e-05
19349,16.124435407256787,0.5592264302981467,560,681,1241,-0.0008058017727639033,0.0008333472224535399,0.5593070104754178,0.0
19350,16.125268754479244,0.5592264302981467,560,681,1241,0.0,0.0008333472224570926,0.5593070104754178,0.0
19351,16.126102101701697,0.5592264302981467,560,681,1241,0.0,0.0008333472224535399,0.5593070104754178,0.0
19352,16.12693544892415,0.5592264302981467,560,681,1241,0.0,0.0008333472224535399,0.5593070104754178,0.0
19353,16.127768796146604,0.5592264302981467,560,681,1241,0.0,0.0008333472224535399,0.5593070104754178,0.0
19354,16.128602143369058,0.5592264302981467,560,681,1241,0.0,0.0008333472224535399,0.5593070104754178,0.0
19355,16.12943549059151,0.5592264302981467,560,681,1241,0.0,0.0008333472224535399,0.5593070104754178,0.0
19356,16.130268837813965,0.5592264302981467,560,681,1241,0.0,0.0008333472224535399,0.5593070104754178,0.0
19357,16.13110218503642,0.5592264302981467,560,681,1241,0.0,0.0008333472224535399,0.5593070104754178,0.0
19358,16.131935532258872,0.5584206285253828,560,681,1241,-0.0008058017727639033,0.0008333472224535399,0.559145850120865,-0.00016116035455278067
19359,16.132768879481326,0.5584206285253828,560,681,1241,0.0,0.0008333472224535399,0.5590652699435885,-8.058017727639034e-05
19360,16.13360222670378,0.5584206285253828,560,681,1241,0.0,0.0008333472224535399,0.5589846897663122,-8.058017727639034e-05
19361,16.134435573926233,0.5584206285253828,560,681,1241,0.0,0.0008333472224535399,0.5589041095890359,-8.058017727639034e-05
19362,16.135268921148686,0.5584206285253828,560,681,1241,0.0,0.0008333472224535399,0.5588235294117595,-8.058017727639034e-05
19363,16.13610226837114,0.5584206285253828,560,681,1241,0.0,0.0008333472224535399,0.5587429492344832,-8.058017727639034e-05
19364,16.136935615593593,0.5584206285253828,560,681,1241,0.0,0.0008333472224535399,0.5586623690572068,-8.058017727639034e-05
19365,16.137768962816047,0.5576148267526189,560,681,1241,-0.0008058017727639033,0.0008333472224535399,0.5585012087026542,-0.00016116035455278067
19366,16.1386023100385,0.5576148267526189,560,681,1241,0.0,0.0008333472224535399,0.5583400483481015,-0.00016116035455278067
19367,16.139435657260954,0.5576148267526189,560,681,1241,0.0,0.0008333472224535399,0.5581788879935488,-0.00016116035455278067
19368,16.140269004483407,0.5576148267526189,560,681,1241,0.0,0.0008333472224535399,0.5580983078162725,-8.058017727639034e-05
19369,16.14110235170586,0.5576148267526189,560,681,1241,0.0,0.0008333472224535399,0.558017727638996,-8.058017727639034e-05
19370,16.141935698928314,0.5584206285253828,560,681,1241,0.0008058017727639033,0.0008333472224535399,0.558017727638996,0.0
19371,16.14276904615077,0.5584206285253828,560,681,1241,0.0,0.0008333472224570926,0.558017727638996,0.0
19372,16.143602393373225,0.5584206285253828,560,681,1241,0.0,0.0008333472224535399,0.558017727638996,0.0
19373,16.14443574059568,0.5584206285253828,560,681,1241,0.0,0.0008333472224535399,0.558017727638996,0.0
19374,16.145269087818132,0.5584206285253828,560,681,1241,0.0,0.0008333472224535399,0.558017727638996,0.0
19375,16.146102435040586,0.5576148267526189,560,681,1241,-0.0008058017727639033,0.0008333472224535399,0.558017727638996,0.0
19376,16.14693578226304,0.5576148267526189,560,681,1241,0.0,0.0008333472224535399,0.558017727638996,0.0
19377,16.147769129485493,0.5576148267526189,560,681,1241,0.0,0.0008333472224535399,0.558017727638996,0.0
19378,16.148602476707946,0.5576148267526189,560,681,1241,0.0,0.0008333472224535399,0.558017727638996,0.0
19379,16.1494358239304,0.5576148267526189,560,681,1241,0.0,0.0008333472224535399,0.558017727638996,0.0
19380,16.150269171152853,0.5584206285253828,560,681,1241,0.0008058017727639033,0.0008333472224535399,0.558017727638996,0.0
19381,16.151102518375307,0.5584206285253828,560,681,1241,0.0,0.0008333472224535399,0.558017727638996,0.0
19382,16.15193586559776,0.5584206285253828,560,681,1241,0.0,0.0008333472224535399,0.558017727638996,0.0
19383,16.152769212820214,0.5584206285253828,560,681,1241,0.0,0.0008333472224535399,0.558017727638996,0.0
19384,16.153602560042668,0.5584206285253828,560,681,1241,0.0,0.0008333472224535399,0.558017727638996,0.0
19385,16.15443590726512,0.5584206285253828,560,681,1241,0.0,0.0008333472224535399,0.5580983078162725,8.058017727639034e-05
19386,16.155269254487575,0.5584206285253828,560,681,1241,0.0,0.0008333472224535399,0.5581788879935488,8.058017727639034e-05
19387,16.156102601710028,0.5592264302981467,560,681,1241,0.0008058017727639033,0.0008333472224535399,0.5583400483481015,0.00016116035455278067
19388,16.15693594893248,0.5592264302981467,560,681,1241,0.0,0.0008333472224535399,0.5585012087026542,0.00016116035455278067
19389,16.157769296154935,0.5592264302981467,560,681,1241,0.0,0.0008333472224535399,0.5586623690572068,0.00016116035455278067
19390,16.15860264337739,0.5600322320709106,560,681,1241,0.0008058017727639033,0.0008333472224535399,0.5588235294117596,0.00016116035455278067
19391,16.159435990599842,0.5600322320709106,560,681,1241,0.0,0.0008333472224535399,0.5589846897663124,0.00016116035455278067
19392,16.1602693378223,0.5600322320709106,560,681,1241,0.0,0.0008333472224570926,0.5591458501208652,0.00016116035455278067
19393,16.161102685044753,0.5592264302981467,560,681,1241,-0.0008058017727639033,0.0008333472224535399,0.5592264302981416,8.058017727639034e-05
19394,16.161936032267207,0.5592264302981467,560,681,1241,0.0,0.0008333472224535399,0.559307010475418,8.058017727639034e-05
19395,16.16276937948966,0.5592264302981467,560,681,1241,0.0,0.0008333472224535399,0.5593875906526943,8.058017727639034e-05
19396,16.163602726712114,0.5584206285253828,560,681,1241,-0.0008058017727639033,0.0008333472224535399,0.5593875906526943,0.0
19397,16.164436073934567,0.5584206285253828,560,681,1241,0.0,0.0008333472224535399,0.559307010475418,-8.058017727639034e-05
19398,16.16526942115702,0.5584206285253828,560,681,1241,0.0,0.0008333472224535399,0.5592264302981416,-8.058017727639034e-05
19399,16.166102768379474,0.5584206285253828,560,681,1241,0.0,0.0008333472224535399,0.5591458501208653,-8.058017727639034e-05
19400,16.166936115601928,0.5584206285253828,560,681,1241,0.0,0.0008333472224535399,0.5589846897663124,-0.00016116035455278067
19401,16.16776946282438,0.5592264302981467,560,681,1241,0.0008058017727639033,0.0008333472224535399,0.5589041095890361,-8.058017727639034e-05
19402,16.168602810046835,0.5592264302981467,560,681,1241,0.0,0.0008333472224535399,0.5588235294117598,-8.058017727639034e-05
19403,16.16943615726929,0.5592264302981467,560,681,1241,0.0,0.0008333472224535399,0.5588235294117598,0.0
19404,16.170269504491742,0.5592264302981467,560,681,1241,0.0,0.0008333472224535399,0.5588235294117598,0.0
19405,16.171102851714195,0.5592264302981467,560,681,1241,0.0,0.0008333472224535399,0.5588235294117598,0.0
19406,16.17193619893665,0.5592264302981467,560,681,1241,0.0,0.0008333472224535399,0.5589041095890362,8.058017727639034e-05
19407,16.172769546159103,0.5592264302981467,560,681,1241,0.0,0.0008333472224535399,0.5589846897663125,8.058017727639034e-05
19408,16.173602893381556,0.5592264302981467,560,681,1241,0.0,0.0008333472224535399,0.559065269943589,8.058017727639034e-05
19409,16.17443624060401,0.5592264302981467,560,681,1241,0.0,0.0008333472224535399,0.5591458501208653,8.058017727639034e-05
19410,16.175269587826463,0.5592264302981467,560,681,1241,0.0,0.0008333472224535399,0.5592264302981416,8.058017727639034e-05
19411,16.176102935048917,0.5592264302981467,560,681,1241,0.0,0.0008333472224535399,0.5592264302981416,0.0
19412,16.17693628227137,0.5592264302981467,560,681,1241,0.0,0.0008333472224535399,0.5592264302981416,0.0
19413,16.177769629493827,0.5592264302981467,560,681,1241,0.0,0.0008333472224570926,0.5592264302981416,0.0
19414,16.17860297671628,0.5592264302981467,560,681,1241,0.0,0.0008333472224535399,0.5592264302981416,0.0
19415,16.179436323938734,0.5600322320709106,560,681,1241,0.0008058017727639033,0.0008333472224535399,0.559307010475418,8.058017727639034e-05
19416,16.180269671161188,0.5600322320709106,560,681,1241,0.0,0.0008333472224535399,0.5593875906526943,8.058017727639034e-05
19417,16.18110301838364,0.5600322320709106,560,681,1241,0.0,0.0008333472224535399,0.5594681708299707,8.058017727639034e-05
19418,16.181936365606095,0.5600322320709106,560,681,1241,0.0,0.0008333472224535399,0.559548751007247,8.058017727639034e-05
19419,16.18276971282855,0.5600322320709106,560,681,1241,0.0,0.0008333472224535399,0.5596293311845233,8.058017727639034e-05
19420,16.183603060051002,0.5600322320709106,560,681,1241,0.0,0.0008333472224535399,0.5597099113617997,8.058017727639034e-05
19421,16.184436407273456,0.5600322320709106,560,681,1241,0.0,0.0008333472224535399,0.559790491539076,8.058017727639034e-05
19422,16.18526975449591,0.5592264302981467,560,681,1241,-0.0008058017727639033,0.0008333472224535399,0.559790491539076,0.0
19423,16.186103101718363,0.5592264302981467,560,681,1241,0.0,0.0008333472224535399,0.559790491539076,0.0
19424,16.186936448940816,0.5592264302981467,560,681,1241,0.0,0.0008333472224535399,0.559790491539076,0.0
19425,16.18776979616327,0.5600322320709106,560,681,1241,0.0008058017727639033,0.0008333472224535399,0.559790491539076,0.0
19426,16.188603143385723,0.5600322320709106,560,681,1241,0.0,0.0008333472224535399,0.559790491539076,0.0
19427,16.189436490608177,0.5600322320709106,560,681,1241,0.0,0.0008333472224535399,0.559790491539076,0.0
19428,16.19026983783063,0.5600322320709106,560,681,1241,0.0,0.0008333472224535399,0.559790491539076,0.0
19429,16.191103185053084,0.5600322320709106,560,681,1241,0.0,0.0008333472224535399,0.559790491539076,0.0
19430,16.191936532275538,0.5600322320709106,560,681,1241,0.0,0.0008333472224535399,0.559790491539076,0.0
19431,16.19276987949799,0.5600322320709106,560,681,1241,0.0,0.0008333472224535399,0.559790491539076,0.0
19432,16.193603226720445,0.5600322320709106,560,681,1241,0.0,0.0008333472224535399,0.5598710717163524,8.058017727639034e-05
19433,16.194436573942898,0.5592264302981467,560,681,1241,-0.0008058017727639033,0.0008333472224535399,0.5598710717163524,0.0
19434,16.19526992116535,0.5592264302981467,560,681,1241,0.0,0.0008333472224535399,0.5598710717163524,0.0
19435,16.19610326838781,0.5592264302981467,560,681,1241,0.0,0.0008333472224570926,0.5597904915390759,-8.058017727639034e-05
19436,16.196936615610262,0.5592264302981467,560,681,1241,0.0,0.0008333472224535399,0.5597099113617996,-8.058017727639034e-05
19437,16.197769962832716,0.5592264302981467,560,681,1241,0.0,0.0008333472224535399,0.5596293311845233,-8.058017727639034e-05
19438,16.19860331005517,0.5592264302981467,560,681,1241,0.0,0.0008333472224535399,0.5595487510072469,-8.058017727639034e-05
19439,16.199436657277623,0.5592264302981467,560,681,1241,0.0,0.0008333472224535399,0.5594681708299706,-8.058017727639034e-05
19440,16.200270004500076,0.5584206285253828,560,681,1241,-0.0008058017727639033,0.0008333472224535399,0.5593070104754178,-0.00016116035455278067
19441,16.20110335172253,0.5592264302981467,560,681,1241,0.0008058017727639033,0.0008333472224535399,0.5592264302981413,-8.058017727639034e-05
19442,16.201936698944984,0.5592264302981467,560,681,1241,0.0,0.0008333472224535399,0.559145850120865,-8.058017727639034e-05
19443,16.202770046167437,0.5592264302981467,560,681,1241,0.0,0.0008333472224535399,0.559145850120865,0.0
19444,16.20360339338989,0.5592264302981467,560,681,1241,0.0,0.0008333472224535399,0.559145850120865,0.0
19445,16.204436740612344,0.5584206285253828,560,681,1241,-0.0008058017727639033,0.0008333472224535399,0.5590652699435887,-8.058017727639034e-05
19446,16.205270087834798,0.5584206285253828,560,681,1241,0.0,0.0008333472224535399,0.5589846897663124,-8.058017727639034e-05
19447,16.20610343505725,0.5584206285253828,560,681,1241,0.0,0.0008333472224535399,0.558904109589036,-8.058017727639034e-05
19448,16.206936782279705,0.5584206285253828,560,681,1241,0.0,0.0008333472224535399,0.5588235294117597,-8.058017727639034e-05
19449,16.20777012950216,0.5584206285253828,560,681,1241,0.0,0.0008333472224535399,0.5587429492344833,-8.058017727639034e-05
19450,16.208603476724612,0.5584206285253828,560,681,1241,0.0,0.0008333472224535399,0.5587429492344833,0.0
19451,16.209436823947065,0.5584206285253828,560,681,1241,0.0,0.0008333472224535399,0.558662369057207,-8.058017727639034e-05
19452,16.21027017116952,0.5584206285253828,560,681,1241,0.0,0.0008333472224535399,0.5585817888799307,-8.058017727639034e-05
19453,16.211103518391973,0.5584206285253828,560,681,1241,0.0,0.0008333472224535399,0.5585012087026543,-8.058017727639034e-05
19454,16.211936865614426,0.5584206285253828,560,681,1241,0.0,0.0008333472224535399,0.558420628525378,-8.058017727639034e-05
19455,16.21277021283688,0.5584206285253828,560,681,1241,0.0,0.0008333472224535399,0.558420628525378,0.0
19456,16.213603560059337,0.5584206285253828,560,681,1241,0.0,0.0008333472224570926,0.558420628525378,0.0
19457,16.21443690728179,0.5584206285253828,560,681,1241,0.0,0.0008333472224535399,0.558420628525378,0.0
19458,16.215270254504244,0.5584206285253828,560,681,1241,0.0,0.0008333472224535399,0.558420628525378,0.0
19459,16.216103601726697,0.5584206285253828,560,681,1241,0.0,0.0008333472224535399,0.558420628525378,0.0
19460,16.21693694894915,0.5584206285253828,560,681,1241,0.0,0.0008333472224535399,0.558420628525378,0.0
19461,16.217770296171604,0.5584206285253828,560,681,1241,0.0,0.0008333472224535399,0.558420628525378,0.0
19462,16.218603643394058,0.5584206285253828,560,681,1241,0.0,0.0008333472224535399,0.558420628525378,0.0
19463,16.21943699061651,0.5584206285253828,560,681,1241,0.0,0.0008333472224535399,0.558420628525378,0.0
19464,16.220270337838965,0.5592264302981467,560,681,1241,0.0008058017727639033,0.0008333472224535399,0.5585012087026543,8.058017727639034e-05
19465,16.22110368506142,0.5576148267526189,560,681,1241,-0.0016116035455278066,0.0008333472224535399,0.558420628525378,-8.058017727639034e-05
19466,16.221937032283872,0.5584206285253828,560,681,1241,0.0008058017727639033,0.0008333472224535399,0.558420628525378,0.0
19467,16.222770379506326,0.5584206285253828,560,681,1241,0.0,0.0008333472224535399,0.558420628525378,0.0
19468,16.22360372672878,0.5584206285253828,560,681,1241,0.0,0.0008333472224535399,0.558420628525378,0.0
19469,16.224437073951233,0.5584206285253828,560,681,1241,0.0,0.0008333472224535399,0.558420628525378,0.0
19470,16.225270421173686,0.5584206285253828,560,681,1241,0.0,0.0008333472224535399,0.558420628525378,0.0
19471,16.22610376839614,0.5584206285253828,560,681,1241,0.0,0.0008333472224535399,0.558420628525378,0.0
19472,16.226937115618593,0.5584206285253828,560,681,1241,0.0,0.0008333472224535399,0.558420628525378,0.0
19473,16.227770462841047,0.5584206285253828,560,681,1241,0.0,0.0008333472224535399,0.558420628525378,0.0
19474,16.2286038100635,0.5584206285253828,560,681,1241,0.0,0.0008333472224535399,0.5583400483481016,-8.058017727639034e-05
19475,16.229437157285954,0.5584206285253828,560,681,1241,0.0,0.0008333472224535399,0.558420628525378,8.058017727639034e-05
19476,16.230270504508407,0.5584206285253828,560,681,1241,0.0,0.0008333472224535399,0.558420628525378,0.0
19477,16.231103851730865,0.5584206285253828,560,681,1241,0.0,0.0008333472224570926,0.558420628525378,0.0
19478,16.231937198953318,0.5576148267526189,560,681,1241,-0.0008058017727639033,0.0008333472224535399,0.5583400483481016,-8.058017727639034e-05
19479,16.23277054617577,0.5576148267526189,560,681,1241,0.0,0.0008333472224535399,0.5582594681708253,-8.058017727639034e-05
19480,16.233603893398225,0.5576148267526189,560,681,1241,0.0,0.0008333472224535399,0.558178887993549,-8.058017727639034e-05
19481,16.23443724062068,0.5576148267526189,560,681,1241,0.0,0.0008333472224535399,0.5580983078162726,-8.058017727639034e-05
19482,16.235270587843132,0.5576148267526189,560,681,1241,0.0,0.0008333472224535399,0.5580177276389963,-8.058017727639034e-05
19483,16.236103935065586,0.5576148267526189,560,681,1241,0.0,0.0008333472224535399,0.5579371474617199,-8.058017727639034e-05
19484,16.23693728228804,0.5584206285253828,560,681,1241,0.0008058017727639033,0.0008333472224535399,0.5579371474617199,0.0
19485,16.237770629510493,0.5584206285253828,560,681,1241,0.0,0.0008333472224535399,0.5579371474617199,0.0
19486,16.238603976732946,0.5584206285253828,560,681,1241,0.0,0.0008333472224535399,0.5579371474617199,0.0
19487,16.2394373239554,0.5592264302981467,560,681,1241,0.0008058017727639033,0.0008333472224535399,0.5580177276389963,8.058017727639034e-05
19488,16.240270671177854,0.5592264302981467,560,681,1241,0.0,0.0008333472224535399,0.558178887993549,0.00016116035455278067
19489,16.241104018400307,0.5592264302981467,560,681,1241,0.0,0.0008333472224535399,0.5583400483481016,0.00016116035455278067
19490,16.24193736562276,0.5592264302981467,560,681,1241,0.0,0.0008333472224535399,0.5585012087026543,0.00016116035455278067
19491,16.242770712845214,0.5600322320709106,560,681,1241,0.0008058017727639033,0.0008333472224535399,0.5587429492344835,0.00024174053182917098
19492,16.243604060067668,0.5600322320709106,560,681,1241,0.0,0.0008333472224535399,0.5589846897663128,0.00024174053182917098
19493,16.24443740729012,0.5600322320709106,560,681,1241,0.0,0.0008333472224535399,0.559226430298142,0.00024174053182917098
19494,16.245270754512575,0.5600322320709106,560,681,1241,0.0,0.0008333472224535399,0.5593875906526947,0.00016116035455278067
19495,16.24610410173503,0.5600322320709106,560,681,1241,0.0,0.0008333472224535399,0.5595487510072475,0.00016116035455278067
19496,16.246937448957482,0.5600322320709106,560,681,1241,0.0,0.0008333472224535399,0.5597099113618003,0.00016116035455278067
19497,16.247770796179935,0.5600322320709106,560,681,1241,0.0,0.0008333472224535399,0.5597904915390768,8.058017727639034e-05
19498,16.248604143402392,0.5608380338436745,560,681,1241,0.0008058017727639033,0.0008333472224570926,0.5599516518936296,0.00016116035455278067
19499,16.249437490624846,0.5616438356164384,560,681,1241,0.0008058017727639033,0.0008333472224535399,0.5601933924254588,0.00024174053182917098
19500,16.2502708378473,0.5616438356164384,560,681,1241,0.0,0.0008333472224535399,0.5604351329572881,0.00024174053182917098
19501,16.251104185069753,0.5616438356164384,560,681,1241,0.0,0.0008333472224535399,0.5605962933118408,0.00016116035455278067
19502,16.251937532292207,0.5616438356164384,560,681,1241,0.0,0.0008333472224535399,0.5607574536663936,0.00016116035455278067
19503,16.25277087951466,0.5616438356164384,560,681,1241,0.0,0.0008333472224535399,0.5609186140209463,0.00016116035455278067
19504,16.253604226737114,0.5616438356164384,560,681,1241,0.0,0.0008333472224535399,0.5610797743754992,0.00016116035455278067
19505,16.254437573959567,0.5624496373892023,560,681,1241,0.0008058017727639033,0.0008333472224535399,0.5613215149073283,0.00024174053182917098
19506,16.25527092118202,0.5624496373892023,560,681,1241,0.0,0.0008333472224535399,0.5615632554391575,0.00024174053182917098
19507,16.256104268404474,0.5624496373892023,560,681,1241,0.0,0.0008333472224535399,0.5618049959709868,0.00024174053182917098
19508,16.256937615626928,0.5624496373892023,560,681,1241,0.0,0.0008333472224535399,0.5619661563255395,0.00016116035455278067
19509,16.25777096284938,0.5624496373892023,560,681,1241,0.0,0.0008333472224535399,0.5620467365028159,8.058017727639034e-05
19510,16.258604310071835,0.5624496373892023,560,681,1241,0.0,0.0008333472224535399,0.5621273166800922,8.058017727639034e-05
19511,16.25943765729429,0.5616438356164384,560,681,1241,-0.0008058017727639033,0.0008333472224535399,0.5621273166800922,0.0
19512,16.260271004516742,0.5624496373892023,560,681,1241,0.0008058017727639033,0.0008333472224535399,0.5622078968573685,8.058017727639034e-05
19513,16.261104351739196,0.5624496373892023,560,681,1241,0.0,0.0008333472224535399,0.5622884770346449,8.058017727639034e-05
19514,16.26193769896165,0.5624496373892023,560,681,1241,0.0,0.0008333472224535399,0.5623690572119212,8.058017727639034e-05
19515,16.262771046184103,0.5624496373892023,560,681,1241,0.0,0.0008333472224535399,0.5623690572119212,0.0
19516,16.263604393406556,0.5624496373892023,560,681,1241,0.0,0.0008333472224535399,0.5623690572119212,0.0
19517,16.26443774062901,0.5624496373892023,560,681,1241,0.0,0.0008333472224535399,0.5623690572119212,0.0
19518,16.265271087851463,0.5624496373892023,560,681,1241,0.0,0.0008333472224535399,0.5623690572119212,0.0
19519,16.26610443507392,0.5624496373892023,560,681,1241,0.0,0.0008333472224570926,0.5623690572119212,0.0
19520,16.266937782296374,0.5624496373892023,560,681,1241,0.0,0.0008333472224535399,0.5623690572119212,0.0
19521,16.267771129518827,0.5624496373892023,560,681,1241,0.0,0.0008333472224535399,0.5624496373891976,8.058017727639034e-05
19522,16.26860447674128,0.5624496373892023,560,681,1241,0.0,0.0008333472224535399,0.5624496373891976,0.0
19523,16.269437823963735,0.5624496373892023,560,681,1241,0.0,0.0008333472224535399,0.5624496373891976,0.0
19524,16.270271171186188,0.5632554391619662,560,681,1241,0.0008058017727639033,0.0008333472224535399,0.5625302175664739,8.058017727639034e-05
19525,16.27110451840864,0.5640612409347301,560,681,1241,0.0008058017727639033,0.0008333472224535399,0.5626913779210267,0.00016116035455278067
19526,16.271937865631095,0.5640612409347301,560,681,1241,0.0,0.0008333472224535399,0.5628525382755797,0.00016116035455278067
19527,16.27277121285355,0.5640612409347301,560,681,1241,0.0,0.0008333472224535399,0.5630136986301325,0.00016116035455278067
19528,16.273604560076002,0.5640612409347301,560,681,1241,0.0,0.0008333472224535399,0.5631748589846854,0.00016116035455278067
19529,16.274437907298456,0.5632554391619662,560,681,1241,-0.0008058017727639033,0.0008333472224535399,0.5632554391619617,8.058017727639034e-05
19530,16.27527125452091,0.5632554391619662,560,681,1241,0.0,0.0008333472224535399,0.563336019339238,8.058017727639034e-05
19531,16.276104601743363,0.5624496373892023,560,681,1241,-0.0008058017727639033,0.0008333472224535399,0.563336019339238,0.0
19532,16.276937948965816,0.5624496373892023,560,681,1241,0.0,0.0008333472224535399,0.563336019339238,0.0
19533,16.27777129618827,0.5624496373892023,560,681,1241,0.0,0.0008333472224535399,0.563336019339238,0.0
19534,16.278604643410723,0.5624496373892023,560,681,1241,0.0,0.0008333472224535399,0.5632554391619616,-8.058017727639034e-05
19535,16.279437990633177,0.5616438356164384,560,681,1241,-0.0008058017727639033,0.0008333472224535399,0.5630136986301325,-0.00024174053182917098
19536,16.28027133785563,0.5600322320709106,560,681,1241,-0.0016116035455278066,0.0008333472224535399,0.5626107977437507,-0.00040290088638195165
19537,16.281104685078084,0.5592264302981467,560,681,1241,-0.0008058017727639033,0.0008333472224535399,0.5621273166800922,-0.00048348106365834196
19538,16.281938032300538,0.5592264302981467,560,681,1241,0.0,0.0008333472224535399,0.5616438356164337,-0.00048348106365834196
19539,16.28277137952299,0.5592264302981467,560,681,1241,0.0,0.0008333472224535399,0.5612409347300518,-0.00040290088638195165
19540,16.283604726745445,0.5592264302981467,560,681,1241,0.0,0.0008333472224535399,0.5608380338436698,-0.00040290088638195165
19541,16.2844380739679,0.5592264302981467,560,681,1241,0.0,0.0008333472224570926,0.5605157131345644,-0.00032232070910556134
19542,16.285271421190355,0.5592264302981467,560,681,1241,0.0,0.0008333472224535399,0.5601933924254588,-0.00032232070910556134
19543,16.28610476841281,0.5592264302981467,560,681,1241,0.0,0.0008333472224535399,0.5598710717163533,-0.00032232070910556134
19544,16.286938115635262,0.5592264302981467,560,681,1241,0.0,0.0008333472224535399,0.5595487510072477,-0.00032232070910556134
19545,16.287771462857716,0.5592264302981467,560,681,1241,0.0,0.0008333472224535399,0.5593070104754185,-0.00024174053182917098
19546,16.28860481008017,0.5592264302981467,560,681,1241,0.0,0.0008333472224535399,0.559226430298142,-8.058017727639034e-05
19547,16.289438157302623,0.5592264302981467,560,681,1241,0.0,0.0008333472224535399,0.5592264302981421,0.0
19548,16.290271504525077,0.5600322320709106,560,681,1241,0.0008058017727639033,0.0008333472224535399,0.5593070104754185,8.058017727639034e-05
19549,16.29110485174753,0.5600322320709106,560,681,1241,0.0,0.0008333472224535399,0.5593875906526948,8.058017727639034e-05
19550,16.291938198969984,0.5600322320709106,560,681,1241,0.0,0.0008333472224535399,0.5594681708299711,8.058017727639034e-05
19551,16.292771546192437,0.5600322320709106,560,681,1241,0.0,0.0008333472224535399,0.5595487510072475,8.058017727639034e-05
19552,16.29360489341489,0.5600322320709106,560,681,1241,0.0,0.0008333472224535399,0.5596293311845238,8.058017727639034e-05
19553,16.294438240637344,0.5600322320709106,560,681,1241,0.0,0.0008333472224535399,0.5597099113618003,8.058017727639034e-05
19554,16.295271587859798,0.5600322320709106,560,681,1241,0.0,0.0008333472224535399,0.5597904915390766,8.058017727639034e-05
19555,16.29610493508225,0.5600322320709106,560,681,1241,0.0,0.0008333472224535399,0.5598710717163529,8.058017727639034e-05
19556,16.296938282304705,0.5600322320709106,560,681,1241,0.0,0.0008333472224535399,0.5599516518936293,8.058017727639034e-05
19557,16.29777162952716,0.5600322320709106,560,681,1241,0.0,0.0008333472224535399,0.5600322320709056,8.058017727639034e-05
19558,16.298604976749612,0.5608380338436745,560,681,1241,0.0008058017727639033,0.0008333472224535399,0.560112812248182,8.058017727639034e-05
19559,16.299438323972065,0.5608380338436745,560,681,1241,0.0,0.0008333472224535399,0.5601933924254584,8.058017727639034e-05
19560,16.30027167119452,0.5608380338436745,560,681,1241,0.0,0.0008333472224535399,0.5602739726027347,8.058017727639034e-05
19561,16.301105018416973,0.5608380338436745,560,681,1241,0.0,0.0008333472224535399,0.5603545527800111,8.058017727639034e-05
19562,16.30193836563943,0.5616438356164384,560,681,1241,0.0008058017727639033,0.0008333472224570926,0.5605157131345638,0.00016116035455278067
19563,16.302771712861883,0.5616438356164384,560,681,1241,0.0,0.0008333472224535399,0.5606768734891167,0.00016116035455278067
19564,16.303605060084337,0.5616438356164384,560,681,1241,0.0,0.0008333472224535399,0.5608380338436694,0.00016116035455278067
19565,16.30443840730679,0.5616438356164384,560,681,1241,0.0,0.0008333472224535399,0.5609991941982222,0.00016116035455278067
19566,16.305271754529244,0.5616438356164384,560,681,1241,0.0,0.0008333472224535399,0.561160354552775,0.00016116035455278067
19567,16.306105101751697,0.5616438356164384,560,681,1241,0.0,0.0008333472224535399,0.5613215149073277,0.00016116035455278067
19568,16.30693844897415,0.5616438356164384,560,681,1241,0.0,0.0008333472224535399,0.5614020950846041,8.058017727639034e-05
19569,16.307771796196604,0.5624496373892023,560,681,1241,0.0008058017727639033,0.0008333472224535399,0.5615632554391569,0.00016116035455278067
19570,16.308605143419058,0.5624496373892023,560,681,1241,0.0,0.0008333472224535399,0.5617244157937096,0.00016116035455278067
19571,16.30943849064151,0.5624496373892023,560,681,1241,0.0,0.0008333472224535399,0.5618855761482623,0.00016116035455278067
19572,16.310271837863965,0.5624496373892023,560,681,1241,0.0,0.0008333472224535399,0.5619661563255386,8.058017727639034e-05
19573,16.31110518508642,0.5624496373892023,560,681,1241,0.0,0.0008333472224535399,0.562046736502815,8.058017727639034e-05
19574,16.311938532308872,0.5624496373892023,560,681,1241,0.0,0.0008333472224535399,0.5621273166800913,8.058017727639034e-05
19575,16.312771879531326,0.5616438356164384,560,681,1241,-0.0008058017727639033,0.0008333472224535399,0.5621273166800913,0.0
19576,16.31360522675378,0.5616438356164384,560,681,1241,0.0,0.0008333472224535399,0.5621273166800913,0.0
19577,16.314438573976233,0.5608380338436745,560,681,1241,-0.0008058017727639033,0.0008333472224535399,0.562046736502815,-8.058017727639034e-05
19578,16.315271921198686,0.5608380338436745,560,681,1241,0.0,0.0008333472224535399,0.5619661563255386,-8.058017727639034e-05
19579,16.31610526842114,0.5608380338436745,560,681,1241,0.0,0.0008333472224535399,0.5618049959709859,-0.00016116035455278067
19580,16.316938615643593,0.5608380338436745,560,681,1241,0.0,0.0008333472224535399,0.5616438356164333,-0.00016116035455278067
19581,16.317771962866047,0.5616438356164384,560,681,1241,0.0008058017727639033,0.0008333472224535399,0.5615632554391569,-8.058017727639034e-05
19582,16.3186053100885,0.5616438356164384,560,681,1241,0.0,0.0008333472224535399,0.5614826752618806,-8.058017727639034e-05
19583,16.319438657310958,0.5616438356164384,560,681,1241,0.0,0.0008333472224570926,0.5614020950846041,-8.058017727639034e-05
19584,16.32027200453341,0.5616438356164384,560,681,1241,0.0,0.0008333472224535399,0.5613215149073278,-8.058017727639034e-05
19585,16.321105351755865,0.5608380338436745,560,681,1241,-0.0008058017727639033,0.0008333472224535399,0.5612409347300515,-8.058017727639034e-05
19586,16.321938698978318,0.5608380338436745,560,681,1241,0.0,0.0008333472224535399,0.5611603545527751,-8.058017727639034e-05
19587,16.32277204620077,0.5608380338436745,560,681,1241,0.0,0.0008333472224535399,0.5611603545527751,0.0
19588,16.323605393423225,0.5608380338436745,560,681,1241,0.0,0.0008333472224535399,0.5611603545527751,0.0
19589,16.32443874064568,0.5608380338436745,560,681,1241,0.0,0.0008333472224535399,0.5611603545527751,0.0
19590,16.325272087868132,0.5608380338436745,560,681,1241,0.0,0.0008333472224535399,0.5611603545527751,0.0
19591,16.326105435090586,0.5608380338436745,560,681,1241,0.0,0.0008333472224535399,0.5610797743754988,-8.058017727639034e-05
19592,16.32693878231304,0.5608380338436745,560,681,1241,0.0,0.0008333472224535399,0.5609991941982224,-8.058017727639034e-05
19593,16.327772129535493,0.5608380338436745,560,681,1241,0.0,0.0008333472224535399,0.5609186140209461,-8.058017727639034e-05
19594,16.328605476757946,0.5608380338436745,560,681,1241,0.0,0.0008333472224535399,0.5608380338436698,-8.058017727639034e-05
19595,16.3294388239804,0.5600322320709106,560,681,1241,-0.0008058017727639033,0.0008333472224535399,0.5607574536663934,-8.058017727639034e-05
19596,16.330272171202854,0.5600322320709106,560,681,1241,0.0,0.0008333472224535399,0.5606768734891171,-8.058017727639034e-05
19597,16.331105518425307,0.5608380338436745,560,681,1241,0.0008058017727639033,0.0008333472224535399,0.5606768734891171,0.0
19598,16.33193886564776,0.5608380338436745,560,681,1241,0.0,0.0008333472224535399,0.5606768734891171,0.0
19599,16.332772212870214,0.5608380338436745,560,681,1241,0.0,0.0008333472224535399,0.5606768734891171,0.0
19600,16.333605560092668,0.5608380338436745,560,681,1241,0.0,0.0008333472224535399,0.5606768734891171,0.0
19601,16.33443890731512,0.5616438356164384,560,681,1241,0.0008058017727639033,0.0008333472224535399,0.5607574536663934,8.058017727639034e-05
19602,16.335272254537575,0.5616438356164384,560,681,1241,0.0,0.0008333472224535399,0.5608380338436698,8.058017727639034e-05
19603,16.33610560176003,0.5616438356164384,560,681,1241,0.0,0.0008333472224535399,0.5609186140209461,8.058017727639034e-05
19604,16.336938948982485,0.5608380338436745,560,681,1241,-0.0008058017727639033,0.0008333472224570926,0.5609186140209461,0.0
19605,16.33777229620494,0.5608380338436745,560,681,1241,0.0,0.0008333472224535399,0.5609991941982225,8.058017727639034e-05
19606,16.338605643427393,0.5608380338436745,560,681,1241,0.0,0.0008333472224535399,0.5610797743754989,8.058017727639034e-05
19607,16.339438990649846,0.5608380338436745,560,681,1241,0.0,0.0008333472224535399,0.5610797743754988,0.0
19608,16.3402723378723,0.5608380338436745,560,681,1241,0.0,0.0008333472224535399,0.5610797743754988,0.0
19609,16.341105685094753,0.5608380338436745,560,681,1241,0.0,0.0008333472224535399,0.5610797743754988,0.0
19610,16.341939032317207,0.5608380338436745,560,681,1241,0.0,0.0008333472224535399,0.5610797743754988,0.0
19611,16.34277237953966,0.5608380338436745,560,681,1241,0.0,0.0008333472224535399,0.5609991941982224,-8.058017727639034e-05
19612,16.343605726762114,0.5608380338436745,560,681,1241,0.0,0.0008333472224535399,0.5609186140209461,-8.058017727639034e-05
19613,16.344439073984567,0.5608380338436745,560,681,1241,0.0,0.0008333472224535399,0.5608380338436698,-8.058017727639034e-05
19614,16.34527242120702,0.5608380338436745,560,681,1241,0.0,0.0008333472224535399,0.5608380338436698,0.0
19615,16.346105768429474,0.5608380338436745,560,681,1241,0.0,0.0008333472224535399,0.5608380338436698,0.0
19616,16.346939115651928,0.5608380338436745,560,681,1241,0.0,0.0008333472224535399,0.5608380338436698,0.0
19617,16.34777246287438,0.5608380338436745,560,681,1241,0.0,0.0008333472224535399,0.5608380338436698,0.0
19618,16.348605810096835,0.5608380338436745,560,681,1241,0.0,0.0008333472224535399,0.5608380338436698,0.0
19619,16.34943915731929,0.5608380338436745,560,681,1241,0.0,0.0008333472224535399,0.5608380338436698,0.0
19620,16.350272504541742,0.5600322320709106,560,681,1241,-0.0008058017727639033,0.0008333472224535399,0.5607574536663934,-8.058017727639034e-05
19621,16.351105851764196,0.5600322320709106,560,681,1241,0.0,0.0008333472224535399,0.5606768734891171,-8.058017727639034e-05
19622,16.35193919898665,0.5600322320709106,560,681,1241,0.0,0.0008333472224535399,0.5605962933118407,-8.058017727639034e-05
19623,16.352772546209103,0.5600322320709106,560,681,1241,0.0,0.0008333472224535399,0.5605157131345644,-8.058017727639034e-05
19624,16.353605893431556,0.5600322320709106,560,681,1241,0.0,0.0008333472224535399,0.5604351329572881,-8.058017727639034e-05
19625,16.354439240654013,0.5600322320709106,560,681,1241,0.0,0.0008333472224570926,0.5603545527800117,-8.058017727639034e-05
19626,16.355272587876467,0.5600322320709106,560,681,1241,0.0,0.0008333472224535399,0.5602739726027354,-8.058017727639034e-05
19627,16.35610593509892,0.5600322320709106,560,681,1241,0.0,0.0008333472224535399,0.560193392425459,-8.058017727639034e-05
19628,16.356939282321374,0.5600322320709106,560,681,1241,0.0,0.0008333472224535399,0.5601128122481827,-8.058017727639034e-05
19629,16.357772629543827,0.5592264302981467,560,681,1241,-0.0008058017727639033,0.0008333472224535399,0.5599516518936298,-0.00016116035455278067
19630,16.35860597676628,0.5592264302981467,560,681,1241,0.0,0.0008333472224535399,0.5598710717163533,-8.058017727639034e-05
19631,16.359439323988735,0.5592264302981467,560,681,1241,0.0,0.0008333472224535399,0.559790491539077,-8.058017727639034e-05
19632,16.360272671211188,0.5592264302981467,560,681,1241,0.0,0.0008333472224535399,0.5597099113618007,-8.058017727639034e-05
19633,16.36110601843364,0.5576148267526189,560,681,1241,-0.0016116035455278066,0.0008333472224535399,0.5594681708299715,-0.00024174053182917098
19634,16.361939365656095,0.5576148267526189,560,681,1241,0.0,0.0008333472224535399,0.5592264302981422,-0.00024174053182917098
19635,16.36277271287855,0.5576148267526189,560,681,1241,0.0,0.0008333472224535399,0.558984689766313,-0.00024174053182917098
19636,16.363606060101002,0.5584206285253828,560,681,1241,0.0008058017727639033,0.0008333472224535399,0.5588235294117603,-0.00016116035455278067
19637,16.364439407323456,0.5584206285253828,560,681,1241,0.0,0.0008333472224535399,0.5586623690572075,-0.00016116035455278067
19638,16.36527275454591,0.5584206285253828,560,681,1241,0.0,0.0008333472224535399,0.5585012087026546,-0.00016116035455278067
19639,16.366106101768363,0.5584206285253828,560,681,1241,0.0,0.0008333472224535399,0.5584206285253783,-8.058017727639034e-05
19640,16.366939448990816,0.5584206285253828,560,681,1241,0.0,0.0008333472224535399,0.558340048348102,-8.058017727639034e-05
19641,16.36777279621327,0.5584206285253828,560,681,1241,0.0,0.0008333472224535399,0.5582594681708256,-8.058017727639034e-05
19642,16.368606143435724,0.5584206285253828,560,681,1241,0.0,0.0008333472224535399,0.5581788879935493,-8.058017727639034e-05
19643,16.369439490658177,0.5584206285253828,560,681,1241,0.0,0.0008333472224535399,0.5582594681708256,8.058017727639034e-05
19644,16.37027283788063,0.5584206285253828,560,681,1241,0.0,0.0008333472224535399,0.558340048348102,8.058017727639034e-05
19645,16.371106185103084,0.5584206285253828,560,681,1241,0.0,0.0008333472224535399,0.5584206285253783,8.058017727639034e-05
19646,16.37193953232554,0.5584206285253828,560,681,1241,0.0,0.0008333472224570926,0.5584206285253783,0.0
19647,16.372772879547995,0.5584206285253828,560,681,1241,0.0,0.0008333472224535399,0.5584206285253783,0.0
19648,16.37360622677045,0.5584206285253828,560,681,1241,0.0,0.0008333472224535399,0.5584206285253783,0.0
19649,16.374439573992902,0.5584206285253828,560,681,1241,0.0,0.0008333472224535399,0.5584206285253783,0.0
19650,16.375272921215355,0.5584206285253828,560,681,1241,0.0,0.0008333472224535399,0.5584206285253783,0.0
19651,16.37610626843781,0.5592264302981467,560,681,1241,0.0008058017727639033,0.0008333472224535399,0.5585012087026546,8.058017727639034e-05
19652,16.376939615660262,0.5592264302981467,560,681,1241,0.0,0.0008333472224535399,0.558581788879931,8.058017727639034e-05
19653,16.377772962882716,0.5600322320709106,560,681,1241,0.0008058017727639033,0.0008333472224535399,0.5587429492344838,0.00016116035455278067
19654,16.37860631010517,0.5600322320709106,560,681,1241,0.0,0.0008333472224535399,0.5589041095890366,0.00016116035455278067
19655,16.379439657327623,0.5600322320709106,560,681,1241,0.0,0.0008333472224535399,0.5590652699435894,0.00016116035455278067
19656,16.380273004550077,0.5592264302981467,560,681,1241,-0.0008058017727639033,0.0008333472224535399,0.5591458501208658,8.058017727639034e-05
19657,16.38110635177253,0.5592264302981467,560,681,1241,0.0,0.0008333472224535399,0.5592264302981421,8.058017727639034e-05
19658,16.381939698994984,0.5584206285253828,560,681,1241,-0.0008058017727639033,0.0008333472224535399,0.5592264302981421,0.0
19659,16.382773046217437,0.5592264302981467,560,681,1241,0.0008058017727639033,0.0008333472224535399,0.5593070104754185,8.058017727639034e-05
19660,16.38360639343989,0.5600322320709106,560,681,1241,0.0008058017727639033,0.0008333472224535399,0.5594681708299712,0.00016116035455278067
19661,16.384439740662344,0.5600322320709106,560,681,1241,0.0,0.0008333472224535399,0.5595487510072477,8.058017727639034e-05
19662,16.385273087884798,0.5600322320709106,560,681,1241,0.0,0.0008333472224535399,0.5596293311845241,8.058017727639034e-05
19663,16.38610643510725,0.5600322320709106,560,681,1241,0.0,0.0008333472224535399,0.5596293311845241,0.0
19664,16.386939782329705,0.5600322320709106,560,681,1241,0.0,0.0008333472224535399,0.5596293311845241,0.0
19665,16.38777312955216,0.5600322320709106,560,681,1241,0.0,0.0008333472224535399,0.5596293311845241,0.0
19666,16.388606476774612,0.5600322320709106,560,681,1241,0.0,0.0008333472224535399,0.5597099113618004,8.058017727639034e-05
19667,16.389439823997066,0.5600322320709106,560,681,1241,0.0,0.0008333472224535399,0.5597904915390768,8.058017727639034e-05
19668,16.390273171219523,0.5600322320709106,560,681,1241,0.0,0.0008333472224570926,0.5599516518936295,0.00016116035455278067
19669,16.391106518441976,0.5600322320709106,560,681,1241,0.0,0.0008333472224535399,0.5600322320709059,8.058017727639034e-05
19670,16.39193986566443,0.5600322320709106,560,681,1241,0.0,0.0008333472224535399,0.5600322320709059,0.0
19671,16.392773212886883,0.5600322320709106,560,681,1241,0.0,0.0008333472224535399,0.5600322320709059,0.0
19672,16.393606560109337,0.5608380338436745,560,681,1241,0.0008058017727639033,0.0008333472224535399,0.5601128122481824,8.058017727639034e-05
19673,16.39443990733179,0.5616438356164384,560,681,1241,0.0008058017727639033,0.0008333472224535399,0.5602739726027351,0.00016116035455278067
19674,16.395273254554244,0.5616438356164384,560,681,1241,0.0,0.0008333472224535399,0.560435132957288,0.00016116035455278067
19675,16.396106601776697,0.5616438356164384,560,681,1241,0.0,0.0008333472224535399,0.5605962933118407,0.00016116035455278067
19676,16.39693994899915,0.5616438356164384,560,681,1241,0.0,0.0008333472224535399,0.5607574536663935,0.00016116035455278067
19677,16.397773296221605,0.5616438356164384,560,681,1241,0.0,0.0008333472224535399,0.5609186140209463,0.00016116035455278067
19678,16.398606643444058,0.5616438356164384,560,681,1241,0.0,0.0008333472224535399,0.561079774375499,0.00016116035455278067
19679,16.39943999066651,0.5616438356164384,560,681,1241,0.0,0.0008333472224535399,0.5612409347300519,0.00016116035455278067
19680,16.400273337888965,0.5616438356164384,560,681,1241,0.0,0.0008333472224535399,0.5614020950846046,0.00016116035455278067
19681,16.40110668511142,0.5616438356164384,560,681,1241,0.0,0.0008333472224535399,0.5615632554391574,0.00016116035455278067
19682,16.401940032333872,0.5616438356164384,560,681,1241,0.0,0.0008333472224535399,0.5616438356164337,8.058017727639034e-05
19683,16.402773379556326,0.5616438356164384,560,681,1241,0.0,0.0008333472224535399,0.5616438356164337,0.0
19684,16.40360672677878,0.5616438356164384,560,681,1241,0.0,0.0008333472224535399,0.5616438356164337,0.0
19685,16.404440074001233,0.5616438356164384,560,681,1241,0.0,0.0008333472224535399,0.5616438356164337,0.0
19686,16.405273421223686,0.5616438356164384,560,681,1241,0.0,0.0008333472224535399,0.5616438356164337,0.0
19687,16.40610676844614,0.5608380338436745,560,681,1241,-0.0008058017727639033,0.0008333472224535399,0.5615632554391574,-8.058017727639034e-05
19688,16.406940115668593,0.5608380338436745,560,681,1241,0.0,0.0008333472224535399,0.5614826752618811,-8.058017727639034e-05
19689,16.40777346289105,0.5608380338436745,560,681,1241,0.0,0.0008333472224570926,0.5614020950846047,-8.058017727639034e-05
19690,16.408606810113504,0.5608380338436745,560,681,1241,0.0,0.0008333472224535399,0.5613215149073284,-8.058017727639034e-05
19691,16.409440157335958,0.5608380338436745,560,681,1241,0.0,0.0008333472224535399,0.561240934730052,-8.058017727639034e-05
19692,16.41027350455841,0.5600322320709106,560,681,1241,-0.0008058017727639033,0.0008333472224535399,0.5610797743754993,-0.00016116035455278067
19693,16.411106851780865,0.5600322320709106,560,681,1241,0.0,0.0008333472224535399,0.5609186140209464,-0.00016116035455278067
19694,16.41194019900332,0.5608380338436745,560,681,1241,0.0008058017727639033,0.0008333472224535399,0.5608380338436701,-8.058017727639034e-05
19695,16.412773546225772,0.5608380338436745,560,681,1241,0.0,0.0008333472224535399,0.5607574536663937,-8.058017727639034e-05
19696,16.413606893448225,0.5608380338436745,560,681,1241,0.0,0.0008333472224535399,0.5606768734891174,-8.058017727639034e-05
19697,16.41444024067068,0.5616438356164384,560,681,1241,0.0008058017727639033,0.0008333472224535399,0.5607574536663937,8.058017727639034e-05
19698,16.415273587893132,0.5616438356164384,560,681,1241,0.0,0.0008333472224535399,0.5608380338436701,8.058017727639034e-05
19699,16.416106935115586,0.5616438356164384,560,681,1241,0.0,0.0008333472224535399,0.5609186140209464,8.058017727639034e-05
19700,16.41694028233804,0.5616438356164384,560,681,1241,0.0,0.0008333472224535399,0.5609991941982229,8.058017727639034e-05
19701,16.417773629560493,0.5616438356164384,560,681,1241,0.0,0.0008333472224535399,0.5610797743754992,8.058017727639034e-05
19702,16.418606976782947,0.5624496373892023,560,681,1241,0.0008058017727639033,0.0008333472224535399,0.5613215149073283,0.00024174053182917098
19703,16.4194403240054,0.5624496373892023,560,681,1241,0.0,0.0008333472224535399,0.5615632554391575,0.00024174053182917098
19704,16.420273671227854,0.5624496373892023,560,681,1241,0.0,0.0008333472224535399,0.5617244157937102,0.00016116035455278067
19705,16.421107018450307,0.5624496373892023,560,681,1241,0.0,0.0008333472224535399,0.561885576148263,0.00016116035455278067
19706,16.42194036567276,0.5624496373892023,560,681,1241,0.0,0.0008333472224535399,0.5620467365028157,0.00016116035455278067
19707,16.422773712895214,0.5624496373892023,560,681,1241,0.0,0.0008333472224535399,0.562127316680092,8.058017727639034e-05
19708,16.423607060117668,0.5624496373892023,560,681,1241,0.0,0.0008333472224535399,0.5622078968573684,8.058017727639034e-05
19709,16.42444040734012,0.5624496373892023,560,681,1241,0.0,0.0008333472224535399,0.5622884770346447,8.058017727639034e-05
19710,16.42527375456258,0.5624496373892023,560,681,1241,0.0,0.0008333472224570926,0.5623690572119211,8.058017727639034e-05
19711,16.426107101785032,0.5624496373892023,560,681,1241,0.0,0.0008333472224535399,0.5624496373891974,8.058017727639034e-05
19712,16.426940449007486,0.5632554391619662,560,681,1241,0.0008058017727639033,0.0008333472224535399,0.5625302175664737,8.058017727639034e-05
19713,16.42777379622994,0.5624496373892023,560,681,1241,-0.0008058017727639033,0.0008333472224535399,0.5625302175664737,0.0
19714,16.428607143452393,0.5624496373892023,560,681,1241,0.0,0.0008333472224535399,0.5625302175664737,0.0
19715,16.429440490674846,0.5624496373892023,560,681,1241,0.0,0.0008333472224535399,0.5625302175664737,0.0
19716,16.4302738378973,0.5624496373892023,560,681,1241,0.0,0.0008333472224535399,0.5625302175664737,0.0
19717,16.431107185119753,0.5624496373892023,560,681,1241,0.0,0.0008333472224535399,0.5625302175664737,0.0
19718,16.431940532342207,0.5616438356164384,560,681,1241,-0.0008058017727639033,0.0008333472224535399,0.5624496373891974,-8.058017727639034e-05
19719,16.43277387956466,0.5624496373892023,560,681,1241,0.0008058017727639033,0.0008333472224535399,0.5624496373891974,0.0
19720,16.433607226787114,0.5624496373892023,560,681,1241,0.0,0.0008333472224535399,0.5624496373891974,0.0
19721,16.434440574009567,0.5624496373892023,560,681,1241,0.0,0.0008333472224535399,0.5624496373891974,0.0
19722,16.43527392123202,0.5624496373892023,560,681,1241,0.0,0.0008333472224535399,0.562369057211921,-8.058017727639034e-05
19723,16.436107268454474,0.5624496373892023,560,681,1241,0.0,0.0008333472224535399,0.5623690572119211,0.0
19724,16.436940615676928,0.5624496373892023,560,681,1241,0.0,0.0008333472224535399,0.5623690572119211,0.0
19725,16.43777396289938,0.5624496373892023,560,681,1241,0.0,0.0008333472224535399,0.5623690572119211,0.0
19726,16.438607310121835,0.5616438356164384,560,681,1241,-0.0008058017727639033,0.0008333472224535399,0.5622884770346447,-8.058017727639034e-05
19727,16.43944065734429,0.5616438356164384,560,681,1241,0.0,0.0008333472224535399,0.5622078968573684,-8.058017727639034e-05
19728,16.440274004566742,0.5616438356164384,560,681,1241,0.0,0.0008333472224535399,0.5622078968573684,0.0
19729,16.441107351789196,0.5616438356164384,560,681,1241,0.0,0.0008333472224535399,0.562127316680092,-8.058017727639034e-05
19730,16.44194069901165,0.5616438356164384,560,681,1241,0.0,0.0008333472224535399,0.5620467365028157,-8.058017727639034e-05
19731,16.442774046234106,0.5616438356164384,560,681,1241,0.0,0.0008333472224570926,0.5619661563255394,-8.058017727639034e-05
19732,16.44360739345656,0.5616438356164384,560,681,1241,0.0,0.0008333472224535399,0.561885576148263,-8.058017727639034e-05
19733,16.444440740679013,0.5616438356164384,560,681,1241,0.0,0.0008333472224535399,0.5618049959709867,-8.058017727639034e-05
19734,16.445274087901467,0.5616438356164384,560,681,1241,0.0,0.0008333472224535399,0.5617244157937102,-8.058017727639034e-05
19735,16.44610743512392,0.5616438356164384,560,681,1241,0.0,0.0008333472224535399,0.5616438356164339,-8.058017727639034e-05
19736,16.446940782346374,0.5616438356164384,560,681,1241,0.0,0.0008333472224535399,0.5616438356164339,0.0
19737,16.447774129568828,0.5616438356164384,560,681,1241,0.0,0.0008333472224535399,0.5616438356164339,0.0
19738,16.44860747679128,0.5616438356164384,560,681,1241,0.0,0.0008333472224535399,0.5616438356164339,0.0
19739,16.449440824013735,0.5616438356164384,560,681,1241,0.0,0.0008333472224535399,0.5616438356164339,0.0
19740,16.450274171236188,0.5616438356164384,560,681,1241,0.0,0.0008333472224535399,0.5616438356164339,0.0
19741,16.45110751845864,0.5616438356164384,560,681,1241,0.0,0.0008333472224535399,0.5616438356164339,0.0
19742,16.451940865681095,0.5616438356164384,560,681,1241,0.0,0.0008333472224535399,0.5616438356164339,0.0
19743,16.45277421290355,0.5616438356164384,560,681,1241,0.0,0.0008333472224535399,0.5616438356164339,0.0
19744,16.453607560126002,0.5616438356164384,560,681,1241,0.0,0.0008333472224535399,0.5616438356164339,0.0
19745,16.454440907348456,0.5616438356164384,560,681,1241,0.0,0.0008333472224535399,0.5616438356164339,0.0
19746,16.45527425457091,0.5616438356164384,560,681,1241,0.0,0.0008333472224535399,0.5616438356164339,0.0
19747,16.456107601793363,0.5616438356164384,560,681,1241,0.0,0.0008333472224535399,0.5616438356164339,0.0
19748,16.456940949015816,0.5616438356164384,560,681,1241,0.0,0.0008333472224535399,0.5616438356164339,0.0
19749,16.45777429623827,0.5616438356164384,560,681,1241,0.0,0.0008333472224535399,0.5616438356164339,0.0
19750,16.458607643460724,0.5616438356164384,560,681,1241,0.0,0.0008333472224535399,0.5616438356164339,0.0
19751,16.459440990683177,0.5616438356164384,560,681,1241,0.0,0.0008333472224535399,0.5616438356164339,0.0
19752,16.460274337905634,0.5616438356164384,560,681,1241,0.0,0.0008333472224570926,0.5616438356164339,0.0
19753,16.461107685128088,0.5624496373892023,560,681,1241,0.0008058017727639033,0.0008333472224535399,0.5617244157937102,8.058017727639034e-05
19754,16.46194103235054,0.5624496373892023,560,681,1241,0.0,0.0008333472224535399,0.5618049959709867,8.058017727639034e-05
19755,16.462774379572995,0.5624496373892023,560,681,1241,0.0,0.0008333472224535399,0.561885576148263,8.058017727639034e-05
19756,16.46360772679545,0.5624496373892023,560,681,1241,0.0,0.0008333472224535399,0.5619661563255394,8.058017727639034e-05
19757,16.464441074017902,0.5616438356164384,560,681,1241,-0.0008058017727639033,0.0008333472224535399,0.5619661563255394,0.0
19758,16.465274421240355,0.5616438356164384,560,681,1241,0.0,0.0008333472224535399,0.5619661563255394,0.0
19759,16.46610776846281,0.5616438356164384,560,681,1241,0.0,0.0008333472224535399,0.5619661563255394,0.0
19760,16.466941115685263,0.5608380338436745,560,681,1241,-0.0008058017727639033,0.0008333472224535399,0.561885576148263,-8.058017727639034e-05
19761,16.467774462907716,0.5608380338436745,560,681,1241,0.0,0.0008333472224535399,0.5618049959709867,-8.058017727639034e-05
19762,16.46860781013017,0.5608380338436745,560,681,1241,0.0,0.0008333472224535399,0.5617244157937102,-8.058017727639034e-05
19763,16.469441157352623,0.5608380338436745,560,681,1241,0.0,0.0008333472224535399,0.5615632554391576,-0.00016116035455278067
19764,16.470274504575077,0.5608380338436745,560,681,1241,0.0,0.0008333472224535399,0.5614020950846049,-0.00016116035455278067
19765,16.47110785179753,0.5608380338436745,560,681,1241,0.0,0.0008333472224535399,0.5612409347300522,-0.00016116035455278067
19766,16.471941199019984,0.5608380338436745,560,681,1241,0.0,0.0008333472224535399,0.5610797743754995,-0.00016116035455278067
19767,16.472774546242437,0.5608380338436745,560,681,1241,0.0,0.0008333472224535399,0.5609991941982232,-8.058017727639034e-05
19768,16.47360789346489,0.5608380338436745,560,681,1241,0.0,0.0008333472224535399,0.5609186140209468,-8.058017727639034e-05
19769,16.474441240687344,0.5608380338436745,560,681,1241,0.0,0.0008333472224535399,0.5608380338436705,-8.058017727639034e-05
19770,16.475274587909798,0.5600322320709106,560,681,1241,-0.0008058017727639033,0.0008333472224535399,0.5607574536663942,-8.058017727639034e-05
19771,16.47610793513225,0.5600322320709106,560,681,1241,0.0,0.0008333472224535399,0.5606768734891178,-8.058017727639034e-05
19772,16.476941282354705,0.5600322320709106,560,681,1241,0.0,0.0008333472224535399,0.5605962933118415,-8.058017727639034e-05
19773,16.47777462957716,0.5600322320709106,560,681,1241,0.0,0.0008333472224535399,0.560515713134565,-8.058017727639034e-05
19774,16.478607976799616,0.5600322320709106,560,681,1241,0.0,0.0008333472224570926,0.5604351329572888,-8.058017727639034e-05
19775,16.47944132402207,0.5600322320709106,560,681,1241,0.0,0.0008333472224535399,0.5603545527800124,-8.058017727639034e-05
19776,16.480274671244523,0.5600322320709106,560,681,1241,0.0,0.0008333472224535399,0.560273972602736,-8.058017727639034e-05
19777,16.481108018466976,0.5600322320709106,560,681,1241,0.0,0.0008333472224535399,0.5601933924254597,-8.058017727639034e-05
19778,16.48194136568943,0.5600322320709106,560,681,1241,0.0,0.0008333472224535399,0.5601128122481833,-8.058017727639034e-05
19779,16.482774712911883,0.5608380338436745,560,681,1241,0.0008058017727639033,0.0008333472224535399,0.5601128122481833,0.0
19780,16.483608060134337,0.5600322320709106,560,681,1241,-0.0008058017727639033,0.0008333472224535399,0.5601128122481833,0.0
19781,16.48444140735679,0.5600322320709106,560,681,1241,0.0,0.0008333472224535399,0.5601128122481833,0.0
19782,16.485274754579244,0.5600322320709106,560,681,1241,0.0,0.0008333472224535399,0.5601128122481833,0.0
19783,16.486108101801698,0.5600322320709106,560,681,1241,0.0,0.0008333472224535399,0.5601128122481833,0.0
19784,16.48694144902415,0.5600322320709106,560,681,1241,0.0,0.0008333472224535399,0.5601128122481833,0.0
19785,16.487774796246605,0.5592264302981467,560,681,1241,-0.0008058017727639033,0.0008333472224535399,0.5600322320709069,-8.058017727639034e-05
19786,16.488608143469058,0.5592264302981467,560,681,1241,0.0,0.0008333472224535399,0.5599516518936306,-8.058017727639034e-05
19787,16.48944149069151,0.5592264302981467,560,681,1241,0.0,0.0008333472224535399,0.5598710717163542,-8.058017727639034e-05
19788,16.490274837913965,0.5592264302981467,560,681,1241,0.0,0.0008333472224535399,0.5597904915390779,-8.058017727639034e-05
19789,16.49110818513642,0.5592264302981467,560,681,1241,0.0,0.0008333472224535399,0.5596293311845251,-0.00016116035455278067
19790,16.491941532358872,0.5600322320709106,560,681,1241,0.0008058017727639033,0.0008333472224535399,0.5596293311845251,0.0
19791,16.492774879581326,0.5600322320709106,560,681,1241,0.0,0.0008333472224535399,0.5596293311845251,0.0
19792,16.49360822680378,0.5592264302981467,560,681,1241,-0.0008058017727639033,0.0008333472224535399,0.5595487510072487,-8.058017727639034e-05
19793,16.494441574026233,0.5584206285253828,560,681,1241,-0.0008058017727639033,0.0008333472224535399,0.5593875906526959,-0.00016116035455278067
19794,16.495274921248686,0.5584206285253828,560,681,1241,0.0,0.0008333472224535399,0.5592264302981431,-0.00016116035455278067
19795,16.496108268471144,0.5584206285253828,560,681,1241,0.0,0.0008333472224570926,0.5591458501208667,-8.058017727639034e-05
19796,16.496941615693597,0.5584206285253828,560,681,1241,0.0,0.0008333472224535399,0.5590652699435903,-8.058017727639034e-05
19797,16.49777496291605,0.5584206285253828,560,681,1241,0.0,0.0008333472224535399,0.558984689766314,-8.058017727639034e-05
19798,16.498608310138504,0.5584206285253828,560,681,1241,0.0,0.0008333472224535399,0.5589041095890377,-8.058017727639034e-05
19799,16.499441657360958,0.5584206285253828,560,681,1241,0.0,0.0008333472224535399,0.5588235294117613,-8.058017727639034e-05
19800,16.50027500458341,0.5584206285253828,560,681,1241,0.0,0.0008333472224535399,0.5586623690572086,-0.00016116035455278067
19801,16.501108351805865,0.5584206285253828,560,681,1241,0.0,0.0008333472224535399,0.5585012087026557,-0.00016116035455278067
19802,16.50194169902832,0.5584206285253828,560,681,1241,0.0,0.0008333472224535399,0.5584206285253794,-8.058017727639034e-05
19803,16.502775046250772,0.5584206285253828,560,681,1241,0.0,0.0008333472224535399,0.5584206285253794,0.0
19804,16.503608393473225,0.5592264302981467,560,681,1241,0.0008058017727639033,0.0008333472224535399,0.5585012087026557,8.058017727639034e-05
19805,16.50444174069568,0.5584206285253828,560,681,1241,-0.0008058017727639033,0.0008333472224535399,0.5585012087026557,0.0
19806,16.505275087918132,0.5584206285253828,560,681,1241,0.0,0.0008333472224535399,0.5585012087026557,0.0
19807,16.506108435140586,0.5584206285253828,560,681,1241,0.0,0.0008333472224535399,0.5585012087026557,0.0
19808,16.50694178236304,0.5584206285253828,560,681,1241,0.0,0.0008333472224535399,0.5585012087026557,0.0
19809,16.507775129585493,0.5584206285253828,560,681,1241,0.0,0.0008333472224535399,0.5585012087026557,0.0
19810,16.508608476807947,0.5584206285253828,560,681,1241,0.0,0.0008333472224535399,0.5585012087026557,0.0
19811,16.5094418240304,0.5584206285253828,560,681,1241,0.0,0.0008333472224535399,0.5585012087026557,0.0
19812,16.510275171252854,0.5584206285253828,560,681,1241,0.0,0.0008333472224535399,0.5585012087026557,0.0
19813,16.511108518475307,0.5584206285253828,560,681,1241,0.0,0.0008333472224535399,0.5585012087026557,0.0
19814,16.51194186569776,0.5576148267526189,560,681,1241,-0.0008058017727639033,0.0008333472224535399,0.558340048348103,-0.00016116035455278067
19815,16.512775212920214,0.5576148267526189,560,681,1241,0.0,0.0008333472224535399,0.5582594681708267,-8.058017727639034e-05
19816,16.51360856014267,0.5576148267526189,560,681,1241,0.0,0.0008333472224570926,0.5581788879935503,-8.058017727639034e-05
19817,16.514441907365125,0.5576148267526189,560,681,1241,0.0,0.0008333472224535399,0.558098307816274,-8.058017727639034e-05
19818,16.51527525458758,0.5576148267526189,560,681,1241,0.0,0.0008333472224535399,0.5580177276389977,-8.058017727639034e-05
19819,16.516108601810032,0.556809024979855,560,681,1241,-0.0008058017727639033,0.0008333472224535399,0.5578565672844449,-0.00016116035455278067
19820,16.516941949032486,0.556809024979855,560,681,1241,0.0,0.0008333472224535399,0.5576954069298921,-0.00016116035455278067
19821,16.51777529625494,0.556809024979855,560,681,1241,0.0,0.0008333472224535399,0.5575342465753393,-0.00016116035455278067
19822,16.518608643477393,0.556809024979855,560,681,1241,0.0,0.0008333472224535399,0.5573730862207865,-0.00016116035455278067
19823,16.519441990699846,0.556809024979855,560,681,1241,0.0,0.0008333472224535399,0.5572119258662338,-0.00016116035455278067
19824,16.5202753379223,0.556809024979855,560,681,1241,0.0,0.0008333472224535399,0.5571313456889573,-8.058017727639034e-05
19825,16.521108685144753,0.556809024979855,560,681,1241,0.0,0.0008333472224535399,0.557050765511681,-8.058017727639034e-05
19826,16.521942032367207,0.556809024979855,560,681,1241,0.0,0.0008333472224535399,0.5569701853344047,-8.058017727639034e-05
19827,16.52277537958966,0.556809024979855,560,681,1241,0.0,0.0008333472224535399,0.5568896051571283,-8.058017727639034e-05
19828,16.523608726812114,0.556809024979855,560,681,1241,0.0,0.0008333472224535399,0.556809024979852,-8.058017727639034e-05
19829,16.524442074034567,0.5576148267526189,560,681,1241,0.0008058017727639033,0.0008333472224535399,0.5568896051571284,8.058017727639034e-05
19830,16.52527542125702,0.5584206285253828,560,681,1241,0.0008058017727639033,0.0008333472224535399,0.5570507655116812,0.00016116035455278067
19831,16.526108768479475,0.5584206285253828,560,681,1241,0.0,0.0008333472224535399,0.5572119258662339,0.00016116035455278067
19832,16.526942115701928,0.5584206285253828,560,681,1241,0.0,0.0008333472224535399,0.5573730862207867,0.00016116035455278067
19833,16.52777546292438,0.5584206285253828,560,681,1241,0.0,0.0008333472224535399,0.5575342465753395,0.00016116035455278067
19834,16.528608810146835,0.5584206285253828,560,681,1241,0.0,0.0008333472224535399,0.5576954069298923,0.00016116035455278067
19835,16.52944215736929,0.5584206285253828,560,681,1241,0.0,0.0008333472224535399,0.5578565672844451,0.00016116035455278067
19836,16.530275504591742,0.5584206285253828,560,681,1241,0.0,0.0008333472224535399,0.5580177276389978,0.00016116035455278067
19837,16.5311088518142,0.5584206285253828,560,681,1241,0.0,0.0008333472224570926,0.5581788879935506,0.00016116035455278067
19838,16.531942199036653,0.5584206285253828,560,681,1241,0.0,0.0008333472224535399,0.5583400483481034,0.00016116035455278067
19839,16.532775546259106,0.5584206285253828,560,681,1241,0.0,0.0008333472224535399,0.5584206285253798,8.058017727639034e-05
19840,16.53360889348156,0.5584206285253828,560,681,1241,0.0,0.0008333472224535399,0.5584206285253798,0.0
19841,16.534442240704013,0.5584206285253828,560,681,1241,0.0,0.0008333472224535399,0.5584206285253798,0.0
19842,16.535275587926467,0.5592264302981467,560,681,1241,0.0008058017727639033,0.0008333472224535399,0.5585012087026561,8.058017727639034e-05
19843,16.53610893514892,0.5592264302981467,560,681,1241,0.0,0.0008333472224535399,0.5585817888799325,8.058017727639034e-05
19844,16.536942282371374,0.5592264302981467,560,681,1241,0.0,0.0008333472224535399,0.5586623690572088,8.058017727639034e-05
19845,16.537775629593828,0.5592264302981467,560,681,1241,0.0,0.0008333472224535399,0.5587429492344851,8.058017727639034e-05
19846,16.53860897681628,0.5592264302981467,560,681,1241,0.0,0.0008333472224535399,0.5588235294117615,8.058017727639034e-05
19847,16.539442324038735,0.5592264302981467,560,681,1241,0.0,0.0008333472224535399,0.5589041095890378,8.058017727639034e-05
19848,16.54027567126119,0.5584206285253828,560,681,1241,-0.0008058017727639033,0.0008333472224535399,0.5589041095890378,0.0
19849,16.541109018483642,0.5584206285253828,560,681,1241,0.0,0.0008333472224535399,0.5589041095890378,0.0
19850,16.541942365706095,0.5584206285253828,560,681,1241,0.0,0.0008333472224535399,0.5589041095890378,0.0
19851,16.54277571292855,0.5584206285253828,560,681,1241,0.0,0.0008333472224535399,0.5589041095890378,0.0
19852,16.543609060151002,0.5584206285253828,560,681,1241,0.0,0.0008333472224535399,0.5588235294117615,-8.058017727639034e-05
19853,16.544442407373456,0.5608380338436745,560,681,1241,0.00241740531829171,0.0008333472224535399,0.5589846897663143,0.00016116035455278067
19854,16.54527575459591,0.5616438356164384,560,681,1241,0.0008058017727639033,0.0008333472224535399,0.5592264302981436,0.00024174053182917098
19855,16.546109101818363,0.5624496373892023,560,681,1241,0.0008058017727639033,0.0008333472224535399,0.5595487510072491,0.00032232070910556134
19856,16.546942449040817,0.5624496373892023,560,681,1241,0.0,0.0008333472224535399,0.5598710717163546,0.00032232070910556134
19857,16.54777579626327,0.5624496373892023,560,681,1241,0.0,0.0008333472224535399,0.5601933924254603,0.00032232070910556134
19858,16.548609143485727,0.5624496373892023,560,681,1241,0.0,0.0008333472224570926,0.5605962933118421,0.00040290088638195165
19859,16.54944249070818,0.5624496373892023,560,681,1241,0.0,0.0008333472224535399,0.5609991941982241,0.00040290088638195165
19860,16.550275837930634,0.5624496373892023,560,681,1241,0.0,0.0008333472224535399,0.5614020950846059,0.00040290088638195165
19861,16.551109185153088,0.5624496373892023,560,681,1241,0.0,0.0008333472224535399,0.5618049959709879,0.00040290088638195165
19862,16.55194253237554,0.5616438356164384,560,681,1241,-0.0008058017727639033,0.0008333472224535399,0.5621273166800934,0.00032232070910556134
19863,16.552775879597995,0.5616438356164384,560,681,1241,0.0,0.0008333472224535399,0.5622078968573698,8.058017727639034e-05
19864,16.55360922682045,0.5616438356164384,560,681,1241,0.0,0.0008333472224535399,0.5622078968573698,0.0
19865,16.554442574042902,0.5616438356164384,560,681,1241,0.0,0.0008333472224535399,0.5621273166800934,-8.058017727639034e-05
19866,16.555275921265356,0.5616438356164384,560,681,1241,0.0,0.0008333472224535399,0.5620467365028171,-8.058017727639034e-05
19867,16.55610926848781,0.5608380338436745,560,681,1241,-0.0008058017727639033,0.0008333472224535399,0.5618855761482644,-0.00016116035455278067
19868,16.556942615710263,0.5608380338436745,560,681,1241,0.0,0.0008333472224535399,0.5617244157937117,-0.00016116035455278067
19869,16.557775962932716,0.5608380338436745,560,681,1241,0.0,0.0008333472224535399,0.561563255439159,-0.00016116035455278067
19870,16.55860931015517,0.5608380338436745,560,681,1241,0.0,0.0008333472224535399,0.5614020950846064,-0.00016116035455278067
19871,16.559442657377623,0.5608380338436745,560,681,1241,0.0,0.0008333472224535399,0.5612409347300537,-0.00016116035455278067
19872,16.560276004600077,0.5600322320709106,560,681,1241,-0.0008058017727639033,0.0008333472224535399,0.5610797743755008,-0.00016116035455278067
19873,16.56110935182253,0.5600322320709106,560,681,1241,0.0,0.0008333472224535399,0.5609186140209481,-0.00016116035455278067
19874,16.561942699044984,0.5600322320709106,560,681,1241,0.0,0.0008333472224535399,0.5607574536663953,-0.00016116035455278067
19875,16.562776046267437,0.5608380338436745,560,681,1241,0.0008058017727639033,0.0008333472224535399,0.5606768734891189,-8.058017727639034e-05
19876,16.56360939348989,0.5608380338436745,560,681,1241,0.0,0.0008333472224535399,0.5605962933118425,-8.058017727639034e-05
19877,16.564442740712344,0.5608380338436745,560,681,1241,0.0,0.0008333472224535399,0.5605962933118425,0.0
19878,16.565276087934798,0.5616438356164384,560,681,1241,0.0008058017727639033,0.0008333472224535399,0.5606768734891189,8.058017727639034e-05
19879,16.566109435157255,0.5616438356164384,560,681,1241,0.0,0.0008333472224570926,0.5607574536663952,8.058017727639034e-05
19880,16.56694278237971,0.5616438356164384,560,681,1241,0.0,0.0008333472224535399,0.5608380338436716,8.058017727639034e-05
19881,16.567776129602162,0.5616438356164384,560,681,1241,0.0,0.0008333472224535399,0.5609186140209479,8.058017727639034e-05
19882,16.568609476824616,0.5616438356164384,560,681,1241,0.0,0.0008333472224535399,0.5610797743755007,0.00016116035455278067
19883,16.56944282404707,0.5616438356164384,560,681,1241,0.0,0.0008333472224535399,0.5612409347300534,0.00016116035455278067
19884,16.570276171269523,0.5616438356164384,560,681,1241,0.0,0.0008333472224535399,0.5614020950846063,0.00016116035455278067
19885,16.571109518491976,0.5616438356164384,560,681,1241,0.0,0.0008333472224535399,0.5614826752618827,8.058017727639034e-05
19886,16.57194286571443,0.5616438356164384,560,681,1241,0.0,0.0008333472224535399,0.561563255439159,8.058017727639034e-05
19887,16.572776212936883,0.5616438356164384,560,681,1241,0.0,0.0008333472224535399,0.5616438356164354,8.058017727639034e-05
19888,16.573609560159337,0.5616438356164384,560,681,1241,0.0,0.0008333472224535399,0.5616438356164354,0.0
19889,16.57444290738179,0.5616438356164384,560,681,1241,0.0,0.0008333472224535399,0.5616438356164354,0.0
19890,16.575276254604244,0.5616438356164384,560,681,1241,0.0,0.0008333472224535399,0.5616438356164354,0.0
19891,16.576109601826698,0.5616438356164384,560,681,1241,0.0,0.0008333472224535399,0.5616438356164354,0.0
19892,16.57694294904915,0.5616438356164384,560,681,1241,0.0,0.0008333472224535399,0.5616438356164354,0.0
19893,16.577776296271605,0.5616438356164384,560,681,1241,0.0,0.0008333472224535399,0.5616438356164354,0.0
19894,16.578609643494058,0.5616438356164384,560,681,1241,0.0,0.0008333472224535399,0.5616438356164354,0.0
19895,16.57944299071651,0.5616438356164384,560,681,1241,0.0,0.0008333472224535399,0.5616438356164354,0.0
19896,16.580276337938965,0.5616438356164384,560,681,1241,0.0,0.0008333472224535399,0.5616438356164354,0.0
19897,16.58110968516142,0.5616438356164384,560,681,1241,0.0,0.0008333472224535399,0.5616438356164354,0.0
19898,16.581943032383872,0.5608380338436745,560,681,1241,-0.0008058017727639033,0.0008333472224535399,0.561563255439159,-8.058017727639034e-05
19899,16.582776379606326,0.5608380338436745,560,681,1241,0.0,0.0008333472224535399,0.5614826752618827,-8.058017727639034e-05
19900,16.58360972682878,0.5608380338436745,560,681,1241,0.0,0.0008333472224535399,0.5614020950846064,-8.058017727639034e-05
19901,16.584443074051237,0.5608380338436745,560,681,1241,0.0,0.0008333472224570926,0.56132151490733,-8.058017727639034e-05
19902,16.58527642127369,0.5608380338436745,560,681,1241,0.0,0.0008333472224535399,0.5612409347300537,-8.058017727639034e-05
19903,16.586109768496144,0.5600322320709106,560,681,1241,-0.0008058017727639033,0.0008333472224535399,0.5610797743755008,-0.00016116035455278067
19904,16.586943115718597,0.5600322320709106,560,681,1241,0.0,0.0008333472224535399,0.5609186140209481,-0.00016116035455278067
19905,16.58777646294105,0.5600322320709106,560,681,1241,0.0,0.0008333472224535399,0.5607574536663953,-0.00016116035455278067
19906,16.588609810163504,0.5600322320709106,560,681,1241,0.0,0.0008333472224535399,0.5605962933118425,-0.00016116035455278067
19907,16.589443157385958,0.5600322320709106,560,681,1241,0.0,0.0008333472224535399,0.5604351329572897,-0.00016116035455278067
19908,16.59027650460841,0.5600322320709106,560,681,1241,0.0,0.0008333472224535399,0.5603545527800133,-8.058017727639034e-05
19909,16.591109851830865,0.5592264302981467,560,681,1241,-0.0008058017727639033,0.0008333472224535399,0.5601933924254604,-0.00016116035455278067
19910,16.59194319905332,0.5584206285253828,560,681,1241,-0.0008058017727639033,0.0008333472224535399,0.5599516518936312,-0.00024174053182917098
19911,16.592776546275772,0.5584206285253828,560,681,1241,0.0,0.0008333472224535399,0.559709911361802,-0.00024174053182917098
19912,16.593609893498225,0.5584206285253828,560,681,1241,0.0,0.0008333472224535399,0.5594681708299728,-0.00024174053182917098
19913,16.59444324072068,0.5592264302981467,560,681,1241,0.0008058017727639033,0.0008333472224535399,0.5593875906526964,-8.058017727639034e-05
19914,16.595276587943133,0.5592264302981467,560,681,1241,0.0,0.0008333472224535399,0.55930701047542,-8.058017727639034e-05
19915,16.596109935165586,0.5592264302981467,560,681,1241,0.0,0.0008333472224535399,0.5592264302981437,-8.058017727639034e-05
19916,16.59694328238804,0.5592264302981467,560,681,1241,0.0,0.0008333472224535399,0.5591458501208673,-8.058017727639034e-05
19917,16.597776629610493,0.5592264302981467,560,681,1241,0.0,0.0008333472224535399,0.559065269943591,-8.058017727639034e-05
19918,16.598609976832947,0.5600322320709106,560,681,1241,0.0008058017727639033,0.0008333472224535399,0.559065269943591,0.0
19919,16.5994433240554,0.5600322320709106,560,681,1241,0.0,0.0008333472224535399,0.5591458501208674,8.058017727639034e-05
19920,16.600276671277854,0.5600322320709106,560,681,1241,0.0,0.0008333472224535399,0.5593070104754202,0.00016116035455278067
19921,16.601110018500307,0.5600322320709106,560,681,1241,0.0,0.0008333472224535399,0.5594681708299729,0.00016116035455278067
19922,16.601943365722764,0.5600322320709106,560,681,1241,0.0,0.0008333472224570926,0.5596293311845257,0.00016116035455278067
19923,16.602776712945218,0.5592264302981467,560,681,1241,-0.0008058017727639033,0.0008333472224535399,0.5596293311845258,0.0
19924,16.60361006016767,0.5592264302981467,560,681,1241,0.0,0.0008333472224535399,0.5596293311845258,0.0
19925,16.604443407390125,0.5592264302981467,560,681,1241,0.0,0.0008333472224535399,0.5596293311845258,0.0
19926,16.60527675461258,0.5592264302981467,560,681,1241,0.0,0.0008333472224535399,0.5596293311845258,0.0
19927,16.606110101835032,0.5592264302981467,560,681,1241,0.0,0.0008333472224535399,0.5596293311845258,0.0
19928,16.606943449057486,0.5592264302981467,560,681,1241,0.0,0.0008333472224535399,0.5595487510072494,-8.058017727639034e-05
19929,16.60777679627994,0.5592264302981467,560,681,1241,0.0,0.0008333472224535399,0.559468170829973,-8.058017727639034e-05
19930,16.608610143502393,0.5592264302981467,560,681,1241,0.0,0.0008333472224535399,0.5593875906526967,-8.058017727639034e-05
19931,16.609443490724846,0.5600322320709106,560,681,1241,0.0008058017727639033,0.0008333472224535399,0.5593875906526967,0.0
19932,16.6102768379473,0.5600322320709106,560,681,1241,0.0,0.0008333472224535399,0.5593875906526967,0.0
19933,16.611110185169753,0.5600322320709106,560,681,1241,0.0,0.0008333472224535399,0.5594681708299731,8.058017727639034e-05
19934,16.611943532392207,0.5600322320709106,560,681,1241,0.0,0.0008333472224535399,0.5595487510072494,8.058017727639034e-05
19935,16.61277687961466,0.5600322320709106,560,681,1241,0.0,0.0008333472224535399,0.5596293311845258,8.058017727639034e-05
19936,16.613610226837114,0.5592264302981467,560,681,1241,-0.0008058017727639033,0.0008333472224535399,0.5596293311845258,0.0
19937,16.614443574059568,0.5592264302981467,560,681,1241,0.0,0.0008333472224535399,0.5596293311845258,0.0
19938,16.61527692128202,0.5592264302981467,560,681,1241,0.0,0.0008333472224535399,0.5596293311845258,0.0
19939,16.616110268504475,0.5592264302981467,560,681,1241,0.0,0.0008333472224535399,0.5596293311845258,0.0
19940,16.616943615726928,0.5600322320709106,560,681,1241,0.0008058017727639033,0.0008333472224535399,0.5597099113618021,8.058017727639034e-05
19941,16.61777696294938,0.5600322320709106,560,681,1241,0.0,0.0008333472224535399,0.5597099113618021,0.0
19942,16.618610310171835,0.5600322320709106,560,681,1241,0.0,0.0008333472224535399,0.5597099113618021,0.0
19943,16.619443657394292,0.5600322320709106,560,681,1241,0.0,0.0008333472224570926,0.5597099113618021,0.0
19944,16.620277004616746,0.5592264302981467,560,681,1241,-0.0008058017727639033,0.0008333472224535399,0.5596293311845257,-8.058017727639034e-05
19945,16.6211103518392,0.5592264302981467,560,681,1241,0.0,0.0008333472224535399,0.5595487510072494,-8.058017727639034e-05
19946,16.621943699061653,0.5592264302981467,560,681,1241,0.0,0.0008333472224535399,0.5595487510072494,0.0
19947,16.622777046284106,0.5592264302981467,560,681,1241,0.0,0.0008333472224535399,0.5595487510072494,0.0
19948,16.62361039350656,0.5600322320709106,560,681,1241,0.0008058017727639033,0.0008333472224535399,0.5596293311845258,8.058017727639034e-05
19949,16.624443740729014,0.5592264302981467,560,681,1241,-0.0008058017727639033,0.0008333472224535399,0.5596293311845258,0.0
19950,16.625277087951467,0.5592264302981467,560,681,1241,0.0,0.0008333472224535399,0.5595487510072494,-8.058017727639034e-05
19951,16.62611043517392,0.5592264302981467,560,681,1241,0.0,0.0008333472224535399,0.559468170829973,-8.058017727639034e-05
19952,16.626943782396374,0.5592264302981467,560,681,1241,0.0,0.0008333472224535399,0.5593875906526967,-8.058017727639034e-05
19953,16.627777129618828,0.5592264302981467,560,681,1241,0.0,0.0008333472224535399,0.5593070104754203,-8.058017727639034e-05
19954,16.62861047684128,0.5584206285253828,560,681,1241,-0.0008058017727639033,0.0008333472224535399,0.5592264302981439,-8.058017727639034e-05
19955,16.629443824063735,0.5584206285253828,560,681,1241,0.0,0.0008333472224535399,0.5591458501208676,-8.058017727639034e-05
19956,16.63027717128619,0.5584206285253828,560,681,1241,0.0,0.0008333472224535399,0.5590652699435912,-8.058017727639034e-05
19957,16.631110518508642,0.5584206285253828,560,681,1241,0.0,0.0008333472224535399,0.5589846897663149,-8.058017727639034e-05
19958,16.631943865731095,0.5584206285253828,560,681,1241,0.0,0.0008333472224535399,0.558823529411762,-0.00016116035455278067
19959,16.63277721295355,0.5584206285253828,560,681,1241,0.0,0.0008333472224535399,0.5587429492344856,-8.058017727639034e-05
19960,16.633610560176002,0.5584206285253828,560,681,1241,0.0,0.0008333472224535399,0.5586623690572093,-8.058017727639034e-05
19961,16.634443907398456,0.5584206285253828,560,681,1241,0.0,0.0008333472224535399,0.5585817888799329,-8.058017727639034e-05
19962,16.63527725462091,0.5584206285253828,560,681,1241,0.0,0.0008333472224535399,0.5585012087026566,-8.058017727639034e-05
19963,16.636110601843363,0.5584206285253828,560,681,1241,0.0,0.0008333472224535399,0.5584206285253803,-8.058017727639034e-05
19964,16.63694394906582,0.5584206285253828,560,681,1241,0.0,0.0008333472224570926,0.5584206285253803,0.0
19965,16.637777296288274,0.5584206285253828,560,681,1241,0.0,0.0008333472224535399,0.5584206285253803,0.0
19966,16.638610643510727,0.5592264302981467,560,681,1241,0.0008058017727639033,0.0008333472224535399,0.5585012087026566,8.058017727639034e-05
19967,16.63944399073318,0.5584206285253828,560,681,1241,-0.0008058017727639033,0.0008333472224535399,0.5585012087026566,0.0
19968,16.640277337955634,0.5584206285253828,560,681,1241,0.0,0.0008333472224535399,0.5585012087026566,0.0
19969,16.641110685178088,0.5584206285253828,560,681,1241,0.0,0.0008333472224535399,0.5585012087026566,0.0
19970,16.64194403240054,0.5584206285253828,560,681,1241,0.0,0.0008333472224535399,0.5585012087026566,0.0
19971,16.642777379622995,0.5584206285253828,560,681,1241,0.0,0.0008333472224535399,0.5585012087026566,0.0
19972,16.64361072684545,0.5592264302981467,560,681,1241,0.0008058017727639033,0.0008333472224535399,0.5585817888799329,8.058017727639034e-05
19973,16.644444074067902,0.5592264302981467,560,681,1241,0.0,0.0008333472224535399,0.5586623690572093,8.058017727639034e-05
19974,16.645277421290356,0.5592264302981467,560,681,1241,0.0,0.0008333472224535399,0.5587429492344856,8.058017727639034e-05
19975,16.64611076851281,0.5592264302981467,560,681,1241,0.0,0.0008333472224535399,0.558823529411762,8.058017727639034e-05
19976,16.646944115735263,0.5592264302981467,560,681,1241,0.0,0.0008333472224535399,0.558823529411762,0.0
19977,16.647777462957716,0.5600322320709106,560,681,1241,0.0008058017727639033,0.0008333472224535399,0.5589846897663148,0.00016116035455278067
19978,16.64861081018017,0.5600322320709106,560,681,1241,0.0,0.0008333472224535399,0.5591458501208676,0.00016116035455278067
19979,16.649444157402623,0.5600322320709106,560,681,1241,0.0,0.0008333472224535399,0.5593070104754203,0.00016116035455278067
19980,16.650277504625077,0.5600322320709106,560,681,1241,0.0,0.0008333472224535399,0.5594681708299731,0.00016116035455278067
19981,16.65111085184753,0.5608380338436745,560,681,1241,0.0008058017727639033,0.0008333472224535399,0.5597099113618024,0.00024174053182917098
19982,16.651944199069984,0.5608380338436745,560,681,1241,0.0,0.0008333472224535399,0.5598710717163552,0.00016116035455278067
19983,16.652777546292437,0.5600322320709106,560,681,1241,-0.0008058017727639033,0.0008333472224535399,0.5599516518936316,8.058017727639034e-05
19984,16.65361089351489,0.5600322320709106,560,681,1241,0.0,0.0008333472224535399,0.5600322320709079,8.058017727639034e-05
19985,16.654444240737348,0.5600322320709106,560,681,1241,0.0,0.0008333472224570926,0.5601128122481842,8.058017727639034e-05
19986,16.6552775879598,0.5592264302981467,560,681,1241,-0.0008058017727639033,0.0008333472224535399,0.5601128122481842,0.0
19987,16.656110935182255,0.5592264302981467,560,681,1241,0.0,0.0008333472224535399,0.5600322320709078,-8.058017727639034e-05
19988,16.65694428240471,0.5592264302981467,560,681,1241,0.0,0.0008333472224535399,0.5599516518936315,-8.058017727639034e-05
19989,16.657777629627162,0.5592264302981467,560,681,1241,0.0,0.0008333472224535399,0.5598710717163551,-8.058017727639034e-05
19990,16.658610976849616,0.5592264302981467,560,681,1241,0.0,0.0008333472224535399,0.5597904915390788,-8.058017727639034e-05
19991,16.65944432407207,0.5592264302981467,560,681,1241,0.0,0.0008333472224535399,0.559629331184526,-0.00016116035455278067
19992,16.660277671294523,0.5592264302981467,560,681,1241,0.0,0.0008333472224535399,0.5594681708299731,-0.00016116035455278067
19993,16.661111018516976,0.5592264302981467,560,681,1241,0.0,0.0008333472224535399,0.5593875906526967,-8.058017727639034e-05
19994,16.66194436573943,0.5592264302981467,560,681,1241,0.0,0.0008333472224535399,0.5593070104754203,-8.058017727639034e-05
19995,16.662777712961883,0.5592264302981467,560,681,1241,0.0,0.0008333472224535399,0.559226430298144,-8.058017727639034e-05
19996,16.663611060184337,0.5592264302981467,560,681,1241,0.0,0.0008333472224535399,0.5592264302981441,0.0
19997,16.66444440740679,0.5592264302981467,560,681,1241,0.0,0.0008333472224535399,0.5592264302981441,0.0
19998,16.665277754629244,0.5592264302981467,560,681,1241,0.0,0.0008333472224535399,0.5592264302981441,0.0
19999,16.666111101851698,0.5592264302981467,560,681,1241,0.0,0.0008333472224535399,0.5592264302981441,0.0
20000,16.66694444907415,0.5592264302981467,560,681,1241,0.0,0.0008333472224535399,0.5592264302981441,0.0
20001,16.667777796296605,0.5584206285253828,560,681,1241,-0.0008058017727639033,0.0008333472224535399,0.5591458501208677,-8.058017727639034e-05
20002,16.66861114351906,0.5584206285253828,560,681,1241,0.0,0.0008333472224535399,0.5590652699435914,-8.058017727639034e-05
20003,16.669444490741512,0.5584206285253828,560,681,1241,0.0,0.0008333472224535399,0.5589846897663151,-8.058017727639034e-05
20004,16.670277837963965,0.5584206285253828,560,681,1241,0.0,0.0008333472224535399,0.5589041095890387,-8.058017727639034e-05
20005,16.67111118518642,0.5584206285253828,560,681,1241,0.0,0.0008333472224535399,0.5588235294117624,-8.058017727639034e-05
20006,16.671944532408872,0.5584206285253828,560,681,1241,0.0,0.0008333472224535399,0.558742949234486,-8.058017727639034e-05
20007,16.67277787963133,0.5584206285253828,560,681,1241,0.0,0.0008333472224570926,0.5586623690572097,-8.058017727639034e-05
20008,16.673611226853783,0.5584206285253828,560,681,1241,0.0,0.0008333472224535399,0.5585817888799334,-8.058017727639034e-05
20009,16.674444574076237,0.5584206285253828,560,681,1241,0.0,0.0008333472224535399,0.558501208702657,-8.058017727639034e-05
20010,16.67527792129869,0.5584206285253828,560,681,1241,0.0,0.0008333472224535399,0.5584206285253807,-8.058017727639034e-05
20011,16.676111268521144,0.5584206285253828,560,681,1241,0.0,0.0008333472224535399,0.5584206285253807,0.0
20012,16.676944615743597,0.5584206285253828,560,681,1241,0.0,0.0008333472224535399,0.5584206285253807,0.0
20013,16.67777796296605,0.5584206285253828,560,681,1241,0.0,0.0008333472224535399,0.5584206285253807,0.0
20014,16.678611310188504,0.5592264302981467,560,681,1241,0.0008058017727639033,0.0008333472224535399,0.558501208702657,8.058017727639034e-05
20015,16.679444657410958,0.5592264302981467,560,681,1241,0.0,0.0008333472224535399,0.5585817888799334,8.058017727639034e-05
20016,16.68027800463341,0.5584206285253828,560,681,1241,-0.0008058017727639033,0.0008333472224535399,0.5585817888799334,0.0
20017,16.681111351855865,0.5592264302981467,560,681,1241,0.0008058017727639033,0.0008333472224535399,0.5586623690572097,8.058017727639034e-05
20018,16.68194469907832,0.5592264302981467,560,681,1241,0.0,0.0008333472224535399,0.558742949234486,8.058017727639034e-05
20019,16.682778046300772,0.5592264302981467,560,681,1241,0.0,0.0008333472224535399,0.5588235294117624,8.058017727639034e-05
20020,16.683611393523226,0.5592264302981467,560,681,1241,0.0,0.0008333472224535399,0.5589041095890387,8.058017727639034e-05
20021,16.68444474074568,0.5592264302981467,560,681,1241,0.0,0.0008333472224535399,0.5589846897663151,8.058017727639034e-05
20022,16.685278087968133,0.5592264302981467,560,681,1241,0.0,0.0008333472224535399,0.5590652699435914,8.058017727639034e-05
20023,16.686111435190586,0.5592264302981467,560,681,1241,0.0,0.0008333472224535399,0.5591458501208677,8.058017727639034e-05
20024,16.68694478241304,0.5592264302981467,560,681,1241,0.0,0.0008333472224535399,0.5591458501208677,0.0
20025,16.687778129635493,0.5592264302981467,560,681,1241,0.0,0.0008333472224535399,0.5591458501208677,0.0
20026,16.688611476857947,0.5592264302981467,560,681,1241,0.0,0.0008333472224535399,0.5592264302981441,8.058017727639034e-05
20027,16.6894448240804,0.5592264302981467,560,681,1241,0.0,0.0008333472224535399,0.5592264302981441,0.0
20028,16.690278171302857,0.5592264302981467,560,681,1241,0.0,0.0008333472224570926,0.5592264302981441,0.0
20029,16.69111151852531,0.5592264302981467,560,681,1241,0.0,0.0008333472224535399,0.5592264302981441,0.0
20030,16.691944865747764,0.5592264302981467,560,681,1241,0.0,0.0008333472224535399,0.5592264302981441,0.0
20031,16.692778212970218,0.5592264302981467,560,681,1241,0.0,0.0008333472224535399,0.5592264302981441,0.0
20032,16.69361156019267,0.5592264302981467,560,681,1241,0.0,0.0008333472224535399,0.5592264302981441,0.0
20033,16.694444907415125,0.5592264302981467,560,681,1241,0.0,0.0008333472224535399,0.5592264302981441,0.0
20034,16.69527825463758,0.5576148267526189,560,681,1241,-0.0016116035455278066,0.0008333472224535399,0.5590652699435914,-0.00016116035455278067
20035,16.696111601860032,0.556809024979855,560,681,1241,-0.0008058017727639033,0.0008333472224535399,0.5588235294117622,-0.00024174053182917098
20036,16.696944949082486,0.556809024979855,560,681,1241,0.0,0.0008333472224535399,0.5585817888799329,-0.00024174053182917098
20037,16.69777829630494,0.556809024979855,560,681,1241,0.0,0.0008333472224535399,0.5583400483481038,-0.00024174053182917098
20038,16.698611643527393,0.556809024979855,560,681,1241,0.0,0.0008333472224535399,0.5580983078162746,-0.00024174053182917098
20039,16.699444990749846,0.556809024979855,560,681,1241,0.0,0.0008333472224535399,0.5578565672844453,-0.00024174053182917098
20040,16.7002783379723,0.556809024979855,560,681,1241,0.0,0.0008333472224535399,0.5576148267526161,-0.00024174053182917098
20041,16.701111685194753,0.5576148267526189,560,681,1241,0.0008058017727639033,0.0008333472224535399,0.5574536663980634,-0.00016116035455278067
20042,16.701945032417207,0.5576148267526189,560,681,1241,0.0,0.0008333472224535399,0.5572925060435108,-0.00016116035455278067
20043,16.70277837963966,0.556809024979855,560,681,1241,-0.0008058017727639033,0.0008333472224535399,0.5570507655116815,-0.00024174053182917098
20044,16.703611726862114,0.556809024979855,560,681,1241,0.0,0.0008333472224535399,0.5569701853344051,-8.058017727639034e-05
20045,16.704445074084568,0.556809024979855,560,681,1241,0.0,0.0008333472224535399,0.5569701853344051,0.0
20046,16.70527842130702,0.5576148267526189,560,681,1241,0.0008058017727639033,0.0008333472224535399,0.5570507655116816,8.058017727639034e-05
20047,16.706111768529475,0.5576148267526189,560,681,1241,0.0,0.0008333472224535399,0.557131345688958,8.058017727639034e-05
20048,16.706945115751928,0.5576148267526189,560,681,1241,0.0,0.0008333472224535399,0.5572119258662342,8.058017727639034e-05
20049,16.707778462974385,0.5584206285253828,560,681,1241,0.0008058017727639033,0.0008333472224570926,0.5573730862207871,0.00016116035455278067
20050,16.70861181019684,0.5584206285253828,560,681,1241,0.0,0.0008333472224535399,0.5575342465753399,0.00016116035455278067
20051,16.709445157419292,0.5576148267526189,560,681,1241,-0.0008058017727639033,0.0008333472224535399,0.5575342465753398,0.0
20052,16.710278504641746,0.556809024979855,560,681,1241,-0.0008058017727639033,0.0008333472224535399,0.5574536663980634,-8.058017727639034e-05
20053,16.7111118518642,0.556809024979855,560,681,1241,0.0,0.0008333472224535399,0.5574536663980634,0.0
20054,16.711945199086653,0.556809024979855,560,681,1241,0.0,0.0008333472224535399,0.5574536663980634,0.0
20055,16.712778546309107,0.5576148267526189,560,681,1241,0.0008058017727639033,0.0008333472224535399,0.5575342465753399,8.058017727639034e-05
20056,16.71361189353156,0.5584206285253828,560,681,1241,0.0008058017727639033,0.0008333472224535399,0.5576148267526163,8.058017727639034e-05
20057,16.714445240754014,0.5584206285253828,560,681,1241,0.0,0.0008333472224535399,0.5576954069298926,8.058017727639034e-05
20058,16.715278587976467,0.5584206285253828,560,681,1241,0.0,0.0008333472224535399,0.557775987107169,8.058017727639034e-05
20059,16.71611193519892,0.5592264302981467,560,681,1241,0.0008058017727639033,0.0008333472224535399,0.5578565672844453,8.058017727639034e-05
20060,16.716945282421374,0.5592264302981467,560,681,1241,0.0,0.0008333472224535399,0.5579371474617216,8.058017727639034e-05
20061,16.717778629643828,0.5592264302981467,560,681,1241,0.0,0.0008333472224535399,0.5580983078162743,0.00016116035455278067
20062,16.71861197686628,0.5600322320709106,560,681,1241,0.0008058017727639033,0.0008333472224535399,0.5584206285253799,0.00032232070910556134
20063,16.719445324088735,0.5608380338436745,560,681,1241,0.0008058017727639033,0.0008333472224535399,0.5588235294117619,0.00040290088638195165
20064,16.72027867131119,0.5608380338436745,560,681,1241,0.0,0.0008333472224535399,0.5592264302981438,0.00040290088638195165
20065,16.721112018533642,0.5616438356164384,560,681,1241,0.0008058017727639033,0.0008333472224535399,0.5596293311845258,0.00040290088638195165
20066,16.721945365756095,0.5624496373892023,560,681,1241,0.0008058017727639033,0.0008333472224535399,0.5600322320709077,0.00040290088638195165
20067,16.72277871297855,0.5624496373892023,560,681,1241,0.0,0.0008333472224535399,0.5604351329572896,0.00040290088638195165
20068,16.723612060201003,0.5624496373892023,560,681,1241,0.0,0.0008333472224535399,0.5608380338436716,0.00040290088638195165
20069,16.724445407423456,0.5624496373892023,560,681,1241,0.0,0.0008333472224535399,0.5611603545527771,0.00032232070910556134
20070,16.725278754645913,0.5624496373892023,560,681,1241,0.0,0.0008333472224570926,0.5614826752618827,0.00032232070910556134
20071,16.726112101868367,0.5624496373892023,560,681,1241,0.0,0.0008333472224535399,0.5618049959709882,0.00032232070910556134
20072,16.72694544909082,0.5624496373892023,560,681,1241,0.0,0.0008333472224535399,0.5620467365028173,0.00024174053182917098
20073,16.727778796313274,0.5624496373892023,560,681,1241,0.0,0.0008333472224535399,0.5622078968573702,0.00016116035455278067
20074,16.728612143535727,0.5624496373892023,560,681,1241,0.0,0.0008333472224535399,0.5623690572119229,0.00016116035455278067
20075,16.72944549075818,0.5624496373892023,560,681,1241,0.0,0.0008333472224535399,0.5624496373891992,8.058017727639034e-05
20076,16.730278837980634,0.5624496373892023,560,681,1241,0.0,0.0008333472224535399,0.5624496373891992,0.0
20077,16.731112185203088,0.5624496373892023,560,681,1241,0.0,0.0008333472224535399,0.5624496373891992,0.0
20078,16.73194553242554,0.5624496373892023,560,681,1241,0.0,0.0008333472224535399,0.5624496373891992,0.0
20079,16.732778879647995,0.5624496373892023,560,681,1241,0.0,0.0008333472224535399,0.5624496373891992,0.0
20080,16.73361222687045,0.5624496373892023,560,681,1241,0.0,0.0008333472224535399,0.5624496373891992,0.0
20081,16.734445574092902,0.5624496373892023,560,681,1241,0.0,0.0008333472224535399,0.5624496373891992,0.0
20082,16.735278921315356,0.5624496373892023,560,681,1241,0.0,0.0008333472224535399,0.5624496373891992,0.0
20083,16.73611226853781,0.5624496373892023,560,681,1241,0.0,0.0008333472224535399,0.5624496373891992,0.0
20084,16.736945615760263,0.5624496373892023,560,681,1241,0.0,0.0008333472224535399,0.5624496373891992,0.0
20085,16.737778962982716,0.5624496373892023,560,681,1241,0.0,0.0008333472224535399,0.5624496373891992,0.0
20086,16.73861231020517,0.5616438356164384,560,681,1241,-0.0008058017727639033,0.0008333472224535399,0.5623690572119229,-8.058017727639034e-05
20087,16.739445657427623,0.5616438356164384,560,681,1241,0.0,0.0008333472224535399,0.5622884770346465,-8.058017727639034e-05
20088,16.740279004650077,0.5616438356164384,560,681,1241,0.0,0.0008333472224535399,0.5622078968573702,-8.058017727639034e-05
20089,16.74111235187253,0.5616438356164384,560,681,1241,0.0,0.0008333472224535399,0.5621273166800937,-8.058017727639034e-05
20090,16.741945699094984,0.5616438356164384,560,681,1241,0.0,0.0008333472224535399,0.5620467365028174,-8.058017727639034e-05
20091,16.74277904631744,0.5624496373892023,560,681,1241,0.0008058017727639033,0.0008333472224570926,0.5620467365028174,0.0
20092,16.743612393539895,0.5624496373892023,560,681,1241,0.0,0.0008333472224535399,0.5620467365028174,0.0
20093,16.744445740762348,0.5624496373892023,560,681,1241,0.0,0.0008333472224535399,0.5620467365028174,0.0
20094,16.7452790879848,0.5624496373892023,560,681,1241,0.0,0.0008333472224535399,0.5620467365028174,0.0
20095,16.746112435207255,0.5616438356164384,560,681,1241,-0.0008058017727639033,0.0008333472224535399,0.5619661563255411,-8.058017727639034e-05
20096,16.74694578242971,0.5608380338436745,560,681,1241,-0.0008058017727639033,0.0008333472224535399,0.5618855761482647,-8.058017727639034e-05
20097,16.747779129652162,0.5608380338436745,560,681,1241,0.0,0.0008333472224535399,0.5618049959709884,-8.058017727639034e-05
20098,16.748612476874616,0.5608380338436745,560,681,1241,0.0,0.0008333472224535399,0.561724415793712,-8.058017727639034e-05
20099,16.74944582409707,0.5608380338436745,560,681,1241,0.0,0.0008333472224535399,0.5616438356164357,-8.058017727639034e-05
20100,16.750279171319523,0.5608380338436745,560,681,1241,0.0,0.0008333472224535399,0.5615632554391594,-8.058017727639034e-05
20101,16.751112518541976,0.5608380338436745,560,681,1241,0.0,0.0008333472224535399,0.5614020950846067,-0.00016116035455278067
20102,16.75194586576443,0.5600322320709106,560,681,1241,-0.0008058017727639033,0.0008333472224535399,0.5611603545527775,-0.00024174053182917098
20103,16.752779212986884,0.5600322320709106,560,681,1241,0.0,0.0008333472224535399,0.5609186140209482,-0.00024174053182917098
20104,16.753612560209337,0.5600322320709106,560,681,1241,0.0,0.0008333472224535399,0.560676873489119,-0.00024174053182917098
20105,16.75444590743179,0.5608380338436745,560,681,1241,0.0008058017727639033,0.0008333472224535399,0.5605962933118427,-8.058017727639034e-05
20106,16.755279254654244,0.5608380338436745,560,681,1241,0.0,0.0008333472224535399,0.5605962933118427,0.0
20107,16.756112601876698,0.5608380338436745,560,681,1241,0.0,0.0008333472224535399,0.5605962933118427,0.0
20108,16.75694594909915,0.5616438356164384,560,681,1241,0.0008058017727639033,0.0008333472224535399,0.560676873489119,8.058017727639034e-05
20109,16.757779296321605,0.5616438356164384,560,681,1241,0.0,0.0008333472224535399,0.5607574536663954,8.058017727639034e-05
20110,16.75861264354406,0.5616438356164384,560,681,1241,0.0,0.0008333472224535399,0.5608380338436717,8.058017727639034e-05
20111,16.759445990766512,0.5616438356164384,560,681,1241,0.0,0.0008333472224535399,0.5609186140209481,8.058017727639034e-05
20112,16.76027933798897,0.5616438356164384,560,681,1241,0.0,0.0008333472224570926,0.5610797743755008,0.00016116035455278067
20113,16.761112685211423,0.5616438356164384,560,681,1241,0.0,0.0008333472224535399,0.5612409347300537,0.00016116035455278067
20114,16.761946032433876,0.5608380338436745,560,681,1241,-0.0008058017727639033,0.0008333472224535399,0.5613215149073301,8.058017727639034e-05
20115,16.76277937965633,0.5608380338436745,560,681,1241,0.0,0.0008333472224535399,0.56132151490733,0.0
20116,16.763612726878783,0.5608380338436745,560,681,1241,0.0,0.0008333472224535399,0.56132151490733,0.0
20117,16.764446074101237,0.5608380338436745,560,681,1241,0.0,0.0008333472224535399,0.56132151490733,0.0
20118,16.76527942132369,0.5608380338436745,560,681,1241,0.0,0.0008333472224535399,0.5612409347300537,-8.058017727639034e-05
20119,16.766112768546144,0.5608380338436745,560,681,1241,0.0,0.0008333472224535399,0.5611603545527772,-8.058017727639034e-05
20120,16.766946115768597,0.5608380338436745,560,681,1241,0.0,0.0008333472224535399,0.5610797743755009,-8.058017727639034e-05
20121,16.76777946299105,0.5592264302981467,560,681,1241,-0.0016116035455278066,0.0008333472224535399,0.5608380338436717,-0.00024174053182917098
20122,16.768612810213504,0.5584206285253828,560,681,1241,-0.0008058017727639033,0.0008333472224535399,0.5605157131345662,-0.00032232070910556134
20123,16.769446157435958,0.5584206285253828,560,681,1241,0.0,0.0008333472224535399,0.5601933924254606,-0.00032232070910556134
20124,16.77027950465841,0.5584206285253828,560,681,1241,0.0,0.0008333472224535399,0.5599516518936314,-0.00024174053182917098
20125,16.771112851880865,0.5584206285253828,560,681,1241,0.0,0.0008333472224535399,0.5597099113618021,-0.00024174053182917098
20126,16.77194619910332,0.5584206285253828,560,681,1241,0.0,0.0008333472224535399,0.5594681708299729,-0.00024174053182917098
20127,16.772779546325772,0.5592264302981467,560,681,1241,0.0008058017727639033,0.0008333472224535399,0.5593070104754201,-0.00016116035455278067
20128,16.773612893548226,0.5600322320709106,560,681,1241,0.0008058017727639033,0.0008333472224535399,0.5592264302981438,-8.058017727639034e-05
20129,16.77444624077068,0.5600322320709106,560,681,1241,0.0,0.0008333472224535399,0.5591458501208674,-8.058017727639034e-05
20130,16.775279587993133,0.5600322320709106,560,681,1241,0.0,0.0008333472224535399,0.5590652699435911,-8.058017727639034e-05
20131,16.776112935215586,0.5600322320709106,560,681,1241,0.0,0.0008333472224535399,0.5591458501208674,8.058017727639034e-05
20132,16.77694628243804,0.5600322320709106,560,681,1241,0.0,0.0008333472224535399,0.5593070104754202,0.00016116035455278067
20133,16.777779629660493,0.5592264302981467,560,681,1241,-0.0008058017727639033,0.0008333472224535399,0.5593875906526966,8.058017727639034e-05
20134,16.77861297688295,0.5592264302981467,560,681,1241,0.0,0.0008333472224570926,0.5594681708299729,8.058017727639034e-05
20135,16.779446324105404,0.5592264302981467,560,681,1241,0.0,0.0008333472224535399,0.5595487510072493,8.058017727639034e-05
20136,16.780279671327857,0.5592264302981467,560,681,1241,0.0,0.0008333472224535399,0.5596293311845256,8.058017727639034e-05
20137,16.78111301855031,0.5592264302981467,560,681,1241,0.0,0.0008333472224535399,0.5596293311845256,0.0
20138,16.781946365772765,0.5592264302981467,560,681,1241,0.0,0.0008333472224535399,0.5595487510072492,-8.058017727639034e-05
20139,16.782779712995218,0.5592264302981467,560,681,1241,0.0,0.0008333472224535399,0.5594681708299729,-8.058017727639034e-05
20140,16.78361306021767,0.5592264302981467,560,681,1241,0.0,0.0008333472224535399,0.5593875906526965,-8.058017727639034e-05
20141,16.784446407440125,0.5592264302981467,560,681,1241,0.0,0.0008333472224535399,0.5593070104754202,-8.058017727639034e-05
20142,16.78527975466258,0.5592264302981467,560,681,1241,0.0,0.0008333472224535399,0.5592264302981438,-8.058017727639034e-05
20143,16.786113101885032,0.5592264302981467,560,681,1241,0.0,0.0008333472224535399,0.5592264302981439,0.0
20144,16.786946449107486,0.5584206285253828,560,681,1241,-0.0008058017727639033,0.0008333472224535399,0.5591458501208676,-8.058017727639034e-05
20145,16.78777979632994,0.5584206285253828,560,681,1241,0.0,0.0008333472224535399,0.5590652699435912,-8.058017727639034e-05
20146,16.788613143552393,0.5584206285253828,560,681,1241,0.0,0.0008333472224535399,0.5589846897663149,-8.058017727639034e-05
20147,16.789446490774846,0.5584206285253828,560,681,1241,0.0,0.0008333472224535399,0.5589041095890386,-8.058017727639034e-05
20148,16.7902798379973,0.5576148267526189,560,681,1241,-0.0008058017727639033,0.0008333472224535399,0.5587429492344859,-0.00016116035455278067
20149,16.791113185219753,0.5576148267526189,560,681,1241,0.0,0.0008333472224535399,0.5585817888799331,-0.00016116035455278067
20150,16.791946532442207,0.5576148267526189,560,681,1241,0.0,0.0008333472224535399,0.5584206285253804,-0.00016116035455278067
20151,16.79277987966466,0.556809024979855,560,681,1241,-0.0008058017727639033,0.0008333472224535399,0.5581788879935512,-0.00024174053182917098
20152,16.793613226887114,0.5560032232070911,560,681,1241,-0.0008058017727639033,0.0008333472224535399,0.5578565672844457,-0.00032232070910556134
20153,16.794446574109568,0.5560032232070911,560,681,1241,0.0,0.0008333472224535399,0.5575342465753401,-0.00032232070910556134
20154,16.79527992133202,0.556809024979855,560,681,1241,0.0008058017727639033,0.0008333472224535399,0.5573730862207873,-0.00016116035455278067
20155,16.79611326855448,0.556809024979855,560,681,1241,0.0,0.0008333472224570926,0.5572119258662346,-0.00016116035455278067
20156,16.796946615776932,0.556809024979855,560,681,1241,0.0,0.0008333472224535399,0.5570507655116818,-0.00016116035455278067
20157,16.797779962999385,0.556809024979855,560,681,1241,0.0,0.0008333472224535399,0.556889605157129,-0.00016116035455278067
20158,16.79861331022184,0.556809024979855,560,681,1241,0.0,0.0008333472224535399,0.5568090249798526,-8.058017727639034e-05
20159,16.799446657444292,0.556809024979855,560,681,1241,0.0,0.0008333472224535399,0.5567284448025763,-8.058017727639034e-05
20160,16.800280004666746,0.556809024979855,560,681,1241,0.0,0.0008333472224535399,0.5566478646252999,-8.058017727639034e-05
20161,16.8011133518892,0.556809024979855,560,681,1241,0.0,0.0008333472224535399,0.5566478646252999,0.0
20162,16.801946699111653,0.556809024979855,560,681,1241,0.0,0.0008333472224535399,0.5567284448025763,8.058017727639034e-05
20163,16.802780046334107,0.556809024979855,560,681,1241,0.0,0.0008333472224535399,0.5568090249798526,8.058017727639034e-05
20164,16.80361339355656,0.556809024979855,560,681,1241,0.0,0.0008333472224535399,0.5568090249798526,0.0
20165,16.804446740779014,0.556809024979855,560,681,1241,0.0,0.0008333472224535399,0.5568090249798526,0.0
20166,16.805280088001467,0.556809024979855,560,681,1241,0.0,0.0008333472224535399,0.5568090249798526,0.0
20167,16.80611343522392,0.5560032232070911,560,681,1241,-0.0008058017727639033,0.0008333472224535399,0.5567284448025762,-8.058017727639034e-05
20168,16.806946782446374,0.5560032232070911,560,681,1241,0.0,0.0008333472224535399,0.5566478646252999,-8.058017727639034e-05
20169,16.807780129668828,0.5560032232070911,560,681,1241,0.0,0.0008333472224535399,0.5565672844480235,-8.058017727639034e-05
20170,16.80861347689128,0.556809024979855,560,681,1241,0.0008058017727639033,0.0008333472224535399,0.5565672844480235,0.0
20171,16.809446824113735,0.5576148267526189,560,681,1241,0.0008058017727639033,0.0008333472224535399,0.5566478646252999,8.058017727639034e-05
20172,16.81028017133619,0.5576148267526189,560,681,1241,0.0,0.0008333472224535399,0.5567284448025762,8.058017727639034e-05
20173,16.811113518558642,0.5576148267526189,560,681,1241,0.0,0.0008333472224535399,0.5568090249798525,8.058017727639034e-05
20174,16.811946865781096,0.5576148267526189,560,681,1241,0.0,0.0008333472224535399,0.5568896051571289,8.058017727639034e-05
20175,16.81278021300355,0.5584206285253828,560,681,1241,0.0008058017727639033,0.0008333472224535399,0.5570507655116816,0.00016116035455278067
20176,16.813613560226006,0.5584206285253828,560,681,1241,0.0,0.0008333472224570926,0.5572119258662345,0.00016116035455278067
20177,16.81444690744846,0.5584206285253828,560,681,1241,0.0,0.0008333472224535399,0.5574536663980636,0.00024174053182917098
20178,16.815280254670913,0.5584206285253828,560,681,1241,0.0,0.0008333472224535399,0.5576954069298928,0.00024174053182917098
20179,16.816113601893367,0.5592264302981467,560,681,1241,0.0008058017727639033,0.0008333472224535399,0.5580177276389984,0.00032232070910556134
20180,16.81694694911582,0.5592264302981467,560,681,1241,0.0,0.0008333472224535399,0.5582594681708275,0.00024174053182917098
20181,16.817780296338274,0.5592264302981467,560,681,1241,0.0,0.0008333472224535399,0.5584206285253803,0.00016116035455278067
20182,16.818613643560727,0.5592264302981467,560,681,1241,0.0,0.0008333472224535399,0.5585817888799329,0.00016116035455278067
20183,16.81944699078318,0.5592264302981467,560,681,1241,0.0,0.0008333472224535399,0.5587429492344856,0.00016116035455278067
20184,16.820280338005634,0.5592264302981467,560,681,1241,0.0,0.0008333472224535399,0.5589041095890384,0.00016116035455278067
20185,16.821113685228088,0.5584206285253828,560,681,1241,-0.0008058017727639033,0.0008333472224535399,0.5589041095890384,0.0
20186,16.82194703245054,0.5584206285253828,560,681,1241,0.0,0.0008333472224535399,0.5589041095890384,0.0
20187,16.822780379672995,0.5576148267526189,560,681,1241,-0.0008058017727639033,0.0008333472224535399,0.558823529411762,-8.058017727639034e-05
20188,16.82361372689545,0.5576148267526189,560,681,1241,0.0,0.0008333472224535399,0.5587429492344856,-8.058017727639034e-05
20189,16.824447074117902,0.5576148267526189,560,681,1241,0.0,0.0008333472224535399,0.5585817888799329,-0.00016116035455278067
20190,16.825280421340356,0.5576148267526189,560,681,1241,0.0,0.0008333472224535399,0.5584206285253803,-0.00016116035455278067
20191,16.82611376856281,0.5576148267526189,560,681,1241,0.0,0.0008333472224535399,0.5582594681708276,-0.00016116035455278067
20192,16.826947115785263,0.5584206285253828,560,681,1241,0.0008058017727639033,0.0008333472224535399,0.5581788879935512,-8.058017727639034e-05
20193,16.827780463007716,0.5584206285253828,560,681,1241,0.0,0.0008333472224535399,0.5580983078162749,-8.058017727639034e-05
20194,16.82861381023017,0.5584206285253828,560,681,1241,0.0,0.0008333472224535399,0.5580177276389986,-8.058017727639034e-05
20195,16.829447157452623,0.5584206285253828,560,681,1241,0.0,0.0008333472224535399,0.5580177276389986,0.0
20196,16.830280504675077,0.5584206285253828,560,681,1241,0.0,0.0008333472224535399,0.5580177276389986,0.0
20197,16.831113851897534,0.5584206285253828,560,681,1241,0.0,0.0008333472224570926,0.5580983078162749,8.058017727639034e-05
20198,16.831947199119988,0.5584206285253828,560,681,1241,0.0,0.0008333472224535399,0.5581788879935512,8.058017727639034e-05
20199,16.83278054634244,0.5584206285253828,560,681,1241,0.0,0.0008333472224535399,0.5582594681708276,8.058017727639034e-05
20200,16.833613893564895,0.5592264302981467,560,681,1241,0.0008058017727639033,0.0008333472224535399,0.5584206285253803,0.00016116035455278067
20201,16.834447240787348,0.5592264302981467,560,681,1241,0.0,0.0008333472224535399,0.5585817888799329,0.00016116035455278067
20202,16.8352805880098,0.5592264302981467,560,681,1241,0.0,0.0008333472224535399,0.5586623690572093,8.058017727639034e-05
20203,16.836113935232255,0.5584206285253828,560,681,1241,-0.0008058017727639033,0.0008333472224535399,0.5586623690572093,0.0
20204,16.83694728245471,0.5576148267526189,560,681,1241,-0.0008058017727639033,0.0008333472224535399,0.5585817888799329,-8.058017727639034e-05
20205,16.837780629677162,0.5576148267526189,560,681,1241,0.0,0.0008333472224535399,0.5585012087026566,-8.058017727639034e-05
20206,16.838613976899616,0.5576148267526189,560,681,1241,0.0,0.0008333472224535399,0.5584206285253803,-8.058017727639034e-05
20207,16.83944732412207,0.5576148267526189,560,681,1241,0.0,0.0008333472224535399,0.5583400483481039,-8.058017727639034e-05
20208,16.840280671344523,0.5576148267526189,560,681,1241,0.0,0.0008333472224535399,0.5582594681708276,-8.058017727639034e-05
20209,16.841114018566977,0.5576148267526189,560,681,1241,0.0,0.0008333472224535399,0.5581788879935512,-8.058017727639034e-05
20210,16.84194736578943,0.5576148267526189,560,681,1241,0.0,0.0008333472224535399,0.5580177276389986,-0.00016116035455278067
20211,16.842780713011884,0.5576148267526189,560,681,1241,0.0,0.0008333472224535399,0.5578565672844459,-0.00016116035455278067
20212,16.843614060234337,0.5576148267526189,560,681,1241,0.0,0.0008333472224535399,0.5576954069298932,-0.00016116035455278067
20213,16.84444740745679,0.5576148267526189,560,681,1241,0.0,0.0008333472224535399,0.5576148267526169,-8.058017727639034e-05
20214,16.845280754679244,0.5576148267526189,560,681,1241,0.0,0.0008333472224535399,0.5576148267526169,0.0
20215,16.846114101901698,0.556809024979855,560,681,1241,-0.0008058017727639033,0.0008333472224535399,0.5575342465753405,-8.058017727639034e-05
20216,16.84694744912415,0.556809024979855,560,681,1241,0.0,0.0008333472224535399,0.5574536663980642,-8.058017727639034e-05
20217,16.847780796346605,0.5560032232070911,560,681,1241,-0.0008058017727639033,0.0008333472224535399,0.5572925060435112,-0.00016116035455278067
20218,16.848614143569062,0.5560032232070911,560,681,1241,0.0,0.0008333472224570926,0.5571313456889584,-0.00016116035455278067
20219,16.849447490791515,0.5560032232070911,560,681,1241,0.0,0.0008333472224535399,0.5569701853344056,-0.00016116035455278067
20220,16.85028083801397,0.5551974214343272,560,681,1241,-0.0008058017727639033,0.0008333472224535399,0.5567284448025763,-0.00024174053182917098
20221,16.851114185236423,0.5551974214343272,560,681,1241,0.0,0.0008333472224535399,0.5564867042707471,-0.00024174053182917098
20222,16.851947532458876,0.5551974214343272,560,681,1241,0.0,0.0008333472224535399,0.5562449637389179,-0.00024174053182917098
20223,16.85278087968133,0.5551974214343272,560,681,1241,0.0,0.0008333472224535399,0.5560032232070886,-0.00024174053182917098
20224,16.853614226903783,0.5560032232070911,560,681,1241,0.0008058017727639033,0.0008333472224535399,0.5558420628525358,-0.00016116035455278067
20225,16.854447574126237,0.5560032232070911,560,681,1241,0.0,0.0008333472224535399,0.5557614826752594,-8.058017727639034e-05
20226,16.85528092134869,0.5560032232070911,560,681,1241,0.0,0.0008333472224535399,0.555680902497983,-8.058017727639034e-05
20227,16.856114268571144,0.5560032232070911,560,681,1241,0.0,0.0008333472224535399,0.5556809024979831,0.0
20228,16.856947615793597,0.5560032232070911,560,681,1241,0.0,0.0008333472224535399,0.5556809024979831,0.0
20229,16.85778096301605,0.5560032232070911,560,681,1241,0.0,0.0008333472224535399,0.5556809024979831,0.0
20230,16.858614310238504,0.5560032232070911,560,681,1241,0.0,0.0008333472224535399,0.5557614826752595,8.058017727639034e-05
20231,16.859447657460958,0.5560032232070911,560,681,1241,0.0,0.0008333472224535399,0.5558420628525358,8.058017727639034e-05
20232,16.86028100468341,0.5560032232070911,560,681,1241,0.0,0.0008333472224535399,0.5559226430298121,8.058017727639034e-05
20233,16.861114351905865,0.5560032232070911,560,681,1241,0.0,0.0008333472224535399,0.5560032232070885,8.058017727639034e-05
20234,16.86194769912832,0.5560032232070911,560,681,1241,0.0,0.0008333472224535399,0.5560032232070885,0.0
20235,16.862781046350772,0.5560032232070911,560,681,1241,0.0,0.0008333472224535399,0.5560032232070885,0.0
20236,16.863614393573226,0.5560032232070911,560,681,1241,0.0,0.0008333472224535399,0.5560032232070885,0.0
20237,16.86444774079568,0.5560032232070911,560,681,1241,0.0,0.0008333472224535399,0.5560032232070885,0.0
20238,16.865281088018133,0.5560032232070911,560,681,1241,0.0,0.0008333472224535399,0.5560032232070885,0.0
20239,16.866114435240586,0.5560032232070911,560,681,1241,0.0,0.0008333472224535399,0.5560032232070885,0.0
20240,16.866947782463043,0.5560032232070911,560,681,1241,0.0,0.0008333472224570926,0.5560032232070885,0.0
20241,16.867781129685497,0.5560032232070911,560,681,1241,0.0,0.0008333472224535399,0.5560032232070885,0.0
20242,16.86861447690795,0.556809024979855,560,681,1241,0.0008058017727639033,0.0008333472224535399,0.5560838033843648,8.058017727639034e-05
20243,16.869447824130404,0.556809024979855,560,681,1241,0.0,0.0008333472224535399,0.5561643835616412,8.058017727639034e-05
20244,16.870281171352858,0.556809024979855,560,681,1241,0.0,0.0008333472224535399,0.5562449637389175,8.058017727639034e-05
20245,16.87111451857531,0.556809024979855,560,681,1241,0.0,0.0008333472224535399,0.5563255439161938,8.058017727639034e-05
20246,16.871947865797765,0.556809024979855,560,681,1241,0.0,0.0008333472224535399,0.5564061240934702,8.058017727639034e-05
20247,16.872781213020218,0.556809024979855,560,681,1241,0.0,0.0008333472224535399,0.5564867042707465,8.058017727639034e-05
20248,16.87361456024267,0.556809024979855,560,681,1241,0.0,0.0008333472224535399,0.556567284448023,8.058017727639034e-05
20249,16.874447907465125,0.556809024979855,560,681,1241,0.0,0.0008333472224535399,0.5566478646252992,8.058017727639034e-05
20250,16.87528125468758,0.556809024979855,560,681,1241,0.0,0.0008333472224535399,0.5567284448025756,8.058017727639034e-05
20251,16.876114601910032,0.556809024979855,560,681,1241,0.0,0.0008333472224535399,0.556809024979852,8.058017727639034e-05
20252,16.876947949132486,0.556809024979855,560,681,1241,0.0,0.0008333472224535399,0.556809024979852,0.0
20253,16.87778129635494,0.556809024979855,560,681,1241,0.0,0.0008333472224535399,0.556809024979852,0.0
20254,16.878614643577393,0.556809024979855,560,681,1241,0.0,0.0008333472224535399,0.556809024979852,0.0
20255,16.879447990799846,0.556809024979855,560,681,1241,0.0,0.0008333472224535399,0.556809024979852,0.0
20256,16.8802813380223,0.556809024979855,560,681,1241,0.0,0.0008333472224535399,0.556809024979852,0.0
20257,16.881114685244754,0.5576148267526189,560,681,1241,0.0008058017727639033,0.0008333472224535399,0.5568896051571284,8.058017727639034e-05
20258,16.881948032467207,0.5576148267526189,560,681,1241,0.0,0.0008333472224535399,0.5569701853344047,8.058017727639034e-05
20259,16.88278137968966,0.5576148267526189,560,681,1241,0.0,0.0008333472224535399,0.5570507655116811,8.058017727639034e-05
20260,16.883614726912114,0.5576148267526189,560,681,1241,0.0,0.0008333472224535399,0.5571313456889574,8.058017727639034e-05
20261,16.88444807413457,0.5584206285253828,560,681,1241,0.0008058017727639033,0.0008333472224570926,0.5572925060435102,0.00016116035455278067
20262,16.885281421357025,0.5584206285253828,560,681,1241,0.0,0.0008333472224535399,0.5574536663980629,0.00016116035455278067
20263,16.88611476857948,0.5584206285253828,560,681,1241,0.0,0.0008333472224535399,0.5576148267526158,0.00016116035455278067
20264,16.886948115801932,0.5584206285253828,560,681,1241,0.0,0.0008333472224535399,0.5577759871071686,0.00016116035455278067
20265,16.887781463024385,0.5584206285253828,560,681,1241,0.0,0.0008333472224535399,0.5579371474617213,0.00016116035455278067
20266,16.88861481024684,0.5584206285253828,560,681,1241,0.0,0.0008333472224535399,0.5580983078162741,0.00016116035455278067
20267,16.889448157469293,0.5592264302981467,560,681,1241,0.0008058017727639033,0.0008333472224535399,0.5582594681708268,0.00016116035455278067
20268,16.890281504691746,0.5592264302981467,560,681,1241,0.0,0.0008333472224535399,0.5584206285253795,0.00016116035455278067
20269,16.8911148519142,0.5592264302981467,560,681,1241,0.0,0.0008333472224535399,0.5585817888799323,0.00016116035455278067
20270,16.891948199136653,0.5584206285253828,560,681,1241,-0.0008058017727639033,0.0008333472224535399,0.5586623690572086,8.058017727639034e-05
20271,16.892781546359107,0.5592264302981467,560,681,1241,0.0008058017727639033,0.0008333472224535399,0.558742949234485,8.058017727639034e-05
20272,16.89361489358156,0.5584206285253828,560,681,1241,-0.0008058017727639033,0.0008333472224535399,0.558742949234485,0.0
20273,16.894448240804014,0.5584206285253828,560,681,1241,0.0,0.0008333472224535399,0.558742949234485,0.0
20274,16.895281588026467,0.5584206285253828,560,681,1241,0.0,0.0008333472224535399,0.558742949234485,0.0
20275,16.89611493524892,0.5584206285253828,560,681,1241,0.0,0.0008333472224535399,0.558742949234485,0.0
20276,16.896948282471374,0.5584206285253828,560,681,1241,0.0,0.0008333472224535399,0.558742949234485,0.0
20277,16.897781629693828,0.5584206285253828,560,681,1241,0.0,0.0008333472224535399,0.5586623690572086,-8.058017727639034e-05
20278,16.89861497691628,0.5584206285253828,560,681,1241,0.0,0.0008333472224535399,0.5585817888799323,-8.058017727639034e-05
20279,16.899448324138735,0.5576148267526189,560,681,1241,-0.0008058017727639033,0.0008333472224535399,0.5584206285253795,-0.00016116035455278067
20280,16.90028167136119,0.5576148267526189,560,681,1241,0.0,0.0008333472224535399,0.5583400483481032,-8.058017727639034e-05
20281,16.901115018583642,0.5576148267526189,560,681,1241,0.0,0.0008333472224535399,0.5581788879935505,-0.00016116035455278067
20282,16.9019483658061,0.5584206285253828,560,681,1241,0.0008058017727639033,0.0008333472224570926,0.5581788879935505,0.0
20283,16.902781713028553,0.5584206285253828,560,681,1241,0.0,0.0008333472224535399,0.5581788879935505,0.0
20284,16.903615060251006,0.5576148267526189,560,681,1241,-0.0008058017727639033,0.0008333472224535399,0.5580983078162742,-8.058017727639034e-05
20285,16.90444840747346,0.5576148267526189,560,681,1241,0.0,0.0008333472224535399,0.5580177276389978,-8.058017727639034e-05
20286,16.905281754695913,0.5576148267526189,560,681,1241,0.0,0.0008333472224535399,0.5579371474617215,-8.058017727639034e-05
20287,16.906115101918367,0.5576148267526189,560,681,1241,0.0,0.0008333472224535399,0.5578565672844451,-8.058017727639034e-05
20288,16.90694844914082,0.5576148267526189,560,681,1241,0.0,0.0008333472224535399,0.5577759871071688,-8.058017727639034e-05
20289,16.907781796363274,0.5576148267526189,560,681,1241,0.0,0.0008333472224535399,0.5577759871071688,0.0
20290,16.908615143585727,0.5584206285253828,560,681,1241,0.0008058017727639033,0.0008333472224535399,0.5578565672844451,8.058017727639034e-05
20291,16.90944849080818,0.5584206285253828,560,681,1241,0.0,0.0008333472224535399,0.5579371474617215,8.058017727639034e-05
20292,16.910281838030635,0.5584206285253828,560,681,1241,0.0,0.0008333472224535399,0.5579371474617215,0.0
20293,16.911115185253088,0.5584206285253828,560,681,1241,0.0,0.0008333472224535399,0.5579371474617215,0.0
20294,16.91194853247554,0.5584206285253828,560,681,1241,0.0,0.0008333472224535399,0.5580177276389978,8.058017727639034e-05
20295,16.912781879697995,0.5584206285253828,560,681,1241,0.0,0.0008333472224535399,0.5580983078162742,8.058017727639034e-05
20296,16.91361522692045,0.5584206285253828,560,681,1241,0.0,0.0008333472224535399,0.5581788879935505,8.058017727639034e-05
20297,16.914448574142902,0.5584206285253828,560,681,1241,0.0,0.0008333472224535399,0.5582594681708268,8.058017727639034e-05
20298,16.915281921365356,0.5584206285253828,560,681,1241,0.0,0.0008333472224535399,0.5583400483481032,8.058017727639034e-05
20299,16.91611526858781,0.5584206285253828,560,681,1241,0.0,0.0008333472224535399,0.5584206285253795,8.058017727639034e-05
20300,16.916948615810263,0.5584206285253828,560,681,1241,0.0,0.0008333472224535399,0.5584206285253795,0.0
20301,16.917781963032716,0.5584206285253828,560,681,1241,0.0,0.0008333472224535399,0.5584206285253795,0.0
20302,16.91861531025517,0.5584206285253828,560,681,1241,0.0,0.0008333472224535399,0.5584206285253795,0.0
20303,16.919448657477627,0.5584206285253828,560,681,1241,0.0,0.0008333472224570926,0.5584206285253795,0.0
20304,16.92028200470008,0.5584206285253828,560,681,1241,0.0,0.0008333472224535399,0.5584206285253795,0.0
20305,16.921115351922534,0.5592264302981467,560,681,1241,0.0008058017727639033,0.0008333472224535399,0.558501208702656,8.058017727639034e-05
20306,16.921948699144988,0.5600322320709106,560,681,1241,0.0008058017727639033,0.0008333472224535399,0.5586623690572087,0.00016116035455278067
20307,16.92278204636744,0.5600322320709106,560,681,1241,0.0,0.0008333472224535399,0.5588235294117615,0.00016116035455278067
20308,16.923615393589895,0.5600322320709106,560,681,1241,0.0,0.0008333472224535399,0.5589846897663142,0.00016116035455278067
20309,16.92444874081235,0.5600322320709106,560,681,1241,0.0,0.0008333472224535399,0.559145850120867,0.00016116035455278067
20310,16.925282088034802,0.5600322320709106,560,681,1241,0.0,0.0008333472224535399,0.5593070104754199,0.00016116035455278067
20311,16.926115435257255,0.5600322320709106,560,681,1241,0.0,0.0008333472224535399,0.5594681708299726,0.00016116035455278067
20312,16.92694878247971,0.5600322320709106,560,681,1241,0.0,0.0008333472224535399,0.5596293311845254,0.00016116035455278067
20313,16.927782129702162,0.5600322320709106,560,681,1241,0.0,0.0008333472224535399,0.5597904915390781,0.00016116035455278067
20314,16.928615476924616,0.5600322320709106,560,681,1241,0.0,0.0008333472224535399,0.5599516518936309,0.00016116035455278067
20315,16.92944882414707,0.5600322320709106,560,681,1241,0.0,0.0008333472224535399,0.5600322320709074,8.058017727639034e-05
20316,16.930282171369523,0.5600322320709106,560,681,1241,0.0,0.0008333472224535399,0.5600322320709074,0.0
20317,16.931115518591977,0.5600322320709106,560,681,1241,0.0,0.0008333472224535399,0.5600322320709074,0.0
20318,16.93194886581443,0.5600322320709106,560,681,1241,0.0,0.0008333472224535399,0.5600322320709074,0.0
20319,16.932782213036884,0.5600322320709106,560,681,1241,0.0,0.0008333472224535399,0.5600322320709074,0.0
20320,16.933615560259337,0.5600322320709106,560,681,1241,0.0,0.0008333472224535399,0.5600322320709074,0.0
20321,16.93444890748179,0.5600322320709106,560,681,1241,0.0,0.0008333472224535399,0.5600322320709074,0.0
20322,16.935282254704244,0.5600322320709106,560,681,1241,0.0,0.0008333472224535399,0.5600322320709074,0.0
20323,16.936115601926698,0.5600322320709106,560,681,1241,0.0,0.0008333472224535399,0.5600322320709074,0.0
20324,16.936948949149155,0.5600322320709106,560,681,1241,0.0,0.0008333472224570926,0.5600322320709074,0.0
20325,16.93778229637161,0.5600322320709106,560,681,1241,0.0,0.0008333472224535399,0.5600322320709074,0.0
20326,16.938615643594062,0.5600322320709106,560,681,1241,0.0,0.0008333472224535399,0.5600322320709074,0.0
20327,16.939448990816516,0.5600322320709106,560,681,1241,0.0,0.0008333472224535399,0.5600322320709074,0.0
20328,16.94028233803897,0.5600322320709106,560,681,1241,0.0,0.0008333472224535399,0.5600322320709074,0.0
20329,16.941115685261423,0.5592264302981467,560,681,1241,-0.0008058017727639033,0.0008333472224535399,0.5599516518936309,-8.058017727639034e-05
20330,16.941949032483876,0.5592264302981467,560,681,1241,0.0,0.0008333472224535399,0.5598710717163546,-8.058017727639034e-05
20331,16.94278237970633,0.5592264302981467,560,681,1241,0.0,0.0008333472224535399,0.5597904915390782,-8.058017727639034e-05
20332,16.943615726928783,0.5592264302981467,560,681,1241,0.0,0.0008333472224535399,0.5597099113618019,-8.058017727639034e-05
20333,16.944449074151237,0.5592264302981467,560,681,1241,0.0,0.0008333472224535399,0.5596293311845255,-8.058017727639034e-05
20334,16.94528242137369,0.5592264302981467,560,681,1241,0.0,0.0008333472224535399,0.5595487510072492,-8.058017727639034e-05
20335,16.946115768596144,0.5592264302981467,560,681,1241,0.0,0.0008333472224535399,0.5594681708299729,-8.058017727639034e-05
20336,16.946949115818597,0.5592264302981467,560,681,1241,0.0,0.0008333472224535399,0.5593875906526965,-8.058017727639034e-05
20337,16.94778246304105,0.5592264302981467,560,681,1241,0.0,0.0008333472224535399,0.5593070104754202,-8.058017727639034e-05
20338,16.948615810263504,0.5592264302981467,560,681,1241,0.0,0.0008333472224535399,0.5592264302981438,-8.058017727639034e-05
20339,16.949449157485958,0.5592264302981467,560,681,1241,0.0,0.0008333472224535399,0.5592264302981439,0.0
20340,16.95028250470841,0.5592264302981467,560,681,1241,0.0,0.0008333472224535399,0.5592264302981439,0.0
20341,16.951115851930865,0.5592264302981467,560,681,1241,0.0,0.0008333472224535399,0.5592264302981439,0.0
20342,16.95194919915332,0.5608380338436745,560,681,1241,0.0016116035455278066,0.0008333472224535399,0.5593875906526968,0.00016116035455278067
20343,16.952782546375772,0.5608380338436745,560,681,1241,0.0,0.0008333472224535399,0.5595487510072497,0.00016116035455278067
20344,16.953615893598226,0.5608380338436745,560,681,1241,0.0,0.0008333472224535399,0.5597099113618025,0.00016116035455278067
20345,16.954449240820683,0.5608380338436745,560,681,1241,0.0,0.0008333472224570926,0.5598710717163554,0.00016116035455278067
20346,16.955282588043136,0.5608380338436745,560,681,1241,0.0,0.0008333472224535399,0.5600322320709082,0.00016116035455278067
20347,16.95611593526559,0.5608380338436745,560,681,1241,0.0,0.0008333472224535399,0.5601933924254612,0.00016116035455278067
20348,16.956949282488043,0.5608380338436745,560,681,1241,0.0,0.0008333472224535399,0.560354552780014,0.00016116035455278067
20349,16.957782629710497,0.5608380338436745,560,681,1241,0.0,0.0008333472224535399,0.5605157131345668,0.00016116035455278067
20350,16.95861597693295,0.5608380338436745,560,681,1241,0.0,0.0008333472224535399,0.5606768734891198,0.00016116035455278067
20351,16.959449324155404,0.5608380338436745,560,681,1241,0.0,0.0008333472224535399,0.5608380338436726,0.00016116035455278067
20352,16.960282671377858,0.5608380338436745,560,681,1241,0.0,0.0008333472224535399,0.5608380338436726,0.0
20353,16.96111601860031,0.5608380338436745,560,681,1241,0.0,0.0008333472224535399,0.5608380338436726,0.0
20354,16.961949365822765,0.5608380338436745,560,681,1241,0.0,0.0008333472224535399,0.5608380338436726,0.0
20355,16.96278271304522,0.5608380338436745,560,681,1241,0.0,0.0008333472224535399,0.5608380338436726,0.0
20356,16.96361606026767,0.5608380338436745,560,681,1241,0.0,0.0008333472224535399,0.5608380338436726,0.0
20357,16.964449407490125,0.5608380338436745,560,681,1241,0.0,0.0008333472224535399,0.5608380338436726,0.0
20358,16.96528275471258,0.5608380338436745,560,681,1241,0.0,0.0008333472224535399,0.5608380338436726,0.0
20359,16.966116101935032,0.5600322320709106,560,681,1241,-0.0008058017727639033,0.0008333472224535399,0.5607574536663963,-8.058017727639034e-05
20360,16.966949449157486,0.5608380338436745,560,681,1241,0.0008058017727639033,0.0008333472224535399,0.5607574536663963,0.0
20361,16.96778279637994,0.5608380338436745,560,681,1241,0.0,0.0008333472224535399,0.5607574536663963,0.0
20362,16.968616143602393,0.5608380338436745,560,681,1241,0.0,0.0008333472224535399,0.5607574536663963,0.0
20363,16.969449490824847,0.5608380338436745,560,681,1241,0.0,0.0008333472224535399,0.5607574536663963,0.0
20364,16.9702828380473,0.5608380338436745,560,681,1241,0.0,0.0008333472224535399,0.5607574536663963,0.0
20365,16.971116185269754,0.5600322320709106,560,681,1241,-0.0008058017727639033,0.0008333472224535399,0.5606768734891199,-8.058017727639034e-05
20366,16.971949532492207,0.5600322320709106,560,681,1241,0.0,0.0008333472224535399,0.5605962933118436,-8.058017727639034e-05
20367,16.972782879714664,0.5608380338436745,560,681,1241,0.0008058017727639033,0.0008333472224570926,0.5605962933118436,0.0
20368,16.973616226937118,0.5608380338436745,560,681,1241,0.0,0.0008333472224535399,0.5605962933118436,0.0
20369,16.97444957415957,0.5608380338436745,560,681,1241,0.0,0.0008333472224535399,0.56067687348912,8.058017727639034e-05
20370,16.975282921382025,0.5600322320709106,560,681,1241,-0.0008058017727639033,0.0008333472224535399,0.5605962933118436,-8.058017727639034e-05
20371,16.97611626860448,0.5600322320709106,560,681,1241,0.0,0.0008333472224535399,0.5605157131345673,-8.058017727639034e-05
20372,16.976949615826932,0.5600322320709106,560,681,1241,0.0,0.0008333472224535399,0.5604351329572909,-8.058017727639034e-05
20373,16.977782963049386,0.5600322320709106,560,681,1241,0.0,0.0008333472224535399,0.5603545527800146,-8.058017727639034e-05
20374,16.97861631027184,0.5600322320709106,560,681,1241,0.0,0.0008333472224535399,0.5602739726027381,-8.058017727639034e-05
20375,16.979449657494293,0.5600322320709106,560,681,1241,0.0,0.0008333472224535399,0.5602739726027381,0.0
20376,16.980283004716746,0.5600322320709106,560,681,1241,0.0,0.0008333472224535399,0.5602739726027381,0.0
20377,16.9811163519392,0.5600322320709106,560,681,1241,0.0,0.0008333472224535399,0.5601933924254618,-8.058017727639034e-05
20378,16.981949699161653,0.5592264302981467,560,681,1241,-0.0008058017727639033,0.0008333472224535399,0.560032232070909,-0.00016116035455278067
20379,16.982783046384107,0.5592264302981467,560,681,1241,0.0,0.0008333472224535399,0.5598710717163561,-0.00016116035455278067
20380,16.98361639360656,0.5592264302981467,560,681,1241,0.0,0.0008333472224535399,0.5597904915390797,-8.058017727639034e-05
20381,16.984449740829014,0.5592264302981467,560,681,1241,0.0,0.0008333472224535399,0.5597099113618034,-8.058017727639034e-05
20382,16.985283088051467,0.5592264302981467,560,681,1241,0.0,0.0008333472224535399,0.559629331184527,-8.058017727639034e-05
20383,16.98611643527392,0.5592264302981467,560,681,1241,0.0,0.0008333472224535399,0.5595487510072507,-8.058017727639034e-05
20384,16.986949782496374,0.5592264302981467,560,681,1241,0.0,0.0008333472224535399,0.5594681708299742,-8.058017727639034e-05
20385,16.987783129718828,0.5592264302981467,560,681,1241,0.0,0.0008333472224535399,0.5593875906526979,-8.058017727639034e-05
20386,16.98861647694128,0.5592264302981467,560,681,1241,0.0,0.0008333472224535399,0.5593070104754216,-8.058017727639034e-05
20387,16.989449824163735,0.5592264302981467,560,681,1241,0.0,0.0008333472224535399,0.5592264302981452,-8.058017727639034e-05
20388,16.990283171386192,0.5592264302981467,560,681,1241,0.0,0.0008333472224570926,0.5592264302981453,0.0
20389,16.991116518608646,0.5584206285253828,560,681,1241,-0.0008058017727639033,0.0008333472224535399,0.559145850120869,-8.058017727639034e-05
20390,16.9919498658311,0.5584206285253828,560,681,1241,0.0,0.0008333472224535399,0.5590652699435926,-8.058017727639034e-05
20391,16.992783213053553,0.5584206285253828,560,681,1241,0.0,0.0008333472224535399,0.5589846897663163,-8.058017727639034e-05
20392,16.993616560276006,0.5584206285253828,560,681,1241,0.0,0.0008333472224535399,0.5589041095890399,-8.058017727639034e-05
20393,16.99444990749846,0.5584206285253828,560,681,1241,0.0,0.0008333472224535399,0.5588235294117636,-8.058017727639034e-05
20394,16.995283254720913,0.5584206285253828,560,681,1241,0.0,0.0008333472224535399,0.5587429492344873,-8.058017727639034e-05
20395,16.996116601943367,0.5584206285253828,560,681,1241,0.0,0.0008333472224535399,0.5586623690572109,-8.058017727639034e-05
20396,16.99694994916582,0.5584206285253828,560,681,1241,0.0,0.0008333472224535399,0.5585817888799346,-8.058017727639034e-05
20397,16.997783296388274,0.5584206285253828,560,681,1241,0.0,0.0008333472224535399,0.5585012087026582,-8.058017727639034e-05
20398,16.998616643610728,0.5584206285253828,560,681,1241,0.0,0.0008333472224535399,0.5584206285253819,-8.058017727639034e-05
20399,16.99944999083318,0.5576148267526189,560,681,1241,-0.0008058017727639033,0.0008333472224535399,0.5583400483481056,-8.058017727639034e-05
20400,17.000283338055635,0.5576148267526189,560,681,1241,0.0,0.0008333472224535399,0.5582594681708292,-8.058017727639034e-05
20401,17.001116685278088,0.5576148267526189,560,681,1241,0.0,0.0008333472224535399,0.5581788879935529,-8.058017727639034e-05
20402,17.00195003250054,0.5576148267526189,560,681,1241,0.0,0.0008333472224535399,0.5580983078162765,-8.058017727639034e-05
20403,17.002783379722995,0.5576148267526189,560,681,1241,0.0,0.0008333472224535399,0.5580177276390001,-8.058017727639034e-05
20404,17.00361672694545,0.5576148267526189,560,681,1241,0.0,0.0008333472224535399,0.5579371474617238,-8.058017727639034e-05
20405,17.004450074167902,0.5576148267526189,560,681,1241,0.0,0.0008333472224535399,0.5578565672844474,-8.058017727639034e-05
20406,17.005283421390356,0.5576148267526189,560,681,1241,0.0,0.0008333472224535399,0.5577759871071711,-8.058017727639034e-05
20407,17.00611676861281,0.5576148267526189,560,681,1241,0.0,0.0008333472224535399,0.5576954069298947,-8.058017727639034e-05
20408,17.006950115835263,0.5576148267526189,560,681,1241,0.0,0.0008333472224535399,0.5576148267526184,-8.058017727639034e-05
20409,17.00778346305772,0.5576148267526189,560,681,1241,0.0,0.0008333472224570926,0.5576148267526184,0.0
20410,17.008616810280174,0.5576148267526189,560,681,1241,0.0,0.0008333472224535399,0.5576148267526184,0.0
20411,17.009450157502627,0.5576148267526189,560,681,1241,0.0,0.0008333472224535399,0.5576148267526184,0.0
20412,17.01028350472508,0.5576148267526189,560,681,1241,0.0,0.0008333472224535399,0.5576148267526184,0.0
20413,17.011116851947534,0.5584206285253828,560,681,1241,0.0008058017727639033,0.0008333472224535399,0.5576954069298947,8.058017727639034e-05
20414,17.011950199169988,0.5584206285253828,560,681,1241,0.0,0.0008333472224535399,0.5577759871071711,8.058017727639034e-05
20415,17.01278354639244,0.5584206285253828,560,681,1241,0.0,0.0008333472224535399,0.5578565672844474,8.058017727639034e-05
20416,17.013616893614895,0.5592264302981467,560,681,1241,0.0008058017727639033,0.0008333472224535399,0.5580177276390001,0.00016116035455278067
20417,17.01445024083735,0.5592264302981467,560,681,1241,0.0,0.0008333472224535399,0.5581788879935529,0.00016116035455278067
20418,17.015283588059802,0.5592264302981467,560,681,1241,0.0,0.0008333472224535399,0.5583400483481056,0.00016116035455278067
20419,17.016116935282255,0.5592264302981467,560,681,1241,0.0,0.0008333472224535399,0.5585012087026582,0.00016116035455278067
20420,17.01695028250471,0.5592264302981467,560,681,1241,0.0,0.0008333472224535399,0.5586623690572109,0.00016116035455278067
20421,17.017783629727163,0.5592264302981467,560,681,1241,0.0,0.0008333472224535399,0.5588235294117636,0.00016116035455278067
20422,17.018616976949616,0.5592264302981467,560,681,1241,0.0,0.0008333472224535399,0.5589846897663163,0.00016116035455278067
20423,17.01945032417207,0.5592264302981467,560,681,1241,0.0,0.0008333472224535399,0.5590652699435926,8.058017727639034e-05
20424,17.020283671394523,0.5584206285253828,560,681,1241,-0.0008058017727639033,0.0008333472224535399,0.5590652699435926,0.0
20425,17.021117018616977,0.5584206285253828,560,681,1241,0.0,0.0008333472224535399,0.5590652699435926,0.0
20426,17.02195036583943,0.5584206285253828,560,681,1241,0.0,0.0008333472224535399,0.5589846897663163,-8.058017727639034e-05
20427,17.022783713061884,0.5584206285253828,560,681,1241,0.0,0.0008333472224535399,0.5589041095890399,-8.058017727639034e-05
20428,17.023617060284337,0.5584206285253828,560,681,1241,0.0,0.0008333472224535399,0.5588235294117636,-8.058017727639034e-05
20429,17.02445040750679,0.5584206285253828,560,681,1241,0.0,0.0008333472224535399,0.5587429492344873,-8.058017727639034e-05
20430,17.025283754729248,0.5584206285253828,560,681,1241,0.0,0.0008333472224570926,0.5586623690572109,-8.058017727639034e-05
20431,17.0261171019517,0.5584206285253828,560,681,1241,0.0,0.0008333472224535399,0.5585817888799346,-8.058017727639034e-05
20432,17.026950449174155,0.5592264302981467,560,681,1241,0.0008058017727639033,0.0008333472224535399,0.5585817888799346,0.0
20433,17.02778379639661,0.5584206285253828,560,681,1241,-0.0008058017727639033,0.0008333472224535399,0.5585012087026582,-8.058017727639034e-05
20434,17.028617143619062,0.5584206285253828,560,681,1241,0.0,0.0008333472224535399,0.5585012087026582,0.0
20435,17.029450490841516,0.5584206285253828,560,681,1241,0.0,0.0008333472224535399,0.5585012087026582,0.0
20436,17.03028383806397,0.5592264302981467,560,681,1241,0.0008058017727639033,0.0008333472224535399,0.5585817888799346,8.058017727639034e-05
20437,17.031117185286423,0.5592264302981467,560,681,1241,0.0,0.0008333472224535399,0.5586623690572109,8.058017727639034e-05
20438,17.031950532508876,0.5592264302981467,560,681,1241,0.0,0.0008333472224535399,0.5587429492344873,8.058017727639034e-05
20439,17.03278387973133,0.5592264302981467,560,681,1241,0.0,0.0008333472224535399,0.5588235294117636,8.058017727639034e-05
20440,17.033617226953783,0.5592264302981467,560,681,1241,0.0,0.0008333472224535399,0.5589041095890399,8.058017727639034e-05
20441,17.034450574176237,0.5592264302981467,560,681,1241,0.0,0.0008333472224535399,0.5589846897663163,8.058017727639034e-05
20442,17.03528392139869,0.5592264302981467,560,681,1241,0.0,0.0008333472224535399,0.5589846897663163,0.0
20443,17.036117268621144,0.5592264302981467,560,681,1241,0.0,0.0008333472224535399,0.5590652699435926,8.058017727639034e-05
20444,17.036950615843597,0.5592264302981467,560,681,1241,0.0,0.0008333472224535399,0.559145850120869,8.058017727639034e-05
20445,17.03778396306605,0.5592264302981467,560,681,1241,0.0,0.0008333472224535399,0.5592264302981453,8.058017727639034e-05
20446,17.038617310288505,0.5600322320709106,560,681,1241,0.0008058017727639033,0.0008333472224535399,0.5593070104754216,8.058017727639034e-05
20447,17.039450657510958,0.5600322320709106,560,681,1241,0.0,0.0008333472224535399,0.559387590652698,8.058017727639034e-05
20448,17.04028400473341,0.5600322320709106,560,681,1241,0.0,0.0008333472224535399,0.5594681708299744,8.058017727639034e-05
20449,17.041117351955865,0.5600322320709106,560,681,1241,0.0,0.0008333472224535399,0.5595487510072508,8.058017727639034e-05
20450,17.04195069917832,0.5600322320709106,560,681,1241,0.0,0.0008333472224535399,0.5596293311845271,8.058017727639034e-05
20451,17.042784046400776,0.5600322320709106,560,681,1241,0.0,0.0008333472224570926,0.5597099113618034,8.058017727639034e-05
20452,17.04361739362323,0.5600322320709106,560,681,1241,0.0,0.0008333472224535399,0.5597904915390798,8.058017727639034e-05
20453,17.044450740845683,0.5600322320709106,560,681,1241,0.0,0.0008333472224535399,0.5598710717163561,8.058017727639034e-05
20454,17.045284088068136,0.5600322320709106,560,681,1241,0.0,0.0008333472224535399,0.5599516518936325,8.058017727639034e-05
20455,17.04611743529059,0.5600322320709106,560,681,1241,0.0,0.0008333472224535399,0.5600322320709088,8.058017727639034e-05
20456,17.046950782513044,0.5600322320709106,560,681,1241,0.0,0.0008333472224535399,0.5600322320709088,0.0
20457,17.047784129735497,0.5600322320709106,560,681,1241,0.0,0.0008333472224535399,0.5600322320709088,0.0
20458,17.04861747695795,0.5600322320709106,560,681,1241,0.0,0.0008333472224535399,0.5600322320709088,0.0
20459,17.049450824180404,0.5600322320709106,560,681,1241,0.0,0.0008333472224535399,0.5600322320709088,0.0
20460,17.050284171402858,0.5592264302981467,560,681,1241,-0.0008058017727639033,0.0008333472224535399,0.5599516518936324,-8.058017727639034e-05
20461,17.05111751862531,0.5600322320709106,560,681,1241,0.0008058017727639033,0.0008333472224535399,0.5599516518936324,0.0
20462,17.051950865847765,0.5600322320709106,560,681,1241,0.0,0.0008333472224535399,0.5599516518936324,0.0
20463,17.05278421307022,0.5600322320709106,560,681,1241,0.0,0.0008333472224535399,0.5599516518936324,0.0
20464,17.053617560292672,0.5592264302981467,560,681,1241,-0.0008058017727639033,0.0008333472224535399,0.559871071716356,-8.058017727639034e-05
20465,17.054450907515125,0.5592264302981467,560,681,1241,0.0,0.0008333472224535399,0.5597904915390797,-8.058017727639034e-05
20466,17.05528425473758,0.5584206285253828,560,681,1241,-0.0008058017727639033,0.0008333472224535399,0.5596293311845268,-0.00016116035455278067
20467,17.056117601960032,0.5584206285253828,560,681,1241,0.0,0.0008333472224535399,0.5594681708299741,-0.00016116035455278067
20468,17.056950949182486,0.5584206285253828,560,681,1241,0.0,0.0008333472224535399,0.5593070104754213,-0.00016116035455278067
20469,17.05778429640494,0.5584206285253828,560,681,1241,0.0,0.0008333472224535399,0.5591458501208686,-0.00016116035455278067
20470,17.058617643627393,0.5584206285253828,560,681,1241,0.0,0.0008333472224535399,0.5590652699435921,-8.058017727639034e-05
20471,17.059450990849847,0.5592264302981467,560,681,1241,0.0008058017727639033,0.0008333472224535399,0.5589846897663157,-8.058017727639034e-05
20472,17.0602843380723,0.5600322320709106,560,681,1241,0.0008058017727639033,0.0008333472224535399,0.5589846897663157,0.0
20473,17.061117685294757,0.5600322320709106,560,681,1241,0.0,0.0008333472224570926,0.5589846897663157,0.0
20474,17.06195103251721,0.5592264302981467,560,681,1241,-0.0008058017727639033,0.0008333472224535399,0.5589846897663158,0.0
20475,17.062784379739664,0.5592264302981467,560,681,1241,0.0,0.0008333472224535399,0.5589846897663158,0.0
20476,17.063617726962118,0.5592264302981467,560,681,1241,0.0,0.0008333472224535399,0.5590652699435921,8.058017727639034e-05
20477,17.06445107418457,0.5592264302981467,560,681,1241,0.0,0.0008333472224535399,0.5591458501208685,8.058017727639034e-05
20478,17.065284421407025,0.5592264302981467,560,681,1241,0.0,0.0008333472224535399,0.5592264302981448,8.058017727639034e-05
20479,17.06611776862948,0.5592264302981467,560,681,1241,0.0,0.0008333472224535399,0.5593070104754212,8.058017727639034e-05
20480,17.066951115851932,0.5592264302981467,560,681,1241,0.0,0.0008333472224535399,0.5593875906526975,8.058017727639034e-05
20481,17.067784463074386,0.5592264302981467,560,681,1241,0.0,0.0008333472224535399,0.5593875906526975,0.0
20482,17.06861781029684,0.5592264302981467,560,681,1241,0.0,0.0008333472224535399,0.5593070104754211,-8.058017727639034e-05
20483,17.069451157519293,0.5592264302981467,560,681,1241,0.0,0.0008333472224535399,0.5592264302981447,-8.058017727639034e-05
20484,17.070284504741746,0.5600322320709106,560,681,1241,0.0008058017727639033,0.0008333472224535399,0.5593070104754212,8.058017727639034e-05
20485,17.0711178519642,0.5600322320709106,560,681,1241,0.0,0.0008333472224535399,0.5593875906526975,8.058017727639034e-05
20486,17.071951199186653,0.5600322320709106,560,681,1241,0.0,0.0008333472224535399,0.5594681708299738,8.058017727639034e-05
20487,17.072784546409107,0.5600322320709106,560,681,1241,0.0,0.0008333472224535399,0.5595487510072502,8.058017727639034e-05
20488,17.07361789363156,0.5600322320709106,560,681,1241,0.0,0.0008333472224535399,0.5596293311845265,8.058017727639034e-05
20489,17.074451240854014,0.5600322320709106,560,681,1241,0.0,0.0008333472224535399,0.5597099113618029,8.058017727639034e-05
20490,17.075284588076467,0.5600322320709106,560,681,1241,0.0,0.0008333472224535399,0.5597904915390792,8.058017727639034e-05
20491,17.07611793529892,0.5600322320709106,560,681,1241,0.0,0.0008333472224535399,0.5598710717163555,8.058017727639034e-05
20492,17.076951282521375,0.5600322320709106,560,681,1241,0.0,0.0008333472224535399,0.5599516518936319,8.058017727639034e-05
20493,17.077784629743828,0.5600322320709106,560,681,1241,0.0,0.0008333472224535399,0.5600322320709082,8.058017727639034e-05
20494,17.078617976966285,0.5600322320709106,560,681,1241,0.0,0.0008333472224570926,0.5600322320709082,0.0
20495,17.07945132418874,0.5600322320709106,560,681,1241,0.0,0.0008333472224535399,0.5600322320709082,0.0
20496,17.080284671411192,0.5592264302981467,560,681,1241,-0.0008058017727639033,0.0008333472224535399,0.5599516518936318,-8.058017727639034e-05
20497,17.081118018633646,0.5592264302981467,560,681,1241,0.0,0.0008333472224535399,0.5598710717163555,-8.058017727639034e-05
20498,17.0819513658561,0.5592264302981467,560,681,1241,0.0,0.0008333472224535399,0.5597904915390791,-8.058017727639034e-05
20499,17.082784713078553,0.5592264302981467,560,681,1241,0.0,0.0008333472224535399,0.5597099113618028,-8.058017727639034e-05
20500,17.083618060301006,0.5600322320709106,560,681,1241,0.0008058017727639033,0.0008333472224535399,0.5597099113618028,0.0
20501,17.08445140752346,0.5600322320709106,560,681,1241,0.0,0.0008333472224535399,0.5597099113618028,0.0
20502,17.085284754745913,0.5600322320709106,560,681,1241,0.0,0.0008333472224535399,0.5597099113618028,0.0
20503,17.086118101968367,0.5600322320709106,560,681,1241,0.0,0.0008333472224535399,0.5597099113618028,0.0
20504,17.08695144919082,0.5600322320709106,560,681,1241,0.0,0.0008333472224535399,0.5597099113618028,0.0
20505,17.087784796413274,0.5600322320709106,560,681,1241,0.0,0.0008333472224535399,0.5597099113618028,0.0
20506,17.088618143635728,0.5600322320709106,560,681,1241,0.0,0.0008333472224535399,0.5597904915390792,8.058017727639034e-05
20507,17.08945149085818,0.5600322320709106,560,681,1241,0.0,0.0008333472224535399,0.5598710717163555,8.058017727639034e-05
20508,17.090284838080635,0.5600322320709106,560,681,1241,0.0,0.0008333472224535399,0.5599516518936319,8.058017727639034e-05
20509,17.09111818530309,0.5600322320709106,560,681,1241,0.0,0.0008333472224535399,0.5600322320709082,8.058017727639034e-05
20510,17.091951532525542,0.5600322320709106,560,681,1241,0.0,0.0008333472224535399,0.5600322320709082,0.0
20511,17.092784879747995,0.5600322320709106,560,681,1241,0.0,0.0008333472224535399,0.5600322320709082,0.0
20512,17.09361822697045,0.5600322320709106,560,681,1241,0.0,0.0008333472224535399,0.5600322320709082,0.0
20513,17.094451574192902,0.5600322320709106,560,681,1241,0.0,0.0008333472224535399,0.5600322320709082,0.0
20514,17.095284921415356,0.5600322320709106,560,681,1241,0.0,0.0008333472224535399,0.5600322320709082,0.0
20515,17.096118268637813,0.5600322320709106,560,681,1241,0.0,0.0008333472224570926,0.5600322320709082,0.0
20516,17.096951615860267,0.5600322320709106,560,681,1241,0.0,0.0008333472224535399,0.5600322320709082,0.0
20517,17.09778496308272,0.5600322320709106,560,681,1241,0.0,0.0008333472224535399,0.5600322320709082,0.0
20518,17.098618310305174,0.5600322320709106,560,681,1241,0.0,0.0008333472224535399,0.5600322320709082,0.0
20519,17.099451657527627,0.5600322320709106,560,681,1241,0.0,0.0008333472224535399,0.5600322320709082,0.0
20520,17.10028500475008,0.5600322320709106,560,681,1241,0.0,0.0008333472224535399,0.5600322320709082,0.0
20521,17.101118351972534,0.5592264302981467,560,681,1241,-0.0008058017727639033,0.0008333472224535399,0.5599516518936318,-8.058017727639034e-05
20522,17.101951699194988,0.5592264302981467,560,681,1241,0.0,0.0008333472224535399,0.5598710717163555,-8.058017727639034e-05
20523,17.10278504641744,0.5592264302981467,560,681,1241,0.0,0.0008333472224535399,0.5597904915390791,-8.058017727639034e-05
20524,17.103618393639895,0.5592264302981467,560,681,1241,0.0,0.0008333472224535399,0.5597099113618028,-8.058017727639034e-05
20525,17.10445174086235,0.5592264302981467,560,681,1241,0.0,0.0008333472224535399,0.5596293311845264,-8.058017727639034e-05
20526,17.105285088084802,0.5592264302981467,560,681,1241,0.0,0.0008333472224535399,0.5595487510072501,-8.058017727639034e-05
20527,17.106118435307256,0.5592264302981467,560,681,1241,0.0,0.0008333472224535399,0.5594681708299738,-8.058017727639034e-05
20528,17.10695178252971,0.5592264302981467,560,681,1241,0.0,0.0008333472224535399,0.5593875906526974,-8.058017727639034e-05
20529,17.107785129752163,0.5592264302981467,560,681,1241,0.0,0.0008333472224535399,0.5593070104754211,-8.058017727639034e-05
20530,17.108618476974616,0.5600322320709106,560,681,1241,0.0008058017727639033,0.0008333472224535399,0.5593070104754211,0.0
20531,17.10945182419707,0.5616438356164384,560,681,1241,0.0016116035455278066,0.0008333472224535399,0.5595487510072502,0.00024174053182917098
20532,17.110285171419523,0.5616438356164384,560,681,1241,0.0,0.0008333472224535399,0.5597904915390794,0.00024174053182917098
20533,17.111118518641977,0.5616438356164384,560,681,1241,0.0,0.0008333472224535399,0.5600322320709086,0.00024174053182917098
20534,17.11195186586443,0.5616438356164384,560,681,1241,0.0,0.0008333472224535399,0.5602739726027378,0.00024174053182917098
20535,17.112785213086884,0.5616438356164384,560,681,1241,0.0,0.0008333472224535399,0.560515713134567,0.00024174053182917098
20536,17.11361856030934,0.5616438356164384,560,681,1241,0.0,0.0008333472224570926,0.5607574536663963,0.00024174053182917098
20537,17.114451907531794,0.5616438356164384,560,681,1241,0.0,0.0008333472224535399,0.5609991941982255,0.00024174053182917098
20538,17.115285254754248,0.5616438356164384,560,681,1241,0.0,0.0008333472224535399,0.5612409347300547,0.00024174053182917098
20539,17.1161186019767,0.5616438356164384,560,681,1241,0.0,0.0008333472224535399,0.5614826752618839,0.00024174053182917098
20540,17.116951949199155,0.5616438356164384,560,681,1241,0.0,0.0008333472224535399,0.5616438356164367,0.00016116035455278067
20541,17.11778529642161,0.5616438356164384,560,681,1241,0.0,0.0008333472224535399,0.5616438356164367,0.0
20542,17.118618643644062,0.5616438356164384,560,681,1241,0.0,0.0008333472224535399,0.5616438356164367,0.0
20543,17.119451990866516,0.5624496373892023,560,681,1241,0.0008058017727639033,0.0008333472224535399,0.5617244157937131,8.058017727639034e-05
20544,17.12028533808897,0.5632554391619662,560,681,1241,0.0008058017727639033,0.0008333472224535399,0.561885576148266,0.00016116035455278067
20545,17.121118685311423,0.5632554391619662,560,681,1241,0.0,0.0008333472224535399,0.5620467365028187,0.00016116035455278067
20546,17.121952032533876,0.5632554391619662,560,681,1241,0.0,0.0008333472224535399,0.5622078968573715,0.00016116035455278067
20547,17.12278537975633,0.5640612409347301,560,681,1241,0.0008058017727639033,0.0008333472224535399,0.5624496373892006,0.00024174053182917098
20548,17.123618726978783,0.5640612409347301,560,681,1241,0.0,0.0008333472224535399,0.5626913779210299,0.00024174053182917098
20549,17.124452074201237,0.5640612409347301,560,681,1241,0.0,0.0008333472224535399,0.562933118452859,0.00024174053182917098
20550,17.12528542142369,0.564867042707494,560,681,1241,0.0008058017727639033,0.0008333472224535399,0.5632554391619646,0.00032232070910556134
20551,17.126118768646144,0.564867042707494,560,681,1241,0.0,0.0008333472224535399,0.5635777598710702,0.00032232070910556134
20552,17.126952115868598,0.564867042707494,560,681,1241,0.0,0.0008333472224535399,0.5639000805801757,0.00032232070910556134
20553,17.12778546309105,0.564867042707494,560,681,1241,0.0,0.0008333472224535399,0.564141821112005,0.00024174053182917098
20554,17.128618810313505,0.564867042707494,560,681,1241,0.0,0.0008333472224535399,0.5643029814665577,0.00016116035455278067
20555,17.129452157535958,0.564867042707494,560,681,1241,0.0,0.0008333472224535399,0.5644641418211105,0.00016116035455278067
20556,17.13028550475841,0.564867042707494,560,681,1241,0.0,0.0008333472224535399,0.5646253021756633,0.00016116035455278067
20557,17.13111885198087,0.564867042707494,560,681,1241,0.0,0.0008333472224570926,0.5647058823529397,8.058017727639034e-05
20558,17.131952199203322,0.564867042707494,560,681,1241,0.0,0.0008333472224535399,0.564786462530216,8.058017727639034e-05
20559,17.132785546425776,0.564867042707494,560,681,1241,0.0,0.0008333472224535399,0.5648670427074924,8.058017727639034e-05
20560,17.13361889364823,0.564867042707494,560,681,1241,0.0,0.0008333472224535399,0.5648670427074924,0.0
20561,17.134452240870683,0.564867042707494,560,681,1241,0.0,0.0008333472224535399,0.5648670427074924,0.0
20562,17.135285588093137,0.564867042707494,560,681,1241,0.0,0.0008333472224535399,0.5648670427074924,0.0
20563,17.13611893531559,0.564867042707494,560,681,1241,0.0,0.0008333472224535399,0.5648670427074924,0.0
20564,17.136952282538044,0.564867042707494,560,681,1241,0.0,0.0008333472224535399,0.5648670427074924,0.0
20565,17.137785629760497,0.564867042707494,560,681,1241,0.0,0.0008333472224535399,0.5648670427074924,0.0
20566,17.13861897698295,0.564867042707494,560,681,1241,0.0,0.0008333472224535399,0.5648670427074924,0.0
20567,17.139452324205404,0.564867042707494,560,681,1241,0.0,0.0008333472224535399,0.5648670427074924,0.0
20568,17.140285671427858,0.5640612409347301,560,681,1241,-0.0008058017727639033,0.0008333472224535399,0.564786462530216,-8.058017727639034e-05
20569,17.14111901865031,0.5640612409347301,560,681,1241,0.0,0.0008333472224535399,0.5647058823529397,-8.058017727639034e-05
20570,17.141952365872765,0.5640612409347301,560,681,1241,0.0,0.0008333472224535399,0.5646253021756633,-8.058017727639034e-05
20571,17.14278571309522,0.5640612409347301,560,681,1241,0.0,0.0008333472224535399,0.564544721998387,-8.058017727639034e-05
20572,17.143619060317672,0.564867042707494,560,681,1241,0.0008058017727639033,0.0008333472224535399,0.564544721998387,0.0
20573,17.144452407540125,0.564867042707494,560,681,1241,0.0,0.0008333472224535399,0.564544721998387,0.0
20574,17.14528575476258,0.564867042707494,560,681,1241,0.0,0.0008333472224535399,0.564544721998387,0.0
20575,17.146119101985033,0.564867042707494,560,681,1241,0.0,0.0008333472224535399,0.564544721998387,0.0
20576,17.146952449207486,0.564867042707494,560,681,1241,0.0,0.0008333472224535399,0.564544721998387,0.0
20577,17.14778579642994,0.564867042707494,560,681,1241,0.0,0.0008333472224535399,0.564544721998387,0.0
20578,17.148619143652397,0.564867042707494,560,681,1241,0.0,0.0008333472224570926,0.5646253021756633,8.058017727639034e-05
20579,17.14945249087485,0.564867042707494,560,681,1241,0.0,0.0008333472224535399,0.5647058823529397,8.058017727639034e-05
20580,17.150285838097304,0.564867042707494,560,681,1241,0.0,0.0008333472224535399,0.564786462530216,8.058017727639034e-05
20581,17.151119185319757,0.564867042707494,560,681,1241,0.0,0.0008333472224535399,0.5648670427074924,8.058017727639034e-05
20582,17.15195253254221,0.564867042707494,560,681,1241,0.0,0.0008333472224535399,0.5648670427074924,0.0
20583,17.152785879764664,0.564867042707494,560,681,1241,0.0,0.0008333472224535399,0.5648670427074924,0.0
20584,17.153619226987118,0.564867042707494,560,681,1241,0.0,0.0008333472224535399,0.5648670427074924,0.0
20585,17.15445257420957,0.564867042707494,560,681,1241,0.0,0.0008333472224535399,0.5648670427074924,0.0
20586,17.155285921432025,0.564867042707494,560,681,1241,0.0,0.0008333472224535399,0.5648670427074924,0.0
20587,17.15611926865448,0.564867042707494,560,681,1241,0.0,0.0008333472224535399,0.5648670427074924,0.0
20588,17.156952615876932,0.564867042707494,560,681,1241,0.0,0.0008333472224535399,0.5648670427074924,0.0
20589,17.157785963099386,0.564867042707494,560,681,1241,0.0,0.0008333472224535399,0.5648670427074924,0.0
20590,17.15861931032184,0.564867042707494,560,681,1241,0.0,0.0008333472224535399,0.5648670427074924,0.0
20591,17.159452657544293,0.564867042707494,560,681,1241,0.0,0.0008333472224535399,0.5648670427074924,0.0
20592,17.160286004766746,0.564867042707494,560,681,1241,0.0,0.0008333472224535399,0.5648670427074924,0.0
20593,17.1611193519892,0.564867042707494,560,681,1241,0.0,0.0008333472224535399,0.5648670427074924,0.0
20594,17.161952699211653,0.564867042707494,560,681,1241,0.0,0.0008333472224535399,0.5648670427074924,0.0
20595,17.162786046434107,0.564867042707494,560,681,1241,0.0,0.0008333472224535399,0.5648670427074924,0.0
20596,17.16361939365656,0.564867042707494,560,681,1241,0.0,0.0008333472224535399,0.5648670427074924,0.0
20597,17.164452740879014,0.564867042707494,560,681,1241,0.0,0.0008333472224535399,0.5648670427074924,0.0
20598,17.165286088101467,0.564867042707494,560,681,1241,0.0,0.0008333472224535399,0.5648670427074924,0.0
20599,17.16611943532392,0.564867042707494,560,681,1241,0.0,0.0008333472224535399,0.5648670427074924,0.0
20600,17.166952782546378,0.564867042707494,560,681,1241,0.0,0.0008333472224570926,0.5648670427074924,0.0
20601,17.16778612976883,0.5640612409347301,560,681,1241,-0.0008058017727639033,0.0008333472224535399,0.564786462530216,-8.058017727639034e-05
20602,17.168619476991285,0.5640612409347301,560,681,1241,0.0,0.0008333472224535399,0.5647058823529397,-8.058017727639034e-05
20603,17.16945282421374,0.5640612409347301,560,681,1241,0.0,0.0008333472224535399,0.5646253021756633,-8.058017727639034e-05
20604,17.170286171436192,0.5640612409347301,560,681,1241,0.0,0.0008333472224535399,0.564544721998387,-8.058017727639034e-05
20605,17.171119518658646,0.5632554391619662,560,681,1241,-0.0008058017727639033,0.0008333472224535399,0.5643835616438342,-0.00016116035455278067
20606,17.1719528658811,0.5632554391619662,560,681,1241,0.0,0.0008333472224535399,0.5642224012892815,-0.00016116035455278067
20607,17.172786213103553,0.5632554391619662,560,681,1241,0.0,0.0008333472224535399,0.5640612409347286,-0.00016116035455278067
20608,17.173619560326006,0.5632554391619662,560,681,1241,0.0,0.0008333472224535399,0.5639000805801759,-0.00016116035455278067
20609,17.17445290754846,0.5632554391619662,560,681,1241,0.0,0.0008333472224535399,0.5637389202256231,-0.00016116035455278067
20610,17.175286254770914,0.5632554391619662,560,681,1241,0.0,0.0008333472224535399,0.5635777598710703,-0.00016116035455278067
20611,17.176119601993367,0.5624496373892023,560,681,1241,-0.0008058017727639033,0.0008333472224535399,0.5634165995165175,-0.00016116035455278067
20612,17.17695294921582,0.5624496373892023,560,681,1241,0.0,0.0008333472224535399,0.5632554391619646,-0.00016116035455278067
20613,17.177786296438274,0.5624496373892023,560,681,1241,0.0,0.0008333472224535399,0.5630942788074117,-0.00016116035455278067
20614,17.178619643660728,0.5624496373892023,560,681,1241,0.0,0.0008333472224535399,0.5629331184528589,-0.00016116035455278067
20615,17.17945299088318,0.5624496373892023,560,681,1241,0.0,0.0008333472224535399,0.5628525382755825,-8.058017727639034e-05
20616,17.180286338105635,0.5632554391619662,560,681,1241,0.0008058017727639033,0.0008333472224535399,0.5628525382755825,0.0
20617,17.18111968532809,0.5632554391619662,560,681,1241,0.0,0.0008333472224535399,0.5628525382755825,0.0
20618,17.181953032550542,0.5632554391619662,560,681,1241,0.0,0.0008333472224535399,0.5628525382755825,0.0
20619,17.182786379772995,0.5640612409347301,560,681,1241,0.0008058017727639033,0.0008333472224535399,0.5629331184528588,8.058017727639034e-05
20620,17.18361972699545,0.5640612409347301,560,681,1241,0.0,0.0008333472224535399,0.5630136986301351,8.058017727639034e-05
20621,17.184453074217906,0.5640612409347301,560,681,1241,0.0,0.0008333472224570926,0.5631748589846879,0.00016116035455278067
20622,17.18528642144036,0.5640612409347301,560,681,1241,0.0,0.0008333472224535399,0.5633360193392407,0.00016116035455278067
20623,17.186119768662813,0.5640612409347301,560,681,1241,0.0,0.0008333472224535399,0.5634971796937936,0.00016116035455278067
20624,17.186953115885267,0.564867042707494,560,681,1241,0.0008058017727639033,0.0008333472224535399,0.5637389202256229,0.00024174053182917098
20625,17.18778646310772,0.5640612409347301,560,681,1241,-0.0008058017727639033,0.0008333472224535399,0.5639000805801757,0.00016116035455278067
20626,17.188619810330174,0.5632554391619662,560,681,1241,-0.0008058017727639033,0.0008333472224535399,0.5639000805801757,0.0
20627,17.189453157552627,0.5640612409347301,560,681,1241,0.0008058017727639033,0.0008333472224535399,0.5639806607574521,8.058017727639034e-05
20628,17.19028650477508,0.564867042707494,560,681,1241,0.0008058017727639033,0.0008333472224535399,0.564141821112005,0.00016116035455278067
20629,17.191119851997534,0.564867042707494,560,681,1241,0.0,0.0008333472224535399,0.5642224012892813,8.058017727639034e-05
20630,17.191953199219988,0.564867042707494,560,681,1241,0.0,0.0008333472224535399,0.5643029814665577,8.058017727639034e-05
20631,17.19278654644244,0.564867042707494,560,681,1241,0.0,0.0008333472224535399,0.564383561643834,8.058017727639034e-05
20632,17.193619893664895,0.564867042707494,560,681,1241,0.0,0.0008333472224535399,0.5644641418211103,8.058017727639034e-05
20633,17.19445324088735,0.5656728444802579,560,681,1241,0.0008058017727639033,0.0008333472224535399,0.564625302175663,0.00016116035455278067
20634,17.195286588109802,0.5656728444802579,560,681,1241,0.0,0.0008333472224535399,0.5647058823529394,8.058017727639034e-05
20635,17.196119935332256,0.564867042707494,560,681,1241,-0.0008058017727639033,0.0008333472224535399,0.5647864625302157,8.058017727639034e-05
20636,17.19695328255471,0.564867042707494,560,681,1241,0.0,0.0008333472224535399,0.5649476228847685,0.00016116035455278067
20637,17.197786629777163,0.564867042707494,560,681,1241,0.0,0.0008333472224535399,0.5650282030620449,8.058017727639034e-05
20638,17.198619976999616,0.564867042707494,560,681,1241,0.0,0.0008333472224535399,0.5650282030620449,0.0
20639,17.19945332422207,0.564867042707494,560,681,1241,0.0,0.0008333472224535399,0.5650282030620449,0.0
20640,17.200286671444523,0.5640612409347301,560,681,1241,-0.0008058017727639033,0.0008333472224535399,0.5649476228847685,-8.058017727639034e-05
20641,17.201120018666977,0.5640612409347301,560,681,1241,0.0,0.0008333472224535399,0.5648670427074922,-8.058017727639034e-05
20642,17.201953365889434,0.5640612409347301,560,681,1241,0.0,0.0008333472224570926,0.5647864625302159,-8.058017727639034e-05
20643,17.202786713111887,0.5640612409347301,560,681,1241,0.0,0.0008333472224535399,0.5646253021756632,-0.00016116035455278067
20644,17.20362006033434,0.5640612409347301,560,681,1241,0.0,0.0008333472224535399,0.5644641418211105,-0.00016116035455278067
20645,17.204453407556795,0.5640612409347301,560,681,1241,0.0,0.0008333472224535399,0.5643835616438342,-8.058017727639034e-05
20646,17.205286754779248,0.5640612409347301,560,681,1241,0.0,0.0008333472224535399,0.5643029814665578,-8.058017727639034e-05
20647,17.2061201020017,0.564867042707494,560,681,1241,0.0008058017727639033,0.0008333472224535399,0.5643029814665578,0.0
20648,17.206953449224155,0.5640612409347301,560,681,1241,-0.0008058017727639033,0.0008333472224535399,0.5642224012892815,-8.058017727639034e-05
20649,17.20778679644661,0.5640612409347301,560,681,1241,0.0,0.0008333472224535399,0.5641418211120051,-8.058017727639034e-05
20650,17.208620143669062,0.5640612409347301,560,681,1241,0.0,0.0008333472224535399,0.5641418211120051,0.0
20651,17.209453490891516,0.564867042707494,560,681,1241,0.0008058017727639033,0.0008333472224535399,0.5642224012892815,8.058017727639034e-05
20652,17.21028683811397,0.5656728444802579,560,681,1241,0.0008058017727639033,0.0008333472224535399,0.5643835616438342,0.00016116035455278067
20653,17.211120185336423,0.5656728444802579,560,681,1241,0.0,0.0008333472224535399,0.5645447219983868,0.00016116035455278067
20654,17.211953532558876,0.5656728444802579,560,681,1241,0.0,0.0008333472224535399,0.5647058823529395,0.00016116035455278067
20655,17.21278687978133,0.5656728444802579,560,681,1241,0.0,0.0008333472224535399,0.5648670427074922,0.00016116035455278067
20656,17.213620227003783,0.5656728444802579,560,681,1241,0.0,0.0008333472224535399,0.5650282030620449,0.00016116035455278067
20657,17.214453574226237,0.5656728444802579,560,681,1241,0.0,0.0008333472224535399,0.5651087832393212,8.058017727639034e-05
20658,17.21528692144869,0.5656728444802579,560,681,1241,0.0,0.0008333472224535399,0.565269943593874,0.00016116035455278067
20659,17.216120268671144,0.5656728444802579,560,681,1241,0.0,0.0008333472224535399,0.5654311039484267,0.00016116035455278067
20660,17.216953615893598,0.5656728444802579,560,681,1241,0.0,0.0008333472224535399,0.5655922643029794,0.00016116035455278067
20661,17.21778696311605,0.5656728444802579,560,681,1241,0.0,0.0008333472224535399,0.5656728444802557,8.058017727639034e-05
20662,17.218620310338505,0.5656728444802579,560,681,1241,0.0,0.0008333472224535399,0.5656728444802557,0.0
20663,17.219453657560962,0.5664786462530218,560,681,1241,0.0008058017727639033,0.0008333472224570926,0.565753424657532,8.058017727639034e-05
20664,17.220287004783415,0.5664786462530218,560,681,1241,0.0,0.0008333472224535399,0.5658340048348084,8.058017727639034e-05
20665,17.22112035200587,0.5664786462530218,560,681,1241,0.0,0.0008333472224535399,0.5659145850120847,8.058017727639034e-05
20666,17.221953699228322,0.5664786462530218,560,681,1241,0.0,0.0008333472224535399,0.5659951651893611,8.058017727639034e-05
20667,17.222787046450776,0.5664786462530218,560,681,1241,0.0,0.0008333472224535399,0.5660757453666374,8.058017727639034e-05
20668,17.22362039367323,0.5664786462530218,560,681,1241,0.0,0.0008333472224535399,0.5661563255439137,8.058017727639034e-05
20669,17.224453740895683,0.5664786462530218,560,681,1241,0.0,0.0008333472224535399,0.5662369057211901,8.058017727639034e-05
20670,17.225287088118137,0.5664786462530218,560,681,1241,0.0,0.0008333472224535399,0.5663174858984664,8.058017727639034e-05
20671,17.22612043534059,0.5672844480257857,560,681,1241,0.0008058017727639033,0.0008333472224535399,0.5664786462530194,0.00016116035455278067
20672,17.226953782563044,0.5664786462530218,560,681,1241,-0.0008058017727639033,0.0008333472224535399,0.5665592264302957,8.058017727639034e-05
20673,17.227787129785497,0.5664786462530218,560,681,1241,0.0,0.0008333472224535399,0.5665592264302957,0.0
20674,17.22862047700795,0.5664786462530218,560,681,1241,0.0,0.0008333472224535399,0.5665592264302957,0.0
20675,17.229453824230404,0.5656728444802579,560,681,1241,-0.0008058017727639033,0.0008333472224535399,0.5664786462530192,-8.058017727639034e-05
20676,17.230287171452858,0.564867042707494,560,681,1241,-0.0008058017727639033,0.0008333472224535399,0.5663174858984664,-0.00016116035455278067
20677,17.23112051867531,0.5656728444802579,560,681,1241,0.0008058017727639033,0.0008333472224535399,0.56623690572119,-8.058017727639034e-05
20678,17.231953865897765,0.5656728444802579,560,681,1241,0.0,0.0008333472224535399,0.5661563255439137,-8.058017727639034e-05
20679,17.23278721312022,0.564867042707494,560,681,1241,-0.0008058017727639033,0.0008333472224535399,0.5659951651893609,-0.00016116035455278067
20680,17.233620560342672,0.564867042707494,560,681,1241,0.0,0.0008333472224535399,0.5658340048348081,-0.00016116035455278067
20681,17.234453907565126,0.5640612409347301,560,681,1241,-0.0008058017727639033,0.0008333472224535399,0.5655116841257024,-0.00032232070910556134
20682,17.23528725478758,0.5640612409347301,560,681,1241,0.0,0.0008333472224535399,0.5652699435938733,-0.00024174053182917098
20683,17.236120602010033,0.5640612409347301,560,681,1241,0.0,0.0008333472224535399,0.5650282030620442,-0.00024174053182917098
20684,17.23695394923249,0.564867042707494,560,681,1241,0.0008058017727639033,0.0008333472224570926,0.5648670427074913,-0.00016116035455278067
20685,17.237787296454943,0.564867042707494,560,681,1241,0.0,0.0008333472224535399,0.564786462530215,-8.058017727639034e-05
20686,17.238620643677397,0.5640612409347301,560,681,1241,-0.0008058017727639033,0.0008333472224535399,0.5647058823529386,-8.058017727639034e-05
20687,17.23945399089985,0.5640612409347301,560,681,1241,0.0,0.0008333472224535399,0.5645447219983859,-0.00016116035455278067
20688,17.240287338122304,0.5640612409347301,560,681,1241,0.0,0.0008333472224535399,0.5643835616438333,-0.00016116035455278067
20689,17.241120685344757,0.5632554391619662,560,681,1241,-0.0008058017727639033,0.0008333472224535399,0.5642224012892805,-0.00016116035455278067
20690,17.24195403256721,0.5632554391619662,560,681,1241,0.0,0.0008333472224535399,0.5640612409347276,-0.00016116035455278067
20691,17.242787379789664,0.5632554391619662,560,681,1241,0.0,0.0008333472224535399,0.5639806607574513,-8.058017727639034e-05
20692,17.243620727012118,0.5632554391619662,560,681,1241,0.0,0.0008333472224535399,0.563900080580175,-8.058017727639034e-05
20693,17.24445407423457,0.5624496373892023,560,681,1241,-0.0008058017727639033,0.0008333472224535399,0.5637389202256221,-0.00016116035455278067
20694,17.245287421457025,0.5624496373892023,560,681,1241,0.0,0.0008333472224535399,0.5634971796937929,-0.00024174053182917098
20695,17.24612076867948,0.5632554391619662,560,681,1241,0.0008058017727639033,0.0008333472224535399,0.5633360193392402,-0.00016116035455278067
20696,17.246954115901932,0.5640612409347301,560,681,1241,0.0008058017727639033,0.0008333472224535399,0.56333601933924,0.0
20697,17.247787463124386,0.564867042707494,560,681,1241,0.0008058017727639033,0.0008333472224535399,0.5634165995165163,8.058017727639034e-05
20698,17.24862081034684,0.564867042707494,560,681,1241,0.0,0.0008333472224535399,0.5634971796937928,8.058017727639034e-05
20699,17.249454157569293,0.564867042707494,560,681,1241,0.0,0.0008333472224535399,0.5636583400483455,0.00016116035455278067
20700,17.250287504791746,0.564867042707494,560,681,1241,0.0,0.0008333472224535399,0.5638195004028983,0.00016116035455278067
20701,17.2511208520142,0.5640612409347301,560,681,1241,-0.0008058017727639033,0.0008333472224535399,0.5639000805801747,8.058017727639034e-05
20702,17.251954199236653,0.5640612409347301,560,681,1241,0.0,0.0008333472224535399,0.5639806607574511,8.058017727639034e-05
20703,17.252787546459107,0.5632554391619662,560,681,1241,-0.0008058017727639033,0.0008333472224535399,0.5640612409347275,8.058017727639034e-05
20704,17.25362089368156,0.5632554391619662,560,681,1241,0.0,0.0008333472224535399,0.5641418211120038,8.058017727639034e-05
20705,17.254454240904014,0.5632554391619662,560,681,1241,0.0,0.0008333472224535399,0.5641418211120038,0.0
20706,17.25528758812647,0.5632554391619662,560,681,1241,0.0,0.0008333472224570926,0.5640612409347275,-8.058017727639034e-05
20707,17.256120935348925,0.5632554391619662,560,681,1241,0.0,0.0008333472224535399,0.5639000805801747,-0.00016116035455278067
20708,17.256954282571378,0.5624496373892023,560,681,1241,-0.0008058017727639033,0.0008333472224535399,0.5636583400483456,-0.00024174053182917098
20709,17.25778762979383,0.5624496373892023,560,681,1241,0.0,0.0008333472224535399,0.5634165995165163,-0.00024174053182917098
20710,17.258620977016285,0.5616438356164384,560,681,1241,-0.0008058017727639033,0.0008333472224535399,0.5630942788074108,-0.00032232070910556134
20711,17.25945432423874,0.5616438356164384,560,681,1241,0.0,0.0008333472224535399,0.5628525382755816,-0.00024174053182917098
20712,17.260287671461192,0.5616438356164384,560,681,1241,0.0,0.0008333472224535399,0.5626107977437524,-0.00024174053182917098
20713,17.261121018683646,0.5624496373892023,560,681,1241,0.0008058017727639033,0.0008333472224535399,0.5625302175664759,-8.058017727639034e-05
20714,17.2619543659061,0.5624496373892023,560,681,1241,0.0,0.0008333472224535399,0.5624496373891996,-8.058017727639034e-05
20715,17.262787713128553,0.5624496373892023,560,681,1241,0.0,0.0008333472224535399,0.5623690572119233,-8.058017727639034e-05
20716,17.263621060351007,0.5624496373892023,560,681,1241,0.0,0.0008333472224535399,0.5622884770346469,-8.058017727639034e-05
20717,17.26445440757346,0.5616438356164384,560,681,1241,-0.0008058017727639033,0.0008333472224535399,0.5621273166800942,-0.00016116035455278067
20718,17.265287754795914,0.5616438356164384,560,681,1241,0.0,0.0008333472224535399,0.5620467365028178,-8.058017727639034e-05
20719,17.266121102018367,0.5616438356164384,560,681,1241,0.0,0.0008333472224535399,0.5619661563255415,-8.058017727639034e-05
20720,17.26695444924082,0.5616438356164384,560,681,1241,0.0,0.0008333472224535399,0.5619661563255415,0.0
20721,17.267787796463274,0.5616438356164384,560,681,1241,0.0,0.0008333472224535399,0.5619661563255415,0.0
20722,17.268621143685728,0.5616438356164384,560,681,1241,0.0,0.0008333472224535399,0.5619661563255415,0.0
20723,17.26945449090818,0.5624496373892023,560,681,1241,0.0008058017727639033,0.0008333472224535399,0.5619661563255415,0.0
20724,17.270287838130635,0.5624496373892023,560,681,1241,0.0,0.0008333472224535399,0.5619661563255415,0.0
20725,17.27112118535309,0.5624496373892023,560,681,1241,0.0,0.0008333472224535399,0.5619661563255415,0.0
20726,17.271954532575542,0.5624496373892023,560,681,1241,0.0,0.0008333472224535399,0.5619661563255415,0.0
20727,17.272787879798,0.5624496373892023,560,681,1241,0.0,0.0008333472224570926,0.5620467365028178,8.058017727639034e-05
20728,17.273621227020453,0.5624496373892023,560,681,1241,0.0,0.0008333472224535399,0.5621273166800942,8.058017727639034e-05
20729,17.274454574242906,0.5624496373892023,560,681,1241,0.0,0.0008333472224535399,0.5622078968573705,8.058017727639034e-05
20730,17.27528792146536,0.5616438356164384,560,681,1241,-0.0008058017727639033,0.0008333472224535399,0.5622078968573705,0.0
20731,17.276121268687813,0.5616438356164384,560,681,1241,0.0,0.0008333472224535399,0.5622078968573705,0.0
20732,17.276954615910267,0.5608380338436745,560,681,1241,-0.0008058017727639033,0.0008333472224535399,0.5621273166800942,-8.058017727639034e-05
20733,17.27778796313272,0.5608380338436745,560,681,1241,0.0,0.0008333472224535399,0.5619661563255415,-0.00016116035455278067
20734,17.278621310355174,0.5608380338436745,560,681,1241,0.0,0.0008333472224535399,0.5618049959709888,-0.00016116035455278067
20735,17.279454657577627,0.5608380338436745,560,681,1241,0.0,0.0008333472224535399,0.561643835616436,-0.00016116035455278067
20736,17.28028800480008,0.5608380338436745,560,681,1241,0.0,0.0008333472224535399,0.5614826752618833,-0.00016116035455278067
20737,17.281121352022534,0.5616438356164384,560,681,1241,0.0008058017727639033,0.0008333472224535399,0.561402095084607,-8.058017727639034e-05
20738,17.281954699244988,0.5616438356164384,560,681,1241,0.0,0.0008333472224535399,0.5613215149073307,-8.058017727639034e-05
20739,17.28278804646744,0.5616438356164384,560,681,1241,0.0,0.0008333472224535399,0.5612409347300543,-8.058017727639034e-05
20740,17.283621393689895,0.5616438356164384,560,681,1241,0.0,0.0008333472224535399,0.5612409347300543,0.0
20741,17.28445474091235,0.5624496373892023,560,681,1241,0.0008058017727639033,0.0008333472224535399,0.5613215149073307,8.058017727639034e-05
20742,17.285288088134802,0.5624496373892023,560,681,1241,0.0,0.0008333472224535399,0.5614826752618833,0.00016116035455278067
20743,17.286121435357256,0.5624496373892023,560,681,1241,0.0,0.0008333472224535399,0.561643835616436,0.00016116035455278067
20744,17.28695478257971,0.5624496373892023,560,681,1241,0.0,0.0008333472224535399,0.5618049959709888,0.00016116035455278067
20745,17.287788129802163,0.5624496373892023,560,681,1241,0.0,0.0008333472224535399,0.5619661563255415,0.00016116035455278067
20746,17.288621477024616,0.5624496373892023,560,681,1241,0.0,0.0008333472224535399,0.5621273166800942,0.00016116035455278067
20747,17.28945482424707,0.5624496373892023,560,681,1241,0.0,0.0008333472224535399,0.5622078968573705,8.058017727639034e-05
20748,17.290288171469527,0.5624496373892023,560,681,1241,0.0,0.0008333472224570926,0.5622884770346468,8.058017727639034e-05
20749,17.29112151869198,0.5624496373892023,560,681,1241,0.0,0.0008333472224535399,0.5623690572119232,8.058017727639034e-05
20750,17.291954865914434,0.5624496373892023,560,681,1241,0.0,0.0008333472224535399,0.5624496373891995,8.058017727639034e-05
20751,17.292788213136888,0.5624496373892023,560,681,1241,0.0,0.0008333472224535399,0.5624496373891995,0.0
20752,17.29362156035934,0.5624496373892023,560,681,1241,0.0,0.0008333472224535399,0.5624496373891995,0.0
20753,17.294454907581795,0.5624496373892023,560,681,1241,0.0,0.0008333472224535399,0.5624496373891995,0.0
20754,17.295288254804248,0.5624496373892023,560,681,1241,0.0,0.0008333472224535399,0.5624496373891995,0.0
20755,17.2961216020267,0.5632554391619662,560,681,1241,0.0008058017727639033,0.0008333472224535399,0.5625302175664759,8.058017727639034e-05
20756,17.296954949249155,0.5632554391619662,560,681,1241,0.0,0.0008333472224535399,0.5626107977437522,8.058017727639034e-05
20757,17.29778829647161,0.5640612409347301,560,681,1241,0.0008058017727639033,0.0008333472224535399,0.562771958098305,0.00016116035455278067
20758,17.298621643694062,0.5632554391619662,560,681,1241,-0.0008058017727639033,0.0008333472224535399,0.5628525382755815,8.058017727639034e-05
20759,17.299454990916516,0.5632554391619662,560,681,1241,0.0,0.0008333472224535399,0.5629331184528578,8.058017727639034e-05
20760,17.30028833813897,0.5632554391619662,560,681,1241,0.0,0.0008333472224535399,0.5630136986301342,8.058017727639034e-05
20761,17.301121685361423,0.5632554391619662,560,681,1241,0.0,0.0008333472224535399,0.5630942788074105,8.058017727639034e-05
20762,17.301955032583876,0.5640612409347301,560,681,1241,0.0008058017727639033,0.0008333472224535399,0.5632554391619633,0.00016116035455278067
20763,17.30278837980633,0.5640612409347301,560,681,1241,0.0,0.0008333472224535399,0.5634165995165162,0.00016116035455278067
20764,17.303621727028784,0.5640612409347301,560,681,1241,0.0,0.0008333472224535399,0.5635777598710691,0.00016116035455278067
20765,17.304455074251237,0.5640612409347301,560,681,1241,0.0,0.0008333472224535399,0.5636583400483455,8.058017727639034e-05
20766,17.30528842147369,0.564867042707494,560,681,1241,0.0008058017727639033,0.0008333472224535399,0.5638195004028983,0.00016116035455278067
20767,17.306121768696144,0.5656728444802579,560,681,1241,0.0008058017727639033,0.0008333472224535399,0.563980660757451,0.00016116035455278067
20768,17.306955115918598,0.5664786462530218,560,681,1241,0.0008058017727639033,0.0008333472224535399,0.5643029814665566,0.00032232070910556134
20769,17.307788463141055,0.5664786462530218,560,681,1241,0.0,0.0008333472224570926,0.5646253021756621,0.00032232070910556134
20770,17.30862181036351,0.5664786462530218,560,681,1241,0.0,0.0008333472224535399,0.5649476228847676,0.00032232070910556134
20771,17.309455157585962,0.5664786462530218,560,681,1241,0.0,0.0008333472224535399,0.5652699435938733,0.00032232070910556134
20772,17.310288504808415,0.5656728444802579,560,681,1241,-0.0008058017727639033,0.0008333472224535399,0.5654311039484259,0.00016116035455278067
20773,17.31112185203087,0.5656728444802579,560,681,1241,0.0,0.0008333472224535399,0.5655922643029786,0.00016116035455278067
20774,17.311955199253322,0.5656728444802579,560,681,1241,0.0,0.0008333472224535399,0.5657534246575313,0.00016116035455278067
20775,17.312788546475776,0.5656728444802579,560,681,1241,0.0,0.0008333472224535399,0.565914585012084,0.00016116035455278067
20776,17.31362189369823,0.5656728444802579,560,681,1241,0.0,0.0008333472224535399,0.5659951651893603,8.058017727639034e-05
20777,17.314455240920683,0.5656728444802579,560,681,1241,0.0,0.0008333472224535399,0.5659951651893603,0.0
20778,17.315288588143137,0.5656728444802579,560,681,1241,0.0,0.0008333472224535399,0.5659145850120839,-8.058017727639034e-05
20779,17.31612193536559,0.5656728444802579,560,681,1241,0.0,0.0008333472224535399,0.5658340048348076,-8.058017727639034e-05
20780,17.316955282588044,0.5656728444802579,560,681,1241,0.0,0.0008333472224535399,0.5657534246575312,-8.058017727639034e-05
20781,17.317788629810497,0.5656728444802579,560,681,1241,0.0,0.0008333472224535399,0.5656728444802549,-8.058017727639034e-05
20782,17.31862197703295,0.5656728444802579,560,681,1241,0.0,0.0008333472224535399,0.565672844480255,0.0
20783,17.319455324255404,0.5656728444802579,560,681,1241,0.0,0.0008333472224535399,0.565672844480255,0.0
20784,17.320288671477858,0.5656728444802579,560,681,1241,0.0,0.0008333472224535399,0.565672844480255,0.0
20785,17.32112201870031,0.5656728444802579,560,681,1241,0.0,0.0008333472224535399,0.565672844480255,0.0
20786,17.321955365922765,0.5656728444802579,560,681,1241,0.0,0.0008333472224535399,0.565672844480255,0.0
20787,17.32278871314522,0.5656728444802579,560,681,1241,0.0,0.0008333472224535399,0.565672844480255,0.0
20788,17.323622060367672,0.5656728444802579,560,681,1241,0.0,0.0008333472224535399,0.565672844480255,0.0
20789,17.324455407590126,0.5656728444802579,560,681,1241,0.0,0.0008333472224535399,0.565672844480255,0.0
20790,17.325288754812583,0.564867042707494,560,681,1241,-0.0008058017727639033,0.0008333472224570926,0.5655922643029786,-8.058017727639034e-05
20791,17.326122102035036,0.564867042707494,560,681,1241,0.0,0.0008333472224535399,0.5655116841257023,-8.058017727639034e-05
20792,17.32695544925749,0.564867042707494,560,681,1241,0.0,0.0008333472224535399,0.5654311039484259,-8.058017727639034e-05
20793,17.327788796479943,0.5640612409347301,560,681,1241,-0.0008058017727639033,0.0008333472224535399,0.5652699435938733,-0.00016116035455278067
20794,17.328622143702397,0.5640612409347301,560,681,1241,0.0,0.0008333472224535399,0.5651087832393206,-0.00016116035455278067
20795,17.32945549092485,0.564867042707494,560,681,1241,0.0008058017727639033,0.0008333472224535399,0.5650282030620442,-8.058017727639034e-05
20796,17.330288838147304,0.564867042707494,560,681,1241,0.0,0.0008333472224535399,0.5649476228847679,-8.058017727639034e-05
20797,17.331122185369757,0.564867042707494,560,681,1241,0.0,0.0008333472224535399,0.5648670427074916,-8.058017727639034e-05
20798,17.33195553259221,0.564867042707494,560,681,1241,0.0,0.0008333472224535399,0.5647864625302151,-8.058017727639034e-05
20799,17.332788879814665,0.5640612409347301,560,681,1241,-0.0008058017727639033,0.0008333472224535399,0.5646253021756624,-0.00016116035455278067
20800,17.333622227037118,0.5640612409347301,560,681,1241,0.0,0.0008333472224535399,0.5645447219983861,-8.058017727639034e-05
20801,17.33445557425957,0.5640612409347301,560,681,1241,0.0,0.0008333472224535399,0.5644641418211098,-8.058017727639034e-05
20802,17.335288921482025,0.5640612409347301,560,681,1241,0.0,0.0008333472224535399,0.5643835616438334,-8.058017727639034e-05
20803,17.33612226870448,0.564867042707494,560,681,1241,0.0008058017727639033,0.0008333472224535399,0.5644641418211098,8.058017727639034e-05
20804,17.336955615926932,0.564867042707494,560,681,1241,0.0,0.0008333472224535399,0.5645447219983861,8.058017727639034e-05
20805,17.337788963149386,0.564867042707494,560,681,1241,0.0,0.0008333472224535399,0.5645447219983861,0.0
20806,17.33862231037184,0.5640612409347301,560,681,1241,-0.0008058017727639033,0.0008333472224535399,0.5644641418211098,-8.058017727639034e-05
20807,17.339455657594293,0.564867042707494,560,681,1241,0.0008058017727639033,0.0008333472224535399,0.5644641418211098,0.0
20808,17.340289004816746,0.564867042707494,560,681,1241,0.0,0.0008333472224535399,0.5644641418211098,0.0
20809,17.3411223520392,0.564867042707494,560,681,1241,0.0,0.0008333472224535399,0.5645447219983861,8.058017727639034e-05
20810,17.341955699261653,0.5640612409347301,560,681,1241,-0.0008058017727639033,0.0008333472224535399,0.5645447219983861,0.0
20811,17.34278904648411,0.5632554391619662,560,681,1241,-0.0008058017727639033,0.0008333472224570926,0.5644641418211098,-8.058017727639034e-05
20812,17.343622393706564,0.5640612409347301,560,681,1241,0.0008058017727639033,0.0008333472224535399,0.5644641418211098,0.0
20813,17.344455740929018,0.5640612409347301,560,681,1241,0.0,0.0008333472224535399,0.5643835616438334,-8.058017727639034e-05
20814,17.34528908815147,0.5640612409347301,560,681,1241,0.0,0.0008333472224535399,0.5643029814665571,-8.058017727639034e-05
20815,17.346122435373925,0.5640612409347301,560,681,1241,0.0,0.0008333472224535399,0.5642224012892807,-8.058017727639034e-05
20816,17.34695578259638,0.5640612409347301,560,681,1241,0.0,0.0008333472224535399,0.5642224012892807,0.0
20817,17.347789129818832,0.5640612409347301,560,681,1241,0.0,0.0008333472224535399,0.5641418211120044,-8.058017727639034e-05
20818,17.348622477041285,0.5640612409347301,560,681,1241,0.0,0.0008333472224535399,0.5640612409347281,-8.058017727639034e-05
20819,17.34945582426374,0.5632554391619662,560,681,1241,-0.0008058017727639033,0.0008333472224535399,0.5639000805801753,-0.00016116035455278067
20820,17.350289171486192,0.5632554391619662,560,681,1241,0.0,0.0008333472224535399,0.5638195004028989,-8.058017727639034e-05
20821,17.351122518708646,0.5632554391619662,560,681,1241,0.0,0.0008333472224535399,0.5638195004028989,0.0
20822,17.3519558659311,0.5632554391619662,560,681,1241,0.0,0.0008333472224535399,0.5637389202256224,-8.058017727639034e-05
20823,17.352789213153553,0.5632554391619662,560,681,1241,0.0,0.0008333472224535399,0.5636583400483461,-8.058017727639034e-05
20824,17.353622560376007,0.5632554391619662,560,681,1241,0.0,0.0008333472224535399,0.5635777598710698,-8.058017727639034e-05
20825,17.35445590759846,0.5640612409347301,560,681,1241,0.0008058017727639033,0.0008333472224535399,0.5635777598710698,0.0
20826,17.355289254820914,0.5640612409347301,560,681,1241,0.0,0.0008333472224535399,0.5635777598710698,0.0
20827,17.356122602043367,0.5640612409347301,560,681,1241,0.0,0.0008333472224535399,0.5635777598710698,0.0
20828,17.35695594926582,0.5640612409347301,560,681,1241,0.0,0.0008333472224535399,0.5635777598710698,0.0
20829,17.357789296488274,0.5632554391619662,560,681,1241,-0.0008058017727639033,0.0008333472224535399,0.5635777598710698,0.0
20830,17.358622643710728,0.5632554391619662,560,681,1241,0.0,0.0008333472224535399,0.5635777598710698,0.0
20831,17.35945599093318,0.5632554391619662,560,681,1241,0.0,0.0008333472224535399,0.5635777598710698,0.0
20832,17.360289338155635,0.5632554391619662,560,681,1241,0.0,0.0008333472224535399,0.5635777598710698,0.0
20833,17.361122685378092,0.5632554391619662,560,681,1241,0.0,0.0008333472224570926,0.5635777598710698,0.0
20834,17.361956032600546,0.5632554391619662,560,681,1241,0.0,0.0008333472224535399,0.5635777598710698,0.0
20835,17.362789379823,0.5640612409347301,560,681,1241,0.0008058017727639033,0.0008333472224535399,0.5635777598710698,0.0
20836,17.363622727045453,0.5640612409347301,560,681,1241,0.0,0.0008333472224535399,0.5635777598710698,0.0
20837,17.364456074267906,0.5640612409347301,560,681,1241,0.0,0.0008333472224535399,0.5635777598710698,0.0
20838,17.36528942149036,0.5640612409347301,560,681,1241,0.0,0.0008333472224535399,0.5635777598710698,0.0
20839,17.366122768712813,0.5632554391619662,560,681,1241,-0.0008058017727639033,0.0008333472224535399,0.5635777598710698,0.0
20840,17.366956115935267,0.5632554391619662,560,681,1241,0.0,0.0008333472224535399,0.5635777598710698,0.0
20841,17.36778946315772,0.5632554391619662,560,681,1241,0.0,0.0008333472224535399,0.5635777598710698,0.0
20842,17.368622810380174,0.5632554391619662,560,681,1241,0.0,0.0008333472224535399,0.5635777598710698,0.0
20843,17.369456157602627,0.5632554391619662,560,681,1241,0.0,0.0008333472224535399,0.5635777598710698,0.0
20844,17.37028950482508,0.5640612409347301,560,681,1241,0.0008058017727639033,0.0008333472224535399,0.5636583400483463,8.058017727639034e-05
20845,17.371122852047534,0.5640612409347301,560,681,1241,0.0,0.0008333472224535399,0.5636583400483461,0.0
20846,17.371956199269988,0.564867042707494,560,681,1241,0.0008058017727639033,0.0008333472224535399,0.5637389202256224,8.058017727639034e-05
20847,17.37278954649244,0.564867042707494,560,681,1241,0.0,0.0008333472224535399,0.5638195004028989,8.058017727639034e-05
20848,17.373622893714895,0.564867042707494,560,681,1241,0.0,0.0008333472224535399,0.5639000805801752,8.058017727639034e-05
20849,17.37445624093735,0.564867042707494,560,681,1241,0.0,0.0008333472224535399,0.564061240934728,0.00016116035455278067
20850,17.375289588159802,0.564867042707494,560,681,1241,0.0,0.0008333472224535399,0.5642224012892807,0.00016116035455278067
20851,17.376122935382256,0.564867042707494,560,681,1241,0.0,0.0008333472224535399,0.5643835616438335,0.00016116035455278067
20852,17.37695628260471,0.564867042707494,560,681,1241,0.0,0.0008333472224535399,0.5645447219983863,0.00016116035455278067
20853,17.377789629827163,0.5656728444802579,560,681,1241,0.0008058017727639033,0.0008333472224535399,0.5647864625302155,0.00024174053182917098
20854,17.37862297704962,0.5656728444802579,560,681,1241,0.0,0.0008333472224570926,0.5649476228847682,0.00016116035455278067
20855,17.379456324272073,0.564867042707494,560,681,1241,-0.0008058017727639033,0.0008333472224535399,0.5650282030620446,8.058017727639034e-05
20856,17.380289671494527,0.5656728444802579,560,681,1241,0.0008058017727639033,0.0008333472224535399,0.5651087832393209,8.058017727639034e-05
20857,17.38112301871698,0.5656728444802579,560,681,1241,0.0,0.0008333472224535399,0.5651893634165972,8.058017727639034e-05
20858,17.381956365939434,0.564867042707494,560,681,1241,-0.0008058017727639033,0.0008333472224535399,0.5651893634165972,0.0
20859,17.382789713161888,0.564867042707494,560,681,1241,0.0,0.0008333472224535399,0.5651893634165972,0.0
20860,17.38362306038434,0.564867042707494,560,681,1241,0.0,0.0008333472224535399,0.5651893634165972,0.0
20861,17.384456407606795,0.564867042707494,560,681,1241,0.0,0.0008333472224535399,0.5651893634165972,0.0
20862,17.385289754829248,0.564867042707494,560,681,1241,0.0,0.0008333472224535399,0.5651893634165972,0.0
20863,17.3861231020517,0.564867042707494,560,681,1241,0.0,0.0008333472224535399,0.5651087832393209,-8.058017727639034e-05
20864,17.386956449274155,0.564867042707494,560,681,1241,0.0,0.0008333472224535399,0.5650282030620446,-8.058017727639034e-05
20865,17.38778979649661,0.564867042707494,560,681,1241,0.0,0.0008333472224535399,0.5650282030620446,0.0
20866,17.388623143719062,0.564867042707494,560,681,1241,0.0,0.0008333472224535399,0.5649476228847682,-8.058017727639034e-05
20867,17.389456490941516,0.5656728444802579,560,681,1241,0.0008058017727639033,0.0008333472224535399,0.5649476228847682,0.0
20868,17.39028983816397,0.564867042707494,560,681,1241,-0.0008058017727639033,0.0008333472224535399,0.5649476228847682,0.0
20869,17.391123185386423,0.564867042707494,560,681,1241,0.0,0.0008333472224535399,0.5649476228847682,0.0
20870,17.391956532608877,0.564867042707494,560,681,1241,0.0,0.0008333472224535399,0.5649476228847682,0.0
20871,17.39278987983133,0.5640612409347301,560,681,1241,-0.0008058017727639033,0.0008333472224535399,0.5648670427074919,-8.058017727639034e-05
20872,17.393623227053784,0.5640612409347301,560,681,1241,0.0,0.0008333472224535399,0.5647864625302155,-8.058017727639034e-05
20873,17.394456574276237,0.5632554391619662,560,681,1241,-0.0008058017727639033,0.0008333472224535399,0.5646253021756628,-0.00016116035455278067
20874,17.39528992149869,0.5640612409347301,560,681,1241,0.0008058017727639033,0.0008333472224535399,0.5645447219983863,-8.058017727639034e-05
20875,17.396123268721148,0.5640612409347301,560,681,1241,0.0,0.0008333472224570926,0.5644641418211099,-8.058017727639034e-05
20876,17.3969566159436,0.5640612409347301,560,681,1241,0.0,0.0008333472224535399,0.5643835616438336,-8.058017727639034e-05
20877,17.397789963166055,0.5640612409347301,560,681,1241,0.0,0.0008333472224535399,0.5642224012892809,-0.00016116035455278067
20878,17.39862331038851,0.5640612409347301,560,681,1241,0.0,0.0008333472224535399,0.5641418211120046,-8.058017727639034e-05
20879,17.399456657610962,0.5640612409347301,560,681,1241,0.0,0.0008333472224535399,0.5640612409347282,-8.058017727639034e-05
20880,17.400290004833415,0.5640612409347301,560,681,1241,0.0,0.0008333472224535399,0.5639806607574519,-8.058017727639034e-05
20881,17.40112335205587,0.5640612409347301,560,681,1241,0.0,0.0008333472224535399,0.5639806607574519,0.0
20882,17.401956699278323,0.5640612409347301,560,681,1241,0.0,0.0008333472224535399,0.5639806607574519,0.0
20883,17.402790046500776,0.5640612409347301,560,681,1241,0.0,0.0008333472224535399,0.5640612409347283,8.058017727639034e-05
20884,17.40362339372323,0.5640612409347301,560,681,1241,0.0,0.0008333472224535399,0.5640612409347282,0.0
20885,17.404456740945683,0.5640612409347301,560,681,1241,0.0,0.0008333472224535399,0.5640612409347282,0.0
20886,17.405290088168137,0.5640612409347301,560,681,1241,0.0,0.0008333472224535399,0.5640612409347282,0.0
20887,17.40612343539059,0.5640612409347301,560,681,1241,0.0,0.0008333472224535399,0.5640612409347282,0.0
20888,17.406956782613044,0.5632554391619662,560,681,1241,-0.0008058017727639033,0.0008333472224535399,0.5639806607574519,-8.058017727639034e-05
20889,17.407790129835497,0.5632554391619662,560,681,1241,0.0,0.0008333472224535399,0.5639000805801755,-8.058017727639034e-05
20890,17.40862347705795,0.5632554391619662,560,681,1241,0.0,0.0008333472224535399,0.5638195004028992,-8.058017727639034e-05
20891,17.409456824280404,0.5632554391619662,560,681,1241,0.0,0.0008333472224535399,0.5637389202256229,-8.058017727639034e-05
20892,17.410290171502858,0.5624496373892023,560,681,1241,-0.0008058017727639033,0.0008333472224535399,0.56357775987107,-0.00016116035455278067
20893,17.41112351872531,0.5624496373892023,560,681,1241,0.0,0.0008333472224535399,0.5634165995165171,-0.00016116035455278067
20894,17.411956865947765,0.5624496373892023,560,681,1241,0.0,0.0008333472224535399,0.5632554391619642,-0.00016116035455278067
20895,17.41279021317022,0.5624496373892023,560,681,1241,0.0,0.0008333472224535399,0.5630942788074114,-0.00016116035455278067
20896,17.413623560392676,0.5624496373892023,560,681,1241,0.0,0.0008333472224570926,0.5629331184528585,-0.00016116035455278067
20897,17.41445690761513,0.5632554391619662,560,681,1241,0.0008058017727639033,0.0008333472224535399,0.5628525382755821,-8.058017727639034e-05
20898,17.415290254837583,0.5632554391619662,560,681,1241,0.0,0.0008333472224535399,0.5628525382755821,0.0
20899,17.416123602060036,0.5632554391619662,560,681,1241,0.0,0.0008333472224535399,0.5628525382755821,0.0
20900,17.41695694928249,0.5632554391619662,560,681,1241,0.0,0.0008333472224535399,0.5628525382755821,0.0
20901,17.417790296504943,0.5632554391619662,560,681,1241,0.0,0.0008333472224535399,0.5628525382755821,0.0
20902,17.418623643727397,0.5632554391619662,560,681,1241,0.0,0.0008333472224535399,0.5629331184528585,8.058017727639034e-05
20903,17.41945699094985,0.5632554391619662,560,681,1241,0.0,0.0008333472224535399,0.5630136986301348,8.058017727639034e-05
20904,17.420290338172304,0.5632554391619662,560,681,1241,0.0,0.0008333472224535399,0.5630942788074111,8.058017727639034e-05
20905,17.421123685394758,0.5632554391619662,560,681,1241,0.0,0.0008333472224535399,0.5631748589846876,8.058017727639034e-05
20906,17.42195703261721,0.5632554391619662,560,681,1241,0.0,0.0008333472224535399,0.5632554391619639,8.058017727639034e-05
20907,17.422790379839665,0.5632554391619662,560,681,1241,0.0,0.0008333472224535399,0.5632554391619639,0.0
20908,17.423623727062118,0.5632554391619662,560,681,1241,0.0,0.0008333472224535399,0.5632554391619639,0.0
20909,17.42445707428457,0.5624496373892023,560,681,1241,-0.0008058017727639033,0.0008333472224535399,0.5631748589846874,-8.058017727639034e-05
20910,17.425290421507025,0.5624496373892023,560,681,1241,0.0,0.0008333472224535399,0.5630942788074111,-8.058017727639034e-05
20911,17.42612376872948,0.5624496373892023,560,681,1241,0.0,0.0008333472224535399,0.5630136986301347,-8.058017727639034e-05
20912,17.426957115951932,0.5624496373892023,560,681,1241,0.0,0.0008333472224535399,0.5629331184528584,-8.058017727639034e-05
20913,17.427790463174386,0.5624496373892023,560,681,1241,0.0,0.0008333472224535399,0.562852538275582,-8.058017727639034e-05
20914,17.42862381039684,0.5616438356164384,560,681,1241,-0.0008058017727639033,0.0008333472224535399,0.5626913779210293,-0.00016116035455278067
20915,17.429457157619293,0.5616438356164384,560,681,1241,0.0,0.0008333472224535399,0.5625302175664765,-0.00016116035455278067
20916,17.430290504841746,0.5616438356164384,560,681,1241,0.0,0.0008333472224535399,0.5623690572119238,-0.00016116035455278067
20917,17.431123852064204,0.5624496373892023,560,681,1241,0.0008058017727639033,0.0008333472224570926,0.5622884770346472,-8.058017727639034e-05
20918,17.431957199286657,0.5624496373892023,560,681,1241,0.0,0.0008333472224535399,0.5622078968573709,-8.058017727639034e-05
20919,17.43279054650911,0.5624496373892023,560,681,1241,0.0,0.0008333472224535399,0.562207896857371,0.0
20920,17.433623893731564,0.5624496373892023,560,681,1241,0.0,0.0008333472224535399,0.562207896857371,0.0
20921,17.434457240954018,0.5624496373892023,560,681,1241,0.0,0.0008333472224535399,0.562207896857371,0.0
20922,17.43529058817647,0.5624496373892023,560,681,1241,0.0,0.0008333472224535399,0.562207896857371,0.0
20923,17.436123935398925,0.5624496373892023,560,681,1241,0.0,0.0008333472224535399,0.562207896857371,0.0
20924,17.43695728262138,0.5632554391619662,560,681,1241,0.0008058017727639033,0.0008333472224535399,0.5623690572119238,0.00016116035455278067
20925,17.437790629843832,0.5632554391619662,560,681,1241,0.0,0.0008333472224535399,0.5625302175664766,0.00016116035455278067
20926,17.438623977066285,0.5624496373892023,560,681,1241,-0.0008058017727639033,0.0008333472224535399,0.5626107977437529,8.058017727639034e-05
20927,17.43945732428874,0.5616438356164384,560,681,1241,-0.0008058017727639033,0.0008333472224535399,0.5625302175664766,-8.058017727639034e-05
20928,17.440290671511192,0.5616438356164384,560,681,1241,0.0,0.0008333472224535399,0.5624496373892003,-8.058017727639034e-05
20929,17.441124018733646,0.5616438356164384,560,681,1241,0.0,0.0008333472224535399,0.5623690572119239,-8.058017727639034e-05
20930,17.4419573659561,0.5616438356164384,560,681,1241,0.0,0.0008333472224535399,0.5622884770346476,-8.058017727639034e-05
20931,17.442790713178553,0.5616438356164384,560,681,1241,0.0,0.0008333472224535399,0.5622078968573712,-8.058017727639034e-05
20932,17.443624060401007,0.5624496373892023,560,681,1241,0.0008058017727639033,0.0008333472224535399,0.5622078968573712,0.0
20933,17.44445740762346,0.5624496373892023,560,681,1241,0.0,0.0008333472224535399,0.5622078968573712,0.0
20934,17.445290754845914,0.5632554391619662,560,681,1241,0.0008058017727639033,0.0008333472224535399,0.5622078968573712,0.0
20935,17.446124102068367,0.5624496373892023,560,681,1241,-0.0008058017727639033,0.0008333472224535399,0.5621273166800947,-8.058017727639034e-05
20936,17.44695744929082,0.5624496373892023,560,681,1241,0.0,0.0008333472224535399,0.5621273166800949,0.0
20937,17.447790796513274,0.5624496373892023,560,681,1241,0.0,0.0008333472224535399,0.5622078968573712,8.058017727639034e-05
20938,17.448624143735728,0.5624496373892023,560,681,1241,0.0,0.0008333472224535399,0.5622884770346476,8.058017727639034e-05
20939,17.449457490958185,0.5624496373892023,560,681,1241,0.0,0.0008333472224570926,0.5623690572119239,8.058017727639034e-05
20940,17.45029083818064,0.5624496373892023,560,681,1241,0.0,0.0008333472224535399,0.5624496373892003,8.058017727639034e-05
20941,17.451124185403092,0.5624496373892023,560,681,1241,0.0,0.0008333472224535399,0.5625302175664766,8.058017727639034e-05
20942,17.451957532625546,0.5624496373892023,560,681,1241,0.0,0.0008333472224535399,0.5625302175664766,0.0
20943,17.452790879848,0.5624496373892023,560,681,1241,0.0,0.0008333472224535399,0.5625302175664766,0.0
20944,17.453624227070453,0.5624496373892023,560,681,1241,0.0,0.0008333472224535399,0.5624496373892002,-8.058017727639034e-05
20945,17.454457574292906,0.5624496373892023,560,681,1241,0.0,0.0008333472224535399,0.5624496373892003,0.0
20946,17.45529092151536,0.5624496373892023,560,681,1241,0.0,0.0008333472224535399,0.5624496373892003,0.0
20947,17.456124268737813,0.5624496373892023,560,681,1241,0.0,0.0008333472224535399,0.5624496373892003,0.0
20948,17.456957615960267,0.5624496373892023,560,681,1241,0.0,0.0008333472224535399,0.5624496373892003,0.0
20949,17.45779096318272,0.5624496373892023,560,681,1241,0.0,0.0008333472224535399,0.5624496373892003,0.0
20950,17.458624310405174,0.5624496373892023,560,681,1241,0.0,0.0008333472224535399,0.5624496373892003,0.0
20951,17.459457657627627,0.5632554391619662,560,681,1241,0.0008058017727639033,0.0008333472224535399,0.5625302175664766,8.058017727639034e-05
20952,17.46029100485008,0.5632554391619662,560,681,1241,0.0,0.0008333472224535399,0.5626107977437529,8.058017727639034e-05
20953,17.461124352072535,0.5624496373892023,560,681,1241,-0.0008058017727639033,0.0008333472224535399,0.5626107977437529,0.0
20954,17.461957699294988,0.5624496373892023,560,681,1241,0.0,0.0008333472224535399,0.5626107977437529,0.0
20955,17.46279104651744,0.5624496373892023,560,681,1241,0.0,0.0008333472224535399,0.5626107977437529,0.0
20956,17.463624393739895,0.5624496373892023,560,681,1241,0.0,0.0008333472224535399,0.5626107977437529,0.0
20957,17.46445774096235,0.5624496373892023,560,681,1241,0.0,0.0008333472224535399,0.5626107977437529,0.0
20958,17.465291088184802,0.5632554391619662,560,681,1241,0.0008058017727639033,0.0008333472224535399,0.5626913779210293,8.058017727639034e-05
20959,17.466124435407256,0.5632554391619662,560,681,1241,0.0,0.0008333472224535399,0.5627719580983056,8.058017727639034e-05
20960,17.466957782629713,0.5632554391619662,560,681,1241,0.0,0.0008333472224570926,0.562852538275582,8.058017727639034e-05
20961,17.467791129852166,0.5632554391619662,560,681,1241,0.0,0.0008333472224535399,0.562852538275582,0.0
20962,17.46862447707462,0.5632554391619662,560,681,1241,0.0,0.0008333472224535399,0.562852538275582,0.0
20963,17.469457824297074,0.5632554391619662,560,681,1241,0.0,0.0008333472224535399,0.5629331184528583,8.058017727639034e-05
20964,17.470291171519527,0.5640612409347301,560,681,1241,0.0008058017727639033,0.0008333472224535399,0.5630942788074111,0.00016116035455278067
20965,17.47112451874198,0.5640612409347301,560,681,1241,0.0,0.0008333472224535399,0.5632554391619641,0.00016116035455278067
20966,17.471957865964434,0.5640612409347301,560,681,1241,0.0,0.0008333472224535399,0.5634165995165169,0.00016116035455278067
20967,17.472791213186888,0.5640612409347301,560,681,1241,0.0,0.0008333472224535399,0.5635777598710698,0.00016116035455278067
20968,17.47362456040934,0.5640612409347301,560,681,1241,0.0,0.0008333472224535399,0.5636583400483463,8.058017727639034e-05
20969,17.474457907631795,0.5640612409347301,560,681,1241,0.0,0.0008333472224535399,0.5637389202256226,8.058017727639034e-05
20970,17.47529125485425,0.564867042707494,560,681,1241,0.0008058017727639033,0.0008333472224535399,0.5639000805801754,0.00016116035455278067
20971,17.476124602076702,0.564867042707494,560,681,1241,0.0,0.0008333472224535399,0.5640612409347281,0.00016116035455278067
20972,17.476957949299155,0.564867042707494,560,681,1241,0.0,0.0008333472224535399,0.5642224012892809,0.00016116035455278067
20973,17.47779129652161,0.5640612409347301,560,681,1241,-0.0008058017727639033,0.0008333472224535399,0.5643029814665573,8.058017727639034e-05
20974,17.478624643744062,0.5640612409347301,560,681,1241,0.0,0.0008333472224535399,0.5643029814665572,0.0
20975,17.479457990966516,0.5640612409347301,560,681,1241,0.0,0.0008333472224535399,0.5643029814665572,0.0
20976,17.48029133818897,0.5640612409347301,560,681,1241,0.0,0.0008333472224535399,0.5643029814665572,0.0
20977,17.481124685411423,0.5640612409347301,560,681,1241,0.0,0.0008333472224535399,0.5643029814665572,0.0
20978,17.481958032633877,0.5640612409347301,560,681,1241,0.0,0.0008333472224535399,0.5643029814665572,0.0
20979,17.48279137985633,0.5632554391619662,560,681,1241,-0.0008058017727639033,0.0008333472224535399,0.5642224012892809,-8.058017727639034e-05
20980,17.483624727078784,0.5632554391619662,560,681,1241,0.0,0.0008333472224535399,0.5640612409347281,-0.00016116035455278067
20981,17.48445807430124,0.5632554391619662,560,681,1241,0.0,0.0008333472224570926,0.5639000805801754,-0.00016116035455278067
20982,17.485291421523694,0.5632554391619662,560,681,1241,0.0,0.0008333472224535399,0.5637389202256226,-0.00016116035455278067
20983,17.486124768746148,0.5616438356164384,560,681,1241,-0.0016116035455278066,0.0008333472224535399,0.5634971796937934,-0.00024174053182917098
20984,17.4869581159686,0.5624496373892023,560,681,1241,0.0008058017727639033,0.0008333472224535399,0.5633360193392406,-0.00016116035455278067
20985,17.487791463191055,0.5624496373892023,560,681,1241,0.0,0.0008333472224535399,0.5631748589846877,-0.00016116035455278067
20986,17.48862481041351,0.5624496373892023,560,681,1241,0.0,0.0008333472224535399,0.5630136986301348,-0.00016116035455278067
20987,17.489458157635962,0.5624496373892023,560,681,1241,0.0,0.0008333472224535399,0.562852538275582,-0.00016116035455278067
20988,17.490291504858416,0.5624496373892023,560,681,1241,0.0,0.0008333472224535399,0.5626913779210291,-0.00016116035455278067
20989,17.49112485208087,0.5624496373892023,560,681,1241,0.0,0.0008333472224535399,0.5626107977437527,-8.058017727639034e-05
20990,17.491958199303323,0.5624496373892023,560,681,1241,0.0,0.0008333472224535399,0.5625302175664764,-8.058017727639034e-05
20991,17.492791546525776,0.5632554391619662,560,681,1241,0.0008058017727639033,0.0008333472224535399,0.5625302175664764,0.0
20992,17.49362489374823,0.5632554391619662,560,681,1241,0.0,0.0008333472224535399,0.5625302175664764,0.0
20993,17.494458240970683,0.5632554391619662,560,681,1241,0.0,0.0008333472224535399,0.5626913779210291,0.00016116035455278067
20994,17.495291588193137,0.5632554391619662,560,681,1241,0.0,0.0008333472224535399,0.5627719580983055,8.058017727639034e-05
20995,17.49612493541559,0.5632554391619662,560,681,1241,0.0,0.0008333472224535399,0.5628525382755818,8.058017727639034e-05
20996,17.496958282638044,0.5632554391619662,560,681,1241,0.0,0.0008333472224535399,0.5629331184528581,8.058017727639034e-05
20997,17.497791629860497,0.5632554391619662,560,681,1241,0.0,0.0008333472224535399,0.5630136986301345,8.058017727639034e-05
20998,17.49862497708295,0.5632554391619662,560,681,1241,0.0,0.0008333472224535399,0.5630942788074108,8.058017727639034e-05
20999,17.499458324305404,0.5632554391619662,560,681,1241,0.0,0.0008333472224535399,0.5631748589846872,8.058017727639034e-05
21000,17.500291671527858,0.5632554391619662,560,681,1241,0.0,0.0008333472224535399,0.5632554391619635,8.058017727639034e-05
21001,17.50112501875031,0.5632554391619662,560,681,1241,0.0,0.0008333472224535399,0.5632554391619635,0.0
21002,17.50195836597277,0.5632554391619662,560,681,1241,0.0,0.0008333472224570926,0.5632554391619635,0.0
21003,17.502791713195222,0.5632554391619662,560,681,1241,0.0,0.0008333472224535399,0.5632554391619635,0.0
21004,17.503625060417676,0.5632554391619662,560,681,1241,0.0,0.0008333472224535399,0.5632554391619635,0.0
21005,17.50445840764013,0.5632554391619662,560,681,1241,0.0,0.0008333472224535399,0.5632554391619635,0.0
21006,17.505291754862583,0.5640612409347301,560,681,1241,0.0008058017727639033,0.0008333472224535399,0.5633360193392399,8.058017727639034e-05
21007,17.506125102085036,0.5632554391619662,560,681,1241,-0.0008058017727639033,0.0008333472224535399,0.5633360193392399,0.0
21008,17.50695844930749,0.5624496373892023,560,681,1241,-0.0008058017727639033,0.0008333472224535399,0.5632554391619636,-8.058017727639034e-05
21009,17.507791796529943,0.5632554391619662,560,681,1241,0.0008058017727639033,0.0008333472224535399,0.5632554391619636,0.0
21010,17.508625143752397,0.5632554391619662,560,681,1241,0.0,0.0008333472224535399,0.5632554391619636,0.0
21011,17.50945849097485,0.5632554391619662,560,681,1241,0.0,0.0008333472224535399,0.5632554391619636,0.0
21012,17.510291838197304,0.5640612409347301,560,681,1241,0.0008058017727639033,0.0008333472224535399,0.5633360193392399,8.058017727639034e-05
21013,17.511125185419758,0.5632554391619662,560,681,1241,-0.0008058017727639033,0.0008333472224535399,0.5633360193392399,0.0
21014,17.51195853264221,0.5640612409347301,560,681,1241,0.0008058017727639033,0.0008333472224535399,0.5634165995165163,8.058017727639034e-05
21015,17.512791879864665,0.564867042707494,560,681,1241,0.0008058017727639033,0.0008333472224535399,0.5635777598710691,0.00016116035455278067
21016,17.513625227087118,0.5640612409347301,560,681,1241,-0.0008058017727639033,0.0008333472224535399,0.5635777598710691,0.0
21017,17.51445857430957,0.5640612409347301,560,681,1241,0.0,0.0008333472224535399,0.5636583400483455,8.058017727639034e-05
21018,17.515291921532025,0.5640612409347301,560,681,1241,0.0,0.0008333472224535399,0.5638195004028983,0.00016116035455278067
21019,17.51612526875448,0.5640612409347301,560,681,1241,0.0,0.0008333472224535399,0.5639000805801747,8.058017727639034e-05
21020,17.516958615976932,0.5640612409347301,560,681,1241,0.0,0.0008333472224535399,0.5639806607574511,8.058017727639034e-05
21021,17.517791963199386,0.5640612409347301,560,681,1241,0.0,0.0008333472224535399,0.5640612409347274,8.058017727639034e-05
21022,17.51862531042184,0.5640612409347301,560,681,1241,0.0,0.0008333472224535399,0.5640612409347273,0.0
21023,17.519458657644297,0.5640612409347301,560,681,1241,0.0,0.0008333472224570926,0.5641418211120037,8.058017727639034e-05
21024,17.52029200486675,0.5632554391619662,560,681,1241,-0.0008058017727639033,0.0008333472224535399,0.5640612409347273,-8.058017727639034e-05
21025,17.521125352089204,0.5632554391619662,560,681,1241,0.0,0.0008333472224535399,0.5639000805801746,-0.00016116035455278067
21026,17.521958699311657,0.5640612409347301,560,681,1241,0.0008058017727639033,0.0008333472224535399,0.5639000805801745,0.0
21027,17.52279204653411,0.5640612409347301,560,681,1241,0.0,0.0008333472224535399,0.5639000805801745,0.0
21028,17.523625393756564,0.5640612409347301,560,681,1241,0.0,0.0008333472224535399,0.5639000805801745,0.0
21029,17.524458740979018,0.5632554391619662,560,681,1241,-0.0008058017727639033,0.0008333472224535399,0.5638195004028981,-8.058017727639034e-05
21030,17.52529208820147,0.5616438356164384,560,681,1241,-0.0016116035455278066,0.0008333472224535399,0.563577759871069,-0.00024174053182917098
21031,17.526125435423925,0.5616438356164384,560,681,1241,0.0,0.0008333472224535399,0.5633360193392397,-0.00024174053182917098
21032,17.52695878264638,0.5616438356164384,560,681,1241,0.0,0.0008333472224535399,0.5630942788074105,-0.00024174053182917098
21033,17.527792129868832,0.5600322320709106,560,681,1241,-0.0016116035455278066,0.0008333472224535399,0.5626913779210285,-0.00040290088638195165
21034,17.528625477091285,0.5600322320709106,560,681,1241,0.0,0.0008333472224535399,0.562369057211923,-0.00032232070910556134
21035,17.52945882431374,0.5600322320709106,560,681,1241,0.0,0.0008333472224535399,0.5620467365028174,-0.00032232070910556134
21036,17.530292171536193,0.5592264302981467,560,681,1241,-0.0008058017727639033,0.0008333472224535399,0.561563255439159,-0.00048348106365834196
21037,17.531125518758646,0.5592264302981467,560,681,1241,0.0,0.0008333472224535399,0.5610797743755006,-0.00048348106365834196
21038,17.5319588659811,0.5600322320709106,560,681,1241,0.0008058017727639033,0.0008333472224535399,0.5606768734891187,-0.00040290088638195165
21039,17.532792213203553,0.5600322320709106,560,681,1241,0.0,0.0008333472224535399,0.5603545527800131,-0.00032232070910556134
21040,17.533625560426007,0.5600322320709106,560,681,1241,0.0,0.0008333472224535399,0.5601933924254603,-0.00016116035455278067
21041,17.53445890764846,0.5600322320709106,560,681,1241,0.0,0.0008333472224535399,0.5600322320709076,-0.00016116035455278067
21042,17.535292254870914,0.5600322320709106,560,681,1241,0.0,0.0008333472224535399,0.5598710717163548,-0.00016116035455278067
21043,17.536125602093367,0.5608380338436745,560,681,1241,0.0008058017727639033,0.0008333472224535399,0.5599516518936312,8.058017727639034e-05
21044,17.536958949315824,0.5608380338436745,560,681,1241,0.0,0.0008333472224570926,0.5600322320709075,8.058017727639034e-05
21045,17.537792296538278,0.5616438356164384,560,681,1241,0.0008058017727639033,0.0008333472224535399,0.5601933924254603,0.00016116035455278067
21046,17.53862564376073,0.5616438356164384,560,681,1241,0.0,0.0008333472224535399,0.5604351329572894,0.00024174053182917098
21047,17.539458990983185,0.5616438356164384,560,681,1241,0.0,0.0008333472224535399,0.5606768734891187,0.00024174053182917098
21048,17.54029233820564,0.5616438356164384,560,681,1241,0.0,0.0008333472224535399,0.5608380338436715,0.00016116035455278067
21049,17.541125685428092,0.5608380338436745,560,681,1241,-0.0008058017727639033,0.0008333472224535399,0.5609186140209478,8.058017727639034e-05
21050,17.541959032650546,0.5608380338436745,560,681,1241,0.0,0.0008333472224535399,0.5609991941982242,8.058017727639034e-05
21051,17.542792379873,0.5608380338436745,560,681,1241,0.0,0.0008333472224535399,0.5610797743755005,8.058017727639034e-05
21052,17.543625727095453,0.5608380338436745,560,681,1241,0.0,0.0008333472224535399,0.5611603545527768,8.058017727639034e-05
21053,17.544459074317906,0.5608380338436745,560,681,1241,0.0,0.0008333472224535399,0.5611603545527768,0.0
21054,17.54529242154036,0.5608380338436745,560,681,1241,0.0,0.0008333472224535399,0.5611603545527768,0.0
21055,17.546125768762813,0.5608380338436745,560,681,1241,0.0,0.0008333472224535399,0.5610797743755004,-8.058017727639034e-05
21056,17.546959115985267,0.5608380338436745,560,681,1241,0.0,0.0008333472224535399,0.5609991941982241,-8.058017727639034e-05
21057,17.54779246320772,0.5608380338436745,560,681,1241,0.0,0.0008333472224535399,0.5609186140209477,-8.058017727639034e-05
21058,17.548625810430174,0.5608380338436745,560,681,1241,0.0,0.0008333472224535399,0.5608380338436714,-8.058017727639034e-05
21059,17.549459157652628,0.5608380338436745,560,681,1241,0.0,0.0008333472224535399,0.5608380338436714,0.0
21060,17.55029250487508,0.5608380338436745,560,681,1241,0.0,0.0008333472224535399,0.5608380338436714,0.0
21061,17.551125852097535,0.5608380338436745,560,681,1241,0.0,0.0008333472224535399,0.5608380338436714,0.0
21062,17.551959199319988,0.5608380338436745,560,681,1241,0.0,0.0008333472224535399,0.5608380338436714,0.0
21063,17.55279254654244,0.5608380338436745,560,681,1241,0.0,0.0008333472224535399,0.5608380338436714,0.0
21064,17.553625893764895,0.5608380338436745,560,681,1241,0.0,0.0008333472224535399,0.5608380338436714,0.0
21065,17.55445924098735,0.5608380338436745,560,681,1241,0.0,0.0008333472224535399,0.5608380338436714,0.0
21066,17.555292588209806,0.5608380338436745,560,681,1241,0.0,0.0008333472224570926,0.5608380338436714,0.0
21067,17.55612593543226,0.5608380338436745,560,681,1241,0.0,0.0008333472224535399,0.5608380338436714,0.0
21068,17.556959282654713,0.5608380338436745,560,681,1241,0.0,0.0008333472224535399,0.5608380338436714,0.0
21069,17.557792629877166,0.5608380338436745,560,681,1241,0.0,0.0008333472224535399,0.5608380338436714,0.0
21070,17.55862597709962,0.5616438356164384,560,681,1241,0.0008058017727639033,0.0008333472224535399,0.5609186140209477,8.058017727639034e-05
21071,17.559459324322074,0.5616438356164384,560,681,1241,0.0,0.0008333472224535399,0.5609991941982241,8.058017727639034e-05
21072,17.560292671544527,0.5616438356164384,560,681,1241,0.0,0.0008333472224535399,0.5610797743755004,8.058017727639034e-05
21073,17.56112601876698,0.5616438356164384,560,681,1241,0.0,0.0008333472224535399,0.5611603545527768,8.058017727639034e-05
21074,17.561959365989434,0.5616438356164384,560,681,1241,0.0,0.0008333472224535399,0.5612409347300531,8.058017727639034e-05
21075,17.562792713211888,0.5616438356164384,560,681,1241,0.0,0.0008333472224535399,0.5613215149073294,8.058017727639034e-05
21076,17.56362606043434,0.5616438356164384,560,681,1241,0.0,0.0008333472224535399,0.5614020950846058,8.058017727639034e-05
21077,17.564459407656795,0.5616438356164384,560,681,1241,0.0,0.0008333472224535399,0.5614826752618821,8.058017727639034e-05
21078,17.56529275487925,0.5616438356164384,560,681,1241,0.0,0.0008333472224535399,0.5615632554391585,8.058017727639034e-05
21079,17.566126102101702,0.5608380338436745,560,681,1241,-0.0008058017727639033,0.0008333472224535399,0.5615632554391585,0.0
21080,17.566959449324155,0.5608380338436745,560,681,1241,0.0,0.0008333472224535399,0.5614826752618821,-8.058017727639034e-05
21081,17.56779279654661,0.5608380338436745,560,681,1241,0.0,0.0008333472224535399,0.5614020950846058,-8.058017727639034e-05
21082,17.568626143769063,0.5608380338436745,560,681,1241,0.0,0.0008333472224535399,0.5613215149073294,-8.058017727639034e-05
21083,17.569459490991516,0.5608380338436745,560,681,1241,0.0,0.0008333472224535399,0.5612409347300531,-8.058017727639034e-05
21084,17.57029283821397,0.5624496373892023,560,681,1241,0.0016116035455278066,0.0008333472224535399,0.5613215149073294,8.058017727639034e-05
21085,17.571126185436423,0.5616438356164384,560,681,1241,-0.0008058017727639033,0.0008333472224535399,0.5613215149073294,0.0
21086,17.571959532658877,0.5616438356164384,560,681,1241,0.0,0.0008333472224535399,0.5613215149073294,0.0
21087,17.572792879881334,0.5616438356164384,560,681,1241,0.0,0.0008333472224570926,0.5613215149073294,0.0
21088,17.573626227103787,0.5616438356164384,560,681,1241,0.0,0.0008333472224535399,0.5613215149073294,0.0
21089,17.57445957432624,0.5632554391619662,560,681,1241,0.0016116035455278066,0.0008333472224535399,0.5615632554391586,0.00024174053182917098
21090,17.575292921548694,0.5632554391619662,560,681,1241,0.0,0.0008333472224535399,0.5618049959709879,0.00024174053182917098
21091,17.576126268771148,0.5632554391619662,560,681,1241,0.0,0.0008333472224535399,0.5620467365028171,0.00024174053182917098
21092,17.5769596159936,0.5624496373892023,560,681,1241,-0.0008058017727639033,0.0008333472224535399,0.5622078968573698,0.00016116035455278067
21093,17.577792963216055,0.5624496373892023,560,681,1241,0.0,0.0008333472224535399,0.5623690572119224,0.00016116035455278067
21094,17.57862631043851,0.5624496373892023,560,681,1241,0.0,0.0008333472224535399,0.5623690572119224,0.0
21095,17.579459657660962,0.5624496373892023,560,681,1241,0.0,0.0008333472224535399,0.5624496373891988,8.058017727639034e-05
21096,17.580293004883416,0.5624496373892023,560,681,1241,0.0,0.0008333472224535399,0.5625302175664751,8.058017727639034e-05
21097,17.58112635210587,0.5624496373892023,560,681,1241,0.0,0.0008333472224535399,0.5626107977437516,8.058017727639034e-05
21098,17.581959699328323,0.5624496373892023,560,681,1241,0.0,0.0008333472224535399,0.5626913779210279,8.058017727639034e-05
21099,17.582793046550776,0.5624496373892023,560,681,1241,0.0,0.0008333472224535399,0.5626107977437514,-8.058017727639034e-05
21100,17.58362639377323,0.5632554391619662,560,681,1241,0.0008058017727639033,0.0008333472224535399,0.5626107977437514,0.0
21101,17.584459740995683,0.5632554391619662,560,681,1241,0.0,0.0008333472224535399,0.5626107977437514,0.0
21102,17.585293088218137,0.5632554391619662,560,681,1241,0.0,0.0008333472224535399,0.5626913779210279,8.058017727639034e-05
21103,17.58612643544059,0.5632554391619662,560,681,1241,0.0,0.0008333472224535399,0.5627719580983042,8.058017727639034e-05
21104,17.586959782663044,0.5632554391619662,560,681,1241,0.0,0.0008333472224535399,0.5628525382755806,8.058017727639034e-05
21105,17.587793129885497,0.5632554391619662,560,681,1241,0.0,0.0008333472224535399,0.5629331184528569,8.058017727639034e-05
21106,17.58862647710795,0.5640612409347301,560,681,1241,0.0008058017727639033,0.0008333472224535399,0.5630942788074098,0.00016116035455278067
21107,17.589459824330405,0.5640612409347301,560,681,1241,0.0,0.0008333472224535399,0.5632554391619626,0.00016116035455278067
21108,17.59029317155286,0.5640612409347301,560,681,1241,0.0,0.0008333472224570926,0.5634165995165155,0.00016116035455278067
21109,17.591126518775315,0.564867042707494,560,681,1241,0.0008058017727639033,0.0008333472224535399,0.5636583400483447,0.00024174053182917098
21110,17.59195986599777,0.5632554391619662,560,681,1241,-0.0016116035455278066,0.0008333472224535399,0.5636583400483447,0.0
21111,17.592793213220222,0.5632554391619662,560,681,1241,0.0,0.0008333472224535399,0.5636583400483447,0.0
21112,17.593626560442676,0.5632554391619662,560,681,1241,0.0,0.0008333472224535399,0.5636583400483447,0.0
21113,17.59445990766513,0.5632554391619662,560,681,1241,0.0,0.0008333472224535399,0.5636583400483447,0.0
21114,17.595293254887583,0.5632554391619662,560,681,1241,0.0,0.0008333472224535399,0.5636583400483447,0.0
21115,17.596126602110036,0.5632554391619662,560,681,1241,0.0,0.0008333472224535399,0.5636583400483447,0.0
21116,17.59695994933249,0.5632554391619662,560,681,1241,0.0,0.0008333472224535399,0.5635777598710684,-8.058017727639034e-05
21117,17.597793296554944,0.5632554391619662,560,681,1241,0.0,0.0008333472224535399,0.563497179693792,-8.058017727639034e-05
21118,17.598626643777397,0.5632554391619662,560,681,1241,0.0,0.0008333472224535399,0.5634165995165157,-8.058017727639034e-05
21119,17.59945999099985,0.5632554391619662,560,681,1241,0.0,0.0008333472224535399,0.5632554391619629,-0.00016116035455278067
21120,17.600293338222304,0.5632554391619662,560,681,1241,0.0,0.0008333472224535399,0.5632554391619629,0.0
21121,17.601126685444758,0.5632554391619662,560,681,1241,0.0,0.0008333472224535399,0.5632554391619629,0.0
21122,17.60196003266721,0.5632554391619662,560,681,1241,0.0,0.0008333472224535399,0.5632554391619629,0.0
21123,17.602793379889665,0.5632554391619662,560,681,1241,0.0,0.0008333472224535399,0.5632554391619629,0.0
21124,17.60362672711212,0.5632554391619662,560,681,1241,0.0,0.0008333472224535399,0.5632554391619629,0.0
21125,17.604460074334572,0.5632554391619662,560,681,1241,0.0,0.0008333472224535399,0.5632554391619629,0.0
21126,17.605293421557025,0.5640612409347301,560,681,1241,0.0008058017727639033,0.0008333472224535399,0.5633360193392393,8.058017727639034e-05
21127,17.60612676877948,0.5640612409347301,560,681,1241,0.0,0.0008333472224535399,0.5634165995165156,8.058017727639034e-05
21128,17.606960116001932,0.5640612409347301,560,681,1241,0.0,0.0008333472224535399,0.563497179693792,8.058017727639034e-05
21129,17.60779346322439,0.5640612409347301,560,681,1241,0.0,0.0008333472224570926,0.5635777598710683,8.058017727639034e-05
21130,17.608626810446843,0.564867042707494,560,681,1241,0.0008058017727639033,0.0008333472224535399,0.5637389202256211,0.00016116035455278067
21131,17.609460157669297,0.564867042707494,560,681,1241,0.0,0.0008333472224535399,0.5639000805801738,0.00016116035455278067
21132,17.61029350489175,0.5656728444802579,560,681,1241,0.0008058017727639033,0.0008333472224535399,0.5641418211120031,0.00024174053182917098
21133,17.611126852114204,0.5656728444802579,560,681,1241,0.0,0.0008333472224535399,0.5643835616438323,0.00024174053182917098
21134,17.611960199336657,0.5656728444802579,560,681,1241,0.0,0.0008333472224535399,0.5646253021756615,0.00024174053182917098
21135,17.61279354655911,0.564867042707494,560,681,1241,-0.0008058017727639033,0.0008333472224535399,0.5647864625302143,0.00016116035455278067
21136,17.613626893781564,0.5640612409347301,560,681,1241,-0.0008058017727639033,0.0008333472224535399,0.5647864625302143,0.0
21137,17.614460241004018,0.564867042707494,560,681,1241,0.0008058017727639033,0.0008333472224535399,0.5648670427074907,8.058017727639034e-05
21138,17.61529358822647,0.564867042707494,560,681,1241,0.0,0.0008333472224535399,0.564947622884767,8.058017727639034e-05
21139,17.616126935448925,0.564867042707494,560,681,1241,0.0,0.0008333472224535399,0.5650282030620433,8.058017727639034e-05
21140,17.61696028267138,0.564867042707494,560,681,1241,0.0,0.0008333472224535399,0.5650282030620433,0.0
21141,17.617793629893832,0.5640612409347301,560,681,1241,-0.0008058017727639033,0.0008333472224535399,0.564947622884767,-8.058017727639034e-05
21142,17.618626977116286,0.5640612409347301,560,681,1241,0.0,0.0008333472224535399,0.5647864625302143,-0.00016116035455278067
21143,17.61946032433874,0.5640612409347301,560,681,1241,0.0,0.0008333472224535399,0.5646253021756615,-0.00016116035455278067
21144,17.620293671561193,0.5640612409347301,560,681,1241,0.0,0.0008333472224535399,0.5644641418211089,-0.00016116035455278067
21145,17.621127018783646,0.5640612409347301,560,681,1241,0.0,0.0008333472224535399,0.5643835616438325,-8.058017727639034e-05
21146,17.6219603660061,0.564867042707494,560,681,1241,0.0008058017727639033,0.0008333472224535399,0.5644641418211089,8.058017727639034e-05
21147,17.622793713228553,0.5640612409347301,560,681,1241,-0.0008058017727639033,0.0008333472224535399,0.5643835616438325,-8.058017727639034e-05
21148,17.623627060451007,0.5640612409347301,560,681,1241,0.0,0.0008333472224535399,0.5643029814665562,-8.058017727639034e-05
21149,17.62446040767346,0.5640612409347301,560,681,1241,0.0,0.0008333472224535399,0.5642224012892798,-8.058017727639034e-05
21150,17.625293754895917,0.5632554391619662,560,681,1241,-0.0008058017727639033,0.0008333472224570926,0.5640612409347271,-0.00016116035455278067
21151,17.62612710211837,0.5632554391619662,560,681,1241,0.0,0.0008333472224535399,0.5639806607574507,-8.058017727639034e-05
21152,17.626960449340825,0.5640612409347301,560,681,1241,0.0008058017727639033,0.0008333472224535399,0.5639806607574507,0.0
21153,17.627793796563278,0.564867042707494,560,681,1241,0.0008058017727639033,0.0008333472224535399,0.564061240934727,8.058017727639034e-05
21154,17.62862714378573,0.564867042707494,560,681,1241,0.0,0.0008333472224535399,0.5641418211120033,8.058017727639034e-05
21155,17.629460491008185,0.564867042707494,560,681,1241,0.0,0.0008333472224535399,0.5642224012892797,8.058017727639034e-05
21156,17.63029383823064,0.564867042707494,560,681,1241,0.0,0.0008333472224535399,0.5642224012892797,0.0
21157,17.631127185453092,0.564867042707494,560,681,1241,0.0,0.0008333472224535399,0.564302981466556,8.058017727639034e-05
21158,17.631960532675546,0.564867042707494,560,681,1241,0.0,0.0008333472224535399,0.5643835616438324,8.058017727639034e-05
21159,17.632793879898,0.564867042707494,560,681,1241,0.0,0.0008333472224535399,0.5644641418211087,8.058017727639034e-05
21160,17.633627227120453,0.564867042707494,560,681,1241,0.0,0.0008333472224535399,0.5646253021756615,0.00016116035455278067
21161,17.634460574342906,0.564867042707494,560,681,1241,0.0,0.0008333472224535399,0.5647864625302143,0.00016116035455278067
21162,17.63529392156536,0.564867042707494,560,681,1241,0.0,0.0008333472224535399,0.5648670427074907,8.058017727639034e-05
21163,17.636127268787813,0.5640612409347301,560,681,1241,-0.0008058017727639033,0.0008333472224535399,0.5647864625302143,-8.058017727639034e-05
21164,17.636960616010267,0.5640612409347301,560,681,1241,0.0,0.0008333472224535399,0.564705882352938,-8.058017727639034e-05
21165,17.63779396323272,0.564867042707494,560,681,1241,0.0008058017727639033,0.0008333472224535399,0.564705882352938,0.0
21166,17.638627310455174,0.564867042707494,560,681,1241,0.0,0.0008333472224535399,0.564705882352938,0.0
21167,17.639460657677628,0.5640612409347301,560,681,1241,-0.0008058017727639033,0.0008333472224535399,0.5646253021756615,-8.058017727639034e-05
21168,17.64029400490008,0.5640612409347301,560,681,1241,0.0,0.0008333472224535399,0.5645447219983852,-8.058017727639034e-05
21169,17.641127352122535,0.5640612409347301,560,681,1241,0.0,0.0008333472224535399,0.5644641418211089,-8.058017727639034e-05
21170,17.64196069934499,0.5640612409347301,560,681,1241,0.0,0.0008333472224535399,0.5643835616438325,-8.058017727639034e-05
21171,17.64279404656744,0.5640612409347301,560,681,1241,0.0,0.0008333472224535399,0.5643029814665562,-8.058017727639034e-05
21172,17.6436273937899,0.5640612409347301,560,681,1241,0.0,0.0008333472224570926,0.5642224012892798,-8.058017727639034e-05
21173,17.644460741012352,0.5640612409347301,560,681,1241,0.0,0.0008333472224535399,0.5642224012892798,0.0
21174,17.645294088234806,0.5640612409347301,560,681,1241,0.0,0.0008333472224535399,0.5642224012892798,0.0
21175,17.64612743545726,0.5640612409347301,560,681,1241,0.0,0.0008333472224535399,0.5641418211120035,-8.058017727639034e-05
21176,17.646960782679713,0.5656728444802579,560,681,1241,0.0016116035455278066,0.0008333472224535399,0.5642224012892798,8.058017727639034e-05
21177,17.647794129902167,0.5656728444802579,560,681,1241,0.0,0.0008333472224535399,0.5643835616438325,0.00016116035455278067
21178,17.64862747712462,0.5656728444802579,560,681,1241,0.0,0.0008333472224535399,0.5645447219983852,0.00016116035455278067
21179,17.649460824347074,0.5656728444802579,560,681,1241,0.0,0.0008333472224535399,0.564705882352938,0.00016116035455278067
21180,17.650294171569527,0.564867042707494,560,681,1241,-0.0008058017727639033,0.0008333472224535399,0.5647864625302143,8.058017727639034e-05
21181,17.65112751879198,0.564867042707494,560,681,1241,0.0,0.0008333472224535399,0.5648670427074907,8.058017727639034e-05
21182,17.651960866014434,0.564867042707494,560,681,1241,0.0,0.0008333472224535399,0.564947622884767,8.058017727639034e-05
21183,17.652794213236888,0.5656728444802579,560,681,1241,0.0008058017727639033,0.0008333472224535399,0.5651087832393197,0.00016116035455278067
21184,17.65362756045934,0.5656728444802579,560,681,1241,0.0,0.0008333472224535399,0.5652699435938724,0.00016116035455278067
21185,17.654460907681795,0.564867042707494,560,681,1241,-0.0008058017727639033,0.0008333472224535399,0.5653505237711487,8.058017727639034e-05
21186,17.65529425490425,0.564867042707494,560,681,1241,0.0,0.0008333472224535399,0.5652699435938724,-8.058017727639034e-05
21187,17.656127602126702,0.5656728444802579,560,681,1241,0.0008058017727639033,0.0008333472224535399,0.5652699435938724,0.0
21188,17.656960949349155,0.5656728444802579,560,681,1241,0.0,0.0008333472224535399,0.5652699435938724,0.0
21189,17.65779429657161,0.5656728444802579,560,681,1241,0.0,0.0008333472224535399,0.5652699435938724,0.0
21190,17.658627643794063,0.5656728444802579,560,681,1241,0.0,0.0008333472224535399,0.5653505237711487,8.058017727639034e-05
21191,17.659460991016516,0.5656728444802579,560,681,1241,0.0,0.0008333472224535399,0.565431103948425,8.058017727639034e-05
21192,17.66029433823897,0.5656728444802579,560,681,1241,0.0,0.0008333472224535399,0.5655116841257014,8.058017727639034e-05
21193,17.661127685461427,0.5664786462530218,560,681,1241,0.0008058017727639033,0.0008333472224570926,0.5655922643029777,8.058017727639034e-05
21194,17.66196103268388,0.5664786462530218,560,681,1241,0.0,0.0008333472224535399,0.5656728444802541,8.058017727639034e-05
21195,17.662794379906334,0.5656728444802579,560,681,1241,-0.0008058017727639033,0.0008333472224535399,0.5657534246575304,8.058017727639034e-05
21196,17.663627727128787,0.5656728444802579,560,681,1241,0.0,0.0008333472224535399,0.5658340048348067,8.058017727639034e-05
21197,17.66446107435124,0.5656728444802579,560,681,1241,0.0,0.0008333472224535399,0.5658340048348067,0.0
21198,17.665294421573694,0.5656728444802579,560,681,1241,0.0,0.0008333472224535399,0.5658340048348067,0.0
21199,17.666127768796148,0.564867042707494,560,681,1241,-0.0008058017727639033,0.0008333472224535399,0.5657534246575304,-8.058017727639034e-05
21200,17.6669611160186,0.564867042707494,560,681,1241,0.0,0.0008333472224535399,0.5656728444802541,-8.058017727639034e-05
21201,17.667794463241055,0.564867042707494,560,681,1241,0.0,0.0008333472224535399,0.5655922643029777,-8.058017727639034e-05
21202,17.66862781046351,0.564867042707494,560,681,1241,0.0,0.0008333472224535399,0.5655116841257014,-8.058017727639034e-05
21203,17.669461157685962,0.5656728444802579,560,681,1241,0.0008058017727639033,0.0008333472224535399,0.565431103948425,-8.058017727639034e-05
21204,17.670294504908416,0.5656728444802579,560,681,1241,0.0,0.0008333472224535399,0.5653505237711486,-8.058017727639034e-05
21205,17.67112785213087,0.5656728444802579,560,681,1241,0.0,0.0008333472224535399,0.5653505237711487,0.0
21206,17.671961199353323,0.5656728444802579,560,681,1241,0.0,0.0008333472224535399,0.5653505237711487,0.0
21207,17.672794546575776,0.564867042707494,560,681,1241,-0.0008058017727639033,0.0008333472224535399,0.5652699435938724,-8.058017727639034e-05
21208,17.67362789379823,0.564867042707494,560,681,1241,0.0,0.0008333472224535399,0.565189363416596,-8.058017727639034e-05
21209,17.674461241020683,0.564867042707494,560,681,1241,0.0,0.0008333472224535399,0.565189363416596,0.0
21210,17.675294588243137,0.564867042707494,560,681,1241,0.0,0.0008333472224535399,0.565189363416596,0.0
21211,17.67612793546559,0.564867042707494,560,681,1241,0.0,0.0008333472224535399,0.565189363416596,0.0
21212,17.676961282688044,0.564867042707494,560,681,1241,0.0,0.0008333472224535399,0.565189363416596,0.0
21213,17.677794629910498,0.564867042707494,560,681,1241,0.0,0.0008333472224535399,0.5651087832393197,-8.058017727639034e-05
21214,17.678627977132955,0.564867042707494,560,681,1241,0.0,0.0008333472224570926,0.5650282030620433,-8.058017727639034e-05
21215,17.679461324355408,0.564867042707494,560,681,1241,0.0,0.0008333472224535399,0.564947622884767,-8.058017727639034e-05
21216,17.68029467157786,0.564867042707494,560,681,1241,0.0,0.0008333472224535399,0.5648670427074907,-8.058017727639034e-05
21217,17.681128018800315,0.564867042707494,560,681,1241,0.0,0.0008333472224535399,0.5648670427074907,0.0
21218,17.68196136602277,0.564867042707494,560,681,1241,0.0,0.0008333472224535399,0.5648670427074907,0.0
21219,17.682794713245222,0.564867042707494,560,681,1241,0.0,0.0008333472224535399,0.5648670427074907,0.0
21220,17.683628060467676,0.5640612409347301,560,681,1241,-0.0008058017727639033,0.0008333472224535399,0.5647864625302143,-8.058017727639034e-05
21221,17.68446140769013,0.5640612409347301,560,681,1241,0.0,0.0008333472224535399,0.564705882352938,-8.058017727639034e-05
21222,17.685294754912583,0.5640612409347301,560,681,1241,0.0,0.0008333472224535399,0.5646253021756615,-8.058017727639034e-05
21223,17.686128102135036,0.5640612409347301,560,681,1241,0.0,0.0008333472224535399,0.5645447219983852,-8.058017727639034e-05
21224,17.68696144935749,0.5640612409347301,560,681,1241,0.0,0.0008333472224535399,0.5644641418211089,-8.058017727639034e-05
21225,17.687794796579944,0.5640612409347301,560,681,1241,0.0,0.0008333472224535399,0.5643835616438325,-8.058017727639034e-05
21226,17.688628143802397,0.5640612409347301,560,681,1241,0.0,0.0008333472224535399,0.5643029814665562,-8.058017727639034e-05
21227,17.68946149102485,0.5640612409347301,560,681,1241,0.0,0.0008333472224535399,0.5642224012892798,-8.058017727639034e-05
21228,17.690294838247304,0.5640612409347301,560,681,1241,0.0,0.0008333472224535399,0.5641418211120035,-8.058017727639034e-05
21229,17.691128185469758,0.5640612409347301,560,681,1241,0.0,0.0008333472224535399,0.5640612409347272,-8.058017727639034e-05
21230,17.69196153269221,0.5640612409347301,560,681,1241,0.0,0.0008333472224535399,0.5640612409347272,0.0
21231,17.692794879914665,0.5640612409347301,560,681,1241,0.0,0.0008333472224535399,0.5640612409347272,0.0
21232,17.69362822713712,0.5640612409347301,560,681,1241,0.0,0.0008333472224535399,0.5640612409347272,0.0
21233,17.694461574359572,0.5632554391619662,560,681,1241,-0.0008058017727639033,0.0008333472224535399,0.5639806607574508,-8.058017727639034e-05
21234,17.695294921582025,0.5632554391619662,560,681,1241,0.0,0.0008333472224535399,0.5639000805801745,-8.058017727639034e-05
21235,17.696128268804483,0.5640612409347301,560,681,1241,0.0008058017727639033,0.0008333472224570926,0.5639000805801745,0.0
21236,17.696961616026936,0.5640612409347301,560,681,1241,0.0,0.0008333472224535399,0.5639000805801745,0.0
21237,17.69779496324939,0.5624496373892023,560,681,1241,-0.0016116035455278066,0.0008333472224535399,0.5637389202256216,-0.00016116035455278067
21238,17.698628310471843,0.5624496373892023,560,681,1241,0.0,0.0008333472224535399,0.5635777598710687,-0.00016116035455278067
21239,17.699461657694297,0.5624496373892023,560,681,1241,0.0,0.0008333472224535399,0.5634165995165159,-0.00016116035455278067
21240,17.70029500491675,0.5624496373892023,560,681,1241,0.0,0.0008333472224535399,0.563255439161963,-0.00016116035455278067
21241,17.701128352139204,0.5624496373892023,560,681,1241,0.0,0.0008333472224535399,0.5630942788074101,-0.00016116035455278067
21242,17.701961699361657,0.5624496373892023,560,681,1241,0.0,0.0008333472224535399,0.5629331184528572,-0.00016116035455278067
21243,17.70279504658411,0.5632554391619662,560,681,1241,0.0008058017727639033,0.0008333472224535399,0.5629331184528572,0.0
21244,17.703628393806564,0.5624496373892023,560,681,1241,-0.0008058017727639033,0.0008333472224535399,0.5628525382755808,-8.058017727639034e-05
21245,17.704461741029018,0.5624496373892023,560,681,1241,0.0,0.0008333472224535399,0.5626913779210281,-0.00016116035455278067
21246,17.70529508825147,0.5624496373892023,560,681,1241,0.0,0.0008333472224535399,0.5625302175664751,-0.00016116035455278067
21247,17.706128435473925,0.5624496373892023,560,681,1241,0.0,0.0008333472224535399,0.5625302175664751,0.0
21248,17.70696178269638,0.5640612409347301,560,681,1241,0.0016116035455278066,0.0008333472224535399,0.5626913779210281,0.00016116035455278067
21249,17.707795129918832,0.5640612409347301,560,681,1241,0.0,0.0008333472224535399,0.5628525382755809,0.00016116035455278067
21250,17.708628477141286,0.5640612409347301,560,681,1241,0.0,0.0008333472224535399,0.5630136986301337,0.00016116035455278067
21251,17.70946182436374,0.564867042707494,560,681,1241,0.0008058017727639033,0.0008333472224535399,0.563255439161963,0.00024174053182917098
21252,17.710295171586193,0.564867042707494,560,681,1241,0.0,0.0008333472224535399,0.5634971796937922,0.00024174053182917098
21253,17.711128518808646,0.564867042707494,560,681,1241,0.0,0.0008333472224535399,0.563658340048345,0.00016116035455278067
21254,17.7119618660311,0.5656728444802579,560,681,1241,0.0008058017727639033,0.0008333472224535399,0.5639806607574507,0.00032232070910556134
21255,17.712795213253553,0.5656728444802579,560,681,1241,0.0,0.0008333472224535399,0.5643029814665562,0.00032232070910556134
21256,17.71362856047601,0.5656728444802579,560,681,1241,0.0,0.0008333472224570926,0.5646253021756618,0.00032232070910556134
21257,17.714461907698464,0.5656728444802579,560,681,1241,0.0,0.0008333472224535399,0.5649476228847673,0.00032232070910556134
21258,17.715295254920918,0.5664786462530218,560,681,1241,0.0008058017727639033,0.0008333472224535399,0.5651893634165965,0.00024174053182917098
21259,17.71612860214337,0.5656728444802579,560,681,1241,-0.0008058017727639033,0.0008333472224535399,0.5653505237711492,0.00016116035455278067
21260,17.716961949365825,0.5656728444802579,560,681,1241,0.0,0.0008333472224535399,0.565511684125702,0.00016116035455278067
21261,17.717795296588278,0.5656728444802579,560,681,1241,0.0,0.0008333472224535399,0.5655922643029783,8.058017727639034e-05
21262,17.71862864381073,0.5656728444802579,560,681,1241,0.0,0.0008333472224535399,0.5656728444802546,8.058017727639034e-05
21263,17.719461991033185,0.5656728444802579,560,681,1241,0.0,0.0008333472224535399,0.565753424657531,8.058017727639034e-05
21264,17.72029533825564,0.5656728444802579,560,681,1241,0.0,0.0008333472224535399,0.565753424657531,0.0
21265,17.721128685478092,0.5664786462530218,560,681,1241,0.0008058017727639033,0.0008333472224535399,0.5658340048348073,8.058017727639034e-05
21266,17.721962032700546,0.5664786462530218,560,681,1241,0.0,0.0008333472224535399,0.5659145850120837,8.058017727639034e-05
21267,17.722795379923,0.5664786462530218,560,681,1241,0.0,0.0008333472224535399,0.56599516518936,8.058017727639034e-05
21268,17.723628727145453,0.5664786462530218,560,681,1241,0.0,0.0008333472224535399,0.56599516518936,0.0
21269,17.724462074367906,0.5664786462530218,560,681,1241,0.0,0.0008333472224535399,0.5660757453666363,8.058017727639034e-05
21270,17.72529542159036,0.5672844480257857,560,681,1241,0.0008058017727639033,0.0008333472224535399,0.5662369057211892,0.00016116035455278067
21271,17.726128768812814,0.5664786462530218,560,681,1241,-0.0008058017727639033,0.0008333472224535399,0.5663174858984655,8.058017727639034e-05
21272,17.726962116035267,0.5664786462530218,560,681,1241,0.0,0.0008333472224535399,0.566398066075742,8.058017727639034e-05
21273,17.72779546325772,0.5656728444802579,560,681,1241,-0.0008058017727639033,0.0008333472224535399,0.566398066075742,0.0
21274,17.728628810480174,0.5656728444802579,560,681,1241,0.0,0.0008333472224535399,0.566398066075742,0.0
21275,17.729462157702628,0.5656728444802579,560,681,1241,0.0,0.0008333472224535399,0.5663174858984654,-8.058017727639034e-05
21276,17.73029550492508,0.5656728444802579,560,681,1241,0.0,0.0008333472224535399,0.5662369057211891,-8.058017727639034e-05
21277,17.73112885214754,0.5656728444802579,560,681,1241,0.0,0.0008333472224570926,0.5661563255439128,-8.058017727639034e-05
21278,17.731962199369992,0.5656728444802579,560,681,1241,0.0,0.0008333472224535399,0.5660757453666364,-8.058017727639034e-05
21279,17.732795546592445,0.5656728444802579,560,681,1241,0.0,0.0008333472224535399,0.5659951651893601,-8.058017727639034e-05
21280,17.7336288938149,0.5656728444802579,560,681,1241,0.0,0.0008333472224535399,0.5658340048348073,-0.00016116035455278067
21281,17.734462241037352,0.5656728444802579,560,681,1241,0.0,0.0008333472224535399,0.5657534246575309,-8.058017727639034e-05
21282,17.735295588259806,0.5656728444802579,560,681,1241,0.0,0.0008333472224535399,0.5656728444802546,-8.058017727639034e-05
21283,17.73612893548226,0.5656728444802579,560,681,1241,0.0,0.0008333472224535399,0.5656728444802546,0.0
21284,17.736962282704713,0.5656728444802579,560,681,1241,0.0,0.0008333472224535399,0.5656728444802546,0.0
21285,17.737795629927167,0.5656728444802579,560,681,1241,0.0,0.0008333472224535399,0.5656728444802546,0.0
21286,17.73862897714962,0.5656728444802579,560,681,1241,0.0,0.0008333472224535399,0.5656728444802546,0.0
21287,17.739462324372074,0.5656728444802579,560,681,1241,0.0,0.0008333472224535399,0.5656728444802546,0.0
21288,17.740295671594527,0.5656728444802579,560,681,1241,0.0,0.0008333472224535399,0.5656728444802546,0.0
21289,17.74112901881698,0.5656728444802579,560,681,1241,0.0,0.0008333472224535399,0.5656728444802546,0.0
21290,17.741962366039434,0.5664786462530218,560,681,1241,0.0008058017727639033,0.0008333472224535399,0.565753424657531,8.058017727639034e-05
21291,17.742795713261888,0.5664786462530218,560,681,1241,0.0,0.0008333472224535399,0.5658340048348073,8.058017727639034e-05
21292,17.74362906048434,0.5664786462530218,560,681,1241,0.0,0.0008333472224535399,0.5659145850120837,8.058017727639034e-05
21293,17.744462407706795,0.5672844480257857,560,681,1241,0.0008058017727639033,0.0008333472224535399,0.5660757453666365,0.00016116035455278067
21294,17.74529575492925,0.5672844480257857,560,681,1241,0.0,0.0008333472224535399,0.5662369057211893,0.00016116035455278067
21295,17.746129102151702,0.5672844480257857,560,681,1241,0.0,0.0008333472224535399,0.5663980660757423,0.00016116035455278067
21296,17.746962449374156,0.5672844480257857,560,681,1241,0.0,0.0008333472224535399,0.5665592264302951,0.00016116035455278067
21297,17.74779579659661,0.5680902497985496,560,681,1241,0.0008058017727639033,0.0008333472224535399,0.5668009669621243,0.00024174053182917098
21298,17.748629143819063,0.5680902497985496,560,681,1241,0.0,0.0008333472224535399,0.5670427074939536,0.00024174053182917098
21299,17.74946249104152,0.5688960515713135,560,681,1241,0.0008058017727639033,0.0008333472224570926,0.5673650282030591,0.00032232070910556134
21300,17.750295838263973,0.5680902497985496,560,681,1241,-0.0008058017727639033,0.0008333472224535399,0.5675261885576119,0.00016116035455278067
21301,17.751129185486427,0.5672844480257857,560,681,1241,-0.0008058017727639033,0.0008333472224535399,0.5676067687348882,8.058017727639034e-05
21302,17.75196253270888,0.5672844480257857,560,681,1241,0.0,0.0008333472224535399,0.5676873489121645,8.058017727639034e-05
21303,17.752795879931334,0.5672844480257857,560,681,1241,0.0,0.0008333472224535399,0.5676873489121645,0.0
21304,17.753629227153787,0.5672844480257857,560,681,1241,0.0,0.0008333472224535399,0.5676873489121645,0.0
21305,17.75446257437624,0.5672844480257857,560,681,1241,0.0,0.0008333472224535399,0.5676873489121645,0.0
21306,17.755295921598695,0.5680902497985496,560,681,1241,0.0008058017727639033,0.0008333472224535399,0.5677679290894408,8.058017727639034e-05
21307,17.756129268821148,0.5688960515713135,560,681,1241,0.0008058017727639033,0.0008333472224535399,0.5678485092667171,8.058017727639034e-05
21308,17.7569626160436,0.5688960515713135,560,681,1241,0.0,0.0008333472224535399,0.5679290894439936,8.058017727639034e-05
21309,17.757795963266055,0.5688960515713135,560,681,1241,0.0,0.0008333472224535399,0.5679290894439936,0.0
21310,17.75862931048851,0.5697018533440773,560,681,1241,0.0008058017727637923,0.0008333472224535399,0.5680902497985463,0.00016116035455276956
21311,17.759462657710962,0.5705076551168412,560,681,1241,0.0008058017727639033,0.0008333472224535399,0.5684125705076518,0.00032232070910555023
21312,17.760296004933416,0.5705076551168412,560,681,1241,0.0,0.0008333472224535399,0.5687348912167574,0.00032232070910555023
21313,17.76112935215587,0.5705076551168412,560,681,1241,0.0,0.0008333472224535399,0.5690572119258629,0.00032232070910555023
21314,17.761962699378323,0.5705076551168412,560,681,1241,0.0,0.0008333472224535399,0.5693795326349684,0.00032232070910555023
21315,17.762796046600776,0.5705076551168412,560,681,1241,0.0,0.0008333472224535399,0.5697018533440741,0.00032232070910555023
21316,17.76362939382323,0.5705076551168412,560,681,1241,0.0,0.0008333472224535399,0.5699435938759032,0.0002417405318291599
21317,17.764462741045683,0.5705076551168412,560,681,1241,0.0,0.0008333472224535399,0.5701047542304559,0.00016116035455276956
21318,17.765296088268137,0.5697018533440773,560,681,1241,-0.0008058017727639033,0.0008333472224535399,0.5701853344077323,8.058017727637922e-05
21319,17.76612943549059,0.5697018533440773,560,681,1241,0.0,0.0008333472224535399,0.5702659145850086,8.058017727637922e-05
21320,17.766962782713048,0.5697018533440773,560,681,1241,0.0,0.0008333472224570926,0.5702659145850086,0.0
21321,17.7677961299355,0.5688960515713135,560,681,1241,-0.0008058017727637923,0.0008333472224535399,0.5701047542304558,-0.00016116035455276956
21322,17.768629477157955,0.5688960515713135,560,681,1241,0.0,0.0008333472224535399,0.5699435938759032,-0.00016116035455276956
21323,17.76946282438041,0.5688960515713135,560,681,1241,0.0,0.0008333472224535399,0.5697824335213505,-0.00016116035455276956
21324,17.770296171602862,0.5688960515713135,560,681,1241,0.0,0.0008333472224535399,0.5696212731667978,-0.00016116035455276956
21325,17.771129518825315,0.5688960515713135,560,681,1241,0.0,0.0008333472224535399,0.5694601128122451,-0.00016116035455276956
21326,17.77196286604777,0.5688960515713135,560,681,1241,0.0,0.0008333472224535399,0.5692989524576924,-0.00016116035455276956
21327,17.772796213270222,0.5688960515713135,560,681,1241,0.0,0.0008333472224535399,0.5691377921031398,-0.00016116035455276956
21328,17.773629560492676,0.5680902497985496,560,681,1241,-0.0008058017727639033,0.0008333472224535399,0.5689766317485869,-0.00016116035455276956
21329,17.77446290771513,0.5680902497985496,560,681,1241,0.0,0.0008333472224535399,0.5688154713940341,-0.00016116035455276956
21330,17.775296254937583,0.5680902497985496,560,681,1241,0.0,0.0008333472224535399,0.5686543110394814,-0.00016116035455276956
21331,17.776129602160037,0.5680902497985496,560,681,1241,0.0,0.0008333472224535399,0.568573730862205,-8.058017727639034e-05
21332,17.77696294938249,0.5680902497985496,560,681,1241,0.0,0.0008333472224535399,0.5684931506849287,-8.058017727639034e-05
21333,17.777796296604944,0.5680902497985496,560,681,1241,0.0,0.0008333472224535399,0.5684125705076524,-8.058017727639034e-05
21334,17.778629643827397,0.5672844480257857,560,681,1241,-0.0008058017727639033,0.0008333472224535399,0.5682514101530997,-0.00016116035455278067
21335,17.77946299104985,0.5672844480257857,560,681,1241,0.0,0.0008333472224535399,0.5680902497985469,-0.00016116035455278067
21336,17.780296338272304,0.5672844480257857,560,681,1241,0.0,0.0008333472224535399,0.5679290894439942,-0.00016116035455278067
21337,17.781129685494758,0.5672844480257857,560,681,1241,0.0,0.0008333472224535399,0.5677679290894415,-0.00016116035455278067
21338,17.78196303271721,0.5672844480257857,560,681,1241,0.0,0.0008333472224535399,0.5676873489121652,-8.058017727639034e-05
21339,17.782796379939665,0.5672844480257857,560,681,1241,0.0,0.0008333472224535399,0.5676067687348889,-8.058017727639034e-05
21340,17.78362972716212,0.5664786462530218,560,681,1241,-0.0008058017727639033,0.0008333472224535399,0.5674456083803361,-0.00016116035455278067
21341,17.784463074384576,0.5672844480257857,560,681,1241,0.0008058017727639033,0.0008333472224570926,0.5673650282030597,-8.058017727639034e-05
21342,17.78529642160703,0.5672844480257857,560,681,1241,0.0,0.0008333472224535399,0.5672844480257833,-8.058017727639034e-05
21343,17.786129768829483,0.5672844480257857,560,681,1241,0.0,0.0008333472224535399,0.567203867848507,-8.058017727639034e-05
21344,17.786963116051936,0.5672844480257857,560,681,1241,0.0,0.0008333472224535399,0.567203867848507,0.0
21345,17.78779646327439,0.5672844480257857,560,681,1241,0.0,0.0008333472224535399,0.567203867848507,0.0
21346,17.788629810496843,0.5672844480257857,560,681,1241,0.0,0.0008333472224535399,0.567203867848507,0.0
21347,17.789463157719297,0.5672844480257857,560,681,1241,0.0,0.0008333472224535399,0.567203867848507,0.0
21348,17.79029650494175,0.5672844480257857,560,681,1241,0.0,0.0008333472224535399,0.567203867848507,0.0
21349,17.791129852164204,0.5672844480257857,560,681,1241,0.0,0.0008333472224535399,0.567203867848507,0.0
21350,17.791963199386657,0.5672844480257857,560,681,1241,0.0,0.0008333472224535399,0.5672844480257834,8.058017727639034e-05
21351,17.79279654660911,0.5672844480257857,560,681,1241,0.0,0.0008333472224535399,0.5672844480257833,0.0
21352,17.793629893831564,0.5672844480257857,560,681,1241,0.0,0.0008333472224535399,0.5672844480257833,0.0
21353,17.794463241054018,0.5672844480257857,560,681,1241,0.0,0.0008333472224535399,0.5672844480257833,0.0
21354,17.79529658827647,0.5680902497985496,560,681,1241,0.0008058017727639033,0.0008333472224535399,0.5673650282030597,8.058017727639034e-05
21355,17.796129935498925,0.5680902497985496,560,681,1241,0.0,0.0008333472224535399,0.567445608380336,8.058017727639034e-05
21356,17.79696328272138,0.5680902497985496,560,681,1241,0.0,0.0008333472224535399,0.5675261885576124,8.058017727639034e-05
21357,17.797796629943832,0.5680902497985496,560,681,1241,0.0,0.0008333472224535399,0.5676067687348887,8.058017727639034e-05
21358,17.798629977166286,0.5680902497985496,560,681,1241,0.0,0.0008333472224535399,0.567687348912165,8.058017727639034e-05
21359,17.79946332438874,0.5680902497985496,560,681,1241,0.0,0.0008333472224535399,0.5677679290894414,8.058017727639034e-05
21360,17.800296671611193,0.5688960515713135,560,681,1241,0.0008058017727639033,0.0008333472224535399,0.5679290894439941,0.00016116035455278067
21361,17.801130018833646,0.5688960515713135,560,681,1241,0.0,0.0008333472224535399,0.5680902497985467,0.00016116035455278067
21362,17.801963366056103,0.5688960515713135,560,681,1241,0.0,0.0008333472224570926,0.5682514101530994,0.00016116035455278067
21363,17.802796713278557,0.5697018533440773,560,681,1241,0.0008058017727637923,0.0008333472224535399,0.5684931506849287,0.0002417405318291599
21364,17.80363006050101,0.5697018533440773,560,681,1241,0.0,0.0008333472224535399,0.5686543110394815,0.00016116035455276956
21365,17.804463407723464,0.5697018533440773,560,681,1241,0.0,0.0008333472224535399,0.5688154713940342,0.00016116035455276956
21366,17.805296754945918,0.5697018533440773,560,681,1241,0.0,0.0008333472224535399,0.568976631748587,0.00016116035455276956
21367,17.80613010216837,0.5713134568896051,560,681,1241,0.0016116035455278066,0.0008333472224535399,0.5692989524576926,0.00032232070910555023
21368,17.806963449390825,0.5713134568896051,560,681,1241,0.0,0.0008333472224535399,0.5696212731667981,0.00032232070910555023
21369,17.807796796613278,0.5705076551168412,560,681,1241,-0.0008058017727639033,0.0008333472224535399,0.5698630136986272,0.0002417405318291599
21370,17.80863014383573,0.5713134568896051,560,681,1241,0.0008058017727639033,0.0008333472224535399,0.5701047542304565,0.0002417405318291599
21371,17.809463491058185,0.5713134568896051,560,681,1241,0.0,0.0008333472224535399,0.5703464947622857,0.0002417405318291599
21372,17.81029683828064,0.5705076551168412,560,681,1241,-0.0008058017727639033,0.0008333472224535399,0.5705076551168384,0.00016116035455276956
21373,17.811130185503092,0.5705076551168412,560,681,1241,0.0,0.0008333472224535399,0.5705882352941147,8.058017727639034e-05
21374,17.811963532725546,0.5705076551168412,560,681,1241,0.0,0.0008333472224535399,0.570668815471391,8.058017727639034e-05
21375,17.812796879948,0.5713134568896051,560,681,1241,0.0008058017727639033,0.0008333472224535399,0.5708299758259439,0.00016116035455278067
21376,17.813630227170453,0.5697018533440773,560,681,1241,-0.0016116035455278066,0.0008333472224535399,0.5708299758259439,0.0
21377,17.814463574392907,0.5688960515713135,560,681,1241,-0.0008058017727637923,0.0008333472224535399,0.5705882352941147,-0.0002417405318291599
21378,17.81529692161536,0.5688960515713135,560,681,1241,0.0,0.0008333472224535399,0.5703464947622855,-0.0002417405318291599
21379,17.816130268837814,0.5688960515713135,560,681,1241,0.0,0.0008333472224535399,0.5701853344077328,-0.00016116035455276956
21380,17.816963616060267,0.5680902497985496,560,681,1241,-0.0008058017727639033,0.0008333472224535399,0.5698630136986271,-0.00032232070910555023
21381,17.81779696328272,0.5680902497985496,560,681,1241,0.0,0.0008333472224535399,0.5695406929895216,-0.00032232070910555023
21382,17.818630310505174,0.5672844480257857,560,681,1241,-0.0008058017727639033,0.0008333472224535399,0.569218372280416,-0.00032232070910555023
21383,17.81946365772763,0.5672844480257857,560,681,1241,0.0,0.0008333472224570926,0.5688960515713105,-0.00032232070910555023
21384,17.820297004950085,0.5672844480257857,560,681,1241,0.0,0.0008333472224535399,0.568573730862205,-0.00032232070910555023
21385,17.82113035217254,0.5664786462530218,560,681,1241,-0.0008058017727639033,0.0008333472224535399,0.5680902497985466,-0.0004834810636583309
21386,17.821963699394992,0.5664786462530218,560,681,1241,0.0,0.0008333472224535399,0.5677679290894411,-0.00032232070910555023
21387,17.822797046617445,0.5672844480257857,560,681,1241,0.0008058017727639033,0.0008333472224535399,0.5676067687348884,-0.00016116035455278067
21388,17.8236303938399,0.5672844480257857,560,681,1241,0.0,0.0008333472224535399,0.5674456083803356,-0.00016116035455278067
21389,17.824463741062353,0.5672844480257857,560,681,1241,0.0,0.0008333472224535399,0.5672844480257829,-0.00016116035455278067
21390,17.825297088284806,0.5672844480257857,560,681,1241,0.0,0.0008333472224535399,0.5672038678485066,-8.058017727639034e-05
21391,17.82613043550726,0.5672844480257857,560,681,1241,0.0,0.0008333472224535399,0.5671232876712302,-8.058017727639034e-05
21392,17.826963782729713,0.5664786462530218,560,681,1241,-0.0008058017727639033,0.0008333472224535399,0.5670427074939539,-8.058017727639034e-05
21393,17.827797129952167,0.5672844480257857,560,681,1241,0.0008058017727639033,0.0008333472224535399,0.5670427074939539,0.0
21394,17.82863047717462,0.5672844480257857,560,681,1241,0.0,0.0008333472224535399,0.5670427074939539,0.0
21395,17.829463824397074,0.5672844480257857,560,681,1241,0.0,0.0008333472224535399,0.5671232876712303,8.058017727639034e-05
21396,17.830297171619527,0.5672844480257857,560,681,1241,0.0,0.0008333472224535399,0.5672038678485067,8.058017727639034e-05
21397,17.83113051884198,0.5672844480257857,560,681,1241,0.0,0.0008333472224535399,0.5672038678485066,0.0
21398,17.831963866064434,0.5672844480257857,560,681,1241,0.0,0.0008333472224535399,0.5672038678485066,0.0
21399,17.832797213286888,0.5672844480257857,560,681,1241,0.0,0.0008333472224535399,0.5672038678485066,0.0
21400,17.83363056050934,0.5672844480257857,560,681,1241,0.0,0.0008333472224535399,0.5672038678485066,0.0
21401,17.834463907731795,0.5680902497985496,560,681,1241,0.0008058017727639033,0.0008333472224535399,0.5672844480257829,8.058017727639034e-05
21402,17.83529725495425,0.5680902497985496,560,681,1241,0.0,0.0008333472224535399,0.5674456083803358,0.00016116035455278067
21403,17.836130602176702,0.5680902497985496,560,681,1241,0.0,0.0008333472224535399,0.5675261885576122,8.058017727639034e-05
21404,17.836963949399156,0.5680902497985496,560,681,1241,0.0,0.0008333472224535399,0.5676067687348885,8.058017727639034e-05
21405,17.837797296621613,0.5680902497985496,560,681,1241,0.0,0.0008333472224570926,0.5676873489121649,8.058017727639034e-05
21406,17.838630643844066,0.5680902497985496,560,681,1241,0.0,0.0008333472224535399,0.5677679290894412,8.058017727639034e-05
21407,17.83946399106652,0.5680902497985496,560,681,1241,0.0,0.0008333472224535399,0.5678485092667176,8.058017727639034e-05
21408,17.840297338288973,0.5680902497985496,560,681,1241,0.0,0.0008333472224535399,0.5679290894439939,8.058017727639034e-05
21409,17.841130685511427,0.5680902497985496,560,681,1241,0.0,0.0008333472224535399,0.5680096696212702,8.058017727639034e-05
21410,17.84196403273388,0.5680902497985496,560,681,1241,0.0,0.0008333472224535399,0.5680902497985466,8.058017727639034e-05
21411,17.842797379956334,0.5680902497985496,560,681,1241,0.0,0.0008333472224535399,0.5680902497985466,0.0
21412,17.843630727178788,0.5672844480257857,560,681,1241,-0.0008058017727639033,0.0008333472224535399,0.5680096696212702,-8.058017727639034e-05
21413,17.84446407440124,0.5664786462530218,560,681,1241,-0.0008058017727639033,0.0008333472224535399,0.5678485092667175,-0.00016116035455278067
21414,17.845297421623695,0.5664786462530218,560,681,1241,0.0,0.0008333472224535399,0.5676873489121647,-0.00016116035455278067
21415,17.846130768846148,0.5664786462530218,560,681,1241,0.0,0.0008333472224535399,0.5675261885576119,-0.00016116035455278067
21416,17.8469641160686,0.5664786462530218,560,681,1241,0.0,0.0008333472224535399,0.5673650282030591,-0.00016116035455278067
21417,17.847797463291055,0.5664786462530218,560,681,1241,0.0,0.0008333472224535399,0.5672038678485063,-0.00016116035455278067
21418,17.84863081051351,0.5664786462530218,560,681,1241,0.0,0.0008333472224535399,0.5670427074939536,-0.00016116035455278067
21419,17.849464157735962,0.5672844480257857,560,681,1241,0.0008058017727639033,0.0008333472224535399,0.5669621273166772,-8.058017727639034e-05
21420,17.850297504958416,0.5672844480257857,560,681,1241,0.0,0.0008333472224535399,0.5668815471394009,-8.058017727639034e-05
21421,17.85113085218087,0.5680902497985496,560,681,1241,0.0008058017727639033,0.0008333472224535399,0.5668815471394009,0.0
21422,17.851964199403323,0.5680902497985496,560,681,1241,0.0,0.0008333472224535399,0.5669621273166772,8.058017727639034e-05
21423,17.852797546625776,0.5680902497985496,560,681,1241,0.0,0.0008333472224535399,0.56712328767123,0.00016116035455278067
21424,17.85363089384823,0.5680902497985496,560,681,1241,0.0,0.0008333472224535399,0.5672844480257828,0.00016116035455278067
21425,17.854464241070684,0.5680902497985496,560,681,1241,0.0,0.0008333472224535399,0.5674456083803355,0.00016116035455278067
21426,17.85529758829314,0.5680902497985496,560,681,1241,0.0,0.0008333472224570926,0.5676067687348884,0.00016116035455278067
21427,17.856130935515594,0.5688960515713135,560,681,1241,0.0008058017727639033,0.0008333472224535399,0.5678485092667175,0.00024174053182917098
21428,17.856964282738048,0.5688960515713135,560,681,1241,0.0,0.0008333472224535399,0.5680902497985467,0.00024174053182917098
21429,17.8577976299605,0.5688960515713135,560,681,1241,0.0,0.0008333472224535399,0.5682514101530994,0.00016116035455278067
21430,17.858630977182955,0.5688960515713135,560,681,1241,0.0,0.0008333472224535399,0.5684125705076521,0.00016116035455278067
21431,17.85946432440541,0.5688960515713135,560,681,1241,0.0,0.0008333472224535399,0.5684931506849284,8.058017727639034e-05
21432,17.860297671627862,0.5688960515713135,560,681,1241,0.0,0.0008333472224535399,0.5685737308622049,8.058017727639034e-05
21433,17.861131018850315,0.5688960515713135,560,681,1241,0.0,0.0008333472224535399,0.5686543110394812,8.058017727639034e-05
21434,17.86196436607277,0.5697018533440773,560,681,1241,0.0008058017727637923,0.0008333472224535399,0.568815471394034,0.00016116035455276956
21435,17.862797713295222,0.5688960515713135,560,681,1241,-0.0008058017727637923,0.0008333472224535399,0.5688960515713104,8.058017727639034e-05
21436,17.863631060517676,0.5688960515713135,560,681,1241,0.0,0.0008333472224535399,0.5689766317485867,8.058017727639034e-05
21437,17.86446440774013,0.5688960515713135,560,681,1241,0.0,0.0008333472224535399,0.5689766317485867,0.0
21438,17.865297754962583,0.5680902497985496,560,681,1241,-0.0008058017727639033,0.0008333472224535399,0.5688960515713104,-8.058017727639034e-05
21439,17.866131102185037,0.5680902497985496,560,681,1241,0.0,0.0008333472224535399,0.5688154713940341,-8.058017727639034e-05
21440,17.86696444940749,0.5680902497985496,560,681,1241,0.0,0.0008333472224535399,0.5687348912167577,-8.058017727639034e-05
21441,17.867797796629944,0.5672844480257857,560,681,1241,-0.0008058017727639033,0.0008333472224535399,0.568573730862205,-0.00016116035455278067
21442,17.868631143852397,0.5664786462530218,560,681,1241,-0.0008058017727639033,0.0008333472224535399,0.5683319903303758,-0.00024174053182917098
21443,17.86946449107485,0.5664786462530218,560,681,1241,0.0,0.0008333472224535399,0.5680902497985466,-0.00024174053182917098
21444,17.870297838297304,0.5664786462530218,560,681,1241,0.0,0.0008333472224535399,0.5677679290894411,-0.00032232070910555023
21445,17.871131185519758,0.5656728444802579,560,681,1241,-0.0008058017727639033,0.0008333472224535399,0.5674456083803354,-0.00032232070910556134
21446,17.87196453274221,0.5656728444802579,560,681,1241,0.0,0.0008333472224535399,0.5671232876712299,-0.00032232070910556134
21447,17.87279787996467,0.564867042707494,560,681,1241,-0.0008058017727639033,0.0008333472224570926,0.566720386784848,-0.00040290088638195165
21448,17.873631227187122,0.5656728444802579,560,681,1241,0.0008058017727639033,0.0008333472224535399,0.5664786462530188,-0.00024174053182917098
21449,17.874464574409576,0.5664786462530218,560,681,1241,0.0008058017727639033,0.0008333472224535399,0.566317485898466,-0.00016116035455278067
21450,17.87529792163203,0.5664786462530218,560,681,1241,0.0,0.0008333472224535399,0.5661563255439133,-0.00016116035455278067
21451,17.876131268854483,0.5664786462530218,560,681,1241,0.0,0.0008333472224535399,0.5660757453666369,-8.058017727639034e-05
21452,17.876964616076936,0.5664786462530218,560,681,1241,0.0,0.0008333472224535399,0.5660757453666369,0.0
21453,17.87779796329939,0.5664786462530218,560,681,1241,0.0,0.0008333472224535399,0.5660757453666369,0.0
21454,17.878631310521843,0.5664786462530218,560,681,1241,0.0,0.0008333472224535399,0.5660757453666369,0.0
21455,17.879464657744297,0.5664786462530218,560,681,1241,0.0,0.0008333472224535399,0.5661563255439133,8.058017727639034e-05
21456,17.88029800496675,0.5664786462530218,560,681,1241,0.0,0.0008333472224535399,0.5662369057211896,8.058017727639034e-05
21457,17.881131352189204,0.5664786462530218,560,681,1241,0.0,0.0008333472224535399,0.5663980660757424,0.00016116035455278067
21458,17.881964699411657,0.5664786462530218,560,681,1241,0.0,0.0008333472224535399,0.5664786462530188,8.058017727639034e-05
21459,17.88279804663411,0.5664786462530218,560,681,1241,0.0,0.0008333472224535399,0.5664786462530188,0.0
21460,17.883631393856565,0.5656728444802579,560,681,1241,-0.0008058017727639033,0.0008333472224535399,0.5663980660757424,-8.058017727639034e-05
21461,17.884464741079018,0.564867042707494,560,681,1241,-0.0008058017727639033,0.0008333472224535399,0.5662369057211896,-0.00016116035455278067
21462,17.88529808830147,0.564867042707494,560,681,1241,0.0,0.0008333472224535399,0.5660757453666367,-0.00016116035455278067
21463,17.886131435523925,0.564867042707494,560,681,1241,0.0,0.0008333472224535399,0.565914585012084,-0.00016116035455278067
21464,17.88696478274638,0.564867042707494,560,681,1241,0.0,0.0008333472224535399,0.5657534246575312,-0.00016116035455278067
21465,17.887798129968832,0.5656728444802579,560,681,1241,0.0008058017727639033,0.0008333472224535399,0.5656728444802549,-8.058017727639034e-05
21466,17.888631477191286,0.564867042707494,560,681,1241,-0.0008058017727639033,0.0008333472224535399,0.5655116841257021,-0.00016116035455278067
21467,17.88946482441374,0.564867042707494,560,681,1241,0.0,0.0008333472224535399,0.5653505237711494,-0.00016116035455278067
21468,17.890298171636196,0.564867042707494,560,681,1241,0.0,0.0008333472224570926,0.5651893634165965,-0.00016116035455278067
21469,17.89113151885865,0.564867042707494,560,681,1241,0.0,0.0008333472224535399,0.5650282030620437,-0.00016116035455278067
21470,17.891964866081103,0.564867042707494,560,681,1241,0.0,0.0008333472224535399,0.5649476228847673,-8.058017727639034e-05
21471,17.892798213303557,0.564867042707494,560,681,1241,0.0,0.0008333472224535399,0.5649476228847673,0.0
21472,17.89363156052601,0.564867042707494,560,681,1241,0.0,0.0008333472224535399,0.5649476228847673,0.0
21473,17.894464907748464,0.564867042707494,560,681,1241,0.0,0.0008333472224535399,0.5649476228847673,0.0
21474,17.895298254970918,0.564867042707494,560,681,1241,0.0,0.0008333472224535399,0.5649476228847673,0.0
21475,17.89613160219337,0.564867042707494,560,681,1241,0.0,0.0008333472224535399,0.564867042707491,-8.058017727639034e-05
21476,17.896964949415825,0.564867042707494,560,681,1241,0.0,0.0008333472224535399,0.564867042707491,0.0
21477,17.89779829663828,0.564867042707494,560,681,1241,0.0,0.0008333472224535399,0.564867042707491,0.0
21478,17.898631643860732,0.564867042707494,560,681,1241,0.0,0.0008333472224535399,0.564867042707491,0.0
21479,17.899464991083185,0.564867042707494,560,681,1241,0.0,0.0008333472224535399,0.564867042707491,0.0
21480,17.90029833830564,0.564867042707494,560,681,1241,0.0,0.0008333472224535399,0.564867042707491,0.0
21481,17.901131685528092,0.5640612409347301,560,681,1241,-0.0008058017727639033,0.0008333472224535399,0.5647864625302146,-8.058017727639034e-05
21482,17.901965032750546,0.5640612409347301,560,681,1241,0.0,0.0008333472224535399,0.5647058823529383,-8.058017727639034e-05
21483,17.902798379973,0.5640612409347301,560,681,1241,0.0,0.0008333472224535399,0.564625302175662,-8.058017727639034e-05
21484,17.903631727195453,0.5640612409347301,560,681,1241,0.0,0.0008333472224535399,0.5645447219983856,-8.058017727639034e-05
21485,17.904465074417907,0.564867042707494,560,681,1241,0.0008058017727639033,0.0008333472224535399,0.5645447219983856,0.0
21486,17.90529842164036,0.5664786462530218,560,681,1241,0.0016116035455278066,0.0008333472224535399,0.5647058823529384,0.00016116035455278067
21487,17.906131768862814,0.5664786462530218,560,681,1241,0.0,0.0008333472224535399,0.5648670427074911,0.00016116035455278067
21488,17.906965116085267,0.5664786462530218,560,681,1241,0.0,0.0008333472224535399,0.5650282030620439,0.00016116035455278067
21489,17.907798463307724,0.5664786462530218,560,681,1241,0.0,0.0008333472224570926,0.5651893634165968,0.00016116035455278067
21490,17.908631810530178,0.5664786462530218,560,681,1241,0.0,0.0008333472224535399,0.5653505237711495,0.00016116035455278067
21491,17.90946515775263,0.5664786462530218,560,681,1241,0.0,0.0008333472224535399,0.5655922643029786,0.00024174053182917098
21492,17.910298504975085,0.5656728444802579,560,681,1241,-0.0008058017727639033,0.0008333472224535399,0.5657534246575313,0.00016116035455278067
21493,17.91113185219754,0.5656728444802579,560,681,1241,0.0,0.0008333472224535399,0.565914585012084,0.00016116035455278067
21494,17.911965199419992,0.5656728444802579,560,681,1241,0.0,0.0008333472224535399,0.5660757453666367,0.00016116035455278067
21495,17.912798546642446,0.5656728444802579,560,681,1241,0.0,0.0008333472224535399,0.566156325543913,8.058017727639034e-05
21496,17.9136318938649,0.5656728444802579,560,681,1241,0.0,0.0008333472224535399,0.5660757453666366,-8.058017727639034e-05
21497,17.914465241087353,0.5656728444802579,560,681,1241,0.0,0.0008333472224535399,0.5659951651893602,-8.058017727639034e-05
21498,17.915298588309806,0.5656728444802579,560,681,1241,0.0,0.0008333472224535399,0.5659145850120839,-8.058017727639034e-05
21499,17.91613193553226,0.5656728444802579,560,681,1241,0.0,0.0008333472224535399,0.5658340048348076,-8.058017727639034e-05
21500,17.916965282754713,0.5656728444802579,560,681,1241,0.0,0.0008333472224535399,0.5657534246575312,-8.058017727639034e-05
21501,17.917798629977167,0.5656728444802579,560,681,1241,0.0,0.0008333472224535399,0.5656728444802549,-8.058017727639034e-05
21502,17.91863197719962,0.5656728444802579,560,681,1241,0.0,0.0008333472224535399,0.565672844480255,0.0
21503,17.919465324422074,0.5656728444802579,560,681,1241,0.0,0.0008333472224535399,0.565672844480255,0.0
21504,17.920298671644527,0.5656728444802579,560,681,1241,0.0,0.0008333472224535399,0.565672844480255,0.0
21505,17.92113201886698,0.5656728444802579,560,681,1241,0.0,0.0008333472224535399,0.565672844480255,0.0
21506,17.921965366089434,0.5656728444802579,560,681,1241,0.0,0.0008333472224535399,0.565672844480255,0.0
21507,17.922798713311888,0.5656728444802579,560,681,1241,0.0,0.0008333472224535399,0.565672844480255,0.0
21508,17.92363206053434,0.5656728444802579,560,681,1241,0.0,0.0008333472224535399,0.565672844480255,0.0
21509,17.924465407756795,0.564867042707494,560,681,1241,-0.0008058017727639033,0.0008333472224535399,0.5655922643029786,-8.058017727639034e-05
21510,17.925298754979252,0.564867042707494,560,681,1241,0.0,0.0008333472224570926,0.5655116841257023,-8.058017727639034e-05
21511,17.926132102201706,0.564867042707494,560,681,1241,0.0,0.0008333472224535399,0.5654311039484259,-8.058017727639034e-05
21512,17.92696544942416,0.564867042707494,560,681,1241,0.0,0.0008333472224535399,0.5653505237711496,-8.058017727639034e-05
21513,17.927798796646613,0.564867042707494,560,681,1241,0.0,0.0008333472224535399,0.5652699435938733,-8.058017727639034e-05
21514,17.928632143869066,0.564867042707494,560,681,1241,0.0,0.0008333472224535399,0.5651893634165969,-8.058017727639034e-05
21515,17.92946549109152,0.5656728444802579,560,681,1241,0.0008058017727639033,0.0008333472224535399,0.5651893634165969,0.0
21516,17.930298838313973,0.5656728444802579,560,681,1241,0.0,0.0008333472224535399,0.5651893634165969,0.0
21517,17.931132185536427,0.5656728444802579,560,681,1241,0.0,0.0008333472224535399,0.5651893634165969,0.0
21518,17.93196553275888,0.5656728444802579,560,681,1241,0.0,0.0008333472224535399,0.5651893634165969,0.0
21519,17.932798879981334,0.5656728444802579,560,681,1241,0.0,0.0008333472224535399,0.5652699435938733,8.058017727639034e-05
21520,17.933632227203788,0.5656728444802579,560,681,1241,0.0,0.0008333472224535399,0.5653505237711496,8.058017727639034e-05
21521,17.93446557442624,0.5656728444802579,560,681,1241,0.0,0.0008333472224535399,0.5654311039484259,8.058017727639034e-05
21522,17.935298921648695,0.564867042707494,560,681,1241,-0.0008058017727639033,0.0008333472224535399,0.5654311039484259,0.0
21523,17.936132268871148,0.564867042707494,560,681,1241,0.0,0.0008333472224535399,0.5654311039484259,0.0
21524,17.9369656160936,0.5656728444802579,560,681,1241,0.0008058017727639033,0.0008333472224535399,0.5655116841257023,8.058017727639034e-05
21525,17.937798963316055,0.5664786462530218,560,681,1241,0.0008058017727639033,0.0008333472224535399,0.5655922643029786,8.058017727639034e-05
21526,17.93863231053851,0.5664786462530218,560,681,1241,0.0,0.0008333472224535399,0.565672844480255,8.058017727639034e-05
21527,17.939465657760962,0.5664786462530218,560,681,1241,0.0,0.0008333472224535399,0.5657534246575313,8.058017727639034e-05
21528,17.940299004983416,0.5664786462530218,560,681,1241,0.0,0.0008333472224535399,0.5658340048348076,8.058017727639034e-05
21529,17.94113235220587,0.5664786462530218,560,681,1241,0.0,0.0008333472224535399,0.565914585012084,8.058017727639034e-05
21530,17.941965699428323,0.5664786462530218,560,681,1241,0.0,0.0008333472224535399,0.5659951651893603,8.058017727639034e-05
21531,17.942799046650777,0.5656728444802579,560,681,1241,-0.0008058017727639033,0.0008333472224535399,0.5659951651893603,0.0
21532,17.943632393873234,0.5656728444802579,560,681,1241,0.0,0.0008333472224570926,0.5660757453666367,8.058017727639034e-05
21533,17.944465741095687,0.564867042707494,560,681,1241,-0.0008058017727639033,0.0008333472224535399,0.5660757453666367,0.0
21534,17.94529908831814,0.564867042707494,560,681,1241,0.0,0.0008333472224535399,0.5659951651893603,-8.058017727639034e-05
21535,17.946132435540594,0.564867042707494,560,681,1241,0.0,0.0008333472224535399,0.5658340048348076,-0.00016116035455278067
21536,17.946965782763048,0.564867042707494,560,681,1241,0.0,0.0008333472224535399,0.5656728444802548,-0.00016116035455278067
21537,17.9477991299855,0.5656728444802579,560,681,1241,0.0008058017727639033,0.0008333472224535399,0.5655922643029784,-8.058017727639034e-05
21538,17.948632477207955,0.5656728444802579,560,681,1241,0.0,0.0008333472224535399,0.565511684125702,-8.058017727639034e-05
21539,17.94946582443041,0.5656728444802579,560,681,1241,0.0,0.0008333472224535399,0.5654311039484257,-8.058017727639034e-05
21540,17.950299171652862,0.5656728444802579,560,681,1241,0.0,0.0008333472224535399,0.5653505237711494,-8.058017727639034e-05
21541,17.951132518875315,0.5656728444802579,560,681,1241,0.0,0.0008333472224535399,0.5653505237711494,0.0
21542,17.95196586609777,0.5656728444802579,560,681,1241,0.0,0.0008333472224535399,0.5653505237711494,0.0
21543,17.952799213320223,0.5656728444802579,560,681,1241,0.0,0.0008333472224535399,0.5654311039484258,8.058017727639034e-05
21544,17.953632560542676,0.5656728444802579,560,681,1241,0.0,0.0008333472224535399,0.5655116841257021,8.058017727639034e-05
21545,17.95446590776513,0.5656728444802579,560,681,1241,0.0,0.0008333472224535399,0.5655922643029785,8.058017727639034e-05
21546,17.955299254987583,0.5656728444802579,560,681,1241,0.0,0.0008333472224535399,0.5656728444802548,8.058017727639034e-05
21547,17.956132602210037,0.5656728444802579,560,681,1241,0.0,0.0008333472224535399,0.5656728444802548,0.0
21548,17.95696594943249,0.5656728444802579,560,681,1241,0.0,0.0008333472224535399,0.5656728444802548,0.0
21549,17.957799296654944,0.5656728444802579,560,681,1241,0.0,0.0008333472224535399,0.5656728444802548,0.0
21550,17.958632643877397,0.5656728444802579,560,681,1241,0.0,0.0008333472224535399,0.5656728444802548,0.0
21551,17.95946599109985,0.5672844480257857,560,681,1241,0.0016116035455278066,0.0008333472224535399,0.5658340048348076,0.00016116035455278067
21552,17.960299338322304,0.5672844480257857,560,681,1241,0.0,0.0008333472224535399,0.5659951651893605,0.00016116035455278067
21553,17.96113268554476,0.5672844480257857,560,681,1241,0.0,0.0008333472224570926,0.5661563255439134,0.00016116035455278067
21554,17.961966032767215,0.5680902497985496,560,681,1241,0.0008058017727639033,0.0008333472224535399,0.5663980660757426,0.00024174053182917098
21555,17.96279937998967,0.5680902497985496,560,681,1241,0.0,0.0008333472224535399,0.5666398066075718,0.00024174053182917098
21556,17.963632727212122,0.5680902497985496,560,681,1241,0.0,0.0008333472224535399,0.5668815471394011,0.00024174053182917098
21557,17.964466074434576,0.5688960515713135,560,681,1241,0.0008058017727639033,0.0008333472224535399,0.5672038678485066,0.00032232070910556134
21558,17.96529942165703,0.5697018533440773,560,681,1241,0.0008058017727637923,0.0008333472224535399,0.5676067687348885,0.00040290088638194054
21559,17.966132768879483,0.5697018533440773,560,681,1241,0.0,0.0008333472224535399,0.5680096696212704,0.00040290088638194054
21560,17.966966116101936,0.5697018533440773,560,681,1241,0.0,0.0008333472224535399,0.5684125705076524,0.00040290088638194054
21561,17.96779946332439,0.5688960515713135,560,681,1241,-0.0008058017727637923,0.0008333472224535399,0.568573730862205,0.00016116035455278067
21562,17.968632810546843,0.5688960515713135,560,681,1241,0.0,0.0008333472224535399,0.5687348912167577,0.00016116035455278067
21563,17.969466157769297,0.5688960515713135,560,681,1241,0.0,0.0008333472224535399,0.5688960515713104,0.00016116035455278067
21564,17.97029950499175,0.5688960515713135,560,681,1241,0.0,0.0008333472224535399,0.5689766317485867,8.058017727639034e-05
21565,17.971132852214204,0.5688960515713135,560,681,1241,0.0,0.0008333472224535399,0.5690572119258631,8.058017727639034e-05
21566,17.971966199436658,0.5688960515713135,560,681,1241,0.0,0.0008333472224535399,0.5691377921031394,8.058017727639034e-05
21567,17.97279954665911,0.5688960515713135,560,681,1241,0.0,0.0008333472224535399,0.5691377921031394,0.0
21568,17.973632893881565,0.5688960515713135,560,681,1241,0.0,0.0008333472224535399,0.569057211925863,-8.058017727637922e-05
21569,17.974466241104018,0.5688960515713135,560,681,1241,0.0,0.0008333472224535399,0.5689766317485867,-8.058017727637922e-05
21570,17.97529958832647,0.5688960515713135,560,681,1241,0.0,0.0008333472224535399,0.5688960515713103,-8.058017727637922e-05
21571,17.976132935548925,0.5688960515713135,560,681,1241,0.0,0.0008333472224535399,0.5688960515713104,0.0
21572,17.97696628277138,0.5688960515713135,560,681,1241,0.0,0.0008333472224535399,0.5688960515713104,0.0
21573,17.977799629993832,0.5680902497985496,560,681,1241,-0.0008058017727639033,0.0008333472224535399,0.5688154713940341,-8.058017727639034e-05
21574,17.97863297721629,0.5688960515713135,560,681,1241,0.0008058017727639033,0.0008333472224570926,0.5688154713940341,0.0
21575,17.979466324438743,0.5688960515713135,560,681,1241,0.0,0.0008333472224535399,0.5688154713940341,0.0
21576,17.980299671661196,0.5688960515713135,560,681,1241,0.0,0.0008333472224535399,0.5688154713940341,0.0
21577,17.98113301888365,0.5688960515713135,560,681,1241,0.0,0.0008333472224535399,0.5688154713940341,0.0
21578,17.981966366106104,0.5680902497985496,560,681,1241,-0.0008058017727639033,0.0008333472224535399,0.5687348912167577,-8.058017727639034e-05
21579,17.982799713328557,0.5680902497985496,560,681,1241,0.0,0.0008333472224535399,0.5686543110394814,-8.058017727639034e-05
21580,17.98363306055101,0.5680902497985496,560,681,1241,0.0,0.0008333472224535399,0.568573730862205,-8.058017727639034e-05
21581,17.984466407773464,0.5680902497985496,560,681,1241,0.0,0.0008333472224535399,0.5684931506849287,-8.058017727639034e-05
21582,17.985299754995918,0.5672844480257857,560,681,1241,-0.0008058017727639033,0.0008333472224535399,0.568331990330376,-0.00016116035455278067
21583,17.98613310221837,0.5664786462530218,560,681,1241,-0.0008058017727639033,0.0008333472224535399,0.5681708299758232,-0.00016116035455278067
21584,17.986966449440825,0.5664786462530218,560,681,1241,0.0,0.0008333472224535399,0.5679290894439941,-0.00024174053182917098
21585,17.98779979666328,0.5672844480257857,560,681,1241,0.0008058017727639033,0.0008333472224535399,0.5677679290894414,-0.00016116035455278067
21586,17.988633143885732,0.5672844480257857,560,681,1241,0.0,0.0008333472224535399,0.5676067687348887,-0.00016116035455278067
21587,17.989466491108185,0.5664786462530218,560,681,1241,-0.0008058017727639033,0.0008333472224535399,0.5673650282030595,-0.00024174053182917098
21588,17.99029983833064,0.5664786462530218,560,681,1241,0.0,0.0008333472224535399,0.5672038678485067,-0.00016116035455278067
21589,17.991133185553092,0.5664786462530218,560,681,1241,0.0,0.0008333472224535399,0.5670427074939539,-0.00016116035455278067
21590,17.991966532775546,0.5672844480257857,560,681,1241,0.0008058017727639033,0.0008333472224535399,0.5669621273166776,-8.058017727639034e-05
21591,17.992799879998,0.5664786462530218,560,681,1241,-0.0008058017727639033,0.0008333472224535399,0.5668009669621248,-0.00016116035455278067
21592,17.993633227220453,0.5664786462530218,560,681,1241,0.0,0.0008333472224535399,0.5667203867848484,-8.058017727639034e-05
21593,17.994466574442907,0.5656728444802579,560,681,1241,-0.0008058017727639033,0.0008333472224535399,0.566639806607572,-8.058017727639034e-05
21594,17.99529992166536,0.5656728444802579,560,681,1241,0.0,0.0008333472224535399,0.5665592264302955,-8.058017727639034e-05
21595,17.996133268887817,0.5656728444802579,560,681,1241,0.0,0.0008333472224570926,0.5663980660757428,-0.00016116035455278067
21596,17.99696661611027,0.5656728444802579,560,681,1241,0.0,0.0008333472224535399,0.5662369057211899,-0.00016116035455278067
21597,17.997799963332724,0.5664786462530218,560,681,1241,0.0008058017727639033,0.0008333472224535399,0.5662369057211899,0.0
21598,17.998633310555178,0.5664786462530218,560,681,1241,0.0,0.0008333472224535399,0.5662369057211899,0.0
21599,17.99946665777763,0.5664786462530218,560,681,1241,0.0,0.0008333472224535399,0.5662369057211899,0.0
21600,18.000300005000085,0.5656728444802579,560,681,1241,-0.0008058017727639033,0.0008333472224535399,0.5660757453666371,-0.00016116035455278067
21601,18.00113335222254,0.5656728444802579,560,681,1241,0.0,0.0008333472224535399,0.5659951651893607,-8.058017727639034e-05
21602,18.001966699444992,0.5656728444802579,560,681,1241,0.0,0.0008333472224535399,0.5659145850120842,-8.058017727639034e-05
21603,18.002800046667446,0.5656728444802579,560,681,1241,0.0,0.0008333472224535399,0.5659145850120844,0.0
21604,18.0036333938899,0.564867042707494,560,681,1241,-0.0008058017727639033,0.0008333472224535399,0.5658340048348081,-8.058017727639034e-05
21605,18.004466741112353,0.564867042707494,560,681,1241,0.0,0.0008333472224535399,0.5657534246575316,-8.058017727639034e-05
21606,18.005300088334806,0.5640612409347301,560,681,1241,-0.0008058017727639033,0.0008333472224535399,0.5655922643029789,-0.00016116035455278067
21607,18.00613343555726,0.5624496373892023,560,681,1241,-0.0016116035455278066,0.0008333472224535399,0.565189363416597,-0.00040290088638195165
21608,18.006966782779713,0.5624496373892023,560,681,1241,0.0,0.0008333472224535399,0.564786462530215,-0.00040290088638195165
21609,18.007800130002167,0.5624496373892023,560,681,1241,0.0,0.0008333472224535399,0.5643835616438332,-0.00040290088638195165
21610,18.00863347722462,0.5624496373892023,560,681,1241,0.0,0.0008333472224535399,0.5640612409347276,-0.00032232070910556134
21611,18.009466824447074,0.5624496373892023,560,681,1241,0.0,0.0008333472224535399,0.5637389202256221,-0.00032232070910556134
21612,18.010300171669527,0.5632554391619662,560,681,1241,0.0008058017727639033,0.0008333472224535399,0.5634971796937929,-0.00024174053182917098
21613,18.01113351889198,0.5632554391619662,560,681,1241,0.0,0.0008333472224535399,0.5632554391619637,-0.00024174053182917098
21614,18.011966866114435,0.5632554391619662,560,681,1241,0.0,0.0008333472224535399,0.5630942788074109,-0.00016116035455278067
21615,18.012800213336888,0.5632554391619662,560,681,1241,0.0,0.0008333472224535399,0.5629331184528581,-0.00016116035455278067
21616,18.013633560559345,0.5632554391619662,560,681,1241,0.0,0.0008333472224570926,0.5628525382755818,-8.058017727639034e-05
21617,18.0144669077818,0.5632554391619662,560,681,1241,0.0,0.0008333472224535399,0.5629331184528581,8.058017727639034e-05
21618,18.015300255004252,0.5632554391619662,560,681,1241,0.0,0.0008333472224535399,0.5630136986301345,8.058017727639034e-05
21619,18.016133602226706,0.5632554391619662,560,681,1241,0.0,0.0008333472224535399,0.5630942788074108,8.058017727639034e-05
21620,18.01696694944916,0.5632554391619662,560,681,1241,0.0,0.0008333472224535399,0.5631748589846872,8.058017727639034e-05
21621,18.017800296671613,0.5632554391619662,560,681,1241,0.0,0.0008333472224535399,0.5632554391619635,8.058017727639034e-05
21622,18.018633643894066,0.5632554391619662,560,681,1241,0.0,0.0008333472224535399,0.5632554391619635,0.0
21623,18.01946699111652,0.5632554391619662,560,681,1241,0.0,0.0008333472224535399,0.5632554391619635,0.0
21624,18.020300338338973,0.5632554391619662,560,681,1241,0.0,0.0008333472224535399,0.5632554391619635,0.0
21625,18.021133685561427,0.5624496373892023,560,681,1241,-0.0008058017727639033,0.0008333472224535399,0.5631748589846871,-8.058017727639034e-05
21626,18.02196703278388,0.5624496373892023,560,681,1241,0.0,0.0008333472224535399,0.5630942788074107,-8.058017727639034e-05
21627,18.022800380006334,0.5632554391619662,560,681,1241,0.0008058017727639033,0.0008333472224535399,0.5630942788074107,0.0
21628,18.023633727228788,0.5632554391619662,560,681,1241,0.0,0.0008333472224535399,0.5630942788074107,0.0
21629,18.02446707445124,0.5632554391619662,560,681,1241,0.0,0.0008333472224535399,0.5630942788074107,0.0
21630,18.025300421673695,0.5632554391619662,560,681,1241,0.0,0.0008333472224535399,0.5630942788074107,0.0
21631,18.02613376889615,0.5640612409347301,560,681,1241,0.0008058017727639033,0.0008333472224535399,0.5631748589846871,8.058017727639034e-05
21632,18.026967116118602,0.5640612409347301,560,681,1241,0.0,0.0008333472224535399,0.5632554391619634,8.058017727639034e-05
21633,18.027800463341055,0.5632554391619662,560,681,1241,-0.0008058017727639033,0.0008333472224535399,0.5632554391619634,0.0
21634,18.02863381056351,0.5632554391619662,560,681,1241,0.0,0.0008333472224535399,0.5632554391619634,0.0
21635,18.029467157785962,0.5632554391619662,560,681,1241,0.0,0.0008333472224535399,0.5633360193392398,8.058017727639034e-05
21636,18.030300505008416,0.5632554391619662,560,681,1241,0.0,0.0008333472224535399,0.5634165995165162,8.058017727639034e-05
21637,18.03113385223087,0.5640612409347301,560,681,1241,0.0008058017727639033,0.0008333472224535399,0.5634971796937926,8.058017727639034e-05
21638,18.031967199453327,0.5640612409347301,560,681,1241,0.0,0.0008333472224570926,0.563577759871069,8.058017727639034e-05
21639,18.03280054667578,0.5640612409347301,560,681,1241,0.0,0.0008333472224535399,0.5636583400483454,8.058017727639034e-05
21640,18.033633893898234,0.5640612409347301,560,681,1241,0.0,0.0008333472224535399,0.5637389202256217,8.058017727639034e-05
21641,18.034467241120687,0.5640612409347301,560,681,1241,0.0,0.0008333472224535399,0.5637389202256216,0.0
21642,18.03530058834314,0.5640612409347301,560,681,1241,0.0,0.0008333472224535399,0.5637389202256216,0.0
21643,18.036133935565594,0.5640612409347301,560,681,1241,0.0,0.0008333472224535399,0.5638195004028981,8.058017727639034e-05
21644,18.036967282788048,0.5632554391619662,560,681,1241,-0.0008058017727639033,0.0008333472224535399,0.5638195004028981,0.0
21645,18.0378006300105,0.5632554391619662,560,681,1241,0.0,0.0008333472224535399,0.5638195004028981,0.0
21646,18.038633977232955,0.5632554391619662,560,681,1241,0.0,0.0008333472224535399,0.5638195004028981,0.0
21647,18.03946732445541,0.5624496373892023,560,681,1241,-0.0008058017727639033,0.0008333472224535399,0.5636583400483453,-0.00016116035455278067
21648,18.040300671677862,0.5624496373892023,560,681,1241,0.0,0.0008333472224535399,0.5634971796937924,-0.00016116035455278067
21649,18.041134018900316,0.5624496373892023,560,681,1241,0.0,0.0008333472224535399,0.5633360193392395,-0.00016116035455278067
21650,18.04196736612277,0.5624496373892023,560,681,1241,0.0,0.0008333472224535399,0.5631748589846867,-0.00016116035455278067
21651,18.042800713345223,0.5624496373892023,560,681,1241,0.0,0.0008333472224535399,0.5630136986301337,-0.00016116035455278067
21652,18.043634060567676,0.5624496373892023,560,681,1241,0.0,0.0008333472224535399,0.5628525382755809,-0.00016116035455278067
21653,18.04446740779013,0.5616438356164384,560,681,1241,-0.0008058017727639033,0.0008333472224535399,0.5626107977437517,-0.00024174053182917098
21654,18.045300755012583,0.5624496373892023,560,681,1241,0.0008058017727639033,0.0008333472224535399,0.5625302175664753,-8.058017727639034e-05
21655,18.046134102235037,0.5624496373892023,560,681,1241,0.0,0.0008333472224535399,0.562449637389199,-8.058017727639034e-05
21656,18.04696744945749,0.5624496373892023,560,681,1241,0.0,0.0008333472224535399,0.5623690572119225,-8.058017727639034e-05
21657,18.047800796679944,0.5616438356164384,560,681,1241,-0.0008058017727639033,0.0008333472224535399,0.5622884770346461,-8.058017727639034e-05
21658,18.048634143902397,0.5616438356164384,560,681,1241,0.0,0.0008333472224535399,0.5622078968573698,-8.058017727639034e-05
21659,18.049467491124854,0.5616438356164384,560,681,1241,0.0,0.0008333472224570926,0.5621273166800934,-8.058017727639034e-05
21660,18.050300838347308,0.5616438356164384,560,681,1241,0.0,0.0008333472224535399,0.5620467365028171,-8.058017727639034e-05
21661,18.05113418556976,0.5624496373892023,560,681,1241,0.0008058017727639033,0.0008333472224535399,0.5620467365028171,0.0
21662,18.051967532792215,0.5624496373892023,560,681,1241,0.0,0.0008333472224535399,0.5620467365028171,0.0
21663,18.05280088001467,0.5616438356164384,560,681,1241,-0.0008058017727639033,0.0008333472224535399,0.5620467365028171,0.0
21664,18.053634227237122,0.5608380338436745,560,681,1241,-0.0008058017727639033,0.0008333472224535399,0.5618855761482644,-0.00016116035455278067
21665,18.054467574459576,0.5608380338436745,560,681,1241,0.0,0.0008333472224535399,0.5617244157937117,-0.00016116035455278067
21666,18.05530092168203,0.5608380338436745,560,681,1241,0.0,0.0008333472224535399,0.561563255439159,-0.00016116035455278067
21667,18.056134268904483,0.5608380338436745,560,681,1241,0.0,0.0008333472224535399,0.5614826752618827,-8.058017727639034e-05
21668,18.056967616126936,0.5600322320709106,560,681,1241,-0.0008058017727639033,0.0008333472224535399,0.5613215149073298,-0.00016116035455278067
21669,18.05780096334939,0.5600322320709106,560,681,1241,0.0,0.0008333472224535399,0.5611603545527771,-0.00016116035455278067
21670,18.058634310571843,0.5600322320709106,560,681,1241,0.0,0.0008333472224535399,0.5609991941982243,-0.00016116035455278067
21671,18.059467657794297,0.5600322320709106,560,681,1241,0.0,0.0008333472224535399,0.5607574536663952,-0.00024174053182917098
21672,18.06030100501675,0.5600322320709106,560,681,1241,0.0,0.0008333472224535399,0.5605157131345659,-0.00024174053182917098
21673,18.061134352239204,0.5600322320709106,560,681,1241,0.0,0.0008333472224535399,0.5603545527800132,-0.00016116035455278067
21674,18.061967699461658,0.5600322320709106,560,681,1241,0.0,0.0008333472224535399,0.5602739726027368,-8.058017727639034e-05
21675,18.06280104668411,0.5600322320709106,560,681,1241,0.0,0.0008333472224535399,0.5601933924254604,-8.058017727639034e-05
21676,18.063634393906565,0.5600322320709106,560,681,1241,0.0,0.0008333472224535399,0.5601128122481841,-8.058017727639034e-05
21677,18.064467741129018,0.5600322320709106,560,681,1241,0.0,0.0008333472224535399,0.5600322320709077,-8.058017727639034e-05
21678,18.06530108835147,0.5600322320709106,560,681,1241,0.0,0.0008333472224535399,0.5600322320709077,0.0
21679,18.066134435573925,0.5600322320709106,560,681,1241,0.0,0.0008333472224535399,0.5600322320709077,0.0
21680,18.066967782796382,0.5600322320709106,560,681,1241,0.0,0.0008333472224570926,0.5600322320709077,0.0
21681,18.067801130018836,0.5600322320709106,560,681,1241,0.0,0.0008333472224535399,0.5600322320709077,0.0
21682,18.06863447724129,0.5600322320709106,560,681,1241,0.0,0.0008333472224535399,0.5600322320709077,0.0
21683,18.069467824463743,0.5600322320709106,560,681,1241,0.0,0.0008333472224535399,0.5600322320709077,0.0
21684,18.070301171686197,0.5600322320709106,560,681,1241,0.0,0.0008333472224535399,0.5600322320709077,0.0
21685,18.07113451890865,0.5600322320709106,560,681,1241,0.0,0.0008333472224535399,0.5600322320709077,0.0
21686,18.071967866131104,0.5600322320709106,560,681,1241,0.0,0.0008333472224535399,0.5600322320709077,0.0
21687,18.072801213353557,0.5608380338436745,560,681,1241,0.0008058017727639033,0.0008333472224535399,0.5601128122481842,8.058017727639034e-05
21688,18.07363456057601,0.5608380338436745,560,681,1241,0.0,0.0008333472224535399,0.5601933924254605,8.058017727639034e-05
21689,18.074467907798464,0.5608380338436745,560,681,1241,0.0,0.0008333472224535399,0.5602739726027368,8.058017727639034e-05
21690,18.075301255020918,0.5600322320709106,560,681,1241,-0.0008058017727639033,0.0008333472224535399,0.5602739726027368,0.0
21691,18.07613460224337,0.5600322320709106,560,681,1241,0.0,0.0008333472224535399,0.5602739726027368,0.0
21692,18.076967949465825,0.5600322320709106,560,681,1241,0.0,0.0008333472224535399,0.5602739726027368,0.0
21693,18.07780129668828,0.5608380338436745,560,681,1241,0.0008058017727639033,0.0008333472224535399,0.5603545527800132,8.058017727639034e-05
21694,18.078634643910732,0.5624496373892023,560,681,1241,0.0016116035455278066,0.0008333472224535399,0.5605962933118425,0.00024174053182917098
21695,18.079467991133185,0.5616438356164384,560,681,1241,-0.0008058017727639033,0.0008333472224535399,0.5607574536663952,0.00016116035455278067
21696,18.08030133835564,0.5616438356164384,560,681,1241,0.0,0.0008333472224535399,0.560918614020948,0.00016116035455278067
21697,18.081134685578093,0.5616438356164384,560,681,1241,0.0,0.0008333472224535399,0.5609991941982244,8.058017727639034e-05
21698,18.081968032800546,0.5616438356164384,560,681,1241,0.0,0.0008333472224535399,0.5610797743755007,8.058017727639034e-05
21699,18.082801380023,0.5624496373892023,560,681,1241,0.0008058017727639033,0.0008333472224535399,0.5612409347300534,0.00016116035455278067
21700,18.083634727245453,0.5624496373892023,560,681,1241,0.0,0.0008333472224535399,0.5614826752618826,0.00024174053182917098
21701,18.08446807446791,0.5624496373892023,560,681,1241,0.0,0.0008333472224570926,0.5617244157937118,0.00024174053182917098
21702,18.085301421690364,0.5632554391619662,560,681,1241,0.0008058017727639033,0.0008333472224535399,0.5620467365028173,0.00032232070910556134
21703,18.086134768912817,0.564867042707494,560,681,1241,0.0016116035455278066,0.0008333472224535399,0.5624496373891994,0.00040290088638195165
21704,18.08696811613527,0.564867042707494,560,681,1241,0.0,0.0008333472224535399,0.5626913779210285,0.00024174053182917098
21705,18.087801463357724,0.564867042707494,560,681,1241,0.0,0.0008333472224535399,0.5630136986301342,0.00032232070910556134
21706,18.088634810580178,0.564867042707494,560,681,1241,0.0,0.0008333472224535399,0.5633360193392397,0.00032232070910556134
21707,18.08946815780263,0.564867042707494,560,681,1241,0.0,0.0008333472224535399,0.5636583400483453,0.00032232070910556134
21708,18.090301505025085,0.564867042707494,560,681,1241,0.0,0.0008333472224535399,0.5639806607574508,0.00032232070910556134
21709,18.09113485224754,0.564867042707494,560,681,1241,0.0,0.0008333472224535399,0.56422240128928,0.00024174053182917098
21710,18.091968199469992,0.564867042707494,560,681,1241,0.0,0.0008333472224535399,0.5644641418211093,0.00024174053182917098
21711,18.092801546692446,0.564867042707494,560,681,1241,0.0,0.0008333472224535399,0.5647058823529385,0.00024174053182917098
21712,18.0936348939149,0.5656728444802579,560,681,1241,0.0008058017727639033,0.0008333472224535399,0.5649476228847676,0.00024174053182917098
21713,18.094468241137353,0.5664786462530218,560,681,1241,0.0008058017727639033,0.0008333472224535399,0.5651087832393203,0.00016116035455278067
21714,18.095301588359806,0.5672844480257857,560,681,1241,0.0008058017727639033,0.0008333472224535399,0.5653505237711496,0.00024174053182917098
21715,18.09613493558226,0.5672844480257857,560,681,1241,0.0,0.0008333472224535399,0.5655922643029788,0.00024174053182917098
21716,18.096968282804713,0.5672844480257857,560,681,1241,0.0,0.0008333472224535399,0.5658340048348081,0.00024174053182917098
21717,18.097801630027167,0.5672844480257857,560,681,1241,0.0,0.0008333472224535399,0.5660757453666372,0.00024174053182917098
21718,18.09863497724962,0.5672844480257857,560,681,1241,0.0,0.0008333472224535399,0.5663174858984664,0.00024174053182917098
21719,18.099468324472074,0.5672844480257857,560,681,1241,0.0,0.0008333472224535399,0.5665592264302957,0.00024174053182917098
21720,18.100301671694528,0.5672844480257857,560,681,1241,0.0,0.0008333472224535399,0.5668009669621249,0.00024174053182917098
21721,18.10113501891698,0.5672844480257857,560,681,1241,0.0,0.0008333472224535399,0.5670427074939541,0.00024174053182917098
21722,18.101968366139438,0.5672844480257857,560,681,1241,0.0,0.0008333472224570926,0.567203867848507,0.00016116035455278067
21723,18.10280171336189,0.5672844480257857,560,681,1241,0.0,0.0008333472224535399,0.5672844480257834,8.058017727639034e-05
21724,18.103635060584345,0.5672844480257857,560,681,1241,0.0,0.0008333472224535399,0.5672844480257833,0.0
21725,18.1044684078068,0.5672844480257857,560,681,1241,0.0,0.0008333472224535399,0.5672844480257833,0.0
21726,18.105301755029252,0.5672844480257857,560,681,1241,0.0,0.0008333472224535399,0.5672844480257833,0.0
21727,18.106135102251706,0.5672844480257857,560,681,1241,0.0,0.0008333472224535399,0.5672844480257833,0.0
21728,18.10696844947416,0.5672844480257857,560,681,1241,0.0,0.0008333472224535399,0.5672844480257833,0.0
21729,18.107801796696613,0.5672844480257857,560,681,1241,0.0,0.0008333472224535399,0.5672844480257833,0.0
21730,18.108635143919066,0.5672844480257857,560,681,1241,0.0,0.0008333472224535399,0.5672844480257833,0.0
21731,18.10946849114152,0.5672844480257857,560,681,1241,0.0,0.0008333472224535399,0.5672844480257833,0.0
21732,18.110301838363974,0.5672844480257857,560,681,1241,0.0,0.0008333472224535399,0.5672844480257833,0.0
21733,18.111135185586427,0.5672844480257857,560,681,1241,0.0,0.0008333472224535399,0.5672844480257833,0.0
21734,18.11196853280888,0.5672844480257857,560,681,1241,0.0,0.0008333472224535399,0.5672844480257833,0.0
21735,18.112801880031334,0.5664786462530218,560,681,1241,-0.0008058017727639033,0.0008333472224535399,0.567203867848507,-8.058017727639034e-05
21736,18.113635227253788,0.5664786462530218,560,681,1241,0.0,0.0008333472224535399,0.5671232876712307,-8.058017727639034e-05
21737,18.11446857447624,0.5656728444802579,560,681,1241,-0.0008058017727639033,0.0008333472224535399,0.5669621273166777,-0.00016116035455278067
21738,18.115301921698695,0.5656728444802579,560,681,1241,0.0,0.0008333472224535399,0.5668009669621249,-0.00016116035455278067
21739,18.11613526892115,0.5656728444802579,560,681,1241,0.0,0.0008333472224535399,0.566639806607572,-0.00016116035455278067
21740,18.116968616143602,0.564867042707494,560,681,1241,-0.0008058017727639033,0.0008333472224535399,0.5663980660757428,-0.00024174053182917098
21741,18.117801963366055,0.564867042707494,560,681,1241,0.0,0.0008333472224535399,0.5661563255439136,-0.00024174053182917098
21742,18.11863531058851,0.564867042707494,560,681,1241,0.0,0.0008333472224535399,0.5659145850120844,-0.00024174053182917098
21743,18.119468657810966,0.564867042707494,560,681,1241,0.0,0.0008333472224570926,0.5656728444802551,-0.00024174053182917098
21744,18.12030200503342,0.564867042707494,560,681,1241,0.0,0.0008333472224535399,0.5654311039484259,-0.00024174053182917098
21745,18.121135352255873,0.564867042707494,560,681,1241,0.0,0.0008333472224535399,0.5652699435938732,-0.00016116035455278067
21746,18.121968699478327,0.564867042707494,560,681,1241,0.0,0.0008333472224535399,0.5651087832393203,-0.00016116035455278067
21747,18.12280204670078,0.564867042707494,560,681,1241,0.0,0.0008333472224535399,0.565028203062044,-8.058017727639034e-05
21748,18.123635393923234,0.5640612409347301,560,681,1241,-0.0008058017727639033,0.0008333472224535399,0.5648670427074913,-0.00016116035455278067
21749,18.124468741145687,0.5640612409347301,560,681,1241,0.0,0.0008333472224535399,0.5647058823529386,-0.00016116035455278067
21750,18.12530208836814,0.5640612409347301,560,681,1241,0.0,0.0008333472224535399,0.5646253021756623,-8.058017727639034e-05
21751,18.126135435590594,0.5640612409347301,560,681,1241,0.0,0.0008333472224535399,0.5645447219983859,-8.058017727639034e-05
21752,18.126968782813048,0.5632554391619662,560,681,1241,-0.0008058017727639033,0.0008333472224535399,0.5643835616438332,-0.00016116035455278067
21753,18.1278021300355,0.5624496373892023,560,681,1241,-0.0008058017727639033,0.0008333472224535399,0.5641418211120041,-0.00024174053182917098
21754,18.128635477257955,0.5624496373892023,560,681,1241,0.0,0.0008333472224535399,0.5639000805801748,-0.00024174053182917098
21755,18.12946882448041,0.5624496373892023,560,681,1241,0.0,0.0008333472224535399,0.5636583400483456,-0.00024174053182917098
21756,18.130302171702862,0.5624496373892023,560,681,1241,0.0,0.0008333472224535399,0.5634165995165163,-0.00024174053182917098
21757,18.131135518925316,0.5632554391619662,560,681,1241,0.0008058017727639033,0.0008333472224535399,0.5632554391619636,-0.00016116035455278067
21758,18.13196886614777,0.5640612409347301,560,681,1241,0.0008058017727639033,0.0008333472224535399,0.5632554391619635,0.0
21759,18.132802213370223,0.5632554391619662,560,681,1241,-0.0008058017727639033,0.0008333472224535399,0.5631748589846872,-8.058017727639034e-05
21760,18.133635560592676,0.5640612409347301,560,681,1241,0.0008058017727639033,0.0008333472224535399,0.5631748589846872,0.0
21761,18.13446890781513,0.5640612409347301,560,681,1241,0.0,0.0008333472224535399,0.5631748589846872,0.0
21762,18.135302255037583,0.5640612409347301,560,681,1241,0.0,0.0008333472224535399,0.5632554391619636,8.058017727639034e-05
21763,18.136135602260037,0.5640612409347301,560,681,1241,0.0,0.0008333472224535399,0.5634165995165163,0.00016116035455278067
21764,18.13696894948249,0.5632554391619662,560,681,1241,-0.0008058017727639033,0.0008333472224535399,0.5634971796937928,8.058017727639034e-05
21765,18.137802296704947,0.5640612409347301,560,681,1241,0.0008058017727639033,0.0008333472224570926,0.5636583400483456,0.00016116035455278067
21766,18.1386356439274,0.5640612409347301,560,681,1241,0.0,0.0008333472224535399,0.5638195004028985,0.00016116035455278067
21767,18.139468991149855,0.5640612409347301,560,681,1241,0.0,0.0008333472224535399,0.5639000805801749,8.058017727639034e-05
21768,18.140302338372308,0.5632554391619662,560,681,1241,-0.0008058017727639033,0.0008333472224535399,0.5638195004028985,-8.058017727639034e-05
21769,18.14113568559476,0.5632554391619662,560,681,1241,0.0,0.0008333472224535399,0.5638195004028985,0.0
21770,18.141969032817215,0.5624496373892023,560,681,1241,-0.0008058017727639033,0.0008333472224535399,0.5636583400483456,-0.00016116035455278067
21771,18.14280238003967,0.5624496373892023,560,681,1241,0.0,0.0008333472224535399,0.5634971796937928,-0.00016116035455278067
21772,18.143635727262122,0.5624496373892023,560,681,1241,0.0,0.0008333472224535399,0.5633360193392398,-0.00016116035455278067
21773,18.144469074484576,0.5624496373892023,560,681,1241,0.0,0.0008333472224535399,0.563174858984687,-0.00016116035455278067
21774,18.14530242170703,0.5632554391619662,560,681,1241,0.0008058017727639033,0.0008333472224535399,0.563174858984687,0.0
21775,18.146135768929483,0.5632554391619662,560,681,1241,0.0,0.0008333472224535399,0.5630942788074107,-8.058017727639034e-05
21776,18.146969116151936,0.5632554391619662,560,681,1241,0.0,0.0008333472224535399,0.5630136986301343,-8.058017727639034e-05
21777,18.14780246337439,0.5632554391619662,560,681,1241,0.0,0.0008333472224535399,0.562933118452858,-8.058017727639034e-05
21778,18.148635810596843,0.5624496373892023,560,681,1241,-0.0008058017727639033,0.0008333472224535399,0.5628525382755816,-8.058017727639034e-05
21779,18.149469157819297,0.5624496373892023,560,681,1241,0.0,0.0008333472224535399,0.5627719580983052,-8.058017727639034e-05
21780,18.15030250504175,0.5624496373892023,560,681,1241,0.0,0.0008333472224535399,0.5627719580983053,0.0
21781,18.151135852264204,0.5624496373892023,560,681,1241,0.0,0.0008333472224535399,0.5627719580983053,0.0
21782,18.151969199486658,0.5624496373892023,560,681,1241,0.0,0.0008333472224535399,0.5627719580983053,0.0
21783,18.15280254670911,0.5624496373892023,560,681,1241,0.0,0.0008333472224535399,0.5627719580983053,0.0
21784,18.153635893931565,0.5624496373892023,560,681,1241,0.0,0.0008333472224535399,0.5626913779210289,-8.058017727639034e-05
21785,18.15446924115402,0.5624496373892023,560,681,1241,0.0,0.0008333472224535399,0.5626107977437524,-8.058017727639034e-05
21786,18.155302588376475,0.5624496373892023,560,681,1241,0.0,0.0008333472224570926,0.5625302175664761,-8.058017727639034e-05
21787,18.15613593559893,0.5616438356164384,560,681,1241,-0.0008058017727639033,0.0008333472224535399,0.5623690572119233,-0.00016116035455278067
21788,18.156969282821382,0.5616438356164384,560,681,1241,0.0,0.0008333472224535399,0.562288477034647,-8.058017727639034e-05
21789,18.157802630043836,0.5616438356164384,560,681,1241,0.0,0.0008333472224535399,0.5622078968573707,-8.058017727639034e-05
21790,18.15863597726629,0.5616438356164384,560,681,1241,0.0,0.0008333472224535399,0.5621273166800943,-8.058017727639034e-05
21791,18.159469324488743,0.5616438356164384,560,681,1241,0.0,0.0008333472224535399,0.562046736502818,-8.058017727639034e-05
21792,18.160302671711197,0.5608380338436745,560,681,1241,-0.0008058017727639033,0.0008333472224535399,0.5618855761482653,-0.00016116035455278067
21793,18.16113601893365,0.5608380338436745,560,681,1241,0.0,0.0008333472224535399,0.5617244157937126,-0.00016116035455278067
21794,18.161969366156104,0.5608380338436745,560,681,1241,0.0,0.0008333472224535399,0.5615632554391599,-0.00016116035455278067
21795,18.162802713378557,0.5608380338436745,560,681,1241,0.0,0.0008333472224535399,0.5614020950846073,-0.00016116035455278067
21796,18.16363606060101,0.5616438356164384,560,681,1241,0.0008058017727639033,0.0008333472224535399,0.5613215149073308,-8.058017727639034e-05
21797,18.164469407823464,0.5616438356164384,560,681,1241,0.0,0.0008333472224535399,0.5613215149073308,0.0
21798,18.165302755045918,0.5616438356164384,560,681,1241,0.0,0.0008333472224535399,0.5613215149073308,0.0
21799,18.16613610226837,0.5616438356164384,560,681,1241,0.0,0.0008333472224535399,0.5613215149073308,0.0
21800,18.166969449490825,0.5616438356164384,560,681,1241,0.0,0.0008333472224535399,0.5613215149073308,0.0
21801,18.16780279671328,0.5616438356164384,560,681,1241,0.0,0.0008333472224535399,0.5613215149073308,0.0
21802,18.168636143935732,0.5616438356164384,560,681,1241,0.0,0.0008333472224535399,0.5614020950846073,8.058017727639034e-05
21803,18.169469491158186,0.5616438356164384,560,681,1241,0.0,0.0008333472224535399,0.5614826752618836,8.058017727639034e-05
21804,18.17030283838064,0.5616438356164384,560,681,1241,0.0,0.0008333472224535399,0.5615632554391599,8.058017727639034e-05
21805,18.171136185603093,0.5616438356164384,560,681,1241,0.0,0.0008333472224535399,0.5616438356164363,8.058017727639034e-05
21806,18.171969532825546,0.5616438356164384,560,681,1241,0.0,0.0008333472224535399,0.5616438356164363,0.0
21807,18.172802880048003,0.5616438356164384,560,681,1241,0.0,0.0008333472224570926,0.5616438356164363,0.0
21808,18.173636227270457,0.5616438356164384,560,681,1241,0.0,0.0008333472224535399,0.5616438356164363,0.0
21809,18.17446957449291,0.5616438356164384,560,681,1241,0.0,0.0008333472224535399,0.5616438356164363,0.0
21810,18.175302921715364,0.5624496373892023,560,681,1241,0.0008058017727639033,0.0008333472224535399,0.5617244157937126,8.058017727639034e-05
21811,18.176136268937817,0.5624496373892023,560,681,1241,0.0,0.0008333472224535399,0.561804995970989,8.058017727639034e-05
21812,18.17696961616027,0.5624496373892023,560,681,1241,0.0,0.0008333472224535399,0.5618855761482653,8.058017727639034e-05
21813,18.177802963382724,0.5624496373892023,560,681,1241,0.0,0.0008333472224535399,0.5619661563255416,8.058017727639034e-05
21814,18.178636310605178,0.5624496373892023,560,681,1241,0.0,0.0008333472224535399,0.562046736502818,8.058017727639034e-05
21815,18.17946965782763,0.5616438356164384,560,681,1241,-0.0008058017727639033,0.0008333472224535399,0.562046736502818,0.0
21816,18.180303005050085,0.5616438356164384,560,681,1241,0.0,0.0008333472224535399,0.562046736502818,0.0
21817,18.18113635227254,0.5616438356164384,560,681,1241,0.0,0.0008333472224535399,0.562046736502818,0.0
21818,18.181969699494992,0.5608380338436745,560,681,1241,-0.0008058017727639033,0.0008333472224535399,0.5619661563255416,-8.058017727639034e-05
21819,18.182803046717446,0.5608380338436745,560,681,1241,0.0,0.0008333472224535399,0.5618855761482653,-8.058017727639034e-05
21820,18.1836363939399,0.5608380338436745,560,681,1241,0.0,0.0008333472224535399,0.5617244157937126,-0.00016116035455278067
21821,18.184469741162353,0.5616438356164384,560,681,1241,0.0008058017727639033,0.0008333472224535399,0.5616438356164363,-8.058017727639034e-05
21822,18.185303088384806,0.5616438356164384,560,681,1241,0.0,0.0008333472224535399,0.5615632554391599,-8.058017727639034e-05
21823,18.18613643560726,0.5624496373892023,560,681,1241,0.0008058017727639033,0.0008333472224535399,0.5615632554391599,0.0
21824,18.186969782829713,0.5624496373892023,560,681,1241,0.0,0.0008333472224535399,0.5615632554391599,0.0
21825,18.187803130052167,0.5624496373892023,560,681,1241,0.0,0.0008333472224535399,0.5616438356164363,8.058017727639034e-05
21826,18.18863647727462,0.5624496373892023,560,681,1241,0.0,0.0008333472224535399,0.5617244157937126,8.058017727639034e-05
21827,18.189469824497074,0.5624496373892023,560,681,1241,0.0,0.0008333472224535399,0.561804995970989,8.058017727639034e-05
21828,18.19030317171953,0.5624496373892023,560,681,1241,0.0,0.0008333472224570926,0.5619661563255416,0.00016116035455278067
21829,18.191136518941985,0.5624496373892023,560,681,1241,0.0,0.0008333472224535399,0.5621273166800943,0.00016116035455278067
21830,18.19196986616444,0.5632554391619662,560,681,1241,0.0008058017727639033,0.0008333472224535399,0.5623690572119235,0.00024174053182917098
21831,18.19280321338689,0.5624496373892023,560,681,1241,-0.0008058017727639033,0.0008333472224535399,0.5624496373891998,8.058017727639034e-05
21832,18.193636560609345,0.5624496373892023,560,681,1241,0.0,0.0008333472224535399,0.5625302175664763,8.058017727639034e-05
21833,18.1944699078318,0.5624496373892023,560,681,1241,0.0,0.0008333472224535399,0.5625302175664763,0.0
21834,18.195303255054252,0.5624496373892023,560,681,1241,0.0,0.0008333472224535399,0.5625302175664763,0.0
21835,18.196136602276706,0.5624496373892023,560,681,1241,0.0,0.0008333472224535399,0.5625302175664763,0.0
21836,18.19696994949916,0.5624496373892023,560,681,1241,0.0,0.0008333472224535399,0.5625302175664763,0.0
21837,18.197803296721613,0.5624496373892023,560,681,1241,0.0,0.0008333472224535399,0.5625302175664763,0.0
21838,18.198636643944067,0.5624496373892023,560,681,1241,0.0,0.0008333472224535399,0.5625302175664763,0.0
21839,18.19946999116652,0.5624496373892023,560,681,1241,0.0,0.0008333472224535399,0.5625302175664763,0.0
21840,18.200303338388974,0.5624496373892023,560,681,1241,0.0,0.0008333472224535399,0.5624496373891998,-8.058017727639034e-05
21841,18.201136685611427,0.5624496373892023,560,681,1241,0.0,0.0008333472224535399,0.5624496373891998,0.0
21842,18.20197003283388,0.5632554391619662,560,681,1241,0.0008058017727639033,0.0008333472224535399,0.5625302175664763,8.058017727639034e-05
21843,18.202803380056334,0.564867042707494,560,681,1241,0.0016116035455278066,0.0008333472224535399,0.5627719580983055,0.00024174053182917098
21844,18.203636727278788,0.564867042707494,560,681,1241,0.0,0.0008333472224535399,0.5630136986301346,0.00024174053182917098
21845,18.20447007450124,0.564867042707494,560,681,1241,0.0,0.0008333472224535399,0.5632554391619639,0.00024174053182917098
21846,18.205303421723695,0.5656728444802579,560,681,1241,0.0008058017727639033,0.0008333472224535399,0.5635777598710694,0.00032232070910556134
21847,18.20613676894615,0.5656728444802579,560,681,1241,0.0,0.0008333472224535399,0.563900080580175,0.00032232070910556134
21848,18.206970116168602,0.5656728444802579,560,681,1241,0.0,0.0008333472224535399,0.5642224012892806,0.00032232070910556134
21849,18.20780346339106,0.5664786462530218,560,681,1241,0.0008058017727639033,0.0008333472224570926,0.5646253021756624,0.00040290088638195165
21850,18.208636810613513,0.5664786462530218,560,681,1241,0.0,0.0008333472224535399,0.5650282030620444,0.00040290088638195165
21851,18.209470157835966,0.5664786462530218,560,681,1241,0.0,0.0008333472224535399,0.5654311039484263,0.00040290088638195165
21852,18.21030350505842,0.5656728444802579,560,681,1241,-0.0008058017727639033,0.0008333472224535399,0.5656728444802555,0.00024174053182917098
21853,18.211136852280873,0.5656728444802579,560,681,1241,0.0,0.0008333472224535399,0.5657534246575319,8.058017727639034e-05
21854,18.211970199503327,0.5656728444802579,560,681,1241,0.0,0.0008333472224535399,0.5658340048348082,8.058017727639034e-05
21855,18.21280354672578,0.564867042707494,560,681,1241,-0.0008058017727639033,0.0008333472224535399,0.5658340048348082,0.0
21856,18.213636893948234,0.564867042707494,560,681,1241,0.0,0.0008333472224535399,0.5657534246575319,-8.058017727639034e-05
21857,18.214470241170687,0.564867042707494,560,681,1241,0.0,0.0008333472224535399,0.5656728444802555,-8.058017727639034e-05
21858,18.21530358839314,0.564867042707494,560,681,1241,0.0,0.0008333472224535399,0.5655922643029792,-8.058017727639034e-05
21859,18.216136935615594,0.564867042707494,560,681,1241,0.0,0.0008333472224535399,0.5654311039484263,-0.00016116035455278067
21860,18.216970282838048,0.564867042707494,560,681,1241,0.0,0.0008333472224535399,0.5652699435938736,-0.00016116035455278067
21861,18.2178036300605,0.5640612409347301,560,681,1241,-0.0008058017727639033,0.0008333472224535399,0.5650282030620445,-0.00024174053182917098
21862,18.218636977282955,0.5640612409347301,560,681,1241,0.0,0.0008333472224535399,0.5648670427074917,-0.00016116035455278067
21863,18.21947032450541,0.5640612409347301,560,681,1241,0.0,0.0008333472224535399,0.564705882352939,-0.00016116035455278067
21864,18.220303671727862,0.564867042707494,560,681,1241,0.0008058017727639033,0.0008333472224535399,0.5646253021756626,-8.058017727639034e-05
21865,18.221137018950316,0.5640612409347301,560,681,1241,-0.0008058017727639033,0.0008333472224535399,0.5645447219983863,-8.058017727639034e-05
21866,18.22197036617277,0.5640612409347301,560,681,1241,0.0,0.0008333472224535399,0.5644641418211099,-8.058017727639034e-05
21867,18.222803713395223,0.5640612409347301,560,681,1241,0.0,0.0008333472224535399,0.5643835616438336,-8.058017727639034e-05
21868,18.223637060617676,0.5624496373892023,560,681,1241,-0.0016116035455278066,0.0008333472224535399,0.5641418211120044,-0.00024174053182917098
21869,18.22447040784013,0.5624496373892023,560,681,1241,0.0,0.0008333472224535399,0.5639000805801752,-0.00024174053182917098
21870,18.225303755062583,0.5624496373892023,560,681,1241,0.0,0.0008333472224535399,0.5636583400483459,-0.00024174053182917098
21871,18.22613710228504,0.5632554391619662,560,681,1241,0.0008058017727639033,0.0008333472224570926,0.5635777598710696,-8.058017727639034e-05
21872,18.226970449507494,0.5640612409347301,560,681,1241,0.0008058017727639033,0.0008333472224535399,0.5635777598710696,0.0
21873,18.227803796729948,0.5640612409347301,560,681,1241,0.0,0.0008333472224535399,0.5635777598710696,0.0
21874,18.2286371439524,0.5640612409347301,560,681,1241,0.0,0.0008333472224535399,0.5634971796937933,-8.058017727639034e-05
21875,18.229470491174855,0.5640612409347301,560,681,1241,0.0,0.0008333472224535399,0.5634971796937933,0.0
21876,18.230303838397308,0.5640612409347301,560,681,1241,0.0,0.0008333472224535399,0.5634971796937933,0.0
21877,18.23113718561976,0.5640612409347301,560,681,1241,0.0,0.0008333472224535399,0.5634971796937933,0.0
21878,18.231970532842215,0.5640612409347301,560,681,1241,0.0,0.0008333472224535399,0.5636583400483461,0.00016116035455278067
21879,18.23280388006467,0.564867042707494,560,681,1241,0.0008058017727639033,0.0008333472224535399,0.5639000805801754,0.00024174053182917098
21880,18.233637227287122,0.564867042707494,560,681,1241,0.0,0.0008333472224535399,0.5641418211120046,0.00024174053182917098
21881,18.234470574509576,0.564867042707494,560,681,1241,0.0,0.0008333472224535399,0.5643029814665573,0.00016116035455278067
21882,18.23530392173203,0.5640612409347301,560,681,1241,-0.0008058017727639033,0.0008333472224535399,0.5643029814665572,0.0
21883,18.236137268954483,0.5640612409347301,560,681,1241,0.0,0.0008333472224535399,0.5643029814665572,0.0
21884,18.236970616176936,0.5640612409347301,560,681,1241,0.0,0.0008333472224535399,0.5643029814665572,0.0
21885,18.23780396339939,0.5640612409347301,560,681,1241,0.0,0.0008333472224535399,0.5643029814665572,0.0
21886,18.238637310621844,0.5640612409347301,560,681,1241,0.0,0.0008333472224535399,0.5643029814665572,0.0
21887,18.239470657844297,0.5640612409347301,560,681,1241,0.0,0.0008333472224535399,0.5643029814665572,0.0
21888,18.24030400506675,0.5640612409347301,560,681,1241,0.0,0.0008333472224535399,0.5643029814665572,0.0
21889,18.241137352289204,0.5640612409347301,560,681,1241,0.0,0.0008333472224535399,0.5642224012892809,-8.058017727639034e-05
21890,18.241970699511658,0.5640612409347301,560,681,1241,0.0,0.0008333472224535399,0.5641418211120046,-8.058017727639034e-05
21891,18.24280404673411,0.5640612409347301,560,681,1241,0.0,0.0008333472224535399,0.5640612409347282,-8.058017727639034e-05
21892,18.24363739395657,0.5640612409347301,560,681,1241,0.0,0.0008333472224570926,0.5640612409347282,0.0
21893,18.244470741179022,0.5640612409347301,560,681,1241,0.0,0.0008333472224535399,0.5640612409347282,0.0
21894,18.245304088401475,0.5640612409347301,560,681,1241,0.0,0.0008333472224535399,0.5640612409347282,0.0
21895,18.24613743562393,0.5640612409347301,560,681,1241,0.0,0.0008333472224535399,0.5640612409347282,0.0
21896,18.246970782846383,0.5640612409347301,560,681,1241,0.0,0.0008333472224535399,0.5640612409347282,0.0
21897,18.247804130068836,0.5640612409347301,560,681,1241,0.0,0.0008333472224535399,0.5640612409347282,0.0
21898,18.24863747729129,0.5640612409347301,560,681,1241,0.0,0.0008333472224535399,0.5640612409347282,0.0
21899,18.249470824513743,0.5640612409347301,560,681,1241,0.0,0.0008333472224535399,0.5640612409347282,0.0
21900,18.250304171736197,0.5632554391619662,560,681,1241,-0.0008058017727639033,0.0008333472224535399,0.5639806607574519,-8.058017727639034e-05
21901,18.25113751895865,0.5624496373892023,560,681,1241,-0.0008058017727639033,0.0008333472224535399,0.563819500402899,-0.00016116035455278067
21902,18.251970866181104,0.5624496373892023,560,681,1241,0.0,0.0008333472224535399,0.5636583400483461,-0.00016116035455278067
21903,18.252804213403557,0.5624496373892023,560,681,1241,0.0,0.0008333472224535399,0.5634971796937933,-0.00016116035455278067
21904,18.25363756062601,0.5624496373892023,560,681,1241,0.0,0.0008333472224535399,0.5633360193392404,-0.00016116035455278067
21905,18.254470907848464,0.5624496373892023,560,681,1241,0.0,0.0008333472224535399,0.5631748589846876,-0.00016116035455278067
21906,18.255304255070918,0.5624496373892023,560,681,1241,0.0,0.0008333472224535399,0.5630136986301346,-0.00016116035455278067
21907,18.25613760229337,0.5624496373892023,560,681,1241,0.0,0.0008333472224535399,0.5628525382755818,-0.00016116035455278067
21908,18.256970949515825,0.5624496373892023,560,681,1241,0.0,0.0008333472224535399,0.562691377921029,-0.00016116035455278067
21909,18.25780429673828,0.5632554391619662,560,681,1241,0.0008058017727639033,0.0008333472224535399,0.5626107977437526,-8.058017727639034e-05
21910,18.258637643960732,0.5632554391619662,560,681,1241,0.0,0.0008333472224535399,0.5626107977437526,0.0
21911,18.259470991183186,0.5632554391619662,560,681,1241,0.0,0.0008333472224535399,0.562691377921029,8.058017727639034e-05
21912,18.26030433840564,0.5632554391619662,560,681,1241,0.0,0.0008333472224535399,0.5627719580983053,8.058017727639034e-05
21913,18.261137685628096,0.5632554391619662,560,681,1241,0.0,0.0008333472224570926,0.5628525382755816,8.058017727639034e-05
21914,18.26197103285055,0.5632554391619662,560,681,1241,0.0,0.0008333472224535399,0.562933118452858,8.058017727639034e-05
21915,18.262804380073003,0.5632554391619662,560,681,1241,0.0,0.0008333472224535399,0.5630136986301343,8.058017727639034e-05
21916,18.263637727295457,0.564867042707494,560,681,1241,0.0016116035455278066,0.0008333472224535399,0.5632554391619635,0.00024174053182917098
21917,18.26447107451791,0.564867042707494,560,681,1241,0.0,0.0008333472224535399,0.5634971796937928,0.00024174053182917098
21918,18.265304421740364,0.564867042707494,560,681,1241,0.0,0.0008333472224535399,0.563738920225622,0.00024174053182917098
21919,18.266137768962817,0.564867042707494,560,681,1241,0.0,0.0008333472224535399,0.5639000805801747,0.00016116035455278067
21920,18.26697111618527,0.564867042707494,560,681,1241,0.0,0.0008333472224535399,0.5640612409347275,0.00016116035455278067
21921,18.267804463407725,0.5640612409347301,560,681,1241,-0.0008058017727639033,0.0008333472224535399,0.564141821112004,8.058017727639034e-05
21922,18.268637810630178,0.5640612409347301,560,681,1241,0.0,0.0008333472224535399,0.5642224012892803,8.058017727639034e-05
21923,18.26947115785263,0.5640612409347301,560,681,1241,0.0,0.0008333472224535399,0.5643029814665567,8.058017727639034e-05
21924,18.270304505075085,0.5640612409347301,560,681,1241,0.0,0.0008333472224535399,0.564383561643833,8.058017727639034e-05
21925,18.27113785229754,0.5640612409347301,560,681,1241,0.0,0.0008333472224535399,0.5644641418211094,8.058017727639034e-05
21926,18.271971199519992,0.5640612409347301,560,681,1241,0.0,0.0008333472224535399,0.5643835616438329,-8.058017727639034e-05
21927,18.272804546742446,0.5640612409347301,560,681,1241,0.0,0.0008333472224535399,0.5643029814665566,-8.058017727639034e-05
21928,18.2736378939649,0.5632554391619662,560,681,1241,-0.0008058017727639033,0.0008333472224535399,0.5641418211120037,-0.00016116035455278067
21929,18.274471241187353,0.5632554391619662,560,681,1241,0.0,0.0008333472224535399,0.563980660757451,-0.00016116035455278067
21930,18.275304588409806,0.5632554391619662,560,681,1241,0.0,0.0008333472224535399,0.5638195004028982,-0.00016116035455278067
21931,18.27613793563226,0.5632554391619662,560,681,1241,0.0,0.0008333472224535399,0.5637389202256218,-8.058017727639034e-05
21932,18.276971282854714,0.5632554391619662,560,681,1241,0.0,0.0008333472224535399,0.5636583400483455,-8.058017727639034e-05
21933,18.277804630077167,0.5624496373892023,560,681,1241,-0.0008058017727639033,0.0008333472224535399,0.5634971796937925,-0.00016116035455278067
21934,18.278637977299624,0.5624496373892023,560,681,1241,0.0,0.0008333472224570926,0.5633360193392397,-0.00016116035455278067
21935,18.279471324522078,0.5632554391619662,560,681,1241,0.0008058017727639033,0.0008333472224535399,0.5632554391619633,-8.058017727639034e-05
21936,18.28030467174453,0.5632554391619662,560,681,1241,0.0,0.0008333472224535399,0.563174858984687,-8.058017727639034e-05
21937,18.281138018966985,0.5632554391619662,560,681,1241,0.0,0.0008333472224535399,0.5630942788074107,-8.058017727639034e-05
21938,18.28197136618944,0.5624496373892023,560,681,1241,-0.0008058017727639033,0.0008333472224535399,0.5630136986301342,-8.058017727639034e-05
21939,18.282804713411892,0.5632554391619662,560,681,1241,0.0008058017727639033,0.0008333472224535399,0.5630136986301342,0.0
21940,18.283638060634345,0.5632554391619662,560,681,1241,0.0,0.0008333472224535399,0.5630136986301342,0.0
21941,18.2844714078568,0.5632554391619662,560,681,1241,0.0,0.0008333472224535399,0.5630136986301342,0.0
21942,18.285304755079252,0.5632554391619662,560,681,1241,0.0,0.0008333472224535399,0.5630136986301342,0.0
21943,18.286138102301706,0.5632554391619662,560,681,1241,0.0,0.0008333472224535399,0.5630942788074107,8.058017727639034e-05
21944,18.28697144952416,0.5632554391619662,560,681,1241,0.0,0.0008333472224535399,0.563174858984687,8.058017727639034e-05
21945,18.287804796746613,0.5632554391619662,560,681,1241,0.0,0.0008333472224535399,0.563174858984687,0.0
21946,18.288638143969067,0.5632554391619662,560,681,1241,0.0,0.0008333472224535399,0.563174858984687,0.0
21947,18.28947149119152,0.5640612409347301,560,681,1241,0.0008058017727639033,0.0008333472224535399,0.5632554391619634,8.058017727639034e-05
21948,18.290304838413974,0.5640612409347301,560,681,1241,0.0,0.0008333472224535399,0.5634165995165162,0.00016116035455278067
21949,18.291138185636427,0.5640612409347301,560,681,1241,0.0,0.0008333472224535399,0.5634971796937926,8.058017727639034e-05
21950,18.29197153285888,0.5640612409347301,560,681,1241,0.0,0.0008333472224535399,0.563577759871069,8.058017727639034e-05
21951,18.292804880081334,0.564867042707494,560,681,1241,0.0008058017727639033,0.0008333472224535399,0.5637389202256218,0.00016116035455278067
21952,18.293638227303788,0.564867042707494,560,681,1241,0.0,0.0008333472224535399,0.5639000805801746,0.00016116035455278067
21953,18.29447157452624,0.564867042707494,560,681,1241,0.0,0.0008333472224535399,0.5640612409347273,0.00016116035455278067
21954,18.295304921748695,0.564867042707494,560,681,1241,0.0,0.0008333472224535399,0.5642224012892801,0.00016116035455278067
21955,18.296138268971152,0.564867042707494,560,681,1241,0.0,0.0008333472224570926,0.5643835616438329,0.00016116035455278067
21956,18.296971616193606,0.564867042707494,560,681,1241,0.0,0.0008333472224535399,0.5645447219983857,0.00016116035455278067
21957,18.29780496341606,0.564867042707494,560,681,1241,0.0,0.0008333472224535399,0.5646253021756621,8.058017727639034e-05
21958,18.298638310638513,0.564867042707494,560,681,1241,0.0,0.0008333472224535399,0.5647058823529385,8.058017727639034e-05
21959,18.299471657860966,0.564867042707494,560,681,1241,0.0,0.0008333472224535399,0.5647864625302148,8.058017727639034e-05
21960,18.30030500508342,0.5640612409347301,560,681,1241,-0.0008058017727639033,0.0008333472224535399,0.5647864625302148,0.0
21961,18.301138352305873,0.5640612409347301,560,681,1241,0.0,0.0008333472224535399,0.5647058823529385,-8.058017727639034e-05
21962,18.301971699528327,0.5640612409347301,560,681,1241,0.0,0.0008333472224535399,0.5646253021756621,-8.058017727639034e-05
21963,18.30280504675078,0.5640612409347301,560,681,1241,0.0,0.0008333472224535399,0.5645447219983858,-8.058017727639034e-05
21964,18.303638393973234,0.5640612409347301,560,681,1241,0.0,0.0008333472224535399,0.5644641418211094,-8.058017727639034e-05
21965,18.304471741195687,0.5640612409347301,560,681,1241,0.0,0.0008333472224535399,0.5643835616438331,-8.058017727639034e-05
21966,18.30530508841814,0.5640612409347301,560,681,1241,0.0,0.0008333472224535399,0.5643029814665568,-8.058017727639034e-05
21967,18.306138435640595,0.5640612409347301,560,681,1241,0.0,0.0008333472224535399,0.5642224012892804,-8.058017727639034e-05
21968,18.306971782863048,0.5640612409347301,560,681,1241,0.0,0.0008333472224535399,0.5641418211120041,-8.058017727639034e-05
21969,18.3078051300855,0.5640612409347301,560,681,1241,0.0,0.0008333472224535399,0.5640612409347276,-8.058017727639034e-05
21970,18.308638477307955,0.5640612409347301,560,681,1241,0.0,0.0008333472224535399,0.5640612409347276,0.0
21971,18.30947182453041,0.5640612409347301,560,681,1241,0.0,0.0008333472224535399,0.5640612409347276,0.0
21972,18.310305171752862,0.5640612409347301,560,681,1241,0.0,0.0008333472224535399,0.5640612409347276,0.0
21973,18.311138518975316,0.564867042707494,560,681,1241,0.0008058017727639033,0.0008333472224535399,0.5641418211120041,8.058017727639034e-05
21974,18.31197186619777,0.564867042707494,560,681,1241,0.0,0.0008333472224535399,0.5642224012892804,8.058017727639034e-05
21975,18.312805213420223,0.564867042707494,560,681,1241,0.0,0.0008333472224535399,0.5643029814665568,8.058017727639034e-05
21976,18.31363856064268,0.564867042707494,560,681,1241,0.0,0.0008333472224570926,0.5643835616438331,8.058017727639034e-05
21977,18.314471907865133,0.564867042707494,560,681,1241,0.0,0.0008333472224535399,0.5644641418211094,8.058017727639034e-05
21978,18.315305255087587,0.5624496373892023,560,681,1241,-0.00241740531829171,0.0008333472224535399,0.5643029814665566,-0.00016116035455278067
21979,18.31613860231004,0.5624496373892023,560,681,1241,0.0,0.0008333472224535399,0.5641418211120037,-0.00016116035455278067
21980,18.316971949532494,0.5624496373892023,560,681,1241,0.0,0.0008333472224535399,0.5639806607574508,-0.00016116035455278067
21981,18.317805296754948,0.5624496373892023,560,681,1241,0.0,0.0008333472224535399,0.563819500402898,-0.00016116035455278067
21982,18.3186386439774,0.5624496373892023,560,681,1241,0.0,0.0008333472224535399,0.563658340048345,-0.00016116035455278067
21983,18.319471991199855,0.5632554391619662,560,681,1241,0.0008058017727639033,0.0008333472224535399,0.5634971796937923,-0.00016116035455278067
21984,18.32030533842231,0.5632554391619662,560,681,1241,0.0,0.0008333472224535399,0.5633360193392395,-0.00016116035455278067
21985,18.321138685644762,0.5624496373892023,560,681,1241,-0.0008058017727639033,0.0008333472224535399,0.5630942788074103,-0.00024174053182917098
21986,18.321972032867215,0.5624496373892023,560,681,1241,0.0,0.0008333472224535399,0.5628525382755811,-0.00024174053182917098
21987,18.32280538008967,0.5616438356164384,560,681,1241,-0.0008058017727639033,0.0008333472224535399,0.5625302175664755,-0.00032232070910556134
21988,18.323638727312122,0.5616438356164384,560,681,1241,0.0,0.0008333472224535399,0.5624496373891992,-8.058017727639034e-05
21989,18.324472074534576,0.5616438356164384,560,681,1241,0.0,0.0008333472224535399,0.5623690572119229,-8.058017727639034e-05
21990,18.32530542175703,0.5616438356164384,560,681,1241,0.0,0.0008333472224535399,0.5622884770346465,-8.058017727639034e-05
21991,18.326138768979483,0.5624496373892023,560,681,1241,0.0008058017727639033,0.0008333472224535399,0.5622884770346465,0.0
21992,18.326972116201937,0.5624496373892023,560,681,1241,0.0,0.0008333472224535399,0.5622884770346465,0.0
21993,18.32780546342439,0.5624496373892023,560,681,1241,0.0,0.0008333472224535399,0.56220789685737,-8.058017727639034e-05
21994,18.328638810646844,0.5624496373892023,560,681,1241,0.0,0.0008333472224535399,0.5621273166800937,-8.058017727639034e-05
21995,18.329472157869297,0.5632554391619662,560,681,1241,0.0008058017727639033,0.0008333472224535399,0.5622078968573702,8.058017727639034e-05
21996,18.33030550509175,0.5632554391619662,560,681,1241,0.0,0.0008333472224535399,0.5622884770346465,8.058017727639034e-05
21997,18.331138852314204,0.5632554391619662,560,681,1241,0.0,0.0008333472224535399,0.5624496373891993,0.00016116035455278067
21998,18.33197219953666,0.5624496373892023,560,681,1241,-0.0008058017727639033,0.0008333472224570926,0.5625302175664757,8.058017727639034e-05
21999,18.332805546759115,0.5624496373892023,560,681,1241,0.0,0.0008333472224535399,0.562610797743752,8.058017727639034e-05
22000,18.33363889398157,0.5624496373892023,560,681,1241,0.0,0.0008333472224535399,0.5626913779210284,8.058017727639034e-05
22001,18.334472241204022,0.5624496373892023,560,681,1241,0.0,0.0008333472224535399,0.5626913779210284,0.0
22002,18.335305588426476,0.5624496373892023,560,681,1241,0.0,0.0008333472224535399,0.5626913779210284,0.0
22003,18.33613893564893,0.5616438356164384,560,681,1241,-0.0008058017727639033,0.0008333472224535399,0.562610797743752,-8.058017727639034e-05
22004,18.336972282871383,0.5616438356164384,560,681,1241,0.0,0.0008333472224535399,0.5625302175664757,-8.058017727639034e-05
22005,18.337805630093836,0.5616438356164384,560,681,1241,0.0,0.0008333472224535399,0.5623690572119229,-0.00016116035455278067
22006,18.33863897731629,0.5608380338436745,560,681,1241,-0.0008058017727639033,0.0008333472224535399,0.5621273166800937,-0.00024174053182917098
22007,18.339472324538743,0.5608380338436745,560,681,1241,0.0,0.0008333472224535399,0.5618855761482645,-0.00024174053182917098
22008,18.340305671761197,0.5616438356164384,560,681,1241,0.0008058017727639033,0.0008333472224535399,0.5618049959709881,-8.058017727639034e-05
22009,18.34113901898365,0.5616438356164384,560,681,1241,0.0,0.0008333472224535399,0.5617244157937117,-8.058017727639034e-05
22010,18.341972366206104,0.5616438356164384,560,681,1241,0.0,0.0008333472224535399,0.5616438356164354,-8.058017727639034e-05
22011,18.342805713428557,0.5600322320709106,560,681,1241,-0.0016116035455278066,0.0008333472224535399,0.5614020950846061,-0.00024174053182917098
22012,18.34363906065101,0.5600322320709106,560,681,1241,0.0,0.0008333472224535399,0.5611603545527769,-0.00024174053182917098
22013,18.344472407873464,0.5600322320709106,560,681,1241,0.0,0.0008333472224535399,0.5609991941982242,-0.00016116035455278067
22014,18.345305755095918,0.5600322320709106,560,681,1241,0.0,0.0008333472224535399,0.5608380338436714,-0.00016116035455278067
22015,18.34613910231837,0.5600322320709106,560,681,1241,0.0,0.0008333472224535399,0.5606768734891185,-0.00016116035455278067
22016,18.346972449540825,0.5600322320709106,560,681,1241,0.0,0.0008333472224535399,0.5605962933118421,-8.058017727639034e-05
22017,18.34780579676328,0.5600322320709106,560,681,1241,0.0,0.0008333472224535399,0.5605157131345658,-8.058017727639034e-05
22018,18.348639143985732,0.5592264302981467,560,681,1241,-0.0008058017727639033,0.0008333472224535399,0.5602739726027366,-0.00024174053182917098
22019,18.34947249120819,0.5592264302981467,560,681,1241,0.0,0.0008333472224570926,0.5600322320709074,-0.00024174053182917098
22020,18.350305838430643,0.5592264302981467,560,681,1241,0.0,0.0008333472224535399,0.5597904915390781,-0.00024174053182917098
22021,18.351139185653096,0.5592264302981467,560,681,1241,0.0,0.0008333472224535399,0.5597099113618017,-8.058017727639034e-05
22022,18.35197253287555,0.5592264302981467,560,681,1241,0.0,0.0008333472224535399,0.5596293311845254,-8.058017727639034e-05
22023,18.352805880098003,0.5592264302981467,560,681,1241,0.0,0.0008333472224535399,0.559548751007249,-8.058017727639034e-05
22024,18.353639227320457,0.5592264302981467,560,681,1241,0.0,0.0008333472224535399,0.5594681708299727,-8.058017727639034e-05
22025,18.35447257454291,0.5592264302981467,560,681,1241,0.0,0.0008333472224535399,0.5593875906526964,-8.058017727639034e-05
22026,18.355305921765364,0.5592264302981467,560,681,1241,0.0,0.0008333472224535399,0.55930701047542,-8.058017727639034e-05
22027,18.356139268987818,0.5592264302981467,560,681,1241,0.0,0.0008333472224535399,0.5592264302981437,-8.058017727639034e-05
22028,18.35697261621027,0.5592264302981467,560,681,1241,0.0,0.0008333472224535399,0.5592264302981438,0.0
22029,18.357805963432725,0.5592264302981467,560,681,1241,0.0,0.0008333472224535399,0.5592264302981438,0.0
22030,18.358639310655178,0.5592264302981467,560,681,1241,0.0,0.0008333472224535399,0.5592264302981438,0.0
22031,18.35947265787763,0.5592264302981467,560,681,1241,0.0,0.0008333472224535399,0.5592264302981438,0.0
22032,18.360306005100085,0.5592264302981467,560,681,1241,0.0,0.0008333472224535399,0.5592264302981438,0.0
22033,18.36113935232254,0.5584206285253828,560,681,1241,-0.0008058017727639033,0.0008333472224535399,0.5591458501208674,-8.058017727639034e-05
22034,18.361972699544992,0.5600322320709106,560,681,1241,0.0016116035455278066,0.0008333472224535399,0.5592264302981438,8.058017727639034e-05
22035,18.362806046767446,0.5600322320709106,560,681,1241,0.0,0.0008333472224535399,0.5593070104754201,8.058017727639034e-05
22036,18.3636393939899,0.5600322320709106,560,681,1241,0.0,0.0008333472224535399,0.5593875906526964,8.058017727639034e-05
22037,18.364472741212353,0.5600322320709106,560,681,1241,0.0,0.0008333472224535399,0.5594681708299728,8.058017727639034e-05
22038,18.365306088434806,0.5600322320709106,560,681,1241,0.0,0.0008333472224535399,0.5595487510072491,8.058017727639034e-05
22039,18.36613943565726,0.5608380338436745,560,681,1241,0.0008058017727639033,0.0008333472224535399,0.559709911361802,0.00016116035455278067
22040,18.366972782879717,0.5608380338436745,560,681,1241,0.0,0.0008333472224570926,0.5598710717163549,0.00016116035455278067
22041,18.36780613010217,0.5608380338436745,560,681,1241,0.0,0.0008333472224535399,0.5600322320709077,0.00016116035455278067
22042,18.368639477324624,0.5616438356164384,560,681,1241,0.0008058017727639033,0.0008333472224535399,0.5602739726027369,0.00024174053182917098
22043,18.369472824547078,0.5616438356164384,560,681,1241,0.0,0.0008333472224535399,0.5605962933118425,0.00032232070910556134
22044,18.37030617176953,0.5616438356164384,560,681,1241,0.0,0.0008333472224535399,0.5607574536663953,0.00016116035455278067
22045,18.371139518991985,0.5616438356164384,560,681,1241,0.0,0.0008333472224535399,0.5609186140209481,0.00016116035455278067
22046,18.37197286621444,0.5616438356164384,560,681,1241,0.0,0.0008333472224535399,0.5610797743755008,0.00016116035455278067
22047,18.372806213436892,0.5608380338436745,560,681,1241,-0.0008058017727639033,0.0008333472224535399,0.5611603545527772,8.058017727639034e-05
22048,18.373639560659345,0.5608380338436745,560,681,1241,0.0,0.0008333472224535399,0.5612409347300535,8.058017727639034e-05
22049,18.3744729078818,0.5616438356164384,560,681,1241,0.0008058017727639033,0.0008333472224535399,0.56132151490733,8.058017727639034e-05
22050,18.375306255104253,0.5616438356164384,560,681,1241,0.0,0.0008333472224535399,0.5614020950846064,8.058017727639034e-05
22051,18.376139602326706,0.5624496373892023,560,681,1241,0.0008058017727639033,0.0008333472224535399,0.561563255439159,0.00016116035455278067
22052,18.37697294954916,0.5616438356164384,560,681,1241,-0.0008058017727639033,0.0008333472224535399,0.561563255439159,0.0
22053,18.377806296771613,0.5616438356164384,560,681,1241,0.0,0.0008333472224535399,0.561563255439159,0.0
22054,18.378639643994067,0.5616438356164384,560,681,1241,0.0,0.0008333472224535399,0.561563255439159,0.0
22055,18.37947299121652,0.5624496373892023,560,681,1241,0.0008058017727639033,0.0008333472224535399,0.5616438356164354,8.058017727639034e-05
22056,18.380306338438974,0.5624496373892023,560,681,1241,0.0,0.0008333472224535399,0.5617244157937117,8.058017727639034e-05
22057,18.381139685661427,0.5624496373892023,560,681,1241,0.0,0.0008333472224535399,0.5618855761482644,0.00016116035455278067
22058,18.38197303288388,0.5624496373892023,560,681,1241,0.0,0.0008333472224535399,0.5620467365028171,0.00016116035455278067
22059,18.382806380106334,0.5624496373892023,560,681,1241,0.0,0.0008333472224535399,0.5621273166800934,8.058017727639034e-05
22060,18.383639727328788,0.5616438356164384,560,681,1241,-0.0008058017727639033,0.0008333472224535399,0.5621273166800934,0.0
22061,18.384473074551245,0.5608380338436745,560,681,1241,-0.0008058017727639033,0.0008333472224570926,0.5619661563255407,-0.00016116035455278067
22062,18.3853064217737,0.5608380338436745,560,681,1241,0.0,0.0008333472224535399,0.5618855761482644,-8.058017727639034e-05
22063,18.386139768996152,0.5608380338436745,560,681,1241,0.0,0.0008333472224535399,0.5618049959709881,-8.058017727639034e-05
22064,18.386973116218606,0.5608380338436745,560,681,1241,0.0,0.0008333472224535399,0.5617244157937117,-8.058017727639034e-05
22065,18.38780646344106,0.5608380338436745,560,681,1241,0.0,0.0008333472224535399,0.561563255439159,-0.00016116035455278067
22066,18.388639810663513,0.5608380338436745,560,681,1241,0.0,0.0008333472224535399,0.5614020950846064,-0.00016116035455278067
22067,18.389473157885966,0.5608380338436745,560,681,1241,0.0,0.0008333472224535399,0.5612409347300537,-0.00016116035455278067
22068,18.39030650510842,0.5608380338436745,560,681,1241,0.0,0.0008333472224535399,0.5610797743755009,-0.00016116035455278067
22069,18.391139852330873,0.5616438356164384,560,681,1241,0.0008058017727639033,0.0008333472224535399,0.5609991941982246,-8.058017727639034e-05
22070,18.391973199553327,0.5616438356164384,560,681,1241,0.0,0.0008333472224535399,0.5609991941982246,0.0
22071,18.39280654677578,0.5616438356164384,560,681,1241,0.0,0.0008333472224535399,0.5610797743755009,8.058017727639034e-05
22072,18.393639893998234,0.5616438356164384,560,681,1241,0.0,0.0008333472224535399,0.5611603545527772,8.058017727639034e-05
22073,18.394473241220687,0.5616438356164384,560,681,1241,0.0,0.0008333472224535399,0.5612409347300537,8.058017727639034e-05
22074,18.39530658844314,0.5616438356164384,560,681,1241,0.0,0.0008333472224535399,0.56132151490733,8.058017727639034e-05
22075,18.396139935665595,0.5616438356164384,560,681,1241,0.0,0.0008333472224535399,0.5614020950846064,8.058017727639034e-05
22076,18.396973282888048,0.5624496373892023,560,681,1241,0.0008058017727639033,0.0008333472224535399,0.561563255439159,0.00016116035455278067
22077,18.3978066301105,0.5632554391619662,560,681,1241,0.0008058017727639033,0.0008333472224535399,0.5618049959709882,0.00024174053182917098
22078,18.398639977332955,0.564867042707494,560,681,1241,0.0016116035455278066,0.0008333472224535399,0.5622078968573702,0.00040290088638195165
22079,18.39947332455541,0.564867042707494,560,681,1241,0.0,0.0008333472224535399,0.5625302175664757,0.00032232070910556134
22080,18.400306671777862,0.564867042707494,560,681,1241,0.0,0.0008333472224535399,0.5628525382755812,0.00032232070910556134
22081,18.401140019000316,0.564867042707494,560,681,1241,0.0,0.0008333472224535399,0.5631748589846868,0.00032232070910556134
22082,18.401973366222773,0.5640612409347301,560,681,1241,-0.0008058017727639033,0.0008333472224570926,0.563416599516516,0.00024174053182917098
22083,18.402806713445226,0.564867042707494,560,681,1241,0.0008058017727639033,0.0008333472224535399,0.5637389202256216,0.00032232070910556134
22084,18.40364006066768,0.5640612409347301,560,681,1241,-0.0008058017727639033,0.0008333472224535399,0.5639806607574508,0.00024174053182917098
22085,18.404473407890134,0.5640612409347301,560,681,1241,0.0,0.0008333472224535399,0.56422240128928,0.00024174053182917098
22086,18.405306755112587,0.5640612409347301,560,681,1241,0.0,0.0008333472224535399,0.5643835616438329,0.00016116035455278067
22087,18.40614010233504,0.5640612409347301,560,681,1241,0.0,0.0008333472224535399,0.5644641418211094,8.058017727639034e-05
22088,18.406973449557494,0.5640612409347301,560,681,1241,0.0,0.0008333472224535399,0.5643835616438329,-8.058017727639034e-05
22089,18.407806796779948,0.5632554391619662,560,681,1241,-0.0008058017727639033,0.0008333472224535399,0.5642224012892801,-0.00016116035455278067
22090,18.4086401440024,0.5632554391619662,560,681,1241,0.0,0.0008333472224535399,0.5640612409347273,-0.00016116035455278067
22091,18.409473491224855,0.5632554391619662,560,681,1241,0.0,0.0008333472224535399,0.5639000805801746,-0.00016116035455278067
22092,18.41030683844731,0.5632554391619662,560,681,1241,0.0,0.0008333472224535399,0.5638195004028981,-8.058017727639034e-05
22093,18.411140185669762,0.5632554391619662,560,681,1241,0.0,0.0008333472224535399,0.5636583400483454,-0.00016116035455278067
22094,18.411973532892215,0.5632554391619662,560,681,1241,0.0,0.0008333472224535399,0.563577759871069,-8.058017727639034e-05
22095,18.41280688011467,0.5632554391619662,560,681,1241,0.0,0.0008333472224535399,0.5634971796937925,-8.058017727639034e-05
22096,18.413640227337122,0.5624496373892023,560,681,1241,-0.0008058017727639033,0.0008333472224535399,0.5633360193392397,-0.00016116035455278067
22097,18.414473574559576,0.5616438356164384,560,681,1241,-0.0008058017727639033,0.0008333472224535399,0.5630942788074105,-0.00024174053182917098
22098,18.41530692178203,0.5608380338436745,560,681,1241,-0.0008058017727639033,0.0008333472224535399,0.5627719580983049,-0.00032232070910556134
22099,18.416140269004483,0.5608380338436745,560,681,1241,0.0,0.0008333472224535399,0.5625302175664758,-0.00024174053182917098
22100,18.416973616226937,0.5608380338436745,560,681,1241,0.0,0.0008333472224535399,0.5622884770346466,-0.00024174053182917098
22101,18.41780696344939,0.5608380338436745,560,681,1241,0.0,0.0008333472224535399,0.5620467365028173,-0.00024174053182917098
22102,18.418640310671844,0.5616438356164384,560,681,1241,0.0008058017727639033,0.0008333472224535399,0.5618855761482646,-0.00016116035455278067
22103,18.419473657894297,0.5616438356164384,560,681,1241,0.0,0.0008333472224535399,0.5617244157937118,-0.00016116035455278067
22104,18.420307005116754,0.5616438356164384,560,681,1241,0.0,0.0008333472224570926,0.561563255439159,-0.00016116035455278067
22105,18.421140352339208,0.5616438356164384,560,681,1241,0.0,0.0008333472224535399,0.5614020950846063,-0.00016116035455278067
22106,18.42197369956166,0.5616438356164384,560,681,1241,0.0,0.0008333472224535399,0.5613215149073298,-8.058017727639034e-05
22107,18.422807046784115,0.5624496373892023,560,681,1241,0.0008058017727639033,0.0008333472224535399,0.5614020950846061,8.058017727639034e-05
22108,18.42364039400657,0.5624496373892023,560,681,1241,0.0,0.0008333472224535399,0.5615632554391589,0.00016116035455278067
22109,18.424473741229022,0.5616438356164384,560,681,1241,-0.0008058017727639033,0.0008333472224535399,0.5616438356164352,8.058017727639034e-05
22110,18.425307088451476,0.5616438356164384,560,681,1241,0.0,0.0008333472224535399,0.5617244157937116,8.058017727639034e-05
22111,18.42614043567393,0.5616438356164384,560,681,1241,0.0,0.0008333472224535399,0.5618049959709879,8.058017727639034e-05
22112,18.426973782896383,0.5616438356164384,560,681,1241,0.0,0.0008333472224535399,0.5618049959709879,0.0
22113,18.427807130118836,0.5616438356164384,560,681,1241,0.0,0.0008333472224535399,0.5618049959709879,0.0
22114,18.42864047734129,0.5616438356164384,560,681,1241,0.0,0.0008333472224535399,0.5618049959709879,0.0
22115,18.429473824563743,0.5624496373892023,560,681,1241,0.0008058017727639033,0.0008333472224535399,0.5618855761482642,8.058017727639034e-05
22116,18.430307171786197,0.5624496373892023,560,681,1241,0.0,0.0008333472224535399,0.5619661563255406,8.058017727639034e-05
22117,18.43114051900865,0.5624496373892023,560,681,1241,0.0,0.0008333472224535399,0.5619661563255406,0.0
22118,18.431973866231104,0.5616438356164384,560,681,1241,-0.0008058017727639033,0.0008333472224535399,0.5618855761482642,-8.058017727639034e-05
22119,18.432807213453557,0.5616438356164384,560,681,1241,0.0,0.0008333472224535399,0.5618855761482642,0.0
22120,18.43364056067601,0.5616438356164384,560,681,1241,0.0,0.0008333472224535399,0.5618855761482642,0.0
22121,18.434473907898465,0.5616438356164384,560,681,1241,0.0,0.0008333472224535399,0.5618855761482642,0.0
22122,18.435307255120918,0.5616438356164384,560,681,1241,0.0,0.0008333472224535399,0.5618855761482642,0.0
22123,18.43614060234337,0.5616438356164384,560,681,1241,0.0,0.0008333472224535399,0.5618855761482642,0.0
22124,18.436973949565825,0.5616438356164384,560,681,1241,0.0,0.0008333472224535399,0.5618855761482642,0.0
22125,18.437807296788282,0.5616438356164384,560,681,1241,0.0,0.0008333472224570926,0.5618049959709879,-8.058017727639034e-05
22126,18.438640644010736,0.5616438356164384,560,681,1241,0.0,0.0008333472224535399,0.5617244157937116,-8.058017727639034e-05
22127,18.43947399123319,0.5616438356164384,560,681,1241,0.0,0.0008333472224535399,0.5616438356164352,-8.058017727639034e-05
22128,18.440307338455643,0.5616438356164384,560,681,1241,0.0,0.0008333472224535399,0.5616438356164352,0.0
22129,18.441140685678096,0.5616438356164384,560,681,1241,0.0,0.0008333472224535399,0.5616438356164352,0.0
22130,18.44197403290055,0.5624496373892023,560,681,1241,0.0008058017727639033,0.0008333472224535399,0.5617244157937116,8.058017727639034e-05
22131,18.442807380123003,0.5624496373892023,560,681,1241,0.0,0.0008333472224535399,0.5618049959709879,8.058017727639034e-05
22132,18.443640727345457,0.5624496373892023,560,681,1241,0.0,0.0008333472224535399,0.5618855761482642,8.058017727639034e-05
22133,18.44447407456791,0.5616438356164384,560,681,1241,-0.0008058017727639033,0.0008333472224535399,0.5618855761482642,0.0
22134,18.445307421790364,0.5616438356164384,560,681,1241,0.0,0.0008333472224535399,0.5618855761482642,0.0
22135,18.446140769012818,0.5608380338436745,560,681,1241,-0.0008058017727639033,0.0008333472224535399,0.5618049959709879,-8.058017727639034e-05
22136,18.44697411623527,0.5608380338436745,560,681,1241,0.0,0.0008333472224535399,0.5617244157937116,-8.058017727639034e-05
22137,18.447807463457725,0.5608380338436745,560,681,1241,0.0,0.0008333472224535399,0.5616438356164352,-8.058017727639034e-05
22138,18.44864081068018,0.5616438356164384,560,681,1241,0.0008058017727639033,0.0008333472224535399,0.5616438356164352,0.0
22139,18.449474157902632,0.5616438356164384,560,681,1241,0.0,0.0008333472224535399,0.5616438356164352,0.0
22140,18.450307505125085,0.5616438356164384,560,681,1241,0.0,0.0008333472224535399,0.5615632554391589,-8.058017727639034e-05
22141,18.45114085234754,0.5608380338436745,560,681,1241,-0.0008058017727639033,0.0008333472224535399,0.5614020950846061,-0.00016116035455278067
22142,18.451974199569992,0.5608380338436745,560,681,1241,0.0,0.0008333472224535399,0.5612409347300534,-0.00016116035455278067
22143,18.452807546792446,0.5608380338436745,560,681,1241,0.0,0.0008333472224535399,0.5611603545527771,-8.058017727639034e-05
22144,18.4536408940149,0.5608380338436745,560,681,1241,0.0,0.0008333472224535399,0.5610797743755007,-8.058017727639034e-05
22145,18.454474241237353,0.5608380338436745,560,681,1241,0.0,0.0008333472224535399,0.5610797743755007,0.0
22146,18.45530758845981,0.5608380338436745,560,681,1241,0.0,0.0008333472224570926,0.5610797743755007,0.0
22147,18.456140935682264,0.5608380338436745,560,681,1241,0.0,0.0008333472224535399,0.5610797743755007,0.0
22148,18.456974282904717,0.5608380338436745,560,681,1241,0.0,0.0008333472224535399,0.5609991941982244,-8.058017727639034e-05
22149,18.45780763012717,0.5616438356164384,560,681,1241,0.0008058017727639033,0.0008333472224535399,0.5609991941982244,0.0
22150,18.458640977349624,0.5616438356164384,560,681,1241,0.0,0.0008333472224535399,0.5609991941982244,0.0
22151,18.459474324572078,0.5608380338436745,560,681,1241,-0.0008058017727639033,0.0008333472224535399,0.5609991941982244,0.0
22152,18.46030767179453,0.5608380338436745,560,681,1241,0.0,0.0008333472224535399,0.5609991941982244,0.0
22153,18.461141019016985,0.5616438356164384,560,681,1241,0.0008058017727639033,0.0008333472224535399,0.5610797743755007,8.058017727639034e-05
22154,18.46197436623944,0.5616438356164384,560,681,1241,0.0,0.0008333472224535399,0.5611603545527771,8.058017727639034e-05
22155,18.462807713461892,0.5616438356164384,560,681,1241,0.0,0.0008333472224535399,0.5612409347300534,8.058017727639034e-05
22156,18.463641060684346,0.5616438356164384,560,681,1241,0.0,0.0008333472224535399,0.5613215149073298,8.058017727639034e-05
22157,18.4644744079068,0.5624496373892023,560,681,1241,0.0008058017727639033,0.0008333472224535399,0.5614826752618824,0.00016116035455278067
22158,18.465307755129253,0.5624496373892023,560,681,1241,0.0,0.0008333472224535399,0.5616438356164352,0.00016116035455278067
22159,18.466141102351706,0.5624496373892023,560,681,1241,0.0,0.0008333472224535399,0.5617244157937116,8.058017727639034e-05
22160,18.46697444957416,0.5624496373892023,560,681,1241,0.0,0.0008333472224535399,0.5618049959709879,8.058017727639034e-05
22161,18.467807796796613,0.5624496373892023,560,681,1241,0.0,0.0008333472224535399,0.5619661563255406,0.00016116035455278067
22162,18.468641144019067,0.5624496373892023,560,681,1241,0.0,0.0008333472224535399,0.5621273166800933,0.00016116035455278067
22163,18.46947449124152,0.5624496373892023,560,681,1241,0.0,0.0008333472224535399,0.5622078968573696,8.058017727639034e-05
22164,18.470307838463974,0.5624496373892023,560,681,1241,0.0,0.0008333472224535399,0.5622884770346459,8.058017727639034e-05
22165,18.471141185686427,0.5624496373892023,560,681,1241,0.0,0.0008333472224535399,0.5623690572119223,8.058017727639034e-05
22166,18.47197453290888,0.5624496373892023,560,681,1241,0.0,0.0008333472224535399,0.5624496373891986,8.058017727639034e-05
22167,18.472807880131338,0.5624496373892023,560,681,1241,0.0,0.0008333472224570926,0.5624496373891986,0.0
22168,18.47364122735379,0.5624496373892023,560,681,1241,0.0,0.0008333472224535399,0.5624496373891986,0.0
22169,18.474474574576245,0.5632554391619662,560,681,1241,0.0008058017727639033,0.0008333472224535399,0.562530217566475,8.058017727639034e-05
22170,18.4753079217987,0.5632554391619662,560,681,1241,0.0,0.0008333472224535399,0.5626107977437513,8.058017727639034e-05
22171,18.476141269021152,0.5632554391619662,560,681,1241,0.0,0.0008333472224535399,0.5626913779210276,8.058017727639034e-05
22172,18.476974616243606,0.5632554391619662,560,681,1241,0.0,0.0008333472224535399,0.562771958098304,8.058017727639034e-05
22173,18.47780796346606,0.5640612409347301,560,681,1241,0.0008058017727639033,0.0008333472224535399,0.5629331184528569,0.00016116035455278067
22174,18.478641310688513,0.5640612409347301,560,681,1241,0.0,0.0008333472224535399,0.5630942788074098,0.00016116035455278067
22175,18.479474657910966,0.5640612409347301,560,681,1241,0.0,0.0008333472224535399,0.5632554391619626,0.00016116035455278067
22176,18.48030800513342,0.5640612409347301,560,681,1241,0.0,0.0008333472224535399,0.5634165995165155,0.00016116035455278067
22177,18.481141352355873,0.5640612409347301,560,681,1241,0.0,0.0008333472224535399,0.5635777598710684,0.00016116035455278067
22178,18.481974699578327,0.5640612409347301,560,681,1241,0.0,0.0008333472224535399,0.5637389202256212,0.00016116035455278067
22179,18.48280804680078,0.5640612409347301,560,681,1241,0.0,0.0008333472224535399,0.5638195004028976,8.058017727639034e-05
22180,18.483641394023234,0.5640612409347301,560,681,1241,0.0,0.0008333472224535399,0.563900080580174,8.058017727639034e-05
22181,18.484474741245688,0.5640612409347301,560,681,1241,0.0,0.0008333472224535399,0.5639806607574503,8.058017727639034e-05
22182,18.48530808846814,0.5640612409347301,560,681,1241,0.0,0.0008333472224535399,0.5640612409347268,8.058017727639034e-05
22183,18.486141435690595,0.5640612409347301,560,681,1241,0.0,0.0008333472224535399,0.5640612409347266,0.0
22184,18.486974782913048,0.5640612409347301,560,681,1241,0.0,0.0008333472224535399,0.5640612409347266,0.0
22185,18.4878081301355,0.5632554391619662,560,681,1241,-0.0008058017727639033,0.0008333472224535399,0.5639806607574502,-8.058017727639034e-05
22186,18.488641477357955,0.5632554391619662,560,681,1241,0.0,0.0008333472224535399,0.5639000805801739,-8.058017727639034e-05
22187,18.48947482458041,0.5632554391619662,560,681,1241,0.0,0.0008333472224535399,0.5638195004028976,-8.058017727639034e-05
22188,18.490308171802866,0.5632554391619662,560,681,1241,0.0,0.0008333472224570926,0.5637389202256212,-8.058017727639034e-05
22189,18.49114151902532,0.5632554391619662,560,681,1241,0.0,0.0008333472224535399,0.5636583400483449,-8.058017727639034e-05
22190,18.491974866247773,0.5624496373892023,560,681,1241,-0.0008058017727639033,0.0008333472224535399,0.563497179693792,-0.00016116035455278067
22191,18.492808213470227,0.5624496373892023,560,681,1241,0.0,0.0008333472224535399,0.5633360193392392,-0.00016116035455278067
22192,18.49364156069268,0.5624496373892023,560,681,1241,0.0,0.0008333472224535399,0.5631748589846863,-0.00016116035455278067
22193,18.494474907915134,0.5624496373892023,560,681,1241,0.0,0.0008333472224535399,0.5630136986301334,-0.00016116035455278067
22194,18.495308255137587,0.5616438356164384,560,681,1241,-0.0008058017727639033,0.0008333472224535399,0.5627719580983042,-0.00024174053182917098
22195,18.49614160236004,0.5616438356164384,560,681,1241,0.0,0.0008333472224535399,0.5626107977437514,-0.00016116035455278067
22196,18.496974949582494,0.5616438356164384,560,681,1241,0.0,0.0008333472224535399,0.5624496373891986,-0.00016116035455278067
22197,18.497808296804948,0.5624496373892023,560,681,1241,0.0008058017727639033,0.0008333472224535399,0.5623690572119222,-8.058017727639034e-05
22198,18.4986416440274,0.5624496373892023,560,681,1241,0.0,0.0008333472224535399,0.5622884770346459,-8.058017727639034e-05
22199,18.499474991249855,0.5616438356164384,560,681,1241,-0.0008058017727639033,0.0008333472224535399,0.5621273166800931,-0.00016116035455278067
22200,18.50030833847231,0.5616438356164384,560,681,1241,0.0,0.0008333472224535399,0.5620467365028168,-8.058017727639034e-05
22201,18.501141685694762,0.5616438356164384,560,681,1241,0.0,0.0008333472224535399,0.5619661563255404,-8.058017727639034e-05
22202,18.501975032917215,0.5616438356164384,560,681,1241,0.0,0.0008333472224535399,0.5618855761482641,-8.058017727639034e-05
22203,18.50280838013967,0.5616438356164384,560,681,1241,0.0,0.0008333472224535399,0.5618049959709877,-8.058017727639034e-05
22204,18.503641727362123,0.5616438356164384,560,681,1241,0.0,0.0008333472224535399,0.5618049959709877,0.0
22205,18.504475074584576,0.5624496373892023,560,681,1241,0.0008058017727639033,0.0008333472224535399,0.5618855761482641,8.058017727639034e-05
22206,18.50530842180703,0.5616438356164384,560,681,1241,-0.0008058017727639033,0.0008333472224535399,0.5618855761482641,0.0
22207,18.506141769029483,0.5616438356164384,560,681,1241,0.0,0.0008333472224535399,0.5618049959709877,-8.058017727639034e-05
22208,18.506975116251937,0.5616438356164384,560,681,1241,0.0,0.0008333472224535399,0.5617244157937114,-8.058017727639034e-05
22209,18.507808463474394,0.5616438356164384,560,681,1241,0.0,0.0008333472224570926,0.5617244157937114,0.0
22210,18.508641810696847,0.5616438356164384,560,681,1241,0.0,0.0008333472224535399,0.5617244157937114,0.0
22211,18.5094751579193,0.5624496373892023,560,681,1241,0.0008058017727639033,0.0008333472224535399,0.5618049959709877,8.058017727639034e-05
22212,18.510308505141754,0.5624496373892023,560,681,1241,0.0,0.0008333472224535399,0.5618855761482641,8.058017727639034e-05
22213,18.511141852364208,0.5624496373892023,560,681,1241,0.0,0.0008333472224535399,0.5619661563255404,8.058017727639034e-05
22214,18.51197519958666,0.5640612409347301,560,681,1241,0.0016116035455278066,0.0008333472224535399,0.5622078968573696,0.00024174053182917098
22215,18.512808546809115,0.5640612409347301,560,681,1241,0.0,0.0008333472224535399,0.5623690572119224,0.00016116035455278067
22216,18.51364189403157,0.564867042707494,560,681,1241,0.0008058017727639033,0.0008333472224535399,0.5626913779210281,0.00032232070910556134
22217,18.514475241254022,0.564867042707494,560,681,1241,0.0,0.0008333472224535399,0.5630136986301336,0.00032232070910556134
22218,18.515308588476476,0.564867042707494,560,681,1241,0.0,0.0008333472224535399,0.5633360193392392,0.00032232070910556134
22219,18.51614193569893,0.564867042707494,560,681,1241,0.0,0.0008333472224535399,0.5636583400483447,0.00032232070910556134
22220,18.516975282921383,0.564867042707494,560,681,1241,0.0,0.0008333472224535399,0.5639806607574502,0.00032232070910556134
22221,18.517808630143836,0.564867042707494,560,681,1241,0.0,0.0008333472224535399,0.5642224012892795,0.00024174053182917098
22222,18.51864197736629,0.564867042707494,560,681,1241,0.0,0.0008333472224535399,0.5644641418211087,0.00024174053182917098
22223,18.519475324588743,0.564867042707494,560,681,1241,0.0,0.0008333472224535399,0.564705882352938,0.00024174053182917098
22224,18.520308671811197,0.564867042707494,560,681,1241,0.0,0.0008333472224535399,0.5647864625302143,8.058017727639034e-05
22225,18.52114201903365,0.5656728444802579,560,681,1241,0.0008058017727639033,0.0008333472224535399,0.564947622884767,0.00016116035455278067
22226,18.521975366256104,0.5656728444802579,560,681,1241,0.0,0.0008333472224535399,0.5650282030620433,8.058017727639034e-05
22227,18.522808713478558,0.564867042707494,560,681,1241,-0.0008058017727639033,0.0008333472224535399,0.5650282030620433,0.0
22228,18.52364206070101,0.5664786462530218,560,681,1241,0.0016116035455278066,0.0008333472224535399,0.5651893634165961,0.00016116035455278067
22229,18.524475407923465,0.5664786462530218,560,681,1241,0.0,0.0008333472224535399,0.5653505237711489,0.00016116035455278067
22230,18.525308755145918,0.5672844480257857,560,681,1241,0.0008058017727639033,0.0008333472224535399,0.565592264302978,0.00024174053182917098
22231,18.526142102368375,0.5672844480257857,560,681,1241,0.0,0.0008333472224570926,0.5658340048348073,0.00024174053182917098
22232,18.52697544959083,0.5672844480257857,560,681,1241,0.0,0.0008333472224535399,0.5660757453666365,0.00024174053182917098
22233,18.527808796813282,0.5672844480257857,560,681,1241,0.0,0.0008333472224535399,0.5663174858984658,0.00024174053182917098
22234,18.528642144035736,0.5680902497985496,560,681,1241,0.0008058017727639033,0.0008333472224535399,0.5666398066075713,0.00032232070910556134
22235,18.52947549125819,0.5680902497985496,560,681,1241,0.0,0.0008333472224535399,0.5668815471394005,0.00024174053182917098
22236,18.530308838480643,0.5680902497985496,560,681,1241,0.0,0.0008333472224535399,0.5671232876712298,0.00024174053182917098
22237,18.531142185703096,0.5672844480257857,560,681,1241,-0.0008058017727639033,0.0008333472224535399,0.5673650282030589,0.00024174053182917098
22238,18.53197553292555,0.5656728444802579,560,681,1241,-0.0016116035455278066,0.0008333472224535399,0.5672844480257825,-8.058017727639034e-05
22239,18.532808880148004,0.5656728444802579,560,681,1241,0.0,0.0008333472224535399,0.5672038678485062,-8.058017727639034e-05
22240,18.533642227370457,0.5656728444802579,560,681,1241,0.0,0.0008333472224535399,0.5670427074939534,-0.00016116035455278067
22241,18.53447557459291,0.5656728444802579,560,681,1241,0.0,0.0008333472224535399,0.5668815471394005,-0.00016116035455278067
22242,18.535308921815364,0.5656728444802579,560,681,1241,0.0,0.0008333472224535399,0.5667203867848476,-0.00016116035455278067
22243,18.536142269037818,0.5656728444802579,560,681,1241,0.0,0.0008333472224535399,0.5665592264302948,-0.00016116035455278067
22244,18.53697561626027,0.5656728444802579,560,681,1241,0.0,0.0008333472224535399,0.5663174858984655,-0.00024174053182917098
22245,18.537808963482725,0.5656728444802579,560,681,1241,0.0,0.0008333472224535399,0.5660757453666363,-0.00024174053182917098
22246,18.53864231070518,0.5656728444802579,560,681,1241,0.0,0.0008333472224535399,0.5658340048348072,-0.00024174053182917098
22247,18.539475657927632,0.5656728444802579,560,681,1241,0.0,0.0008333472224535399,0.5656728444802542,-0.00016116035455278067
22248,18.540309005150085,0.5656728444802579,560,681,1241,0.0,0.0008333472224535399,0.5656728444802542,0.0
22249,18.54114235237254,0.5656728444802579,560,681,1241,0.0,0.0008333472224535399,0.5656728444802542,0.0
22250,18.541975699594992,0.5656728444802579,560,681,1241,0.0,0.0008333472224535399,0.5656728444802542,0.0
22251,18.542809046817446,0.5656728444802579,560,681,1241,0.0,0.0008333472224535399,0.5656728444802542,0.0
22252,18.543642394039903,0.5656728444802579,560,681,1241,0.0,0.0008333472224570926,0.5656728444802542,0.0
22253,18.544475741262357,0.5664786462530218,560,681,1241,0.0008058017727639033,0.0008333472224535399,0.5657534246575306,8.058017727639034e-05
22254,18.54530908848481,0.5680902497985496,560,681,1241,0.0016116035455278066,0.0008333472224535399,0.5659951651893598,0.00024174053182917098
22255,18.546142435707264,0.5680902497985496,560,681,1241,0.0,0.0008333472224535399,0.566236905721189,0.00024174053182917098
22256,18.546975782929717,0.5680902497985496,560,681,1241,0.0,0.0008333472224535399,0.5664786462530182,0.00024174053182917098
22257,18.54780913015217,0.5688960515713135,560,681,1241,0.0008058017727639033,0.0008333472224535399,0.5668009669621238,0.00032232070910556134
22258,18.548642477374624,0.5688960515713135,560,681,1241,0.0,0.0008333472224535399,0.5671232876712293,0.00032232070910556134
22259,18.549475824597078,0.5680902497985496,560,681,1241,-0.0008058017727639033,0.0008333472224535399,0.5673650282030586,0.00024174053182917098
22260,18.55030917181953,0.5680902497985496,560,681,1241,0.0,0.0008333472224535399,0.5676067687348878,0.00024174053182917098
22261,18.551142519041985,0.5680902497985496,560,681,1241,0.0,0.0008333472224535399,0.567848509266717,0.00024174053182917098
22262,18.55197586626444,0.5688960515713135,560,681,1241,0.0008058017727639033,0.0008333472224535399,0.5681708299758226,0.00032232070910556134
22263,18.552809213486892,0.5688960515713135,560,681,1241,0.0,0.0008333472224535399,0.5684125705076517,0.00024174053182917098
22264,18.553642560709346,0.5697018533440773,560,681,1241,0.0008058017727637923,0.0008333472224535399,0.5685737308622045,0.00016116035455276956
22265,18.5544759079318,0.5688960515713135,560,681,1241,-0.0008058017727637923,0.0008333472224535399,0.5686543110394808,8.058017727639034e-05
22266,18.555309255154253,0.5680902497985496,560,681,1241,-0.0008058017727639033,0.0008333472224535399,0.5686543110394808,0.0
22267,18.556142602376706,0.5680902497985496,560,681,1241,0.0,0.0008333472224535399,0.5685737308622045,-8.058017727639034e-05
22268,18.55697594959916,0.5680902497985496,560,681,1241,0.0,0.0008333472224535399,0.5684931506849281,-8.058017727639034e-05
22269,18.557809296821613,0.5680902497985496,560,681,1241,0.0,0.0008333472224535399,0.5684931506849281,0.0
22270,18.558642644044067,0.5680902497985496,560,681,1241,0.0,0.0008333472224535399,0.5684931506849281,0.0
22271,18.55947599126652,0.5680902497985496,560,681,1241,0.0,0.0008333472224535399,0.5684931506849281,0.0
22272,18.560309338488974,0.5672844480257857,560,681,1241,-0.0008058017727639033,0.0008333472224535399,0.5683319903303754,-0.00016116035455278067
22273,18.56114268571143,0.5672844480257857,560,681,1241,0.0,0.0008333472224570926,0.5681708299758228,-0.00016116035455278067
22274,18.561976032933885,0.5672844480257857,560,681,1241,0.0,0.0008333472224535399,0.5679290894439937,-0.0002417405318291599
22275,18.562809380156338,0.5672844480257857,560,681,1241,0.0,0.0008333472224535399,0.5677679290894408,-0.00016116035455278067
22276,18.56364272737879,0.5672844480257857,560,681,1241,0.0,0.0008333472224535399,0.5676873489121645,-8.058017727639034e-05
22277,18.564476074601245,0.5672844480257857,560,681,1241,0.0,0.0008333472224535399,0.5676067687348881,-8.058017727639034e-05
22278,18.5653094218237,0.5672844480257857,560,681,1241,0.0,0.0008333472224535399,0.5675261885576118,-8.058017727639034e-05
22279,18.566142769046152,0.5680902497985496,560,681,1241,0.0008058017727639033,0.0008333472224535399,0.5675261885576118,0.0
22280,18.566976116268606,0.5672844480257857,560,681,1241,-0.0008058017727639033,0.0008333472224535399,0.5674456083803354,-8.058017727639034e-05
22281,18.56780946349106,0.5672844480257857,560,681,1241,0.0,0.0008333472224535399,0.5673650282030591,-8.058017727639034e-05
22282,18.568642810713513,0.5672844480257857,560,681,1241,0.0,0.0008333472224535399,0.5673650282030591,0.0
22283,18.569476157935966,0.5672844480257857,560,681,1241,0.0,0.0008333472224535399,0.5673650282030591,0.0
22284,18.57030950515842,0.5672844480257857,560,681,1241,0.0,0.0008333472224535399,0.5673650282030591,0.0
22285,18.571142852380873,0.5672844480257857,560,681,1241,0.0,0.0008333472224535399,0.5673650282030591,0.0
22286,18.571976199603327,0.5672844480257857,560,681,1241,0.0,0.0008333472224535399,0.5673650282030591,0.0
22287,18.57280954682578,0.5672844480257857,560,681,1241,0.0,0.0008333472224535399,0.5673650282030591,0.0
22288,18.573642894048234,0.5672844480257857,560,681,1241,0.0,0.0008333472224535399,0.5673650282030591,0.0
22289,18.574476241270688,0.5672844480257857,560,681,1241,0.0,0.0008333472224535399,0.5672844480257828,-8.058017727639034e-05
22290,18.57530958849314,0.5672844480257857,560,681,1241,0.0,0.0008333472224535399,0.5672844480257828,0.0
22291,18.576142935715595,0.5680902497985496,560,681,1241,0.0008058017727639033,0.0008333472224535399,0.5673650282030591,8.058017727639034e-05
22292,18.57697628293805,0.5697018533440773,560,681,1241,0.0016116035455276956,0.0008333472224535399,0.5676067687348884,0.0002417405318291599
22293,18.577809630160502,0.5697018533440773,560,681,1241,0.0,0.0008333472224535399,0.5678485092667176,0.0002417405318291599
22294,18.57864297738296,0.5697018533440773,560,681,1241,0.0,0.0008333472224570926,0.5680902497985467,0.0002417405318291599
22295,18.579476324605412,0.5688960515713135,560,681,1241,-0.0008058017727637923,0.0008333472224535399,0.5682514101530994,0.00016116035455278067
22296,18.580309671827866,0.5688960515713135,560,681,1241,0.0,0.0008333472224535399,0.5684125705076521,0.00016116035455278067
22297,18.58114301905032,0.5688960515713135,560,681,1241,0.0,0.0008333472224535399,0.5685737308622049,0.00016116035455278067
22298,18.581976366272773,0.5680902497985496,560,681,1241,-0.0008058017727639033,0.0008333472224535399,0.5686543110394812,8.058017727639034e-05
22299,18.582809713495227,0.5680902497985496,560,681,1241,0.0,0.0008333472224535399,0.5687348912167576,8.058017727639034e-05
22300,18.58364306071768,0.5680902497985496,560,681,1241,0.0,0.0008333472224535399,0.5688154713940339,8.058017727639034e-05
22301,18.584476407940134,0.5680902497985496,560,681,1241,0.0,0.0008333472224535399,0.5688154713940339,0.0
22302,18.585309755162587,0.5680902497985496,560,681,1241,0.0,0.0008333472224535399,0.568654311039481,-0.00016116035455276956
22303,18.58614310238504,0.5680902497985496,560,681,1241,0.0,0.0008333472224535399,0.5684931506849283,-0.00016116035455276956
22304,18.586976449607494,0.5680902497985496,560,681,1241,0.0,0.0008333472224535399,0.5683319903303755,-0.00016116035455276956
22305,18.587809796829948,0.5680902497985496,560,681,1241,0.0,0.0008333472224535399,0.5682514101530991,-8.058017727639034e-05
22306,18.5886431440524,0.5680902497985496,560,681,1241,0.0,0.0008333472224535399,0.5681708299758228,-8.058017727639034e-05
22307,18.589476491274855,0.5680902497985496,560,681,1241,0.0,0.0008333472224535399,0.5680902497985464,-8.058017727639034e-05
22308,18.59030983849731,0.5672844480257857,560,681,1241,-0.0008058017727639033,0.0008333472224535399,0.5680096696212701,-8.058017727639034e-05
22309,18.591143185719762,0.5672844480257857,560,681,1241,0.0,0.0008333472224535399,0.5679290894439937,-8.058017727639034e-05
22310,18.591976532942216,0.5672844480257857,560,681,1241,0.0,0.0008333472224535399,0.5678485092667174,-8.058017727639034e-05
22311,18.59280988016467,0.5680902497985496,560,681,1241,0.0008058017727639033,0.0008333472224535399,0.5678485092667174,0.0
22312,18.593643227387123,0.5688960515713135,560,681,1241,0.0008058017727639033,0.0008333472224535399,0.5679290894439937,8.058017727639034e-05
22313,18.594476574609576,0.5688960515713135,560,681,1241,0.0,0.0008333472224535399,0.5680096696212701,8.058017727639034e-05
22314,18.59530992183203,0.5688960515713135,560,681,1241,0.0,0.0008333472224535399,0.5680902497985464,8.058017727639034e-05
22315,18.596143269054487,0.5688960515713135,560,681,1241,0.0,0.0008333472224570926,0.5681708299758228,8.058017727639034e-05
22316,18.59697661627694,0.5688960515713135,560,681,1241,0.0,0.0008333472224535399,0.5682514101530991,8.058017727639034e-05
22317,18.597809963499394,0.5688960515713135,560,681,1241,0.0,0.0008333472224535399,0.5683319903303754,8.058017727639034e-05
22318,18.598643310721847,0.5688960515713135,560,681,1241,0.0,0.0008333472224535399,0.5684931506849281,0.00016116035455278067
22319,18.5994766579443,0.5688960515713135,560,681,1241,0.0,0.0008333472224535399,0.5686543110394808,0.00016116035455278067
22320,18.600310005166754,0.5688960515713135,560,681,1241,0.0,0.0008333472224535399,0.5688154713940335,0.00016116035455278067
22321,18.601143352389208,0.5680902497985496,560,681,1241,-0.0008058017727639033,0.0008333472224535399,0.5688154713940335,0.0
22322,18.60197669961166,0.5680902497985496,560,681,1241,0.0,0.0008333472224535399,0.5687348912167571,-8.058017727639034e-05
22323,18.602810046834115,0.5697018533440773,560,681,1241,0.0016116035455276956,0.0008333472224535399,0.5688154713940335,8.058017727637922e-05
22324,18.60364339405657,0.5697018533440773,560,681,1241,0.0,0.0008333472224535399,0.5688960515713098,8.058017727637922e-05
22325,18.604476741279022,0.5697018533440773,560,681,1241,0.0,0.0008333472224535399,0.5689766317485863,8.058017727637922e-05
22326,18.605310088501476,0.5713134568896051,560,681,1241,0.0016116035455278066,0.0008333472224535399,0.5692183722804154,0.0002417405318291599
22327,18.60614343572393,0.572119258662369,560,681,1241,0.0008058017727639033,0.0008333472224535399,0.569540692989521,0.00032232070910555023
22328,18.606976782946383,0.572119258662369,560,681,1241,0.0,0.0008333472224535399,0.5698630136986266,0.00032232070910555023
22329,18.607810130168836,0.5729250604351329,560,681,1241,0.0008058017727639033,0.0008333472224535399,0.5702659145850084,0.00040290088638194054
22330,18.60864347739129,0.5729250604351329,560,681,1241,0.0,0.0008333472224535399,0.5706688154713904,0.00040290088638194054
22331,18.609476824613743,0.5729250604351329,560,681,1241,0.0,0.0008333472224535399,0.5711522965350487,0.0004834810636583309
22332,18.610310171836197,0.5729250604351329,560,681,1241,0.0,0.0008333472224535399,0.5716357775987071,0.0004834810636583309
22333,18.61114351905865,0.5729250604351329,560,681,1241,0.0,0.0008333472224535399,0.5719580983078126,0.00032232070910556134
22334,18.611976866281104,0.5729250604351329,560,681,1241,0.0,0.0008333472224535399,0.5722804190169182,0.00032232070910556134
22335,18.612810213503558,0.5729250604351329,560,681,1241,0.0,0.0008333472224535399,0.5726027397260237,0.00032232070910556134
22336,18.61364356072601,0.5729250604351329,560,681,1241,0.0,0.0008333472224535399,0.5727639000805765,0.00016116035455278067
22337,18.614476907948468,0.5729250604351329,560,681,1241,0.0,0.0008333472224570926,0.572844480257853,8.058017727639034e-05
22338,18.61531025517092,0.5729250604351329,560,681,1241,0.0,0.0008333472224535399,0.5729250604351294,8.058017727639034e-05
22339,18.616143602393375,0.5729250604351329,560,681,1241,0.0,0.0008333472224535399,0.5729250604351294,0.0
22340,18.61697694961583,0.5729250604351329,560,681,1241,0.0,0.0008333472224535399,0.5729250604351294,0.0
22341,18.617810296838282,0.572119258662369,560,681,1241,-0.0008058017727639033,0.0008333472224535399,0.572844480257853,-8.058017727639034e-05
22342,18.618643644060736,0.5729250604351329,560,681,1241,0.0008058017727639033,0.0008333472224535399,0.572844480257853,0.0
22343,18.61947699128319,0.5729250604351329,560,681,1241,0.0,0.0008333472224535399,0.572844480257853,0.0
22344,18.620310338505643,0.572119258662369,560,681,1241,-0.0008058017727639033,0.0008333472224535399,0.5727639000805765,-8.058017727639034e-05
22345,18.621143685728097,0.572119258662369,560,681,1241,0.0,0.0008333472224535399,0.5726833199033001,-8.058017727639034e-05
22346,18.62197703295055,0.572119258662369,560,681,1241,0.0,0.0008333472224535399,0.5726027397260236,-8.058017727639034e-05
22347,18.622810380173004,0.572119258662369,560,681,1241,0.0,0.0008333472224535399,0.5725221595487472,-8.058017727639034e-05
22348,18.623643727395457,0.572119258662369,560,681,1241,0.0,0.0008333472224535399,0.5724415793714708,-8.058017727639034e-05
22349,18.62447707461791,0.572119258662369,560,681,1241,0.0,0.0008333472224535399,0.5723609991941944,-8.058017727639034e-05
22350,18.625310421840364,0.5705076551168412,560,681,1241,-0.0016116035455278066,0.0008333472224535399,0.5721192586623651,-0.00024174053182917098
22351,18.626143769062818,0.5705076551168412,560,681,1241,0.0,0.0008333472224535399,0.5719580983078123,-0.00016116035455278067
22352,18.62697711628527,0.5713134568896051,560,681,1241,0.0008058017727639033,0.0008333472224535399,0.5717969379532596,-0.00016116035455278067
22353,18.627810463507725,0.5713134568896051,560,681,1241,0.0,0.0008333472224535399,0.5716357775987068,-0.00016116035455278067
22354,18.62864381073018,0.5713134568896051,560,681,1241,0.0,0.0008333472224535399,0.5715551974214305,-8.058017727639034e-05
22355,18.629477157952632,0.572119258662369,560,681,1241,0.0008058017727639033,0.0008333472224535399,0.5715551974214305,0.0
22356,18.630310505175085,0.572119258662369,560,681,1241,0.0,0.0008333472224535399,0.5715551974214305,0.0
22357,18.63114385239754,0.5713134568896051,560,681,1241,-0.0008058017727639033,0.0008333472224535399,0.571474617244154,-8.058017727639034e-05
22358,18.631977199619996,0.5713134568896051,560,681,1241,0.0,0.0008333472224570926,0.5713940370668777,-8.058017727639034e-05
22359,18.63281054684245,0.5713134568896051,560,681,1241,0.0,0.0008333472224535399,0.5713134568896014,-8.058017727639034e-05
22360,18.633643894064903,0.5713134568896051,560,681,1241,0.0,0.0008333472224535399,0.5713940370668779,8.058017727639034e-05
22361,18.634477241287357,0.5729250604351329,560,681,1241,0.0016116035455278066,0.0008333472224535399,0.5716357775987071,0.00024174053182917098
22362,18.63531058850981,0.5729250604351329,560,681,1241,0.0,0.0008333472224535399,0.5717969379532598,0.00016116035455278067
22363,18.636143935732264,0.5729250604351329,560,681,1241,0.0,0.0008333472224535399,0.5719580983078126,0.00016116035455278067
22364,18.636977282954717,0.5729250604351329,560,681,1241,0.0,0.0008333472224535399,0.5721192586623653,0.00016116035455278067
22365,18.63781063017717,0.5729250604351329,560,681,1241,0.0,0.0008333472224535399,0.5721998388396419,8.058017727639034e-05
22366,18.638643977399624,0.5737308622078968,560,681,1241,0.0008058017727639033,0.0008333472224535399,0.5723609991941946,0.00016116035455278067
22367,18.639477324622078,0.5729250604351329,560,681,1241,-0.0008058017727639033,0.0008333472224535399,0.5725221595487474,0.00016116035455278067
22368,18.64031067184453,0.5729250604351329,560,681,1241,0.0,0.0008333472224535399,0.5726833199033001,0.00016116035455278067
22369,18.641144019066985,0.5729250604351329,560,681,1241,0.0,0.0008333472224535399,0.572844480257853,0.00016116035455278067
22370,18.64197736628944,0.5729250604351329,560,681,1241,0.0,0.0008333472224535399,0.5730056406124058,0.00016116035455278067
22371,18.642810713511892,0.572119258662369,560,681,1241,-0.0008058017727639033,0.0008333472224535399,0.5729250604351293,-8.058017727639034e-05
22372,18.643644060734346,0.5713134568896051,560,681,1241,-0.0008058017727639033,0.0008333472224535399,0.5727639000805765,-0.00016116035455278067
22373,18.6444774079568,0.5713134568896051,560,681,1241,0.0,0.0008333472224535399,0.5726027397260237,-0.00016116035455278067
22374,18.645310755179253,0.5713134568896051,560,681,1241,0.0,0.0008333472224535399,0.572441579371471,-0.00016116035455278067
22375,18.646144102401706,0.5713134568896051,560,681,1241,0.0,0.0008333472224535399,0.5722804190169182,-0.00016116035455278067
22376,18.64697744962416,0.572119258662369,560,681,1241,0.0008058017727639033,0.0008333472224535399,0.5721192586623653,-0.00016116035455278067
22377,18.647810796846613,0.5705076551168412,560,681,1241,-0.0016116035455278066,0.0008333472224535399,0.5718775181305362,-0.00024174053182917098
22378,18.648644144069067,0.5705076551168412,560,681,1241,0.0,0.0008333472224535399,0.571635777598707,-0.00024174053182917098
22379,18.649477491291524,0.5705076551168412,560,681,1241,0.0,0.0008333472224570926,0.5713940370668777,-0.00024174053182917098
22380,18.650310838513978,0.5697018533440773,560,681,1241,-0.0008058017727639033,0.0008333472224535399,0.5710717163577722,-0.00032232070910556134
22381,18.65114418573643,0.5688960515713135,560,681,1241,-0.0008058017727637923,0.0008333472224535399,0.5707493956486667,-0.00032232070910555023
22382,18.651977532958885,0.5688960515713135,560,681,1241,0.0,0.0008333472224535399,0.5705076551168375,-0.0002417405318291599
22383,18.652810880181338,0.5680902497985496,560,681,1241,-0.0008058017727639033,0.0008333472224535399,0.5701853344077319,-0.00032232070910555023
22384,18.65364422740379,0.5680902497985496,560,681,1241,0.0,0.0008333472224535399,0.5698630136986264,-0.00032232070910555023
22385,18.654477574626245,0.5680902497985496,560,681,1241,0.0,0.0008333472224535399,0.5695406929895208,-0.00032232070910555023
22386,18.6553109218487,0.5680902497985496,560,681,1241,0.0,0.0008333472224535399,0.5691377921031389,-0.00040290088638194054
22387,18.656144269071152,0.5688960515713135,560,681,1241,0.0008058017727639033,0.0008333472224535399,0.5689766317485861,-0.00016116035455276956
22388,18.656977616293606,0.5688960515713135,560,681,1241,0.0,0.0008333472224535399,0.5688154713940334,-0.00016116035455276956
22389,18.65781096351606,0.5688960515713135,560,681,1241,0.0,0.0008333472224535399,0.5686543110394807,-0.00016116035455276956
22390,18.658644310738513,0.5688960515713135,560,681,1241,0.0,0.0008333472224535399,0.5685737308622044,-8.058017727637922e-05
22391,18.659477657960966,0.5688960515713135,560,681,1241,0.0,0.0008333472224535399,0.5685737308622045,0.0
22392,18.66031100518342,0.5688960515713135,560,681,1241,0.0,0.0008333472224535399,0.5685737308622045,0.0
22393,18.661144352405874,0.5680902497985496,560,681,1241,-0.0008058017727639033,0.0008333472224535399,0.5685737308622045,0.0
22394,18.661977699628327,0.5680902497985496,560,681,1241,0.0,0.0008333472224535399,0.5685737308622045,0.0
22395,18.66281104685078,0.5680902497985496,560,681,1241,0.0,0.0008333472224535399,0.5685737308622045,0.0
22396,18.663644394073234,0.5680902497985496,560,681,1241,0.0,0.0008333472224535399,0.5685737308622045,0.0
22397,18.664477741295688,0.5688960515713135,560,681,1241,0.0008058017727639033,0.0008333472224535399,0.5685737308622045,0.0
22398,18.66531108851814,0.5688960515713135,560,681,1241,0.0,0.0008333472224535399,0.5685737308622045,0.0
22399,18.666144435740595,0.5680902497985496,560,681,1241,-0.0008058017727639033,0.0008333472224535399,0.5684931506849281,-8.058017727639034e-05
22400,18.666977782963052,0.5688960515713135,560,681,1241,0.0008058017727639033,0.0008333472224570926,0.5684931506849281,0.0
22401,18.667811130185505,0.5688960515713135,560,681,1241,0.0,0.0008333472224535399,0.5684931506849281,0.0
22402,18.66864447740796,0.5688960515713135,560,681,1241,0.0,0.0008333472224535399,0.5684931506849281,0.0
22403,18.669477824630412,0.5680902497985496,560,681,1241,-0.0008058017727639033,0.0008333472224535399,0.5684931506849281,0.0
22404,18.670311171852866,0.5680902497985496,560,681,1241,0.0,0.0008333472224535399,0.5684931506849281,0.0
22405,18.67114451907532,0.5680902497985496,560,681,1241,0.0,0.0008333472224535399,0.5684931506849281,0.0
22406,18.671977866297773,0.5680902497985496,560,681,1241,0.0,0.0008333472224535399,0.5684931506849281,0.0
22407,18.672811213520227,0.5680902497985496,560,681,1241,0.0,0.0008333472224535399,0.5684125705076518,-8.058017727639034e-05
22408,18.67364456074268,0.5680902497985496,560,681,1241,0.0,0.0008333472224535399,0.5683319903303754,-8.058017727639034e-05
22409,18.674477907965134,0.5680902497985496,560,681,1241,0.0,0.0008333472224535399,0.5683319903303754,0.0
22410,18.675311255187587,0.5680902497985496,560,681,1241,0.0,0.0008333472224535399,0.5682514101530991,-8.058017727639034e-05
22411,18.67614460241004,0.5680902497985496,560,681,1241,0.0,0.0008333472224535399,0.5681708299758228,-8.058017727639034e-05
22412,18.676977949632494,0.5680902497985496,560,681,1241,0.0,0.0008333472224535399,0.5680902497985464,-8.058017727639034e-05
22413,18.677811296854948,0.5680902497985496,560,681,1241,0.0,0.0008333472224535399,0.5680902497985464,0.0
22414,18.6786446440774,0.5680902497985496,560,681,1241,0.0,0.0008333472224535399,0.5680902497985464,0.0
22415,18.679477991299855,0.5680902497985496,560,681,1241,0.0,0.0008333472224535399,0.5680902497985464,0.0
22416,18.68031133852231,0.5672844480257857,560,681,1241,-0.0008058017727639033,0.0008333472224535399,0.5680096696212701,-8.058017727639034e-05
22417,18.681144685744762,0.5672844480257857,560,681,1241,0.0,0.0008333472224535399,0.5679290894439937,-8.058017727639034e-05
22418,18.681978032967216,0.5672844480257857,560,681,1241,0.0,0.0008333472224535399,0.5678485092667174,-8.058017727639034e-05
22419,18.68281138018967,0.5664786462530218,560,681,1241,-0.0008058017727639033,0.0008333472224535399,0.5676873489121645,-0.00016116035455278067
22420,18.683644727412123,0.5664786462530218,560,681,1241,0.0,0.0008333472224535399,0.5675261885576118,-0.00016116035455278067
22421,18.68447807463458,0.5664786462530218,560,681,1241,0.0,0.0008333472224570926,0.567365028203059,-0.00016116035455278067
22422,18.685311421857033,0.5656728444802579,560,681,1241,-0.0008058017727639033,0.0008333472224535399,0.5671232876712299,-0.00024174053182917098
22423,18.686144769079487,0.5656728444802579,560,681,1241,0.0,0.0008333472224535399,0.5668815471394006,-0.00024174053182917098
22424,18.68697811630194,0.5656728444802579,560,681,1241,0.0,0.0008333472224535399,0.5666398066075715,-0.00024174053182917098
22425,18.687811463524394,0.5656728444802579,560,681,1241,0.0,0.0008333472224535399,0.5663980660757423,-0.00024174053182917098
22426,18.688644810746847,0.5656728444802579,560,681,1241,0.0,0.0008333472224535399,0.5662369057211893,-0.00016116035455278067
22427,18.6894781579693,0.5664786462530218,560,681,1241,0.0008058017727639033,0.0008333472224535399,0.566156325543913,-8.058017727639034e-05
22428,18.690311505191755,0.5664786462530218,560,681,1241,0.0,0.0008333472224535399,0.5660757453666367,-8.058017727639034e-05
22429,18.691144852414208,0.5664786462530218,560,681,1241,0.0,0.0008333472224535399,0.5660757453666367,0.0
22430,18.69197819963666,0.5664786462530218,560,681,1241,0.0,0.0008333472224535399,0.5660757453666367,0.0
22431,18.692811546859115,0.5664786462530218,560,681,1241,0.0,0.0008333472224535399,0.5660757453666367,0.0
22432,18.69364489408157,0.5664786462530218,560,681,1241,0.0,0.0008333472224535399,0.566156325543913,8.058017727639034e-05
22433,18.694478241304022,0.5664786462530218,560,681,1241,0.0,0.0008333472224535399,0.5662369057211893,8.058017727639034e-05
22434,18.695311588526476,0.5672844480257857,560,681,1241,0.0008058017727639033,0.0008333472224535399,0.5663980660757423,0.00016116035455278067
22435,18.69614493574893,0.5672844480257857,560,681,1241,0.0,0.0008333472224535399,0.5665592264302951,0.00016116035455278067
22436,18.696978282971383,0.5664786462530218,560,681,1241,-0.0008058017727639033,0.0008333472224535399,0.5666398066075715,8.058017727639034e-05
22437,18.697811630193836,0.5664786462530218,560,681,1241,0.0,0.0008333472224535399,0.5666398066075715,0.0
22438,18.69864497741629,0.5680902497985496,560,681,1241,0.0016116035455278066,0.0008333472224535399,0.5668009669621242,0.00016116035455278067
22439,18.699478324638743,0.5680902497985496,560,681,1241,0.0,0.0008333472224535399,0.5669621273166771,0.00016116035455278067
22440,18.700311671861197,0.5672844480257857,560,681,1241,-0.0008058017727639033,0.0008333472224535399,0.5670427074939535,8.058017727639034e-05
22441,18.70114501908365,0.5672844480257857,560,681,1241,0.0,0.0008333472224535399,0.5671232876712298,8.058017727639034e-05
22442,18.701978366306108,0.5672844480257857,560,681,1241,0.0,0.0008333472224570926,0.5672038678485062,8.058017727639034e-05
22443,18.70281171352856,0.5672844480257857,560,681,1241,0.0,0.0008333472224535399,0.5672844480257825,8.058017727639034e-05
22444,18.703645060751015,0.5672844480257857,560,681,1241,0.0,0.0008333472224535399,0.5672844480257824,0.0
22445,18.70447840797347,0.5672844480257857,560,681,1241,0.0,0.0008333472224535399,0.5672844480257824,0.0
22446,18.705311755195922,0.5680902497985496,560,681,1241,0.0008058017727639033,0.0008333472224535399,0.5674456083803352,0.00016116035455278067
22447,18.706145102418375,0.5672844480257857,560,681,1241,-0.0008058017727639033,0.0008333472224535399,0.5675261885576115,8.058017727639034e-05
22448,18.70697844964083,0.5672844480257857,560,681,1241,0.0,0.0008333472224535399,0.5674456083803351,-8.058017727639034e-05
22449,18.707811796863282,0.5672844480257857,560,681,1241,0.0,0.0008333472224535399,0.5673650282030588,-8.058017727639034e-05
22450,18.708645144085736,0.5672844480257857,560,681,1241,0.0,0.0008333472224535399,0.5673650282030588,0.0
22451,18.70947849130819,0.5672844480257857,560,681,1241,0.0,0.0008333472224535399,0.5673650282030588,0.0
22452,18.710311838530643,0.5672844480257857,560,681,1241,0.0,0.0008333472224535399,0.5673650282030588,0.0
22453,18.711145185753097,0.5672844480257857,560,681,1241,0.0,0.0008333472224535399,0.5673650282030588,0.0
22454,18.71197853297555,0.5672844480257857,560,681,1241,0.0,0.0008333472224535399,0.5673650282030588,0.0
22455,18.712811880198004,0.5680902497985496,560,681,1241,0.0008058017727639033,0.0008333472224535399,0.5674456083803351,8.058017727639034e-05
22456,18.713645227420457,0.5680902497985496,560,681,1241,0.0,0.0008333472224535399,0.5674456083803351,0.0
22457,18.71447857464291,0.5680902497985496,560,681,1241,0.0,0.0008333472224535399,0.5675261885576115,8.058017727639034e-05
22458,18.715311921865364,0.5680902497985496,560,681,1241,0.0,0.0008333472224535399,0.5676067687348878,8.058017727639034e-05
22459,18.716145269087818,0.5680902497985496,560,681,1241,0.0,0.0008333472224535399,0.5676873489121641,8.058017727639034e-05
22460,18.71697861631027,0.5688960515713135,560,681,1241,0.0008058017727639033,0.0008333472224535399,0.5678485092667168,0.00016116035455278067
22461,18.717811963532725,0.5697018533440773,560,681,1241,0.0008058017727637923,0.0008333472224535399,0.568090249798546,0.0002417405318291599
22462,18.71864531075518,0.5688960515713135,560,681,1241,-0.0008058017727637923,0.0008333472224535399,0.5682514101530988,0.00016116035455278067
22463,18.719478657977632,0.5688960515713135,560,681,1241,0.0,0.0008333472224535399,0.5684125705076515,0.00016116035455278067
22464,18.72031200520009,0.5697018533440773,560,681,1241,0.0008058017727637923,0.0008333472224570926,0.5686543110394806,0.0002417405318291599
22465,18.721145352422543,0.5697018533440773,560,681,1241,0.0,0.0008333472224535399,0.5688154713940334,0.00016116035455276956
22466,18.721978699644996,0.5697018533440773,560,681,1241,0.0,0.0008333472224535399,0.5689766317485863,0.00016116035455276956
22467,18.72281204686745,0.5697018533440773,560,681,1241,0.0,0.0008333472224535399,0.569137792103139,0.00016116035455276956
22468,18.723645394089903,0.5697018533440773,560,681,1241,0.0,0.0008333472224535399,0.5692989524576918,0.00016116035455276956
22469,18.724478741312357,0.5705076551168412,560,681,1241,0.0008058017727639033,0.0008333472224535399,0.5695406929895209,0.0002417405318291599
22470,18.72531208853481,0.5705076551168412,560,681,1241,0.0,0.0008333472224535399,0.5697018533440736,0.00016116035455276956
22471,18.726145435757264,0.5705076551168412,560,681,1241,0.0,0.0008333472224535399,0.56978243352135,8.058017727639034e-05
22472,18.726978782979717,0.5705076551168412,560,681,1241,0.0,0.0008333472224535399,0.5699435938759028,0.00016116035455276956
22473,18.72781213020217,0.5705076551168412,560,681,1241,0.0,0.0008333472224535399,0.5701047542304554,0.00016116035455276956
22474,18.728645477424624,0.5705076551168412,560,681,1241,0.0,0.0008333472224535399,0.5701853344077318,8.058017727639034e-05
22475,18.729478824647078,0.5705076551168412,560,681,1241,0.0,0.0008333472224535399,0.5702659145850081,8.058017727639034e-05
22476,18.73031217186953,0.5705076551168412,560,681,1241,0.0,0.0008333472224535399,0.5703464947622845,8.058017727639034e-05
22477,18.731145519091985,0.5697018533440773,560,681,1241,-0.0008058017727639033,0.0008333472224535399,0.5703464947622845,0.0
22478,18.73197886631444,0.5697018533440773,560,681,1241,0.0,0.0008333472224535399,0.5703464947622845,0.0
22479,18.732812213536892,0.5713134568896051,560,681,1241,0.0016116035455278066,0.0008333472224535399,0.5704270749395609,8.058017727639034e-05
22480,18.733645560759346,0.5705076551168412,560,681,1241,-0.0008058017727639033,0.0008333472224535399,0.5704270749395609,0.0
22481,18.7344789079818,0.5705076551168412,560,681,1241,0.0,0.0008333472224535399,0.5704270749395609,0.0
22482,18.735312255204253,0.5705076551168412,560,681,1241,0.0,0.0008333472224535399,0.5704270749395609,0.0
22483,18.736145602426706,0.5697018533440773,560,681,1241,-0.0008058017727639033,0.0008333472224535399,0.5703464947622845,-8.058017727639034e-05
22484,18.73697894964916,0.5697018533440773,560,681,1241,0.0,0.0008333472224535399,0.5702659145850082,-8.058017727639034e-05
22485,18.737812296871617,0.5697018533440773,560,681,1241,0.0,0.0008333472224570926,0.5701853344077319,-8.058017727639034e-05
22486,18.73864564409407,0.5688960515713135,560,681,1241,-0.0008058017727637923,0.0008333472224535399,0.5700241740531792,-0.00016116035455276956
22487,18.739478991316524,0.5697018533440773,560,681,1241,0.0008058017727637923,0.0008333472224535399,0.5700241740531792,0.0
22488,18.740312338538978,0.5697018533440773,560,681,1241,0.0,0.0008333472224535399,0.5700241740531792,0.0
22489,18.74114568576143,0.5697018533440773,560,681,1241,0.0,0.0008333472224535399,0.5698630136986264,-0.00016116035455278067
22490,18.741979032983885,0.5697018533440773,560,681,1241,0.0,0.0008333472224535399,0.56978243352135,-8.058017727639034e-05
22491,18.742812380206338,0.5697018533440773,560,681,1241,0.0,0.0008333472224535399,0.5697018533440736,-8.058017727639034e-05
22492,18.74364572742879,0.5697018533440773,560,681,1241,0.0,0.0008333472224535399,0.5696212731667973,-8.058017727639034e-05
22493,18.744479074651245,0.5697018533440773,560,681,1241,0.0,0.0008333472224535399,0.5696212731667973,0.0
22494,18.7453124218737,0.5697018533440773,560,681,1241,0.0,0.0008333472224535399,0.5696212731667973,0.0
22495,18.746145769096152,0.5697018533440773,560,681,1241,0.0,0.0008333472224535399,0.5696212731667973,0.0
22496,18.746979116318606,0.5697018533440773,560,681,1241,0.0,0.0008333472224535399,0.5697018533440736,8.058017727637922e-05
22497,18.74781246354106,0.5697018533440773,560,681,1241,0.0,0.0008333472224535399,0.5697018533440736,0.0
22498,18.748645810763513,0.5697018533440773,560,681,1241,0.0,0.0008333472224535399,0.5697018533440736,0.0
22499,18.749479157985967,0.5697018533440773,560,681,1241,0.0,0.0008333472224535399,0.5697018533440736,0.0
22500,18.75031250520842,0.5697018533440773,560,681,1241,0.0,0.0008333472224535399,0.5697018533440736,0.0
22501,18.751145852430874,0.5705076551168412,560,681,1241,0.0008058017727639033,0.0008333472224535399,0.56978243352135,8.058017727639034e-05
22502,18.751979199653327,0.5705076551168412,560,681,1241,0.0,0.0008333472224535399,0.5698630136986264,8.058017727639034e-05
22503,18.75281254687578,0.5705076551168412,560,681,1241,0.0,0.0008333472224535399,0.5699435938759028,8.058017727639034e-05
22504,18.753645894098234,0.5713134568896051,560,681,1241,0.0008058017727639033,0.0008333472224535399,0.5701047542304555,0.00016116035455278067
22505,18.754479241320688,0.5713134568896051,560,681,1241,0.0,0.0008333472224535399,0.5702659145850083,0.00016116035455278067
22506,18.755312588543145,0.5713134568896051,560,681,1241,0.0,0.0008333472224570926,0.570427074939561,0.00016116035455278067
22507,18.7561459357656,0.5713134568896051,560,681,1241,0.0,0.0008333472224535399,0.5705882352941138,0.00016116035455278067
22508,18.756979282988052,0.5705076551168412,560,681,1241,-0.0008058017727639033,0.0008333472224535399,0.5706688154713901,8.058017727639034e-05
22509,18.757812630210505,0.5713134568896051,560,681,1241,0.0008058017727639033,0.0008333472224535399,0.570829975825943,0.00016116035455278067
22510,18.75864597743296,0.5705076551168412,560,681,1241,-0.0008058017727639033,0.0008333472224535399,0.5709105560032193,8.058017727639034e-05
22511,18.759479324655413,0.5705076551168412,560,681,1241,0.0,0.0008333472224535399,0.5709105560032193,0.0
22512,18.760312671877866,0.5705076551168412,560,681,1241,0.0,0.0008333472224535399,0.5709105560032193,0.0
22513,18.76114601910032,0.5705076551168412,560,681,1241,0.0,0.0008333472224535399,0.5709105560032193,0.0
22514,18.761979366322773,0.5705076551168412,560,681,1241,0.0,0.0008333472224535399,0.5708299758259429,-8.058017727639034e-05
22515,18.762812713545227,0.5705076551168412,560,681,1241,0.0,0.0008333472224535399,0.5707493956486664,-8.058017727639034e-05
22516,18.76364606076768,0.5705076551168412,560,681,1241,0.0,0.0008333472224535399,0.57066881547139,-8.058017727639034e-05
22517,18.764479407990134,0.5697018533440773,560,681,1241,-0.0008058017727639033,0.0008333472224535399,0.5705076551168372,-0.00016116035455278067
22518,18.765312755212587,0.5697018533440773,560,681,1241,0.0,0.0008333472224535399,0.5704270749395609,-8.058017727639034e-05
22519,18.76614610243504,0.5697018533440773,560,681,1241,0.0,0.0008333472224535399,0.5702659145850081,-0.00016116035455278067
22520,18.766979449657494,0.5697018533440773,560,681,1241,0.0,0.0008333472224535399,0.5701853344077318,-8.058017727639034e-05
22521,18.767812796879948,0.5688960515713135,560,681,1241,-0.0008058017727637923,0.0008333472224535399,0.570024174053179,-0.00016116035455276956
22522,18.7686461441024,0.5688960515713135,560,681,1241,0.0,0.0008333472224535399,0.5698630136986262,-0.00016116035455276956
22523,18.769479491324855,0.5688960515713135,560,681,1241,0.0,0.0008333472224535399,0.5697018533440736,-0.00016116035455276956
22524,18.77031283854731,0.5688960515713135,560,681,1241,0.0,0.0008333472224535399,0.5695406929895209,-0.00016116035455276956
22525,18.771146185769762,0.5688960515713135,560,681,1241,0.0,0.0008333472224535399,0.5693795326349682,-0.00016116035455276956
22526,18.771979532992216,0.5688960515713135,560,681,1241,0.0,0.0008333472224535399,0.5692183722804155,-0.00016116035455276956
22527,18.772812880214673,0.5680902497985496,560,681,1241,-0.0008058017727639033,0.0008333472224570926,0.5690572119258628,-0.00016116035455276956
22528,18.773646227437126,0.5672844480257857,560,681,1241,-0.0008058017727639033,0.0008333472224535399,0.5688154713940337,-0.0002417405318291599
22529,18.77447957465958,0.5672844480257857,560,681,1241,0.0,0.0008333472224535399,0.5685737308622044,-0.0002417405318291599
22530,18.775312921882033,0.5680902497985496,560,681,1241,0.0008058017727639033,0.0008333472224535399,0.5684125705076516,-0.00016116035455276956
22531,18.776146269104487,0.5688960515713135,560,681,1241,0.0008058017727639033,0.0008333472224535399,0.5684125705076516,0.0
22532,18.77697961632694,0.5697018533440773,560,681,1241,0.0008058017727637923,0.0008333472224535399,0.568493150684928,8.058017727637922e-05
22533,18.777812963549394,0.5697018533440773,560,681,1241,0.0,0.0008333472224535399,0.5685737308622043,8.058017727637922e-05
22534,18.778646310771848,0.5688960515713135,560,681,1241,-0.0008058017727637923,0.0008333472224535399,0.5685737308622043,0.0
22535,18.7794796579943,0.5680902497985496,560,681,1241,-0.0008058017727639033,0.0008333472224535399,0.568493150684928,-8.058017727639034e-05
22536,18.780313005216755,0.5688960515713135,560,681,1241,0.0008058017727639033,0.0008333472224535399,0.568493150684928,0.0
22537,18.781146352439208,0.5688960515713135,560,681,1241,0.0,0.0008333472224535399,0.5685737308622043,8.058017727639034e-05
22538,18.78197969966166,0.5688960515713135,560,681,1241,0.0,0.0008333472224535399,0.568734891216757,0.00016116035455278067
22539,18.782813046884115,0.5688960515713135,560,681,1241,0.0,0.0008333472224535399,0.5688960515713097,0.00016116035455278067
22540,18.78364639410657,0.5688960515713135,560,681,1241,0.0,0.0008333472224535399,0.568976631748586,8.058017727639034e-05
22541,18.784479741329022,0.5680902497985496,560,681,1241,-0.0008058017727639033,0.0008333472224535399,0.5688960515713097,-8.058017727639034e-05
22542,18.785313088551476,0.5688960515713135,560,681,1241,0.0008058017727639033,0.0008333472224535399,0.5688154713940332,-8.058017727637922e-05
22543,18.78614643577393,0.5688960515713135,560,681,1241,0.0,0.0008333472224535399,0.5687348912167569,-8.058017727637922e-05
22544,18.786979782996383,0.5688960515713135,560,681,1241,0.0,0.0008333472224535399,0.568734891216757,0.0
22545,18.787813130218836,0.5688960515713135,560,681,1241,0.0,0.0008333472224535399,0.5688154713940333,8.058017727639034e-05
22546,18.78864647744129,0.5688960515713135,560,681,1241,0.0,0.0008333472224535399,0.5688154713940333,0.0
22547,18.789479824663744,0.5688960515713135,560,681,1241,0.0,0.0008333472224535399,0.5688154713940333,0.0
22548,18.7903131718862,0.5680902497985496,560,681,1241,-0.0008058017727639033,0.0008333472224570926,0.568734891216757,-8.058017727639034e-05
22549,18.791146519108654,0.5680902497985496,560,681,1241,0.0,0.0008333472224535399,0.5686543110394806,-8.058017727639034e-05
22550,18.791979866331108,0.5680902497985496,560,681,1241,0.0,0.0008333472224535399,0.5685737308622043,-8.058017727639034e-05
22551,18.79281321355356,0.5680902497985496,560,681,1241,0.0,0.0008333472224535399,0.5685737308622043,0.0
22552,18.793646560776015,0.5672844480257857,560,681,1241,-0.0008058017727639033,0.0008333472224535399,0.5684125705076516,-0.00016116035455278067
22553,18.79447990799847,0.5672844480257857,560,681,1241,0.0,0.0008333472224535399,0.5682514101530989,-0.00016116035455278067
22554,18.795313255220922,0.5672844480257857,560,681,1241,0.0,0.0008333472224535399,0.5680902497985463,-0.00016116035455278067
22555,18.796146602443375,0.5672844480257857,560,681,1241,0.0,0.0008333472224535399,0.5679290894439936,-0.00016116035455278067
22556,18.79697994966583,0.5672844480257857,560,681,1241,0.0,0.0008333472224535399,0.5677679290894408,-0.00016116035455278067
22557,18.797813296888283,0.5672844480257857,560,681,1241,0.0,0.0008333472224535399,0.5676067687348881,-0.00016116035455278067
22558,18.798646644110736,0.5672844480257857,560,681,1241,0.0,0.0008333472224535399,0.5675261885576118,-8.058017727639034e-05
22559,18.79947999133319,0.5664786462530218,560,681,1241,-0.0008058017727639033,0.0008333472224535399,0.567365028203059,-0.00016116035455278067
22560,18.800313338555643,0.5656728444802579,560,681,1241,-0.0008058017727639033,0.0008333472224535399,0.5671232876712299,-0.00024174053182917098
22561,18.801146685778097,0.5656728444802579,560,681,1241,0.0,0.0008333472224535399,0.5668815471394006,-0.00024174053182917098
22562,18.80198003300055,0.5672844480257857,560,681,1241,0.0016116035455278066,0.0008333472224535399,0.5668815471394006,0.0
22563,18.802813380223004,0.5672844480257857,560,681,1241,0.0,0.0008333472224535399,0.5668815471394006,0.0
22564,18.803646727445457,0.5672844480257857,560,681,1241,0.0,0.0008333472224535399,0.5668815471394006,0.0
22565,18.80448007466791,0.5672844480257857,560,681,1241,0.0,0.0008333472224535399,0.5668815471394006,0.0
22566,18.805313421890364,0.5672844480257857,560,681,1241,0.0,0.0008333472224535399,0.5668815471394006,0.0
22567,18.806146769112818,0.5672844480257857,560,681,1241,0.0,0.0008333472224535399,0.5668815471394006,0.0
22568,18.80698011633527,0.5680902497985496,560,681,1241,0.0008058017727639033,0.0008333472224535399,0.5669621273166771,8.058017727639034e-05
22569,18.807813463557725,0.5680902497985496,560,681,1241,0.0,0.0008333472224535399,0.5671232876712298,0.00016116035455278067
22570,18.808646810780182,0.5680902497985496,560,681,1241,0.0,0.0008333472224570926,0.5673650282030589,0.00024174053182917098
22571,18.809480158002636,0.5680902497985496,560,681,1241,0.0,0.0008333472224535399,0.5676067687348881,0.00024174053182917098
22572,18.81031350522509,0.5680902497985496,560,681,1241,0.0,0.0008333472224535399,0.5676873489121645,8.058017727639034e-05
22573,18.811146852447543,0.5680902497985496,560,681,1241,0.0,0.0008333472224535399,0.5677679290894408,8.058017727639034e-05
22574,18.811980199669996,0.5680902497985496,560,681,1241,0.0,0.0008333472224535399,0.5678485092667171,8.058017727639034e-05
22575,18.81281354689245,0.5697018533440773,560,681,1241,0.0016116035455276956,0.0008333472224535399,0.5680902497985464,0.0002417405318291599
22576,18.813646894114903,0.5697018533440773,560,681,1241,0.0,0.0008333472224535399,0.5683319903303756,0.0002417405318291599
22577,18.814480241337357,0.5697018533440773,560,681,1241,0.0,0.0008333472224535399,0.5685737308622049,0.0002417405318291599
22578,18.81531358855981,0.5697018533440773,560,681,1241,0.0,0.0008333472224535399,0.5687348912167576,0.00016116035455276956
22579,18.816146935782264,0.5697018533440773,560,681,1241,0.0,0.0008333472224535399,0.5688960515713104,0.00016116035455276956
22580,18.816980283004717,0.5705076551168412,560,681,1241,0.0008058017727639033,0.0008333472224535399,0.5691377921031395,0.0002417405318291599
22581,18.81781363022717,0.5705076551168412,560,681,1241,0.0,0.0008333472224535399,0.5693795326349687,0.0002417405318291599
22582,18.818646977449625,0.5697018533440773,560,681,1241,-0.0008058017727639033,0.0008333472224535399,0.5695406929895215,0.00016116035455276956
22583,18.819480324672078,0.5697018533440773,560,681,1241,0.0,0.0008333472224535399,0.5697018533440742,0.00016116035455276956
22584,18.82031367189453,0.5697018533440773,560,681,1241,0.0,0.0008333472224535399,0.569863013698627,0.00016116035455276956
22585,18.821147019116985,0.5688960515713135,560,681,1241,-0.0008058017727637923,0.0008333472224535399,0.5697824335213506,-8.058017727637922e-05
22586,18.82198036633944,0.5688960515713135,560,681,1241,0.0,0.0008333472224535399,0.5697018533440743,-8.058017727637922e-05
22587,18.822813713561892,0.5688960515713135,560,681,1241,0.0,0.0008333472224535399,0.569621273166798,-8.058017727637922e-05
22588,18.823647060784346,0.5688960515713135,560,681,1241,0.0,0.0008333472224535399,0.5695406929895216,-8.058017727637922e-05
22589,18.8244804080068,0.5680902497985496,560,681,1241,-0.0008058017727639033,0.0008333472224535399,0.5693795326349689,-0.00016116035455276956
22590,18.825313755229253,0.5680902497985496,560,681,1241,0.0,0.0008333472224535399,0.5691377921031398,-0.0002417405318291599
22591,18.82614710245171,0.5680902497985496,560,681,1241,0.0,0.0008333472224570926,0.5688960515713106,-0.0002417405318291599
22592,18.826980449674164,0.5680902497985496,560,681,1241,0.0,0.0008333472224535399,0.5687348912167578,-0.00016116035455276956
22593,18.827813796896617,0.5680902497985496,560,681,1241,0.0,0.0008333472224535399,0.568573730862205,-0.00016116035455276956
22594,18.82864714411907,0.5680902497985496,560,681,1241,0.0,0.0008333472224535399,0.5684125705076523,-0.00016116035455276956
22595,18.829480491341524,0.5680902497985496,560,681,1241,0.0,0.0008333472224535399,0.5683319903303758,-8.058017727639034e-05
22596,18.830313838563978,0.5680902497985496,560,681,1241,0.0,0.0008333472224535399,0.5682514101530994,-8.058017727639034e-05
22597,18.83114718578643,0.5680902497985496,560,681,1241,0.0,0.0008333472224535399,0.5681708299758231,-8.058017727639034e-05
22598,18.831980533008885,0.5680902497985496,560,681,1241,0.0,0.0008333472224535399,0.5680902497985467,-8.058017727639034e-05
22599,18.83281388023134,0.5688960515713135,560,681,1241,0.0008058017727639033,0.0008333472224535399,0.5681708299758231,8.058017727639034e-05
22600,18.833647227453792,0.5688960515713135,560,681,1241,0.0,0.0008333472224535399,0.5682514101530994,8.058017727639034e-05
22601,18.834480574676245,0.5688960515713135,560,681,1241,0.0,0.0008333472224535399,0.5683319903303758,8.058017727639034e-05
22602,18.8353139218987,0.5697018533440773,560,681,1241,0.0008058017727637923,0.0008333472224535399,0.5684931506849286,0.00016116035455276956
22603,18.836147269121152,0.5697018533440773,560,681,1241,0.0,0.0008333472224535399,0.5686543110394814,0.00016116035455276956
22604,18.836980616343606,0.5697018533440773,560,681,1241,0.0,0.0008333472224535399,0.5688154713940341,0.00016116035455276956
22605,18.83781396356606,0.5697018533440773,560,681,1241,0.0,0.0008333472224535399,0.5689766317485869,0.00016116035455276956
22606,18.838647310788513,0.5697018533440773,560,681,1241,0.0,0.0008333472224535399,0.5691377921031398,0.00016116035455276956
22607,18.839480658010967,0.5697018533440773,560,681,1241,0.0,0.0008333472224535399,0.5692989524576925,0.00016116035455276956
22608,18.84031400523342,0.5705076551168412,560,681,1241,0.0008058017727639033,0.0008333472224535399,0.5695406929895216,0.0002417405318291599
22609,18.841147352455874,0.5705076551168412,560,681,1241,0.0,0.0008333472224535399,0.5697018533440744,0.00016116035455276956
22610,18.841980699678327,0.5697018533440773,560,681,1241,-0.0008058017727639033,0.0008333472224535399,0.5697824335213507,8.058017727637922e-05
22611,18.84281404690078,0.5688960515713135,560,681,1241,-0.0008058017727637923,0.0008333472224535399,0.5697824335213507,0.0
22612,18.843647394123238,0.5688960515713135,560,681,1241,0.0,0.0008333472224570926,0.5697018533440743,-8.058017727637922e-05
22613,18.84448074134569,0.5697018533440773,560,681,1241,0.0008058017727637923,0.0008333472224535399,0.5697018533440743,0.0
22614,18.845314088568145,0.5697018533440773,560,681,1241,0.0,0.0008333472224535399,0.5697018533440743,0.0
22615,18.8461474357906,0.5697018533440773,560,681,1241,0.0,0.0008333472224535399,0.5697018533440743,0.0
22616,18.846980783013052,0.5697018533440773,560,681,1241,0.0,0.0008333472224535399,0.5697018533440743,0.0
22617,18.847814130235506,0.5688960515713135,560,681,1241,-0.0008058017727637923,0.0008333472224535399,0.569621273166798,-8.058017727637922e-05
22618,18.84864747745796,0.5688960515713135,560,681,1241,0.0,0.0008333472224535399,0.5694601128122453,-0.00016116035455276956
22619,18.849480824680413,0.5688960515713135,560,681,1241,0.0,0.0008333472224535399,0.5692989524576926,-0.00016116035455276956
22620,18.850314171902866,0.5680902497985496,560,681,1241,-0.0008058017727639033,0.0008333472224535399,0.5691377921031398,-0.00016116035455276956
22621,18.85114751912532,0.5672844480257857,560,681,1241,-0.0008058017727639033,0.0008333472224535399,0.5689766317485871,-0.00016116035455278067
22622,18.851980866347773,0.5672844480257857,560,681,1241,0.0,0.0008333472224535399,0.5688154713940344,-0.00016116035455278067
22623,18.852814213570227,0.5680902497985496,560,681,1241,0.0008058017727639033,0.0008333472224535399,0.5686543110394816,-0.00016116035455276956
22624,18.85364756079268,0.5680902497985496,560,681,1241,0.0,0.0008333472224535399,0.5684931506849289,-0.00016116035455276956
22625,18.854480908015134,0.5672844480257857,560,681,1241,-0.0008058017727639033,0.0008333472224535399,0.5682514101530998,-0.0002417405318291599
22626,18.855314255237587,0.5672844480257857,560,681,1241,0.0,0.0008333472224535399,0.5680096696212705,-0.0002417405318291599
22627,18.85614760246004,0.5672844480257857,560,681,1241,0.0,0.0008333472224535399,0.5678485092667177,-0.00016116035455278067
22628,18.856980949682494,0.5672844480257857,560,681,1241,0.0,0.0008333472224535399,0.567687348912165,-0.00016116035455278067
22629,18.857814296904948,0.5672844480257857,560,681,1241,0.0,0.0008333472224535399,0.5675261885576124,-0.00016116035455278067
22630,18.8586476441274,0.5672844480257857,560,681,1241,0.0,0.0008333472224535399,0.567445608380336,-8.058017727639034e-05
22631,18.859480991349855,0.5672844480257857,560,681,1241,0.0,0.0008333472224535399,0.567445608380336,0.0
22632,18.86031433857231,0.5664786462530218,560,681,1241,-0.0008058017727639033,0.0008333472224535399,0.5673650282030597,-8.058017727639034e-05
22633,18.861147685794766,0.5664786462530218,560,681,1241,0.0,0.0008333472224570926,0.5672038678485068,-0.00016116035455278067
22634,18.86198103301722,0.5664786462530218,560,681,1241,0.0,0.0008333472224535399,0.5670427074939541,-0.00016116035455278067
22635,18.862814380239673,0.5664786462530218,560,681,1241,0.0,0.0008333472224535399,0.5669621273166777,-8.058017727639034e-05
22636,18.863647727462126,0.5664786462530218,560,681,1241,0.0,0.0008333472224535399,0.5668815471394014,-8.058017727639034e-05
22637,18.86448107468458,0.5656728444802579,560,681,1241,-0.0008058017727639033,0.0008333472224535399,0.5667203867848485,-0.00016116035455278067
22638,18.865314421907033,0.5656728444802579,560,681,1241,0.0,0.0008333472224535399,0.5665592264302957,-0.00016116035455278067
22639,18.866147769129487,0.564867042707494,560,681,1241,-0.0008058017727639033,0.0008333472224535399,0.5663174858984664,-0.00024174053182917098
22640,18.86698111635194,0.564867042707494,560,681,1241,0.0,0.0008333472224535399,0.5660757453666372,-0.00024174053182917098
22641,18.867814463574394,0.564867042707494,560,681,1241,0.0,0.0008333472224535399,0.5658340048348081,-0.00024174053182917098
22642,18.868647810796848,0.5656728444802579,560,681,1241,0.0008058017727639033,0.0008333472224535399,0.5657534246575315,-8.058017727639034e-05
22643,18.8694811580193,0.5656728444802579,560,681,1241,0.0,0.0008333472224535399,0.5656728444802552,-8.058017727639034e-05
22644,18.870314505241755,0.5664786462530218,560,681,1241,0.0008058017727639033,0.0008333472224535399,0.5656728444802552,0.0
22645,18.87114785246421,0.5664786462530218,560,681,1241,0.0,0.0008333472224535399,0.5656728444802552,0.0
22646,18.87198119968666,0.5656728444802579,560,681,1241,-0.0008058017727639033,0.0008333472224535399,0.5655922643029789,-8.058017727639034e-05
22647,18.872814546909115,0.5656728444802579,560,681,1241,0.0,0.0008333472224535399,0.5655922643029789,0.0
22648,18.87364789413157,0.564867042707494,560,681,1241,-0.0008058017727639033,0.0008333472224535399,0.5655116841257026,-8.058017727639034e-05
22649,18.874481241354022,0.564867042707494,560,681,1241,0.0,0.0008333472224535399,0.5655116841257026,0.0
22650,18.875314588576476,0.564867042707494,560,681,1241,0.0,0.0008333472224535399,0.5655116841257026,0.0
22651,18.87614793579893,0.564867042707494,560,681,1241,0.0,0.0008333472224535399,0.5655116841257026,0.0
22652,18.876981283021383,0.564867042707494,560,681,1241,0.0,0.0008333472224535399,0.5654311039484263,-8.058017727639034e-05
22653,18.877814630243837,0.5640612409347301,560,681,1241,-0.0008058017727639033,0.0008333472224535399,0.5652699435938736,-0.00016116035455278067
22654,18.878647977466294,0.5640612409347301,560,681,1241,0.0,0.0008333472224570926,0.5650282030620445,-0.00024174053182917098
22655,18.879481324688747,0.5640612409347301,560,681,1241,0.0,0.0008333472224535399,0.5647864625302152,-0.00024174053182917098
22656,18.8803146719112,0.5632554391619662,560,681,1241,-0.0008058017727639033,0.0008333472224535399,0.5645447219983861,-0.00024174053182917098
22657,18.881148019133654,0.5632554391619662,560,681,1241,0.0,0.0008333472224535399,0.5643029814665569,-0.00024174053182917098
22658,18.881981366356108,0.5632554391619662,560,681,1241,0.0,0.0008333472224535399,0.5641418211120042,-0.00016116035455278067
22659,18.88281471357856,0.5632554391619662,560,681,1241,0.0,0.0008333472224535399,0.5639806607574513,-0.00016116035455278067
22660,18.883648060801015,0.5632554391619662,560,681,1241,0.0,0.0008333472224535399,0.5638195004028985,-0.00016116035455278067
22661,18.88448140802347,0.5632554391619662,560,681,1241,0.0,0.0008333472224535399,0.5636583400483458,-0.00016116035455278067
22662,18.885314755245922,0.5632554391619662,560,681,1241,0.0,0.0008333472224535399,0.563497179693793,-0.00016116035455278067
22663,18.886148102468375,0.5640612409347301,560,681,1241,0.0008058017727639033,0.0008333472224535399,0.5634971796937929,0.0
22664,18.88698144969083,0.564867042707494,560,681,1241,0.0008058017727639033,0.0008333472224535399,0.5635777598710693,8.058017727639034e-05
22665,18.887814796913283,0.564867042707494,560,681,1241,0.0,0.0008333472224535399,0.5636583400483456,8.058017727639034e-05
22666,18.888648144135736,0.564867042707494,560,681,1241,0.0,0.0008333472224535399,0.5638195004028984,0.00016116035455278067
22667,18.88948149135819,0.564867042707494,560,681,1241,0.0,0.0008333472224535399,0.5639806607574511,0.00016116035455278067
22668,18.890314838580643,0.564867042707494,560,681,1241,0.0,0.0008333472224535399,0.564141821112004,0.00016116035455278067
22669,18.891148185803097,0.564867042707494,560,681,1241,0.0,0.0008333472224535399,0.5643029814665568,0.00016116035455278067
22670,18.89198153302555,0.564867042707494,560,681,1241,0.0,0.0008333472224535399,0.5644641418211095,0.00016116035455278067
22671,18.892814880248004,0.564867042707494,560,681,1241,0.0,0.0008333472224535399,0.5646253021756623,0.00016116035455278067
22672,18.893648227470457,0.564867042707494,560,681,1241,0.0,0.0008333472224535399,0.564786462530215,0.00016116035455278067
22673,18.89448157469291,0.5640612409347301,560,681,1241,-0.0008058017727639033,0.0008333472224535399,0.564786462530215,0.0
22674,18.895314921915364,0.564867042707494,560,681,1241,0.0008058017727639033,0.0008333472224535399,0.564786462530215,0.0
22675,18.89614826913782,0.564867042707494,560,681,1241,0.0,0.0008333472224570926,0.564786462530215,0.0
22676,18.896981616360275,0.564867042707494,560,681,1241,0.0,0.0008333472224535399,0.564786462530215,0.0
22677,18.89781496358273,0.564867042707494,560,681,1241,0.0,0.0008333472224535399,0.564786462530215,0.0
22678,18.898648310805182,0.5640612409347301,560,681,1241,-0.0008058017727639033,0.0008333472224535399,0.5647058823529386,-8.058017727639034e-05
22679,18.899481658027636,0.5640612409347301,560,681,1241,0.0,0.0008333472224535399,0.5646253021756623,-8.058017727639034e-05
22680,18.90031500525009,0.5640612409347301,560,681,1241,0.0,0.0008333472224535399,0.5645447219983859,-8.058017727639034e-05
22681,18.901148352472543,0.5640612409347301,560,681,1241,0.0,0.0008333472224535399,0.5644641418211096,-8.058017727639034e-05
22682,18.901981699694996,0.5640612409347301,560,681,1241,0.0,0.0008333472224535399,0.5643835616438333,-8.058017727639034e-05
22683,18.90281504691745,0.5640612409347301,560,681,1241,0.0,0.0008333472224535399,0.5643835616438333,0.0
22684,18.903648394139903,0.5640612409347301,560,681,1241,0.0,0.0008333472224535399,0.5643029814665569,-8.058017727639034e-05
22685,18.904481741362357,0.564867042707494,560,681,1241,0.0008058017727639033,0.0008333472224535399,0.5643029814665569,0.0
22686,18.90531508858481,0.564867042707494,560,681,1241,0.0,0.0008333472224535399,0.5643029814665569,0.0
22687,18.906148435807264,0.5632554391619662,560,681,1241,-0.0016116035455278066,0.0008333472224535399,0.5641418211120042,-0.00016116035455278067
22688,18.906981783029718,0.5632554391619662,560,681,1241,0.0,0.0008333472224535399,0.5640612409347276,-8.058017727639034e-05
22689,18.90781513025217,0.5632554391619662,560,681,1241,0.0,0.0008333472224535399,0.5639806607574513,-8.058017727639034e-05
22690,18.908648477474625,0.5632554391619662,560,681,1241,0.0,0.0008333472224535399,0.563900080580175,-8.058017727639034e-05
22691,18.909481824697078,0.5632554391619662,560,681,1241,0.0,0.0008333472224535399,0.5638195004028986,-8.058017727639034e-05
22692,18.91031517191953,0.5632554391619662,560,681,1241,0.0,0.0008333472224535399,0.5637389202256223,-8.058017727639034e-05
22693,18.911148519141985,0.5640612409347301,560,681,1241,0.0008058017727639033,0.0008333472224535399,0.5637389202256223,0.0
22694,18.91198186636444,0.564867042707494,560,681,1241,0.0008058017727639033,0.0008333472224535399,0.5638195004028986,8.058017727639034e-05
22695,18.912815213586892,0.5656728444802579,560,681,1241,0.0008058017727639033,0.0008333472224535399,0.563900080580175,8.058017727639034e-05
22696,18.913648560809346,0.5656728444802579,560,681,1241,0.0,0.0008333472224535399,0.5639806607574513,8.058017727639034e-05
22697,18.914481908031803,0.5656728444802579,560,681,1241,0.0,0.0008333472224570926,0.5642224012892805,0.00024174053182917098
22698,18.915315255254256,0.5664786462530218,560,681,1241,0.0008058017727639033,0.0008333472224535399,0.564544721998386,0.00032232070910556134
22699,18.91614860247671,0.5672844480257857,560,681,1241,0.0008058017727639033,0.0008333472224535399,0.564947622884768,0.00040290088638195165
22700,18.916981949699164,0.5680902497985496,560,681,1241,0.0008058017727639033,0.0008333472224535399,0.5654311039484263,0.00048348106365834196
22701,18.917815296921617,0.5680902497985496,560,681,1241,0.0,0.0008333472224535399,0.5659145850120846,0.00048348106365834196
22702,18.91864864414407,0.5680902497985496,560,681,1241,0.0,0.0008333472224535399,0.566398066075743,0.00048348106365834196
22703,18.919481991366524,0.5680902497985496,560,681,1241,0.0,0.0008333472224535399,0.5668009669621249,0.00040290088638195165
22704,18.920315338588978,0.5680902497985496,560,681,1241,0.0,0.0008333472224535399,0.5671232876712304,0.00032232070910556134
22705,18.92114868581143,0.5680902497985496,560,681,1241,0.0,0.0008333472224535399,0.5673650282030597,0.00024174053182917098
22706,18.921982033033885,0.5680902497985496,560,681,1241,0.0,0.0008333472224535399,0.5676067687348889,0.00024174053182917098
22707,18.92281538025634,0.5680902497985496,560,681,1241,0.0,0.0008333472224535399,0.567848509266718,0.00024174053182917098
22708,18.923648727478792,0.5680902497985496,560,681,1241,0.0,0.0008333472224535399,0.5680096696212709,0.00016116035455278067
22709,18.924482074701245,0.5680902497985496,560,681,1241,0.0,0.0008333472224535399,0.5680902497985473,8.058017727639034e-05
22710,18.9253154219237,0.5672844480257857,560,681,1241,-0.0008058017727639033,0.0008333472224535399,0.568009669621271,-8.058017727639034e-05
22711,18.926148769146153,0.5672844480257857,560,681,1241,0.0,0.0008333472224535399,0.5679290894439946,-8.058017727639034e-05
22712,18.926982116368606,0.5672844480257857,560,681,1241,0.0,0.0008333472224535399,0.5678485092667183,-8.058017727639034e-05
22713,18.92781546359106,0.5680902497985496,560,681,1241,0.0008058017727639033,0.0008333472224535399,0.5678485092667183,0.0
22714,18.928648810813513,0.5672844480257857,560,681,1241,-0.0008058017727639033,0.0008333472224535399,0.567767929089442,-8.058017727639034e-05
22715,18.929482158035967,0.5672844480257857,560,681,1241,0.0,0.0008333472224535399,0.5676873489121655,-8.058017727639034e-05
22716,18.93031550525842,0.5672844480257857,560,681,1241,0.0,0.0008333472224535399,0.5676067687348892,-8.058017727639034e-05
22717,18.931148852480874,0.5672844480257857,560,681,1241,0.0,0.0008333472224535399,0.5675261885576128,-8.058017727639034e-05
22718,18.93198219970333,0.5656728444802579,560,681,1241,-0.0016116035455278066,0.0008333472224570926,0.5672844480257837,-0.00024174053182917098
22719,18.932815546925784,0.5656728444802579,560,681,1241,0.0,0.0008333472224535399,0.5670427074939545,-0.00024174053182917098
22720,18.933648894148238,0.5656728444802579,560,681,1241,0.0,0.0008333472224535399,0.5668815471394015,-0.00016116035455278067
22721,18.93448224137069,0.5656728444802579,560,681,1241,0.0,0.0008333472224535399,0.5667203867848487,-0.00016116035455278067
22722,18.935315588593145,0.5656728444802579,560,681,1241,0.0,0.0008333472224535399,0.5665592264302959,-0.00016116035455278067
22723,18.9361489358156,0.5656728444802579,560,681,1241,0.0,0.0008333472224535399,0.5663174858984666,-0.00024174053182917098
22724,18.936982283038052,0.5656728444802579,560,681,1241,0.0,0.0008333472224535399,0.5661563255439137,-0.00016116035455278067
22725,18.937815630260506,0.5656728444802579,560,681,1241,0.0,0.0008333472224535399,0.5659951651893609,-0.00016116035455278067
22726,18.93864897748296,0.5656728444802579,560,681,1241,0.0,0.0008333472224535399,0.5658340048348081,-0.00016116035455278067
22727,18.939482324705413,0.5656728444802579,560,681,1241,0.0,0.0008333472224535399,0.5656728444802551,-0.00016116035455278067
22728,18.940315671927866,0.5656728444802579,560,681,1241,0.0,0.0008333472224535399,0.5656728444802551,0.0
22729,18.94114901915032,0.5656728444802579,560,681,1241,0.0,0.0008333472224535399,0.5656728444802551,0.0
22730,18.941982366372773,0.5664786462530218,560,681,1241,0.0008058017727639033,0.0008333472224535399,0.5657534246575315,8.058017727639034e-05
22731,18.942815713595227,0.5664786462530218,560,681,1241,0.0,0.0008333472224535399,0.5658340048348078,8.058017727639034e-05
22732,18.94364906081768,0.5672844480257857,560,681,1241,0.0008058017727639033,0.0008333472224535399,0.5659951651893607,0.00016116035455278067
22733,18.944482408040134,0.5672844480257857,560,681,1241,0.0,0.0008333472224535399,0.5661563255439136,0.00016116035455278067
22734,18.945315755262587,0.5672844480257857,560,681,1241,0.0,0.0008333472224535399,0.5663174858984664,0.00016116035455278067
22735,18.94614910248504,0.5672844480257857,560,681,1241,0.0,0.0008333472224535399,0.5664786462530194,0.00016116035455278067
22736,18.946982449707495,0.5664786462530218,560,681,1241,-0.0008058017727639033,0.0008333472224535399,0.5665592264302957,8.058017727639034e-05
22737,18.947815796929948,0.5664786462530218,560,681,1241,0.0,0.0008333472224535399,0.566639806607572,8.058017727639034e-05
22738,18.9486491441524,0.5664786462530218,560,681,1241,0.0,0.0008333472224535399,0.5667203867848484,8.058017727639034e-05
22739,18.94948249137486,0.5664786462530218,560,681,1241,0.0,0.0008333472224570926,0.5668009669621247,8.058017727639034e-05
22740,18.950315838597312,0.5656728444802579,560,681,1241,-0.0008058017727639033,0.0008333472224535399,0.5667203867848483,-8.058017727639034e-05
22741,18.951149185819766,0.5656728444802579,560,681,1241,0.0,0.0008333472224535399,0.566639806607572,-8.058017727639034e-05
22742,18.95198253304222,0.5656728444802579,560,681,1241,0.0,0.0008333472224535399,0.5664786462530191,-0.00016116035455278067
22743,18.952815880264673,0.5664786462530218,560,681,1241,0.0008058017727639033,0.0008333472224535399,0.5663980660757428,-8.058017727639034e-05
22744,18.953649227487126,0.5664786462530218,560,681,1241,0.0,0.0008333472224535399,0.5663174858984664,-8.058017727639034e-05
22745,18.95448257470958,0.5672844480257857,560,681,1241,0.0008058017727639033,0.0008333472224535399,0.5663174858984664,0.0
22746,18.955315921932034,0.5680902497985496,560,681,1241,0.0008058017727639033,0.0008333472224535399,0.5664786462530192,0.00016116035455278067
22747,18.956149269154487,0.5680902497985496,560,681,1241,0.0,0.0008333472224535399,0.566639806607572,0.00016116035455278067
22748,18.95698261637694,0.5680902497985496,560,681,1241,0.0,0.0008333472224535399,0.5668009669621248,0.00016116035455278067
22749,18.957815963599394,0.5680902497985496,560,681,1241,0.0,0.0008333472224535399,0.5669621273166776,0.00016116035455278067
22750,18.958649310821848,0.5680902497985496,560,681,1241,0.0,0.0008333472224535399,0.5672038678485067,0.00024174053182917098
22751,18.9594826580443,0.5672844480257857,560,681,1241,-0.0008058017727639033,0.0008333472224535399,0.5673650282030597,0.00016116035455278067
22752,18.960316005266755,0.5672844480257857,560,681,1241,0.0,0.0008333472224535399,0.5675261885576125,0.00016116035455278067
22753,18.96114935248921,0.5672844480257857,560,681,1241,0.0,0.0008333472224535399,0.5676067687348889,8.058017727639034e-05
22754,18.961982699711662,0.5672844480257857,560,681,1241,0.0,0.0008333472224535399,0.5676873489121653,8.058017727639034e-05
22755,18.962816046934115,0.5672844480257857,560,681,1241,0.0,0.0008333472224535399,0.5676873489121652,0.0
22756,18.96364939415657,0.5672844480257857,560,681,1241,0.0,0.0008333472224535399,0.5676067687348889,-8.058017727639034e-05
22757,18.964482741379022,0.5672844480257857,560,681,1241,0.0,0.0008333472224535399,0.5675261885576125,-8.058017727639034e-05
22758,18.965316088601476,0.5672844480257857,560,681,1241,0.0,0.0008333472224535399,0.5674456083803362,-8.058017727639034e-05
22759,18.96614943582393,0.5672844480257857,560,681,1241,0.0,0.0008333472224535399,0.5673650282030598,-8.058017727639034e-05
22760,18.966982783046387,0.5672844480257857,560,681,1241,0.0,0.0008333472224570926,0.5672844480257835,-8.058017727639034e-05
22761,18.96781613026884,0.5672844480257857,560,681,1241,0.0,0.0008333472224535399,0.5672844480257835,0.0
22762,18.968649477491294,0.5672844480257857,560,681,1241,0.0,0.0008333472224535399,0.5672844480257835,0.0
22763,18.969482824713747,0.5672844480257857,560,681,1241,0.0,0.0008333472224535399,0.5672844480257835,0.0
22764,18.9703161719362,0.5672844480257857,560,681,1241,0.0,0.0008333472224535399,0.5672844480257835,0.0
22765,18.971149519158654,0.5680902497985496,560,681,1241,0.0008058017727639033,0.0008333472224535399,0.5673650282030598,8.058017727639034e-05
22766,18.971982866381108,0.5680902497985496,560,681,1241,0.0,0.0008333472224535399,0.5674456083803362,8.058017727639034e-05
22767,18.97281621360356,0.5680902497985496,560,681,1241,0.0,0.0008333472224535399,0.5675261885576125,8.058017727639034e-05
22768,18.973649560826015,0.5688960515713135,560,681,1241,0.0008058017727639033,0.0008333472224535399,0.5676873489121652,0.00016116035455278067
22769,18.97448290804847,0.5688960515713135,560,681,1241,0.0,0.0008333472224535399,0.5678485092667179,0.00016116035455278067
22770,18.975316255270922,0.5688960515713135,560,681,1241,0.0,0.0008333472224535399,0.5680096696212706,0.00016116035455278067
22771,18.976149602493376,0.5688960515713135,560,681,1241,0.0,0.0008333472224535399,0.5681708299758232,0.00016116035455278067
22772,18.97698294971583,0.5697018533440773,560,681,1241,0.0008058017727637923,0.0008333472224535399,0.5684125705076525,0.0002417405318291599
22773,18.977816296938283,0.5697018533440773,560,681,1241,0.0,0.0008333472224535399,0.5686543110394817,0.0002417405318291599
22774,18.978649644160736,0.5697018533440773,560,681,1241,0.0,0.0008333472224535399,0.568896051571311,0.0002417405318291599
22775,18.97948299138319,0.5697018533440773,560,681,1241,0.0,0.0008333472224535399,0.5690572119258637,0.00016116035455276956
22776,18.980316338605643,0.5688960515713135,560,681,1241,-0.0008058017727637923,0.0008333472224535399,0.5691377921031402,8.058017727639034e-05
22777,18.981149685828097,0.5697018533440773,560,681,1241,0.0008058017727637923,0.0008333472224535399,0.5692989524576929,0.00016116035455276956
22778,18.98198303305055,0.5697018533440773,560,681,1241,0.0,0.0008333472224535399,0.5693795326349693,8.058017727637922e-05
22779,18.982816380273004,0.5705076551168412,560,681,1241,0.0008058017727639033,0.0008333472224535399,0.569540692989522,0.00016116035455276956
22780,18.983649727495457,0.5705076551168412,560,681,1241,0.0,0.0008333472224535399,0.5697018533440747,0.00016116035455276956
22781,18.984483074717915,0.5705076551168412,560,681,1241,0.0,0.0008333472224570926,0.5698630136986275,0.00016116035455276956
22782,18.985316421940368,0.5705076551168412,560,681,1241,0.0,0.0008333472224535399,0.5699435938759038,8.058017727639034e-05
22783,18.98614976916282,0.5705076551168412,560,681,1241,0.0,0.0008333472224535399,0.5700241740531802,8.058017727639034e-05
22784,18.986983116385275,0.5713134568896051,560,681,1241,0.0008058017727639033,0.0008333472224535399,0.5701853344077329,0.00016116035455278067
22785,18.98781646360773,0.5713134568896051,560,681,1241,0.0,0.0008333472224535399,0.5703464947622857,0.00016116035455278067
22786,18.988649810830182,0.572119258662369,560,681,1241,0.0008058017727639033,0.0008333472224535399,0.5706688154713913,0.00032232070910555023
22787,18.989483158052636,0.572119258662369,560,681,1241,0.0,0.0008333472224535399,0.5709105560032204,0.00024174053182917098
22788,18.99031650527509,0.572119258662369,560,681,1241,0.0,0.0008333472224535399,0.5711522965350495,0.00024174053182917098
22789,18.991149852497543,0.572119258662369,560,681,1241,0.0,0.0008333472224535399,0.5713134568896023,0.00016116035455278067
22790,18.991983199719996,0.572119258662369,560,681,1241,0.0,0.0008333472224535399,0.571474617244155,0.00016116035455278067
22791,18.99281654694245,0.572119258662369,560,681,1241,0.0,0.0008333472224535399,0.5716357775987079,0.00016116035455278067
22792,18.993649894164903,0.572119258662369,560,681,1241,0.0,0.0008333472224535399,0.5717969379532606,0.00016116035455278067
22793,18.994483241387357,0.5729250604351329,560,681,1241,0.0008058017727639033,0.0008333472224535399,0.5720386784850898,0.00024174053182917098
22794,18.99531658860981,0.5713134568896051,560,681,1241,-0.0016116035455278066,0.0008333472224535399,0.5720386784850898,0.0
22795,18.996149935832264,0.5713134568896051,560,681,1241,0.0,0.0008333472224535399,0.5720386784850898,0.0
22796,18.996983283054718,0.5713134568896051,560,681,1241,0.0,0.0008333472224535399,0.5719580983078135,-8.058017727639034e-05
22797,18.99781663027717,0.5713134568896051,560,681,1241,0.0,0.0008333472224535399,0.5718775181305371,-8.058017727639034e-05
22798,18.998649977499625,0.5705076551168412,560,681,1241,-0.0008058017727639033,0.0008333472224535399,0.5717163577759844,-0.00016116035455278067
22799,18.99948332472208,0.5705076551168412,560,681,1241,0.0,0.0008333472224535399,0.5715551974214316,-0.00016116035455278067
22800,19.000316671944532,0.5705076551168412,560,681,1241,0.0,0.0008333472224535399,0.5713940370668789,-0.00016116035455278067
22801,19.001150019166985,0.5705076551168412,560,681,1241,0.0,0.0008333472224535399,0.571232876712326,-0.00016116035455278067
22802,19.00198336638944,0.5705076551168412,560,681,1241,0.0,0.0008333472224535399,0.5710717163577732,-0.00016116035455278067
22803,19.002816713611896,0.5705076551168412,560,681,1241,0.0,0.0008333472224570926,0.5708299758259441,-0.00024174053182917098
22804,19.00365006083435,0.5705076551168412,560,681,1241,0.0,0.0008333472224535399,0.5707493956486676,-8.058017727639034e-05
22805,19.004483408056803,0.5697018533440773,560,681,1241,-0.0008058017727639033,0.0008333472224535399,0.5705882352941148,-0.00016116035455278067
22806,19.005316755279257,0.5697018533440773,560,681,1241,0.0,0.0008333472224535399,0.570427074939562,-0.00016116035455278067
22807,19.00615010250171,0.5697018533440773,560,681,1241,0.0,0.0008333472224535399,0.5702659145850093,-0.00016116035455278067
22808,19.006983449724164,0.5697018533440773,560,681,1241,0.0,0.0008333472224535399,0.5701853344077329,-8.058017727639034e-05
22809,19.007816796946617,0.5697018533440773,560,681,1241,0.0,0.0008333472224535399,0.5701047542304566,-8.058017727639034e-05
22810,19.00865014416907,0.5705076551168412,560,681,1241,0.0008058017727639033,0.0008333472224535399,0.5701047542304566,0.0
22811,19.009483491391524,0.5713134568896051,560,681,1241,0.0008058017727639033,0.0008333472224535399,0.570185334407733,8.058017727639034e-05
22812,19.010316838613978,0.572119258662369,560,681,1241,0.0008058017727639033,0.0008333472224535399,0.5703464947622858,0.00016116035455278067
22813,19.01115018583643,0.572119258662369,560,681,1241,0.0,0.0008333472224535399,0.5705076551168385,0.00016116035455278067
22814,19.011983533058885,0.572119258662369,560,681,1241,0.0,0.0008333472224535399,0.5706688154713914,0.00016116035455278067
22815,19.01281688028134,0.572119258662369,560,681,1241,0.0,0.0008333472224535399,0.5709105560032205,0.00024174053182917098
22816,19.013650227503792,0.572119258662369,560,681,1241,0.0,0.0008333472224535399,0.5711522965350496,0.00024174053182917098
22817,19.014483574726246,0.5713134568896051,560,681,1241,-0.0008058017727639033,0.0008333472224535399,0.5713134568896023,0.00016116035455278067
22818,19.0153169219487,0.5713134568896051,560,681,1241,0.0,0.0008333472224535399,0.5714746172441552,0.00016116035455278067
22819,19.016150269171153,0.5705076551168412,560,681,1241,-0.0008058017727639033,0.0008333472224535399,0.5715551974214315,8.058017727639034e-05
22820,19.016983616393606,0.5705076551168412,560,681,1241,0.0,0.0008333472224535399,0.5715551974214315,0.0
22821,19.01781696361606,0.5705076551168412,560,681,1241,0.0,0.0008333472224535399,0.571474617244155,-8.058017727639034e-05
22822,19.018650310838513,0.5705076551168412,560,681,1241,0.0,0.0008333472224535399,0.5713134568896023,-0.00016116035455278067
22823,19.019483658060967,0.5697018533440773,560,681,1241,-0.0008058017727639033,0.0008333472224535399,0.5710717163577732,-0.00024174053182917098
22824,19.020317005283424,0.5697018533440773,560,681,1241,0.0,0.0008333472224570926,0.5708299758259441,-0.00024174053182917098
22825,19.021150352505877,0.5697018533440773,560,681,1241,0.0,0.0008333472224535399,0.570588235294115,-0.00024174053182917098
22826,19.02198369972833,0.5697018533440773,560,681,1241,0.0,0.0008333472224535399,0.5703464947622858,-0.00024174053182917098
22827,19.022817046950784,0.5697018533440773,560,681,1241,0.0,0.0008333472224535399,0.570185334407733,-0.00016116035455278067
22828,19.023650394173238,0.5697018533440773,560,681,1241,0.0,0.0008333472224535399,0.5700241740531802,-0.00016116035455278067
22829,19.02448374139569,0.5697018533440773,560,681,1241,0.0,0.0008333472224535399,0.5699435938759039,-8.058017727639034e-05
22830,19.025317088618145,0.5697018533440773,560,681,1241,0.0,0.0008333472224535399,0.5698630136986276,-8.058017727639034e-05
22831,19.0261504358406,0.5705076551168412,560,681,1241,0.0008058017727639033,0.0008333472224535399,0.5698630136986276,0.0
22832,19.026983783063052,0.5705076551168412,560,681,1241,0.0,0.0008333472224535399,0.5698630136986276,0.0
22833,19.027817130285506,0.5697018533440773,560,681,1241,-0.0008058017727639033,0.0008333472224535399,0.5698630136986276,0.0
22834,19.02865047750796,0.5697018533440773,560,681,1241,0.0,0.0008333472224535399,0.5698630136986276,0.0
22835,19.029483824730413,0.5697018533440773,560,681,1241,0.0,0.0008333472224535399,0.5698630136986276,0.0
22836,19.030317171952866,0.5705076551168412,560,681,1241,0.0008058017727639033,0.0008333472224535399,0.5699435938759039,8.058017727639034e-05
22837,19.03115051917532,0.5705076551168412,560,681,1241,0.0,0.0008333472224535399,0.5700241740531802,8.058017727639034e-05
22838,19.031983866397773,0.5705076551168412,560,681,1241,0.0,0.0008333472224535399,0.5701047542304566,8.058017727639034e-05
22839,19.032817213620227,0.572119258662369,560,681,1241,0.0016116035455278066,0.0008333472224535399,0.5703464947622857,0.00024174053182917098
22840,19.03365056084268,0.572119258662369,560,681,1241,0.0,0.0008333472224535399,0.5705882352941148,0.00024174053182917098
22841,19.034483908065134,0.572119258662369,560,681,1241,0.0,0.0008333472224535399,0.5707493956486676,0.00016116035455278067
22842,19.035317255287588,0.572119258662369,560,681,1241,0.0,0.0008333472224535399,0.5709105560032204,0.00016116035455278067
22843,19.03615060251004,0.572119258662369,560,681,1241,0.0,0.0008333472224535399,0.5711522965350495,0.00024174053182917098
22844,19.036983949732495,0.572119258662369,560,681,1241,0.0,0.0008333472224535399,0.5713940370668786,0.00024174053182917098
22845,19.03781729695495,0.5729250604351329,560,681,1241,0.0008058017727639033,0.0008333472224570926,0.5717163577759842,0.00032232070910556134
22846,19.038650644177405,0.5729250604351329,560,681,1241,0.0,0.0008333472224535399,0.5719580983078134,0.00024174053182917098
22847,19.03948399139986,0.5737308622078968,560,681,1241,0.0008058017727639033,0.0008333472224535399,0.572280419016919,0.00032232070910556134
22848,19.040317338622312,0.5745366639806607,560,681,1241,0.0008058017727639033,0.0008333472224535399,0.572683319903301,0.00040290088638195165
22849,19.041150685844766,0.5745366639806607,560,681,1241,0.0,0.0008333472224535399,0.5729250604351301,0.00024174053182917098
22850,19.04198403306722,0.5753424657534246,560,681,1241,0.0008058017727639033,0.0008333472224535399,0.5732473811442358,0.00032232070910556134
22851,19.042817380289673,0.5753424657534246,560,681,1241,0.0,0.0008333472224535399,0.5735697018533413,0.00032232070910556134
22852,19.043650727512127,0.5745366639806607,560,681,1241,-0.0008058017727639033,0.0008333472224535399,0.5738114423851706,0.00024174053182917098
22853,19.04448407473458,0.5737308622078968,560,681,1241,-0.0008058017727639033,0.0008333472224535399,0.5739726027397233,0.00016116035455278067
22854,19.045317421957034,0.5737308622078968,560,681,1241,0.0,0.0008333472224535399,0.5741337630942761,0.00016116035455278067
22855,19.046150769179487,0.5737308622078968,560,681,1241,0.0,0.0008333472224535399,0.5742143432715524,8.058017727639034e-05
22856,19.04698411640194,0.5737308622078968,560,681,1241,0.0,0.0008333472224535399,0.5742949234488288,8.058017727639034e-05
22857,19.047817463624394,0.5737308622078968,560,681,1241,0.0,0.0008333472224535399,0.5742949234488288,0.0
22858,19.048650810846848,0.5737308622078968,560,681,1241,0.0,0.0008333472224535399,0.5742143432715523,-8.058017727639034e-05
22859,19.0494841580693,0.5737308622078968,560,681,1241,0.0,0.0008333472224535399,0.5741337630942759,-8.058017727639034e-05
22860,19.050317505291755,0.5737308622078968,560,681,1241,0.0,0.0008333472224535399,0.5739726027397232,-0.00016116035455278067
22861,19.05115085251421,0.5737308622078968,560,681,1241,0.0,0.0008333472224535399,0.5738114423851703,-0.00016116035455278067
22862,19.051984199736662,0.5729250604351329,560,681,1241,-0.0008058017727639033,0.0008333472224535399,0.5736502820306175,-0.00016116035455278067
22863,19.052817546959115,0.5729250604351329,560,681,1241,0.0,0.0008333472224535399,0.5735697018533412,-8.058017727639034e-05
22864,19.05365089418157,0.5729250604351329,560,681,1241,0.0,0.0008333472224535399,0.5734891216760649,-8.058017727639034e-05
22865,19.054484241404023,0.5737308622078968,560,681,1241,0.0008058017727639033,0.0008333472224535399,0.5734891216760649,0.0
22866,19.05531758862648,0.5737308622078968,560,681,1241,0.0,0.0008333472224570926,0.5734891216760649,0.0
22867,19.056150935848933,0.5737308622078968,560,681,1241,0.0,0.0008333472224535399,0.5734891216760649,0.0
22868,19.056984283071387,0.5737308622078968,560,681,1241,0.0,0.0008333472224535399,0.5734891216760649,0.0
22869,19.05781763029384,0.5737308622078968,560,681,1241,0.0,0.0008333472224535399,0.5734891216760649,0.0
22870,19.058650977516294,0.5737308622078968,560,681,1241,0.0,0.0008333472224535399,0.5734891216760649,0.0
22871,19.059484324738747,0.5737308622078968,560,681,1241,0.0,0.0008333472224535399,0.5734891216760649,0.0
22872,19.0603176719612,0.5737308622078968,560,681,1241,0.0,0.0008333472224535399,0.5735697018533412,8.058017727639034e-05
22873,19.061151019183654,0.5729250604351329,560,681,1241,-0.0008058017727639033,0.0008333472224535399,0.5735697018533412,0.0
22874,19.061984366406108,0.5729250604351329,560,681,1241,0.0,0.0008333472224535399,0.5735697018533412,0.0
22875,19.06281771362856,0.572119258662369,560,681,1241,-0.0008058017727639033,0.0008333472224535399,0.5734085414987884,-0.00016116035455278067
22876,19.063651060851015,0.5713134568896051,560,681,1241,-0.0008058017727639033,0.0008333472224535399,0.5731668009669593,-0.00024174053182917098
22877,19.06448440807347,0.5713134568896051,560,681,1241,0.0,0.0008333472224535399,0.5729250604351301,-0.00024174053182917098
22878,19.065317755295922,0.5713134568896051,560,681,1241,0.0,0.0008333472224535399,0.572683319903301,-0.00024174053182917098
22879,19.066151102518376,0.5705076551168412,560,681,1241,-0.0008058017727639033,0.0008333472224535399,0.5723609991941955,-0.00032232070910556134
22880,19.06698444974083,0.5705076551168412,560,681,1241,0.0,0.0008333472224535399,0.5720386784850899,-0.00032232070910556134
22881,19.067817796963283,0.5705076551168412,560,681,1241,0.0,0.0008333472224535399,0.5717163577759844,-0.00032232070910556134
22882,19.068651144185736,0.5713134568896051,560,681,1241,0.0008058017727639033,0.0008333472224535399,0.5714746172441553,-0.00024174053182917098
22883,19.06948449140819,0.5713134568896051,560,681,1241,0.0,0.0008333472224535399,0.5713134568896024,-0.00016116035455278067
22884,19.070317838630643,0.5713134568896051,560,681,1241,0.0,0.0008333472224535399,0.5711522965350497,-0.00016116035455278067
22885,19.071151185853097,0.5705076551168412,560,681,1241,-0.0008058017727639033,0.0008333472224535399,0.5709911361804969,-0.00016116035455278067
22886,19.07198453307555,0.5705076551168412,560,681,1241,0.0,0.0008333472224535399,0.5709105560032205,-8.058017727639034e-05
22887,19.072817880298008,0.5713134568896051,560,681,1241,0.0008058017727639033,0.0008333472224570926,0.5709105560032205,0.0
22888,19.07365122752046,0.572119258662369,560,681,1241,0.0008058017727639033,0.0008333472224535399,0.5709911361804968,8.058017727639034e-05
22889,19.074484574742915,0.572119258662369,560,681,1241,0.0,0.0008333472224535399,0.5711522965350496,0.00016116035455278067
22890,19.075317921965368,0.572119258662369,560,681,1241,0.0,0.0008333472224535399,0.5713134568896023,0.00016116035455278067
22891,19.07615126918782,0.572119258662369,560,681,1241,0.0,0.0008333472224535399,0.5714746172441552,0.00016116035455278067
22892,19.076984616410275,0.572119258662369,560,681,1241,0.0,0.0008333472224535399,0.5715551974214315,8.058017727639034e-05
22893,19.07781796363273,0.572119258662369,560,681,1241,0.0,0.0008333472224535399,0.5716357775987079,8.058017727639034e-05
22894,19.078651310855182,0.572119258662369,560,681,1241,0.0,0.0008333472224535399,0.5717163577759842,8.058017727639034e-05
22895,19.079484658077636,0.572119258662369,560,681,1241,0.0,0.0008333472224535399,0.571877518130537,0.00016116035455278067
22896,19.08031800530009,0.572119258662369,560,681,1241,0.0,0.0008333472224535399,0.5720386784850897,0.00016116035455278067
22897,19.081151352522543,0.572119258662369,560,681,1241,0.0,0.0008333472224535399,0.5721192586623661,8.058017727639034e-05
22898,19.081984699744996,0.5729250604351329,560,681,1241,0.0008058017727639033,0.0008333472224535399,0.5721998388396425,8.058017727639034e-05
22899,19.08281804696745,0.5729250604351329,560,681,1241,0.0,0.0008333472224535399,0.572280419016919,8.058017727639034e-05
22900,19.083651394189904,0.5737308622078968,560,681,1241,0.0008058017727639033,0.0008333472224535399,0.5724415793714718,0.00016116035455278067
22901,19.084484741412357,0.5737308622078968,560,681,1241,0.0,0.0008333472224535399,0.5726027397260245,0.00016116035455278067
22902,19.08531808863481,0.5729250604351329,560,681,1241,-0.0008058017727639033,0.0008333472224535399,0.572683319903301,8.058017727639034e-05
22903,19.086151435857264,0.5737308622078968,560,681,1241,0.0008058017727639033,0.0008333472224535399,0.5728444802578537,0.00016116035455278067
22904,19.086984783079718,0.5737308622078968,560,681,1241,0.0,0.0008333472224535399,0.5730056406124066,0.00016116035455278067
22905,19.08781813030217,0.5745366639806607,560,681,1241,0.0008058017727639033,0.0008333472224535399,0.5732473811442358,0.00024174053182917098
22906,19.088651477524625,0.5737308622078968,560,681,1241,-0.0008058017727639033,0.0008333472224535399,0.5734085414987885,0.00016116035455278067
22907,19.08948482474708,0.5737308622078968,560,681,1241,0.0,0.0008333472224535399,0.5735697018533413,0.00016116035455278067
22908,19.090318171969535,0.5737308622078968,560,681,1241,0.0,0.0008333472224570926,0.5736502820306176,8.058017727639034e-05
22909,19.09115151919199,0.5737308622078968,560,681,1241,0.0,0.0008333472224535399,0.573730862207894,8.058017727639034e-05
22910,19.091984866414442,0.572119258662369,560,681,1241,-0.0016116035455278066,0.0008333472224535399,0.5735697018533412,-0.00016116035455278067
22911,19.092818213636896,0.572119258662369,560,681,1241,0.0,0.0008333472224535399,0.5734085414987884,-0.00016116035455278067
22912,19.09365156085935,0.572119258662369,560,681,1241,0.0,0.0008333472224535399,0.573327961321512,-8.058017727639034e-05
22913,19.094484908081803,0.572119258662369,560,681,1241,0.0,0.0008333472224535399,0.5731668009669593,-0.00016116035455278067
22914,19.095318255304257,0.572119258662369,560,681,1241,0.0,0.0008333472224535399,0.5730056406124064,-0.00016116035455278067
22915,19.09615160252671,0.572119258662369,560,681,1241,0.0,0.0008333472224535399,0.5727639000805772,-0.00024174053182917098
22916,19.096984949749164,0.5729250604351329,560,681,1241,0.0008058017727639033,0.0008333472224535399,0.5726833199033009,-8.058017727639034e-05
22917,19.097818296971617,0.5729250604351329,560,681,1241,0.0,0.0008333472224535399,0.5726027397260245,-8.058017727639034e-05
22918,19.09865164419407,0.5737308622078968,560,681,1241,0.0008058017727639033,0.0008333472224535399,0.5726027397260245,0.0
22919,19.099484991416524,0.5737308622078968,560,681,1241,0.0,0.0008333472224535399,0.5726027397260245,0.0
22920,19.100318338638978,0.5745366639806607,560,681,1241,0.0008058017727639033,0.0008333472224535399,0.5728444802578537,0.00024174053182917098
22921,19.10115168586143,0.5745366639806607,560,681,1241,0.0,0.0008333472224535399,0.573086220789683,0.00024174053182917098
22922,19.101985033083885,0.5753424657534246,560,681,1241,0.0008058017727639033,0.0008333472224535399,0.5734085414987885,0.00032232070910556134
22923,19.10281838030634,0.5753424657534246,560,681,1241,0.0,0.0008333472224535399,0.573730862207894,0.00032232070910556134
22924,19.103651727528792,0.5745366639806607,560,681,1241,-0.0008058017727639033,0.0008333472224535399,0.5739726027397233,0.00024174053182917098
22925,19.104485074751246,0.5745366639806607,560,681,1241,0.0,0.0008333472224535399,0.5742143432715525,0.00024174053182917098
22926,19.1053184219737,0.5753424657534246,560,681,1241,0.0008058017727639033,0.0008333472224535399,0.5744560838033816,0.00024174053182917098
22927,19.106151769196153,0.5745366639806607,560,681,1241,-0.0008058017727639033,0.0008333472224535399,0.5746172441579345,0.00016116035455278067
22928,19.106985116418606,0.5745366639806607,560,681,1241,0.0,0.0008333472224535399,0.5746978243352109,8.058017727639034e-05
22929,19.10781846364106,0.5745366639806607,560,681,1241,0.0,0.0008333472224535399,0.5747784045124873,8.058017727639034e-05
22930,19.108651810863517,0.5745366639806607,560,681,1241,0.0,0.0008333472224570926,0.5747784045124873,0.0
22931,19.10948515808597,0.5737308622078968,560,681,1241,-0.0008058017727639033,0.0008333472224535399,0.5746978243352109,-8.058017727639034e-05
22932,19.110318505308424,0.5745366639806607,560,681,1241,0.0008058017727639033,0.0008333472224535399,0.5746172441579345,-8.058017727639034e-05
22933,19.111151852530877,0.5745366639806607,560,681,1241,0.0,0.0008333472224535399,0.5745366639806582,-8.058017727639034e-05
22934,19.11198519975333,0.5745366639806607,560,681,1241,0.0,0.0008333472224535399,0.5745366639806582,0.0
22935,19.112818546975785,0.5745366639806607,560,681,1241,0.0,0.0008333472224535399,0.5745366639806582,0.0
22936,19.113651894198238,0.5737308622078968,560,681,1241,-0.0008058017727639033,0.0008333472224535399,0.5743755036261053,-0.00016116035455278067
22937,19.11448524142069,0.5745366639806607,560,681,1241,0.0008058017727639033,0.0008333472224535399,0.5743755036261053,0.0
22938,19.115318588643145,0.5753424657534246,560,681,1241,0.0008058017727639033,0.0008333472224535399,0.5744560838033818,8.058017727639034e-05
22939,19.1161519358656,0.5753424657534246,560,681,1241,0.0,0.0008333472224535399,0.5745366639806581,8.058017727639034e-05
22940,19.116985283088052,0.5761482675261885,560,681,1241,0.0008058017727639033,0.0008333472224535399,0.5746978243352109,0.00016116035455278067
22941,19.117818630310506,0.5761482675261885,560,681,1241,0.0,0.0008333472224535399,0.5749395648670401,0.00024174053182917098
22942,19.11865197753296,0.5761482675261885,560,681,1241,0.0,0.0008333472224535399,0.5751007252215928,0.00016116035455278067
22943,19.119485324755413,0.5761482675261885,560,681,1241,0.0,0.0008333472224535399,0.5752618855761457,0.00016116035455278067
22944,19.120318671977866,0.5761482675261885,560,681,1241,0.0,0.0008333472224535399,0.5754230459306984,0.00016116035455278067
22945,19.12115201920032,0.5753424657534246,560,681,1241,-0.0008058017727639033,0.0008333472224535399,0.5755036261079748,8.058017727639034e-05
22946,19.121985366422773,0.5745366639806607,560,681,1241,-0.0008058017727639033,0.0008333472224535399,0.5755842062852512,8.058017727639034e-05
22947,19.122818713645227,0.5745366639806607,560,681,1241,0.0,0.0008333472224535399,0.5755842062852512,0.0
22948,19.12365206086768,0.5745366639806607,560,681,1241,0.0,0.0008333472224535399,0.5755036261079749,-8.058017727639034e-05
22949,19.124485408090134,0.5745366639806607,560,681,1241,0.0,0.0008333472224535399,0.5754230459306985,-8.058017727639034e-05
22950,19.125318755312588,0.5745366639806607,560,681,1241,0.0,0.0008333472224535399,0.5752618855761458,-0.00016116035455278067
22951,19.126152102535045,0.5753424657534246,560,681,1241,0.0008058017727639033,0.0008333472224570926,0.5751813053988692,-8.058017727639034e-05
22952,19.1269854497575,0.5753424657534246,560,681,1241,0.0,0.0008333472224535399,0.5751007252215928,-8.058017727639034e-05
22953,19.127818796979952,0.5753424657534246,560,681,1241,0.0,0.0008333472224535399,0.5750201450443164,-8.058017727639034e-05
22954,19.128652144202405,0.5753424657534246,560,681,1241,0.0,0.0008333472224535399,0.57493956486704,-8.058017727639034e-05
22955,19.12948549142486,0.5753424657534246,560,681,1241,0.0,0.0008333472224535399,0.57493956486704,0.0
22956,19.130318838647312,0.5753424657534246,560,681,1241,0.0,0.0008333472224535399,0.5750201450443163,8.058017727639034e-05
22957,19.131152185869766,0.5745366639806607,560,681,1241,-0.0008058017727639033,0.0008333472224535399,0.5750201450443163,0.0
22958,19.13198553309222,0.5737308622078968,560,681,1241,-0.0008058017727639033,0.0008333472224535399,0.5749395648670399,-8.058017727639034e-05
22959,19.132818880314673,0.5737308622078968,560,681,1241,0.0,0.0008333472224535399,0.5748589846897635,-8.058017727639034e-05
22960,19.133652227537127,0.5737308622078968,560,681,1241,0.0,0.0008333472224535399,0.5747784045124871,-8.058017727639034e-05
22961,19.13448557475958,0.5737308622078968,560,681,1241,0.0,0.0008333472224535399,0.5746172441579342,-0.00016116035455278067
22962,19.135318921982034,0.5737308622078968,560,681,1241,0.0,0.0008333472224535399,0.5744560838033814,-0.00016116035455278067
22963,19.136152269204487,0.5737308622078968,560,681,1241,0.0,0.0008333472224535399,0.5742949234488287,-0.00016116035455278067
22964,19.13698561642694,0.5737308622078968,560,681,1241,0.0,0.0008333472224535399,0.5741337630942759,-0.00016116035455278067
22965,19.137818963649394,0.5745366639806607,560,681,1241,0.0008058017727639033,0.0008333472224535399,0.5740531829169996,-8.058017727639034e-05
22966,19.138652310871848,0.5745366639806607,560,681,1241,0.0,0.0008333472224535399,0.5739726027397232,-8.058017727639034e-05
22967,19.1394856580943,0.5745366639806607,560,681,1241,0.0,0.0008333472224535399,0.5739726027397232,0.0
22968,19.140319005316755,0.5745366639806607,560,681,1241,0.0,0.0008333472224535399,0.5740531829169997,8.058017727639034e-05
22969,19.14115235253921,0.5745366639806607,560,681,1241,0.0,0.0008333472224535399,0.5741337630942761,8.058017727639034e-05
22970,19.141985699761662,0.5737308622078968,560,681,1241,-0.0008058017727639033,0.0008333472224535399,0.5741337630942761,0.0
22971,19.142819046984116,0.5745366639806607,560,681,1241,0.0008058017727639033,0.0008333472224535399,0.5742143432715525,8.058017727639034e-05
22972,19.143652394206573,0.5745366639806607,560,681,1241,0.0,0.0008333472224570926,0.5742949234488289,8.058017727639034e-05
22973,19.144485741429026,0.5745366639806607,560,681,1241,0.0,0.0008333472224535399,0.5743755036261053,8.058017727639034e-05
22974,19.14531908865148,0.5745366639806607,560,681,1241,0.0,0.0008333472224535399,0.5744560838033819,8.058017727639034e-05
22975,19.146152435873933,0.5745366639806607,560,681,1241,0.0,0.0008333472224535399,0.5744560838033819,0.0
22976,19.146985783096387,0.5745366639806607,560,681,1241,0.0,0.0008333472224535399,0.5744560838033819,0.0
22977,19.14781913031884,0.5745366639806607,560,681,1241,0.0,0.0008333472224535399,0.5744560838033819,0.0
22978,19.148652477541294,0.5753424657534246,560,681,1241,0.0008058017727639033,0.0008333472224535399,0.5745366639806582,8.058017727639034e-05
22979,19.149485824763747,0.5753424657534246,560,681,1241,0.0,0.0008333472224535399,0.5746172441579345,8.058017727639034e-05
22980,19.1503191719862,0.5753424657534246,560,681,1241,0.0,0.0008333472224535399,0.5747784045124873,0.00016116035455278067
22981,19.151152519208654,0.5753424657534246,560,681,1241,0.0,0.0008333472224535399,0.5748589846897636,8.058017727639034e-05
22982,19.151985866431108,0.5769540692989524,560,681,1241,0.0016116035455278066,0.0008333472224535399,0.5751007252215927,0.00024174053182917098
22983,19.15281921365356,0.5769540692989524,560,681,1241,0.0,0.0008333472224535399,0.5753424657534219,0.00024174053182917098
22984,19.153652560876015,0.5769540692989524,560,681,1241,0.0,0.0008333472224535399,0.575584206285251,0.00024174053182917098
22985,19.15448590809847,0.5769540692989524,560,681,1241,0.0,0.0008333472224535399,0.5758259468170801,0.00024174053182917098
22986,19.155319255320922,0.5769540692989524,560,681,1241,0.0,0.0008333472224535399,0.5760676873489092,0.00024174053182917098
22987,19.156152602543376,0.5769540692989524,560,681,1241,0.0,0.0008333472224535399,0.5763094278807384,0.00024174053182917098
22988,19.15698594976583,0.5769540692989524,560,681,1241,0.0,0.0008333472224535399,0.5764705882352912,0.00016116035455278067
22989,19.157819296988283,0.5769540692989524,560,681,1241,0.0,0.0008333472224535399,0.576631748589844,0.00016116035455278067
22990,19.158652644210736,0.5769540692989524,560,681,1241,0.0,0.0008333472224535399,0.5767929089443967,0.00016116035455278067
22991,19.15948599143319,0.5769540692989524,560,681,1241,0.0,0.0008333472224535399,0.5769540692989495,0.00016116035455278067
22992,19.160319338655643,0.5761482675261885,560,681,1241,-0.0008058017727639033,0.0008333472224535399,0.5768734891216731,-8.058017727639034e-05
22993,19.1611526858781,0.5761482675261885,560,681,1241,0.0,0.0008333472224570926,0.5767929089443968,-8.058017727639034e-05
22994,19.161986033100554,0.5769540692989524,560,681,1241,0.0008058017727639033,0.0008333472224535399,0.5767929089443968,0.0
22995,19.162819380323008,0.5777598710717163,560,681,1241,0.0008058017727639033,0.0008333472224535399,0.5768734891216732,8.058017727639034e-05
22996,19.16365272754546,0.5777598710717163,560,681,1241,0.0,0.0008333472224535399,0.5769540692989497,8.058017727639034e-05
22997,19.164486074767915,0.5777598710717163,560,681,1241,0.0,0.0008333472224535399,0.5770346494762262,8.058017727639034e-05
22998,19.165319421990368,0.5785656728444802,560,681,1241,0.0008058017727639033,0.0008333472224535399,0.5771958098307789,0.00016116035455278067
22999,19.16615276921282,0.5793714746172441,560,681,1241,0.0008058017727639033,0.0008333472224535399,0.5774375503626081,0.00024174053182917098
23000,19.166986116435275,0.5785656728444802,560,681,1241,-0.0008058017727639033,0.0008333472224535399,0.577598710717161,0.00016116035455278067
23001,19.16781946365773,0.5785656728444802,560,681,1241,0.0,0.0008333472224535399,0.5777598710717137,0.00016116035455278067
23002,19.168652810880182,0.5785656728444802,560,681,1241,0.0,0.0008333472224535399,0.5780016116035428,0.00024174053182917098
23003,19.169486158102636,0.5785656728444802,560,681,1241,0.0,0.0008333472224535399,0.5782433521353719,0.00024174053182917098
23004,19.17031950532509,0.5785656728444802,560,681,1241,0.0,0.0008333472224535399,0.5784045124899247,0.00016116035455278067
23005,19.171152852547543,0.5793714746172441,560,681,1241,0.0008058017727639033,0.0008333472224535399,0.5785656728444775,0.00016116035455278067
23006,19.171986199769997,0.5793714746172441,560,681,1241,0.0,0.0008333472224535399,0.5787268331990303,0.00016116035455278067
23007,19.17281954699245,0.5785656728444802,560,681,1241,-0.0008058017727639033,0.0008333472224535399,0.5788074133763066,8.058017727639034e-05
23008,19.173652894214904,0.5785656728444802,560,681,1241,0.0,0.0008333472224535399,0.5788074133763066,0.0
23009,19.174486241437357,0.580177276390008,560,681,1241,0.0016116035455278066,0.0008333472224535399,0.578887993553583,8.058017727639034e-05
23010,19.17531958865981,0.580177276390008,560,681,1241,0.0,0.0008333472224535399,0.5790491539081357,0.00016116035455278067
23011,19.176152935882264,0.580177276390008,560,681,1241,0.0,0.0008333472224535399,0.5792103142626885,0.00016116035455278067
23012,19.176986283104718,0.5793714746172441,560,681,1241,-0.0008058017727639033,0.0008333472224535399,0.579290894439965,8.058017727639034e-05
23013,19.17781963032717,0.5793714746172441,560,681,1241,0.0,0.0008333472224535399,0.5793714746172414,8.058017727639034e-05
23014,19.17865297754963,0.5785656728444802,560,681,1241,-0.0008058017727639033,0.0008333472224570926,0.5793714746172414,0.0
23015,19.179486324772082,0.5769540692989524,560,681,1241,-0.0016116035455278066,0.0008333472224535399,0.5791297340854122,-0.00024174053182917098
23016,19.180319671994535,0.5769540692989524,560,681,1241,0.0,0.0008333472224535399,0.578887993553583,-0.00024174053182917098
23017,19.18115301921699,0.5769540692989524,560,681,1241,0.0,0.0008333472224535399,0.5787268331990302,-0.00016116035455278067
23018,19.181986366439443,0.5761482675261885,560,681,1241,-0.0008058017727639033,0.0008333472224535399,0.578485092667201,-0.00024174053182917098
23019,19.182819713661896,0.5769540692989524,560,681,1241,0.0008058017727639033,0.0008333472224535399,0.5781627719580955,-0.00032232070910556134
23020,19.18365306088435,0.5769540692989524,560,681,1241,0.0,0.0008333472224535399,0.57784045124899,-0.00032232070910556134
23021,19.184486408106803,0.5777598710717163,560,681,1241,0.0008058017727639033,0.0008333472224535399,0.5775987107171608,-0.00024174053182917098
23022,19.185319755329257,0.5777598710717163,560,681,1241,0.0,0.0008333472224535399,0.577437550362608,-0.00016116035455278067
23023,19.18615310255171,0.5777598710717163,560,681,1241,0.0,0.0008333472224535399,0.5772763900080553,-0.00016116035455278067
23024,19.186986449774164,0.5769540692989524,560,681,1241,-0.0008058017727639033,0.0008333472224535399,0.5771152296535025,-0.00016116035455278067
23025,19.187819796996617,0.5769540692989524,560,681,1241,0.0,0.0008333472224535399,0.5771152296535025,0.0
23026,19.18865314421907,0.5769540692989524,560,681,1241,0.0,0.0008333472224535399,0.5771152296535025,0.0
23027,19.189486491441524,0.5761482675261885,560,681,1241,-0.0008058017727639033,0.0008333472224535399,0.5770346494762262,-8.058017727639034e-05
23028,19.190319838663978,0.5761482675261885,560,681,1241,0.0,0.0008333472224535399,0.5770346494762262,0.0
23029,19.19115318588643,0.5761482675261885,560,681,1241,0.0,0.0008333472224535399,0.5769540692989498,-8.058017727639034e-05
23030,19.191986533108885,0.5761482675261885,560,681,1241,0.0,0.0008333472224535399,0.5768734891216735,-8.058017727639034e-05
23031,19.19281988033134,0.5753424657534246,560,681,1241,-0.0008058017727639033,0.0008333472224535399,0.5766317485898442,-0.00024174053182917098
23032,19.193653227553792,0.5745366639806607,560,681,1241,-0.0008058017727639033,0.0008333472224535399,0.5763094278807387,-0.00032232070910556134
23033,19.194486574776246,0.5745366639806607,560,681,1241,0.0,0.0008333472224535399,0.5759871071716332,-0.00032232070910556134
23034,19.1953199219987,0.5745366639806607,560,681,1241,0.0,0.0008333472224535399,0.575745366639804,-0.00024174053182917098
23035,19.196153269221153,0.5745366639806607,560,681,1241,0.0,0.0008333472224535399,0.5755036261079749,-0.00024174053182917098
23036,19.19698661644361,0.5745366639806607,560,681,1241,0.0,0.0008333472224570926,0.5752618855761458,-0.00024174053182917098
23037,19.197819963666063,0.5753424657534246,560,681,1241,0.0008058017727639033,0.0008333472224535399,0.5751813053988692,-8.058017727639034e-05
23038,19.198653310888517,0.5753424657534246,560,681,1241,0.0,0.0008333472224535399,0.5751007252215928,-8.058017727639034e-05
23039,19.19948665811097,0.5745366639806607,560,681,1241,-0.0008058017727639033,0.0008333472224535399,0.5749395648670401,-0.00016116035455278067
23040,19.200320005333424,0.5737308622078968,560,681,1241,-0.0008058017727639033,0.0008333472224535399,0.5746978243352109,-0.00024174053182917098
23041,19.201153352555878,0.5737308622078968,560,681,1241,0.0,0.0008333472224535399,0.5745366639806581,-0.00016116035455278067
23042,19.20198669977833,0.5737308622078968,560,681,1241,0.0,0.0008333472224535399,0.5744560838033816,-8.058017727639034e-05
23043,19.202820047000785,0.5737308622078968,560,681,1241,0.0,0.0008333472224535399,0.5743755036261052,-8.058017727639034e-05
23044,19.203653394223238,0.5737308622078968,560,681,1241,0.0,0.0008333472224535399,0.5742949234488288,-8.058017727639034e-05
23045,19.20448674144569,0.5737308622078968,560,681,1241,0.0,0.0008333472224535399,0.5742143432715523,-8.058017727639034e-05
23046,19.205320088668145,0.5737308622078968,560,681,1241,0.0,0.0008333472224535399,0.5741337630942759,-8.058017727639034e-05
23047,19.2061534358906,0.5737308622078968,560,681,1241,0.0,0.0008333472224535399,0.5739726027397232,-0.00016116035455278067
23048,19.206986783113052,0.5737308622078968,560,681,1241,0.0,0.0008333472224535399,0.5738114423851703,-0.00016116035455278067
23049,19.207820130335506,0.5729250604351329,560,681,1241,-0.0008058017727639033,0.0008333472224535399,0.5736502820306175,-0.00016116035455278067
23050,19.20865347755796,0.5729250604351329,560,681,1241,0.0,0.0008333472224535399,0.5735697018533412,-8.058017727639034e-05
23051,19.209486824780413,0.5729250604351329,560,681,1241,0.0,0.0008333472224535399,0.5734891216760649,-8.058017727639034e-05
23052,19.210320172002866,0.5729250604351329,560,681,1241,0.0,0.0008333472224535399,0.5734085414987885,-8.058017727639034e-05
23053,19.21115351922532,0.5729250604351329,560,681,1241,0.0,0.0008333472224535399,0.5733279613215122,-8.058017727639034e-05
23054,19.211986866447774,0.572119258662369,560,681,1241,-0.0008058017727639033,0.0008333472224535399,0.5731668009669594,-0.00016116035455278067
23055,19.212820213670227,0.572119258662369,560,681,1241,0.0,0.0008333472224535399,0.5730056406124067,-0.00016116035455278067
23056,19.21365356089268,0.572119258662369,560,681,1241,0.0,0.0008333472224535399,0.5728444802578538,-0.00016116035455278067
23057,19.214486908115138,0.572119258662369,560,681,1241,0.0,0.0008333472224570926,0.572683319903301,-0.00016116035455278067
23058,19.21532025533759,0.572119258662369,560,681,1241,0.0,0.0008333472224535399,0.5725221595487483,-0.00016116035455278067
23059,19.216153602560045,0.5729250604351329,560,681,1241,0.0008058017727639033,0.0008333472224535399,0.5725221595487483,0.0
23060,19.2169869497825,0.5729250604351329,560,681,1241,0.0,0.0008333472224535399,0.5725221595487483,0.0
23061,19.217820297004952,0.5737308622078968,560,681,1241,0.0008058017727639033,0.0008333472224535399,0.5726027397260246,8.058017727639034e-05
23062,19.218653644227405,0.5737308622078968,560,681,1241,0.0,0.0008333472224535399,0.572683319903301,8.058017727639034e-05
23063,19.21948699144986,0.5737308622078968,560,681,1241,0.0,0.0008333472224535399,0.5727639000805773,8.058017727639034e-05
23064,19.220320338672312,0.5737308622078968,560,681,1241,0.0,0.0008333472224535399,0.5729250604351301,0.00016116035455278067
23065,19.221153685894766,0.5737308622078968,560,681,1241,0.0,0.0008333472224535399,0.5730862207896829,0.00016116035455278067
23066,19.22198703311722,0.5737308622078968,560,681,1241,0.0,0.0008333472224535399,0.5732473811442357,0.00016116035455278067
23067,19.222820380339673,0.5729250604351329,560,681,1241,-0.0008058017727639033,0.0008333472224535399,0.5733279613215121,8.058017727639034e-05
23068,19.223653727562127,0.5729250604351329,560,681,1241,0.0,0.0008333472224535399,0.5734085414987885,8.058017727639034e-05
23069,19.22448707478458,0.5729250604351329,560,681,1241,0.0,0.0008333472224535399,0.5734085414987885,0.0
23070,19.225320422007034,0.5729250604351329,560,681,1241,0.0,0.0008333472224535399,0.5734085414987885,0.0
23071,19.226153769229487,0.5737308622078968,560,681,1241,0.0008058017727639033,0.0008333472224535399,0.5734085414987885,0.0
23072,19.22698711645194,0.5737308622078968,560,681,1241,0.0,0.0008333472224535399,0.5734085414987885,0.0
23073,19.227820463674394,0.5737308622078968,560,681,1241,0.0,0.0008333472224535399,0.5734085414987885,0.0
23074,19.228653810896848,0.5737308622078968,560,681,1241,0.0,0.0008333472224535399,0.5734085414987885,0.0
23075,19.2294871581193,0.5737308622078968,560,681,1241,0.0,0.0008333472224535399,0.5734085414987885,0.0
23076,19.230320505341755,0.5729250604351329,560,681,1241,-0.0008058017727639033,0.0008333472224535399,0.5733279613215122,-8.058017727639034e-05
23077,19.23115385256421,0.5729250604351329,560,681,1241,0.0,0.0008333472224535399,0.5733279613215122,0.0
23078,19.231987199786666,0.5729250604351329,560,681,1241,0.0,0.0008333472224570926,0.5733279613215122,0.0
23079,19.23282054700912,0.5729250604351329,560,681,1241,0.0,0.0008333472224535399,0.5733279613215122,0.0
23080,19.233653894231573,0.5729250604351329,560,681,1241,0.0,0.0008333472224535399,0.5733279613215122,0.0
23081,19.234487241454026,0.5729250604351329,560,681,1241,0.0,0.0008333472224535399,0.5732473811442358,-8.058017727639034e-05
23082,19.23532058867648,0.5729250604351329,560,681,1241,0.0,0.0008333472224535399,0.5731668009669595,-8.058017727639034e-05
23083,19.236153935898933,0.5729250604351329,560,681,1241,0.0,0.0008333472224535399,0.5730862207896832,-8.058017727639034e-05
23084,19.236987283121387,0.5737308622078968,560,681,1241,0.0008058017727639033,0.0008333472224535399,0.5730862207896832,0.0
23085,19.23782063034384,0.5737308622078968,560,681,1241,0.0,0.0008333472224535399,0.5730862207896832,0.0
23086,19.238653977566294,0.5737308622078968,560,681,1241,0.0,0.0008333472224535399,0.5731668009669595,8.058017727639034e-05
23087,19.239487324788747,0.5737308622078968,560,681,1241,0.0,0.0008333472224535399,0.5732473811442358,8.058017727639034e-05
23088,19.2403206720112,0.5729250604351329,560,681,1241,-0.0008058017727639033,0.0008333472224535399,0.5732473811442358,0.0
23089,19.241154019233655,0.5729250604351329,560,681,1241,0.0,0.0008333472224535399,0.5732473811442358,0.0
23090,19.241987366456108,0.5729250604351329,560,681,1241,0.0,0.0008333472224535399,0.5732473811442358,0.0
23091,19.24282071367856,0.5729250604351329,560,681,1241,0.0,0.0008333472224535399,0.5732473811442358,0.0
23092,19.243654060901015,0.5729250604351329,560,681,1241,0.0,0.0008333472224535399,0.5732473811442358,0.0
23093,19.24448740812347,0.5729250604351329,560,681,1241,0.0,0.0008333472224535399,0.5732473811442358,0.0
23094,19.245320755345922,0.5729250604351329,560,681,1241,0.0,0.0008333472224535399,0.5731668009669595,-8.058017727639034e-05
23095,19.246154102568376,0.5729250604351329,560,681,1241,0.0,0.0008333472224535399,0.5730862207896832,-8.058017727639034e-05
23096,19.24698744979083,0.5729250604351329,560,681,1241,0.0,0.0008333472224535399,0.5730056406124068,-8.058017727639034e-05
23097,19.247820797013283,0.5729250604351329,560,681,1241,0.0,0.0008333472224535399,0.5729250604351305,-8.058017727639034e-05
23098,19.248654144235736,0.5729250604351329,560,681,1241,0.0,0.0008333472224535399,0.5729250604351305,0.0
23099,19.249487491458193,0.5729250604351329,560,681,1241,0.0,0.0008333472224570926,0.5729250604351305,0.0
23100,19.250320838680647,0.5737308622078968,560,681,1241,0.0008058017727639033,0.0008333472224535399,0.5730056406124068,8.058017727639034e-05
23101,19.2511541859031,0.5737308622078968,560,681,1241,0.0,0.0008333472224535399,0.5730862207896832,8.058017727639034e-05
23102,19.251987533125554,0.5737308622078968,560,681,1241,0.0,0.0008333472224535399,0.5731668009669595,8.058017727639034e-05
23103,19.252820880348008,0.5737308622078968,560,681,1241,0.0,0.0008333472224535399,0.5732473811442358,8.058017727639034e-05
23104,19.25365422757046,0.5753424657534246,560,681,1241,0.0016116035455278066,0.0008333472224535399,0.5734891216760649,0.00024174053182917098
23105,19.254487574792915,0.5745366639806607,560,681,1241,-0.0008058017727639033,0.0008333472224535399,0.5736502820306177,0.00016116035455278067
23106,19.25532092201537,0.5753424657534246,560,681,1241,0.0008058017727639033,0.0008333472224535399,0.5738920225624469,0.00024174053182917098
23107,19.256154269237822,0.5753424657534246,560,681,1241,0.0,0.0008333472224535399,0.574133763094276,0.00024174053182917098
23108,19.256987616460275,0.5745366639806607,560,681,1241,-0.0008058017727639033,0.0008333472224535399,0.5742949234488288,0.00016116035455278067
23109,19.25782096368273,0.5737308622078968,560,681,1241,-0.0008058017727639033,0.0008333472224535399,0.5743755036261051,8.058017727639034e-05
23110,19.258654310905182,0.5737308622078968,560,681,1241,0.0,0.0008333472224535399,0.5743755036261051,0.0
23111,19.259487658127636,0.5737308622078968,560,681,1241,0.0,0.0008333472224535399,0.5743755036261051,0.0
23112,19.26032100535009,0.5729250604351329,560,681,1241,-0.0008058017727639033,0.0008333472224535399,0.5742949234488288,-8.058017727639034e-05
23113,19.261154352572543,0.5729250604351329,560,681,1241,0.0,0.0008333472224535399,0.5742143432715524,-8.058017727639034e-05
23114,19.261987699794997,0.572119258662369,560,681,1241,-0.0008058017727639033,0.0008333472224535399,0.5738920225624469,-0.00032232070910556134
23115,19.26282104701745,0.5713134568896051,560,681,1241,-0.0008058017727639033,0.0008333472224535399,0.5735697018533413,-0.00032232070910556134
23116,19.263654394239904,0.5713134568896051,560,681,1241,0.0,0.0008333472224535399,0.5731668009669594,-0.00040290088638195165
23117,19.264487741462357,0.5713134568896051,560,681,1241,0.0,0.0008333472224535399,0.5727639000805775,-0.00040290088638195165
23118,19.26532108868481,0.572119258662369,560,681,1241,0.0008058017727639033,0.0008333472224535399,0.5725221595487483,-0.00024174053182917098
23119,19.266154435907264,0.572119258662369,560,681,1241,0.0,0.0008333472224535399,0.5723609991941955,-0.00016116035455278067
23120,19.26698778312972,0.572119258662369,560,681,1241,0.0,0.0008333472224570926,0.5721998388396428,-0.00016116035455278067
23121,19.267821130352175,0.572119258662369,560,681,1241,0.0,0.0008333472224535399,0.5720386784850899,-0.00016116035455278067
23122,19.26865447757463,0.572119258662369,560,681,1241,0.0,0.0008333472224535399,0.5719580983078135,-8.058017727639034e-05
23123,19.269487824797082,0.5713134568896051,560,681,1241,-0.0008058017727639033,0.0008333472224535399,0.5717969379532607,-0.00016116035455278067
23124,19.270321172019536,0.5713134568896051,560,681,1241,0.0,0.0008333472224535399,0.5717163577759844,-8.058017727639034e-05
23125,19.27115451924199,0.5705076551168412,560,681,1241,-0.0008058017727639033,0.0008333472224535399,0.571635777598708,-8.058017727639034e-05
23126,19.271987866464443,0.5705076551168412,560,681,1241,0.0,0.0008333472224535399,0.5715551974214315,-8.058017727639034e-05
23127,19.272821213686896,0.5705076551168412,560,681,1241,0.0,0.0008333472224535399,0.571474617244155,-8.058017727639034e-05
23128,19.27365456090935,0.5697018533440773,560,681,1241,-0.0008058017727639033,0.0008333472224535399,0.5712328767123259,-0.00024174053182917098
23129,19.274487908131803,0.5697018533440773,560,681,1241,0.0,0.0008333472224535399,0.5709911361804968,-0.00024174053182917098
23130,19.275321255354257,0.5697018533440773,560,681,1241,0.0,0.0008333472224535399,0.5707493956486677,-0.00024174053182917098
23131,19.27615460257671,0.5697018533440773,560,681,1241,0.0,0.0008333472224535399,0.5705076551168385,-0.00024174053182917098
23132,19.276987949799164,0.5697018533440773,560,681,1241,0.0,0.0008333472224535399,0.5702659145850094,-0.00024174053182917098
23133,19.277821297021617,0.5705076551168412,560,681,1241,0.0008058017727639033,0.0008333472224535399,0.570185334407733,-8.058017727639034e-05
23134,19.27865464424407,0.5705076551168412,560,681,1241,0.0,0.0008333472224535399,0.5701047542304566,-8.058017727639034e-05
23135,19.279487991466524,0.5705076551168412,560,681,1241,0.0,0.0008333472224535399,0.5701047542304566,0.0
23136,19.280321338688978,0.5713134568896051,560,681,1241,0.0008058017727639033,0.0008333472224535399,0.570185334407733,8.058017727639034e-05
23137,19.28115468591143,0.572119258662369,560,681,1241,0.0008058017727639033,0.0008333472224535399,0.5703464947622858,0.00016116035455278067
23138,19.281988033133885,0.5729250604351329,560,681,1241,0.0008058017727639033,0.0008333472224535399,0.5706688154713914,0.00032232070910556134
23139,19.28282138035634,0.5729250604351329,560,681,1241,0.0,0.0008333472224535399,0.5709911361804969,0.00032232070910556134
23140,19.283654727578792,0.5737308622078968,560,681,1241,0.0008058017727639033,0.0008333472224535399,0.5713940370668789,0.00040290088638195165
23141,19.28448807480125,0.5745366639806607,560,681,1241,0.0008058017727639033,0.0008333472224570926,0.5718775181305371,0.00048348106365834196
23142,19.285321422023703,0.5753424657534246,560,681,1241,0.0008058017727639033,0.0008333472224535399,0.5724415793714719,0.0005640612409347323
23143,19.286154769246156,0.5761482675261885,560,681,1241,0.0008058017727639033,0.0008333472224535399,0.5730056406124067,0.0005640612409347323
23144,19.28698811646861,0.5753424657534246,560,681,1241,-0.0008058017727639033,0.0008333472224535399,0.5734891216760649,0.00048348106365834196
23145,19.287821463691063,0.5753424657534246,560,681,1241,0.0,0.0008333472224535399,0.5739726027397233,0.00048348106365834196
23146,19.288654810913517,0.5769540692989524,560,681,1241,0.0016116035455278066,0.0008333472224535399,0.574536663980658,0.0005640612409347323
23147,19.28948815813597,0.5769540692989524,560,681,1241,0.0,0.0008333472224535399,0.5750201450443163,0.00048348106365834196
23148,19.290321505358424,0.5769540692989524,560,681,1241,0.0,0.0008333472224535399,0.5754230459306983,0.00040290088638195165
23149,19.291154852580878,0.5769540692989524,560,681,1241,0.0,0.0008333472224535399,0.5758259468170801,0.00040290088638195165
23150,19.29198819980333,0.5761482675261885,560,681,1241,-0.0008058017727639033,0.0008333472224535399,0.5760676873489093,0.00024174053182917098
23151,19.292821547025785,0.5761482675261885,560,681,1241,0.0,0.0008333472224535399,0.5762288477034622,0.00016116035455278067
23152,19.293654894248238,0.5761482675261885,560,681,1241,0.0,0.0008333472224535399,0.5763094278807386,8.058017727639034e-05
23153,19.29448824147069,0.5753424657534246,560,681,1241,-0.0008058017727639033,0.0008333472224535399,0.5762288477034622,-8.058017727639034e-05
23154,19.295321588693145,0.5753424657534246,560,681,1241,0.0,0.0008333472224535399,0.5762288477034622,0.0
23155,19.2961549359156,0.5753424657534246,560,681,1241,0.0,0.0008333472224535399,0.5762288477034622,0.0
23156,19.296988283138052,0.5753424657534246,560,681,1241,0.0,0.0008333472224535399,0.5760676873489093,-0.00016116035455278067
23157,19.297821630360506,0.5753424657534246,560,681,1241,0.0,0.0008333472224535399,0.5759065269943566,-0.00016116035455278067
23158,19.29865497758296,0.5753424657534246,560,681,1241,0.0,0.0008333472224535399,0.5757453666398038,-0.00016116035455278067
23159,19.299488324805413,0.5745366639806607,560,681,1241,-0.0008058017727639033,0.0008333472224535399,0.5755036261079747,-0.00024174053182917098
23160,19.300321672027867,0.5745366639806607,560,681,1241,0.0,0.0008333472224535399,0.5753424657534219,-0.00016116035455278067
23161,19.30115501925032,0.5745366639806607,560,681,1241,0.0,0.0008333472224535399,0.5751813053988691,-0.00016116035455278067
23162,19.301988366472774,0.5745366639806607,560,681,1241,0.0,0.0008333472224535399,0.5750201450443163,-0.00016116035455278067
23163,19.30282171369523,0.5745366639806607,560,681,1241,0.0,0.0008333472224570926,0.57493956486704,-8.058017727639034e-05
23164,19.303655060917684,0.5737308622078968,560,681,1241,-0.0008058017727639033,0.0008333472224535399,0.5747784045124872,-0.00016116035455278067
23165,19.304488408140138,0.5737308622078968,560,681,1241,0.0,0.0008333472224535399,0.5746172441579345,-0.00016116035455278067
23166,19.30532175536259,0.5737308622078968,560,681,1241,0.0,0.0008333472224535399,0.5744560838033816,-0.00016116035455278067
23167,19.306155102585045,0.5737308622078968,560,681,1241,0.0,0.0008333472224535399,0.5742949234488288,-0.00016116035455278067
23168,19.3069884498075,0.5737308622078968,560,681,1241,0.0,0.0008333472224535399,0.5741337630942761,-0.00016116035455278067
23169,19.307821797029952,0.5729250604351329,560,681,1241,-0.0008058017727639033,0.0008333472224535399,0.5739726027397233,-0.00016116035455278067
23170,19.308655144252405,0.5729250604351329,560,681,1241,0.0,0.0008333472224535399,0.5738114423851706,-0.00016116035455278067
23171,19.30948849147486,0.5729250604351329,560,681,1241,0.0,0.0008333472224535399,0.5736502820306177,-0.00016116035455278067
23172,19.310321838697313,0.5729250604351329,560,681,1241,0.0,0.0008333472224535399,0.5734891216760649,-0.00016116035455278067
23173,19.311155185919766,0.5729250604351329,560,681,1241,0.0,0.0008333472224535399,0.5733279613215122,-0.00016116035455278067
23174,19.31198853314222,0.5729250604351329,560,681,1241,0.0,0.0008333472224535399,0.5732473811442358,-8.058017727639034e-05
23175,19.312821880364673,0.572119258662369,560,681,1241,-0.0008058017727639033,0.0008333472224535399,0.5730862207896831,-0.00016116035455278067
23176,19.313655227587127,0.5729250604351329,560,681,1241,0.0008058017727639033,0.0008333472224535399,0.5730056406124067,-8.058017727639034e-05
23177,19.31448857480958,0.5729250604351329,560,681,1241,0.0,0.0008333472224535399,0.5729250604351304,-8.058017727639034e-05
23178,19.315321922032034,0.5745366639806607,560,681,1241,0.0016116035455278066,0.0008333472224535399,0.5730056406124068,8.058017727639034e-05
23179,19.316155269254487,0.5745366639806607,560,681,1241,0.0,0.0008333472224535399,0.5731668009669596,0.00016116035455278067
23180,19.31698861647694,0.5761482675261885,560,681,1241,0.0016116035455278066,0.0008333472224535399,0.5734891216760651,0.00032232070910556134
23181,19.317821963699394,0.5761482675261885,560,681,1241,0.0,0.0008333472224535399,0.5738114423851707,0.00032232070910556134
23182,19.318655310921848,0.5761482675261885,560,681,1241,0.0,0.0008333472224535399,0.5741337630942762,0.00032232070910556134
23183,19.3194886581443,0.5769540692989524,560,681,1241,0.0008058017727639033,0.0008333472224535399,0.5745366639806582,0.00040290088638195165
23184,19.32032200536676,0.5769540692989524,560,681,1241,0.0,0.0008333472224570926,0.5749395648670401,0.00040290088638195165
23185,19.321155352589212,0.5769540692989524,560,681,1241,0.0,0.0008333472224535399,0.5754230459306984,0.00048348106365834196
23186,19.321988699811666,0.5769540692989524,560,681,1241,0.0,0.0008333472224535399,0.5758259468170803,0.00040290088638195165
23187,19.32282204703412,0.5761482675261885,560,681,1241,-0.0008058017727639033,0.0008333472224535399,0.5761482675261859,0.00032232070910556134
23188,19.323655394256573,0.5761482675261885,560,681,1241,0.0,0.0008333472224535399,0.5763094278807387,0.00016116035455278067
23189,19.324488741479026,0.5761482675261885,560,681,1241,0.0,0.0008333472224535399,0.5764705882352914,0.00016116035455278067
23190,19.32532208870148,0.5761482675261885,560,681,1241,0.0,0.0008333472224535399,0.5764705882352914,0.0
23191,19.326155435923933,0.5761482675261885,560,681,1241,0.0,0.0008333472224535399,0.5764705882352914,0.0
23192,19.326988783146387,0.5761482675261885,560,681,1241,0.0,0.0008333472224535399,0.5764705882352914,0.0
23193,19.32782213036884,0.5777598710717163,560,681,1241,0.0016116035455278066,0.0008333472224535399,0.5765511684125679,8.058017727639034e-05
23194,19.328655477591294,0.5777598710717163,560,681,1241,0.0,0.0008333472224535399,0.5766317485898443,8.058017727639034e-05
23195,19.329488824813748,0.5777598710717163,560,681,1241,0.0,0.0008333472224535399,0.5767123287671208,8.058017727639034e-05
23196,19.3303221720362,0.5777598710717163,560,681,1241,0.0,0.0008333472224535399,0.5767929089443972,8.058017727639034e-05
23197,19.331155519258655,0.5777598710717163,560,681,1241,0.0,0.0008333472224535399,0.57695406929895,0.00016116035455278067
23198,19.331988866481108,0.5777598710717163,560,681,1241,0.0,0.0008333472224535399,0.5771152296535027,0.00016116035455278067
23199,19.33282221370356,0.5777598710717163,560,681,1241,0.0,0.0008333472224535399,0.5772763900080555,0.00016116035455278067
23200,19.333655560926015,0.5777598710717163,560,681,1241,0.0,0.0008333472224535399,0.5774375503626084,0.00016116035455278067
23201,19.33448890814847,0.5777598710717163,560,681,1241,0.0,0.0008333472224535399,0.5775987107171611,0.00016116035455278067
23202,19.335322255370922,0.5777598710717163,560,681,1241,0.0,0.0008333472224535399,0.5777598710717139,0.00016116035455278067
23203,19.336155602593376,0.5777598710717163,560,681,1241,0.0,0.0008333472224535399,0.5777598710717139,0.0
23204,19.33698894981583,0.5769540692989524,560,681,1241,-0.0008058017727639033,0.0008333472224535399,0.5776792908944375,-8.058017727639034e-05
23205,19.337822297038286,0.5777598710717163,560,681,1241,0.0008058017727639033,0.0008333472224570926,0.5776792908944375,0.0
23206,19.33865564426074,0.5777598710717163,560,681,1241,0.0,0.0008333472224535399,0.5776792908944375,0.0
23207,19.339488991483194,0.5777598710717163,560,681,1241,0.0,0.0008333472224535399,0.5776792908944375,0.0
23208,19.340322338705647,0.5769540692989524,560,681,1241,-0.0008058017727639033,0.0008333472224535399,0.577598710717161,-8.058017727639034e-05
23209,19.3411556859281,0.5769540692989524,560,681,1241,0.0,0.0008333472224535399,0.5775181305398845,-8.058017727639034e-05
23210,19.341989033150554,0.5769540692989524,560,681,1241,0.0,0.0008333472224535399,0.5774375503626081,-8.058017727639034e-05
23211,19.342822380373008,0.5769540692989524,560,681,1241,0.0,0.0008333472224535399,0.5773569701853317,-8.058017727639034e-05
23212,19.34365572759546,0.5769540692989524,560,681,1241,0.0,0.0008333472224535399,0.5772763900080553,-8.058017727639034e-05
23213,19.344489074817915,0.5769540692989524,560,681,1241,0.0,0.0008333472224535399,0.5771958098307788,-8.058017727639034e-05
23214,19.34532242204037,0.5769540692989524,560,681,1241,0.0,0.0008333472224535399,0.5771958098307788,0.0
23215,19.346155769262822,0.5769540692989524,560,681,1241,0.0,0.0008333472224535399,0.5771152296535024,-8.058017727639034e-05
23216,19.346989116485275,0.5761482675261885,560,681,1241,-0.0008058017727639033,0.0008333472224535399,0.5769540692989497,-0.00016116035455278067
23217,19.34782246370773,0.5761482675261885,560,681,1241,0.0,0.0008333472224535399,0.5767929089443968,-0.00016116035455278067
23218,19.348655810930182,0.5761482675261885,560,681,1241,0.0,0.0008333472224535399,0.5767123287671205,-8.058017727639034e-05
23219,19.349489158152636,0.5769540692989524,560,681,1241,0.0008058017727639033,0.0008333472224535399,0.5767123287671205,0.0
23220,19.35032250537509,0.5769540692989524,560,681,1241,0.0,0.0008333472224535399,0.5767123287671205,0.0
23221,19.351155852597543,0.5777598710717163,560,681,1241,0.0008058017727639033,0.0008333472224535399,0.5767929089443969,8.058017727639034e-05
23222,19.351989199819997,0.5769540692989524,560,681,1241,-0.0008058017727639033,0.0008333472224535399,0.5767929089443969,0.0
23223,19.35282254704245,0.5761482675261885,560,681,1241,-0.0008058017727639033,0.0008333472224535399,0.5767123287671205,-8.058017727639034e-05
23224,19.353655894264904,0.5761482675261885,560,681,1241,0.0,0.0008333472224535399,0.5766317485898442,-8.058017727639034e-05
23225,19.354489241487357,0.5761482675261885,560,681,1241,0.0,0.0008333472224535399,0.5765511684125679,-8.058017727639034e-05
23226,19.355322588709814,0.5761482675261885,560,681,1241,0.0,0.0008333472224570926,0.5765511684125679,0.0
23227,19.356155935932268,0.5769540692989524,560,681,1241,0.0008058017727639033,0.0008333472224535399,0.5766317485898442,8.058017727639034e-05
23228,19.35698928315472,0.5769540692989524,560,681,1241,0.0,0.0008333472224535399,0.5767123287671205,8.058017727639034e-05
23229,19.357822630377175,0.5769540692989524,560,681,1241,0.0,0.0008333472224535399,0.5767123287671205,0.0
23230,19.35865597759963,0.5761482675261885,560,681,1241,-0.0008058017727639033,0.0008333472224535399,0.5766317485898442,-8.058017727639034e-05
23231,19.359489324822082,0.5761482675261885,560,681,1241,0.0,0.0008333472224535399,0.5764705882352914,-0.00016116035455278067
23232,19.360322672044536,0.5761482675261885,560,681,1241,0.0,0.0008333472224535399,0.5763900080580151,-8.058017727639034e-05
23233,19.36115601926699,0.5753424657534246,560,681,1241,-0.0008058017727639033,0.0008333472224535399,0.5763094278807387,-8.058017727639034e-05
23234,19.361989366489443,0.5753424657534246,560,681,1241,0.0,0.0008333472224535399,0.5762288477034623,-8.058017727639034e-05
23235,19.362822713711896,0.5761482675261885,560,681,1241,0.0008058017727639033,0.0008333472224535399,0.5762288477034623,0.0
23236,19.36365606093435,0.5761482675261885,560,681,1241,0.0,0.0008333472224535399,0.5762288477034623,0.0
23237,19.364489408156803,0.5761482675261885,560,681,1241,0.0,0.0008333472224535399,0.5761482675261859,-8.058017727639034e-05
23238,19.365322755379257,0.5761482675261885,560,681,1241,0.0,0.0008333472224535399,0.5760676873489096,-8.058017727639034e-05
23239,19.36615610260171,0.5761482675261885,560,681,1241,0.0,0.0008333472224535399,0.5759871071716332,-8.058017727639034e-05
23240,19.366989449824164,0.5761482675261885,560,681,1241,0.0,0.0008333472224535399,0.5759871071716332,0.0
23241,19.367822797046617,0.5761482675261885,560,681,1241,0.0,0.0008333472224535399,0.5759871071716332,0.0
23242,19.36865614426907,0.5753424657534246,560,681,1241,-0.0008058017727639033,0.0008333472224535399,0.5759065269943567,-8.058017727639034e-05
23243,19.369489491491525,0.5753424657534246,560,681,1241,0.0,0.0008333472224535399,0.5759065269943567,0.0
23244,19.370322838713978,0.5753424657534246,560,681,1241,0.0,0.0008333472224535399,0.5759065269943567,0.0
23245,19.37115618593643,0.5745366639806607,560,681,1241,-0.0008058017727639033,0.0008333472224535399,0.575745366639804,-0.00016116035455278067
23246,19.371989533158885,0.5745366639806607,560,681,1241,0.0,0.0008333472224535399,0.5755842062852512,-0.00016116035455278067
23247,19.372822880381342,0.5745366639806607,560,681,1241,0.0,0.0008333472224570926,0.5754230459306984,-0.00016116035455278067
23248,19.373656227603796,0.5753424657534246,560,681,1241,0.0008058017727639033,0.0008333472224535399,0.575342465753422,-8.058017727639034e-05
23249,19.37448957482625,0.5753424657534246,560,681,1241,0.0,0.0008333472224535399,0.5752618855761455,-8.058017727639034e-05
23250,19.375322922048703,0.5753424657534246,560,681,1241,0.0,0.0008333472224535399,0.5751813053988691,-8.058017727639034e-05
23251,19.376156269271156,0.5753424657534246,560,681,1241,0.0,0.0008333472224535399,0.5751007252215927,-8.058017727639034e-05
23252,19.37698961649361,0.5761482675261885,560,681,1241,0.0008058017727639033,0.0008333472224535399,0.5751813053988691,8.058017727639034e-05
23253,19.377822963716063,0.5753424657534246,560,681,1241,-0.0008058017727639033,0.0008333472224535399,0.5751813053988691,0.0
23254,19.378656310938517,0.5753424657534246,560,681,1241,0.0,0.0008333472224535399,0.5751813053988691,0.0
23255,19.37948965816097,0.5745366639806607,560,681,1241,-0.0008058017727639033,0.0008333472224535399,0.5751813053988691,0.0
23256,19.380323005383424,0.5745366639806607,560,681,1241,0.0,0.0008333472224535399,0.5751813053988691,0.0
23257,19.381156352605878,0.5745366639806607,560,681,1241,0.0,0.0008333472224535399,0.5751813053988691,0.0
23258,19.38198969982833,0.5745366639806607,560,681,1241,0.0,0.0008333472224535399,0.5751007252215927,-8.058017727639034e-05
23259,19.382823047050785,0.5745366639806607,560,681,1241,0.0,0.0008333472224535399,0.5750201450443164,-8.058017727639034e-05
23260,19.38365639427324,0.5745366639806607,560,681,1241,0.0,0.0008333472224535399,0.5749395648670401,-8.058017727639034e-05
23261,19.384489741495692,0.5745366639806607,560,681,1241,0.0,0.0008333472224535399,0.5748589846897637,-8.058017727639034e-05
23262,19.385323088718145,0.5761482675261885,560,681,1241,0.0016116035455278066,0.0008333472224535399,0.5748589846897637,0.0
23263,19.3861564359406,0.5761482675261885,560,681,1241,0.0,0.0008333472224535399,0.5749395648670401,8.058017727639034e-05
23264,19.386989783163052,0.5761482675261885,560,681,1241,0.0,0.0008333472224535399,0.5750201450443166,8.058017727639034e-05
23265,19.387823130385506,0.5753424657534246,560,681,1241,-0.0008058017727639033,0.0008333472224535399,0.575100725221593,8.058017727639034e-05
23266,19.38865647760796,0.5753424657534246,560,681,1241,0.0,0.0008333472224535399,0.5751813053988692,8.058017727639034e-05
23267,19.389489824830413,0.5753424657534246,560,681,1241,0.0,0.0008333472224535399,0.5752618855761457,8.058017727639034e-05
23268,19.390323172052867,0.5753424657534246,560,681,1241,0.0,0.0008333472224535399,0.575342465753422,8.058017727639034e-05
23269,19.391156519275324,0.5745366639806607,560,681,1241,-0.0008058017727639033,0.0008333472224570926,0.575342465753422,0.0
23270,19.391989866497777,0.5745366639806607,560,681,1241,0.0,0.0008333472224535399,0.575342465753422,0.0
23271,19.39282321372023,0.5745366639806607,560,681,1241,0.0,0.0008333472224535399,0.575342465753422,0.0
23272,19.393656560942684,0.5745366639806607,560,681,1241,0.0,0.0008333472224535399,0.5751813053988692,-0.00016116035455278067
23273,19.394489908165138,0.5745366639806607,560,681,1241,0.0,0.0008333472224535399,0.5750201450443164,-0.00016116035455278067
23274,19.39532325538759,0.5745366639806607,560,681,1241,0.0,0.0008333472224535399,0.5748589846897636,-0.00016116035455278067
23275,19.396156602610045,0.5745366639806607,560,681,1241,0.0,0.0008333472224535399,0.5747784045124873,-8.058017727639034e-05
23276,19.3969899498325,0.5745366639806607,560,681,1241,0.0,0.0008333472224535399,0.574697824335211,-8.058017727639034e-05
23277,19.397823297054952,0.5745366639806607,560,681,1241,0.0,0.0008333472224535399,0.5746172441579346,-8.058017727639034e-05
23278,19.398656644277406,0.5745366639806607,560,681,1241,0.0,0.0008333472224535399,0.5745366639806583,-8.058017727639034e-05
23279,19.39948999149986,0.5737308622078968,560,681,1241,-0.0008058017727639033,0.0008333472224535399,0.5744560838033819,-8.058017727639034e-05
23280,19.400323338722313,0.5737308622078968,560,681,1241,0.0,0.0008333472224535399,0.5743755036261053,-8.058017727639034e-05
23281,19.401156685944766,0.5737308622078968,560,681,1241,0.0,0.0008333472224535399,0.5742949234488289,-8.058017727639034e-05
23282,19.40199003316722,0.5737308622078968,560,681,1241,0.0,0.0008333472224535399,0.5742143432715525,-8.058017727639034e-05
23283,19.402823380389673,0.5737308622078968,560,681,1241,0.0,0.0008333472224535399,0.5741337630942761,-8.058017727639034e-05
23284,19.403656727612127,0.5737308622078968,560,681,1241,0.0,0.0008333472224535399,0.5740531829169997,-8.058017727639034e-05
23285,19.40449007483458,0.5737308622078968,560,681,1241,0.0,0.0008333472224535399,0.5739726027397232,-8.058017727639034e-05
23286,19.405323422057034,0.5737308622078968,560,681,1241,0.0,0.0008333472224535399,0.5738920225624468,-8.058017727639034e-05
23287,19.406156769279487,0.5729250604351329,560,681,1241,-0.0008058017727639033,0.0008333472224535399,0.573730862207894,-0.00016116035455278067
23288,19.40699011650194,0.5729250604351329,560,681,1241,0.0,0.0008333472224535399,0.5735697018533412,-0.00016116035455278067
23289,19.407823463724394,0.5729250604351329,560,681,1241,0.0,0.0008333472224535399,0.5734891216760649,-8.058017727639034e-05
23290,19.40865681094685,0.5729250604351329,560,681,1241,0.0,0.0008333472224570926,0.5734085414987885,-8.058017727639034e-05
23291,19.409490158169305,0.5729250604351329,560,681,1241,0.0,0.0008333472224535399,0.5733279613215122,-8.058017727639034e-05
23292,19.41032350539176,0.5737308622078968,560,681,1241,0.0008058017727639033,0.0008333472224535399,0.5733279613215122,0.0
23293,19.411156852614212,0.5737308622078968,560,681,1241,0.0,0.0008333472224535399,0.5733279613215122,0.0
23294,19.411990199836666,0.5737308622078968,560,681,1241,0.0,0.0008333472224535399,0.5733279613215122,0.0
23295,19.41282354705912,0.5729250604351329,560,681,1241,-0.0008058017727639033,0.0008333472224535399,0.5732473811442358,-8.058017727639034e-05
23296,19.413656894281573,0.5729250604351329,560,681,1241,0.0,0.0008333472224535399,0.5731668009669595,-8.058017727639034e-05
23297,19.414490241504026,0.5745366639806607,560,681,1241,0.0016116035455278066,0.0008333472224535399,0.5733279613215123,0.00016116035455278067
23298,19.41532358872648,0.5753424657534246,560,681,1241,0.0008058017727639033,0.0008333472224535399,0.5735697018533414,0.00024174053182917098
23299,19.416156935948933,0.5753424657534246,560,681,1241,0.0,0.0008333472224535399,0.5738114423851706,0.00024174053182917098
23300,19.416990283171387,0.5745366639806607,560,681,1241,-0.0008058017727639033,0.0008333472224535399,0.5739726027397233,0.00016116035455278067
23301,19.41782363039384,0.5745366639806607,560,681,1241,0.0,0.0008333472224535399,0.5741337630942761,0.00016116035455278067
23302,19.418656977616294,0.5745366639806607,560,681,1241,0.0,0.0008333472224535399,0.5742143432715525,8.058017727639034e-05
23303,19.419490324838748,0.5753424657534246,560,681,1241,0.0008058017727639033,0.0008333472224535399,0.5743755036261053,0.00016116035455278067
23304,19.4203236720612,0.5753424657534246,560,681,1241,0.0,0.0008333472224535399,0.5745366639806581,0.00016116035455278067
23305,19.421157019283655,0.5753424657534246,560,681,1241,0.0,0.0008333472224535399,0.5747784045124872,0.00024174053182917098
23306,19.421990366506108,0.5745366639806607,560,681,1241,-0.0008058017727639033,0.0008333472224535399,0.57493956486704,0.00016116035455278067
23307,19.42282371372856,0.5745366639806607,560,681,1241,0.0,0.0008333472224535399,0.57493956486704,0.0
23308,19.423657060951015,0.5745366639806607,560,681,1241,0.0,0.0008333472224535399,0.5748589846897636,-8.058017727639034e-05
23309,19.42449040817347,0.5745366639806607,560,681,1241,0.0,0.0008333472224535399,0.5747784045124873,-8.058017727639034e-05
23310,19.425323755395922,0.5745366639806607,560,681,1241,0.0,0.0008333472224535399,0.5747784045124873,0.0
23311,19.42615710261838,0.5737308622078968,560,681,1241,-0.0008058017727639033,0.0008333472224570926,0.5746978243352109,-8.058017727639034e-05
23312,19.426990449840833,0.5745366639806607,560,681,1241,0.0008058017727639033,0.0008333472224535399,0.5746978243352109,0.0
23313,19.427823797063287,0.5753424657534246,560,681,1241,0.0008058017727639033,0.0008333472224535399,0.5746978243352109,0.0
23314,19.42865714428574,0.5753424657534246,560,681,1241,0.0,0.0008333472224535399,0.5746978243352109,0.0
23315,19.429490491508194,0.5745366639806607,560,681,1241,-0.0008058017727639033,0.0008333472224535399,0.5746172441579345,-8.058017727639034e-05
23316,19.430323838730647,0.5745366639806607,560,681,1241,0.0,0.0008333472224535399,0.5746172441579345,0.0
23317,19.4311571859531,0.5745366639806607,560,681,1241,0.0,0.0008333472224535399,0.5746172441579345,0.0
23318,19.431990533175554,0.5729250604351329,560,681,1241,-0.0016116035455278066,0.0008333472224535399,0.5744560838033818,-0.00016116035455278067
23319,19.432823880398008,0.5737308622078968,560,681,1241,0.0008058017727639033,0.0008333472224535399,0.5743755036261053,-8.058017727639034e-05
23320,19.43365722762046,0.5737308622078968,560,681,1241,0.0,0.0008333472224535399,0.5742949234488288,-8.058017727639034e-05
23321,19.434490574842915,0.5745366639806607,560,681,1241,0.0008058017727639033,0.0008333472224535399,0.5743755036261053,8.058017727639034e-05
23322,19.43532392206537,0.5745366639806607,560,681,1241,0.0,0.0008333472224535399,0.5743755036261053,0.0
23323,19.436157269287822,0.5745366639806607,560,681,1241,0.0,0.0008333472224535399,0.5742949234488289,-8.058017727639034e-05
23324,19.436990616510275,0.5745366639806607,560,681,1241,0.0,0.0008333472224535399,0.5742143432715526,-8.058017727639034e-05
23325,19.43782396373273,0.5745366639806607,560,681,1241,0.0,0.0008333472224535399,0.5742143432715526,0.0
23326,19.438657310955183,0.5745366639806607,560,681,1241,0.0,0.0008333472224535399,0.5742143432715526,0.0
23327,19.439490658177636,0.5737308622078968,560,681,1241,-0.0008058017727639033,0.0008333472224535399,0.5741337630942762,-8.058017727639034e-05
23328,19.44032400540009,0.5737308622078968,560,681,1241,0.0,0.0008333472224535399,0.5742143432715525,8.058017727639034e-05
23329,19.441157352622543,0.5729250604351329,560,681,1241,-0.0008058017727639033,0.0008333472224535399,0.5741337630942762,-8.058017727639034e-05
23330,19.441990699844997,0.572119258662369,560,681,1241,-0.0008058017727639033,0.0008333472224535399,0.5739726027397234,-0.00016116035455278067
23331,19.44282404706745,0.572119258662369,560,681,1241,0.0,0.0008333472224535399,0.5737308622078942,-0.00024174053182917098
23332,19.443657394289907,0.572119258662369,560,681,1241,0.0,0.0008333472224570926,0.5734891216760649,-0.00024174053182917098
23333,19.44449074151236,0.572119258662369,560,681,1241,0.0,0.0008333472224535399,0.5732473811442358,-0.00024174053182917098
23334,19.445324088734814,0.5713134568896051,560,681,1241,-0.0008058017727639033,0.0008333472224535399,0.5729250604351301,-0.00032232070910556134
23335,19.446157435957268,0.5713134568896051,560,681,1241,0.0,0.0008333472224535399,0.5726027397260246,-0.00032232070910556134
23336,19.44699078317972,0.5705076551168412,560,681,1241,-0.0008058017727639033,0.0008333472224535399,0.5721998388396426,-0.00040290088638195165
23337,19.447824130402175,0.5705076551168412,560,681,1241,0.0,0.0008333472224535399,0.5718775181305371,-0.00032232070910556134
23338,19.44865747762463,0.5705076551168412,560,681,1241,0.0,0.0008333472224535399,0.5715551974214315,-0.00032232070910556134
23339,19.449490824847082,0.5705076551168412,560,681,1241,0.0,0.0008333472224535399,0.5713134568896023,-0.00024174053182917098
23340,19.450324172069536,0.5713134568896051,560,681,1241,0.0008058017727639033,0.0008333472224535399,0.5712328767123259,-8.058017727639034e-05
23341,19.45115751929199,0.5713134568896051,560,681,1241,0.0,0.0008333472224535399,0.5711522965350496,-8.058017727639034e-05
23342,19.451990866514443,0.572119258662369,560,681,1241,0.0008058017727639033,0.0008333472224535399,0.5711522965350496,0.0
23343,19.452824213736896,0.5729250604351329,560,681,1241,0.0008058017727639033,0.0008333472224535399,0.571232876712326,8.058017727639034e-05
23344,19.45365756095935,0.5729250604351329,560,681,1241,0.0,0.0008333472224535399,0.5713940370668789,0.00016116035455278067
23345,19.454490908181803,0.5729250604351329,560,681,1241,0.0,0.0008333472224535399,0.5715551974214316,0.00016116035455278067
23346,19.455324255404257,0.5729250604351329,560,681,1241,0.0,0.0008333472224535399,0.5717969379532608,0.00024174053182917098
23347,19.45615760262671,0.5745366639806607,560,681,1241,0.0016116035455278066,0.0008333472224535399,0.5721998388396428,0.00040290088638195165
23348,19.456990949849164,0.5753424657534246,560,681,1241,0.0008058017727639033,0.0008333472224535399,0.5726833199033011,0.00048348106365834196
23349,19.457824297071618,0.5753424657534246,560,681,1241,0.0,0.0008333472224535399,0.5731668009669595,0.00048348106365834196
23350,19.45865764429407,0.5753424657534246,560,681,1241,0.0,0.0008333472224535399,0.5735697018533414,0.00040290088638195165
23351,19.459490991516525,0.5753424657534246,560,681,1241,0.0,0.0008333472224535399,0.5739726027397233,0.00040290088638195165
23352,19.460324338738978,0.5761482675261885,560,681,1241,0.0008058017727639033,0.0008333472224535399,0.5743755036261053,0.00040290088638195165
23353,19.461157685961435,0.5761482675261885,560,681,1241,0.0,0.0008333472224570926,0.5746978243352109,0.00032232070910556134
23354,19.46199103318389,0.5761482675261885,560,681,1241,0.0,0.0008333472224535399,0.5750201450443164,0.00032232070910556134
23355,19.462824380406342,0.5761482675261885,560,681,1241,0.0,0.0008333472224535399,0.575342465753422,0.00032232070910556134
23356,19.463657727628796,0.5761482675261885,560,681,1241,0.0,0.0008333472224535399,0.5756647864625275,0.00032232070910556134
23357,19.46449107485125,0.5761482675261885,560,681,1241,0.0,0.0008333472224535399,0.5758259468170803,0.00016116035455278067
23358,19.465324422073703,0.5753424657534246,560,681,1241,-0.0008058017727639033,0.0008333472224535399,0.5758259468170803,0.0
23359,19.466157769296156,0.5753424657534246,560,681,1241,0.0,0.0008333472224535399,0.5758259468170803,0.0
23360,19.46699111651861,0.5753424657534246,560,681,1241,0.0,0.0008333472224535399,0.5758259468170803,0.0
23361,19.467824463741064,0.5753424657534246,560,681,1241,0.0,0.0008333472224535399,0.5758259468170803,0.0
23362,19.468657810963517,0.5753424657534246,560,681,1241,0.0,0.0008333472224535399,0.5757453666398039,-8.058017727639034e-05
23363,19.46949115818597,0.5753424657534246,560,681,1241,0.0,0.0008333472224535399,0.5756647864625275,-8.058017727639034e-05
23364,19.470324505408424,0.5753424657534246,560,681,1241,0.0,0.0008333472224535399,0.575584206285251,-8.058017727639034e-05
23365,19.471157852630878,0.5761482675261885,560,681,1241,0.0008058017727639033,0.0008333472224535399,0.575584206285251,0.0
23366,19.47199119985333,0.5761482675261885,560,681,1241,0.0,0.0008333472224535399,0.575584206285251,0.0
23367,19.472824547075785,0.5761482675261885,560,681,1241,0.0,0.0008333472224535399,0.575584206285251,0.0
23368,19.47365789429824,0.5753424657534246,560,681,1241,-0.0008058017727639033,0.0008333472224535399,0.575584206285251,0.0
23369,19.474491241520692,0.5753424657534246,560,681,1241,0.0,0.0008333472224535399,0.575584206285251,0.0
23370,19.475324588743145,0.5753424657534246,560,681,1241,0.0,0.0008333472224535399,0.575584206285251,0.0
23371,19.4761579359656,0.5761482675261885,560,681,1241,0.0008058017727639033,0.0008333472224535399,0.5756647864625275,8.058017727639034e-05
23372,19.476991283188053,0.5761482675261885,560,681,1241,0.0,0.0008333472224535399,0.5757453666398039,8.058017727639034e-05
23373,19.477824630410506,0.5761482675261885,560,681,1241,0.0,0.0008333472224535399,0.5758259468170803,8.058017727639034e-05
23374,19.478657977632963,0.5761482675261885,560,681,1241,0.0,0.0008333472224570926,0.5759065269943567,8.058017727639034e-05
23375,19.479491324855417,0.5761482675261885,560,681,1241,0.0,0.0008333472224535399,0.5759065269943567,0.0
23376,19.48032467207787,0.5745366639806607,560,681,1241,-0.0016116035455278066,0.0008333472224535399,0.575745366639804,-0.00016116035455278067
23377,19.481158019300324,0.5745366639806607,560,681,1241,0.0,0.0008333472224535399,0.5755842062852512,-0.00016116035455278067
23378,19.481991366522777,0.5745366639806607,560,681,1241,0.0,0.0008333472224535399,0.5755036261079749,-8.058017727639034e-05
23379,19.48282471374523,0.5753424657534246,560,681,1241,0.0008058017727639033,0.0008333472224535399,0.5755036261079749,0.0
23380,19.483658060967684,0.5753424657534246,560,681,1241,0.0,0.0008333472224535399,0.5755036261079749,0.0
23381,19.484491408190138,0.5753424657534246,560,681,1241,0.0,0.0008333472224535399,0.5754230459306984,-8.058017727639034e-05
23382,19.48532475541259,0.5761482675261885,560,681,1241,0.0008058017727639033,0.0008333472224535399,0.5754230459306984,0.0
23383,19.486158102635045,0.5761482675261885,560,681,1241,0.0,0.0008333472224535399,0.5754230459306984,0.0
23384,19.4869914498575,0.5761482675261885,560,681,1241,0.0,0.0008333472224535399,0.5754230459306984,0.0
23385,19.487824797079952,0.5769540692989524,560,681,1241,0.0008058017727639033,0.0008333472224535399,0.5755036261079748,8.058017727639034e-05
23386,19.488658144302406,0.5769540692989524,560,681,1241,0.0,0.0008333472224535399,0.5757453666398039,0.00024174053182917098
23387,19.48949149152486,0.5777598710717163,560,681,1241,0.0008058017727639033,0.0008333472224535399,0.5760676873489095,0.00032232070910556134
23388,19.490324838747313,0.5769540692989524,560,681,1241,-0.0008058017727639033,0.0008333472224535399,0.5763094278807386,0.00024174053182917098
23389,19.491158185969766,0.5777598710717163,560,681,1241,0.0008058017727639033,0.0008333472224535399,0.5765511684125678,0.00024174053182917098
23390,19.49199153319222,0.5777598710717163,560,681,1241,0.0,0.0008333472224535399,0.576792908944397,0.00024174053182917098
23391,19.492824880414673,0.5769540692989524,560,681,1241,-0.0008058017727639033,0.0008333472224535399,0.5769540692989498,0.00016116035455278067
23392,19.493658227637127,0.5769540692989524,560,681,1241,0.0,0.0008333472224535399,0.5770346494762262,8.058017727639034e-05
23393,19.49449157485958,0.5769540692989524,560,681,1241,0.0,0.0008333472224535399,0.5771152296535025,8.058017727639034e-05
23394,19.495324922082034,0.5777598710717163,560,681,1241,0.0008058017727639033,0.0008333472224535399,0.5772763900080553,0.00016116035455278067
23395,19.496158269304487,0.5785656728444802,560,681,1241,0.0008058017727639033,0.0008333472224535399,0.577437550362608,0.00016116035455278067
23396,19.496991616526945,0.5785656728444802,560,681,1241,0.0,0.0008333472224570926,0.5775987107171608,0.00016116035455278067
23397,19.497824963749398,0.5785656728444802,560,681,1241,0.0,0.0008333472224535399,0.5776792908944371,8.058017727639034e-05
23398,19.49865831097185,0.5769540692989524,560,681,1241,-0.0016116035455278066,0.0008333472224535399,0.5776792908944371,0.0
23399,19.499491658194305,0.5769540692989524,560,681,1241,0.0,0.0008333472224535399,0.5775987107171607,-8.058017727639034e-05
23400,19.50032500541676,0.5769540692989524,560,681,1241,0.0,0.0008333472224535399,0.5775181305398843,-8.058017727639034e-05
23401,19.501158352639212,0.5769540692989524,560,681,1241,0.0,0.0008333472224535399,0.5775181305398843,0.0
23402,19.501991699861666,0.5769540692989524,560,681,1241,0.0,0.0008333472224535399,0.5775181305398843,0.0
23403,19.50282504708412,0.5761482675261885,560,681,1241,-0.0008058017727639033,0.0008333472224535399,0.5774375503626079,-8.058017727639034e-05
23404,19.503658394306573,0.5761482675261885,560,681,1241,0.0,0.0008333472224535399,0.5772763900080552,-0.00016116035455278067
23405,19.504491741529026,0.5769540692989524,560,681,1241,0.0008058017727639033,0.0008333472224535399,0.5771152296535024,-0.00016116035455278067
23406,19.50532508875148,0.5769540692989524,560,681,1241,0.0,0.0008333472224535399,0.5769540692989497,-0.00016116035455278067
23407,19.506158435973934,0.5761482675261885,560,681,1241,-0.0008058017727639033,0.0008333472224535399,0.5767123287671205,-0.00024174053182917098
23408,19.506991783196387,0.5761482675261885,560,681,1241,0.0,0.0008333472224535399,0.5766317485898441,-8.058017727639034e-05
23409,19.50782513041884,0.5769540692989524,560,681,1241,0.0008058017727639033,0.0008333472224535399,0.5766317485898441,0.0
23410,19.508658477641294,0.5753424657534246,560,681,1241,-0.0016116035455278066,0.0008333472224535399,0.5764705882352914,-0.00016116035455278067
23411,19.509491824863748,0.5753424657534246,560,681,1241,0.0,0.0008333472224535399,0.5763094278807386,-0.00016116035455278067
23412,19.5103251720862,0.5753424657534246,560,681,1241,0.0,0.0008333472224535399,0.5761482675261858,-0.00016116035455278067
23413,19.511158519308655,0.5753424657534246,560,681,1241,0.0,0.0008333472224535399,0.5760676873489093,-8.058017727639034e-05
23414,19.51199186653111,0.5753424657534246,560,681,1241,0.0,0.0008333472224535399,0.5759871071716329,-8.058017727639034e-05
23415,19.512825213753562,0.5753424657534246,560,681,1241,0.0,0.0008333472224535399,0.5758259468170801,-0.00016116035455278067
23416,19.513658560976015,0.5761482675261885,560,681,1241,0.0008058017727639033,0.0008333472224535399,0.5757453666398038,-8.058017727639034e-05
23417,19.514491908198472,0.5753424657534246,560,681,1241,-0.0008058017727639033,0.0008333472224570926,0.5756647864625274,-8.058017727639034e-05
23418,19.515325255420926,0.5753424657534246,560,681,1241,0.0,0.0008333472224535399,0.575584206285251,-8.058017727639034e-05
23419,19.51615860264338,0.5753424657534246,560,681,1241,0.0,0.0008333472224535399,0.5754230459306982,-0.00016116035455278067
23420,19.516991949865833,0.5761482675261885,560,681,1241,0.0008058017727639033,0.0008333472224535399,0.5755036261079746,8.058017727639034e-05
23421,19.517825297088287,0.5753424657534246,560,681,1241,-0.0008058017727639033,0.0008333472224535399,0.5755036261079746,0.0
23422,19.51865864431074,0.5753424657534246,560,681,1241,0.0,0.0008333472224535399,0.5755036261079746,0.0
23423,19.519491991533194,0.5753424657534246,560,681,1241,0.0,0.0008333472224535399,0.5755036261079746,0.0
23424,19.520325338755647,0.5745366639806607,560,681,1241,-0.0008058017727639033,0.0008333472224535399,0.5754230459306983,-8.058017727639034e-05
23425,19.5211586859781,0.5745366639806607,560,681,1241,0.0,0.0008333472224535399,0.5753424657534219,-8.058017727639034e-05
23426,19.521992033200554,0.5745366639806607,560,681,1241,0.0,0.0008333472224535399,0.5751813053988691,-0.00016116035455278067
23427,19.522825380423008,0.5745366639806607,560,681,1241,0.0,0.0008333472224535399,0.5751007252215927,-8.058017727639034e-05
23428,19.52365872764546,0.5737308622078968,560,681,1241,-0.0008058017727639033,0.0008333472224535399,0.57493956486704,-0.00016116035455278067
23429,19.524492074867915,0.5737308622078968,560,681,1241,0.0,0.0008333472224535399,0.5747784045124872,-0.00016116035455278067
23430,19.52532542209037,0.5745366639806607,560,681,1241,0.0008058017727639033,0.0008333472224535399,0.5746172441579345,-0.00016116035455278067
23431,19.526158769312822,0.5737308622078968,560,681,1241,-0.0008058017727639033,0.0008333472224535399,0.5744560838033816,-0.00016116035455278067
23432,19.526992116535276,0.5737308622078968,560,681,1241,0.0,0.0008333472224535399,0.5742949234488288,-0.00016116035455278067
23433,19.52782546375773,0.5729250604351329,560,681,1241,-0.0008058017727639033,0.0008333472224535399,0.5740531829169997,-0.00024174053182917098
23434,19.528658810980183,0.5729250604351329,560,681,1241,0.0,0.0008333472224535399,0.573892022562447,-0.00016116035455278067
23435,19.529492158202636,0.5729250604351329,560,681,1241,0.0,0.0008333472224535399,0.5737308622078942,-0.00016116035455278067
23436,19.53032550542509,0.5729250604351329,560,681,1241,0.0,0.0008333472224535399,0.5735697018533414,-0.00016116035455278067
23437,19.531158852647543,0.5729250604351329,560,681,1241,0.0,0.0008333472224535399,0.5734085414987886,-0.00016116035455278067
23438,19.53199219987,0.5729250604351329,560,681,1241,0.0,0.0008333472224570926,0.5733279613215123,-8.058017727639034e-05
23439,19.532825547092454,0.5737308622078968,560,681,1241,0.0008058017727639033,0.0008333472224535399,0.5733279613215123,0.0
23440,19.533658894314907,0.5729250604351329,560,681,1241,-0.0008058017727639033,0.0008333472224535399,0.5731668009669595,-0.00016116035455278067
23441,19.53449224153736,0.5729250604351329,560,681,1241,0.0,0.0008333472224535399,0.5730862207896832,-8.058017727639034e-05
23442,19.535325588759815,0.5729250604351329,560,681,1241,0.0,0.0008333472224535399,0.5730056406124068,-8.058017727639034e-05
23443,19.536158935982268,0.5729250604351329,560,681,1241,0.0,0.0008333472224535399,0.5730056406124068,0.0
23444,19.53699228320472,0.5729250604351329,560,681,1241,0.0,0.0008333472224535399,0.5730056406124068,0.0
23445,19.537825630427175,0.572119258662369,560,681,1241,-0.0008058017727639033,0.0008333472224535399,0.5729250604351304,-8.058017727639034e-05
23446,19.53865897764963,0.5713134568896051,560,681,1241,-0.0008058017727639033,0.0008333472224535399,0.5727639000805775,-0.00016116035455278067
23447,19.539492324872082,0.5713134568896051,560,681,1241,0.0,0.0008333472224535399,0.5726027397260248,-0.00016116035455278067
23448,19.540325672094536,0.5713134568896051,560,681,1241,0.0,0.0008333472224535399,0.572441579371472,-0.00016116035455278067
23449,19.54115901931699,0.5713134568896051,560,681,1241,0.0,0.0008333472224535399,0.5721998388396429,-0.00024174053182917098
23450,19.541992366539443,0.5713134568896051,560,681,1241,0.0,0.0008333472224535399,0.5720386784850902,-0.00016116035455278067
23451,19.542825713761896,0.5713134568896051,560,681,1241,0.0,0.0008333472224535399,0.5718775181305373,-0.00016116035455278067
23452,19.54365906098435,0.5713134568896051,560,681,1241,0.0,0.0008333472224535399,0.5717163577759845,-0.00016116035455278067
23453,19.544492408206803,0.572119258662369,560,681,1241,0.0008058017727639033,0.0008333472224535399,0.5716357775987081,-8.058017727639034e-05
23454,19.545325755429257,0.572119258662369,560,681,1241,0.0,0.0008333472224535399,0.5715551974214317,-8.058017727639034e-05
23455,19.54615910265171,0.572119258662369,560,681,1241,0.0,0.0008333472224535399,0.5715551974214317,0.0
23456,19.546992449874164,0.5729250604351329,560,681,1241,0.0008058017727639033,0.0008333472224535399,0.5717163577759845,0.00016116035455278067
23457,19.547825797096618,0.5729250604351329,560,681,1241,0.0,0.0008333472224535399,0.5718775181305372,0.00016116035455278067
23458,19.54865914431907,0.5737308622078968,560,681,1241,0.0008058017727639033,0.0008333472224535399,0.5721192586623663,0.00024174053182917098
23459,19.54949249154153,0.5737308622078968,560,681,1241,0.0,0.0008333472224570926,0.5723609991941955,0.00024174053182917098
23460,19.550325838763982,0.5729250604351329,560,681,1241,-0.0008058017727639033,0.0008333472224535399,0.5725221595487483,0.00016116035455278067
23461,19.551159185986435,0.5737308622078968,560,681,1241,0.0008058017727639033,0.0008333472224535399,0.5727639000805774,0.00024174053182917098
23462,19.55199253320889,0.5737308622078968,560,681,1241,0.0,0.0008333472224535399,0.5730056406124066,0.00024174053182917098
23463,19.552825880431342,0.5737308622078968,560,681,1241,0.0,0.0008333472224535399,0.5731668009669593,0.00016116035455278067
23464,19.553659227653796,0.5737308622078968,560,681,1241,0.0,0.0008333472224535399,0.5733279613215121,0.00016116035455278067
23465,19.55449257487625,0.5729250604351329,560,681,1241,-0.0008058017727639033,0.0008333472224535399,0.5734085414987885,8.058017727639034e-05
23466,19.555325922098703,0.5713134568896051,560,681,1241,-0.0016116035455278066,0.0008333472224535399,0.5732473811442358,-0.00016116035455278067
23467,19.556159269321157,0.5713134568896051,560,681,1241,0.0,0.0008333472224535399,0.573086220789683,-0.00016116035455278067
23468,19.55699261654361,0.5713134568896051,560,681,1241,0.0,0.0008333472224535399,0.5728444802578538,-0.00024174053182917098
23469,19.557825963766064,0.5713134568896051,560,681,1241,0.0,0.0008333472224535399,0.5726027397260247,-0.00024174053182917098
23470,19.558659310988517,0.5713134568896051,560,681,1241,0.0,0.0008333472224535399,0.5724415793714719,-0.00016116035455278067
23471,19.55949265821097,0.5713134568896051,560,681,1241,0.0,0.0008333472224535399,0.5721998388396428,-0.00024174053182917098
23472,19.560326005433424,0.5713134568896051,560,681,1241,0.0,0.0008333472224535399,0.5719580983078136,-0.00024174053182917098
23473,19.561159352655878,0.5713134568896051,560,681,1241,0.0,0.0008333472224535399,0.5717163577759845,-0.00024174053182917098
23474,19.56199269987833,0.5713134568896051,560,681,1241,0.0,0.0008333472224535399,0.5714746172441554,-0.00024174053182917098
23475,19.562826047100785,0.5713134568896051,560,681,1241,0.0,0.0008333472224535399,0.5713134568896027,-0.00016116035455278067
23476,19.56365939432324,0.5729250604351329,560,681,1241,0.0016116035455278066,0.0008333472224535399,0.5714746172441554,0.00016116035455278067
23477,19.564492741545692,0.5729250604351329,560,681,1241,0.0,0.0008333472224535399,0.5716357775987082,0.00016116035455278067
23478,19.565326088768145,0.5729250604351329,560,681,1241,0.0,0.0008333472224535399,0.571796937953261,0.00016116035455278067
23479,19.5661594359906,0.5729250604351329,560,681,1241,0.0,0.0008333472224535399,0.5719580983078137,0.00016116035455278067
23480,19.566992783213056,0.5729250604351329,560,681,1241,0.0,0.0008333472224570926,0.5721192586623666,0.00016116035455278067
23481,19.56782613043551,0.5729250604351329,560,681,1241,0.0,0.0008333472224535399,0.5722804190169193,0.00016116035455278067
23482,19.568659477657963,0.5729250604351329,560,681,1241,0.0,0.0008333472224535399,0.5724415793714721,0.00016116035455278067
23483,19.569492824880417,0.5745366639806607,560,681,1241,0.0016116035455278066,0.0008333472224535399,0.5727639000805776,0.00032232070910556134
23484,19.57032617210287,0.5745366639806607,560,681,1241,0.0,0.0008333472224535399,0.5730862207896832,0.00032232070910556134
23485,19.571159519325324,0.5745366639806607,560,681,1241,0.0,0.0008333472224535399,0.5734085414987888,0.00032232070910556134
23486,19.571992866547777,0.5745366639806607,560,681,1241,0.0,0.0008333472224535399,0.5735697018533416,0.00016116035455278067
23487,19.57282621377023,0.5753424657534246,560,681,1241,0.0008058017727639033,0.0008333472224535399,0.5738114423851707,0.00024174053182917098
23488,19.573659560992684,0.5745366639806607,560,681,1241,-0.0008058017727639033,0.0008333472224535399,0.5739726027397235,0.00016116035455278067
23489,19.574492908215138,0.5745366639806607,560,681,1241,0.0,0.0008333472224535399,0.5741337630942762,0.00016116035455278067
23490,19.57532625543759,0.5753424657534246,560,681,1241,0.0008058017727639033,0.0008333472224535399,0.5743755036261053,0.00024174053182917098
23491,19.576159602660045,0.5753424657534246,560,681,1241,0.0,0.0008333472224535399,0.5746172441579345,0.00024174053182917098
23492,19.5769929498825,0.5745366639806607,560,681,1241,-0.0008058017727639033,0.0008333472224535399,0.5747784045124873,0.00016116035455278067
23493,19.577826297104952,0.5745366639806607,560,681,1241,0.0,0.0008333472224535399,0.5747784045124873,0.0
23494,19.578659644327406,0.5737308622078968,560,681,1241,-0.0008058017727639033,0.0008333472224535399,0.5746978243352109,-8.058017727639034e-05
23495,19.57949299154986,0.5745366639806607,560,681,1241,0.0008058017727639033,0.0008333472224535399,0.5746978243352109,0.0
23496,19.580326338772313,0.5745366639806607,560,681,1241,0.0,0.0008333472224535399,0.5746978243352109,0.0
23497,19.581159685994766,0.5753424657534246,560,681,1241,0.0008058017727639033,0.0008333472224535399,0.5746978243352109,0.0
23498,19.58199303321722,0.5753424657534246,560,681,1241,0.0,0.0008333472224535399,0.5747784045124872,8.058017727639034e-05
23499,19.582826380439673,0.5753424657534246,560,681,1241,0.0,0.0008333472224535399,0.5748589846897636,8.058017727639034e-05
23500,19.583659727662127,0.5753424657534246,560,681,1241,0.0,0.0008333472224535399,0.5748589846897636,0.0
23501,19.58449307488458,0.5753424657534246,560,681,1241,0.0,0.0008333472224535399,0.5748589846897636,0.0
23502,19.585326422107038,0.5761482675261885,560,681,1241,0.0008058017727639033,0.0008333472224570926,0.5750201450443163,0.00016116035455278067
23503,19.58615976932949,0.5761482675261885,560,681,1241,0.0,0.0008333472224535399,0.5751813053988691,0.00016116035455278067
23504,19.586993116551945,0.5761482675261885,560,681,1241,0.0,0.0008333472224535399,0.5754230459306984,0.00024174053182917098
23505,19.587826463774398,0.5761482675261885,560,681,1241,0.0,0.0008333472224535399,0.5755842062852511,0.00016116035455278067
23506,19.58865981099685,0.5785656728444802,560,681,1241,0.00241740531829171,0.0008333472224535399,0.575987107171633,0.00040290088638195165
23507,19.589493158219305,0.5785656728444802,560,681,1241,0.0,0.0008333472224535399,0.5763094278807386,0.00032232070910556134
23508,19.59032650544176,0.5793714746172441,560,681,1241,0.0008058017727639033,0.0008333472224535399,0.5767123287671205,0.00040290088638195165
23509,19.591159852664212,0.580983078162772,560,681,1241,0.0016116035455278066,0.0008333472224535399,0.5772763900080553,0.0005640612409347323
23510,19.591993199886666,0.580983078162772,560,681,1241,0.0,0.0008333472224535399,0.5778404512489901,0.0005640612409347323
23511,19.59282654710912,0.580177276390008,560,681,1241,-0.0008058017727639033,0.0008333472224535399,0.5783239323126484,0.00048348106365834196
23512,19.593659894331573,0.580177276390008,560,681,1241,0.0,0.0008333472224535399,0.5787268331990304,0.00040290088638195165
23513,19.594493241554026,0.580177276390008,560,681,1241,0.0,0.0008333472224535399,0.5791297340854122,0.00040290088638195165
23514,19.59532658877648,0.5793714746172441,560,681,1241,-0.0008058017727639033,0.0008333472224535399,0.5794520547945179,0.00032232070910556134
23515,19.596159935998934,0.580177276390008,560,681,1241,0.0008058017727639033,0.0008333472224535399,0.5798549556808997,0.00040290088638195165
23516,19.596993283221387,0.5793714746172441,560,681,1241,-0.0008058017727639033,0.0008333472224535399,0.5799355358581761,8.058017727639034e-05
23517,19.59782663044384,0.5793714746172441,560,681,1241,0.0,0.0008333472224535399,0.5800161160354527,8.058017727639034e-05
23518,19.598659977666294,0.5793714746172441,560,681,1241,0.0,0.0008333472224535399,0.5800161160354527,0.0
23519,19.599493324888748,0.5793714746172441,560,681,1241,0.0,0.0008333472224535399,0.5798549556808998,-0.00016116035455278067
23520,19.6003266721112,0.5777598710717163,560,681,1241,-0.0016116035455278066,0.0008333472224535399,0.5795326349717943,-0.00032232070910556134
23521,19.601160019333655,0.5777598710717163,560,681,1241,0.0,0.0008333472224535399,0.5792908944399652,-0.00024174053182917098
23522,19.60199336655611,0.5761482675261885,560,681,1241,-0.0016116035455278066,0.0008333472224535399,0.5788879935535832,-0.00040290088638195165
23523,19.602826713778565,0.5761482675261885,560,681,1241,0.0,0.0008333472224570926,0.5784850926672014,-0.00040290088638195165
23524,19.60366006100102,0.5745366639806607,560,681,1241,-0.0016116035455278066,0.0008333472224535399,0.578001611603543,-0.00048348106365834196
23525,19.604493408223473,0.5737308622078968,560,681,1241,-0.0008058017727639033,0.0008333472224535399,0.5773569701853318,-0.0006446414182111227
23526,19.605326755445926,0.5729250604351329,560,681,1241,-0.0008058017727639033,0.0008333472224535399,0.5767123287671208,-0.0006446414182111227
23527,19.60616010266838,0.5737308622078968,560,681,1241,0.0008058017727639033,0.0008333472224535399,0.576148267526186,-0.0005640612409347323
23528,19.606993449890833,0.5737308622078968,560,681,1241,0.0,0.0008333472224535399,0.5755842062852512,-0.0005640612409347323
23529,19.607826797113287,0.5737308622078968,560,681,1241,0.0,0.0008333472224535399,0.5750201450443164,-0.0005640612409347323
23530,19.60866014433574,0.5729250604351329,560,681,1241,-0.0008058017727639033,0.0008333472224535399,0.5745366639806581,-0.00048348106365834196
23531,19.609493491558194,0.5737308622078968,560,681,1241,0.0008058017727639033,0.0008333472224535399,0.5741337630942761,-0.00040290088638195165
23532,19.610326838780647,0.5745366639806607,560,681,1241,0.0008058017727639033,0.0008333472224535399,0.5739726027397233,-0.00016116035455278067
23533,19.6111601860031,0.5753424657534246,560,681,1241,0.0008058017727639033,0.0008333472224535399,0.5738920225624469,-8.058017727639034e-05
23534,19.611993533225554,0.5753424657534246,560,681,1241,0.0,0.0008333472224535399,0.5739726027397232,8.058017727639034e-05
23535,19.612826880448008,0.5753424657534246,560,681,1241,0.0,0.0008333472224535399,0.574133763094276,0.00016116035455278067
23536,19.61366022767046,0.5761482675261885,560,681,1241,0.0008058017727639033,0.0008333472224535399,0.5744560838033815,0.00032232070910556134
23537,19.614493574892915,0.5761482675261885,560,681,1241,0.0,0.0008333472224535399,0.5746978243352108,0.00024174053182917098
23538,19.61532692211537,0.5761482675261885,560,681,1241,0.0,0.0008333472224535399,0.57493956486704,0.00024174053182917098
23539,19.616160269337822,0.5761482675261885,560,681,1241,0.0,0.0008333472224535399,0.5751813053988692,0.00024174053182917098
23540,19.616993616560276,0.5761482675261885,560,681,1241,0.0,0.0008333472224535399,0.5755036261079748,0.00032232070910556134
23541,19.61782696378273,0.5761482675261885,560,681,1241,0.0,0.0008333472224535399,0.575745366639804,0.00024174053182917098
23542,19.618660311005183,0.5769540692989524,560,681,1241,0.0008058017727639033,0.0008333472224535399,0.5759871071716332,0.00024174053182917098
23543,19.619493658227636,0.5769540692989524,560,681,1241,0.0,0.0008333472224535399,0.5761482675261859,0.00016116035455278067
23544,19.620327005450093,0.5769540692989524,560,681,1241,0.0,0.0008333472224570926,0.5763094278807387,0.00016116035455278067
23545,19.621160352672547,0.5769540692989524,560,681,1241,0.0,0.0008333472224535399,0.5764705882352914,0.00016116035455278067
23546,19.621993699895,0.5769540692989524,560,681,1241,0.0,0.0008333472224535399,0.5765511684125678,8.058017727639034e-05
23547,19.622827047117454,0.5769540692989524,560,681,1241,0.0,0.0008333472224535399,0.5766317485898441,8.058017727639034e-05
23548,19.623660394339907,0.5769540692989524,560,681,1241,0.0,0.0008333472224535399,0.5767123287671205,8.058017727639034e-05
23549,19.62449374156236,0.5769540692989524,560,681,1241,0.0,0.0008333472224535399,0.5767929089443968,8.058017727639034e-05
23550,19.625327088784815,0.5769540692989524,560,681,1241,0.0,0.0008333472224535399,0.5768734891216731,8.058017727639034e-05
23551,19.626160436007268,0.5761482675261885,560,681,1241,-0.0008058017727639033,0.0008333472224535399,0.5768734891216731,0.0
23552,19.62699378322972,0.5761482675261885,560,681,1241,0.0,0.0008333472224535399,0.5767929089443968,-8.058017727639034e-05
23553,19.627827130452175,0.5761482675261885,560,681,1241,0.0,0.0008333472224535399,0.5767123287671205,-8.058017727639034e-05
23554,19.62866047767463,0.5761482675261885,560,681,1241,0.0,0.0008333472224535399,0.5766317485898441,-8.058017727639034e-05
23555,19.629493824897082,0.5761482675261885,560,681,1241,0.0,0.0008333472224535399,0.5765511684125678,-8.058017727639034e-05
23556,19.630327172119536,0.5753424657534246,560,681,1241,-0.0008058017727639033,0.0008333472224535399,0.576390008058015,-0.00016116035455278067
23557,19.63116051934199,0.5753424657534246,560,681,1241,0.0,0.0008333472224535399,0.5762288477034623,-0.00016116035455278067
23558,19.631993866564443,0.5753424657534246,560,681,1241,0.0,0.0008333472224535399,0.5760676873489095,-0.00016116035455278067
23559,19.632827213786896,0.5753424657534246,560,681,1241,0.0,0.0008333472224535399,0.5759065269943566,-0.00016116035455278067
23560,19.63366056100935,0.5753424657534246,560,681,1241,0.0,0.0008333472224535399,0.5757453666398039,-0.00016116035455278067
23561,19.634493908231804,0.5753424657534246,560,681,1241,0.0,0.0008333472224535399,0.5756647864625275,-8.058017727639034e-05
23562,19.635327255454257,0.5761482675261885,560,681,1241,0.0008058017727639033,0.0008333472224535399,0.5756647864625275,0.0
23563,19.63616060267671,0.5753424657534246,560,681,1241,-0.0008058017727639033,0.0008333472224535399,0.575584206285251,-8.058017727639034e-05
23564,19.636993949899164,0.5745366639806607,560,681,1241,-0.0008058017727639033,0.0008333472224535399,0.5754230459306983,-0.00016116035455278067
23565,19.63782729712162,0.5745366639806607,560,681,1241,0.0,0.0008333472224570926,0.5752618855761454,-0.00016116035455278067
23566,19.638660644344075,0.5753424657534246,560,681,1241,0.0008058017727639033,0.0008333472224535399,0.5752618855761454,0.0
23567,19.63949399156653,0.5753424657534246,560,681,1241,0.0,0.0008333472224535399,0.5752618855761454,0.0
23568,19.640327338788982,0.5753424657534246,560,681,1241,0.0,0.0008333472224535399,0.5752618855761454,0.0
23569,19.641160686011435,0.5753424657534246,560,681,1241,0.0,0.0008333472224535399,0.5752618855761454,0.0
23570,19.64199403323389,0.5753424657534246,560,681,1241,0.0,0.0008333472224535399,0.5752618855761454,0.0
23571,19.642827380456342,0.5753424657534246,560,681,1241,0.0,0.0008333472224535399,0.5752618855761454,0.0
23572,19.643660727678796,0.5769540692989524,560,681,1241,0.0016116035455278066,0.0008333472224535399,0.5753424657534219,8.058017727639034e-05
23573,19.64449407490125,0.5753424657534246,560,681,1241,-0.0016116035455278066,0.0008333472224535399,0.5753424657534219,0.0
23574,19.645327422123703,0.5753424657534246,560,681,1241,0.0,0.0008333472224535399,0.5754230459306982,8.058017727639034e-05
23575,19.646160769346157,0.5753424657534246,560,681,1241,0.0,0.0008333472224535399,0.5755036261079745,8.058017727639034e-05
23576,19.64699411656861,0.5753424657534246,560,681,1241,0.0,0.0008333472224535399,0.5755036261079745,0.0
23577,19.647827463791064,0.5745366639806607,560,681,1241,-0.0008058017727639033,0.0008333472224535399,0.5754230459306982,-8.058017727639034e-05
23578,19.648660811013517,0.5745366639806607,560,681,1241,0.0,0.0008333472224535399,0.5753424657534219,-8.058017727639034e-05
23579,19.64949415823597,0.5753424657534246,560,681,1241,0.0008058017727639033,0.0008333472224535399,0.5753424657534219,0.0
23580,19.650327505458424,0.5753424657534246,560,681,1241,0.0,0.0008333472224535399,0.5753424657534219,0.0
23581,19.651160852680878,0.5753424657534246,560,681,1241,0.0,0.0008333472224535399,0.5753424657534219,0.0
23582,19.65199419990333,0.5753424657534246,560,681,1241,0.0,0.0008333472224535399,0.575181305398869,-0.00016116035455278067
23583,19.652827547125785,0.5761482675261885,560,681,1241,0.0008058017727639033,0.0008333472224535399,0.5752618855761454,8.058017727639034e-05
23584,19.65366089434824,0.5769540692989524,560,681,1241,0.0008058017727639033,0.0008333472224535399,0.5754230459306983,0.00016116035455278067
23585,19.654494241570692,0.5769540692989524,560,681,1241,0.0,0.0008333472224535399,0.575584206285251,0.00016116035455278067
23586,19.65532758879315,0.5769540692989524,560,681,1241,0.0,0.0008333472224570926,0.5757453666398038,0.00016116035455278067
23587,19.656160936015603,0.5761482675261885,560,681,1241,-0.0008058017727639033,0.0008333472224535399,0.5759065269943566,0.00016116035455278067
23588,19.656994283238056,0.5769540692989524,560,681,1241,0.0008058017727639033,0.0008333472224535399,0.5761482675261858,0.00024174053182917098
23589,19.65782763046051,0.5769540692989524,560,681,1241,0.0,0.0008333472224535399,0.5763094278807385,0.00016116035455278067
23590,19.658660977682963,0.5785656728444802,560,681,1241,0.0016116035455278066,0.0008333472224535399,0.576631748589844,0.00032232070910556134
23591,19.659494324905417,0.5785656728444802,560,681,1241,0.0,0.0008333472224535399,0.5769540692989497,0.00032232070910556134
23592,19.66032767212787,0.5785656728444802,560,681,1241,0.0,0.0008333472224535399,0.5772763900080552,0.00032232070910556134
23593,19.661161019350324,0.5785656728444802,560,681,1241,0.0,0.0008333472224535399,0.5775181305398843,0.00024174053182917098
23594,19.661994366572777,0.5785656728444802,560,681,1241,0.0,0.0008333472224535399,0.577679290894437,0.00016116035455278067
23595,19.66282771379523,0.5793714746172441,560,681,1241,0.0008058017727639033,0.0008333472224535399,0.5779210314262663,0.00024174053182917098
23596,19.663661061017685,0.580177276390008,560,681,1241,0.0008058017727639033,0.0008333472224535399,0.5782433521353718,0.00032232070910556134
23597,19.664494408240138,0.580177276390008,560,681,1241,0.0,0.0008333472224535399,0.5786462530217538,0.00040290088638195165
23598,19.66532775546259,0.580177276390008,560,681,1241,0.0,0.0008333472224535399,0.5789685737308593,0.00032232070910556134
23599,19.666161102685045,0.580177276390008,560,681,1241,0.0,0.0008333472224535399,0.5792908944399648,0.00032232070910556134
23600,19.6669944499075,0.580177276390008,560,681,1241,0.0,0.0008333472224535399,0.5794520547945177,0.00016116035455278067
23601,19.667827797129952,0.580983078162772,560,681,1241,0.0008058017727639033,0.0008333472224535399,0.5796937953263469,0.00024174053182917098
23602,19.668661144352406,0.580983078162772,560,681,1241,0.0,0.0008333472224535399,0.5799355358581761,0.00024174053182917098
23603,19.66949449157486,0.580983078162772,560,681,1241,0.0,0.0008333472224535399,0.5801772763900053,0.00024174053182917098
23604,19.670327838797313,0.580983078162772,560,681,1241,0.0,0.0008333472224535399,0.5804190169218345,0.00024174053182917098
23605,19.671161186019766,0.5817888799355359,560,681,1241,0.0008058017727639033,0.0008333472224535399,0.5806607574536636,0.00024174053182917098
23606,19.67199453324222,0.5817888799355359,560,681,1241,0.0,0.0008333472224535399,0.5808219178082165,0.00016116035455278067
23607,19.672827880464677,0.5817888799355359,560,681,1241,0.0,0.0008333472224570926,0.5809830781627692,0.00016116035455278067
23608,19.67366122768713,0.5817888799355359,560,681,1241,0.0,0.0008333472224535399,0.581144238517322,0.00016116035455278067
23609,19.674494574909584,0.580983078162772,560,681,1241,-0.0008058017727639033,0.0008333472224535399,0.5812248186945984,8.058017727639034e-05
23610,19.675327922132038,0.5817888799355359,560,681,1241,0.0008058017727639033,0.0008333472224535399,0.5813859790491512,0.00016116035455278067
23611,19.67616126935449,0.5817888799355359,560,681,1241,0.0,0.0008333472224535399,0.5814665592264275,8.058017727639034e-05
23612,19.676994616576945,0.5817888799355359,560,681,1241,0.0,0.0008333472224535399,0.581547139403704,8.058017727639034e-05
23613,19.6778279637994,0.5825946817082998,560,681,1241,0.0008058017727639033,0.0008333472224535399,0.5817082997582567,0.00016116035455278067
23614,19.678661311021852,0.5825946817082998,560,681,1241,0.0,0.0008333472224535399,0.5818694601128095,0.00016116035455278067
23615,19.679494658244305,0.5834004834810637,560,681,1241,0.0008058017727639033,0.0008333472224535399,0.5820306204673622,0.00016116035455278067
23616,19.68032800546676,0.5842062852538276,560,681,1241,0.0008058017727639033,0.0008333472224535399,0.5822723609991914,0.00024174053182917098
23617,19.681161352689212,0.5842062852538276,560,681,1241,0.0,0.0008333472224535399,0.5825141015310207,0.00024174053182917098
23618,19.681994699911666,0.5842062852538276,560,681,1241,0.0,0.0008333472224535399,0.5827558420628499,0.00024174053182917098
23619,19.68282804713412,0.5842062852538276,560,681,1241,0.0,0.0008333472224535399,0.5830781627719555,0.00032232070910556134
23620,19.683661394356573,0.5842062852538276,560,681,1241,0.0,0.0008333472224535399,0.5833199033037847,0.00024174053182917098
23621,19.684494741579027,0.5842062852538276,560,681,1241,0.0,0.0008333472224535399,0.5835616438356139,0.00024174053182917098
23622,19.68532808880148,0.5850120870265915,560,681,1241,0.0008058017727639033,0.0008333472224535399,0.5838839645447195,0.00032232070910556134
23623,19.686161436023934,0.5850120870265915,560,681,1241,0.0,0.0008333472224535399,0.5841257050765486,0.00024174053182917098
23624,19.686994783246387,0.5842062852538276,560,681,1241,-0.0008058017727639033,0.0008333472224535399,0.5842868654311013,0.00016116035455278067
23625,19.68782813046884,0.5842062852538276,560,681,1241,0.0,0.0008333472224535399,0.5843674456083778,8.058017727639034e-05
23626,19.688661477691294,0.5842062852538276,560,681,1241,0.0,0.0008333472224535399,0.5843674456083778,0.0
23627,19.689494824913748,0.5834004834810637,560,681,1241,-0.0008058017727639033,0.0008333472224535399,0.5842868654311013,-8.058017727639034e-05
23628,19.6903281721362,0.5834004834810637,560,681,1241,0.0,0.0008333472224535399,0.5842062852538249,-8.058017727639034e-05
23629,19.69116151935866,0.5834004834810637,560,681,1241,0.0,0.0008333472224570926,0.5841257050765485,-8.058017727639034e-05
23630,19.691994866581112,0.5834004834810637,560,681,1241,0.0,0.0008333472224535399,0.5840451248992721,-8.058017727639034e-05
23631,19.692828213803566,0.5834004834810637,560,681,1241,0.0,0.0008333472224535399,0.5839645447219957,-8.058017727639034e-05
23632,19.69366156102602,0.5834004834810637,560,681,1241,0.0,0.0008333472224535399,0.5838033843674428,-0.00016116035455278067
23633,19.694494908248473,0.5842062852538276,560,681,1241,0.0008058017727639033,0.0008333472224535399,0.5837228041901665,-8.058017727639034e-05
23634,19.695328255470926,0.5842062852538276,560,681,1241,0.0,0.0008333472224535399,0.5837228041901665,0.0
23635,19.69616160269338,0.5842062852538276,560,681,1241,0.0,0.0008333472224535399,0.5837228041901665,0.0
23636,19.696994949915833,0.5842062852538276,560,681,1241,0.0,0.0008333472224535399,0.5837228041901665,0.0
23637,19.697828297138287,0.5850120870265915,560,681,1241,0.0008058017727639033,0.0008333472224535399,0.5838839645447192,0.00016116035455278067
23638,19.69866164436074,0.5834004834810637,560,681,1241,-0.0016116035455278066,0.0008333472224535399,0.5838839645447192,0.0
23639,19.699494991583194,0.5825946817082998,560,681,1241,-0.0008058017727639033,0.0008333472224535399,0.583803384367443,-8.058017727639034e-05
23640,19.700328338805647,0.5825946817082998,560,681,1241,0.0,0.0008333472224535399,0.5837228041901665,-8.058017727639034e-05
23641,19.7011616860281,0.5817888799355359,560,681,1241,-0.0008058017727639033,0.0008333472224535399,0.5835616438356138,-0.00016116035455278067
23642,19.701995033250554,0.5834004834810637,560,681,1241,0.0016116035455278066,0.0008333472224535399,0.5835616438356138,0.0
23643,19.702828380473008,0.5834004834810637,560,681,1241,0.0,0.0008333472224535399,0.5834810636583374,-8.058017727639034e-05
23644,19.70366172769546,0.5834004834810637,560,681,1241,0.0,0.0008333472224535399,0.5834004834810609,-8.058017727639034e-05
23645,19.704495074917915,0.5834004834810637,560,681,1241,0.0,0.0008333472224535399,0.5833199033037845,-8.058017727639034e-05
23646,19.70532842214037,0.5834004834810637,560,681,1241,0.0,0.0008333472224535399,0.5832393231265081,-8.058017727639034e-05
23647,19.706161769362822,0.5834004834810637,560,681,1241,0.0,0.0008333472224535399,0.5830781627719552,-0.00016116035455278067
23648,19.706995116585276,0.5834004834810637,560,681,1241,0.0,0.0008333472224535399,0.5830781627719552,0.0
23649,19.70782846380773,0.5834004834810637,560,681,1241,0.0,0.0008333472224535399,0.5831587429492316,8.058017727639034e-05
23650,19.708661811030186,0.5834004834810637,560,681,1241,0.0,0.0008333472224570926,0.583239323126508,8.058017727639034e-05
23651,19.70949515825264,0.5834004834810637,560,681,1241,0.0,0.0008333472224535399,0.5834004834810608,0.00016116035455278067
23652,19.710328505475093,0.5834004834810637,560,681,1241,0.0,0.0008333472224535399,0.5834004834810608,0.0
23653,19.711161852697547,0.5834004834810637,560,681,1241,0.0,0.0008333472224535399,0.5834004834810608,0.0
23654,19.71199519992,0.5842062852538276,560,681,1241,0.0008058017727639033,0.0008333472224535399,0.5834810636583372,8.058017727639034e-05
23655,19.712828547142454,0.5842062852538276,560,681,1241,0.0,0.0008333472224535399,0.5835616438356136,8.058017727639034e-05
23656,19.713661894364908,0.5842062852538276,560,681,1241,0.0,0.0008333472224535399,0.58364222401289,8.058017727639034e-05
23657,19.71449524158736,0.5842062852538276,560,681,1241,0.0,0.0008333472224535399,0.5837228041901665,8.058017727639034e-05
23658,19.715328588809815,0.5834004834810637,560,681,1241,-0.0008058017727639033,0.0008333472224535399,0.5837228041901665,0.0
23659,19.716161936032268,0.5842062852538276,560,681,1241,0.0008058017727639033,0.0008333472224535399,0.583803384367443,8.058017727639034e-05
23660,19.71699528325472,0.5842062852538276,560,681,1241,0.0,0.0008333472224535399,0.5838839645447194,8.058017727639034e-05
23661,19.717828630477175,0.5842062852538276,560,681,1241,0.0,0.0008333472224535399,0.5839645447219958,8.058017727639034e-05
23662,19.71866197769963,0.5842062852538276,560,681,1241,0.0,0.0008333472224535399,0.5840451248992722,8.058017727639034e-05
23663,19.719495324922082,0.5842062852538276,560,681,1241,0.0,0.0008333472224535399,0.5841257050765487,8.058017727639034e-05
23664,19.720328672144536,0.5842062852538276,560,681,1241,0.0,0.0008333472224535399,0.5841257050765487,0.0
23665,19.72116201936699,0.5825946817082998,560,681,1241,-0.0016116035455278066,0.0008333472224535399,0.5839645447219959,-0.00016116035455278067
23666,19.721995366589443,0.5817888799355359,560,681,1241,-0.0008058017727639033,0.0008333472224535399,0.5837228041901666,-0.00024174053182917098
23667,19.722828713811897,0.5817888799355359,560,681,1241,0.0,0.0008333472224535399,0.5834810636583374,-0.00024174053182917098
23668,19.72366206103435,0.5817888799355359,560,681,1241,0.0,0.0008333472224535399,0.5833199033037847,-0.00016116035455278067
23669,19.724495408256804,0.5817888799355359,560,681,1241,0.0,0.0008333472224535399,0.5830781627719555,-0.00024174053182917098
23670,19.725328755479257,0.5817888799355359,560,681,1241,0.0,0.0008333472224535399,0.5828364222401262,-0.00024174053182917098
23671,19.726162102701714,0.5817888799355359,560,681,1241,0.0,0.0008333472224570926,0.582594681708297,-0.00024174053182917098
23672,19.726995449924168,0.5817888799355359,560,681,1241,0.0,0.0008333472224535399,0.5823529411764679,-0.00024174053182917098
23673,19.72782879714662,0.5825946817082998,560,681,1241,0.0008058017727639033,0.0008333472224535399,0.582191780821915,-0.00016116035455278067
23674,19.728662144369075,0.5825946817082998,560,681,1241,0.0,0.0008333472224535399,0.5820306204673622,-0.00016116035455278067
23675,19.72949549159153,0.5825946817082998,560,681,1241,0.0,0.0008333472224535399,0.5820306204673622,0.0
23676,19.730328838813982,0.5817888799355359,560,681,1241,-0.0008058017727639033,0.0008333472224535399,0.5820306204673622,0.0
23677,19.731162186036435,0.5817888799355359,560,681,1241,0.0,0.0008333472224535399,0.5820306204673622,0.0
23678,19.73199553325889,0.5817888799355359,560,681,1241,0.0,0.0008333472224535399,0.5820306204673622,0.0
23679,19.732828880481343,0.5817888799355359,560,681,1241,0.0,0.0008333472224535399,0.5820306204673622,0.0
23680,19.733662227703796,0.5817888799355359,560,681,1241,0.0,0.0008333472224535399,0.5820306204673622,0.0
23681,19.73449557492625,0.5817888799355359,560,681,1241,0.0,0.0008333472224535399,0.5820306204673622,0.0
23682,19.735328922148703,0.580983078162772,560,681,1241,-0.0008058017727639033,0.0008333472224535399,0.5819500402900859,-8.058017727639034e-05
23683,19.736162269371157,0.580983078162772,560,681,1241,0.0,0.0008333472224535399,0.5817888799355331,-0.00016116035455278067
23684,19.73699561659361,0.580983078162772,560,681,1241,0.0,0.0008333472224535399,0.5816277195809804,-0.00016116035455278067
23685,19.737828963816064,0.580983078162772,560,681,1241,0.0,0.0008333472224535399,0.5814665592264275,-0.00016116035455278067
23686,19.738662311038517,0.580983078162772,560,681,1241,0.0,0.0008333472224535399,0.5813859790491512,-8.058017727639034e-05
23687,19.73949565826097,0.5817888799355359,560,681,1241,0.0008058017727639033,0.0008333472224535399,0.5813859790491512,0.0
23688,19.740329005483424,0.5817888799355359,560,681,1241,0.0,0.0008333472224535399,0.5813859790491512,0.0
23689,19.741162352705878,0.5817888799355359,560,681,1241,0.0,0.0008333472224535399,0.5813859790491512,0.0
23690,19.74199569992833,0.5817888799355359,560,681,1241,0.0,0.0008333472224535399,0.5813859790491512,0.0
23691,19.742829047150785,0.5825946817082998,560,681,1241,0.0008058017727639033,0.0008333472224535399,0.5814665592264276,8.058017727639034e-05
23692,19.743662394373242,0.5825946817082998,560,681,1241,0.0,0.0008333472224570926,0.5816277195809805,0.00016116035455278067
23693,19.744495741595696,0.5825946817082998,560,681,1241,0.0,0.0008333472224535399,0.5817888799355332,0.00016116035455278067
23694,19.74532908881815,0.5825946817082998,560,681,1241,0.0,0.0008333472224535399,0.581950040290086,0.00016116035455278067
23695,19.746162436040603,0.5817888799355359,560,681,1241,-0.0008058017727639033,0.0008333472224535399,0.5820306204673623,8.058017727639034e-05
23696,19.746995783263056,0.5817888799355359,560,681,1241,0.0,0.0008333472224535399,0.5821112006446387,8.058017727639034e-05
23697,19.74782913048551,0.5817888799355359,560,681,1241,0.0,0.0008333472224535399,0.5821112006446387,0.0
23698,19.748662477707963,0.5817888799355359,560,681,1241,0.0,0.0008333472224535399,0.5821112006446387,0.0
23699,19.749495824930417,0.5817888799355359,560,681,1241,0.0,0.0008333472224535399,0.5821112006446387,0.0
23700,19.75032917215287,0.5817888799355359,560,681,1241,0.0,0.0008333472224535399,0.5821112006446387,0.0
23701,19.751162519375324,0.5817888799355359,560,681,1241,0.0,0.0008333472224535399,0.5820306204673622,-8.058017727639034e-05
23702,19.751995866597778,0.5825946817082998,560,681,1241,0.0008058017727639033,0.0008333472224535399,0.5820306204673622,0.0
23703,19.75282921382023,0.5842062852538276,560,681,1241,0.0016116035455278066,0.0008333472224535399,0.582191780821915,0.00016116035455278067
23704,19.753662561042685,0.5850120870265915,560,681,1241,0.0008058017727639033,0.0008333472224535399,0.5824335213537442,0.00024174053182917098
23705,19.754495908265138,0.5850120870265915,560,681,1241,0.0,0.0008333472224535399,0.5827558420628497,0.00032232070910556134
23706,19.75532925548759,0.5858178887993554,560,681,1241,0.0008058017727639033,0.0008333472224535399,0.5831587429492318,0.00040290088638195165
23707,19.756162602710045,0.5866236905721193,560,681,1241,0.0008058017727639033,0.0008333472224535399,0.58364222401289,0.00048348106365834196
23708,19.7569959499325,0.5866236905721193,560,681,1241,0.0,0.0008333472224535399,0.5841257050765484,0.00048348106365834196
23709,19.757829297154952,0.5866236905721193,560,681,1241,0.0,0.0008333472224535399,0.5846091861402067,0.00048348106365834196
23710,19.758662644377406,0.5866236905721193,560,681,1241,0.0,0.0008333472224535399,0.5850926672038651,0.00048348106365834196
23711,19.75949599159986,0.5858178887993554,560,681,1241,-0.0008058017727639033,0.0008333472224535399,0.585495568090247,0.00040290088638195165
23712,19.760329338822313,0.5866236905721193,560,681,1241,0.0008058017727639033,0.0008333472224535399,0.585898468976629,0.00040290088638195165
23713,19.76116268604477,0.5874294923448832,560,681,1241,0.0008058017727639033,0.0008333472224570926,0.5862207896857345,0.00032232070910556134
23714,19.761996033267224,0.5866236905721193,560,681,1241,-0.0008058017727639033,0.0008333472224535399,0.5863819500402874,0.00016116035455278067
23715,19.762829380489677,0.5874294923448832,560,681,1241,0.0008058017727639033,0.0008333472224535399,0.5866236905721165,0.00024174053182917098
23716,19.76366272771213,0.5882352941176471,560,681,1241,0.0008058017727639033,0.0008333472224535399,0.5868654311039456,0.00024174053182917098
23717,19.764496074934584,0.589041095890411,560,681,1241,0.0008058017727639033,0.0008333472224535399,0.5871071716357749,0.00024174053182917098
23718,19.765329422157038,0.5898468976631749,560,681,1241,0.0008058017727639033,0.0008333472224535399,0.5874294923448804,0.00032232070910556134
23719,19.76616276937949,0.589041095890411,560,681,1241,-0.0008058017727639033,0.0008333472224535399,0.5876712328767096,0.00024174053182917098
23720,19.766996116601945,0.5882352941176471,560,681,1241,-0.0008058017727639033,0.0008333472224535399,0.5878323932312625,0.00016116035455278067
23721,19.7678294638244,0.5882352941176471,560,681,1241,0.0,0.0008333472224535399,0.5880741337630916,0.00024174053182917098
23722,19.768662811046852,0.5882352941176471,560,681,1241,0.0,0.0008333472224535399,0.5882352941176443,0.00016116035455278067
23723,19.769496158269305,0.5874294923448832,560,681,1241,-0.0008058017727639033,0.0008333472224535399,0.5882352941176443,0.0
23724,19.77032950549176,0.5874294923448832,560,681,1241,0.0,0.0008333472224535399,0.5883158742949208,8.058017727639034e-05
23725,19.771162852714212,0.5874294923448832,560,681,1241,0.0,0.0008333472224535399,0.5883158742949208,0.0
23726,19.771996199936666,0.5874294923448832,560,681,1241,0.0,0.0008333472224535399,0.5882352941176444,-8.058017727639034e-05
23727,19.77282954715912,0.5874294923448832,560,681,1241,0.0,0.0008333472224535399,0.5880741337630917,-0.00016116035455278067
23728,19.773662894381573,0.5874294923448832,560,681,1241,0.0,0.0008333472224535399,0.5878323932312626,-0.00024174053182917098
23729,19.774496241604027,0.5874294923448832,560,681,1241,0.0,0.0008333472224535399,0.5876712328767097,-0.00016116035455278067
23730,19.77532958882648,0.5874294923448832,560,681,1241,0.0,0.0008333472224535399,0.5875906526994334,-8.058017727639034e-05
23731,19.776162936048934,0.5874294923448832,560,681,1241,0.0,0.0008333472224535399,0.587510072522157,-8.058017727639034e-05
23732,19.776996283271387,0.5882352941176471,560,681,1241,0.0008058017727639033,0.0008333472224535399,0.587510072522157,0.0
23733,19.77782963049384,0.589041095890411,560,681,1241,0.0008058017727639033,0.0008333472224535399,0.5876712328767099,0.00016116035455278067
23734,19.778662977716294,0.5882352941176471,560,681,1241,-0.0008058017727639033,0.0008333472224535399,0.5877518130539862,8.058017727639034e-05
23735,19.77949632493875,0.5882352941176471,560,681,1241,0.0,0.0008333472224570926,0.5878323932312626,8.058017727639034e-05
23736,19.780329672161205,0.5882352941176471,560,681,1241,0.0,0.0008333472224535399,0.5879129734085389,8.058017727639034e-05
23737,19.78116301938366,0.5898468976631749,560,681,1241,0.0016116035455278066,0.0008333472224535399,0.588154713940368,0.00024174053182917098
23738,19.781996366606112,0.5906526994359388,560,681,1241,0.0008058017727639033,0.0008333472224535399,0.5884770346494735,0.00032232070910556134
23739,19.782829713828566,0.5906526994359388,560,681,1241,0.0,0.0008333472224535399,0.5887993553585791,0.00032232070910556134
23740,19.78366306105102,0.5906526994359388,560,681,1241,0.0,0.0008333472224535399,0.5891216760676847,0.00032232070910556134
23741,19.784496408273473,0.5906526994359388,560,681,1241,0.0,0.0008333472224535399,0.5894439967767903,0.00032232070910556134
23742,19.785329755495926,0.5898468976631749,560,681,1241,-0.0008058017727639033,0.0008333472224535399,0.589605157131343,0.00016116035455278067
23743,19.78616310271838,0.5898468976631749,560,681,1241,0.0,0.0008333472224535399,0.5896857373086194,8.058017727639034e-05
23744,19.786996449940833,0.5898468976631749,560,681,1241,0.0,0.0008333472224535399,0.5898468976631721,0.00016116035455278067
23745,19.787829797163287,0.589041095890411,560,681,1241,-0.0008058017727639033,0.0008333472224535399,0.5899274778404486,8.058017727639034e-05
23746,19.78866314438574,0.589041095890411,560,681,1241,0.0,0.0008333472224535399,0.590008058017725,8.058017727639034e-05
23747,19.789496491608194,0.589041095890411,560,681,1241,0.0,0.0008333472224535399,0.5899274778404486,-8.058017727639034e-05
23748,19.790329838830647,0.589041095890411,560,681,1241,0.0,0.0008333472224535399,0.5897663174858959,-0.00016116035455278067
23749,19.7911631860531,0.5882352941176471,560,681,1241,-0.0008058017727639033,0.0008333472224535399,0.5895245769540667,-0.00024174053182917098
23750,19.791996533275555,0.5882352941176471,560,681,1241,0.0,0.0008333472224535399,0.5892828364222374,-0.00024174053182917098
23751,19.792829880498008,0.5874294923448832,560,681,1241,-0.0008058017727639033,0.0008333472224535399,0.5889605157131319,-0.00032232070910556134
23752,19.79366322772046,0.5874294923448832,560,681,1241,0.0,0.0008333472224535399,0.5887187751813028,-0.00024174053182917098
23753,19.794496574942915,0.5850120870265915,560,681,1241,-0.00241740531829171,0.0008333472224535399,0.5882352941176444,-0.00048348106365834196
23754,19.79532992216537,0.5850120870265915,560,681,1241,0.0,0.0008333472224535399,0.587751813053986,-0.00048348106365834196
23755,19.796163269387822,0.5850120870265915,560,681,1241,0.0,0.0008333472224535399,0.5873489121676041,-0.00040290088638195165
23756,19.79699661661028,0.5842062852538276,560,681,1241,-0.0008058017727639033,0.0008333472224570926,0.5868654311039457,-0.00048348106365834196
23757,19.797829963832733,0.5834004834810637,560,681,1241,-0.0008058017727639033,0.0008333472224535399,0.586301369863011,-0.0005640612409347323
23758,19.798663311055186,0.5842062852538276,560,681,1241,0.0008058017727639033,0.0008333472224535399,0.5858178887993526,-0.00048348106365834196
23759,19.79949665827764,0.5842062852538276,560,681,1241,0.0,0.0008333472224535399,0.5854149879129708,-0.00040290088638195165
23760,19.800330005500093,0.5842062852538276,560,681,1241,0.0,0.0008333472224535399,0.5850120870265888,-0.00040290088638195165
23761,19.801163352722547,0.5842062852538276,560,681,1241,0.0,0.0008333472224535399,0.5846897663174833,-0.00032232070910556134
23762,19.801996699945,0.5842062852538276,560,681,1241,0.0,0.0008333472224535399,0.5843674456083777,-0.00032232070910556134
23763,19.802830047167454,0.5842062852538276,560,681,1241,0.0,0.0008333472224535399,0.5842868654311013,-8.058017727639034e-05
23764,19.803663394389908,0.5842062852538276,560,681,1241,0.0,0.0008333472224535399,0.584206285253825,-8.058017727639034e-05
23765,19.80449674161236,0.5850120870265915,560,681,1241,0.0008058017727639033,0.0008333472224535399,0.584206285253825,0.0
23766,19.805330088834815,0.5850120870265915,560,681,1241,0.0,0.0008333472224535399,0.5842868654311013,8.058017727639034e-05
23767,19.80616343605727,0.5850120870265915,560,681,1241,0.0,0.0008333472224535399,0.5844480257856541,0.00016116035455278067
23768,19.806996783279722,0.5850120870265915,560,681,1241,0.0,0.0008333472224535399,0.5845286059629304,8.058017727639034e-05
23769,19.807830130502175,0.5858178887993554,560,681,1241,0.0008058017727639033,0.0008333472224535399,0.5846897663174833,0.00016116035455278067
23770,19.80866347772463,0.5850120870265915,560,681,1241,-0.0008058017727639033,0.0008333472224535399,0.5847703464947596,8.058017727639034e-05
23771,19.809496824947082,0.5850120870265915,560,681,1241,0.0,0.0008333472224535399,0.584850926672036,8.058017727639034e-05
23772,19.810330172169536,0.5850120870265915,560,681,1241,0.0,0.0008333472224535399,0.5849315068493123,8.058017727639034e-05
23773,19.81116351939199,0.5858178887993554,560,681,1241,0.0008058017727639033,0.0008333472224535399,0.5850926672038651,0.00016116035455278067
23774,19.811996866614443,0.5858178887993554,560,681,1241,0.0,0.0008333472224535399,0.5852538275584178,0.00016116035455278067
23775,19.812830213836897,0.5866236905721193,560,681,1241,0.0008058017727639033,0.0008333472224535399,0.5854149879129706,0.00016116035455278067
23776,19.81366356105935,0.5858178887993554,560,681,1241,-0.0008058017727639033,0.0008333472224535399,0.585495568090247,8.058017727639034e-05
23777,19.814496908281807,0.5858178887993554,560,681,1241,0.0,0.0008333472224570926,0.5855761482675235,8.058017727639034e-05
23778,19.81533025550426,0.5858178887993554,560,681,1241,0.0,0.0008333472224535399,0.5856567284448,8.058017727639034e-05
23779,19.816163602726714,0.5850120870265915,560,681,1241,-0.0008058017727639033,0.0008333472224535399,0.5855761482675235,-8.058017727639034e-05
23780,19.816996949949168,0.5850120870265915,560,681,1241,0.0,0.0008333472224535399,0.5855761482675235,0.0
23781,19.81783029717162,0.5850120870265915,560,681,1241,0.0,0.0008333472224535399,0.5855761482675235,0.0
23782,19.818663644394075,0.5850120870265915,560,681,1241,0.0,0.0008333472224535399,0.5855761482675235,0.0
23783,19.81949699161653,0.5850120870265915,560,681,1241,0.0,0.0008333472224535399,0.585495568090247,-8.058017727639034e-05
23784,19.820330338838982,0.5850120870265915,560,681,1241,0.0,0.0008333472224535399,0.5854149879129706,-8.058017727639034e-05
23785,19.821163686061436,0.5842062852538276,560,681,1241,-0.0008058017727639033,0.0008333472224535399,0.5851732473811415,-0.00024174053182917098
23786,19.82199703328389,0.5842062852538276,560,681,1241,0.0,0.0008333472224535399,0.5850120870265887,-0.00016116035455278067
23787,19.822830380506343,0.5842062852538276,560,681,1241,0.0,0.0008333472224535399,0.584850926672036,-0.00016116035455278067
23788,19.823663727728796,0.5850120870265915,560,681,1241,0.0008058017727639033,0.0008333472224535399,0.5847703464947596,-8.058017727639034e-05
23789,19.82449707495125,0.5850120870265915,560,681,1241,0.0,0.0008333472224535399,0.5847703464947596,0.0
23790,19.825330422173703,0.5850120870265915,560,681,1241,0.0,0.0008333472224535399,0.5847703464947596,0.0
23791,19.826163769396157,0.5850120870265915,560,681,1241,0.0,0.0008333472224535399,0.5847703464947596,0.0
23792,19.82699711661861,0.5858178887993554,560,681,1241,0.0008058017727639033,0.0008333472224535399,0.584850926672036,8.058017727639034e-05
23793,19.827830463841064,0.5858178887993554,560,681,1241,0.0,0.0008333472224535399,0.5849315068493124,8.058017727639034e-05
23794,19.828663811063517,0.5858178887993554,560,681,1241,0.0,0.0008333472224535399,0.5850120870265888,8.058017727639034e-05
23795,19.82949715828597,0.5874294923448832,560,681,1241,0.0016116035455278066,0.0008333472224535399,0.5853344077356943,0.00032232070910556134
23796,19.830330505508424,0.5874294923448832,560,681,1241,0.0,0.0008333472224535399,0.5856567284448,0.00032232070910556134
23797,19.831163852730878,0.5882352941176471,560,681,1241,0.0008058017727639033,0.0008333472224535399,0.5860596293311818,0.00040290088638195165
23798,19.831997199953335,0.589041095890411,560,681,1241,0.0008058017727639033,0.0008333472224570926,0.5864625302175639,0.00040290088638195165
23799,19.83283054717579,0.589041095890411,560,681,1241,0.0,0.0008333472224535399,0.5868654311039458,0.00040290088638195165
23800,19.833663894398242,0.589041095890411,560,681,1241,0.0,0.0008333472224535399,0.5872683319903278,0.00040290088638195165
23801,19.834497241620696,0.5882352941176471,560,681,1241,-0.0008058017727639033,0.0008333472224535399,0.5875906526994334,0.00032232070910556134
23802,19.83533058884315,0.5874294923448832,560,681,1241,-0.0008058017727639033,0.0008333472224535399,0.5877518130539862,0.00016116035455278067
23803,19.836163936065603,0.5874294923448832,560,681,1241,0.0,0.0008333472224535399,0.587912973408539,0.00016116035455278067
23804,19.836997283288056,0.5866236905721193,560,681,1241,-0.0008058017727639033,0.0008333472224535399,0.5879935535858153,8.058017727639034e-05
23805,19.83783063051051,0.5858178887993554,560,681,1241,-0.0008058017727639033,0.0008333472224535399,0.5878323932312626,-0.00016116035455278067
23806,19.838663977732963,0.5842062852538276,560,681,1241,-0.0016116035455278066,0.0008333472224535399,0.5875100725221569,-0.00032232070910556134
23807,19.839497324955417,0.5842062852538276,560,681,1241,0.0,0.0008333472224535399,0.5871071716357751,-0.00040290088638195165
23808,19.84033067217787,0.5842062852538276,560,681,1241,0.0,0.0008333472224535399,0.5866236905721167,-0.00048348106365834196
23809,19.841164019400324,0.5842062852538276,560,681,1241,0.0,0.0008333472224535399,0.5861402095084584,-0.00048348106365834196
23810,19.841997366622778,0.5834004834810637,560,681,1241,-0.0008058017727639033,0.0008333472224535399,0.5855761482675236,-0.0005640612409347323
23811,19.84283071384523,0.5834004834810637,560,681,1241,0.0,0.0008333472224535399,0.5850926672038652,-0.00048348106365834196
23812,19.843664061067685,0.5834004834810637,560,681,1241,0.0,0.0008333472224535399,0.5846897663174833,-0.00040290088638195165
23813,19.844497408290138,0.5834004834810637,560,681,1241,0.0,0.0008333472224535399,0.5842868654311013,-0.00040290088638195165
23814,19.84533075551259,0.5825946817082998,560,681,1241,-0.0008058017727639033,0.0008333472224535399,0.5838839645447194,-0.00040290088638195165
23815,19.846164102735045,0.5817888799355359,560,681,1241,-0.0008058017727639033,0.0008333472224535399,0.5834810636583374,-0.00040290088638195165
23816,19.8469974499575,0.5817888799355359,560,681,1241,0.0,0.0008333472224535399,0.5832393231265082,-0.00024174053182917098
23817,19.847830797179952,0.5817888799355359,560,681,1241,0.0,0.0008333472224535399,0.5829975825946789,-0.00024174053182917098
23818,19.848664144402406,0.5817888799355359,560,681,1241,0.0,0.0008333472224535399,0.5827558420628497,-0.00024174053182917098
23819,19.849497491624863,0.5817888799355359,560,681,1241,0.0,0.0008333472224570926,0.5825141015310205,-0.00024174053182917098
23820,19.850330838847317,0.5817888799355359,560,681,1241,0.0,0.0008333472224535399,0.5823529411764677,-0.00016116035455278067
23821,19.85116418606977,0.580983078162772,560,681,1241,-0.0008058017727639033,0.0008333472224535399,0.5821112006446386,-0.00024174053182917098
23822,19.851997533292224,0.580983078162772,560,681,1241,0.0,0.0008333472224535399,0.5818694601128095,-0.00024174053182917098
23823,19.852830880514677,0.580983078162772,560,681,1241,0.0,0.0008333472224535399,0.5816277195809804,-0.00024174053182917098
23824,19.85366422773713,0.580983078162772,560,681,1241,0.0,0.0008333472224535399,0.5814665592264275,-0.00016116035455278067
23825,19.854497574959584,0.580983078162772,560,681,1241,0.0,0.0008333472224535399,0.5813859790491512,-8.058017727639034e-05
23826,19.855330922182038,0.580983078162772,560,681,1241,0.0,0.0008333472224535399,0.5813053988718748,-8.058017727639034e-05
23827,19.85616426940449,0.580983078162772,560,681,1241,0.0,0.0008333472224535399,0.5812248186945985,-8.058017727639034e-05
23828,19.856997616626945,0.580983078162772,560,681,1241,0.0,0.0008333472224535399,0.5811442385173222,-8.058017727639034e-05
23829,19.8578309638494,0.580983078162772,560,681,1241,0.0,0.0008333472224535399,0.5810636583400458,-8.058017727639034e-05
23830,19.858664311071852,0.580983078162772,560,681,1241,0.0,0.0008333472224535399,0.5809830781627695,-8.058017727639034e-05
23831,19.859497658294305,0.5817888799355359,560,681,1241,0.0008058017727639033,0.0008333472224535399,0.5810636583400458,8.058017727639034e-05
23832,19.86033100551676,0.580983078162772,560,681,1241,-0.0008058017727639033,0.0008333472224535399,0.5810636583400458,0.0
23833,19.861164352739213,0.580177276390008,560,681,1241,-0.0008058017727639033,0.0008333472224535399,0.5809830781627694,-8.058017727639034e-05
23834,19.861997699961666,0.5793714746172441,560,681,1241,-0.0008058017727639033,0.0008333472224535399,0.5808219178082166,-0.00016116035455278067
23835,19.86283104718412,0.5793714746172441,560,681,1241,0.0,0.0008333472224535399,0.5806607574536639,-0.00016116035455278067
23836,19.863664394406573,0.5793714746172441,560,681,1241,0.0,0.0008333472224535399,0.580499597099111,-0.00016116035455278067
23837,19.864497741629027,0.5793714746172441,560,681,1241,0.0,0.0008333472224535399,0.5803384367445583,-0.00016116035455278067
23838,19.86533108885148,0.5793714746172441,560,681,1241,0.0,0.0008333472224535399,0.5801772763900055,-0.00016116035455278067
23839,19.866164436073934,0.5793714746172441,560,681,1241,0.0,0.0008333472224535399,0.5800161160354527,-0.00016116035455278067
23840,19.86699778329639,0.5785656728444802,560,681,1241,-0.0008058017727639033,0.0008333472224570926,0.5797743755036235,-0.00024174053182917098
23841,19.867831130518844,0.5793714746172441,560,681,1241,0.0008058017727639033,0.0008333472224535399,0.5795326349717944,-0.00024174053182917098
23842,19.868664477741298,0.580177276390008,560,681,1241,0.0008058017727639033,0.0008333472224535399,0.5794520547945179,-8.058017727639034e-05
23843,19.86949782496375,0.580983078162772,560,681,1241,0.0008058017727639033,0.0008333472224535399,0.5795326349717944,8.058017727639034e-05
23844,19.870331172186205,0.580983078162772,560,681,1241,0.0,0.0008333472224535399,0.5796937953263471,0.00016116035455278067
23845,19.87116451940866,0.580177276390008,560,681,1241,-0.0008058017727639033,0.0008333472224535399,0.5797743755036235,8.058017727639034e-05
23846,19.871997866631112,0.580177276390008,560,681,1241,0.0,0.0008333472224535399,0.5798549556808998,8.058017727639034e-05
23847,19.872831213853566,0.5793714746172441,560,681,1241,-0.0008058017727639033,0.0008333472224535399,0.5798549556808998,0.0
23848,19.87366456107602,0.580177276390008,560,681,1241,0.0008058017727639033,0.0008333472224535399,0.5799355358581761,8.058017727639034e-05
23849,19.874497908298473,0.580177276390008,560,681,1241,0.0,0.0008333472224535399,0.5800161160354526,8.058017727639034e-05
23850,19.875331255520926,0.580177276390008,560,681,1241,0.0,0.0008333472224535399,0.5801772763900053,0.00016116035455278067
23851,19.87616460274338,0.580983078162772,560,681,1241,0.0008058017727639033,0.0008333472224535399,0.5803384367445581,0.00016116035455278067
23852,19.876997949965833,0.580983078162772,560,681,1241,0.0,0.0008333472224535399,0.5804190169218345,8.058017727639034e-05
23853,19.877831297188287,0.580983078162772,560,681,1241,0.0,0.0008333472224535399,0.5804190169218345,0.0
23854,19.87866464441074,0.5817888799355359,560,681,1241,0.0008058017727639033,0.0008333472224535399,0.5804995970991109,8.058017727639034e-05
23855,19.879497991633194,0.5817888799355359,560,681,1241,0.0,0.0008333472224535399,0.5806607574536636,0.00016116035455278067
23856,19.880331338855648,0.5817888799355359,560,681,1241,0.0,0.0008333472224535399,0.5808219178082165,0.00016116035455278067
23857,19.8811646860781,0.5817888799355359,560,681,1241,0.0,0.0008333472224535399,0.5810636583400456,0.00024174053182917098
23858,19.881998033300555,0.580983078162772,560,681,1241,-0.0008058017727639033,0.0008333472224535399,0.581144238517322,8.058017727639034e-05
23859,19.882831380523008,0.580983078162772,560,681,1241,0.0,0.0008333472224535399,0.5812248186945984,8.058017727639034e-05
23860,19.88366472774546,0.580983078162772,560,681,1241,0.0,0.0008333472224535399,0.5813053988718748,8.058017727639034e-05
23861,19.884498074967915,0.580983078162772,560,681,1241,0.0,0.0008333472224535399,0.5813053988718748,0.0
23862,19.885331422190372,0.580983078162772,560,681,1241,0.0,0.0008333472224570926,0.5813053988718748,0.0
23863,19.886164769412826,0.580983078162772,560,681,1241,0.0,0.0008333472224535399,0.5813053988718748,0.0
23864,19.88699811663528,0.580983078162772,560,681,1241,0.0,0.0008333472224535399,0.5812248186945985,-8.058017727639034e-05
23865,19.887831463857733,0.580983078162772,560,681,1241,0.0,0.0008333472224535399,0.5811442385173222,-8.058017727639034e-05
23866,19.888664811080186,0.5817888799355359,560,681,1241,0.0008058017727639033,0.0008333472224535399,0.5811442385173222,0.0
23867,19.88949815830264,0.5817888799355359,560,681,1241,0.0,0.0008333472224535399,0.5811442385173222,0.0
23868,19.890331505525094,0.5817888799355359,560,681,1241,0.0,0.0008333472224535399,0.5812248186945985,8.058017727639034e-05
23869,19.891164852747547,0.5817888799355359,560,681,1241,0.0,0.0008333472224535399,0.5813053988718748,8.058017727639034e-05
23870,19.89199819997,0.5817888799355359,560,681,1241,0.0,0.0008333472224535399,0.5813859790491512,8.058017727639034e-05
23871,19.892831547192454,0.5825946817082998,560,681,1241,0.0008058017727639033,0.0008333472224535399,0.581547139403704,0.00016116035455278067
23872,19.893664894414908,0.5825946817082998,560,681,1241,0.0,0.0008333472224535399,0.5817082997582568,0.00016116035455278067
23873,19.89449824163736,0.5842062852538276,560,681,1241,0.0016116035455278066,0.0008333472224535399,0.5820306204673623,0.00032232070910556134
23874,19.895331588859815,0.5842062852538276,560,681,1241,0.0,0.0008333472224535399,0.5823529411764679,0.00032232070910556134
23875,19.89616493608227,0.5842062852538276,560,681,1241,0.0,0.0008333472224535399,0.5826752618855735,0.00032232070910556134
23876,19.896998283304722,0.5834004834810637,560,681,1241,-0.0008058017727639033,0.0008333472224535399,0.5828364222401262,0.00016116035455278067
23877,19.897831630527175,0.5834004834810637,560,681,1241,0.0,0.0008333472224535399,0.582997582594679,0.00016116035455278067
23878,19.89866497774963,0.5834004834810637,560,681,1241,0.0,0.0008333472224535399,0.5831587429492318,0.00016116035455278067
23879,19.899498324972082,0.5834004834810637,560,681,1241,0.0,0.0008333472224535399,0.5833199033037846,0.00016116035455278067
23880,19.900331672194536,0.5834004834810637,560,681,1241,0.0,0.0008333472224535399,0.5834810636583374,0.00016116035455278067
23881,19.90116501941699,0.5834004834810637,560,681,1241,0.0,0.0008333472224535399,0.5835616438356137,8.058017727639034e-05
23882,19.901998366639443,0.5834004834810637,560,681,1241,0.0,0.0008333472224535399,0.58364222401289,8.058017727639034e-05
23883,19.9028317138619,0.5825946817082998,560,681,1241,-0.0008058017727639033,0.0008333472224570926,0.5834810636583373,-0.00016116035455278067
23884,19.903665061084354,0.5817888799355359,560,681,1241,-0.0008058017727639033,0.0008333472224535399,0.5832393231265081,-0.00024174053182917098
23885,19.904498408306807,0.5825946817082998,560,681,1241,0.0008058017727639033,0.0008333472224535399,0.5830781627719552,-0.00016116035455278067
23886,19.90533175552926,0.5825946817082998,560,681,1241,0.0,0.0008333472224535399,0.5829975825946789,-8.058017727639034e-05
23887,19.906165102751714,0.5825946817082998,560,681,1241,0.0,0.0008333472224535399,0.5829170024174026,-8.058017727639034e-05
23888,19.906998449974168,0.5834004834810637,560,681,1241,0.0008058017727639033,0.0008333472224535399,0.5829170024174026,0.0
23889,19.90783179719662,0.5834004834810637,560,681,1241,0.0,0.0008333472224535399,0.5829170024174026,0.0
23890,19.908665144419075,0.5825946817082998,560,681,1241,-0.0008058017727639033,0.0008333472224535399,0.5828364222401262,-8.058017727639034e-05
23891,19.90949849164153,0.5817888799355359,560,681,1241,-0.0008058017727639033,0.0008333472224535399,0.5826752618855735,-0.00016116035455278067
23892,19.910331838863982,0.580177276390008,560,681,1241,-0.0016116035455278066,0.0008333472224535399,0.5823529411764679,-0.00032232070910556134
23893,19.911165186086436,0.5793714746172441,560,681,1241,-0.0008058017727639033,0.0008333472224535399,0.5820306204673623,-0.00032232070910556134
23894,19.91199853330889,0.5793714746172441,560,681,1241,0.0,0.0008333472224535399,0.5817888799355332,-0.00024174053182917098
23895,19.912831880531343,0.5785656728444802,560,681,1241,-0.0008058017727639033,0.0008333472224535399,0.5813859790491512,-0.00040290088638195165
23896,19.913665227753796,0.5785656728444802,560,681,1241,0.0,0.0008333472224535399,0.5809830781627692,-0.00040290088638195165
23897,19.91449857497625,0.5777598710717163,560,681,1241,-0.0008058017727639033,0.0008333472224535399,0.5804995970991109,-0.00048348106365834196
23898,19.915331922198703,0.5777598710717163,560,681,1241,0.0,0.0008333472224535399,0.5799355358581761,-0.0005640612409347323
23899,19.916165269421157,0.5785656728444802,560,681,1241,0.0008058017727639033,0.0008333472224535399,0.5794520547945179,-0.00048348106365834196
23900,19.91699861664361,0.5785656728444802,560,681,1241,0.0,0.0008333472224535399,0.5790491539081358,-0.00040290088638195165
23901,19.917831963866064,0.5785656728444802,560,681,1241,0.0,0.0008333472224535399,0.5787268331990303,-0.00032232070910556134
23902,19.918665311088517,0.5785656728444802,560,681,1241,0.0,0.0008333472224535399,0.5785656728444775,-0.00016116035455278067
23903,19.91949865831097,0.5785656728444802,560,681,1241,0.0,0.0008333472224535399,0.578485092667201,-8.058017727639034e-05
23904,19.920332005533428,0.5785656728444802,560,681,1241,0.0,0.0008333472224570926,0.5784045124899246,-8.058017727639034e-05
23905,19.92116535275588,0.5785656728444802,560,681,1241,0.0,0.0008333472224535399,0.5784045124899246,0.0
23906,19.921998699978335,0.5769540692989524,560,681,1241,-0.0016116035455278066,0.0008333472224535399,0.5782433521353718,-0.00016116035455278067
23907,19.92283204720079,0.5761482675261885,560,681,1241,-0.0008058017727639033,0.0008333472224535399,0.5780821917808191,-0.00016116035455278067
23908,19.923665394423242,0.5761482675261885,560,681,1241,0.0,0.0008333472224535399,0.5779210314262663,-0.00016116035455278067
23909,19.924498741645696,0.5753424657534246,560,681,1241,-0.0008058017727639033,0.0008333472224535399,0.5775987107171607,-0.00032232070910556134
23910,19.92533208886815,0.5753424657534246,560,681,1241,0.0,0.0008333472224535399,0.5772763900080552,-0.00032232070910556134
23911,19.926165436090603,0.5753424657534246,560,681,1241,0.0,0.0008333472224535399,0.5769540692989497,-0.00032232070910556134
23912,19.926998783313056,0.5737308622078968,560,681,1241,-0.0016116035455278066,0.0008333472224535399,0.5764705882352913,-0.00048348106365834196
23913,19.92783213053551,0.5737308622078968,560,681,1241,0.0,0.0008333472224535399,0.5759871071716329,-0.00048348106365834196
23914,19.928665477757963,0.5737308622078968,560,681,1241,0.0,0.0008333472224535399,0.5755036261079746,-0.00048348106365834196
23915,19.929498824980417,0.5737308622078968,560,681,1241,0.0,0.0008333472224535399,0.5750201450443162,-0.00048348106365834196
23916,19.93033217220287,0.5745366639806607,560,681,1241,0.0008058017727639033,0.0008333472224535399,0.5747784045124871,-0.00024174053182917098
23917,19.931165519425324,0.5745366639806607,560,681,1241,0.0,0.0008333472224535399,0.5746172441579344,-0.00016116035455278067
23918,19.931998866647778,0.5745366639806607,560,681,1241,0.0,0.0008333472224535399,0.5744560838033815,-0.00016116035455278067
23919,19.93283221387023,0.5745366639806607,560,681,1241,0.0,0.0008333472224535399,0.5743755036261052,-8.058017727639034e-05
23920,19.933665561092685,0.5745366639806607,560,681,1241,0.0,0.0008333472224535399,0.5742949234488288,-8.058017727639034e-05
23921,19.93449890831514,0.5753424657534246,560,681,1241,0.0008058017727639033,0.0008333472224535399,0.5742949234488288,0.0
23922,19.935332255537592,0.5761482675261885,560,681,1241,0.0008058017727639033,0.0008333472224535399,0.5745366639806581,0.00024174053182917098
23923,19.936165602760045,0.5761482675261885,560,681,1241,0.0,0.0008333472224535399,0.5747784045124873,0.00024174053182917098
23924,19.9369989499825,0.5761482675261885,560,681,1241,0.0,0.0008333472224535399,0.5750201450443165,0.00024174053182917098
23925,19.937832297204956,0.5761482675261885,560,681,1241,0.0,0.0008333472224570926,0.5752618855761458,0.00024174053182917098
23926,19.93866564442741,0.5761482675261885,560,681,1241,0.0,0.0008333472224535399,0.5754230459306985,0.00016116035455278067
23927,19.939498991649863,0.5753424657534246,560,681,1241,-0.0008058017727639033,0.0008333472224535399,0.5755036261079749,8.058017727639034e-05
23928,19.940332338872317,0.5745366639806607,560,681,1241,-0.0008058017727639033,0.0008333472224535399,0.5755036261079749,0.0
23929,19.94116568609477,0.5729250604351329,560,681,1241,-0.0016116035455278066,0.0008333472224535399,0.5753424657534221,-0.00016116035455278067
23930,19.941999033317224,0.5729250604351329,560,681,1241,0.0,0.0008333472224535399,0.5751813053988692,-0.00016116035455278067
23931,19.942832380539677,0.5729250604351329,560,681,1241,0.0,0.0008333472224535399,0.5749395648670401,-0.00024174053182917098
23932,19.94366572776213,0.572119258662369,560,681,1241,-0.0008058017727639033,0.0008333472224535399,0.5745366639806582,-0.00040290088638195165
23933,19.944499074984584,0.572119258662369,560,681,1241,0.0,0.0008333472224535399,0.5741337630942762,-0.00040290088638195165
23934,19.945332422207038,0.572119258662369,560,681,1241,0.0,0.0008333472224535399,0.5737308622078942,-0.00040290088638195165
23935,19.94616576942949,0.5729250604351329,560,681,1241,0.0008058017727639033,0.0008333472224535399,0.5734085414987886,-0.00032232070910556134
23936,19.946999116651945,0.5713134568896051,560,681,1241,-0.0016116035455278066,0.0008333472224535399,0.5729250604351303,-0.00048348106365834196
23937,19.9478324638744,0.5713134568896051,560,681,1241,0.0,0.0008333472224535399,0.5725221595487484,-0.00040290088638195165
23938,19.948665811096852,0.5713134568896051,560,681,1241,0.0,0.0008333472224535399,0.5721998388396428,-0.00032232070910556134
23939,19.949499158319306,0.5713134568896051,560,681,1241,0.0,0.0008333472224535399,0.57203867848509,-0.00016116035455278067
23940,19.95033250554176,0.5713134568896051,560,681,1241,0.0,0.0008333472224535399,0.5718775181305372,-0.00016116035455278067
23941,19.951165852764213,0.572119258662369,560,681,1241,0.0008058017727639033,0.0008333472224535399,0.5717969379532608,-8.058017727639034e-05
23942,19.951999199986666,0.572119258662369,560,681,1241,0.0,0.0008333472224535399,0.5717969379532608,0.0
23943,19.95283254720912,0.572119258662369,560,681,1241,0.0,0.0008333472224535399,0.5717969379532608,0.0
23944,19.953665894431573,0.572119258662369,560,681,1241,0.0,0.0008333472224535399,0.5717969379532608,0.0
23945,19.954499241654027,0.5729250604351329,560,681,1241,0.0008058017727639033,0.0008333472224535399,0.5717969379532608,0.0
23946,19.955332588876484,0.572119258662369,560,681,1241,-0.0008058017727639033,0.0008333472224570926,0.5718775181305371,8.058017727639034e-05
23947,19.956165936098937,0.572119258662369,560,681,1241,0.0,0.0008333472224535399,0.5719580983078135,8.058017727639034e-05
23948,19.95699928332139,0.572119258662369,560,681,1241,0.0,0.0008333472224535399,0.5720386784850898,8.058017727639034e-05
23949,19.957832630543844,0.5713134568896051,560,681,1241,-0.0008058017727639033,0.0008333472224535399,0.5720386784850898,0.0
23950,19.958665977766298,0.5713134568896051,560,681,1241,0.0,0.0008333472224535399,0.5720386784850898,0.0
23951,19.95949932498875,0.5713134568896051,560,681,1241,0.0,0.0008333472224535399,0.5719580983078135,-8.058017727639034e-05
23952,19.960332672211205,0.5713134568896051,560,681,1241,0.0,0.0008333472224535399,0.5718775181305371,-8.058017727639034e-05
23953,19.96116601943366,0.572119258662369,560,681,1241,0.0008058017727639033,0.0008333472224535399,0.5718775181305371,0.0
23954,19.961999366656112,0.5729250604351329,560,681,1241,0.0008058017727639033,0.0008333472224535399,0.5719580983078136,8.058017727639034e-05
23955,19.962832713878566,0.572119258662369,560,681,1241,-0.0008058017727639033,0.0008333472224535399,0.5718775181305371,-8.058017727639034e-05
23956,19.96366606110102,0.5729250604351329,560,681,1241,0.0008058017727639033,0.0008333472224535399,0.5719580983078136,8.058017727639034e-05
23957,19.964499408323473,0.5729250604351329,560,681,1241,0.0,0.0008333472224535399,0.57203867848509,8.058017727639034e-05
23958,19.965332755545926,0.5729250604351329,560,681,1241,0.0,0.0008333472224535399,0.5721192586623665,8.058017727639034e-05
23959,19.96616610276838,0.572119258662369,560,681,1241,-0.0008058017727639033,0.0008333472224535399,0.5721998388396428,8.058017727639034e-05
23960,19.966999449990833,0.5729250604351329,560,681,1241,0.0008058017727639033,0.0008333472224535399,0.5723609991941956,0.00016116035455278067
23961,19.967832797213287,0.5729250604351329,560,681,1241,0.0,0.0008333472224535399,0.5725221595487484,0.00016116035455278067
23962,19.96866614443574,0.5737308622078968,560,681,1241,0.0008058017727639033,0.0008333472224535399,0.5727639000805775,0.00024174053182917098
23963,19.969499491658194,0.5729250604351329,560,681,1241,-0.0008058017727639033,0.0008333472224535399,0.572844480257854,8.058017727639034e-05
23964,19.970332838880648,0.5729250604351329,560,681,1241,0.0,0.0008333472224535399,0.572844480257854,0.0
23965,19.9711661861031,0.5729250604351329,560,681,1241,0.0,0.0008333472224535399,0.5729250604351304,8.058017727639034e-05
23966,19.971999533325555,0.5729250604351329,560,681,1241,0.0,0.0008333472224535399,0.5729250604351304,0.0
23967,19.972832880548008,0.5737308622078968,560,681,1241,0.0008058017727639033,0.0008333472224535399,0.5730056406124067,8.058017727639034e-05
23968,19.973666227770465,0.5745366639806607,560,681,1241,0.0008058017727639033,0.0008333472224570926,0.5731668009669595,0.00016116035455278067
23969,19.97449957499292,0.5753424657534246,560,681,1241,0.0008058017727639033,0.0008333472224535399,0.573489121676065,0.00032232070910556134
23970,19.975332922215372,0.5761482675261885,560,681,1241,0.0008058017727639033,0.0008333472224535399,0.5738114423851706,0.00032232070910556134
23971,19.976166269437826,0.5761482675261885,560,681,1241,0.0,0.0008333472224535399,0.5741337630942762,0.00032232070910556134
23972,19.97699961666028,0.5761482675261885,560,681,1241,0.0,0.0008333472224535399,0.5743755036261053,0.00024174053182917098
23973,19.977832963882733,0.5761482675261885,560,681,1241,0.0,0.0008333472224535399,0.574697824335211,0.00032232070910556134
23974,19.978666311105187,0.5761482675261885,560,681,1241,0.0,0.0008333472224535399,0.5750201450443165,0.00032232070910556134
23975,19.97949965832764,0.5761482675261885,560,681,1241,0.0,0.0008333472224535399,0.5753424657534221,0.00032232070910556134
23976,19.980333005550094,0.5761482675261885,560,681,1241,0.0,0.0008333472224535399,0.5756647864625276,0.00032232070910556134
23977,19.981166352772547,0.5761482675261885,560,681,1241,0.0,0.0008333472224535399,0.5759065269943568,0.00024174053182917098
23978,19.981999699995,0.5761482675261885,560,681,1241,0.0,0.0008333472224535399,0.5760676873489097,0.00016116035455278067
23979,19.982833047217454,0.5761482675261885,560,681,1241,0.0,0.0008333472224535399,0.5761482675261861,8.058017727639034e-05
23980,19.983666394439908,0.5761482675261885,560,681,1241,0.0,0.0008333472224535399,0.5761482675261861,0.0
23981,19.98449974166236,0.5761482675261885,560,681,1241,0.0,0.0008333472224535399,0.5761482675261861,0.0
23982,19.985333088884815,0.5761482675261885,560,681,1241,0.0,0.0008333472224535399,0.5761482675261861,0.0
23983,19.98616643610727,0.5769540692989524,560,681,1241,0.0008058017727639033,0.0008333472224535399,0.5762288477034624,8.058017727639034e-05
23984,19.986999783329722,0.5777598710717163,560,681,1241,0.0008058017727639033,0.0008333472224535399,0.5763900080580152,0.00016116035455278067
23985,19.987833130552175,0.5777598710717163,560,681,1241,0.0,0.0008333472224535399,0.5765511684125679,0.00016116035455278067
23986,19.98866647777463,0.5769540692989524,560,681,1241,-0.0008058017727639033,0.0008333472224535399,0.5766317485898443,8.058017727639034e-05
23987,19.989499824997083,0.5753424657534246,560,681,1241,-0.0016116035455278066,0.0008333472224535399,0.5765511684125679,-8.058017727639034e-05
23988,19.990333172219536,0.5753424657534246,560,681,1241,0.0,0.0008333472224535399,0.5764705882352914,-8.058017727639034e-05
23989,19.991166519441993,0.5753424657534246,560,681,1241,0.0,0.0008333472224570926,0.576390008058015,-8.058017727639034e-05
23990,19.991999866664447,0.5753424657534246,560,681,1241,0.0,0.0008333472224535399,0.5763094278807386,-8.058017727639034e-05
23991,19.9928332138869,0.5753424657534246,560,681,1241,0.0,0.0008333472224535399,0.5762288477034622,-8.058017727639034e-05
23992,19.993666561109354,0.5753424657534246,560,681,1241,0.0,0.0008333472224535399,0.5761482675261858,-8.058017727639034e-05
23993,19.994499908331807,0.5761482675261885,560,681,1241,0.0008058017727639033,0.0008333472224535399,0.5760676873489093,-8.058017727639034e-05
23994,19.99533325555426,0.5769540692989524,560,681,1241,0.0008058017727639033,0.0008333472224535399,0.5759871071716329,-8.058017727639034e-05
23995,19.996166602776714,0.5769540692989524,560,681,1241,0.0,0.0008333472224535399,0.5759065269943565,-8.058017727639034e-05
23996,19.996999949999168,0.5769540692989524,560,681,1241,0.0,0.0008333472224535399,0.5759065269943565,0.0
23997,19.99783329722162,0.5777598710717163,560,681,1241,0.0008058017727639033,0.0008333472224535399,0.5761482675261858,0.00024174053182917098
23998,19.998666644444075,0.5785656728444802,560,681,1241,0.0008058017727639033,0.0008333472224535399,0.5764705882352913,0.00032232070910556134
23999,19.99949999166653,0.5785656728444802,560,681,1241,0.0,0.0008333472224535399,0.5767929089443968,0.00032232070910556134
24000,20.000333338888982,0.5777598710717163,560,681,1241,-0.0008058017727639033,0.0008333472224535399,0.5770346494762261,0.00024174053182917098
24001,20.001166686111436,0.5777598710717163,560,681,1241,0.0,0.0008333472224535399,0.5772763900080553,0.00024174053182917098
24002,20.00200003333389,0.5785656728444802,560,681,1241,0.0008058017727639033,0.0008333472224535399,0.5775987107171608,0.00032232070910556134
24003,20.002833380556343,0.5777598710717163,560,681,1241,-0.0008058017727639033,0.0008333472224535399,0.5777598710717136,0.00016116035455278067
24004,20.003666727778796,0.5769540692989524,560,681,1241,-0.0008058017727639033,0.0008333472224535399,0.5777598710717136,0.0
24005,20.00450007500125,0.5769540692989524,560,681,1241,0.0,0.0008333472224535399,0.5777598710717136,0.0
24006,20.005333422223703,0.5769540692989524,560,681,1241,0.0,0.0008333472224535399,0.5777598710717136,0.0
24007,20.006166769446157,0.5777598710717163,560,681,1241,0.0008058017727639033,0.0008333472224535399,0.5777598710717136,0.0
24008,20.00700011666861,0.5761482675261885,560,681,1241,-0.0016116035455278066,0.0008333472224535399,0.5775181305398844,-0.00024174053182917098
24009,20.007833463891064,0.5753424657534246,560,681,1241,-0.0008058017727639033,0.0008333472224535399,0.5771958098307789,-0.00032232070910556134
24010,20.00866681111352,0.5753424657534246,560,681,1241,0.0,0.0008333472224570926,0.5769540692989497,-0.00024174053182917098
24011,20.009500158335975,0.5753424657534246,560,681,1241,0.0,0.0008333472224535399,0.5767123287671205,-0.00024174053182917098
24012,20.010333505558428,0.5745366639806607,560,681,1241,-0.0008058017727639033,0.0008333472224535399,0.5763094278807386,-0.00040290088638195165
24013,20.01116685278088,0.5737308622078968,560,681,1241,-0.0008058017727639033,0.0008333472224535399,0.5759065269943566,-0.00040290088638195165
24014,20.012000200003335,0.5737308622078968,560,681,1241,0.0,0.0008333472224535399,0.575584206285251,-0.00032232070910556134
24015,20.01283354722579,0.5737308622078968,560,681,1241,0.0,0.0008333472224535399,0.5752618855761454,-0.00032232070910556134
24016,20.013666894448242,0.5737308622078968,560,681,1241,0.0,0.0008333472224535399,0.5749395648670399,-0.00032232070910556134
24017,20.014500241670696,0.5737308622078968,560,681,1241,0.0,0.0008333472224535399,0.574536663980658,-0.00040290088638195165
24018,20.01533358889315,0.5737308622078968,560,681,1241,0.0,0.0008333472224535399,0.5742949234488287,-0.00024174053182917098
24019,20.016166936115603,0.5737308622078968,560,681,1241,0.0,0.0008333472224535399,0.5741337630942759,-0.00016116035455278067
24020,20.017000283338056,0.5737308622078968,560,681,1241,0.0,0.0008333472224535399,0.5739726027397232,-0.00016116035455278067
24021,20.01783363056051,0.5737308622078968,560,681,1241,0.0,0.0008333472224535399,0.5738114423851703,-0.00016116035455278067
24022,20.018666977782964,0.5737308622078968,560,681,1241,0.0,0.0008333472224535399,0.5737308622078939,-8.058017727639034e-05
24023,20.019500325005417,0.5737308622078968,560,681,1241,0.0,0.0008333472224535399,0.5737308622078939,0.0
24024,20.02033367222787,0.5737308622078968,560,681,1241,0.0,0.0008333472224535399,0.5737308622078939,0.0
24025,20.021167019450324,0.5729250604351329,560,681,1241,-0.0008058017727639033,0.0008333472224535399,0.5736502820306175,-8.058017727639034e-05
24026,20.022000366672778,0.5729250604351329,560,681,1241,0.0,0.0008333472224535399,0.5735697018533412,-8.058017727639034e-05
24027,20.02283371389523,0.5729250604351329,560,681,1241,0.0,0.0008333472224535399,0.5734891216760649,-8.058017727639034e-05
24028,20.023667061117685,0.5729250604351329,560,681,1241,0.0,0.0008333472224535399,0.5734085414987885,-8.058017727639034e-05
24029,20.02450040834014,0.5729250604351329,560,681,1241,0.0,0.0008333472224535399,0.5733279613215122,-8.058017727639034e-05
24030,20.025333755562592,0.5729250604351329,560,681,1241,0.0,0.0008333472224535399,0.5732473811442358,-8.058017727639034e-05
24031,20.02616710278505,0.5745366639806607,560,681,1241,0.0016116035455278066,0.0008333472224570926,0.5733279613215123,8.058017727639034e-05
24032,20.027000450007503,0.5737308622078968,560,681,1241,-0.0008058017727639033,0.0008333472224535399,0.5733279613215123,0.0
24033,20.027833797229956,0.5737308622078968,560,681,1241,0.0,0.0008333472224535399,0.5733279613215123,0.0
24034,20.02866714445241,0.5737308622078968,560,681,1241,0.0,0.0008333472224535399,0.5733279613215123,0.0
24035,20.029500491674863,0.5745366639806607,560,681,1241,0.0008058017727639033,0.0008333472224535399,0.573489121676065,0.00016116035455278067
24036,20.030333838897317,0.5753424657534246,560,681,1241,0.0008058017727639033,0.0008333472224535399,0.5737308622078942,0.00024174053182917098
24037,20.03116718611977,0.5745366639806607,560,681,1241,-0.0008058017727639033,0.0008333472224535399,0.573892022562447,0.00016116035455278067
24038,20.032000533342224,0.5745366639806607,560,681,1241,0.0,0.0008333472224535399,0.5740531829169997,0.00016116035455278067
24039,20.032833880564677,0.5745366639806607,560,681,1241,0.0,0.0008333472224535399,0.5742143432715525,0.00016116035455278067
24040,20.03366722778713,0.5745366639806607,560,681,1241,0.0,0.0008333472224535399,0.5743755036261053,0.00016116035455278067
24041,20.034500575009584,0.5769540692989524,560,681,1241,0.00241740531829171,0.0008333472224535399,0.5746172441579345,0.00024174053182917098
24042,20.035333922232038,0.5769540692989524,560,681,1241,0.0,0.0008333472224535399,0.57493956486704,0.00032232070910556134
24043,20.03616726945449,0.5761482675261885,560,681,1241,-0.0008058017727639033,0.0008333472224535399,0.5751813053988692,0.00024174053182917098
24044,20.037000616676945,0.5769540692989524,560,681,1241,0.0008058017727639033,0.0008333472224535399,0.5755036261079748,0.00032232070910556134
24045,20.0378339638994,0.5769540692989524,560,681,1241,0.0,0.0008333472224535399,0.5757453666398039,0.00024174053182917098
24046,20.038667311121852,0.5777598710717163,560,681,1241,0.0008058017727639033,0.0008333472224535399,0.5759871071716332,0.00024174053182917098
24047,20.039500658344306,0.5777598710717163,560,681,1241,0.0,0.0008333472224535399,0.5763094278807387,0.00032232070910556134
24048,20.04033400556676,0.5785656728444802,560,681,1241,0.0008058017727639033,0.0008333472224535399,0.5767123287671205,0.00040290088638195165
24049,20.041167352789213,0.5785656728444802,560,681,1241,0.0,0.0008333472224535399,0.5771152296535025,0.00040290088638195165
24050,20.042000700011666,0.5785656728444802,560,681,1241,0.0,0.0008333472224535399,0.5775181305398844,0.00040290088638195165
24051,20.04283404723412,0.5793714746172441,560,681,1241,0.0008058017727639033,0.0008333472224535399,0.5777598710717136,0.00024174053182917098
24052,20.043667394456577,0.5793714746172441,560,681,1241,0.0,0.0008333472224570926,0.5780016116035428,0.00024174053182917098
24053,20.04450074167903,0.5793714746172441,560,681,1241,0.0,0.0008333472224535399,0.5783239323126483,0.00032232070910556134
24054,20.045334088901484,0.5785656728444802,560,681,1241,-0.0008058017727639033,0.0008333472224535399,0.5784850926672012,0.00016116035455278067
24055,20.046167436123937,0.5785656728444802,560,681,1241,0.0,0.0008333472224535399,0.578646253021754,0.00016116035455278067
24056,20.04700078334639,0.5777598710717163,560,681,1241,-0.0008058017727639033,0.0008333472224535399,0.578646253021754,0.0
24057,20.047834130568845,0.5785656728444802,560,681,1241,0.0008058017727639033,0.0008333472224535399,0.5787268331990303,8.058017727639034e-05
24058,20.048667477791298,0.5785656728444802,560,681,1241,0.0,0.0008333472224535399,0.5787268331990303,0.0
24059,20.04950082501375,0.5785656728444802,560,681,1241,0.0,0.0008333472224535399,0.5787268331990303,0.0
24060,20.050334172236205,0.5785656728444802,560,681,1241,0.0,0.0008333472224535399,0.5787268331990303,0.0
24061,20.05116751945866,0.5785656728444802,560,681,1241,0.0,0.0008333472224535399,0.5786462530217539,-8.058017727639034e-05
24062,20.052000866681112,0.5785656728444802,560,681,1241,0.0,0.0008333472224535399,0.5785656728444775,-8.058017727639034e-05
24063,20.052834213903566,0.5785656728444802,560,681,1241,0.0,0.0008333472224535399,0.5784850926672009,-8.058017727639034e-05
24064,20.05366756112602,0.5777598710717163,560,681,1241,-0.0008058017727639033,0.0008333472224535399,0.5784045124899246,-8.058017727639034e-05
24065,20.054500908348473,0.5777598710717163,560,681,1241,0.0,0.0008333472224535399,0.5783239323126483,-8.058017727639034e-05
24066,20.055334255570926,0.5777598710717163,560,681,1241,0.0,0.0008333472224535399,0.5783239323126483,0.0
24067,20.05616760279338,0.5777598710717163,560,681,1241,0.0,0.0008333472224535399,0.5782433521353719,-8.058017727639034e-05
24068,20.057000950015833,0.5777598710717163,560,681,1241,0.0,0.0008333472224535399,0.5781627719580956,-8.058017727639034e-05
24069,20.057834297238287,0.5777598710717163,560,681,1241,0.0,0.0008333472224535399,0.5780821917808192,-8.058017727639034e-05
24070,20.05866764446074,0.5777598710717163,560,681,1241,0.0,0.0008333472224535399,0.5780016116035429,-8.058017727639034e-05
24071,20.059500991683194,0.5785656728444802,560,681,1241,0.0008058017727639033,0.0008333472224535399,0.5780016116035429,0.0
24072,20.060334338905648,0.5785656728444802,560,681,1241,0.0,0.0008333472224535399,0.5780016116035429,0.0
24073,20.061167686128105,0.5785656728444802,560,681,1241,0.0,0.0008333472224570926,0.5780016116035429,0.0
24074,20.06200103335056,0.5785656728444802,560,681,1241,0.0,0.0008333472224535399,0.5780821917808192,8.058017727639034e-05
24075,20.062834380573012,0.5785656728444802,560,681,1241,0.0,0.0008333472224535399,0.5781627719580956,8.058017727639034e-05
24076,20.063667727795465,0.5785656728444802,560,681,1241,0.0,0.0008333472224535399,0.5782433521353719,8.058017727639034e-05
24077,20.06450107501792,0.5785656728444802,560,681,1241,0.0,0.0008333472224535399,0.5783239323126483,8.058017727639034e-05
24078,20.065334422240372,0.5785656728444802,560,681,1241,0.0,0.0008333472224535399,0.5784045124899246,8.058017727639034e-05
24079,20.066167769462826,0.5785656728444802,560,681,1241,0.0,0.0008333472224535399,0.5784850926672009,8.058017727639034e-05
24080,20.06700111668528,0.5785656728444802,560,681,1241,0.0,0.0008333472224535399,0.5785656728444774,8.058017727639034e-05
24081,20.067834463907733,0.5785656728444802,560,681,1241,0.0,0.0008333472224535399,0.5785656728444774,0.0
24082,20.068667811130187,0.5785656728444802,560,681,1241,0.0,0.0008333472224535399,0.5785656728444774,0.0
24083,20.06950115835264,0.5785656728444802,560,681,1241,0.0,0.0008333472224535399,0.5785656728444774,0.0
24084,20.070334505575094,0.5777598710717163,560,681,1241,-0.0008058017727639033,0.0008333472224535399,0.5784850926672009,-8.058017727639034e-05
24085,20.071167852797547,0.5777598710717163,560,681,1241,0.0,0.0008333472224535399,0.5784045124899246,-8.058017727639034e-05
24086,20.07200120002,0.5777598710717163,560,681,1241,0.0,0.0008333472224535399,0.5783239323126483,-8.058017727639034e-05
24087,20.072834547242454,0.5777598710717163,560,681,1241,0.0,0.0008333472224535399,0.5782433521353719,-8.058017727639034e-05
24088,20.073667894464908,0.5777598710717163,560,681,1241,0.0,0.0008333472224535399,0.5781627719580956,-8.058017727639034e-05
24089,20.07450124168736,0.5777598710717163,560,681,1241,0.0,0.0008333472224535399,0.5780821917808192,-8.058017727639034e-05
24090,20.075334588909815,0.5769540692989524,560,681,1241,-0.0008058017727639033,0.0008333472224535399,0.5779210314262665,-0.00016116035455278067
24091,20.07616793613227,0.5777598710717163,560,681,1241,0.0008058017727639033,0.0008333472224535399,0.5778404512489901,-8.058017727639034e-05
24092,20.077001283354722,0.5777598710717163,560,681,1241,0.0,0.0008333472224535399,0.5777598710717138,-8.058017727639034e-05
24093,20.077834630577176,0.5777598710717163,560,681,1241,0.0,0.0008333472224535399,0.5776792908944375,-8.058017727639034e-05
24094,20.07866797779963,0.5785656728444802,560,681,1241,0.0008058017727639033,0.0008333472224535399,0.5777598710717138,8.058017727639034e-05
24095,20.079501325022086,0.5785656728444802,560,681,1241,0.0,0.0008333472224570926,0.5778404512489901,8.058017727639034e-05
24096,20.08033467224454,0.5785656728444802,560,681,1241,0.0,0.0008333472224535399,0.5779210314262665,8.058017727639034e-05
24097,20.081168019466993,0.5785656728444802,560,681,1241,0.0,0.0008333472224535399,0.5780016116035428,8.058017727639034e-05
24098,20.082001366689447,0.5785656728444802,560,681,1241,0.0,0.0008333472224535399,0.5780821917808192,8.058017727639034e-05
24099,20.0828347139119,0.5785656728444802,560,681,1241,0.0,0.0008333472224535399,0.5781627719580955,8.058017727639034e-05
24100,20.083668061134354,0.580177276390008,560,681,1241,0.0016116035455278066,0.0008333472224535399,0.578485092667201,0.00032232070910556134
24101,20.084501408356807,0.580177276390008,560,681,1241,0.0,0.0008333472224535399,0.5787268331990302,0.00024174053182917098
24102,20.08533475557926,0.580177276390008,560,681,1241,0.0,0.0008333472224535399,0.5789685737308593,0.00024174053182917098
24103,20.086168102801714,0.580177276390008,560,681,1241,0.0,0.0008333472224535399,0.5792103142626884,0.00024174053182917098
24104,20.087001450024168,0.580177276390008,560,681,1241,0.0,0.0008333472224535399,0.5793714746172413,0.00016116035455278067
24105,20.08783479724662,0.580177276390008,560,681,1241,0.0,0.0008333472224535399,0.579532634971794,0.00016116035455278067
24106,20.088668144469075,0.5817888799355359,560,681,1241,0.0016116035455278066,0.0008333472224535399,0.5798549556808996,0.00032232070910556134
24107,20.08950149169153,0.580983078162772,560,681,1241,-0.0008058017727639033,0.0008333472224535399,0.5800966962127287,0.00024174053182917098
24108,20.090334838913982,0.580983078162772,560,681,1241,0.0,0.0008333472224535399,0.580338436744558,0.00024174053182917098
24109,20.091168186136436,0.580983078162772,560,681,1241,0.0,0.0008333472224535399,0.5805801772763872,0.00024174053182917098
24110,20.09200153335889,0.580983078162772,560,681,1241,0.0,0.0008333472224535399,0.5806607574536636,8.058017727639034e-05
24111,20.092834880581343,0.5817888799355359,560,681,1241,0.0008058017727639033,0.0008333472224535399,0.5808219178082165,0.00016116035455278067
24112,20.093668227803796,0.580983078162772,560,681,1241,-0.0008058017727639033,0.0008333472224535399,0.5809024979854929,8.058017727639034e-05
24113,20.09450157502625,0.580983078162772,560,681,1241,0.0,0.0008333472224535399,0.5809830781627693,8.058017727639034e-05
24114,20.095334922248703,0.580177276390008,560,681,1241,-0.0008058017727639033,0.0008333472224535399,0.5809830781627693,0.0
24115,20.096168269471157,0.580983078162772,560,681,1241,0.0008058017727639033,0.0008333472224535399,0.5810636583400457,8.058017727639034e-05
24116,20.097001616693614,0.580983078162772,560,681,1241,0.0,0.0008333472224570926,0.5809830781627694,-8.058017727639034e-05
24117,20.097834963916068,0.5817888799355359,560,681,1241,0.0008058017727639033,0.0008333472224535399,0.5810636583400457,8.058017727639034e-05
24118,20.09866831113852,0.5817888799355359,560,681,1241,0.0,0.0008333472224535399,0.5811442385173221,8.058017727639034e-05
24119,20.099501658360975,0.580177276390008,560,681,1241,-0.0016116035455278066,0.0008333472224535399,0.5810636583400457,-8.058017727639034e-05
24120,20.10033500558343,0.5793714746172441,560,681,1241,-0.0008058017727639033,0.0008333472224535399,0.5809024979854929,-0.00016116035455278067
24121,20.10116835280588,0.5793714746172441,560,681,1241,0.0,0.0008333472224535399,0.5806607574536637,-0.00024174053182917098
24122,20.102001700028335,0.5793714746172441,560,681,1241,0.0,0.0008333472224535399,0.5804995970991109,-0.00016116035455278067
24123,20.10283504725079,0.5793714746172441,560,681,1241,0.0,0.0008333472224535399,0.5803384367445582,-0.00016116035455278067
24124,20.103668394473242,0.5793714746172441,560,681,1241,0.0,0.0008333472224535399,0.5802578565672818,-8.058017727639034e-05
24125,20.104501741695696,0.5785656728444802,560,681,1241,-0.0008058017727639033,0.0008333472224535399,0.5800161160354527,-0.00024174053182917098
24126,20.10533508891815,0.5777598710717163,560,681,1241,-0.0008058017727639033,0.0008333472224535399,0.579693795326347,-0.00032232070910556134
24127,20.106168436140603,0.5777598710717163,560,681,1241,0.0,0.0008333472224535399,0.5792908944399652,-0.00040290088638195165
24128,20.107001783363057,0.5777598710717163,560,681,1241,0.0,0.0008333472224535399,0.5788879935535832,-0.00040290088638195165
24129,20.10783513058551,0.5785656728444802,560,681,1241,0.0008058017727639033,0.0008333472224535399,0.5787268331990305,-0.00016116035455278067
24130,20.108668477807964,0.5785656728444802,560,681,1241,0.0,0.0008333472224535399,0.578646253021754,-8.058017727639034e-05
24131,20.109501825030417,0.5793714746172441,560,681,1241,0.0008058017727639033,0.0008333472224535399,0.578646253021754,0.0
24132,20.11033517225287,0.5793714746172441,560,681,1241,0.0,0.0008333472224535399,0.578646253021754,0.0
24133,20.111168519475324,0.5785656728444802,560,681,1241,-0.0008058017727639033,0.0008333472224535399,0.5785656728444776,-8.058017727639034e-05
24134,20.112001866697778,0.5785656728444802,560,681,1241,0.0,0.0008333472224535399,0.5784850926672012,-8.058017727639034e-05
24135,20.11283521392023,0.5785656728444802,560,681,1241,0.0,0.0008333472224535399,0.5784850926672012,0.0
24136,20.113668561142685,0.5785656728444802,560,681,1241,0.0,0.0008333472224535399,0.5785656728444775,8.058017727639034e-05
24137,20.114501908365142,0.5793714746172441,560,681,1241,0.0008058017727639033,0.0008333472224570926,0.5787268331990303,0.00016116035455278067
24138,20.115335255587595,0.5785656728444802,560,681,1241,-0.0008058017727639033,0.0008333472224535399,0.5788074133763066,8.058017727639034e-05
24139,20.11616860281005,0.5793714746172441,560,681,1241,0.0008058017727639033,0.0008333472224535399,0.5788879935535831,8.058017727639034e-05
24140,20.117001950032503,0.5793714746172441,560,681,1241,0.0,0.0008333472224535399,0.5789685737308595,8.058017727639034e-05
24141,20.117835297254956,0.5793714746172441,560,681,1241,0.0,0.0008333472224535399,0.5789685737308595,0.0
24142,20.11866864447741,0.580177276390008,560,681,1241,0.0008058017727639033,0.0008333472224535399,0.5790491539081358,8.058017727639034e-05
24143,20.119501991699863,0.5785656728444802,560,681,1241,-0.0016116035455278066,0.0008333472224535399,0.5790491539081358,0.0
24144,20.120335338922317,0.5777598710717163,560,681,1241,-0.0008058017727639033,0.0008333472224535399,0.5789685737308595,-8.058017727639034e-05
24145,20.12116868614477,0.5785656728444802,560,681,1241,0.0008058017727639033,0.0008333472224535399,0.5789685737308595,0.0
24146,20.122002033367224,0.5785656728444802,560,681,1241,0.0,0.0008333472224535399,0.5789685737308595,0.0
24147,20.122835380589677,0.5777598710717163,560,681,1241,-0.0008058017727639033,0.0008333472224535399,0.5788074133763067,-0.00016116035455278067
24148,20.12366872781213,0.5777598710717163,560,681,1241,0.0,0.0008333472224535399,0.5787268331990304,-8.058017727639034e-05
24149,20.124502075034584,0.5777598710717163,560,681,1241,0.0,0.0008333472224535399,0.5785656728444776,-0.00016116035455278067
24150,20.125335422257038,0.5777598710717163,560,681,1241,0.0,0.0008333472224535399,0.5784045124899249,-0.00016116035455278067
24151,20.12616876947949,0.5785656728444802,560,681,1241,0.0008058017727639033,0.0008333472224535399,0.5783239323126483,-8.058017727639034e-05
24152,20.127002116701945,0.5785656728444802,560,681,1241,0.0,0.0008333472224535399,0.5781627719580956,-0.00016116035455278067
24153,20.1278354639244,0.5777598710717163,560,681,1241,-0.0008058017727639033,0.0008333472224535399,0.5780821917808192,-8.058017727639034e-05
24154,20.128668811146852,0.5785656728444802,560,681,1241,0.0008058017727639033,0.0008333472224535399,0.5781627719580956,8.058017727639034e-05
24155,20.129502158369306,0.5785656728444802,560,681,1241,0.0,0.0008333472224535399,0.5781627719580956,0.0
24156,20.13033550559176,0.5793714746172441,560,681,1241,0.0008058017727639033,0.0008333472224535399,0.578243352135372,8.058017727639034e-05
24157,20.131168852814213,0.5793714746172441,560,681,1241,0.0,0.0008333472224535399,0.5784045124899249,0.00016116035455278067
24158,20.13200220003667,0.580177276390008,560,681,1241,0.0008058017727639033,0.0008333472224570926,0.578646253021754,0.00024174053182917098
24159,20.132835547259123,0.5793714746172441,560,681,1241,-0.0008058017727639033,0.0008333472224535399,0.5788074133763067,0.00016116035455278067
24160,20.133668894481577,0.5793714746172441,560,681,1241,0.0,0.0008333472224535399,0.5789685737308595,0.00016116035455278067
24161,20.13450224170403,0.5793714746172441,560,681,1241,0.0,0.0008333472224535399,0.5790491539081359,8.058017727639034e-05
24162,20.135335588926484,0.5793714746172441,560,681,1241,0.0,0.0008333472224535399,0.5791297340854124,8.058017727639034e-05
24163,20.136168936148938,0.580177276390008,560,681,1241,0.0008058017727639033,0.0008333472224535399,0.5793714746172415,0.00024174053182917098
24164,20.13700228337139,0.580177276390008,560,681,1241,0.0,0.0008333472224535399,0.5795326349717943,0.00016116035455278067
24165,20.137835630593845,0.580177276390008,560,681,1241,0.0,0.0008333472224535399,0.579693795326347,0.00016116035455278067
24166,20.138668977816298,0.580983078162772,560,681,1241,0.0008058017727639033,0.0008333472224535399,0.5798549556808998,0.00016116035455278067
24167,20.13950232503875,0.580983078162772,560,681,1241,0.0,0.0008333472224535399,0.5800161160354527,0.00016116035455278067
24168,20.140335672261205,0.580177276390008,560,681,1241,-0.0008058017727639033,0.0008333472224535399,0.5800161160354527,0.0
24169,20.14116901948366,0.580177276390008,560,681,1241,0.0,0.0008333472224535399,0.580096696212729,8.058017727639034e-05
24170,20.142002366706112,0.580177276390008,560,681,1241,0.0,0.0008333472224535399,0.5801772763900053,8.058017727639034e-05
24171,20.142835713928566,0.580177276390008,560,681,1241,0.0,0.0008333472224535399,0.5802578565672817,8.058017727639034e-05
24172,20.14366906115102,0.5793714746172441,560,681,1241,-0.0008058017727639033,0.0008333472224535399,0.5802578565672817,0.0
24173,20.144502408373473,0.580177276390008,560,681,1241,0.0008058017727639033,0.0008333472224535399,0.5802578565672817,0.0
24174,20.145335755595926,0.5793714746172441,560,681,1241,-0.0008058017727639033,0.0008333472224535399,0.5801772763900053,-8.058017727639034e-05
24175,20.14616910281838,0.5793714746172441,560,681,1241,0.0,0.0008333472224535399,0.580096696212729,-8.058017727639034e-05
24176,20.147002450040834,0.5785656728444802,560,681,1241,-0.0008058017727639033,0.0008333472224535399,0.5798549556808997,-0.00024174053182917098
24177,20.147835797263287,0.5793714746172441,560,681,1241,0.0008058017727639033,0.0008333472224535399,0.579693795326347,-0.00016116035455278067
24178,20.14866914448574,0.5793714746172441,560,681,1241,0.0,0.0008333472224535399,0.5796132151490706,-8.058017727639034e-05
24179,20.149502491708198,0.5793714746172441,560,681,1241,0.0,0.0008333472224570926,0.5795326349717943,-8.058017727639034e-05
24180,20.15033583893065,0.5785656728444802,560,681,1241,-0.0008058017727639033,0.0008333472224535399,0.5793714746172415,-0.00016116035455278067
24181,20.151169186153105,0.5777598710717163,560,681,1241,-0.0008058017727639033,0.0008333472224535399,0.5791297340854124,-0.00024174053182917098
24182,20.15200253337556,0.5785656728444802,560,681,1241,0.0008058017727639033,0.0008333472224535399,0.5790491539081359,-8.058017727639034e-05
24183,20.152835880598012,0.5785656728444802,560,681,1241,0.0,0.0008333472224535399,0.5788879935535831,-0.00016116035455278067
24184,20.153669227820465,0.5785656728444802,560,681,1241,0.0,0.0008333472224535399,0.5788074133763067,-8.058017727639034e-05
24185,20.15450257504292,0.5785656728444802,560,681,1241,0.0,0.0008333472224535399,0.5787268331990303,-8.058017727639034e-05
24186,20.155335922265373,0.5785656728444802,560,681,1241,0.0,0.0008333472224535399,0.5787268331990303,0.0
24187,20.156169269487826,0.5785656728444802,560,681,1241,0.0,0.0008333472224535399,0.5786462530217539,-8.058017727639034e-05
24188,20.15700261671028,0.5769540692989524,560,681,1241,-0.0016116035455278066,0.0008333472224535399,0.5784045124899246,-0.00024174053182917098
24189,20.157835963932733,0.5769540692989524,560,681,1241,0.0,0.0008333472224535399,0.5781627719580954,-0.00024174053182917098
24190,20.158669311155187,0.5777598710717163,560,681,1241,0.0008058017727639033,0.0008333472224535399,0.5780821917808191,-8.058017727639034e-05
24191,20.15950265837764,0.5777598710717163,560,681,1241,0.0,0.0008333472224535399,0.5780821917808191,0.0
24192,20.160336005600094,0.5777598710717163,560,681,1241,0.0,0.0008333472224535399,0.5780016116035427,-8.058017727639034e-05
24193,20.161169352822547,0.5777598710717163,560,681,1241,0.0,0.0008333472224535399,0.5779210314262664,-8.058017727639034e-05
24194,20.162002700045,0.5769540692989524,560,681,1241,-0.0008058017727639033,0.0008333472224535399,0.5777598710717136,-0.00016116035455278067
24195,20.162836047267454,0.5777598710717163,560,681,1241,0.0008058017727639033,0.0008333472224535399,0.5776792908944373,-8.058017727639034e-05
24196,20.163669394489908,0.5777598710717163,560,681,1241,0.0,0.0008333472224535399,0.577598710717161,-8.058017727639034e-05
24197,20.16450274171236,0.5769540692989524,560,681,1241,-0.0008058017727639033,0.0008333472224535399,0.5774375503626081,-0.00016116035455278067
24198,20.165336088934815,0.5753424657534246,560,681,1241,-0.0016116035455278066,0.0008333472224535399,0.5772763900080553,-0.00016116035455278067
24199,20.16616943615727,0.5753424657534246,560,681,1241,0.0,0.0008333472224535399,0.5771152296535026,-0.00016116035455278067
24200,20.167002783379722,0.5753424657534246,560,681,1241,0.0,0.0008333472224535399,0.5768734891216734,-0.00024174053182917098
24201,20.16783613060218,0.5761482675261885,560,681,1241,0.0008058017727639033,0.0008333472224570926,0.5767123287671205,-0.00016116035455278067
24202,20.168669477824633,0.5761482675261885,560,681,1241,0.0,0.0008333472224535399,0.5765511684125678,-0.00016116035455278067
24203,20.169502825047086,0.5769540692989524,560,681,1241,0.0008058017727639033,0.0008333472224535399,0.5764705882352914,-8.058017727639034e-05
24204,20.17033617226954,0.5777598710717163,560,681,1241,0.0008058017727639033,0.0008333472224535399,0.5765511684125678,8.058017727639034e-05
24205,20.171169519491993,0.5785656728444802,560,681,1241,0.0008058017727639033,0.0008333472224535399,0.5766317485898441,8.058017727639034e-05
24206,20.172002866714447,0.5785656728444802,560,681,1241,0.0,0.0008333472224535399,0.5767123287671205,8.058017727639034e-05
24207,20.1728362139369,0.5777598710717163,560,681,1241,-0.0008058017727639033,0.0008333472224535399,0.5767929089443969,8.058017727639034e-05
24208,20.173669561159354,0.5777598710717163,560,681,1241,0.0,0.0008333472224535399,0.5770346494762262,0.00024174053182917098
24209,20.174502908381807,0.5777598710717163,560,681,1241,0.0,0.0008333472224535399,0.5772763900080553,0.00024174053182917098
24210,20.17533625560426,0.5777598710717163,560,681,1241,0.0,0.0008333472224535399,0.5775181305398845,0.00024174053182917098
24211,20.176169602826715,0.5777598710717163,560,681,1241,0.0,0.0008333472224535399,0.5776792908944374,0.00016116035455278067
24212,20.177002950049168,0.5777598710717163,560,681,1241,0.0,0.0008333472224535399,0.5778404512489901,0.00016116035455278067
24213,20.17783629727162,0.5785656728444802,560,681,1241,0.0008058017727639033,0.0008333472224535399,0.5780016116035429,0.00016116035455278067
24214,20.178669644494075,0.5785656728444802,560,681,1241,0.0,0.0008333472224535399,0.5780821917808192,8.058017727639034e-05
24215,20.17950299171653,0.5785656728444802,560,681,1241,0.0,0.0008333472224535399,0.5780821917808192,0.0
24216,20.180336338938982,0.5793714746172441,560,681,1241,0.0008058017727639033,0.0008333472224535399,0.5781627719580957,8.058017727639034e-05
24217,20.181169686161436,0.580177276390008,560,681,1241,0.0008058017727639033,0.0008333472224535399,0.5784045124899249,0.00024174053182917098
24218,20.18200303338389,0.580177276390008,560,681,1241,0.0,0.0008333472224535399,0.578646253021754,0.00024174053182917098
24219,20.182836380606343,0.580177276390008,560,681,1241,0.0,0.0008333472224535399,0.5788879935535831,0.00024174053182917098
24220,20.183669727828796,0.580177276390008,560,681,1241,0.0,0.0008333472224535399,0.5791297340854122,0.00024174053182917098
24221,20.18450307505125,0.580177276390008,560,681,1241,0.0,0.0008333472224535399,0.5793714746172414,0.00024174053182917098
24222,20.185336422273707,0.5793714746172441,560,681,1241,-0.0008058017727639033,0.0008333472224570926,0.5795326349717941,0.00016116035455278067
24223,20.18616976949616,0.580177276390008,560,681,1241,0.0008058017727639033,0.0008333472224535399,0.5796937953263469,0.00016116035455278067
24224,20.187003116718614,0.580983078162772,560,681,1241,0.0008058017727639033,0.0008333472224535399,0.5799355358581761,0.00024174053182917098
24225,20.187836463941068,0.580983078162772,560,681,1241,0.0,0.0008333472224535399,0.5801772763900053,0.00024174053182917098
24226,20.18866981116352,0.580177276390008,560,681,1241,-0.0008058017727639033,0.0008333472224535399,0.5802578565672817,8.058017727639034e-05
24227,20.189503158385975,0.580177276390008,560,681,1241,0.0,0.0008333472224535399,0.5802578565672817,0.0
24228,20.19033650560843,0.580177276390008,560,681,1241,0.0,0.0008333472224535399,0.5802578565672817,0.0
24229,20.191169852830882,0.5793714746172441,560,681,1241,-0.0008058017727639033,0.0008333472224535399,0.5801772763900053,-8.058017727639034e-05
24230,20.192003200053335,0.580177276390008,560,681,1241,0.0008058017727639033,0.0008333472224535399,0.5801772763900053,0.0
24231,20.19283654727579,0.580177276390008,560,681,1241,0.0,0.0008333472224535399,0.5801772763900053,0.0
24232,20.193669894498242,0.580177276390008,560,681,1241,0.0,0.0008333472224535399,0.5802578565672817,8.058017727639034e-05
24233,20.194503241720696,0.580983078162772,560,681,1241,0.0008058017727639033,0.0008333472224535399,0.5803384367445581,8.058017727639034e-05
24234,20.19533658894315,0.5817888799355359,560,681,1241,0.0008058017727639033,0.0008333472224535399,0.5804190169218344,8.058017727639034e-05
24235,20.196169936165603,0.5817888799355359,560,681,1241,0.0,0.0008333472224535399,0.5804995970991108,8.058017727639034e-05
24236,20.197003283388057,0.580983078162772,560,681,1241,-0.0008058017727639033,0.0008333472224535399,0.5805801772763872,8.058017727639034e-05
24237,20.19783663061051,0.580983078162772,560,681,1241,0.0,0.0008333472224535399,0.5806607574536636,8.058017727639034e-05
24238,20.198669977832964,0.580177276390008,560,681,1241,-0.0008058017727639033,0.0008333472224535399,0.5806607574536636,0.0
24239,20.199503325055417,0.580177276390008,560,681,1241,0.0,0.0008333472224535399,0.58074133763094,8.058017727639034e-05
24240,20.20033667227787,0.5793714746172441,560,681,1241,-0.0008058017727639033,0.0008333472224535399,0.5806607574536636,-8.058017727639034e-05
24241,20.201170019500324,0.580177276390008,560,681,1241,0.0008058017727639033,0.0008333472224535399,0.5806607574536636,0.0
24242,20.202003366722778,0.580983078162772,560,681,1241,0.0008058017727639033,0.0008333472224535399,0.58074133763094,8.058017727639034e-05
24243,20.202836713945235,0.5817888799355359,560,681,1241,0.0008058017727639033,0.0008333472224570926,0.5808219178082165,8.058017727639034e-05
24244,20.20367006116769,0.580983078162772,560,681,1241,-0.0008058017727639033,0.0008333472224535399,0.58074133763094,-8.058017727639034e-05
24245,20.204503408390142,0.580983078162772,560,681,1241,0.0,0.0008333472224535399,0.5806607574536637,-8.058017727639034e-05
24246,20.205336755612596,0.580177276390008,560,681,1241,-0.0008058017727639033,0.0008333472224535399,0.5805801772763873,-8.058017727639034e-05
24247,20.20617010283505,0.580177276390008,560,681,1241,0.0,0.0008333472224535399,0.5804995970991109,-8.058017727639034e-05
24248,20.207003450057503,0.580177276390008,560,681,1241,0.0,0.0008333472224535399,0.5804995970991109,0.0
24249,20.207836797279956,0.580177276390008,560,681,1241,0.0,0.0008333472224535399,0.5804995970991109,0.0
24250,20.20867014450241,0.580983078162772,560,681,1241,0.0008058017727639033,0.0008333472224535399,0.5806607574536636,0.00016116035455278067
24251,20.209503491724863,0.580983078162772,560,681,1241,0.0,0.0008333472224535399,0.58074133763094,8.058017727639034e-05
24252,20.210336838947317,0.580983078162772,560,681,1241,0.0,0.0008333472224535399,0.58074133763094,0.0
24253,20.21117018616977,0.580983078162772,560,681,1241,0.0,0.0008333472224535399,0.5806607574536637,-8.058017727639034e-05
24254,20.212003533392224,0.580177276390008,560,681,1241,-0.0008058017727639033,0.0008333472224535399,0.5805801772763873,-8.058017727639034e-05
24255,20.212836880614677,0.580177276390008,560,681,1241,0.0,0.0008333472224535399,0.5804995970991109,-8.058017727639034e-05
24256,20.21367022783713,0.580983078162772,560,681,1241,0.0008058017727639033,0.0008333472224535399,0.5805801772763873,8.058017727639034e-05
24257,20.214503575059585,0.580983078162772,560,681,1241,0.0,0.0008333472224535399,0.5806607574536637,8.058017727639034e-05
24258,20.215336922282038,0.5817888799355359,560,681,1241,0.0008058017727639033,0.0008333472224535399,0.5808219178082166,0.00016116035455278067
24259,20.21617026950449,0.5825946817082998,560,681,1241,0.0008058017727639033,0.0008333472224535399,0.5810636583400457,0.00024174053182917098
24260,20.217003616726945,0.5825946817082998,560,681,1241,0.0,0.0008333472224535399,0.5812248186945985,0.00016116035455278067
24261,20.2178369639494,0.5817888799355359,560,681,1241,-0.0008058017727639033,0.0008333472224535399,0.5813053988718748,8.058017727639034e-05
24262,20.218670311171852,0.580983078162772,560,681,1241,-0.0008058017727639033,0.0008333472224535399,0.5813053988718748,0.0
24263,20.219503658394306,0.580983078162772,560,681,1241,0.0,0.0008333472224535399,0.5813053988718748,0.0
24264,20.220337005616763,0.5817888799355359,560,681,1241,0.0008058017727639033,0.0008333472224570926,0.5814665592264276,0.00016116035455278067
24265,20.221170352839216,0.580983078162772,560,681,1241,-0.0008058017727639033,0.0008333472224535399,0.5815471394037041,8.058017727639034e-05
24266,20.22200370006167,0.580983078162772,560,681,1241,0.0,0.0008333472224535399,0.5815471394037041,0.0
24267,20.222837047284123,0.580177276390008,560,681,1241,-0.0008058017727639033,0.0008333472224535399,0.5814665592264276,-8.058017727639034e-05
24268,20.223670394506577,0.580177276390008,560,681,1241,0.0,0.0008333472224535399,0.5813053988718748,-0.00016116035455278067
24269,20.22450374172903,0.5785656728444802,560,681,1241,-0.0016116035455278066,0.0008333472224535399,0.5809024979854929,-0.00040290088638195165
24270,20.225337088951484,0.5785656728444802,560,681,1241,0.0,0.0008333472224535399,0.5804995970991109,-0.00040290088638195165
24271,20.226170436173938,0.5785656728444802,560,681,1241,0.0,0.0008333472224535399,0.5801772763900053,-0.00032232070910556134
24272,20.22700378339639,0.5785656728444802,560,681,1241,0.0,0.0008333472224535399,0.5799355358581761,-0.00024174053182917098
24273,20.227837130618845,0.5793714746172441,560,681,1241,0.0008058017727639033,0.0008333472224535399,0.5797743755036233,-0.00016116035455278067
24274,20.2286704778413,0.5793714746172441,560,681,1241,0.0,0.0008333472224535399,0.5795326349717942,-0.00024174053182917098
24275,20.22950382506375,0.5785656728444802,560,681,1241,-0.0008058017727639033,0.0008333472224535399,0.579290894439965,-0.00024174053182917098
24276,20.230337172286205,0.5785656728444802,560,681,1241,0.0,0.0008333472224535399,0.5790491539081357,-0.00024174053182917098
24277,20.23117051950866,0.5769540692989524,560,681,1241,-0.0016116035455278066,0.0008333472224535399,0.5787268331990302,-0.00032232070910556134
24278,20.232003866731112,0.5769540692989524,560,681,1241,0.0,0.0008333472224535399,0.5784045124899246,-0.00032232070910556134
24279,20.232837213953566,0.5769540692989524,560,681,1241,0.0,0.0008333472224535399,0.5782433521353718,-0.00016116035455278067
24280,20.23367056117602,0.5769540692989524,560,681,1241,0.0,0.0008333472224535399,0.5780821917808191,-0.00016116035455278067
24281,20.234503908398473,0.5761482675261885,560,681,1241,-0.0008058017727639033,0.0008333472224535399,0.57784045124899,-0.00024174053182917098
24282,20.235337255620927,0.5769540692989524,560,681,1241,0.0008058017727639033,0.0008333472224535399,0.5776792908944371,-0.00016116035455278067
24283,20.23617060284338,0.5769540692989524,560,681,1241,0.0,0.0008333472224535399,0.5774375503626079,-0.00024174053182917098
24284,20.237003950065834,0.5769540692989524,560,681,1241,0.0,0.0008333472224535399,0.5771958098307788,-0.00024174053182917098
24285,20.23783729728829,0.5769540692989524,560,681,1241,0.0,0.0008333472224570926,0.577034649476226,-0.00016116035455278067
24286,20.238670644510744,0.5769540692989524,560,681,1241,0.0,0.0008333472224535399,0.5768734891216731,-0.00016116035455278067
24287,20.239503991733198,0.5769540692989524,560,681,1241,0.0,0.0008333472224535399,0.5768734891216731,0.0
24288,20.24033733895565,0.5769540692989524,560,681,1241,0.0,0.0008333472224535399,0.5768734891216731,0.0
24289,20.241170686178105,0.5769540692989524,560,681,1241,0.0,0.0008333472224535399,0.5768734891216731,0.0
24290,20.24200403340056,0.5761482675261885,560,681,1241,-0.0008058017727639033,0.0008333472224535399,0.5767929089443968,-8.058017727639034e-05
24291,20.242837380623012,0.5761482675261885,560,681,1241,0.0,0.0008333472224535399,0.5767929089443968,0.0
24292,20.243670727845466,0.5761482675261885,560,681,1241,0.0,0.0008333472224535399,0.5767123287671205,-8.058017727639034e-05
24293,20.24450407506792,0.5745366639806607,560,681,1241,-0.0016116035455278066,0.0008333472224535399,0.5764705882352914,-0.00024174053182917098
24294,20.245337422290373,0.5737308622078968,560,681,1241,-0.0008058017727639033,0.0008333472224535399,0.5761482675261858,-0.00032232070910556134
24295,20.246170769512826,0.5729250604351329,560,681,1241,-0.0008058017727639033,0.0008333472224535399,0.5757453666398039,-0.00040290088638195165
24296,20.24700411673528,0.5737308622078968,560,681,1241,0.0008058017727639033,0.0008333472224535399,0.5754230459306984,-0.00032232070910556134
24297,20.247837463957733,0.5737308622078968,560,681,1241,0.0,0.0008333472224535399,0.5751007252215927,-0.00032232070910556134
24298,20.248670811180187,0.5745366639806607,560,681,1241,0.0008058017727639033,0.0008333472224535399,0.5748589846897636,-0.00024174053182917098
24299,20.24950415840264,0.5753424657534246,560,681,1241,0.0008058017727639033,0.0008333472224535399,0.5746978243352109,-0.00016116035455278067
24300,20.250337505625094,0.5753424657534246,560,681,1241,0.0,0.0008333472224535399,0.5746172441579345,-8.058017727639034e-05
24301,20.251170852847547,0.5761482675261885,560,681,1241,0.0008058017727639033,0.0008333472224535399,0.5746172441579345,0.0
24302,20.25200420007,0.5761482675261885,560,681,1241,0.0,0.0008333472224535399,0.5746172441579345,0.0
24303,20.252837547292454,0.5761482675261885,560,681,1241,0.0,0.0008333472224535399,0.5747784045124872,0.00016116035455278067
24304,20.253670894514908,0.5761482675261885,560,681,1241,0.0,0.0008333472224535399,0.5750201450443164,0.00024174053182917098
24305,20.25450424173736,0.5753424657534246,560,681,1241,-0.0008058017727639033,0.0008333472224535399,0.5752618855761455,0.00024174053182917098
24306,20.25533758895982,0.5753424657534246,560,681,1241,0.0,0.0008333472224570926,0.5754230459306984,0.00016116035455278067
24307,20.256170936182272,0.5745366639806607,560,681,1241,-0.0008058017727639033,0.0008333472224535399,0.5755036261079748,8.058017727639034e-05
24308,20.257004283404726,0.5745366639806607,560,681,1241,0.0,0.0008333472224535399,0.5755036261079748,0.0
24309,20.25783763062718,0.5745366639806607,560,681,1241,0.0,0.0008333472224535399,0.5754230459306984,-8.058017727639034e-05
24310,20.258670977849633,0.5753424657534246,560,681,1241,0.0008058017727639033,0.0008333472224535399,0.5754230459306984,0.0
24311,20.259504325072086,0.5753424657534246,560,681,1241,0.0,0.0008333472224535399,0.575342465753422,-8.058017727639034e-05
24312,20.26033767229454,0.5753424657534246,560,681,1241,0.0,0.0008333472224535399,0.5752618855761455,-8.058017727639034e-05
24313,20.261171019516993,0.5753424657534246,560,681,1241,0.0,0.0008333472224535399,0.5751813053988691,-8.058017727639034e-05
24314,20.262004366739447,0.5753424657534246,560,681,1241,0.0,0.0008333472224535399,0.5751007252215927,-8.058017727639034e-05
24315,20.2628377139619,0.5745366639806607,560,681,1241,-0.0008058017727639033,0.0008333472224535399,0.5750201450443163,-8.058017727639034e-05
24316,20.263671061184354,0.5745366639806607,560,681,1241,0.0,0.0008333472224535399,0.57493956486704,-8.058017727639034e-05
24317,20.264504408406808,0.5745366639806607,560,681,1241,0.0,0.0008333472224535399,0.57493956486704,0.0
24318,20.26533775562926,0.5737308622078968,560,681,1241,-0.0008058017727639033,0.0008333472224535399,0.5748589846897636,-8.058017727639034e-05
24319,20.266171102851715,0.5753424657534246,560,681,1241,0.0016116035455278066,0.0008333472224535399,0.5749395648670399,8.058017727639034e-05
24320,20.267004450074168,0.5753424657534246,560,681,1241,0.0,0.0008333472224535399,0.5749395648670399,0.0
24321,20.26783779729662,0.5761482675261885,560,681,1241,0.0008058017727639033,0.0008333472224535399,0.5750201450443163,8.058017727639034e-05
24322,20.268671144519075,0.5761482675261885,560,681,1241,0.0,0.0008333472224535399,0.5751007252215927,8.058017727639034e-05
24323,20.26950449174153,0.5761482675261885,560,681,1241,0.0,0.0008333472224535399,0.5751813053988692,8.058017727639034e-05
24324,20.270337838963982,0.5753424657534246,560,681,1241,-0.0008058017727639033,0.0008333472224535399,0.5751813053988692,0.0
24325,20.271171186186436,0.5761482675261885,560,681,1241,0.0008058017727639033,0.0008333472224535399,0.575342465753422,0.00016116035455278067
24326,20.27200453340889,0.5761482675261885,560,681,1241,0.0,0.0008333472224535399,0.5755036261079748,0.00016116035455278067
24327,20.272837880631343,0.5769540692989524,560,681,1241,0.0008058017727639033,0.0008333472224535399,0.5757453666398039,0.00024174053182917098
24328,20.2736712278538,0.5777598710717163,560,681,1241,0.0008058017727639033,0.0008333472224570926,0.5761482675261859,0.00040290088638195165
24329,20.274504575076254,0.5777598710717163,560,681,1241,0.0,0.0008333472224535399,0.5763900080580151,0.00024174053182917098
24330,20.275337922298707,0.5777598710717163,560,681,1241,0.0,0.0008333472224535399,0.5766317485898443,0.00024174053182917098
24331,20.27617126952116,0.5777598710717163,560,681,1241,0.0,0.0008333472224535399,0.576792908944397,0.00016116035455278067
24332,20.277004616743614,0.5777598710717163,560,681,1241,0.0,0.0008333472224535399,0.5769540692989499,0.00016116035455278067
24333,20.277837963966068,0.5777598710717163,560,681,1241,0.0,0.0008333472224535399,0.5771152296535027,0.00016116035455278067
24334,20.27867131118852,0.5777598710717163,560,681,1241,0.0,0.0008333472224535399,0.5773569701853318,0.00024174053182917098
24335,20.279504658410975,0.5785656728444802,560,681,1241,0.0008058017727639033,0.0008333472224535399,0.577598710717161,0.00024174053182917098
24336,20.28033800563343,0.5785656728444802,560,681,1241,0.0,0.0008333472224535399,0.5778404512489901,0.00024174053182917098
24337,20.281171352855882,0.5785656728444802,560,681,1241,0.0,0.0008333472224535399,0.5780016116035429,0.00016116035455278067
24338,20.282004700078335,0.5785656728444802,560,681,1241,0.0,0.0008333472224535399,0.5780821917808192,8.058017727639034e-05
24339,20.28283804730079,0.5785656728444802,560,681,1241,0.0,0.0008333472224535399,0.5781627719580956,8.058017727639034e-05
24340,20.283671394523243,0.5777598710717163,560,681,1241,-0.0008058017727639033,0.0008333472224535399,0.5781627719580956,0.0
24341,20.284504741745696,0.5777598710717163,560,681,1241,0.0,0.0008333472224535399,0.5781627719580956,0.0
24342,20.28533808896815,0.5777598710717163,560,681,1241,0.0,0.0008333472224535399,0.5781627719580956,0.0
24343,20.286171436190603,0.5777598710717163,560,681,1241,0.0,0.0008333472224535399,0.5781627719580956,0.0
24344,20.287004783413057,0.5777598710717163,560,681,1241,0.0,0.0008333472224535399,0.5781627719580956,0.0
24345,20.28783813063551,0.5777598710717163,560,681,1241,0.0,0.0008333472224535399,0.5780821917808192,-8.058017727639034e-05
24346,20.288671477857964,0.5777598710717163,560,681,1241,0.0,0.0008333472224535399,0.5780016116035429,-8.058017727639034e-05
24347,20.289504825080417,0.5777598710717163,560,681,1241,0.0,0.0008333472224535399,0.5779210314262666,-8.058017727639034e-05
24348,20.29033817230287,0.5785656728444802,560,681,1241,0.0008058017727639033,0.0008333472224535399,0.5779210314262666,0.0
24349,20.291171519525328,0.5785656728444802,560,681,1241,0.0,0.0008333472224570926,0.5779210314262666,0.0
24350,20.29200486674778,0.5793714746172441,560,681,1241,0.0008058017727639033,0.0008333472224535399,0.5780821917808193,0.00016116035455278067
24351,20.292838213970235,0.580177276390008,560,681,1241,0.0008058017727639033,0.0008333472224535399,0.5783239323126484,0.00024174053182917098
24352,20.29367156119269,0.5817888799355359,560,681,1241,0.0016116035455278066,0.0008333472224535399,0.5787268331990304,0.00040290088638195165
24353,20.294504908415142,0.5817888799355359,560,681,1241,0.0,0.0008333472224535399,0.5791297340854122,0.00040290088638195165
24354,20.295338255637596,0.5817888799355359,560,681,1241,0.0,0.0008333472224535399,0.5795326349717942,0.00040290088638195165
24355,20.29617160286005,0.5817888799355359,560,681,1241,0.0,0.0008333472224535399,0.5799355358581761,0.00040290088638195165
24356,20.297004950082503,0.5817888799355359,560,681,1241,0.0,0.0008333472224535399,0.580338436744558,0.00040290088638195165
24357,20.297838297304956,0.5825946817082998,560,681,1241,0.0008058017727639033,0.0008333472224535399,0.5808219178082163,0.00048348106365834196
24358,20.29867164452741,0.5834004834810637,560,681,1241,0.0008058017727639033,0.0008333472224535399,0.5813053988718747,0.00048348106365834196
24359,20.299504991749863,0.5842062852538276,560,681,1241,0.0008058017727639033,0.0008333472224535399,0.5818694601128095,0.0005640612409347323
24360,20.300338338972317,0.5834004834810637,560,681,1241,-0.0008058017727639033,0.0008333472224535399,0.5822723609991913,0.00040290088638195165
24361,20.30117168619477,0.5834004834810637,560,681,1241,0.0,0.0008333472224535399,0.582594681708297,0.00032232070910556134
24362,20.302005033417224,0.5834004834810637,560,681,1241,0.0,0.0008333472224535399,0.5827558420628497,0.00016116035455278067
24363,20.302838380639677,0.5825946817082998,560,681,1241,-0.0008058017727639033,0.0008333472224535399,0.5828364222401261,8.058017727639034e-05
24364,20.30367172786213,0.5825946817082998,560,681,1241,0.0,0.0008333472224535399,0.5829170024174026,8.058017727639034e-05
24365,20.304505075084585,0.5817888799355359,560,681,1241,-0.0008058017727639033,0.0008333472224535399,0.5829170024174026,0.0
24366,20.305338422307038,0.580983078162772,560,681,1241,-0.0008058017727639033,0.0008333472224535399,0.5828364222401262,-8.058017727639034e-05
24367,20.30617176952949,0.580983078162772,560,681,1241,0.0,0.0008333472224535399,0.5826752618855735,-0.00016116035455278067
24368,20.307005116751945,0.580983078162772,560,681,1241,0.0,0.0008333472224535399,0.5824335213537444,-0.00024174053182917098
24369,20.3078384639744,0.580983078162772,560,681,1241,0.0,0.0008333472224535399,0.5821112006446387,-0.00032232070910556134
24370,20.308671811196856,0.580177276390008,560,681,1241,-0.0008058017727639033,0.0008333472224570926,0.5817888799355332,-0.00032232070910556134
24371,20.30950515841931,0.580983078162772,560,681,1241,0.0008058017727639033,0.0008333472224535399,0.5815471394037041,-0.00024174053182917098
24372,20.310338505641763,0.580983078162772,560,681,1241,0.0,0.0008333472224535399,0.5813053988718749,-0.00024174053182917098
24373,20.311171852864216,0.580983078162772,560,681,1241,0.0,0.0008333472224535399,0.5811442385173222,-0.00016116035455278067
24374,20.31200520008667,0.580983078162772,560,681,1241,0.0,0.0008333472224535399,0.5809830781627694,-0.00016116035455278067
24375,20.312838547309124,0.580177276390008,560,681,1241,-0.0008058017727639033,0.0008333472224535399,0.5808219178082166,-0.00016116035455278067
24376,20.313671894531577,0.580177276390008,560,681,1241,0.0,0.0008333472224535399,0.5807413376309402,-8.058017727639034e-05
24377,20.31450524175403,0.580177276390008,560,681,1241,0.0,0.0008333472224535399,0.5806607574536637,-8.058017727639034e-05
24378,20.315338588976484,0.580177276390008,560,681,1241,0.0,0.0008333472224535399,0.5805801772763873,-8.058017727639034e-05
24379,20.316171936198938,0.580177276390008,560,681,1241,0.0,0.0008333472224535399,0.5804995970991109,-8.058017727639034e-05
24380,20.31700528342139,0.5817888799355359,560,681,1241,0.0016116035455278066,0.0008333472224535399,0.5806607574536636,0.00016116035455278067
24381,20.317838630643845,0.5817888799355359,560,681,1241,0.0,0.0008333472224535399,0.58074133763094,8.058017727639034e-05
24382,20.3186719778663,0.5817888799355359,560,681,1241,0.0,0.0008333472224535399,0.5808219178082163,8.058017727639034e-05
24383,20.319505325088752,0.580983078162772,560,681,1241,-0.0008058017727639033,0.0008333472224535399,0.5808219178082163,0.0
24384,20.320338672311205,0.580983078162772,560,681,1241,0.0,0.0008333472224535399,0.5808219178082163,0.0
24385,20.32117201953366,0.580177276390008,560,681,1241,-0.0008058017727639033,0.0008333472224535399,0.5808219178082163,0.0
24386,20.322005366756112,0.580177276390008,560,681,1241,0.0,0.0008333472224535399,0.5808219178082163,0.0
24387,20.322838713978566,0.580983078162772,560,681,1241,0.0008058017727639033,0.0008333472224535399,0.5809024979854928,8.058017727639034e-05
24388,20.32367206120102,0.580983078162772,560,681,1241,0.0,0.0008333472224535399,0.5809830781627692,8.058017727639034e-05
24389,20.324505408423473,0.580983078162772,560,681,1241,0.0,0.0008333472224535399,0.5810636583400457,8.058017727639034e-05
24390,20.325338755645927,0.5817888799355359,560,681,1241,0.0008058017727639033,0.0008333472224535399,0.5810636583400457,0.0
24391,20.326172102868384,0.5825946817082998,560,681,1241,0.0008058017727639033,0.0008333472224570926,0.5811442385173221,8.058017727639034e-05
24392,20.327005450090837,0.5825946817082998,560,681,1241,0.0,0.0008333472224535399,0.5812248186945985,8.058017727639034e-05
24393,20.32783879731329,0.5834004834810637,560,681,1241,0.0008058017727639033,0.0008333472224535399,0.5814665592264276,0.00024174053182917098
24394,20.328672144535744,0.5834004834810637,560,681,1241,0.0,0.0008333472224535399,0.5817082997582568,0.00024174053182917098
24395,20.329505491758198,0.5834004834810637,560,681,1241,0.0,0.0008333472224535399,0.5820306204673623,0.00032232070910556134
24396,20.33033883898065,0.5842062852538276,560,681,1241,0.0008058017727639033,0.0008333472224535399,0.5824335213537444,0.00040290088638195165
24397,20.331172186203105,0.5850120870265915,560,681,1241,0.0008058017727639033,0.0008333472224535399,0.5828364222401262,0.00040290088638195165
24398,20.33200553342556,0.5850120870265915,560,681,1241,0.0,0.0008333472224535399,0.5832393231265082,0.00040290088638195165
24399,20.332838880648012,0.5850120870265915,560,681,1241,0.0,0.0008333472224535399,0.58364222401289,0.00040290088638195165
24400,20.333672227870466,0.5858178887993554,560,681,1241,0.0008058017727639033,0.0008333472224535399,0.5840451248992721,0.00040290088638195165
24401,20.33450557509292,0.5858178887993554,560,681,1241,0.0,0.0008333472224535399,0.5843674456083776,0.00032232070910556134
24402,20.335338922315373,0.5858178887993554,560,681,1241,0.0,0.0008333472224535399,0.5846897663174832,0.00032232070910556134
24403,20.336172269537826,0.5850120870265915,560,681,1241,-0.0008058017727639033,0.0008333472224535399,0.584850926672036,0.00016116035455278067
24404,20.33700561676028,0.5842062852538276,560,681,1241,-0.0008058017727639033,0.0008333472224535399,0.5849315068493124,8.058017727639034e-05
24405,20.337838963982733,0.5842062852538276,560,681,1241,0.0,0.0008333472224535399,0.5850120870265888,8.058017727639034e-05
24406,20.338672311205187,0.5842062852538276,560,681,1241,0.0,0.0008333472224535399,0.5850120870265888,0.0
24407,20.33950565842764,0.5850120870265915,560,681,1241,0.0008058017727639033,0.0008333472224535399,0.5850120870265888,0.0
24408,20.340339005650094,0.5850120870265915,560,681,1241,0.0,0.0008333472224535399,0.5850120870265888,0.0
24409,20.341172352872547,0.5850120870265915,560,681,1241,0.0,0.0008333472224535399,0.5850120870265888,0.0
24410,20.342005700095,0.5850120870265915,560,681,1241,0.0,0.0008333472224535399,0.5849315068493124,-8.058017727639034e-05
24411,20.342839047317455,0.5842062852538276,560,681,1241,-0.0008058017727639033,0.0008333472224535399,0.5847703464947596,-0.00016116035455278067
24412,20.34367239453991,0.5842062852538276,560,681,1241,0.0,0.0008333472224570926,0.5846091861402068,-0.00016116035455278067
24413,20.344505741762365,0.5842062852538276,560,681,1241,0.0,0.0008333472224535399,0.5845286059629304,-8.058017727639034e-05
24414,20.34533908898482,0.5842062852538276,560,681,1241,0.0,0.0008333472224535399,0.5845286059629304,0.0
24415,20.346172436207272,0.5842062852538276,560,681,1241,0.0,0.0008333472224535399,0.5845286059629304,0.0
24416,20.347005783429726,0.5858178887993554,560,681,1241,0.0016116035455278066,0.0008333472224535399,0.5846897663174833,0.00016116035455278067
24417,20.34783913065218,0.5850120870265915,560,681,1241,-0.0008058017727639033,0.0008333472224535399,0.5846897663174833,0.0
24418,20.348672477874633,0.5850120870265915,560,681,1241,0.0,0.0008333472224535399,0.5846897663174833,0.0
24419,20.349505825097086,0.5850120870265915,560,681,1241,0.0,0.0008333472224535399,0.5846897663174833,0.0
24420,20.35033917231954,0.5850120870265915,560,681,1241,0.0,0.0008333472224535399,0.5846897663174833,0.0
24421,20.351172519541993,0.5842062852538276,560,681,1241,-0.0008058017727639033,0.0008333472224535399,0.5846897663174833,0.0
24422,20.352005866764447,0.5834004834810637,560,681,1241,-0.0008058017727639033,0.0008333472224535399,0.5846091861402068,-8.058017727639034e-05
24423,20.3528392139869,0.5834004834810637,560,681,1241,0.0,0.0008333472224535399,0.5845286059629304,-8.058017727639034e-05
24424,20.353672561209354,0.5825946817082998,560,681,1241,-0.0008058017727639033,0.0008333472224535399,0.5843674456083776,-0.00016116035455278067
24425,20.354505908431808,0.5834004834810637,560,681,1241,0.0008058017727639033,0.0008333472224535399,0.5842868654311012,-8.058017727639034e-05
24426,20.35533925565426,0.5834004834810637,560,681,1241,0.0,0.0008333472224535399,0.584045124899272,-0.00024174053182917098
24427,20.356172602876715,0.5834004834810637,560,681,1241,0.0,0.0008333472224535399,0.5838839645447191,-0.00016116035455278067
24428,20.35700595009917,0.5834004834810637,560,681,1241,0.0,0.0008333472224535399,0.5837228041901664,-0.00016116035455278067
24429,20.357839297321622,0.5842062852538276,560,681,1241,0.0008058017727639033,0.0008333472224535399,0.58364222401289,-8.058017727639034e-05
24430,20.358672644544075,0.5842062852538276,560,681,1241,0.0,0.0008333472224535399,0.5835616438356137,-8.058017727639034e-05
24431,20.35950599176653,0.5850120870265915,560,681,1241,0.0008058017727639033,0.0008333472224535399,0.58364222401289,8.058017727639034e-05
24432,20.360339338988982,0.5850120870265915,560,681,1241,0.0,0.0008333472224535399,0.5838033843674428,0.00016116035455278067
24433,20.361172686211436,0.5850120870265915,560,681,1241,0.0,0.0008333472224535399,0.5839645447219957,0.00016116035455278067
24434,20.362006033433893,0.5850120870265915,560,681,1241,0.0,0.0008333472224570926,0.5842062852538248,0.00024174053182917098
24435,20.362839380656347,0.5850120870265915,560,681,1241,0.0,0.0008333472224535399,0.5843674456083775,0.00016116035455278067
24436,20.3636727278788,0.5850120870265915,560,681,1241,0.0,0.0008333472224535399,0.5845286059629303,0.00016116035455278067
24437,20.364506075101254,0.5842062852538276,560,681,1241,-0.0008058017727639033,0.0008333472224535399,0.5846091861402067,8.058017727639034e-05
24438,20.365339422323707,0.5834004834810637,560,681,1241,-0.0008058017727639033,0.0008333472224535399,0.5846091861402067,0.0
24439,20.36617276954616,0.5825946817082998,560,681,1241,-0.0008058017727639033,0.0008333472224535399,0.5844480257856539,-0.00016116035455278067
24440,20.367006116768614,0.5834004834810637,560,681,1241,0.0008058017727639033,0.0008333472224535399,0.5843674456083775,-8.058017727639034e-05
24441,20.367839463991068,0.5834004834810637,560,681,1241,0.0,0.0008333472224535399,0.5842062852538248,-0.00016116035455278067
24442,20.36867281121352,0.5842062852538276,560,681,1241,0.0008058017727639033,0.0008333472224535399,0.5841257050765484,-8.058017727639034e-05
24443,20.369506158435975,0.5842062852538276,560,681,1241,0.0,0.0008333472224535399,0.5840451248992721,-8.058017727639034e-05
24444,20.37033950565843,0.5842062852538276,560,681,1241,0.0,0.0008333472224535399,0.5839645447219957,-8.058017727639034e-05
24445,20.371172852880882,0.5842062852538276,560,681,1241,0.0,0.0008333472224535399,0.5838839645447194,-8.058017727639034e-05
24446,20.372006200103336,0.5834004834810637,560,681,1241,-0.0008058017727639033,0.0008333472224535399,0.5837228041901665,-0.00016116035455278067
24447,20.37283954732579,0.5834004834810637,560,681,1241,0.0,0.0008333472224535399,0.5836422240128901,-8.058017727639034e-05
24448,20.373672894548243,0.5834004834810637,560,681,1241,0.0,0.0008333472224535399,0.5836422240128901,0.0
24449,20.374506241770696,0.5825946817082998,560,681,1241,-0.0008058017727639033,0.0008333472224535399,0.5836422240128901,0.0
24450,20.37533958899315,0.5834004834810637,560,681,1241,0.0008058017727639033,0.0008333472224535399,0.5836422240128901,0.0
24451,20.376172936215603,0.5834004834810637,560,681,1241,0.0,0.0008333472224535399,0.5836422240128901,0.0
24452,20.377006283438057,0.5834004834810637,560,681,1241,0.0,0.0008333472224535399,0.5835616438356137,-8.058017727639034e-05
24453,20.37783963066051,0.5834004834810637,560,681,1241,0.0,0.0008333472224535399,0.5834810636583373,-8.058017727639034e-05
24454,20.378672977882964,0.5834004834810637,560,681,1241,0.0,0.0008333472224535399,0.5834004834810609,-8.058017727639034e-05
24455,20.37950632510542,0.5834004834810637,560,681,1241,0.0,0.0008333472224570926,0.5833199033037844,-8.058017727639034e-05
24456,20.380339672327874,0.5834004834810637,560,681,1241,0.0,0.0008333472224535399,0.5833199033037844,0.0
24457,20.381173019550328,0.5834004834810637,560,681,1241,0.0,0.0008333472224535399,0.5833199033037844,0.0
24458,20.38200636677278,0.5842062852538276,560,681,1241,0.0008058017727639033,0.0008333472224535399,0.5834004834810609,8.058017727639034e-05
24459,20.382839713995235,0.5842062852538276,560,681,1241,0.0,0.0008333472224535399,0.5835616438356136,0.00016116035455278067
24460,20.38367306121769,0.5842062852538276,560,681,1241,0.0,0.0008333472224535399,0.58364222401289,8.058017727639034e-05
24461,20.384506408440142,0.5858178887993554,560,681,1241,0.0016116035455278066,0.0008333472224535399,0.5838839645447192,0.00024174053182917098
24462,20.385339755662596,0.5850120870265915,560,681,1241,-0.0008058017727639033,0.0008333472224535399,0.5840451248992721,0.00016116035455278067
24463,20.38617310288505,0.5842062852538276,560,681,1241,-0.0008058017727639033,0.0008333472224535399,0.5841257050765485,8.058017727639034e-05
24464,20.387006450107503,0.5842062852538276,560,681,1241,0.0,0.0008333472224535399,0.5842062852538249,8.058017727639034e-05
24465,20.387839797329956,0.5842062852538276,560,681,1241,0.0,0.0008333472224535399,0.5842868654311013,8.058017727639034e-05
24466,20.38867314455241,0.5842062852538276,560,681,1241,0.0,0.0008333472224535399,0.5843674456083778,8.058017727639034e-05
24467,20.389506491774863,0.5842062852538276,560,681,1241,0.0,0.0008333472224535399,0.5844480257856542,8.058017727639034e-05
24468,20.390339838997317,0.5858178887993554,560,681,1241,0.0016116035455278066,0.0008333472224535399,0.584609186140207,0.00016116035455278067
24469,20.39117318621977,0.5850120870265915,560,681,1241,-0.0008058017727639033,0.0008333472224535399,0.5846897663174834,8.058017727639034e-05
24470,20.392006533442224,0.5850120870265915,560,681,1241,0.0,0.0008333472224535399,0.5847703464947597,8.058017727639034e-05
24471,20.392839880664678,0.5850120870265915,560,681,1241,0.0,0.0008333472224535399,0.5846897663174833,-8.058017727639034e-05
24472,20.39367322788713,0.5850120870265915,560,681,1241,0.0,0.0008333472224535399,0.5846897663174833,0.0
24473,20.394506575109585,0.5842062852538276,560,681,1241,-0.0008058017727639033,0.0008333472224535399,0.5846897663174833,0.0
24474,20.395339922332038,0.5842062852538276,560,681,1241,0.0,0.0008333472224535399,0.5846897663174833,0.0
24475,20.39617326955449,0.5842062852538276,560,681,1241,0.0,0.0008333472224535399,0.5846897663174833,0.0
24476,20.39700661677695,0.5842062852538276,560,681,1241,0.0,0.0008333472224570926,0.5846897663174833,0.0
24477,20.397839963999402,0.5842062852538276,560,681,1241,0.0,0.0008333472224535399,0.5846897663174833,0.0
24478,20.398673311221856,0.5842062852538276,560,681,1241,0.0,0.0008333472224535399,0.5845286059629304,-0.00016116035455278067
24479,20.39950665844431,0.5834004834810637,560,681,1241,-0.0008058017727639033,0.0008333472224535399,0.5843674456083777,-0.00016116035455278067
24480,20.400340005666763,0.5834004834810637,560,681,1241,0.0,0.0008333472224535399,0.5842062852538249,-0.00016116035455278067
24481,20.401173352889217,0.5850120870265915,560,681,1241,0.0016116035455278066,0.0008333472224535399,0.5842062852538249,0.0
24482,20.40200670011167,0.5850120870265915,560,681,1241,0.0,0.0008333472224535399,0.5842062852538249,0.0
24483,20.402840047334124,0.5850120870265915,560,681,1241,0.0,0.0008333472224535399,0.5842868654311013,8.058017727639034e-05
24484,20.403673394556577,0.5850120870265915,560,681,1241,0.0,0.0008333472224535399,0.5843674456083776,8.058017727639034e-05
24485,20.40450674177903,0.5850120870265915,560,681,1241,0.0,0.0008333472224535399,0.5844480257856539,8.058017727639034e-05
24486,20.405340089001484,0.5850120870265915,560,681,1241,0.0,0.0008333472224535399,0.5845286059629303,8.058017727639034e-05
24487,20.406173436223938,0.5850120870265915,560,681,1241,0.0,0.0008333472224535399,0.5846091861402066,8.058017727639034e-05
24488,20.40700678344639,0.5842062852538276,560,681,1241,-0.0008058017727639033,0.0008333472224535399,0.5846091861402066,0.0
24489,20.407840130668845,0.5825946817082998,560,681,1241,-0.0016116035455278066,0.0008333472224535399,0.5845286059629303,-8.058017727639034e-05
24490,20.4086734778913,0.5825946817082998,560,681,1241,0.0,0.0008333472224535399,0.5844480257856539,-8.058017727639034e-05
24491,20.409506825113752,0.5834004834810637,560,681,1241,0.0008058017727639033,0.0008333472224535399,0.5842868654311012,-0.00016116035455278067
24492,20.410340172336205,0.5834004834810637,560,681,1241,0.0,0.0008333472224535399,0.5841257050765484,-0.00016116035455278067
24493,20.41117351955866,0.5834004834810637,560,681,1241,0.0,0.0008333472224535399,0.5839645447219957,-0.00016116035455278067
24494,20.412006866781113,0.5850120870265915,560,681,1241,0.0016116035455278066,0.0008333472224535399,0.5839645447219957,0.0
24495,20.412840214003566,0.5842062852538276,560,681,1241,-0.0008058017727639033,0.0008333472224535399,0.5838839645447192,-8.058017727639034e-05
24496,20.41367356122602,0.5850120870265915,560,681,1241,0.0008058017727639033,0.0008333472224535399,0.5838839645447192,0.0
24497,20.414506908448477,0.5850120870265915,560,681,1241,0.0,0.0008333472224570926,0.5838839645447192,0.0
24498,20.41534025567093,0.5850120870265915,560,681,1241,0.0,0.0008333472224535399,0.5839645447219957,8.058017727639034e-05
24499,20.416173602893384,0.5850120870265915,560,681,1241,0.0,0.0008333472224535399,0.5842062852538248,0.00024174053182917098
24500,20.417006950115837,0.5850120870265915,560,681,1241,0.0,0.0008333472224535399,0.5844480257856539,0.00024174053182917098
24501,20.41784029733829,0.5850120870265915,560,681,1241,0.0,0.0008333472224535399,0.5846091861402066,0.00016116035455278067
24502,20.418673644560744,0.5842062852538276,560,681,1241,-0.0008058017727639033,0.0008333472224535399,0.584689766317483,8.058017727639034e-05
24503,20.419506991783198,0.5842062852538276,560,681,1241,0.0,0.0008333472224535399,0.5847703464947596,8.058017727639034e-05
24504,20.42034033900565,0.5842062852538276,560,681,1241,0.0,0.0008333472224535399,0.5846897663174832,-8.058017727639034e-05
24505,20.421173686228105,0.5850120870265915,560,681,1241,0.0008058017727639033,0.0008333472224535399,0.5847703464947596,8.058017727639034e-05
24506,20.42200703345056,0.5858178887993554,560,681,1241,0.0008058017727639033,0.0008333472224535399,0.584850926672036,8.058017727639034e-05
24507,20.422840380673012,0.5858178887993554,560,681,1241,0.0,0.0008333472224535399,0.5849315068493124,8.058017727639034e-05
24508,20.423673727895466,0.5858178887993554,560,681,1241,0.0,0.0008333472224535399,0.5850120870265888,8.058017727639034e-05
24509,20.42450707511792,0.5850120870265915,560,681,1241,-0.0008058017727639033,0.0008333472224535399,0.5850120870265888,0.0
24510,20.425340422340373,0.5850120870265915,560,681,1241,0.0,0.0008333472224535399,0.5850120870265888,0.0
24511,20.426173769562826,0.5834004834810637,560,681,1241,-0.0016116035455278066,0.0008333472224535399,0.5848509266720361,-0.00016116035455278067
24512,20.42700711678528,0.5834004834810637,560,681,1241,0.0,0.0008333472224535399,0.5847703464947596,-8.058017727639034e-05
24513,20.427840464007733,0.5834004834810637,560,681,1241,0.0,0.0008333472224535399,0.5846897663174832,-8.058017727639034e-05
24514,20.428673811230187,0.5834004834810637,560,681,1241,0.0,0.0008333472224535399,0.5846091861402067,-8.058017727639034e-05
24515,20.42950715845264,0.5834004834810637,560,681,1241,0.0,0.0008333472224535399,0.5844480257856539,-0.00016116035455278067
24516,20.430340505675094,0.5825946817082998,560,681,1241,-0.0008058017727639033,0.0008333472224535399,0.5841257050765484,-0.00032232070910556134
24517,20.431173852897548,0.5834004834810637,560,681,1241,0.0008058017727639033,0.0008333472224535399,0.5838839645447191,-0.00024174053182917098
24518,20.432007200120005,0.5834004834810637,560,681,1241,0.0,0.0008333472224570926,0.58364222401289,-0.00024174053182917098
24519,20.432840547342458,0.5825946817082998,560,681,1241,-0.0008058017727639033,0.0008333472224535399,0.5834004834810609,-0.00024174053182917098
24520,20.43367389456491,0.5825946817082998,560,681,1241,0.0,0.0008333472224535399,0.5831587429492318,-0.00024174053182917098
24521,20.434507241787365,0.5834004834810637,560,681,1241,0.0008058017727639033,0.0008333472224535399,0.5831587429492318,0.0
24522,20.43534058900982,0.5834004834810637,560,681,1241,0.0,0.0008333472224535399,0.5831587429492318,0.0
24523,20.436173936232272,0.5834004834810637,560,681,1241,0.0,0.0008333472224535399,0.5831587429492318,0.0
24524,20.437007283454726,0.5825946817082998,560,681,1241,-0.0008058017727639033,0.0008333472224535399,0.5830781627719553,-8.058017727639034e-05
24525,20.43784063067718,0.5817888799355359,560,681,1241,-0.0008058017727639033,0.0008333472224535399,0.5829170024174026,-0.00016116035455278067
24526,20.438673977899633,0.5817888799355359,560,681,1241,0.0,0.0008333472224535399,0.5828364222401261,-8.058017727639034e-05
24527,20.439507325122086,0.5817888799355359,560,681,1241,0.0,0.0008333472224535399,0.5826752618855734,-0.00016116035455278067
24528,20.44034067234454,0.580983078162772,560,681,1241,-0.0008058017727639033,0.0008333472224535399,0.5824335213537443,-0.00024174053182917098
24529,20.441174019566994,0.580983078162772,560,681,1241,0.0,0.0008333472224535399,0.5822723609991914,-0.00016116035455278067
24530,20.442007366789447,0.5817888799355359,560,681,1241,0.0008058017727639033,0.0008333472224535399,0.582191780821915,-8.058017727639034e-05
24531,20.4428407140119,0.5817888799355359,560,681,1241,0.0,0.0008333472224535399,0.5820306204673622,-0.00016116035455278067
24532,20.443674061234354,0.5817888799355359,560,681,1241,0.0,0.0008333472224535399,0.5818694601128095,-0.00016116035455278067
24533,20.444507408456808,0.580983078162772,560,681,1241,-0.0008058017727639033,0.0008333472224535399,0.5816277195809804,-0.00024174053182917098
24534,20.44534075567926,0.580983078162772,560,681,1241,0.0,0.0008333472224535399,0.5814665592264275,-0.00016116035455278067
24535,20.446174102901715,0.5817888799355359,560,681,1241,0.0008058017727639033,0.0008333472224535399,0.5814665592264275,0.0
24536,20.44700745012417,0.5817888799355359,560,681,1241,0.0,0.0008333472224535399,0.5814665592264275,0.0
24537,20.447840797346622,0.5817888799355359,560,681,1241,0.0,0.0008333472224535399,0.5814665592264275,0.0
24538,20.448674144569075,0.5825946817082998,560,681,1241,0.0008058017727639033,0.0008333472224535399,0.5816277195809804,0.00016116035455278067
24539,20.449507491791532,0.5834004834810637,560,681,1241,0.0008058017727639033,0.0008333472224570926,0.5818694601128095,0.00024174053182917098
24540,20.450340839013986,0.5825946817082998,560,681,1241,-0.0008058017727639033,0.0008333472224535399,0.5819500402900859,8.058017727639034e-05
24541,20.45117418623644,0.5817888799355359,560,681,1241,-0.0008058017727639033,0.0008333472224535399,0.5819500402900859,0.0
24542,20.452007533458893,0.5825946817082998,560,681,1241,0.0008058017727639033,0.0008333472224535399,0.5820306204673623,8.058017727639034e-05
24543,20.452840880681347,0.5817888799355359,560,681,1241,-0.0008058017727639033,0.0008333472224535399,0.5821112006446387,8.058017727639034e-05
24544,20.4536742279038,0.580177276390008,560,681,1241,-0.0016116035455278066,0.0008333472224535399,0.5820306204673622,-8.058017727639034e-05
24545,20.454507575126254,0.580177276390008,560,681,1241,0.0,0.0008333472224535399,0.5818694601128095,-0.00016116035455278067
24546,20.455340922348707,0.580983078162772,560,681,1241,0.0008058017727639033,0.0008333472224535399,0.5817888799355331,-8.058017727639034e-05
24547,20.45617426957116,0.580983078162772,560,681,1241,0.0,0.0008333472224535399,0.5817082997582568,-8.058017727639034e-05
24548,20.457007616793614,0.5834004834810637,560,681,1241,0.00241740531829171,0.0008333472224535399,0.5817888799355331,8.058017727639034e-05
24549,20.457840964016068,0.5825946817082998,560,681,1241,-0.0008058017727639033,0.0008333472224535399,0.5817082997582568,-8.058017727639034e-05
24550,20.45867431123852,0.5842062852538276,560,681,1241,0.0016116035455278066,0.0008333472224535399,0.5818694601128096,0.00016116035455278067
24551,20.459507658460975,0.5842062852538276,560,681,1241,0.0,0.0008333472224535399,0.5821112006446387,0.00024174053182917098
24552,20.46034100568343,0.5842062852538276,560,681,1241,0.0,0.0008333472224535399,0.5822723609991916,0.00016116035455278067
24553,20.461174352905882,0.5842062852538276,560,681,1241,0.0,0.0008333472224535399,0.5825141015310208,0.00024174053182917098
24554,20.462007700128336,0.5842062852538276,560,681,1241,0.0,0.0008333472224535399,0.5829170024174027,0.00040290088638195165
24555,20.46284104735079,0.5842062852538276,560,681,1241,0.0,0.0008333472224535399,0.5833199033037848,0.00040290088638195165
24556,20.463674394573243,0.5834004834810637,560,681,1241,-0.0008058017727639033,0.0008333472224535399,0.5835616438356139,0.00024174053182917098
24557,20.464507741795696,0.5834004834810637,560,681,1241,0.0,0.0008333472224535399,0.5838033843674431,0.00024174053182917098
24558,20.46534108901815,0.5834004834810637,560,681,1241,0.0,0.0008333472224535399,0.5838033843674431,0.0
24559,20.466174436240603,0.5834004834810637,560,681,1241,0.0,0.0008333472224535399,0.5838839645447194,8.058017727639034e-05
24560,20.467007783463057,0.5834004834810637,560,681,1241,0.0,0.0008333472224535399,0.583803384367443,-8.058017727639034e-05
24561,20.467841130685514,0.5842062852538276,560,681,1241,0.0008058017727639033,0.0008333472224570926,0.583803384367443,0.0
24562,20.468674477907967,0.5842062852538276,560,681,1241,0.0,0.0008333472224535399,0.583803384367443,0.0
24563,20.46950782513042,0.5850120870265915,560,681,1241,0.0008058017727639033,0.0008333472224535399,0.5838839645447192,8.058017727639034e-05
24564,20.470341172352875,0.5850120870265915,560,681,1241,0.0,0.0008333472224535399,0.5839645447219957,8.058017727639034e-05
24565,20.471174519575328,0.5850120870265915,560,681,1241,0.0,0.0008333472224535399,0.584045124899272,8.058017727639034e-05
24566,20.47200786679778,0.5825946817082998,560,681,1241,-0.00241740531829171,0.0008333472224535399,0.5839645447219957,-8.058017727639034e-05
24567,20.472841214020235,0.5825946817082998,560,681,1241,0.0,0.0008333472224535399,0.5838839645447192,-8.058017727639034e-05
24568,20.47367456124269,0.5834004834810637,560,681,1241,0.0008058017727639033,0.0008333472224535399,0.5838839645447192,0.0
24569,20.474507908465142,0.5834004834810637,560,681,1241,0.0,0.0008333472224535399,0.5838839645447192,0.0
24570,20.475341255687596,0.5850120870265915,560,681,1241,0.0016116035455278066,0.0008333472224535399,0.5840451248992721,0.00016116035455278067
24571,20.47617460291005,0.5842062852538276,560,681,1241,-0.0008058017727639033,0.0008333472224535399,0.5840451248992721,0.0
24572,20.477007950132503,0.5834004834810637,560,681,1241,-0.0008058017727639033,0.0008333472224535399,0.5839645447219957,-8.058017727639034e-05
24573,20.477841297354956,0.5842062852538276,560,681,1241,0.0008058017727639033,0.0008333472224535399,0.5838839645447192,-8.058017727639034e-05
24574,20.47867464457741,0.5842062852538276,560,681,1241,0.0,0.0008333472224535399,0.583803384367443,-8.058017727639034e-05
24575,20.479507991799863,0.5842062852538276,560,681,1241,0.0,0.0008333472224535399,0.5837228041901665,-8.058017727639034e-05
24576,20.480341339022317,0.5842062852538276,560,681,1241,0.0,0.0008333472224535399,0.5838839645447194,0.00016116035455278067
24577,20.48117468624477,0.5842062852538276,560,681,1241,0.0,0.0008333472224535399,0.5840451248992722,0.00016116035455278067
24578,20.482008033467224,0.5842062852538276,560,681,1241,0.0,0.0008333472224535399,0.5841257050765486,8.058017727639034e-05
24579,20.482841380689678,0.5842062852538276,560,681,1241,0.0,0.0008333472224535399,0.584206285253825,8.058017727639034e-05
24580,20.48367472791213,0.5842062852538276,560,681,1241,0.0,0.0008333472224535399,0.5841257050765487,-8.058017727639034e-05
24581,20.484508075134585,0.5842062852538276,560,681,1241,0.0,0.0008333472224535399,0.5841257050765487,0.0
24582,20.485341422357042,0.5850120870265915,560,681,1241,0.0008058017727639033,0.0008333472224570926,0.5842868654311014,0.00016116035455278067
24583,20.486174769579495,0.5850120870265915,560,681,1241,0.0,0.0008333472224535399,0.5843674456083778,8.058017727639034e-05
24584,20.48700811680195,0.5850120870265915,560,681,1241,0.0,0.0008333472224535399,0.5844480257856541,8.058017727639034e-05
24585,20.487841464024402,0.5842062852538276,560,681,1241,-0.0008058017727639033,0.0008333472224535399,0.5844480257856541,0.0
24586,20.488674811246856,0.5842062852538276,560,681,1241,0.0,0.0008333472224535399,0.5844480257856541,0.0
24587,20.48950815846931,0.5850120870265915,560,681,1241,0.0008058017727639033,0.0008333472224535399,0.5845286059629304,8.058017727639034e-05
24588,20.490341505691763,0.5850120870265915,560,681,1241,0.0,0.0008333472224535399,0.5846091861402068,8.058017727639034e-05
24589,20.491174852914217,0.5850120870265915,560,681,1241,0.0,0.0008333472224535399,0.5846897663174832,8.058017727639034e-05
24590,20.49200820013667,0.5842062852538276,560,681,1241,-0.0008058017727639033,0.0008333472224535399,0.5846897663174832,0.0
24591,20.492841547359124,0.5834004834810637,560,681,1241,-0.0008058017727639033,0.0008333472224535399,0.5846091861402067,-8.058017727639034e-05
24592,20.493674894581577,0.5834004834810637,560,681,1241,0.0,0.0008333472224535399,0.5844480257856539,-0.00016116035455278067
24593,20.49450824180403,0.5842062852538276,560,681,1241,0.0008058017727639033,0.0008333472224535399,0.5843674456083776,-8.058017727639034e-05
24594,20.495341589026484,0.5842062852538276,560,681,1241,0.0,0.0008333472224535399,0.5842868654311013,-8.058017727639034e-05
24595,20.496174936248938,0.5834004834810637,560,681,1241,-0.0008058017727639033,0.0008333472224535399,0.5842062852538248,-8.058017727639034e-05
24596,20.49700828347139,0.5825946817082998,560,681,1241,-0.0008058017727639033,0.0008333472224535399,0.5840451248992721,-0.00016116035455278067
24597,20.497841630693845,0.5825946817082998,560,681,1241,0.0,0.0008333472224535399,0.583803384367443,-0.00024174053182917098
24598,20.4986749779163,0.5817888799355359,560,681,1241,-0.0008058017727639033,0.0008333472224535399,0.5834810636583374,-0.00032232070910556134
24599,20.499508325138752,0.5817888799355359,560,681,1241,0.0,0.0008333472224535399,0.5831587429492318,-0.00032232070910556134
24600,20.500341672361206,0.5817888799355359,560,681,1241,0.0,0.0008333472224535399,0.5829170024174026,-0.00024174053182917098
24601,20.50117501958366,0.5817888799355359,560,681,1241,0.0,0.0008333472224535399,0.5827558420628498,-0.00016116035455278067
24602,20.502008366806113,0.5825946817082998,560,681,1241,0.0008058017727639033,0.0008333472224535399,0.5826752618855735,-8.058017727639034e-05
24603,20.50284171402857,0.5825946817082998,560,681,1241,0.0,0.0008333472224570926,0.5825141015310207,-0.00016116035455278067
24604,20.503675061251023,0.5834004834810637,560,681,1241,0.0008058017727639033,0.0008333472224535399,0.5824335213537443,-8.058017727639034e-05
24605,20.504508408473477,0.5850120870265915,560,681,1241,0.0016116035455278066,0.0008333472224535399,0.582594681708297,0.00016116035455278067
24606,20.50534175569593,0.5850120870265915,560,681,1241,0.0,0.0008333472224535399,0.5828364222401261,0.00024174053182917098
24607,20.506175102918384,0.5850120870265915,560,681,1241,0.0,0.0008333472224535399,0.5830781627719552,0.00024174053182917098
24608,20.507008450140837,0.5850120870265915,560,681,1241,0.0,0.0008333472224535399,0.5834004834810609,0.00032232070910556134
24609,20.50784179736329,0.5850120870265915,560,681,1241,0.0,0.0008333472224535399,0.5837228041901664,0.00032232070910556134
24610,20.508675144585744,0.5850120870265915,560,681,1241,0.0,0.0008333472224535399,0.584045124899272,0.00032232070910556134
24611,20.509508491808198,0.5858178887993554,560,681,1241,0.0008058017727639033,0.0008333472224535399,0.5844480257856539,0.00040290088638195165
24612,20.51034183903065,0.5858178887993554,560,681,1241,0.0,0.0008333472224535399,0.5847703464947596,0.00032232070910556134
24613,20.511175186253105,0.5858178887993554,560,681,1241,0.0,0.0008333472224535399,0.5850926672038651,0.00032232070910556134
24614,20.51200853347556,0.5866236905721193,560,681,1241,0.0008058017727639033,0.0008333472224535399,0.5854149879129706,0.00032232070910556134
24615,20.512841880698012,0.5866236905721193,560,681,1241,0.0,0.0008333472224535399,0.5855761482675235,0.00016116035455278067
24616,20.513675227920466,0.5866236905721193,560,681,1241,0.0,0.0008333472224535399,0.5857373086220762,0.00016116035455278067
24617,20.51450857514292,0.5866236905721193,560,681,1241,0.0,0.0008333472224535399,0.585898468976629,0.00016116035455278067
24618,20.515341922365373,0.5882352941176471,560,681,1241,0.0016116035455278066,0.0008333472224535399,0.5862207896857345,0.00032232070910556134
24619,20.516175269587826,0.5882352941176471,560,681,1241,0.0,0.0008333472224535399,0.5865431103948401,0.00032232070910556134
24620,20.51700861681028,0.5882352941176471,560,681,1241,0.0,0.0008333472224535399,0.5868654311039456,0.00032232070910556134
24621,20.517841964032733,0.5882352941176471,560,681,1241,0.0,0.0008333472224535399,0.5871071716357747,0.00024174053182917098
24622,20.518675311255187,0.5898468976631749,560,681,1241,0.0016116035455278066,0.0008333472224535399,0.5875100725221567,0.00040290088638195165
24623,20.51950865847764,0.5906526994359388,560,681,1241,0.0008058017727639033,0.0008333472224535399,0.5879935535858151,0.00048348106365834196
24624,20.520342005700098,0.5898468976631749,560,681,1241,-0.0008058017727639033,0.0008333472224570926,0.5883158742949206,0.00032232070910556134
24625,20.52117535292255,0.5898468976631749,560,681,1241,0.0,0.0008333472224535399,0.5886381950040261,0.00032232070910556134
24626,20.522008700145005,0.5898468976631749,560,681,1241,0.0,0.0008333472224535399,0.5889605157131317,0.00032232070910556134
24627,20.522842047367458,0.589041095890411,560,681,1241,-0.0008058017727639033,0.0008333472224535399,0.5892022562449609,0.00024174053182917098
24628,20.52367539458991,0.5882352941176471,560,681,1241,-0.0008058017727639033,0.0008333472224535399,0.5892022562449609,0.0
24629,20.524508741812365,0.5882352941176471,560,681,1241,0.0,0.0008333472224535399,0.5892022562449609,0.0
24630,20.52534208903482,0.589041095890411,560,681,1241,0.0008058017727639033,0.0008333472224535399,0.5892828364222373,8.058017727639034e-05
24631,20.526175436257272,0.589041095890411,560,681,1241,0.0,0.0008333472224535399,0.5893634165995139,8.058017727639034e-05
24632,20.527008783479726,0.589041095890411,560,681,1241,0.0,0.0008333472224535399,0.5892828364222374,-8.058017727639034e-05
24633,20.52784213070218,0.589041095890411,560,681,1241,0.0,0.0008333472224535399,0.5891216760676847,-0.00016116035455278067
24634,20.528675477924633,0.589041095890411,560,681,1241,0.0,0.0008333472224535399,0.5890410958904083,-8.058017727639034e-05
24635,20.529508825147087,0.5882352941176471,560,681,1241,-0.0008058017727639033,0.0008333472224535399,0.5888799355358556,-0.00016116035455278067
24636,20.53034217236954,0.5874294923448832,560,681,1241,-0.0008058017727639033,0.0008333472224535399,0.5886381950040265,-0.00024174053182917098
24637,20.531175519591994,0.5866236905721193,560,681,1241,-0.0008058017727639033,0.0008333472224535399,0.5883964544721972,-0.00024174053182917098
24638,20.532008866814447,0.5874294923448832,560,681,1241,0.0008058017727639033,0.0008333472224535399,0.5883158742949208,-8.058017727639034e-05
24639,20.5328422140369,0.5874294923448832,560,681,1241,0.0,0.0008333472224535399,0.5882352941176445,-8.058017727639034e-05
24640,20.533675561259354,0.5874294923448832,560,681,1241,0.0,0.0008333472224535399,0.5880741337630917,-0.00016116035455278067
24641,20.534508908481808,0.5874294923448832,560,681,1241,0.0,0.0008333472224535399,0.587912973408539,-0.00016116035455278067
24642,20.53534225570426,0.5866236905721193,560,681,1241,-0.0008058017727639033,0.0008333472224535399,0.5876712328767097,-0.00024174053182917098
24643,20.536175602926715,0.5874294923448832,560,681,1241,0.0008058017727639033,0.0008333472224535399,0.5875100725221569,-0.00016116035455278067
24644,20.53700895014917,0.5874294923448832,560,681,1241,0.0,0.0008333472224535399,0.5873489121676042,-0.00016116035455278067
24645,20.537842297371625,0.5882352941176471,560,681,1241,0.0008058017727639033,0.0008333472224570926,0.5873489121676042,0.0
24646,20.53867564459408,0.5882352941176471,560,681,1241,0.0,0.0008333472224535399,0.5874294923448805,8.058017727639034e-05
24647,20.539508991816533,0.589041095890411,560,681,1241,0.0008058017727639033,0.0008333472224535399,0.5876712328767097,0.00024174053182917098
24648,20.540342339038986,0.5898468976631749,560,681,1241,0.0008058017727639033,0.0008333472224535399,0.5879129734085389,0.00024174053182917098
24649,20.54117568626144,0.5898468976631749,560,681,1241,0.0,0.0008333472224535399,0.588154713940368,0.00024174053182917098
24650,20.542009033483893,0.5898468976631749,560,681,1241,0.0,0.0008333472224535399,0.5883964544721971,0.00024174053182917098
24651,20.542842380706347,0.5898468976631749,560,681,1241,0.0,0.0008333472224535399,0.5886381950040263,0.00024174053182917098
24652,20.5436757279288,0.5898468976631749,560,681,1241,0.0,0.0008333472224535399,0.5889605157131318,0.00032232070910556134
24653,20.544509075151254,0.589041095890411,560,681,1241,-0.0008058017727639033,0.0008333472224535399,0.5891216760676846,0.00016116035455278067
24654,20.545342422373707,0.5882352941176471,560,681,1241,-0.0008058017727639033,0.0008333472224535399,0.5892022562449609,8.058017727639034e-05
24655,20.54617576959616,0.589041095890411,560,681,1241,0.0008058017727639033,0.0008333472224535399,0.5892828364222373,8.058017727639034e-05
24656,20.547009116818614,0.5882352941176471,560,681,1241,-0.0008058017727639033,0.0008333472224535399,0.5892828364222373,0.0
24657,20.547842464041068,0.5882352941176471,560,681,1241,0.0,0.0008333472224535399,0.5892022562449609,-8.058017727639034e-05
24658,20.54867581126352,0.5882352941176471,560,681,1241,0.0,0.0008333472224535399,0.5890410958904082,-0.00016116035455278067
24659,20.549509158485975,0.5874294923448832,560,681,1241,-0.0008058017727639033,0.0008333472224535399,0.5887993553585791,-0.00024174053182917098
24660,20.55034250570843,0.5874294923448832,560,681,1241,0.0,0.0008333472224535399,0.58855761482675,-0.00024174053182917098
24661,20.551175852930882,0.5874294923448832,560,681,1241,0.0,0.0008333472224535399,0.5883158742949208,-0.00024174053182917098
24662,20.552009200153336,0.5874294923448832,560,681,1241,0.0,0.0008333472224535399,0.5880741337630917,-0.00024174053182917098
24663,20.55284254737579,0.5874294923448832,560,681,1241,0.0,0.0008333472224535399,0.5879129734085389,-0.00016116035455278067
24664,20.553675894598243,0.5874294923448832,560,681,1241,0.0,0.0008333472224535399,0.5878323932312626,-8.058017727639034e-05
24665,20.554509241820696,0.5882352941176471,560,681,1241,0.0008058017727639033,0.0008333472224535399,0.587751813053986,-8.058017727639034e-05
24666,20.55534258904315,0.5882352941176471,560,681,1241,0.0,0.0008333472224535399,0.587751813053986,0.0
24667,20.556175936265607,0.5874294923448832,560,681,1241,-0.0008058017727639033,0.0008333472224570926,0.5876712328767097,-8.058017727639034e-05
24668,20.55700928348806,0.5866236905721193,560,681,1241,-0.0008058017727639033,0.0008333472224535399,0.5875100725221569,-0.00016116035455278067
24669,20.557842630710514,0.5858178887993554,560,681,1241,-0.0008058017727639033,0.0008333472224535399,0.5873489121676042,-0.00016116035455278067
24670,20.558675977932968,0.5858178887993554,560,681,1241,0.0,0.0008333472224535399,0.5871877518130514,-0.00016116035455278067
24671,20.55950932515542,0.5866236905721193,560,681,1241,0.0008058017727639033,0.0008333472224535399,0.587107171635775,-8.058017727639034e-05
24672,20.560342672377875,0.5866236905721193,560,681,1241,0.0,0.0008333472224535399,0.5870265914584986,-8.058017727639034e-05
24673,20.561176019600328,0.5866236905721193,560,681,1241,0.0,0.0008333472224535399,0.5869460112812221,-8.058017727639034e-05
24674,20.56200936682278,0.5866236905721193,560,681,1241,0.0,0.0008333472224535399,0.5868654311039456,-8.058017727639034e-05
24675,20.562842714045235,0.5866236905721193,560,681,1241,0.0,0.0008333472224535399,0.5867042707493929,-0.00016116035455278067
24676,20.56367606126769,0.5874294923448832,560,681,1241,0.0008058017727639033,0.0008333472224535399,0.5866236905721165,-8.058017727639034e-05
24677,20.564509408490142,0.5874294923448832,560,681,1241,0.0,0.0008333472224535399,0.5866236905721165,0.0
24678,20.565342755712596,0.5874294923448832,560,681,1241,0.0,0.0008333472224535399,0.586704270749393,8.058017727639034e-05
24679,20.56617610293505,0.5874294923448832,560,681,1241,0.0,0.0008333472224535399,0.5868654311039457,0.00016116035455278067
24680,20.567009450157503,0.5882352941176471,560,681,1241,0.0008058017727639033,0.0008333472224535399,0.5871071716357749,0.00024174053182917098
24681,20.567842797379956,0.5882352941176471,560,681,1241,0.0,0.0008333472224535399,0.5872683319903277,0.00016116035455278067
24682,20.56867614460241,0.5874294923448832,560,681,1241,-0.0008058017727639033,0.0008333472224535399,0.5873489121676041,8.058017727639034e-05
24683,20.569509491824864,0.5874294923448832,560,681,1241,0.0,0.0008333472224535399,0.5874294923448805,8.058017727639034e-05
24684,20.570342839047317,0.5874294923448832,560,681,1241,0.0,0.0008333472224535399,0.5875100725221569,8.058017727639034e-05
24685,20.57117618626977,0.5874294923448832,560,681,1241,0.0,0.0008333472224535399,0.5875906526994334,8.058017727639034e-05
24686,20.572009533492224,0.5874294923448832,560,681,1241,0.0,0.0008333472224535399,0.5875906526994334,0.0
24687,20.572842880714678,0.5874294923448832,560,681,1241,0.0,0.0008333472224535399,0.5875906526994334,0.0
24688,20.573676227937135,0.5874294923448832,560,681,1241,0.0,0.0008333472224570926,0.5875906526994334,0.0
24689,20.57450957515959,0.5874294923448832,560,681,1241,0.0,0.0008333472224535399,0.5875906526994334,0.0
24690,20.575342922382042,0.589041095890411,560,681,1241,0.0016116035455278066,0.0008333472224535399,0.5876712328767099,8.058017727639034e-05
24691,20.576176269604495,0.589041095890411,560,681,1241,0.0,0.0008333472224535399,0.5877518130539863,8.058017727639034e-05
24692,20.57700961682695,0.589041095890411,560,681,1241,0.0,0.0008333472224535399,0.5879129734085391,0.00016116035455278067
24693,20.577842964049402,0.589041095890411,560,681,1241,0.0,0.0008333472224535399,0.5880741337630918,0.00016116035455278067
24694,20.578676311271856,0.589041095890411,560,681,1241,0.0,0.0008333472224535399,0.5882352941176446,0.00016116035455278067
24695,20.57950965849431,0.5882352941176471,560,681,1241,-0.0008058017727639033,0.0008333472224535399,0.5883158742949209,8.058017727639034e-05
24696,20.580343005716763,0.589041095890411,560,681,1241,0.0008058017727639033,0.0008333472224535399,0.5884770346494738,0.00016116035455278067
24697,20.581176352939217,0.589041095890411,560,681,1241,0.0,0.0008333472224535399,0.5886381950040265,0.00016116035455278067
24698,20.58200970016167,0.5898468976631749,560,681,1241,0.0008058017727639033,0.0008333472224535399,0.5888799355358556,0.00024174053182917098
24699,20.582843047384124,0.5914585012087027,560,681,1241,0.0016116035455278066,0.0008333472224535399,0.5892828364222376,0.00040290088638195165
24700,20.583676394606577,0.5906526994359388,560,681,1241,-0.0008058017727639033,0.0008333472224535399,0.5894439967767904,0.00016116035455278067
24701,20.58450974182903,0.5906526994359388,560,681,1241,0.0,0.0008333472224535399,0.5896051571313431,0.00016116035455278067
24702,20.585343089051484,0.5906526994359388,560,681,1241,0.0,0.0008333472224535399,0.5897663174858959,0.00016116035455278067
24703,20.586176436273938,0.5898468976631749,560,681,1241,-0.0008058017727639033,0.0008333472224535399,0.5898468976631722,8.058017727639034e-05
24704,20.58700978349639,0.5906526994359388,560,681,1241,0.0008058017727639033,0.0008333472224535399,0.590008058017725,0.00016116035455278067
24705,20.587843130718845,0.5906526994359388,560,681,1241,0.0,0.0008333472224535399,0.5902497985495543,0.00024174053182917098
24706,20.5886764779413,0.5906526994359388,560,681,1241,0.0,0.0008333472224535399,0.590410958904107,0.00016116035455278067
24707,20.589509825163752,0.5914585012087027,560,681,1241,0.0008058017727639033,0.0008333472224535399,0.5906526994359361,0.00024174053182917098
24708,20.590343172386206,0.5906526994359388,560,681,1241,-0.0008058017727639033,0.0008333472224535399,0.5907332796132125,8.058017727639034e-05
24709,20.591176519608663,0.5906526994359388,560,681,1241,0.0,0.0008333472224570926,0.5906526994359362,-8.058017727639034e-05
24710,20.592009866831116,0.5906526994359388,560,681,1241,0.0,0.0008333472224535399,0.5906526994359362,0.0
24711,20.59284321405357,0.5906526994359388,560,681,1241,0.0,0.0008333472224535399,0.5906526994359362,0.0
24712,20.593676561276023,0.5914585012087027,560,681,1241,0.0008058017727639033,0.0008333472224535399,0.5907332796132125,8.058017727639034e-05
24713,20.594509908498477,0.5914585012087027,560,681,1241,0.0,0.0008333472224535399,0.5908944399677654,0.00016116035455278067
24714,20.59534325572093,0.5914585012087027,560,681,1241,0.0,0.0008333472224535399,0.5909750201450417,8.058017727639034e-05
24715,20.596176602943384,0.5906526994359388,560,681,1241,-0.0008058017727639033,0.0008333472224535399,0.5909750201450417,0.0
24716,20.597009950165837,0.5898468976631749,560,681,1241,-0.0008058017727639033,0.0008333472224535399,0.5908944399677653,-8.058017727639034e-05
24717,20.59784329738829,0.5898468976631749,560,681,1241,0.0,0.0008333472224535399,0.5907332796132125,-0.00016116035455278067
24718,20.598676644610745,0.5898468976631749,560,681,1241,0.0,0.0008333472224535399,0.590652699435936,-8.058017727639034e-05
24719,20.599509991833198,0.5906526994359388,560,681,1241,0.0008058017727639033,0.0008333472224535399,0.590652699435936,0.0
24720,20.60034333905565,0.5898468976631749,560,681,1241,-0.0008058017727639033,0.0008333472224535399,0.5905721192586596,-8.058017727639034e-05
24721,20.601176686278105,0.5898468976631749,560,681,1241,0.0,0.0008333472224535399,0.5904915390813832,-8.058017727639034e-05
24722,20.60201003350056,0.5906526994359388,560,681,1241,0.0008058017727639033,0.0008333472224535399,0.5904109589041069,-8.058017727639034e-05
24723,20.602843380723012,0.5906526994359388,560,681,1241,0.0,0.0008333472224535399,0.5903303787268305,-8.058017727639034e-05
24724,20.603676727945466,0.5906526994359388,560,681,1241,0.0,0.0008333472224535399,0.5902497985495542,-8.058017727639034e-05
24725,20.60451007516792,0.5914585012087027,560,681,1241,0.0008058017727639033,0.0008333472224535399,0.5903303787268305,8.058017727639034e-05
24726,20.605343422390373,0.5922643029814666,560,681,1241,0.0008058017727639033,0.0008333472224535399,0.5905721192586597,0.00024174053182917098
24727,20.606176769612826,0.5922643029814666,560,681,1241,0.0,0.0008333472224535399,0.590813859790489,0.00024174053182917098
24728,20.60701011683528,0.5938759065269944,560,681,1241,0.0016116035455278066,0.0008333472224535399,0.5912167606768709,0.00040290088638195165
24729,20.607843464057733,0.5938759065269944,560,681,1241,0.0,0.0008333472224535399,0.5915390813859764,0.00032232070910556134
24730,20.60867681128019,0.5946817082997583,560,681,1241,0.0008058017727639033,0.0008333472224570926,0.5920225624496348,0.00048348106365834196
24731,20.609510158502644,0.5938759065269944,560,681,1241,-0.0008058017727639033,0.0008333472224535399,0.5924254633360169,0.00040290088638195165
24732,20.610343505725098,0.5938759065269944,560,681,1241,0.0,0.0008333472224535399,0.5927477840451224,0.00032232070910556134
24733,20.61117685294755,0.5938759065269944,560,681,1241,0.0,0.0008333472224535399,0.593070104754228,0.00032232070910556134
24734,20.612010200170005,0.5938759065269944,560,681,1241,0.0,0.0008333472224535399,0.5933924254633335,0.00032232070910556134
24735,20.61284354739246,0.5938759065269944,560,681,1241,0.0,0.0008333472224535399,0.5936341659951627,0.00024174053182917098
24736,20.613676894614912,0.5938759065269944,560,681,1241,0.0,0.0008333472224535399,0.5937953263497155,0.00016116035455278067
24737,20.614510241837365,0.5930701047542305,560,681,1241,-0.0008058017727639033,0.0008333472224535399,0.5938759065269918,8.058017727639034e-05
24738,20.61534358905982,0.5930701047542305,560,681,1241,0.0,0.0008333472224535399,0.5937953263497154,-8.058017727639034e-05
24739,20.616176936282272,0.5930701047542305,560,681,1241,0.0,0.0008333472224535399,0.593714746172439,-8.058017727639034e-05
24740,20.617010283504726,0.5922643029814666,560,681,1241,-0.0008058017727639033,0.0008333472224535399,0.5934730056406099,-0.00024174053182917098
24741,20.61784363072718,0.5922643029814666,560,681,1241,0.0,0.0008333472224535399,0.5933118452860571,-0.00016116035455278067
24742,20.618676977949633,0.5922643029814666,560,681,1241,0.0,0.0008333472224535399,0.5931506849315042,-0.00016116035455278067
24743,20.619510325172087,0.5922643029814666,560,681,1241,0.0,0.0008333472224535399,0.5929895245769515,-0.00016116035455278067
24744,20.62034367239454,0.5922643029814666,560,681,1241,0.0,0.0008333472224535399,0.5928283642223987,-0.00016116035455278067
24745,20.621177019616994,0.5914585012087027,560,681,1241,-0.0008058017727639033,0.0008333472224535399,0.5925866236905695,-0.00024174053182917098
24746,20.622010366839447,0.5906526994359388,560,681,1241,-0.0008058017727639033,0.0008333472224535399,0.5922643029814639,-0.00032232070910556134
24747,20.6228437140619,0.5906526994359388,560,681,1241,0.0,0.0008333472224535399,0.5920225624496348,-0.00024174053182917098
24748,20.623677061284354,0.5898468976631749,560,681,1241,-0.0008058017727639033,0.0008333472224535399,0.5917002417405293,-0.00032232070910556134
24749,20.624510408506808,0.5898468976631749,560,681,1241,0.0,0.0008333472224535399,0.5913779210314237,-0.00032232070910556134
24750,20.62534375572926,0.5922643029814666,560,681,1241,0.00241740531829171,0.0008333472224535399,0.5913779210314237,0.0
24751,20.62617710295172,0.5922643029814666,560,681,1241,0.0,0.0008333472224570926,0.5913779210314237,0.0
24752,20.627010450174172,0.5914585012087027,560,681,1241,-0.0008058017727639033,0.0008333472224535399,0.5912973408541473,-8.058017727639034e-05
24753,20.627843797396626,0.5922643029814666,560,681,1241,0.0008058017727639033,0.0008333472224535399,0.5912973408541473,0.0
24754,20.62867714461908,0.5914585012087027,560,681,1241,-0.0008058017727639033,0.0008333472224535399,0.5912167606768708,-8.058017727639034e-05
24755,20.629510491841533,0.5914585012087027,560,681,1241,0.0,0.0008333472224535399,0.5912167606768708,0.0
24756,20.630343839063986,0.5906526994359388,560,681,1241,-0.0008058017727639033,0.0008333472224535399,0.5912167606768708,0.0
24757,20.63117718628644,0.5898468976631749,560,681,1241,-0.0008058017727639033,0.0008333472224535399,0.5911361804995944,-8.058017727639034e-05
24758,20.632010533508893,0.5898468976631749,560,681,1241,0.0,0.0008333472224535399,0.5911361804995944,0.0
24759,20.632843880731347,0.5898468976631749,560,681,1241,0.0,0.0008333472224535399,0.5911361804995944,0.0
24760,20.6336772279538,0.5906526994359388,560,681,1241,0.0008058017727639033,0.0008333472224535399,0.5909750201450417,-0.00016116035455278067
24761,20.634510575176254,0.5906526994359388,560,681,1241,0.0,0.0008333472224535399,0.5908138597904888,-0.00016116035455278067
24762,20.635343922398707,0.5930701047542305,560,681,1241,0.00241740531829171,0.0008333472224535399,0.5909750201450417,0.00016116035455278067
24763,20.63617726962116,0.5922643029814666,560,681,1241,-0.0008058017727639033,0.0008333472224535399,0.5909750201450417,0.0
24764,20.637010616843614,0.5930701047542305,560,681,1241,0.0008058017727639033,0.0008333472224535399,0.5911361804995944,0.00016116035455278067
24765,20.637843964066068,0.5930701047542305,560,681,1241,0.0,0.0008333472224535399,0.5912973408541472,0.00016116035455278067
24766,20.63867731128852,0.5922643029814666,560,681,1241,-0.0008058017727639033,0.0008333472224535399,0.5914585012086999,0.00016116035455278067
24767,20.639510658510975,0.5922643029814666,560,681,1241,0.0,0.0008333472224535399,0.5917002417405292,0.00024174053182917098
24768,20.64034400573343,0.5922643029814666,560,681,1241,0.0,0.0008333472224535399,0.5919419822723584,0.00024174053182917098
24769,20.641177352955882,0.5922643029814666,560,681,1241,0.0,0.0008333472224535399,0.5921837228041876,0.00024174053182917098
24770,20.642010700178336,0.5930701047542305,560,681,1241,0.0008058017727639033,0.0008333472224535399,0.5924254633360168,0.00024174053182917098
24771,20.64284404740079,0.5938759065269944,560,681,1241,0.0008058017727639033,0.0008333472224535399,0.5927477840451223,0.00032232070910556134
24772,20.643677394623246,0.5938759065269944,560,681,1241,0.0,0.0008333472224570926,0.5928283642223987,8.058017727639034e-05
24773,20.6445107418457,0.5938759065269944,560,681,1241,0.0,0.0008333472224535399,0.5929895245769515,0.00016116035455278067
24774,20.645344089068153,0.5954875100725222,560,681,1241,0.0016116035455278066,0.0008333472224535399,0.5932312651087808,0.00024174053182917098
24775,20.646177436290607,0.5962933118452861,560,681,1241,0.0008058017727639033,0.0008333472224535399,0.5935535858178863,0.00032232070910556134
24776,20.64701078351306,0.5946817082997583,560,681,1241,-0.0016116035455278066,0.0008333472224535399,0.5937953263497154,0.00024174053182917098
24777,20.647844130735514,0.5954875100725222,560,681,1241,0.0008058017727639033,0.0008333472224535399,0.594117647058821,0.00032232070910556134
24778,20.648677477957968,0.5954875100725222,560,681,1241,0.0,0.0008333472224535399,0.5944399677679265,0.00032232070910556134
24779,20.64951082518042,0.5954875100725222,560,681,1241,0.0,0.0008333472224535399,0.594762288477032,0.00032232070910556134
24780,20.650344172402875,0.5930701047542305,560,681,1241,-0.00241740531829171,0.0008333472224535399,0.594762288477032,0.0
24781,20.651177519625328,0.5930701047542305,560,681,1241,0.0,0.0008333472224535399,0.5946817082997556,-8.058017727639034e-05
24782,20.65201086684778,0.5922643029814666,560,681,1241,-0.0008058017727639033,0.0008333472224535399,0.5945205479452029,-0.00016116035455278067
24783,20.652844214070235,0.5930701047542305,560,681,1241,0.0008058017727639033,0.0008333472224535399,0.5944399677679264,-8.058017727639034e-05
24784,20.65367756129269,0.5930701047542305,560,681,1241,0.0,0.0008333472224535399,0.5941982272360973,-0.00024174053182917098
24785,20.654510908515142,0.5914585012087027,560,681,1241,-0.0016116035455278066,0.0008333472224535399,0.5937147461724389,-0.00048348106365834196
24786,20.655344255737596,0.5922643029814666,560,681,1241,0.0008058017727639033,0.0008333472224535399,0.5934730056406098,-0.00024174053182917098
24787,20.65617760296005,0.5914585012087027,560,681,1241,-0.0008058017727639033,0.0008333472224535399,0.5930701047542277,-0.00040290088638195165
24788,20.657010950182503,0.5906526994359388,560,681,1241,-0.0008058017727639033,0.0008333472224535399,0.5925866236905695,-0.00048348106365834196
24789,20.657844297404957,0.5898468976631749,560,681,1241,-0.0008058017727639033,0.0008333472224535399,0.5920225624496347,-0.0005640612409347323
24790,20.65867764462741,0.5898468976631749,560,681,1241,0.0,0.0008333472224535399,0.591700241740529,-0.00032232070910556134
24791,20.659510991849864,0.5898468976631749,560,681,1241,0.0,0.0008333472224535399,0.5913779210314235,-0.00032232070910556134
24792,20.660344339072317,0.5898468976631749,560,681,1241,0.0,0.0008333472224535399,0.5911361804995943,-0.00024174053182917098
24793,20.66117768629477,0.5898468976631749,560,681,1241,0.0,0.0008333472224535399,0.5908138597904887,-0.00032232070910556134
24794,20.662011033517228,0.589041095890411,560,681,1241,-0.0008058017727639033,0.0008333472224570926,0.5904109589041069,-0.00040290088638195165
24795,20.66284438073968,0.5898468976631749,560,681,1241,0.0008058017727639033,0.0008333472224535399,0.5902497985495541,-0.00016116035455278067
24796,20.663677727962135,0.589041095890411,560,681,1241,-0.0008058017727639033,0.0008333472224535399,0.5899274778404485,-0.00032232070910556134
24797,20.66451107518459,0.5898468976631749,560,681,1241,0.0008058017727639033,0.0008333472224535399,0.5897663174858957,-0.00016116035455278067
24798,20.665344422407042,0.5898468976631749,560,681,1241,0.0,0.0008333472224535399,0.5896857373086193,-8.058017727639034e-05
24799,20.666177769629495,0.589041095890411,560,681,1241,-0.0008058017727639033,0.0008333472224535399,0.589605157131343,-8.058017727639034e-05
24800,20.66701111685195,0.589041095890411,560,681,1241,0.0,0.0008333472224535399,0.5895245769540666,-8.058017727639034e-05
24801,20.667844464074403,0.589041095890411,560,681,1241,0.0,0.0008333472224535399,0.5894439967767903,-8.058017727639034e-05
24802,20.668677811296856,0.589041095890411,560,681,1241,0.0,0.0008333472224535399,0.5893634165995139,-8.058017727639034e-05
24803,20.66951115851931,0.589041095890411,560,681,1241,0.0,0.0008333472224535399,0.5892828364222376,-8.058017727639034e-05
24804,20.670344505741763,0.5898468976631749,560,681,1241,0.0008058017727639033,0.0008333472224535399,0.5893634165995139,8.058017727639034e-05
24805,20.671177852964217,0.5898468976631749,560,681,1241,0.0,0.0008333472224535399,0.5893634165995139,0.0
24806,20.67201120018667,0.5898468976631749,560,681,1241,0.0,0.0008333472224535399,0.5894439967767903,8.058017727639034e-05
24807,20.672844547409124,0.589041095890411,560,681,1241,-0.0008058017727639033,0.0008333472224535399,0.5893634165995139,-8.058017727639034e-05
24808,20.673677894631577,0.5898468976631749,560,681,1241,0.0008058017727639033,0.0008333472224535399,0.5893634165995139,0.0
24809,20.67451124185403,0.5906526994359388,560,681,1241,0.0008058017727639033,0.0008333472224535399,0.5895245769540667,0.00016116035455278067
24810,20.675344589076484,0.5906526994359388,560,681,1241,0.0,0.0008333472224535399,0.5896857373086195,0.00016116035455278067
24811,20.676177936298938,0.5914585012087027,560,681,1241,0.0008058017727639033,0.0008333472224535399,0.5899274778404486,0.00024174053182917098
24812,20.67701128352139,0.5914585012087027,560,681,1241,0.0,0.0008333472224535399,0.5901692183722778,0.00024174053182917098
24813,20.677844630743845,0.5914585012087027,560,681,1241,0.0,0.0008333472224535399,0.5904109589041069,0.00024174053182917098
24814,20.6786779779663,0.5914585012087027,560,681,1241,0.0,0.0008333472224535399,0.5905721192586596,0.00016116035455278067
24815,20.679511325188756,0.5922643029814666,560,681,1241,0.0008058017727639033,0.0008333472224570926,0.5908138597904888,0.00024174053182917098
24816,20.68034467241121,0.5922643029814666,560,681,1241,0.0,0.0008333472224535399,0.5910556003223181,0.00024174053182917098
24817,20.681178019633663,0.5914585012087027,560,681,1241,-0.0008058017727639033,0.0008333472224535399,0.5912973408541472,0.00024174053182917098
24818,20.682011366856116,0.5914585012087027,560,681,1241,0.0,0.0008333472224535399,0.5914585012086999,0.00016116035455278067
24819,20.68284471407857,0.5914585012087027,560,681,1241,0.0,0.0008333472224535399,0.5915390813859763,8.058017727639034e-05
24820,20.683678061301023,0.5922643029814666,560,681,1241,0.0008058017727639033,0.0008333472224535399,0.591700241740529,0.00016116035455278067
24821,20.684511408523477,0.5922643029814666,560,681,1241,0.0,0.0008333472224535399,0.5917808219178056,8.058017727639034e-05
24822,20.68534475574593,0.5922643029814666,560,681,1241,0.0,0.0008333472224535399,0.591861402095082,8.058017727639034e-05
24823,20.686178102968384,0.5914585012087027,560,681,1241,-0.0008058017727639033,0.0008333472224535399,0.591861402095082,0.0
24824,20.687011450190838,0.5898468976631749,560,681,1241,-0.0016116035455278066,0.0008333472224535399,0.5917002417405292,-0.00016116035455278067
24825,20.68784479741329,0.5898468976631749,560,681,1241,0.0,0.0008333472224535399,0.5914585012086999,-0.00024174053182917098
24826,20.688678144635745,0.5898468976631749,560,681,1241,0.0,0.0008333472224535399,0.5912167606768708,-0.00024174053182917098
24827,20.689511491858198,0.589041095890411,560,681,1241,-0.0008058017727639033,0.0008333472224535399,0.5909750201450417,-0.00024174053182917098
24828,20.69034483908065,0.5898468976631749,560,681,1241,0.0008058017727639033,0.0008333472224535399,0.5908138597904888,-0.00016116035455278067
24829,20.691178186303105,0.5898468976631749,560,681,1241,0.0,0.0008333472224535399,0.590652699435936,-0.00016116035455278067
24830,20.69201153352556,0.5898468976631749,560,681,1241,0.0,0.0008333472224535399,0.5904109589041069,-0.00024174053182917098
24831,20.692844880748012,0.5906526994359388,560,681,1241,0.0008058017727639033,0.0008333472224535399,0.5902497985495541,-0.00016116035455278067
24832,20.693678227970466,0.589041095890411,560,681,1241,-0.0016116035455278066,0.0008333472224535399,0.5899274778404485,-0.00032232070910556134
24833,20.69451157519292,0.589041095890411,560,681,1241,0.0,0.0008333472224535399,0.5896857373086194,-0.00024174053182917098
24834,20.695344922415373,0.5898468976631749,560,681,1241,0.0008058017727639033,0.0008333472224535399,0.5896857373086194,0.0
24835,20.696178269637826,0.5898468976631749,560,681,1241,0.0,0.0008333472224535399,0.5896857373086194,0.0
24836,20.697011616860284,0.5898468976631749,560,681,1241,0.0,0.0008333472224570926,0.5896857373086194,0.0
24837,20.697844964082737,0.5898468976631749,560,681,1241,0.0,0.0008333472224535399,0.5897663174858957,8.058017727639034e-05
24838,20.69867831130519,0.589041095890411,560,681,1241,-0.0008058017727639033,0.0008333472224535399,0.5896857373086194,-8.058017727639034e-05
24839,20.699511658527644,0.5882352941176471,560,681,1241,-0.0008058017727639033,0.0008333472224535399,0.5895245769540666,-0.00016116035455278067
24840,20.700345005750098,0.5882352941176471,560,681,1241,0.0,0.0008333472224535399,0.5893634165995139,-0.00016116035455278067
24841,20.70117835297255,0.5882352941176471,560,681,1241,0.0,0.0008333472224535399,0.5891216760676846,-0.00024174053182917098
24842,20.702011700195005,0.5874294923448832,560,681,1241,-0.0008058017727639033,0.0008333472224535399,0.5889605157131318,-0.00016116035455278067
24843,20.70284504741746,0.5858178887993554,560,681,1241,-0.0016116035455278066,0.0008333472224535399,0.5886381950040263,-0.00032232070910556134
24844,20.703678394639912,0.5850120870265915,560,681,1241,-0.0008058017727639033,0.0008333472224535399,0.5881547139403679,-0.00048348106365834196
24845,20.704511741862365,0.5842062852538276,560,681,1241,-0.0008058017727639033,0.0008333472224535399,0.5875906526994332,-0.0005640612409347323
24846,20.70534508908482,0.5858178887993554,560,681,1241,0.0016116035455278066,0.0008333472224535399,0.5871877518130513,-0.00040290088638195165
24847,20.706178436307273,0.5858178887993554,560,681,1241,0.0,0.0008333472224535399,0.5867848509266694,-0.00040290088638195165
24848,20.707011783529726,0.5858178887993554,560,681,1241,0.0,0.0008333472224535399,0.5864625302175639,-0.00032232070910556134
24849,20.70784513075218,0.5858178887993554,560,681,1241,0.0,0.0008333472224535399,0.5862207896857348,-0.00024174053182917098
24850,20.708678477974633,0.5858178887993554,560,681,1241,0.0,0.0008333472224535399,0.5859790491539056,-0.00024174053182917098
24851,20.709511825197087,0.5858178887993554,560,681,1241,0.0,0.0008333472224535399,0.5857373086220765,-0.00024174053182917098
24852,20.71034517241954,0.5850120870265915,560,681,1241,-0.0008058017727639033,0.0008333472224535399,0.5854955680902473,-0.00024174053182917098
24853,20.711178519641994,0.5850120870265915,560,681,1241,0.0,0.0008333472224535399,0.5854149879129709,-8.058017727639034e-05
24854,20.712011866864447,0.5850120870265915,560,681,1241,0.0,0.0008333472224535399,0.5854149879129709,0.0
24855,20.7128452140869,0.5850120870265915,560,681,1241,0.0,0.0008333472224535399,0.5854955680902472,8.058017727639034e-05
24856,20.713678561309354,0.5858178887993554,560,681,1241,0.0008058017727639033,0.0008333472224535399,0.5854955680902472,0.0
24857,20.71451190853181,0.5858178887993554,560,681,1241,0.0,0.0008333472224570926,0.5854955680902472,0.0
24858,20.715345255754265,0.5842062852538276,560,681,1241,-0.0016116035455278066,0.0008333472224535399,0.5853344077356943,-0.00016116035455278067
24859,20.71617860297672,0.5850120870265915,560,681,1241,0.0008058017727639033,0.0008333472224535399,0.5852538275584179,-8.058017727639034e-05
24860,20.717011950199172,0.5850120870265915,560,681,1241,0.0,0.0008333472224535399,0.5851732473811415,-8.058017727639034e-05
24861,20.717845297421626,0.5850120870265915,560,681,1241,0.0,0.0008333472224535399,0.5850926672038651,-8.058017727639034e-05
24862,20.71867864464408,0.5842062852538276,560,681,1241,-0.0008058017727639033,0.0008333472224535399,0.5850120870265887,-8.058017727639034e-05
24863,20.719511991866533,0.5842062852538276,560,681,1241,0.0,0.0008333472224535399,0.5849315068493124,-8.058017727639034e-05
24864,20.720345339088986,0.5842062852538276,560,681,1241,0.0,0.0008333472224535399,0.5848509266720361,-8.058017727639034e-05
24865,20.72117868631144,0.5842062852538276,560,681,1241,0.0,0.0008333472224535399,0.5847703464947597,-8.058017727639034e-05
24866,20.722012033533893,0.5842062852538276,560,681,1241,0.0,0.0008333472224535399,0.584609186140207,-0.00016116035455278067
24867,20.722845380756347,0.5842062852538276,560,681,1241,0.0,0.0008333472224535399,0.5844480257856541,-0.00016116035455278067
24868,20.7236787279788,0.5842062852538276,560,681,1241,0.0,0.0008333472224535399,0.5844480257856541,0.0
24869,20.724512075201254,0.5842062852538276,560,681,1241,0.0,0.0008333472224535399,0.5843674456083778,-8.058017727639034e-05
24870,20.725345422423707,0.5842062852538276,560,681,1241,0.0,0.0008333472224535399,0.5842868654311014,-8.058017727639034e-05
24871,20.72617876964616,0.5850120870265915,560,681,1241,0.0008058017727639033,0.0008333472224535399,0.5842868654311014,0.0
24872,20.727012116868615,0.5850120870265915,560,681,1241,0.0,0.0008333472224535399,0.5843674456083778,8.058017727639034e-05
24873,20.727845464091068,0.5850120870265915,560,681,1241,0.0,0.0008333472224535399,0.5844480257856541,8.058017727639034e-05
24874,20.72867881131352,0.5850120870265915,560,681,1241,0.0,0.0008333472224535399,0.5845286059629304,8.058017727639034e-05
24875,20.729512158535975,0.5858178887993554,560,681,1241,0.0008058017727639033,0.0008333472224535399,0.5846897663174833,0.00016116035455278067
24876,20.73034550575843,0.5858178887993554,560,681,1241,0.0,0.0008333472224535399,0.5848509266720361,0.00016116035455278067
24877,20.731178852980882,0.5850120870265915,560,681,1241,-0.0008058017727639033,0.0008333472224535399,0.5849315068493124,8.058017727639034e-05
24878,20.73201220020334,0.5850120870265915,560,681,1241,0.0,0.0008333472224570926,0.5850120870265887,8.058017727639034e-05
24879,20.732845547425793,0.5850120870265915,560,681,1241,0.0,0.0008333472224535399,0.5850926672038651,8.058017727639034e-05
24880,20.733678894648246,0.5850120870265915,560,681,1241,0.0,0.0008333472224535399,0.5851732473811414,8.058017727639034e-05
24881,20.7345122418707,0.5866236905721193,560,681,1241,0.0016116035455278066,0.0008333472224535399,0.5853344077356942,0.00016116035455278067
24882,20.735345589093154,0.5866236905721193,560,681,1241,0.0,0.0008333472224535399,0.5854955680902469,0.00016116035455278067
24883,20.736178936315607,0.5866236905721193,560,681,1241,0.0,0.0008333472224535399,0.5856567284447998,0.00016116035455278067
24884,20.73701228353806,0.5874294923448832,560,681,1241,0.0008058017727639033,0.0008333472224535399,0.585898468976629,0.00024174053182917098
24885,20.737845630760514,0.5866236905721193,560,681,1241,-0.0008058017727639033,0.0008333472224535399,0.5859790491539053,8.058017727639034e-05
24886,20.738678977982968,0.5866236905721193,560,681,1241,0.0,0.0008333472224535399,0.5860596293311817,8.058017727639034e-05
24887,20.73951232520542,0.5866236905721193,560,681,1241,0.0,0.0008333472224535399,0.5862207896857344,0.00016116035455278067
24888,20.740345672427875,0.5858178887993554,560,681,1241,-0.0008058017727639033,0.0008333472224535399,0.5863013698630108,8.058017727639034e-05
24889,20.74117901965033,0.5858178887993554,560,681,1241,0.0,0.0008333472224535399,0.5863819500402874,8.058017727639034e-05
24890,20.742012366872782,0.5858178887993554,560,681,1241,0.0,0.0008333472224535399,0.5864625302175638,8.058017727639034e-05
24891,20.742845714095235,0.5858178887993554,560,681,1241,0.0,0.0008333472224535399,0.5863819500402874,-8.058017727639034e-05
24892,20.74367906131769,0.5850120870265915,560,681,1241,-0.0008058017727639033,0.0008333472224535399,0.5862207896857347,-0.00016116035455278067
24893,20.744512408540142,0.5850120870265915,560,681,1241,0.0,0.0008333472224535399,0.5860596293311818,-0.00016116035455278067
24894,20.745345755762596,0.5850120870265915,560,681,1241,0.0,0.0008333472224535399,0.5858178887993526,-0.00024174053182917098
24895,20.74617910298505,0.5850120870265915,560,681,1241,0.0,0.0008333472224535399,0.5856567284447999,-0.00016116035455278067
24896,20.747012450207503,0.5850120870265915,560,681,1241,0.0,0.0008333472224535399,0.585495568090247,-0.00016116035455278067
24897,20.747845797429957,0.5842062852538276,560,681,1241,-0.0008058017727639033,0.0008333472224535399,0.5852538275584179,-0.00024174053182917098
24898,20.74867914465241,0.5842062852538276,560,681,1241,0.0,0.0008333472224535399,0.5850926672038652,-0.00016116035455278067
24899,20.749512491874864,0.5850120870265915,560,681,1241,0.0008058017727639033,0.0008333472224535399,0.5850120870265887,-8.058017727639034e-05
24900,20.75034583909732,0.5858178887993554,560,681,1241,0.0008058017727639033,0.0008333472224570926,0.5850120870265887,0.0
24901,20.751179186319774,0.5866236905721193,560,681,1241,0.0008058017727639033,0.0008333472224535399,0.5850926672038651,8.058017727639034e-05
24902,20.752012533542228,0.5874294923448832,560,681,1241,0.0008058017727639033,0.0008333472224535399,0.5853344077356943,0.00024174053182917098
24903,20.75284588076468,0.5874294923448832,560,681,1241,0.0,0.0008333472224535399,0.5855761482675235,0.00024174053182917098
24904,20.753679227987135,0.5874294923448832,560,681,1241,0.0,0.0008333472224535399,0.5858178887993527,0.00024174053182917098
24905,20.75451257520959,0.5874294923448832,560,681,1241,0.0,0.0008333472224535399,0.5860596293311819,0.00024174053182917098
24906,20.755345922432042,0.5874294923448832,560,681,1241,0.0,0.0008333472224535399,0.5863013698630112,0.00024174053182917098
24907,20.756179269654496,0.5874294923448832,560,681,1241,0.0,0.0008333472224535399,0.5866236905721167,0.00032232070910556134
24908,20.75701261687695,0.5874294923448832,560,681,1241,0.0,0.0008333472224535399,0.5869460112812223,0.00032232070910556134
24909,20.757845964099403,0.5882352941176471,560,681,1241,0.0008058017727639033,0.0008333472224535399,0.5872683319903278,0.00032232070910556134
24910,20.758679311321856,0.5882352941176471,560,681,1241,0.0,0.0008333472224535399,0.5875100725221569,0.00024174053182917098
24911,20.75951265854431,0.5882352941176471,560,681,1241,0.0,0.0008333472224535399,0.5876712328767097,0.00016116035455278067
24912,20.760346005766763,0.5882352941176471,560,681,1241,0.0,0.0008333472224535399,0.587751813053986,8.058017727639034e-05
24913,20.761179352989217,0.589041095890411,560,681,1241,0.0008058017727639033,0.0008333472224535399,0.5879129734085389,0.00016116035455278067
24914,20.76201270021167,0.589041095890411,560,681,1241,0.0,0.0008333472224535399,0.5880741337630917,0.00016116035455278067
24915,20.762846047434124,0.5882352941176471,560,681,1241,-0.0008058017727639033,0.0008333472224535399,0.588154713940368,8.058017727639034e-05
24916,20.763679394656577,0.5882352941176471,560,681,1241,0.0,0.0008333472224535399,0.5882352941176443,8.058017727639034e-05
24917,20.76451274187903,0.5882352941176471,560,681,1241,0.0,0.0008333472224535399,0.5883158742949207,8.058017727639034e-05
24918,20.765346089101484,0.5874294923448832,560,681,1241,-0.0008058017727639033,0.0008333472224535399,0.5883158742949207,0.0
24919,20.766179436323938,0.5874294923448832,560,681,1241,0.0,0.0008333472224535399,0.5882352941176443,-8.058017727639034e-05
24920,20.76701278354639,0.5866236905721193,560,681,1241,-0.0008058017727639033,0.0008333472224535399,0.5880741337630916,-0.00016116035455278067
24921,20.76784613076885,0.5866236905721193,560,681,1241,0.0,0.0008333472224570926,0.5879129734085388,-0.00016116035455278067
24922,20.768679477991302,0.5866236905721193,560,681,1241,0.0,0.0008333472224535399,0.587751813053986,-0.00016116035455278067
24923,20.769512825213756,0.5858178887993554,560,681,1241,-0.0008058017727639033,0.0008333472224535399,0.5874294923448804,-0.00032232070910556134
24924,20.77034617243621,0.5858178887993554,560,681,1241,0.0,0.0008333472224535399,0.5871071716357749,-0.00032232070910556134
24925,20.771179519658663,0.5866236905721193,560,681,1241,0.0008058017727639033,0.0008333472224535399,0.5869460112812221,-0.00016116035455278067
24926,20.772012866881116,0.5842062852538276,560,681,1241,-0.00241740531829171,0.0008333472224535399,0.5865431103948402,-0.00040290088638195165
24927,20.77284621410357,0.5842062852538276,560,681,1241,0.0,0.0008333472224535399,0.5861402095084582,-0.00040290088638195165
24928,20.773679561326023,0.5842062852538276,560,681,1241,0.0,0.0008333472224535399,0.5858178887993527,-0.00032232070910556134
24929,20.774512908548477,0.5842062852538276,560,681,1241,0.0,0.0008333472224535399,0.5854955680902472,-0.00032232070910556134
24930,20.77534625577093,0.5825946817082998,560,681,1241,-0.0016116035455278066,0.0008333472224535399,0.5850926672038652,-0.00040290088638195165
24931,20.776179602993384,0.5834004834810637,560,681,1241,0.0008058017727639033,0.0008333472224535399,0.5847703464947597,-0.00032232070910556134
24932,20.777012950215838,0.5842062852538276,560,681,1241,0.0008058017727639033,0.0008333472224535399,0.5845286059629305,-0.00024174053182917098
24933,20.77784629743829,0.5842062852538276,560,681,1241,0.0,0.0008333472224535399,0.5843674456083778,-0.00016116035455278067
24934,20.778679644660745,0.5850120870265915,560,681,1241,0.0008058017727639033,0.0008333472224535399,0.5842868654311013,-8.058017727639034e-05
24935,20.7795129918832,0.5842062852538276,560,681,1241,-0.0008058017727639033,0.0008333472224535399,0.5840451248992722,-0.00024174053182917098
24936,20.78034633910565,0.5825946817082998,560,681,1241,-0.0016116035455278066,0.0008333472224535399,0.5838839645447195,-0.00016116035455278067
24937,20.781179686328105,0.5825946817082998,560,681,1241,0.0,0.0008333472224535399,0.5837228041901666,-0.00016116035455278067
24938,20.78201303355056,0.5825946817082998,560,681,1241,0.0,0.0008333472224535399,0.5835616438356139,-0.00016116035455278067
24939,20.782846380773012,0.5817888799355359,560,681,1241,-0.0008058017727639033,0.0008333472224535399,0.5833199033037847,-0.00024174053182917098
24940,20.783679727995466,0.5817888799355359,560,681,1241,0.0,0.0008333472224535399,0.5832393231265083,-8.058017727639034e-05
24941,20.78451307521792,0.5817888799355359,560,681,1241,0.0,0.0008333472224535399,0.5830781627719555,-0.00016116035455278067
24942,20.785346422440377,0.5817888799355359,560,681,1241,0.0,0.0008333472224570926,0.5828364222401262,-0.00024174053182917098
24943,20.78617976966283,0.580983078162772,560,681,1241,-0.0008058017727639033,0.0008333472224535399,0.5825141015310207,-0.00032232070910556134
24944,20.787013116885284,0.580983078162772,560,681,1241,0.0,0.0008333472224535399,0.5821112006446387,-0.00040290088638195165
24945,20.787846464107737,0.580983078162772,560,681,1241,0.0,0.0008333472224535399,0.5817888799355332,-0.00032232070910556134
24946,20.78867981133019,0.580177276390008,560,681,1241,-0.0008058017727639033,0.0008333472224535399,0.581547139403704,-0.00024174053182917098
24947,20.789513158552644,0.580983078162772,560,681,1241,0.0008058017727639033,0.0008333472224535399,0.5813859790491512,-0.00016116035455278067
24948,20.790346505775098,0.580983078162772,560,681,1241,0.0,0.0008333472224535399,0.5812248186945984,-0.00016116035455278067
24949,20.79117985299755,0.580983078162772,560,681,1241,0.0,0.0008333472224535399,0.5811442385173221,-8.058017727639034e-05
24950,20.792013200220005,0.580983078162772,560,681,1241,0.0,0.0008333472224535399,0.5810636583400457,-8.058017727639034e-05
24951,20.79284654744246,0.580177276390008,560,681,1241,-0.0008058017727639033,0.0008333472224535399,0.580902497985493,-0.00016116035455278067
24952,20.793679894664912,0.580177276390008,560,681,1241,0.0,0.0008333472224535399,0.5807413376309402,-0.00016116035455278067
24953,20.794513241887365,0.580177276390008,560,681,1241,0.0,0.0008333472224535399,0.5806607574536637,-8.058017727639034e-05
24954,20.79534658910982,0.580983078162772,560,681,1241,0.0008058017727639033,0.0008333472224535399,0.5806607574536637,0.0
24955,20.796179936332273,0.580983078162772,560,681,1241,0.0,0.0008333472224535399,0.5806607574536637,0.0
24956,20.797013283554726,0.580983078162772,560,681,1241,0.0,0.0008333472224535399,0.5807413376309402,8.058017727639034e-05
24957,20.79784663077718,0.580983078162772,560,681,1241,0.0,0.0008333472224535399,0.5807413376309402,0.0
24958,20.798679977999633,0.580983078162772,560,681,1241,0.0,0.0008333472224535399,0.5807413376309402,0.0
24959,20.799513325222087,0.580177276390008,560,681,1241,-0.0008058017727639033,0.0008333472224535399,0.5806607574536637,-8.058017727639034e-05
24960,20.80034667244454,0.580177276390008,560,681,1241,0.0,0.0008333472224535399,0.5805801772763873,-8.058017727639034e-05
24961,20.801180019666994,0.580177276390008,560,681,1241,0.0,0.0008333472224535399,0.5805801772763873,0.0
24962,20.802013366889447,0.580983078162772,560,681,1241,0.0008058017727639033,0.0008333472224535399,0.5806607574536637,8.058017727639034e-05
24963,20.802846714111904,0.580983078162772,560,681,1241,0.0,0.0008333472224570926,0.5807413376309402,8.058017727639034e-05
24964,20.803680061334358,0.580177276390008,560,681,1241,-0.0008058017727639033,0.0008333472224535399,0.5806607574536637,-8.058017727639034e-05
24965,20.80451340855681,0.580177276390008,560,681,1241,0.0,0.0008333472224535399,0.5805801772763873,-8.058017727639034e-05
24966,20.805346755779265,0.580177276390008,560,681,1241,0.0,0.0008333472224535399,0.5804995970991109,-8.058017727639034e-05
24967,20.80618010300172,0.5817888799355359,560,681,1241,0.0016116035455278066,0.0008333472224535399,0.5805801772763872,8.058017727639034e-05
24968,20.807013450224172,0.5817888799355359,560,681,1241,0.0,0.0008333472224535399,0.5806607574536635,8.058017727639034e-05
24969,20.807846797446626,0.580983078162772,560,681,1241,-0.0008058017727639033,0.0008333472224535399,0.58074133763094,8.058017727639034e-05
24970,20.80868014466908,0.580983078162772,560,681,1241,0.0,0.0008333472224535399,0.5808219178082165,8.058017727639034e-05
24971,20.809513491891533,0.580983078162772,560,681,1241,0.0,0.0008333472224535399,0.5809024979854929,8.058017727639034e-05
24972,20.810346839113986,0.580983078162772,560,681,1241,0.0,0.0008333472224535399,0.5809024979854929,0.0
24973,20.81118018633644,0.5793714746172441,560,681,1241,-0.0016116035455278066,0.0008333472224535399,0.58074133763094,-0.00016116035455278067
24974,20.812013533558893,0.5793714746172441,560,681,1241,0.0,0.0008333472224535399,0.5806607574536637,-8.058017727639034e-05
24975,20.812846880781347,0.5793714746172441,560,681,1241,0.0,0.0008333472224535399,0.5805801772763874,-8.058017727639034e-05
24976,20.8136802280038,0.5793714746172441,560,681,1241,0.0,0.0008333472224535399,0.580499597099111,-8.058017727639034e-05
24977,20.814513575226254,0.580983078162772,560,681,1241,0.0016116035455278066,0.0008333472224535399,0.5804190169218347,-8.058017727639034e-05
24978,20.815346922448708,0.580983078162772,560,681,1241,0.0,0.0008333472224535399,0.5803384367445583,-8.058017727639034e-05
24979,20.81618026967116,0.580177276390008,560,681,1241,-0.0008058017727639033,0.0008333472224535399,0.5802578565672819,-8.058017727639034e-05
24980,20.817013616893615,0.580177276390008,560,681,1241,0.0,0.0008333472224535399,0.5801772763900055,-8.058017727639034e-05
24981,20.817846964116068,0.580983078162772,560,681,1241,0.0008058017727639033,0.0008333472224535399,0.5801772763900055,0.0
24982,20.81868031133852,0.5817888799355359,560,681,1241,0.0008058017727639033,0.0008333472224535399,0.5802578565672818,8.058017727639034e-05
24983,20.819513658560975,0.5817888799355359,560,681,1241,0.0,0.0008333472224535399,0.5804995970991109,0.00024174053182917098
24984,20.820347005783432,0.5817888799355359,560,681,1241,0.0,0.0008333472224570926,0.58074133763094,0.00024174053182917098
24985,20.821180353005886,0.580983078162772,560,681,1241,-0.0008058017727639033,0.0008333472224535399,0.5809024979854929,0.00016116035455278067
24986,20.82201370022834,0.580983078162772,560,681,1241,0.0,0.0008333472224535399,0.5810636583400457,0.00016116035455278067
24987,20.822847047450793,0.580983078162772,560,681,1241,0.0,0.0008333472224535399,0.5810636583400457,0.0
24988,20.823680394673246,0.580983078162772,560,681,1241,0.0,0.0008333472224535399,0.5810636583400457,0.0
24989,20.8245137418957,0.580983078162772,560,681,1241,0.0,0.0008333472224535399,0.5811442385173221,8.058017727639034e-05
24990,20.825347089118154,0.580177276390008,560,681,1241,-0.0008058017727639033,0.0008333472224535399,0.5811442385173221,0.0
24991,20.826180436340607,0.580177276390008,560,681,1241,0.0,0.0008333472224535399,0.5810636583400457,-8.058017727639034e-05
24992,20.82701378356306,0.580983078162772,560,681,1241,0.0008058017727639033,0.0008333472224535399,0.5809830781627693,-8.058017727639034e-05
24993,20.827847130785514,0.5825946817082998,560,681,1241,0.0016116035455278066,0.0008333472224535399,0.5810636583400457,8.058017727639034e-05
24994,20.828680478007968,0.5825946817082998,560,681,1241,0.0,0.0008333472224535399,0.5811442385173222,8.058017727639034e-05
24995,20.82951382523042,0.5825946817082998,560,681,1241,0.0,0.0008333472224535399,0.5813053988718749,0.00016116035455278067
24996,20.830347172452875,0.5825946817082998,560,681,1241,0.0,0.0008333472224535399,0.5814665592264278,0.00016116035455278067
24997,20.83118051967533,0.5834004834810637,560,681,1241,0.0008058017727639033,0.0008333472224535399,0.5817082997582569,0.00024174053182917098
24998,20.832013866897782,0.5834004834810637,560,681,1241,0.0,0.0008333472224535399,0.581950040290086,0.00024174053182917098
24999,20.832847214120235,0.5834004834810637,560,681,1241,0.0,0.0008333472224535399,0.5821917808219151,0.00024174053182917098
25000,20.83368056134269,0.5834004834810637,560,681,1241,0.0,0.0008333472224535399,0.5825141015310207,0.00032232070910556134
25001,20.834513908565143,0.5825946817082998,560,681,1241,-0.0008058017727639033,0.0008333472224535399,0.5827558420628499,0.00024174053182917098
25002,20.835347255787596,0.5817888799355359,560,681,1241,-0.0008058017727639033,0.0008333472224535399,0.5828364222401262,8.058017727639034e-05
25003,20.83618060301005,0.5817888799355359,560,681,1241,0.0,0.0008333472224535399,0.5827558420628498,-8.058017727639034e-05
25004,20.837013950232503,0.5817888799355359,560,681,1241,0.0,0.0008333472224535399,0.5826752618855734,-8.058017727639034e-05
25005,20.83784729745496,0.580983078162772,560,681,1241,-0.0008058017727639033,0.0008333472224570926,0.5825141015310206,-0.00016116035455278067
25006,20.838680644677414,0.580983078162772,560,681,1241,0.0,0.0008333472224535399,0.5823529411764679,-0.00016116035455278067
25007,20.839513991899867,0.580983078162772,560,681,1241,0.0,0.0008333472224535399,0.5821112006446387,-0.00024174053182917098
25008,20.84034733912232,0.580983078162772,560,681,1241,0.0,0.0008333472224535399,0.5818694601128096,-0.00024174053182917098
25009,20.841180686344774,0.580983078162772,560,681,1241,0.0,0.0008333472224535399,0.5816277195809805,-0.00024174053182917098
25010,20.842014033567228,0.580983078162772,560,681,1241,0.0,0.0008333472224535399,0.5813859790491513,-0.00024174053182917098
25011,20.84284738078968,0.5793714746172441,560,681,1241,-0.0016116035455278066,0.0008333472224535399,0.5810636583400457,-0.00032232070910556134
25012,20.843680728012135,0.5793714746172441,560,681,1241,0.0,0.0008333472224535399,0.5808219178082166,-0.00024174053182917098
25013,20.84451407523459,0.5793714746172441,560,681,1241,0.0,0.0008333472224535399,0.5805801772763874,-0.00024174053182917098
25014,20.845347422457042,0.5785656728444802,560,681,1241,-0.0008058017727639033,0.0008333472224535399,0.5802578565672819,-0.00032232070910556134
25015,20.846180769679496,0.5785656728444802,560,681,1241,0.0,0.0008333472224535399,0.5800161160354527,-0.00024174053182917098
25016,20.84701411690195,0.5785656728444802,560,681,1241,0.0,0.0008333472224535399,0.5797743755036235,-0.00024174053182917098
25017,20.847847464124403,0.5785656728444802,560,681,1241,0.0,0.0008333472224535399,0.5795326349717943,-0.00024174053182917098
25018,20.848680811346856,0.5777598710717163,560,681,1241,-0.0008058017727639033,0.0008333472224535399,0.5792103142626888,-0.00032232070910556134
25019,20.84951415856931,0.5777598710717163,560,681,1241,0.0,0.0008333472224535399,0.5788879935535831,-0.00032232070910556134
25020,20.850347505791763,0.5777598710717163,560,681,1241,0.0,0.0008333472224535399,0.5785656728444776,-0.00032232070910556134
25021,20.851180853014217,0.5777598710717163,560,681,1241,0.0,0.0008333472224535399,0.5784045124899249,-0.00016116035455278067
25022,20.85201420023667,0.5777598710717163,560,681,1241,0.0,0.0008333472224535399,0.578243352135372,-0.00016116035455278067
25023,20.852847547459124,0.5793714746172441,560,681,1241,0.0016116035455278066,0.0008333472224535399,0.578243352135372,0.0
25024,20.853680894681577,0.5785656728444802,560,681,1241,-0.0008058017727639033,0.0008333472224535399,0.578243352135372,0.0
25025,20.85451424190403,0.5793714746172441,560,681,1241,0.0008058017727639033,0.0008333472224535399,0.5783239323126484,8.058017727639034e-05
25026,20.855347589126485,0.5793714746172441,560,681,1241,0.0,0.0008333472224535399,0.5784045124899249,8.058017727639034e-05
25027,20.85618093634894,0.5793714746172441,560,681,1241,0.0,0.0008333472224570926,0.5784850926672014,8.058017727639034e-05
25028,20.857014283571395,0.5793714746172441,560,681,1241,0.0,0.0008333472224535399,0.5786462530217541,0.00016116035455278067
25029,20.85784763079385,0.5793714746172441,560,681,1241,0.0,0.0008333472224535399,0.5788074133763069,0.00016116035455278067
25030,20.858680978016302,0.5793714746172441,560,681,1241,0.0,0.0008333472224535399,0.5789685737308596,0.00016116035455278067
25031,20.859514325238756,0.5793714746172441,560,681,1241,0.0,0.0008333472224535399,0.5791297340854125,0.00016116035455278067
25032,20.86034767246121,0.5793714746172441,560,681,1241,0.0,0.0008333472224535399,0.5792908944399653,0.00016116035455278067
25033,20.861181019683663,0.5785656728444802,560,681,1241,-0.0008058017727639033,0.0008333472224535399,0.5792103142626888,-8.058017727639034e-05
25034,20.862014366906116,0.5793714746172441,560,681,1241,0.0008058017727639033,0.0008333472224535399,0.5792908944399653,8.058017727639034e-05
25035,20.86284771412857,0.5793714746172441,560,681,1241,0.0,0.0008333472224535399,0.5792908944399653,0.0
25036,20.863681061351024,0.5793714746172441,560,681,1241,0.0,0.0008333472224535399,0.5792908944399653,0.0
25037,20.864514408573477,0.580177276390008,560,681,1241,0.0008058017727639033,0.0008333472224535399,0.5793714746172416,8.058017727639034e-05
25038,20.86534775579593,0.580177276390008,560,681,1241,0.0,0.0008333472224535399,0.5794520547945179,8.058017727639034e-05
25039,20.866181103018384,0.5817888799355359,560,681,1241,0.0016116035455278066,0.0008333472224535399,0.579693795326347,0.00024174053182917098
25040,20.867014450240838,0.5817888799355359,560,681,1241,0.0,0.0008333472224535399,0.5799355358581761,0.00024174053182917098
25041,20.86784779746329,0.5825946817082998,560,681,1241,0.0008058017727639033,0.0008333472224535399,0.5802578565672818,0.00032232070910556134
25042,20.868681144685745,0.5825946817082998,560,681,1241,0.0,0.0008333472224535399,0.5805801772763873,0.00032232070910556134
25043,20.8695144919082,0.5825946817082998,560,681,1241,0.0,0.0008333472224535399,0.5809830781627693,0.00040290088638195165
25044,20.870347839130652,0.5817888799355359,560,681,1241,-0.0008058017727639033,0.0008333472224535399,0.5812248186945984,0.00024174053182917098
25045,20.871181186353105,0.580983078162772,560,681,1241,-0.0008058017727639033,0.0008333472224535399,0.5813859790491512,0.00016116035455278067
25046,20.87201453357556,0.580983078162772,560,681,1241,0.0,0.0008333472224535399,0.581547139403704,0.00016116035455278067
25047,20.872847880798012,0.580983078162772,560,681,1241,0.0,0.0008333472224535399,0.5816277195809805,8.058017727639034e-05
25048,20.87368122802047,0.580983078162772,560,681,1241,0.0,0.0008333472224570926,0.5817082997582569,8.058017727639034e-05
25049,20.874514575242923,0.580983078162772,560,681,1241,0.0,0.0008333472224535399,0.5816277195809805,-8.058017727639034e-05
25050,20.875347922465377,0.580177276390008,560,681,1241,-0.0008058017727639033,0.0008333472224535399,0.5814665592264278,-0.00016116035455278067
25051,20.87618126968783,0.580177276390008,560,681,1241,0.0,0.0008333472224535399,0.5812248186945985,-0.00024174053182917098
25052,20.877014616910284,0.580177276390008,560,681,1241,0.0,0.0008333472224535399,0.5809830781627693,-0.00024174053182917098
25053,20.877847964132737,0.580177276390008,560,681,1241,0.0,0.0008333472224535399,0.58074133763094,-0.00024174053182917098
25054,20.87868131135519,0.580177276390008,560,681,1241,0.0,0.0008333472224535399,0.5805801772763873,-0.00016116035455278067
25055,20.879514658577644,0.5793714746172441,560,681,1241,-0.0008058017727639033,0.0008333472224535399,0.5804190169218345,-0.00016116035455278067
25056,20.880348005800098,0.580177276390008,560,681,1241,0.0008058017727639033,0.0008333472224535399,0.5803384367445581,-8.058017727639034e-05
25057,20.88118135302255,0.5793714746172441,560,681,1241,-0.0008058017727639033,0.0008333472224535399,0.5801772763900053,-0.00016116035455278067
25058,20.882014700245005,0.5793714746172441,560,681,1241,0.0,0.0008333472224535399,0.5800161160354526,-0.00016116035455278067
25059,20.88284804746746,0.5793714746172441,560,681,1241,0.0,0.0008333472224535399,0.5798549556808997,-0.00016116035455278067
25060,20.883681394689912,0.5793714746172441,560,681,1241,0.0,0.0008333472224535399,0.5797743755036234,-8.058017727639034e-05
25061,20.884514741912366,0.5793714746172441,560,681,1241,0.0,0.0008333472224535399,0.579693795326347,-8.058017727639034e-05
25062,20.88534808913482,0.5793714746172441,560,681,1241,0.0,0.0008333472224535399,0.5796132151490707,-8.058017727639034e-05
25063,20.886181436357273,0.5793714746172441,560,681,1241,0.0,0.0008333472224535399,0.5795326349717944,-8.058017727639034e-05
25064,20.887014783579726,0.5793714746172441,560,681,1241,0.0,0.0008333472224535399,0.579452054794518,-8.058017727639034e-05
25065,20.88784813080218,0.5793714746172441,560,681,1241,0.0,0.0008333472224535399,0.579452054794518,0.0
25066,20.888681478024633,0.5793714746172441,560,681,1241,0.0,0.0008333472224535399,0.5793714746172417,-8.058017727639034e-05
25067,20.889514825247087,0.580177276390008,560,681,1241,0.0008058017727639033,0.0008333472224535399,0.579452054794518,8.058017727639034e-05
25068,20.89034817246954,0.580177276390008,560,681,1241,0.0,0.0008333472224535399,0.5795326349717944,8.058017727639034e-05
25069,20.891181519691997,0.580983078162772,560,681,1241,0.0008058017727639033,0.0008333472224570926,0.5796937953263471,0.00016116035455278067
25070,20.89201486691445,0.5817888799355359,560,681,1241,0.0008058017727639033,0.0008333472224535399,0.5799355358581763,0.00024174053182917098
25071,20.892848214136905,0.5834004834810637,560,681,1241,0.0016116035455278066,0.0008333472224535399,0.5803384367445582,0.00040290088638195165
25072,20.893681561359358,0.5842062852538276,560,681,1241,0.0008058017727639033,0.0008333472224535399,0.5808219178082166,0.00048348106365834196
25073,20.89451490858181,0.5858178887993554,560,681,1241,0.0016116035455278066,0.0008333472224535399,0.5814665592264276,0.0006446414182111227
25074,20.895348255804265,0.5858178887993554,560,681,1241,0.0,0.0008333472224535399,0.5821112006446387,0.0006446414182111227
25075,20.89618160302672,0.5866236905721193,560,681,1241,0.0008058017727639033,0.0008333472224535399,0.5828364222401262,0.000725221595487513
25076,20.897014950249172,0.5874294923448832,560,681,1241,0.0008058017727639033,0.0008333472224535399,0.5836422240128901,0.0008058017727639033
25077,20.897848297471626,0.5882352941176471,560,681,1241,0.0008058017727639033,0.0008333472224535399,0.584448025785654,0.0008058017727639033
25078,20.89868164469408,0.5882352941176471,560,681,1241,0.0,0.0008333472224535399,0.5852538275584179,0.0008058017727639033
25079,20.899514991916533,0.5882352941176471,560,681,1241,0.0,0.0008333472224535399,0.5859790491539054,0.000725221595487513
25080,20.900348339138986,0.5882352941176471,560,681,1241,0.0,0.0008333472224535399,0.5866236905721165,0.0006446414182111227
25081,20.90118168636144,0.589041095890411,560,681,1241,0.0008058017727639033,0.0008333472224535399,0.5871877518130513,0.0005640612409347323
25082,20.902015033583893,0.589041095890411,560,681,1241,0.0,0.0008333472224535399,0.5876712328767096,0.00048348106365834196
25083,20.902848380806347,0.5874294923448832,560,681,1241,-0.0016116035455278066,0.0008333472224535399,0.5878323932312625,0.00016116035455278067
25084,20.9036817280288,0.5882352941176471,560,681,1241,0.0008058017727639033,0.0008333472224535399,0.5880741337630916,0.00024174053182917098
25085,20.904515075251254,0.5882352941176471,560,681,1241,0.0,0.0008333472224535399,0.5882352941176443,0.00016116035455278067
25086,20.905348422473708,0.5882352941176471,560,681,1241,0.0,0.0008333472224535399,0.5883158742949207,8.058017727639034e-05
25087,20.90618176969616,0.5882352941176471,560,681,1241,0.0,0.0008333472224535399,0.5883158742949207,0.0
25088,20.907015116918615,0.589041095890411,560,681,1241,0.0008058017727639033,0.0008333472224535399,0.5883964544721971,8.058017727639034e-05
25089,20.90784846414107,0.5898468976631749,560,681,1241,0.0008058017727639033,0.0008333472224535399,0.58855761482675,0.00016116035455278067
25090,20.908681811363525,0.5898468976631749,560,681,1241,0.0,0.0008333472224570926,0.5887187751813027,0.00016116035455278067
25091,20.90951515858598,0.5906526994359388,560,681,1241,0.0008058017727639033,0.0008333472224535399,0.5888799355358555,0.00016116035455278067
25092,20.910348505808432,0.5906526994359388,560,681,1241,0.0,0.0008333472224535399,0.5890410958904082,0.00016116035455278067
25093,20.911181853030886,0.5898468976631749,560,681,1241,-0.0008058017727639033,0.0008333472224535399,0.5892828364222373,0.00024174053182917098
25094,20.91201520025334,0.5906526994359388,560,681,1241,0.0008058017727639033,0.0008333472224535399,0.5895245769540666,0.00024174053182917098
25095,20.912848547475793,0.5914585012087027,560,681,1241,0.0008058017727639033,0.0008333472224535399,0.5898468976631721,0.00032232070910556134
25096,20.913681894698247,0.5922643029814666,560,681,1241,0.0008058017727639033,0.0008333472224535399,0.5902497985495542,0.00040290088638195165
25097,20.9145152419207,0.5922643029814666,560,681,1241,0.0,0.0008333472224535399,0.5906526994359361,0.00040290088638195165
25098,20.915348589143154,0.5922643029814666,560,681,1241,0.0,0.0008333472224535399,0.5909750201450417,0.00032232070910556134
25099,20.916181936365607,0.5914585012087027,560,681,1241,-0.0008058017727639033,0.0008333472224535399,0.5911361804995945,0.00016116035455278067
25100,20.91701528358806,0.5906526994359388,560,681,1241,-0.0008058017727639033,0.0008333472224535399,0.5912167606768709,8.058017727639034e-05
25101,20.917848630810514,0.5906526994359388,560,681,1241,0.0,0.0008333472224535399,0.5912167606768709,0.0
25102,20.918681978032968,0.5906526994359388,560,681,1241,0.0,0.0008333472224535399,0.5912167606768709,0.0
25103,20.91951532525542,0.5906526994359388,560,681,1241,0.0,0.0008333472224535399,0.5912973408541473,8.058017727639034e-05
25104,20.920348672477875,0.5906526994359388,560,681,1241,0.0,0.0008333472224535399,0.5912973408541473,0.0
25105,20.92118201970033,0.5914585012087027,560,681,1241,0.0008058017727639033,0.0008333472224535399,0.5912973408541473,0.0
25106,20.922015366922782,0.5914585012087027,560,681,1241,0.0,0.0008333472224535399,0.5912167606768709,-8.058017727639034e-05
25107,20.922848714145236,0.5922643029814666,560,681,1241,0.0008058017727639033,0.0008333472224535399,0.5912167606768709,0.0
25108,20.92368206136769,0.5922643029814666,560,681,1241,0.0,0.0008333472224535399,0.5912167606768709,0.0
25109,20.924515408590143,0.5922643029814666,560,681,1241,0.0,0.0008333472224535399,0.5912973408541473,8.058017727639034e-05
25110,20.925348755812596,0.5922643029814666,560,681,1241,0.0,0.0008333472224535399,0.5914585012087001,0.00016116035455278067
25111,20.926182103035053,0.5930701047542305,560,681,1241,0.0008058017727639033,0.0008333472224570926,0.5917002417405293,0.00024174053182917098
25112,20.927015450257507,0.5938759065269944,560,681,1241,0.0008058017727639033,0.0008333472224535399,0.5920225624496348,0.00032232070910556134
25113,20.92784879747996,0.5930701047542305,560,681,1241,-0.0008058017727639033,0.0008333472224535399,0.5922643029814639,0.00024174053182917098
25114,20.928682144702414,0.5930701047542305,560,681,1241,0.0,0.0008333472224535399,0.5925060435132931,0.00024174053182917098
25115,20.929515491924867,0.5938759065269944,560,681,1241,0.0008058017727639033,0.0008333472224535399,0.5927477840451223,0.00024174053182917098
25116,20.93034883914732,0.5930701047542305,560,681,1241,-0.0008058017727639033,0.0008333472224535399,0.5929089443996751,0.00016116035455278067
25117,20.931182186369774,0.5930701047542305,560,681,1241,0.0,0.0008333472224535399,0.5929895245769514,8.058017727639034e-05
25118,20.932015533592228,0.5922643029814666,560,681,1241,-0.0008058017727639033,0.0008333472224535399,0.5929895245769514,0.0
25119,20.93284888081468,0.5922643029814666,560,681,1241,0.0,0.0008333472224535399,0.5929895245769514,0.0
25120,20.933682228037135,0.5930701047542305,560,681,1241,0.0008058017727639033,0.0008333472224535399,0.5930701047542277,8.058017727639034e-05
25121,20.93451557525959,0.5930701047542305,560,681,1241,0.0,0.0008333472224535399,0.5930701047542277,0.0
25122,20.935348922482042,0.5938759065269944,560,681,1241,0.0008058017727639033,0.0008333472224535399,0.5930701047542277,0.0
25123,20.936182269704496,0.5946817082997583,560,681,1241,0.0008058017727639033,0.0008333472224535399,0.5932312651087805,0.00016116035455278067
25124,20.93701561692695,0.5946817082997583,560,681,1241,0.0,0.0008333472224535399,0.5933924254633334,0.00016116035455278067
25125,20.937848964149403,0.5946817082997583,560,681,1241,0.0,0.0008333472224535399,0.5934730056406097,8.058017727639034e-05
25126,20.938682311371856,0.5954875100725222,560,681,1241,0.0008058017727639033,0.0008333472224535399,0.5937147461724389,0.00024174053182917098
25127,20.93951565859431,0.5962933118452861,560,681,1241,0.0008058017727639033,0.0008333472224535399,0.5940370668815445,0.00032232070910556134
25128,20.940349005816763,0.5962933118452861,560,681,1241,0.0,0.0008333472224535399,0.5944399677679264,0.00040290088638195165
25129,20.941182353039217,0.5962933118452861,560,681,1241,0.0,0.0008333472224535399,0.5948428686543082,0.00040290088638195165
25130,20.94201570026167,0.5962933118452861,560,681,1241,0.0,0.0008333472224535399,0.5951651893634138,0.00032232070910556134
25131,20.942849047484124,0.5962933118452861,560,681,1241,0.0,0.0008333472224535399,0.5954875100725194,0.00032232070910556134
25132,20.943682394706578,0.5962933118452861,560,681,1241,0.0,0.0008333472224535399,0.5957292506043486,0.00024174053182917098
25133,20.944515741929035,0.5962933118452861,560,681,1241,0.0,0.0008333472224570926,0.5958904109589013,0.00016116035455278067
25134,20.945349089151488,0.59709911361805,560,681,1241,0.0008058017727639033,0.0008333472224535399,0.5961321514907305,0.00024174053182917098
25135,20.94618243637394,0.5962933118452861,560,681,1241,-0.0008058017727639033,0.0008333472224535399,0.5962933118452833,0.00016116035455278067
25136,20.947015783596395,0.5954875100725222,560,681,1241,-0.0008058017727639033,0.0008333472224535399,0.5962933118452833,0.0
25137,20.94784913081885,0.5954875100725222,560,681,1241,0.0,0.0008333472224535399,0.5962127316680069,-8.058017727639034e-05
25138,20.948682478041302,0.5962933118452861,560,681,1241,0.0008058017727639033,0.0008333472224535399,0.5962127316680069,0.0
25139,20.949515825263756,0.5962933118452861,560,681,1241,0.0,0.0008333472224535399,0.5962127316680069,0.0
25140,20.95034917248621,0.59709911361805,560,681,1241,0.0008058017727639033,0.0008333472224535399,0.5962933118452833,8.058017727639034e-05
25141,20.951182519708663,0.59709911361805,560,681,1241,0.0,0.0008333472224535399,0.5963738920225599,8.058017727639034e-05
25142,20.952015866931117,0.5962933118452861,560,681,1241,-0.0008058017727639033,0.0008333472224535399,0.5963738920225599,0.0
25143,20.95284921415357,0.5954875100725222,560,681,1241,-0.0008058017727639033,0.0008333472224535399,0.5962933118452834,-8.058017727639034e-05
25144,20.953682561376024,0.5946817082997583,560,681,1241,-0.0008058017727639033,0.0008333472224535399,0.5960515713134542,-0.00024174053182917098
25145,20.954515908598477,0.5938759065269944,560,681,1241,-0.0008058017727639033,0.0008333472224535399,0.5958098307816251,-0.00024174053182917098
25146,20.95534925582093,0.5938759065269944,560,681,1241,0.0,0.0008333472224535399,0.5956486704270724,-0.00016116035455278067
25147,20.956182603043384,0.5922643029814666,560,681,1241,-0.0016116035455278066,0.0008333472224535399,0.5953263497179668,-0.00032232070910556134
25148,20.957015950265838,0.5914585012087027,560,681,1241,-0.0008058017727639033,0.0008333472224535399,0.5948428686543085,-0.00048348106365834196
25149,20.95784929748829,0.5906526994359388,560,681,1241,-0.0008058017727639033,0.0008333472224535399,0.5942788074133738,-0.0005640612409347323
25150,20.958682644710745,0.5906526994359388,560,681,1241,0.0,0.0008333472224535399,0.5936341659951626,-0.0006446414182111227
25151,20.9595159919332,0.5898468976631749,560,681,1241,-0.0008058017727639033,0.0008333472224535399,0.5929089443996751,-0.000725221595487513
25152,20.960349339155652,0.5898468976631749,560,681,1241,0.0,0.0008333472224535399,0.5922643029814639,-0.0006446414182111227
25153,20.961182686378105,0.5898468976631749,560,681,1241,0.0,0.0008333472224535399,0.5917002417405292,-0.0005640612409347323
25154,20.962016033600563,0.5898468976631749,560,681,1241,0.0,0.0008333472224570926,0.5912167606768708,-0.00048348106365834196
25155,20.962849380823016,0.5898468976631749,560,681,1241,0.0,0.0008333472224535399,0.5908138597904888,-0.00040290088638195165
25156,20.96368272804547,0.589041095890411,560,681,1241,-0.0008058017727639033,0.0008333472224535399,0.5903303787268305,-0.00048348106365834196
25157,20.964516075267923,0.589041095890411,560,681,1241,0.0,0.0008333472224535399,0.5900080580177249,-0.00032232070910556134
25158,20.965349422490377,0.589041095890411,560,681,1241,0.0,0.0008333472224535399,0.5897663174858958,-0.00024174053182917098
25159,20.96618276971283,0.589041095890411,560,681,1241,0.0,0.0008333472224535399,0.589605157131343,-0.00016116035455278067
25160,20.967016116935284,0.5906526994359388,560,681,1241,0.0016116035455278066,0.0008333472224535399,0.589605157131343,0.0
25161,20.967849464157737,0.5906526994359388,560,681,1241,0.0,0.0008333472224535399,0.5896857373086195,8.058017727639034e-05
25162,20.96868281138019,0.5898468976631749,560,681,1241,-0.0008058017727639033,0.0008333472224535399,0.5896857373086195,0.0
25163,20.969516158602644,0.5882352941176471,560,681,1241,-0.0016116035455278066,0.0008333472224535399,0.5895245769540667,-0.00016116035455278067
25164,20.970349505825098,0.5882352941176471,560,681,1241,0.0,0.0008333472224535399,0.5893634165995139,-0.00016116035455278067
25165,20.97118285304755,0.5874294923448832,560,681,1241,-0.0008058017727639033,0.0008333472224535399,0.5891216760676847,-0.00024174053182917098
25166,20.972016200270005,0.5874294923448832,560,681,1241,0.0,0.0008333472224535399,0.588960515713132,-0.00016116035455278067
25167,20.97284954749246,0.5874294923448832,560,681,1241,0.0,0.0008333472224535399,0.5887993553585792,-0.00016116035455278067
25168,20.973682894714912,0.5866236905721193,560,681,1241,-0.0008058017727639033,0.0008333472224535399,0.58855761482675,-0.00024174053182917098
25169,20.974516241937366,0.5858178887993554,560,681,1241,-0.0008058017727639033,0.0008333472224535399,0.5882352941176444,-0.00032232070910556134
25170,20.97534958915982,0.5850120870265915,560,681,1241,-0.0008058017727639033,0.0008333472224535399,0.5876712328767096,-0.0005640612409347323
25171,20.976182936382273,0.5858178887993554,560,681,1241,0.0008058017727639033,0.0008333472224535399,0.5871877518130513,-0.00048348106365834196
25172,20.977016283604726,0.5850120870265915,560,681,1241,-0.0008058017727639033,0.0008333472224535399,0.586704270749393,-0.00048348106365834196
25173,20.97784963082718,0.5842062852538276,560,681,1241,-0.0008058017727639033,0.0008333472224535399,0.5863013698630111,-0.00040290088638195165
25174,20.978682978049633,0.5842062852538276,560,681,1241,0.0,0.0008333472224535399,0.5858984689766291,-0.00040290088638195165
25175,20.97951632527209,0.5850120870265915,560,681,1241,0.0008058017727639033,0.0008333472224570926,0.5856567284448,-0.00024174053182917098
25176,20.980349672494544,0.5850120870265915,560,681,1241,0.0,0.0008333472224535399,0.5854149879129708,-0.00024174053182917098
25177,20.981183019716998,0.5842062852538276,560,681,1241,-0.0008058017727639033,0.0008333472224535399,0.5850926672038652,-0.00032232070910556134
25178,20.98201636693945,0.5842062852538276,560,681,1241,0.0,0.0008333472224535399,0.5848509266720361,-0.00024174053182917098
25179,20.982849714161905,0.5842062852538276,560,681,1241,0.0,0.0008333472224535399,0.5846897663174833,-0.00016116035455278067
25180,20.983683061384358,0.5850120870265915,560,681,1241,0.0008058017727639033,0.0008333472224535399,0.5846897663174833,0.0
25181,20.98451640860681,0.5842062852538276,560,681,1241,-0.0008058017727639033,0.0008333472224535399,0.5845286059629304,-0.00016116035455278067
25182,20.985349755829265,0.5842062852538276,560,681,1241,0.0,0.0008333472224535399,0.5844480257856541,-8.058017727639034e-05
25183,20.98618310305172,0.5842062852538276,560,681,1241,0.0,0.0008333472224535399,0.5844480257856541,0.0
25184,20.987016450274172,0.5842062852538276,560,681,1241,0.0,0.0008333472224535399,0.5844480257856541,0.0
25185,20.987849797496626,0.5825946817082998,560,681,1241,-0.0016116035455278066,0.0008333472224535399,0.584206285253825,-0.00024174053182917098
25186,20.98868314471908,0.5834004834810637,560,681,1241,0.0008058017727639033,0.0008333472224535399,0.5840451248992722,-0.00016116035455278067
25187,20.989516491941533,0.5834004834810637,560,681,1241,0.0,0.0008333472224535399,0.5839645447219958,-8.058017727639034e-05
25188,20.990349839163986,0.5834004834810637,560,681,1241,0.0,0.0008333472224535399,0.5838839645447194,-8.058017727639034e-05
25189,20.99118318638644,0.5834004834810637,560,681,1241,0.0,0.0008333472224535399,0.583803384367443,-8.058017727639034e-05
25190,20.992016533608894,0.5834004834810637,560,681,1241,0.0,0.0008333472224535399,0.5836422240128901,-0.00016116035455278067
25191,20.992849880831347,0.5834004834810637,560,681,1241,0.0,0.0008333472224535399,0.5835616438356137,-8.058017727639034e-05
25192,20.9936832280538,0.5834004834810637,560,681,1241,0.0,0.0008333472224535399,0.5834810636583373,-8.058017727639034e-05
25193,20.994516575276254,0.5834004834810637,560,681,1241,0.0,0.0008333472224535399,0.5834004834810609,-8.058017727639034e-05
25194,20.995349922498708,0.5834004834810637,560,681,1241,0.0,0.0008333472224535399,0.5833199033037844,-8.058017727639034e-05
25195,20.99618326972116,0.5834004834810637,560,681,1241,0.0,0.0008333472224535399,0.5834004834810608,8.058017727639034e-05
25196,20.99701661694362,0.5834004834810637,560,681,1241,0.0,0.0008333472224570926,0.5834004834810608,0.0
25197,20.997849964166072,0.5834004834810637,560,681,1241,0.0,0.0008333472224535399,0.5834004834810608,0.0
25198,20.998683311388525,0.5834004834810637,560,681,1241,0.0,0.0008333472224535399,0.5834004834810608,0.0
25199,20.99951665861098,0.5834004834810637,560,681,1241,0.0,0.0008333472224535399,0.5834004834810608,0.0
25200,21.000350005833432,0.580983078162772,560,681,1241,-0.00241740531829171,0.0008333472224535399,0.5831587429492316,-0.00024174053182917098
25201,21.001183353055886,0.580983078162772,560,681,1241,0.0,0.0008333472224535399,0.5829170024174025,-0.00024174053182917098
25202,21.00201670027834,0.580983078162772,560,681,1241,0.0,0.0008333472224535399,0.5826752618855734,-0.00024174053182917098
25203,21.002850047500793,0.580177276390008,560,681,1241,-0.0008058017727639033,0.0008333472224535399,0.5823529411764679,-0.00032232070910556134
25204,21.003683394723247,0.5793714746172441,560,681,1241,-0.0008058017727639033,0.0008333472224535399,0.5819500402900859,-0.00040290088638195165
25205,21.0045167419457,0.5793714746172441,560,681,1241,0.0,0.0008333472224535399,0.581547139403704,-0.00040290088638195165
25206,21.005350089168154,0.5793714746172441,560,681,1241,0.0,0.0008333472224535399,0.5811442385173221,-0.00040290088638195165
25207,21.006183436390607,0.5793714746172441,560,681,1241,0.0,0.0008333472224535399,0.5807413376309402,-0.00040290088638195165
25208,21.00701678361306,0.5793714746172441,560,681,1241,0.0,0.0008333472224535399,0.5803384367445583,-0.00040290088638195165
25209,21.007850130835514,0.5785656728444802,560,681,1241,-0.0008058017727639033,0.0008333472224535399,0.5798549556809,-0.00048348106365834196
25210,21.008683478057968,0.5793714746172441,560,681,1241,0.0008058017727639033,0.0008333472224535399,0.5796937953263471,-0.00016116035455278067
25211,21.00951682528042,0.580177276390008,560,681,1241,0.0008058017727639033,0.0008333472224535399,0.5796132151490707,-8.058017727639034e-05
25212,21.010350172502875,0.580983078162772,560,681,1241,0.0008058017727639033,0.0008333472224535399,0.5796132151490707,0.0
25213,21.01118351972533,0.580983078162772,560,681,1241,0.0,0.0008333472224535399,0.5796937953263471,8.058017727639034e-05
25214,21.012016866947782,0.5817888799355359,560,681,1241,0.0008058017727639033,0.0008333472224535399,0.5799355358581763,0.00024174053182917098
25215,21.012850214170236,0.5817888799355359,560,681,1241,0.0,0.0008333472224535399,0.5801772763900054,0.00024174053182917098
25216,21.01368356139269,0.5817888799355359,560,681,1241,0.0,0.0008333472224535399,0.5804190169218345,0.00024174053182917098
25217,21.014516908615146,0.580983078162772,560,681,1241,-0.0008058017727639033,0.0008333472224570926,0.5805801772763873,0.00016116035455278067
25218,21.0153502558376,0.580983078162772,560,681,1241,0.0,0.0008333472224535399,0.58074133763094,0.00016116035455278067
25219,21.016183603060053,0.5817888799355359,560,681,1241,0.0008058017727639033,0.0008333472224535399,0.5810636583400457,0.00032232070910556134
25220,21.017016950282507,0.5834004834810637,560,681,1241,0.0016116035455278066,0.0008333472224535399,0.5814665592264275,0.00040290088638195165
25221,21.01785029750496,0.5834004834810637,560,681,1241,0.0,0.0008333472224535399,0.5817888799355331,0.00032232070910556134
25222,21.018683644727414,0.5817888799355359,560,681,1241,-0.0016116035455278066,0.0008333472224535399,0.5818694601128095,8.058017727639034e-05
25223,21.019516991949867,0.5817888799355359,560,681,1241,0.0,0.0008333472224535399,0.5819500402900858,8.058017727639034e-05
25224,21.02035033917232,0.5817888799355359,560,681,1241,0.0,0.0008333472224535399,0.5819500402900858,0.0
25225,21.021183686394775,0.5817888799355359,560,681,1241,0.0,0.0008333472224535399,0.5819500402900858,0.0
25226,21.022017033617228,0.5817888799355359,560,681,1241,0.0,0.0008333472224535399,0.5819500402900858,0.0
25227,21.02285038083968,0.580177276390008,560,681,1241,-0.0016116035455278066,0.0008333472224535399,0.5818694601128094,-8.058017727639034e-05
25228,21.023683728062135,0.580177276390008,560,681,1241,0.0,0.0008333472224535399,0.581788879935533,-8.058017727639034e-05
25229,21.02451707528459,0.580177276390008,560,681,1241,0.0,0.0008333472224535399,0.5816277195809801,-0.00016116035455278067
25230,21.025350422507042,0.580983078162772,560,681,1241,0.0008058017727639033,0.0008333472224535399,0.581385979049151,-0.00024174053182917098
25231,21.026183769729496,0.5817888799355359,560,681,1241,0.0008058017727639033,0.0008333472224535399,0.5812248186945983,-0.00016116035455278067
25232,21.02701711695195,0.5817888799355359,560,681,1241,0.0,0.0008333472224535399,0.5812248186945983,0.0
25233,21.027850464174403,0.5825946817082998,560,681,1241,0.0008058017727639033,0.0008333472224535399,0.5813053988718747,8.058017727639034e-05
25234,21.028683811396856,0.5825946817082998,560,681,1241,0.0,0.0008333472224535399,0.5813859790491511,8.058017727639034e-05
25235,21.02951715861931,0.5825946817082998,560,681,1241,0.0,0.0008333472224535399,0.5814665592264275,8.058017727639034e-05
25236,21.030350505841763,0.5825946817082998,560,681,1241,0.0,0.0008333472224535399,0.581547139403704,8.058017727639034e-05
25237,21.031183853064217,0.5834004834810637,560,681,1241,0.0008058017727639033,0.0008333472224535399,0.5818694601128096,0.00032232070910556134
25238,21.032017200286674,0.5834004834810637,560,681,1241,0.0,0.0008333472224570926,0.5821917808219151,0.00032232070910556134
25239,21.032850547509128,0.5842062852538276,560,681,1241,0.0008058017727639033,0.0008333472224535399,0.5825946817082971,0.00040290088638195165
25240,21.03368389473158,0.5842062852538276,560,681,1241,0.0,0.0008333472224535399,0.5829170024174026,0.00032232070910556134
25241,21.034517241954035,0.5842062852538276,560,681,1241,0.0,0.0008333472224535399,0.5831587429492319,0.00024174053182917098
25242,21.03535058917649,0.5842062852538276,560,681,1241,0.0,0.0008333472224535399,0.5834004834810611,0.00024174053182917098
25243,21.036183936398942,0.5834004834810637,560,681,1241,-0.0008058017727639033,0.0008333472224535399,0.5834810636583374,8.058017727639034e-05
25244,21.037017283621395,0.5834004834810637,560,681,1241,0.0,0.0008333472224535399,0.5835616438356138,8.058017727639034e-05
25245,21.03785063084385,0.5842062852538276,560,681,1241,0.0008058017727639033,0.0008333472224535399,0.5837228041901665,0.00016116035455278067
25246,21.038683978066302,0.5842062852538276,560,681,1241,0.0,0.0008333472224535399,0.5838839645447194,0.00016116035455278067
25247,21.039517325288756,0.5834004834810637,560,681,1241,-0.0008058017727639033,0.0008333472224535399,0.5838839645447194,0.0
25248,21.04035067251121,0.5825946817082998,560,681,1241,-0.0008058017727639033,0.0008333472224535399,0.5838033843674431,-8.058017727639034e-05
25249,21.041184019733663,0.5825946817082998,560,681,1241,0.0,0.0008333472224535399,0.5836422240128902,-0.00016116035455278067
25250,21.042017366956117,0.5825946817082998,560,681,1241,0.0,0.0008333472224535399,0.5834810636583374,-0.00016116035455278067
25251,21.04285071417857,0.5825946817082998,560,681,1241,0.0,0.0008333472224535399,0.5833199033037847,-0.00016116035455278067
25252,21.043684061401024,0.5825946817082998,560,681,1241,0.0,0.0008333472224535399,0.5831587429492319,-0.00016116035455278067
25253,21.044517408623477,0.5842062852538276,560,681,1241,0.0016116035455278066,0.0008333472224535399,0.5832393231265083,8.058017727639034e-05
25254,21.04535075584593,0.5842062852538276,560,681,1241,0.0,0.0008333472224535399,0.5833199033037848,8.058017727639034e-05
25255,21.046184103068384,0.5834004834810637,560,681,1241,-0.0008058017727639033,0.0008333472224535399,0.5832393231265083,-8.058017727639034e-05
25256,21.047017450290838,0.5834004834810637,560,681,1241,0.0,0.0008333472224535399,0.5831587429492319,-8.058017727639034e-05
25257,21.04785079751329,0.5834004834810637,560,681,1241,0.0,0.0008333472224535399,0.5831587429492319,0.0
25258,21.048684144735745,0.5834004834810637,560,681,1241,0.0,0.0008333472224535399,0.5832393231265083,8.058017727639034e-05
25259,21.0495174919582,0.5850120870265915,560,681,1241,0.0016116035455278066,0.0008333472224535399,0.5834810636583374,0.00024174053182917098
25260,21.050350839180656,0.5850120870265915,560,681,1241,0.0,0.0008333472224570926,0.5837228041901665,0.00024174053182917098
25261,21.05118418640311,0.5858178887993554,560,681,1241,0.0008058017727639033,0.0008333472224535399,0.5840451248992721,0.00032232070910556134
25262,21.052017533625563,0.5858178887993554,560,681,1241,0.0,0.0008333472224535399,0.5843674456083776,0.00032232070910556134
25263,21.052850880848016,0.5858178887993554,560,681,1241,0.0,0.0008333472224535399,0.5845286059629304,0.00016116035455278067
25264,21.05368422807047,0.5866236905721193,560,681,1241,0.0008058017727639033,0.0008333472224535399,0.5847703464947596,0.00024174053182917098
25265,21.054517575292923,0.5866236905721193,560,681,1241,0.0,0.0008333472224535399,0.5850926672038651,0.00032232070910556134
25266,21.055350922515377,0.5866236905721193,560,681,1241,0.0,0.0008333472224535399,0.5854149879129706,0.00032232070910556134
25267,21.05618426973783,0.5866236905721193,560,681,1241,0.0,0.0008333472224535399,0.5857373086220762,0.00032232070910556134
25268,21.057017616960284,0.5866236905721193,560,681,1241,0.0,0.0008333472224535399,0.5860596293311817,0.00032232070910556134
25269,21.057850964182737,0.5866236905721193,560,681,1241,0.0,0.0008333472224535399,0.5862207896857345,0.00016116035455278067
25270,21.05868431140519,0.5866236905721193,560,681,1241,0.0,0.0008333472224535399,0.5863819500402874,0.00016116035455278067
25271,21.059517658627644,0.5858178887993554,560,681,1241,-0.0008058017727639033,0.0008333472224535399,0.5863819500402874,0.0
25272,21.060351005850098,0.5850120870265915,560,681,1241,-0.0008058017727639033,0.0008333472224535399,0.5863013698630108,-8.058017727639034e-05
25273,21.06118435307255,0.5850120870265915,560,681,1241,0.0,0.0008333472224535399,0.5862207896857344,-8.058017727639034e-05
25274,21.062017700295005,0.5850120870265915,560,681,1241,0.0,0.0008333472224535399,0.5860596293311817,-0.00016116035455278067
25275,21.06285104751746,0.5842062852538276,560,681,1241,-0.0008058017727639033,0.0008333472224535399,0.5858178887993526,-0.00024174053182917098
25276,21.063684394739912,0.5842062852538276,560,681,1241,0.0,0.0008333472224535399,0.5855761482675235,-0.00024174053182917098
25277,21.064517741962366,0.5850120870265915,560,681,1241,0.0008058017727639033,0.0008333472224535399,0.5854149879129706,-0.00016116035455278067
25278,21.06535108918482,0.5850120870265915,560,681,1241,0.0,0.0008333472224535399,0.5852538275584178,-0.00016116035455278067
25279,21.066184436407273,0.5858178887993554,560,681,1241,0.0008058017727639033,0.0008333472224535399,0.5851732473811415,-8.058017727639034e-05
25280,21.067017783629726,0.5866236905721193,560,681,1241,0.0008058017727639033,0.0008333472224535399,0.5851732473811415,0.0
25281,21.067851130852183,0.5858178887993554,560,681,1241,-0.0008058017727639033,0.0008333472224570926,0.5851732473811415,0.0
25282,21.068684478074637,0.5858178887993554,560,681,1241,0.0,0.0008333472224535399,0.5852538275584179,8.058017727639034e-05
25283,21.06951782529709,0.5858178887993554,560,681,1241,0.0,0.0008333472224535399,0.5853344077356943,8.058017727639034e-05
25284,21.070351172519544,0.5858178887993554,560,681,1241,0.0,0.0008333472224535399,0.5854149879129709,8.058017727639034e-05
25285,21.071184519741998,0.5842062852538276,560,681,1241,-0.0016116035455278066,0.0008333472224535399,0.5854149879129709,0.0
25286,21.07201786696445,0.5842062852538276,560,681,1241,0.0,0.0008333472224535399,0.5854149879129709,0.0
25287,21.072851214186905,0.5842062852538276,560,681,1241,0.0,0.0008333472224535399,0.5853344077356945,-8.058017727639034e-05
25288,21.073684561409358,0.5842062852538276,560,681,1241,0.0,0.0008333472224535399,0.5852538275584181,-8.058017727639034e-05
25289,21.07451790863181,0.5842062852538276,560,681,1241,0.0,0.0008333472224535399,0.5850926672038653,-0.00016116035455278067
25290,21.075351255854265,0.5834004834810637,560,681,1241,-0.0008058017727639033,0.0008333472224535399,0.5847703464947598,-0.00032232070910556134
25291,21.07618460307672,0.5842062852538276,560,681,1241,0.0008058017727639033,0.0008333472224535399,0.584609186140207,-0.00016116035455278067
25292,21.077017950299172,0.5850120870265915,560,681,1241,0.0008058017727639033,0.0008333472224535399,0.5845286059629305,-8.058017727639034e-05
25293,21.077851297521626,0.5850120870265915,560,681,1241,0.0,0.0008333472224535399,0.5844480257856541,-8.058017727639034e-05
25294,21.07868464474408,0.5850120870265915,560,681,1241,0.0,0.0008333472224535399,0.5843674456083777,-8.058017727639034e-05
25295,21.079517991966533,0.5850120870265915,560,681,1241,0.0,0.0008333472224535399,0.584448025785654,8.058017727639034e-05
25296,21.080351339188987,0.5834004834810637,560,681,1241,-0.0016116035455278066,0.0008333472224535399,0.5843674456083776,-8.058017727639034e-05
25297,21.08118468641144,0.5825946817082998,560,681,1241,-0.0008058017727639033,0.0008333472224535399,0.5842062852538248,-0.00016116035455278067
25298,21.082018033633894,0.5817888799355359,560,681,1241,-0.0008058017727639033,0.0008333472224535399,0.5839645447219957,-0.00024174053182917098
25299,21.082851380856347,0.5817888799355359,560,681,1241,0.0,0.0008333472224535399,0.5837228041901664,-0.00024174053182917098
25300,21.0836847280788,0.5825946817082998,560,681,1241,0.0008058017727639033,0.0008333472224535399,0.58364222401289,-8.058017727639034e-05
25301,21.084518075301254,0.5825946817082998,560,681,1241,0.0,0.0008333472224535399,0.5834810636583373,-0.00016116035455278067
25302,21.08535142252371,0.5825946817082998,560,681,1241,0.0,0.0008333472224570926,0.5832393231265082,-0.00024174053182917098
25303,21.086184769746165,0.5825946817082998,560,681,1241,0.0,0.0008333472224535399,0.582997582594679,-0.00024174053182917098
25304,21.08701811696862,0.5825946817082998,560,681,1241,0.0,0.0008333472224535399,0.5827558420628499,-0.00024174053182917098
25305,21.087851464191072,0.5834004834810637,560,681,1241,0.0008058017727639033,0.0008333472224535399,0.5825946817082971,-0.00016116035455278067
25306,21.088684811413525,0.5842062852538276,560,681,1241,0.0008058017727639033,0.0008333472224535399,0.5826752618855735,8.058017727639034e-05
25307,21.08951815863598,0.5850120870265915,560,681,1241,0.0008058017727639033,0.0008333472224535399,0.5829170024174026,0.00024174053182917098
25308,21.090351505858433,0.5842062852538276,560,681,1241,-0.0008058017727639033,0.0008333472224535399,0.5831587429492319,0.00024174053182917098
25309,21.091184853080886,0.5842062852538276,560,681,1241,0.0,0.0008333472224535399,0.5834004834810611,0.00024174053182917098
25310,21.09201820030334,0.5866236905721193,560,681,1241,0.00241740531829171,0.0008333472224535399,0.5838033843674431,0.00040290088638195165
25311,21.092851547525793,0.5874294923448832,560,681,1241,0.0008058017727639033,0.0008333472224535399,0.5842868654311013,0.00048348106365834196
25312,21.093684894748247,0.5882352941176471,560,681,1241,0.0008058017727639033,0.0008333472224535399,0.5848509266720361,0.0005640612409347323
25313,21.0945182419707,0.5882352941176471,560,681,1241,0.0,0.0008333472224535399,0.5854149879129708,0.0005640612409347323
25314,21.095351589193154,0.5882352941176471,560,681,1241,0.0,0.0008333472224535399,0.5859790491539054,0.0005640612409347323
25315,21.096184936415607,0.5882352941176471,560,681,1241,0.0,0.0008333472224535399,0.5864625302175638,0.00048348106365834196
25316,21.09701828363806,0.5882352941176471,560,681,1241,0.0,0.0008333472224535399,0.5868654311039456,0.00040290088638195165
25317,21.097851630860514,0.5882352941176471,560,681,1241,0.0,0.0008333472224535399,0.5871877518130513,0.00032232070910556134
25318,21.098684978082968,0.5874294923448832,560,681,1241,-0.0008058017727639033,0.0008333472224535399,0.5875100725221568,0.00032232070910556134
25319,21.09951832530542,0.5874294923448832,560,681,1241,0.0,0.0008333472224535399,0.5878323932312624,0.00032232070910556134
25320,21.100351672527875,0.5874294923448832,560,681,1241,0.0,0.0008333472224535399,0.5879129734085388,8.058017727639034e-05
25321,21.10118501975033,0.5874294923448832,560,681,1241,0.0,0.0008333472224535399,0.5879129734085388,0.0
25322,21.102018366972782,0.5882352941176471,560,681,1241,0.0008058017727639033,0.0008333472224535399,0.5879129734085388,0.0
25323,21.10285171419524,0.5882352941176471,560,681,1241,0.0,0.0008333472224570926,0.5879129734085388,0.0
25324,21.103685061417693,0.589041095890411,560,681,1241,0.0008058017727639033,0.0008333472224535399,0.5879935535858152,8.058017727639034e-05
25325,21.104518408640146,0.589041095890411,560,681,1241,0.0,0.0008333472224535399,0.5880741337630917,8.058017727639034e-05
25326,21.1053517558626,0.5898468976631749,560,681,1241,0.0008058017727639033,0.0008333472224535399,0.5882352941176444,0.00016116035455278067
25327,21.106185103085053,0.5914585012087027,560,681,1241,0.0016116035455278066,0.0008333472224535399,0.58855761482675,0.00032232070910556134
25328,21.107018450307507,0.5914585012087027,560,681,1241,0.0,0.0008333472224535399,0.5889605157131319,0.00040290088638195165
25329,21.10785179752996,0.5930701047542305,560,681,1241,0.0016116035455278066,0.0008333472224535399,0.5895245769540666,0.0005640612409347323
25330,21.108685144752414,0.5922643029814666,560,681,1241,-0.0008058017727639033,0.0008333472224535399,0.5900080580177249,0.00048348106365834196
25331,21.109518491974868,0.5922643029814666,560,681,1241,0.0,0.0008333472224535399,0.5904915390813833,0.00048348106365834196
25332,21.11035183919732,0.5930701047542305,560,681,1241,0.0008058017727639033,0.0008333472224535399,0.5909750201450417,0.00048348106365834196
25333,21.111185186419775,0.5930701047542305,560,681,1241,0.0,0.0008333472224535399,0.5914585012086999,0.00048348106365834196
25334,21.112018533642228,0.5938759065269944,560,681,1241,0.0008058017727639033,0.0008333472224535399,0.5919419822723583,0.00048348106365834196
25335,21.11285188086468,0.5930701047542305,560,681,1241,-0.0008058017727639033,0.0008333472224535399,0.5923448831587402,0.00040290088638195165
25336,21.113685228087135,0.5938759065269944,560,681,1241,0.0008058017727639033,0.0008333472224535399,0.5927477840451222,0.00040290088638195165
25337,21.11451857530959,0.5930701047542305,560,681,1241,-0.0008058017727639033,0.0008333472224535399,0.592908944399675,0.00016116035455278067
25338,21.115351922532042,0.5930701047542305,560,681,1241,0.0,0.0008333472224535399,0.5930701047542277,0.00016116035455278067
25339,21.116185269754496,0.5930701047542305,560,681,1241,0.0,0.0008333472224535399,0.5930701047542277,0.0
25340,21.11701861697695,0.5938759065269944,560,681,1241,0.0008058017727639033,0.0008333472224535399,0.5932312651087805,0.00016116035455278067
25341,21.117851964199403,0.5938759065269944,560,681,1241,0.0,0.0008333472224535399,0.5933924254633334,0.00016116035455278067
25342,21.118685311421856,0.5946817082997583,560,681,1241,0.0008058017727639033,0.0008333472224535399,0.5935535858178861,0.00016116035455278067
25343,21.11951865864431,0.5954875100725222,560,681,1241,0.0008058017727639033,0.0008333472224535399,0.5937953263497153,0.00024174053182917098
25344,21.120352005866767,0.5954875100725222,560,681,1241,0.0,0.0008333472224570926,0.5939564867042681,0.00016116035455278067
25345,21.12118535308922,0.5938759065269944,560,681,1241,-0.0016116035455278066,0.0008333472224535399,0.5940370668815446,8.058017727639034e-05
25346,21.122018700311674,0.5930701047542305,560,681,1241,-0.0008058017727639033,0.0008333472224535399,0.5939564867042681,-8.058017727639034e-05
25347,21.122852047534128,0.5930701047542305,560,681,1241,0.0,0.0008333472224535399,0.5939564867042681,0.0
25348,21.12368539475658,0.5938759065269944,560,681,1241,0.0008058017727639033,0.0008333472224535399,0.5940370668815446,8.058017727639034e-05
25349,21.124518741979035,0.5938759065269944,560,681,1241,0.0,0.0008333472224535399,0.594117647058821,8.058017727639034e-05
25350,21.12535208920149,0.5930701047542305,560,681,1241,-0.0008058017727639033,0.0008333472224535399,0.5940370668815446,-8.058017727639034e-05
25351,21.126185436423942,0.5954875100725222,560,681,1241,0.00241740531829171,0.0008333472224535399,0.5941982272360973,0.00016116035455278067
25352,21.127018783646395,0.5946817082997583,560,681,1241,-0.0008058017727639033,0.0008333472224535399,0.5941982272360973,0.0
25353,21.12785213086885,0.5938759065269944,560,681,1241,-0.0008058017727639033,0.0008333472224535399,0.5940370668815446,-0.00016116035455278067
25354,21.128685478091302,0.5938759065269944,560,681,1241,0.0,0.0008333472224535399,0.5938759065269917,-0.00016116035455278067
25355,21.129518825313756,0.5954875100725222,560,681,1241,0.0016116035455278066,0.0008333472224535399,0.5940370668815446,0.00016116035455278067
25356,21.13035217253621,0.5938759065269944,560,681,1241,-0.0016116035455278066,0.0008333472224535399,0.594117647058821,8.058017727639034e-05
25357,21.131185519758663,0.5938759065269944,560,681,1241,0.0,0.0008333472224535399,0.5941982272360974,8.058017727639034e-05
25358,21.132018866981117,0.5938759065269944,560,681,1241,0.0,0.0008333472224535399,0.5941982272360974,0.0
25359,21.13285221420357,0.5946817082997583,560,681,1241,0.0008058017727639033,0.0008333472224535399,0.5942788074133738,8.058017727639034e-05
25360,21.133685561426024,0.5946817082997583,560,681,1241,0.0,0.0008333472224535399,0.5944399677679265,0.00016116035455278067
25361,21.134518908648477,0.5938759065269944,560,681,1241,-0.0008058017727639033,0.0008333472224535399,0.5942788074133738,-0.00016116035455278067
25362,21.13535225587093,0.5930701047542305,560,681,1241,-0.0008058017727639033,0.0008333472224535399,0.594117647058821,-0.00016116035455278067
25363,21.136185603093384,0.5930701047542305,560,681,1241,0.0,0.0008333472224535399,0.5940370668815446,-8.058017727639034e-05
25364,21.137018950315838,0.5930701047542305,560,681,1241,0.0,0.0008333472224535399,0.5939564867042681,-8.058017727639034e-05
25365,21.13785229753829,0.5930701047542305,560,681,1241,0.0,0.0008333472224535399,0.5937147461724389,-0.00024174053182917098
25366,21.13868564476075,0.5930701047542305,560,681,1241,0.0,0.0008333472224570926,0.5936341659951625,-8.058017727639034e-05
25367,21.139518991983202,0.5914585012087027,560,681,1241,-0.0016116035455278066,0.0008333472224535399,0.5933924254633333,-0.00024174053182917098
25368,21.140352339205656,0.5914585012087027,560,681,1241,0.0,0.0008333472224535399,0.593150684931504,-0.00024174053182917098
25369,21.14118568642811,0.5922643029814666,560,681,1241,0.0008058017727639033,0.0008333472224535399,0.5929089443996749,-0.00024174053182917098
25370,21.142019033650563,0.5922643029814666,560,681,1241,0.0,0.0008333472224535399,0.5926672038678458,-0.00024174053182917098
25371,21.142852380873016,0.5938759065269944,560,681,1241,0.0016116035455278066,0.0008333472224535399,0.5926672038678458,0.0
25372,21.14368572809547,0.5938759065269944,560,681,1241,0.0,0.0008333472224535399,0.5927477840451222,8.058017727639034e-05
25373,21.144519075317923,0.5946817082997583,560,681,1241,0.0008058017727639033,0.0008333472224535399,0.592908944399675,0.00016116035455278067
25374,21.145352422540377,0.5946817082997583,560,681,1241,0.0,0.0008333472224535399,0.5930701047542277,0.00016116035455278067
25375,21.14618576976283,0.5946817082997583,560,681,1241,0.0,0.0008333472224535399,0.5932312651087805,0.00016116035455278067
25376,21.147019116985284,0.5938759065269944,560,681,1241,-0.0008058017727639033,0.0008333472224535399,0.593311845286057,8.058017727639034e-05
25377,21.147852464207737,0.5946817082997583,560,681,1241,0.0008058017727639033,0.0008333472224535399,0.5936341659951625,0.00032232070910556134
25378,21.14868581143019,0.5938759065269944,560,681,1241,-0.0008058017727639033,0.0008333472224535399,0.5938759065269917,0.00024174053182917098
25379,21.149519158652645,0.5930701047542305,560,681,1241,-0.0008058017727639033,0.0008333472224535399,0.5939564867042681,8.058017727639034e-05
25380,21.150352505875098,0.5938759065269944,560,681,1241,0.0008058017727639033,0.0008333472224535399,0.5941176470588209,0.00016116035455278067
25381,21.15118585309755,0.5930701047542305,560,681,1241,-0.0008058017727639033,0.0008333472224535399,0.5940370668815445,-8.058017727639034e-05
25382,21.152019200320005,0.5938759065269944,560,681,1241,0.0008058017727639033,0.0008333472224535399,0.5940370668815445,0.0
25383,21.15285254754246,0.5954875100725222,560,681,1241,0.0016116035455278066,0.0008333472224535399,0.5941176470588209,8.058017727639034e-05
25384,21.153685894764912,0.5954875100725222,560,681,1241,0.0,0.0008333472224535399,0.5941982272360973,8.058017727639034e-05
25385,21.154519241987366,0.5946817082997583,560,681,1241,-0.0008058017727639033,0.0008333472224535399,0.5941982272360973,0.0
25386,21.15535258920982,0.5954875100725222,560,681,1241,0.0008058017727639033,0.0008333472224535399,0.5943593875906501,0.00016116035455278067
25387,21.156185936432276,0.5946817082997583,560,681,1241,-0.0008058017727639033,0.0008333472224570926,0.5943593875906501,0.0
25388,21.15701928365473,0.5946817082997583,560,681,1241,0.0,0.0008333472224535399,0.5944399677679264,8.058017727639034e-05
25389,21.157852630877183,0.5954875100725222,560,681,1241,0.0008058017727639033,0.0008333472224535399,0.5946817082997556,0.00024174053182917098
25390,21.158685978099637,0.5946817082997583,560,681,1241,-0.0008058017727639033,0.0008333472224535399,0.594762288477032,8.058017727639034e-05
25391,21.15951932532209,0.5946817082997583,560,681,1241,0.0,0.0008333472224535399,0.5949234488315848,0.00016116035455278067
25392,21.160352672544544,0.5938759065269944,560,681,1241,-0.0008058017727639033,0.0008333472224535399,0.5949234488315848,0.0
25393,21.161186019766998,0.5938759065269944,560,681,1241,0.0,0.0008333472224535399,0.594762288477032,-0.00016116035455278067
25394,21.16201936698945,0.5938759065269944,560,681,1241,0.0,0.0008333472224535399,0.5946011281224792,-0.00016116035455278067
25395,21.162852714211905,0.5938759065269944,560,681,1241,0.0,0.0008333472224535399,0.5945205479452029,-8.058017727639034e-05
25396,21.16368606143436,0.5938759065269944,560,681,1241,0.0,0.0008333472224535399,0.5943593875906501,-0.00016116035455278067
25397,21.164519408656812,0.5938759065269944,560,681,1241,0.0,0.0008333472224535399,0.5942788074133738,-8.058017727639034e-05
25398,21.165352755879265,0.5938759065269944,560,681,1241,0.0,0.0008333472224535399,0.5941982272360974,-8.058017727639034e-05
25399,21.16618610310172,0.5922643029814666,560,681,1241,-0.0016116035455278066,0.0008333472224535399,0.5938759065269918,-0.00032232070910556134
25400,21.167019450324172,0.5922643029814666,560,681,1241,0.0,0.0008333472224535399,0.5936341659951627,-0.00024174053182917098
25401,21.167852797546626,0.5914585012087027,560,681,1241,-0.0008058017727639033,0.0008333472224535399,0.5933118452860572,-0.00032232070910556134
25402,21.16868614476908,0.5914585012087027,560,681,1241,0.0,0.0008333472224535399,0.593070104754228,-0.00024174053182917098
25403,21.169519491991533,0.5914585012087027,560,681,1241,0.0,0.0008333472224535399,0.5928283642223987,-0.00024174053182917098
25404,21.170352839213987,0.5914585012087027,560,681,1241,0.0,0.0008333472224535399,0.5925866236905695,-0.00024174053182917098
25405,21.17118618643644,0.5906526994359388,560,681,1241,-0.0008058017727639033,0.0008333472224535399,0.5922643029814639,-0.00032232070910556134
25406,21.172019533658894,0.5906526994359388,560,681,1241,0.0,0.0008333472224535399,0.5919419822723584,-0.00032232070910556134
25407,21.172852880881347,0.5906526994359388,560,681,1241,0.0,0.0008333472224535399,0.5916196615632529,-0.00032232070910556134
25408,21.173686228103804,0.5914585012087027,560,681,1241,0.0008058017727639033,0.0008333472224570926,0.5913779210314236,-0.00024174053182917098
25409,21.174519575326258,0.5914585012087027,560,681,1241,0.0,0.0008333472224535399,0.5912973408541472,-8.058017727639034e-05
25410,21.17535292254871,0.5914585012087027,560,681,1241,0.0,0.0008333472224535399,0.5912167606768708,-8.058017727639034e-05
25411,21.176186269771165,0.5922643029814666,560,681,1241,0.0008058017727639033,0.0008333472224535399,0.5912973408541472,8.058017727639034e-05
25412,21.17701961699362,0.5922643029814666,560,681,1241,0.0,0.0008333472224535399,0.5913779210314236,8.058017727639034e-05
25413,21.177852964216072,0.5930701047542305,560,681,1241,0.0008058017727639033,0.0008333472224535399,0.5915390813859764,0.00016116035455278067
25414,21.178686311438526,0.5930701047542305,560,681,1241,0.0,0.0008333472224535399,0.5917002417405292,0.00016116035455278067
25415,21.17951965866098,0.5922643029814666,560,681,1241,-0.0008058017727639033,0.0008333472224535399,0.591861402095082,0.00016116035455278067
25416,21.180353005883433,0.5922643029814666,560,681,1241,0.0,0.0008333472224535399,0.5920225624496347,0.00016116035455278067
25417,21.181186353105886,0.5930701047542305,560,681,1241,0.0008058017727639033,0.0008333472224535399,0.5922643029814638,0.00024174053182917098
25418,21.18201970032834,0.5914585012087027,560,681,1241,-0.0016116035455278066,0.0008333472224535399,0.5922643029814638,0.0
25419,21.182853047550793,0.5914585012087027,560,681,1241,0.0,0.0008333472224535399,0.5922643029814638,0.0
25420,21.183686394773247,0.5914585012087027,560,681,1241,0.0,0.0008333472224535399,0.5922643029814638,0.0
25421,21.1845197419957,0.5914585012087027,560,681,1241,0.0,0.0008333472224535399,0.5921837228041874,-8.058017727639034e-05
25422,21.185353089218154,0.5914585012087027,560,681,1241,0.0,0.0008333472224535399,0.592103142626911,-8.058017727639034e-05
25423,21.186186436440607,0.5914585012087027,560,681,1241,0.0,0.0008333472224535399,0.5919419822723582,-0.00016116035455278067
25424,21.18701978366306,0.5922643029814666,560,681,1241,0.0008058017727639033,0.0008333472224535399,0.5918614020950819,-8.058017727639034e-05
25425,21.187853130885514,0.5922643029814666,560,681,1241,0.0,0.0008333472224535399,0.5918614020950819,0.0
25426,21.188686478107968,0.5930701047542305,560,681,1241,0.0008058017727639033,0.0008333472224535399,0.5919419822723582,8.058017727639034e-05
25427,21.18951982533042,0.5938759065269944,560,681,1241,0.0008058017727639033,0.0008333472224535399,0.5920225624496347,8.058017727639034e-05
25428,21.190353172552875,0.5938759065269944,560,681,1241,0.0,0.0008333472224535399,0.5922643029814638,0.00024174053182917098
25429,21.191186519775332,0.5946817082997583,560,681,1241,0.0008058017727639033,0.0008333472224570926,0.5925866236905695,0.00032232070910556134
25430,21.192019866997786,0.5946817082997583,560,681,1241,0.0,0.0008333472224535399,0.592908944399675,0.00032232070910556134
25431,21.19285321422024,0.5946817082997583,560,681,1241,0.0,0.0008333472224535399,0.5932312651087805,0.00032232070910556134
25432,21.193686561442693,0.5938759065269944,560,681,1241,-0.0008058017727639033,0.0008333472224535399,0.5934730056406098,0.00024174053182917098
25433,21.194519908665146,0.5938759065269944,560,681,1241,0.0,0.0008333472224535399,0.593714746172439,0.00024174053182917098
25434,21.1953532558876,0.5930701047542305,560,681,1241,-0.0008058017727639033,0.0008333472224535399,0.5937953263497153,8.058017727639034e-05
25435,21.196186603110053,0.5930701047542305,560,681,1241,0.0,0.0008333472224535399,0.5938759065269916,8.058017727639034e-05
25436,21.197019950332507,0.5930701047542305,560,681,1241,0.0,0.0008333472224535399,0.5938759065269916,0.0
25437,21.19785329755496,0.5922643029814666,560,681,1241,-0.0008058017727639033,0.0008333472224535399,0.5937147461724389,-0.00016116035455278067
25438,21.198686644777414,0.5922643029814666,560,681,1241,0.0,0.0008333472224535399,0.5935535858178861,-0.00016116035455278067
25439,21.199519991999868,0.5914585012087027,560,681,1241,-0.0008058017727639033,0.0008333472224535399,0.5932312651087805,-0.00032232070910556134
25440,21.20035333922232,0.5914585012087027,560,681,1241,0.0,0.0008333472224535399,0.592908944399675,-0.00032232070910556134
25441,21.201186686444775,0.5914585012087027,560,681,1241,0.0,0.0008333472224535399,0.5925866236905695,-0.00032232070910556134
25442,21.202020033667228,0.5906526994359388,560,681,1241,-0.0008058017727639033,0.0008333472224535399,0.5922643029814638,-0.00032232070910556134
25443,21.20285338088968,0.5906526994359388,560,681,1241,0.0,0.0008333472224535399,0.5919419822723583,-0.00032232070910556134
25444,21.203686728112135,0.5906526994359388,560,681,1241,0.0,0.0008333472224535399,0.5917002417405292,-0.00024174053182917098
25445,21.20452007533459,0.5906526994359388,560,681,1241,0.0,0.0008333472224535399,0.5914585012087,-0.00024174053182917098
25446,21.205353422557042,0.5898468976631749,560,681,1241,-0.0008058017727639033,0.0008333472224535399,0.5911361804995945,-0.00032232070910556134
25447,21.206186769779496,0.5898468976631749,560,681,1241,0.0,0.0008333472224535399,0.5908944399677653,-0.00024174053182917098
25448,21.20702011700195,0.5906526994359388,560,681,1241,0.0008058017727639033,0.0008333472224535399,0.5907332796132125,-0.00016116035455278067
25449,21.207853464224403,0.5906526994359388,560,681,1241,0.0,0.0008333472224535399,0.5906526994359361,-8.058017727639034e-05
25450,21.20868681144686,0.5906526994359388,560,681,1241,0.0,0.0008333472224570926,0.5905721192586598,-8.058017727639034e-05
25451,21.209520158669314,0.5906526994359388,560,681,1241,0.0,0.0008333472224535399,0.5904915390813834,-8.058017727639034e-05
25452,21.210353505891767,0.5906526994359388,560,681,1241,0.0,0.0008333472224535399,0.5904915390813834,0.0
25453,21.21118685311422,0.5898468976631749,560,681,1241,-0.0008058017727639033,0.0008333472224535399,0.590410958904107,-8.058017727639034e-05
25454,21.212020200336674,0.5906526994359388,560,681,1241,0.0008058017727639033,0.0008333472224535399,0.590410958904107,0.0
25455,21.212853547559128,0.5914585012087027,560,681,1241,0.0008058017727639033,0.0008333472224535399,0.5904915390813834,8.058017727639034e-05
25456,21.21368689478158,0.5906526994359388,560,681,1241,-0.0008058017727639033,0.0008333472224535399,0.5905721192586598,8.058017727639034e-05
25457,21.214520242004035,0.5914585012087027,560,681,1241,0.0008058017727639033,0.0008333472224535399,0.5907332796132125,0.00016116035455278067
25458,21.21535358922649,0.5914585012087027,560,681,1241,0.0,0.0008333472224535399,0.590813859790489,8.058017727639034e-05
25459,21.216186936448942,0.5914585012087027,560,681,1241,0.0,0.0008333472224535399,0.5908944399677653,8.058017727639034e-05
25460,21.217020283671395,0.5906526994359388,560,681,1241,-0.0008058017727639033,0.0008333472224535399,0.5908944399677653,0.0
25461,21.21785363089385,0.5914585012087027,560,681,1241,0.0008058017727639033,0.0008333472224535399,0.5909750201450417,8.058017727639034e-05
25462,21.218686978116303,0.5922643029814666,560,681,1241,0.0008058017727639033,0.0008333472224535399,0.5911361804995944,0.00016116035455278067
25463,21.219520325338756,0.5930701047542305,560,681,1241,0.0008058017727639033,0.0008333472224535399,0.5914585012086999,0.00032232070910556134
25464,21.22035367256121,0.5922643029814666,560,681,1241,-0.0008058017727639033,0.0008333472224535399,0.5916196615632527,0.00016116035455278067
25465,21.221187019783663,0.5906526994359388,560,681,1241,-0.0016116035455278066,0.0008333472224535399,0.5915390813859764,-8.058017727639034e-05
25466,21.222020367006117,0.589041095890411,560,681,1241,-0.0016116035455278066,0.0008333472224535399,0.5913779210314236,-0.00016116035455278067
25467,21.22285371422857,0.5882352941176471,560,681,1241,-0.0008058017727639033,0.0008333472224535399,0.5910556003223181,-0.00032232070910556134
25468,21.223687061451024,0.589041095890411,560,681,1241,0.0008058017727639033,0.0008333472224535399,0.590813859790489,-0.00024174053182917098
25469,21.224520408673477,0.589041095890411,560,681,1241,0.0,0.0008333472224535399,0.5905721192586598,-0.00024174053182917098
25470,21.22535375589593,0.589041095890411,560,681,1241,0.0,0.0008333472224535399,0.590410958904107,-0.00016116035455278067
25471,21.226187103118388,0.589041095890411,560,681,1241,0.0,0.0008333472224570926,0.5901692183722779,-0.00024174053182917098
25472,21.22702045034084,0.589041095890411,560,681,1241,0.0,0.0008333472224535399,0.5898468976631723,-0.00032232070910556134
25473,21.227853797563295,0.589041095890411,560,681,1241,0.0,0.0008333472224535399,0.5894439967767904,-0.00040290088638195165
25474,21.22868714478575,0.5898468976631749,560,681,1241,0.0008058017727639033,0.0008333472224535399,0.5892022562449613,-0.00024174053182917098
25475,21.229520492008202,0.5898468976631749,560,681,1241,0.0,0.0008333472224535399,0.5891216760676847,-8.058017727639034e-05
25476,21.230353839230656,0.5914585012087027,560,681,1241,0.0016116035455278066,0.0008333472224535399,0.5893634165995139,0.00024174053182917098
25477,21.23118718645311,0.5922643029814666,560,681,1241,0.0008058017727639033,0.0008333472224535399,0.5897663174858959,0.00040290088638195165
25478,21.232020533675563,0.5922643029814666,560,681,1241,0.0,0.0008333472224535399,0.5900886381950015,0.00032232070910556134
25479,21.232853880898016,0.5922643029814666,560,681,1241,0.0,0.0008333472224535399,0.590410958904107,0.00032232070910556134
25480,21.23368722812047,0.5922643029814666,560,681,1241,0.0,0.0008333472224535399,0.5907332796132125,0.00032232070910556134
25481,21.234520575342923,0.5922643029814666,560,681,1241,0.0,0.0008333472224535399,0.5910556003223182,0.00032232070910556134
25482,21.235353922565377,0.5914585012087027,560,681,1241,-0.0008058017727639033,0.0008333472224535399,0.5912973408541473,0.00024174053182917098
25483,21.23618726978783,0.5914585012087027,560,681,1241,0.0,0.0008333472224535399,0.5915390813859764,0.00024174053182917098
25484,21.237020617010284,0.5914585012087027,560,681,1241,0.0,0.0008333472224535399,0.5917002417405292,0.00016116035455278067
25485,21.237853964232738,0.5906526994359388,560,681,1241,-0.0008058017727639033,0.0008333472224535399,0.5917808219178056,8.058017727639034e-05
25486,21.23868731145519,0.5906526994359388,560,681,1241,0.0,0.0008333472224535399,0.5917002417405293,-8.058017727639034e-05
25487,21.239520658677645,0.5930701047542305,560,681,1241,0.00241740531829171,0.0008333472224535399,0.5917808219178056,8.058017727639034e-05
25488,21.240354005900098,0.5930701047542305,560,681,1241,0.0,0.0008333472224535399,0.591861402095082,8.058017727639034e-05
25489,21.24118735312255,0.5922643029814666,560,681,1241,-0.0008058017727639033,0.0008333472224535399,0.591861402095082,0.0
25490,21.242020700345005,0.5922643029814666,560,681,1241,0.0,0.0008333472224535399,0.591861402095082,0.0
25491,21.24285404756746,0.5922643029814666,560,681,1241,0.0,0.0008333472224535399,0.591861402095082,0.0
25492,21.243687394789912,0.5930701047542305,560,681,1241,0.0008058017727639033,0.0008333472224535399,0.5920225624496347,0.00016116035455278067
25493,21.24452074201237,0.5930701047542305,560,681,1241,0.0,0.0008333472224570926,0.5921837228041875,0.00016116035455278067
25494,21.245354089234823,0.5930701047542305,560,681,1241,0.0,0.0008333472224535399,0.5923448831587403,0.00016116035455278067
25495,21.246187436457276,0.5930701047542305,560,681,1241,0.0,0.0008333472224535399,0.5925866236905695,0.00024174053182917098
25496,21.24702078367973,0.5938759065269944,560,681,1241,0.0008058017727639033,0.0008333472224535399,0.592908944399675,0.00032232070910556134
25497,21.247854130902184,0.5930701047542305,560,681,1241,-0.0008058017727639033,0.0008333472224535399,0.592908944399675,0.0
25498,21.248687478124637,0.5930701047542305,560,681,1241,0.0,0.0008333472224535399,0.592908944399675,0.0
25499,21.24952082534709,0.5930701047542305,560,681,1241,0.0,0.0008333472224535399,0.5929895245769513,8.058017727639034e-05
25500,21.250354172569544,0.5930701047542305,560,681,1241,0.0,0.0008333472224535399,0.5930701047542277,8.058017727639034e-05
25501,21.251187519791998,0.5922643029814666,560,681,1241,-0.0008058017727639033,0.0008333472224535399,0.5930701047542277,0.0
25502,21.25202086701445,0.5930701047542305,560,681,1241,0.0008058017727639033,0.0008333472224535399,0.5930701047542277,0.0
25503,21.252854214236905,0.5930701047542305,560,681,1241,0.0,0.0008333472224535399,0.5930701047542277,0.0
25504,21.25368756145936,0.5938759065269944,560,681,1241,0.0008058017727639033,0.0008333472224535399,0.5931506849315041,8.058017727639034e-05
25505,21.254520908681812,0.5938759065269944,560,681,1241,0.0,0.0008333472224535399,0.5932312651087805,8.058017727639034e-05
25506,21.255354255904265,0.5938759065269944,560,681,1241,0.0,0.0008333472224535399,0.5932312651087805,0.0
25507,21.25618760312672,0.5938759065269944,560,681,1241,0.0,0.0008333472224535399,0.593311845286057,8.058017727639034e-05
25508,21.257020950349172,0.5938759065269944,560,681,1241,0.0,0.0008333472224535399,0.5933924254633334,8.058017727639034e-05
25509,21.257854297571626,0.5946817082997583,560,681,1241,0.0008058017727639033,0.0008333472224535399,0.5935535858178862,0.00016116035455278067
25510,21.25868764479408,0.5954875100725222,560,681,1241,0.0008058017727639033,0.0008333472224535399,0.5937953263497154,0.00024174053182917098
25511,21.259520992016533,0.5954875100725222,560,681,1241,0.0,0.0008333472224535399,0.594117647058821,0.00032232070910556134
25512,21.260354339238987,0.5954875100725222,560,681,1241,0.0,0.0008333472224535399,0.5943593875906502,0.00024174053182917098
25513,21.26118768646144,0.5954875100725222,560,681,1241,0.0,0.0008333472224535399,0.5946011281224794,0.00024174053182917098
25514,21.262021033683897,0.5946817082997583,560,681,1241,-0.0008058017727639033,0.0008333472224570926,0.5946817082997558,8.058017727639034e-05
25515,21.26285438090635,0.5946817082997583,560,681,1241,0.0,0.0008333472224535399,0.594762288477032,8.058017727639034e-05
25516,21.263687728128804,0.5946817082997583,560,681,1241,0.0,0.0008333472224535399,0.5948428686543085,8.058017727639034e-05
25517,21.264521075351258,0.5946817082997583,560,681,1241,0.0,0.0008333472224535399,0.5949234488315848,8.058017727639034e-05
25518,21.26535442257371,0.5954875100725222,560,681,1241,0.0008058017727639033,0.0008333472224535399,0.5950846091861376,0.00016116035455278067
25519,21.266187769796165,0.5954875100725222,560,681,1241,0.0,0.0008333472224535399,0.595165189363414,8.058017727639034e-05
25520,21.26702111701862,0.5954875100725222,560,681,1241,0.0,0.0008333472224535399,0.595165189363414,0.0
25521,21.267854464241072,0.5946817082997583,560,681,1241,-0.0008058017727639033,0.0008333472224535399,0.5950846091861376,-8.058017727639034e-05
25522,21.268687811463526,0.5938759065269944,560,681,1241,-0.0008058017727639033,0.0008333472224535399,0.5949234488315848,-0.00016116035455278067
25523,21.26952115868598,0.5930701047542305,560,681,1241,-0.0008058017727639033,0.0008333472224535399,0.5946817082997555,-0.00024174053182917098
25524,21.270354505908433,0.5930701047542305,560,681,1241,0.0,0.0008333472224535399,0.5945205479452028,-0.00016116035455278067
25525,21.271187853130886,0.5946817082997583,560,681,1241,0.0016116035455278066,0.0008333472224535399,0.5945205479452028,0.0
25526,21.27202120035334,0.5930701047542305,560,681,1241,-0.0016116035455278066,0.0008333472224535399,0.59435938759065,-0.00016116035455278067
25527,21.272854547575793,0.5930701047542305,560,681,1241,0.0,0.0008333472224535399,0.5941982272360973,-0.00016116035455278067
25528,21.273687894798247,0.5930701047542305,560,681,1241,0.0,0.0008333472224535399,0.593956486704268,-0.00024174053182917098
25529,21.2745212420207,0.5922643029814666,560,681,1241,-0.0008058017727639033,0.0008333472224535399,0.5936341659951625,-0.00032232070910556134
25530,21.275354589243154,0.5930701047542305,560,681,1241,0.0008058017727639033,0.0008333472224535399,0.5933924254633333,-0.00024174053182917098
25531,21.276187936465607,0.5922643029814666,560,681,1241,-0.0008058017727639033,0.0008333472224535399,0.5931506849315041,-0.00024174053182917098
25532,21.27702128368806,0.5922643029814666,560,681,1241,0.0,0.0008333472224535399,0.5929895245769513,-0.00016116035455278067
25533,21.277854630910515,0.5922643029814666,560,681,1241,0.0,0.0008333472224535399,0.592908944399675,-8.058017727639034e-05
25534,21.278687978132968,0.5930701047542305,560,681,1241,0.0008058017727639033,0.0008333472224535399,0.592908944399675,0.0
25535,21.279521325355425,0.5930701047542305,560,681,1241,0.0,0.0008333472224570926,0.5927477840451222,-0.00016116035455278067
25536,21.28035467257788,0.5930701047542305,560,681,1241,0.0,0.0008333472224535399,0.5927477840451222,0.0
25537,21.281188019800332,0.5922643029814666,560,681,1241,-0.0008058017727639033,0.0008333472224535399,0.5926672038678459,-8.058017727639034e-05
25538,21.282021367022786,0.5914585012087027,560,681,1241,-0.0008058017727639033,0.0008333472224535399,0.5925060435132931,-0.00016116035455278067
25539,21.28285471424524,0.5914585012087027,560,681,1241,0.0,0.0008333472224535399,0.5924254633360166,-8.058017727639034e-05
25540,21.283688061467693,0.5906526994359388,560,681,1241,-0.0008058017727639033,0.0008333472224535399,0.5921837228041875,-0.00024174053182917098
25541,21.284521408690146,0.5906526994359388,560,681,1241,0.0,0.0008333472224535399,0.5920225624496347,-0.00016116035455278067
25542,21.2853547559126,0.5906526994359388,560,681,1241,0.0,0.0008333472224535399,0.591861402095082,-0.00016116035455278067
25543,21.286188103135053,0.5898468976631749,560,681,1241,-0.0008058017727639033,0.0008333472224535399,0.5916196615632527,-0.00024174053182917098
25544,21.287021450357507,0.5898468976631749,560,681,1241,0.0,0.0008333472224535399,0.5912973408541472,-0.00032232070910556134
25545,21.28785479757996,0.5898468976631749,560,681,1241,0.0,0.0008333472224535399,0.5909750201450417,-0.00032232070910556134
25546,21.288688144802414,0.5906526994359388,560,681,1241,0.0008058017727639033,0.0008333472224535399,0.5907332796132125,-0.00024174053182917098
25547,21.289521492024868,0.5906526994359388,560,681,1241,0.0,0.0008333472224535399,0.5905721192586597,-0.00016116035455278067
25548,21.29035483924732,0.5906526994359388,560,681,1241,0.0,0.0008333472224535399,0.5904915390813834,-8.058017727639034e-05
25549,21.291188186469775,0.5914585012087027,560,681,1241,0.0008058017727639033,0.0008333472224535399,0.5904915390813834,0.0
25550,21.29202153369223,0.5914585012087027,560,681,1241,0.0,0.0008333472224535399,0.5905721192586597,8.058017727639034e-05
25551,21.292854880914682,0.5914585012087027,560,681,1241,0.0,0.0008333472224535399,0.590652699435936,8.058017727639034e-05
25552,21.293688228137135,0.5914585012087027,560,681,1241,0.0,0.0008333472224535399,0.5907332796132124,8.058017727639034e-05
25553,21.29452157535959,0.5922643029814666,560,681,1241,0.0008058017727639033,0.0008333472224535399,0.5909750201450417,0.00024174053182917098
25554,21.295354922582042,0.5922643029814666,560,681,1241,0.0,0.0008333472224535399,0.5912167606768708,0.00024174053182917098
25555,21.296188269804496,0.5930701047542305,560,681,1241,0.0008058017727639033,0.0008333472224535399,0.5915390813859764,0.00032232070910556134
25556,21.297021617026953,0.5930701047542305,560,681,1241,0.0,0.0008333472224570926,0.5917808219178056,0.00024174053182917098
25557,21.297854964249407,0.5930701047542305,560,681,1241,0.0,0.0008333472224535399,0.5920225624496347,0.00024174053182917098
25558,21.29868831147186,0.5922643029814666,560,681,1241,-0.0008058017727639033,0.0008333472224535399,0.5921837228041874,0.00016116035455278067
25559,21.299521658694314,0.5922643029814666,560,681,1241,0.0,0.0008333472224535399,0.5922643029814638,8.058017727639034e-05
25560,21.300355005916767,0.5922643029814666,560,681,1241,0.0,0.0008333472224535399,0.5923448831587403,8.058017727639034e-05
25561,21.30118835313922,0.5930701047542305,560,681,1241,0.0008058017727639033,0.0008333472224535399,0.5925060435132931,0.00016116035455278067
25562,21.302021700361674,0.5922643029814666,560,681,1241,-0.0008058017727639033,0.0008333472224535399,0.5925866236905695,8.058017727639034e-05
25563,21.302855047584128,0.5914585012087027,560,681,1241,-0.0008058017727639033,0.0008333472224535399,0.5925060435132931,-8.058017727639034e-05
25564,21.30368839480658,0.5906526994359388,560,681,1241,-0.0008058017727639033,0.0008333472224535399,0.5923448831587403,-0.00016116035455278067
25565,21.304521742029035,0.5906526994359388,560,681,1241,0.0,0.0008333472224535399,0.5921031426269112,-0.00024174053182917098
25566,21.30535508925149,0.5906526994359388,560,681,1241,0.0,0.0008333472224535399,0.5918614020950821,-0.00024174053182917098
25567,21.306188436473942,0.5906526994359388,560,681,1241,0.0,0.0008333472224535399,0.591619661563253,-0.00024174053182917098
25568,21.307021783696396,0.5906526994359388,560,681,1241,0.0,0.0008333472224535399,0.5914585012087001,-0.00016116035455278067
25569,21.30785513091885,0.5906526994359388,560,681,1241,0.0,0.0008333472224535399,0.5912973408541473,-0.00016116035455278067
25570,21.308688478141303,0.5906526994359388,560,681,1241,0.0,0.0008333472224535399,0.5911361804995946,-0.00016116035455278067
25571,21.309521825363756,0.5914585012087027,560,681,1241,0.0008058017727639033,0.0008333472224535399,0.5909750201450418,-0.00016116035455278067
25572,21.31035517258621,0.5914585012087027,560,681,1241,0.0,0.0008333472224535399,0.5908944399677654,-8.058017727639034e-05
25573,21.311188519808663,0.5914585012087027,560,681,1241,0.0,0.0008333472224535399,0.5908944399677654,0.0
25574,21.312021867031117,0.5914585012087027,560,681,1241,0.0,0.0008333472224535399,0.5909750201450417,8.058017727639034e-05
25575,21.31285521425357,0.5914585012087027,560,681,1241,0.0,0.0008333472224535399,0.5910556003223181,8.058017727639034e-05
25576,21.313688561476024,0.5914585012087027,560,681,1241,0.0,0.0008333472224535399,0.5911361804995944,8.058017727639034e-05
25577,21.31452190869848,0.5914585012087027,560,681,1241,0.0,0.0008333472224570926,0.5912167606768708,8.058017727639034e-05
25578,21.315355255920934,0.5914585012087027,560,681,1241,0.0,0.0008333472224535399,0.5912973408541471,8.058017727639034e-05
25579,21.316188603143388,0.5922643029814666,560,681,1241,0.0008058017727639033,0.0008333472224535399,0.5914585012086999,0.00016116035455278067
25580,21.31702195036584,0.5914585012087027,560,681,1241,-0.0008058017727639033,0.0008333472224535399,0.5915390813859762,8.058017727639034e-05
25581,21.317855297588295,0.5914585012087027,560,681,1241,0.0,0.0008333472224535399,0.5915390813859762,0.0
25582,21.31868864481075,0.5922643029814666,560,681,1241,0.0008058017727639033,0.0008333472224535399,0.5916196615632526,8.058017727639034e-05
25583,21.319521992033202,0.5922643029814666,560,681,1241,0.0,0.0008333472224535399,0.591700241740529,8.058017727639034e-05
25584,21.320355339255656,0.5922643029814666,560,681,1241,0.0,0.0008333472224535399,0.5917808219178056,8.058017727639034e-05
25585,21.32118868647811,0.5930701047542305,560,681,1241,0.0008058017727639033,0.0008333472224535399,0.5919419822723583,0.00016116035455278067
25586,21.322022033700563,0.5930701047542305,560,681,1241,0.0,0.0008333472224535399,0.5921031426269111,0.00016116035455278067
25587,21.322855380923016,0.5930701047542305,560,681,1241,0.0,0.0008333472224535399,0.5922643029814638,0.00016116035455278067
25588,21.32368872814547,0.5930701047542305,560,681,1241,0.0,0.0008333472224535399,0.5924254633360166,0.00016116035455278067
25589,21.324522075367923,0.5938759065269944,560,681,1241,0.0008058017727639033,0.0008333472224535399,0.5925866236905695,0.00016116035455278067
25590,21.325355422590377,0.5946817082997583,560,681,1241,0.0008058017727639033,0.0008333472224535399,0.592908944399675,0.00032232070910556134
25591,21.32618876981283,0.5946817082997583,560,681,1241,0.0,0.0008333472224535399,0.5932312651087805,0.00032232070910556134
25592,21.327022117035284,0.5938759065269944,560,681,1241,-0.0008058017727639033,0.0008333472224535399,0.5933924254633334,0.00016116035455278067
25593,21.327855464257738,0.5930701047542305,560,681,1241,-0.0008058017727639033,0.0008333472224535399,0.5934730056406097,8.058017727639034e-05
25594,21.32868881148019,0.5922643029814666,560,681,1241,-0.0008058017727639033,0.0008333472224535399,0.5934730056406097,0.0
25595,21.329522158702645,0.5922643029814666,560,681,1241,0.0,0.0008333472224535399,0.5933924254633334,-8.058017727639034e-05
25596,21.330355505925098,0.5922643029814666,560,681,1241,0.0,0.0008333472224535399,0.593311845286057,-8.058017727639034e-05
25597,21.33118885314755,0.5922643029814666,560,681,1241,0.0,0.0008333472224535399,0.5932312651087807,-8.058017727639034e-05
25598,21.332022200370005,0.5914585012087027,560,681,1241,-0.0008058017727639033,0.0008333472224535399,0.5930701047542278,-0.00016116035455278067
25599,21.332855547592462,0.5914585012087027,560,681,1241,0.0,0.0008333472224570926,0.5928283642223986,-0.00024174053182917098
25600,21.333688894814916,0.5914585012087027,560,681,1241,0.0,0.0008333472224535399,0.5925060435132931,-0.00032232070910556134
25601,21.33452224203737,0.5914585012087027,560,681,1241,0.0,0.0008333472224535399,0.5921837228041875,-0.00032232070910556134
25602,21.335355589259823,0.5922643029814666,560,681,1241,0.0008058017727639033,0.0008333472224535399,0.5920225624496347,-0.00016116035455278067
25603,21.336188936482277,0.5914585012087027,560,681,1241,-0.0008058017727639033,0.0008333472224535399,0.591861402095082,-0.00016116035455278067
25604,21.33702228370473,0.5906526994359388,560,681,1241,-0.0008058017727639033,0.0008333472224535399,0.5917002417405292,-0.00016116035455278067
25605,21.337855630927184,0.5906526994359388,560,681,1241,0.0,0.0008333472224535399,0.5915390813859764,-0.00016116035455278067
25606,21.338688978149637,0.5906526994359388,560,681,1241,0.0,0.0008333472224535399,0.5913779210314236,-0.00016116035455278067
25607,21.33952232537209,0.5914585012087027,560,681,1241,0.0008058017727639033,0.0008333472224535399,0.5912973408541472,-8.058017727639034e-05
25608,21.340355672594544,0.5914585012087027,560,681,1241,0.0,0.0008333472224535399,0.5912973408541472,0.0
25609,21.341189019816998,0.5914585012087027,560,681,1241,0.0,0.0008333472224535399,0.5912973408541472,0.0
25610,21.34202236703945,0.5914585012087027,560,681,1241,0.0,0.0008333472224535399,0.5912973408541472,0.0
25611,21.342855714261905,0.5914585012087027,560,681,1241,0.0,0.0008333472224535399,0.5912973408541472,0.0
25612,21.34368906148436,0.5922643029814666,560,681,1241,0.0008058017727639033,0.0008333472224535399,0.5912973408541472,0.0
25613,21.344522408706812,0.5930701047542305,560,681,1241,0.0008058017727639033,0.0008333472224535399,0.5914585012086999,0.00016116035455278067
25614,21.345355755929265,0.5930701047542305,560,681,1241,0.0,0.0008333472224535399,0.591700241740529,0.00024174053182917098
25615,21.34618910315172,0.5930701047542305,560,681,1241,0.0,0.0008333472224535399,0.5919419822723582,0.00024174053182917098
25616,21.347022450374173,0.5930701047542305,560,681,1241,0.0,0.0008333472224535399,0.5921837228041873,0.00024174053182917098
25617,21.347855797596626,0.5930701047542305,560,681,1241,0.0,0.0008333472224535399,0.5923448831587401,0.00016116035455278067
25618,21.34868914481908,0.5930701047542305,560,681,1241,0.0,0.0008333472224535399,0.592506043513293,0.00016116035455278067
25619,21.349522492041533,0.5930701047542305,560,681,1241,0.0,0.0008333472224535399,0.5926672038678457,0.00016116035455278067
25620,21.35035583926399,0.5938759065269944,560,681,1241,0.0008058017727639033,0.0008333472224570926,0.5929089443996749,0.00024174053182917098
25621,21.351189186486444,0.5930701047542305,560,681,1241,-0.0008058017727639033,0.0008333472224535399,0.5930701047542277,0.00016116035455278067
25622,21.352022533708897,0.5930701047542305,560,681,1241,0.0,0.0008333472224535399,0.593150684931504,8.058017727639034e-05
25623,21.35285588093135,0.5930701047542305,560,681,1241,0.0,0.0008333472224535399,0.593150684931504,0.0
25624,21.353689228153804,0.5930701047542305,560,681,1241,0.0,0.0008333472224535399,0.593150684931504,0.0
25625,21.354522575376258,0.5930701047542305,560,681,1241,0.0,0.0008333472224535399,0.593150684931504,0.0
25626,21.35535592259871,0.5930701047542305,560,681,1241,0.0,0.0008333472224535399,0.593150684931504,0.0
25627,21.356189269821165,0.5930701047542305,560,681,1241,0.0,0.0008333472224535399,0.593150684931504,0.0
25628,21.35702261704362,0.5930701047542305,560,681,1241,0.0,0.0008333472224535399,0.593150684931504,0.0
25629,21.357855964266072,0.5930701047542305,560,681,1241,0.0,0.0008333472224535399,0.593150684931504,0.0
25630,21.358689311488526,0.5930701047542305,560,681,1241,0.0,0.0008333472224535399,0.5930701047542276,-8.058017727639034e-05
25631,21.35952265871098,0.5938759065269944,560,681,1241,0.0008058017727639033,0.0008333472224535399,0.593150684931504,8.058017727639034e-05
25632,21.360356005933433,0.5930701047542305,560,681,1241,-0.0008058017727639033,0.0008333472224535399,0.593150684931504,0.0
25633,21.361189353155886,0.5930701047542305,560,681,1241,0.0,0.0008333472224535399,0.593150684931504,0.0
25634,21.36202270037834,0.5922643029814666,560,681,1241,-0.0008058017727639033,0.0008333472224535399,0.5930701047542277,-8.058017727639034e-05
25635,21.362856047600793,0.5930701047542305,560,681,1241,0.0008058017727639033,0.0008333472224535399,0.5930701047542277,0.0
25636,21.363689394823247,0.5922643029814666,560,681,1241,-0.0008058017727639033,0.0008333472224535399,0.5929895245769513,-8.058017727639034e-05
25637,21.3645227420457,0.5922643029814666,560,681,1241,0.0,0.0008333472224535399,0.592908944399675,-8.058017727639034e-05
25638,21.365356089268154,0.5930701047542305,560,681,1241,0.0008058017727639033,0.0008333472224535399,0.592908944399675,0.0
25639,21.366189436490608,0.5930701047542305,560,681,1241,0.0,0.0008333472224535399,0.592908944399675,0.0
25640,21.36702278371306,0.5922643029814666,560,681,1241,-0.0008058017727639033,0.0008333472224535399,0.5928283642223986,-8.058017727639034e-05
25641,21.367856130935518,0.5922643029814666,560,681,1241,0.0,0.0008333472224570926,0.5926672038678459,-0.00016116035455278067
25642,21.36868947815797,0.5930701047542305,560,681,1241,0.0008058017727639033,0.0008333472224535399,0.5926672038678459,0.0
25643,21.369522825380425,0.5946817082997583,560,681,1241,0.0016116035455278066,0.0008333472224535399,0.5928283642223986,0.00016116035455278067
25644,21.37035617260288,0.5938759065269944,560,681,1241,-0.0008058017727639033,0.0008333472224535399,0.5929895245769514,0.00016116035455278067
25645,21.371189519825332,0.5938759065269944,560,681,1241,0.0,0.0008333472224535399,0.5930701047542278,8.058017727639034e-05
25646,21.372022867047786,0.5938759065269944,560,681,1241,0.0,0.0008333472224535399,0.5932312651087807,0.00016116035455278067
25647,21.37285621427024,0.5938759065269944,560,681,1241,0.0,0.0008333472224535399,0.5933924254633334,0.00016116035455278067
25648,21.373689561492693,0.5938759065269944,560,681,1241,0.0,0.0008333472224535399,0.5934730056406099,8.058017727639034e-05
25649,21.374522908715146,0.5938759065269944,560,681,1241,0.0,0.0008333472224535399,0.5935535858178863,8.058017727639034e-05
25650,21.3753562559376,0.5938759065269944,560,681,1241,0.0,0.0008333472224535399,0.593714746172439,0.00016116035455278067
25651,21.376189603160054,0.5938759065269944,560,681,1241,0.0,0.0008333472224535399,0.5938759065269918,0.00016116035455278067
25652,21.377022950382507,0.5946817082997583,560,681,1241,0.0008058017727639033,0.0008333472224535399,0.5940370668815447,0.00016116035455278067
25653,21.37785629760496,0.5930701047542305,560,681,1241,-0.0016116035455278066,0.0008333472224535399,0.5938759065269918,-0.00016116035455278067
25654,21.378689644827414,0.5922643029814666,560,681,1241,-0.0008058017727639033,0.0008333472224535399,0.593714746172439,-0.00016116035455278067
25655,21.379522992049868,0.5930701047542305,560,681,1241,0.0008058017727639033,0.0008333472224535399,0.5936341659951626,-8.058017727639034e-05
25656,21.38035633927232,0.5922643029814666,560,681,1241,-0.0008058017727639033,0.0008333472224535399,0.5934730056406099,-0.00016116035455278067
25657,21.381189686494775,0.5922643029814666,560,681,1241,0.0,0.0008333472224535399,0.5933118452860571,-0.00016116035455278067
25658,21.38202303371723,0.5930701047542305,560,681,1241,0.0008058017727639033,0.0008333472224535399,0.5932312651087807,-8.058017727639034e-05
25659,21.382856380939682,0.5930701047542305,560,681,1241,0.0,0.0008333472224535399,0.5931506849315042,-8.058017727639034e-05
25660,21.383689728162135,0.5930701047542305,560,681,1241,0.0,0.0008333472224535399,0.5930701047542277,-8.058017727639034e-05
25661,21.38452307538459,0.5930701047542305,560,681,1241,0.0,0.0008333472224535399,0.5929895245769513,-8.058017727639034e-05
25662,21.385356422607046,0.5930701047542305,560,681,1241,0.0,0.0008333472224570926,0.5928283642223986,-0.00016116035455278067
25663,21.3861897698295,0.5930701047542305,560,681,1241,0.0,0.0008333472224535399,0.5928283642223986,0.0
25664,21.387023117051953,0.5930701047542305,560,681,1241,0.0,0.0008333472224535399,0.5929089443996749,8.058017727639034e-05
25665,21.387856464274407,0.5922643029814666,560,681,1241,-0.0008058017727639033,0.0008333472224535399,0.5928283642223986,-8.058017727639034e-05
25666,21.38868981149686,0.5922643029814666,560,681,1241,0.0,0.0008333472224535399,0.5928283642223986,0.0
25667,21.389523158719314,0.5914585012087027,560,681,1241,-0.0008058017727639033,0.0008333472224535399,0.5927477840451221,-8.058017727639034e-05
25668,21.390356505941767,0.5914585012087027,560,681,1241,0.0,0.0008333472224535399,0.5925866236905694,-0.00016116035455278067
25669,21.39118985316422,0.5914585012087027,560,681,1241,0.0,0.0008333472224535399,0.5924254633360165,-0.00016116035455278067
25670,21.392023200386674,0.5906526994359388,560,681,1241,-0.0008058017727639033,0.0008333472224535399,0.5921837228041874,-0.00024174053182917098
25671,21.392856547609128,0.5906526994359388,560,681,1241,0.0,0.0008333472224535399,0.5919419822723583,-0.00024174053182917098
25672,21.39368989483158,0.5922643029814666,560,681,1241,0.0016116035455278066,0.0008333472224535399,0.591861402095082,-8.058017727639034e-05
25673,21.394523242054035,0.5922643029814666,560,681,1241,0.0,0.0008333472224535399,0.5917808219178056,-8.058017727639034e-05
25674,21.39535658927649,0.5922643029814666,560,681,1241,0.0,0.0008333472224535399,0.5917002417405293,-8.058017727639034e-05
25675,21.396189936498942,0.5922643029814666,560,681,1241,0.0,0.0008333472224535399,0.5917002417405293,0.0
25676,21.397023283721396,0.5930701047542305,560,681,1241,0.0008058017727639033,0.0008333472224535399,0.5917808219178056,8.058017727639034e-05
25677,21.39785663094385,0.5930701047542305,560,681,1241,0.0,0.0008333472224535399,0.5919419822723584,0.00016116035455278067
25678,21.398689978166303,0.5930701047542305,560,681,1241,0.0,0.0008333472224535399,0.5921031426269112,0.00016116035455278067
25679,21.399523325388756,0.5930701047542305,560,681,1241,0.0,0.0008333472224535399,0.5922643029814639,0.00016116035455278067
25680,21.40035667261121,0.5930701047542305,560,681,1241,0.0,0.0008333472224535399,0.5925060435132931,0.00024174053182917098
25681,21.401190019833663,0.5930701047542305,560,681,1241,0.0,0.0008333472224535399,0.5927477840451222,0.00024174053182917098
25682,21.402023367056117,0.5922643029814666,560,681,1241,-0.0008058017727639033,0.0008333472224535399,0.5927477840451222,0.0
25683,21.402856714278574,0.5922643029814666,560,681,1241,0.0,0.0008333472224570926,0.5927477840451222,0.0
25684,21.403690061501027,0.5922643029814666,560,681,1241,0.0,0.0008333472224535399,0.5927477840451222,0.0
25685,21.40452340872348,0.5914585012087027,560,681,1241,-0.0008058017727639033,0.0008333472224535399,0.5926672038678458,-8.058017727639034e-05
25686,21.405356755945935,0.5914585012087027,560,681,1241,0.0,0.0008333472224535399,0.592506043513293,-0.00016116035455278067
25687,21.406190103168388,0.5906526994359388,560,681,1241,-0.0008058017727639033,0.0008333472224535399,0.5922643029814638,-0.00024174053182917098
25688,21.40702345039084,0.5906526994359388,560,681,1241,0.0,0.0008333472224535399,0.5920225624496347,-0.00024174053182917098
25689,21.407856797613295,0.5914585012087027,560,681,1241,0.0008058017727639033,0.0008333472224535399,0.591861402095082,-0.00016116035455278067
25690,21.40869014483575,0.5914585012087027,560,681,1241,0.0,0.0008333472224535399,0.5917002417405292,-0.00016116035455278067
25691,21.409523492058202,0.5914585012087027,560,681,1241,0.0,0.0008333472224535399,0.5915390813859764,-0.00016116035455278067
25692,21.410356839280656,0.5914585012087027,560,681,1241,0.0,0.0008333472224535399,0.5914585012086999,-8.058017727639034e-05
25693,21.41119018650311,0.5914585012087027,560,681,1241,0.0,0.0008333472224535399,0.5913779210314235,-8.058017727639034e-05
25694,21.412023533725563,0.5914585012087027,560,681,1241,0.0,0.0008333472224535399,0.5912973408541471,-8.058017727639034e-05
25695,21.412856880948016,0.5914585012087027,560,681,1241,0.0,0.0008333472224535399,0.5912973408541471,0.0
25696,21.41369022817047,0.5914585012087027,560,681,1241,0.0,0.0008333472224535399,0.5912973408541471,0.0
25697,21.414523575392924,0.5922643029814666,560,681,1241,0.0008058017727639033,0.0008333472224535399,0.5914585012086999,0.00016116035455278067
25698,21.415356922615377,0.5914585012087027,560,681,1241,-0.0008058017727639033,0.0008333472224535399,0.5915390813859762,8.058017727639034e-05
25699,21.41619026983783,0.5930701047542305,560,681,1241,0.0016116035455278066,0.0008333472224535399,0.591700241740529,0.00016116035455278067
25700,21.417023617060284,0.5938759065269944,560,681,1241,0.0008058017727639033,0.0008333472224535399,0.5919419822723582,0.00024174053182917098
25701,21.417856964282738,0.5938759065269944,560,681,1241,0.0,0.0008333472224535399,0.5921837228041874,0.00024174053182917098
25702,21.41869031150519,0.5938759065269944,560,681,1241,0.0,0.0008333472224535399,0.5924254633360166,0.00024174053182917098
25703,21.419523658727645,0.5938759065269944,560,681,1241,0.0,0.0008333472224535399,0.5926672038678459,0.00024174053182917098
25704,21.420357005950102,0.5938759065269944,560,681,1241,0.0,0.0008333472224570926,0.5929089443996751,0.00024174053182917098
25705,21.421190353172555,0.5938759065269944,560,681,1241,0.0,0.0008333472224535399,0.5931506849315042,0.00024174053182917098
25706,21.42202370039501,0.5938759065269944,560,681,1241,0.0,0.0008333472224535399,0.5933924254633335,0.00024174053182917098
25707,21.422857047617462,0.5930701047542305,560,681,1241,-0.0008058017727639033,0.0008333472224535399,0.5934730056406099,8.058017727639034e-05
25708,21.423690394839916,0.5938759065269944,560,681,1241,0.0008058017727639033,0.0008333472224535399,0.593714746172439,0.00024174053182917098
25709,21.42452374206237,0.5930701047542305,560,681,1241,-0.0008058017727639033,0.0008333472224535399,0.593714746172439,0.0
25710,21.425357089284823,0.5930701047542305,560,681,1241,0.0,0.0008333472224535399,0.5936341659951626,-8.058017727639034e-05
25711,21.426190436507277,0.5930701047542305,560,681,1241,0.0,0.0008333472224535399,0.5935535858178862,-8.058017727639034e-05
25712,21.42702378372973,0.5930701047542305,560,681,1241,0.0,0.0008333472224535399,0.5934730056406098,-8.058017727639034e-05
25713,21.427857130952184,0.5922643029814666,560,681,1241,-0.0008058017727639033,0.0008333472224535399,0.593311845286057,-0.00016116035455278067
25714,21.428690478174637,0.5922643029814666,560,681,1241,0.0,0.0008333472224535399,0.5931506849315042,-0.00016116035455278067
25715,21.42952382539709,0.5922643029814666,560,681,1241,0.0,0.0008333472224535399,0.5929895245769514,-0.00016116035455278067
25716,21.430357172619544,0.5938759065269944,560,681,1241,0.0016116035455278066,0.0008333472224535399,0.5929895245769514,0.0
25717,21.431190519841998,0.5938759065269944,560,681,1241,0.0,0.0008333472224535399,0.5930701047542278,8.058017727639034e-05
25718,21.43202386706445,0.5930701047542305,560,681,1241,-0.0008058017727639033,0.0008333472224535399,0.5929895245769514,-8.058017727639034e-05
25719,21.432857214286905,0.5922643029814666,560,681,1241,-0.0008058017727639033,0.0008333472224535399,0.5929089443996751,-8.058017727639034e-05
25720,21.43369056150936,0.5914585012087027,560,681,1241,-0.0008058017727639033,0.0008333472224535399,0.5927477840451223,-0.00016116035455278067
25721,21.434523908731812,0.5930701047542305,560,681,1241,0.0016116035455278066,0.0008333472224535399,0.5927477840451223,0.0
25722,21.435357255954266,0.5930701047542305,560,681,1241,0.0,0.0008333472224535399,0.5927477840451223,0.0
25723,21.43619060317672,0.5938759065269944,560,681,1241,0.0008058017727639033,0.0008333472224535399,0.5929089443996751,0.00016116035455278067
25724,21.437023950399173,0.5946817082997583,560,681,1241,0.0008058017727639033,0.0008333472224535399,0.5931506849315042,0.00024174053182917098
25725,21.437857297621626,0.5938759065269944,560,681,1241,-0.0008058017727639033,0.0008333472224535399,0.593311845286057,0.00016116035455278067
25726,21.438690644844083,0.5954875100725222,560,681,1241,0.0016116035455278066,0.0008333472224570926,0.5934730056406098,0.00016116035455278067
25727,21.439523992066537,0.5954875100725222,560,681,1241,0.0,0.0008333472224535399,0.5936341659951625,0.00016116035455278067
25728,21.44035733928899,0.5946817082997583,560,681,1241,-0.0008058017727639033,0.0008333472224535399,0.5937953263497153,0.00016116035455278067
25729,21.441190686511444,0.5946817082997583,560,681,1241,0.0,0.0008333472224535399,0.5940370668815445,0.00024174053182917098
25730,21.442024033733897,0.5938759065269944,560,681,1241,-0.0008058017727639033,0.0008333472224535399,0.5942788074133737,0.00024174053182917098
25731,21.44285738095635,0.5938759065269944,560,681,1241,0.0,0.0008333472224535399,0.5943593875906501,8.058017727639034e-05
25732,21.443690728178805,0.5938759065269944,560,681,1241,0.0,0.0008333472224535399,0.5944399677679265,8.058017727639034e-05
25733,21.444524075401258,0.5938759065269944,560,681,1241,0.0,0.0008333472224535399,0.5944399677679265,0.0
25734,21.44535742262371,0.5938759065269944,560,681,1241,0.0,0.0008333472224535399,0.5943593875906502,-8.058017727639034e-05
25735,21.446190769846165,0.5946817082997583,560,681,1241,0.0008058017727639033,0.0008333472224535399,0.5944399677679265,8.058017727639034e-05
25736,21.44702411706862,0.5954875100725222,560,681,1241,0.0008058017727639033,0.0008333472224535399,0.5944399677679265,0.0
25737,21.447857464291072,0.5954875100725222,560,681,1241,0.0,0.0008333472224535399,0.5944399677679265,0.0
25738,21.448690811513526,0.5954875100725222,560,681,1241,0.0,0.0008333472224535399,0.5945205479452029,8.058017727639034e-05
25739,21.44952415873598,0.5946817082997583,560,681,1241,-0.0008058017727639033,0.0008333472224535399,0.5945205479452029,0.0
25740,21.450357505958433,0.5954875100725222,560,681,1241,0.0008058017727639033,0.0008333472224535399,0.5946817082997558,0.00016116035455278067
25741,21.451190853180886,0.5954875100725222,560,681,1241,0.0,0.0008333472224535399,0.5948428686543086,0.00016116035455278067
25742,21.45202420040334,0.5954875100725222,560,681,1241,0.0,0.0008333472224535399,0.5950040290088613,0.00016116035455278067
25743,21.452857547625793,0.5954875100725222,560,681,1241,0.0,0.0008333472224535399,0.5951651893634141,0.00016116035455278067
25744,21.453690894848247,0.5946817082997583,560,681,1241,-0.0008058017727639033,0.0008333472224535399,0.5952457695406904,8.058017727639034e-05
25745,21.4545242420707,0.5962933118452861,560,681,1241,0.0016116035455278066,0.0008333472224535399,0.5954069298952432,0.00016116035455278067
25746,21.455357589293154,0.5962933118452861,560,681,1241,0.0,0.0008333472224535399,0.5954875100725195,8.058017727639034e-05
25747,21.45619093651561,0.5962933118452861,560,681,1241,0.0,0.0008333472224570926,0.595568090249796,8.058017727639034e-05
25748,21.457024283738065,0.5954875100725222,560,681,1241,-0.0008058017727639033,0.0008333472224535399,0.595568090249796,0.0
25749,21.45785763096052,0.5946817082997583,560,681,1241,-0.0008058017727639033,0.0008333472224535399,0.595568090249796,0.0
25750,21.45869097818297,0.5946817082997583,560,681,1241,0.0,0.0008333472224535399,0.5954875100725194,-8.058017727639034e-05
25751,21.459524325405425,0.5946817082997583,560,681,1241,0.0,0.0008333472224535399,0.595406929895243,-8.058017727639034e-05
25752,21.46035767262788,0.5946817082997583,560,681,1241,0.0,0.0008333472224535399,0.5953263497179666,-8.058017727639034e-05
25753,21.461191019850332,0.5954875100725222,560,681,1241,0.0008058017727639033,0.0008333472224535399,0.5953263497179666,0.0
25754,21.462024367072786,0.5954875100725222,560,681,1241,0.0,0.0008333472224535399,0.595406929895243,8.058017727639034e-05
25755,21.46285771429524,0.5954875100725222,560,681,1241,0.0,0.0008333472224535399,0.5953263497179667,-8.058017727639034e-05
25756,21.463691061517693,0.5962933118452861,560,681,1241,0.0008058017727639033,0.0008333472224535399,0.5953263497179667,0.0
25757,21.464524408740147,0.5954875100725222,560,681,1241,-0.0008058017727639033,0.0008333472224535399,0.5952457695406903,-8.058017727639034e-05
25758,21.4653577559626,0.5954875100725222,560,681,1241,0.0,0.0008333472224535399,0.5952457695406903,0.0
25759,21.466191103185054,0.5954875100725222,560,681,1241,0.0,0.0008333472224535399,0.5953263497179668,8.058017727639034e-05
25760,21.467024450407507,0.5946817082997583,560,681,1241,-0.0008058017727639033,0.0008333472224535399,0.5953263497179668,0.0
25761,21.46785779762996,0.5930701047542305,560,681,1241,-0.0016116035455278066,0.0008333472224535399,0.595165189363414,-0.00016116035455278067
25762,21.468691144852414,0.5930701047542305,560,681,1241,0.0,0.0008333472224535399,0.5950040290088612,-0.00016116035455278067
25763,21.469524492074868,0.5930701047542305,560,681,1241,0.0,0.0008333472224535399,0.594762288477032,-0.00024174053182917098
25764,21.47035783929732,0.5930701047542305,560,681,1241,0.0,0.0008333472224535399,0.5945205479452028,-0.00024174053182917098
25765,21.471191186519775,0.5922643029814666,560,681,1241,-0.0008058017727639033,0.0008333472224535399,0.5941982272360973,-0.00032232070910556134
25766,21.47202453374223,0.5922643029814666,560,681,1241,0.0,0.0008333472224535399,0.5937953263497153,-0.00040290088638195165
25767,21.472857880964682,0.5922643029814666,560,681,1241,0.0,0.0008333472224535399,0.5934730056406098,-0.00032232070910556134
25768,21.47369122818714,0.5930701047542305,560,681,1241,0.0008058017727639033,0.0008333472224570926,0.5932312651087805,-0.00024174053182917098
25769,21.474524575409593,0.5930701047542305,560,681,1241,0.0,0.0008333472224535399,0.5929895245769513,-0.00024174053182917098
25770,21.475357922632046,0.5930701047542305,560,681,1241,0.0,0.0008333472224535399,0.5928283642223986,-0.00016116035455278067
25771,21.4761912698545,0.5930701047542305,560,681,1241,0.0,0.0008333472224535399,0.5928283642223986,0.0
25772,21.477024617076953,0.5938759065269944,560,681,1241,0.0008058017727639033,0.0008333472224535399,0.592908944399675,8.058017727639034e-05
25773,21.477857964299407,0.5954875100725222,560,681,1241,0.0016116035455278066,0.0008333472224535399,0.5931506849315042,0.00024174053182917098
25774,21.47869131152186,0.5954875100725222,560,681,1241,0.0,0.0008333472224535399,0.5933924254633334,0.00024174053182917098
25775,21.479524658744314,0.5962933118452861,560,681,1241,0.0008058017727639033,0.0008333472224535399,0.5937953263497153,0.00040290088638195165
25776,21.480358005966767,0.5962933118452861,560,681,1241,0.0,0.0008333472224535399,0.5941982272360973,0.00040290088638195165
25777,21.48119135318922,0.5954875100725222,560,681,1241,-0.0008058017727639033,0.0008333472224535399,0.5945205479452028,0.00032232070910556134
25778,21.482024700411674,0.5954875100725222,560,681,1241,0.0,0.0008333472224535399,0.594762288477032,0.00024174053182917098
25779,21.482858047634128,0.5946817082997583,560,681,1241,-0.0008058017727639033,0.0008333472224535399,0.5949234488315848,0.00016116035455278067
25780,21.48369139485658,0.5938759065269944,560,681,1241,-0.0008058017727639033,0.0008333472224535399,0.5950040290088612,8.058017727639034e-05
25781,21.484524742079035,0.5938759065269944,560,681,1241,0.0,0.0008333472224535399,0.5950846091861377,8.058017727639034e-05
25782,21.48535808930149,0.5946817082997583,560,681,1241,0.0008058017727639033,0.0008333472224535399,0.595165189363414,8.058017727639034e-05
25783,21.486191436523942,0.5946817082997583,560,681,1241,0.0,0.0008333472224535399,0.5950846091861376,-8.058017727639034e-05
25784,21.487024783746396,0.5946817082997583,560,681,1241,0.0,0.0008333472224535399,0.5950040290088612,-8.058017727639034e-05
25785,21.48785813096885,0.5954875100725222,560,681,1241,0.0008058017727639033,0.0008333472224535399,0.5949234488315848,-8.058017727639034e-05
25786,21.488691478191303,0.5946817082997583,560,681,1241,-0.0008058017727639033,0.0008333472224535399,0.594762288477032,-0.00016116035455278067
25787,21.489524825413756,0.5946817082997583,560,681,1241,0.0,0.0008333472224535399,0.5946817082997555,-8.058017727639034e-05
25788,21.49035817263621,0.5922643029814666,560,681,1241,-0.00241740531829171,0.0008333472224535399,0.59435938759065,-0.00032232070910556134
25789,21.491191519858667,0.5922643029814666,560,681,1241,0.0,0.0008333472224570926,0.5941176470588209,-0.00024174053182917098
25790,21.49202486708112,0.5930701047542305,560,681,1241,0.0008058017727639033,0.0008333472224535399,0.5940370668815445,-8.058017727639034e-05
25791,21.492858214303574,0.5930701047542305,560,681,1241,0.0,0.0008333472224535399,0.593956486704268,-8.058017727639034e-05
25792,21.493691561526028,0.5922643029814666,560,681,1241,-0.0008058017727639033,0.0008333472224535399,0.5937147461724389,-0.00024174053182917098
25793,21.49452490874848,0.5922643029814666,560,681,1241,0.0,0.0008333472224535399,0.5934730056406098,-0.00024174053182917098
25794,21.495358255970935,0.5922643029814666,560,681,1241,0.0,0.0008333472224535399,0.5932312651087807,-0.00024174053182917098
25795,21.496191603193388,0.5914585012087027,560,681,1241,-0.0008058017727639033,0.0008333472224535399,0.5928283642223986,-0.00040290088638195165
25796,21.49702495041584,0.5906526994359388,560,681,1241,-0.0008058017727639033,0.0008333472224535399,0.5924254633360168,-0.00040290088638195165
25797,21.497858297638295,0.5906526994359388,560,681,1241,0.0,0.0008333472224535399,0.5920225624496348,-0.00040290088638195165
25798,21.49869164486075,0.5906526994359388,560,681,1241,0.0,0.0008333472224535399,0.5918614020950821,-0.00016116035455278067
25799,21.499524992083202,0.5906526994359388,560,681,1241,0.0,0.0008333472224535399,0.5917002417405293,-0.00016116035455278067
25800,21.500358339305656,0.5906526994359388,560,681,1241,0.0,0.0008333472224535399,0.5914585012087001,-0.00024174053182917098
25801,21.50119168652811,0.5898468976631749,560,681,1241,-0.0008058017727639033,0.0008333472224535399,0.5911361804995946,-0.00032232070910556134
25802,21.502025033750563,0.5906526994359388,560,681,1241,0.0008058017727639033,0.0008333472224535399,0.5909750201450418,-0.00016116035455278067
25803,21.502858380973016,0.5906526994359388,560,681,1241,0.0,0.0008333472224535399,0.5908138597904891,-0.00016116035455278067
25804,21.50369172819547,0.5906526994359388,560,681,1241,0.0,0.0008333472224535399,0.5906526994359362,-0.00016116035455278067
25805,21.504525075417924,0.5906526994359388,560,681,1241,0.0,0.0008333472224535399,0.5905721192586599,-8.058017727639034e-05
25806,21.505358422640377,0.5906526994359388,560,681,1241,0.0,0.0008333472224535399,0.5905721192586599,0.0
25807,21.50619176986283,0.5906526994359388,560,681,1241,0.0,0.0008333472224535399,0.5905721192586599,0.0
25808,21.507025117085284,0.5906526994359388,560,681,1241,0.0,0.0008333472224535399,0.5905721192586599,0.0
25809,21.507858464307738,0.5906526994359388,560,681,1241,0.0,0.0008333472224535399,0.5905721192586599,0.0
25810,21.508691811530195,0.5906526994359388,560,681,1241,0.0,0.0008333472224570926,0.5905721192586599,0.0
25811,21.50952515875265,0.5914585012087027,560,681,1241,0.0008058017727639033,0.0008333472224535399,0.5907332796132126,0.00016116035455278067
25812,21.510358505975102,0.5914585012087027,560,681,1241,0.0,0.0008333472224535399,0.5908138597904891,8.058017727639034e-05
25813,21.511191853197555,0.5914585012087027,560,681,1241,0.0,0.0008333472224535399,0.5908944399677654,8.058017727639034e-05
25814,21.51202520042001,0.5906526994359388,560,681,1241,-0.0008058017727639033,0.0008333472224535399,0.5908944399677654,0.0
25815,21.512858547642463,0.5898468976631749,560,681,1241,-0.0008058017727639033,0.0008333472224535399,0.590813859790489,-8.058017727639034e-05
25816,21.513691894864916,0.5898468976631749,560,681,1241,0.0,0.0008333472224535399,0.5907332796132125,-8.058017727639034e-05
25817,21.51452524208737,0.5898468976631749,560,681,1241,0.0,0.0008333472224535399,0.590652699435936,-8.058017727639034e-05
25818,21.515358589309823,0.5898468976631749,560,681,1241,0.0,0.0008333472224535399,0.5905721192586596,-8.058017727639034e-05
25819,21.516191936532277,0.5906526994359388,560,681,1241,0.0008058017727639033,0.0008333472224535399,0.5905721192586596,0.0
25820,21.51702528375473,0.5906526994359388,560,681,1241,0.0,0.0008333472224535399,0.5905721192586596,0.0
25821,21.517858630977184,0.5906526994359388,560,681,1241,0.0,0.0008333472224535399,0.5904915390813833,-8.058017727639034e-05
25822,21.518691978199637,0.5898468976631749,560,681,1241,-0.0008058017727639033,0.0008333472224535399,0.5903303787268305,-0.00016116035455278067
25823,21.51952532542209,0.5898468976631749,560,681,1241,0.0,0.0008333472224535399,0.5901692183722778,-0.00016116035455278067
25824,21.520358672644544,0.5898468976631749,560,681,1241,0.0,0.0008333472224535399,0.5900886381950012,-8.058017727639034e-05
25825,21.521192019866998,0.5914585012087027,560,681,1241,0.0016116035455278066,0.0008333472224535399,0.5902497985495541,0.00016116035455278067
25826,21.52202536708945,0.5898468976631749,560,681,1241,-0.0016116035455278066,0.0008333472224535399,0.5902497985495541,0.0
25827,21.522858714311905,0.5906526994359388,560,681,1241,0.0008058017727639033,0.0008333472224535399,0.5903303787268305,8.058017727639034e-05
25828,21.52369206153436,0.5914585012087027,560,681,1241,0.0008058017727639033,0.0008333472224535399,0.5904915390813833,0.00016116035455278067
25829,21.524525408756812,0.5914585012087027,560,681,1241,0.0,0.0008333472224535399,0.5905721192586596,8.058017727639034e-05
25830,21.525358755979266,0.5906526994359388,560,681,1241,-0.0008058017727639033,0.0008333472224535399,0.5905721192586596,0.0
25831,21.52619210320172,0.5898468976631749,560,681,1241,-0.0008058017727639033,0.0008333472224535399,0.5904915390813832,-8.058017727639034e-05
25832,21.527025450424176,0.5922643029814666,560,681,1241,0.00241740531829171,0.0008333472224570926,0.5907332796132124,0.00024174053182917098
25833,21.52785879764663,0.5930701047542305,560,681,1241,0.0008058017727639033,0.0008333472224535399,0.591055600322318,0.00032232070910556134
25834,21.528692144869083,0.5922643029814666,560,681,1241,-0.0008058017727639033,0.0008333472224535399,0.5912973408541472,0.00024174053182917098
25835,21.529525492091537,0.5922643029814666,560,681,1241,0.0,0.0008333472224535399,0.5913779210314236,8.058017727639034e-05
25836,21.53035883931399,0.5914585012087027,560,681,1241,-0.0008058017727639033,0.0008333472224535399,0.5915390813859764,0.00016116035455278067
25837,21.531192186536444,0.5906526994359388,560,681,1241,-0.0008058017727639033,0.0008333472224535399,0.5915390813859764,0.0
25838,21.532025533758897,0.5906526994359388,560,681,1241,0.0,0.0008333472224535399,0.5914585012087,-8.058017727639034e-05
25839,21.53285888098135,0.5906526994359388,560,681,1241,0.0,0.0008333472224535399,0.5913779210314237,-8.058017727639034e-05
25840,21.533692228203805,0.5906526994359388,560,681,1241,0.0,0.0008333472224535399,0.5913779210314237,0.0
25841,21.534525575426258,0.5922643029814666,560,681,1241,0.0016116035455278066,0.0008333472224535399,0.591619661563253,0.00024174053182917098
25842,21.53535892264871,0.5922643029814666,560,681,1241,0.0,0.0008333472224535399,0.591619661563253,0.0
25843,21.536192269871165,0.5922643029814666,560,681,1241,0.0,0.0008333472224535399,0.5915390813859766,-8.058017727639034e-05
25844,21.53702561709362,0.5922643029814666,560,681,1241,0.0,0.0008333472224535399,0.5915390813859766,0.0
25845,21.537858964316072,0.5930701047542305,560,681,1241,0.0008058017727639033,0.0008333472224535399,0.591619661563253,8.058017727639034e-05
25846,21.538692311538526,0.5930701047542305,560,681,1241,0.0,0.0008333472224535399,0.5917808219178057,0.00016116035455278067
25847,21.53952565876098,0.5930701047542305,560,681,1241,0.0,0.0008333472224535399,0.5920225624496348,0.00024174053182917098
25848,21.540359005983433,0.5930701047542305,560,681,1241,0.0,0.0008333472224535399,0.5922643029814639,0.00024174053182917098
25849,21.541192353205886,0.5938759065269944,560,681,1241,0.0008058017727639033,0.0008333472224535399,0.5925866236905695,0.00032232070910556134
25850,21.54202570042834,0.5922643029814666,560,681,1241,-0.0016116035455278066,0.0008333472224535399,0.5927477840451223,0.00016116035455278067
25851,21.542859047650794,0.5922643029814666,560,681,1241,0.0,0.0008333472224535399,0.5927477840451223,0.0
25852,21.543692394873247,0.5922643029814666,560,681,1241,0.0,0.0008333472224535399,0.5927477840451223,0.0
25853,21.544525742095704,0.5922643029814666,560,681,1241,0.0,0.0008333472224570926,0.5927477840451223,0.0
25854,21.545359089318158,0.5922643029814666,560,681,1241,0.0,0.0008333472224535399,0.5927477840451223,0.0
25855,21.54619243654061,0.5930701047542305,560,681,1241,0.0008058017727639033,0.0008333472224535399,0.5927477840451223,0.0
25856,21.547025783763065,0.5938759065269944,560,681,1241,0.0008058017727639033,0.0008333472224535399,0.5928283642223987,8.058017727639034e-05
25857,21.54785913098552,0.5938759065269944,560,681,1241,0.0,0.0008333472224535399,0.5929089443996751,8.058017727639034e-05
25858,21.548692478207972,0.5930701047542305,560,681,1241,-0.0008058017727639033,0.0008333472224535399,0.5929089443996751,0.0
25859,21.549525825430425,0.5930701047542305,560,681,1241,0.0,0.0008333472224535399,0.5928283642223987,-8.058017727639034e-05
25860,21.55035917265288,0.5922643029814666,560,681,1241,-0.0008058017727639033,0.0008333472224535399,0.5928283642223987,0.0
25861,21.551192519875332,0.5914585012087027,560,681,1241,-0.0008058017727639033,0.0008333472224535399,0.5927477840451223,-8.058017727639034e-05
25862,21.552025867097786,0.5914585012087027,560,681,1241,0.0,0.0008333472224535399,0.5926672038678459,-8.058017727639034e-05
25863,21.55285921432024,0.5898468976631749,560,681,1241,-0.0016116035455278066,0.0008333472224535399,0.5924254633360166,-0.00024174053182917098
25864,21.553692561542693,0.589041095890411,560,681,1241,-0.0008058017727639033,0.0008333472224535399,0.5921031426269111,-0.00032232070910556134
25865,21.554525908765147,0.589041095890411,560,681,1241,0.0,0.0008333472224535399,0.5917002417405292,-0.00040290088638195165
25866,21.5553592559876,0.5898468976631749,560,681,1241,0.0008058017727639033,0.0008333472224535399,0.5912973408541472,-0.00040290088638195165
25867,21.556192603210054,0.589041095890411,560,681,1241,-0.0008058017727639033,0.0008333472224535399,0.5908138597904888,-0.00048348106365834196
25868,21.557025950432507,0.5898468976631749,560,681,1241,0.0008058017727639033,0.0008333472224535399,0.5904915390813833,-0.00032232070910556134
25869,21.55785929765496,0.589041095890411,560,681,1241,-0.0008058017727639033,0.0008333472224535399,0.5900886381950013,-0.00040290088638195165
25870,21.558692644877414,0.589041095890411,560,681,1241,0.0,0.0008333472224535399,0.5897663174858958,-0.00032232070910556134
25871,21.559525992099868,0.589041095890411,560,681,1241,0.0,0.0008333472224535399,0.5895245769540667,-0.00024174053182917098
25872,21.56035933932232,0.5898468976631749,560,681,1241,0.0008058017727639033,0.0008333472224535399,0.5893634165995139,-0.00016116035455278067
25873,21.561192686544775,0.5906526994359388,560,681,1241,0.0008058017727639033,0.0008333472224535399,0.5894439967767904,8.058017727639034e-05
25874,21.562026033767232,0.5906526994359388,560,681,1241,0.0,0.0008333472224570926,0.5896051571313431,0.00016116035455278067
25875,21.562859380989686,0.5898468976631749,560,681,1241,-0.0008058017727639033,0.0008333472224535399,0.5896857373086195,8.058017727639034e-05
25876,21.56369272821214,0.5906526994359388,560,681,1241,0.0008058017727639033,0.0008333472224535399,0.5897663174858959,8.058017727639034e-05
25877,21.564526075434593,0.5906526994359388,560,681,1241,0.0,0.0008333472224535399,0.5899274778404486,0.00016116035455278067
25878,21.565359422657046,0.5906526994359388,560,681,1241,0.0,0.0008333472224535399,0.5900080580177252,8.058017727639034e-05
25879,21.5661927698795,0.5906526994359388,560,681,1241,0.0,0.0008333472224535399,0.5901692183722779,0.00016116035455278067
25880,21.567026117101953,0.5906526994359388,560,681,1241,0.0,0.0008333472224535399,0.5903303787268307,0.00016116035455278067
25881,21.567859464324407,0.5906526994359388,560,681,1241,0.0,0.0008333472224535399,0.5904915390813834,0.00016116035455278067
25882,21.56869281154686,0.5898468976631749,560,681,1241,-0.0008058017727639033,0.0008333472224535399,0.5904915390813834,0.0
25883,21.569526158769314,0.5898468976631749,560,681,1241,0.0,0.0008333472224535399,0.590410958904107,-8.058017727639034e-05
25884,21.570359505991767,0.5906526994359388,560,681,1241,0.0008058017727639033,0.0008333472224535399,0.590410958904107,0.0
25885,21.57119285321422,0.5914585012087027,560,681,1241,0.0008058017727639033,0.0008333472224535399,0.5905721192586598,0.00016116035455278067
25886,21.572026200436675,0.5914585012087027,560,681,1241,0.0,0.0008333472224535399,0.5906526994359361,8.058017727639034e-05
25887,21.572859547659128,0.5914585012087027,560,681,1241,0.0,0.0008333472224535399,0.5907332796132125,8.058017727639034e-05
25888,21.57369289488158,0.5922643029814666,560,681,1241,0.0008058017727639033,0.0008333472224535399,0.5908944399677653,0.00016116035455278067
25889,21.574526242104035,0.5914585012087027,560,681,1241,-0.0008058017727639033,0.0008333472224535399,0.5909750201450417,8.058017727639034e-05
25890,21.57535958932649,0.5914585012087027,560,681,1241,0.0,0.0008333472224535399,0.591055600322318,8.058017727639034e-05
25891,21.576192936548942,0.5922643029814666,560,681,1241,0.0008058017727639033,0.0008333472224535399,0.5912167606768708,0.00016116035455278067
25892,21.577026283771396,0.5914585012087027,560,681,1241,-0.0008058017727639033,0.0008333472224535399,0.5913779210314235,0.00016116035455278067
25893,21.57785963099385,0.5914585012087027,560,681,1241,0.0,0.0008333472224535399,0.5915390813859763,0.00016116035455278067
25894,21.578692978216303,0.5906526994359388,560,681,1241,-0.0008058017727639033,0.0008333472224535399,0.5915390813859763,0.0
25895,21.57952632543876,0.5906526994359388,560,681,1241,0.0,0.0008333472224570926,0.5914585012086999,-8.058017727639034e-05
25896,21.580359672661213,0.5898468976631749,560,681,1241,-0.0008058017727639033,0.0008333472224535399,0.5912973408541472,-0.00016116035455278067
25897,21.581193019883667,0.5898468976631749,560,681,1241,0.0,0.0008333472224535399,0.5911361804995944,-0.00016116035455278067
25898,21.58202636710612,0.5906526994359388,560,681,1241,0.0008058017727639033,0.0008333472224535399,0.5909750201450417,-0.00016116035455278067
25899,21.582859714328574,0.589041095890411,560,681,1241,-0.0016116035455278066,0.0008333472224535399,0.5907332796132125,-0.00024174053182917098
25900,21.583693061551028,0.589041095890411,560,681,1241,0.0,0.0008333472224535399,0.5904915390813834,-0.00024174053182917098
25901,21.58452640877348,0.589041095890411,560,681,1241,0.0,0.0008333472224535399,0.5901692183722778,-0.00032232070910556134
25902,21.585359755995935,0.5898468976631749,560,681,1241,0.0008058017727639033,0.0008333472224535399,0.590008058017725,-0.00016116035455278067
25903,21.58619310321839,0.5906526994359388,560,681,1241,0.0008058017727639033,0.0008333472224535399,0.5899274778404486,-8.058017727639034e-05
25904,21.587026450440842,0.5898468976631749,560,681,1241,-0.0008058017727639033,0.0008333472224535399,0.5898468976631722,-8.058017727639034e-05
25905,21.587859797663295,0.5898468976631749,560,681,1241,0.0,0.0008333472224535399,0.5897663174858958,-8.058017727639034e-05
25906,21.58869314488575,0.5898468976631749,560,681,1241,0.0,0.0008333472224535399,0.5897663174858958,0.0
25907,21.589526492108202,0.589041095890411,560,681,1241,-0.0008058017727639033,0.0008333472224535399,0.5896857373086195,-8.058017727639034e-05
25908,21.590359839330656,0.5906526994359388,560,681,1241,0.0016116035455278066,0.0008333472224535399,0.5896857373086195,0.0
25909,21.59119318655311,0.5914585012087027,560,681,1241,0.0008058017727639033,0.0008333472224535399,0.5899274778404486,0.00024174053182917098
25910,21.592026533775563,0.5906526994359388,560,681,1241,-0.0008058017727639033,0.0008333472224535399,0.5900886381950013,0.00016116035455278067
25911,21.592859880998017,0.5906526994359388,560,681,1241,0.0,0.0008333472224535399,0.5902497985495542,0.00016116035455278067
25912,21.59369322822047,0.5906526994359388,560,681,1241,0.0,0.0008333472224535399,0.5903303787268306,8.058017727639034e-05
25913,21.594526575442924,0.5898468976631749,560,681,1241,-0.0008058017727639033,0.0008333472224535399,0.5902497985495542,-8.058017727639034e-05
25914,21.595359922665377,0.5898468976631749,560,681,1241,0.0,0.0008333472224535399,0.5902497985495542,0.0
25915,21.59619326988783,0.5906526994359388,560,681,1241,0.0008058017727639033,0.0008333472224535399,0.5903303787268306,8.058017727639034e-05
25916,21.597026617110288,0.5922643029814666,560,681,1241,0.0016116035455278066,0.0008333472224570926,0.5905721192586598,0.00024174053182917098
25917,21.59785996433274,0.5922643029814666,560,681,1241,0.0,0.0008333472224535399,0.5908944399677654,0.00032232070910556134
25918,21.598693311555195,0.5922643029814666,560,681,1241,0.0,0.0008333472224535399,0.5910556003223182,0.00016116035455278067
25919,21.59952665877765,0.5922643029814666,560,681,1241,0.0,0.0008333472224535399,0.5911361804995946,8.058017727639034e-05
25920,21.600360006000102,0.5922643029814666,560,681,1241,0.0,0.0008333472224535399,0.5912973408541473,0.00016116035455278067
25921,21.601193353222556,0.5914585012087027,560,681,1241,-0.0008058017727639033,0.0008333472224535399,0.5913779210314237,8.058017727639034e-05
25922,21.60202670044501,0.5914585012087027,560,681,1241,0.0,0.0008333472224535399,0.5914585012087,8.058017727639034e-05
25923,21.602860047667463,0.5914585012087027,560,681,1241,0.0,0.0008333472224535399,0.5916196615632529,0.00016116035455278067
25924,21.603693394889916,0.5906526994359388,560,681,1241,-0.0008058017727639033,0.0008333472224535399,0.5917002417405293,8.058017727639034e-05
25925,21.60452674211237,0.589041095890411,560,681,1241,-0.0016116035455278066,0.0008333472224535399,0.5915390813859764,-0.00016116035455278067
25926,21.605360089334823,0.5906526994359388,560,681,1241,0.0016116035455278066,0.0008333472224535399,0.5913779210314237,-0.00016116035455278067
25927,21.606193436557277,0.5906526994359388,560,681,1241,0.0,0.0008333472224535399,0.5912167606768709,-0.00016116035455278067
25928,21.60702678377973,0.5906526994359388,560,681,1241,0.0,0.0008333472224535399,0.5910556003223182,-0.00016116035455278067
25929,21.607860131002184,0.5914585012087027,560,681,1241,0.0008058017727639033,0.0008333472224535399,0.5909750201450417,-8.058017727639034e-05
25930,21.608693478224637,0.5922643029814666,560,681,1241,0.0008058017727639033,0.0008333472224535399,0.5909750201450417,0.0
25931,21.60952682544709,0.5922643029814666,560,681,1241,0.0,0.0008333472224535399,0.5910556003223182,8.058017727639034e-05
25932,21.610360172669544,0.5930701047542305,560,681,1241,0.0008058017727639033,0.0008333472224535399,0.5912167606768709,0.00016116035455278067
25933,21.611193519891998,0.5930701047542305,560,681,1241,0.0,0.0008333472224535399,0.5913779210314237,0.00016116035455278067
25934,21.61202686711445,0.5938759065269944,560,681,1241,0.0008058017727639033,0.0008333472224535399,0.5917002417405293,0.00032232070910556134
25935,21.612860214336905,0.5938759065269944,560,681,1241,0.0,0.0008333472224535399,0.5921837228041876,0.00048348106365834196
25936,21.61369356155936,0.5938759065269944,560,681,1241,0.0,0.0008333472224535399,0.5925060435132932,0.00032232070910556134
25937,21.614526908781816,0.5946817082997583,560,681,1241,0.0008058017727639033,0.0008333472224570926,0.5929089443996751,0.00040290088638195165
25938,21.61536025600427,0.5946817082997583,560,681,1241,0.0,0.0008333472224535399,0.593311845286057,0.00040290088638195165
25939,21.616193603226723,0.5946817082997583,560,681,1241,0.0,0.0008333472224535399,0.5936341659951625,0.00032232070910556134
25940,21.617026950449176,0.5930701047542305,560,681,1241,-0.0016116035455278066,0.0008333472224535399,0.5937147461724389,8.058017727639034e-05
25941,21.61786029767163,0.5938759065269944,560,681,1241,0.0008058017727639033,0.0008333472224535399,0.5938759065269916,0.00016116035455278067
25942,21.618693644894083,0.5946817082997583,560,681,1241,0.0008058017727639033,0.0008333472224535399,0.5940370668815445,0.00016116035455278067
25943,21.619526992116537,0.5938759065269944,560,681,1241,-0.0008058017727639033,0.0008333472224535399,0.5941176470588209,8.058017727639034e-05
25944,21.62036033933899,0.5930701047542305,560,681,1241,-0.0008058017727639033,0.0008333472224535399,0.5940370668815445,-8.058017727639034e-05
25945,21.621193686561444,0.5930701047542305,560,681,1241,0.0,0.0008333472224535399,0.593956486704268,-8.058017727639034e-05
25946,21.622027033783898,0.5930701047542305,560,681,1241,0.0,0.0008333472224535399,0.5938759065269916,-8.058017727639034e-05
25947,21.62286038100635,0.5930701047542305,560,681,1241,0.0,0.0008333472224535399,0.5937147461724388,-0.00016116035455278067
25948,21.623693728228805,0.5930701047542305,560,681,1241,0.0,0.0008333472224535399,0.593553585817886,-0.00016116035455278067
25949,21.624527075451258,0.5946817082997583,560,681,1241,0.0016116035455278066,0.0008333472224535399,0.593553585817886,0.0
25950,21.62536042267371,0.5922643029814666,560,681,1241,-0.00241740531829171,0.0008333472224535399,0.5934730056406097,-8.058017727639034e-05
25951,21.626193769896165,0.5922643029814666,560,681,1241,0.0,0.0008333472224535399,0.5933118452860568,-0.00016116035455278067
25952,21.62702711711862,0.5930701047542305,560,681,1241,0.0008058017727639033,0.0008333472224535399,0.5931506849315041,-0.00016116035455278067
25953,21.627860464341072,0.5922643029814666,560,681,1241,-0.0008058017727639033,0.0008333472224535399,0.5929895245769513,-0.00016116035455278067
25954,21.628693811563526,0.5922643029814666,560,681,1241,0.0,0.0008333472224535399,0.592908944399675,-8.058017727639034e-05
25955,21.62952715878598,0.5930701047542305,560,681,1241,0.0008058017727639033,0.0008333472224535399,0.592908944399675,0.0
25956,21.630360506008433,0.5946817082997583,560,681,1241,0.0016116035455278066,0.0008333472224535399,0.5930701047542277,0.00016116035455278067
25957,21.631193853230887,0.5930701047542305,560,681,1241,-0.0016116035455278066,0.0008333472224535399,0.5930701047542277,0.0
25958,21.63202720045334,0.5922643029814666,560,681,1241,-0.0008058017727639033,0.0008333472224535399,0.5929895245769514,-8.058017727639034e-05
25959,21.632860547675797,0.5922643029814666,560,681,1241,0.0,0.0008333472224570926,0.5927477840451223,-0.00024174053182917098
25960,21.63369389489825,0.5922643029814666,560,681,1241,0.0,0.0008333472224535399,0.5927477840451223,0.0
25961,21.634527242120704,0.5930701047542305,560,681,1241,0.0008058017727639033,0.0008333472224535399,0.5928283642223986,8.058017727639034e-05
25962,21.635360589343158,0.5922643029814666,560,681,1241,-0.0008058017727639033,0.0008333472224535399,0.5927477840451223,-8.058017727639034e-05
25963,21.63619393656561,0.5930701047542305,560,681,1241,0.0008058017727639033,0.0008333472224535399,0.5928283642223986,8.058017727639034e-05
25964,21.637027283788065,0.5914585012087027,560,681,1241,-0.0016116035455278066,0.0008333472224535399,0.5927477840451222,-8.058017727639034e-05
25965,21.63786063101052,0.5938759065269944,560,681,1241,0.00241740531829171,0.0008333472224535399,0.5928283642223986,8.058017727639034e-05
25966,21.638693978232972,0.5938759065269944,560,681,1241,0.0,0.0008333472224535399,0.5927477840451223,-8.058017727639034e-05
25967,21.639527325455425,0.5938759065269944,560,681,1241,0.0,0.0008333472224535399,0.5928283642223987,8.058017727639034e-05
25968,21.64036067267788,0.5946817082997583,560,681,1241,0.0008058017727639033,0.0008333472224535399,0.5930701047542278,0.00024174053182917098
25969,21.641194019900333,0.5938759065269944,560,681,1241,-0.0008058017727639033,0.0008333472224535399,0.5932312651087807,0.00016116035455278067
25970,21.642027367122786,0.5962933118452861,560,681,1241,0.00241740531829171,0.0008333472224535399,0.5936341659951625,0.00040290088638195165
25971,21.64286071434524,0.5962933118452861,560,681,1241,0.0,0.0008333472224535399,0.5939564867042681,0.00032232070910556134
25972,21.643694061567693,0.59709911361805,560,681,1241,0.0008058017727639033,0.0008333472224535399,0.5944399677679264,0.00048348106365834196
25973,21.644527408790147,0.59709911361805,560,681,1241,0.0,0.0008333472224535399,0.5948428686543085,0.00040290088638195165
25974,21.6453607560126,0.5962933118452861,560,681,1241,-0.0008058017727639033,0.0008333472224535399,0.5953263497179668,0.00048348106365834196
25975,21.646194103235054,0.5962933118452861,560,681,1241,0.0,0.0008333472224535399,0.595568090249796,0.00024174053182917098
25976,21.647027450457507,0.5962933118452861,560,681,1241,0.0,0.0008333472224535399,0.5958098307816251,0.00024174053182917098
25977,21.64786079767996,0.5962933118452861,560,681,1241,0.0,0.0008333472224535399,0.5960515713134542,0.00024174053182917098
25978,21.648694144902414,0.5954875100725222,560,681,1241,-0.0008058017727639033,0.0008333472224535399,0.5961321514907306,8.058017727639034e-05
25979,21.649527492124868,0.5954875100725222,560,681,1241,0.0,0.0008333472224535399,0.5962933118452833,0.00016116035455278067
25980,21.650360839347325,0.59709911361805,560,681,1241,0.0016116035455278066,0.0008333472224570926,0.5963738920225599,8.058017727639034e-05
25981,21.65119418656978,0.5962933118452861,560,681,1241,-0.0008058017727639033,0.0008333472224535399,0.5963738920225599,0.0
25982,21.652027533792232,0.5962933118452861,560,681,1241,0.0,0.0008333472224535399,0.5962933118452833,-8.058017727639034e-05
25983,21.652860881014686,0.5954875100725222,560,681,1241,-0.0008058017727639033,0.0008333472224535399,0.5961321514907306,-0.00016116035455278067
25984,21.65369422823714,0.59709911361805,560,681,1241,0.0016116035455278066,0.0008333472224535399,0.596212731668007,8.058017727639034e-05
25985,21.654527575459593,0.59709911361805,560,681,1241,0.0,0.0008333472224535399,0.5962933118452834,8.058017727639034e-05
25986,21.655360922682046,0.59709911361805,560,681,1241,0.0,0.0008333472224535399,0.5963738920225599,8.058017727639034e-05
25987,21.6561942699045,0.59709911361805,560,681,1241,0.0,0.0008333472224535399,0.5964544721998364,8.058017727639034e-05
25988,21.657027617126953,0.59709911361805,560,681,1241,0.0,0.0008333472224535399,0.5966156325543891,0.00016116035455278067
25989,21.657860964349407,0.59709911361805,560,681,1241,0.0,0.0008333472224535399,0.5967767929089419,0.00016116035455278067
25990,21.65869431157186,0.59709911361805,560,681,1241,0.0,0.0008333472224535399,0.5967767929089419,0.0
25991,21.659527658794314,0.59709911361805,560,681,1241,0.0,0.0008333472224535399,0.5968573730862183,8.058017727639034e-05
25992,21.660361006016768,0.5954875100725222,560,681,1241,-0.0016116035455278066,0.0008333472224535399,0.596776792908942,-8.058017727639034e-05
25993,21.66119435323922,0.5954875100725222,560,681,1241,0.0,0.0008333472224535399,0.596776792908942,0.0
25994,21.662027700461675,0.5962933118452861,560,681,1241,0.0008058017727639033,0.0008333472224535399,0.5966962127316655,-8.058017727639034e-05
25995,21.662861047684128,0.5962933118452861,560,681,1241,0.0,0.0008333472224535399,0.5966156325543891,-8.058017727639034e-05
25996,21.66369439490658,0.59709911361805,560,681,1241,0.0008058017727639033,0.0008333472224535399,0.5966156325543891,0.0
25997,21.664527742129035,0.59709911361805,560,681,1241,0.0,0.0008333472224535399,0.5966156325543891,0.0
25998,21.66536108935149,0.5962933118452861,560,681,1241,-0.0008058017727639033,0.0008333472224535399,0.5965350523771127,-8.058017727639034e-05
25999,21.666194436573942,0.5962933118452861,560,681,1241,0.0,0.0008333472224535399,0.5964544721998363,-8.058017727639034e-05
26000,21.667027783796396,0.5962933118452861,560,681,1241,0.0,0.0008333472224535399,0.5963738920225599,-8.058017727639034e-05
26001,21.667861131018853,0.5954875100725222,560,681,1241,-0.0008058017727639033,0.0008333472224570926,0.596212731668007,-0.00016116035455278067
26002,21.668694478241306,0.5954875100725222,560,681,1241,0.0,0.0008333472224535399,0.596212731668007,0.0
26003,21.66952782546376,0.5954875100725222,560,681,1241,0.0,0.0008333472224535399,0.596212731668007,0.0
26004,21.670361172686214,0.5954875100725222,560,681,1241,0.0,0.0008333472224535399,0.5961321514907307,-8.058017727639034e-05
26005,21.671194519908667,0.5954875100725222,560,681,1241,0.0,0.0008333472224535399,0.5960515713134543,-8.058017727639034e-05
26006,21.67202786713112,0.5954875100725222,560,681,1241,0.0,0.0008333472224535399,0.5958904109589016,-0.00016116035455278067
26007,21.672861214353574,0.5954875100725222,560,681,1241,0.0,0.0008333472224535399,0.5957292506043488,-0.00016116035455278067
26008,21.673694561576028,0.5962933118452861,560,681,1241,0.0008058017727639033,0.0008333472224535399,0.5957292506043488,0.0
26009,21.67452790879848,0.5962933118452861,560,681,1241,0.0,0.0008333472224535399,0.5957292506043488,0.0
26010,21.675361256020935,0.5962933118452861,560,681,1241,0.0,0.0008333472224535399,0.5957292506043488,0.0
26011,21.67619460324339,0.5962933118452861,560,681,1241,0.0,0.0008333472224535399,0.5958098307816251,8.058017727639034e-05
26012,21.677027950465842,0.5962933118452861,560,681,1241,0.0,0.0008333472224535399,0.5958904109589015,8.058017727639034e-05
26013,21.677861297688295,0.5954875100725222,560,681,1241,-0.0008058017727639033,0.0008333472224535399,0.5958904109589015,0.0
26014,21.67869464491075,0.5946817082997583,560,681,1241,-0.0008058017727639033,0.0008333472224535399,0.5958098307816251,-8.058017727639034e-05
26015,21.679527992133202,0.5946817082997583,560,681,1241,0.0,0.0008333472224535399,0.5957292506043486,-8.058017727639034e-05
26016,21.680361339355656,0.5946817082997583,560,681,1241,0.0,0.0008333472224535399,0.5956486704270721,-8.058017727639034e-05
26017,21.68119468657811,0.5930701047542305,560,681,1241,-0.0016116035455278066,0.0008333472224535399,0.5954069298952429,-0.00024174053182917098
26018,21.682028033800563,0.5938759065269944,560,681,1241,0.0008058017727639033,0.0008333472224535399,0.5951651893634138,-0.00024174053182917098
26019,21.682861381023017,0.5946817082997583,560,681,1241,0.0008058017727639033,0.0008333472224535399,0.5950040290088611,-0.00016116035455278067
26020,21.68369472824547,0.5946817082997583,560,681,1241,0.0,0.0008333472224535399,0.5948428686543082,-0.00016116035455278067
26021,21.684528075467924,0.5946817082997583,560,681,1241,0.0,0.0008333472224535399,0.5946817082997555,-0.00016116035455278067
26022,21.68536142269038,0.5962933118452861,560,681,1241,0.0016116035455278066,0.0008333472224570926,0.5946817082997555,0.0
26023,21.686194769912834,0.5954875100725222,560,681,1241,-0.0008058017727639033,0.0008333472224535399,0.5946817082997555,0.0
26024,21.687028117135288,0.5954875100725222,560,681,1241,0.0,0.0008333472224535399,0.5947622884770319,8.058017727639034e-05
26025,21.68786146435774,0.5938759065269944,560,681,1241,-0.0016116035455278066,0.0008333472224535399,0.5946817082997555,-8.058017727639034e-05
26026,21.688694811580195,0.5930701047542305,560,681,1241,-0.0008058017727639033,0.0008333472224535399,0.5945205479452028,-0.00016116035455278067
26027,21.68952815880265,0.5938759065269944,560,681,1241,0.0008058017727639033,0.0008333472224535399,0.5946011281224792,8.058017727639034e-05
26028,21.690361506025102,0.5938759065269944,560,681,1241,0.0,0.0008333472224535399,0.5946011281224792,0.0
26029,21.691194853247556,0.5922643029814666,560,681,1241,-0.0016116035455278066,0.0008333472224535399,0.5943593875906501,-0.00024174053182917098
26030,21.69202820047001,0.5922643029814666,560,681,1241,0.0,0.0008333472224535399,0.594117647058821,-0.00024174053182917098
26031,21.692861547692463,0.5906526994359388,560,681,1241,-0.0016116035455278066,0.0008333472224535399,0.593714746172439,-0.00040290088638195165
26032,21.693694894914916,0.5906526994359388,560,681,1241,0.0,0.0008333472224535399,0.5931506849315044,-0.0005640612409347323
26033,21.69452824213737,0.5906526994359388,560,681,1241,0.0,0.0008333472224535399,0.592667203867846,-0.00048348106365834196
26034,21.695361589359823,0.5914585012087027,560,681,1241,0.0008058017727639033,0.0008333472224535399,0.592264302981464,-0.00040290088638195165
26035,21.696194936582277,0.5906526994359388,560,681,1241,-0.0008058017727639033,0.0008333472224535399,0.5919419822723585,-0.00032232070910556134
26036,21.69702828380473,0.5906526994359388,560,681,1241,0.0,0.0008333472224535399,0.5917002417405294,-0.00024174053182917098
26037,21.697861631027184,0.5906526994359388,560,681,1241,0.0,0.0008333472224535399,0.5913779210314238,-0.00032232070910556134
26038,21.698694978249637,0.5882352941176471,560,681,1241,-0.00241740531829171,0.0008333472224535399,0.5908138597904891,-0.0005640612409347323
26039,21.69952832547209,0.5882352941176471,560,681,1241,0.0,0.0008333472224535399,0.590410958904107,-0.00040290088638195165
26040,21.700361672694545,0.589041095890411,560,681,1241,0.0008058017727639033,0.0008333472224535399,0.5900886381950015,-0.00032232070910556134
26041,21.701195019916998,0.589041095890411,560,681,1241,0.0,0.0008333472224535399,0.5899274778404486,-0.00016116035455278067
26042,21.70202836713945,0.5882352941176471,560,681,1241,-0.0008058017727639033,0.0008333472224535399,0.5896857373086195,-0.00024174053182917098
26043,21.70286171436191,0.5882352941176471,560,681,1241,0.0,0.0008333472224570926,0.5894439967767903,-0.00024174053182917098
26044,21.703695061584362,0.589041095890411,560,681,1241,0.0008058017727639033,0.0008333472224535399,0.5892022562449611,-0.00024174053182917098
26045,21.704528408806816,0.589041095890411,560,681,1241,0.0,0.0008333472224535399,0.5890410958904083,-0.00016116035455278067
26046,21.70536175602927,0.5914585012087027,560,681,1241,0.00241740531829171,0.0008333472224535399,0.5891216760676847,8.058017727639034e-05
26047,21.706195103251723,0.5914585012087027,560,681,1241,0.0,0.0008333472224535399,0.589202256244961,8.058017727639034e-05
26048,21.707028450474176,0.5938759065269944,560,681,1241,0.00241740531829171,0.0008333472224535399,0.5897663174858958,0.0005640612409347323
26049,21.70786179769663,0.5946817082997583,560,681,1241,0.0008058017727639033,0.0008333472224535399,0.5904109589041069,0.0006446414182111227
26050,21.708695144919083,0.5946817082997583,560,681,1241,0.0,0.0008333472224535399,0.5909750201450417,0.0005640612409347323
26051,21.709528492141537,0.5954875100725222,560,681,1241,0.0008058017727639033,0.0008333472224535399,0.5916196615632527,0.0006446414182111227
26052,21.71036183936399,0.5962933118452861,560,681,1241,0.0008058017727639033,0.0008333472224535399,0.5924254633360166,0.0008058017727639033
26053,21.711195186586444,0.5962933118452861,560,681,1241,0.0,0.0008333472224535399,0.5932312651087805,0.0008058017727639033
26054,21.712028533808898,0.5954875100725222,560,681,1241,-0.0008058017727639033,0.0008333472224535399,0.5938759065269916,0.0006446414182111227
26055,21.71286188103135,0.5946817082997583,560,681,1241,-0.0008058017727639033,0.0008333472224535399,0.5944399677679264,0.0005640612409347323
26056,21.713695228253805,0.5962933118452861,560,681,1241,0.0016116035455278066,0.0008333472224535399,0.5949234488315847,0.00048348106365834196
26057,21.71452857547626,0.5962933118452861,560,681,1241,0.0,0.0008333472224535399,0.595406929895243,0.00048348106365834196
26058,21.715361922698712,0.5995165189363416,560,681,1241,0.003223207091055502,0.0008333472224535399,0.5959709911361777,0.0005640612409347212
26059,21.716195269921165,0.5995165189363416,560,681,1241,0.0,0.0008333472224535399,0.596454472199836,0.0004834810636583309
26060,21.71702861714362,0.6003223207091055,560,681,1241,0.0008058017727639033,0.0008333472224535399,0.5970185334407708,0.0005640612409347212
26061,21.717861964366072,0.6003223207091055,560,681,1241,0.0,0.0008333472224535399,0.5975020145044292,0.0004834810636583309
26062,21.718695311588526,0.5979049153908138,560,681,1241,-0.00241740531829171,0.0008333472224535399,0.597663174858982,0.00016116035455276956
26063,21.71952865881098,0.5979049153908138,560,681,1241,0.0,0.0008333472224535399,0.5978243352135347,0.00016116035455276956
26064,21.720362006033433,0.5979049153908138,560,681,1241,0.0,0.0008333472224535399,0.5980660757453639,0.0002417405318291599
26065,21.72119535325589,0.5979049153908138,560,681,1241,0.0,0.0008333472224570926,0.5983883964544694,0.00032232070910555023
26066,21.722028700478344,0.5979049153908138,560,681,1241,0.0,0.0008333472224535399,0.5985495568090222,0.00016116035455276956
26067,21.722862047700797,0.5979049153908138,560,681,1241,0.0,0.0008333472224535399,0.598710717163575,0.00016116035455276956
26068,21.72369539492325,0.5979049153908138,560,681,1241,0.0,0.0008333472224535399,0.5985495568090222,-0.00016116035455278067
26069,21.724528742145704,0.5979049153908138,560,681,1241,0.0,0.0008333472224535399,0.5983883964544694,-0.00016116035455278067
26070,21.725362089368158,0.5987107171635777,560,681,1241,0.0008058017727639033,0.0008333472224535399,0.5982272360999167,-0.00016116035455278067
26071,21.72619543659061,0.5987107171635777,560,681,1241,0.0,0.0008333472224535399,0.5980660757453639,-0.00016116035455278067
26072,21.727028783813065,0.5987107171635777,560,681,1241,0.0,0.0008333472224535399,0.5981466559226403,8.058017727639034e-05
26073,21.72786213103552,0.6003223207091055,560,681,1241,0.0016116035455278066,0.0008333472224535399,0.5983883964544695,0.00024174053182917098
26074,21.728695478257972,0.6003223207091055,560,681,1241,0.0,0.0008333472224535399,0.5986301369862987,0.00024174053182917098
26075,21.729528825480426,0.6011281224818694,560,681,1241,0.0008058017727639033,0.0008333472224535399,0.5989524576954043,0.00032232070910556134
26076,21.73036217270288,0.6019339242546333,560,681,1241,0.0008058017727639033,0.0008333472224535399,0.5993553585817863,0.00040290088638195165
26077,21.731195519925333,0.6019339242546333,560,681,1241,0.0,0.0008333472224535399,0.5997582594681683,0.00040290088638195165
26078,21.732028867147786,0.6027397260273972,560,681,1241,0.0008058017727639033,0.0008333472224535399,0.6002417405318267,0.00048348106365834196
26079,21.73286221437024,0.6019339242546333,560,681,1241,-0.0008058017727639033,0.0008333472224535399,0.6006446414182086,0.00040290088638195165
26080,21.733695561592693,0.6027397260273972,560,681,1241,0.0008058017727639033,0.0008333472224535399,0.6010475423045906,0.00040290088638195165
26081,21.734528908815147,0.6011281224818694,560,681,1241,-0.0016116035455278066,0.0008333472224535399,0.6012892828364197,0.00024174053182917098
26082,21.7353622560376,0.6019339242546333,560,681,1241,0.0008058017727639033,0.0008333472224535399,0.6016116035455252,0.00032232070910556134
26083,21.736195603260054,0.6019339242546333,560,681,1241,0.0,0.0008333472224535399,0.6017727639000781,0.00016116035455278067
26084,21.737028950482507,0.6011281224818694,560,681,1241,-0.0008058017727639033,0.0008333472224535399,0.6018533440773544,8.058017727639034e-05
26085,21.73786229770496,0.6011281224818694,560,681,1241,0.0,0.0008333472224535399,0.6018533440773544,0.0
26086,21.738695644927418,0.6011281224818694,560,681,1241,0.0,0.0008333472224570926,0.601772763900078,-8.058017727639034e-05
26087,21.73952899214987,0.6011281224818694,560,681,1241,0.0,0.0008333472224535399,0.6016921837228015,-8.058017727639034e-05
26088,21.740362339372325,0.6019339242546333,560,681,1241,0.0008058017727639033,0.0008333472224535399,0.6016116035455251,-8.058017727639034e-05
26089,21.74119568659478,0.6019339242546333,560,681,1241,0.0,0.0008333472224535399,0.6016116035455251,0.0
26090,21.742029033817232,0.6027397260273972,560,681,1241,0.0008058017727639033,0.0008333472224535399,0.6016116035455251,0.0
26091,21.742862381039686,0.6019339242546333,560,681,1241,-0.0008058017727639033,0.0008333472224535399,0.6016921837228015,8.058017727639034e-05
26092,21.74369572826214,0.6019339242546333,560,681,1241,0.0,0.0008333472224535399,0.6016921837228015,0.0
26093,21.744529075484593,0.6027397260273972,560,681,1241,0.0008058017727639033,0.0008333472224535399,0.601772763900078,8.058017727639034e-05
26094,21.745362422707046,0.6035455278001611,560,681,1241,0.0008058017727639033,0.0008333472224535399,0.6020145044319072,0.00024174053182917098
26095,21.7461957699295,0.6035455278001611,560,681,1241,0.0,0.0008333472224535399,0.6022562449637363,0.00024174053182917098
26096,21.747029117151953,0.6035455278001611,560,681,1241,0.0,0.0008333472224535399,0.6024979854955655,0.00024174053182917098
26097,21.747862464374407,0.6035455278001611,560,681,1241,0.0,0.0008333472224535399,0.6027397260273948,0.00024174053182917098
26098,21.74869581159686,0.604351329572925,560,681,1241,0.0008058017727639033,0.0008333472224535399,0.6029814665592239,0.00024174053182917098
26099,21.749529158819314,0.6051571313456889,560,681,1241,0.0008058017727639033,0.0008333472224535399,0.6033037872683295,0.00032232070910556134
26100,21.750362506041768,0.6035455278001611,560,681,1241,-0.0016116035455278066,0.0008333472224535399,0.6033843674456059,8.058017727639034e-05
26101,21.75119585326422,0.6035455278001611,560,681,1241,0.0,0.0008333472224535399,0.6035455278001587,0.00016116035455278067
26102,21.752029200486675,0.604351329572925,560,681,1241,0.0008058017727639033,0.0008333472224535399,0.6037872683319878,0.00024174053182917098
26103,21.752862547709128,0.6051571313456889,560,681,1241,0.0008058017727639033,0.0008333472224535399,0.604029008863817,0.00024174053182917098
26104,21.75369589493158,0.6051571313456889,560,681,1241,0.0,0.0008333472224535399,0.6041901692183698,0.00016116035455278067
26105,21.754529242154035,0.6051571313456889,560,681,1241,0.0,0.0008333472224535399,0.6043513295729226,0.00016116035455278067
26106,21.75536258937649,0.604351329572925,560,681,1241,-0.0008058017727639033,0.0008333472224535399,0.6044319097501989,8.058017727639034e-05
26107,21.756195936598946,0.604351329572925,560,681,1241,0.0,0.0008333472224570926,0.6045124899274753,8.058017727639034e-05
26108,21.7570292838214,0.604351329572925,560,681,1241,0.0,0.0008333472224535399,0.6045124899274753,0.0
26109,21.757862631043853,0.6051571313456889,560,681,1241,0.0008058017727639033,0.0008333472224535399,0.6045124899274753,0.0
26110,21.758695978266307,0.6067687348912167,560,681,1241,0.0016116035455278066,0.0008333472224535399,0.6048348106365808,0.00032232070910556134
26111,21.75952932548876,0.6067687348912167,560,681,1241,0.0,0.0008333472224535399,0.6051571313456864,0.00032232070910556134
26112,21.760362672711214,0.6059629331184528,560,681,1241,-0.0008058017727639033,0.0008333472224535399,0.6053182917002392,0.00016116035455278067
26113,21.761196019933667,0.6059629331184528,560,681,1241,0.0,0.0008333472224535399,0.6053988718775155,8.058017727639034e-05
26114,21.76202936715612,0.6059629331184528,560,681,1241,0.0,0.0008333472224535399,0.6054794520547919,8.058017727639034e-05
26115,21.762862714378574,0.6059629331184528,560,681,1241,0.0,0.0008333472224535399,0.6055600322320682,8.058017727639034e-05
26116,21.763696061601028,0.6051571313456889,560,681,1241,-0.0008058017727639033,0.0008333472224535399,0.6056406124093446,8.058017727639034e-05
26117,21.76452940882348,0.604351329572925,560,681,1241,-0.0008058017727639033,0.0008333472224535399,0.6056406124093446,0.0
26118,21.765362756045935,0.604351329572925,560,681,1241,0.0,0.0008333472224535399,0.6056406124093446,0.0
26119,21.76619610326839,0.6035455278001611,560,681,1241,-0.0008058017727639033,0.0008333472224535399,0.6054794520547919,-0.00016116035455278067
26120,21.767029450490842,0.6027397260273972,560,681,1241,-0.0008058017727639033,0.0008333472224535399,0.6050765511684099,-0.00040290088638195165
26121,21.767862797713295,0.6027397260273972,560,681,1241,0.0,0.0008333472224535399,0.6046736502820279,-0.00040290088638195165
26122,21.76869614493575,0.6027397260273972,560,681,1241,0.0,0.0008333472224535399,0.6043513295729224,-0.00032232070910556134
26123,21.769529492158203,0.6027397260273972,560,681,1241,0.0,0.0008333472224535399,0.6040290088638167,-0.00032232070910556134
26124,21.770362839380656,0.6027397260273972,560,681,1241,0.0,0.0008333472224535399,0.6037066881547112,-0.00032232070910556134
26125,21.77119618660311,0.6035455278001611,560,681,1241,0.0008058017727639033,0.0008333472224535399,0.603464947622882,-0.00024174053182917098
26126,21.772029533825563,0.604351329572925,560,681,1241,0.0008058017727639033,0.0008333472224535399,0.6033843674456056,-8.058017727639034e-05
26127,21.772862881048017,0.6035455278001611,560,681,1241,-0.0008058017727639033,0.0008333472224535399,0.6033037872683293,-8.058017727639034e-05
26128,21.773696228270474,0.6027397260273972,560,681,1241,-0.0008058017727639033,0.0008333472224570926,0.6031426269137765,-0.00016116035455278067
26129,21.774529575492927,0.6027397260273972,560,681,1241,0.0,0.0008333472224535399,0.6030620467365001,-8.058017727639034e-05
26130,21.77536292271538,0.6027397260273972,560,681,1241,0.0,0.0008333472224535399,0.6030620467365001,0.0
26131,21.776196269937834,0.6027397260273972,560,681,1241,0.0,0.0008333472224535399,0.6030620467365001,0.0
26132,21.777029617160288,0.6035455278001611,560,681,1241,0.0008058017727639033,0.0008333472224535399,0.6031426269137765,8.058017727639034e-05
26133,21.77786296438274,0.6019339242546333,560,681,1241,-0.0016116035455278066,0.0008333472224535399,0.6030620467365002,-8.058017727639034e-05
26134,21.778696311605195,0.6019339242546333,560,681,1241,0.0,0.0008333472224535399,0.6029814665592238,-8.058017727639034e-05
26135,21.77952965882765,0.6019339242546333,560,681,1241,0.0,0.0008333472224535399,0.6028203062046711,-0.00016116035455278067
26136,21.780363006050102,0.6003223207091055,560,681,1241,-0.0016116035455278066,0.0008333472224535399,0.6024174053182891,-0.00040290088638195165
26137,21.781196353272556,0.5995165189363416,560,681,1241,-0.0008058017727639033,0.0008333472224535399,0.6020145044319072,-0.00040290088638195165
26138,21.78202970049501,0.5995165189363416,560,681,1241,0.0,0.0008333472224535399,0.6016921837228015,-0.00032232070910556134
26139,21.782863047717463,0.5995165189363416,560,681,1241,0.0,0.0008333472224535399,0.601369863013696,-0.00032232070910556134
26140,21.783696394939916,0.6003223207091055,560,681,1241,0.0008058017727639033,0.0008333472224535399,0.6011281224818669,-0.00024174053182917098
26141,21.78452974216237,0.5995165189363416,560,681,1241,-0.0008058017727639033,0.0008333472224535399,0.6008058017727613,-0.00032232070910556134
26142,21.785363089384823,0.6003223207091055,560,681,1241,0.0008058017727639033,0.0008333472224535399,0.6004834810636558,-0.00032232070910556134
26143,21.786196436607277,0.6003223207091055,560,681,1241,0.0,0.0008333472224535399,0.600322320709103,-0.00016116035455278067
26144,21.78702978382973,0.5995165189363416,560,681,1241,-0.0008058017727639033,0.0008333472224535399,0.6000805801772737,-0.00024174053182917098
26145,21.787863131052184,0.5987107171635777,560,681,1241,-0.0008058017727639033,0.0008333472224535399,0.5997582594681682,-0.00032232070910556134
26146,21.788696478274638,0.5995165189363416,560,681,1241,0.0008058017727639033,0.0008333472224535399,0.5996776792908918,-8.058017727639034e-05
26147,21.78952982549709,0.5995165189363416,560,681,1241,0.0,0.0008333472224535399,0.5996776792908918,0.0
26148,21.790363172719545,0.5995165189363416,560,681,1241,0.0,0.0008333472224535399,0.5996776792908918,0.0
26149,21.791196519942,0.59709911361805,560,681,1241,-0.002417405318291599,0.0008333472224570926,0.5994359387590626,-0.0002417405318291599
26150,21.792029867164455,0.5962933118452861,560,681,1241,-0.0008058017727639033,0.0008333472224535399,0.5990330378726807,-0.00040290088638194054
26151,21.79286321438691,0.5954875100725222,560,681,1241,-0.0008058017727639033,0.0008333472224535399,0.5986301369862987,-0.00040290088638194054
26152,21.793696561609362,0.5946817082997583,560,681,1241,-0.0008058017727639033,0.0008333472224535399,0.598066075745364,-0.0005640612409347212
26153,21.794529908831816,0.5938759065269944,560,681,1241,-0.0008058017727639033,0.0008333472224535399,0.5974214343271529,-0.0006446414182111115
26154,21.79536325605427,0.5938759065269944,560,681,1241,0.0,0.0008333472224535399,0.5968573730862181,-0.0005640612409347212
26155,21.796196603276723,0.5946817082997583,560,681,1241,0.0008058017727639033,0.0008333472224535399,0.5964544721998362,-0.00040290088638194054
26156,21.797029950499176,0.5954875100725222,560,681,1241,0.0008058017727639033,0.0008333472224535399,0.5960515713134542,-0.00040290088638194054
26157,21.79786329772163,0.5962933118452861,560,681,1241,0.0008058017727639033,0.0008333472224535399,0.5957292506043487,-0.00032232070910555023
26158,21.798696644944084,0.5954875100725222,560,681,1241,-0.0008058017727639033,0.0008333472224535399,0.5953263497179668,-0.00040290088638194054
26159,21.799529992166537,0.5954875100725222,560,681,1241,0.0,0.0008333472224535399,0.595165189363414,-0.00016116035455278067
26160,21.80036333938899,0.5954875100725222,560,681,1241,0.0,0.0008333472224535399,0.5950846091861377,-8.058017727639034e-05
26161,21.801196686611444,0.5946817082997583,560,681,1241,-0.0008058017727639033,0.0008333472224535399,0.5950040290088612,-8.058017727639034e-05
26162,21.802030033833898,0.5938759065269944,560,681,1241,-0.0008058017727639033,0.0008333472224535399,0.5949234488315849,-8.058017727639034e-05
26163,21.80286338105635,0.5938759065269944,560,681,1241,0.0,0.0008333472224535399,0.5949234488315849,0.0
26164,21.803696728278805,0.5938759065269944,560,681,1241,0.0,0.0008333472224535399,0.5949234488315849,0.0
26165,21.80453007550126,0.5938759065269944,560,681,1241,0.0,0.0008333472224535399,0.5948428686543086,-8.058017727639034e-05
26166,21.805363422723712,0.5938759065269944,560,681,1241,0.0,0.0008333472224535399,0.5946817082997558,-0.00016116035455278067
26167,21.806196769946165,0.5930701047542305,560,681,1241,-0.0008058017727639033,0.0008333472224535399,0.5943593875906502,-0.00032232070910556134
26168,21.80703011716862,0.5930701047542305,560,681,1241,0.0,0.0008333472224535399,0.594117647058821,-0.00024174053182917098
26169,21.807863464391072,0.5930701047542305,560,681,1241,0.0,0.0008333472224535399,0.5938759065269917,-0.00024174053182917098
26170,21.80869681161353,0.5930701047542305,560,681,1241,0.0,0.0008333472224570926,0.5936341659951625,-0.00024174053182917098
26171,21.809530158835983,0.5938759065269944,560,681,1241,0.0008058017727639033,0.0008333472224535399,0.5935535858178862,-8.058017727639034e-05
26172,21.810363506058437,0.5946817082997583,560,681,1241,0.0008058017727639033,0.0008333472224535399,0.5936341659951625,8.058017727639034e-05
26173,21.81119685328089,0.5954875100725222,560,681,1241,0.0008058017727639033,0.0008333472224535399,0.5937953263497153,0.00016116035455278067
26174,21.812030200503344,0.5954875100725222,560,681,1241,0.0,0.0008333472224535399,0.5939564867042681,0.00016116035455278067
26175,21.812863547725797,0.5954875100725222,560,681,1241,0.0,0.0008333472224535399,0.5941176470588209,0.00016116035455278067
26176,21.81369689494825,0.5954875100725222,560,681,1241,0.0,0.0008333472224535399,0.5942788074133737,0.00016116035455278067
26177,21.814530242170704,0.5954875100725222,560,681,1241,0.0,0.0008333472224535399,0.5945205479452029,0.00024174053182917098
26178,21.815363589393158,0.5954875100725222,560,681,1241,0.0,0.0008333472224535399,0.594762288477032,0.00024174053182917098
26179,21.81619693661561,0.5954875100725222,560,681,1241,0.0,0.0008333472224535399,0.5950040290088613,0.00024174053182917098
26180,21.817030283838065,0.5938759065269944,560,681,1241,-0.0016116035455278066,0.0008333472224535399,0.5950846091861377,8.058017727639034e-05
26181,21.81786363106052,0.5938759065269944,560,681,1241,0.0,0.0008333472224535399,0.5950846091861377,0.0
26182,21.818696978282972,0.5930701047542305,560,681,1241,-0.0008058017727639033,0.0008333472224535399,0.594923448831585,-0.00016116035455278067
26183,21.819530325505426,0.5922643029814666,560,681,1241,-0.0008058017727639033,0.0008333472224535399,0.5946011281224794,-0.00032232070910556134
26184,21.82036367272788,0.5938759065269944,560,681,1241,0.0016116035455278066,0.0008333472224535399,0.5944399677679266,-0.00016116035455278067
26185,21.821197019950333,0.5930701047542305,560,681,1241,-0.0008058017727639033,0.0008333472224535399,0.5941982272360974,-0.00024174053182917098
26186,21.822030367172786,0.5930701047542305,560,681,1241,0.0,0.0008333472224535399,0.5939564867042681,-0.00024174053182917098
26187,21.82286371439524,0.5930701047542305,560,681,1241,0.0,0.0008333472224535399,0.593714746172439,-0.00024174053182917098
26188,21.823697061617693,0.5946817082997583,560,681,1241,0.0016116035455278066,0.0008333472224535399,0.5936341659951625,-8.058017727639034e-05
26189,21.824530408840147,0.5946817082997583,560,681,1241,0.0,0.0008333472224535399,0.5935535858178861,-8.058017727639034e-05
26190,21.8253637560626,0.5946817082997583,560,681,1241,0.0,0.0008333472224535399,0.5936341659951625,8.058017727639034e-05
26191,21.826197103285054,0.5938759065269944,560,681,1241,-0.0008058017727639033,0.0008333472224535399,0.5936341659951625,0.0
26192,21.82703045050751,0.5930701047542305,560,681,1241,-0.0008058017727639033,0.0008333472224570926,0.5936341659951625,0.0
26193,21.827863797729965,0.5954875100725222,560,681,1241,0.00241740531829171,0.0008333472224535399,0.593956486704268,0.00032232070910556134
26194,21.828697144952418,0.5962933118452861,560,681,1241,0.0008058017727639033,0.0008333472224535399,0.5941982272360972,0.00024174053182917098
26195,21.82953049217487,0.59709911361805,560,681,1241,0.0008058017727639033,0.0008333472224535399,0.5946011281224791,0.00040290088638195165
26196,21.830363839397325,0.59709911361805,560,681,1241,0.0,0.0008333472224535399,0.5950040290088612,0.00040290088638195165
26197,21.83119718661978,0.5979049153908138,560,681,1241,0.0008058017727637923,0.0008333472224535399,0.5954875100725194,0.0004834810636583309
26198,21.832030533842232,0.59709911361805,560,681,1241,-0.0008058017727637923,0.0008333472224535399,0.5957292506043487,0.00024174053182917098
26199,21.832863881064686,0.59709911361805,560,681,1241,0.0,0.0008333472224535399,0.5959709911361779,0.00024174053182917098
26200,21.83369722828714,0.59709911361805,560,681,1241,0.0,0.0008333472224535399,0.5962127316680071,0.00024174053182917098
26201,21.834530575509593,0.5979049153908138,560,681,1241,0.0008058017727637923,0.0008333472224535399,0.596615632554389,0.00040290088638194054
26202,21.835363922732046,0.5979049153908138,560,681,1241,0.0,0.0008333472224535399,0.5970991136180474,0.0004834810636583309
26203,21.8361972699545,0.5979049153908138,560,681,1241,0.0,0.0008333472224535399,0.5973408541498765,0.0002417405318291599
26204,21.837030617176953,0.5987107171635777,560,681,1241,0.0008058017727639033,0.0008333472224535399,0.5975825946817057,0.0002417405318291599
26205,21.837863964399407,0.5987107171635777,560,681,1241,0.0,0.0008333472224535399,0.5977437550362585,0.00016116035455276956
26206,21.83869731162186,0.59709911361805,560,681,1241,-0.0016116035455276956,0.0008333472224535399,0.5977437550362585,0.0
26207,21.839530658844314,0.5979049153908138,560,681,1241,0.0008058017727637923,0.0008333472224535399,0.5977437550362585,0.0
26208,21.840364006066768,0.5979049153908138,560,681,1241,0.0,0.0008333472224535399,0.5978243352135348,8.058017727637922e-05
26209,21.84119735328922,0.5979049153908138,560,681,1241,0.0,0.0008333472224535399,0.5979049153908111,8.058017727637922e-05
26210,21.842030700511675,0.5979049153908138,560,681,1241,0.0,0.0008333472224535399,0.5979854955680876,8.058017727637922e-05
26211,21.84286404773413,0.5987107171635777,560,681,1241,0.0008058017727639033,0.0008333472224535399,0.598066075745364,8.058017727639034e-05
26212,21.843697394956582,0.5979049153908138,560,681,1241,-0.0008058017727639033,0.0008333472224535399,0.598066075745364,0.0
26213,21.84453074217904,0.5979049153908138,560,681,1241,0.0,0.0008333472224570926,0.598066075745364,0.0
26214,21.845364089401492,0.5979049153908138,560,681,1241,0.0,0.0008333472224535399,0.5979854955680876,-8.058017727639034e-05
26215,21.846197436623946,0.59709911361805,560,681,1241,-0.0008058017727637923,0.0008333472224535399,0.5978243352135347,-0.00016116035455276956
26216,21.8470307838464,0.59709911361805,560,681,1241,0.0,0.0008333472224535399,0.5978243352135347,0.0
26217,21.847864131068853,0.5962933118452861,560,681,1241,-0.0008058017727639033,0.0008333472224535399,0.597663174858982,-0.00016116035455276956
26218,21.848697478291307,0.5962933118452861,560,681,1241,0.0,0.0008333472224535399,0.5975020145044292,-0.00016116035455276956
26219,21.84953082551376,0.5954875100725222,560,681,1241,-0.0008058017727639033,0.0008333472224535399,0.5972602739726001,-0.0002417405318291599
26220,21.850364172736214,0.5954875100725222,560,681,1241,0.0,0.0008333472224535399,0.5970185334407709,-0.0002417405318291599
26221,21.851197519958667,0.5954875100725222,560,681,1241,0.0,0.0008333472224535399,0.5966962127316654,-0.00032232070910555023
26222,21.85203086718112,0.5954875100725222,560,681,1241,0.0,0.0008333472224535399,0.5964544721998363,-0.0002417405318291599
26223,21.852864214403574,0.5954875100725222,560,681,1241,0.0,0.0008333472224535399,0.5962127316680071,-0.0002417405318291599
26224,21.853697561626028,0.5962933118452861,560,681,1241,0.0008058017727639033,0.0008333472224535399,0.5960515713134543,-0.00016116035455276956
26225,21.85453090884848,0.5962933118452861,560,681,1241,0.0,0.0008333472224535399,0.5959709911361779,-8.058017727639034e-05
26226,21.855364256070935,0.5962933118452861,560,681,1241,0.0,0.0008333472224535399,0.5958904109589015,-8.058017727639034e-05
26227,21.85619760329339,0.5954875100725222,560,681,1241,-0.0008058017727639033,0.0008333472224535399,0.5958098307816251,-8.058017727639034e-05
26228,21.857030950515842,0.5954875100725222,560,681,1241,0.0,0.0008333472224535399,0.5957292506043488,-8.058017727639034e-05
26229,21.857864297738296,0.59709911361805,560,681,1241,0.0016116035455278066,0.0008333472224535399,0.5958904109589016,0.00016116035455278067
26230,21.85869764496075,0.59709911361805,560,681,1241,0.0,0.0008333472224535399,0.5960515713134543,0.00016116035455278067
26231,21.859530992183203,0.59709911361805,560,681,1241,0.0,0.0008333472224535399,0.5962127316680071,0.00016116035455278067
26232,21.860364339405656,0.59709911361805,560,681,1241,0.0,0.0008333472224535399,0.5963738920225599,0.00016116035455278067
26233,21.86119768662811,0.59709911361805,560,681,1241,0.0,0.0008333472224535399,0.5965350523771127,0.00016116035455278067
26234,21.862031033850567,0.59709911361805,560,681,1241,0.0,0.0008333472224570926,0.5966156325543891,8.058017727639034e-05
26235,21.86286438107302,0.59709911361805,560,681,1241,0.0,0.0008333472224535399,0.5966962127316655,8.058017727639034e-05
26236,21.863697728295474,0.5979049153908138,560,681,1241,0.0008058017727637923,0.0008333472224535399,0.5968573730862183,0.00016116035455276956
26237,21.864531075517927,0.5979049153908138,560,681,1241,0.0,0.0008333472224535399,0.5970991136180475,0.0002417405318291599
26238,21.86536442274038,0.5979049153908138,560,681,1241,0.0,0.0008333472224535399,0.5973408541498766,0.0002417405318291599
26239,21.866197769962834,0.5962933118452861,560,681,1241,-0.0016116035455276956,0.0008333472224535399,0.5972602739726002,-8.058017727639034e-05
26240,21.867031117185288,0.5954875100725222,560,681,1241,-0.0008058017727639033,0.0008333472224535399,0.5970991136180474,-0.00016116035455278067
26241,21.86786446440774,0.5954875100725222,560,681,1241,0.0,0.0008333472224535399,0.5969379532634946,-0.00016116035455278067
26242,21.868697811630195,0.5954875100725222,560,681,1241,0.0,0.0008333472224535399,0.5967767929089418,-0.00016116035455278067
26243,21.86953115885265,0.5954875100725222,560,681,1241,0.0,0.0008333472224535399,0.596615632554389,-0.00016116035455278067
26244,21.870364506075102,0.5954875100725222,560,681,1241,0.0,0.0008333472224535399,0.5964544721998363,-0.00016116035455278067
26245,21.871197853297556,0.5954875100725222,560,681,1241,0.0,0.0008333472224535399,0.5962933118452834,-0.00016116035455278067
26246,21.87203120052001,0.5954875100725222,560,681,1241,0.0,0.0008333472224535399,0.5960515713134543,-0.0002417405318291599
26247,21.872864547742463,0.5962933118452861,560,681,1241,0.0008058017727639033,0.0008333472224535399,0.5958904109589016,-0.00016116035455276956
26248,21.873697894964916,0.5962933118452861,560,681,1241,0.0,0.0008333472224535399,0.5957292506043488,-0.00016116035455276956
26249,21.87453124218737,0.5962933118452861,560,681,1241,0.0,0.0008333472224535399,0.5957292506043488,0.0
26250,21.875364589409823,0.5962933118452861,560,681,1241,0.0,0.0008333472224535399,0.5958098307816251,8.058017727639034e-05
26251,21.876197936632277,0.59709911361805,560,681,1241,0.0008058017727639033,0.0008333472224535399,0.5959709911361779,0.00016116035455278067
26252,21.87703128385473,0.5962933118452861,560,681,1241,-0.0008058017727639033,0.0008333472224535399,0.5960515713134542,8.058017727639034e-05
26253,21.877864631077184,0.5954875100725222,560,681,1241,-0.0008058017727639033,0.0008333472224535399,0.5960515713134542,0.0
26254,21.878697978299638,0.5954875100725222,560,681,1241,0.0,0.0008333472224535399,0.5960515713134542,0.0
26255,21.879531325522095,0.5954875100725222,560,681,1241,0.0,0.0008333472224570926,0.5960515713134542,0.0
26256,21.880364672744548,0.5954875100725222,560,681,1241,0.0,0.0008333472224535399,0.5960515713134542,0.0
26257,21.881198019967,0.5962933118452861,560,681,1241,0.0008058017727639033,0.0008333472224535399,0.5960515713134542,0.0
26258,21.882031367189455,0.59709911361805,560,681,1241,0.0008058017727639033,0.0008333472224535399,0.5961321514907307,8.058017727639034e-05
26259,21.88286471441191,0.59709911361805,560,681,1241,0.0,0.0008333472224535399,0.5962127316680071,8.058017727639034e-05
26260,21.883698061634362,0.5979049153908138,560,681,1241,0.0008058017727637923,0.0008333472224535399,0.5963738920225599,0.00016116035455276956
26261,21.884531408856816,0.5979049153908138,560,681,1241,0.0,0.0008333472224535399,0.5964544721998363,8.058017727637922e-05
26262,21.88536475607927,0.59709911361805,560,681,1241,-0.0008058017727637923,0.0008333472224535399,0.5965350523771127,8.058017727639034e-05
26263,21.886198103301723,0.59709911361805,560,681,1241,0.0,0.0008333472224535399,0.5966962127316655,0.00016116035455278067
26264,21.887031450524177,0.59709911361805,560,681,1241,0.0,0.0008333472224535399,0.5968573730862182,0.00016116035455278067
26265,21.88786479774663,0.5979049153908138,560,681,1241,0.0008058017727637923,0.0008333472224535399,0.5970991136180474,0.0002417405318291599
26266,21.888698144969084,0.5979049153908138,560,681,1241,0.0,0.0008333472224535399,0.5973408541498765,0.0002417405318291599
26267,21.889531492191537,0.5962933118452861,560,681,1241,-0.0016116035455276956,0.0008333472224535399,0.5973408541498765,0.0
26268,21.89036483941399,0.5954875100725222,560,681,1241,-0.0008058017727639033,0.0008333472224535399,0.5971796937953238,-0.00016116035455278067
26269,21.891198186636444,0.5962933118452861,560,681,1241,0.0008058017727639033,0.0008333472224535399,0.5970991136180472,-8.058017727639034e-05
26270,21.892031533858898,0.5962933118452861,560,681,1241,0.0,0.0008333472224535399,0.5969379532634945,-0.00016116035455276956
26271,21.89286488108135,0.5962933118452861,560,681,1241,0.0,0.0008333472224535399,0.5967767929089417,-0.00016116035455276956
26272,21.893698228303805,0.59709911361805,560,681,1241,0.0008058017727639033,0.0008333472224535399,0.5967767929089417,0.0
26273,21.89453157552626,0.59709911361805,560,681,1241,0.0,0.0008333472224535399,0.5967767929089417,0.0
26274,21.895364922748712,0.5979049153908138,560,681,1241,0.0008058017727637923,0.0008333472224535399,0.5968573730862181,8.058017727637922e-05
26275,21.896198269971165,0.5979049153908138,560,681,1241,0.0,0.0008333472224535399,0.5968573730862181,0.0
26276,21.897031617193623,0.59709911361805,560,681,1241,-0.0008058017727637923,0.0008333472224570926,0.5967767929089417,-8.058017727637922e-05
26277,21.897864964416076,0.5962933118452861,560,681,1241,-0.0008058017727639033,0.0008333472224535399,0.5967767929089417,0.0
26278,21.89869831163853,0.59709911361805,560,681,1241,0.0008058017727639033,0.0008333472224535399,0.5969379532634945,0.00016116035455278067
26279,21.899531658860983,0.59709911361805,560,681,1241,0.0,0.0008333472224535399,0.5970185334407709,8.058017727639034e-05
26280,21.900365006083437,0.5987107171635777,560,681,1241,0.0016116035455276956,0.0008333472224535399,0.5972602739726002,0.0002417405318291599
26281,21.90119835330589,0.5995165189363416,560,681,1241,0.0008058017727639033,0.0008333472224535399,0.5975825946817057,0.00032232070910555023
26282,21.902031700528344,0.6003223207091055,560,681,1241,0.0008058017727639033,0.0008333472224535399,0.5979049153908113,0.00032232070910555023
26283,21.902865047750797,0.5995165189363416,560,681,1241,-0.0008058017727639033,0.0008333472224535399,0.5981466559226404,0.0002417405318291599
26284,21.90369839497325,0.6011281224818694,560,681,1241,0.0016116035455278066,0.0008333472224535399,0.5984689766317459,0.00032232070910556134
26285,21.904531742195704,0.6003223207091055,560,681,1241,-0.0008058017727639033,0.0008333472224535399,0.5987107171635752,0.00024174053182917098
26286,21.905365089418158,0.5987107171635777,560,681,1241,-0.0016116035455278066,0.0008333472224535399,0.598871877518128,0.00016116035455276956
26287,21.90619843664061,0.5995165189363416,560,681,1241,0.0008058017727639033,0.0008333472224535399,0.5991941982272335,0.00032232070910555023
26288,21.907031783863065,0.5979049153908138,560,681,1241,-0.0016116035455278066,0.0008333472224535399,0.5992747784045098,8.058017727637922e-05
26289,21.90786513108552,0.59709911361805,560,681,1241,-0.0008058017727637923,0.0008333472224535399,0.5992747784045098,0.0
26290,21.908698478307972,0.5995165189363416,560,681,1241,0.002417405318291599,0.0008333472224535399,0.5993553585817862,8.058017727639034e-05
26291,21.909531825530426,0.5979049153908138,560,681,1241,-0.0016116035455278066,0.0008333472224535399,0.5991941982272334,-0.00016116035455278067
26292,21.91036517275288,0.5979049153908138,560,681,1241,0.0,0.0008333472224535399,0.5989524576954042,-0.00024174053182917098
26293,21.911198519975333,0.5987107171635777,560,681,1241,0.0008058017727639033,0.0008333472224535399,0.5988718775181279,-8.058017727639034e-05
26294,21.912031867197786,0.5987107171635777,560,681,1241,0.0,0.0008333472224535399,0.5986301369862987,-0.00024174053182917098
26295,21.91286521442024,0.5987107171635777,560,681,1241,0.0,0.0008333472224535399,0.5984689766317459,-0.00016116035455278067
26296,21.913698561642693,0.5987107171635777,560,681,1241,0.0,0.0008333472224535399,0.5984689766317459,0.0
26297,21.914531908865147,0.5979049153908138,560,681,1241,-0.0008058017727639033,0.0008333472224535399,0.5983078162771932,-0.00016116035455278067
26298,21.915365256087604,0.5987107171635777,560,681,1241,0.0008058017727639033,0.0008333472224570926,0.5983883964544696,8.058017727639034e-05
26299,21.916198603310058,0.5987107171635777,560,681,1241,0.0,0.0008333472224535399,0.5985495568090224,0.00016116035455276956
26300,21.91703195053251,0.5995165189363416,560,681,1241,0.0008058017727639033,0.0008333472224535399,0.5985495568090224,0.0
26301,21.917865297754965,0.6003223207091055,560,681,1241,0.0008058017727639033,0.0008333472224535399,0.5987912973408516,0.00024174053182917098
26302,21.918698644977418,0.6011281224818694,560,681,1241,0.0008058017727639033,0.0008333472224535399,0.5991136180499572,0.00032232070910556134
26303,21.91953199219987,0.6019339242546333,560,681,1241,0.0008058017727639033,0.0008333472224535399,0.5994359387590628,0.00032232070910556134
26304,21.920365339422325,0.6011281224818694,560,681,1241,-0.0008058017727639033,0.0008333472224535399,0.5996776792908919,0.00024174053182917098
26305,21.92119868664478,0.6019339242546333,560,681,1241,0.0008058017727639033,0.0008333472224535399,0.5999999999999974,0.00032232070910556134
26306,21.922032033867232,0.6019339242546333,560,681,1241,0.0,0.0008333472224535399,0.600322320709103,0.00032232070910556134
26307,21.922865381089686,0.6011281224818694,560,681,1241,-0.0008058017727639033,0.0008333472224535399,0.6006446414182085,0.00032232070910556134
26308,21.92369872831214,0.6011281224818694,560,681,1241,0.0,0.0008333472224535399,0.6008863819500376,0.00024174053182917098
26309,21.924532075534593,0.6011281224818694,560,681,1241,0.0,0.0008333472224535399,0.6011281224818668,0.00024174053182917098
26310,21.925365422757046,0.6011281224818694,560,681,1241,0.0,0.0008333472224535399,0.6012892828364196,0.00016116035455278067
26311,21.9261987699795,0.6003223207091055,560,681,1241,-0.0008058017727639033,0.0008333472224535399,0.6012892828364196,0.0
26312,21.927032117201954,0.6003223207091055,560,681,1241,0.0,0.0008333472224535399,0.6012087026591433,-8.058017727639034e-05
26313,21.927865464424407,0.6003223207091055,560,681,1241,0.0,0.0008333472224535399,0.6010475423045905,-0.00016116035455278067
26314,21.92869881164686,0.6003223207091055,560,681,1241,0.0,0.0008333472224535399,0.6009669621273142,-8.058017727639034e-05
26315,21.929532158869314,0.6003223207091055,560,681,1241,0.0,0.0008333472224535399,0.6008058017727613,-0.00016116035455278067
26316,21.930365506091768,0.6003223207091055,560,681,1241,0.0,0.0008333472224535399,0.6006446414182085,-0.00016116035455278067
26317,21.93119885331422,0.6003223207091055,560,681,1241,0.0,0.0008333472224535399,0.6005640612409322,-8.058017727639034e-05
26318,21.932032200536675,0.6003223207091055,560,681,1241,0.0,0.0008333472224535399,0.6004834810636559,-8.058017727639034e-05
26319,21.932865547759132,0.6003223207091055,560,681,1241,0.0,0.0008333472224570926,0.6004029008863795,-8.058017727639034e-05
26320,21.933698894981585,0.5995165189363416,560,681,1241,-0.0008058017727639033,0.0008333472224535399,0.6002417405318268,-0.00016116035455278067
26321,21.93453224220404,0.5995165189363416,560,681,1241,0.0,0.0008333472224535399,0.6001611603545502,-8.058017727639034e-05
26322,21.935365589426493,0.5987107171635777,560,681,1241,-0.0008058017727639033,0.0008333472224535399,0.5999999999999975,-0.00016116035455278067
26323,21.936198936648946,0.5987107171635777,560,681,1241,0.0,0.0008333472224535399,0.5998388396454447,-0.00016116035455278067
26324,21.9370322838714,0.5995165189363416,560,681,1241,0.0008058017727639033,0.0008333472224535399,0.5997582594681683,-8.058017727639034e-05
26325,21.937865631093853,0.5987107171635777,560,681,1241,-0.0008058017727639033,0.0008333472224535399,0.5995970991136155,-0.00016116035455278067
26326,21.938698978316307,0.5979049153908138,560,681,1241,-0.0008058017727639033,0.0008333472224535399,0.5993553585817863,-0.00024174053182917098
26327,21.93953232553876,0.5979049153908138,560,681,1241,0.0,0.0008333472224535399,0.5991136180499571,-0.00024174053182917098
26328,21.940365672761214,0.59709911361805,560,681,1241,-0.0008058017727637923,0.0008333472224535399,0.5987912973408516,-0.00032232070910555023
26329,21.941199019983667,0.59709911361805,560,681,1241,0.0,0.0008333472224535399,0.5984689766317459,-0.00032232070910555023
26330,21.94203236720612,0.59709911361805,560,681,1241,0.0,0.0008333472224535399,0.5982272360999168,-0.0002417405318291599
26331,21.942865714428574,0.5962933118452861,560,681,1241,-0.0008058017727639033,0.0008333472224535399,0.5979049153908113,-0.00032232070910555023
26332,21.943699061651028,0.59709911361805,560,681,1241,0.0008058017727639033,0.0008333472224535399,0.5977437550362585,-0.00016116035455276956
26333,21.94453240887348,0.5979049153908138,560,681,1241,0.0008058017727637923,0.0008333472224535399,0.597663174858982,-8.058017727639034e-05
26334,21.945365756095935,0.59709911361805,560,681,1241,-0.0008058017727637923,0.0008333472224535399,0.5974214343271529,-0.0002417405318291599
26335,21.94619910331839,0.59709911361805,560,681,1241,0.0,0.0008333472224535399,0.5972602739726002,-0.00016116035455276956
26336,21.947032450540842,0.59709911361805,560,681,1241,0.0,0.0008333472224535399,0.5971796937953238,-8.058017727637922e-05
26337,21.947865797763296,0.5995165189363416,560,681,1241,0.002417405318291599,0.0008333472224535399,0.5973408541498766,0.00016116035455278067
26338,21.94869914498575,0.5987107171635777,560,681,1241,-0.0008058017727639033,0.0008333472224535399,0.5975020145044294,0.00016116035455276956
26339,21.949532492208203,0.5987107171635777,560,681,1241,0.0,0.0008333472224535399,0.5976631748589821,0.00016116035455276956
26340,21.95036583943066,0.5979049153908138,560,681,1241,-0.0008058017727639033,0.0008333472224570926,0.5977437550362585,8.058017727637922e-05
26341,21.951199186653113,0.5987107171635777,560,681,1241,0.0008058017727639033,0.0008333472224535399,0.5979854955680877,0.0002417405318291599
26342,21.952032533875567,0.5987107171635777,560,681,1241,0.0,0.0008333472224535399,0.5981466559226405,0.00016116035455276956
26343,21.95286588109802,0.5987107171635777,560,681,1241,0.0,0.0008333472224535399,0.5982272360999169,8.058017727639034e-05
26344,21.953699228320474,0.5995165189363416,560,681,1241,0.0008058017727639033,0.0008333472224535399,0.598468976631746,0.0002417405318291599
26345,21.954532575542927,0.5995165189363416,560,681,1241,0.0,0.0008333472224535399,0.5987107171635752,0.0002417405318291599
26346,21.95536592276538,0.5987107171635777,560,681,1241,-0.0008058017727639033,0.0008333472224535399,0.598871877518128,0.00016116035455276956
26347,21.956199269987835,0.5979049153908138,560,681,1241,-0.0008058017727639033,0.0008333472224535399,0.5987107171635752,-0.00016116035455278067
26348,21.957032617210288,0.5979049153908138,560,681,1241,0.0,0.0008333472224535399,0.5986301369862987,-8.058017727639034e-05
26349,21.95786596443274,0.5979049153908138,560,681,1241,0.0,0.0008333472224535399,0.5985495568090223,-8.058017727639034e-05
26350,21.958699311655195,0.5995165189363416,560,681,1241,0.0016116035455278066,0.0008333472224535399,0.598710717163575,0.00016116035455278067
26351,21.95953265887765,0.5987107171635777,560,681,1241,-0.0008058017727639033,0.0008333472224535399,0.598710717163575,0.0
26352,21.960366006100102,0.5987107171635777,560,681,1241,0.0,0.0008333472224535399,0.598710717163575,0.0
26353,21.961199353322556,0.5987107171635777,560,681,1241,0.0,0.0008333472224535399,0.598710717163575,0.0
26354,21.96203270054501,0.5987107171635777,560,681,1241,0.0,0.0008333472224535399,0.5986301369862987,-8.058017727639034e-05
26355,21.962866047767463,0.5995165189363416,560,681,1241,0.0008058017727639033,0.0008333472224535399,0.5986301369862987,0.0
26356,21.963699394989916,0.6003223207091055,560,681,1241,0.0008058017727639033,0.0008333472224535399,0.5987912973408516,0.00016116035455278067
26357,21.96453274221237,0.6035455278001611,560,681,1241,0.003223207091055613,0.0008333472224535399,0.5993553585817863,0.0005640612409347323
26358,21.965366089434823,0.6035455278001611,560,681,1241,0.0,0.0008333472224535399,0.5999194198227211,0.0005640612409347323
26359,21.966199436657277,0.6035455278001611,560,681,1241,0.0,0.0008333472224535399,0.6004834810636559,0.0005640612409347323
26360,21.96703278387973,0.6035455278001611,560,681,1241,0.0,0.0008333472224535399,0.6008863819500379,0.00040290088638195165
26361,21.967866131102188,0.6035455278001611,560,681,1241,0.0,0.0008333472224570926,0.6013698630136962,0.00048348106365834196
26362,21.96869947832464,0.6035455278001611,560,681,1241,0.0,0.0008333472224535399,0.6018533440773546,0.00048348106365834196
26363,21.969532825547095,0.6051571313456889,560,681,1241,0.0016116035455278066,0.0008333472224535399,0.6024979854955657,0.0006446414182111227
26364,21.97036617276955,0.6051571313456889,560,681,1241,0.0,0.0008333472224535399,0.6031426269137767,0.0006446414182111227
26365,21.971199519992002,0.6059629331184528,560,681,1241,0.0008058017727639033,0.0008333472224535399,0.6037872683319879,0.0006446414182111227
26366,21.972032867214455,0.6059629331184528,560,681,1241,0.0,0.0008333472224535399,0.6043513295729226,0.0005640612409347323
26367,21.97286621443691,0.6051571313456889,560,681,1241,-0.0008058017727639033,0.0008333472224535399,0.6045124899274754,0.00016116035455278067
26368,21.973699561659362,0.6067687348912167,560,681,1241,0.0016116035455278066,0.0008333472224535399,0.604834810636581,0.00032232070910556134
26369,21.974532908881816,0.6075745366639806,560,681,1241,0.0008058017727639033,0.0008333472224535399,0.6052377115229628,0.00040290088638195165
26370,21.97536625610427,0.6083803384367445,560,681,1241,0.0008058017727639033,0.0008333472224535399,0.6057211925866212,0.00048348106365834196
26371,21.976199603326723,0.6067687348912167,560,681,1241,-0.0016116035455278066,0.0008333472224535399,0.6060435132957267,0.00032232070910556134
26372,21.977032950549177,0.6067687348912167,560,681,1241,0.0,0.0008333472224535399,0.6063658340048323,0.00032232070910556134
26373,21.97786629777163,0.6075745366639806,560,681,1241,0.0008058017727639033,0.0008333472224535399,0.6066075745366615,0.00024174053182917098
26374,21.978699644994084,0.6083803384367445,560,681,1241,0.0008058017727639033,0.0008333472224535399,0.606929895245767,0.00032232070910556134
26375,21.979532992216537,0.6083803384367445,560,681,1241,0.0,0.0008333472224535399,0.6071716357775963,0.00024174053182917098
26376,21.98036633943899,0.6075745366639806,560,681,1241,-0.0008058017727639033,0.0008333472224535399,0.607332796132149,0.00016116035455278067
26377,21.981199686661444,0.6075745366639806,560,681,1241,0.0,0.0008333472224535399,0.6075745366639781,0.00024174053182917098
26378,21.982033033883898,0.6075745366639806,560,681,1241,0.0,0.0008333472224535399,0.6076551168412545,8.058017727639034e-05
26379,21.98286638110635,0.6075745366639806,560,681,1241,0.0,0.0008333472224535399,0.6076551168412545,0.0
26380,21.983699728328805,0.6083803384367445,560,681,1241,0.0008058017727639033,0.0008333472224535399,0.6076551168412545,0.0
26381,21.98453307555126,0.6099919419822724,560,681,1241,0.0016116035455278066,0.0008333472224535399,0.60797743755036,0.00032232070910556134
26382,21.985366422773716,0.6107977437550363,560,681,1241,0.0008058017727639033,0.0008333472224570926,0.6083803384367419,0.00040290088638195165
26383,21.98619976999617,0.6124093473005641,560,681,1241,0.0016116035455278066,0.0008333472224535399,0.6088638195004002,0.00048348106365834196
26384,21.987033117218623,0.613215149073328,560,681,1241,0.0008058017727639033,0.0008333472224535399,0.6093473005640586,0.00048348106365834196
26385,21.987866464441076,0.6116035455278002,560,681,1241,-0.0016116035455278066,0.0008333472224535399,0.6096696212731642,0.00032232070910556134
26386,21.98869981166353,0.6107977437550363,560,681,1241,-0.0008058017727639033,0.0008333472224535399,0.6099919419822697,0.00032232070910556134
26387,21.989533158885983,0.6116035455278002,560,681,1241,0.0008058017727639033,0.0008333472224535399,0.6103948428686518,0.00040290088638195165
26388,21.990366506108437,0.6116035455278002,560,681,1241,0.0,0.0008333472224535399,0.6107977437550337,0.00040290088638195165
26389,21.99119985333089,0.6116035455278002,560,681,1241,0.0,0.0008333472224535399,0.6112006446414158,0.00040290088638195165
26390,21.992033200553344,0.6124093473005641,560,681,1241,0.0008058017727639033,0.0008333472224535399,0.6116035455277976,0.00040290088638195165
26391,21.992866547775797,0.613215149073328,560,681,1241,0.0008058017727639033,0.0008333472224535399,0.6119258662369031,0.00032232070910556134
26392,21.99369989499825,0.6124093473005641,560,681,1241,-0.0008058017727639033,0.0008333472224535399,0.612087026591456,0.00016116035455278067
26393,21.994533242220704,0.6116035455278002,560,681,1241,-0.0008058017727639033,0.0008333472224535399,0.6120064464141797,-8.058017727639034e-05
26394,21.995366589443158,0.6124093473005641,560,681,1241,0.0008058017727639033,0.0008333472224535399,0.6119258662369031,-8.058017727639034e-05
26395,21.99619993666561,0.6124093473005641,560,681,1241,0.0,0.0008333472224535399,0.6120064464141796,8.058017727639034e-05
26396,21.997033283888065,0.6116035455278002,560,681,1241,-0.0008058017727639033,0.0008333472224535399,0.612087026591456,8.058017727639034e-05
26397,21.99786663111052,0.6124093473005641,560,681,1241,0.0008058017727639033,0.0008333472224535399,0.6121676067687323,8.058017727639034e-05
26398,21.998699978332972,0.613215149073328,560,681,1241,0.0008058017727639033,0.0008333472224535399,0.6123287671232851,0.00016116035455278067
26399,21.999533325555426,0.6124093473005641,560,681,1241,-0.0008058017727639033,0.0008333472224535399,0.6124093473005614,8.058017727639034e-05
26400,22.00036667277788,0.6124093473005641,560,681,1241,0.0,0.0008333472224535399,0.6124093473005614,0.0
26401,22.001200020000333,0.6116035455278002,560,681,1241,-0.0008058017727639033,0.0008333472224535399,0.6122481869460087,-0.00016116035455278067
26402,22.002033367222786,0.6116035455278002,560,681,1241,0.0,0.0008333472224535399,0.6121676067687323,-8.058017727639034e-05
26403,22.002866714445243,0.6099919419822724,560,681,1241,-0.0016116035455278066,0.0008333472224570926,0.6120064464141796,-0.00016116035455278067
26404,22.003700061667697,0.6107977437550363,560,681,1241,0.0008058017727639033,0.0008333472224535399,0.6118452860596267,-0.00016116035455278067
26405,22.00453340889015,0.6116035455278002,560,681,1241,0.0008058017727639033,0.0008333472224535399,0.6117647058823504,-8.058017727639034e-05
26406,22.005366756112604,0.6107977437550363,560,681,1241,-0.0008058017727639033,0.0008333472224535399,0.611684125705074,-8.058017727639034e-05
26407,22.006200103335058,0.6107977437550363,560,681,1241,0.0,0.0008333472224535399,0.6115229653505212,-0.00016116035455278067
26408,22.00703345055751,0.6107977437550363,560,681,1241,0.0,0.0008333472224535399,0.611281224818692,-0.00024174053182917098
26409,22.007866797779965,0.6099919419822724,560,681,1241,-0.0008058017727639033,0.0008333472224535399,0.6110394842868628,-0.00024174053182917098
26410,22.00870014500242,0.6099919419822724,560,681,1241,0.0,0.0008333472224535399,0.6107977437550337,-0.00024174053182917098
26411,22.00953349222487,0.6099919419822724,560,681,1241,0.0,0.0008333472224535399,0.610636583400481,-0.00016116035455278067
26412,22.010366839447325,0.6099919419822724,560,681,1241,0.0,0.0008333472224535399,0.6104754230459282,-0.00016116035455278067
26413,22.01120018666978,0.6099919419822724,560,681,1241,0.0,0.0008333472224535399,0.6104754230459282,0.0
26414,22.012033533892232,0.6075745366639806,560,681,1241,-0.00241740531829171,0.0008333472224535399,0.6101531023368226,-0.00032232070910556134
26415,22.012866881114686,0.6075745366639806,560,681,1241,0.0,0.0008333472224535399,0.6097502014504406,-0.00040290088638195165
26416,22.01370022833714,0.6051571313456889,560,681,1241,-0.00241740531829171,0.0008333472224535399,0.6091861402095059,-0.0005640612409347323
26417,22.014533575559593,0.6051571313456889,560,681,1241,0.0,0.0008333472224535399,0.6086220789685712,-0.0005640612409347323
26418,22.015366922782047,0.6051571313456889,560,681,1241,0.0,0.0008333472224535399,0.6080580177276366,-0.0005640612409347323
26419,22.0162002700045,0.604351329572925,560,681,1241,-0.0008058017727639033,0.0008333472224535399,0.6074939564867018,-0.0005640612409347323
26420,22.017033617226954,0.6035455278001611,560,681,1241,-0.0008058017727639033,0.0008333472224535399,0.6068493150684906,-0.0006446414182111227
26421,22.017866964449407,0.6027397260273972,560,681,1241,-0.0008058017727639033,0.0008333472224535399,0.6061240934730031,-0.000725221595487513
26422,22.01870031167186,0.6035455278001611,560,681,1241,0.0008058017727639033,0.0008333472224535399,0.6054794520547919,-0.0006446414182111227
26423,22.019533658894314,0.6035455278001611,560,681,1241,0.0,0.0008333472224535399,0.6048348106365808,-0.0006446414182111227
26424,22.020367006116768,0.6035455278001611,560,681,1241,0.0,0.0008333472224535399,0.6044319097501989,-0.00040290088638195165
26425,22.021200353339225,0.6027397260273972,560,681,1241,-0.0008058017727639033,0.0008333472224570926,0.6039484286865406,-0.00048348106365834196
26426,22.02203370056168,0.6035455278001611,560,681,1241,0.0008058017727639033,0.0008333472224535399,0.6037872683319878,-0.00016116035455278067
26427,22.022867047784132,0.6035455278001611,560,681,1241,0.0,0.0008333472224535399,0.603626107977435,-0.00016116035455278067
26428,22.023700395006585,0.6035455278001611,560,681,1241,0.0,0.0008333472224535399,0.6034649476228823,-0.00016116035455278067
26429,22.02453374222904,0.6035455278001611,560,681,1241,0.0,0.0008333472224535399,0.6033843674456059,-8.058017727639034e-05
26430,22.025367089451493,0.6027397260273972,560,681,1241,-0.0008058017727639033,0.0008333472224535399,0.6033037872683295,-8.058017727639034e-05
26431,22.026200436673946,0.6019339242546333,560,681,1241,-0.0008058017727639033,0.0008333472224535399,0.6032232070910531,-8.058017727639034e-05
26432,22.0270337838964,0.6011281224818694,560,681,1241,-0.0008058017727639033,0.0008333472224535399,0.6029814665592239,-0.00024174053182917098
26433,22.027867131118853,0.6011281224818694,560,681,1241,0.0,0.0008333472224535399,0.6027397260273947,-0.00024174053182917098
26434,22.028700478341307,0.6011281224818694,560,681,1241,0.0,0.0008333472224535399,0.6024979854955654,-0.00024174053182917098
26435,22.02953382556376,0.6011281224818694,560,681,1241,0.0,0.0008333472224535399,0.6023368251410127,-0.00016116035455278067
26436,22.030367172786214,0.6011281224818694,560,681,1241,0.0,0.0008333472224535399,0.6020950846091835,-0.00024174053182917098
26437,22.031200520008667,0.6011281224818694,560,681,1241,0.0,0.0008333472224535399,0.6018533440773542,-0.00024174053182917098
26438,22.03203386723112,0.6019339242546333,560,681,1241,0.0008058017727639033,0.0008333472224535399,0.6016921837228015,-0.00016116035455278067
26439,22.032867214453574,0.6019339242546333,560,681,1241,0.0,0.0008333472224535399,0.6015310233682487,-0.00016116035455278067
26440,22.033700561676028,0.6011281224818694,560,681,1241,-0.0008058017727639033,0.0008333472224535399,0.6013698630136959,-0.00016116035455278067
26441,22.03453390889848,0.6003223207091055,560,681,1241,-0.0008058017727639033,0.0008333472224535399,0.6012087026591432,-0.00016116035455278067
26442,22.035367256120935,0.6003223207091055,560,681,1241,0.0,0.0008333472224535399,0.6011281224818668,-8.058017727639034e-05
26443,22.03620060334339,0.6003223207091055,560,681,1241,0.0,0.0008333472224535399,0.6010475423045905,-8.058017727639034e-05
26444,22.037033950565842,0.6003223207091055,560,681,1241,0.0,0.0008333472224535399,0.6009669621273142,-8.058017727639034e-05
26445,22.037867297788296,0.5995165189363416,560,681,1241,-0.0008058017727639033,0.0008333472224535399,0.6008058017727613,-0.00016116035455278067
26446,22.038700645010753,0.5995165189363416,560,681,1241,0.0,0.0008333472224570926,0.6006446414182085,-0.00016116035455278067
26447,22.039533992233206,0.5995165189363416,560,681,1241,0.0,0.0008333472224535399,0.6004834810636558,-0.00016116035455278067
26448,22.04036733945566,0.6011281224818694,560,681,1241,0.0016116035455278066,0.0008333472224535399,0.6004029008863794,-8.058017727639034e-05
26449,22.041200686678113,0.6003223207091055,560,681,1241,-0.0008058017727639033,0.0008333472224535399,0.6002417405318266,-0.00016116035455278067
26450,22.042034033900567,0.6011281224818694,560,681,1241,0.0008058017727639033,0.0008333472224535399,0.6002417405318266,0.0
26451,22.04286738112302,0.6019339242546333,560,681,1241,0.0008058017727639033,0.0008333472224535399,0.6004029008863794,0.00016116035455278067
26452,22.043700728345474,0.6027397260273972,560,681,1241,0.0008058017727639033,0.0008333472224535399,0.6006446414182085,0.00024174053182917098
26453,22.044534075567928,0.6027397260273972,560,681,1241,0.0,0.0008333472224535399,0.6008863819500376,0.00024174053182917098
26454,22.04536742279038,0.6019339242546333,560,681,1241,-0.0008058017727639033,0.0008333472224535399,0.6010475423045903,0.00016116035455278067
26455,22.046200770012835,0.6019339242546333,560,681,1241,0.0,0.0008333472224535399,0.6012892828364196,0.00024174053182917098
26456,22.047034117235288,0.6019339242546333,560,681,1241,0.0,0.0008333472224535399,0.6015310233682488,0.00024174053182917098
26457,22.04786746445774,0.6019339242546333,560,681,1241,0.0,0.0008333472224535399,0.6017727639000781,0.00024174053182917098
26458,22.048700811680195,0.6019339242546333,560,681,1241,0.0,0.0008333472224535399,0.6018533440773545,8.058017727639034e-05
26459,22.04953415890265,0.6019339242546333,560,681,1241,0.0,0.0008333472224535399,0.6020145044319072,0.00016116035455278067
26460,22.050367506125102,0.6019339242546333,560,681,1241,0.0,0.0008333472224535399,0.6020950846091837,8.058017727639034e-05
26461,22.051200853347556,0.6019339242546333,560,681,1241,0.0,0.0008333472224535399,0.6020950846091837,0.0
26462,22.05203420057001,0.6019339242546333,560,681,1241,0.0,0.0008333472224535399,0.6020145044319073,-8.058017727639034e-05
26463,22.052867547792463,0.6027397260273972,560,681,1241,0.0008058017727639033,0.0008333472224535399,0.6020145044319073,0.0
26464,22.053700895014916,0.6027397260273972,560,681,1241,0.0,0.0008333472224535399,0.6020950846091837,8.058017727639034e-05
26465,22.05453424223737,0.6019339242546333,560,681,1241,-0.0008058017727639033,0.0008333472224535399,0.6020950846091837,0.0
26466,22.055367589459824,0.6019339242546333,560,681,1241,0.0,0.0008333472224535399,0.6020950846091837,0.0
26467,22.05620093668228,0.6027397260273972,560,681,1241,0.0008058017727639033,0.0008333472224570926,0.60217566478646,8.058017727639034e-05
26468,22.057034283904734,0.6027397260273972,560,681,1241,0.0,0.0008333472224535399,0.6022562449637363,8.058017727639034e-05
26469,22.057867631127188,0.604351329572925,560,681,1241,0.0016116035455278066,0.0008333472224535399,0.6024979854955654,0.00024174053182917098
26470,22.05870097834964,0.6051571313456889,560,681,1241,0.0008058017727639033,0.0008333472224535399,0.6028203062046711,0.00032232070910556134
26471,22.059534325572095,0.6051571313456889,560,681,1241,0.0,0.0008333472224535399,0.6031426269137766,0.00032232070910556134
26472,22.06036767279455,0.6051571313456889,560,681,1241,0.0,0.0008333472224535399,0.6034649476228822,0.00032232070910556134
26473,22.061201020017002,0.6051571313456889,560,681,1241,0.0,0.0008333472224535399,0.6037066881547114,0.00024174053182917098
26474,22.062034367239455,0.6051571313456889,560,681,1241,0.0,0.0008333472224535399,0.6039484286865406,0.00024174053182917098
26475,22.06286771446191,0.6059629331184528,560,681,1241,0.0008058017727639033,0.0008333472224535399,0.6043513295729225,0.00040290088638195165
26476,22.063701061684363,0.6059629331184528,560,681,1241,0.0,0.0008333472224535399,0.6047542304593044,0.00040290088638195165
26477,22.064534408906816,0.6059629331184528,560,681,1241,0.0,0.0008333472224535399,0.60507655116841,0.00032232070910556134
26478,22.06536775612927,0.6059629331184528,560,681,1241,0.0,0.0008333472224535399,0.6053988718775155,0.00032232070910556134
26479,22.066201103351723,0.6059629331184528,560,681,1241,0.0,0.0008333472224535399,0.6055600322320683,0.00016116035455278067
26480,22.067034450574177,0.6051571313456889,560,681,1241,-0.0008058017727639033,0.0008333472224535399,0.6055600322320683,0.0
26481,22.06786779779663,0.6051571313456889,560,681,1241,0.0,0.0008333472224535399,0.6055600322320683,0.0
26482,22.068701145019084,0.6051571313456889,560,681,1241,0.0,0.0008333472224535399,0.6055600322320683,0.0
26483,22.069534492241537,0.6051571313456889,560,681,1241,0.0,0.0008333472224535399,0.6055600322320683,0.0
26484,22.07036783946399,0.6051571313456889,560,681,1241,0.0,0.0008333472224535399,0.6055600322320683,0.0
26485,22.071201186686444,0.604351329572925,560,681,1241,-0.0008058017727639033,0.0008333472224535399,0.6053988718775155,-0.00016116035455278067
26486,22.072034533908898,0.604351329572925,560,681,1241,0.0,0.0008333472224535399,0.6052377115229628,-0.00016116035455278067
26487,22.07286788113135,0.6035455278001611,560,681,1241,-0.0008058017727639033,0.0008333472224535399,0.6049959709911337,-0.00024174053182917098
26488,22.07370122835381,0.6027397260273972,560,681,1241,-0.0008058017727639033,0.0008333472224570926,0.604673650282028,-0.00032232070910556134
26489,22.074534575576262,0.6027397260273972,560,681,1241,0.0,0.0008333472224535399,0.6043513295729225,-0.00032232070910556134
26490,22.075367922798716,0.6027397260273972,560,681,1241,0.0,0.0008333472224535399,0.6041095890410932,-0.00024174053182917098
26491,22.07620127002117,0.6027397260273972,560,681,1241,0.0,0.0008333472224535399,0.6038678485092641,-0.00024174053182917098
26492,22.077034617243623,0.6027397260273972,560,681,1241,0.0,0.0008333472224535399,0.6036261079774349,-0.00024174053182917098
26493,22.077867964466076,0.6027397260273972,560,681,1241,0.0,0.0008333472224535399,0.6033843674456056,-0.00024174053182917098
26494,22.07870131168853,0.6019339242546333,560,681,1241,-0.0008058017727639033,0.0008333472224535399,0.6030620467365001,-0.00032232070910556134
26495,22.079534658910983,0.6011281224818694,560,681,1241,-0.0008058017727639033,0.0008333472224535399,0.6027397260273946,-0.00032232070910556134
26496,22.080368006133437,0.6011281224818694,560,681,1241,0.0,0.0008333472224535399,0.6024174053182889,-0.00032232070910556134
26497,22.08120135335589,0.6011281224818694,560,681,1241,0.0,0.0008333472224535399,0.6021756647864598,-0.00024174053182917098
26498,22.082034700578344,0.6019339242546333,560,681,1241,0.0008058017727639033,0.0008333472224535399,0.6020950846091834,-8.058017727639034e-05
26499,22.082868047800797,0.6019339242546333,560,681,1241,0.0,0.0008333472224535399,0.6020145044319071,-8.058017727639034e-05
26500,22.08370139502325,0.6019339242546333,560,681,1241,0.0,0.0008333472224535399,0.6019339242546307,-8.058017727639034e-05
26501,22.084534742245705,0.6011281224818694,560,681,1241,-0.0008058017727639033,0.0008333472224535399,0.601772763900078,-0.00016116035455278067
26502,22.085368089468158,0.6011281224818694,560,681,1241,0.0,0.0008333472224535399,0.6016116035455251,-0.00016116035455278067
26503,22.08620143669061,0.6003223207091055,560,681,1241,-0.0008058017727639033,0.0008333472224535399,0.601369863013696,-0.00024174053182917098
26504,22.087034783913065,0.5995165189363416,560,681,1241,-0.0008058017727639033,0.0008333472224535399,0.6011281224818668,-0.00024174053182917098
26505,22.08786813113552,0.6011281224818694,560,681,1241,0.0016116035455278066,0.0008333472224535399,0.6011281224818668,0.0
26506,22.088701478357972,0.6003223207091055,560,681,1241,-0.0008058017727639033,0.0008333472224535399,0.6010475423045905,-8.058017727639034e-05
26507,22.089534825580426,0.6003223207091055,560,681,1241,0.0,0.0008333472224535399,0.6009669621273142,-8.058017727639034e-05
26508,22.09036817280288,0.5995165189363416,560,681,1241,-0.0008058017727639033,0.0008333472224535399,0.6007252215954849,-0.00024174053182917098
26509,22.091201520025336,0.6003223207091055,560,681,1241,0.0008058017727639033,0.0008333472224570926,0.6005640612409321,-0.00016116035455278067
26510,22.09203486724779,0.6003223207091055,560,681,1241,0.0,0.0008333472224535399,0.6004029008863794,-0.00016116035455278067
26511,22.092868214470244,0.6003223207091055,560,681,1241,0.0,0.0008333472224535399,0.600322320709103,-8.058017727639034e-05
26512,22.093701561692697,0.6003223207091055,560,681,1241,0.0,0.0008333472224535399,0.6002417405318267,-8.058017727639034e-05
26513,22.09453490891515,0.6003223207091055,560,681,1241,0.0,0.0008333472224535399,0.6002417405318267,0.0
26514,22.095368256137604,0.6003223207091055,560,681,1241,0.0,0.0008333472224535399,0.6003223207091031,8.058017727639034e-05
26515,22.096201603360058,0.6003223207091055,560,681,1241,0.0,0.0008333472224535399,0.6002417405318268,-8.058017727639034e-05
26516,22.09703495058251,0.5995165189363416,560,681,1241,-0.0008058017727639033,0.0008333472224535399,0.6001611603545502,-8.058017727639034e-05
26517,22.097868297804965,0.5979049153908138,560,681,1241,-0.0016116035455278066,0.0008333472224535399,0.5999194198227211,-0.00024174053182917098
26518,22.09870164502742,0.5979049153908138,560,681,1241,0.0,0.0008333472224535399,0.5997582594681683,-0.00016116035455278067
26519,22.099534992249872,0.59709911361805,560,681,1241,-0.0008058017727637923,0.0008333472224535399,0.5994359387590628,-0.00032232070910555023
26520,22.100368339472325,0.5979049153908138,560,681,1241,0.0008058017727637923,0.0008333472224535399,0.5991941982272335,-0.00024174053182917098
26521,22.10120168669478,0.5995165189363416,560,681,1241,0.0016116035455278066,0.0008333472224535399,0.5991136180499571,-8.058017727639034e-05
26522,22.102035033917232,0.6003223207091055,560,681,1241,0.0008058017727639033,0.0008333472224535399,0.5991136180499571,0.0
26523,22.102868381139686,0.6003223207091055,560,681,1241,0.0,0.0008333472224535399,0.5991136180499571,0.0
26524,22.10370172836214,0.6011281224818694,560,681,1241,0.0008058017727639033,0.0008333472224535399,0.5991941982272334,8.058017727639034e-05
26525,22.104535075584593,0.6011281224818694,560,681,1241,0.0,0.0008333472224535399,0.5992747784045098,8.058017727639034e-05
26526,22.105368422807047,0.6003223207091055,560,681,1241,-0.0008058017727639033,0.0008333472224535399,0.5993553585817862,8.058017727639034e-05
26527,22.1062017700295,0.6011281224818694,560,681,1241,0.0008058017727639033,0.0008333472224535399,0.5996776792908918,0.00032232070910556134
26528,22.107035117251954,0.6011281224818694,560,681,1241,0.0,0.0008333472224535399,0.5999999999999973,0.00032232070910556134
26529,22.107868464474407,0.6019339242546333,560,681,1241,0.0008058017727639033,0.0008333472224535399,0.6004834810636557,0.0004834810636583309
26530,22.10870181169686,0.6019339242546333,560,681,1241,0.0,0.0008333472224535399,0.6008863819500376,0.00040290088638195165
26531,22.109535158919318,0.6027397260273972,560,681,1241,0.0008058017727639033,0.0008333472224570926,0.6012087026591433,0.00032232070910556134
26532,22.11036850614177,0.6027397260273972,560,681,1241,0.0,0.0008333472224535399,0.6014504431909724,0.00024174053182917098
26533,22.111201853364225,0.6027397260273972,560,681,1241,0.0,0.0008333472224535399,0.6016921837228015,0.00024174053182917098
26534,22.11203520058668,0.6035455278001611,560,681,1241,0.0008058017727639033,0.0008333472224535399,0.6019339242546307,0.00024174053182917098
26535,22.112868547809132,0.6035455278001611,560,681,1241,0.0,0.0008333472224535399,0.6021756647864599,0.00024174053182917098
26536,22.113701895031586,0.6027397260273972,560,681,1241,-0.0008058017727639033,0.0008333472224535399,0.602417405318289,0.00024174053182917098
26537,22.11453524225404,0.6027397260273972,560,681,1241,0.0,0.0008333472224535399,0.6025785656728418,0.00016116035455278067
26538,22.115368589476493,0.6019339242546333,560,681,1241,-0.0008058017727639033,0.0008333472224535399,0.6026591458501183,8.058017727639034e-05
26539,22.116201936698946,0.6027397260273972,560,681,1241,0.0008058017727639033,0.0008333472224535399,0.6027397260273946,8.058017727639034e-05
26540,22.1170352839214,0.6019339242546333,560,681,1241,-0.0008058017727639033,0.0008333472224535399,0.6027397260273946,0.0
26541,22.117868631143853,0.6003223207091055,560,681,1241,-0.0016116035455278066,0.0008333472224535399,0.6024979854955654,-0.00024174053182917098
26542,22.118701978366307,0.6003223207091055,560,681,1241,0.0,0.0008333472224535399,0.6022562449637363,-0.00024174053182917098
26543,22.11953532558876,0.6003223207091055,560,681,1241,0.0,0.0008333472224535399,0.6020145044319072,-0.00024174053182917098
26544,22.120368672811214,0.5995165189363416,560,681,1241,-0.0008058017727639033,0.0008333472224535399,0.6016116035455252,-0.00040290088638195165
26545,22.121202020033667,0.5995165189363416,560,681,1241,0.0,0.0008333472224535399,0.6012087026591433,-0.00040290088638195165
26546,22.12203536725612,0.6003223207091055,560,681,1241,0.0008058017727639033,0.0008333472224535399,0.6009669621273142,-0.00024174053182917098
26547,22.122868714478575,0.6019339242546333,560,681,1241,0.0016116035455278066,0.0008333472224535399,0.6008863819500377,-8.058017727639034e-05
26548,22.123702061701028,0.6027397260273972,560,681,1241,0.0008058017727639033,0.0008333472224535399,0.6009669621273142,8.058017727639034e-05
26549,22.12453540892348,0.6011281224818694,560,681,1241,-0.0016116035455278066,0.0008333472224535399,0.6008058017727613,-0.00016116035455278067
26550,22.125368756145935,0.6011281224818694,560,681,1241,0.0,0.0008333472224535399,0.6007252215954849,-8.058017727639034e-05
26551,22.12620210336839,0.6003223207091055,560,681,1241,-0.0008058017727639033,0.0008333472224535399,0.6007252215954849,0.0
26552,22.127035450590846,0.5995165189363416,560,681,1241,-0.0008058017727639033,0.0008333472224570926,0.6006446414182085,-8.058017727639034e-05
26553,22.1278687978133,0.5987107171635777,560,681,1241,-0.0008058017727639033,0.0008333472224535399,0.6004834810636557,-0.00016116035455278067
26554,22.128702145035753,0.5995165189363416,560,681,1241,0.0008058017727639033,0.0008333472224535399,0.6004834810636557,0.0
26555,22.129535492258206,0.5995165189363416,560,681,1241,0.0,0.0008333472224535399,0.6004834810636557,0.0
26556,22.13036883948066,0.5987107171635777,560,681,1241,-0.0008058017727639033,0.0008333472224535399,0.6003223207091029,-0.00016116035455278067
26557,22.131202186703113,0.5987107171635777,560,681,1241,0.0,0.0008333472224535399,0.5999999999999973,-0.00032232070910556134
26558,22.132035533925567,0.5987107171635777,560,681,1241,0.0,0.0008333472224535399,0.5995970991136155,-0.00040290088638195165
26559,22.13286888114802,0.5987107171635777,560,681,1241,0.0,0.0008333472224535399,0.5993553585817863,-0.00024174053182917098
26560,22.133702228370474,0.5987107171635777,560,681,1241,0.0,0.0008333472224535399,0.5991136180499572,-0.00024174053182917098
26561,22.134535575592928,0.5987107171635777,560,681,1241,0.0,0.0008333472224535399,0.5989524576954044,-0.00016116035455278067
26562,22.13536892281538,0.5987107171635777,560,681,1241,0.0,0.0008333472224535399,0.5988718775181281,-8.058017727639034e-05
26563,22.136202270037835,0.5995165189363416,560,681,1241,0.0008058017727639033,0.0008333472224535399,0.5989524576954044,8.058017727639034e-05
26564,22.13703561726029,0.5987107171635777,560,681,1241,-0.0008058017727639033,0.0008333472224535399,0.5988718775181281,-8.058017727639034e-05
26565,22.13786896448274,0.59709911361805,560,681,1241,-0.0016116035455276956,0.0008333472224535399,0.598630136986299,-0.0002417405318291599
26566,22.138702311705195,0.59709911361805,560,681,1241,0.0,0.0008333472224535399,0.5984689766317461,-0.00016116035455276956
26567,22.13953565892765,0.59709911361805,560,681,1241,0.0,0.0008333472224535399,0.5983078162771933,-0.00016116035455276956
26568,22.140369006150102,0.5995165189363416,560,681,1241,0.002417405318291599,0.0008333472224535399,0.5983883964544697,8.058017727639034e-05
26569,22.141202353372556,0.5995165189363416,560,681,1241,0.0,0.0008333472224535399,0.598468976631746,8.058017727639034e-05
26570,22.14203570059501,0.5979049153908138,560,681,1241,-0.0016116035455278066,0.0008333472224535399,0.5983883964544696,-8.058017727639034e-05
26571,22.142869047817463,0.5979049153908138,560,681,1241,0.0,0.0008333472224535399,0.5983078162771932,-8.058017727639034e-05
26572,22.143702395039917,0.5979049153908138,560,681,1241,0.0,0.0008333472224535399,0.5982272360999168,-8.058017727639034e-05
26573,22.144535742262374,0.5987107171635777,560,681,1241,0.0008058017727639033,0.0008333472224570926,0.5981466559226404,-8.058017727639034e-05
26574,22.145369089484827,0.6011281224818694,560,681,1241,0.00241740531829171,0.0008333472224535399,0.5983883964544695,0.00024174053182917098
26575,22.14620243670728,0.6011281224818694,560,681,1241,0.0,0.0008333472224535399,0.5987912973408515,0.00040290088638194054
26576,22.147035783929734,0.6011281224818694,560,681,1241,0.0,0.0008333472224535399,0.5991941982272333,0.00040290088638194054
26577,22.147869131152188,0.6011281224818694,560,681,1241,0.0,0.0008333472224535399,0.5995970991136153,0.00040290088638194054
26578,22.14870247837464,0.6019339242546333,560,681,1241,0.0008058017727639033,0.0008333472224535399,0.5998388396454445,0.00024174053182917098
26579,22.149535825597095,0.6019339242546333,560,681,1241,0.0,0.0008333472224535399,0.6000805801772737,0.00024174053182917098
26580,22.15036917281955,0.6011281224818694,560,681,1241,-0.0008058017727639033,0.0008333472224535399,0.6004029008863793,0.00032232070910556134
26581,22.151202520042002,0.6019339242546333,560,681,1241,0.0008058017727639033,0.0008333472224535399,0.6008058017727612,0.00040290088638195165
26582,22.152035867264456,0.6035455278001611,560,681,1241,0.0016116035455278066,0.0008333472224535399,0.601369863013696,0.0005640612409347323
26583,22.15286921448691,0.6027397260273972,560,681,1241,-0.0008058017727639033,0.0008333472224535399,0.601772763900078,0.00040290088638195165
26584,22.153702561709363,0.604351329572925,560,681,1241,0.0016116035455278066,0.0008333472224535399,0.6020950846091835,0.00032232070910556134
26585,22.154535908931816,0.6035455278001611,560,681,1241,-0.0008058017727639033,0.0008333472224535399,0.6023368251410127,0.00024174053182917098
26586,22.15536925615427,0.6035455278001611,560,681,1241,0.0,0.0008333472224535399,0.602578565672842,0.00024174053182917098
26587,22.156202603376723,0.6035455278001611,560,681,1241,0.0,0.0008333472224535399,0.6028203062046711,0.00024174053182917098
26588,22.157035950599177,0.6019339242546333,560,681,1241,-0.0016116035455278066,0.0008333472224535399,0.6028203062046711,0.0
26589,22.15786929782163,0.6011281224818694,560,681,1241,-0.0008058017727639033,0.0008333472224535399,0.6027397260273947,-8.058017727639034e-05
26590,22.158702645044084,0.6003223207091055,560,681,1241,-0.0008058017727639033,0.0008333472224535399,0.6026591458501184,-8.058017727639034e-05
26591,22.159535992266537,0.5995165189363416,560,681,1241,-0.0008058017727639033,0.0008333472224535399,0.6024174053182891,-0.00024174053182917098
26592,22.16036933948899,0.5995165189363416,560,681,1241,0.0,0.0008333472224535399,0.6020145044319072,-0.00040290088638195165
26593,22.161202686711444,0.6003223207091055,560,681,1241,0.0008058017727639033,0.0008333472224535399,0.6017727639000781,-0.00024174053182917098
26594,22.1620360339339,0.6003223207091055,560,681,1241,0.0,0.0008333472224570926,0.6013698630136961,-0.00040290088638195165
26595,22.162869381156355,0.6003223207091055,560,681,1241,0.0,0.0008333472224535399,0.6010475423045906,-0.00032232070910556134
26596,22.16370272837881,0.5995165189363416,560,681,1241,-0.0008058017727639033,0.0008333472224535399,0.6006446414182085,-0.00040290088638195165
26597,22.164536075601262,0.5995165189363416,560,681,1241,0.0,0.0008333472224535399,0.6002417405318266,-0.00040290088638195165
26598,22.165369422823716,0.5995165189363416,560,681,1241,0.0,0.0008333472224535399,0.5999999999999973,-0.00024174053182917098
26599,22.16620277004617,0.5995165189363416,560,681,1241,0.0,0.0008333472224535399,0.5998388396454446,-0.00016116035455278067
26600,22.167036117268623,0.6003223207091055,560,681,1241,0.0008058017727639033,0.0008333472224535399,0.5998388396454446,0.0
26601,22.167869464491076,0.5995165189363416,560,681,1241,-0.0008058017727639033,0.0008333472224535399,0.5998388396454446,0.0
26602,22.16870281171353,0.5995165189363416,560,681,1241,0.0,0.0008333472224535399,0.5998388396454446,0.0
26603,22.169536158935983,0.5995165189363416,560,681,1241,0.0,0.0008333472224535399,0.5997582594681681,-8.058017727639034e-05
26604,22.170369506158437,0.6003223207091055,560,681,1241,0.0008058017727639033,0.0008333472224535399,0.5997582594681681,0.0
26605,22.17120285338089,0.5995165189363416,560,681,1241,-0.0008058017727639033,0.0008333472224535399,0.5996776792908917,-8.058017727639034e-05
26606,22.172036200603344,0.5995165189363416,560,681,1241,0.0,0.0008333472224535399,0.5996776792908917,0.0
26607,22.172869547825798,0.5995165189363416,560,681,1241,0.0,0.0008333472224535399,0.5996776792908917,0.0
26608,22.17370289504825,0.5995165189363416,560,681,1241,0.0,0.0008333472224535399,0.5996776792908917,0.0
26609,22.174536242270705,0.5995165189363416,560,681,1241,0.0,0.0008333472224535399,0.5996776792908917,0.0
26610,22.175369589493158,0.5987107171635777,560,681,1241,-0.0008058017727639033,0.0008333472224535399,0.599516518936339,-0.00016116035455278067
26611,22.17620293671561,0.5987107171635777,560,681,1241,0.0,0.0008333472224535399,0.5994359387590625,-8.058017727639034e-05
26612,22.177036283938065,0.5987107171635777,560,681,1241,0.0,0.0008333472224535399,0.5993553585817862,-8.058017727639034e-05
26613,22.17786963116052,0.5987107171635777,560,681,1241,0.0,0.0008333472224535399,0.5992747784045098,-8.058017727639034e-05
26614,22.178702978382972,0.5987107171635777,560,681,1241,0.0,0.0008333472224535399,0.5991136180499571,-0.00016116035455278067
26615,22.17953632560543,0.5995165189363416,560,681,1241,0.0008058017727639033,0.0008333472224570926,0.5991136180499571,0.0
26616,22.180369672827883,0.5987107171635777,560,681,1241,-0.0008058017727639033,0.0008333472224535399,0.5990330378726807,-8.058017727639034e-05
26617,22.181203020050337,0.5979049153908138,560,681,1241,-0.0008058017727639033,0.0008333472224535399,0.598871877518128,-0.00016116035455278067
26618,22.18203636727279,0.5979049153908138,560,681,1241,0.0,0.0008333472224535399,0.5987107171635752,-0.00016116035455278067
26619,22.182869714495244,0.59709911361805,560,681,1241,-0.0008058017727637923,0.0008333472224535399,0.598468976631746,-0.0002417405318291599
26620,22.183703061717697,0.59709911361805,560,681,1241,0.0,0.0008333472224535399,0.5983078162771933,-0.00016116035455276956
26621,22.18453640894015,0.59709911361805,560,681,1241,0.0,0.0008333472224535399,0.5981466559226405,-0.00016116035455276956
26622,22.185369756162604,0.5979049153908138,560,681,1241,0.0008058017727637923,0.0008333472224535399,0.5980660757453641,-8.058017727639034e-05
26623,22.186203103385058,0.5954875100725222,560,681,1241,-0.002417405318291599,0.0008333472224535399,0.5977437550362585,-0.00032232070910555023
26624,22.18703645060751,0.5962933118452861,560,681,1241,0.0008058017727639033,0.0008333472224535399,0.5975020145044293,-0.0002417405318291599
26625,22.187869797829965,0.59709911361805,560,681,1241,0.0008058017727639033,0.0008333472224535399,0.5972602739726002,-0.0002417405318291599
26626,22.18870314505242,0.5979049153908138,560,681,1241,0.0008058017727637923,0.0008333472224535399,0.5971796937953238,-8.058017727639034e-05
26627,22.189536492274872,0.5987107171635777,560,681,1241,0.0008058017727639033,0.0008333472224535399,0.5972602739726002,8.058017727639034e-05
26628,22.190369839497325,0.5979049153908138,560,681,1241,-0.0008058017727639033,0.0008333472224535399,0.5972602739726002,0.0
26629,22.19120318671978,0.59709911361805,560,681,1241,-0.0008058017727637923,0.0008333472224535399,0.5972602739726002,0.0
26630,22.192036533942233,0.59709911361805,560,681,1241,0.0,0.0008333472224535399,0.5972602739726002,0.0
26631,22.192869881164686,0.5987107171635777,560,681,1241,0.0016116035455276956,0.0008333472224535399,0.5974214343271529,0.00016116035455276956
26632,22.19370322838714,0.5995165189363416,560,681,1241,0.0008058017727639033,0.0008333472224535399,0.5975825946817057,0.00016116035455278067
26633,22.194536575609593,0.6011281224818694,560,681,1241,0.0016116035455278066,0.0008333472224535399,0.5981466559226404,0.0005640612409347212
26634,22.195369922832047,0.6011281224818694,560,681,1241,0.0,0.0008333472224535399,0.5986301369862987,0.0004834810636583309
26635,22.1962032700545,0.5995165189363416,560,681,1241,-0.0016116035455278066,0.0008333472224535399,0.5988718775181279,0.0002417405318291599
26636,22.197036617276957,0.5979049153908138,560,681,1241,-0.0016116035455278066,0.0008333472224570926,0.5988718775181279,0.0
26637,22.19786996449941,0.5979049153908138,560,681,1241,0.0,0.0008333472224535399,0.5987912973408515,-8.058017727639034e-05
26638,22.198703311721864,0.5979049153908138,560,681,1241,0.0,0.0008333472224535399,0.5987912973408515,0.0
26639,22.199536658944318,0.59709911361805,560,681,1241,-0.0008058017727637923,0.0008333472224535399,0.5987912973408515,0.0
26640,22.20037000616677,0.59709911361805,560,681,1241,0.0,0.0008333472224535399,0.5987912973408515,0.0
26641,22.201203353389225,0.5979049153908138,560,681,1241,0.0008058017727637923,0.0008333472224535399,0.598710717163575,-8.058017727639034e-05
26642,22.20203670061168,0.5962933118452861,560,681,1241,-0.0016116035455276956,0.0008333472224535399,0.5983883964544694,-0.00032232070910555023
26643,22.202870047834132,0.59709911361805,560,681,1241,0.0008058017727639033,0.0008333472224535399,0.5979854955680876,-0.00040290088638194054
26644,22.203703395056586,0.59709911361805,560,681,1241,0.0,0.0008333472224535399,0.5975825946817056,-0.00040290088638194054
26645,22.20453674227904,0.5979049153908138,560,681,1241,0.0008058017727637923,0.0008333472224535399,0.5974214343271529,-0.00016116035455278067
26646,22.205370089501493,0.5987107171635777,560,681,1241,0.0008058017727639033,0.0008333472224535399,0.5975020145044293,8.058017727639034e-05
26647,22.206203436723946,0.5962933118452861,560,681,1241,-0.002417405318291599,0.0008333472224535399,0.5973408541498765,-0.00016116035455276956
26648,22.2070367839464,0.5962933118452861,560,681,1241,0.0,0.0008333472224535399,0.5971796937953238,-0.00016116035455276956
26649,22.207870131168853,0.5962933118452861,560,681,1241,0.0,0.0008333472224535399,0.5970991136180472,-8.058017727639034e-05
26650,22.208703478391307,0.5954875100725222,560,681,1241,-0.0008058017727639033,0.0008333472224535399,0.5969379532634945,-0.00016116035455278067
26651,22.20953682561376,0.5954875100725222,560,681,1241,0.0,0.0008333472224535399,0.5966962127316654,-0.0002417405318291599
26652,22.210370172836214,0.5946817082997583,560,681,1241,-0.0008058017727639033,0.0008333472224535399,0.5965350523771126,-0.00016116035455278067
26653,22.211203520058667,0.5946817082997583,560,681,1241,0.0,0.0008333472224535399,0.5962933118452833,-0.00024174053182917098
26654,22.21203686728112,0.5987107171635777,560,681,1241,0.0040290088638194055,0.0008333472224535399,0.5964544721998362,0.00016116035455276956
26655,22.212870214503575,0.5987107171635777,560,681,1241,0.0,0.0008333472224535399,0.5965350523771126,8.058017727639034e-05
26656,22.213703561726028,0.5987107171635777,560,681,1241,0.0,0.0008333472224535399,0.5965350523771126,0.0
26657,22.21453690894848,0.5987107171635777,560,681,1241,0.0,0.0008333472224535399,0.5967767929089418,0.0002417405318291599
26658,22.21537025617094,0.6003223207091055,560,681,1241,0.0016116035455278066,0.0008333472224570926,0.5971796937953238,0.00040290088638194054
26659,22.216203603393392,0.6011281224818694,560,681,1241,0.0008058017727639033,0.0008333472224535399,0.5976631748589821,0.0004834810636583309
26660,22.217036950615846,0.6011281224818694,560,681,1241,0.0,0.0008333472224535399,0.5982272360999168,0.0005640612409347212
26661,22.2178702978383,0.6011281224818694,560,681,1241,0.0,0.0008333472224535399,0.5987912973408516,0.0005640612409347212
26662,22.218703645060753,0.6019339242546333,560,681,1241,0.0008058017727639033,0.0008333472224535399,0.5995165189363391,0.0007252215954875018
26663,22.219536992283206,0.6019339242546333,560,681,1241,0.0,0.0008333472224535399,0.6002417405318267,0.0007252215954875018
26664,22.22037033950566,0.6019339242546333,560,681,1241,0.0,0.0008333472224535399,0.6005640612409322,0.00032232070910556134
26665,22.221203686728114,0.6019339242546333,560,681,1241,0.0,0.0008333472224535399,0.6008863819500377,0.00032232070910556134
26666,22.222037033950567,0.6011281224818694,560,681,1241,-0.0008058017727639033,0.0008333472224535399,0.6011281224818669,0.00024174053182917098
26667,22.22287038117302,0.6019339242546333,560,681,1241,0.0008058017727639033,0.0008333472224535399,0.6014504431909724,0.00032232070910556134
26668,22.223703728395474,0.6027397260273972,560,681,1241,0.0008058017727639033,0.0008333472224535399,0.6016921837228015,0.00024174053182917098
26669,22.224537075617928,0.6019339242546333,560,681,1241,-0.0008058017727639033,0.0008333472224535399,0.6017727639000781,8.058017727639034e-05
26670,22.22537042284038,0.6019339242546333,560,681,1241,0.0,0.0008333472224535399,0.6018533440773545,8.058017727639034e-05
26671,22.226203770062835,0.6027397260273972,560,681,1241,0.0008058017727639033,0.0008333472224535399,0.6020145044319072,0.00016116035455278067
26672,22.22703711728529,0.6027397260273972,560,681,1241,0.0,0.0008333472224535399,0.6020950846091836,8.058017727639034e-05
26673,22.227870464507742,0.6027397260273972,560,681,1241,0.0,0.0008333472224535399,0.6021756647864599,8.058017727639034e-05
26674,22.228703811730195,0.6027397260273972,560,681,1241,0.0,0.0008333472224535399,0.6022562449637363,8.058017727639034e-05
26675,22.22953715895265,0.6027397260273972,560,681,1241,0.0,0.0008333472224535399,0.6023368251410126,8.058017727639034e-05
26676,22.230370506175102,0.6027397260273972,560,681,1241,0.0,0.0008333472224535399,0.6024979854955654,0.00016116035455278067
26677,22.231203853397556,0.6019339242546333,560,681,1241,-0.0008058017727639033,0.0008333472224535399,0.6024979854955654,0.0
26678,22.23203720062001,0.6027397260273972,560,681,1241,0.0008058017727639033,0.0008333472224535399,0.6024979854955654,0.0
26679,22.232870547842467,0.6035455278001611,560,681,1241,0.0008058017727639033,0.0008333472224570926,0.6026591458501181,0.00016116035455278067
26680,22.23370389506492,0.604351329572925,560,681,1241,0.0008058017727639033,0.0008333472224535399,0.6029008863819473,0.00024174053182917098
26681,22.234537242287374,0.6059629331184528,560,681,1241,0.0016116035455278066,0.0008333472224535399,0.6032232070910528,0.00032232070910556134
26682,22.235370589509827,0.6059629331184528,560,681,1241,0.0,0.0008333472224535399,0.6035455278001585,0.00032232070910556134
26683,22.23620393673228,0.6059629331184528,560,681,1241,0.0,0.0008333472224535399,0.603867848509264,0.00032232070910556134
26684,22.237037283954734,0.6067687348912167,560,681,1241,0.0008058017727639033,0.0008333472224535399,0.604270749395646,0.00040290088638195165
26685,22.237870631177188,0.6051571313456889,560,681,1241,-0.0016116035455278066,0.0008333472224535399,0.6045124899274752,0.00024174053182917098
26686,22.23870397839964,0.6059629331184528,560,681,1241,0.0008058017727639033,0.0008333472224535399,0.6048348106365807,0.00032232070910556134
26687,22.239537325622095,0.6067687348912167,560,681,1241,0.0008058017727639033,0.0008333472224535399,0.6053182917002391,0.00048348106365834196
26688,22.24037067284455,0.6075745366639806,560,681,1241,0.0008058017727639033,0.0008333472224535399,0.6058017727638975,0.00048348106365834196
26689,22.241204020067002,0.6075745366639806,560,681,1241,0.0,0.0008333472224535399,0.6062046736502793,0.00040290088638195165
26690,22.242037367289456,0.6059629331184528,560,681,1241,-0.0016116035455278066,0.0008333472224535399,0.6063658340048321,0.00016116035455278067
26691,22.24287071451191,0.6051571313456889,560,681,1241,-0.0008058017727639033,0.0008333472224535399,0.6062852538275558,-8.058017727639034e-05
26692,22.243704061734363,0.6059629331184528,560,681,1241,0.0008058017727639033,0.0008333472224535399,0.6062852538275558,0.0
26693,22.244537408956816,0.604351329572925,560,681,1241,-0.0016116035455278066,0.0008333472224535399,0.606124093473003,-0.00016116035455278067
26694,22.24537075617927,0.6051571313456889,560,681,1241,0.0008058017727639033,0.0008333472224535399,0.6059629331184502,-0.00016116035455278067
26695,22.246204103401723,0.6027397260273972,560,681,1241,-0.00241740531829171,0.0008333472224535399,0.605721192586621,-0.00024174053182917098
26696,22.247037450624177,0.6035455278001611,560,681,1241,0.0008058017727639033,0.0008333472224535399,0.6054794520547919,-0.00024174053182917098
26697,22.24787079784663,0.604351329572925,560,681,1241,0.0008058017727639033,0.0008333472224535399,0.6052377115229627,-0.00024174053182917098
26698,22.248704145069084,0.6035455278001611,560,681,1241,-0.0008058017727639033,0.0008333472224535399,0.6048348106365807,-0.00040290088638195165
26699,22.249537492291537,0.6035455278001611,560,681,1241,0.0,0.0008333472224535399,0.6044319097501989,-0.00040290088638195165
26700,22.250370839513995,0.604351329572925,560,681,1241,0.0008058017727639033,0.0008333472224570926,0.6042707493956461,-0.00016116035455278067
26701,22.251204186736448,0.6051571313456889,560,681,1241,0.0008058017727639033,0.0008333472224535399,0.6042707493956461,0.0
26702,22.2520375339589,0.6051571313456889,560,681,1241,0.0,0.0008333472224535399,0.6041901692183698,-8.058017727639034e-05
26703,22.252870881181355,0.6059629331184528,560,681,1241,0.0008058017727639033,0.0008333472224535399,0.6043513295729225,0.00016116035455278067
26704,22.25370422840381,0.604351329572925,560,681,1241,-0.0016116035455278066,0.0008333472224535399,0.6042707493956461,-8.058017727639034e-05
26705,22.254537575626262,0.6035455278001611,560,681,1241,-0.0008058017727639033,0.0008333472224535399,0.6043513295729225,8.058017727639034e-05
26706,22.255370922848716,0.604351329572925,560,681,1241,0.0008058017727639033,0.0008333472224535399,0.6044319097501989,8.058017727639034e-05
26707,22.25620427007117,0.6027397260273972,560,681,1241,-0.0016116035455278066,0.0008333472224535399,0.6042707493956461,-0.00016116035455278067
26708,22.257037617293623,0.6019339242546333,560,681,1241,-0.0008058017727639033,0.0008333472224535399,0.6041095890410932,-0.00016116035455278067
26709,22.257870964516076,0.6019339242546333,560,681,1241,0.0,0.0008333472224535399,0.6039484286865405,-0.00016116035455278067
26710,22.25870431173853,0.6011281224818694,560,681,1241,-0.0008058017727639033,0.0008333472224535399,0.603626107977435,-0.00032232070910556134
26711,22.259537658960983,0.6011281224818694,560,681,1241,0.0,0.0008333472224535399,0.6032232070910529,-0.00040290088638195165
26712,22.260371006183437,0.6011281224818694,560,681,1241,0.0,0.0008333472224535399,0.602820306204671,-0.00040290088638195165
26713,22.26120435340589,0.6019339242546333,560,681,1241,0.0008058017727639033,0.0008333472224535399,0.602417405318289,-0.00040290088638195165
26714,22.262037700628344,0.6019339242546333,560,681,1241,0.0,0.0008333472224535399,0.6021756647864599,-0.00024174053182917098
26715,22.262871047850798,0.6019339242546333,560,681,1241,0.0,0.0008333472224535399,0.6020145044319072,-0.00016116035455278067
26716,22.26370439507325,0.6027397260273972,560,681,1241,0.0008058017727639033,0.0008333472224535399,0.6018533440773544,-0.00016116035455278067
26717,22.264537742295705,0.6035455278001611,560,681,1241,0.0008058017727639033,0.0008333472224535399,0.6019339242546308,8.058017727639034e-05
26718,22.26537108951816,0.6027397260273972,560,681,1241,-0.0008058017727639033,0.0008333472224535399,0.6020145044319072,8.058017727639034e-05
26719,22.266204436740612,0.6035455278001611,560,681,1241,0.0008058017727639033,0.0008333472224535399,0.6021756647864599,0.00016116035455278067
26720,22.267037783963065,0.6035455278001611,560,681,1241,0.0,0.0008333472224535399,0.6024174053182891,0.00024174053182917098
26721,22.267871131185522,0.6035455278001611,560,681,1241,0.0,0.0008333472224570926,0.6026591458501184,0.00024174053182917098
26722,22.268704478407976,0.604351329572925,560,681,1241,0.0008058017727639033,0.0008333472224535399,0.6029814665592239,0.00032232070910556134
26723,22.26953782563043,0.6051571313456889,560,681,1241,0.0008058017727639033,0.0008333472224535399,0.6033037872683295,0.00032232070910556134
26724,22.270371172852883,0.6051571313456889,560,681,1241,0.0,0.0008333472224535399,0.603626107977435,0.00032232070910556134
26725,22.271204520075337,0.6051571313456889,560,681,1241,0.0,0.0008333472224535399,0.6039484286865406,0.00032232070910556134
26726,22.27203786729779,0.6059629331184528,560,681,1241,0.0008058017727639033,0.0008333472224535399,0.6042707493956462,0.00032232070910556134
26727,22.272871214520244,0.6067687348912167,560,681,1241,0.0008058017727639033,0.0008333472224535399,0.6045930701047517,0.00032232070910556134
26728,22.273704561742697,0.6075745366639806,560,681,1241,0.0008058017727639033,0.0008333472224535399,0.6050765511684101,0.00048348106365834196
26729,22.27453790896515,0.6075745366639806,560,681,1241,0.0,0.0008333472224535399,0.6054794520547919,0.00040290088638195165
26730,22.275371256187604,0.6075745366639806,560,681,1241,0.0,0.0008333472224535399,0.6058823529411739,0.00040290088638195165
26731,22.276204603410058,0.6083803384367445,560,681,1241,0.0008058017727639033,0.0008333472224535399,0.6063658340048322,0.00048348106365834196
26732,22.27703795063251,0.6091861402095085,560,681,1241,0.0008058017727639033,0.0008333472224535399,0.6068493150684906,0.00048348106365834196
26733,22.277871297854965,0.6099919419822724,560,681,1241,0.0008058017727639033,0.0008333472224535399,0.6073327961321489,0.00048348106365834196
26734,22.27870464507742,0.6099919419822724,560,681,1241,0.0,0.0008333472224535399,0.6078162771958072,0.00048348106365834196
26735,22.279537992299872,0.6099919419822724,560,681,1241,0.0,0.0008333472224535399,0.6082997582594656,0.00048348106365834196
26736,22.280371339522326,0.6099919419822724,560,681,1241,0.0,0.0008333472224535399,0.6087026591458475,0.00040290088638195165
26737,22.28120468674478,0.6099919419822724,560,681,1241,0.0,0.0008333472224535399,0.6090249798549532,0.00032232070910556134
26738,22.282038033967233,0.6083803384367445,560,681,1241,-0.0016116035455278066,0.0008333472224535399,0.6091055600322296,8.058017727639034e-05
26739,22.282871381189686,0.6099919419822724,560,681,1241,0.0016116035455278066,0.0008333472224535399,0.6093473005640588,0.00024174053182917098
26740,22.28370472841214,0.6099919419822724,560,681,1241,0.0,0.0008333472224535399,0.609589041095888,0.00024174053182917098
26741,22.284538075634593,0.6099919419822724,560,681,1241,0.0,0.0008333472224535399,0.6097502014504408,0.00016116035455278067
26742,22.28537142285705,0.6107977437550363,560,681,1241,0.0008058017727639033,0.0008333472224570926,0.6099113618049936,0.00016116035455278067
26743,22.286204770079504,0.6107977437550363,560,681,1241,0.0,0.0008333472224535399,0.6099919419822699,8.058017727639034e-05
26744,22.287038117301957,0.6107977437550363,560,681,1241,0.0,0.0008333472224535399,0.6100725221595462,8.058017727639034e-05
26745,22.28787146452441,0.6107977437550363,560,681,1241,0.0,0.0008333472224535399,0.6101531023368226,8.058017727639034e-05
26746,22.288704811746864,0.6091861402095085,560,681,1241,-0.0016116035455278066,0.0008333472224535399,0.6100725221595462,-8.058017727639034e-05
26747,22.289538158969318,0.6091861402095085,560,681,1241,0.0,0.0008333472224535399,0.6099919419822697,-8.058017727639034e-05
26748,22.29037150619177,0.6091861402095085,560,681,1241,0.0,0.0008333472224535399,0.6100725221595461,8.058017727639034e-05
26749,22.291204853414225,0.6083803384367445,560,681,1241,-0.0008058017727639033,0.0008333472224535399,0.6099113618049933,-0.00016116035455278067
26750,22.29203820063668,0.6083803384367445,560,681,1241,0.0,0.0008333472224535399,0.6097502014504406,-0.00016116035455278067
26751,22.292871547859132,0.6091861402095085,560,681,1241,0.0008058017727639033,0.0008333472224535399,0.609669621273164,-8.058017727639034e-05
26752,22.293704895081586,0.6099919419822724,560,681,1241,0.0008058017727639033,0.0008333472224535399,0.6095890410958877,-8.058017727639034e-05
26753,22.29453824230404,0.6099919419822724,560,681,1241,0.0,0.0008333472224535399,0.6095084609186114,-8.058017727639034e-05
26754,22.295371589526493,0.6099919419822724,560,681,1241,0.0,0.0008333472224535399,0.609427880741335,-8.058017727639034e-05
26755,22.296204936748946,0.6083803384367445,560,681,1241,-0.0016116035455278066,0.0008333472224535399,0.6091861402095059,-0.00024174053182917098
26756,22.2970382839714,0.6075745366639806,560,681,1241,-0.0008058017727639033,0.0008333472224535399,0.6090249798549532,-0.00016116035455278067
26757,22.297871631193853,0.6083803384367445,560,681,1241,0.0008058017727639033,0.0008333472224535399,0.6089443996776768,-8.058017727639034e-05
26758,22.298704978416307,0.6083803384367445,560,681,1241,0.0,0.0008333472224535399,0.6088638195004005,-8.058017727639034e-05
26759,22.29953832563876,0.6083803384367445,560,681,1241,0.0,0.0008333472224535399,0.6088638195004005,0.0
26760,22.300371672861214,0.6099919419822724,560,681,1241,0.0016116035455278066,0.0008333472224535399,0.6090249798549532,0.00016116035455278067
26761,22.301205020083668,0.6116035455278002,560,681,1241,0.0016116035455278066,0.0008333472224535399,0.6092667203867824,0.00024174053182917098
26762,22.30203836730612,0.6116035455278002,560,681,1241,0.0,0.0008333472224535399,0.6094278807413352,0.00016116035455278067
26763,22.302871714528575,0.6116035455278002,560,681,1241,0.0,0.0008333472224535399,0.609589041095888,0.00016116035455278067
26764,22.30370506175103,0.6116035455278002,560,681,1241,0.0,0.0008333472224570926,0.6097502014504408,0.00016116035455278067
26765,22.304538408973485,0.6116035455278002,560,681,1241,0.0,0.0008333472224535399,0.6100725221595463,0.00032232070910556134
26766,22.30537175619594,0.6124093473005641,560,681,1241,0.0008058017727639033,0.0008333472224535399,0.6105560032232047,0.00048348106365834196
26767,22.306205103418392,0.613215149073328,560,681,1241,0.0008058017727639033,0.0008333472224535399,0.611039484286863,0.00048348106365834196
26768,22.307038450640846,0.613215149073328,560,681,1241,0.0,0.0008333472224535399,0.6115229653505214,0.00048348106365834196
26769,22.3078717978633,0.6140209508460919,560,681,1241,0.0008058017727639033,0.0008333472224535399,0.6120870265914561,0.0005640612409347323
26770,22.308705145085753,0.613215149073328,560,681,1241,-0.0008058017727639033,0.0008333472224535399,0.6124093473005616,0.00032232070910556134
26771,22.309538492308207,0.613215149073328,560,681,1241,0.0,0.0008333472224535399,0.6125705076551144,0.00016116035455278067
26772,22.31037183953066,0.6124093473005641,560,681,1241,-0.0008058017727639033,0.0008333472224535399,0.6126510878323908,8.058017727639034e-05
26773,22.311205186753114,0.6124093473005641,560,681,1241,0.0,0.0008333472224535399,0.612731668009667,8.058017727639034e-05
26774,22.312038533975567,0.6124093473005641,560,681,1241,0.0,0.0008333472224535399,0.6128122481869435,8.058017727639034e-05
26775,22.31287188119802,0.6107977437550363,560,681,1241,-0.0016116035455278066,0.0008333472224535399,0.612731668009667,-8.058017727639034e-05
26776,22.313705228420474,0.6107977437550363,560,681,1241,0.0,0.0008333472224535399,0.6125705076551142,-0.00016116035455278067
26777,22.314538575642928,0.6099919419822724,560,681,1241,-0.0008058017727639033,0.0008333472224535399,0.6122481869460087,-0.00032232070910556134
26778,22.31537192286538,0.6107977437550363,560,681,1241,0.0008058017727639033,0.0008333472224535399,0.6120064464141795,-0.00024174053182917098
26779,22.316205270087835,0.6099919419822724,560,681,1241,-0.0008058017727639033,0.0008333472224535399,0.6116035455277975,-0.00040290088638195165
26780,22.31703861731029,0.6099919419822724,560,681,1241,0.0,0.0008333472224535399,0.611281224818692,-0.00032232070910556134
26781,22.317871964532742,0.6099919419822724,560,681,1241,0.0,0.0008333472224535399,0.6109589041095864,-0.00032232070910556134
26782,22.318705311755195,0.6107977437550363,560,681,1241,0.0008058017727639033,0.0008333472224535399,0.6107977437550336,-0.00016116035455278067
26783,22.31953865897765,0.6099919419822724,560,681,1241,-0.0008058017727639033,0.0008333472224535399,0.6105560032232045,-0.00024174053182917098
26784,22.320372006200103,0.6099919419822724,560,681,1241,0.0,0.0008333472224535399,0.6103142626913753,-0.00024174053182917098
26785,22.32120535342256,0.6091861402095085,560,681,1241,-0.0008058017727639033,0.0008333472224570926,0.6101531023368226,-0.00016116035455278067
26786,22.322038700645013,0.6083803384367445,560,681,1241,-0.0008058017727639033,0.0008333472224535399,0.6099113618049935,-0.00024174053182917098
26787,22.322872047867467,0.6083803384367445,560,681,1241,0.0,0.0008333472224535399,0.6097502014504407,-0.00016116035455278067
26788,22.32370539508992,0.6083803384367445,560,681,1241,0.0,0.0008333472224535399,0.6095084609186115,-0.00024174053182917098
26789,22.324538742312374,0.6075745366639806,560,681,1241,-0.0008058017727639033,0.0008333472224535399,0.6092667203867823,-0.00024174053182917098
26790,22.325372089534827,0.6059629331184528,560,681,1241,-0.0016116035455278066,0.0008333472224535399,0.6088638195004004,-0.00040290088638195165
26791,22.32620543675728,0.6059629331184528,560,681,1241,0.0,0.0008333472224535399,0.6084609186140184,-0.00040290088638195165
26792,22.327038783979734,0.6051571313456889,560,681,1241,-0.0008058017727639033,0.0008333472224535399,0.6078968573730836,-0.0005640612409347323
26793,22.327872131202188,0.6059629331184528,560,681,1241,0.0008058017727639033,0.0008333472224535399,0.6074939564867017,-0.00040290088638195165
26794,22.32870547842464,0.6059629331184528,560,681,1241,0.0,0.0008333472224535399,0.6070910556003197,-0.00040290088638195165
26795,22.329538825647095,0.6059629331184528,560,681,1241,0.0,0.0008333472224535399,0.6067687348912141,-0.00032232070910556134
26796,22.33037217286955,0.6059629331184528,560,681,1241,0.0,0.0008333472224535399,0.606526994359385,-0.00024174053182917098
26797,22.331205520092002,0.6075745366639806,560,681,1241,0.0016116035455278066,0.0008333472224535399,0.6064464141821084,-8.058017727639034e-05
26798,22.332038867314456,0.6059629331184528,560,681,1241,-0.0016116035455278066,0.0008333472224535399,0.6062046736502793,-0.00024174053182917098
26799,22.33287221453691,0.6051571313456889,560,681,1241,-0.0008058017727639033,0.0008333472224535399,0.6059629331184502,-0.00024174053182917098
26800,22.333705561759363,0.6051571313456889,560,681,1241,0.0,0.0008333472224535399,0.6058823529411738,-8.058017727639034e-05
26801,22.334538908981816,0.6051571313456889,560,681,1241,0.0,0.0008333472224535399,0.6058017727638975,-8.058017727639034e-05
26802,22.33537225620427,0.6051571313456889,560,681,1241,0.0,0.0008333472224535399,0.6058017727638975,0.0
26803,22.336205603426723,0.6035455278001611,560,681,1241,-0.0016116035455278066,0.0008333472224535399,0.6055600322320683,-0.00024174053182917098
26804,22.337038950649177,0.6035455278001611,560,681,1241,0.0,0.0008333472224535399,0.6053182917002392,-0.00024174053182917098
26805,22.33787229787163,0.604351329572925,560,681,1241,0.0008058017727639033,0.0008333472224535399,0.6051571313456864,-0.00016116035455278067
26806,22.338705645094088,0.6035455278001611,560,681,1241,-0.0008058017727639033,0.0008333472224570926,0.6049153908138573,-0.00024174053182917098
26807,22.33953899231654,0.604351329572925,560,681,1241,0.0008058017727639033,0.0008333472224535399,0.6045930701047517,-0.00032232070910556134
26808,22.340372339538995,0.604351329572925,560,681,1241,0.0,0.0008333472224535399,0.6044319097501989,-0.00016116035455278067
26809,22.341205686761448,0.6035455278001611,560,681,1241,-0.0008058017727639033,0.0008333472224535399,0.6042707493956462,-0.00016116035455278067
26810,22.3420390339839,0.6027397260273972,560,681,1241,-0.0008058017727639033,0.0008333472224535399,0.6040290088638169,-0.00024174053182917098
26811,22.342872381206355,0.6035455278001611,560,681,1241,0.0008058017727639033,0.0008333472224535399,0.6038678485092641,-0.00016116035455278067
26812,22.34370572842881,0.6019339242546333,560,681,1241,-0.0016116035455278066,0.0008333472224535399,0.6035455278001586,-0.00032232070910556134
26813,22.344539075651262,0.6027397260273972,560,681,1241,0.0008058017727639033,0.0008333472224535399,0.6034649476228822,-8.058017727639034e-05
26814,22.345372422873716,0.6027397260273972,560,681,1241,0.0,0.0008333472224535399,0.6033843674456058,-8.058017727639034e-05
26815,22.34620577009617,0.6035455278001611,560,681,1241,0.0008058017727639033,0.0008333472224535399,0.6033037872683293,-8.058017727639034e-05
26816,22.347039117318623,0.6035455278001611,560,681,1241,0.0,0.0008333472224535399,0.6033037872683293,0.0
26817,22.347872464541076,0.6051571313456889,560,681,1241,0.0016116035455278066,0.0008333472224535399,0.6033843674456059,8.058017727639034e-05
26818,22.34870581176353,0.6059629331184528,560,681,1241,0.0008058017727639033,0.0008333472224535399,0.6035455278001586,0.00016116035455278067
26819,22.349539158985984,0.6059629331184528,560,681,1241,0.0,0.0008333472224535399,0.6037872683319877,0.00024174053182917098
26820,22.350372506208437,0.6059629331184528,560,681,1241,0.0,0.0008333472224535399,0.6041095890410932,0.00032232070910556134
26821,22.35120585343089,0.6051571313456889,560,681,1241,-0.0008058017727639033,0.0008333472224535399,0.6042707493956461,0.00016116035455278067
26822,22.352039200653344,0.6059629331184528,560,681,1241,0.0008058017727639033,0.0008333472224535399,0.604673650282028,0.00040290088638195165
26823,22.352872547875798,0.6059629331184528,560,681,1241,0.0,0.0008333472224535399,0.6049959709911336,0.00032232070910556134
26824,22.35370589509825,0.6059629331184528,560,681,1241,0.0,0.0008333472224535399,0.6053182917002391,0.00032232070910556134
26825,22.354539242320705,0.6059629331184528,560,681,1241,0.0,0.0008333472224535399,0.6055600322320682,0.00024174053182917098
26826,22.35537258954316,0.6075745366639806,560,681,1241,0.0016116035455278066,0.0008333472224535399,0.6059629331184502,0.00040290088638195165
26827,22.356205936765615,0.6075745366639806,560,681,1241,0.0,0.0008333472224570926,0.6062046736502793,0.00024174053182917098
26828,22.35703928398807,0.6075745366639806,560,681,1241,0.0,0.0008333472224535399,0.606365834004832,0.00016116035455278067
26829,22.357872631210522,0.6075745366639806,560,681,1241,0.0,0.0008333472224535399,0.6065269943593848,0.00016116035455278067
26830,22.358705978432976,0.6083803384367445,560,681,1241,0.0008058017727639033,0.0008333472224535399,0.6067687348912141,0.00024174053182917098
26831,22.35953932565543,0.6083803384367445,560,681,1241,0.0,0.0008333472224535399,0.6070910556003196,0.00032232070910556134
26832,22.360372672877883,0.6083803384367445,560,681,1241,0.0,0.0008333472224535399,0.6073327961321489,0.00024174053182917098
26833,22.361206020100337,0.6075745366639806,560,681,1241,-0.0008058017727639033,0.0008333472224535399,0.6074939564867016,0.00016116035455278067
26834,22.36203936732279,0.6067687348912167,560,681,1241,-0.0008058017727639033,0.0008333472224535399,0.607574536663978,8.058017727639034e-05
26835,22.362872714545244,0.6067687348912167,560,681,1241,0.0,0.0008333472224535399,0.6076551168412545,8.058017727639034e-05
26836,22.363706061767697,0.6067687348912167,560,681,1241,0.0,0.0008333472224535399,0.6075745366639781,-8.058017727639034e-05
26837,22.36453940899015,0.6059629331184528,560,681,1241,-0.0008058017727639033,0.0008333472224535399,0.6074133763094254,-0.00016116035455278067
26838,22.365372756212604,0.6059629331184528,560,681,1241,0.0,0.0008333472224535399,0.6072522159548726,-0.00016116035455278067
26839,22.366206103435058,0.6067687348912167,560,681,1241,0.0008058017727639033,0.0008333472224535399,0.6071716357775963,-8.058017727639034e-05
26840,22.36703945065751,0.6067687348912167,560,681,1241,0.0,0.0008333472224535399,0.6070104754230434,-0.00016116035455278067
26841,22.367872797879965,0.6067687348912167,560,681,1241,0.0,0.0008333472224535399,0.6068493150684906,-0.00016116035455278067
26842,22.36870614510242,0.6067687348912167,560,681,1241,0.0,0.0008333472224535399,0.6066881547139379,-0.00016116035455278067
26843,22.369539492324872,0.6067687348912167,560,681,1241,0.0,0.0008333472224535399,0.6066075745366615,-8.058017727639034e-05
26844,22.370372839547326,0.6067687348912167,560,681,1241,0.0,0.0008333472224535399,0.6066075745366615,0.0
26845,22.37120618676978,0.6067687348912167,560,681,1241,0.0,0.0008333472224535399,0.6066075745366615,0.0
26846,22.372039533992233,0.6075745366639806,560,681,1241,0.0008058017727639033,0.0008333472224535399,0.6066881547139379,8.058017727639034e-05
26847,22.372872881214686,0.6075745366639806,560,681,1241,0.0,0.0008333472224535399,0.6068493150684906,0.00016116035455278067
26848,22.373706228437143,0.6075745366639806,560,681,1241,0.0,0.0008333472224570926,0.6070104754230434,0.00016116035455278067
26849,22.374539575659597,0.6075745366639806,560,681,1241,0.0,0.0008333472224535399,0.6070910556003197,8.058017727639034e-05
26850,22.37537292288205,0.6083803384367445,560,681,1241,0.0008058017727639033,0.0008333472224535399,0.6072522159548726,0.00016116035455278067
26851,22.376206270104504,0.6083803384367445,560,681,1241,0.0,0.0008333472224535399,0.6074133763094254,0.00016116035455278067
26852,22.377039617326957,0.6083803384367445,560,681,1241,0.0,0.0008333472224535399,0.6075745366639781,0.00016116035455278067
26853,22.37787296454941,0.6083803384367445,560,681,1241,0.0,0.0008333472224535399,0.6077356970185309,0.00016116035455278067
26854,22.378706311771865,0.6091861402095085,560,681,1241,0.0008058017727639033,0.0008333472224535399,0.60797743755036,0.00024174053182917098
26855,22.379539658994318,0.6099919419822724,560,681,1241,0.0008058017727639033,0.0008333472224535399,0.6082997582594656,0.00032232070910556134
26856,22.38037300621677,0.6083803384367445,560,681,1241,-0.0016116035455278066,0.0008333472224535399,0.608380338436742,8.058017727639034e-05
26857,22.381206353439225,0.6083803384367445,560,681,1241,0.0,0.0008333472224535399,0.6084609186140184,8.058017727639034e-05
26858,22.38203970066168,0.6067687348912167,560,681,1241,-0.0016116035455278066,0.0008333472224535399,0.6083803384367421,-8.058017727639034e-05
26859,22.382873047884132,0.6059629331184528,560,681,1241,-0.0008058017727639033,0.0008333472224535399,0.6082191780821893,-0.00016116035455278067
26860,22.383706395106586,0.6051571313456889,560,681,1241,-0.0008058017727639033,0.0008333472224535399,0.6078968573730837,-0.00032232070910556134
26861,22.38453974232904,0.604351329572925,560,681,1241,-0.0008058017727639033,0.0008333472224535399,0.6074939564867018,-0.00040290088638195165
26862,22.385373089551493,0.6035455278001611,560,681,1241,-0.0008058017727639033,0.0008333472224535399,0.6070104754230434,-0.00048348106365834196
26863,22.386206436773946,0.604351329572925,560,681,1241,0.0008058017727639033,0.0008333472224535399,0.6066075745366615,-0.00040290088638195165
26864,22.3870397839964,0.604351329572925,560,681,1241,0.0,0.0008333472224535399,0.6061240934730031,-0.00048348106365834196
26865,22.387873131218853,0.6035455278001611,560,681,1241,-0.0008058017727639033,0.0008333472224535399,0.6054794520547919,-0.0006446414182111227
26866,22.388706478441307,0.604351329572925,560,681,1241,0.0008058017727639033,0.0008333472224535399,0.60507655116841,-0.00040290088638195165
26867,22.38953982566376,0.6035455278001611,560,681,1241,-0.0008058017727639033,0.0008333472224535399,0.6045930701047516,-0.00048348106365834196
26868,22.390373172886214,0.6035455278001611,560,681,1241,0.0,0.0008333472224535399,0.6042707493956461,-0.00032232070910556134
26869,22.39120652010867,0.6027397260273972,560,681,1241,-0.0008058017727639033,0.0008333472224570926,0.6039484286865405,-0.00032232070910556134
26870,22.392039867331125,0.6019339242546333,560,681,1241,-0.0008058017727639033,0.0008333472224535399,0.603626107977435,-0.00032232070910556134
26871,22.39287321455358,0.6011281224818694,560,681,1241,-0.0008058017727639033,0.0008333472224535399,0.6033037872683293,-0.00032232070910556134
26872,22.393706561776032,0.6003223207091055,560,681,1241,-0.0008058017727639033,0.0008333472224535399,0.6029814665592238,-0.00032232070910556134
26873,22.394539908998485,0.5995165189363416,560,681,1241,-0.0008058017727639033,0.0008333472224535399,0.6024979854955654,-0.00048348106365834196
26874,22.39537325622094,0.6019339242546333,560,681,1241,0.00241740531829171,0.0008333472224535399,0.6022562449637363,-0.00024174053182917098
26875,22.396206603443392,0.6027397260273972,560,681,1241,0.0008058017727639033,0.0008333472224535399,0.6021756647864599,-8.058017727639034e-05
26876,22.397039950665846,0.6027397260273972,560,681,1241,0.0,0.0008333472224535399,0.6020145044319072,-0.00016116035455278067
26877,22.3978732978883,0.6035455278001611,560,681,1241,0.0008058017727639033,0.0008333472224535399,0.6020145044319072,0.0
26878,22.398706645110753,0.6027397260273972,560,681,1241,-0.0008058017727639033,0.0008333472224535399,0.6019339242546307,-8.058017727639034e-05
26879,22.399539992333207,0.6027397260273972,560,681,1241,0.0,0.0008333472224535399,0.6019339242546307,0.0
26880,22.40037333955566,0.6035455278001611,560,681,1241,0.0008058017727639033,0.0008333472224535399,0.6020950846091835,0.00016116035455278067
26881,22.401206686778114,0.604351329572925,560,681,1241,0.0008058017727639033,0.0008333472224535399,0.602417405318289,0.00032232070910556134
26882,22.402040034000567,0.604351329572925,560,681,1241,0.0,0.0008333472224535399,0.602820306204671,0.00040290088638195165
26883,22.40287338122302,0.604351329572925,560,681,1241,0.0,0.0008333472224535399,0.6033037872683293,0.00048348106365834196
26884,22.403706728445474,0.604351329572925,560,681,1241,0.0,0.0008333472224535399,0.6035455278001585,0.00024174053182917098
26885,22.404540075667928,0.604351329572925,560,681,1241,0.0,0.0008333472224535399,0.6037066881547112,0.00016116035455278067
26886,22.40537342289038,0.604351329572925,560,681,1241,0.0,0.0008333472224535399,0.603867848509264,0.00016116035455278067
26887,22.406206770112835,0.6051571313456889,560,681,1241,0.0008058017727639033,0.0008333472224535399,0.6040290088638167,0.00016116035455278067
26888,22.40704011733529,0.6051571313456889,560,681,1241,0.0,0.0008333472224535399,0.604270749395646,0.00024174053182917098
26889,22.407873464557742,0.6051571313456889,560,681,1241,0.0,0.0008333472224535399,0.6045124899274752,0.00024174053182917098
26890,22.408706811780196,0.604351329572925,560,681,1241,-0.0008058017727639033,0.0008333472224535399,0.6045930701047515,8.058017727639034e-05
26891,22.409540159002653,0.6051571313456889,560,681,1241,0.0008058017727639033,0.0008333472224570926,0.604673650282028,8.058017727639034e-05
26892,22.410373506225106,0.6059629331184528,560,681,1241,0.0008058017727639033,0.0008333472224535399,0.6048348106365807,0.00016116035455278067
26893,22.41120685344756,0.6059629331184528,560,681,1241,0.0,0.0008333472224535399,0.6049959709911336,0.00016116035455278067
26894,22.412040200670013,0.6035455278001611,560,681,1241,-0.00241740531829171,0.0008333472224535399,0.6049153908138571,-8.058017727639034e-05
26895,22.412873547892467,0.604351329572925,560,681,1241,0.0008058017727639033,0.0008333472224535399,0.6049153908138571,0.0
26896,22.41370689511492,0.604351329572925,560,681,1241,0.0,0.0008333472224535399,0.6049153908138571,0.0
26897,22.414540242337374,0.6051571313456889,560,681,1241,0.0008058017727639033,0.0008333472224535399,0.6049153908138571,0.0
26898,22.415373589559827,0.6051571313456889,560,681,1241,0.0,0.0008333472224535399,0.6049153908138571,0.0
26899,22.41620693678228,0.6051571313456889,560,681,1241,0.0,0.0008333472224535399,0.6049153908138571,0.0
26900,22.417040284004734,0.6051571313456889,560,681,1241,0.0,0.0008333472224535399,0.6049959709911337,8.058017727639034e-05
26901,22.417873631227188,0.604351329572925,560,681,1241,-0.0008058017727639033,0.0008333472224535399,0.6049153908138571,-8.058017727639034e-05
26902,22.41870697844964,0.6051571313456889,560,681,1241,0.0008058017727639033,0.0008333472224535399,0.6048348106365808,-8.058017727639034e-05
26903,22.419540325672095,0.6051571313456889,560,681,1241,0.0,0.0008333472224535399,0.6047542304593045,-8.058017727639034e-05
26904,22.42037367289455,0.604351329572925,560,681,1241,-0.0008058017727639033,0.0008333472224535399,0.6048348106365808,8.058017727639034e-05
26905,22.421207020117002,0.604351329572925,560,681,1241,0.0,0.0008333472224535399,0.6048348106365808,0.0
26906,22.422040367339456,0.604351329572925,560,681,1241,0.0,0.0008333472224535399,0.6048348106365808,0.0
26907,22.42287371456191,0.604351329572925,560,681,1241,0.0,0.0008333472224535399,0.6047542304593044,-8.058017727639034e-05
26908,22.423707061784363,0.6035455278001611,560,681,1241,-0.0008058017727639033,0.0008333472224535399,0.6045930701047516,-0.00016116035455278067
26909,22.424540409006816,0.6035455278001611,560,681,1241,0.0,0.0008333472224535399,0.6044319097501989,-0.00016116035455278067
26910,22.42537375622927,0.604351329572925,560,681,1241,0.0008058017727639033,0.0008333472224535399,0.6043513295729224,-8.058017727639034e-05
26911,22.426207103451723,0.604351329572925,560,681,1241,0.0,0.0008333472224535399,0.6043513295729224,0.0
26912,22.42704045067418,0.604351329572925,560,681,1241,0.0,0.0008333472224570926,0.604270749395646,-8.058017727639034e-05
26913,22.427873797896634,0.604351329572925,560,681,1241,0.0,0.0008333472224535399,0.6041901692183695,-8.058017727639034e-05
26914,22.428707145119088,0.604351329572925,560,681,1241,0.0,0.0008333472224535399,0.6041901692183695,0.0
26915,22.42954049234154,0.604351329572925,560,681,1241,0.0,0.0008333472224535399,0.6041901692183695,0.0
26916,22.430373839563995,0.6035455278001611,560,681,1241,-0.0008058017727639033,0.0008333472224535399,0.6041095890410932,-8.058017727639034e-05
26917,22.431207186786448,0.6027397260273972,560,681,1241,-0.0008058017727639033,0.0008333472224535399,0.6039484286865404,-0.00016116035455278067
26918,22.4320405340089,0.6027397260273972,560,681,1241,0.0,0.0008333472224535399,0.603867848509264,-8.058017727639034e-05
26919,22.432873881231355,0.6027397260273972,560,681,1241,0.0,0.0008333472224535399,0.6037872683319876,-8.058017727639034e-05
26920,22.43370722845381,0.6019339242546333,560,681,1241,-0.0008058017727639033,0.0008333472224535399,0.6035455278001585,-0.00024174053182917098
26921,22.434540575676262,0.6019339242546333,560,681,1241,0.0,0.0008333472224535399,0.6033037872683293,-0.00024174053182917098
26922,22.435373922898716,0.6027397260273972,560,681,1241,0.0008058017727639033,0.0008333472224535399,0.6031426269137765,-0.00016116035455278067
26923,22.43620727012117,0.6027397260273972,560,681,1241,0.0,0.0008333472224535399,0.6029814665592237,-0.00016116035455278067
26924,22.437040617343623,0.6027397260273972,560,681,1241,0.0,0.0008333472224535399,0.602820306204671,-0.00016116035455278067
26925,22.437873964566077,0.6035455278001611,560,681,1241,0.0008058017727639033,0.0008333472224535399,0.6027397260273946,-8.058017727639034e-05
26926,22.43870731178853,0.604351329572925,560,681,1241,0.0008058017727639033,0.0008333472224535399,0.602820306204671,8.058017727639034e-05
26927,22.439540659010984,0.604351329572925,560,681,1241,0.0,0.0008333472224535399,0.6029814665592237,0.00016116035455278067
26928,22.440374006233437,0.6051571313456889,560,681,1241,0.0008058017727639033,0.0008333472224535399,0.6032232070910529,0.00024174053182917098
26929,22.44120735345589,0.604351329572925,560,681,1241,-0.0008058017727639033,0.0008333472224535399,0.6033843674456058,0.00016116035455278067
26930,22.442040700678344,0.604351329572925,560,681,1241,0.0,0.0008333472224535399,0.6036261079774349,0.00024174053182917098
26931,22.442874047900798,0.6051571313456889,560,681,1241,0.0008058017727639033,0.0008333472224535399,0.6039484286865404,0.00032232070910556134
26932,22.44370739512325,0.6051571313456889,560,681,1241,0.0,0.0008333472224535399,0.6041901692183697,0.00024174053182917098
26933,22.44454074234571,0.6051571313456889,560,681,1241,0.0,0.0008333472224570926,0.6044319097501989,0.00024174053182917098
26934,22.445374089568162,0.6051571313456889,560,681,1241,0.0,0.0008333472224535399,0.604673650282028,0.00024174053182917098
26935,22.446207436790615,0.6051571313456889,560,681,1241,0.0,0.0008333472224535399,0.6048348106365808,0.00016116035455278067
26936,22.44704078401307,0.6059629331184528,560,681,1241,0.0008058017727639033,0.0008333472224535399,0.6049959709911337,0.00016116035455278067
26937,22.447874131235523,0.6059629331184528,560,681,1241,0.0,0.0008333472224535399,0.6051571313456864,0.00016116035455278067
26938,22.448707478457976,0.6067687348912167,560,681,1241,0.0008058017727639033,0.0008333472224535399,0.6053182917002392,0.00016116035455278067
26939,22.44954082568043,0.6075745366639806,560,681,1241,0.0008058017727639033,0.0008333472224535399,0.6056406124093447,0.00032232070910556134
26940,22.450374172902883,0.6051571313456889,560,681,1241,-0.00241740531829171,0.0008333472224535399,0.6057211925866212,8.058017727639034e-05
26941,22.451207520125337,0.6051571313456889,560,681,1241,0.0,0.0008333472224535399,0.6057211925866212,0.0
26942,22.45204086734779,0.6051571313456889,560,681,1241,0.0,0.0008333472224535399,0.6057211925866212,0.0
26943,22.452874214570244,0.6051571313456889,560,681,1241,0.0,0.0008333472224535399,0.6057211925866212,0.0
26944,22.453707561792697,0.6051571313456889,560,681,1241,0.0,0.0008333472224535399,0.6057211925866212,0.0
26945,22.45454090901515,0.6059629331184528,560,681,1241,0.0008058017727639033,0.0008333472224535399,0.6058017727638976,8.058017727639034e-05
26946,22.455374256237604,0.6067687348912167,560,681,1241,0.0008058017727639033,0.0008333472224535399,0.605882352941174,8.058017727639034e-05
26947,22.456207603460058,0.6059629331184528,560,681,1241,-0.0008058017727639033,0.0008333472224535399,0.605882352941174,0.0
26948,22.45704095068251,0.6067687348912167,560,681,1241,0.0008058017727639033,0.0008333472224535399,0.605882352941174,0.0
26949,22.457874297904965,0.6067687348912167,560,681,1241,0.0,0.0008333472224535399,0.6058017727638976,-8.058017727639034e-05
26950,22.45870764512742,0.6067687348912167,560,681,1241,0.0,0.0008333472224535399,0.6059629331184504,0.00016116035455278067
26951,22.459540992349872,0.6067687348912167,560,681,1241,0.0,0.0008333472224535399,0.6061240934730032,0.00016116035455278067
26952,22.460374339572326,0.6083803384367445,560,681,1241,0.0016116035455278066,0.0008333472224535399,0.6064464141821088,0.00032232070910556134
26953,22.46120768679478,0.6075745366639806,560,681,1241,-0.0008058017727639033,0.0008333472224535399,0.6066881547139379,0.00024174053182917098
26954,22.462041034017236,0.6075745366639806,560,681,1241,0.0,0.0008333472224570926,0.606929895245767,0.00024174053182917098
26955,22.46287438123969,0.6075745366639806,560,681,1241,0.0,0.0008333472224535399,0.6070910556003197,0.00016116035455278067
26956,22.463707728462143,0.6067687348912167,560,681,1241,-0.0008058017727639033,0.0008333472224535399,0.6070910556003197,0.0
26957,22.464541075684597,0.6075745366639806,560,681,1241,0.0008058017727639033,0.0008333472224535399,0.6072522159548726,0.00016116035455278067
26958,22.46537442290705,0.6075745366639806,560,681,1241,0.0,0.0008333472224535399,0.6073327961321489,8.058017727639034e-05
26959,22.466207770129504,0.6059629331184528,560,681,1241,-0.0016116035455278066,0.0008333472224535399,0.6072522159548724,-8.058017727639034e-05
26960,22.467041117351958,0.6051571313456889,560,681,1241,-0.0008058017727639033,0.0008333472224535399,0.6070910556003197,-0.00016116035455278067
26961,22.46787446457441,0.6059629331184528,560,681,1241,0.0008058017727639033,0.0008333472224535399,0.6070104754230432,-8.058017727639034e-05
26962,22.468707811796865,0.6059629331184528,560,681,1241,0.0,0.0008333472224535399,0.6067687348912141,-0.00024174053182917098
26963,22.469541159019318,0.6059629331184528,560,681,1241,0.0,0.0008333472224535399,0.6066075745366613,-0.00016116035455278067
26964,22.47037450624177,0.6067687348912167,560,681,1241,0.0008058017727639033,0.0008333472224535399,0.606526994359385,-8.058017727639034e-05
26965,22.471207853464225,0.6059629331184528,560,681,1241,-0.0008058017727639033,0.0008333472224535399,0.6063658340048321,-0.00016116035455278067
26966,22.47204120068668,0.6059629331184528,560,681,1241,0.0,0.0008333472224535399,0.6062852538275557,-8.058017727639034e-05
26967,22.472874547909132,0.6051571313456889,560,681,1241,-0.0008058017727639033,0.0008333472224535399,0.6060435132957266,-0.00024174053182917098
26968,22.473707895131586,0.6051571313456889,560,681,1241,0.0,0.0008333472224535399,0.6058017727638975,-0.00024174053182917098
26969,22.47454124235404,0.6059629331184528,560,681,1241,0.0008058017727639033,0.0008333472224535399,0.6058017727638975,0.0
26970,22.475374589576493,0.6059629331184528,560,681,1241,0.0,0.0008333472224535399,0.6058823529411738,8.058017727639034e-05
26971,22.476207936798946,0.6051571313456889,560,681,1241,-0.0008058017727639033,0.0008333472224535399,0.6058017727638975,-8.058017727639034e-05
26972,22.4770412840214,0.6051571313456889,560,681,1241,0.0,0.0008333472224535399,0.605721192586621,-8.058017727639034e-05
26973,22.477874631243854,0.6051571313456889,560,681,1241,0.0,0.0008333472224535399,0.6056406124093447,-8.058017727639034e-05
26974,22.478707978466307,0.6051571313456889,560,681,1241,0.0,0.0008333472224535399,0.6054794520547919,-0.00016116035455278067
26975,22.479541325688764,0.6051571313456889,560,681,1241,0.0,0.0008333472224570926,0.6053988718775156,-8.058017727639034e-05
26976,22.480374672911218,0.6051571313456889,560,681,1241,0.0,0.0008333472224535399,0.6053182917002393,-8.058017727639034e-05
26977,22.48120802013367,0.604351329572925,560,681,1241,-0.0008058017727639033,0.0008333472224535399,0.6052377115229628,-8.058017727639034e-05
26978,22.482041367356125,0.604351329572925,560,681,1241,0.0,0.0008333472224535399,0.6051571313456864,-8.058017727639034e-05
26979,22.48287471457858,0.604351329572925,560,681,1241,0.0,0.0008333472224535399,0.6049959709911337,-0.00016116035455278067
26980,22.483708061801032,0.6051571313456889,560,681,1241,0.0008058017727639033,0.0008333472224535399,0.6049153908138573,-8.058017727639034e-05
26981,22.484541409023485,0.6051571313456889,560,681,1241,0.0,0.0008333472224535399,0.6049153908138573,0.0
26982,22.48537475624594,0.6051571313456889,560,681,1241,0.0,0.0008333472224535399,0.6049153908138573,0.0
26983,22.486208103468392,0.6059629331184528,560,681,1241,0.0008058017727639033,0.0008333472224535399,0.6049959709911337,8.058017727639034e-05
26984,22.487041450690846,0.604351329572925,560,681,1241,-0.0016116035455278066,0.0008333472224535399,0.6049153908138571,-8.058017727639034e-05
26985,22.4878747979133,0.604351329572925,560,681,1241,0.0,0.0008333472224535399,0.6048348106365807,-8.058017727639034e-05
26986,22.488708145135753,0.604351329572925,560,681,1241,0.0,0.0008333472224535399,0.6047542304593043,-8.058017727639034e-05
26987,22.489541492358207,0.6051571313456889,560,681,1241,0.0008058017727639033,0.0008333472224535399,0.6048348106365807,8.058017727639034e-05
26988,22.49037483958066,0.6051571313456889,560,681,1241,0.0,0.0008333472224535399,0.6049153908138571,8.058017727639034e-05
26989,22.491208186803114,0.6051571313456889,560,681,1241,0.0,0.0008333472224535399,0.6049959709911337,8.058017727639034e-05
26990,22.492041534025567,0.6059629331184528,560,681,1241,0.0008058017727639033,0.0008333472224535399,0.60507655116841,8.058017727639034e-05
26991,22.49287488124802,0.6059629331184528,560,681,1241,0.0,0.0008333472224535399,0.6051571313456863,8.058017727639034e-05
26992,22.493708228470474,0.6067687348912167,560,681,1241,0.0008058017727639033,0.0008333472224535399,0.6053182917002391,0.00016116035455278067
26993,22.494541575692928,0.6067687348912167,560,681,1241,0.0,0.0008333472224535399,0.6053988718775155,8.058017727639034e-05
26994,22.49537492291538,0.6075745366639806,560,681,1241,0.0008058017727639033,0.0008333472224535399,0.605721192586621,0.00032232070910556134
26995,22.496208270137835,0.6075745366639806,560,681,1241,0.0,0.0008333472224535399,0.6060435132957267,0.00032232070910556134
26996,22.49704161736029,0.6075745366639806,560,681,1241,0.0,0.0008333472224535399,0.6063658340048322,0.00032232070910556134
26997,22.497874964582746,0.6075745366639806,560,681,1241,0.0,0.0008333472224570926,0.6066075745366614,0.00024174053182917098
26998,22.4987083118052,0.6075745366639806,560,681,1241,0.0,0.0008333472224535399,0.6068493150684905,0.00024174053182917098
26999,22.499541659027653,0.6099919419822724,560,681,1241,0.00241740531829171,0.0008333472224535399,0.6073327961321489,0.00048348106365834196
27000,22.500375006250106,0.6099919419822724,560,681,1241,0.0,0.0008333472224535399,0.6077356970185308,0.00040290088638195165
27001,22.50120835347256,0.6091861402095085,560,681,1241,-0.0008058017727639033,0.0008333472224535399,0.6080580177276363,0.00032232070910556134
27002,22.502041700695013,0.6091861402095085,560,681,1241,0.0,0.0008333472224535399,0.6082997582594655,0.00024174053182917098
27003,22.502875047917467,0.6083803384367445,560,681,1241,-0.0008058017727639033,0.0008333472224535399,0.6084609186140183,0.00016116035455278067
27004,22.50370839513992,0.6091861402095085,560,681,1241,0.0008058017727639033,0.0008333472224535399,0.608622078968571,0.00016116035455278067
27005,22.504541742362374,0.6083803384367445,560,681,1241,-0.0008058017727639033,0.0008333472224535399,0.6087026591458475,8.058017727639034e-05
27006,22.505375089584827,0.6083803384367445,560,681,1241,0.0,0.0008333472224535399,0.608783239323124,8.058017727639034e-05
27007,22.50620843680728,0.6091861402095085,560,681,1241,0.0008058017727639033,0.0008333472224535399,0.6089443996776767,0.00016116035455278067
27008,22.507041784029735,0.6107977437550363,560,681,1241,0.0016116035455278066,0.0008333472224535399,0.6092667203867823,0.00032232070910556134
27009,22.507875131252188,0.6107977437550363,560,681,1241,0.0,0.0008333472224535399,0.6093473005640586,8.058017727639034e-05
27010,22.50870847847464,0.6107977437550363,560,681,1241,0.0,0.0008333472224535399,0.6094278807413349,8.058017727639034e-05
27011,22.509541825697095,0.6107977437550363,560,681,1241,0.0,0.0008333472224535399,0.6095890410958877,0.00016116035455278067
27012,22.51037517291955,0.6116035455278002,560,681,1241,0.0008058017727639033,0.0008333472224535399,0.609830781627717,0.00024174053182917098
27013,22.511208520142002,0.6099919419822724,560,681,1241,-0.0016116035455278066,0.0008333472224535399,0.6099919419822697,0.00016116035455278067
27014,22.512041867364456,0.6091861402095085,560,681,1241,-0.0008058017727639033,0.0008333472224535399,0.6099919419822697,0.0
27015,22.51287521458691,0.6091861402095085,560,681,1241,0.0,0.0008333472224535399,0.6100725221595461,8.058017727639034e-05
27016,22.513708561809363,0.6083803384367445,560,681,1241,-0.0008058017727639033,0.0008333472224535399,0.6100725221595461,0.0
27017,22.514541909031816,0.6083803384367445,560,681,1241,0.0,0.0008333472224535399,0.6099919419822697,-8.058017727639034e-05
27018,22.515375256254273,0.6091861402095085,560,681,1241,0.0008058017727639033,0.0008333472224570926,0.609830781627717,-0.00016116035455278067
27019,22.516208603476727,0.6083803384367445,560,681,1241,-0.0008058017727639033,0.0008333472224535399,0.6095890410958879,-0.00024174053182917098
27020,22.51704195069918,0.6099919419822724,560,681,1241,0.0016116035455278066,0.0008333472224535399,0.6095084609186114,-8.058017727639034e-05
27021,22.517875297921634,0.6107977437550363,560,681,1241,0.0008058017727639033,0.0008333472224535399,0.6095084609186114,0.0
27022,22.518708645144088,0.6107977437550363,560,681,1241,0.0,0.0008333472224535399,0.609427880741335,-8.058017727639034e-05
27023,22.51954199236654,0.6116035455278002,560,681,1241,0.0008058017727639033,0.0008333472224535399,0.6095890410958879,0.00016116035455278067
27024,22.520375339588995,0.6116035455278002,560,681,1241,0.0,0.0008333472224535399,0.6098307816277171,0.00024174053182917098
27025,22.52120868681145,0.6116035455278002,560,681,1241,0.0,0.0008333472224535399,0.6100725221595462,0.00024174053182917098
27026,22.522042034033902,0.6116035455278002,560,681,1241,0.0,0.0008333472224535399,0.6103948428686519,0.00032232070910556134
27027,22.522875381256355,0.6107977437550363,560,681,1241,-0.0008058017727639033,0.0008333472224535399,0.610636583400481,0.00024174053182917098
27028,22.52370872847881,0.6083803384367445,560,681,1241,-0.00241740531829171,0.0008333472224535399,0.6105560032232046,-8.058017727639034e-05
27029,22.524542075701262,0.6091861402095085,560,681,1241,0.0008058017727639033,0.0008333472224535399,0.610636583400481,8.058017727639034e-05
27030,22.525375422923716,0.6083803384367445,560,681,1241,-0.0008058017727639033,0.0008333472224535399,0.6104754230459282,-0.00016116035455278067
27031,22.52620877014617,0.6083803384367445,560,681,1241,0.0,0.0008333472224535399,0.610233682514099,-0.00024174053182917098
27032,22.527042117368623,0.6075745366639806,560,681,1241,-0.0008058017727639033,0.0008333472224535399,0.6099113618049935,-0.00032232070910556134
27033,22.527875464591077,0.6083803384367445,560,681,1241,0.0008058017727639033,0.0008333472224535399,0.609589041095888,-0.00032232070910556134
27034,22.52870881181353,0.6091861402095085,560,681,1241,0.0008058017727639033,0.0008333472224535399,0.6093473005640587,-0.00024174053182917098
27035,22.529542159035984,0.6099919419822724,560,681,1241,0.0008058017727639033,0.0008333472224535399,0.6091861402095059,-0.00016116035455278067
27036,22.530375506258437,0.6107977437550363,560,681,1241,0.0008058017727639033,0.0008333472224535399,0.6091055600322295,-8.058017727639034e-05
27037,22.53120885348089,0.6107977437550363,560,681,1241,0.0,0.0008333472224535399,0.6091055600322295,0.0
27038,22.532042200703344,0.6099919419822724,560,681,1241,-0.0008058017727639033,0.0008333472224535399,0.6092667203867823,0.00016116035455278067
27039,22.5328755479258,0.6091861402095085,560,681,1241,-0.0008058017727639033,0.0008333472224570926,0.6092667203867823,0.0
27040,22.533708895148255,0.6099919419822724,560,681,1241,0.0008058017727639033,0.0008333472224535399,0.609427880741335,0.00016116035455278067
27041,22.53454224237071,0.6099919419822724,560,681,1241,0.0,0.0008333472224535399,0.6095890410958879,0.00016116035455278067
27042,22.535375589593162,0.6099919419822724,560,681,1241,0.0,0.0008333472224535399,0.6098307816277171,0.00024174053182917098
27043,22.536208936815616,0.6099919419822724,560,681,1241,0.0,0.0008333472224535399,0.6099919419822698,0.00016116035455278067
27044,22.53704228403807,0.6091861402095085,560,681,1241,-0.0008058017727639033,0.0008333472224535399,0.6099919419822698,0.0
27045,22.537875631260523,0.6091861402095085,560,681,1241,0.0,0.0008333472224535399,0.6099113618049934,-8.058017727639034e-05
27046,22.538708978482976,0.6083803384367445,560,681,1241,-0.0008058017727639033,0.0008333472224535399,0.6096696212731643,-0.00024174053182917098
27047,22.53954232570543,0.6083803384367445,560,681,1241,0.0,0.0008333472224535399,0.6094278807413351,-0.00024174053182917098
27048,22.540375672927883,0.6083803384367445,560,681,1241,0.0,0.0008333472224535399,0.6092667203867823,-0.00016116035455278067
27049,22.541209020150337,0.6083803384367445,560,681,1241,0.0,0.0008333472224535399,0.609186140209506,-8.058017727639034e-05
27050,22.54204236737279,0.6083803384367445,560,681,1241,0.0,0.0008333472224535399,0.6090249798549532,-0.00016116035455278067
27051,22.542875714595244,0.6083803384367445,560,681,1241,0.0,0.0008333472224535399,0.6088638195004005,-0.00016116035455278067
27052,22.543709061817697,0.6091861402095085,560,681,1241,0.0008058017727639033,0.0008333472224535399,0.6087832393231241,-8.058017727639034e-05
27053,22.54454240904015,0.6091861402095085,560,681,1241,0.0,0.0008333472224535399,0.6087026591458475,-8.058017727639034e-05
27054,22.545375756262604,0.6099919419822724,560,681,1241,0.0008058017727639033,0.0008333472224535399,0.6087832393231241,8.058017727639034e-05
27055,22.546209103485058,0.6107977437550363,560,681,1241,0.0008058017727639033,0.0008333472224535399,0.6089443996776768,0.00016116035455278067
27056,22.54704245070751,0.6116035455278002,560,681,1241,0.0008058017727639033,0.0008333472224535399,0.6092667203867823,0.00032232070910556134
27057,22.547875797929965,0.6116035455278002,560,681,1241,0.0,0.0008333472224535399,0.609589041095888,0.00032232070910556134
27058,22.54870914515242,0.6107977437550363,560,681,1241,-0.0008058017727639033,0.0008333472224535399,0.6098307816277171,0.00024174053182917098
27059,22.549542492374872,0.6107977437550363,560,681,1241,0.0,0.0008333472224535399,0.6100725221595462,0.00024174053182917098
27060,22.55037583959733,0.6107977437550363,560,681,1241,0.0,0.0008333472224570926,0.6103142626913753,0.00024174053182917098
27061,22.551209186819783,0.6099919419822724,560,681,1241,-0.0008058017727639033,0.0008333472224535399,0.6104754230459281,0.00016116035455278067
27062,22.552042534042236,0.6099919419822724,560,681,1241,0.0,0.0008333472224535399,0.6105560032232045,8.058017727639034e-05
27063,22.55287588126469,0.6107977437550363,560,681,1241,0.0008058017727639033,0.0008333472224535399,0.6107171635777573,0.00016116035455278067
27064,22.553709228487143,0.6107977437550363,560,681,1241,0.0,0.0008333472224535399,0.6107977437550336,8.058017727639034e-05
27065,22.554542575709597,0.6107977437550363,560,681,1241,0.0,0.0008333472224535399,0.6107977437550336,0.0
27066,22.55537592293205,0.6116035455278002,560,681,1241,0.0008058017727639033,0.0008333472224535399,0.6107977437550336,0.0
27067,22.556209270154504,0.6116035455278002,560,681,1241,0.0,0.0008333472224535399,0.6107977437550336,0.0
27068,22.557042617376958,0.6107977437550363,560,681,1241,-0.0008058017727639033,0.0008333472224535399,0.6107977437550336,0.0
27069,22.55787596459941,0.6107977437550363,560,681,1241,0.0,0.0008333472224535399,0.6107977437550336,0.0
27070,22.558709311821865,0.6116035455278002,560,681,1241,0.0008058017727639033,0.0008333472224535399,0.6108783239323101,8.058017727639034e-05
27071,22.559542659044318,0.6116035455278002,560,681,1241,0.0,0.0008333472224535399,0.6110394842868628,0.00016116035455278067
27072,22.56037600626677,0.6116035455278002,560,681,1241,0.0,0.0008333472224535399,0.6112006446414157,0.00016116035455278067
27073,22.561209353489225,0.6116035455278002,560,681,1241,0.0,0.0008333472224535399,0.6112812248186921,8.058017727639034e-05
27074,22.56204270071168,0.6116035455278002,560,681,1241,0.0,0.0008333472224535399,0.6113618049959685,8.058017727639034e-05
27075,22.562876047934132,0.6124093473005641,560,681,1241,0.0008058017727639033,0.0008333472224535399,0.6115229653505213,0.00016116035455278067
27076,22.563709395156586,0.6124093473005641,560,681,1241,0.0,0.0008333472224535399,0.6116035455277976,8.058017727639034e-05
27077,22.56454274237904,0.6140209508460919,560,681,1241,0.0016116035455278066,0.0008333472224535399,0.6118452860596267,0.00024174053182917098
27078,22.565376089601493,0.6156325543916197,560,681,1241,0.0016116035455278066,0.0008333472224535399,0.6123287671232851,0.00048348106365834196
27079,22.566209436823947,0.6172441579371475,560,681,1241,0.0016116035455278066,0.0008333472224535399,0.6129734085414962,0.0006446414182111227
27080,22.5670427840464,0.6180499597099114,560,681,1241,0.0008058017727639033,0.0008333472224535399,0.6136180499597074,0.0006446414182111227
27081,22.567876131268857,0.6172441579371475,560,681,1241,-0.0008058017727639033,0.0008333472224570926,0.614182111200642,0.0005640612409347323
27082,22.56870947849131,0.6164383561643836,560,681,1241,-0.0008058017727639033,0.0008333472224535399,0.6146655922643004,0.00048348106365834196
27083,22.569542825713764,0.6164383561643836,560,681,1241,0.0,0.0008333472224535399,0.6151490733279588,0.00048348106365834196
27084,22.570376172936218,0.6156325543916197,560,681,1241,-0.0008058017727639033,0.0008333472224535399,0.6155519742143406,0.00040290088638195165
27085,22.57120952015867,0.6156325543916197,560,681,1241,0.0,0.0008333472224535399,0.6158742949234461,0.00032232070910556134
27086,22.572042867381125,0.6156325543916197,560,681,1241,0.0,0.0008333472224535399,0.6161966156325518,0.00032232070910556134
27087,22.57287621460358,0.6156325543916197,560,681,1241,0.0,0.0008333472224535399,0.6163577759871045,0.00016116035455278067
27088,22.573709561826032,0.6156325543916197,560,681,1241,0.0,0.0008333472224535399,0.6163577759871045,0.0
27089,22.574542909048485,0.6164383561643836,560,681,1241,0.0008058017727639033,0.0008333472224535399,0.6162771958098282,-8.058017727639034e-05
27090,22.57537625627094,0.6164383561643836,560,681,1241,0.0,0.0008333472224535399,0.6161160354552754,-0.00016116035455278067
27091,22.576209603493393,0.6156325543916197,560,681,1241,-0.0008058017727639033,0.0008333472224535399,0.6159548751007227,-0.00016116035455278067
27092,22.577042950715846,0.6156325543916197,560,681,1241,0.0,0.0008333472224535399,0.6158742949234461,-8.058017727639034e-05
27093,22.5778762979383,0.6156325543916197,560,681,1241,0.0,0.0008333472224535399,0.6157937147461697,-8.058017727639034e-05
27094,22.578709645160753,0.6164383561643836,560,681,1241,0.0008058017727639033,0.0008333472224535399,0.6158742949234461,8.058017727639034e-05
27095,22.579542992383207,0.6148267526188558,560,681,1241,-0.0016116035455278066,0.0008333472224535399,0.6157937147461698,-8.058017727639034e-05
27096,22.58037633960566,0.6148267526188558,560,681,1241,0.0,0.0008333472224535399,0.6157131345688935,-8.058017727639034e-05
27097,22.581209686828114,0.6148267526188558,560,681,1241,0.0,0.0008333472224535399,0.6156325543916171,-8.058017727639034e-05
27098,22.582043034050567,0.6140209508460919,560,681,1241,-0.0008058017727639033,0.0008333472224535399,0.6154713940370644,-0.00016116035455278067
27099,22.58287638127302,0.6140209508460919,560,681,1241,0.0,0.0008333472224535399,0.6152296535052352,-0.00024174053182917098
27100,22.583709728495474,0.6148267526188558,560,681,1241,0.0008058017727639033,0.0008333472224535399,0.6150684931506823,-0.00016116035455278067
27101,22.584543075717928,0.6156325543916197,560,681,1241,0.0008058017727639033,0.0008333472224535399,0.6150684931506823,0.0
27102,22.585376422940385,0.6156325543916197,560,681,1241,0.0,0.0008333472224570926,0.6150684931506823,0.0
27103,22.58620977016284,0.6164383561643836,560,681,1241,0.0008058017727639033,0.0008333472224535399,0.6151490733279588,8.058017727639034e-05
27104,22.587043117385292,0.6156325543916197,560,681,1241,-0.0008058017727639033,0.0008333472224535399,0.6150684931506823,-8.058017727639034e-05
27105,22.587876464607746,0.6156325543916197,560,681,1241,0.0,0.0008333472224535399,0.6151490733279588,8.058017727639034e-05
27106,22.5887098118302,0.6148267526188558,560,681,1241,-0.0008058017727639033,0.0008333472224535399,0.6151490733279588,0.0
27107,22.589543159052653,0.6140209508460919,560,681,1241,-0.0008058017727639033,0.0008333472224535399,0.6150684931506822,-8.058017727639034e-05
27108,22.590376506275106,0.6148267526188558,560,681,1241,0.0008058017727639033,0.0008333472224535399,0.6151490733279588,8.058017727639034e-05
27109,22.59120985349756,0.6156325543916197,560,681,1241,0.0008058017727639033,0.0008333472224535399,0.6153102336825115,0.00016116035455278067
27110,22.592043200720013,0.6148267526188558,560,681,1241,-0.0008058017727639033,0.0008333472224535399,0.6153102336825115,0.0
27111,22.592876547942467,0.6148267526188558,560,681,1241,0.0,0.0008333472224535399,0.6152296535052352,-8.058017727639034e-05
27112,22.59370989516492,0.6164383561643836,560,681,1241,0.0016116035455278066,0.0008333472224535399,0.6153102336825116,8.058017727639034e-05
27113,22.594543242387374,0.6156325543916197,560,681,1241,-0.0008058017727639033,0.0008333472224535399,0.6152296535052352,-8.058017727639034e-05
27114,22.595376589609828,0.6164383561643836,560,681,1241,0.0008058017727639033,0.0008333472224535399,0.6153102336825116,8.058017727639034e-05
27115,22.59620993683228,0.6172441579371475,560,681,1241,0.0008058017727639033,0.0008333472224535399,0.6154713940370644,0.00016116035455278067
27116,22.597043284054735,0.6172441579371475,560,681,1241,0.0,0.0008333472224535399,0.6157131345688935,0.00024174053182917098
27117,22.597876631277188,0.6172441579371475,560,681,1241,0.0,0.0008333472224535399,0.6160354552779991,0.00032232070910556134
27118,22.59870997849964,0.6180499597099114,560,681,1241,0.0008058017727639033,0.0008333472224535399,0.6163577759871046,0.00032232070910556134
27119,22.599543325722095,0.6180499597099114,560,681,1241,0.0,0.0008333472224535399,0.6165995165189339,0.00024174053182917098
27120,22.60037667294455,0.6180499597099114,560,681,1241,0.0,0.0008333472224535399,0.6169218372280394,0.00032232070910556134
27121,22.601210020167002,0.6188557614826753,560,681,1241,0.0008058017727639033,0.0008333472224535399,0.6173247381144213,0.00040290088638195165
27122,22.602043367389456,0.6196615632554392,560,681,1241,0.0008058017727639033,0.0008333472224535399,0.6176470588235269,0.00032232070910556134
27123,22.60287671461191,0.6188557614826753,560,681,1241,-0.0008058017727639033,0.0008333472224535399,0.6179693795326324,0.00032232070910556134
27124,22.603710061834366,0.6188557614826753,560,681,1241,0.0,0.0008333472224570926,0.6182111200644616,0.00024174053182917098
27125,22.60454340905682,0.6188557614826753,560,681,1241,0.0,0.0008333472224535399,0.6183722804190144,0.00016116035455278067
27126,22.605376756279274,0.6188557614826753,560,681,1241,0.0,0.0008333472224535399,0.6185334407735671,0.00016116035455278067
27127,22.606210103501727,0.6180499597099114,560,681,1241,-0.0008058017727639033,0.0008333472224535399,0.6186140209508435,8.058017727639034e-05
27128,22.60704345072418,0.6172441579371475,560,681,1241,-0.0008058017727639033,0.0008333472224535399,0.6185334407735671,-8.058017727639034e-05
27129,22.607876797946634,0.6164383561643836,560,681,1241,-0.0008058017727639033,0.0008333472224535399,0.6183722804190144,-0.00016116035455278067
27130,22.608710145169088,0.6164383561643836,560,681,1241,0.0,0.0008333472224535399,0.6182111200644616,-0.00016116035455278067
27131,22.60954349239154,0.6164383561643836,560,681,1241,0.0,0.0008333472224535399,0.6179693795326324,-0.00024174053182917098
27132,22.610376839613995,0.6180499597099114,560,681,1241,0.0016116035455278066,0.0008333472224535399,0.6178082191780796,-0.00016116035455278067
27133,22.61121018683645,0.6196615632554392,560,681,1241,0.0016116035455278066,0.0008333472224535399,0.6178887993553561,8.058017727639034e-05
27134,22.612043534058902,0.6180499597099114,560,681,1241,-0.0016116035455278066,0.0008333472224535399,0.6178082191780797,-8.058017727639034e-05
27135,22.612876881281355,0.6180499597099114,560,681,1241,0.0,0.0008333472224535399,0.6177276390008034,-8.058017727639034e-05
27136,22.61371022850381,0.6180499597099114,560,681,1241,0.0,0.0008333472224535399,0.617647058823527,-8.058017727639034e-05
27137,22.614543575726263,0.6180499597099114,560,681,1241,0.0,0.0008333472224535399,0.617647058823527,0.0
27138,22.615376922948716,0.6180499597099114,560,681,1241,0.0,0.0008333472224535399,0.6177276390008035,8.058017727639034e-05
27139,22.61621027017117,0.6188557614826753,560,681,1241,0.0008058017727639033,0.0008333472224535399,0.6179693795326326,0.00024174053182917098
27140,22.617043617393623,0.6188557614826753,560,681,1241,0.0,0.0008333472224535399,0.6182111200644618,0.00024174053182917098
27141,22.617876964616077,0.6196615632554392,560,681,1241,0.0008058017727639033,0.0008333472224535399,0.6185334407735673,0.00032232070910556134
27142,22.61871031183853,0.6204673650282031,560,681,1241,0.0008058017727639033,0.0008333472224535399,0.6187751813053964,0.00024174053182917098
27143,22.619543659060984,0.6204673650282031,560,681,1241,0.0,0.0008333472224535399,0.6188557614826727,8.058017727639034e-05
27144,22.620377006283437,0.6204673650282031,560,681,1241,0.0,0.0008333472224535399,0.6190975020145019,0.00024174053182917098
27145,22.621210353505894,0.6204673650282031,560,681,1241,0.0,0.0008333472224570926,0.619339242546331,0.00024174053182917098
27146,22.622043700728348,0.621273166800967,560,681,1241,0.0008058017727639033,0.0008333472224535399,0.6196615632554365,0.00032232070910556134
27147,22.6228770479508,0.6204673650282031,560,681,1241,-0.0008058017727639033,0.0008333472224535399,0.6199033037872657,0.00024174053182917098
27148,22.623710395173255,0.6188557614826753,560,681,1241,-0.0016116035455278066,0.0008333472224535399,0.6199838839645421,8.058017727639034e-05
27149,22.62454374239571,0.6196615632554392,560,681,1241,0.0008058017727639033,0.0008333472224535399,0.6200644641418185,8.058017727639034e-05
27150,22.625377089618162,0.6188557614826753,560,681,1241,-0.0008058017727639033,0.0008333472224535399,0.6200644641418185,0.0
27151,22.626210436840616,0.6188557614826753,560,681,1241,0.0,0.0008333472224535399,0.6199838839645421,-8.058017727639034e-05
27152,22.62704378406307,0.6188557614826753,560,681,1241,0.0,0.0008333472224535399,0.6198227236099892,-0.00016116035455278067
27153,22.627877131285523,0.6188557614826753,560,681,1241,0.0,0.0008333472224535399,0.6196615632554365,-0.00016116035455278067
27154,22.628710478507976,0.6196615632554392,560,681,1241,0.0008058017727639033,0.0008333472224535399,0.6195809830781601,-8.058017727639034e-05
27155,22.62954382573043,0.6196615632554392,560,681,1241,0.0,0.0008333472224535399,0.6195004029008838,-8.058017727639034e-05
27156,22.630377172952883,0.6180499597099114,560,681,1241,-0.0016116035455278066,0.0008333472224535399,0.6191780821917783,-0.00032232070910556134
27157,22.631210520175337,0.6172441579371475,560,681,1241,-0.0008058017727639033,0.0008333472224535399,0.6188557614826726,-0.00032232070910556134
27158,22.63204386739779,0.6156325543916197,560,681,1241,-0.0016116035455278066,0.0008333472224535399,0.6185334407735671,-0.00032232070910556134
27159,22.632877214620244,0.6164383561643836,560,681,1241,0.0008058017727639033,0.0008333472224535399,0.6182111200644616,-0.00032232070910556134
27160,22.633710561842697,0.6156325543916197,560,681,1241,-0.0008058017727639033,0.0008333472224535399,0.617888799355356,-0.00032232070910556134
27161,22.63454390906515,0.6140209508460919,560,681,1241,-0.0016116035455278066,0.0008333472224535399,0.6174053182916976,-0.00048348106365834196
27162,22.635377256287605,0.6140209508460919,560,681,1241,0.0,0.0008333472224535399,0.6169218372280393,-0.00048348106365834196
27163,22.636210603510058,0.613215149073328,560,681,1241,-0.0008058017727639033,0.0008333472224535399,0.6163577759871046,-0.0005640612409347323
27164,22.63704395073251,0.6116035455278002,560,681,1241,-0.0016116035455278066,0.0008333472224535399,0.6155519742143407,-0.0008058017727639033
27165,22.637877297954965,0.613215149073328,560,681,1241,0.0016116035455278066,0.0008333472224535399,0.6149073327961296,-0.0006446414182111227
27166,22.638710645177422,0.613215149073328,560,681,1241,0.0,0.0008333472224570926,0.6144238517324713,-0.00048348106365834196
27167,22.639543992399876,0.6124093473005641,560,681,1241,-0.0008058017727639033,0.0008333472224535399,0.6139403706688129,-0.00048348106365834196
27168,22.64037733962233,0.6107977437550363,560,681,1241,-0.0016116035455278066,0.0008333472224535399,0.6134568896051545,-0.00048348106365834196
27169,22.641210686844783,0.6091861402095085,560,681,1241,-0.0016116035455278066,0.0008333472224535399,0.612731668009667,-0.000725221595487513
27170,22.642044034067236,0.6099919419822724,560,681,1241,0.0008058017727639033,0.0008333472224535399,0.6121676067687323,-0.0005640612409347323
27171,22.64287738128969,0.6116035455278002,560,681,1241,0.0016116035455278066,0.0008333472224535399,0.6119258662369031,-0.00024174053182917098
27172,22.643710728512144,0.6107977437550363,560,681,1241,-0.0008058017727639033,0.0008333472224535399,0.6116035455277976,-0.00032232070910556134
27173,22.644544075734597,0.6116035455278002,560,681,1241,0.0008058017727639033,0.0008333472224535399,0.6114423851732449,-0.00016116035455278067
27174,22.64537742295705,0.6116035455278002,560,681,1241,0.0,0.0008333472224535399,0.6114423851732449,0.0
27175,22.646210770179504,0.6124093473005641,560,681,1241,0.0008058017727639033,0.0008333472224535399,0.6113618049959684,-8.058017727639034e-05
27176,22.647044117401958,0.6116035455278002,560,681,1241,-0.0008058017727639033,0.0008333472224535399,0.6112006446414157,-0.00016116035455278067
27177,22.64787746462441,0.6107977437550363,560,681,1241,-0.0008058017727639033,0.0008333472224535399,0.6110394842868628,-0.00016116035455278067
27178,22.648710811846865,0.6107977437550363,560,681,1241,0.0,0.0008333472224535399,0.6110394842868628,0.0
27179,22.64954415906932,0.6107977437550363,560,681,1241,0.0,0.0008333472224535399,0.6112006446414157,0.00016116035455278067
27180,22.650377506291772,0.6107977437550363,560,681,1241,0.0,0.0008333472224535399,0.611281224818692,8.058017727639034e-05
27181,22.651210853514225,0.6116035455278002,560,681,1241,0.0008058017727639033,0.0008333472224535399,0.611281224818692,0.0
27182,22.65204420073668,0.6116035455278002,560,681,1241,0.0,0.0008333472224535399,0.6113618049959684,8.058017727639034e-05
27183,22.652877547959132,0.6116035455278002,560,681,1241,0.0,0.0008333472224535399,0.6113618049959684,0.0
27184,22.653710895181586,0.6107977437550363,560,681,1241,-0.0008058017727639033,0.0008333472224535399,0.611281224818692,-8.058017727639034e-05
27185,22.65454424240404,0.6116035455278002,560,681,1241,0.0008058017727639033,0.0008333472224535399,0.6112006446414157,-8.058017727639034e-05
27186,22.655377589626493,0.6116035455278002,560,681,1241,0.0,0.0008333472224535399,0.6112006446414157,0.0
27187,22.65621093684895,0.6107977437550363,560,681,1241,-0.0008058017727639033,0.0008333472224570926,0.6112006446414157,0.0
27188,22.657044284071404,0.6091861402095085,560,681,1241,-0.0016116035455278066,0.0008333472224535399,0.6110394842868628,-0.00016116035455278067
27189,22.657877631293857,0.6091861402095085,560,681,1241,0.0,0.0008333472224535399,0.6108783239323101,-0.00016116035455278067
27190,22.65871097851631,0.6083803384367445,560,681,1241,-0.0008058017727639033,0.0008333472224535399,0.610636583400481,-0.00024174053182917098
27191,22.659544325738764,0.6091861402095085,560,681,1241,0.0008058017727639033,0.0008333472224535399,0.6103948428686518,-0.00024174053182917098
27192,22.660377672961218,0.6091861402095085,560,681,1241,0.0,0.0008333472224535399,0.6101531023368225,-0.00024174053182917098
27193,22.66121102018367,0.6083803384367445,560,681,1241,-0.0008058017727639033,0.0008333472224535399,0.609830781627717,-0.00032232070910556134
27194,22.662044367406125,0.6083803384367445,560,681,1241,0.0,0.0008333472224535399,0.6095890410958879,-0.00024174053182917098
27195,22.66287771462858,0.6075745366639806,560,681,1241,-0.0008058017727639033,0.0008333472224535399,0.6091861402095058,-0.00040290088638195165
27196,22.663711061851032,0.6083803384367445,560,681,1241,0.0008058017727639033,0.0008333472224535399,0.6088638195004002,-0.00032232070910556134
27197,22.664544409073486,0.6067687348912167,560,681,1241,-0.0016116035455278066,0.0008333472224535399,0.6084609186140184,-0.00040290088638195165
27198,22.66537775629594,0.6075745366639806,560,681,1241,0.0008058017727639033,0.0008333472224535399,0.6082997582594656,-0.00016116035455278067
27199,22.666211103518393,0.6075745366639806,560,681,1241,0.0,0.0008333472224535399,0.6081385979049128,-0.00016116035455278067
27200,22.667044450740846,0.6051571313456889,560,681,1241,-0.00241740531829171,0.0008333472224535399,0.6078162771958072,-0.00032232070910556134
27201,22.6678777979633,0.6059629331184528,560,681,1241,0.0008058017727639033,0.0008333472224535399,0.6074939564867017,-0.00032232070910556134
27202,22.668711145185753,0.6051571313456889,560,681,1241,-0.0008058017727639033,0.0008333472224535399,0.6070910556003197,-0.00040290088638195165
27203,22.669544492408207,0.6051571313456889,560,681,1241,0.0,0.0008333472224535399,0.6067687348912142,-0.00032232070910556134
27204,22.67037783963066,0.6067687348912167,560,681,1241,0.0016116035455278066,0.0008333472224535399,0.6066075745366615,-0.00016116035455278067
27205,22.671211186853114,0.6083803384367445,560,681,1241,0.0016116035455278066,0.0008333472224535399,0.6066881547139379,8.058017727639034e-05
27206,22.672044534075567,0.6091861402095085,560,681,1241,0.0008058017727639033,0.0008333472224535399,0.6067687348912142,8.058017727639034e-05
27207,22.67287788129802,0.6099919419822724,560,681,1241,0.0008058017727639033,0.0008333472224535399,0.6070910556003197,0.00032232070910556134
27208,22.673711228520478,0.6091861402095085,560,681,1241,-0.0008058017727639033,0.0008333472224570926,0.6072522159548726,0.00016116035455278067
27209,22.67454457574293,0.6083803384367445,560,681,1241,-0.0008058017727639033,0.0008333472224535399,0.607332796132149,8.058017727639034e-05
27210,22.675377922965385,0.6083803384367445,560,681,1241,0.0,0.0008333472224535399,0.6076551168412545,0.00032232070910556134
27211,22.67621127018784,0.6091861402095085,560,681,1241,0.0008058017727639033,0.0008333472224535399,0.6079774375503602,0.00032232070910556134
27212,22.677044617410292,0.6099919419822724,560,681,1241,0.0008058017727639033,0.0008333472224535399,0.6084609186140184,0.00048348106365834196
27213,22.677877964632746,0.6099919419822724,560,681,1241,0.0,0.0008333472224535399,0.6089443996776768,0.00048348106365834196
27214,22.6787113118552,0.6099919419822724,560,681,1241,0.0,0.0008333472224535399,0.6092667203867823,0.00032232070910556134
27215,22.679544659077653,0.6091861402095085,560,681,1241,-0.0008058017727639033,0.0008333472224535399,0.6093473005640587,8.058017727639034e-05
27216,22.680378006300106,0.6099919419822724,560,681,1241,0.0008058017727639033,0.0008333472224535399,0.6094278807413351,8.058017727639034e-05
27217,22.68121135352256,0.6099919419822724,560,681,1241,0.0,0.0008333472224535399,0.6094278807413351,0.0
27218,22.682044700745013,0.6107977437550363,560,681,1241,0.0008058017727639033,0.0008333472224535399,0.609589041095888,0.00016116035455278067
27219,22.682878047967467,0.6107977437550363,560,681,1241,0.0,0.0008333472224535399,0.6098307816277171,0.00024174053182917098
27220,22.68371139518992,0.6107977437550363,560,681,1241,0.0,0.0008333472224535399,0.6100725221595462,0.00024174053182917098
27221,22.684544742412374,0.6124093473005641,560,681,1241,0.0016116035455278066,0.0008333472224535399,0.6103948428686518,0.00032232070910556134
27222,22.685378089634828,0.6116035455278002,560,681,1241,-0.0008058017727639033,0.0008333472224535399,0.6105560032232045,0.00016116035455278067
27223,22.68621143685728,0.6116035455278002,560,681,1241,0.0,0.0008333472224535399,0.6107171635777573,0.00016116035455278067
27224,22.687044784079735,0.6107977437550363,560,681,1241,-0.0008058017727639033,0.0008333472224535399,0.6107977437550336,8.058017727639034e-05
27225,22.687878131302188,0.6107977437550363,560,681,1241,0.0,0.0008333472224535399,0.6109589041095864,0.00016116035455278067
27226,22.68871147852464,0.6107977437550363,560,681,1241,0.0,0.0008333472224535399,0.6110394842868627,8.058017727639034e-05
27227,22.689544825747095,0.6107977437550363,560,681,1241,0.0,0.0008333472224535399,0.6111200644641391,8.058017727639034e-05
27228,22.69037817296955,0.6107977437550363,560,681,1241,0.0,0.0008333472224535399,0.6111200644641391,0.0
27229,22.691211520192002,0.6107977437550363,560,681,1241,0.0,0.0008333472224535399,0.6111200644641391,0.0
27230,22.69204486741446,0.6107977437550363,560,681,1241,0.0,0.0008333472224570926,0.6111200644641391,0.0
27231,22.692878214636913,0.6099919419822724,560,681,1241,-0.0008058017727639033,0.0008333472224535399,0.61087832393231,-0.00024174053182917098
27232,22.693711561859367,0.6107977437550363,560,681,1241,0.0008058017727639033,0.0008333472224535399,0.6107977437550336,-8.058017727639034e-05
27233,22.69454490908182,0.6099919419822724,560,681,1241,-0.0008058017727639033,0.0008333472224535399,0.6106365834004808,-0.00016116035455278067
27234,22.695378256304274,0.6099919419822724,560,681,1241,0.0,0.0008333472224535399,0.6105560032232045,-8.058017727639034e-05
27235,22.696211603526727,0.6099919419822724,560,681,1241,0.0,0.0008333472224535399,0.6104754230459281,-8.058017727639034e-05
27236,22.69704495074918,0.6107977437550363,560,681,1241,0.0008058017727639033,0.0008333472224535399,0.6104754230459281,0.0
27237,22.697878297971634,0.6107977437550363,560,681,1241,0.0,0.0008333472224535399,0.6104754230459281,0.0
27238,22.698711645194088,0.6116035455278002,560,681,1241,0.0008058017727639033,0.0008333472224535399,0.6105560032232045,8.058017727639034e-05
27239,22.69954499241654,0.6124093473005641,560,681,1241,0.0008058017727639033,0.0008333472224535399,0.6107171635777573,0.00016116035455278067
27240,22.700378339638995,0.6116035455278002,560,681,1241,-0.0008058017727639033,0.0008333472224535399,0.6107977437550337,8.058017727639034e-05
27241,22.70121168686145,0.6124093473005641,560,681,1241,0.0008058017727639033,0.0008333472224535399,0.6110394842868628,0.00024174053182917098
27242,22.702045034083902,0.6116035455278002,560,681,1241,-0.0008058017727639033,0.0008333472224535399,0.6111200644641392,8.058017727639034e-05
27243,22.702878381306355,0.6124093473005641,560,681,1241,0.0008058017727639033,0.0008333472224535399,0.6113618049959684,0.00024174053182917098
27244,22.70371172852881,0.6140209508460919,560,681,1241,0.0016116035455278066,0.0008333472224535399,0.6117647058823503,0.00040290088638195165
27245,22.704545075751263,0.6140209508460919,560,681,1241,0.0,0.0008333472224535399,0.6121676067687323,0.00040290088638195165
27246,22.705378422973716,0.6148267526188558,560,681,1241,0.0008058017727639033,0.0008333472224535399,0.6125705076551142,0.00040290088638195165
27247,22.70621177019617,0.6156325543916197,560,681,1241,0.0008058017727639033,0.0008333472224535399,0.6130539887187726,0.00048348106365834196
27248,22.707045117418623,0.6156325543916197,560,681,1241,0.0,0.0008333472224535399,0.6134568896051544,0.00040290088638195165
27249,22.707878464641077,0.6156325543916197,560,681,1241,0.0,0.0008333472224535399,0.6137792103142601,0.00032232070910556134
27250,22.70871181186353,0.6164383561643836,560,681,1241,0.0008058017727639033,0.0008333472224535399,0.6142626913779183,0.00048348106365834196
27251,22.709545159085987,0.6156325543916197,560,681,1241,-0.0008058017727639033,0.0008333472224570926,0.614585012087024,0.00032232070910556134
27252,22.71037850630844,0.6156325543916197,560,681,1241,0.0,0.0008333472224535399,0.6149879129734058,0.00040290088638195165
27253,22.711211853530894,0.6156325543916197,560,681,1241,0.0,0.0008333472224535399,0.6153102336825114,0.00032232070910556134
27254,22.712045200753348,0.6156325543916197,560,681,1241,0.0,0.0008333472224535399,0.6154713940370642,0.00016116035455278067
27255,22.7128785479758,0.6156325543916197,560,681,1241,0.0,0.0008333472224535399,0.615632554391617,0.00016116035455278067
27256,22.713711895198255,0.6148267526188558,560,681,1241,-0.0008058017727639033,0.0008333472224535399,0.615632554391617,0.0
27257,22.71454524242071,0.6140209508460919,560,681,1241,-0.0008058017727639033,0.0008333472224535399,0.6154713940370642,-0.00016116035455278067
27258,22.715378589643162,0.6124093473005641,560,681,1241,-0.0016116035455278066,0.0008333472224535399,0.6151490733279587,-0.00032232070910556134
27259,22.716211936865616,0.613215149073328,560,681,1241,0.0008058017727639033,0.0008333472224535399,0.6149073327961295,-0.00024174053182917098
27260,22.71704528408807,0.6140209508460919,560,681,1241,0.0008058017727639033,0.0008333472224535399,0.6146655922643003,-0.00024174053182917098
27261,22.717878631310523,0.6148267526188558,560,681,1241,0.0008058017727639033,0.0008333472224535399,0.614585012087024,-8.058017727639034e-05
27262,22.718711978532976,0.6164383561643836,560,681,1241,0.0016116035455278066,0.0008333472224535399,0.6146655922643004,8.058017727639034e-05
27263,22.71954532575543,0.6172441579371475,560,681,1241,0.0008058017727639033,0.0008333472224535399,0.6148267526188531,0.00016116035455278067
27264,22.720378672977883,0.6164383561643836,560,681,1241,-0.0008058017727639033,0.0008333472224535399,0.6149073327961296,8.058017727639034e-05
27265,22.721212020200337,0.6156325543916197,560,681,1241,-0.0008058017727639033,0.0008333472224535399,0.6149073327961296,0.0
27266,22.72204536742279,0.6164383561643836,560,681,1241,0.0008058017727639033,0.0008333472224535399,0.6150684931506823,0.00016116035455278067
27267,22.722878714645244,0.6156325543916197,560,681,1241,-0.0008058017727639033,0.0008333472224535399,0.6152296535052352,0.00016116035455278067
27268,22.723712061867698,0.6148267526188558,560,681,1241,-0.0008058017727639033,0.0008333472224535399,0.6154713940370644,0.00024174053182917098
27269,22.72454540909015,0.6148267526188558,560,681,1241,0.0,0.0008333472224535399,0.6156325543916171,0.00016116035455278067
27270,22.725378756312605,0.6148267526188558,560,681,1241,0.0,0.0008333472224535399,0.6157131345688935,8.058017727639034e-05
27271,22.726212103535058,0.6164383561643836,560,681,1241,0.0016116035455278066,0.0008333472224535399,0.6158742949234464,0.00016116035455278067
27272,22.727045450757515,0.6172441579371475,560,681,1241,0.0008058017727639033,0.0008333472224570926,0.6159548751007227,8.058017727639034e-05
27273,22.72787879797997,0.6164383561643836,560,681,1241,-0.0008058017727639033,0.0008333472224535399,0.6158742949234464,-8.058017727639034e-05
27274,22.728712145202422,0.6180499597099114,560,681,1241,0.0016116035455278066,0.0008333472224535399,0.6160354552779992,0.00016116035455278067
27275,22.729545492424876,0.6156325543916197,560,681,1241,-0.00241740531829171,0.0008333472224535399,0.6160354552779992,0.0
27276,22.73037883964733,0.6156325543916197,560,681,1241,0.0,0.0008333472224535399,0.6159548751007227,-8.058017727639034e-05
27277,22.731212186869783,0.6156325543916197,560,681,1241,0.0,0.0008333472224535399,0.6159548751007227,0.0
27278,22.732045534092236,0.6156325543916197,560,681,1241,0.0,0.0008333472224535399,0.6160354552779991,8.058017727639034e-05
27279,22.73287888131469,0.6156325543916197,560,681,1241,0.0,0.0008333472224535399,0.6161160354552754,8.058017727639034e-05
27280,22.733712228537144,0.6164383561643836,560,681,1241,0.0008058017727639033,0.0008333472224535399,0.6162771958098282,0.00016116035455278067
27281,22.734545575759597,0.6164383561643836,560,681,1241,0.0,0.0008333472224535399,0.6162771958098282,0.0
27282,22.73537892298205,0.6156325543916197,560,681,1241,-0.0008058017727639033,0.0008333472224535399,0.6161160354552754,-0.00016116035455278067
27283,22.736212270204504,0.6156325543916197,560,681,1241,0.0,0.0008333472224535399,0.616035455277999,-8.058017727639034e-05
27284,22.737045617426958,0.6164383561643836,560,681,1241,0.0008058017727639033,0.0008333472224535399,0.6158742949234461,-0.00016116035455278067
27285,22.73787896464941,0.6180499597099114,560,681,1241,0.0016116035455278066,0.0008333472224535399,0.6161160354552754,0.00024174053182917098
27286,22.738712311871865,0.6180499597099114,560,681,1241,0.0,0.0008333472224535399,0.6163577759871046,0.00024174053182917098
27287,22.73954565909432,0.6172441579371475,560,681,1241,-0.0008058017727639033,0.0008333472224535399,0.6165189363416574,0.00016116035455278067
27288,22.740379006316772,0.6156325543916197,560,681,1241,-0.0016116035455278066,0.0008333472224535399,0.6165189363416574,0.0
27289,22.741212353539225,0.6148267526188558,560,681,1241,-0.0008058017727639033,0.0008333472224535399,0.616438356164381,-8.058017727639034e-05
27290,22.74204570076168,0.6148267526188558,560,681,1241,0.0,0.0008333472224535399,0.6162771958098283,-0.00016116035455278067
27291,22.742879047984133,0.6156325543916197,560,681,1241,0.0008058017727639033,0.0008333472224535399,0.6161966156325518,-8.058017727639034e-05
27292,22.743712395206586,0.6164383561643836,560,681,1241,0.0008058017727639033,0.0008333472224535399,0.6162771958098283,8.058017727639034e-05
27293,22.744545742429043,0.6164383561643836,560,681,1241,0.0,0.0008333472224570926,0.6163577759871047,8.058017727639034e-05
27294,22.745379089651497,0.6172441579371475,560,681,1241,0.0008058017727639033,0.0008333472224535399,0.616438356164381,8.058017727639034e-05
27295,22.74621243687395,0.6172441579371475,560,681,1241,0.0,0.0008333472224535399,0.6163577759871046,-8.058017727639034e-05
27296,22.747045784096404,0.6172441579371475,560,681,1241,0.0,0.0008333472224535399,0.6162771958098282,-8.058017727639034e-05
27297,22.747879131318857,0.6164383561643836,560,681,1241,-0.0008058017727639033,0.0008333472224535399,0.6161966156325518,-8.058017727639034e-05
27298,22.74871247854131,0.6156325543916197,560,681,1241,-0.0008058017727639033,0.0008333472224535399,0.6161966156325518,0.0
27299,22.749545825763764,0.6156325543916197,560,681,1241,0.0,0.0008333472224535399,0.6162771958098282,8.058017727639034e-05
27300,22.750379172986218,0.6148267526188558,560,681,1241,-0.0008058017727639033,0.0008333472224535399,0.6162771958098282,0.0
27301,22.75121252020867,0.6148267526188558,560,681,1241,0.0,0.0008333472224535399,0.6161966156325518,-8.058017727639034e-05
27302,22.752045867431125,0.6148267526188558,560,681,1241,0.0,0.0008333472224535399,0.6160354552779991,-0.00016116035455278067
27303,22.75287921465358,0.6156325543916197,560,681,1241,0.0008058017727639033,0.0008333472224535399,0.6159548751007227,-8.058017727639034e-05
27304,22.753712561876032,0.6156325543916197,560,681,1241,0.0,0.0008333472224535399,0.6157937147461698,-0.00016116035455278067
27305,22.754545909098486,0.6164383561643836,560,681,1241,0.0008058017727639033,0.0008333472224535399,0.6157131345688935,-8.058017727639034e-05
27306,22.75537925632094,0.6156325543916197,560,681,1241,-0.0008058017727639033,0.0008333472224535399,0.6155519742143407,-0.00016116035455278067
27307,22.756212603543393,0.6156325543916197,560,681,1241,0.0,0.0008333472224535399,0.6154713940370643,-8.058017727639034e-05
27308,22.757045950765846,0.6156325543916197,560,681,1241,0.0,0.0008333472224535399,0.6154713940370643,0.0
27309,22.7578792979883,0.6156325543916197,560,681,1241,0.0,0.0008333472224535399,0.6154713940370643,0.0
27310,22.758712645210753,0.6148267526188558,560,681,1241,-0.0008058017727639033,0.0008333472224535399,0.6154713940370643,0.0
27311,22.759545992433207,0.6148267526188558,560,681,1241,0.0,0.0008333472224535399,0.6154713940370643,0.0
27312,22.76037933965566,0.6148267526188558,560,681,1241,0.0,0.0008333472224535399,0.6154713940370643,0.0
27313,22.761212686878114,0.6156325543916197,560,681,1241,0.0008058017727639033,0.0008333472224535399,0.6154713940370643,0.0
27314,22.76204603410057,0.6156325543916197,560,681,1241,0.0,0.0008333472224570926,0.6154713940370643,0.0
27315,22.762879381323025,0.6156325543916197,560,681,1241,0.0,0.0008333472224535399,0.6153908138597879,-8.058017727639034e-05
27316,22.763712728545478,0.6156325543916197,560,681,1241,0.0,0.0008333472224535399,0.6153908138597879,0.0
27317,22.76454607576793,0.6164383561643836,560,681,1241,0.0008058017727639033,0.0008333472224535399,0.6154713940370643,8.058017727639034e-05
27318,22.765379422990385,0.6156325543916197,560,681,1241,-0.0008058017727639033,0.0008333472224535399,0.6154713940370643,0.0
27319,22.76621277021284,0.6164383561643836,560,681,1241,0.0008058017727639033,0.0008333472224535399,0.6155519742143407,8.058017727639034e-05
27320,22.767046117435292,0.6156325543916197,560,681,1241,-0.0008058017727639033,0.0008333472224535399,0.615632554391617,8.058017727639034e-05
27321,22.767879464657746,0.6156325543916197,560,681,1241,0.0,0.0008333472224535399,0.6157131345688934,8.058017727639034e-05
27322,22.7687128118802,0.6156325543916197,560,681,1241,0.0,0.0008333472224535399,0.6157937147461697,8.058017727639034e-05
27323,22.769546159102653,0.6156325543916197,560,681,1241,0.0,0.0008333472224535399,0.6157937147461697,0.0
27324,22.770379506325106,0.6164383561643836,560,681,1241,0.0008058017727639033,0.0008333472224535399,0.6158742949234461,8.058017727639034e-05
27325,22.77121285354756,0.6164383561643836,560,681,1241,0.0,0.0008333472224535399,0.6159548751007227,8.058017727639034e-05
27326,22.772046200770014,0.6164383561643836,560,681,1241,0.0,0.0008333472224535399,0.6160354552779991,8.058017727639034e-05
27327,22.772879547992467,0.6172441579371475,560,681,1241,0.0008058017727639033,0.0008333472224535399,0.6161160354552754,8.058017727639034e-05
27328,22.77371289521492,0.6180499597099114,560,681,1241,0.0008058017727639033,0.0008333472224535399,0.6163577759871046,0.00024174053182917098
27329,22.774546242437374,0.6180499597099114,560,681,1241,0.0,0.0008333472224535399,0.6165189363416574,0.00016116035455278067
27330,22.775379589659828,0.6180499597099114,560,681,1241,0.0,0.0008333472224535399,0.6167606768734866,0.00024174053182917098
27331,22.77621293688228,0.6172441579371475,560,681,1241,-0.0008058017727639033,0.0008333472224535399,0.6169218372280394,0.00016116035455278067
27332,22.777046284104735,0.6172441579371475,560,681,1241,0.0,0.0008333472224535399,0.6170829975825922,0.00016116035455278067
27333,22.77787963132719,0.6172441579371475,560,681,1241,0.0,0.0008333472224535399,0.6172441579371449,0.00016116035455278067
27334,22.778712978549642,0.6180499597099114,560,681,1241,0.0008058017727639033,0.0008333472224535399,0.6174053182916978,0.00016116035455278067
27335,22.7795463257721,0.6188557614826753,560,681,1241,0.0008058017727639033,0.0008333472224570926,0.6176470588235269,0.00024174053182917098
27336,22.780379672994552,0.6180499597099114,560,681,1241,-0.0008058017727639033,0.0008333472224535399,0.6178082191780796,0.00016116035455278067
27337,22.781213020217006,0.6180499597099114,560,681,1241,0.0,0.0008333472224535399,0.6178887993553561,8.058017727639034e-05
27338,22.78204636743946,0.6172441579371475,560,681,1241,-0.0008058017727639033,0.0008333472224535399,0.6178082191780796,-8.058017727639034e-05
27339,22.782879714661913,0.6172441579371475,560,681,1241,0.0,0.0008333472224535399,0.6177276390008032,-8.058017727639034e-05
27340,22.783713061884367,0.6172441579371475,560,681,1241,0.0,0.0008333472224535399,0.6176470588235268,-8.058017727639034e-05
27341,22.78454640910682,0.6180499597099114,560,681,1241,0.0008058017727639033,0.0008333472224535399,0.6177276390008032,8.058017727639034e-05
27342,22.785379756329274,0.6180499597099114,560,681,1241,0.0,0.0008333472224535399,0.6178082191780796,8.058017727639034e-05
27343,22.786213103551727,0.6180499597099114,560,681,1241,0.0,0.0008333472224535399,0.6178887993553561,8.058017727639034e-05
27344,22.78704645077418,0.6180499597099114,560,681,1241,0.0,0.0008333472224535399,0.6178887993553561,0.0
27345,22.787879797996634,0.6180499597099114,560,681,1241,0.0,0.0008333472224535399,0.6178082191780797,-8.058017727639034e-05
27346,22.788713145219088,0.6172441579371475,560,681,1241,-0.0008058017727639033,0.0008333472224535399,0.6177276390008033,-8.058017727639034e-05
27347,22.78954649244154,0.6164383561643836,560,681,1241,-0.0008058017727639033,0.0008333472224535399,0.6175664786462505,-0.00016116035455278067
27348,22.790379839663995,0.6156325543916197,560,681,1241,-0.0008058017727639033,0.0008333472224535399,0.6174053182916978,-0.00016116035455278067
27349,22.79121318688645,0.6156325543916197,560,681,1241,0.0,0.0008333472224535399,0.6172441579371449,-0.00016116035455278067
27350,22.792046534108902,0.6156325543916197,560,681,1241,0.0,0.0008333472224535399,0.6170829975825922,-0.00016116035455278067
27351,22.792879881331356,0.6148267526188558,560,681,1241,-0.0008058017727639033,0.0008333472224535399,0.6167606768734866,-0.00032232070910556134
27352,22.79371322855381,0.6172441579371475,560,681,1241,0.00241740531829171,0.0008333472224535399,0.6166800966962102,-8.058017727639034e-05
27353,22.794546575776263,0.6172441579371475,560,681,1241,0.0,0.0008333472224535399,0.6165995165189337,-8.058017727639034e-05
27354,22.795379922998716,0.6172441579371475,560,681,1241,0.0,0.0008333472224535399,0.6165189363416573,-8.058017727639034e-05
27355,22.79621327022117,0.6172441579371475,560,681,1241,0.0,0.0008333472224535399,0.6164383561643809,-8.058017727639034e-05
27356,22.797046617443623,0.6172441579371475,560,681,1241,0.0,0.0008333472224535399,0.6164383561643809,0.0
27357,22.79787996466608,0.6172441579371475,560,681,1241,0.0,0.0008333472224570926,0.6165189363416572,8.058017727639034e-05
27358,22.798713311888534,0.6180499597099114,560,681,1241,0.0008058017727639033,0.0008333472224535399,0.6167606768734865,0.00024174053182917098
27359,22.799546659110987,0.6188557614826753,560,681,1241,0.0008058017727639033,0.0008333472224535399,0.617082997582592,0.00032232070910556134
27360,22.80038000633344,0.6188557614826753,560,681,1241,0.0,0.0008333472224535399,0.6174053182916975,0.00032232070910556134
27361,22.801213353555895,0.6188557614826753,560,681,1241,0.0,0.0008333472224535399,0.6178082191780795,0.00040290088638195165
27362,22.802046700778348,0.6188557614826753,560,681,1241,0.0,0.0008333472224535399,0.6179693795326322,0.00016116035455278067
27363,22.8028800480008,0.6188557614826753,560,681,1241,0.0,0.0008333472224535399,0.618130539887185,0.00016116035455278067
27364,22.803713395223255,0.6188557614826753,560,681,1241,0.0,0.0008333472224535399,0.6182917002417379,0.00016116035455278067
27365,22.80454674244571,0.6196615632554392,560,681,1241,0.0008058017727639033,0.0008333472224535399,0.618533440773567,0.00024174053182917098
27366,22.805380089668162,0.6196615632554392,560,681,1241,0.0,0.0008333472224535399,0.6187751813053962,0.00024174053182917098
27367,22.806213436890616,0.6204673650282031,560,681,1241,0.0008058017727639033,0.0008333472224535399,0.6190975020145018,0.00032232070910556134
27368,22.80704678411307,0.6196615632554392,560,681,1241,-0.0008058017727639033,0.0008333472224535399,0.6192586623690546,0.00016116035455278067
27369,22.807880131335523,0.6188557614826753,560,681,1241,-0.0008058017727639033,0.0008333472224535399,0.6192586623690546,0.0
27370,22.808713478557976,0.6196615632554392,560,681,1241,0.0008058017727639033,0.0008333472224535399,0.619339242546331,8.058017727639034e-05
27371,22.80954682578043,0.6188557614826753,560,681,1241,-0.0008058017727639033,0.0008333472224535399,0.619339242546331,0.0
27372,22.810380173002883,0.6180499597099114,560,681,1241,-0.0008058017727639033,0.0008333472224535399,0.6192586623690547,-8.058017727639034e-05
27373,22.811213520225337,0.6188557614826753,560,681,1241,0.0008058017727639033,0.0008333472224535399,0.6192586623690547,0.0
27374,22.81204686744779,0.6172441579371475,560,681,1241,-0.0016116035455278066,0.0008333472224535399,0.6190975020145019,-0.00016116035455278067
27375,22.812880214670244,0.6164383561643836,560,681,1241,-0.0008058017727639033,0.0008333472224535399,0.6187751813053963,-0.00032232070910556134
27376,22.813713561892698,0.6140209508460919,560,681,1241,-0.00241740531829171,0.0008333472224535399,0.6182111200644616,-0.0005640612409347323
27377,22.81454690911515,0.6148267526188558,560,681,1241,0.0008058017727639033,0.0008333472224535399,0.6176470588235269,-0.0005640612409347323
27378,22.81538025633761,0.6156325543916197,560,681,1241,0.0008058017727639033,0.0008333472224570926,0.6172441579371448,-0.00040290088638195165
27379,22.816213603560062,0.6156325543916197,560,681,1241,0.0,0.0008333472224535399,0.6169218372280393,-0.00032232070910556134
27380,22.817046950782515,0.6156325543916197,560,681,1241,0.0,0.0008333472224535399,0.6165189363416573,-0.00040290088638195165
27381,22.81788029800497,0.6156325543916197,560,681,1241,0.0,0.0008333472224535399,0.6161966156325518,-0.00032232070910556134
27382,22.818713645227422,0.6172441579371475,560,681,1241,0.0016116035455278066,0.0008333472224535399,0.6161160354552753,-8.058017727639034e-05
27383,22.819546992449876,0.6164383561643836,560,681,1241,-0.0008058017727639033,0.0008333472224535399,0.6158742949234461,-0.00024174053182917098
27384,22.82038033967233,0.6172441579371475,560,681,1241,0.0008058017727639033,0.0008333472224535399,0.6158742949234461,0.0
27385,22.821213686894783,0.6172441579371475,560,681,1241,0.0,0.0008333472224535399,0.6159548751007226,8.058017727639034e-05
27386,22.822047034117237,0.6164383561643836,560,681,1241,-0.0008058017727639033,0.0008333472224535399,0.6161966156325518,0.00024174053182917098
27387,22.82288038133969,0.6172441579371475,560,681,1241,0.0008058017727639033,0.0008333472224535399,0.6164383561643809,0.00024174053182917098
27388,22.823713728562144,0.6164383561643836,560,681,1241,-0.0008058017727639033,0.0008333472224535399,0.6165189363416573,8.058017727639034e-05
27389,22.824547075784597,0.6164383561643836,560,681,1241,0.0,0.0008333472224535399,0.6165995165189337,8.058017727639034e-05
27390,22.82538042300705,0.6180499597099114,560,681,1241,0.0016116035455278066,0.0008333472224535399,0.616841257050763,0.00024174053182917098
27391,22.826213770229504,0.6196615632554392,560,681,1241,0.0016116035455278066,0.0008333472224535399,0.6172441579371449,0.00040290088638195165
27392,22.827047117451958,0.6188557614826753,560,681,1241,-0.0008058017727639033,0.0008333472224535399,0.6174053182916978,0.00016116035455278067
27393,22.82788046467441,0.6188557614826753,560,681,1241,0.0,0.0008333472224535399,0.6176470588235269,0.00024174053182917098
27394,22.828713811896865,0.6172441579371475,560,681,1241,-0.0016116035455278066,0.0008333472224535399,0.6176470588235269,0.0
27395,22.82954715911932,0.6188557614826753,560,681,1241,0.0016116035455278066,0.0008333472224535399,0.6178082191780796,0.00016116035455278067
27396,22.830380506341772,0.6204673650282031,560,681,1241,0.0016116035455278066,0.0008333472224535399,0.6182111200644616,0.00040290088638195165
27397,22.831213853564226,0.6204673650282031,560,681,1241,0.0,0.0008333472224535399,0.6185334407735671,0.00032232070910556134
27398,22.83204720078668,0.6204673650282031,560,681,1241,0.0,0.0008333472224535399,0.618936341659949,0.00040290088638195165
27399,22.832880548009136,0.6204673650282031,560,681,1241,0.0,0.0008333472224570926,0.6193392425463309,0.00040290088638195165
27400,22.83371389523159,0.6204673650282031,560,681,1241,0.0,0.0008333472224535399,0.61958098307816,0.00024174053182917098
27401,22.834547242454043,0.6204673650282031,560,681,1241,0.0,0.0008333472224535399,0.6196615632554364,8.058017727639034e-05
27402,22.835380589676497,0.6188557614826753,560,681,1241,-0.0016116035455278066,0.0008333472224535399,0.6196615632554364,0.0
27403,22.83621393689895,0.6180499597099114,560,681,1241,-0.0008058017727639033,0.0008333472224535399,0.61958098307816,-8.058017727639034e-05
27404,22.837047284121404,0.6180499597099114,560,681,1241,0.0,0.0008333472224535399,0.6196615632554365,8.058017727639034e-05
27405,22.837880631343857,0.6180499597099114,560,681,1241,0.0,0.0008333472224535399,0.6195809830781601,-8.058017727639034e-05
27406,22.83871397856631,0.6172441579371475,560,681,1241,-0.0008058017727639033,0.0008333472224535399,0.6192586623690546,-0.00032232070910556134
27407,22.839547325788764,0.6172441579371475,560,681,1241,0.0,0.0008333472224535399,0.618936341659949,-0.00032232070910556134
27408,22.840380673011218,0.6188557614826753,560,681,1241,0.0016116035455278066,0.0008333472224535399,0.6187751813053962,-0.00016116035455278067
27409,22.84121402023367,0.6188557614826753,560,681,1241,0.0,0.0008333472224535399,0.6186140209508435,-0.00016116035455278067
27410,22.842047367456125,0.6188557614826753,560,681,1241,0.0,0.0008333472224535399,0.6184528605962907,-0.00016116035455278067
27411,22.84288071467858,0.6188557614826753,560,681,1241,0.0,0.0008333472224535399,0.6182917002417379,-0.00016116035455278067
27412,22.843714061901032,0.6180499597099114,560,681,1241,-0.0008058017727639033,0.0008333472224535399,0.6182111200644616,-8.058017727639034e-05
27413,22.844547409123486,0.6180499597099114,560,681,1241,0.0,0.0008333472224535399,0.6182111200644616,0.0
27414,22.84538075634594,0.6180499597099114,560,681,1241,0.0,0.0008333472224535399,0.6182111200644616,0.0
27415,22.846214103568393,0.6156325543916197,560,681,1241,-0.00241740531829171,0.0008333472224535399,0.6179693795326323,-0.00024174053182917098
27416,22.847047450790846,0.6164383561643836,560,681,1241,0.0008058017727639033,0.0008333472224535399,0.617888799355356,-8.058017727639034e-05
27417,22.8478807980133,0.6172441579371475,560,681,1241,0.0008058017727639033,0.0008333472224535399,0.617888799355356,0.0
27418,22.848714145235753,0.6156325543916197,560,681,1241,-0.0016116035455278066,0.0008333472224535399,0.6175664786462505,-0.00032232070910556134
27419,22.849547492458207,0.6156325543916197,560,681,1241,0.0,0.0008333472224535399,0.6172441579371448,-0.00032232070910556134
27420,22.850380839680664,0.6156325543916197,560,681,1241,0.0,0.0008333472224570926,0.6169218372280393,-0.00032232070910556134
27421,22.851214186903118,0.613215149073328,560,681,1241,-0.00241740531829171,0.0008333472224535399,0.6163577759871046,-0.0005640612409347323
27422,22.85204753412557,0.6140209508460919,560,681,1241,0.0008058017727639033,0.0008333472224535399,0.6159548751007227,-0.00040290088638195165
27423,22.852880881348025,0.6140209508460919,560,681,1241,0.0,0.0008333472224535399,0.6155519742143406,-0.00040290088638195165
27424,22.853714228570478,0.6140209508460919,560,681,1241,0.0,0.0008333472224535399,0.6151490733279587,-0.00040290088638195165
27425,22.85454757579293,0.6140209508460919,560,681,1241,0.0,0.0008333472224535399,0.6149879129734058,-0.00016116035455278067
27426,22.855380923015385,0.6148267526188558,560,681,1241,0.0008058017727639033,0.0008333472224535399,0.6148267526188531,-0.00016116035455278067
27427,22.85621427023784,0.613215149073328,560,681,1241,-0.0016116035455278066,0.0008333472224535399,0.6144238517324712,-0.00040290088638195165
27428,22.857047617460292,0.6148267526188558,560,681,1241,0.0016116035455278066,0.0008333472224535399,0.6143432715551949,-8.058017727639034e-05
27429,22.857880964682746,0.6148267526188558,560,681,1241,0.0,0.0008333472224535399,0.6142626913779184,-8.058017727639034e-05
27430,22.8587143119052,0.613215149073328,560,681,1241,-0.0016116035455278066,0.0008333472224535399,0.6140209508460893,-0.00024174053182917098
27431,22.859547659127653,0.6140209508460919,560,681,1241,0.0008058017727639033,0.0008333472224535399,0.6141015310233657,8.058017727639034e-05
27432,22.860381006350107,0.613215149073328,560,681,1241,-0.0008058017727639033,0.0008333472224535399,0.6140209508460893,-8.058017727639034e-05
27433,22.86121435357256,0.613215149073328,560,681,1241,0.0,0.0008333472224535399,0.613940370668813,-8.058017727639034e-05
27434,22.862047700795014,0.6107977437550363,560,681,1241,-0.00241740531829171,0.0008333472224535399,0.6136180499597075,-0.00032232070910556134
27435,22.862881048017467,0.6107977437550363,560,681,1241,0.0,0.0008333472224535399,0.6132957292506018,-0.00032232070910556134
27436,22.86371439523992,0.6107977437550363,560,681,1241,0.0,0.0008333472224535399,0.6128928283642199,-0.00040290088638195165
27437,22.864547742462374,0.6107977437550363,560,681,1241,0.0,0.0008333472224535399,0.6126510878323906,-0.00024174053182917098
27438,22.865381089684828,0.6116035455278002,560,681,1241,0.0008058017727639033,0.0008333472224535399,0.6123287671232851,-0.00032232070910556134
27439,22.86621443690728,0.6116035455278002,560,681,1241,0.0,0.0008333472224535399,0.6120064464141796,-0.00032232070910556134
27440,22.867047784129735,0.6116035455278002,560,681,1241,0.0,0.0008333472224535399,0.6118452860596267,-0.00016116035455278067
27441,22.867881131352192,0.613215149073328,560,681,1241,0.0016116035455278066,0.0008333472224570926,0.6117647058823504,-8.058017727639034e-05
27442,22.868714478574645,0.6140209508460919,560,681,1241,0.0008058017727639033,0.0008333472224535399,0.6118452860596267,8.058017727639034e-05
27443,22.8695478257971,0.613215149073328,560,681,1241,-0.0008058017727639033,0.0008333472224535399,0.6118452860596267,0.0
27444,22.870381173019553,0.613215149073328,560,681,1241,0.0,0.0008333472224535399,0.612087026591456,0.00024174053182917098
27445,22.871214520242006,0.613215149073328,560,681,1241,0.0,0.0008333472224535399,0.6123287671232852,0.00024174053182917098
27446,22.87204786746446,0.6124093473005641,560,681,1241,-0.0008058017727639033,0.0008333472224535399,0.6124899274778379,0.00016116035455278067
27447,22.872881214686913,0.6116035455278002,560,681,1241,-0.0008058017727639033,0.0008333472224535399,0.6125705076551144,8.058017727639034e-05
27448,22.873714561909367,0.6116035455278002,560,681,1241,0.0,0.0008333472224535399,0.6125705076551144,0.0
27449,22.87454790913182,0.6116035455278002,560,681,1241,0.0,0.0008333472224535399,0.6125705076551144,0.0
27450,22.875381256354274,0.6116035455278002,560,681,1241,0.0,0.0008333472224535399,0.6125705076551144,0.0
27451,22.876214603576727,0.6124093473005641,560,681,1241,0.0008058017727639033,0.0008333472224535399,0.6124899274778379,-8.058017727639034e-05
27452,22.87704795079918,0.6124093473005641,560,681,1241,0.0,0.0008333472224535399,0.6123287671232852,-0.00016116035455278067
27453,22.877881298021634,0.613215149073328,560,681,1241,0.0008058017727639033,0.0008333472224535399,0.6123287671232852,0.0
27454,22.878714645244088,0.6148267526188558,560,681,1241,0.0016116035455278066,0.0008333472224535399,0.6124899274778379,0.00016116035455278067
27455,22.87954799246654,0.6148267526188558,560,681,1241,0.0,0.0008333472224535399,0.6126510878323908,0.00016116035455278067
27456,22.880381339688995,0.6156325543916197,560,681,1241,0.0008058017727639033,0.0008333472224535399,0.6129734085414963,0.00032232070910556134
27457,22.88121468691145,0.6164383561643836,560,681,1241,0.0008058017727639033,0.0008333472224535399,0.6134568896051547,0.00048348106365834196
27458,22.882048034133902,0.6164383561643836,560,681,1241,0.0,0.0008333472224535399,0.613940370668813,0.00048348106365834196
27459,22.882881381356356,0.6164383561643836,560,681,1241,0.0,0.0008333472224535399,0.6144238517324714,0.00048348106365834196
27460,22.88371472857881,0.6156325543916197,560,681,1241,-0.0008058017727639033,0.0008333472224535399,0.6148267526188532,0.00040290088638195165
27461,22.884548075801263,0.6148267526188558,560,681,1241,-0.0008058017727639033,0.0008333472224535399,0.6150684931506825,0.00024174053182917098
27462,22.88538142302372,0.6148267526188558,560,681,1241,0.0,0.0008333472224570926,0.6153102336825117,0.00024174053182917098
27463,22.886214770246173,0.6156325543916197,560,681,1241,0.0008058017727639033,0.0008333472224535399,0.6155519742143408,0.00024174053182917098
27464,22.887048117468627,0.6148267526188558,560,681,1241,-0.0008058017727639033,0.0008333472224535399,0.6155519742143408,0.0
27465,22.88788146469108,0.613215149073328,560,681,1241,-0.0016116035455278066,0.0008333472224535399,0.615390813859788,-0.00016116035455278067
27466,22.888714811913534,0.613215149073328,560,681,1241,0.0,0.0008333472224535399,0.6151490733279589,-0.00024174053182917098
27467,22.889548159135988,0.6124093473005641,560,681,1241,-0.0008058017727639033,0.0008333472224535399,0.6147461724415769,-0.00040290088638195165
27468,22.89038150635844,0.6140209508460919,560,681,1241,0.0016116035455278066,0.0008333472224535399,0.6145044319097477,-0.00024174053182917098
27469,22.891214853580895,0.6116035455278002,560,681,1241,-0.00241740531829171,0.0008333472224535399,0.6140209508460893,-0.00048348106365834196
27470,22.892048200803348,0.6116035455278002,560,681,1241,0.0,0.0008333472224535399,0.6136180499597075,-0.00040290088638195165
27471,22.8928815480258,0.6116035455278002,560,681,1241,0.0,0.0008333472224535399,0.6132957292506018,-0.00032232070910556134
27472,22.893714895248255,0.6099919419822724,560,681,1241,-0.0016116035455278066,0.0008333472224535399,0.6128122481869436,-0.00048348106365834196
27473,22.89454824247071,0.6091861402095085,560,681,1241,-0.0008058017727639033,0.0008333472224535399,0.6121676067687324,-0.0006446414182111227
27474,22.895381589693162,0.6091861402095085,560,681,1241,0.0,0.0008333472224535399,0.6116035455277976,-0.0005640612409347323
27475,22.896214936915616,0.6116035455278002,560,681,1241,0.00241740531829171,0.0008333472224535399,0.6114423851732449,-0.00016116035455278067
27476,22.89704828413807,0.6107977437550363,560,681,1241,-0.0008058017727639033,0.0008333472224535399,0.6112006446414157,-0.00024174053182917098
27477,22.897881631360523,0.6099919419822724,560,681,1241,-0.0008058017727639033,0.0008333472224535399,0.6109589041095865,-0.00024174053182917098
27478,22.898714978582976,0.6099919419822724,560,681,1241,0.0,0.0008333472224535399,0.6105560032232046,-0.00040290088638195165
27479,22.89954832580543,0.6091861402095085,560,681,1241,-0.0008058017727639033,0.0008333472224535399,0.6103142626913753,-0.00024174053182917098
27480,22.900381673027884,0.6083803384367445,560,681,1241,-0.0008058017727639033,0.0008333472224535399,0.6099919419822698,-0.00032232070910556134
27481,22.901215020250337,0.6083803384367445,560,681,1241,0.0,0.0008333472224535399,0.6096696212731643,-0.00032232070910556134
27482,22.90204836747279,0.6083803384367445,560,681,1241,0.0,0.0008333472224535399,0.6095084609186114,-0.00016116035455278067
27483,22.902881714695244,0.6083803384367445,560,681,1241,0.0,0.0008333472224535399,0.6094278807413351,-8.058017727639034e-05
27484,22.9037150619177,0.6067687348912167,560,681,1241,-0.0016116035455278066,0.0008333472224570926,0.609186140209506,-0.00024174053182917098
27485,22.904548409140155,0.6067687348912167,560,681,1241,0.0,0.0008333472224535399,0.6087026591458476,-0.00048348106365834196
27486,22.90538175636261,0.6083803384367445,560,681,1241,0.0016116035455278066,0.0008333472224535399,0.6084609186140185,-0.00024174053182917098
27487,22.906215103585062,0.6091861402095085,560,681,1241,0.0008058017727639033,0.0008333472224535399,0.6083803384367421,-8.058017727639034e-05
27488,22.907048450807515,0.6091861402095085,560,681,1241,0.0,0.0008333472224535399,0.6082997582594657,-8.058017727639034e-05
27489,22.90788179802997,0.6107977437550363,560,681,1241,0.0016116035455278066,0.0008333472224535399,0.6084609186140184,0.00016116035455278067
27490,22.908715145252422,0.6107977437550363,560,681,1241,0.0,0.0008333472224535399,0.6087026591458475,0.00024174053182917098
27491,22.909548492474876,0.6107977437550363,560,681,1241,0.0,0.0008333472224535399,0.6089443996776767,0.00024174053182917098
27492,22.91038183969733,0.6124093473005641,560,681,1241,0.0016116035455278066,0.0008333472224535399,0.6093473005640586,0.00040290088638195165
27493,22.911215186919783,0.613215149073328,560,681,1241,0.0008058017727639033,0.0008333472224535399,0.609830781627717,0.00048348106365834196
27494,22.912048534142237,0.6124093473005641,560,681,1241,-0.0008058017727639033,0.0008333472224535399,0.6103948428686516,0.0005640612409347323
27495,22.91288188136469,0.613215149073328,560,681,1241,0.0008058017727639033,0.0008333472224535399,0.6110394842868627,0.0006446414182111227
27496,22.913715228587144,0.6148267526188558,560,681,1241,0.0016116035455278066,0.0008333472224535399,0.6116841257050739,0.0006446414182111227
27497,22.914548575809597,0.6140209508460919,560,681,1241,-0.0008058017727639033,0.0008333472224535399,0.6121676067687323,0.00048348106365834196
27498,22.91538192303205,0.6140209508460919,560,681,1241,0.0,0.0008333472224535399,0.6126510878323905,0.00048348106365834196
27499,22.916215270254504,0.613215149073328,560,681,1241,-0.0008058017727639033,0.0008333472224535399,0.6128928283642198,0.00024174053182917098
27500,22.917048617476958,0.613215149073328,560,681,1241,0.0,0.0008333472224535399,0.613134568896049,0.00024174053182917098
27501,22.91788196469941,0.6140209508460919,560,681,1241,0.0008058017727639033,0.0008333472224535399,0.6134568896051545,0.00032232070910556134
27502,22.918715311921865,0.6124093473005641,560,681,1241,-0.0016116035455278066,0.0008333472224535399,0.6134568896051545,0.0
27503,22.91954865914432,0.6116035455278002,560,681,1241,-0.0008058017727639033,0.0008333472224535399,0.6132957292506018,-0.00016116035455278067
27504,22.920382006366772,0.6116035455278002,560,681,1241,0.0,0.0008333472224535399,0.6132151490733254,-8.058017727639034e-05
27505,22.92121535358923,0.6124093473005641,560,681,1241,0.0008058017727639033,0.0008333472224570926,0.613134568896049,-8.058017727639034e-05
27506,22.922048700811683,0.6124093473005641,560,681,1241,0.0,0.0008333472224535399,0.6128928283642198,-0.00024174053182917098
27507,22.922882048034136,0.6124093473005641,560,681,1241,0.0,0.0008333472224535399,0.612731668009667,-0.00016116035455278067
27508,22.92371539525659,0.613215149073328,560,681,1241,0.0008058017727639033,0.0008333472224535399,0.6126510878323906,-8.058017727639034e-05
27509,22.924548742479043,0.6124093473005641,560,681,1241,-0.0008058017727639033,0.0008333472224535399,0.6125705076551142,-8.058017727639034e-05
27510,22.925382089701497,0.6124093473005641,560,681,1241,0.0,0.0008333472224535399,0.6124899274778378,-8.058017727639034e-05
27511,22.92621543692395,0.6124093473005641,560,681,1241,0.0,0.0008333472224535399,0.612328767123285,-0.00016116035455278067
27512,22.927048784146404,0.6124093473005641,560,681,1241,0.0,0.0008333472224535399,0.612328767123285,0.0
27513,22.927882131368857,0.6116035455278002,560,681,1241,-0.0008058017727639033,0.0008333472224535399,0.612328767123285,0.0
27514,22.92871547859131,0.6107977437550363,560,681,1241,-0.0008058017727639033,0.0008333472224535399,0.6122481869460086,-8.058017727639034e-05
27515,22.929548825813765,0.6099919419822724,560,681,1241,-0.0008058017727639033,0.0008333472224535399,0.6120064464141795,-0.00024174053182917098
27516,22.930382173036218,0.6091861402095085,560,681,1241,-0.0008058017727639033,0.0008333472224535399,0.6116841257050739,-0.00032232070910556134
27517,22.93121552025867,0.6091861402095085,560,681,1241,0.0,0.0008333472224535399,0.6113618049959684,-0.00032232070910556134
27518,22.932048867481125,0.6091861402095085,560,681,1241,0.0,0.0008333472224535399,0.6109589041095863,-0.00040290088638195165
27519,22.93288221470358,0.6099919419822724,560,681,1241,0.0008058017727639033,0.0008333472224535399,0.6107171635777572,-0.00024174053182917098
27520,22.933715561926032,0.6099919419822724,560,681,1241,0.0,0.0008333472224535399,0.6104754230459281,-0.00024174053182917098
27521,22.934548909148486,0.6099919419822724,560,681,1241,0.0,0.0008333472224535399,0.6102336825140989,-0.00024174053182917098
27522,22.93538225637094,0.6099919419822724,560,681,1241,0.0,0.0008333472224535399,0.6099919419822698,-0.00024174053182917098
27523,22.936215603593393,0.6099919419822724,560,681,1241,0.0,0.0008333472224535399,0.6098307816277171,-0.00016116035455278067
27524,22.937048950815846,0.6107977437550363,560,681,1241,0.0008058017727639033,0.0008333472224535399,0.6098307816277171,0.0
27525,22.9378822980383,0.6107977437550363,560,681,1241,0.0,0.0008333472224535399,0.6099113618049934,8.058017727639034e-05
27526,22.938715645260757,0.6124093473005641,560,681,1241,0.0016116035455278066,0.0008333472224570926,0.6102336825140989,0.00032232070910556134
27527,22.93954899248321,0.6124093473005641,560,681,1241,0.0,0.0008333472224535399,0.6105560032232045,0.00032232070910556134
27528,22.940382339705664,0.6124093473005641,560,681,1241,0.0,0.0008333472224535399,0.6108783239323101,0.00032232070910556134
27529,22.941215686928118,0.6124093473005641,560,681,1241,0.0,0.0008333472224535399,0.6111200644641392,0.00024174053182917098
27530,22.94204903415057,0.613215149073328,560,681,1241,0.0008058017727639033,0.0008333472224535399,0.6114423851732448,0.00032232070910556134
27531,22.942882381373025,0.613215149073328,560,681,1241,0.0,0.0008333472224535399,0.6117647058823503,0.00032232070910556134
27532,22.94371572859548,0.6140209508460919,560,681,1241,0.0008058017727639033,0.0008333472224535399,0.6121676067687323,0.00040290088638195165
27533,22.944549075817932,0.6148267526188558,560,681,1241,0.0008058017727639033,0.0008333472224535399,0.6126510878323905,0.00048348106365834196
27534,22.945382423040385,0.6124093473005641,560,681,1241,-0.00241740531829171,0.0008333472224535399,0.6128122481869434,0.00016116035455278067
27535,22.94621577026284,0.6124093473005641,560,681,1241,0.0,0.0008333472224535399,0.6129734085414962,0.00016116035455278067
27536,22.947049117485292,0.6116035455278002,560,681,1241,-0.0008058017727639033,0.0008333472224535399,0.6128928283642198,-8.058017727639034e-05
27537,22.947882464707746,0.6107977437550363,560,681,1241,-0.0008058017727639033,0.0008333472224535399,0.612731668009667,-0.00016116035455278067
27538,22.9487158119302,0.6107977437550363,560,681,1241,0.0,0.0008333472224535399,0.6125705076551142,-0.00016116035455278067
27539,22.949549159152653,0.6107977437550363,560,681,1241,0.0,0.0008333472224535399,0.6124093473005614,-0.00016116035455278067
27540,22.950382506375107,0.6107977437550363,560,681,1241,0.0,0.0008333472224535399,0.6121676067687323,-0.00024174053182917098
27541,22.95121585359756,0.6091861402095085,560,681,1241,-0.0016116035455278066,0.0008333472224535399,0.6117647058823502,-0.00040290088638195165
27542,22.952049200820014,0.6083803384367445,560,681,1241,-0.0008058017727639033,0.0008333472224535399,0.6112006446414155,-0.0005640612409347323
27543,22.952882548042467,0.6091861402095085,560,681,1241,0.0008058017727639033,0.0008333472224535399,0.6106365834004808,-0.0005640612409347323
27544,22.95371589526492,0.6099919419822724,560,681,1241,0.0008058017727639033,0.0008333472224535399,0.6103948428686516,-0.00024174053182917098
27545,22.954549242487374,0.6116035455278002,560,681,1241,0.0016116035455278066,0.0008333472224535399,0.6103142626913753,-8.058017727639034e-05
27546,22.955382589709828,0.6124093473005641,560,681,1241,0.0008058017727639033,0.0008333472224535399,0.6103948428686516,8.058017727639034e-05
27547,22.956215936932285,0.6107977437550363,560,681,1241,-0.0016116035455278066,0.0008333472224570926,0.6103948428686516,0.0
27548,22.95704928415474,0.6091861402095085,560,681,1241,-0.0016116035455278066,0.0008333472224535399,0.6102336825140988,-0.00016116035455278067
27549,22.957882631377192,0.6091861402095085,560,681,1241,0.0,0.0008333472224535399,0.6100725221595461,-0.00016116035455278067
27550,22.958715978599646,0.6099919419822724,560,681,1241,0.0008058017727639033,0.0008333472224535399,0.6099919419822697,-8.058017727639034e-05
27551,22.9595493258221,0.6099919419822724,560,681,1241,0.0,0.0008333472224535399,0.6100725221595462,8.058017727639034e-05
27552,22.960382673044553,0.6099919419822724,560,681,1241,0.0,0.0008333472224535399,0.6102336825140989,0.00016116035455278067
27553,22.961216020267006,0.6116035455278002,560,681,1241,0.0016116035455278066,0.0008333472224535399,0.6104754230459282,0.00024174053182917098
27554,22.96204936748946,0.6099919419822724,560,681,1241,-0.0016116035455278066,0.0008333472224535399,0.6104754230459282,0.0
27555,22.962882714711913,0.6099919419822724,560,681,1241,0.0,0.0008333472224535399,0.6103142626913753,-0.00016116035455278067
27556,22.963716061934367,0.6099919419822724,560,681,1241,0.0,0.0008333472224535399,0.6100725221595462,-0.00024174053182917098
27557,22.96454940915682,0.6099919419822724,560,681,1241,0.0,0.0008333472224535399,0.6099919419822699,-8.058017727639034e-05
27558,22.965382756379274,0.6107977437550363,560,681,1241,0.0008058017727639033,0.0008333472224535399,0.6101531023368227,0.00016116035455278067
27559,22.966216103601727,0.6116035455278002,560,681,1241,0.0008058017727639033,0.0008333472224535399,0.6103948428686519,0.00024174053182917098
27560,22.96704945082418,0.6107977437550363,560,681,1241,-0.0008058017727639033,0.0008333472224535399,0.6104754230459283,8.058017727639034e-05
27561,22.967882798046634,0.6116035455278002,560,681,1241,0.0008058017727639033,0.0008333472224535399,0.610636583400481,0.00016116035455278067
27562,22.968716145269088,0.6099919419822724,560,681,1241,-0.0016116035455278066,0.0008333472224535399,0.610636583400481,0.0
27563,22.96954949249154,0.6091861402095085,560,681,1241,-0.0008058017727639033,0.0008333472224535399,0.6103948428686519,-0.00024174053182917098
27564,22.970382839713995,0.6091861402095085,560,681,1241,0.0,0.0008333472224535399,0.6103142626913753,-8.058017727639034e-05
27565,22.97121618693645,0.6075745366639806,560,681,1241,-0.0016116035455278066,0.0008333472224535399,0.6100725221595462,-0.00024174053182917098
27566,22.972049534158902,0.6075745366639806,560,681,1241,0.0,0.0008333472224535399,0.609830781627717,-0.00024174053182917098
27567,22.972882881381356,0.6075745366639806,560,681,1241,0.0,0.0008333472224535399,0.6095890410958877,-0.00024174053182917098
27568,22.973716228603813,0.6075745366639806,560,681,1241,0.0,0.0008333472224570926,0.6092667203867822,-0.00032232070910556134
27569,22.974549575826266,0.6075745366639806,560,681,1241,0.0,0.0008333472224535399,0.6088638195004001,-0.00040290088638195165
27570,22.97538292304872,0.6075745366639806,560,681,1241,0.0,0.0008333472224535399,0.6085414987912946,-0.00032232070910556134
27571,22.976216270271173,0.6091861402095085,560,681,1241,0.0016116035455278066,0.0008333472224535399,0.6082997582594654,-0.00024174053182917098
27572,22.977049617493627,0.6099919419822724,560,681,1241,0.0008058017727639033,0.0008333472224535399,0.6082997582594654,0.0
27573,22.97788296471608,0.6099919419822724,560,681,1241,0.0,0.0008333472224535399,0.6083803384367419,8.058017727639034e-05
27574,22.978716311938534,0.6083803384367445,560,681,1241,-0.0016116035455278066,0.0008333472224535399,0.6082997582594655,-8.058017727639034e-05
27575,22.979549659160988,0.6091861402095085,560,681,1241,0.0008058017727639033,0.0008333472224535399,0.6084609186140183,0.00016116035455278067
27576,22.98038300638344,0.6107977437550363,560,681,1241,0.0016116035455278066,0.0008333472224535399,0.6087832393231238,0.00032232070910556134
27577,22.981216353605895,0.6107977437550363,560,681,1241,0.0,0.0008333472224535399,0.6091055600322294,0.00032232070910556134
27578,22.982049700828348,0.6116035455278002,560,681,1241,0.0008058017727639033,0.0008333472224535399,0.6095084609186114,0.00040290088638195165
27579,22.9828830480508,0.6107977437550363,560,681,1241,-0.0008058017727639033,0.0008333472224535399,0.609830781627717,0.00032232070910556134
27580,22.983716395273255,0.6107977437550363,560,681,1241,0.0,0.0008333472224535399,0.6101531023368225,0.00032232070910556134
27581,22.98454974249571,0.6107977437550363,560,681,1241,0.0,0.0008333472224535399,0.6103142626913753,0.00016116035455278067
27582,22.985383089718162,0.6107977437550363,560,681,1241,0.0,0.0008333472224535399,0.6103948428686516,8.058017727639034e-05
27583,22.986216436940616,0.6116035455278002,560,681,1241,0.0008058017727639033,0.0008333472224535399,0.6105560032232045,0.00016116035455278067
27584,22.98704978416307,0.6116035455278002,560,681,1241,0.0,0.0008333472224535399,0.61087832393231,0.00032232070910556134
27585,22.987883131385523,0.6107977437550363,560,681,1241,-0.0008058017727639033,0.0008333472224535399,0.6110394842868627,0.00016116035455278067
27586,22.988716478607977,0.6107977437550363,560,681,1241,0.0,0.0008333472224535399,0.6110394842868627,0.0
27587,22.98954982583043,0.6107977437550363,560,681,1241,0.0,0.0008333472224535399,0.6110394842868627,0.0
27588,22.990383173052884,0.6107977437550363,560,681,1241,0.0,0.0008333472224535399,0.6109589041095863,-8.058017727639034e-05
27589,22.991216520275337,0.6107977437550363,560,681,1241,0.0,0.0008333472224535399,0.6109589041095863,0.0
27590,22.992049867497794,0.6091861402095085,560,681,1241,-0.0016116035455278066,0.0008333472224570926,0.6107977437550336,-0.00016116035455278067
27591,22.992883214720248,0.6083803384367445,560,681,1241,-0.0008058017727639033,0.0008333472224535399,0.6105560032232045,-0.00024174053182917098
27592,22.9937165619427,0.6083803384367445,560,681,1241,0.0,0.0008333472224535399,0.6103142626913753,-0.00024174053182917098
27593,22.994549909165155,0.6075745366639806,560,681,1241,-0.0008058017727639033,0.0008333472224535399,0.6099113618049933,-0.00040290088638195165
27594,22.99538325638761,0.6083803384367445,560,681,1241,0.0008058017727639033,0.0008333472224535399,0.6095890410958877,-0.00032232070910556134
27595,22.996216603610062,0.6083803384367445,560,681,1241,0.0,0.0008333472224535399,0.6093473005640586,-0.00024174053182917098
27596,22.997049950832515,0.6091861402095085,560,681,1241,0.0008058017727639033,0.0008333472224535399,0.6091861402095058,-0.00016116035455278067
27597,22.99788329805497,0.6075745366639806,560,681,1241,-0.0016116035455278066,0.0008333472224535399,0.6088638195004002,-0.00032232070910556134
27598,22.998716645277423,0.6075745366639806,560,681,1241,0.0,0.0008333472224535399,0.6085414987912947,-0.00032232070910556134
27599,22.999549992499876,0.6083803384367445,560,681,1241,0.0008058017727639033,0.0008333472224535399,0.6082997582594656,-0.00024174053182917098
27600,23.00038333972233,0.6067687348912167,560,681,1241,-0.0016116035455278066,0.0008333472224535399,0.6080580177276365,-0.00024174053182917098
27601,23.001216686944783,0.6067687348912167,560,681,1241,0.0,0.0008333472224535399,0.6078968573730836,-0.00016116035455278067
27602,23.002050034167237,0.6067687348912167,560,681,1241,0.0,0.0008333472224535399,0.6077356970185309,-0.00016116035455278067
27603,23.00288338138969,0.6067687348912167,560,681,1241,0.0,0.0008333472224535399,0.6076551168412545,-8.058017727639034e-05
27604,23.003716728612144,0.604351329572925,560,681,1241,-0.00241740531829171,0.0008333472224535399,0.6072522159548726,-0.00040290088638195165
27605,23.004550075834597,0.604351329572925,560,681,1241,0.0,0.0008333472224535399,0.6068493150684906,-0.00040290088638195165
27606,23.00538342305705,0.604351329572925,560,681,1241,0.0,0.0008333472224535399,0.6063658340048322,-0.00048348106365834196
27607,23.006216770279504,0.6051571313456889,560,681,1241,0.0008058017727639033,0.0008333472224535399,0.6061240934730031,-0.00024174053182917098
27608,23.007050117501958,0.6059629331184528,560,681,1241,0.0008058017727639033,0.0008333472224535399,0.6059629331184503,-0.00016116035455278067
27609,23.00788346472441,0.6051571313456889,560,681,1241,-0.0008058017727639033,0.0008333472224535399,0.6056406124093447,-0.00032232070910556134
27610,23.008716811946865,0.6051571313456889,560,681,1241,0.0,0.0008333472224535399,0.6054794520547919,-0.00016116035455278067
27611,23.009550159169322,0.6059629331184528,560,681,1241,0.0008058017727639033,0.0008333472224570926,0.6053988718775155,-8.058017727639034e-05
27612,23.010383506391776,0.6051571313456889,560,681,1241,-0.0008058017727639033,0.0008333472224535399,0.6052377115229628,-0.00016116035455278067
27613,23.01121685361423,0.6051571313456889,560,681,1241,0.0,0.0008333472224535399,0.60507655116841,-0.00016116035455278067
27614,23.012050200836683,0.6051571313456889,560,681,1241,0.0,0.0008333472224535399,0.6051571313456864,8.058017727639034e-05
27615,23.012883548059136,0.6059629331184528,560,681,1241,0.0008058017727639033,0.0008333472224535399,0.6053182917002392,0.00016116035455278067
27616,23.01371689528159,0.6059629331184528,560,681,1241,0.0,0.0008333472224535399,0.6054794520547919,0.00016116035455278067
27617,23.014550242504043,0.6051571313456889,560,681,1241,-0.0008058017727639033,0.0008333472224535399,0.6054794520547919,0.0
27618,23.015383589726497,0.6051571313456889,560,681,1241,0.0,0.0008333472224535399,0.6053988718775156,-8.058017727639034e-05
27619,23.01621693694895,0.6059629331184528,560,681,1241,0.0008058017727639033,0.0008333472224535399,0.6054794520547919,8.058017727639034e-05
27620,23.017050284171404,0.6067687348912167,560,681,1241,0.0008058017727639033,0.0008333472224535399,0.6056406124093447,0.00016116035455278067
27621,23.017883631393858,0.6059629331184528,560,681,1241,-0.0008058017727639033,0.0008333472224535399,0.6056406124093447,0.0
27622,23.01871697861631,0.6067687348912167,560,681,1241,0.0008058017727639033,0.0008333472224535399,0.6058017727638976,0.00016116035455278067
27623,23.019550325838765,0.6075745366639806,560,681,1241,0.0008058017727639033,0.0008333472224535399,0.6060435132957267,0.00024174053182917098
27624,23.020383673061218,0.6075745366639806,560,681,1241,0.0,0.0008333472224535399,0.6062852538275558,0.00024174053182917098
27625,23.02121702028367,0.6075745366639806,560,681,1241,0.0,0.0008333472224535399,0.6064464141821085,0.00016116035455278067
27626,23.022050367506125,0.6075745366639806,560,681,1241,0.0,0.0008333472224535399,0.6066075745366614,0.00016116035455278067
27627,23.02288371472858,0.6083803384367445,560,681,1241,0.0008058017727639033,0.0008333472224535399,0.6069298952457669,0.00032232070910556134
27628,23.023717061951032,0.6083803384367445,560,681,1241,0.0,0.0008333472224535399,0.6072522159548724,0.00032232070910556134
27629,23.024550409173486,0.6067687348912167,560,681,1241,-0.0016116035455278066,0.0008333472224535399,0.6073327961321489,8.058017727639034e-05
27630,23.02538375639594,0.6067687348912167,560,681,1241,0.0,0.0008333472224535399,0.6073327961321489,0.0
27631,23.026217103618393,0.6075745366639806,560,681,1241,0.0008058017727639033,0.0008333472224535399,0.6074939564867017,0.00016116035455278067
27632,23.02705045084085,0.6075745366639806,560,681,1241,0.0,0.0008333472224570926,0.607574536663978,8.058017727639034e-05
27633,23.027883798063304,0.6083803384367445,560,681,1241,0.0008058017727639033,0.0008333472224535399,0.6076551168412545,8.058017727639034e-05
27634,23.028717145285757,0.6075745366639806,560,681,1241,-0.0008058017727639033,0.0008333472224535399,0.6076551168412545,0.0
27635,23.02955049250821,0.6083803384367445,560,681,1241,0.0008058017727639033,0.0008333472224535399,0.6077356970185309,8.058017727639034e-05
27636,23.030383839730664,0.6091861402095085,560,681,1241,0.0008058017727639033,0.0008333472224535399,0.6078968573730836,0.00016116035455278067
27637,23.031217186953118,0.6099919419822724,560,681,1241,0.0008058017727639033,0.0008333472224535399,0.6080580177276365,0.00016116035455278067
27638,23.03205053417557,0.6083803384367445,560,681,1241,-0.0016116035455278066,0.0008333472224535399,0.6080580177276365,0.0
27639,23.032883881398025,0.6099919419822724,560,681,1241,0.0016116035455278066,0.0008333472224535399,0.608380338436742,0.00032232070910556134
27640,23.03371722862048,0.6099919419822724,560,681,1241,0.0,0.0008333472224535399,0.6087026591458475,0.00032232070910556134
27641,23.034550575842932,0.6099919419822724,560,681,1241,0.0,0.0008333472224535399,0.6089443996776768,0.00024174053182917098
27642,23.035383923065385,0.6099919419822724,560,681,1241,0.0,0.0008333472224535399,0.609186140209506,0.00024174053182917098
27643,23.03621727028784,0.6099919419822724,560,681,1241,0.0,0.0008333472224535399,0.6093473005640588,0.00016116035455278067
27644,23.037050617510292,0.6116035455278002,560,681,1241,0.0016116035455278066,0.0008333472224535399,0.6097502014504408,0.00040290088638195165
27645,23.037883964732746,0.6116035455278002,560,681,1241,0.0,0.0008333472224535399,0.6100725221595463,0.00032232070910556134
27646,23.0387173119552,0.6116035455278002,560,681,1241,0.0,0.0008333472224535399,0.6103142626913756,0.00024174053182917098
27647,23.039550659177653,0.6107977437550363,560,681,1241,-0.0008058017727639033,0.0008333472224535399,0.6103948428686519,8.058017727639034e-05
27648,23.040384006400107,0.6107977437550363,560,681,1241,0.0,0.0008333472224535399,0.610636583400481,0.00024174053182917098
27649,23.04121735362256,0.6107977437550363,560,681,1241,0.0,0.0008333472224535399,0.6107171635777574,8.058017727639034e-05
27650,23.042050700845014,0.6116035455278002,560,681,1241,0.0008058017727639033,0.0008333472224535399,0.6108783239323101,0.00016116035455278067
27651,23.042884048067467,0.6107977437550363,560,681,1241,-0.0008058017727639033,0.0008333472224535399,0.6109589041095865,8.058017727639034e-05
27652,23.04371739528992,0.6124093473005641,560,681,1241,0.0016116035455278066,0.0008333472224535399,0.6112006446414157,0.00024174053182917098
27653,23.044550742512378,0.6140209508460919,560,681,1241,0.0016116035455278066,0.0008333472224570926,0.6116035455277975,0.00040290088638195165
27654,23.04538408973483,0.6140209508460919,560,681,1241,0.0,0.0008333472224535399,0.6118452860596266,0.00024174053182917098
27655,23.046217436957285,0.6140209508460919,560,681,1241,0.0,0.0008333472224535399,0.6120870265914558,0.00024174053182917098
27656,23.04705078417974,0.6148267526188558,560,681,1241,0.0008058017727639033,0.0008333472224535399,0.6124093473005614,0.00032232070910556134
27657,23.047884131402192,0.6172441579371475,560,681,1241,0.00241740531829171,0.0008333472224535399,0.6130539887187725,0.0006446414182111227
27658,23.048717478624646,0.6172441579371475,560,681,1241,0.0,0.0008333472224535399,0.6136986301369836,0.0006446414182111227
27659,23.0495508258471,0.6164383561643836,560,681,1241,-0.0008058017727639033,0.0008333472224535399,0.6142626913779183,0.0005640612409347323
27660,23.050384173069553,0.6164383561643836,560,681,1241,0.0,0.0008333472224535399,0.6147461724415767,0.00048348106365834196
27661,23.051217520292006,0.6164383561643836,560,681,1241,0.0,0.0008333472224535399,0.6153102336825115,0.0005640612409347323
27662,23.05205086751446,0.6172441579371475,560,681,1241,0.0008058017727639033,0.0008333472224535399,0.6157937147461698,0.00048348106365834196
27663,23.052884214736913,0.6180499597099114,560,681,1241,0.0008058017727639033,0.0008333472224535399,0.6161966156325518,0.00040290088638195165
27664,23.053717561959367,0.6180499597099114,560,681,1241,0.0,0.0008333472224535399,0.6165995165189339,0.00040290088638195165
27665,23.05455090918182,0.6180499597099114,560,681,1241,0.0,0.0008333472224535399,0.6170024174053158,0.00040290088638195165
27666,23.055384256404274,0.6180499597099114,560,681,1241,0.0,0.0008333472224535399,0.6173247381144213,0.00032232070910556134
27667,23.056217603626727,0.6172441579371475,560,681,1241,-0.0008058017727639033,0.0008333472224535399,0.6173247381144213,0.0
27668,23.05705095084918,0.6172441579371475,560,681,1241,0.0,0.0008333472224535399,0.6173247381144213,0.0
27669,23.057884298071635,0.6172441579371475,560,681,1241,0.0,0.0008333472224535399,0.6174053182916978,8.058017727639034e-05
27670,23.058717645294088,0.6156325543916197,560,681,1241,-0.0016116035455278066,0.0008333472224535399,0.6173247381144213,-8.058017727639034e-05
27671,23.05955099251654,0.6164383561643836,560,681,1241,0.0008058017727639033,0.0008333472224535399,0.6173247381144213,0.0
27672,23.060384339738995,0.6164383561643836,560,681,1241,0.0,0.0008333472224535399,0.6172441579371449,-8.058017727639034e-05
27673,23.06121768696145,0.6164383561643836,560,681,1241,0.0,0.0008333472224535399,0.6170829975825922,-0.00016116035455278067
27674,23.062051034183906,0.6172441579371475,560,681,1241,0.0008058017727639033,0.0008333472224570926,0.6170024174053157,-8.058017727639034e-05
27675,23.06288438140636,0.6164383561643836,560,681,1241,-0.0008058017727639033,0.0008333472224535399,0.616841257050763,-0.00016116035455278067
27676,23.063717728628813,0.6156325543916197,560,681,1241,-0.0008058017727639033,0.0008333472224535399,0.6165995165189337,-0.00024174053182917098
27677,23.064551075851266,0.6164383561643836,560,681,1241,0.0008058017727639033,0.0008333472224535399,0.6165189363416574,-8.058017727639034e-05
27678,23.06538442307372,0.6172441579371475,560,681,1241,0.0008058017727639033,0.0008333472224535399,0.6165189363416574,0.0
27679,23.066217770296173,0.6180499597099114,560,681,1241,0.0008058017727639033,0.0008333472224535399,0.6165995165189339,8.058017727639034e-05
27680,23.067051117518627,0.6172441579371475,560,681,1241,-0.0008058017727639033,0.0008333472224535399,0.6167606768734866,0.00016116035455278067
27681,23.06788446474108,0.6172441579371475,560,681,1241,0.0,0.0008333472224535399,0.616841257050763,8.058017727639034e-05
27682,23.068717811963534,0.6180499597099114,560,681,1241,0.0008058017727639033,0.0008333472224535399,0.6170024174053157,0.00016116035455278067
27683,23.069551159185988,0.6188557614826753,560,681,1241,0.0008058017727639033,0.0008333472224535399,0.6172441579371448,0.00024174053182917098
27684,23.07038450640844,0.6196615632554392,560,681,1241,0.0008058017727639033,0.0008333472224535399,0.6174858984689741,0.00024174053182917098
27685,23.071217853630895,0.6196615632554392,560,681,1241,0.0,0.0008333472224535399,0.6178082191780796,0.00032232070910556134
27686,23.07205120085335,0.6188557614826753,560,681,1241,-0.0008058017727639033,0.0008333472224535399,0.6181305398871852,0.00032232070910556134
27687,23.072884548075802,0.6180499597099114,560,681,1241,-0.0008058017727639033,0.0008333472224535399,0.618291700241738,0.00016116035455278067
27688,23.073717895298255,0.6180499597099114,560,681,1241,0.0,0.0008333472224535399,0.6183722804190144,8.058017727639034e-05
27689,23.07455124252071,0.6172441579371475,560,681,1241,-0.0008058017727639033,0.0008333472224535399,0.618291700241738,-8.058017727639034e-05
27690,23.075384589743162,0.6172441579371475,560,681,1241,0.0,0.0008333472224535399,0.618291700241738,0.0
27691,23.076217936965616,0.6164383561643836,560,681,1241,-0.0008058017727639033,0.0008333472224535399,0.6182111200644617,-8.058017727639034e-05
27692,23.07705128418807,0.6164383561643836,560,681,1241,0.0,0.0008333472224535399,0.6180499597099088,-0.00016116035455278067
27693,23.077884631410523,0.6172441579371475,560,681,1241,0.0008058017727639033,0.0008333472224535399,0.6178887993553561,-0.00016116035455278067
27694,23.078717978632977,0.6180499597099114,560,681,1241,0.0008058017727639033,0.0008333472224535399,0.6177276390008033,-0.00016116035455278067
27695,23.079551325855434,0.6172441579371475,560,681,1241,-0.0008058017727639033,0.0008333472224570926,0.6174858984689741,-0.00024174053182917098
27696,23.080384673077887,0.6164383561643836,560,681,1241,-0.0008058017727639033,0.0008333472224535399,0.6172441579371449,-0.00024174053182917098
27697,23.08121802030034,0.6172441579371475,560,681,1241,0.0008058017727639033,0.0008333472224535399,0.6171635777598685,-8.058017727639034e-05
27698,23.082051367522794,0.6180499597099114,560,681,1241,0.0008058017727639033,0.0008333472224535399,0.6171635777598685,0.0
27699,23.082884714745248,0.6188557614826753,560,681,1241,0.0008058017727639033,0.0008333472224535399,0.6173247381144213,0.00016116035455278067
27700,23.0837180619677,0.6180499597099114,560,681,1241,-0.0008058017727639033,0.0008333472224535399,0.6174053182916978,8.058017727639034e-05
27701,23.084551409190155,0.6180499597099114,560,681,1241,0.0,0.0008333472224535399,0.6175664786462505,0.00016116035455278067
27702,23.08538475641261,0.6172441579371475,560,681,1241,-0.0008058017727639033,0.0008333472224535399,0.6176470588235269,8.058017727639034e-05
27703,23.086218103635062,0.6172441579371475,560,681,1241,0.0,0.0008333472224535399,0.6176470588235269,0.0
27704,23.087051450857516,0.6156325543916197,560,681,1241,-0.0016116035455278066,0.0008333472224535399,0.6174053182916976,-0.00024174053182917098
27705,23.08788479807997,0.6148267526188558,560,681,1241,-0.0008058017727639033,0.0008333472224535399,0.6171635777598685,-0.00024174053182917098
27706,23.088718145302423,0.6156325543916197,560,681,1241,0.0008058017727639033,0.0008333472224535399,0.6170829975825921,-8.058017727639034e-05
27707,23.089551492524876,0.6164383561643836,560,681,1241,0.0008058017727639033,0.0008333472224535399,0.6170024174053157,-8.058017727639034e-05
27708,23.09038483974733,0.6164383561643836,560,681,1241,0.0,0.0008333472224535399,0.616841257050763,-0.00016116035455278067
27709,23.091218186969783,0.6156325543916197,560,681,1241,-0.0008058017727639033,0.0008333472224535399,0.6165189363416574,-0.00032232070910556134
27710,23.092051534192237,0.6148267526188558,560,681,1241,-0.0008058017727639033,0.0008333472224535399,0.6161966156325518,-0.00032232070910556134
27711,23.09288488141469,0.6140209508460919,560,681,1241,-0.0008058017727639033,0.0008333472224535399,0.6157937147461698,-0.00040290088638195165
27712,23.093718228637144,0.6148267526188558,560,681,1241,0.0008058017727639033,0.0008333472224535399,0.6155519742143407,-0.00024174053182917098
27713,23.094551575859597,0.6148267526188558,560,681,1241,0.0,0.0008333472224535399,0.6153102336825116,-0.00024174053182917098
27714,23.09538492308205,0.6140209508460919,560,681,1241,-0.0008058017727639033,0.0008333472224535399,0.6151490733279588,-0.00016116035455278067
27715,23.096218270304504,0.6140209508460919,560,681,1241,0.0,0.0008333472224535399,0.6150684931506823,-8.058017727639034e-05
27716,23.097051617526958,0.6140209508460919,560,681,1241,0.0,0.0008333472224535399,0.6149073327961296,-0.00016116035455278067
27717,23.097884964749415,0.6140209508460919,560,681,1241,0.0,0.0008333472224570926,0.6146655922643004,-0.00024174053182917098
27718,23.09871831197187,0.6156325543916197,560,681,1241,0.0016116035455278066,0.0008333472224535399,0.614585012087024,-8.058017727639034e-05
27719,23.099551659194322,0.6164383561643836,560,681,1241,0.0008058017727639033,0.0008333472224535399,0.6146655922643004,8.058017727639034e-05
27720,23.100385006416776,0.6172441579371475,560,681,1241,0.0008058017727639033,0.0008333472224535399,0.6149073327961295,0.00024174053182917098
27721,23.10121835363923,0.6172441579371475,560,681,1241,0.0,0.0008333472224535399,0.6152296535052351,0.00032232070910556134
27722,23.102051700861683,0.6172441579371475,560,681,1241,0.0,0.0008333472224535399,0.6154713940370642,0.00024174053182917098
27723,23.102885048084136,0.6172441579371475,560,681,1241,0.0,0.0008333472224535399,0.6157131345688933,0.00024174053182917098
27724,23.10371839530659,0.6172441579371475,560,681,1241,0.0,0.0008333472224535399,0.6160354552779989,0.00032232070910556134
27725,23.104551742529043,0.6164383561643836,560,681,1241,-0.0008058017727639033,0.0008333472224535399,0.6162771958098281,0.00024174053182917098
27726,23.105385089751497,0.6172441579371475,560,681,1241,0.0008058017727639033,0.0008333472224535399,0.6165995165189336,0.00032232070910556134
27727,23.10621843697395,0.6172441579371475,560,681,1241,0.0,0.0008333472224535399,0.6169218372280392,0.00032232070910556134
27728,23.107051784196404,0.6172441579371475,560,681,1241,0.0,0.0008333472224535399,0.617082997582592,0.00016116035455278067
27729,23.107885131418858,0.6172441579371475,560,681,1241,0.0,0.0008333472224535399,0.6171635777598683,8.058017727639034e-05
27730,23.10871847864131,0.6180499597099114,560,681,1241,0.0008058017727639033,0.0008333472224535399,0.6172441579371448,8.058017727639034e-05
27731,23.109551825863765,0.6172441579371475,560,681,1241,-0.0008058017727639033,0.0008333472224535399,0.6172441579371448,0.0
27732,23.110385173086218,0.6164383561643836,560,681,1241,-0.0008058017727639033,0.0008333472224535399,0.6171635777598684,-8.058017727639034e-05
27733,23.11121852030867,0.6188557614826753,560,681,1241,0.00241740531829171,0.0008333472224535399,0.6173247381144212,0.00016116035455278067
27734,23.112051867531125,0.6172441579371475,560,681,1241,-0.0016116035455278066,0.0008333472224535399,0.6173247381144212,0.0
27735,23.11288521475358,0.6164383561643836,560,681,1241,-0.0008058017727639033,0.0008333472224535399,0.6173247381144212,0.0
27736,23.113718561976032,0.6172441579371475,560,681,1241,0.0008058017727639033,0.0008333472224535399,0.6173247381144212,0.0
27737,23.114551909198486,0.6172441579371475,560,681,1241,0.0,0.0008333472224535399,0.6173247381144212,0.0
27738,23.115385256420943,0.6172441579371475,560,681,1241,0.0,0.0008333472224570926,0.6173247381144212,0.0
27739,23.116218603643397,0.6172441579371475,560,681,1241,0.0,0.0008333472224535399,0.6173247381144212,0.0
27740,23.11705195086585,0.6172441579371475,560,681,1241,0.0,0.0008333472224535399,0.6172441579371448,-8.058017727639034e-05
27741,23.117885298088304,0.6180499597099114,560,681,1241,0.0008058017727639033,0.0008333472224535399,0.6173247381144212,8.058017727639034e-05
27742,23.118718645310757,0.6180499597099114,560,681,1241,0.0,0.0008333472224535399,0.617485898468974,0.00016116035455278067
27743,23.11955199253321,0.6180499597099114,560,681,1241,0.0,0.0008333472224535399,0.6174053182916976,-8.058017727639034e-05
27744,23.120385339755664,0.6180499597099114,560,681,1241,0.0,0.0008333472224535399,0.6174858984689741,8.058017727639034e-05
27745,23.121218686978118,0.6172441579371475,560,681,1241,-0.0008058017727639033,0.0008333472224535399,0.6175664786462505,8.058017727639034e-05
27746,23.12205203420057,0.6180499597099114,560,681,1241,0.0008058017727639033,0.0008333472224535399,0.6176470588235269,8.058017727639034e-05
27747,23.122885381423025,0.6180499597099114,560,681,1241,0.0,0.0008333472224535399,0.6177276390008033,8.058017727639034e-05
27748,23.12371872864548,0.6180499597099114,560,681,1241,0.0,0.0008333472224535399,0.6178082191780797,8.058017727639034e-05
27749,23.124552075867932,0.6172441579371475,560,681,1241,-0.0008058017727639033,0.0008333472224535399,0.6178082191780797,0.0
27750,23.125385423090385,0.6180499597099114,560,681,1241,0.0008058017727639033,0.0008333472224535399,0.6178887993553561,8.058017727639034e-05
27751,23.12621877031284,0.6204673650282031,560,681,1241,0.00241740531829171,0.0008333472224535399,0.6181305398871852,0.00024174053182917098
27752,23.127052117535293,0.6204673650282031,560,681,1241,0.0,0.0008333472224535399,0.6183722804190144,0.00024174053182917098
27753,23.127885464757746,0.621273166800967,560,681,1241,0.0008058017727639033,0.0008333472224535399,0.61869460112812,0.00032232070910556134
27754,23.1287188119802,0.621273166800967,560,681,1241,0.0,0.0008333472224535399,0.6190169218372256,0.00032232070910556134
27755,23.129552159202653,0.621273166800967,560,681,1241,0.0,0.0008333472224535399,0.6194198227236075,0.00040290088638195165
27756,23.130385506425107,0.6228847703464948,560,681,1241,0.0016116035455278066,0.0008333472224535399,0.6199033037872659,0.00048348106365834196
27757,23.13121885364756,0.621273166800967,560,681,1241,-0.0016116035455278066,0.0008333472224535399,0.6202256244963714,0.00032232070910556134
27758,23.132052200870014,0.621273166800967,560,681,1241,0.0,0.0008333472224535399,0.620547945205477,0.00032232070910556134
27759,23.13288554809247,0.6220789685737309,560,681,1241,0.0008058017727639033,0.0008333472224570926,0.6210314262691353,0.00048348106365834196
27760,23.133718895314924,0.6220789685737309,560,681,1241,0.0,0.0008333472224535399,0.6214343271555173,0.00040290088638195165
27761,23.134552242537378,0.621273166800967,560,681,1241,-0.0008058017727639033,0.0008333472224535399,0.6215149073327937,8.058017727639034e-05
27762,23.13538558975983,0.621273166800967,560,681,1241,0.0,0.0008333472224535399,0.6215954875100701,8.058017727639034e-05
27763,23.136218936982285,0.621273166800967,560,681,1241,0.0,0.0008333472224535399,0.6215954875100701,0.0
27764,23.13705228420474,0.621273166800967,560,681,1241,0.0,0.0008333472224535399,0.6215954875100701,0.0
27765,23.137885631427192,0.6204673650282031,560,681,1241,-0.0008058017727639033,0.0008333472224535399,0.6215149073327937,-8.058017727639034e-05
27766,23.138718978649646,0.621273166800967,560,681,1241,0.0008058017727639033,0.0008333472224535399,0.6213537469782409,-0.00016116035455278067
27767,23.1395523258721,0.6220789685737309,560,681,1241,0.0008058017727639033,0.0008333472224535399,0.6214343271555173,8.058017727639034e-05
27768,23.140385673094553,0.6204673650282031,560,681,1241,-0.0016116035455278066,0.0008333472224535399,0.6213537469782409,-8.058017727639034e-05
27769,23.141219020317006,0.6188557614826753,560,681,1241,-0.0016116035455278066,0.0008333472224535399,0.6210314262691352,-0.00032232070910556134
27770,23.14205236753946,0.6188557614826753,560,681,1241,0.0,0.0008333472224535399,0.6207091055600297,-0.00032232070910556134
27771,23.142885714761913,0.6196615632554392,560,681,1241,0.0008058017727639033,0.0008333472224535399,0.620547945205477,-0.00016116035455278067
27772,23.143719061984367,0.621273166800967,560,681,1241,0.0016116035455278066,0.0008333472224535399,0.620547945205477,0.0
27773,23.14455240920682,0.621273166800967,560,681,1241,0.0,0.0008333472224535399,0.620547945205477,0.0
27774,23.145385756429274,0.6220789685737309,560,681,1241,0.0008058017727639033,0.0008333472224535399,0.6206285253827533,8.058017727639034e-05
27775,23.146219103651728,0.6228847703464948,560,681,1241,0.0008058017727639033,0.0008333472224535399,0.6208702659145825,0.00024174053182917098
27776,23.14705245087418,0.6236905721192587,560,681,1241,0.0008058017727639033,0.0008333472224535399,0.6211120064464116,0.00024174053182917098
27777,23.147885798096635,0.6236905721192587,560,681,1241,0.0,0.0008333472224535399,0.6212731668009643,0.00016116035455278067
27778,23.148719145319088,0.6228847703464948,560,681,1241,-0.0008058017727639033,0.0008333472224535399,0.6215149073327936,0.00024174053182917098
27779,23.14955249254154,0.6236905721192587,560,681,1241,0.0008058017727639033,0.0008333472224535399,0.6219983883964519,0.00048348106365834196
27780,23.150385839764,0.6236905721192587,560,681,1241,0.0,0.0008333472224570926,0.6224818694601103,0.00048348106365834196
27781,23.151219186986452,0.6236905721192587,560,681,1241,0.0,0.0008333472224535399,0.6228847703464921,0.00040290088638195165
27782,23.152052534208906,0.6244963738920226,560,681,1241,0.0008058017727639033,0.0008333472224535399,0.6232070910555978,0.00032232070910556134
27783,23.15288588143136,0.6244963738920226,560,681,1241,0.0,0.0008333472224535399,0.6235294117647033,0.00032232070910556134
27784,23.153719228653813,0.6244963738920226,560,681,1241,0.0,0.0008333472224535399,0.6237711522965326,0.00024174053182917098
27785,23.154552575876266,0.6236905721192587,560,681,1241,-0.0008058017727639033,0.0008333472224535399,0.6238517324738089,8.058017727639034e-05
27786,23.15538592309872,0.6236905721192587,560,681,1241,0.0,0.0008333472224535399,0.6238517324738089,0.0
27787,23.156219270321174,0.6228847703464948,560,681,1241,-0.0008058017727639033,0.0008333472224535399,0.6237711522965326,-8.058017727639034e-05
27788,23.157052617543627,0.6236905721192587,560,681,1241,0.0008058017727639033,0.0008333472224535399,0.6238517324738089,8.058017727639034e-05
27789,23.15788596476608,0.6228847703464948,560,681,1241,-0.0008058017727639033,0.0008333472224535399,0.6237711522965326,-8.058017727639034e-05
27790,23.158719311988534,0.6228847703464948,560,681,1241,0.0,0.0008333472224535399,0.6236905721192562,-8.058017727639034e-05
27791,23.159552659210988,0.6228847703464948,560,681,1241,0.0,0.0008333472224535399,0.6236099919419799,-8.058017727639034e-05
27792,23.16038600643344,0.6228847703464948,560,681,1241,0.0,0.0008333472224535399,0.623448831587427,-0.00016116035455278067
27793,23.161219353655895,0.6220789685737309,560,681,1241,-0.0008058017727639033,0.0008333472224535399,0.6232070910555978,-0.00024174053182917098
27794,23.16205270087835,0.6236905721192587,560,681,1241,0.0016116035455278066,0.0008333472224535399,0.6231265108783214,-8.058017727639034e-05
27795,23.162886048100802,0.6244963738920226,560,681,1241,0.0008058017727639033,0.0008333472224535399,0.6232070910555978,8.058017727639034e-05
27796,23.163719395323255,0.6228847703464948,560,681,1241,-0.0016116035455278066,0.0008333472224535399,0.6231265108783215,-8.058017727639034e-05
27797,23.16455274254571,0.6228847703464948,560,681,1241,0.0,0.0008333472224535399,0.6231265108783215,0.0
27798,23.165386089768162,0.6228847703464948,560,681,1241,0.0,0.0008333472224535399,0.6230459307010452,-8.058017727639034e-05
27799,23.166219436990616,0.6236905721192587,560,681,1241,0.0008058017727639033,0.0008333472224535399,0.6231265108783215,8.058017727639034e-05
27800,23.16705278421307,0.6220789685737309,560,681,1241,-0.0016116035455278066,0.0008333472224535399,0.6230459307010451,-8.058017727639034e-05
27801,23.167886131435527,0.6220789685737309,560,681,1241,0.0,0.0008333472224570926,0.6229653505237687,-8.058017727639034e-05
27802,23.16871947865798,0.6220789685737309,560,681,1241,0.0,0.0008333472224535399,0.6228847703464921,-8.058017727639034e-05
27803,23.169552825880434,0.6220789685737309,560,681,1241,0.0,0.0008333472224535399,0.6228847703464921,0.0
27804,23.170386173102887,0.6220789685737309,560,681,1241,0.0,0.0008333472224535399,0.6227236099919394,-0.00016116035455278067
27805,23.17121952032534,0.6228847703464948,560,681,1241,0.0008058017727639033,0.0008333472224535399,0.6225624496373866,-0.00016116035455278067
27806,23.172052867547794,0.6220789685737309,560,681,1241,-0.0008058017727639033,0.0008333472224535399,0.6224818694601102,-8.058017727639034e-05
27807,23.172886214770248,0.6228847703464948,560,681,1241,0.0008058017727639033,0.0008333472224535399,0.6224818694601102,0.0
27808,23.1737195619927,0.6244963738920226,560,681,1241,0.0016116035455278066,0.0008333472224535399,0.622643029814663,0.00016116035455278067
27809,23.174552909215155,0.6228847703464948,560,681,1241,-0.0016116035455278066,0.0008333472224535399,0.6225624496373866,-8.058017727639034e-05
27810,23.17538625643761,0.6244963738920226,560,681,1241,0.0016116035455278066,0.0008333472224535399,0.6228041901692158,0.00024174053182917098
27811,23.176219603660062,0.6236905721192587,560,681,1241,-0.0008058017727639033,0.0008333472224535399,0.6229653505237687,0.00016116035455278067
27812,23.177052950882516,0.6236905721192587,560,681,1241,0.0,0.0008333472224535399,0.6231265108783214,0.00016116035455278067
27813,23.17788629810497,0.6236905721192587,560,681,1241,0.0,0.0008333472224535399,0.6232876712328742,0.00016116035455278067
27814,23.178719645327423,0.6228847703464948,560,681,1241,-0.0008058017727639033,0.0008333472224535399,0.6233682514101506,8.058017727639034e-05
27815,23.179552992549876,0.6236905721192587,560,681,1241,0.0008058017727639033,0.0008333472224535399,0.6234488315874269,8.058017727639034e-05
27816,23.18038633977233,0.6236905721192587,560,681,1241,0.0,0.0008333472224535399,0.6236099919419797,0.00016116035455278067
27817,23.181219686994783,0.6236905721192587,560,681,1241,0.0,0.0008333472224535399,0.623690572119256,8.058017727639034e-05
27818,23.182053034217237,0.6244963738920226,560,681,1241,0.0008058017727639033,0.0008333472224535399,0.623690572119256,0.0
27819,23.18288638143969,0.6244963738920226,560,681,1241,0.0,0.0008333472224535399,0.6238517324738089,0.00016116035455278067
27820,23.183719728662144,0.6253021756647864,560,681,1241,0.0008058017727637923,0.0008333472224535399,0.6239323126510852,8.058017727637922e-05
27821,23.184553075884597,0.6253021756647864,560,681,1241,0.0,0.0008333472224535399,0.624093473005638,0.00016116035455276956
27822,23.18538642310705,0.6253021756647864,560,681,1241,0.0,0.0008333472224535399,0.6242546333601908,0.00016116035455276956
27823,23.186219770329508,0.6261079774375503,560,681,1241,0.0008058017727639033,0.0008333472224570926,0.62449637389202,0.0002417405318291599
27824,23.18705311755196,0.6269137792103142,560,681,1241,0.0008058017727639033,0.0008333472224535399,0.6248992747784019,0.00040290088638194054
27825,23.187886464774415,0.6261079774375503,560,681,1241,-0.0008058017727639033,0.0008333472224535399,0.6251410153102311,0.0002417405318291599
27826,23.18871981199687,0.628525382755842,560,681,1241,0.00241740531829171,0.0008333472224535399,0.6256244963738895,0.0004834810636583309
27827,23.189553159219322,0.6301369863013698,560,681,1241,0.0016116035455278066,0.0008333472224535399,0.6262691377921006,0.0006446414182111115
27828,23.190386506441776,0.6293311845286059,560,681,1241,-0.0008058017727639033,0.0008333472224535399,0.626752618855759,0.0004834810636583309
27829,23.19121985366423,0.6269137792103142,560,681,1241,-0.00241740531829171,0.0008333472224535399,0.6269943593875881,0.0002417405318291599
27830,23.192053200886683,0.6277195809830781,560,681,1241,0.0008058017727639033,0.0008333472224535399,0.6272360999194173,0.00024174053182917098
27831,23.192886548109136,0.6277195809830781,560,681,1241,0.0,0.0008333472224535399,0.6274778404512464,0.00024174053182917098
27832,23.19371989533159,0.6277195809830781,560,681,1241,0.0,0.0008333472224535399,0.6277195809830757,0.00024174053182917098
27833,23.194553242554043,0.6293311845286059,560,681,1241,0.0016116035455278066,0.0008333472224535399,0.6280419016921812,0.00032232070910556134
27834,23.195386589776497,0.6301369863013698,560,681,1241,0.0008058017727639033,0.0008333472224535399,0.6283642224012869,0.00032232070910556134
27835,23.19621993699895,0.628525382755842,560,681,1241,-0.0016116035455278066,0.0008333472224535399,0.628605962933116,0.00024174053182917098
27836,23.197053284221404,0.6293311845286059,560,681,1241,0.0008058017727639033,0.0008333472224535399,0.6286865431103924,8.058017727639034e-05
27837,23.197886631443858,0.6309427880741337,560,681,1241,0.0016116035455278066,0.0008333472224535399,0.6287671232876688,8.058017727639034e-05
27838,23.19871997866631,0.6317485898468976,560,681,1241,0.0008058017727639033,0.0008333472224535399,0.6290088638194979,0.00024174053182917098
27839,23.199553325888765,0.6317485898468976,560,681,1241,0.0,0.0008333472224535399,0.6294923448831563,0.00048348106365834196
27840,23.20038667311122,0.6309427880741337,560,681,1241,-0.0008058017727639033,0.0008333472224535399,0.6298146655922618,0.00032232070910556134
27841,23.201220020333672,0.6317485898468976,560,681,1241,0.0008058017727639033,0.0008333472224535399,0.6302175664786438,0.00040290088638195165
27842,23.202053367556125,0.6309427880741337,560,681,1241,-0.0008058017727639033,0.0008333472224535399,0.6305398871877493,0.00032232070910556134
27843,23.20288671477858,0.6309427880741337,560,681,1241,0.0,0.0008333472224535399,0.630701047542302,0.00016116035455278067
27844,23.203720062001036,0.6309427880741337,560,681,1241,0.0,0.0008333472224570926,0.6307816277195786,8.058017727639034e-05
27845,23.20455340922349,0.6309427880741337,560,681,1241,0.0,0.0008333472224535399,0.6310233682514077,0.00024174053182917098
27846,23.205386756445943,0.6309427880741337,560,681,1241,0.0,0.0008333472224535399,0.6311845286059605,0.00016116035455278067
27847,23.206220103668397,0.628525382755842,560,681,1241,-0.00241740531829171,0.0008333472224535399,0.6309427880741313,-0.00024174053182917098
27848,23.20705345089085,0.6293311845286059,560,681,1241,0.0008058017727639033,0.0008333472224535399,0.6307010475423022,-0.00024174053182917098
27849,23.207886798113304,0.6309427880741337,560,681,1241,0.0016116035455278066,0.0008333472224535399,0.6306204673650259,-8.058017727639034e-05
27850,23.208720145335757,0.6317485898468976,560,681,1241,0.0008058017727639033,0.0008333472224535399,0.6307010475423022,8.058017727639034e-05
27851,23.20955349255821,0.6317485898468976,560,681,1241,0.0,0.0008333472224535399,0.6307010475423022,0.0
27852,23.210386839780664,0.6317485898468976,560,681,1241,0.0,0.0008333472224535399,0.6307816277195786,8.058017727639034e-05
27853,23.211220187003118,0.6325543916196615,560,681,1241,0.0008058017727639033,0.0008333472224535399,0.6309427880741313,0.00016116035455278067
27854,23.21205353422557,0.6317485898468976,560,681,1241,-0.0008058017727639033,0.0008333472224535399,0.6310233682514077,8.058017727639034e-05
27855,23.212886881448025,0.6317485898468976,560,681,1241,0.0,0.0008333472224535399,0.631103948428684,8.058017727639034e-05
27856,23.21372022867048,0.6317485898468976,560,681,1241,0.0,0.0008333472224535399,0.6311845286059603,8.058017727639034e-05
27857,23.214553575892932,0.6317485898468976,560,681,1241,0.0,0.0008333472224535399,0.631506849315066,0.00032232070910556134
27858,23.215386923115386,0.6325543916196615,560,681,1241,0.0008058017727639033,0.0008333472224535399,0.6318291700241715,0.00032232070910556134
27859,23.21622027033784,0.6317485898468976,560,681,1241,-0.0008058017727639033,0.0008333472224535399,0.6319097502014478,8.058017727639034e-05
27860,23.217053617560293,0.6317485898468976,560,681,1241,0.0,0.0008333472224535399,0.6319097502014478,0.0
27861,23.217886964782746,0.6325543916196615,560,681,1241,0.0008058017727639033,0.0008333472224535399,0.6319903303787242,8.058017727639034e-05
27862,23.2187203120052,0.6325543916196615,560,681,1241,0.0,0.0008333472224535399,0.6320709105560007,8.058017727639034e-05
27863,23.219553659227653,0.6333601933924254,560,681,1241,0.0008058017727639033,0.0008333472224535399,0.632151490733277,8.058017727639034e-05
27864,23.220387006450107,0.6341659951651893,560,681,1241,0.0008058017727639033,0.0008333472224535399,0.6323932312651063,0.00024174053182917098
27865,23.221220353672564,0.6333601933924254,560,681,1241,-0.0008058017727639033,0.0008333472224570926,0.632554391619659,0.00016116035455278067
27866,23.222053700895017,0.6325543916196615,560,681,1241,-0.0008058017727639033,0.0008333472224535399,0.6326349717969355,8.058017727639034e-05
27867,23.22288704811747,0.6333601933924254,560,681,1241,0.0008058017727639033,0.0008333472224535399,0.6327961321514882,0.00016116035455278067
27868,23.223720395339924,0.6333601933924254,560,681,1241,0.0,0.0008333472224535399,0.6328767123287646,8.058017727639034e-05
27869,23.224553742562378,0.6341659951651893,560,681,1241,0.0008058017727639033,0.0008333472224535399,0.6331184528605938,0.00024174053182917098
27870,23.22538708978483,0.6341659951651893,560,681,1241,0.0,0.0008333472224535399,0.633360193392423,0.00024174053182917098
27871,23.226220437007285,0.6325543916196615,560,681,1241,-0.0016116035455278066,0.0008333472224535399,0.633360193392423,0.0
27872,23.22705378422974,0.6317485898468976,560,681,1241,-0.0008058017727639033,0.0008333472224535399,0.6332796132151466,-8.058017727639034e-05
27873,23.227887131452192,0.6317485898468976,560,681,1241,0.0,0.0008333472224535399,0.6331184528605938,-0.00016116035455278067
27874,23.228720478674646,0.6317485898468976,560,681,1241,0.0,0.0008333472224535399,0.6328767123287646,-0.00024174053182917098
27875,23.2295538258971,0.6317485898468976,560,681,1241,0.0,0.0008333472224535399,0.6327155519742118,-0.00016116035455278067
27876,23.230387173119553,0.6317485898468976,560,681,1241,0.0,0.0008333472224535399,0.6326349717969354,-8.058017727639034e-05
27877,23.231220520342006,0.6301369863013698,560,681,1241,-0.0016116035455278066,0.0008333472224535399,0.6323126510878299,-0.00032232070910556134
27878,23.23205386756446,0.6309427880741337,560,681,1241,0.0008058017727639033,0.0008333472224535399,0.6320709105560007,-0.00024174053182917098
27879,23.232887214786913,0.6333601933924254,560,681,1241,0.00241740531829171,0.0008333472224535399,0.6319903303787242,-8.058017727639034e-05
27880,23.233720562009367,0.6325543916196615,560,681,1241,-0.0008058017727639033,0.0008333472224535399,0.6318291700241715,-0.00016116035455278067
27881,23.23455390923182,0.6325543916196615,560,681,1241,0.0,0.0008333472224535399,0.6318291700241715,0.0
27882,23.235387256454274,0.6325543916196615,560,681,1241,0.0,0.0008333472224535399,0.6319097502014479,8.058017727639034e-05
27883,23.236220603676728,0.6325543916196615,560,681,1241,0.0,0.0008333472224535399,0.6319903303787243,8.058017727639034e-05
27884,23.23705395089918,0.6325543916196615,560,681,1241,0.0,0.0008333472224535399,0.6320709105560007,8.058017727639034e-05
27885,23.237887298121635,0.6317485898468976,560,681,1241,-0.0008058017727639033,0.0008333472224535399,0.6320709105560007,0.0
27886,23.23872064534409,0.6317485898468976,560,681,1241,0.0,0.0008333472224570926,0.6320709105560007,0.0
27887,23.239553992566545,0.6325543916196615,560,681,1241,0.0008058017727639033,0.0008333472224535399,0.63231265108783,0.00024174053182917098
27888,23.240387339789,0.6325543916196615,560,681,1241,0.0,0.0008333472224535399,0.6324738114423828,0.00016116035455278067
27889,23.241220687011452,0.6309427880741337,560,681,1241,-0.0016116035455278066,0.0008333472224535399,0.6322320709105537,-0.00024174053182917098
27890,23.242054034233906,0.6309427880741337,560,681,1241,0.0,0.0008333472224535399,0.6320709105560008,-0.00016116035455278067
27891,23.24288738145636,0.6301369863013698,560,681,1241,-0.0008058017727639033,0.0008333472224535399,0.6318291700241716,-0.00024174053182917098
27892,23.243720728678813,0.6301369863013698,560,681,1241,0.0,0.0008333472224535399,0.6315874294923425,-0.00024174053182917098
27893,23.244554075901267,0.6301369863013698,560,681,1241,0.0,0.0008333472224535399,0.6313456889605132,-0.00024174053182917098
27894,23.24538742312372,0.6301369863013698,560,681,1241,0.0,0.0008333472224535399,0.631103948428684,-0.00024174053182917098
27895,23.246220770346174,0.6309427880741337,560,681,1241,0.0008058017727639033,0.0008333472224535399,0.6310233682514077,-8.058017727639034e-05
27896,23.247054117568627,0.6309427880741337,560,681,1241,0.0,0.0008333472224535399,0.6309427880741313,-8.058017727639034e-05
27897,23.24788746479108,0.6301369863013698,560,681,1241,-0.0008058017727639033,0.0008333472224535399,0.630701047542302,-0.00024174053182917098
27898,23.248720812013534,0.628525382755842,560,681,1241,-0.0016116035455278066,0.0008333472224535399,0.6302981466559201,-0.00040290088638195165
27899,23.249554159235988,0.6269137792103142,560,681,1241,-0.0016116035455278066,0.0008333472224535399,0.6298952457695381,-0.00040290088638195165
27900,23.25038750645844,0.6277195809830781,560,681,1241,0.0008058017727639033,0.0008333472224535399,0.6295729250604325,-0.00032232070910556134
27901,23.251220853680895,0.6277195809830781,560,681,1241,0.0,0.0008333472224535399,0.6293311845286034,-0.00024174053182917098
27902,23.25205420090335,0.6277195809830781,560,681,1241,0.0,0.0008333472224535399,0.6290894439967742,-0.00024174053182917098
27903,23.252887548125802,0.6277195809830781,560,681,1241,0.0,0.0008333472224535399,0.6288477034649451,-0.00024174053182917098
27904,23.253720895348255,0.628525382755842,560,681,1241,0.0008058017727639033,0.0008333472224535399,0.6286865431103924,-0.00016116035455278067
27905,23.25455424257071,0.6293311845286059,560,681,1241,0.0008058017727639033,0.0008333472224535399,0.6285253827558396,-0.00016116035455278067
27906,23.255387589793163,0.628525382755842,560,681,1241,-0.0008058017727639033,0.0008333472224535399,0.6282836422240103,-0.00024174053182917098
27907,23.25622093701562,0.628525382755842,560,681,1241,0.0,0.0008333472224570926,0.6281224818694576,-0.00016116035455278067
27908,23.257054284238073,0.628525382755842,560,681,1241,0.0,0.0008333472224535399,0.6281224818694576,0.0
27909,23.257887631460527,0.6293311845286059,560,681,1241,0.0008058017727639033,0.0008333472224535399,0.6283642224012869,0.00024174053182917098
27910,23.25872097868298,0.628525382755842,560,681,1241,-0.0008058017727639033,0.0008333472224535399,0.6284448025785632,8.058017727639034e-05
27911,23.259554325905434,0.6277195809830781,560,681,1241,-0.0008058017727639033,0.0008333472224535399,0.6284448025785632,0.0
27912,23.260387673127887,0.6277195809830781,560,681,1241,0.0,0.0008333472224535399,0.6284448025785632,0.0
27913,23.26122102035034,0.6261079774375503,560,681,1241,-0.0016116035455278066,0.0008333472224535399,0.6282836422240103,-0.00016116035455278067
27914,23.262054367572794,0.6277195809830781,560,681,1241,0.0016116035455278066,0.0008333472224535399,0.628203062046734,-8.058017727639034e-05
27915,23.262887714795248,0.6277195809830781,560,681,1241,0.0,0.0008333472224535399,0.6280419016921812,-0.00016116035455278067
27916,23.2637210620177,0.6269137792103142,560,681,1241,-0.0008058017727639033,0.0008333472224535399,0.6278807413376285,-0.00016116035455278067
27917,23.264554409240155,0.6269137792103142,560,681,1241,0.0,0.0008333472224535399,0.6277195809830757,-0.00016116035455278067
27918,23.26538775646261,0.6269137792103142,560,681,1241,0.0,0.0008333472224535399,0.627558420628523,-0.00016116035455278067
27919,23.266221103685062,0.6244963738920226,560,681,1241,-0.002417405318291599,0.0008333472224535399,0.6270749395648646,-0.0004834810636583309
27920,23.267054450907516,0.6253021756647864,560,681,1241,0.0008058017727637923,0.0008333472224535399,0.6267526188557591,-0.00032232070910556134
27921,23.26788779812997,0.6244963738920226,560,681,1241,-0.0008058017727637923,0.0008333472224535399,0.6264302981466534,-0.00032232070910555023
27922,23.268721145352423,0.6244963738920226,560,681,1241,0.0,0.0008333472224535399,0.6261079774375479,-0.00032232070910555023
27923,23.269554492574876,0.6236905721192587,560,681,1241,-0.0008058017727639033,0.0008333472224535399,0.6258662369057186,-0.0002417405318291599
27924,23.27038783979733,0.6236905721192587,560,681,1241,0.0,0.0008333472224535399,0.6254633360193367,-0.00040290088638194054
27925,23.271221187019783,0.6244963738920226,560,681,1241,0.0008058017727639033,0.0008333472224535399,0.6251410153102311,-0.00032232070910555023
27926,23.272054534242237,0.6236905721192587,560,681,1241,-0.0008058017727639033,0.0008333472224535399,0.6248186946011256,-0.00032232070910555023
27927,23.27288788146469,0.6228847703464948,560,681,1241,-0.0008058017727639033,0.0008333472224535399,0.6244157937147436,-0.00040290088638194054
27928,23.273721228687148,0.6220789685737309,560,681,1241,-0.0008058017727639033,0.0008333472224570926,0.6239323126510853,-0.0004834810636583309
27929,23.2745545759096,0.6204673650282031,560,681,1241,-0.0016116035455278066,0.0008333472224535399,0.6235294117647033,-0.00040290088638195165
27930,23.275387923132055,0.6204673650282031,560,681,1241,0.0,0.0008333472224535399,0.623045930701045,-0.0004834810636583309
27931,23.276221270354508,0.6196615632554392,560,681,1241,-0.0008058017727639033,0.0008333472224535399,0.6225624496373866,-0.00048348106365834196
27932,23.27705461757696,0.6196615632554392,560,681,1241,0.0,0.0008333472224535399,0.6220789685737282,-0.00048348106365834196
27933,23.277887964799415,0.6204673650282031,560,681,1241,0.0008058017727639033,0.0008333472224535399,0.6217566478646227,-0.00032232070910556134
27934,23.27872131202187,0.6204673650282031,560,681,1241,0.0,0.0008333472224535399,0.6214343271555172,-0.00032232070910556134
27935,23.279554659244322,0.6204673650282031,560,681,1241,0.0,0.0008333472224535399,0.6210314262691352,-0.00040290088638195165
27936,23.280388006466776,0.6196615632554392,560,681,1241,-0.0008058017727639033,0.0008333472224535399,0.6206285253827533,-0.00040290088638195165
27937,23.28122135368923,0.621273166800967,560,681,1241,0.0016116035455278066,0.0008333472224535399,0.6204673650282004,-0.00016116035455278067
27938,23.282054700911683,0.6228847703464948,560,681,1241,0.0016116035455278066,0.0008333472224535399,0.620547945205477,8.058017727639034e-05
27939,23.282888048134136,0.6220789685737309,560,681,1241,-0.0008058017727639033,0.0008333472224535399,0.6207091055600297,0.00016116035455278067
27940,23.28372139535659,0.6228847703464948,560,681,1241,0.0008058017727639033,0.0008333472224535399,0.6209508460918589,0.00024174053182917098
27941,23.284554742579044,0.6236905721192587,560,681,1241,0.0008058017727639033,0.0008333472224535399,0.6213537469782409,0.00040290088638195165
27942,23.285388089801497,0.6236905721192587,560,681,1241,0.0,0.0008333472224535399,0.6217566478646227,0.00040290088638195165
27943,23.28622143702395,0.6236905721192587,560,681,1241,0.0,0.0008333472224535399,0.6220789685737282,0.00032232070910556134
27944,23.287054784246404,0.6228847703464948,560,681,1241,-0.0008058017727639033,0.0008333472224535399,0.6223207091055575,0.00024174053182917098
27945,23.287888131468858,0.6228847703464948,560,681,1241,0.0,0.0008333472224535399,0.6225624496373867,0.00024174053182917098
27946,23.28872147869131,0.621273166800967,560,681,1241,-0.0016116035455278066,0.0008333472224535399,0.6227236099919395,0.00016116035455278067
27947,23.289554825913765,0.621273166800967,560,681,1241,0.0,0.0008333472224535399,0.6227236099919395,0.0
27948,23.29038817313622,0.621273166800967,560,681,1241,0.0,0.0008333472224535399,0.6225624496373867,-0.00016116035455278067
27949,23.291221520358672,0.6204673650282031,560,681,1241,-0.0008058017727639033,0.0008333472224535399,0.6224012892828339,-0.00016116035455278067
27950,23.29205486758113,0.6204673650282031,560,681,1241,0.0,0.0008333472224570926,0.6221595487510048,-0.00024174053182917098
27951,23.292888214803583,0.6204673650282031,560,681,1241,0.0,0.0008333472224535399,0.6218372280418991,-0.00032232070910556134
27952,23.293721562026036,0.6204673650282031,560,681,1241,0.0,0.0008333472224535399,0.6215149073327936,-0.00032232070910556134
27953,23.29455490924849,0.6196615632554392,560,681,1241,-0.0008058017727639033,0.0008333472224535399,0.6211120064464117,-0.00040290088638195165
27954,23.295388256470943,0.6196615632554392,560,681,1241,0.0,0.0008333472224535399,0.6207896857373061,-0.00032232070910556134
27955,23.296221603693397,0.6204673650282031,560,681,1241,0.0008058017727639033,0.0008333472224535399,0.620547945205477,-0.00024174053182917098
27956,23.29705495091585,0.6196615632554392,560,681,1241,-0.0008058017727639033,0.0008333472224535399,0.6203867848509241,-0.00016116035455278067
27957,23.297888298138304,0.6196615632554392,560,681,1241,0.0,0.0008333472224535399,0.6202256244963713,-0.00016116035455278067
27958,23.298721645360757,0.6180499597099114,560,681,1241,-0.0016116035455278066,0.0008333472224535399,0.6199033037872658,-0.00032232070910556134
27959,23.29955499258321,0.6172441579371475,560,681,1241,-0.0008058017727639033,0.0008333472224535399,0.6195809830781602,-0.00032232070910556134
27960,23.300388339805664,0.6180499597099114,560,681,1241,0.0008058017727639033,0.0008333472224535399,0.6193392425463311,-0.00024174053182917098
27961,23.301221687028118,0.6180499597099114,560,681,1241,0.0,0.0008333472224535399,0.619097502014502,-0.00024174053182917098
27962,23.30205503425057,0.6180499597099114,560,681,1241,0.0,0.0008333472224535399,0.6188557614826729,-0.00024174053182917098
27963,23.302888381473025,0.6172441579371475,560,681,1241,-0.0008058017727639033,0.0008333472224535399,0.6186140209508436,-0.00024174053182917098
27964,23.30372172869548,0.6164383561643836,560,681,1241,-0.0008058017727639033,0.0008333472224535399,0.6182917002417381,-0.00032232070910556134
27965,23.304555075917932,0.6164383561643836,560,681,1241,0.0,0.0008333472224535399,0.6178887993553561,-0.00040290088638195165
27966,23.305388423140386,0.6164383561643836,560,681,1241,0.0,0.0008333472224535399,0.6175664786462506,-0.00032232070910556134
27967,23.30622177036284,0.6172441579371475,560,681,1241,0.0008058017727639033,0.0008333472224535399,0.6173247381144213,-0.00024174053182917098
27968,23.307055117585293,0.6172441579371475,560,681,1241,0.0,0.0008333472224535399,0.6172441579371449,-8.058017727639034e-05
27969,23.307888464807746,0.6172441579371475,560,681,1241,0.0,0.0008333472224535399,0.6172441579371449,0.0
27970,23.3087218120302,0.6172441579371475,560,681,1241,0.0,0.0008333472224535399,0.6171635777598685,-8.058017727639034e-05
27971,23.309555159252657,0.6180499597099114,560,681,1241,0.0008058017727639033,0.0008333472224570926,0.6171635777598685,0.0
27972,23.31038850647511,0.6188557614826753,560,681,1241,0.0008058017727639033,0.0008333472224535399,0.6172441579371448,8.058017727639034e-05
27973,23.311221853697564,0.6180499597099114,560,681,1241,-0.0008058017727639033,0.0008333472224535399,0.6173247381144213,8.058017727639034e-05
27974,23.312055200920017,0.6180499597099114,560,681,1241,0.0,0.0008333472224535399,0.6174858984689741,0.00016116035455278067
27975,23.31288854814247,0.6188557614826753,560,681,1241,0.0008058017727639033,0.0008333472224535399,0.6177276390008032,0.00024174053182917098
27976,23.313721895364925,0.6188557614826753,560,681,1241,0.0,0.0008333472224535399,0.6179693795326323,0.00024174053182917098
27977,23.314555242587378,0.6188557614826753,560,681,1241,0.0,0.0008333472224535399,0.6181305398871851,0.00016116035455278067
27978,23.31538858980983,0.6188557614826753,560,681,1241,0.0,0.0008333472224535399,0.6182917002417379,0.00016116035455278067
27979,23.316221937032285,0.6196615632554392,560,681,1241,0.0008058017727639033,0.0008333472224535399,0.6185334407735671,0.00024174053182917098
27980,23.31705528425474,0.6196615632554392,560,681,1241,0.0,0.0008333472224535399,0.6187751813053963,0.00024174053182917098
27981,23.317888631477192,0.6196615632554392,560,681,1241,0.0,0.0008333472224535399,0.6189363416599492,0.00016116035455278067
27982,23.318721978699646,0.6188557614826753,560,681,1241,-0.0008058017727639033,0.0008333472224535399,0.6189363416599492,0.0
27983,23.3195553259221,0.621273166800967,560,681,1241,0.00241740531829171,0.0008333472224535399,0.6192586623690547,0.00032232070910556134
27984,23.320388673144553,0.6204673650282031,560,681,1241,-0.0008058017727639033,0.0008333472224535399,0.6195004029008838,0.00024174053182917098
27985,23.321222020367006,0.621273166800967,560,681,1241,0.0008058017727639033,0.0008333472224535399,0.619742143432713,0.00024174053182917098
27986,23.32205536758946,0.6196615632554392,560,681,1241,-0.0016116035455278066,0.0008333472224535399,0.6198227236099895,8.058017727639034e-05
27987,23.322888714811914,0.6188557614826753,560,681,1241,-0.0008058017727639033,0.0008333472224535399,0.6198227236099895,0.0
27988,23.323722062034367,0.6188557614826753,560,681,1241,0.0,0.0008333472224535399,0.6198227236099895,0.0
27989,23.32455540925682,0.6180499597099114,560,681,1241,-0.0008058017727639033,0.0008333472224535399,0.6196615632554366,-0.00016116035455278067
27990,23.325388756479274,0.6204673650282031,560,681,1241,0.00241740531829171,0.0008333472224535399,0.619742143432713,8.058017727639034e-05
27991,23.326222103701728,0.6204673650282031,560,681,1241,0.0,0.0008333472224535399,0.6198227236099894,8.058017727639034e-05
27992,23.327055450924185,0.6204673650282031,560,681,1241,0.0,0.0008333472224570926,0.6199838839645422,0.00016116035455278067
27993,23.32788879814664,0.6204673650282031,560,681,1241,0.0,0.0008333472224535399,0.6199033037872657,-8.058017727639034e-05
27994,23.328722145369092,0.6204673650282031,560,681,1241,0.0,0.0008333472224535399,0.6199033037872657,0.0
27995,23.329555492591545,0.6196615632554392,560,681,1241,-0.0008058017727639033,0.0008333472224535399,0.6197421434327129,-0.00016116035455278067
27996,23.330388839814,0.6196615632554392,560,681,1241,0.0,0.0008333472224535399,0.6197421434327129,0.0
27997,23.331222187036452,0.6196615632554392,560,681,1241,0.0,0.0008333472224535399,0.6198227236099894,8.058017727639034e-05
27998,23.332055534258906,0.6204673650282031,560,681,1241,0.0008058017727639033,0.0008333472224535399,0.6199838839645422,0.00016116035455278067
27999,23.33288888148136,0.6204673650282031,560,681,1241,0.0,0.0008333472224535399,0.6202256244963713,0.00024174053182917098
28000,23.333722228703813,0.6196615632554392,560,681,1241,-0.0008058017727639033,0.0008333472224535399,0.6201450443190949,-8.058017727639034e-05
28001,23.334555575926267,0.6196615632554392,560,681,1241,0.0,0.0008333472224535399,0.6200644641418186,-8.058017727639034e-05
28002,23.33538892314872,0.6188557614826753,560,681,1241,-0.0008058017727639033,0.0008333472224535399,0.6199033037872658,-0.00016116035455278067
28003,23.336222270371174,0.6188557614826753,560,681,1241,0.0,0.0008333472224535399,0.619742143432713,-0.00016116035455278067
28004,23.337055617593627,0.6188557614826753,560,681,1241,0.0,0.0008333472224535399,0.6195809830781602,-0.00016116035455278067
28005,23.33788896481608,0.6196615632554392,560,681,1241,0.0008058017727639033,0.0008333472224535399,0.6195809830781602,0.0
28006,23.338722312038534,0.6188557614826753,560,681,1241,-0.0008058017727639033,0.0008333472224535399,0.6195004029008838,-8.058017727639034e-05
28007,23.339555659260988,0.6188557614826753,560,681,1241,0.0,0.0008333472224535399,0.6194198227236074,-8.058017727639034e-05
28008,23.34038900648344,0.6196615632554392,560,681,1241,0.0008058017727639033,0.0008333472224535399,0.619339242546331,-8.058017727639034e-05
28009,23.341222353705895,0.6204673650282031,560,681,1241,0.0008058017727639033,0.0008333472224535399,0.619339242546331,0.0
28010,23.34205570092835,0.6204673650282031,560,681,1241,0.0,0.0008333472224535399,0.6194198227236074,8.058017727639034e-05
28011,23.342889048150802,0.6204673650282031,560,681,1241,0.0,0.0008333472224535399,0.6195004029008837,8.058017727639034e-05
28012,23.343722395373256,0.6196615632554392,560,681,1241,-0.0008058017727639033,0.0008333472224535399,0.6195809830781601,8.058017727639034e-05
28013,23.344555742595713,0.6204673650282031,560,681,1241,0.0008058017727639033,0.0008333472224570926,0.6197421434327129,0.00016116035455278067
28014,23.345389089818166,0.6204673650282031,560,681,1241,0.0,0.0008333472224535399,0.6199033037872657,0.00016116035455278067
28015,23.34622243704062,0.6204673650282031,560,681,1241,0.0,0.0008333472224535399,0.6199838839645421,8.058017727639034e-05
28016,23.347055784263073,0.6196615632554392,560,681,1241,-0.0008058017727639033,0.0008333472224535399,0.6200644641418185,8.058017727639034e-05
28017,23.347889131485527,0.6196615632554392,560,681,1241,0.0,0.0008333472224535399,0.6201450443190949,8.058017727639034e-05
28018,23.34872247870798,0.6188557614826753,560,681,1241,-0.0008058017727639033,0.0008333472224535399,0.6200644641418185,-8.058017727639034e-05
28019,23.349555825930434,0.6188557614826753,560,681,1241,0.0,0.0008333472224535399,0.6199033037872657,-0.00016116035455278067
28020,23.350389173152887,0.6180499597099114,560,681,1241,-0.0008058017727639033,0.0008333472224535399,0.6196615632554365,-0.00024174053182917098
28021,23.35122252037534,0.6180499597099114,560,681,1241,0.0,0.0008333472224535399,0.6194198227236074,-0.00024174053182917098
28022,23.352055867597795,0.6180499597099114,560,681,1241,0.0,0.0008333472224535399,0.6192586623690547,-0.00016116035455278067
28023,23.352889214820248,0.6188557614826753,560,681,1241,0.0008058017727639033,0.0008333472224535399,0.6190975020145019,-0.00016116035455278067
28024,23.3537225620427,0.6180499597099114,560,681,1241,-0.0008058017727639033,0.0008333472224535399,0.6188557614826727,-0.00024174053182917098
28025,23.354555909265155,0.6188557614826753,560,681,1241,0.0008058017727639033,0.0008333472224535399,0.61869460112812,-0.00016116035455278067
28026,23.35538925648761,0.6196615632554392,560,681,1241,0.0008058017727639033,0.0008333472224535399,0.61869460112812,0.0
28027,23.356222603710062,0.6196615632554392,560,681,1241,0.0,0.0008333472224535399,0.61869460112812,0.0
28028,23.357055950932516,0.6204673650282031,560,681,1241,0.0008058017727639033,0.0008333472224535399,0.6188557614826727,0.00016116035455278067
28029,23.35788929815497,0.621273166800967,560,681,1241,0.0008058017727639033,0.0008333472224535399,0.619097502014502,0.00024174053182917098
28030,23.358722645377423,0.621273166800967,560,681,1241,0.0,0.0008333472224535399,0.6194198227236075,0.00032232070910556134
28031,23.359555992599876,0.6220789685737309,560,681,1241,0.0008058017727639033,0.0008333472224535399,0.6198227236099895,0.00040290088638195165
28032,23.36038933982233,0.6228847703464948,560,681,1241,0.0008058017727639033,0.0008333472224535399,0.6203062046736478,0.00048348106365834196
28033,23.361222687044783,0.6228847703464948,560,681,1241,0.0,0.0008333472224535399,0.6207091055600298,0.00040290088638195165
28034,23.36205603426724,0.6236905721192587,560,681,1241,0.0008058017727639033,0.0008333472224570926,0.6212731668009644,0.0005640612409347323
28035,23.362889381489694,0.6228847703464948,560,681,1241,-0.0008058017727639033,0.0008333472224535399,0.6216760676873465,0.00040290088638195165
28036,23.363722728712148,0.6228847703464948,560,681,1241,0.0,0.0008333472224535399,0.621998388396452,0.00032232070910556134
28037,23.3645560759346,0.6236905721192587,560,681,1241,0.0008058017727639033,0.0008333472224535399,0.6224012892828339,0.00040290088638195165
28038,23.365389423157055,0.6228847703464948,560,681,1241,-0.0008058017727639033,0.0008333472224535399,0.6226430298146631,0.00024174053182917098
28039,23.36622277037951,0.621273166800967,560,681,1241,-0.0016116035455278066,0.0008333472224535399,0.6226430298146631,0.0
28040,23.36705611760196,0.621273166800967,560,681,1241,0.0,0.0008333472224535399,0.6226430298146631,0.0
28041,23.367889464824415,0.6196615632554392,560,681,1241,-0.0016116035455278066,0.0008333472224535399,0.622401289282834,-0.00024174053182917098
28042,23.36872281204687,0.6196615632554392,560,681,1241,0.0,0.0008333472224535399,0.6220789685737285,-0.00032232070910556134
28043,23.369556159269322,0.6196615632554392,560,681,1241,0.0,0.0008333472224535399,0.6217566478646229,-0.00032232070910556134
28044,23.370389506491776,0.6196615632554392,560,681,1241,0.0,0.0008333472224535399,0.621353746978241,-0.00040290088638195165
28045,23.37122285371423,0.6180499597099114,560,681,1241,-0.0016116035455278066,0.0008333472224535399,0.6208702659145826,-0.00048348106365834196
28046,23.372056200936683,0.6188557614826753,560,681,1241,0.0008058017727639033,0.0008333472224535399,0.6204673650282007,-0.00040290088638195165
28047,23.372889548159137,0.6188557614826753,560,681,1241,0.0,0.0008333472224535399,0.6199838839645423,-0.00048348106365834196
28048,23.37372289538159,0.6180499597099114,560,681,1241,-0.0008058017727639033,0.0008333472224535399,0.6195004029008839,-0.00048348106365834196
28049,23.374556242604044,0.6188557614826753,560,681,1241,0.0008058017727639033,0.0008333472224535399,0.6192586623690548,-0.00024174053182917098
28050,23.375389589826497,0.6188557614826753,560,681,1241,0.0,0.0008333472224535399,0.6190169218372256,-0.00024174053182917098
28051,23.37622293704895,0.6180499597099114,560,681,1241,-0.0008058017727639033,0.0008333472224535399,0.6188557614826727,-0.00016116035455278067
28052,23.377056284271404,0.6180499597099114,560,681,1241,0.0,0.0008333472224535399,0.61869460112812,-0.00016116035455278067
28053,23.377889631493858,0.6180499597099114,560,681,1241,0.0,0.0008333472224535399,0.6185334407735672,-0.00016116035455278067
28054,23.37872297871631,0.6188557614826753,560,681,1241,0.0008058017727639033,0.0008333472224535399,0.6184528605962908,-8.058017727639034e-05
28055,23.379556325938765,0.6172441579371475,560,681,1241,-0.0016116035455278066,0.0008333472224535399,0.6183722804190144,-8.058017727639034e-05
28056,23.380389673161222,0.6172441579371475,560,681,1241,0.0,0.0008333472224570926,0.6182111200644616,-0.00016116035455278067
28057,23.381223020383676,0.6164383561643836,560,681,1241,-0.0008058017727639033,0.0008333472224535399,0.6179693795326324,-0.00024174053182917098
28058,23.38205636760613,0.6164383561643836,560,681,1241,0.0,0.0008333472224535399,0.6178082191780796,-0.00016116035455278067
28059,23.382889714828583,0.6156325543916197,560,681,1241,-0.0008058017727639033,0.0008333472224535399,0.6174858984689741,-0.00032232070910556134
28060,23.383723062051036,0.6156325543916197,560,681,1241,0.0,0.0008333472224535399,0.6171635777598685,-0.00032232070910556134
28061,23.38455640927349,0.6148267526188558,560,681,1241,-0.0008058017727639033,0.0008333472224535399,0.616841257050763,-0.00032232070910556134
28062,23.385389756495943,0.6140209508460919,560,681,1241,-0.0008058017727639033,0.0008333472224535399,0.6164383561643809,-0.00040290088638195165
28063,23.386223103718397,0.613215149073328,560,681,1241,-0.0008058017727639033,0.0008333472224535399,0.6159548751007227,-0.00048348106365834196
28064,23.38705645094085,0.613215149073328,560,681,1241,0.0,0.0008333472224535399,0.6153908138597879,-0.0005640612409347323
28065,23.387889798163304,0.613215149073328,560,681,1241,0.0,0.0008333472224535399,0.614987912973406,-0.00040290088638195165
28066,23.388723145385757,0.6140209508460919,560,681,1241,0.0008058017727639033,0.0008333472224535399,0.6146655922643005,-0.00032232070910556134
28067,23.38955649260821,0.6156325543916197,560,681,1241,0.0016116035455278066,0.0008333472224535399,0.614585012087024,-8.058017727639034e-05
28068,23.390389839830664,0.6148267526188558,560,681,1241,-0.0008058017727639033,0.0008333472224535399,0.6144238517324713,-0.00016116035455278067
28069,23.391223187053118,0.613215149073328,560,681,1241,-0.0016116035455278066,0.0008333472224535399,0.6141821112006421,-0.00024174053182917098
28070,23.39205653427557,0.6116035455278002,560,681,1241,-0.0016116035455278066,0.0008333472224535399,0.6137792103142602,-0.00040290088638195165
28071,23.392889881498025,0.6107977437550363,560,681,1241,-0.0008058017727639033,0.0008333472224535399,0.6133763094278782,-0.00040290088638195165
28072,23.39372322872048,0.6107977437550363,560,681,1241,0.0,0.0008333472224535399,0.6130539887187727,-0.00032232070910556134
28073,23.394556575942932,0.6107977437550363,560,681,1241,0.0,0.0008333472224535399,0.6128122481869435,-0.00024174053182917098
28074,23.395389923165386,0.6107977437550363,560,681,1241,0.0,0.0008333472224535399,0.6125705076551142,-0.00024174053182917098
28075,23.39622327038784,0.6107977437550363,560,681,1241,0.0,0.0008333472224535399,0.612328767123285,-0.00024174053182917098
28076,23.397056617610293,0.6124093473005641,560,681,1241,0.0016116035455278066,0.0008333472224535399,0.6121676067687323,-0.00016116035455278067
28077,23.39788996483275,0.6124093473005641,560,681,1241,0.0,0.0008333472224570926,0.6118452860596266,-0.00032232070910556134
28078,23.398723312055203,0.6107977437550363,560,681,1241,-0.0016116035455278066,0.0008333472224535399,0.6114423851732447,-0.00040290088638195165
28079,23.399556659277657,0.6107977437550363,560,681,1241,0.0,0.0008333472224535399,0.6112006446414154,-0.00024174053182917098
28080,23.40039000650011,0.6107977437550363,560,681,1241,0.0,0.0008333472224535399,0.611120064464139,-8.058017727639034e-05
28081,23.401223353722564,0.6107977437550363,560,681,1241,0.0,0.0008333472224535399,0.611120064464139,0.0
28082,23.402056700945018,0.6107977437550363,560,681,1241,0.0,0.0008333472224535399,0.611120064464139,0.0
28083,23.40289004816747,0.6116035455278002,560,681,1241,0.0008058017727639033,0.0008333472224535399,0.6112006446414154,8.058017727639034e-05
28084,23.403723395389925,0.6116035455278002,560,681,1241,0.0,0.0008333472224535399,0.6112812248186918,8.058017727639034e-05
28085,23.404556742612378,0.6107977437550363,560,681,1241,-0.0008058017727639033,0.0008333472224535399,0.6112812248186918,0.0
28086,23.40539008983483,0.6107977437550363,560,681,1241,0.0,0.0008333472224535399,0.6111200644641391,-0.00016116035455278067
28087,23.406223437057285,0.6116035455278002,560,681,1241,0.0008058017727639033,0.0008333472224535399,0.6110394842868627,-8.058017727639034e-05
28088,23.40705678427974,0.6124093473005641,560,681,1241,0.0008058017727639033,0.0008333472224535399,0.6112006446414155,0.00016116035455278067
28089,23.407890131502192,0.6124093473005641,560,681,1241,0.0,0.0008333472224535399,0.6113618049959684,0.00016116035455278067
28090,23.408723478724646,0.6124093473005641,560,681,1241,0.0,0.0008333472224535399,0.6115229653505211,0.00016116035455278067
28091,23.4095568259471,0.6124093473005641,560,681,1241,0.0,0.0008333472224535399,0.6116841257050739,0.00016116035455278067
28092,23.410390173169553,0.6124093473005641,560,681,1241,0.0,0.0008333472224535399,0.6118452860596266,0.00016116035455278067
28093,23.411223520392006,0.6116035455278002,560,681,1241,-0.0008058017727639033,0.0008333472224535399,0.6118452860596266,0.0
28094,23.41205686761446,0.6116035455278002,560,681,1241,0.0,0.0008333472224535399,0.6118452860596266,0.0
28095,23.412890214836914,0.6124093473005641,560,681,1241,0.0008058017727639033,0.0008333472224535399,0.6120064464141795,0.00016116035455278067
28096,23.413723562059367,0.6107977437550363,560,681,1241,-0.0016116035455278066,0.0008333472224535399,0.6120064464141795,0.0
28097,23.41455690928182,0.613215149073328,560,681,1241,0.00241740531829171,0.0008333472224535399,0.6121676067687323,0.00016116035455278067
28098,23.415390256504278,0.613215149073328,560,681,1241,0.0,0.0008333472224570926,0.6122481869460087,8.058017727639034e-05
28099,23.41622360372673,0.613215149073328,560,681,1241,0.0,0.0008333472224535399,0.6123287671232851,8.058017727639034e-05
28100,23.417056950949185,0.613215149073328,560,681,1241,0.0,0.0008333472224535399,0.6124093473005615,8.058017727639034e-05
28101,23.41789029817164,0.613215149073328,560,681,1241,0.0,0.0008333472224535399,0.6124899274778379,8.058017727639034e-05
28102,23.418723645394092,0.6124093473005641,560,681,1241,-0.0008058017727639033,0.0008333472224535399,0.6124899274778379,0.0
28103,23.419556992616545,0.6116035455278002,560,681,1241,-0.0008058017727639033,0.0008333472224535399,0.6124899274778379,0.0
28104,23.420390339839,0.6116035455278002,560,681,1241,0.0,0.0008333472224535399,0.6124899274778379,0.0
28105,23.421223687061453,0.6116035455278002,560,681,1241,0.0,0.0008333472224535399,0.6124093473005616,-8.058017727639034e-05
28106,23.422057034283906,0.6107977437550363,560,681,1241,-0.0008058017727639033,0.0008333472224535399,0.6124093473005616,0.0
28107,23.42289038150636,0.6107977437550363,560,681,1241,0.0,0.0008333472224535399,0.6121676067687324,-0.00024174053182917098
28108,23.423723728728813,0.6116035455278002,560,681,1241,0.0008058017727639033,0.0008333472224535399,0.6120064464141797,-0.00016116035455278067
28109,23.424557075951267,0.6116035455278002,560,681,1241,0.0,0.0008333472224535399,0.6118452860596268,-0.00016116035455278067
28110,23.42539042317372,0.6124093473005641,560,681,1241,0.0008058017727639033,0.0008333472224535399,0.6117647058823504,-8.058017727639034e-05
28111,23.426223770396174,0.6124093473005641,560,681,1241,0.0,0.0008333472224535399,0.611684125705074,-8.058017727639034e-05
28112,23.427057117618627,0.613215149073328,560,681,1241,0.0008058017727639033,0.0008333472224535399,0.6117647058823504,8.058017727639034e-05
28113,23.42789046484108,0.6124093473005641,560,681,1241,-0.0008058017727639033,0.0008333472224535399,0.6118452860596267,8.058017727639034e-05
28114,23.428723812063534,0.6124093473005641,560,681,1241,0.0,0.0008333472224535399,0.6119258662369031,8.058017727639034e-05
28115,23.429557159285988,0.6124093473005641,560,681,1241,0.0,0.0008333472224535399,0.6120064464141795,8.058017727639034e-05
28116,23.43039050650844,0.6140209508460919,560,681,1241,0.0016116035455278066,0.0008333472224535399,0.612328767123285,0.00032232070910556134
28117,23.431223853730895,0.6140209508460919,560,681,1241,0.0,0.0008333472224535399,0.6126510878323905,0.00032232070910556134
28118,23.43205720095335,0.6140209508460919,560,681,1241,0.0,0.0008333472224535399,0.6128928283642197,0.00024174053182917098
28119,23.432890548175806,0.6140209508460919,560,681,1241,0.0,0.0008333472224570926,0.6131345688960488,0.00024174053182917098
28120,23.43372389539826,0.613215149073328,560,681,1241,-0.0008058017727639033,0.0008333472224535399,0.6132151490733253,8.058017727639034e-05
28121,23.434557242620713,0.6140209508460919,560,681,1241,0.0008058017727639033,0.0008333472224535399,0.613376309427878,0.00016116035455278067
28122,23.435390589843166,0.6140209508460919,560,681,1241,0.0,0.0008333472224535399,0.6134568896051544,8.058017727639034e-05
28123,23.43622393706562,0.6140209508460919,560,681,1241,0.0,0.0008333472224535399,0.6136180499597071,0.00016116035455278067
28124,23.437057284288073,0.6148267526188558,560,681,1241,0.0008058017727639033,0.0008333472224535399,0.6138597904915364,0.00024174053182917098
28125,23.437890631510527,0.6156325543916197,560,681,1241,0.0008058017727639033,0.0008333472224535399,0.6141821112006419,0.00032232070910556134
28126,23.43872397873298,0.6156325543916197,560,681,1241,0.0,0.0008333472224535399,0.6143432715551947,0.00016116035455278067
28127,23.439557325955434,0.6164383561643836,560,681,1241,0.0008058017727639033,0.0008333472224535399,0.614585012087024,0.00024174053182917098
28128,23.440390673177887,0.6156325543916197,560,681,1241,-0.0008058017727639033,0.0008333472224535399,0.6147461724415767,0.00016116035455278067
28129,23.44122402040034,0.6148267526188558,560,681,1241,-0.0008058017727639033,0.0008333472224535399,0.6148267526188531,8.058017727639034e-05
28130,23.442057367622795,0.6148267526188558,560,681,1241,0.0,0.0008333472224535399,0.6149879129734059,0.00016116035455278067
28131,23.442890714845248,0.6148267526188558,560,681,1241,0.0,0.0008333472224535399,0.6150684931506823,8.058017727639034e-05
28132,23.4437240620677,0.6156325543916197,560,681,1241,0.0008058017727639033,0.0008333472224535399,0.6152296535052352,0.00016116035455278067
28133,23.444557409290155,0.6172441579371475,560,681,1241,0.0016116035455278066,0.0008333472224535399,0.6155519742143407,0.00032232070910556134
28134,23.44539075651261,0.6180499597099114,560,681,1241,0.0008058017727639033,0.0008333472224535399,0.6158742949234463,0.00032232070910556134
28135,23.446224103735062,0.6188557614826753,560,681,1241,0.0008058017727639033,0.0008333472224535399,0.6161966156325518,0.00032232070910556134
28136,23.447057450957516,0.6196615632554392,560,681,1241,0.0008058017727639033,0.0008333472224535399,0.6165995165189339,0.00040290088638195165
28137,23.44789079817997,0.6196615632554392,560,681,1241,0.0,0.0008333472224535399,0.6169218372280394,0.00032232070910556134
28138,23.448724145402423,0.6196615632554392,560,681,1241,0.0,0.0008333472224535399,0.6173247381144213,0.00040290088638195165
28139,23.449557492624876,0.6196615632554392,560,681,1241,0.0,0.0008333472224535399,0.6178082191780797,0.00048348106365834196
28140,23.450390839847334,0.6196615632554392,560,681,1241,0.0,0.0008333472224570926,0.6182917002417381,0.00048348106365834196
28141,23.451224187069787,0.6196615632554392,560,681,1241,0.0,0.0008333472224535399,0.6187751813053964,0.00048348106365834196
28142,23.45205753429224,0.6196615632554392,560,681,1241,0.0,0.0008333472224535399,0.6191780821917784,0.00040290088638195165
28143,23.452890881514694,0.6188557614826753,560,681,1241,-0.0008058017727639033,0.0008333472224535399,0.6193392425463312,0.00016116035455278067
28144,23.453724228737148,0.6204673650282031,560,681,1241,0.0016116035455278066,0.0008333472224535399,0.6195809830781603,0.00024174053182917098
28145,23.4545575759596,0.6196615632554392,560,681,1241,-0.0008058017727639033,0.0008333472224535399,0.6196615632554368,8.058017727639034e-05
28146,23.455390923182055,0.6180499597099114,560,681,1241,-0.0016116035455278066,0.0008333472224535399,0.6195004029008839,-0.00016116035455278067
28147,23.45622427040451,0.6180499597099114,560,681,1241,0.0,0.0008333472224535399,0.6193392425463312,-0.00016116035455278067
28148,23.457057617626962,0.6172441579371475,560,681,1241,-0.0008058017727639033,0.0008333472224535399,0.619097502014502,-0.00024174053182917098
28149,23.457890964849415,0.6156325543916197,560,681,1241,-0.0016116035455278066,0.0008333472224535399,0.61869460112812,-0.00040290088638195165
28150,23.45872431207187,0.6156325543916197,560,681,1241,0.0,0.0008333472224535399,0.618291700241738,-0.00040290088638195165
28151,23.459557659294322,0.6156325543916197,560,681,1241,0.0,0.0008333472224535399,0.617888799355356,-0.00040290088638195165
28152,23.460391006516776,0.6156325543916197,560,681,1241,0.0,0.0008333472224535399,0.617485898468974,-0.00040290088638195165
28153,23.46122435373923,0.6164383561643836,560,681,1241,0.0008058017727639033,0.0008333472224535399,0.6172441579371448,-0.00024174053182917098
28154,23.462057700961683,0.6164383561643836,560,681,1241,0.0,0.0008333472224535399,0.616841257050763,-0.00040290088638195165
28155,23.462891048184137,0.6180499597099114,560,681,1241,0.0016116035455278066,0.0008333472224535399,0.6166800966962102,-0.00016116035455278067
28156,23.46372439540659,0.6180499597099114,560,681,1241,0.0,0.0008333472224535399,0.6166800966962102,0.0
28157,23.464557742629044,0.6180499597099114,560,681,1241,0.0,0.0008333472224535399,0.6166800966962102,0.0
28158,23.465391089851497,0.6164383561643836,560,681,1241,-0.0016116035455278066,0.0008333472224535399,0.6165995165189339,-8.058017727639034e-05
28159,23.46622443707395,0.6164383561643836,560,681,1241,0.0,0.0008333472224535399,0.6166800966962103,8.058017727639034e-05
28160,23.467057784296404,0.6156325543916197,560,681,1241,-0.0008058017727639033,0.0008333472224535399,0.6166800966962103,0.0
28161,23.46789113151886,0.6164383561643836,560,681,1241,0.0008058017727639033,0.0008333472224570926,0.6167606768734867,8.058017727639034e-05
28162,23.468724478741315,0.6156325543916197,560,681,1241,-0.0008058017727639033,0.0008333472224535399,0.6167606768734867,0.0
28163,23.46955782596377,0.6156325543916197,560,681,1241,0.0,0.0008333472224535399,0.6166800966962103,-8.058017727639034e-05
28164,23.470391173186222,0.6148267526188558,560,681,1241,-0.0008058017727639033,0.0008333472224535399,0.6165189363416574,-0.00016116035455278067
28165,23.471224520408676,0.6148267526188558,560,681,1241,0.0,0.0008333472224535399,0.6161966156325519,-0.00032232070910556134
28166,23.47205786763113,0.6164383561643836,560,681,1241,0.0016116035455278066,0.0008333472224535399,0.6160354552779992,-0.00016116035455278067
28167,23.472891214853583,0.6172441579371475,560,681,1241,0.0008058017727639033,0.0008333472224535399,0.6159548751007227,-8.058017727639034e-05
28168,23.473724562076036,0.6172441579371475,560,681,1241,0.0,0.0008333472224535399,0.6160354552779991,8.058017727639034e-05
28169,23.47455790929849,0.6156325543916197,560,681,1241,-0.0016116035455278066,0.0008333472224535399,0.6159548751007227,-8.058017727639034e-05
28170,23.475391256520943,0.6148267526188558,560,681,1241,-0.0008058017727639033,0.0008333472224535399,0.6158742949234463,-8.058017727639034e-05
28171,23.476224603743397,0.6148267526188558,560,681,1241,0.0,0.0008333472224535399,0.6157131345688935,-0.00016116035455278067
28172,23.47705795096585,0.6140209508460919,560,681,1241,-0.0008058017727639033,0.0008333472224535399,0.6155519742143407,-0.00016116035455278067
28173,23.477891298188304,0.6124093473005641,560,681,1241,-0.0016116035455278066,0.0008333472224535399,0.6152296535052352,-0.00032232070910556134
28174,23.478724645410757,0.6124093473005641,560,681,1241,0.0,0.0008333472224535399,0.6149879129734059,-0.00024174053182917098
28175,23.47955799263321,0.6116035455278002,560,681,1241,-0.0008058017727639033,0.0008333472224535399,0.6146655922643004,-0.00032232070910556134
28176,23.480391339855665,0.6116035455278002,560,681,1241,0.0,0.0008333472224535399,0.614182111200642,-0.00048348106365834196
28177,23.481224687078118,0.6116035455278002,560,681,1241,0.0,0.0008333472224535399,0.6136180499597074,-0.0005640612409347323
28178,23.48205803430057,0.6124093473005641,560,681,1241,0.0008058017727639033,0.0008333472224535399,0.613134568896049,-0.00048348106365834196
28179,23.482891381523025,0.6124093473005641,560,681,1241,0.0,0.0008333472224535399,0.6128122481869435,-0.00032232070910556134
28180,23.48372472874548,0.6140209508460919,560,681,1241,0.0016116035455278066,0.0008333472224535399,0.612731668009667,-8.058017727639034e-05
28181,23.484558075967932,0.6140209508460919,560,681,1241,0.0,0.0008333472224535399,0.6126510878323905,-8.058017727639034e-05
28182,23.485391423190386,0.6148267526188558,560,681,1241,0.0008058017727639033,0.0008333472224535399,0.612731668009667,8.058017727639034e-05
28183,23.486224770412843,0.6148267526188558,560,681,1241,0.0,0.0008333472224570926,0.6129734085414962,0.00024174053182917098
28184,23.487058117635296,0.6164383561643836,560,681,1241,0.0016116035455278066,0.0008333472224535399,0.6133763094278782,0.00040290088638195165
28185,23.48789146485775,0.6156325543916197,560,681,1241,-0.0008058017727639033,0.0008333472224535399,0.6137792103142601,0.00040290088638195165
28186,23.488724812080203,0.6140209508460919,560,681,1241,-0.0016116035455278066,0.0008333472224535399,0.6140209508460892,0.00024174053182917098
28187,23.489558159302657,0.613215149073328,560,681,1241,-0.0008058017727639033,0.0008333472224535399,0.614182111200642,0.00016116035455278067
28188,23.49039150652511,0.6124093473005641,560,681,1241,-0.0008058017727639033,0.0008333472224535399,0.614182111200642,0.0
28189,23.491224853747564,0.6140209508460919,560,681,1241,0.0016116035455278066,0.0008333472224535399,0.6143432715551949,0.00016116035455278067
28190,23.492058200970018,0.6140209508460919,560,681,1241,0.0,0.0008333472224535399,0.6143432715551949,0.0
28191,23.49289154819247,0.6140209508460919,560,681,1241,0.0,0.0008333472224535399,0.6143432715551949,0.0
28192,23.493724895414925,0.613215149073328,560,681,1241,-0.0008058017727639033,0.0008333472224535399,0.614182111200642,-0.00016116035455278067
28193,23.49455824263738,0.613215149073328,560,681,1241,0.0,0.0008333472224535399,0.6140209508460892,-0.00016116035455278067
28194,23.495391589859832,0.613215149073328,560,681,1241,0.0,0.0008333472224535399,0.6136986301369837,-0.00032232070910556134
28195,23.496224937082285,0.6140209508460919,560,681,1241,0.0008058017727639033,0.0008333472224535399,0.613537469782431,-0.00016116035455278067
28196,23.49705828430474,0.6140209508460919,560,681,1241,0.0,0.0008333472224535399,0.613537469782431,0.0
28197,23.497891631527192,0.613215149073328,560,681,1241,-0.0008058017727639033,0.0008333472224535399,0.613537469782431,0.0
28198,23.498724978749646,0.6124093473005641,560,681,1241,-0.0008058017727639033,0.0008333472224535399,0.613537469782431,0.0
28199,23.4995583259721,0.6124093473005641,560,681,1241,0.0,0.0008333472224535399,0.6133763094278781,-0.00016116035455278067
28200,23.500391673194553,0.6124093473005641,560,681,1241,0.0,0.0008333472224535399,0.6132151490733253,-0.00016116035455278067
28201,23.501225020417007,0.6116035455278002,560,681,1241,-0.0008058017727639033,0.0008333472224535399,0.6129734085414962,-0.00024174053182917098
28202,23.50205836763946,0.6124093473005641,560,681,1241,0.0008058017727639033,0.0008333472224535399,0.6128928283642198,-8.058017727639034e-05
28203,23.502891714861914,0.6124093473005641,560,681,1241,0.0,0.0008333472224535399,0.6128122481869434,-8.058017727639034e-05
28204,23.50372506208437,0.6091861402095085,560,681,1241,-0.003223207091055613,0.0008333472224570926,0.6124093473005614,-0.00040290088638195165
28205,23.504558409306824,0.6091861402095085,560,681,1241,0.0,0.0008333472224535399,0.611925866236903,-0.00048348106365834196
28206,23.505391756529278,0.6091861402095085,560,681,1241,0.0,0.0008333472224535399,0.6114423851732447,-0.00048348106365834196
28207,23.50622510375173,0.6091861402095085,560,681,1241,0.0,0.0008333472224535399,0.6110394842868627,-0.00040290088638195165
28208,23.507058450974185,0.6091861402095085,560,681,1241,0.0,0.0008333472224535399,0.6107171635777571,-0.00032232070910556134
28209,23.50789179819664,0.6099919419822724,560,681,1241,0.0008058017727639033,0.0008333472224535399,0.610475423045928,-0.00024174053182917098
28210,23.508725145419092,0.6107977437550363,560,681,1241,0.0008058017727639033,0.0008333472224535399,0.6103142626913752,-0.00016116035455278067
28211,23.509558492641546,0.6124093473005641,560,681,1241,0.0016116035455278066,0.0008333472224535399,0.6103948428686515,8.058017727639034e-05
28212,23.510391839864,0.6124093473005641,560,681,1241,0.0,0.0008333472224535399,0.6103948428686515,0.0
28213,23.511225187086453,0.6140209508460919,560,681,1241,0.0016116035455278066,0.0008333472224535399,0.6105560032232044,0.00016116035455278067
28214,23.512058534308906,0.613215149073328,560,681,1241,-0.0008058017727639033,0.0008333472224535399,0.6109589041095863,0.00040290088638195165
28215,23.51289188153136,0.6124093473005641,560,681,1241,-0.0008058017727639033,0.0008333472224535399,0.6112812248186918,0.00032232070910556134
28216,23.513725228753813,0.6140209508460919,560,681,1241,0.0016116035455278066,0.0008333472224535399,0.6117647058823502,0.00048348106365834196
28217,23.514558575976267,0.6140209508460919,560,681,1241,0.0,0.0008333472224535399,0.6122481869460086,0.00048348106365834196
28218,23.51539192319872,0.6148267526188558,560,681,1241,0.0008058017727639033,0.0008333472224535399,0.6128122481869434,0.0005640612409347323
28219,23.516225270421174,0.6156325543916197,560,681,1241,0.0008058017727639033,0.0008333472224535399,0.613376309427878,0.0005640612409347323
28220,23.517058617643627,0.6156325543916197,560,681,1241,0.0,0.0008333472224535399,0.6138597904915364,0.00048348106365834196
28221,23.51789196486608,0.6148267526188558,560,681,1241,-0.0008058017727639033,0.0008333472224535399,0.6141015310233656,0.00024174053182917098
28222,23.518725312088534,0.6148267526188558,560,681,1241,0.0,0.0008333472224535399,0.6143432715551949,0.00024174053182917098
28223,23.519558659310988,0.6164383561643836,560,681,1241,0.0016116035455278066,0.0008333472224535399,0.614585012087024,0.00024174053182917098
28224,23.52039200653344,0.6156325543916197,560,681,1241,-0.0008058017727639033,0.0008333472224535399,0.6148267526188531,0.00024174053182917098
28225,23.5212253537559,0.6156325543916197,560,681,1241,0.0,0.0008333472224570926,0.6151490733279588,0.00032232070910556134
28226,23.522058700978352,0.6156325543916197,560,681,1241,0.0,0.0008333472224535399,0.6153102336825115,0.00016116035455278067
28227,23.522892048200806,0.6140209508460919,560,681,1241,-0.0016116035455278066,0.0008333472224535399,0.6153102336825115,0.0
28228,23.52372539542326,0.6148267526188558,560,681,1241,0.0008058017727639033,0.0008333472224535399,0.6153102336825115,0.0
28229,23.524558742645713,0.6148267526188558,560,681,1241,0.0,0.0008333472224535399,0.6152296535052352,-8.058017727639034e-05
28230,23.525392089868166,0.6156325543916197,560,681,1241,0.0008058017727639033,0.0008333472224535399,0.6152296535052352,0.0
28231,23.52622543709062,0.6156325543916197,560,681,1241,0.0,0.0008333472224535399,0.6153102336825115,8.058017727639034e-05
28232,23.527058784313073,0.6156325543916197,560,681,1241,0.0,0.0008333472224535399,0.6153908138597879,8.058017727639034e-05
28233,23.527892131535527,0.6156325543916197,560,681,1241,0.0,0.0008333472224535399,0.6153102336825114,-8.058017727639034e-05
28234,23.52872547875798,0.6156325543916197,560,681,1241,0.0,0.0008333472224535399,0.6153102336825114,0.0
28235,23.529558825980434,0.6172441579371475,560,681,1241,0.0016116035455278066,0.0008333472224535399,0.6154713940370642,0.00016116035455278067
28236,23.530392173202888,0.6164383561643836,560,681,1241,-0.0008058017727639033,0.0008333472224535399,0.6155519742143406,8.058017727639034e-05
28237,23.53122552042534,0.6156325543916197,560,681,1241,-0.0008058017727639033,0.0008333472224535399,0.6157131345688934,0.00016116035455278067
28238,23.532058867647795,0.6156325543916197,560,681,1241,0.0,0.0008333472224535399,0.6157937147461697,8.058017727639034e-05
28239,23.532892214870248,0.6140209508460919,560,681,1241,-0.0016116035455278066,0.0008333472224535399,0.6157131345688933,-8.058017727639034e-05
28240,23.5337255620927,0.6140209508460919,560,681,1241,0.0,0.0008333472224535399,0.6155519742143405,-0.00016116035455278067
28241,23.534558909315155,0.6156325543916197,560,681,1241,0.0016116035455278066,0.0008333472224535399,0.6155519742143405,0.0
28242,23.53539225653761,0.6148267526188558,560,681,1241,-0.0008058017727639033,0.0008333472224535399,0.6154713940370642,-8.058017727639034e-05
28243,23.536225603760062,0.6148267526188558,560,681,1241,0.0,0.0008333472224535399,0.6153908138597879,-8.058017727639034e-05
28244,23.537058950982516,0.6140209508460919,560,681,1241,-0.0008058017727639033,0.0008333472224535399,0.6152296535052351,-0.00016116035455278067
28245,23.53789229820497,0.6140209508460919,560,681,1241,0.0,0.0008333472224535399,0.6149073327961295,-0.00032232070910556134
28246,23.538725645427427,0.6148267526188558,560,681,1241,0.0008058017727639033,0.0008333472224570926,0.6147461724415767,-0.00016116035455278067
28247,23.53955899264988,0.6140209508460919,560,681,1241,-0.0008058017727639033,0.0008333472224535399,0.614585012087024,-0.00016116035455278067
28248,23.540392339872334,0.613215149073328,560,681,1241,-0.0008058017727639033,0.0008333472224535399,0.6143432715551949,-0.00024174053182917098
28249,23.541225687094787,0.613215149073328,560,681,1241,0.0,0.0008333472224535399,0.6142626913779184,-8.058017727639034e-05
28250,23.54205903431724,0.613215149073328,560,681,1241,0.0,0.0008333472224535399,0.6141821112006421,-8.058017727639034e-05
28251,23.542892381539694,0.613215149073328,560,681,1241,0.0,0.0008333472224535399,0.613940370668813,-0.00024174053182917098
28252,23.543725728762148,0.6148267526188558,560,681,1241,0.0016116035455278066,0.0008333472224535399,0.613940370668813,0.0
28253,23.5445590759846,0.6148267526188558,560,681,1241,0.0,0.0008333472224535399,0.613940370668813,0.0
28254,23.545392423207055,0.6148267526188558,560,681,1241,0.0,0.0008333472224535399,0.6140209508460894,8.058017727639034e-05
28255,23.54622577042951,0.6156325543916197,560,681,1241,0.0008058017727639033,0.0008333472224535399,0.6141821112006423,0.00016116035455278067
28256,23.547059117651962,0.6148267526188558,560,681,1241,-0.0008058017727639033,0.0008333472224535399,0.6141821112006423,0.0
28257,23.547892464874415,0.6148267526188558,560,681,1241,0.0,0.0008333472224535399,0.6142626913779187,8.058017727639034e-05
28258,23.54872581209687,0.6140209508460919,560,681,1241,-0.0008058017727639033,0.0008333472224535399,0.614343271555195,8.058017727639034e-05
28259,23.549559159319323,0.6140209508460919,560,681,1241,0.0,0.0008333472224535399,0.6144238517324714,8.058017727639034e-05
28260,23.550392506541776,0.6156325543916197,560,681,1241,0.0016116035455278066,0.0008333472224535399,0.6146655922643005,0.00024174053182917098
28261,23.55122585376423,0.6172441579371475,560,681,1241,0.0016116035455278066,0.0008333472224535399,0.6150684931506823,0.00040290088638195165
28262,23.552059200986683,0.6172441579371475,560,681,1241,0.0,0.0008333472224535399,0.6153102336825115,0.00024174053182917098
28263,23.552892548209137,0.6172441579371475,560,681,1241,0.0,0.0008333472224535399,0.6155519742143406,0.00024174053182917098
28264,23.55372589543159,0.6188557614826753,560,681,1241,0.0016116035455278066,0.0008333472224535399,0.6159548751007226,0.00040290088638195165
28265,23.554559242654044,0.6180499597099114,560,681,1241,-0.0008058017727639033,0.0008333472224535399,0.6161966156325518,0.00024174053182917098
28266,23.555392589876497,0.6172441579371475,560,681,1241,-0.0008058017727639033,0.0008333472224535399,0.6164383561643809,0.00024174053182917098
28267,23.556225937098954,0.6172441579371475,560,681,1241,0.0,0.0008333472224570926,0.61668009669621,0.00024174053182917098
28268,23.557059284321408,0.6172441579371475,560,681,1241,0.0,0.0008333472224535399,0.6170024174053156,0.00032232070910556134
28269,23.55789263154386,0.6172441579371475,560,681,1241,0.0,0.0008333472224535399,0.6173247381144211,0.00032232070910556134
28270,23.558725978766315,0.6156325543916197,560,681,1241,-0.0016116035455278066,0.0008333472224535399,0.6173247381144211,0.0
28271,23.55955932598877,0.6140209508460919,560,681,1241,-0.0016116035455278066,0.0008333472224535399,0.6170024174053156,-0.00032232070910556134
28272,23.560392673211222,0.6140209508460919,560,681,1241,0.0,0.0008333472224535399,0.61668009669621,-0.00032232070910556134
28273,23.561226020433676,0.6140209508460919,560,681,1241,0.0,0.0008333472224535399,0.6163577759871044,-0.00032232070910556134
28274,23.56205936765613,0.6124093473005641,560,681,1241,-0.0016116035455278066,0.0008333472224535399,0.6157131345688933,-0.0006446414182111227
28275,23.562892714878583,0.6124093473005641,560,681,1241,0.0,0.0008333472224535399,0.6151490733279585,-0.0005640612409347323
28276,23.563726062101036,0.6124093473005641,560,681,1241,0.0,0.0008333472224535399,0.6146655922643002,-0.00048348106365834196
28277,23.56455940932349,0.613215149073328,560,681,1241,0.0008058017727639033,0.0008333472224535399,0.6142626913779183,-0.00040290088638195165
28278,23.565392756545943,0.613215149073328,560,681,1241,0.0,0.0008333472224535399,0.6138597904915364,-0.00040290088638195165
28279,23.566226103768397,0.613215149073328,560,681,1241,0.0,0.0008333472224535399,0.6134568896051544,-0.00040290088638195165
28280,23.56705945099085,0.613215149073328,560,681,1241,0.0,0.0008333472224535399,0.6132151490733253,-0.00024174053182917098
28281,23.567892798213304,0.613215149073328,560,681,1241,0.0,0.0008333472224535399,0.613134568896049,-8.058017727639034e-05
28282,23.568726145435758,0.613215149073328,560,681,1241,0.0,0.0008333472224535399,0.6130539887187727,-8.058017727639034e-05
28283,23.56955949265821,0.613215149073328,560,681,1241,0.0,0.0008333472224535399,0.6129734085414963,-8.058017727639034e-05
28284,23.570392839880665,0.613215149073328,560,681,1241,0.0,0.0008333472224535399,0.6130539887187727,8.058017727639034e-05
28285,23.571226187103118,0.613215149073328,560,681,1241,0.0,0.0008333472224535399,0.6131345688960492,8.058017727639034e-05
28286,23.57205953432557,0.6140209508460919,560,681,1241,0.0008058017727639033,0.0008333472224535399,0.6132957292506019,0.00016116035455278067
28287,23.572892881548025,0.6148267526188558,560,681,1241,0.0008058017727639033,0.0008333472224535399,0.6134568896051548,0.00016116035455278067
28288,23.57372622877048,0.6140209508460919,560,681,1241,-0.0008058017727639033,0.0008333472224535399,0.6135374697824311,8.058017727639034e-05
28289,23.574559575992936,0.613215149073328,560,681,1241,-0.0008058017727639033,0.0008333472224570926,0.6135374697824311,0.0
28290,23.57539292321539,0.613215149073328,560,681,1241,0.0,0.0008333472224535399,0.6135374697824311,0.0
28291,23.576226270437843,0.613215149073328,560,681,1241,0.0,0.0008333472224535399,0.6135374697824311,0.0
28292,23.577059617660296,0.613215149073328,560,681,1241,0.0,0.0008333472224535399,0.6135374697824311,0.0
28293,23.57789296488275,0.613215149073328,560,681,1241,0.0,0.0008333472224535399,0.6135374697824311,0.0
28294,23.578726312105204,0.613215149073328,560,681,1241,0.0,0.0008333472224535399,0.6135374697824311,0.0
28295,23.579559659327657,0.613215149073328,560,681,1241,0.0,0.0008333472224535399,0.6135374697824311,0.0
28296,23.58039300655011,0.6148267526188558,560,681,1241,0.0016116035455278066,0.0008333472224535399,0.6136180499597075,8.058017727639034e-05
28297,23.581226353772564,0.6156325543916197,560,681,1241,0.0008058017727639033,0.0008333472224535399,0.6136986301369839,8.058017727639034e-05
28298,23.582059700995018,0.6156325543916197,560,681,1241,0.0,0.0008333472224535399,0.6138597904915366,0.00016116035455278067
28299,23.58289304821747,0.6148267526188558,560,681,1241,-0.0008058017727639033,0.0008333472224535399,0.6140209508460894,0.00016116035455278067
28300,23.583726395439925,0.6148267526188558,560,681,1241,0.0,0.0008333472224535399,0.6141821112006423,0.00016116035455278067
28301,23.58455974266238,0.6140209508460919,560,681,1241,-0.0008058017727639033,0.0008333472224535399,0.6142626913779186,8.058017727639034e-05
28302,23.585393089884832,0.6140209508460919,560,681,1241,0.0,0.0008333472224535399,0.6143432715551949,8.058017727639034e-05
28303,23.586226437107285,0.6140209508460919,560,681,1241,0.0,0.0008333472224535399,0.6144238517324713,8.058017727639034e-05
28304,23.58705978432974,0.6148267526188558,560,681,1241,0.0008058017727639033,0.0008333472224535399,0.614585012087024,0.00016116035455278067
28305,23.587893131552192,0.6148267526188558,560,681,1241,0.0,0.0008333472224535399,0.6147461724415768,0.00016116035455278067
28306,23.588726478774646,0.6156325543916197,560,681,1241,0.0008058017727639033,0.0008333472224535399,0.6148267526188531,8.058017727639034e-05
28307,23.5895598259971,0.6156325543916197,560,681,1241,0.0,0.0008333472224535399,0.6148267526188531,0.0
28308,23.590393173219553,0.6164383561643836,560,681,1241,0.0008058017727639033,0.0008333472224535399,0.6149073327961296,8.058017727639034e-05
28309,23.591226520442007,0.6172441579371475,560,681,1241,0.0008058017727639033,0.0008333472224535399,0.6151490733279588,0.00024174053182917098
28310,23.592059867664464,0.6164383561643836,560,681,1241,-0.0008058017727639033,0.0008333472224570926,0.6153102336825115,0.00016116035455278067
28311,23.592893214886917,0.6156325543916197,560,681,1241,-0.0008058017727639033,0.0008333472224535399,0.6154713940370643,0.00016116035455278067
28312,23.59372656210937,0.6164383561643836,560,681,1241,0.0008058017727639033,0.0008333472224535399,0.6157131345688935,0.00024174053182917098
28313,23.594559909331824,0.6164383561643836,560,681,1241,0.0,0.0008333472224535399,0.6159548751007227,0.00024174053182917098
28314,23.595393256554278,0.6180499597099114,560,681,1241,0.0016116035455278066,0.0008333472224535399,0.6162771958098283,0.00032232070910556134
28315,23.59622660377673,0.6164383561643836,560,681,1241,-0.0016116035455278066,0.0008333472224535399,0.616438356164381,0.00016116035455278067
28316,23.597059950999185,0.6164383561643836,560,681,1241,0.0,0.0008333472224535399,0.6165189363416574,8.058017727639034e-05
28317,23.59789329822164,0.6172441579371475,560,681,1241,0.0008058017727639033,0.0008333472224535399,0.6166800966962103,0.00016116035455278067
28318,23.598726645444092,0.6156325543916197,560,681,1241,-0.0016116035455278066,0.0008333472224535399,0.6165995165189339,-8.058017727639034e-05
28319,23.599559992666546,0.6148267526188558,560,681,1241,-0.0008058017727639033,0.0008333472224535399,0.6163577759871047,-0.00024174053182917098
28320,23.600393339889,0.6148267526188558,560,681,1241,0.0,0.0008333472224535399,0.6161966156325519,-0.00016116035455278067
28321,23.601226687111453,0.6148267526188558,560,681,1241,0.0,0.0008333472224535399,0.6161160354552756,-8.058017727639034e-05
28322,23.602060034333906,0.6140209508460919,560,681,1241,-0.0008058017727639033,0.0008333472224535399,0.6158742949234464,-0.00024174053182917098
28323,23.60289338155636,0.6124093473005641,560,681,1241,-0.0016116035455278066,0.0008333472224535399,0.6154713940370644,-0.00040290088638195165
28324,23.603726728778813,0.6124093473005641,560,681,1241,0.0,0.0008333472224535399,0.6149073327961296,-0.0005640612409347323
28325,23.604560076001267,0.6116035455278002,560,681,1241,-0.0008058017727639033,0.0008333472224535399,0.6144238517324713,-0.00048348106365834196
28326,23.60539342322372,0.6124093473005641,560,681,1241,0.0008058017727639033,0.0008333472224535399,0.6140209508460892,-0.00040290088638195165
28327,23.606226770446174,0.613215149073328,560,681,1241,0.0008058017727639033,0.0008333472224535399,0.6136180499597074,-0.00040290088638195165
28328,23.607060117668627,0.6124093473005641,560,681,1241,-0.0008058017727639033,0.0008333472224535399,0.6132957292506018,-0.00032232070910556134
28329,23.60789346489108,0.6124093473005641,560,681,1241,0.0,0.0008333472224535399,0.6130539887187726,-0.00024174053182917098
28330,23.608726812113535,0.6124093473005641,560,681,1241,0.0,0.0008333472224535399,0.6128122481869434,-0.00024174053182917098
28331,23.60956015933599,0.6124093473005641,560,681,1241,0.0,0.0008333472224570926,0.6125705076551141,-0.00024174053182917098
28332,23.610393506558445,0.6124093473005641,560,681,1241,0.0,0.0008333472224535399,0.6124093473005614,-0.00016116035455278067
28333,23.6112268537809,0.613215149073328,560,681,1241,0.0008058017727639033,0.0008333472224535399,0.6124899274778378,8.058017727639034e-05
28334,23.612060201003352,0.613215149073328,560,681,1241,0.0,0.0008333472224535399,0.6125705076551142,8.058017727639034e-05
28335,23.612893548225806,0.6140209508460919,560,681,1241,0.0008058017727639033,0.0008333472224535399,0.6128122481869434,0.00024174053182917098
28336,23.61372689544826,0.613215149073328,560,681,1241,-0.0008058017727639033,0.0008333472224535399,0.6128928283642198,8.058017727639034e-05
28337,23.614560242670713,0.613215149073328,560,681,1241,0.0,0.0008333472224535399,0.6128928283642198,0.0
28338,23.615393589893166,0.613215149073328,560,681,1241,0.0,0.0008333472224535399,0.6129734085414962,8.058017727639034e-05
28339,23.61622693711562,0.6140209508460919,560,681,1241,0.0008058017727639033,0.0008333472224535399,0.613134568896049,0.00016116035455278067
28340,23.617060284338073,0.613215149073328,560,681,1241,-0.0008058017727639033,0.0008333472224535399,0.6132151490733254,8.058017727639034e-05
28341,23.617893631560527,0.613215149073328,560,681,1241,0.0,0.0008333472224535399,0.6132957292506018,8.058017727639034e-05
28342,23.61872697878298,0.6140209508460919,560,681,1241,0.0008058017727639033,0.0008333472224535399,0.6134568896051547,0.00016116035455278067
28343,23.619560326005434,0.613215149073328,560,681,1241,-0.0008058017727639033,0.0008333472224535399,0.6134568896051547,0.0
28344,23.620393673227888,0.6140209508460919,560,681,1241,0.0008058017727639033,0.0008333472224535399,0.613537469782431,8.058017727639034e-05
28345,23.62122702045034,0.6156325543916197,560,681,1241,0.0016116035455278066,0.0008333472224535399,0.6136986301369838,0.00016116035455278067
28346,23.622060367672795,0.6172441579371475,560,681,1241,0.0016116035455278066,0.0008333472224535399,0.6141015310233657,0.00040290088638195165
28347,23.62289371489525,0.6172441579371475,560,681,1241,0.0,0.0008333472224535399,0.6145044319097476,0.00040290088638195165
28348,23.623727062117702,0.6172441579371475,560,681,1241,0.0,0.0008333472224535399,0.6149073327961295,0.00040290088638195165
28349,23.624560409340155,0.6172441579371475,560,681,1241,0.0,0.0008333472224535399,0.6152296535052351,0.00032232070910556134
28350,23.62539375656261,0.6180499597099114,560,681,1241,0.0008058017727639033,0.0008333472224535399,0.6157131345688934,0.00048348106365834196
28351,23.626227103785062,0.6172441579371475,560,681,1241,-0.0008058017727639033,0.0008333472224535399,0.6161160354552753,0.00040290088638195165
28352,23.62706045100752,0.6164383561643836,560,681,1241,-0.0008058017727639033,0.0008333472224570926,0.6163577759871045,0.00024174053182917098
28353,23.627893798229973,0.6164383561643836,560,681,1241,0.0,0.0008333472224535399,0.61668009669621,0.00032232070910556134
28354,23.628727145452427,0.6164383561643836,560,681,1241,0.0,0.0008333472224535399,0.6169218372280393,0.00024174053182917098
28355,23.62956049267488,0.6172441579371475,560,681,1241,0.0008058017727639033,0.0008333472224535399,0.6170829975825921,0.00016116035455278067
28356,23.630393839897334,0.6172441579371475,560,681,1241,0.0,0.0008333472224535399,0.6170829975825921,0.0
28357,23.631227187119787,0.6172441579371475,560,681,1241,0.0,0.0008333472224535399,0.6170829975825921,0.0
28358,23.63206053434224,0.6180499597099114,560,681,1241,0.0008058017727639033,0.0008333472224535399,0.6171635777598685,8.058017727639034e-05
28359,23.632893881564694,0.6180499597099114,560,681,1241,0.0,0.0008333472224535399,0.6172441579371449,8.058017727639034e-05
28360,23.633727228787148,0.6180499597099114,560,681,1241,0.0,0.0008333472224535399,0.6172441579371449,0.0
28361,23.6345605760096,0.6180499597099114,560,681,1241,0.0,0.0008333472224535399,0.6173247381144213,8.058017727639034e-05
28362,23.635393923232055,0.6180499597099114,560,681,1241,0.0,0.0008333472224535399,0.6174858984689742,0.00016116035455278067
28363,23.63622727045451,0.6180499597099114,560,681,1241,0.0,0.0008333472224535399,0.617647058823527,0.00016116035455278067
28364,23.637060617676962,0.6180499597099114,560,681,1241,0.0,0.0008333472224535399,0.6178082191780797,0.00016116035455278067
28365,23.637893964899416,0.6164383561643836,560,681,1241,-0.0016116035455278066,0.0008333472224535399,0.6177276390008034,-8.058017727639034e-05
28366,23.63872731212187,0.6156325543916197,560,681,1241,-0.0008058017727639033,0.0008333472224535399,0.6175664786462506,-0.00016116035455278067
28367,23.639560659344323,0.6156325543916197,560,681,1241,0.0,0.0008333472224535399,0.6174053182916979,-0.00016116035455278067
28368,23.640394006566776,0.6164383561643836,560,681,1241,0.0008058017727639033,0.0008333472224535399,0.617244157937145,-0.00016116035455278067
28369,23.64122735378923,0.6172441579371475,560,681,1241,0.0008058017727639033,0.0008333472224535399,0.6171635777598686,-8.058017727639034e-05
28370,23.642060701011683,0.6172441579371475,560,681,1241,0.0,0.0008333472224535399,0.6170829975825922,-8.058017727639034e-05
28371,23.642894048234137,0.6188557614826753,560,681,1241,0.0016116035455278066,0.0008333472224535399,0.6171635777598685,8.058017727639034e-05
28372,23.64372739545659,0.6188557614826753,560,681,1241,0.0,0.0008333472224535399,0.6172441579371448,8.058017727639034e-05
28373,23.644560742679047,0.6196615632554392,560,681,1241,0.0008058017727639033,0.0008333472224570926,0.6174053182916976,0.00016116035455278067
28374,23.6453940899015,0.6204673650282031,560,681,1241,0.0008058017727639033,0.0008333472224535399,0.6176470588235268,0.00024174053182917098
28375,23.646227437123954,0.621273166800967,560,681,1241,0.0008058017727639033,0.0008333472224535399,0.6181305398871851,0.00048348106365834196
28376,23.647060784346408,0.6220789685737309,560,681,1241,0.0008058017727639033,0.0008333472224535399,0.6187751813053962,0.0006446414182111227
28377,23.64789413156886,0.6228847703464948,560,681,1241,0.0008058017727639033,0.0008333472224535399,0.6195004029008838,0.000725221595487513
28378,23.648727478791315,0.6228847703464948,560,681,1241,0.0,0.0008333472224535399,0.6201450443190949,0.0006446414182111227
28379,23.64956082601377,0.6236905721192587,560,681,1241,0.0008058017727639033,0.0008333472224535399,0.6207896857373061,0.0006446414182111227
28380,23.650394173236222,0.6220789685737309,560,681,1241,-0.0016116035455278066,0.0008333472224535399,0.6212731668009643,0.00048348106365834196
28381,23.651227520458676,0.6228847703464948,560,681,1241,0.0008058017727639033,0.0008333472224535399,0.6216760676873464,0.00040290088638195165
28382,23.65206086768113,0.6220789685737309,560,681,1241,-0.0008058017727639033,0.0008333472224535399,0.6219983883964519,0.00032232070910556134
28383,23.652894214903583,0.6220789685737309,560,681,1241,0.0,0.0008333472224535399,0.6222401289282811,0.00024174053182917098
28384,23.653727562126036,0.6220789685737309,560,681,1241,0.0,0.0008333472224535399,0.6224012892828339,0.00016116035455278067
28385,23.65456090934849,0.6220789685737309,560,681,1241,0.0,0.0008333472224535399,0.6224818694601102,8.058017727639034e-05
28386,23.655394256570943,0.6220789685737309,560,681,1241,0.0,0.0008333472224535399,0.6224818694601102,0.0
28387,23.656227603793397,0.6220789685737309,560,681,1241,0.0,0.0008333472224535399,0.6224012892828338,-8.058017727639034e-05
28388,23.65706095101585,0.6220789685737309,560,681,1241,0.0,0.0008333472224535399,0.6223207091055574,-8.058017727639034e-05
28389,23.657894298238304,0.6220789685737309,560,681,1241,0.0,0.0008333472224535399,0.6221595487510045,-0.00016116035455278067
28390,23.658727645460758,0.6236905721192587,560,681,1241,0.0016116035455278066,0.0008333472224535399,0.6223207091055574,0.00016116035455278067
28391,23.65956099268321,0.6236905721192587,560,681,1241,0.0,0.0008333472224535399,0.6224012892828337,8.058017727639034e-05
28392,23.660394339905665,0.6236905721192587,560,681,1241,0.0,0.0008333472224535399,0.6225624496373865,0.00016116035455278067
28393,23.661227687128118,0.6236905721192587,560,681,1241,0.0,0.0008333472224535399,0.6227236099919392,0.00016116035455278067
28394,23.662061034350575,0.6236905721192587,560,681,1241,0.0,0.0008333472224570926,0.622884770346492,0.00016116035455278067
28395,23.66289438157303,0.6236905721192587,560,681,1241,0.0,0.0008333472224535399,0.6230459307010447,0.00016116035455278067
28396,23.663727728795482,0.6236905721192587,560,681,1241,0.0,0.0008333472224535399,0.6232070910555976,0.00016116035455278067
28397,23.664561076017936,0.6244963738920226,560,681,1241,0.0008058017727639033,0.0008333472224535399,0.6234488315874268,0.00024174053182917098
28398,23.66539442324039,0.6244963738920226,560,681,1241,0.0,0.0008333472224535399,0.623690572119256,0.00024174053182917098
28399,23.666227770462843,0.6244963738920226,560,681,1241,0.0,0.0008333472224535399,0.6239323126510852,0.00024174053182917098
28400,23.667061117685297,0.6244963738920226,560,681,1241,0.0,0.0008333472224535399,0.6240128928283617,8.058017727639034e-05
28401,23.66789446490775,0.6236905721192587,560,681,1241,-0.0008058017727639033,0.0008333472224535399,0.6240128928283617,0.0
28402,23.668727812130204,0.6228847703464948,560,681,1241,-0.0008058017727639033,0.0008333472224535399,0.6239323126510853,-8.058017727639034e-05
28403,23.669561159352657,0.6236905721192587,560,681,1241,0.0008058017727639033,0.0008333472224535399,0.6239323126510853,0.0
28404,23.67039450657511,0.6220789685737309,560,681,1241,-0.0016116035455278066,0.0008333472224535399,0.6237711522965326,-0.00016116035455278067
28405,23.671227853797564,0.621273166800967,560,681,1241,-0.0008058017727639033,0.0008333472224535399,0.6235294117647034,-0.00024174053182917098
28406,23.672061201020018,0.6220789685737309,560,681,1241,0.0008058017727639033,0.0008333472224535399,0.6233682514101506,-0.00016116035455278067
28407,23.67289454824247,0.6228847703464948,560,681,1241,0.0008058017727639033,0.0008333472224535399,0.6232070910555978,-0.00016116035455278067
28408,23.673727895464925,0.6220789685737309,560,681,1241,-0.0008058017727639033,0.0008333472224535399,0.6229653505237687,-0.00024174053182917098
28409,23.67456124268738,0.6220789685737309,560,681,1241,0.0,0.0008333472224535399,0.6227236099919394,-0.00024174053182917098
28410,23.675394589909832,0.6220789685737309,560,681,1241,0.0,0.0008333472224535399,0.6224818694601102,-0.00024174053182917098
28411,23.676227937132285,0.6236905721192587,560,681,1241,0.0016116035455278066,0.0008333472224535399,0.6224818694601102,0.0
28412,23.67706128435474,0.6220789685737309,560,681,1241,-0.0016116035455278066,0.0008333472224535399,0.6224012892828338,-8.058017727639034e-05
28413,23.677894631577193,0.621273166800967,560,681,1241,-0.0008058017727639033,0.0008333472224535399,0.6221595487510047,-0.00024174053182917098
28414,23.678727978799646,0.621273166800967,560,681,1241,0.0,0.0008333472224535399,0.6220789685737282,-8.058017727639034e-05
28415,23.6795613260221,0.6220789685737309,560,681,1241,0.0008058017727639033,0.0008333472224535399,0.6221595487510047,8.058017727639034e-05
28416,23.680394673244557,0.6220789685737309,560,681,1241,0.0,0.0008333472224570926,0.6221595487510047,0.0
28417,23.68122802046701,0.621273166800967,560,681,1241,-0.0008058017727639033,0.0008333472224535399,0.6219983883964518,-0.00016116035455278067
28418,23.682061367689464,0.621273166800967,560,681,1241,0.0,0.0008333472224535399,0.6219178082191755,-8.058017727639034e-05
28419,23.682894714911917,0.6228847703464948,560,681,1241,0.0016116035455278066,0.0008333472224535399,0.6219983883964519,8.058017727639034e-05
28420,23.68372806213437,0.6236905721192587,560,681,1241,0.0008058017727639033,0.0008333472224535399,0.6221595487510048,0.00016116035455278067
28421,23.684561409356824,0.6220789685737309,560,681,1241,-0.0016116035455278066,0.0008333472224535399,0.6219983883964519,-0.00016116035455278067
28422,23.685394756579278,0.6228847703464948,560,681,1241,0.0008058017727639033,0.0008333472224535399,0.6220789685737284,8.058017727639034e-05
28423,23.68622810380173,0.6228847703464948,560,681,1241,0.0,0.0008333472224535399,0.6222401289282812,0.00016116035455278067
28424,23.687061451024185,0.6244963738920226,560,681,1241,0.0016116035455278066,0.0008333472224535399,0.6225624496373867,0.00032232070910556134
28425,23.68789479824664,0.6244963738920226,560,681,1241,0.0,0.0008333472224535399,0.622804190169216,0.00024174053182917098
28426,23.688728145469092,0.6244963738920226,560,681,1241,0.0,0.0008333472224535399,0.6230459307010452,0.00024174053182917098
28427,23.689561492691546,0.6236905721192587,560,681,1241,-0.0008058017727639033,0.0008333472224535399,0.6232876712328743,0.00024174053182917098
28428,23.690394839914,0.6236905721192587,560,681,1241,0.0,0.0008333472224535399,0.6235294117647034,0.00024174053182917098
28429,23.691228187136453,0.6228847703464948,560,681,1241,-0.0008058017727639033,0.0008333472224535399,0.6235294117647034,0.0
28430,23.692061534358906,0.6228847703464948,560,681,1241,0.0,0.0008333472224535399,0.623448831587427,-8.058017727639034e-05
28431,23.69289488158136,0.621273166800967,560,681,1241,-0.0016116035455278066,0.0008333472224535399,0.6233682514101507,-8.058017727639034e-05
28432,23.693728228803813,0.6220789685737309,560,681,1241,0.0008058017727639033,0.0008333472224535399,0.6232876712328743,-8.058017727639034e-05
28433,23.694561576026267,0.6228847703464948,560,681,1241,0.0008058017727639033,0.0008333472224535399,0.6232876712328743,0.0
28434,23.69539492324872,0.6228847703464948,560,681,1241,0.0,0.0008333472224535399,0.6231265108783215,-0.00016116035455278067
28435,23.696228270471174,0.6236905721192587,560,681,1241,0.0008058017727639033,0.0008333472224535399,0.6230459307010451,-8.058017727639034e-05
28436,23.697061617693628,0.6228847703464948,560,681,1241,-0.0008058017727639033,0.0008333472224535399,0.6228847703464923,-0.00016116035455278067
28437,23.697894964916085,0.6228847703464948,560,681,1241,0.0,0.0008333472224570926,0.622804190169216,-8.058017727639034e-05
28438,23.698728312138538,0.6236905721192587,560,681,1241,0.0008058017727639033,0.0008333472224535399,0.622804190169216,0.0
28439,23.69956165936099,0.6236905721192587,560,681,1241,0.0,0.0008333472224535399,0.6228847703464923,8.058017727639034e-05
28440,23.700395006583445,0.6236905721192587,560,681,1241,0.0,0.0008333472224535399,0.6229653505237687,8.058017727639034e-05
28441,23.7012283538059,0.6253021756647864,560,681,1241,0.0016116035455276956,0.0008333472224535399,0.6233682514101505,0.00040290088638194054
28442,23.702061701028352,0.6261079774375503,560,681,1241,0.0008058017727639033,0.0008333472224535399,0.6237711522965326,0.00040290088638194054
28443,23.702895048250806,0.6261079774375503,560,681,1241,0.0,0.0008333472224535399,0.6240934730056381,0.00032232070910555023
28444,23.70372839547326,0.6269137792103142,560,681,1241,0.0008058017727639033,0.0008333472224535399,0.62449637389202,0.00040290088638194054
28445,23.704561742695713,0.628525382755842,560,681,1241,0.0016116035455278066,0.0008333472224535399,0.6249798549556783,0.0004834810636583309
28446,23.705395089918166,0.628525382755842,560,681,1241,0.0,0.0008333472224535399,0.625543916196613,0.0005640612409347212
28447,23.70622843714062,0.6277195809830781,560,681,1241,-0.0008058017727639033,0.0008333472224535399,0.6260273972602713,0.0004834810636583309
28448,23.707061784363074,0.6277195809830781,560,681,1241,0.0,0.0008333472224535399,0.6264302981466534,0.00040290088638194054
28449,23.707895131585527,0.628525382755842,560,681,1241,0.0008058017727639033,0.0008333472224535399,0.6269137792103117,0.0004834810636583309
28450,23.70872847880798,0.6277195809830781,560,681,1241,-0.0008058017727639033,0.0008333472224535399,0.6273166800966937,0.00040290088638194054
28451,23.709561826030434,0.6301369863013698,560,681,1241,0.00241740531829171,0.0008333472224535399,0.6278001611603521,0.00048348106365834196
28452,23.710395173252888,0.6301369863013698,560,681,1241,0.0,0.0008333472224535399,0.6282030620467339,0.00040290088638195165
28453,23.71122852047534,0.6301369863013698,560,681,1241,0.0,0.0008333472224535399,0.6286059629331159,0.00040290088638195165
28454,23.712061867697795,0.6293311845286059,560,681,1241,-0.0008058017727639033,0.0008333472224535399,0.6288477034649451,0.00024174053182917098
28455,23.71289521492025,0.628525382755842,560,681,1241,-0.0008058017727639033,0.0008333472224535399,0.6288477034649451,0.0
28456,23.713728562142702,0.628525382755842,560,681,1241,0.0,0.0008333472224535399,0.6288477034649451,0.0
28457,23.714561909365155,0.6293311845286059,560,681,1241,0.0008058017727639033,0.0008333472224535399,0.6290088638194978,0.00016116035455278067
28458,23.715395256587612,0.6309427880741337,560,681,1241,0.0016116035455278066,0.0008333472224570926,0.6293311845286034,0.00032232070910556134
28459,23.716228603810066,0.6309427880741337,560,681,1241,0.0,0.0008333472224535399,0.6295729250604326,0.00024174053182917098
28460,23.71706195103252,0.6309427880741337,560,681,1241,0.0,0.0008333472224535399,0.6298952457695381,0.00032232070910556134
28461,23.717895298254973,0.6309427880741337,560,681,1241,0.0,0.0008333472224535399,0.6299758259468147,8.058017727639034e-05
28462,23.718728645477427,0.6309427880741337,560,681,1241,0.0,0.0008333472224535399,0.6300564061240911,8.058017727639034e-05
28463,23.71956199269988,0.6301369863013698,560,681,1241,-0.0008058017727639033,0.0008333472224535399,0.6300564061240911,0.0
28464,23.720395339922334,0.6309427880741337,560,681,1241,0.0008058017727639033,0.0008333472224535399,0.6302175664786438,0.00016116035455278067
28465,23.721228687144787,0.6301369863013698,560,681,1241,-0.0008058017727639033,0.0008333472224535399,0.6303787268331966,0.00016116035455278067
28466,23.72206203436724,0.6309427880741337,560,681,1241,0.0008058017727639033,0.0008333472224535399,0.6306204673650259,0.00024174053182917098
28467,23.722895381589694,0.6309427880741337,560,681,1241,0.0,0.0008333472224535399,0.6307816277195786,0.00016116035455278067
28468,23.723728728812148,0.6309427880741337,560,681,1241,0.0,0.0008333472224535399,0.6307816277195786,0.0
28469,23.7245620760346,0.6309427880741337,560,681,1241,0.0,0.0008333472224535399,0.6307816277195786,0.0
28470,23.725395423257055,0.6301369863013698,560,681,1241,-0.0008058017727639033,0.0008333472224535399,0.6307010475423022,-8.058017727639034e-05
28471,23.72622877047951,0.6309427880741337,560,681,1241,0.0008058017727639033,0.0008333472224535399,0.6307010475423022,0.0
28472,23.727062117701962,0.6317485898468976,560,681,1241,0.0008058017727639033,0.0008333472224535399,0.6307816277195786,8.058017727639034e-05
28473,23.727895464924416,0.6317485898468976,560,681,1241,0.0,0.0008333472224535399,0.6309427880741313,0.00016116035455278067
28474,23.72872881214687,0.6317485898468976,560,681,1241,0.0,0.0008333472224535399,0.6310233682514077,8.058017727639034e-05
28475,23.729562159369323,0.6333601933924254,560,681,1241,0.0016116035455278066,0.0008333472224535399,0.6313456889605132,0.00032232070910556134
28476,23.730395506591776,0.6325543916196615,560,681,1241,-0.0008058017727639033,0.0008333472224535399,0.631506849315066,0.00016116035455278067
28477,23.73122885381423,0.6309427880741337,560,681,1241,-0.0016116035455278066,0.0008333472224535399,0.631506849315066,0.0
28478,23.732062201036683,0.6301369863013698,560,681,1241,-0.0008058017727639033,0.0008333472224535399,0.6314262691377895,-8.058017727639034e-05
28479,23.73289554825914,0.6301369863013698,560,681,1241,0.0,0.0008333472224570926,0.6313456889605131,-8.058017727639034e-05
28480,23.733728895481594,0.6309427880741337,560,681,1241,0.0008058017727639033,0.0008333472224535399,0.6314262691377895,8.058017727639034e-05
28481,23.734562242704047,0.6293311845286059,560,681,1241,-0.0016116035455278066,0.0008333472224535399,0.6312651087832368,-0.00016116035455278067
28482,23.7353955899265,0.6269137792103142,560,681,1241,-0.00241740531829171,0.0008333472224535399,0.6307816277195785,-0.00048348106365834196
28483,23.736228937148955,0.6269137792103142,560,681,1241,0.0,0.0008333472224535399,0.6302981466559201,-0.00048348106365834196
28484,23.737062284371408,0.6269137792103142,560,681,1241,0.0,0.0008333472224535399,0.6298146655922617,-0.00048348106365834196
28485,23.73789563159386,0.6277195809830781,560,681,1241,0.0008058017727639033,0.0008333472224535399,0.6292506043513271,-0.0005640612409347323
28486,23.738728978816315,0.6277195809830781,560,681,1241,0.0,0.0008333472224535399,0.6287671232876687,-0.00048348106365834196
28487,23.73956232603877,0.6301369863013698,560,681,1241,0.00241740531829171,0.0008333472224535399,0.6286865431103923,-8.058017727639034e-05
28488,23.740395673261222,0.6293311845286059,560,681,1241,-0.0008058017727639033,0.0008333472224535399,0.628605962933116,-8.058017727639034e-05
28489,23.741229020483676,0.628525382755842,560,681,1241,-0.0008058017727639033,0.0008333472224535399,0.6284448025785632,-0.00016116035455278067
28490,23.74206236770613,0.6277195809830781,560,681,1241,-0.0008058017727639033,0.0008333472224535399,0.6281224818694576,-0.00032232070910556134
28491,23.742895714928583,0.6261079774375503,560,681,1241,-0.0016116035455278066,0.0008333472224535399,0.6278001611603521,-0.00032232070910556134
28492,23.743729062151036,0.6269137792103142,560,681,1241,0.0008058017727639033,0.0008333472224535399,0.6278001611603521,0.0
28493,23.74456240937349,0.6269137792103142,560,681,1241,0.0,0.0008333472224535399,0.6278001611603521,0.0
28494,23.745395756595943,0.628525382755842,560,681,1241,0.0016116035455278066,0.0008333472224535399,0.6279613215149048,0.00016116035455278067
28495,23.746229103818397,0.628525382755842,560,681,1241,0.0,0.0008333472224535399,0.6280419016921812,8.058017727639034e-05
28496,23.74706245104085,0.628525382755842,560,681,1241,0.0,0.0008333472224535399,0.6281224818694575,8.058017727639034e-05
28497,23.747895798263304,0.6293311845286059,560,681,1241,0.0008058017727639033,0.0008333472224535399,0.6280419016921812,-8.058017727639034e-05
28498,23.748729145485758,0.6277195809830781,560,681,1241,-0.0016116035455278066,0.0008333472224535399,0.6278807413376284,-0.00016116035455278067
28499,23.74956249270821,0.6269137792103142,560,681,1241,-0.0008058017727639033,0.0008333472224535399,0.6277195809830756,-0.00016116035455278067
28500,23.75039583993067,0.6269137792103142,560,681,1241,0.0,0.0008333472224570926,0.6276390008057992,-8.058017727639034e-05
28501,23.751229187153122,0.6261079774375503,560,681,1241,-0.0008058017727639033,0.0008333472224535399,0.6276390008057992,0.0
28502,23.752062534375575,0.6277195809830781,560,681,1241,0.0016116035455278066,0.0008333472224535399,0.6277195809830756,8.058017727639034e-05
28503,23.75289588159803,0.6277195809830781,560,681,1241,0.0,0.0008333472224535399,0.6278001611603521,8.058017727639034e-05
28504,23.753729228820482,0.6277195809830781,560,681,1241,0.0,0.0008333472224535399,0.6277195809830757,-8.058017727639034e-05
28505,23.754562576042936,0.628525382755842,560,681,1241,0.0008058017727639033,0.0008333472224535399,0.6277195809830757,0.0
28506,23.75539592326539,0.628525382755842,560,681,1241,0.0,0.0008333472224535399,0.6277195809830757,0.0
28507,23.756229270487843,0.628525382755842,560,681,1241,0.0,0.0008333472224535399,0.6276390008057993,-8.058017727639034e-05
28508,23.757062617710297,0.628525382755842,560,681,1241,0.0,0.0008333472224535399,0.6277195809830756,8.058017727639034e-05
28509,23.75789596493275,0.628525382755842,560,681,1241,0.0,0.0008333472224535399,0.6278807413376284,0.00016116035455278067
28510,23.758729312155204,0.6269137792103142,560,681,1241,-0.0016116035455278066,0.0008333472224535399,0.6278807413376284,0.0
28511,23.759562659377657,0.6269137792103142,560,681,1241,0.0,0.0008333472224535399,0.6279613215149047,8.058017727639034e-05
28512,23.76039600660011,0.6277195809830781,560,681,1241,0.0008058017727639033,0.0008333472224535399,0.6279613215149047,0.0
28513,23.761229353822564,0.6277195809830781,560,681,1241,0.0,0.0008333472224535399,0.6279613215149047,0.0
28514,23.762062701045018,0.6277195809830781,560,681,1241,0.0,0.0008333472224535399,0.6279613215149047,0.0
28515,23.76289604826747,0.628525382755842,560,681,1241,0.0008058017727639033,0.0008333472224535399,0.6279613215149047,0.0
28516,23.763729395489925,0.628525382755842,560,681,1241,0.0,0.0008333472224535399,0.6279613215149047,0.0
28517,23.76456274271238,0.628525382755842,560,681,1241,0.0,0.0008333472224535399,0.6279613215149047,0.0
28518,23.765396089934832,0.6277195809830781,560,681,1241,-0.0008058017727639033,0.0008333472224535399,0.6278807413376284,-8.058017727639034e-05
28519,23.766229437157286,0.6293311845286059,560,681,1241,0.0016116035455278066,0.0008333472224535399,0.6279613215149048,8.058017727639034e-05
28520,23.76706278437974,0.6301369863013698,560,681,1241,0.0008058017727639033,0.0008333472224535399,0.6282836422240103,0.00032232070910556134
28521,23.767896131602193,0.628525382755842,560,681,1241,-0.0016116035455278066,0.0008333472224535399,0.6284448025785632,0.00016116035455278067
28522,23.76872947882465,0.6277195809830781,560,681,1241,-0.0008058017727639033,0.0008333472224570926,0.6284448025785632,0.0
28523,23.769562826047103,0.6277195809830781,560,681,1241,0.0,0.0008333472224535399,0.6284448025785632,0.0
28524,23.770396173269557,0.6277195809830781,560,681,1241,0.0,0.0008333472224535399,0.6284448025785632,0.0
28525,23.77122952049201,0.6269137792103142,560,681,1241,-0.0008058017727639033,0.0008333472224535399,0.6282836422240103,-0.00016116035455278067
28526,23.772062867714464,0.6269137792103142,560,681,1241,0.0,0.0008333472224535399,0.6281224818694576,-0.00016116035455278067
28527,23.772896214936917,0.6261079774375503,560,681,1241,-0.0008058017727639033,0.0008333472224535399,0.6278807413376285,-0.00024174053182917098
28528,23.77372956215937,0.6269137792103142,560,681,1241,0.0008058017727639033,0.0008333472224535399,0.6278001611603521,-8.058017727639034e-05
28529,23.774562909381824,0.6269137792103142,560,681,1241,0.0,0.0008333472224535399,0.6275584206285229,-0.00024174053182917098
28530,23.775396256604278,0.6269137792103142,560,681,1241,0.0,0.0008333472224535399,0.6272360999194173,-0.00032232070910556134
28531,23.77622960382673,0.6269137792103142,560,681,1241,0.0,0.0008333472224535399,0.6270749395648645,-0.00016116035455278067
28532,23.777062951049185,0.6269137792103142,560,681,1241,0.0,0.0008333472224535399,0.6269943593875881,-8.058017727639034e-05
28533,23.77789629827164,0.6269137792103142,560,681,1241,0.0,0.0008333472224535399,0.6269137792103117,-8.058017727639034e-05
28534,23.778729645494092,0.6269137792103142,560,681,1241,0.0,0.0008333472224535399,0.6268331990330351,-8.058017727639034e-05
28535,23.779562992716546,0.6277195809830781,560,681,1241,0.0008058017727639033,0.0008333472224535399,0.6269137792103117,8.058017727639034e-05
28536,23.780396339939,0.6277195809830781,560,681,1241,0.0,0.0008333472224535399,0.6269943593875881,8.058017727639034e-05
28537,23.781229687161453,0.6269137792103142,560,681,1241,-0.0008058017727639033,0.0008333472224535399,0.6270749395648644,8.058017727639034e-05
28538,23.782063034383906,0.6269137792103142,560,681,1241,0.0,0.0008333472224535399,0.6270749395648644,0.0
28539,23.78289638160636,0.6244963738920226,560,681,1241,-0.002417405318291599,0.0008333472224535399,0.6268331990330352,-0.0002417405318291599
28540,23.783729728828813,0.6244963738920226,560,681,1241,0.0,0.0008333472224535399,0.6265914585012061,-0.0002417405318291599
28541,23.784563076051267,0.6253021756647864,560,681,1241,0.0008058017727637923,0.0008333472224535399,0.6264302981466534,-0.00016116035455278067
28542,23.78539642327372,0.6236905721192587,560,681,1241,-0.0016116035455276956,0.0008333472224535399,0.6261079774375478,-0.00032232070910555023
28543,23.786229770496178,0.6236905721192587,560,681,1241,0.0,0.0008333472224570926,0.6257856567284422,-0.00032232070910555023
28544,23.78706311771863,0.6236905721192587,560,681,1241,0.0,0.0008333472224535399,0.6254633360193367,-0.00032232070910555023
28545,23.787896464941085,0.6244963738920226,560,681,1241,0.0008058017727639033,0.0008333472224535399,0.6251410153102311,-0.00032232070910555023
28546,23.788729812163538,0.6236905721192587,560,681,1241,-0.0008058017727639033,0.0008333472224535399,0.6247381144238491,-0.00040290088638194054
28547,23.78956315938599,0.6236905721192587,560,681,1241,0.0,0.0008333472224535399,0.6244157937147435,-0.00032232070910555023
28548,23.790396506608445,0.6236905721192587,560,681,1241,0.0,0.0008333472224535399,0.624093473005638,-0.00032232070910555023
28549,23.7912298538309,0.6236905721192587,560,681,1241,0.0,0.0008333472224535399,0.6240128928283616,-8.058017727639034e-05
28550,23.792063201053352,0.6244963738920226,560,681,1241,0.0008058017727639033,0.0008333472224535399,0.6240128928283616,0.0
28551,23.792896548275806,0.6244963738920226,560,681,1241,0.0,0.0008333472224535399,0.6239323126510852,-8.058017727637922e-05
28552,23.79372989549826,0.6253021756647864,560,681,1241,0.0008058017727637923,0.0008333472224535399,0.624093473005638,0.00016116035455276956
28553,23.794563242720713,0.6253021756647864,560,681,1241,0.0,0.0008333472224535399,0.6242546333601908,0.00016116035455276956
28554,23.795396589943167,0.6253021756647864,560,681,1241,0.0,0.0008333472224535399,0.6244157937147435,0.00016116035455276956
28555,23.79622993716562,0.6253021756647864,560,681,1241,0.0,0.0008333472224535399,0.62449637389202,8.058017727637922e-05
28556,23.797063284388074,0.6244963738920226,560,681,1241,-0.0008058017727637923,0.0008333472224535399,0.6245769540692964,8.058017727639034e-05
28557,23.797896631610527,0.6253021756647864,560,681,1241,0.0008058017727637923,0.0008333472224535399,0.6247381144238491,0.00016116035455276956
28558,23.79872997883298,0.6261079774375503,560,681,1241,0.0008058017727639033,0.0008333472224535399,0.6249798549556783,0.0002417405318291599
28559,23.799563326055434,0.6277195809830781,560,681,1241,0.0016116035455278066,0.0008333472224535399,0.6253827558420604,0.00040290088638194054
28560,23.800396673277888,0.628525382755842,560,681,1241,0.0008058017727639033,0.0008333472224535399,0.6257856567284422,0.00040290088638194054
28561,23.80123002050034,0.628525382755842,560,681,1241,0.0,0.0008333472224535399,0.6261885576148242,0.00040290088638194054
28562,23.802063367722795,0.6269137792103142,560,681,1241,-0.0016116035455278066,0.0008333472224535399,0.6263497179693769,0.00016116035455278067
28563,23.80289671494525,0.6261079774375503,560,681,1241,-0.0008058017727639033,0.0008333472224535399,0.6264302981466534,8.058017727639034e-05
28564,23.803730062167705,0.6269137792103142,560,681,1241,0.0008058017727639033,0.0008333472224570926,0.6265914585012061,0.00016116035455278067
28565,23.80456340939016,0.6261079774375503,560,681,1241,-0.0008058017727639033,0.0008333472224535399,0.6266720386784825,8.058017727639034e-05
28566,23.805396756612613,0.6253021756647864,560,681,1241,-0.0008058017727639033,0.0008333472224535399,0.626752618855759,8.058017727637922e-05
28567,23.806230103835066,0.6253021756647864,560,681,1241,0.0,0.0008333472224535399,0.626752618855759,0.0
28568,23.80706345105752,0.6244963738920226,560,681,1241,-0.0008058017727637923,0.0008333472224535399,0.6265914585012061,-0.00016116035455276956
28569,23.807896798279973,0.6236905721192587,560,681,1241,-0.0008058017727639033,0.0008333472224535399,0.6261885576148242,-0.00040290088638194054
28570,23.808730145502427,0.6220789685737309,560,681,1241,-0.0016116035455278066,0.0008333472224535399,0.625543916196613,-0.0006446414182111115
28571,23.80956349272488,0.6236905721192587,560,681,1241,0.0016116035455278066,0.0008333472224535399,0.6250604351329547,-0.0004834810636583309
28572,23.810396839947334,0.6228847703464948,560,681,1241,-0.0008058017727639033,0.0008333472224535399,0.6246575342465728,-0.00040290088638194054
28573,23.811230187169787,0.6228847703464948,560,681,1241,0.0,0.0008333472224535399,0.6243352135374672,-0.00032232070910555023
28574,23.81206353439224,0.6220789685737309,560,681,1241,-0.0008058017727639033,0.0008333472224535399,0.6238517324738089,-0.0004834810636583309
28575,23.812896881614694,0.6228847703464948,560,681,1241,0.0008058017727639033,0.0008333472224535399,0.6235294117647033,-0.00032232070910555023
28576,23.813730228837148,0.621273166800967,560,681,1241,-0.0016116035455278066,0.0008333472224535399,0.6231265108783214,-0.00040290088638194054
28577,23.8145635760596,0.6220789685737309,560,681,1241,0.0008058017727639033,0.0008333472224535399,0.6228041901692158,-0.00032232070910555023
28578,23.815396923282055,0.6236905721192587,560,681,1241,0.0016116035455278066,0.0008333472224535399,0.6227236099919394,-8.058017727639034e-05
28579,23.81623027050451,0.6236905721192587,560,681,1241,0.0,0.0008333472224535399,0.6227236099919394,0.0
28580,23.817063617726962,0.6236905721192587,560,681,1241,0.0,0.0008333472224535399,0.6228847703464921,0.00016116035455278067
28581,23.817896964949416,0.6253021756647864,560,681,1241,0.0016116035455276956,0.0008333472224535399,0.623045930701045,0.00016116035455276956
28582,23.81873031217187,0.6244963738920226,560,681,1241,-0.0008058017727637923,0.0008333472224535399,0.6232070910555978,0.00016116035455278067
28583,23.819563659394323,0.6236905721192587,560,681,1241,-0.0008058017727639033,0.0008333472224535399,0.6232876712328741,8.058017727639034e-05
28584,23.820397006616776,0.6244963738920226,560,681,1241,0.0008058017727639033,0.0008333472224535399,0.6235294117647033,0.00024174053182917098
28585,23.821230353839233,0.6261079774375503,560,681,1241,0.0016116035455276956,0.0008333472224570926,0.6238517324738089,0.00032232070910555023
28586,23.822063701061687,0.6261079774375503,560,681,1241,0.0,0.0008333472224535399,0.6243352135374672,0.0004834810636583309
28587,23.82289704828414,0.6261079774375503,560,681,1241,0.0,0.0008333472224535399,0.6247381144238492,0.00040290088638194054
28588,23.823730395506594,0.6244963738920226,560,681,1241,-0.0016116035455276956,0.0008333472224535399,0.6248186946011256,8.058017727639034e-05
28589,23.824563742729048,0.6253021756647864,560,681,1241,0.0008058017727637923,0.0008333472224535399,0.6249798549556784,0.00016116035455276956
28590,23.8253970899515,0.6236905721192587,560,681,1241,-0.0016116035455276956,0.0008333472224535399,0.6249798549556784,0.0
28591,23.826230437173955,0.6236905721192587,560,681,1241,0.0,0.0008333472224535399,0.6248186946011256,-0.00016116035455276956
28592,23.827063784396408,0.6236905721192587,560,681,1241,0.0,0.0008333472224535399,0.6247381144238492,-8.058017727639034e-05
28593,23.82789713161886,0.6253021756647864,560,681,1241,0.0016116035455276956,0.0008333472224535399,0.624899274778402,0.00016116035455276956
28594,23.828730478841315,0.6253021756647864,560,681,1241,0.0,0.0008333472224535399,0.6249798549556783,8.058017727637922e-05
28595,23.82956382606377,0.6244963738920226,560,681,1241,-0.0008058017727637923,0.0008333472224535399,0.6248186946011256,-0.00016116035455276956
28596,23.830397173286222,0.6236905721192587,560,681,1241,-0.0008058017727639033,0.0008333472224535399,0.6245769540692964,-0.0002417405318291599
28597,23.831230520508676,0.6236905721192587,560,681,1241,0.0,0.0008333472224535399,0.6243352135374671,-0.0002417405318291599
28598,23.83206386773113,0.6228847703464948,560,681,1241,-0.0008058017727639033,0.0008333472224535399,0.6241740531829143,-0.00016116035455278067
28599,23.832897214953583,0.6228847703464948,560,681,1241,0.0,0.0008333472224535399,0.6239323126510852,-0.0002417405318291599
28600,23.833730562176036,0.6236905721192587,560,681,1241,0.0008058017727639033,0.0008333472224535399,0.6239323126510852,0.0
28601,23.83456390939849,0.6220789685737309,560,681,1241,-0.0016116035455278066,0.0008333472224535399,0.6237711522965325,-0.00016116035455278067
28602,23.835397256620944,0.621273166800967,560,681,1241,-0.0008058017727639033,0.0008333472224535399,0.6235294117647033,-0.00024174053182917098
28603,23.836230603843397,0.621273166800967,560,681,1241,0.0,0.0008333472224535399,0.6231265108783214,-0.00040290088638194054
28604,23.83706395106585,0.6220789685737309,560,681,1241,0.0008058017727639033,0.0008333472224535399,0.6228041901692158,-0.00032232070910555023
28605,23.837897298288304,0.621273166800967,560,681,1241,-0.0008058017727639033,0.0008333472224535399,0.6224818694601103,-0.00032232070910556134
28606,23.83873064551076,0.6228847703464948,560,681,1241,0.0016116035455278066,0.0008333472224570926,0.6224012892828339,-8.058017727639034e-05
28607,23.839563992733215,0.6236905721192587,560,681,1241,0.0008058017727639033,0.0008333472224535399,0.6224012892828339,0.0
28608,23.84039733995567,0.6236905721192587,560,681,1241,0.0,0.0008333472224535399,0.6224818694601103,8.058017727639034e-05
28609,23.841230687178122,0.6228847703464948,560,681,1241,-0.0008058017727639033,0.0008333472224535399,0.6224818694601103,0.0
28610,23.842064034400575,0.6220789685737309,560,681,1241,-0.0008058017727639033,0.0008333472224535399,0.6223207091055575,-0.00016116035455278067
28611,23.84289738162303,0.6196615632554392,560,681,1241,-0.00241740531829171,0.0008333472224535399,0.6220789685737284,-0.00024174053182917098
28612,23.843730728845483,0.6204673650282031,560,681,1241,0.0008058017727639033,0.0008333472224535399,0.6219983883964519,-8.058017727639034e-05
28613,23.844564076067936,0.621273166800967,560,681,1241,0.0008058017727639033,0.0008333472224535399,0.6219983883964519,0.0
28614,23.84539742329039,0.621273166800967,560,681,1241,0.0,0.0008333472224535399,0.6219178082191756,-8.058017727639034e-05
28615,23.846230770512843,0.621273166800967,560,681,1241,0.0,0.0008333472224535399,0.6219178082191756,0.0
28616,23.847064117735297,0.621273166800967,560,681,1241,0.0,0.0008333472224535399,0.6217566478646228,-0.00016116035455278067
28617,23.84789746495775,0.6204673650282031,560,681,1241,-0.0008058017727639033,0.0008333472224535399,0.6214343271555173,-0.00032232070910556134
28618,23.848730812180204,0.6196615632554392,560,681,1241,-0.0008058017727639033,0.0008333472224535399,0.6210314262691353,-0.00040290088638195165
28619,23.849564159402657,0.6196615632554392,560,681,1241,0.0,0.0008333472224535399,0.6207091055600298,-0.00032232070910556134
28620,23.85039750662511,0.6196615632554392,560,681,1241,0.0,0.0008333472224535399,0.6204673650282007,-0.00024174053182917098
28621,23.851230853847564,0.6188557614826753,560,681,1241,-0.0008058017727639033,0.0008333472224535399,0.6203867848509242,-8.058017727639034e-05
28622,23.852064201070018,0.6196615632554392,560,681,1241,0.0008058017727639033,0.0008333472224535399,0.6203062046736478,-8.058017727639034e-05
28623,23.85289754829247,0.6196615632554392,560,681,1241,0.0,0.0008333472224535399,0.6201450443190951,-0.00016116035455278067
28624,23.853730895514925,0.6204673650282031,560,681,1241,0.0008058017727639033,0.0008333472224535399,0.6200644641418187,-8.058017727639034e-05
28625,23.85456424273738,0.6204673650282031,560,681,1241,0.0,0.0008333472224535399,0.6199838839645422,-8.058017727639034e-05
28626,23.855397589959832,0.6196615632554392,560,681,1241,-0.0008058017727639033,0.0008333472224535399,0.6198227236099895,-0.00016116035455278067
28627,23.85623093718229,0.6204673650282031,560,681,1241,0.0008058017727639033,0.0008333472224570926,0.6198227236099895,0.0
28628,23.857064284404743,0.6204673650282031,560,681,1241,0.0,0.0008333472224535399,0.6199033037872658,8.058017727639034e-05
28629,23.857897631627196,0.621273166800967,560,681,1241,0.0008058017727639033,0.0008333472224535399,0.6200644641418186,0.00016116035455278067
28630,23.85873097884965,0.621273166800967,560,681,1241,0.0,0.0008333472224535399,0.6202256244963713,0.00016116035455278067
28631,23.859564326072103,0.6204673650282031,560,681,1241,-0.0008058017727639033,0.0008333472224535399,0.6203867848509241,0.00016116035455278067
28632,23.860397673294557,0.6204673650282031,560,681,1241,0.0,0.0008333472224535399,0.6204673650282004,8.058017727639034e-05
28633,23.86123102051701,0.6196615632554392,560,681,1241,-0.0008058017727639033,0.0008333472224535399,0.6204673650282004,0.0
28634,23.862064367739464,0.6196615632554392,560,681,1241,0.0,0.0008333472224535399,0.6203867848509241,-8.058017727639034e-05
28635,23.862897714961917,0.6196615632554392,560,681,1241,0.0,0.0008333472224535399,0.6203062046736478,-8.058017727639034e-05
28636,23.86373106218437,0.621273166800967,560,681,1241,0.0016116035455278066,0.0008333472224535399,0.6204673650282005,0.00016116035455278067
28637,23.864564409406825,0.6220789685737309,560,681,1241,0.0008058017727639033,0.0008333472224535399,0.6206285253827534,0.00016116035455278067
28638,23.865397756629278,0.621273166800967,560,681,1241,-0.0008058017727639033,0.0008333472224535399,0.6207091055600298,8.058017727639034e-05
28639,23.86623110385173,0.621273166800967,560,681,1241,0.0,0.0008333472224535399,0.6207091055600298,0.0
28640,23.867064451074185,0.6196615632554392,560,681,1241,-0.0016116035455278066,0.0008333472224535399,0.620547945205477,-0.00016116035455278067
28641,23.86789779829664,0.6196615632554392,560,681,1241,0.0,0.0008333472224535399,0.6204673650282007,-8.058017727639034e-05
28642,23.868731145519092,0.6204673650282031,560,681,1241,0.0008058017727639033,0.0008333472224535399,0.6204673650282007,0.0
28643,23.869564492741546,0.621273166800967,560,681,1241,0.0008058017727639033,0.0008333472224535399,0.6206285253827535,0.00016116035455278067
28644,23.870397839964,0.6204673650282031,560,681,1241,-0.0008058017727639033,0.0008333472224535399,0.6207091055600298,8.058017727639034e-05
28645,23.871231187186453,0.6196615632554392,560,681,1241,-0.0008058017727639033,0.0008333472224535399,0.6207091055600298,0.0
28646,23.872064534408906,0.6196615632554392,560,681,1241,0.0,0.0008333472224535399,0.620547945205477,-0.00016116035455278067
28647,23.87289788163136,0.6180499597099114,560,681,1241,-0.0016116035455278066,0.0008333472224535399,0.6201450443190951,-0.00040290088638195165
28648,23.873731228853813,0.6180499597099114,560,681,1241,0.0,0.0008333472224535399,0.6198227236099896,-0.00032232070910556134
28649,23.87456457607627,0.6188557614826753,560,681,1241,0.0008058017727639033,0.0008333472224570926,0.6195809830781603,-0.00024174053182917098
28650,23.875397923298724,0.6188557614826753,560,681,1241,0.0,0.0008333472224535399,0.6195004029008839,-8.058017727639034e-05
28651,23.876231270521178,0.6180499597099114,560,681,1241,-0.0008058017727639033,0.0008333472224535399,0.6193392425463311,-0.00016116035455278067
28652,23.87706461774363,0.6188557614826753,560,681,1241,0.0008058017727639033,0.0008333472224535399,0.6191780821917783,-0.00016116035455278067
28653,23.877897964966085,0.6188557614826753,560,681,1241,0.0,0.0008333472224535399,0.6189363416599492,-0.00024174053182917098
28654,23.87873131218854,0.6188557614826753,560,681,1241,0.0,0.0008333472224535399,0.6187751813053963,-0.00016116035455278067
28655,23.879564659410992,0.6188557614826753,560,681,1241,0.0,0.0008333472224535399,0.6186946011281199,-8.058017727639034e-05
28656,23.880398006633445,0.6188557614826753,560,681,1241,0.0,0.0008333472224535399,0.6186140209508435,-8.058017727639034e-05
28657,23.8812313538559,0.6196615632554392,560,681,1241,0.0008058017727639033,0.0008333472224535399,0.6187751813053962,0.00016116035455278067
28658,23.882064701078352,0.6196615632554392,560,681,1241,0.0,0.0008333472224535399,0.618936341659949,0.00016116035455278067
28659,23.882898048300806,0.6196615632554392,560,681,1241,0.0,0.0008333472224535399,0.6190169218372255,8.058017727639034e-05
28660,23.88373139552326,0.6188557614826753,560,681,1241,-0.0008058017727639033,0.0008333472224535399,0.6190169218372255,0.0
28661,23.884564742745713,0.6204673650282031,560,681,1241,0.0016116035455278066,0.0008333472224535399,0.6192586623690546,0.00024174053182917098
28662,23.885398089968167,0.6204673650282031,560,681,1241,0.0,0.0008333472224535399,0.6194198227236074,0.00016116035455278067
28663,23.88623143719062,0.6204673650282031,560,681,1241,0.0,0.0008333472224535399,0.6195809830781601,0.00016116035455278067
28664,23.887064784413074,0.6220789685737309,560,681,1241,0.0016116035455278066,0.0008333472224535399,0.6199033037872657,0.00032232070910556134
28665,23.887898131635527,0.6236905721192587,560,681,1241,0.0016116035455278066,0.0008333472224535399,0.620386784850924,0.00048348106365834196
28666,23.88873147885798,0.6228847703464948,560,681,1241,-0.0008058017727639033,0.0008333472224535399,0.6207896857373061,0.00040290088638195165
28667,23.889564826080434,0.6228847703464948,560,681,1241,0.0,0.0008333472224535399,0.6211120064464116,0.00032232070910556134
28668,23.890398173302888,0.6236905721192587,560,681,1241,0.0008058017727639033,0.0008333472224535399,0.6215149073327935,0.00040290088638195165
28669,23.89123152052534,0.6244963738920226,560,681,1241,0.0008058017727639033,0.0008333472224535399,0.6219983883964518,0.00048348106365834196
28670,23.8920648677478,0.6244963738920226,560,681,1241,0.0,0.0008333472224570926,0.6225624496373866,0.0005640612409347323
28671,23.892898214970252,0.6269137792103142,560,681,1241,0.002417405318291599,0.0008333472224535399,0.6232070910555978,0.0006446414182111115
28672,23.893731562192706,0.628525382755842,560,681,1241,0.0016116035455278066,0.0008333472224535399,0.6240128928283617,0.0008058017727638922
28673,23.89456490941516,0.6277195809830781,560,681,1241,-0.0008058017727639033,0.0008333472224535399,0.6247381144238492,0.0007252215954875018
28674,23.895398256637613,0.6277195809830781,560,681,1241,0.0,0.0008333472224535399,0.625302175664784,0.0005640612409347212
28675,23.896231603860066,0.6253021756647864,560,681,1241,-0.00241740531829171,0.0008333472224535399,0.6254633360193368,0.00016116035455276956
28676,23.89706495108252,0.6253021756647864,560,681,1241,0.0,0.0008333472224535399,0.6257050765511659,0.0002417405318291599
28677,23.897898298304973,0.6253021756647864,560,681,1241,0.0,0.0008333472224535399,0.625946817082995,0.0002417405318291599
28678,23.898731645527427,0.6269137792103142,560,681,1241,0.0016116035455278066,0.0008333472224535399,0.6262691377921006,0.00032232070910555023
28679,23.89956499274988,0.6269137792103142,560,681,1241,0.0,0.0008333472224535399,0.6265108783239297,0.0002417405318291599
28680,23.900398339972334,0.6277195809830781,560,681,1241,0.0008058017727639033,0.0008333472224535399,0.6268331990330352,0.00032232070910555023
28681,23.901231687194787,0.628525382755842,560,681,1241,0.0008058017727639033,0.0008333472224535399,0.6269943593875881,0.00016116035455278067
28682,23.90206503441724,0.628525382755842,560,681,1241,0.0,0.0008333472224535399,0.6269943593875881,0.0
28683,23.902898381639694,0.628525382755842,560,681,1241,0.0,0.0008333472224535399,0.6270749395648644,8.058017727639034e-05
28684,23.903731728862148,0.628525382755842,560,681,1241,0.0,0.0008333472224535399,0.6271555197421408,8.058017727639034e-05
28685,23.9045650760846,0.6293311845286059,560,681,1241,0.0008058017727639033,0.0008333472224535399,0.6275584206285227,0.00040290088638195165
28686,23.905398423307055,0.6277195809830781,560,681,1241,-0.0016116035455278066,0.0008333472224535399,0.627800161160352,0.00024174053182917098
28687,23.90623177052951,0.6261079774375503,560,681,1241,-0.0016116035455278066,0.0008333472224535399,0.6278807413376284,8.058017727639034e-05
28688,23.907065117751962,0.6253021756647864,560,681,1241,-0.0008058017727639033,0.0008333472224535399,0.6277195809830756,-0.00016116035455278067
28689,23.907898464974416,0.6244963738920226,560,681,1241,-0.0008058017727637923,0.0008333472224535399,0.6274778404512464,-0.0002417405318291599
28690,23.90873181219687,0.6244963738920226,560,681,1241,0.0,0.0008333472224535399,0.6271555197421409,-0.00032232070910555023
28691,23.909565159419326,0.6236905721192587,560,681,1241,-0.0008058017727639033,0.0008333472224570926,0.6266720386784825,-0.0004834810636583309
28692,23.91039850664178,0.6236905721192587,560,681,1241,0.0,0.0008333472224535399,0.6261885576148243,-0.0004834810636583309
28693,23.911231853864233,0.6236905721192587,560,681,1241,0.0,0.0008333472224535399,0.6257050765511659,-0.0004834810636583309
28694,23.912065201086687,0.6236905721192587,560,681,1241,0.0,0.0008333472224535399,0.6252215954875076,-0.0004834810636583309
28695,23.91289854830914,0.6228847703464948,560,681,1241,-0.0008058017727639033,0.0008333472224535399,0.6245769540692965,-0.0006446414182111115
28696,23.913731895531594,0.6228847703464948,560,681,1241,0.0,0.0008333472224535399,0.6240934730056381,-0.0004834810636583309
28697,23.914565242754048,0.6236905721192587,560,681,1241,0.0008058017727639033,0.0008333472224535399,0.6238517324738089,-0.0002417405318291599
28698,23.9153985899765,0.6261079774375503,560,681,1241,0.002417405318291599,0.0008333472224535399,0.6239323126510853,8.058017727639034e-05
28699,23.916231937198955,0.6253021756647864,560,681,1241,-0.0008058017727639033,0.0008333472224535399,0.6240128928283617,8.058017727637922e-05
28700,23.917065284421408,0.6244963738920226,560,681,1241,-0.0008058017727637923,0.0008333472224535399,0.6240128928283617,0.0
28701,23.91789863164386,0.6244963738920226,560,681,1241,0.0,0.0008333472224535399,0.6240934730056381,8.058017727639034e-05
28702,23.918731978866315,0.6244963738920226,560,681,1241,0.0,0.0008333472224535399,0.6241740531829145,8.058017727639034e-05
28703,23.91956532608877,0.6253021756647864,560,681,1241,0.0008058017727637923,0.0008333472224535399,0.6243352135374673,0.00016116035455276956
28704,23.920398673311222,0.6253021756647864,560,681,1241,0.0,0.0008333472224535399,0.6244963738920201,0.00016116035455276956
28705,23.921232020533676,0.6244963738920226,560,681,1241,-0.0008058017727637923,0.0008333472224535399,0.6246575342465729,0.00016116035455278067
28706,23.92206536775613,0.6244963738920226,560,681,1241,0.0,0.0008333472224535399,0.6248186946011256,0.00016116035455278067
28707,23.922898714978583,0.6244963738920226,560,681,1241,0.0,0.0008333472224535399,0.6248992747784021,8.058017727639034e-05
28708,23.923732062201037,0.6228847703464948,560,681,1241,-0.0016116035455278066,0.0008333472224535399,0.6245769540692965,-0.00032232070910555023
28709,23.92456540942349,0.6220789685737309,560,681,1241,-0.0008058017727639033,0.0008333472224535399,0.6242546333601909,-0.00032232070910555023
28710,23.925398756645944,0.6220789685737309,560,681,1241,0.0,0.0008333472224535399,0.6240128928283617,-0.00024174053182917098
28711,23.926232103868397,0.621273166800967,560,681,1241,-0.0008058017727639033,0.0008333472224535399,0.6236905721192562,-0.00032232070910556134
28712,23.927065451090854,0.6236905721192587,560,681,1241,0.00241740531829171,0.0008333472224570926,0.6236099919419797,-8.058017727639034e-05
28713,23.927898798313308,0.6236905721192587,560,681,1241,0.0,0.0008333472224535399,0.6234488315874269,-0.00016116035455276956
28714,23.92873214553576,0.6236905721192587,560,681,1241,0.0,0.0008333472224535399,0.6232876712328742,-0.00016116035455276956
28715,23.929565492758215,0.6253021756647864,560,681,1241,0.0016116035455276956,0.0008333472224535399,0.6233682514101505,8.058017727637922e-05
28716,23.93039883998067,0.6261079774375503,560,681,1241,0.0008058017727639033,0.0008333472224535399,0.6235294117647033,0.00016116035455276956
28717,23.931232187203122,0.6269137792103142,560,681,1241,0.0008058017727639033,0.0008333472224535399,0.6237711522965325,0.0002417405318291599
28718,23.932065534425575,0.6269137792103142,560,681,1241,0.0,0.0008333472224535399,0.6241740531829143,0.00040290088638194054
28719,23.93289888164803,0.6277195809830781,560,681,1241,0.0008058017727639033,0.0008333472224535399,0.6247381144238491,0.0005640612409347212
28720,23.933732228870483,0.6277195809830781,560,681,1241,0.0,0.0008333472224535399,0.6253021756647839,0.0005640612409347212
28721,23.934565576092936,0.6277195809830781,560,681,1241,0.0,0.0008333472224535399,0.625946817082995,0.0006446414182111115
28722,23.93539892331539,0.6261079774375503,560,681,1241,-0.0016116035455278066,0.0008333472224535399,0.6261885576148243,0.0002417405318291599
28723,23.936232270537843,0.6261079774375503,560,681,1241,0.0,0.0008333472224535399,0.6264302981466534,0.0002417405318291599
28724,23.937065617760297,0.6269137792103142,560,681,1241,0.0008058017727639033,0.0008333472224535399,0.6267526188557591,0.00032232070910555023
28725,23.93789896498275,0.6269137792103142,560,681,1241,0.0,0.0008333472224535399,0.6269137792103118,0.00016116035455278067
28726,23.938732312205204,0.6277195809830781,560,681,1241,0.0008058017727639033,0.0008333472224535399,0.6270749395648646,0.00016116035455278067
28727,23.939565659427657,0.6277195809830781,560,681,1241,0.0,0.0008333472224535399,0.627155519742141,8.058017727639034e-05
28728,23.94039900665011,0.6269137792103142,560,681,1241,-0.0008058017727639033,0.0008333472224535399,0.627155519742141,0.0
28729,23.941232353872564,0.6261079774375503,560,681,1241,-0.0008058017727639033,0.0008333472224535399,0.6269943593875882,-0.00016116035455278067
28730,23.942065701095018,0.6253021756647864,560,681,1241,-0.0008058017727639033,0.0008333472224535399,0.6267526188557591,-0.00024174053182917098
28731,23.94289904831747,0.6236905721192587,560,681,1241,-0.0016116035455276956,0.0008333472224535399,0.626349717969377,-0.00040290088638194054
28732,23.943732395539925,0.6220789685737309,560,681,1241,-0.0016116035455278066,0.0008333472224535399,0.625946817082995,-0.00040290088638194054
28733,23.944565742762382,0.621273166800967,560,681,1241,-0.0008058017727639033,0.0008333472224570926,0.6254633360193367,-0.0004834810636583309
28734,23.945399089984836,0.621273166800967,560,681,1241,0.0,0.0008333472224535399,0.624899274778402,-0.0005640612409347212
28735,23.94623243720729,0.621273166800967,560,681,1241,0.0,0.0008333472224535399,0.6243352135374673,-0.0005640612409347212
28736,23.947065784429743,0.6204673650282031,560,681,1241,-0.0008058017727639033,0.0008333472224535399,0.6236099919419797,-0.0007252215954875018
28737,23.947899131652196,0.621273166800967,560,681,1241,0.0008058017727639033,0.0008333472224535399,0.6229653505237687,-0.0006446414182111115
28738,23.94873247887465,0.6204673650282031,560,681,1241,-0.0008058017727639033,0.0008333472224535399,0.6223207091055575,-0.0006446414182111115
28739,23.949565826097103,0.6204673650282031,560,681,1241,0.0,0.0008333472224535399,0.6217566478646227,-0.0005640612409347212
28740,23.950399173319557,0.6196615632554392,560,681,1241,-0.0008058017727639033,0.0008333472224535399,0.621192586623688,-0.0005640612409347212
28741,23.95123252054201,0.6188557614826753,560,681,1241,-0.0008058017727639033,0.0008333472224535399,0.6207091055600297,-0.00048348106365834196
28742,23.952065867764464,0.6188557614826753,560,681,1241,0.0,0.0008333472224535399,0.6203867848509241,-0.00032232070910556134
28743,23.952899214986918,0.6204673650282031,560,681,1241,0.0016116035455278066,0.0008333472224535399,0.6203062046736477,-8.058017727639034e-05
28744,23.95373256220937,0.6196615632554392,560,681,1241,-0.0008058017727639033,0.0008333472224535399,0.6201450443190949,-0.00016116035455278067
28745,23.954565909431825,0.6188557614826753,560,681,1241,-0.0008058017727639033,0.0008333472224535399,0.6199033037872657,-0.00024174053182917098
28746,23.955399256654278,0.6188557614826753,560,681,1241,0.0,0.0008333472224535399,0.6197421434327129,-0.00016116035455278067
28747,23.95623260387673,0.6188557614826753,560,681,1241,0.0,0.0008333472224535399,0.6195004029008837,-0.00024174053182917098
28748,23.957065951099185,0.6180499597099114,560,681,1241,-0.0008058017727639033,0.0008333472224535399,0.6192586623690546,-0.00024174053182917098
28749,23.95789929832164,0.6180499597099114,560,681,1241,0.0,0.0008333472224535399,0.6190169218372255,-0.00024174053182917098
28750,23.958732645544092,0.6180499597099114,560,681,1241,0.0,0.0008333472224535399,0.6188557614826726,-0.00016116035455278067
28751,23.959565992766546,0.6180499597099114,560,681,1241,0.0,0.0008333472224535399,0.6187751813053963,-8.058017727639034e-05
28752,23.960399339989,0.6180499597099114,560,681,1241,0.0,0.0008333472224535399,0.61869460112812,-8.058017727639034e-05
28753,23.961232687211453,0.6180499597099114,560,681,1241,0.0,0.0008333472224535399,0.6184528605962909,-0.00024174053182917098
28754,23.962066034433906,0.6188557614826753,560,681,1241,0.0008058017727639033,0.0008333472224535399,0.6183722804190144,-8.058017727639034e-05
28755,23.962899381656364,0.6188557614826753,560,681,1241,0.0,0.0008333472224570926,0.6183722804190144,0.0
28756,23.963732728878817,0.6188557614826753,560,681,1241,0.0,0.0008333472224535399,0.6183722804190144,0.0
28757,23.96456607610127,0.6180499597099114,560,681,1241,-0.0008058017727639033,0.0008333472224535399,0.6182917002417381,-8.058017727639034e-05
28758,23.965399423323724,0.6180499597099114,560,681,1241,0.0,0.0008333472224535399,0.6182917002417381,0.0
28759,23.966232770546178,0.6188557614826753,560,681,1241,0.0008058017727639033,0.0008333472224535399,0.6183722804190144,8.058017727639034e-05
28760,23.96706611776863,0.6188557614826753,560,681,1241,0.0,0.0008333472224535399,0.6184528605962908,8.058017727639034e-05
28761,23.967899464991085,0.6180499597099114,560,681,1241,-0.0008058017727639033,0.0008333472224535399,0.6184528605962908,0.0
28762,23.96873281221354,0.6196615632554392,560,681,1241,0.0016116035455278066,0.0008333472224535399,0.6186140209508435,0.00016116035455278067
28763,23.969566159435992,0.6180499597099114,560,681,1241,-0.0016116035455278066,0.0008333472224535399,0.6186140209508435,0.0
28764,23.970399506658445,0.6180499597099114,560,681,1241,0.0,0.0008333472224535399,0.6185334407735672,-8.058017727639034e-05
28765,23.9712328538809,0.6164383561643836,560,681,1241,-0.0016116035455278066,0.0008333472224535399,0.6182917002417381,-0.00024174053182917098
28766,23.972066201103353,0.6164383561643836,560,681,1241,0.0,0.0008333472224535399,0.618049959709909,-0.00024174053182917098
28767,23.972899548325806,0.6156325543916197,560,681,1241,-0.0008058017727639033,0.0008333472224535399,0.6178082191780797,-0.00024174053182917098
28768,23.97373289554826,0.6164383561643836,560,681,1241,0.0008058017727639033,0.0008333472224535399,0.617647058823527,-0.00016116035455278067
28769,23.974566242770713,0.6148267526188558,560,681,1241,-0.0016116035455278066,0.0008333472224535399,0.617244157937145,-0.00040290088638195165
28770,23.975399589993167,0.6148267526188558,560,681,1241,0.0,0.0008333472224535399,0.6168412570507631,-0.00040290088638195165
28771,23.97623293721562,0.6156325543916197,560,681,1241,0.0008058017727639033,0.0008333472224535399,0.616599516518934,-0.00024174053182917098
28772,23.977066284438074,0.6148267526188558,560,681,1241,-0.0008058017727639033,0.0008333472224535399,0.6161160354552756,-0.00048348106365834196
28773,23.977899631660527,0.6156325543916197,560,681,1241,0.0008058017727639033,0.0008333472224535399,0.6158742949234464,-0.00024174053182917098
28774,23.97873297888298,0.6156325543916197,560,681,1241,0.0,0.0008333472224535399,0.6156325543916171,-0.00024174053182917098
28775,23.979566326105434,0.6148267526188558,560,681,1241,-0.0008058017727639033,0.0008333472224535399,0.6154713940370644,-0.00016116035455278067
28776,23.98039967332789,0.6156325543916197,560,681,1241,0.0008058017727639033,0.0008333472224570926,0.6153908138597879,-8.058017727639034e-05
28777,23.981233020550345,0.6148267526188558,560,681,1241,-0.0008058017727639033,0.0008333472224535399,0.6153102336825116,-8.058017727639034e-05
28778,23.9820663677728,0.6140209508460919,560,681,1241,-0.0008058017727639033,0.0008333472224535399,0.6150684931506823,-0.00024174053182917098
28779,23.982899714995252,0.6156325543916197,560,681,1241,0.0016116035455278066,0.0008333472224535399,0.6151490733279588,8.058017727639034e-05
28780,23.983733062217706,0.6156325543916197,560,681,1241,0.0,0.0008333472224535399,0.6152296535052351,8.058017727639034e-05
28781,23.98456640944016,0.6148267526188558,560,681,1241,-0.0008058017727639033,0.0008333472224535399,0.6151490733279588,-8.058017727639034e-05
28782,23.985399756662613,0.6156325543916197,560,681,1241,0.0008058017727639033,0.0008333472224535399,0.6152296535052351,8.058017727639034e-05
28783,23.986233103885066,0.6148267526188558,560,681,1241,-0.0008058017727639033,0.0008333472224535399,0.6151490733279588,-8.058017727639034e-05
28784,23.98706645110752,0.6156325543916197,560,681,1241,0.0008058017727639033,0.0008333472224535399,0.6151490733279588,0.0
28785,23.987899798329973,0.6156325543916197,560,681,1241,0.0,0.0008333472224535399,0.6152296535052351,8.058017727639034e-05
28786,23.988733145552427,0.6164383561643836,560,681,1241,0.0008058017727639033,0.0008333472224535399,0.6153102336825115,8.058017727639034e-05
28787,23.98956649277488,0.6164383561643836,560,681,1241,0.0,0.0008333472224535399,0.6154713940370643,0.00016116035455278067
28788,23.990399839997334,0.6164383561643836,560,681,1241,0.0,0.0008333472224535399,0.6157131345688935,0.00024174053182917098
28789,23.991233187219787,0.6148267526188558,560,681,1241,-0.0016116035455278066,0.0008333472224535399,0.6156325543916171,-8.058017727639034e-05
28790,23.99206653444224,0.6164383561643836,560,681,1241,0.0016116035455278066,0.0008333472224535399,0.6157131345688935,8.058017727639034e-05
28791,23.992899881664695,0.6172441579371475,560,681,1241,0.0008058017727639033,0.0008333472224535399,0.6159548751007227,0.00024174053182917098
28792,23.993733228887148,0.6180499597099114,560,681,1241,0.0008058017727639033,0.0008333472224535399,0.6161966156325519,0.00024174053182917098
28793,23.9945665761096,0.6172441579371475,560,681,1241,-0.0008058017727639033,0.0008333472224535399,0.616438356164381,0.00024174053182917098
28794,23.995399923332055,0.6172441579371475,560,681,1241,0.0,0.0008333472224535399,0.6165995165189339,0.00016116035455278067
28795,23.99623327055451,0.6156325543916197,560,681,1241,-0.0016116035455278066,0.0008333472224535399,0.6165995165189339,0.0
28796,23.997066617776962,0.6156325543916197,560,681,1241,0.0,0.0008333472224535399,0.6165189363416574,-8.058017727639034e-05
28797,23.99789996499942,0.6172441579371475,560,681,1241,0.0016116035455278066,0.0008333472224570926,0.6165995165189337,8.058017727639034e-05
28798,23.998733312221873,0.6172441579371475,560,681,1241,0.0,0.0008333472224535399,0.61668009669621,8.058017727639034e-05
28799,23.999566659444326,0.6196615632554392,560,681,1241,0.00241740531829171,0.0008333472224535399,0.6171635777598684,0.00048348106365834196
28800,24.00040000666678,0.6196615632554392,560,681,1241,0.0,0.0008333472224535399,0.617485898468974,0.00032232070910556134
28801,24.001233353889234,0.6188557614826753,560,681,1241,-0.0008058017727639033,0.0008333472224535399,0.6176470588235268,0.00016116035455278067
28802,24.002066701111687,0.6204673650282031,560,681,1241,0.0016116035455278066,0.0008333472224535399,0.6178887993553559,0.00024174053182917098
28803,24.00290004833414,0.6220789685737309,560,681,1241,0.0016116035455278066,0.0008333472224535399,0.6183722804190143,0.00048348106365834196
28804,24.003733395556594,0.6228847703464948,560,681,1241,0.0008058017727639033,0.0008333472224535399,0.618936341659949,0.0005640612409347323
28805,24.004566742779048,0.6228847703464948,560,681,1241,0.0,0.0008333472224535399,0.6196615632554365,0.000725221595487513
28806,24.0054000900015,0.6220789685737309,560,681,1241,-0.0008058017727639033,0.0008333472224535399,0.6203062046736477,0.0006446414182111227
28807,24.006233437223955,0.6220789685737309,560,681,1241,0.0,0.0008333472224535399,0.6207896857373061,0.00048348106365834196
28808,24.00706678444641,0.6196615632554392,560,681,1241,-0.00241740531829171,0.0008333472224535399,0.6210314262691352,0.00024174053182917098
28809,24.007900131668862,0.6196615632554392,560,681,1241,0.0,0.0008333472224535399,0.6210314262691352,0.0
28810,24.008733478891315,0.6196615632554392,560,681,1241,0.0,0.0008333472224535399,0.6210314262691352,0.0
28811,24.00956682611377,0.6196615632554392,560,681,1241,0.0,0.0008333472224535399,0.6211120064464117,8.058017727639034e-05
28812,24.010400173336222,0.621273166800967,560,681,1241,0.0016116035455278066,0.0008333472224535399,0.6211925866236881,8.058017727639034e-05
28813,24.011233520558676,0.6220789685737309,560,681,1241,0.0008058017727639033,0.0008333472224535399,0.6211925866236881,0.0
28814,24.01206686778113,0.621273166800967,560,681,1241,-0.0008058017727639033,0.0008333472224535399,0.6210314262691353,-0.00016116035455278067
28815,24.012900215003583,0.6220789685737309,560,681,1241,0.0008058017727639033,0.0008333472224535399,0.6209508460918589,-8.058017727639034e-05
28816,24.013733562226037,0.6220789685737309,560,681,1241,0.0,0.0008333472224535399,0.6209508460918589,0.0
28817,24.01456690944849,0.6228847703464948,560,681,1241,0.0008058017727639033,0.0008333472224535399,0.6210314262691353,8.058017727639034e-05
28818,24.015400256670947,0.6228847703464948,560,681,1241,0.0,0.0008333472224570926,0.6213537469782409,0.00032232070910556134
28819,24.0162336038934,0.6228847703464948,560,681,1241,0.0,0.0008333472224535399,0.6216760676873465,0.00032232070910556134
28820,24.017066951115854,0.6244963738920226,560,681,1241,0.0016116035455278066,0.0008333472224535399,0.6221595487510048,0.00048348106365834196
28821,24.017900298338308,0.6244963738920226,560,681,1241,0.0,0.0008333472224535399,0.6226430298146631,0.00048348106365834196
28822,24.01873364556076,0.6244963738920226,560,681,1241,0.0,0.0008333472224535399,0.6229653505237687,0.00032232070910556134
28823,24.019566992783215,0.6253021756647864,560,681,1241,0.0008058017727637923,0.0008333472224535399,0.6232876712328743,0.00032232070910555023
28824,24.02040034000567,0.6244963738920226,560,681,1241,-0.0008058017727637923,0.0008333472224535399,0.6236099919419799,0.00032232070910556134
28825,24.021233687228122,0.6253021756647864,560,681,1241,0.0008058017727637923,0.0008333472224535399,0.6239323126510854,0.00032232070910555023
28826,24.022067034450576,0.6269137792103142,560,681,1241,0.0016116035455278066,0.0008333472224535399,0.6244157937147438,0.0004834810636583309
28827,24.02290038167303,0.6269137792103142,560,681,1241,0.0,0.0008333472224535399,0.6248186946011256,0.00040290088638194054
28828,24.023733728895483,0.6277195809830781,560,681,1241,0.0008058017727639033,0.0008333472224535399,0.625302175664784,0.0004834810636583309
28829,24.024567076117936,0.6269137792103142,560,681,1241,-0.0008058017727639033,0.0008333472224535399,0.6257050765511659,0.00040290088638194054
28830,24.02540042334039,0.6261079774375503,560,681,1241,-0.0008058017727639033,0.0008333472224535399,0.6258662369057186,0.00016116035455276956
28831,24.026233770562843,0.6261079774375503,560,681,1241,0.0,0.0008333472224535399,0.6260273972602715,0.00016116035455276956
28832,24.027067117785297,0.6261079774375503,560,681,1241,0.0,0.0008333472224535399,0.6261885576148243,0.00016116035455276956
28833,24.02790046500775,0.6269137792103142,560,681,1241,0.0008058017727639033,0.0008333472224535399,0.626349717969377,0.00016116035455278067
28834,24.028733812230204,0.6261079774375503,560,681,1241,-0.0008058017727639033,0.0008333472224535399,0.6265108783239298,0.00016116035455276956
28835,24.029567159452657,0.6269137792103142,560,681,1241,0.0008058017727639033,0.0008333472224535399,0.6266720386784825,0.00016116035455278067
28836,24.03040050667511,0.628525382755842,560,681,1241,0.0016116035455278066,0.0008333472224535399,0.6268331990330354,0.00016116035455278067
28837,24.031233853897565,0.6293311845286059,560,681,1241,0.0008058017727639033,0.0008333472224535399,0.6270749395648646,0.00024174053182917098
28838,24.032067201120018,0.6309427880741337,560,681,1241,0.0016116035455278066,0.0008333472224535399,0.6273972602739701,0.00032232070910556134
28839,24.032900548342475,0.6309427880741337,560,681,1241,0.0,0.0008333472224570926,0.6278001611603521,0.00040290088638195165
28840,24.03373389556493,0.6317485898468976,560,681,1241,0.0008058017727639033,0.0008333472224535399,0.6283642224012869,0.0005640612409347323
28841,24.034567242787382,0.6325543916196615,560,681,1241,0.0008058017727639033,0.0008333472224535399,0.6290088638194979,0.0006446414182111227
28842,24.035400590009836,0.6317485898468976,560,681,1241,-0.0008058017727639033,0.0008333472224535399,0.6295729250604326,0.0005640612409347323
28843,24.03623393723229,0.6325543916196615,560,681,1241,0.0008058017727639033,0.0008333472224535399,0.6301369863013674,0.0005640612409347323
28844,24.037067284454743,0.6333601933924254,560,681,1241,0.0008058017727639033,0.0008333472224535399,0.6308622078968549,0.000725221595487513
28845,24.037900631677196,0.6349717969379532,560,681,1241,0.0016116035455278066,0.0008333472224535399,0.6316680096696188,0.0008058017727639033
28846,24.03873397889965,0.636583400483481,560,681,1241,0.0016116035455278066,0.0008333472224535399,0.6324738114423827,0.0008058017727639033
28847,24.039567326122103,0.6357775987107172,560,681,1241,-0.0008058017727639033,0.0008333472224535399,0.6331184528605938,0.0006446414182111227
28848,24.040400673344557,0.6357775987107172,560,681,1241,0.0,0.0008333472224535399,0.6336019339242521,0.00048348106365834196
28849,24.04123402056701,0.636583400483481,560,681,1241,0.0008058017727639033,0.0008333472224535399,0.6341659951651868,0.0005640612409347323
28850,24.042067367789464,0.6357775987107172,560,681,1241,-0.0008058017727639033,0.0008333472224535399,0.6345688960515689,0.00040290088638195165
28851,24.042900715011918,0.6349717969379532,560,681,1241,-0.0008058017727639033,0.0008333472224535399,0.634810636583398,0.00024174053182917098
28852,24.04373406223437,0.6357775987107172,560,681,1241,0.0008058017727639033,0.0008333472224535399,0.6352135374697799,0.00040290088638195165
28853,24.044567409456825,0.6349717969379532,560,681,1241,-0.0008058017727639033,0.0008333472224535399,0.6354552780016091,0.00024174053182917098
28854,24.04540075667928,0.6341659951651893,560,681,1241,-0.0008058017727639033,0.0008333472224535399,0.6355358581788855,8.058017727639034e-05
28855,24.04623410390173,0.6341659951651893,560,681,1241,0.0,0.0008333472224535399,0.6354552780016092,-8.058017727639034e-05
28856,24.047067451124185,0.6341659951651893,560,681,1241,0.0,0.0008333472224535399,0.63521353746978,-0.00024174053182917098
28857,24.04790079834664,0.6357775987107172,560,681,1241,0.0016116035455278066,0.0008333472224535399,0.63521353746978,0.0
28858,24.048734145569092,0.6357775987107172,560,681,1241,0.0,0.0008333472224535399,0.63521353746978,0.0
28859,24.049567492791546,0.6357775987107172,560,681,1241,0.0,0.0008333472224535399,0.6351329572925037,-8.058017727639034e-05
28860,24.050400840014003,0.6357775987107172,560,681,1241,0.0,0.0008333472224570926,0.6351329572925037,0.0
28861,24.051234187236457,0.636583400483481,560,681,1241,0.0008058017727639033,0.0008333472224535399,0.6352941176470565,0.00016116035455278067
28862,24.05206753445891,0.636583400483481,560,681,1241,0.0,0.0008333472224535399,0.6353746978243329,8.058017727639034e-05
28863,24.052900881681364,0.636583400483481,560,681,1241,0.0,0.0008333472224535399,0.6355358581788856,0.00016116035455278067
28864,24.053734228903817,0.6357775987107172,560,681,1241,-0.0008058017727639033,0.0008333472224535399,0.6356970185334384,0.00016116035455278067
28865,24.05456757612627,0.6357775987107172,560,681,1241,0.0,0.0008333472224535399,0.6358581788879911,0.00016116035455278067
28866,24.055400923348724,0.6357775987107172,560,681,1241,0.0,0.0008333472224535399,0.636019339242544,0.00016116035455278067
28867,24.056234270571178,0.6357775987107172,560,681,1241,0.0,0.0008333472224535399,0.636019339242544,0.0
28868,24.05706761779363,0.6333601933924254,560,681,1241,-0.00241740531829171,0.0008333472224535399,0.6357775987107147,-0.00024174053182917098
28869,24.057900965016085,0.6325543916196615,560,681,1241,-0.0008058017727639033,0.0008333472224535399,0.6354552780016092,-0.00032232070910556134
28870,24.05873431223854,0.6317485898468976,560,681,1241,-0.0008058017727639033,0.0008333472224535399,0.6350523771152272,-0.00040290088638195165
28871,24.059567659460992,0.6317485898468976,560,681,1241,0.0,0.0008333472224535399,0.6345688960515689,-0.00048348106365834196
28872,24.060401006683446,0.6325543916196615,560,681,1241,0.0008058017727639033,0.0008333472224535399,0.6341659951651869,-0.00040290088638195165
28873,24.0612343539059,0.6325543916196615,560,681,1241,0.0,0.0008333472224535399,0.6337630942788051,-0.00040290088638195165
28874,24.062067701128353,0.6333601933924254,560,681,1241,0.0008058017727639033,0.0008333472224535399,0.6335213537469758,-0.00024174053182917098
28875,24.062901048350806,0.6317485898468976,560,681,1241,-0.0016116035455278066,0.0008333472224535399,0.6331184528605938,-0.00040290088638195165
28876,24.06373439557326,0.6325543916196615,560,681,1241,0.0008058017727639033,0.0008333472224535399,0.6327961321514882,-0.00032232070910556134
28877,24.064567742795713,0.6333601933924254,560,681,1241,0.0008058017727639033,0.0008333472224535399,0.632554391619659,-0.00024174053182917098
28878,24.065401090018167,0.6325543916196615,560,681,1241,-0.0008058017727639033,0.0008333472224535399,0.6324738114423827,-8.058017727639034e-05
28879,24.06623443724062,0.6317485898468976,560,681,1241,-0.0008058017727639033,0.0008333472224535399,0.6323932312651063,-8.058017727639034e-05
28880,24.067067784463074,0.6309427880741337,560,681,1241,-0.0008058017727639033,0.0008333472224535399,0.6323126510878299,-8.058017727639034e-05
28881,24.067901131685527,0.6309427880741337,560,681,1241,0.0,0.0008333472224535399,0.6322320709105536,-8.058017727639034e-05
28882,24.068734478907984,0.6309427880741337,560,681,1241,0.0,0.0008333472224570926,0.6320709105560007,-0.00016116035455278067
28883,24.069567826130438,0.6325543916196615,560,681,1241,0.0016116035455278066,0.0008333472224535399,0.6320709105560007,0.0
28884,24.07040117335289,0.6333601933924254,560,681,1241,0.0008058017727639033,0.0008333472224535399,0.6320709105560007,0.0
28885,24.071234520575345,0.6333601933924254,560,681,1241,0.0,0.0008333472224535399,0.6322320709105536,0.00016116035455278067
28886,24.0720678677978,0.6341659951651893,560,681,1241,0.0008058017727639033,0.0008333472224535399,0.6323932312651064,0.00016116035455278067
28887,24.072901215020252,0.6341659951651893,560,681,1241,0.0,0.0008333472224535399,0.6324738114423828,8.058017727639034e-05
28888,24.073734562242706,0.6341659951651893,560,681,1241,0.0,0.0008333472224535399,0.6326349717969355,0.00016116035455278067
28889,24.07456790946516,0.6349717969379532,560,681,1241,0.0008058017727639033,0.0008333472224535399,0.6329572925060412,0.00032232070910556134
28890,24.075401256687613,0.6341659951651893,560,681,1241,-0.0008058017727639033,0.0008333472224535399,0.6332796132151467,0.00032232070910556134
28891,24.076234603910066,0.6325543916196615,560,681,1241,-0.0016116035455278066,0.0008333472224535399,0.6334407735696994,0.00016116035455278067
28892,24.07706795113252,0.6325543916196615,560,681,1241,0.0,0.0008333472224535399,0.6336019339242522,0.00016116035455278067
28893,24.077901298354973,0.6317485898468976,560,681,1241,-0.0008058017727639033,0.0008333472224535399,0.6335213537469758,-8.058017727639034e-05
28894,24.078734645577427,0.6309427880741337,560,681,1241,-0.0008058017727639033,0.0008333472224535399,0.6332796132151467,-0.00024174053182917098
28895,24.07956799279988,0.6301369863013698,560,681,1241,-0.0008058017727639033,0.0008333472224535399,0.6329572925060412,-0.00032232070910556134
28896,24.080401340022334,0.6301369863013698,560,681,1241,0.0,0.0008333472224535399,0.6325543916196591,-0.00040290088638195165
28897,24.081234687244788,0.6325543916196615,560,681,1241,0.00241740531829171,0.0008333472224535399,0.6323932312651064,-0.00016116035455278067
28898,24.08206803446724,0.6333601933924254,560,681,1241,0.0008058017727639033,0.0008333472224535399,0.6323126510878299,-8.058017727639034e-05
28899,24.082901381689695,0.6349717969379532,560,681,1241,0.0016116035455278066,0.0008333472224535399,0.6323126510878299,0.0
28900,24.083734728912148,0.6357775987107172,560,681,1241,0.0008058017727639033,0.0008333472224535399,0.6324738114423827,0.00016116035455278067
28901,24.0845680761346,0.6357775987107172,560,681,1241,0.0,0.0008333472224535399,0.6327961321514882,0.00032232070910556134
28902,24.085401423357055,0.6349717969379532,560,681,1241,-0.0008058017727639033,0.0008333472224535399,0.6330378726833173,0.00024174053182917098
28903,24.086234770579512,0.6349717969379532,560,681,1241,0.0,0.0008333472224570926,0.6333601933924229,0.00032232070910556134
28904,24.087068117801966,0.636583400483481,560,681,1241,0.0016116035455278066,0.0008333472224535399,0.6339242546333577,0.0005640612409347323
28905,24.08790146502442,0.6357775987107172,560,681,1241,-0.0008058017727639033,0.0008333472224535399,0.6344883158742924,0.0005640612409347323
28906,24.088734812246873,0.6357775987107172,560,681,1241,0.0,0.0008333472224535399,0.6350523771152272,0.0005640612409347323
28907,24.089568159469327,0.6357775987107172,560,681,1241,0.0,0.0008333472224535399,0.6353746978243328,0.00032232070910556134
28908,24.09040150669178,0.6381950040290089,560,681,1241,0.00241740531829171,0.0008333472224535399,0.6358581788879911,0.00048348106365834196
28909,24.091234853914234,0.6381950040290089,560,681,1241,0.0,0.0008333472224535399,0.6361804995970967,0.00032232070910556134
28910,24.092068201136687,0.637389202256245,560,681,1241,-0.0008058017727639033,0.0008333472224535399,0.6363416599516494,0.00016116035455278067
28911,24.09290154835914,0.6357775987107172,560,681,1241,-0.0016116035455278066,0.0008333472224535399,0.6363416599516494,0.0
28912,24.093734895581594,0.6357775987107172,560,681,1241,0.0,0.0008333472224535399,0.6364222401289259,8.058017727639034e-05
28913,24.094568242804048,0.6349717969379532,560,681,1241,-0.0008058017727639033,0.0008333472224535399,0.6364222401289259,0.0
28914,24.0954015900265,0.6349717969379532,560,681,1241,0.0,0.0008333472224535399,0.6362610797743731,-0.00016116035455278067
28915,24.096234937248955,0.6349717969379532,560,681,1241,0.0,0.0008333472224535399,0.6361804995970967,-8.058017727639034e-05
28916,24.09706828447141,0.6349717969379532,560,681,1241,0.0,0.0008333472224535399,0.6360999194198202,-8.058017727639034e-05
28917,24.097901631693862,0.6357775987107172,560,681,1241,0.0008058017727639033,0.0008333472224535399,0.6360999194198202,0.0
28918,24.098734978916315,0.6357775987107172,560,681,1241,0.0,0.0008333472224535399,0.6358581788879911,-0.00024174053182917098
28919,24.09956832613877,0.636583400483481,560,681,1241,0.0008058017727639033,0.0008333472224535399,0.6356970185334383,-0.00016116035455278067
28920,24.100401673361223,0.636583400483481,560,681,1241,0.0,0.0008333472224535399,0.6356164383561619,-8.058017727639034e-05
28921,24.101235020583676,0.6381950040290089,560,681,1241,0.0016116035455278066,0.0008333472224535399,0.635858178887991,0.00024174053182917098
28922,24.10206836780613,0.6390008058017728,560,681,1241,0.0008058017727639033,0.0008333472224535399,0.6361804995970965,0.00032232070910556134
28923,24.102901715028583,0.6381950040290089,560,681,1241,-0.0008058017727639033,0.0008333472224535399,0.6365028203062021,0.00032232070910556134
28924,24.10373506225104,0.637389202256245,560,681,1241,-0.0008058017727639033,0.0008333472224570926,0.6367445608380313,0.00024174053182917098
28925,24.104568409473494,0.637389202256245,560,681,1241,0.0,0.0008333472224535399,0.6369863013698606,0.00024174053182917098
28926,24.105401756695947,0.6349717969379532,560,681,1241,-0.00241740531829171,0.0008333472224535399,0.6369863013698606,0.0
28927,24.1062351039184,0.6357775987107172,560,681,1241,0.0008058017727639033,0.0008333472224535399,0.6369863013698606,0.0
28928,24.107068451140854,0.6349717969379532,560,681,1241,-0.0008058017727639033,0.0008333472224535399,0.6369057211925842,-8.058017727639034e-05
28929,24.107901798363308,0.6349717969379532,560,681,1241,0.0,0.0008333472224535399,0.6367445608380313,-0.00016116035455278067
28930,24.10873514558576,0.6349717969379532,560,681,1241,0.0,0.0008333472224535399,0.6365834004834785,-0.00016116035455278067
28931,24.109568492808215,0.6333601933924254,560,681,1241,-0.0016116035455278066,0.0008333472224535399,0.6360999194198202,-0.00048348106365834196
28932,24.11040184003067,0.6341659951651893,560,681,1241,0.0008058017727639033,0.0008333472224535399,0.6356164383561619,-0.00048348106365834196
28933,24.111235187253122,0.6325543916196615,560,681,1241,-0.0016116035455278066,0.0008333472224535399,0.6350523771152272,-0.0005640612409347323
28934,24.112068534475576,0.6309427880741337,560,681,1241,-0.0016116035455278066,0.0008333472224535399,0.634407735697016,-0.0006446414182111227
28935,24.11290188169803,0.6317485898468976,560,681,1241,0.0008058017727639033,0.0008333472224535399,0.6338436744560813,-0.0005640612409347323
28936,24.113735228920483,0.6333601933924254,560,681,1241,0.0016116035455278066,0.0008333472224535399,0.6336825141015285,-0.00016116035455278067
28937,24.114568576142936,0.6317485898468976,560,681,1241,-0.0016116035455278066,0.0008333472224535399,0.6332796132151465,-0.00040290088638195165
28938,24.11540192336539,0.6309427880741337,560,681,1241,-0.0008058017727639033,0.0008333472224535399,0.6328767123287646,-0.00040290088638195165
28939,24.116235270587843,0.6301369863013698,560,681,1241,-0.0008058017727639033,0.0008333472224535399,0.6323932312651063,-0.00048348106365834196
28940,24.117068617810297,0.628525382755842,560,681,1241,-0.0016116035455278066,0.0008333472224535399,0.6317485898468951,-0.0006446414182111227
28941,24.11790196503275,0.6293311845286059,560,681,1241,0.0008058017727639033,0.0008333472224535399,0.6313456889605132,-0.00040290088638195165
28942,24.118735312255204,0.6309427880741337,560,681,1241,0.0016116035455278066,0.0008333472224535399,0.6310233682514077,-0.00032232070910556134
28943,24.119568659477657,0.6317485898468976,560,681,1241,0.0008058017727639033,0.0008333472224535399,0.6309427880741312,-8.058017727639034e-05
28944,24.12040200670011,0.6317485898468976,560,681,1241,0.0,0.0008333472224535399,0.6310233682514076,8.058017727639034e-05
28945,24.121235353922568,0.6325543916196615,560,681,1241,0.0008058017727639033,0.0008333472224570926,0.631103948428684,8.058017727639034e-05
28946,24.12206870114502,0.6341659951651893,560,681,1241,0.0016116035455278066,0.0008333472224535399,0.6311845286059604,8.058017727639034e-05
28947,24.122902048367475,0.636583400483481,560,681,1241,0.00241740531829171,0.0008333472224535399,0.6316680096696188,0.00048348106365834196
28948,24.12373539558993,0.6357775987107172,560,681,1241,-0.0008058017727639033,0.0008333472224535399,0.6321514907332771,0.00048348106365834196
28949,24.124568742812382,0.6333601933924254,560,681,1241,-0.00241740531829171,0.0008333472224535399,0.6324738114423827,0.00032232070910556134
28950,24.125402090034836,0.6325543916196615,560,681,1241,-0.0008058017727639033,0.0008333472224535399,0.6328767123287646,0.00040290088638195165
28951,24.12623543725729,0.6333601933924254,560,681,1241,0.0008058017727639033,0.0008333472224535399,0.6332796132151466,0.00040290088638195165
28952,24.127068784479743,0.6317485898468976,560,681,1241,-0.0016116035455278066,0.0008333472224535399,0.6333601933924229,8.058017727639034e-05
28953,24.127902131702196,0.6325543916196615,560,681,1241,0.0008058017727639033,0.0008333472224535399,0.6334407735696994,8.058017727639034e-05
28954,24.12873547892465,0.6325543916196615,560,681,1241,0.0,0.0008333472224535399,0.6335213537469758,8.058017727639034e-05
28955,24.129568826147104,0.6333601933924254,560,681,1241,0.0008058017727639033,0.0008333472224535399,0.6336019339242521,8.058017727639034e-05
28956,24.130402173369557,0.6333601933924254,560,681,1241,0.0,0.0008333472224535399,0.6335213537469757,-8.058017727639034e-05
28957,24.13123552059201,0.6341659951651893,560,681,1241,0.0008058017727639033,0.0008333472224535399,0.6332796132151466,-0.00024174053182917098
28958,24.132068867814464,0.6333601933924254,560,681,1241,-0.0008058017727639033,0.0008333472224535399,0.6330378726833173,-0.00024174053182917098
28959,24.132902215036918,0.6309427880741337,560,681,1241,-0.00241740531829171,0.0008333472224535399,0.6327961321514882,-0.00024174053182917098
28960,24.13373556225937,0.6309427880741337,560,681,1241,0.0,0.0008333472224535399,0.6326349717969355,-0.00016116035455278067
28961,24.134568909481825,0.6293311845286059,560,681,1241,-0.0016116035455278066,0.0008333472224535399,0.6322320709105536,-0.00040290088638195165
28962,24.13540225670428,0.6277195809830781,560,681,1241,-0.0016116035455278066,0.0008333472224535399,0.6318291700241716,-0.00040290088638195165
28963,24.136235603926732,0.6269137792103142,560,681,1241,-0.0008058017727639033,0.0008333472224535399,0.6312651087832368,-0.0005640612409347323
28964,24.137068951149185,0.6253021756647864,560,681,1241,-0.0016116035455278066,0.0008333472224535399,0.6305398871877493,-0.000725221595487513
28965,24.13790229837164,0.6253021756647864,560,681,1241,0.0,0.0008333472224535399,0.6297340854149854,-0.0008058017727639033
28966,24.138735645594096,0.6236905721192587,560,681,1241,-0.0016116035455276956,0.0008333472224570926,0.6287671232876687,-0.0009669621273166729
28967,24.13956899281655,0.6244963738920226,560,681,1241,0.0008058017727639033,0.0008333472224535399,0.6278001611603521,-0.0009669621273166729
28968,24.140402340039003,0.6244963738920226,560,681,1241,0.0,0.0008333472224535399,0.6269137792103118,-0.0008863819500402826
28969,24.141235687261457,0.6236905721192587,560,681,1241,-0.0008058017727639033,0.0008333472224535399,0.6261885576148243,-0.0007252215954875018
28970,24.14206903448391,0.6236905721192587,560,681,1241,0.0,0.0008333472224535399,0.6254633360193367,-0.0007252215954875018
28971,24.142902381706364,0.6236905721192587,560,681,1241,0.0,0.0008333472224535399,0.6248992747784019,-0.0005640612409347212
28972,24.143735728928817,0.6236905721192587,560,681,1241,0.0,0.0008333472224535399,0.62449637389202,-0.00040290088638194054
28973,24.14456907615127,0.6228847703464948,560,681,1241,-0.0008058017727639033,0.0008333472224535399,0.624093473005638,-0.00040290088638194054
28974,24.145402423373724,0.6228847703464948,560,681,1241,0.0,0.0008333472224535399,0.6238517324738089,-0.0002417405318291599
28975,24.146235770596178,0.6244963738920226,560,681,1241,0.0016116035455278066,0.0008333472224535399,0.6237711522965326,-8.058017727637922e-05
28976,24.14706911781863,0.6236905721192587,560,681,1241,-0.0008058017727639033,0.0008333472224535399,0.6237711522965326,0.0
28977,24.147902465041085,0.6228847703464948,560,681,1241,-0.0008058017727639033,0.0008333472224535399,0.6236099919419797,-0.00016116035455278067
28978,24.14873581226354,0.6220789685737309,560,681,1241,-0.0008058017727639033,0.0008333472224535399,0.6233682514101505,-0.00024174053182917098
28979,24.149569159485992,0.6228847703464948,560,681,1241,0.0008058017727639033,0.0008333472224535399,0.6232876712328742,-8.058017727639034e-05
28980,24.150402506708446,0.6228847703464948,560,681,1241,0.0,0.0008333472224535399,0.6232070910555978,-8.058017727639034e-05
28981,24.1512358539309,0.6228847703464948,560,681,1241,0.0,0.0008333472224535399,0.6231265108783215,-8.058017727639034e-05
28982,24.152069201153353,0.6220789685737309,560,681,1241,-0.0008058017727639033,0.0008333472224535399,0.6229653505237687,-0.00016116035455278067
28983,24.152902548375806,0.621273166800967,560,681,1241,-0.0008058017727639033,0.0008333472224535399,0.622804190169216,-0.00016116035455278067
28984,24.15373589559826,0.621273166800967,560,681,1241,0.0,0.0008333472224535399,0.6226430298146631,-0.00016116035455278067
28985,24.154569242820713,0.6228847703464948,560,681,1241,0.0016116035455278066,0.0008333472224535399,0.6224818694601104,-0.00016116035455278067
28986,24.155402590043167,0.6220789685737309,560,681,1241,-0.0008058017727639033,0.0008333472224535399,0.6223207091055576,-0.00016116035455278067
28987,24.15623593726562,0.6220789685737309,560,681,1241,0.0,0.0008333472224535399,0.6222401289282812,-8.058017727639034e-05
28988,24.157069284488077,0.6220789685737309,560,681,1241,0.0,0.0008333472224570926,0.6222401289282812,0.0
28989,24.15790263171053,0.6220789685737309,560,681,1241,0.0,0.0008333472224535399,0.6221595487510048,-8.058017727639034e-05
28990,24.158735978932985,0.6220789685737309,560,681,1241,0.0,0.0008333472224535399,0.6220789685737282,-8.058017727639034e-05
28991,24.159569326155438,0.621273166800967,560,681,1241,-0.0008058017727639033,0.0008333472224535399,0.6219178082191755,-0.00016116035455278067
28992,24.16040267337789,0.6220789685737309,560,681,1241,0.0008058017727639033,0.0008333472224535399,0.6219178082191755,0.0
28993,24.161236020600345,0.621273166800967,560,681,1241,-0.0008058017727639033,0.0008333472224535399,0.6219178082191755,0.0
28994,24.1620693678228,0.6220789685737309,560,681,1241,0.0008058017727639033,0.0008333472224535399,0.6219983883964518,8.058017727639034e-05
28995,24.162902715045252,0.6220789685737309,560,681,1241,0.0,0.0008333472224535399,0.6219178082191754,-8.058017727639034e-05
28996,24.163736062267706,0.6228847703464948,560,681,1241,0.0008058017727639033,0.0008333472224535399,0.6219983883964518,8.058017727639034e-05
28997,24.16456940949016,0.6228847703464948,560,681,1241,0.0,0.0008333472224535399,0.6220789685737282,8.058017727639034e-05
28998,24.165402756712613,0.6228847703464948,560,681,1241,0.0,0.0008333472224535399,0.6221595487510048,8.058017727639034e-05
28999,24.166236103935066,0.6228847703464948,560,681,1241,0.0,0.0008333472224535399,0.6222401289282812,8.058017727639034e-05
29000,24.16706945115752,0.6228847703464948,560,681,1241,0.0,0.0008333472224535399,0.6223207091055576,8.058017727639034e-05
29001,24.167902798379973,0.6228847703464948,560,681,1241,0.0,0.0008333472224535399,0.6224818694601104,0.00016116035455278067
29002,24.168736145602427,0.6228847703464948,560,681,1241,0.0,0.0008333472224535399,0.6225624496373868,8.058017727639034e-05
29003,24.16956949282488,0.6228847703464948,560,681,1241,0.0,0.0008333472224535399,0.6227236099919395,0.00016116035455278067
29004,24.170402840047334,0.6228847703464948,560,681,1241,0.0,0.0008333472224535399,0.6228041901692161,8.058017727639034e-05
29005,24.171236187269788,0.621273166800967,560,681,1241,-0.0016116035455278066,0.0008333472224535399,0.6227236099919397,-8.058017727639034e-05
29006,24.17206953449224,0.621273166800967,560,681,1241,0.0,0.0008333472224535399,0.6225624496373869,-0.00016116035455278067
29007,24.172902881714695,0.6228847703464948,560,681,1241,0.0016116035455278066,0.0008333472224535399,0.6225624496373869,0.0
29008,24.17373622893715,0.6228847703464948,560,681,1241,0.0,0.0008333472224535399,0.6225624496373869,0.0
29009,24.174569576159605,0.6236905721192587,560,681,1241,0.0008058017727639033,0.0008333472224570926,0.6226430298146632,8.058017727639034e-05
29010,24.17540292338206,0.6236905721192587,560,681,1241,0.0,0.0008333472224535399,0.6227236099919395,8.058017727639034e-05
29011,24.176236270604512,0.6244963738920226,560,681,1241,0.0008058017727639033,0.0008333472224535399,0.6228847703464924,0.00016116035455278067
29012,24.177069617826966,0.6253021756647864,560,681,1241,0.0008058017727637923,0.0008333472224535399,0.6231265108783215,0.0002417405318291599
29013,24.17790296504942,0.6269137792103142,560,681,1241,0.0016116035455278066,0.0008333472224535399,0.6235294117647034,0.00040290088638194054
29014,24.178736312271873,0.6269137792103142,560,681,1241,0.0,0.0008333472224535399,0.6239323126510853,0.00040290088638194054
29015,24.179569659494327,0.628525382755842,560,681,1241,0.0016116035455278066,0.0008333472224535399,0.6246575342465728,0.0007252215954875018
29016,24.18040300671678,0.6293311845286059,560,681,1241,0.0008058017727639033,0.0008333472224535399,0.6254633360193367,0.0008058017727638922
29017,24.181236353939234,0.6309427880741337,560,681,1241,0.0016116035455278066,0.0008333472224535399,0.6262691377921006,0.0008058017727638922
29018,24.182069701161687,0.6309427880741337,560,681,1241,0.0,0.0008333472224535399,0.6270749395648645,0.0008058017727638922
29019,24.18290304838414,0.6333601933924254,560,681,1241,0.00241740531829171,0.0008333472224535399,0.6280419016921812,0.0009669621273166729
29020,24.183736395606594,0.6333601933924254,560,681,1241,0.0,0.0008333472224535399,0.6290088638194978,0.0009669621273166729
29021,24.184569742829048,0.6333601933924254,560,681,1241,0.0,0.0008333472224535399,0.6298952457695381,0.0008863819500402826
29022,24.1854030900515,0.6333601933924254,560,681,1241,0.0,0.0008333472224535399,0.630701047542302,0.0008058017727639033
29023,24.186236437273955,0.6333601933924254,560,681,1241,0.0,0.0008333472224535399,0.6313456889605131,0.0006446414182111227
29024,24.18706978449641,0.6333601933924254,560,681,1241,0.0,0.0008333472224535399,0.6319903303787242,0.0006446414182111227
29025,24.187903131718862,0.6333601933924254,560,681,1241,0.0,0.0008333472224535399,0.6324738114423826,0.00048348106365834196
29026,24.188736478941316,0.6341659951651893,560,681,1241,0.0008058017727639033,0.0008333472224535399,0.6329572925060409,0.00048348106365834196
29027,24.18956982616377,0.6341659951651893,560,681,1241,0.0,0.0008333472224535399,0.6332796132151465,0.00032232070910556134
29028,24.190403173386223,0.6341659951651893,560,681,1241,0.0,0.0008333472224535399,0.633601933924252,0.00032232070910556134
29029,24.191236520608676,0.6333601933924254,560,681,1241,-0.0008058017727639033,0.0008333472224535399,0.633601933924252,0.0
29030,24.192069867831133,0.6325543916196615,560,681,1241,-0.0008058017727639033,0.0008333472224570926,0.6335213537469757,-8.058017727639034e-05
29031,24.192903215053587,0.6325543916196615,560,681,1241,0.0,0.0008333472224535399,0.6334407735696994,-8.058017727639034e-05
29032,24.19373656227604,0.6317485898468976,560,681,1241,-0.0008058017727639033,0.0008333472224535399,0.6332796132151466,-0.00016116035455278067
29033,24.194569909498494,0.6309427880741337,560,681,1241,-0.0008058017727639033,0.0008333472224535399,0.6330378726833175,-0.00024174053182917098
29034,24.195403256720947,0.6309427880741337,560,681,1241,0.0,0.0008333472224535399,0.6327961321514883,-0.00024174053182917098
29035,24.1962366039434,0.6293311845286059,560,681,1241,-0.0016116035455278066,0.0008333472224535399,0.6323932312651064,-0.00040290088638195165
29036,24.197069951165854,0.6277195809830781,560,681,1241,-0.0016116035455278066,0.0008333472224535399,0.6317485898468953,-0.0006446414182111227
29037,24.197903298388308,0.6277195809830781,560,681,1241,0.0,0.0008333472224535399,0.6311039484286842,-0.0006446414182111227
29038,24.19873664561076,0.6269137792103142,560,681,1241,-0.0008058017727639033,0.0008333472224535399,0.6303787268331966,-0.000725221595487513
29039,24.199569992833215,0.6269137792103142,560,681,1241,0.0,0.0008333472224535399,0.6297340854149855,-0.0006446414182111227
29040,24.20040334005567,0.6269137792103142,560,681,1241,0.0,0.0008333472224535399,0.6291700241740508,-0.0005640612409347323
29041,24.201236687278122,0.6277195809830781,560,681,1241,0.0008058017727639033,0.0008333472224535399,0.6286865431103924,-0.00048348106365834196
29042,24.202070034500576,0.6309427880741337,560,681,1241,0.003223207091055613,0.0008333472224535399,0.628605962933116,-8.058017727639034e-05
29043,24.20290338172303,0.6309427880741337,560,681,1241,0.0,0.0008333472224535399,0.628605962933116,0.0
29044,24.203736728945483,0.6317485898468976,560,681,1241,0.0008058017727639033,0.0008333472224535399,0.6286865431103924,8.058017727639034e-05
29045,24.204570076167936,0.6317485898468976,560,681,1241,0.0,0.0008333472224535399,0.6289282836422215,0.00024174053182917098
29046,24.20540342339039,0.6325543916196615,560,681,1241,0.0008058017727639033,0.0008333472224535399,0.6294117647058799,0.00048348106365834196
29047,24.206236770612843,0.6309427880741337,560,681,1241,-0.0016116035455278066,0.0008333472224535399,0.6297340854149854,0.00032232070910556134
29048,24.207070117835297,0.6325543916196615,560,681,1241,0.0016116035455278066,0.0008333472224535399,0.6302981466559202,0.0005640612409347323
29049,24.20790346505775,0.6333601933924254,560,681,1241,0.0008058017727639033,0.0008333472224535399,0.6309427880741313,0.0006446414182111227
29050,24.208736812280204,0.6333601933924254,560,681,1241,0.0,0.0008333472224535399,0.6315874294923425,0.0006446414182111227
29051,24.20957015950266,0.6317485898468976,560,681,1241,-0.0016116035455278066,0.0008333472224570926,0.6319903303787243,0.00040290088638195165
29052,24.210403506725115,0.6317485898468976,560,681,1241,0.0,0.0008333472224535399,0.6320709105560007,8.058017727639034e-05
29053,24.211236853947568,0.6317485898468976,560,681,1241,0.0,0.0008333472224535399,0.632151490733277,8.058017727639034e-05
29054,24.21207020117002,0.6301369863013698,560,681,1241,-0.0016116035455278066,0.0008333472224535399,0.6319903303787242,-0.00016116035455278067
29055,24.212903548392475,0.6301369863013698,560,681,1241,0.0,0.0008333472224535399,0.6318291700241715,-0.00016116035455278067
29056,24.21373689561493,0.6293311845286059,560,681,1241,-0.0008058017727639033,0.0008333472224535399,0.631506849315066,-0.00032232070910556134
29057,24.214570242837382,0.6293311845286059,560,681,1241,0.0,0.0008333472224535399,0.6313456889605131,-0.00016116035455278067
29058,24.215403590059836,0.6293311845286059,560,681,1241,0.0,0.0008333472224535399,0.6310233682514076,-0.00032232070910556134
29059,24.21623693728229,0.628525382755842,560,681,1241,-0.0008058017727639033,0.0008333472224535399,0.6305398871877492,-0.00048348106365834196
29060,24.217070284504743,0.6293311845286059,560,681,1241,0.0008058017727639033,0.0008333472224535399,0.6301369863013673,-0.00040290088638195165
29061,24.217903631727197,0.6293311845286059,560,681,1241,0.0,0.0008333472224535399,0.6298952457695381,-0.00024174053182917098
29062,24.21873697894965,0.628525382755842,560,681,1241,-0.0008058017727639033,0.0008333472224535399,0.6295729250604326,-0.00032232070910556134
29063,24.219570326172104,0.6293311845286059,560,681,1241,0.0008058017727639033,0.0008333472224535399,0.6293311845286035,-0.00024174053182917098
29064,24.220403673394557,0.6293311845286059,560,681,1241,0.0,0.0008333472224535399,0.6292506043513272,-8.058017727639034e-05
29065,24.22123702061701,0.628525382755842,560,681,1241,-0.0008058017727639033,0.0008333472224535399,0.6290894439967744,-0.00016116035455278067
29066,24.222070367839464,0.6293311845286059,560,681,1241,0.0008058017727639033,0.0008333472224535399,0.6290894439967744,0.0
29067,24.222903715061918,0.6325543916196615,560,681,1241,0.003223207091055613,0.0008333472224535399,0.6294117647058799,0.00032232070910556134
29068,24.22373706228437,0.6325543916196615,560,681,1241,0.0,0.0008333472224535399,0.6297340854149855,0.00032232070910556134
29069,24.224570409506825,0.6325543916196615,560,681,1241,0.0,0.0008333472224535399,0.6301369863013675,0.00040290088638195165
29070,24.22540375672928,0.6333601933924254,560,681,1241,0.0008058017727639033,0.0008333472224535399,0.6305398871877494,0.00040290088638195165
29071,24.226237103951732,0.6333601933924254,560,681,1241,0.0,0.0008333472224535399,0.6309427880741313,0.00040290088638195165
29072,24.22707045117419,0.6341659951651893,560,681,1241,0.0008058017727639033,0.0008333472224570926,0.6315068493150661,0.0005640612409347323
29073,24.227903798396643,0.6341659951651893,560,681,1241,0.0,0.0008333472224535399,0.6319903303787244,0.00048348106365834196
29074,24.228737145619096,0.6349717969379532,560,681,1241,0.0008058017727639033,0.0008333472224535399,0.6325543916196591,0.0005640612409347323
29075,24.22957049284155,0.6349717969379532,560,681,1241,0.0,0.0008333472224535399,0.6331990330378703,0.0006446414182111227
29076,24.230403840064003,0.6357775987107172,560,681,1241,0.0008058017727639033,0.0008333472224535399,0.6338436744560814,0.0006446414182111227
29077,24.231237187286457,0.637389202256245,560,681,1241,0.0016116035455278066,0.0008333472224535399,0.6343271555197397,0.00048348106365834196
29078,24.23207053450891,0.637389202256245,560,681,1241,0.0,0.0008333472224535399,0.6348106365833981,0.00048348106365834196
29079,24.232903881731364,0.6381950040290089,560,681,1241,0.0008058017727639033,0.0008333472224535399,0.6353746978243328,0.0005640612409347323
29080,24.233737228953817,0.637389202256245,560,681,1241,-0.0008058017727639033,0.0008333472224535399,0.6357775987107147,0.00040290088638195165
29081,24.23457057617627,0.637389202256245,560,681,1241,0.0,0.0008333472224535399,0.6361804995970968,0.00040290088638195165
29082,24.235403923398724,0.6349717969379532,560,681,1241,-0.00241740531829171,0.0008333472224535399,0.6362610797743731,8.058017727639034e-05
29083,24.236237270621178,0.6357775987107172,560,681,1241,0.0008058017727639033,0.0008333472224535399,0.6364222401289259,0.00016116035455278067
29084,24.23707061784363,0.6349717969379532,560,681,1241,-0.0008058017727639033,0.0008333472224535399,0.6364222401289259,0.0
29085,24.237903965066085,0.6341659951651893,560,681,1241,-0.0008058017727639033,0.0008333472224535399,0.6363416599516495,-8.058017727639034e-05
29086,24.23873731228854,0.6349717969379532,560,681,1241,0.0008058017727639033,0.0008333472224535399,0.6362610797743731,-8.058017727639034e-05
29087,24.239570659510992,0.6349717969379532,560,681,1241,0.0,0.0008333472224535399,0.6360193392425438,-0.00024174053182917098
29088,24.240404006733446,0.6349717969379532,560,681,1241,0.0,0.0008333472224535399,0.6357775987107146,-0.00024174053182917098
29089,24.2412373539559,0.6341659951651893,560,681,1241,-0.0008058017727639033,0.0008333472224535399,0.6353746978243328,-0.00040290088638195165
29090,24.242070701178353,0.6333601933924254,560,681,1241,-0.0008058017727639033,0.0008333472224535399,0.6349717969379507,-0.00040290088638195165
29091,24.242904048400806,0.6333601933924254,560,681,1241,0.0,0.0008333472224535399,0.6345688960515687,-0.00040290088638195165
29092,24.24373739562326,0.6341659951651893,560,681,1241,0.0008058017727639033,0.0008333472224535399,0.6344883158742924,-8.058017727639034e-05
29093,24.244570742845717,0.6357775987107172,560,681,1241,0.0016116035455278066,0.0008333472224570926,0.6344883158742924,0.0
29094,24.24540409006817,0.6349717969379532,560,681,1241,-0.0008058017727639033,0.0008333472224535399,0.6344883158742924,0.0
29095,24.246237437290624,0.637389202256245,560,681,1241,0.00241740531829171,0.0008333472224535399,0.634810636583398,0.00032232070910556134
29096,24.247070784513078,0.637389202256245,560,681,1241,0.0,0.0008333472224535399,0.6350523771152272,0.00024174053182917098
29097,24.24790413173553,0.6406124093473006,560,681,1241,0.003223207091055613,0.0008333472224535399,0.635616438356162,0.0005640612409347323
29098,24.248737478957985,0.6398066075745367,560,681,1241,-0.0008058017727639033,0.0008333472224535399,0.6360999194198202,0.00048348106365834196
29099,24.249570826180438,0.6398066075745367,560,681,1241,0.0,0.0008333472224535399,0.636663980660755,0.0005640612409347323
29100,24.25040417340289,0.6406124093473006,560,681,1241,0.0008058017727639033,0.0008333472224535399,0.6373892022562425,0.000725221595487513
29101,24.251237520625345,0.6422240128928284,560,681,1241,0.0016116035455278066,0.0008333472224535399,0.6382755842062828,0.0008863819500402936
29102,24.2520708678478,0.6422240128928284,560,681,1241,0.0,0.0008333472224535399,0.6390813859790467,0.0008058017727639033
29103,24.252904215070252,0.6422240128928284,560,681,1241,0.0,0.0008333472224535399,0.6397260273972579,0.0006446414182111227
29104,24.253737562292706,0.6414182111200645,560,681,1241,-0.0008058017727639033,0.0008333472224535399,0.640370668815469,0.0006446414182111227
29105,24.25457090951516,0.6422240128928284,560,681,1241,0.0008058017727639033,0.0008333472224535399,0.6408541498791274,0.00048348106365834196
29106,24.255404256737613,0.6414182111200645,560,681,1241,-0.0008058017727639033,0.0008333472224535399,0.6412570507655093,0.00040290088638195165
29107,24.256237603960066,0.6422240128928284,560,681,1241,0.0008058017727639033,0.0008333472224535399,0.641418211120062,0.00016116035455278067
29108,24.25707095118252,0.6430298146655923,560,681,1241,0.0008058017727639033,0.0008333472224535399,0.6417405318291676,0.00032232070910556134
29109,24.257904298404974,0.6446414182111201,560,681,1241,0.0016116035455278066,0.0008333472224535399,0.6422240128928259,0.00048348106365834196
29110,24.258737645627427,0.6446414182111201,560,681,1241,0.0,0.0008333472224535399,0.6426269137792079,0.00040290088638195165
29111,24.25957099284988,0.6462530217566479,560,681,1241,0.0016116035455278066,0.0008333472224535399,0.6430298146655897,0.00040290088638195165
29112,24.260404340072334,0.6470588235294118,560,681,1241,0.0008058017727639033,0.0008333472224535399,0.6435132957292481,0.00048348106365834196
29113,24.261237687294788,0.6470588235294118,560,681,1241,0.0,0.0008333472224535399,0.6439967767929065,0.00048348106365834196
29114,24.26207103451724,0.6462530217566479,560,681,1241,-0.0008058017727639033,0.0008333472224535399,0.6444802578565648,0.00048348106365834196
29115,24.2629043817397,0.6462530217566479,560,681,1241,0.0,0.0008333472224570926,0.6448831587429467,0.00040290088638195165
29116,24.263737728962152,0.6462530217566479,560,681,1241,0.0,0.0008333472224535399,0.645366639806605,0.00048348106365834196
29117,24.264571076184605,0.6462530217566479,560,681,1241,0.0,0.0008333472224535399,0.645769540692987,0.00040290088638195165
29118,24.26540442340706,0.645447219983884,560,681,1241,-0.0008058017727639033,0.0008333472224535399,0.6460112812248162,0.00024174053182917098
29119,24.266237770629512,0.645447219983884,560,681,1241,0.0,0.0008333472224535399,0.6460918614020926,8.058017727639034e-05
29120,24.267071117851966,0.645447219983884,560,681,1241,0.0,0.0008333472224535399,0.646172441579369,8.058017727639034e-05
29121,24.26790446507442,0.645447219983884,560,681,1241,0.0,0.0008333472224535399,0.6460918614020927,-8.058017727639034e-05
29122,24.268737812296873,0.6470588235294118,560,681,1241,0.0016116035455278066,0.0008333472224535399,0.6460918614020927,0.0
29123,24.269571159519327,0.6462530217566479,560,681,1241,-0.0008058017727639033,0.0008333472224535399,0.6460112812248162,-8.058017727639034e-05
29124,24.27040450674178,0.6462530217566479,560,681,1241,0.0,0.0008333472224535399,0.6460112812248162,0.0
29125,24.271237853964234,0.6462530217566479,560,681,1241,0.0,0.0008333472224535399,0.6460112812248162,0.0
29126,24.272071201186687,0.645447219983884,560,681,1241,-0.0008058017727639033,0.0008333472224535399,0.6459307010475399,-8.058017727639034e-05
29127,24.27290454840914,0.6462530217566479,560,681,1241,0.0008058017727639033,0.0008333472224535399,0.6459307010475399,0.0
29128,24.273737895631594,0.6462530217566479,560,681,1241,0.0,0.0008333472224535399,0.6460112812248162,8.058017727639034e-05
29129,24.274571242854048,0.6462530217566479,560,681,1241,0.0,0.0008333472224535399,0.6460918614020926,8.058017727639034e-05
29130,24.2754045900765,0.6462530217566479,560,681,1241,0.0,0.0008333472224535399,0.6461724415793689,8.058017727639034e-05
29131,24.276237937298955,0.645447219983884,560,681,1241,-0.0008058017727639033,0.0008333472224535399,0.6461724415793689,0.0
29132,24.27707128452141,0.6446414182111201,560,681,1241,-0.0008058017727639033,0.0008333472224535399,0.6459307010475397,-0.00024174053182917098
29133,24.277904631743862,0.6446414182111201,560,681,1241,0.0,0.0008333472224535399,0.645769540692987,-0.00016116035455278067
29134,24.278737978966316,0.6446414182111201,560,681,1241,0.0,0.0008333472224535399,0.6456083803384342,-0.00016116035455278067
29135,24.27957132618877,0.645447219983884,560,681,1241,0.0008058017727639033,0.0008333472224535399,0.6455278001611578,-8.058017727639034e-05
29136,24.280404673411226,0.645447219983884,560,681,1241,0.0,0.0008333472224570926,0.6455278001611578,0.0
29137,24.28123802063368,0.645447219983884,560,681,1241,0.0,0.0008333472224535399,0.6454472199838814,-8.058017727639034e-05
29138,24.282071367856133,0.6446414182111201,560,681,1241,-0.0008058017727639033,0.0008333472224535399,0.6452860596293287,-0.00016116035455278067
29139,24.282904715078587,0.6438356164383562,560,681,1241,-0.0008058017727639033,0.0008333472224535399,0.6450443190974996,-0.00024174053182917098
29140,24.28373806230104,0.6438356164383562,560,681,1241,0.0,0.0008333472224535399,0.6448025785656705,-0.00024174053182917098
29141,24.284571409523494,0.6430298146655923,560,681,1241,-0.0008058017727639033,0.0008333472224535399,0.6445608380338412,-0.00024174053182917098
29142,24.285404756745947,0.6430298146655923,560,681,1241,0.0,0.0008333472224535399,0.6443996776792884,-0.00016116035455278067
29143,24.2862381039684,0.6430298146655923,560,681,1241,0.0,0.0008333472224535399,0.6442385173247357,-0.00016116035455278067
29144,24.287071451190855,0.6430298146655923,560,681,1241,0.0,0.0008333472224535399,0.6440773569701829,-0.00016116035455278067
29145,24.287904798413308,0.6430298146655923,560,681,1241,0.0,0.0008333472224535399,0.6438356164383536,-0.00024174053182917098
29146,24.28873814563576,0.6438356164383562,560,681,1241,0.0008058017727639033,0.0008333472224535399,0.6436744560838009,-0.00016116035455278067
29147,24.289571492858215,0.6446414182111201,560,681,1241,0.0008058017727639033,0.0008333472224535399,0.6435938759065245,-8.058017727639034e-05
29148,24.29040484008067,0.6438356164383562,560,681,1241,-0.0008058017727639033,0.0008333472224535399,0.6435132957292481,-8.058017727639034e-05
29149,24.291238187303122,0.6430298146655923,560,681,1241,-0.0008058017727639033,0.0008333472224535399,0.6434327155519717,-8.058017727639034e-05
29150,24.292071534525576,0.6414182111200645,560,681,1241,-0.0016116035455278066,0.0008333472224535399,0.6431909750201424,-0.00024174053182917098
29151,24.29290488174803,0.6414182111200645,560,681,1241,0.0,0.0008333472224535399,0.6430298146655897,-0.00016116035455278067
29152,24.293738228970483,0.6406124093473006,560,681,1241,-0.0008058017727639033,0.0008333472224535399,0.6427880741337606,-0.00024174053182917098
29153,24.294571576192936,0.6398066075745367,560,681,1241,-0.0008058017727639033,0.0008333472224535399,0.642465753424655,-0.00032232070910556134
29154,24.29540492341539,0.6398066075745367,560,681,1241,0.0,0.0008333472224535399,0.6421434327155494,-0.00032232070910556134
29155,24.296238270637843,0.6398066075745367,560,681,1241,0.0,0.0008333472224535399,0.6418211120064439,-0.00032232070910556134
29156,24.297071617860297,0.6390008058017728,560,681,1241,-0.0008058017727639033,0.0008333472224535399,0.6413376309427855,-0.00048348106365834196
29157,24.297904965082754,0.6390008058017728,560,681,1241,0.0,0.0008333472224570926,0.6407735697018508,-0.0005640612409347323
29158,24.298738312305208,0.6390008058017728,560,681,1241,0.0,0.0008333472224535399,0.6402900886381925,-0.00048348106365834196
29159,24.29957165952766,0.6381950040290089,560,681,1241,-0.0008058017727639033,0.0008333472224535399,0.6398066075745341,-0.00048348106365834196
29160,24.300405006750115,0.636583400483481,560,681,1241,-0.0016116035455278066,0.0008333472224535399,0.6393231265108759,-0.00048348106365834196
29161,24.30123835397257,0.6357775987107172,560,681,1241,-0.0008058017727639033,0.0008333472224535399,0.6387590652699411,-0.0005640612409347323
29162,24.302071701195022,0.636583400483481,560,681,1241,0.0008058017727639033,0.0008333472224535399,0.6383561643835591,-0.00040290088638195165
29163,24.302905048417475,0.637389202256245,560,681,1241,0.0008058017727639033,0.0008333472224535399,0.63811442385173,-0.00024174053182917098
29164,24.30373839563993,0.6381950040290089,560,681,1241,0.0008058017727639033,0.0008333472224535399,0.6379532634971772,-0.00016116035455278067
29165,24.304571742862382,0.6390008058017728,560,681,1241,0.0008058017727639033,0.0008333472224535399,0.6378726833199009,-8.058017727639034e-05
29166,24.305405090084836,0.6390008058017728,560,681,1241,0.0,0.0008333472224535399,0.6378726833199009,0.0
29167,24.30623843730729,0.6381950040290089,560,681,1241,-0.0008058017727639033,0.0008333472224535399,0.6377921031426245,-8.058017727639034e-05
29168,24.307071784529743,0.6390008058017728,560,681,1241,0.0008058017727639033,0.0008333472224535399,0.6377921031426245,0.0
29169,24.307905131752197,0.6406124093473006,560,681,1241,0.0016116035455278066,0.0008333472224535399,0.6380338436744537,0.00024174053182917098
29170,24.30873847897465,0.6406124093473006,560,681,1241,0.0,0.0008333472224535399,0.6384367445608357,0.00040290088638195165
29171,24.309571826197104,0.6406124093473006,560,681,1241,0.0,0.0008333472224535399,0.638920225624494,0.00048348106365834196
29172,24.310405173419557,0.6414182111200645,560,681,1241,0.0008058017727639033,0.0008333472224535399,0.6394037066881524,0.00048348106365834196
29173,24.31123852064201,0.6414182111200645,560,681,1241,0.0,0.0008333472224535399,0.6398066075745342,0.00040290088638195165
29174,24.312071867864464,0.6422240128928284,560,681,1241,0.0008058017727639033,0.0008333472224535399,0.6402095084609163,0.00040290088638195165
29175,24.312905215086918,0.6422240128928284,560,681,1241,0.0,0.0008333472224535399,0.6405318291700218,0.00032232070910556134
29176,24.31373856230937,0.6430298146655923,560,681,1241,0.0008058017727639033,0.0008333472224535399,0.6409347300564037,0.00040290088638195165
29177,24.314571909531825,0.6430298146655923,560,681,1241,0.0,0.0008333472224535399,0.641418211120062,0.00048348106365834196
29178,24.315405256754282,0.6430298146655923,560,681,1241,0.0,0.0008333472224570926,0.641821112006444,0.00040290088638195165
29179,24.316238603976736,0.6422240128928284,560,681,1241,-0.0008058017727639033,0.0008333472224535399,0.6419822723609967,0.00016116035455278067
29180,24.31707195119919,0.6430298146655923,560,681,1241,0.0008058017727639033,0.0008333472224535399,0.6422240128928258,0.00024174053182917098
29181,24.317905298421643,0.6422240128928284,560,681,1241,-0.0008058017727639033,0.0008333472224535399,0.6423851732473786,0.00016116035455278067
29182,24.318738645644096,0.6414182111200645,560,681,1241,-0.0008058017727639033,0.0008333472224535399,0.6423851732473786,0.0
29183,24.31957199286655,0.6414182111200645,560,681,1241,0.0,0.0008333472224535399,0.6423851732473786,0.0
29184,24.320405340089003,0.6422240128928284,560,681,1241,0.0008058017727639033,0.0008333472224535399,0.6423851732473786,0.0
29185,24.321238687311457,0.6414182111200645,560,681,1241,-0.0008058017727639033,0.0008333472224535399,0.6423045930701022,-8.058017727639034e-05
29186,24.32207203453391,0.6414182111200645,560,681,1241,0.0,0.0008333472224535399,0.6421434327155494,-0.00016116035455278067
29187,24.322905381756364,0.6430298146655923,560,681,1241,0.0016116035455278066,0.0008333472224535399,0.6421434327155494,0.0
29188,24.323738728978817,0.6438356164383562,560,681,1241,0.0008058017727639033,0.0008333472224535399,0.6422240128928258,8.058017727639034e-05
29189,24.32457207620127,0.6446414182111201,560,681,1241,0.0008058017727639033,0.0008333472224535399,0.642465753424655,0.00024174053182917098
29190,24.325405423423724,0.6438356164383562,560,681,1241,-0.0008058017727639033,0.0008333472224535399,0.6425463336019315,8.058017727639034e-05
29191,24.326238770646178,0.6438356164383562,560,681,1241,0.0,0.0008333472224535399,0.6427074939564842,0.00016116035455278067
29192,24.32707211786863,0.6446414182111201,560,681,1241,0.0008058017727639033,0.0008333472224535399,0.6430298146655897,0.00032232070910556134
29193,24.327905465091085,0.645447219983884,560,681,1241,0.0008058017727639033,0.0008333472224535399,0.6434327155519718,0.00040290088638195165
29194,24.32873881231354,0.6462530217566479,560,681,1241,0.0008058017727639033,0.0008333472224535399,0.6438356164383536,0.00040290088638195165
29195,24.329572159535992,0.645447219983884,560,681,1241,-0.0008058017727639033,0.0008333472224535399,0.6442385173247357,0.00040290088638195165
29196,24.330405506758446,0.645447219983884,560,681,1241,0.0,0.0008333472224535399,0.6446414182111176,0.00040290088638195165
29197,24.3312388539809,0.6446414182111201,560,681,1241,-0.0008058017727639033,0.0008333472224535399,0.6448025785656705,0.00016116035455278067
29198,24.332072201203353,0.6446414182111201,560,681,1241,0.0,0.0008333472224535399,0.6448831587429468,8.058017727639034e-05
29199,24.33290554842581,0.6446414182111201,560,681,1241,0.0,0.0008333472224570926,0.6448831587429468,0.0
29200,24.333738895648263,0.6462530217566479,560,681,1241,0.0016116035455278066,0.0008333472224535399,0.6451248992747759,0.00024174053182917098
29201,24.334572242870717,0.645447219983884,560,681,1241,-0.0008058017727639033,0.0008333472224535399,0.6452860596293287,0.00016116035455278067
29202,24.33540559009317,0.6470588235294118,560,681,1241,0.0016116035455278066,0.0008333472224535399,0.645527800161158,0.00024174053182917098
29203,24.336238937315624,0.6462530217566479,560,681,1241,-0.0008058017727639033,0.0008333472224535399,0.6456083803384343,8.058017727639034e-05
29204,24.337072284538078,0.6462530217566479,560,681,1241,0.0,0.0008333472224535399,0.6456083803384343,0.0
29205,24.33790563176053,0.6446414182111201,560,681,1241,-0.0016116035455278066,0.0008333472224535399,0.6455278001611578,-8.058017727639034e-05
29206,24.338738978982985,0.6446414182111201,560,681,1241,0.0,0.0008333472224535399,0.6454472199838814,-8.058017727639034e-05
29207,24.339572326205438,0.6430298146655923,560,681,1241,-0.0016116035455278066,0.0008333472224535399,0.6452860596293286,-0.00016116035455278067
29208,24.34040567342789,0.6422240128928284,560,681,1241,-0.0008058017727639033,0.0008333472224535399,0.6450443190974995,-0.00024174053182917098
29209,24.341239020650345,0.6406124093473006,560,681,1241,-0.0016116035455278066,0.0008333472224535399,0.6446414182111175,-0.00040290088638195165
29210,24.3420723678728,0.6422240128928284,560,681,1241,0.0016116035455278066,0.0008333472224535399,0.6442385173247357,-0.00040290088638195165
29211,24.342905715095252,0.6438356164383562,560,681,1241,0.0016116035455278066,0.0008333472224535399,0.6440773569701829,-0.00016116035455278067
29212,24.343739062317706,0.6446414182111201,560,681,1241,0.0008058017727639033,0.0008333472224535399,0.6438356164383536,-0.00024174053182917098
29213,24.34457240954016,0.6438356164383562,560,681,1241,-0.0008058017727639033,0.0008333472224535399,0.6435938759065245,-0.00024174053182917098
29214,24.345405756762613,0.6430298146655923,560,681,1241,-0.0008058017727639033,0.0008333472224535399,0.643271555197419,-0.00032232070910556134
29215,24.346239103985067,0.6438356164383562,560,681,1241,0.0008058017727639033,0.0008333472224535399,0.6431909750201427,-8.058017727639034e-05
29216,24.34707245120752,0.645447219983884,560,681,1241,0.0016116035455278066,0.0008333472224535399,0.6432715551974191,8.058017727639034e-05
29217,24.347905798429974,0.6462530217566479,560,681,1241,0.0008058017727639033,0.0008333472224535399,0.6435938759065246,0.00032232070910556134
29218,24.348739145652427,0.6446414182111201,560,681,1241,-0.0016116035455278066,0.0008333472224535399,0.6438356164383537,0.00024174053182917098
29219,24.34957249287488,0.6422240128928284,560,681,1241,-0.00241740531829171,0.0008333472224535399,0.6439967767929066,0.00016116035455278067
29220,24.350405840097334,0.6422240128928284,560,681,1241,0.0,0.0008333472224535399,0.6439967767929066,0.0
29221,24.35123918731979,0.6422240128928284,560,681,1241,0.0,0.0008333472224570926,0.6438356164383537,-0.00016116035455278067
29222,24.352072534542245,0.6422240128928284,560,681,1241,0.0,0.0008333472224535399,0.6435938759065246,-0.00024174053182917098
29223,24.3529058817647,0.6422240128928284,560,681,1241,0.0,0.0008333472224535399,0.6434327155519719,-0.00016116035455278067
29224,24.353739228987152,0.6430298146655923,560,681,1241,0.0008058017727639033,0.0008333472224535399,0.6434327155519719,0.0
29225,24.354572576209605,0.6406124093473006,560,681,1241,-0.00241740531829171,0.0008333472224535399,0.6431103948428663,-0.00032232070910556134
29226,24.35540592343206,0.6422240128928284,560,681,1241,0.0016116035455278066,0.0008333472224535399,0.6427880741337607,-0.00032232070910556134
29227,24.356239270654513,0.6422240128928284,560,681,1241,0.0,0.0008333472224535399,0.6423851732473789,-0.00040290088638195165
29228,24.357072617876966,0.6430298146655923,560,681,1241,0.0008058017727639033,0.0008333472224535399,0.642224012892826,-0.00016116035455278067
29229,24.35790596509942,0.6438356164383562,560,681,1241,0.0008058017727639033,0.0008333472224535399,0.6423851732473789,0.00016116035455278067
29230,24.358739312321873,0.6430298146655923,560,681,1241,-0.0008058017727639033,0.0008333472224535399,0.6424657534246552,8.058017727639034e-05
29231,24.359572659544327,0.6438356164383562,560,681,1241,0.0008058017727639033,0.0008333472224535399,0.642626913779208,0.00016116035455278067
29232,24.36040600676678,0.6438356164383562,560,681,1241,0.0,0.0008333472224535399,0.6427880741337607,0.00016116035455278067
29233,24.361239353989234,0.6438356164383562,560,681,1241,0.0,0.0008333472224535399,0.6429492344883135,0.00016116035455278067
29234,24.362072701211687,0.6438356164383562,560,681,1241,0.0,0.0008333472224535399,0.64302981466559,8.058017727639034e-05
29235,24.36290604843414,0.6446414182111201,560,681,1241,0.0008058017727639033,0.0008333472224535399,0.6434327155519719,0.00040290088638195165
29236,24.363739395656594,0.645447219983884,560,681,1241,0.0008058017727639033,0.0008333472224535399,0.6437550362610774,0.00032232070910556134
29237,24.364572742879048,0.6446414182111201,560,681,1241,-0.0008058017727639033,0.0008333472224535399,0.6439967767929066,0.00024174053182917098
29238,24.3654060901015,0.6438356164383562,560,681,1241,-0.0008058017727639033,0.0008333472224535399,0.644077356970183,8.058017727639034e-05
29239,24.366239437323955,0.6438356164383562,560,681,1241,0.0,0.0008333472224535399,0.644077356970183,0.0
29240,24.36707278454641,0.6438356164383562,560,681,1241,0.0,0.0008333472224535399,0.6441579371474594,8.058017727639034e-05
29241,24.367906131768862,0.6446414182111201,560,681,1241,0.0008058017727639033,0.0008333472224535399,0.6442385173247358,8.058017727639034e-05
29242,24.36873947899132,0.6438356164383562,560,681,1241,-0.0008058017727639033,0.0008333472224570926,0.6442385173247358,0.0
29243,24.369572826213773,0.645447219983884,560,681,1241,0.0016116035455278066,0.0008333472224535399,0.6443996776792885,0.00016116035455278067
29244,24.370406173436226,0.6446414182111201,560,681,1241,-0.0008058017727639033,0.0008333472224535399,0.6444802578565649,8.058017727639034e-05
29245,24.37123952065868,0.6446414182111201,560,681,1241,0.0,0.0008333472224535399,0.6444802578565649,0.0
29246,24.372072867881133,0.6446414182111201,560,681,1241,0.0,0.0008333472224535399,0.6443996776792884,-8.058017727639034e-05
29247,24.372906215103587,0.6446414182111201,560,681,1241,0.0,0.0008333472224535399,0.6443996776792884,0.0
29248,24.37373956232604,0.6446414182111201,560,681,1241,0.0,0.0008333472224535399,0.6444802578565648,8.058017727639034e-05
29249,24.374572909548494,0.645447219983884,560,681,1241,0.0008058017727639033,0.0008333472224535399,0.6446414182111175,0.00016116035455278067
29250,24.375406256770948,0.6462530217566479,560,681,1241,0.0008058017727639033,0.0008333472224535399,0.6448831587429467,0.00024174053182917098
29251,24.3762396039934,0.645447219983884,560,681,1241,-0.0008058017727639033,0.0008333472224535399,0.6449637389202232,8.058017727639034e-05
29252,24.377072951215855,0.6478646253021757,560,681,1241,0.00241740531829171,0.0008333472224535399,0.645366639806605,0.00040290088638195165
29253,24.377906298438308,0.6470588235294118,560,681,1241,-0.0008058017727639033,0.0008333472224535399,0.6455278001611578,0.00016116035455278067
29254,24.37873964566076,0.6478646253021757,560,681,1241,0.0008058017727639033,0.0008333472224535399,0.6458501208702634,0.00032232070910556134
29255,24.379572992883215,0.6478646253021757,560,681,1241,0.0,0.0008333472224535399,0.6461724415793689,0.00032232070910556134
29256,24.38040634010567,0.6486704270749396,560,681,1241,0.0008058017727639033,0.0008333472224535399,0.646575342465751,0.00040290088638195165
29257,24.381239687328122,0.6486704270749396,560,681,1241,0.0,0.0008333472224535399,0.6469782433521329,0.00040290088638195165
29258,24.382073034550576,0.6494762288477035,560,681,1241,0.0008058017727639033,0.0008333472224535399,0.6474617244157913,0.00048348106365834196
29259,24.38290638177303,0.6502820306204674,560,681,1241,0.0008058017727639033,0.0008333472224535399,0.6479452054794497,0.00048348106365834196
29260,24.383739728995483,0.6486704270749396,560,681,1241,-0.0016116035455278066,0.0008333472224535399,0.6481869460112788,0.00024174053182917098
29261,24.384573076217936,0.6494762288477035,560,681,1241,0.0008058017727639033,0.0008333472224535399,0.6485898468976607,0.00040290088638195165
29262,24.38540642344039,0.6486704270749396,560,681,1241,-0.0008058017727639033,0.0008333472224535399,0.6486704270749372,8.058017727639034e-05
29263,24.386239770662847,0.6478646253021757,560,681,1241,-0.0008058017727639033,0.0008333472224570926,0.6487510072522136,8.058017727639034e-05
29264,24.3870731178853,0.6478646253021757,560,681,1241,0.0,0.0008333472224535399,0.6487510072522136,0.0
29265,24.387906465107754,0.645447219983884,560,681,1241,-0.00241740531829171,0.0008333472224535399,0.6485092667203844,-0.00024174053182917098
29266,24.388739812330208,0.645447219983884,560,681,1241,0.0,0.0008333472224535399,0.6481869460112788,-0.00032232070910556134
29267,24.38957315955266,0.6438356164383562,560,681,1241,-0.0016116035455278066,0.0008333472224535399,0.6477034649476205,-0.00048348106365834196
29268,24.390406506775115,0.645447219983884,560,681,1241,0.0016116035455278066,0.0008333472224535399,0.6473005640612386,-0.00040290088638195165
29269,24.39123985399757,0.645447219983884,560,681,1241,0.0,0.0008333472224535399,0.6468170829975802,-0.00048348106365834196
29270,24.392073201220022,0.6438356164383562,560,681,1241,-0.0016116035455278066,0.0008333472224535399,0.6463336019339219,-0.00048348106365834196
29271,24.392906548442475,0.6430298146655923,560,681,1241,-0.0008058017727639033,0.0008333472224535399,0.6456889605157108,-0.0006446414182111227
29272,24.39373989566493,0.6414182111200645,560,681,1241,-0.0016116035455278066,0.0008333472224535399,0.6449637389202232,-0.000725221595487513
29273,24.394573242887382,0.6422240128928284,560,681,1241,0.0008058017727639033,0.0008333472224535399,0.6443996776792885,-0.0005640612409347323
29274,24.395406590109836,0.6406124093473006,560,681,1241,-0.0016116035455278066,0.0008333472224535399,0.643674456083801,-0.000725221595487513
29275,24.39623993733229,0.6414182111200645,560,681,1241,0.0008058017727639033,0.0008333472224535399,0.6432715551974191,-0.00040290088638195165
29276,24.397073284554743,0.6422240128928284,560,681,1241,0.0008058017727639033,0.0008333472224535399,0.6429492344883135,-0.00032232070910556134
29277,24.397906631777197,0.6414182111200645,560,681,1241,-0.0008058017727639033,0.0008333472224535399,0.6427074939564843,-0.00024174053182917098
29278,24.39873997899965,0.6414182111200645,560,681,1241,0.0,0.0008333472224535399,0.6423045930701023,-0.00040290088638195165
29279,24.399573326222104,0.6390008058017728,560,681,1241,-0.00241740531829171,0.0008333472224535399,0.6416599516518912,-0.0006446414182111227
29280,24.400406673444557,0.6390008058017728,560,681,1241,0.0,0.0008333472224535399,0.6411764705882328,-0.00048348106365834196
29281,24.40124002066701,0.6390008058017728,560,681,1241,0.0,0.0008333472224535399,0.640773569701851,-0.00040290088638195165
29282,24.402073367889464,0.6406124093473006,560,681,1241,0.0016116035455278066,0.0008333472224535399,0.6406929895245745,-8.058017727639034e-05
29283,24.402906715111918,0.6390008058017728,560,681,1241,-0.0016116035455278066,0.0008333472224535399,0.640370668815469,-0.00032232070910556134
29284,24.403740062334375,0.636583400483481,560,681,1241,-0.00241740531829171,0.0008333472224570926,0.639967767929087,-0.00040290088638195165
29285,24.40457340955683,0.6357775987107172,560,681,1241,-0.0008058017727639033,0.0008333472224535399,0.6394037066881524,-0.0005640612409347323
29286,24.405406756779282,0.6349717969379532,560,681,1241,-0.0008058017727639033,0.0008333472224535399,0.6386784850926648,-0.000725221595487513
29287,24.406240104001736,0.6349717969379532,560,681,1241,0.0,0.0008333472224535399,0.6380338436744537,-0.0006446414182111227
29288,24.40707345122419,0.6357775987107172,560,681,1241,0.0008058017727639033,0.0008333472224535399,0.6374697824335189,-0.0005640612409347323
29289,24.407906798446643,0.637389202256245,560,681,1241,0.0016116035455278066,0.0008333472224535399,0.6373086220789662,-0.00016116035455278067
29290,24.408740145669096,0.6357775987107172,560,681,1241,-0.0016116035455278066,0.0008333472224535399,0.6369863013698607,-0.00032232070910556134
29291,24.40957349289155,0.6349717969379532,560,681,1241,-0.0008058017727639033,0.0008333472224535399,0.6365834004834786,-0.00040290088638195165
29292,24.410406840114003,0.6357775987107172,560,681,1241,0.0008058017727639033,0.0008333472224535399,0.6360999194198202,-0.00048348106365834196
29293,24.411240187336457,0.6390008058017728,560,681,1241,0.003223207091055613,0.0008333472224535399,0.6360999194198202,0.0
29294,24.41207353455891,0.6390008058017728,560,681,1241,0.0,0.0008333472224535399,0.6363416599516495,0.00024174053182917098
29295,24.412906881781364,0.6406124093473006,560,681,1241,0.0016116035455278066,0.0008333472224535399,0.6368251410153078,0.00048348106365834196
29296,24.413740229003817,0.6398066075745367,560,681,1241,-0.0008058017727639033,0.0008333472224535399,0.6373086220789662,0.00048348106365834196
29297,24.41457357622627,0.6398066075745367,560,681,1241,0.0,0.0008333472224535399,0.6377921031426246,0.00048348106365834196
29298,24.415406923448725,0.6414182111200645,560,681,1241,0.0016116035455278066,0.0008333472224535399,0.6383561643835592,0.0005640612409347323
29299,24.416240270671178,0.6422240128928284,560,681,1241,0.0008058017727639033,0.0008333472224535399,0.6388396454472176,0.00048348106365834196
29300,24.41707361789363,0.6422240128928284,560,681,1241,0.0,0.0008333472224535399,0.6394842868654287,0.0006446414182111227
29301,24.417906965116085,0.6414182111200645,560,681,1241,-0.0008058017727639033,0.0008333472224535399,0.6401289282836398,0.0006446414182111227
29302,24.41874031233854,0.6406124093473006,560,681,1241,-0.0008058017727639033,0.0008333472224535399,0.6406124093472981,0.00048348106365834196
29303,24.419573659560992,0.6398066075745367,560,681,1241,-0.0008058017727639033,0.0008333472224535399,0.6406929895245745,8.058017727639034e-05
29304,24.420407006783446,0.6414182111200645,560,681,1241,0.0016116035455278066,0.0008333472224535399,0.6409347300564037,0.00024174053182917098
29305,24.421240354005903,0.6422240128928284,560,681,1241,0.0008058017727639033,0.0008333472224570926,0.6410958904109564,0.00016116035455278067
29306,24.422073701228356,0.6438356164383562,560,681,1241,0.0016116035455278066,0.0008333472224535399,0.6414987912973384,0.00040290088638195165
29307,24.42290704845081,0.6422240128928284,560,681,1241,-0.0016116035455278066,0.0008333472224535399,0.6417405318291676,0.00024174053182917098
29308,24.423740395673263,0.6422240128928284,560,681,1241,0.0,0.0008333472224535399,0.6418211120064441,8.058017727639034e-05
29309,24.424573742895717,0.6398066075745367,560,681,1241,-0.00241740531829171,0.0008333472224535399,0.6415793714746149,-0.00024174053182917098
29310,24.42540709011817,0.6390008058017728,560,681,1241,-0.0008058017727639033,0.0008333472224535399,0.6412570507655093,-0.00032232070910556134
29311,24.426240437340624,0.6398066075745367,560,681,1241,0.0008058017727639033,0.0008333472224535399,0.6410958904109565,-0.00016116035455278067
29312,24.427073784563078,0.6398066075745367,560,681,1241,0.0,0.0008333472224535399,0.6410153102336801,-8.058017727639034e-05
29313,24.42790713178553,0.6381950040290089,560,681,1241,-0.0016116035455278066,0.0008333472224535399,0.6408541498791273,-0.00016116035455278067
29314,24.428740479007985,0.6381950040290089,560,681,1241,0.0,0.0008333472224535399,0.6405318291700217,-0.00032232070910556134
29315,24.42957382623044,0.6381950040290089,560,681,1241,0.0,0.0008333472224535399,0.6401289282836398,-0.00040290088638195165
29316,24.430407173452892,0.6381950040290089,560,681,1241,0.0,0.0008333472224535399,0.639564867042705,-0.0005640612409347323
29317,24.431240520675345,0.6381950040290089,560,681,1241,0.0,0.0008333472224535399,0.6391619661563229,-0.00040290088638195165
29318,24.4320738678978,0.636583400483481,560,681,1241,-0.0016116035455278066,0.0008333472224535399,0.6385979049153881,-0.0005640612409347323
29319,24.432907215120252,0.636583400483481,560,681,1241,0.0,0.0008333472224535399,0.6382755842062826,-0.00032232070910556134
29320,24.433740562342706,0.636583400483481,560,681,1241,0.0,0.0008333472224535399,0.6380338436744534,-0.00024174053182917098
29321,24.43457390956516,0.637389202256245,560,681,1241,0.0008058017727639033,0.0008333472224535399,0.6377921031426242,-0.00024174053182917098
29322,24.435407256787613,0.6357775987107172,560,681,1241,-0.0016116035455278066,0.0008333472224535399,0.6373892022562424,-0.00040290088638195165
29323,24.436240604010067,0.6357775987107172,560,681,1241,0.0,0.0008333472224535399,0.6371474617244133,-0.00024174053182917098
29324,24.43707395123252,0.637389202256245,560,681,1241,0.0016116035455278066,0.0008333472224535399,0.6370668815471369,-8.058017727639034e-05
29325,24.437907298454974,0.6398066075745367,560,681,1241,0.00241740531829171,0.0008333472224535399,0.6372280419016897,0.00016116035455278067
29326,24.43874064567743,0.6390008058017728,560,681,1241,-0.0008058017727639033,0.0008333472224570926,0.6373086220789661,8.058017727639034e-05
29327,24.439573992899884,0.637389202256245,560,681,1241,-0.0016116035455278066,0.0008333472224535399,0.6372280419016898,-8.058017727639034e-05
29328,24.440407340122338,0.6398066075745367,560,681,1241,0.00241740531829171,0.0008333472224535399,0.6375503626107953,0.00032232070910556134
29329,24.44124068734479,0.6398066075745367,560,681,1241,0.0,0.0008333472224535399,0.6378726833199009,0.00032232070910556134
29330,24.442074034567245,0.6406124093473006,560,681,1241,0.0008058017727639033,0.0008333472224535399,0.6382755842062828,0.00040290088638195165
29331,24.4429073817897,0.6398066075745367,560,681,1241,-0.0008058017727639033,0.0008333472224535399,0.638517324738112,0.00024174053182917098
29332,24.443740729012152,0.6398066075745367,560,681,1241,0.0,0.0008333472224535399,0.6389202256244939,0.00040290088638195165
29333,24.444574076234606,0.6406124093473006,560,681,1241,0.0008058017727639033,0.0008333472224535399,0.6394037066881523,0.00048348106365834196
29334,24.44540742345706,0.6406124093473006,560,681,1241,0.0,0.0008333472224535399,0.6397260273972578,0.00032232070910556134
29335,24.446240770679513,0.6406124093473006,560,681,1241,0.0,0.0008333472224535399,0.6398066075745342,8.058017727639034e-05
29336,24.447074117901966,0.6398066075745367,560,681,1241,-0.0008058017727639033,0.0008333472224535399,0.6398871877518106,8.058017727639034e-05
29337,24.44790746512442,0.6398066075745367,560,681,1241,0.0,0.0008333472224535399,0.6401289282836398,0.00024174053182917098
29338,24.448740812346873,0.6398066075745367,560,681,1241,0.0,0.0008333472224535399,0.6401289282836398,0.0
29339,24.449574159569327,0.6406124093473006,560,681,1241,0.0008058017727639033,0.0008333472224535399,0.6402095084609162,8.058017727639034e-05
29340,24.45040750679178,0.6390008058017728,560,681,1241,-0.0016116035455278066,0.0008333472224535399,0.6400483481063634,-0.00016116035455278067
29341,24.451240854014234,0.6390008058017728,560,681,1241,0.0,0.0008333472224535399,0.639967767929087,-8.058017727639034e-05
29342,24.452074201236687,0.6381950040290089,560,681,1241,-0.0008058017727639033,0.0008333472224535399,0.6398066075745342,-0.00016116035455278067
29343,24.45290754845914,0.6398066075745367,560,681,1241,0.0016116035455278066,0.0008333472224535399,0.6397260273972578,-8.058017727639034e-05
29344,24.453740895681594,0.6398066075745367,560,681,1241,0.0,0.0008333472224535399,0.6396454472199814,-8.058017727639034e-05
29345,24.454574242904048,0.6406124093473006,560,681,1241,0.0008058017727639033,0.0008333472224535399,0.6396454472199814,0.0
29346,24.4554075901265,0.6414182111200645,560,681,1241,0.0008058017727639033,0.0008333472224535399,0.6398066075745341,0.00016116035455278067
29347,24.456240937348955,0.6430298146655923,560,681,1241,0.0016116035455278066,0.0008333472224535399,0.6401289282836398,0.00032232070910556134
29348,24.457074284571412,0.6430298146655923,560,681,1241,0.0,0.0008333472224570926,0.6404512489927453,0.00032232070910556134
29349,24.457907631793866,0.6430298146655923,560,681,1241,0.0,0.0008333472224535399,0.6406929895245744,0.00024174053182917098
29350,24.45874097901632,0.6438356164383562,560,681,1241,0.0008058017727639033,0.0008333472224535399,0.6411764705882328,0.00048348106365834196
29351,24.459574326238773,0.6446414182111201,560,681,1241,0.0008058017727639033,0.0008333472224535399,0.6417405318291675,0.0005640612409347323
29352,24.460407673461226,0.645447219983884,560,681,1241,0.0008058017727639033,0.0008333472224535399,0.642465753424655,0.000725221595487513
29353,24.46124102068368,0.6446414182111201,560,681,1241,-0.0008058017727639033,0.0008333472224535399,0.6429492344883133,0.00048348106365834196
29354,24.462074367906133,0.6422240128928284,560,681,1241,-0.00241740531829171,0.0008333472224535399,0.6431909750201426,0.00024174053182917098
29355,24.462907715128587,0.6414182111200645,560,681,1241,-0.0008058017727639033,0.0008333472224535399,0.6432715551974189,8.058017727639034e-05
29356,24.46374106235104,0.6406124093473006,560,681,1241,-0.0008058017727639033,0.0008333472224535399,0.6431909750201426,-8.058017727639034e-05
29357,24.464574409573494,0.6390008058017728,560,681,1241,-0.0016116035455278066,0.0008333472224535399,0.6427880741337606,-0.00040290088638195165
29358,24.465407756795948,0.6381950040290089,560,681,1241,-0.0008058017727639033,0.0008333472224535399,0.6423045930701023,-0.00048348106365834196
29359,24.4662411040184,0.6398066075745367,560,681,1241,0.0016116035455278066,0.0008333472224535399,0.6419822723609967,-0.00032232070910556134
29360,24.467074451240855,0.6398066075745367,560,681,1241,0.0,0.0008333472224535399,0.6415793714746147,-0.00040290088638195165
29361,24.467907798463308,0.637389202256245,560,681,1241,-0.00241740531829171,0.0008333472224535399,0.6408541498791273,-0.000725221595487513
29362,24.46874114568576,0.636583400483481,560,681,1241,-0.0008058017727639033,0.0008333472224535399,0.6399677679290869,-0.0008863819500402936
29363,24.469574492908215,0.636583400483481,560,681,1241,0.0,0.0008333472224535399,0.639161966156323,-0.0008058017727639033
29364,24.47040784013067,0.6381950040290089,560,681,1241,0.0016116035455278066,0.0008333472224535399,0.6387590652699411,-0.00040290088638195165
29365,24.471241187353122,0.6390008058017728,560,681,1241,0.0008058017727639033,0.0008333472224535399,0.638517324738112,-0.00024174053182917098
29366,24.472074534575576,0.6390008058017728,560,681,1241,0.0,0.0008333472224535399,0.6383561643835591,-0.00016116035455278067
29367,24.47290788179803,0.637389202256245,560,681,1241,-0.0016116035455278066,0.0008333472224535399,0.6381950040290063,-0.00016116035455278067
29368,24.473741229020483,0.637389202256245,560,681,1241,0.0,0.0008333472224535399,0.63811442385173,-8.058017727639034e-05
29369,24.47457457624294,0.6381950040290089,560,681,1241,0.0008058017727639033,0.0008333472224570926,0.6379532634971772,-0.00016116035455278067
29370,24.475407923465394,0.6381950040290089,560,681,1241,0.0,0.0008333472224535399,0.6377921031426245,-0.00016116035455278067
29371,24.476241270687847,0.637389202256245,560,681,1241,-0.0008058017727639033,0.0008333472224535399,0.6377921031426245,0.0
29372,24.4770746179103,0.637389202256245,560,681,1241,0.0,0.0008333472224535399,0.6378726833199009,8.058017727639034e-05
29373,24.477907965132754,0.6381950040290089,560,681,1241,0.0008058017727639033,0.0008333472224535399,0.6380338436744537,0.00016116035455278067
29374,24.478741312355208,0.6390008058017728,560,681,1241,0.0008058017727639033,0.0008333472224535399,0.6381144238517301,8.058017727639034e-05
29375,24.47957465957766,0.6398066075745367,560,681,1241,0.0008058017727639033,0.0008333472224535399,0.6381950040290064,8.058017727639034e-05
29376,24.480408006800115,0.637389202256245,560,681,1241,-0.00241740531829171,0.0008333472224535399,0.6380338436744537,-0.00016116035455278067
29377,24.48124135402257,0.636583400483481,560,681,1241,-0.0008058017727639033,0.0008333472224535399,0.6379532634971772,-8.058017727639034e-05
29378,24.482074701245022,0.636583400483481,560,681,1241,0.0,0.0008333472224535399,0.6378726833199008,-8.058017727639034e-05
29379,24.482908048467475,0.6381950040290089,560,681,1241,0.0016116035455278066,0.0008333472224535399,0.6378726833199008,0.0
29380,24.48374139568993,0.637389202256245,560,681,1241,-0.0008058017727639033,0.0008333472224535399,0.6377921031426245,-8.058017727639034e-05
29381,24.484574742912383,0.637389202256245,560,681,1241,0.0,0.0008333472224535399,0.6377921031426245,0.0
29382,24.485408090134836,0.6381950040290089,560,681,1241,0.0008058017727639033,0.0008333472224535399,0.6378726833199008,8.058017727639034e-05
29383,24.48624143735729,0.637389202256245,560,681,1241,-0.0008058017727639033,0.0008333472224535399,0.6377921031426245,-8.058017727639034e-05
29384,24.487074784579743,0.637389202256245,560,681,1241,0.0,0.0008333472224535399,0.6376309427880716,-0.00016116035455278067
29385,24.487908131802197,0.637389202256245,560,681,1241,0.0,0.0008333472224535399,0.6373892022562425,-0.00024174053182917098
29386,24.48874147902465,0.637389202256245,560,681,1241,0.0,0.0008333472224535399,0.6373892022562425,0.0
29387,24.489574826247104,0.636583400483481,560,681,1241,-0.0008058017727639033,0.0008333472224535399,0.6373892022562425,0.0
29388,24.490408173469557,0.6357775987107172,560,681,1241,-0.0008058017727639033,0.0008333472224535399,0.6373086220789662,-8.058017727639034e-05
29389,24.49124152069201,0.636583400483481,560,681,1241,0.0008058017727639033,0.0008333472224535399,0.6371474617244134,-0.00016116035455278067
29390,24.492074867914468,0.6381950040290089,560,681,1241,0.0016116035455278066,0.0008333472224570926,0.6372280419016898,8.058017727639034e-05
29391,24.49290821513692,0.6390008058017728,560,681,1241,0.0008058017727639033,0.0008333472224535399,0.6373892022562425,0.00016116035455278067
29392,24.493741562359375,0.6390008058017728,560,681,1241,0.0,0.0008333472224535399,0.6374697824335189,8.058017727639034e-05
29393,24.49457490958183,0.6381950040290089,560,681,1241,-0.0008058017727639033,0.0008333472224535399,0.6375503626107953,8.058017727639034e-05
29394,24.495408256804282,0.6381950040290089,560,681,1241,0.0,0.0008333472224535399,0.6376309427880716,8.058017727639034e-05
29395,24.496241604026736,0.637389202256245,560,681,1241,-0.0008058017727639033,0.0008333472224535399,0.6376309427880716,0.0
29396,24.49707495124919,0.6381950040290089,560,681,1241,0.0008058017727639033,0.0008333472224535399,0.637711522965348,8.058017727639034e-05
29397,24.497908298471643,0.636583400483481,560,681,1241,-0.0016116035455278066,0.0008333472224535399,0.637711522965348,0.0
29398,24.498741645694096,0.6357775987107172,560,681,1241,-0.0008058017727639033,0.0008333472224535399,0.637711522965348,0.0
29399,24.49957499291655,0.636583400483481,560,681,1241,0.0008058017727639033,0.0008333472224535399,0.637711522965348,0.0
29400,24.500408340139003,0.636583400483481,560,681,1241,0.0,0.0008333472224535399,0.6375503626107952,-0.00016116035455278067
29401,24.501241687361457,0.637389202256245,560,681,1241,0.0008058017727639033,0.0008333472224535399,0.6373892022562424,-0.00016116035455278067
29402,24.50207503458391,0.6357775987107172,560,681,1241,-0.0016116035455278066,0.0008333472224535399,0.6370668815471369,-0.00032232070910556134
29403,24.502908381806364,0.636583400483481,560,681,1241,0.0008058017727639033,0.0008333472224535399,0.6369057211925842,-0.00016116035455278067
29404,24.503741729028818,0.637389202256245,560,681,1241,0.0008058017727639033,0.0008333472224535399,0.6368251410153077,-8.058017727639034e-05
29405,24.50457507625127,0.6390008058017728,560,681,1241,0.0016116035455278066,0.0008333472224535399,0.6369863013698606,0.00016116035455278067
29406,24.505408423473725,0.6381950040290089,560,681,1241,-0.0008058017727639033,0.0008333472224535399,0.6369863013698606,0.0
29407,24.506241770696178,0.6381950040290089,560,681,1241,0.0,0.0008333472224535399,0.6371474617244133,0.00016116035455278067
29408,24.50707511791863,0.6390008058017728,560,681,1241,0.0008058017727639033,0.0008333472224535399,0.6374697824335189,0.00032232070910556134
29409,24.507908465141085,0.6390008058017728,560,681,1241,0.0,0.0008333472224535399,0.637711522965348,0.00024174053182917098
29410,24.50874181236354,0.6398066075745367,560,681,1241,0.0008058017727639033,0.0008333472224535399,0.6380338436744537,0.00032232070910556134
29411,24.509575159585996,0.6390008058017728,560,681,1241,-0.0008058017727639033,0.0008333472224570926,0.6381950040290064,0.00016116035455278067
29412,24.51040850680845,0.637389202256245,560,681,1241,-0.0016116035455278066,0.0008333472224535399,0.6383561643835592,0.00016116035455278067
29413,24.511241854030903,0.636583400483481,560,681,1241,-0.0008058017727639033,0.0008333472224535399,0.6383561643835592,0.0
29414,24.512075201253356,0.636583400483481,560,681,1241,0.0,0.0008333472224535399,0.6382755842062828,-8.058017727639034e-05
29415,24.51290854847581,0.6357775987107172,560,681,1241,-0.0008058017727639033,0.0008333472224535399,0.6379532634971772,-0.00032232070910556134
29416,24.513741895698264,0.637389202256245,560,681,1241,0.0016116035455278066,0.0008333472224535399,0.6378726833199009,-8.058017727639034e-05
29417,24.514575242920717,0.6381950040290089,560,681,1241,0.0008058017727639033,0.0008333472224535399,0.6378726833199009,0.0
29418,24.51540859014317,0.637389202256245,560,681,1241,-0.0008058017727639033,0.0008333472224535399,0.637711522965348,-0.00016116035455278067
29419,24.516241937365624,0.637389202256245,560,681,1241,0.0,0.0008333472224535399,0.6375503626107953,-0.00016116035455278067
29420,24.517075284588078,0.6357775987107172,560,681,1241,-0.0016116035455278066,0.0008333472224535399,0.6371474617244134,-0.00040290088638195165
29421,24.51790863181053,0.636583400483481,560,681,1241,0.0008058017727639033,0.0008333472224535399,0.6369057211925842,-0.00024174053182917098
29422,24.518741979032985,0.636583400483481,560,681,1241,0.0,0.0008333472224535399,0.6368251410153077,-8.058017727639034e-05
29423,24.51957532625544,0.636583400483481,560,681,1241,0.0,0.0008333472224535399,0.6368251410153077,0.0
29424,24.520408673477892,0.636583400483481,560,681,1241,0.0,0.0008333472224535399,0.6368251410153077,0.0
29425,24.521242020700345,0.6357775987107172,560,681,1241,-0.0008058017727639033,0.0008333472224535399,0.6368251410153077,0.0
29426,24.5220753679228,0.6349717969379532,560,681,1241,-0.0008058017727639033,0.0008333472224535399,0.6365834004834785,-0.00024174053182917098
29427,24.522908715145253,0.6325543916196615,560,681,1241,-0.00241740531829171,0.0008333472224535399,0.6360193392425438,-0.0005640612409347323
29428,24.523742062367706,0.6333601933924254,560,681,1241,0.0008058017727639033,0.0008333472224535399,0.6356164383561619,-0.00040290088638195165
29429,24.52457540959016,0.6349717969379532,560,681,1241,0.0016116035455278066,0.0008333472224535399,0.6353746978243326,-0.00024174053182917098
29430,24.525408756812613,0.6381950040290089,560,681,1241,0.003223207091055613,0.0008333472224535399,0.6356164383561618,0.00024174053182917098
29431,24.526242104035067,0.6381950040290089,560,681,1241,0.0,0.0008333472224535399,0.6357775987107146,0.00016116035455278067
29432,24.527075451257524,0.637389202256245,560,681,1241,-0.0008058017727639033,0.0008333472224570926,0.635858178887991,8.058017727639034e-05
29433,24.527908798479977,0.636583400483481,560,681,1241,-0.0008058017727639033,0.0008333472224535399,0.635858178887991,0.0
29434,24.52874214570243,0.6381950040290089,560,681,1241,0.0016116035455278066,0.0008333472224535399,0.6360193392425437,0.00016116035455278067
29435,24.529575492924884,0.6390008058017728,560,681,1241,0.0008058017727639033,0.0008333472224535399,0.6363416599516494,0.00032232070910556134
29436,24.530408840147338,0.6390008058017728,560,681,1241,0.0,0.0008333472224535399,0.6367445608380313,0.00040290088638195165
29437,24.53124218736979,0.6390008058017728,560,681,1241,0.0,0.0008333472224535399,0.6373892022562424,0.0006446414182111227
29438,24.532075534592245,0.6398066075745367,560,681,1241,0.0008058017727639033,0.0008333472224535399,0.6380338436744536,0.0006446414182111227
29439,24.5329088818147,0.6398066075745367,560,681,1241,0.0,0.0008333472224535399,0.638517324738112,0.00048348106365834196
29440,24.533742229037152,0.6398066075745367,560,681,1241,0.0,0.0008333472224535399,0.6386784850926647,0.00016116035455278067
29441,24.534575576259606,0.6398066075745367,560,681,1241,0.0,0.0008333472224535399,0.6388396454472175,0.00016116035455278067
29442,24.53540892348206,0.6398066075745367,560,681,1241,0.0,0.0008333472224535399,0.6390813859790466,0.00024174053182917098
29443,24.536242270704513,0.6390008058017728,560,681,1241,-0.0008058017727639033,0.0008333472224535399,0.6393231265108759,0.00024174053182917098
29444,24.537075617926966,0.6398066075745367,560,681,1241,0.0008058017727639033,0.0008333472224535399,0.6394842868654286,0.00016116035455278067
29445,24.53790896514942,0.6390008058017728,560,681,1241,-0.0008058017727639033,0.0008333472224535399,0.6394842868654286,0.0
29446,24.538742312371873,0.6390008058017728,560,681,1241,0.0,0.0008333472224535399,0.6394842868654286,0.0
29447,24.539575659594327,0.6390008058017728,560,681,1241,0.0,0.0008333472224535399,0.6394842868654286,0.0
29448,24.54040900681678,0.6381950040290089,560,681,1241,-0.0008058017727639033,0.0008333472224535399,0.6393231265108759,-0.00016116035455278067
29449,24.541242354039234,0.6381950040290089,560,681,1241,0.0,0.0008333472224535399,0.639161966156323,-0.00016116035455278067
29450,24.542075701261687,0.6398066075745367,560,681,1241,0.0016116035455278066,0.0008333472224535399,0.639161966156323,0.0
29451,24.54290904848414,0.6390008058017728,560,681,1241,-0.0008058017727639033,0.0008333472224535399,0.6390813859790467,-8.058017727639034e-05
29452,24.543742395706595,0.6390008058017728,560,681,1241,0.0,0.0008333472224535399,0.6390008058017703,-8.058017727639034e-05
29453,24.544575742929048,0.6398066075745367,560,681,1241,0.0008058017727639033,0.0008333472224535399,0.6390813859790467,8.058017727639034e-05
29454,24.545409090151505,0.6406124093473006,560,681,1241,0.0008058017727639033,0.0008333472224570926,0.6391619661563231,8.058017727639034e-05
29455,24.54624243737396,0.6398066075745367,560,681,1241,-0.0008058017727639033,0.0008333472224535399,0.6392425463335994,8.058017727639034e-05
29456,24.547075784596412,0.6390008058017728,560,681,1241,-0.0008058017727639033,0.0008333472224535399,0.6392425463335994,0.0
29457,24.547909131818866,0.6381950040290089,560,681,1241,-0.0008058017727639033,0.0008333472224535399,0.639161966156323,-8.058017727639034e-05
29458,24.54874247904132,0.6390008058017728,560,681,1241,0.0008058017727639033,0.0008333472224535399,0.6392425463335994,8.058017727639034e-05
29459,24.549575826263773,0.6414182111200645,560,681,1241,0.00241740531829171,0.0008333472224535399,0.639564867042705,0.00032232070910556134
29460,24.550409173486226,0.6406124093473006,560,681,1241,-0.0008058017727639033,0.0008333472224535399,0.6396454472199815,8.058017727639034e-05
29461,24.55124252070868,0.6398066075745367,560,681,1241,-0.0008058017727639033,0.0008333472224535399,0.6397260273972578,8.058017727639034e-05
29462,24.552075867931134,0.6390008058017728,560,681,1241,-0.0008058017727639033,0.0008333472224535399,0.6397260273972578,0.0
29463,24.552909215153587,0.6406124093473006,560,681,1241,0.0016116035455278066,0.0008333472224535399,0.6398066075745342,8.058017727639034e-05
29464,24.55374256237604,0.6414182111200645,560,681,1241,0.0008058017727639033,0.0008333472224535399,0.6398871877518106,8.058017727639034e-05
29465,24.554575909598494,0.6406124093473006,560,681,1241,-0.0008058017727639033,0.0008333472224535399,0.639967767929087,8.058017727639034e-05
29466,24.555409256820948,0.6398066075745367,560,681,1241,-0.0008058017727639033,0.0008333472224535399,0.6400483481063634,8.058017727639034e-05
29467,24.5562426040434,0.6406124093473006,560,681,1241,0.0008058017727639033,0.0008333472224535399,0.6402900886381926,0.00024174053182917098
29468,24.557075951265855,0.6430298146655923,560,681,1241,0.00241740531829171,0.0008333472224535399,0.6406929895245745,0.00040290088638195165
29469,24.55790929848831,0.6422240128928284,560,681,1241,-0.0008058017727639033,0.0008333472224535399,0.640773569701851,8.058017727639034e-05
29470,24.558742645710762,0.6406124093473006,560,681,1241,-0.0016116035455278066,0.0008333472224535399,0.640773569701851,0.0
29471,24.559575992933215,0.6406124093473006,560,681,1241,0.0,0.0008333472224535399,0.6408541498791274,8.058017727639034e-05
29472,24.56040934015567,0.6406124093473006,560,681,1241,0.0,0.0008333472224535399,0.6410153102336802,0.00016116035455278067
29473,24.561242687378122,0.6398066075745367,560,681,1241,-0.0008058017727639033,0.0008333472224535399,0.6409347300564037,-8.058017727639034e-05
29474,24.562076034600576,0.6406124093473006,560,681,1241,0.0008058017727639033,0.0008333472224535399,0.6408541498791274,-8.058017727639034e-05
29475,24.562909381823033,0.6398066075745367,560,681,1241,-0.0008058017727639033,0.0008333472224570926,0.640773569701851,-8.058017727639034e-05
29476,24.563742729045487,0.6390008058017728,560,681,1241,-0.0008058017727639033,0.0008333472224535399,0.6406929895245745,-8.058017727639034e-05
29477,24.56457607626794,0.6390008058017728,560,681,1241,0.0,0.0008333472224535399,0.6405318291700218,-0.00016116035455278067
29478,24.565409423490394,0.6390008058017728,560,681,1241,0.0,0.0008333472224535399,0.6401289282836399,-0.00040290088638195165
29479,24.566242770712847,0.6398066075745367,560,681,1241,0.0008058017727639033,0.0008333472224535399,0.6398871877518106,-0.00024174053182917098
29480,24.5670761179353,0.6381950040290089,560,681,1241,-0.0016116035455278066,0.0008333472224535399,0.6396454472199815,-0.00024174053182917098
29481,24.567909465157754,0.636583400483481,560,681,1241,-0.0016116035455278066,0.0008333472224535399,0.6392425463335994,-0.00040290088638195165
29482,24.568742812380208,0.636583400483481,560,681,1241,0.0,0.0008333472224535399,0.6388396454472175,-0.00040290088638195165
29483,24.56957615960266,0.6357775987107172,560,681,1241,-0.0008058017727639033,0.0008333472224535399,0.6384367445608355,-0.00040290088638195165
29484,24.570409506825115,0.6349717969379532,560,681,1241,-0.0008058017727639033,0.0008333472224535399,0.6378726833199008,-0.0005640612409347323
29485,24.57124285404757,0.6349717969379532,560,681,1241,0.0,0.0008333472224535399,0.6373892022562424,-0.00048348106365834196
29486,24.572076201270022,0.6349717969379532,560,681,1241,0.0,0.0008333472224535399,0.6369863013698605,-0.00040290088638195165
29487,24.572909548492476,0.6357775987107172,560,681,1241,0.0008058017727639033,0.0008333472224535399,0.6366639806607549,-0.00032232070910556134
29488,24.57374289571493,0.6341659951651893,560,681,1241,-0.0016116035455278066,0.0008333472224535399,0.6361804995970965,-0.00048348106365834196
29489,24.574576242937383,0.6357775987107172,560,681,1241,0.0016116035455278066,0.0008333472224535399,0.6357775987107146,-0.00040290088638195165
29490,24.575409590159836,0.637389202256245,560,681,1241,0.0016116035455278066,0.0008333472224535399,0.6356970185334383,-8.058017727639034e-05
29491,24.57624293738229,0.6390008058017728,560,681,1241,0.0016116035455278066,0.0008333472224535399,0.6359387590652675,0.00024174053182917098
29492,24.577076284604743,0.6390008058017728,560,681,1241,0.0,0.0008333472224535399,0.6361804995970968,0.00024174053182917098
29493,24.577909631827197,0.6390008058017728,560,681,1241,0.0,0.0008333472224535399,0.6365028203062023,0.00032232070910556134
29494,24.57874297904965,0.6406124093473006,560,681,1241,0.0016116035455278066,0.0008333472224535399,0.6370668815471371,0.0005640612409347323
29495,24.579576326272104,0.6390008058017728,560,681,1241,-0.0016116035455278066,0.0008333472224535399,0.637469782433519,0.00040290088638195165
29496,24.58040967349456,0.6390008058017728,560,681,1241,0.0,0.0008333472224570926,0.6378726833199011,0.00040290088638195165
29497,24.581243020717015,0.6390008058017728,560,681,1241,0.0,0.0008333472224535399,0.6381950040290066,0.00032232070910556134
29498,24.582076367939468,0.6390008058017728,560,681,1241,0.0,0.0008333472224535399,0.638678485092665,0.00048348106365834196
29499,24.58290971516192,0.6398066075745367,560,681,1241,0.0008058017727639033,0.0008333472224535399,0.6390813859790468,0.00040290088638195165
29500,24.583743062384375,0.6398066075745367,560,681,1241,0.0,0.0008333472224535399,0.639323126510876,0.00024174053182917098
29501,24.58457640960683,0.6381950040290089,560,681,1241,-0.0016116035455278066,0.0008333472224535399,0.6392425463335996,-8.058017727639034e-05
29502,24.585409756829282,0.6381950040290089,560,681,1241,0.0,0.0008333472224535399,0.6391619661563231,-8.058017727639034e-05
29503,24.586243104051736,0.637389202256245,560,681,1241,-0.0008058017727639033,0.0008333472224535399,0.6390008058017703,-0.00016116035455278067
29504,24.58707645127419,0.6381950040290089,560,681,1241,0.0008058017727639033,0.0008333472224535399,0.6387590652699411,-0.00024174053182917098
29505,24.587909798496643,0.6398066075745367,560,681,1241,0.0016116035455278066,0.0008333472224535399,0.6388396454472175,8.058017727639034e-05
29506,24.588743145719096,0.6390008058017728,560,681,1241,-0.0008058017727639033,0.0008333472224535399,0.6388396454472175,0.0
29507,24.58957649294155,0.6390008058017728,560,681,1241,0.0,0.0008333472224535399,0.6388396454472175,0.0
29508,24.590409840164003,0.6398066075745367,560,681,1241,0.0008058017727639033,0.0008333472224535399,0.6389202256244938,8.058017727639034e-05
29509,24.591243187386457,0.6398066075745367,560,681,1241,0.0,0.0008333472224535399,0.6389202256244938,0.0
29510,24.59207653460891,0.6381950040290089,560,681,1241,-0.0016116035455278066,0.0008333472224535399,0.6387590652699411,-0.00016116035455278067
29511,24.592909881831364,0.6381950040290089,560,681,1241,0.0,0.0008333472224535399,0.6387590652699411,0.0
29512,24.593743229053818,0.6357775987107172,560,681,1241,-0.00241740531829171,0.0008333472224535399,0.638517324738112,-0.00024174053182917098
29513,24.59457657627627,0.6349717969379532,560,681,1241,-0.0008058017727639033,0.0008333472224535399,0.6382755842062827,-0.00024174053182917098
29514,24.595409923498725,0.6349717969379532,560,681,1241,0.0,0.0008333472224535399,0.6379532634971772,-0.00032232070910556134
29515,24.596243270721178,0.6349717969379532,560,681,1241,0.0,0.0008333472224535399,0.6374697824335188,-0.00048348106365834196
29516,24.59707661794363,0.6357775987107172,560,681,1241,0.0008058017727639033,0.0008333472224535399,0.6371474617244133,-0.00032232070910556134
29517,24.59790996516609,0.636583400483481,560,681,1241,0.0008058017727639033,0.0008333472224570926,0.636905721192584,-0.00024174053182917098
29518,24.598743312388542,0.6357775987107172,560,681,1241,-0.0008058017727639033,0.0008333472224535399,0.6365028203062021,-0.00040290088638195165
29519,24.599576659610996,0.637389202256245,560,681,1241,0.0016116035455278066,0.0008333472224535399,0.636261079774373,-0.00024174053182917098
29520,24.60041000683345,0.637389202256245,560,681,1241,0.0,0.0008333472224535399,0.6361804995970967,-8.058017727639034e-05
29521,24.601243354055903,0.637389202256245,560,681,1241,0.0,0.0008333472224535399,0.6360999194198202,-8.058017727639034e-05
29522,24.602076701278357,0.636583400483481,560,681,1241,-0.0008058017727639033,0.0008333472224535399,0.6361804995970967,8.058017727639034e-05
29523,24.60291004850081,0.636583400483481,560,681,1241,0.0,0.0008333472224535399,0.6363416599516494,0.00016116035455278067
29524,24.603743395723264,0.6349717969379532,560,681,1241,-0.0016116035455278066,0.0008333472224535399,0.6363416599516494,0.0
29525,24.604576742945717,0.6357775987107172,560,681,1241,0.0008058017727639033,0.0008333472224535399,0.6364222401289259,8.058017727639034e-05
29526,24.60541009016817,0.6341659951651893,560,681,1241,-0.0016116035455278066,0.0008333472224535399,0.6362610797743731,-0.00016116035455278067
29527,24.606243437390624,0.6349717969379532,560,681,1241,0.0008058017727639033,0.0008333472224535399,0.6360999194198202,-0.00016116035455278067
29528,24.607076784613078,0.6357775987107172,560,681,1241,0.0008058017727639033,0.0008333472224535399,0.6360999194198202,0.0
29529,24.60791013183553,0.636583400483481,560,681,1241,0.0008058017727639033,0.0008333472224535399,0.6360193392425438,-8.058017727639034e-05
29530,24.608743479057985,0.637389202256245,560,681,1241,0.0008058017727639033,0.0008333472224535399,0.6360193392425438,0.0
29531,24.60957682628044,0.6357775987107172,560,681,1241,-0.0016116035455278066,0.0008333472224535399,0.6358581788879911,-0.00016116035455278067
29532,24.610410173502892,0.6333601933924254,560,681,1241,-0.00241740531829171,0.0008333472224535399,0.6355358581788855,-0.00032232070910556134
29533,24.611243520725345,0.6341659951651893,560,681,1241,0.0008058017727639033,0.0008333472224535399,0.6352941176470563,-0.00024174053182917098
29534,24.6120768679478,0.6341659951651893,560,681,1241,0.0,0.0008333472224535399,0.63521353746978,-8.058017727639034e-05
29535,24.612910215170253,0.6333601933924254,560,681,1241,-0.0008058017727639033,0.0008333472224535399,0.6349717969379508,-0.00024174053182917098
29536,24.613743562392706,0.6333601933924254,560,681,1241,0.0,0.0008333472224535399,0.6348912167606744,-8.058017727639034e-05
29537,24.61457690961516,0.6317485898468976,560,681,1241,-0.0016116035455278066,0.0008333472224535399,0.6345688960515689,-0.00032232070910556134
29538,24.615410256837617,0.6301369863013698,560,681,1241,-0.0016116035455278066,0.0008333472224570926,0.6340048348106341,-0.0005640612409347323
29539,24.61624360406007,0.6301369863013698,560,681,1241,0.0,0.0008333472224535399,0.6333601933924229,-0.0006446414182111227
29540,24.617076951282524,0.6301369863013698,560,681,1241,0.0,0.0008333472224535399,0.6326349717969354,-0.000725221595487513
29541,24.617910298504977,0.6309427880741337,560,681,1241,0.0008058017727639033,0.0008333472224535399,0.632151490733277,-0.00048348106365834196
29542,24.61874364572743,0.6301369863013698,560,681,1241,-0.0008058017727639033,0.0008333472224535399,0.6318291700241715,-0.00032232070910556134
29543,24.619576992949884,0.6301369863013698,560,681,1241,0.0,0.0008333472224535399,0.6314262691377894,-0.00040290088638195165
29544,24.620410340172338,0.6293311845286059,560,681,1241,-0.0008058017727639033,0.0008333472224535399,0.6309427880741312,-0.00048348106365834196
29545,24.62124368739479,0.6293311845286059,560,681,1241,0.0,0.0008333472224535399,0.6305398871877492,-0.00040290088638195165
29546,24.622077034617245,0.6301369863013698,560,681,1241,0.0008058017727639033,0.0008333472224535399,0.6302175664786437,-0.00032232070910556134
29547,24.6229103818397,0.6309427880741337,560,681,1241,0.0008058017727639033,0.0008333472224535399,0.6301369863013673,-8.058017727639034e-05
29548,24.623743729062152,0.6309427880741337,560,681,1241,0.0,0.0008333472224535399,0.6302175664786438,8.058017727639034e-05
29549,24.624577076284606,0.6301369863013698,560,681,1241,-0.0008058017727639033,0.0008333472224535399,0.6302175664786438,0.0
29550,24.62541042350706,0.6269137792103142,560,681,1241,-0.003223207091055613,0.0008333472224535399,0.6298952457695381,-0.00032232070910556134
29551,24.626243770729513,0.6269137792103142,560,681,1241,0.0,0.0008333472224535399,0.6294923448831562,-0.00040290088638195165
29552,24.627077117951966,0.6269137792103142,560,681,1241,0.0,0.0008333472224535399,0.6291700241740507,-0.00032232070910556134
29553,24.62791046517442,0.628525382755842,560,681,1241,0.0016116035455278066,0.0008333472224535399,0.6290088638194978,-0.00016116035455278067
29554,24.628743812396873,0.6277195809830781,560,681,1241,-0.0008058017727639033,0.0008333472224535399,0.6288477034649451,-0.00016116035455278067
29555,24.629577159619327,0.6277195809830781,560,681,1241,0.0,0.0008333472224535399,0.6286865431103923,-0.00016116035455278067
29556,24.63041050684178,0.6269137792103142,560,681,1241,-0.0008058017727639033,0.0008333472224535399,0.6283642224012868,-0.00032232070910556134
29557,24.631243854064234,0.6269137792103142,560,681,1241,0.0,0.0008333472224535399,0.6279613215149047,-0.00040290088638195165
29558,24.632077201286688,0.6269137792103142,560,681,1241,0.0,0.0008333472224535399,0.6275584206285227,-0.00040290088638195165
29559,24.632910548509145,0.6269137792103142,560,681,1241,0.0,0.0008333472224570926,0.6272360999194172,-0.00032232070910556134
29560,24.633743895731598,0.6269137792103142,560,681,1241,0.0,0.0008333472224535399,0.6272360999194172,0.0
29561,24.63457724295405,0.6269137792103142,560,681,1241,0.0,0.0008333472224535399,0.6272360999194172,0.0
29562,24.635410590176505,0.6269137792103142,560,681,1241,0.0,0.0008333472224535399,0.6272360999194172,0.0
29563,24.63624393739896,0.6261079774375503,560,681,1241,-0.0008058017727639033,0.0008333472224535399,0.6269943593875881,-0.00024174053182917098
29564,24.637077284621412,0.6261079774375503,560,681,1241,0.0,0.0008333472224535399,0.6268331990330352,-0.00016116035455278067
29565,24.637910631843866,0.6277195809830781,560,681,1241,0.0016116035455278066,0.0008333472224535399,0.6268331990330352,0.0
29566,24.63874397906632,0.6277195809830781,560,681,1241,0.0,0.0008333472224535399,0.6269137792103117,8.058017727639034e-05
29567,24.639577326288773,0.6277195809830781,560,681,1241,0.0,0.0008333472224535399,0.6269943593875882,8.058017727639034e-05
29568,24.640410673511226,0.6269137792103142,560,681,1241,-0.0008058017727639033,0.0008333472224535399,0.6269943593875882,0.0
29569,24.64124402073368,0.6269137792103142,560,681,1241,0.0,0.0008333472224535399,0.6269943593875882,0.0
29570,24.642077367956134,0.6269137792103142,560,681,1241,0.0,0.0008333472224535399,0.6269943593875882,0.0
29571,24.642910715178587,0.6277195809830781,560,681,1241,0.0008058017727639033,0.0008333472224535399,0.6270749395648646,8.058017727639034e-05
29572,24.64374406240104,0.628525382755842,560,681,1241,0.0008058017727639033,0.0008333472224535399,0.6272360999194173,0.00016116035455278067
29573,24.644577409623494,0.628525382755842,560,681,1241,0.0,0.0008333472224535399,0.6274778404512464,0.00024174053182917098
29574,24.645410756845948,0.6269137792103142,560,681,1241,-0.0016116035455278066,0.0008333472224535399,0.6275584206285229,8.058017727639034e-05
29575,24.6462441040684,0.6269137792103142,560,681,1241,0.0,0.0008333472224535399,0.6274778404512464,-8.058017727639034e-05
29576,24.647077451290855,0.6293311845286059,560,681,1241,0.00241740531829171,0.0008333472224535399,0.6276390008057992,0.00016116035455278067
29577,24.64791079851331,0.6293311845286059,560,681,1241,0.0,0.0008333472224535399,0.627800161160352,0.00016116035455278067
29578,24.648744145735762,0.6309427880741337,560,681,1241,0.0016116035455278066,0.0008333472224535399,0.6282030620467339,0.00040290088638195165
29579,24.649577492958215,0.6277195809830781,560,681,1241,-0.003223207091055613,0.0008333472224535399,0.6282836422240103,8.058017727639034e-05
29580,24.65041084018067,0.6269137792103142,560,681,1241,-0.0008058017727639033,0.0008333472224535399,0.6282836422240103,0.0
29581,24.651244187403126,0.6269137792103142,560,681,1241,0.0,0.0008333472224570926,0.6282030620467339,-8.058017727639034e-05
29582,24.65207753462558,0.6269137792103142,560,681,1241,0.0,0.0008333472224535399,0.6280419016921812,-0.00016116035455278067
29583,24.652910881848033,0.6269137792103142,560,681,1241,0.0,0.0008333472224535399,0.6278807413376284,-0.00016116035455278067
29584,24.653744229070487,0.6261079774375503,560,681,1241,-0.0008058017727639033,0.0008333472224535399,0.6278001611603521,-8.058017727639034e-05
29585,24.65457757629294,0.6269137792103142,560,681,1241,0.0008058017727639033,0.0008333472224535399,0.6278001611603521,0.0
29586,24.655410923515394,0.6277195809830781,560,681,1241,0.0008058017727639033,0.0008333472224535399,0.6276390008057993,-0.00016116035455278067
29587,24.656244270737847,0.6277195809830781,560,681,1241,0.0,0.0008333472224535399,0.6274778404512464,-0.00016116035455278067
29588,24.6570776179603,0.628525382755842,560,681,1241,0.0008058017727639033,0.0008333472224535399,0.6272360999194173,-0.00024174053182917098
29589,24.657910965182754,0.6269137792103142,560,681,1241,-0.0016116035455278066,0.0008333472224535399,0.6271555197421408,-8.058017727639034e-05
29590,24.658744312405208,0.6261079774375503,560,681,1241,-0.0008058017727639033,0.0008333472224535399,0.6270749395648645,-8.058017727639034e-05
29591,24.65957765962766,0.6261079774375503,560,681,1241,0.0,0.0008333472224535399,0.6269943593875882,-8.058017727639034e-05
29592,24.660411006850115,0.6261079774375503,560,681,1241,0.0,0.0008333472224535399,0.6269137792103118,-8.058017727639034e-05
29593,24.66124435407257,0.6269137792103142,560,681,1241,0.0008058017727639033,0.0008333472224535399,0.6269137792103118,0.0
29594,24.662077701295022,0.6277195809830781,560,681,1241,0.0008058017727639033,0.0008333472224535399,0.6270749395648646,0.00016116035455278067
29595,24.662911048517476,0.628525382755842,560,681,1241,0.0008058017727639033,0.0008333472224535399,0.6272360999194173,0.00016116035455278067
29596,24.66374439573993,0.628525382755842,560,681,1241,0.0,0.0008333472224535399,0.6273166800966937,8.058017727639034e-05
29597,24.664577742962383,0.6293311845286059,560,681,1241,0.0008058017727639033,0.0008333472224535399,0.6274778404512464,0.00016116035455278067
29598,24.665411090184836,0.6309427880741337,560,681,1241,0.0016116035455278066,0.0008333472224535399,0.6277195809830757,0.00024174053182917098
29599,24.66624443740729,0.6317485898468976,560,681,1241,0.0008058017727639033,0.0008333472224535399,0.628203062046734,0.00048348106365834196
29600,24.667077784629743,0.6301369863013698,560,681,1241,-0.0016116035455278066,0.0008333472224535399,0.628605962933116,0.00040290088638195165
29601,24.667911131852197,0.6317485898468976,560,681,1241,0.0016116035455278066,0.0008333472224535399,0.6291700241740507,0.0005640612409347323
29602,24.668744479074654,0.6333601933924254,560,681,1241,0.0016116035455278066,0.0008333472224570926,0.6298952457695381,0.000725221595487513
29603,24.669577826297107,0.6317485898468976,560,681,1241,-0.0016116035455278066,0.0008333472224535399,0.6303787268331964,0.00048348106365834196
29604,24.67041117351956,0.6317485898468976,560,681,1241,0.0,0.0008333472224535399,0.6307816277195784,0.00040290088638195165
29605,24.671244520742015,0.6317485898468976,560,681,1241,0.0,0.0008333472224535399,0.6311039484286839,0.00032232070910556134
29606,24.672077867964468,0.6325543916196615,560,681,1241,0.0008058017727639033,0.0008333472224535399,0.631506849315066,0.00040290088638195165
29607,24.67291121518692,0.6333601933924254,560,681,1241,0.0008058017727639033,0.0008333472224535399,0.6319097502014478,0.00040290088638195165
29608,24.673744562409375,0.6341659951651893,560,681,1241,0.0008058017727639033,0.0008333472224535399,0.6322320709105533,0.00032232070910556134
29609,24.67457790963183,0.6341659951651893,560,681,1241,0.0,0.0008333472224535399,0.6324738114423826,0.00024174053182917098
29610,24.675411256854282,0.6341659951651893,560,681,1241,0.0,0.0008333472224535399,0.6328767123287646,0.00040290088638195165
29611,24.676244604076736,0.6341659951651893,560,681,1241,0.0,0.0008333472224535399,0.6331184528605938,0.00024174053182917098
29612,24.67707795129919,0.6317485898468976,560,681,1241,-0.00241740531829171,0.0008333472224535399,0.632957292506041,-0.00016116035455278067
29613,24.677911298521643,0.6309427880741337,560,681,1241,-0.0008058017727639033,0.0008333472224535399,0.6328767123287646,-8.058017727639034e-05
29614,24.678744645744096,0.6301369863013698,560,681,1241,-0.0008058017727639033,0.0008333472224535399,0.6327155519742119,-0.00016116035455278067
29615,24.67957799296655,0.6293311845286059,560,681,1241,-0.0008058017727639033,0.0008333472224535399,0.6324738114423828,-0.00024174053182917098
29616,24.680411340189004,0.6301369863013698,560,681,1241,0.0008058017727639033,0.0008333472224535399,0.6322320709105536,-0.00024174053182917098
29617,24.681244687411457,0.6293311845286059,560,681,1241,-0.0008058017727639033,0.0008333472224535399,0.6318291700241716,-0.00040290088638195165
29618,24.68207803463391,0.6293311845286059,560,681,1241,0.0,0.0008333472224535399,0.6313456889605134,-0.00048348106365834196
29619,24.682911381856364,0.628525382755842,560,681,1241,-0.0008058017727639033,0.0008333472224535399,0.6307816277195786,-0.0005640612409347323
29620,24.683744729078818,0.6277195809830781,560,681,1241,-0.0008058017727639033,0.0008333472224535399,0.6301369863013674,-0.0006446414182111227
29621,24.68457807630127,0.6261079774375503,560,681,1241,-0.0016116035455278066,0.0008333472224535399,0.6293311845286035,-0.0008058017727639033
29622,24.685411423523725,0.6261079774375503,560,681,1241,0.0,0.0008333472224535399,0.6287671232876688,-0.0005640612409347323
29623,24.686244770746182,0.6277195809830781,560,681,1241,0.0016116035455278066,0.0008333472224570926,0.6284448025785633,-0.00032232070910556134
29624,24.687078117968635,0.6293311845286059,560,681,1241,0.0016116035455278066,0.0008333472224535399,0.6283642224012869,-8.058017727639034e-05
29625,24.68791146519109,0.6309427880741337,560,681,1241,0.0016116035455278066,0.0008333472224535399,0.6285253827558397,0.00016116035455278067
29626,24.688744812413542,0.6325543916196615,560,681,1241,0.0016116035455278066,0.0008333472224535399,0.6287671232876689,0.00024174053182917098
29627,24.689578159635996,0.6325543916196615,560,681,1241,0.0,0.0008333472224535399,0.6290894439967745,0.00032232070910556134
29628,24.69041150685845,0.6325543916196615,560,681,1241,0.0,0.0008333472224535399,0.62941176470588,0.00032232070910556134
29629,24.691244854080903,0.6333601933924254,560,681,1241,0.0008058017727639033,0.0008333472224535399,0.6298952457695384,0.00048348106365834196
29630,24.692078201303357,0.636583400483481,560,681,1241,0.003223207091055613,0.0008333472224535399,0.6307816277195786,0.0008863819500402936
29631,24.69291154852581,0.6381950040290089,560,681,1241,0.0016116035455278066,0.0008333472224535399,0.6319903303787244,0.001208702659145855
29632,24.693744895748264,0.6390008058017728,560,681,1241,0.0008058017727639033,0.0008333472224535399,0.6332796132151467,0.0012892828364222454
29633,24.694578242970717,0.6381950040290089,560,681,1241,-0.0008058017727639033,0.0008333472224535399,0.6343271555197397,0.0010475423045930743
29634,24.69541159019317,0.6381950040290089,560,681,1241,0.0,0.0008333472224535399,0.6352135374697799,0.0008863819500402936
29635,24.696244937415624,0.6381950040290089,560,681,1241,0.0,0.0008333472224535399,0.6359387590652674,0.000725221595487513
29636,24.697078284638078,0.637389202256245,560,681,1241,-0.0008058017727639033,0.0008333472224535399,0.6364222401289258,0.00048348106365834196
29637,24.69791163186053,0.636583400483481,560,681,1241,-0.0008058017727639033,0.0008333472224535399,0.6368251410153076,0.00040290088638195165
29638,24.698744979082985,0.636583400483481,560,681,1241,0.0,0.0008333472224535399,0.6372280419016896,0.00040290088638195165
29639,24.69957832630544,0.636583400483481,560,681,1241,0.0,0.0008333472224535399,0.6375503626107951,0.00032232070910556134
29640,24.700411673527892,0.6357775987107172,560,681,1241,-0.0008058017727639033,0.0008333472224535399,0.6374697824335188,-8.058017727639034e-05
29641,24.701245020750346,0.6357775987107172,560,681,1241,0.0,0.0008333472224535399,0.6372280419016897,-0.00024174053182917098
29642,24.7020783679728,0.6357775987107172,560,681,1241,0.0,0.0008333472224535399,0.6369057211925842,-0.00032232070910556134
29643,24.702911715195253,0.636583400483481,560,681,1241,0.0008058017727639033,0.0008333472224535399,0.6367445608380313,-0.00016116035455278067
29644,24.70374506241771,0.636583400483481,560,681,1241,0.0,0.0008333472224570926,0.6365834004834785,-0.00016116035455278067
29645,24.704578409640163,0.637389202256245,560,681,1241,0.0008058017727639033,0.0008333472224535399,0.6365028203062022,-8.058017727639034e-05
29646,24.705411756862617,0.637389202256245,560,681,1241,0.0,0.0008333472224535399,0.6365028203062022,0.0
29647,24.70624510408507,0.6381950040290089,560,681,1241,0.0008058017727639033,0.0008333472224535399,0.636663980660755,0.00016116035455278067
29648,24.707078451307524,0.6406124093473006,560,681,1241,0.00241740531829171,0.0008333472224535399,0.637066881547137,0.00040290088638195165
29649,24.707911798529977,0.6406124093473006,560,681,1241,0.0,0.0008333472224535399,0.6374697824335189,0.00040290088638195165
29650,24.70874514575243,0.6398066075745367,560,681,1241,-0.0008058017727639033,0.0008333472224535399,0.6378726833199009,0.00040290088638195165
29651,24.709578492974885,0.6406124093473006,560,681,1241,0.0008058017727639033,0.0008333472224535399,0.6383561643835592,0.00048348106365834196
29652,24.710411840197338,0.6414182111200645,560,681,1241,0.0008058017727639033,0.0008333472224535399,0.6389202256244939,0.0005640612409347323
29653,24.71124518741979,0.6422240128928284,560,681,1241,0.0008058017727639033,0.0008333472224535399,0.6394842868654287,0.0005640612409347323
29654,24.712078534642245,0.6398066075745367,560,681,1241,-0.00241740531829171,0.0008333472224535399,0.6398066075745342,0.00032232070910556134
29655,24.7129118818647,0.6406124093473006,560,681,1241,0.0008058017727639033,0.0008333472224535399,0.6401289282836398,0.00032232070910556134
29656,24.713745229087152,0.6406124093473006,560,681,1241,0.0,0.0008333472224535399,0.6404512489927454,0.00032232070910556134
29657,24.714578576309606,0.6414182111200645,560,681,1241,0.0008058017727639033,0.0008333472224535399,0.640773569701851,0.00032232070910556134
29658,24.71541192353206,0.6414182111200645,560,681,1241,0.0,0.0008333472224535399,0.6408541498791273,8.058017727639034e-05
29659,24.716245270754513,0.6414182111200645,560,681,1241,0.0,0.0008333472224535399,0.6409347300564037,8.058017727639034e-05
29660,24.717078617976966,0.6422240128928284,560,681,1241,0.0008058017727639033,0.0008333472224535399,0.6411764705882328,0.00024174053182917098
29661,24.71791196519942,0.6438356164383562,560,681,1241,0.0016116035455278066,0.0008333472224535399,0.6414987912973384,0.00032232070910556134
29662,24.718745312421873,0.6438356164383562,560,681,1241,0.0,0.0008333472224535399,0.6417405318291676,0.00024174053182917098
29663,24.719578659644327,0.6446414182111201,560,681,1241,0.0008058017727639033,0.0008333472224535399,0.6419822723609967,0.00024174053182917098
29664,24.72041200686678,0.6438356164383562,560,681,1241,-0.0008058017727639033,0.0008333472224535399,0.6423851732473788,0.00040290088638195165
29665,24.721245354089238,0.6422240128928284,560,681,1241,-0.0016116035455278066,0.0008333472224570926,0.6425463336019315,0.00016116035455278067
29666,24.72207870131169,0.6422240128928284,560,681,1241,0.0,0.0008333472224535399,0.6427074939564843,0.00016116035455278067
29667,24.722912048534145,0.6438356164383562,560,681,1241,0.0016116035455278066,0.0008333472224535399,0.6429492344883135,0.00024174053182917098
29668,24.7237453957566,0.6438356164383562,560,681,1241,0.0,0.0008333472224535399,0.6431909750201428,0.00024174053182917098
29669,24.724578742979052,0.6438356164383562,560,681,1241,0.0,0.0008333472224535399,0.6434327155519719,0.00024174053182917098
29670,24.725412090201505,0.6438356164383562,560,681,1241,0.0,0.0008333472224535399,0.6435938759065247,0.00016116035455278067
29671,24.72624543742396,0.6438356164383562,560,681,1241,0.0,0.0008333472224535399,0.6435938759065247,0.0
29672,24.727078784646412,0.6430298146655923,560,681,1241,-0.0008058017727639033,0.0008333472224535399,0.6435132957292483,-8.058017727639034e-05
29673,24.727912131868866,0.6438356164383562,560,681,1241,0.0008058017727639033,0.0008333472224535399,0.6434327155519719,-8.058017727639034e-05
29674,24.72874547909132,0.6438356164383562,560,681,1241,0.0,0.0008333472224535399,0.6434327155519719,0.0
29675,24.729578826313773,0.6430298146655923,560,681,1241,-0.0008058017727639033,0.0008333472224535399,0.6435132957292483,8.058017727639034e-05
29676,24.730412173536227,0.6422240128928284,560,681,1241,-0.0008058017727639033,0.0008333472224535399,0.6435132957292483,0.0
29677,24.73124552075868,0.6414182111200645,560,681,1241,-0.0008058017727639033,0.0008333472224535399,0.6432715551974191,-0.00024174053182917098
29678,24.732078867981134,0.6406124093473006,560,681,1241,-0.0008058017727639033,0.0008333472224535399,0.6429492344883135,-0.00032232070910556134
29679,24.732912215203587,0.6406124093473006,560,681,1241,0.0,0.0008333472224535399,0.642626913779208,-0.00032232070910556134
29680,24.73374556242604,0.6398066075745367,560,681,1241,-0.0008058017727639033,0.0008333472224535399,0.6422240128928259,-0.00040290088638195165
29681,24.734578909648494,0.6406124093473006,560,681,1241,0.0008058017727639033,0.0008333472224535399,0.6419016921837204,-0.00032232070910556134
29682,24.735412256870948,0.6414182111200645,560,681,1241,0.0008058017727639033,0.0008333472224535399,0.6417405318291676,-0.00016116035455278067
29683,24.7362456040934,0.6414182111200645,560,681,1241,0.0,0.0008333472224535399,0.6414987912973384,-0.00024174053182917098
29684,24.737078951315855,0.6414182111200645,560,681,1241,0.0,0.0008333472224535399,0.6412570507655092,-0.00024174053182917098
29685,24.73791229853831,0.6406124093473006,560,681,1241,-0.0008058017727639033,0.0008333472224535399,0.6410153102336801,-0.00024174053182917098
29686,24.738745645760762,0.6398066075745367,560,681,1241,-0.0008058017727639033,0.0008333472224535399,0.6407735697018508,-0.00024174053182917098
29687,24.73957899298322,0.6406124093473006,560,681,1241,0.0008058017727639033,0.0008333472224570926,0.6406929895245745,-8.058017727639034e-05
29688,24.740412340205673,0.6398066075745367,560,681,1241,-0.0008058017727639033,0.0008333472224535399,0.640612409347298,-8.058017727639034e-05
29689,24.741245687428126,0.6390008058017728,560,681,1241,-0.0008058017727639033,0.0008333472224535399,0.6404512489927453,-0.00016116035455278067
29690,24.74207903465058,0.6390008058017728,560,681,1241,0.0,0.0008333472224535399,0.6403706688154689,-8.058017727639034e-05
29691,24.742912381873033,0.6390008058017728,560,681,1241,0.0,0.0008333472224535399,0.6402095084609162,-0.00016116035455278067
29692,24.743745729095487,0.6381950040290089,560,681,1241,-0.0008058017727639033,0.0008333472224535399,0.6398871877518106,-0.00032232070910556134
29693,24.74457907631794,0.6390008058017728,560,681,1241,0.0008058017727639033,0.0008333472224535399,0.6396454472199815,-0.00024174053182917098
29694,24.745412423540394,0.6406124093473006,560,681,1241,0.0016116035455278066,0.0008333472224535399,0.6395648670427051,-8.058017727639034e-05
29695,24.746245770762847,0.6406124093473006,560,681,1241,0.0,0.0008333472224535399,0.6395648670427051,0.0
29696,24.7470791179853,0.6406124093473006,560,681,1241,0.0,0.0008333472224535399,0.6396454472199815,8.058017727639034e-05
29697,24.747912465207754,0.6414182111200645,560,681,1241,0.0008058017727639033,0.0008333472224535399,0.6397260273972579,8.058017727639034e-05
29698,24.748745812430208,0.6406124093473006,560,681,1241,-0.0008058017727639033,0.0008333472224535399,0.6398066075745343,8.058017727639034e-05
29699,24.74957915965266,0.6414182111200645,560,681,1241,0.0008058017727639033,0.0008333472224535399,0.6400483481063635,0.00024174053182917098
29700,24.750412506875115,0.6414182111200645,560,681,1241,0.0,0.0008333472224535399,0.6402900886381926,0.00024174053182917098
29701,24.75124585409757,0.6381950040290089,560,681,1241,-0.003223207091055613,0.0008333472224535399,0.6402095084609162,-8.058017727639034e-05
29702,24.752079201320022,0.6381950040290089,560,681,1241,0.0,0.0008333472224535399,0.6402095084609162,0.0
29703,24.752912548542476,0.6357775987107172,560,681,1241,-0.00241740531829171,0.0008333472224535399,0.6398871877518106,-0.00032232070910556134
29704,24.75374589576493,0.6357775987107172,560,681,1241,0.0,0.0008333472224535399,0.6394037066881523,-0.00048348106365834196
29705,24.754579242987383,0.636583400483481,560,681,1241,0.0008058017727639033,0.0008333472224535399,0.6390008058017702,-0.00040290088638195165
29706,24.755412590209836,0.636583400483481,560,681,1241,0.0,0.0008333472224535399,0.6385979049153883,-0.00040290088638195165
29707,24.75624593743229,0.636583400483481,560,681,1241,0.0,0.0008333472224535399,0.6381144238517299,-0.00048348106365834196
29708,24.757079284654747,0.636583400483481,560,681,1241,0.0,0.0008333472224570926,0.6377115229653479,-0.00040290088638195165
29709,24.7579126318772,0.636583400483481,560,681,1241,0.0,0.0008333472224535399,0.6372280419016896,-0.00048348106365834196
29710,24.758745979099654,0.6357775987107172,560,681,1241,-0.0008058017727639033,0.0008333472224535399,0.6366639806607549,-0.0005640612409347323
29711,24.759579326322108,0.6357775987107172,560,681,1241,0.0,0.0008333472224535399,0.6364222401289258,-0.00024174053182917098
29712,24.76041267354456,0.636583400483481,560,681,1241,0.0008058017727639033,0.0008333472224535399,0.636261079774373,-0.00016116035455278067
29713,24.761246020767015,0.637389202256245,560,681,1241,0.0008058017727639033,0.0008333472224535399,0.6364222401289258,0.00016116035455278067
29714,24.762079367989468,0.637389202256245,560,681,1241,0.0,0.0008333472224535399,0.6365834004834785,0.00016116035455278067
29715,24.76291271521192,0.6381950040290089,560,681,1241,0.0008058017727639033,0.0008333472224535399,0.6367445608380313,0.00016116035455278067
29716,24.763746062434375,0.6381950040290089,560,681,1241,0.0,0.0008333472224535399,0.6369057211925842,0.00016116035455278067
29717,24.76457940965683,0.6390008058017728,560,681,1241,0.0008058017727639033,0.0008333472224535399,0.6371474617244133,0.00024174053182917098
29718,24.765412756879282,0.6390008058017728,560,681,1241,0.0,0.0008333472224535399,0.6373892022562425,0.00024174053182917098
29719,24.766246104101736,0.6398066075745367,560,681,1241,0.0008058017727639033,0.0008333472224535399,0.637711522965348,0.00032232070910556134
29720,24.76707945132419,0.6414182111200645,560,681,1241,0.0016116035455278066,0.0008333472224535399,0.6382755842062828,0.0005640612409347323
29721,24.767912798546643,0.6422240128928284,560,681,1241,0.0008058017727639033,0.0008333472224535399,0.6389202256244939,0.0006446414182111227
29722,24.768746145769097,0.6438356164383562,560,681,1241,0.0016116035455278066,0.0008333472224535399,0.6396454472199815,0.000725221595487513
29723,24.76957949299155,0.6446414182111201,560,681,1241,0.0008058017727639033,0.0008333472224535399,0.6403706688154689,0.000725221595487513
29724,24.770412840214004,0.6438356164383562,560,681,1241,-0.0008058017727639033,0.0008333472224535399,0.6410153102336801,0.0006446414182111227
29725,24.771246187436457,0.6430298146655923,560,681,1241,-0.0008058017727639033,0.0008333472224535399,0.6414987912973384,0.00048348106365834196
29726,24.77207953465891,0.6430298146655923,560,681,1241,0.0,0.0008333472224535399,0.6419822723609967,0.00048348106365834196
29727,24.772912881881364,0.6430298146655923,560,681,1241,0.0,0.0008333472224535399,0.6423851732473786,0.00040290088638195165
29728,24.773746229103818,0.6422240128928284,560,681,1241,-0.0008058017727639033,0.0008333472224535399,0.6427074939564842,0.00032232070910556134
29729,24.774579576326275,0.6422240128928284,560,681,1241,0.0,0.0008333472224570926,0.6429492344883134,0.00024174053182917098
29730,24.77541292354873,0.6422240128928284,560,681,1241,0.0,0.0008333472224535399,0.6430298146655898,8.058017727639034e-05
29731,24.776246270771182,0.6414182111200645,560,681,1241,-0.0008058017727639033,0.0008333472224535399,0.6429492344883134,-8.058017727639034e-05
29732,24.777079617993635,0.6398066075745367,560,681,1241,-0.0016116035455278066,0.0008333472224535399,0.6425463336019315,-0.00040290088638195165
29733,24.77791296521609,0.6398066075745367,560,681,1241,0.0,0.0008333472224535399,0.6420628525382731,-0.00048348106365834196
29734,24.778746312438543,0.6422240128928284,560,681,1241,0.00241740531829171,0.0008333472224535399,0.6419016921837203,-0.00016116035455278067
29735,24.779579659660996,0.6438356164383562,560,681,1241,0.0016116035455278066,0.0008333472224535399,0.6419822723609967,8.058017727639034e-05
29736,24.78041300688345,0.6438356164383562,560,681,1241,0.0,0.0008333472224535399,0.6420628525382732,8.058017727639034e-05
29737,24.781246354105903,0.6446414182111201,560,681,1241,0.0008058017727639033,0.0008333472224535399,0.6422240128928259,0.00016116035455278067
29738,24.782079701328357,0.6438356164383562,560,681,1241,-0.0008058017727639033,0.0008333472224535399,0.6423851732473788,0.00016116035455278067
29739,24.78291304855081,0.6430298146655923,560,681,1241,-0.0008058017727639033,0.0008333472224535399,0.6424657534246551,8.058017727639034e-05
29740,24.783746395773264,0.6422240128928284,560,681,1241,-0.0008058017727639033,0.0008333472224535399,0.6424657534246551,0.0
29741,24.784579742995717,0.6422240128928284,560,681,1241,0.0,0.0008333472224535399,0.6425463336019315,8.058017727639034e-05
29742,24.78541309021817,0.6414182111200645,560,681,1241,-0.0008058017727639033,0.0008333472224535399,0.6427074939564843,0.00016116035455278067
29743,24.786246437440624,0.6430298146655923,560,681,1241,0.0016116035455278066,0.0008333472224535399,0.6430298146655898,0.00032232070910556134
29744,24.787079784663078,0.6430298146655923,560,681,1241,0.0,0.0008333472224535399,0.6431103948428663,8.058017727639034e-05
29745,24.78791313188553,0.6438356164383562,560,681,1241,0.0008058017727639033,0.0008333472224535399,0.6431103948428663,0.0
29746,24.788746479107985,0.6414182111200645,560,681,1241,-0.00241740531829171,0.0008333472224535399,0.642868654311037,-0.00024174053182917098
29747,24.78957982633044,0.6422240128928284,560,681,1241,0.0008058017727639033,0.0008333472224535399,0.6426269137792079,-0.00024174053182917098
29748,24.790413173552892,0.6422240128928284,560,681,1241,0.0,0.0008333472224535399,0.6424657534246551,-0.00016116035455278067
29749,24.791246520775346,0.6446414182111201,560,681,1241,0.00241740531829171,0.0008333472224535399,0.6426269137792079,0.00016116035455278067
29750,24.792079867997803,0.645447219983884,560,681,1241,0.0008058017727639033,0.0008333472224570926,0.6429492344883134,0.00032232070910556134
29751,24.792913215220256,0.6462530217566479,560,681,1241,0.0008058017727639033,0.0008333472224535399,0.6433521353746954,0.00040290088638195165
29752,24.79374656244271,0.6462530217566479,560,681,1241,0.0,0.0008333472224535399,0.6438356164383536,0.00048348106365834196
29753,24.794579909665163,0.6470588235294118,560,681,1241,0.0008058017727639033,0.0008333472224535399,0.6442385173247357,0.00040290088638195165
29754,24.795413256887617,0.6478646253021757,560,681,1241,0.0008058017727639033,0.0008333472224535399,0.6447219983883941,0.00048348106365834196
29755,24.79624660411007,0.6502820306204674,560,681,1241,0.00241740531829171,0.0008333472224535399,0.6453666398066051,0.0006446414182111227
29756,24.797079951332524,0.6502820306204674,560,681,1241,0.0,0.0008333472224535399,0.6462530217566455,0.0008863819500402936
29757,24.797913298554978,0.6502820306204674,560,681,1241,0.0,0.0008333472224535399,0.6470588235294094,0.0008058017727639033
29758,24.79874664577743,0.6502820306204674,560,681,1241,0.0,0.0008333472224535399,0.6478646253021733,0.0008058017727639033
29759,24.799579992999885,0.6502820306204674,560,681,1241,0.0,0.0008333472224535399,0.648428686543108,0.0005640612409347323
29760,24.800413340222338,0.6526994359387591,560,681,1241,0.00241740531829171,0.0008333472224535399,0.6491539081385955,0.000725221595487513
29761,24.80124668744479,0.6518936341659952,560,681,1241,-0.0008058017727639033,0.0008333472224535399,0.6497179693795303,0.0005640612409347323
29762,24.802080034667245,0.6494762288477035,560,681,1241,-0.00241740531829171,0.0008333472224535399,0.6500402900886358,0.00032232070910556134
29763,24.8029133818897,0.6494762288477035,560,681,1241,0.0,0.0008333472224535399,0.650282030620465,0.00024174053182917098
29764,24.803746729112152,0.6494762288477035,560,681,1241,0.0,0.0008333472224535399,0.6504431909750178,0.00016116035455278067
29765,24.804580076334606,0.6494762288477035,560,681,1241,0.0,0.0008333472224535399,0.6503626107977414,-8.058017727639034e-05
29766,24.80541342355706,0.6494762288477035,560,681,1241,0.0,0.0008333472224535399,0.6502820306204649,-8.058017727639034e-05
29767,24.806246770779513,0.6494762288477035,560,681,1241,0.0,0.0008333472224535399,0.6502014504431884,-8.058017727639034e-05
29768,24.807080118001966,0.6494762288477035,560,681,1241,0.0,0.0008333472224535399,0.650120870265912,-8.058017727639034e-05
29769,24.80791346522442,0.6462530217566479,560,681,1241,-0.003223207091055613,0.0008333472224535399,0.6497179693795301,-0.00040290088638195165
29770,24.808746812446874,0.6470588235294118,560,681,1241,0.0008058017727639033,0.0008333472224535399,0.6491539081385953,-0.0005640612409347323
29771,24.80958015966933,0.6486704270749396,560,681,1241,0.0016116035455278066,0.0008333472224570926,0.6488315874294898,-0.00032232070910556134
29772,24.810413506891784,0.6494762288477035,560,681,1241,0.0008058017727639033,0.0008333472224535399,0.6488315874294898,0.0
29773,24.811246854114238,0.6470588235294118,560,681,1241,-0.00241740531829171,0.0008333472224535399,0.6485898468976606,-0.00024174053182917098
29774,24.81208020133669,0.6478646253021757,560,681,1241,0.0008058017727639033,0.0008333472224535399,0.6484286865431079,-0.00016116035455278067
29775,24.812913548559145,0.6470588235294118,560,681,1241,-0.0008058017727639033,0.0008333472224535399,0.6481869460112788,-0.00024174053182917098
29776,24.8137468957816,0.645447219983884,560,681,1241,-0.0016116035455278066,0.0008333472224535399,0.6477840451248968,-0.00040290088638195165
29777,24.814580243004052,0.6438356164383562,560,681,1241,-0.0016116035455278066,0.0008333472224535399,0.6472199838839622,-0.0005640612409347323
29778,24.815413590226505,0.6430298146655923,560,681,1241,-0.0008058017727639033,0.0008333472224535399,0.646575342465751,-0.0006446414182111227
29779,24.81624693744896,0.6438356164383562,560,681,1241,0.0008058017727639033,0.0008333472224535399,0.6463336019339219,-0.00024174053182917098
29780,24.817080284671412,0.6430298146655923,560,681,1241,-0.0008058017727639033,0.0008333472224535399,0.6459307010475399,-0.00040290088638195165
29781,24.817913631893866,0.6430298146655923,560,681,1241,0.0,0.0008333472224535399,0.6453666398066051,-0.0005640612409347323
29782,24.81874697911632,0.6422240128928284,560,681,1241,-0.0008058017727639033,0.0008333472224535399,0.6446414182111176,-0.000725221595487513
29783,24.819580326338773,0.6422240128928284,560,681,1241,0.0,0.0008333472224535399,0.6441579371474593,-0.00048348106365834196
29784,24.820413673561227,0.6430298146655923,560,681,1241,0.0008058017727639033,0.0008333472224535399,0.643674456083801,-0.00048348106365834196
29785,24.82124702078368,0.6438356164383562,560,681,1241,0.0008058017727639033,0.0008333472224535399,0.6433521353746954,-0.00032232070910556134
29786,24.822080368006134,0.6438356164383562,560,681,1241,0.0,0.0008333472224535399,0.6431909750201427,-0.00016116035455278067
29787,24.822913715228587,0.6446414182111201,560,681,1241,0.0008058017727639033,0.0008333472224535399,0.643271555197419,8.058017727639034e-05
29788,24.82374706245104,0.645447219983884,560,681,1241,0.0008058017727639033,0.0008333472224535399,0.6435132957292482,0.00024174053182917098
29789,24.824580409673494,0.6446414182111201,560,681,1241,-0.0008058017727639033,0.0008333472224535399,0.6435938759065245,8.058017727639034e-05
29790,24.825413756895948,0.6446414182111201,560,681,1241,0.0,0.0008333472224535399,0.6437550362610773,0.00016116035455278067
29791,24.8262471041184,0.645447219983884,560,681,1241,0.0008058017727639033,0.0008333472224535399,0.6439967767929066,0.00024174053182917098
29792,24.82708045134086,0.6470588235294118,560,681,1241,0.0016116035455278066,0.0008333472224570926,0.6444802578565649,0.00048348106365834196
29793,24.827913798563312,0.6470588235294118,560,681,1241,0.0,0.0008333472224535399,0.6449637389202232,0.00048348106365834196
29794,24.828747145785766,0.6470588235294118,560,681,1241,0.0,0.0008333472224535399,0.6453666398066052,0.00040290088638195165
29795,24.82958049300822,0.6486704270749396,560,681,1241,0.0016116035455278066,0.0008333472224535399,0.6458501208702636,0.00048348106365834196
29796,24.830413840230673,0.6486704270749396,560,681,1241,0.0,0.0008333472224535399,0.6463336019339219,0.00048348106365834196
29797,24.831247187453126,0.6486704270749396,560,681,1241,0.0,0.0008333472224535399,0.6467365028203039,0.00040290088638195165
29798,24.83208053467558,0.6494762288477035,560,681,1241,0.0008058017727639033,0.0008333472224535399,0.6471394037066858,0.00040290088638195165
29799,24.832913881898033,0.6486704270749396,560,681,1241,-0.0008058017727639033,0.0008333472224535399,0.6475423045930678,0.00040290088638195165
29800,24.833747229120487,0.6486704270749396,560,681,1241,0.0,0.0008333472224535399,0.6479452054794498,0.00040290088638195165
29801,24.83458057634294,0.6486704270749396,560,681,1241,0.0,0.0008333472224535399,0.6482675261885553,0.00032232070910556134
29802,24.835413923565394,0.6478646253021757,560,681,1241,-0.0008058017727639033,0.0008333472224535399,0.6483481063658317,8.058017727639034e-05
29803,24.836247270787847,0.6470588235294118,560,681,1241,-0.0008058017727639033,0.0008333472224535399,0.6483481063658317,0.0
29804,24.8370806180103,0.6470588235294118,560,681,1241,0.0,0.0008333472224535399,0.6483481063658317,0.0
29805,24.837913965232755,0.6478646253021757,560,681,1241,0.0008058017727639033,0.0008333472224535399,0.6482675261885553,-8.058017727639034e-05
29806,24.838747312455208,0.6470588235294118,560,681,1241,-0.0008058017727639033,0.0008333472224535399,0.6481063658340025,-0.00016116035455278067
29807,24.83958065967766,0.6462530217566479,560,681,1241,-0.0008058017727639033,0.0008333472224535399,0.6478646253021733,-0.00024174053182917098
29808,24.840414006900115,0.6462530217566479,560,681,1241,0.0,0.0008333472224535399,0.6475423045930677,-0.00032232070910556134
29809,24.84124735412257,0.6470588235294118,560,681,1241,0.0008058017727639033,0.0008333472224535399,0.6473811442385149,-0.00016116035455278067
29810,24.842080701345022,0.6470588235294118,560,681,1241,0.0,0.0008333472224535399,0.6472199838839622,-0.00016116035455278067
29811,24.842914048567476,0.6470588235294118,560,681,1241,0.0,0.0008333472224535399,0.6470588235294094,-0.00016116035455278067
29812,24.84374739578993,0.6486704270749396,560,681,1241,0.0016116035455278066,0.0008333472224535399,0.6471394037066858,8.058017727639034e-05
29813,24.844580743012383,0.6494762288477035,560,681,1241,0.0008058017727639033,0.0008333472224535399,0.6473811442385149,0.00024174053182917098
29814,24.84541409023484,0.6510878323932313,560,681,1241,0.0016116035455278066,0.0008333472224570926,0.6477840451248968,0.00040290088638195165
29815,24.846247437457293,0.6486704270749396,560,681,1241,-0.00241740531829171,0.0008333472224535399,0.6478646253021733,8.058017727639034e-05
29816,24.847080784679747,0.6478646253021757,560,681,1241,-0.0008058017727639033,0.0008333472224535399,0.6479452054794497,8.058017727639034e-05
29817,24.8479141319022,0.6478646253021757,560,681,1241,0.0,0.0008333472224535399,0.6481063658340024,0.00016116035455278067
29818,24.848747479124654,0.6478646253021757,560,681,1241,0.0,0.0008333472224535399,0.6482675261885552,0.00016116035455278067
29819,24.849580826347108,0.6470588235294118,560,681,1241,-0.0008058017727639033,0.0008333472224535399,0.6482675261885552,0.0
29820,24.85041417356956,0.645447219983884,560,681,1241,-0.0016116035455278066,0.0008333472224535399,0.6481063658340024,-0.00016116035455278067
29821,24.851247520792015,0.6470588235294118,560,681,1241,0.0016116035455278066,0.0008333472224535399,0.6481063658340024,0.0
29822,24.85208086801447,0.6478646253021757,560,681,1241,0.0008058017727639033,0.0008333472224535399,0.648025785656726,-8.058017727639034e-05
29823,24.852914215236922,0.6478646253021757,560,681,1241,0.0,0.0008333472224535399,0.6478646253021731,-0.00016116035455278067
29824,24.853747562459375,0.6486704270749396,560,681,1241,0.0008058017727639033,0.0008333472224535399,0.647622884770344,-0.00024174053182917098
29825,24.85458090968183,0.6462530217566479,560,681,1241,-0.00241740531829171,0.0008333472224535399,0.6473811442385149,-0.00024174053182917098
29826,24.855414256904282,0.6478646253021757,560,681,1241,0.0016116035455278066,0.0008333472224535399,0.6473811442385149,0.0
29827,24.856247604126736,0.6486704270749396,560,681,1241,0.0008058017727639033,0.0008333472224535399,0.6474617244157913,8.058017727639034e-05
29828,24.85708095134919,0.6510878323932313,560,681,1241,0.00241740531829171,0.0008333472224535399,0.6477840451248968,0.00032232070910556134
29829,24.857914298571643,0.6518936341659952,560,681,1241,0.0008058017727639033,0.0008333472224535399,0.6482675261885552,0.00048348106365834196
29830,24.858747645794097,0.6518936341659952,560,681,1241,0.0,0.0008333472224535399,0.6489121676067663,0.0006446414182111227
29831,24.85958099301655,0.6518936341659952,560,681,1241,0.0,0.0008333472224535399,0.6493956486704247,0.00048348106365834196
29832,24.860414340239004,0.6510878323932313,560,681,1241,-0.0008058017727639033,0.0008333472224535399,0.6497179693795302,0.00032232070910556134
29833,24.861247687461457,0.6510878323932313,560,681,1241,0.0,0.0008333472224535399,0.6500402900886357,0.00032232070910556134
29834,24.86208103468391,0.6535052377115229,560,681,1241,0.002417405318291599,0.0008333472224535399,0.6505237711522941,0.0004834810636583309
29835,24.862914381906368,0.6535052377115229,560,681,1241,0.0,0.0008333472224570926,0.6512489927477816,0.0007252215954875018
29836,24.86374772912882,0.6535052377115229,560,681,1241,0.0,0.0008333472224535399,0.6518130539887163,0.0005640612409347212
29837,24.864581076351275,0.6526994359387591,560,681,1241,-0.0008058017727637923,0.0008333472224535399,0.6522159548750982,0.00040290088638195165
29838,24.86541442357373,0.6518936341659952,560,681,1241,-0.0008058017727639033,0.0008333472224535399,0.6522965350523746,8.058017727639034e-05
29839,24.866247770796182,0.6510878323932313,560,681,1241,-0.0008058017727639033,0.0008333472224535399,0.6522159548750982,-8.058017727639034e-05
29840,24.867081118018636,0.6502820306204674,560,681,1241,-0.0008058017727639033,0.0008333472224535399,0.6520547945205454,-0.00016116035455278067
29841,24.86791446524109,0.6502820306204674,560,681,1241,0.0,0.0008333472224535399,0.6518936341659927,-0.00016116035455278067
29842,24.868747812463543,0.6510878323932313,560,681,1241,0.0008058017727639033,0.0008333472224535399,0.6518936341659927,0.0
29843,24.869581159685996,0.6486704270749396,560,681,1241,-0.00241740531829171,0.0008333472224535399,0.6516518936341635,-0.00024174053182917098
29844,24.87041450690845,0.6478646253021757,560,681,1241,-0.0008058017727639033,0.0008333472224535399,0.6510878323932288,-0.0005640612409347212
29845,24.871247854130903,0.6486704270749396,560,681,1241,0.0008058017727639033,0.0008333472224535399,0.6506043513295705,-0.0004834810636583309
29846,24.872081201353357,0.6478646253021757,560,681,1241,-0.0008058017727639033,0.0008333472224535399,0.6500402900886357,-0.0005640612409347212
29847,24.87291454857581,0.6494762288477035,560,681,1241,0.0016116035455278066,0.0008333472224535399,0.6497179693795301,-0.00032232070910556134
29848,24.873747895798264,0.6494762288477035,560,681,1241,0.0,0.0008333472224535399,0.649476228847701,-0.00024174053182917098
29849,24.874581243020717,0.6510878323932313,560,681,1241,0.0016116035455278066,0.0008333472224535399,0.649476228847701,0.0
29850,24.87541459024317,0.6502820306204674,560,681,1241,-0.0008058017727639033,0.0008333472224535399,0.649476228847701,0.0
29851,24.876247937465624,0.6502820306204674,560,681,1241,0.0,0.0008333472224535399,0.649476228847701,0.0
29852,24.877081284688078,0.6510878323932313,560,681,1241,0.0008058017727639033,0.0008333472224535399,0.649476228847701,0.0
29853,24.87791463191053,0.6486704270749396,560,681,1241,-0.00241740531829171,0.0008333472224535399,0.649476228847701,0.0
29854,24.878747979132985,0.6486704270749396,560,681,1241,0.0,0.0008333472224535399,0.6495568090249774,8.058017727639034e-05
29855,24.87958132635544,0.6486704270749396,560,681,1241,0.0,0.0008333472224535399,0.6495568090249774,0.0
29856,24.880414673577896,0.6502820306204674,560,681,1241,0.0016116035455278066,0.0008333472224570926,0.6497985495568066,0.00024174053182917098
29857,24.88124802080035,0.6478646253021757,560,681,1241,-0.00241740531829171,0.0008333472224535399,0.6496373892022538,-0.00016116035455278067
29858,24.882081368022803,0.6486704270749396,560,681,1241,0.0008058017727639033,0.0008333472224535399,0.6495568090249775,-8.058017727639034e-05
29859,24.882914715245256,0.6478646253021757,560,681,1241,-0.0008058017727639033,0.0008333472224535399,0.6492344883158718,-0.00032232070910556134
29860,24.88374806246771,0.6478646253021757,560,681,1241,0.0,0.0008333472224535399,0.6489927477840427,-0.00024174053182917098
29861,24.884581409690163,0.6494762288477035,560,681,1241,0.0016116035455278066,0.0008333472224535399,0.6489121676067662,-8.058017727639034e-05
29862,24.885414756912617,0.6486704270749396,560,681,1241,-0.0008058017727639033,0.0008333472224535399,0.648670427074937,-0.00024174053182917098
29863,24.88624810413507,0.6486704270749396,560,681,1241,0.0,0.0008333472224535399,0.648670427074937,0.0
29864,24.887081451357524,0.6494762288477035,560,681,1241,0.0008058017727639033,0.0008333472224535399,0.6487510072522135,8.058017727639034e-05
29865,24.887914798579978,0.6510878323932313,560,681,1241,0.0016116035455278066,0.0008333472224535399,0.6489927477840426,0.00024174053182917098
29866,24.88874814580243,0.6502820306204674,560,681,1241,-0.0008058017727639033,0.0008333472224535399,0.6489927477840426,0.0
29867,24.889581493024885,0.6494762288477035,560,681,1241,-0.0008058017727639033,0.0008333472224535399,0.6491539081385953,0.00016116035455278067
29868,24.890414840247338,0.6502820306204674,560,681,1241,0.0008058017727639033,0.0008333472224535399,0.6493150684931481,0.00016116035455278067
29869,24.89124818746979,0.6478646253021757,560,681,1241,-0.00241740531829171,0.0008333472224535399,0.6493150684931481,0.0
29870,24.892081534692245,0.6470588235294118,560,681,1241,-0.0008058017727639033,0.0008333472224535399,0.6492344883158718,-8.058017727639034e-05
29871,24.8929148819147,0.6470588235294118,560,681,1241,0.0,0.0008333472224535399,0.6489927477840427,-0.00024174053182917098
29872,24.893748229137152,0.6470588235294118,560,681,1241,0.0,0.0008333472224535399,0.6488315874294899,-0.00016116035455278067
29873,24.894581576359606,0.6462530217566479,560,681,1241,-0.0008058017727639033,0.0008333472224535399,0.6485898468976606,-0.00024174053182917098
29874,24.89541492358206,0.6470588235294118,560,681,1241,0.0008058017727639033,0.0008333472224535399,0.6483481063658315,-0.00024174053182917098
29875,24.896248270804513,0.6462530217566479,560,681,1241,-0.0008058017727639033,0.0008333472224535399,0.6478646253021731,-0.00048348106365834196
29876,24.897081618026967,0.6462530217566479,560,681,1241,0.0,0.0008333472224535399,0.6474617244157912,-0.00040290088638195165
29877,24.897914965249424,0.6470588235294118,560,681,1241,0.0008058017727639033,0.0008333472224570926,0.6472199838839621,-0.00024174053182917098
29878,24.898748312471877,0.6486704270749396,560,681,1241,0.0016116035455278066,0.0008333472224535399,0.6470588235294092,-0.00016116035455278067
29879,24.89958165969433,0.6478646253021757,560,681,1241,-0.0008058017727639033,0.0008333472224535399,0.6470588235294092,0.0
29880,24.900415006916784,0.6478646253021757,560,681,1241,0.0,0.0008333472224535399,0.6471394037066857,8.058017727639034e-05
29881,24.901248354139238,0.6470588235294118,560,681,1241,-0.0008058017727639033,0.0008333472224535399,0.6471394037066857,0.0
29882,24.90208170136169,0.6462530217566479,560,681,1241,-0.0008058017727639033,0.0008333472224535399,0.6470588235294092,-8.058017727639034e-05
29883,24.902915048584145,0.6470588235294118,560,681,1241,0.0008058017727639033,0.0008333472224535399,0.6471394037066857,8.058017727639034e-05
29884,24.9037483958066,0.6470588235294118,560,681,1241,0.0,0.0008333472224535399,0.6471394037066857,0.0
29885,24.904581743029052,0.6470588235294118,560,681,1241,0.0,0.0008333472224535399,0.6472199838839621,8.058017727639034e-05
29886,24.905415090251505,0.6478646253021757,560,681,1241,0.0008058017727639033,0.0008333472224535399,0.6473811442385149,0.00016116035455278067
29887,24.90624843747396,0.6470588235294118,560,681,1241,-0.0008058017727639033,0.0008333472224535399,0.6473811442385149,0.0
29888,24.907081784696413,0.6486704270749396,560,681,1241,0.0016116035455278066,0.0008333472224535399,0.6473811442385149,0.0
29889,24.907915131918866,0.6478646253021757,560,681,1241,-0.0008058017727639033,0.0008333472224535399,0.6473811442385149,0.0
29890,24.90874847914132,0.6478646253021757,560,681,1241,0.0,0.0008333472224535399,0.6473811442385149,0.0
29891,24.909581826363773,0.6478646253021757,560,681,1241,0.0,0.0008333472224535399,0.6474617244157912,8.058017727639034e-05
29892,24.910415173586227,0.6478646253021757,560,681,1241,0.0,0.0008333472224535399,0.647622884770344,0.00016116035455278067
29893,24.91124852080868,0.6470588235294118,560,681,1241,-0.0008058017727639033,0.0008333472224535399,0.647622884770344,0.0
29894,24.912081868031134,0.6470588235294118,560,681,1241,0.0,0.0008333472224535399,0.647622884770344,0.0
29895,24.912915215253587,0.6470588235294118,560,681,1241,0.0,0.0008333472224535399,0.647622884770344,0.0
29896,24.91374856247604,0.6462530217566479,560,681,1241,-0.0008058017727639033,0.0008333472224535399,0.6474617244157912,-0.00016116035455278067
29897,24.914581909698494,0.6478646253021757,560,681,1241,0.0016116035455278066,0.0008333472224535399,0.6475423045930675,8.058017727639034e-05
29898,24.91541525692095,0.6486704270749396,560,681,1241,0.0008058017727639033,0.0008333472224570926,0.6475423045930675,0.0
29899,24.916248604143405,0.6494762288477035,560,681,1241,0.0008058017727639033,0.0008333472224535399,0.6477034649476203,0.00016116035455278067
29900,24.91708195136586,0.6494762288477035,560,681,1241,0.0,0.0008333472224535399,0.6478646253021731,0.00016116035455278067
29901,24.917915298588312,0.6486704270749396,560,681,1241,-0.0008058017727639033,0.0008333472224535399,0.6479452054794496,8.058017727639034e-05
29902,24.918748645810766,0.6494762288477035,560,681,1241,0.0008058017727639033,0.0008333472224535399,0.6481063658340023,0.00016116035455278067
29903,24.91958199303322,0.6486704270749396,560,681,1241,-0.0008058017727639033,0.0008333472224535399,0.6482675261885551,0.00016116035455278067
29904,24.920415340255673,0.6510878323932313,560,681,1241,0.00241740531829171,0.0008333472224535399,0.648670427074937,0.00040290088638195165
29905,24.921248687478126,0.6494762288477035,560,681,1241,-0.0016116035455278066,0.0008333472224535399,0.6489121676067662,0.00024174053182917098
29906,24.92208203470058,0.6510878323932313,560,681,1241,0.0016116035455278066,0.0008333472224535399,0.6493956486704244,0.00048348106365834196
29907,24.922915381923033,0.6502820306204674,560,681,1241,-0.0008058017727639033,0.0008333472224535399,0.6496373892022537,0.00024174053182917098
29908,24.923748729145487,0.6535052377115229,560,681,1241,0.003223207091055502,0.0008333472224535399,0.650120870265912,0.0004834810636583309
29909,24.92458207636794,0.6526994359387591,560,681,1241,-0.0008058017727637923,0.0008333472224535399,0.6504431909750176,0.00032232070910556134
29910,24.925415423590394,0.6518936341659952,560,681,1241,-0.0008058017727639033,0.0008333472224535399,0.6506849315068468,0.00024174053182917098
29911,24.926248770812848,0.6486704270749396,560,681,1241,-0.003223207091055613,0.0008333472224535399,0.6506849315068468,0.0
29912,24.9270821180353,0.6486704270749396,560,681,1241,0.0,0.0008333472224535399,0.6506043513295705,-8.058017727639034e-05
29913,24.927915465257755,0.6470588235294118,560,681,1241,-0.0016116035455278066,0.0008333472224535399,0.6504431909750177,-0.00016116035455278067
29914,24.928748812480208,0.6470588235294118,560,681,1241,0.0,0.0008333472224535399,0.6500402900886357,-0.00040290088638195165
29915,24.92958215970266,0.6470588235294118,560,681,1241,0.0,0.0008333472224535399,0.6497985495568066,-0.00024174053182917098
29916,24.930415506925115,0.6462530217566479,560,681,1241,-0.0008058017727639033,0.0008333472224535399,0.6493150684931484,-0.00048348106365834196
29917,24.93124885414757,0.645447219983884,560,681,1241,-0.0008058017727639033,0.0008333472224535399,0.64883158742949,-0.00048348106365834196
29918,24.932082201370022,0.6446414182111201,560,681,1241,-0.0008058017727639033,0.0008333472224535399,0.6479452054794497,-0.0008863819500402826
29919,24.932915548592476,0.6470588235294118,560,681,1241,0.00241740531829171,0.0008333472224535399,0.6473811442385149,-0.0005640612409347323
29920,24.933748895814933,0.6470588235294118,560,681,1241,0.0,0.0008333472224570926,0.6468976631748566,-0.00048348106365834196
29921,24.934582243037386,0.6470588235294118,560,681,1241,0.0,0.0008333472224535399,0.6467365028203038,-0.00016116035455278067
29922,24.93541559025984,0.6486704270749396,560,681,1241,0.0016116035455278066,0.0008333472224535399,0.6467365028203038,0.0
29923,24.936248937482294,0.6486704270749396,560,681,1241,0.0,0.0008333472224535399,0.6468976631748566,0.00016116035455278067
29924,24.937082284704747,0.6486704270749396,560,681,1241,0.0,0.0008333472224535399,0.6470588235294094,0.00016116035455278067
29925,24.9379156319272,0.6510878323932313,560,681,1241,0.00241740531829171,0.0008333472224535399,0.6474617244157913,0.00040290088638195165
29926,24.938748979149654,0.6502820306204674,560,681,1241,-0.0008058017727639033,0.0008333472224535399,0.6478646253021733,0.00040290088638195165
29927,24.939582326372108,0.6486704270749396,560,681,1241,-0.0016116035455278066,0.0008333472224535399,0.6481869460112788,0.00032232070910556134
29928,24.94041567359456,0.6470588235294118,560,681,1241,-0.0016116035455278066,0.0008333472224535399,0.648428686543108,0.00024174053182917098
29929,24.941249020817015,0.6478646253021757,560,681,1241,0.0008058017727639033,0.0008333472224535399,0.6485092667203844,8.058017727639034e-05
29930,24.94208236803947,0.6494762288477035,560,681,1241,0.0016116035455278066,0.0008333472224535399,0.6487510072522136,0.00024174053182917098
29931,24.942915715261922,0.6486704270749396,560,681,1241,-0.0008058017727639033,0.0008333472224535399,0.6489121676067663,0.00016116035455278067
29932,24.943749062484375,0.6494762288477035,560,681,1241,0.0008058017727639033,0.0008333472224535399,0.6489927477840427,8.058017727639034e-05
29933,24.94458240970683,0.6494762288477035,560,681,1241,0.0,0.0008333472224535399,0.649073327961319,8.058017727639034e-05
29934,24.945415756929282,0.6486704270749396,560,681,1241,-0.0008058017727639033,0.0008333472224535399,0.649073327961319,0.0
29935,24.946249104151736,0.6478646253021757,560,681,1241,-0.0008058017727639033,0.0008333472224535399,0.6487510072522135,-0.00032232070910556134
29936,24.94708245137419,0.6478646253021757,560,681,1241,0.0,0.0008333472224535399,0.6485092667203842,-0.00024174053182917098
29937,24.947915798596643,0.6502820306204674,560,681,1241,0.00241740531829171,0.0008333472224535399,0.648670427074937,0.00016116035455278067
29938,24.948749145819097,0.6486704270749396,560,681,1241,-0.0016116035455278066,0.0008333472224535399,0.6488315874294898,0.00016116035455278067
29939,24.94958249304155,0.6494762288477035,560,681,1241,0.0008058017727639033,0.0008333472224535399,0.6489927477840426,0.00016116035455278067
29940,24.950415840264004,0.6486704270749396,560,681,1241,-0.0008058017727639033,0.0008333472224535399,0.6489121676067662,-8.058017727639034e-05
29941,24.95124918748646,0.6494762288477035,560,681,1241,0.0008058017727639033,0.0008333472224570926,0.6489927477840426,8.058017727639034e-05
29942,24.952082534708914,0.6486704270749396,560,681,1241,-0.0008058017727639033,0.0008333472224535399,0.6489121676067662,-8.058017727639034e-05
29943,24.952915881931368,0.6478646253021757,560,681,1241,-0.0008058017727639033,0.0008333472224535399,0.6487510072522135,-0.00016116035455278067
29944,24.95374922915382,0.6478646253021757,560,681,1241,0.0,0.0008333472224535399,0.648670427074937,-8.058017727639034e-05
29945,24.954582576376275,0.6486704270749396,560,681,1241,0.0008058017727639033,0.0008333472224535399,0.6487510072522135,8.058017727639034e-05
29946,24.95541592359873,0.6486704270749396,560,681,1241,0.0,0.0008333472224535399,0.6488315874294899,8.058017727639034e-05
29947,24.956249270821182,0.6486704270749396,560,681,1241,0.0,0.0008333472224535399,0.648670427074937,-0.00016116035455278067
29948,24.957082618043636,0.6486704270749396,560,681,1241,0.0,0.0008333472224535399,0.648670427074937,0.0
29949,24.95791596526609,0.6502820306204674,560,681,1241,0.0016116035455278066,0.0008333472224535399,0.6487510072522136,8.058017727639034e-05
29950,24.958749312488543,0.6502820306204674,560,681,1241,0.0,0.0008333472224535399,0.6489121676067663,0.00016116035455278067
29951,24.959582659710996,0.6486704270749396,560,681,1241,-0.0016116035455278066,0.0008333472224535399,0.64883158742949,-8.058017727639034e-05
29952,24.96041600693345,0.6462530217566479,560,681,1241,-0.00241740531829171,0.0008333472224535399,0.6485898468976607,-0.00024174053182917098
29953,24.961249354155903,0.6478646253021757,560,681,1241,0.0016116035455278066,0.0008333472224535399,0.6485898468976607,0.0
29954,24.962082701378357,0.6478646253021757,560,681,1241,0.0,0.0008333472224535399,0.6485898468976607,0.0
29955,24.96291604860081,0.6486704270749396,560,681,1241,0.0008058017727639033,0.0008333472224535399,0.6485898468976607,0.0
29956,24.963749395823264,0.6494762288477035,560,681,1241,0.0008058017727639033,0.0008333472224535399,0.648670427074937,8.058017727639034e-05
29957,24.964582743045717,0.6494762288477035,560,681,1241,0.0,0.0008333472224535399,0.6487510072522135,8.058017727639034e-05
29958,24.96541609026817,0.6494762288477035,560,681,1241,0.0,0.0008333472224535399,0.6488315874294898,8.058017727639034e-05
29959,24.966249437490625,0.6502820306204674,560,681,1241,0.0008058017727639033,0.0008333472224535399,0.6488315874294898,0.0
29960,24.967082784713078,0.6518936341659952,560,681,1241,0.0016116035455278066,0.0008333472224535399,0.6489927477840426,0.00016116035455278067
29961,24.96791613193553,0.6526994359387591,560,681,1241,0.0008058017727639033,0.0008333472224535399,0.6493956486704244,0.00040290088638195165
29962,24.96874947915799,0.6526994359387591,560,681,1241,0.0,0.0008333472224570926,0.6500402900886356,0.0006446414182111227
29963,24.969582826380442,0.6518936341659952,560,681,1241,-0.0008058017727639033,0.0008333472224535399,0.6504431909750176,0.00040290088638195165
29964,24.970416173602896,0.6518936341659952,560,681,1241,0.0,0.0008333472224535399,0.6508460918613996,0.00040290088638195165
29965,24.97124952082535,0.6518936341659952,560,681,1241,0.0,0.0008333472224535399,0.6511684125705052,0.00032232070910556134
29966,24.972082868047803,0.6510878323932313,560,681,1241,-0.0008058017727639033,0.0008333472224535399,0.6513295729250579,0.00016116035455278067
29967,24.972916215270256,0.6510878323932313,560,681,1241,0.0,0.0008333472224535399,0.6514907332796107,0.00016116035455278067
29968,24.97374956249271,0.6510878323932313,560,681,1241,0.0,0.0008333472224535399,0.6516518936341635,0.00016116035455278067
29969,24.974582909715163,0.6494762288477035,560,681,1241,-0.0016116035455278066,0.0008333472224535399,0.651571313456887,-8.058017727639034e-05
29970,24.975416256937617,0.6494762288477035,560,681,1241,0.0,0.0008333472224535399,0.6513295729250579,-0.00024174053182917098
29971,24.97624960416007,0.6486704270749396,560,681,1241,-0.0008058017727639033,0.0008333472224535399,0.6509266720386759,-0.00040290088638195165
29972,24.977082951382524,0.6502820306204674,560,681,1241,0.0016116035455278066,0.0008333472224535399,0.6506849315068468,-0.00024174053182917098
29973,24.977916298604978,0.6502820306204674,560,681,1241,0.0,0.0008333472224535399,0.650523771152294,-0.00016116035455278067
29974,24.97874964582743,0.6502820306204674,560,681,1241,0.0,0.0008333472224535399,0.6503626107977413,-0.00016116035455278067
29975,24.979582993049885,0.6494762288477035,560,681,1241,-0.0008058017727639033,0.0008333472224535399,0.650120870265912,-0.00024174053182917098
29976,24.98041634027234,0.6510878323932313,560,681,1241,0.0016116035455278066,0.0008333472224535399,0.650120870265912,0.0
29977,24.981249687494792,0.6510878323932313,560,681,1241,0.0,0.0008333472224535399,0.650120870265912,0.0
29978,24.982083034717245,0.6502820306204674,560,681,1241,-0.0008058017727639033,0.0008333472224535399,0.6500402900886357,-8.058017727639034e-05
29979,24.9829163819397,0.6510878323932313,560,681,1241,0.0008058017727639033,0.0008333472224535399,0.6502014504431884,0.00016116035455278067
29980,24.983749729162152,0.6494762288477035,560,681,1241,-0.0016116035455278066,0.0008333472224535399,0.6502014504431884,0.0
29981,24.984583076384606,0.6470588235294118,560,681,1241,-0.00241740531829171,0.0008333472224535399,0.6500402900886357,-0.00016116035455278067
29982,24.98541642360706,0.6470588235294118,560,681,1241,0.0,0.0008333472224535399,0.6497179693795301,-0.00032232070910556134
29983,24.986249770829517,0.6470588235294118,560,681,1241,0.0,0.0008333472224570926,0.6493956486704245,-0.00032232070910556134
29984,24.98708311805197,0.6462530217566479,560,681,1241,-0.0008058017727639033,0.0008333472224535399,0.6489927477840426,-0.00040290088638195165
29985,24.987916465274424,0.6470588235294118,560,681,1241,0.0008058017727639033,0.0008333472224535399,0.6487510072522135,-0.00024174053182917098
29986,24.988749812496877,0.6462530217566479,560,681,1241,-0.0008058017727639033,0.0008333472224535399,0.6482675261885551,-0.00048348106365834196
29987,24.98958315971933,0.645447219983884,560,681,1241,-0.0008058017727639033,0.0008333472224535399,0.6477034649476204,-0.0005640612409347323
29988,24.990416506941784,0.6446414182111201,560,681,1241,-0.0008058017727639033,0.0008333472224535399,0.6471394037066857,-0.0005640612409347323
29989,24.991249854164238,0.6430298146655923,560,681,1241,-0.0016116035455278066,0.0008333472224535399,0.6463336019339218,-0.0008058017727639033
29990,24.99208320138669,0.6438356164383562,560,681,1241,0.0008058017727639033,0.0008333472224535399,0.6457695406929871,-0.0005640612409347323
29991,24.992916548609145,0.6446414182111201,560,681,1241,0.0008058017727639033,0.0008333472224535399,0.6455278001611578,-0.00024174053182917098
29992,24.9937498958316,0.645447219983884,560,681,1241,0.0008058017727639033,0.0008333472224535399,0.645366639806605,-0.00016116035455278067
29993,24.994583243054052,0.645447219983884,560,681,1241,0.0,0.0008333472224535399,0.6452054794520523,-0.00016116035455278067
29994,24.995416590276506,0.6446414182111201,560,681,1241,-0.0008058017727639033,0.0008333472224535399,0.6450443190974995,-0.00016116035455278067
29995,24.99624993749896,0.6438356164383562,560,681,1241,-0.0008058017727639033,0.0008333472224535399,0.644721998388394,-0.00032232070910556134
29996,24.997083284721413,0.645447219983884,560,681,1241,0.0016116035455278066,0.0008333472224535399,0.6446414182111175,-8.058017727639034e-05
29997,24.997916631943866,0.6446414182111201,560,681,1241,-0.0008058017727639033,0.0008333472224535399,0.6445608380338411,-8.058017727639034e-05
29998,24.99874997916632,0.645447219983884,560,681,1241,0.0008058017727639033,0.0008333472224535399,0.6446414182111175,8.058017727639034e-05
29999,24.999583326388773,0.6446414182111201,560,681,1241,-0.0008058017727639033,0.0008333472224535399,0.6448025785656704,0.00016116035455278067
30000,25.000416673611227,0.6438356164383562,560,681,1241,-0.0008058017727639033,0.0008333472224535399,0.6448025785656704,0.0
30001,25.00125002083368,0.6438356164383562,560,681,1241,0.0,0.0008333472224535399,0.6447219983883941,-8.058017727639034e-05
30002,25.002083368056134,0.6446414182111201,560,681,1241,0.0008058017727639033,0.0008333472224535399,0.6446414182111175,-8.058017727639034e-05
30003,25.002916715278587,0.6446414182111201,560,681,1241,0.0,0.0008333472224535399,0.6445608380338411,-8.058017727639034e-05
30004,25.003750062501044,0.645447219983884,560,681,1241,0.0008058017727639033,0.0008333472224570926,0.6446414182111175,8.058017727639034e-05
30005,25.004583409723498,0.6446414182111201,560,681,1241,-0.0008058017727639033,0.0008333472224535399,0.644721998388394,8.058017727639034e-05
30006,25.00541675694595,0.6462530217566479,560,681,1241,0.0016116035455278066,0.0008333472224535399,0.6448025785656702,8.058017727639034e-05
30007,25.006250104168405,0.6462530217566479,560,681,1241,0.0,0.0008333472224535399,0.6449637389202231,0.00016116035455278067
30008,25.00708345139086,0.645447219983884,560,681,1241,-0.0008058017727639033,0.0008333472224535399,0.6449637389202231,0.0
30009,25.007916798613312,0.6470588235294118,560,681,1241,0.0016116035455278066,0.0008333472224535399,0.6452054794520523,0.00024174053182917098
30010,25.008750145835766,0.6462530217566479,560,681,1241,-0.0008058017727639033,0.0008333472224535399,0.6454472199838814,0.00024174053182917098
30011,25.00958349305822,0.6462530217566479,560,681,1241,0.0,0.0008333472224535399,0.6456889605157106,0.00024174053182917098
30012,25.010416840280673,0.6470588235294118,560,681,1241,0.0008058017727639033,0.0008333472224535399,0.6459307010475397,0.00024174053182917098
30013,25.011250187503126,0.6462530217566479,560,681,1241,-0.0008058017727639033,0.0008333472224535399,0.6460918614020925,0.00016116035455278067
30014,25.01208353472558,0.6470588235294118,560,681,1241,0.0008058017727639033,0.0008333472224535399,0.6462530217566453,0.00016116035455278067
30015,25.012916881948033,0.6446414182111201,560,681,1241,-0.00241740531829171,0.0008333472224535399,0.6462530217566453,0.0
30016,25.013750229170487,0.6446414182111201,560,681,1241,0.0,0.0008333472224535399,0.6460918614020925,-0.00016116035455278067
30017,25.01458357639294,0.6438356164383562,560,681,1241,-0.0008058017727639033,0.0008333472224535399,0.6458501208702634,-0.00024174053182917098
30018,25.015416923615394,0.6438356164383562,560,681,1241,0.0,0.0008333472224535399,0.6456889605157106,-0.00016116035455278067
30019,25.016250270837848,0.6438356164383562,560,681,1241,0.0,0.0008333472224535399,0.645366639806605,-0.00032232070910556134
30020,25.0170836180603,0.645447219983884,560,681,1241,0.0016116035455278066,0.0008333472224535399,0.6452860596293287,-8.058017727639034e-05
30021,25.017916965282755,0.6438356164383562,560,681,1241,-0.0016116035455278066,0.0008333472224535399,0.6450443190974996,-0.00024174053182917098
30022,25.018750312505208,0.6446414182111201,560,681,1241,0.0008058017727639033,0.0008333472224535399,0.6448025785656704,-0.00024174053182917098
30023,25.01958365972766,0.645447219983884,560,681,1241,0.0008058017727639033,0.0008333472224535399,0.6447219983883941,-8.058017727639034e-05
30024,25.020417006950115,0.6446414182111201,560,681,1241,-0.0008058017727639033,0.0008333472224535399,0.6444802578565648,-0.00024174053182917098
30025,25.021250354172572,0.6438356164383562,560,681,1241,-0.0008058017727639033,0.0008333472224570926,0.6443996776792884,-8.058017727639034e-05
30026,25.022083701395026,0.6430298146655923,560,681,1241,-0.0008058017727639033,0.0008333472224535399,0.6442385173247357,-0.00016116035455278067
30027,25.02291704861748,0.6430298146655923,560,681,1241,0.0,0.0008333472224535399,0.6441579371474593,-8.058017727639034e-05
30028,25.023750395839933,0.6438356164383562,560,681,1241,0.0008058017727639033,0.0008333472224535399,0.6441579371474593,0.0
30029,25.024583743062387,0.6446414182111201,560,681,1241,0.0008058017727639033,0.0008333472224535399,0.6442385173247356,8.058017727639034e-05
30030,25.02541709028484,0.6446414182111201,560,681,1241,0.0,0.0008333472224535399,0.6441579371474592,-8.058017727639034e-05
30031,25.026250437507294,0.6446414182111201,560,681,1241,0.0,0.0008333472224535399,0.6442385173247355,8.058017727639034e-05
30032,25.027083784729747,0.645447219983884,560,681,1241,0.0008058017727639033,0.0008333472224535399,0.6443190975020119,8.058017727639034e-05
30033,25.0279171319522,0.6470588235294118,560,681,1241,0.0016116035455278066,0.0008333472224535399,0.6444802578565647,0.00016116035455278067
30034,25.028750479174654,0.6478646253021757,560,681,1241,0.0008058017727639033,0.0008333472224535399,0.6448025785656702,0.00032232070910556134
30035,25.029583826397108,0.6486704270749396,560,681,1241,0.0008058017727639033,0.0008333472224535399,0.6452860596293286,0.00048348106365834196
30036,25.03041717361956,0.6478646253021757,560,681,1241,-0.0008058017727639033,0.0008333472224535399,0.645769540692987,0.00048348106365834196
30037,25.031250520842015,0.6478646253021757,560,681,1241,0.0,0.0008333472224535399,0.6462530217566453,0.00048348106365834196
30038,25.03208386806447,0.6470588235294118,560,681,1241,-0.0008058017727639033,0.0008333472224535399,0.6465753424657509,0.00032232070910556134
30039,25.032917215286922,0.6478646253021757,560,681,1241,0.0008058017727639033,0.0008333472224535399,0.6468976631748564,0.00032232070910556134
30040,25.033750562509375,0.6486704270749396,560,681,1241,0.0008058017727639033,0.0008333472224535399,0.6473005640612384,0.00040290088638195165
30041,25.03458390973183,0.6486704270749396,560,681,1241,0.0,0.0008333472224535399,0.6477034649476204,0.00040290088638195165
30042,25.035417256954283,0.6470588235294118,560,681,1241,-0.0016116035455278066,0.0008333472224535399,0.6478646253021731,0.00016116035455278067
30043,25.036250604176736,0.6462530217566479,560,681,1241,-0.0008058017727639033,0.0008333472224535399,0.6477840451248967,-8.058017727639034e-05
30044,25.03708395139919,0.6486704270749396,560,681,1241,0.00241740531829171,0.0008333472224535399,0.6478646253021731,8.058017727639034e-05
30045,25.037917298621643,0.6502820306204674,560,681,1241,0.0016116035455278066,0.0008333472224535399,0.648025785656726,0.00016116035455278067
30046,25.038750645844097,0.6510878323932313,560,681,1241,0.0008058017727639033,0.0008333472224535399,0.6483481063658315,0.00032232070910556134
30047,25.039583993066554,0.6494762288477035,560,681,1241,-0.0016116035455278066,0.0008333472224570926,0.6485092667203843,0.00016116035455278067
30048,25.040417340289007,0.6494762288477035,560,681,1241,0.0,0.0008333472224535399,0.6487510072522135,0.00024174053182917098
30049,25.04125068751146,0.6486704270749396,560,681,1241,-0.0008058017727639033,0.0008333472224535399,0.6488315874294899,8.058017727639034e-05
30050,25.042084034733914,0.6486704270749396,560,681,1241,0.0,0.0008333472224535399,0.6488315874294899,0.0
30051,25.042917381956368,0.6486704270749396,560,681,1241,0.0,0.0008333472224535399,0.6488315874294899,0.0
30052,25.04375072917882,0.6486704270749396,560,681,1241,0.0,0.0008333472224535399,0.6489927477840427,0.00016116035455278067
30053,25.044584076401275,0.6486704270749396,560,681,1241,0.0,0.0008333472224535399,0.6492344883158718,0.00024174053182917098
30054,25.04541742362373,0.6494762288477035,560,681,1241,0.0008058017727639033,0.0008333472224535399,0.6493150684931482,8.058017727639034e-05
30055,25.046250770846182,0.6494762288477035,560,681,1241,0.0,0.0008333472224535399,0.6492344883158718,-8.058017727639034e-05
30056,25.047084118068636,0.6494762288477035,560,681,1241,0.0,0.0008333472224535399,0.649073327961319,-0.00016116035455278067
30057,25.04791746529109,0.6494762288477035,560,681,1241,0.0,0.0008333472224535399,0.649073327961319,0.0
30058,25.048750812513543,0.6518936341659952,560,681,1241,0.00241740531829171,0.0008333472224535399,0.6493150684931482,0.00024174053182917098
30059,25.049584159735996,0.6526994359387591,560,681,1241,0.0008058017727639033,0.0008333472224535399,0.6497179693795301,0.00040290088638195165
30060,25.05041750695845,0.6510878323932313,560,681,1241,-0.0016116035455278066,0.0008333472224535399,0.6499597099113592,0.00024174053182917098
30061,25.051250854180903,0.6510878323932313,560,681,1241,0.0,0.0008333472224535399,0.6502014504431883,0.00024174053182917098
30062,25.052084201403357,0.6486704270749396,560,681,1241,-0.00241740531829171,0.0008333472224535399,0.6502014504431883,0.0
30063,25.05291754862581,0.6486704270749396,560,681,1241,0.0,0.0008333472224535399,0.6502014504431883,0.0
30064,25.053750895848264,0.6486704270749396,560,681,1241,0.0,0.0008333472224535399,0.650120870265912,-8.058017727639034e-05
30065,25.054584243070718,0.6486704270749396,560,681,1241,0.0,0.0008333472224535399,0.6500402900886357,-8.058017727639034e-05
30066,25.05541759029317,0.6478646253021757,560,681,1241,-0.0008058017727639033,0.0008333472224535399,0.6498791297340829,-0.00016116035455278067
30067,25.056250937515625,0.6470588235294118,560,681,1241,-0.0008058017727639033,0.0008333472224535399,0.6496373892022538,-0.00024174053182917098
30068,25.05708428473808,0.6470588235294118,560,681,1241,0.0,0.0008333472224570926,0.6491539081385954,-0.00048348106365834196
30069,25.057917631960535,0.6486704270749396,560,681,1241,0.0016116035455278066,0.0008333472224535399,0.6487510072522136,-0.00040290088638195165
30070,25.05875097918299,0.6486704270749396,560,681,1241,0.0,0.0008333472224535399,0.6485092667203844,-0.00024174053182917098
30071,25.059584326405442,0.6494762288477035,560,681,1241,0.0008058017727639033,0.0008333472224535399,0.6483481063658316,-0.00016116035455278067
30072,25.060417673627896,0.6502820306204674,560,681,1241,0.0008058017727639033,0.0008333472224535399,0.6485092667203844,0.00016116035455278067
30073,25.06125102085035,0.6494762288477035,560,681,1241,-0.0008058017727639033,0.0008333472224535399,0.6485898468976607,8.058017727639034e-05
30074,25.062084368072803,0.6486704270749396,560,681,1241,-0.0008058017727639033,0.0008333472224535399,0.6485898468976607,0.0
30075,25.062917715295256,0.6486704270749396,560,681,1241,0.0,0.0008333472224535399,0.6485898468976607,0.0
30076,25.06375106251771,0.6494762288477035,560,681,1241,0.0008058017727639033,0.0008333472224535399,0.6487510072522136,0.00016116035455278067
30077,25.064584409740164,0.6494762288477035,560,681,1241,0.0,0.0008333472224535399,0.6489927477840427,0.00024174053182917098
30078,25.065417756962617,0.6486704270749396,560,681,1241,-0.0008058017727639033,0.0008333472224535399,0.6491539081385954,0.00016116035455278067
30079,25.06625110418507,0.6486704270749396,560,681,1241,0.0,0.0008333472224535399,0.6491539081385954,0.0
30080,25.067084451407524,0.6486704270749396,560,681,1241,0.0,0.0008333472224535399,0.6491539081385954,0.0
30081,25.067917798629978,0.6486704270749396,560,681,1241,0.0,0.0008333472224535399,0.6490733279613191,-8.058017727639034e-05
30082,25.06875114585243,0.6494762288477035,560,681,1241,0.0008058017727639033,0.0008333472224535399,0.6489927477840427,-8.058017727639034e-05
30083,25.069584493074885,0.6502820306204674,560,681,1241,0.0008058017727639033,0.0008333472224535399,0.6490733279613191,8.058017727639034e-05
30084,25.07041784029734,0.6494762288477035,560,681,1241,-0.0008058017727639033,0.0008333472224535399,0.6491539081385954,8.058017727639034e-05
30085,25.071251187519792,0.6510878323932313,560,681,1241,0.0016116035455278066,0.0008333472224535399,0.6493956486704245,0.00024174053182917098
30086,25.072084534742245,0.6510878323932313,560,681,1241,0.0,0.0008333472224535399,0.6495568090249774,0.00016116035455278067
30087,25.0729178819647,0.6518936341659952,560,681,1241,0.0008058017727639033,0.0008333472224535399,0.6497985495568066,0.00024174053182917098
30088,25.073751229187152,0.6518936341659952,560,681,1241,0.0,0.0008333472224535399,0.6501208702659121,0.00032232070910556134
30089,25.07458457640961,0.6510878323932313,560,681,1241,-0.0008058017727639033,0.0008333472224570926,0.6503626107977413,0.00024174053182917098
30090,25.075417923632063,0.6518936341659952,560,681,1241,0.0008058017727639033,0.0008333472224535399,0.6506849315068468,0.00032232070910556134
30091,25.076251270854517,0.6518936341659952,560,681,1241,0.0,0.0008333472224535399,0.6510072522159523,0.00032232070910556134
30092,25.07708461807697,0.6510878323932313,560,681,1241,-0.0008058017727639033,0.0008333472224535399,0.6511684125705052,0.00016116035455278067
30093,25.077917965299424,0.6518936341659952,560,681,1241,0.0008058017727639033,0.0008333472224535399,0.6513295729250579,0.00016116035455278067
30094,25.078751312521877,0.6510878323932313,560,681,1241,-0.0008058017727639033,0.0008333472224535399,0.6514907332796107,0.00016116035455278067
30095,25.07958465974433,0.6510878323932313,560,681,1241,0.0,0.0008333472224535399,0.6514907332796107,0.0
30096,25.080418006966784,0.6526994359387591,560,681,1241,0.0016116035455278066,0.0008333472224535399,0.6516518936341635,0.00016116035455278067
30097,25.081251354189238,0.6518936341659952,560,681,1241,-0.0008058017727639033,0.0008333472224535399,0.6516518936341635,0.0
30098,25.08208470141169,0.6535052377115229,560,681,1241,0.0016116035455276956,0.0008333472224535399,0.6518130539887161,0.00016116035455276956
30099,25.082918048634145,0.6543110394842868,560,681,1241,0.0008058017727639033,0.0008333472224535399,0.6521353746978218,0.00032232070910555023
30100,25.0837513958566,0.6526994359387591,560,681,1241,-0.0016116035455276956,0.0008333472224535399,0.6522159548750981,8.058017727639034e-05
30101,25.084584743079052,0.6526994359387591,560,681,1241,0.0,0.0008333472224535399,0.6522965350523744,8.058017727639034e-05
30102,25.085418090301506,0.6535052377115229,560,681,1241,0.0008058017727637923,0.0008333472224535399,0.6525382755842035,0.0002417405318291599
30103,25.08625143752396,0.6526994359387591,560,681,1241,-0.0008058017727637923,0.0008333472224535399,0.6526188557614799,8.058017727639034e-05
30104,25.087084784746413,0.6535052377115229,560,681,1241,0.0008058017727637923,0.0008333472224535399,0.6528605962933092,0.0002417405318291599
30105,25.087918131968866,0.6526994359387591,560,681,1241,-0.0008058017727637923,0.0008333472224535399,0.6530217566478619,0.00016116035455278067
30106,25.08875147919132,0.6518936341659952,560,681,1241,-0.0008058017727639033,0.0008333472224535399,0.6529411764705856,-8.058017727639034e-05
30107,25.089584826413773,0.6518936341659952,560,681,1241,0.0,0.0008333472224535399,0.6529411764705856,0.0
30108,25.090418173636227,0.6526994359387591,560,681,1241,0.0008058017727639033,0.0008333472224535399,0.6528605962933092,-8.058017727637922e-05
30109,25.09125152085868,0.6543110394842868,560,681,1241,0.0016116035455276956,0.0008333472224535399,0.6528605962933092,0.0
30110,25.092084868081137,0.6543110394842868,560,681,1241,0.0,0.0008333472224570926,0.653021756647862,0.00016116035455276956
30111,25.09291821530359,0.6535052377115229,560,681,1241,-0.0008058017727639033,0.0008333472224535399,0.6531023368251384,8.058017727637922e-05
30112,25.093751562526045,0.6518936341659952,560,681,1241,-0.0016116035455276956,0.0008333472224535399,0.6529411764705857,-0.00016116035455276956
30113,25.094584909748498,0.6518936341659952,560,681,1241,0.0,0.0008333472224535399,0.6528605962933094,-8.058017727639034e-05
30114,25.09541825697095,0.6526994359387591,560,681,1241,0.0008058017727639033,0.0008333472224535399,0.6527800161160331,-8.058017727637922e-05
30115,25.096251604193405,0.6526994359387591,560,681,1241,0.0,0.0008333472224535399,0.6527800161160331,0.0
30116,25.09708495141586,0.6518936341659952,560,681,1241,-0.0008058017727639033,0.0008333472224535399,0.6527800161160331,0.0
30117,25.097918298638312,0.6526994359387591,560,681,1241,0.0008058017727639033,0.0008333472224535399,0.6528605962933094,8.058017727639034e-05
30118,25.098751645860766,0.6535052377115229,560,681,1241,0.0008058017727637923,0.0008333472224535399,0.6529411764705857,8.058017727637922e-05
30119,25.09958499308322,0.6526994359387591,560,681,1241,-0.0008058017727637923,0.0008333472224535399,0.652780016116033,-0.00016116035455276956
30120,25.100418340305673,0.6510878323932313,560,681,1241,-0.0016116035455278066,0.0008333472224535399,0.6524576954069274,-0.00032232070910555023
30121,25.101251687528126,0.6510878323932313,560,681,1241,0.0,0.0008333472224535399,0.6522159548750983,-0.0002417405318291599
30122,25.10208503475058,0.6526994359387591,560,681,1241,0.0016116035455278066,0.0008333472224535399,0.6522965350523746,8.058017727639034e-05
30123,25.102918381973033,0.6502820306204674,560,681,1241,-0.00241740531829171,0.0008333472224535399,0.6521353746978218,-0.00016116035455278067
30124,25.103751729195487,0.6486704270749396,560,681,1241,-0.0016116035455278066,0.0008333472224535399,0.65173247381144,-0.00040290088638195165
30125,25.10458507641794,0.6486704270749396,560,681,1241,0.0,0.0008333472224535399,0.651329572925058,-0.00040290088638195165
30126,25.105418423640394,0.6470588235294118,560,681,1241,-0.0016116035455278066,0.0008333472224535399,0.6508460918613996,-0.00048348106365834196
30127,25.106251770862848,0.6486704270749396,560,681,1241,0.0016116035455278066,0.0008333472224535399,0.6504431909750178,-0.00040290088638195165
30128,25.1070851180853,0.6478646253021757,560,681,1241,-0.0008058017727639033,0.0008333472224535399,0.649879129734083,-0.0005640612409347212
30129,25.107918465307755,0.6478646253021757,560,681,1241,0.0,0.0008333472224535399,0.6493956486704247,-0.00048348106365834196
30130,25.10875181253021,0.6486704270749396,560,681,1241,0.0008058017727639033,0.0008333472224535399,0.6491539081385955,-0.00024174053182917098
30131,25.109585159752665,0.6486704270749396,560,681,1241,0.0,0.0008333472224570926,0.6489121676067664,-0.00024174053182917098
30132,25.11041850697512,0.6486704270749396,560,681,1241,0.0,0.0008333472224535399,0.6485092667203844,-0.00040290088638195165
30133,25.111251854197572,0.6486704270749396,560,681,1241,0.0,0.0008333472224535399,0.6483481063658317,-0.00016116035455278067
30134,25.112085201420026,0.6478646253021757,560,681,1241,-0.0008058017727639033,0.0008333472224535399,0.6482675261885553,-8.058017727639034e-05
30135,25.11291854864248,0.6486704270749396,560,681,1241,0.0008058017727639033,0.0008333472224535399,0.6482675261885553,0.0
30136,25.113751895864933,0.6494762288477035,560,681,1241,0.0008058017727639033,0.0008333472224535399,0.6485092667203844,0.00024174053182917098
30137,25.114585243087387,0.6502820306204674,560,681,1241,0.0008058017727639033,0.0008333472224535399,0.6486704270749372,0.00016116035455278067
30138,25.11541859030984,0.6502820306204674,560,681,1241,0.0,0.0008333472224535399,0.6489121676067664,0.00024174053182917098
30139,25.116251937532294,0.6502820306204674,560,681,1241,0.0,0.0008333472224535399,0.6491539081385956,0.00024174053182917098
30140,25.117085284754747,0.6518936341659952,560,681,1241,0.0016116035455278066,0.0008333472224535399,0.6494762288477012,0.00032232070910556134
30141,25.1179186319772,0.6526994359387591,560,681,1241,0.0008058017727639033,0.0008333472224535399,0.6498791297340831,0.00040290088638195165
30142,25.118751979199654,0.6518936341659952,560,681,1241,-0.0008058017727639033,0.0008333472224535399,0.6502014504431887,0.00032232070910556134
30143,25.119585326422108,0.6518936341659952,560,681,1241,0.0,0.0008333472224535399,0.6505237711522942,0.00032232070910556134
30144,25.12041867364456,0.6518936341659952,560,681,1241,0.0,0.0008333472224535399,0.6509266720386762,0.00040290088638195165
30145,25.121252020867015,0.6526994359387591,560,681,1241,0.0008058017727639033,0.0008333472224535399,0.6513295729250581,0.00040290088638195165
30146,25.12208536808947,0.6543110394842868,560,681,1241,0.0016116035455276956,0.0008333472224535399,0.6518130539887165,0.0004834810636583309
30147,25.122918715311922,0.6543110394842868,560,681,1241,0.0,0.0008333472224535399,0.6522159548750983,0.00040290088638194054
30148,25.123752062534376,0.6535052377115229,560,681,1241,-0.0008058017727639033,0.0008333472224535399,0.652538275584204,0.00032232070910555023
30149,25.12458540975683,0.6518936341659952,560,681,1241,-0.0016116035455276956,0.0008333472224535399,0.6526994359387567,0.00016116035455278067
30150,25.125418756979283,0.6526994359387591,560,681,1241,0.0008058017727639033,0.0008333472224535399,0.6527800161160331,8.058017727639034e-05
30151,25.126252104201736,0.6543110394842868,560,681,1241,0.0016116035455276956,0.0008333472224535399,0.6529411764705858,0.00016116035455276956
30152,25.12708545142419,0.6535052377115229,560,681,1241,-0.0008058017727639033,0.0008333472224535399,0.6531023368251386,0.00016116035455276956
30153,25.127918798646647,0.6518936341659952,560,681,1241,-0.0016116035455276956,0.0008333472224570926,0.6531023368251386,0.0
30154,25.1287521458691,0.6502820306204674,560,681,1241,-0.0016116035455278066,0.0008333472224535399,0.6529411764705858,-0.00016116035455278067
30155,25.129585493091554,0.6494762288477035,560,681,1241,-0.0008058017727639033,0.0008333472224535399,0.6526188557614803,-0.00032232070910556134
30156,25.130418840314007,0.6478646253021757,560,681,1241,-0.0016116035455278066,0.0008333472224535399,0.6519742143432692,-0.0006446414182111115
30157,25.13125218753646,0.6478646253021757,560,681,1241,0.0,0.0008333472224535399,0.651329572925058,-0.0006446414182111115
30158,25.132085534758914,0.6478646253021757,560,681,1241,0.0,0.0008333472224535399,0.6507655116841233,-0.0005640612409347212
30159,25.132918881981368,0.6470588235294118,560,681,1241,-0.0008058017727639033,0.0008333472224535399,0.650282030620465,-0.00048348106365834196
30160,25.13375222920382,0.6470588235294118,560,681,1241,0.0,0.0008333472224535399,0.6497179693795303,-0.0005640612409347323
30161,25.134585576426275,0.6470588235294118,560,681,1241,0.0,0.0008333472224535399,0.6489927477840428,-0.0007252215954875018
30162,25.13541892364873,0.6462530217566479,560,681,1241,-0.0008058017727639033,0.0008333472224535399,0.6482675261885553,-0.0007252215954875018
30163,25.136252270871182,0.6470588235294118,560,681,1241,0.0008058017727639033,0.0008333472224535399,0.6477840451248971,-0.00048348106365834196
30164,25.137085618093636,0.6462530217566479,560,681,1241,-0.0008058017727639033,0.0008333472224535399,0.647381144238515,-0.00040290088638195165
30165,25.13791896531609,0.6486704270749396,560,681,1241,0.00241740531829171,0.0008333472224535399,0.6473005640612387,-8.058017727639034e-05
30166,25.138752312538543,0.6494762288477035,560,681,1241,0.0008058017727639033,0.0008333472224535399,0.6474617244157914,0.00016116035455278067
30167,25.139585659760996,0.6494762288477035,560,681,1241,0.0,0.0008333472224535399,0.6476228847703442,0.00016116035455278067
30168,25.14041900698345,0.6494762288477035,560,681,1241,0.0,0.0008333472224535399,0.6477840451248971,0.00016116035455278067
30169,25.141252354205903,0.6510878323932313,560,681,1241,0.0016116035455278066,0.0008333472224535399,0.6481869460112789,0.00040290088638195165
30170,25.142085701428357,0.6518936341659952,560,681,1241,0.0008058017727639033,0.0008333472224535399,0.6486704270749373,0.00048348106365834196
30171,25.14291904865081,0.6518936341659952,560,681,1241,0.0,0.0008333472224535399,0.6491539081385956,0.00048348106365834196
30172,25.143752395873264,0.6535052377115229,560,681,1241,0.0016116035455276956,0.0008333472224535399,0.6498791297340831,0.0007252215954875018
30173,25.144585743095718,0.6518936341659952,560,681,1241,-0.0016116035455276956,0.0008333472224535399,0.6503626107977415,0.00048348106365834196
30174,25.145419090318175,0.6502820306204674,560,681,1241,-0.0016116035455278066,0.0008333472224570926,0.6507655116841236,0.00040290088638195165
30175,25.146252437540628,0.6510878323932313,560,681,1241,0.0008058017727639033,0.0008333472224535399,0.6510072522159527,0.00024174053182917098
30176,25.14708578476308,0.6502820306204674,560,681,1241,-0.0008058017727639033,0.0008333472224535399,0.6510878323932291,8.058017727639034e-05
30177,25.147919131985535,0.6518936341659952,560,681,1241,0.0016116035455278066,0.0008333472224535399,0.6513295729250583,0.00024174053182917098
30178,25.14875247920799,0.6502820306204674,560,681,1241,-0.0016116035455278066,0.0008333472224535399,0.6514101531023347,8.058017727639034e-05
30179,25.149585826430442,0.6502820306204674,560,681,1241,0.0,0.0008333472224535399,0.6513295729250583,-8.058017727639034e-05
30180,25.150419173652896,0.6494762288477035,560,681,1241,-0.0008058017727639033,0.0008333472224535399,0.6510878323932292,-0.00024174053182917098
30181,25.15125252087535,0.6486704270749396,560,681,1241,-0.0008058017727639033,0.0008333472224535399,0.6507655116841236,-0.00032232070910556134
30182,25.152085868097803,0.6494762288477035,560,681,1241,0.0008058017727639033,0.0008333472224535399,0.6503626107977416,-0.00040290088638194054
30183,25.152919215320257,0.6494762288477035,560,681,1241,0.0,0.0008333472224535399,0.6501208702659124,-0.00024174053182917098
30184,25.15375256254271,0.6494762288477035,560,681,1241,0.0,0.0008333472224535399,0.650040290088636,-8.058017727639034e-05
30185,25.154585909765164,0.6494762288477035,560,681,1241,0.0,0.0008333472224535399,0.6498791297340831,-0.00016116035455278067
30186,25.155419256987617,0.6486704270749396,560,681,1241,-0.0008058017727639033,0.0008333472224535399,0.6497179693795304,-0.00016116035455278067
30187,25.15625260421007,0.6502820306204674,560,681,1241,0.0016116035455278066,0.0008333472224535399,0.6495568090249776,-0.00016116035455278067
30188,25.157085951432524,0.6486704270749396,560,681,1241,-0.0016116035455278066,0.0008333472224535399,0.6493956486704249,-0.00016116035455278067
30189,25.157919298654978,0.6494762288477035,560,681,1241,0.0008058017727639033,0.0008333472224535399,0.6493150684931484,-8.058017727639034e-05
30190,25.15875264587743,0.6502820306204674,560,681,1241,0.0008058017727639033,0.0008333472224535399,0.6493956486704249,8.058017727639034e-05
30191,25.159585993099885,0.6502820306204674,560,681,1241,0.0,0.0008333472224535399,0.6495568090249776,0.00016116035455278067
30192,25.16041934032234,0.6502820306204674,560,681,1241,0.0,0.0008333472224535399,0.649637389202254,8.058017727639034e-05
30193,25.161252687544792,0.6502820306204674,560,681,1241,0.0,0.0008333472224535399,0.6497179693795305,8.058017727639034e-05
30194,25.162086034767245,0.6526994359387591,560,681,1241,0.00241740531829171,0.0008333472224535399,0.6500402900886361,0.00032232070910556134
30195,25.162919381989703,0.6535052377115229,560,681,1241,0.0008058017727637923,0.0008333472224570926,0.6504431909750179,0.00040290088638194054
30196,25.163752729212156,0.6543110394842868,560,681,1241,0.0008058017727639033,0.0008333472224535399,0.6510072522159527,0.0005640612409347212
30197,25.16458607643461,0.6559226430298146,560,681,1241,0.0016116035455278066,0.0008333472224535399,0.6515713134568873,0.0005640612409347212
30198,25.165419423657063,0.6559226430298146,560,681,1241,0.0,0.0008333472224535399,0.6522965350523748,0.0007252215954875018
30199,25.166252770879517,0.6567284448025785,560,681,1241,0.0008058017727639033,0.0008333472224535399,0.6530217566478622,0.0007252215954875018
30200,25.16708611810197,0.6559226430298146,560,681,1241,-0.0008058017727639033,0.0008333472224535399,0.653585817888797,0.0005640612409347212
30201,25.167919465324424,0.6559226430298146,560,681,1241,0.0,0.0008333472224535399,0.6541498791297317,0.0005640612409347212
30202,25.168752812546877,0.6551168412570507,560,681,1241,-0.0008058017727639033,0.0008333472224535399,0.65463336019339,0.0004834810636583309
30203,25.16958615976933,0.6559226430298146,560,681,1241,0.0008058017727639033,0.0008333472224535399,0.6551974214343247,0.0005640612409347212
30204,25.170419506991784,0.6551168412570507,560,681,1241,-0.0008058017727639033,0.0008333472224535399,0.6554391619661539,0.0002417405318291599
30205,25.171252854214238,0.6535052377115229,560,681,1241,-0.0016116035455278066,0.0008333472224535399,0.6554391619661539,0.0
30206,25.17208620143669,0.6526994359387591,560,681,1241,-0.0008058017727637923,0.0008333472224535399,0.6552780016116011,-0.00016116035455276956
30207,25.172919548659145,0.6526994359387591,560,681,1241,0.0,0.0008333472224535399,0.6549556809024956,-0.00032232070910555023
30208,25.1737528958816,0.6543110394842868,560,681,1241,0.0016116035455276956,0.0008333472224535399,0.6547945205479427,-0.00016116035455278067
30209,25.174586243104052,0.6543110394842868,560,681,1241,0.0,0.0008333472224535399,0.6545527800161135,-0.00024174053182917098
30210,25.175419590326506,0.6535052377115229,560,681,1241,-0.0008058017727639033,0.0008333472224535399,0.6543110394842844,-0.00024174053182917098
30211,25.17625293754896,0.6535052377115229,560,681,1241,0.0,0.0008333472224535399,0.6540692989524551,-0.00024174053182917098
30212,25.177086284771413,0.6543110394842868,560,681,1241,0.0008058017727639033,0.0008333472224535399,0.6539887187751787,-8.058017727639034e-05
30213,25.177919631993866,0.6543110394842868,560,681,1241,0.0,0.0008333472224535399,0.653827558420626,-0.00016116035455278067
30214,25.17875297921632,0.6543110394842868,560,681,1241,0.0,0.0008333472224535399,0.6537469782433496,-8.058017727639034e-05
30215,25.179586326438773,0.6551168412570507,560,681,1241,0.0008058017727639033,0.0008333472224535399,0.6539081385979024,0.00016116035455278067
30216,25.18041967366123,0.6551168412570507,560,681,1241,0.0,0.0008333472224570926,0.6541498791297317,0.0002417405318291599
30217,25.181253020883684,0.6551168412570507,560,681,1241,0.0,0.0008333472224535399,0.6543916196615609,0.0002417405318291599
30218,25.182086368106138,0.6559226430298146,560,681,1241,0.0008058017727639033,0.0008333472224535399,0.6545527800161136,0.00016116035455278067
30219,25.18291971532859,0.6551168412570507,560,681,1241,-0.0008058017727639033,0.0008333472224535399,0.65463336019339,8.058017727639034e-05
30220,25.183753062551045,0.6551168412570507,560,681,1241,0.0,0.0008333472224535399,0.6547945205479427,0.00016116035455278067
30221,25.184586409773498,0.6559226430298146,560,681,1241,0.0008058017727639033,0.0008333472224535399,0.655036261079772,0.00024174053182917098
30222,25.18541975699595,0.6551168412570507,560,681,1241,-0.0008058017727639033,0.0008333472224535399,0.6551168412570484,8.058017727639034e-05
30223,25.186253104218405,0.6551168412570507,560,681,1241,0.0,0.0008333472224535399,0.6551974214343248,8.058017727639034e-05
30224,25.18708645144086,0.6526994359387591,560,681,1241,-0.002417405318291599,0.0008333472224535399,0.655036261079772,-0.00016116035455276956
30225,25.187919798663312,0.6526994359387591,560,681,1241,0.0,0.0008333472224535399,0.6547945205479427,-0.0002417405318291599
30226,25.188753145885766,0.6535052377115229,560,681,1241,0.0008058017727637923,0.0008333472224535399,0.6546333601933899,-0.00016116035455278067
30227,25.18958649310822,0.6535052377115229,560,681,1241,0.0,0.0008333472224535399,0.654472199838837,-0.00016116035455278067
30228,25.190419840330673,0.6535052377115229,560,681,1241,0.0,0.0008333472224535399,0.6542304593070079,-0.00024174053182917098
30229,25.191253187553126,0.6543110394842868,560,681,1241,0.0008058017727639033,0.0008333472224535399,0.6541498791297314,-8.058017727639034e-05
30230,25.19208653477558,0.6543110394842868,560,681,1241,0.0,0.0008333472224535399,0.6540692989524551,-8.058017727639034e-05
30231,25.192919881998034,0.6543110394842868,560,681,1241,0.0,0.0008333472224535399,0.6539081385979023,-0.00016116035455278067
30232,25.193753229220487,0.6543110394842868,560,681,1241,0.0,0.0008333472224535399,0.6538275584206259,-8.058017727639034e-05
30233,25.19458657644294,0.6526994359387591,560,681,1241,-0.0016116035455276956,0.0008333472224535399,0.6535858178887967,-0.0002417405318291599
30234,25.195419923665394,0.6518936341659952,560,681,1241,-0.0008058017727639033,0.0008333472224535399,0.6535052377115204,-8.058017727639034e-05
30235,25.196253270887848,0.6510878323932313,560,681,1241,-0.0008058017727639033,0.0008333472224535399,0.6533440773569675,-0.00016116035455278067
30236,25.1970866181103,0.6494762288477035,560,681,1241,-0.0016116035455278066,0.0008333472224535399,0.6529411764705856,-0.00040290088638194054
30237,25.19791996533276,0.6510878323932313,560,681,1241,0.0016116035455278066,0.0008333472224570926,0.6526994359387563,-0.0002417405318291599
30238,25.198753312555212,0.6502820306204674,560,681,1241,-0.0008058017727639033,0.0008333472224535399,0.6523771152296508,-0.00032232070910555023
30239,25.199586659777665,0.6494762288477035,560,681,1241,-0.0008058017727639033,0.0008333472224535399,0.6518936341659924,-0.0004834810636583309
30240,25.20042000700012,0.6494762288477035,560,681,1241,0.0,0.0008333472224535399,0.6514101531023341,-0.0004834810636583309
30241,25.201253354222573,0.6478646253021757,560,681,1241,-0.0016116035455278066,0.0008333472224535399,0.650765511684123,-0.0006446414182111115
30242,25.202086701445026,0.6494762288477035,560,681,1241,0.0016116035455278066,0.0008333472224535399,0.6502820306204646,-0.0004834810636583309
30243,25.20292004866748,0.6494762288477035,560,681,1241,0.0,0.0008333472224535399,0.6499597099113591,-0.00032232070910556134
30244,25.203753395889933,0.6502820306204674,560,681,1241,0.0008058017727639033,0.0008333472224535399,0.6497985495568063,-0.00016116035455278067
30245,25.204586743112387,0.6494762288477035,560,681,1241,-0.0008058017727639033,0.0008333472224535399,0.6496373892022536,-0.00016116035455278067
30246,25.20542009033484,0.6494762288477035,560,681,1241,0.0,0.0008333472224535399,0.6496373892022536,0.0
30247,25.206253437557294,0.6494762288477035,560,681,1241,0.0,0.0008333472224535399,0.6494762288477007,-0.00016116035455278067
30248,25.207086784779747,0.6518936341659952,560,681,1241,0.00241740531829171,0.0008333472224535399,0.6496373892022536,0.00016116035455278067
30249,25.2079201320022,0.6526994359387591,560,681,1241,0.0008058017727639033,0.0008333472224535399,0.6499597099113591,0.00032232070910556134
30250,25.208753479224654,0.6543110394842868,560,681,1241,0.0016116035455276956,0.0008333472224535399,0.6504431909750175,0.0004834810636583309
30251,25.209586826447108,0.6543110394842868,560,681,1241,0.0,0.0008333472224535399,0.6510878323932285,0.0006446414182111115
30252,25.21042017366956,0.6559226430298146,560,681,1241,0.0016116035455278066,0.0008333472224535399,0.6517324738114396,0.0006446414182111115
30253,25.211253520892015,0.6559226430298146,560,681,1241,0.0,0.0008333472224535399,0.6523771152296508,0.0006446414182111115
30254,25.21208686811447,0.6543110394842868,560,681,1241,-0.0016116035455278066,0.0008333472224535399,0.6527800161160326,0.00040290088638194054
30255,25.212920215336922,0.6543110394842868,560,681,1241,0.0,0.0008333472224535399,0.653263497179691,0.0004834810636583309
30256,25.213753562559376,0.6551168412570507,560,681,1241,0.0008058017727639033,0.0008333472224535399,0.6538275584206257,0.0005640612409347212
30257,25.21458690978183,0.6543110394842868,560,681,1241,-0.0008058017727639033,0.0008333472224535399,0.654311039484284,0.0004834810636583309
30258,25.215420257004286,0.6543110394842868,560,681,1241,0.0,0.0008333472224570926,0.6545527800161132,0.0002417405318291599
30259,25.21625360422674,0.6535052377115229,560,681,1241,-0.0008058017727639033,0.0008333472224535399,0.6546333601933896,8.058017727637922e-05
30260,25.217086951449193,0.6551168412570507,560,681,1241,0.0016116035455278066,0.0008333472224535399,0.654713940370666,8.058017727639034e-05
30261,25.217920298671647,0.6543110394842868,560,681,1241,-0.0008058017727639033,0.0008333472224535399,0.654713940370666,0.0
30262,25.2187536458941,0.6551168412570507,560,681,1241,0.0008058017727639033,0.0008333472224535399,0.6546333601933896,-8.058017727639034e-05
30263,25.219586993116554,0.6559226430298146,560,681,1241,0.0008058017727639033,0.0008333472224535399,0.6546333601933896,0.0
30264,25.220420340339007,0.6575342465753424,560,681,1241,0.0016116035455278066,0.0008333472224535399,0.6549556809024951,0.00032232070910556134
30265,25.22125368756146,0.6575342465753424,560,681,1241,0.0,0.0008333472224535399,0.6552780016116007,0.00032232070910556134
30266,25.222087034783915,0.6567284448025785,560,681,1241,-0.0008058017727639033,0.0008333472224535399,0.6554391619661534,0.00016116035455278067
30267,25.222920382006368,0.6559226430298146,560,681,1241,-0.0008058017727639033,0.0008333472224535399,0.6556003223207061,0.00016116035455278067
30268,25.22375372922882,0.6559226430298146,560,681,1241,0.0,0.0008333472224535399,0.6557614826752589,0.00016116035455278067
30269,25.224587076451275,0.6559226430298146,560,681,1241,0.0,0.0008333472224535399,0.6560032232070881,0.00024174053182917098
30270,25.22542042367373,0.6551168412570507,560,681,1241,-0.0008058017727639033,0.0008333472224535399,0.6560032232070881,0.0
30271,25.226253770896182,0.6551168412570507,560,681,1241,0.0,0.0008333472224535399,0.6560838033843646,8.058017727639034e-05
30272,25.227087118118636,0.6551168412570507,560,681,1241,0.0,0.0008333472224535399,0.6560838033843645,0.0
30273,25.22792046534109,0.6575342465753424,560,681,1241,0.00241740531829171,0.0008333472224535399,0.6562449637389173,0.00016116035455278067
30274,25.228753812563543,0.6583400483481063,560,681,1241,0.0008058017727639033,0.0008333472224535399,0.6563255439161936,8.058017727639034e-05
30275,25.229587159785996,0.6591458501208702,560,681,1241,0.0008058017727639033,0.0008333472224535399,0.6564867042707464,0.00016116035455278067
30276,25.23042050700845,0.6591458501208702,560,681,1241,0.0,0.0008333472224535399,0.6567284448025756,0.00024174053182917098
30277,25.231253854230903,0.6583400483481063,560,681,1241,-0.0008058017727639033,0.0008333472224535399,0.6569701853344048,0.00024174053182917098
30278,25.232087201453357,0.6591458501208702,560,681,1241,0.0008058017727639033,0.0008333472224535399,0.6572925060435104,0.00032232070910556134
30279,25.23292054867581,0.6599516518936341,560,681,1241,0.0008058017727639033,0.0008333472224535399,0.6576954069298923,0.00040290088638195165
30280,25.233753895898268,0.660757453666398,560,681,1241,0.0008058017727639033,0.0008333472224570926,0.658259468170827,0.0005640612409347323
30281,25.23458724312072,0.660757453666398,560,681,1241,0.0,0.0008333472224535399,0.6588235294117618,0.0005640612409347323
30282,25.235420590343175,0.6599516518936341,560,681,1241,-0.0008058017727639033,0.0008333472224535399,0.6593070104754201,0.00048348106365834196
30283,25.23625393756563,0.6599516518936341,560,681,1241,0.0,0.0008333472224535399,0.6595487510072492,0.00024174053182917098
30284,25.237087284788082,0.6599516518936341,560,681,1241,0.0,0.0008333472224535399,0.659709911361802,0.00016116035455278067
30285,25.237920632010535,0.6599516518936341,560,681,1241,0.0,0.0008333472224535399,0.6597904915390783,8.058017727639034e-05
30286,25.23875397923299,0.6599516518936341,560,681,1241,0.0,0.0008333472224535399,0.6598710717163547,8.058017727639034e-05
30287,25.239587326455442,0.661563255439162,560,681,1241,0.0016116035455278066,0.0008333472224535399,0.6601933924254603,0.00032232070910556134
30288,25.240420673677896,0.660757453666398,560,681,1241,-0.0008058017727639033,0.0008333472224535399,0.660354552780013,0.00016116035455278067
30289,25.24125402090035,0.661563255439162,560,681,1241,0.0008058017727639033,0.0008333472224535399,0.6605157131345658,0.00016116035455278067
30290,25.242087368122803,0.6623690572119258,560,681,1241,0.0008058017727639033,0.0008333472224535399,0.6606768734891186,0.00016116035455278067
30291,25.242920715345257,0.6639806607574537,560,681,1241,0.0016116035455278066,0.0008333472224535399,0.6609991941982242,0.00032232070910556134
30292,25.24375406256771,0.6631748589846898,560,681,1241,-0.0008058017727639033,0.0008333472224535399,0.6613215149073298,0.00032232070910556134
30293,25.244587409790164,0.6639806607574537,560,681,1241,0.0008058017727639033,0.0008333472224535399,0.6617244157937117,0.00040290088638195165
30294,25.245420757012617,0.6631748589846898,560,681,1241,-0.0008058017727639033,0.0008333472224535399,0.6620467365028173,0.00032232070910556134
30295,25.24625410423507,0.6639806607574537,560,681,1241,0.0008058017727639033,0.0008333472224535399,0.6624496373891992,0.00040290088638195165
30296,25.247087451457524,0.6639806607574537,560,681,1241,0.0,0.0008333472224535399,0.6628525382755811,0.00040290088638195165
30297,25.247920798679978,0.6631748589846898,560,681,1241,-0.0008058017727639033,0.0008333472224535399,0.6630136986301338,0.00016116035455278067
30298,25.24875414590243,0.6639806607574537,560,681,1241,0.0008058017727639033,0.0008333472224535399,0.6633360193392394,0.00032232070910556134
30299,25.249587493124885,0.6663980660757454,560,681,1241,0.00241740531829171,0.0008333472224535399,0.6638195004028976,0.00048348106365834196
30300,25.25042084034734,0.6688154713940371,560,681,1241,0.00241740531829171,0.0008333472224535399,0.6644641418211087,0.0006446414182111227
30301,25.251254187569796,0.6680096696212732,560,681,1241,-0.0008058017727639033,0.0008333472224570926,0.6648670427074908,0.00040290088638195165
30302,25.25208753479225,0.6672038678485093,560,681,1241,-0.0008058017727639033,0.0008333472224535399,0.6652699435938727,0.00040290088638195165
30303,25.252920882014703,0.6672038678485093,560,681,1241,0.0,0.0008333472224535399,0.6655922643029782,0.00032232070910556134
30304,25.253754229237156,0.6680096696212732,560,681,1241,0.0008058017727639033,0.0008333472224535399,0.6660757453666367,0.00048348106365834196
30305,25.25458757645961,0.6680096696212732,560,681,1241,0.0,0.0008333472224535399,0.6664786462530187,0.00040290088638195165
30306,25.255420923682063,0.6672038678485093,560,681,1241,-0.0008058017727639033,0.0008333472224535399,0.6668009669621242,0.00032232070910556134
30307,25.256254270904517,0.6680096696212732,560,681,1241,0.0008058017727639033,0.0008333472224535399,0.6672844480257826,0.00048348106365834196
30308,25.25708761812697,0.6680096696212732,560,681,1241,0.0,0.0008333472224535399,0.6676873489121646,0.00040290088638195165
30309,25.257920965349424,0.6688154713940371,560,681,1241,0.0008058017727639033,0.0008333472224535399,0.6679290894439938,0.00024174053182917098
30310,25.258754312571877,0.6704270749395649,560,681,1241,0.0016116035455278066,0.0008333472224535399,0.6680902497985465,0.00016116035455278067
30311,25.25958765979433,0.669621273166801,560,681,1241,-0.0008058017727639033,0.0008333472224535399,0.6682514101530993,0.00016116035455278067
30312,25.260421007016785,0.669621273166801,560,681,1241,0.0,0.0008333472224535399,0.6684931506849284,0.00024174053182917098
30313,25.261254354239238,0.669621273166801,560,681,1241,0.0,0.0008333472224535399,0.6687348912167577,0.00024174053182917098
30314,25.26208770146169,0.6712328767123288,560,681,1241,0.0016116035455278066,0.0008333472224535399,0.6690572119258631,0.00032232070910556134
30315,25.262921048684145,0.6712328767123288,560,681,1241,0.0,0.0008333472224535399,0.6693795326349686,0.00032232070910556134
30316,25.2637543959066,0.6720386784850927,560,681,1241,0.0008058017727639033,0.0008333472224535399,0.669863013698627,0.00048348106365834196
30317,25.264587743129052,0.6728444802578566,560,681,1241,0.0008058017727639033,0.0008333472224535399,0.6703464947622854,0.00048348106365834196
30318,25.265421090351506,0.6736502820306205,560,681,1241,0.0008058017727639033,0.0008333472224535399,0.6709105560032201,0.0005640612409347323
30319,25.26625443757396,0.6720386784850927,560,681,1241,-0.0016116035455278066,0.0008333472224535399,0.6712328767123257,0.00032232070910556134
30320,25.267087784796413,0.6704270749395649,560,681,1241,-0.0016116035455278066,0.0008333472224535399,0.6712328767123257,0.0
30321,25.267921132018866,0.6712328767123288,560,681,1241,0.0008058017727639033,0.0008333472224535399,0.6713940370668785,0.00016116035455278067
30322,25.268754479241323,0.6712328767123288,560,681,1241,0.0,0.0008333472224570926,0.6715551974214314,0.00016116035455278067
30323,25.269587826463777,0.6712328767123288,560,681,1241,0.0,0.0008333472224535399,0.6717163577759843,0.00016116035455278067
30324,25.27042117368623,0.6720386784850927,560,681,1241,0.0008058017727639033,0.0008333472224535399,0.6717969379532607,8.058017727639034e-05
30325,25.271254520908684,0.6728444802578566,560,681,1241,0.0008058017727639033,0.0008333472224535399,0.6719580983078133,0.00016116035455278067
30326,25.272087868131138,0.6728444802578566,560,681,1241,0.0,0.0008333472224535399,0.6720386784850897,8.058017727639034e-05
30327,25.27292121535359,0.6728444802578566,560,681,1241,0.0,0.0008333472224535399,0.6720386784850897,0.0
30328,25.273754562576045,0.6736502820306205,560,681,1241,0.0008058017727639033,0.0008333472224535399,0.6720386784850897,0.0
30329,25.2745879097985,0.6728444802578566,560,681,1241,-0.0008058017727639033,0.0008333472224535399,0.672119258662366,8.058017727639034e-05
30330,25.27542125702095,0.6744560838033844,560,681,1241,0.0016116035455278066,0.0008333472224535399,0.672522159548748,0.00040290088638195165
30331,25.276254604243405,0.6752618855761483,560,681,1241,0.0008058017727639033,0.0008333472224535399,0.67292506043513,0.00040290088638195165
30332,25.27708795146586,0.67767929089444,560,681,1241,0.00241740531829171,0.0008333472224535399,0.6735697018533411,0.0006446414182111227
30333,25.277921298688312,0.67767929089444,560,681,1241,0.0,0.0008333472224535399,0.6742143432715523,0.0006446414182111227
30334,25.278754645910766,0.6768734891216761,560,681,1241,-0.0008058017727639033,0.0008333472224535399,0.6746978243352106,0.00048348106365834196
30335,25.27958799313322,0.6760676873489122,560,681,1241,-0.0008058017727639033,0.0008333472224535399,0.6750201450443163,0.00032232070910556134
30336,25.280421340355673,0.6760676873489122,560,681,1241,0.0,0.0008333472224535399,0.6753424657534218,0.00032232070910556134
30337,25.281254687578127,0.6752618855761483,560,681,1241,-0.0008058017727639033,0.0008333472224535399,0.6755842062852511,0.00024174053182917098
30338,25.28208803480058,0.6736502820306205,560,681,1241,-0.0016116035455278066,0.0008333472224535399,0.6755842062852511,0.0
30339,25.282921382023034,0.6728444802578566,560,681,1241,-0.0008058017727639033,0.0008333472224535399,0.6755842062852511,0.0
30340,25.283754729245487,0.6736502820306205,560,681,1241,0.0008058017727639033,0.0008333472224535399,0.6755036261079747,-8.058017727639034e-05
30341,25.28458807646794,0.6736502820306205,560,681,1241,0.0,0.0008333472224535399,0.6753424657534219,-0.00016116035455278067
30342,25.285421423690394,0.6760676873489122,560,681,1241,0.00241740531829171,0.0008333472224535399,0.6751813053988691,-0.00016116035455278067
30343,25.28625477091285,0.6760676873489122,560,681,1241,0.0,0.0008333472224570926,0.6750201450443163,-0.00016116035455278067
30344,25.287088118135305,0.6752618855761483,560,681,1241,-0.0008058017727639033,0.0008333472224535399,0.6748589846897635,-0.00016116035455278067
30345,25.28792146535776,0.6736502820306205,560,681,1241,-0.0016116035455278066,0.0008333472224535399,0.6746172441579343,-0.00024174053182917098
30346,25.288754812580212,0.6744560838033844,560,681,1241,0.0008058017727639033,0.0008333472224535399,0.6744560838033816,-0.00016116035455278067
30347,25.289588159802666,0.6752618855761483,560,681,1241,0.0008058017727639033,0.0008333472224535399,0.6744560838033816,0.0
30348,25.29042150702512,0.6768734891216761,560,681,1241,0.0016116035455278066,0.0008333472224535399,0.6747784045124872,0.00032232070910556134
30349,25.291254854247573,0.6768734891216761,560,681,1241,0.0,0.0008333472224535399,0.6751813053988691,0.00040290088638195165
30350,25.292088201470026,0.6752618855761483,560,681,1241,-0.0016116035455278066,0.0008333472224535399,0.6753424657534219,0.00016116035455278067
30351,25.29292154869248,0.6768734891216761,560,681,1241,0.0016116035455278066,0.0008333472224535399,0.6756647864625275,0.00032232070910556134
30352,25.293754895914933,0.6768734891216761,560,681,1241,0.0,0.0008333472224535399,0.6757453666398039,8.058017727639034e-05
30353,25.294588243137387,0.6768734891216761,560,681,1241,0.0,0.0008333472224535399,0.6758259468170802,8.058017727639034e-05
30354,25.29542159035984,0.67767929089444,560,681,1241,0.0008058017727639033,0.0008333472224535399,0.6760676873489094,0.00024174053182917098
30355,25.296254937582294,0.6800966962127317,560,681,1241,0.00241740531829171,0.0008333472224535399,0.6767123287671206,0.0006446414182111227
30356,25.297088284804747,0.6800966962127317,560,681,1241,0.0,0.0008333472224535399,0.6772763900080554,0.0005640612409347323
30357,25.2979216320272,0.6809024979854955,560,681,1241,0.0008058017727637923,0.0008333472224535399,0.6778404512489901,0.0005640612409347212
30358,25.298754979249654,0.6792908944399678,560,681,1241,-0.0016116035455276956,0.0008333472224535399,0.6780821917808193,0.00024174053182917098
30359,25.299588326472108,0.6784850926672039,560,681,1241,-0.0008058017727639033,0.0008333472224535399,0.678243352135372,0.00016116035455278067
30360,25.30042167369456,0.6784850926672039,560,681,1241,0.0,0.0008333472224535399,0.6785656728444776,0.00032232070910556134
30361,25.301255020917015,0.6768734891216761,560,681,1241,-0.0016116035455278066,0.0008333472224535399,0.6785656728444776,0.0
30362,25.30208836813947,0.6768734891216761,560,681,1241,0.0,0.0008333472224535399,0.6785656728444776,0.0
30363,25.302921715361922,0.6768734891216761,560,681,1241,0.0,0.0008333472224535399,0.6785656728444776,0.0
30364,25.30375506258438,0.6760676873489122,560,681,1241,-0.0008058017727639033,0.0008333472224570926,0.6784045124899247,-0.00016116035455278067
30365,25.304588409806833,0.67767929089444,560,681,1241,0.0016116035455278066,0.0008333472224535399,0.6781627719580956,-0.00024174053182917098
30366,25.305421757029286,0.6768734891216761,560,681,1241,-0.0008058017727639033,0.0008333472224535399,0.6778404512489901,-0.00032232070910556134
30367,25.30625510425174,0.6768734891216761,560,681,1241,0.0,0.0008333472224535399,0.6774375503626081,-0.00040290088638194054
30368,25.307088451474193,0.6768734891216761,560,681,1241,0.0,0.0008333472224535399,0.677195809830779,-0.00024174053182917098
30369,25.307921798696647,0.67767929089444,560,681,1241,0.0008058017727639033,0.0008333472224535399,0.6771152296535027,-8.058017727639034e-05
30370,25.3087551459191,0.67767929089444,560,681,1241,0.0,0.0008333472224535399,0.6770346494762263,-8.058017727639034e-05
30371,25.309588493141554,0.6768734891216761,560,681,1241,-0.0008058017727639033,0.0008333472224535399,0.6770346494762263,0.0
30372,25.310421840364008,0.6768734891216761,560,681,1241,0.0,0.0008333472224535399,0.6770346494762263,0.0
30373,25.31125518758646,0.6768734891216761,560,681,1241,0.0,0.0008333472224535399,0.6770346494762263,0.0
30374,25.312088534808915,0.6752618855761483,560,681,1241,-0.0016116035455278066,0.0008333472224535399,0.67695406929895,-8.058017727639034e-05
30375,25.312921882031368,0.6760676873489122,560,681,1241,0.0008058017727639033,0.0008333472224535399,0.6767929089443971,-0.00016116035455278067
30376,25.31375522925382,0.6752618855761483,560,681,1241,-0.0008058017727639033,0.0008333472224535399,0.6766317485898443,-0.00016116035455278067
30377,25.314588576476275,0.6744560838033844,560,681,1241,-0.0008058017727639033,0.0008333472224535399,0.6763900080580151,-0.00024174053182917098
30378,25.31542192369873,0.6744560838033844,560,681,1241,0.0,0.0008333472224535399,0.6761482675261858,-0.00024174053182917098
30379,25.316255270921182,0.6736502820306205,560,681,1241,-0.0008058017727639033,0.0008333472224535399,0.6757453666398039,-0.00040290088638195165
30380,25.317088618143636,0.6744560838033844,560,681,1241,0.0008058017727639033,0.0008333472224535399,0.6754230459306984,-0.00032232070910556134
30381,25.31792196536609,0.6744560838033844,560,681,1241,0.0,0.0008333472224535399,0.6751813053988692,-0.00024174053182917098
30382,25.318755312588543,0.6744560838033844,560,681,1241,0.0,0.0008333472224535399,0.67493956486704,-0.00024174053182917098
30383,25.319588659810996,0.6760676873489122,560,681,1241,0.0016116035455278066,0.0008333472224535399,0.6748589846897637,-8.058017727639034e-05
30384,25.32042200703345,0.6760676873489122,560,681,1241,0.0,0.0008333472224535399,0.6749395648670401,8.058017727639034e-05
30385,25.321255354255904,0.6744560838033844,560,681,1241,-0.0016116035455278066,0.0008333472224535399,0.6747784045124874,-0.00016116035455278067
30386,25.32208870147836,0.6736502820306205,560,681,1241,-0.0008058017727639033,0.0008333472224570926,0.6746172441579346,-0.00016116035455278067
30387,25.322922048700814,0.6736502820306205,560,681,1241,0.0,0.0008333472224535399,0.6745366639806581,-8.058017727639034e-05
30388,25.323755395923268,0.6744560838033844,560,681,1241,0.0008058017727639033,0.0008333472224535399,0.6745366639806581,0.0
30389,25.32458874314572,0.6744560838033844,560,681,1241,0.0,0.0008333472224535399,0.6746172441579346,8.058017727639034e-05
30390,25.325422090368175,0.6736502820306205,560,681,1241,-0.0008058017727639033,0.0008333472224535399,0.6745366639806581,-8.058017727639034e-05
30391,25.32625543759063,0.6744560838033844,560,681,1241,0.0008058017727639033,0.0008333472224535399,0.6745366639806581,0.0
30392,25.327088784813082,0.6736502820306205,560,681,1241,-0.0008058017727639033,0.0008333472224535399,0.6744560838033818,-8.058017727639034e-05
30393,25.327922132035535,0.6728444802578566,560,681,1241,-0.0008058017727639033,0.0008333472224535399,0.6741337630942763,-0.00032232070910556134
30394,25.32875547925799,0.6752618855761483,560,681,1241,0.00241740531829171,0.0008333472224535399,0.6740531829169999,-8.058017727639034e-05
30395,25.329588826480443,0.6752618855761483,560,681,1241,0.0,0.0008333472224535399,0.6741337630942763,8.058017727639034e-05
30396,25.330422173702896,0.6760676873489122,560,681,1241,0.0008058017727639033,0.0008333472224535399,0.6743755036261054,0.00024174053182917098
30397,25.33125552092535,0.6760676873489122,560,681,1241,0.0,0.0008333472224535399,0.6746172441579346,0.00024174053182917098
30398,25.332088868147803,0.6760676873489122,560,681,1241,0.0,0.0008333472224535399,0.6747784045124874,0.00016116035455278067
30399,25.332922215370257,0.6736502820306205,560,681,1241,-0.00241740531829171,0.0008333472224535399,0.6746978243352111,-8.058017727639034e-05
30400,25.33375556259271,0.6736502820306205,560,681,1241,0.0,0.0008333472224535399,0.6746978243352111,0.0
30401,25.334588909815164,0.6736502820306205,560,681,1241,0.0,0.0008333472224535399,0.6746172441579347,-8.058017727639034e-05
30402,25.335422257037617,0.6744560838033844,560,681,1241,0.0008058017727639033,0.0008333472224535399,0.6746978243352111,8.058017727639034e-05
30403,25.33625560426007,0.6760676873489122,560,681,1241,0.0016116035455278066,0.0008333472224535399,0.6750201450443167,0.00032232070910556134
30404,25.337088951482524,0.6800966962127317,560,681,1241,0.0040290088638195165,0.0008333472224535399,0.6755036261079751,0.00048348106365834196
30405,25.337922298704978,0.6809024979854955,560,681,1241,0.0008058017727637923,0.0008333472224535399,0.6760676873489098,0.0005640612409347212
30406,25.33875564592743,0.6809024979854955,560,681,1241,0.0,0.0008333472224535399,0.676551168412568,0.0004834810636583309
30407,25.33958899314989,0.6809024979854955,560,681,1241,0.0,0.0008333472224570926,0.6770346494762263,0.0004834810636583309
30408,25.340422340372342,0.6809024979854955,560,681,1241,0.0,0.0008333472224535399,0.6775181305398845,0.0004834810636583309
30409,25.341255687594796,0.6817082997582594,560,681,1241,0.0008058017727639033,0.0008333472224535399,0.6783239323126484,0.0008058017727638922
30410,25.34208903481725,0.6817082997582594,560,681,1241,0.0,0.0008333472224535399,0.6791297340854123,0.0008058017727638922
30411,25.342922382039703,0.6817082997582594,560,681,1241,0.0,0.0008333472224535399,0.6799355358581762,0.0008058017727638922
30412,25.343755729262156,0.6817082997582594,560,681,1241,0.0,0.0008333472224535399,0.6806607574536638,0.0007252215954875018
30413,25.34458907648461,0.6817082997582594,560,681,1241,0.0,0.0008333472224535399,0.6812248186945986,0.0005640612409347212
30414,25.345422423707063,0.6809024979854955,560,681,1241,-0.0008058017727639033,0.0008333472224535399,0.6813053988718749,8.058017727637922e-05
30415,25.346255770929517,0.6825141015310233,560,681,1241,0.0016116035455278066,0.0008333472224535399,0.6814665592264277,0.00016116035455278067
30416,25.34708911815197,0.6809024979854955,560,681,1241,-0.0016116035455278066,0.0008333472224535399,0.6814665592264277,0.0
30417,25.347922465374424,0.6784850926672039,560,681,1241,-0.002417405318291599,0.0008333472224535399,0.6812248186945986,-0.0002417405318291599
30418,25.348755812596877,0.6768734891216761,560,681,1241,-0.0016116035455278066,0.0008333472224535399,0.6808219178082167,-0.00040290088638194054
30419,25.34958915981933,0.6744560838033844,560,681,1241,-0.00241740531829171,0.0008333472224535399,0.6800966962127293,-0.0007252215954875018
30420,25.350422507041785,0.6760676873489122,560,681,1241,0.0016116035455278066,0.0008333472224535399,0.6795326349717945,-0.0005640612409347212
30421,25.351255854264238,0.6752618855761483,560,681,1241,-0.0008058017727639033,0.0008333472224535399,0.6788879935535833,-0.0006446414182111115
30422,25.35208920148669,0.6768734891216761,560,681,1241,0.0016116035455278066,0.0008333472224535399,0.678404512489925,-0.0004834810636583309
30423,25.352922548709145,0.6768734891216761,560,681,1241,0.0,0.0008333472224535399,0.6779210314262667,-0.0004834810636583309
30424,25.3537558959316,0.6768734891216761,560,681,1241,0.0,0.0008333472224535399,0.6775181305398847,-0.00040290088638194054
30425,25.354589243154052,0.6760676873489122,560,681,1241,-0.0008058017727639033,0.0008333472224535399,0.6768734891216737,-0.0006446414182111115
30426,25.355422590376506,0.67767929089444,560,681,1241,0.0016116035455278066,0.0008333472224535399,0.6765511684125681,-0.00032232070910555023
30427,25.35625593759896,0.67767929089444,560,681,1241,0.0,0.0008333472224535399,0.6764705882352917,-8.058017727639034e-05
30428,25.357089284821416,0.67767929089444,560,681,1241,0.0,0.0008333472224570926,0.6765511684125681,8.058017727639034e-05
30429,25.35792263204387,0.6784850926672039,560,681,1241,0.0008058017727639033,0.0008333472224535399,0.6769540692989502,0.00040290088638195165
30430,25.358755979266324,0.6784850926672039,560,681,1241,0.0,0.0008333472224535399,0.6771958098307793,0.00024174053182917098
30431,25.359589326488777,0.6792908944399678,560,681,1241,0.0008058017727639033,0.0008333472224535399,0.6775987107171613,0.00040290088638195165
30432,25.36042267371123,0.6784850926672039,560,681,1241,-0.0008058017727639033,0.0008333472224535399,0.6777598710717141,0.00016116035455278067
30433,25.361256020933684,0.6800966962127317,560,681,1241,0.0016116035455278066,0.0008333472224535399,0.6780821917808196,0.00032232070910556134
30434,25.362089368156138,0.6809024979854955,560,681,1241,0.0008058017727637923,0.0008333472224535399,0.6784850926672015,0.00040290088638194054
30435,25.36292271537859,0.6833199033037872,560,681,1241,0.00241740531829171,0.0008333472224535399,0.6792103142626891,0.0007252215954875018
30436,25.363756062601045,0.6825141015310233,560,681,1241,-0.0008058017727639033,0.0008333472224535399,0.6796937953263473,0.0004834810636583309
30437,25.3645894098235,0.6833199033037872,560,681,1241,0.0008058017727639033,0.0008333472224535399,0.6802578565672821,0.0005640612409347212
30438,25.365422757045952,0.6825141015310233,560,681,1241,-0.0008058017727639033,0.0008333472224535399,0.6807413376309404,0.0004834810636583309
30439,25.366256104268405,0.6833199033037872,560,681,1241,0.0008058017727639033,0.0008333472224535399,0.6812248186945987,0.0004834810636583309
30440,25.36708945149086,0.6833199033037872,560,681,1241,0.0,0.0008333472224535399,0.6817082997582571,0.0004834810636583309
30441,25.367922798713312,0.6825141015310233,560,681,1241,-0.0008058017727639033,0.0008333472224535399,0.6820306204673626,0.00032232070910555023
30442,25.368756145935766,0.6833199033037872,560,681,1241,0.0008058017727639033,0.0008333472224535399,0.682514101531021,0.0004834810636583309
30443,25.36958949315822,0.6825141015310233,560,681,1241,-0.0008058017727639033,0.0008333472224535399,0.6827558420628501,0.0002417405318291599
30444,25.370422840380673,0.6833199033037872,560,681,1241,0.0008058017727639033,0.0008333472224535399,0.6829975825946792,0.00024174053182917098
30445,25.371256187603127,0.6825141015310233,560,681,1241,-0.0008058017727639033,0.0008333472224535399,0.6829170024174028,-8.058017727639034e-05
30446,25.37208953482558,0.6841257050765511,560,681,1241,0.0016116035455278066,0.0008333472224535399,0.6830781627719557,0.00016116035455278067
30447,25.372922882048034,0.6825141015310233,560,681,1241,-0.0016116035455278066,0.0008333472224535399,0.6829975825946792,-8.058017727639034e-05
30448,25.373756229270487,0.6841257050765511,560,681,1241,0.0016116035455278066,0.0008333472224535399,0.683158742949232,0.00016116035455278067
30449,25.374589576492944,0.6833199033037872,560,681,1241,-0.0008058017727639033,0.0008333472224570926,0.683158742949232,0.0
30450,25.375422923715398,0.6825141015310233,560,681,1241,-0.0008058017727639033,0.0008333472224535399,0.6830781627719555,-8.058017727639034e-05
30451,25.37625627093785,0.6833199033037872,560,681,1241,0.0008058017727639033,0.0008333472224535399,0.683158742949232,8.058017727639034e-05
30452,25.377089618160305,0.6833199033037872,560,681,1241,0.0,0.0008333472224535399,0.683158742949232,0.0
30453,25.37792296538276,0.6857373086220789,560,681,1241,0.00241740531829171,0.0008333472224535399,0.6834810636583375,0.00032232070910556134
30454,25.378756312605212,0.6865431103948428,560,681,1241,0.0008058017727639033,0.0008333472224535399,0.6838033843674431,0.00032232070910556134
30455,25.379589659827666,0.6865431103948428,560,681,1241,0.0,0.0008333472224535399,0.6842062852538251,0.00040290088638195165
30456,25.38042300705012,0.6833199033037872,560,681,1241,-0.003223207091055613,0.0008333472224535399,0.6841257050765488,-8.058017727639034e-05
30457,25.381256354272573,0.6817082997582594,560,681,1241,-0.0016116035455278066,0.0008333472224535399,0.6840451248992724,-8.058017727639034e-05
30458,25.382089701495026,0.6809024979854955,560,681,1241,-0.0008058017727639033,0.0008333472224535399,0.6837228041901668,-0.00032232070910556134
30459,25.38292304871748,0.6800966962127317,560,681,1241,-0.0008058017727637923,0.0008333472224535399,0.6834004834810613,-0.00032232070910555023
30460,25.383756395939933,0.6792908944399678,560,681,1241,-0.0008058017727639033,0.0008333472224535399,0.6830781627719558,-0.00032232070910555023
30461,25.384589743162387,0.6768734891216761,560,681,1241,-0.00241740531829171,0.0008333472224535399,0.6824335213537447,-0.0006446414182111115
30462,25.38542309038484,0.6760676873489122,560,681,1241,-0.0008058017727639033,0.0008333472224535399,0.6817082997582571,-0.0007252215954875018
30463,25.386256437607294,0.6744560838033844,560,681,1241,-0.0016116035455278066,0.0008333472224535399,0.6805801772763876,-0.0011281224818694535
30464,25.387089784829747,0.6744560838033844,560,681,1241,0.0,0.0008333472224535399,0.6793714746172419,-0.001208702659145844
30465,25.3879231320522,0.6728444802578566,560,681,1241,-0.0016116035455278066,0.0008333472224535399,0.6780016116035432,-0.0013698630136986245
30466,25.388756479274655,0.6720386784850927,560,681,1241,-0.0008058017727639033,0.0008333472224535399,0.6768734891216738,-0.0011281224818694535
30467,25.389589826497108,0.6728444802578566,560,681,1241,0.0008058017727639033,0.0008333472224535399,0.6759871071716335,-0.0008863819500402826
30468,25.39042317371956,0.6736502820306205,560,681,1241,0.0008058017727639033,0.0008333472224535399,0.675261885576146,-0.0007252215954875018
30469,25.391256520942015,0.6736502820306205,560,681,1241,0.0,0.0008333472224535399,0.6746172441579349,-0.0006446414182111227
30470,25.392089868164472,0.6744560838033844,560,681,1241,0.0008058017727639033,0.0008333472224570926,0.6741337630942766,-0.00048348106365834196
30471,25.392923215386926,0.6768734891216761,560,681,1241,0.00241740531829171,0.0008333472224535399,0.6741337630942766,0.0
30472,25.39375656260938,0.6760676873489122,560,681,1241,-0.0008058017727639033,0.0008333472224535399,0.6741337630942766,0.0
30473,25.394589909831833,0.6768734891216761,560,681,1241,0.0008058017727639033,0.0008333472224535399,0.6743755036261059,0.00024174053182917098
30474,25.395423257054286,0.6768734891216761,560,681,1241,0.0,0.0008333472224535399,0.674617244157935,0.00024174053182917098
30475,25.39625660427674,0.6768734891216761,560,681,1241,0.0,0.0008333472224535399,0.675020145044317,0.00040290088638195165
30476,25.397089951499193,0.67767929089444,560,681,1241,0.0008058017727639033,0.0008333472224535399,0.6755842062852517,0.0005640612409347323
30477,25.397923298721647,0.67767929089444,560,681,1241,0.0,0.0008333472224535399,0.6760676873489102,0.00048348106365834196
30478,25.3987566459441,0.6768734891216761,560,681,1241,-0.0008058017727639033,0.0008333472224535399,0.6763900080580157,0.00032232070910556134
30479,25.399589993166554,0.6768734891216761,560,681,1241,0.0,0.0008333472224535399,0.6767123287671213,0.00032232070910556134
30480,25.400423340389008,0.6768734891216761,560,681,1241,0.0,0.0008333472224535399,0.6769540692989505,0.00024174053182917098
30481,25.40125668761146,0.67767929089444,560,681,1241,0.0008058017727639033,0.0008333472224535399,0.6770346494762269,8.058017727639034e-05
30482,25.402090034833915,0.6784850926672039,560,681,1241,0.0008058017727639033,0.0008333472224535399,0.6772763900080561,0.00024174053182917098
30483,25.40292338205637,0.67767929089444,560,681,1241,-0.0008058017727639033,0.0008333472224535399,0.6773569701853325,8.058017727639034e-05
30484,25.403756729278822,0.6792908944399678,560,681,1241,0.0016116035455278066,0.0008333472224535399,0.6775987107171617,0.00024174053182917098
30485,25.404590076501275,0.6800966962127317,560,681,1241,0.0008058017727639033,0.0008333472224535399,0.6779210314262673,0.00032232070910556134
30486,25.40542342372373,0.6792908944399678,560,681,1241,-0.0008058017727639033,0.0008333472224535399,0.6780821917808201,0.00016116035455278067
30487,25.406256770946182,0.6800966962127317,560,681,1241,0.0008058017727639033,0.0008333472224535399,0.6783239323126493,0.00024174053182917098
30488,25.407090118168636,0.6800966962127317,560,681,1241,0.0,0.0008333472224535399,0.6786462530217549,0.00032232070910556134
30489,25.40792346539109,0.6800966962127317,560,681,1241,0.0,0.0008333472224535399,0.6789685737308604,0.00032232070910556134
30490,25.408756812613543,0.6809024979854955,560,681,1241,0.0008058017727637923,0.0008333472224535399,0.6793714746172423,0.00040290088638194054
30491,25.409590159836,0.6800966962127317,560,681,1241,-0.0008058017727637923,0.0008333472224570926,0.6796132151490715,0.00024174053182917098
30492,25.410423507058454,0.6817082997582594,560,681,1241,0.0016116035455276956,0.0008333472224535399,0.6799355358581771,0.00032232070910555023
30493,25.411256854280907,0.6841257050765511,560,681,1241,0.00241740531829171,0.0008333472224535399,0.6805801772763882,0.0006446414182111115
30494,25.41209020150336,0.684931506849315,560,681,1241,0.0008058017727639033,0.0008333472224535399,0.681144238517323,0.0005640612409347212
30495,25.412923548725814,0.684931506849315,560,681,1241,0.0,0.0008333472224535399,0.6816277195809813,0.0004834810636583309
30496,25.413756895948268,0.6865431103948428,560,681,1241,0.0016116035455278066,0.0008333472224535399,0.6823529411764688,0.0007252215954875018
30497,25.41459024317072,0.6873489121676067,560,681,1241,0.0008058017727639033,0.0008333472224535399,0.6830781627719563,0.0007252215954875018
30498,25.415423590393175,0.6865431103948428,560,681,1241,-0.0008058017727639033,0.0008333472224535399,0.6837228041901675,0.0006446414182111115
30499,25.41625693761563,0.6857373086220789,560,681,1241,-0.0008058017727639033,0.0008333472224535399,0.6842868654311022,0.0005640612409347212
30500,25.417090284838082,0.6833199033037872,560,681,1241,-0.00241740531829171,0.0008333472224535399,0.6845286059629314,0.00024174053182917098
30501,25.417923632060536,0.6833199033037872,560,681,1241,0.0,0.0008333472224535399,0.684850926672037,0.00032232070910555023
30502,25.41875697928299,0.6841257050765511,560,681,1241,0.0008058017727639033,0.0008333472224535399,0.6850926672038661,0.00024174053182917098
30503,25.419590326505443,0.6841257050765511,560,681,1241,0.0,0.0008333472224535399,0.6850926672038661,0.0
30504,25.420423673727896,0.6841257050765511,560,681,1241,0.0,0.0008333472224535399,0.6850120870265897,-8.058017727639034e-05
30505,25.42125702095035,0.6857373086220789,560,681,1241,0.0016116035455278066,0.0008333472224535399,0.685092667203866,8.058017727639034e-05
30506,25.422090368172803,0.684931506849315,560,681,1241,-0.0008058017727639033,0.0008333472224535399,0.6849315068493131,-0.00016116035455278067
30507,25.422923715395257,0.6841257050765511,560,681,1241,-0.0008058017727639033,0.0008333472224535399,0.6846091861402076,-0.00032232070910556134
30508,25.42375706261771,0.6841257050765511,560,681,1241,0.0,0.0008333472224535399,0.6843674456083784,-0.00024174053182917098
30509,25.424590409840164,0.684931506849315,560,681,1241,0.0008058017727639033,0.0008333472224535399,0.6842868654311021,-8.058017727639034e-05
30510,25.425423757062617,0.684931506849315,560,681,1241,0.0,0.0008333472224535399,0.6844480257856549,0.00016116035455278067
30511,25.42625710428507,0.6833199033037872,560,681,1241,-0.0016116035455278066,0.0008333472224535399,0.6844480257856549,0.0
30512,25.427090451507524,0.6825141015310233,560,681,1241,-0.0008058017727639033,0.0008333472224535399,0.6842868654311021,-0.00016116035455278067
30513,25.42792379872998,0.6809024979854955,560,681,1241,-0.0016116035455278066,0.0008333472224570926,0.6839645447219965,-0.00032232070910556134
30514,25.428757145952435,0.6792908944399678,560,681,1241,-0.0016116035455276956,0.0008333472224535399,0.6834810636583382,-0.0004834810636583309
30515,25.42959049317489,0.6800966962127317,560,681,1241,0.0008058017727639033,0.0008333472224535399,0.6829170024174035,-0.0005640612409347212
30516,25.430423840397342,0.6800966962127317,560,681,1241,0.0,0.0008333472224535399,0.6824335213537451,-0.0004834810636583309
30517,25.431257187619796,0.6817082997582594,560,681,1241,0.0016116035455276956,0.0008333472224535399,0.682191780821916,-0.00024174053182917098
30518,25.43209053484225,0.6817082997582594,560,681,1241,0.0,0.0008333472224535399,0.6819500402900869,-0.00024174053182917098
30519,25.432923882064703,0.6817082997582594,560,681,1241,0.0,0.0008333472224535399,0.6816277195809813,-0.00032232070910556134
30520,25.433757229287156,0.6841257050765511,560,681,1241,0.00241740531829171,0.0008333472224535399,0.6815471394037049,-8.058017727639034e-05
30521,25.43459057650961,0.6865431103948428,560,681,1241,0.00241740531829171,0.0008333472224535399,0.6818694601128105,0.00032232070910556134
30522,25.435423923732063,0.6865431103948428,560,681,1241,0.0,0.0008333472224535399,0.6822723609991924,0.00040290088638195165
30523,25.436257270954517,0.6865431103948428,560,681,1241,0.0,0.0008333472224535399,0.6828364222401272,0.0005640612409347323
30524,25.43709061817697,0.6865431103948428,560,681,1241,0.0,0.0008333472224535399,0.6835616438356148,0.0007252215954875018
30525,25.437923965399424,0.6881547139403706,560,681,1241,0.0016116035455278066,0.0008333472224535399,0.6843674456083787,0.0008058017727638922
30526,25.438757312621878,0.6881547139403706,560,681,1241,0.0,0.0008333472224535399,0.6851732473811426,0.0008058017727638922
30527,25.43959065984433,0.6881547139403706,560,681,1241,0.0,0.0008333472224535399,0.6858178887993537,0.0006446414182111227
30528,25.440424007066785,0.6873489121676067,560,681,1241,-0.0008058017727639033,0.0008333472224535399,0.6863819500402883,0.0005640612409347323
30529,25.441257354289238,0.6873489121676067,560,681,1241,0.0,0.0008333472224535399,0.6869460112812231,0.0005640612409347323
30530,25.44209070151169,0.6817082997582594,560,681,1241,-0.005640612409347323,0.0008333472224535399,0.686704270749394,-0.00024174053182917098
30531,25.442924048734145,0.6817082997582594,560,681,1241,0.0,0.0008333472224535399,0.6862207896857356,-0.00048348106365834196
30532,25.4437573959566,0.6809024979854955,560,681,1241,-0.0008058017727639033,0.0008333472224535399,0.6856567284448009,-0.0005640612409347323
30533,25.444590743179052,0.6809024979854955,560,681,1241,0.0,0.0008333472224535399,0.6850926672038661,-0.0005640612409347323
30534,25.44542409040151,0.6817082997582594,560,681,1241,0.0008058017727639033,0.0008333472224570926,0.6846091861402077,-0.00048348106365834196
30535,25.446257437623963,0.6817082997582594,560,681,1241,0.0,0.0008333472224535399,0.6839645447219966,-0.0006446414182111227
30536,25.447090784846417,0.6809024979854955,560,681,1241,-0.0008058017727639033,0.0008333472224535399,0.683239323126509,-0.000725221595487513
30537,25.44792413206887,0.6817082997582594,560,681,1241,0.0008058017727639033,0.0008333472224535399,0.682594681708298,-0.0006446414182111227
30538,25.448757479291324,0.6809024979854955,560,681,1241,-0.0008058017727639033,0.0008333472224535399,0.6819500402900868,-0.0006446414182111227
30539,25.449590826513777,0.6809024979854955,560,681,1241,0.0,0.0008333472224535399,0.6813053988718757,-0.0006446414182111227
30540,25.45042417373623,0.6833199033037872,560,681,1241,0.00241740531829171,0.0008333472224535399,0.6814665592264284,0.00016116035455278067
30541,25.451257520958684,0.684931506849315,560,681,1241,0.0016116035455278066,0.0008333472224535399,0.681788879935534,0.00032232070910556134
30542,25.452090868181138,0.6833199033037872,560,681,1241,-0.0016116035455278066,0.0008333472224535399,0.6820306204673632,0.00024174053182917098
30543,25.45292421540359,0.6833199033037872,560,681,1241,0.0,0.0008333472224535399,0.6822723609991924,0.00024174053182917098
30544,25.453757562626045,0.6833199033037872,560,681,1241,0.0,0.0008333472224535399,0.6824335213537452,0.00016116035455278067
30545,25.4545909098485,0.6800966962127317,560,681,1241,-0.003223207091055502,0.0008333472224535399,0.6822723609991924,-0.00016116035455276956
30546,25.455424257070952,0.6817082997582594,560,681,1241,0.0016116035455276956,0.0008333472224535399,0.6823529411764688,8.058017727639034e-05
30547,25.456257604293405,0.6825141015310233,560,681,1241,0.0008058017727639033,0.0008333472224535399,0.6824335213537452,8.058017727639034e-05
30548,25.45709095151586,0.6817082997582594,560,681,1241,-0.0008058017727639033,0.0008333472224535399,0.6825141015310217,8.058017727639034e-05
30549,25.457924298738313,0.6800966962127317,560,681,1241,-0.0016116035455276956,0.0008333472224535399,0.6824335213537454,-8.058017727637922e-05
30550,25.458757645960766,0.6809024979854955,560,681,1241,0.0008058017727637923,0.0008333472224535399,0.6821917808219161,-0.00024174053182917098
30551,25.45959099318322,0.6825141015310233,560,681,1241,0.0016116035455278066,0.0008333472224535399,0.6819500402900869,-0.00024174053182917098
30552,25.460424340405673,0.6817082997582594,560,681,1241,-0.0008058017727639033,0.0008333472224535399,0.681788879935534,-0.00016116035455278067
30553,25.461257687628127,0.6800966962127317,560,681,1241,-0.0016116035455276956,0.0008333472224535399,0.6814665592264285,-0.00032232070910555023
30554,25.46209103485058,0.6792908944399678,560,681,1241,-0.0008058017727639033,0.0008333472224535399,0.6810636583400466,-0.00040290088638194054
30555,25.462924382073037,0.6792908944399678,560,681,1241,0.0,0.0008333472224570926,0.6809830781627702,-8.058017727639034e-05
30556,25.46375772929549,0.6784850926672039,560,681,1241,-0.0008058017727639033,0.0008333472224535399,0.6806607574536646,-0.00032232070910555023
30557,25.464591076517944,0.6792908944399678,560,681,1241,0.0008058017727639033,0.0008333472224535399,0.6803384367445592,-0.00032232070910555023
30558,25.465424423740398,0.6792908944399678,560,681,1241,0.0,0.0008333472224535399,0.68009669621273,-0.0002417405318291599
30559,25.46625777096285,0.6784850926672039,560,681,1241,-0.0008058017727639033,0.0008333472224535399,0.6799355358581771,-0.00016116035455278067
30560,25.467091118185305,0.67767929089444,560,681,1241,-0.0008058017727639033,0.0008333472224535399,0.6796132151490716,-0.00032232070910555023
30561,25.46792446540776,0.67767929089444,560,681,1241,0.0,0.0008333472224535399,0.6791297340854132,-0.0004834810636583309
30562,25.468757812630212,0.6768734891216761,560,681,1241,-0.0008058017727639033,0.0008333472224535399,0.678646253021755,-0.0004834810636583309
30563,25.469591159852666,0.67767929089444,560,681,1241,0.0008058017727639033,0.0008333472224535399,0.6784045124899257,-0.00024174053182917098
30564,25.47042450707512,0.6760676873489122,560,681,1241,-0.0016116035455278066,0.0008333472224535399,0.6780821917808202,-0.00032232070910556134
30565,25.471257854297573,0.6768734891216761,560,681,1241,0.0008058017727639033,0.0008333472224535399,0.6778404512489911,-0.00024174053182917098
30566,25.472091201520026,0.6744560838033844,560,681,1241,-0.00241740531829171,0.0008333472224535399,0.6774375503626091,-0.00040290088638195165
30567,25.47292454874248,0.6760676873489122,560,681,1241,0.0016116035455278066,0.0008333472224535399,0.6771152296535036,-0.00032232070910556134
30568,25.473757895964933,0.6768734891216761,560,681,1241,0.0008058017727639033,0.0008333472224535399,0.6768734891216743,-0.00024174053182917098
30569,25.474591243187387,0.6768734891216761,560,681,1241,0.0,0.0008333472224535399,0.6767123287671215,-0.00016116035455278067
30570,25.47542459040984,0.6760676873489122,560,681,1241,-0.0008058017727639033,0.0008333472224535399,0.6765511684125688,-0.00016116035455278067
30571,25.476257937632294,0.6768734891216761,560,681,1241,0.0008058017727639033,0.0008333472224535399,0.6764705882352924,-8.058017727639034e-05
30572,25.477091284854747,0.6752618855761483,560,681,1241,-0.0016116035455278066,0.0008333472224535399,0.6763094278807397,-0.00016116035455278067
30573,25.4779246320772,0.6752618855761483,560,681,1241,0.0,0.0008333472224535399,0.6760676873489105,-0.00024174053182917098
30574,25.478757979299655,0.6784850926672039,560,681,1241,0.003223207091055613,0.0008333472224535399,0.6763094278807398,0.00024174053182917098
30575,25.479591326522108,0.6792908944399678,560,681,1241,0.0008058017727639033,0.0008333472224535399,0.6765511684125689,0.00024174053182917098
30576,25.480424673744565,0.6784850926672039,560,681,1241,-0.0008058017727639033,0.0008333472224570926,0.6769540692989509,0.00040290088638195165
30577,25.48125802096702,0.67767929089444,560,681,1241,-0.0008058017727639033,0.0008333472224535399,0.6771152296535037,0.00016116035455278067
30578,25.482091368189472,0.6768734891216761,560,681,1241,-0.0008058017727639033,0.0008333472224535399,0.6771152296535037,0.0
30579,25.482924715411926,0.6768734891216761,560,681,1241,0.0,0.0008333472224535399,0.6771152296535037,0.0
30580,25.48375806263438,0.67767929089444,560,681,1241,0.0008058017727639033,0.0008333472224535399,0.6772763900080566,0.00016116035455278067
30581,25.484591409856833,0.6784850926672039,560,681,1241,0.0008058017727639033,0.0008333472224535399,0.6774375503626093,0.00016116035455278067
30582,25.485424757079286,0.67767929089444,560,681,1241,-0.0008058017727639033,0.0008333472224535399,0.6776792908944385,0.00024174053182917098
30583,25.48625810430174,0.6792908944399678,560,681,1241,0.0016116035455278066,0.0008333472224535399,0.6780821917808204,0.00040290088638195165
30584,25.487091451524194,0.67767929089444,560,681,1241,-0.0016116035455278066,0.0008333472224535399,0.6780016116035441,-8.058017727639034e-05
30585,25.487924798746647,0.6760676873489122,560,681,1241,-0.0016116035455278066,0.0008333472224535399,0.6776792908944385,-0.00032232070910556134
30586,25.4887581459691,0.6752618855761483,560,681,1241,-0.0008058017727639033,0.0008333472224535399,0.6773569701853329,-0.00032232070910556134
30587,25.489591493191554,0.6752618855761483,560,681,1241,0.0,0.0008333472224535399,0.6771152296535037,-0.00024174053182917098
30588,25.490424840414008,0.6752618855761483,560,681,1241,0.0,0.0008333472224535399,0.676954069298951,-0.00016116035455278067
30589,25.49125818763646,0.6760676873489122,560,681,1241,0.0008058017727639033,0.0008333472224535399,0.6768734891216746,-8.058017727639034e-05
30590,25.492091534858915,0.6760676873489122,560,681,1241,0.0,0.0008333472224535399,0.6767123287671218,-0.00016116035455278067
30591,25.49292488208137,0.6752618855761483,560,681,1241,-0.0008058017727639033,0.0008333472224535399,0.6763900080580163,-0.00032232070910556134
30592,25.493758229303822,0.6720386784850927,560,681,1241,-0.003223207091055613,0.0008333472224535399,0.6758259468170815,-0.0005640612409347323
30593,25.494591576526275,0.6728444802578566,560,681,1241,0.0008058017727639033,0.0008333472224535399,0.6751813053988703,-0.0006446414182111227
30594,25.49542492374873,0.6728444802578566,560,681,1241,0.0,0.0008333472224535399,0.674697824335212,-0.00048348106365834196
30595,25.496258270971182,0.6728444802578566,560,681,1241,0.0,0.0008333472224535399,0.6743755036261063,-0.00032232070910556134
30596,25.497091618193636,0.6752618855761483,560,681,1241,0.00241740531829171,0.0008333472224535399,0.6743755036261063,0.0
30597,25.497924965416093,0.6752618855761483,560,681,1241,0.0,0.0008333472224570926,0.6743755036261063,0.0
30598,25.498758312638547,0.6752618855761483,560,681,1241,0.0,0.0008333472224535399,0.6743755036261063,0.0
30599,25.499591659861,0.6744560838033844,560,681,1241,-0.0008058017727639033,0.0008333472224535399,0.6742143432715537,-0.00016116035455278067
30600,25.500425007083454,0.6736502820306205,560,681,1241,-0.0008058017727639033,0.0008333472224535399,0.6739726027397245,-0.00024174053182917098
30601,25.501258354305907,0.6720386784850927,560,681,1241,-0.0016116035455278066,0.0008333472224535399,0.6736502820306189,-0.00032232070910556134
30602,25.50209170152836,0.6720386784850927,560,681,1241,0.0,0.0008333472224535399,0.6736502820306189,0.0
30603,25.502925048750814,0.6728444802578566,560,681,1241,0.0008058017727639033,0.0008333472224535399,0.6736502820306189,0.0
30604,25.503758395973268,0.6728444802578566,560,681,1241,0.0,0.0008333472224535399,0.6736502820306189,0.0
30605,25.50459174319572,0.6728444802578566,560,681,1241,0.0,0.0008333472224535399,0.6736502820306189,0.0
30606,25.505425090418175,0.6736502820306205,560,681,1241,0.0008058017727639033,0.0008333472224535399,0.6734891216760661,-0.00016116035455278067
30607,25.50625843764063,0.6736502820306205,560,681,1241,0.0,0.0008333472224535399,0.6733279613215133,-0.00016116035455278067
30608,25.507091784863082,0.6736502820306205,560,681,1241,0.0,0.0008333472224535399,0.6731668009669606,-0.00016116035455278067
30609,25.507925132085536,0.6736502820306205,560,681,1241,0.0,0.0008333472224535399,0.6730862207896842,-8.058017727639034e-05
30610,25.50875847930799,0.6736502820306205,560,681,1241,0.0,0.0008333472224535399,0.6730862207896842,0.0
30611,25.509591826530443,0.6736502820306205,560,681,1241,0.0,0.0008333472224535399,0.6732473811442369,0.00016116035455278067
30612,25.510425173752896,0.6712328767123288,560,681,1241,-0.00241740531829171,0.0008333472224535399,0.6731668009669605,-8.058017727639034e-05
30613,25.51125852097535,0.6712328767123288,560,681,1241,0.0,0.0008333472224535399,0.6730056406124078,-0.00016116035455278067
30614,25.512091868197803,0.6728444802578566,560,681,1241,0.0016116035455278066,0.0008333472224535399,0.6730056406124078,0.0
30615,25.512925215420257,0.6720386784850927,560,681,1241,-0.0008058017727639033,0.0008333472224535399,0.6729250604351315,-8.058017727639034e-05
30616,25.51375856264271,0.6712328767123288,560,681,1241,-0.0008058017727639033,0.0008333472224535399,0.6726833199033023,-0.00024174053182917098
30617,25.514591909865164,0.669621273166801,560,681,1241,-0.0016116035455278066,0.0008333472224535399,0.6722804190169204,-0.00040290088638195165
30618,25.515425257087617,0.6704270749395649,560,681,1241,0.0008058017727639033,0.0008333472224535399,0.6719580983078148,-0.00032232070910556134
30619,25.516258604310075,0.669621273166801,560,681,1241,-0.0008058017727639033,0.0008333472224570926,0.6715551974214329,-0.00040290088638195165
30620,25.517091951532528,0.6704270749395649,560,681,1241,0.0008058017727639033,0.0008333472224535399,0.6712328767123273,-0.00032232070910556134
30621,25.51792529875498,0.6704270749395649,560,681,1241,0.0,0.0008333472224535399,0.6709105560032218,-0.00032232070910556134
30622,25.518758645977435,0.669621273166801,560,681,1241,-0.0008058017727639033,0.0008333472224535399,0.670749395648669,-0.00016116035455278067
30623,25.51959199319989,0.669621273166801,560,681,1241,0.0,0.0008333472224535399,0.6705882352941162,-0.00016116035455278067
30624,25.520425340422342,0.6728444802578566,560,681,1241,0.003223207091055613,0.0008333472224535399,0.6705882352941162,0.0
30625,25.521258687644796,0.6736502820306205,560,681,1241,0.0008058017727639033,0.0008333472224535399,0.670749395648669,0.00016116035455278067
30626,25.52209203486725,0.6728444802578566,560,681,1241,-0.0008058017727639033,0.0008333472224535399,0.6709105560032217,0.00016116035455278067
30627,25.522925382089703,0.6736502820306205,560,681,1241,0.0008058017727639033,0.0008333472224535399,0.6713134568896036,0.00040290088638195165
30628,25.523758729312156,0.6752618855761483,560,681,1241,0.0016116035455278066,0.0008333472224535399,0.671796937953262,0.00048348106365834196
30629,25.52459207653461,0.6752618855761483,560,681,1241,0.0,0.0008333472224535399,0.6723609991941967,0.0005640612409347323
30630,25.525425423757063,0.6736502820306205,560,681,1241,-0.0016116035455278066,0.0008333472224535399,0.6726833199033022,0.00032232070910556134
30631,25.526258770979517,0.6744560838033844,560,681,1241,0.0008058017727639033,0.0008333472224535399,0.6730862207896842,0.00040290088638195165
30632,25.52709211820197,0.6752618855761483,560,681,1241,0.0008058017727639033,0.0008333472224535399,0.6736502820306189,0.0005640612409347323
30633,25.527925465424424,0.6768734891216761,560,681,1241,0.0016116035455278066,0.0008333472224535399,0.6743755036261063,0.000725221595487513
30634,25.528758812646878,0.6768734891216761,560,681,1241,0.0,0.0008333472224535399,0.6747784045124883,0.00040290088638195165
30635,25.52959215986933,0.6768734891216761,560,681,1241,0.0,0.0008333472224535399,0.6751007252215938,0.00032232070910556134
30636,25.530425507091785,0.6768734891216761,560,681,1241,0.0,0.0008333472224535399,0.6755036261079758,0.00040290088638195165
30637,25.53125885431424,0.6760676873489122,560,681,1241,-0.0008058017727639033,0.0008333472224535399,0.6757453666398049,0.00024174053182917098
30638,25.532092201536692,0.67767929089444,560,681,1241,0.0016116035455278066,0.0008333472224535399,0.675987107171634,0.00024174053182917098
30639,25.532925548759145,0.6768734891216761,560,681,1241,-0.0008058017727639033,0.0008333472224535399,0.6761482675261867,0.00016116035455278067
30640,25.533758895981602,0.6760676873489122,560,681,1241,-0.0008058017727639033,0.0008333472224570926,0.676390008058016,0.00024174053182917098
30641,25.534592243204056,0.6760676873489122,560,681,1241,0.0,0.0008333472224535399,0.6765511684125688,0.00016116035455278067
30642,25.53542559042651,0.6768734891216761,560,681,1241,0.0008058017727639033,0.0008333472224535399,0.6767123287671215,0.00016116035455278067
30643,25.536258937648963,0.6768734891216761,560,681,1241,0.0,0.0008333472224535399,0.6767123287671215,0.0
30644,25.537092284871417,0.6784850926672039,560,681,1241,0.0016116035455278066,0.0008333472224535399,0.6768734891216743,0.00016116035455278067
30645,25.53792563209387,0.67767929089444,560,681,1241,-0.0008058017727639033,0.0008333472224535399,0.6769540692989507,8.058017727639034e-05
30646,25.538758979316324,0.6784850926672039,560,681,1241,0.0008058017727639033,0.0008333472224535399,0.6771152296535036,0.00016116035455278067
30647,25.539592326538777,0.6792908944399678,560,681,1241,0.0008058017727639033,0.0008333472224535399,0.6774375503626091,0.00032232070910556134
30648,25.54042567376123,0.6792908944399678,560,681,1241,0.0,0.0008333472224535399,0.6775987107171618,0.00016116035455278067
30649,25.541259020983684,0.6809024979854955,560,681,1241,0.0016116035455276956,0.0008333472224535399,0.6780016116035437,0.00040290088638194054
30650,25.542092368206138,0.6817082997582594,560,681,1241,0.0008058017727639033,0.0008333472224535399,0.6785656728444784,0.0005640612409347212
30651,25.54292571542859,0.6817082997582594,560,681,1241,0.0,0.0008333472224535399,0.6791297340854132,0.0005640612409347212
30652,25.543759062651045,0.6809024979854955,560,681,1241,-0.0008058017727639033,0.0008333472224535399,0.6795326349717952,0.00040290088638194054
30653,25.5445924098735,0.6817082997582594,560,681,1241,0.0008058017727639033,0.0008333472224535399,0.6800161160354535,0.0004834810636583309
30654,25.545425757095952,0.6800966962127317,560,681,1241,-0.0016116035455276956,0.0008333472224535399,0.6801772763900062,0.00016116035455278067
30655,25.546259104318406,0.6800966962127317,560,681,1241,0.0,0.0008333472224535399,0.6804190169218355,0.00024174053182917098
30656,25.54709245154086,0.6800966962127317,560,681,1241,0.0,0.0008333472224535399,0.6805801772763883,0.00016116035455278067
30657,25.547925798763313,0.6792908944399678,560,681,1241,-0.0008058017727639033,0.0008333472224535399,0.6805801772763884,0.0
30658,25.548759145985766,0.6800966962127317,560,681,1241,0.0008058017727639033,0.0008333472224535399,0.6806607574536647,8.058017727639034e-05
30659,25.54959249320822,0.6825141015310233,560,681,1241,0.002417405318291599,0.0008333472224535399,0.6808219178082175,0.00016116035455278067
30660,25.550425840430673,0.6841257050765511,560,681,1241,0.0016116035455278066,0.0008333472224535399,0.6810636583400467,0.00024174053182917098
30661,25.55125918765313,0.6833199033037872,560,681,1241,-0.0008058017727639033,0.0008333472224570926,0.6812248186945994,0.00016116035455278067
30662,25.552092534875584,0.6833199033037872,560,681,1241,0.0,0.0008333472224535399,0.6814665592264286,0.00024174053182917098
30663,25.552925882098037,0.6833199033037872,560,681,1241,0.0,0.0008333472224535399,0.6816277195809815,0.00016116035455278067
30664,25.55375922932049,0.6817082997582594,560,681,1241,-0.0016116035455278066,0.0008333472224535399,0.6817888799355342,0.00016116035455276956
30665,25.554592576542944,0.6833199033037872,560,681,1241,0.0016116035455278066,0.0008333472224535399,0.6821112006446397,0.00032232070910555023
30666,25.555425923765398,0.6833199033037872,560,681,1241,0.0,0.0008333472224535399,0.6824335213537454,0.00032232070910555023
30667,25.55625927098785,0.6857373086220789,560,681,1241,0.00241740531829171,0.0008333472224535399,0.6830781627719563,0.0006446414182111115
30668,25.557092618210305,0.6865431103948428,560,681,1241,0.0008058017727639033,0.0008333472224535399,0.6837228041901675,0.0006446414182111115
30669,25.55792596543276,0.6865431103948428,560,681,1241,0.0,0.0008333472224535399,0.6841257050765495,0.00040290088638195165
30670,25.558759312655212,0.6881547139403706,560,681,1241,0.0016116035455278066,0.0008333472224535399,0.6845286059629314,0.00040290088638195165
30671,25.559592659877666,0.6881547139403706,560,681,1241,0.0,0.0008333472224535399,0.6850120870265898,0.00048348106365834196
30672,25.56042600710012,0.6881547139403706,560,681,1241,0.0,0.0008333472224535399,0.6854955680902481,0.00048348106365834196
30673,25.561259354322573,0.6897663174858985,560,681,1241,0.0016116035455278066,0.0008333472224535399,0.6861402095084592,0.0006446414182111227
30674,25.562092701545026,0.6889605157131345,560,681,1241,-0.0008058017727639033,0.0008333472224535399,0.6868654311039467,0.000725221595487513
30675,25.56292604876748,0.6881547139403706,560,681,1241,-0.0008058017727639033,0.0008333472224535399,0.6873489121676051,0.00048348106365834196
30676,25.563759395989933,0.6873489121676067,560,681,1241,-0.0008058017727639033,0.0008333472224535399,0.687751813053987,0.00040290088638195165
30677,25.564592743212387,0.6889605157131345,560,681,1241,0.0016116035455278066,0.0008333472224535399,0.6880741337630926,0.00032232070910556134
30678,25.56542609043484,0.6881547139403706,560,681,1241,-0.0008058017727639033,0.0008333472224535399,0.6882352941176453,0.00016116035455278067
30679,25.566259437657294,0.6897663174858985,560,681,1241,0.0016116035455278066,0.0008333472224535399,0.6885576148267509,0.00032232070910556134
30680,25.567092784879748,0.6889605157131345,560,681,1241,-0.0008058017727639033,0.0008333472224535399,0.6886381950040272,8.058017727639034e-05
30681,25.5679261321022,0.6889605157131345,560,681,1241,0.0,0.0008333472224535399,0.6887187751813035,8.058017727639034e-05
30682,25.568759479324658,0.6913779210314263,560,681,1241,0.00241740531829171,0.0008333472224570926,0.6890410958904092,0.00032232070910556134
30683,25.56959282654711,0.6913779210314263,560,681,1241,0.0,0.0008333472224535399,0.6892022562449619,0.00016116035455278067
30684,25.570426173769565,0.6929895245769541,560,681,1241,0.0016116035455278066,0.0008333472224535399,0.689605157131344,0.00040290088638195165
30685,25.57125952099202,0.6929895245769541,560,681,1241,0.0,0.0008333472224535399,0.6900886381950022,0.00048348106365834196
30686,25.572092868214472,0.6921837228041902,560,681,1241,-0.0008058017727639033,0.0008333472224535399,0.6905721192586606,0.00048348106365834196
30687,25.572926215436926,0.6929895245769541,560,681,1241,0.0008058017727639033,0.0008333472224535399,0.6909750201450426,0.00040290088638195165
30688,25.57375956265938,0.6929895245769541,560,681,1241,0.0,0.0008333472224535399,0.6914585012087009,0.00048348106365834196
30689,25.574592909881833,0.693795326349718,560,681,1241,0.0008058017727639033,0.0008333472224535399,0.6918614020950828,0.00040290088638195165
30690,25.575426257104287,0.693795326349718,560,681,1241,0.0,0.0008333472224535399,0.6923448831587412,0.00048348106365834196
30691,25.57625960432674,0.693795326349718,560,681,1241,0.0,0.0008333472224535399,0.6928283642223996,0.00048348106365834196
30692,25.577092951549194,0.6921837228041902,560,681,1241,-0.0016116035455278066,0.0008333472224535399,0.6929089443996759,8.058017727639034e-05
30693,25.577926298771647,0.6905721192586624,560,681,1241,-0.0016116035455278066,0.0008333472224535399,0.6928283642223995,-8.058017727639034e-05
30694,25.5787596459941,0.6889605157131345,560,681,1241,-0.0016116035455278066,0.0008333472224535399,0.6924254633360174,-0.00040290088638195165
30695,25.579592993216554,0.6897663174858985,560,681,1241,0.0008058017727639033,0.0008333472224535399,0.6921031426269119,-0.00032232070910556134
30696,25.580426340439008,0.6905721192586624,560,681,1241,0.0008058017727639033,0.0008333472224535399,0.6919419822723591,-0.00016116035455278067
30697,25.58125968766146,0.6889605157131345,560,681,1241,-0.0016116035455278066,0.0008333472224535399,0.6915390813859771,-0.00040290088638195165
30698,25.582093034883915,0.6881547139403706,560,681,1241,-0.0008058017727639033,0.0008333472224535399,0.6910556003223187,-0.00048348106365834196
30699,25.58292638210637,0.6889605157131345,560,681,1241,0.0008058017727639033,0.0008333472224535399,0.6905721192586605,-0.00048348106365834196
30700,25.583759729328822,0.6897663174858985,560,681,1241,0.0008058017727639033,0.0008333472224535399,0.6901692183722785,-0.00040290088638195165
30701,25.584593076551275,0.6897663174858985,560,681,1241,0.0,0.0008333472224535399,0.6897663174858966,-0.00040290088638195165
30702,25.58542642377373,0.6897663174858985,560,681,1241,0.0,0.0008333472224535399,0.6895245769540674,-0.00024174053182917098
30703,25.586259770996186,0.6881547139403706,560,681,1241,-0.0016116035455278066,0.0008333472224570926,0.6892828364222383,-0.00024174053182917098
30704,25.58709311821864,0.684931506849315,560,681,1241,-0.003223207091055613,0.0008333472224535399,0.6888799355358565,-0.00040290088638195165
30705,25.587926465441093,0.6841257050765511,560,681,1241,-0.0008058017727639033,0.0008333472224535399,0.6883158742949217,-0.0005640612409347323
30706,25.588759812663547,0.684931506849315,560,681,1241,0.0008058017727639033,0.0008333472224535399,0.687751813053987,-0.0005640612409347323
30707,25.589593159886,0.6857373086220789,560,681,1241,0.0008058017727639033,0.0008333472224535399,0.6874294923448814,-0.00032232070910556134
30708,25.590426507108454,0.684931506849315,560,681,1241,-0.0008058017727639033,0.0008333472224535399,0.6871071716357758,-0.00032232070910556134
30709,25.591259854330907,0.6833199033037872,560,681,1241,-0.0016116035455278066,0.0008333472224535399,0.6865431103948412,-0.0005640612409347323
30710,25.59209320155336,0.6841257050765511,560,681,1241,0.0008058017727639033,0.0008333472224535399,0.6859790491539064,-0.0005640612409347323
30711,25.592926548775814,0.684931506849315,560,681,1241,0.0008058017727639033,0.0008333472224535399,0.685495568090248,-0.00048348106365834196
30712,25.593759895998268,0.6833199033037872,560,681,1241,-0.0016116035455278066,0.0008333472224535399,0.684850926672037,-0.0006446414182111227
30713,25.59459324322072,0.6817082997582594,560,681,1241,-0.0016116035455278066,0.0008333472224535399,0.6842062852538258,-0.0006446414182111227
30714,25.595426590443175,0.6809024979854955,560,681,1241,-0.0008058017727639033,0.0008333472224535399,0.6838033843674438,-0.00040290088638195165
30715,25.59625993766563,0.6825141015310233,560,681,1241,0.0016116035455278066,0.0008333472224535399,0.683642224012891,-0.00016116035455278067
30716,25.597093284888082,0.6825141015310233,560,681,1241,0.0,0.0008333472224535399,0.6834004834810619,-0.00024174053182917098
30717,25.597926632110536,0.6841257050765511,560,681,1241,0.0016116035455278066,0.0008333472224535399,0.683239323126509,-0.00016116035455278067
30718,25.59875997933299,0.6825141015310233,560,681,1241,-0.0016116035455278066,0.0008333472224535399,0.6829975825946798,-0.00024174053182917098
30719,25.599593326555443,0.6825141015310233,560,681,1241,0.0,0.0008333472224535399,0.6829170024174034,-8.058017727639034e-05
30720,25.600426673777896,0.6833199033037872,560,681,1241,0.0008058017727639033,0.0008333472224535399,0.6828364222401271,-8.058017727639034e-05
30721,25.60126002100035,0.6825141015310233,560,681,1241,-0.0008058017727639033,0.0008333472224535399,0.6825946817082978,-0.00024174053182917098
30722,25.602093368222803,0.6841257050765511,560,681,1241,0.0016116035455278066,0.0008333472224535399,0.6826752618855741,8.058017727639034e-05
30723,25.602926715445257,0.6825141015310233,560,681,1241,-0.0016116035455278066,0.0008333472224535399,0.6827558420628506,8.058017727639034e-05
30724,25.603760062667714,0.6817082997582594,560,681,1241,-0.0008058017727639033,0.0008333472224570926,0.682836422240127,8.058017727639034e-05
30725,25.604593409890168,0.6817082997582594,560,681,1241,0.0,0.0008333472224535399,0.6827558420628506,-8.058017727639034e-05
30726,25.60542675711262,0.6817082997582594,560,681,1241,0.0,0.0008333472224535399,0.6826752618855743,-8.058017727639034e-05
30727,25.606260104335075,0.6825141015310233,560,681,1241,0.0008058017727639033,0.0008333472224535399,0.6825141015310214,-0.00016116035455278067
30728,25.607093451557528,0.6809024979854955,560,681,1241,-0.0016116035455278066,0.0008333472224535399,0.6823529411764687,-0.00016116035455278067
30729,25.60792679877998,0.6817082997582594,560,681,1241,0.0008058017727639033,0.0008333472224535399,0.6822723609991923,-8.058017727639034e-05
30730,25.608760146002435,0.6825141015310233,560,681,1241,0.0008058017727639033,0.0008333472224535399,0.6821917808219159,-8.058017727639034e-05
30731,25.60959349322489,0.6817082997582594,560,681,1241,-0.0008058017727639033,0.0008333472224535399,0.6821112006446396,-8.058017727639034e-05
30732,25.610426840447342,0.6825141015310233,560,681,1241,0.0008058017727639033,0.0008333472224535399,0.6819500402900868,-0.00016116035455278067
30733,25.611260187669796,0.6825141015310233,560,681,1241,0.0,0.0008333472224535399,0.6819500402900868,0.0
30734,25.61209353489225,0.6800966962127317,560,681,1241,-0.002417405318291599,0.0008333472224535399,0.681788879935534,-0.00016116035455276956
30735,25.612926882114703,0.6825141015310233,560,681,1241,0.002417405318291599,0.0008333472224535399,0.6818694601128104,8.058017727639034e-05
30736,25.613760229337156,0.6825141015310233,560,681,1241,0.0,0.0008333472224535399,0.6819500402900867,8.058017727639034e-05
30737,25.61459357655961,0.6817082997582594,560,681,1241,-0.0008058017727639033,0.0008333472224535399,0.6818694601128104,-8.058017727639034e-05
30738,25.615426923782064,0.6825141015310233,560,681,1241,0.0008058017727639033,0.0008333472224535399,0.6820306204673632,0.00016116035455278067
30739,25.616260271004517,0.6825141015310233,560,681,1241,0.0,0.0008333472224535399,0.6821112006446395,8.058017727639034e-05
30740,25.61709361822697,0.6817082997582594,560,681,1241,-0.0008058017727639033,0.0008333472224535399,0.6820306204673632,-8.058017727639034e-05
30741,25.617926965449424,0.6817082997582594,560,681,1241,0.0,0.0008333472224535399,0.6820306204673632,0.0
30742,25.618760312671878,0.6817082997582594,560,681,1241,0.0,0.0008333472224535399,0.6819500402900868,-8.058017727639034e-05
30743,25.61959365989433,0.6817082997582594,560,681,1241,0.0,0.0008333472224535399,0.6818694601128105,-8.058017727639034e-05
30744,25.620427007116785,0.6809024979854955,560,681,1241,-0.0008058017727639033,0.0008333472224535399,0.6819500402900868,8.058017727637922e-05
30745,25.62126035433924,0.6817082997582594,560,681,1241,0.0008058017727639033,0.0008333472224535399,0.6818694601128105,-8.058017727639034e-05
30746,25.622093701561695,0.6817082997582594,560,681,1241,0.0,0.0008333472224570926,0.681788879935534,-8.058017727639034e-05
30747,25.62292704878415,0.6792908944399678,560,681,1241,-0.002417405318291599,0.0008333472224535399,0.6815471394037049,-0.0002417405318291599
30748,25.623760396006602,0.6792908944399678,560,681,1241,0.0,0.0008333472224535399,0.6812248186945993,-0.00032232070910555023
30749,25.624593743229056,0.6792908944399678,560,681,1241,0.0,0.0008333472224535399,0.6809024979854937,-0.00032232070910555023
30750,25.62542709045151,0.67767929089444,560,681,1241,-0.0016116035455278066,0.0008333472224535399,0.6804995970991119,-0.00040290088638194054
30751,25.626260437673963,0.67767929089444,560,681,1241,0.0,0.0008333472224535399,0.68009669621273,-0.00040290088638194054
30752,25.627093784896417,0.6768734891216761,560,681,1241,-0.0008058017727639033,0.0008333472224535399,0.6796132151490716,-0.0004834810636583309
30753,25.62792713211887,0.67767929089444,560,681,1241,0.0008058017727639033,0.0008333472224535399,0.6792103142626896,-0.00040290088638194054
30754,25.628760479341324,0.6792908944399678,560,681,1241,0.0016116035455278066,0.0008333472224535399,0.6790491539081368,-0.00016116035455276956
30755,25.629593826563777,0.6809024979854955,560,681,1241,0.0016116035455276956,0.0008333472224535399,0.6789685737308604,-8.058017727639034e-05
30756,25.63042717378623,0.6792908944399678,560,681,1241,-0.0016116035455276956,0.0008333472224535399,0.6787268331990312,-0.0002417405318291599
30757,25.631260521008684,0.6800966962127317,560,681,1241,0.0008058017727639033,0.0008333472224535399,0.6788074133763076,8.058017727639034e-05
30758,25.632093868231138,0.6792908944399678,560,681,1241,-0.0008058017727639033,0.0008333472224535399,0.6788074133763076,0.0
30759,25.63292721545359,0.6825141015310233,560,681,1241,0.003223207091055502,0.0008333472224535399,0.6791297340854131,0.00032232070910555023
30760,25.633760562676045,0.6809024979854955,560,681,1241,-0.0016116035455278066,0.0008333472224535399,0.6794520547945186,0.00032232070910555023
30761,25.6345939098985,0.6809024979854955,560,681,1241,0.0,0.0008333472224535399,0.6797743755036242,0.00032232070910555023
30762,25.635427257120952,0.6809024979854955,560,681,1241,0.0,0.0008333472224535399,0.6801772763900061,0.00040290088638194054
30763,25.636260604343406,0.6792908944399678,560,681,1241,-0.0016116035455276956,0.0008333472224535399,0.6803384367445588,0.00016116035455278067
30764,25.63709395156586,0.67767929089444,560,681,1241,-0.0016116035455278066,0.0008333472224535399,0.6801772763900061,-0.00016116035455278067
30765,25.637927298788313,0.6784850926672039,560,681,1241,0.0008058017727639033,0.0008333472224535399,0.679935535858177,-0.0002417405318291599
30766,25.638760646010766,0.6784850926672039,560,681,1241,0.0,0.0008333472224535399,0.6798549556809006,-8.058017727639034e-05
30767,25.639593993233223,0.6800966962127317,560,681,1241,0.0016116035455278066,0.0008333472224570926,0.6798549556809006,0.0
30768,25.640427340455677,0.6792908944399678,560,681,1241,-0.0008058017727639033,0.0008333472224535399,0.6798549556809006,0.0
30769,25.64126068767813,0.6809024979854955,560,681,1241,0.0016116035455276956,0.0008333472224535399,0.6796937953263478,-0.00016116035455278067
30770,25.642094034900584,0.6784850926672039,560,681,1241,-0.002417405318291599,0.0008333472224535399,0.6794520547945186,-0.0002417405318291599
30771,25.642927382123037,0.67767929089444,560,681,1241,-0.0008058017727639033,0.0008333472224535399,0.6791297340854132,-0.00032232070910555023
30772,25.64376072934549,0.67767929089444,560,681,1241,0.0,0.0008333472224535399,0.6788074133763076,-0.00032232070910555023
30773,25.644594076567945,0.67767929089444,560,681,1241,0.0,0.0008333472224535399,0.6786462530217549,-0.00016116035455278067
30774,25.645427423790398,0.6768734891216761,560,681,1241,-0.0008058017727639033,0.0008333472224535399,0.6785656728444784,-8.058017727639034e-05
30775,25.64626077101285,0.6744560838033844,560,681,1241,-0.00241740531829171,0.0008333472224535399,0.6781627719580966,-0.00040290088638195165
30776,25.647094118235305,0.6760676873489122,560,681,1241,0.0016116035455278066,0.0008333472224535399,0.6779210314262674,-0.00024174053182917098
30777,25.64792746545776,0.6760676873489122,560,681,1241,0.0,0.0008333472224535399,0.6775181305398854,-0.00040290088638195165
30778,25.648760812680212,0.6752618855761483,560,681,1241,-0.0008058017727639033,0.0008333472224535399,0.6771152296535033,-0.00040290088638195165
30779,25.649594159902666,0.6760676873489122,560,681,1241,0.0008058017727639033,0.0008333472224535399,0.676631748589845,-0.0004834810636583309
30780,25.65042750712512,0.6784850926672039,560,681,1241,0.00241740531829171,0.0008333472224535399,0.676631748589845,0.0
30781,25.651260854347573,0.67767929089444,560,681,1241,-0.0008058017727639033,0.0008333472224535399,0.676631748589845,0.0
30782,25.652094201570026,0.67767929089444,560,681,1241,0.0,0.0008333472224535399,0.676631748589845,0.0
30783,25.65292754879248,0.6768734891216761,560,681,1241,-0.0008058017727639033,0.0008333472224535399,0.6765511684125686,-8.058017727639034e-05
30784,25.653760896014933,0.6752618855761483,560,681,1241,-0.0016116035455278066,0.0008333472224535399,0.6763900080580159,-0.00016116035455278067
30785,25.654594243237387,0.6744560838033844,560,681,1241,-0.0008058017727639033,0.0008333472224535399,0.6763900080580157,0.0
30786,25.65542759045984,0.6736502820306205,560,681,1241,-0.0008058017727639033,0.0008333472224535399,0.6761482675261865,-0.00024174053182917098
30787,25.656260937682294,0.6744560838033844,560,681,1241,0.0008058017727639033,0.0008333472224535399,0.6759871071716338,-0.00016116035455278067
30788,25.65709428490475,0.6736502820306205,560,681,1241,-0.0008058017727639033,0.0008333472224570926,0.6758259468170811,-0.00016116035455278067
30789,25.657927632127205,0.6728444802578566,560,681,1241,-0.0008058017727639033,0.0008333472224535399,0.6755036261079755,-0.00032232070910556134
30790,25.65876097934966,0.6712328767123288,560,681,1241,-0.0016116035455278066,0.0008333472224535399,0.674778404512488,-0.000725221595487513
30791,25.659594326572112,0.6712328767123288,560,681,1241,0.0,0.0008333472224535399,0.674133763094277,-0.0006446414182111227
30792,25.660427673794565,0.669621273166801,560,681,1241,-0.0016116035455278066,0.0008333472224535399,0.673327961321513,-0.0008058017727639033
30793,25.66126102101702,0.6704270749395649,560,681,1241,0.0008058017727639033,0.0008333472224535399,0.6726833199033019,-0.0006446414182111227
30794,25.662094368239472,0.6688154713940371,560,681,1241,-0.0016116035455278066,0.0008333472224535399,0.6720386784850907,-0.0006446414182111227
30795,25.662927715461926,0.6688154713940371,560,681,1241,0.0,0.0008333472224535399,0.6714746172441559,-0.0005640612409347323
30796,25.66376106268438,0.669621273166801,560,681,1241,0.0008058017727639033,0.0008333472224535399,0.671071716357774,-0.00040290088638195165
30797,25.664594409906833,0.669621273166801,560,681,1241,0.0,0.0008333472224535399,0.6705882352941156,-0.00048348106365834196
30798,25.665427757129287,0.6680096696212732,560,681,1241,-0.0016116035455278066,0.0008333472224535399,0.6700241740531809,-0.0005640612409347323
30799,25.66626110435174,0.6672038678485093,560,681,1241,-0.0008058017727639033,0.0008333472224535399,0.6694601128122463,-0.0005640612409347323
30800,25.667094451574194,0.6688154713940371,560,681,1241,0.0016116035455278066,0.0008333472224535399,0.669218372280417,-0.00024174053182917098
30801,25.667927798796647,0.6680096696212732,560,681,1241,-0.0008058017727639033,0.0008333472224535399,0.6688960515713115,-0.00032232070910556134
30802,25.6687611460191,0.6688154713940371,560,681,1241,0.0008058017727639033,0.0008333472224535399,0.6688154713940351,-8.058017727639034e-05
30803,25.669594493241554,0.6680096696212732,560,681,1241,-0.0008058017727639033,0.0008333472224535399,0.668573730862206,-0.00024174053182917098
30804,25.670427840464008,0.6663980660757454,560,681,1241,-0.0016116035455278066,0.0008333472224535399,0.6683319903303768,-0.00024174053182917098
30805,25.67126118768646,0.6655922643029815,560,681,1241,-0.0008058017727639033,0.0008333472224535399,0.6680096696212713,-0.00032232070910556134
30806,25.672094534908915,0.6663980660757454,560,681,1241,0.0008058017727639033,0.0008333472224535399,0.6676873489121657,-0.00032232070910556134
30807,25.67292788213137,0.6655922643029815,560,681,1241,-0.0008058017727639033,0.0008333472224535399,0.6672844480257838,-0.00040290088638195165
30808,25.673761229353822,0.6655922643029815,560,681,1241,0.0,0.0008333472224535399,0.6670427074939547,-0.00024174053182917098
30809,25.67459457657628,0.6655922643029815,560,681,1241,0.0,0.0008333472224570926,0.6668815471394018,-0.00016116035455278067
30810,25.675427923798733,0.6655922643029815,560,681,1241,0.0,0.0008333472224535399,0.6665592264302963,-0.00032232070910556134
30811,25.676261271021186,0.6655922643029815,560,681,1241,0.0,0.0008333472224535399,0.6663174858984672,-0.00024174053182917098
30812,25.67709461824364,0.6647864625302176,560,681,1241,-0.0008058017727639033,0.0008333472224535399,0.6659145850120852,-0.00040290088638195165
30813,25.677927965466093,0.6647864625302176,560,681,1241,0.0,0.0008333472224535399,0.6655922643029797,-0.00032232070910556134
30814,25.678761312688547,0.6647864625302176,560,681,1241,0.0,0.0008333472224535399,0.665431103948427,-0.00016116035455278067
30815,25.679594659911,0.6647864625302176,560,681,1241,0.0,0.0008333472224535399,0.6653505237711507,-8.058017727639034e-05
30816,25.680428007133454,0.6647864625302176,560,681,1241,0.0,0.0008333472224535399,0.665189363416598,-0.00016116035455278067
30817,25.681261354355907,0.6655922643029815,560,681,1241,0.0008058017727639033,0.0008333472224535399,0.665189363416598,0.0
30818,25.68209470157836,0.6663980660757454,560,681,1241,0.0008058017727639033,0.0008333472224535399,0.6652699435938743,8.058017727639034e-05
30819,25.682928048800814,0.6672038678485093,560,681,1241,0.0008058017727639033,0.0008333472224535399,0.6654311039484271,0.00016116035455278067
30820,25.683761396023268,0.6672038678485093,560,681,1241,0.0,0.0008333472224535399,0.6655922643029799,0.00016116035455278067
30821,25.68459474324572,0.6672038678485093,560,681,1241,0.0,0.0008333472224535399,0.6657534246575326,0.00016116035455278067
30822,25.685428090468175,0.6672038678485093,560,681,1241,0.0,0.0008333472224535399,0.6659951651893617,0.00024174053182917098
30823,25.68626143769063,0.6680096696212732,560,681,1241,0.0008058017727639033,0.0008333472224535399,0.6663174858984673,0.00032232070910556134
30824,25.687094784913082,0.6672038678485093,560,681,1241,-0.0008058017727639033,0.0008333472224535399,0.6665592264302965,0.00024174053182917098
30825,25.687928132135536,0.6647864625302176,560,681,1241,-0.00241740531829171,0.0008333472224535399,0.6665592264302965,0.0
30826,25.68876147935799,0.6647864625302176,560,681,1241,0.0,0.0008333472224535399,0.6665592264302965,0.0
30827,25.689594826580443,0.6647864625302176,560,681,1241,0.0,0.0008333472224535399,0.6664786462530202,-8.058017727639034e-05
30828,25.690428173802896,0.6663980660757454,560,681,1241,0.0016116035455278066,0.0008333472224535399,0.6664786462530202,0.0
30829,25.69126152102535,0.6663980660757454,560,681,1241,0.0,0.0008333472224535399,0.6663980660757438,-8.058017727639034e-05
30830,25.692094868247807,0.6672038678485093,560,681,1241,0.0008058017727639033,0.0008333472224570926,0.6663980660757438,0.0
30831,25.69292821547026,0.6655922643029815,560,681,1241,-0.0016116035455278066,0.0008333472224535399,0.666236905721191,-0.00016116035455278067
30832,25.693761562692714,0.6680096696212732,560,681,1241,0.00241740531829171,0.0008333472224535399,0.6663174858984674,8.058017727639034e-05
30833,25.694594909915168,0.669621273166801,560,681,1241,0.0016116035455278066,0.0008333472224535399,0.6664786462530202,0.00016116035455278067
30834,25.69542825713762,0.6704270749395649,560,681,1241,0.0008058017727639033,0.0008333472224535399,0.6668009669621258,0.00032232070910556134
30835,25.696261604360075,0.6704270749395649,560,681,1241,0.0,0.0008333472224535399,0.6673650282030605,0.0005640612409347323
30836,25.697094951582528,0.6704270749395649,560,681,1241,0.0,0.0008333472224535399,0.6679290894439953,0.0005640612409347323
30837,25.69792829880498,0.6704270749395649,560,681,1241,0.0,0.0008333472224535399,0.6684931506849301,0.0005640612409347323
30838,25.698761646027435,0.6704270749395649,560,681,1241,0.0,0.0008333472224535399,0.668896051571312,0.00040290088638195165
30839,25.69959499324989,0.6704270749395649,560,681,1241,0.0,0.0008333472224535399,0.6692989524576939,0.00040290088638195165
30840,25.700428340472342,0.6704270749395649,560,681,1241,0.0,0.0008333472224535399,0.6696212731667994,0.00032232070910556134
30841,25.701261687694796,0.6728444802578566,560,681,1241,0.00241740531829171,0.0008333472224535399,0.6703464947622869,0.000725221595487513
30842,25.70209503491725,0.6728444802578566,560,681,1241,0.0,0.0008333472224535399,0.6708299758259452,0.00048348106365834196
30843,25.702928382139703,0.6728444802578566,560,681,1241,0.0,0.0008333472224535399,0.6711522965350507,0.00032232070910556134
30844,25.703761729362157,0.6744560838033844,560,681,1241,0.0016116035455278066,0.0008333472224535399,0.6715551974214328,0.00040290088638195165
30845,25.70459507658461,0.6744560838033844,560,681,1241,0.0,0.0008333472224535399,0.6719580983078146,0.00040290088638195165
30846,25.705428423807064,0.6752618855761483,560,681,1241,0.0008058017727639033,0.0008333472224535399,0.672441579371473,0.00048348106365834196
30847,25.706261771029517,0.6752618855761483,560,681,1241,0.0,0.0008333472224535399,0.6729250604351313,0.00048348106365834196
30848,25.70709511825197,0.6744560838033844,560,681,1241,-0.0008058017727639033,0.0008333472224535399,0.6733279613215133,0.00040290088638195165
30849,25.707928465474424,0.6744560838033844,560,681,1241,0.0,0.0008333472224535399,0.6737308622078951,0.00040290088638195165
30850,25.708761812696878,0.6752618855761483,560,681,1241,0.0008058017727639033,0.0008333472224535399,0.6742143432715535,0.00048348106365834196
30851,25.70959515991933,0.6760676873489122,560,681,1241,0.0008058017727639033,0.0008333472224535399,0.674536663980659,0.00032232070910556134
30852,25.71042850714179,0.6752618855761483,560,681,1241,-0.0008058017727639033,0.0008333472224570926,0.6747784045124883,0.00024174053182917098
30853,25.711261854364242,0.6752618855761483,560,681,1241,0.0,0.0008333472224535399,0.6750201450443175,0.00024174053182917098
30854,25.712095201586695,0.6744560838033844,560,681,1241,-0.0008058017727639033,0.0008333472224535399,0.6750201450443175,0.0
30855,25.71292854880915,0.6752618855761483,560,681,1241,0.0008058017727639033,0.0008333472224535399,0.6751007252215938,8.058017727639034e-05
30856,25.713761896031603,0.6728444802578566,560,681,1241,-0.00241740531829171,0.0008333472224535399,0.6748589846897646,-0.00024174053182917098
30857,25.714595243254056,0.6728444802578566,560,681,1241,0.0,0.0008333472224535399,0.6746172441579354,-0.00024174053182917098
30858,25.71542859047651,0.6728444802578566,560,681,1241,0.0,0.0008333472224535399,0.6744560838033825,-0.00016116035455278067
30859,25.716261937698963,0.6736502820306205,560,681,1241,0.0008058017727639033,0.0008333472224535399,0.6743755036261062,-8.058017727639034e-05
30860,25.717095284921417,0.6736502820306205,560,681,1241,0.0,0.0008333472224535399,0.6742143432715534,-0.00016116035455278067
30861,25.71792863214387,0.6728444802578566,560,681,1241,-0.0008058017727639033,0.0008333472224535399,0.673892022562448,-0.00032232070910556134
30862,25.718761979366324,0.6712328767123288,560,681,1241,-0.0016116035455278066,0.0008333472224535399,0.673489121676066,-0.00040290088638195165
30863,25.719595326588777,0.6720386784850927,560,681,1241,0.0008058017727639033,0.0008333472224535399,0.6731668009669605,-0.00032232070910556134
30864,25.72042867381123,0.6720386784850927,560,681,1241,0.0,0.0008333472224535399,0.6729250604351312,-0.00024174053182917098
30865,25.721262021033684,0.6728444802578566,560,681,1241,0.0008058017727639033,0.0008333472224535399,0.672683319903302,-0.00024174053182917098
30866,25.722095368256138,0.6736502820306205,560,681,1241,0.0008058017727639033,0.0008333472224535399,0.6727639000805784,8.058017727639034e-05
30867,25.72292871547859,0.6744560838033844,560,681,1241,0.0008058017727639033,0.0008333472224535399,0.6729250604351312,0.00016116035455278067
30868,25.723762062701045,0.6752618855761483,560,681,1241,0.0008058017727639033,0.0008333472224535399,0.6731668009669605,0.00024174053182917098
30869,25.7245954099235,0.6744560838033844,560,681,1241,-0.0008058017727639033,0.0008333472224535399,0.6732473811442369,8.058017727639034e-05
30870,25.725428757145952,0.6752618855761483,560,681,1241,0.0008058017727639033,0.0008333472224535399,0.6734085414987897,0.00016116035455278067
30871,25.726262104368406,0.6736502820306205,560,681,1241,-0.0016116035455278066,0.0008333472224535399,0.673489121676066,8.058017727639034e-05
30872,25.72709545159086,0.6728444802578566,560,681,1241,-0.0008058017727639033,0.0008333472224535399,0.6736502820306187,0.00016116035455278067
30873,25.727928798813316,0.6720386784850927,560,681,1241,-0.0008058017727639033,0.0008333472224570926,0.6736502820306187,0.0
30874,25.72876214603577,0.6728444802578566,560,681,1241,0.0008058017727639033,0.0008333472224535399,0.673730862207895,8.058017727639034e-05
30875,25.729595493258223,0.6720386784850927,560,681,1241,-0.0008058017727639033,0.0008333472224535399,0.6736502820306187,-8.058017727639034e-05
30876,25.730428840480677,0.6720386784850927,560,681,1241,0.0,0.0008333472224535399,0.6734891216760659,-0.00016116035455278067
30877,25.73126218770313,0.6728444802578566,560,681,1241,0.0008058017727639033,0.0008333472224535399,0.6733279613215132,-0.00016116035455278067
30878,25.732095534925584,0.669621273166801,560,681,1241,-0.003223207091055613,0.0008333472224535399,0.6727639000805784,-0.0005640612409347323
30879,25.732928882148038,0.669621273166801,560,681,1241,0.0,0.0008333472224535399,0.6722804190169199,-0.00048348106365834196
30880,25.73376222937049,0.6680096696212732,560,681,1241,-0.0016116035455278066,0.0008333472224535399,0.6715551974214324,-0.000725221595487513
30881,25.734595576592945,0.6663980660757454,560,681,1241,-0.0016116035455278066,0.0008333472224535399,0.670829975825945,-0.000725221595487513
30882,25.735428923815398,0.6672038678485093,560,681,1241,0.0008058017727639033,0.0008333472224535399,0.6702659145850103,-0.0005640612409347323
30883,25.73626227103785,0.6672038678485093,560,681,1241,0.0,0.0008333472224535399,0.6697824335213519,-0.00048348106365834196
30884,25.737095618260305,0.6663980660757454,560,681,1241,-0.0008058017727639033,0.0008333472224535399,0.6691377921031408,-0.0006446414182111227
30885,25.73792896548276,0.6672038678485093,560,681,1241,0.0008058017727639033,0.0008333472224535399,0.6686543110394825,-0.00048348106365834196
30886,25.738762312705212,0.6663980660757454,560,681,1241,-0.0008058017727639033,0.0008333472224535399,0.6680902497985478,-0.0005640612409347323
30887,25.739595659927666,0.6647864625302176,560,681,1241,-0.0016116035455278066,0.0008333472224535399,0.667284448025784,-0.0008058017727639033
30888,25.74042900715012,0.6655922643029815,560,681,1241,0.0008058017727639033,0.0008333472224535399,0.6668815471394021,-0.00040290088638195165
30889,25.741262354372573,0.6647864625302176,560,681,1241,-0.0008058017727639033,0.0008333472224535399,0.6663980660757438,-0.00048348106365834196
30890,25.742095701595026,0.6647864625302176,560,681,1241,0.0,0.0008333472224535399,0.6660757453666383,-0.00032232070910556134
30891,25.74292904881748,0.6647864625302176,560,681,1241,0.0,0.0008333472224535399,0.6659145850120856,-0.00016116035455278067
30892,25.743762396039934,0.6631748589846898,560,681,1241,-0.0016116035455278066,0.0008333472224535399,0.6655116841257036,-0.00040290088638195165
30893,25.744595743262387,0.661563255439162,560,681,1241,-0.0016116035455278066,0.0008333472224535399,0.6649476228847688,-0.0005640612409347323
30894,25.745429090484844,0.661563255439162,560,681,1241,0.0,0.0008333472224570926,0.6644641418211105,-0.00048348106365834196
30895,25.746262437707298,0.6631748589846898,560,681,1241,0.0016116035455278066,0.0008333472224535399,0.6640612409347285,-0.00040290088638195165
30896,25.74709578492975,0.6647864625302176,560,681,1241,0.0016116035455278066,0.0008333472224535399,0.6639000805801757,-0.00016116035455278067
30897,25.747929132152205,0.6639806607574537,560,681,1241,-0.0008058017727639033,0.0008333472224535399,0.6638195004028994,-8.058017727639034e-05
30898,25.74876247937466,0.6631748589846898,560,681,1241,-0.0008058017727639033,0.0008333472224535399,0.6635777598710701,-0.00024174053182917098
30899,25.749595826597112,0.6639806607574537,560,681,1241,0.0008058017727639033,0.0008333472224535399,0.6634971796937938,-8.058017727639034e-05
30900,25.750429173819565,0.6647864625302176,560,681,1241,0.0008058017727639033,0.0008333472224535399,0.6634971796937938,0.0
30901,25.75126252104202,0.6647864625302176,560,681,1241,0.0,0.0008333472224535399,0.6634971796937938,0.0
30902,25.752095868264473,0.6647864625302176,560,681,1241,0.0,0.0008333472224535399,0.6636583400483467,0.00016116035455278067
30903,25.752929215486926,0.6647864625302176,560,681,1241,0.0,0.0008333472224535399,0.6639806607574522,0.00032232070910556134
30904,25.75376256270938,0.6663980660757454,560,681,1241,0.0016116035455278066,0.0008333472224535399,0.6644641418211105,0.00048348106365834196
30905,25.754595909931833,0.6663980660757454,560,681,1241,0.0,0.0008333472224535399,0.664786462530216,0.00032232070910556134
30906,25.755429257154287,0.6672038678485093,560,681,1241,0.0008058017727639033,0.0008333472224535399,0.6650282030620452,0.00024174053182917098
30907,25.75626260437674,0.6655922643029815,560,681,1241,-0.0016116035455278066,0.0008333472224535399,0.6651893634165981,0.00016116035455278067
30908,25.757095951599194,0.6672038678485093,560,681,1241,0.0016116035455278066,0.0008333472224535399,0.66559226430298,0.00040290088638195165
30909,25.757929298821647,0.6672038678485093,560,681,1241,0.0,0.0008333472224535399,0.6659145850120856,0.00032232070910556134
30910,25.7587626460441,0.669621273166801,560,681,1241,0.00241740531829171,0.0008333472224535399,0.6663980660757438,0.00048348106365834196
30911,25.759595993266554,0.6688154713940371,560,681,1241,-0.0008058017727639033,0.0008333472224535399,0.6668009669621258,0.00040290088638195165
30912,25.760429340489008,0.669621273166801,560,681,1241,0.0008058017727639033,0.0008333472224535399,0.667284448025784,0.00048348106365834196
30913,25.76126268771146,0.669621273166801,560,681,1241,0.0,0.0008333472224535399,0.6677679290894423,0.00048348106365834196
30914,25.762096034933915,0.6704270749395649,560,681,1241,0.0008058017727639033,0.0008333472224535399,0.6681708299758242,0.00040290088638195165
30915,25.762929382156372,0.6712328767123288,560,681,1241,0.0008058017727639033,0.0008333472224570926,0.6686543110394826,0.00048348106365834196
30916,25.763762729378826,0.6704270749395649,560,681,1241,-0.0008058017727639033,0.0008333472224535399,0.6689766317485881,0.00032232070910556134
30917,25.76459607660128,0.6720386784850927,560,681,1241,0.0016116035455278066,0.0008333472224535399,0.6696212731667993,0.0006446414182111227
30918,25.765429423823733,0.6736502820306205,560,681,1241,0.0016116035455278066,0.0008333472224535399,0.6702659145850104,0.0006446414182111227
30919,25.766262771046186,0.6736502820306205,560,681,1241,0.0,0.0008333472224535399,0.6709105560032216,0.0006446414182111227
30920,25.76709611826864,0.6728444802578566,560,681,1241,-0.0008058017727639033,0.0008333472224535399,0.6712328767123271,0.00032232070910556134
30921,25.767929465491093,0.6720386784850927,560,681,1241,-0.0008058017727639033,0.0008333472224535399,0.6715551974214327,0.00032232070910556134
30922,25.768762812713547,0.6728444802578566,560,681,1241,0.0008058017727639033,0.0008333472224535399,0.6718775181305382,0.00032232070910556134
30923,25.769596159936,0.6744560838033844,560,681,1241,0.0016116035455278066,0.0008333472224535399,0.6723609991941967,0.00048348106365834196
30924,25.770429507158454,0.6712328767123288,560,681,1241,-0.003223207091055613,0.0008333472224535399,0.6724415793714731,8.058017727639034e-05
30925,25.771262854380907,0.6736502820306205,560,681,1241,0.00241740531829171,0.0008333472224535399,0.6726833199033022,0.00024174053182917098
30926,25.77209620160336,0.6744560838033844,560,681,1241,0.0008058017727639033,0.0008333472224535399,0.6730862207896842,0.00040290088638195165
30927,25.772929548825815,0.6760676873489122,560,681,1241,0.0016116035455278066,0.0008333472224535399,0.6734891216760662,0.00040290088638195165
30928,25.773762896048268,0.6760676873489122,560,681,1241,0.0,0.0008333472224535399,0.6737308622078954,0.00024174053182917098
30929,25.77459624327072,0.6760676873489122,560,681,1241,0.0,0.0008333472224535399,0.6739726027397246,0.00024174053182917098
30930,25.775429590493175,0.6768734891216761,560,681,1241,0.0008058017727639033,0.0008333472224535399,0.6743755036261065,0.00040290088638195165
30931,25.77626293771563,0.6768734891216761,560,681,1241,0.0,0.0008333472224535399,0.6748589846897649,0.00048348106365834196
30932,25.777096284938082,0.6752618855761483,560,681,1241,-0.0016116035455278066,0.0008333472224535399,0.675100725221594,0.00024174053182917098
30933,25.777929632160536,0.6760676873489122,560,681,1241,0.0008058017727639033,0.0008333472224535399,0.6752618855761467,0.00016116035455278067
30934,25.77876297938299,0.6768734891216761,560,681,1241,0.0008058017727639033,0.0008333472224535399,0.6758259468170815,0.0005640612409347323
30935,25.779596326605443,0.6768734891216761,560,681,1241,0.0,0.0008333472224535399,0.6761482675261871,0.00032232070910556134
30936,25.7804296738279,0.6792908944399678,560,681,1241,0.00241740531829171,0.0008333472224570926,0.6766317485898453,0.00048348106365834196
30937,25.781263021050354,0.6768734891216761,560,681,1241,-0.00241740531829171,0.0008333472224535399,0.6767123287671216,8.058017727639034e-05
30938,25.782096368272807,0.6784850926672039,560,681,1241,0.0016116035455278066,0.0008333472224535399,0.6769540692989509,0.00024174053182917098
30939,25.78292971549526,0.67767929089444,560,681,1241,-0.0008058017727639033,0.0008333472224535399,0.6771152296535037,0.00016116035455278067
30940,25.783763062717714,0.6768734891216761,560,681,1241,-0.0008058017727639033,0.0008333472224535399,0.6771152296535037,0.0
30941,25.784596409940168,0.6752618855761483,560,681,1241,-0.0016116035455278066,0.0008333472224535399,0.676954069298951,-0.00016116035455278067
30942,25.78542975716262,0.6752618855761483,560,681,1241,0.0,0.0008333472224535399,0.676954069298951,0.0
30943,25.786263104385075,0.6768734891216761,560,681,1241,0.0016116035455278066,0.0008333472224535399,0.6770346494762274,8.058017727639034e-05
30944,25.78709645160753,0.6752618855761483,560,681,1241,-0.0016116035455278066,0.0008333472224535399,0.6768734891216746,-0.00016116035455278067
30945,25.787929798829982,0.6760676873489122,560,681,1241,0.0008058017727639033,0.0008333472224535399,0.6767929089443983,-8.058017727639034e-05
30946,25.788763146052435,0.6760676873489122,560,681,1241,0.0,0.0008333472224535399,0.6764705882352928,-0.00032232070910556134
30947,25.78959649327489,0.6760676873489122,560,681,1241,0.0,0.0008333472224535399,0.6763900080580163,-8.058017727639034e-05
30948,25.790429840497342,0.6760676873489122,560,681,1241,0.0,0.0008333472224535399,0.6761482675261872,-0.00024174053182917098
30949,25.791263187719796,0.6760676873489122,560,681,1241,0.0,0.0008333472224535399,0.6759871071716343,-0.00016116035455278067
30950,25.79209653494225,0.6752618855761483,560,681,1241,-0.0008058017727639033,0.0008333472224535399,0.6758259468170815,-0.00016116035455278067
30951,25.792929882164703,0.6744560838033844,560,681,1241,-0.0008058017727639033,0.0008333472224535399,0.6757453666398051,-8.058017727639034e-05
30952,25.793763229387157,0.6768734891216761,560,681,1241,0.00241740531829171,0.0008333472224535399,0.6759065269943579,0.00016116035455278067
30953,25.79459657660961,0.6768734891216761,560,681,1241,0.0,0.0008333472224535399,0.6759065269943579,0.0
30954,25.795429923832064,0.6768734891216761,560,681,1241,0.0,0.0008333472224535399,0.6760676873489107,0.00016116035455278067
30955,25.796263271054517,0.6760676873489122,560,681,1241,-0.0008058017727639033,0.0008333472224535399,0.6760676873489107,0.0
30956,25.79709661827697,0.6768734891216761,560,681,1241,0.0008058017727639033,0.0008333472224535399,0.6761482675261871,8.058017727639034e-05
30957,25.797929965499428,0.6768734891216761,560,681,1241,0.0,0.0008333472224570926,0.6762288477034634,8.058017727639034e-05
30958,25.79876331272188,0.6784850926672039,560,681,1241,0.0016116035455278066,0.0008333472224535399,0.6764705882352926,0.00024174053182917098
30959,25.799596659944335,0.67767929089444,560,681,1241,-0.0008058017727639033,0.0008333472224535399,0.6766317485898454,0.00016116035455278067
30960,25.80043000716679,0.6768734891216761,560,681,1241,-0.0008058017727639033,0.0008333472224535399,0.6767929089443983,0.00016116035455278067
30961,25.801263354389242,0.6768734891216761,560,681,1241,0.0,0.0008333472224535399,0.6770346494762274,0.00024174053182917098
30962,25.802096701611696,0.6800966962127317,560,681,1241,0.003223207091055613,0.0008333472224535399,0.6773569701853329,0.00032232070910556134
30963,25.80293004883415,0.6792908944399678,560,681,1241,-0.0008058017727639033,0.0008333472224535399,0.677598710717162,0.00024174053182917098
30964,25.803763396056603,0.6792908944399678,560,681,1241,0.0,0.0008333472224535399,0.6778404512489913,0.00024174053182917098
30965,25.804596743279056,0.6768734891216761,560,681,1241,-0.00241740531829171,0.0008333472224535399,0.6779210314262677,8.058017727639034e-05
30966,25.80543009050151,0.67767929089444,560,681,1241,0.0008058017727639033,0.0008333472224535399,0.6780016116035441,8.058017727639034e-05
30967,25.806263437723963,0.67767929089444,560,681,1241,0.0,0.0008333472224535399,0.6780821917808205,8.058017727639034e-05
30968,25.807096784946417,0.6768734891216761,560,681,1241,-0.0008058017727639033,0.0008333472224535399,0.6779210314262677,-0.00016116035455278067
30969,25.80793013216887,0.67767929089444,560,681,1241,0.0008058017727639033,0.0008333472224535399,0.6779210314262677,0.0
30970,25.808763479391324,0.6768734891216761,560,681,1241,-0.0008058017727639033,0.0008333472224535399,0.6779210314262677,0.0
30971,25.809596826613777,0.6800966962127317,560,681,1241,0.003223207091055613,0.0008333472224535399,0.6782433521353732,0.00032232070910556134
30972,25.81043017383623,0.6809024979854955,560,681,1241,0.0008058017727637923,0.0008333472224535399,0.6783239323126496,8.058017727637922e-05
30973,25.811263521058684,0.6809024979854955,560,681,1241,0.0,0.0008333472224535399,0.6784850926672024,0.00016116035455276956
30974,25.812096868281138,0.6792908944399678,560,681,1241,-0.0016116035455276956,0.0008333472224535399,0.6784850926672024,0.0
30975,25.81293021550359,0.6792908944399678,560,681,1241,0.0,0.0008333472224535399,0.6787268331990315,0.00024174053182917098
30976,25.813763562726045,0.6800966962127317,560,681,1241,0.0008058017727639033,0.0008333472224535399,0.6789685737308606,0.00024174053182917098
30977,25.8145969099485,0.6800966962127317,560,681,1241,0.0,0.0008333472224535399,0.6792103142626897,0.00024174053182917098
30978,25.815430257170952,0.6809024979854955,560,681,1241,0.0008058017727637923,0.0008333472224535399,0.6796132151490717,0.00040290088638194054
30979,25.81626360439341,0.6817082997582594,560,681,1241,0.0008058017727639033,0.0008333472224570926,0.6800161160354536,0.00040290088638194054
30980,25.817096951615863,0.6809024979854955,560,681,1241,-0.0008058017727639033,0.0008333472224535399,0.6804190169218355,0.00040290088638194054
30981,25.817930298838316,0.6800966962127317,560,681,1241,-0.0008058017727637923,0.0008333472224535399,0.6804190169218355,0.0
30982,25.81876364606077,0.6809024979854955,560,681,1241,0.0008058017727637923,0.0008333472224535399,0.6804190169218355,0.0
30983,25.819596993283223,0.6800966962127317,560,681,1241,-0.0008058017727637923,0.0008333472224535399,0.6803384367445592,-8.058017727637922e-05
30984,25.820430340505677,0.6800966962127317,560,681,1241,0.0,0.0008333472224535399,0.6804190169218355,8.058017727639034e-05
30985,25.82126368772813,0.6800966962127317,560,681,1241,0.0,0.0008333472224535399,0.6804995970991119,8.058017727639034e-05
30986,25.822097034950584,0.6809024979854955,560,681,1241,0.0008058017727637923,0.0008333472224535399,0.6805801772763882,8.058017727637922e-05
30987,25.822930382173038,0.6800966962127317,560,681,1241,-0.0008058017727637923,0.0008333472224535399,0.6805801772763882,0.0
30988,25.82376372939549,0.6792908944399678,560,681,1241,-0.0008058017727639033,0.0008333472224535399,0.6804190169218354,-0.00016116035455276956
30989,25.824597076617945,0.6784850926672039,560,681,1241,-0.0008058017727639033,0.0008333472224535399,0.6800966962127298,-0.00032232070910555023
30990,25.825430423840398,0.6792908944399678,560,681,1241,0.0008058017727639033,0.0008333472224535399,0.6799355358581771,-0.00016116035455276956
30991,25.82626377106285,0.6800966962127317,560,681,1241,0.0008058017727639033,0.0008333472224535399,0.6799355358581771,0.0
30992,25.827097118285305,0.6800966962127317,560,681,1241,0.0,0.0008333472224535399,0.6798549556809008,-8.058017727637922e-05
30993,25.82793046550776,0.6809024979854955,560,681,1241,0.0008058017727637923,0.0008333472224535399,0.6799355358581771,8.058017727637922e-05
30994,25.828763812730212,0.6800966962127317,560,681,1241,-0.0008058017727637923,0.0008333472224535399,0.6799355358581771,0.0
30995,25.829597159952666,0.6809024979854955,560,681,1241,0.0008058017727637923,0.0008333472224535399,0.6800161160354535,8.058017727637922e-05
30996,25.83043050717512,0.6817082997582594,560,681,1241,0.0008058017727639033,0.0008333472224535399,0.68009669621273,8.058017727639034e-05
30997,25.831263854397573,0.6817082997582594,560,681,1241,0.0,0.0008333472224535399,0.6802578565672828,0.00016116035455276956
30998,25.832097201620027,0.6809024979854955,560,681,1241,-0.0008058017727639033,0.0008333472224535399,0.6804190169218355,0.00016116035455276956
30999,25.83293054884248,0.67767929089444,560,681,1241,-0.003223207091055502,0.0008333472224535399,0.6803384367445592,-8.058017727639034e-05
31000,25.833763896064937,0.6768734891216761,560,681,1241,-0.0008058017727639033,0.0008333472224570926,0.68009669621273,-0.00024174053182917098
31001,25.83459724328739,0.67767929089444,560,681,1241,0.0008058017727639033,0.0008333472224535399,0.6798549556809008,-0.00024174053182917098
31002,25.835430590509844,0.6768734891216761,560,681,1241,-0.0008058017727639033,0.0008333472224535399,0.6795326349717953,-0.00032232070910556134
31003,25.836263937732298,0.6768734891216761,560,681,1241,0.0,0.0008333472224535399,0.6791297340854133,-0.00040290088638194054
31004,25.83709728495475,0.67767929089444,560,681,1241,0.0008058017727639033,0.0008333472224535399,0.6788879935535841,-0.00024174053182917098
31005,25.837930632177205,0.6768734891216761,560,681,1241,-0.0008058017727639033,0.0008333472224535399,0.6784850926672022,-0.00040290088638194054
31006,25.83876397939966,0.67767929089444,560,681,1241,0.0008058017727639033,0.0008333472224535399,0.6780821917808202,-0.00040290088638194054
31007,25.839597326622112,0.67767929089444,560,681,1241,0.0,0.0008333472224535399,0.6776792908944383,-0.00040290088638194054
31008,25.840430673844565,0.67767929089444,560,681,1241,0.0,0.0008333472224535399,0.6773569701853328,-0.00032232070910555023
31009,25.84126402106702,0.6768734891216761,560,681,1241,-0.0008058017727639033,0.0008333472224535399,0.6772763900080564,-8.058017727639034e-05
31010,25.842097368289473,0.6784850926672039,560,681,1241,0.0016116035455278066,0.0008333472224535399,0.6774375503626092,0.00016116035455278067
31011,25.842930715511926,0.6800966962127317,560,681,1241,0.0016116035455278066,0.0008333472224535399,0.6776792908944383,0.00024174053182917098
31012,25.84376406273438,0.6800966962127317,560,681,1241,0.0,0.0008333472224535399,0.6780016116035439,0.00032232070910556134
31013,25.844597409956833,0.6800966962127317,560,681,1241,0.0,0.0008333472224535399,0.6783239323126494,0.00032232070910556134
31014,25.845430757179287,0.6800966962127317,560,681,1241,0.0,0.0008333472224535399,0.6785656728444787,0.00024174053182917098
31015,25.84626410440174,0.6800966962127317,560,681,1241,0.0,0.0008333472224535399,0.6788879935535842,0.00032232070910556134
31016,25.847097451624194,0.6809024979854955,560,681,1241,0.0008058017727637923,0.0008333472224535399,0.6792103142626897,0.00032232070910555023
31017,25.847930798846647,0.6800966962127317,560,681,1241,-0.0008058017727637923,0.0008333472224535399,0.679452054794519,0.00024174053182917098
31018,25.8487641460691,0.67767929089444,560,681,1241,-0.00241740531829171,0.0008333472224535399,0.679452054794519,0.0
31019,25.849597493291554,0.67767929089444,560,681,1241,0.0,0.0008333472224535399,0.6795326349717954,8.058017727639034e-05
31020,25.850430840514008,0.6784850926672039,560,681,1241,0.0008058017727639033,0.0008333472224535399,0.6795326349717954,0.0
31021,25.851264187736465,0.6784850926672039,560,681,1241,0.0,0.0008333472224570926,0.6793714746172427,-0.00016116035455278067
31022,25.85209753495892,0.6784850926672039,560,681,1241,0.0,0.0008333472224535399,0.6792103142626899,-0.00016116035455278067
31023,25.852930882181372,0.6784850926672039,560,681,1241,0.0,0.0008333472224535399,0.6790491539081371,-0.00016116035455278067
31024,25.853764229403826,0.6800966962127317,560,681,1241,0.0016116035455278066,0.0008333472224535399,0.6790491539081371,0.0
31025,25.85459757662628,0.6800966962127317,560,681,1241,0.0,0.0008333472224535399,0.6790491539081371,0.0
31026,25.855430923848733,0.6809024979854955,560,681,1241,0.0008058017727637923,0.0008333472224535399,0.6790491539081371,0.0
31027,25.856264271071186,0.6817082997582594,560,681,1241,0.0008058017727639033,0.0008333472224535399,0.6792103142626899,0.00016116035455276956
31028,25.85709761829364,0.6809024979854955,560,681,1241,-0.0008058017727639033,0.0008333472224535399,0.6795326349717954,0.00032232070910555023
31029,25.857930965516093,0.6817082997582594,560,681,1241,0.0008058017727639033,0.0008333472224535399,0.6799355358581772,0.00040290088638194054
31030,25.858764312738547,0.6817082997582594,560,681,1241,0.0,0.0008333472224535399,0.6802578565672828,0.00032232070910555023
31031,25.859597659961,0.6833199033037872,560,681,1241,0.0016116035455278066,0.0008333472224535399,0.6807413376309411,0.0004834810636583309
31032,25.860431007183454,0.6825141015310233,560,681,1241,-0.0008058017727639033,0.0008333472224535399,0.6811442385173231,0.00040290088638194054
31033,25.861264354405908,0.6841257050765511,560,681,1241,0.0016116035455278066,0.0008333472224535399,0.6817082997582578,0.0005640612409347212
31034,25.86209770162836,0.6841257050765511,560,681,1241,0.0,0.0008333472224535399,0.6821112006446397,0.00040290088638194054
31035,25.862931048850815,0.6857373086220789,560,681,1241,0.0016116035455278066,0.0008333472224535399,0.6826752618855744,0.0005640612409347212
31036,25.863764396073268,0.6857373086220789,560,681,1241,0.0,0.0008333472224535399,0.6831587429492327,0.00048348106365834196
31037,25.86459774329572,0.684931506849315,560,681,1241,-0.0008058017727639033,0.0008333472224535399,0.6834810636583383,0.00032232070910556134
31038,25.865431090518175,0.6833199033037872,560,681,1241,-0.0016116035455278066,0.0008333472224535399,0.6837228041901675,0.00024174053182917098
31039,25.86626443774063,0.6833199033037872,560,681,1241,0.0,0.0008333472224535399,0.6838839645447202,0.00016116035455278067
31040,25.867097784963082,0.684931506849315,560,681,1241,0.0016116035455278066,0.0008333472224535399,0.6842062852538258,0.00032232070910556134
31041,25.867931132185536,0.684931506849315,560,681,1241,0.0,0.0008333472224535399,0.6843674456083786,0.00016116035455278067
31042,25.868764479407993,0.6833199033037872,560,681,1241,-0.0016116035455278066,0.0008333472224570926,0.684448025785655,8.058017727639034e-05
31043,25.869597826630446,0.6841257050765511,560,681,1241,0.0008058017727639033,0.0008333472224535399,0.684448025785655,0.0
31044,25.8704311738529,0.6841257050765511,560,681,1241,0.0,0.0008333472224535399,0.684448025785655,0.0
31045,25.871264521075354,0.6841257050765511,560,681,1241,0.0,0.0008333472224535399,0.6842868654311023,-0.00016116035455278067
31046,25.872097868297807,0.6841257050765511,560,681,1241,0.0,0.0008333472224535399,0.6841257050765495,-0.00016116035455278067
31047,25.87293121552026,0.6841257050765511,560,681,1241,0.0,0.0008333472224535399,0.684045124899273,-8.058017727639034e-05
31048,25.873764562742714,0.6817082997582594,560,681,1241,-0.00241740531829171,0.0008333472224535399,0.6838839645447202,-0.00016116035455278067
31049,25.874597909965168,0.6800966962127317,560,681,1241,-0.0016116035455276956,0.0008333472224535399,0.6835616438356147,-0.00032232070910555023
31050,25.87543125718762,0.6809024979854955,560,681,1241,0.0008058017727637923,0.0008333472224535399,0.6831587429492327,-0.00040290088638195165
31051,25.876264604410075,0.6817082997582594,560,681,1241,0.0008058017727639033,0.0008333472224535399,0.6828364222401271,-0.00032232070910556134
31052,25.87709795163253,0.6809024979854955,560,681,1241,-0.0008058017727639033,0.0008333472224535399,0.682594681708298,-0.00024174053182917098
31053,25.877931298854982,0.6809024979854955,560,681,1241,0.0,0.0008333472224535399,0.6822723609991923,-0.00032232070910556134
31054,25.878764646077435,0.6825141015310233,560,681,1241,0.0016116035455278066,0.0008333472224535399,0.6821112006446396,-0.00016116035455278067
31055,25.87959799329989,0.6825141015310233,560,681,1241,0.0,0.0008333472224535399,0.6819500402900868,-0.00016116035455278067
31056,25.880431340522343,0.6841257050765511,560,681,1241,0.0016116035455278066,0.0008333472224535399,0.6819500402900868,0.0
31057,25.881264687744796,0.6841257050765511,560,681,1241,0.0,0.0008333472224535399,0.6819500402900868,0.0
31058,25.88209803496725,0.684931506849315,560,681,1241,0.0008058017727639033,0.0008333472224535399,0.6822723609991923,0.00032232070910556134
31059,25.882931382189703,0.684931506849315,560,681,1241,0.0,0.0008333472224535399,0.6827558420628507,0.0004834810636583309
31060,25.883764729412157,0.684931506849315,560,681,1241,0.0,0.0008333472224535399,0.6831587429492327,0.00040290088638195165
31061,25.88459807663461,0.684931506849315,560,681,1241,0.0,0.0008333472224535399,0.6834810636583383,0.00032232070910556134
31062,25.885431423857064,0.6857373086220789,560,681,1241,0.0008058017727639033,0.0008333472224535399,0.6839645447219966,0.00048348106365834196
31063,25.88626477107952,0.684931506849315,560,681,1241,-0.0008058017727639033,0.0008333472224570926,0.6843674456083786,0.00040290088638195165
31064,25.887098118301974,0.6857373086220789,560,681,1241,0.0008058017727639033,0.0008333472224535399,0.6846897663174841,0.00032232070910556134
31065,25.887931465524428,0.6865431103948428,560,681,1241,0.0008058017727639033,0.0008333472224535399,0.6850926672038662,0.00040290088638195165
31066,25.88876481274688,0.6881547139403706,560,681,1241,0.0016116035455278066,0.0008333472224535399,0.6854955680902481,0.00040290088638195165
31067,25.889598159969335,0.6873489121676067,560,681,1241,-0.0008058017727639033,0.0008333472224535399,0.6858178887993537,0.00032232070910556134
31068,25.89043150719179,0.6873489121676067,560,681,1241,0.0,0.0008333472224535399,0.6860596293311828,0.00024174053182917098
31069,25.891264854414242,0.6889605157131345,560,681,1241,0.0016116035455278066,0.0008333472224535399,0.6864625302175648,0.00040290088638195165
31070,25.892098201636696,0.6873489121676067,560,681,1241,-0.0016116035455278066,0.0008333472224535399,0.6867042707493939,0.00024174053182917098
31071,25.89293154885915,0.6865431103948428,560,681,1241,-0.0008058017727639033,0.0008333472224535399,0.6868654311039466,0.00016116035455278067
31072,25.893764896081603,0.6873489121676067,560,681,1241,0.0008058017727639033,0.0008333472224535399,0.6870265914584994,0.00016116035455278067
31073,25.894598243304056,0.6873489121676067,560,681,1241,0.0,0.0008333472224535399,0.6872683319903286,0.00024174053182917098
31074,25.89543159052651,0.6881547139403706,560,681,1241,0.0008058017727639033,0.0008333472224535399,0.6875100725221578,0.00024174053182917098
31075,25.896264937748963,0.6889605157131345,560,681,1241,0.0008058017727639033,0.0008333472224535399,0.6877518130539869,0.00024174053182917098
31076,25.897098284971417,0.6881547139403706,560,681,1241,-0.0008058017727639033,0.0008333472224535399,0.6877518130539869,0.0
31077,25.89793163219387,0.6881547139403706,560,681,1241,0.0,0.0008333472224535399,0.6878323932312633,8.058017727639034e-05
31078,25.898764979416324,0.6897663174858985,560,681,1241,0.0016116035455278066,0.0008333472224535399,0.6880741337630926,0.00024174053182917098
31079,25.899598326638777,0.6905721192586624,560,681,1241,0.0008058017727639033,0.0008333472224535399,0.6882352941176453,0.00016116035455278067
31080,25.90043167386123,0.6897663174858985,560,681,1241,-0.0008058017727639033,0.0008333472224535399,0.6884770346494745,0.00024174053182917098
31081,25.901265021083685,0.6881547139403706,560,681,1241,-0.0016116035455278066,0.0008333472224535399,0.6886381950040273,0.00016116035455278067
31082,25.902098368306138,0.6873489121676067,560,681,1241,-0.0008058017727639033,0.0008333472224535399,0.6886381950040273,0.0
31083,25.90293171552859,0.6873489121676067,560,681,1241,0.0,0.0008333472224535399,0.6886381950040273,0.0
31084,25.903765062751045,0.6873489121676067,560,681,1241,0.0,0.0008333472224535399,0.6885576148267509,-8.058017727639034e-05
31085,25.904598409973502,0.6873489121676067,560,681,1241,0.0,0.0008333472224570926,0.6883964544721981,-0.00016116035455278067
31086,25.905431757195956,0.6865431103948428,560,681,1241,-0.0008058017727639033,0.0008333472224535399,0.6882352941176453,-0.00016116035455278067
31087,25.90626510441841,0.6881547139403706,560,681,1241,0.0016116035455278066,0.0008333472224535399,0.6882352941176453,0.0
31088,25.907098451640863,0.6873489121676067,560,681,1241,-0.0008058017727639033,0.0008333472224535399,0.6879935535858162,-0.00024174053182917098
31089,25.907931798863316,0.6873489121676067,560,681,1241,0.0,0.0008333472224535399,0.6876712328767105,-0.00032232070910556134
31090,25.90876514608577,0.6873489121676067,560,681,1241,0.0,0.0008333472224535399,0.6874294923448814,-0.00024174053182917098
31091,25.909598493308224,0.6865431103948428,560,681,1241,-0.0008058017727639033,0.0008333472224535399,0.6872683319903286,-0.00016116035455278067
31092,25.910431840530677,0.6833199033037872,560,681,1241,-0.003223207091055613,0.0008333472224535399,0.6868654311039466,-0.00040290088638195165
31093,25.91126518775313,0.6833199033037872,560,681,1241,0.0,0.0008333472224535399,0.6864625302175648,-0.00040290088638195165
31094,25.912098534975584,0.6825141015310233,560,681,1241,-0.0008058017727639033,0.0008333472224535399,0.6859790491539064,-0.00048348106365834196
31095,25.912931882198038,0.6817082997582594,560,681,1241,-0.0008058017727639033,0.0008333472224535399,0.6854149879129717,-0.0005640612409347323
31096,25.91376522942049,0.6817082997582594,560,681,1241,0.0,0.0008333472224535399,0.6849315068493134,-0.00048348106365834196
31097,25.914598576642945,0.6833199033037872,560,681,1241,0.0016116035455278066,0.0008333472224535399,0.684448025785655,-0.00048348106365834196
31098,25.9154319238654,0.6857373086220789,560,681,1241,0.00241740531829171,0.0008333472224535399,0.6842868654311023,-0.00016116035455278067
31099,25.916265271087852,0.684931506849315,560,681,1241,-0.0008058017727639033,0.0008333472224535399,0.6840451248992732,-0.00024174053182917098
31100,25.917098618310305,0.6833199033037872,560,681,1241,-0.0016116035455278066,0.0008333472224535399,0.6836422240128912,-0.00040290088638195165
31101,25.91793196553276,0.6841257050765511,560,681,1241,0.0008058017727639033,0.0008333472224535399,0.683400483481062,-0.00024174053182917098
31102,25.918765312755212,0.6857373086220789,560,681,1241,0.0016116035455278066,0.0008333472224535399,0.6836422240128911,0.00024174053182917098
31103,25.919598659977666,0.6865431103948428,560,681,1241,0.0008058017727639033,0.0008333472224535399,0.6839645447219966,0.00032232070910556134
31104,25.92043200720012,0.6881547139403706,560,681,1241,0.0016116035455278066,0.0008333472224535399,0.6845286059629314,0.0005640612409347323
31105,25.921265354422573,0.6897663174858985,560,681,1241,0.0016116035455278066,0.0008333472224535399,0.6853344077356953,0.0008058017727639033
31106,25.92209870164503,0.6905721192586624,560,681,1241,0.0008058017727639033,0.0008333472224570926,0.6862207896857356,0.0008863819500402936
31107,25.922932048867484,0.6897663174858985,560,681,1241,-0.0008058017727639033,0.0008333472224535399,0.6868654311039467,0.0006446414182111227
31108,25.923765396089937,0.693795326349718,560,681,1241,0.0040290088638195165,0.0008333472224535399,0.6876712328767106,0.0008058017727639033
31109,25.92459874331239,0.6921837228041902,560,681,1241,-0.0016116035455278066,0.0008333472224535399,0.6883964544721981,0.000725221595487513
31110,25.925432090534844,0.6905721192586624,560,681,1241,-0.0016116035455278066,0.0008333472224535399,0.6891216760676856,0.000725221595487513
31111,25.926265437757298,0.6905721192586624,560,681,1241,0.0,0.0008333472224535399,0.6897663174858967,0.0006446414182111227
31112,25.92709878497975,0.6913779210314263,560,681,1241,0.0008058017727639033,0.0008333472224535399,0.6903303787268315,0.0005640612409347323
31113,25.927932132202205,0.6905721192586624,560,681,1241,-0.0008058017727639033,0.0008333472224535399,0.6907332796132134,0.00040290088638195165
31114,25.92876547942466,0.6921837228041902,560,681,1241,0.0016116035455278066,0.0008333472224535399,0.6911361804995952,0.00040290088638195165
31115,25.929598826647112,0.6913779210314263,560,681,1241,-0.0008058017727639033,0.0008333472224535399,0.6912973408541481,0.00016116035455278067
31116,25.930432173869566,0.6905721192586624,560,681,1241,-0.0008058017727639033,0.0008333472224535399,0.6912973408541481,0.0
31117,25.93126552109202,0.6905721192586624,560,681,1241,0.0,0.0008333472224535399,0.6913779210314244,8.058017727639034e-05
31118,25.932098868314473,0.6921837228041902,560,681,1241,0.0016116035455278066,0.0008333472224535399,0.6912167606768717,-0.00016116035455278067
31119,25.932932215536926,0.6921837228041902,560,681,1241,0.0,0.0008333472224535399,0.6912167606768717,0.0
31120,25.93376556275938,0.6929895245769541,560,681,1241,0.0008058017727639033,0.0008333472224535399,0.6914585012087009,0.00024174053182917098
31121,25.934598909981833,0.6921837228041902,560,681,1241,-0.0008058017727639033,0.0008333472224535399,0.6916196615632536,0.00016116035455278067
31122,25.935432257204287,0.6921837228041902,560,681,1241,0.0,0.0008333472224535399,0.69170024174053,8.058017727639034e-05
31123,25.93626560442674,0.6921837228041902,560,681,1241,0.0,0.0008333472224535399,0.6918614020950827,0.00016116035455278067
31124,25.937098951649194,0.6905721192586624,560,681,1241,-0.0016116035455278066,0.0008333472224535399,0.69170024174053,-0.00016116035455278067
31125,25.937932298871647,0.6921837228041902,560,681,1241,0.0016116035455278066,0.0008333472224535399,0.6917808219178063,8.058017727639034e-05
31126,25.9387656460941,0.6913779210314263,560,681,1241,-0.0008058017727639033,0.0008333472224535399,0.6918614020950827,8.058017727639034e-05
31127,25.939598993316558,0.6905721192586624,560,681,1241,-0.0008058017727639033,0.0008333472224570926,0.6918614020950827,0.0
31128,25.94043234053901,0.6897663174858985,560,681,1241,-0.0008058017727639033,0.0008333472224535399,0.6916196615632536,-0.00024174053182917098
31129,25.941265687761465,0.6897663174858985,560,681,1241,0.0,0.0008333472224535399,0.6913779210314245,-0.00024174053182917098
31130,25.94209903498392,0.6905721192586624,560,681,1241,0.0008058017727639033,0.0008333472224535399,0.6911361804995952,-0.00024174053182917098
31131,25.942932382206372,0.6897663174858985,560,681,1241,-0.0008058017727639033,0.0008333472224535399,0.6908944399677661,-0.00024174053182917098
31132,25.943765729428826,0.6929895245769541,560,681,1241,0.003223207091055613,0.0008333472224535399,0.6909750201450426,8.058017727639034e-05
31133,25.94459907665128,0.6929895245769541,560,681,1241,0.0,0.0008333472224535399,0.691055600322319,8.058017727639034e-05
31134,25.945432423873733,0.6921837228041902,560,681,1241,-0.0008058017727639033,0.0008333472224535399,0.6912167606768718,0.00016116035455278067
31135,25.946265771096186,0.6913779210314263,560,681,1241,-0.0008058017727639033,0.0008333472224535399,0.6911361804995955,-8.058017727639034e-05
31136,25.94709911831864,0.6913779210314263,560,681,1241,0.0,0.0008333472224535399,0.6911361804995955,0.0
31137,25.947932465541093,0.6905721192586624,560,681,1241,-0.0008058017727639033,0.0008333472224535399,0.6911361804995955,0.0
31138,25.948765812763547,0.6889605157131345,560,681,1241,-0.0016116035455278066,0.0008333472224535399,0.691055600322319,-8.058017727639034e-05
31139,25.949599159986,0.6905721192586624,560,681,1241,0.0016116035455278066,0.0008333472224535399,0.6911361804995954,8.058017727639034e-05
31140,25.950432507208454,0.6921837228041902,560,681,1241,0.0016116035455278066,0.0008333472224535399,0.6912973408541482,0.00016116035455278067
31141,25.951265854430908,0.6921837228041902,560,681,1241,0.0,0.0008333472224535399,0.6915390813859773,0.00024174053182917098
31142,25.95209920165336,0.6946011281224819,560,681,1241,0.00241740531829171,0.0008333472224535399,0.69170024174053,0.00016116035455278067
31143,25.952932548875815,0.6929895245769541,560,681,1241,-0.0016116035455278066,0.0008333472224535399,0.69170024174053,0.0
31144,25.95376589609827,0.6921837228041902,560,681,1241,-0.0008058017727639033,0.0008333472224535399,0.69170024174053,0.0
31145,25.95459924332072,0.6913779210314263,560,681,1241,-0.0008058017727639033,0.0008333472224535399,0.69170024174053,0.0
31146,25.955432590543175,0.6921837228041902,560,681,1241,0.0008058017727639033,0.0008333472224535399,0.6917808219178064,8.058017727639034e-05
31147,25.95626593776563,0.6929895245769541,560,681,1241,0.0008058017727639033,0.0008333472224535399,0.6920225624496357,0.00024174053182917098
31148,25.957099284988086,0.6921837228041902,560,681,1241,-0.0008058017727639033,0.0008333472224570926,0.6923448831587412,0.00032232070910556134
31149,25.95793263221054,0.6929895245769541,560,681,1241,0.0008058017727639033,0.0008333472224535399,0.6925866236905704,0.00024174053182917098
31150,25.958765979432993,0.6946011281224819,560,681,1241,0.0016116035455278066,0.0008333472224535399,0.6928283642223996,0.00024174053182917098
31151,25.959599326655447,0.6946011281224819,560,681,1241,0.0,0.0008333472224535399,0.6930701047542288,0.00024174053182917098
31152,25.9604326738779,0.6929895245769541,560,681,1241,-0.0016116035455278066,0.0008333472224535399,0.6929089443996761,-0.00016116035455278067
31153,25.961266021100354,0.693795326349718,560,681,1241,0.0008058017727639033,0.0008333472224535399,0.6929895245769524,8.058017727639034e-05
31154,25.962099368322807,0.6929895245769541,560,681,1241,-0.0008058017727639033,0.0008333472224535399,0.6930701047542288,8.058017727639034e-05
31155,25.96293271554526,0.6913779210314263,560,681,1241,-0.0016116035455278066,0.0008333472224535399,0.6930701047542288,0.0
31156,25.963766062767714,0.6905721192586624,560,681,1241,-0.0008058017727639033,0.0008333472224535399,0.6929089443996761,-0.00016116035455278067
31157,25.964599409990168,0.6913779210314263,560,681,1241,0.0008058017727639033,0.0008333472224535399,0.6927477840451233,-0.00016116035455278067
31158,25.96543275721262,0.6905721192586624,560,681,1241,-0.0008058017727639033,0.0008333472224535399,0.6925866236905704,-0.00016116035455278067
31159,25.966266104435075,0.6897663174858985,560,681,1241,-0.0008058017727639033,0.0008333472224535399,0.6922643029814649,-0.00032232070910556134
31160,25.96709945165753,0.6881547139403706,560,681,1241,-0.0016116035455278066,0.0008333472224535399,0.6916196615632538,-0.0006446414182111227
31161,25.967932798879982,0.6881547139403706,560,681,1241,0.0,0.0008333472224535399,0.6909750201450426,-0.0006446414182111227
31162,25.968766146102435,0.6881547139403706,560,681,1241,0.0,0.0008333472224535399,0.6904915390813844,-0.00048348106365834196
31163,25.96959949332489,0.6873489121676067,560,681,1241,-0.0008058017727639033,0.0008333472224535399,0.6898468976631732,-0.0006446414182111227
31164,25.970432840547343,0.6897663174858985,560,681,1241,0.00241740531829171,0.0008333472224535399,0.6895245769540677,-0.00032232070910556134
31165,25.971266187769796,0.6889605157131345,560,681,1241,-0.0008058017727639033,0.0008333472224535399,0.6892828364222384,-0.00024174053182917098
31166,25.97209953499225,0.6873489121676067,560,681,1241,-0.0016116035455278066,0.0008333472224535399,0.6889605157131329,-0.00032232070910556134
31167,25.972932882214703,0.6889605157131345,560,681,1241,0.0016116035455278066,0.0008333472224535399,0.6887187751813036,-0.00024174053182917098
31168,25.973766229437157,0.6881547139403706,560,681,1241,-0.0008058017727639033,0.0008333472224535399,0.6884770346494745,-0.00024174053182917098
31169,25.974599576659614,0.6873489121676067,560,681,1241,-0.0008058017727639033,0.0008333472224570926,0.6882352941176453,-0.00024174053182917098
31170,25.975432923882067,0.6873489121676067,560,681,1241,0.0,0.0008333472224535399,0.6881547139403689,-8.058017727639034e-05
31171,25.97626627110452,0.6873489121676067,560,681,1241,0.0,0.0008333472224535399,0.6880741337630925,-8.058017727639034e-05
31172,25.977099618326974,0.6881547139403706,560,681,1241,0.0008058017727639033,0.0008333472224535399,0.6880741337630925,0.0
31173,25.977932965549428,0.6881547139403706,560,681,1241,0.0,0.0008333472224535399,0.6881547139403689,8.058017727639034e-05
31174,25.97876631277188,0.6873489121676067,560,681,1241,-0.0008058017727639033,0.0008333472224535399,0.6879129734085396,-0.00024174053182917098
31175,25.979599659994335,0.6873489121676067,560,681,1241,0.0,0.0008333472224535399,0.6877518130539869,-0.00016116035455278067
31176,25.98043300721679,0.6865431103948428,560,681,1241,-0.0008058017727639033,0.0008333472224535399,0.6876712328767105,-8.058017727639034e-05
31177,25.981266354439242,0.6865431103948428,560,681,1241,0.0,0.0008333472224535399,0.6874294923448814,-0.00024174053182917098
31178,25.982099701661696,0.6865431103948428,560,681,1241,0.0,0.0008333472224535399,0.6872683319903287,-0.00016116035455278067
31179,25.98293304888415,0.6865431103948428,560,681,1241,0.0,0.0008333472224535399,0.6871877518130522,-8.058017727639034e-05
31180,25.983766396106603,0.6865431103948428,560,681,1241,0.0,0.0008333472224535399,0.687107171635776,-8.058017727639034e-05
31181,25.984599743329056,0.6857373086220789,560,681,1241,-0.0008058017727639033,0.0008333472224535399,0.6869460112812231,-0.00016116035455278067
31182,25.98543309055151,0.6857373086220789,560,681,1241,0.0,0.0008333472224535399,0.686704270749394,-0.00024174053182917098
31183,25.986266437773963,0.684931506849315,560,681,1241,-0.0008058017727639033,0.0008333472224535399,0.6863819500402883,-0.00032232070910556134
31184,25.987099784996417,0.6833199033037872,560,681,1241,-0.0016116035455278066,0.0008333472224535399,0.6859790491539065,-0.00040290088638195165
31185,25.98793313221887,0.6817082997582594,560,681,1241,-0.0016116035455278066,0.0008333472224535399,0.6854149879129718,-0.0005640612409347323
31186,25.988766479441324,0.6825141015310233,560,681,1241,0.0008058017727639033,0.0008333472224535399,0.6850120870265898,-0.00040290088638195165
31187,25.989599826663778,0.6825141015310233,560,681,1241,0.0,0.0008333472224535399,0.6846091861402078,-0.00040290088638195165
31188,25.99043317388623,0.6833199033037872,560,681,1241,0.0008058017727639033,0.0008333472224535399,0.6842868654311023,-0.00032232070910556134
31189,25.991266521108685,0.6841257050765511,560,681,1241,0.0008058017727639033,0.0008333472224535399,0.684045124899273,-0.00024174053182917098
31190,25.99209986833114,0.6857373086220789,560,681,1241,0.0016116035455278066,0.0008333472224570926,0.6839645447219966,-8.058017727639034e-05
31191,25.992933215553595,0.6857373086220789,560,681,1241,0.0,0.0008333472224535399,0.6839645447219966,0.0
31192,25.99376656277605,0.684931506849315,560,681,1241,-0.0008058017727639033,0.0008333472224535399,0.6838839645447202,-8.058017727639034e-05
31193,25.994599909998502,0.6841257050765511,560,681,1241,-0.0008058017727639033,0.0008333472224535399,0.6838033843674438,-8.058017727639034e-05
31194,25.995433257220956,0.6841257050765511,560,681,1241,0.0,0.0008333472224535399,0.6838839645447201,8.058017727639034e-05
31195,25.99626660444341,0.684931506849315,560,681,1241,0.0008058017727639033,0.0008333472224535399,0.6842062852538258,0.00032232070910556134
31196,25.997099951665863,0.6825141015310233,560,681,1241,-0.00241740531829171,0.0008333472224535399,0.6842062852538258,0.0
31197,25.997933298888317,0.6817082997582594,560,681,1241,-0.0008058017727639033,0.0008333472224535399,0.6841257050765494,-8.058017727639034e-05
31198,25.99876664611077,0.6817082997582594,560,681,1241,0.0,0.0008333472224535399,0.6839645447219966,-0.00016116035455278067
31199,25.999599993333224,0.6800966962127317,560,681,1241,-0.0016116035455276956,0.0008333472224535399,0.6835616438356147,-0.00040290088638194054
31200,26.000433340555677,0.6784850926672039,560,681,1241,-0.0016116035455278066,0.0008333472224535399,0.6828364222401272,-0.0007252215954875018
31201,26.00126668777813,0.6784850926672039,560,681,1241,0.0,0.0008333472224535399,0.6821112006446397,-0.0007252215954875018
31202,26.002100035000584,0.6784850926672039,560,681,1241,0.0,0.0008333472224535399,0.6814665592264286,-0.0006446414182111115
31203,26.002933382223038,0.6809024979854955,560,681,1241,0.002417405318291599,0.0008333472224535399,0.6811442385173231,-0.00032232070910556134
31204,26.00376672944549,0.6817082997582594,560,681,1241,0.0008058017727639033,0.0008333472224535399,0.680902497985494,-0.00024174053182917098
31205,26.004600076667945,0.6825141015310233,560,681,1241,0.0008058017727639033,0.0008333472224535399,0.6806607574536647,-0.00024174053182917098
31206,26.0054334238904,0.6817082997582594,560,681,1241,-0.0008058017727639033,0.0008333472224535399,0.6805801772763884,-8.058017727639034e-05
31207,26.006266771112852,0.6800966962127317,560,681,1241,-0.0016116035455276956,0.0008333472224535399,0.6804190169218356,-0.00016116035455276956
31208,26.007100118335305,0.6792908944399678,560,681,1241,-0.0008058017727639033,0.0008333472224535399,0.6801772763900065,-0.0002417405318291599
31209,26.00793346555776,0.6809024979854955,560,681,1241,0.0016116035455276956,0.0008333472224535399,0.6802578565672828,8.058017727637922e-05
31210,26.008766812780213,0.6784850926672039,560,681,1241,-0.002417405318291599,0.0008333472224535399,0.6802578565672828,0.0
31211,26.009600160002666,0.6792908944399678,560,681,1241,0.0008058017727639033,0.0008333472224535399,0.6803384367445592,8.058017727639034e-05
31212,26.010433507225123,0.6784850926672039,560,681,1241,-0.0008058017727639033,0.0008333472224570926,0.6803384367445592,0.0
31213,26.011266854447577,0.6784850926672039,560,681,1241,0.0,0.0008333472224535399,0.6800966962127301,-0.0002417405318291599
31214,26.01210020167003,0.6809024979854955,560,681,1241,0.002417405318291599,0.0008333472224535399,0.6800161160354536,-8.058017727639034e-05
31215,26.012933548892484,0.6833199033037872,560,681,1241,0.00241740531829171,0.0008333472224535399,0.6800966962127301,8.058017727639034e-05
31216,26.013766896114937,0.6825141015310233,560,681,1241,-0.0008058017727639033,0.0008333472224535399,0.6801772763900064,8.058017727639034e-05
31217,26.01460024333739,0.6841257050765511,560,681,1241,0.0016116035455278066,0.0008333472224535399,0.6805801772763883,0.00040290088638194054
31218,26.015433590559844,0.6841257050765511,560,681,1241,0.0,0.0008333472224535399,0.6810636583400467,0.0004834810636583309
31219,26.016266937782298,0.6841257050765511,560,681,1241,0.0,0.0008333472224535399,0.6813859790491522,0.00032232070910556134
31220,26.01710028500475,0.6833199033037872,560,681,1241,-0.0008058017727639033,0.0008333472224535399,0.6818694601128106,0.0004834810636583309
31221,26.017933632227205,0.6841257050765511,560,681,1241,0.0008058017727639033,0.0008333472224535399,0.6823529411764688,0.0004834810636583309
31222,26.01876697944966,0.684931506849315,560,681,1241,0.0008058017727639033,0.0008333472224535399,0.68299758259468,0.0006446414182111115
31223,26.019600326672112,0.6841257050765511,560,681,1241,-0.0008058017727639033,0.0008333472224535399,0.6835616438356147,0.0005640612409347212
31224,26.020433673894566,0.6833199033037872,560,681,1241,-0.0008058017727639033,0.0008333472224535399,0.6838033843674439,0.00024174053182917098
31225,26.02126702111702,0.6833199033037872,560,681,1241,0.0,0.0008333472224535399,0.6838033843674439,0.0
31226,26.022100368339473,0.6841257050765511,560,681,1241,0.0008058017727639033,0.0008333472224535399,0.6839645447219966,0.00016116035455278067
31227,26.022933715561926,0.684931506849315,560,681,1241,0.0008058017727639033,0.0008333472224535399,0.6840451248992732,8.058017727639034e-05
31228,26.02376706278438,0.6857373086220789,560,681,1241,0.0008058017727639033,0.0008333472224535399,0.6842062852538259,0.00016116035455278067
31229,26.024600410006833,0.684931506849315,560,681,1241,-0.0008058017727639033,0.0008333472224535399,0.6842868654311023,8.058017727639034e-05
31230,26.025433757229287,0.6857373086220789,560,681,1241,0.0008058017727639033,0.0008333472224535399,0.6845286059629314,0.00024174053182917098
31231,26.02626710445174,0.684931506849315,560,681,1241,-0.0008058017727639033,0.0008333472224535399,0.6846091861402079,8.058017727639034e-05
31232,26.027100451674194,0.684931506849315,560,681,1241,0.0,0.0008333472224535399,0.6846091861402079,0.0
31233,26.02793379889665,0.6841257050765511,560,681,1241,-0.0008058017727639033,0.0008333472224570926,0.6846091861402079,0.0
31234,26.028767146119105,0.6809024979854955,560,681,1241,-0.003223207091055613,0.0008333472224535399,0.6843674456083787,-0.00024174053182917098
31235,26.029600493341558,0.6817082997582594,560,681,1241,0.0008058017727639033,0.0008333472224535399,0.6842062852538259,-0.00016116035455278067
31236,26.03043384056401,0.6792908944399678,560,681,1241,-0.002417405318291599,0.0008333472224535399,0.6837228041901675,-0.0004834810636583309
31237,26.031267187786465,0.67767929089444,560,681,1241,-0.0016116035455278066,0.0008333472224535399,0.68299758259468,-0.0007252215954875018
31238,26.03210053500892,0.6768734891216761,560,681,1241,-0.0008058017727639033,0.0008333472224535399,0.6821112006446397,-0.0008863819500402826
31239,26.032933882231372,0.6752618855761483,560,681,1241,-0.0016116035455278066,0.0008333472224535399,0.6811442385173231,-0.0009669621273166729
31240,26.033767229453826,0.6736502820306205,560,681,1241,-0.0016116035455278066,0.0008333472224535399,0.6799355358581772,-0.001208702659145844
31241,26.03460057667628,0.6744560838033844,560,681,1241,0.0008058017727639033,0.0008333472224535399,0.6788879935535842,-0.0010475423045930633
31242,26.035433923898733,0.6736502820306205,560,681,1241,-0.0008058017727639033,0.0008333472224535399,0.6777598710717148,-0.0011281224818694535
31243,26.036267271121186,0.6744560838033844,560,681,1241,0.0008058017727639033,0.0008333472224535399,0.676792908944398,-0.0009669621273166729
31244,26.03710061834364,0.6752618855761483,560,681,1241,0.0008058017727639033,0.0008333472224535399,0.6762288477034634,-0.0005640612409347212
31245,26.037933965566094,0.6760676873489122,560,681,1241,0.0008058017727639033,0.0008333472224535399,0.6756647864625286,-0.0005640612409347212
31246,26.038767312788547,0.6768734891216761,560,681,1241,0.0008058017727639033,0.0008333472224535399,0.6754230459306994,-0.00024174053182917098
31247,26.039600660011,0.67767929089444,560,681,1241,0.0008058017727639033,0.0008333472224535399,0.6754230459306994,0.0
31248,26.040434007233454,0.6768734891216761,560,681,1241,-0.0008058017727639033,0.0008333472224535399,0.6754230459306994,0.0
31249,26.041267354455908,0.67767929089444,560,681,1241,0.0008058017727639033,0.0008333472224535399,0.6756647864625286,0.00024174053182917098
31250,26.04210070167836,0.6752618855761483,560,681,1241,-0.00241740531829171,0.0008333472224535399,0.6758259468170814,0.00016116035455278067
31251,26.042934048900815,0.6752618855761483,560,681,1241,0.0,0.0008333472224535399,0.6759065269943578,8.058017727639034e-05
31252,26.04376739612327,0.6744560838033844,560,681,1241,-0.0008058017727639033,0.0008333472224535399,0.6759871071716342,8.058017727639034e-05
31253,26.044600743345722,0.6744560838033844,560,681,1241,0.0,0.0008333472224535399,0.6759871071716341,0.0
31254,26.04543409056818,0.6728444802578566,560,681,1241,-0.0016116035455278066,0.0008333472224570926,0.675745366639805,-0.00024174053182917098
31255,26.046267437790632,0.6720386784850927,560,681,1241,-0.0008058017727639033,0.0008333472224535399,0.675342465753423,-0.00040290088638195165
31256,26.047100785013086,0.6728444802578566,560,681,1241,0.0008058017727639033,0.0008333472224535399,0.6749395648670411,-0.00040290088638195165
31257,26.04793413223554,0.6712328767123288,560,681,1241,-0.0016116035455278066,0.0008333472224535399,0.6742949234488298,-0.0006446414182111227
31258,26.048767479457993,0.6704270749395649,560,681,1241,-0.0008058017727639033,0.0008333472224535399,0.6736502820306187,-0.0006446414182111227
31259,26.049600826680447,0.6704270749395649,560,681,1241,0.0,0.0008333472224535399,0.6729250604351312,-0.000725221595487513
31260,26.0504341739029,0.669621273166801,560,681,1241,-0.0008058017727639033,0.0008333472224535399,0.6723609991941965,-0.0005640612409347323
31261,26.051267521125354,0.6712328767123288,560,681,1241,0.0016116035455278066,0.0008333472224535399,0.6719580983078146,-0.00040290088638195165
31262,26.052100868347807,0.6704270749395649,560,681,1241,-0.0008058017727639033,0.0008333472224535399,0.6715551974214327,-0.00040290088638195165
31263,26.05293421557026,0.669621273166801,560,681,1241,-0.0008058017727639033,0.0008333472224535399,0.6710717163577742,-0.00048348106365834196
31264,26.053767562792714,0.6704270749395649,560,681,1241,0.0008058017727639033,0.0008333472224535399,0.6708299758259451,-0.00024174053182917098
31265,26.054600910015168,0.669621273166801,560,681,1241,-0.0008058017727639033,0.0008333472224535399,0.6705882352941158,-0.00024174053182917098
31266,26.05543425723762,0.6704270749395649,560,681,1241,0.0008058017727639033,0.0008333472224535399,0.6703464947622866,-0.00024174053182917098
31267,26.056267604460075,0.6704270749395649,560,681,1241,0.0,0.0008333472224535399,0.6702659145850103,-8.058017727639034e-05
31268,26.05710095168253,0.6712328767123288,560,681,1241,0.0008058017727639033,0.0008333472224535399,0.6703464947622867,8.058017727639034e-05
31269,26.057934298904982,0.6720386784850927,560,681,1241,0.0008058017727639033,0.0008333472224535399,0.6705076551168394,0.00016116035455278067
31270,26.058767646127436,0.6728444802578566,560,681,1241,0.0008058017727639033,0.0008333472224535399,0.6708299758259451,0.00032232070910556134
31271,26.05960099334989,0.6728444802578566,560,681,1241,0.0,0.0008333472224535399,0.6709911361804977,0.00016116035455278067
31272,26.060434340572343,0.6720386784850927,560,681,1241,-0.0008058017727639033,0.0008333472224535399,0.6711522965350505,0.00016116035455278067
31273,26.061267687794796,0.6728444802578566,560,681,1241,0.0008058017727639033,0.0008333472224535399,0.6714746172441561,0.00032232070910556134
31274,26.06210103501725,0.6720386784850927,560,681,1241,-0.0008058017727639033,0.0008333472224535399,0.671635777598709,0.00016116035455278067
31275,26.062934382239707,0.6720386784850927,560,681,1241,0.0,0.0008333472224570926,0.6718775181305381,0.00024174053182917098
31276,26.06376772946216,0.6712328767123288,560,681,1241,-0.0008058017727639033,0.0008333472224535399,0.6719580983078145,8.058017727639034e-05
31277,26.064601076684614,0.6720386784850927,560,681,1241,0.0008058017727639033,0.0008333472224535399,0.6721192586623672,0.00016116035455278067
31278,26.065434423907067,0.6736502820306205,560,681,1241,0.0016116035455278066,0.0008333472224535399,0.6723609991941965,0.00024174053182917098
31279,26.06626777112952,0.6728444802578566,560,681,1241,-0.0008058017727639033,0.0008333472224535399,0.6724415793714729,8.058017727639034e-05
31280,26.067101118351975,0.6728444802578566,560,681,1241,0.0,0.0008333472224535399,0.6724415793714729,0.0
31281,26.067934465574428,0.6728444802578566,560,681,1241,0.0,0.0008333472224535399,0.6724415793714729,0.0
31282,26.06876781279688,0.6736502820306205,560,681,1241,0.0008058017727639033,0.0008333472224535399,0.6726027397260256,0.00016116035455278067
31283,26.069601160019335,0.6728444802578566,560,681,1241,-0.0008058017727639033,0.0008333472224535399,0.6726027397260257,0.0
31284,26.07043450724179,0.6712328767123288,560,681,1241,-0.0016116035455278066,0.0008333472224535399,0.6725221595487494,-8.058017727639034e-05
31285,26.071267854464242,0.6712328767123288,560,681,1241,0.0,0.0008333472224535399,0.672441579371473,-8.058017727639034e-05
31286,26.072101201686696,0.6720386784850927,560,681,1241,0.0008058017727639033,0.0008333472224535399,0.6725221595487494,8.058017727639034e-05
31287,26.07293454890915,0.6720386784850927,560,681,1241,0.0,0.0008333472224535399,0.6725221595487494,0.0
31288,26.073767896131603,0.6720386784850927,560,681,1241,0.0,0.0008333472224535399,0.6723609991941966,-0.00016116035455278067
31289,26.074601243354056,0.6728444802578566,560,681,1241,0.0008058017727639033,0.0008333472224535399,0.6723609991941967,0.0
31290,26.07543459057651,0.6728444802578566,560,681,1241,0.0,0.0008333472224535399,0.6723609991941967,0.0
31291,26.076267937798963,0.6728444802578566,560,681,1241,0.0,0.0008333472224535399,0.6723609991941967,0.0
31292,26.077101285021417,0.669621273166801,560,681,1241,-0.003223207091055613,0.0008333472224535399,0.6719580983078146,-0.00040290088638195165
31293,26.07793463224387,0.6688154713940371,560,681,1241,-0.0008058017727639033,0.0008333472224535399,0.6715551974214327,-0.00040290088638195165
31294,26.078767979466324,0.669621273166801,560,681,1241,0.0008058017727639033,0.0008333472224535399,0.6713940370668798,-0.00016116035455278067
31295,26.079601326688778,0.6688154713940371,560,681,1241,-0.0008058017727639033,0.0008333472224535399,0.6711522965350506,-0.00024174053182917098
31296,26.080434673911235,0.6688154713940371,560,681,1241,0.0,0.0008333472224570926,0.6708299758259451,-0.00032232070910556134
31297,26.08126802113369,0.6672038678485093,560,681,1241,-0.0016116035455278066,0.0008333472224535399,0.6703464947622867,-0.00048348106365834196
31298,26.082101368356142,0.669621273166801,560,681,1241,0.00241740531829171,0.0008333472224535399,0.6701047542304576,-0.00024174053182917098
31299,26.082934715578595,0.669621273166801,560,681,1241,0.0,0.0008333472224535399,0.669782433521352,-0.00032232070910556134
31300,26.08376806280105,0.669621273166801,560,681,1241,0.0,0.0008333472224535399,0.6694601128122464,-0.00032232070910556134
31301,26.084601410023502,0.669621273166801,560,681,1241,0.0,0.0008333472224535399,0.6691377921031408,-0.00032232070910556134
31302,26.085434757245956,0.6688154713940371,560,681,1241,-0.0008058017727639033,0.0008333472224535399,0.6690572119258645,-8.058017727639034e-05
31303,26.08626810446841,0.6688154713940371,560,681,1241,0.0,0.0008333472224535399,0.6690572119258645,0.0
31304,26.087101451690863,0.669621273166801,560,681,1241,0.0008058017727639033,0.0008333472224535399,0.6690572119258645,0.0
31305,26.087934798913317,0.6688154713940371,560,681,1241,-0.0008058017727639033,0.0008333472224535399,0.6690572119258645,0.0
31306,26.08876814613577,0.6688154713940371,560,681,1241,0.0,0.0008333472224535399,0.6690572119258645,0.0
31307,26.089601493358224,0.6672038678485093,560,681,1241,-0.0016116035455278066,0.0008333472224535399,0.6690572119258645,0.0
31308,26.090434840580677,0.6704270749395649,560,681,1241,0.003223207091055613,0.0008333472224535399,0.6691377921031408,8.058017727639034e-05
31309,26.09126818780313,0.6704270749395649,560,681,1241,0.0,0.0008333472224535399,0.6692183722804173,8.058017727639034e-05
31310,26.092101535025584,0.669621273166801,560,681,1241,-0.0008058017727639033,0.0008333472224535399,0.6692183722804173,0.0
31311,26.092934882248038,0.669621273166801,560,681,1241,0.0,0.0008333472224535399,0.6692183722804173,0.0
31312,26.09376822947049,0.6688154713940371,560,681,1241,-0.0008058017727639033,0.0008333472224535399,0.6692183722804173,0.0
31313,26.094601576692945,0.6680096696212732,560,681,1241,-0.0008058017727639033,0.0008333472224535399,0.6691377921031408,-8.058017727639034e-05
31314,26.0954349239154,0.6680096696212732,560,681,1241,0.0,0.0008333472224535399,0.6689766317485881,-0.00016116035455278067
31315,26.096268271137852,0.6680096696212732,560,681,1241,0.0,0.0008333472224535399,0.6688960515713118,-8.058017727639034e-05
31316,26.097101618360306,0.669621273166801,560,681,1241,0.0016116035455278066,0.0008333472224535399,0.6689766317485881,8.058017727639034e-05
31317,26.09793496558276,0.6712328767123288,560,681,1241,0.0016116035455278066,0.0008333472224535399,0.6693795326349702,0.00040290088638195165
31318,26.098768312805216,0.6704270749395649,560,681,1241,-0.0008058017727639033,0.0008333472224570926,0.6693795326349702,0.0
31319,26.09960166002767,0.6712328767123288,560,681,1241,0.0008058017727639033,0.0008333472224535399,0.6694601128122465,8.058017727639034e-05
31320,26.100435007250123,0.6712328767123288,560,681,1241,0.0,0.0008333472224535399,0.6696212731667993,0.00016116035455278067
31321,26.101268354472577,0.6720386784850927,560,681,1241,0.0008058017727639033,0.0008333472224535399,0.6698630136986286,0.00024174053182917098
31322,26.10210170169503,0.6712328767123288,560,681,1241,-0.0008058017727639033,0.0008333472224535399,0.6701047542304577,0.00024174053182917098
31323,26.102935048917484,0.6712328767123288,560,681,1241,0.0,0.0008333472224535399,0.6704270749395633,0.00032232070910556134
31324,26.103768396139937,0.6720386784850927,560,681,1241,0.0008058017727639033,0.0008333472224535399,0.6708299758259452,0.00040290088638195165
31325,26.10460174336239,0.6736502820306205,560,681,1241,0.0016116035455278066,0.0008333472224535399,0.67139403706688,0.0005640612409347323
31326,26.105435090584844,0.6720386784850927,560,681,1241,-0.0016116035455278066,0.0008333472224535399,0.6716357775987092,0.00024174053182917098
31327,26.106268437807298,0.6720386784850927,560,681,1241,0.0,0.0008333472224535399,0.6717163577759855,8.058017727639034e-05
31328,26.10710178502975,0.6728444802578566,560,681,1241,0.0008058017727639033,0.0008333472224535399,0.6719580983078146,0.00024174053182917098
31329,26.107935132252205,0.6704270749395649,560,681,1241,-0.00241740531829171,0.0008333472224535399,0.6718775181305382,-8.058017727639034e-05
31330,26.10876847947466,0.6720386784850927,560,681,1241,0.0016116035455278066,0.0008333472224535399,0.6719580983078146,8.058017727639034e-05
31331,26.109601826697112,0.6712328767123288,560,681,1241,-0.0008058017727639033,0.0008333472224535399,0.6718775181305382,-8.058017727639034e-05
31332,26.110435173919566,0.669621273166801,560,681,1241,-0.0016116035455278066,0.0008333472224535399,0.6717163577759854,-0.00016116035455278067
31333,26.11126852114202,0.6688154713940371,560,681,1241,-0.0008058017727639033,0.0008333472224535399,0.6714746172441561,-0.00024174053182917098
31334,26.112101868364473,0.6688154713940371,560,681,1241,0.0,0.0008333472224535399,0.6711522965350506,-0.00032232070910556134
31335,26.112935215586926,0.669621273166801,560,681,1241,0.0008058017727639033,0.0008333472224535399,0.6707493956486685,-0.00040290088638195165
31336,26.11376856280938,0.669621273166801,560,681,1241,0.0,0.0008333472224535399,0.6705076551168394,-0.00024174053182917098
31337,26.114601910031833,0.669621273166801,560,681,1241,0.0,0.0008333472224535399,0.6702659145850103,-0.00024174053182917098
31338,26.115435257254287,0.6704270749395649,560,681,1241,0.0008058017727639033,0.0008333472224535399,0.670024174053181,-0.00024174053182917098
31339,26.116268604476744,0.6704270749395649,560,681,1241,0.0,0.0008333472224570926,0.670024174053181,0.0
31340,26.117101951699198,0.6720386784850927,560,681,1241,0.0016116035455278066,0.0008333472224535399,0.670024174053181,0.0
31341,26.11793529892165,0.6712328767123288,560,681,1241,-0.0008058017727639033,0.0008333472224535399,0.670024174053181,0.0
31342,26.118768646144105,0.6704270749395649,560,681,1241,-0.0008058017727639033,0.0008333472224535399,0.6701047542304573,8.058017727639034e-05
31343,26.119601993366558,0.6704270749395649,560,681,1241,0.0,0.0008333472224535399,0.6702659145850102,0.00016116035455278067
31344,26.12043534058901,0.6704270749395649,560,681,1241,0.0,0.0008333472224535399,0.6704270749395629,0.00016116035455278067
31345,26.121268687811465,0.6712328767123288,560,681,1241,0.0008058017727639033,0.0008333472224535399,0.6705882352941158,0.00016116035455278067
31346,26.12210203503392,0.6712328767123288,560,681,1241,0.0,0.0008333472224535399,0.6707493956486686,0.00016116035455278067
31347,26.122935382256372,0.6704270749395649,560,681,1241,-0.0008058017727639033,0.0008333472224535399,0.6708299758259451,8.058017727639034e-05
31348,26.123768729478826,0.6728444802578566,560,681,1241,0.00241740531829171,0.0008333472224535399,0.6710717163577742,0.00024174053182917098
31349,26.12460207670128,0.6752618855761483,560,681,1241,0.00241740531829171,0.0008333472224535399,0.6715551974214324,0.00048348106365834196
31350,26.125435423923733,0.6784850926672039,560,681,1241,0.003223207091055613,0.0008333472224535399,0.6721998388396436,0.0006446414182111227
31351,26.126268771146187,0.6784850926672039,560,681,1241,0.0,0.0008333472224535399,0.6729250604351311,0.000725221595487513
31352,26.12710211836864,0.6784850926672039,560,681,1241,0.0,0.0008333472224535399,0.673730862207895,0.0008058017727639033
31353,26.127935465591094,0.6809024979854955,560,681,1241,0.002417405318291599,0.0008333472224535399,0.674778404512488,0.0010475423045930633
31354,26.128768812813547,0.6817082997582594,560,681,1241,0.0008058017727639033,0.0008333472224535399,0.6759065269943575,0.0011281224818694535
31355,26.129602160036,0.6817082997582594,560,681,1241,0.0,0.0008333472224535399,0.6769540692989505,0.0010475423045930633
31356,26.130435507258454,0.6800966962127317,560,681,1241,-0.0016116035455276956,0.0008333472224535399,0.6778404512489908,0.0008863819500402936
31357,26.131268854480908,0.6800966962127317,560,681,1241,0.0,0.0008333472224535399,0.6788074133763076,0.0009669621273166839
31358,26.13210220170336,0.6817082997582594,560,681,1241,0.0016116035455276956,0.0008333472224535399,0.6796937953263479,0.0008863819500402826
31359,26.132935548925815,0.6817082997582594,560,681,1241,0.0,0.0008333472224535399,0.680338436744559,0.0006446414182111115
31360,26.133768896148272,0.6817082997582594,560,681,1241,0.0,0.0008333472224570926,0.6806607574536645,0.00032232070910555023
31361,26.134602243370725,0.6800966962127317,560,681,1241,-0.0016116035455276956,0.0008333472224535399,0.6808219178082173,0.00016116035455278067
31362,26.13543559059318,0.6784850926672039,560,681,1241,-0.0016116035455278066,0.0008333472224535399,0.6808219178082173,0.0
31363,26.136268937815633,0.67767929089444,560,681,1241,-0.0008058017727639033,0.0008333472224535399,0.6804995970991118,-0.00032232070910555023
31364,26.137102285038086,0.67767929089444,560,681,1241,0.0,0.0008333472224535399,0.6800966962127297,-0.00040290088638194054
31365,26.13793563226054,0.6768734891216761,560,681,1241,-0.0008058017727639033,0.0008333472224535399,0.6796132151490715,-0.0004834810636583309
31366,26.138768979482993,0.6760676873489122,560,681,1241,-0.0008058017727639033,0.0008333472224535399,0.6792103142626895,-0.00040290088638195165
31367,26.139602326705447,0.6752618855761483,560,681,1241,-0.0008058017727639033,0.0008333472224535399,0.6787268331990312,-0.00048348106365834196
31368,26.1404356739279,0.6744560838033844,560,681,1241,-0.0008058017727639033,0.0008333472224535399,0.6780016116035437,-0.0007252215954875018
31369,26.141269021150354,0.6744560838033844,560,681,1241,0.0,0.0008333472224535399,0.6772763900080563,-0.0007252215954875018
31370,26.142102368372807,0.6744560838033844,560,681,1241,0.0,0.0008333472224535399,0.6765511684125688,-0.0007252215954875018
31371,26.14293571559526,0.6744560838033844,560,681,1241,0.0,0.0008333472224535399,0.6759871071716341,-0.0005640612409347323
31372,26.143769062817714,0.6744560838033844,560,681,1241,0.0,0.0008333472224535399,0.6755842062852521,-0.00040290088638195165
31373,26.144602410040168,0.6760676873489122,560,681,1241,0.0016116035455278066,0.0008333472224535399,0.6754230459306992,-0.00016116035455278067
31374,26.14543575726262,0.6768734891216761,560,681,1241,0.0008058017727639033,0.0008333472224535399,0.6753424657534228,-8.058017727639034e-05
31375,26.146269104485075,0.6768734891216761,560,681,1241,0.0,0.0008333472224535399,0.6753424657534228,0.0
31376,26.14710245170753,0.67767929089444,560,681,1241,0.0008058017727639033,0.0008333472224535399,0.6755036261079758,0.00016116035455278067
31377,26.147935798929982,0.67767929089444,560,681,1241,0.0,0.0008333472224535399,0.675745366639805,0.00024174053182917098
31378,26.148769146152436,0.67767929089444,560,681,1241,0.0,0.0008333472224535399,0.6760676873489105,0.00032232070910556134
31379,26.14960249337489,0.6784850926672039,560,681,1241,0.0008058017727639033,0.0008333472224535399,0.6764705882352924,0.00040290088638195165
31380,26.150435840597343,0.6792908944399678,560,681,1241,0.0008058017727639033,0.0008333472224535399,0.6769540692989506,0.00048348106365834196
31381,26.1512691878198,0.6784850926672039,560,681,1241,-0.0008058017727639033,0.0008333472224570926,0.6773569701853326,0.00040290088638195165
31382,26.152102535042253,0.6768734891216761,560,681,1241,-0.0016116035455278066,0.0008333472224535399,0.6775987107171618,0.00024174053182917098
31383,26.152935882264707,0.6768734891216761,560,681,1241,0.0,0.0008333472224535399,0.6776792908944381,8.058017727639034e-05
31384,26.15376922948716,0.6784850926672039,560,681,1241,0.0016116035455278066,0.0008333472224535399,0.677840451248991,0.00016116035455278067
31385,26.154602576709614,0.6784850926672039,560,681,1241,0.0,0.0008333472224535399,0.6780016116035437,0.00016116035455278067
31386,26.155435923932068,0.67767929089444,560,681,1241,-0.0008058017727639033,0.0008333472224535399,0.6780016116035437,0.0
31387,26.15626927115452,0.6784850926672039,560,681,1241,0.0008058017727639033,0.0008333472224535399,0.6780821917808201,8.058017727639034e-05
31388,26.157102618376975,0.6760676873489122,560,681,1241,-0.00241740531829171,0.0008333472224535399,0.6779210314262671,-0.00016116035455278067
31389,26.157935965599428,0.67767929089444,560,681,1241,0.0016116035455278066,0.0008333472224535399,0.6778404512489908,-8.058017727639034e-05
31390,26.15876931282188,0.6792908944399678,560,681,1241,0.0016116035455278066,0.0008333472224535399,0.6778404512489908,0.0
31391,26.159602660044335,0.6800966962127317,560,681,1241,0.0008058017727639033,0.0008333472224535399,0.6780016116035437,0.00016116035455278067
31392,26.16043600726679,0.6817082997582594,560,681,1241,0.0016116035455276956,0.0008333472224535399,0.6784850926672019,0.0004834810636583309
31393,26.161269354489242,0.6817082997582594,560,681,1241,0.0,0.0008333472224535399,0.6789685737308603,0.0004834810636583309
31394,26.162102701711696,0.6825141015310233,560,681,1241,0.0008058017727639033,0.0008333472224535399,0.6793714746172422,0.00040290088638194054
31395,26.16293604893415,0.6825141015310233,560,681,1241,0.0,0.0008333472224535399,0.6797743755036241,0.00040290088638194054
31396,26.163769396156603,0.6817082997582594,560,681,1241,-0.0008058017727639033,0.0008333472224535399,0.6801772763900061,0.00040290088638194054
31397,26.164602743379056,0.6792908944399678,560,681,1241,-0.002417405318291599,0.0008333472224535399,0.6802578565672824,8.058017727639034e-05
31398,26.16543609060151,0.67767929089444,560,681,1241,-0.0016116035455278066,0.0008333472224535399,0.6804190169218354,0.00016116035455278067
31399,26.166269437823964,0.6792908944399678,560,681,1241,0.0016116035455278066,0.0008333472224535399,0.680580177276388,0.00016116035455278067
31400,26.167102785046417,0.6817082997582594,560,681,1241,0.002417405318291599,0.0008333472224535399,0.6808219178082172,0.0002417405318291599
31401,26.16793613226887,0.6809024979854955,560,681,1241,-0.0008058017727639033,0.0008333472224535399,0.6809024979854936,8.058017727637922e-05
31402,26.168769479491328,0.6817082997582594,560,681,1241,0.0008058017727639033,0.0008333472224570926,0.6809024979854936,0.0
31403,26.16960282671378,0.6817082997582594,560,681,1241,0.0,0.0008333472224535399,0.6809024979854936,0.0
31404,26.170436173936235,0.6809024979854955,560,681,1241,-0.0008058017727639033,0.0008333472224535399,0.6807413376309408,-0.00016116035455278067
31405,26.17126952115869,0.6800966962127317,560,681,1241,-0.0008058017727637923,0.0008333472224535399,0.6804995970991117,-0.0002417405318291599
31406,26.172102868381142,0.6800966962127317,560,681,1241,0.0,0.0008333472224535399,0.6803384367445588,-0.00016116035455276956
31407,26.172936215603595,0.6817082997582594,560,681,1241,0.0016116035455276956,0.0008333472224535399,0.680580177276388,0.0002417405318291599
31408,26.17376956282605,0.6825141015310233,560,681,1241,0.0008058017727639033,0.0008333472224535399,0.6810636583400462,0.0004834810636583309
31409,26.174602910048502,0.6833199033037872,560,681,1241,0.0008058017727639033,0.0008333472224535399,0.6814665592264282,0.00040290088638194054
31410,26.175436257270956,0.6841257050765511,560,681,1241,0.0008058017727639033,0.0008333472224535399,0.6817082997582573,0.00024174053182917098
31411,26.17626960449341,0.6841257050765511,560,681,1241,0.0,0.0008333472224535399,0.6820306204673628,0.00032232070910556134
31412,26.177102951715863,0.6841257050765511,560,681,1241,0.0,0.0008333472224535399,0.682272360999192,0.00024174053182917098
31413,26.177936298938317,0.684931506849315,560,681,1241,0.0008058017727639033,0.0008333472224535399,0.6825946817082975,0.00032232070910556134
31414,26.17876964616077,0.6833199033037872,560,681,1241,-0.0016116035455278066,0.0008333472224535399,0.6828364222401268,0.00024174053182917098
31415,26.179602993383224,0.6833199033037872,560,681,1241,0.0,0.0008333472224535399,0.6831587429492323,0.00032232070910555023
31416,26.180436340605677,0.6841257050765511,560,681,1241,0.0008058017727639033,0.0008333472224535399,0.6835616438356142,0.00040290088638194054
31417,26.18126968782813,0.684931506849315,560,681,1241,0.0008058017727639033,0.0008333472224535399,0.6838839645447198,0.00032232070910556134
31418,26.182103035050584,0.684931506849315,560,681,1241,0.0,0.0008333472224535399,0.684125705076549,0.00024174053182917098
31419,26.182936382273038,0.6857373086220789,560,681,1241,0.0008058017727639033,0.0008333472224535399,0.6843674456083781,0.00024174053182917098
31420,26.18376972949549,0.684931506849315,560,681,1241,-0.0008058017727639033,0.0008333472224535399,0.6844480257856546,8.058017727639034e-05
31421,26.184603076717945,0.6841257050765511,560,681,1241,-0.0008058017727639033,0.0008333472224535399,0.6844480257856546,0.0
31422,26.1854364239404,0.6857373086220789,560,681,1241,0.0016116035455278066,0.0008333472224535399,0.6846091861402074,0.00016116035455278067
31423,26.186269771162856,0.6873489121676067,560,681,1241,0.0016116035455278066,0.0008333472224570926,0.6848509266720365,0.00024174053182917098
31424,26.18710311838531,0.6873489121676067,560,681,1241,0.0,0.0008333472224535399,0.6852538275584183,0.00040290088638195165
31425,26.187936465607763,0.6889605157131345,560,681,1241,0.0016116035455278066,0.0008333472224535399,0.6858178887993531,0.0005640612409347323
31426,26.188769812830216,0.6889605157131345,560,681,1241,0.0,0.0008333472224535399,0.6863013698630114,0.00048348106365834196
31427,26.18960316005267,0.6905721192586624,560,681,1241,0.0016116035455278066,0.0008333472224535399,0.6868654311039462,0.0005640612409347323
31428,26.190436507275123,0.6897663174858985,560,681,1241,-0.0008058017727639033,0.0008333472224535399,0.6873489121676044,0.00048348106365834196
31429,26.191269854497577,0.6913779210314263,560,681,1241,0.0016116035455278066,0.0008333472224535399,0.6879129734085392,0.0005640612409347323
31430,26.19210320172003,0.6921837228041902,560,681,1241,0.0008058017727639033,0.0008333472224535399,0.6886381950040267,0.000725221595487513
31431,26.192936548942484,0.6921837228041902,560,681,1241,0.0,0.0008333472224535399,0.6894439967767906,0.0008058017727639033
31432,26.193769896164937,0.6921837228041902,560,681,1241,0.0,0.0008333472224535399,0.6900886381950018,0.0006446414182111227
31433,26.19460324338739,0.6954069298952458,560,681,1241,0.003223207091055613,0.0008333472224535399,0.6908944399677657,0.0008058017727639033
31434,26.195436590609845,0.693795326349718,560,681,1241,-0.0016116035455278066,0.0008333472224535399,0.6915390813859768,0.0006446414182111227
31435,26.196269937832298,0.6929895245769541,560,681,1241,-0.0008058017727639033,0.0008333472224535399,0.6919419822723587,0.00040290088638195165
31436,26.19710328505475,0.6929895245769541,560,681,1241,0.0,0.0008333472224535399,0.6923448831587408,0.00040290088638195165
31437,26.197936632277205,0.6929895245769541,560,681,1241,0.0,0.0008333472224535399,0.69258662369057,0.00024174053182917098
31438,26.19876997949966,0.6946011281224819,560,681,1241,0.0016116035455278066,0.0008333472224535399,0.6930701047542283,0.00048348106365834196
31439,26.199603326722112,0.693795326349718,560,681,1241,-0.0008058017727639033,0.0008333472224535399,0.6933118452860574,0.00024174053182917098
31440,26.200436673944566,0.6929895245769541,560,681,1241,-0.0008058017727639033,0.0008333472224535399,0.6933924254633339,8.058017727639034e-05
31441,26.20127002116702,0.6946011281224819,560,681,1241,0.0016116035455278066,0.0008333472224535399,0.693634165995163,0.00024174053182917098
31442,26.202103368389473,0.6978243352135375,560,681,1241,0.003223207091055613,0.0008333472224535399,0.6941982272360978,0.0005640612409347323
31443,26.202936715611926,0.6986301369863014,560,681,1241,0.0008058017727639033,0.0008333472224535399,0.6945205479452035,0.00032232070910556134
31444,26.20377006283438,0.6986301369863014,560,681,1241,0.0,0.0008333472224535399,0.6950040290088617,0.00048348106365834196
31445,26.204603410056837,0.6978243352135375,560,681,1241,-0.0008058017727639033,0.0008333472224570926,0.6954875100725201,0.00048348106365834196
31446,26.20543675727929,0.6970185334407736,560,681,1241,-0.0008058017727639033,0.0008333472224535399,0.695890410958902,0.00040290088638195165
31447,26.206270104501744,0.6954069298952458,560,681,1241,-0.0016116035455278066,0.0008333472224535399,0.6961321514907312,0.00024174053182917098
31448,26.207103451724198,0.6970185334407736,560,681,1241,0.0016116035455278066,0.0008333472224535399,0.6963738920225603,0.00024174053182917098
31449,26.20793679894665,0.6970185334407736,560,681,1241,0.0,0.0008333472224535399,0.6966962127316658,0.00032232070910556134
31450,26.208770146169105,0.6954069298952458,560,681,1241,-0.0016116035455278066,0.0008333472224535399,0.696937953263495,0.00024174053182917098
31451,26.20960349339156,0.6954069298952458,560,681,1241,0.0,0.0008333472224535399,0.6970185334407712,8.058017727639034e-05
31452,26.210436840614012,0.6970185334407736,560,681,1241,0.0016116035455278066,0.0008333472224535399,0.6969379532634948,-8.058017727639034e-05
31453,26.211270187836465,0.7002417405318292,560,681,1241,0.003223207091055613,0.0008333472224535399,0.6970991136180477,0.00016116035455278067
31454,26.21210353505892,0.6994359387590653,560,681,1241,-0.0008058017727639033,0.0008333472224535399,0.6971796937953241,8.058017727639034e-05
31455,26.212936882281372,0.6994359387590653,560,681,1241,0.0,0.0008333472224535399,0.6973408541498769,0.00016116035455278067
31456,26.213770229503826,0.6994359387590653,560,681,1241,0.0,0.0008333472224535399,0.697582594681706,0.00024174053182917098
31457,26.21460357672628,0.6986301369863014,560,681,1241,-0.0008058017727639033,0.0008333472224535399,0.6979049153908117,0.00032232070910556134
31458,26.215436923948733,0.6954069298952458,560,681,1241,-0.003223207091055613,0.0008333472224535399,0.6977437550362589,-0.00016116035455278067
31459,26.216270271171187,0.6946011281224819,560,681,1241,-0.0008058017727639033,0.0008333472224535399,0.6975020145044297,-0.00024174053182917098
31460,26.21710361839364,0.6929895245769541,560,681,1241,-0.0016116035455278066,0.0008333472224535399,0.6972602739726006,-0.00024174053182917098
31461,26.217936965616094,0.6921837228041902,560,681,1241,-0.0008058017727639033,0.0008333472224535399,0.6969379532634951,-0.00032232070910556134
31462,26.218770312838547,0.6929895245769541,560,681,1241,0.0008058017727639033,0.0008333472224535399,0.6965350523771131,-0.00040290088638195165
31463,26.219603660061,0.6921837228041902,560,681,1241,-0.0008058017727639033,0.0008333472224535399,0.6957292506043492,-0.0008058017727639033
31464,26.220437007283454,0.6929895245769541,560,681,1241,0.0008058017727639033,0.0008333472224535399,0.6950846091861381,-0.0006446414182111227
31465,26.221270354505908,0.6946011281224819,560,681,1241,0.0016116035455278066,0.0008333472224535399,0.6946011281224798,-0.00048348106365834196
31466,26.222103701728365,0.6946011281224819,560,681,1241,0.0,0.0008333472224570926,0.6941176470588214,-0.00048348106365834196
31467,26.22293704895082,0.6954069298952458,560,681,1241,0.0008058017727639033,0.0008333472224535399,0.6937953263497159,-0.00032232070910556134
31468,26.223770396173272,0.6962127316680097,560,681,1241,0.0008058017727639033,0.0008333472224535399,0.6938759065269923,8.058017727639034e-05
31469,26.224603743395726,0.6986301369863014,560,681,1241,0.00241740531829171,0.0008333472224535399,0.6942788074133742,0.00040290088638195165
31470,26.22543709061818,0.6986301369863014,560,681,1241,0.0,0.0008333472224535399,0.6948428686543089,0.0005640612409347323
31471,26.226270437840633,0.7002417405318292,560,681,1241,0.0016116035455278066,0.0008333472224535399,0.6956486704270728,0.0008058017727639033
31472,26.227103785063086,0.6978243352135375,560,681,1241,-0.00241740531829171,0.0008333472224535399,0.6961321514907312,0.00048348106365834196
31473,26.22793713228554,0.6962127316680097,560,681,1241,-0.0016116035455278066,0.0008333472224535399,0.6965350523771131,0.00040290088638195165
31474,26.228770479507993,0.6954069298952458,560,681,1241,-0.0008058017727639033,0.0008333472224535399,0.6967767929089422,0.00024174053182917098
31475,26.229603826730447,0.6946011281224819,560,681,1241,-0.0008058017727639033,0.0008333472224535399,0.6967767929089422,0.0
31476,26.2304371739529,0.6946011281224819,560,681,1241,0.0,0.0008333472224535399,0.6967767929089422,0.0
31477,26.231270521175354,0.6921837228041902,560,681,1241,-0.00241740531829171,0.0008333472224535399,0.6964544721998367,-0.00032232070910556134
31478,26.232103868397807,0.6913779210314263,560,681,1241,-0.0008058017727639033,0.0008333472224535399,0.6959709911361783,-0.00048348106365834196
31479,26.23293721562026,0.6913779210314263,560,681,1241,0.0,0.0008333472224535399,0.6952457695406908,-0.000725221595487513
31480,26.233770562842714,0.6905721192586624,560,681,1241,-0.0008058017727639033,0.0008333472224535399,0.6944399677679269,-0.0008058017727639033
31481,26.234603910065168,0.6913779210314263,560,681,1241,0.0008058017727639033,0.0008333472224535399,0.6935535858178867,-0.0008863819500402936
31482,26.23543725728762,0.6913779210314263,560,681,1241,0.0,0.0008333472224535399,0.6929089443996757,-0.0006446414182111227
31483,26.236270604510075,0.6921837228041902,560,681,1241,0.0008058017727639033,0.0008333472224535399,0.6925060435132936,-0.00040290088638195165
31484,26.23710395173253,0.6929895245769541,560,681,1241,0.0008058017727639033,0.0008333472224535399,0.6922643029814645,-0.00024174053182917098
31485,26.237937298954982,0.6921837228041902,560,681,1241,-0.0008058017727639033,0.0008333472224535399,0.6920225624496352,-0.00024174053182917098
31486,26.238770646177436,0.6905721192586624,560,681,1241,-0.0016116035455278066,0.0008333472224535399,0.6916196615632533,-0.00040290088638195165
31487,26.239603993399893,0.6921837228041902,560,681,1241,0.0016116035455278066,0.0008333472224570926,0.6916196615632533,0.0
31488,26.240437340622346,0.6905721192586624,560,681,1241,-0.0016116035455278066,0.0008333472224535399,0.6915390813859769,-8.058017727639034e-05
31489,26.2412706878448,0.6905721192586624,560,681,1241,0.0,0.0008333472224535399,0.6914585012087004,-8.058017727639034e-05
31490,26.242104035067253,0.6889605157131345,560,681,1241,-0.0016116035455278066,0.0008333472224535399,0.6912973408541476,-0.00016116035455278067
31491,26.242937382289707,0.6881547139403706,560,681,1241,-0.0008058017727639033,0.0008333472224535399,0.6909750201450421,-0.00032232070910556134
31492,26.24377072951216,0.6889605157131345,560,681,1241,0.0008058017727639033,0.0008333472224535399,0.6907332796132128,-0.00024174053182917098
31493,26.244604076734614,0.6897663174858985,560,681,1241,0.0008058017727639033,0.0008333472224535399,0.6904915390813837,-0.00024174053182917098
31494,26.245437423957068,0.6905721192586624,560,681,1241,0.0008058017727639033,0.0008333472224535399,0.6902497985495545,-0.00024174053182917098
31495,26.24627077117952,0.6929895245769541,560,681,1241,0.00241740531829171,0.0008333472224535399,0.6903303787268309,8.058017727639034e-05
31496,26.247104118401975,0.6929895245769541,560,681,1241,0.0,0.0008333472224535399,0.6905721192586601,0.00024174053182917098
31497,26.247937465624428,0.6946011281224819,560,681,1241,0.0016116035455278066,0.0008333472224535399,0.6908138597904894,0.00024174053182917098
31498,26.24877081284688,0.6946011281224819,560,681,1241,0.0,0.0008333472224535399,0.6912167606768713,0.00040290088638195165
31499,26.249604160069335,0.6946011281224819,560,681,1241,0.0,0.0008333472224535399,0.6916196615632534,0.00040290088638195165
31500,26.25043750729179,0.693795326349718,560,681,1241,-0.0008058017727639033,0.0008333472224535399,0.6921031426269117,0.00048348106365834196
31501,26.251270854514242,0.6954069298952458,560,681,1241,0.0016116035455278066,0.0008333472224535399,0.6928283642223991,0.000725221595487513
31502,26.252104201736696,0.6954069298952458,560,681,1241,0.0,0.0008333472224535399,0.6934730056406103,0.0006446414182111227
31503,26.25293754895915,0.6978243352135375,560,681,1241,0.00241740531829171,0.0008333472224535399,0.6942788074133742,0.0008058017727639033
31504,26.253770896181603,0.6978243352135375,560,681,1241,0.0,0.0008333472224535399,0.6950040290088617,0.000725221595487513
31505,26.254604243404057,0.6970185334407736,560,681,1241,-0.0008058017727639033,0.0008333472224535399,0.6954069298952437,0.00040290088638195165
31506,26.25543759062651,0.6978243352135375,560,681,1241,0.0008058017727639033,0.0008333472224535399,0.695890410958902,0.00048348106365834196
31507,26.256270937848964,0.6970185334407736,560,681,1241,-0.0008058017727639033,0.0008333472224535399,0.6961321514907312,0.00024174053182917098
31508,26.25710428507142,0.6962127316680097,560,681,1241,-0.0008058017727639033,0.0008333472224570926,0.6962933118452839,0.00016116035455278067
31509,26.257937632293874,0.6954069298952458,560,681,1241,-0.0008058017727639033,0.0008333472224535399,0.6963738920225603,8.058017727639034e-05
31510,26.258770979516328,0.6970185334407736,560,681,1241,0.0016116035455278066,0.0008333472224535399,0.6966962127316658,0.00032232070910556134
31511,26.25960432673878,0.6994359387590653,560,681,1241,0.00241740531829171,0.0008333472224535399,0.6970991136180478,0.00040290088638195165
31512,26.260437673961235,0.6994359387590653,560,681,1241,0.0,0.0008333472224535399,0.6975020145044298,0.00040290088638195165
31513,26.26127102118369,0.6986301369863014,560,681,1241,-0.0008058017727639033,0.0008333472224535399,0.6975825946817061,8.058017727639034e-05
31514,26.262104368406142,0.6978243352135375,560,681,1241,-0.0008058017727639033,0.0008333472224535399,0.6975825946817061,0.0
31515,26.262937715628595,0.6986301369863014,560,681,1241,0.0008058017727639033,0.0008333472224535399,0.697743755036259,0.00016116035455278067
31516,26.26377106285105,0.6978243352135375,560,681,1241,-0.0008058017727639033,0.0008333472224535399,0.697743755036259,0.0
31517,26.264604410073503,0.7002417405318292,560,681,1241,0.00241740531829171,0.0008333472224535399,0.6980660757453645,0.00032232070910556134
31518,26.265437757295956,0.701853344077357,560,681,1241,0.0016116035455278066,0.0008333472224535399,0.6986301369862992,0.0005640612409347323
31519,26.26627110451841,0.7010475423045931,560,681,1241,-0.0008058017727639033,0.0008333472224535399,0.6991941982272339,0.0005640612409347323
31520,26.267104451740863,0.7010475423045931,560,681,1241,0.0,0.0008333472224535399,0.699597099113616,0.00040290088638195165
31521,26.267937798963317,0.7034649476228848,560,681,1241,0.00241740531829171,0.0008333472224535399,0.6999999999999978,0.00040290088638195165
31522,26.26877114618577,0.7026591458501209,560,681,1241,-0.0008058017727639033,0.0008333472224535399,0.7003223207091034,0.00032232070910556134
31523,26.269604493408224,0.7034649476228848,560,681,1241,0.0008058017727639033,0.0008333472224535399,0.7008058017727617,0.00048348106365834196
31524,26.270437840630677,0.7034649476228848,560,681,1241,0.0,0.0008333472224535399,0.7013698630136964,0.0005640612409347323
31525,26.27127118785313,0.7042707493956487,560,681,1241,0.0008058017727639033,0.0008333472224535399,0.7019339242546312,0.0005640612409347323
31526,26.272104535075584,0.7058823529411765,560,681,1241,0.0016116035455278066,0.0008333472224535399,0.7027397260273951,0.0008058017727639033
31527,26.272937882298038,0.7058823529411765,560,681,1241,0.0,0.0008333472224535399,0.7033037872683299,0.0005640612409347323
31528,26.27377122952049,0.7066881547139404,560,681,1241,0.0008058017727639033,0.0008333472224535399,0.7037872683319882,0.00048348106365834196
31529,26.27460457674295,0.709105560032232,560,681,1241,0.002417405318291599,0.0008333472224570926,0.7045930701047521,0.0008058017727638922
31530,26.275437923965402,0.7107171635777598,560,681,1241,0.0016116035455278066,0.0008333472224535399,0.7055600322320689,0.0009669621273166729
31531,26.276271271187856,0.7115229653505237,560,681,1241,0.0008058017727639033,0.0008333472224535399,0.7063658340048328,0.0008058017727638922
31532,26.27710461841031,0.7115229653505237,560,681,1241,0.0,0.0008333472224535399,0.707252215954873,0.0008863819500402826
31533,26.277937965632763,0.709105560032232,560,681,1241,-0.00241740531829171,0.0008333472224535399,0.7078162771958078,0.0005640612409347212
31534,26.278771312855216,0.7123287671232876,560,681,1241,0.003223207091055613,0.0008333472224535399,0.7087026591458481,0.0008863819500402826
31535,26.27960466007767,0.7123287671232876,560,681,1241,0.0,0.0008333472224535399,0.709508460918612,0.0008058017727638922
31536,26.280438007300123,0.7107171635777598,560,681,1241,-0.0016116035455278066,0.0008333472224535399,0.7099919419822703,0.0004834810636583309
31537,26.281271354522577,0.7115229653505237,560,681,1241,0.0008058017727639033,0.0008333472224535399,0.710556003223205,0.0005640612409347212
31538,26.28210470174503,0.7115229653505237,560,681,1241,0.0,0.0008333472224535399,0.7110394842868634,0.0004834810636583309
31539,26.282938048967484,0.7115229653505237,560,681,1241,0.0,0.0008333472224535399,0.7112812248186925,0.00024174053182917098
31540,26.283771396189938,0.7099113618049959,560,681,1241,-0.0016116035455278066,0.0008333472224535399,0.7112006446414161,-8.058017727639034e-05
31541,26.28460474341239,0.7107171635777598,560,681,1241,0.0008058017727639033,0.0008333472224535399,0.7111200644641398,-8.058017727639034e-05
31542,26.285438090634845,0.7082997582594682,560,681,1241,-0.002417405318291599,0.0008333472224535399,0.7107977437550341,-0.00032232070910555023
31543,26.286271437857298,0.7066881547139404,560,681,1241,-0.0016116035455278066,0.0008333472224535399,0.710556003223205,-0.0002417405318291599
31544,26.28710478507975,0.7082997582594682,560,681,1241,0.0016116035455278066,0.0008333472224535399,0.7101531023368229,-0.00040290088638194054
31545,26.287938132302205,0.7074939564867043,560,681,1241,-0.0008058017727639033,0.0008333472224535399,0.7096696212731646,-0.0004834810636583309
31546,26.28877147952466,0.7082997582594682,560,681,1241,0.0008058017727639033,0.0008333472224535399,0.7094278807413354,-0.0002417405318291599
31547,26.289604826747112,0.7082997582594682,560,681,1241,0.0,0.0008333472224535399,0.7091055600322298,-0.00032232070910555023
31548,26.290438173969566,0.7058823529411765,560,681,1241,-0.00241740531829171,0.0008333472224535399,0.7085414987912951,-0.0005640612409347212
31549,26.29127152119202,0.7058823529411765,560,681,1241,0.0,0.0008333472224535399,0.7079774375503605,-0.0005640612409347212
31550,26.292104868414473,0.7058823529411765,560,681,1241,0.0,0.0008333472224535399,0.7075745366639785,-0.00040290088638194054
31551,26.29293821563693,0.7058823529411765,560,681,1241,0.0,0.0008333472224570926,0.7070910556003203,-0.0004834810636583309
31552,26.293771562859384,0.7042707493956487,560,681,1241,-0.0016116035455278066,0.0008333472224535399,0.7066881547139383,-0.00040290088638195165
31553,26.294604910081837,0.7026591458501209,560,681,1241,-0.0016116035455278066,0.0008333472224535399,0.7062852538275564,-0.00040290088638195165
31554,26.29543825730429,0.701853344077357,560,681,1241,-0.0008058017727639033,0.0008333472224535399,0.7056406124093453,-0.0006446414182111227
31555,26.296271604526744,0.7034649476228848,560,681,1241,0.0016116035455278066,0.0008333472224535399,0.7052377115229633,-0.00040290088638195165
31556,26.297104951749198,0.7026591458501209,560,681,1241,-0.0008058017727639033,0.0008333472224535399,0.7046736502820286,-0.0005640612409347323
31557,26.29793829897165,0.7026591458501209,560,681,1241,0.0,0.0008333472224535399,0.7041095890410939,-0.0005640612409347323
31558,26.298771646194105,0.7010475423045931,560,681,1241,-0.0016116035455278066,0.0008333472224535399,0.7036261079774355,-0.00048348106365834196
31559,26.29960499341656,0.7010475423045931,560,681,1241,0.0,0.0008333472224535399,0.7031426269137773,-0.00048348106365834196
31560,26.300438340639012,0.701853344077357,560,681,1241,0.0008058017727639033,0.0008333472224535399,0.7027397260273952,-0.00040290088638195165
31561,26.301271687861465,0.7010475423045931,560,681,1241,-0.0008058017727639033,0.0008333472224535399,0.7022562449637368,-0.00048348106365834196
31562,26.30210503508392,0.6994359387590653,560,681,1241,-0.0016116035455278066,0.0008333472224535399,0.7017727639000786,-0.00048348106365834196
31563,26.302938382306372,0.7002417405318292,560,681,1241,0.0008058017727639033,0.0008333472224535399,0.7015310233682494,-0.00024174053182917098
31564,26.303771729528826,0.6994359387590653,560,681,1241,-0.0008058017727639033,0.0008333472224535399,0.7012892828364202,-0.00024174053182917098
31565,26.30460507675128,0.6994359387590653,560,681,1241,0.0,0.0008333472224535399,0.7008863819500383,-0.00040290088638195165
31566,26.305438423973733,0.7002417405318292,560,681,1241,0.0008058017727639033,0.0008333472224535399,0.700644641418209,-0.00024174053182917098
31567,26.306271771196187,0.7010475423045931,560,681,1241,0.0008058017727639033,0.0008333472224535399,0.7004834810636563,-0.00016116035455278067
31568,26.30710511841864,0.701853344077357,560,681,1241,0.0008058017727639033,0.0008333472224535399,0.7005640612409326,8.058017727639034e-05
31569,26.307938465641094,0.701853344077357,560,681,1241,0.0,0.0008333472224535399,0.700644641418209,8.058017727639034e-05
31570,26.308771812863547,0.701853344077357,560,681,1241,0.0,0.0008333472224535399,0.700644641418209,0.0
31571,26.309605160086,0.7034649476228848,560,681,1241,0.0016116035455278066,0.0008333472224535399,0.7008863819500382,0.00024174053182917098
31572,26.310438507308458,0.7042707493956487,560,681,1241,0.0008058017727639033,0.0008333472224570926,0.7013698630136964,0.00048348106365834196
31573,26.31127185453091,0.7042707493956487,560,681,1241,0.0,0.0008333472224535399,0.7017727639000785,0.00040290088638195165
31574,26.312105201753365,0.7050765511684126,560,681,1241,0.0008058017727639033,0.0008333472224535399,0.7023368251410131,0.0005640612409347323
31575,26.31293854897582,0.701853344077357,560,681,1241,-0.003223207091055613,0.0008333472224535399,0.7025785656728423,0.00024174053182917098
31576,26.313771896198272,0.701853344077357,560,681,1241,0.0,0.0008333472224535399,0.7027397260273951,0.00016116035455278067
31577,26.314605243420726,0.7026591458501209,560,681,1241,0.0008058017727639033,0.0008333472224535399,0.7029008863819478,0.00016116035455278067
31578,26.31543859064318,0.7042707493956487,560,681,1241,0.0016116035455278066,0.0008333472224535399,0.703142626913777,0.00024174053182917098
31579,26.316271937865633,0.7034649476228848,560,681,1241,-0.0008058017727639033,0.0008333472224535399,0.7033037872683299,0.00016116035455278067
31580,26.317105285088086,0.7026591458501209,560,681,1241,-0.0008058017727639033,0.0008333472224535399,0.7033843674456063,8.058017727639034e-05
31581,26.31793863231054,0.7034649476228848,560,681,1241,0.0008058017727639033,0.0008333472224535399,0.7033843674456063,0.0
31582,26.318771979532993,0.7042707493956487,560,681,1241,0.0008058017727639033,0.0008333472224535399,0.7033843674456063,0.0
31583,26.319605326755447,0.7042707493956487,560,681,1241,0.0,0.0008333472224535399,0.7033843674456063,0.0
31584,26.3204386739779,0.7050765511684126,560,681,1241,0.0008058017727639033,0.0008333472224535399,0.7033843674456063,0.0
31585,26.321272021200354,0.7066881547139404,560,681,1241,0.0016116035455278066,0.0008333472224535399,0.7038678485092646,0.00048348106365834196
31586,26.322105368422807,0.7082997582594682,560,681,1241,0.0016116035455278066,0.0008333472224535399,0.7045124899274757,0.0006446414182111227
31587,26.32293871564526,0.7058823529411765,560,681,1241,-0.00241740531829171,0.0008333472224535399,0.7048348106365813,0.00032232070910556134
31588,26.323772062867715,0.7082997582594682,560,681,1241,0.00241740531829171,0.0008333472224535399,0.7052377115229632,0.00040290088638195165
31589,26.324605410090168,0.7066881547139404,560,681,1241,-0.0016116035455278066,0.0008333472224535399,0.7055600322320688,0.00032232070910556134
31590,26.32543875731262,0.7082997582594682,560,681,1241,0.0016116035455278066,0.0008333472224535399,0.7061240934730034,0.0005640612409347323
31591,26.326272104535075,0.7099113618049959,560,681,1241,0.0016116035455276956,0.0008333472224535399,0.7067687348912146,0.0006446414182111115
31592,26.32710545175753,0.709105560032232,560,681,1241,-0.0008058017727639033,0.0008333472224535399,0.7072522159548729,0.0004834810636583309
31593,26.327938798979986,0.7074939564867043,560,681,1241,-0.0016116035455276956,0.0008333472224570926,0.7075745366639785,0.00032232070910556134
31594,26.32877214620244,0.7082997582594682,560,681,1241,0.0008058017727639033,0.0008333472224535399,0.707896857373084,0.00032232070910556134
31595,26.329605493424893,0.7074939564867043,560,681,1241,-0.0008058017727639033,0.0008333472224535399,0.7079774375503605,8.058017727639034e-05
31596,26.330438840647346,0.7058823529411765,560,681,1241,-0.0016116035455278066,0.0008333472224535399,0.7077356970185313,-0.00024174053182917098
31597,26.3312721878698,0.7050765511684126,560,681,1241,-0.0008058017727639033,0.0008333472224535399,0.7076551168412549,-8.058017727639034e-05
31598,26.332105535092253,0.7050765511684126,560,681,1241,0.0,0.0008333472224535399,0.7073327961321494,-0.00032232070910556134
31599,26.332938882314707,0.7042707493956487,560,681,1241,-0.0008058017727639033,0.0008333472224535399,0.7070910556003203,-0.00024174053182917098
31600,26.33377222953716,0.7050765511684126,560,681,1241,0.0008058017727639033,0.0008333472224535399,0.7067687348912146,-0.00032232070910556134
31601,26.334605576759614,0.7058823529411765,560,681,1241,0.0008058017727639033,0.0008333472224535399,0.7063658340048328,-0.00040290088638194054
31602,26.335438923982068,0.7074939564867043,560,681,1241,0.0016116035455278066,0.0008333472224535399,0.70620467365028,-0.00016116035455276956
31603,26.33627227120452,0.7074939564867043,560,681,1241,0.0,0.0008333472224535399,0.70620467365028,0.0
31604,26.337105618426975,0.7082997582594682,560,681,1241,0.0008058017727639033,0.0008333472224535399,0.70620467365028,0.0
31605,26.33793896564943,0.7099113618049959,560,681,1241,0.0016116035455276956,0.0008333472224535399,0.7064464141821091,0.0002417405318291599
31606,26.338772312871882,0.7099113618049959,560,681,1241,0.0,0.0008333472224535399,0.706849315068491,0.00040290088638194054
31607,26.339605660094335,0.7099113618049959,560,681,1241,0.0,0.0008333472224535399,0.7073327961321494,0.0004834810636583309
31608,26.34043900731679,0.7082997582594682,560,681,1241,-0.0016116035455276956,0.0008333472224535399,0.7076551168412549,0.00032232070910556134
31609,26.341272354539242,0.7074939564867043,560,681,1241,-0.0008058017727639033,0.0008333472224535399,0.7079774375503605,0.00032232070910556134
31610,26.342105701761696,0.7066881547139404,560,681,1241,-0.0008058017727639033,0.0008333472224535399,0.7081385979049133,0.00016116035455278067
31611,26.34293904898415,0.7082997582594682,560,681,1241,0.0016116035455278066,0.0008333472224535399,0.7083803384367424,0.00024174053182917098
31612,26.343772396206603,0.709105560032232,560,681,1241,0.0008058017727637923,0.0008333472224535399,0.7085414987912951,0.00016116035455276956
31613,26.344605743429057,0.7074939564867043,560,681,1241,-0.0016116035455276956,0.0008333472224535399,0.7085414987912951,0.0
31614,26.345439090651514,0.7082997582594682,560,681,1241,0.0008058017727639033,0.0008333472224570926,0.7085414987912951,0.0
31615,26.346272437873967,0.7066881547139404,560,681,1241,-0.0016116035455278066,0.0008333472224535399,0.7082191780821896,-0.00032232070910555023
31616,26.34710578509642,0.7066881547139404,560,681,1241,0.0,0.0008333472224535399,0.707896857373084,-0.00032232070910555023
31617,26.347939132318874,0.7058823529411765,560,681,1241,-0.0008058017727639033,0.0008333472224535399,0.7074939564867021,-0.00040290088638194054
31618,26.348772479541328,0.7042707493956487,560,681,1241,-0.0016116035455278066,0.0008333472224535399,0.7070910556003203,-0.00040290088638195165
31619,26.34960582676378,0.7034649476228848,560,681,1241,-0.0008058017727639033,0.0008333472224535399,0.7066881547139382,-0.00040290088638195165
31620,26.350439173986235,0.7026591458501209,560,681,1241,-0.0008058017727639033,0.0008333472224535399,0.7062852538275564,-0.00040290088638195165
31621,26.35127252120869,0.7034649476228848,560,681,1241,0.0008058017727639033,0.0008333472224535399,0.705801772763898,-0.00048348106365834196
31622,26.352105868431142,0.7034649476228848,560,681,1241,0.0,0.0008333472224535399,0.7052377115229632,-0.0005640612409347212
31623,26.352939215653596,0.7010475423045931,560,681,1241,-0.00241740531829171,0.0008333472224535399,0.704593070104752,-0.0006446414182111227
31624,26.35377256287605,0.7002417405318292,560,681,1241,-0.0008058017727639033,0.0008333472224535399,0.7037872683319881,-0.0008058017727639033
31625,26.354605910098503,0.6994359387590653,560,681,1241,-0.0008058017727639033,0.0008333472224535399,0.7030620467365007,-0.000725221595487513
31626,26.355439257320956,0.7002417405318292,560,681,1241,0.0008058017727639033,0.0008333472224535399,0.7024174053182896,-0.0006446414182111227
31627,26.35627260454341,0.7026591458501209,560,681,1241,0.00241740531829171,0.0008333472224535399,0.702095084609184,-0.00032232070910556134
31628,26.357105951765863,0.6994359387590653,560,681,1241,-0.003223207091055613,0.0008333472224535399,0.7016116035455257,-0.00048348106365834196
31629,26.357939298988317,0.7002417405318292,560,681,1241,0.0008058017727639033,0.0008333472224535399,0.7012892828364201,-0.00032232070910556134
31630,26.35877264621077,0.6986301369863014,560,681,1241,-0.0016116035455278066,0.0008333472224535399,0.7008863819500382,-0.00040290088638195165
31631,26.359605993433224,0.7010475423045931,560,681,1241,0.00241740531829171,0.0008333472224535399,0.700644641418209,-0.00024174053182917098
31632,26.360439340655677,0.6994359387590653,560,681,1241,-0.0016116035455278066,0.0008333472224535399,0.7002417405318271,-0.00040290088638195165
31633,26.36127268787813,0.6994359387590653,560,681,1241,0.0,0.0008333472224535399,0.7000805801772743,-0.00016116035455278067
31634,26.362106035100584,0.7010475423045931,560,681,1241,0.0016116035455278066,0.0008333472224535399,0.7001611603545508,8.058017727639034e-05
31635,26.36293938232304,0.701853344077357,560,681,1241,0.0008058017727639033,0.0008333472224570926,0.7004029008863799,0.00024174053182917098
31636,26.363772729545495,0.7010475423045931,560,681,1241,-0.0008058017727639033,0.0008333472224535399,0.7004834810636563,8.058017727639034e-05
31637,26.36460607676795,0.7010475423045931,560,681,1241,0.0,0.0008333472224535399,0.7003223207091035,-0.00016116035455278067
31638,26.365439423990402,0.7002417405318292,560,681,1241,-0.0008058017727639033,0.0008333472224535399,0.7004029008863799,8.058017727639034e-05
31639,26.366272771212856,0.7002417405318292,560,681,1241,0.0,0.0008333472224535399,0.7004029008863799,0.0
31640,26.36710611843531,0.7002417405318292,560,681,1241,0.0,0.0008333472224535399,0.7005640612409326,0.00016116035455278067
31641,26.367939465657763,0.6986301369863014,560,681,1241,-0.0016116035455278066,0.0008333472224535399,0.7003223207091034,-0.00024174053182917098
31642,26.368772812880216,0.6970185334407736,560,681,1241,-0.0016116035455278066,0.0008333472224535399,0.7000805801772743,-0.00024174053182917098
31643,26.36960616010267,0.6970185334407736,560,681,1241,0.0,0.0008333472224535399,0.699838839645445,-0.00024174053182917098
31644,26.370439507325123,0.6962127316680097,560,681,1241,-0.0008058017727639033,0.0008333472224535399,0.6993553585817867,-0.00048348106365834196
31645,26.371272854547577,0.6962127316680097,560,681,1241,0.0,0.0008333472224535399,0.698791297340852,-0.0005640612409347323
31646,26.37210620177003,0.6954069298952458,560,681,1241,-0.0008058017727639033,0.0008333472224535399,0.6982272360999172,-0.0005640612409347323
31647,26.372939548992484,0.6970185334407736,560,681,1241,0.0016116035455278066,0.0008333472224535399,0.6978243352135352,-0.00040290088638195165
31648,26.373772896214938,0.6962127316680097,560,681,1241,-0.0008058017727639033,0.0008333472224535399,0.6974214343271533,-0.00040290088638195165
31649,26.37460624343739,0.6946011281224819,560,681,1241,-0.0016116035455278066,0.0008333472224535399,0.6968573730862186,-0.0005640612409347323
31650,26.375439590659845,0.6946011281224819,560,681,1241,0.0,0.0008333472224535399,0.6962933118452839,-0.0005640612409347323
31651,26.376272937882298,0.6929895245769541,560,681,1241,-0.0016116035455278066,0.0008333472224535399,0.6957292506043492,-0.0005640612409347323
31652,26.37710628510475,0.693795326349718,560,681,1241,0.0008058017727639033,0.0008333472224535399,0.6954069298952437,-0.00032232070910556134
31653,26.377939632327205,0.6946011281224819,560,681,1241,0.0008058017727639033,0.0008333472224535399,0.6951651893634145,-0.00024174053182917098
31654,26.37877297954966,0.693795326349718,560,681,1241,-0.0008058017727639033,0.0008333472224535399,0.6949234488315853,-0.00024174053182917098
31655,26.379606326772112,0.6946011281224819,560,681,1241,0.0008058017727639033,0.0008333472224535399,0.6947622884770326,-0.00016116035455278067
31656,26.38043967399457,0.693795326349718,560,681,1241,-0.0008058017727639033,0.0008333472224570926,0.6946011281224798,-0.00016116035455278067
31657,26.381273021217023,0.6913779210314263,560,681,1241,-0.00241740531829171,0.0008333472224535399,0.6940370668815451,-0.0005640612409347323
31658,26.382106368439477,0.6913779210314263,560,681,1241,0.0,0.0008333472224535399,0.6935535858178867,-0.00048348106365834196
31659,26.38293971566193,0.6905721192586624,560,681,1241,-0.0008058017727639033,0.0008333472224535399,0.6931506849315048,-0.00040290088638195165
31660,26.383773062884384,0.6881547139403706,560,681,1241,-0.00241740531829171,0.0008333472224535399,0.6925060435132936,-0.0006446414182111227
31661,26.384606410106837,0.6873489121676067,560,681,1241,-0.0008058017727639033,0.0008333472224535399,0.6919419822723588,-0.0005640612409347323
31662,26.38543975732929,0.6865431103948428,560,681,1241,-0.0008058017727639033,0.0008333472224535399,0.6912167606768713,-0.000725221595487513
31663,26.386273104551744,0.6873489121676067,560,681,1241,0.0008058017727639033,0.0008333472224535399,0.6904915390813838,-0.000725221595487513
31664,26.387106451774198,0.6865431103948428,560,681,1241,-0.0008058017727639033,0.0008333472224535399,0.6897663174858963,-0.000725221595487513
31665,26.38793979899665,0.6865431103948428,560,681,1241,0.0,0.0008333472224535399,0.6889605157131324,-0.0008058017727639033
31666,26.388773146219105,0.6865431103948428,560,681,1241,0.0,0.0008333472224535399,0.688235294117645,-0.000725221595487513
31667,26.38960649344156,0.6857373086220789,560,681,1241,-0.0008058017727639033,0.0008333472224535399,0.6876712328767102,-0.0005640612409347323
31668,26.390439840664012,0.684931506849315,560,681,1241,-0.0008058017727639033,0.0008333472224535399,0.6870265914584991,-0.0006446414182111227
31669,26.391273187886465,0.684931506849315,560,681,1241,0.0,0.0008333472224535399,0.6864625302175644,-0.0005640612409347323
31670,26.39210653510892,0.6833199033037872,560,681,1241,-0.0016116035455278066,0.0008333472224535399,0.6859790491539061,-0.00048348106365834196
31671,26.392939882331373,0.6841257050765511,560,681,1241,0.0008058017727639033,0.0008333472224535399,0.6856567284448005,-0.00032232070910556134
31672,26.393773229553826,0.6841257050765511,560,681,1241,0.0,0.0008333472224535399,0.6854149879129713,-0.00024174053182917098
31673,26.39460657677628,0.684931506849315,560,681,1241,0.0008058017727639033,0.0008333472224535399,0.6851732473811422,-0.00024174053182917098
31674,26.395439923998733,0.6857373086220789,560,681,1241,0.0008058017727639033,0.0008333472224535399,0.6850926672038657,-8.058017727639034e-05
31675,26.396273271221187,0.6857373086220789,560,681,1241,0.0,0.0008333472224535399,0.6850120870265892,-8.058017727639034e-05
31676,26.39710661844364,0.6889605157131345,560,681,1241,0.003223207091055613,0.0008333472224535399,0.6852538275584183,0.00024174053182917098
31677,26.397939965666094,0.6881547139403706,560,681,1241,-0.0008058017727639033,0.0008333472224535399,0.6854955680902476,0.00024174053182917098
31678,26.39877331288855,0.6881547139403706,560,681,1241,0.0,0.0008333472224570926,0.6858178887993531,0.00032232070910556134
31679,26.399606660111004,0.6857373086220789,560,681,1241,-0.00241740531829171,0.0008333472224535399,0.6858984689766295,8.058017727639034e-05
31680,26.400440007333458,0.6857373086220789,560,681,1241,0.0,0.0008333472224535399,0.6861402095084587,0.00024174053182917098
31681,26.40127335455591,0.6865431103948428,560,681,1241,0.0008058017727639033,0.0008333472224535399,0.6863819500402879,0.00024174053182917098
31682,26.402106701778365,0.6865431103948428,560,681,1241,0.0,0.0008333472224535399,0.686623690572117,0.00024174053182917098
31683,26.40294004900082,0.6873489121676067,560,681,1241,0.0008058017727639033,0.0008333472224535399,0.6868654311039462,0.00024174053182917098
31684,26.403773396223272,0.6865431103948428,560,681,1241,-0.0008058017727639033,0.0008333472224535399,0.6869460112812227,8.058017727639034e-05
31685,26.404606743445726,0.6881547139403706,560,681,1241,0.0016116035455278066,0.0008333472224535399,0.6871877518130518,0.00024174053182917098
31686,26.40544009066818,0.6873489121676067,560,681,1241,-0.0008058017727639033,0.0008333472224535399,0.6870265914584991,-0.00016116035455278067
31687,26.406273437890633,0.6865431103948428,560,681,1241,-0.0008058017727639033,0.0008333472224535399,0.6868654311039463,-0.00016116035455278067
31688,26.407106785113086,0.6889605157131345,560,681,1241,0.00241740531829171,0.0008333472224535399,0.6869460112812227,8.058017727639034e-05
31689,26.40794013233554,0.6905721192586624,560,681,1241,0.0016116035455278066,0.0008333472224535399,0.6874294923448809,0.00048348106365834196
31690,26.408773479557993,0.6913779210314263,560,681,1241,0.0008058017727639033,0.0008333472224535399,0.6879935535858157,0.0005640612409347323
31691,26.409606826780447,0.6905721192586624,560,681,1241,-0.0008058017727639033,0.0008333472224535399,0.6883964544721977,0.00040290088638195165
31692,26.4104401740029,0.6913779210314263,560,681,1241,0.0008058017727639033,0.0008333472224535399,0.688879935535856,0.00048348106365834196
31693,26.411273521225354,0.6946011281224819,560,681,1241,0.003223207091055613,0.0008333472224535399,0.6896051571313435,0.000725221595487513
31694,26.412106868447808,0.6946011281224819,560,681,1241,0.0,0.0008333472224535399,0.6904109589041074,0.0008058017727639033
31695,26.41294021567026,0.693795326349718,560,681,1241,-0.0008058017727639033,0.0008333472224535399,0.6909750201450422,0.0005640612409347323
31696,26.413773562892715,0.6946011281224819,560,681,1241,0.0008058017727639033,0.0008333472224535399,0.6917002417405297,0.000725221595487513
31697,26.414606910115168,0.6954069298952458,560,681,1241,0.0008058017727639033,0.0008333472224535399,0.69258662369057,0.0008863819500402936
31698,26.41544025733762,0.6962127316680097,560,681,1241,0.0008058017727639033,0.0008333472224535399,0.6933118452860575,0.000725221595487513
31699,26.41627360456008,0.6962127316680097,560,681,1241,0.0,0.0008333472224570926,0.6938759065269923,0.0005640612409347323
31700,26.417106951782532,0.6978243352135375,560,681,1241,0.0016116035455278066,0.0008333472224535399,0.6945205479452035,0.0006446414182111227
31701,26.417940299004986,0.6994359387590653,560,681,1241,0.0016116035455278066,0.0008333472224535399,0.6954069298952438,0.0008863819500402936
31702,26.41877364622744,0.6994359387590653,560,681,1241,0.0,0.0008333472224535399,0.6962127316680077,0.0008058017727639033
31703,26.419606993449893,0.7010475423045931,560,681,1241,0.0016116035455278066,0.0008333472224535399,0.6968573730862188,0.0006446414182111227
31704,26.420440340672346,0.7002417405318292,560,681,1241,-0.0008058017727639033,0.0008333472224535399,0.6974214343271534,0.0005640612409347323
31705,26.4212736878948,0.7010475423045931,560,681,1241,0.0008058017727639033,0.0008333472224535399,0.698146655922641,0.000725221595487513
31706,26.422107035117254,0.7010475423045931,560,681,1241,0.0,0.0008333472224535399,0.6987912973408521,0.0006446414182111227
31707,26.422940382339707,0.7010475423045931,560,681,1241,0.0,0.0008333472224535399,0.6993553585817869,0.0005640612409347323
31708,26.42377372956216,0.7002417405318292,560,681,1241,-0.0008058017727639033,0.0008333472224535399,0.6997582594681688,0.00040290088638195165
31709,26.424607076784614,0.7002417405318292,560,681,1241,0.0,0.0008333472224535399,0.7001611603545508,0.00040290088638195165
31710,26.425440424007068,0.7002417405318292,560,681,1241,0.0,0.0008333472224535399,0.7004029008863799,0.00024174053182917098
31711,26.42627377122952,0.7010475423045931,560,681,1241,0.0008058017727639033,0.0008333472224535399,0.7005640612409326,0.00016116035455278067
31712,26.427107118451975,0.7010475423045931,560,681,1241,0.0,0.0008333472224535399,0.7007252215954854,0.00016116035455278067
31713,26.42794046567443,0.701853344077357,560,681,1241,0.0008058017727639033,0.0008333472224535399,0.7008058017727617,8.058017727639034e-05
31714,26.428773812896882,0.7002417405318292,560,681,1241,-0.0016116035455278066,0.0008333472224535399,0.7008058017727617,0.0
31715,26.429607160119335,0.6978243352135375,560,681,1241,-0.00241740531829171,0.0008333472224535399,0.7004834810636562,-0.00032232070910556134
31716,26.43044050734179,0.6970185334407736,560,681,1241,-0.0008058017727639033,0.0008333472224535399,0.7000805801772743,-0.00040290088638195165
31717,26.431273854564242,0.6970185334407736,560,681,1241,0.0,0.0008333472224535399,0.6996776792908922,-0.00040290088638195165
31718,26.432107201786696,0.6970185334407736,560,681,1241,0.0,0.0008333472224535399,0.6993553585817867,-0.00032232070910556134
31719,26.43294054900915,0.6962127316680097,560,681,1241,-0.0008058017727639033,0.0008333472224535399,0.6989524576954047,-0.00040290088638195165
31720,26.433773896231607,0.6962127316680097,560,681,1241,0.0,0.0008333472224570926,0.6985495568090229,-0.00040290088638195165
31721,26.43460724345406,0.6954069298952458,560,681,1241,-0.0008058017727639033,0.0008333472224535399,0.6979854955680881,-0.0005640612409347323
31722,26.435440590676514,0.6954069298952458,560,681,1241,0.0,0.0008333472224535399,0.6974214343271533,-0.0005640612409347323
31723,26.436273937898967,0.6962127316680097,560,681,1241,0.0008058017727639033,0.0008333472224535399,0.6968573730862186,-0.0005640612409347323
31724,26.43710728512142,0.6970185334407736,560,681,1241,0.0008058017727639033,0.0008333472224535399,0.696535052377113,-0.00032232070910556134
31725,26.437940632343874,0.6970185334407736,560,681,1241,0.0,0.0008333472224535399,0.6964544721998366,-8.058017727639034e-05
31726,26.438773979566328,0.6978243352135375,560,681,1241,0.0008058017727639033,0.0008333472224535399,0.696535052377113,8.058017727639034e-05
31727,26.43960732678878,0.6954069298952458,560,681,1241,-0.00241740531829171,0.0008333472224535399,0.6963738920225603,-0.00016116035455278067
31728,26.440440674011235,0.6946011281224819,560,681,1241,-0.0008058017727639033,0.0008333472224535399,0.6961321514907312,-0.00024174053182917098
31729,26.44127402123369,0.693795326349718,560,681,1241,-0.0008058017727639033,0.0008333472224535399,0.6958904109589019,-0.00024174053182917098
31730,26.442107368456142,0.693795326349718,560,681,1241,0.0,0.0008333472224535399,0.6956486704270727,-0.00024174053182917098
31731,26.442940715678596,0.6929895245769541,560,681,1241,-0.0008058017727639033,0.0008333472224535399,0.6954069298952436,-0.00024174053182917098
31732,26.44377406290105,0.6929895245769541,560,681,1241,0.0,0.0008333472224535399,0.6951651893634144,-0.00024174053182917098
31733,26.444607410123503,0.6921837228041902,560,681,1241,-0.0008058017727639033,0.0008333472224535399,0.6947622884770325,-0.00040290088638195165
31734,26.445440757345956,0.6929895245769541,560,681,1241,0.0008058017727639033,0.0008333472224535399,0.6943593875906505,-0.00040290088638195165
31735,26.44627410456841,0.6929895245769541,560,681,1241,0.0,0.0008333472224535399,0.6939564867042687,-0.00040290088638195165
31736,26.447107451790863,0.693795326349718,560,681,1241,0.0008058017727639033,0.0008333472224535399,0.6935535858178866,-0.00040290088638195165
31737,26.447940799013317,0.6946011281224819,560,681,1241,0.0008058017727639033,0.0008333472224535399,0.6934730056406103,-8.058017727639034e-05
31738,26.44877414623577,0.6929895245769541,560,681,1241,-0.0016116035455278066,0.0008333472224535399,0.6933118452860575,-0.00016116035455278067
31739,26.449607493458224,0.693795326349718,560,681,1241,0.0008058017727639033,0.0008333472224535399,0.6933118452860575,0.0
31740,26.450440840680677,0.6921837228041902,560,681,1241,-0.0016116035455278066,0.0008333472224535399,0.6931506849315048,-0.00016116035455278067
31741,26.451274187903135,0.6913779210314263,560,681,1241,-0.0008058017727639033,0.0008333472224570926,0.692989524576952,-0.00016116035455278067
31742,26.452107535125588,0.6905721192586624,560,681,1241,-0.0008058017727639033,0.0008333472224535399,0.6927477840451227,-0.00024174053182917098
31743,26.45294088234804,0.6897663174858985,560,681,1241,-0.0008058017727639033,0.0008333472224535399,0.6925060435132936,-0.00024174053182917098
31744,26.453774229570495,0.6897663174858985,560,681,1241,0.0,0.0008333472224535399,0.692183722804188,-0.00032232070910556134
31745,26.45460757679295,0.6881547139403706,560,681,1241,-0.0016116035455278066,0.0008333472224535399,0.6917002417405297,-0.00048348106365834196
31746,26.455440924015402,0.6865431103948428,560,681,1241,-0.0016116035455278066,0.0008333472224535399,0.6909750201450422,-0.000725221595487513
31747,26.456274271237856,0.6873489121676067,560,681,1241,0.0008058017727639033,0.0008333472224535399,0.6902497985495547,-0.000725221595487513
31748,26.45710761846031,0.6873489121676067,560,681,1241,0.0,0.0008333472224535399,0.6896857373086199,-0.0005640612409347323
31749,26.457940965682763,0.6865431103948428,560,681,1241,-0.0008058017727639033,0.0008333472224535399,0.6889605157131324,-0.000725221595487513
31750,26.458774312905216,0.6865431103948428,560,681,1241,0.0,0.0008333472224535399,0.6883964544721978,-0.0005640612409347323
31751,26.45960766012767,0.6857373086220789,560,681,1241,-0.0008058017727639033,0.0008333472224535399,0.687832393231263,-0.0005640612409347323
31752,26.460441007350123,0.6865431103948428,560,681,1241,0.0008058017727639033,0.0008333472224535399,0.687429492344881,-0.00040290088638195165
31753,26.461274354572577,0.684931506849315,560,681,1241,-0.0016116035455278066,0.0008333472224535399,0.6869460112812227,-0.00048348106365834196
31754,26.46210770179503,0.6841257050765511,560,681,1241,-0.0008058017727639033,0.0008333472224535399,0.6863819500402879,-0.0005640612409347323
31755,26.462941049017484,0.6857373086220789,560,681,1241,0.0016116035455278066,0.0008333472224535399,0.6861402095084588,-0.00024174053182917098
31756,26.463774396239938,0.6873489121676067,560,681,1241,0.0016116035455278066,0.0008333472224535399,0.6862207896857351,8.058017727639034e-05
31757,26.46460774346239,0.6881547139403706,560,681,1241,0.0008058017727639033,0.0008333472224535399,0.6863013698630115,8.058017727639034e-05
31758,26.465441090684845,0.6897663174858985,560,681,1241,0.0016116035455278066,0.0008333472224535399,0.6865431103948407,0.00024174053182917098
31759,26.4662744379073,0.6913779210314263,560,681,1241,0.0016116035455278066,0.0008333472224535399,0.6870265914584991,0.00048348106365834196
31760,26.467107785129752,0.6929895245769541,560,681,1241,0.0016116035455278066,0.0008333472224535399,0.6876712328767102,0.0006446414182111227
31761,26.467941132352205,0.6929895245769541,560,681,1241,0.0,0.0008333472224535399,0.6883964544721978,0.000725221595487513
31762,26.468774479574662,0.693795326349718,560,681,1241,0.0008058017727639033,0.0008333472224570926,0.6891216760676853,0.000725221595487513
31763,26.469607826797116,0.6929895245769541,560,681,1241,-0.0008058017727639033,0.0008333472224535399,0.6899274778404492,0.0008058017727639033
31764,26.47044117401957,0.6921837228041902,560,681,1241,-0.0008058017727639033,0.0008333472224535399,0.6907332796132131,0.0008058017727639033
31765,26.471274521242023,0.6921837228041902,560,681,1241,0.0,0.0008333472224535399,0.6913779210314241,0.0006446414182111227
31766,26.472107868464477,0.6929895245769541,560,681,1241,0.0008058017727639033,0.0008333472224535399,0.6919419822723589,0.0005640612409347323
31767,26.47294121568693,0.6921837228041902,560,681,1241,-0.0008058017727639033,0.0008333472224535399,0.6923448831587409,0.00040290088638195165
31768,26.473774562909384,0.693795326349718,560,681,1241,0.0016116035455278066,0.0008333472224535399,0.6927477840451227,0.00040290088638195165
31769,26.474607910131837,0.693795326349718,560,681,1241,0.0,0.0008333472224535399,0.6929895245769518,0.00024174053182917098
31770,26.47544125735429,0.693795326349718,560,681,1241,0.0,0.0008333472224535399,0.6930701047542283,8.058017727639034e-05
31771,26.476274604576744,0.6962127316680097,560,681,1241,0.00241740531829171,0.0008333472224535399,0.6933924254633338,0.00032232070910556134
31772,26.477107951799198,0.6962127316680097,560,681,1241,0.0,0.0008333472224535399,0.693634165995163,0.00024174053182917098
31773,26.47794129902165,0.6962127316680097,560,681,1241,0.0,0.0008333472224535399,0.6939564867042686,0.00032232070910556134
31774,26.478774646244105,0.6954069298952458,560,681,1241,-0.0008058017727639033,0.0008333472224535399,0.6942788074133741,0.00032232070910556134
31775,26.47960799346656,0.6954069298952458,560,681,1241,0.0,0.0008333472224535399,0.6946011281224796,0.00032232070910556134
31776,26.480441340689012,0.6962127316680097,560,681,1241,0.0008058017727639033,0.0008333472224535399,0.6949234488315852,0.00032232070910556134
31777,26.481274687911466,0.6986301369863014,560,681,1241,0.00241740531829171,0.0008333472224535399,0.6955680902497964,0.0006446414182111227
31778,26.48210803513392,0.6986301369863014,560,681,1241,0.0,0.0008333472224535399,0.6960515713134547,0.00048348106365834196
31779,26.482941382356373,0.7002417405318292,560,681,1241,0.0016116035455278066,0.0008333472224535399,0.6966962127316658,0.0006446414182111227
31780,26.483774729578826,0.7002417405318292,560,681,1241,0.0,0.0008333472224535399,0.6973408541498769,0.0006446414182111227
31781,26.48460807680128,0.7002417405318292,560,681,1241,0.0,0.0008333472224535399,0.6977437550362589,0.00040290088638195165
31782,26.485441424023733,0.6994359387590653,560,681,1241,-0.0008058017727639033,0.0008333472224535399,0.6980660757453644,0.00032232070910556134
31783,26.486274771246187,0.6994359387590653,560,681,1241,0.0,0.0008333472224535399,0.6983883964544699,0.00032232070910556134
31784,26.487108118468644,0.6994359387590653,560,681,1241,0.0,0.0008333472224570926,0.698791297340852,0.00040290088638195165
31785,26.487941465691097,0.7010475423045931,560,681,1241,0.0016116035455278066,0.0008333472224535399,0.6993553585817868,0.0005640612409347323
31786,26.48877481291355,0.7002417405318292,560,681,1241,-0.0008058017727639033,0.0008333472224535399,0.6997582594681686,0.00040290088638195165
31787,26.489608160136004,0.7002417405318292,560,681,1241,0.0,0.0008333472224535399,0.6999194198227214,0.00016116035455278067
31788,26.490441507358458,0.6994359387590653,560,681,1241,-0.0008058017727639033,0.0008333472224535399,0.6999999999999978,8.058017727639034e-05
31789,26.49127485458091,0.7010475423045931,560,681,1241,0.0016116035455278066,0.0008333472224535399,0.7000805801772743,8.058017727639034e-05
31790,26.492108201803365,0.6978243352135375,560,681,1241,-0.003223207091055613,0.0008333472224535399,0.6998388396454451,-0.00024174053182917098
31791,26.49294154902582,0.6978243352135375,560,681,1241,0.0,0.0008333472224535399,0.699597099113616,-0.00024174053182917098
31792,26.493774896248272,0.6986301369863014,560,681,1241,0.0008058017727639033,0.0008333472224535399,0.6995165189363396,-8.058017727639034e-05
31793,26.494608243470726,0.6994359387590653,560,681,1241,0.0008058017727639033,0.0008333472224535399,0.6995165189363396,0.0
31794,26.49544159069318,0.6970185334407736,560,681,1241,-0.00241740531829171,0.0008333472224535399,0.6992747784045104,-0.00024174053182917098
31795,26.496274937915633,0.6978243352135375,560,681,1241,0.0008058017727639033,0.0008333472224535399,0.6989524576954048,-0.00032232070910556134
31796,26.497108285138086,0.7002417405318292,560,681,1241,0.00241740531829171,0.0008333472224535399,0.6989524576954048,0.0
31797,26.49794163236054,0.7002417405318292,560,681,1241,0.0,0.0008333472224535399,0.6989524576954048,0.0
31798,26.498774979582993,0.701853344077357,560,681,1241,0.0016116035455278066,0.0008333472224535399,0.6991941982272339,0.00024174053182917098
31799,26.499608326805447,0.701853344077357,560,681,1241,0.0,0.0008333472224535399,0.6992747784045104,8.058017727639034e-05
31800,26.5004416740279,0.7010475423045931,560,681,1241,-0.0008058017727639033,0.0008333472224535399,0.6995970991136159,0.00032232070910556134
31801,26.501275021250354,0.6994359387590653,560,681,1241,-0.0016116035455278066,0.0008333472224535399,0.6997582594681686,0.00016116035455278067
31802,26.502108368472808,0.7010475423045931,560,681,1241,0.0016116035455278066,0.0008333472224535399,0.6999999999999978,0.00024174053182917098
31803,26.50294171569526,0.7026591458501209,560,681,1241,0.0016116035455278066,0.0008333472224535399,0.7003223207091034,0.00032232070910556134
31804,26.503775062917715,0.7042707493956487,560,681,1241,0.0016116035455278066,0.0008333472224535399,0.701047542304591,0.000725221595487513
31805,26.50460841014017,0.7042707493956487,560,681,1241,0.0,0.0008333472224570926,0.7016921837228021,0.0006446414182111227
31806,26.505441757362625,0.7034649476228848,560,681,1241,-0.0008058017727639033,0.0008333472224535399,0.7020145044319077,0.00032232070910556134
31807,26.50627510458508,0.701853344077357,560,681,1241,-0.0016116035455278066,0.0008333472224535399,0.7021756647864604,0.00016116035455278067
31808,26.507108451807532,0.701853344077357,560,681,1241,0.0,0.0008333472224535399,0.7021756647864604,0.0
31809,26.507941799029986,0.7034649476228848,560,681,1241,0.0016116035455278066,0.0008333472224535399,0.7023368251410133,0.00016116035455278067
31810,26.50877514625244,0.7042707493956487,560,681,1241,0.0008058017727639033,0.0008333472224535399,0.7026591458501188,0.00032232070910556134
31811,26.509608493474893,0.7034649476228848,560,681,1241,-0.0008058017727639033,0.0008333472224535399,0.7030620467365007,0.00040290088638195165
31812,26.510441840697347,0.7034649476228848,560,681,1241,0.0,0.0008333472224535399,0.7033037872683299,0.00024174053182917098
31813,26.5112751879198,0.7042707493956487,560,681,1241,0.0008058017727639033,0.0008333472224535399,0.7034649476228826,0.00016116035455278067
31814,26.512108535142254,0.7058823529411765,560,681,1241,0.0016116035455278066,0.0008333472224535399,0.7036261079774354,0.00016116035455278067
31815,26.512941882364707,0.7058823529411765,560,681,1241,0.0,0.0008333472224535399,0.7037872683319881,0.00016116035455278067
31816,26.51377522958716,0.7074939564867043,560,681,1241,0.0016116035455278066,0.0008333472224535399,0.7041901692183702,0.00040290088638195165
31817,26.514608576809614,0.709105560032232,560,681,1241,0.0016116035455276956,0.0008333472224535399,0.7049153908138577,0.0007252215954875018
31818,26.515441924032068,0.709105560032232,560,681,1241,0.0,0.0008333472224535399,0.7056406124093453,0.0007252215954875018
31819,26.51627527125452,0.7082997582594682,560,681,1241,-0.0008058017727637923,0.0008333472224535399,0.7061240934730036,0.00048348106365834196
31820,26.517108618476975,0.7074939564867043,560,681,1241,-0.0008058017727639033,0.0008333472224535399,0.7064464141821092,0.00032232070910556134
31821,26.51794196569943,0.7066881547139404,560,681,1241,-0.0008058017727639033,0.0008333472224535399,0.7067687348912147,0.00032232070910556134
31822,26.518775312921882,0.7082997582594682,560,681,1241,0.0016116035455278066,0.0008333472224535399,0.7072522159548731,0.00048348106365834196
31823,26.519608660144335,0.7074939564867043,560,681,1241,-0.0008058017727639033,0.0008333472224535399,0.7075745366639786,0.00032232070910556134
31824,26.52044200736679,0.7082997582594682,560,681,1241,0.0008058017727639033,0.0008333472224535399,0.7078162771958078,0.00024174053182917098
31825,26.521275354589243,0.7074939564867043,560,681,1241,-0.0008058017727639033,0.0008333472224535399,0.7079774375503606,0.00016116035455278067
31826,26.5221087018117,0.7099113618049959,560,681,1241,0.002417405318291599,0.0008333472224570926,0.7082191780821897,0.0002417405318291599
31827,26.522942049034153,0.7115229653505237,560,681,1241,0.0016116035455278066,0.0008333472224535399,0.7084609186140188,0.00024174053182917098
31828,26.523775396256607,0.7107171635777598,560,681,1241,-0.0008058017727639033,0.0008333472224535399,0.7086220789685715,0.00016116035455278067
31829,26.52460874347906,0.7131345688960515,560,681,1241,0.00241740531829171,0.0008333472224535399,0.7091055600322299,0.0004834810636583309
31830,26.525442090701514,0.7115229653505237,560,681,1241,-0.0016116035455278066,0.0008333472224535399,0.7095084609186119,0.00040290088638194054
31831,26.526275437923967,0.7123287671232876,560,681,1241,0.0008058017727639033,0.0008333472224535399,0.7100725221595466,0.0005640612409347212
31832,26.52710878514642,0.7115229653505237,560,681,1241,-0.0008058017727639033,0.0008333472224535399,0.7103948428686522,0.00032232070910555023
31833,26.527942132368874,0.7107171635777598,560,681,1241,-0.0008058017727639033,0.0008333472224535399,0.7107171635777577,0.00032232070910555023
31834,26.528775479591328,0.7107171635777598,560,681,1241,0.0,0.0008333472224535399,0.710958904109587,0.0002417405318291599
31835,26.52960882681378,0.7107171635777598,560,681,1241,0.0,0.0008333472224535399,0.7112812248186925,0.00032232070910555023
31836,26.530442174036235,0.7107171635777598,560,681,1241,0.0,0.0008333472224535399,0.7113618049959689,8.058017727639034e-05
31837,26.53127552125869,0.7115229653505237,560,681,1241,0.0008058017727639033,0.0008333472224535399,0.7113618049959689,0.0
31838,26.532108868481142,0.7155519742143432,560,681,1241,0.0040290088638195165,0.0008333472224535399,0.7118452860596273,0.00048348106365834196
31839,26.532942215703596,0.7155519742143432,560,681,1241,0.0,0.0008333472224535399,0.7120870265914565,0.00024174053182917098
31840,26.53377556292605,0.7163577759871071,560,681,1241,0.0008058017727639033,0.0008333472224535399,0.7125705076551149,0.00048348106365834196
31841,26.534608910148503,0.7155519742143432,560,681,1241,-0.0008058017727639033,0.0008333472224535399,0.7128928283642204,0.00032232070910556134
31842,26.535442257370956,0.7163577759871071,560,681,1241,0.0008058017727639033,0.0008333472224535399,0.7133763094278788,0.00048348106365834196
31843,26.53627560459341,0.7163577759871071,560,681,1241,0.0,0.0008333472224535399,0.7139403706688134,0.0005640612409347323
31844,26.537108951815863,0.7147461724415793,560,681,1241,-0.0016116035455278066,0.0008333472224535399,0.7143432715551954,0.00040290088638195165
31845,26.537942299038317,0.7155519742143432,560,681,1241,0.0008058017727639033,0.0008333472224535399,0.7148267526188536,0.00048348106365834196
31846,26.53877564626077,0.7163577759871071,560,681,1241,0.0008058017727639033,0.0008333472224535399,0.7153908138597884,0.0005640612409347323
31847,26.539608993483228,0.7155519742143432,560,681,1241,-0.0008058017727639033,0.0008333472224570926,0.7157937147461704,0.00040290088638195165
31848,26.54044234070568,0.7147461724415793,560,681,1241,-0.0008058017727639033,0.0008333472224535399,0.715713134568894,-8.058017727639034e-05
31849,26.541275687928135,0.7123287671232876,560,681,1241,-0.00241740531829171,0.0008333472224535399,0.7153908138597884,-0.00032232070910556134
31850,26.542109035150588,0.7115229653505237,560,681,1241,-0.0008058017727639033,0.0008333472224535399,0.7149073327961301,-0.00048348106365834196
31851,26.54294238237304,0.7115229653505237,560,681,1241,0.0,0.0008333472224535399,0.714504431909748,-0.00040290088638195165
31852,26.543775729595495,0.7131345688960515,560,681,1241,0.0016116035455278066,0.0008333472224535399,0.7141821112006425,-0.00032232070910556134
31853,26.54460907681795,0.7115229653505237,560,681,1241,-0.0016116035455278066,0.0008333472224535399,0.7136986301369841,-0.00048348106365834196
31854,26.545442424040402,0.709105560032232,560,681,1241,-0.00241740531829171,0.0008333472224535399,0.7131345688960494,-0.0005640612409347323
31855,26.546275771262856,0.709105560032232,560,681,1241,0.0,0.0008333472224535399,0.7124899274778383,-0.0006446414182111227
31856,26.54710911848531,0.709105560032232,560,681,1241,0.0,0.0008333472224535399,0.7117647058823509,-0.000725221595487513
31857,26.547942465707763,0.7099113618049959,560,681,1241,0.0008058017727639033,0.0008333472224535399,0.7112006446414161,-0.0005640612409347323
31858,26.548775812930216,0.709105560032232,560,681,1241,-0.0008058017727639033,0.0008333472224535399,0.7106365834004814,-0.0005640612409347323
31859,26.54960916015267,0.709105560032232,560,681,1241,0.0,0.0008333472224535399,0.7103142626913759,-0.00032232070910556134
31860,26.550442507375124,0.709105560032232,560,681,1241,0.0,0.0008333472224535399,0.7100725221595467,-0.00024174053182917098
31861,26.551275854597577,0.7066881547139404,560,681,1241,-0.002417405318291599,0.0008333472224535399,0.7095890410958884,-0.0004834810636583309
31862,26.55210920182003,0.7074939564867043,560,681,1241,0.0008058017727639033,0.0008333472224535399,0.7090249798549537,-0.0005640612409347212
31863,26.552942549042484,0.7066881547139404,560,681,1241,-0.0008058017727639033,0.0008333472224535399,0.7085414987912954,-0.0004834810636583309
31864,26.553775896264938,0.7058823529411765,560,681,1241,-0.0008058017727639033,0.0008333472224535399,0.7082191780821898,-0.00032232070910555023
31865,26.55460924348739,0.7066881547139404,560,681,1241,0.0008058017727639033,0.0008333472224535399,0.7079774375503606,-0.0002417405318291599
31866,26.555442590709845,0.7058823529411765,560,681,1241,-0.0008058017727639033,0.0008333472224535399,0.707655116841255,-0.00032232070910555023
31867,26.5562759379323,0.7050765511684126,560,681,1241,-0.0008058017727639033,0.0008333472224535399,0.7071716357775967,-0.0004834810636583309
31868,26.557109285154755,0.7050765511684126,560,681,1241,0.0,0.0008333472224570926,0.7067687348912146,-0.00040290088638194054
31869,26.55794263237721,0.7050765511684126,560,681,1241,0.0,0.0008333472224535399,0.7063658340048327,-0.00040290088638194054
31870,26.558775979599663,0.7058823529411765,560,681,1241,0.0008058017727639033,0.0008333472224535399,0.7060435132957271,-0.00032232070910555023
31871,26.559609326822116,0.7050765511684126,560,681,1241,-0.0008058017727639033,0.0008333472224535399,0.7058823529411743,-0.00016116035455278067
31872,26.56044267404457,0.7034649476228848,560,681,1241,-0.0016116035455278066,0.0008333472224535399,0.7054794520547923,-0.00040290088638195165
31873,26.561276021267023,0.7042707493956487,560,681,1241,0.0008058017727639033,0.0008333472224535399,0.7052377115229632,-0.00024174053182917098
31874,26.562109368489477,0.7034649476228848,560,681,1241,-0.0008058017727639033,0.0008333472224535399,0.704995970991134,-0.00024174053182917098
31875,26.56294271571193,0.7042707493956487,560,681,1241,0.0008058017727639033,0.0008333472224535399,0.7047542304593049,-0.00024174053182917098
31876,26.563776062934384,0.7042707493956487,560,681,1241,0.0,0.0008333472224535399,0.704593070104752,-0.00016116035455278067
31877,26.564609410156837,0.7034649476228848,560,681,1241,-0.0008058017727639033,0.0008333472224535399,0.7044319097501993,-0.00016116035455278067
31878,26.56544275737929,0.7034649476228848,560,681,1241,0.0,0.0008333472224535399,0.7042707493956465,-0.00016116035455278067
31879,26.566276104601744,0.7034649476228848,560,681,1241,0.0,0.0008333472224535399,0.7041095890410938,-0.00016116035455278067
31880,26.567109451824198,0.7034649476228848,560,681,1241,0.0,0.0008333472224535399,0.7038678485092645,-0.00024174053182917098
31881,26.56794279904665,0.7042707493956487,560,681,1241,0.0008058017727639033,0.0008333472224535399,0.7037872683319881,-8.058017727639034e-05
31882,26.568776146269105,0.7050765511684126,560,681,1241,0.0008058017727639033,0.0008333472224535399,0.703948428686541,0.00016116035455278067
31883,26.56960949349156,0.7058823529411765,560,681,1241,0.0008058017727639033,0.0008333472224535399,0.7041095890410938,0.00016116035455278067
31884,26.570442840714012,0.7042707493956487,560,681,1241,-0.0016116035455278066,0.0008333472224535399,0.7041901692183702,8.058017727639034e-05
31885,26.571276187936466,0.7050765511684126,560,681,1241,0.0008058017727639033,0.0008333472224535399,0.7042707493956465,8.058017727639034e-05
31886,26.57210953515892,0.7026591458501209,560,681,1241,-0.00241740531829171,0.0008333472224535399,0.7041095890410938,-0.00016116035455278067
31887,26.572942882381373,0.7034649476228848,560,681,1241,0.0008058017727639033,0.0008333472224535399,0.7041095890410938,0.0
31888,26.573776229603826,0.701853344077357,560,681,1241,-0.0016116035455278066,0.0008333472224535399,0.703948428686541,-0.00016116035455278067
31889,26.574609576826283,0.701853344077357,560,681,1241,0.0,0.0008333472224570926,0.7037872683319881,-0.00016116035455278067
31890,26.575442924048737,0.7010475423045931,560,681,1241,-0.0008058017727639033,0.0008333472224535399,0.703545527800159,-0.00024174053182917098
31891,26.57627627127119,0.7002417405318292,560,681,1241,-0.0008058017727639033,0.0008333472224535399,0.703142626913777,-0.00040290088638195165
31892,26.577109618493644,0.7002417405318292,560,681,1241,0.0,0.0008333472224535399,0.7026591458501187,-0.00048348106365834196
31893,26.577942965716097,0.7010475423045931,560,681,1241,0.0008058017727639033,0.0008333472224535399,0.7021756647864603,-0.00048348106365834196
31894,26.57877631293855,0.7010475423045931,560,681,1241,0.0,0.0008333472224535399,0.7018533440773548,-0.00032232070910556134
31895,26.579609660161005,0.7010475423045931,560,681,1241,0.0,0.0008333472224535399,0.7014504431909729,-0.00040290088638195165
31896,26.580443007383458,0.701853344077357,560,681,1241,0.0008058017727639033,0.0008333472224535399,0.7013698630136964,-8.058017727639034e-05
31897,26.58127635460591,0.7002417405318292,560,681,1241,-0.0016116035455278066,0.0008333472224535399,0.7010475423045909,-0.00032232070910556134
31898,26.582109701828365,0.7002417405318292,560,681,1241,0.0,0.0008333472224535399,0.7008863819500382,-0.00016116035455278067
31899,26.58294304905082,0.7010475423045931,560,681,1241,0.0008058017727639033,0.0008333472224535399,0.7008058017727617,-8.058017727639034e-05
31900,26.583776396273272,0.7002417405318292,560,681,1241,-0.0008058017727639033,0.0008333472224535399,0.7007252215954853,-8.058017727639034e-05
31901,26.584609743495726,0.7010475423045931,560,681,1241,0.0008058017727639033,0.0008333472224535399,0.7008058017727617,8.058017727639034e-05
31902,26.58544309071818,0.7042707493956487,560,681,1241,0.003223207091055613,0.0008333472224535399,0.7012087026591438,0.00040290088638195165
31903,26.586276437940633,0.7050765511684126,560,681,1241,0.0008058017727639033,0.0008333472224535399,0.7016116035455257,0.00040290088638195165
31904,26.587109785163086,0.7042707493956487,560,681,1241,-0.0008058017727639033,0.0008333472224535399,0.7019339242546312,0.00032232070910556134
31905,26.58794313238554,0.7050765511684126,560,681,1241,0.0008058017727639033,0.0008333472224535399,0.7023368251410131,0.00040290088638195165
31906,26.588776479607994,0.7042707493956487,560,681,1241,-0.0008058017727639033,0.0008333472224535399,0.7025785656728424,0.00024174053182917098
31907,26.589609826830447,0.7042707493956487,560,681,1241,0.0,0.0008333472224535399,0.7029814665592243,0.00040290088638195165
31908,26.5904431740529,0.7042707493956487,560,681,1241,0.0,0.0008333472224535399,0.7033843674456064,0.00040290088638195165
31909,26.591276521275354,0.7050765511684126,560,681,1241,0.0008058017727639033,0.0008333472224535399,0.7037872683319882,0.00040290088638195165
31910,26.592109868497808,0.7066881547139404,560,681,1241,0.0016116035455278066,0.0008333472224535399,0.7044319097501994,0.0006446414182111227
31911,26.592943215720265,0.7042707493956487,560,681,1241,-0.00241740531829171,0.0008333472224570926,0.704754230459305,0.00032232070910556134
31912,26.59377656294272,0.7066881547139404,560,681,1241,0.00241740531829171,0.0008333472224535399,0.7049959709911341,0.00024174053182917098
31913,26.594609910165172,0.7082997582594682,560,681,1241,0.0016116035455278066,0.0008333472224535399,0.7053182917002396,0.00032232070910556134
31914,26.595443257387625,0.7074939564867043,560,681,1241,-0.0008058017727639033,0.0008333472224535399,0.7056406124093452,0.00032232070910556134
31915,26.59627660461008,0.7099113618049959,560,681,1241,0.002417405318291599,0.0008333472224535399,0.7061240934730035,0.0004834810636583309
31916,26.597109951832532,0.7099113618049959,560,681,1241,0.0,0.0008333472224535399,0.7066881547139382,0.0005640612409347212
31917,26.597943299054986,0.7099113618049959,560,681,1241,0.0,0.0008333472224535399,0.7072522159548729,0.0005640612409347212
31918,26.59877664627744,0.709105560032232,560,681,1241,-0.0008058017727639033,0.0008333472224535399,0.7077356970185312,0.0004834810636583309
31919,26.599609993499893,0.7099113618049959,560,681,1241,0.0008058017727639033,0.0008333472224535399,0.7082191780821896,0.0004834810636583309
31920,26.600443340722347,0.7082997582594682,560,681,1241,-0.0016116035455276956,0.0008333472224535399,0.7083803384367424,0.00016116035455278067
31921,26.6012766879448,0.7074939564867043,560,681,1241,-0.0008058017727639033,0.0008333472224535399,0.708702659145848,0.00032232070910556134
31922,26.602110035167254,0.7066881547139404,560,681,1241,-0.0008058017727639033,0.0008333472224535399,0.708702659145848,0.0
31923,26.602943382389707,0.7066881547139404,560,681,1241,0.0,0.0008333472224535399,0.7085414987912951,-0.00016116035455278067
31924,26.60377672961216,0.7074939564867043,560,681,1241,0.0008058017727639033,0.0008333472224535399,0.7085414987912951,0.0
31925,26.604610076834614,0.7082997582594682,560,681,1241,0.0008058017727639033,0.0008333472224535399,0.7083803384367424,-0.00016116035455276956
31926,26.605443424057068,0.7074939564867043,560,681,1241,-0.0008058017727639033,0.0008333472224535399,0.7081385979049133,-0.0002417405318291599
31927,26.60627677127952,0.7099113618049959,560,681,1241,0.002417405318291599,0.0008333472224535399,0.7081385979049133,0.0
31928,26.607110118501975,0.7082997582594682,560,681,1241,-0.0016116035455276956,0.0008333472224535399,0.7080580177276368,-8.058017727637922e-05
31929,26.60794346572443,0.7074939564867043,560,681,1241,-0.0008058017727639033,0.0008333472224535399,0.7078162771958076,-0.0002417405318291599
31930,26.608776812946882,0.7042707493956487,560,681,1241,-0.003223207091055613,0.0008333472224535399,0.7074133763094258,-0.00040290088638195165
31931,26.609610160169336,0.7042707493956487,560,681,1241,0.0,0.0008333472224535399,0.7070910556003203,-0.00032232070910556134
31932,26.610443507391793,0.7050765511684126,560,681,1241,0.0008058017727639033,0.0008333472224570926,0.7069298952457674,-0.00016116035455278067
31933,26.611276854614246,0.7058823529411765,560,681,1241,0.0008058017727639033,0.0008333472224535399,0.7068493150684911,-8.058017727639034e-05
31934,26.6121102018367,0.7082997582594682,560,681,1241,0.00241740531829171,0.0008333472224535399,0.7069298952457674,8.058017727639034e-05
31935,26.612943549059153,0.7082997582594682,560,681,1241,0.0,0.0008333472224535399,0.7069298952457674,0.0
31936,26.613776896281607,0.7066881547139404,560,681,1241,-0.0016116035455278066,0.0008333472224535399,0.706849315068491,-8.058017727639034e-05
31937,26.61461024350406,0.7066881547139404,560,681,1241,0.0,0.0008333472224535399,0.7065269943593855,-0.00032232070910555023
31938,26.615443590726514,0.7050765511684126,560,681,1241,-0.0016116035455278066,0.0008333472224535399,0.7062046736502798,-0.00032232070910556134
31939,26.616276937948967,0.701853344077357,560,681,1241,-0.003223207091055613,0.0008333472224535399,0.7056406124093451,-0.0005640612409347323
31940,26.61711028517142,0.6986301369863014,560,681,1241,-0.003223207091055613,0.0008333472224535399,0.7050765511684103,-0.0005640612409347323
31941,26.617943632393875,0.6978243352135375,560,681,1241,-0.0008058017727639033,0.0008333472224535399,0.7044319097501992,-0.0006446414182111227
31942,26.618776979616328,0.6994359387590653,560,681,1241,0.0016116035455278066,0.0008333472224535399,0.7038678485092645,-0.0005640612409347323
31943,26.61961032683878,0.701853344077357,560,681,1241,0.00241740531829171,0.0008333472224535399,0.7034649476228825,-0.00040290088638195165
31944,26.620443674061235,0.7034649476228848,560,681,1241,0.0016116035455278066,0.0008333472224535399,0.7029814665592242,-0.00048348106365834196
31945,26.62127702128369,0.7042707493956487,560,681,1241,0.0008058017727639033,0.0008333472224535399,0.7025785656728423,-0.00040290088638195165
31946,26.622110368506142,0.7034649476228848,560,681,1241,-0.0008058017727639033,0.0008333472224535399,0.7022562449637367,-0.00032232070910556134
31947,26.622943715728596,0.7042707493956487,560,681,1241,0.0008058017727639033,0.0008333472224535399,0.7020145044319076,-0.00024174053182917098
31948,26.62377706295105,0.7034649476228848,560,681,1241,-0.0008058017727639033,0.0008333472224535399,0.7018533440773548,-0.00016116035455278067
31949,26.624610410173503,0.7034649476228848,560,681,1241,0.0,0.0008333472224535399,0.7020145044319076,0.00016116035455278067
31950,26.625443757395956,0.7026591458501209,560,681,1241,-0.0008058017727639033,0.0008333472224535399,0.7024174053182896,0.00040290088638195165
31951,26.62627710461841,0.7034649476228848,560,681,1241,0.0008058017727639033,0.0008333472224535399,0.7029814665592242,0.0005640612409347323
31952,26.627110451840863,0.7050765511684126,560,681,1241,0.0016116035455278066,0.0008333472224535399,0.703545527800159,0.0005640612409347323
31953,26.62794379906332,0.7042707493956487,560,681,1241,-0.0008058017727639033,0.0008333472224570926,0.7037872683319881,0.00024174053182917098
31954,26.628777146285774,0.7034649476228848,560,681,1241,-0.0008058017727639033,0.0008333472224535399,0.7037872683319881,0.0
31955,26.629610493508228,0.7058823529411765,560,681,1241,0.00241740531829171,0.0008333472224535399,0.703948428686541,0.00016116035455278067
31956,26.63044384073068,0.7074939564867043,560,681,1241,0.0016116035455278066,0.0008333472224535399,0.7043513295729229,0.00040290088638195165
31957,26.631277187953135,0.7066881547139404,560,681,1241,-0.0008058017727639033,0.0008333472224535399,0.704593070104752,0.00024174053182917098
31958,26.63211053517559,0.7074939564867043,560,681,1241,0.0008058017727639033,0.0008333472224535399,0.7049959709911341,0.00040290088638195165
31959,26.632943882398042,0.7050765511684126,560,681,1241,-0.00241740531829171,0.0008333472224535399,0.7051571313456868,0.00016116035455278067
31960,26.633777229620495,0.7042707493956487,560,681,1241,-0.0008058017727639033,0.0008333472224535399,0.7053182917002396,0.00016116035455278067
31961,26.63461057684295,0.7042707493956487,560,681,1241,0.0,0.0008333472224535399,0.705398871877516,8.058017727639034e-05
31962,26.635443924065402,0.7042707493956487,560,681,1241,0.0,0.0008333472224535399,0.7053182917002397,-8.058017727639034e-05
31963,26.636277271287856,0.7034649476228848,560,681,1241,-0.0008058017727639033,0.0008333472224535399,0.7052377115229633,-8.058017727639034e-05
31964,26.63711061851031,0.7034649476228848,560,681,1241,0.0,0.0008333472224535399,0.7052377115229633,0.0
31965,26.637943965732763,0.7026591458501209,560,681,1241,-0.0008058017727639033,0.0008333472224535399,0.7049153908138577,-0.00032232070910556134
31966,26.638777312955217,0.7042707493956487,560,681,1241,0.0016116035455278066,0.0008333472224535399,0.7045930701047521,-0.00032232070910556134
31967,26.63961066017767,0.7050765511684126,560,681,1241,0.0008058017727639033,0.0008333472224535399,0.7044319097501994,-0.00016116035455278067
31968,26.640444007400124,0.7042707493956487,560,681,1241,-0.0008058017727639033,0.0008333472224535399,0.7041095890410938,-0.00032232070910556134
31969,26.641277354622577,0.7042707493956487,560,681,1241,0.0,0.0008333472224535399,0.7040290088638175,-8.058017727639034e-05
31970,26.64211070184503,0.7042707493956487,560,681,1241,0.0,0.0008333472224535399,0.7040290088638175,0.0
31971,26.642944049067484,0.7042707493956487,560,681,1241,0.0,0.0008333472224535399,0.7040290088638175,0.0
31972,26.643777396289938,0.7050765511684126,560,681,1241,0.0008058017727639033,0.0008333472224535399,0.7041095890410938,8.058017727639034e-05
31973,26.64461074351239,0.7034649476228848,560,681,1241,-0.0016116035455278066,0.0008333472224535399,0.7041095890410938,0.0
31974,26.64544409073485,0.7010475423045931,560,681,1241,-0.00241740531829171,0.0008333472224570926,0.7038678485092646,-0.00024174053182917098
31975,26.646277437957302,0.7010475423045931,560,681,1241,0.0,0.0008333472224535399,0.7037066881547119,-0.00016116035455278067
31976,26.647110785179756,0.701853344077357,560,681,1241,0.0008058017727639033,0.0008333472224535399,0.7034649476228827,-0.00024174053182917098
31977,26.64794413240221,0.7026591458501209,560,681,1241,0.0008058017727639033,0.0008333472224535399,0.7032232070910536,-0.00024174053182917098
31978,26.648777479624663,0.7026591458501209,560,681,1241,0.0,0.0008333472224535399,0.7030620467365007,-0.00016116035455278067
31979,26.649610826847116,0.7034649476228848,560,681,1241,0.0008058017727639033,0.0008333472224535399,0.7029814665592243,-8.058017727639034e-05
31980,26.65044417406957,0.701853344077357,560,681,1241,-0.0016116035455278066,0.0008333472224535399,0.7027397260273951,-0.00024174053182917098
31981,26.651277521292023,0.7026591458501209,560,681,1241,0.0008058017727639033,0.0008333472224535399,0.7025785656728424,-0.00016116035455278067
31982,26.652110868514477,0.7034649476228848,560,681,1241,0.0008058017727639033,0.0008333472224535399,0.7024174053182896,-0.00016116035455278067
31983,26.65294421573693,0.7042707493956487,560,681,1241,0.0008058017727639033,0.0008333472224535399,0.702497985495566,8.058017727639034e-05
31984,26.653777562959384,0.7050765511684126,560,681,1241,0.0008058017727639033,0.0008333472224535399,0.7029008863819479,0.00040290088638195165
31985,26.654610910181837,0.7050765511684126,560,681,1241,0.0,0.0008333472224535399,0.7033037872683299,0.00040290088638195165
31986,26.65544425740429,0.7026591458501209,560,681,1241,-0.00241740531829171,0.0008333472224535399,0.7033843674456063,8.058017727639034e-05
31987,26.656277604626744,0.701853344077357,560,681,1241,-0.0008058017727639033,0.0008333472224535399,0.7033037872683299,-8.058017727639034e-05
31988,26.657110951849198,0.7026591458501209,560,681,1241,0.0008058017727639033,0.0008333472224535399,0.7033037872683299,0.0
31989,26.65794429907165,0.7026591458501209,560,681,1241,0.0,0.0008333472224535399,0.7032232070910535,-8.058017727639034e-05
31990,26.658777646294105,0.7026591458501209,560,681,1241,0.0,0.0008333472224535399,0.7033037872683299,8.058017727639034e-05
31991,26.65961099351656,0.701853344077357,560,681,1241,-0.0008058017727639033,0.0008333472224535399,0.7032232070910535,-8.058017727639034e-05
31992,26.660444340739012,0.701853344077357,560,681,1241,0.0,0.0008333472224535399,0.7030620467365007,-0.00016116035455278067
31993,26.661277687961466,0.7026591458501209,560,681,1241,0.0008058017727639033,0.0008333472224535399,0.7029008863819479,-0.00016116035455278067
31994,26.66211103518392,0.7034649476228848,560,681,1241,0.0008058017727639033,0.0008333472224535399,0.7027397260273951,-0.00016116035455278067
31995,26.662944382406376,0.7050765511684126,560,681,1241,0.0016116035455278066,0.0008333472224570926,0.7027397260273951,0.0
31996,26.66377772962883,0.7042707493956487,560,681,1241,-0.0008058017727639033,0.0008333472224535399,0.7029008863819479,0.00016116035455278067
31997,26.664611076851283,0.7050765511684126,560,681,1241,0.0008058017727639033,0.0008333472224535399,0.7032232070910535,0.00032232070910556134
31998,26.665444424073737,0.7042707493956487,560,681,1241,-0.0008058017727639033,0.0008333472224535399,0.7033843674456063,0.00016116035455278067
31999,26.66627777129619,0.7034649476228848,560,681,1241,-0.0008058017727639033,0.0008333472224535399,0.7034649476228826,8.058017727639034e-05
32000,26.667111118518644,0.7042707493956487,560,681,1241,0.0008058017727639033,0.0008333472224535399,0.7036261079774354,0.00016116035455278067
32001,26.667944465741098,0.7050765511684126,560,681,1241,0.0008058017727639033,0.0008333472224535399,0.703948428686541,0.00032232070910556134
32002,26.66877781296355,0.7066881547139404,560,681,1241,0.0016116035455278066,0.0008333472224535399,0.7044319097501993,0.00048348106365834196
32003,26.669611160186005,0.7058823529411765,560,681,1241,-0.0008058017727639033,0.0008333472224535399,0.7047542304593049,0.00032232070910556134
32004,26.670444507408458,0.7050765511684126,560,681,1241,-0.0008058017727639033,0.0008333472224535399,0.7049153908138577,0.00016116035455278067
32005,26.67127785463091,0.7050765511684126,560,681,1241,0.0,0.0008333472224535399,0.7049153908138577,0.0
32006,26.672111201853365,0.7050765511684126,560,681,1241,0.0,0.0008333472224535399,0.704995970991134,8.058017727639034e-05
32007,26.67294454907582,0.7050765511684126,560,681,1241,0.0,0.0008333472224535399,0.704995970991134,0.0
32008,26.673777896298272,0.7066881547139404,560,681,1241,0.0016116035455278066,0.0008333472224535399,0.7052377115229631,0.00024174053182917098
32009,26.674611243520726,0.7058823529411765,560,681,1241,-0.0008058017727639033,0.0008333472224535399,0.7054794520547923,0.00024174053182917098
32010,26.67544459074318,0.7074939564867043,560,681,1241,0.0016116035455278066,0.0008333472224535399,0.7058017727638979,0.00032232070910556134
32011,26.676277937965633,0.7082997582594682,560,681,1241,0.0008058017727639033,0.0008333472224535399,0.7061240934730034,0.00032232070910556134
32012,26.677111285188086,0.709105560032232,560,681,1241,0.0008058017727637923,0.0008333472224535399,0.7063658340048327,0.0002417405318291599
32013,26.67794463241054,0.709105560032232,560,681,1241,0.0,0.0008333472224535399,0.7066881547139382,0.00032232070910555023
32014,26.678777979632994,0.7082997582594682,560,681,1241,-0.0008058017727637923,0.0008333472224535399,0.7070104754230437,0.00032232070910556134
32015,26.679611326855447,0.7082997582594682,560,681,1241,0.0,0.0008333472224535399,0.7073327961321494,0.00032232070910556134
32016,26.6804446740779,0.7074939564867043,560,681,1241,-0.0008058017727639033,0.0008333472224535399,0.7075745366639785,0.00024174053182917098
32017,26.681278021300358,0.7074939564867043,560,681,1241,0.0,0.0008333472224570926,0.7078162771958078,0.00024174053182917098
32018,26.68211136852281,0.7082997582594682,560,681,1241,0.0008058017727639033,0.0008333472224535399,0.7079774375503606,0.00016116035455278067
32019,26.682944715745265,0.7107171635777598,560,681,1241,0.002417405318291599,0.0008333472224535399,0.7084609186140189,0.0004834810636583309
32020,26.68377806296772,0.7099113618049959,560,681,1241,-0.0008058017727639033,0.0008333472224535399,0.7087026591458481,0.0002417405318291599
32021,26.684611410190172,0.7107171635777598,560,681,1241,0.0008058017727639033,0.0008333472224535399,0.7089443996776772,0.0002417405318291599
32022,26.685444757412625,0.7107171635777598,560,681,1241,0.0,0.0008333472224535399,0.70910556003223,0.00016116035455278067
32023,26.68627810463508,0.7099113618049959,560,681,1241,-0.0008058017727639033,0.0008333472224535399,0.7091861402095063,8.058017727639034e-05
32024,26.687111451857533,0.7082997582594682,560,681,1241,-0.0016116035455276956,0.0008333472224535399,0.7091861402095063,0.0
32025,26.687944799079986,0.7066881547139404,560,681,1241,-0.0016116035455278066,0.0008333472224535399,0.7090249798549536,-0.00016116035455278067
32026,26.68877814630244,0.7066881547139404,560,681,1241,0.0,0.0008333472224535399,0.7089443996776772,-8.058017727639034e-05
32027,26.689611493524893,0.7058823529411765,560,681,1241,-0.0008058017727639033,0.0008333472224535399,0.7087832393231244,-0.00016116035455278067
32028,26.690444840747347,0.7042707493956487,560,681,1241,-0.0016116035455278066,0.0008333472224535399,0.7083803384367424,-0.00040290088638195165
32029,26.6912781879698,0.7050765511684126,560,681,1241,0.0008058017727639033,0.0008333472224535399,0.7078162771958076,-0.0005640612409347212
32030,26.692111535192254,0.7050765511684126,560,681,1241,0.0,0.0008333472224535399,0.7073327961321494,-0.0004834810636583309
32031,26.692944882414707,0.7050765511684126,560,681,1241,0.0,0.0008333472224535399,0.7067687348912146,-0.0005640612409347212
32032,26.69377822963716,0.7058823529411765,560,681,1241,0.0008058017727639033,0.0008333472224535399,0.7062852538275562,-0.0004834810636583309
32033,26.694611576859614,0.7066881547139404,560,681,1241,0.0008058017727639033,0.0008333472224535399,0.7059629331184507,-0.00032232070910555023
32034,26.695444924082068,0.709105560032232,560,681,1241,0.002417405318291599,0.0008333472224535399,0.7060435132957271,8.058017727637922e-05
32035,26.69627827130452,0.7139403706688154,560,681,1241,0.00483481063658342,0.0008333472224535399,0.7067687348912146,0.0007252215954875018
32036,26.697111618526975,0.7139403706688154,560,681,1241,0.0,0.0008333472224535399,0.7074939564867022,0.0007252215954875018
32037,26.69794496574943,0.7139403706688154,560,681,1241,0.0,0.0008333472224535399,0.7082997582594661,0.0008058017727638922
32038,26.698778312971886,0.7147461724415793,560,681,1241,0.0008058017727639033,0.0008333472224570926,0.7093473005640591,0.0010475423045930633
32039,26.69961166019434,0.7155519742143432,560,681,1241,0.0008058017727639033,0.0008333472224535399,0.7103948428686523,0.0010475423045930633
32040,26.700445007416793,0.717163577759871,560,681,1241,0.0016116035455278066,0.0008333472224535399,0.7116035455277981,0.001208702659145844
32041,26.701278354639246,0.717969379532635,560,681,1241,0.0008058017727639033,0.0008333472224535399,0.7128928283642204,0.001289282836422234
32042,26.7021117018617,0.717969379532635,560,681,1241,0.0,0.0008333472224535399,0.7141015310233663,0.001208702659145844
32043,26.702945049084153,0.7163577759871071,560,681,1241,-0.0016116035455278066,0.0008333472224535399,0.7150684931506829,0.0009669621273166729
32044,26.703778396306607,0.717163577759871,560,681,1241,0.0008058017727639033,0.0008333472224535399,0.7158742949234468,0.0008058017727639033
32045,26.70461174352906,0.717163577759871,560,681,1241,0.0,0.0008333472224535399,0.7161966156325523,0.00032232070910556134
32046,26.705445090751514,0.717163577759871,560,681,1241,0.0,0.0008333472224535399,0.716518936341658,0.00032232070910556134
32047,26.706278437973967,0.7187751813053989,560,681,1241,0.0016116035455278066,0.0008333472224535399,0.7170024174053162,0.00048348106365834196
32048,26.70711178519642,0.7203867848509267,560,681,1241,0.0016116035455278066,0.0008333472224535399,0.717566478646251,0.0005640612409347323
32049,26.707945132418875,0.7219983883964545,560,681,1241,0.0016116035455278066,0.0008333472224535399,0.7182111200644622,0.0006446414182111227
32050,26.708778479641328,0.7236099919419823,560,681,1241,0.0016116035455278066,0.0008333472224535399,0.7188557614826733,0.0006446414182111227
32051,26.70961182686378,0.7252215954875101,560,681,1241,0.0016116035455278066,0.0008333472224535399,0.7195809830781609,0.000725221595487513
32052,26.710445174086235,0.7268331990330379,560,681,1241,0.0016116035455278066,0.0008333472224535399,0.7204673650282012,0.0008863819500402936
32053,26.71127852130869,0.7268331990330379,560,681,1241,0.0,0.0008333472224535399,0.7215149073327943,0.0010475423045930743
32054,26.712111868531142,0.7252215954875101,560,681,1241,-0.0016116035455278066,0.0008333472224535399,0.7223207091055582,0.0008058017727639033
32055,26.712945215753596,0.726027397260274,560,681,1241,0.0008058017727639033,0.0008333472224535399,0.7232070910555984,0.0008863819500402936
32056,26.71377856297605,0.726027397260274,560,681,1241,0.0,0.0008333472224535399,0.7240934730056388,0.0008863819500402936
32057,26.714611910198503,0.726027397260274,560,681,1241,0.0,0.0008333472224535399,0.7248186946011261,0.000725221595487513
32058,26.715445257420956,0.726027397260274,560,681,1241,0.0,0.0008333472224535399,0.7253827558420609,0.0005640612409347323
32059,26.716278604643414,0.7268331990330379,560,681,1241,0.0008058017727639033,0.0008333472224570926,0.7258662369057192,0.00048348106365834196
32060,26.717111951865867,0.7268331990330379,560,681,1241,0.0,0.0008333472224535399,0.7261885576148248,0.00032232070910556134
32061,26.71794529908832,0.7276390008058018,560,681,1241,0.0008058017727639033,0.0008333472224535399,0.7264302981466539,0.00024174053182917098
32062,26.718778646310774,0.7268331990330379,560,681,1241,-0.0008058017727639033,0.0008333472224535399,0.7264302981466539,0.0
32063,26.719611993533228,0.7268331990330379,560,681,1241,0.0,0.0008333472224535399,0.7264302981466539,0.0
32064,26.72044534075568,0.7276390008058018,560,681,1241,0.0008058017727639033,0.0008333472224535399,0.7266720386784831,0.00024174053182917098
32065,26.721278687978135,0.7276390008058018,560,681,1241,0.0,0.0008333472224535399,0.7268331990330358,0.00016116035455278067
32066,26.72211203520059,0.7252215954875101,560,681,1241,-0.00241740531829171,0.0008333472224535399,0.7267526188557595,-8.058017727639034e-05
32067,26.722945382423042,0.7244157937147462,560,681,1241,-0.0008058017727639033,0.0008333472224535399,0.7265914585012067,-0.00016116035455278067
32068,26.723778729645495,0.7244157937147462,560,681,1241,0.0,0.0008333472224535399,0.7264302981466539,-0.00016116035455278067
32069,26.72461207686795,0.7252215954875101,560,681,1241,0.0008058017727639033,0.0008333472224535399,0.7262691377921011,-0.00016116035455278067
32070,26.725445424090402,0.7244157937147462,560,681,1241,-0.0008058017727639033,0.0008333472224535399,0.7260273972602719,-0.00024174053182917098
32071,26.726278771312856,0.7228041901692184,560,681,1241,-0.0016116035455278066,0.0008333472224535399,0.7255439161966135,-0.00048348106365834196
32072,26.72711211853531,0.7203867848509267,560,681,1241,-0.00241740531829171,0.0008333472224535399,0.7248992747784024,-0.0006446414182111227
32073,26.727945465757763,0.7203867848509267,560,681,1241,0.0,0.0008333472224535399,0.7242546333601914,-0.0006446414182111227
32074,26.728778812980217,0.7211925866236906,560,681,1241,0.0008058017727639033,0.0008333472224535399,0.7236099919419802,-0.0006446414182111227
32075,26.72961216020267,0.7228041901692184,560,681,1241,0.0016116035455278066,0.0008333472224535399,0.7231265108783218,-0.00048348106365834196
32076,26.730445507425124,0.7219983883964545,560,681,1241,-0.0008058017727639033,0.0008333472224535399,0.7228041901692163,-0.00032232070910556134
32077,26.731278854647577,0.7211925866236906,560,681,1241,-0.0008058017727639033,0.0008333472224535399,0.7224818694601107,-0.00032232070910556134
32078,26.73211220187003,0.7228041901692184,560,681,1241,0.0016116035455278066,0.0008333472224535399,0.7223207091055579,-0.00016116035455278067
32079,26.732945549092484,0.7219983883964545,560,681,1241,-0.0008058017727639033,0.0008333472224535399,0.7219983883964524,-0.00032232070910556134
32080,26.73377889631494,0.7244157937147462,560,681,1241,0.00241740531829171,0.0008333472224570926,0.7219983883964524,0.0
32081,26.734612243537395,0.7228041901692184,560,681,1241,-0.0016116035455278066,0.0008333472224535399,0.7219983883964524,0.0
32082,26.73544559075985,0.7244157937147462,560,681,1241,0.0016116035455278066,0.0008333472224535399,0.7224012892828343,0.00040290088638195165
32083,26.736278937982302,0.7236099919419823,560,681,1241,-0.0008058017727639033,0.0008333472224535399,0.7227236099919399,0.00032232070910556134
32084,26.737112285204756,0.7228041901692184,560,681,1241,-0.0008058017727639033,0.0008333472224535399,0.7228847703464927,0.00016116035455278067
32085,26.73794563242721,0.7228041901692184,560,681,1241,0.0,0.0008333472224535399,0.7228847703464927,0.0
32086,26.738778979649663,0.7244157937147462,560,681,1241,0.0016116035455278066,0.0008333472224535399,0.7231265108783218,0.00024174053182917098
32087,26.739612326872116,0.7284448025785657,560,681,1241,0.0040290088638195165,0.0008333472224535399,0.7238517324738093,0.000725221595487513
32088,26.74044567409457,0.7276390008058018,560,681,1241,-0.0008058017727639033,0.0008333472224535399,0.7243352135374677,0.00048348106365834196
32089,26.741279021317023,0.7308622078968574,560,681,1241,0.003223207091055613,0.0008333472224535399,0.7252215954875079,0.0008863819500402936
32090,26.742112368539477,0.7308622078968574,560,681,1241,0.0,0.0008333472224535399,0.725866236905719,0.0006446414182111227
32091,26.74294571576193,0.7316680096696213,560,681,1241,0.0008058017727639033,0.0008333472224535399,0.7267526188557594,0.0008863819500402936
32092,26.743779062984384,0.7292506043513296,560,681,1241,-0.00241740531829171,0.0008333472224535399,0.7272360999194177,0.00048348106365834196
32093,26.744612410206837,0.7316680096696213,560,681,1241,0.00241740531829171,0.0008333472224535399,0.7280419016921815,0.0008058017727639033
32094,26.74544575742929,0.7300564061240935,560,681,1241,-0.0016116035455278066,0.0008333472224535399,0.7287671232876691,0.000725221595487513
32095,26.746279104651745,0.7300564061240935,560,681,1241,0.0,0.0008333472224535399,0.7294923448831565,0.000725221595487513
32096,26.747112451874198,0.7284448025785657,560,681,1241,-0.0016116035455278066,0.0008333472224535399,0.7298952457695386,0.00040290088638195165
32097,26.74794579909665,0.7284448025785657,560,681,1241,0.0,0.0008333472224535399,0.7298952457695385,0.0
32098,26.748779146319105,0.7308622078968574,560,681,1241,0.00241740531829171,0.0008333472224535399,0.7302175664786441,0.00032232070910556134
32099,26.74961249354156,0.7324738114423852,560,681,1241,0.0016116035455278066,0.0008333472224535399,0.7303787268331969,0.00016116035455278067
32100,26.750445840764012,0.7324738114423852,560,681,1241,0.0,0.0008333472224535399,0.7305398871877499,0.00016116035455278067
32101,26.75127918798647,0.7348912167606769,560,681,1241,0.00241740531829171,0.0008333472224570926,0.7308622078968553,0.00032232070910556134
32102,26.752112535208923,0.7348912167606769,560,681,1241,0.0,0.0008333472224535399,0.7314262691377901,0.0005640612409347323
32103,26.752945882431376,0.734085414987913,560,681,1241,-0.0008058017727639033,0.0008333472224535399,0.7316680096696193,0.00024174053182917098
32104,26.75377922965383,0.7308622078968574,560,681,1241,-0.003223207091055613,0.0008333472224535399,0.7317485898468957,8.058017727639034e-05
32105,26.754612576876283,0.7284448025785657,560,681,1241,-0.00241740531829171,0.0008333472224535399,0.7315874294923429,-0.00016116035455278067
32106,26.755445924098737,0.7268331990330379,560,681,1241,-0.0016116035455278066,0.0008333472224535399,0.7314262691377901,-0.00016116035455278067
32107,26.75627927132119,0.7268331990330379,560,681,1241,0.0,0.0008333472224535399,0.7312651087832372,-0.00016116035455278067
32108,26.757112618543644,0.726027397260274,560,681,1241,-0.0008058017727639033,0.0008333472224535399,0.7307816277195789,-0.00048348106365834196
32109,26.757945965766098,0.726027397260274,560,681,1241,0.0,0.0008333472224535399,0.7301369863013678,-0.0006446414182111227
32110,26.75877931298855,0.7252215954875101,560,681,1241,-0.0008058017727639033,0.0008333472224535399,0.7294117647058804,-0.000725221595487513
32111,26.759612660211005,0.7244157937147462,560,681,1241,-0.0008058017727639033,0.0008333472224535399,0.7283642224012874,-0.0010475423045930743
32112,26.76044600743346,0.7244157937147462,560,681,1241,0.0,0.0008333472224535399,0.7273166800966944,-0.0010475423045930743
32113,26.761279354655912,0.7268331990330379,560,681,1241,0.00241740531829171,0.0008333472224535399,0.7265914585012069,-0.000725221595487513
32114,26.762112701878365,0.7276390008058018,560,681,1241,0.0008058017727639033,0.0008333472224535399,0.7262691377921013,-0.00032232070910556134
32115,26.76294604910082,0.7276390008058018,560,681,1241,0.0,0.0008333472224535399,0.7261885576148248,-8.058017727639034e-05
32116,26.763779396323272,0.7268331990330379,560,681,1241,-0.0008058017727639033,0.0008333472224535399,0.7261885576148248,0.0
32117,26.764612743545726,0.726027397260274,560,681,1241,-0.0008058017727639033,0.0008333472224535399,0.7261079774375484,-8.058017727639034e-05
32118,26.76544609076818,0.726027397260274,560,681,1241,0.0,0.0008333472224535399,0.7261079774375484,0.0
32119,26.766279437990633,0.7284448025785657,560,681,1241,0.00241740531829171,0.0008333472224535399,0.7263497179693776,0.00024174053182917098
32120,26.767112785213087,0.7292506043513296,560,681,1241,0.0008058017727639033,0.0008333472224535399,0.7267526188557596,0.00040290088638195165
32121,26.76794613243554,0.7292506043513296,560,681,1241,0.0,0.0008333472224535399,0.7272360999194178,0.00048348106365834196
32122,26.768779479657997,0.7292506043513296,560,681,1241,0.0,0.0008333472224570926,0.7277195809830763,0.00048348106365834196
32123,26.76961282688045,0.7284448025785657,560,681,1241,-0.0008058017727639033,0.0008333472224535399,0.727880741337629,0.00016116035455278067
32124,26.770446174102904,0.7276390008058018,560,681,1241,-0.0008058017727639033,0.0008333472224535399,0.727880741337629,0.0
32125,26.771279521325358,0.7292506043513296,560,681,1241,0.0016116035455278066,0.0008333472224535399,0.7280419016921819,0.00016116035455278067
32126,26.77211286854781,0.7268331990330379,560,681,1241,-0.00241740531829171,0.0008333472224535399,0.7280419016921819,0.0
32127,26.772946215770265,0.7244157937147462,560,681,1241,-0.00241740531829171,0.0008333472224535399,0.7278807413376291,-0.00016116035455278067
32128,26.77377956299272,0.7244157937147462,560,681,1241,0.0,0.0008333472224535399,0.7277195809830764,-0.00016116035455278067
32129,26.774612910215172,0.7244157937147462,560,681,1241,0.0,0.0008333472224535399,0.7273166800966945,-0.00040290088638195165
32130,26.775446257437626,0.7252215954875101,560,681,1241,0.0008058017727639033,0.0008333472224535399,0.7269137792103126,-0.00040290088638195165
32131,26.77627960466008,0.7244157937147462,560,681,1241,-0.0008058017727639033,0.0008333472224535399,0.7264302981466543,-0.00048348106365834196
32132,26.777112951882533,0.7236099919419823,560,681,1241,-0.0008058017727639033,0.0008333472224535399,0.7258662369057196,-0.0005640612409347323
32133,26.777946299104986,0.7244157937147462,560,681,1241,0.0008058017727639033,0.0008333472224535399,0.7254633360193375,-0.00040290088638195165
32134,26.77877964632744,0.726027397260274,560,681,1241,0.0016116035455278066,0.0008333472224535399,0.7253021756647848,-0.00016116035455278067
32135,26.779612993549893,0.7252215954875101,560,681,1241,-0.0008058017727639033,0.0008333472224535399,0.7248992747784029,-0.00040290088638195165
32136,26.780446340772347,0.7244157937147462,560,681,1241,-0.0008058017727639033,0.0008333472224535399,0.7246575342465736,-0.00024174053182917098
32137,26.7812796879948,0.7244157937147462,560,681,1241,0.0,0.0008333472224535399,0.7246575342465736,0.0
32138,26.782113035217254,0.7252215954875101,560,681,1241,0.0008058017727639033,0.0008333472224535399,0.72473811442385,8.058017727639034e-05
32139,26.782946382439707,0.7252215954875101,560,681,1241,0.0,0.0008333472224535399,0.7248186946011266,8.058017727639034e-05
32140,26.78377972966216,0.7236099919419823,560,681,1241,-0.0016116035455278066,0.0008333472224535399,0.7246575342465738,-0.00016116035455278067
32141,26.784613076884614,0.7236099919419823,560,681,1241,0.0,0.0008333472224535399,0.7245769540692975,-8.058017727639034e-05
32142,26.785446424107068,0.7228041901692184,560,681,1241,-0.0008058017727639033,0.0008333472224535399,0.7244963738920209,-8.058017727639034e-05
32143,26.78627977132952,0.7211925866236906,560,681,1241,-0.0016116035455278066,0.0008333472224535399,0.7241740531829154,-0.00032232070910556134
32144,26.78711311855198,0.7228041901692184,560,681,1241,0.0016116035455278066,0.0008333472224570926,0.7238517324738099,-0.00032232070910556134
32145,26.787946465774432,0.7236099919419823,560,681,1241,0.0008058017727639033,0.0008333472224535399,0.723690572119257,-0.00016116035455278067
32146,26.788779812996886,0.7228041901692184,560,681,1241,-0.0008058017727639033,0.0008333472224535399,0.7235294117647043,-0.00016116035455278067
32147,26.78961316021934,0.7228041901692184,560,681,1241,0.0,0.0008333472224535399,0.7233682514101515,-0.00016116035455278067
32148,26.790446507441793,0.7219983883964545,560,681,1241,-0.0008058017727639033,0.0008333472224535399,0.723045930701046,-0.00032232070910556134
32149,26.791279854664246,0.7228041901692184,560,681,1241,0.0008058017727639033,0.0008333472224535399,0.7228041901692167,-0.00024174053182917098
32150,26.7921132018867,0.7236099919419823,560,681,1241,0.0008058017727639033,0.0008333472224535399,0.7228041901692167,0.0
32151,26.792946549109153,0.7244157937147462,560,681,1241,0.0008058017727639033,0.0008333472224535399,0.7228847703464931,8.058017727639034e-05
32152,26.793779896331607,0.7228041901692184,560,681,1241,-0.0016116035455278066,0.0008333472224535399,0.7228847703464931,0.0
32153,26.79461324355406,0.7228041901692184,560,681,1241,0.0,0.0008333472224535399,0.7230459307010458,0.00016116035455278067
32154,26.795446590776514,0.7236099919419823,560,681,1241,0.0008058017727639033,0.0008333472224535399,0.7231265108783222,8.058017727639034e-05
32155,26.796279937998968,0.7236099919419823,560,681,1241,0.0,0.0008333472224535399,0.7231265108783222,0.0
32156,26.79711328522142,0.7236099919419823,560,681,1241,0.0,0.0008333472224535399,0.7232070910555988,8.058017727639034e-05
32157,26.797946632443875,0.7236099919419823,560,681,1241,0.0,0.0008333472224535399,0.7232876712328752,8.058017727639034e-05
32158,26.798779979666328,0.7252215954875101,560,681,1241,0.0016116035455278066,0.0008333472224535399,0.7236099919419807,0.00032232070910556134
32159,26.79961332688878,0.7236099919419823,560,681,1241,-0.0016116035455278066,0.0008333472224535399,0.7236905721192571,8.058017727639034e-05
32160,26.800446674111235,0.7252215954875101,560,681,1241,0.0016116035455278066,0.0008333472224535399,0.72385173247381,0.00016116035455278067
32161,26.80128002133369,0.7244157937147462,560,681,1241,-0.0008058017727639033,0.0008333472224535399,0.72385173247381,0.0
32162,26.802113368556142,0.7252215954875101,560,681,1241,0.0008058017727639033,0.0008333472224535399,0.7240934730056392,0.00024174053182917098
32163,26.802946715778596,0.726027397260274,560,681,1241,0.0008058017727639033,0.0008333472224535399,0.7244157937147447,0.00032232070910556134
32164,26.80378006300105,0.7252215954875101,560,681,1241,-0.0008058017727639033,0.0008333472224535399,0.7245769540692975,0.00016116035455278067
32165,26.804613410223507,0.7252215954875101,560,681,1241,0.0,0.0008333472224570926,0.7247381144238503,0.00016116035455278067
32166,26.80544675744596,0.726027397260274,560,681,1241,0.0008058017727639033,0.0008333472224535399,0.7249798549556794,0.00024174053182917098
32167,26.806280104668414,0.726027397260274,560,681,1241,0.0,0.0008333472224535399,0.7252215954875085,0.00024174053182917098
32168,26.807113451890867,0.7268331990330379,560,681,1241,0.0008058017727639033,0.0008333472224535399,0.7253827558420614,0.00016116035455278067
32169,26.80794679911332,0.7268331990330379,560,681,1241,0.0,0.0008333472224535399,0.7257050765511669,0.00032232070910556134
32170,26.808780146335774,0.7284448025785657,560,681,1241,0.0016116035455278066,0.0008333472224535399,0.7260273972602724,0.00032232070910556134
32171,26.809613493558228,0.7284448025785657,560,681,1241,0.0,0.0008333472224535399,0.7264302981466544,0.00040290088638195165
32172,26.81044684078068,0.7268331990330379,560,681,1241,-0.0016116035455278066,0.0008333472224535399,0.7265914585012072,0.00016116035455278067
32173,26.811280188003135,0.726027397260274,560,681,1241,-0.0008058017727639033,0.0008333472224535399,0.7265914585012072,0.0
32174,26.81211353522559,0.7252215954875101,560,681,1241,-0.0008058017727639033,0.0008333472224535399,0.7265914585012072,0.0
32175,26.812946882448042,0.7252215954875101,560,681,1241,0.0,0.0008333472224535399,0.7265914585012072,0.0
32176,26.813780229670495,0.7252215954875101,560,681,1241,0.0,0.0008333472224535399,0.7265108783239309,-8.058017727639034e-05
32177,26.81461357689295,0.726027397260274,560,681,1241,0.0008058017727639033,0.0008333472224535399,0.7265108783239309,0.0
32178,26.815446924115403,0.726027397260274,560,681,1241,0.0,0.0008333472224535399,0.7264302981466544,-8.058017727639034e-05
32179,26.816280271337856,0.7276390008058018,560,681,1241,0.0016116035455278066,0.0008333472224535399,0.7265108783239308,8.058017727639034e-05
32180,26.81711361856031,0.7268331990330379,560,681,1241,-0.0008058017727639033,0.0008333472224535399,0.726349717969378,-0.00016116035455278067
32181,26.817946965782763,0.7252215954875101,560,681,1241,-0.0016116035455278066,0.0008333472224535399,0.7260273972602724,-0.00032232070910556134
32182,26.818780313005217,0.7252215954875101,560,681,1241,0.0,0.0008333472224535399,0.7258662369057196,-0.00016116035455278067
32183,26.81961366022767,0.7236099919419823,560,681,1241,-0.0016116035455278066,0.0008333472224535399,0.7256244963738905,-0.00024174053182917098
32184,26.820447007450124,0.7228041901692184,560,681,1241,-0.0008058017727639033,0.0008333472224535399,0.7253827558420614,-0.00024174053182917098
32185,26.821280354672577,0.7228041901692184,560,681,1241,0.0,0.0008333472224535399,0.7251410153102321,-0.00024174053182917098
32186,26.822113701895034,0.7228041901692184,560,681,1241,0.0,0.0008333472224570926,0.7248992747784029,-0.00024174053182917098
32187,26.822947049117488,0.7228041901692184,560,681,1241,0.0,0.0008333472224535399,0.7245769540692973,-0.00032232070910556134
32188,26.82378039633994,0.7219983883964545,560,681,1241,-0.0008058017727639033,0.0008333472224535399,0.7241740531829154,-0.00040290088638195165
32189,26.824613743562395,0.7236099919419823,560,681,1241,0.0016116035455278066,0.0008333472224535399,0.7237711522965335,-0.00040290088638195165
32190,26.82544709078485,0.7236099919419823,560,681,1241,0.0,0.0008333472224535399,0.7234488315874279,-0.00032232070910556134
32191,26.826280438007302,0.7236099919419823,560,681,1241,0.0,0.0008333472224535399,0.7232876712328752,-0.00016116035455278067
32192,26.827113785229756,0.7244157937147462,560,681,1241,0.0008058017727639033,0.0008333472224535399,0.7232070910555988,-8.058017727639034e-05
32193,26.82794713245221,0.7219983883964545,560,681,1241,-0.00241740531829171,0.0008333472224535399,0.723045930701046,-0.00016116035455278067
32194,26.828780479674663,0.7228041901692184,560,681,1241,0.0008058017727639033,0.0008333472224535399,0.723045930701046,0.0
32195,26.829613826897116,0.7219983883964545,560,681,1241,-0.0008058017727639033,0.0008333472224535399,0.7229653505237696,-8.058017727639034e-05
32196,26.83044717411957,0.7219983883964545,560,681,1241,0.0,0.0008333472224535399,0.7228847703464932,-8.058017727639034e-05
32197,26.831280521342023,0.7228041901692184,560,681,1241,0.0008058017727639033,0.0008333472224535399,0.7228847703464932,0.0
32198,26.832113868564477,0.7236099919419823,560,681,1241,0.0008058017727639033,0.0008333472224535399,0.7230459307010461,0.00016116035455278067
32199,26.83294721578693,0.7236099919419823,560,681,1241,0.0,0.0008333472224535399,0.7230459307010461,0.0
32200,26.833780563009384,0.7252215954875101,560,681,1241,0.0016116035455278066,0.0008333472224535399,0.7232070910555988,0.00016116035455278067
32201,26.834613910231838,0.7236099919419823,560,681,1241,-0.0016116035455278066,0.0008333472224535399,0.7232070910555988,0.0
32202,26.83544725745429,0.7252215954875101,560,681,1241,0.0016116035455278066,0.0008333472224535399,0.7232876712328753,8.058017727639034e-05
32203,26.836280604676745,0.7252215954875101,560,681,1241,0.0,0.0008333472224535399,0.7236099919419808,0.00032232070910556134
32204,26.837113951899198,0.7244157937147462,560,681,1241,-0.0008058017727639033,0.0008333472224535399,0.7237711522965335,0.00016116035455278067
32205,26.83794729912165,0.7252215954875101,560,681,1241,0.0008058017727639033,0.0008333472224535399,0.7240934730056392,0.00032232070910556134
32206,26.838780646344105,0.7244157937147462,560,681,1241,-0.0008058017727639033,0.0008333472224535399,0.7243352135374683,0.00024174053182917098
32207,26.839613993566562,0.7236099919419823,560,681,1241,-0.0008058017727639033,0.0008333472224570926,0.7244157937147447,8.058017727639034e-05
32208,26.840447340789016,0.7252215954875101,560,681,1241,0.0016116035455278066,0.0008333472224535399,0.7245769540692975,0.00016116035455278067
32209,26.84128068801147,0.726027397260274,560,681,1241,0.0008058017727639033,0.0008333472224535399,0.7248186946011266,0.00024174053182917098
32210,26.842114035233923,0.7268331990330379,560,681,1241,0.0008058017727639033,0.0008333472224535399,0.7249798549556794,0.00016116035455278067
32211,26.842947382456376,0.726027397260274,560,681,1241,-0.0008058017727639033,0.0008333472224535399,0.7252215954875085,0.00024174053182917098
32212,26.84378072967883,0.7284448025785657,560,681,1241,0.00241740531829171,0.0008333472224535399,0.7255439161966141,0.00032232070910556134
32213,26.844614076901284,0.7292506043513296,560,681,1241,0.0008058017727639033,0.0008333472224535399,0.725946817082996,0.00040290088638195165
32214,26.845447424123737,0.7316680096696213,560,681,1241,0.00241740531829171,0.0008333472224535399,0.7266720386784835,0.000725221595487513
32215,26.84628077134619,0.7332796132151491,560,681,1241,0.0016116035455278066,0.0008333472224535399,0.7274778404512474,0.0008058017727639033
32216,26.847114118568644,0.7332796132151491,560,681,1241,0.0,0.0008333472224535399,0.7283642224012878,0.0008863819500402936
32217,26.847947465791098,0.7332796132151491,560,681,1241,0.0,0.0008333472224535399,0.7293311845286045,0.0009669621273166839
32218,26.84878081301355,0.7348912167606769,560,681,1241,0.0016116035455278066,0.0008333472224535399,0.7302981466559211,0.0009669621273166839
32219,26.849614160236005,0.7365028203062046,560,681,1241,0.0016116035455276956,0.0008333472224535399,0.7313456889605141,0.0010475423045930633
32220,26.85044750745846,0.7348912167606769,560,681,1241,-0.0016116035455276956,0.0008333472224535399,0.732151490733278,0.0008058017727639033
32221,26.851280854680912,0.734085414987913,560,681,1241,-0.0008058017727639033,0.0008333472224535399,0.7329572925060419,0.0008058017727639033
32222,26.852114201903365,0.7348912167606769,560,681,1241,0.0008058017727639033,0.0008333472224535399,0.733601933924253,0.0006446414182111227
32223,26.85294754912582,0.7348912167606769,560,681,1241,0.0,0.0008333472224535399,0.7341659951651878,0.0005640612409347323
32224,26.853780896348272,0.7356970185334408,560,681,1241,0.0008058017727639033,0.0008333472224535399,0.7345688960515697,0.00040290088638195165
32225,26.854614243570726,0.7332796132151491,560,681,1241,-0.00241740531829171,0.0008333472224535399,0.7345688960515696,0.0
32226,26.85544759079318,0.7332796132151491,560,681,1241,0.0,0.0008333472224535399,0.7345688960515696,0.0
32227,26.856280938015633,0.7324738114423852,560,681,1241,-0.0008058017727639033,0.0008333472224535399,0.7344883158742933,-8.058017727639034e-05
32228,26.85711428523809,0.734085414987913,560,681,1241,0.0016116035455278066,0.0008333472224570926,0.7344077356970169,-8.058017727639034e-05
32229,26.857947632460544,0.734085414987913,560,681,1241,0.0,0.0008333472224535399,0.7341659951651878,-0.0002417405318291599
32230,26.858780979682997,0.7348912167606769,560,681,1241,0.0008058017727639033,0.0008333472224535399,0.7341659951651877,0.0
32231,26.85961432690545,0.7373086220789685,560,681,1241,0.002417405318291599,0.0008333472224535399,0.7344883158742933,0.00032232070910555023
32232,26.860447674127904,0.734085414987913,560,681,1241,-0.003223207091055502,0.0008333472224535399,0.7344077356970169,-8.058017727639034e-05
32233,26.861281021350358,0.7324738114423852,560,681,1241,-0.0016116035455278066,0.0008333472224535399,0.7341659951651877,-0.00024174053182917098
32234,26.86211436857281,0.7324738114423852,560,681,1241,0.0,0.0008333472224535399,0.7338436744560821,-0.00032232070910556134
32235,26.862947715795265,0.7324738114423852,560,681,1241,0.0,0.0008333472224535399,0.7337630942788056,-8.058017727639034e-05
32236,26.86378106301772,0.7324738114423852,560,681,1241,0.0,0.0008333472224535399,0.7336825141015293,-8.058017727639034e-05
32237,26.864614410240172,0.7324738114423852,560,681,1241,0.0,0.0008333472224535399,0.7336825141015294,0.0
32238,26.865447757462626,0.7332796132151491,560,681,1241,0.0008058017727639033,0.0008333472224535399,0.733601933924253,-8.058017727639034e-05
32239,26.86628110468508,0.734085414987913,560,681,1241,0.0008058017727639033,0.0008333472224535399,0.733601933924253,0.0
32240,26.867114451907533,0.7348912167606769,560,681,1241,0.0008058017727639033,0.0008333472224535399,0.7336019339242529,0.0
32241,26.867947799129986,0.7356970185334408,560,681,1241,0.0008058017727639033,0.0008333472224535399,0.7334407735697,-0.00016116035455276956
32242,26.86878114635244,0.7365028203062046,560,681,1241,0.0008058017727637923,0.0008333472224535399,0.7336825141015293,0.0002417405318291599
32243,26.869614493574893,0.7348912167606769,560,681,1241,-0.0016116035455276956,0.0008333472224535399,0.7339242546333584,0.00024174053182917098
32244,26.870447840797347,0.734085414987913,560,681,1241,-0.0008058017727639033,0.0008333472224535399,0.7340854149879112,0.00016116035455278067
32245,26.8712811880198,0.7332796132151491,560,681,1241,-0.0008058017727639033,0.0008333472224535399,0.7341659951651877,8.058017727639034e-05
32246,26.872114535242254,0.7356970185334408,560,681,1241,0.00241740531829171,0.0008333472224535399,0.7344883158742932,0.00032232070910556134
32247,26.872947882464707,0.7356970185334408,560,681,1241,0.0,0.0008333472224535399,0.7348106365833987,0.00032232070910556134
32248,26.87378122968716,0.7348912167606769,560,681,1241,-0.0008058017727639033,0.0008333472224535399,0.7349717969379516,0.00016116035455278067
32249,26.874614576909615,0.734085414987913,560,681,1241,-0.0008058017727639033,0.0008333472224535399,0.7349717969379516,0.0
32250,26.87544792413207,0.7316680096696213,560,681,1241,-0.00241740531829171,0.0008333472224570926,0.7346494762288459,-0.00032232070910556134
32251,26.876281271354525,0.7308622078968574,560,681,1241,-0.0008058017727639033,0.0008333472224535399,0.7341659951651877,-0.00048348106365834196
32252,26.87711461857698,0.7316680096696213,560,681,1241,0.0008058017727639033,0.0008333472224535399,0.7336825141015293,-0.0004834810636583309
32253,26.877947965799432,0.7308622078968574,560,681,1241,-0.0008058017727639033,0.0008333472224535399,0.7332796132151473,-0.00040290088638195165
32254,26.878781313021886,0.7300564061240935,560,681,1241,-0.0008058017727639033,0.0008333472224535399,0.7328767123287653,-0.00040290088638195165
32255,26.87961466024434,0.7308622078968574,560,681,1241,0.0008058017727639033,0.0008333472224535399,0.732634971796936,-0.00024174053182917098
32256,26.880448007466793,0.7300564061240935,560,681,1241,-0.0008058017727639033,0.0008333472224535399,0.7320709105560014,-0.0005640612409347323
32257,26.881281354689246,0.7292506043513296,560,681,1241,-0.0008058017727639033,0.0008333472224535399,0.7314262691377903,-0.0006446414182111227
32258,26.8821147019117,0.7284448025785657,560,681,1241,-0.0008058017727639033,0.0008333472224535399,0.7307816277195791,-0.0006446414182111227
32259,26.882948049134153,0.7284448025785657,560,681,1241,0.0,0.0008333472224535399,0.7302175664786444,-0.0005640612409347323
32260,26.883781396356607,0.7284448025785657,560,681,1241,0.0,0.0008333472224535399,0.7298952457695388,-0.00032232070910556134
32261,26.88461474357906,0.7292506043513296,560,681,1241,0.0008058017727639033,0.0008333472224535399,0.7297340854149861,-0.00016116035455278067
32262,26.885448090801514,0.7292506043513296,560,681,1241,0.0,0.0008333472224535399,0.729492344883157,-0.00024174053182917098
32263,26.886281438023968,0.7284448025785657,560,681,1241,-0.0008058017727639033,0.0008333472224535399,0.7292506043513278,-0.00024174053182917098
32264,26.88711478524642,0.7292506043513296,560,681,1241,0.0008058017727639033,0.0008333472224535399,0.7291700241740514,-8.058017727639034e-05
32265,26.887948132468875,0.7292506043513296,560,681,1241,0.0,0.0008333472224535399,0.7290088638194987,-0.00016116035455278067
32266,26.88878147969133,0.7324738114423852,560,681,1241,0.003223207091055613,0.0008333472224535399,0.7292506043513279,0.00024174053182917098
32267,26.889614826913782,0.7332796132151491,560,681,1241,0.0008058017727639033,0.0008333472224535399,0.72965350523771,0.00040290088638195165
32268,26.890448174136235,0.734085414987913,560,681,1241,0.0008058017727639033,0.0008333472224535399,0.7302175664786448,0.0005640612409347323
32269,26.89128152135869,0.7348912167606769,560,681,1241,0.0008058017727639033,0.0008333472224535399,0.7308622078968559,0.0006446414182111227
32270,26.892114868581142,0.7324738114423852,560,681,1241,-0.00241740531829171,0.0008333472224535399,0.7312651087832378,0.00040290088638195165
32271,26.8929482158036,0.7308622078968574,560,681,1241,-0.0016116035455278066,0.0008333472224570926,0.7314262691377906,0.00016116035455278067
32272,26.893781563026053,0.7316680096696213,560,681,1241,0.0008058017727639033,0.0008333472224535399,0.7316680096696199,0.00024174053182917098
32273,26.894614910248507,0.7308622078968574,560,681,1241,-0.0008058017727639033,0.0008333472224535399,0.7319097502014491,0.00024174053182917098
32274,26.89544825747096,0.7316680096696213,560,681,1241,0.0008058017727639033,0.0008333472224535399,0.7321514907332782,0.00024174053182917098
32275,26.896281604693414,0.7308622078968574,560,681,1241,-0.0008058017727639033,0.0008333472224535399,0.7323126510878312,0.00016116035455278067
32276,26.897114951915867,0.7316680096696213,560,681,1241,0.0008058017727639033,0.0008333472224535399,0.7322320709105548,-8.058017727639034e-05
32277,26.89794829913832,0.7292506043513296,560,681,1241,-0.00241740531829171,0.0008333472224535399,0.7318291700241728,-0.00040290088638195165
32278,26.898781646360774,0.7276390008058018,560,681,1241,-0.0016116035455278066,0.0008333472224535399,0.7311845286059617,-0.0006446414182111227
32279,26.899614993583228,0.726027397260274,560,681,1241,-0.0016116035455278066,0.0008333472224535399,0.7302981466559214,-0.0008863819500402936
32280,26.90044834080568,0.726027397260274,560,681,1241,0.0,0.0008333472224535399,0.7296535052377103,-0.0006446414182111227
32281,26.901281688028135,0.726027397260274,560,681,1241,0.0,0.0008333472224535399,0.729170024174052,-0.00048348106365834196
32282,26.90211503525059,0.7252215954875101,560,681,1241,-0.0008058017727639033,0.0008333472224535399,0.7285253827558408,-0.0006446414182111227
32283,26.902948382473042,0.726027397260274,560,681,1241,0.0008058017727639033,0.0008333472224535399,0.7280419016921824,-0.00048348106365834196
32284,26.903781729695496,0.7268331990330379,560,681,1241,0.0008058017727639033,0.0008333472224535399,0.727558420628524,-0.00048348106365834196
32285,26.90461507691795,0.7268331990330379,560,681,1241,0.0,0.0008333472224535399,0.7271555197421421,-0.00040290088638195165
32286,26.905448424140403,0.7284448025785657,560,681,1241,0.0016116035455278066,0.0008333472224535399,0.7268331990330366,-0.00032232070910556134
32287,26.906281771362856,0.726027397260274,560,681,1241,-0.00241740531829171,0.0008333472224535399,0.7265108783239309,-0.00032232070910556134
32288,26.90711511858531,0.7268331990330379,560,681,1241,0.0008058017727639033,0.0008333472224535399,0.7264302981466546,-8.058017727639034e-05
32289,26.907948465807763,0.7284448025785657,560,681,1241,0.0016116035455278066,0.0008333472224535399,0.7266720386784838,0.00024174053182917098
32290,26.908781813030217,0.7276390008058018,560,681,1241,-0.0008058017727639033,0.0008333472224535399,0.7268331990330366,0.00016116035455278067
32291,26.90961516025267,0.7308622078968574,560,681,1241,0.003223207091055613,0.0008333472224535399,0.7273166800966949,0.00048348106365834196
32292,26.910448507475127,0.7292506043513296,560,681,1241,-0.0016116035455278066,0.0008333472224570926,0.727719580983077,0.00040290088638195165
32293,26.91128185469758,0.7324738114423852,560,681,1241,0.003223207091055613,0.0008333472224535399,0.7283642224012881,0.0006446414182111227
32294,26.912115201920034,0.734085414987913,560,681,1241,0.0016116035455278066,0.0008333472224535399,0.7290894439967757,0.000725221595487513
32295,26.912948549142488,0.7308622078968574,560,681,1241,-0.003223207091055613,0.0008333472224535399,0.7294923448831575,0.00040290088638195165
32296,26.91378189636494,0.7300564061240935,560,681,1241,-0.0008058017727639033,0.0008333472224535399,0.7296535052377103,0.00016116035455278067
32297,26.914615243587395,0.7300564061240935,560,681,1241,0.0,0.0008333472224535399,0.7300564061240922,0.00040290088638195165
32298,26.91544859080985,0.7292506043513296,560,681,1241,-0.0008058017727639033,0.0008333472224535399,0.7302981466559213,0.00024174053182917098
32299,26.916281938032302,0.7276390008058018,560,681,1241,-0.0016116035455278066,0.0008333472224535399,0.7302175664786449,-8.058017727639034e-05
32300,26.917115285254756,0.7276390008058018,560,681,1241,0.0,0.0008333472224535399,0.730217566478645,0.0
32301,26.91794863247721,0.7284448025785657,560,681,1241,0.0008058017727639033,0.0008333472224535399,0.7299758259468158,-0.00024174053182917098
32302,26.918781979699663,0.7284448025785657,560,681,1241,0.0,0.0008333472224535399,0.7298952457695393,-8.058017727639034e-05
32303,26.919615326922116,0.7284448025785657,560,681,1241,0.0,0.0008333472224535399,0.7294923448831574,-0.00040290088638195165
32304,26.92044867414457,0.7276390008058018,560,681,1241,-0.0008058017727639033,0.0008333472224535399,0.7288477034649464,-0.0006446414182111227
32305,26.921282021367023,0.7276390008058018,560,681,1241,0.0,0.0008333472224535399,0.7285253827558409,-0.00032232070910556134
32306,26.922115368589477,0.726027397260274,560,681,1241,-0.0016116035455278066,0.0008333472224535399,0.7281224818694589,-0.00040290088638195165
32307,26.92294871581193,0.7244157937147462,560,681,1241,-0.0016116035455278066,0.0008333472224535399,0.7275584206285242,-0.0005640612409347323
32308,26.923782063034384,0.7244157937147462,560,681,1241,0.0,0.0008333472224535399,0.7270749395648658,-0.00048348106365834196
32309,26.924615410256838,0.726027397260274,560,681,1241,0.0016116035455278066,0.0008333472224535399,0.7269137792103131,-0.00016116035455278067
32310,26.92544875747929,0.7276390008058018,560,681,1241,0.0016116035455278066,0.0008333472224535399,0.7269137792103131,0.0
32311,26.926282104701745,0.7268331990330379,560,681,1241,-0.0008058017727639033,0.0008333472224535399,0.7267526188557603,-0.00016116035455278067
32312,26.927115451924198,0.7268331990330379,560,681,1241,0.0,0.0008333472224535399,0.7265914585012074,-0.00016116035455278067
32313,26.927948799146655,0.7276390008058018,560,681,1241,0.0008058017727639033,0.0008333472224570926,0.726510878323931,-8.058017727639034e-05
32314,26.92878214636911,0.7276390008058018,560,681,1241,0.0,0.0008333472224535399,0.726510878323931,0.0
32315,26.929615493591562,0.7276390008058018,560,681,1241,0.0,0.0008333472224535399,0.726510878323931,0.0
32316,26.930448840814016,0.7276390008058018,560,681,1241,0.0,0.0008333472224535399,0.7266720386784838,0.00016116035455278067
32317,26.93128218803647,0.7268331990330379,560,681,1241,-0.0008058017727639033,0.0008333472224535399,0.7269137792103131,0.00024174053182917098
32318,26.932115535258923,0.726027397260274,560,681,1241,-0.0008058017727639033,0.0008333472224535399,0.7270749395648658,0.00016116035455278067
32319,26.932948882481377,0.7244157937147462,560,681,1241,-0.0016116035455278066,0.0008333472224535399,0.7269137792103131,-0.00016116035455278067
32320,26.93378222970383,0.726027397260274,560,681,1241,0.0016116035455278066,0.0008333472224535399,0.7267526188557603,-0.00016116035455278067
32321,26.934615576926284,0.726027397260274,560,681,1241,0.0,0.0008333472224535399,0.7266720386784838,-8.058017727639034e-05
32322,26.935448924148737,0.7236099919419823,560,681,1241,-0.00241740531829171,0.0008333472224535399,0.7263497179693783,-0.00032232070910556134
32323,26.93628227137119,0.726027397260274,560,681,1241,0.00241740531829171,0.0008333472224535399,0.7261885576148255,-0.00016116035455278067
32324,26.937115618593644,0.7252215954875101,560,681,1241,-0.0008058017727639033,0.0008333472224535399,0.7259468170829964,-0.00024174053182917098
32325,26.937948965816098,0.7228041901692184,560,681,1241,-0.00241740531829171,0.0008333472224535399,0.725463336019338,-0.00048348106365834196
32326,26.93878231303855,0.7244157937147462,560,681,1241,0.0016116035455278066,0.0008333472224535399,0.7251410153102325,-0.00032232070910556134
32327,26.939615660261005,0.7252215954875101,560,681,1241,0.0008058017727639033,0.0008333472224535399,0.7249798549556796,-0.00016116035455278067
32328,26.94044900748346,0.7284448025785657,560,681,1241,0.003223207091055613,0.0008333472224535399,0.7252215954875089,0.00024174053182917098
32329,26.941282354705912,0.7284448025785657,560,681,1241,0.0,0.0008333472224535399,0.7256244963738909,0.00040290088638195165
32330,26.942115701928365,0.7300564061240935,560,681,1241,0.0016116035455278066,0.0008333472224535399,0.7260273972602729,0.00040290088638195165
32331,26.94294904915082,0.7300564061240935,560,681,1241,0.0,0.0008333472224535399,0.7264302981466548,0.00040290088638195165
32332,26.943782396373273,0.7284448025785657,560,681,1241,-0.0016116035455278066,0.0008333472224535399,0.7269137792103132,0.00048348106365834196
32333,26.944615743595726,0.7284448025785657,560,681,1241,0.0,0.0008333472224535399,0.7271555197421424,0.00024174053182917098
32334,26.945449090818183,0.7276390008058018,560,681,1241,-0.0008058017727639033,0.0008333472224570926,0.7273972602739716,0.00024174053182917098
32335,26.946282438040637,0.7276390008058018,560,681,1241,0.0,0.0008333472224535399,0.72788074133763,0.00048348106365834196
32336,26.94711578526309,0.7276390008058018,560,681,1241,0.0,0.0008333472224535399,0.7282030620467357,0.00032232070910556134
32337,26.947949132485544,0.7276390008058018,560,681,1241,0.0,0.0008333472224535399,0.7284448025785648,0.00024174053182917098
32338,26.948782479707997,0.7284448025785657,560,681,1241,0.0008058017727639033,0.0008333472224535399,0.7284448025785648,0.0
32339,26.94961582693045,0.7268331990330379,560,681,1241,-0.0016116035455278066,0.0008333472224535399,0.7282836422240119,-0.00016116035455278067
32340,26.950449174152904,0.7268331990330379,560,681,1241,0.0,0.0008333472224535399,0.7279613215149062,-0.00032232070910556134
32341,26.951282521375358,0.7268331990330379,560,681,1241,0.0,0.0008333472224535399,0.7276390008058007,-0.00032232070910556134
32342,26.95211586859781,0.7244157937147462,560,681,1241,-0.00241740531829171,0.0008333472224535399,0.7272360999194187,-0.00040290088638195165
32343,26.952949215820265,0.7244157937147462,560,681,1241,0.0,0.0008333472224535399,0.7268331990330367,-0.00040290088638195165
32344,26.95378256304272,0.7228041901692184,560,681,1241,-0.0016116035455278066,0.0008333472224535399,0.7263497179693783,-0.00048348106365834196
32345,26.954615910265172,0.7228041901692184,560,681,1241,0.0,0.0008333472224535399,0.72586623690572,-0.00048348106365834196
32346,26.955449257487626,0.7244157937147462,560,681,1241,0.0016116035455278066,0.0008333472224535399,0.7255439161966144,-0.00032232070910556134
32347,26.95628260471008,0.7236099919419823,560,681,1241,-0.0008058017727639033,0.0008333472224535399,0.7251410153102326,-0.00040290088638195165
32348,26.957115951932533,0.7236099919419823,560,681,1241,0.0,0.0008333472224535399,0.7246575342465742,-0.00048348106365834196
32349,26.957949299154986,0.7228041901692184,560,681,1241,-0.0008058017727639033,0.0008333472224535399,0.7242546333601922,-0.00040290088638195165
32350,26.95878264637744,0.7219983883964545,560,681,1241,-0.0008058017727639033,0.0008333472224535399,0.7237711522965339,-0.00048348106365834196
32351,26.959615993599893,0.7244157937147462,560,681,1241,0.00241740531829171,0.0008333472224535399,0.7235294117647046,-0.00024174053182917098
32352,26.960449340822347,0.7244157937147462,560,681,1241,0.0,0.0008333472224535399,0.7235294117647046,0.0
32353,26.9612826880448,0.7244157937147462,560,681,1241,0.0,0.0008333472224535399,0.7235294117647046,0.0
32354,26.962116035267254,0.7228041901692184,560,681,1241,-0.0016116035455278066,0.0008333472224535399,0.7235294117647046,0.0
32355,26.96294938248971,0.7244157937147462,560,681,1241,0.0016116035455278066,0.0008333472224570926,0.7236905721192575,0.00016116035455278067
32356,26.963782729712165,0.7236099919419823,560,681,1241,-0.0008058017727639033,0.0008333472224535399,0.7236099919419811,-8.058017727639034e-05
32357,26.964616076934618,0.7236099919419823,560,681,1241,0.0,0.0008333472224535399,0.7236099919419811,0.0
32358,26.96544942415707,0.7252215954875101,560,681,1241,0.0016116035455278066,0.0008333472224535399,0.7237711522965339,0.00016116035455278067
32359,26.966282771379525,0.7252215954875101,560,681,1241,0.0,0.0008333472224535399,0.7240128928283631,0.00024174053182917098
32360,26.96711611860198,0.7252215954875101,560,681,1241,0.0,0.0008333472224535399,0.7243352135374687,0.00032232070910556134
32361,26.967949465824432,0.7276390008058018,560,681,1241,0.00241740531829171,0.0008333472224535399,0.7246575342465742,0.00032232070910556134
32362,26.968782813046886,0.7252215954875101,560,681,1241,-0.00241740531829171,0.0008333472224535399,0.7247381144238506,8.058017727639034e-05
32363,26.96961616026934,0.7268331990330379,560,681,1241,0.0016116035455278066,0.0008333472224535399,0.7249798549556798,0.00024174053182917098
32364,26.970449507491793,0.7276390008058018,560,681,1241,0.0008058017727639033,0.0008333472224535399,0.7254633360193382,0.00048348106365834196
32365,26.971282854714246,0.7268331990330379,560,681,1241,-0.0008058017727639033,0.0008333472224535399,0.7257050765511674,0.00024174053182917098
32366,26.9721162019367,0.7268331990330379,560,681,1241,0.0,0.0008333472224535399,0.726027397260273,0.00032232070910556134
32367,26.972949549159154,0.7276390008058018,560,681,1241,0.0008058017727639033,0.0008333472224535399,0.7264302981466548,0.00040290088638195165
32368,26.973782896381607,0.7252215954875101,560,681,1241,-0.00241740531829171,0.0008333472224535399,0.7264302981466548,0.0
32369,26.97461624360406,0.7252215954875101,560,681,1241,0.0,0.0008333472224535399,0.7264302981466548,0.0
32370,26.975449590826514,0.726027397260274,560,681,1241,0.0008058017727639033,0.0008333472224535399,0.7265108783239312,8.058017727639034e-05
32371,26.976282938048968,0.7244157937147462,560,681,1241,-0.0016116035455278066,0.0008333472224535399,0.7261885576148257,-0.00032232070910556134
32372,26.97711628527142,0.7252215954875101,560,681,1241,0.0008058017727639033,0.0008333472224535399,0.7261885576148257,0.0
32373,26.977949632493875,0.7252215954875101,560,681,1241,0.0,0.0008333472224535399,0.7260273972602729,-0.00016116035455278067
32374,26.97878297971633,0.726027397260274,560,681,1241,0.0008058017727639033,0.0008333472224535399,0.72586623690572,-0.00016116035455278067
32375,26.979616326938782,0.7252215954875101,560,681,1241,-0.0008058017727639033,0.0008333472224535399,0.7257050765511673,-0.00016116035455278067
32376,26.980449674161235,0.726027397260274,560,681,1241,0.0008058017727639033,0.0008333472224535399,0.7256244963738909,-8.058017727639034e-05
32377,26.981283021383692,0.7252215954875101,560,681,1241,-0.0008058017727639033,0.0008333472224570926,0.7253827558420618,-0.00024174053182917098
32378,26.982116368606146,0.7252215954875101,560,681,1241,0.0,0.0008333472224535399,0.7253827558420618,0.0
32379,26.9829497158286,0.7252215954875101,560,681,1241,0.0,0.0008333472224535399,0.7253827558420618,0.0
32380,26.983783063051053,0.726027397260274,560,681,1241,0.0008058017727639033,0.0008333472224535399,0.7253827558420618,0.0
32381,26.984616410273507,0.7228041901692184,560,681,1241,-0.003223207091055613,0.0008333472224535399,0.725221595487509,-0.00016116035455278067
32382,26.98544975749596,0.7244157937147462,560,681,1241,0.0016116035455278066,0.0008333472224535399,0.7251410153102326,-8.058017727639034e-05
32383,26.986283104718414,0.7252215954875101,560,681,1241,0.0008058017727639033,0.0008333472224535399,0.7251410153102326,0.0
32384,26.987116451940867,0.7252215954875101,560,681,1241,0.0,0.0008333472224535399,0.7250604351329561,-8.058017727639034e-05
32385,26.98794979916332,0.7252215954875101,560,681,1241,0.0,0.0008333472224535399,0.7250604351329561,0.0
32386,26.988783146385774,0.7252215954875101,560,681,1241,0.0,0.0008333472224535399,0.7249798549556798,-8.058017727639034e-05
32387,26.989616493608228,0.7236099919419823,560,681,1241,-0.0016116035455278066,0.0008333472224535399,0.724818694601127,-0.00016116035455278067
32388,26.99044984083068,0.7236099919419823,560,681,1241,0.0,0.0008333472224535399,0.7246575342465743,-0.00016116035455278067
32389,26.991283188053135,0.7228041901692184,560,681,1241,-0.0008058017727639033,0.0008333472224535399,0.7244157937147451,-0.00024174053182917098
32390,26.99211653527559,0.7187751813053989,560,681,1241,-0.0040290088638195165,0.0008333472224535399,0.7236905721192576,-0.000725221595487513
32391,26.992949882498042,0.717163577759871,560,681,1241,-0.0016116035455278066,0.0008333472224535399,0.7231265108783229,-0.0005640612409347323
32392,26.993783229720496,0.7147461724415793,560,681,1241,-0.00241740531829171,0.0008333472224535399,0.7221595487510062,-0.0009669621273166839
32393,26.99461657694295,0.7147461724415793,560,681,1241,0.0,0.0008333472224535399,0.7211120064464132,-0.0010475423045930743
32394,26.995449924165403,0.7147461724415793,560,681,1241,0.0,0.0008333472224535399,0.72006446414182,-0.0010475423045930743
32395,26.996283271387856,0.7147461724415793,560,681,1241,0.0,0.0008333472224535399,0.7190169218372269,-0.0010475423045930743
32396,26.99711661861031,0.7131345688960515,560,681,1241,-0.0016116035455278066,0.0008333472224535399,0.717808219178081,-0.001208702659145855
32397,26.997949965832763,0.7131345688960515,560,681,1241,0.0,0.0008333472224535399,0.7167606768734879,-0.0010475423045930743
32398,26.99878331305522,0.7131345688960515,560,681,1241,0.0,0.0008333472224570926,0.7157131345688947,-0.0010475423045930743
32399,26.999616660277674,0.7147461724415793,560,681,1241,0.0016116035455278066,0.0008333472224535399,0.7149073327961308,-0.0008058017727639033
32400,27.000450007500127,0.7147461724415793,560,681,1241,0.0,0.0008333472224535399,0.7145044319097489,-0.00040290088638195165
32401,27.00128335472258,0.7139403706688154,560,681,1241,-0.0008058017727639033,0.0008333472224535399,0.7141821112006432,-0.00032232070910556134
32402,27.002116701945035,0.7115229653505237,560,681,1241,-0.00241740531829171,0.0008333472224535399,0.7138597904915377,-0.00032232070910556134
32403,27.002950049167488,0.7131345688960515,560,681,1241,0.0016116035455278066,0.0008333472224535399,0.713698630136985,-0.00016116035455278067
32404,27.00378339638994,0.7123287671232876,560,681,1241,-0.0008058017727639033,0.0008333472224535399,0.7134568896051559,-0.00024174053182917098
32405,27.004616743612395,0.7115229653505237,560,681,1241,-0.0008058017727639033,0.0008333472224535399,0.7131345688960502,-0.00032232070910556134
32406,27.00545009083485,0.7115229653505237,560,681,1241,0.0,0.0008333472224535399,0.7129734085414975,-0.00016116035455278067
32407,27.006283438057302,0.7107171635777598,560,681,1241,-0.0008058017727639033,0.0008333472224535399,0.7127316680096684,-0.00024174053182917098
32408,27.007116785279756,0.7099113618049959,560,681,1241,-0.0008058017727639033,0.0008333472224535399,0.7124093473005628,-0.00032232070910556134
32409,27.00795013250221,0.7115229653505237,560,681,1241,0.0016116035455278066,0.0008333472224535399,0.7120870265914572,-0.00032232070910556134
32410,27.008783479724663,0.7107171635777598,560,681,1241,-0.0008058017727639033,0.0008333472224535399,0.7116841257050753,-0.00040290088638195165
32411,27.009616826947116,0.7107171635777598,560,681,1241,0.0,0.0008333472224535399,0.7113618049959698,-0.00032232070910556134
32412,27.01045017416957,0.7107171635777598,560,681,1241,0.0,0.0008333472224535399,0.7112812248186934,-8.058017727639034e-05
32413,27.011283521392023,0.7115229653505237,560,681,1241,0.0008058017727639033,0.0008333472224535399,0.7111200644641407,-0.00016116035455278067
32414,27.012116868614477,0.7107171635777598,560,681,1241,-0.0008058017727639033,0.0008333472224535399,0.7109589041095878,-0.00016116035455278067
32415,27.01295021583693,0.7107171635777598,560,681,1241,0.0,0.0008333472224535399,0.7108783239323115,-8.058017727639034e-05
32416,27.013783563059384,0.7115229653505237,560,681,1241,0.0008058017727639033,0.0008333472224535399,0.7108783239323115,0.0
32417,27.014616910281838,0.7115229653505237,560,681,1241,0.0,0.0008333472224535399,0.7109589041095878,8.058017727639034e-05
32418,27.01545025750429,0.7115229653505237,560,681,1241,0.0,0.0008333472224535399,0.7111200644641407,0.00016116035455278067
32419,27.01628360472675,0.709105560032232,560,681,1241,-0.00241740531829171,0.0008333472224570926,0.7108783239323115,-0.00024174053182917098
32420,27.017116951949202,0.7107171635777598,560,681,1241,0.0016116035455278066,0.0008333472224535399,0.7108783239323115,0.0
32421,27.017950299171655,0.7099113618049959,560,681,1241,-0.0008058017727639033,0.0008333472224535399,0.710797743755035,-8.058017727639034e-05
32422,27.01878364639411,0.709105560032232,560,681,1241,-0.0008058017727639033,0.0008333472224535399,0.7106365834004823,-0.00016116035455278067
32423,27.019616993616562,0.7074939564867043,560,681,1241,-0.0016116035455276956,0.0008333472224535399,0.7102336825141004,-0.00040290088638194054
32424,27.020450340839016,0.7074939564867043,560,681,1241,0.0,0.0008333472224535399,0.7099113618049948,-0.00032232070910555023
32425,27.02128368806147,0.7066881547139404,560,681,1241,-0.0008058017727639033,0.0008333472224535399,0.7095084609186129,-0.00040290088638194054
32426,27.022117035283923,0.709105560032232,560,681,1241,0.002417405318291599,0.0008333472224535399,0.7092667203867837,-0.00024174053182917098
32427,27.022950382506377,0.7115229653505237,560,681,1241,0.00241740531829171,0.0008333472224535399,0.7092667203867837,0.0
32428,27.02378372972883,0.7115229653505237,560,681,1241,0.0,0.0008333472224535399,0.7092667203867837,0.0
32429,27.024617076951284,0.7115229653505237,560,681,1241,0.0,0.0008333472224535399,0.7095084609186129,0.00024174053182917098
32430,27.025450424173737,0.7115229653505237,560,681,1241,0.0,0.0008333472224535399,0.7095890410958892,8.058017727639034e-05
32431,27.02628377139619,0.7115229653505237,560,681,1241,0.0,0.0008333472224535399,0.709750201450442,0.00016116035455278067
32432,27.027117118618644,0.7115229653505237,560,681,1241,0.0,0.0008333472224535399,0.7099919419822711,0.00024174053182917098
32433,27.027950465841098,0.7107171635777598,560,681,1241,-0.0008058017727639033,0.0008333472224535399,0.7103142626913767,0.00032232070910555023
32434,27.02878381306355,0.7131345688960515,560,681,1241,0.00241740531829171,0.0008333472224535399,0.7108783239323113,0.0005640612409347212
32435,27.029617160286005,0.7115229653505237,560,681,1241,-0.0016116035455278066,0.0008333472224535399,0.7113618049959697,0.0004834810636583309
32436,27.03045050750846,0.7107171635777598,560,681,1241,-0.0008058017727639033,0.0008333472224535399,0.7115229653505224,0.00016116035455278067
32437,27.031283854730912,0.7107171635777598,560,681,1241,0.0,0.0008333472224535399,0.7114423851732461,-8.058017727639034e-05
32438,27.032117201953366,0.709105560032232,560,681,1241,-0.0016116035455278066,0.0008333472224535399,0.711200644641417,-0.00024174053182917098
32439,27.03295054917582,0.7115229653505237,560,681,1241,0.00241740531829171,0.0008333472224535399,0.711200644641417,0.0
32440,27.033783896398276,0.7115229653505237,560,681,1241,0.0,0.0008333472224570926,0.711200644641417,0.0
32441,27.03461724362073,0.7115229653505237,560,681,1241,0.0,0.0008333472224535399,0.711200644641417,0.0
32442,27.035450590843183,0.7115229653505237,560,681,1241,0.0,0.0008333472224535399,0.711200644641417,0.0
32443,27.036283938065637,0.7115229653505237,560,681,1241,0.0,0.0008333472224535399,0.7112812248186933,8.058017727639034e-05
32444,27.03711728528809,0.7115229653505237,560,681,1241,0.0,0.0008333472224535399,0.7111200644641406,-0.00016116035455278067
32445,27.037950632510544,0.7123287671232876,560,681,1241,0.0008058017727639033,0.0008333472224535399,0.711200644641417,8.058017727639034e-05
32446,27.038783979732997,0.7123287671232876,560,681,1241,0.0,0.0008333472224535399,0.7113618049959698,0.00016116035455278067
32447,27.03961732695545,0.7131345688960515,560,681,1241,0.0008058017727639033,0.0008333472224535399,0.7116035455277989,0.00024174053182917098
32448,27.040450674177904,0.7123287671232876,560,681,1241,-0.0008058017727639033,0.0008333472224535399,0.7119258662369045,0.00032232070910556134
32449,27.041284021400358,0.7131345688960515,560,681,1241,0.0008058017727639033,0.0008333472224535399,0.7120870265914572,0.00016116035455278067
32450,27.04211736862281,0.7131345688960515,560,681,1241,0.0,0.0008333472224535399,0.71224818694601,0.00016116035455278067
32451,27.042950715845265,0.7107171635777598,560,681,1241,-0.00241740531829171,0.0008333472224535399,0.7121676067687337,-8.058017727639034e-05
32452,27.04378406306772,0.7107171635777598,560,681,1241,0.0,0.0008333472224535399,0.7120870265914573,-8.058017727639034e-05
32453,27.044617410290172,0.7099113618049959,560,681,1241,-0.0008058017727639033,0.0008333472224535399,0.7119258662369046,-0.00016116035455278067
32454,27.045450757512626,0.7131345688960515,560,681,1241,0.003223207091055613,0.0008333472224535399,0.7120870265914573,0.00016116035455278067
32455,27.04628410473508,0.7131345688960515,560,681,1241,0.0,0.0008333472224535399,0.7121676067687337,8.058017727639034e-05
32456,27.047117451957533,0.7115229653505237,560,681,1241,-0.0016116035455278066,0.0008333472224535399,0.7120870265914572,-8.058017727639034e-05
32457,27.047950799179986,0.7099113618049959,560,681,1241,-0.0016116035455278066,0.0008333472224535399,0.7117647058823516,-0.00032232070910556134
32458,27.04878414640244,0.7115229653505237,560,681,1241,0.0016116035455278066,0.0008333472224535399,0.7116841257050752,-8.058017727639034e-05
32459,27.049617493624893,0.7107171635777598,560,681,1241,-0.0008058017727639033,0.0008333472224535399,0.7114423851732461,-0.00024174053182917098
32460,27.050450840847347,0.7099113618049959,560,681,1241,-0.0008058017727639033,0.0008333472224535399,0.7111200644641406,-0.00032232070910556134
32461,27.051284188069804,0.7115229653505237,560,681,1241,0.0016116035455278066,0.0008333472224570926,0.7112006446414169,8.058017727639034e-05
32462,27.052117535292258,0.7115229653505237,560,681,1241,0.0,0.0008333472224535399,0.7112812248186933,8.058017727639034e-05
32463,27.05295088251471,0.7123287671232876,560,681,1241,0.0008058017727639033,0.0008333472224535399,0.7115229653505224,0.00024174053182917098
32464,27.053784229737165,0.7115229653505237,560,681,1241,-0.0008058017727639033,0.0008333472224535399,0.7113618049959697,-0.00016116035455278067
32465,27.054617576959618,0.7131345688960515,560,681,1241,0.0016116035455278066,0.0008333472224535399,0.7113618049959697,0.0
32466,27.05545092418207,0.7131345688960515,560,681,1241,0.0,0.0008333472224535399,0.7115229653505224,0.00016116035455278067
32467,27.056284271404525,0.7139403706688154,560,681,1241,0.0008058017727639033,0.0008333472224535399,0.7119258662369045,0.00040290088638195165
32468,27.05711761862698,0.717163577759871,560,681,1241,0.003223207091055613,0.0008333472224535399,0.7124899274778392,0.0005640612409347323
32469,27.057950965849432,0.7211925866236906,560,681,1241,0.0040290088638195165,0.0008333472224535399,0.7135374697824323,0.0010475423045930743
32470,27.058784313071886,0.7219983883964545,560,681,1241,0.0008058017727639033,0.0008333472224535399,0.7147461724415781,0.001208702659145855
32471,27.05961766029434,0.7228041901692184,560,681,1241,0.0008058017727639033,0.0008333472224535399,0.7158742949234476,0.0011281224818694645
32472,27.060451007516793,0.7228041901692184,560,681,1241,0.0,0.0008333472224535399,0.7170024174053171,0.0011281224818694645
32473,27.061284354739247,0.7219983883964545,560,681,1241,-0.0008058017727639033,0.0008333472224535399,0.7179693795326337,0.0009669621273166839
32474,27.0621177019617,0.7219983883964545,560,681,1241,0.0,0.0008333472224535399,0.7190169218372269,0.0010475423045930743
32475,27.062951049184154,0.7203867848509267,560,681,1241,-0.0016116035455278066,0.0008333472224535399,0.7197421434327145,0.000725221595487513
32476,27.063784396406607,0.7203867848509267,560,681,1241,0.0,0.0008333472224535399,0.720467365028202,0.000725221595487513
32477,27.06461774362906,0.7219983883964545,560,681,1241,0.0016116035455278066,0.0008333472224535399,0.7212731668009659,0.0008058017727639033
32478,27.065451090851514,0.7228041901692184,560,681,1241,0.0008058017727639033,0.0008333472224535399,0.7218372280419005,0.0005640612409347323
32479,27.066284438073968,0.7219983883964545,560,681,1241,-0.0008058017727639033,0.0008333472224535399,0.7219178082191771,8.058017727639034e-05
32480,27.06711778529642,0.7203867848509267,560,681,1241,-0.0016116035455278066,0.0008333472224535399,0.7217566478646242,-0.00016116035455278067
32481,27.067951132518875,0.7163577759871071,560,681,1241,-0.0040290088638195165,0.0008333472224535399,0.7211120064464132,-0.0006446414182111227
32482,27.06878447974133,0.717163577759871,560,681,1241,0.0008058017727639033,0.0008333472224535399,0.7205479452054784,-0.0005640612409347323
32483,27.069617826963785,0.717163577759871,560,681,1241,0.0,0.0008333472224570926,0.7200644641418201,-0.00048348106365834196
32484,27.07045117418624,0.717163577759871,560,681,1241,0.0,0.0008333472224535399,0.7195809830781618,-0.00048348106365834196
32485,27.071284521408693,0.717969379532635,560,681,1241,0.0008058017727639033,0.0008333472224535399,0.7193392425463325,-0.00024174053182917098
32486,27.072117868631146,0.7187751813053989,560,681,1241,0.0008058017727639033,0.0008333472224535399,0.7191780821917797,-0.00016116035455278067
32487,27.0729512158536,0.7203867848509267,560,681,1241,0.0016116035455278066,0.0008333472224535399,0.719016921837227,-0.00016116035455278067
32488,27.073784563076053,0.7187751813053989,560,681,1241,-0.0016116035455278066,0.0008333472224535399,0.718614020950845,-0.00040290088638195165
32489,27.074617910298507,0.7187751813053989,560,681,1241,0.0,0.0008333472224535399,0.7182917002417395,-0.00032232070910556134
32490,27.07545125752096,0.7163577759871071,560,681,1241,-0.00241740531829171,0.0008333472224535399,0.7178887993553575,-0.00040290088638195165
32491,27.076284604743414,0.7195809830781628,560,681,1241,0.003223207091055613,0.0008333472224535399,0.7182111200644631,0.00032232070910556134
32492,27.077117951965867,0.7187751813053989,560,681,1241,-0.0008058017727639033,0.0008333472224535399,0.7183722804190158,0.00016116035455278067
32493,27.07795129918832,0.7187751813053989,560,681,1241,0.0,0.0008333472224535399,0.7185334407735686,0.00016116035455278067
32494,27.078784646410774,0.7187751813053989,560,681,1241,0.0,0.0008333472224535399,0.7186946011281214,0.00016116035455278067
32495,27.079617993633228,0.7187751813053989,560,681,1241,0.0,0.0008333472224535399,0.7187751813053979,8.058017727639034e-05
32496,27.08045134085568,0.7195809830781628,560,681,1241,0.0008058017727639033,0.0008333472224535399,0.7188557614826742,8.058017727639034e-05
32497,27.081284688078135,0.7203867848509267,560,681,1241,0.0008058017727639033,0.0008333472224535399,0.7188557614826742,0.0
32498,27.08211803530059,0.7203867848509267,560,681,1241,0.0,0.0008333472224535399,0.719016921837227,0.00016116035455278067
32499,27.082951382523042,0.7195809830781628,560,681,1241,-0.0008058017727639033,0.0008333472224535399,0.7190975020145033,8.058017727639034e-05
32500,27.083784729745496,0.7187751813053989,560,681,1241,-0.0008058017727639033,0.0008333472224535399,0.7193392425463325,0.00024174053182917098
32501,27.08461807696795,0.7195809830781628,560,681,1241,0.0008058017727639033,0.0008333472224535399,0.7193392425463325,0.0
32502,27.085451424190403,0.7203867848509267,560,681,1241,0.0008058017727639033,0.0008333472224535399,0.7195004029008853,0.00016116035455278067
32503,27.086284771412856,0.7203867848509267,560,681,1241,0.0,0.0008333472224535399,0.7196615632554381,0.00016116035455278067
32504,27.087118118635313,0.7195809830781628,560,681,1241,-0.0008058017727639033,0.0008333472224570926,0.7197421434327145,8.058017727639034e-05
32505,27.087951465857767,0.7163577759871071,560,681,1241,-0.003223207091055613,0.0008333472224535399,0.7195004029008852,-0.00024174053182917098
32506,27.08878481308022,0.717163577759871,560,681,1241,0.0008058017727639033,0.0008333472224535399,0.7192586623690561,-0.00024174053182917098
32507,27.089618160302674,0.717163577759871,560,681,1241,0.0,0.0008333472224535399,0.7189363416599506,-0.00032232070910556134
32508,27.090451507525128,0.717163577759871,560,681,1241,0.0,0.0008333472224535399,0.7186140209508449,-0.00032232070910556134
32509,27.09128485474758,0.717163577759871,560,681,1241,0.0,0.0008333472224535399,0.7183722804190158,-0.00024174053182917098
32510,27.092118201970035,0.717163577759871,560,681,1241,0.0,0.0008333472224535399,0.7182111200644631,-0.00016116035455278067
32511,27.092951549192488,0.717969379532635,560,681,1241,0.0008058017727639033,0.0008333472224535399,0.7180499597099103,-0.00016116035455278067
32512,27.09378489641494,0.717969379532635,560,681,1241,0.0,0.0008333472224535399,0.717808219178081,-0.00024174053182917098
32513,27.094618243637395,0.7195809830781628,560,681,1241,0.0016116035455278066,0.0008333472224535399,0.7177276390008046,-8.058017727639034e-05
32514,27.09545159085985,0.7187751813053989,560,681,1241,-0.0008058017727639033,0.0008333472224535399,0.7176470588235283,-8.058017727639034e-05
32515,27.096284938082302,0.7195809830781628,560,681,1241,0.0008058017727639033,0.0008333472224535399,0.7179693795326338,0.00032232070910556134
32516,27.097118285304756,0.7211925866236906,560,681,1241,0.0016116035455278066,0.0008333472224535399,0.7183722804190158,0.00040290088638195165
32517,27.09795163252721,0.7219983883964545,560,681,1241,0.0008058017727639033,0.0008333472224535399,0.718855761482674,0.00048348106365834196
32518,27.098784979749663,0.7236099919419823,560,681,1241,0.0016116035455278066,0.0008333472224535399,0.7195004029008852,0.0006446414182111227
32519,27.099618326972116,0.7252215954875101,560,681,1241,0.0016116035455278066,0.0008333472224535399,0.7203062046736491,0.0008058017727639033
32520,27.10045167419457,0.726027397260274,560,681,1241,0.0008058017727639033,0.0008333472224535399,0.7211925866236893,0.0008863819500402936
32521,27.101285021417024,0.7252215954875101,560,681,1241,-0.0008058017727639033,0.0008333472224535399,0.721917808219177,0.000725221595487513
32522,27.102118368639477,0.7244157937147462,560,681,1241,-0.0008058017727639033,0.0008333472224535399,0.722562449637388,0.0006446414182111227
32523,27.10295171586193,0.7244157937147462,560,681,1241,0.0,0.0008333472224535399,0.7230459307010464,0.00048348106365834196
32524,27.103785063084384,0.726027397260274,560,681,1241,0.0016116035455278066,0.0008333472224535399,0.7237711522965339,0.000725221595487513
32525,27.10461841030684,0.7276390008058018,560,681,1241,0.0016116035455278066,0.0008333472224570926,0.7245769540692978,0.0008058017727639033
32526,27.105451757529295,0.726027397260274,560,681,1241,-0.0016116035455278066,0.0008333472224535399,0.7250604351329561,0.00048348106365834196
32527,27.10628510475175,0.7276390008058018,560,681,1241,0.0016116035455278066,0.0008333472224535399,0.7256244963738908,0.0005640612409347323
32528,27.107118451974202,0.7268331990330379,560,681,1241,-0.0008058017727639033,0.0008333472224535399,0.7259468170829964,0.00032232070910556134
32529,27.107951799196655,0.7276390008058018,560,681,1241,0.0008058017727639033,0.0008333472224535399,0.7261885576148255,0.00024174053182917098
32530,27.10878514641911,0.7268331990330379,560,681,1241,-0.0008058017727639033,0.0008333472224535399,0.7262691377921019,8.058017727639034e-05
32531,27.109618493641563,0.7276390008058018,560,681,1241,0.0008058017727639033,0.0008333472224535399,0.726510878323931,0.00024174053182917098
32532,27.110451840864016,0.7284448025785657,560,681,1241,0.0008058017727639033,0.0008333472224535399,0.7269137792103131,0.00040290088638195165
32533,27.11128518808647,0.7292506043513296,560,681,1241,0.0008058017727639033,0.0008333472224535399,0.7273972602739713,0.00048348106365834196
32534,27.112118535308923,0.7284448025785657,560,681,1241,-0.0008058017727639033,0.0008333472224535399,0.7276390008058006,0.00024174053182917098
32535,27.112951882531377,0.7284448025785657,560,681,1241,0.0,0.0008333472224535399,0.727719580983077,8.058017727639034e-05
32536,27.11378522975383,0.7308622078968574,560,681,1241,0.00241740531829171,0.0008333472224535399,0.7282030620467353,0.00048348106365834196
32537,27.114618576976284,0.7316680096696213,560,681,1241,0.0008058017727639033,0.0008333472224535399,0.7286059629331174,0.00040290088638195165
32538,27.115451924198737,0.7324738114423852,560,681,1241,0.0008058017727639033,0.0008333472224535399,0.7291700241740522,0.0005640612409347323
32539,27.11628527142119,0.7324738114423852,560,681,1241,0.0,0.0008333472224535399,0.7296535052377106,0.00048348106365834196
32540,27.117118618643644,0.7316680096696213,560,681,1241,-0.0008058017727639033,0.0008333472224535399,0.7301369863013688,0.00048348106365834196
32541,27.117951965866098,0.7324738114423852,560,681,1241,0.0008058017727639033,0.0008333472224535399,0.7306204673650273,0.00048348106365834196
32542,27.11878531308855,0.734085414987913,560,681,1241,0.0016116035455278066,0.0008333472224535399,0.731184528605962,0.0005640612409347323
32543,27.119618660311005,0.7324738114423852,560,681,1241,-0.0016116035455278066,0.0008333472224535399,0.7315068493150675,0.00032232070910556134
32544,27.12045200753346,0.7308622078968574,560,681,1241,-0.0016116035455278066,0.0008333472224535399,0.7317485898468967,0.00024174053182917098
32545,27.121285354755912,0.7292506043513296,560,681,1241,-0.0016116035455278066,0.0008333472224535399,0.731829170024173,8.058017727639034e-05
32546,27.12211870197837,0.7292506043513296,560,681,1241,0.0,0.0008333472224570926,0.7316680096696203,-0.00016116035455278067
32547,27.122952049200823,0.7284448025785657,560,681,1241,-0.0008058017727639033,0.0008333472224535399,0.7313456889605147,-0.00032232070910556134
32548,27.123785396423276,0.7292506043513296,560,681,1241,0.0008058017727639033,0.0008333472224535399,0.7310233682514091,-0.00032232070910556134
32549,27.12461874364573,0.7276390008058018,560,681,1241,-0.0016116035455278066,0.0008333472224535399,0.7305398871877509,-0.00048348106365834196
32550,27.125452090868183,0.7300564061240935,560,681,1241,0.00241740531829171,0.0008333472224535399,0.7303787268331979,-0.00016116035455278067
32551,27.126285438090637,0.7276390008058018,560,681,1241,-0.00241740531829171,0.0008333472224535399,0.7298952457695397,-0.00048348106365834196
32552,27.12711878531309,0.7276390008058018,560,681,1241,0.0,0.0008333472224535399,0.7292506043513287,-0.0006446414182111227
32553,27.127952132535544,0.7284448025785657,560,681,1241,0.0008058017727639033,0.0008333472224535399,0.7288477034649467,-0.00040290088638195165
32554,27.128785479757997,0.7252215954875101,560,681,1241,-0.003223207091055613,0.0008333472224535399,0.728283642224012,-0.0005640612409347323
32555,27.12961882698045,0.7252215954875101,560,681,1241,0.0,0.0008333472224535399,0.72788074133763,-0.00040290088638195165
32556,27.130452174202905,0.7228041901692184,560,681,1241,-0.00241740531829171,0.0008333472224535399,0.7272360999194188,-0.0006446414182111227
32557,27.131285521425358,0.7211925866236906,560,681,1241,-0.0016116035455278066,0.0008333472224535399,0.7265108783239314,-0.000725221595487513
32558,27.13211886864781,0.7203867848509267,560,681,1241,-0.0008058017727639033,0.0008333472224535399,0.725624496373891,-0.0008863819500402936
32559,27.132952215870265,0.7219983883964545,560,681,1241,0.0016116035455278066,0.0008333472224535399,0.7250604351329564,-0.0005640612409347323
32560,27.13378556309272,0.7219983883964545,560,681,1241,0.0,0.0008333472224535399,0.7242546333601925,-0.0008058017727639033
32561,27.134618910315172,0.7228041901692184,560,681,1241,0.0008058017727639033,0.0008333472224535399,0.7237711522965341,-0.00048348106365834196
32562,27.135452257537626,0.7236099919419823,560,681,1241,0.0008058017727639033,0.0008333472224535399,0.7233682514101523,-0.00040290088638195165
32563,27.13628560476008,0.7203867848509267,560,681,1241,-0.003223207091055613,0.0008333472224535399,0.7225624496373884,-0.0008058017727639033
32564,27.137118951982533,0.7203867848509267,560,681,1241,0.0,0.0008333472224535399,0.72207896857373,-0.00048348106365834196
32565,27.137952299204986,0.7203867848509267,560,681,1241,0.0,0.0008333472224535399,0.7215954875100716,-0.00048348106365834196
32566,27.13878564642744,0.7195809830781628,560,681,1241,-0.0008058017727639033,0.0008333472224535399,0.7212731668009661,-0.00032232070910556134
32567,27.139618993649897,0.7195809830781628,560,681,1241,0.0,0.0008333472224570926,0.7211120064464133,-0.00016116035455278067
32568,27.14045234087235,0.7187751813053989,560,681,1241,-0.0008058017727639033,0.0008333472224535399,0.7209508460918606,-0.00016116035455278067
32569,27.141285688094804,0.717163577759871,560,681,1241,-0.0016116035455278066,0.0008333472224535399,0.7204673650282022,-0.00048348106365834196
32570,27.142119035317258,0.717969379532635,560,681,1241,0.0008058017727639033,0.0008333472224535399,0.7200644641418201,-0.00040290088638195165
32571,27.14295238253971,0.7163577759871071,560,681,1241,-0.0016116035455278066,0.0008333472224535399,0.719419822723609,-0.0006446414182111227
32572,27.143785729762165,0.7163577759871071,560,681,1241,0.0,0.0008333472224535399,0.7186946011281214,-0.000725221595487513
32573,27.14461907698462,0.7187751813053989,560,681,1241,0.00241740531829171,0.0008333472224535399,0.7185334407735687,-0.00016116035455278067
32574,27.145452424207072,0.717163577759871,560,681,1241,-0.0016116035455278066,0.0008333472224535399,0.7182111200644632,-0.00032232070910556134
32575,27.146285771429525,0.717163577759871,560,681,1241,0.0,0.0008333472224535399,0.7178887993553575,-0.00032232070910556134
32576,27.14711911865198,0.717163577759871,560,681,1241,0.0,0.0008333472224535399,0.7176470588235284,-0.00024174053182917098
32577,27.147952465874432,0.7147461724415793,560,681,1241,-0.00241740531829171,0.0008333472224535399,0.7171635777598702,-0.00048348106365834196
32578,27.148785813096886,0.7155519742143432,560,681,1241,0.0008058017727639033,0.0008333472224535399,0.7168412570507645,-0.00032232070910556134
32579,27.14961916031934,0.7147461724415793,560,681,1241,-0.0008058017727639033,0.0008333472224535399,0.7165995165189354,-0.00024174053182917098
32580,27.150452507541793,0.7155519742143432,560,681,1241,0.0008058017727639033,0.0008333472224535399,0.7163577759871063,-0.00024174053182917098
32581,27.151285854764247,0.7163577759871071,560,681,1241,0.0008058017727639033,0.0008333472224535399,0.7163577759871063,0.0
32582,27.1521192019867,0.7139403706688154,560,681,1241,-0.00241740531829171,0.0008333472224535399,0.7161160354552771,-0.00024174053182917098
32583,27.152952549209154,0.7163577759871071,560,681,1241,0.00241740531829171,0.0008333472224535399,0.7158742949234479,-0.00024174053182917098
32584,27.153785896431607,0.7155519742143432,560,681,1241,-0.0008058017727639033,0.0008333472224535399,0.7157131345688951,-0.00016116035455278067
32585,27.15461924365406,0.7155519742143432,560,681,1241,0.0,0.0008333472224535399,0.7155519742143424,-0.00016116035455278067
32586,27.155452590876514,0.7155519742143432,560,681,1241,0.0,0.0008333472224535399,0.7153908138597895,-0.00016116035455278067
32587,27.156285938098968,0.7147461724415793,560,681,1241,-0.0008058017727639033,0.0008333472224535399,0.7153908138597895,0.0
32588,27.157119285321425,0.7139403706688154,560,681,1241,-0.0008058017727639033,0.0008333472224570926,0.7152296535052367,-0.00016116035455278067
32589,27.15795263254388,0.7131345688960515,560,681,1241,-0.0008058017727639033,0.0008333472224535399,0.715068493150684,-0.00016116035455278067
32590,27.158785979766332,0.7139403706688154,560,681,1241,0.0008058017727639033,0.0008333472224535399,0.7149073327961312,-0.00016116035455278067
32591,27.159619326988786,0.7139403706688154,560,681,1241,0.0,0.0008333472224535399,0.714665592264302,-0.00024174053182917098
32592,27.16045267421124,0.7131345688960515,560,681,1241,-0.0008058017727639033,0.0008333472224535399,0.7145850120870256,-8.058017727639034e-05
32593,27.161286021433693,0.7123287671232876,560,681,1241,-0.0008058017727639033,0.0008333472224535399,0.7141821112006437,-0.00040290088638195165
32594,27.162119368656146,0.7123287671232876,560,681,1241,0.0,0.0008333472224535399,0.7138597904915381,-0.00032232070910556134
32595,27.1629527158786,0.7131345688960515,560,681,1241,0.0008058017727639033,0.0008333472224535399,0.7136180499597089,-0.00024174053182917098
32596,27.163786063101053,0.7155519742143432,560,681,1241,0.00241740531829171,0.0008333472224535399,0.7136180499597089,0.0
32597,27.164619410323507,0.717163577759871,560,681,1241,0.0016116035455278066,0.0008333472224535399,0.7138597904915381,0.00024174053182917098
32598,27.16545275754596,0.7163577759871071,560,681,1241,-0.0008058017727639033,0.0008333472224535399,0.7141015310233673,0.00024174053182917098
32599,27.166286104768414,0.717163577759871,560,681,1241,0.0008058017727639033,0.0008333472224535399,0.7145044319097493,0.00040290088638195165
32600,27.167119451990867,0.7147461724415793,560,681,1241,-0.00241740531829171,0.0008333472224535399,0.7145850120870256,8.058017727639034e-05
32601,27.16795279921332,0.7115229653505237,560,681,1241,-0.003223207091055613,0.0008333472224535399,0.7143432715551964,-0.00024174053182917098
32602,27.168786146435774,0.7099113618049959,560,681,1241,-0.0016116035455278066,0.0008333472224535399,0.7140209508460909,-0.00032232070910556134
32603,27.169619493658228,0.7123287671232876,560,681,1241,0.00241740531829171,0.0008333472224535399,0.7140209508460909,0.0
32604,27.17045284088068,0.7131345688960515,560,681,1241,0.0008058017727639033,0.0008333472224535399,0.7141015310233672,8.058017727639034e-05
32605,27.171286188103135,0.7123287671232876,560,681,1241,-0.0008058017727639033,0.0008333472224535399,0.7140209508460909,-8.058017727639034e-05
32606,27.17211953532559,0.7131345688960515,560,681,1241,0.0008058017727639033,0.0008333472224535399,0.7137792103142616,-0.00024174053182917098
32607,27.172952882548042,0.7123287671232876,560,681,1241,-0.0008058017727639033,0.0008333472224535399,0.7132957292506032,-0.00048348106365834196
32608,27.173786229770496,0.7115229653505237,560,681,1241,-0.0008058017727639033,0.0008333472224535399,0.712812248186945,-0.00048348106365834196
32609,27.17461957699295,0.7123287671232876,560,681,1241,0.0008058017727639033,0.0008333472224535399,0.7123287671232866,-0.00048348106365834196
32610,27.175452924215406,0.7107171635777598,560,681,1241,-0.0016116035455278066,0.0008333472224570926,0.7119258662369047,-0.00040290088638195165
32611,27.17628627143786,0.7107171635777598,560,681,1241,0.0,0.0008333472224535399,0.7118452860596284,-8.058017727639034e-05
32612,27.177119618660313,0.7123287671232876,560,681,1241,0.0016116035455278066,0.0008333472224535399,0.7120870265914576,0.00024174053182917098
32613,27.177952965882767,0.7147461724415793,560,681,1241,0.00241740531829171,0.0008333472224535399,0.7123287671232867,0.00024174053182917098
32614,27.17878631310522,0.7147461724415793,560,681,1241,0.0,0.0008333472224535399,0.7124899274778395,0.00016116035455278067
32615,27.179619660327674,0.7147461724415793,560,681,1241,0.0,0.0008333472224535399,0.7127316680096686,0.00024174053182917098
32616,27.180453007550128,0.7155519742143432,560,681,1241,0.0008058017727639033,0.0008333472224535399,0.7129734085414978,0.00024174053182917098
32617,27.18128635477258,0.7155519742143432,560,681,1241,0.0,0.0008333472224535399,0.7132957292506034,0.00032232070910556134
32618,27.182119701995035,0.7155519742143432,560,681,1241,0.0,0.0008333472224535399,0.7136986301369854,0.00040290088638195165
32619,27.18295304921749,0.7139403706688154,560,681,1241,-0.0016116035455278066,0.0008333472224535399,0.7138597904915381,0.00016116035455278067
32620,27.18378639643994,0.7139403706688154,560,681,1241,0.0,0.0008333472224535399,0.7141821112006437,0.00032232070910556134
32621,27.184619743662395,0.7147461724415793,560,681,1241,0.0008058017727639033,0.0008333472224535399,0.7145850120870256,0.00040290088638195165
32622,27.18545309088485,0.7155519742143432,560,681,1241,0.0008058017727639033,0.0008333472224535399,0.7149073327961312,0.00032232070910556134
32623,27.186286438107302,0.7163577759871071,560,681,1241,0.0008058017727639033,0.0008333472224535399,0.715068493150684,0.00016116035455278067
32624,27.187119785329756,0.717969379532635,560,681,1241,0.0016116035455278066,0.0008333472224535399,0.7153908138597895,0.00032232070910556134
32625,27.18795313255221,0.7195809830781628,560,681,1241,0.0016116035455278066,0.0008333472224535399,0.7158742949234479,0.00048348106365834196
32626,27.188786479774663,0.7187751813053989,560,681,1241,-0.0008058017727639033,0.0008333472224535399,0.7161966156325534,0.00032232070910556134
32627,27.189619826997117,0.7195809830781628,560,681,1241,0.0008058017727639033,0.0008333472224535399,0.7165995165189354,0.00040290088638195165
32628,27.19045317421957,0.7219983883964545,560,681,1241,0.00241740531829171,0.0008333472224535399,0.7172441579371465,0.0006446414182111227
32629,27.191286521442024,0.7219983883964545,560,681,1241,0.0,0.0008333472224535399,0.7180499597099104,0.0008058017727639033
32630,27.192119868664477,0.7228041901692184,560,681,1241,0.0008058017727639033,0.0008333472224535399,0.7189363416599506,0.0008863819500402936
32631,27.192953215886934,0.7219983883964545,560,681,1241,-0.0008058017727639033,0.0008333472224570926,0.7196615632554382,0.000725221595487513
32632,27.193786563109388,0.7195809830781628,560,681,1241,-0.00241740531829171,0.0008333472224535399,0.7200644641418201,0.00040290088638195165
32633,27.19461991033184,0.7203867848509267,560,681,1241,0.0008058017727639033,0.0008333472224535399,0.7204673650282021,0.00040290088638195165
32634,27.195453257554295,0.7219983883964545,560,681,1241,0.0016116035455278066,0.0008333472224535399,0.720870265914584,0.00040290088638195165
32635,27.19628660477675,0.7228041901692184,560,681,1241,0.0008058017727639033,0.0008333472224535399,0.7211925866236897,0.00032232070910556134
32636,27.197119951999202,0.7219983883964545,560,681,1241,-0.0008058017727639033,0.0008333472224535399,0.7215149073327952,0.00032232070910556134
32637,27.197953299221655,0.7236099919419823,560,681,1241,0.0016116035455278066,0.0008333472224535399,0.7219178082191772,0.00040290088638195165
32638,27.19878664644411,0.7236099919419823,560,681,1241,0.0,0.0008333472224535399,0.72207896857373,0.00016116035455278067
32639,27.199619993666563,0.7252215954875101,560,681,1241,0.0016116035455278066,0.0008333472224535399,0.7224012892828355,0.00032232070910556134
32640,27.200453340889016,0.7284448025785657,560,681,1241,0.003223207091055613,0.0008333472224535399,0.7229653505237703,0.0005640612409347323
32641,27.20128668811147,0.7268331990330379,560,681,1241,-0.0016116035455278066,0.0008333472224535399,0.7234488315874287,0.00048348106365834196
32642,27.202120035333923,0.7236099919419823,560,681,1241,-0.003223207091055613,0.0008333472224535399,0.7238517324738106,0.00040290088638195165
32643,27.202953382556377,0.7219983883964545,560,681,1241,-0.0016116035455278066,0.0008333472224535399,0.7240128928283635,0.00016116035455278067
32644,27.20378672977883,0.7211925866236906,560,681,1241,-0.0008058017727639033,0.0008333472224535399,0.723932312651087,-8.058017727639034e-05
32645,27.204620077001284,0.7203867848509267,560,681,1241,-0.0008058017727639033,0.0008333472224535399,0.7236905721192579,-0.00024174053182917098
32646,27.205453424223737,0.7195809830781628,560,681,1241,-0.0008058017727639033,0.0008333472224535399,0.7234488315874287,-0.00024174053182917098
32647,27.20628677144619,0.717969379532635,560,681,1241,-0.0016116035455278066,0.0008333472224535399,0.7228847703464939,-0.0005640612409347323
32648,27.207120118668644,0.7195809830781628,560,681,1241,0.0016116035455278066,0.0008333472224535399,0.7224818694601118,-0.00040290088638195165
32649,27.207953465891098,0.7187751813053989,560,681,1241,-0.0008058017727639033,0.0008333472224535399,0.7218372280419008,-0.0006446414182111227
32650,27.20878681311355,0.717969379532635,560,681,1241,-0.0008058017727639033,0.0008333472224535399,0.7207896857373076,-0.0010475423045930743
32651,27.209620160336005,0.717163577759871,560,681,1241,-0.0008058017727639033,0.0008333472224535399,0.719822723609991,-0.0009669621273166839
32652,27.210453507558462,0.717163577759871,560,681,1241,0.0,0.0008333472224570926,0.7191780821917798,-0.0006446414182111227
32653,27.211286854780916,0.717163577759871,560,681,1241,0.0,0.0008333472224535399,0.7186946011281214,-0.00048348106365834196
32654,27.21212020200337,0.7163577759871071,560,681,1241,-0.0008058017727639033,0.0008333472224535399,0.7182111200644632,-0.00048348106365834196
32655,27.212953549225823,0.717969379532635,560,681,1241,0.0016116035455278066,0.0008333472224535399,0.717969379532634,-0.00024174053182917098
32656,27.213786896448276,0.7203867848509267,560,681,1241,0.00241740531829171,0.0008333472224535399,0.7180499597099104,8.058017727639034e-05
32657,27.21462024367073,0.7211925866236906,560,681,1241,0.0008058017727639033,0.0008333472224535399,0.7183722804190159,0.00032232070910556134
32658,27.215453590893183,0.7195809830781628,560,681,1241,-0.0016116035455278066,0.0008333472224535399,0.7183722804190159,0.0
32659,27.216286938115637,0.7244157937147462,560,681,1241,0.00483481063658342,0.0008333472224535399,0.7189363416599506,0.0005640612409347323
32660,27.21712028533809,0.7268331990330379,560,681,1241,0.00241740531829171,0.0008333472224535399,0.719822723609991,0.0008863819500402936
32661,27.217953632560544,0.7268331990330379,560,681,1241,0.0,0.0008333472224535399,0.7207896857373076,0.0009669621273166839
32662,27.218786979782998,0.726027397260274,560,681,1241,-0.0008058017727639033,0.0008333472224535399,0.7216760676873479,0.0008863819500402936
32663,27.21962032700545,0.7244157937147462,560,681,1241,-0.0016116035455278066,0.0008333472224535399,0.7224012892828353,0.000725221595487513
32664,27.220453674227905,0.7244157937147462,560,681,1241,0.0,0.0008333472224535399,0.7232070910555992,0.0008058017727639033
32665,27.221287021450358,0.7244157937147462,560,681,1241,0.0,0.0008333472224535399,0.7238517324738104,0.0006446414182111227
32666,27.22212036867281,0.726027397260274,560,681,1241,0.0016116035455278066,0.0008333472224535399,0.7244157937147451,0.0005640612409347323
32667,27.222953715895265,0.7252215954875101,560,681,1241,-0.0008058017727639033,0.0008333472224535399,0.724818694601127,0.00040290088638195165
32668,27.22378706311772,0.726027397260274,560,681,1241,0.0008058017727639033,0.0008333472224535399,0.7254633360193382,0.0006446414182111227
32669,27.224620410340172,0.7276390008058018,560,681,1241,0.0016116035455278066,0.0008333472224535399,0.7257856567284438,0.00032232070910556134
32670,27.225453757562626,0.7276390008058018,560,681,1241,0.0,0.0008333472224535399,0.72586623690572,8.058017727639034e-05
32671,27.22628710478508,0.7284448025785657,560,681,1241,0.0008058017727639033,0.0008333472224535399,0.7260273972602729,0.00016116035455278067
32672,27.227120452007533,0.7284448025785657,560,681,1241,0.0,0.0008333472224535399,0.7262691377921021,0.00024174053182917098
32673,27.22795379922999,0.7284448025785657,560,681,1241,0.0,0.0008333472224570926,0.7266720386784841,0.00040290088638195165
32674,27.228787146452444,0.7276390008058018,560,681,1241,-0.0008058017727639033,0.0008333472224535399,0.7269943593875896,0.00032232070910556134
32675,27.229620493674897,0.7292506043513296,560,681,1241,0.0016116035455278066,0.0008333472224535399,0.727477840451248,0.00048348106365834196
32676,27.23045384089735,0.7284448025785657,560,681,1241,-0.0008058017727639033,0.0008333472224535399,0.7277195809830771,0.00024174053182917098
32677,27.231287188119804,0.7300564061240935,560,681,1241,0.0016116035455278066,0.0008333472224535399,0.7282030620467353,0.00048348106365834196
32678,27.232120535342258,0.7316680096696213,560,681,1241,0.0016116035455278066,0.0008333472224535399,0.7287671232876701,0.0005640612409347323
32679,27.23295388256471,0.7332796132151491,560,681,1241,0.0016116035455278066,0.0008333472224535399,0.7293311845286048,0.0005640612409347323
32680,27.233787229787165,0.7332796132151491,560,681,1241,0.0,0.0008333472224535399,0.7298952457695396,0.0005640612409347323
32681,27.23462057700962,0.7332796132151491,560,681,1241,0.0,0.0008333472224535399,0.7303787268331979,0.00048348106365834196
32682,27.235453924232072,0.734085414987913,560,681,1241,0.0008058017727639033,0.0008333472224535399,0.7309427880741327,0.0005640612409347323
32683,27.236287271454525,0.7348912167606769,560,681,1241,0.0008058017727639033,0.0008333472224535399,0.7315874294923439,0.0006446414182111227
32684,27.23712061867698,0.7348912167606769,560,681,1241,0.0,0.0008333472224535399,0.7323126510878314,0.000725221595487513
32685,27.237953965899433,0.7324738114423852,560,681,1241,-0.00241740531829171,0.0008333472224535399,0.732634971796937,0.00032232070910556134
32686,27.238787313121886,0.7316680096696213,560,681,1241,-0.0008058017727639033,0.0008333472224535399,0.7329572925060426,0.00032232070910556134
32687,27.23962066034434,0.7324738114423852,560,681,1241,0.0008058017727639033,0.0008333472224535399,0.7331990330378717,0.00024174053182917098
32688,27.240454007566793,0.734085414987913,560,681,1241,0.0016116035455278066,0.0008333472224535399,0.7334407735697008,0.00024174053182917098
32689,27.241287354789247,0.7332796132151491,560,681,1241,-0.0008058017727639033,0.0008333472224535399,0.7334407735697008,0.0
32690,27.2421207020117,0.7332796132151491,560,681,1241,0.0,0.0008333472224535399,0.7334407735697008,0.0
32691,27.242954049234154,0.7348912167606769,560,681,1241,0.0016116035455278066,0.0008333472224535399,0.7336019339242534,0.00016116035455278067
32692,27.243787396456607,0.7348912167606769,560,681,1241,0.0,0.0008333472224535399,0.7336825141015298,8.058017727639034e-05
32693,27.24462074367906,0.7348912167606769,560,681,1241,0.0,0.0008333472224535399,0.7336825141015297,0.0
32694,27.245454090901518,0.7348912167606769,560,681,1241,0.0,0.0008333472224570926,0.7336825141015297,0.0
32695,27.24628743812397,0.7348912167606769,560,681,1241,0.0,0.0008333472224535399,0.733924254633359,0.00024174053182917098
32696,27.247120785346425,0.7373086220789685,560,681,1241,0.002417405318291599,0.0008333472224535399,0.7344883158742938,0.0005640612409347212
32697,27.24795413256888,0.7389202256244963,560,681,1241,0.0016116035455278066,0.0008333472224535399,0.7351329572925048,0.0006446414182111115
32698,27.248787479791332,0.7397260273972602,560,681,1241,0.0008058017727639033,0.0008333472224535399,0.7356970185334395,0.0005640612409347212
32699,27.249620827013786,0.7365028203062046,560,681,1241,-0.003223207091055613,0.0008333472224535399,0.7360193392425451,0.00032232070910555023
32700,27.25045417423624,0.7356970185334408,560,681,1241,-0.0008058017727637923,0.0008333472224535399,0.7362610797743743,0.00024174053182917098
32701,27.251287521458693,0.7373086220789685,560,681,1241,0.0016116035455276956,0.0008333472224535399,0.7365028203062034,0.0002417405318291599
32702,27.252120868681146,0.7389202256244963,560,681,1241,0.0016116035455278066,0.0008333472224535399,0.7369057211925854,0.00040290088638194054
32703,27.2529542159036,0.7397260273972602,560,681,1241,0.0008058017727639033,0.0008333472224535399,0.7373892022562436,0.0004834810636583309
32704,27.253787563126053,0.741337630942788,560,681,1241,0.0016116035455278066,0.0008333472224535399,0.7380338436744547,0.0006446414182111115
32705,27.254620910348507,0.7421434327155519,560,681,1241,0.0008058017727639033,0.0008333472224535399,0.7387590652699422,0.0007252215954875018
32706,27.25545425757096,0.7445608380338437,560,681,1241,0.00241740531829171,0.0008333472224535399,0.7394842868654298,0.000725221595487513
32707,27.256287604793414,0.7445608380338437,560,681,1241,0.0,0.0008333472224535399,0.7400483481063644,0.0005640612409347323
32708,27.257120952015867,0.7453666398066076,560,681,1241,0.0008058017727639033,0.0008333472224535399,0.7406124093472991,0.0005640612409347323
32709,27.25795429923832,0.7461724415793715,560,681,1241,0.0008058017727639033,0.0008333472224535399,0.7415793714746158,0.0009669621273166839
32710,27.258787646460775,0.7485898468976632,560,681,1241,0.00241740531829171,0.0008333472224535399,0.7428686543110381,0.001289282836422234
32711,27.259620993683228,0.7493956486704271,560,681,1241,0.0008058017727639033,0.0008333472224535399,0.744077356970184,0.001208702659145855
32712,27.26045434090568,0.7485898468976632,560,681,1241,-0.0008058017727639033,0.0008333472224535399,0.7450443190975007,0.0009669621273166839
32713,27.261287688128135,0.7493956486704271,560,681,1241,0.0008058017727639033,0.0008333472224535399,0.7460112812248173,0.0009669621273166839
32714,27.26212103535059,0.7493956486704271,560,681,1241,0.0,0.0008333472224535399,0.7468170829975812,0.0008058017727639033
32715,27.262954382573042,0.7493956486704271,560,681,1241,0.0,0.0008333472224535399,0.7475423045930687,0.000725221595487513
32716,27.2637877297955,0.7485898468976632,560,681,1241,-0.0008058017727639033,0.0008333472224570926,0.7479452054794506,0.00040290088638195165
32717,27.264621077017953,0.7493956486704271,560,681,1241,0.0008058017727639033,0.0008333472224535399,0.7484286865431089,0.00048348106365834196
32718,27.265454424240406,0.750201450443191,560,681,1241,0.0008058017727639033,0.0008333472224535399,0.7489121676067673,0.00048348106365834196
32719,27.26628777146286,0.7461724415793715,560,681,1241,-0.0040290088638195165,0.0008333472224535399,0.7489121676067672,0.0
32720,27.267121118685314,0.7485898468976632,560,681,1241,0.00241740531829171,0.0008333472224535399,0.7489121676067673,0.0
32721,27.267954465907767,0.7493956486704271,560,681,1241,0.0008058017727639033,0.0008333472224535399,0.7489121676067672,0.0
32722,27.26878781313022,0.7493956486704271,560,681,1241,0.0,0.0008333472224535399,0.7489927477840437,8.058017727639034e-05
32723,27.269621160352674,0.7493956486704271,560,681,1241,0.0,0.0008333472224535399,0.7489927477840436,0.0
32724,27.270454507575128,0.7485898468976632,560,681,1241,-0.0008058017727639033,0.0008333472224535399,0.7489121676067672,-8.058017727639034e-05
32725,27.27128785479758,0.7493956486704271,560,681,1241,0.0008058017727639033,0.0008333472224535399,0.7489121676067672,0.0
32726,27.272121202020035,0.7477840451248993,560,681,1241,-0.0016116035455278066,0.0008333472224535399,0.7488315874294907,-8.058017727639034e-05
32727,27.27295454924249,0.7477840451248993,560,681,1241,0.0,0.0008333472224535399,0.748670427074938,-0.00016116035455278067
32728,27.273787896464942,0.7477840451248993,560,681,1241,0.0,0.0008333472224535399,0.7484286865431088,-0.00024174053182917098
32729,27.274621243687395,0.7485898468976632,560,681,1241,0.0008058017727639033,0.0008333472224535399,0.748670427074938,0.00024174053182917098
32730,27.27545459090985,0.750201450443191,560,681,1241,0.0016116035455278066,0.0008333472224535399,0.7488315874294907,0.00016116035455278067
32731,27.276287938132302,0.7493956486704271,560,681,1241,-0.0008058017727639033,0.0008333472224535399,0.7488315874294906,0.0
32732,27.277121285354756,0.7477840451248993,560,681,1241,-0.0016116035455278066,0.0008333472224535399,0.7486704270749378,-0.00016116035455278067
32733,27.27795463257721,0.7485898468976632,560,681,1241,0.0008058017727639033,0.0008333472224535399,0.7485898468976615,-8.058017727639034e-05
32734,27.278787979799663,0.750201450443191,560,681,1241,0.0016116035455278066,0.0008333472224535399,0.7487510072522142,0.00016116035455278067
32735,27.279621327022117,0.750201450443191,560,681,1241,0.0,0.0008333472224535399,0.7488315874294906,8.058017727639034e-05
32736,27.28045467424457,0.7469782433521354,560,681,1241,-0.003223207091055613,0.0008333472224535399,0.7487510072522142,-8.058017727639034e-05
32737,27.281288021467027,0.7453666398066076,560,681,1241,-0.0016116035455278066,0.0008333472224570926,0.748509266720385,-0.00024174053182917098
32738,27.28212136868948,0.7429492344883158,560,681,1241,-0.00241740531829171,0.0008333472224535399,0.7480257856567266,-0.00048348106365834196
32739,27.282954715911934,0.7421434327155519,560,681,1241,-0.0008058017727639033,0.0008333472224535399,0.7473811442385154,-0.0006446414182111227
32740,27.283788063134388,0.7421434327155519,560,681,1241,0.0,0.0008333472224535399,0.7465753424657515,-0.0008058017727639033
32741,27.28462141035684,0.7437550362610797,560,681,1241,0.0016116035455278066,0.0008333472224535399,0.7460112812248167,-0.0005640612409347323
32742,27.285454757579295,0.7429492344883158,560,681,1241,-0.0008058017727639033,0.0008333472224535399,0.7455278001611585,-0.00048348106365834196
32743,27.28628810480175,0.7437550362610797,560,681,1241,0.0008058017727639033,0.0008333472224535399,0.7450443190975002,-0.00048348106365834196
32744,27.287121452024202,0.7437550362610797,560,681,1241,0.0,0.0008333472224535399,0.7443996776792892,-0.0006446414182111227
32745,27.287954799246656,0.7437550362610797,560,681,1241,0.0,0.0008333472224535399,0.7437550362610781,-0.0006446414182111227
32746,27.28878814646911,0.7437550362610797,560,681,1241,0.0,0.0008333472224535399,0.7434327155519724,-0.00032232070910556134
32747,27.289621493691563,0.7461724415793715,560,681,1241,0.00241740531829171,0.0008333472224535399,0.743513295729249,8.058017727639034e-05
32748,27.290454840914016,0.7510072522159549,560,681,1241,0.00483481063658342,0.0008333472224535399,0.7443190975020129,0.0008058017727639033
32749,27.29128818813647,0.7526188557614827,560,681,1241,0.0016116035455278066,0.0008333472224535399,0.7453666398066059,0.0010475423045930743
32750,27.292121535358923,0.7518130539887188,560,681,1241,-0.0008058017727639033,0.0008333472224535399,0.7463336019339226,0.0009669621273166839
32751,27.292954882581377,0.7477840451248993,560,681,1241,-0.0040290088638195165,0.0008333472224535399,0.7467365028203046,0.00040290088638195165
32752,27.29378822980383,0.7485898468976632,560,681,1241,0.0008058017727639033,0.0008333472224535399,0.7473005640612393,0.0005640612409347323
32753,27.294621577026284,0.7477840451248993,560,681,1241,-0.0008058017727639033,0.0008333472224535399,0.7477034649476213,0.00040290088638195165
32754,27.295454924248737,0.7469782433521354,560,681,1241,-0.0008058017727639033,0.0008333472224535399,0.7480257856567268,0.00032232070910556134
32755,27.29628827147119,0.7461724415793715,560,681,1241,-0.0008058017727639033,0.0008333472224535399,0.7482675261885561,0.00024174053182917098
32756,27.297121618693645,0.7437550362610797,560,681,1241,-0.00241740531829171,0.0008333472224535399,0.7482675261885561,0.0
32757,27.297954965916098,0.7453666398066076,560,681,1241,0.0016116035455278066,0.0008333472224535399,0.7481869460112798,-8.058017727639034e-05
32758,27.298788313138555,0.7469782433521354,560,681,1241,0.0016116035455278066,0.0008333472224570926,0.7477840451248977,-0.00040290088638195165
32759,27.29962166036101,0.7469782433521354,560,681,1241,0.0,0.0008333472224535399,0.747219983883963,-0.0005640612409347323
32760,27.300455007583462,0.7469782433521354,560,681,1241,0.0,0.0008333472224535399,0.7467365028203047,-0.00048348106365834196
32761,27.301288354805916,0.7469782433521354,560,681,1241,0.0,0.0008333472224535399,0.7466559226430284,-8.058017727639034e-05
32762,27.30212170202837,0.7469782433521354,560,681,1241,0.0,0.0008333472224535399,0.7464947622884757,-0.00016116035455278067
32763,27.302955049250823,0.7445608380338437,560,681,1241,-0.00241740531829171,0.0008333472224535399,0.7461724415793701,-0.00032232070910556134
32764,27.303788396473276,0.7429492344883158,560,681,1241,-0.0016116035455278066,0.0008333472224535399,0.7457695406929881,-0.00040290088638195165
32765,27.30462174369573,0.7421434327155519,560,681,1241,-0.0008058017727639033,0.0008333472224535399,0.7453666398066062,-0.00040290088638195165
32766,27.305455090918183,0.7429492344883158,560,681,1241,0.0008058017727639033,0.0008333472224535399,0.7452860596293298,-8.058017727639034e-05
32767,27.306288438140637,0.7461724415793715,560,681,1241,0.003223207091055613,0.0008333472224535399,0.7453666398066063,8.058017727639034e-05
32768,27.30712178536309,0.7445608380338437,560,681,1241,-0.0016116035455278066,0.0008333472224535399,0.7451248992747772,-0.00024174053182917098
32769,27.307955132585544,0.7453666398066076,560,681,1241,0.0008058017727639033,0.0008333472224535399,0.7449637389202245,-0.00016116035455278067
32770,27.308788479807998,0.7469782433521354,560,681,1241,0.0016116035455278066,0.0008333472224535399,0.7449637389202245,0.0
32771,27.30962182703045,0.7485898468976632,560,681,1241,0.0016116035455278066,0.0008333472224535399,0.7451248992747773,0.00016116035455278067
32772,27.310455174252905,0.7493956486704271,560,681,1241,0.0008058017727639033,0.0008333472224535399,0.7453666398066066,0.00024174053182917098
32773,27.31128852147536,0.7485898468976632,560,681,1241,-0.0008058017727639033,0.0008333472224535399,0.7457695406929885,0.00040290088638195165
32774,27.312121868697812,0.7485898468976632,560,681,1241,0.0,0.0008333472224535399,0.7463336019339233,0.0005640612409347323
32775,27.312955215920265,0.7493956486704271,560,681,1241,0.0008058017727639033,0.0008333472224535399,0.7470588235294108,0.000725221595487513
32776,27.31378856314272,0.7485898468976632,560,681,1241,-0.0008058017727639033,0.0008333472224535399,0.7476228847703454,0.0005640612409347323
32777,27.314621910365172,0.7477840451248993,560,681,1241,-0.0008058017727639033,0.0008333472224535399,0.7477840451248982,0.00016116035455278067
32778,27.315455257587626,0.7493956486704271,560,681,1241,0.0016116035455278066,0.0008333472224535399,0.7482675261885565,0.00048348106365834196
32779,27.316288604810083,0.7493956486704271,560,681,1241,0.0,0.0008333472224570926,0.7486704270749385,0.00040290088638195165
32780,27.317121952032537,0.7485898468976632,560,681,1241,-0.0008058017727639033,0.0008333472224535399,0.7488315874294912,0.00016116035455278067
32781,27.31795529925499,0.7477840451248993,560,681,1241,-0.0008058017727639033,0.0008333472224535399,0.7487510072522148,-8.058017727639034e-05
32782,27.318788646477444,0.7461724415793715,560,681,1241,-0.0016116035455278066,0.0008333472224535399,0.7484286865431091,-0.00032232070910556134
32783,27.319621993699897,0.7469782433521354,560,681,1241,0.0008058017727639033,0.0008333472224535399,0.7482675261885563,-0.00016116035455278067
32784,27.32045534092235,0.7485898468976632,560,681,1241,0.0016116035455278066,0.0008333472224535399,0.7482675261885563,0.0
32785,27.321288688144804,0.7485898468976632,560,681,1241,0.0,0.0008333472224535399,0.7481869460112799,-8.058017727639034e-05
32786,27.322122035367258,0.750201450443191,560,681,1241,0.0016116035455278066,0.0008333472224535399,0.7483481063658327,0.00016116035455278067
32787,27.32295538258971,0.750201450443191,560,681,1241,0.0,0.0008333472224535399,0.748589846897662,0.00024174053182917098
32788,27.323788729812165,0.750201450443191,560,681,1241,0.0,0.0008333472224535399,0.7486704270749384,8.058017727639034e-05
32789,27.32462207703462,0.7493956486704271,560,681,1241,-0.0008058017727639033,0.0008333472224535399,0.7486704270749384,0.0
32790,27.325455424257072,0.7485898468976632,560,681,1241,-0.0008058017727639033,0.0008333472224535399,0.7486704270749385,0.0
32791,27.326288771479526,0.7469782433521354,560,681,1241,-0.0016116035455278066,0.0008333472224535399,0.7485898468976621,-8.058017727639034e-05
32792,27.32712211870198,0.7477840451248993,560,681,1241,0.0008058017727639033,0.0008333472224535399,0.7487510072522149,0.00016116035455278067
32793,27.327955465924433,0.7469782433521354,560,681,1241,-0.0008058017727639033,0.0008333472224535399,0.7487510072522149,0.0
32794,27.328788813146886,0.7477840451248993,560,681,1241,0.0008058017727639033,0.0008333472224535399,0.7486704270749385,-8.058017727639034e-05
32795,27.32962216036934,0.7469782433521354,560,681,1241,-0.0008058017727639033,0.0008333472224535399,0.7485092667203858,-0.00016116035455278067
32796,27.330455507591793,0.7469782433521354,560,681,1241,0.0,0.0008333472224535399,0.7481869460112802,-0.00032232070910556134
32797,27.331288854814247,0.7493956486704271,560,681,1241,0.00241740531829171,0.0008333472224535399,0.7481063658340039,-8.058017727639034e-05
32798,27.3321222020367,0.7518130539887188,560,681,1241,0.00241740531829171,0.0008333472224535399,0.7482675261885567,0.00016116035455278067
32799,27.332955549259154,0.750201450443191,560,681,1241,-0.0016116035455278066,0.0008333472224535399,0.7483481063658332,8.058017727639034e-05
32800,27.33378889648161,0.7518130539887188,560,681,1241,0.0016116035455278066,0.0008333472224570926,0.7486704270749388,0.00032232070910556134
32801,27.334622243704064,0.7526188557614827,560,681,1241,0.0008058017727639033,0.0008333472224535399,0.7492344883158735,0.0005640612409347323
32802,27.335455590926518,0.7526188557614827,560,681,1241,0.0,0.0008333472224535399,0.7497179693795318,0.00048348106365834196
32803,27.33628893814897,0.7542304593070105,560,681,1241,0.0016116035455278066,0.0008333472224535399,0.7504431909750193,0.000725221595487513
32804,27.337122285371425,0.7558420628525383,560,681,1241,0.0016116035455278066,0.0008333472224535399,0.7512489927477832,0.0008058017727639033
32805,27.33795563259388,0.7590652699435939,560,681,1241,0.003223207091055613,0.0008333472224535399,0.7524576954069291,0.001208702659145855
32806,27.338788979816332,0.7590652699435939,560,681,1241,0.0,0.0008333472224535399,0.7536663980660749,0.001208702659145855
32807,27.339622327038786,0.75825946817083,560,681,1241,-0.0008058017727639033,0.0008333472224535399,0.7545527800161154,0.0008863819500402936
32808,27.34045567426124,0.75825946817083,560,681,1241,0.0,0.0008333472224535399,0.7551974214343266,0.0006446414182111227
32809,27.341289021483693,0.7574536663980661,560,681,1241,-0.0008058017727639033,0.0008333472224535399,0.755922643029814,0.000725221595487513
32810,27.342122368706146,0.75825946817083,560,681,1241,0.0008058017727639033,0.0008333472224535399,0.7565672844480253,0.0006446414182111227
32811,27.3429557159286,0.7598710717163578,560,681,1241,0.0016116035455278066,0.0008333472224535399,0.7572925060435128,0.000725221595487513
32812,27.343789063151053,0.75825946817083,560,681,1241,-0.0016116035455278066,0.0008333472224535399,0.7578565672844476,0.0005640612409347323
32813,27.344622410373507,0.7598710717163578,560,681,1241,0.0016116035455278066,0.0008333472224535399,0.7584206285253823,0.0005640612409347323
32814,27.34545575759596,0.75825946817083,560,681,1241,-0.0016116035455278066,0.0008333472224535399,0.7586623690572114,0.00024174053182917098
32815,27.346289104818414,0.7590652699435939,560,681,1241,0.0008058017727639033,0.0008333472224535399,0.7586623690572114,0.0
32816,27.347122452040868,0.7590652699435939,560,681,1241,0.0,0.0008333472224535399,0.7586623690572114,0.0
32817,27.34795579926332,0.7606768734891217,560,681,1241,0.0016116035455278066,0.0008333472224535399,0.7589041095890405,0.00024174053182917098
32818,27.348789146485775,0.7614826752618856,560,681,1241,0.0008058017727639033,0.0008333472224535399,0.7592264302981462,0.00032232070910556134
32819,27.349622493708228,0.7614826752618856,560,681,1241,0.0,0.0008333472224535399,0.759629331184528,0.00040290088638195165
32820,27.35045584093068,0.7622884770346495,560,681,1241,0.0008058017727639033,0.0008333472224535399,0.76003223207091,0.00040290088638195165
32821,27.35128918815314,0.7614826752618856,560,681,1241,-0.0008058017727639033,0.0008333472224570926,0.7601933924254627,0.00016116035455278067
32822,27.352122535375592,0.7598710717163578,560,681,1241,-0.0016116035455278066,0.0008333472224535399,0.7603545527800155,0.00016116035455278067
32823,27.352955882598046,0.7566478646253022,560,681,1241,-0.003223207091055613,0.0008333472224535399,0.7600322320709101,-0.00032232070910556134
32824,27.3537892298205,0.7558420628525383,560,681,1241,-0.0008058017727639033,0.0008333472224535399,0.759790491539081,-0.00024174053182917098
32825,27.354622577042953,0.7550362610797744,560,681,1241,-0.0008058017727639033,0.0008333472224535399,0.7593875906526989,-0.00040290088638195165
32826,27.355455924265407,0.7550362610797744,560,681,1241,0.0,0.0008333472224535399,0.7589846897663171,-0.00040290088638195165
32827,27.35628927148786,0.7550362610797744,560,681,1241,0.0,0.0008333472224535399,0.7584206285253823,-0.0005640612409347323
32828,27.357122618710314,0.7566478646253022,560,681,1241,0.0016116035455278066,0.0008333472224535399,0.757937147461724,-0.00048348106365834196
32829,27.357955965932767,0.7550362610797744,560,681,1241,-0.0016116035455278066,0.0008333472224535399,0.757292506043513,-0.0006446414182111227
32830,27.35878931315522,0.7550362610797744,560,681,1241,0.0,0.0008333472224535399,0.7565672844480253,-0.000725221595487513
32831,27.359622660377674,0.7550362610797744,560,681,1241,0.0,0.0008333472224535399,0.7559226430298144,-0.0006446414182111227
32832,27.360456007600128,0.7574536663980661,560,681,1241,0.00241740531829171,0.0008333472224535399,0.7556809024979853,-0.00024174053182917098
32833,27.36128935482258,0.7574536663980661,560,681,1241,0.0,0.0008333472224535399,0.7557614826752616,8.058017727639034e-05
32834,27.362122702045035,0.7574536663980661,560,681,1241,0.0,0.0008333472224535399,0.7559226430298143,0.00016116035455278067
32835,27.36295604926749,0.7590652699435939,560,681,1241,0.0016116035455278066,0.0008333472224535399,0.7563255439161962,0.00040290088638195165
32836,27.363789396489942,0.7590652699435939,560,681,1241,0.0,0.0008333472224535399,0.7567284448025782,0.00040290088638195165
32837,27.364622743712395,0.7590652699435939,560,681,1241,0.0,0.0008333472224535399,0.7571313456889601,0.00040290088638195165
32838,27.36545609093485,0.7574536663980661,560,681,1241,-0.0016116035455278066,0.0008333472224535399,0.7572119258662365,8.058017727639034e-05
32839,27.366289438157303,0.7566478646253022,560,681,1241,-0.0008058017727639033,0.0008333472224535399,0.7573730862207892,0.00016116035455278067
32840,27.367122785379756,0.7566478646253022,560,681,1241,0.0,0.0008333472224535399,0.7575342465753422,0.00016116035455278067
32841,27.36795613260221,0.75825946817083,560,681,1241,0.0016116035455278066,0.0008333472224535399,0.7578565672844477,0.00032232070910556134
32842,27.368789479824663,0.75825946817083,560,681,1241,0.0,0.0008333472224535399,0.757937147461724,8.058017727639034e-05
32843,27.36962282704712,0.75825946817083,560,681,1241,0.0,0.0008333472224570926,0.7580177276390004,8.058017727639034e-05
32844,27.370456174269574,0.75825946817083,560,681,1241,0.0,0.0008333472224535399,0.7580983078162767,8.058017727639034e-05
32845,27.371289521492027,0.75825946817083,560,681,1241,0.0,0.0008333472224535399,0.7580177276390003,-8.058017727639034e-05
32846,27.37212286871448,0.75825946817083,560,681,1241,0.0,0.0008333472224535399,0.757937147461724,-8.058017727639034e-05
32847,27.372956215936934,0.7590652699435939,560,681,1241,0.0008058017727639033,0.0008333472224535399,0.757937147461724,0.0
32848,27.373789563159388,0.7574536663980661,560,681,1241,-0.0016116035455278066,0.0008333472224535399,0.7579371474617239,0.0
32849,27.37462291038184,0.7574536663980661,560,681,1241,0.0,0.0008333472224535399,0.7580177276390003,8.058017727639034e-05
32850,27.375456257604295,0.7566478646253022,560,681,1241,-0.0008058017727639033,0.0008333472224535399,0.7580177276390003,0.0
32851,27.37628960482675,0.7558420628525383,560,681,1241,-0.0008058017727639033,0.0008333472224535399,0.7577759871071712,-0.00024174053182917098
32852,27.377122952049202,0.7566478646253022,560,681,1241,0.0008058017727639033,0.0008333472224535399,0.7576148267526185,-0.00016116035455278067
32853,27.377956299271656,0.75825946817083,560,681,1241,0.0016116035455278066,0.0008333472224535399,0.7576148267526185,0.0
32854,27.37878964649411,0.7574536663980661,560,681,1241,-0.0008058017727639033,0.0008333472224535399,0.7575342465753422,-8.058017727639034e-05
32855,27.379622993716563,0.7574536663980661,560,681,1241,0.0,0.0008333472224535399,0.7574536663980658,-8.058017727639034e-05
32856,27.380456340939016,0.7566478646253022,560,681,1241,-0.0008058017727639033,0.0008333472224535399,0.7572925060435132,-0.00016116035455278067
32857,27.38128968816147,0.7542304593070105,560,681,1241,-0.00241740531829171,0.0008333472224535399,0.7568090249798548,-0.00048348106365834196
32858,27.382123035383923,0.7542304593070105,560,681,1241,0.0,0.0008333472224535399,0.7564867042707492,-0.00032232070910556134
32859,27.382956382606377,0.7518130539887188,560,681,1241,-0.00241740531829171,0.0008333472224535399,0.7559226430298144,-0.0005640612409347323
32860,27.38378972982883,0.7534246575342466,560,681,1241,0.0016116035455278066,0.0008333472224535399,0.7556003223207088,-0.00032232070910556134
32861,27.384623077051284,0.7526188557614827,560,681,1241,-0.0008058017727639033,0.0008333472224535399,0.7552780016116033,-0.00032232070910556134
32862,27.385456424273737,0.7518130539887188,560,681,1241,-0.0008058017727639033,0.0008333472224535399,0.754794520547945,-0.00048348106365834196
32863,27.38628977149619,0.7518130539887188,560,681,1241,0.0,0.0008333472224535399,0.7541498791297341,-0.0006446414182111227
32864,27.387123118718648,0.7534246575342466,560,681,1241,0.0016116035455278066,0.0008333472224570926,0.7537469782433521,-0.00040290088638195165
32865,27.3879564659411,0.7518130539887188,560,681,1241,-0.0016116035455278066,0.0008333472224535399,0.7531829170024174,-0.0005640612409347323
32866,27.388789813163555,0.750201450443191,560,681,1241,-0.0016116035455278066,0.0008333472224535399,0.7525382755842063,-0.0006446414182111227
32867,27.38962316038601,0.7526188557614827,560,681,1241,0.00241740531829171,0.0008333472224535399,0.7523771152296536,-0.00016116035455278067
32868,27.390456507608462,0.7518130539887188,560,681,1241,-0.0008058017727639033,0.0008333472224535399,0.7521353746978243,-0.00024174053182917098
32869,27.391289854830916,0.7526188557614827,560,681,1241,0.0008058017727639033,0.0008333472224535399,0.7522159548751006,8.058017727639034e-05
32870,27.39212320205337,0.7518130539887188,560,681,1241,-0.0008058017727639033,0.0008333472224535399,0.7520547945205479,-0.00016116035455278067
32871,27.392956549275823,0.7534246575342466,560,681,1241,0.0016116035455278066,0.0008333472224535399,0.7521353746978242,8.058017727639034e-05
32872,27.393789896498276,0.7534246575342466,560,681,1241,0.0,0.0008333472224535399,0.752296535052377,0.00016116035455278067
32873,27.39462324372073,0.7550362610797744,560,681,1241,0.0016116035455278066,0.0008333472224535399,0.7526188557614826,0.00032232070910556134
32874,27.395456590943184,0.7550362610797744,560,681,1241,0.0,0.0008333472224535399,0.7527800161160354,0.00016116035455278067
32875,27.396289938165637,0.75825946817083,560,681,1241,0.003223207091055613,0.0008333472224535399,0.7534246575342466,0.0006446414182111227
32876,27.39712328538809,0.7590652699435939,560,681,1241,0.0008058017727639033,0.0008333472224535399,0.7543110394842868,0.0008863819500402936
32877,27.397956632610544,0.7606768734891217,560,681,1241,0.0016116035455278066,0.0008333472224535399,0.7551168412570506,0.0008058017727639033
32878,27.398789979832998,0.7606768734891217,560,681,1241,0.0,0.0008333472224535399,0.7560032232070909,0.0008863819500402936
32879,27.39962332705545,0.75825946817083,560,681,1241,-0.00241740531829171,0.0008333472224535399,0.7565672844480256,0.0005640612409347323
32880,27.400456674277905,0.7598710717163578,560,681,1241,0.0016116035455278066,0.0008333472224535399,0.7573730862207895,0.0008058017727639033
32881,27.40129002150036,0.7590652699435939,560,681,1241,-0.0008058017727639033,0.0008333472224535399,0.7579371474617241,0.0005640612409347323
32882,27.402123368722812,0.7598710717163578,560,681,1241,0.0008058017727639033,0.0008333472224535399,0.7585817888799353,0.0006446414182111227
32883,27.402956715945265,0.7598710717163578,560,681,1241,0.0,0.0008333472224535399,0.7590652699435936,0.00048348106365834196
32884,27.40379006316772,0.7598710717163578,560,681,1241,0.0,0.0008333472224535399,0.759548751007252,0.00048348106365834196
32885,27.404623410390176,0.75825946817083,560,681,1241,-0.0016116035455278066,0.0008333472224570926,0.759548751007252,0.0
32886,27.40545675761263,0.7566478646253022,560,681,1241,-0.0016116035455278066,0.0008333472224535399,0.7593070104754229,-0.00024174053182917098
32887,27.406290104835083,0.7566478646253022,560,681,1241,0.0,0.0008333472224535399,0.758904109589041,-0.00040290088638195165
32888,27.407123452057537,0.7574536663980661,560,681,1241,0.0008058017727639033,0.0008333472224535399,0.7585817888799353,-0.00032232070910556134
32889,27.40795679927999,0.7574536663980661,560,681,1241,0.0,0.0008333472224535399,0.758501208702659,-8.058017727639034e-05
32890,27.408790146502444,0.7574536663980661,560,681,1241,0.0,0.0008333472224535399,0.7582594681708299,-0.00024174053182917098
32891,27.409623493724897,0.7566478646253022,560,681,1241,-0.0008058017727639033,0.0008333472224535399,0.7580177276390007,-0.00024174053182917098
32892,27.41045684094735,0.7590652699435939,560,681,1241,0.00241740531829171,0.0008333472224535399,0.7579371474617244,-8.058017727639034e-05
32893,27.411290188169804,0.75825946817083,560,681,1241,-0.0008058017727639033,0.0008333472224535399,0.7577759871071716,-0.00016116035455278067
32894,27.412123535392258,0.7558420628525383,560,681,1241,-0.00241740531829171,0.0008333472224535399,0.7573730862207897,-0.00040290088638195165
32895,27.41295688261471,0.7566478646253022,560,681,1241,0.0008058017727639033,0.0008333472224535399,0.757211925866237,-0.00016116035455278067
32896,27.413790229837165,0.7558420628525383,560,681,1241,-0.0008058017727639033,0.0008333472224535399,0.7571313456889606,-8.058017727639034e-05
32897,27.41462357705962,0.7558420628525383,560,681,1241,0.0,0.0008333472224535399,0.7570507655116842,-8.058017727639034e-05
32898,27.415456924282072,0.7550362610797744,560,681,1241,-0.0008058017727639033,0.0008333472224535399,0.756809024979855,-0.00024174053182917098
32899,27.416290271504526,0.7558420628525383,560,681,1241,0.0008058017727639033,0.0008333472224535399,0.7566478646253022,-0.00016116035455278067
32900,27.41712361872698,0.7566478646253022,560,681,1241,0.0008058017727639033,0.0008333472224535399,0.7565672844480258,-8.058017727639034e-05
32901,27.417956965949433,0.7558420628525383,560,681,1241,-0.0008058017727639033,0.0008333472224535399,0.7564867042707494,-8.058017727639034e-05
32902,27.418790313171886,0.7566478646253022,560,681,1241,0.0008058017727639033,0.0008333472224535399,0.7562449637389201,-0.00024174053182917098
32903,27.41962366039434,0.7558420628525383,560,681,1241,-0.0008058017727639033,0.0008333472224535399,0.756003223207091,-0.00024174053182917098
32904,27.420457007616793,0.7566478646253022,560,681,1241,0.0008058017727639033,0.0008333472224535399,0.7560838033843675,8.058017727639034e-05
32905,27.421290354839247,0.7566478646253022,560,681,1241,0.0,0.0008333472224535399,0.7560838033843675,0.0
32906,27.422123702061704,0.7574536663980661,560,681,1241,0.0008058017727639033,0.0008333472224570926,0.7562449637389201,0.00016116035455278067
32907,27.422957049284157,0.7550362610797744,560,681,1241,-0.00241740531829171,0.0008333472224535399,0.7561643835616438,-8.058017727639034e-05
32908,27.42379039650661,0.7518130539887188,560,681,1241,-0.003223207091055613,0.0008333472224535399,0.7558420628525384,-0.00032232070910556134
32909,27.424623743729065,0.7518130539887188,560,681,1241,0.0,0.0008333472224535399,0.7554391619661563,-0.00040290088638195165
32910,27.425457090951518,0.7510072522159549,560,681,1241,-0.0008058017727639033,0.0008333472224535399,0.7548751007252216,-0.0005640612409347323
32911,27.42629043817397,0.7518130539887188,560,681,1241,0.0008058017727639033,0.0008333472224535399,0.7544721998388397,-0.00040290088638195165
32912,27.427123785396425,0.7534246575342466,560,681,1241,0.0016116035455278066,0.0008333472224535399,0.7541498791297341,-0.00032232070910556134
32913,27.42795713261888,0.7542304593070105,560,681,1241,0.0008058017727639033,0.0008333472224535399,0.7539887187751813,-0.00016116035455278067
32914,27.428790479841332,0.7550362610797744,560,681,1241,0.0008058017727639033,0.0008333472224535399,0.7538275584206285,-0.00016116035455278067
32915,27.429623827063786,0.7566478646253022,560,681,1241,0.0016116035455278066,0.0008333472224535399,0.7538275584206285,0.0
32916,27.43045717428624,0.7598710717163578,560,681,1241,0.003223207091055613,0.0008333472224535399,0.7540692989524577,0.00024174053182917098
32917,27.431290521508693,0.7566478646253022,560,681,1241,-0.003223207091055613,0.0008333472224535399,0.7542304593070106,0.00016116035455278067
32918,27.432123868731146,0.7550362610797744,560,681,1241,-0.0016116035455278066,0.0008333472224535399,0.7545527800161161,0.00032232070910556134
32919,27.4329572159536,0.7566478646253022,560,681,1241,0.0016116035455278066,0.0008333472224535399,0.7550362610797745,0.00048348106365834196
32920,27.433790563176053,0.75825946817083,560,681,1241,0.0016116035455278066,0.0008333472224535399,0.755761482675262,0.000725221595487513
32921,27.434623910398507,0.7590652699435939,560,681,1241,0.0008058017727639033,0.0008333472224535399,0.7564867042707495,0.000725221595487513
32922,27.43545725762096,0.7590652699435939,560,681,1241,0.0,0.0008333472224535399,0.7570507655116842,0.0005640612409347323
32923,27.436290604843414,0.7598710717163578,560,681,1241,0.0008058017727639033,0.0008333472224535399,0.7576148267526188,0.0005640612409347323
32924,27.437123952065868,0.75825946817083,560,681,1241,-0.0016116035455278066,0.0008333472224535399,0.7579371474617245,0.00032232070910556134
32925,27.43795729928832,0.7598710717163578,560,681,1241,0.0016116035455278066,0.0008333472224535399,0.7582594681708301,0.00032232070910556134
32926,27.438790646510775,0.75825946817083,560,681,1241,-0.0016116035455278066,0.0008333472224535399,0.7580983078162774,-0.00016116035455278067
32927,27.439623993733232,0.7574536663980661,560,681,1241,-0.0008058017727639033,0.0008333472224570926,0.7581788879935537,8.058017727639034e-05
32928,27.440457340955685,0.7558420628525383,560,681,1241,-0.0016116035455278066,0.0008333472224535399,0.7582594681708301,8.058017727639034e-05
32929,27.44129068817814,0.7558420628525383,560,681,1241,0.0,0.0008333472224535399,0.7581788879935537,-8.058017727639034e-05
32930,27.442124035400592,0.7558420628525383,560,681,1241,0.0,0.0008333472224535399,0.7579371474617246,-0.00024174053182917098
32931,27.442957382623046,0.7566478646253022,560,681,1241,0.0008058017727639033,0.0008333472224535399,0.7576954069298955,-0.00024174053182917098
32932,27.4437907298455,0.7566478646253022,560,681,1241,0.0,0.0008333472224535399,0.7574536663980662,-0.00024174053182917098
32933,27.444624077067953,0.7574536663980661,560,681,1241,0.0008058017727639033,0.0008333472224535399,0.7572119258662371,-0.00024174053182917098
32934,27.445457424290407,0.7558420628525383,560,681,1241,-0.0016116035455278066,0.0008333472224535399,0.756970185334408,-0.00024174053182917098
32935,27.44629077151286,0.7550362610797744,560,681,1241,-0.0008058017727639033,0.0008333472224535399,0.7564867042707496,-0.00048348106365834196
32936,27.447124118735314,0.7558420628525383,560,681,1241,0.0008058017727639033,0.0008333472224535399,0.7562449637389205,-0.00024174053182917098
32937,27.447957465957767,0.7574536663980661,560,681,1241,0.0016116035455278066,0.0008333472224535399,0.7562449637389205,0.0
32938,27.44879081318022,0.7574536663980661,560,681,1241,0.0,0.0008333472224535399,0.7564061240934732,0.00016116035455278067
32939,27.449624160402674,0.75825946817083,560,681,1241,0.0008058017727639033,0.0008333472224535399,0.7566478646253024,0.00024174053182917098
32940,27.450457507625128,0.7590652699435939,560,681,1241,0.0008058017727639033,0.0008333472224535399,0.756970185334408,0.00032232070910556134
32941,27.45129085484758,0.7622884770346495,560,681,1241,0.003223207091055613,0.0008333472224535399,0.7575342465753427,0.0005640612409347323
32942,27.452124202070035,0.7630942788074134,560,681,1241,0.0008058017727639033,0.0008333472224535399,0.7581788879935539,0.0006446414182111227
32943,27.45295754929249,0.7622884770346495,560,681,1241,-0.0008058017727639033,0.0008333472224535399,0.7586623690572123,0.00048348106365834196
32944,27.453790896514942,0.7622884770346495,560,681,1241,0.0,0.0008333472224535399,0.7593070104754233,0.0006446414182111227
32945,27.454624243737396,0.7622884770346495,560,681,1241,0.0,0.0008333472224535399,0.7600322320709109,0.000725221595487513
32946,27.45545759095985,0.7622884770346495,560,681,1241,0.0,0.0008333472224535399,0.7606768734891218,0.0006446414182111227
32947,27.456290938182303,0.7647058823529411,560,681,1241,0.002417405318291599,0.0008333472224535399,0.7614020950846094,0.0007252215954875018
32948,27.457124285404756,0.765511684125705,560,681,1241,0.0008058017727639033,0.0008333472224535399,0.7622078968573732,0.0008058017727638922
32949,27.457957632627213,0.7671232876712328,560,681,1241,0.0016116035455278066,0.0008333472224570926,0.7630942788074135,0.0008863819500402826
32950,27.458790979849667,0.7671232876712328,560,681,1241,0.0,0.0008333472224535399,0.7639000805801774,0.0008058017727638922
32951,27.45962432707212,0.7671232876712328,560,681,1241,0.0,0.0008333472224535399,0.7643835616438357,0.0004834810636583309
32952,27.460457674294574,0.7679290894439967,560,681,1241,0.0008058017727639033,0.0008333472224535399,0.7648670427074942,0.0004834810636583309
32953,27.461291021517027,0.7687348912167606,560,681,1241,0.0008058017727639033,0.0008333472224535399,0.7655116841257052,0.0006446414182111115
32954,27.46212436873948,0.7695406929895245,560,681,1241,0.0008058017727639033,0.0008333472224535399,0.7662369057211927,0.0007252215954875018
32955,27.462957715961934,0.7695406929895245,560,681,1241,0.0,0.0008333472224535399,0.7669621273166802,0.0007252215954875018
32956,27.463791063184388,0.7703464947622884,560,681,1241,0.0008058017727639033,0.0008333472224535399,0.767767929089444,0.0008058017727638922
32957,27.46462441040684,0.7703464947622884,560,681,1241,0.0,0.0008333472224535399,0.7683319903303787,0.0005640612409347323
32958,27.465457757629295,0.7671232876712328,560,681,1241,-0.003223207091055613,0.0008333472224535399,0.7684931506849315,0.00016116035455278067
32959,27.46629110485175,0.7663174858984689,560,681,1241,-0.0008058017727639033,0.0008333472224535399,0.7684125705076552,-8.058017727639034e-05
32960,27.467124452074202,0.765511684125705,560,681,1241,-0.0008058017727639033,0.0008333472224535399,0.7682514101531025,-0.00016116035455278067
32961,27.467957799296656,0.7630942788074134,560,681,1241,-0.002417405318291599,0.0008333472224535399,0.7678485092667205,-0.00040290088638194054
32962,27.46879114651911,0.7614826752618856,560,681,1241,-0.0016116035455278066,0.0008333472224535399,0.7672038678485096,-0.0006446414182111115
32963,27.469624493741563,0.7630942788074134,560,681,1241,0.0016116035455278066,0.0008333472224535399,0.7666398066075748,-0.0005640612409347212
32964,27.470457840964016,0.7630942788074134,560,681,1241,0.0,0.0008333472224535399,0.7659951651893637,-0.0006446414182111115
32965,27.47129118818647,0.7622884770346495,560,681,1241,-0.0008058017727639033,0.0008333472224535399,0.7652699435938762,-0.0007252215954875018
32966,27.472124535408923,0.7630942788074134,560,681,1241,0.0008058017727639033,0.0008333472224535399,0.7645447219983887,-0.0007252215954875018
32967,27.472957882631377,0.7630942788074134,560,681,1241,0.0,0.0008333472224535399,0.7638195004029014,-0.0007252215954875018
32968,27.47379122985383,0.7622884770346495,560,681,1241,-0.0008058017727639033,0.0008333472224535399,0.7633360193392431,-0.0004834810636583309
32969,27.474624577076284,0.7622884770346495,560,681,1241,0.0,0.0008333472224535399,0.7629331184528612,-0.00040290088638194054
32970,27.47545792429874,0.7630942788074134,560,681,1241,0.0008058017727639033,0.0008333472224570926,0.7626913779210319,-0.0002417405318291599
32971,27.476291271521195,0.7622884770346495,560,681,1241,-0.0008058017727639033,0.0008333472224535399,0.7626107977437556,-8.058017727639034e-05
32972,27.477124618743648,0.7606768734891217,560,681,1241,-0.0016116035455278066,0.0008333472224535399,0.7625302175664792,-8.058017727639034e-05
32973,27.4779579659661,0.7566478646253022,560,681,1241,-0.0040290088638195165,0.0008333472224535399,0.7618855761482681,-0.0006446414182111227
32974,27.478791313188555,0.7566478646253022,560,681,1241,0.0,0.0008333472224535399,0.761240934730057,-0.0006446414182111227
32975,27.47962466041101,0.7566478646253022,560,681,1241,0.0,0.0008333472224535399,0.7606768734891223,-0.0005640612409347323
32976,27.480458007633462,0.7558420628525383,560,681,1241,-0.0008058017727639033,0.0008333472224535399,0.7599516518936348,-0.000725221595487513
32977,27.481291354855916,0.7558420628525383,560,681,1241,0.0,0.0008333472224535399,0.7592264302981473,-0.000725221595487513
32978,27.48212470207837,0.7558420628525383,560,681,1241,0.0,0.0008333472224535399,0.7585817888799362,-0.0006446414182111227
32979,27.482958049300823,0.7542304593070105,560,681,1241,-0.0016116035455278066,0.0008333472224535399,0.7577759871071722,-0.0008058017727639033
32980,27.483791396523277,0.7534246575342466,560,681,1241,-0.0008058017727639033,0.0008333472224535399,0.7568090249798555,-0.0009669621273166839
32981,27.48462474374573,0.7526188557614827,560,681,1241,-0.0008058017727639033,0.0008333472224535399,0.7558420628525389,-0.0009669621273166839
32982,27.485458090968184,0.7518130539887188,560,681,1241,-0.0008058017727639033,0.0008333472224535399,0.7549556809024985,-0.0008863819500402936
32983,27.486291438190637,0.7510072522159549,560,681,1241,-0.0008058017727639033,0.0008333472224535399,0.7543916196615639,-0.0005640612409347323
32984,27.48712478541309,0.7510072522159549,560,681,1241,0.0,0.0008333472224535399,0.7538275584206291,-0.0005640612409347323
32985,27.487958132635544,0.7526188557614827,560,681,1241,0.0016116035455278066,0.0008333472224535399,0.7534246575342471,-0.00040290088638195165
32986,27.488791479857998,0.7542304593070105,560,681,1241,0.0016116035455278066,0.0008333472224535399,0.7532634971796943,-0.00016116035455278067
32987,27.48962482708045,0.7534246575342466,560,681,1241,-0.0008058017727639033,0.0008333472224535399,0.7530217566478651,-0.00024174053182917098
32988,27.490458174302905,0.7526188557614827,560,681,1241,-0.0008058017727639033,0.0008333472224535399,0.7526994359387595,-0.00032232070910556134
32989,27.49129152152536,0.7518130539887188,560,681,1241,-0.0008058017727639033,0.0008333472224535399,0.7524576954069304,-0.00024174053182917098
32990,27.492124868747812,0.7518130539887188,560,681,1241,0.0,0.0008333472224535399,0.7522965350523776,-0.00016116035455278067
32991,27.49295821597027,0.7526188557614827,560,681,1241,0.0008058017727639033,0.0008333472224570926,0.7522965350523776,0.0
32992,27.493791563192723,0.7510072522159549,560,681,1241,-0.0016116035455278066,0.0008333472224535399,0.7522159548751012,-8.058017727639034e-05
32993,27.494624910415176,0.7542304593070105,560,681,1241,0.003223207091055613,0.0008333472224535399,0.7525382755842067,0.00032232070910556134
32994,27.49545825763763,0.7542304593070105,560,681,1241,0.0,0.0008333472224535399,0.7528605962933124,0.00032232070910556134
32995,27.496291604860083,0.7534246575342466,560,681,1241,-0.0008058017727639033,0.0008333472224535399,0.7529411764705888,8.058017727639034e-05
32996,27.497124952082537,0.7534246575342466,560,681,1241,0.0,0.0008333472224535399,0.7528605962933124,-8.058017727639034e-05
32997,27.49795829930499,0.7526188557614827,560,681,1241,-0.0008058017727639033,0.0008333472224535399,0.7527800161160358,-8.058017727639034e-05
32998,27.498791646527444,0.7518130539887188,560,681,1241,-0.0008058017727639033,0.0008333472224535399,0.7526994359387595,-8.058017727639034e-05
32999,27.499624993749897,0.7526188557614827,560,681,1241,0.0008058017727639033,0.0008333472224535399,0.752780016116036,8.058017727639034e-05
33000,27.50045834097235,0.7526188557614827,560,681,1241,0.0,0.0008333472224535399,0.7528605962933124,8.058017727639034e-05
33001,27.501291688194804,0.7550362610797744,560,681,1241,0.00241740531829171,0.0008333472224535399,0.7531023368251415,0.00024174053182917098
33002,27.502125035417258,0.7542304593070105,560,681,1241,-0.0008058017727639033,0.0008333472224535399,0.7534246575342469,0.00032232070910556134
33003,27.50295838263971,0.7534246575342466,560,681,1241,-0.0008058017727639033,0.0008333472224535399,0.7533440773569706,-8.058017727639034e-05
33004,27.503791729862165,0.7542304593070105,560,681,1241,0.0008058017727639033,0.0008333472224535399,0.7533440773569706,0.0
33005,27.50462507708462,0.7526188557614827,560,681,1241,-0.0016116035455278066,0.0008333472224535399,0.7532634971796941,-8.058017727639034e-05
33006,27.505458424307072,0.7518130539887188,560,681,1241,-0.0008058017727639033,0.0008333472224535399,0.7531023368251415,-0.00016116035455278067
33007,27.506291771529526,0.7526188557614827,560,681,1241,0.0008058017727639033,0.0008333472224535399,0.7531023368251415,0.0
33008,27.50712511875198,0.7534246575342466,560,681,1241,0.0008058017727639033,0.0008333472224535399,0.7532634971796942,0.00016116035455278067
33009,27.507958465974433,0.7534246575342466,560,681,1241,0.0,0.0008333472224535399,0.7533440773569706,8.058017727639034e-05
33010,27.508791813196886,0.7550362610797744,560,681,1241,0.0016116035455278066,0.0008333472224535399,0.7535858178887999,0.00024174053182917098
33011,27.50962516041934,0.75825946817083,560,681,1241,0.003223207091055613,0.0008333472224535399,0.7539081385979055,0.00032232070910556134
33012,27.510458507641797,0.7574536663980661,560,681,1241,-0.0008058017727639033,0.0008333472224570926,0.754230459307011,0.00032232070910556134
33013,27.51129185486425,0.75825946817083,560,681,1241,0.0008058017727639033,0.0008333472224535399,0.7547139403706694,0.00048348106365834196
33014,27.512125202086704,0.7574536663980661,560,681,1241,-0.0008058017727639033,0.0008333472224535399,0.755036261079775,0.00032232070910556134
33015,27.512958549309158,0.7574536663980661,560,681,1241,0.0,0.0008333472224535399,0.7555197421434332,0.00048348106365834196
33016,27.51379189653161,0.7590652699435939,560,681,1241,0.0016116035455278066,0.0008333472224535399,0.7562449637389208,0.000725221595487513
33017,27.514625243754065,0.7606768734891217,560,681,1241,0.0016116035455278066,0.0008333472224535399,0.7570507655116847,0.0008058017727639033
33018,27.515458590976518,0.7606768734891217,560,681,1241,0.0,0.0008333472224535399,0.7577759871071722,0.000725221595487513
33019,27.51629193819897,0.7606768734891217,560,681,1241,0.0,0.0008333472224535399,0.7585012087026597,0.000725221595487513
33020,27.517125285421425,0.7598710717163578,560,681,1241,-0.0008058017727639033,0.0008333472224535399,0.7589846897663179,0.00048348106365834196
33021,27.51795863264388,0.7606768734891217,560,681,1241,0.0008058017727639033,0.0008333472224535399,0.7592264302981472,0.00024174053182917098
33022,27.518791979866332,0.7614826752618856,560,681,1241,0.0008058017727639033,0.0008333472224535399,0.7596293311845291,0.00040290088638195165
33023,27.519625327088786,0.7630942788074134,560,681,1241,0.0016116035455278066,0.0008333472224535399,0.7601128122481875,0.00048348106365834196
33024,27.52045867431124,0.765511684125705,560,681,1241,0.002417405318291599,0.0008333472224535399,0.7609186140209514,0.0008058017727638922
33025,27.521292021533693,0.7671232876712328,560,681,1241,0.0016116035455278066,0.0008333472224535399,0.761885576148268,0.0009669621273166729
33026,27.522125368756146,0.7679290894439967,560,681,1241,0.0008058017727639033,0.0008333472224535399,0.7627719580983083,0.0008863819500402826
33027,27.5229587159786,0.7679290894439967,560,681,1241,0.0,0.0008333472224535399,0.7634971796937957,0.0007252215954875018
33028,27.523792063201054,0.7695406929895245,560,681,1241,0.0016116035455278066,0.0008333472224535399,0.7643835616438358,0.0008863819500402826
33029,27.524625410423507,0.7703464947622884,560,681,1241,0.0008058017727639033,0.0008333472224535399,0.7653505237711525,0.0009669621273166729
33030,27.52545875764596,0.7703464947622884,560,681,1241,0.0,0.0008333472224535399,0.7663980660757457,0.0010475423045930633
33031,27.526292104868414,0.7679290894439967,560,681,1241,-0.00241740531829171,0.0008333472224535399,0.7671232876712331,0.0007252215954875018
33032,27.527125452090868,0.7687348912167606,560,681,1241,0.0008058017727639033,0.0008333472224535399,0.7678485092667204,0.0007252215954875018
33033,27.527958799313325,0.7703464947622884,560,681,1241,0.0016116035455278066,0.0008333472224570926,0.768573730862208,0.0007252215954875018
33034,27.52879214653578,0.7687348912167606,560,681,1241,-0.0016116035455278066,0.0008333472224535399,0.7688960515713136,0.00032232070910556134
33035,27.529625493758232,0.7687348912167606,560,681,1241,0.0,0.0008333472224535399,0.7690572119258665,0.00016116035455278067
33036,27.530458840980685,0.7695406929895245,560,681,1241,0.0008058017727639033,0.0008333472224535399,0.7692183722804192,0.00016116035455278067
33037,27.53129218820314,0.7719580983078163,560,681,1241,0.00241740531829171,0.0008333472224535399,0.7696212731668012,0.00040290088638195165
33038,27.532125535425592,0.7719580983078163,560,681,1241,0.0,0.0008333472224535399,0.7698630136986303,0.00024174053182917098
33039,27.532958882648046,0.7727639000805802,560,681,1241,0.0008058017727639033,0.0008333472224535399,0.7701047542304595,0.00024174053182917098
33040,27.5337922298705,0.7727639000805802,560,681,1241,0.0,0.0008333472224535399,0.7703464947622887,0.00024174053182917098
33041,27.534625577092953,0.7727639000805802,560,681,1241,0.0,0.0008333472224535399,0.770829975825947,0.00048348106365834196
33042,27.535458924315407,0.7735697018533441,560,681,1241,0.0008058017727639033,0.0008333472224535399,0.7713134568896054,0.00048348106365834196
33043,27.53629227153786,0.7735697018533441,560,681,1241,0.0,0.0008333472224535399,0.7716357775987109,0.00032232070910556134
33044,27.537125618760314,0.7711522965350524,560,681,1241,-0.00241740531829171,0.0008333472224535399,0.7718775181305402,0.00024174053182917098
33045,27.537958965982767,0.7719580983078163,560,681,1241,0.0008058017727639033,0.0008333472224535399,0.7721998388396457,0.00032232070910556134
33046,27.53879231320522,0.7735697018533441,560,681,1241,0.0016116035455278066,0.0008333472224535399,0.7726027397260277,0.00040290088638195165
33047,27.539625660427674,0.7735697018533441,560,681,1241,0.0,0.0008333472224535399,0.7727639000805804,0.00016116035455278067
33048,27.540459007650128,0.7727639000805802,560,681,1241,-0.0008058017727639033,0.0008333472224535399,0.7728444802578567,8.058017727639034e-05
33049,27.54129235487258,0.7719580983078163,560,681,1241,-0.0008058017727639033,0.0008333472224535399,0.7727639000805804,-8.058017727639034e-05
33050,27.542125702095035,0.7703464947622884,560,681,1241,-0.0016116035455278066,0.0008333472224535399,0.7725221595487511,-0.00024174053182917098
33051,27.54295904931749,0.7711522965350524,560,681,1241,0.0008058017727639033,0.0008333472224535399,0.7723609991941984,-0.00016116035455278067
33052,27.543792396539942,0.7711522965350524,560,681,1241,0.0,0.0008333472224535399,0.7721192586623694,-0.00024174053182917098
33053,27.544625743762396,0.7711522965350524,560,681,1241,0.0,0.0008333472224535399,0.7718775181305404,-0.00024174053182917098
33054,27.545459090984853,0.7711522965350524,560,681,1241,0.0,0.0008333472224570926,0.7718775181305404,0.0
33055,27.546292438207306,0.7711522965350524,560,681,1241,0.0,0.0008333472224535399,0.771796937953264,-8.058017727639034e-05
33056,27.54712578542976,0.7751813053988719,560,681,1241,0.0040290088638195165,0.0008333472224535399,0.7719580983078169,0.00016116035455278067
33057,27.547959132652213,0.7775987107171636,560,681,1241,0.00241740531829171,0.0008333472224535399,0.7723609991941988,0.00040290088638195165
33058,27.548792479874667,0.7767929089443997,560,681,1241,-0.0008058017727639033,0.0008333472224535399,0.7727639000805807,0.00040290088638195165
33059,27.54962582709712,0.7784045124899275,560,681,1241,0.0016116035455278066,0.0008333472224535399,0.7734085414987918,0.0006446414182111227
33060,27.550459174319574,0.7775987107171636,560,681,1241,-0.0008058017727639033,0.0008333472224535399,0.7741337630942793,0.000725221595487513
33061,27.551292521542027,0.7775987107171636,560,681,1241,0.0,0.0008333472224535399,0.7747784045124904,0.0006446414182111227
33062,27.55212586876448,0.7792103142626914,560,681,1241,0.0016116035455278066,0.0008333472224535399,0.7755842062852542,0.0008058017727639033
33063,27.552959215986935,0.7808219178082192,560,681,1241,0.0016116035455278066,0.0008333472224535399,0.7765511684125708,0.0009669621273166839
33064,27.553792563209388,0.7808219178082192,560,681,1241,0.0,0.0008333472224535399,0.7775181305398875,0.0009669621273166839
33065,27.55462591043184,0.782433521353747,560,681,1241,0.0016116035455278066,0.0008333472224535399,0.778646253021757,0.0011281224818694645
33066,27.555459257654295,0.7808219178082192,560,681,1241,-0.0016116035455278066,0.0008333472224535399,0.7792103142626917,0.0005640612409347323
33067,27.55629260487675,0.782433521353747,560,681,1241,0.0016116035455278066,0.0008333472224535399,0.7796937953263501,0.00048348106365834196
33068,27.557125952099202,0.782433521353747,560,681,1241,0.0,0.0008333472224535399,0.7802578565672847,0.0005640612409347323
33069,27.557959299321656,0.7848509266720387,560,681,1241,0.00241740531829171,0.0008333472224535399,0.7809024979854959,0.0006446414182111227
33070,27.55879264654411,0.7872683319903304,560,681,1241,0.00241740531829171,0.0008333472224535399,0.7818694601128127,0.0009669621273166839
33071,27.559625993766563,0.7872683319903304,560,681,1241,0.0,0.0008333472224535399,0.7828364222401294,0.0009669621273166839
33072,27.560459340989016,0.7888799355358582,560,681,1241,0.0016116035455278066,0.0008333472224535399,0.7838033843674459,0.0009669621273166839
33073,27.56129268821147,0.790491539081386,560,681,1241,0.0016116035455278066,0.0008333472224535399,0.7847703464947627,0.0009669621273166839
33074,27.562126035433923,0.790491539081386,560,681,1241,0.0,0.0008333472224535399,0.7857373086220794,0.0009669621273166839
33075,27.562959382656377,0.7896857373086221,560,681,1241,-0.0008058017727639033,0.0008333472224535399,0.786462530217567,0.000725221595487513
33076,27.563792729878834,0.7896857373086221,560,681,1241,0.0,0.0008333472224570926,0.7873489121676072,0.0008863819500402936
33077,27.564626077101288,0.7896857373086221,560,681,1241,0.0,0.0008333472224535399,0.7880741337630948,0.000725221595487513
33078,27.56545942432374,0.7888799355358582,560,681,1241,-0.0008058017727639033,0.0008333472224535399,0.7887187751813058,0.0006446414182111227
33079,27.566292771546195,0.7888799355358582,560,681,1241,0.0,0.0008333472224535399,0.7891216760676878,0.00040290088638195165
33080,27.56712611876865,0.7888799355358582,560,681,1241,0.0,0.0008333472224535399,0.7892828364222406,0.00016116035455278067
33081,27.567959465991102,0.7880741337630943,560,681,1241,-0.0008058017727639033,0.0008333472224535399,0.7893634165995169,8.058017727639034e-05
33082,27.568792813213555,0.7856567284448026,560,681,1241,-0.00241740531829171,0.0008333472224535399,0.7890410958904115,-0.00032232070910556134
33083,27.56962616043601,0.7864625302175665,560,681,1241,0.0008058017727639033,0.0008333472224535399,0.7886381950040294,-0.00040290088638195165
33084,27.570459507658462,0.7888799355358582,560,681,1241,0.00241740531829171,0.0008333472224535399,0.7884770346494766,-0.00016116035455278067
33085,27.571292854880916,0.7872683319903304,560,681,1241,-0.0016116035455278066,0.0008333472224535399,0.7882352941176475,-0.00024174053182917098
33086,27.57212620210337,0.7872683319903304,560,681,1241,0.0,0.0008333472224535399,0.7879935535858182,-0.00024174053182917098
33087,27.572959549325823,0.7872683319903304,560,681,1241,0.0,0.0008333472224535399,0.7877518130539892,-0.00024174053182917098
33088,27.573792896548277,0.7864625302175665,560,681,1241,-0.0008058017727639033,0.0008333472224535399,0.78751007252216,-0.00024174053182917098
33089,27.57462624377073,0.7864625302175665,560,681,1241,0.0,0.0008333472224535399,0.7872683319903307,-0.00024174053182917098
33090,27.575459590993184,0.7856567284448026,560,681,1241,-0.0008058017727639033,0.0008333472224535399,0.7869460112812252,-0.00032232070910556134
33091,27.576292938215637,0.7856567284448026,560,681,1241,0.0,0.0008333472224535399,0.786704270749396,-0.00024174053182917098
33092,27.57712628543809,0.7880741337630943,560,681,1241,0.00241740531829171,0.0008333472224535399,0.7869460112812252,0.00024174053182917098
33093,27.577959632660544,0.7880741337630943,560,681,1241,0.0,0.0008333472224535399,0.787107171635778,0.00016116035455278067
33094,27.578792979882998,0.7880741337630943,560,681,1241,0.0,0.0008333472224535399,0.7870265914585017,-8.058017727639034e-05
33095,27.57962632710545,0.7880741337630943,560,681,1241,0.0,0.0008333472224535399,0.7871071716357781,8.058017727639034e-05
33096,27.580459674327905,0.7896857373086221,560,681,1241,0.0016116035455278066,0.0008333472224535399,0.7873489121676074,0.00024174053182917098
33097,27.581293021550362,0.790491539081386,560,681,1241,0.0008058017727639033,0.0008333472224570926,0.7876712328767129,0.00032232070910556134
33098,27.582126368772816,0.790491539081386,560,681,1241,0.0,0.0008333472224535399,0.788074133763095,0.00040290088638195165
33099,27.58295971599527,0.7888799355358582,560,681,1241,-0.0016116035455278066,0.0008333472224535399,0.7883158742949241,0.00024174053182917098
33100,27.583793063217723,0.7864625302175665,560,681,1241,-0.00241740531829171,0.0008333472224535399,0.7883964544722005,8.058017727639034e-05
33101,27.584626410440176,0.7872683319903304,560,681,1241,0.0008058017727639033,0.0008333472224535399,0.7885576148267532,0.00016116035455278067
33102,27.58545975766263,0.7880741337630943,560,681,1241,0.0008058017727639033,0.0008333472224535399,0.7885576148267532,0.0
33103,27.586293104885083,0.7888799355358582,560,681,1241,0.0008058017727639033,0.0008333472224535399,0.7886381950040295,8.058017727639034e-05
33104,27.587126452107537,0.7880741337630943,560,681,1241,-0.0008058017727639033,0.0008333472224535399,0.7886381950040295,0.0
33105,27.58795979932999,0.7864625302175665,560,681,1241,-0.0016116035455278066,0.0008333472224535399,0.7884770346494767,-0.00016116035455278067
33106,27.588793146552444,0.7848509266720387,560,681,1241,-0.0016116035455278066,0.0008333472224535399,0.7879935535858185,-0.00048348106365834196
33107,27.589626493774897,0.7848509266720387,560,681,1241,0.0,0.0008333472224535399,0.7874294923448837,-0.0005640612409347323
33108,27.59045984099735,0.7880741337630943,560,681,1241,0.003223207091055613,0.0008333472224535399,0.7871877518130546,-0.00024174053182917098
33109,27.591293188219804,0.7888799355358582,560,681,1241,0.0008058017727639033,0.0008333472224535399,0.7871877518130544,0.0
33110,27.592126535442258,0.7912973408541499,560,681,1241,0.00241740531829171,0.0008333472224535399,0.7876712328767128,0.00048348106365834196
33111,27.59295988266471,0.7912973408541499,560,681,1241,0.0,0.0008333472224535399,0.7880741337630949,0.00040290088638195165
33112,27.593793229887165,0.790491539081386,560,681,1241,-0.0008058017727639033,0.0008333472224535399,0.788315874294924,0.00024174053182917098
33113,27.59462657710962,0.7921031426269137,560,681,1241,0.0016116035455276956,0.0008333472224535399,0.7886381950040295,0.00032232070910555023
33114,27.595459924332072,0.7937147461724415,560,681,1241,0.0016116035455278066,0.0008333472224535399,0.7892022562449641,0.0005640612409347212
33115,27.596293271554526,0.7912973408541499,560,681,1241,-0.002417405318291599,0.0008333472224535399,0.7896857373086226,0.00048348106365834196
33116,27.59712661877698,0.7912973408541499,560,681,1241,0.0,0.0008333472224535399,0.7903303787268336,0.0006446414182111227
33117,27.597959965999433,0.7896857373086221,560,681,1241,-0.0016116035455278066,0.0008333472224535399,0.7908138597904919,0.00048348106365834196
33118,27.59879331322189,0.7921031426269137,560,681,1241,0.002417405318291599,0.0008333472224570926,0.7912167606768739,0.00040290088638194054
33119,27.599626660444343,0.7921031426269137,560,681,1241,0.0,0.0008333472224535399,0.7915390813859794,0.00032232070910555023
33120,27.600460007666797,0.7921031426269137,560,681,1241,0.0,0.0008333472224535399,0.7916196615632558,8.058017727637922e-05
33121,27.60129335488925,0.7929089443996776,560,681,1241,0.0008058017727639033,0.0008333472224535399,0.7917808219178084,0.00016116035455276956
33122,27.602126702111704,0.7929089443996776,560,681,1241,0.0,0.0008333472224535399,0.7920225624496375,0.0002417405318291599
33123,27.602960049334158,0.7929089443996776,560,681,1241,0.0,0.0008333472224535399,0.7921031426269141,8.058017727639034e-05
33124,27.60379339655661,0.7929089443996776,560,681,1241,0.0,0.0008333472224535399,0.7920225624496375,-8.058017727639034e-05
33125,27.604626743779065,0.7921031426269137,560,681,1241,-0.0008058017727639033,0.0008333472224535399,0.7921031426269138,8.058017727637922e-05
33126,27.605460091001518,0.7929089443996776,560,681,1241,0.0008058017727639033,0.0008333472224535399,0.7922643029814666,0.00016116035455276956
33127,27.60629343822397,0.790491539081386,560,681,1241,-0.002417405318291599,0.0008333472224535399,0.7923448831587431,8.058017727639034e-05
33128,27.607126785446425,0.7912973408541499,560,681,1241,0.0008058017727639033,0.0008333472224535399,0.7922643029814667,-8.058017727637922e-05
33129,27.60796013266888,0.7896857373086221,560,681,1241,-0.0016116035455278066,0.0008333472224535399,0.7920225624496375,-0.0002417405318291599
33130,27.608793479891332,0.7888799355358582,560,681,1241,-0.0008058017727639033,0.0008333472224535399,0.7917002417405319,-0.00032232070910555023
33131,27.609626827113786,0.790491539081386,560,681,1241,0.0016116035455278066,0.0008333472224535399,0.7914585012087028,-0.0002417405318291599
33132,27.61046017433624,0.790491539081386,560,681,1241,0.0,0.0008333472224535399,0.7912167606768736,-0.0002417405318291599
33133,27.611293521558693,0.7896857373086221,560,681,1241,-0.0008058017727639033,0.0008333472224535399,0.7908944399677681,-0.00032232070910555023
33134,27.612126868781147,0.7896857373086221,560,681,1241,0.0,0.0008333472224535399,0.7905721192586626,-0.00032232070910555023
33135,27.6129602160036,0.7896857373086221,560,681,1241,0.0,0.0008333472224535399,0.7903303787268333,-0.0002417405318291599
33136,27.613793563226054,0.7896857373086221,560,681,1241,0.0,0.0008333472224535399,0.7900080580177278,-0.00032232070910555023
33137,27.614626910448507,0.7888799355358582,560,681,1241,-0.0008058017727639033,0.0008333472224535399,0.789846897663175,-0.00016116035455278067
33138,27.61546025767096,0.7880741337630943,560,681,1241,-0.0008058017727639033,0.0008333472224535399,0.7895245769540693,-0.00032232070910556134
33139,27.616293604893418,0.7888799355358582,560,681,1241,0.0008058017727639033,0.0008333472224570926,0.789443996776793,-8.058017727639034e-05
33140,27.61712695211587,0.7896857373086221,560,681,1241,0.0008058017727639033,0.0008333472224535399,0.7895245769540693,8.058017727639034e-05
33141,27.617960299338325,0.790491539081386,560,681,1241,0.0008058017727639033,0.0008333472224535399,0.7895245769540694,0.0
33142,27.61879364656078,0.7912973408541499,560,681,1241,0.0008058017727639033,0.0008333472224535399,0.7896051571313458,8.058017727639034e-05
33143,27.619626993783232,0.7912973408541499,560,681,1241,0.0,0.0008333472224535399,0.7897663174858985,0.00016116035455278067
33144,27.620460341005685,0.7896857373086221,560,681,1241,-0.0016116035455278066,0.0008333472224535399,0.7897663174858985,0.0
33145,27.62129368822814,0.7896857373086221,560,681,1241,0.0,0.0008333472224535399,0.7897663174858985,0.0
33146,27.622127035450593,0.7921031426269137,560,681,1241,0.002417405318291599,0.0008333472224535399,0.7900080580177278,0.0002417405318291599
33147,27.622960382673046,0.7912973408541499,560,681,1241,-0.0008058017727637923,0.0008333472224535399,0.790249798549557,0.00024174053182917098
33148,27.6237937298955,0.7896857373086221,560,681,1241,-0.0016116035455278066,0.0008333472224535399,0.7904109589041097,0.00016116035455278067
33149,27.624627077117953,0.7896857373086221,560,681,1241,0.0,0.0008333472224535399,0.790491539081386,8.058017727639034e-05
33150,27.625460424340407,0.7896857373086221,560,681,1241,0.0,0.0008333472224535399,0.790491539081386,0.0
33151,27.62629377156286,0.7888799355358582,560,681,1241,-0.0008058017727639033,0.0008333472224535399,0.7903303787268332,-0.00016116035455278067
33152,27.627127118785314,0.7896857373086221,560,681,1241,0.0008058017727639033,0.0008333472224535399,0.7901692183722805,-0.00016116035455278067
33153,27.627960466007767,0.7896857373086221,560,681,1241,0.0,0.0008333472224535399,0.7900080580177276,-0.00016116035455278067
33154,27.62879381323022,0.7929089443996776,560,681,1241,0.003223207091055502,0.0008333472224535399,0.7903303787268332,0.00032232070910555023
33155,27.629627160452674,0.790491539081386,560,681,1241,-0.002417405318291599,0.0008333472224535399,0.7904109589041097,8.058017727639034e-05
33156,27.630460507675128,0.7912973408541499,560,681,1241,0.0008058017727639033,0.0008333472224535399,0.7903303787268333,-8.058017727637922e-05
33157,27.63129385489758,0.7912973408541499,560,681,1241,0.0,0.0008333472224535399,0.7903303787268333,0.0
33158,27.632127202120035,0.7921031426269137,560,681,1241,0.0008058017727637923,0.0008333472224535399,0.7905721192586626,0.0002417405318291599
33159,27.63296054934249,0.7921031426269137,560,681,1241,0.0,0.0008333472224535399,0.7908138597904918,0.0002417405318291599
33160,27.633793896564946,0.7912973408541499,560,681,1241,-0.0008058017727637923,0.0008333472224570926,0.7909750201450446,0.00016116035455278067
33161,27.6346272437874,0.790491539081386,560,681,1241,-0.0008058017727639033,0.0008333472224535399,0.7911361804995976,0.00016116035455278067
33162,27.635460591009853,0.7912973408541499,560,681,1241,0.0008058017727639033,0.0008333472224535399,0.7912973408541504,0.00016116035455278067
33163,27.636293938232306,0.7912973408541499,560,681,1241,0.0,0.0008333472224535399,0.7914585012087032,0.00016116035455278067
33164,27.63712728545476,0.7953263497179693,560,681,1241,0.0040290088638194055,0.0008333472224535399,0.7917002417405324,0.00024174053182917098
33165,27.637960632677213,0.7937147461724415,560,681,1241,-0.0016116035455278066,0.0008333472224535399,0.792022562449638,0.00032232070910555023
33166,27.638793979899667,0.7929089443996776,560,681,1241,-0.0008058017727639033,0.0008333472224535399,0.7921837228041907,0.00016116035455276956
33167,27.63962732712212,0.7945205479452054,560,681,1241,0.0016116035455278066,0.0008333472224535399,0.7925060435132962,0.00032232070910555023
33168,27.640460674344574,0.7945205479452054,560,681,1241,0.0,0.0008333472224535399,0.7927477840451255,0.00024174053182917098
33169,27.641294021567028,0.7953263497179693,560,681,1241,0.0008058017727639033,0.0008333472224535399,0.793070104754231,0.00032232070910556134
33170,27.64212736878948,0.7961321514907332,560,681,1241,0.0008058017727639033,0.0008333472224535399,0.7935535858178893,0.0004834810636583309
33171,27.642960716011935,0.7953263497179693,560,681,1241,-0.0008058017727639033,0.0008333472224535399,0.7940370668815476,0.0004834810636583309
33172,27.643794063234388,0.7961321514907332,560,681,1241,0.0008058017727639033,0.0008333472224535399,0.794520547945206,0.0004834810636583309
33173,27.64462741045684,0.7969379532634971,560,681,1241,0.0008058017727639033,0.0008333472224535399,0.7950846091861405,0.0005640612409347212
33174,27.645460757679295,0.797743755036261,560,681,1241,0.0008058017727639033,0.0008333472224535399,0.7953263497179698,0.00024174053182917098
33175,27.64629410490175,0.798549556809025,560,681,1241,0.0008058017727639033,0.0008333472224535399,0.7958098307816281,0.00048348106365834196
33176,27.647127452124202,0.7993553585817889,560,681,1241,0.0008058017727639033,0.0008333472224535399,0.7964544721998393,0.0006446414182111227
33177,27.647960799346656,0.798549556809025,560,681,1241,-0.0008058017727639033,0.0008333472224535399,0.7968573730862214,0.00040290088638195165
33178,27.64879414656911,0.798549556809025,560,681,1241,0.0,0.0008333472224535399,0.7972602739726032,0.00040290088638195165
33179,27.649627493791563,0.8001611603545528,560,681,1241,0.0016116035455278066,0.0008333472224535399,0.7977437550362616,0.00048348106365834196
33180,27.650460841014016,0.8001611603545528,560,681,1241,0.0,0.0008333472224535399,0.7981466559226436,0.00040290088638195165
33181,27.65129418823647,0.8025785656728445,560,681,1241,0.00241740531829171,0.0008333472224535399,0.7988718775181309,0.000725221595487513
33182,27.652127535458927,0.8025785656728445,560,681,1241,0.0,0.0008333472224570926,0.7995165189363421,0.0006446414182111227
33183,27.65296088268138,0.8041901692183723,560,681,1241,0.0016116035455278066,0.0008333472224535399,0.8002417405318297,0.000725221595487513
33184,27.653794229903834,0.8041901692183723,560,681,1241,0.0,0.0008333472224535399,0.8008863819500409,0.0006446414182111227
33185,27.654627577126288,0.8033843674456084,560,681,1241,-0.0008058017727639033,0.0008333472224535399,0.8013698630136992,0.00048348106365834196
33186,27.65546092434874,0.8049959709911362,560,681,1241,0.0016116035455278066,0.0008333472224535399,0.801933924254634,0.0005640612409347323
33187,27.656294271571195,0.8049959709911362,560,681,1241,0.0,0.0008333472224535399,0.802578565672845,0.0006446414182111227
33188,27.65712761879365,0.8058017727639001,560,681,1241,0.0008058017727639033,0.0008333472224535399,0.8033037872683325,0.000725221595487513
33189,27.657960966016102,0.8058017727639001,560,681,1241,0.0,0.0008333472224535399,0.8038678485092673,0.0005640612409347323
33190,27.658794313238555,0.806607574536664,560,681,1241,0.0008058017727639033,0.0008333472224535399,0.8045124899274784,0.0006446414182111227
33191,27.65962766046101,0.806607574536664,560,681,1241,0.0,0.0008333472224535399,0.8049153908138603,0.00040290088638195165
33192,27.660461007683462,0.8074133763094279,560,681,1241,0.0008058017727639033,0.0008333472224535399,0.8053988718775187,0.00048348106365834196
33193,27.661294354905916,0.8082191780821918,560,681,1241,0.0008058017727639033,0.0008333472224535399,0.8058017727639006,0.00040290088638195165
33194,27.66212770212837,0.8098307816277196,560,681,1241,0.0016116035455278066,0.0008333472224535399,0.8063658340048352,0.0005640612409347323
33195,27.662961049350823,0.8090249798549557,560,681,1241,-0.0008058017727639033,0.0008333472224535399,0.80692989524577,0.0005640612409347323
33196,27.663794396573277,0.8090249798549557,560,681,1241,0.0,0.0008333472224535399,0.8073327961321519,0.00040290088638195165
33197,27.66462774379573,0.8090249798549557,560,681,1241,0.0,0.0008333472224535399,0.8077356970185339,0.00040290088638195165
33198,27.665461091018184,0.8074133763094279,560,681,1241,-0.0016116035455278066,0.0008333472224535399,0.8078968573730867,0.00016116035455278067
33199,27.666294438240637,0.8090249798549557,560,681,1241,0.0016116035455278066,0.0008333472224535399,0.8082191780821922,0.00032232070910556134
33200,27.66712778546309,0.8074133763094279,560,681,1241,-0.0016116035455278066,0.0008333472224535399,0.8082997582594688,8.058017727639034e-05
33201,27.667961132685544,0.8082191780821918,560,681,1241,0.0008058017727639033,0.0008333472224535399,0.8084609186140217,0.00016116035455278067
33202,27.668794479907998,0.8074133763094279,560,681,1241,-0.0008058017727639033,0.0008333472224535399,0.8084609186140217,0.0
33203,27.669627827130455,0.8049959709911362,560,681,1241,-0.00241740531829171,0.0008333472224570926,0.808138597904916,-0.00032232070910556134
33204,27.67046117435291,0.8049959709911362,560,681,1241,0.0,0.0008333472224535399,0.8076551168412578,-0.00048348106365834196
33205,27.671294521575362,0.806607574536664,560,681,1241,0.0016116035455278066,0.0008333472224535399,0.8074133763094287,-0.00024174053182917098
33206,27.672127868797816,0.8041901692183723,560,681,1241,-0.00241740531829171,0.0008333472224535399,0.8069298952457704,-0.00048348106365834196
33207,27.67296121602027,0.8049959709911362,560,681,1241,0.0008058017727639033,0.0008333472224535399,0.8065269943593885,-0.00040290088638195165
33208,27.673794563242723,0.8033843674456084,560,681,1241,-0.0016116035455278066,0.0008333472224535399,0.8061240934730064,-0.00040290088638195165
33209,27.674627910465176,0.8033843674456084,560,681,1241,0.0,0.0008333472224535399,0.8055600322320716,-0.0005640612409347323
33210,27.67546125768763,0.8041901692183723,560,681,1241,0.0008058017727639033,0.0008333472224535399,0.8052377115229661,-0.00032232070910556134
33211,27.676294604910083,0.8017727639000806,560,681,1241,-0.00241740531829171,0.0008333472224535399,0.8045930701047549,-0.0006446414182111227
33212,27.677127952132537,0.8041901692183723,560,681,1241,0.00241740531829171,0.0008333472224535399,0.8042707493956494,-0.00032232070910556134
33213,27.67796129935499,0.806607574536664,560,681,1241,0.00241740531829171,0.0008333472224535399,0.8044319097502021,0.00016116035455278067
33214,27.678794646577444,0.8058017727639001,560,681,1241,-0.0008058017727639033,0.0008333472224535399,0.8045124899274784,8.058017727639034e-05
33215,27.679627993799897,0.806607574536664,560,681,1241,0.0008058017727639033,0.0008333472224535399,0.8045124899274784,0.0
33216,27.68046134102235,0.806607574536664,560,681,1241,0.0,0.0008333472224535399,0.8047542304593074,0.00024174053182917098
33217,27.681294688244805,0.8074133763094279,560,681,1241,0.0008058017727639033,0.0008333472224535399,0.8049959709911366,0.00024174053182917098
33218,27.682128035467258,0.8082191780821918,560,681,1241,0.0008058017727639033,0.0008333472224535399,0.8054794520547951,0.00048348106365834196
33219,27.68296138268971,0.8090249798549557,560,681,1241,0.0008058017727639033,0.0008333472224535399,0.8060435132957299,0.0005640612409347323
33220,27.683794729912165,0.8114423851732474,560,681,1241,0.00241740531829171,0.0008333472224535399,0.8067687348912174,0.000725221595487513
33221,27.68462807713462,0.8090249798549557,560,681,1241,-0.00241740531829171,0.0008333472224535399,0.8074939564867047,0.000725221595487513
33222,27.685461424357072,0.8090249798549557,560,681,1241,0.0,0.0008333472224535399,0.807977437550363,0.00048348106365834196
33223,27.686294771579526,0.8082191780821918,560,681,1241,-0.0008058017727639033,0.0008333472224535399,0.8081385979049159,0.00016116035455278067
33224,27.687128118801983,0.8082191780821918,560,681,1241,0.0,0.0008333472224570926,0.8083803384367452,0.00024174053182917098
33225,27.687961466024436,0.8049959709911362,560,681,1241,-0.003223207091055613,0.0008333472224535399,0.8082191780821925,-0.00016116035455278067
33226,27.68879481324689,0.8058017727639001,560,681,1241,0.0008058017727639033,0.0008333472224535399,0.808138597904916,-8.058017727639034e-05
33227,27.689628160469343,0.8058017727639001,560,681,1241,0.0,0.0008333472224535399,0.8079774375503632,-0.00016116035455278067
33228,27.690461507691797,0.8041901692183723,560,681,1241,-0.0016116035455278066,0.0008333472224535399,0.8075745366639813,-0.00040290088638195165
33229,27.69129485491425,0.8041901692183723,560,681,1241,0.0,0.0008333472224535399,0.807091055600323,-0.00048348106365834196
33230,27.692128202136704,0.8041901692183723,560,681,1241,0.0,0.0008333472224535399,0.8063658340048356,-0.000725221595487513
33231,27.692961549359158,0.8033843674456084,560,681,1241,-0.0008058017727639033,0.0008333472224535399,0.8058017727639009,-0.0005640612409347323
33232,27.69379489658161,0.8033843674456084,560,681,1241,0.0,0.0008333472224535399,0.8052377115229661,-0.0005640612409347323
33233,27.694628243804065,0.8058017727639001,560,681,1241,0.00241740531829171,0.0008333472224535399,0.8049959709911368,-0.00024174053182917098
33234,27.69546159102652,0.8049959709911362,560,681,1241,-0.0008058017727639033,0.0008333472224535399,0.8046736502820313,-0.00032232070910556134
33235,27.696294938248972,0.8041901692183723,560,681,1241,-0.0008058017727639033,0.0008333472224535399,0.8045930701047549,-8.058017727639034e-05
33236,27.697128285471425,0.8033843674456084,560,681,1241,-0.0008058017727639033,0.0008333472224535399,0.8043513295729257,-0.00024174053182917098
33237,27.69796163269388,0.8041901692183723,560,681,1241,0.0008058017727639033,0.0008333472224535399,0.804190169218373,-0.00016116035455278067
33238,27.698794979916332,0.806607574536664,560,681,1241,0.00241740531829171,0.0008333472224535399,0.8044319097502021,0.00024174053182917098
33239,27.699628327138786,0.8082191780821918,560,681,1241,0.0016116035455278066,0.0008333472224535399,0.8048348106365839,0.00040290088638195165
33240,27.70046167436124,0.8082191780821918,560,681,1241,0.0,0.0008333472224535399,0.8052377115229659,0.00040290088638195165
33241,27.701295021583693,0.8090249798549557,560,681,1241,0.0008058017727639033,0.0008333472224535399,0.8058017727639006,0.0005640612409347323
33242,27.702128368806147,0.8098307816277196,560,681,1241,0.0008058017727639033,0.0008333472224535399,0.8064464141821117,0.0006446414182111227
33243,27.7029617160286,0.8090249798549557,560,681,1241,-0.0008058017727639033,0.0008333472224535399,0.8067687348912174,0.00032232070910556134
33244,27.703795063251054,0.8090249798549557,560,681,1241,0.0,0.0008333472224535399,0.8071716357775992,0.00040290088638195165
33245,27.70462841047351,0.8074133763094279,560,681,1241,-0.0016116035455278066,0.0008333472224570926,0.8074939564867047,0.00032232070910556134
33246,27.705461757695964,0.8058017727639001,560,681,1241,-0.0016116035455278066,0.0008333472224535399,0.807735697018534,0.00024174053182917098
33247,27.706295104918418,0.8074133763094279,560,681,1241,0.0016116035455278066,0.0008333472224535399,0.8080580177276395,0.00032232070910556134
33248,27.70712845214087,0.8090249798549557,560,681,1241,0.0016116035455278066,0.0008333472224535399,0.8082997582594688,0.00024174053182917098
33249,27.707961799363325,0.8090249798549557,560,681,1241,0.0,0.0008333472224535399,0.8083803384367452,8.058017727639034e-05
33250,27.70879514658578,0.8098307816277196,560,681,1241,0.0008058017727639033,0.0008333472224535399,0.8085414987912978,0.00016116035455278067
33251,27.709628493808232,0.8082191780821918,560,681,1241,-0.0016116035455278066,0.0008333472224535399,0.8084609186140215,-8.058017727639034e-05
33252,27.710461841030686,0.8090249798549557,560,681,1241,0.0008058017727639033,0.0008333472224535399,0.8083803384367452,-8.058017727639034e-05
33253,27.71129518825314,0.8098307816277196,560,681,1241,0.0008058017727639033,0.0008333472224535399,0.8084609186140215,8.058017727639034e-05
33254,27.712128535475593,0.8090249798549557,560,681,1241,-0.0008058017727639033,0.0008333472224535399,0.8084609186140215,0.0
33255,27.712961882698046,0.8090249798549557,560,681,1241,0.0,0.0008333472224535399,0.8086220789685742,0.00016116035455278067
33256,27.7137952299205,0.8098307816277196,560,681,1241,0.0008058017727639033,0.0008333472224535399,0.809024979854956,0.00040290088638195165
33257,27.714628577142953,0.8106365834004835,560,681,1241,0.0008058017727639033,0.0008333472224535399,0.8093473005640617,0.00032232070910556134
33258,27.715461924365407,0.8130539887187752,560,681,1241,0.00241740531829171,0.0008333472224535399,0.8097502014504435,0.00040290088638195165
33259,27.71629527158786,0.8138597904915391,560,681,1241,0.0008058017727639033,0.0008333472224535399,0.810233682514102,0.00048348106365834196
33260,27.717128618810314,0.8138597904915391,560,681,1241,0.0,0.0008333472224535399,0.8106365834004841,0.00040290088638195165
33261,27.717961966032767,0.8138597904915391,560,681,1241,0.0,0.0008333472224535399,0.8112006446414188,0.0005640612409347323
33262,27.71879531325522,0.814665592264303,560,681,1241,0.0008058017727639033,0.0008333472224535399,0.8117647058823536,0.0005640612409347323
33263,27.719628660477674,0.8154713940370669,560,681,1241,0.0008058017727639033,0.0008333472224535399,0.8123287671232884,0.0005640612409347323
33264,27.720462007700128,0.8154713940370669,560,681,1241,0.0,0.0008333472224535399,0.8129734085414995,0.0006446414182111227
33265,27.72129535492258,0.814665592264303,560,681,1241,-0.0008058017727639033,0.0008333472224535399,0.8135374697824342,0.0005640612409347323
33266,27.72212870214504,0.8130539887187752,560,681,1241,-0.0016116035455278066,0.0008333472224570926,0.8138597904915399,0.00032232070910556134
33267,27.722962049367492,0.8122481869460113,560,681,1241,-0.0008058017727639033,0.0008333472224535399,0.8140209508460925,0.00016116035455278067
33268,27.723795396589946,0.8114423851732474,560,681,1241,-0.0008058017727639033,0.0008333472224535399,0.8138597904915399,-0.00016116035455278067
33269,27.7246287438124,0.8114423851732474,560,681,1241,0.0,0.0008333472224535399,0.8136180499597107,-0.00024174053182917098
33270,27.725462091034853,0.8130539887187752,560,681,1241,0.0016116035455278066,0.0008333472224535399,0.8135374697824341,-8.058017727639034e-05
33271,27.726295438257306,0.8130539887187752,560,681,1241,0.0,0.0008333472224535399,0.8134568896051576,-8.058017727639034e-05
33272,27.72712878547976,0.8122481869460113,560,681,1241,-0.0008058017727639033,0.0008333472224535399,0.8132151490733284,-0.00024174053182917098
33273,27.727962132702213,0.8122481869460113,560,681,1241,0.0,0.0008333472224535399,0.8128928283642228,-0.00032232070910556134
33274,27.728795479924667,0.814665592264303,560,681,1241,0.00241740531829171,0.0008333472224535399,0.8128122481869464,-8.058017727639034e-05
33275,27.72962882714712,0.8130539887187752,560,681,1241,-0.0016116035455278066,0.0008333472224535399,0.8126510878323936,-0.00016116035455278067
33276,27.730462174369574,0.8130539887187752,560,681,1241,0.0,0.0008333472224535399,0.8126510878323936,0.0
33277,27.731295521592028,0.8138597904915391,560,681,1241,0.0008058017727639033,0.0008333472224535399,0.8128122481869464,0.00016116035455278067
33278,27.73212886881448,0.8138597904915391,560,681,1241,0.0,0.0008333472224535399,0.8130539887187757,0.00024174053182917098
33279,27.732962216036935,0.8130539887187752,560,681,1241,-0.0008058017727639033,0.0008333472224535399,0.8132151490733284,0.00016116035455278067
33280,27.733795563259388,0.8122481869460113,560,681,1241,-0.0008058017727639033,0.0008333472224535399,0.8131345688960521,-8.058017727639034e-05
33281,27.73462891048184,0.8106365834004835,560,681,1241,-0.0016116035455278066,0.0008333472224535399,0.8128928283642229,-0.00024174053182917098
33282,27.735462257704295,0.8074133763094279,560,681,1241,-0.003223207091055613,0.0008333472224535399,0.8124093473005647,-0.00048348106365834196
33283,27.73629560492675,0.8074133763094279,560,681,1241,0.0,0.0008333472224535399,0.8119258662369064,-0.00048348106365834196
33284,27.737128952149202,0.806607574536664,560,681,1241,-0.0008058017727639033,0.0008333472224535399,0.8111200644641425,-0.0008058017727639033
33285,27.737962299371656,0.806607574536664,560,681,1241,0.0,0.0008333472224535399,0.8104754230459313,-0.0006446414182111227
33286,27.73879564659411,0.806607574536664,560,681,1241,0.0,0.0008333472224535399,0.8098307816277203,-0.0006446414182111227
33287,27.739628993816567,0.8074133763094279,560,681,1241,0.0008058017727639033,0.0008333472224570926,0.8091861402095091,-0.0006446414182111227
33288,27.74046234103902,0.8074133763094279,560,681,1241,0.0,0.0008333472224535399,0.808541498791298,-0.0006446414182111227
33289,27.741295688261474,0.8074133763094279,560,681,1241,0.0,0.0008333472224535399,0.8079774375503634,-0.0005640612409347323
33290,27.742129035483927,0.8058017727639001,560,681,1241,-0.0016116035455278066,0.0008333472224535399,0.8073327961321523,-0.0006446414182111227
33291,27.74296238270638,0.806607574536664,560,681,1241,0.0008058017727639033,0.0008333472224535399,0.8069298952457702,-0.00040290088638195165
33292,27.743795729928834,0.8041901692183723,560,681,1241,-0.00241740531829171,0.0008333472224535399,0.8066075745366647,-0.00032232070910556134
33293,27.744629077151288,0.8041901692183723,560,681,1241,0.0,0.0008333472224535399,0.8062852538275591,-0.00032232070910556134
33294,27.74546242437374,0.8049959709911362,560,681,1241,0.0008058017727639033,0.0008333472224535399,0.8061240934730064,-0.00016116035455278067
33295,27.746295771596195,0.8074133763094279,560,681,1241,0.00241740531829171,0.0008333472224535399,0.8062046736502829,8.058017727639034e-05
33296,27.74712911881865,0.8074133763094279,560,681,1241,0.0,0.0008333472224535399,0.8062852538275594,8.058017727639034e-05
33297,27.747962466041102,0.806607574536664,560,681,1241,-0.0008058017727639033,0.0008333472224535399,0.8062046736502829,-8.058017727639034e-05
33298,27.748795813263555,0.8058017727639001,560,681,1241,-0.0008058017727639033,0.0008333472224535399,0.80604351329573,-0.00016116035455278067
33299,27.74962916048601,0.806607574536664,560,681,1241,0.0008058017727639033,0.0008333472224535399,0.8059629331184535,-8.058017727639034e-05
33300,27.750462507708463,0.806607574536664,560,681,1241,0.0,0.0008333472224535399,0.8060435132957299,8.058017727639034e-05
33301,27.751295854930916,0.8058017727639001,560,681,1241,-0.0008058017727639033,0.0008333472224535399,0.8059629331184535,-8.058017727639034e-05
33302,27.75212920215337,0.8041901692183723,560,681,1241,-0.0016116035455278066,0.0008333472224535399,0.8059629331184535,0.0
33303,27.752962549375823,0.8033843674456084,560,681,1241,-0.0008058017727639033,0.0008333472224535399,0.8058823529411769,-8.058017727639034e-05
33304,27.753795896598277,0.8049959709911362,560,681,1241,0.0016116035455278066,0.0008333472224535399,0.8058823529411769,0.0
33305,27.75462924382073,0.8058017727639001,560,681,1241,0.0008058017727639033,0.0008333472224535399,0.8057211925866241,-0.00016116035455278067
33306,27.755462591043184,0.8049959709911362,560,681,1241,-0.0008058017727639033,0.0008333472224535399,0.8054794520547949,-0.00024174053182917098
33307,27.756295938265637,0.8049959709911362,560,681,1241,0.0,0.0008333472224535399,0.8053182917002422,-0.00016116035455278067
33308,27.75712928548809,0.8074133763094279,560,681,1241,0.00241740531829171,0.0008333472224535399,0.8054794520547951,0.00016116035455278067
33309,27.757962632710548,0.8082191780821918,560,681,1241,0.0008058017727639033,0.0008333472224570926,0.8056406124093479,0.00016116035455278067
33310,27.758795979933,0.8090249798549557,560,681,1241,0.0008058017727639033,0.0008333472224535399,0.8058823529411772,0.00024174053182917098
33311,27.759629327155455,0.8106365834004835,560,681,1241,0.0016116035455278066,0.0008333472224535399,0.8063658340048356,0.00048348106365834196
33312,27.76046267437791,0.8122481869460113,560,681,1241,0.0016116035455278066,0.0008333472224535399,0.8071716357775994,0.0008058017727639033
33313,27.761296021600362,0.8122481869460113,560,681,1241,0.0,0.0008333472224535399,0.8080580177276397,0.0008863819500402936
33314,27.762129368822816,0.8130539887187752,560,681,1241,0.0008058017727639033,0.0008333472224535399,0.8088638195004035,0.0008058017727639033
33315,27.76296271604527,0.8114423851732474,560,681,1241,-0.0016116035455278066,0.0008333472224535399,0.8094278807413383,0.0005640612409347323
33316,27.763796063267723,0.8130539887187752,560,681,1241,0.0016116035455278066,0.0008333472224535399,0.8102336825141021,0.0008058017727639033
33317,27.764629410490176,0.8114423851732474,560,681,1241,-0.0016116035455278066,0.0008333472224535399,0.8108783239323133,0.0006446414182111227
33318,27.76546275771263,0.8114423851732474,560,681,1241,0.0,0.0008333472224535399,0.8112812248186951,0.00040290088638195165
33319,27.766296104935083,0.8106365834004835,560,681,1241,-0.0008058017727639033,0.0008333472224535399,0.8115229653505244,0.00024174053182917098
33320,27.767129452157537,0.8106365834004835,560,681,1241,0.0,0.0008333472224535399,0.8116841257050773,0.00016116035455278067
33321,27.76796279937999,0.8114423851732474,560,681,1241,0.0008058017727639033,0.0008333472224535399,0.8117647058823536,8.058017727639034e-05
33322,27.768796146602444,0.8106365834004835,560,681,1241,-0.0008058017727639033,0.0008333472224535399,0.8116035455278009,-0.00016116035455278067
33323,27.769629493824898,0.8106365834004835,560,681,1241,0.0,0.0008333472224535399,0.8114423851732482,-0.00016116035455278067
33324,27.77046284104735,0.8106365834004835,560,681,1241,0.0,0.0008333472224535399,0.8112006446414192,-0.00024174053182917098
33325,27.771296188269805,0.8106365834004835,560,681,1241,0.0,0.0008333472224535399,0.8111200644641429,-8.058017727639034e-05
33326,27.772129535492258,0.8090249798549557,560,681,1241,-0.0016116035455278066,0.0008333472224535399,0.8107171635777609,-0.00040290088638195165
33327,27.77296288271471,0.806607574536664,560,681,1241,-0.00241740531829171,0.0008333472224535399,0.8102336825141025,-0.00048348106365834196
33328,27.773796229937165,0.8090249798549557,560,681,1241,0.00241740531829171,0.0008333472224535399,0.8099919419822733,-0.00024174053182917098
33329,27.77462957715962,0.8098307816277196,560,681,1241,0.0008058017727639033,0.0008333472224535399,0.8099113618049968,-8.058017727639034e-05
33330,27.775462924382076,0.8074133763094279,560,681,1241,-0.00241740531829171,0.0008333472224570926,0.8095890410958912,-0.00032232070910556134
33331,27.77629627160453,0.806607574536664,560,681,1241,-0.0008058017727639033,0.0008333472224535399,0.8091055600322328,-0.00048348106365834196
33332,27.777129618826983,0.8074133763094279,560,681,1241,0.0008058017727639033,0.0008333472224535399,0.8087832393231272,-0.00032232070910556134
33333,27.777962966049436,0.8082191780821918,560,681,1241,0.0008058017727639033,0.0008333472224535399,0.808541498791298,-0.00024174053182917098
33334,27.77879631327189,0.8074133763094279,560,681,1241,-0.0008058017727639033,0.0008333472224535399,0.8082191780821925,-0.00032232070910556134
33335,27.779629660494344,0.806607574536664,560,681,1241,-0.0008058017727639033,0.0008333472224535399,0.8078162771958104,-0.00040290088638195165
33336,27.780463007716797,0.8082191780821918,560,681,1241,0.0016116035455278066,0.0008333472224535399,0.807735697018534,-8.058017727639034e-05
33337,27.78129635493925,0.8074133763094279,560,681,1241,-0.0008058017727639033,0.0008333472224535399,0.8078162771958105,8.058017727639034e-05
33338,27.782129702161704,0.8058017727639001,560,681,1241,-0.0016116035455278066,0.0008333472224535399,0.807493956486705,-0.00032232070910556134
33339,27.782963049384158,0.8049959709911362,560,681,1241,-0.0008058017727639033,0.0008333472224535399,0.8070104754230467,-0.00048348106365834196
33340,27.78379639660661,0.8025785656728445,560,681,1241,-0.00241740531829171,0.0008333472224535399,0.8065269943593882,-0.00048348106365834196
33341,27.784629743829065,0.8009669621273167,560,681,1241,-0.0016116035455278066,0.0008333472224535399,0.8059629331184537,-0.0005640612409347323
33342,27.78546309105152,0.8017727639000806,560,681,1241,0.0008058017727639033,0.0008333472224535399,0.8053988718775189,-0.0005640612409347323
33343,27.786296438273972,0.8033843674456084,560,681,1241,0.0016116035455278066,0.0008333472224535399,0.8049153908138604,-0.00048348106365834196
33344,27.787129785496425,0.8033843674456084,560,681,1241,0.0,0.0008333472224535399,0.8045124899274784,-0.00040290088638195165
33345,27.78796313271888,0.8049959709911362,560,681,1241,0.0016116035455278066,0.0008333472224535399,0.8043513295729257,-0.00016116035455278067
33346,27.788796479941333,0.8033843674456084,560,681,1241,-0.0016116035455278066,0.0008333472224535399,0.8038678485092673,-0.00048348106365834196
33347,27.789629827163786,0.8041901692183723,560,681,1241,0.0008058017727639033,0.0008333472224535399,0.8035455278001618,-0.00032232070910556134
33348,27.79046317438624,0.806607574536664,560,681,1241,0.00241740531829171,0.0008333472224535399,0.803626107977438,8.058017727639034e-05
33349,27.791296521608693,0.8058017727639001,560,681,1241,-0.0008058017727639033,0.0008333472224535399,0.8037066881547144,8.058017727639034e-05
33350,27.792129868831147,0.806607574536664,560,681,1241,0.0008058017727639033,0.0008333472224535399,0.8041095890410963,0.00040290088638195165
33351,27.792963216053604,0.8074133763094279,560,681,1241,0.0008058017727639033,0.0008333472224570926,0.8047542304593074,0.0006446414182111227
33352,27.793796563276057,0.806607574536664,560,681,1241,-0.0008058017727639033,0.0008333472224535399,0.8052377115229656,0.00048348106365834196
33353,27.79462991049851,0.806607574536664,560,681,1241,0.0,0.0008333472224535399,0.8055600322320713,0.00032232070910556134
33354,27.795463257720964,0.806607574536664,560,681,1241,0.0,0.0008333472224535399,0.8058823529411768,0.00032232070910556134
33355,27.796296604943418,0.8049959709911362,560,681,1241,-0.0016116035455278066,0.0008333472224535399,0.8058823529411768,0.0
33356,27.79712995216587,0.8049959709911362,560,681,1241,0.0,0.0008333472224535399,0.8060435132957297,0.00016116035455278067
33357,27.797963299388325,0.8041901692183723,560,681,1241,-0.0008058017727639033,0.0008333472224535399,0.8060435132957297,0.0
33358,27.79879664661078,0.8041901692183723,560,681,1241,0.0,0.0008333472224535399,0.8058017727639006,-0.00024174053182917098
33359,27.799629993833232,0.8033843674456084,560,681,1241,-0.0008058017727639033,0.0008333472224535399,0.8055600322320714,-0.00024174053182917098
33360,27.800463341055686,0.8017727639000806,560,681,1241,-0.0016116035455278066,0.0008333472224535399,0.8050765511684131,-0.00048348106365834196
33361,27.80129668827814,0.8017727639000806,560,681,1241,0.0,0.0008333472224535399,0.8045124899274784,-0.0005640612409347323
33362,27.802130035500593,0.8017727639000806,560,681,1241,0.0,0.0008333472224535399,0.8040290088638201,-0.00048348106365834196
33363,27.802963382723046,0.8009669621273167,560,681,1241,-0.0008058017727639033,0.0008333472224535399,0.8034649476228856,-0.0005640612409347323
33364,27.8037967299455,0.8033843674456084,560,681,1241,0.00241740531829171,0.0008333472224535399,0.80314262691378,-0.00032232070910556134
33365,27.804630077167953,0.8041901692183723,560,681,1241,0.0008058017727639033,0.0008333472224535399,0.8030620467365036,-8.058017727639034e-05
33366,27.805463424390407,0.8049959709911362,560,681,1241,0.0008058017727639033,0.0008333472224535399,0.8030620467365036,0.0
33367,27.80629677161286,0.8041901692183723,560,681,1241,-0.0008058017727639033,0.0008333472224535399,0.8030620467365036,0.0
33368,27.807130118835314,0.8033843674456084,560,681,1241,-0.0008058017727639033,0.0008333472224535399,0.8029814665592271,-8.058017727639034e-05
33369,27.807963466057767,0.8033843674456084,560,681,1241,0.0,0.0008333472224535399,0.8029814665592271,0.0
33370,27.80879681328022,0.8009669621273167,560,681,1241,-0.00241740531829171,0.0008333472224535399,0.8029008863819508,-8.058017727639034e-05
33371,27.809630160502675,0.8017727639000806,560,681,1241,0.0008058017727639033,0.0008333472224535399,0.8029008863819508,0.0
33372,27.81046350772513,0.8017727639000806,560,681,1241,0.0,0.0008333472224570926,0.8029008863819508,0.0
33373,27.811296854947585,0.8001611603545528,560,681,1241,-0.0016116035455278066,0.0008333472224535399,0.8028203062046743,-8.058017727639034e-05
33374,27.81213020217004,0.8009669621273167,560,681,1241,0.0008058017727639033,0.0008333472224535399,0.8025785656728452,-0.00024174053182917098
33375,27.812963549392492,0.8001611603545528,560,681,1241,-0.0008058017727639033,0.0008333472224535399,0.8021756647864631,-0.00040290088638195165
33376,27.813796896614946,0.8009669621273167,560,681,1241,0.0008058017727639033,0.0008333472224535399,0.8017727639000812,-0.00040290088638195165
33377,27.8146302438374,0.8001611603545528,560,681,1241,-0.0008058017727639033,0.0008333472224535399,0.8013698630136992,-0.00040290088638195165
33378,27.815463591059853,0.797743755036261,560,681,1241,-0.00241740531829171,0.0008333472224535399,0.8008058017727645,-0.0005640612409347323
33379,27.816296938282306,0.7969379532634971,560,681,1241,-0.0008058017727639033,0.0008333472224535399,0.8001611603545534,-0.0006446414182111227
33380,27.81713028550476,0.7961321514907332,560,681,1241,-0.0008058017727639033,0.0008333472224535399,0.7996776792908951,-0.00048348106365834196
33381,27.817963632727214,0.797743755036261,560,681,1241,0.0016116035455278066,0.0008333472224535399,0.7992747784045131,-0.00040290088638195165
33382,27.818796979949667,0.797743755036261,560,681,1241,0.0,0.0008333472224535399,0.7988718775181312,-0.00040290088638195165
33383,27.81963032717212,0.798549556809025,560,681,1241,0.0008058017727639033,0.0008333472224535399,0.7987107171635783,-0.00016116035455278067
33384,27.820463674394574,0.7969379532634971,560,681,1241,-0.0016116035455278066,0.0008333472224535399,0.7983078162771965,-0.00040290088638195165
33385,27.821297021617028,0.7969379532634971,560,681,1241,0.0,0.0008333472224535399,0.797985495568091,-0.00032232070910556134
33386,27.82213036883948,0.7953263497179693,560,681,1241,-0.0016116035455278066,0.0008333472224535399,0.7974214343271562,-0.0005640612409347323
33387,27.822963716061935,0.798549556809025,560,681,1241,0.003223207091055613,0.0008333472224535399,0.7972602739726032,-0.00016116035455278067
33388,27.82379706328439,0.7993553585817889,560,681,1241,0.0008058017727639033,0.0008333472224535399,0.7974214343271562,0.00016116035455278067
33389,27.824630410506842,0.798549556809025,560,681,1241,-0.0008058017727639033,0.0008333472224535399,0.7975825946817088,0.00016116035455278067
33390,27.825463757729295,0.7993553585817889,560,681,1241,0.0008058017727639033,0.0008333472224535399,0.7979049153908144,0.00032232070910556134
33391,27.82629710495175,0.8001611603545528,560,681,1241,0.0008058017727639033,0.0008333472224535399,0.7981466559226436,0.00024174053182917098
33392,27.827130452174202,0.8009669621273167,560,681,1241,0.0008058017727639033,0.0008333472224535399,0.7984689766317492,0.00032232070910556134
33393,27.82796379939666,0.8001611603545528,560,681,1241,-0.0008058017727639033,0.0008333472224570926,0.7986301369863019,0.00016116035455278067
33394,27.828797146619113,0.8017727639000806,560,681,1241,0.0016116035455278066,0.0008333472224535399,0.7991136180499603,0.00048348106365834196
33395,27.829630493841567,0.8025785656728445,560,681,1241,0.0008058017727639033,0.0008333472224535399,0.7996776792908951,0.0005640612409347323
33396,27.83046384106402,0.8041901692183723,560,681,1241,0.0016116035455278066,0.0008333472224535399,0.8005640612409353,0.0008863819500402936
33397,27.831297188286474,0.8033843674456084,560,681,1241,-0.0008058017727639033,0.0008333472224535399,0.8010475423045935,0.00048348106365834196
33398,27.832130535508927,0.8025785656728445,560,681,1241,-0.0008058017727639033,0.0008333472224535399,0.8013698630136992,0.00032232070910556134
33399,27.83296388273138,0.8025785656728445,560,681,1241,0.0,0.0008333472224535399,0.801772763900081,0.00040290088638195165
33400,27.833797229953834,0.8041901692183723,560,681,1241,0.0016116035455278066,0.0008333472224535399,0.8022562449637395,0.00048348106365834196
33401,27.834630577176288,0.806607574536664,560,681,1241,0.00241740531829171,0.0008333472224535399,0.8029008863819506,0.0006446414182111227
33402,27.83546392439874,0.806607574536664,560,681,1241,0.0,0.0008333472224535399,0.8034649476228852,0.0005640612409347323
33403,27.836297271621195,0.8058017727639001,560,681,1241,-0.0008058017727639033,0.0008333472224535399,0.80402900886382,0.0005640612409347323
33404,27.83713061884365,0.8074133763094279,560,681,1241,0.0016116035455278066,0.0008333472224535399,0.8045930701047548,0.0005640612409347323
33405,27.837963966066102,0.8058017727639001,560,681,1241,-0.0016116035455278066,0.0008333472224535399,0.8049153908138603,0.00032232070910556134
33406,27.838797313288556,0.8058017727639001,560,681,1241,0.0,0.0008333472224535399,0.805076551168413,0.00016116035455278067
33407,27.83963066051101,0.8049959709911362,560,681,1241,-0.0008058017727639033,0.0008333472224535399,0.8052377115229659,0.00016116035455278067
33408,27.840464007733463,0.8025785656728445,560,681,1241,-0.00241740531829171,0.0008333472224535399,0.8052377115229659,0.0
33409,27.841297354955916,0.8025785656728445,560,681,1241,0.0,0.0008333472224535399,0.8052377115229659,0.0
33410,27.84213070217837,0.8025785656728445,560,681,1241,0.0,0.0008333472224535399,0.805076551168413,-0.00016116035455278067
33411,27.842964049400823,0.8049959709911362,560,681,1241,0.00241740531829171,0.0008333472224535399,0.8049153908138603,-0.00016116035455278067
33412,27.843797396623277,0.806607574536664,560,681,1241,0.0016116035455278066,0.0008333472224535399,0.8049153908138603,0.0
33413,27.84463074384573,0.8058017727639001,560,681,1241,-0.0008058017727639033,0.0008333472224535399,0.8049153908138603,0.0
33414,27.845464091068184,0.8041901692183723,560,681,1241,-0.0016116035455278066,0.0008333472224535399,0.8045930701047548,-0.00032232070910556134
33415,27.84629743829064,0.8049959709911362,560,681,1241,0.0008058017727639033,0.0008333472224570926,0.8045124899274784,-8.058017727639034e-05
33416,27.847130785513095,0.8025785656728445,560,681,1241,-0.00241740531829171,0.0008333472224535399,0.8041901692183728,-0.00032232070910556134
33417,27.847964132735548,0.8017727639000806,560,681,1241,-0.0008058017727639033,0.0008333472224535399,0.8038678485092673,-0.00032232070910556134
33418,27.848797479958,0.8017727639000806,560,681,1241,0.0,0.0008333472224535399,0.8037872683319909,-8.058017727639034e-05
33419,27.849630827180455,0.8009669621273167,560,681,1241,-0.0008058017727639033,0.0008333472224535399,0.8036261079774383,-0.00016116035455278067
33420,27.85046417440291,0.8049959709911362,560,681,1241,0.0040290088638195165,0.0008333472224535399,0.8038678485092674,0.00024174053182917098
33421,27.851297521625362,0.8033843674456084,560,681,1241,-0.0016116035455278066,0.0008333472224535399,0.8037066881547146,-0.00016116035455278067
33422,27.852130868847816,0.8025785656728445,560,681,1241,-0.0008058017727639033,0.0008333472224535399,0.8033037872683326,-0.00040290088638195165
33423,27.85296421607027,0.8025785656728445,560,681,1241,0.0,0.0008333472224535399,0.8029814665592271,-0.00032232070910556134
33424,27.853797563292723,0.8041901692183723,560,681,1241,0.0016116035455278066,0.0008333472224535399,0.8029814665592271,0.0
33425,27.854630910515176,0.8041901692183723,560,681,1241,0.0,0.0008333472224535399,0.8029008863819508,-8.058017727639034e-05
33426,27.85546425773763,0.8041901692183723,560,681,1241,0.0,0.0008333472224535399,0.8030620467365036,0.00016116035455278067
33427,27.856297604960083,0.8017727639000806,560,681,1241,-0.00241740531829171,0.0008333472224535399,0.8030620467365036,0.0
33428,27.857130952182537,0.8001611603545528,560,681,1241,-0.0016116035455278066,0.0008333472224535399,0.8029008863819508,-0.00016116035455278067
33429,27.85796429940499,0.8009669621273167,560,681,1241,0.0008058017727639033,0.0008333472224535399,0.8029008863819508,0.0
33430,27.858797646627444,0.8017727639000806,560,681,1241,0.0008058017727639033,0.0008333472224535399,0.8025785656728452,-0.00032232070910556134
33431,27.859630993849898,0.7961321514907332,560,681,1241,-0.005640612409347323,0.0008333472224535399,0.8018533440773578,-0.000725221595487513
33432,27.86046434107235,0.7953263497179693,560,681,1241,-0.0008058017727639033,0.0008333472224535399,0.8011281224818703,-0.000725221595487513
33433,27.861297688294805,0.7953263497179693,560,681,1241,0.0,0.0008333472224535399,0.8004029008863828,-0.000725221595487513
33434,27.86213103551726,0.7953263497179693,560,681,1241,0.0,0.0008333472224535399,0.7995165189363426,-0.0008863819500402936
33435,27.86296438273971,0.7937147461724415,560,681,1241,-0.0016116035455278066,0.0008333472224535399,0.7984689766317495,-0.0010475423045930743
33436,27.86379772996217,0.7937147461724415,560,681,1241,0.0,0.0008333472224570926,0.7974214343271565,-0.0010475423045930743
33437,27.864631077184622,0.7945205479452054,560,681,1241,0.0008058017727639033,0.0008333472224535399,0.7966962127316689,-0.000725221595487513
33438,27.865464424407076,0.7929089443996776,560,681,1241,-0.0016116035455278066,0.0008333472224535399,0.7959709911361814,-0.000725221595487513
33439,27.86629777162953,0.7929089443996776,560,681,1241,0.0,0.0008333472224535399,0.7951651893634175,-0.0008058017727639033
33440,27.867131118851983,0.7929089443996776,560,681,1241,0.0,0.0008333472224535399,0.7942788074133773,-0.0008863819500402936
33441,27.867964466074437,0.7929089443996776,560,681,1241,0.0,0.0008333472224535399,0.7939564867042718,-0.00032232070910556134
33442,27.86879781329689,0.7937147461724415,560,681,1241,0.0008058017727639033,0.0008333472224535399,0.7937953263497188,-0.00016116035455278067
33443,27.869631160519344,0.7921031426269137,560,681,1241,-0.0016116035455278066,0.0008333472224535399,0.7934730056406133,-0.00032232070910556134
33444,27.870464507741797,0.7929089443996776,560,681,1241,0.0008058017727639033,0.0008333472224535399,0.7932312651087841,-0.00024174053182917098
33445,27.87129785496425,0.7896857373086221,560,681,1241,-0.003223207091055502,0.0008333472224535399,0.7928283642224021,-0.00040290088638194054
33446,27.872131202186704,0.790491539081386,560,681,1241,0.0008058017727639033,0.0008333472224535399,0.7925060435132966,-0.00032232070910555023
33447,27.872964549409158,0.7880741337630943,560,681,1241,-0.00241740531829171,0.0008333472224535399,0.7918614020950854,-0.0006446414182111115
33448,27.87379789663161,0.7896857373086221,560,681,1241,0.0016116035455278066,0.0008333472224535399,0.79153908138598,-0.00032232070910555023
33449,27.874631243854065,0.7888799355358582,560,681,1241,-0.0008058017727639033,0.0008333472224535399,0.791136180499598,-0.00040290088638194054
33450,27.87546459107652,0.7888799355358582,560,681,1241,0.0,0.0008333472224535399,0.7907332796132162,-0.00040290088638194054
33451,27.876297938298972,0.7872683319903304,560,681,1241,-0.0016116035455278066,0.0008333472224535399,0.7901692183722815,-0.0005640612409347212
33452,27.877131285521425,0.7880741337630943,560,681,1241,0.0008058017727639033,0.0008333472224535399,0.7896051571313468,-0.0005640612409347212
33453,27.87796463274388,0.7888799355358582,560,681,1241,0.0008058017727639033,0.0008333472224535399,0.7892828364222414,-0.00032232070910555023
33454,27.878797979966333,0.7896857373086221,560,681,1241,0.0008058017727639033,0.0008333472224535399,0.7889605157131359,-0.00032232070910555023
33455,27.879631327188786,0.790491539081386,560,681,1241,0.0008058017727639033,0.0008333472224535399,0.7890410958904122,8.058017727639034e-05
33456,27.88046467441124,0.7912973408541499,560,681,1241,0.0008058017727639033,0.0008333472224535399,0.7891216760676886,8.058017727639034e-05
33457,27.881298021633697,0.790491539081386,560,681,1241,-0.0008058017727639033,0.0008333472224570926,0.7893634165995177,0.00024174053182917098
33458,27.88213136885615,0.7888799355358582,560,681,1241,-0.0016116035455278066,0.0008333472224535399,0.7892828364222414,-8.058017727639034e-05
33459,27.882964716078604,0.7880741337630943,560,681,1241,-0.0008058017727639033,0.0008333472224535399,0.789202256244965,-8.058017727639034e-05
33460,27.883798063301057,0.7840451248992748,560,681,1241,-0.0040290088638195165,0.0008333472224535399,0.7887187751813067,-0.00048348106365834196
33461,27.88463141052351,0.7840451248992748,560,681,1241,0.0,0.0008333472224535399,0.7883964544722011,-0.00032232070910556134
33462,27.885464757745964,0.7832393231265109,560,681,1241,-0.0008058017727639033,0.0008333472224535399,0.7879129734085428,-0.00048348106365834196
33463,27.886298104968418,0.7840451248992748,560,681,1241,0.0008058017727639033,0.0008333472224535399,0.7874294923448846,-0.00048348106365834196
33464,27.88713145219087,0.7856567284448026,560,681,1241,0.0016116035455278066,0.0008333472224535399,0.7870265914585026,-0.00040290088638195165
33465,27.887964799413325,0.7832393231265109,560,681,1241,-0.00241740531829171,0.0008333472224535399,0.786301369863015,-0.000725221595487513
33466,27.88879814663578,0.7808219178082192,560,681,1241,-0.00241740531829171,0.0008333472224535399,0.785253827558422,-0.0010475423045930743
33467,27.889631493858232,0.7816277195809831,560,681,1241,0.0008058017727639033,0.0008333472224535399,0.7843674456083817,-0.0008863819500402936
33468,27.890464841080686,0.7808219178082192,560,681,1241,-0.0008058017727639033,0.0008333472224535399,0.7835616438356178,-0.0008058017727639033
33469,27.89129818830314,0.7800161160354553,560,681,1241,-0.0008058017727639033,0.0008333472224535399,0.7827558420628538,-0.0008058017727639033
33470,27.892131535525593,0.7808219178082192,560,681,1241,0.0008058017727639033,0.0008333472224535399,0.7824335213537481,-0.00032232070910556134
33471,27.892964882748046,0.7800161160354553,560,681,1241,-0.0008058017727639033,0.0008333472224535399,0.7820306204673663,-0.00040290088638195165
33472,27.8937982299705,0.7808219178082192,560,681,1241,0.0008058017727639033,0.0008333472224535399,0.7817888799355371,-0.00024174053182917098
33473,27.894631577192953,0.7808219178082192,560,681,1241,0.0,0.0008333472224535399,0.7814665592264316,-0.00032232070910556134
33474,27.895464924415407,0.7800161160354553,560,681,1241,-0.0008058017727639033,0.0008333472224535399,0.7809024979854969,-0.0005640612409347323
33475,27.89629827163786,0.7792103142626914,560,681,1241,-0.0008058017727639033,0.0008333472224535399,0.7804995970991151,-0.00040290088638195165
33476,27.897131618860314,0.7767929089443997,560,681,1241,-0.00241740531829171,0.0008333472224535399,0.780096696212733,-0.00040290088638195165
33477,27.897964966082768,0.7759871071716358,560,681,1241,-0.0008058017727639033,0.0008333472224535399,0.7795326349717984,-0.0005640612409347323
33478,27.898798313305225,0.7759871071716358,560,681,1241,0.0,0.0008333472224570926,0.77904915390814,-0.00048348106365834196
33479,27.899631660527678,0.7792103142626914,560,681,1241,0.003223207091055613,0.0008333472224535399,0.7789685737308638,-8.058017727639034e-05
33480,27.90046500775013,0.7784045124899275,560,681,1241,-0.0008058017727639033,0.0008333472224535399,0.7787268331990347,-0.00024174053182917098
33481,27.901298354972585,0.7792103142626914,560,681,1241,0.0008058017727639033,0.0008333472224535399,0.7786462530217584,-8.058017727639034e-05
33482,27.90213170219504,0.7784045124899275,560,681,1241,-0.0008058017727639033,0.0008333472224535399,0.7784045124899293,-0.00024174053182917098
33483,27.902965049417492,0.7792103142626914,560,681,1241,0.0008058017727639033,0.0008333472224535399,0.7782433521353765,-0.00016116035455278067
33484,27.903798396639946,0.7792103142626914,560,681,1241,0.0,0.0008333472224535399,0.7781627719581004,-8.058017727639034e-05
33485,27.9046317438624,0.7808219178082192,560,681,1241,0.0016116035455278066,0.0008333472224535399,0.778323932312653,0.00016116035455278067
33486,27.905465091084853,0.7792103142626914,560,681,1241,-0.0016116035455278066,0.0008333472224535399,0.7785656728444822,0.00024174053182917098
33487,27.906298438307306,0.7800161160354553,560,681,1241,0.0008058017727639033,0.0008333472224535399,0.7789685737308641,0.00040290088638195165
33488,27.90713178552976,0.7800161160354553,560,681,1241,0.0,0.0008333472224535399,0.779371474617246,0.00040290088638195165
33489,27.907965132752214,0.7800161160354553,560,681,1241,0.0,0.0008333472224535399,0.7794520547945224,8.058017727639034e-05
33490,27.908798479974667,0.7792103142626914,560,681,1241,-0.0008058017727639033,0.0008333472224535399,0.7795326349717987,8.058017727639034e-05
33491,27.90963182719712,0.7816277195809831,560,681,1241,0.00241740531829171,0.0008333472224535399,0.7797743755036279,0.00024174053182917098
33492,27.910465174419574,0.7816277195809831,560,681,1241,0.0,0.0008333472224535399,0.7800966962127335,0.00032232070910556134
33493,27.911298521642028,0.782433521353747,560,681,1241,0.0008058017727639033,0.0008333472224535399,0.780419016921839,0.00032232070910556134
33494,27.91213186886448,0.7808219178082192,560,681,1241,-0.0016116035455278066,0.0008333472224535399,0.7805801772763917,0.00016116035455278067
33495,27.912965216086935,0.7816277195809831,560,681,1241,0.0008058017727639033,0.0008333472224535399,0.7806607574536681,8.058017727639034e-05
33496,27.91379856330939,0.7816277195809831,560,681,1241,0.0,0.0008333472224535399,0.7809024979854973,0.00024174053182917098
33497,27.914631910531842,0.782433521353747,560,681,1241,0.0008058017727639033,0.0008333472224535399,0.7811442385173265,0.00024174053182917098
33498,27.915465257754295,0.7832393231265109,560,681,1241,0.0008058017727639033,0.0008333472224535399,0.781466559226432,0.00032232070910556134
33499,27.916298604976753,0.7832393231265109,560,681,1241,0.0,0.0008333472224570926,0.7817888799355377,0.00032232070910556134
33500,27.917131952199206,0.782433521353747,560,681,1241,-0.0008058017727639033,0.0008333472224535399,0.7821112006446432,0.00032232070910556134
33501,27.91796529942166,0.7816277195809831,560,681,1241,-0.0008058017727639033,0.0008333472224535399,0.7821112006446432,0.0
33502,27.918798646644113,0.7800161160354553,560,681,1241,-0.0016116035455278066,0.0008333472224535399,0.7819500402900903,-0.00016116035455278067
33503,27.919631993866567,0.782433521353747,560,681,1241,0.00241740531829171,0.0008333472224535399,0.7819500402900903,0.0
33504,27.92046534108902,0.7816277195809831,560,681,1241,-0.0008058017727639033,0.0008333472224535399,0.7820306204673668,8.058017727639034e-05
33505,27.921298688311474,0.7808219178082192,560,681,1241,-0.0008058017727639033,0.0008333472224535399,0.7819500402900903,-8.058017727639034e-05
33506,27.922132035533927,0.7775987107171636,560,681,1241,-0.003223207091055613,0.0008333472224535399,0.7815471394037085,-0.00040290088638195165
33507,27.92296538275638,0.7775987107171636,560,681,1241,0.0,0.0008333472224535399,0.78106365834005,-0.00048348106365834196
33508,27.923798729978834,0.7784045124899275,560,681,1241,0.0008058017727639033,0.0008333472224535399,0.7805801772763917,-0.00048348106365834196
33509,27.924632077201288,0.7800161160354553,560,681,1241,0.0016116035455278066,0.0008333472224535399,0.7802578565672862,-0.00032232070910556134
33510,27.92546542442374,0.7808219178082192,560,681,1241,0.0008058017727639033,0.0008333472224535399,0.7800966962127335,-0.00016116035455278067
33511,27.926298771646195,0.782433521353747,560,681,1241,0.0016116035455278066,0.0008333472224535399,0.7801772763900099,8.058017727639034e-05
33512,27.92713211886865,0.7800161160354553,560,681,1241,-0.00241740531829171,0.0008333472224535399,0.7801772763900099,0.0
33513,27.927965466091102,0.7784045124899275,560,681,1241,-0.0016116035455278066,0.0008333472224535399,0.7797743755036279,-0.00040290088638195165
33514,27.928798813313556,0.7808219178082192,560,681,1241,0.00241740531829171,0.0008333472224535399,0.7796937953263514,-8.058017727639034e-05
33515,27.92963216053601,0.7816277195809831,560,681,1241,0.0008058017727639033,0.0008333472224535399,0.7797743755036278,8.058017727639034e-05
33516,27.930465507758463,0.7808219178082192,560,681,1241,-0.0008058017727639033,0.0008333472224535399,0.7800966962127334,0.00032232070910556134
33517,27.931298854980916,0.7792103142626914,560,681,1241,-0.0016116035455278066,0.0008333472224535399,0.7802578565672861,0.00016116035455278067
33518,27.93213220220337,0.7792103142626914,560,681,1241,0.0,0.0008333472224535399,0.7803384367445624,8.058017727639034e-05
33519,27.932965549425823,0.7800161160354553,560,681,1241,0.0008058017727639033,0.0008333472224535399,0.7803384367445624,0.0
33520,27.93379889664828,0.7792103142626914,560,681,1241,-0.0008058017727639033,0.0008333472224570926,0.7801772763900096,-0.00016116035455278067
33521,27.934632243870734,0.7792103142626914,560,681,1241,0.0,0.0008333472224535399,0.7798549556809041,-0.00032232070910556134
33522,27.935465591093187,0.7800161160354553,560,681,1241,0.0008058017727639033,0.0008333472224535399,0.7798549556809041,0.0
33523,27.93629893831564,0.7816277195809831,560,681,1241,0.0016116035455278066,0.0008333472224535399,0.7801772763900097,0.00032232070910556134
33524,27.937132285538095,0.7808219178082192,560,681,1241,-0.0008058017727639033,0.0008333472224535399,0.7801772763900096,0.0
33525,27.937965632760548,0.7808219178082192,560,681,1241,0.0,0.0008333472224535399,0.7800966962127331,-8.058017727639034e-05
33526,27.938798979983,0.7792103142626914,560,681,1241,-0.0016116035455278066,0.0008333472224535399,0.7799355358581803,-0.00016116035455278067
33527,27.939632327205455,0.7816277195809831,560,681,1241,0.00241740531829171,0.0008333472224535399,0.7801772763900094,0.00024174053182917098
33528,27.94046567442791,0.782433521353747,560,681,1241,0.0008058017727639033,0.0008333472224535399,0.7804995970991151,0.00032232070910556134
33529,27.941299021650362,0.7832393231265109,560,681,1241,0.0008058017727639033,0.0008333472224535399,0.7808219178082206,0.00032232070910556134
33530,27.942132368872816,0.7840451248992748,560,681,1241,0.0008058017727639033,0.0008333472224535399,0.7813053988718789,0.00048348106365834196
33531,27.94296571609527,0.7848509266720387,560,681,1241,0.0008058017727639033,0.0008333472224535399,0.7818694601128137,0.0005640612409347323
33532,27.943799063317723,0.7816277195809831,560,681,1241,-0.003223207091055613,0.0008333472224535399,0.7820306204673665,0.00016116035455278067
33533,27.944632410540176,0.7840451248992748,560,681,1241,0.00241740531829171,0.0008333472224535399,0.7822723609991955,0.00024174053182917098
33534,27.94546575776263,0.7848509266720387,560,681,1241,0.0008058017727639033,0.0008333472224535399,0.7826752618855776,0.00040290088638195165
33535,27.946299104985084,0.7864625302175665,560,681,1241,0.0016116035455278066,0.0008333472224535399,0.7832393231265123,0.0005640612409347323
33536,27.947132452207537,0.7864625302175665,560,681,1241,0.0,0.0008333472224535399,0.7839645447219998,0.000725221595487513
33537,27.94796579942999,0.7856567284448026,560,681,1241,-0.0008058017727639033,0.0008333472224535399,0.7843674456083818,0.00040290088638195165
33538,27.948799146652444,0.7840451248992748,560,681,1241,-0.0016116035455278066,0.0008333472224535399,0.7845286059629346,0.00016116035455278067
33539,27.949632493874898,0.7816277195809831,560,681,1241,-0.00241740531829171,0.0008333472224535399,0.784367445608382,-0.00016116035455278067
33540,27.95046584109735,0.7808219178082192,560,681,1241,-0.0008058017727639033,0.0008333472224535399,0.7840451248992765,-0.00032232070910556134
33541,27.951299188319805,0.7800161160354553,560,681,1241,-0.0008058017727639033,0.0008333472224535399,0.7835616438356181,-0.00048348106365834196
33542,27.952132535542262,0.7816277195809831,560,681,1241,0.0016116035455278066,0.0008333472224570926,0.7835616438356181,0.0
33543,27.952965882764715,0.782433521353747,560,681,1241,0.0008058017727639033,0.0008333472224535399,0.7834004834810654,-0.00016116035455278067
33544,27.95379922998717,0.7816277195809831,560,681,1241,-0.0008058017727639033,0.0008333472224535399,0.7830781627719597,-0.00032232070910556134
33545,27.954632577209622,0.7832393231265109,560,681,1241,0.0016116035455278066,0.0008333472224535399,0.7827558420628542,-0.00032232070910556134
33546,27.955465924432076,0.7832393231265109,560,681,1241,0.0,0.0008333472224535399,0.7824335213537486,-0.00032232070910556134
33547,27.95629927165453,0.7848509266720387,560,681,1241,0.0016116035455278066,0.0008333472224535399,0.7823529411764722,-8.058017727639034e-05
33548,27.957132618876983,0.7840451248992748,560,681,1241,-0.0008058017727639033,0.0008333472224535399,0.7823529411764721,0.0
33549,27.957965966099437,0.7848509266720387,560,681,1241,0.0008058017727639033,0.0008333472224535399,0.7826752618855777,0.00032232070910556134
33550,27.95879931332189,0.7848509266720387,560,681,1241,0.0,0.0008333472224535399,0.7830781627719596,0.00040290088638195165
33551,27.959632660544344,0.7872683319903304,560,681,1241,0.00241740531829171,0.0008333472224535399,0.7838033843674472,0.000725221595487513
33552,27.960466007766797,0.7872683319903304,560,681,1241,0.0,0.0008333472224535399,0.784367445608382,0.0005640612409347323
33553,27.96129935498925,0.7864625302175665,560,681,1241,-0.0008058017727639033,0.0008333472224535399,0.7847703464947638,0.00040290088638195165
33554,27.962132702211704,0.7880741337630943,560,681,1241,0.0016116035455278066,0.0008333472224535399,0.785414987912975,0.0006446414182111227
33555,27.962966049434158,0.7888799355358582,560,681,1241,0.0008058017727639033,0.0008333472224535399,0.7859790491539098,0.0005640612409347323
33556,27.96379939665661,0.7880741337630943,560,681,1241,-0.0008058017727639033,0.0008333472224535399,0.7864625302175682,0.00048348106365834196
33557,27.964632743879065,0.7888799355358582,560,681,1241,0.0008058017727639033,0.0008333472224535399,0.7868654311039501,0.00040290088638195165
33558,27.96546609110152,0.790491539081386,560,681,1241,0.0016116035455278066,0.0008333472224535399,0.7875100725221611,0.0006446414182111227
33559,27.966299438323972,0.790491539081386,560,681,1241,0.0,0.0008333472224535399,0.7880741337630959,0.0005640612409347323
33560,27.967132785546426,0.7888799355358582,560,681,1241,-0.0016116035455278066,0.0008333472224535399,0.7884770346494777,0.00040290088638195165
33561,27.96796613276888,0.7896857373086221,560,681,1241,0.0008058017727639033,0.0008333472224535399,0.7887187751813068,0.00024174053182917098
33562,27.968799479991333,0.7896857373086221,560,681,1241,0.0,0.0008333472224535399,0.7889605157131361,0.00024174053182917098
33563,27.96963282721379,0.790491539081386,560,681,1241,0.0008058017727639033,0.0008333472224570926,0.789363416599518,0.00040290088638195165
33564,27.970466174436243,0.7912973408541499,560,681,1241,0.0008058017727639033,0.0008333472224535399,0.7896857373086237,0.00032232070910556134
33565,27.971299521658697,0.7921031426269137,560,681,1241,0.0008058017727637923,0.0008333472224535399,0.7900080580177292,0.00032232070910555023
33566,27.97213286888115,0.7921031426269137,560,681,1241,0.0,0.0008333472224535399,0.7904109589041111,0.00040290088638194054
33567,27.972966216103604,0.7929089443996776,560,681,1241,0.0008058017727639033,0.0008333472224535399,0.790813859790493,0.00040290088638194054
33568,27.973799563326057,0.7929089443996776,560,681,1241,0.0,0.0008333472224535399,0.7910556003223221,0.0002417405318291599
33569,27.97463291054851,0.7921031426269137,560,681,1241,-0.0008058017727639033,0.0008333472224535399,0.7912167606768749,0.00016116035455276956
33570,27.975466257770965,0.7921031426269137,560,681,1241,0.0,0.0008333472224535399,0.7915390813859803,0.00032232070910555023
33571,27.976299604993418,0.7921031426269137,560,681,1241,0.0,0.0008333472224535399,0.7917808219178095,0.0002417405318291599
33572,27.97713295221587,0.7929089443996776,560,681,1241,0.0008058017727639033,0.0008333472224535399,0.7921031426269151,0.00032232070910555023
33573,27.977966299438325,0.7929089443996776,560,681,1241,0.0,0.0008333472224535399,0.7923448831587442,0.0002417405318291599
33574,27.97879964666078,0.7937147461724415,560,681,1241,0.0008058017727639033,0.0008333472224535399,0.7925866236905733,0.0002417405318291599
33575,27.979632993883232,0.7945205479452054,560,681,1241,0.0008058017727639033,0.0008333472224535399,0.7928283642224025,0.00024174053182917098
33576,27.980466341105686,0.7937147461724415,560,681,1241,-0.0008058017727639033,0.0008333472224535399,0.7929895245769553,0.00016116035455278067
33577,27.98129968832814,0.7937147461724415,560,681,1241,0.0,0.0008333472224535399,0.7930701047542316,8.058017727639034e-05
33578,27.982133035550593,0.7937147461724415,560,681,1241,0.0,0.0008333472224535399,0.793150684931508,8.058017727639034e-05
33579,27.982966382773046,0.7937147461724415,560,681,1241,0.0,0.0008333472224535399,0.7933118452860606,0.00016116035455278067
33580,27.9837997299955,0.7921031426269137,560,681,1241,-0.0016116035455278066,0.0008333472224535399,0.7933118452860606,0.0
33581,27.984633077217953,0.7937147461724415,560,681,1241,0.0016116035455278066,0.0008333472224535399,0.7934730056406133,0.00016116035455278067
33582,27.985466424440407,0.7929089443996776,560,681,1241,-0.0008058017727639033,0.0008333472224535399,0.7934730056406133,0.0
33583,27.98629977166286,0.7929089443996776,560,681,1241,0.0,0.0008333472224535399,0.7934730056406133,0.0
33584,27.987133118885318,0.7953263497179693,560,681,1241,0.00241740531829171,0.0008333472224570926,0.7936341659951661,0.00016116035455278067
33585,27.98796646610777,0.7953263497179693,560,681,1241,0.0,0.0008333472224535399,0.7937147461724424,8.058017727639034e-05
33586,27.988799813330225,0.7945205479452054,560,681,1241,-0.0008058017727639033,0.0008333472224535399,0.7937953263497188,8.058017727639034e-05
33587,27.98963316055268,0.7969379532634971,560,681,1241,0.00241740531829171,0.0008333472224535399,0.7941176470588244,0.00032232070910556134
33588,27.990466507775132,0.7969379532634971,560,681,1241,0.0,0.0008333472224535399,0.7944399677679299,0.00032232070910556134
33589,27.991299854997585,0.7961321514907332,560,681,1241,-0.0008058017727639033,0.0008333472224535399,0.7946817082997591,0.00024174053182917098
33590,27.99213320222004,0.7969379532634971,560,681,1241,0.0008058017727639033,0.0008333472224535399,0.7951651893634175,0.00048348106365834196
33591,27.992966549442492,0.7969379532634971,560,681,1241,0.0,0.0008333472224535399,0.7954875100725229,0.00032232070910556134
33592,27.993799896664946,0.7969379532634971,560,681,1241,0.0,0.0008333472224535399,0.7958904109589049,0.00040290088638195165
33593,27.9946332438874,0.798549556809025,560,681,1241,0.0016116035455278066,0.0008333472224535399,0.7964544721998397,0.0005640612409347323
33594,27.995466591109853,0.8009669621273167,560,681,1241,0.00241740531829171,0.0008333472224535399,0.7970185334407744,0.0005640612409347323
33595,27.996299938332307,0.8017727639000806,560,681,1241,0.0008058017727639033,0.0008333472224535399,0.7976631748589856,0.0006446414182111227
33596,27.99713328555476,0.8033843674456084,560,681,1241,0.0016116035455278066,0.0008333472224535399,0.7985495568090258,0.0008863819500402936
33597,27.997966632777214,0.8025785656728445,560,681,1241,-0.0008058017727639033,0.0008333472224535399,0.7991136180499606,0.0005640612409347323
33598,27.998799979999667,0.8017727639000806,560,681,1241,-0.0008058017727639033,0.0008333472224535399,0.7995970991136189,0.00048348106365834196
33599,27.99963332722212,0.8009669621273167,560,681,1241,-0.0008058017727639033,0.0008333472224535399,0.8000805801772772,0.00048348106365834196
33600,28.000466674444574,0.8017727639000806,560,681,1241,0.0008058017727639033,0.0008333472224535399,0.8005640612409357,0.00048348106365834196
33601,28.001300021667028,0.8017727639000806,560,681,1241,0.0,0.0008333472224535399,0.8010475423045941,0.00048348106365834196
33602,28.00213336888948,0.8001611603545528,560,681,1241,-0.0016116035455278066,0.0008333472224535399,0.8013698630136996,0.00032232070910556134
33603,28.002966716111935,0.798549556809025,560,681,1241,-0.0016116035455278066,0.0008333472224535399,0.8013698630136996,0.0
33604,28.00380006333439,0.798549556809025,560,681,1241,0.0,0.0008333472224535399,0.8011281224818705,-0.00024174053182917098
33605,28.004633410556846,0.8001611603545528,560,681,1241,0.0016116035455278066,0.0008333472224570926,0.8009669621273175,-0.00016116035455278067
33606,28.0054667577793,0.8001611603545528,560,681,1241,0.0,0.0008333472224535399,0.800644641418212,-0.00032232070910556134
33607,28.006300105001753,0.8025785656728445,560,681,1241,0.00241740531829171,0.0008333472224535399,0.800644641418212,0.0
33608,28.007133452224206,0.8033843674456084,560,681,1241,0.0008058017727639033,0.0008333472224535399,0.8008058017727647,0.00016116035455278067
33609,28.00796679944666,0.8041901692183723,560,681,1241,0.0008058017727639033,0.0008333472224535399,0.8011281224818703,0.00032232070910556134
33610,28.008800146669113,0.8033843674456084,560,681,1241,-0.0008058017727639033,0.0008333472224535399,0.801289282836423,0.00016116035455278067
33611,28.009633493891567,0.8025785656728445,560,681,1241,-0.0008058017727639033,0.0008333472224535399,0.8013698630136993,8.058017727639034e-05
33612,28.01046684111402,0.8033843674456084,560,681,1241,0.0008058017727639033,0.0008333472224535399,0.8016921837228048,0.00032232070910556134
33613,28.011300188336474,0.8033843674456084,560,681,1241,0.0,0.0008333472224535399,0.8021756647864631,0.00048348106365834196
33614,28.012133535558927,0.8041901692183723,560,681,1241,0.0008058017727639033,0.0008333472224535399,0.8027397260273978,0.0005640612409347323
33615,28.01296688278138,0.8033843674456084,560,681,1241,-0.0008058017727639033,0.0008333472224535399,0.8030620467365035,0.00032232070910556134
33616,28.013800230003834,0.8058017727639001,560,681,1241,0.00241740531829171,0.0008333472224535399,0.8036261079774383,0.0005640612409347323
33617,28.014633577226288,0.8049959709911362,560,681,1241,-0.0008058017727639033,0.0008333472224535399,0.8038678485092674,0.00024174053182917098
33618,28.01546692444874,0.8033843674456084,560,681,1241,-0.0016116035455278066,0.0008333472224535399,0.8038678485092674,0.0
33619,28.016300271671195,0.8041901692183723,560,681,1241,0.0008058017727639033,0.0008333472224535399,0.8038678485092674,0.0
33620,28.01713361889365,0.8041901692183723,560,681,1241,0.0,0.0008333472224535399,0.8039484286865439,8.058017727639034e-05
33621,28.017966966116102,0.8049959709911362,560,681,1241,0.0008058017727639033,0.0008333472224535399,0.8041901692183732,0.00024174053182917098
33622,28.018800313338556,0.8049959709911362,560,681,1241,0.0,0.0008333472224535399,0.8043513295729261,0.00016116035455278067
33623,28.01963366056101,0.806607574536664,560,681,1241,0.0016116035455278066,0.0008333472224535399,0.8046736502820316,0.00032232070910556134
33624,28.020467007783463,0.8049959709911362,560,681,1241,-0.0016116035455278066,0.0008333472224535399,0.8047542304593079,8.058017727639034e-05
33625,28.021300355005916,0.8041901692183723,560,681,1241,-0.0008058017727639033,0.0008333472224535399,0.8048348106365845,8.058017727639034e-05
33626,28.022133702228373,0.8041901692183723,560,681,1241,0.0,0.0008333472224570926,0.8046736502820317,-0.00016116035455278067
33627,28.022967049450827,0.8041901692183723,560,681,1241,0.0,0.0008333472224535399,0.8045930701047554,-8.058017727639034e-05
33628,28.02380039667328,0.8049959709911362,560,681,1241,0.0008058017727639033,0.0008333472224535399,0.8047542304593083,0.00016116035455278067
33629,28.024633743895734,0.8041901692183723,560,681,1241,-0.0008058017727639033,0.0008333472224535399,0.8047542304593083,0.0
33630,28.025467091118188,0.806607574536664,560,681,1241,0.00241740531829171,0.0008333472224535399,0.8049959709911374,0.00024174053182917098
33631,28.02630043834064,0.8074133763094279,560,681,1241,0.0008058017727639033,0.0008333472224535399,0.8052377115229665,0.00024174053182917098
33632,28.027133785563095,0.8074133763094279,560,681,1241,0.0,0.0008333472224535399,0.8054794520547958,0.00024174053182917098
33633,28.027967132785548,0.806607574536664,560,681,1241,-0.0008058017727639033,0.0008333472224535399,0.8054794520547958,0.0
33634,28.028800480008,0.8082191780821918,560,681,1241,0.0016116035455278066,0.0008333472224535399,0.8058017727639013,0.00032232070910556134
33635,28.029633827230455,0.8090249798549557,560,681,1241,0.0008058017727639033,0.0008333472224535399,0.8062852538275596,0.00048348106365834196
33636,28.03046717445291,0.8090249798549557,560,681,1241,0.0,0.0008333472224535399,0.8067687348912178,0.00048348106365834196
33637,28.031300521675362,0.8090249798549557,560,681,1241,0.0,0.0008333472224535399,0.8072522159548761,0.00048348106365834196
33638,28.032133868897816,0.8074133763094279,560,681,1241,-0.0016116035455278066,0.0008333472224535399,0.8074939564867053,0.00024174053182917098
33639,28.03296721612027,0.8058017727639001,560,681,1241,-0.0016116035455278066,0.0008333472224535399,0.807655116841258,0.00016116035455278067
33640,28.033800563342723,0.806607574536664,560,681,1241,0.0008058017727639033,0.0008333472224535399,0.807655116841258,0.0
33641,28.034633910565177,0.8058017727639001,560,681,1241,-0.0008058017727639033,0.0008333472224535399,0.8074939564867052,-0.00016116035455278067
33642,28.03546725778763,0.8041901692183723,560,681,1241,-0.0016116035455278066,0.0008333472224535399,0.8071716357775995,-0.00032232070910556134
33643,28.036300605010084,0.8033843674456084,560,681,1241,-0.0008058017727639033,0.0008333472224535399,0.806849315068494,-0.00032232070910556134
33644,28.037133952232537,0.8033843674456084,560,681,1241,0.0,0.0008333472224535399,0.8063658340048356,-0.00048348106365834196
33645,28.03796729945499,0.8049959709911362,560,681,1241,0.0016116035455278066,0.0008333472224535399,0.8059629331184537,-0.00040290088638195165
33646,28.038800646677444,0.8058017727639001,560,681,1241,0.0008058017727639033,0.0008333472224535399,0.8056406124093481,-0.00032232070910556134
33647,28.039633993899898,0.8058017727639001,560,681,1241,0.0,0.0008333472224535399,0.8053182917002426,-0.00032232070910556134
33648,28.040467341122355,0.8049959709911362,560,681,1241,-0.0008058017727639033,0.0008333472224570926,0.8050765511684134,-0.00024174053182917098
33649,28.04130068834481,0.8041901692183723,560,681,1241,-0.0008058017727639033,0.0008333472224535399,0.8049153908138607,-0.00016116035455278067
33650,28.042134035567262,0.8009669621273167,560,681,1241,-0.003223207091055613,0.0008333472224535399,0.8043513295729261,-0.0005640612409347323
33651,28.042967382789715,0.8009669621273167,560,681,1241,0.0,0.0008333472224535399,0.8038678485092678,-0.00048348106365834196
33652,28.04380073001217,0.8033843674456084,560,681,1241,0.00241740531829171,0.0008333472224535399,0.8037872683319913,-8.058017727639034e-05
33653,28.044634077234623,0.8041901692183723,560,681,1241,0.0008058017727639033,0.0008333472224535399,0.8038678485092678,8.058017727639034e-05
33654,28.045467424457076,0.8041901692183723,560,681,1241,0.0,0.0008333472224535399,0.8039484286865444,8.058017727639034e-05
33655,28.04630077167953,0.8049959709911362,560,681,1241,0.0008058017727639033,0.0008333472224535399,0.8039484286865444,0.0
33656,28.047134118901983,0.8033843674456084,560,681,1241,-0.0016116035455278066,0.0008333472224535399,0.8037066881547151,-0.00024174053182917098
33657,28.047967466124437,0.806607574536664,560,681,1241,0.003223207091055613,0.0008333472224535399,0.8037872683319914,8.058017727639034e-05
33658,28.04880081334689,0.8074133763094279,560,681,1241,0.0008058017727639033,0.0008333472224535399,0.8040290088638207,0.00024174053182917098
33659,28.049634160569344,0.8082191780821918,560,681,1241,0.0008058017727639033,0.0008333472224535399,0.8044319097502026,0.00040290088638195165
33660,28.050467507791797,0.8090249798549557,560,681,1241,0.0008058017727639033,0.0008333472224535399,0.8052377115229664,0.0008058017727639033
33661,28.05130085501425,0.8106365834004835,560,681,1241,0.0016116035455278066,0.0008333472224535399,0.806204673650283,0.0009669621273166839
33662,28.052134202236704,0.8106365834004835,560,681,1241,0.0,0.0008333472224535399,0.8069298952457707,0.000725221595487513
33663,28.052967549459158,0.8090249798549557,560,681,1241,-0.0016116035455278066,0.0008333472224535399,0.807413376309429,0.00048348106365834196
33664,28.05380089668161,0.8106365834004835,560,681,1241,0.0016116035455278066,0.0008333472224535399,0.8080580177276401,0.0006446414182111227
33665,28.054634243904065,0.8098307816277196,560,681,1241,-0.0008058017727639033,0.0008333472224535399,0.8085414987912983,0.00048348106365834196
33666,28.05546759112652,0.8098307816277196,560,681,1241,0.0,0.0008333472224535399,0.8091861402095095,0.0006446414182111227
33667,28.056300938348972,0.8114423851732474,560,681,1241,0.0016116035455278066,0.0008333472224535399,0.8096696212731679,0.00048348106365834196
33668,28.057134285571426,0.8114423851732474,560,681,1241,0.0,0.0008333472224535399,0.8100725221595498,0.00040290088638195165
33669,28.057967632793883,0.8114423851732474,560,681,1241,0.0,0.0008333472224570926,0.8103948428686554,0.00032232070910556134
33670,28.058800980016336,0.8114423851732474,560,681,1241,0.0,0.0008333472224535399,0.8106365834004846,0.00024174053182917098
33671,28.05963432723879,0.8114423851732474,560,681,1241,0.0,0.0008333472224535399,0.8107171635777609,8.058017727639034e-05
33672,28.060467674461243,0.8114423851732474,560,681,1241,0.0,0.0008333472224535399,0.8107977437550373,8.058017727639034e-05
33673,28.061301021683697,0.8106365834004835,560,681,1241,-0.0008058017727639033,0.0008333472224535399,0.8109589041095902,0.00016116035455278067
33674,28.06213436890615,0.8106365834004835,560,681,1241,0.0,0.0008333472224535399,0.8109589041095902,0.0
33675,28.062967716128604,0.8098307816277196,560,681,1241,-0.0008058017727639033,0.0008333472224535399,0.8109589041095902,0.0
33676,28.063801063351058,0.8114423851732474,560,681,1241,0.0016116035455278066,0.0008333472224535399,0.811120064464143,0.00016116035455278067
33677,28.06463441057351,0.8130539887187752,560,681,1241,0.0016116035455278066,0.0008333472224535399,0.8112812248186957,0.00016116035455278067
33678,28.065467757795965,0.8114423851732474,560,681,1241,-0.0016116035455278066,0.0008333472224535399,0.8112812248186957,0.0
33679,28.066301105018418,0.8106365834004835,560,681,1241,-0.0008058017727639033,0.0008333472224535399,0.8112006446414194,-8.058017727639034e-05
33680,28.06713445224087,0.8106365834004835,560,681,1241,0.0,0.0008333472224535399,0.811120064464143,-8.058017727639034e-05
33681,28.067967799463325,0.8138597904915391,560,681,1241,0.003223207091055613,0.0008333472224535399,0.8113618049959722,0.00024174053182917098
33682,28.06880114668578,0.8130539887187752,560,681,1241,-0.0008058017727639033,0.0008333472224535399,0.8115229653505249,0.00016116035455278067
33683,28.069634493908232,0.8130539887187752,560,681,1241,0.0,0.0008333472224535399,0.8117647058823539,0.00024174053182917098
33684,28.070467841130686,0.8114423851732474,560,681,1241,-0.0016116035455278066,0.0008333472224535399,0.8118452860596304,8.058017727639034e-05
33685,28.07130118835314,0.8098307816277196,560,681,1241,-0.0016116035455278066,0.0008333472224535399,0.8118452860596304,0.0
33686,28.072134535575593,0.8106365834004835,560,681,1241,0.0008058017727639033,0.0008333472224535399,0.8117647058823539,-8.058017727639034e-05
33687,28.072967882798046,0.8082191780821918,560,681,1241,-0.00241740531829171,0.0008333472224535399,0.8112812248186957,-0.00048348106365834196
33688,28.0738012300205,0.8098307816277196,560,681,1241,0.0016116035455278066,0.0008333472224535399,0.8111200644641429,-0.00016116035455278067
33689,28.074634577242954,0.8098307816277196,560,681,1241,0.0,0.0008333472224535399,0.8110394842868663,-8.058017727639034e-05
33690,28.07546792446541,0.8082191780821918,560,681,1241,-0.0016116035455278066,0.0008333472224570926,0.8107977437550371,-0.00024174053182917098
33691,28.076301271687864,0.8090249798549557,560,681,1241,0.0008058017727639033,0.0008333472224535399,0.8103142626913786,-0.00048348106365834196
33692,28.077134618910318,0.806607574536664,560,681,1241,-0.00241740531829171,0.0008333472224535399,0.8096696212731676,-0.0006446414182111227
33693,28.07796796613277,0.806607574536664,560,681,1241,0.0,0.0008333472224535399,0.8090249798549565,-0.0006446414182111227
33694,28.078801313355225,0.8058017727639001,560,681,1241,-0.0008058017727639033,0.0008333472224535399,0.8084609186140217,-0.0005640612409347323
33695,28.07963466057768,0.806607574536664,560,681,1241,0.0008058017727639033,0.0008333472224535399,0.808138597904916,-0.00032232070910556134
33696,28.080468007800132,0.8098307816277196,560,681,1241,0.003223207091055613,0.0008333472224535399,0.8080580177276395,-8.058017727639034e-05
33697,28.081301355022585,0.8098307816277196,560,681,1241,0.0,0.0008333472224535399,0.8082191780821922,0.00016116035455278067
33698,28.08213470224504,0.8098307816277196,560,681,1241,0.0,0.0008333472224535399,0.8082191780821922,0.0
33699,28.082968049467492,0.8098307816277196,560,681,1241,0.0,0.0008333472224535399,0.8082191780821922,0.0
33700,28.083801396689946,0.8090249798549557,560,681,1241,-0.0008058017727639033,0.0008333472224535399,0.8082997582594686,8.058017727639034e-05
33701,28.0846347439124,0.8090249798549557,560,681,1241,0.0,0.0008333472224535399,0.8082997582594686,0.0
33702,28.085468091134853,0.8098307816277196,560,681,1241,0.0008058017727639033,0.0008333472224535399,0.8086220789685742,0.00032232070910556134
33703,28.086301438357307,0.8090249798549557,560,681,1241,-0.0008058017727639033,0.0008333472224535399,0.8088638195004034,0.00024174053182917098
33704,28.08713478557976,0.8082191780821918,560,681,1241,-0.0008058017727639033,0.0008333472224535399,0.8091055600322326,0.00024174053182917098
33705,28.087968132802214,0.806607574536664,560,681,1241,-0.0016116035455278066,0.0008333472224535399,0.8091055600322326,0.0
33706,28.088801480024667,0.8074133763094279,560,681,1241,0.0008058017727639033,0.0008333472224535399,0.8088638195004035,-0.00024174053182917098
33707,28.08963482724712,0.8058017727639001,560,681,1241,-0.0016116035455278066,0.0008333472224535399,0.8084609186140217,-0.00040290088638195165
33708,28.090468174469574,0.8058017727639001,560,681,1241,0.0,0.0008333472224535399,0.8080580177276397,-0.00040290088638195165
33709,28.091301521692028,0.8049959709911362,560,681,1241,-0.0008058017727639033,0.0008333472224535399,0.8075745366639815,-0.00048348106365834196
33710,28.09213486891448,0.8058017727639001,560,681,1241,0.0008058017727639033,0.0008333472224535399,0.807252215954876,-0.00032232070910556134
33711,28.09296821613694,0.8058017727639001,560,681,1241,0.0,0.0008333472224570926,0.8069298952457704,-0.00032232070910556134
33712,28.093801563359392,0.8049959709911362,560,681,1241,-0.0008058017727639033,0.0008333472224535399,0.8064464141821122,-0.00048348106365834196
33713,28.094634910581846,0.8049959709911362,560,681,1241,0.0,0.0008333472224535399,0.8060435132957302,-0.00040290088638195165
33714,28.0954682578043,0.8058017727639001,560,681,1241,0.0008058017727639033,0.0008333472224535399,0.805801772763901,-0.00024174053182917098
33715,28.096301605026753,0.8058017727639001,560,681,1241,0.0,0.0008333472224535399,0.8057211925866247,-8.058017727639034e-05
33716,28.097134952249206,0.8049959709911362,560,681,1241,-0.0008058017727639033,0.0008333472224535399,0.8054794520547954,-0.00024174053182917098
33717,28.09796829947166,0.8025785656728445,560,681,1241,-0.00241740531829171,0.0008333472224535399,0.8051571313456899,-0.00032232070910556134
33718,28.098801646694113,0.8025785656728445,560,681,1241,0.0,0.0008333472224535399,0.8048348106365844,-0.00032232070910556134
33719,28.099634993916567,0.8033843674456084,560,681,1241,0.0008058017727639033,0.0008333472224535399,0.8046736502820314,-0.00016116035455278067
33720,28.10046834113902,0.8041901692183723,560,681,1241,0.0008058017727639033,0.0008333472224535399,0.8045124899274787,-0.00016116035455278067
33721,28.101301688361474,0.8058017727639001,560,681,1241,0.0016116035455278066,0.0008333472224535399,0.8045124899274787,0.0
33722,28.102135035583927,0.806607574536664,560,681,1241,0.0008058017727639033,0.0008333472224535399,0.8046736502820314,0.00016116035455278067
33723,28.10296838280638,0.8074133763094279,560,681,1241,0.0008058017727639033,0.0008333472224535399,0.8049153908138607,0.00024174053182917098
33724,28.103801730028835,0.8082191780821918,560,681,1241,0.0008058017727639033,0.0008333472224535399,0.8051571313456899,0.00024174053182917098
33725,28.104635077251288,0.8082191780821918,560,681,1241,0.0,0.0008333472224535399,0.8053988718775191,0.00024174053182917098
33726,28.10546842447374,0.8090249798549557,560,681,1241,0.0008058017727639033,0.0008333472224535399,0.805801772763901,0.00040290088638195165
33727,28.106301771696195,0.8082191780821918,560,681,1241,-0.0008058017727639033,0.0008333472224535399,0.8063658340048357,0.0005640612409347323
33728,28.10713511891865,0.806607574536664,560,681,1241,-0.0016116035455278066,0.0008333472224535399,0.8067687348912177,0.00040290088638195165
33729,28.107968466141102,0.8090249798549557,560,681,1241,0.00241740531829171,0.0008333472224535399,0.8073327961321525,0.0005640612409347323
33730,28.108801813363556,0.8098307816277196,560,681,1241,0.0008058017727639033,0.0008333472224535399,0.807896857373087,0.0005640612409347323
33731,28.10963516058601,0.8130539887187752,560,681,1241,0.003223207091055613,0.0008333472224535399,0.8086220789685745,0.000725221595487513
33732,28.110468507808466,0.814665592264303,560,681,1241,0.0016116035455278066,0.0008333472224570926,0.8094278807413385,0.0008058017727639033
33733,28.11130185503092,0.8170829975825947,560,681,1241,0.00241740531829171,0.0008333472224535399,0.8103948428686552,0.0009669621273166839
33734,28.112135202253373,0.8162771958098308,560,681,1241,-0.0008058017727639033,0.0008333472224535399,0.811200644641419,0.0008058017727639033
33735,28.112968549475827,0.8170829975825947,560,681,1241,0.0008058017727639033,0.0008333472224535399,0.8120870265914594,0.0008863819500402936
33736,28.11380189669828,0.8178887993553586,560,681,1241,0.0008058017727639033,0.0008333472224535399,0.8129734085414997,0.0008863819500402936
33737,28.114635243920734,0.8178887993553586,560,681,1241,0.0,0.0008333472224535399,0.8139403706688164,0.0009669621273166839
33738,28.115468591143188,0.8178887993553586,560,681,1241,0.0,0.0008333472224535399,0.815068493150686,0.0011281224818694645
33739,28.11630193836564,0.8162771958098308,560,681,1241,-0.0016116035455278066,0.0008333472224535399,0.8157937147461733,0.000725221595487513
33740,28.117135285588095,0.8178887993553586,560,681,1241,0.0016116035455278066,0.0008333472224535399,0.8165995165189374,0.0008058017727639033
33741,28.11796863281055,0.8178887993553586,560,681,1241,0.0,0.0008333472224535399,0.8170829975825958,0.00048348106365834196
33742,28.118801980033002,0.8162771958098308,560,681,1241,-0.0016116035455278066,0.0008333472224535399,0.8172441579371486,0.00016116035455278067
33743,28.119635327255455,0.814665592264303,560,681,1241,-0.0016116035455278066,0.0008333472224535399,0.8170024174053193,-0.00024174053182917098
33744,28.12046867447791,0.8122481869460113,560,681,1241,-0.00241740531829171,0.0008333472224535399,0.8165995165189374,-0.00040290088638195165
33745,28.121302021700362,0.8122481869460113,560,681,1241,0.0,0.0008333472224535399,0.816116035455279,-0.00048348106365834196
33746,28.122135368922816,0.8122481869460113,560,681,1241,0.0,0.0008333472224535399,0.8155519742143442,-0.0005640612409347323
33747,28.12296871614527,0.8114423851732474,560,681,1241,-0.0008058017727639033,0.0008333472224535399,0.814907332796133,-0.0006446414182111227
33748,28.123802063367723,0.8130539887187752,560,681,1241,0.0016116035455278066,0.0008333472224535399,0.8144238517324747,-0.00048348106365834196
33749,28.124635410590177,0.8138597904915391,560,681,1241,0.0008058017727639033,0.0008333472224535399,0.8141821112006455,-0.00024174053182917098
33750,28.12546875781263,0.8154713940370669,560,681,1241,0.0016116035455278066,0.0008333472224535399,0.8139403706688164,-0.00024174053182917098
33751,28.126302105035084,0.8138597904915391,560,681,1241,-0.0016116035455278066,0.0008333472224535399,0.8135374697824345,-0.00040290088638195165
33752,28.127135452257537,0.814665592264303,560,681,1241,0.0008058017727639033,0.0008333472224535399,0.8133763094278817,-0.00016116035455278067
33753,28.127968799479994,0.8162771958098308,560,681,1241,0.0016116035455278066,0.0008333472224570926,0.8135374697824345,0.00016116035455278067
33754,28.128802146702448,0.8178887993553586,560,681,1241,0.0016116035455278066,0.0008333472224535399,0.8141015310233692,0.0005640612409347323
33755,28.1296354939249,0.8170829975825947,560,681,1241,-0.0008058017727639033,0.0008333472224535399,0.8145850120870277,0.00048348106365834196
33756,28.130468841147355,0.8186946011281225,560,681,1241,0.0016116035455278066,0.0008333472224535399,0.8152296535052388,0.0006446414182111227
33757,28.13130218836981,0.8178887993553586,560,681,1241,-0.0008058017727639033,0.0008333472224535399,0.8158742949234499,0.0006446414182111227
33758,28.132135535592262,0.8186946011281225,560,681,1241,0.0008058017727639033,0.0008333472224535399,0.8164383561643846,0.0005640612409347323
33759,28.132968882814716,0.8195004029008863,560,681,1241,0.0008058017727637923,0.0008333472224535399,0.8170024174053193,0.0005640612409347212
33760,28.13380223003717,0.8162771958098308,560,681,1241,-0.003223207091055502,0.0008333472224535399,0.8170829975825956,8.058017727639034e-05
33761,28.134635577259623,0.8162771958098308,560,681,1241,0.0,0.0008333472224535399,0.8173247381144246,0.00024174053182917098
33762,28.135468924482076,0.8162771958098308,560,681,1241,0.0,0.0008333472224535399,0.8174858984689773,0.00016116035455278067
33763,28.13630227170453,0.8170829975825947,560,681,1241,0.0008058017727639033,0.0008333472224535399,0.8175664786462539,8.058017727639034e-05
33764,28.137135618926983,0.8162771958098308,560,681,1241,-0.0008058017727639033,0.0008333472224535399,0.817405318291701,-0.00016116035455278067
33765,28.137968966149437,0.8154713940370669,560,681,1241,-0.0008058017727639033,0.0008333472224535399,0.8172441579371481,-0.00016116035455278067
33766,28.13880231337189,0.8162771958098308,560,681,1241,0.0008058017727639033,0.0008333472224535399,0.817002417405319,-0.00024174053182917098
33767,28.139635660594344,0.8178887993553586,560,681,1241,0.0016116035455278066,0.0008333472224535399,0.817002417405319,0.0
33768,28.140469007816797,0.8186946011281225,560,681,1241,0.0008058017727639033,0.0008333472224535399,0.817002417405319,0.0
33769,28.14130235503925,0.8186946011281225,560,681,1241,0.0,0.0008333472224535399,0.8169218372280426,-8.058017727637922e-05
33770,28.142135702261704,0.8195004029008863,560,681,1241,0.0008058017727637923,0.0008333472224535399,0.8172441579371481,0.00032232070910555023
33771,28.142969049484158,0.8211120064464141,560,681,1241,0.0016116035455278066,0.0008333472224535399,0.8177276390008066,0.0004834810636583309
33772,28.14380239670661,0.8211120064464141,560,681,1241,0.0,0.0008333472224535399,0.8182111200644651,0.0004834810636583309
33773,28.144635743929065,0.821917808219178,560,681,1241,0.0008058017727639033,0.0008333472224535399,0.8186946011281233,0.0004834810636583309
33774,28.14546909115152,0.821917808219178,560,681,1241,0.0,0.0008333472224535399,0.8192586623690581,0.0005640612409347212
33775,28.146302438373976,0.821917808219178,560,681,1241,0.0,0.0008333472224570926,0.8199033037872692,0.0006446414182111115
33776,28.14713578559643,0.8211120064464141,560,681,1241,-0.0008058017727639033,0.0008333472224535399,0.8203867848509276,0.0004834810636583309
33777,28.147969132818883,0.821917808219178,560,681,1241,0.0008058017727639033,0.0008333472224535399,0.8207896857373095,0.00040290088638194054
33778,28.148802480041336,0.821917808219178,560,681,1241,0.0,0.0008333472224535399,0.821112006446415,0.00032232070910555023
33779,28.14963582726379,0.8227236099919419,560,681,1241,0.0008058017727639033,0.0008333472224535399,0.821514907332797,0.00040290088638194054
33780,28.150469174486243,0.8227236099919419,560,681,1241,0.0,0.0008333472224535399,0.8218372280419025,0.00032232070910556134
33781,28.151302521708697,0.821917808219178,560,681,1241,-0.0008058017727639033,0.0008333472224535399,0.8219178082191789,8.058017727639034e-05
33782,28.15213586893115,0.821917808219178,560,681,1241,0.0,0.0008333472224535399,0.8219983883964552,8.058017727639034e-05
33783,28.152969216153604,0.821917808219178,560,681,1241,0.0,0.0008333472224535399,0.8219983883964552,0.0
33784,28.153802563376058,0.8211120064464141,560,681,1241,-0.0008058017727639033,0.0008333472224535399,0.8219178082191789,-8.058017727639034e-05
33785,28.15463591059851,0.8227236099919419,560,681,1241,0.0016116035455278066,0.0008333472224535399,0.8219983883964552,8.058017727639034e-05
33786,28.155469257820965,0.8211120064464141,560,681,1241,-0.0016116035455278066,0.0008333472224535399,0.8219983883964552,0.0
33787,28.156302605043418,0.8203062046736502,560,681,1241,-0.0008058017727639033,0.0008333472224535399,0.8218372280419025,-0.00016116035455278067
33788,28.15713595226587,0.8195004029008863,560,681,1241,-0.0008058017727639033,0.0008333472224535399,0.8215954875100733,-0.00024174053182917098
33789,28.157969299488325,0.8195004029008863,560,681,1241,0.0,0.0008333472224535399,0.8212731668009677,-0.00032232070910556134
33790,28.15880264671078,0.8195004029008863,560,681,1241,0.0,0.0008333472224535399,0.8209508460918622,-0.00032232070910556134
33791,28.159635993933232,0.8227236099919419,560,681,1241,0.003223207091055613,0.0008333472224535399,0.8210314262691385,8.058017727639034e-05
33792,28.160469341155686,0.8227236099919419,560,681,1241,0.0,0.0008333472224535399,0.8211120064464149,8.058017727639034e-05
33793,28.16130268837814,0.8227236099919419,560,681,1241,0.0,0.0008333472224535399,0.8211925866236912,8.058017727639034e-05
33794,28.162136035600593,0.821917808219178,560,681,1241,-0.0008058017727639033,0.0008333472224535399,0.8212731668009676,8.058017727639034e-05
33795,28.162969382823047,0.8211120064464141,560,681,1241,-0.0008058017727639033,0.0008333472224535399,0.8211120064464149,-0.00016116035455278067
33796,28.163802730045504,0.8211120064464141,560,681,1241,0.0,0.0008333472224570926,0.8211120064464149,0.0
33797,28.164636077267957,0.821917808219178,560,681,1241,0.0008058017727639033,0.0008333472224535399,0.8212731668009676,0.00016116035455278067
33798,28.16546942449041,0.821917808219178,560,681,1241,0.0,0.0008333472224535399,0.8215149073327968,0.00024174053182917098
33799,28.166302771712864,0.8227236099919419,560,681,1241,0.0008058017727639033,0.0008333472224535399,0.8218372280419024,0.00032232070910556134
33800,28.167136118935318,0.821917808219178,560,681,1241,-0.0008058017727639033,0.0008333472224535399,0.8220789685737315,0.00024174053182917098
33801,28.16796946615777,0.8235294117647058,560,681,1241,0.0016116035455278066,0.0008333472224535399,0.822159548751008,8.058017727639034e-05
33802,28.168802813380225,0.821917808219178,560,681,1241,-0.0016116035455278066,0.0008333472224535399,0.8220789685737317,-8.058017727639034e-05
33803,28.16963616060268,0.8251410153102336,560,681,1241,0.003223207091055613,0.0008333472224535399,0.822320709105561,0.00024174053182917098
33804,28.170469507825132,0.8251410153102336,560,681,1241,0.0,0.0008333472224535399,0.8226430298146665,0.00032232070910556134
33805,28.171302855047585,0.8267526188557615,560,681,1241,0.0016116035455278066,0.0008333472224535399,0.8232070910556013,0.0005640612409347323
33806,28.17213620227004,0.8275584206285254,560,681,1241,0.0008058017727639033,0.0008333472224535399,0.8238517324738124,0.0006446414182111227
33807,28.172969549492493,0.8283642224012893,560,681,1241,0.0008058017727639033,0.0008333472224535399,0.8244963738920236,0.0006446414182111227
33808,28.173802896714946,0.830781627719581,560,681,1241,0.00241740531829171,0.0008333472224535399,0.8253827558420639,0.0008863819500402936
33809,28.1746362439374,0.8299758259468171,560,681,1241,-0.0008058017727639033,0.0008333472224535399,0.8261079774375515,0.000725221595487513
33810,28.175469591159853,0.8299758259468171,560,681,1241,0.0,0.0008333472224535399,0.8269137792103155,0.0008058017727639033
33811,28.176302938382307,0.8315874294923449,560,681,1241,0.0016116035455278066,0.0008333472224535399,0.8277195809830793,0.0008058017727639033
33812,28.17713628560476,0.8315874294923449,560,681,1241,0.0,0.0008333472224535399,0.828686543110396,0.0009669621273166839
33813,28.177969632827214,0.8323932312651088,560,681,1241,0.0008058017727639033,0.0008333472224535399,0.8294117647058835,0.000725221595487513
33814,28.178802980049667,0.8348106365834005,560,681,1241,0.00241740531829171,0.0008333472224535399,0.8303787268332001,0.0009669621273166839
33815,28.17963632727212,0.8348106365834005,560,681,1241,0.0,0.0008333472224535399,0.831184528605964,0.0008058017727639033
33816,28.180469674494574,0.8348106365834005,560,681,1241,0.0,0.0008333472224535399,0.8319097502014514,0.000725221595487513
33817,28.18130302171703,0.8340048348106366,560,681,1241,-0.0008058017727639033,0.0008333472224570926,0.8324738114423862,0.0005640612409347323
33818,28.182136368939485,0.8340048348106366,560,681,1241,0.0,0.0008333472224535399,0.8327961321514918,0.00032232070910556134
33819,28.18296971616194,0.8356164383561644,560,681,1241,0.0016116035455278066,0.0008333472224535399,0.8333601933924264,0.0005640612409347323
33820,28.183803063384392,0.8364222401289283,560,681,1241,0.0008058017727639033,0.0008333472224535399,0.8340048348106375,0.0006446414182111227
33821,28.184636410606846,0.8372280419016922,560,681,1241,0.0008058017727639033,0.0008333472224535399,0.8345688960515723,0.0005640612409347323
33822,28.1854697578293,0.83883964544722,560,681,1241,0.0016116035455278066,0.0008333472224535399,0.8352941176470597,0.000725221595487513
33823,28.186303105051753,0.8396454472199839,560,681,1241,0.0008058017727639033,0.0008333472224535399,0.8360193392425475,0.000725221595487513
33824,28.187136452274206,0.8404512489927478,560,681,1241,0.0008058017727639033,0.0008333472224535399,0.8365834004834822,0.0005640612409347323
33825,28.18796979949666,0.8404512489927478,560,681,1241,0.0,0.0008333472224535399,0.837147461724417,0.0005640612409347323
33826,28.188803146719113,0.8404512489927478,560,681,1241,0.0,0.0008333472224535399,0.8377115229653518,0.0005640612409347323
33827,28.189636493941567,0.8420628525382756,560,681,1241,0.0016116035455278066,0.0008333472224535399,0.8385173247381156,0.0008058017727639033
33828,28.19046984116402,0.8412570507655117,560,681,1241,-0.0008058017727639033,0.0008333472224535399,0.8392425463336031,0.000725221595487513
33829,28.191303188386474,0.8404512489927478,560,681,1241,-0.0008058017727639033,0.0008333472224535399,0.8397260273972614,0.00048348106365834196
33830,28.192136535608928,0.8412570507655117,560,681,1241,0.0008058017727639033,0.0008333472224535399,0.8402095084609197,0.00048348106365834196
33831,28.19296988283138,0.8420628525382756,560,681,1241,0.0008058017727639033,0.0008333472224535399,0.8406929895245779,0.00048348106365834196
33832,28.193803230053835,0.8428686543110395,560,681,1241,0.0008058017727639033,0.0008333472224535399,0.84109589041096,0.00040290088638195165
33833,28.194636577276288,0.8404512489927478,560,681,1241,-0.00241740531829171,0.0008333472224535399,0.8411764705882364,8.058017727639034e-05
33834,28.19546992449874,0.8412570507655117,560,681,1241,0.0008058017727639033,0.0008333472224535399,0.8412570507655127,8.058017727639034e-05
33835,28.196303271721195,0.8404512489927478,560,681,1241,-0.0008058017727639033,0.0008333472224535399,0.8412570507655127,0.0
33836,28.19713661894365,0.8404512489927478,560,681,1241,0.0,0.0008333472224535399,0.8412570507655127,0.0
33837,28.197969966166102,0.8380338436744561,560,681,1241,-0.00241740531829171,0.0008333472224535399,0.8408541498791309,-0.00040290088638195165
33838,28.19880331338856,0.8364222401289283,560,681,1241,-0.0016116035455278066,0.0008333472224570926,0.8403706688154726,-0.00048348106365834196
33839,28.199636660611013,0.8380338436744561,560,681,1241,0.0016116035455278066,0.0008333472224535399,0.8401289282836434,-0.00024174053182917098
33840,28.200470007833466,0.8380338436744561,560,681,1241,0.0,0.0008333472224535399,0.8398066075745378,-0.00032232070910556134
33841,28.20130335505592,0.83883964544722,560,681,1241,0.0008058017727639033,0.0008333472224535399,0.8394842868654322,-0.00032232070910556134
33842,28.202136702278374,0.8396454472199839,560,681,1241,0.0008058017727639033,0.0008333472224535399,0.8391619661563267,-0.00032232070910556134
33843,28.202970049500827,0.83883964544722,560,681,1241,-0.0008058017727639033,0.0008333472224535399,0.8390008058017738,-0.00016116035455278067
33844,28.20380339672328,0.8404512489927478,560,681,1241,0.0016116035455278066,0.0008333472224535399,0.8389202256244974,-8.058017727639034e-05
33845,28.204636743945734,0.8404512489927478,560,681,1241,0.0,0.0008333472224535399,0.8389202256244974,0.0
33846,28.205470091168188,0.8396454472199839,560,681,1241,-0.0008058017727639033,0.0008333472224535399,0.8388396454472211,-8.058017727639034e-05
33847,28.20630343839064,0.8396454472199839,560,681,1241,0.0,0.0008333472224535399,0.8390008058017739,0.00016116035455278067
33848,28.207136785613095,0.8396454472199839,560,681,1241,0.0,0.0008333472224535399,0.8393231265108796,0.00032232070910556134
33849,28.20797013283555,0.8372280419016922,560,681,1241,-0.00241740531829171,0.0008333472224535399,0.8392425463336032,-8.058017727639034e-05
33850,28.208803480058002,0.8364222401289283,560,681,1241,-0.0008058017727639033,0.0008333472224535399,0.8390813859790505,-0.00016116035455278067
33851,28.209636827280455,0.8348106365834005,560,681,1241,-0.0016116035455278066,0.0008333472224535399,0.8386784850926686,-0.00040290088638195165
33852,28.21047017450291,0.8348106365834005,560,681,1241,0.0,0.0008333472224535399,0.8381950040290101,-0.00048348106365834196
33853,28.211303521725362,0.8356164383561644,560,681,1241,0.0008058017727639033,0.0008333472224535399,0.8378726833199046,-0.00032232070910556134
33854,28.212136868947816,0.8372280419016922,560,681,1241,0.0016116035455278066,0.0008333472224535399,0.8375503626107991,-0.00032232070910556134
33855,28.21297021617027,0.8364222401289283,560,681,1241,-0.0008058017727639033,0.0008333472224535399,0.8371474617244171,-0.00040290088638195165
33856,28.213803563392723,0.8356164383561644,560,681,1241,-0.0008058017727639033,0.0008333472224535399,0.8367445608380351,-0.00040290088638195165
33857,28.214636910615177,0.8356164383561644,560,681,1241,0.0,0.0008333472224535399,0.836341659951653,-0.00040290088638195165
33858,28.21547025783763,0.8356164383561644,560,681,1241,0.0,0.0008333472224535399,0.8359387590652709,-0.00040290088638195165
33859,28.216303605060087,0.8348106365834005,560,681,1241,-0.0008058017727639033,0.0008333472224570926,0.8356970185334417,-0.00024174053182917098
33860,28.21713695228254,0.8356164383561644,560,681,1241,0.0008058017727639033,0.0008333472224535399,0.8356164383561652,-8.058017727639034e-05
33861,28.217970299504994,0.8348106365834005,560,681,1241,-0.0008058017727639033,0.0008333472224535399,0.8356164383561652,0.0
33862,28.218803646727448,0.8340048348106366,560,681,1241,-0.0008058017727639033,0.0008333472224535399,0.8355358581788888,-8.058017727639034e-05
33863,28.2196369939499,0.8331990330378727,560,681,1241,-0.0008058017727639033,0.0008333472224535399,0.8352941176470597,-0.00024174053182917098
33864,28.220470341172355,0.8315874294923449,560,681,1241,-0.0016116035455278066,0.0008333472224535399,0.834730056406125,-0.0005640612409347323
33865,28.22130368839481,0.8315874294923449,560,681,1241,0.0,0.0008333472224535399,0.8342465753424666,-0.00048348106365834196
33866,28.222137035617262,0.8299758259468171,560,681,1241,-0.0016116035455278066,0.0008333472224535399,0.8336825141015319,-0.0005640612409347323
33867,28.222970382839716,0.8299758259468171,560,681,1241,0.0,0.0008333472224535399,0.8331184528605974,-0.0005640612409347323
33868,28.22380373006217,0.8315874294923449,560,681,1241,0.0016116035455278066,0.0008333472224535399,0.8327155519742154,-0.00040290088638195165
33869,28.224637077284623,0.8299758259468171,560,681,1241,-0.0016116035455278066,0.0008333472224535399,0.8322320709105572,-0.00048348106365834196
33870,28.225470424507076,0.8283642224012893,560,681,1241,-0.0016116035455278066,0.0008333472224535399,0.8315068493150697,-0.000725221595487513
33871,28.22630377172953,0.8283642224012893,560,681,1241,0.0,0.0008333472224535399,0.8308622078968586,-0.0006446414182111227
33872,28.227137118951983,0.8283642224012893,560,681,1241,0.0,0.0008333472224535399,0.8302981466559238,-0.0005640612409347323
33873,28.227970466174437,0.8283642224012893,560,681,1241,0.0,0.0008333472224535399,0.8298146655922654,-0.00048348106365834196
33874,28.22880381339689,0.8291700241740532,560,681,1241,0.0008058017727639033,0.0008333472224535399,0.8295729250604362,-0.00024174053182917098
33875,28.229637160619344,0.8315874294923449,560,681,1241,0.00241740531829171,0.0008333472224535399,0.8295729250604362,0.0
33876,28.230470507841797,0.8331990330378727,560,681,1241,0.0016116035455278066,0.0008333472224535399,0.8298952457695418,0.00032232070910556134
33877,28.23130385506425,0.8348106365834005,560,681,1241,0.0016116035455278066,0.0008333472224535399,0.8303787268332,0.00048348106365834196
33878,28.232137202286705,0.8348106365834005,560,681,1241,0.0,0.0008333472224535399,0.8307010475423056,0.00032232070910556134
33879,28.232970549509158,0.8340048348106366,560,681,1241,-0.0008058017727639033,0.0008333472224535399,0.8311039484286875,0.00040290088638195165
33880,28.23380389673161,0.8356164383561644,560,681,1241,0.0016116035455278066,0.0008333472224535399,0.8318291700241749,0.000725221595487513
33881,28.23463724395407,0.8348106365834005,560,681,1241,-0.0008058017727639033,0.0008333472224570926,0.8324738114423861,0.0006446414182111227
33882,28.235470591176522,0.8356164383561644,560,681,1241,0.0008058017727639033,0.0008333472224535399,0.8331990330378736,0.000725221595487513
33883,28.236303938398976,0.8364222401289283,560,681,1241,0.0008058017727639033,0.0008333472224535399,0.8340048348106375,0.0008058017727639033
33884,28.23713728562143,0.8372280419016922,560,681,1241,0.0008058017727639033,0.0008333472224535399,0.8348106365834015,0.0008058017727639033
33885,28.237970632843883,0.83883964544722,560,681,1241,0.0016116035455278066,0.0008333472224535399,0.835535858178889,0.000725221595487513
33886,28.238803980066336,0.8404512489927478,560,681,1241,0.0016116035455278066,0.0008333472224535399,0.8362610797743765,0.000725221595487513
33887,28.23963732728879,0.8404512489927478,560,681,1241,0.0,0.0008333472224535399,0.8368251410153112,0.0005640612409347323
33888,28.240470674511243,0.8404512489927478,560,681,1241,0.0,0.0008333472224535399,0.837389202256246,0.0005640612409347323
33889,28.241304021733697,0.8412570507655117,560,681,1241,0.0008058017727639033,0.0008333472224535399,0.8381144238517335,0.000725221595487513
33890,28.24213736895615,0.8420628525382756,560,681,1241,0.0008058017727639033,0.0008333472224535399,0.8387590652699446,0.0006446414182111227
33891,28.242970716178604,0.8444802578565673,560,681,1241,0.00241740531829171,0.0008333472224535399,0.8397260273972613,0.0009669621273166839
33892,28.243804063401058,0.8452860596293312,560,681,1241,0.0008058017727639033,0.0008333472224535399,0.8406929895245779,0.0009669621273166839
33893,28.24463741062351,0.8452860596293312,560,681,1241,0.0,0.0008333472224535399,0.8415793714746181,0.0008863819500402936
33894,28.245470757845965,0.8452860596293312,560,681,1241,0.0,0.0008333472224535399,0.8423851732473819,0.0008058017727639033
33895,28.24630410506842,0.8444802578565673,560,681,1241,-0.0008058017727639033,0.0008333472224535399,0.8429492344883167,0.0005640612409347323
33896,28.247137452290872,0.8436744560838034,560,681,1241,-0.0008058017727639033,0.0008333472224535399,0.8432715551974223,0.00032232070910556134
33897,28.247970799513325,0.8428686543110395,560,681,1241,-0.0008058017727639033,0.0008333472224535399,0.8435132957292515,0.00024174053182917098
33898,28.24880414673578,0.8420628525382756,560,681,1241,-0.0008058017727639033,0.0008333472224535399,0.8436744560838042,0.00016116035455278067
33899,28.249637493958232,0.8420628525382756,560,681,1241,0.0,0.0008333472224535399,0.8437550362610805,8.058017727639034e-05
33900,28.250470841180686,0.8420628525382756,560,681,1241,0.0,0.0008333472224535399,0.8437550362610805,0.0
33901,28.25130418840314,0.8420628525382756,560,681,1241,0.0,0.0008333472224535399,0.8435132957292513,-0.00024174053182917098
33902,28.252137535625597,0.8428686543110395,560,681,1241,0.0008058017727639033,0.0008333472224570926,0.8432715551974223,-0.00024174053182917098
33903,28.25297088284805,0.8436744560838034,560,681,1241,0.0008058017727639033,0.0008333472224535399,0.8431103948428695,-0.00016116035455278067
33904,28.253804230070504,0.8436744560838034,560,681,1241,0.0,0.0008333472224535399,0.8429492344883169,-0.00016116035455278067
33905,28.254637577292957,0.8444802578565673,560,681,1241,0.0008058017727639033,0.0008333472224535399,0.8429492344883169,0.0
33906,28.25547092451541,0.8477034649476228,560,681,1241,0.003223207091055502,0.0008333472224535399,0.8433521353746988,0.00040290088638194054
33907,28.256304271737864,0.846897663174859,560,681,1241,-0.0008058017727637923,0.0008333472224535399,0.8437550362610807,0.00040290088638195165
33908,28.257137618960318,0.8444802578565673,560,681,1241,-0.00241740531829171,0.0008333472224535399,0.84399677679291,0.00024174053182917098
33909,28.25797096618277,0.8460918614020951,560,681,1241,0.0016116035455278066,0.0008333472224535399,0.844399677679292,0.00040290088638195165
33910,28.258804313405225,0.8460918614020951,560,681,1241,0.0,0.0008333472224535399,0.8448025785656741,0.00040290088638195165
33911,28.25963766062768,0.846897663174859,560,681,1241,0.0008058017727639033,0.0008333472224535399,0.8452860596293326,0.00048348106365834196
33912,28.260471007850132,0.8477034649476228,560,681,1241,0.0008058017727637923,0.0008333472224535399,0.8457695406929908,0.0004834810636583309
33913,28.261304355072586,0.8452860596293312,560,681,1241,-0.002417405318291599,0.0008333472224535399,0.8459307010475434,0.00016116035455278067
33914,28.26213770229504,0.8452860596293312,560,681,1241,0.0,0.0008333472224535399,0.8460918614020961,0.00016116035455278067
33915,28.262971049517493,0.8460918614020951,560,681,1241,0.0008058017727639033,0.0008333472224535399,0.8462530217566491,0.00016116035455278067
33916,28.263804396739946,0.8452860596293312,560,681,1241,-0.0008058017727639033,0.0008333472224535399,0.8460112812248198,-0.0002417405318291599
33917,28.2646377439624,0.8460918614020951,560,681,1241,0.0008058017727639033,0.0008333472224535399,0.8459307010475434,-8.058017727639034e-05
33918,28.265471091184853,0.8485092667203867,560,681,1241,0.002417405318291599,0.0008333472224535399,0.8463336019339254,0.00040290088638194054
33919,28.266304438407307,0.8485092667203867,560,681,1241,0.0,0.0008333472224535399,0.8465753424657544,0.0002417405318291599
33920,28.26713778562976,0.8485092667203867,560,681,1241,0.0,0.0008333472224535399,0.8468170829975834,0.0002417405318291599
33921,28.267971132852214,0.8501208702659145,560,681,1241,0.0016116035455278066,0.0008333472224535399,0.847139403706689,0.00032232070910555023
33922,28.268804480074667,0.8517324738114423,560,681,1241,0.0016116035455278066,0.0008333472224535399,0.8475423045930709,0.00040290088638195165
33923,28.269637827297124,0.8517324738114423,560,681,1241,0.0,0.0008333472224570926,0.8481869460112821,0.0006446414182111115
33924,28.270471174519578,0.8517324738114423,560,681,1241,0.0,0.0008333472224535399,0.8488315874294932,0.0006446414182111115
33925,28.27130452174203,0.8525382755842063,560,681,1241,0.0008058017727639033,0.0008333472224535399,0.8494762288477042,0.0006446414182111115
33926,28.272137868964485,0.8525382755842063,560,681,1241,0.0,0.0008333472224535399,0.850201450443192,0.0007252215954875018
33927,28.27297121618694,0.8501208702659145,560,681,1241,-0.00241740531829171,0.0008333472224535399,0.8506043513295738,0.00040290088638194054
33928,28.273804563409392,0.8493150684931506,560,681,1241,-0.0008058017727639033,0.0008333472224535399,0.8506849315068503,8.058017727639034e-05
33929,28.274637910631846,0.8485092667203867,560,681,1241,-0.0008058017727639033,0.0008333472224535399,0.8506849315068503,0.0
33930,28.2754712578543,0.8477034649476228,560,681,1241,-0.0008058017727639033,0.0008333472224535399,0.850604351329574,-8.058017727639034e-05
33931,28.276304605076753,0.846897663174859,560,681,1241,-0.0008058017727637923,0.0008333472224535399,0.8502820306204685,-0.00032232070910555023
33932,28.277137952299206,0.846897663174859,560,681,1241,0.0,0.0008333472224535399,0.8497985495568102,-0.0004834810636583309
33933,28.27797129952166,0.8460918614020951,560,681,1241,-0.0008058017727639033,0.0008333472224535399,0.8492344883158756,-0.0005640612409347212
33934,28.278804646744113,0.8452860596293312,560,681,1241,-0.0008058017727639033,0.0008333472224535399,0.8485898468976645,-0.0006446414182111115
33935,28.279637993966567,0.8460918614020951,560,681,1241,0.0008058017727639033,0.0008333472224535399,0.8479452054794534,-0.0006446414182111115
33936,28.28047134118902,0.8452860596293312,560,681,1241,-0.0008058017727639033,0.0008333472224535399,0.8472199838839657,-0.0007252215954875018
33937,28.281304688411474,0.8444802578565673,560,681,1241,-0.0008058017727639033,0.0008333472224535399,0.8466559226430309,-0.0005640612409347212
33938,28.282138035633928,0.8460918614020951,560,681,1241,0.0016116035455278066,0.0008333472224535399,0.8463336019339254,-0.00032232070910555023
33939,28.28297138285638,0.8460918614020951,560,681,1241,0.0,0.0008333472224535399,0.8460918614020964,-0.0002417405318291599
33940,28.283804730078835,0.8444802578565673,560,681,1241,-0.0016116035455278066,0.0008333472224535399,0.8457695406929908,-0.00032232070910555023
33941,28.284638077301288,0.8444802578565673,560,681,1241,0.0,0.0008333472224535399,0.8455278001611616,-0.00024174053182917098
33942,28.28547142452374,0.8452860596293312,560,681,1241,0.0008058017727639033,0.0008333472224535399,0.8453666398066086,-0.00016116035455278067
33943,28.286304771746195,0.8452860596293312,560,681,1241,0.0,0.0008333472224535399,0.8452860596293321,-8.058017727639034e-05
33944,28.287138118968652,0.8452860596293312,560,681,1241,0.0,0.0008333472224570926,0.8452860596293321,0.0
33945,28.287971466191106,0.8428686543110395,560,681,1241,-0.00241740531829171,0.0008333472224535399,0.8449637389202266,-0.00032232070910556134
33946,28.28880481341356,0.8420628525382756,560,681,1241,-0.0008058017727639033,0.0008333472224535399,0.844641418211121,-0.00032232070910556134
33947,28.289638160636013,0.8412570507655117,560,681,1241,-0.0008058017727639033,0.0008333472224535399,0.8443190975020155,-0.00032232070910556134
33948,28.290471507858467,0.8412570507655117,560,681,1241,0.0,0.0008333472224535399,0.843835616438357,-0.00048348106365834196
33949,28.29130485508092,0.8420628525382756,560,681,1241,0.0008058017727639033,0.0008333472224535399,0.843432715551975,-0.00040290088638195165
33950,28.292138202303374,0.8428686543110395,560,681,1241,0.0008058017727639033,0.0008333472224535399,0.8432715551974223,-0.00016116035455278067
33951,28.292971549525827,0.8420628525382756,560,681,1241,-0.0008058017727639033,0.0008333472224535399,0.843029814665593,-0.00024174053182917098
33952,28.29380489674828,0.8420628525382756,560,681,1241,0.0,0.0008333472224535399,0.8427074939564875,-0.00032232070910556134
33953,28.294638243970734,0.8404512489927478,560,681,1241,-0.0016116035455278066,0.0008333472224535399,0.8422240128928292,-0.00048348106365834196
33954,28.295471591193188,0.8404512489927478,560,681,1241,0.0,0.0008333472224535399,0.841740531829171,-0.00048348106365834196
33955,28.29630493841564,0.8412570507655117,560,681,1241,0.0008058017727639033,0.0008333472224535399,0.8415793714746181,-0.00016116035455278067
33956,28.297138285638095,0.8396454472199839,560,681,1241,-0.0016116035455278066,0.0008333472224535399,0.8413376309427891,-0.00024174053182917098
33957,28.29797163286055,0.8396454472199839,560,681,1241,0.0,0.0008333472224535399,0.8411764705882364,-0.00016116035455278067
33958,28.298804980083002,0.8404512489927478,560,681,1241,0.0008058017727639033,0.0008333472224535399,0.84109589041096,-8.058017727639034e-05
33959,28.299638327305455,0.8404512489927478,560,681,1241,0.0,0.0008333472224535399,0.8409347300564074,-0.00016116035455278067
33960,28.30047167452791,0.8428686543110395,560,681,1241,0.00241740531829171,0.0008333472224535399,0.8409347300564074,0.0
33961,28.301305021750363,0.8420628525382756,560,681,1241,-0.0008058017727639033,0.0008333472224535399,0.8409347300564074,0.0
33962,28.302138368972816,0.8428686543110395,560,681,1241,0.0008058017727639033,0.0008333472224535399,0.8410153102336839,8.058017727639034e-05
33963,28.30297171619527,0.8420628525382756,560,681,1241,-0.0008058017727639033,0.0008333472224535399,0.8411764705882365,0.00016116035455278067
33964,28.303805063417723,0.8396454472199839,560,681,1241,-0.00241740531829171,0.0008333472224535399,0.8410958904109602,-8.058017727639034e-05
33965,28.30463841064018,0.8404512489927478,560,681,1241,0.0008058017727639033,0.0008333472224570926,0.8410153102336839,-8.058017727639034e-05
33966,28.305471757862634,0.8396454472199839,560,681,1241,-0.0008058017727639033,0.0008333472224535399,0.8410153102336839,0.0
33967,28.306305105085087,0.8420628525382756,560,681,1241,0.00241740531829171,0.0008333472224535399,0.8412570507655129,0.00024174053182917098
33968,28.30713845230754,0.8428686543110395,560,681,1241,0.0008058017727639033,0.0008333472224535399,0.8414987912973422,0.00024174053182917098
33969,28.307971799529994,0.8428686543110395,560,681,1241,0.0,0.0008333472224535399,0.8417405318291713,0.00024174053182917098
33970,28.308805146752448,0.8420628525382756,560,681,1241,-0.0008058017727639033,0.0008333472224535399,0.8416599516518948,-8.058017727639034e-05
33971,28.3096384939749,0.8404512489927478,560,681,1241,-0.0016116035455278066,0.0008333472224535399,0.8414987912973422,-0.00016116035455278067
33972,28.310471841197355,0.8420628525382756,560,681,1241,0.0016116035455278066,0.0008333472224535399,0.8414182111200657,-8.058017727639034e-05
33973,28.31130518841981,0.8412570507655117,560,681,1241,-0.0008058017727639033,0.0008333472224535399,0.8413376309427892,-8.058017727639034e-05
33974,28.312138535642262,0.8428686543110395,560,681,1241,0.0016116035455278066,0.0008333472224535399,0.8416599516518948,0.00032232070910556134
33975,28.312971882864716,0.8412570507655117,560,681,1241,-0.0016116035455278066,0.0008333472224535399,0.8417405318291712,8.058017727639034e-05
33976,28.31380523008717,0.8372280419016922,560,681,1241,-0.0040290088638195165,0.0008333472224535399,0.841498791297342,-0.00024174053182917098
33977,28.314638577309623,0.8380338436744561,560,681,1241,0.0008058017727639033,0.0008333472224535399,0.84109589041096,-0.00040290088638195165
33978,28.315471924532076,0.8396454472199839,560,681,1241,0.0016116035455278066,0.0008333472224535399,0.8407735697018545,-0.00032232070910556134
33979,28.31630527175453,0.8380338436744561,560,681,1241,-0.0016116035455278066,0.0008333472224535399,0.8402900886381961,-0.00048348106365834196
33980,28.317138618976983,0.83883964544722,560,681,1241,0.0008058017727639033,0.0008333472224535399,0.8399677679290904,-0.00032232070910556134
33981,28.317971966199437,0.8380338436744561,560,681,1241,-0.0008058017727639033,0.0008333472224535399,0.8397260273972613,-0.00024174053182917098
33982,28.31880531342189,0.8364222401289283,560,681,1241,-0.0016116035455278066,0.0008333472224535399,0.8391619661563267,-0.0005640612409347323
33983,28.319638660644344,0.8372280419016922,560,681,1241,0.0008058017727639033,0.0008333472224535399,0.8387590652699448,-0.00040290088638195165
33984,28.320472007866798,0.8372280419016922,560,681,1241,0.0,0.0008333472224535399,0.83819500402901,-0.0005640612409347323
33985,28.32130535508925,0.8372280419016922,560,681,1241,0.0,0.0008333472224535399,0.8377921031426281,-0.00040290088638195165
33986,28.322138702311708,0.8380338436744561,560,681,1241,0.0008058017727639033,0.0008333472224570926,0.8378726833199044,8.058017727639034e-05
33987,28.32297204953416,0.83883964544722,560,681,1241,0.0008058017727639033,0.0008333472224535399,0.8379532634971808,8.058017727639034e-05
33988,28.323805396756615,0.8380338436744561,560,681,1241,-0.0008058017727639033,0.0008333472224535399,0.8377921031426279,-0.00016116035455278067
33989,28.32463874397907,0.8380338436744561,560,681,1241,0.0,0.0008333472224535399,0.8377921031426279,0.0
33990,28.325472091201522,0.8372280419016922,560,681,1241,-0.0008058017727639033,0.0008333472224535399,0.8376309427880753,-0.00016116035455278067
33991,28.326305438423976,0.8372280419016922,560,681,1241,0.0,0.0008333472224535399,0.8375503626107988,-8.058017727639034e-05
33992,28.32713878564643,0.8380338436744561,560,681,1241,0.0008058017727639033,0.0008333472224535399,0.8377115229653516,0.00016116035455278067
33993,28.327972132868883,0.8364222401289283,560,681,1241,-0.0016116035455278066,0.0008333472224535399,0.8376309427880753,-8.058017727639034e-05
33994,28.328805480091336,0.8356164383561644,560,681,1241,-0.0008058017727639033,0.0008333472224535399,0.8374697824335223,-0.00016116035455278067
33995,28.32963882731379,0.8356164383561644,560,681,1241,0.0,0.0008333472224535399,0.8373086220789695,-0.00016116035455278067
33996,28.330472174536244,0.8364222401289283,560,681,1241,0.0008058017727639033,0.0008333472224535399,0.8371474617244168,-0.00016116035455278067
33997,28.331305521758697,0.8364222401289283,560,681,1241,0.0,0.0008333472224535399,0.8369057211925878,-0.00024174053182917098
33998,28.33213886898115,0.8356164383561644,560,681,1241,-0.0008058017727639033,0.0008333472224535399,0.8366639806607585,-0.00024174053182917098
33999,28.332972216203604,0.8356164383561644,560,681,1241,0.0,0.0008333472224535399,0.8364222401289293,-0.00024174053182917098
34000,28.333805563426058,0.8331990330378727,560,681,1241,-0.00241740531829171,0.0008333472224535399,0.8360193392425475,-0.00040290088638195165
34001,28.33463891064851,0.8323932312651088,560,681,1241,-0.0008058017727639033,0.0008333472224535399,0.835535858178889,-0.00048348106365834196
34002,28.335472257870965,0.830781627719581,560,681,1241,-0.0016116035455278066,0.0008333472224535399,0.8348106365834015,-0.000725221595487513
34003,28.33630560509342,0.830781627719581,560,681,1241,0.0,0.0008333472224535399,0.8342465753424667,-0.0005640612409347323
34004,28.337138952315872,0.8315874294923449,560,681,1241,0.0008058017727639033,0.0008333472224535399,0.8338436744560849,-0.00040290088638195165
34005,28.337972299538325,0.8299758259468171,560,681,1241,-0.0016116035455278066,0.0008333472224535399,0.8332796132151502,-0.0005640612409347323
34006,28.33880564676078,0.8291700241740532,560,681,1241,-0.0008058017727639033,0.0008333472224535399,0.8325543916196626,-0.000725221595487513
34007,28.339638993983232,0.8291700241740532,560,681,1241,0.0,0.0008333472224535399,0.8318291700241749,-0.000725221595487513
34008,28.34047234120569,0.8291700241740532,560,681,1241,0.0,0.0008333472224570926,0.8311845286059638,-0.0006446414182111227
34009,28.341305688428143,0.8299758259468171,560,681,1241,0.0008058017727639033,0.0008333472224535399,0.8306204673650293,-0.0005640612409347323
34010,28.342139035650597,0.8299758259468171,560,681,1241,0.0,0.0008333472224535399,0.8302981466559236,-0.00032232070910556134
34011,28.34297238287305,0.8291700241740532,560,681,1241,-0.0008058017727639033,0.0008333472224535399,0.8299758259468181,-0.00032232070910556134
34012,28.343805730095504,0.830781627719581,560,681,1241,0.0016116035455278066,0.0008333472224535399,0.8299758259468181,0.0
34013,28.344639077317957,0.830781627719581,560,681,1241,0.0,0.0008333472224535399,0.8299758259468181,0.0
34014,28.34547242454041,0.8315874294923449,560,681,1241,0.0008058017727639033,0.0008333472224535399,0.8299758259468181,0.0
34015,28.346305771762864,0.8323932312651088,560,681,1241,0.0008058017727639033,0.0008333472224535399,0.8302175664786471,0.00024174053182917098
34016,28.347139118985318,0.8340048348106366,560,681,1241,0.0016116035455278066,0.0008333472224535399,0.8307010475423056,0.00048348106365834196
34017,28.34797246620777,0.8340048348106366,560,681,1241,0.0,0.0008333472224535399,0.831184528605964,0.00048348106365834196
34018,28.348805813430225,0.8356164383561644,560,681,1241,0.0016116035455278066,0.0008333472224535399,0.8318291700241751,0.0006446414182111227
34019,28.34963916065268,0.8356164383561644,560,681,1241,0.0,0.0008333472224535399,0.8323932312651097,0.0005640612409347323
34020,28.350472507875132,0.8356164383561644,560,681,1241,0.0,0.0008333472224535399,0.8329572925060443,0.0005640612409347323
34021,28.351305855097586,0.8348106365834005,560,681,1241,-0.0008058017727639033,0.0008333472224535399,0.8335213537469791,0.0005640612409347323
34022,28.35213920232004,0.8364222401289283,560,681,1241,0.0016116035455278066,0.0008333472224535399,0.8340854149879139,0.0005640612409347323
34023,28.352972549542493,0.8380338436744561,560,681,1241,0.0016116035455278066,0.0008333472224535399,0.8348106365834014,0.000725221595487513
34024,28.353805896764946,0.8380338436744561,560,681,1241,0.0,0.0008333472224535399,0.8354552780016125,0.0006446414182111227
34025,28.3546392439874,0.8380338436744561,560,681,1241,0.0,0.0008333472224535399,0.8360193392425472,0.0005640612409347323
34026,28.355472591209853,0.8380338436744561,560,681,1241,0.0,0.0008333472224535399,0.8364222401289292,0.00040290088638195165
34027,28.356305938432307,0.83883964544722,560,681,1241,0.0008058017727639033,0.0008333472224535399,0.8369057211925874,0.00048348106365834196
34028,28.35713928565476,0.8396454472199839,560,681,1241,0.0008058017727639033,0.0008333472224535399,0.8373086220789695,0.00040290088638195165
34029,28.357972632877217,0.8396454472199839,560,681,1241,0.0,0.0008333472224570926,0.8377115229653516,0.00040290088638195165
34030,28.35880598009967,0.8404512489927478,560,681,1241,0.0008058017727639033,0.0008333472224535399,0.83819500402901,0.00048348106365834196
34031,28.359639327322125,0.83883964544722,560,681,1241,-0.0016116035455278066,0.0008333472224535399,0.8385979049153919,0.00040290088638195165
34032,28.360472674544578,0.8396454472199839,560,681,1241,0.0008058017727639033,0.0008333472224535399,0.8389202256244974,0.00032232070910556134
34033,28.36130602176703,0.8404512489927478,560,681,1241,0.0008058017727639033,0.0008333472224535399,0.8391619661563267,0.00024174053182917098
34034,28.362139368989485,0.8404512489927478,560,681,1241,0.0,0.0008333472224535399,0.8394037066881559,0.00024174053182917098
34035,28.36297271621194,0.8404512489927478,560,681,1241,0.0,0.0008333472224535399,0.8396454472199851,0.00024174053182917098
34036,28.363806063434392,0.8404512489927478,560,681,1241,0.0,0.0008333472224535399,0.8398871877518144,0.00024174053182917098
34037,28.364639410656846,0.8404512489927478,560,681,1241,0.0,0.0008333472224535399,0.8400483481063672,0.00016116035455278067
34038,28.3654727578793,0.83883964544722,560,681,1241,-0.0016116035455278066,0.0008333472224535399,0.8399677679290907,-8.058017727639034e-05
34039,28.366306105101753,0.8380338436744561,560,681,1241,-0.0008058017727639033,0.0008333472224535399,0.8398066075745378,-0.00016116035455278067
34040,28.367139452324206,0.8380338436744561,560,681,1241,0.0,0.0008333472224535399,0.8395648670427086,-0.00024174053182917098
34041,28.36797279954666,0.8380338436744561,560,681,1241,0.0,0.0008333472224535399,0.8394842868654322,-8.058017727639034e-05
34042,28.368806146769113,0.83883964544722,560,681,1241,0.0008058017727639033,0.0008333472224535399,0.8394037066881557,-8.058017727639034e-05
34043,28.369639493991567,0.83883964544722,560,681,1241,0.0,0.0008333472224535399,0.8392425463336028,-0.00016116035455278067
34044,28.37047284121402,0.8396454472199839,560,681,1241,0.0008058017727639033,0.0008333472224535399,0.8391619661563265,-8.058017727639034e-05
34045,28.371306188436474,0.8396454472199839,560,681,1241,0.0,0.0008333472224535399,0.8390813859790501,-8.058017727639034e-05
34046,28.372139535658928,0.8404512489927478,560,681,1241,0.0008058017727639033,0.0008333472224535399,0.8390813859790501,0.0
34047,28.37297288288138,0.8412570507655117,560,681,1241,0.0008058017727639033,0.0008333472224535399,0.8391619661563265,8.058017727639034e-05
34048,28.373806230103835,0.8420628525382756,560,681,1241,0.0008058017727639033,0.0008333472224535399,0.8394842868654321,0.00032232070910556134
34049,28.37463957732629,0.8404512489927478,560,681,1241,-0.0016116035455278066,0.0008333472224535399,0.8397260273972613,0.00024174053182917098
34050,28.375472924548745,0.8396454472199839,560,681,1241,-0.0008058017727639033,0.0008333472224570926,0.8398871877518141,0.00016116035455278067
34051,28.3763062717712,0.8404512489927478,560,681,1241,0.0008058017727639033,0.0008333472224535399,0.8401289282836434,0.00024174053182917098
34052,28.377139618993652,0.8420628525382756,560,681,1241,0.0016116035455278066,0.0008333472224535399,0.8404512489927489,0.00032232070910556134
34053,28.377972966216106,0.8412570507655117,560,681,1241,-0.0008058017727639033,0.0008333472224535399,0.8406929895245782,0.00024174053182917098
34054,28.37880631343856,0.8428686543110395,560,681,1241,0.0016116035455278066,0.0008333472224535399,0.8410153102336837,0.00032232070910556134
34055,28.379639660661013,0.8420628525382756,560,681,1241,-0.0008058017727639033,0.0008333472224535399,0.8412570507655127,0.00024174053182917098
34056,28.380473007883467,0.8412570507655117,560,681,1241,-0.0008058017727639033,0.0008333472224535399,0.8413376309427891,8.058017727639034e-05
34057,28.38130635510592,0.8412570507655117,560,681,1241,0.0,0.0008333472224535399,0.8413376309427891,0.0
34058,28.382139702328374,0.8420628525382756,560,681,1241,0.0008058017727639033,0.0008333472224535399,0.8413376309427891,0.0
34059,28.382973049550827,0.8436744560838034,560,681,1241,0.0016116035455278066,0.0008333472224535399,0.8416599516518947,0.00032232070910556134
34060,28.38380639677328,0.8452860596293312,560,681,1241,0.0016116035455278066,0.0008333472224535399,0.8422240128928292,0.0005640612409347323
34061,28.384639743995734,0.8460918614020951,560,681,1241,0.0008058017727639033,0.0008333472224535399,0.842788074133764,0.0005640612409347323
34062,28.385473091218188,0.8444802578565673,560,681,1241,-0.0016116035455278066,0.0008333472224535399,0.8430298146655932,0.00024174053182917098
34063,28.38630643844064,0.8444802578565673,560,681,1241,0.0,0.0008333472224535399,0.8433521353746988,0.00032232070910556134
34064,28.387139785663095,0.8428686543110395,560,681,1241,-0.0016116035455278066,0.0008333472224535399,0.8433521353746988,0.0
34065,28.38797313288555,0.8428686543110395,560,681,1241,0.0,0.0008333472224535399,0.8434327155519753,8.058017727639034e-05
34066,28.388806480108002,0.8412570507655117,560,681,1241,-0.0016116035455278066,0.0008333472224535399,0.8434327155519753,0.0
34067,28.389639827330456,0.8412570507655117,560,681,1241,0.0,0.0008333472224535399,0.8434327155519753,0.0
34068,28.39047317455291,0.8412570507655117,560,681,1241,0.0,0.0008333472224535399,0.843352135374699,-8.058017727639034e-05
34069,28.391306521775363,0.8420628525382756,560,681,1241,0.0008058017727639033,0.0008333472224535399,0.8431909750201461,-0.00016116035455278067
34070,28.392139868997816,0.8428686543110395,560,681,1241,0.0008058017727639033,0.0008333472224535399,0.842949234488317,-0.00024174053182917098
34071,28.392973216220273,0.8420628525382756,560,681,1241,-0.0008058017727639033,0.0008333472224570926,0.842546333601935,-0.00040290088638195165
34072,28.393806563442727,0.8428686543110395,560,681,1241,0.0008058017727639033,0.0008333472224535399,0.8423851732473823,-0.00016116035455278067
34073,28.39463991066518,0.8428686543110395,560,681,1241,0.0,0.0008333472224535399,0.8422240128928296,-0.00016116035455278067
34074,28.395473257887634,0.8428686543110395,560,681,1241,0.0,0.0008333472224535399,0.8422240128928296,0.0
34075,28.396306605110087,0.8428686543110395,560,681,1241,0.0,0.0008333472224535399,0.8422240128928296,0.0
34076,28.39713995233254,0.8436744560838034,560,681,1241,0.0008058017727639033,0.0008333472224535399,0.8424657534246588,0.00024174053182917098
34077,28.397973299554994,0.8428686543110395,560,681,1241,-0.0008058017727639033,0.0008333472224535399,0.8426269137792117,0.00016116035455278067
34078,28.398806646777448,0.8428686543110395,560,681,1241,0.0,0.0008333472224535399,0.8427880741337646,0.00016116035455278067
34079,28.3996399939999,0.8412570507655117,560,681,1241,-0.0016116035455278066,0.0008333472224535399,0.8427074939564883,-8.058017727639034e-05
34080,28.400473341222355,0.8420628525382756,560,681,1241,0.0008058017727639033,0.0008333472224535399,0.8426269137792117,-8.058017727639034e-05
34081,28.40130668844481,0.8428686543110395,560,681,1241,0.0008058017727639033,0.0008333472224535399,0.8427074939564883,8.058017727639034e-05
34082,28.402140035667262,0.8428686543110395,560,681,1241,0.0,0.0008333472224535399,0.8427074939564883,0.0
34083,28.402973382889716,0.8420628525382756,560,681,1241,-0.0008058017727639033,0.0008333472224535399,0.8426269137792117,-8.058017727639034e-05
34084,28.40380673011217,0.8412570507655117,560,681,1241,-0.0008058017727639033,0.0008333472224535399,0.8424657534246588,-0.00016116035455278067
34085,28.404640077334623,0.8396454472199839,560,681,1241,-0.0016116035455278066,0.0008333472224535399,0.8421434327155533,-0.00032232070910556134
34086,28.405473424557076,0.8420628525382756,560,681,1241,0.00241740531829171,0.0008333472224535399,0.8419822723610004,-0.00016116035455278067
34087,28.40630677177953,0.8428686543110395,560,681,1241,0.0008058017727639033,0.0008333472224535399,0.8419822723610004,0.0
34088,28.407140119001983,0.8436744560838034,560,681,1241,0.0008058017727639033,0.0008333472224535399,0.8420628525382767,8.058017727639034e-05
34089,28.407973466224437,0.8444802578565673,560,681,1241,0.0008058017727639033,0.0008333472224535399,0.8423851732473823,0.00032232070910556134
34090,28.40880681344689,0.8452860596293312,560,681,1241,0.0008058017727639033,0.0008333472224535399,0.8427074939564878,0.00032232070910556134
34091,28.409640160669344,0.8460918614020951,560,681,1241,0.0008058017727639033,0.0008333472224535399,0.8430298146655935,0.00032232070910556134
34092,28.4104735078918,0.8452860596293312,560,681,1241,-0.0008058017727639033,0.0008333472224570926,0.8432715551974225,0.00024174053182917098
34093,28.411306855114255,0.8452860596293312,560,681,1241,0.0,0.0008333472224535399,0.843593875906528,0.00032232070910556134
34094,28.41214020233671,0.8444802578565673,560,681,1241,-0.0008058017727639033,0.0008333472224535399,0.8439161966156336,0.00032232070910556134
34095,28.41297354955916,0.8452860596293312,560,681,1241,0.0008058017727639033,0.0008333472224535399,0.8444802578565682,0.0005640612409347323
34096,28.413806896781615,0.8452860596293312,560,681,1241,0.0,0.0008333472224535399,0.8448025785656738,0.00032232070910556134
34097,28.41464024400407,0.8452860596293312,560,681,1241,0.0,0.0008333472224535399,0.8450443190975028,0.00024174053182917098
34098,28.415473591226522,0.8460918614020951,560,681,1241,0.0008058017727639033,0.0008333472224535399,0.845286059629332,0.00024174053182917098
34099,28.416306938448976,0.8436744560838034,560,681,1241,-0.00241740531829171,0.0008333472224535399,0.8452054794520556,-8.058017727639034e-05
34100,28.41714028567143,0.8444802578565673,560,681,1241,0.0008058017727639033,0.0008333472224535399,0.8451248992747793,-8.058017727639034e-05
34101,28.417973632893883,0.8444802578565673,560,681,1241,0.0,0.0008333472224535399,0.8449637389202265,-0.00016116035455278067
34102,28.418806980116337,0.8444802578565673,560,681,1241,0.0,0.0008333472224535399,0.8448831587429501,-8.058017727639034e-05
34103,28.41964032733879,0.8444802578565673,560,681,1241,0.0,0.0008333472224535399,0.8448025785656738,-8.058017727639034e-05
34104,28.420473674561244,0.8436744560838034,560,681,1241,-0.0008058017727639033,0.0008333472224535399,0.8447219983883973,-8.058017727639034e-05
34105,28.421307021783697,0.8428686543110395,560,681,1241,-0.0008058017727639033,0.0008333472224535399,0.8444802578565683,-0.00024174053182917098
34106,28.42214036900615,0.8428686543110395,560,681,1241,0.0,0.0008333472224535399,0.8442385173247393,-0.00024174053182917098
34107,28.422973716228604,0.8428686543110395,560,681,1241,0.0,0.0008333472224535399,0.8439967767929103,-0.00024174053182917098
34108,28.423807063451058,0.8420628525382756,560,681,1241,-0.0008058017727639033,0.0008333472224535399,0.8435938759065282,-0.00040290088638195165
34109,28.42464041067351,0.8444802578565673,560,681,1241,0.00241740531829171,0.0008333472224535399,0.8436744560838045,8.058017727639034e-05
34110,28.425473757895965,0.8460918614020951,560,681,1241,0.0016116035455278066,0.0008333472224535399,0.8438356164383574,0.00016116035455278067
34111,28.42630710511842,0.8452860596293312,560,681,1241,-0.0008058017727639033,0.0008333472224535399,0.8439161966156338,8.058017727639034e-05
34112,28.427140452340872,0.8452860596293312,560,681,1241,0.0,0.0008333472224535399,0.8439967767929101,8.058017727639034e-05
34113,28.427973799563325,0.8460918614020951,560,681,1241,0.0008058017727639033,0.0008333472224535399,0.844157937147463,0.00016116035455278067
34114,28.428807146785783,0.8460918614020951,560,681,1241,0.0,0.0008333472224570926,0.8443996776792921,0.00024174053182917098
34115,28.429640494008236,0.8444802578565673,560,681,1241,-0.0016116035455278066,0.0008333472224535399,0.8445608380338449,0.00016116035455278067
34116,28.43047384123069,0.8452860596293312,560,681,1241,0.0008058017727639033,0.0008333472224535399,0.8448025785656739,0.00024174053182917098
34117,28.431307188453143,0.8452860596293312,560,681,1241,0.0,0.0008333472224535399,0.845044319097503,0.00024174053182917098
34118,28.432140535675597,0.8452860596293312,560,681,1241,0.0,0.0008333472224535399,0.8453666398066085,0.00032232070910556134
34119,28.43297388289805,0.8444802578565673,560,681,1241,-0.0008058017727639033,0.0008333472224535399,0.8453666398066085,0.0
34120,28.433807230120504,0.8444802578565673,560,681,1241,0.0,0.0008333472224535399,0.8452054794520556,-0.00016116035455278067
34121,28.434640577342957,0.8444802578565673,560,681,1241,0.0,0.0008333472224535399,0.8451248992747793,-8.058017727639034e-05
34122,28.43547392456541,0.8444802578565673,560,681,1241,0.0,0.0008333472224535399,0.845044319097503,-8.058017727639034e-05
34123,28.436307271787864,0.8452860596293312,560,681,1241,0.0008058017727639033,0.0008333472224535399,0.8449637389202265,-8.058017727639034e-05
34124,28.437140619010318,0.8452860596293312,560,681,1241,0.0,0.0008333472224535399,0.84488315874295,-8.058017727639034e-05
34125,28.43797396623277,0.8444802578565673,560,681,1241,-0.0008058017727639033,0.0008333472224535399,0.84488315874295,0.0
34126,28.438807313455225,0.8485092667203867,560,681,1241,0.0040290088638194055,0.0008333472224535399,0.8452054794520555,0.00032232070910555023
34127,28.43964066067768,0.846897663174859,560,681,1241,-0.0016116035455276956,0.0008333472224535399,0.8453666398066083,0.00016116035455278067
34128,28.440474007900132,0.8460918614020951,560,681,1241,-0.0008058017727639033,0.0008333472224535399,0.8454472199838848,8.058017727639034e-05
34129,28.441307355122586,0.846897663174859,560,681,1241,0.0008058017727639033,0.0008333472224535399,0.8456889605157141,0.00024174053182917098
34130,28.44214070234504,0.846897663174859,560,681,1241,0.0,0.0008333472224535399,0.8459307010475433,0.00024174053182917098
34131,28.442974049567493,0.8460918614020951,560,681,1241,-0.0008058017727639033,0.0008333472224535399,0.8460918614020961,0.00016116035455278067
34132,28.443807396789946,0.8460918614020951,560,681,1241,0.0,0.0008333472224535399,0.8462530217566491,0.00016116035455278067
34133,28.4446407440124,0.8460918614020951,560,681,1241,0.0,0.0008333472224535399,0.8463336019339256,8.058017727639034e-05
34134,28.445474091234853,0.846897663174859,560,681,1241,0.0008058017727639033,0.0008333472224535399,0.8464947622884784,0.00016116035455278067
34135,28.44630743845731,0.846897663174859,560,681,1241,0.0,0.0008333472224570926,0.8467365028203077,0.00024174053182917098
34136,28.447140785679764,0.8452860596293312,560,681,1241,-0.0016116035455278066,0.0008333472224535399,0.8464141821112021,-0.00032232070910555023
34137,28.447974132902218,0.8460918614020951,560,681,1241,0.0008058017727639033,0.0008333472224535399,0.8463336019339257,-8.058017727639034e-05
34138,28.44880748012467,0.8444802578565673,560,681,1241,-0.0016116035455278066,0.0008333472224535399,0.8461724415793729,-0.00016116035455278067
34139,28.449640827347125,0.8428686543110395,560,681,1241,-0.0016116035455278066,0.0008333472224535399,0.8457695406929909,-0.00040290088638195165
34140,28.450474174569578,0.8452860596293312,560,681,1241,0.00241740531829171,0.0008333472224535399,0.8456083803384381,-0.00016116035455278067
34141,28.45130752179203,0.846897663174859,560,681,1241,0.0016116035455278066,0.0008333472224535399,0.8456889605157144,8.058017727639034e-05
34142,28.452140869014485,0.846897663174859,560,681,1241,0.0,0.0008333472224535399,0.8457695406929908,8.058017727639034e-05
34143,28.45297421623694,0.8477034649476228,560,681,1241,0.0008058017727637923,0.0008333472224535399,0.8459307010475434,0.00016116035455276956
34144,28.453807563459392,0.8485092667203867,560,681,1241,0.0008058017727639033,0.0008333472224535399,0.8460918614020961,0.00016116035455276956
34145,28.454640910681846,0.8485092667203867,560,681,1241,0.0,0.0008333472224535399,0.8462530217566488,0.00016116035455276956
34146,28.4554742579043,0.8501208702659145,560,681,1241,0.0016116035455278066,0.0008333472224535399,0.8467365028203073,0.0004834810636583309
34147,28.456307605126753,0.8501208702659145,560,681,1241,0.0,0.0008333472224535399,0.8471394037066892,0.00040290088638194054
34148,28.457140952349206,0.8493150684931506,560,681,1241,-0.0008058017727639033,0.0008333472224535399,0.8476228847703476,0.0004834810636583309
34149,28.45797429957166,0.8509266720386784,560,681,1241,0.0016116035455278066,0.0008333472224535399,0.8484286865431114,0.0008058017727638922
34150,28.458807646794114,0.8541498791297341,560,681,1241,0.003223207091055613,0.0008333472224535399,0.8493150684931517,0.0008863819500402826
34151,28.459640994016567,0.8557614826752619,560,681,1241,0.0016116035455278066,0.0008333472224535399,0.8502014504431921,0.0008863819500402826
34152,28.46047434123902,0.854955680902498,560,681,1241,-0.0008058017727639033,0.0008333472224535399,0.851007252215956,0.0008058017727638922
34153,28.461307688461474,0.8565672844480258,560,681,1241,0.0016116035455278066,0.0008333472224535399,0.8518936341659963,0.0008863819500402936
34154,28.462141035683928,0.8581788879935536,560,681,1241,0.0016116035455278066,0.0008333472224535399,0.8528605962933129,0.0009669621273166839
34155,28.46297438290638,0.8589846897663175,560,681,1241,0.0008058017727639033,0.0008333472224535399,0.8539081385979062,0.0010475423045930743
34156,28.46380773012884,0.8589846897663175,560,681,1241,0.0,0.0008333472224570926,0.8547945205479465,0.0008863819500402936
34157,28.464641077351292,0.8597904915390814,560,681,1241,0.0008058017727639033,0.0008333472224535399,0.8557614826752632,0.0009669621273166839
34158,28.465474424573745,0.8597904915390814,560,681,1241,0.0,0.0008333472224535399,0.8568090249798562,0.0010475423045930743
34159,28.4663077717962,0.8597904915390814,560,681,1241,0.0,0.0008333472224535399,0.8576954069298965,0.0008863819500402936
34160,28.467141119018653,0.8597904915390814,560,681,1241,0.0,0.0008333472224535399,0.8582594681708313,0.0005640612409347323
34161,28.467974466241106,0.8589846897663175,560,681,1241,-0.0008058017727639033,0.0008333472224535399,0.8585817888799369,0.00032232070910556134
34162,28.46880781346356,0.8573730862207897,560,681,1241,-0.0016116035455278066,0.0008333472224535399,0.8588235294117661,0.00024174053182917098
34163,28.469641160686013,0.8557614826752619,560,681,1241,-0.0016116035455278066,0.0008333472224535399,0.8587429492344898,-8.058017727639034e-05
34164,28.470474507908467,0.854955680902498,560,681,1241,-0.0008058017727639033,0.0008333472224535399,0.8584206285253841,-0.00032232070910556134
34165,28.47130785513092,0.854955680902498,560,681,1241,0.0,0.0008333472224535399,0.8580177276390021,-0.00040290088638195165
34166,28.472141202353374,0.8557614826752619,560,681,1241,0.0008058017727639033,0.0008333472224535399,0.8576954069298965,-0.00032232070910556134
34167,28.472974549575827,0.8565672844480258,560,681,1241,0.0008058017727639033,0.0008333472224535399,0.857373086220791,-0.00032232070910556134
34168,28.47380789679828,0.8573730862207897,560,681,1241,0.0008058017727639033,0.0008333472224535399,0.8571313456889618,-0.00024174053182917098
34169,28.474641244020734,0.8597904915390814,560,681,1241,0.00241740531829171,0.0008333472224535399,0.8571313456889618,0.0
34170,28.475474591243188,0.8614020950846092,560,681,1241,0.0016116035455278066,0.0008333472224535399,0.8572925060435145,0.00016116035455278067
34171,28.47630793846564,0.8605962933118453,560,681,1241,-0.0008058017727639033,0.0008333472224535399,0.8574536663980672,0.00016116035455278067
34172,28.477141285688095,0.8614020950846092,560,681,1241,0.0008058017727639033,0.0008333472224535399,0.857856567284449,0.00040290088638195165
34173,28.47797463291055,0.863013698630137,560,681,1241,0.0016116035455278066,0.0008333472224535399,0.8585817888799365,0.000725221595487513
34174,28.478807980133002,0.8638195004029009,560,681,1241,0.0008058017727639033,0.0008333472224535399,0.8594681708299768,0.0008863819500402936
34175,28.479641327355456,0.8622078968573731,560,681,1241,-0.0016116035455278066,0.0008333472224535399,0.8601933924254646,0.000725221595487513
34176,28.48047467457791,0.863013698630137,560,681,1241,0.0008058017727639033,0.0008333472224535399,0.8609186140209519,0.000725221595487513
34177,28.481308021800366,0.8622078968573731,560,681,1241,-0.0008058017727639033,0.0008333472224570926,0.8614826752618867,0.0005640612409347323
34178,28.48214136902282,0.8614020950846092,560,681,1241,-0.0008058017727639033,0.0008333472224535399,0.8618855761482687,0.00040290088638195165
34179,28.482974716245273,0.8589846897663175,560,681,1241,-0.00241740531829171,0.0008333472224535399,0.8618049959709924,-8.058017727639034e-05
34180,28.483808063467727,0.8573730862207897,560,681,1241,-0.0016116035455278066,0.0008333472224535399,0.8614020950846104,-0.00040290088638195165
34181,28.48464141069018,0.8581788879935536,560,681,1241,0.0008058017727639033,0.0008333472224535399,0.8611603545527812,-0.00024174053182917098
34182,28.485474757912634,0.8573730862207897,560,681,1241,-0.0008058017727639033,0.0008333472224535399,0.8607574536663993,-0.00040290088638195165
34183,28.486308105135087,0.8589846897663175,560,681,1241,0.0016116035455278066,0.0008333472224535399,0.8603545527800174,-0.00040290088638195165
34184,28.48714145235754,0.8597904915390814,560,681,1241,0.0008058017727639033,0.0008333472224535399,0.8599516518936354,-0.00040290088638195165
34185,28.487974799579995,0.8581788879935536,560,681,1241,-0.0016116035455278066,0.0008333472224535399,0.8595487510072534,-0.00040290088638195165
34186,28.488808146802448,0.8565672844480258,560,681,1241,-0.0016116035455278066,0.0008333472224535399,0.8589041095890423,-0.0006446414182111227
34187,28.4896414940249,0.8565672844480258,560,681,1241,0.0,0.0008333472224535399,0.8583400483481075,-0.0005640612409347323
34188,28.490474841247355,0.8565672844480258,560,681,1241,0.0,0.0008333472224535399,0.8578565672844493,-0.00048348106365834196
34189,28.49130818846981,0.8573730862207897,560,681,1241,0.0008058017727639033,0.0008333472224535399,0.8576954069298963,-0.00016116035455278067
34190,28.492141535692262,0.8557614826752619,560,681,1241,-0.0016116035455278066,0.0008333472224535399,0.8575342465753437,-0.00016116035455278067
34191,28.492974882914716,0.8557614826752619,560,681,1241,0.0,0.0008333472224535399,0.8572925060435146,-0.00024174053182917098
34192,28.49380823013717,0.8557614826752619,560,681,1241,0.0,0.0008333472224535399,0.857131345688962,-0.00016116035455278067
34193,28.494641577359623,0.854955680902498,560,681,1241,-0.0008058017727639033,0.0008333472224535399,0.8567284448025798,-0.00040290088638195165
34194,28.495474924582076,0.8565672844480258,560,681,1241,0.0016116035455278066,0.0008333472224535399,0.8564061240934743,-0.00032232070910556134
34195,28.49630827180453,0.8581788879935536,560,681,1241,0.0016116035455278066,0.0008333472224535399,0.8564061240934743,0.0
34196,28.497141619026984,0.8597904915390814,560,681,1241,0.0016116035455278066,0.0008333472224535399,0.8567284448025798,0.00032232070910556134
34197,28.497974966249437,0.8605962933118453,560,681,1241,0.0008058017727639033,0.0008333472224535399,0.8571313456889618,0.00040290088638195165
34198,28.498808313471894,0.8605962933118453,560,681,1241,0.0,0.0008333472224570926,0.8575342465753437,0.00040290088638195165
34199,28.499641660694348,0.8605962933118453,560,681,1241,0.0,0.0008333472224535399,0.8578565672844493,0.00032232070910556134
34200,28.5004750079168,0.8597904915390814,560,681,1241,-0.0008058017727639033,0.0008333472224535399,0.8582594681708311,0.00040290088638195165
34201,28.501308355139255,0.8589846897663175,560,681,1241,-0.0008058017727639033,0.0008333472224535399,0.8585817888799367,0.00032232070910556134
34202,28.50214170236171,0.8589846897663175,560,681,1241,0.0,0.0008333472224535399,0.8589041095890423,0.00032232070910556134
34203,28.502975049584162,0.8589846897663175,560,681,1241,0.0,0.0008333472224535399,0.8593070104754243,0.00040290088638195165
34204,28.503808396806615,0.8589846897663175,560,681,1241,0.0,0.0008333472224535399,0.8595487510072536,0.00024174053182917098
34205,28.50464174402907,0.8597904915390814,560,681,1241,0.0008058017727639033,0.0008333472224535399,0.8597099113618064,0.00016116035455278067
34206,28.505475091251522,0.8605962933118453,560,681,1241,0.0008058017727639033,0.0008333472224535399,0.8597904915390828,8.058017727639034e-05
34207,28.506308438473976,0.8614020950846092,560,681,1241,0.0008058017727639033,0.0008333472224535399,0.8598710717163591,8.058017727639034e-05
34208,28.50714178569643,0.8622078968573731,560,681,1241,0.0008058017727639033,0.0008333472224535399,0.860032232070912,0.00016116035455278067
34209,28.507975132918883,0.8605962933118453,560,681,1241,-0.0016116035455278066,0.0008333472224535399,0.860032232070912,0.0
34210,28.508808480141337,0.8589846897663175,560,681,1241,-0.0016116035455278066,0.0008333472224535399,0.8599516518936356,-8.058017727639034e-05
34211,28.50964182736379,0.8573730862207897,560,681,1241,-0.0016116035455278066,0.0008333472224535399,0.8597904915390828,-0.00016116035455278067
34212,28.510475174586244,0.8573730862207897,560,681,1241,0.0,0.0008333472224535399,0.8596293311845299,-0.00016116035455278067
34213,28.511308521808697,0.8581788879935536,560,681,1241,0.0008058017727639033,0.0008333472224535399,0.8595487510072534,-8.058017727639034e-05
34214,28.51214186903115,0.8605962933118453,560,681,1241,0.00241740531829171,0.0008333472224535399,0.8597099113618061,0.00016116035455278067
34215,28.512975216253604,0.8597904915390814,560,681,1241,-0.0008058017727639033,0.0008333472224535399,0.8597099113618061,0.0
34216,28.513808563476058,0.8614020950846092,560,681,1241,0.0016116035455278066,0.0008333472224535399,0.8597904915390824,8.058017727639034e-05
34217,28.51464191069851,0.8614020950846092,560,681,1241,0.0,0.0008333472224535399,0.8597904915390824,0.0
34218,28.515475257920965,0.8622078968573731,560,681,1241,0.0008058017727639033,0.0008333472224535399,0.8597904915390824,0.0
34219,28.516308605143422,0.8646253021756648,560,681,1241,0.00241740531829171,0.0008333472224570926,0.8601933924254643,0.00040290088638195165
34220,28.517141952365876,0.8662369057211926,560,681,1241,0.0016116035455278066,0.0008333472224535399,0.8609186140209518,0.000725221595487513
34221,28.51797529958833,0.8654311039484287,560,681,1241,-0.0008058017727639033,0.0008333472224535399,0.8617244157937158,0.0008058017727639033
34222,28.518808646810783,0.8646253021756648,560,681,1241,-0.0008058017727639033,0.0008333472224535399,0.8624496373892032,0.000725221595487513
34223,28.519641994033236,0.8646253021756648,560,681,1241,0.0,0.0008333472224535399,0.8630942788074144,0.0006446414182111227
34224,28.52047534125569,0.8654311039484287,560,681,1241,0.0008058017727639033,0.0008333472224535399,0.8635777598710728,0.00048348106365834196
34225,28.521308688478143,0.8646253021756648,560,681,1241,-0.0008058017727639033,0.0008333472224535399,0.864061240934731,0.00048348106365834196
34226,28.522142035700597,0.8662369057211926,560,681,1241,0.0016116035455278066,0.0008333472224535399,0.8645447219983895,0.00048348106365834196
34227,28.52297538292305,0.8638195004029009,560,681,1241,-0.00241740531829171,0.0008333472224535399,0.8647864625302187,0.00024174053182917098
34228,28.523808730145504,0.8638195004029009,560,681,1241,0.0,0.0008333472224535399,0.8649476228847714,0.00016116035455278067
34229,28.524642077367957,0.863013698630137,560,681,1241,-0.0008058017727639033,0.0008333472224535399,0.8647864625302187,-0.00016116035455278067
34230,28.52547542459041,0.863013698630137,560,681,1241,0.0,0.0008333472224535399,0.8644641418211132,-0.00032232070910556134
34231,28.526308771812865,0.8638195004029009,560,681,1241,0.0008058017727639033,0.0008333472224535399,0.8643029814665603,-0.00016116035455278067
34232,28.527142119035318,0.8614020950846092,560,681,1241,-0.00241740531829171,0.0008333472224535399,0.8639806607574547,-0.00032232070910556134
34233,28.52797546625777,0.863013698630137,560,681,1241,0.0016116035455278066,0.0008333472224535399,0.863819500402902,-0.00016116035455278067
34234,28.528808813480225,0.8638195004029009,560,681,1241,0.0008058017727639033,0.0008333472224535399,0.8636583400483492,-0.00016116035455278067
34235,28.52964216070268,0.8646253021756648,560,681,1241,0.0008058017727639033,0.0008333472224535399,0.8636583400483492,0.0
34236,28.530475507925132,0.8646253021756648,560,681,1241,0.0,0.0008333472224535399,0.8634971796937962,-0.00016116035455278067
34237,28.531308855147586,0.8654311039484287,560,681,1241,0.0008058017727639033,0.0008333472224535399,0.8636583400483492,0.00016116035455278067
34238,28.53214220237004,0.8638195004029009,560,681,1241,-0.0016116035455278066,0.0008333472224535399,0.8636583400483492,0.0
34239,28.532975549592493,0.8622078968573731,560,681,1241,-0.0016116035455278066,0.0008333472224535399,0.8635777598710728,-8.058017727639034e-05
34240,28.533808896814946,0.863013698630137,560,681,1241,0.0008058017727639033,0.0008333472224535399,0.8635777598710728,0.0
34241,28.534642244037403,0.8638195004029009,560,681,1241,0.0008058017727639033,0.0008333472224570926,0.8635777598710728,0.0
34242,28.535475591259857,0.8638195004029009,560,681,1241,0.0,0.0008333472224535399,0.863819500402902,0.00024174053182917098
34243,28.53630893848231,0.8638195004029009,560,681,1241,0.0,0.0008333472224535399,0.8639000805801784,8.058017727639034e-05
34244,28.537142285704764,0.8654311039484287,560,681,1241,0.0016116035455278066,0.0008333472224535399,0.8640612409347312,0.00016116035455278067
34245,28.537975632927218,0.8662369057211926,560,681,1241,0.0008058017727639033,0.0008333472224535399,0.8642224012892841,0.00016116035455278067
34246,28.53880898014967,0.8662369057211926,560,681,1241,0.0,0.0008333472224535399,0.864383561643837,0.00016116035455278067
34247,28.539642327372125,0.8662369057211926,560,681,1241,0.0,0.0008333472224535399,0.8644641418211133,8.058017727639034e-05
34248,28.54047567459458,0.8646253021756648,560,681,1241,-0.0016116035455278066,0.0008333472224535399,0.8645447219983897,8.058017727639034e-05
34249,28.541309021817032,0.8646253021756648,560,681,1241,0.0,0.0008333472224535399,0.8647864625302187,0.00024174053182917098
34250,28.542142369039485,0.8638195004029009,560,681,1241,-0.0008058017727639033,0.0008333472224535399,0.864867042707495,8.058017727639034e-05
34251,28.54297571626194,0.8646253021756648,560,681,1241,0.0008058017727639033,0.0008333472224535399,0.8649476228847714,8.058017727639034e-05
34252,28.543809063484392,0.8646253021756648,560,681,1241,0.0,0.0008333472224535399,0.8650282030620478,8.058017727639034e-05
34253,28.544642410706846,0.8638195004029009,560,681,1241,-0.0008058017727639033,0.0008333472224535399,0.8650282030620478,0.0
34254,28.5454757579293,0.8646253021756648,560,681,1241,0.0008058017727639033,0.0008333472224535399,0.8649476228847712,-8.058017727639034e-05
34255,28.546309105151753,0.8654311039484287,560,681,1241,0.0008058017727639033,0.0008333472224535399,0.8648670427074949,-8.058017727639034e-05
34256,28.547142452374207,0.8654311039484287,560,681,1241,0.0,0.0008333472224535399,0.8647864625302185,-8.058017727639034e-05
34257,28.54797579959666,0.8662369057211926,560,681,1241,0.0008058017727639033,0.0008333472224535399,0.8647864625302185,0.0
34258,28.548809146819114,0.8662369057211926,560,681,1241,0.0,0.0008333472224535399,0.8649476228847714,0.00016116035455278067
34259,28.549642494041567,0.8678485092667204,560,681,1241,0.0016116035455278066,0.0008333472224535399,0.865269943593877,0.00032232070910556134
34260,28.55047584126402,0.8662369057211926,560,681,1241,-0.0016116035455278066,0.0008333472224535399,0.8655116841257062,0.00024174053182917098
34261,28.551309188486474,0.8686543110394843,560,681,1241,0.00241740531829171,0.0008333472224535399,0.8659145850120883,0.00040290088638195165
34262,28.55214253570893,0.8686543110394843,560,681,1241,0.0,0.0008333472224570926,0.8663174858984704,0.00040290088638195165
34263,28.552975882931385,0.8694601128122482,560,681,1241,0.0008058017727639033,0.0008333472224535399,0.8668815471394051,0.0005640612409347323
34264,28.55380923015384,0.871071716357776,560,681,1241,0.0016116035455278066,0.0008333472224535399,0.8675261885576162,0.0006446414182111227
34265,28.554642577376292,0.8726833199033038,560,681,1241,0.0016116035455278066,0.0008333472224535399,0.8682514101531037,0.000725221595487513
34266,28.555475924598746,0.8718775181305399,560,681,1241,-0.0008058017727639033,0.0008333472224535399,0.8688960515713149,0.0006446414182111227
34267,28.5563092718212,0.8718775181305399,560,681,1241,0.0,0.0008333472224535399,0.8694601128122497,0.0005640612409347323
34268,28.557142619043653,0.871071716357776,560,681,1241,-0.0008058017727639033,0.0008333472224535399,0.8699435938759079,0.00048348106365834196
34269,28.557975966266106,0.8694601128122482,560,681,1241,-0.0016116035455278066,0.0008333472224535399,0.8701047542304607,0.00016116035455278067
34270,28.55880931348856,0.8702659145850121,560,681,1241,0.0008058017727639033,0.0008333472224535399,0.8705076551168427,0.00040290088638195165
34271,28.559642660711013,0.871071716357776,560,681,1241,0.0008058017727639033,0.0008333472224535399,0.8707493956486717,0.00024174053182917098
34272,28.560476007933467,0.871071716357776,560,681,1241,0.0,0.0008333472224535399,0.8709911361805007,0.00024174053182917098
34273,28.56130935515592,0.8702659145850121,560,681,1241,-0.0008058017727639033,0.0008333472224535399,0.871071716357777,8.058017727639034e-05
34274,28.562142702378374,0.8726833199033038,560,681,1241,0.00241740531829171,0.0008333472224535399,0.87123287671233,0.00016116035455278067
34275,28.562976049600827,0.8734891216760677,560,681,1241,0.0008058017727639033,0.0008333472224535399,0.8713134568896063,8.058017727639034e-05
34276,28.56380939682328,0.8734891216760677,560,681,1241,0.0,0.0008333472224535399,0.871474617244159,0.00016116035455278067
34277,28.564642744045734,0.8742949234488316,560,681,1241,0.0008058017727639033,0.0008333472224535399,0.871716357775988,0.00024174053182917098
34278,28.565476091268188,0.8751007252215954,560,681,1241,0.0008058017727637923,0.0008333472224535399,0.8721192586623701,0.00040290088638194054
34279,28.56630943849064,0.8742949234488316,560,681,1241,-0.0008058017727637923,0.0008333472224535399,0.8726027397260283,0.00048348106365834196
34280,28.567142785713095,0.8742949234488316,560,681,1241,0.0,0.0008333472224535399,0.8730056406124103,0.00040290088638195165
34281,28.56797613293555,0.8759065269943593,560,681,1241,0.0016116035455276956,0.0008333472224535399,0.8734891216760687,0.0004834810636583309
34282,28.568809480158002,0.8767123287671232,560,681,1241,0.0008058017727639033,0.0008333472224535399,0.8740531829170035,0.0005640612409347212
34283,28.56964282738046,0.879129734085415,560,681,1241,0.00241740531829171,0.0008333472224570926,0.8749395648670438,0.0008863819500402826
34284,28.570476174602913,0.8799355358581789,560,681,1241,0.0008058017727639033,0.0008333472224535399,0.8756647864625313,0.0007252215954875018
34285,28.571309521825366,0.879129734085415,560,681,1241,-0.0008058017727639033,0.0008333472224535399,0.8762288477034661,0.0005640612409347212
34286,28.57214286904782,0.8775181305398871,560,681,1241,-0.0016116035455278066,0.0008333472224535399,0.8766317485898479,0.00040290088638194054
34287,28.572976216270273,0.8775181305398871,560,681,1241,0.0,0.0008333472224535399,0.8769540692989535,0.00032232070910555023
34288,28.573809563492727,0.878323932312651,560,681,1241,0.0008058017727639033,0.0008333472224535399,0.8772763900080591,0.00032232070910556134
34289,28.57464291071518,0.8767123287671232,560,681,1241,-0.0016116035455278066,0.0008333472224535399,0.8775181305398883,0.0002417405318291599
34290,28.575476257937634,0.8775181305398871,560,681,1241,0.0008058017727639033,0.0008333472224535399,0.8778404512489939,0.00032232070910555023
34291,28.576309605160088,0.8767123287671232,560,681,1241,-0.0008058017727639033,0.0008333472224535399,0.8779210314262702,8.058017727639034e-05
34292,28.57714295238254,0.879129734085415,560,681,1241,0.00241740531829171,0.0008333472224535399,0.8781627719580994,0.00024174053182917098
34293,28.577976299604995,0.8807413376309428,560,681,1241,0.0016116035455278066,0.0008333472224535399,0.8783239323126522,0.00016116035455278067
34294,28.578809646827448,0.8799355358581789,560,681,1241,-0.0008058017727639033,0.0008333472224535399,0.8783239323126522,0.0
34295,28.5796429940499,0.8807413376309428,560,681,1241,0.0008058017727639033,0.0008333472224535399,0.8784850926672048,0.00016116035455278067
34296,28.580476341272355,0.8815471394037067,560,681,1241,0.0008058017727639033,0.0008333472224535399,0.8788879935535867,0.00040290088638195165
34297,28.58130968849481,0.8815471394037067,560,681,1241,0.0,0.0008333472224535399,0.8792908944399688,0.00040290088638195165
34298,28.582143035717262,0.8815471394037067,560,681,1241,0.0,0.0008333472224535399,0.8796132151490745,0.00032232070910556134
34299,28.582976382939716,0.8815471394037067,560,681,1241,0.0,0.0008333472224535399,0.880096696212733,0.00048348106365834196
34300,28.58380973016217,0.8807413376309428,560,681,1241,-0.0008058017727639033,0.0008333472224535399,0.8804190169218385,0.00032232070910556134
34301,28.584643077384623,0.8807413376309428,560,681,1241,0.0,0.0008333472224535399,0.8808219178082204,0.00040290088638195165
34302,28.585476424607076,0.8807413376309428,560,681,1241,0.0,0.0008333472224535399,0.8809830781627731,0.00016116035455278067
34303,28.58630977182953,0.8823529411764706,560,681,1241,0.0016116035455278066,0.0008333472224535399,0.881144238517326,0.00016116035455278067
34304,28.587143119051987,0.8823529411764706,560,681,1241,0.0,0.0008333472224570926,0.8813859790491552,0.00024174053182917098
34305,28.58797646627444,0.8831587429492345,560,681,1241,0.0008058017727639033,0.0008333472224535399,0.8816277195809844,0.00024174053182917098
34306,28.588809813496894,0.8823529411764706,560,681,1241,-0.0008058017727639033,0.0008333472224535399,0.8817082997582609,8.058017727639034e-05
34307,28.589643160719348,0.8831587429492345,560,681,1241,0.0008058017727639033,0.0008333472224535399,0.8818694601128136,0.00016116035455278067
34308,28.5904765079418,0.8815471394037067,560,681,1241,-0.0016116035455278066,0.0008333472224535399,0.8818694601128136,0.0
34309,28.591309855164255,0.8815471394037067,560,681,1241,0.0,0.0008333472224535399,0.8818694601128136,0.0
34310,28.59214320238671,0.8807413376309428,560,681,1241,-0.0008058017727639033,0.0008333472224535399,0.8818694601128136,0.0
34311,28.592976549609162,0.8807413376309428,560,681,1241,0.0,0.0008333472224535399,0.8818694601128136,0.0
34312,28.593809896831615,0.8807413376309428,560,681,1241,0.0,0.0008333472224535399,0.8818694601128136,0.0
34313,28.59464324405407,0.8815471394037067,560,681,1241,0.0008058017727639033,0.0008333472224535399,0.8817888799355373,-8.058017727639034e-05
34314,28.595476591276523,0.8799355358581789,560,681,1241,-0.0016116035455278066,0.0008333472224535399,0.8815471394037081,-0.00024174053182917098
34315,28.596309938498976,0.8823529411764706,560,681,1241,0.00241740531829171,0.0008333472224535399,0.8814665592264317,-8.058017727639034e-05
34316,28.59714328572143,0.8831587429492345,560,681,1241,0.0008058017727639033,0.0008333472224535399,0.8815471394037081,8.058017727639034e-05
34317,28.597976632943883,0.8839645447219984,560,681,1241,0.0008058017727639033,0.0008333472224535399,0.8816277195809844,8.058017727639034e-05
34318,28.598809980166337,0.8831587429492345,560,681,1241,-0.0008058017727639033,0.0008333472224535399,0.8817888799355373,0.00016116035455278067
34319,28.59964332738879,0.8839645447219984,560,681,1241,0.0008058017727639033,0.0008333472224535399,0.8820306204673664,0.00024174053182917098
34320,28.600476674611244,0.8823529411764706,560,681,1241,-0.0016116035455278066,0.0008333472224535399,0.8821917808219192,0.00016116035455278067
34321,28.601310021833697,0.8823529411764706,560,681,1241,0.0,0.0008333472224535399,0.8823529411764721,0.00016116035455278067
34322,28.60214336905615,0.8823529411764706,560,681,1241,0.0,0.0008333472224535399,0.8825141015310249,0.00016116035455278067
34323,28.602976716278604,0.8823529411764706,560,681,1241,0.0,0.0008333472224535399,0.8825946817083015,8.058017727639034e-05
34324,28.603810063501058,0.8823529411764706,560,681,1241,0.0,0.0008333472224535399,0.8828364222401307,0.00024174053182917098
34325,28.604643410723515,0.8823529411764706,560,681,1241,0.0,0.0008333472224570926,0.8828364222401307,0.0
34326,28.60547675794597,0.8831587429492345,560,681,1241,0.0008058017727639033,0.0008333472224535399,0.8828364222401307,0.0
34327,28.606310105168422,0.8839645447219984,560,681,1241,0.0008058017727639033,0.0008333472224535399,0.8828364222401307,0.0
34328,28.607143452390876,0.8839645447219984,560,681,1241,0.0,0.0008333472224535399,0.882917002417407,8.058017727639034e-05
34329,28.60797679961333,0.8839645447219984,560,681,1241,0.0,0.0008333472224535399,0.882917002417407,0.0
34330,28.608810146835783,0.8847703464947623,560,681,1241,0.0008058017727639033,0.0008333472224535399,0.8831587429492362,0.00024174053182917098
34331,28.609643494058236,0.8863819500402901,560,681,1241,0.0016116035455278066,0.0008333472224535399,0.8835616438356182,0.00040290088638195165
34332,28.61047684128069,0.8855761482675262,560,681,1241,-0.0008058017727639033,0.0008333472224535399,0.8838839645447237,0.00032232070910556134
34333,28.611310188503143,0.8879935535858179,560,681,1241,0.00241740531829171,0.0008333472224535399,0.8844480257856585,0.0005640612409347323
34334,28.612143535725597,0.8887993553585818,560,681,1241,0.0008058017727639033,0.0008333472224535399,0.8850926672038696,0.0006446414182111227
34335,28.61297688294805,0.8887993553585818,560,681,1241,0.0,0.0008333472224535399,0.8857373086220808,0.0006446414182111227
34336,28.613810230170504,0.8887993553585818,560,681,1241,0.0,0.0008333472224535399,0.8863013698630156,0.0005640612409347323
34337,28.614643577392957,0.8863819500402901,560,681,1241,-0.00241740531829171,0.0008333472224535399,0.8865431103948447,0.00024174053182917098
34338,28.61547692461541,0.8855761482675262,560,681,1241,-0.0008058017727639033,0.0008333472224535399,0.8867042707493976,0.00016116035455278067
34339,28.616310271837865,0.8855761482675262,560,681,1241,0.0,0.0008333472224535399,0.8868654311039504,0.00016116035455278067
34340,28.617143619060318,0.8879935535858179,560,681,1241,0.00241740531829171,0.0008333472224535399,0.887187751813056,0.00032232070910556134
34341,28.61797696628277,0.887187751813054,560,681,1241,-0.0008058017727639033,0.0008333472224535399,0.8872683319903324,8.058017727639034e-05
34342,28.618810313505225,0.887187751813054,560,681,1241,0.0,0.0008333472224535399,0.8874294923448851,0.00016116035455278067
34343,28.61964366072768,0.8887993553585818,560,681,1241,0.0016116035455278066,0.0008333472224535399,0.8875100725221614,8.058017727639034e-05
34344,28.620477007950132,0.8896051571313457,560,681,1241,0.0008058017727639033,0.0008333472224535399,0.8875906526994377,8.058017727639034e-05
34345,28.621310355172586,0.8904109589041096,560,681,1241,0.0008058017727639033,0.0008333472224535399,0.8877518130539904,0.00016116035455278067
34346,28.62214370239504,0.8912167606768735,560,681,1241,0.0008058017727639033,0.0008333472224535399,0.8879935535858194,0.00024174053182917098
34347,28.622977049617496,0.8928283642224013,560,681,1241,0.0016116035455278066,0.0008333472224570926,0.8886381950040306,0.0006446414182111227
34348,28.62381039683995,0.8928283642224013,560,681,1241,0.0,0.0008333472224535399,0.8893634165995181,0.000725221595487513
34349,28.624643744062404,0.8920225624496374,560,681,1241,-0.0008058017727639033,0.0008333472224535399,0.8900080580177292,0.0006446414182111227
34350,28.625477091284857,0.8920225624496374,560,681,1241,0.0,0.0008333472224535399,0.8904109589041113,0.00040290088638195165
34351,28.62631043850731,0.8904109589041096,560,681,1241,-0.0016116035455278066,0.0008333472224535399,0.8907332796132168,0.00032232070910556134
34352,28.627143785729764,0.8904109589041096,560,681,1241,0.0,0.0008333472224535399,0.8910556003223224,0.00032232070910556134
34353,28.627977132952218,0.8904109589041096,560,681,1241,0.0,0.0008333472224535399,0.891216760676875,0.00016116035455278067
34354,28.62881048017467,0.8904109589041096,560,681,1241,0.0,0.0008333472224535399,0.8912973408541515,8.058017727639034e-05
34355,28.629643827397125,0.8904109589041096,560,681,1241,0.0,0.0008333472224535399,0.8912973408541515,0.0
34356,28.63047717461958,0.8896051571313457,560,681,1241,-0.0008058017727639033,0.0008333472224535399,0.8911361804995988,-0.00016116035455278067
34357,28.631310521842032,0.8887993553585818,560,681,1241,-0.0008058017727639033,0.0008333472224535399,0.8907332796132168,-0.00040290088638195165
34358,28.632143869064485,0.8879935535858179,560,681,1241,-0.0008058017727639033,0.0008333472224535399,0.8902497985495584,-0.00048348106365834196
34359,28.63297721628694,0.8896051571313457,560,681,1241,0.0016116035455278066,0.0008333472224535399,0.8900080580177292,-0.00024174053182917098
34360,28.633810563509392,0.8896051571313457,560,681,1241,0.0,0.0008333472224535399,0.8897663174859,-0.00024174053182917098
34361,28.634643910731846,0.8896051571313457,560,681,1241,0.0,0.0008333472224535399,0.8896857373086237,-8.058017727639034e-05
34362,28.6354772579543,0.8904109589041096,560,681,1241,0.0008058017727639033,0.0008333472224535399,0.8896857373086237,0.0
34363,28.636310605176753,0.8887993553585818,560,681,1241,-0.0016116035455278066,0.0008333472224535399,0.889524576954071,-0.00016116035455278067
34364,28.637143952399207,0.8904109589041096,560,681,1241,0.0016116035455278066,0.0008333472224535399,0.889524576954071,0.0
34365,28.63797729962166,0.8896051571313457,560,681,1241,-0.0008058017727639033,0.0008333472224535399,0.8894439967767946,-8.058017727639034e-05
34366,28.638810646844114,0.887187751813054,560,681,1241,-0.00241740531829171,0.0008333472224535399,0.8892022562449654,-0.00024174053182917098
34367,28.639643994066567,0.887187751813054,560,681,1241,0.0,0.0008333472224535399,0.8890410958904125,-0.00016116035455278067
34368,28.640477341289024,0.8879935535858179,560,681,1241,0.0008058017727639033,0.0008333472224570926,0.8890410958904124,0.0
34369,28.641310688511478,0.887187751813054,560,681,1241,-0.0008058017727639033,0.0008333472224535399,0.8887993553585831,-0.00024174053182917098
34370,28.64214403573393,0.8863819500402901,560,681,1241,-0.0008058017727639033,0.0008333472224535399,0.8884770346494776,-0.00032232070910556134
34371,28.642977382956385,0.8855761482675262,560,681,1241,-0.0008058017727639033,0.0008333472224535399,0.8880741337630956,-0.00040290088638195165
34372,28.64381073017884,0.887187751813054,560,681,1241,0.0016116035455278066,0.0008333472224535399,0.8877518130539901,-0.00032232070910556134
34373,28.644644077401292,0.8879935535858179,560,681,1241,0.0008058017727639033,0.0008333472224535399,0.8876712328767138,-8.058017727639034e-05
34374,28.645477424623746,0.8879935535858179,560,681,1241,0.0,0.0008333472224535399,0.8874294923448847,-0.00024174053182917098
34375,28.6463107718462,0.8879935535858179,560,681,1241,0.0,0.0008333472224535399,0.8872683319903321,-0.00016116035455278067
34376,28.647144119068653,0.8879935535858179,560,681,1241,0.0,0.0008333472224535399,0.8873489121676086,8.058017727639034e-05
34377,28.647977466291106,0.887187751813054,560,681,1241,-0.0008058017727639033,0.0008333472224535399,0.8873489121676086,0.0
34378,28.64881081351356,0.887187751813054,560,681,1241,0.0,0.0008333472224535399,0.8872683319903321,-8.058017727639034e-05
34379,28.649644160736013,0.887187751813054,560,681,1241,0.0,0.0008333472224535399,0.8872683319903321,0.0
34380,28.650477507958467,0.8879935535858179,560,681,1241,0.0008058017727639033,0.0008333472224535399,0.8874294923448849,0.00016116035455278067
34381,28.65131085518092,0.887187751813054,560,681,1241,-0.0008058017727639033,0.0008333472224535399,0.8875906526994376,0.00016116035455278067
34382,28.652144202403374,0.8879935535858179,560,681,1241,0.0008058017727639033,0.0008333472224535399,0.8876712328767139,8.058017727639034e-05
34383,28.652977549625827,0.8887993553585818,560,681,1241,0.0008058017727639033,0.0008333472224535399,0.8877518130539904,8.058017727639034e-05
34384,28.65381089684828,0.8887993553585818,560,681,1241,0.0,0.0008333472224535399,0.8878323932312668,8.058017727639034e-05
34385,28.654644244070735,0.8887993553585818,560,681,1241,0.0,0.0008333472224535399,0.8879129734085431,8.058017727639034e-05
34386,28.655477591293188,0.8879935535858179,560,681,1241,-0.0008058017727639033,0.0008333472224535399,0.8879129734085431,0.0
34387,28.65631093851564,0.8855761482675262,560,681,1241,-0.00241740531829171,0.0008333472224535399,0.8877518130539904,-0.00016116035455278067
34388,28.657144285738095,0.8879935535858179,560,681,1241,0.00241740531829171,0.0008333472224535399,0.887832393231267,8.058017727639034e-05
34389,28.657977632960552,0.8879935535858179,560,681,1241,0.0,0.0008333472224570926,0.8879129734085434,8.058017727639034e-05
34390,28.658810980183006,0.8863819500402901,560,681,1241,-0.0016116035455278066,0.0008333472224535399,0.8877518130539904,-0.00016116035455278067
34391,28.65964432740546,0.8839645447219984,560,681,1241,-0.00241740531829171,0.0008333472224535399,0.8874294923448849,-0.00032232070910556134
34392,28.660477674627913,0.8839645447219984,560,681,1241,0.0,0.0008333472224535399,0.8870265914585029,-0.00040290088638195165
34393,28.661311021850366,0.8831587429492345,560,681,1241,-0.0008058017727639033,0.0008333472224535399,0.8864625302175682,-0.0005640612409347323
34394,28.66214436907282,0.8815471394037067,560,681,1241,-0.0016116035455278066,0.0008333472224535399,0.8857373086220808,-0.000725221595487513
34395,28.662977716295273,0.8839645447219984,560,681,1241,0.00241740531829171,0.0008333472224535399,0.8852538275584223,-0.00048348106365834196
34396,28.663811063517727,0.8839645447219984,560,681,1241,0.0,0.0008333472224535399,0.8848509266720402,-0.00040290088638195165
34397,28.66464441074018,0.8847703464947623,560,681,1241,0.0008058017727639033,0.0008333472224535399,0.8847703464947637,-8.058017727639034e-05
34398,28.665477757962634,0.8847703464947623,560,681,1241,0.0,0.0008333472224535399,0.8844480257856582,-0.00032232070910556134
34399,28.666311105185088,0.8839645447219984,560,681,1241,-0.0008058017727639033,0.0008333472224535399,0.884045124899276,-0.00040290088638195165
34400,28.66714445240754,0.8839645447219984,560,681,1241,0.0,0.0008333472224535399,0.8838033843674469,-0.00024174053182917098
34401,28.667977799629995,0.8847703464947623,560,681,1241,0.0008058017727639033,0.0008333472224535399,0.8838839645447234,8.058017727639034e-05
34402,28.66881114685245,0.8839645447219984,560,681,1241,-0.0008058017727639033,0.0008333472224535399,0.8838839645447234,0.0
34403,28.669644494074902,0.8831587429492345,560,681,1241,-0.0008058017727639033,0.0008333472224535399,0.8838839645447234,0.0
34404,28.670477841297355,0.8839645447219984,560,681,1241,0.0008058017727639033,0.0008333472224535399,0.8841257050765524,0.00024174053182917098
34405,28.67131118851981,0.8855761482675262,560,681,1241,0.0016116035455278066,0.0008333472224535399,0.8842868654311052,0.00016116035455278067
34406,28.672144535742262,0.8855761482675262,560,681,1241,0.0,0.0008333472224535399,0.8844480257856582,0.00016116035455278067
34407,28.672977882964716,0.8847703464947623,560,681,1241,-0.0008058017727639033,0.0008333472224535399,0.8844480257856582,0.0
34408,28.67381123018717,0.8847703464947623,560,681,1241,0.0,0.0008333472224535399,0.8844480257856582,0.0
34409,28.674644577409623,0.8831587429492345,560,681,1241,-0.0016116035455278066,0.0008333472224535399,0.8843674456083818,-8.058017727639034e-05
34410,28.67547792463208,0.8855761482675262,560,681,1241,0.00241740531829171,0.0008333472224570926,0.8845286059629347,0.00016116035455278067
34411,28.676311271854534,0.8863819500402901,560,681,1241,0.0008058017727639033,0.0008333472224535399,0.8846897663174875,0.00016116035455278067
34412,28.677144619076987,0.887187751813054,560,681,1241,0.0008058017727639033,0.0008333472224535399,0.8850120870265931,0.00032232070910556134
34413,28.67797796629944,0.8863819500402901,560,681,1241,-0.0008058017727639033,0.0008333472224535399,0.8853344077356986,0.00032232070910556134
34414,28.678811313521894,0.8879935535858179,560,681,1241,0.0016116035455278066,0.0008333472224535399,0.8857373086220808,0.00040290088638195165
34415,28.679644660744348,0.8887993553585818,560,681,1241,0.0008058017727639033,0.0008333472224535399,0.8860596293311863,0.00032232070910556134
34416,28.6804780079668,0.8896051571313457,560,681,1241,0.0008058017727639033,0.0008333472224535399,0.8864625302175682,0.00040290088638195165
34417,28.681311355189255,0.8904109589041096,560,681,1241,0.0008058017727639033,0.0008333472224535399,0.8870265914585029,0.0005640612409347323
34418,28.68214470241171,0.8904109589041096,560,681,1241,0.0,0.0008333472224535399,0.8875906526994377,0.0005640612409347323
34419,28.682978049634162,0.8896051571313457,560,681,1241,-0.0008058017727639033,0.0008333472224535399,0.8882352941176489,0.0006446414182111227
34420,28.683811396856616,0.8879935535858179,560,681,1241,-0.0016116035455278066,0.0008333472224535399,0.8884770346494781,0.00024174053182917098
34421,28.68464474407907,0.887187751813054,560,681,1241,-0.0008058017727639033,0.0008333472224535399,0.8885576148267544,8.058017727639034e-05
34422,28.685478091301523,0.887187751813054,560,681,1241,0.0,0.0008333472224535399,0.8885576148267544,0.0
34423,28.686311438523976,0.8863819500402901,560,681,1241,-0.0008058017727639033,0.0008333472224535399,0.8885576148267544,0.0
34424,28.68714478574643,0.887187751813054,560,681,1241,0.0008058017727639033,0.0008333472224535399,0.8884770346494779,-8.058017727639034e-05
34425,28.687978132968883,0.8887993553585818,560,681,1241,0.0016116035455278066,0.0008333472224535399,0.8884770346494779,0.0
34426,28.688811480191337,0.887187751813054,560,681,1241,-0.0016116035455278066,0.0008333472224535399,0.8882352941176487,-0.00024174053182917098
34427,28.68964482741379,0.887187751813054,560,681,1241,0.0,0.0008333472224535399,0.8879129734085431,-0.00032232070910556134
34428,28.690478174636244,0.8855761482675262,560,681,1241,-0.0016116035455278066,0.0008333472224535399,0.8874294923448849,-0.00048348106365834196
34429,28.691311521858697,0.8847703464947623,560,681,1241,-0.0008058017727639033,0.0008333472224535399,0.8869460112812266,-0.00048348106365834196
34430,28.69214486908115,0.8863819500402901,560,681,1241,0.0016116035455278066,0.0008333472224535399,0.8867848509266739,-0.00016116035455278067
34431,28.692978216303608,0.8879935535858179,560,681,1241,0.0016116035455278066,0.0008333472224570926,0.8868654311039504,8.058017727639034e-05
34432,28.69381156352606,0.8879935535858179,560,681,1241,0.0,0.0008333472224535399,0.8869460112812269,8.058017727639034e-05
34433,28.694644910748515,0.8887993553585818,560,681,1241,0.0008058017727639033,0.0008333472224535399,0.887187751813056,0.00024174053182917098
34434,28.69547825797097,0.8904109589041096,560,681,1241,0.0016116035455278066,0.0008333472224535399,0.8875100725221616,0.00032232070910556134
34435,28.696311605193422,0.8904109589041096,560,681,1241,0.0,0.0008333472224535399,0.8876712328767142,0.00016116035455278067
34436,28.697144952415876,0.8904109589041096,560,681,1241,0.0,0.0008333472224535399,0.8879935535858199,0.00032232070910556134
34437,28.69797829963833,0.8912167606768735,560,681,1241,0.0008058017727639033,0.0008333472224535399,0.8883964544722017,0.00040290088638195165
34438,28.698811646860783,0.8896051571313457,560,681,1241,-0.0016116035455278066,0.0008333472224535399,0.8887993553585837,0.00040290088638195165
34439,28.699644994083236,0.8887993553585818,560,681,1241,-0.0008058017727639033,0.0008333472224535399,0.8892022562449657,0.00040290088638195165
34440,28.70047834130569,0.8896051571313457,560,681,1241,0.0008058017727639033,0.0008333472224535399,0.8895245769540713,0.00032232070910556134
34441,28.701311688528143,0.8896051571313457,560,681,1241,0.0,0.0008333472224535399,0.8896857373086242,0.00016116035455278067
34442,28.702145035750597,0.8887993553585818,560,681,1241,-0.0008058017727639033,0.0008333472224535399,0.8897663174859005,8.058017727639034e-05
34443,28.70297838297305,0.8887993553585818,560,681,1241,0.0,0.0008333472224535399,0.8897663174859005,0.0
34444,28.703811730195504,0.8896051571313457,560,681,1241,0.0008058017727639033,0.0008333472224535399,0.8896857373086242,-8.058017727639034e-05
34445,28.704645077417958,0.8879935535858179,560,681,1241,-0.0016116035455278066,0.0008333472224535399,0.8894439967767951,-0.00024174053182917098
34446,28.70547842464041,0.887187751813054,560,681,1241,-0.0008058017727639033,0.0008333472224535399,0.8891216760676895,-0.00032232070910556134
34447,28.706311771862865,0.8855761482675262,560,681,1241,-0.0016116035455278066,0.0008333472224535399,0.888557614826755,-0.0005640612409347323
34448,28.707145119085318,0.8863819500402901,560,681,1241,0.0008058017727639033,0.0008333472224535399,0.8882352941176495,-0.00032232070910556134
34449,28.70797846630777,0.8839645447219984,560,681,1241,-0.00241740531829171,0.0008333472224535399,0.887751813053991,-0.00048348106365834196
34450,28.708811813530225,0.8839645447219984,560,681,1241,0.0,0.0008333472224535399,0.8871877518130562,-0.0005640612409347323
34451,28.70964516075268,0.8847703464947623,560,681,1241,0.0008058017727639033,0.0008333472224535399,0.886704270749398,-0.00048348106365834196
34452,28.710478507975136,0.8823529411764706,560,681,1241,-0.00241740531829171,0.0008333472224570926,0.8860596293311869,-0.0006446414182111227
34453,28.71131185519759,0.8823529411764706,560,681,1241,0.0,0.0008333472224535399,0.8854149879129757,-0.0006446414182111227
34454,28.712145202420043,0.8831587429492345,560,681,1241,0.0008058017727639033,0.0008333472224535399,0.8847703464947646,-0.0006446414182111227
34455,28.712978549642497,0.8839645447219984,560,681,1241,0.0008058017727639033,0.0008333472224535399,0.8843674456083825,-0.00040290088638195165
34456,28.71381189686495,0.8847703464947623,560,681,1241,0.0008058017727639033,0.0008333472224535399,0.8841257050765533,-0.00024174053182917098
34457,28.714645244087404,0.8847703464947623,560,681,1241,0.0,0.0008333472224535399,0.8840451248992769,-8.058017727639034e-05
34458,28.715478591309857,0.8863819500402901,560,681,1241,0.0016116035455278066,0.0008333472224535399,0.8840451248992769,0.0
34459,28.71631193853231,0.8855761482675262,560,681,1241,-0.0008058017727639033,0.0008333472224535399,0.8842062852538298,0.00016116035455278067
34460,28.717145285754764,0.8855761482675262,560,681,1241,0.0,0.0008333472224535399,0.8843674456083827,0.00016116035455278067
34461,28.717978632977218,0.8847703464947623,560,681,1241,-0.0008058017727639033,0.0008333472224535399,0.8843674456083829,0.0
34462,28.71881198019967,0.8855761482675262,560,681,1241,0.0008058017727639033,0.0008333472224535399,0.8846897663174884,0.00032232070910556134
34463,28.719645327422125,0.8847703464947623,560,681,1241,-0.0008058017727639033,0.0008333472224535399,0.8849315068493177,0.00024174053182917098
34464,28.72047867464458,0.8855761482675262,560,681,1241,0.0008058017727639033,0.0008333472224535399,0.8851732473811469,0.00024174053182917098
34465,28.721312021867032,0.8847703464947623,560,681,1241,-0.0008058017727639033,0.0008333472224535399,0.8852538275584234,8.058017727639034e-05
34466,28.722145369089485,0.8855761482675262,560,681,1241,0.0008058017727639033,0.0008333472224535399,0.8853344077356997,8.058017727639034e-05
34467,28.72297871631194,0.8847703464947623,560,681,1241,-0.0008058017727639033,0.0008333472224535399,0.8853344077356997,0.0
34468,28.723812063534393,0.8823529411764706,560,681,1241,-0.00241740531829171,0.0008333472224535399,0.8849315068493178,-0.00040290088638195165
34469,28.724645410756846,0.8839645447219984,560,681,1241,0.0016116035455278066,0.0008333472224535399,0.8847703464947649,-0.00016116035455278067
34470,28.7254787579793,0.8823529411764706,560,681,1241,-0.0016116035455278066,0.0008333472224535399,0.8844480257856594,-0.00032232070910556134
34471,28.726312105201753,0.8823529411764706,560,681,1241,0.0,0.0008333472224535399,0.8842062852538302,-0.00024174053182917098
34472,28.727145452424207,0.8823529411764706,560,681,1241,0.0,0.0008333472224535399,0.8838839645447246,-0.00032232070910556134
34473,28.72797879964666,0.8799355358581789,560,681,1241,-0.00241740531829171,0.0008333472224535399,0.8834004834810664,-0.00048348106365834196
34474,28.728812146869117,0.8799355358581789,560,681,1241,0.0,0.0008333472224570926,0.8828364222401316,-0.0005640612409347323
34475,28.72964549409157,0.8799355358581789,560,681,1241,0.0,0.0008333472224535399,0.8823529411764731,-0.00048348106365834196
34476,28.730478841314024,0.878323932312651,560,681,1241,-0.0016116035455278066,0.0008333472224535399,0.8816277195809855,-0.000725221595487513
34477,28.731312188536478,0.8807413376309428,560,681,1241,0.00241740531829171,0.0008333472224535399,0.8812248186946036,-0.00040290088638195165
34478,28.73214553575893,0.8807413376309428,560,681,1241,0.0,0.0008333472224535399,0.8810636583400507,-0.00016116035455278067
34479,28.732978882981385,0.8831587429492345,560,681,1241,0.00241740531829171,0.0008333472224535399,0.8809830781627743,-8.058017727639034e-05
34480,28.73381223020384,0.8831587429492345,560,681,1241,0.0,0.0008333472224535399,0.8810636583400507,8.058017727639034e-05
34481,28.734645577426292,0.8855761482675262,560,681,1241,0.00241740531829171,0.0008333472224535399,0.8813859790491563,0.00032232070910556134
34482,28.735478924648746,0.8855761482675262,560,681,1241,0.0,0.0008333472224535399,0.8817082997582618,0.00032232070910556134
34483,28.7363122718712,0.8855761482675262,560,681,1241,0.0,0.0008333472224535399,0.8822723609991966,0.0005640612409347323
34484,28.737145619093653,0.8847703464947623,560,681,1241,-0.0008058017727639033,0.0008333472224535399,0.8827558420628551,0.00048348106365834196
34485,28.737978966316106,0.8831587429492345,560,681,1241,-0.0016116035455278066,0.0008333472224535399,0.8830781627719606,0.00032232070910556134
34486,28.73881231353856,0.8831587429492345,560,681,1241,0.0,0.0008333472224535399,0.8835616438356191,0.00048348106365834196
34487,28.739645660761013,0.8839645447219984,560,681,1241,0.0008058017727639033,0.0008333472224535399,0.8838839645447246,0.00032232070910556134
34488,28.740479007983467,0.8847703464947623,560,681,1241,0.0008058017727639033,0.0008333472224535399,0.8842868654311067,0.00040290088638195165
34489,28.74131235520592,0.8863819500402901,560,681,1241,0.0016116035455278066,0.0008333472224535399,0.8846091861402122,0.00032232070910556134
34490,28.742145702428374,0.887187751813054,560,681,1241,0.0008058017727639033,0.0008333472224535399,0.8850120870265942,0.00040290088638195165
34491,28.742979049650828,0.8879935535858179,560,681,1241,0.0008058017727639033,0.0008333472224535399,0.8852538275584232,0.00024174053182917098
34492,28.74381239687328,0.8896051571313457,560,681,1241,0.0016116035455278066,0.0008333472224535399,0.8856567284448051,0.00040290088638195165
34493,28.744645744095735,0.8896051571313457,560,681,1241,0.0,0.0008333472224535399,0.886059629331187,0.00040290088638195165
34494,28.745479091318188,0.8904109589041096,560,681,1241,0.0008058017727639033,0.0008333472224535399,0.8866236905721216,0.0005640612409347323
34495,28.746312438540645,0.8928283642224013,560,681,1241,0.00241740531829171,0.0008333472224570926,0.8875906526994383,0.0009669621273166839
34496,28.7471457857631,0.895245769540693,560,681,1241,0.00241740531829171,0.0008333472224535399,0.8887993553585842,0.001208702659145855
34497,28.747979132985552,0.8960515713134569,560,681,1241,0.0008058017727639033,0.0008333472224535399,0.8900080580177301,0.001208702659145855
34498,28.748812480208006,0.8960515713134569,560,681,1241,0.0,0.0008333472224535399,0.8911361804995994,0.0011281224818694645
34499,28.74964582743046,0.8944399677679291,560,681,1241,-0.0016116035455278066,0.0008333472224535399,0.8919419822723634,0.0008058017727639033
34500,28.750479174652913,0.8968573730862208,560,681,1241,0.00241740531829171,0.0008333472224535399,0.8929089443996802,0.0009669621273166839
34501,28.751312521875366,0.8968573730862208,560,681,1241,0.0,0.0008333472224535399,0.8937953263497203,0.0008863819500402936
34502,28.75214586909782,0.8968573730862208,560,681,1241,0.0,0.0008333472224535399,0.8945205479452077,0.000725221595487513
34503,28.752979216320274,0.8984689766317486,560,681,1241,0.0016116035455278066,0.0008333472224535399,0.8954069298952481,0.0008863819500402936
34504,28.753812563542727,0.8960515713134569,560,681,1241,-0.00241740531829171,0.0008333472224535399,0.8959709911361828,0.0005640612409347323
34505,28.75464591076518,0.8984689766317486,560,681,1241,0.00241740531829171,0.0008333472224535399,0.8965350523771176,0.0005640612409347323
34506,28.755479257987634,0.8984689766317486,560,681,1241,0.0,0.0008333472224535399,0.8968573730862233,0.00032232070910556134
34507,28.756312605210088,0.8984689766317486,560,681,1241,0.0,0.0008333472224535399,0.8970991136180524,0.00024174053182917098
34508,28.75714595243254,0.8976631748589847,560,681,1241,-0.0008058017727639033,0.0008333472224535399,0.8972602739726053,0.00016116035455278067
34509,28.757979299654995,0.8976631748589847,560,681,1241,0.0,0.0008333472224535399,0.8975825946817106,0.00032232070910556134
34510,28.75881264687745,0.8976631748589847,560,681,1241,0.0,0.0008333472224535399,0.8976631748589871,8.058017727639034e-05
34511,28.759645994099902,0.8992747784045125,560,681,1241,0.0016116035455278066,0.0008333472224535399,0.8979049153908163,0.00024174053182917098
34512,28.760479341322355,0.9008863819500403,560,681,1241,0.0016116035455278066,0.0008333472224535399,0.8983078162771981,0.00040290088638195165
34513,28.76131268854481,0.9041095890410958,560,681,1241,0.003223207091055502,0.0008333472224535399,0.8988718775181328,0.0005640612409347212
34514,28.762146035767262,0.9065269943593876,560,681,1241,0.00241740531829171,0.0008333472224535399,0.8999194198227258,0.0010475423045930633
34515,28.762979382989716,0.9073327961321515,560,681,1241,0.0008058017727639033,0.0008333472224535399,0.9008058017727659,0.0008863819500402826
34516,28.763812730212173,0.9073327961321515,560,681,1241,0.0,0.0008333472224570926,0.9016921837228061,0.0008863819500402826
34517,28.764646077434627,0.9089443996776793,560,681,1241,0.0016116035455278066,0.0008333472224535399,0.9027397260273992,0.0010475423045930633
34518,28.76547942465708,0.9097502014504432,560,681,1241,0.0008058017727639033,0.0008333472224535399,0.9039484286865449,0.001208702659145844
34519,28.766312771879534,0.9105560032232071,560,681,1241,0.0008058017727639033,0.0008333472224535399,0.9052377115229671,0.001289282836422234
34520,28.767146119101987,0.9121676067687349,560,681,1241,0.0016116035455278066,0.0008333472224535399,0.906688154713942,0.001450443190975015
34521,28.76797946632444,0.911361804995971,560,681,1241,-0.0008058017727639033,0.0008333472224535399,0.9078968573730879,0.001208702659145844
34522,28.768812813546894,0.9121676067687349,560,681,1241,0.0008058017727639033,0.0008333472224535399,0.9090249798549574,0.0011281224818694535
34523,28.769646160769348,0.9145850120870266,560,681,1241,0.00241740531829171,0.0008333472224535399,0.9100725221595507,0.0010475423045930743
34524,28.7704795079918,0.9153908138597905,560,681,1241,0.0008058017727639033,0.0008333472224535399,0.910958904109591,0.0008863819500402936
34525,28.771312855214255,0.9145850120870266,560,681,1241,-0.0008058017727639033,0.0008333472224535399,0.9116841257050787,0.000725221595487513
34526,28.77214620243671,0.9137792103142627,560,681,1241,-0.0008058017727639033,0.0008333472224535399,0.9123287671232898,0.0006446414182111227
34527,28.772979549659162,0.9137792103142627,560,681,1241,0.0,0.0008333472224535399,0.9128122481869481,0.00048348106365834196
34528,28.773812896881616,0.9137792103142627,560,681,1241,0.0,0.0008333472224535399,0.91321514907333,0.00040290088638195165
34529,28.77464624410407,0.9137792103142627,560,681,1241,0.0,0.0008333472224535399,0.9135374697824356,0.00032232070910556134
34530,28.775479591326523,0.9137792103142627,560,681,1241,0.0,0.0008333472224535399,0.9136986301369883,0.00016116035455278067
34531,28.776312938548976,0.9145850120870266,560,681,1241,0.0008058017727639033,0.0008333472224535399,0.9140209508460938,0.00032232070910556134
34532,28.77714628577143,0.9145850120870266,560,681,1241,0.0,0.0008333472224535399,0.914262691377923,0.00024174053182917098
34533,28.777979632993883,0.9145850120870266,560,681,1241,0.0,0.0008333472224535399,0.914262691377923,0.0
34534,28.778812980216337,0.9153908138597905,560,681,1241,0.0008058017727639033,0.0008333472224535399,0.914262691377923,0.0
34535,28.77964632743879,0.9153908138597905,560,681,1241,0.0,0.0008333472224535399,0.9143432715551993,8.058017727639034e-05
34536,28.780479674661244,0.9170024174053183,560,681,1241,0.0016116035455278066,0.0008333472224535399,0.9146655922643049,0.00032232070910556134
34537,28.7813130218837,0.9161966156325544,560,681,1241,-0.0008058017727639033,0.0008333472224570926,0.9149073327961341,0.00024174053182917098
34538,28.782146369106155,0.9161966156325544,560,681,1241,0.0,0.0008333472224535399,0.9151490733279634,0.00024174053182917098
34539,28.782979716328608,0.9161966156325544,560,681,1241,0.0,0.0008333472224535399,0.9153908138597926,0.00024174053182917098
34540,28.78381306355106,0.9153908138597905,560,681,1241,-0.0008058017727639033,0.0008333472224535399,0.9155519742143454,0.00016116035455278067
34541,28.784646410773515,0.9161966156325544,560,681,1241,0.0008058017727639033,0.0008333472224535399,0.9157131345688981,0.00016116035455278067
34542,28.78547975799597,0.9178082191780822,560,681,1241,0.0016116035455278066,0.0008333472224535399,0.9160354552780037,0.00032232070910556134
34543,28.786313105218422,0.9186140209508461,560,681,1241,0.0008058017727639033,0.0008333472224535399,0.9164383561643856,0.00040290088638195165
34544,28.787146452440876,0.9186140209508461,560,681,1241,0.0,0.0008333472224535399,0.9167606768734912,0.00032232070910556134
34545,28.78797979966333,0.9178082191780822,560,681,1241,-0.0008058017727639033,0.0008333472224535399,0.9170024174053204,0.00024174053182917098
34546,28.788813146885783,0.9170024174053183,560,681,1241,-0.0008058017727639033,0.0008333472224535399,0.9170024174053204,0.0
34547,28.789646494108236,0.9186140209508461,560,681,1241,0.0016116035455278066,0.0008333472224535399,0.9172441579371495,0.00024174053182917098
34548,28.79047984133069,0.9178082191780822,560,681,1241,-0.0008058017727639033,0.0008333472224535399,0.9174053182917025,0.00016116035455278067
34549,28.791313188553143,0.9178082191780822,560,681,1241,0.0,0.0008333472224535399,0.9175664786462553,0.00016116035455278067
34550,28.792146535775597,0.9170024174053183,560,681,1241,-0.0008058017727639033,0.0008333472224535399,0.917727639000808,0.00016116035455278067
34551,28.79297988299805,0.9153908138597905,560,681,1241,-0.0016116035455278066,0.0008333472224535399,0.9176470588235317,-8.058017727639034e-05
34552,28.793813230220504,0.9153908138597905,560,681,1241,0.0,0.0008333472224535399,0.9174053182917025,-0.00024174053182917098
34553,28.794646577442958,0.9153908138597905,560,681,1241,0.0,0.0008333472224535399,0.9170829975825969,-0.00032232070910556134
34554,28.79547992466541,0.9178082191780822,560,681,1241,0.00241740531829171,0.0008333472224535399,0.9170024174053205,-8.058017727639034e-05
34555,28.796313271887865,0.9186140209508461,560,681,1241,0.0008058017727639033,0.0008333472224535399,0.9170829975825969,8.058017727639034e-05
34556,28.79714661911032,0.91941982272361,560,681,1241,0.0008058017727639033,0.0008333472224535399,0.917324738114426,0.00024174053182917098
34557,28.797979966332772,0.91941982272361,560,681,1241,0.0,0.0008333472224535399,0.9174053182917025,8.058017727639034e-05
34558,28.79881331355523,0.9178082191780822,560,681,1241,-0.0016116035455278066,0.0008333472224570926,0.9174053182917025,0.0
34559,28.799646660777682,0.9178082191780822,560,681,1241,0.0,0.0008333472224535399,0.9174053182917025,0.0
34560,28.800480008000136,0.9178082191780822,560,681,1241,0.0,0.0008333472224535399,0.917485898468979,8.058017727639034e-05
34561,28.80131335522259,0.9161966156325544,560,681,1241,-0.0016116035455278066,0.0008333472224535399,0.9175664786462553,8.058017727639034e-05
34562,28.802146702445043,0.9161966156325544,560,681,1241,0.0,0.0008333472224535399,0.9176470588235317,8.058017727639034e-05
34563,28.802980049667497,0.9153908138597905,560,681,1241,-0.0008058017727639033,0.0008333472224535399,0.9176470588235317,0.0
34564,28.80381339688995,0.9137792103142627,560,681,1241,-0.0016116035455278066,0.0008333472224535399,0.9172441579371495,-0.00040290088638195165
34565,28.804646744112404,0.9137792103142627,560,681,1241,0.0,0.0008333472224535399,0.9167606768734912,-0.00048348106365834196
34566,28.805480091334857,0.9145850120870266,560,681,1241,0.0008058017727639033,0.0008333472224535399,0.9162771958098329,-0.00048348106365834196
34567,28.80631343855731,0.9153908138597905,560,681,1241,0.0008058017727639033,0.0008333472224535399,0.915874294923451,-0.00040290088638195165
34568,28.807146785779764,0.9145850120870266,560,681,1241,-0.0008058017727639033,0.0008333472224535399,0.9155519742143454,-0.00032232070910556134
34569,28.807980133002218,0.9145850120870266,560,681,1241,0.0,0.0008333472224535399,0.9152296535052399,-0.00032232070910556134
34570,28.80881348022467,0.9153908138597905,560,681,1241,0.0008058017727639033,0.0008333472224535399,0.9149879129734106,-0.00024174053182917098
34571,28.809646827447125,0.9161966156325544,560,681,1241,0.0008058017727639033,0.0008333472224535399,0.9149879129734106,0.0
34572,28.81048017466958,0.9153908138597905,560,681,1241,-0.0008058017727639033,0.0008333472224535399,0.9149073327961343,-8.058017727639034e-05
34573,28.811313521892032,0.9137792103142627,560,681,1241,-0.0016116035455278066,0.0008333472224535399,0.9147461724415814,-0.00016116035455278067
34574,28.812146869114486,0.9153908138597905,560,681,1241,0.0016116035455278066,0.0008333472224535399,0.9149073327961343,0.00016116035455278067
34575,28.81298021633694,0.9153908138597905,560,681,1241,0.0,0.0008333472224535399,0.9150684931506872,0.00016116035455278067
34576,28.813813563559393,0.9161966156325544,560,681,1241,0.0008058017727639033,0.0008333472224535399,0.9152296535052399,0.00016116035455278067
34577,28.814646910781846,0.9161966156325544,560,681,1241,0.0,0.0008333472224535399,0.9153102336825162,8.058017727639034e-05
34578,28.8154802580043,0.9161966156325544,560,681,1241,0.0,0.0008333472224535399,0.9154713940370689,0.00016116035455278067
34579,28.816313605226753,0.9153908138597905,560,681,1241,-0.0008058017727639033,0.0008333472224535399,0.9155519742143452,8.058017727639034e-05
34580,28.81714695244921,0.9178082191780822,560,681,1241,0.00241740531829171,0.0008333472224570926,0.9157937147461744,0.00024174053182917098
34581,28.817980299671664,0.9178082191780822,560,681,1241,0.0,0.0008333472224535399,0.9159548751007274,0.00016116035455278067
34582,28.818813646894117,0.9186140209508461,560,681,1241,0.0008058017727639033,0.0008333472224535399,0.9162771958098329,0.00032232070910556134
34583,28.81964699411657,0.9186140209508461,560,681,1241,0.0,0.0008333472224535399,0.9167606768734913,0.00048348106365834196
34584,28.820480341339024,0.9186140209508461,560,681,1241,0.0,0.0008333472224535399,0.9170829975825969,0.00032232070910556134
34585,28.821313688561478,0.9186140209508461,560,681,1241,0.0,0.0008333472224535399,0.9174053182917025,0.00032232070910556134
34586,28.82214703578393,0.9210314262691378,560,681,1241,0.00241740531829171,0.0008333472224535399,0.9178887993553608,0.00048348106365834196
34587,28.822980383006385,0.9210314262691378,560,681,1241,0.0,0.0008333472224535399,0.9183722804190193,0.00048348106365834196
34588,28.82381373022884,0.9226430298146656,560,681,1241,0.0016116035455278066,0.0008333472224535399,0.9190169218372304,0.0006446414182111227
34589,28.824647077451292,0.9242546333601934,560,681,1241,0.0016116035455278066,0.0008333472224535399,0.9199033037872708,0.0008863819500402936
34590,28.825480424673746,0.9258662369057212,560,681,1241,0.0016116035455278066,0.0008333472224535399,0.9207091055600346,0.0008058017727639033
34591,28.8263137718962,0.9250604351329573,560,681,1241,-0.0008058017727639033,0.0008333472224535399,0.9214343271555221,0.000725221595487513
34592,28.827147119118653,0.9250604351329573,560,681,1241,0.0,0.0008333472224535399,0.9220789685737332,0.0006446414182111227
34593,28.827980466341106,0.9242546333601934,560,681,1241,-0.0008058017727639033,0.0008333472224535399,0.922643029814668,0.0005640612409347323
34594,28.82881381356356,0.9250604351329573,560,681,1241,0.0008058017727639033,0.0008333472224535399,0.923287671232879,0.0006446414182111227
34595,28.829647160786013,0.9250604351329573,560,681,1241,0.0,0.0008333472224535399,0.9239323126510902,0.0006446414182111227
34596,28.830480508008467,0.9258662369057212,560,681,1241,0.0008058017727639033,0.0008333472224535399,0.9244157937147485,0.00048348106365834196
34597,28.83131385523092,0.9258662369057212,560,681,1241,0.0,0.0008333472224535399,0.9248992747784067,0.00048348106365834196
34598,28.832147202453374,0.9258662369057212,560,681,1241,0.0,0.0008333472224535399,0.9252215954875123,0.00032232070910556134
34599,28.832980549675828,0.9242546333601934,560,681,1241,-0.0016116035455278066,0.0008333472224535399,0.9252215954875123,0.0
34600,28.83381389689828,0.9242546333601934,560,681,1241,0.0,0.0008333472224535399,0.9250604351329595,-0.00016116035455278067
34601,28.834647244120738,0.9226430298146656,560,681,1241,-0.0016116035455278066,0.0008333472224570926,0.9248186946011303,-0.00024174053182917098
34602,28.83548059134319,0.9226430298146656,560,681,1241,0.0,0.0008333472224535399,0.9245769540693012,-0.00024174053182917098
34603,28.836313938565645,0.9218372280419017,560,681,1241,-0.0008058017727639033,0.0008333472224535399,0.924335213537472,-0.00024174053182917098
34604,28.8371472857881,0.9234488315874295,560,681,1241,0.0016116035455278066,0.0008333472224535399,0.924174053182919,-0.00016116035455278067
34605,28.837980633010552,0.9234488315874295,560,681,1241,0.0,0.0008333472224535399,0.9240128928283662,-0.00016116035455278067
34606,28.838813980233006,0.9234488315874295,560,681,1241,0.0,0.0008333472224535399,0.923771152296537,-0.00024174053182917098
34607,28.83964732745546,0.9242546333601934,560,681,1241,0.0008058017727639033,0.0008333472224535399,0.9236099919419842,-0.00016116035455278067
34608,28.840480674677913,0.9242546333601934,560,681,1241,0.0,0.0008333472224535399,0.9234488315874316,-0.00016116035455278067
34609,28.841314021900367,0.9242546333601934,560,681,1241,0.0,0.0008333472224535399,0.9234488315874316,0.0
34610,28.84214736912282,0.9242546333601934,560,681,1241,0.0,0.0008333472224535399,0.9234488315874316,0.0
34611,28.842980716345274,0.9250604351329573,560,681,1241,0.0008058017727639033,0.0008333472224535399,0.9236905721192608,0.00024174053182917098
34612,28.843814063567727,0.9242546333601934,560,681,1241,-0.0008058017727639033,0.0008333472224535399,0.9238517324738137,0.00016116035455278067
34613,28.84464741079018,0.9242546333601934,560,681,1241,0.0,0.0008333472224535399,0.9240934730056429,0.00024174053182917098
34614,28.845480758012634,0.9242546333601934,560,681,1241,0.0,0.0008333472224535399,0.9241740531829195,8.058017727639034e-05
34615,28.846314105235088,0.9250604351329573,560,681,1241,0.0008058017727639033,0.0008333472224535399,0.9243352135374723,0.00016116035455278067
34616,28.84714745245754,0.9258662369057212,560,681,1241,0.0008058017727639033,0.0008333472224535399,0.9245769540693015,0.00024174053182917098
34617,28.847980799679995,0.9250604351329573,560,681,1241,-0.0008058017727639033,0.0008333472224535399,0.9246575342465778,8.058017727639034e-05
34618,28.84881414690245,0.9258662369057212,560,681,1241,0.0008058017727639033,0.0008333472224535399,0.9248186946011305,0.00016116035455278067
34619,28.849647494124902,0.9258662369057212,560,681,1241,0.0,0.0008333472224535399,0.9249798549556832,0.00016116035455278067
34620,28.850480841347355,0.9258662369057212,560,681,1241,0.0,0.0008333472224535399,0.925141015310236,0.00016116035455278067
34621,28.85131418856981,0.9266720386784851,560,681,1241,0.0008058017727639033,0.0008333472224535399,0.9253021756647886,0.00016116035455278067
34622,28.852147535792266,0.9266720386784851,560,681,1241,0.0,0.0008333472224570926,0.9255439161966177,0.00024174053182917098
34623,28.85298088301472,0.9266720386784851,560,681,1241,0.0,0.0008333472224535399,0.9257856567284467,0.00024174053182917098
34624,28.853814230237173,0.9242546333601934,560,681,1241,-0.00241740531829171,0.0008333472224535399,0.9257856567284467,0.0
34625,28.854647577459627,0.9226430298146656,560,681,1241,-0.0016116035455278066,0.0008333472224535399,0.9255439161966175,-0.00024174053182917098
34626,28.85548092468208,0.9242546333601934,560,681,1241,0.0016116035455278066,0.0008333472224535399,0.9253827558420648,-0.00016116035455278067
34627,28.856314271904534,0.9250604351329573,560,681,1241,0.0008058017727639033,0.0008333472224535399,0.9253827558420648,0.0
34628,28.857147619126987,0.9242546333601934,560,681,1241,-0.0008058017727639033,0.0008333472224535399,0.925221595487512,-0.00016116035455278067
34629,28.85798096634944,0.9258662369057212,560,681,1241,0.0016116035455278066,0.0008333472224535399,0.925221595487512,0.0
34630,28.858814313571894,0.9266720386784851,560,681,1241,0.0008058017727639033,0.0008333472224535399,0.9253021756647885,8.058017727639034e-05
34631,28.859647660794348,0.9282836422240129,560,681,1241,0.0016116035455278066,0.0008333472224535399,0.9254633360193413,0.00016116035455278067
34632,28.8604810080168,0.9282836422240129,560,681,1241,0.0,0.0008333472224535399,0.9256244963738942,0.00016116035455278067
34633,28.861314355239255,0.9282836422240129,560,681,1241,0.0,0.0008333472224535399,0.925785656728447,0.00016116035455278067
34634,28.86214770246171,0.9282836422240129,560,681,1241,0.0,0.0008333472224535399,0.926188557614829,0.00040290088638195165
34635,28.862981049684162,0.9290894439967768,560,681,1241,0.0008058017727639033,0.0008333472224535399,0.9268331990330401,0.0006446414182111227
34636,28.863814396906616,0.9290894439967768,560,681,1241,0.0,0.0008333472224535399,0.9273166800966983,0.00048348106365834196
34637,28.86464774412907,0.9282836422240129,560,681,1241,-0.0008058017727639033,0.0008333472224535399,0.9276390008058039,0.00032232070910556134
34638,28.865481091351523,0.9290894439967768,560,681,1241,0.0008058017727639033,0.0008333472224535399,0.9281224818694621,0.00048348106365834196
34639,28.866314438573976,0.9290894439967768,560,681,1241,0.0,0.0008333472224535399,0.9284448025785677,0.00032232070910556134
34640,28.86714778579643,0.9290894439967768,560,681,1241,0.0,0.0008333472224535399,0.9286865431103969,0.00024174053182917098
34641,28.867981133018883,0.9282836422240129,560,681,1241,-0.0008058017727639033,0.0008333472224535399,0.9286865431103969,0.0
34642,28.868814480241337,0.9266720386784851,560,681,1241,-0.0016116035455278066,0.0008333472224535399,0.9285253827558441,-0.00016116035455278067
34643,28.869647827463794,0.927477840451249,560,681,1241,0.0008058017727639033,0.0008333472224570926,0.9284448025785677,-8.058017727639034e-05
34644,28.870481174686248,0.9266720386784851,560,681,1241,-0.0008058017727639033,0.0008333472224535399,0.9282836422240148,-0.00016116035455278067
34645,28.8713145219087,0.9258662369057212,560,681,1241,-0.0008058017727639033,0.0008333472224535399,0.9279613215149093,-0.00032232070910556134
34646,28.872147869131155,0.9250604351329573,560,681,1241,-0.0008058017727639033,0.0008333472224535399,0.9275584206285273,-0.00040290088638195165
34647,28.872981216353608,0.9242546333601934,560,681,1241,-0.0008058017727639033,0.0008333472224535399,0.9271555197421455,-0.00040290088638195165
34648,28.87381456357606,0.9266720386784851,560,681,1241,0.00241740531829171,0.0008333472224535399,0.9269137792103163,-0.00024174053182917098
34649,28.874647910798515,0.9290894439967768,560,681,1241,0.00241740531829171,0.0008333472224535399,0.9269137792103163,0.0
34650,28.87548125802097,0.9290894439967768,560,681,1241,0.0,0.0008333472224535399,0.9269137792103163,0.0
34651,28.876314605243422,0.9290894439967768,560,681,1241,0.0,0.0008333472224535399,0.9269943593875926,8.058017727639034e-05
34652,28.877147952465876,0.9307010475423045,560,681,1241,0.0016116035455276956,0.0008333472224535399,0.9273972602739746,0.00040290088638194054
34653,28.87798129968833,0.9282836422240129,560,681,1241,-0.002417405318291599,0.0008333472224535399,0.927477840451251,8.058017727639034e-05
34654,28.878814646910783,0.9282836422240129,560,681,1241,0.0,0.0008333472224535399,0.9276390008058039,0.00016116035455278067
34655,28.879647994133236,0.9298952457695407,560,681,1241,0.0016116035455278066,0.0008333472224535399,0.9280419016921858,0.00040290088638195165
34656,28.88048134135569,0.9307010475423045,560,681,1241,0.0008058017727637923,0.0008333472224535399,0.9286059629331206,0.0005640612409347212
34657,28.881314688578144,0.9315068493150684,560,681,1241,0.0008058017727639033,0.0008333472224535399,0.9293311845286081,0.0007252215954875018
34658,28.882148035800597,0.9307010475423045,560,681,1241,-0.0008058017727639033,0.0008333472224535399,0.9297340854149901,0.00040290088638194054
34659,28.88298138302305,0.9307010475423045,560,681,1241,0.0,0.0008333472224535399,0.929895245769543,0.00016116035455276956
34660,28.883814730245504,0.9307010475423045,560,681,1241,0.0,0.0008333472224535399,0.9300564061240959,0.00016116035455276956
34661,28.884648077467958,0.9323126510878323,560,681,1241,0.0016116035455278066,0.0008333472224535399,0.9303787268332014,0.00032232070910555023
34662,28.88548142469041,0.9323126510878323,560,681,1241,0.0,0.0008333472224535399,0.9305398871877542,0.00016116035455278067
34663,28.886314771912865,0.9307010475423045,560,681,1241,-0.0016116035455278066,0.0008333472224535399,0.9307816277195833,0.0002417405318291599
34664,28.887148119135322,0.9307010475423045,560,681,1241,0.0,0.0008333472224570926,0.9310233682514125,0.0002417405318291599
34665,28.887981466357775,0.9315068493150684,560,681,1241,0.0008058017727639033,0.0008333472224535399,0.9311845286059655,0.00016116035455276956
34666,28.88881481358023,0.9315068493150684,560,681,1241,0.0,0.0008333472224535399,0.9312651087832418,8.058017727639034e-05
34667,28.889648160802682,0.9315068493150684,560,681,1241,0.0,0.0008333472224535399,0.9312651087832418,0.0
34668,28.890481508025136,0.9315068493150684,560,681,1241,0.0,0.0008333472224535399,0.9313456889605181,8.058017727639034e-05
34669,28.89131485524759,0.9315068493150684,560,681,1241,0.0,0.0008333472224535399,0.9314262691377945,8.058017727639034e-05
34670,28.892148202470043,0.9290894439967768,560,681,1241,-0.002417405318291599,0.0008333472224535399,0.9312651087832415,-0.00016116035455276956
34671,28.892981549692497,0.9298952457695407,560,681,1241,0.0008058017727639033,0.0008333472224535399,0.9310233682514124,-0.0002417405318291599
34672,28.89381489691495,0.9315068493150684,560,681,1241,0.0016116035455276956,0.0008333472224535399,0.930942788074136,-8.058017727639034e-05
34673,28.894648244137404,0.9307010475423045,560,681,1241,-0.0008058017727639033,0.0008333472224535399,0.930942788074136,0.0
34674,28.895481591359857,0.9298952457695407,560,681,1241,-0.0008058017727637923,0.0008333472224535399,0.9308622078968595,-8.058017727637922e-05
34675,28.89631493858231,0.9298952457695407,560,681,1241,0.0,0.0008333472224535399,0.9307010475423066,-0.00016116035455276956
34676,28.897148285804764,0.9307010475423045,560,681,1241,0.0008058017727637923,0.0008333472224535399,0.9306204673650302,-8.058017727639034e-05
34677,28.897981633027218,0.9298952457695407,560,681,1241,-0.0008058017727637923,0.0008333472224535399,0.9304593070104774,-0.00016116035455276956
34678,28.89881498024967,0.9298952457695407,560,681,1241,0.0,0.0008333472224535399,0.9302981466559246,-0.00016116035455276956
34679,28.899648327472125,0.9307010475423045,560,681,1241,0.0008058017727637923,0.0008333472224535399,0.9302175664786482,-8.058017727639034e-05
34680,28.90048167469458,0.9323126510878323,560,681,1241,0.0016116035455278066,0.0008333472224535399,0.9305398871877537,0.00032232070910555023
34681,28.901315021917032,0.9331184528605962,560,681,1241,0.0008058017727639033,0.0008333472224535399,0.9308622078968594,0.00032232070910555023
34682,28.902148369139486,0.9339242546333602,560,681,1241,0.0008058017727639033,0.0008333472224535399,0.9311039484286885,0.00024174053182917098
34683,28.90298171636194,0.935535858178888,560,681,1241,0.0016116035455278066,0.0008333472224535399,0.9315874294923467,0.00048348106365834196
34684,28.903815063584393,0.935535858178888,560,681,1241,0.0,0.0008333472224535399,0.9321514907332815,0.0005640612409347212
34685,28.90464841080685,0.935535858178888,560,681,1241,0.0,0.0008333472224570926,0.9327155519742163,0.0005640612409347212
34686,28.905481758029303,0.9363416599516519,560,681,1241,0.0008058017727639033,0.0008333472224535399,0.933279613215151,0.0005640612409347323
34687,28.906315105251757,0.935535858178888,560,681,1241,-0.0008058017727639033,0.0008333472224535399,0.9338436744560857,0.0005640612409347212
34688,28.90714845247421,0.9371474617244158,560,681,1241,0.0016116035455278066,0.0008333472224535399,0.9345688960515733,0.0007252215954875018
34689,28.907981799696664,0.9379532634971797,560,681,1241,0.0008058017727639033,0.0008333472224535399,0.9352941176470608,0.000725221595487513
34690,28.908815146919117,0.9387590652699436,560,681,1241,0.0008058017727639033,0.0008333472224535399,0.9359387590652719,0.0006446414182111227
34691,28.90964849414157,0.9387590652699436,560,681,1241,0.0,0.0008333472224535399,0.9365028203062067,0.0005640612409347323
34692,28.910481841364025,0.9387590652699436,560,681,1241,0.0,0.0008333472224535399,0.9369863013698649,0.00048348106365834196
34693,28.911315188586478,0.9395648670427075,560,681,1241,0.0008058017727639033,0.0008333472224535399,0.9373892022562469,0.00040290088638195165
34694,28.91214853580893,0.9387590652699436,560,681,1241,-0.0008058017727639033,0.0008333472224535399,0.9377115229653524,0.00032232070910556134
34695,28.912981883031385,0.9387590652699436,560,681,1241,0.0,0.0008333472224535399,0.938033843674458,0.00032232070910556134
34696,28.91381523025384,0.9395648670427075,560,681,1241,0.0008058017727639033,0.0008333472224535399,0.9383561643835636,0.00032232070910556134
34697,28.914648577476292,0.9403706688154714,560,681,1241,0.0008058017727639033,0.0008333472224535399,0.938839645447222,0.00048348106365834196
34698,28.915481924698746,0.9403706688154714,560,681,1241,0.0,0.0008333472224535399,0.9391619661563275,0.00032232070910556134
34699,28.9163152719212,0.9403706688154714,560,681,1241,0.0,0.0008333472224535399,0.9394037066881568,0.00024174053182917098
34700,28.917148619143653,0.9395648670427075,560,681,1241,-0.0008058017727639033,0.0008333472224535399,0.9394842868654332,8.058017727639034e-05
34701,28.917981966366106,0.9403706688154714,560,681,1241,0.0008058017727639033,0.0008333472224535399,0.939645447219986,0.00016116035455278067
34702,28.91881531358856,0.9395648670427075,560,681,1241,-0.0008058017727639033,0.0008333472224535399,0.9397260273972623,8.058017727639034e-05
34703,28.919648660811013,0.9387590652699436,560,681,1241,-0.0008058017727639033,0.0008333472224535399,0.939645447219986,-8.058017727639034e-05
34704,28.920482008033467,0.9387590652699436,560,681,1241,0.0,0.0008333472224535399,0.939645447219986,0.0
34705,28.92131535525592,0.9395648670427075,560,681,1241,0.0008058017727639033,0.0008333472224535399,0.9397260273972623,8.058017727639034e-05
34706,28.922148702478374,0.9395648670427075,560,681,1241,0.0,0.0008333472224535399,0.9397260273972623,0.0
34707,28.92298204970083,0.9403706688154714,560,681,1241,0.0008058017727639033,0.0008333472224570926,0.9397260273972623,0.0
34708,28.923815396923285,0.9403706688154714,560,681,1241,0.0,0.0008333472224535399,0.9397260273972623,0.0
34709,28.92464874414574,0.9395648670427075,560,681,1241,-0.0008058017727639033,0.0008333472224535399,0.9396454472199858,-8.058017727639034e-05
34710,28.925482091368192,0.9395648670427075,560,681,1241,0.0,0.0008333472224535399,0.9396454472199858,0.0
34711,28.926315438590645,0.9379532634971797,560,681,1241,-0.0016116035455278066,0.0008333472224535399,0.9394037066881566,-0.00024174053182917098
34712,28.9271487858131,0.9379532634971797,560,681,1241,0.0,0.0008333472224535399,0.9392425463336039,-0.00016116035455278067
34713,28.927982133035552,0.9379532634971797,560,681,1241,0.0,0.0008333472224535399,0.9391619661563275,-8.058017727639034e-05
34714,28.928815480258006,0.9395648670427075,560,681,1241,0.0016116035455278066,0.0008333472224535399,0.9392425463336039,8.058017727639034e-05
34715,28.92964882748046,0.9395648670427075,560,681,1241,0.0,0.0008333472224535399,0.9392425463336039,0.0
34716,28.930482174702913,0.9387590652699436,560,681,1241,-0.0008058017727639033,0.0008333472224535399,0.9391619661563275,-8.058017727639034e-05
34717,28.931315521925367,0.9379532634971797,560,681,1241,-0.0008058017727639033,0.0008333472224535399,0.9389202256244984,-0.00024174053182917098
34718,28.93214886914782,0.9379532634971797,560,681,1241,0.0,0.0008333472224535399,0.9386784850926692,-0.00024174053182917098
34719,28.932982216370274,0.9371474617244158,560,681,1241,-0.0008058017727639033,0.0008333472224535399,0.9384367445608401,-0.00024174053182917098
34720,28.933815563592727,0.9363416599516519,560,681,1241,-0.0008058017727639033,0.0008333472224535399,0.9381144238517345,-0.00032232070910556134
34721,28.93464891081518,0.9363416599516519,560,681,1241,0.0,0.0008333472224535399,0.9379532634971817,-0.00016116035455278067
34722,28.935482258037634,0.9363416599516519,560,681,1241,0.0,0.0008333472224535399,0.9377921031426288,-0.00016116035455278067
34723,28.936315605260088,0.9363416599516519,560,681,1241,0.0,0.0008333472224535399,0.9376309427880759,-0.00016116035455278067
34724,28.93714895248254,0.935535858178888,560,681,1241,-0.0008058017727639033,0.0008333472224535399,0.9372280419016941,-0.00040290088638195165
34725,28.937982299704995,0.934730056406124,560,681,1241,-0.0008058017727639033,0.0008333472224535399,0.9367445608380358,-0.00048348106365834196
34726,28.93881564692745,0.934730056406124,560,681,1241,0.0,0.0008333472224535399,0.9363416599516539,-0.00040290088638195165
34727,28.939648994149902,0.9363416599516519,560,681,1241,0.0016116035455278066,0.0008333472224535399,0.936180499597101,-0.00016116035455278067
34728,28.94048234137236,0.9371474617244158,560,681,1241,0.0008058017727639033,0.0008333472224570926,0.9360999194198246,-8.058017727639034e-05
34729,28.941315688594813,0.9363416599516519,560,681,1241,-0.0008058017727639033,0.0008333472224535399,0.9360193392425481,-8.058017727639034e-05
34730,28.942149035817266,0.9371474617244158,560,681,1241,0.0008058017727639033,0.0008333472224535399,0.9360999194198246,8.058017727639034e-05
34731,28.94298238303972,0.9387590652699436,560,681,1241,0.0016116035455278066,0.0008333472224535399,0.9363416599516539,0.00024174053182917098
34732,28.943815730262173,0.9379532634971797,560,681,1241,-0.0008058017727639033,0.0008333472224535399,0.9365028203062067,0.00016116035455278067
34733,28.944649077484627,0.9387590652699436,560,681,1241,0.0008058017727639033,0.0008333472224535399,0.9367445608380359,0.00024174053182917098
34734,28.94548242470708,0.9395648670427075,560,681,1241,0.0008058017727639033,0.0008333472224535399,0.9371474617244179,0.00040290088638195165
34735,28.946315771929534,0.9379532634971797,560,681,1241,-0.0016116035455278066,0.0008333472224535399,0.9374697824335234,0.00032232070910556134
34736,28.947149119151987,0.9363416599516519,560,681,1241,-0.0016116035455278066,0.0008333472224535399,0.9376309427880761,0.00016116035455278067
34737,28.94798246637444,0.9371474617244158,560,681,1241,0.0008058017727639033,0.0008333472224535399,0.9377115229653527,8.058017727639034e-05
34738,28.948815813596894,0.9387590652699436,560,681,1241,0.0016116035455278066,0.0008333472224535399,0.9378726833199054,0.00016116035455278067
34739,28.949649160819348,0.9395648670427075,560,681,1241,0.0008058017727639033,0.0008333472224535399,0.9381950040290109,0.00032232070910556134
34740,28.9504825080418,0.9395648670427075,560,681,1241,0.0,0.0008333472224535399,0.9384367445608399,0.00024174053182917098
34741,28.951315855264255,0.9403706688154714,560,681,1241,0.0008058017727639033,0.0008333472224535399,0.9385979049153927,0.00016116035455278067
34742,28.95214920248671,0.9403706688154714,560,681,1241,0.0,0.0008333472224535399,0.938839645447222,0.00024174053182917098
34743,28.952982549709162,0.9403706688154714,560,681,1241,0.0,0.0008333472224535399,0.9390008058017749,0.00016116035455278067
34744,28.953815896931616,0.9395648670427075,560,681,1241,-0.0008058017727639033,0.0008333472224535399,0.9390008058017749,0.0
34745,28.95464924415407,0.9379532634971797,560,681,1241,-0.0016116035455278066,0.0008333472224535399,0.9390008058017749,0.0
34746,28.955482591376523,0.9379532634971797,560,681,1241,0.0,0.0008333472224535399,0.9391619661563277,0.00016116035455278067
34747,28.956315938598976,0.9379532634971797,560,681,1241,0.0,0.0008333472224535399,0.939242546333604,8.058017727639034e-05
34748,28.95714928582143,0.9379532634971797,560,681,1241,0.0,0.0008333472224535399,0.9391619661563277,-8.058017727639034e-05
34749,28.957982633043887,0.9387590652699436,560,681,1241,0.0008058017727639033,0.0008333472224570926,0.9390813859790514,-8.058017727639034e-05
34750,28.95881598026634,0.9379532634971797,560,681,1241,-0.0008058017727639033,0.0008333472224535399,0.9389202256244987,-0.00016116035455278067
34751,28.959649327488794,0.9363416599516519,560,681,1241,-0.0016116035455278066,0.0008333472224535399,0.9385173247381167,-0.00040290088638195165
34752,28.960482674711248,0.935535858178888,560,681,1241,-0.0008058017727639033,0.0008333472224535399,0.9380338436744582,-0.00048348106365834196
34753,28.9613160219337,0.9363416599516519,560,681,1241,0.0008058017727639033,0.0008333472224535399,0.9376309427880761,-0.00040290088638195165
34754,28.962149369156155,0.9371474617244158,560,681,1241,0.0008058017727639033,0.0008333472224535399,0.9373892022562471,-0.00024174053182917098
34755,28.962982716378608,0.9379532634971797,560,681,1241,0.0008058017727639033,0.0008333472224535399,0.9373892022562471,0.0
34756,28.96381606360106,0.9387590652699436,560,681,1241,0.0008058017727639033,0.0008333472224535399,0.9374697824335234,8.058017727639034e-05
34757,28.964649410823515,0.9387590652699436,560,681,1241,0.0,0.0008333472224535399,0.9375503626107997,8.058017727639034e-05
34758,28.96548275804597,0.9387590652699436,560,681,1241,0.0,0.0008333472224535399,0.9376309427880761,8.058017727639034e-05
34759,28.966316105268422,0.9379532634971797,560,681,1241,-0.0008058017727639033,0.0008333472224535399,0.9375503626107997,-8.058017727639034e-05
34760,28.967149452490876,0.9379532634971797,560,681,1241,0.0,0.0008333472224535399,0.9375503626107997,0.0
34761,28.96798279971333,0.9379532634971797,560,681,1241,0.0,0.0008333472224535399,0.9377115229653527,0.00016116035455278067
34762,28.968816146935783,0.9387590652699436,560,681,1241,0.0008058017727639033,0.0008333472224535399,0.9380338436744582,0.00032232070910556134
34763,28.969649494158237,0.9387590652699436,560,681,1241,0.0,0.0008333472224535399,0.9382755842062874,0.00024174053182917098
34764,28.97048284138069,0.9395648670427075,560,681,1241,0.0008058017727639033,0.0008333472224535399,0.9385173247381164,0.00024174053182917098
34765,28.971316188603144,0.9395648670427075,560,681,1241,0.0,0.0008333472224535399,0.9386784850926692,0.00016116035455278067
34766,28.972149535825597,0.9387590652699436,560,681,1241,-0.0008058017727639033,0.0008333472224535399,0.9386784850926692,0.0
34767,28.97298288304805,0.9379532634971797,560,681,1241,-0.0008058017727639033,0.0008333472224535399,0.9385979049153927,-8.058017727639034e-05
34768,28.973816230270504,0.9379532634971797,560,681,1241,0.0,0.0008333472224535399,0.9385173247381164,-8.058017727639034e-05
34769,28.974649577492958,0.9379532634971797,560,681,1241,0.0,0.0008333472224535399,0.9385173247381164,0.0
34770,28.975482924715415,0.9387590652699436,560,681,1241,0.0008058017727639033,0.0008333472224570926,0.9385979049153927,8.058017727639034e-05
34771,28.97631627193787,0.9403706688154714,560,681,1241,0.0016116035455278066,0.0008333472224535399,0.938839645447222,0.00024174053182917098
34772,28.977149619160322,0.9395648670427075,560,681,1241,-0.0008058017727639033,0.0008333472224535399,0.9389202256244984,8.058017727639034e-05
34773,28.977982966382775,0.9395648670427075,560,681,1241,0.0,0.0008333472224535399,0.9390008058017747,8.058017727639034e-05
34774,28.97881631360523,0.9395648670427075,560,681,1241,0.0,0.0008333472224535399,0.9390008058017747,0.0
34775,28.979649660827683,0.9403706688154714,560,681,1241,0.0008058017727639033,0.0008333472224535399,0.9390813859790512,8.058017727639034e-05
34776,28.980483008050136,0.9403706688154714,560,681,1241,0.0,0.0008333472224535399,0.939242546333604,0.00016116035455278067
34777,28.98131635527259,0.9403706688154714,560,681,1241,0.0,0.0008333472224535399,0.9394842868654333,0.00024174053182917098
34778,28.982149702495043,0.9403706688154714,560,681,1241,0.0,0.0008333472224535399,0.9397260273972625,0.00024174053182917098
34779,28.982983049717497,0.9403706688154714,560,681,1241,0.0,0.0008333472224535399,0.9399677679290918,0.00024174053182917098
34780,28.98381639693995,0.9411764705882353,560,681,1241,0.0008058017727639033,0.0008333472224535399,0.940209508460921,0.00024174053182917098
34781,28.984649744162404,0.9419822723609992,560,681,1241,0.0008058017727639033,0.0008333472224535399,0.9403706688154736,0.00016116035455278067
34782,28.985483091384857,0.9419822723609992,560,681,1241,0.0,0.0008333472224535399,0.9406124093473028,0.00024174053182917098
34783,28.98631643860731,0.9427880741337631,560,681,1241,0.0008058017727639033,0.0008333472224535399,0.9409347300564084,0.00032232070910556134
34784,28.987149785829764,0.9427880741337631,560,681,1241,0.0,0.0008333472224535399,0.941257050765514,0.00032232070910556134
34785,28.987983133052218,0.9427880741337631,560,681,1241,0.0,0.0008333472224535399,0.941498791297343,0.00024174053182917098
34786,28.98881648027467,0.9427880741337631,560,681,1241,0.0,0.0008333472224535399,0.9417405318291721,0.00024174053182917098
34787,28.989649827497125,0.9427880741337631,560,681,1241,0.0,0.0008333472224535399,0.9419822723610011,0.00024174053182917098
34788,28.99048317471958,0.9427880741337631,560,681,1241,0.0,0.0008333472224535399,0.9422240128928301,0.00024174053182917098
34789,28.991316521942032,0.9443996776792909,560,681,1241,0.0016116035455278066,0.0008333472224535399,0.942626913779212,0.00040290088638195165
34790,28.992149869164486,0.943593875906527,560,681,1241,-0.0008058017727639033,0.0008333472224535399,0.9428686543110413,0.00024174053182917098
34791,28.992983216386943,0.943593875906527,560,681,1241,0.0,0.0008333472224570926,0.9430298146655941,0.00016116035455278067
34792,28.993816563609396,0.9443996776792909,560,681,1241,0.0008058017727639033,0.0008333472224535399,0.9432715551974233,0.00024174053182917098
34793,28.99464991083185,0.9452054794520548,560,681,1241,0.0008058017727639033,0.0008333472224535399,0.9435132957292526,0.00024174053182917098
34794,28.995483258054303,0.9443996776792909,560,681,1241,-0.0008058017727639033,0.0008333472224535399,0.9436744560838054,0.00016116035455278067
34795,28.996316605276757,0.9443996776792909,560,681,1241,0.0,0.0008333472224535399,0.9438356164383583,0.00016116035455278067
34796,28.99714995249921,0.9452054794520548,560,681,1241,0.0008058017727639033,0.0008333472224535399,0.9440773569701875,0.00024174053182917098
34797,28.997983299721664,0.9452054794520548,560,681,1241,0.0,0.0008333472224535399,0.9443190975020167,0.00024174053182917098
34798,28.998816646944118,0.9443996776792909,560,681,1241,-0.0008058017727639033,0.0008333472224535399,0.9444802578565696,0.00016116035455278067
34799,28.99964999416657,0.9443996776792909,560,681,1241,0.0,0.0008333472224535399,0.9444802578565696,0.0
34800,29.000483341389025,0.9443996776792909,560,681,1241,0.0,0.0008333472224535399,0.9445608380338459,8.058017727639034e-05
34801,29.001316688611478,0.9443996776792909,560,681,1241,0.0,0.0008333472224535399,0.9446414182111222,8.058017727639034e-05
34802,29.00215003583393,0.9452054794520548,560,681,1241,0.0008058017727639033,0.0008333472224535399,0.9447219983883987,8.058017727639034e-05
34803,29.002983383056385,0.9443996776792909,560,681,1241,-0.0008058017727639033,0.0008333472224535399,0.9446414182111222,-8.058017727639034e-05
34804,29.00381673027884,0.9452054794520548,560,681,1241,0.0008058017727639033,0.0008333472224535399,0.9447219983883987,8.058017727639034e-05
34805,29.004650077501292,0.9452054794520548,560,681,1241,0.0,0.0008333472224535399,0.944802578565675,8.058017727639034e-05
34806,29.005483424723746,0.9452054794520548,560,681,1241,0.0,0.0008333472224535399,0.944802578565675,0.0
34807,29.0063167719462,0.9460112812248187,560,681,1241,0.0008058017727639033,0.0008333472224535399,0.9448831587429514,8.058017727639034e-05
34808,29.007150119168653,0.9452054794520548,560,681,1241,-0.0008058017727639033,0.0008333472224535399,0.9449637389202277,8.058017727639034e-05
34809,29.007983466391106,0.9460112812248187,560,681,1241,0.0008058017727639033,0.0008333472224535399,0.9451248992747804,0.00016116035455278067
34810,29.00881681361356,0.9452054794520548,560,681,1241,-0.0008058017727639033,0.0008333472224535399,0.9452054794520567,8.058017727639034e-05
34811,29.009650160836014,0.943593875906527,560,681,1241,-0.0016116035455278066,0.0008333472224535399,0.9451248992747804,-8.058017727639034e-05
34812,29.010483508058467,0.9443996776792909,560,681,1241,0.0008058017727639033,0.0008333472224535399,0.945044319097504,-8.058017727639034e-05
34813,29.011316855280924,0.9443996776792909,560,681,1241,0.0,0.0008333472224570926,0.945044319097504,0.0
34814,29.012150202503378,0.9452054794520548,560,681,1241,0.0008058017727639033,0.0008333472224535399,0.945044319097504,0.0
34815,29.01298354972583,0.9443996776792909,560,681,1241,-0.0008058017727639033,0.0008333472224535399,0.9449637389202277,-8.058017727639034e-05
34816,29.013816896948285,0.9452054794520548,560,681,1241,0.0008058017727639033,0.0008333472224535399,0.9449637389202277,0.0
34817,29.01465024417074,0.9468170829975826,560,681,1241,0.0016116035455278066,0.0008333472224535399,0.9450443190975042,8.058017727639034e-05
34818,29.015483591393192,0.9476228847703465,560,681,1241,0.0008058017727639033,0.0008333472224535399,0.9452860596293334,0.00024174053182917098
34819,29.016316938615645,0.9476228847703465,560,681,1241,0.0,0.0008333472224535399,0.9454472199838863,0.00016116035455278067
34820,29.0171502858381,0.9468170829975826,560,681,1241,-0.0008058017727639033,0.0008333472224535399,0.9456083803384392,0.00016116035455278067
34821,29.017983633060553,0.9468170829975826,560,681,1241,0.0,0.0008333472224535399,0.9459307010475447,0.00032232070910556134
34822,29.018816980283006,0.9452054794520548,560,681,1241,-0.0016116035455278066,0.0008333472224535399,0.946011281224821,8.058017727639034e-05
34823,29.01965032750546,0.9452054794520548,560,681,1241,0.0,0.0008333472224535399,0.9460918614020974,8.058017727639034e-05
34824,29.020483674727913,0.9452054794520548,560,681,1241,0.0,0.0008333472224535399,0.9460918614020974,0.0
34825,29.021317021950367,0.9460112812248187,560,681,1241,0.0008058017727639033,0.0008333472224535399,0.94625302175665,0.00016116035455278067
34826,29.02215036917282,0.9460112812248187,560,681,1241,0.0,0.0008333472224535399,0.9463336019339265,8.058017727639034e-05
34827,29.022983716395274,0.9460112812248187,560,681,1241,0.0,0.0008333472224535399,0.9462530217566499,-8.058017727639034e-05
34828,29.023817063617727,0.9468170829975826,560,681,1241,0.0008058017727639033,0.0008333472224535399,0.9461724415793735,-8.058017727639034e-05
34829,29.02465041084018,0.9452054794520548,560,681,1241,-0.0016116035455278066,0.0008333472224535399,0.9459307010475444,-0.00024174053182917098
34830,29.025483758062634,0.9443996776792909,560,681,1241,-0.0008058017727639033,0.0008333472224535399,0.9456889605157152,-0.00024174053182917098
34831,29.026317105285088,0.943593875906527,560,681,1241,-0.0008058017727639033,0.0008333472224535399,0.9453666398066096,-0.00032232070910556134
34832,29.02715045250754,0.9443996776792909,560,681,1241,0.0008058017727639033,0.0008333472224535399,0.9452860596293332,-8.058017727639034e-05
34833,29.027983799729995,0.943593875906527,560,681,1241,-0.0008058017727639033,0.0008333472224535399,0.9451248992747805,-0.00016116035455278067
34834,29.028817146952452,0.943593875906527,560,681,1241,0.0,0.0008333472224570926,0.9449637389202279,-0.00016116035455278067
34835,29.029650494174906,0.943593875906527,560,681,1241,0.0,0.0008333472224535399,0.9447219983883988,-0.00024174053182917098
34836,29.03048384139736,0.9427880741337631,560,681,1241,-0.0008058017727639033,0.0008333472224535399,0.9443996776792932,-0.00032232070910556134
34837,29.031317188619813,0.943593875906527,560,681,1241,0.0008058017727639033,0.0008333472224535399,0.9441579371474642,-0.00024174053182917098
34838,29.032150535842266,0.9443996776792909,560,681,1241,0.0008058017727639033,0.0008333472224535399,0.943916196615635,-0.00024174053182917098
34839,29.03298388306472,0.943593875906527,560,681,1241,-0.0008058017727639033,0.0008333472224535399,0.9437550362610823,-0.00016116035455278067
34840,29.033817230287173,0.9443996776792909,560,681,1241,0.0008058017727639033,0.0008333472224535399,0.9437550362610823,0.0
34841,29.034650577509627,0.9443996776792909,560,681,1241,0.0,0.0008333472224535399,0.9438356164383587,8.058017727639034e-05
34842,29.03548392473208,0.943593875906527,560,681,1241,-0.0008058017727639033,0.0008333472224535399,0.9437550362610823,-8.058017727639034e-05
34843,29.036317271954534,0.943593875906527,560,681,1241,0.0,0.0008333472224535399,0.9437550362610823,0.0
34844,29.037150619176987,0.9419822723609992,560,681,1241,-0.0016116035455278066,0.0008333472224535399,0.9435938759065294,-0.00016116035455278067
34845,29.03798396639944,0.943593875906527,560,681,1241,0.0016116035455278066,0.0008333472224535399,0.9435938759065294,0.0
34846,29.038817313621895,0.943593875906527,560,681,1241,0.0,0.0008333472224535399,0.943674456083806,8.058017727639034e-05
34847,29.039650660844348,0.943593875906527,560,681,1241,0.0,0.0008333472224535399,0.943674456083806,0.0
34848,29.0404840080668,0.943593875906527,560,681,1241,0.0,0.0008333472224535399,0.9435938759065297,-8.058017727639034e-05
34849,29.041317355289255,0.9443996776792909,560,681,1241,0.0008058017727639033,0.0008333472224535399,0.943674456083806,8.058017727639034e-05
34850,29.04215070251171,0.9443996776792909,560,681,1241,0.0,0.0008333472224535399,0.943674456083806,0.0
34851,29.042984049734162,0.9460112812248187,560,681,1241,0.0016116035455278066,0.0008333472224535399,0.9438356164383587,0.00016116035455278067
34852,29.043817396956616,0.9452054794520548,560,681,1241,-0.0008058017727639033,0.0008333472224535399,0.9439967767929114,0.00016116035455278067
34853,29.04465074417907,0.9443996776792909,560,681,1241,-0.0008058017727639033,0.0008333472224535399,0.9440773569701877,8.058017727639034e-05
34854,29.045484091401523,0.9443996776792909,560,681,1241,0.0,0.0008333472224535399,0.9443190975020169,0.00024174053182917098
34855,29.04631743862398,0.9443996776792909,560,681,1241,0.0,0.0008333472224570926,0.9443996776792932,8.058017727639034e-05
34856,29.047150785846434,0.943593875906527,560,681,1241,-0.0008058017727639033,0.0008333472224535399,0.9443996776792932,0.0
34857,29.047984133068887,0.9427880741337631,560,681,1241,-0.0008058017727639033,0.0008333472224535399,0.9443190975020167,-8.058017727639034e-05
34858,29.04881748029134,0.9411764705882353,560,681,1241,-0.0016116035455278066,0.0008333472224535399,0.9440773569701875,-0.00024174053182917098
34859,29.049650827513794,0.9419822723609992,560,681,1241,0.0008058017727639033,0.0008333472224535399,0.9438356164383583,-0.00024174053182917098
34860,29.050484174736248,0.943593875906527,560,681,1241,0.0016116035455278066,0.0008333472224535399,0.9437550362610819,-8.058017727639034e-05
34861,29.0513175219587,0.9452054794520548,560,681,1241,0.0016116035455278066,0.0008333472224535399,0.9436744560838056,-8.058017727639034e-05
34862,29.052150869181155,0.9452054794520548,560,681,1241,0.0,0.0008333472224535399,0.9436744560838056,0.0
34863,29.05298421640361,0.9460112812248187,560,681,1241,0.0008058017727639033,0.0008333472224535399,0.9438356164383583,0.00016116035455278067
34864,29.053817563626062,0.9452054794520548,560,681,1241,-0.0008058017727639033,0.0008333472224535399,0.9439161966156346,8.058017727639034e-05
34865,29.054650910848515,0.9452054794520548,560,681,1241,0.0,0.0008333472224535399,0.9439967767929109,8.058017727639034e-05
34866,29.05548425807097,0.9443996776792909,560,681,1241,-0.0008058017727639033,0.0008333472224535399,0.9440773569701874,8.058017727639034e-05
34867,29.056317605293422,0.943593875906527,560,681,1241,-0.0008058017727639033,0.0008333472224535399,0.9441579371474639,8.058017727639034e-05
34868,29.057150952515876,0.943593875906527,560,681,1241,0.0,0.0008333472224535399,0.9443996776792931,0.00024174053182917098
34869,29.05798429973833,0.9427880741337631,560,681,1241,-0.0008058017727639033,0.0008333472224535399,0.9444802578565694,8.058017727639034e-05
34870,29.058817646960783,0.9427880741337631,560,681,1241,0.0,0.0008333472224535399,0.9443996776792929,-8.058017727639034e-05
34871,29.059650994183237,0.9427880741337631,560,681,1241,0.0,0.0008333472224535399,0.9441579371474637,-0.00024174053182917098
34872,29.06048434140569,0.943593875906527,560,681,1241,0.0008058017727639033,0.0008333472224535399,0.9439967767929109,-0.00016116035455278067
34873,29.061317688628144,0.943593875906527,560,681,1241,0.0,0.0008333472224535399,0.9437550362610819,-0.00024174053182917098
34874,29.062151035850597,0.9443996776792909,560,681,1241,0.0008058017727639033,0.0008333472224535399,0.9436744560838056,-8.058017727639034e-05
34875,29.06298438307305,0.9443996776792909,560,681,1241,0.0,0.0008333472224535399,0.9435938759065292,-8.058017727639034e-05
34876,29.063817730295508,0.9443996776792909,560,681,1241,0.0,0.0008333472224570926,0.9435938759065292,0.0
34877,29.06465107751796,0.9443996776792909,560,681,1241,0.0,0.0008333472224535399,0.9436744560838056,8.058017727639034e-05
34878,29.065484424740415,0.9443996776792909,560,681,1241,0.0,0.0008333472224535399,0.9437550362610819,8.058017727639034e-05
34879,29.06631777196287,0.9443996776792909,560,681,1241,0.0,0.0008333472224535399,0.9439161966156349,0.00016116035455278067
34880,29.067151119185322,0.9443996776792909,560,681,1241,0.0,0.0008333472224535399,0.9440773569701877,0.00016116035455278067
34881,29.067984466407776,0.9443996776792909,560,681,1241,0.0,0.0008333472224535399,0.9442385173247405,0.00016116035455278067
34882,29.06881781363023,0.9452054794520548,560,681,1241,0.0008058017727639033,0.0008333472224535399,0.9443996776792932,0.00016116035455278067
34883,29.069651160852683,0.9460112812248187,560,681,1241,0.0008058017727639033,0.0008333472224535399,0.9446414182111222,0.00024174053182917098
34884,29.070484508075136,0.9460112812248187,560,681,1241,0.0,0.0008333472224535399,0.944802578565675,0.00016116035455278067
34885,29.07131785529759,0.9460112812248187,560,681,1241,0.0,0.0008333472224535399,0.9449637389202277,0.00016116035455278067
34886,29.072151202520043,0.9468170829975826,560,681,1241,0.0008058017727639033,0.0008333472224535399,0.9452054794520569,0.00024174053182917098
34887,29.072984549742497,0.9460112812248187,560,681,1241,-0.0008058017727639033,0.0008333472224535399,0.9453666398066096,0.00016116035455278067
34888,29.07381789696495,0.9452054794520548,560,681,1241,-0.0008058017727639033,0.0008333472224535399,0.9454472199838859,8.058017727639034e-05
34889,29.074651244187404,0.9452054794520548,560,681,1241,0.0,0.0008333472224535399,0.9455278001611622,8.058017727639034e-05
34890,29.075484591409857,0.9443996776792909,560,681,1241,-0.0008058017727639033,0.0008333472224535399,0.9455278001611622,0.0
34891,29.07631793863231,0.9460112812248187,560,681,1241,0.0016116035455278066,0.0008333472224535399,0.9456889605157149,0.00016116035455278067
34892,29.077151285854764,0.9484286865431104,560,681,1241,0.00241740531829171,0.0008333472224535399,0.9460112812248205,0.00032232070910556134
34893,29.077984633077218,0.9492344883158743,560,681,1241,0.0008058017727639033,0.0008333472224535399,0.9463336019339261,0.00032232070910556134
34894,29.07881798029967,0.9508460918614021,560,681,1241,0.0016116035455278066,0.0008333472224535399,0.9468170829975845,0.00048348106365834196
34895,29.079651327522125,0.9492344883158743,560,681,1241,-0.0016116035455278066,0.0008333472224535399,0.94713940370669,0.00032232070910556134
34896,29.08048467474458,0.9492344883158743,560,681,1241,0.0,0.0008333472224535399,0.9473811442385192,0.00024174053182917098
34897,29.081318021967036,0.9484286865431104,560,681,1241,-0.0008058017727639033,0.0008333472224570926,0.9476228847703483,0.00024174053182917098
34898,29.08215136918949,0.9484286865431104,560,681,1241,0.0,0.0008333472224535399,0.9479452054794539,0.00032232070910556134
34899,29.082984716411943,0.9484286865431104,560,681,1241,0.0,0.0008333472224535399,0.9482675261885595,0.00032232070910556134
34900,29.083818063634396,0.9468170829975826,560,681,1241,-0.0016116035455278066,0.0008333472224535399,0.9485092667203887,0.00024174053182917098
34901,29.08465141085685,0.9476228847703465,560,681,1241,0.0008058017727639033,0.0008333472224535399,0.9486704270749415,0.00016116035455278067
34902,29.085484758079303,0.9476228847703465,560,681,1241,0.0,0.0008333472224535399,0.9485898468976652,-8.058017727639034e-05
34903,29.086318105301757,0.9484286865431104,560,681,1241,0.0008058017727639033,0.0008333472224535399,0.9485092667203888,-8.058017727639034e-05
34904,29.08715145252421,0.9476228847703465,560,681,1241,-0.0008058017727639033,0.0008333472224535399,0.9481869460112833,-0.00032232070910556134
34905,29.087984799746664,0.9460112812248187,560,681,1241,-0.0016116035455278066,0.0008333472224535399,0.9478646253021777,-0.00032232070910556134
34906,29.088818146969118,0.9476228847703465,560,681,1241,0.0016116035455278066,0.0008333472224535399,0.947703464947625,-0.00016116035455278067
34907,29.08965149419157,0.9476228847703465,560,681,1241,0.0,0.0008333472224535399,0.9476228847703487,-8.058017727639034e-05
34908,29.090484841414025,0.9468170829975826,560,681,1241,-0.0008058017727639033,0.0008333472224535399,0.947461724415796,-0.00016116035455278067
34909,29.09131818863648,0.9476228847703465,560,681,1241,0.0008058017727639033,0.0008333472224535399,0.9473811442385196,-8.058017727639034e-05
34910,29.09215153585893,0.9476228847703465,560,681,1241,0.0,0.0008333472224535399,0.947461724415796,8.058017727639034e-05
34911,29.092984883081385,0.9476228847703465,560,681,1241,0.0,0.0008333472224535399,0.947461724415796,0.0
34912,29.09381823030384,0.9484286865431104,560,681,1241,0.0008058017727639033,0.0008333472224535399,0.9475423045930723,8.058017727639034e-05
34913,29.094651577526292,0.9476228847703465,560,681,1241,-0.0008058017727639033,0.0008333472224535399,0.947461724415796,-8.058017727639034e-05
34914,29.095484924748746,0.9484286865431104,560,681,1241,0.0008058017727639033,0.0008333472224535399,0.9475423045930723,8.058017727639034e-05
34915,29.0963182719712,0.9484286865431104,560,681,1241,0.0,0.0008333472224535399,0.9477840451249016,0.00024174053182917098
34916,29.097151619193653,0.9476228847703465,560,681,1241,-0.0008058017727639033,0.0008333472224535399,0.9477840451249016,0.0
34917,29.097984966416107,0.9476228847703465,560,681,1241,0.0,0.0008333472224535399,0.9477840451249016,0.0
34918,29.098818313638564,0.9476228847703465,560,681,1241,0.0,0.0008333472224570926,0.9478646253021779,8.058017727639034e-05
34919,29.099651660861017,0.9476228847703465,560,681,1241,0.0,0.0008333472224535399,0.9478646253021779,0.0
34920,29.10048500808347,0.9500402900886382,560,681,1241,0.00241740531829171,0.0008333472224535399,0.9481063658340071,0.00024174053182917098
34921,29.101318355305924,0.9508460918614021,560,681,1241,0.0008058017727639033,0.0008333472224535399,0.9484286865431126,0.00032232070910556134
34922,29.102151702528378,0.9508460918614021,560,681,1241,0.0,0.0008333472224535399,0.9486704270749419,0.00024174053182917098
34923,29.10298504975083,0.951651893634166,560,681,1241,0.0008058017727639033,0.0008333472224535399,0.9490733279613238,0.00040290088638195165
34924,29.103818396973285,0.9524576954069299,560,681,1241,0.0008058017727639033,0.0008333472224535399,0.9494762288477057,0.00040290088638195165
34925,29.10465174419574,0.9524576954069299,560,681,1241,0.0,0.0008333472224535399,0.9498791297340876,0.00040290088638195165
34926,29.105485091418192,0.951651893634166,560,681,1241,-0.0008058017727639033,0.0008333472224535399,0.9502820306204696,0.00040290088638195165
34927,29.106318438640645,0.9524576954069299,560,681,1241,0.0008058017727639033,0.0008333472224535399,0.9507655116841278,0.00048348106365834196
34928,29.1071517858631,0.9524576954069299,560,681,1241,0.0,0.0008333472224535399,0.9512489927477861,0.00048348106365834196
34929,29.107985133085553,0.9524576954069299,560,681,1241,0.0,0.0008333472224535399,0.9517324738114443,0.00048348106365834196
34930,29.108818480308006,0.951651893634166,560,681,1241,-0.0008058017727639033,0.0008333472224535399,0.9518936341659969,0.00016116035455278067
34931,29.10965182753046,0.951651893634166,560,681,1241,0.0,0.0008333472224535399,0.9519742143432733,8.058017727639034e-05
34932,29.110485174752913,0.951651893634166,560,681,1241,0.0,0.0008333472224535399,0.9520547945205496,8.058017727639034e-05
34933,29.111318521975367,0.951651893634166,560,681,1241,0.0,0.0008333472224535399,0.9520547945205496,0.0
34934,29.11215186919782,0.951651893634166,560,681,1241,0.0,0.0008333472224535399,0.9519742143432733,-8.058017727639034e-05
34935,29.112985216420274,0.9524576954069299,560,681,1241,0.0008058017727639033,0.0008333472224535399,0.9519742143432733,0.0
34936,29.113818563642727,0.951651893634166,560,681,1241,-0.0008058017727639033,0.0008333472224535399,0.9519742143432733,0.0
34937,29.11465191086518,0.951651893634166,560,681,1241,0.0,0.0008333472224535399,0.9518936341659969,-8.058017727639034e-05
34938,29.115485258087634,0.951651893634166,560,681,1241,0.0,0.0008333472224535399,0.9518130539887206,-8.058017727639034e-05
34939,29.116318605310088,0.9500402900886382,560,681,1241,-0.0016116035455278066,0.0008333472224535399,0.9515713134568916,-0.00024174053182917098
34940,29.117151952532545,0.9508460918614021,560,681,1241,0.0008058017727639033,0.0008333472224570926,0.9514907332796152,-8.058017727639034e-05
34941,29.117985299755,0.951651893634166,560,681,1241,0.0008058017727639033,0.0008333472224535399,0.9514907332796152,0.0
34942,29.118818646977452,0.9524576954069299,560,681,1241,0.0008058017727639033,0.0008333472224535399,0.9515713134568916,8.058017727639034e-05
34943,29.119651994199906,0.9508460918614021,560,681,1241,-0.0016116035455278066,0.0008333472224535399,0.9514907332796152,-8.058017727639034e-05
34944,29.12048534142236,0.9508460918614021,560,681,1241,0.0,0.0008333472224535399,0.9514101531023389,-8.058017727639034e-05
34945,29.121318688644813,0.9508460918614021,560,681,1241,0.0,0.0008333472224535399,0.9512489927477862,-0.00016116035455278067
34946,29.122152035867266,0.951651893634166,560,681,1241,0.0008058017727639033,0.0008333472224535399,0.9512489927477862,0.0
34947,29.12298538308972,0.951651893634166,560,681,1241,0.0,0.0008333472224535399,0.9512489927477862,0.0
34948,29.123818730312173,0.951651893634166,560,681,1241,0.0,0.0008333472224535399,0.9512489927477862,0.0
34949,29.124652077534627,0.951651893634166,560,681,1241,0.0,0.0008333472224535399,0.9514101531023389,0.00016116035455278067
34950,29.12548542475708,0.9508460918614021,560,681,1241,-0.0008058017727639033,0.0008333472224535399,0.9514101531023389,0.0
34951,29.126318771979534,0.9492344883158743,560,681,1241,-0.0016116035455278066,0.0008333472224535399,0.9511684125705097,-0.00024174053182917098
34952,29.127152119201988,0.9500402900886382,560,681,1241,0.0008058017727639033,0.0008333472224535399,0.9509266720386806,-0.00024174053182917098
34953,29.12798546642444,0.9484286865431104,560,681,1241,-0.0016116035455278066,0.0008333472224535399,0.9506849315068514,-0.00024174053182917098
34954,29.128818813646895,0.9500402900886382,560,681,1241,0.0016116035455278066,0.0008333472224535399,0.9506043513295751,-8.058017727639034e-05
34955,29.129652160869348,0.9500402900886382,560,681,1241,0.0,0.0008333472224535399,0.9505237711522987,-8.058017727639034e-05
34956,29.1304855080918,0.9484286865431104,560,681,1241,-0.0016116035455278066,0.0008333472224535399,0.9502014504431932,-0.00032232070910556134
34957,29.131318855314255,0.9484286865431104,560,681,1241,0.0,0.0008333472224535399,0.9498791297340876,-0.00032232070910556134
34958,29.13215220253671,0.9468170829975826,560,681,1241,-0.0016116035455278066,0.0008333472224535399,0.9493956486704294,-0.00048348106365834196
34959,29.132985549759162,0.9468170829975826,560,681,1241,0.0,0.0008333472224535399,0.9489121676067711,-0.00048348106365834196
34960,29.133818896981616,0.9452054794520548,560,681,1241,-0.0016116035455278066,0.0008333472224535399,0.9483481063658363,-0.0005640612409347323
34961,29.134652244204073,0.9452054794520548,560,681,1241,0.0,0.0008333472224570926,0.9479452054794544,-0.00040290088638195165
34962,29.135485591426526,0.9460112812248187,560,681,1241,0.0008058017727639033,0.0008333472224535399,0.9475423045930723,-0.00040290088638195165
34963,29.13631893864898,0.9468170829975826,560,681,1241,0.0008058017727639033,0.0008333472224535399,0.9473811442385196,-0.00016116035455278067
34964,29.137152285871434,0.9476228847703465,560,681,1241,0.0008058017727639033,0.0008333472224535399,0.9471394037066905,-0.00024174053182917098
34965,29.137985633093887,0.9476228847703465,560,681,1241,0.0,0.0008333472224535399,0.9468976631748612,-0.00024174053182917098
34966,29.13881898031634,0.9476228847703465,560,681,1241,0.0,0.0008333472224535399,0.9468170829975848,-8.058017727639034e-05
34967,29.139652327538794,0.9476228847703465,560,681,1241,0.0,0.0008333472224535399,0.9467365028203085,-8.058017727639034e-05
34968,29.140485674761248,0.9492344883158743,560,681,1241,0.0016116035455278066,0.0008333472224535399,0.9469782433521375,0.00024174053182917098
34969,29.1413190219837,0.9476228847703465,560,681,1241,-0.0016116035455278066,0.0008333472224535399,0.947058823529414,8.058017727639034e-05
34970,29.142152369206155,0.9468170829975826,560,681,1241,-0.0008058017727639033,0.0008333472224535399,0.9472199838839668,0.00016116035455278067
34971,29.14298571642861,0.9452054794520548,560,681,1241,-0.0016116035455278066,0.0008333472224535399,0.9472199838839668,0.0
34972,29.143819063651062,0.9452054794520548,560,681,1241,0.0,0.0008333472224535399,0.9471394037066905,-8.058017727639034e-05
34973,29.144652410873515,0.9452054794520548,560,681,1241,0.0,0.0008333472224535399,0.9469782433521375,-0.00016116035455278067
34974,29.14548575809597,0.9452054794520548,560,681,1241,0.0,0.0008333472224535399,0.9467365028203083,-0.00024174053182917098
34975,29.146319105318423,0.943593875906527,560,681,1241,-0.0016116035455278066,0.0008333472224535399,0.9463336019339265,-0.00040290088638195165
34976,29.147152452540876,0.9443996776792909,560,681,1241,0.0008058017727639033,0.0008333472224535399,0.9460112812248209,-0.00032232070910556134
34977,29.14798579976333,0.9443996776792909,560,681,1241,0.0,0.0008333472224535399,0.9456889605157153,-0.00032232070910556134
34978,29.148819146985783,0.9443996776792909,560,681,1241,0.0,0.0008333472224535399,0.945205479452057,-0.00048348106365834196
34979,29.149652494208237,0.9443996776792909,560,681,1241,0.0,0.0008333472224535399,0.9448831587429515,-0.00032232070910556134
34980,29.15048584143069,0.943593875906527,560,681,1241,-0.0008058017727639033,0.0008333472224535399,0.9445608380338459,-0.00032232070910556134
34981,29.151319188653144,0.9443996776792909,560,681,1241,0.0008058017727639033,0.0008333472224535399,0.9444802578565696,-8.058017727639034e-05
34982,29.1521525358756,0.9452054794520548,560,681,1241,0.0008058017727639033,0.0008333472224570926,0.9444802578565696,0.0
34983,29.152985883098054,0.9452054794520548,560,681,1241,0.0,0.0008333472224535399,0.9444802578565696,0.0
34984,29.153819230320508,0.9468170829975826,560,681,1241,0.0016116035455278066,0.0008333472224535399,0.9446414182111225,0.00016116035455278067
34985,29.15465257754296,0.9468170829975826,560,681,1241,0.0,0.0008333472224535399,0.944963738920228,0.00032232070910556134
34986,29.155485924765415,0.9460112812248187,560,681,1241,-0.0008058017727639033,0.0008333472224535399,0.9451248992747807,0.00016116035455278067
34987,29.15631927198787,0.9476228847703465,560,681,1241,0.0016116035455278066,0.0008333472224535399,0.9454472199838863,0.00032232070910556134
34988,29.157152619210322,0.9484286865431104,560,681,1241,0.0008058017727639033,0.0008333472224535399,0.9458501208702682,0.00040290088638195165
34989,29.157985966432776,0.9476228847703465,560,681,1241,-0.0008058017727639033,0.0008333472224535399,0.9461724415793737,0.00032232070910556134
34990,29.15881931365523,0.9468170829975826,560,681,1241,-0.0008058017727639033,0.0008333472224535399,0.9464947622884793,0.00032232070910556134
34991,29.159652660877683,0.9468170829975826,560,681,1241,0.0,0.0008333472224535399,0.9467365028203085,0.00024174053182917098
34992,29.160486008100136,0.9484286865431104,560,681,1241,0.0016116035455278066,0.0008333472224535399,0.9470588235294141,0.00032232070910556134
34993,29.16131935532259,0.9484286865431104,560,681,1241,0.0,0.0008333472224535399,0.9473811442385196,0.00032232070910556134
34994,29.162152702545043,0.9484286865431104,560,681,1241,0.0,0.0008333472224535399,0.9475423045930723,0.00016116035455278067
34995,29.162986049767497,0.9476228847703465,560,681,1241,-0.0008058017727639033,0.0008333472224535399,0.9476228847703487,8.058017727639034e-05
34996,29.16381939698995,0.9476228847703465,560,681,1241,0.0,0.0008333472224535399,0.9477840451249016,0.00016116035455278067
34997,29.164652744212404,0.9476228847703465,560,681,1241,0.0,0.0008333472224535399,0.9477840451249016,0.0
34998,29.165486091434857,0.9484286865431104,560,681,1241,0.0008058017727639033,0.0008333472224535399,0.9477840451249016,0.0
34999,29.16631943865731,0.9492344883158743,560,681,1241,0.0008058017727639033,0.0008333472224535399,0.9479452054794543,0.00016116035455278067
35000,29.167152785879765,0.9492344883158743,560,681,1241,0.0,0.0008333472224535399,0.9481869460112833,0.00024174053182917098
35001,29.167986133102218,0.9492344883158743,560,681,1241,0.0,0.0008333472224535399,0.9484286865431123,0.00024174053182917098
35002,29.16881948032467,0.9484286865431104,560,681,1241,-0.0008058017727639033,0.0008333472224535399,0.9484286865431123,0.0
35003,29.16965282754713,0.9468170829975826,560,681,1241,-0.0016116035455278066,0.0008333472224570926,0.9482675261885596,-0.00016116035455278067
35004,29.170486174769582,0.9460112812248187,560,681,1241,-0.0008058017727639033,0.0008333472224535399,0.9480257856567305,-0.00024174053182917098
35005,29.171319521992036,0.9452054794520548,560,681,1241,-0.0008058017727639033,0.0008333472224535399,0.9477840451249012,-0.00024174053182917098
35006,29.17215286921449,0.9452054794520548,560,681,1241,0.0,0.0008333472224535399,0.947542304593072,-0.00024174053182917098
35007,29.172986216436943,0.9452054794520548,560,681,1241,0.0,0.0008333472224535399,0.9473005640612427,-0.00024174053182917098
35008,29.173819563659396,0.943593875906527,560,681,1241,-0.0016116035455278066,0.0008333472224535399,0.9468170829975845,-0.00048348106365834196
35009,29.17465291088185,0.943593875906527,560,681,1241,0.0,0.0008333472224535399,0.9462530217566499,-0.0005640612409347323
35010,29.175486258104304,0.943593875906527,560,681,1241,0.0,0.0008333472224535399,0.9456889605157153,-0.0005640612409347323
35011,29.176319605326757,0.9443996776792909,560,681,1241,0.0008058017727639033,0.0008333472224535399,0.945205479452057,-0.00048348106365834196
35012,29.17715295254921,0.9452054794520548,560,681,1241,0.0008058017727639033,0.0008333472224535399,0.9448831587429515,-0.00032232070910556134
35013,29.177986299771664,0.9443996776792909,560,681,1241,-0.0008058017727639033,0.0008333472224535399,0.9446414182111222,-0.00024174053182917098
35014,29.178819646994118,0.9452054794520548,560,681,1241,0.0008058017727639033,0.0008333472224535399,0.9445608380338459,-8.058017727639034e-05
35015,29.17965299421657,0.9460112812248187,560,681,1241,0.0008058017727639033,0.0008333472224535399,0.9446414182111222,8.058017727639034e-05
35016,29.180486341439025,0.9460112812248187,560,681,1241,0.0,0.0008333472224535399,0.9447219983883987,8.058017727639034e-05
35017,29.18131968866148,0.9460112812248187,560,681,1241,0.0,0.0008333472224535399,0.944802578565675,8.058017727639034e-05
35018,29.182153035883932,0.9460112812248187,560,681,1241,0.0,0.0008333472224535399,0.945044319097504,0.00024174053182917098
35019,29.182986383106385,0.9468170829975826,560,681,1241,0.0008058017727639033,0.0008333472224535399,0.9453666398066096,0.00032232070910556134
35020,29.18381973032884,0.9460112812248187,560,681,1241,-0.0008058017727639033,0.0008333472224535399,0.9456083803384386,0.00024174053182917098
35021,29.184653077551292,0.9468170829975826,560,681,1241,0.0008058017727639033,0.0008333472224535399,0.9458501208702679,0.00024174053182917098
35022,29.185486424773746,0.9468170829975826,560,681,1241,0.0,0.0008333472224535399,0.9460112812248207,0.00016116035455278067
35023,29.1863197719962,0.9468170829975826,560,681,1241,0.0,0.0008333472224535399,0.9462530217566499,0.00024174053182917098
35024,29.187153119218657,0.9476228847703465,560,681,1241,0.0008058017727639033,0.0008333472224570926,0.9464947622884792,0.00024174053182917098
35025,29.18798646644111,0.9468170829975826,560,681,1241,-0.0008058017727639033,0.0008333472224535399,0.9465753424657557,8.058017727639034e-05
35026,29.188819813663564,0.9468170829975826,560,681,1241,0.0,0.0008333472224535399,0.9466559226430322,8.058017727639034e-05
35027,29.189653160886017,0.9476228847703465,560,681,1241,0.0008058017727639033,0.0008333472224535399,0.946817082997585,0.00016116035455278067
35028,29.19048650810847,0.9468170829975826,560,681,1241,-0.0008058017727639033,0.0008333472224535399,0.9468976631748616,8.058017727639034e-05
35029,29.191319855330924,0.9468170829975826,560,681,1241,0.0,0.0008333472224535399,0.9468976631748616,0.0
35030,29.192153202553378,0.9484286865431104,560,681,1241,0.0016116035455278066,0.0008333472224535399,0.9471394037066908,0.00024174053182917098
35031,29.19298654977583,0.9484286865431104,560,681,1241,0.0,0.0008333472224535399,0.9473005640612435,0.00016116035455278067
35032,29.193819896998285,0.9484286865431104,560,681,1241,0.0,0.0008333472224535399,0.9474617244157961,0.00016116035455278067
35033,29.19465324422074,0.9492344883158743,560,681,1241,0.0008058017727639033,0.0008333472224535399,0.9477034649476253,0.00024174053182917098
35034,29.195486591443192,0.9492344883158743,560,681,1241,0.0,0.0008333472224535399,0.9478646253021779,0.00016116035455278067
35035,29.196319938665646,0.9508460918614021,560,681,1241,0.0016116035455278066,0.0008333472224535399,0.9482675261885598,0.00040290088638195165
35036,29.1971532858881,0.9500402900886382,560,681,1241,-0.0008058017727639033,0.0008333472224535399,0.9485898468976653,0.00032232070910556134
35037,29.197986633110553,0.9484286865431104,560,681,1241,-0.0016116035455278066,0.0008333472224535399,0.9486704270749418,8.058017727639034e-05
35038,29.198819980333006,0.9492344883158743,560,681,1241,0.0008058017727639033,0.0008333472224535399,0.9489121676067708,0.00024174053182917098
35039,29.19965332755546,0.9484286865431104,560,681,1241,-0.0008058017727639033,0.0008333472224535399,0.9490733279613235,0.00016116035455278067
35040,29.200486674777913,0.9492344883158743,560,681,1241,0.0008058017727639033,0.0008333472224535399,0.9491539081385998,8.058017727639034e-05
35041,29.201320022000367,0.9492344883158743,560,681,1241,0.0,0.0008333472224535399,0.9492344883158761,8.058017727639034e-05
35042,29.20215336922282,0.9484286865431104,560,681,1241,-0.0008058017727639033,0.0008333472224535399,0.9492344883158761,0.0
35043,29.202986716445274,0.9476228847703465,560,681,1241,-0.0008058017727639033,0.0008333472224535399,0.9490733279613235,-0.00016116035455278067
35044,29.203820063667727,0.9492344883158743,560,681,1241,0.0016116035455278066,0.0008333472224535399,0.9490733279613235,0.0
35045,29.20465341089018,0.9500402900886382,560,681,1241,0.0008058017727639033,0.0008333472224535399,0.9489927477840471,-8.058017727639034e-05
35046,29.205486758112638,0.9492344883158743,560,681,1241,-0.0008058017727639033,0.0008333472224570926,0.9489121676067706,-8.058017727639034e-05
35047,29.20632010533509,0.9484286865431104,560,681,1241,-0.0008058017727639033,0.0008333472224535399,0.9489121676067706,0.0
35048,29.207153452557545,0.9484286865431104,560,681,1241,0.0,0.0008333472224535399,0.9488315874294942,-8.058017727639034e-05
35049,29.20798679978,0.9476228847703465,560,681,1241,-0.0008058017727639033,0.0008333472224535399,0.9487510072522178,-8.058017727639034e-05
35050,29.208820147002452,0.9492344883158743,560,681,1241,0.0016116035455278066,0.0008333472224535399,0.9487510072522178,0.0
35051,29.209653494224906,0.9492344883158743,560,681,1241,0.0,0.0008333472224535399,0.9487510072522178,0.0
35052,29.21048684144736,0.9492344883158743,560,681,1241,0.0,0.0008333472224535399,0.9488315874294942,8.058017727639034e-05
35053,29.211320188669813,0.9484286865431104,560,681,1241,-0.0008058017727639033,0.0008333472224535399,0.9489121676067706,8.058017727639034e-05
35054,29.212153535892266,0.9500402900886382,560,681,1241,0.0016116035455278066,0.0008333472224535399,0.9489927477840471,8.058017727639034e-05
35055,29.21298688311472,0.9508460918614021,560,681,1241,0.0008058017727639033,0.0008333472224535399,0.9490733279613235,8.058017727639034e-05
35056,29.213820230337173,0.951651893634166,560,681,1241,0.0008058017727639033,0.0008333472224535399,0.9493150684931526,0.00024174053182917098
35057,29.214653577559627,0.951651893634166,560,681,1241,0.0,0.0008333472224535399,0.9496373892022583,0.00032232070910556134
35058,29.21548692478208,0.9524576954069299,560,681,1241,0.0008058017727639033,0.0008333472224535399,0.9500402900886401,0.00040290088638195165
35059,29.216320272004534,0.951651893634166,560,681,1241,-0.0008058017727639033,0.0008333472224535399,0.9504431909750221,0.00040290088638195165
35060,29.217153619226988,0.9524576954069299,560,681,1241,0.0008058017727639033,0.0008333472224535399,0.9507655116841276,0.00032232070910556134
35061,29.21798696644944,0.9540692989524577,560,681,1241,0.0016116035455278066,0.0008333472224535399,0.9512489927477861,0.00048348106365834196
35062,29.218820313671895,0.9540692989524577,560,681,1241,0.0,0.0008333472224535399,0.9517324738114444,0.00048348106365834196
35063,29.21965366089435,0.9540692989524577,560,681,1241,0.0,0.0008333472224535399,0.9522965350523792,0.0005640612409347323
35064,29.2204870081168,0.9548751007252216,560,681,1241,0.0008058017727639033,0.0008333472224535399,0.9527800161160375,0.00048348106365834196
35065,29.221320355339255,0.9564867042707494,560,681,1241,0.0016116035455278066,0.0008333472224535399,0.9533440773569722,0.0005640612409347323
35066,29.22215370256171,0.9572925060435133,560,681,1241,0.0008058017727639033,0.0008333472224535399,0.953908138597907,0.0005640612409347323
35067,29.222987049784166,0.9572925060435133,560,681,1241,0.0,0.0008333472224570926,0.9544721998388418,0.0005640612409347323
35068,29.22382039700662,0.9572925060435133,560,681,1241,0.0,0.0008333472224535399,0.9549556809025003,0.00048348106365834196
35069,29.224653744229073,0.9580983078162773,560,681,1241,0.0008058017727639033,0.0008333472224535399,0.9556003223207113,0.0006446414182111227
35070,29.225487091451527,0.9564867042707494,560,681,1241,-0.0016116035455278066,0.0008333472224535399,0.9560032232070934,0.00040290088638195165
35071,29.22632043867398,0.9572925060435133,560,681,1241,0.0008058017727639033,0.0008333472224535399,0.9563255439161991,0.00032232070910556134
35072,29.227153785896434,0.9572925060435133,560,681,1241,0.0,0.0008333472224535399,0.9566478646253046,0.00032232070910556134
35073,29.227987133118887,0.9572925060435133,560,681,1241,0.0,0.0008333472224535399,0.9569701853344101,0.00032232070910556134
35074,29.22882048034134,0.958904109589041,560,681,1241,0.0016116035455276956,0.0008333472224535399,0.9573730862207921,0.00040290088638194054
35075,29.229653827563794,0.958904109589041,560,681,1241,0.0,0.0008333472224535399,0.9576148267526211,0.0002417405318291599
35076,29.230487174786248,0.958904109589041,560,681,1241,0.0,0.0008333472224535399,0.9577759871071738,0.00016116035455276956
35077,29.2313205220087,0.958904109589041,560,681,1241,0.0,0.0008333472224535399,0.9579371474617264,0.00016116035455276956
35078,29.232153869231155,0.958904109589041,560,681,1241,0.0,0.0008333472224535399,0.9580983078162791,0.00016116035455276956
35079,29.23298721645361,0.958904109589041,560,681,1241,0.0,0.0008333472224535399,0.9581788879935556,8.058017727637922e-05
35080,29.233820563676062,0.959709911361805,560,681,1241,0.0008058017727639033,0.0008333472224535399,0.9585012087026611,0.00032232070910555023
35081,29.234653910898516,0.959709911361805,560,681,1241,0.0,0.0008333472224535399,0.9587429492344903,0.0002417405318291599
35082,29.23548725812097,0.959709911361805,560,681,1241,0.0,0.0008333472224535399,0.9589846897663195,0.0002417405318291599
35083,29.236320605343423,0.959709911361805,560,681,1241,0.0,0.0008333472224535399,0.9592264302981487,0.0002417405318291599
35084,29.237153952565876,0.959709911361805,560,681,1241,0.0,0.0008333472224535399,0.9593070104754252,8.058017727639034e-05
35085,29.23798729978833,0.959709911361805,560,681,1241,0.0,0.0008333472224535399,0.9593875906527017,8.058017727639034e-05
35086,29.238820647010783,0.959709911361805,560,681,1241,0.0,0.0008333472224535399,0.9594681708299783,8.058017727639034e-05
35087,29.239653994233237,0.959709911361805,560,681,1241,0.0,0.0008333472224535399,0.9595487510072548,8.058017727639034e-05
35088,29.240487341455694,0.959709911361805,560,681,1241,0.0,0.0008333472224570926,0.9596293311845313,8.058017727639034e-05
35089,29.241320688678147,0.9605157131345688,560,681,1241,0.0008058017727639033,0.0008333472224535399,0.9597904915390842,0.00016116035455278067
35090,29.2421540359006,0.9613215149073328,560,681,1241,0.0008058017727639033,0.0008333472224535399,0.9599516518936368,0.00016116035455278067
35091,29.242987383123054,0.9613215149073328,560,681,1241,0.0,0.0008333472224535399,0.9601128122481896,0.00016116035455278067
35092,29.243820730345508,0.9613215149073328,560,681,1241,0.0,0.0008333472224535399,0.9602739726027423,0.00016116035455278067
35093,29.24465407756796,0.9613215149073328,560,681,1241,0.0,0.0008333472224535399,0.960435132957295,0.00016116035455278067
35094,29.245487424790415,0.9613215149073328,560,681,1241,0.0,0.0008333472224535399,0.9605962933118477,0.00016116035455278067
35095,29.24632077201287,0.9613215149073328,560,681,1241,0.0,0.0008333472224535399,0.9607574536664003,0.00016116035455278067
35096,29.247154119235322,0.9605157131345688,560,681,1241,-0.0008058017727639033,0.0008333472224535399,0.9608380338436767,8.058017727639034e-05
35097,29.247987466457776,0.9613215149073328,560,681,1241,0.0008058017727639033,0.0008333472224535399,0.9609991941982294,0.00016116035455278067
35098,29.24882081368023,0.9613215149073328,560,681,1241,0.0,0.0008333472224535399,0.961160354552782,0.00016116035455278067
35099,29.249654160902683,0.9613215149073328,560,681,1241,0.0,0.0008333472224535399,0.9612409347300584,8.058017727639034e-05
35100,29.250487508125136,0.9621273166800967,560,681,1241,0.0008058017727639033,0.0008333472224535399,0.9613215149073348,8.058017727639034e-05
35101,29.25132085534759,0.9629331184528606,560,681,1241,0.0008058017727639033,0.0008333472224535399,0.9614826752618877,0.00016116035455278067
35102,29.252154202570043,0.9621273166800967,560,681,1241,-0.0008058017727639033,0.0008333472224535399,0.961563255439164,8.058017727639034e-05
35103,29.252987549792497,0.9621273166800967,560,681,1241,0.0,0.0008333472224535399,0.9616438356164403,8.058017727639034e-05
35104,29.25382089701495,0.9637389202256245,560,681,1241,0.0016116035455278066,0.0008333472224535399,0.9618855761482695,0.00024174053182917098
35105,29.254654244237404,0.9637389202256245,560,681,1241,0.0,0.0008333472224535399,0.9621273166800988,0.00024174053182917098
35106,29.255487591459858,0.9637389202256245,560,681,1241,0.0,0.0008333472224535399,0.9624496373892043,0.00032232070910556134
35107,29.25632093868231,0.9637389202256245,560,681,1241,0.0,0.0008333472224535399,0.9626913779210335,0.00024174053182917098
35108,29.257154285904765,0.9637389202256245,560,681,1241,0.0,0.0008333472224535399,0.9629331184528628,0.00024174053182917098
35109,29.25798763312722,0.9637389202256245,560,681,1241,0.0,0.0008333472224570926,0.963174858984692,0.00024174053182917098
35110,29.258820980349675,0.9637389202256245,560,681,1241,0.0,0.0008333472224535399,0.9633360193392448,0.00016116035455278067
35111,29.25965432757213,0.9645447219983884,560,681,1241,0.0008058017727639033,0.0008333472224535399,0.9634971796937976,0.00016116035455278067
35112,29.260487674794582,0.9653505237711523,560,681,1241,0.0008058017727639033,0.0008333472224535399,0.9638195004029031,0.00032232070910556134
35113,29.261321022017036,0.9645447219983884,560,681,1241,-0.0008058017727639033,0.0008333472224535399,0.9640612409347323,0.00024174053182917098
35114,29.26215436923949,0.9661563255439162,560,681,1241,0.0016116035455278066,0.0008333472224535399,0.9643029814665616,0.00024174053182917098
35115,29.262987716461943,0.9669621273166801,560,681,1241,0.0008058017727639033,0.0008333472224535399,0.9646253021756671,0.00032232070910556134
35116,29.263821063684397,0.9661563255439162,560,681,1241,-0.0008058017727639033,0.0008333472224535399,0.9648670427074963,0.00024174053182917098
35117,29.26465441090685,0.967767929089444,560,681,1241,0.0016116035455278066,0.0008333472224535399,0.9652699435938782,0.00040290088638195165
35118,29.265487758129304,0.967767929089444,560,681,1241,0.0,0.0008333472224535399,0.9656728444802601,0.00040290088638195165
35119,29.266321105351757,0.9669621273166801,560,681,1241,-0.0008058017727639033,0.0008333472224535399,0.9659951651893657,0.00032232070910556134
35120,29.26715445257421,0.9685737308622079,560,681,1241,0.0016116035455278066,0.0008333472224535399,0.9664786462530239,0.00048348106365834196
35121,29.267987799796664,0.967767929089444,560,681,1241,-0.0008058017727639033,0.0008333472224535399,0.9668009669621295,0.00032232070910556134
35122,29.268821147019118,0.967767929089444,560,681,1241,0.0,0.0008333472224535399,0.9670427074939587,0.00024174053182917098
35123,29.26965449424157,0.9685737308622079,560,681,1241,0.0008058017727639033,0.0008333472224535399,0.9674456083803407,0.00040290088638195165
35124,29.270487841464025,0.967767929089444,560,681,1241,-0.0008058017727639033,0.0008333472224535399,0.9676067687348933,0.00016116035455278067
35125,29.27132118868648,0.9685737308622079,560,681,1241,0.0008058017727639033,0.0008333472224535399,0.967767929089446,0.00016116035455278067
35126,29.272154535908932,0.967767929089444,560,681,1241,-0.0008058017727639033,0.0008333472224535399,0.9679290894439987,0.00016116035455278067
35127,29.272987883131385,0.9669621273166801,560,681,1241,-0.0008058017727639033,0.0008333472224535399,0.9678485092667224,-8.058017727639034e-05
35128,29.27382123035384,0.9669621273166801,560,681,1241,0.0,0.0008333472224535399,0.967767929089446,-8.058017727639034e-05
35129,29.274654577576293,0.9693795326349718,560,681,1241,0.00241740531829171,0.0008333472224535399,0.9680096696212752,0.00024174053182917098
35130,29.27548792479875,0.9693795326349718,560,681,1241,0.0,0.0008333472224570926,0.9680902497985517,8.058017727639034e-05
35131,29.276321272021203,0.9685737308622079,560,681,1241,-0.0008058017727639033,0.0008333472224535399,0.968170829975828,8.058017727639034e-05
35132,29.277154619243657,0.9701853344077357,560,681,1241,0.0016116035455278066,0.0008333472224535399,0.9684125705076573,0.00024174053182917098
35133,29.27798796646611,0.9701853344077357,560,681,1241,0.0,0.0008333472224535399,0.9685737308622102,0.00016116035455278067
35134,29.278821313688564,0.9709911361804996,560,681,1241,0.0008058017727639033,0.0008333472224535399,0.9688960515713158,0.00032232070910556134
35135,29.279654660911017,0.9693795326349718,560,681,1241,-0.0016116035455278066,0.0008333472224535399,0.9689766317485923,8.058017727639034e-05
35136,29.28048800813347,0.9709911361804996,560,681,1241,0.0016116035455278066,0.0008333472224535399,0.9692989524576978,0.00032232070910556134
35137,29.281321355355924,0.9709911361804996,560,681,1241,0.0,0.0008333472224535399,0.9697018533440798,0.00040290088638195165
35138,29.282154702578378,0.9717969379532635,560,681,1241,0.0008058017727639033,0.0008333472224535399,0.970185334407738,0.00048348106365834196
35139,29.28298804980083,0.9717969379532635,560,681,1241,0.0,0.0008333472224535399,0.970427074939567,0.00024174053182917098
35140,29.283821397023285,0.9717969379532635,560,681,1241,0.0,0.0008333472224535399,0.970668815471396,0.00024174053182917098
35141,29.28465474424574,0.9717969379532635,560,681,1241,0.0,0.0008333472224535399,0.9709911361805016,0.00032232070910556134
35142,29.285488091468192,0.9717969379532635,560,681,1241,0.0,0.0008333472224535399,0.9711522965350543,0.00016116035455278067
35143,29.286321438690646,0.9717969379532635,560,681,1241,0.0,0.0008333472224535399,0.971313456889607,0.00016116035455278067
35144,29.2871547859131,0.9726027397260274,560,681,1241,0.0008058017727639033,0.0008333472224535399,0.9714746172441598,0.00016116035455278067
35145,29.287988133135553,0.9726027397260274,560,681,1241,0.0,0.0008333472224535399,0.9717969379532654,0.00032232070910556134
35146,29.288821480358006,0.9726027397260274,560,681,1241,0.0,0.0008333472224535399,0.9719580983078183,0.00016116035455278067
35147,29.28965482758046,0.9726027397260274,560,681,1241,0.0,0.0008333472224535399,0.9721192586623711,0.00016116035455278067
35148,29.290488174802913,0.9726027397260274,560,681,1241,0.0,0.0008333472224535399,0.9721998388396477,8.058017727639034e-05
35149,29.291321522025367,0.9734085414987913,560,681,1241,0.0008058017727639033,0.0008333472224535399,0.9723609991942006,0.00016116035455278067
35150,29.29215486924782,0.9750201450443191,560,681,1241,0.0016116035455278066,0.0008333472224535399,0.9726833199033061,0.00032232070910556134
35151,29.292988216470278,0.9750201450443191,560,681,1241,0.0,0.0008333472224570926,0.9730056406124117,0.00032232070910556134
35152,29.29382156369273,0.9742143432715552,560,681,1241,-0.0008058017727639033,0.0008333472224535399,0.9732473811442409,0.00024174053182917098
35153,29.294654910915185,0.9742143432715552,560,681,1241,0.0,0.0008333472224535399,0.9734891216760702,0.00024174053182917098
35154,29.295488258137638,0.9742143432715552,560,681,1241,0.0,0.0008333472224535399,0.9736502820306228,0.00016116035455278067
35155,29.29632160536009,0.9734085414987913,560,681,1241,-0.0008058017727639033,0.0008333472224535399,0.9737308622078992,8.058017727639034e-05
35156,29.297154952582545,0.9726027397260274,560,681,1241,-0.0008058017727639033,0.0008333472224535399,0.9737308622078992,0.0
35157,29.297988299805,0.9726027397260274,560,681,1241,0.0,0.0008333472224535399,0.9737308622078992,0.0
35158,29.298821647027452,0.9734085414987913,560,681,1241,0.0008058017727639033,0.0008333472224535399,0.9738114423851755,8.058017727639034e-05
35159,29.299654994249906,0.9734085414987913,560,681,1241,0.0,0.0008333472224535399,0.9738114423851755,0.0
35160,29.30048834147236,0.9734085414987913,560,681,1241,0.0,0.0008333472224535399,0.9736502820306228,-0.00016116035455278067
35161,29.301321688694813,0.9734085414987913,560,681,1241,0.0,0.0008333472224535399,0.9734891216760702,-0.00016116035455278067
35162,29.302155035917266,0.9742143432715552,560,681,1241,0.0008058017727639033,0.0008333472224535399,0.9734891216760702,0.0
35163,29.30298838313972,0.9734085414987913,560,681,1241,-0.0008058017727639033,0.0008333472224535399,0.9734085414987937,-8.058017727639034e-05
35164,29.303821730362174,0.9750201450443191,560,681,1241,0.0016116035455278066,0.0008333472224535399,0.9734891216760702,8.058017727639034e-05
35165,29.304655077584627,0.9742143432715552,560,681,1241,-0.0008058017727639033,0.0008333472224535399,0.9735697018533465,8.058017727639034e-05
35166,29.30548842480708,0.9742143432715552,560,681,1241,0.0,0.0008333472224535399,0.9737308622078992,0.00016116035455278067
35167,29.306321772029534,0.9734085414987913,560,681,1241,-0.0008058017727639033,0.0008333472224535399,0.9738114423851755,8.058017727639034e-05
35168,29.307155119251988,0.9726027397260274,560,681,1241,-0.0008058017727639033,0.0008333472224535399,0.9737308622078992,-8.058017727639034e-05
35169,29.30798846647444,0.9726027397260274,560,681,1241,0.0,0.0008333472224535399,0.9736502820306228,-8.058017727639034e-05
35170,29.308821813696895,0.9734085414987913,560,681,1241,0.0008058017727639033,0.0008333472224535399,0.9736502820306228,0.0
35171,29.30965516091935,0.9734085414987913,560,681,1241,0.0,0.0008333472224535399,0.9736502820306228,0.0
35172,29.310488508141802,0.9734085414987913,560,681,1241,0.0,0.0008333472224535399,0.9735697018533465,-8.058017727639034e-05
35173,29.31132185536426,0.9734085414987913,560,681,1241,0.0,0.0008333472224570926,0.9735697018533465,0.0
35174,29.312155202586712,0.9734085414987913,560,681,1241,0.0,0.0008333472224535399,0.9734085414987937,-0.00016116035455278067
35175,29.312988549809166,0.9742143432715552,560,681,1241,0.0008058017727639033,0.0008333472224535399,0.9734085414987937,0.0
35176,29.31382189703162,0.9742143432715552,560,681,1241,0.0,0.0008333472224535399,0.9734085414987937,0.0
35177,29.314655244254073,0.9734085414987913,560,681,1241,-0.0008058017727639033,0.0008333472224535399,0.9734085414987937,0.0
35178,29.315488591476527,0.9742143432715552,560,681,1241,0.0008058017727639033,0.0008333472224535399,0.9735697018533465,0.00016116035455278067
35179,29.31632193869898,0.9734085414987913,560,681,1241,-0.0008058017727639033,0.0008333472224535399,0.9736502820306228,8.058017727639034e-05
35180,29.317155285921434,0.9734085414987913,560,681,1241,0.0,0.0008333472224535399,0.9736502820306228,0.0
35181,29.317988633143887,0.9742143432715552,560,681,1241,0.0008058017727639033,0.0008333472224535399,0.9737308622078992,8.058017727639034e-05
35182,29.31882198036634,0.9742143432715552,560,681,1241,0.0,0.0008333472224535399,0.9738114423851755,8.058017727639034e-05
35183,29.319655327588794,0.9742143432715552,560,681,1241,0.0,0.0008333472224535399,0.9738920225624519,8.058017727639034e-05
35184,29.320488674811248,0.9726027397260274,560,681,1241,-0.0016116035455278066,0.0008333472224535399,0.9738114423851755,-8.058017727639034e-05
35185,29.3213220220337,0.9717969379532635,560,681,1241,-0.0008058017727639033,0.0008333472224535399,0.9735697018533462,-0.00024174053182917098
35186,29.322155369256155,0.9701853344077357,560,681,1241,-0.0016116035455278066,0.0008333472224535399,0.9731668009669644,-0.00040290088638195165
35187,29.32298871647861,0.9709911361804996,560,681,1241,0.0008058017727639033,0.0008333472224535399,0.9729250604351352,-0.00024174053182917098
35188,29.323822063701062,0.9709911361804996,560,681,1241,0.0,0.0008333472224535399,0.9726027397260296,-0.00032232070910556134
35189,29.324655410923516,0.9709911361804996,560,681,1241,0.0,0.0008333472224535399,0.9723609991942004,-0.00024174053182917098
35190,29.32548875814597,0.9709911361804996,560,681,1241,0.0,0.0008333472224535399,0.9721192586623711,-0.00024174053182917098
35191,29.326322105368423,0.9709911361804996,560,681,1241,0.0,0.0008333472224535399,0.9717969379532656,-0.00032232070910556134
35192,29.327155452590876,0.9709911361804996,560,681,1241,0.0,0.0008333472224535399,0.9714746172441601,-0.00032232070910556134
35193,29.32798879981333,0.9717969379532635,560,681,1241,0.0008058017727639033,0.0008333472224535399,0.9712328767123308,-0.00024174053182917098
35194,29.328822147035787,0.9726027397260274,560,681,1241,0.0008058017727639033,0.0008333472224570926,0.9712328767123308,0.0
35195,29.32965549425824,0.9734085414987913,560,681,1241,0.0008058017727639033,0.0008333472224535399,0.9713940370668837,0.00016116035455278067
35196,29.330488841480694,0.9734085414987913,560,681,1241,0.0,0.0008333472224535399,0.9717163577759893,0.00032232070910556134
35197,29.331322188703147,0.9742143432715552,560,681,1241,0.0008058017727639033,0.0008333472224535399,0.9720386784850948,0.00032232070910556134
35198,29.3321555359256,0.975825946817083,560,681,1241,0.0016116035455278066,0.0008333472224535399,0.9725221595487532,0.00048348106365834196
35199,29.332988883148055,0.975825946817083,560,681,1241,0.0,0.0008333472224535399,0.9730056406124117,0.00048348106365834196
35200,29.333822230370508,0.9766317485898469,560,681,1241,0.0008058017727639033,0.0008333472224535399,0.9735697018533465,0.0005640612409347323
35201,29.33465557759296,0.9766317485898469,560,681,1241,0.0,0.0008333472224535399,0.9741337630942812,0.0005640612409347323
35202,29.335488924815415,0.9766317485898469,560,681,1241,0.0,0.0008333472224535399,0.974697824335216,0.0005640612409347323
35203,29.33632227203787,0.9766317485898469,560,681,1241,0.0,0.0008333472224535399,0.9751813053988745,0.00048348106365834196
35204,29.337155619260322,0.9766317485898469,560,681,1241,0.0,0.0008333472224535399,0.9755842062852563,0.00040290088638195165
35205,29.337988966482776,0.9774375503626108,560,681,1241,0.0008058017727639033,0.0008333472224535399,0.9759871071716383,0.00040290088638195165
35206,29.33882231370523,0.9774375503626108,560,681,1241,0.0,0.0008333472224535399,0.9763900080580201,0.00040290088638195165
35207,29.339655660927683,0.9774375503626108,560,681,1241,0.0,0.0008333472224535399,0.9767123287671258,0.00032232070910556134
35208,29.340489008150136,0.9774375503626108,560,681,1241,0.0,0.0008333472224535399,0.9768734891216784,0.00016116035455278067
35209,29.34132235537259,0.9774375503626108,560,681,1241,0.0,0.0008333472224535399,0.9770346494762311,0.00016116035455278067
35210,29.342155702595043,0.9774375503626108,560,681,1241,0.0,0.0008333472224535399,0.9771152296535075,8.058017727639034e-05
35211,29.342989049817497,0.9766317485898469,560,681,1241,-0.0008058017727639033,0.0008333472224535399,0.9771152296535075,0.0
35212,29.34382239703995,0.9766317485898469,560,681,1241,0.0,0.0008333472224535399,0.9771152296535075,0.0
35213,29.344655744262404,0.9766317485898469,560,681,1241,0.0,0.0008333472224535399,0.9771152296535075,0.0
35214,29.345489091484858,0.975825946817083,560,681,1241,-0.0008058017727639033,0.0008333472224535399,0.9770346494762311,-8.058017727639034e-05
35215,29.346322438707315,0.9750201450443191,560,681,1241,-0.0008058017727639033,0.0008333472224570926,0.9767929089444018,-0.00024174053182917098
35216,29.34715578592977,0.975825946817083,560,681,1241,0.0008058017727639033,0.0008333472224535399,0.9766317485898492,-0.00016116035455278067
35217,29.347989133152222,0.975825946817083,560,681,1241,0.0,0.0008333472224535399,0.9764705882352965,-0.00016116035455278067
35218,29.348822480374675,0.9750201450443191,560,681,1241,-0.0008058017727639033,0.0008333472224535399,0.9762288477034673,-0.00024174053182917098
35219,29.34965582759713,0.9742143432715552,560,681,1241,-0.0008058017727639033,0.0008333472224535399,0.9759065269943618,-0.00032232070910556134
35220,29.350489174819582,0.9742143432715552,560,681,1241,0.0,0.0008333472224535399,0.9755842062852562,-0.00032232070910556134
35221,29.351322522042036,0.9750201450443191,560,681,1241,0.0008058017727639033,0.0008333472224535399,0.9754230459307033,-0.00016116035455278067
35222,29.35215586926449,0.9750201450443191,560,681,1241,0.0,0.0008333472224535399,0.9752618855761505,-0.00016116035455278067
35223,29.352989216486943,0.9750201450443191,560,681,1241,0.0,0.0008333472224535399,0.9751007252215975,-0.00016116035455278067
35224,29.353822563709397,0.9750201450443191,560,681,1241,0.0,0.0008333472224535399,0.975020145044321,-8.058017727639034e-05
35225,29.35465591093185,0.975825946817083,560,681,1241,0.0008058017727639033,0.0008333472224535399,0.9751007252215975,8.058017727639034e-05
35226,29.355489258154304,0.975825946817083,560,681,1241,0.0,0.0008333472224535399,0.9751007252215975,0.0
35227,29.356322605376757,0.975825946817083,560,681,1241,0.0,0.0008333472224535399,0.9751007252215975,0.0
35228,29.35715595259921,0.975825946817083,560,681,1241,0.0,0.0008333472224535399,0.975181305398874,8.058017727639034e-05
35229,29.357989299821664,0.975825946817083,560,681,1241,0.0,0.0008333472224535399,0.975342465753427,0.00016116035455278067
35230,29.358822647044118,0.9766317485898469,560,681,1241,0.0008058017727639033,0.0008333472224535399,0.9755842062852562,0.00024174053182917098
35231,29.35965599426657,0.9766317485898469,560,681,1241,0.0,0.0008333472224535399,0.975745366639809,0.00016116035455278067
35232,29.360489341489025,0.975825946817083,560,681,1241,-0.0008058017727639033,0.0008333472224535399,0.9758259468170856,8.058017727639034e-05
35233,29.36132268871148,0.975825946817083,560,681,1241,0.0,0.0008333472224535399,0.9759065269943621,8.058017727639034e-05
35234,29.362156035933932,0.9750201450443191,560,681,1241,-0.0008058017727639033,0.0008333472224535399,0.9759065269943621,0.0
35235,29.362989383156386,0.9750201450443191,560,681,1241,0.0,0.0008333472224535399,0.9758259468170856,-8.058017727639034e-05
35236,29.363822730378843,0.9742143432715552,560,681,1241,-0.0008058017727639033,0.0008333472224570926,0.9756647864625327,-0.00016116035455278067
35237,29.364656077601296,0.9742143432715552,560,681,1241,0.0,0.0008333472224535399,0.9755036261079798,-0.00016116035455278067
35238,29.36548942482375,0.9742143432715552,560,681,1241,0.0,0.0008333472224535399,0.975342465753427,-0.00016116035455278067
35239,29.366322772046203,0.9734085414987913,560,681,1241,-0.0008058017727639033,0.0008333472224535399,0.9751007252215977,-0.00024174053182917098
35240,29.367156119268657,0.9734085414987913,560,681,1241,0.0,0.0008333472224535399,0.9747784045124922,-0.00032232070910556134
35241,29.36798946649111,0.9734085414987913,560,681,1241,0.0,0.0008333472224535399,0.9744560838033867,-0.00032232070910556134
35242,29.368822813713564,0.9734085414987913,560,681,1241,0.0,0.0008333472224535399,0.9742143432715574,-0.00024174053182917098
35243,29.369656160936017,0.9734085414987913,560,681,1241,0.0,0.0008333472224535399,0.9739726027397282,-0.00024174053182917098
35244,29.37048950815847,0.9734085414987913,560,681,1241,0.0,0.0008333472224535399,0.9738114423851755,-0.00016116035455278067
35245,29.371322855380924,0.9734085414987913,560,681,1241,0.0,0.0008333472224535399,0.9736502820306228,-0.00016116035455278067
35246,29.372156202603378,0.9734085414987913,560,681,1241,0.0,0.0008333472224535399,0.9735697018533465,-8.058017727639034e-05
35247,29.37298954982583,0.9742143432715552,560,681,1241,0.0008058017727639033,0.0008333472224535399,0.9735697018533465,0.0
35248,29.373822897048285,0.9734085414987913,560,681,1241,-0.0008058017727639033,0.0008333472224535399,0.9734891216760702,-8.058017727639034e-05
35249,29.37465624427074,0.9734085414987913,560,681,1241,0.0,0.0008333472224535399,0.9734891216760702,0.0
35250,29.375489591493192,0.9734085414987913,560,681,1241,0.0,0.0008333472224535399,0.9734891216760702,0.0
35251,29.376322938715646,0.9742143432715552,560,681,1241,0.0008058017727639033,0.0008333472224535399,0.9735697018533465,8.058017727639034e-05
35252,29.3771562859381,0.9742143432715552,560,681,1241,0.0,0.0008333472224535399,0.9736502820306228,8.058017727639034e-05
35253,29.377989633160553,0.975825946817083,560,681,1241,0.0016116035455278066,0.0008333472224535399,0.973892022562452,0.00024174053182917098
35254,29.378822980383006,0.975825946817083,560,681,1241,0.0,0.0008333472224535399,0.9741337630942812,0.00024174053182917098
35255,29.37965632760546,0.975825946817083,560,681,1241,0.0,0.0008333472224535399,0.9743755036261105,0.00024174053182917098
35256,29.380489674827913,0.975825946817083,560,681,1241,0.0,0.0008333472224535399,0.9746172441579397,0.00024174053182917098
35257,29.38132302205037,0.975825946817083,560,681,1241,0.0,0.0008333472224570926,0.9747784045124925,0.00016116035455278067
35258,29.382156369272824,0.9774375503626108,560,681,1241,0.0016116035455278066,0.0008333472224535399,0.9751813053988745,0.00040290088638195165
35259,29.382989716495278,0.9766317485898469,560,681,1241,-0.0008058017727639033,0.0008333472224535399,0.97550362610798,0.00032232070910556134
35260,29.38382306371773,0.9766317485898469,560,681,1241,0.0,0.0008333472224535399,0.9758259468170856,0.00032232070910556134
35261,29.384656410940185,0.9782433521353747,560,681,1241,0.0016116035455278066,0.0008333472224535399,0.9762288477034675,0.00040290088638195165
35262,29.385489758162638,0.9782433521353747,560,681,1241,0.0,0.0008333472224535399,0.9766317485898494,0.00040290088638195165
35263,29.38632310538509,0.9782433521353747,560,681,1241,0.0,0.0008333472224535399,0.9768734891216784,0.00024174053182917098
35264,29.387156452607545,0.9782433521353747,560,681,1241,0.0,0.0008333472224535399,0.9771152296535075,0.00024174053182917098
35265,29.38798979983,0.9790491539081386,560,681,1241,0.0008058017727639033,0.0008333472224535399,0.977437550362613,0.00032232070910556134
35266,29.388823147052452,0.9790491539081386,560,681,1241,0.0,0.0008333472224535399,0.9777598710717186,0.00032232070910556134
35267,29.389656494274906,0.9782433521353747,560,681,1241,-0.0008058017727639033,0.0008333472224535399,0.9780016116035476,0.00024174053182917098
35268,29.39048984149736,0.9782433521353747,560,681,1241,0.0,0.0008333472224535399,0.978082191780824,8.058017727639034e-05
35269,29.391323188719813,0.9790491539081386,560,681,1241,0.0008058017727639033,0.0008333472224535399,0.9783239323126531,0.00024174053182917098
35270,29.392156535942267,0.9798549556809025,560,681,1241,0.0008058017727639033,0.0008333472224535399,0.9786462530217588,0.00032232070910556134
35271,29.39298988316472,0.9790491539081386,560,681,1241,-0.0008058017727639033,0.0008333472224535399,0.9787268331990353,8.058017727639034e-05
35272,29.393823230387174,0.9790491539081386,560,681,1241,0.0,0.0008333472224535399,0.9788074133763118,8.058017727639034e-05
35273,29.394656577609627,0.9790491539081386,560,681,1241,0.0,0.0008333472224535399,0.9788879935535884,8.058017727639034e-05
35274,29.39548992483208,0.9790491539081386,560,681,1241,0.0,0.0008333472224535399,0.9789685737308649,8.058017727639034e-05
35275,29.396323272054534,0.9790491539081386,560,681,1241,0.0,0.0008333472224535399,0.9789685737308649,0.0
35276,29.397156619276988,0.9790491539081386,560,681,1241,0.0,0.0008333472224535399,0.9789685737308649,0.0
35277,29.39798996649944,0.9790491539081386,560,681,1241,0.0,0.0008333472224535399,0.9790491539081414,8.058017727639034e-05
35278,29.398823313721895,0.9790491539081386,560,681,1241,0.0,0.0008333472224535399,0.9791297340854179,8.058017727639034e-05
35279,29.399656660944352,0.9790491539081386,560,681,1241,0.0,0.0008333472224570926,0.9791297340854179,0.0
35280,29.400490008166805,0.9782433521353747,560,681,1241,-0.0008058017727639033,0.0008333472224535399,0.978968573730865,-0.00016116035455278067
35281,29.40132335538926,0.9782433521353747,560,681,1241,0.0,0.0008333472224535399,0.9788879935535885,-8.058017727639034e-05
35282,29.402156702611713,0.9782433521353747,560,681,1241,0.0,0.0008333472224535399,0.9788074133763119,-8.058017727639034e-05
35283,29.402990049834166,0.9782433521353747,560,681,1241,0.0,0.0008333472224535399,0.9787268331990354,-8.058017727639034e-05
35284,29.40382339705662,0.9782433521353747,560,681,1241,0.0,0.0008333472224535399,0.9786462530217589,-8.058017727639034e-05
35285,29.404656744279073,0.9782433521353747,560,681,1241,0.0,0.0008333472224535399,0.9785656728444824,-8.058017727639034e-05
35286,29.405490091501527,0.9774375503626108,560,681,1241,-0.0008058017727639033,0.0008333472224535399,0.9784045124899295,-0.00016116035455278067
35287,29.40632343872398,0.9782433521353747,560,681,1241,0.0008058017727639033,0.0008333472224535399,0.978323932312653,-8.058017727639034e-05
35288,29.407156785946434,0.9782433521353747,560,681,1241,0.0,0.0008333472224535399,0.9782433521353765,-8.058017727639034e-05
35289,29.407990133168887,0.9782433521353747,560,681,1241,0.0,0.0008333472224535399,0.9781627719581,-8.058017727639034e-05
35290,29.40882348039134,0.9782433521353747,560,681,1241,0.0,0.0008333472224535399,0.9781627719581,0.0
35291,29.409656827613794,0.9790491539081386,560,681,1241,0.0008058017727639033,0.0008333472224535399,0.9782433521353765,8.058017727639034e-05
35292,29.410490174836248,0.9790491539081386,560,681,1241,0.0,0.0008333472224535399,0.978323932312653,8.058017727639034e-05
35293,29.4113235220587,0.9782433521353747,560,681,1241,-0.0008058017727639033,0.0008333472224535399,0.978323932312653,0.0
35294,29.412156869281155,0.9790491539081386,560,681,1241,0.0008058017727639033,0.0008333472224535399,0.9784045124899295,8.058017727639034e-05
35295,29.41299021650361,0.9782433521353747,560,681,1241,-0.0008058017727639033,0.0008333472224535399,0.9784045124899295,0.0
35296,29.413823563726062,0.9774375503626108,560,681,1241,-0.0008058017727639033,0.0008333472224535399,0.9784045124899295,0.0
35297,29.414656910948516,0.9782433521353747,560,681,1241,0.0008058017727639033,0.0008333472224535399,0.9784045124899295,0.0
35298,29.41549025817097,0.9782433521353747,560,681,1241,0.0,0.0008333472224535399,0.9784045124899295,0.0
35299,29.416323605393423,0.9790491539081386,560,681,1241,0.0008058017727639033,0.0008333472224535399,0.9784850926672061,8.058017727639034e-05
35300,29.41715695261588,0.9798549556809025,560,681,1241,0.0008058017727639033,0.0008333472224570926,0.9786462530217589,0.00016116035455278067
35301,29.417990299838333,0.9798549556809025,560,681,1241,0.0,0.0008333472224535399,0.9787268331990353,8.058017727639034e-05
35302,29.418823647060787,0.9806607574536664,560,681,1241,0.0008058017727639033,0.0008333472224535399,0.9788879935535879,0.00016116035455278067
35303,29.41965699428324,0.9814665592264303,560,681,1241,0.0008058017727639033,0.0008333472224535399,0.9792103142626936,0.00032232070910556134
35304,29.420490341505694,0.9806607574536664,560,681,1241,-0.0008058017727639033,0.0008333472224535399,0.9793714746172462,0.00016116035455278067
35305,29.421323688728148,0.9806607574536664,560,681,1241,0.0,0.0008333472224535399,0.9796132151490754,0.00024174053182917098
35306,29.4221570359506,0.9798549556809025,560,681,1241,-0.0008058017727639033,0.0008333472224535399,0.9798549556809046,0.00024174053182917098
35307,29.422990383173055,0.9798549556809025,560,681,1241,0.0,0.0008333472224535399,0.9800161160354575,0.00016116035455278067
35308,29.423823730395508,0.9782433521353747,560,681,1241,-0.0016116035455278066,0.0008333472224535399,0.9800161160354575,0.0
35309,29.42465707761796,0.9790491539081386,560,681,1241,0.0008058017727639033,0.0008333472224535399,0.9800161160354575,0.0
35310,29.425490424840415,0.9790491539081386,560,681,1241,0.0,0.0008333472224535399,0.9799355358581812,-8.058017727639034e-05
35311,29.42632377206287,0.9798549556809025,560,681,1241,0.0008058017727639033,0.0008333472224535399,0.9799355358581812,0.0
35312,29.427157119285322,0.9798549556809025,560,681,1241,0.0,0.0008333472224535399,0.9798549556809049,-8.058017727639034e-05
35313,29.427990466507776,0.9798549556809025,560,681,1241,0.0,0.0008333472224535399,0.9796937953263521,-0.00016116035455278067
35314,29.42882381373023,0.9798549556809025,560,681,1241,0.0,0.0008333472224535399,0.9796132151490757,-8.058017727639034e-05
35315,29.429657160952683,0.9798549556809025,560,681,1241,0.0,0.0008333472224535399,0.9795326349717994,-8.058017727639034e-05
35316,29.430490508175136,0.9806607574536664,560,681,1241,0.0008058017727639033,0.0008333472224535399,0.9796132151490757,8.058017727639034e-05
35317,29.43132385539759,0.9814665592264303,560,681,1241,0.0008058017727639033,0.0008333472224535399,0.9797743755036284,0.00016116035455278067
35318,29.432157202620044,0.9814665592264303,560,681,1241,0.0,0.0008333472224535399,0.980096696212734,0.00032232070910556134
35319,29.432990549842497,0.9806607574536664,560,681,1241,-0.0008058017727639033,0.0008333472224535399,0.9802578565672867,0.00016116035455278067
35320,29.43382389706495,0.9814665592264303,560,681,1241,0.0008058017727639033,0.0008333472224535399,0.9804995970991157,0.00024174053182917098
35321,29.434657244287408,0.9814665592264303,560,681,1241,0.0,0.0008333472224570926,0.9806607574536684,0.00016116035455278067
35322,29.43549059150986,0.9814665592264303,560,681,1241,0.0,0.0008333472224535399,0.9808219178082211,0.00016116035455278067
35323,29.436323938732315,0.9806607574536664,560,681,1241,-0.0008058017727639033,0.0008333472224535399,0.9809024979854974,8.058017727639034e-05
35324,29.43715728595477,0.9806607574536664,560,681,1241,0.0,0.0008333472224535399,0.9809830781627739,8.058017727639034e-05
35325,29.437990633177222,0.9806607574536664,560,681,1241,0.0,0.0008333472224535399,0.9810636583400502,8.058017727639034e-05
35326,29.438823980399675,0.9806607574536664,560,681,1241,0.0,0.0008333472224535399,0.9810636583400502,0.0
35327,29.43965732762213,0.9806607574536664,560,681,1241,0.0,0.0008333472224535399,0.9809830781627739,-8.058017727639034e-05
35328,29.440490674844582,0.9806607574536664,560,681,1241,0.0,0.0008333472224535399,0.9809024979854974,-8.058017727639034e-05
35329,29.441324022067036,0.9806607574536664,560,681,1241,0.0,0.0008333472224535399,0.9809024979854974,0.0
35330,29.44215736928949,0.9814665592264303,560,681,1241,0.0008058017727639033,0.0008333472224535399,0.9809024979854974,0.0
35331,29.442990716511943,0.9822723609991942,560,681,1241,0.0008058017727639033,0.0008333472224535399,0.980983078162774,8.058017727639034e-05
35332,29.443824063734397,0.9822723609991942,560,681,1241,0.0,0.0008333472224535399,0.9810636583400505,8.058017727639034e-05
35333,29.44465741095685,0.9830781627719581,560,681,1241,0.0008058017727639033,0.0008333472224535399,0.9813053988718797,0.00024174053182917098
35334,29.445490758179304,0.983883964544722,560,681,1241,0.0008058017727639033,0.0008333472224535399,0.9816277195809853,0.00032232070910556134
35335,29.446324105401757,0.9830781627719581,560,681,1241,-0.0008058017727639033,0.0008333472224535399,0.9818694601128145,0.00024174053182917098
35336,29.44715745262421,0.983883964544722,560,681,1241,0.0008058017727639033,0.0008333472224535399,0.98219178082192,0.00032232070910556134
35337,29.447990799846664,0.984689766317486,560,681,1241,0.0008058017727639033,0.0008333472224535399,0.982594681708302,0.00040290088638195165
35338,29.448824147069118,0.984689766317486,560,681,1241,0.0,0.0008333472224535399,0.982997582594684,0.00040290088638195165
35339,29.44965749429157,0.984689766317486,560,681,1241,0.0,0.0008333472224535399,0.9834004834810658,0.00040290088638195165
35340,29.450490841514025,0.984689766317486,560,681,1241,0.0,0.0008333472224535399,0.9837228041901713,0.00032232070910556134
35341,29.45132418873648,0.984689766317486,560,681,1241,0.0,0.0008333472224535399,0.9839645447220005,0.00024174053182917098
35342,29.452157535958936,0.984689766317486,560,681,1241,0.0,0.0008333472224570926,0.9842062852538295,0.00024174053182917098
35343,29.45299088318139,0.984689766317486,560,681,1241,0.0,0.0008333472224535399,0.9843674456083822,0.00016116035455278067
35344,29.453824230403843,0.984689766317486,560,681,1241,0.0,0.0008333472224535399,0.9844480257856585,8.058017727639034e-05
35345,29.454657577626296,0.984689766317486,560,681,1241,0.0,0.0008333472224535399,0.9846091861402112,0.00016116035455278067
35346,29.45549092484875,0.984689766317486,560,681,1241,0.0,0.0008333472224535399,0.9846897663174875,8.058017727639034e-05
35347,29.456324272071203,0.984689766317486,560,681,1241,0.0,0.0008333472224535399,0.9846897663174875,0.0
35348,29.457157619293657,0.9854955680902499,560,681,1241,0.0008058017727639033,0.0008333472224535399,0.984770346494764,8.058017727639034e-05
35349,29.45799096651611,0.983883964544722,560,681,1241,-0.0016116035455278066,0.0008333472224535399,0.9846897663174877,-8.058017727639034e-05
35350,29.458824313738564,0.983883964544722,560,681,1241,0.0,0.0008333472224535399,0.9846091861402113,-8.058017727639034e-05
35351,29.459657660961017,0.9830781627719581,560,681,1241,-0.0008058017727639033,0.0008333472224535399,0.9844480257856587,-0.00016116035455278067
35352,29.46049100818347,0.9830781627719581,560,681,1241,0.0,0.0008333472224535399,0.984286865431106,-0.00016116035455278067
35353,29.461324355405925,0.9830781627719581,560,681,1241,0.0,0.0008333472224535399,0.9841257050765533,-0.00016116035455278067
35354,29.462157702628378,0.9830781627719581,560,681,1241,0.0,0.0008333472224535399,0.9839645447220006,-0.00016116035455278067
35355,29.46299104985083,0.9822723609991942,560,681,1241,-0.0008058017727639033,0.0008333472224535399,0.9837228041901716,-0.00024174053182917098
35356,29.463824397073285,0.9822723609991942,560,681,1241,0.0,0.0008333472224535399,0.9834810636583425,-0.00024174053182917098
35357,29.46465774429574,0.9822723609991942,560,681,1241,0.0,0.0008333472224535399,0.9832393231265135,-0.00024174053182917098
35358,29.465491091518192,0.983883964544722,560,681,1241,0.0016116035455278066,0.0008333472224535399,0.9830781627719606,-0.00016116035455278067
35359,29.466324438740646,0.983883964544722,560,681,1241,0.0,0.0008333472224535399,0.9830781627719606,0.0
35360,29.4671577859631,0.983883964544722,560,681,1241,0.0,0.0008333472224535399,0.9830781627719606,0.0
35361,29.467991133185553,0.983883964544722,560,681,1241,0.0,0.0008333472224535399,0.983158742949237,8.058017727639034e-05
35362,29.468824480408006,0.983883964544722,560,681,1241,0.0,0.0008333472224535399,0.9832393231265133,8.058017727639034e-05
35363,29.469657827630463,0.9830781627719581,560,681,1241,-0.0008058017727639033,0.0008333472224570926,0.9832393231265133,0.0
35364,29.470491174852917,0.983883964544722,560,681,1241,0.0008058017727639033,0.0008333472224535399,0.9833199033037896,8.058017727639034e-05
35365,29.47132452207537,0.9830781627719581,560,681,1241,-0.0008058017727639033,0.0008333472224535399,0.983400483481066,8.058017727639034e-05
35366,29.472157869297824,0.9830781627719581,560,681,1241,0.0,0.0008333472224535399,0.9834810636583423,8.058017727639034e-05
35367,29.472991216520278,0.9830781627719581,560,681,1241,0.0,0.0008333472224535399,0.9835616438356187,8.058017727639034e-05
35368,29.47382456374273,0.9822723609991942,560,681,1241,-0.0008058017727639033,0.0008333472224535399,0.983400483481066,-0.00016116035455278067
35369,29.474657910965185,0.9822723609991942,560,681,1241,0.0,0.0008333472224535399,0.9832393231265133,-0.00016116035455278067
35370,29.47549125818764,0.9822723609991942,560,681,1241,0.0,0.0008333472224535399,0.9830781627719606,-0.00016116035455278067
35371,29.476324605410092,0.9830781627719581,560,681,1241,0.0008058017727639033,0.0008333472224535399,0.9829975825946843,-8.058017727639034e-05
35372,29.477157952632545,0.9830781627719581,560,681,1241,0.0,0.0008333472224535399,0.9829170024174079,-8.058017727639034e-05
35373,29.477991299855,0.9822723609991942,560,681,1241,-0.0008058017727639033,0.0008333472224535399,0.9828364222401316,-8.058017727639034e-05
35374,29.478824647077452,0.9822723609991942,560,681,1241,0.0,0.0008333472224535399,0.9826752618855789,-0.00016116035455278067
35375,29.479657994299906,0.9822723609991942,560,681,1241,0.0,0.0008333472224535399,0.9825946817083026,-8.058017727639034e-05
35376,29.48049134152236,0.9822723609991942,560,681,1241,0.0,0.0008333472224535399,0.9825141015310261,-8.058017727639034e-05
35377,29.481324688744813,0.9822723609991942,560,681,1241,0.0,0.0008333472224535399,0.9824335213537498,-8.058017727639034e-05
35378,29.482158035967267,0.9814665592264303,560,681,1241,-0.0008058017727639033,0.0008333472224535399,0.9823529411764733,-8.058017727639034e-05
35379,29.48299138318972,0.9830781627719581,560,681,1241,0.0016116035455278066,0.0008333472224535399,0.9824335213537496,8.058017727639034e-05
35380,29.483824730412174,0.9830781627719581,560,681,1241,0.0,0.0008333472224535399,0.982514101531026,8.058017727639034e-05
35381,29.484658077634627,0.9830781627719581,560,681,1241,0.0,0.0008333472224535399,0.982514101531026,0.0
35382,29.48549142485708,0.9822723609991942,560,681,1241,-0.0008058017727639033,0.0008333472224535399,0.9824335213537496,-8.058017727639034e-05
35383,29.486324772079534,0.9822723609991942,560,681,1241,0.0,0.0008333472224535399,0.9824335213537496,0.0
35384,29.48715811930199,0.9822723609991942,560,681,1241,0.0,0.0008333472224570926,0.9824335213537496,0.0
35385,29.487991466524445,0.9822723609991942,560,681,1241,0.0,0.0008333472224535399,0.9824335213537496,0.0
35386,29.4888248137469,0.9822723609991942,560,681,1241,0.0,0.0008333472224535399,0.9824335213537496,0.0
35387,29.489658160969352,0.9822723609991942,560,681,1241,0.0,0.0008333472224535399,0.9824335213537496,0.0
35388,29.490491508191806,0.9822723609991942,560,681,1241,0.0,0.0008333472224535399,0.9825141015310261,8.058017727639034e-05
35389,29.49132485541426,0.9822723609991942,560,681,1241,0.0,0.0008333472224535399,0.9824335213537498,-8.058017727639034e-05
35390,29.492158202636713,0.983883964544722,560,681,1241,0.0016116035455278066,0.0008333472224535399,0.9825141015310261,8.058017727639034e-05
35391,29.492991549859166,0.983883964544722,560,681,1241,0.0,0.0008333472224535399,0.9825946817083026,8.058017727639034e-05
35392,29.49382489708162,0.983883964544722,560,681,1241,0.0,0.0008333472224535399,0.9827558420628553,0.00016116035455278067
35393,29.494658244304073,0.983883964544722,560,681,1241,0.0,0.0008333472224535399,0.9829170024174079,0.00016116035455278067
35394,29.495491591526527,0.9830781627719581,560,681,1241,-0.0008058017727639033,0.0008333472224535399,0.9829975825946843,8.058017727639034e-05
35395,29.49632493874898,0.9822723609991942,560,681,1241,-0.0008058017727639033,0.0008333472224535399,0.9829975825946843,0.0
35396,29.497158285971434,0.9830781627719581,560,681,1241,0.0008058017727639033,0.0008333472224535399,0.9830781627719606,8.058017727639034e-05
35397,29.497991633193887,0.9830781627719581,560,681,1241,0.0,0.0008333472224535399,0.983158742949237,8.058017727639034e-05
35398,29.49882498041634,0.9830781627719581,560,681,1241,0.0,0.0008333472224535399,0.9832393231265133,8.058017727639034e-05
35399,29.499658327638794,0.9830781627719581,560,681,1241,0.0,0.0008333472224535399,0.9833199033037896,8.058017727639034e-05
35400,29.500491674861248,0.983883964544722,560,681,1241,0.0008058017727639033,0.0008333472224535399,0.9833199033037896,0.0
35401,29.5013250220837,0.983883964544722,560,681,1241,0.0,0.0008333472224535399,0.9833199033037896,0.0
35402,29.502158369306155,0.9830781627719581,560,681,1241,-0.0008058017727639033,0.0008333472224535399,0.9832393231265133,-8.058017727639034e-05
35403,29.50299171652861,0.9822723609991942,560,681,1241,-0.0008058017727639033,0.0008333472224535399,0.9830781627719606,-0.00016116035455278067
35404,29.503825063751062,0.9822723609991942,560,681,1241,0.0,0.0008333472224535399,0.9829975825946843,-8.058017727639034e-05
35405,29.504658410973516,0.9830781627719581,560,681,1241,0.0008058017727639033,0.0008333472224535399,0.9830781627719606,8.058017727639034e-05
35406,29.505491758195973,0.9830781627719581,560,681,1241,0.0,0.0008333472224570926,0.9830781627719606,0.0
35407,29.506325105418426,0.9830781627719581,560,681,1241,0.0,0.0008333472224535399,0.9830781627719606,0.0
35408,29.50715845264088,0.9822723609991942,560,681,1241,-0.0008058017727639033,0.0008333472224535399,0.9829975825946843,-8.058017727639034e-05
35409,29.507991799863333,0.9830781627719581,560,681,1241,0.0008058017727639033,0.0008333472224535399,0.9829975825946843,0.0
35410,29.508825147085787,0.9830781627719581,560,681,1241,0.0,0.0008333472224535399,0.9829170024174079,-8.058017727639034e-05
35411,29.50965849430824,0.9830781627719581,560,681,1241,0.0,0.0008333472224535399,0.9828364222401316,-8.058017727639034e-05
35412,29.510491841530694,0.9830781627719581,560,681,1241,0.0,0.0008333472224535399,0.9828364222401316,0.0
35413,29.511325188753148,0.9814665592264303,560,681,1241,-0.0016116035455278066,0.0008333472224535399,0.982755842062855,-8.058017727639034e-05
35414,29.5121585359756,0.9814665592264303,560,681,1241,0.0,0.0008333472224535399,0.9826752618855785,-8.058017727639034e-05
35415,29.512991883198055,0.9822723609991942,560,681,1241,0.0008058017727639033,0.0008333472224535399,0.9825946817083022,-8.058017727639034e-05
35416,29.513825230420508,0.9830781627719581,560,681,1241,0.0008058017727639033,0.0008333472224535399,0.9825946817083022,0.0
35417,29.51465857764296,0.984689766317486,560,681,1241,0.0016116035455278066,0.0008333472224535399,0.9827558420628548,0.00016116035455278067
35418,29.515491924865415,0.9854955680902499,560,681,1241,0.0008058017727639033,0.0008333472224535399,0.9830781627719605,0.00032232070910556134
35419,29.51632527208787,0.9854955680902499,560,681,1241,0.0,0.0008333472224535399,0.9833199033037896,0.00024174053182917098
35420,29.517158619310322,0.9854955680902499,560,681,1241,0.0,0.0008333472224535399,0.9835616438356188,0.00024174053182917098
35421,29.517991966532776,0.9854955680902499,560,681,1241,0.0,0.0008333472224535399,0.9838033843674481,0.00024174053182917098
35422,29.51882531375523,0.9854955680902499,560,681,1241,0.0,0.0008333472224535399,0.9840451248992773,0.00024174053182917098
35423,29.519658660977683,0.984689766317486,560,681,1241,-0.0008058017727639033,0.0008333472224535399,0.9843674456083829,0.00032232070910556134
35424,29.520492008200137,0.984689766317486,560,681,1241,0.0,0.0008333472224535399,0.9846897663174884,0.00032232070910556134
35425,29.52132535542259,0.984689766317486,560,681,1241,0.0,0.0008333472224535399,0.9849315068493174,0.00024174053182917098
35426,29.522158702645044,0.984689766317486,560,681,1241,0.0,0.0008333472224535399,0.9850926672038701,0.00016116035455278067
35427,29.5229920498675,0.9854955680902499,560,681,1241,0.0008058017727639033,0.0008333472224570926,0.9851732473811466,8.058017727639034e-05
35428,29.523825397089954,0.984689766317486,560,681,1241,-0.0008058017727639033,0.0008333472224535399,0.9850926672038701,-8.058017727639034e-05
35429,29.524658744312408,0.984689766317486,560,681,1241,0.0,0.0008333472224535399,0.9850120870265936,-8.058017727639034e-05
35430,29.52549209153486,0.984689766317486,560,681,1241,0.0,0.0008333472224535399,0.9849315068493171,-8.058017727639034e-05
35431,29.526325438757315,0.983883964544722,560,681,1241,-0.0008058017727639033,0.0008333472224535399,0.9847703464947642,-0.00016116035455278067
35432,29.52715878597977,0.984689766317486,560,681,1241,0.0008058017727639033,0.0008333472224535399,0.9846897663174877,-8.058017727639034e-05
35433,29.527992133202222,0.9854955680902499,560,681,1241,0.0008058017727639033,0.0008333472224535399,0.9847703464947642,8.058017727639034e-05
35434,29.528825480424675,0.983883964544722,560,681,1241,-0.0016116035455278066,0.0008333472224535399,0.9846897663174878,-8.058017727639034e-05
35435,29.52965882764713,0.983883964544722,560,681,1241,0.0,0.0008333472224535399,0.9846091861402115,-8.058017727639034e-05
35436,29.530492174869583,0.9830781627719581,560,681,1241,-0.0008058017727639033,0.0008333472224535399,0.9844480257856588,-0.00016116035455278067
35437,29.531325522092036,0.9830781627719581,560,681,1241,0.0,0.0008333472224535399,0.9842062852538296,-0.00024174053182917098
35438,29.53215886931449,0.9830781627719581,560,681,1241,0.0,0.0008333472224535399,0.984045124899277,-0.00016116035455278067
35439,29.532992216536943,0.983883964544722,560,681,1241,0.0008058017727639033,0.0008333472224535399,0.9839645447220006,-8.058017727639034e-05
35440,29.533825563759397,0.983883964544722,560,681,1241,0.0,0.0008333472224535399,0.9838839645447243,-8.058017727639034e-05
35441,29.53465891098185,0.983883964544722,560,681,1241,0.0,0.0008333472224535399,0.9838839645447243,0.0
35442,29.535492258204304,0.983883964544722,560,681,1241,0.0,0.0008333472224535399,0.9838033843674479,-8.058017727639034e-05
35443,29.536325605426757,0.9830781627719581,560,681,1241,-0.0008058017727639033,0.0008333472224535399,0.9835616438356187,-0.00024174053182917098
35444,29.53715895264921,0.983883964544722,560,681,1241,0.0008058017727639033,0.0008333472224535399,0.9835616438356187,0.0
35445,29.537992299871664,0.983883964544722,560,681,1241,0.0,0.0008333472224535399,0.9835616438356187,0.0
35446,29.538825647094118,0.9822723609991942,560,681,1241,-0.0016116035455278066,0.0008333472224535399,0.9834810636583423,-8.058017727639034e-05
35447,29.53965899431657,0.9830781627719581,560,681,1241,0.0008058017727639033,0.0008333472224535399,0.9834810636583423,0.0
35448,29.54049234153903,0.983883964544722,560,681,1241,0.0008058017727639033,0.0008333472224570926,0.9835616438356187,8.058017727639034e-05
35449,29.541325688761482,0.983883964544722,560,681,1241,0.0,0.0008333472224535399,0.9835616438356187,0.0
35450,29.542159035983936,0.983883964544722,560,681,1241,0.0,0.0008333472224535399,0.9835616438356187,0.0
35451,29.54299238320639,0.983883964544722,560,681,1241,0.0,0.0008333472224535399,0.9835616438356187,0.0
35452,29.543825730428843,0.983883964544722,560,681,1241,0.0,0.0008333472224535399,0.9835616438356187,0.0
35453,29.544659077651296,0.983883964544722,560,681,1241,0.0,0.0008333472224535399,0.983642224012895,8.058017727639034e-05
35454,29.54549242487375,0.983883964544722,560,681,1241,0.0,0.0008333472224535399,0.983642224012895,0.0
35455,29.546325772096203,0.983883964544722,560,681,1241,0.0,0.0008333472224535399,0.983642224012895,0.0
35456,29.547159119318657,0.983883964544722,560,681,1241,0.0,0.0008333472224535399,0.9838033843674477,0.00016116035455278067
35457,29.54799246654111,0.9854955680902499,560,681,1241,0.0016116035455278066,0.0008333472224535399,0.984045124899277,0.00024174053182917098
35458,29.548825813763564,0.9854955680902499,560,681,1241,0.0,0.0008333472224535399,0.9842062852538298,0.00016116035455278067
35459,29.549659160986018,0.9854955680902499,560,681,1241,0.0,0.0008333472224535399,0.9843674456083826,0.00016116035455278067
35460,29.55049250820847,0.9854955680902499,560,681,1241,0.0,0.0008333472224535399,0.9845286059629356,0.00016116035455278067
35461,29.551325855430925,0.9863013698630136,560,681,1241,0.0008058017727637923,0.0008333472224535399,0.9847703464947648,0.0002417405318291599
35462,29.552159202653378,0.9863013698630136,560,681,1241,0.0,0.0008333472224535399,0.9850120870265939,0.0002417405318291599
35463,29.55299254987583,0.9863013698630136,560,681,1241,0.0,0.0008333472224535399,0.9852538275584232,0.0002417405318291599
35464,29.553825897098285,0.9863013698630136,560,681,1241,0.0,0.0008333472224535399,0.9854955680902524,0.0002417405318291599
35465,29.55465924432074,0.9854955680902499,560,681,1241,-0.0008058017727637923,0.0008333472224535399,0.9856567284448052,0.00016116035455278067
35466,29.555492591543192,0.9863013698630136,560,681,1241,0.0008058017727637923,0.0008333472224535399,0.9858984689766345,0.0002417405318291599
35467,29.556325938765646,0.9863013698630136,560,681,1241,0.0,0.0008333472224535399,0.9859790491539109,8.058017727637922e-05
35468,29.5571592859881,0.9863013698630136,560,681,1241,0.0,0.0008333472224535399,0.9860596293311872,8.058017727637922e-05
35469,29.557992633210556,0.9871071716357775,560,681,1241,0.0008058017727639033,0.0008333472224570926,0.9862207896857399,0.00016116035455276956
35470,29.55882598043301,0.9871071716357775,560,681,1241,0.0,0.0008333472224535399,0.9863819500402926,0.00016116035455276956
35471,29.559659327655464,0.9871071716357775,560,681,1241,0.0,0.0008333472224535399,0.9864625302175689,8.058017727639034e-05
35472,29.560492674877917,0.9871071716357775,560,681,1241,0.0,0.0008333472224535399,0.9865431103948452,8.058017727639034e-05
35473,29.56132602210037,0.9871071716357775,560,681,1241,0.0,0.0008333472224535399,0.9866236905721216,8.058017727639034e-05
35474,29.562159369322824,0.9871071716357775,560,681,1241,0.0,0.0008333472224535399,0.9867042707493979,8.058017727639034e-05
35475,29.562992716545278,0.9871071716357775,560,681,1241,0.0,0.0008333472224535399,0.9868654311039506,0.00016116035455276956
35476,29.56382606376773,0.9871071716357775,560,681,1241,0.0,0.0008333472224535399,0.9869460112812269,8.058017727639034e-05
35477,29.564659410990185,0.9871071716357775,560,681,1241,0.0,0.0008333472224535399,0.9870265914585034,8.058017727639034e-05
35478,29.56549275821264,0.9871071716357775,560,681,1241,0.0,0.0008333472224535399,0.9871071716357797,8.058017727639034e-05
35479,29.566326105435092,0.9871071716357775,560,681,1241,0.0,0.0008333472224535399,0.9871071716357797,0.0
35480,29.567159452657545,0.9879129734085415,560,681,1241,0.0008058017727639033,0.0008333472224535399,0.9871877518130561,8.058017727639034e-05
35481,29.56799279988,0.9863013698630136,560,681,1241,-0.0016116035455278066,0.0008333472224535399,0.9871071716357797,-8.058017727639034e-05
35482,29.568826147102452,0.9854955680902499,560,681,1241,-0.0008058017727637923,0.0008333472224535399,0.9869460112812269,-0.00016116035455276956
35483,29.569659494324906,0.9854955680902499,560,681,1241,0.0,0.0008333472224535399,0.9867848509266743,-0.00016116035455276956
35484,29.57049284154736,0.983883964544722,560,681,1241,-0.0016116035455278066,0.0008333472224535399,0.9864625302175687,-0.00032232070910555023
35485,29.571326188769813,0.9854955680902499,560,681,1241,0.0016116035455278066,0.0008333472224535399,0.9863013698630161,-0.00016116035455276956
35486,29.572159535992267,0.9854955680902499,560,681,1241,0.0,0.0008333472224535399,0.9861402095084634,-0.00016116035455276956
35487,29.57299288321472,0.984689766317486,560,681,1241,-0.0008058017727639033,0.0008333472224535399,0.9858984689766341,-0.0002417405318291599
35488,29.573826230437174,0.984689766317486,560,681,1241,0.0,0.0008333472224535399,0.9856567284448049,-0.0002417405318291599
35489,29.574659577659627,0.9854955680902499,560,681,1241,0.0008058017727639033,0.0008333472224535399,0.9854955680902522,-0.00016116035455276956
35490,29.575492924882084,0.984689766317486,560,681,1241,-0.0008058017727639033,0.0008333472224570926,0.9851732473811466,-0.00032232070910555023
35491,29.576326272104538,0.9854955680902499,560,681,1241,0.0008058017727639033,0.0008333472224535399,0.9850926672038703,-8.058017727637922e-05
35492,29.57715961932699,0.984689766317486,560,681,1241,-0.0008058017727639033,0.0008333472224535399,0.9850120870265938,-8.058017727639034e-05
35493,29.577992966549445,0.9863013698630136,560,681,1241,0.0016116035455276956,0.0008333472224535399,0.9850926672038701,8.058017727637922e-05
35494,29.5788263137719,0.9863013698630136,560,681,1241,0.0,0.0008333472224535399,0.9853344077356994,0.0002417405318291599
35495,29.579659660994352,0.9871071716357775,560,681,1241,0.0008058017727639033,0.0008333472224535399,0.9854955680902521,0.00016116035455276956
35496,29.580493008216806,0.9871071716357775,560,681,1241,0.0,0.0008333472224535399,0.9856567284448048,0.00016116035455276956
35497,29.58132635543926,0.9871071716357775,560,681,1241,0.0,0.0008333472224535399,0.9858984689766339,0.0002417405318291599
35498,29.582159702661713,0.9863013698630136,560,681,1241,-0.0008058017727639033,0.0008333472224535399,0.9860596293311868,0.00016116035455276956
35499,29.582993049884166,0.9863013698630136,560,681,1241,0.0,0.0008333472224535399,0.9861402095084632,8.058017727637922e-05
35500,29.58382639710662,0.9871071716357775,560,681,1241,0.0008058017727639033,0.0008333472224535399,0.9863819500402924,0.0002417405318291599
35501,29.584659744329073,0.9871071716357775,560,681,1241,0.0,0.0008333472224535399,0.9865431103948451,0.00016116035455276956
35502,29.585493091551527,0.9871071716357775,560,681,1241,0.0,0.0008333472224535399,0.9867848509266743,0.0002417405318291599
35503,29.58632643877398,0.9871071716357775,560,681,1241,0.0,0.0008333472224535399,0.9868654311039506,8.058017727639034e-05
35504,29.587159785996434,0.9887187751813054,560,681,1241,0.0016116035455278066,0.0008333472224535399,0.9871071716357797,0.00024174053182917098
35505,29.587993133218887,0.9887187751813054,560,681,1241,0.0,0.0008333472224535399,0.9872683319903324,0.00016116035455278067
35506,29.58882648044134,0.9895245769540693,560,681,1241,0.0008058017727639033,0.0008333472224535399,0.9875100725221616,0.00024174053182917098
35507,29.589659827663795,0.9903303787268332,560,681,1241,0.0008058017727639033,0.0008333472224535399,0.9878323932312671,0.00032232070910556134
35508,29.590493174886248,0.9903303787268332,560,681,1241,0.0,0.0008333472224535399,0.9882352941176491,0.00040290088638195165
35509,29.5913265221087,0.991941982272361,560,681,1241,0.0016116035455278066,0.0008333472224535399,0.9887993553585837,0.0005640612409347323
35510,29.592159869331155,0.991941982272361,560,681,1241,0.0,0.0008333472224535399,0.9892828364222421,0.00048348106365834196
35511,29.59299321655361,0.991941982272361,560,681,1241,0.0,0.0008333472224535399,0.9897663174859005,0.00048348106365834196
35512,29.593826563776066,0.991941982272361,560,681,1241,0.0,0.0008333472224570926,0.990249798549559,0.00048348106365834196
35513,29.59465991099852,0.9927477840451249,560,681,1241,0.0008058017727639033,0.0008333472224535399,0.9908138597904937,0.0005640612409347323
35514,29.595493258220973,0.9927477840451249,560,681,1241,0.0,0.0008333472224535399,0.9912167606768758,0.00040290088638195165
35515,29.596326605443426,0.9927477840451249,560,681,1241,0.0,0.0008333472224535399,0.9916196615632579,0.00040290088638195165
35516,29.59715995266588,0.9935535858178888,560,681,1241,0.0008058017727639033,0.0008333472224535399,0.9920225624496398,0.00040290088638195165
35517,29.597993299888333,0.9927477840451249,560,681,1241,-0.0008058017727639033,0.0008333472224535399,0.9922643029814691,0.00024174053182917098
35518,29.598826647110787,0.9927477840451249,560,681,1241,0.0,0.0008333472224535399,0.9925060435132982,0.00024174053182917098
35519,29.59965999433324,0.9927477840451249,560,681,1241,0.0,0.0008333472224535399,0.9925866236905747,8.058017727639034e-05
35520,29.600493341555694,0.9935535858178888,560,681,1241,0.0008058017727639033,0.0008333472224535399,0.9927477840451274,0.00016116035455278067
35521,29.601326688778148,0.9935535858178888,560,681,1241,0.0,0.0008333472224535399,0.9929089443996801,0.00016116035455278067
35522,29.6021600360006,0.9927477840451249,560,681,1241,-0.0008058017727639033,0.0008333472224535399,0.9929895245769564,8.058017727639034e-05
35523,29.602993383223055,0.991941982272361,560,681,1241,-0.0008058017727639033,0.0008333472224535399,0.9929089443996801,-8.058017727639034e-05
35524,29.60382673044551,0.9927477840451249,560,681,1241,0.0008058017727639033,0.0008333472224535399,0.9929089443996801,0.0
35525,29.604660077667962,0.9927477840451249,560,681,1241,0.0,0.0008333472224535399,0.9929089443996801,0.0
35526,29.605493424890415,0.9943593875906527,560,681,1241,0.0016116035455278066,0.0008333472224535399,0.9929895245769564,8.058017727639034e-05
35527,29.60632677211287,0.9935535858178888,560,681,1241,-0.0008058017727639033,0.0008333472224535399,0.9930701047542329,8.058017727639034e-05
35528,29.607160119335322,0.9935535858178888,560,681,1241,0.0,0.0008333472224535399,0.9931506849315092,8.058017727639034e-05
35529,29.607993466557776,0.9935535858178888,560,681,1241,0.0,0.0008333472224535399,0.9932312651087856,8.058017727639034e-05
35530,29.60882681378023,0.9935535858178888,560,681,1241,0.0,0.0008333472224535399,0.9932312651087856,0.0
35531,29.609660161002683,0.9935535858178888,560,681,1241,0.0,0.0008333472224535399,0.9932312651087856,0.0
35532,29.610493508225137,0.9943593875906527,560,681,1241,0.0008058017727639033,0.0008333472224535399,0.9933924254633382,0.00016116035455278067
35533,29.611326855447594,0.9943593875906527,560,681,1241,0.0,0.0008333472224570926,0.9936341659951673,0.00024174053182917098
35534,29.612160202670047,0.9951651893634166,560,681,1241,0.0008058017727639033,0.0008333472224535399,0.9938759065269963,0.00024174053182917098
35535,29.6129935498925,0.9959709911361805,560,681,1241,0.0008058017727639033,0.0008333472224535399,0.9941982272361019,0.00032232070910556134
35536,29.613826897114954,0.9967767929089444,560,681,1241,0.0008058017727639033,0.0008333472224535399,0.9944399677679311,0.00024174053182917098
35537,29.614660244337408,0.9967767929089444,560,681,1241,0.0,0.0008333472224535399,0.9947622884770366,0.00032232070910556134
35538,29.61549359155986,0.9967767929089444,560,681,1241,0.0,0.0008333472224535399,0.9950846091861422,0.00032232070910556134
35539,29.616326938782315,0.9967767929089444,560,681,1241,0.0,0.0008333472224535399,0.9954069298952477,0.00032232070910556134
35540,29.61716028600477,0.9967767929089444,560,681,1241,0.0,0.0008333472224535399,0.9957292506043534,0.00032232070910556134
35541,29.617993633227222,0.9967767929089444,560,681,1241,0.0,0.0008333472224535399,0.9960515713134589,0.00032232070910556134
35542,29.618826980449676,0.9959709911361805,560,681,1241,-0.0008058017727639033,0.0008333472224535399,0.9962127316680117,0.00016116035455278067
35543,29.61966032767213,0.9967767929089444,560,681,1241,0.0008058017727639033,0.0008333472224535399,0.996454472199841,0.00024174053182917098
35544,29.620493674894583,0.9967767929089444,560,681,1241,0.0,0.0008333472224535399,0.9966156325543938,0.00016116035455278067
35545,29.621327022117036,0.9967767929089444,560,681,1241,0.0,0.0008333472224535399,0.9966962127316702,8.058017727639034e-05
35546,29.62216036933949,0.9975825946817083,560,681,1241,0.0008058017727639033,0.0008333472224535399,0.9967767929089465,8.058017727639034e-05
35547,29.622993716561943,0.9975825946817083,560,681,1241,0.0,0.0008333472224535399,0.9968573730862229,8.058017727639034e-05
35548,29.623827063784397,0.9983883964544722,560,681,1241,0.0008058017727639033,0.0008333472224535399,0.9970185334407757,0.00016116035455278067
35549,29.62466041100685,0.9983883964544722,560,681,1241,0.0,0.0008333472224535399,0.9971796937953284,0.00016116035455278067
35550,29.625493758229304,0.9983883964544722,560,681,1241,0.0,0.0008333472224535399,0.9973408541498812,0.00016116035455278067
35551,29.626327105451757,0.9983883964544722,560,681,1241,0.0,0.0008333472224535399,0.9975020145044338,0.00016116035455278067
35552,29.62716045267421,0.9983883964544722,560,681,1241,0.0,0.0008333472224535399,0.9977437550362629,0.00024174053182917098
35553,29.627993799896664,0.9991941982272361,560,681,1241,0.0008058017727639033,0.0008333472224535399,0.997985495568092,0.00024174053182917098
35554,29.62882714711912,1.0,560,681,1241,0.0008058017727639033,0.0008333472224570926,0.9983078162771977,0.00032232070910556134
35555,29.629660494341575,1.0,560,681,1241,0.0,0.0008333472224535399,0.9986301369863032,0.00032232070910556134
35556,29.63049384156403,1.0,560,681,1241,0.0,0.0008333472224535399,0.9988718775181324,0.00024174053182917098
35557,29.631327188786482,1.0,560,681,1241,0.0,0.0008333472224535399,0.9991136180499616,0.00024174053182917098
35558,29.632160536008936,1.0,560,681,1241,0.0,0.0008333472224535399,0.9992747784045143,0.00016116035455278067
35559,29.63299388323139,1.0,560,681,1241,0.0,0.0008333472224535399,0.999435938759067,0.00016116035455278067
35560,29.633827230453843,0.9991941982272361,560,681,1241,-0.0008058017727639033,0.0008333472224535399,0.9995165189363433,8.058017727639034e-05
35561,29.634660577676296,0.9991941982272361,560,681,1241,0.0,0.0008333472224535399,0.9995970991136197,8.058017727639034e-05
35562,29.63549392489875,0.9991941982272361,560,681,1241,0.0,0.0008333472224535399,0.999677679290896,8.058017727639034e-05
35563,29.636327272121203,0.9991941982272361,560,681,1241,0.0,0.0008333472224535399,0.999677679290896,0.0
35564,29.637160619343657,0.9991941982272361,560,681,1241,0.0,0.0008333472224535399,0.9995970991136197,-8.058017727639034e-05
35565,29.63799396656611,0.9991941982272361,560,681,1241,0.0,0.0008333472224535399,0.9995165189363433,-8.058017727639034e-05
35566,29.638827313788564,1.0,560,681,1241,0.0008058017727639033,0.0008333472224535399,0.9995165189363433,0.0
35567,29.639660661011018,1.0,560,681,1241,0.0,0.0008333472224535399,0.9995165189363433,0.0
35568,29.64049400823347,1.0,560,681,1241,0.0,0.0008333472224535399,0.9995165189363433,0.0
35569,29.641327355455925,1.0,560,681,1241,0.0,0.0008333472224535399,0.9995165189363433,0.0
35570,29.642160702678378,1.0,560,681,1241,0.0,0.0008333472224535399,0.9995970991136197,8.058017727639034e-05
35571,29.64299404990083,0.9991941982272361,560,681,1241,-0.0008058017727639033,0.0008333472224535399,0.9995970991136197,0.0
35572,29.643827397123285,0.9991941982272361,560,681,1241,0.0,0.0008333472224535399,0.9995970991136197,0.0
35573,29.64466074434574,1.0,560,681,1241,0.0008058017727639033,0.0008333472224535399,0.999677679290896,8.058017727639034e-05
35574,29.645494091568192,1.0,560,681,1241,0.0,0.0008333472224535399,0.9997582594681724,8.058017727639034e-05
35575,29.64632743879065,1.0,560,681,1241,0.0,0.0008333472224570926,0.9998388396454487,8.058017727639034e-05
35576,29.647160786013103,1.0,560,681,1241,0.0,0.0008333472224535399,0.9998388396454487,0.0
35577,29.647994133235557,1.0,560,681,1241,0.0,0.0008333472224535399,0.9998388396454487,0.0
35578,29.64882748045801,1.0,560,681,1241,0.0,0.0008333472224535399,0.9998388396454487,0.0
35579,29.649660827680464,1.0,560,681,1241,0.0,0.0008333472224535399,0.9998388396454487,0.0
35580,29.650494174902917,1.0,560,681,1241,0.0,0.0008333472224535399,0.9998388396454487,0.0
35581,29.65132752212537,1.0,560,681,1241,0.0,0.0008333472224535399,0.999919419822725,8.058017727639034e-05
35582,29.652160869347824,1.0,560,681,1241,0.0,0.0008333472224535399,1.0000000000000013,8.058017727639034e-05
35583,29.652994216570278,1.0,560,681,1241,0.0,0.0008333472224535399,1.0000000000000013,0.0
35584,29.65382756379273,1.0,560,681,1241,0.0,0.0008333472224535399,1.0000000000000013,0.0
35585,29.654660911015185,1.0,560,681,1241,0.0,0.0008333472224535399,1.0000000000000013,0.0
35586,29.65549425823764,1.0,560,681,1241,0.0,0.0008333472224535399,1.0000000000000013,0.0
35587,29.656327605460092,1.0,560,681,1241,0.0,0.0008333472224535399,1.0000000000000013,0.0
35588,29.657160952682545,1.0,560,681,1241,0.0,0.0008333472224535399,1.0000000000000013,0.0
35589,29.657994299905,1.0,560,681,1241,0.0,0.0008333472224535399,1.0000000000000013,0.0
35590,29.658827647127453,1.0,560,681,1241,0.0,0.0008333472224535399,1.0000000000000013,0.0
35591,29.659660994349906,1.0,560,681,1241,0.0,0.0008333472224535399,1.0000000000000013,0.0
35592,29.66049434157236,1.0,560,681,1241,0.0,0.0008333472224535399,1.0000000000000013,0.0
35593,29.661327688794813,0.9991941982272361,560,681,1241,-0.0008058017727639033,0.0008333472224535399,0.999919419822725,-8.058017727639034e-05
35594,29.662161036017267,0.9991941982272361,560,681,1241,0.0,0.0008333472224535399,0.9998388396454487,-8.058017727639034e-05
35595,29.66299438323972,0.9991941982272361,560,681,1241,0.0,0.0008333472224535399,0.9997582594681724,-8.058017727639034e-05
35596,29.663827730462177,0.9991941982272361,560,681,1241,0.0,0.0008333472224570926,0.999677679290896,-8.058017727639034e-05
35597,29.66466107768463,0.9991941982272361,560,681,1241,0.0,0.0008333472224535399,0.9995970991136197,-8.058017727639034e-05
35598,29.665494424907084,0.9991941982272361,560,681,1241,0.0,0.0008333472224535399,0.9995165189363433,-8.058017727639034e-05
35599,29.666327772129538,0.9983883964544722,560,681,1241,-0.0008058017727639033,0.0008333472224535399,0.9993553585817907,-0.00016116035455278067
35600,29.66716111935199,0.9983883964544722,560,681,1241,0.0,0.0008333472224535399,0.999194198227238,-0.00016116035455278067
35601,29.667994466574445,0.9983883964544722,560,681,1241,0.0,0.0008333472224535399,0.9990330378726853,-0.00016116035455278067
35602,29.6688278137969,0.9991941982272361,560,681,1241,0.0008058017727639033,0.0008333472224535399,0.998952457695409,-8.058017727639034e-05
35603,29.669661161019352,0.9991941982272361,560,681,1241,0.0,0.0008333472224535399,0.998952457695409,0.0
35604,29.670494508241806,0.9991941982272361,560,681,1241,0.0,0.0008333472224535399,0.998952457695409,0.0
35605,29.67132785546426,0.9991941982272361,560,681,1241,0.0,0.0008333472224535399,0.998952457695409,0.0
35606,29.672161202686713,0.9975825946817083,560,681,1241,-0.0016116035455278066,0.0008333472224535399,0.998791297340856,-0.00016116035455278067
35607,29.672994549909166,0.9975825946817083,560,681,1241,0.0,0.0008333472224535399,0.9986301369863032,-0.00016116035455278067
35608,29.67382789713162,0.9983883964544722,560,681,1241,0.0008058017727639033,0.0008333472224535399,0.9985495568090268,-8.058017727639034e-05
35609,29.674661244354073,0.9983883964544722,560,681,1241,0.0,0.0008333472224535399,0.9985495568090268,0.0
35610,29.675494591576527,0.9991941982272361,560,681,1241,0.0008058017727639033,0.0008333472224535399,0.9986301369863032,8.058017727639034e-05
35611,29.67632793879898,1.0,560,681,1241,0.0008058017727639033,0.0008333472224535399,0.9987912973408559,0.00016116035455278067
35612,29.677161286021434,1.0,560,681,1241,0.0,0.0008333472224535399,0.9988718775181322,8.058017727639034e-05
35613,29.677994633243888,1.0,560,681,1241,0.0,0.0008333472224535399,0.9989524576954085,8.058017727639034e-05
35614,29.67882798046634,1.0,560,681,1241,0.0,0.0008333472224535399,0.9990330378726849,8.058017727639034e-05
35615,29.679661327688795,1.0,560,681,1241,0.0,0.0008333472224535399,0.9991136180499612,8.058017727639034e-05
35616,29.680494674911248,1.0,560,681,1241,0.0,0.0008333472224535399,0.9993553585817905,0.00024174053182917098
35617,29.681328022133705,1.0,560,681,1241,0.0,0.0008333472224570926,0.9995970991136197,0.00024174053182917098
35618,29.68216136935616,1.0,560,681,1241,0.0,0.0008333472224535399,0.9997582594681724,0.00016116035455278067
35619,29.682994716578612,1.0,560,681,1241,0.0,0.0008333472224535399,0.999919419822725,0.00016116035455278067
35620,29.683828063801066,1.0,560,681,1241,0.0,0.0008333472224535399,1.0000000000000013,8.058017727639034e-05
35621,29.68466141102352,1.0,560,681,1241,0.0,0.0008333472224535399,1.0000000000000013,0.0
35622,29.685494758245973,1.0,560,681,1241,0.0,0.0008333472224535399,1.0000000000000013,0.0
35623,29.686328105468426,1.0,560,681,1241,0.0,0.0008333472224535399,1.0000000000000013,0.0
35624,29.68716145269088,1.0,560,681,1241,0.0,0.0008333472224535399,1.0000000000000013,0.0
35625,29.687994799913334,1.0,560,681,1241,0.0,0.0008333472224535399,1.0000000000000013,0.0
35626,29.688828147135787,1.0,560,681,1241,0.0,0.0008333472224535399,1.0000000000000013,0.0
35627,29.68966149435824,1.0,560,681,1241,0.0,0.0008333472224535399,1.0000000000000013,0.0
35628,29.690494841580694,1.0,560,681,1241,0.0,0.0008333472224535399,1.0000000000000013,0.0
35629,29.691328188803148,0.9991941982272361,560,681,1241,-0.0008058017727639033,0.0008333472224535399,0.999919419822725,-8.058017727639034e-05
35630,29.6921615360256,0.9991941982272361,560,681,1241,0.0,0.0008333472224535399,0.9998388396454487,-8.058017727639034e-05
35631,29.692994883248055,0.9991941982272361,560,681,1241,0.0,0.0008333472224535399,0.9997582594681724,-8.058017727639034e-05
35632,29.69382823047051,0.9983883964544722,560,681,1241,-0.0008058017727639033,0.0008333472224535399,0.9995970991136197,-0.00016116035455278067
35633,29.694661577692962,0.9991941982272361,560,681,1241,0.0008058017727639033,0.0008333472224535399,0.9995165189363433,-8.058017727639034e-05
35634,29.695494924915415,0.9983883964544722,560,681,1241,-0.0008058017727639033,0.0008333472224535399,0.9993553585817907,-0.00016116035455278067
35635,29.69632827213787,0.9983883964544722,560,681,1241,0.0,0.0008333472224535399,0.999194198227238,-0.00016116035455278067
35636,29.697161619360323,0.9983883964544722,560,681,1241,0.0,0.0008333472224535399,0.9990330378726853,-0.00016116035455278067
35637,29.697994966582776,0.9975825946817083,560,681,1241,-0.0008058017727639033,0.0008333472224535399,0.998791297340856,-0.00024174053182917098
35638,29.69882831380523,0.9991941982272361,560,681,1241,0.0016116035455278066,0.0008333472224535399,0.9987107171635797,-8.058017727639034e-05
35639,29.699661661027687,0.9991941982272361,560,681,1241,0.0,0.0008333472224570926,0.9987107171635797,0.0
35640,29.70049500825014,0.9991941982272361,560,681,1241,0.0,0.0008333472224535399,0.9987107171635797,0.0
35641,29.701328355472594,0.9991941982272361,560,681,1241,0.0,0.0008333472224535399,0.9987107171635797,0.0
35642,29.702161702695047,0.9983883964544722,560,681,1241,-0.0008058017727639033,0.0008333472224535399,0.9987107171635795,0.0
35643,29.7029950499175,0.9983883964544722,560,681,1241,0.0,0.0008333472224535399,0.9986301369863032,-8.058017727639034e-05
35644,29.703828397139954,0.9991941982272361,560,681,1241,0.0008058017727639033,0.0008333472224535399,0.9987107171635795,8.058017727639034e-05
35645,29.704661744362408,0.9991941982272361,560,681,1241,0.0,0.0008333472224535399,0.9987912973408559,8.058017727639034e-05
35646,29.70549509158486,0.9991941982272361,560,681,1241,0.0,0.0008333472224535399,0.9988718775181322,8.058017727639034e-05
35647,29.706328438807315,0.9991941982272361,560,681,1241,0.0,0.0008333472224535399,0.999033037872685,0.00016116035455278067
35648,29.70716178602977,0.9983883964544722,560,681,1241,-0.0008058017727639033,0.0008333472224535399,0.9989524576954085,-8.058017727639034e-05
35649,29.707995133252222,0.9983883964544722,560,681,1241,0.0,0.0008333472224535399,0.9988718775181322,-8.058017727639034e-05
35650,29.708828480474676,0.9983883964544722,560,681,1241,0.0,0.0008333472224535399,0.9987912973408559,-8.058017727639034e-05
35651,29.70966182769713,0.9991941982272361,560,681,1241,0.0008058017727639033,0.0008333472224535399,0.9987912973408559,0.0
35652,29.710495174919583,0.9991941982272361,560,681,1241,0.0,0.0008333472224535399,0.9988718775181322,8.058017727639034e-05
35653,29.711328522142036,0.9991941982272361,560,681,1241,0.0,0.0008333472224535399,0.9989524576954085,8.058017727639034e-05
35654,29.71216186936449,1.0,560,681,1241,0.0008058017727639033,0.0008333472224535399,0.9990330378726849,8.058017727639034e-05
35655,29.712995216586943,1.0,560,681,1241,0.0,0.0008333472224535399,0.9991136180499612,8.058017727639034e-05
35656,29.713828563809397,1.0,560,681,1241,0.0,0.0008333472224535399,0.9991941982272377,8.058017727639034e-05
35657,29.71466191103185,1.0,560,681,1241,0.0,0.0008333472224535399,0.999274778404514,8.058017727639034e-05
35658,29.715495258254304,1.0,560,681,1241,0.0,0.0008333472224535399,0.9994359387590667,0.00016116035455278067
35659,29.716328605476757,0.9991941982272361,560,681,1241,-0.0008058017727639033,0.0008333472224535399,0.999516518936343,8.058017727639034e-05
35660,29.717161952699215,0.9991941982272361,560,681,1241,0.0,0.0008333472224570926,0.9995970991136194,8.058017727639034e-05
35661,29.717995299921668,1.0,560,681,1241,0.0008058017727639033,0.0008333472224535399,0.9996776792908957,8.058017727639034e-05
35662,29.71882864714412,1.0,560,681,1241,0.0,0.0008333472224535399,0.999758259468172,8.058017727639034e-05
35663,29.719661994366575,1.0,560,681,1241,0.0,0.0008333472224535399,0.9998388396454484,8.058017727639034e-05
35664,29.72049534158903,1.0,560,681,1241,0.0,0.0008333472224535399,0.9998388396454484,0.0
35665,29.721328688811482,1.0,560,681,1241,0.0,0.0008333472224535399,0.9998388396454484,0.0
35666,29.722162036033936,1.0,560,681,1241,0.0,0.0008333472224535399,0.9998388396454484,0.0
35667,29.72299538325639,1.0,560,681,1241,0.0,0.0008333472224535399,0.9998388396454484,0.0
35668,29.723828730478843,1.0,560,681,1241,0.0,0.0008333472224535399,0.9998388396454484,0.0
35669,29.724662077701296,1.0,560,681,1241,0.0,0.0008333472224535399,0.9999194198227247,8.058017727639034e-05
35670,29.72549542492375,1.0,560,681,1241,0.0,0.0008333472224535399,1.000000000000001,8.058017727639034e-05
35671,29.726328772146204,1.0,560,681,1241,0.0,0.0008333472224535399,1.000000000000001,0.0
35672,29.727162119368657,1.0,560,681,1241,0.0,0.0008333472224535399,1.000000000000001,0.0
35673,29.72799546659111,1.0,560,681,1241,0.0,0.0008333472224535399,1.000000000000001,0.0
35674,29.728828813813564,1.0,560,681,1241,0.0,0.0008333472224535399,1.000000000000001,0.0
35675,29.729662161036018,1.0,560,681,1241,0.0,0.0008333472224535399,1.000000000000001,0.0
35676,29.73049550825847,1.0,560,681,1241,0.0,0.0008333472224535399,1.000000000000001,0.0
35677,29.731328855480925,1.0,560,681,1241,0.0,0.0008333472224535399,1.000000000000001,0.0
35678,29.73216220270338,1.0,560,681,1241,0.0,0.0008333472224535399,1.000000000000001,0.0
35679,29.732995549925832,1.0,560,681,1241,0.0,0.0008333472224535399,1.000000000000001,0.0
35680,29.733828897148285,1.0,560,681,1241,0.0,0.0008333472224535399,1.000000000000001,0.0
35681,29.734662244370742,1.0,560,681,1241,0.0,0.0008333472224570926,1.000000000000001,0.0
35682,29.735495591593196,1.0,560,681,1241,0.0,0.0008333472224535399,1.000000000000001,0.0
35683,29.73632893881565,1.0,560,681,1241,0.0,0.0008333472224535399,1.000000000000001,0.0
35684,29.737162286038103,1.0,560,681,1241,0.0,0.0008333472224535399,1.000000000000001,0.0
35685,29.737995633260557,1.0,560,681,1241,0.0,0.0008333472224535399,1.000000000000001,0.0
35686,29.73882898048301,1.0,560,681,1241,0.0,0.0008333472224535399,1.000000000000001,0.0
35687,29.739662327705464,1.0,560,681,1241,0.0,0.0008333472224535399,1.000000000000001,0.0
35688,29.740495674927917,1.0,560,681,1241,0.0,0.0008333472224535399,1.000000000000001,0.0
35689,29.74132902215037,1.0,560,681,1241,0.0,0.0008333472224535399,1.000000000000001,0.0
35690,29.742162369372824,1.0,560,681,1241,0.0,0.0008333472224535399,1.000000000000001,0.0
35691,29.742995716595278,1.0,560,681,1241,0.0,0.0008333472224535399,1.000000000000001,0.0
35692,29.74382906381773,0.9991941982272361,560,681,1241,-0.0008058017727639033,0.0008333472224535399,0.9999194198227247,-8.058017727639034e-05
35693,29.744662411040185,0.9991941982272361,560,681,1241,0.0,0.0008333472224535399,0.9998388396454484,-8.058017727639034e-05
35694,29.74549575826264,1.0,560,681,1241,0.0008058017727639033,0.0008333472224535399,0.9998388396454484,0.0
35695,29.746329105485092,0.9991941982272361,560,681,1241,-0.0008058017727639033,0.0008333472224535399,0.999758259468172,-8.058017727639034e-05
35696,29.747162452707546,0.9991941982272361,560,681,1241,0.0,0.0008333472224535399,0.9996776792908957,-8.058017727639034e-05
35697,29.74799579993,0.9991941982272361,560,681,1241,0.0,0.0008333472224535399,0.9995970991136194,-8.058017727639034e-05
35698,29.748829147152453,0.9991941982272361,560,681,1241,0.0,0.0008333472224535399,0.999516518936343,-8.058017727639034e-05
35699,29.749662494374906,0.9991941982272361,560,681,1241,0.0,0.0008333472224535399,0.9994359387590667,-8.058017727639034e-05
35700,29.75049584159736,1.0,560,681,1241,0.0008058017727639033,0.0008333472224535399,0.9994359387590667,0.0
35701,29.751329188819813,1.0,560,681,1241,0.0,0.0008333472224535399,0.9994359387590667,0.0
35702,29.75216253604227,1.0,560,681,1241,0.0,0.0008333472224570926,0.999516518936343,8.058017727639034e-05
35703,29.752995883264724,1.0,560,681,1241,0.0,0.0008333472224535399,0.9995970991136194,8.058017727639034e-05
35704,29.753829230487177,1.0,560,681,1241,0.0,0.0008333472224535399,0.9995970991136194,0.0
35705,29.75466257770963,1.0,560,681,1241,0.0,0.0008333472224535399,0.9996776792908957,8.058017727639034e-05
35706,29.755495924932085,1.0,560,681,1241,0.0,0.0008333472224535399,0.999758259468172,8.058017727639034e-05
35707,29.756329272154538,1.0,560,681,1241,0.0,0.0008333472224535399,0.9998388396454484,8.058017727639034e-05
35708,29.75716261937699,1.0,560,681,1241,0.0,0.0008333472224535399,0.9999194198227247,8.058017727639034e-05
35709,29.757995966599445,1.0,560,681,1241,0.0,0.0008333472224535399,1.000000000000001,8.058017727639034e-05
35710,29.7588293138219,1.0,560,681,1241,0.0,0.0008333472224535399,1.000000000000001,0.0
35711,29.759662661044352,1.0,560,681,1241,0.0,0.0008333472224535399,1.000000000000001,0.0
35712,29.760496008266806,1.0,560,681,1241,0.0,0.0008333472224535399,1.000000000000001,0.0
35713,29.76132935548926,0.9991941982272361,560,681,1241,-0.0008058017727639033,0.0008333472224535399,0.9999194198227247,-8.058017727639034e-05
35714,29.762162702711713,1.0,560,681,1241,0.0008058017727639033,0.0008333472224535399,0.9999194198227247,0.0
35715,29.762996049934166,1.0,560,681,1241,0.0,0.0008333472224535399,0.9999194198227247,0.0
35716,29.76382939715662,1.0,560,681,1241,0.0,0.0008333472224535399,0.9999194198227247,0.0
35717,29.764662744379073,1.0,560,681,1241,0.0,0.0008333472224535399,0.9999194198227247,0.0
35718,29.765496091601527,1.0,560,681,1241,0.0,0.0008333472224535399,0.9999194198227247,0.0
35719,29.76632943882398,1.0,560,681,1241,0.0,0.0008333472224535399,0.9999194198227247,0.0
35720,29.767162786046434,1.0,560,681,1241,0.0,0.0008333472224535399,0.9999194198227247,0.0
35721,29.767996133268888,1.0,560,681,1241,0.0,0.0008333472224535399,0.9999194198227247,0.0
35722,29.76882948049134,1.0,560,681,1241,0.0,0.0008333472224535399,0.9999194198227247,0.0
35723,29.7696628277138,1.0,560,681,1241,0.0,0.0008333472224570926,1.000000000000001,8.058017727639034e-05
35724,29.770496174936252,1.0,560,681,1241,0.0,0.0008333472224535399,1.000000000000001,0.0
35725,29.771329522158705,1.0,560,681,1241,0.0,0.0008333472224535399,1.000000000000001,0.0
35726,29.77216286938116,0.9991941982272361,560,681,1241,-0.0008058017727639033,0.0008333472224535399,0.9999194198227247,-8.058017727639034e-05
35727,29.772996216603612,1.0,560,681,1241,0.0008058017727639033,0.0008333472224535399,0.9999194198227247,0.0
35728,29.773829563826066,1.0,560,681,1241,0.0,0.0008333472224535399,0.9999194198227247,0.0
35729,29.77466291104852,1.0,560,681,1241,0.0,0.0008333472224535399,0.9999194198227247,0.0
35730,29.775496258270973,1.0,560,681,1241,0.0,0.0008333472224535399,0.9999194198227247,0.0
35731,29.776329605493427,1.0,560,681,1241,0.0,0.0008333472224535399,0.9999194198227247,0.0
35732,29.77716295271588,1.0,560,681,1241,0.0,0.0008333472224535399,0.9999194198227247,0.0
35733,29.777996299938334,1.0,560,681,1241,0.0,0.0008333472224535399,0.9999194198227247,0.0
35734,29.778829647160787,1.0,560,681,1241,0.0,0.0008333472224535399,0.9999194198227247,0.0
35735,29.77966299438324,1.0,560,681,1241,0.0,0.0008333472224535399,0.9999194198227247,0.0
35736,29.780496341605694,1.0,560,681,1241,0.0,0.0008333472224535399,1.000000000000001,8.058017727639034e-05
35737,29.781329688828148,1.0,560,681,1241,0.0,0.0008333472224535399,1.000000000000001,0.0
35738,29.7821630360506,1.0,560,681,1241,0.0,0.0008333472224535399,1.000000000000001,0.0
35739,29.782996383273055,1.0,560,681,1241,0.0,0.0008333472224535399,1.000000000000001,0.0
35740,29.78382973049551,1.0,560,681,1241,0.0,0.0008333472224535399,1.000000000000001,0.0
35741,29.784663077717962,0.9991941982272361,560,681,1241,-0.0008058017727639033,0.0008333472224535399,0.9999194198227247,-8.058017727639034e-05
35742,29.785496424940415,0.9991941982272361,560,681,1241,0.0,0.0008333472224535399,0.9998388396454484,-8.058017727639034e-05
35743,29.78632977216287,0.9983883964544722,560,681,1241,-0.0008058017727639033,0.0008333472224535399,0.9996776792908957,-0.00016116035455278067
35744,29.787163119385323,0.9983883964544722,560,681,1241,0.0,0.0008333472224535399,0.999516518936343,-0.00016116035455278067
35745,29.78799646660778,0.9991941982272361,560,681,1241,0.0008058017727639033,0.0008333472224570926,0.9994359387590667,-8.058017727639034e-05
35746,29.788829813830233,0.9991941982272361,560,681,1241,0.0,0.0008333472224535399,0.9993553585817903,-8.058017727639034e-05
35747,29.789663161052687,0.9991941982272361,560,681,1241,0.0,0.0008333472224535399,0.999274778404514,-8.058017727639034e-05
35748,29.79049650827514,0.9991941982272361,560,681,1241,0.0,0.0008333472224535399,0.9991941982272377,-8.058017727639034e-05
35749,29.791329855497594,1.0,560,681,1241,0.0008058017727639033,0.0008333472224535399,0.9991941982272377,0.0
35750,29.792163202720047,1.0,560,681,1241,0.0,0.0008333472224535399,0.9991941982272377,0.0
35751,29.7929965499425,1.0,560,681,1241,0.0,0.0008333472224535399,0.999274778404514,8.058017727639034e-05
35752,29.793829897164954,1.0,560,681,1241,0.0,0.0008333472224535399,0.9993553585817903,8.058017727639034e-05
35753,29.794663244387408,1.0,560,681,1241,0.0,0.0008333472224535399,0.999516518936343,0.00016116035455278067
35754,29.79549659160986,1.0,560,681,1241,0.0,0.0008333472224535399,0.9996776792908957,0.00016116035455278067
35755,29.796329938832315,1.0,560,681,1241,0.0,0.0008333472224535399,0.999758259468172,8.058017727639034e-05
35756,29.79716328605477,1.0,560,681,1241,0.0,0.0008333472224535399,0.9998388396454484,8.058017727639034e-05
35757,29.797996633277222,0.9983883964544722,560,681,1241,-0.0016116035455278066,0.0008333472224535399,0.999758259468172,-8.058017727639034e-05
35758,29.798829980499676,0.9991941982272361,560,681,1241,0.0008058017727639033,0.0008333472224535399,0.999758259468172,0.0
35759,29.79966332772213,0.9991941982272361,560,681,1241,0.0,0.0008333472224535399,0.9996776792908957,-8.058017727639034e-05
35760,29.800496674944583,0.9991941982272361,560,681,1241,0.0,0.0008333472224535399,0.9995970991136194,-8.058017727639034e-05
35761,29.801330022167036,0.9991941982272361,560,681,1241,0.0,0.0008333472224535399,0.999516518936343,-8.058017727639034e-05
35762,29.80216336938949,0.9991941982272361,560,681,1241,0.0,0.0008333472224535399,0.9994359387590667,-8.058017727639034e-05
35763,29.802996716611943,0.9991941982272361,560,681,1241,0.0,0.0008333472224535399,0.9993553585817903,-8.058017727639034e-05
35764,29.803830063834397,1.0,560,681,1241,0.0008058017727639033,0.0008333472224535399,0.9993553585817903,0.0
35765,29.80466341105685,1.0,560,681,1241,0.0,0.0008333472224535399,0.9993553585817903,0.0
35766,29.805496758279308,1.0,560,681,1241,0.0,0.0008333472224570926,0.9993553585817903,0.0
35767,29.80633010550176,0.9991941982272361,560,681,1241,-0.0008058017727639033,0.0008333472224535399,0.9994359387590667,8.058017727639034e-05
35768,29.807163452724215,0.9991941982272361,560,681,1241,0.0,0.0008333472224535399,0.9994359387590667,0.0
35769,29.807996799946668,0.9991941982272361,560,681,1241,0.0,0.0008333472224535399,0.9994359387590667,0.0
35770,29.80883014716912,0.9991941982272361,560,681,1241,0.0,0.0008333472224535399,0.9994359387590667,0.0
35771,29.809663494391575,0.9991941982272361,560,681,1241,0.0,0.0008333472224535399,0.9994359387590667,0.0
35772,29.81049684161403,0.9991941982272361,560,681,1241,0.0,0.0008333472224535399,0.9994359387590667,0.0
35773,29.811330188836482,0.9983883964544722,560,681,1241,-0.0008058017727639033,0.0008333472224535399,0.9993553585817903,-8.058017727639034e-05
35774,29.812163536058936,0.9983883964544722,560,681,1241,0.0,0.0008333472224535399,0.9991941982272377,-0.00016116035455278067
35775,29.81299688328139,0.9983883964544722,560,681,1241,0.0,0.0008333472224535399,0.9990330378726849,-0.00016116035455278067
35776,29.813830230503843,0.9991941982272361,560,681,1241,0.0008058017727639033,0.0008333472224535399,0.9989524576954085,-8.058017727639034e-05
35777,29.814663577726296,0.9983883964544722,560,681,1241,-0.0008058017727639033,0.0008333472224535399,0.9988718775181322,-8.058017727639034e-05
35778,29.81549692494875,0.9983883964544722,560,681,1241,0.0,0.0008333472224535399,0.9987912973408559,-8.058017727639034e-05
35779,29.816330272171204,0.9991941982272361,560,681,1241,0.0008058017727639033,0.0008333472224535399,0.9987912973408559,0.0
35780,29.817163619393657,0.9991941982272361,560,681,1241,0.0,0.0008333472224535399,0.9987912973408559,0.0
35781,29.81799696661611,0.9991941982272361,560,681,1241,0.0,0.0008333472224535399,0.9987912973408559,0.0
35782,29.818830313838564,0.9991941982272361,560,681,1241,0.0,0.0008333472224535399,0.9987912973408559,0.0
35783,29.819663661061018,0.9991941982272361,560,681,1241,0.0,0.0008333472224535399,0.9988718775181322,8.058017727639034e-05
35784,29.82049700828347,0.9991941982272361,560,681,1241,0.0,0.0008333472224535399,0.9989524576954085,8.058017727639034e-05
35785,29.821330355505925,0.9991941982272361,560,681,1241,0.0,0.0008333472224535399,0.9990330378726849,8.058017727639034e-05
35786,29.82216370272838,0.9991941982272361,560,681,1241,0.0,0.0008333472224535399,0.9990330378726849,0.0
35787,29.822997049950835,0.9991941982272361,560,681,1241,0.0,0.0008333472224570926,0.9991136180499612,8.058017727639034e-05
35788,29.82383039717329,0.9991941982272361,560,681,1241,0.0,0.0008333472224535399,0.9991941982272377,8.058017727639034e-05
35789,29.824663744395743,0.9991941982272361,560,681,1241,0.0,0.0008333472224535399,0.9991941982272377,0.0
35790,29.825497091618196,1.0,560,681,1241,0.0008058017727639033,0.0008333472224535399,0.999274778404514,8.058017727639034e-05
35791,29.82633043884065,1.0,560,681,1241,0.0,0.0008333472224535399,0.9993553585817903,8.058017727639034e-05
35792,29.827163786063103,1.0,560,681,1241,0.0,0.0008333472224535399,0.9994359387590667,8.058017727639034e-05
35793,29.827997133285557,1.0,560,681,1241,0.0,0.0008333472224535399,0.999516518936343,8.058017727639034e-05
35794,29.82883048050801,1.0,560,681,1241,0.0,0.0008333472224535399,0.9995970991136194,8.058017727639034e-05
35795,29.829663827730464,1.0,560,681,1241,0.0,0.0008333472224535399,0.9996776792908957,8.058017727639034e-05
35796,29.830497174952917,1.0,560,681,1241,0.0,0.0008333472224535399,0.999758259468172,8.058017727639034e-05
35797,29.83133052217537,1.0,560,681,1241,0.0,0.0008333472224535399,0.9998388396454484,8.058017727639034e-05
35798,29.832163869397824,1.0,560,681,1241,0.0,0.0008333472224535399,0.9999194198227247,8.058017727639034e-05
35799,29.832997216620278,1.0,560,681,1241,0.0,0.0008333472224535399,1.000000000000001,8.058017727639034e-05
35800,29.83383056384273,0.9991941982272361,560,681,1241,-0.0008058017727639033,0.0008333472224535399,0.9999194198227247,-8.058017727639034e-05
35801,29.834663911065185,0.9991941982272361,560,681,1241,0.0,0.0008333472224535399,0.9998388396454484,-8.058017727639034e-05
35802,29.83549725828764,0.9991941982272361,560,681,1241,0.0,0.0008333472224535399,0.999758259468172,-8.058017727639034e-05
35803,29.836330605510092,0.9991941982272361,560,681,1241,0.0,0.0008333472224535399,0.9996776792908957,-8.058017727639034e-05
35804,29.837163952732546,0.9991941982272361,560,681,1241,0.0,0.0008333472224535399,0.9995970991136194,-8.058017727639034e-05
35805,29.837997299955,0.9991941982272361,560,681,1241,0.0,0.0008333472224535399,0.999516518936343,-8.058017727639034e-05
35806,29.838830647177453,0.9991941982272361,560,681,1241,0.0,0.0008333472224535399,0.9994359387590667,-8.058017727639034e-05
35807,29.839663994399906,0.9983883964544722,560,681,1241,-0.0008058017727639033,0.0008333472224535399,0.999274778404514,-0.00016116035455278067
35808,29.840497341622363,0.9983883964544722,560,681,1241,0.0,0.0008333472224570926,0.9991136180499612,-0.00016116035455278067
35809,29.841330688844817,0.9991941982272361,560,681,1241,0.0008058017727639033,0.0008333472224535399,0.9990330378726849,-8.058017727639034e-05
35810,29.84216403606727,1.0,560,681,1241,0.0008058017727639033,0.0008333472224535399,0.9991136180499612,8.058017727639034e-05
35811,29.842997383289724,1.0,560,681,1241,0.0,0.0008333472224535399,0.9991941982272377,8.058017727639034e-05
35812,29.843830730512177,1.0,560,681,1241,0.0,0.0008333472224535399,0.999274778404514,8.058017727639034e-05
35813,29.84466407773463,1.0,560,681,1241,0.0,0.0008333472224535399,0.9993553585817903,8.058017727639034e-05
35814,29.845497424957085,1.0,560,681,1241,0.0,0.0008333472224535399,0.9994359387590667,8.058017727639034e-05
35815,29.846330772179538,1.0,560,681,1241,0.0,0.0008333472224535399,0.999516518936343,8.058017727639034e-05
35816,29.84716411940199,1.0,560,681,1241,0.0,0.0008333472224535399,0.9995970991136194,8.058017727639034e-05
35817,29.847997466624445,1.0,560,681,1241,0.0,0.0008333472224535399,0.999758259468172,0.00016116035455278067
35818,29.8488308138469,1.0,560,681,1241,0.0,0.0008333472224535399,0.9999194198227247,0.00016116035455278067
35819,29.849664161069352,1.0,560,681,1241,0.0,0.0008333472224535399,1.000000000000001,8.058017727639034e-05
35820,29.850497508291806,1.0,560,681,1241,0.0,0.0008333472224535399,1.000000000000001,0.0
35821,29.85133085551426,1.0,560,681,1241,0.0,0.0008333472224535399,1.000000000000001,0.0
35822,29.852164202736713,1.0,560,681,1241,0.0,0.0008333472224535399,1.000000000000001,0.0
35823,29.852997549959166,1.0,560,681,1241,0.0,0.0008333472224535399,1.000000000000001,0.0
35824,29.85383089718162,0.9991941982272361,560,681,1241,-0.0008058017727639033,0.0008333472224535399,0.9999194198227247,-8.058017727639034e-05
35825,29.854664244404074,0.9991941982272361,560,681,1241,0.0,0.0008333472224535399,0.9998388396454484,-8.058017727639034e-05
35826,29.855497591626527,0.9991941982272361,560,681,1241,0.0,0.0008333472224535399,0.999758259468172,-8.058017727639034e-05
35827,29.85633093884898,0.9991941982272361,560,681,1241,0.0,0.0008333472224535399,0.9996776792908957,-8.058017727639034e-05
35828,29.857164286071434,0.9991941982272361,560,681,1241,0.0,0.0008333472224535399,0.9995970991136194,-8.058017727639034e-05
35829,29.85799763329389,0.9991941982272361,560,681,1241,0.0,0.0008333472224570926,0.999516518936343,-8.058017727639034e-05
35830,29.858830980516345,0.9991941982272361,560,681,1241,0.0,0.0008333472224535399,0.9994359387590667,-8.058017727639034e-05
35831,29.8596643277388,0.9991941982272361,560,681,1241,0.0,0.0008333472224535399,0.9993553585817903,-8.058017727639034e-05
35832,29.860497674961252,1.0,560,681,1241,0.0008058017727639033,0.0008333472224535399,0.9993553585817903,0.0
35833,29.861331022183705,1.0,560,681,1241,0.0,0.0008333472224535399,0.9993553585817903,0.0
35834,29.86216436940616,1.0,560,681,1241,0.0,0.0008333472224535399,0.9994359387590667,8.058017727639034e-05
35835,29.862997716628612,1.0,560,681,1241,0.0,0.0008333472224535399,0.999516518936343,8.058017727639034e-05
35836,29.863831063851066,1.0,560,681,1241,0.0,0.0008333472224535399,0.9995970991136194,8.058017727639034e-05
35837,29.86466441107352,1.0,560,681,1241,0.0,0.0008333472224535399,0.9996776792908957,8.058017727639034e-05
35838,29.865497758295973,1.0,560,681,1241,0.0,0.0008333472224535399,0.999758259468172,8.058017727639034e-05
35839,29.866331105518427,1.0,560,681,1241,0.0,0.0008333472224535399,0.9998388396454484,8.058017727639034e-05
35840,29.86716445274088,1.0,560,681,1241,0.0,0.0008333472224535399,0.9999194198227247,8.058017727639034e-05
35841,29.867997799963334,1.0,560,681,1241,0.0,0.0008333472224535399,1.000000000000001,8.058017727639034e-05
35842,29.868831147185787,1.0,560,681,1241,0.0,0.0008333472224535399,1.000000000000001,0.0
35843,29.86966449440824,1.0,560,681,1241,0.0,0.0008333472224535399,1.000000000000001,0.0
35844,29.870497841630694,1.0,560,681,1241,0.0,0.0008333472224535399,1.000000000000001,0.0
35845,29.871331188853148,1.0,560,681,1241,0.0,0.0008333472224535399,1.000000000000001,0.0
35846,29.8721645360756,1.0,560,681,1241,0.0,0.0008333472224535399,1.000000000000001,0.0
35847,29.872997883298055,0.9991941982272361,560,681,1241,-0.0008058017727639033,0.0008333472224535399,0.9999194198227247,-8.058017727639034e-05
35848,29.87383123052051,0.9991941982272361,560,681,1241,0.0,0.0008333472224535399,0.9998388396454484,-8.058017727639034e-05
35849,29.874664577742962,0.9991941982272361,560,681,1241,0.0,0.0008333472224535399,0.999758259468172,-8.058017727639034e-05
35850,29.87549792496542,0.9991941982272361,560,681,1241,0.0,0.0008333472224570926,0.9996776792908957,-8.058017727639034e-05
35851,29.876331272187873,0.9991941982272361,560,681,1241,0.0,0.0008333472224535399,0.9995970991136194,-8.058017727639034e-05
35852,29.877164619410326,0.9983883964544722,560,681,1241,-0.0008058017727639033,0.0008333472224535399,0.9994359387590667,-0.00016116035455278067
35853,29.87799796663278,0.9975825946817083,560,681,1241,-0.0008058017727639033,0.0008333472224535399,0.9991941982272374,-0.00024174053182917098
35854,29.878831313855233,0.9975825946817083,560,681,1241,0.0,0.0008333472224535399,0.9989524576954082,-0.00024174053182917098
35855,29.879664661077687,0.9975825946817083,560,681,1241,0.0,0.0008333472224535399,0.998710717163579,-0.00024174053182917098
35856,29.88049800830014,0.9983883964544722,560,681,1241,0.0008058017727639033,0.0008333472224535399,0.9985495568090261,-0.00016116035455278067
35857,29.881331355522594,0.9983883964544722,560,681,1241,0.0,0.0008333472224535399,0.9984689766317498,-8.058017727639034e-05
35858,29.882164702745047,0.9983883964544722,560,681,1241,0.0,0.0008333472224535399,0.9983883964544734,-8.058017727639034e-05
35859,29.8829980499675,0.9991941982272361,560,681,1241,0.0008058017727639033,0.0008333472224535399,0.9983883964544734,0.0
35860,29.883831397189955,0.9991941982272361,560,681,1241,0.0,0.0008333472224535399,0.9983883964544734,0.0
35861,29.884664744412408,0.9991941982272361,560,681,1241,0.0,0.0008333472224535399,0.9983883964544734,0.0
35862,29.88549809163486,0.9991941982272361,560,681,1241,0.0,0.0008333472224535399,0.9984689766317498,8.058017727639034e-05
35863,29.886331438857315,0.9991941982272361,560,681,1241,0.0,0.0008333472224535399,0.9986301369863027,0.00016116035455278067
35864,29.88716478607977,1.0,560,681,1241,0.0008058017727639033,0.0008333472224535399,0.9988718775181319,0.00024174053182917098
35865,29.887998133302222,1.0,560,681,1241,0.0,0.0008333472224535399,0.9991136180499611,0.00024174053182917098
35866,29.888831480524676,1.0,560,681,1241,0.0,0.0008333472224535399,0.999274778404514,0.00016116035455278067
35867,29.88966482774713,1.0,560,681,1241,0.0,0.0008333472224535399,0.9994359387590667,0.00016116035455278067
35868,29.890498174969583,1.0,560,681,1241,0.0,0.0008333472224535399,0.9995970991136194,0.00016116035455278067
35869,29.891331522192036,1.0,560,681,1241,0.0,0.0008333472224535399,0.9996776792908957,8.058017727639034e-05
35870,29.89216486941449,1.0,560,681,1241,0.0,0.0008333472224535399,0.999758259468172,8.058017727639034e-05
35871,29.892998216636943,1.0,560,681,1241,0.0,0.0008333472224535399,0.9998388396454484,8.058017727639034e-05
35872,29.8938315638594,1.0,560,681,1241,0.0,0.0008333472224570926,0.9999194198227247,8.058017727639034e-05
35873,29.894664911081854,1.0,560,681,1241,0.0,0.0008333472224535399,1.000000000000001,8.058017727639034e-05
35874,29.895498258304308,1.0,560,681,1241,0.0,0.0008333472224535399,1.000000000000001,0.0
35875,29.89633160552676,1.0,560,681,1241,0.0,0.0008333472224535399,1.000000000000001,0.0
35876,29.897164952749215,1.0,560,681,1241,0.0,0.0008333472224535399,1.000000000000001,0.0
35877,29.89799829997167,1.0,560,681,1241,0.0,0.0008333472224535399,1.000000000000001,0.0
35878,29.898831647194122,1.0,560,681,1241,0.0,0.0008333472224535399,1.000000000000001,0.0
35879,29.899664994416575,1.0,560,681,1241,0.0,0.0008333472224535399,1.000000000000001,0.0
35880,29.90049834163903,1.0,560,681,1241,0.0,0.0008333472224535399,1.000000000000001,0.0
35881,29.901331688861482,1.0,560,681,1241,0.0,0.0008333472224535399,1.000000000000001,0.0
35882,29.902165036083936,1.0,560,681,1241,0.0,0.0008333472224535399,1.000000000000001,0.0
35883,29.90299838330639,1.0,560,681,1241,0.0,0.0008333472224535399,1.000000000000001,0.0
35884,29.903831730528843,1.0,560,681,1241,0.0,0.0008333472224535399,1.000000000000001,0.0
35885,29.904665077751297,1.0,560,681,1241,0.0,0.0008333472224535399,1.000000000000001,0.0
35886,29.90549842497375,1.0,560,681,1241,0.0,0.0008333472224535399,1.000000000000001,0.0
35887,29.906331772196204,1.0,560,681,1241,0.0,0.0008333472224535399,1.000000000000001,0.0
35888,29.907165119418657,1.0,560,681,1241,0.0,0.0008333472224535399,1.000000000000001,0.0
35889,29.90799846664111,1.0,560,681,1241,0.0,0.0008333472224535399,1.000000000000001,0.0
35890,29.908831813863564,0.9991941982272361,560,681,1241,-0.0008058017727639033,0.0008333472224535399,0.9999194198227247,-8.058017727639034e-05
35891,29.909665161086018,0.9991941982272361,560,681,1241,0.0,0.0008333472224535399,0.9998388396454484,-8.058017727639034e-05
35892,29.91049850830847,1.0,560,681,1241,0.0008058017727639033,0.0008333472224535399,0.9998388396454484,0.0
35893,29.91133185553093,1.0,560,681,1241,0.0,0.0008333472224570926,0.9998388396454484,0.0
35894,29.912165202753382,1.0,560,681,1241,0.0,0.0008333472224535399,0.9998388396454484,0.0
35895,29.912998549975836,1.0,560,681,1241,0.0,0.0008333472224535399,0.9998388396454484,0.0
35896,29.91383189719829,1.0,560,681,1241,0.0,0.0008333472224535399,0.9998388396454484,0.0
35897,29.914665244420743,1.0,560,681,1241,0.0,0.0008333472224535399,0.9998388396454484,0.0
35898,29.915498591643196,1.0,560,681,1241,0.0,0.0008333472224535399,0.9998388396454484,0.0
35899,29.91633193886565,1.0,560,681,1241,0.0,0.0008333472224535399,0.9998388396454484,0.0
35900,29.917165286088103,1.0,560,681,1241,0.0,0.0008333472224535399,0.9999194198227247,8.058017727639034e-05
35901,29.917998633310557,1.0,560,681,1241,0.0,0.0008333472224535399,1.000000000000001,8.058017727639034e-05
35902,29.91883198053301,1.0,560,681,1241,0.0,0.0008333472224535399,1.000000000000001,0.0
35903,29.919665327755464,1.0,560,681,1241,0.0,0.0008333472224535399,1.000000000000001,0.0
35904,29.920498674977917,1.0,560,681,1241,0.0,0.0008333472224535399,1.000000000000001,0.0
35905,29.92133202220037,1.0,560,681,1241,0.0,0.0008333472224535399,1.000000000000001,0.0
35906,29.922165369422824,0.9991941982272361,560,681,1241,-0.0008058017727639033,0.0008333472224535399,0.9999194198227247,-8.058017727639034e-05
35907,29.922998716645278,0.9983883964544722,560,681,1241,-0.0008058017727639033,0.0008333472224535399,0.999758259468172,-0.00016116035455278067
35908,29.92383206386773,1.0,560,681,1241,0.0016116035455278066,0.0008333472224535399,0.999758259468172,0.0
35909,29.924665411090185,1.0,560,681,1241,0.0,0.0008333472224535399,0.999758259468172,0.0
35910,29.92549875831264,1.0,560,681,1241,0.0,0.0008333472224535399,0.999758259468172,0.0
35911,29.926332105535092,1.0,560,681,1241,0.0,0.0008333472224535399,0.999758259468172,0.0
35912,29.927165452757546,1.0,560,681,1241,0.0,0.0008333472224535399,0.999758259468172,0.0
35913,29.92799879998,1.0,560,681,1241,0.0,0.0008333472224535399,0.999758259468172,0.0
35914,29.928832147202456,1.0,560,681,1241,0.0,0.0008333472224570926,0.999758259468172,0.0
35915,29.92966549442491,1.0,560,681,1241,0.0,0.0008333472224535399,0.999758259468172,0.0
35916,29.930498841647363,1.0,560,681,1241,0.0,0.0008333472224535399,0.9998388396454484,8.058017727639034e-05
35917,29.931332188869817,1.0,560,681,1241,0.0,0.0008333472224535399,1.000000000000001,0.00016116035455278067
35918,29.93216553609227,1.0,560,681,1241,0.0,0.0008333472224535399,1.000000000000001,0.0
35919,29.932998883314724,1.0,560,681,1241,0.0,0.0008333472224535399,1.000000000000001,0.0
35920,29.933832230537178,0.9991941982272361,560,681,1241,-0.0008058017727639033,0.0008333472224535399,0.9999194198227247,-8.058017727639034e-05
35921,29.93466557775963,1.0,560,681,1241,0.0008058017727639033,0.0008333472224535399,0.9999194198227247,0.0
35922,29.935498924982085,1.0,560,681,1241,0.0,0.0008333472224535399,0.9999194198227247,0.0
35923,29.936332272204538,1.0,560,681,1241,0.0,0.0008333472224535399,0.9999194198227247,0.0
35924,29.93716561942699,0.9991941982272361,560,681,1241,-0.0008058017727639033,0.0008333472224535399,0.9998388396454484,-8.058017727639034e-05
35925,29.937998966649445,0.9991941982272361,560,681,1241,0.0,0.0008333472224535399,0.999758259468172,-8.058017727639034e-05
35926,29.9388323138719,0.9991941982272361,560,681,1241,0.0,0.0008333472224535399,0.9996776792908957,-8.058017727639034e-05
35927,29.939665661094352,1.0,560,681,1241,0.0008058017727639033,0.0008333472224535399,0.9996776792908957,0.0
35928,29.940499008316806,1.0,560,681,1241,0.0,0.0008333472224535399,0.9996776792908957,0.0
35929,29.94133235553926,1.0,560,681,1241,0.0,0.0008333472224535399,0.9996776792908957,0.0
35930,29.942165702761713,0.9991941982272361,560,681,1241,-0.0008058017727639033,0.0008333472224535399,0.9996776792908957,0.0
35931,29.942999049984167,0.9991941982272361,560,681,1241,0.0,0.0008333472224535399,0.9995970991136194,-8.058017727639034e-05
35932,29.94383239720662,0.9983883964544722,560,681,1241,-0.0008058017727639033,0.0008333472224535399,0.9994359387590667,-0.00016116035455278067
35933,29.944665744429074,0.9983883964544722,560,681,1241,0.0,0.0008333472224535399,0.999274778404514,-0.00016116035455278067
35934,29.945499091651527,0.9975825946817083,560,681,1241,-0.0008058017727639033,0.0008333472224535399,0.9991136180499611,-0.00016116035455278067
35935,29.946332438873984,0.9975825946817083,560,681,1241,0.0,0.0008333472224570926,0.9989524576954082,-0.00016116035455278067
35936,29.947165786096438,0.9975825946817083,560,681,1241,0.0,0.0008333472224535399,0.9987912973408554,-0.00016116035455278067
35937,29.94799913331889,0.9975825946817083,560,681,1241,0.0,0.0008333472224535399,0.9985495568090261,-0.00024174053182917098
35938,29.948832480541345,0.9983883964544722,560,681,1241,0.0008058017727639033,0.0008333472224535399,0.9983883964544734,-0.00016116035455278067
35939,29.9496658277638,0.9983883964544722,560,681,1241,0.0,0.0008333472224535399,0.9982272360999207,-0.00016116035455278067
35940,29.950499174986252,0.9983883964544722,560,681,1241,0.0,0.0008333472224535399,0.9981466559226444,-8.058017727639034e-05
35941,29.951332522208705,0.9991941982272361,560,681,1241,0.0008058017727639033,0.0008333472224535399,0.9981466559226444,0.0
35942,29.95216586943116,1.0,560,681,1241,0.0008058017727639033,0.0008333472224535399,0.9983078162771971,0.00016116035455278067
35943,29.952999216653613,0.9991941982272361,560,681,1241,-0.0008058017727639033,0.0008333472224535399,0.9983883964544734,8.058017727639034e-05
35944,29.953832563876066,0.9991941982272361,560,681,1241,0.0,0.0008333472224535399,0.9985495568090264,0.00016116035455278067
35945,29.95466591109852,1.0,560,681,1241,0.0008058017727639033,0.0008333472224535399,0.9987912973408555,0.00024174053182917098
35946,29.955499258320973,1.0,560,681,1241,0.0,0.0008333472224535399,0.9990330378726847,0.00024174053182917098
35947,29.956332605543427,1.0,560,681,1241,0.0,0.0008333472224535399,0.999274778404514,0.00024174053182917098
35948,29.95716595276588,1.0,560,681,1241,0.0,0.0008333472224535399,0.9994359387590667,0.00016116035455278067
35949,29.957999299988334,1.0,560,681,1241,0.0,0.0008333472224535399,0.9995970991136194,0.00016116035455278067
35950,29.958832647210787,1.0,560,681,1241,0.0,0.0008333472224535399,0.999758259468172,0.00016116035455278067
35951,29.95966599443324,1.0,560,681,1241,0.0,0.0008333472224535399,0.9998388396454484,8.058017727639034e-05
35952,29.960499341655694,1.0,560,681,1241,0.0,0.0008333472224535399,0.9998388396454484,0.0
35953,29.961332688878148,1.0,560,681,1241,0.0,0.0008333472224535399,0.9999194198227247,8.058017727639034e-05
35954,29.9621660361006,0.9991941982272361,560,681,1241,-0.0008058017727639033,0.0008333472224535399,0.9999194198227247,0.0
35955,29.962999383323055,0.9991941982272361,560,681,1241,0.0,0.0008333472224535399,0.9998388396454484,-8.058017727639034e-05
35956,29.963832730545512,1.0,560,681,1241,0.0008058017727639033,0.0008333472224570926,0.9998388396454484,0.0
35957,29.964666077767966,1.0,560,681,1241,0.0,0.0008333472224535399,0.9998388396454484,0.0
35958,29.96549942499042,1.0,560,681,1241,0.0,0.0008333472224535399,0.9998388396454484,0.0
35959,29.966332772212873,1.0,560,681,1241,0.0,0.0008333472224535399,0.9998388396454484,0.0
35960,29.967166119435326,0.9991941982272361,560,681,1241,-0.0008058017727639033,0.0008333472224535399,0.999758259468172,-8.058017727639034e-05
35961,29.96799946665778,0.9991941982272361,560,681,1241,0.0,0.0008333472224535399,0.9996776792908957,-8.058017727639034e-05
35962,29.968832813880233,0.9991941982272361,560,681,1241,0.0,0.0008333472224535399,0.9995970991136194,-8.058017727639034e-05
35963,29.969666161102687,0.9991941982272361,560,681,1241,0.0,0.0008333472224535399,0.999516518936343,-8.058017727639034e-05
35964,29.97049950832514,0.9991941982272361,560,681,1241,0.0,0.0008333472224535399,0.999516518936343,0.0
35965,29.971332855547594,1.0,560,681,1241,0.0008058017727639033,0.0008333472224535399,0.9995970991136194,8.058017727639034e-05
35966,29.972166202770048,1.0,560,681,1241,0.0,0.0008333472224535399,0.9995970991136194,0.0
35967,29.9729995499925,1.0,560,681,1241,0.0,0.0008333472224535399,0.9995970991136194,0.0
35968,29.973832897214955,1.0,560,681,1241,0.0,0.0008333472224535399,0.9995970991136194,0.0
35969,29.974666244437408,1.0,560,681,1241,0.0,0.0008333472224535399,0.9995970991136194,0.0
35970,29.97549959165986,1.0,560,681,1241,0.0,0.0008333472224535399,0.9996776792908957,8.058017727639034e-05
35971,29.976332938882315,1.0,560,681,1241,0.0,0.0008333472224535399,0.999758259468172,8.058017727639034e-05
35972,29.97716628610477,1.0,560,681,1241,0.0,0.0008333472224535399,0.9998388396454484,8.058017727639034e-05
35973,29.977999633327222,1.0,560,681,1241,0.0,0.0008333472224535399,0.9999194198227247,8.058017727639034e-05
35974,29.978832980549676,1.0,560,681,1241,0.0,0.0008333472224535399,1.000000000000001,8.058017727639034e-05
35975,29.97966632777213,0.9991941982272361,560,681,1241,-0.0008058017727639033,0.0008333472224535399,0.9999194198227247,-8.058017727639034e-05
35976,29.980499674994583,0.9991941982272361,560,681,1241,0.0,0.0008333472224535399,0.9998388396454484,-8.058017727639034e-05
35977,29.981333022217036,1.0,560,681,1241,0.0008058017727639033,0.0008333472224535399,0.9998388396454484,0.0
35978,29.982166369439494,1.0,560,681,1241,0.0,0.0008333472224570926,0.9998388396454484,0.0
35979,29.982999716661947,1.0,560,681,1241,0.0,0.0008333472224535399,0.9998388396454484,0.0
35980,29.9838330638844,1.0,560,681,1241,0.0,0.0008333472224535399,0.9998388396454484,0.0
35981,29.984666411106854,1.0,560,681,1241,0.0,0.0008333472224535399,0.9998388396454484,0.0
35982,29.985499758329308,1.0,560,681,1241,0.0,0.0008333472224535399,0.9998388396454484,0.0
35983,29.98633310555176,1.0,560,681,1241,0.0,0.0008333472224535399,0.9998388396454484,0.0
35984,29.987166452774215,0.9991941982272361,560,681,1241,-0.0008058017727639033,0.0008333472224535399,0.999758259468172,-8.058017727639034e-05
35985,29.98799979999667,0.9991941982272361,560,681,1241,0.0,0.0008333472224535399,0.999758259468172,0.0
35986,29.988833147219122,0.9991941982272361,560,681,1241,0.0,0.0008333472224535399,0.999758259468172,0.0
35987,29.989666494441575,1.0,560,681,1241,0.0008058017727639033,0.0008333472224535399,0.999758259468172,0.0
35988,29.99049984166403,1.0,560,681,1241,0.0,0.0008333472224535399,0.999758259468172,0.0
35989,29.991333188886482,1.0,560,681,1241,0.0,0.0008333472224535399,0.999758259468172,0.0
35990,29.992166536108936,1.0,560,681,1241,0.0,0.0008333472224535399,0.999758259468172,0.0
35991,29.99299988333139,1.0,560,681,1241,0.0,0.0008333472224535399,0.999758259468172,0.0
35992,29.993833230553843,1.0,560,681,1241,0.0,0.0008333472224535399,0.999758259468172,0.0
35993,29.994666577776297,1.0,560,681,1241,0.0,0.0008333472224535399,0.999758259468172,0.0
35994,29.99549992499875,1.0,560,681,1241,0.0,0.0008333472224535399,0.9998388396454484,8.058017727639034e-05
35995,29.996333272221204,1.0,560,681,1241,0.0,0.0008333472224535399,0.9999194198227247,8.058017727639034e-05
35996,29.997166619443657,1.0,560,681,1241,0.0,0.0008333472224535399,1.000000000000001,8.058017727639034e-05
35997,29.99799996666611,1.0,560,681,1241,0.0,0.0008333472224535399,1.000000000000001,0.0
35998,29.998833313888564,1.0,560,681,1241,0.0,0.0008333472224535399,1.000000000000001,0.0
35999,29.99966666111102,1.0,560,681,1241,0.0,0.0008333472224570926,1.000000000000001,0.0
36000,30.000500008333475,1.0,560,681,1241,0.0,0.0008333472224535399,1.000000000000001,0.0
36001,30.00133335555593,0.9991941982272361,560,681,1241,-0.0008058017727639033,0.0008333472224535399,0.9999194198227247,-8.058017727639034e-05
36002,30.002166702778382,0.9991941982272361,560,681,1241,0.0,0.0008333472224535399,0.9998388396454484,-8.058017727639034e-05
36003,30.003000050000836,0.9991941982272361,560,681,1241,0.0,0.0008333472224535399,0.999758259468172,-8.058017727639034e-05
36004,30.00383339722329,0.9991941982272361,560,681,1241,0.0,0.0008333472224535399,0.9996776792908957,-8.058017727639034e-05
36005,30.004666744445743,0.9991941982272361,560,681,1241,0.0,0.0008333472224535399,0.9995970991136194,-8.058017727639034e-05
36006,30.005500091668196,0.9991941982272361,560,681,1241,0.0,0.0008333472224535399,0.999516518936343,-8.058017727639034e-05
36007,30.00633343889065,0.9991941982272361,560,681,1241,0.0,0.0008333472224535399,0.9994359387590667,-8.058017727639034e-05
36008,30.007166786113103,0.9991941982272361,560,681,1241,0.0,0.0008333472224535399,0.9993553585817903,-8.058017727639034e-05
36009,30.008000133335557,0.9991941982272361,560,681,1241,0.0,0.0008333472224535399,0.999274778404514,-8.058017727639034e-05
36010,30.00883348055801,0.9991941982272361,560,681,1241,0.0,0.0008333472224535399,0.9991941982272377,-8.058017727639034e-05
36011,30.009666827780464,0.9991941982272361,560,681,1241,0.0,0.0008333472224535399,0.9991941982272377,0.0
36012,30.010500175002917,0.9991941982272361,560,681,1241,0.0,0.0008333472224535399,0.9991941982272377,0.0
36013,30.01133352222537,0.9991941982272361,560,681,1241,0.0,0.0008333472224535399,0.9991941982272377,0.0
36014,30.012166869447825,0.9991941982272361,560,681,1241,0.0,0.0008333472224535399,0.9991941982272377,0.0
36015,30.013000216670278,0.9991941982272361,560,681,1241,0.0,0.0008333472224535399,0.9991941982272377,0.0
36016,30.01383356389273,0.9983883964544722,560,681,1241,-0.0008058017727639033,0.0008333472224535399,0.9991136180499612,-8.058017727639034e-05
36017,30.014666911115185,0.9991941982272361,560,681,1241,0.0008058017727639033,0.0008333472224535399,0.9991136180499612,0.0
36018,30.01550025833764,0.9991941982272361,560,681,1241,0.0,0.0008333472224535399,0.9991136180499612,0.0
36019,30.016333605560092,0.9991941982272361,560,681,1241,0.0,0.0008333472224535399,0.9991136180499612,0.0
36020,30.01716695278255,0.9991941982272361,560,681,1241,0.0,0.0008333472224570926,0.9991136180499612,0.0
36021,30.018000300005003,0.9991941982272361,560,681,1241,0.0,0.0008333472224535399,0.9991136180499612,0.0
36022,30.018833647227456,0.9991941982272361,560,681,1241,0.0,0.0008333472224535399,0.9991136180499612,0.0
36023,30.01966699444991,0.9991941982272361,560,681,1241,0.0,0.0008333472224535399,0.9991136180499612,0.0
36024,30.020500341672363,0.9991941982272361,560,681,1241,0.0,0.0008333472224535399,0.9991136180499612,0.0
36025,30.021333688894817,0.9983883964544722,560,681,1241,-0.0008058017727639033,0.0008333472224535399,0.9990330378726849,-8.058017727639034e-05
36026,30.02216703611727,0.9983883964544722,560,681,1241,0.0,0.0008333472224535399,0.9990330378726849,0.0
36027,30.023000383339724,0.9975825946817083,560,681,1241,-0.0008058017727639033,0.0008333472224535399,0.998871877518132,-0.00016116035455278067
36028,30.023833730562178,0.9975825946817083,560,681,1241,0.0,0.0008333472224535399,0.9987107171635792,-0.00016116035455278067
36029,30.02466707778463,0.9983883964544722,560,681,1241,0.0008058017727639033,0.0008333472224535399,0.9986301369863029,-8.058017727639034e-05
36030,30.025500425007085,0.9983883964544722,560,681,1241,0.0,0.0008333472224535399,0.9985495568090265,-8.058017727639034e-05
36031,30.02633377222954,0.9983883964544722,560,681,1241,0.0,0.0008333472224535399,0.9984689766317502,-8.058017727639034e-05
36032,30.027167119451992,0.9983883964544722,560,681,1241,0.0,0.0008333472224535399,0.9983883964544737,-8.058017727639034e-05
36033,30.028000466674445,0.9983883964544722,560,681,1241,0.0,0.0008333472224535399,0.9983078162771974,-8.058017727639034e-05
36034,30.0288338138969,0.9983883964544722,560,681,1241,0.0,0.0008333472224535399,0.9982272360999211,-8.058017727639034e-05
36035,30.029667161119352,0.9983883964544722,560,681,1241,0.0,0.0008333472224535399,0.9982272360999211,0.0
36036,30.030500508341806,0.9991941982272361,560,681,1241,0.0008058017727639033,0.0008333472224535399,0.9983078162771974,8.058017727639034e-05
36037,30.03133385556426,1.0,560,681,1241,0.0008058017727639033,0.0008333472224535399,0.9985495568090267,0.00024174053182917098
36038,30.032167202786713,0.9991941982272361,560,681,1241,-0.0008058017727639033,0.0008333472224535399,0.9987107171635795,0.00016116035455278067
36039,30.033000550009167,0.9991941982272361,560,681,1241,0.0,0.0008333472224535399,0.9987912973408559,8.058017727639034e-05
36040,30.03383389723162,0.9991941982272361,560,681,1241,0.0,0.0008333472224535399,0.9988718775181322,8.058017727639034e-05
36041,30.034667244454077,0.9983883964544722,560,681,1241,-0.0008058017727639033,0.0008333472224570926,0.9988718775181322,0.0
36042,30.03550059167653,0.9991941982272361,560,681,1241,0.0008058017727639033,0.0008333472224535399,0.9989524576954085,8.058017727639034e-05
36043,30.036333938898984,0.9991941982272361,560,681,1241,0.0,0.0008333472224535399,0.9990330378726849,8.058017727639034e-05
36044,30.037167286121438,0.9991941982272361,560,681,1241,0.0,0.0008333472224535399,0.9991136180499612,8.058017727639034e-05
36045,30.03800063334389,1.0,560,681,1241,0.0008058017727639033,0.0008333472224535399,0.999274778404514,0.00016116035455278067
36046,30.038833980566345,1.0,560,681,1241,0.0,0.0008333472224535399,0.9993553585817903,8.058017727639034e-05
36047,30.0396673277888,1.0,560,681,1241,0.0,0.0008333472224535399,0.9993553585817903,0.0
36048,30.040500675011252,1.0,560,681,1241,0.0,0.0008333472224535399,0.9994359387590667,8.058017727639034e-05
36049,30.041334022233706,1.0,560,681,1241,0.0,0.0008333472224535399,0.999516518936343,8.058017727639034e-05
36050,30.04216736945616,1.0,560,681,1241,0.0,0.0008333472224535399,0.9995970991136194,8.058017727639034e-05
36051,30.043000716678613,1.0,560,681,1241,0.0,0.0008333472224535399,0.999758259468172,0.00016116035455278067
36052,30.043834063901066,1.0,560,681,1241,0.0,0.0008333472224535399,0.9998388396454484,8.058017727639034e-05
36053,30.04466741112352,1.0,560,681,1241,0.0,0.0008333472224535399,0.9999194198227247,8.058017727639034e-05
36054,30.045500758345973,1.0,560,681,1241,0.0,0.0008333472224535399,1.000000000000001,8.058017727639034e-05
36055,30.046334105568427,1.0,560,681,1241,0.0,0.0008333472224535399,1.000000000000001,0.0
36056,30.04716745279088,1.0,560,681,1241,0.0,0.0008333472224535399,1.000000000000001,0.0
36057,30.048000800013334,1.0,560,681,1241,0.0,0.0008333472224535399,1.000000000000001,0.0
36058,30.048834147235787,0.9991941982272361,560,681,1241,-0.0008058017727639033,0.0008333472224535399,0.9999194198227247,-8.058017727639034e-05
36059,30.04966749445824,1.0,560,681,1241,0.0008058017727639033,0.0008333472224535399,0.9999194198227247,0.0
36060,30.050500841680694,1.0,560,681,1241,0.0,0.0008333472224535399,0.9999194198227247,0.0
36061,30.051334188903148,1.0,560,681,1241,0.0,0.0008333472224535399,0.9999194198227247,0.0
36062,30.052167536125605,0.9991941982272361,560,681,1241,-0.0008058017727639033,0.0008333472224570926,0.9998388396454484,-8.058017727639034e-05
36063,30.05300088334806,0.9991941982272361,560,681,1241,0.0,0.0008333472224535399,0.999758259468172,-8.058017727639034e-05
36064,30.053834230570512,0.9991941982272361,560,681,1241,0.0,0.0008333472224535399,0.9996776792908957,-8.058017727639034e-05
36065,30.054667577792966,0.9991941982272361,560,681,1241,0.0,0.0008333472224535399,0.9995970991136194,-8.058017727639034e-05
36066,30.05550092501542,0.9991941982272361,560,681,1241,0.0,0.0008333472224535399,0.999516518936343,-8.058017727639034e-05
36067,30.056334272237873,0.9991941982272361,560,681,1241,0.0,0.0008333472224535399,0.9994359387590667,-8.058017727639034e-05
36068,30.057167619460326,1.0,560,681,1241,0.0008058017727639033,0.0008333472224535399,0.999516518936343,8.058017727639034e-05
36069,30.05800096668278,1.0,560,681,1241,0.0,0.0008333472224535399,0.999516518936343,0.0
36070,30.058834313905233,1.0,560,681,1241,0.0,0.0008333472224535399,0.999516518936343,0.0
36071,30.059667661127687,1.0,560,681,1241,0.0,0.0008333472224535399,0.999516518936343,0.0
36072,30.06050100835014,1.0,560,681,1241,0.0,0.0008333472224535399,0.9995970991136194,8.058017727639034e-05
36073,30.061334355572594,1.0,560,681,1241,0.0,0.0008333472224535399,0.9996776792908957,8.058017727639034e-05
36074,30.062167702795048,1.0,560,681,1241,0.0,0.0008333472224535399,0.999758259468172,8.058017727639034e-05
36075,30.0630010500175,1.0,560,681,1241,0.0,0.0008333472224535399,0.9998388396454484,8.058017727639034e-05
36076,30.063834397239955,1.0,560,681,1241,0.0,0.0008333472224535399,0.9999194198227247,8.058017727639034e-05
36077,30.064667744462408,1.0,560,681,1241,0.0,0.0008333472224535399,1.000000000000001,8.058017727639034e-05
36078,30.06550109168486,1.0,560,681,1241,0.0,0.0008333472224535399,1.000000000000001,0.0
36079,30.066334438907315,1.0,560,681,1241,0.0,0.0008333472224535399,1.000000000000001,0.0
36080,30.06716778612977,1.0,560,681,1241,0.0,0.0008333472224535399,1.000000000000001,0.0
36081,30.068001133352222,1.0,560,681,1241,0.0,0.0008333472224535399,1.000000000000001,0.0
36082,30.068834480574676,1.0,560,681,1241,0.0,0.0008333472224535399,1.000000000000001,0.0
36083,30.069667827797133,1.0,560,681,1241,0.0,0.0008333472224570926,1.000000000000001,0.0
36084,30.070501175019587,1.0,560,681,1241,0.0,0.0008333472224535399,1.000000000000001,0.0
36085,30.07133452224204,1.0,560,681,1241,0.0,0.0008333472224535399,1.000000000000001,0.0
36086,30.072167869464494,1.0,560,681,1241,0.0,0.0008333472224535399,1.000000000000001,0.0
36087,30.073001216686947,1.0,560,681,1241,0.0,0.0008333472224535399,1.000000000000001,0.0
36088,30.0738345639094,1.0,560,681,1241,0.0,0.0008333472224535399,1.000000000000001,0.0
36089,30.074667911131854,1.0,560,681,1241,0.0,0.0008333472224535399,1.000000000000001,0.0
36090,30.075501258354308,1.0,560,681,1241,0.0,0.0008333472224535399,1.000000000000001,0.0
36091,30.07633460557676,1.0,560,681,1241,0.0,0.0008333472224535399,1.000000000000001,0.0
36092,30.077167952799215,1.0,560,681,1241,0.0,0.0008333472224535399,1.000000000000001,0.0
36093,30.07800130002167,1.0,560,681,1241,0.0,0.0008333472224535399,1.000000000000001,0.0
36094,30.078834647244122,1.0,560,681,1241,0.0,0.0008333472224535399,1.000000000000001,0.0
36095,30.079667994466575,1.0,560,681,1241,0.0,0.0008333472224535399,1.000000000000001,0.0
36096,30.08050134168903,0.9991941982272361,560,681,1241,-0.0008058017727639033,0.0008333472224535399,0.9999194198227247,-8.058017727639034e-05
36097,30.081334688911483,0.9991941982272361,560,681,1241,0.0,0.0008333472224535399,0.9998388396454484,-8.058017727639034e-05
36098,30.082168036133936,1.0,560,681,1241,0.0008058017727639033,0.0008333472224535399,0.9998388396454484,0.0
36099,30.08300138335639,1.0,560,681,1241,0.0,0.0008333472224535399,0.9998388396454484,0.0
36100,30.083834730578843,1.0,560,681,1241,0.0,0.0008333472224535399,0.9998388396454484,0.0
36101,30.084668077801297,1.0,560,681,1241,0.0,0.0008333472224535399,0.9998388396454484,0.0
36102,30.08550142502375,1.0,560,681,1241,0.0,0.0008333472224535399,0.9998388396454484,0.0
36103,30.086334772246204,0.9991941982272361,560,681,1241,-0.0008058017727639033,0.0008333472224535399,0.999758259468172,-8.058017727639034e-05
36104,30.087168119468657,1.0,560,681,1241,0.0008058017727639033,0.0008333472224535399,0.999758259468172,0.0
36105,30.088001466691114,1.0,560,681,1241,0.0,0.0008333472224570926,0.999758259468172,0.0
36106,30.088834813913568,1.0,560,681,1241,0.0,0.0008333472224535399,0.9998388396454484,8.058017727639034e-05
36107,30.08966816113602,1.0,560,681,1241,0.0,0.0008333472224535399,0.9999194198227247,8.058017727639034e-05
36108,30.090501508358475,1.0,560,681,1241,0.0,0.0008333472224535399,0.9999194198227247,0.0
36109,30.09133485558093,1.0,560,681,1241,0.0,0.0008333472224535399,0.9999194198227247,0.0
36110,30.092168202803382,1.0,560,681,1241,0.0,0.0008333472224535399,0.9999194198227247,0.0
36111,30.093001550025836,1.0,560,681,1241,0.0,0.0008333472224535399,0.9999194198227247,0.0
36112,30.09383489724829,1.0,560,681,1241,0.0,0.0008333472224535399,0.9999194198227247,0.0
36113,30.094668244470743,1.0,560,681,1241,0.0,0.0008333472224535399,1.000000000000001,8.058017727639034e-05
36114,30.095501591693196,1.0,560,681,1241,0.0,0.0008333472224535399,1.000000000000001,0.0
36115,30.09633493891565,0.9991941982272361,560,681,1241,-0.0008058017727639033,0.0008333472224535399,0.9999194198227247,-8.058017727639034e-05
36116,30.097168286138103,1.0,560,681,1241,0.0008058017727639033,0.0008333472224535399,0.9999194198227247,0.0
36117,30.098001633360557,1.0,560,681,1241,0.0,0.0008333472224535399,0.9999194198227247,0.0
36118,30.09883498058301,1.0,560,681,1241,0.0,0.0008333472224535399,0.9999194198227247,0.0
36119,30.099668327805464,1.0,560,681,1241,0.0,0.0008333472224535399,0.9999194198227247,0.0
36120,30.100501675027918,1.0,560,681,1241,0.0,0.0008333472224535399,0.9999194198227247,0.0
36121,30.10133502225037,0.9991941982272361,560,681,1241,-0.0008058017727639033,0.0008333472224535399,0.9998388396454484,-8.058017727639034e-05
36122,30.102168369472825,0.9991941982272361,560,681,1241,0.0,0.0008333472224535399,0.999758259468172,-8.058017727639034e-05
36123,30.103001716695278,0.9991941982272361,560,681,1241,0.0,0.0008333472224535399,0.9996776792908957,-8.058017727639034e-05
36124,30.10383506391773,0.9991941982272361,560,681,1241,0.0,0.0008333472224535399,0.9995970991136194,-8.058017727639034e-05
36125,30.104668411140185,0.9991941982272361,560,681,1241,0.0,0.0008333472224535399,0.9995970991136194,0.0
36126,30.105501758362642,0.9991941982272361,560,681,1241,0.0,0.0008333472224570926,0.999516518936343,-8.058017727639034e-05
36127,30.106335105585096,1.0,560,681,1241,0.0008058017727639033,0.0008333472224535399,0.999516518936343,0.0
36128,30.10716845280755,1.0,560,681,1241,0.0,0.0008333472224535399,0.999516518936343,0.0
36129,30.108001800030003,1.0,560,681,1241,0.0,0.0008333472224535399,0.999516518936343,0.0
36130,30.108835147252456,1.0,560,681,1241,0.0,0.0008333472224535399,0.999516518936343,0.0
36131,30.10966849447491,1.0,560,681,1241,0.0,0.0008333472224535399,0.9995970991136194,8.058017727639034e-05
36132,30.110501841697364,1.0,560,681,1241,0.0,0.0008333472224535399,0.9996776792908957,8.058017727639034e-05
36133,30.111335188919817,1.0,560,681,1241,0.0,0.0008333472224535399,0.999758259468172,8.058017727639034e-05
36134,30.11216853614227,1.0,560,681,1241,0.0,0.0008333472224535399,0.9998388396454484,8.058017727639034e-05
36135,30.113001883364724,1.0,560,681,1241,0.0,0.0008333472224535399,0.9999194198227247,8.058017727639034e-05
36136,30.113835230587178,1.0,560,681,1241,0.0,0.0008333472224535399,1.000000000000001,8.058017727639034e-05
36137,30.11466857780963,1.0,560,681,1241,0.0,0.0008333472224535399,1.000000000000001,0.0
36138,30.115501925032085,1.0,560,681,1241,0.0,0.0008333472224535399,1.000000000000001,0.0
36139,30.11633527225454,1.0,560,681,1241,0.0,0.0008333472224535399,1.000000000000001,0.0
36140,30.117168619476992,1.0,560,681,1241,0.0,0.0008333472224535399,1.000000000000001,0.0
36141,30.118001966699445,1.0,560,681,1241,0.0,0.0008333472224535399,1.000000000000001,0.0
36142,30.1188353139219,1.0,560,681,1241,0.0,0.0008333472224535399,1.000000000000001,0.0
36143,30.119668661144352,1.0,560,681,1241,0.0,0.0008333472224535399,1.000000000000001,0.0
36144,30.120502008366806,1.0,560,681,1241,0.0,0.0008333472224535399,1.000000000000001,0.0
36145,30.12133535558926,1.0,560,681,1241,0.0,0.0008333472224535399,1.000000000000001,0.0
36146,30.122168702811713,1.0,560,681,1241,0.0,0.0008333472224535399,1.000000000000001,0.0
36147,30.12300205003417,1.0,560,681,1241,0.0,0.0008333472224570926,1.000000000000001,0.0
36148,30.123835397256624,1.0,560,681,1241,0.0,0.0008333472224535399,1.000000000000001,0.0
36149,30.124668744479077,1.0,560,681,1241,0.0,0.0008333472224535399,1.000000000000001,0.0
36150,30.12550209170153,1.0,560,681,1241,0.0,0.0008333472224535399,1.000000000000001,0.0
36151,30.126335438923984,1.0,560,681,1241,0.0,0.0008333472224535399,1.000000000000001,0.0
36152,30.127168786146438,0.9991941982272361,560,681,1241,-0.0008058017727639033,0.0008333472224535399,0.9999194198227247,-8.058017727639034e-05
36153,30.12800213336889,0.9991941982272361,560,681,1241,0.0,0.0008333472224535399,0.9998388396454484,-8.058017727639034e-05
36154,30.128835480591345,0.9983883964544722,560,681,1241,-0.0008058017727639033,0.0008333472224535399,0.9996776792908957,-0.00016116035455278067
36155,30.1296688278138,0.9983883964544722,560,681,1241,0.0,0.0008333472224535399,0.999516518936343,-0.00016116035455278067
36156,30.130502175036252,0.9975825946817083,560,681,1241,-0.0008058017727639033,0.0008333472224535399,0.9992747784045137,-0.00024174053182917098
36157,30.131335522258706,0.9975825946817083,560,681,1241,0.0,0.0008333472224535399,0.9990330378726846,-0.00024174053182917098
36158,30.13216886948116,0.9983883964544722,560,681,1241,0.0008058017727639033,0.0008333472224535399,0.9988718775181319,-0.00016116035455278067
36159,30.133002216703613,0.9983883964544722,560,681,1241,0.0,0.0008333472224535399,0.9987107171635792,-0.00016116035455278067
36160,30.133835563926066,0.9983883964544722,560,681,1241,0.0,0.0008333472224535399,0.9985495568090265,-0.00016116035455278067
36161,30.13466891114852,1.0,560,681,1241,0.0016116035455278066,0.0008333472224535399,0.9985495568090265,0.0
36162,30.135502258370973,1.0,560,681,1241,0.0,0.0008333472224535399,0.9986301369863029,8.058017727639034e-05
36163,30.136335605593427,1.0,560,681,1241,0.0,0.0008333472224535399,0.9987107171635792,8.058017727639034e-05
36164,30.13716895281588,1.0,560,681,1241,0.0,0.0008333472224535399,0.9988718775181319,0.00016116035455278067
36165,30.138002300038334,1.0,560,681,1241,0.0,0.0008333472224535399,0.9990330378726846,0.00016116035455278067
36166,30.138835647260787,1.0,560,681,1241,0.0,0.0008333472224535399,0.9992747784045137,0.00024174053182917098
36167,30.13966899448324,1.0,560,681,1241,0.0,0.0008333472224535399,0.999516518936343,0.00024174053182917098
36168,30.140502341705698,1.0,560,681,1241,0.0,0.0008333472224570926,0.9996776792908957,0.00016116035455278067
36169,30.14133568892815,1.0,560,681,1241,0.0,0.0008333472224535399,0.9998388396454484,0.00016116035455278067
36170,30.142169036150605,1.0,560,681,1241,0.0,0.0008333472224535399,1.000000000000001,0.00016116035455278067
36171,30.14300238337306,1.0,560,681,1241,0.0,0.0008333472224535399,1.000000000000001,0.0
36172,30.143835730595512,1.0,560,681,1241,0.0,0.0008333472224535399,1.000000000000001,0.0
36173,30.144669077817966,1.0,560,681,1241,0.0,0.0008333472224535399,1.000000000000001,0.0
36174,30.14550242504042,1.0,560,681,1241,0.0,0.0008333472224535399,1.000000000000001,0.0
36175,30.146335772262873,0.9991941982272361,560,681,1241,-0.0008058017727639033,0.0008333472224535399,0.9999194198227247,-8.058017727639034e-05
36176,30.147169119485326,1.0,560,681,1241,0.0008058017727639033,0.0008333472224535399,0.9999194198227247,0.0
36177,30.14800246670778,0.9991941982272361,560,681,1241,-0.0008058017727639033,0.0008333472224535399,0.9998388396454484,-8.058017727639034e-05
36178,30.148835813930233,1.0,560,681,1241,0.0008058017727639033,0.0008333472224535399,0.9998388396454484,0.0
36179,30.149669161152687,1.0,560,681,1241,0.0,0.0008333472224535399,0.9998388396454484,0.0
36180,30.15050250837514,0.9991941982272361,560,681,1241,-0.0008058017727639033,0.0008333472224535399,0.999758259468172,-8.058017727639034e-05
36181,30.151335855597594,1.0,560,681,1241,0.0008058017727639033,0.0008333472224535399,0.999758259468172,0.0
36182,30.152169202820048,1.0,560,681,1241,0.0,0.0008333472224535399,0.999758259468172,0.0
36183,30.1530025500425,1.0,560,681,1241,0.0,0.0008333472224535399,0.999758259468172,0.0
36184,30.153835897264955,1.0,560,681,1241,0.0,0.0008333472224535399,0.999758259468172,0.0
36185,30.15466924448741,1.0,560,681,1241,0.0,0.0008333472224535399,0.9998388396454484,8.058017727639034e-05
36186,30.155502591709862,1.0,560,681,1241,0.0,0.0008333472224535399,0.9998388396454484,0.0
36187,30.156335938932315,1.0,560,681,1241,0.0,0.0008333472224535399,0.9999194198227247,8.058017727639034e-05
36188,30.15716928615477,0.9983883964544722,560,681,1241,-0.0016116035455278066,0.0008333472224535399,0.999758259468172,-0.00016116035455278067
36189,30.158002633377226,0.9991941982272361,560,681,1241,0.0008058017727639033,0.0008333472224570926,0.9996776792908957,-8.058017727639034e-05
36190,30.15883598059968,0.9991941982272361,560,681,1241,0.0,0.0008333472224535399,0.9996776792908957,0.0
36191,30.159669327822133,0.9991941982272361,560,681,1241,0.0,0.0008333472224535399,0.9995970991136194,-8.058017727639034e-05
36192,30.160502675044587,1.0,560,681,1241,0.0008058017727639033,0.0008333472224535399,0.9995970991136194,0.0
36193,30.16133602226704,1.0,560,681,1241,0.0,0.0008333472224535399,0.9995970991136194,0.0
36194,30.162169369489494,1.0,560,681,1241,0.0,0.0008333472224535399,0.9995970991136194,0.0
36195,30.163002716711947,1.0,560,681,1241,0.0,0.0008333472224535399,0.9995970991136194,0.0
36196,30.1638360639344,1.0,560,681,1241,0.0,0.0008333472224535399,0.9995970991136194,0.0
36197,30.164669411156854,1.0,560,681,1241,0.0,0.0008333472224535399,0.9995970991136194,0.0
36198,30.165502758379308,1.0,560,681,1241,0.0,0.0008333472224535399,0.999758259468172,0.00016116035455278067
36199,30.16633610560176,1.0,560,681,1241,0.0,0.0008333472224535399,0.9998388396454484,8.058017727639034e-05
36200,30.167169452824215,1.0,560,681,1241,0.0,0.0008333472224535399,0.9999194198227247,8.058017727639034e-05
36201,30.16800280004667,1.0,560,681,1241,0.0,0.0008333472224535399,1.000000000000001,8.058017727639034e-05
36202,30.168836147269122,1.0,560,681,1241,0.0,0.0008333472224535399,1.000000000000001,0.0
36203,30.169669494491576,1.0,560,681,1241,0.0,0.0008333472224535399,1.000000000000001,0.0
36204,30.17050284171403,1.0,560,681,1241,0.0,0.0008333472224535399,1.000000000000001,0.0
36205,30.171336188936483,1.0,560,681,1241,0.0,0.0008333472224535399,1.000000000000001,0.0
36206,30.172169536158936,0.9991941982272361,560,681,1241,-0.0008058017727639033,0.0008333472224535399,0.9999194198227247,-8.058017727639034e-05
36207,30.17300288338139,0.9991941982272361,560,681,1241,0.0,0.0008333472224535399,0.9998388396454484,-8.058017727639034e-05
36208,30.173836230603843,0.9991941982272361,560,681,1241,0.0,0.0008333472224535399,0.999758259468172,-8.058017727639034e-05
36209,30.174669577826297,0.9991941982272361,560,681,1241,0.0,0.0008333472224535399,0.9996776792908957,-8.058017727639034e-05
36210,30.17550292504875,0.9991941982272361,560,681,1241,0.0,0.0008333472224535399,0.9995970991136194,-8.058017727639034e-05
36211,30.176336272271207,0.9983883964544722,560,681,1241,-0.0008058017727639033,0.0008333472224570926,0.9994359387590667,-0.00016116035455278067
36212,30.17716961949366,0.9991941982272361,560,681,1241,0.0008058017727639033,0.0008333472224535399,0.9993553585817903,-8.058017727639034e-05
36213,30.178002966716114,1.0,560,681,1241,0.0008058017727639033,0.0008333472224535399,0.9993553585817903,0.0
36214,30.178836313938568,0.9991941982272361,560,681,1241,-0.0008058017727639033,0.0008333472224535399,0.999274778404514,-8.058017727639034e-05
36215,30.17966966116102,0.9991941982272361,560,681,1241,0.0,0.0008333472224535399,0.9991941982272377,-8.058017727639034e-05
36216,30.180503008383475,0.9991941982272361,560,681,1241,0.0,0.0008333472224535399,0.9991941982272377,0.0
36217,30.18133635560593,0.9991941982272361,560,681,1241,0.0,0.0008333472224535399,0.9991941982272377,0.0
36218,30.182169702828382,0.9991941982272361,560,681,1241,0.0,0.0008333472224535399,0.9991941982272377,0.0
36219,30.183003050050836,0.9991941982272361,560,681,1241,0.0,0.0008333472224535399,0.9991941982272377,0.0
36220,30.18383639727329,0.9991941982272361,560,681,1241,0.0,0.0008333472224535399,0.9991941982272377,0.0
36221,30.184669744495743,0.9991941982272361,560,681,1241,0.0,0.0008333472224535399,0.999274778404514,8.058017727639034e-05
36222,30.185503091718196,0.9983883964544722,560,681,1241,-0.0008058017727639033,0.0008333472224535399,0.9991941982272377,-8.058017727639034e-05
36223,30.18633643894065,0.9983883964544722,560,681,1241,0.0,0.0008333472224535399,0.9990330378726849,-0.00016116035455278067
36224,30.187169786163103,0.9983883964544722,560,681,1241,0.0,0.0008333472224535399,0.9989524576954085,-8.058017727639034e-05
36225,30.188003133385557,0.9983883964544722,560,681,1241,0.0,0.0008333472224535399,0.9988718775181322,-8.058017727639034e-05
36226,30.18883648060801,0.9983883964544722,560,681,1241,0.0,0.0008333472224535399,0.9987912973408559,-8.058017727639034e-05
36227,30.189669827830464,0.9983883964544722,560,681,1241,0.0,0.0008333472224535399,0.9987107171635795,-8.058017727639034e-05
36228,30.190503175052918,0.9991941982272361,560,681,1241,0.0008058017727639033,0.0008333472224535399,0.9987107171635795,0.0
36229,30.19133652227537,0.9991941982272361,560,681,1241,0.0,0.0008333472224535399,0.9987107171635795,0.0
36230,30.192169869497825,0.9991941982272361,560,681,1241,0.0,0.0008333472224535399,0.9987107171635795,0.0
36231,30.193003216720278,0.9991941982272361,560,681,1241,0.0,0.0008333472224535399,0.9987107171635795,0.0
36232,30.193836563942735,1.0,560,681,1241,0.0008058017727639033,0.0008333472224570926,0.9988718775181322,0.00016116035455278067
36233,30.19466991116519,0.9991941982272361,560,681,1241,-0.0008058017727639033,0.0008333472224535399,0.9989524576954085,8.058017727639034e-05
36234,30.195503258387642,0.9991941982272361,560,681,1241,0.0,0.0008333472224535399,0.9990330378726849,8.058017727639034e-05
36235,30.196336605610096,0.9991941982272361,560,681,1241,0.0,0.0008333472224535399,0.9991136180499612,8.058017727639034e-05
36236,30.19716995283255,0.9991941982272361,560,681,1241,0.0,0.0008333472224535399,0.9991941982272377,8.058017727639034e-05
36237,30.198003300055003,0.9991941982272361,560,681,1241,0.0,0.0008333472224535399,0.999274778404514,8.058017727639034e-05
36238,30.198836647277457,0.9991941982272361,560,681,1241,0.0,0.0008333472224535399,0.999274778404514,0.0
36239,30.19966999449991,1.0,560,681,1241,0.0008058017727639033,0.0008333472224535399,0.9993553585817903,8.058017727639034e-05
36240,30.200503341722364,1.0,560,681,1241,0.0,0.0008333472224535399,0.9994359387590667,8.058017727639034e-05
36241,30.201336688944817,1.0,560,681,1241,0.0,0.0008333472224535399,0.999516518936343,8.058017727639034e-05
36242,30.20217003616727,1.0,560,681,1241,0.0,0.0008333472224535399,0.999516518936343,0.0
36243,30.203003383389724,1.0,560,681,1241,0.0,0.0008333472224535399,0.9995970991136194,8.058017727639034e-05
36244,30.203836730612178,1.0,560,681,1241,0.0,0.0008333472224535399,0.9996776792908957,8.058017727639034e-05
36245,30.20467007783463,1.0,560,681,1241,0.0,0.0008333472224535399,0.999758259468172,8.058017727639034e-05
36246,30.205503425057085,1.0,560,681,1241,0.0,0.0008333472224535399,0.9998388396454484,8.058017727639034e-05
36247,30.20633677227954,1.0,560,681,1241,0.0,0.0008333472224535399,0.9999194198227247,8.058017727639034e-05
36248,30.207170119501992,1.0,560,681,1241,0.0,0.0008333472224535399,1.000000000000001,8.058017727639034e-05
36249,30.208003466724445,1.0,560,681,1241,0.0,0.0008333472224535399,1.000000000000001,0.0
36250,30.2088368139469,1.0,560,681,1241,0.0,0.0008333472224535399,1.000000000000001,0.0
36251,30.209670161169353,1.0,560,681,1241,0.0,0.0008333472224535399,1.000000000000001,0.0
36252,30.210503508391806,0.9991941982272361,560,681,1241,-0.0008058017727639033,0.0008333472224535399,0.9999194198227247,-8.058017727639034e-05
36253,30.211336855614263,0.9991941982272361,560,681,1241,0.0,0.0008333472224570926,0.9998388396454484,-8.058017727639034e-05
36254,30.212170202836717,0.9991941982272361,560,681,1241,0.0,0.0008333472224535399,0.999758259468172,-8.058017727639034e-05
36255,30.21300355005917,1.0,560,681,1241,0.0008058017727639033,0.0008333472224535399,0.999758259468172,0.0
36256,30.213836897281624,0.9991941982272361,560,681,1241,-0.0008058017727639033,0.0008333472224535399,0.9996776792908957,-8.058017727639034e-05
36257,30.214670244504077,0.9991941982272361,560,681,1241,0.0,0.0008333472224535399,0.9995970991136194,-8.058017727639034e-05
36258,30.21550359172653,0.9991941982272361,560,681,1241,0.0,0.0008333472224535399,0.999516518936343,-8.058017727639034e-05
36259,30.216336938948984,0.9991941982272361,560,681,1241,0.0,0.0008333472224535399,0.9994359387590667,-8.058017727639034e-05
36260,30.217170286171438,0.9991941982272361,560,681,1241,0.0,0.0008333472224535399,0.9993553585817903,-8.058017727639034e-05
36261,30.21800363339389,0.9991941982272361,560,681,1241,0.0,0.0008333472224535399,0.999274778404514,-8.058017727639034e-05
36262,30.218836980616345,1.0,560,681,1241,0.0008058017727639033,0.0008333472224535399,0.9993553585817903,8.058017727639034e-05
36263,30.2196703278388,1.0,560,681,1241,0.0,0.0008333472224535399,0.9994359387590667,8.058017727639034e-05
36264,30.220503675061252,1.0,560,681,1241,0.0,0.0008333472224535399,0.999516518936343,8.058017727639034e-05
36265,30.221337022283706,1.0,560,681,1241,0.0,0.0008333472224535399,0.999516518936343,0.0
36266,30.22217036950616,1.0,560,681,1241,0.0,0.0008333472224535399,0.9995970991136194,8.058017727639034e-05
36267,30.223003716728613,1.0,560,681,1241,0.0,0.0008333472224535399,0.9996776792908957,8.058017727639034e-05
36268,30.223837063951066,1.0,560,681,1241,0.0,0.0008333472224535399,0.999758259468172,8.058017727639034e-05
36269,30.22467041117352,1.0,560,681,1241,0.0,0.0008333472224535399,0.9998388396454484,8.058017727639034e-05
36270,30.225503758395973,1.0,560,681,1241,0.0,0.0008333472224535399,0.9999194198227247,8.058017727639034e-05
36271,30.226337105618427,1.0,560,681,1241,0.0,0.0008333472224535399,1.000000000000001,8.058017727639034e-05
36272,30.22717045284088,0.9983883964544722,560,681,1241,-0.0016116035455278066,0.0008333472224535399,0.9998388396454484,-0.00016116035455278067
36273,30.228003800063334,0.9991941982272361,560,681,1241,0.0008058017727639033,0.0008333472224535399,0.999758259468172,-8.058017727639034e-05
36274,30.22883714728579,0.9991941982272361,560,681,1241,0.0,0.0008333472224570926,0.9996776792908957,-8.058017727639034e-05
36275,30.229670494508245,0.9991941982272361,560,681,1241,0.0,0.0008333472224535399,0.9995970991136194,-8.058017727639034e-05
36276,30.230503841730698,0.9991941982272361,560,681,1241,0.0,0.0008333472224535399,0.999516518936343,-8.058017727639034e-05
36277,30.23133718895315,0.9991941982272361,560,681,1241,0.0,0.0008333472224535399,0.9994359387590667,-8.058017727639034e-05
36278,30.232170536175605,0.9991941982272361,560,681,1241,0.0,0.0008333472224535399,0.9993553585817903,-8.058017727639034e-05
36279,30.23300388339806,0.9991941982272361,560,681,1241,0.0,0.0008333472224535399,0.999274778404514,-8.058017727639034e-05
36280,30.233837230620512,0.9991941982272361,560,681,1241,0.0,0.0008333472224535399,0.9991941982272377,-8.058017727639034e-05
36281,30.234670577842966,0.9991941982272361,560,681,1241,0.0,0.0008333472224535399,0.9991136180499612,-8.058017727639034e-05
36282,30.23550392506542,0.9991941982272361,560,681,1241,0.0,0.0008333472224535399,0.9991941982272377,8.058017727639034e-05
36283,30.236337272287873,1.0,560,681,1241,0.0008058017727639033,0.0008333472224535399,0.999274778404514,8.058017727639034e-05
36284,30.237170619510326,1.0,560,681,1241,0.0,0.0008333472224535399,0.9993553585817903,8.058017727639034e-05
36285,30.23800396673278,1.0,560,681,1241,0.0,0.0008333472224535399,0.9994359387590667,8.058017727639034e-05
36286,30.238837313955234,1.0,560,681,1241,0.0,0.0008333472224535399,0.999516518936343,8.058017727639034e-05
36287,30.239670661177687,1.0,560,681,1241,0.0,0.0008333472224535399,0.9995970991136194,8.058017727639034e-05
36288,30.24050400840014,1.0,560,681,1241,0.0,0.0008333472224535399,0.9996776792908957,8.058017727639034e-05
36289,30.241337355622594,1.0,560,681,1241,0.0,0.0008333472224535399,0.999758259468172,8.058017727639034e-05
36290,30.242170702845048,1.0,560,681,1241,0.0,0.0008333472224535399,0.9998388396454484,8.058017727639034e-05
36291,30.2430040500675,1.0,560,681,1241,0.0,0.0008333472224535399,0.9999194198227247,8.058017727639034e-05
36292,30.243837397289955,1.0,560,681,1241,0.0,0.0008333472224535399,1.000000000000001,8.058017727639034e-05
36293,30.24467074451241,1.0,560,681,1241,0.0,0.0008333472224535399,1.000000000000001,0.0
36294,30.245504091734862,1.0,560,681,1241,0.0,0.0008333472224535399,1.000000000000001,0.0
36295,30.24633743895732,1.0,560,681,1241,0.0,0.0008333472224570926,1.000000000000001,0.0
36296,30.247170786179773,0.9991941982272361,560,681,1241,-0.0008058017727639033,0.0008333472224535399,0.9999194198227247,-8.058017727639034e-05
36297,30.248004133402226,1.0,560,681,1241,0.0008058017727639033,0.0008333472224535399,0.9999194198227247,0.0
36298,30.24883748062468,1.0,560,681,1241,0.0,0.0008333472224535399,0.9999194198227247,0.0
36299,30.249670827847133,1.0,560,681,1241,0.0,0.0008333472224535399,0.9999194198227247,0.0
36300,30.250504175069587,1.0,560,681,1241,0.0,0.0008333472224535399,0.9999194198227247,0.0
36301,30.25133752229204,1.0,560,681,1241,0.0,0.0008333472224535399,0.9999194198227247,0.0
36302,30.252170869514494,1.0,560,681,1241,0.0,0.0008333472224535399,0.9999194198227247,0.0
36303,30.253004216736947,1.0,560,681,1241,0.0,0.0008333472224535399,0.9999194198227247,0.0
36304,30.2538375639594,1.0,560,681,1241,0.0,0.0008333472224535399,0.9999194198227247,0.0
36305,30.254670911181854,1.0,560,681,1241,0.0,0.0008333472224535399,0.9999194198227247,0.0
36306,30.255504258404308,1.0,560,681,1241,0.0,0.0008333472224535399,1.000000000000001,8.058017727639034e-05
36307,30.25633760562676,1.0,560,681,1241,0.0,0.0008333472224535399,1.000000000000001,0.0
36308,30.257170952849215,1.0,560,681,1241,0.0,0.0008333472224535399,1.000000000000001,0.0
36309,30.25800430007167,1.0,560,681,1241,0.0,0.0008333472224535399,1.000000000000001,0.0
36310,30.258837647294122,1.0,560,681,1241,0.0,0.0008333472224535399,1.000000000000001,0.0
36311,30.259670994516576,1.0,560,681,1241,0.0,0.0008333472224535399,1.000000000000001,0.0
36312,30.26050434173903,0.9991941982272361,560,681,1241,-0.0008058017727639033,0.0008333472224535399,0.9999194198227247,-8.058017727639034e-05
36313,30.261337688961483,0.9991941982272361,560,681,1241,0.0,0.0008333472224535399,0.9998388396454484,-8.058017727639034e-05
36314,30.262171036183936,0.9991941982272361,560,681,1241,0.0,0.0008333472224535399,0.999758259468172,-8.058017727639034e-05
36315,30.26300438340639,0.9983883964544722,560,681,1241,-0.0008058017727639033,0.0008333472224535399,0.9995970991136194,-0.00016116035455278067
36316,30.263837730628847,0.9983883964544722,560,681,1241,0.0,0.0008333472224570926,0.9994359387590667,-0.00016116035455278067
36317,30.2646710778513,0.9991941982272361,560,681,1241,0.0008058017727639033,0.0008333472224535399,0.9993553585817903,-8.058017727639034e-05
36318,30.265504425073754,0.9991941982272361,560,681,1241,0.0,0.0008333472224535399,0.999274778404514,-8.058017727639034e-05
36319,30.266337772296207,1.0,560,681,1241,0.0008058017727639033,0.0008333472224535399,0.999274778404514,0.0
36320,30.26717111951866,1.0,560,681,1241,0.0,0.0008333472224535399,0.999274778404514,0.0
36321,30.268004466741115,1.0,560,681,1241,0.0,0.0008333472224535399,0.999274778404514,0.0
36322,30.268837813963568,1.0,560,681,1241,0.0,0.0008333472224535399,0.9993553585817903,8.058017727639034e-05
36323,30.26967116118602,1.0,560,681,1241,0.0,0.0008333472224535399,0.9994359387590667,8.058017727639034e-05
36324,30.270504508408475,1.0,560,681,1241,0.0,0.0008333472224535399,0.999516518936343,8.058017727639034e-05
36325,30.27133785563093,1.0,560,681,1241,0.0,0.0008333472224535399,0.9996776792908957,0.00016116035455278067
36326,30.272171202853382,1.0,560,681,1241,0.0,0.0008333472224535399,0.9998388396454484,0.00016116035455278067
36327,30.273004550075836,1.0,560,681,1241,0.0,0.0008333472224535399,0.9999194198227247,8.058017727639034e-05
36328,30.27383789729829,1.0,560,681,1241,0.0,0.0008333472224535399,1.000000000000001,8.058017727639034e-05
36329,30.274671244520743,1.0,560,681,1241,0.0,0.0008333472224535399,1.000000000000001,0.0
36330,30.275504591743196,1.0,560,681,1241,0.0,0.0008333472224535399,1.000000000000001,0.0
36331,30.27633793896565,1.0,560,681,1241,0.0,0.0008333472224535399,1.000000000000001,0.0
36332,30.277171286188103,1.0,560,681,1241,0.0,0.0008333472224535399,1.000000000000001,0.0
36333,30.278004633410557,1.0,560,681,1241,0.0,0.0008333472224535399,1.000000000000001,0.0
36334,30.27883798063301,1.0,560,681,1241,0.0,0.0008333472224535399,1.000000000000001,0.0
36335,30.279671327855464,1.0,560,681,1241,0.0,0.0008333472224535399,1.000000000000001,0.0
36336,30.280504675077918,1.0,560,681,1241,0.0,0.0008333472224535399,1.000000000000001,0.0
36337,30.28133802230037,1.0,560,681,1241,0.0,0.0008333472224535399,1.000000000000001,0.0
36338,30.28217136952283,1.0,560,681,1241,0.0,0.0008333472224570926,1.000000000000001,0.0
36339,30.283004716745282,1.0,560,681,1241,0.0,0.0008333472224535399,1.000000000000001,0.0
36340,30.283838063967735,1.0,560,681,1241,0.0,0.0008333472224535399,1.000000000000001,0.0
36341,30.28467141119019,1.0,560,681,1241,0.0,0.0008333472224535399,1.000000000000001,0.0
36342,30.285504758412642,1.0,560,681,1241,0.0,0.0008333472224535399,1.000000000000001,0.0
36343,30.286338105635096,1.0,560,681,1241,0.0,0.0008333472224535399,1.000000000000001,0.0
36344,30.28717145285755,1.0,560,681,1241,0.0,0.0008333472224535399,1.000000000000001,0.0
36345,30.288004800080003,1.0,560,681,1241,0.0,0.0008333472224535399,1.000000000000001,0.0
36346,30.288838147302457,1.0,560,681,1241,0.0,0.0008333472224535399,1.000000000000001,0.0
36347,30.28967149452491,1.0,560,681,1241,0.0,0.0008333472224535399,1.000000000000001,0.0
36348,30.290504841747364,1.0,560,681,1241,0.0,0.0008333472224535399,1.000000000000001,0.0
36349,30.291338188969817,1.0,560,681,1241,0.0,0.0008333472224535399,1.000000000000001,0.0
36350,30.29217153619227,1.0,560,681,1241,0.0,0.0008333472224535399,1.000000000000001,0.0
36351,30.293004883414724,0.9991941982272361,560,681,1241,-0.0008058017727639033,0.0008333472224535399,0.9999194198227247,-8.058017727639034e-05
36352,30.293838230637178,0.9991941982272361,560,681,1241,0.0,0.0008333472224535399,0.9998388396454484,-8.058017727639034e-05
36353,30.29467157785963,0.9991941982272361,560,681,1241,0.0,0.0008333472224535399,0.999758259468172,-8.058017727639034e-05
36354,30.295504925082085,0.9983883964544722,560,681,1241,-0.0008058017727639033,0.0008333472224535399,0.9995970991136194,-0.00016116035455278067
36355,30.29633827230454,0.9975825946817083,560,681,1241,-0.0008058017727639033,0.0008333472224535399,0.9993553585817901,-0.00024174053182917098
36356,30.297171619526992,0.9975825946817083,560,681,1241,0.0,0.0008333472224535399,0.9991136180499609,-0.00024174053182917098
36357,30.298004966749446,0.9975825946817083,560,681,1241,0.0,0.0008333472224535399,0.9988718775181317,-0.00024174053182917098
36358,30.2988383139719,0.9983883964544722,560,681,1241,0.0008058017727639033,0.0008333472224535399,0.9987107171635788,-0.00016116035455278067
36359,30.299671661194356,0.9983883964544722,560,681,1241,0.0,0.0008333472224570926,0.9985495568090261,-0.00016116035455278067
36360,30.30050500841681,0.9983883964544722,560,681,1241,0.0,0.0008333472224535399,0.9983883964544734,-0.00016116035455278067
36361,30.301338355639263,0.9991941982272361,560,681,1241,0.0008058017727639033,0.0008333472224535399,0.9983883964544734,0.0
36362,30.302171702861717,0.9991941982272361,560,681,1241,0.0,0.0008333472224535399,0.9983883964544734,0.0
36363,30.30300505008417,0.9991941982272361,560,681,1241,0.0,0.0008333472224535399,0.9983883964544734,0.0
36364,30.303838397306624,1.0,560,681,1241,0.0008058017727639033,0.0008333472224535399,0.9985495568090261,0.00016116035455278067
36365,30.304671744529077,1.0,560,681,1241,0.0,0.0008333472224535399,0.9987912973408554,0.00024174053182917098
36366,30.30550509175153,1.0,560,681,1241,0.0,0.0008333472224535399,0.9990330378726846,0.00024174053182917098
36367,30.306338438973984,1.0,560,681,1241,0.0,0.0008333472224535399,0.9992747784045137,0.00024174053182917098
36368,30.307171786196438,1.0,560,681,1241,0.0,0.0008333472224535399,0.9994359387590667,0.00016116035455278067
36369,30.30800513341889,0.9991941982272361,560,681,1241,-0.0008058017727639033,0.0008333472224535399,0.999516518936343,8.058017727639034e-05
36370,30.308838480641345,0.9991941982272361,560,681,1241,0.0,0.0008333472224535399,0.9995970991136194,8.058017727639034e-05
36371,30.3096718278638,0.9991941982272361,560,681,1241,0.0,0.0008333472224535399,0.9995970991136194,0.0
36372,30.310505175086252,0.9991941982272361,560,681,1241,0.0,0.0008333472224535399,0.9995970991136194,0.0
36373,30.311338522308706,0.9991941982272361,560,681,1241,0.0,0.0008333472224535399,0.9995970991136194,0.0
36374,30.31217186953116,0.9991941982272361,560,681,1241,0.0,0.0008333472224535399,0.999516518936343,-8.058017727639034e-05
36375,30.313005216753613,1.0,560,681,1241,0.0008058017727639033,0.0008333472224535399,0.999516518936343,0.0
36376,30.313838563976066,1.0,560,681,1241,0.0,0.0008333472224535399,0.999516518936343,0.0
36377,30.31467191119852,1.0,560,681,1241,0.0,0.0008333472224535399,0.999516518936343,0.0
36378,30.315505258420973,1.0,560,681,1241,0.0,0.0008333472224535399,0.999516518936343,0.0
36379,30.316338605643427,1.0,560,681,1241,0.0,0.0008333472224535399,0.9995970991136194,8.058017727639034e-05
36380,30.317171952865884,1.0,560,681,1241,0.0,0.0008333472224570926,0.9996776792908957,8.058017727639034e-05
36381,30.318005300088338,1.0,560,681,1241,0.0,0.0008333472224535399,0.999758259468172,8.058017727639034e-05
36382,30.31883864731079,0.9991941982272361,560,681,1241,-0.0008058017727639033,0.0008333472224535399,0.999758259468172,0.0
36383,30.319671994533245,0.9991941982272361,560,681,1241,0.0,0.0008333472224535399,0.999758259468172,0.0
36384,30.3205053417557,1.0,560,681,1241,0.0008058017727639033,0.0008333472224535399,0.9998388396454484,8.058017727639034e-05
36385,30.32133868897815,1.0,560,681,1241,0.0,0.0008333472224535399,0.9998388396454484,0.0
36386,30.322172036200605,1.0,560,681,1241,0.0,0.0008333472224535399,0.9998388396454484,0.0
36387,30.32300538342306,1.0,560,681,1241,0.0,0.0008333472224535399,0.9998388396454484,0.0
36388,30.323838730645512,0.9991941982272361,560,681,1241,-0.0008058017727639033,0.0008333472224535399,0.999758259468172,-8.058017727639034e-05
36389,30.324672077867966,1.0,560,681,1241,0.0008058017727639033,0.0008333472224535399,0.999758259468172,0.0
36390,30.32550542509042,1.0,560,681,1241,0.0,0.0008333472224535399,0.999758259468172,0.0
36391,30.326338772312873,1.0,560,681,1241,0.0,0.0008333472224535399,0.999758259468172,0.0
36392,30.327172119535327,1.0,560,681,1241,0.0,0.0008333472224535399,0.9998388396454484,8.058017727639034e-05
36393,30.32800546675778,1.0,560,681,1241,0.0,0.0008333472224535399,0.9999194198227247,8.058017727639034e-05
36394,30.328838813980234,0.9991941982272361,560,681,1241,-0.0008058017727639033,0.0008333472224535399,0.9998388396454484,-8.058017727639034e-05
36395,30.329672161202687,1.0,560,681,1241,0.0008058017727639033,0.0008333472224535399,0.9998388396454484,0.0
36396,30.33050550842514,1.0,560,681,1241,0.0,0.0008333472224535399,0.9998388396454484,0.0
36397,30.331338855647594,1.0,560,681,1241,0.0,0.0008333472224535399,0.9998388396454484,0.0
36398,30.332172202870048,1.0,560,681,1241,0.0,0.0008333472224535399,0.9999194198227247,8.058017727639034e-05
36399,30.3330055500925,1.0,560,681,1241,0.0,0.0008333472224535399,0.9999194198227247,0.0
36400,30.333838897314955,1.0,560,681,1241,0.0,0.0008333472224535399,0.9999194198227247,0.0
36401,30.334672244537412,1.0,560,681,1241,0.0,0.0008333472224570926,0.9999194198227247,0.0
36402,30.335505591759865,1.0,560,681,1241,0.0,0.0008333472224535399,0.9999194198227247,0.0
36403,30.33633893898232,1.0,560,681,1241,0.0,0.0008333472224535399,0.9999194198227247,0.0
36404,30.337172286204773,1.0,560,681,1241,0.0,0.0008333472224535399,1.000000000000001,8.058017727639034e-05
36405,30.338005633427226,1.0,560,681,1241,0.0,0.0008333472224535399,1.000000000000001,0.0
36406,30.33883898064968,1.0,560,681,1241,0.0,0.0008333472224535399,1.000000000000001,0.0
36407,30.339672327872133,1.0,560,681,1241,0.0,0.0008333472224535399,1.000000000000001,0.0
36408,30.340505675094587,1.0,560,681,1241,0.0,0.0008333472224535399,1.000000000000001,0.0
36409,30.34133902231704,1.0,560,681,1241,0.0,0.0008333472224535399,1.000000000000001,0.0
36410,30.342172369539494,1.0,560,681,1241,0.0,0.0008333472224535399,1.000000000000001,0.0
36411,30.343005716761947,1.0,560,681,1241,0.0,0.0008333472224535399,1.000000000000001,0.0
36412,30.3438390639844,1.0,560,681,1241,0.0,0.0008333472224535399,1.000000000000001,0.0
36413,30.344672411206854,1.0,560,681,1241,0.0,0.0008333472224535399,1.000000000000001,0.0
36414,30.345505758429308,1.0,560,681,1241,0.0,0.0008333472224535399,1.000000000000001,0.0
36415,30.34633910565176,0.9991941982272361,560,681,1241,-0.0008058017727639033,0.0008333472224535399,0.9999194198227247,-8.058017727639034e-05
36416,30.347172452874215,0.9991941982272361,560,681,1241,0.0,0.0008333472224535399,0.9998388396454484,-8.058017727639034e-05
36417,30.34800580009667,0.9991941982272361,560,681,1241,0.0,0.0008333472224535399,0.999758259468172,-8.058017727639034e-05
36418,30.348839147319122,1.0,560,681,1241,0.0008058017727639033,0.0008333472224535399,0.999758259468172,0.0
36419,30.349672494541576,1.0,560,681,1241,0.0,0.0008333472224535399,0.999758259468172,0.0
36420,30.35050584176403,1.0,560,681,1241,0.0,0.0008333472224535399,0.999758259468172,0.0
36421,30.351339188986483,1.0,560,681,1241,0.0,0.0008333472224535399,0.999758259468172,0.0
36422,30.35217253620894,1.0,560,681,1241,0.0,0.0008333472224570926,0.999758259468172,0.0
36423,30.353005883431393,1.0,560,681,1241,0.0,0.0008333472224535399,0.999758259468172,0.0
36424,30.353839230653847,1.0,560,681,1241,0.0,0.0008333472224535399,0.999758259468172,0.0
36425,30.3546725778763,1.0,560,681,1241,0.0,0.0008333472224535399,0.9998388396454484,8.058017727639034e-05
36426,30.355505925098754,1.0,560,681,1241,0.0,0.0008333472224535399,0.9999194198227247,8.058017727639034e-05
36427,30.356339272321208,1.0,560,681,1241,0.0,0.0008333472224535399,1.000000000000001,8.058017727639034e-05
36428,30.35717261954366,1.0,560,681,1241,0.0,0.0008333472224535399,1.000000000000001,0.0
36429,30.358005966766115,1.0,560,681,1241,0.0,0.0008333472224535399,1.000000000000001,0.0
36430,30.358839313988568,1.0,560,681,1241,0.0,0.0008333472224535399,1.000000000000001,0.0
36431,30.35967266121102,1.0,560,681,1241,0.0,0.0008333472224535399,1.000000000000001,0.0
36432,30.360506008433475,1.0,560,681,1241,0.0,0.0008333472224535399,1.000000000000001,0.0
36433,30.36133935565593,1.0,560,681,1241,0.0,0.0008333472224535399,1.000000000000001,0.0
36434,30.362172702878382,1.0,560,681,1241,0.0,0.0008333472224535399,1.000000000000001,0.0
36435,30.363006050100836,1.0,560,681,1241,0.0,0.0008333472224535399,1.000000000000001,0.0
36436,30.36383939732329,1.0,560,681,1241,0.0,0.0008333472224535399,1.000000000000001,0.0
36437,30.364672744545743,1.0,560,681,1241,0.0,0.0008333472224535399,1.000000000000001,0.0
36438,30.365506091768196,1.0,560,681,1241,0.0,0.0008333472224535399,1.000000000000001,0.0
36439,30.36633943899065,1.0,560,681,1241,0.0,0.0008333472224535399,1.000000000000001,0.0
36440,30.367172786213104,1.0,560,681,1241,0.0,0.0008333472224535399,1.000000000000001,0.0
36441,30.368006133435557,1.0,560,681,1241,0.0,0.0008333472224535399,1.000000000000001,0.0
36442,30.36883948065801,1.0,560,681,1241,0.0,0.0008333472224535399,1.000000000000001,0.0
36443,30.369672827880464,1.0,560,681,1241,0.0,0.0008333472224535399,1.000000000000001,0.0
36444,30.37050617510292,1.0,560,681,1241,0.0,0.0008333472224570926,1.000000000000001,0.0
36445,30.371339522325375,1.0,560,681,1241,0.0,0.0008333472224535399,1.000000000000001,0.0
36446,30.37217286954783,1.0,560,681,1241,0.0,0.0008333472224535399,1.000000000000001,0.0
36447,30.373006216770282,1.0,560,681,1241,0.0,0.0008333472224535399,1.000000000000001,0.0
36448,30.373839563992735,1.0,560,681,1241,0.0,0.0008333472224535399,1.000000000000001,0.0
36449,30.37467291121519,1.0,560,681,1241,0.0,0.0008333472224535399,1.000000000000001,0.0
36450,30.375506258437643,1.0,560,681,1241,0.0,0.0008333472224535399,1.000000000000001,0.0
36451,30.376339605660096,1.0,560,681,1241,0.0,0.0008333472224535399,1.000000000000001,0.0
36452,30.37717295288255,1.0,560,681,1241,0.0,0.0008333472224535399,1.000000000000001,0.0
36453,30.378006300105003,0.9991941982272361,560,681,1241,-0.0008058017727639033,0.0008333472224535399,0.9999194198227247,-8.058017727639034e-05
36454,30.378839647327457,0.9991941982272361,560,681,1241,0.0,0.0008333472224535399,0.9998388396454484,-8.058017727639034e-05
36455,30.37967299454991,0.9991941982272361,560,681,1241,0.0,0.0008333472224535399,0.999758259468172,-8.058017727639034e-05
36456,30.380506341772364,0.9983883964544722,560,681,1241,-0.0008058017727639033,0.0008333472224535399,0.9995970991136194,-0.00016116035455278067
36457,30.381339688994817,0.9983883964544722,560,681,1241,0.0,0.0008333472224535399,0.9994359387590667,-0.00016116035455278067
36458,30.38217303621727,0.9983883964544722,560,681,1241,0.0,0.0008333472224535399,0.999274778404514,-0.00016116035455278067
36459,30.383006383439724,0.9983883964544722,560,681,1241,0.0,0.0008333472224535399,0.9991136180499612,-0.00016116035455278067
36460,30.383839730662178,0.9983883964544722,560,681,1241,0.0,0.0008333472224535399,0.9989524576954085,-0.00016116035455278067
36461,30.38467307788463,0.9983883964544722,560,681,1241,0.0,0.0008333472224535399,0.9987912973408559,-0.00016116035455278067
36462,30.385506425107085,0.9991941982272361,560,681,1241,0.0008058017727639033,0.0008333472224535399,0.9987107171635795,-8.058017727639034e-05
36463,30.38633977232954,0.9991941982272361,560,681,1241,0.0,0.0008333472224535399,0.9987107171635795,0.0
36464,30.387173119551992,0.9991941982272361,560,681,1241,0.0,0.0008333472224535399,0.9987107171635795,0.0
36465,30.38800646677445,0.9991941982272361,560,681,1241,0.0,0.0008333472224570926,0.9987107171635795,0.0
36466,30.388839813996903,1.0,560,681,1241,0.0008058017727639033,0.0008333472224535399,0.9988718775181322,0.00016116035455278067
36467,30.389673161219356,1.0,560,681,1241,0.0,0.0008333472224535399,0.9990330378726849,0.00016116035455278067
36468,30.39050650844181,1.0,560,681,1241,0.0,0.0008333472224535399,0.9991941982272377,0.00016116035455278067
36469,30.391339855664263,1.0,560,681,1241,0.0,0.0008333472224535399,0.9993553585817903,0.00016116035455278067
36470,30.392173202886717,1.0,560,681,1241,0.0,0.0008333472224535399,0.999516518936343,0.00016116035455278067
36471,30.39300655010917,1.0,560,681,1241,0.0,0.0008333472224535399,0.9996776792908957,0.00016116035455278067
36472,30.393839897331624,0.9991941982272361,560,681,1241,-0.0008058017727639033,0.0008333472224535399,0.9996776792908957,0.0
36473,30.394673244554077,0.9983883964544722,560,681,1241,-0.0008058017727639033,0.0008333472224535399,0.9995970991136194,-8.058017727639034e-05
36474,30.39550659177653,0.9983883964544722,560,681,1241,0.0,0.0008333472224535399,0.999516518936343,-8.058017727639034e-05
36475,30.396339938998985,0.9983883964544722,560,681,1241,0.0,0.0008333472224535399,0.9994359387590667,-8.058017727639034e-05
36476,30.397173286221438,0.9983883964544722,560,681,1241,0.0,0.0008333472224535399,0.999274778404514,-0.00016116035455278067
36477,30.39800663344389,0.9991941982272361,560,681,1241,0.0008058017727639033,0.0008333472224535399,0.9991941982272377,-8.058017727639034e-05
36478,30.398839980666345,0.9991941982272361,560,681,1241,0.0,0.0008333472224535399,0.9991136180499612,-8.058017727639034e-05
36479,30.3996733278888,0.9991941982272361,560,681,1241,0.0,0.0008333472224535399,0.9990330378726849,-8.058017727639034e-05
36480,30.400506675111252,0.9991941982272361,560,681,1241,0.0,0.0008333472224535399,0.9989524576954085,-8.058017727639034e-05
36481,30.401340022333706,0.9991941982272361,560,681,1241,0.0,0.0008333472224535399,0.9988718775181322,-8.058017727639034e-05
36482,30.40217336955616,0.9991941982272361,560,681,1241,0.0,0.0008333472224535399,0.9988718775181322,0.0
36483,30.403006716778613,0.9991941982272361,560,681,1241,0.0,0.0008333472224535399,0.9989524576954085,8.058017727639034e-05
36484,30.403840064001066,0.9991941982272361,560,681,1241,0.0,0.0008333472224535399,0.9990330378726849,8.058017727639034e-05
36485,30.40467341122352,0.9991941982272361,560,681,1241,0.0,0.0008333472224535399,0.9991136180499612,8.058017727639034e-05
36486,30.405506758445977,0.9991941982272361,560,681,1241,0.0,0.0008333472224570926,0.9991941982272377,8.058017727639034e-05
36487,30.40634010566843,0.9991941982272361,560,681,1241,0.0,0.0008333472224535399,0.9991941982272377,0.0
36488,30.407173452890884,0.9991941982272361,560,681,1241,0.0,0.0008333472224535399,0.9991941982272377,0.0
36489,30.408006800113338,0.9991941982272361,560,681,1241,0.0,0.0008333472224535399,0.9991941982272377,0.0
36490,30.40884014733579,0.9991941982272361,560,681,1241,0.0,0.0008333472224535399,0.9991941982272377,0.0
36491,30.409673494558245,0.9983883964544722,560,681,1241,-0.0008058017727639033,0.0008333472224535399,0.9991136180499612,-8.058017727639034e-05
36492,30.4105068417807,0.9983883964544722,560,681,1241,0.0,0.0008333472224535399,0.9990330378726849,-8.058017727639034e-05
36493,30.411340189003152,0.9975825946817083,560,681,1241,-0.0008058017727639033,0.0008333472224535399,0.998871877518132,-0.00016116035455278067
36494,30.412173536225605,0.9983883964544722,560,681,1241,0.0008058017727639033,0.0008333472224535399,0.9987912973408555,-8.058017727639034e-05
36495,30.41300688344806,0.9991941982272361,560,681,1241,0.0008058017727639033,0.0008333472224535399,0.9987912973408555,0.0
36496,30.413840230670512,0.9991941982272361,560,681,1241,0.0,0.0008333472224535399,0.9987912973408555,0.0
36497,30.414673577892966,1.0,560,681,1241,0.0008058017727639033,0.0008333472224535399,0.9988718775181319,8.058017727639034e-05
36498,30.41550692511542,1.0,560,681,1241,0.0,0.0008333472224535399,0.9989524576954082,8.058017727639034e-05
36499,30.416340272337873,1.0,560,681,1241,0.0,0.0008333472224535399,0.9990330378726846,8.058017727639034e-05
36500,30.417173619560327,1.0,560,681,1241,0.0,0.0008333472224535399,0.9991136180499609,8.058017727639034e-05
36501,30.41800696678278,1.0,560,681,1241,0.0,0.0008333472224535399,0.9992747784045136,0.00016116035455278067
36502,30.418840314005234,1.0,560,681,1241,0.0,0.0008333472224535399,0.9994359387590663,0.00016116035455278067
36503,30.419673661227687,1.0,560,681,1241,0.0,0.0008333472224535399,0.9996776792908955,0.00024174053182917098
36504,30.42050700845014,1.0,560,681,1241,0.0,0.0008333472224535399,0.9998388396454484,0.00016116035455278067
36505,30.421340355672594,1.0,560,681,1241,0.0,0.0008333472224535399,0.9999194198227247,8.058017727639034e-05
36506,30.422173702895048,1.0,560,681,1241,0.0,0.0008333472224535399,1.000000000000001,8.058017727639034e-05
36507,30.423007050117505,1.0,560,681,1241,0.0,0.0008333472224570926,1.000000000000001,0.0
36508,30.42384039733996,0.9991941982272361,560,681,1241,-0.0008058017727639033,0.0008333472224535399,0.9999194198227247,-8.058017727639034e-05
36509,30.424673744562412,0.9991941982272361,560,681,1241,0.0,0.0008333472224535399,0.9998388396454484,-8.058017727639034e-05
36510,30.425507091784866,0.9991941982272361,560,681,1241,0.0,0.0008333472224535399,0.999758259468172,-8.058017727639034e-05
36511,30.42634043900732,0.9991941982272361,560,681,1241,0.0,0.0008333472224535399,0.9996776792908957,-8.058017727639034e-05
36512,30.427173786229773,0.9983883964544722,560,681,1241,-0.0008058017727639033,0.0008333472224535399,0.999516518936343,-0.00016116035455278067
36513,30.428007133452226,1.0,560,681,1241,0.0016116035455278066,0.0008333472224535399,0.999516518936343,0.0
36514,30.42884048067468,1.0,560,681,1241,0.0,0.0008333472224535399,0.999516518936343,0.0
36515,30.429673827897133,1.0,560,681,1241,0.0,0.0008333472224535399,0.999516518936343,0.0
36516,30.430507175119587,1.0,560,681,1241,0.0,0.0008333472224535399,0.999516518936343,0.0
36517,30.43134052234204,1.0,560,681,1241,0.0,0.0008333472224535399,0.999516518936343,0.0
36518,30.432173869564494,1.0,560,681,1241,0.0,0.0008333472224535399,0.9995970991136194,8.058017727639034e-05
36519,30.433007216786947,1.0,560,681,1241,0.0,0.0008333472224535399,0.9996776792908957,8.058017727639034e-05
36520,30.4338405640094,1.0,560,681,1241,0.0,0.0008333472224535399,0.999758259468172,8.058017727639034e-05
36521,30.434673911231855,0.9991941982272361,560,681,1241,-0.0008058017727639033,0.0008333472224535399,0.999758259468172,0.0
36522,30.435507258454308,0.9983883964544722,560,681,1241,-0.0008058017727639033,0.0008333472224535399,0.999758259468172,0.0
36523,30.43634060567676,0.9983883964544722,560,681,1241,0.0,0.0008333472224535399,0.9995970991136194,-0.00016116035455278067
36524,30.437173952899215,0.9983883964544722,560,681,1241,0.0,0.0008333472224535399,0.9994359387590667,-0.00016116035455278067
36525,30.43800730012167,0.9983883964544722,560,681,1241,0.0,0.0008333472224535399,0.999274778404514,-0.00016116035455278067
36526,30.438840647344122,0.9983883964544722,560,681,1241,0.0,0.0008333472224535399,0.9991136180499612,-0.00016116035455278067
36527,30.439673994566576,0.9991941982272361,560,681,1241,0.0008058017727639033,0.0008333472224535399,0.9990330378726849,-8.058017727639034e-05
36528,30.440507341789033,0.9991941982272361,560,681,1241,0.0,0.0008333472224570926,0.9989524576954085,-8.058017727639034e-05
36529,30.441340689011486,0.9983883964544722,560,681,1241,-0.0008058017727639033,0.0008333472224535399,0.9987912973408559,-0.00016116035455278067
36530,30.44217403623394,0.9983883964544722,560,681,1241,0.0,0.0008333472224535399,0.9986301369863032,-0.00016116035455278067
36531,30.443007383456393,0.9991941982272361,560,681,1241,0.0008058017727639033,0.0008333472224535399,0.9986301369863032,0.0
36532,30.443840730678847,0.9991941982272361,560,681,1241,0.0,0.0008333472224535399,0.9987107171635795,8.058017727639034e-05
36533,30.4446740779013,0.9991941982272361,560,681,1241,0.0,0.0008333472224535399,0.9987912973408559,8.058017727639034e-05
36534,30.445507425123754,0.9991941982272361,560,681,1241,0.0,0.0008333472224535399,0.9988718775181322,8.058017727639034e-05
36535,30.446340772346208,0.9991941982272361,560,681,1241,0.0,0.0008333472224535399,0.9989524576954085,8.058017727639034e-05
36536,30.44717411956866,0.9991941982272361,560,681,1241,0.0,0.0008333472224535399,0.9990330378726849,8.058017727639034e-05
36537,30.448007466791115,0.9991941982272361,560,681,1241,0.0,0.0008333472224535399,0.9990330378726849,0.0
36538,30.44884081401357,0.9991941982272361,560,681,1241,0.0,0.0008333472224535399,0.9990330378726849,0.0
36539,30.44967416123602,0.9991941982272361,560,681,1241,0.0,0.0008333472224535399,0.9991136180499612,8.058017727639034e-05
36540,30.450507508458475,0.9991941982272361,560,681,1241,0.0,0.0008333472224535399,0.9991941982272377,8.058017727639034e-05
36541,30.45134085568093,0.9991941982272361,560,681,1241,0.0,0.0008333472224535399,0.9991941982272377,0.0
36542,30.452174202903382,1.0,560,681,1241,0.0008058017727639033,0.0008333472224535399,0.999274778404514,8.058017727639034e-05
36543,30.453007550125836,1.0,560,681,1241,0.0,0.0008333472224535399,0.9993553585817903,8.058017727639034e-05
36544,30.45384089734829,1.0,560,681,1241,0.0,0.0008333472224535399,0.9994359387590667,8.058017727639034e-05
36545,30.454674244570743,0.9991941982272361,560,681,1241,-0.0008058017727639033,0.0008333472224535399,0.9994359387590667,0.0
36546,30.455507591793197,0.9991941982272361,560,681,1241,0.0,0.0008333472224535399,0.9994359387590667,0.0
36547,30.45634093901565,0.9991941982272361,560,681,1241,0.0,0.0008333472224535399,0.9994359387590667,0.0
36548,30.457174286238104,0.9991941982272361,560,681,1241,0.0,0.0008333472224535399,0.9994359387590667,0.0
36549,30.45800763346056,0.9991941982272361,560,681,1241,0.0,0.0008333472224570926,0.9994359387590667,0.0
36550,30.458840980683014,0.9991941982272361,560,681,1241,0.0,0.0008333472224535399,0.9994359387590667,0.0
36551,30.459674327905468,0.9991941982272361,560,681,1241,0.0,0.0008333472224535399,0.9994359387590667,0.0
36552,30.46050767512792,0.9991941982272361,560,681,1241,0.0,0.0008333472224535399,0.9993553585817903,-8.058017727639034e-05
36553,30.461341022350375,1.0,560,681,1241,0.0008058017727639033,0.0008333472224535399,0.9993553585817903,0.0
36554,30.46217436957283,1.0,560,681,1241,0.0,0.0008333472224535399,0.9993553585817903,0.0
36555,30.463007716795282,1.0,560,681,1241,0.0,0.0008333472224535399,0.9994359387590667,8.058017727639034e-05
36556,30.463841064017736,1.0,560,681,1241,0.0,0.0008333472224535399,0.999516518936343,8.058017727639034e-05
36557,30.46467441124019,1.0,560,681,1241,0.0,0.0008333472224535399,0.9995970991136194,8.058017727639034e-05
36558,30.465507758462643,1.0,560,681,1241,0.0,0.0008333472224535399,0.9996776792908957,8.058017727639034e-05
36559,30.466341105685096,1.0,560,681,1241,0.0,0.0008333472224535399,0.999758259468172,8.058017727639034e-05
36560,30.46717445290755,1.0,560,681,1241,0.0,0.0008333472224535399,0.9998388396454484,8.058017727639034e-05
36561,30.468007800130003,1.0,560,681,1241,0.0,0.0008333472224535399,0.9999194198227247,8.058017727639034e-05
36562,30.468841147352457,1.0,560,681,1241,0.0,0.0008333472224535399,1.000000000000001,8.058017727639034e-05
36563,30.46967449457491,1.0,560,681,1241,0.0,0.0008333472224535399,1.000000000000001,0.0
36564,30.470507841797364,1.0,560,681,1241,0.0,0.0008333472224535399,1.000000000000001,0.0
36565,30.471341189019817,1.0,560,681,1241,0.0,0.0008333472224535399,1.000000000000001,0.0
36566,30.47217453624227,1.0,560,681,1241,0.0,0.0008333472224535399,1.000000000000001,0.0
36567,30.473007883464724,1.0,560,681,1241,0.0,0.0008333472224535399,1.000000000000001,0.0
36568,30.473841230687178,1.0,560,681,1241,0.0,0.0008333472224535399,1.000000000000001,0.0
36569,30.47467457790963,1.0,560,681,1241,0.0,0.0008333472224535399,1.000000000000001,0.0
36570,30.475507925132085,1.0,560,681,1241,0.0,0.0008333472224535399,1.000000000000001,0.0
36571,30.476341272354542,1.0,560,681,1241,0.0,0.0008333472224570926,1.000000000000001,0.0
36572,30.477174619576996,1.0,560,681,1241,0.0,0.0008333472224535399,1.000000000000001,0.0
36573,30.47800796679945,1.0,560,681,1241,0.0,0.0008333472224535399,1.000000000000001,0.0
36574,30.478841314021903,1.0,560,681,1241,0.0,0.0008333472224535399,1.000000000000001,0.0
36575,30.479674661244356,1.0,560,681,1241,0.0,0.0008333472224535399,1.000000000000001,0.0
36576,30.48050800846681,1.0,560,681,1241,0.0,0.0008333472224535399,1.000000000000001,0.0
36577,30.481341355689263,1.0,560,681,1241,0.0,0.0008333472224535399,1.000000000000001,0.0
36578,30.482174702911717,1.0,560,681,1241,0.0,0.0008333472224535399,1.000000000000001,0.0
36579,30.48300805013417,1.0,560,681,1241,0.0,0.0008333472224535399,1.000000000000001,0.0
36580,30.483841397356624,1.0,560,681,1241,0.0,0.0008333472224535399,1.000000000000001,0.0
36581,30.484674744579078,1.0,560,681,1241,0.0,0.0008333472224535399,1.000000000000001,0.0
36582,30.48550809180153,1.0,560,681,1241,0.0,0.0008333472224535399,1.000000000000001,0.0
36583,30.486341439023985,0.9991941982272361,560,681,1241,-0.0008058017727639033,0.0008333472224535399,0.9999194198227247,-8.058017727639034e-05
36584,30.487174786246438,1.0,560,681,1241,0.0008058017727639033,0.0008333472224535399,0.9999194198227247,0.0
36585,30.48800813346889,1.0,560,681,1241,0.0,0.0008333472224535399,0.9999194198227247,0.0
36586,30.488841480691345,1.0,560,681,1241,0.0,0.0008333472224535399,0.9999194198227247,0.0
36587,30.4896748279138,1.0,560,681,1241,0.0,0.0008333472224535399,0.9999194198227247,0.0
36588,30.490508175136252,1.0,560,681,1241,0.0,0.0008333472224535399,0.9999194198227247,0.0
36589,30.491341522358706,1.0,560,681,1241,0.0,0.0008333472224535399,0.9999194198227247,0.0
36590,30.49217486958116,0.9991941982272361,560,681,1241,-0.0008058017727639033,0.0008333472224535399,0.9998388396454484,-8.058017727639034e-05
36591,30.493008216803613,0.9991941982272361,560,681,1241,0.0,0.0008333472224535399,0.999758259468172,-8.058017727639034e-05
36592,30.49384156402607,0.9991941982272361,560,681,1241,0.0,0.0008333472224570926,0.9996776792908957,-8.058017727639034e-05
36593,30.494674911248524,1.0,560,681,1241,0.0008058017727639033,0.0008333472224535399,0.999758259468172,8.058017727639034e-05
36594,30.495508258470977,1.0,560,681,1241,0.0,0.0008333472224535399,0.999758259468172,0.0
36595,30.49634160569343,1.0,560,681,1241,0.0,0.0008333472224535399,0.999758259468172,0.0
36596,30.497174952915884,1.0,560,681,1241,0.0,0.0008333472224535399,0.999758259468172,0.0
36597,30.498008300138338,1.0,560,681,1241,0.0,0.0008333472224535399,0.999758259468172,0.0
36598,30.49884164736079,1.0,560,681,1241,0.0,0.0008333472224535399,0.999758259468172,0.0
36599,30.499674994583245,1.0,560,681,1241,0.0,0.0008333472224535399,0.999758259468172,0.0
36600,30.5005083418057,1.0,560,681,1241,0.0,0.0008333472224535399,0.9998388396454484,8.058017727639034e-05
36601,30.501341689028152,1.0,560,681,1241,0.0,0.0008333472224535399,0.9999194198227247,8.058017727639034e-05
36602,30.502175036250605,1.0,560,681,1241,0.0,0.0008333472224535399,1.000000000000001,8.058017727639034e-05
36603,30.50300838347306,1.0,560,681,1241,0.0,0.0008333472224535399,1.000000000000001,0.0
36604,30.503841730695513,1.0,560,681,1241,0.0,0.0008333472224535399,1.000000000000001,0.0
36605,30.504675077917966,1.0,560,681,1241,0.0,0.0008333472224535399,1.000000000000001,0.0
36606,30.50550842514042,0.9991941982272361,560,681,1241,-0.0008058017727639033,0.0008333472224535399,0.9999194198227247,-8.058017727639034e-05
36607,30.506341772362873,0.9991941982272361,560,681,1241,0.0,0.0008333472224535399,0.9998388396454484,-8.058017727639034e-05
36608,30.507175119585327,0.9991941982272361,560,681,1241,0.0,0.0008333472224535399,0.999758259468172,-8.058017727639034e-05
36609,30.50800846680778,1.0,560,681,1241,0.0008058017727639033,0.0008333472224535399,0.999758259468172,0.0
36610,30.508841814030234,1.0,560,681,1241,0.0,0.0008333472224535399,0.999758259468172,0.0
36611,30.509675161252687,1.0,560,681,1241,0.0,0.0008333472224535399,0.999758259468172,0.0
36612,30.51050850847514,1.0,560,681,1241,0.0,0.0008333472224535399,0.999758259468172,0.0
36613,30.511341855697598,1.0,560,681,1241,0.0,0.0008333472224570926,0.999758259468172,0.0
36614,30.51217520292005,1.0,560,681,1241,0.0,0.0008333472224535399,0.999758259468172,0.0
36615,30.513008550142505,1.0,560,681,1241,0.0,0.0008333472224535399,0.999758259468172,0.0
36616,30.51384189736496,1.0,560,681,1241,0.0,0.0008333472224535399,0.9998388396454484,8.058017727639034e-05
36617,30.514675244587412,1.0,560,681,1241,0.0,0.0008333472224535399,0.9999194198227247,8.058017727639034e-05
36618,30.515508591809866,1.0,560,681,1241,0.0,0.0008333472224535399,1.000000000000001,8.058017727639034e-05
36619,30.51634193903232,1.0,560,681,1241,0.0,0.0008333472224535399,1.000000000000001,0.0
36620,30.517175286254773,1.0,560,681,1241,0.0,0.0008333472224535399,1.000000000000001,0.0
36621,30.518008633477226,1.0,560,681,1241,0.0,0.0008333472224535399,1.000000000000001,0.0
36622,30.51884198069968,1.0,560,681,1241,0.0,0.0008333472224535399,1.000000000000001,0.0
36623,30.519675327922133,1.0,560,681,1241,0.0,0.0008333472224535399,1.000000000000001,0.0
36624,30.520508675144587,1.0,560,681,1241,0.0,0.0008333472224535399,1.000000000000001,0.0
36625,30.52134202236704,1.0,560,681,1241,0.0,0.0008333472224535399,1.000000000000001,0.0
36626,30.522175369589494,1.0,560,681,1241,0.0,0.0008333472224535399,1.000000000000001,0.0
36627,30.523008716811947,1.0,560,681,1241,0.0,0.0008333472224535399,1.000000000000001,0.0
36628,30.5238420640344,1.0,560,681,1241,0.0,0.0008333472224535399,1.000000000000001,0.0
36629,30.524675411256855,1.0,560,681,1241,0.0,0.0008333472224535399,1.000000000000001,0.0
36630,30.525508758479308,1.0,560,681,1241,0.0,0.0008333472224535399,1.000000000000001,0.0
36631,30.52634210570176,1.0,560,681,1241,0.0,0.0008333472224535399,1.000000000000001,0.0
36632,30.527175452924215,1.0,560,681,1241,0.0,0.0008333472224535399,1.000000000000001,0.0
36633,30.52800880014667,1.0,560,681,1241,0.0,0.0008333472224535399,1.000000000000001,0.0
36634,30.528842147369126,1.0,560,681,1241,0.0,0.0008333472224570926,1.000000000000001,0.0
36635,30.52967549459158,1.0,560,681,1241,0.0,0.0008333472224535399,1.000000000000001,0.0
36636,30.530508841814033,1.0,560,681,1241,0.0,0.0008333472224535399,1.000000000000001,0.0
36637,30.531342189036486,1.0,560,681,1241,0.0,0.0008333472224535399,1.000000000000001,0.0
36638,30.53217553625894,1.0,560,681,1241,0.0,0.0008333472224535399,1.000000000000001,0.0
36639,30.533008883481394,1.0,560,681,1241,0.0,0.0008333472224535399,1.000000000000001,0.0
36640,30.533842230703847,1.0,560,681,1241,0.0,0.0008333472224535399,1.000000000000001,0.0
36641,30.5346755779263,1.0,560,681,1241,0.0,0.0008333472224535399,1.000000000000001,0.0
36642,30.535508925148754,1.0,560,681,1241,0.0,0.0008333472224535399,1.000000000000001,0.0
36643,30.536342272371208,1.0,560,681,1241,0.0,0.0008333472224535399,1.000000000000001,0.0
36644,30.53717561959366,1.0,560,681,1241,0.0,0.0008333472224535399,1.000000000000001,0.0
36645,30.538008966816115,1.0,560,681,1241,0.0,0.0008333472224535399,1.000000000000001,0.0
36646,30.53884231403857,1.0,560,681,1241,0.0,0.0008333472224535399,1.000000000000001,0.0
36647,30.539675661261022,1.0,560,681,1241,0.0,0.0008333472224535399,1.000000000000001,0.0
36648,30.540509008483475,1.0,560,681,1241,0.0,0.0008333472224535399,1.000000000000001,0.0
36649,30.54134235570593,1.0,560,681,1241,0.0,0.0008333472224535399,1.000000000000001,0.0
36650,30.542175702928382,1.0,560,681,1241,0.0,0.0008333472224535399,1.000000000000001,0.0
36651,30.543009050150836,1.0,560,681,1241,0.0,0.0008333472224535399,1.000000000000001,0.0
36652,30.54384239737329,0.9991941982272361,560,681,1241,-0.0008058017727639033,0.0008333472224535399,0.9999194198227247,-8.058017727639034e-05
36653,30.544675744595743,0.9991941982272361,560,681,1241,0.0,0.0008333472224535399,0.9998388396454484,-8.058017727639034e-05
36654,30.545509091818197,1.0,560,681,1241,0.0008058017727639033,0.0008333472224535399,0.9998388396454484,0.0
36655,30.546342439040654,1.0,560,681,1241,0.0,0.0008333472224570926,0.9998388396454484,0.0
36656,30.547175786263107,1.0,560,681,1241,0.0,0.0008333472224535399,0.9998388396454484,0.0
36657,30.54800913348556,1.0,560,681,1241,0.0,0.0008333472224535399,0.9998388396454484,0.0
36658,30.548842480708014,1.0,560,681,1241,0.0,0.0008333472224535399,0.9998388396454484,0.0
36659,30.549675827930468,0.9991941982272361,560,681,1241,-0.0008058017727639033,0.0008333472224535399,0.999758259468172,-8.058017727639034e-05
36660,30.55050917515292,0.9991941982272361,560,681,1241,0.0,0.0008333472224535399,0.9996776792908957,-8.058017727639034e-05
36661,30.551342522375375,0.9991941982272361,560,681,1241,0.0,0.0008333472224535399,0.9995970991136194,-8.058017727639034e-05
36662,30.55217586959783,1.0,560,681,1241,0.0008058017727639033,0.0008333472224535399,0.9996776792908957,8.058017727639034e-05
36663,30.553009216820282,1.0,560,681,1241,0.0,0.0008333472224535399,0.999758259468172,8.058017727639034e-05
36664,30.553842564042736,0.9991941982272361,560,681,1241,-0.0008058017727639033,0.0008333472224535399,0.9996776792908957,-8.058017727639034e-05
36665,30.55467591126519,0.9991941982272361,560,681,1241,0.0,0.0008333472224535399,0.9995970991136194,-8.058017727639034e-05
36666,30.555509258487643,0.9991941982272361,560,681,1241,0.0,0.0008333472224535399,0.999516518936343,-8.058017727639034e-05
36667,30.556342605710096,0.9991941982272361,560,681,1241,0.0,0.0008333472224535399,0.9994359387590667,-8.058017727639034e-05
36668,30.55717595293255,0.9991941982272361,560,681,1241,0.0,0.0008333472224535399,0.9993553585817903,-8.058017727639034e-05
36669,30.558009300155003,0.9983883964544722,560,681,1241,-0.0008058017727639033,0.0008333472224535399,0.999274778404514,-8.058017727639034e-05
36670,30.558842647377457,0.9991941982272361,560,681,1241,0.0008058017727639033,0.0008333472224535399,0.999274778404514,0.0
36671,30.55967599459991,0.9991941982272361,560,681,1241,0.0,0.0008333472224535399,0.999274778404514,0.0
36672,30.560509341822364,0.9991941982272361,560,681,1241,0.0,0.0008333472224535399,0.9991941982272377,-8.058017727639034e-05
36673,30.561342689044817,0.9991941982272361,560,681,1241,0.0,0.0008333472224535399,0.9991136180499612,-8.058017727639034e-05
36674,30.56217603626727,0.9991941982272361,560,681,1241,0.0,0.0008333472224535399,0.9991136180499612,0.0
36675,30.563009383489725,1.0,560,681,1241,0.0008058017727639033,0.0008333472224535399,0.9991941982272377,8.058017727639034e-05
36676,30.563842730712178,1.0,560,681,1241,0.0,0.0008333472224535399,0.999274778404514,8.058017727639034e-05
36677,30.564676077934635,1.0,560,681,1241,0.0,0.0008333472224570926,0.9993553585817903,8.058017727639034e-05
36678,30.56550942515709,1.0,560,681,1241,0.0,0.0008333472224535399,0.9994359387590667,8.058017727639034e-05
36679,30.566342772379542,1.0,560,681,1241,0.0,0.0008333472224535399,0.9995970991136194,0.00016116035455278067
36680,30.567176119601996,1.0,560,681,1241,0.0,0.0008333472224535399,0.9996776792908957,8.058017727639034e-05
36681,30.56800946682445,0.9991941982272361,560,681,1241,-0.0008058017727639033,0.0008333472224535399,0.9996776792908957,0.0
36682,30.568842814046903,0.9991941982272361,560,681,1241,0.0,0.0008333472224535399,0.9996776792908957,0.0
36683,30.569676161269356,1.0,560,681,1241,0.0008058017727639033,0.0008333472224535399,0.999758259468172,8.058017727639034e-05
36684,30.57050950849181,1.0,560,681,1241,0.0,0.0008333472224535399,0.9998388396454484,8.058017727639034e-05
36685,30.571342855714263,1.0,560,681,1241,0.0,0.0008333472224535399,0.9998388396454484,0.0
36686,30.572176202936717,1.0,560,681,1241,0.0,0.0008333472224535399,0.9998388396454484,0.0
36687,30.57300955015917,1.0,560,681,1241,0.0,0.0008333472224535399,0.9998388396454484,0.0
36688,30.573842897381624,0.9991941982272361,560,681,1241,-0.0008058017727639033,0.0008333472224535399,0.999758259468172,-8.058017727639034e-05
36689,30.574676244604078,1.0,560,681,1241,0.0008058017727639033,0.0008333472224535399,0.999758259468172,0.0
36690,30.57550959182653,1.0,560,681,1241,0.0,0.0008333472224535399,0.999758259468172,0.0
36691,30.576342939048985,1.0,560,681,1241,0.0,0.0008333472224535399,0.9998388396454484,8.058017727639034e-05
36692,30.57717628627144,1.0,560,681,1241,0.0,0.0008333472224535399,0.9999194198227247,8.058017727639034e-05
36693,30.578009633493892,1.0,560,681,1241,0.0,0.0008333472224535399,0.9999194198227247,0.0
36694,30.578842980716345,0.9991941982272361,560,681,1241,-0.0008058017727639033,0.0008333472224535399,0.9998388396454484,-8.058017727639034e-05
36695,30.5796763279388,0.9991941982272361,560,681,1241,0.0,0.0008333472224535399,0.999758259468172,-8.058017727639034e-05
36696,30.580509675161252,1.0,560,681,1241,0.0008058017727639033,0.0008333472224535399,0.999758259468172,0.0
36697,30.581343022383706,1.0,560,681,1241,0.0,0.0008333472224535399,0.999758259468172,0.0
36698,30.582176369606163,1.0,560,681,1241,0.0,0.0008333472224570926,0.9998388396454484,8.058017727639034e-05
36699,30.583009716828617,1.0,560,681,1241,0.0,0.0008333472224535399,0.9998388396454484,0.0
36700,30.58384306405107,1.0,560,681,1241,0.0,0.0008333472224535399,0.9998388396454484,0.0
36701,30.584676411273524,1.0,560,681,1241,0.0,0.0008333472224535399,0.9998388396454484,0.0
36702,30.585509758495977,1.0,560,681,1241,0.0,0.0008333472224535399,0.9998388396454484,0.0
36703,30.58634310571843,1.0,560,681,1241,0.0,0.0008333472224535399,0.9998388396454484,0.0
36704,30.587176452940884,1.0,560,681,1241,0.0,0.0008333472224535399,0.9999194198227247,8.058017727639034e-05
36705,30.588009800163338,1.0,560,681,1241,0.0,0.0008333472224535399,1.000000000000001,8.058017727639034e-05
36706,30.58884314738579,1.0,560,681,1241,0.0,0.0008333472224535399,1.000000000000001,0.0
36707,30.589676494608245,1.0,560,681,1241,0.0,0.0008333472224535399,1.000000000000001,0.0
36708,30.5905098418307,1.0,560,681,1241,0.0,0.0008333472224535399,1.000000000000001,0.0
36709,30.591343189053152,1.0,560,681,1241,0.0,0.0008333472224535399,1.000000000000001,0.0
36710,30.592176536275606,1.0,560,681,1241,0.0,0.0008333472224535399,1.000000000000001,0.0
36711,30.59300988349806,1.0,560,681,1241,0.0,0.0008333472224535399,1.000000000000001,0.0
36712,30.593843230720513,1.0,560,681,1241,0.0,0.0008333472224535399,1.000000000000001,0.0
36713,30.594676577942966,1.0,560,681,1241,0.0,0.0008333472224535399,1.000000000000001,0.0
36714,30.59550992516542,1.0,560,681,1241,0.0,0.0008333472224535399,1.000000000000001,0.0
36715,30.596343272387873,1.0,560,681,1241,0.0,0.0008333472224535399,1.000000000000001,0.0
36716,30.597176619610327,1.0,560,681,1241,0.0,0.0008333472224535399,1.000000000000001,0.0
36717,30.59800996683278,1.0,560,681,1241,0.0,0.0008333472224535399,1.000000000000001,0.0
36718,30.598843314055234,1.0,560,681,1241,0.0,0.0008333472224535399,1.000000000000001,0.0
36719,30.59967666127769,1.0,560,681,1241,0.0,0.0008333472224570926,1.000000000000001,0.0
36720,30.600510008500144,1.0,560,681,1241,0.0,0.0008333472224535399,1.000000000000001,0.0
36721,30.601343355722598,1.0,560,681,1241,0.0,0.0008333472224535399,1.000000000000001,0.0
36722,30.60217670294505,1.0,560,681,1241,0.0,0.0008333472224535399,1.000000000000001,0.0
36723,30.603010050167505,1.0,560,681,1241,0.0,0.0008333472224535399,1.000000000000001,0.0
36724,30.60384339738996,1.0,560,681,1241,0.0,0.0008333472224535399,1.000000000000001,0.0
36725,30.604676744612412,0.9991941982272361,560,681,1241,-0.0008058017727639033,0.0008333472224535399,0.9999194198227247,-8.058017727639034e-05
36726,30.605510091834866,0.9991941982272361,560,681,1241,0.0,0.0008333472224535399,0.9998388396454484,-8.058017727639034e-05
36727,30.60634343905732,0.9991941982272361,560,681,1241,0.0,0.0008333472224535399,0.999758259468172,-8.058017727639034e-05
36728,30.607176786279773,1.0,560,681,1241,0.0008058017727639033,0.0008333472224535399,0.999758259468172,0.0
36729,30.608010133502226,1.0,560,681,1241,0.0,0.0008333472224535399,0.999758259468172,0.0
36730,30.60884348072468,1.0,560,681,1241,0.0,0.0008333472224535399,0.999758259468172,0.0
36731,30.609676827947133,1.0,560,681,1241,0.0,0.0008333472224535399,0.999758259468172,0.0
36732,30.610510175169587,1.0,560,681,1241,0.0,0.0008333472224535399,0.999758259468172,0.0
36733,30.61134352239204,1.0,560,681,1241,0.0,0.0008333472224535399,0.999758259468172,0.0
36734,30.612176869614494,1.0,560,681,1241,0.0,0.0008333472224535399,0.999758259468172,0.0
36735,30.613010216836948,1.0,560,681,1241,0.0,0.0008333472224535399,0.9998388396454484,8.058017727639034e-05
36736,30.6138435640594,1.0,560,681,1241,0.0,0.0008333472224535399,0.9999194198227247,8.058017727639034e-05
36737,30.614676911281855,1.0,560,681,1241,0.0,0.0008333472224535399,1.000000000000001,8.058017727639034e-05
36738,30.615510258504308,1.0,560,681,1241,0.0,0.0008333472224535399,1.000000000000001,0.0
36739,30.61634360572676,1.0,560,681,1241,0.0,0.0008333472224535399,1.000000000000001,0.0
36740,30.61717695294922,1.0,560,681,1241,0.0,0.0008333472224570926,1.000000000000001,0.0
36741,30.618010300171672,1.0,560,681,1241,0.0,0.0008333472224535399,1.000000000000001,0.0
36742,30.618843647394126,1.0,560,681,1241,0.0,0.0008333472224535399,1.000000000000001,0.0
36743,30.61967699461658,1.0,560,681,1241,0.0,0.0008333472224535399,1.000000000000001,0.0
36744,30.620510341839033,1.0,560,681,1241,0.0,0.0008333472224535399,1.000000000000001,0.0
36745,30.621343689061487,1.0,560,681,1241,0.0,0.0008333472224535399,1.000000000000001,0.0
36746,30.62217703628394,1.0,560,681,1241,0.0,0.0008333472224535399,1.000000000000001,0.0
36747,30.623010383506394,1.0,560,681,1241,0.0,0.0008333472224535399,1.000000000000001,0.0
36748,30.623843730728847,1.0,560,681,1241,0.0,0.0008333472224535399,1.000000000000001,0.0
36749,30.6246770779513,1.0,560,681,1241,0.0,0.0008333472224535399,1.000000000000001,0.0
36750,30.625510425173754,1.0,560,681,1241,0.0,0.0008333472224535399,1.000000000000001,0.0
36751,30.626343772396208,1.0,560,681,1241,0.0,0.0008333472224535399,1.000000000000001,0.0
36752,30.62717711961866,1.0,560,681,1241,0.0,0.0008333472224535399,1.000000000000001,0.0
36753,30.628010466841115,1.0,560,681,1241,0.0,0.0008333472224535399,1.000000000000001,0.0
36754,30.62884381406357,1.0,560,681,1241,0.0,0.0008333472224535399,1.000000000000001,0.0
36755,30.629677161286022,0.9991941982272361,560,681,1241,-0.0008058017727639033,0.0008333472224535399,0.9999194198227247,-8.058017727639034e-05
36756,30.630510508508475,0.9991941982272361,560,681,1241,0.0,0.0008333472224535399,0.9998388396454484,-8.058017727639034e-05
36757,30.63134385573093,0.9991941982272361,560,681,1241,0.0,0.0008333472224535399,0.999758259468172,-8.058017727639034e-05
36758,30.632177202953383,0.9991941982272361,560,681,1241,0.0,0.0008333472224535399,0.9996776792908957,-8.058017727639034e-05
36759,30.633010550175836,1.0,560,681,1241,0.0008058017727639033,0.0008333472224535399,0.9996776792908957,0.0
36760,30.63384389739829,1.0,560,681,1241,0.0,0.0008333472224535399,0.9996776792908957,0.0
36761,30.634677244620747,1.0,560,681,1241,0.0,0.0008333472224570926,0.9996776792908957,0.0
36762,30.6355105918432,1.0,560,681,1241,0.0,0.0008333472224535399,0.9996776792908957,0.0
36763,30.636343939065654,1.0,560,681,1241,0.0,0.0008333472224535399,0.9996776792908957,0.0
36764,30.637177286288107,1.0,560,681,1241,0.0,0.0008333472224535399,0.9996776792908957,0.0
36765,30.63801063351056,1.0,560,681,1241,0.0,0.0008333472224535399,0.999758259468172,8.058017727639034e-05
36766,30.638843980733014,1.0,560,681,1241,0.0,0.0008333472224535399,0.9998388396454484,8.058017727639034e-05
36767,30.639677327955468,1.0,560,681,1241,0.0,0.0008333472224535399,0.9999194198227247,8.058017727639034e-05
36768,30.64051067517792,1.0,560,681,1241,0.0,0.0008333472224535399,1.000000000000001,8.058017727639034e-05
36769,30.641344022400375,1.0,560,681,1241,0.0,0.0008333472224535399,1.000000000000001,0.0
36770,30.64217736962283,0.9991941982272361,560,681,1241,-0.0008058017727639033,0.0008333472224535399,0.9999194198227247,-8.058017727639034e-05
36771,30.643010716845282,0.9991941982272361,560,681,1241,0.0,0.0008333472224535399,0.9998388396454484,-8.058017727639034e-05
36772,30.643844064067736,0.9991941982272361,560,681,1241,0.0,0.0008333472224535399,0.999758259468172,-8.058017727639034e-05
36773,30.64467741129019,0.9991941982272361,560,681,1241,0.0,0.0008333472224535399,0.9996776792908957,-8.058017727639034e-05
36774,30.645510758512643,0.9991941982272361,560,681,1241,0.0,0.0008333472224535399,0.9995970991136194,-8.058017727639034e-05
36775,30.646344105735096,0.9991941982272361,560,681,1241,0.0,0.0008333472224535399,0.999516518936343,-8.058017727639034e-05
36776,30.64717745295755,0.9991941982272361,560,681,1241,0.0,0.0008333472224535399,0.9994359387590667,-8.058017727639034e-05
36777,30.648010800180003,0.9991941982272361,560,681,1241,0.0,0.0008333472224535399,0.9993553585817903,-8.058017727639034e-05
36778,30.648844147402457,0.9991941982272361,560,681,1241,0.0,0.0008333472224535399,0.999274778404514,-8.058017727639034e-05
36779,30.64967749462491,1.0,560,681,1241,0.0008058017727639033,0.0008333472224535399,0.999274778404514,0.0
36780,30.650510841847364,1.0,560,681,1241,0.0,0.0008333472224535399,0.9993553585817903,8.058017727639034e-05
36781,30.651344189069818,1.0,560,681,1241,0.0,0.0008333472224535399,0.9994359387590667,8.058017727639034e-05
36782,30.652177536292275,1.0,560,681,1241,0.0,0.0008333472224570926,0.999516518936343,8.058017727639034e-05
36783,30.653010883514728,1.0,560,681,1241,0.0,0.0008333472224535399,0.9995970991136194,8.058017727639034e-05
36784,30.65384423073718,1.0,560,681,1241,0.0,0.0008333472224535399,0.9996776792908957,8.058017727639034e-05
36785,30.654677577959635,1.0,560,681,1241,0.0,0.0008333472224535399,0.999758259468172,8.058017727639034e-05
36786,30.65551092518209,1.0,560,681,1241,0.0,0.0008333472224535399,0.9998388396454484,8.058017727639034e-05
36787,30.656344272404542,1.0,560,681,1241,0.0,0.0008333472224535399,0.9999194198227247,8.058017727639034e-05
36788,30.657177619626996,1.0,560,681,1241,0.0,0.0008333472224535399,1.000000000000001,8.058017727639034e-05
36789,30.65801096684945,1.0,560,681,1241,0.0,0.0008333472224535399,1.000000000000001,0.0
36790,30.658844314071903,1.0,560,681,1241,0.0,0.0008333472224535399,1.000000000000001,0.0
36791,30.659677661294356,1.0,560,681,1241,0.0,0.0008333472224535399,1.000000000000001,0.0
36792,30.66051100851681,1.0,560,681,1241,0.0,0.0008333472224535399,1.000000000000001,0.0
36793,30.661344355739264,1.0,560,681,1241,0.0,0.0008333472224535399,1.000000000000001,0.0
36794,30.662177702961717,1.0,560,681,1241,0.0,0.0008333472224535399,1.000000000000001,0.0
36795,30.66301105018417,1.0,560,681,1241,0.0,0.0008333472224535399,1.000000000000001,0.0
36796,30.663844397406624,0.9991941982272361,560,681,1241,-0.0008058017727639033,0.0008333472224535399,0.9999194198227247,-8.058017727639034e-05
36797,30.664677744629078,1.0,560,681,1241,0.0008058017727639033,0.0008333472224535399,0.9999194198227247,0.0
36798,30.66551109185153,1.0,560,681,1241,0.0,0.0008333472224535399,0.9999194198227247,0.0
36799,30.666344439073985,1.0,560,681,1241,0.0,0.0008333472224535399,0.9999194198227247,0.0
36800,30.66717778629644,1.0,560,681,1241,0.0,0.0008333472224535399,0.9999194198227247,0.0
36801,30.668011133518892,0.9991941982272361,560,681,1241,-0.0008058017727639033,0.0008333472224535399,0.9998388396454484,-8.058017727639034e-05
36802,30.668844480741345,0.9991941982272361,560,681,1241,0.0,0.0008333472224535399,0.999758259468172,-8.058017727639034e-05
36803,30.6696778279638,0.9991941982272361,560,681,1241,0.0,0.0008333472224535399,0.9996776792908957,-8.058017727639034e-05
36804,30.670511175186256,0.9991941982272361,560,681,1241,0.0,0.0008333472224570926,0.9995970991136194,-8.058017727639034e-05
36805,30.67134452240871,0.9991941982272361,560,681,1241,0.0,0.0008333472224535399,0.999516518936343,-8.058017727639034e-05
36806,30.672177869631163,0.9991941982272361,560,681,1241,0.0,0.0008333472224535399,0.999516518936343,0.0
36807,30.673011216853617,0.9991941982272361,560,681,1241,0.0,0.0008333472224535399,0.9994359387590667,-8.058017727639034e-05
36808,30.67384456407607,1.0,560,681,1241,0.0008058017727639033,0.0008333472224535399,0.9994359387590667,0.0
36809,30.674677911298524,1.0,560,681,1241,0.0,0.0008333472224535399,0.9994359387590667,0.0
36810,30.675511258520977,1.0,560,681,1241,0.0,0.0008333472224535399,0.9994359387590667,0.0
36811,30.67634460574343,1.0,560,681,1241,0.0,0.0008333472224535399,0.999516518936343,8.058017727639034e-05
36812,30.677177952965884,1.0,560,681,1241,0.0,0.0008333472224535399,0.9995970991136194,8.058017727639034e-05
36813,30.678011300188338,1.0,560,681,1241,0.0,0.0008333472224535399,0.9996776792908957,8.058017727639034e-05
36814,30.67884464741079,1.0,560,681,1241,0.0,0.0008333472224535399,0.999758259468172,8.058017727639034e-05
36815,30.679677994633245,1.0,560,681,1241,0.0,0.0008333472224535399,0.9998388396454484,8.058017727639034e-05
36816,30.6805113418557,1.0,560,681,1241,0.0,0.0008333472224535399,0.9999194198227247,8.058017727639034e-05
36817,30.681344689078152,1.0,560,681,1241,0.0,0.0008333472224535399,1.000000000000001,8.058017727639034e-05
36818,30.682178036300606,1.0,560,681,1241,0.0,0.0008333472224535399,1.000000000000001,0.0
36819,30.68301138352306,1.0,560,681,1241,0.0,0.0008333472224535399,1.000000000000001,0.0
36820,30.683844730745513,1.0,560,681,1241,0.0,0.0008333472224535399,1.000000000000001,0.0
36821,30.684678077967966,1.0,560,681,1241,0.0,0.0008333472224535399,1.000000000000001,0.0
36822,30.68551142519042,1.0,560,681,1241,0.0,0.0008333472224535399,1.000000000000001,0.0
36823,30.686344772412873,1.0,560,681,1241,0.0,0.0008333472224535399,1.000000000000001,0.0
36824,30.687178119635327,1.0,560,681,1241,0.0,0.0008333472224535399,1.000000000000001,0.0
36825,30.688011466857784,1.0,560,681,1241,0.0,0.0008333472224570926,1.000000000000001,0.0
36826,30.688844814080237,1.0,560,681,1241,0.0,0.0008333472224535399,1.000000000000001,0.0
36827,30.68967816130269,1.0,560,681,1241,0.0,0.0008333472224535399,1.000000000000001,0.0
36828,30.690511508525145,0.9991941982272361,560,681,1241,-0.0008058017727639033,0.0008333472224535399,0.9999194198227247,-8.058017727639034e-05
36829,30.691344855747598,0.9991941982272361,560,681,1241,0.0,0.0008333472224535399,0.9998388396454484,-8.058017727639034e-05
36830,30.69217820297005,0.9991941982272361,560,681,1241,0.0,0.0008333472224535399,0.999758259468172,-8.058017727639034e-05
36831,30.693011550192505,0.9991941982272361,560,681,1241,0.0,0.0008333472224535399,0.9996776792908957,-8.058017727639034e-05
36832,30.69384489741496,1.0,560,681,1241,0.0008058017727639033,0.0008333472224535399,0.9996776792908957,0.0
36833,30.694678244637412,1.0,560,681,1241,0.0,0.0008333472224535399,0.9996776792908957,0.0
36834,30.695511591859866,1.0,560,681,1241,0.0,0.0008333472224535399,0.9996776792908957,0.0
36835,30.69634493908232,1.0,560,681,1241,0.0,0.0008333472224535399,0.9996776792908957,0.0
36836,30.697178286304773,1.0,560,681,1241,0.0,0.0008333472224535399,0.9996776792908957,0.0
36837,30.698011633527226,1.0,560,681,1241,0.0,0.0008333472224535399,0.9996776792908957,0.0
36838,30.69884498074968,1.0,560,681,1241,0.0,0.0008333472224535399,0.999758259468172,8.058017727639034e-05
36839,30.699678327972133,1.0,560,681,1241,0.0,0.0008333472224535399,0.9998388396454484,8.058017727639034e-05
36840,30.700511675194587,1.0,560,681,1241,0.0,0.0008333472224535399,0.9999194198227247,8.058017727639034e-05
36841,30.70134502241704,1.0,560,681,1241,0.0,0.0008333472224535399,1.000000000000001,8.058017727639034e-05
36842,30.702178369639494,1.0,560,681,1241,0.0,0.0008333472224535399,1.000000000000001,0.0
36843,30.703011716861948,1.0,560,681,1241,0.0,0.0008333472224535399,1.000000000000001,0.0
36844,30.7038450640844,1.0,560,681,1241,0.0,0.0008333472224535399,1.000000000000001,0.0
36845,30.704678411306855,1.0,560,681,1241,0.0,0.0008333472224535399,1.000000000000001,0.0
36846,30.705511758529312,1.0,560,681,1241,0.0,0.0008333472224570926,1.000000000000001,0.0
36847,30.706345105751765,1.0,560,681,1241,0.0,0.0008333472224535399,1.000000000000001,0.0
36848,30.70717845297422,1.0,560,681,1241,0.0,0.0008333472224535399,1.000000000000001,0.0
36849,30.708011800196672,1.0,560,681,1241,0.0,0.0008333472224535399,1.000000000000001,0.0
36850,30.708845147419126,0.9991941982272361,560,681,1241,-0.0008058017727639033,0.0008333472224535399,0.9999194198227247,-8.058017727639034e-05
36851,30.70967849464158,1.0,560,681,1241,0.0008058017727639033,0.0008333472224535399,0.9999194198227247,0.0
36852,30.710511841864033,1.0,560,681,1241,0.0,0.0008333472224535399,0.9999194198227247,0.0
36853,30.711345189086487,1.0,560,681,1241,0.0,0.0008333472224535399,0.9999194198227247,0.0
36854,30.71217853630894,1.0,560,681,1241,0.0,0.0008333472224535399,0.9999194198227247,0.0
36855,30.713011883531394,1.0,560,681,1241,0.0,0.0008333472224535399,0.9999194198227247,0.0
36856,30.713845230753847,1.0,560,681,1241,0.0,0.0008333472224535399,0.9999194198227247,0.0
36857,30.7146785779763,1.0,560,681,1241,0.0,0.0008333472224535399,0.9999194198227247,0.0
36858,30.715511925198754,1.0,560,681,1241,0.0,0.0008333472224535399,0.9999194198227247,0.0
36859,30.716345272421208,1.0,560,681,1241,0.0,0.0008333472224535399,0.9999194198227247,0.0
36860,30.71717861964366,1.0,560,681,1241,0.0,0.0008333472224535399,1.000000000000001,8.058017727639034e-05
36861,30.718011966866115,1.0,560,681,1241,0.0,0.0008333472224535399,1.000000000000001,0.0
36862,30.71884531408857,1.0,560,681,1241,0.0,0.0008333472224535399,1.000000000000001,0.0
36863,30.719678661311022,1.0,560,681,1241,0.0,0.0008333472224535399,1.000000000000001,0.0
36864,30.720512008533476,1.0,560,681,1241,0.0,0.0008333472224535399,1.000000000000001,0.0
36865,30.72134535575593,1.0,560,681,1241,0.0,0.0008333472224535399,1.000000000000001,0.0
36866,30.722178702978383,1.0,560,681,1241,0.0,0.0008333472224535399,1.000000000000001,0.0
36867,30.72301205020084,1.0,560,681,1241,0.0,0.0008333472224570926,1.000000000000001,0.0
36868,30.723845397423293,1.0,560,681,1241,0.0,0.0008333472224535399,1.000000000000001,0.0
36869,30.724678744645747,1.0,560,681,1241,0.0,0.0008333472224535399,1.000000000000001,0.0
36870,30.7255120918682,1.0,560,681,1241,0.0,0.0008333472224535399,1.000000000000001,0.0
36871,30.726345439090654,1.0,560,681,1241,0.0,0.0008333472224535399,1.000000000000001,0.0
36872,30.727178786313107,1.0,560,681,1241,0.0,0.0008333472224535399,1.000000000000001,0.0
36873,30.72801213353556,1.0,560,681,1241,0.0,0.0008333472224535399,1.000000000000001,0.0
36874,30.728845480758014,1.0,560,681,1241,0.0,0.0008333472224535399,1.000000000000001,0.0
36875,30.729678827980468,1.0,560,681,1241,0.0,0.0008333472224535399,1.000000000000001,0.0
36876,30.73051217520292,1.0,560,681,1241,0.0,0.0008333472224535399,1.000000000000001,0.0
36877,30.731345522425375,0.9991941982272361,560,681,1241,-0.0008058017727639033,0.0008333472224535399,0.9999194198227247,-8.058017727639034e-05
36878,30.73217886964783,0.9991941982272361,560,681,1241,0.0,0.0008333472224535399,0.9998388396454484,-8.058017727639034e-05
36879,30.733012216870282,1.0,560,681,1241,0.0008058017727639033,0.0008333472224535399,0.9998388396454484,0.0
36880,30.733845564092736,1.0,560,681,1241,0.0,0.0008333472224535399,0.9998388396454484,0.0
36881,30.73467891131519,1.0,560,681,1241,0.0,0.0008333472224535399,0.9998388396454484,0.0
36882,30.735512258537643,1.0,560,681,1241,0.0,0.0008333472224535399,0.9998388396454484,0.0
36883,30.736345605760096,1.0,560,681,1241,0.0,0.0008333472224535399,0.9998388396454484,0.0
36884,30.73717895298255,1.0,560,681,1241,0.0,0.0008333472224535399,0.9998388396454484,0.0
36885,30.738012300205003,1.0,560,681,1241,0.0,0.0008333472224535399,0.9998388396454484,0.0
36886,30.738845647427457,1.0,560,681,1241,0.0,0.0008333472224535399,0.9998388396454484,0.0
36887,30.73967899464991,1.0,560,681,1241,0.0,0.0008333472224535399,0.9999194198227247,8.058017727639034e-05
36888,30.740512341872368,1.0,560,681,1241,0.0,0.0008333472224570926,1.000000000000001,8.058017727639034e-05
36889,30.74134568909482,1.0,560,681,1241,0.0,0.0008333472224535399,1.000000000000001,0.0
36890,30.742179036317275,1.0,560,681,1241,0.0,0.0008333472224535399,1.000000000000001,0.0
36891,30.743012383539728,1.0,560,681,1241,0.0,0.0008333472224535399,1.000000000000001,0.0
36892,30.74384573076218,1.0,560,681,1241,0.0,0.0008333472224535399,1.000000000000001,0.0
36893,30.744679077984635,1.0,560,681,1241,0.0,0.0008333472224535399,1.000000000000001,0.0
36894,30.74551242520709,1.0,560,681,1241,0.0,0.0008333472224535399,1.000000000000001,0.0
36895,30.746345772429542,1.0,560,681,1241,0.0,0.0008333472224535399,1.000000000000001,0.0
36896,30.747179119651996,1.0,560,681,1241,0.0,0.0008333472224535399,1.000000000000001,0.0
36897,30.74801246687445,1.0,560,681,1241,0.0,0.0008333472224535399,1.000000000000001,0.0
36898,30.748845814096903,0.9991941982272361,560,681,1241,-0.0008058017727639033,0.0008333472224535399,0.9999194198227247,-8.058017727639034e-05
36899,30.749679161319357,0.9991941982272361,560,681,1241,0.0,0.0008333472224535399,0.9998388396454484,-8.058017727639034e-05
36900,30.75051250854181,0.9991941982272361,560,681,1241,0.0,0.0008333472224535399,0.999758259468172,-8.058017727639034e-05
36901,30.751345855764264,0.9991941982272361,560,681,1241,0.0,0.0008333472224535399,0.9996776792908957,-8.058017727639034e-05
36902,30.752179202986717,0.9991941982272361,560,681,1241,0.0,0.0008333472224535399,0.9995970991136194,-8.058017727639034e-05
36903,30.75301255020917,0.9991941982272361,560,681,1241,0.0,0.0008333472224535399,0.999516518936343,-8.058017727639034e-05
36904,30.753845897431624,0.9991941982272361,560,681,1241,0.0,0.0008333472224535399,0.9994359387590667,-8.058017727639034e-05
36905,30.754679244654078,0.9991941982272361,560,681,1241,0.0,0.0008333472224535399,0.9993553585817903,-8.058017727639034e-05
36906,30.75551259187653,0.9991941982272361,560,681,1241,0.0,0.0008333472224535399,0.999274778404514,-8.058017727639034e-05
36907,30.756345939098985,0.9991941982272361,560,681,1241,0.0,0.0008333472224535399,0.9991941982272377,-8.058017727639034e-05
36908,30.75717928632144,1.0,560,681,1241,0.0008058017727639033,0.0008333472224535399,0.999274778404514,8.058017727639034e-05
36909,30.758012633543892,1.0,560,681,1241,0.0,0.0008333472224535399,0.9993553585817903,8.058017727639034e-05
36910,30.75884598076635,1.0,560,681,1241,0.0,0.0008333472224570926,0.9994359387590667,8.058017727639034e-05
36911,30.759679327988803,1.0,560,681,1241,0.0,0.0008333472224535399,0.999516518936343,8.058017727639034e-05
36912,30.760512675211256,1.0,560,681,1241,0.0,0.0008333472224535399,0.9995970991136194,8.058017727639034e-05
36913,30.76134602243371,1.0,560,681,1241,0.0,0.0008333472224535399,0.9996776792908957,8.058017727639034e-05
36914,30.762179369656163,1.0,560,681,1241,0.0,0.0008333472224535399,0.999758259468172,8.058017727639034e-05
36915,30.763012716878617,1.0,560,681,1241,0.0,0.0008333472224535399,0.9998388396454484,8.058017727639034e-05
36916,30.76384606410107,1.0,560,681,1241,0.0,0.0008333472224535399,0.9999194198227247,8.058017727639034e-05
36917,30.764679411323524,1.0,560,681,1241,0.0,0.0008333472224535399,1.000000000000001,8.058017727639034e-05
36918,30.765512758545977,1.0,560,681,1241,0.0,0.0008333472224535399,1.000000000000001,0.0
36919,30.76634610576843,1.0,560,681,1241,0.0,0.0008333472224535399,1.000000000000001,0.0
36920,30.767179452990884,1.0,560,681,1241,0.0,0.0008333472224535399,1.000000000000001,0.0
36921,30.768012800213338,1.0,560,681,1241,0.0,0.0008333472224535399,1.000000000000001,0.0
36922,30.76884614743579,1.0,560,681,1241,0.0,0.0008333472224535399,1.000000000000001,0.0
36923,30.769679494658245,1.0,560,681,1241,0.0,0.0008333472224535399,1.000000000000001,0.0
36924,30.7705128418807,1.0,560,681,1241,0.0,0.0008333472224535399,1.000000000000001,0.0
36925,30.771346189103152,1.0,560,681,1241,0.0,0.0008333472224535399,1.000000000000001,0.0
36926,30.772179536325606,1.0,560,681,1241,0.0,0.0008333472224535399,1.000000000000001,0.0
36927,30.77301288354806,0.9991941982272361,560,681,1241,-0.0008058017727639033,0.0008333472224535399,0.9999194198227247,-8.058017727639034e-05
36928,30.773846230770513,1.0,560,681,1241,0.0008058017727639033,0.0008333472224535399,0.9999194198227247,0.0
36929,30.774679577992966,1.0,560,681,1241,0.0,0.0008333472224535399,0.9999194198227247,0.0
36930,30.77551292521542,1.0,560,681,1241,0.0,0.0008333472224535399,0.9999194198227247,0.0
36931,30.776346272437877,1.0,560,681,1241,0.0,0.0008333472224570926,0.9999194198227247,0.0
36932,30.77717961966033,1.0,560,681,1241,0.0,0.0008333472224535399,0.9999194198227247,0.0
36933,30.778012966882784,1.0,560,681,1241,0.0,0.0008333472224535399,0.9999194198227247,0.0
36934,30.778846314105238,1.0,560,681,1241,0.0,0.0008333472224535399,0.9999194198227247,0.0
36935,30.77967966132769,1.0,560,681,1241,0.0,0.0008333472224535399,0.9999194198227247,0.0
36936,30.780513008550145,1.0,560,681,1241,0.0,0.0008333472224535399,0.9999194198227247,0.0
36937,30.781346355772598,1.0,560,681,1241,0.0,0.0008333472224535399,1.000000000000001,8.058017727639034e-05
36938,30.78217970299505,1.0,560,681,1241,0.0,0.0008333472224535399,1.000000000000001,0.0
36939,30.783013050217505,1.0,560,681,1241,0.0,0.0008333472224535399,1.000000000000001,0.0
36940,30.78384639743996,1.0,560,681,1241,0.0,0.0008333472224535399,1.000000000000001,0.0
36941,30.784679744662412,1.0,560,681,1241,0.0,0.0008333472224535399,1.000000000000001,0.0
36942,30.785513091884866,1.0,560,681,1241,0.0,0.0008333472224535399,1.000000000000001,0.0
36943,30.78634643910732,1.0,560,681,1241,0.0,0.0008333472224535399,1.000000000000001,0.0
36944,30.787179786329773,1.0,560,681,1241,0.0,0.0008333472224535399,1.000000000000001,0.0
36945,30.788013133552226,1.0,560,681,1241,0.0,0.0008333472224535399,1.000000000000001,0.0
36946,30.78884648077468,1.0,560,681,1241,0.0,0.0008333472224535399,1.000000000000001,0.0
36947,30.789679827997134,1.0,560,681,1241,0.0,0.0008333472224535399,1.000000000000001,0.0
36948,30.790513175219587,1.0,560,681,1241,0.0,0.0008333472224535399,1.000000000000001,0.0
36949,30.79134652244204,1.0,560,681,1241,0.0,0.0008333472224535399,1.000000000000001,0.0
36950,30.792179869664494,1.0,560,681,1241,0.0,0.0008333472224535399,1.000000000000001,0.0
36951,30.793013216886948,1.0,560,681,1241,0.0,0.0008333472224535399,1.000000000000001,0.0
36952,30.793846564109405,1.0,560,681,1241,0.0,0.0008333472224570926,1.000000000000001,0.0
36953,30.79467991133186,1.0,560,681,1241,0.0,0.0008333472224535399,1.000000000000001,0.0
36954,30.795513258554312,1.0,560,681,1241,0.0,0.0008333472224535399,1.000000000000001,0.0
36955,30.796346605776765,1.0,560,681,1241,0.0,0.0008333472224535399,1.000000000000001,0.0
36956,30.79717995299922,1.0,560,681,1241,0.0,0.0008333472224535399,1.000000000000001,0.0
36957,30.798013300221672,1.0,560,681,1241,0.0,0.0008333472224535399,1.000000000000001,0.0
36958,30.798846647444126,1.0,560,681,1241,0.0,0.0008333472224535399,1.000000000000001,0.0
36959,30.79967999466658,0.9991941982272361,560,681,1241,-0.0008058017727639033,0.0008333472224535399,0.9999194198227247,-8.058017727639034e-05
36960,30.800513341889033,1.0,560,681,1241,0.0008058017727639033,0.0008333472224535399,0.9999194198227247,0.0
36961,30.801346689111487,1.0,560,681,1241,0.0,0.0008333472224535399,0.9999194198227247,0.0
36962,30.80218003633394,1.0,560,681,1241,0.0,0.0008333472224535399,0.9999194198227247,0.0
36963,30.803013383556394,1.0,560,681,1241,0.0,0.0008333472224535399,0.9999194198227247,0.0
36964,30.803846730778847,1.0,560,681,1241,0.0,0.0008333472224535399,0.9999194198227247,0.0
36965,30.8046800780013,0.9991941982272361,560,681,1241,-0.0008058017727639033,0.0008333472224535399,0.9998388396454484,-8.058017727639034e-05
36966,30.805513425223754,0.9991941982272361,560,681,1241,0.0,0.0008333472224535399,0.999758259468172,-8.058017727639034e-05
36967,30.806346772446208,1.0,560,681,1241,0.0008058017727639033,0.0008333472224535399,0.999758259468172,0.0
36968,30.80718011966866,1.0,560,681,1241,0.0,0.0008333472224535399,0.999758259468172,0.0
36969,30.808013466891115,1.0,560,681,1241,0.0,0.0008333472224535399,0.9998388396454484,8.058017727639034e-05
36970,30.80884681411357,1.0,560,681,1241,0.0,0.0008333472224535399,0.9998388396454484,0.0
36971,30.809680161336022,1.0,560,681,1241,0.0,0.0008333472224535399,0.9998388396454484,0.0
36972,30.810513508558476,1.0,560,681,1241,0.0,0.0008333472224535399,0.9998388396454484,0.0
36973,30.811346855780933,1.0,560,681,1241,0.0,0.0008333472224570926,0.9998388396454484,0.0
36974,30.812180203003386,1.0,560,681,1241,0.0,0.0008333472224535399,0.9998388396454484,0.0
36975,30.81301355022584,1.0,560,681,1241,0.0,0.0008333472224535399,0.9999194198227247,8.058017727639034e-05
36976,30.813846897448293,1.0,560,681,1241,0.0,0.0008333472224535399,1.000000000000001,8.058017727639034e-05
36977,30.814680244670747,1.0,560,681,1241,0.0,0.0008333472224535399,1.000000000000001,0.0
36978,30.8155135918932,1.0,560,681,1241,0.0,0.0008333472224535399,1.000000000000001,0.0
36979,30.816346939115654,0.9991941982272361,560,681,1241,-0.0008058017727639033,0.0008333472224535399,0.9999194198227247,-8.058017727639034e-05
36980,30.817180286338107,0.9991941982272361,560,681,1241,0.0,0.0008333472224535399,0.9998388396454484,-8.058017727639034e-05
36981,30.81801363356056,0.9991941982272361,560,681,1241,0.0,0.0008333472224535399,0.999758259468172,-8.058017727639034e-05
36982,30.818846980783015,0.9991941982272361,560,681,1241,0.0,0.0008333472224535399,0.9996776792908957,-8.058017727639034e-05
36983,30.819680328005468,0.9991941982272361,560,681,1241,0.0,0.0008333472224535399,0.9995970991136194,-8.058017727639034e-05
36984,30.82051367522792,1.0,560,681,1241,0.0008058017727639033,0.0008333472224535399,0.9995970991136194,0.0
36985,30.821347022450375,1.0,560,681,1241,0.0,0.0008333472224535399,0.9995970991136194,0.0
36986,30.82218036967283,1.0,560,681,1241,0.0,0.0008333472224535399,0.9995970991136194,0.0
36987,30.823013716895282,1.0,560,681,1241,0.0,0.0008333472224535399,0.9995970991136194,0.0
36988,30.823847064117736,1.0,560,681,1241,0.0,0.0008333472224535399,0.9995970991136194,0.0
36989,30.82468041134019,1.0,560,681,1241,0.0,0.0008333472224535399,0.9996776792908957,8.058017727639034e-05
36990,30.825513758562643,1.0,560,681,1241,0.0,0.0008333472224535399,0.999758259468172,8.058017727639034e-05
36991,30.826347105785096,1.0,560,681,1241,0.0,0.0008333472224535399,0.9998388396454484,8.058017727639034e-05
36992,30.82718045300755,1.0,560,681,1241,0.0,0.0008333472224535399,0.9999194198227247,8.058017727639034e-05
36993,30.828013800230003,1.0,560,681,1241,0.0,0.0008333472224535399,1.000000000000001,8.058017727639034e-05
36994,30.82884714745246,1.0,560,681,1241,0.0,0.0008333472224570926,1.000000000000001,0.0
36995,30.829680494674914,1.0,560,681,1241,0.0,0.0008333472224535399,1.000000000000001,0.0
36996,30.830513841897368,1.0,560,681,1241,0.0,0.0008333472224535399,1.000000000000001,0.0
36997,30.83134718911982,1.0,560,681,1241,0.0,0.0008333472224535399,1.000000000000001,0.0
36998,30.832180536342275,1.0,560,681,1241,0.0,0.0008333472224535399,1.000000000000001,0.0
36999,30.83301388356473,1.0,560,681,1241,0.0,0.0008333472224535399,1.000000000000001,0.0
37000,30.833847230787182,1.0,560,681,1241,0.0,0.0008333472224535399,1.000000000000001,0.0
37001,30.834680578009635,0.9991941982272361,560,681,1241,-0.0008058017727639033,0.0008333472224535399,0.9999194198227247,-8.058017727639034e-05
37002,30.83551392523209,0.9991941982272361,560,681,1241,0.0,0.0008333472224535399,0.9998388396454484,-8.058017727639034e-05
37003,30.836347272454542,0.9991941982272361,560,681,1241,0.0,0.0008333472224535399,0.999758259468172,-8.058017727639034e-05
37004,30.837180619676996,0.9991941982272361,560,681,1241,0.0,0.0008333472224535399,0.9996776792908957,-8.058017727639034e-05
37005,30.83801396689945,1.0,560,681,1241,0.0008058017727639033,0.0008333472224535399,0.9996776792908957,0.0
37006,30.838847314121903,0.9991941982272361,560,681,1241,-0.0008058017727639033,0.0008333472224535399,0.9995970991136194,-8.058017727639034e-05
37007,30.839680661344357,0.9991941982272361,560,681,1241,0.0,0.0008333472224535399,0.999516518936343,-8.058017727639034e-05
37008,30.84051400856681,0.9991941982272361,560,681,1241,0.0,0.0008333472224535399,0.9994359387590667,-8.058017727639034e-05
37009,30.841347355789264,0.9991941982272361,560,681,1241,0.0,0.0008333472224535399,0.9993553585817903,-8.058017727639034e-05
37010,30.842180703011717,0.9991941982272361,560,681,1241,0.0,0.0008333472224535399,0.999274778404514,-8.058017727639034e-05
37011,30.84301405023417,1.0,560,681,1241,0.0008058017727639033,0.0008333472224535399,0.9993553585817903,8.058017727639034e-05
37012,30.843847397456624,1.0,560,681,1241,0.0,0.0008333472224535399,0.9994359387590667,8.058017727639034e-05
37013,30.844680744679078,0.9991941982272361,560,681,1241,-0.0008058017727639033,0.0008333472224535399,0.9994359387590667,0.0
37014,30.84551409190153,0.9991941982272361,560,681,1241,0.0,0.0008333472224535399,0.9994359387590667,0.0
37015,30.84634743912399,0.9991941982272361,560,681,1241,0.0,0.0008333472224570926,0.9993553585817903,-8.058017727639034e-05
37016,30.847180786346442,0.9991941982272361,560,681,1241,0.0,0.0008333472224535399,0.9993553585817903,0.0
37017,30.848014133568896,0.9991941982272361,560,681,1241,0.0,0.0008333472224535399,0.9993553585817903,0.0
37018,30.84884748079135,0.9983883964544722,560,681,1241,-0.0008058017727639033,0.0008333472224535399,0.999274778404514,-8.058017727639034e-05
37019,30.849680828013803,0.9991941982272361,560,681,1241,0.0008058017727639033,0.0008333472224535399,0.999274778404514,0.0
37020,30.850514175236256,0.9991941982272361,560,681,1241,0.0,0.0008333472224535399,0.999274778404514,0.0
37021,30.85134752245871,0.9991941982272361,560,681,1241,0.0,0.0008333472224535399,0.9991941982272377,-8.058017727639034e-05
37022,30.852180869681163,0.9991941982272361,560,681,1241,0.0,0.0008333472224535399,0.9991136180499612,-8.058017727639034e-05
37023,30.853014216903617,0.9983883964544722,560,681,1241,-0.0008058017727639033,0.0008333472224535399,0.9990330378726849,-8.058017727639034e-05
37024,30.85384756412607,0.9975825946817083,560,681,1241,-0.0008058017727639033,0.0008333472224535399,0.998871877518132,-0.00016116035455278067
37025,30.854680911348524,0.9975825946817083,560,681,1241,0.0,0.0008333472224535399,0.9987107171635792,-0.00016116035455278067
37026,30.855514258570977,0.9975825946817083,560,681,1241,0.0,0.0008333472224535399,0.9985495568090264,-0.00016116035455278067
37027,30.85634760579343,0.9983883964544722,560,681,1241,0.0008058017727639033,0.0008333472224535399,0.9984689766317498,-8.058017727639034e-05
37028,30.857180953015884,0.9991941982272361,560,681,1241,0.0008058017727639033,0.0008333472224535399,0.9985495568090261,8.058017727639034e-05
37029,30.858014300238338,0.9991941982272361,560,681,1241,0.0,0.0008333472224535399,0.9985495568090261,0.0
37030,30.85884764746079,0.9991941982272361,560,681,1241,0.0,0.0008333472224535399,0.9985495568090261,0.0
37031,30.859680994683245,0.9991941982272361,560,681,1241,0.0,0.0008333472224535399,0.9985495568090261,0.0
37032,30.8605143419057,1.0,560,681,1241,0.0008058017727639033,0.0008333472224535399,0.9986301369863024,8.058017727639034e-05
37033,30.861347689128152,1.0,560,681,1241,0.0,0.0008333472224535399,0.9987912973408551,0.00016116035455278067
37034,30.862181036350606,1.0,560,681,1241,0.0,0.0008333472224535399,0.9990330378726844,0.00024174053182917098
37035,30.86301438357306,1.0,560,681,1241,0.0,0.0008333472224535399,0.9992747784045136,0.00024174053182917098
37036,30.863847730795513,1.0,560,681,1241,0.0,0.0008333472224535399,0.9995165189363429,0.00024174053182917098
37037,30.86468107801797,0.9991941982272361,560,681,1241,-0.0008058017727639033,0.0008333472224570926,0.9995970991136194,8.058017727639034e-05
37038,30.865514425240423,0.9991941982272361,560,681,1241,0.0,0.0008333472224535399,0.9995970991136194,0.0
37039,30.866347772462877,1.0,560,681,1241,0.0008058017727639033,0.0008333472224535399,0.9996776792908957,8.058017727639034e-05
37040,30.86718111968533,0.9991941982272361,560,681,1241,-0.0008058017727639033,0.0008333472224535399,0.9996776792908957,0.0
37041,30.868014466907784,0.9991941982272361,560,681,1241,0.0,0.0008333472224535399,0.9996776792908957,0.0
37042,30.868847814130238,1.0,560,681,1241,0.0008058017727639033,0.0008333472224535399,0.9996776792908957,0.0
37043,30.86968116135269,1.0,560,681,1241,0.0,0.0008333472224535399,0.9996776792908957,0.0
37044,30.870514508575145,1.0,560,681,1241,0.0,0.0008333472224535399,0.9996776792908957,0.0
37045,30.871347855797598,1.0,560,681,1241,0.0,0.0008333472224535399,0.9996776792908957,0.0
37046,30.87218120302005,1.0,560,681,1241,0.0,0.0008333472224535399,0.9996776792908957,0.0
37047,30.873014550242505,1.0,560,681,1241,0.0,0.0008333472224535399,0.999758259468172,8.058017727639034e-05
37048,30.87384789746496,1.0,560,681,1241,0.0,0.0008333472224535399,0.9998388396454484,8.058017727639034e-05
37049,30.874681244687412,1.0,560,681,1241,0.0,0.0008333472224535399,0.9998388396454484,0.0
37050,30.875514591909866,1.0,560,681,1241,0.0,0.0008333472224535399,0.9999194198227247,8.058017727639034e-05
37051,30.87634793913232,1.0,560,681,1241,0.0,0.0008333472224535399,1.000000000000001,8.058017727639034e-05
37052,30.877181286354773,1.0,560,681,1241,0.0,0.0008333472224535399,1.000000000000001,0.0
37053,30.878014633577227,1.0,560,681,1241,0.0,0.0008333472224535399,1.000000000000001,0.0
37054,30.87884798079968,1.0,560,681,1241,0.0,0.0008333472224535399,1.000000000000001,0.0
37055,30.879681328022134,1.0,560,681,1241,0.0,0.0008333472224535399,1.000000000000001,0.0
37056,30.880514675244587,0.9991941982272361,560,681,1241,-0.0008058017727639033,0.0008333472224535399,0.9999194198227247,-8.058017727639034e-05
37057,30.88134802246704,0.9991941982272361,560,681,1241,0.0,0.0008333472224535399,0.9998388396454484,-8.058017727639034e-05
37058,30.882181369689498,0.9983883964544722,560,681,1241,-0.0008058017727639033,0.0008333472224570926,0.9996776792908957,-0.00016116035455278067
37059,30.88301471691195,1.0,560,681,1241,0.0016116035455278066,0.0008333472224535399,0.9996776792908957,0.0
37060,30.883848064134405,1.0,560,681,1241,0.0,0.0008333472224535399,0.9996776792908957,0.0
37061,30.88468141135686,1.0,560,681,1241,0.0,0.0008333472224535399,0.9996776792908957,0.0
37062,30.885514758579312,0.9991941982272361,560,681,1241,-0.0008058017727639033,0.0008333472224535399,0.9995970991136194,-8.058017727639034e-05
37063,30.886348105801765,0.9983883964544722,560,681,1241,-0.0008058017727639033,0.0008333472224535399,0.9994359387590667,-0.00016116035455278067
37064,30.88718145302422,0.9991941982272361,560,681,1241,0.0008058017727639033,0.0008333472224535399,0.9993553585817903,-8.058017727639034e-05
37065,30.888014800246673,0.9991941982272361,560,681,1241,0.0,0.0008333472224535399,0.999274778404514,-8.058017727639034e-05
37066,30.888848147469126,1.0,560,681,1241,0.0008058017727639033,0.0008333472224535399,0.9993553585817903,8.058017727639034e-05
37067,30.88968149469158,1.0,560,681,1241,0.0,0.0008333472224535399,0.9994359387590667,8.058017727639034e-05
37068,30.890514841914033,1.0,560,681,1241,0.0,0.0008333472224535399,0.9995970991136194,0.00016116035455278067
37069,30.891348189136487,1.0,560,681,1241,0.0,0.0008333472224535399,0.9995970991136194,0.0
37070,30.89218153635894,1.0,560,681,1241,0.0,0.0008333472224535399,0.9995970991136194,0.0
37071,30.893014883581394,0.9991941982272361,560,681,1241,-0.0008058017727639033,0.0008333472224535399,0.999516518936343,-8.058017727639034e-05
37072,30.893848230803847,0.9991941982272361,560,681,1241,0.0,0.0008333472224535399,0.999516518936343,0.0
37073,30.8946815780263,0.9991941982272361,560,681,1241,0.0,0.0008333472224535399,0.9995970991136194,8.058017727639034e-05
37074,30.895514925248754,0.9991941982272361,560,681,1241,0.0,0.0008333472224535399,0.9995970991136194,0.0
37075,30.896348272471208,0.9991941982272361,560,681,1241,0.0,0.0008333472224535399,0.9995970991136194,0.0
37076,30.89718161969366,0.9991941982272361,560,681,1241,0.0,0.0008333472224535399,0.999516518936343,-8.058017727639034e-05
37077,30.898014966916115,0.9991941982272361,560,681,1241,0.0,0.0008333472224535399,0.9994359387590667,-8.058017727639034e-05
37078,30.89884831413857,0.9991941982272361,560,681,1241,0.0,0.0008333472224535399,0.9993553585817903,-8.058017727639034e-05
37079,30.899681661361026,0.9983883964544722,560,681,1241,-0.0008058017727639033,0.0008333472224570926,0.9991941982272377,-0.00016116035455278067
37080,30.90051500858348,0.9991941982272361,560,681,1241,0.0008058017727639033,0.0008333472224535399,0.9991136180499612,-8.058017727639034e-05
37081,30.901348355805933,0.9991941982272361,560,681,1241,0.0,0.0008333472224535399,0.9991136180499612,0.0
37082,30.902181703028386,0.9991941982272361,560,681,1241,0.0,0.0008333472224535399,0.9991136180499612,0.0
37083,30.90301505025084,0.9983883964544722,560,681,1241,-0.0008058017727639033,0.0008333472224535399,0.9990330378726849,-8.058017727639034e-05
37084,30.903848397473293,0.9983883964544722,560,681,1241,0.0,0.0008333472224535399,0.9989524576954085,-8.058017727639034e-05
37085,30.904681744695747,1.0,560,681,1241,0.0016116035455278066,0.0008333472224535399,0.9990330378726849,8.058017727639034e-05
37086,30.9055150919182,1.0,560,681,1241,0.0,0.0008333472224535399,0.9991136180499612,8.058017727639034e-05
37087,30.906348439140654,1.0,560,681,1241,0.0,0.0008333472224535399,0.9991941982272377,8.058017727639034e-05
37088,30.907181786363108,1.0,560,681,1241,0.0,0.0008333472224535399,0.999274778404514,8.058017727639034e-05
37089,30.90801513358556,1.0,560,681,1241,0.0,0.0008333472224535399,0.9994359387590667,0.00016116035455278067
37090,30.908848480808015,1.0,560,681,1241,0.0,0.0008333472224535399,0.999516518936343,8.058017727639034e-05
37091,30.909681828030468,1.0,560,681,1241,0.0,0.0008333472224535399,0.9995970991136194,8.058017727639034e-05
37092,30.91051517525292,0.9991941982272361,560,681,1241,-0.0008058017727639033,0.0008333472224535399,0.9995970991136194,0.0
37093,30.911348522475375,0.9991941982272361,560,681,1241,0.0,0.0008333472224535399,0.9996776792908957,8.058017727639034e-05
37094,30.91218186969783,0.9991941982272361,560,681,1241,0.0,0.0008333472224535399,0.999758259468172,8.058017727639034e-05
37095,30.913015216920282,1.0,560,681,1241,0.0008058017727639033,0.0008333472224535399,0.999758259468172,0.0
37096,30.913848564142736,1.0,560,681,1241,0.0,0.0008333472224535399,0.999758259468172,0.0
37097,30.91468191136519,1.0,560,681,1241,0.0,0.0008333472224535399,0.999758259468172,0.0
37098,30.915515258587643,1.0,560,681,1241,0.0,0.0008333472224535399,0.999758259468172,0.0
37099,30.916348605810096,1.0,560,681,1241,0.0,0.0008333472224535399,0.999758259468172,0.0
37100,30.917181953032554,1.0,560,681,1241,0.0,0.0008333472224570926,0.999758259468172,0.0
37101,30.918015300255007,1.0,560,681,1241,0.0,0.0008333472224535399,0.999758259468172,0.0
37102,30.91884864747746,1.0,560,681,1241,0.0,0.0008333472224535399,0.9998388396454484,8.058017727639034e-05
37103,30.919681994699914,1.0,560,681,1241,0.0,0.0008333472224535399,0.9999194198227247,8.058017727639034e-05
37104,30.920515341922368,1.0,560,681,1241,0.0,0.0008333472224535399,1.000000000000001,8.058017727639034e-05
37105,30.92134868914482,1.0,560,681,1241,0.0,0.0008333472224535399,1.000000000000001,0.0
37106,30.922182036367275,1.0,560,681,1241,0.0,0.0008333472224535399,1.000000000000001,0.0
37107,30.92301538358973,1.0,560,681,1241,0.0,0.0008333472224535399,1.000000000000001,0.0
37108,30.923848730812182,1.0,560,681,1241,0.0,0.0008333472224535399,1.000000000000001,0.0
37109,30.924682078034635,1.0,560,681,1241,0.0,0.0008333472224535399,1.000000000000001,0.0
37110,30.92551542525709,1.0,560,681,1241,0.0,0.0008333472224535399,1.000000000000001,0.0
37111,30.926348772479543,1.0,560,681,1241,0.0,0.0008333472224535399,1.000000000000001,0.0
37112,30.927182119701996,0.9991941982272361,560,681,1241,-0.0008058017727639033,0.0008333472224535399,0.9999194198227247,-8.058017727639034e-05
37113,30.92801546692445,1.0,560,681,1241,0.0008058017727639033,0.0008333472224535399,0.9999194198227247,0.0
37114,30.928848814146903,1.0,560,681,1241,0.0,0.0008333472224535399,0.9999194198227247,0.0
37115,30.929682161369357,1.0,560,681,1241,0.0,0.0008333472224535399,0.9999194198227247,0.0
37116,30.93051550859181,1.0,560,681,1241,0.0,0.0008333472224535399,0.9999194198227247,0.0
37117,30.931348855814264,1.0,560,681,1241,0.0,0.0008333472224535399,0.9999194198227247,0.0
37118,30.932182203036717,1.0,560,681,1241,0.0,0.0008333472224535399,0.9999194198227247,0.0
37119,30.93301555025917,1.0,560,681,1241,0.0,0.0008333472224535399,0.9999194198227247,0.0
37120,30.933848897481624,1.0,560,681,1241,0.0,0.0008333472224535399,0.9999194198227247,0.0
37121,30.93468224470408,1.0,560,681,1241,0.0,0.0008333472224570926,0.9999194198227247,0.0
37122,30.935515591926535,1.0,560,681,1241,0.0,0.0008333472224535399,1.000000000000001,8.058017727639034e-05
37123,30.93634893914899,0.9991941982272361,560,681,1241,-0.0008058017727639033,0.0008333472224535399,0.9999194198227247,-8.058017727639034e-05
37124,30.937182286371442,0.9991941982272361,560,681,1241,0.0,0.0008333472224535399,0.9998388396454484,-8.058017727639034e-05
37125,30.938015633593896,0.9983883964544722,560,681,1241,-0.0008058017727639033,0.0008333472224535399,0.9996776792908957,-0.00016116035455278067
37126,30.93884898081635,0.9983883964544722,560,681,1241,0.0,0.0008333472224535399,0.999516518936343,-0.00016116035455278067
37127,30.939682328038803,0.9983883964544722,560,681,1241,0.0,0.0008333472224535399,0.9993553585817903,-0.00016116035455278067
37128,30.940515675261256,0.9983883964544722,560,681,1241,0.0,0.0008333472224535399,0.9991941982272377,-0.00016116035455278067
37129,30.94134902248371,0.9983883964544722,560,681,1241,0.0,0.0008333472224535399,0.9990330378726849,-0.00016116035455278067
37130,30.942182369706163,0.9983883964544722,560,681,1241,0.0,0.0008333472224535399,0.9988718775181322,-0.00016116035455278067
37131,30.943015716928617,0.9983883964544722,560,681,1241,0.0,0.0008333472224535399,0.9987107171635795,-0.00016116035455278067
37132,30.94384906415107,0.9983883964544722,560,681,1241,0.0,0.0008333472224535399,0.9985495568090268,-0.00016116035455278067
37133,30.944682411373524,0.9975825946817083,560,681,1241,-0.0008058017727639033,0.0008333472224535399,0.998388396454474,-0.00016116035455278067
37134,30.945515758595977,0.9983883964544722,560,681,1241,0.0008058017727639033,0.0008333472224535399,0.9983078162771974,-8.058017727639034e-05
37135,30.94634910581843,0.9983883964544722,560,681,1241,0.0,0.0008333472224535399,0.9983078162771974,0.0
37136,30.947182453040885,0.9983883964544722,560,681,1241,0.0,0.0008333472224535399,0.9983078162771974,0.0
37137,30.948015800263338,0.9983883964544722,560,681,1241,0.0,0.0008333472224535399,0.9983078162771974,0.0
37138,30.94884914748579,0.9991941982272361,560,681,1241,0.0008058017727639033,0.0008333472224535399,0.9983883964544737,8.058017727639034e-05
37139,30.949682494708245,0.9991941982272361,560,681,1241,0.0,0.0008333472224535399,0.9984689766317502,8.058017727639034e-05
37140,30.9505158419307,0.9991941982272361,560,681,1241,0.0,0.0008333472224535399,0.9985495568090265,8.058017727639034e-05
37141,30.951349189153152,0.9991941982272361,560,681,1241,0.0,0.0008333472224535399,0.9986301369863029,8.058017727639034e-05
37142,30.952182536375606,0.9991941982272361,560,681,1241,0.0,0.0008333472224535399,0.9987107171635792,8.058017727639034e-05
37143,30.953015883598063,0.9991941982272361,560,681,1241,0.0,0.0008333472224570926,0.998871877518132,0.00016116035455278067
37144,30.953849230820516,0.9991941982272361,560,681,1241,0.0,0.0008333472224535399,0.9989524576954085,8.058017727639034e-05
37145,30.95468257804297,0.9991941982272361,560,681,1241,0.0,0.0008333472224535399,0.9990330378726849,8.058017727639034e-05
37146,30.955515925265424,0.9983883964544722,560,681,1241,-0.0008058017727639033,0.0008333472224535399,0.9990330378726849,0.0
37147,30.956349272487877,0.9983883964544722,560,681,1241,0.0,0.0008333472224535399,0.9990330378726849,0.0
37148,30.95718261971033,0.9983883964544722,560,681,1241,0.0,0.0008333472224535399,0.9989524576954085,-8.058017727639034e-05
37149,30.958015966932784,0.9983883964544722,560,681,1241,0.0,0.0008333472224535399,0.9988718775181322,-8.058017727639034e-05
37150,30.958849314155238,0.9983883964544722,560,681,1241,0.0,0.0008333472224535399,0.9987912973408559,-8.058017727639034e-05
37151,30.95968266137769,0.9975825946817083,560,681,1241,-0.0008058017727639033,0.0008333472224535399,0.998630136986303,-0.00016116035455278067
37152,30.960516008600145,0.9975825946817083,560,681,1241,0.0,0.0008333472224535399,0.9984689766317502,-0.00016116035455278067
37153,30.9613493558226,0.9975825946817083,560,681,1241,0.0,0.0008333472224535399,0.9983078162771972,-0.00016116035455278067
37154,30.962182703045052,0.9983883964544722,560,681,1241,0.0008058017727639033,0.0008333472224535399,0.9982272360999207,-8.058017727639034e-05
37155,30.963016050267505,0.9991941982272361,560,681,1241,0.0008058017727639033,0.0008333472224535399,0.9982272360999207,0.0
37156,30.96384939748996,1.0,560,681,1241,0.0008058017727639033,0.0008333472224535399,0.9983883964544734,0.00016116035455278067
37157,30.964682744712412,1.0,560,681,1241,0.0,0.0008333472224535399,0.9985495568090261,0.00016116035455278067
37158,30.965516091934866,1.0,560,681,1241,0.0,0.0008333472224535399,0.9987107171635788,0.00016116035455278067
37159,30.96634943915732,0.9991941982272361,560,681,1241,-0.0008058017727639033,0.0008333472224535399,0.9987912973408551,8.058017727639034e-05
37160,30.967182786379773,1.0,560,681,1241,0.0008058017727639033,0.0008333472224535399,0.9989524576954079,0.00016116035455278067
37161,30.968016133602227,1.0,560,681,1241,0.0,0.0008333472224535399,0.9991941982272371,0.00024174053182917098
37162,30.96884948082468,1.0,560,681,1241,0.0,0.0008333472224535399,0.9994359387590663,0.00024174053182917098
37163,30.969682828047134,1.0,560,681,1241,0.0,0.0008333472224535399,0.9996776792908955,0.00024174053182917098
37164,30.97051617526959,1.0,560,681,1241,0.0,0.0008333472224570926,0.9998388396454484,0.00016116035455278067
37165,30.971349522492044,1.0,560,681,1241,0.0,0.0008333472224535399,0.9999194198227247,8.058017727639034e-05
37166,30.972182869714498,1.0,560,681,1241,0.0,0.0008333472224535399,0.9999194198227247,0.0
37167,30.97301621693695,1.0,560,681,1241,0.0,0.0008333472224535399,0.9999194198227247,0.0
37168,30.973849564159405,1.0,560,681,1241,0.0,0.0008333472224535399,0.9999194198227247,0.0
37169,30.97468291138186,0.9991941982272361,560,681,1241,-0.0008058017727639033,0.0008333472224535399,0.9999194198227247,0.0
37170,30.975516258604312,0.9991941982272361,560,681,1241,0.0,0.0008333472224535399,0.9998388396454484,-8.058017727639034e-05
37171,30.976349605826766,0.9991941982272361,560,681,1241,0.0,0.0008333472224535399,0.999758259468172,-8.058017727639034e-05
37172,30.97718295304922,1.0,560,681,1241,0.0008058017727639033,0.0008333472224535399,0.999758259468172,0.0
37173,30.978016300271673,1.0,560,681,1241,0.0,0.0008333472224535399,0.999758259468172,0.0
37174,30.978849647494126,1.0,560,681,1241,0.0,0.0008333472224535399,0.999758259468172,0.0
37175,30.97968299471658,1.0,560,681,1241,0.0,0.0008333472224535399,0.999758259468172,0.0
37176,30.980516341939033,0.9991941982272361,560,681,1241,-0.0008058017727639033,0.0008333472224535399,0.9996776792908957,-8.058017727639034e-05
37177,30.981349689161487,1.0,560,681,1241,0.0008058017727639033,0.0008333472224535399,0.9996776792908957,0.0
37178,30.98218303638394,0.9991941982272361,560,681,1241,-0.0008058017727639033,0.0008333472224535399,0.9995970991136194,-8.058017727639034e-05
37179,30.983016383606394,0.9991941982272361,560,681,1241,0.0,0.0008333472224535399,0.9995970991136194,0.0
37180,30.983849730828847,0.9991941982272361,560,681,1241,0.0,0.0008333472224535399,0.9995970991136194,0.0
37181,30.9846830780513,1.0,560,681,1241,0.0008058017727639033,0.0008333472224535399,0.9996776792908957,8.058017727639034e-05
37182,30.985516425273754,1.0,560,681,1241,0.0,0.0008333472224535399,0.9996776792908957,0.0
37183,30.986349772496208,0.9991941982272361,560,681,1241,-0.0008058017727639033,0.0008333472224535399,0.9995970991136194,-8.058017727639034e-05
37184,30.98718311971866,0.9991941982272361,560,681,1241,0.0,0.0008333472224535399,0.999516518936343,-8.058017727639034e-05
37185,30.98801646694112,1.0,560,681,1241,0.0008058017727639033,0.0008333472224570926,0.999516518936343,0.0
37186,30.988849814163572,1.0,560,681,1241,0.0,0.0008333472224535399,0.9995970991136194,8.058017727639034e-05
37187,30.989683161386026,1.0,560,681,1241,0.0,0.0008333472224535399,0.9995970991136194,0.0
37188,30.99051650860848,1.0,560,681,1241,0.0,0.0008333472224535399,0.9996776792908957,8.058017727639034e-05
37189,30.991349855830933,1.0,560,681,1241,0.0,0.0008333472224535399,0.999758259468172,8.058017727639034e-05
37190,30.992183203053386,1.0,560,681,1241,0.0,0.0008333472224535399,0.9998388396454484,8.058017727639034e-05
37191,30.99301655027584,1.0,560,681,1241,0.0,0.0008333472224535399,0.9998388396454484,0.0
37192,30.993849897498293,1.0,560,681,1241,0.0,0.0008333472224535399,0.9998388396454484,0.0
37193,30.994683244720747,0.9991941982272361,560,681,1241,-0.0008058017727639033,0.0008333472224535399,0.9998388396454484,0.0
37194,30.9955165919432,0.9991941982272361,560,681,1241,0.0,0.0008333472224535399,0.9998388396454484,0.0
37195,30.996349939165654,1.0,560,681,1241,0.0008058017727639033,0.0008333472224535399,0.9998388396454484,0.0
37196,30.997183286388108,1.0,560,681,1241,0.0,0.0008333472224535399,0.9998388396454484,0.0
37197,30.99801663361056,1.0,560,681,1241,0.0,0.0008333472224535399,0.9998388396454484,0.0
37198,30.998849980833015,1.0,560,681,1241,0.0,0.0008333472224535399,0.9998388396454484,0.0
37199,30.999683328055468,1.0,560,681,1241,0.0,0.0008333472224535399,0.9998388396454484,0.0
37200,31.00051667527792,1.0,560,681,1241,0.0,0.0008333472224535399,0.9998388396454484,0.0
37201,31.001350022500375,1.0,560,681,1241,0.0,0.0008333472224535399,0.9998388396454484,0.0
37202,31.00218336972283,0.9991941982272361,560,681,1241,-0.0008058017727639033,0.0008333472224535399,0.999758259468172,-8.058017727639034e-05
37203,31.003016716945282,0.9991941982272361,560,681,1241,0.0,0.0008333472224535399,0.999758259468172,0.0
37204,31.003850064167736,1.0,560,681,1241,0.0008058017727639033,0.0008333472224535399,0.9998388396454484,8.058017727639034e-05
37205,31.00468341139019,1.0,560,681,1241,0.0,0.0008333472224535399,0.9998388396454484,0.0
37206,31.005516758612647,0.9991941982272361,560,681,1241,-0.0008058017727639033,0.0008333472224570926,0.999758259468172,-8.058017727639034e-05
37207,31.0063501058351,0.9991941982272361,560,681,1241,0.0,0.0008333472224535399,0.9996776792908957,-8.058017727639034e-05
37208,31.007183453057554,0.9991941982272361,560,681,1241,0.0,0.0008333472224535399,0.9995970991136194,-8.058017727639034e-05
37209,31.008016800280007,1.0,560,681,1241,0.0008058017727639033,0.0008333472224535399,0.9995970991136194,0.0
37210,31.00885014750246,1.0,560,681,1241,0.0,0.0008333472224535399,0.9995970991136194,0.0
37211,31.009683494724914,1.0,560,681,1241,0.0,0.0008333472224535399,0.9995970991136194,0.0
37212,31.010516841947368,1.0,560,681,1241,0.0,0.0008333472224535399,0.9996776792908957,8.058017727639034e-05
37213,31.01135018916982,0.9991941982272361,560,681,1241,-0.0008058017727639033,0.0008333472224535399,0.9996776792908957,0.0
37214,31.012183536392275,1.0,560,681,1241,0.0008058017727639033,0.0008333472224535399,0.9996776792908957,0.0
37215,31.01301688361473,1.0,560,681,1241,0.0,0.0008333472224535399,0.9996776792908957,0.0
37216,31.013850230837182,1.0,560,681,1241,0.0,0.0008333472224535399,0.999758259468172,8.058017727639034e-05
37217,31.014683578059635,1.0,560,681,1241,0.0,0.0008333472224535399,0.9998388396454484,8.058017727639034e-05
37218,31.01551692528209,1.0,560,681,1241,0.0,0.0008333472224535399,0.9999194198227247,8.058017727639034e-05
37219,31.016350272504543,1.0,560,681,1241,0.0,0.0008333472224535399,0.9999194198227247,0.0
37220,31.017183619726996,1.0,560,681,1241,0.0,0.0008333472224535399,0.9999194198227247,0.0
37221,31.01801696694945,0.9991941982272361,560,681,1241,-0.0008058017727639033,0.0008333472224535399,0.9998388396454484,-8.058017727639034e-05
37222,31.018850314171903,1.0,560,681,1241,0.0008058017727639033,0.0008333472224535399,0.9998388396454484,0.0
37223,31.019683661394357,1.0,560,681,1241,0.0,0.0008333472224535399,0.9999194198227247,8.058017727639034e-05
37224,31.02051700861681,1.0,560,681,1241,0.0,0.0008333472224535399,0.9999194198227247,0.0
37225,31.021350355839264,1.0,560,681,1241,0.0,0.0008333472224535399,0.9999194198227247,0.0
37226,31.022183703061717,1.0,560,681,1241,0.0,0.0008333472224535399,0.9999194198227247,0.0
37227,31.023017050284174,1.0,560,681,1241,0.0,0.0008333472224570926,0.9999194198227247,0.0
37228,31.023850397506628,1.0,560,681,1241,0.0,0.0008333472224535399,0.9999194198227247,0.0
37229,31.02468374472908,1.0,560,681,1241,0.0,0.0008333472224535399,0.9999194198227247,0.0
37230,31.025517091951535,1.0,560,681,1241,0.0,0.0008333472224535399,0.9999194198227247,0.0
37231,31.02635043917399,1.0,560,681,1241,0.0,0.0008333472224535399,1.000000000000001,8.058017727639034e-05
37232,31.027183786396442,1.0,560,681,1241,0.0,0.0008333472224535399,1.000000000000001,0.0
37233,31.028017133618896,1.0,560,681,1241,0.0,0.0008333472224535399,1.000000000000001,0.0
37234,31.02885048084135,1.0,560,681,1241,0.0,0.0008333472224535399,1.000000000000001,0.0
37235,31.029683828063803,1.0,560,681,1241,0.0,0.0008333472224535399,1.000000000000001,0.0
37236,31.030517175286256,1.0,560,681,1241,0.0,0.0008333472224535399,1.000000000000001,0.0
37237,31.03135052250871,1.0,560,681,1241,0.0,0.0008333472224535399,1.000000000000001,0.0
37238,31.032183869731163,1.0,560,681,1241,0.0,0.0008333472224535399,1.000000000000001,0.0
37239,31.033017216953617,1.0,560,681,1241,0.0,0.0008333472224535399,1.000000000000001,0.0
37240,31.03385056417607,1.0,560,681,1241,0.0,0.0008333472224535399,1.000000000000001,0.0
37241,31.034683911398524,1.0,560,681,1241,0.0,0.0008333472224535399,1.000000000000001,0.0
37242,31.035517258620978,1.0,560,681,1241,0.0,0.0008333472224535399,1.000000000000001,0.0
37243,31.03635060584343,1.0,560,681,1241,0.0,0.0008333472224535399,1.000000000000001,0.0
37244,31.037183953065885,1.0,560,681,1241,0.0,0.0008333472224535399,1.000000000000001,0.0
37245,31.038017300288338,0.9991941982272361,560,681,1241,-0.0008058017727639033,0.0008333472224535399,0.9999194198227247,-8.058017727639034e-05
37246,31.03885064751079,0.9991941982272361,560,681,1241,0.0,0.0008333472224535399,0.9998388396454484,-8.058017727639034e-05
37247,31.039683994733245,0.9991941982272361,560,681,1241,0.0,0.0008333472224535399,0.999758259468172,-8.058017727639034e-05
37248,31.040517341955702,0.9991941982272361,560,681,1241,0.0,0.0008333472224570926,0.9996776792908957,-8.058017727639034e-05
37249,31.041350689178156,1.0,560,681,1241,0.0008058017727639033,0.0008333472224535399,0.9996776792908957,0.0
37250,31.04218403640061,1.0,560,681,1241,0.0,0.0008333472224535399,0.9996776792908957,0.0
37251,31.043017383623063,1.0,560,681,1241,0.0,0.0008333472224535399,0.9996776792908957,0.0
37252,31.043850730845516,1.0,560,681,1241,0.0,0.0008333472224535399,0.9996776792908957,0.0
37253,31.04468407806797,1.0,560,681,1241,0.0,0.0008333472224535399,0.9996776792908957,0.0
37254,31.045517425290424,1.0,560,681,1241,0.0,0.0008333472224535399,0.9996776792908957,0.0
37255,31.046350772512877,1.0,560,681,1241,0.0,0.0008333472224535399,0.999758259468172,8.058017727639034e-05
37256,31.04718411973533,1.0,560,681,1241,0.0,0.0008333472224535399,0.9998388396454484,8.058017727639034e-05
37257,31.048017466957784,0.9991941982272361,560,681,1241,-0.0008058017727639033,0.0008333472224535399,0.9998388396454484,0.0
37258,31.048850814180238,1.0,560,681,1241,0.0008058017727639033,0.0008333472224535399,0.9999194198227247,8.058017727639034e-05
37259,31.04968416140269,1.0,560,681,1241,0.0,0.0008333472224535399,0.9999194198227247,0.0
37260,31.050517508625145,1.0,560,681,1241,0.0,0.0008333472224535399,0.9999194198227247,0.0
37261,31.0513508558476,1.0,560,681,1241,0.0,0.0008333472224535399,0.9999194198227247,0.0
37262,31.052184203070052,1.0,560,681,1241,0.0,0.0008333472224535399,0.9999194198227247,0.0
37263,31.053017550292505,1.0,560,681,1241,0.0,0.0008333472224535399,0.9999194198227247,0.0
37264,31.05385089751496,1.0,560,681,1241,0.0,0.0008333472224535399,0.9999194198227247,0.0
37265,31.054684244737413,1.0,560,681,1241,0.0,0.0008333472224535399,0.9999194198227247,0.0
37266,31.055517591959866,0.9991941982272361,560,681,1241,-0.0008058017727639033,0.0008333472224535399,0.9998388396454484,-8.058017727639034e-05
37267,31.05635093918232,0.9991941982272361,560,681,1241,0.0,0.0008333472224535399,0.9998388396454484,0.0
37268,31.057184286404773,1.0,560,681,1241,0.0008058017727639033,0.0008333472224535399,0.9998388396454484,0.0
37269,31.058017633627227,1.0,560,681,1241,0.0,0.0008333472224535399,0.9998388396454484,0.0
37270,31.058850980849684,0.9991941982272361,560,681,1241,-0.0008058017727639033,0.0008333472224570926,0.999758259468172,-8.058017727639034e-05
37271,31.059684328072137,0.9991941982272361,560,681,1241,0.0,0.0008333472224535399,0.9996776792908957,-8.058017727639034e-05
37272,31.06051767529459,0.9991941982272361,560,681,1241,0.0,0.0008333472224535399,0.9995970991136194,-8.058017727639034e-05
37273,31.061351022517044,0.9983883964544722,560,681,1241,-0.0008058017727639033,0.0008333472224535399,0.9994359387590667,-0.00016116035455278067
37274,31.062184369739498,0.9983883964544722,560,681,1241,0.0,0.0008333472224535399,0.999274778404514,-0.00016116035455278067
37275,31.06301771696195,0.9991941982272361,560,681,1241,0.0008058017727639033,0.0008333472224535399,0.9991941982272377,-8.058017727639034e-05
37276,31.063851064184405,0.9991941982272361,560,681,1241,0.0,0.0008333472224535399,0.9991941982272377,0.0
37277,31.06468441140686,0.9991941982272361,560,681,1241,0.0,0.0008333472224535399,0.9991941982272377,0.0
37278,31.065517758629312,0.9991941982272361,560,681,1241,0.0,0.0008333472224535399,0.9991136180499612,-8.058017727639034e-05
37279,31.066351105851766,0.9991941982272361,560,681,1241,0.0,0.0008333472224535399,0.9990330378726849,-8.058017727639034e-05
37280,31.06718445307422,1.0,560,681,1241,0.0008058017727639033,0.0008333472224535399,0.9991136180499612,8.058017727639034e-05
37281,31.068017800296673,1.0,560,681,1241,0.0,0.0008333472224535399,0.9991941982272377,8.058017727639034e-05
37282,31.068851147519126,1.0,560,681,1241,0.0,0.0008333472224535399,0.999274778404514,8.058017727639034e-05
37283,31.06968449474158,1.0,560,681,1241,0.0,0.0008333472224535399,0.9994359387590667,0.00016116035455278067
37284,31.070517841964033,1.0,560,681,1241,0.0,0.0008333472224535399,0.9995970991136194,0.00016116035455278067
37285,31.071351189186487,1.0,560,681,1241,0.0,0.0008333472224535399,0.9996776792908957,8.058017727639034e-05
37286,31.07218453640894,1.0,560,681,1241,0.0,0.0008333472224535399,0.999758259468172,8.058017727639034e-05
37287,31.073017883631394,1.0,560,681,1241,0.0,0.0008333472224535399,0.9998388396454484,8.058017727639034e-05
37288,31.073851230853847,1.0,560,681,1241,0.0,0.0008333472224535399,0.9999194198227247,8.058017727639034e-05
37289,31.0746845780763,1.0,560,681,1241,0.0,0.0008333472224535399,1.000000000000001,8.058017727639034e-05
37290,31.075517925298755,0.9991941982272361,560,681,1241,-0.0008058017727639033,0.0008333472224535399,0.9999194198227247,-8.058017727639034e-05
37291,31.07635127252121,0.9991941982272361,560,681,1241,0.0,0.0008333472224570926,0.9998388396454484,-8.058017727639034e-05
37292,31.077184619743665,1.0,560,681,1241,0.0008058017727639033,0.0008333472224535399,0.9998388396454484,0.0
37293,31.07801796696612,0.9991941982272361,560,681,1241,-0.0008058017727639033,0.0008333472224535399,0.999758259468172,-8.058017727639034e-05
37294,31.078851314188572,0.9991941982272361,560,681,1241,0.0,0.0008333472224535399,0.9996776792908957,-8.058017727639034e-05
37295,31.079684661411026,1.0,560,681,1241,0.0008058017727639033,0.0008333472224535399,0.9996776792908957,0.0
37296,31.08051800863348,1.0,560,681,1241,0.0,0.0008333472224535399,0.9996776792908957,0.0
37297,31.081351355855933,1.0,560,681,1241,0.0,0.0008333472224535399,0.9996776792908957,0.0
37298,31.082184703078386,1.0,560,681,1241,0.0,0.0008333472224535399,0.9996776792908957,0.0
37299,31.08301805030084,1.0,560,681,1241,0.0,0.0008333472224535399,0.9996776792908957,0.0
37300,31.083851397523294,1.0,560,681,1241,0.0,0.0008333472224535399,0.999758259468172,8.058017727639034e-05
37301,31.084684744745747,1.0,560,681,1241,0.0,0.0008333472224535399,0.9998388396454484,8.058017727639034e-05
37302,31.0855180919682,1.0,560,681,1241,0.0,0.0008333472224535399,0.9998388396454484,0.0
37303,31.086351439190654,1.0,560,681,1241,0.0,0.0008333472224535399,0.9999194198227247,8.058017727639034e-05
37304,31.087184786413108,1.0,560,681,1241,0.0,0.0008333472224535399,1.000000000000001,8.058017727639034e-05
37305,31.08801813363556,1.0,560,681,1241,0.0,0.0008333472224535399,1.000000000000001,0.0
37306,31.088851480858015,1.0,560,681,1241,0.0,0.0008333472224535399,1.000000000000001,0.0
37307,31.08968482808047,1.0,560,681,1241,0.0,0.0008333472224535399,1.000000000000001,0.0
37308,31.090518175302922,1.0,560,681,1241,0.0,0.0008333472224535399,1.000000000000001,0.0
37309,31.091351522525375,1.0,560,681,1241,0.0,0.0008333472224535399,1.000000000000001,0.0
37310,31.09218486974783,1.0,560,681,1241,0.0,0.0008333472224535399,1.000000000000001,0.0
37311,31.093018216970282,1.0,560,681,1241,0.0,0.0008333472224535399,1.000000000000001,0.0
37312,31.09385156419274,1.0,560,681,1241,0.0,0.0008333472224570926,1.000000000000001,0.0
37313,31.094684911415193,1.0,560,681,1241,0.0,0.0008333472224535399,1.000000000000001,0.0
37314,31.095518258637647,1.0,560,681,1241,0.0,0.0008333472224535399,1.000000000000001,0.0
37315,31.0963516058601,0.9991941982272361,560,681,1241,-0.0008058017727639033,0.0008333472224535399,0.9999194198227247,-8.058017727639034e-05
37316,31.097184953082554,1.0,560,681,1241,0.0008058017727639033,0.0008333472224535399,0.9999194198227247,0.0
37317,31.098018300305007,1.0,560,681,1241,0.0,0.0008333472224535399,0.9999194198227247,0.0
37318,31.09885164752746,1.0,560,681,1241,0.0,0.0008333472224535399,0.9999194198227247,0.0
37319,31.099684994749914,1.0,560,681,1241,0.0,0.0008333472224535399,0.9999194198227247,0.0
37320,31.100518341972368,1.0,560,681,1241,0.0,0.0008333472224535399,0.9999194198227247,0.0
37321,31.10135168919482,1.0,560,681,1241,0.0,0.0008333472224535399,0.9999194198227247,0.0
37322,31.102185036417275,1.0,560,681,1241,0.0,0.0008333472224535399,0.9999194198227247,0.0
37323,31.10301838363973,1.0,560,681,1241,0.0,0.0008333472224535399,0.9999194198227247,0.0
37324,31.103851730862182,1.0,560,681,1241,0.0,0.0008333472224535399,0.9999194198227247,0.0
37325,31.104685078084636,1.0,560,681,1241,0.0,0.0008333472224535399,1.000000000000001,8.058017727639034e-05
37326,31.10551842530709,1.0,560,681,1241,0.0,0.0008333472224535399,1.000000000000001,0.0
37327,31.106351772529543,1.0,560,681,1241,0.0,0.0008333472224535399,1.000000000000001,0.0
37328,31.107185119751996,1.0,560,681,1241,0.0,0.0008333472224535399,1.000000000000001,0.0
37329,31.10801846697445,1.0,560,681,1241,0.0,0.0008333472224535399,1.000000000000001,0.0
37330,31.108851814196903,1.0,560,681,1241,0.0,0.0008333472224535399,1.000000000000001,0.0
37331,31.109685161419357,1.0,560,681,1241,0.0,0.0008333472224535399,1.000000000000001,0.0
37332,31.11051850864181,1.0,560,681,1241,0.0,0.0008333472224535399,1.000000000000001,0.0
37333,31.111351855864267,1.0,560,681,1241,0.0,0.0008333472224570926,1.000000000000001,0.0
37334,31.11218520308672,1.0,560,681,1241,0.0,0.0008333472224535399,1.000000000000001,0.0
37335,31.113018550309175,1.0,560,681,1241,0.0,0.0008333472224535399,1.000000000000001,0.0
37336,31.113851897531628,1.0,560,681,1241,0.0,0.0008333472224535399,1.000000000000001,0.0
37337,31.11468524475408,1.0,560,681,1241,0.0,0.0008333472224535399,1.000000000000001,0.0
37338,31.115518591976535,1.0,560,681,1241,0.0,0.0008333472224535399,1.000000000000001,0.0
37339,31.11635193919899,1.0,560,681,1241,0.0,0.0008333472224535399,1.000000000000001,0.0
37340,31.117185286421442,1.0,560,681,1241,0.0,0.0008333472224535399,1.000000000000001,0.0
37341,31.118018633643896,1.0,560,681,1241,0.0,0.0008333472224535399,1.000000000000001,0.0
37342,31.11885198086635,1.0,560,681,1241,0.0,0.0008333472224535399,1.000000000000001,0.0
37343,31.119685328088803,1.0,560,681,1241,0.0,0.0008333472224535399,1.000000000000001,0.0
37344,31.120518675311256,1.0,560,681,1241,0.0,0.0008333472224535399,1.000000000000001,0.0
37345,31.12135202253371,1.0,560,681,1241,0.0,0.0008333472224535399,1.000000000000001,0.0
37346,31.122185369756163,1.0,560,681,1241,0.0,0.0008333472224535399,1.000000000000001,0.0
37347,31.123018716978617,1.0,560,681,1241,0.0,0.0008333472224535399,1.000000000000001,0.0
37348,31.12385206420107,1.0,560,681,1241,0.0,0.0008333472224535399,1.000000000000001,0.0
37349,31.124685411423524,1.0,560,681,1241,0.0,0.0008333472224535399,1.000000000000001,0.0
37350,31.125518758645978,0.9991941982272361,560,681,1241,-0.0008058017727639033,0.0008333472224535399,0.9999194198227247,-8.058017727639034e-05
37351,31.12635210586843,1.0,560,681,1241,0.0008058017727639033,0.0008333472224535399,0.9999194198227247,0.0
37352,31.127185453090885,1.0,560,681,1241,0.0,0.0008333472224535399,0.9999194198227247,0.0
37353,31.12801880031334,1.0,560,681,1241,0.0,0.0008333472224535399,0.9999194198227247,0.0
37354,31.128852147535795,1.0,560,681,1241,0.0,0.0008333472224570926,0.9999194198227247,0.0
37355,31.12968549475825,1.0,560,681,1241,0.0,0.0008333472224535399,0.9999194198227247,0.0
37356,31.130518841980702,1.0,560,681,1241,0.0,0.0008333472224535399,0.9999194198227247,0.0
37357,31.131352189203156,1.0,560,681,1241,0.0,0.0008333472224535399,0.9999194198227247,0.0
37358,31.13218553642561,1.0,560,681,1241,0.0,0.0008333472224535399,0.9999194198227247,0.0
37359,31.133018883648063,0.9991941982272361,560,681,1241,-0.0008058017727639033,0.0008333472224535399,0.9998388396454484,-8.058017727639034e-05
37360,31.133852230870517,1.0,560,681,1241,0.0008058017727639033,0.0008333472224535399,0.9999194198227247,8.058017727639034e-05
37361,31.13468557809297,1.0,560,681,1241,0.0,0.0008333472224535399,0.9999194198227247,0.0
37362,31.135518925315424,1.0,560,681,1241,0.0,0.0008333472224535399,0.9999194198227247,0.0
37363,31.136352272537877,1.0,560,681,1241,0.0,0.0008333472224535399,0.9999194198227247,0.0
37364,31.13718561976033,1.0,560,681,1241,0.0,0.0008333472224535399,0.9999194198227247,0.0
37365,31.138018966982784,1.0,560,681,1241,0.0,0.0008333472224535399,0.9999194198227247,0.0
37366,31.138852314205238,1.0,560,681,1241,0.0,0.0008333472224535399,0.9999194198227247,0.0
37367,31.13968566142769,1.0,560,681,1241,0.0,0.0008333472224535399,0.9999194198227247,0.0
37368,31.140519008650145,1.0,560,681,1241,0.0,0.0008333472224535399,0.9999194198227247,0.0
37369,31.1413523558726,1.0,560,681,1241,0.0,0.0008333472224535399,1.000000000000001,8.058017727639034e-05
37370,31.142185703095052,1.0,560,681,1241,0.0,0.0008333472224535399,1.000000000000001,0.0
37371,31.143019050317506,1.0,560,681,1241,0.0,0.0008333472224535399,1.000000000000001,0.0
37372,31.14385239753996,1.0,560,681,1241,0.0,0.0008333472224535399,1.000000000000001,0.0
37373,31.144685744762413,1.0,560,681,1241,0.0,0.0008333472224535399,1.000000000000001,0.0
37374,31.145519091984866,1.0,560,681,1241,0.0,0.0008333472224535399,1.000000000000001,0.0
37375,31.14635243920732,1.0,560,681,1241,0.0,0.0008333472224535399,1.000000000000001,0.0
37376,31.147185786429777,1.0,560,681,1241,0.0,0.0008333472224570926,1.000000000000001,0.0
37377,31.14801913365223,1.0,560,681,1241,0.0,0.0008333472224535399,1.000000000000001,0.0
37378,31.148852480874684,1.0,560,681,1241,0.0,0.0008333472224535399,1.000000000000001,0.0
37379,31.149685828097137,1.0,560,681,1241,0.0,0.0008333472224535399,1.000000000000001,0.0
37380,31.15051917531959,1.0,560,681,1241,0.0,0.0008333472224535399,1.000000000000001,0.0
37381,31.151352522542044,1.0,560,681,1241,0.0,0.0008333472224535399,1.000000000000001,0.0
37382,31.152185869764498,1.0,560,681,1241,0.0,0.0008333472224535399,1.000000000000001,0.0
37383,31.15301921698695,1.0,560,681,1241,0.0,0.0008333472224535399,1.000000000000001,0.0
37384,31.153852564209405,1.0,560,681,1241,0.0,0.0008333472224535399,1.000000000000001,0.0
37385,31.15468591143186,1.0,560,681,1241,0.0,0.0008333472224535399,1.000000000000001,0.0
37386,31.155519258654312,1.0,560,681,1241,0.0,0.0008333472224535399,1.000000000000001,0.0
37387,31.156352605876766,1.0,560,681,1241,0.0,0.0008333472224535399,1.000000000000001,0.0
37388,31.15718595309922,1.0,560,681,1241,0.0,0.0008333472224535399,1.000000000000001,0.0
37389,31.158019300321673,1.0,560,681,1241,0.0,0.0008333472224535399,1.000000000000001,0.0
37390,31.158852647544126,1.0,560,681,1241,0.0,0.0008333472224535399,1.000000000000001,0.0
37391,31.15968599476658,1.0,560,681,1241,0.0,0.0008333472224535399,1.000000000000001,0.0
37392,31.160519341989033,1.0,560,681,1241,0.0,0.0008333472224535399,1.000000000000001,0.0
37393,31.161352689211487,1.0,560,681,1241,0.0,0.0008333472224535399,1.000000000000001,0.0
37394,31.16218603643394,1.0,560,681,1241,0.0,0.0008333472224535399,1.000000000000001,0.0
37395,31.163019383656394,1.0,560,681,1241,0.0,0.0008333472224535399,1.000000000000001,0.0
37396,31.163852730878848,1.0,560,681,1241,0.0,0.0008333472224535399,1.000000000000001,0.0
37397,31.164686078101305,1.0,560,681,1241,0.0,0.0008333472224570926,1.000000000000001,0.0
37398,31.165519425323758,1.0,560,681,1241,0.0,0.0008333472224535399,1.000000000000001,0.0
37399,31.16635277254621,1.0,560,681,1241,0.0,0.0008333472224535399,1.000000000000001,0.0
37400,31.167186119768665,0.9991941982272361,560,681,1241,-0.0008058017727639033,0.0008333472224535399,0.9999194198227247,-8.058017727639034e-05
37401,31.16801946699112,0.9991941982272361,560,681,1241,0.0,0.0008333472224535399,0.9998388396454484,-8.058017727639034e-05
37402,31.168852814213572,0.9991941982272361,560,681,1241,0.0,0.0008333472224535399,0.999758259468172,-8.058017727639034e-05
37403,31.169686161436026,0.9991941982272361,560,681,1241,0.0,0.0008333472224535399,0.9996776792908957,-8.058017727639034e-05
37404,31.17051950865848,0.9991941982272361,560,681,1241,0.0,0.0008333472224535399,0.9995970991136194,-8.058017727639034e-05
37405,31.171352855880933,0.9991941982272361,560,681,1241,0.0,0.0008333472224535399,0.999516518936343,-8.058017727639034e-05
37406,31.172186203103387,0.9991941982272361,560,681,1241,0.0,0.0008333472224535399,0.9994359387590667,-8.058017727639034e-05
37407,31.17301955032584,0.9991941982272361,560,681,1241,0.0,0.0008333472224535399,0.9993553585817903,-8.058017727639034e-05
37408,31.173852897548294,0.9991941982272361,560,681,1241,0.0,0.0008333472224535399,0.999274778404514,-8.058017727639034e-05
37409,31.174686244770747,0.9991941982272361,560,681,1241,0.0,0.0008333472224535399,0.9991941982272377,-8.058017727639034e-05
37410,31.1755195919932,1.0,560,681,1241,0.0008058017727639033,0.0008333472224535399,0.999274778404514,8.058017727639034e-05
37411,31.176352939215654,1.0,560,681,1241,0.0,0.0008333472224535399,0.9993553585817903,8.058017727639034e-05
37412,31.177186286438108,1.0,560,681,1241,0.0,0.0008333472224535399,0.9994359387590667,8.058017727639034e-05
37413,31.17801963366056,1.0,560,681,1241,0.0,0.0008333472224535399,0.999516518936343,8.058017727639034e-05
37414,31.178852980883015,1.0,560,681,1241,0.0,0.0008333472224535399,0.9995970991136194,8.058017727639034e-05
37415,31.17968632810547,1.0,560,681,1241,0.0,0.0008333472224535399,0.9996776792908957,8.058017727639034e-05
37416,31.180519675327922,1.0,560,681,1241,0.0,0.0008333472224535399,0.999758259468172,8.058017727639034e-05
37417,31.181353022550375,1.0,560,681,1241,0.0,0.0008333472224535399,0.9998388396454484,8.058017727639034e-05
37418,31.182186369772833,1.0,560,681,1241,0.0,0.0008333472224570926,0.9999194198227247,8.058017727639034e-05
37419,31.183019716995286,1.0,560,681,1241,0.0,0.0008333472224535399,1.000000000000001,8.058017727639034e-05
37420,31.18385306421774,1.0,560,681,1241,0.0,0.0008333472224535399,1.000000000000001,0.0
37421,31.184686411440193,1.0,560,681,1241,0.0,0.0008333472224535399,1.000000000000001,0.0
37422,31.185519758662647,0.9991941982272361,560,681,1241,-0.0008058017727639033,0.0008333472224535399,0.9999194198227247,-8.058017727639034e-05
37423,31.1863531058851,0.9991941982272361,560,681,1241,0.0,0.0008333472224535399,0.9998388396454484,-8.058017727639034e-05
37424,31.187186453107554,1.0,560,681,1241,0.0008058017727639033,0.0008333472224535399,0.9998388396454484,0.0
37425,31.188019800330007,0.9991941982272361,560,681,1241,-0.0008058017727639033,0.0008333472224535399,0.999758259468172,-8.058017727639034e-05
37426,31.18885314755246,1.0,560,681,1241,0.0008058017727639033,0.0008333472224535399,0.999758259468172,0.0
37427,31.189686494774914,0.9991941982272361,560,681,1241,-0.0008058017727639033,0.0008333472224535399,0.9996776792908957,-8.058017727639034e-05
37428,31.190519841997368,1.0,560,681,1241,0.0008058017727639033,0.0008333472224535399,0.9996776792908957,0.0
37429,31.19135318921982,1.0,560,681,1241,0.0,0.0008333472224535399,0.9996776792908957,0.0
37430,31.192186536442275,1.0,560,681,1241,0.0,0.0008333472224535399,0.9996776792908957,0.0
37431,31.19301988366473,0.9991941982272361,560,681,1241,-0.0008058017727639033,0.0008333472224535399,0.9995970991136194,-8.058017727639034e-05
37432,31.193853230887182,0.9991941982272361,560,681,1241,0.0,0.0008333472224535399,0.9995970991136194,0.0
37433,31.194686578109636,0.9991941982272361,560,681,1241,0.0,0.0008333472224535399,0.9995970991136194,0.0
37434,31.19551992533209,0.9991941982272361,560,681,1241,0.0,0.0008333472224535399,0.999516518936343,-8.058017727639034e-05
37435,31.196353272554543,1.0,560,681,1241,0.0008058017727639033,0.0008333472224535399,0.9995970991136194,8.058017727639034e-05
37436,31.197186619776996,1.0,560,681,1241,0.0,0.0008333472224535399,0.9995970991136194,0.0
37437,31.19801996699945,1.0,560,681,1241,0.0,0.0008333472224535399,0.9996776792908957,8.058017727639034e-05
37438,31.198853314221903,1.0,560,681,1241,0.0,0.0008333472224535399,0.9996776792908957,0.0
37439,31.19968666144436,1.0,560,681,1241,0.0,0.0008333472224570926,0.9996776792908957,0.0
37440,31.200520008666814,1.0,560,681,1241,0.0,0.0008333472224535399,0.9996776792908957,0.0
37441,31.201353355889268,1.0,560,681,1241,0.0,0.0008333472224535399,0.999758259468172,8.058017727639034e-05
37442,31.20218670311172,1.0,560,681,1241,0.0,0.0008333472224535399,0.9998388396454484,8.058017727639034e-05
37443,31.203020050334175,1.0,560,681,1241,0.0,0.0008333472224535399,0.9999194198227247,8.058017727639034e-05
37444,31.203853397556628,1.0,560,681,1241,0.0,0.0008333472224535399,1.000000000000001,8.058017727639034e-05
37445,31.20468674477908,1.0,560,681,1241,0.0,0.0008333472224535399,1.000000000000001,0.0
37446,31.205520092001535,1.0,560,681,1241,0.0,0.0008333472224535399,1.000000000000001,0.0
37447,31.20635343922399,1.0,560,681,1241,0.0,0.0008333472224535399,1.000000000000001,0.0
37448,31.207186786446442,1.0,560,681,1241,0.0,0.0008333472224535399,1.000000000000001,0.0
37449,31.208020133668896,0.9991941982272361,560,681,1241,-0.0008058017727639033,0.0008333472224535399,0.9999194198227247,-8.058017727639034e-05
37450,31.20885348089135,0.9991941982272361,560,681,1241,0.0,0.0008333472224535399,0.9998388396454484,-8.058017727639034e-05
37451,31.209686828113803,0.9991941982272361,560,681,1241,0.0,0.0008333472224535399,0.999758259468172,-8.058017727639034e-05
37452,31.210520175336256,0.9991941982272361,560,681,1241,0.0,0.0008333472224535399,0.9996776792908957,-8.058017727639034e-05
37453,31.21135352255871,0.9991941982272361,560,681,1241,0.0,0.0008333472224535399,0.9995970991136194,-8.058017727639034e-05
37454,31.212186869781164,0.9991941982272361,560,681,1241,0.0,0.0008333472224535399,0.999516518936343,-8.058017727639034e-05
37455,31.213020217003617,1.0,560,681,1241,0.0008058017727639033,0.0008333472224535399,0.999516518936343,0.0
37456,31.21385356422607,1.0,560,681,1241,0.0,0.0008333472224535399,0.999516518936343,0.0
37457,31.214686911448524,1.0,560,681,1241,0.0,0.0008333472224535399,0.999516518936343,0.0
37458,31.215520258670978,1.0,560,681,1241,0.0,0.0008333472224535399,0.999516518936343,0.0
37459,31.21635360589343,1.0,560,681,1241,0.0,0.0008333472224535399,0.9995970991136194,8.058017727639034e-05
37460,31.21718695311589,1.0,560,681,1241,0.0,0.0008333472224570926,0.9996776792908957,8.058017727639034e-05
37461,31.218020300338342,1.0,560,681,1241,0.0,0.0008333472224535399,0.999758259468172,8.058017727639034e-05
37462,31.218853647560795,1.0,560,681,1241,0.0,0.0008333472224535399,0.9998388396454484,8.058017727639034e-05
37463,31.21968699478325,1.0,560,681,1241,0.0,0.0008333472224535399,0.9999194198227247,8.058017727639034e-05
37464,31.220520342005702,1.0,560,681,1241,0.0,0.0008333472224535399,1.000000000000001,8.058017727639034e-05
37465,31.221353689228156,1.0,560,681,1241,0.0,0.0008333472224535399,1.000000000000001,0.0
37466,31.22218703645061,1.0,560,681,1241,0.0,0.0008333472224535399,1.000000000000001,0.0
37467,31.223020383673063,1.0,560,681,1241,0.0,0.0008333472224535399,1.000000000000001,0.0
37468,31.223853730895517,1.0,560,681,1241,0.0,0.0008333472224535399,1.000000000000001,0.0
37469,31.22468707811797,1.0,560,681,1241,0.0,0.0008333472224535399,1.000000000000001,0.0
37470,31.225520425340424,1.0,560,681,1241,0.0,0.0008333472224535399,1.000000000000001,0.0
37471,31.226353772562877,1.0,560,681,1241,0.0,0.0008333472224535399,1.000000000000001,0.0
37472,31.22718711978533,1.0,560,681,1241,0.0,0.0008333472224535399,1.000000000000001,0.0
37473,31.228020467007784,1.0,560,681,1241,0.0,0.0008333472224535399,1.000000000000001,0.0
37474,31.228853814230238,1.0,560,681,1241,0.0,0.0008333472224535399,1.000000000000001,0.0
37475,31.22968716145269,1.0,560,681,1241,0.0,0.0008333472224535399,1.000000000000001,0.0
37476,31.230520508675145,0.9991941982272361,560,681,1241,-0.0008058017727639033,0.0008333472224535399,0.9999194198227247,-8.058017727639034e-05
37477,31.2313538558976,0.9991941982272361,560,681,1241,0.0,0.0008333472224535399,0.9998388396454484,-8.058017727639034e-05
37478,31.232187203120052,1.0,560,681,1241,0.0008058017727639033,0.0008333472224535399,0.9998388396454484,0.0
37479,31.233020550342506,1.0,560,681,1241,0.0,0.0008333472224535399,0.9998388396454484,0.0
37480,31.23385389756496,1.0,560,681,1241,0.0,0.0008333472224535399,0.9998388396454484,0.0
37481,31.234687244787416,1.0,560,681,1241,0.0,0.0008333472224570926,0.9998388396454484,0.0
37482,31.23552059200987,1.0,560,681,1241,0.0,0.0008333472224535399,0.9998388396454484,0.0
37483,31.236353939232323,1.0,560,681,1241,0.0,0.0008333472224535399,0.9998388396454484,0.0
37484,31.237187286454777,1.0,560,681,1241,0.0,0.0008333472224535399,0.9998388396454484,0.0
37485,31.23802063367723,1.0,560,681,1241,0.0,0.0008333472224535399,0.9998388396454484,0.0
37486,31.238853980899684,1.0,560,681,1241,0.0,0.0008333472224535399,0.9999194198227247,8.058017727639034e-05
37487,31.239687328122137,1.0,560,681,1241,0.0,0.0008333472224535399,1.000000000000001,8.058017727639034e-05
37488,31.24052067534459,1.0,560,681,1241,0.0,0.0008333472224535399,1.000000000000001,0.0
37489,31.241354022567045,1.0,560,681,1241,0.0,0.0008333472224535399,1.000000000000001,0.0
37490,31.242187369789498,1.0,560,681,1241,0.0,0.0008333472224535399,1.000000000000001,0.0
37491,31.24302071701195,1.0,560,681,1241,0.0,0.0008333472224535399,1.000000000000001,0.0
37492,31.243854064234405,1.0,560,681,1241,0.0,0.0008333472224535399,1.000000000000001,0.0
37493,31.24468741145686,1.0,560,681,1241,0.0,0.0008333472224535399,1.000000000000001,0.0
37494,31.245520758679312,1.0,560,681,1241,0.0,0.0008333472224535399,1.000000000000001,0.0
37495,31.246354105901766,1.0,560,681,1241,0.0,0.0008333472224535399,1.000000000000001,0.0
37496,31.24718745312422,1.0,560,681,1241,0.0,0.0008333472224535399,1.000000000000001,0.0
37497,31.248020800346673,1.0,560,681,1241,0.0,0.0008333472224535399,1.000000000000001,0.0
37498,31.248854147569126,1.0,560,681,1241,0.0,0.0008333472224535399,1.000000000000001,0.0
37499,31.24968749479158,1.0,560,681,1241,0.0,0.0008333472224535399,1.000000000000001,0.0
37500,31.250520842014033,1.0,560,681,1241,0.0,0.0008333472224535399,1.000000000000001,0.0
37501,31.251354189236487,0.9991941982272361,560,681,1241,-0.0008058017727639033,0.0008333472224535399,0.9999194198227247,-8.058017727639034e-05
37502,31.25218753645894,0.9991941982272361,560,681,1241,0.0,0.0008333472224535399,0.9998388396454484,-8.058017727639034e-05
37503,31.253020883681398,0.9991941982272361,560,681,1241,0.0,0.0008333472224570926,0.999758259468172,-8.058017727639034e-05
37504,31.25385423090385,0.9991941982272361,560,681,1241,0.0,0.0008333472224535399,0.9996776792908957,-8.058017727639034e-05
37505,31.254687578126305,1.0,560,681,1241,0.0008058017727639033,0.0008333472224535399,0.9996776792908957,0.0
37506,31.25552092534876,1.0,560,681,1241,0.0,0.0008333472224535399,0.9996776792908957,0.0
37507,31.256354272571212,1.0,560,681,1241,0.0,0.0008333472224535399,0.9996776792908957,0.0
37508,31.257187619793665,1.0,560,681,1241,0.0,0.0008333472224535399,0.9996776792908957,0.0
37509,31.25802096701612,1.0,560,681,1241,0.0,0.0008333472224535399,0.9996776792908957,0.0
37510,31.258854314238572,1.0,560,681,1241,0.0,0.0008333472224535399,0.9996776792908957,0.0
37511,31.259687661461026,1.0,560,681,1241,0.0,0.0008333472224535399,0.999758259468172,8.058017727639034e-05
37512,31.26052100868348,1.0,560,681,1241,0.0,0.0008333472224535399,0.9998388396454484,8.058017727639034e-05
37513,31.261354355905933,1.0,560,681,1241,0.0,0.0008333472224535399,0.9999194198227247,8.058017727639034e-05
37514,31.262187703128387,1.0,560,681,1241,0.0,0.0008333472224535399,1.000000000000001,8.058017727639034e-05
37515,31.26302105035084,1.0,560,681,1241,0.0,0.0008333472224535399,1.000000000000001,0.0
37516,31.263854397573294,1.0,560,681,1241,0.0,0.0008333472224535399,1.000000000000001,0.0
37517,31.264687744795747,1.0,560,681,1241,0.0,0.0008333472224535399,1.000000000000001,0.0
37518,31.2655210920182,1.0,560,681,1241,0.0,0.0008333472224535399,1.000000000000001,0.0
37519,31.266354439240654,1.0,560,681,1241,0.0,0.0008333472224535399,1.000000000000001,0.0
37520,31.267187786463108,1.0,560,681,1241,0.0,0.0008333472224535399,1.000000000000001,0.0
37521,31.26802113368556,1.0,560,681,1241,0.0,0.0008333472224535399,1.000000000000001,0.0
37522,31.268854480908015,1.0,560,681,1241,0.0,0.0008333472224535399,1.000000000000001,0.0
37523,31.26968782813047,1.0,560,681,1241,0.0,0.0008333472224535399,1.000000000000001,0.0
37524,31.270521175352926,1.0,560,681,1241,0.0,0.0008333472224570926,1.000000000000001,0.0
37525,31.27135452257538,1.0,560,681,1241,0.0,0.0008333472224535399,1.000000000000001,0.0
37526,31.272187869797833,1.0,560,681,1241,0.0,0.0008333472224535399,1.000000000000001,0.0
37527,31.273021217020286,1.0,560,681,1241,0.0,0.0008333472224535399,1.000000000000001,0.0
37528,31.27385456424274,1.0,560,681,1241,0.0,0.0008333472224535399,1.000000000000001,0.0
37529,31.274687911465193,1.0,560,681,1241,0.0,0.0008333472224535399,1.000000000000001,0.0
37530,31.275521258687647,1.0,560,681,1241,0.0,0.0008333472224535399,1.000000000000001,0.0
37531,31.2763546059101,1.0,560,681,1241,0.0,0.0008333472224535399,1.000000000000001,0.0
37532,31.277187953132554,1.0,560,681,1241,0.0,0.0008333472224535399,1.000000000000001,0.0
37533,31.278021300355007,1.0,560,681,1241,0.0,0.0008333472224535399,1.000000000000001,0.0
37534,31.27885464757746,1.0,560,681,1241,0.0,0.0008333472224535399,1.000000000000001,0.0
37535,31.279687994799914,1.0,560,681,1241,0.0,0.0008333472224535399,1.000000000000001,0.0
37536,31.280521342022368,1.0,560,681,1241,0.0,0.0008333472224535399,1.000000000000001,0.0
37537,31.28135468924482,1.0,560,681,1241,0.0,0.0008333472224535399,1.000000000000001,0.0
37538,31.282188036467275,0.9991941982272361,560,681,1241,-0.0008058017727639033,0.0008333472224535399,0.9999194198227247,-8.058017727639034e-05
37539,31.28302138368973,1.0,560,681,1241,0.0008058017727639033,0.0008333472224535399,0.9999194198227247,0.0
37540,31.283854730912182,1.0,560,681,1241,0.0,0.0008333472224535399,0.9999194198227247,0.0
37541,31.284688078134636,1.0,560,681,1241,0.0,0.0008333472224535399,0.9999194198227247,0.0
37542,31.28552142535709,1.0,560,681,1241,0.0,0.0008333472224535399,0.9999194198227247,0.0
37543,31.286354772579543,1.0,560,681,1241,0.0,0.0008333472224535399,0.9999194198227247,0.0
37544,31.287188119801996,1.0,560,681,1241,0.0,0.0008333472224535399,0.9999194198227247,0.0
37545,31.288021467024453,1.0,560,681,1241,0.0,0.0008333472224570926,0.9999194198227247,0.0
37546,31.288854814246907,1.0,560,681,1241,0.0,0.0008333472224535399,0.9999194198227247,0.0
37547,31.28968816146936,1.0,560,681,1241,0.0,0.0008333472224535399,0.9999194198227247,0.0
37548,31.290521508691814,1.0,560,681,1241,0.0,0.0008333472224535399,1.000000000000001,8.058017727639034e-05
37549,31.291354855914268,0.9991941982272361,560,681,1241,-0.0008058017727639033,0.0008333472224535399,0.9999194198227247,-8.058017727639034e-05
37550,31.29218820313672,0.9991941982272361,560,681,1241,0.0,0.0008333472224535399,0.9998388396454484,-8.058017727639034e-05
37551,31.293021550359175,1.0,560,681,1241,0.0008058017727639033,0.0008333472224535399,0.9998388396454484,0.0
37552,31.293854897581628,1.0,560,681,1241,0.0,0.0008333472224535399,0.9998388396454484,0.0
37553,31.29468824480408,0.9991941982272361,560,681,1241,-0.0008058017727639033,0.0008333472224535399,0.999758259468172,-8.058017727639034e-05
37554,31.295521592026535,0.9991941982272361,560,681,1241,0.0,0.0008333472224535399,0.9996776792908957,-8.058017727639034e-05
37555,31.29635493924899,0.9991941982272361,560,681,1241,0.0,0.0008333472224535399,0.9995970991136194,-8.058017727639034e-05
37556,31.297188286471442,1.0,560,681,1241,0.0008058017727639033,0.0008333472224535399,0.9995970991136194,0.0
37557,31.298021633693896,1.0,560,681,1241,0.0,0.0008333472224535399,0.9995970991136194,0.0
37558,31.29885498091635,1.0,560,681,1241,0.0,0.0008333472224535399,0.9995970991136194,0.0
37559,31.299688328138803,1.0,560,681,1241,0.0,0.0008333472224535399,0.9996776792908957,8.058017727639034e-05
37560,31.300521675361257,1.0,560,681,1241,0.0,0.0008333472224535399,0.999758259468172,8.058017727639034e-05
37561,31.30135502258371,1.0,560,681,1241,0.0,0.0008333472224535399,0.999758259468172,0.0
37562,31.302188369806164,1.0,560,681,1241,0.0,0.0008333472224535399,0.999758259468172,0.0
37563,31.303021717028617,1.0,560,681,1241,0.0,0.0008333472224535399,0.9998388396454484,8.058017727639034e-05
37564,31.30385506425107,1.0,560,681,1241,0.0,0.0008333472224535399,0.9999194198227247,8.058017727639034e-05
37565,31.304688411473524,0.9991941982272361,560,681,1241,-0.0008058017727639033,0.0008333472224535399,0.9999194198227247,0.0
37566,31.30552175869598,1.0,560,681,1241,0.0008058017727639033,0.0008333472224570926,0.9999194198227247,0.0
37567,31.306355105918435,1.0,560,681,1241,0.0,0.0008333472224535399,0.9999194198227247,0.0
37568,31.30718845314089,1.0,560,681,1241,0.0,0.0008333472224535399,0.9999194198227247,0.0
37569,31.308021800363342,1.0,560,681,1241,0.0,0.0008333472224535399,0.9999194198227247,0.0
37570,31.308855147585795,1.0,560,681,1241,0.0,0.0008333472224535399,0.9999194198227247,0.0
37571,31.30968849480825,1.0,560,681,1241,0.0,0.0008333472224535399,0.9999194198227247,0.0
37572,31.310521842030703,1.0,560,681,1241,0.0,0.0008333472224535399,0.9999194198227247,0.0
37573,31.311355189253156,0.9991941982272361,560,681,1241,-0.0008058017727639033,0.0008333472224535399,0.9998388396454484,-8.058017727639034e-05
37574,31.31218853647561,0.9991941982272361,560,681,1241,0.0,0.0008333472224535399,0.999758259468172,-8.058017727639034e-05
37575,31.313021883698063,0.9991941982272361,560,681,1241,0.0,0.0008333472224535399,0.999758259468172,0.0
37576,31.313855230920517,0.9991941982272361,560,681,1241,0.0,0.0008333472224535399,0.9996776792908957,-8.058017727639034e-05
37577,31.31468857814297,1.0,560,681,1241,0.0008058017727639033,0.0008333472224535399,0.9996776792908957,0.0
37578,31.315521925365424,1.0,560,681,1241,0.0,0.0008333472224535399,0.9996776792908957,0.0
37579,31.316355272587877,1.0,560,681,1241,0.0,0.0008333472224535399,0.9996776792908957,0.0
37580,31.31718861981033,1.0,560,681,1241,0.0,0.0008333472224535399,0.9996776792908957,0.0
37581,31.318021967032784,1.0,560,681,1241,0.0,0.0008333472224535399,0.9996776792908957,0.0
37582,31.318855314255238,0.9991941982272361,560,681,1241,-0.0008058017727639033,0.0008333472224535399,0.9995970991136194,-8.058017727639034e-05
37583,31.31968866147769,0.9991941982272361,560,681,1241,0.0,0.0008333472224535399,0.9995970991136194,0.0
37584,31.320522008700145,0.9991941982272361,560,681,1241,0.0,0.0008333472224535399,0.9995970991136194,0.0
37585,31.3213553559226,1.0,560,681,1241,0.0008058017727639033,0.0008333472224535399,0.9996776792908957,8.058017727639034e-05
37586,31.322188703145052,1.0,560,681,1241,0.0,0.0008333472224535399,0.999758259468172,8.058017727639034e-05
37587,31.32302205036751,1.0,560,681,1241,0.0,0.0008333472224570926,0.999758259468172,0.0
37588,31.323855397589963,1.0,560,681,1241,0.0,0.0008333472224535399,0.999758259468172,0.0
37589,31.324688744812416,1.0,560,681,1241,0.0,0.0008333472224535399,0.999758259468172,0.0
37590,31.32552209203487,1.0,560,681,1241,0.0,0.0008333472224535399,0.999758259468172,0.0
37591,31.326355439257323,1.0,560,681,1241,0.0,0.0008333472224535399,0.999758259468172,0.0
37592,31.327188786479777,1.0,560,681,1241,0.0,0.0008333472224535399,0.9998388396454484,8.058017727639034e-05
37593,31.32802213370223,1.0,560,681,1241,0.0,0.0008333472224535399,0.9999194198227247,8.058017727639034e-05
37594,31.328855480924684,1.0,560,681,1241,0.0,0.0008333472224535399,1.000000000000001,8.058017727639034e-05
37595,31.329688828147138,1.0,560,681,1241,0.0,0.0008333472224535399,1.000000000000001,0.0
37596,31.33052217536959,1.0,560,681,1241,0.0,0.0008333472224535399,1.000000000000001,0.0
37597,31.331355522592045,1.0,560,681,1241,0.0,0.0008333472224535399,1.000000000000001,0.0
37598,31.332188869814498,1.0,560,681,1241,0.0,0.0008333472224535399,1.000000000000001,0.0
37599,31.33302221703695,1.0,560,681,1241,0.0,0.0008333472224535399,1.000000000000001,0.0
37600,31.333855564259405,1.0,560,681,1241,0.0,0.0008333472224535399,1.000000000000001,0.0
37601,31.33468891148186,1.0,560,681,1241,0.0,0.0008333472224535399,1.000000000000001,0.0
37602,31.335522258704312,1.0,560,681,1241,0.0,0.0008333472224535399,1.000000000000001,0.0
37603,31.336355605926766,0.9991941982272361,560,681,1241,-0.0008058017727639033,0.0008333472224535399,0.9999194198227247,-8.058017727639034e-05
37604,31.33718895314922,0.9991941982272361,560,681,1241,0.0,0.0008333472224535399,0.9998388396454484,-8.058017727639034e-05
37605,31.338022300371673,1.0,560,681,1241,0.0008058017727639033,0.0008333472224535399,0.9998388396454484,0.0
37606,31.338855647594126,1.0,560,681,1241,0.0,0.0008333472224535399,0.9998388396454484,0.0
37607,31.33968899481658,1.0,560,681,1241,0.0,0.0008333472224535399,0.9998388396454484,0.0
37608,31.340522342039034,1.0,560,681,1241,0.0,0.0008333472224535399,0.9998388396454484,0.0
37609,31.34135568926149,0.9991941982272361,560,681,1241,-0.0008058017727639033,0.0008333472224570926,0.999758259468172,-8.058017727639034e-05
37610,31.342189036483944,0.9991941982272361,560,681,1241,0.0,0.0008333472224535399,0.9996776792908957,-8.058017727639034e-05
37611,31.343022383706398,1.0,560,681,1241,0.0008058017727639033,0.0008333472224535399,0.9996776792908957,0.0
37612,31.34385573092885,1.0,560,681,1241,0.0,0.0008333472224535399,0.9996776792908957,0.0
37613,31.344689078151305,1.0,560,681,1241,0.0,0.0008333472224535399,0.999758259468172,8.058017727639034e-05
37614,31.34552242537376,1.0,560,681,1241,0.0,0.0008333472224535399,0.9998388396454484,8.058017727639034e-05
37615,31.346355772596212,1.0,560,681,1241,0.0,0.0008333472224535399,0.9998388396454484,0.0
37616,31.347189119818665,1.0,560,681,1241,0.0,0.0008333472224535399,0.9998388396454484,0.0
37617,31.34802246704112,1.0,560,681,1241,0.0,0.0008333472224535399,0.9998388396454484,0.0
37618,31.348855814263572,1.0,560,681,1241,0.0,0.0008333472224535399,0.9998388396454484,0.0
37619,31.349689161486026,1.0,560,681,1241,0.0,0.0008333472224535399,0.9999194198227247,8.058017727639034e-05
37620,31.35052250870848,0.9991941982272361,560,681,1241,-0.0008058017727639033,0.0008333472224535399,0.9999194198227247,0.0
37621,31.351355855930933,0.9991941982272361,560,681,1241,0.0,0.0008333472224535399,0.9998388396454484,-8.058017727639034e-05
37622,31.352189203153387,1.0,560,681,1241,0.0008058017727639033,0.0008333472224535399,0.9998388396454484,0.0
37623,31.35302255037584,0.9991941982272361,560,681,1241,-0.0008058017727639033,0.0008333472224535399,0.999758259468172,-8.058017727639034e-05
37624,31.353855897598294,1.0,560,681,1241,0.0008058017727639033,0.0008333472224535399,0.999758259468172,0.0
37625,31.354689244820747,1.0,560,681,1241,0.0,0.0008333472224535399,0.999758259468172,0.0
37626,31.3555225920432,1.0,560,681,1241,0.0,0.0008333472224535399,0.999758259468172,0.0
37627,31.356355939265654,1.0,560,681,1241,0.0,0.0008333472224535399,0.999758259468172,0.0
37628,31.357189286488108,1.0,560,681,1241,0.0,0.0008333472224535399,0.999758259468172,0.0
37629,31.35802263371056,1.0,560,681,1241,0.0,0.0008333472224535399,0.999758259468172,0.0
37630,31.35885598093302,1.0,560,681,1241,0.0,0.0008333472224570926,0.9998388396454484,8.058017727639034e-05
37631,31.359689328155472,1.0,560,681,1241,0.0,0.0008333472224535399,0.9999194198227247,8.058017727639034e-05
37632,31.360522675377926,1.0,560,681,1241,0.0,0.0008333472224535399,0.9999194198227247,0.0
37633,31.36135602260038,1.0,560,681,1241,0.0,0.0008333472224535399,1.000000000000001,8.058017727639034e-05
37634,31.362189369822833,1.0,560,681,1241,0.0,0.0008333472224535399,1.000000000000001,0.0
37635,31.363022717045286,1.0,560,681,1241,0.0,0.0008333472224535399,1.000000000000001,0.0
37636,31.36385606426774,1.0,560,681,1241,0.0,0.0008333472224535399,1.000000000000001,0.0
37637,31.364689411490193,1.0,560,681,1241,0.0,0.0008333472224535399,1.000000000000001,0.0
37638,31.365522758712647,1.0,560,681,1241,0.0,0.0008333472224535399,1.000000000000001,0.0
37639,31.3663561059351,0.9991941982272361,560,681,1241,-0.0008058017727639033,0.0008333472224535399,0.9999194198227247,-8.058017727639034e-05
37640,31.367189453157554,0.9991941982272361,560,681,1241,0.0,0.0008333472224535399,0.9998388396454484,-8.058017727639034e-05
37641,31.368022800380007,1.0,560,681,1241,0.0008058017727639033,0.0008333472224535399,0.9998388396454484,0.0
37642,31.36885614760246,1.0,560,681,1241,0.0,0.0008333472224535399,0.9998388396454484,0.0
37643,31.369689494824915,1.0,560,681,1241,0.0,0.0008333472224535399,0.9998388396454484,0.0
37644,31.370522842047368,1.0,560,681,1241,0.0,0.0008333472224535399,0.9998388396454484,0.0
37645,31.37135618926982,1.0,560,681,1241,0.0,0.0008333472224535399,0.9998388396454484,0.0
37646,31.372189536492275,1.0,560,681,1241,0.0,0.0008333472224535399,0.9998388396454484,0.0
37647,31.37302288371473,0.9991941982272361,560,681,1241,-0.0008058017727639033,0.0008333472224535399,0.999758259468172,-8.058017727639034e-05
37648,31.373856230937182,0.9991941982272361,560,681,1241,0.0,0.0008333472224535399,0.9996776792908957,-8.058017727639034e-05
37649,31.374689578159636,0.9991941982272361,560,681,1241,0.0,0.0008333472224535399,0.9996776792908957,0.0
37650,31.37552292538209,0.9991941982272361,560,681,1241,0.0,0.0008333472224535399,0.9996776792908957,0.0
37651,31.376356272604546,0.9991941982272361,560,681,1241,0.0,0.0008333472224570926,0.9995970991136194,-8.058017727639034e-05
37652,31.377189619827,0.9991941982272361,560,681,1241,0.0,0.0008333472224535399,0.999516518936343,-8.058017727639034e-05
37653,31.378022967049453,1.0,560,681,1241,0.0008058017727639033,0.0008333472224535399,0.999516518936343,0.0
37654,31.378856314271907,1.0,560,681,1241,0.0,0.0008333472224535399,0.999516518936343,0.0
37655,31.37968966149436,1.0,560,681,1241,0.0,0.0008333472224535399,0.999516518936343,0.0
37656,31.380523008716814,1.0,560,681,1241,0.0,0.0008333472224535399,0.999516518936343,0.0
37657,31.381356355939268,1.0,560,681,1241,0.0,0.0008333472224535399,0.9995970991136194,8.058017727639034e-05
37658,31.38218970316172,0.9991941982272361,560,681,1241,-0.0008058017727639033,0.0008333472224535399,0.9995970991136194,0.0
37659,31.383023050384175,1.0,560,681,1241,0.0008058017727639033,0.0008333472224535399,0.9996776792908957,8.058017727639034e-05
37660,31.38385639760663,0.9991941982272361,560,681,1241,-0.0008058017727639033,0.0008333472224535399,0.9996776792908957,0.0
37661,31.384689744829082,0.9991941982272361,560,681,1241,0.0,0.0008333472224535399,0.9996776792908957,0.0
37662,31.385523092051535,0.9991941982272361,560,681,1241,0.0,0.0008333472224535399,0.9996776792908957,0.0
37663,31.38635643927399,0.9991941982272361,560,681,1241,0.0,0.0008333472224535399,0.9995970991136194,-8.058017727639034e-05
37664,31.387189786496442,0.9991941982272361,560,681,1241,0.0,0.0008333472224535399,0.999516518936343,-8.058017727639034e-05
37665,31.388023133718896,0.9991941982272361,560,681,1241,0.0,0.0008333472224535399,0.9994359387590667,-8.058017727639034e-05
37666,31.38885648094135,0.9991941982272361,560,681,1241,0.0,0.0008333472224535399,0.9993553585817903,-8.058017727639034e-05
37667,31.389689828163803,0.9991941982272361,560,681,1241,0.0,0.0008333472224535399,0.999274778404514,-8.058017727639034e-05
37668,31.390523175386257,0.9991941982272361,560,681,1241,0.0,0.0008333472224535399,0.999274778404514,0.0
37669,31.39135652260871,0.9991941982272361,560,681,1241,0.0,0.0008333472224535399,0.9991941982272377,-8.058017727639034e-05
37670,31.392189869831164,0.9983883964544722,560,681,1241,-0.0008058017727639033,0.0008333472224535399,0.9991136180499612,-8.058017727639034e-05
37671,31.393023217053617,0.9991941982272361,560,681,1241,0.0008058017727639033,0.0008333472224535399,0.9991136180499612,0.0
37672,31.393856564276074,0.9991941982272361,560,681,1241,0.0,0.0008333472224570926,0.9991136180499612,0.0
37673,31.394689911498528,0.9991941982272361,560,681,1241,0.0,0.0008333472224535399,0.9991136180499612,0.0
37674,31.39552325872098,0.9991941982272361,560,681,1241,0.0,0.0008333472224535399,0.9991136180499612,0.0
37675,31.396356605943435,0.9983883964544722,560,681,1241,-0.0008058017727639033,0.0008333472224535399,0.9990330378726849,-8.058017727639034e-05
37676,31.39718995316589,0.9983883964544722,560,681,1241,0.0,0.0008333472224535399,0.9989524576954085,-8.058017727639034e-05
37677,31.398023300388342,0.9983883964544722,560,681,1241,0.0,0.0008333472224535399,0.9988718775181322,-8.058017727639034e-05
37678,31.398856647610796,0.9983883964544722,560,681,1241,0.0,0.0008333472224535399,0.9987912973408559,-8.058017727639034e-05
37679,31.39968999483325,0.9983883964544722,560,681,1241,0.0,0.0008333472224535399,0.9987107171635795,-8.058017727639034e-05
37680,31.400523342055703,0.9991941982272361,560,681,1241,0.0008058017727639033,0.0008333472224535399,0.9987912973408559,8.058017727639034e-05
37681,31.401356689278156,0.9991941982272361,560,681,1241,0.0,0.0008333472224535399,0.9987912973408559,0.0
37682,31.40219003650061,0.9991941982272361,560,681,1241,0.0,0.0008333472224535399,0.9987912973408559,0.0
37683,31.403023383723063,0.9991941982272361,560,681,1241,0.0,0.0008333472224535399,0.9987912973408559,0.0
37684,31.403856730945517,0.9991941982272361,560,681,1241,0.0,0.0008333472224535399,0.9987912973408559,0.0
37685,31.40469007816797,0.9991941982272361,560,681,1241,0.0,0.0008333472224535399,0.9988718775181322,8.058017727639034e-05
37686,31.405523425390424,0.9991941982272361,560,681,1241,0.0,0.0008333472224535399,0.9989524576954085,8.058017727639034e-05
37687,31.406356772612877,0.9991941982272361,560,681,1241,0.0,0.0008333472224535399,0.9990330378726849,8.058017727639034e-05
37688,31.40719011983533,0.9991941982272361,560,681,1241,0.0,0.0008333472224535399,0.9991136180499612,8.058017727639034e-05
37689,31.408023467057784,0.9991941982272361,560,681,1241,0.0,0.0008333472224535399,0.9991941982272377,8.058017727639034e-05
37690,31.408856814280238,0.9991941982272361,560,681,1241,0.0,0.0008333472224535399,0.9991941982272377,0.0
37691,31.40969016150269,0.9991941982272361,560,681,1241,0.0,0.0008333472224535399,0.9991941982272377,0.0
37692,31.410523508725145,0.9991941982272361,560,681,1241,0.0,0.0008333472224535399,0.9991941982272377,0.0
37693,31.411356855947602,0.9991941982272361,560,681,1241,0.0,0.0008333472224570926,0.9991941982272377,0.0
37694,31.412190203170056,0.9991941982272361,560,681,1241,0.0,0.0008333472224535399,0.9991941982272377,0.0
37695,31.41302355039251,0.9991941982272361,560,681,1241,0.0,0.0008333472224535399,0.9991941982272377,0.0
37696,31.413856897614963,1.0,560,681,1241,0.0008058017727639033,0.0008333472224535399,0.999274778404514,8.058017727639034e-05
37697,31.414690244837416,1.0,560,681,1241,0.0,0.0008333472224535399,0.9993553585817903,8.058017727639034e-05
37698,31.41552359205987,1.0,560,681,1241,0.0,0.0008333472224535399,0.9994359387590667,8.058017727639034e-05
37699,31.416356939282323,1.0,560,681,1241,0.0,0.0008333472224535399,0.999516518936343,8.058017727639034e-05
37700,31.417190286504777,1.0,560,681,1241,0.0,0.0008333472224535399,0.9995970991136194,8.058017727639034e-05
37701,31.41802363372723,1.0,560,681,1241,0.0,0.0008333472224535399,0.9996776792908957,8.058017727639034e-05
37702,31.418856980949684,1.0,560,681,1241,0.0,0.0008333472224535399,0.999758259468172,8.058017727639034e-05
37703,31.419690328172138,1.0,560,681,1241,0.0,0.0008333472224535399,0.9998388396454484,8.058017727639034e-05
37704,31.42052367539459,1.0,560,681,1241,0.0,0.0008333472224535399,0.9999194198227247,8.058017727639034e-05
37705,31.421357022617045,1.0,560,681,1241,0.0,0.0008333472224535399,1.000000000000001,8.058017727639034e-05
37706,31.422190369839498,0.9991941982272361,560,681,1241,-0.0008058017727639033,0.0008333472224535399,0.9999194198227247,-8.058017727639034e-05
37707,31.42302371706195,0.9991941982272361,560,681,1241,0.0,0.0008333472224535399,0.9998388396454484,-8.058017727639034e-05
37708,31.423857064284405,0.9991941982272361,560,681,1241,0.0,0.0008333472224535399,0.999758259468172,-8.058017727639034e-05
37709,31.42469041150686,0.9991941982272361,560,681,1241,0.0,0.0008333472224535399,0.9996776792908957,-8.058017727639034e-05
37710,31.425523758729312,0.9991941982272361,560,681,1241,0.0,0.0008333472224535399,0.9995970991136194,-8.058017727639034e-05
37711,31.426357105951766,1.0,560,681,1241,0.0008058017727639033,0.0008333472224535399,0.9995970991136194,0.0
37712,31.42719045317422,1.0,560,681,1241,0.0,0.0008333472224535399,0.9995970991136194,0.0
37713,31.428023800396673,0.9991941982272361,560,681,1241,-0.0008058017727639033,0.0008333472224535399,0.999516518936343,-8.058017727639034e-05
37714,31.42885714761913,1.0,560,681,1241,0.0008058017727639033,0.0008333472224570926,0.999516518936343,0.0
37715,31.429690494841584,0.9983883964544722,560,681,1241,-0.0016116035455278066,0.0008333472224535399,0.9993553585817903,-0.00016116035455278067
37716,31.430523842064037,0.9983883964544722,560,681,1241,0.0,0.0008333472224535399,0.999274778404514,-8.058017727639034e-05
37717,31.43135718928649,0.9983883964544722,560,681,1241,0.0,0.0008333472224535399,0.9991941982272377,-8.058017727639034e-05
37718,31.432190536508944,0.9991941982272361,560,681,1241,0.0008058017727639033,0.0008333472224535399,0.9991941982272377,0.0
37719,31.433023883731398,0.9991941982272361,560,681,1241,0.0,0.0008333472224535399,0.9991941982272377,0.0
37720,31.43385723095385,1.0,560,681,1241,0.0008058017727639033,0.0008333472224535399,0.999274778404514,8.058017727639034e-05
37721,31.434690578176305,1.0,560,681,1241,0.0,0.0008333472224535399,0.999274778404514,0.0
37722,31.43552392539876,1.0,560,681,1241,0.0,0.0008333472224535399,0.999274778404514,0.0
37723,31.436357272621212,1.0,560,681,1241,0.0,0.0008333472224535399,0.9993553585817903,8.058017727639034e-05
37724,31.437190619843665,1.0,560,681,1241,0.0,0.0008333472224535399,0.9993553585817903,0.0
37725,31.43802396706612,1.0,560,681,1241,0.0,0.0008333472224535399,0.999516518936343,0.00016116035455278067
37726,31.438857314288573,1.0,560,681,1241,0.0,0.0008333472224535399,0.9996776792908957,0.00016116035455278067
37727,31.439690661511026,1.0,560,681,1241,0.0,0.0008333472224535399,0.9998388396454484,0.00016116035455278067
37728,31.44052400873348,1.0,560,681,1241,0.0,0.0008333472224535399,0.9999194198227247,8.058017727639034e-05
37729,31.441357355955933,1.0,560,681,1241,0.0,0.0008333472224535399,1.000000000000001,8.058017727639034e-05
37730,31.442190703178387,1.0,560,681,1241,0.0,0.0008333472224535399,1.000000000000001,0.0
37731,31.44302405040084,1.0,560,681,1241,0.0,0.0008333472224535399,1.000000000000001,0.0
37732,31.443857397623294,1.0,560,681,1241,0.0,0.0008333472224535399,1.000000000000001,0.0
37733,31.444690744845747,1.0,560,681,1241,0.0,0.0008333472224535399,1.000000000000001,0.0
37734,31.4455240920682,1.0,560,681,1241,0.0,0.0008333472224535399,1.000000000000001,0.0
37735,31.446357439290654,1.0,560,681,1241,0.0,0.0008333472224535399,1.000000000000001,0.0
37736,31.44719078651311,0.9991941982272361,560,681,1241,-0.0008058017727639033,0.0008333472224570926,0.9999194198227247,-8.058017727639034e-05
37737,31.448024133735565,0.9991941982272361,560,681,1241,0.0,0.0008333472224535399,0.9998388396454484,-8.058017727639034e-05
37738,31.44885748095802,0.9991941982272361,560,681,1241,0.0,0.0008333472224535399,0.999758259468172,-8.058017727639034e-05
37739,31.449690828180472,0.9991941982272361,560,681,1241,0.0,0.0008333472224535399,0.9996776792908957,-8.058017727639034e-05
37740,31.450524175402926,1.0,560,681,1241,0.0008058017727639033,0.0008333472224535399,0.9996776792908957,0.0
37741,31.45135752262538,1.0,560,681,1241,0.0,0.0008333472224535399,0.9996776792908957,0.0
37742,31.452190869847833,1.0,560,681,1241,0.0,0.0008333472224535399,0.9996776792908957,0.0
37743,31.453024217070286,1.0,560,681,1241,0.0,0.0008333472224535399,0.9996776792908957,0.0
37744,31.45385756429274,1.0,560,681,1241,0.0,0.0008333472224535399,0.9996776792908957,0.0
37745,31.454690911515193,0.9991941982272361,560,681,1241,-0.0008058017727639033,0.0008333472224535399,0.9995970991136194,-8.058017727639034e-05
37746,31.455524258737647,1.0,560,681,1241,0.0008058017727639033,0.0008333472224535399,0.9996776792908957,8.058017727639034e-05
37747,31.4563576059601,1.0,560,681,1241,0.0,0.0008333472224535399,0.999758259468172,8.058017727639034e-05
37748,31.457190953182554,1.0,560,681,1241,0.0,0.0008333472224535399,0.9998388396454484,8.058017727639034e-05
37749,31.458024300405008,1.0,560,681,1241,0.0,0.0008333472224535399,0.9999194198227247,8.058017727639034e-05
37750,31.45885764762746,1.0,560,681,1241,0.0,0.0008333472224535399,0.9999194198227247,0.0
37751,31.459690994849915,1.0,560,681,1241,0.0,0.0008333472224535399,0.9999194198227247,0.0
37752,31.460524342072368,1.0,560,681,1241,0.0,0.0008333472224535399,0.9999194198227247,0.0
37753,31.46135768929482,1.0,560,681,1241,0.0,0.0008333472224535399,0.9999194198227247,0.0
37754,31.462191036517275,1.0,560,681,1241,0.0,0.0008333472224535399,0.9999194198227247,0.0
37755,31.46302438373973,1.0,560,681,1241,0.0,0.0008333472224535399,1.000000000000001,8.058017727639034e-05
37756,31.463857730962182,1.0,560,681,1241,0.0,0.0008333472224535399,1.000000000000001,0.0
37757,31.46469107818464,1.0,560,681,1241,0.0,0.0008333472224570926,1.000000000000001,0.0
37758,31.465524425407093,1.0,560,681,1241,0.0,0.0008333472224535399,1.000000000000001,0.0
37759,31.466357772629546,1.0,560,681,1241,0.0,0.0008333472224535399,1.000000000000001,0.0
37760,31.467191119852,1.0,560,681,1241,0.0,0.0008333472224535399,1.000000000000001,0.0
37761,31.468024467074454,1.0,560,681,1241,0.0,0.0008333472224535399,1.000000000000001,0.0
37762,31.468857814296907,1.0,560,681,1241,0.0,0.0008333472224535399,1.000000000000001,0.0
37763,31.46969116151936,1.0,560,681,1241,0.0,0.0008333472224535399,1.000000000000001,0.0
37764,31.470524508741814,1.0,560,681,1241,0.0,0.0008333472224535399,1.000000000000001,0.0
37765,31.471357855964268,1.0,560,681,1241,0.0,0.0008333472224535399,1.000000000000001,0.0
37766,31.47219120318672,1.0,560,681,1241,0.0,0.0008333472224535399,1.000000000000001,0.0
37767,31.473024550409175,1.0,560,681,1241,0.0,0.0008333472224535399,1.000000000000001,0.0
37768,31.47385789763163,1.0,560,681,1241,0.0,0.0008333472224535399,1.000000000000001,0.0
37769,31.474691244854082,1.0,560,681,1241,0.0,0.0008333472224535399,1.000000000000001,0.0
37770,31.475524592076535,0.9991941982272361,560,681,1241,-0.0008058017727639033,0.0008333472224535399,0.9999194198227247,-8.058017727639034e-05
37771,31.47635793929899,0.9991941982272361,560,681,1241,0.0,0.0008333472224535399,0.9998388396454484,-8.058017727639034e-05
37772,31.477191286521442,1.0,560,681,1241,0.0008058017727639033,0.0008333472224535399,0.9998388396454484,0.0
37773,31.478024633743896,1.0,560,681,1241,0.0,0.0008333472224535399,0.9998388396454484,0.0
37774,31.47885798096635,0.9991941982272361,560,681,1241,-0.0008058017727639033,0.0008333472224535399,0.999758259468172,-8.058017727639034e-05
37775,31.479691328188803,1.0,560,681,1241,0.0008058017727639033,0.0008333472224535399,0.999758259468172,0.0
37776,31.480524675411257,1.0,560,681,1241,0.0,0.0008333472224535399,0.999758259468172,0.0
37777,31.48135802263371,1.0,560,681,1241,0.0,0.0008333472224535399,0.999758259468172,0.0
37778,31.482191369856167,1.0,560,681,1241,0.0,0.0008333472224570926,0.999758259468172,0.0
37779,31.48302471707862,1.0,560,681,1241,0.0,0.0008333472224535399,0.999758259468172,0.0
37780,31.483858064301074,1.0,560,681,1241,0.0,0.0008333472224535399,0.9998388396454484,8.058017727639034e-05
37781,31.484691411523528,1.0,560,681,1241,0.0,0.0008333472224535399,0.9999194198227247,8.058017727639034e-05
37782,31.48552475874598,0.9991941982272361,560,681,1241,-0.0008058017727639033,0.0008333472224535399,0.9998388396454484,-8.058017727639034e-05
37783,31.486358105968435,0.9991941982272361,560,681,1241,0.0,0.0008333472224535399,0.999758259468172,-8.058017727639034e-05
37784,31.48719145319089,0.9991941982272361,560,681,1241,0.0,0.0008333472224535399,0.999758259468172,0.0
37785,31.488024800413342,1.0,560,681,1241,0.0008058017727639033,0.0008333472224535399,0.999758259468172,0.0
37786,31.488858147635796,1.0,560,681,1241,0.0,0.0008333472224535399,0.999758259468172,0.0
37787,31.48969149485825,1.0,560,681,1241,0.0,0.0008333472224535399,0.999758259468172,0.0
37788,31.490524842080703,1.0,560,681,1241,0.0,0.0008333472224535399,0.999758259468172,0.0
37789,31.491358189303156,1.0,560,681,1241,0.0,0.0008333472224535399,0.999758259468172,0.0
37790,31.49219153652561,1.0,560,681,1241,0.0,0.0008333472224535399,0.999758259468172,0.0
37791,31.493024883748063,1.0,560,681,1241,0.0,0.0008333472224535399,0.999758259468172,0.0
37792,31.493858230970517,1.0,560,681,1241,0.0,0.0008333472224535399,0.9998388396454484,8.058017727639034e-05
37793,31.49469157819297,1.0,560,681,1241,0.0,0.0008333472224535399,0.9999194198227247,8.058017727639034e-05
37794,31.495524925415424,1.0,560,681,1241,0.0,0.0008333472224535399,1.000000000000001,8.058017727639034e-05
37795,31.496358272637877,1.0,560,681,1241,0.0,0.0008333472224535399,1.000000000000001,0.0
37796,31.49719161986033,0.9991941982272361,560,681,1241,-0.0008058017727639033,0.0008333472224535399,0.9999194198227247,-8.058017727639034e-05
37797,31.498024967082785,0.9991941982272361,560,681,1241,0.0,0.0008333472224535399,0.9998388396454484,-8.058017727639034e-05
37798,31.498858314305238,0.9991941982272361,560,681,1241,0.0,0.0008333472224535399,0.999758259468172,-8.058017727639034e-05
37799,31.499691661527695,0.9991941982272361,560,681,1241,0.0,0.0008333472224570926,0.9996776792908957,-8.058017727639034e-05
37800,31.50052500875015,1.0,560,681,1241,0.0008058017727639033,0.0008333472224535399,0.9996776792908957,0.0
37801,31.501358355972602,1.0,560,681,1241,0.0,0.0008333472224535399,0.9996776792908957,0.0
37802,31.502191703195056,1.0,560,681,1241,0.0,0.0008333472224535399,0.9996776792908957,0.0
37803,31.50302505041751,1.0,560,681,1241,0.0,0.0008333472224535399,0.9996776792908957,0.0
37804,31.503858397639963,1.0,560,681,1241,0.0,0.0008333472224535399,0.9996776792908957,0.0
37805,31.504691744862416,1.0,560,681,1241,0.0,0.0008333472224535399,0.9996776792908957,0.0
37806,31.50552509208487,1.0,560,681,1241,0.0,0.0008333472224535399,0.999758259468172,8.058017727639034e-05
37807,31.506358439307323,1.0,560,681,1241,0.0,0.0008333472224535399,0.9998388396454484,8.058017727639034e-05
37808,31.507191786529777,1.0,560,681,1241,0.0,0.0008333472224535399,0.9999194198227247,8.058017727639034e-05
37809,31.50802513375223,0.9991941982272361,560,681,1241,-0.0008058017727639033,0.0008333472224535399,0.9999194198227247,0.0
37810,31.508858480974684,1.0,560,681,1241,0.0008058017727639033,0.0008333472224535399,0.9999194198227247,0.0
37811,31.509691828197138,1.0,560,681,1241,0.0,0.0008333472224535399,0.9999194198227247,0.0
37812,31.51052517541959,1.0,560,681,1241,0.0,0.0008333472224535399,0.9999194198227247,0.0
37813,31.511358522642045,1.0,560,681,1241,0.0,0.0008333472224535399,0.9999194198227247,0.0
37814,31.5121918698645,1.0,560,681,1241,0.0,0.0008333472224535399,0.9999194198227247,0.0
37815,31.513025217086952,1.0,560,681,1241,0.0,0.0008333472224535399,0.9999194198227247,0.0
37816,31.513858564309405,1.0,560,681,1241,0.0,0.0008333472224535399,0.9999194198227247,0.0
37817,31.51469191153186,1.0,560,681,1241,0.0,0.0008333472224535399,0.9999194198227247,0.0
37818,31.515525258754312,0.9991941982272361,560,681,1241,-0.0008058017727639033,0.0008333472224535399,0.9998388396454484,-8.058017727639034e-05
37819,31.516358605976766,1.0,560,681,1241,0.0008058017727639033,0.0008333472224535399,0.9999194198227247,8.058017727639034e-05
37820,31.517191953199223,1.0,560,681,1241,0.0,0.0008333472224570926,0.9999194198227247,0.0
37821,31.518025300421677,1.0,560,681,1241,0.0,0.0008333472224535399,0.9999194198227247,0.0
37822,31.51885864764413,1.0,560,681,1241,0.0,0.0008333472224535399,0.9999194198227247,0.0
37823,31.519691994866584,1.0,560,681,1241,0.0,0.0008333472224535399,0.9999194198227247,0.0
37824,31.520525342089037,1.0,560,681,1241,0.0,0.0008333472224535399,0.9999194198227247,0.0
37825,31.52135868931149,1.0,560,681,1241,0.0,0.0008333472224535399,0.9999194198227247,0.0
37826,31.522192036533944,1.0,560,681,1241,0.0,0.0008333472224535399,0.9999194198227247,0.0
37827,31.523025383756398,1.0,560,681,1241,0.0,0.0008333472224535399,0.9999194198227247,0.0
37828,31.52385873097885,1.0,560,681,1241,0.0,0.0008333472224535399,1.000000000000001,8.058017727639034e-05
37829,31.524692078201305,1.0,560,681,1241,0.0,0.0008333472224535399,1.000000000000001,0.0
37830,31.52552542542376,1.0,560,681,1241,0.0,0.0008333472224535399,1.000000000000001,0.0
37831,31.526358772646212,1.0,560,681,1241,0.0,0.0008333472224535399,1.000000000000001,0.0
37832,31.527192119868666,1.0,560,681,1241,0.0,0.0008333472224535399,1.000000000000001,0.0
37833,31.52802546709112,1.0,560,681,1241,0.0,0.0008333472224535399,1.000000000000001,0.0
37834,31.528858814313573,1.0,560,681,1241,0.0,0.0008333472224535399,1.000000000000001,0.0
37835,31.529692161536026,1.0,560,681,1241,0.0,0.0008333472224535399,1.000000000000001,0.0
37836,31.53052550875848,1.0,560,681,1241,0.0,0.0008333472224535399,1.000000000000001,0.0
37837,31.531358855980933,1.0,560,681,1241,0.0,0.0008333472224535399,1.000000000000001,0.0
37838,31.532192203203387,1.0,560,681,1241,0.0,0.0008333472224535399,1.000000000000001,0.0
37839,31.53302555042584,1.0,560,681,1241,0.0,0.0008333472224535399,1.000000000000001,0.0
37840,31.533858897648294,1.0,560,681,1241,0.0,0.0008333472224535399,1.000000000000001,0.0
37841,31.534692244870747,1.0,560,681,1241,0.0,0.0008333472224535399,1.000000000000001,0.0
37842,31.535525592093204,1.0,560,681,1241,0.0,0.0008333472224570926,1.000000000000001,0.0
37843,31.536358939315658,1.0,560,681,1241,0.0,0.0008333472224535399,1.000000000000001,0.0
37844,31.53719228653811,1.0,560,681,1241,0.0,0.0008333472224535399,1.000000000000001,0.0
37845,31.538025633760565,1.0,560,681,1241,0.0,0.0008333472224535399,1.000000000000001,0.0
37846,31.53885898098302,1.0,560,681,1241,0.0,0.0008333472224535399,1.000000000000001,0.0
37847,31.539692328205472,1.0,560,681,1241,0.0,0.0008333472224535399,1.000000000000001,0.0
37848,31.540525675427926,1.0,560,681,1241,0.0,0.0008333472224535399,1.000000000000001,0.0
37849,31.54135902265038,1.0,560,681,1241,0.0,0.0008333472224535399,1.000000000000001,0.0
37850,31.542192369872833,0.9991941982272361,560,681,1241,-0.0008058017727639033,0.0008333472224535399,0.9999194198227247,-8.058017727639034e-05
37851,31.543025717095286,0.9991941982272361,560,681,1241,0.0,0.0008333472224535399,0.9998388396454484,-8.058017727639034e-05
37852,31.54385906431774,0.9983883964544722,560,681,1241,-0.0008058017727639033,0.0008333472224535399,0.9996776792908957,-0.00016116035455278067
37853,31.544692411540193,0.9991941982272361,560,681,1241,0.0008058017727639033,0.0008333472224535399,0.9995970991136194,-8.058017727639034e-05
37854,31.545525758762647,0.9991941982272361,560,681,1241,0.0,0.0008333472224535399,0.999516518936343,-8.058017727639034e-05
37855,31.5463591059851,1.0,560,681,1241,0.0008058017727639033,0.0008333472224535399,0.999516518936343,0.0
37856,31.547192453207554,1.0,560,681,1241,0.0,0.0008333472224535399,0.999516518936343,0.0
37857,31.548025800430008,1.0,560,681,1241,0.0,0.0008333472224535399,0.999516518936343,0.0
37858,31.54885914765246,1.0,560,681,1241,0.0,0.0008333472224535399,0.999516518936343,0.0
37859,31.549692494874915,1.0,560,681,1241,0.0,0.0008333472224535399,0.999516518936343,0.0
37860,31.550525842097368,1.0,560,681,1241,0.0,0.0008333472224535399,0.9995970991136194,8.058017727639034e-05
37861,31.55135918931982,1.0,560,681,1241,0.0,0.0008333472224535399,0.9996776792908957,8.058017727639034e-05
37862,31.552192536542275,1.0,560,681,1241,0.0,0.0008333472224535399,0.9998388396454484,0.00016116035455278067
37863,31.553025883764732,1.0,560,681,1241,0.0,0.0008333472224570926,0.9999194198227247,8.058017727639034e-05
37864,31.553859230987186,1.0,560,681,1241,0.0,0.0008333472224535399,1.000000000000001,8.058017727639034e-05
37865,31.55469257820964,1.0,560,681,1241,0.0,0.0008333472224535399,1.000000000000001,0.0
37866,31.555525925432093,1.0,560,681,1241,0.0,0.0008333472224535399,1.000000000000001,0.0
37867,31.556359272654547,1.0,560,681,1241,0.0,0.0008333472224535399,1.000000000000001,0.0
37868,31.557192619877,1.0,560,681,1241,0.0,0.0008333472224535399,1.000000000000001,0.0
37869,31.558025967099454,1.0,560,681,1241,0.0,0.0008333472224535399,1.000000000000001,0.0
37870,31.558859314321907,1.0,560,681,1241,0.0,0.0008333472224535399,1.000000000000001,0.0
37871,31.55969266154436,1.0,560,681,1241,0.0,0.0008333472224535399,1.000000000000001,0.0
37872,31.560526008766814,1.0,560,681,1241,0.0,0.0008333472224535399,1.000000000000001,0.0
37873,31.561359355989268,1.0,560,681,1241,0.0,0.0008333472224535399,1.000000000000001,0.0
37874,31.56219270321172,1.0,560,681,1241,0.0,0.0008333472224535399,1.000000000000001,0.0
37875,31.563026050434175,0.9991941982272361,560,681,1241,-0.0008058017727639033,0.0008333472224535399,0.9999194198227247,-8.058017727639034e-05
37876,31.56385939765663,0.9991941982272361,560,681,1241,0.0,0.0008333472224535399,0.9998388396454484,-8.058017727639034e-05
37877,31.564692744879082,1.0,560,681,1241,0.0008058017727639033,0.0008333472224535399,0.9998388396454484,0.0
37878,31.565526092101535,1.0,560,681,1241,0.0,0.0008333472224535399,0.9998388396454484,0.0
37879,31.56635943932399,1.0,560,681,1241,0.0,0.0008333472224535399,0.9998388396454484,0.0
37880,31.567192786546443,1.0,560,681,1241,0.0,0.0008333472224535399,0.9998388396454484,0.0
37881,31.568026133768896,1.0,560,681,1241,0.0,0.0008333472224535399,0.9998388396454484,0.0
37882,31.56885948099135,1.0,560,681,1241,0.0,0.0008333472224535399,0.9998388396454484,0.0
37883,31.569692828213803,1.0,560,681,1241,0.0,0.0008333472224535399,0.9998388396454484,0.0
37884,31.57052617543626,1.0,560,681,1241,0.0,0.0008333472224570926,0.9998388396454484,0.0
37885,31.571359522658714,1.0,560,681,1241,0.0,0.0008333472224535399,0.9999194198227247,8.058017727639034e-05
37886,31.572192869881167,1.0,560,681,1241,0.0,0.0008333472224535399,1.000000000000001,8.058017727639034e-05
37887,31.57302621710362,1.0,560,681,1241,0.0,0.0008333472224535399,1.000000000000001,0.0
37888,31.573859564326074,1.0,560,681,1241,0.0,0.0008333472224535399,1.000000000000001,0.0
37889,31.574692911548528,1.0,560,681,1241,0.0,0.0008333472224535399,1.000000000000001,0.0
37890,31.57552625877098,1.0,560,681,1241,0.0,0.0008333472224535399,1.000000000000001,0.0
37891,31.576359605993435,1.0,560,681,1241,0.0,0.0008333472224535399,1.000000000000001,0.0
37892,31.57719295321589,1.0,560,681,1241,0.0,0.0008333472224535399,1.000000000000001,0.0
37893,31.578026300438342,1.0,560,681,1241,0.0,0.0008333472224535399,1.000000000000001,0.0
37894,31.578859647660796,1.0,560,681,1241,0.0,0.0008333472224535399,1.000000000000001,0.0
37895,31.57969299488325,1.0,560,681,1241,0.0,0.0008333472224535399,1.000000000000001,0.0
37896,31.580526342105703,1.0,560,681,1241,0.0,0.0008333472224535399,1.000000000000001,0.0
37897,31.581359689328156,1.0,560,681,1241,0.0,0.0008333472224535399,1.000000000000001,0.0
37898,31.58219303655061,1.0,560,681,1241,0.0,0.0008333472224535399,1.000000000000001,0.0
37899,31.583026383773063,1.0,560,681,1241,0.0,0.0008333472224535399,1.000000000000001,0.0
37900,31.583859730995517,1.0,560,681,1241,0.0,0.0008333472224535399,1.000000000000001,0.0
37901,31.58469307821797,0.9991941982272361,560,681,1241,-0.0008058017727639033,0.0008333472224535399,0.9999194198227247,-8.058017727639034e-05
37902,31.585526425440424,0.9983883964544722,560,681,1241,-0.0008058017727639033,0.0008333472224535399,0.999758259468172,-0.00016116035455278067
37903,31.586359772662878,0.9991941982272361,560,681,1241,0.0008058017727639033,0.0008333472224535399,0.9996776792908957,-8.058017727639034e-05
37904,31.58719311988533,0.9991941982272361,560,681,1241,0.0,0.0008333472224535399,0.9995970991136194,-8.058017727639034e-05
37905,31.588026467107788,1.0,560,681,1241,0.0008058017727639033,0.0008333472224570926,0.9995970991136194,0.0
37906,31.58885981433024,1.0,560,681,1241,0.0,0.0008333472224535399,0.9995970991136194,0.0
37907,31.589693161552695,1.0,560,681,1241,0.0,0.0008333472224535399,0.9995970991136194,0.0
37908,31.59052650877515,0.9991941982272361,560,681,1241,-0.0008058017727639033,0.0008333472224535399,0.999516518936343,-8.058017727639034e-05
37909,31.591359855997602,0.9991941982272361,560,681,1241,0.0,0.0008333472224535399,0.9994359387590667,-8.058017727639034e-05
37910,31.592193203220056,0.9991941982272361,560,681,1241,0.0,0.0008333472224535399,0.9993553585817903,-8.058017727639034e-05
37911,31.59302655044251,0.9991941982272361,560,681,1241,0.0,0.0008333472224535399,0.9993553585817903,0.0
37912,31.593859897664963,0.9991941982272361,560,681,1241,0.0,0.0008333472224535399,0.9994359387590667,8.058017727639034e-05
37913,31.594693244887416,0.9991941982272361,560,681,1241,0.0,0.0008333472224535399,0.9994359387590667,0.0
37914,31.59552659210987,1.0,560,681,1241,0.0008058017727639033,0.0008333472224535399,0.999516518936343,8.058017727639034e-05
37915,31.596359939332324,1.0,560,681,1241,0.0,0.0008333472224535399,0.999516518936343,0.0
37916,31.597193286554777,1.0,560,681,1241,0.0,0.0008333472224535399,0.999516518936343,0.0
37917,31.59802663377723,1.0,560,681,1241,0.0,0.0008333472224535399,0.999516518936343,0.0
37918,31.598859980999684,1.0,560,681,1241,0.0,0.0008333472224535399,0.9995970991136194,8.058017727639034e-05
37919,31.599693328222138,1.0,560,681,1241,0.0,0.0008333472224535399,0.9996776792908957,8.058017727639034e-05
37920,31.60052667544459,0.9991941982272361,560,681,1241,-0.0008058017727639033,0.0008333472224535399,0.9996776792908957,0.0
37921,31.601360022667045,0.9991941982272361,560,681,1241,0.0,0.0008333472224535399,0.9996776792908957,0.0
37922,31.6021933698895,0.9991941982272361,560,681,1241,0.0,0.0008333472224535399,0.9996776792908957,0.0
37923,31.603026717111952,1.0,560,681,1241,0.0008058017727639033,0.0008333472224535399,0.999758259468172,8.058017727639034e-05
37924,31.603860064334405,1.0,560,681,1241,0.0,0.0008333472224535399,0.999758259468172,0.0
37925,31.60469341155686,1.0,560,681,1241,0.0,0.0008333472224535399,0.999758259468172,0.0
37926,31.605526758779316,1.0,560,681,1241,0.0,0.0008333472224570926,0.999758259468172,0.0
37927,31.60636010600177,1.0,560,681,1241,0.0,0.0008333472224535399,0.999758259468172,0.0
37928,31.607193453224223,1.0,560,681,1241,0.0,0.0008333472224535399,0.999758259468172,0.0
37929,31.608026800446677,0.9991941982272361,560,681,1241,-0.0008058017727639033,0.0008333472224535399,0.9996776792908957,-8.058017727639034e-05
37930,31.60886014766913,1.0,560,681,1241,0.0008058017727639033,0.0008333472224535399,0.999758259468172,8.058017727639034e-05
37931,31.609693494891584,0.9991941982272361,560,681,1241,-0.0008058017727639033,0.0008333472224535399,0.999758259468172,0.0
37932,31.610526842114037,0.9991941982272361,560,681,1241,0.0,0.0008333472224535399,0.999758259468172,0.0
37933,31.61136018933649,1.0,560,681,1241,0.0008058017727639033,0.0008333472224535399,0.999758259468172,0.0
37934,31.612193536558944,1.0,560,681,1241,0.0,0.0008333472224535399,0.999758259468172,0.0
37935,31.613026883781398,1.0,560,681,1241,0.0,0.0008333472224535399,0.999758259468172,0.0
37936,31.61386023100385,1.0,560,681,1241,0.0,0.0008333472224535399,0.999758259468172,0.0
37937,31.614693578226305,1.0,560,681,1241,0.0,0.0008333472224535399,0.999758259468172,0.0
37938,31.61552692544876,1.0,560,681,1241,0.0,0.0008333472224535399,0.999758259468172,0.0
37939,31.616360272671212,1.0,560,681,1241,0.0,0.0008333472224535399,0.9998388396454484,8.058017727639034e-05
37940,31.617193619893666,0.9991941982272361,560,681,1241,-0.0008058017727639033,0.0008333472224535399,0.999758259468172,-8.058017727639034e-05
37941,31.61802696711612,0.9991941982272361,560,681,1241,0.0,0.0008333472224535399,0.999758259468172,0.0
37942,31.618860314338573,0.9991941982272361,560,681,1241,0.0,0.0008333472224535399,0.999758259468172,0.0
37943,31.619693661561026,0.9991941982272361,560,681,1241,0.0,0.0008333472224535399,0.9996776792908957,-8.058017727639034e-05
37944,31.62052700878348,0.9983883964544722,560,681,1241,-0.0008058017727639033,0.0008333472224535399,0.999516518936343,-0.00016116035455278067
37945,31.621360356005933,0.9991941982272361,560,681,1241,0.0008058017727639033,0.0008333472224535399,0.9994359387590667,-8.058017727639034e-05
37946,31.622193703228387,1.0,560,681,1241,0.0008058017727639033,0.0008333472224535399,0.9994359387590667,0.0
37947,31.623027050450844,1.0,560,681,1241,0.0,0.0008333472224570926,0.9994359387590667,0.0
37948,31.623860397673297,1.0,560,681,1241,0.0,0.0008333472224535399,0.9994359387590667,0.0
37949,31.62469374489575,0.9983883964544722,560,681,1241,-0.0016116035455278066,0.0008333472224535399,0.999274778404514,-0.00016116035455278067
37950,31.625527092118205,0.9991941982272361,560,681,1241,0.0008058017727639033,0.0008333472224535399,0.999274778404514,0.0
37951,31.626360439340658,0.9991941982272361,560,681,1241,0.0,0.0008333472224535399,0.999274778404514,0.0
37952,31.62719378656311,1.0,560,681,1241,0.0008058017727639033,0.0008333472224535399,0.9993553585817903,8.058017727639034e-05
37953,31.628027133785565,1.0,560,681,1241,0.0,0.0008333472224535399,0.9994359387590667,8.058017727639034e-05
37954,31.62886048100802,1.0,560,681,1241,0.0,0.0008333472224535399,0.9995970991136194,0.00016116035455278067
37955,31.629693828230472,1.0,560,681,1241,0.0,0.0008333472224535399,0.9996776792908957,8.058017727639034e-05
37956,31.630527175452926,1.0,560,681,1241,0.0,0.0008333472224535399,0.9996776792908957,0.0
37957,31.63136052267538,1.0,560,681,1241,0.0,0.0008333472224535399,0.9996776792908957,0.0
37958,31.632193869897833,1.0,560,681,1241,0.0,0.0008333472224535399,0.9996776792908957,0.0
37959,31.633027217120286,1.0,560,681,1241,0.0,0.0008333472224535399,0.9998388396454484,0.00016116035455278067
37960,31.63386056434274,1.0,560,681,1241,0.0,0.0008333472224535399,0.9999194198227247,8.058017727639034e-05
37961,31.634693911565194,1.0,560,681,1241,0.0,0.0008333472224535399,1.000000000000001,8.058017727639034e-05
37962,31.635527258787647,1.0,560,681,1241,0.0,0.0008333472224535399,1.000000000000001,0.0
37963,31.6363606060101,1.0,560,681,1241,0.0,0.0008333472224535399,1.000000000000001,0.0
37964,31.637193953232554,1.0,560,681,1241,0.0,0.0008333472224535399,1.000000000000001,0.0
37965,31.638027300455008,1.0,560,681,1241,0.0,0.0008333472224535399,1.000000000000001,0.0
37966,31.63886064767746,1.0,560,681,1241,0.0,0.0008333472224535399,1.000000000000001,0.0
37967,31.639693994899915,1.0,560,681,1241,0.0,0.0008333472224535399,1.000000000000001,0.0
37968,31.64052734212237,1.0,560,681,1241,0.0,0.0008333472224535399,1.000000000000001,0.0
37969,31.641360689344825,1.0,560,681,1241,0.0,0.0008333472224570926,1.000000000000001,0.0
37970,31.64219403656728,1.0,560,681,1241,0.0,0.0008333472224535399,1.000000000000001,0.0
37971,31.643027383789732,1.0,560,681,1241,0.0,0.0008333472224535399,1.000000000000001,0.0
37972,31.643860731012186,1.0,560,681,1241,0.0,0.0008333472224535399,1.000000000000001,0.0
37973,31.64469407823464,1.0,560,681,1241,0.0,0.0008333472224535399,1.000000000000001,0.0
37974,31.645527425457093,1.0,560,681,1241,0.0,0.0008333472224535399,1.000000000000001,0.0
37975,31.646360772679547,1.0,560,681,1241,0.0,0.0008333472224535399,1.000000000000001,0.0
37976,31.647194119902,1.0,560,681,1241,0.0,0.0008333472224535399,1.000000000000001,0.0
37977,31.648027467124454,1.0,560,681,1241,0.0,0.0008333472224535399,1.000000000000001,0.0
37978,31.648860814346907,0.9991941982272361,560,681,1241,-0.0008058017727639033,0.0008333472224535399,0.9999194198227247,-8.058017727639034e-05
37979,31.64969416156936,0.9991941982272361,560,681,1241,0.0,0.0008333472224535399,0.9998388396454484,-8.058017727639034e-05
37980,31.650527508791814,0.9991941982272361,560,681,1241,0.0,0.0008333472224535399,0.999758259468172,-8.058017727639034e-05
37981,31.651360856014268,0.9991941982272361,560,681,1241,0.0,0.0008333472224535399,0.9996776792908957,-8.058017727639034e-05
37982,31.65219420323672,1.0,560,681,1241,0.0008058017727639033,0.0008333472224535399,0.9996776792908957,0.0
37983,31.653027550459175,0.9991941982272361,560,681,1241,-0.0008058017727639033,0.0008333472224535399,0.9995970991136194,-8.058017727639034e-05
37984,31.65386089768163,0.9991941982272361,560,681,1241,0.0,0.0008333472224535399,0.999516518936343,-8.058017727639034e-05
37985,31.654694244904082,0.9991941982272361,560,681,1241,0.0,0.0008333472224535399,0.9994359387590667,-8.058017727639034e-05
37986,31.655527592126536,1.0,560,681,1241,0.0008058017727639033,0.0008333472224535399,0.9994359387590667,0.0
37987,31.65636093934899,1.0,560,681,1241,0.0,0.0008333472224535399,0.9994359387590667,0.0
37988,31.657194286571443,1.0,560,681,1241,0.0,0.0008333472224535399,0.999516518936343,8.058017727639034e-05
37989,31.658027633793896,1.0,560,681,1241,0.0,0.0008333472224535399,0.9995970991136194,8.058017727639034e-05
37990,31.658860981016353,1.0,560,681,1241,0.0,0.0008333472224570926,0.9996776792908957,8.058017727639034e-05
37991,31.659694328238807,1.0,560,681,1241,0.0,0.0008333472224535399,0.999758259468172,8.058017727639034e-05
37992,31.66052767546126,1.0,560,681,1241,0.0,0.0008333472224535399,0.999758259468172,0.0
37993,31.661361022683714,1.0,560,681,1241,0.0,0.0008333472224535399,0.9998388396454484,8.058017727639034e-05
37994,31.662194369906167,1.0,560,681,1241,0.0,0.0008333472224535399,0.9999194198227247,8.058017727639034e-05
37995,31.66302771712862,0.9983883964544722,560,681,1241,-0.0016116035455278066,0.0008333472224535399,0.9998388396454484,-8.058017727639034e-05
37996,31.663861064351075,0.9983883964544722,560,681,1241,0.0,0.0008333472224535399,0.9996776792908957,-0.00016116035455278067
37997,31.664694411573528,0.9975825946817083,560,681,1241,-0.0008058017727639033,0.0008333472224535399,0.9994359387590664,-0.00024174053182917098
37998,31.66552775879598,0.9983883964544722,560,681,1241,0.0008058017727639033,0.0008333472224535399,0.9992747784045136,-0.00016116035455278067
37999,31.666361106018435,0.9991941982272361,560,681,1241,0.0008058017727639033,0.0008333472224535399,0.9991941982272372,-8.058017727639034e-05
38000,31.66719445324089,0.9991941982272361,560,681,1241,0.0,0.0008333472224535399,0.9991136180499609,-8.058017727639034e-05
38001,31.668027800463342,0.9983883964544722,560,681,1241,-0.0008058017727639033,0.0008333472224535399,0.9989524576954082,-0.00016116035455278067
38002,31.668861147685796,0.9983883964544722,560,681,1241,0.0,0.0008333472224535399,0.9987912973408555,-0.00016116035455278067
38003,31.66969449490825,0.9991941982272361,560,681,1241,0.0008058017727639033,0.0008333472224535399,0.9987107171635792,-8.058017727639034e-05
38004,31.670527842130703,0.9991941982272361,560,681,1241,0.0,0.0008333472224535399,0.9986301369863029,-8.058017727639034e-05
38005,31.671361189353156,0.9983883964544722,560,681,1241,-0.0008058017727639033,0.0008333472224535399,0.9986301369863029,0.0
38006,31.67219453657561,1.0,560,681,1241,0.0016116035455278066,0.0008333472224535399,0.9987912973408555,0.00016116035455278067
38007,31.673027883798063,1.0,560,681,1241,0.0,0.0008333472224535399,0.9990330378726847,0.00024174053182917098
38008,31.673861231020517,1.0,560,681,1241,0.0,0.0008333472224535399,0.9991941982272377,0.00016116035455278067
38009,31.67469457824297,1.0,560,681,1241,0.0,0.0008333472224535399,0.999274778404514,8.058017727639034e-05
38010,31.675527925465424,1.0,560,681,1241,0.0,0.0008333472224535399,0.9993553585817903,8.058017727639034e-05
38011,31.67636127268788,1.0,560,681,1241,0.0,0.0008333472224570926,0.999516518936343,0.00016116035455278067
38012,31.677194619910335,1.0,560,681,1241,0.0,0.0008333472224535399,0.9996776792908957,0.00016116035455278067
38013,31.67802796713279,1.0,560,681,1241,0.0,0.0008333472224535399,0.999758259468172,8.058017727639034e-05
38014,31.67886131435524,1.0,560,681,1241,0.0,0.0008333472224535399,0.9998388396454484,8.058017727639034e-05
38015,31.679694661577695,1.0,560,681,1241,0.0,0.0008333472224535399,1.000000000000001,0.00016116035455278067
38016,31.68052800880015,1.0,560,681,1241,0.0,0.0008333472224535399,1.000000000000001,0.0
38017,31.681361356022602,1.0,560,681,1241,0.0,0.0008333472224535399,1.000000000000001,0.0
38018,31.682194703245056,1.0,560,681,1241,0.0,0.0008333472224535399,1.000000000000001,0.0
38019,31.68302805046751,1.0,560,681,1241,0.0,0.0008333472224535399,1.000000000000001,0.0
38020,31.683861397689963,1.0,560,681,1241,0.0,0.0008333472224535399,1.000000000000001,0.0
38021,31.684694744912417,1.0,560,681,1241,0.0,0.0008333472224535399,1.000000000000001,0.0
38022,31.68552809213487,1.0,560,681,1241,0.0,0.0008333472224535399,1.000000000000001,0.0
38023,31.686361439357324,1.0,560,681,1241,0.0,0.0008333472224535399,1.000000000000001,0.0
38024,31.687194786579777,1.0,560,681,1241,0.0,0.0008333472224535399,1.000000000000001,0.0
38025,31.68802813380223,1.0,560,681,1241,0.0,0.0008333472224535399,1.000000000000001,0.0
38026,31.688861481024684,1.0,560,681,1241,0.0,0.0008333472224535399,1.000000000000001,0.0
38027,31.689694828247138,1.0,560,681,1241,0.0,0.0008333472224535399,1.000000000000001,0.0
38028,31.69052817546959,1.0,560,681,1241,0.0,0.0008333472224535399,1.000000000000001,0.0
38029,31.691361522692045,1.0,560,681,1241,0.0,0.0008333472224535399,1.000000000000001,0.0
38030,31.6921948699145,1.0,560,681,1241,0.0,0.0008333472224535399,1.000000000000001,0.0
38031,31.693028217136952,1.0,560,681,1241,0.0,0.0008333472224535399,1.000000000000001,0.0
38032,31.69386156435941,1.0,560,681,1241,0.0,0.0008333472224570926,1.000000000000001,0.0
38033,31.694694911581863,1.0,560,681,1241,0.0,0.0008333472224535399,1.000000000000001,0.0
38034,31.695528258804316,1.0,560,681,1241,0.0,0.0008333472224535399,1.000000000000001,0.0
38035,31.69636160602677,1.0,560,681,1241,0.0,0.0008333472224535399,1.000000000000001,0.0
38036,31.697194953249223,1.0,560,681,1241,0.0,0.0008333472224535399,1.000000000000001,0.0
38037,31.698028300471677,1.0,560,681,1241,0.0,0.0008333472224535399,1.000000000000001,0.0
38038,31.69886164769413,1.0,560,681,1241,0.0,0.0008333472224535399,1.000000000000001,0.0
38039,31.699694994916584,1.0,560,681,1241,0.0,0.0008333472224535399,1.000000000000001,0.0
38040,31.700528342139037,1.0,560,681,1241,0.0,0.0008333472224535399,1.000000000000001,0.0
38041,31.70136168936149,1.0,560,681,1241,0.0,0.0008333472224535399,1.000000000000001,0.0
38042,31.702195036583944,1.0,560,681,1241,0.0,0.0008333472224535399,1.000000000000001,0.0
38043,31.703028383806398,1.0,560,681,1241,0.0,0.0008333472224535399,1.000000000000001,0.0
38044,31.70386173102885,1.0,560,681,1241,0.0,0.0008333472224535399,1.000000000000001,0.0
38045,31.704695078251305,1.0,560,681,1241,0.0,0.0008333472224535399,1.000000000000001,0.0
38046,31.70552842547376,1.0,560,681,1241,0.0,0.0008333472224535399,1.000000000000001,0.0
38047,31.706361772696212,1.0,560,681,1241,0.0,0.0008333472224535399,1.000000000000001,0.0
38048,31.707195119918666,1.0,560,681,1241,0.0,0.0008333472224535399,1.000000000000001,0.0
38049,31.70802846714112,1.0,560,681,1241,0.0,0.0008333472224535399,1.000000000000001,0.0
38050,31.708861814363573,1.0,560,681,1241,0.0,0.0008333472224535399,1.000000000000001,0.0
38051,31.709695161586026,1.0,560,681,1241,0.0,0.0008333472224535399,1.000000000000001,0.0
38052,31.71052850880848,1.0,560,681,1241,0.0,0.0008333472224535399,1.000000000000001,0.0
38053,31.711361856030937,1.0,560,681,1241,0.0,0.0008333472224570926,1.000000000000001,0.0
38054,31.71219520325339,0.9991941982272361,560,681,1241,-0.0008058017727639033,0.0008333472224535399,0.9999194198227247,-8.058017727639034e-05
38055,31.713028550475844,0.9991941982272361,560,681,1241,0.0,0.0008333472224535399,0.9998388396454484,-8.058017727639034e-05
38056,31.713861897698298,0.9991941982272361,560,681,1241,0.0,0.0008333472224535399,0.999758259468172,-8.058017727639034e-05
38057,31.71469524492075,0.9983883964544722,560,681,1241,-0.0008058017727639033,0.0008333472224535399,0.9995970991136194,-0.00016116035455278067
38058,31.715528592143205,0.9983883964544722,560,681,1241,0.0,0.0008333472224535399,0.9994359387590667,-0.00016116035455278067
38059,31.716361939365658,0.9991941982272361,560,681,1241,0.0008058017727639033,0.0008333472224535399,0.9993553585817903,-8.058017727639034e-05
38060,31.71719528658811,0.9991941982272361,560,681,1241,0.0,0.0008333472224535399,0.999274778404514,-8.058017727639034e-05
38061,31.718028633810565,1.0,560,681,1241,0.0008058017727639033,0.0008333472224535399,0.999274778404514,0.0
38062,31.71886198103302,1.0,560,681,1241,0.0,0.0008333472224535399,0.999274778404514,0.0
38063,31.719695328255472,1.0,560,681,1241,0.0,0.0008333472224535399,0.999274778404514,0.0
38064,31.720528675477926,1.0,560,681,1241,0.0,0.0008333472224535399,0.9993553585817903,8.058017727639034e-05
38065,31.72136202270038,1.0,560,681,1241,0.0,0.0008333472224535399,0.9994359387590667,8.058017727639034e-05
38066,31.722195369922833,1.0,560,681,1241,0.0,0.0008333472224535399,0.999516518936343,8.058017727639034e-05
38067,31.723028717145286,1.0,560,681,1241,0.0,0.0008333472224535399,0.9996776792908957,0.00016116035455278067
38068,31.72386206436774,1.0,560,681,1241,0.0,0.0008333472224535399,0.9998388396454484,0.00016116035455278067
38069,31.724695411590194,1.0,560,681,1241,0.0,0.0008333472224535399,0.9999194198227247,8.058017727639034e-05
38070,31.725528758812647,1.0,560,681,1241,0.0,0.0008333472224535399,1.000000000000001,8.058017727639034e-05
38071,31.7263621060351,1.0,560,681,1241,0.0,0.0008333472224535399,1.000000000000001,0.0
38072,31.727195453257554,1.0,560,681,1241,0.0,0.0008333472224535399,1.000000000000001,0.0
38073,31.728028800480008,1.0,560,681,1241,0.0,0.0008333472224535399,1.000000000000001,0.0
38074,31.72886214770246,0.9991941982272361,560,681,1241,-0.0008058017727639033,0.0008333472224535399,0.9999194198227247,-8.058017727639034e-05
38075,31.72969549492492,0.9991941982272361,560,681,1241,0.0,0.0008333472224570926,0.9998388396454484,-8.058017727639034e-05
38076,31.730528842147372,0.9991941982272361,560,681,1241,0.0,0.0008333472224535399,0.999758259468172,-8.058017727639034e-05
38077,31.731362189369825,0.9991941982272361,560,681,1241,0.0,0.0008333472224535399,0.9996776792908957,-8.058017727639034e-05
38078,31.73219553659228,0.9991941982272361,560,681,1241,0.0,0.0008333472224535399,0.9995970991136194,-8.058017727639034e-05
38079,31.733028883814733,0.9991941982272361,560,681,1241,0.0,0.0008333472224535399,0.999516518936343,-8.058017727639034e-05
38080,31.733862231037186,0.9991941982272361,560,681,1241,0.0,0.0008333472224535399,0.9994359387590667,-8.058017727639034e-05
38081,31.73469557825964,0.9991941982272361,560,681,1241,0.0,0.0008333472224535399,0.9993553585817903,-8.058017727639034e-05
38082,31.735528925482093,0.9991941982272361,560,681,1241,0.0,0.0008333472224535399,0.999274778404514,-8.058017727639034e-05
38083,31.736362272704547,0.9991941982272361,560,681,1241,0.0,0.0008333472224535399,0.9991941982272377,-8.058017727639034e-05
38084,31.737195619927,0.9991941982272361,560,681,1241,0.0,0.0008333472224535399,0.9991941982272377,0.0
38085,31.738028967149454,0.9991941982272361,560,681,1241,0.0,0.0008333472224535399,0.9991941982272377,0.0
38086,31.738862314371907,0.9991941982272361,560,681,1241,0.0,0.0008333472224535399,0.9991941982272377,0.0
38087,31.73969566159436,0.9991941982272361,560,681,1241,0.0,0.0008333472224535399,0.9991941982272377,0.0
38088,31.740529008816814,0.9991941982272361,560,681,1241,0.0,0.0008333472224535399,0.9991941982272377,0.0
38089,31.741362356039268,0.9991941982272361,560,681,1241,0.0,0.0008333472224535399,0.9991941982272377,0.0
38090,31.74219570326172,0.9991941982272361,560,681,1241,0.0,0.0008333472224535399,0.9991941982272377,0.0
38091,31.743029050484175,0.9991941982272361,560,681,1241,0.0,0.0008333472224535399,0.9991941982272377,0.0
38092,31.74386239770663,0.9991941982272361,560,681,1241,0.0,0.0008333472224535399,0.9991941982272377,0.0
38093,31.744695744929082,0.9991941982272361,560,681,1241,0.0,0.0008333472224535399,0.9991941982272377,0.0
38094,31.745529092151536,0.9991941982272361,560,681,1241,0.0,0.0008333472224535399,0.9991941982272377,0.0
38095,31.74636243937399,1.0,560,681,1241,0.0008058017727639033,0.0008333472224535399,0.999274778404514,8.058017727639034e-05
38096,31.747195786596446,1.0,560,681,1241,0.0,0.0008333472224570926,0.9993553585817903,8.058017727639034e-05
38097,31.7480291338189,1.0,560,681,1241,0.0,0.0008333472224535399,0.9994359387590667,8.058017727639034e-05
38098,31.748862481041353,0.9991941982272361,560,681,1241,-0.0008058017727639033,0.0008333472224535399,0.9994359387590667,0.0
38099,31.749695828263807,1.0,560,681,1241,0.0008058017727639033,0.0008333472224535399,0.999516518936343,8.058017727639034e-05
38100,31.75052917548626,1.0,560,681,1241,0.0,0.0008333472224535399,0.9995970991136194,8.058017727639034e-05
38101,31.751362522708714,1.0,560,681,1241,0.0,0.0008333472224535399,0.9996776792908957,8.058017727639034e-05
38102,31.752195869931167,1.0,560,681,1241,0.0,0.0008333472224535399,0.999758259468172,8.058017727639034e-05
38103,31.75302921715362,1.0,560,681,1241,0.0,0.0008333472224535399,0.9998388396454484,8.058017727639034e-05
38104,31.753862564376075,1.0,560,681,1241,0.0,0.0008333472224535399,0.9999194198227247,8.058017727639034e-05
38105,31.754695911598528,1.0,560,681,1241,0.0,0.0008333472224535399,0.9999194198227247,0.0
38106,31.75552925882098,1.0,560,681,1241,0.0,0.0008333472224535399,0.9999194198227247,0.0
38107,31.756362606043435,1.0,560,681,1241,0.0,0.0008333472224535399,0.9999194198227247,0.0
38108,31.75719595326589,1.0,560,681,1241,0.0,0.0008333472224535399,1.000000000000001,8.058017727639034e-05
38109,31.758029300488342,1.0,560,681,1241,0.0,0.0008333472224535399,1.000000000000001,0.0
38110,31.758862647710796,1.0,560,681,1241,0.0,0.0008333472224535399,1.000000000000001,0.0
38111,31.75969599493325,1.0,560,681,1241,0.0,0.0008333472224535399,1.000000000000001,0.0
38112,31.760529342155703,1.0,560,681,1241,0.0,0.0008333472224535399,1.000000000000001,0.0
38113,31.761362689378156,1.0,560,681,1241,0.0,0.0008333472224535399,1.000000000000001,0.0
38114,31.76219603660061,1.0,560,681,1241,0.0,0.0008333472224535399,1.000000000000001,0.0
38115,31.763029383823064,1.0,560,681,1241,0.0,0.0008333472224535399,1.000000000000001,0.0
38116,31.763862731045517,1.0,560,681,1241,0.0,0.0008333472224535399,1.000000000000001,0.0
38117,31.764696078267974,1.0,560,681,1241,0.0,0.0008333472224570926,1.000000000000001,0.0
38118,31.765529425490428,1.0,560,681,1241,0.0,0.0008333472224535399,1.000000000000001,0.0
38119,31.76636277271288,1.0,560,681,1241,0.0,0.0008333472224535399,1.000000000000001,0.0
38120,31.767196119935335,1.0,560,681,1241,0.0,0.0008333472224535399,1.000000000000001,0.0
38121,31.76802946715779,1.0,560,681,1241,0.0,0.0008333472224535399,1.000000000000001,0.0
38122,31.768862814380242,1.0,560,681,1241,0.0,0.0008333472224535399,1.000000000000001,0.0
38123,31.769696161602695,1.0,560,681,1241,0.0,0.0008333472224535399,1.000000000000001,0.0
38124,31.77052950882515,1.0,560,681,1241,0.0,0.0008333472224535399,1.000000000000001,0.0
38125,31.771362856047602,1.0,560,681,1241,0.0,0.0008333472224535399,1.000000000000001,0.0
38126,31.772196203270056,1.0,560,681,1241,0.0,0.0008333472224535399,1.000000000000001,0.0
38127,31.77302955049251,1.0,560,681,1241,0.0,0.0008333472224535399,1.000000000000001,0.0
38128,31.773862897714963,0.9991941982272361,560,681,1241,-0.0008058017727639033,0.0008333472224535399,0.9999194198227247,-8.058017727639034e-05
38129,31.774696244937417,1.0,560,681,1241,0.0008058017727639033,0.0008333472224535399,0.9999194198227247,0.0
38130,31.77552959215987,1.0,560,681,1241,0.0,0.0008333472224535399,0.9999194198227247,0.0
38131,31.776362939382324,1.0,560,681,1241,0.0,0.0008333472224535399,0.9999194198227247,0.0
38132,31.777196286604777,1.0,560,681,1241,0.0,0.0008333472224535399,0.9999194198227247,0.0
38133,31.77802963382723,1.0,560,681,1241,0.0,0.0008333472224535399,0.9999194198227247,0.0
38134,31.778862981049684,0.9991941982272361,560,681,1241,-0.0008058017727639033,0.0008333472224535399,0.9998388396454484,-8.058017727639034e-05
38135,31.779696328272138,0.9991941982272361,560,681,1241,0.0,0.0008333472224535399,0.999758259468172,-8.058017727639034e-05
38136,31.78052967549459,0.9991941982272361,560,681,1241,0.0,0.0008333472224535399,0.9996776792908957,-8.058017727639034e-05
38137,31.781363022717045,0.9991941982272361,560,681,1241,0.0,0.0008333472224535399,0.9995970991136194,-8.058017727639034e-05
38138,31.782196369939502,0.9991941982272361,560,681,1241,0.0,0.0008333472224570926,0.9995970991136194,0.0
38139,31.783029717161956,0.9991941982272361,560,681,1241,0.0,0.0008333472224535399,0.999516518936343,-8.058017727639034e-05
38140,31.78386306438441,0.9991941982272361,560,681,1241,0.0,0.0008333472224535399,0.9994359387590667,-8.058017727639034e-05
38141,31.784696411606863,0.9991941982272361,560,681,1241,0.0,0.0008333472224535399,0.9993553585817903,-8.058017727639034e-05
38142,31.785529758829316,0.9991941982272361,560,681,1241,0.0,0.0008333472224535399,0.999274778404514,-8.058017727639034e-05
38143,31.78636310605177,0.9991941982272361,560,681,1241,0.0,0.0008333472224535399,0.9991941982272377,-8.058017727639034e-05
38144,31.787196453274223,0.9991941982272361,560,681,1241,0.0,0.0008333472224535399,0.9991941982272377,0.0
38145,31.788029800496677,0.9991941982272361,560,681,1241,0.0,0.0008333472224535399,0.9991941982272377,0.0
38146,31.78886314771913,0.9991941982272361,560,681,1241,0.0,0.0008333472224535399,0.9991941982272377,0.0
38147,31.789696494941584,0.9991941982272361,560,681,1241,0.0,0.0008333472224535399,0.9991941982272377,0.0
38148,31.790529842164037,0.9991941982272361,560,681,1241,0.0,0.0008333472224535399,0.9991941982272377,0.0
38149,31.79136318938649,1.0,560,681,1241,0.0008058017727639033,0.0008333472224535399,0.999274778404514,8.058017727639034e-05
38150,31.792196536608945,1.0,560,681,1241,0.0,0.0008333472224535399,0.9993553585817903,8.058017727639034e-05
38151,31.793029883831398,1.0,560,681,1241,0.0,0.0008333472224535399,0.9994359387590667,8.058017727639034e-05
38152,31.79386323105385,1.0,560,681,1241,0.0,0.0008333472224535399,0.999516518936343,8.058017727639034e-05
38153,31.794696578276305,1.0,560,681,1241,0.0,0.0008333472224535399,0.9995970991136194,8.058017727639034e-05
38154,31.79552992549876,1.0,560,681,1241,0.0,0.0008333472224535399,0.9996776792908957,8.058017727639034e-05
38155,31.796363272721212,1.0,560,681,1241,0.0,0.0008333472224535399,0.999758259468172,8.058017727639034e-05
38156,31.797196619943666,1.0,560,681,1241,0.0,0.0008333472224535399,0.9998388396454484,8.058017727639034e-05
38157,31.79802996716612,1.0,560,681,1241,0.0,0.0008333472224535399,0.9999194198227247,8.058017727639034e-05
38158,31.798863314388573,1.0,560,681,1241,0.0,0.0008333472224535399,1.000000000000001,8.058017727639034e-05
38159,31.79969666161103,1.0,560,681,1241,0.0,0.0008333472224570926,1.000000000000001,0.0
38160,31.800530008833483,1.0,560,681,1241,0.0,0.0008333472224535399,1.000000000000001,0.0
38161,31.801363356055937,1.0,560,681,1241,0.0,0.0008333472224535399,1.000000000000001,0.0
38162,31.80219670327839,1.0,560,681,1241,0.0,0.0008333472224535399,1.000000000000001,0.0
38163,31.803030050500844,1.0,560,681,1241,0.0,0.0008333472224535399,1.000000000000001,0.0
38164,31.803863397723298,1.0,560,681,1241,0.0,0.0008333472224535399,1.000000000000001,0.0
38165,31.80469674494575,0.9991941982272361,560,681,1241,-0.0008058017727639033,0.0008333472224535399,0.9999194198227247,-8.058017727639034e-05
38166,31.805530092168205,1.0,560,681,1241,0.0008058017727639033,0.0008333472224535399,0.9999194198227247,0.0
38167,31.80636343939066,1.0,560,681,1241,0.0,0.0008333472224535399,0.9999194198227247,0.0
38168,31.807196786613112,1.0,560,681,1241,0.0,0.0008333472224535399,0.9999194198227247,0.0
38169,31.808030133835565,1.0,560,681,1241,0.0,0.0008333472224535399,0.9999194198227247,0.0
38170,31.80886348105802,1.0,560,681,1241,0.0,0.0008333472224535399,0.9999194198227247,0.0
38171,31.809696828280472,1.0,560,681,1241,0.0,0.0008333472224535399,0.9999194198227247,0.0
38172,31.810530175502926,1.0,560,681,1241,0.0,0.0008333472224535399,0.9999194198227247,0.0
38173,31.81136352272538,1.0,560,681,1241,0.0,0.0008333472224535399,0.9999194198227247,0.0
38174,31.812196869947833,1.0,560,681,1241,0.0,0.0008333472224535399,0.9999194198227247,0.0
38175,31.813030217170287,0.9991941982272361,560,681,1241,-0.0008058017727639033,0.0008333472224535399,0.9999194198227247,0.0
38176,31.81386356439274,0.9983883964544722,560,681,1241,-0.0008058017727639033,0.0008333472224535399,0.999758259468172,-0.00016116035455278067
38177,31.814696911615194,0.9983883964544722,560,681,1241,0.0,0.0008333472224535399,0.9995970991136194,-0.00016116035455278067
38178,31.815530258837647,0.9991941982272361,560,681,1241,0.0008058017727639033,0.0008333472224535399,0.999516518936343,-8.058017727639034e-05
38179,31.8163636060601,0.9991941982272361,560,681,1241,0.0,0.0008333472224535399,0.9994359387590667,-8.058017727639034e-05
38180,31.817196953282558,0.9991941982272361,560,681,1241,0.0,0.0008333472224570926,0.9993553585817903,-8.058017727639034e-05
38181,31.81803030050501,0.9991941982272361,560,681,1241,0.0,0.0008333472224535399,0.999274778404514,-8.058017727639034e-05
38182,31.818863647727465,1.0,560,681,1241,0.0008058017727639033,0.0008333472224535399,0.999274778404514,0.0
38183,31.81969699494992,1.0,560,681,1241,0.0,0.0008333472224535399,0.999274778404514,0.0
38184,31.820530342172372,1.0,560,681,1241,0.0,0.0008333472224535399,0.999274778404514,0.0
38185,31.821363689394826,1.0,560,681,1241,0.0,0.0008333472224535399,0.9993553585817903,8.058017727639034e-05
38186,31.82219703661728,1.0,560,681,1241,0.0,0.0008333472224535399,0.999516518936343,0.00016116035455278067
38187,31.823030383839733,1.0,560,681,1241,0.0,0.0008333472224535399,0.9996776792908957,0.00016116035455278067
38188,31.823863731062186,1.0,560,681,1241,0.0,0.0008333472224535399,0.999758259468172,8.058017727639034e-05
38189,31.82469707828464,1.0,560,681,1241,0.0,0.0008333472224535399,0.9998388396454484,8.058017727639034e-05
38190,31.825530425507093,1.0,560,681,1241,0.0,0.0008333472224535399,0.9999194198227247,8.058017727639034e-05
38191,31.826363772729547,1.0,560,681,1241,0.0,0.0008333472224535399,1.000000000000001,8.058017727639034e-05
38192,31.827197119952,1.0,560,681,1241,0.0,0.0008333472224535399,1.000000000000001,0.0
38193,31.828030467174454,0.9991941982272361,560,681,1241,-0.0008058017727639033,0.0008333472224535399,0.9999194198227247,-8.058017727639034e-05
38194,31.828863814396907,0.9991941982272361,560,681,1241,0.0,0.0008333472224535399,0.9998388396454484,-8.058017727639034e-05
38195,31.82969716161936,1.0,560,681,1241,0.0008058017727639033,0.0008333472224535399,0.9998388396454484,0.0
38196,31.830530508841814,1.0,560,681,1241,0.0,0.0008333472224535399,0.9998388396454484,0.0
38197,31.831363856064268,1.0,560,681,1241,0.0,0.0008333472224535399,0.9998388396454484,0.0
38198,31.83219720328672,1.0,560,681,1241,0.0,0.0008333472224535399,0.9998388396454484,0.0
38199,31.833030550509175,1.0,560,681,1241,0.0,0.0008333472224535399,0.9998388396454484,0.0
38200,31.83386389773163,1.0,560,681,1241,0.0,0.0008333472224535399,0.9998388396454484,0.0
38201,31.834697244954082,1.0,560,681,1241,0.0,0.0008333472224535399,0.9998388396454484,0.0
38202,31.83553059217654,1.0,560,681,1241,0.0,0.0008333472224570926,0.9998388396454484,0.0
38203,31.836363939398993,1.0,560,681,1241,0.0,0.0008333472224535399,0.9999194198227247,8.058017727639034e-05
38204,31.837197286621446,1.0,560,681,1241,0.0,0.0008333472224535399,1.000000000000001,8.058017727639034e-05
38205,31.8380306338439,1.0,560,681,1241,0.0,0.0008333472224535399,1.000000000000001,0.0
38206,31.838863981066353,0.9991941982272361,560,681,1241,-0.0008058017727639033,0.0008333472224535399,0.9999194198227247,-8.058017727639034e-05
38207,31.839697328288807,1.0,560,681,1241,0.0008058017727639033,0.0008333472224535399,0.9999194198227247,0.0
38208,31.84053067551126,1.0,560,681,1241,0.0,0.0008333472224535399,0.9999194198227247,0.0
38209,31.841364022733714,1.0,560,681,1241,0.0,0.0008333472224535399,0.9999194198227247,0.0
38210,31.842197369956168,1.0,560,681,1241,0.0,0.0008333472224535399,0.9999194198227247,0.0
38211,31.84303071717862,1.0,560,681,1241,0.0,0.0008333472224535399,0.9999194198227247,0.0
38212,31.843864064401075,1.0,560,681,1241,0.0,0.0008333472224535399,0.9999194198227247,0.0
38213,31.844697411623528,1.0,560,681,1241,0.0,0.0008333472224535399,0.9999194198227247,0.0
38214,31.84553075884598,1.0,560,681,1241,0.0,0.0008333472224535399,0.9999194198227247,0.0
38215,31.846364106068435,1.0,560,681,1241,0.0,0.0008333472224535399,0.9999194198227247,0.0
38216,31.84719745329089,1.0,560,681,1241,0.0,0.0008333472224535399,1.000000000000001,8.058017727639034e-05
38217,31.848030800513342,1.0,560,681,1241,0.0,0.0008333472224535399,1.000000000000001,0.0
38218,31.848864147735796,1.0,560,681,1241,0.0,0.0008333472224535399,1.000000000000001,0.0
38219,31.84969749495825,1.0,560,681,1241,0.0,0.0008333472224535399,1.000000000000001,0.0
38220,31.850530842180703,1.0,560,681,1241,0.0,0.0008333472224535399,1.000000000000001,0.0
38221,31.851364189403157,0.9991941982272361,560,681,1241,-0.0008058017727639033,0.0008333472224535399,0.9999194198227247,-8.058017727639034e-05
38222,31.85219753662561,0.9991941982272361,560,681,1241,0.0,0.0008333472224535399,0.9998388396454484,-8.058017727639034e-05
38223,31.853030883848067,0.9991941982272361,560,681,1241,0.0,0.0008333472224570926,0.999758259468172,-8.058017727639034e-05
38224,31.85386423107052,0.9991941982272361,560,681,1241,0.0,0.0008333472224535399,0.9996776792908957,-8.058017727639034e-05
38225,31.854697578292974,0.9991941982272361,560,681,1241,0.0,0.0008333472224535399,0.9995970991136194,-8.058017727639034e-05
38226,31.855530925515428,0.9991941982272361,560,681,1241,0.0,0.0008333472224535399,0.999516518936343,-8.058017727639034e-05
38227,31.85636427273788,1.0,560,681,1241,0.0008058017727639033,0.0008333472224535399,0.999516518936343,0.0
38228,31.857197619960335,1.0,560,681,1241,0.0,0.0008333472224535399,0.999516518936343,0.0
38229,31.85803096718279,1.0,560,681,1241,0.0,0.0008333472224535399,0.999516518936343,0.0
38230,31.858864314405242,1.0,560,681,1241,0.0,0.0008333472224535399,0.999516518936343,0.0
38231,31.859697661627695,1.0,560,681,1241,0.0,0.0008333472224535399,0.9995970991136194,8.058017727639034e-05
38232,31.86053100885015,1.0,560,681,1241,0.0,0.0008333472224535399,0.9996776792908957,8.058017727639034e-05
38233,31.861364356072603,1.0,560,681,1241,0.0,0.0008333472224535399,0.999758259468172,8.058017727639034e-05
38234,31.862197703295056,1.0,560,681,1241,0.0,0.0008333472224535399,0.9998388396454484,8.058017727639034e-05
38235,31.86303105051751,1.0,560,681,1241,0.0,0.0008333472224535399,0.9999194198227247,8.058017727639034e-05
38236,31.863864397739963,1.0,560,681,1241,0.0,0.0008333472224535399,1.000000000000001,8.058017727639034e-05
38237,31.864697744962417,0.9991941982272361,560,681,1241,-0.0008058017727639033,0.0008333472224535399,0.9999194198227247,-8.058017727639034e-05
38238,31.86553109218487,0.9991941982272361,560,681,1241,0.0,0.0008333472224535399,0.9998388396454484,-8.058017727639034e-05
38239,31.866364439407324,0.9991941982272361,560,681,1241,0.0,0.0008333472224535399,0.999758259468172,-8.058017727639034e-05
38240,31.867197786629777,1.0,560,681,1241,0.0008058017727639033,0.0008333472224535399,0.999758259468172,0.0
38241,31.86803113385223,1.0,560,681,1241,0.0,0.0008333472224535399,0.999758259468172,0.0
38242,31.868864481074684,1.0,560,681,1241,0.0,0.0008333472224535399,0.999758259468172,0.0
38243,31.869697828297138,1.0,560,681,1241,0.0,0.0008333472224535399,0.999758259468172,0.0
38244,31.870531175519595,1.0,560,681,1241,0.0,0.0008333472224570926,0.999758259468172,0.0
38245,31.87136452274205,1.0,560,681,1241,0.0,0.0008333472224535399,0.999758259468172,0.0
38246,31.872197869964502,1.0,560,681,1241,0.0,0.0008333472224535399,0.999758259468172,0.0
38247,31.873031217186956,1.0,560,681,1241,0.0,0.0008333472224535399,0.9998388396454484,8.058017727639034e-05
38248,31.87386456440941,1.0,560,681,1241,0.0,0.0008333472224535399,0.9999194198227247,8.058017727639034e-05
38249,31.874697911631863,1.0,560,681,1241,0.0,0.0008333472224535399,1.000000000000001,8.058017727639034e-05
38250,31.875531258854316,1.0,560,681,1241,0.0,0.0008333472224535399,1.000000000000001,0.0
38251,31.87636460607677,1.0,560,681,1241,0.0,0.0008333472224535399,1.000000000000001,0.0
38252,31.877197953299223,1.0,560,681,1241,0.0,0.0008333472224535399,1.000000000000001,0.0
38253,31.878031300521677,1.0,560,681,1241,0.0,0.0008333472224535399,1.000000000000001,0.0
38254,31.87886464774413,1.0,560,681,1241,0.0,0.0008333472224535399,1.000000000000001,0.0
38255,31.879697994966584,1.0,560,681,1241,0.0,0.0008333472224535399,1.000000000000001,0.0
38256,31.880531342189038,1.0,560,681,1241,0.0,0.0008333472224535399,1.000000000000001,0.0
38257,31.88136468941149,1.0,560,681,1241,0.0,0.0008333472224535399,1.000000000000001,0.0
38258,31.882198036633945,1.0,560,681,1241,0.0,0.0008333472224535399,1.000000000000001,0.0
38259,31.883031383856398,1.0,560,681,1241,0.0,0.0008333472224535399,1.000000000000001,0.0
38260,31.88386473107885,1.0,560,681,1241,0.0,0.0008333472224535399,1.000000000000001,0.0
38261,31.884698078301305,1.0,560,681,1241,0.0,0.0008333472224535399,1.000000000000001,0.0
38262,31.88553142552376,0.9991941982272361,560,681,1241,-0.0008058017727639033,0.0008333472224535399,0.9999194198227247,-8.058017727639034e-05
38263,31.886364772746212,0.9991941982272361,560,681,1241,0.0,0.0008333472224535399,0.9998388396454484,-8.058017727639034e-05
38264,31.887198119968666,0.9991941982272361,560,681,1241,0.0,0.0008333472224535399,0.999758259468172,-8.058017727639034e-05
38265,31.888031467191123,0.9991941982272361,560,681,1241,0.0,0.0008333472224570926,0.9996776792908957,-8.058017727639034e-05
38266,31.888864814413576,1.0,560,681,1241,0.0008058017727639033,0.0008333472224535399,0.9996776792908957,0.0
38267,31.88969816163603,1.0,560,681,1241,0.0,0.0008333472224535399,0.9996776792908957,0.0
38268,31.890531508858484,1.0,560,681,1241,0.0,0.0008333472224535399,0.9996776792908957,0.0
38269,31.891364856080937,1.0,560,681,1241,0.0,0.0008333472224535399,0.9996776792908957,0.0
38270,31.89219820330339,0.9991941982272361,560,681,1241,-0.0008058017727639033,0.0008333472224535399,0.9995970991136194,-8.058017727639034e-05
38271,31.893031550525844,0.9991941982272361,560,681,1241,0.0,0.0008333472224535399,0.999516518936343,-8.058017727639034e-05
38272,31.893864897748298,1.0,560,681,1241,0.0008058017727639033,0.0008333472224535399,0.9995970991136194,8.058017727639034e-05
38273,31.89469824497075,1.0,560,681,1241,0.0,0.0008333472224535399,0.9996776792908957,8.058017727639034e-05
38274,31.895531592193205,1.0,560,681,1241,0.0,0.0008333472224535399,0.999758259468172,8.058017727639034e-05
38275,31.89636493941566,1.0,560,681,1241,0.0,0.0008333472224535399,0.9998388396454484,8.058017727639034e-05
38276,31.897198286638112,0.9991941982272361,560,681,1241,-0.0008058017727639033,0.0008333472224535399,0.999758259468172,-8.058017727639034e-05
38277,31.898031633860565,0.9991941982272361,560,681,1241,0.0,0.0008333472224535399,0.9996776792908957,-8.058017727639034e-05
38278,31.89886498108302,1.0,560,681,1241,0.0008058017727639033,0.0008333472224535399,0.9996776792908957,0.0
38279,31.899698328305472,1.0,560,681,1241,0.0,0.0008333472224535399,0.9996776792908957,0.0
38280,31.900531675527926,1.0,560,681,1241,0.0,0.0008333472224535399,0.999758259468172,8.058017727639034e-05
38281,31.90136502275038,1.0,560,681,1241,0.0,0.0008333472224535399,0.9998388396454484,8.058017727639034e-05
38282,31.902198369972833,0.9991941982272361,560,681,1241,-0.0008058017727639033,0.0008333472224535399,0.999758259468172,-8.058017727639034e-05
38283,31.903031717195287,0.9991941982272361,560,681,1241,0.0,0.0008333472224535399,0.9996776792908957,-8.058017727639034e-05
38284,31.90386506441774,0.9991941982272361,560,681,1241,0.0,0.0008333472224535399,0.9995970991136194,-8.058017727639034e-05
38285,31.904698411640194,0.9991941982272361,560,681,1241,0.0,0.0008333472224535399,0.999516518936343,-8.058017727639034e-05
38286,31.90553175886265,0.9991941982272361,560,681,1241,0.0,0.0008333472224570926,0.999516518936343,0.0
38287,31.906365106085104,0.9991941982272361,560,681,1241,0.0,0.0008333472224535399,0.999516518936343,0.0
38288,31.907198453307558,1.0,560,681,1241,0.0008058017727639033,0.0008333472224535399,0.999516518936343,0.0
38289,31.90803180053001,1.0,560,681,1241,0.0,0.0008333472224535399,0.999516518936343,0.0
38290,31.908865147752465,1.0,560,681,1241,0.0,0.0008333472224535399,0.999516518936343,0.0
38291,31.90969849497492,1.0,560,681,1241,0.0,0.0008333472224535399,0.999516518936343,0.0
38292,31.910531842197372,1.0,560,681,1241,0.0,0.0008333472224535399,0.9995970991136194,8.058017727639034e-05
38293,31.911365189419826,1.0,560,681,1241,0.0,0.0008333472224535399,0.9996776792908957,8.058017727639034e-05
38294,31.91219853664228,1.0,560,681,1241,0.0,0.0008333472224535399,0.999758259468172,8.058017727639034e-05
38295,31.913031883864733,1.0,560,681,1241,0.0,0.0008333472224535399,0.9998388396454484,8.058017727639034e-05
38296,31.913865231087186,1.0,560,681,1241,0.0,0.0008333472224535399,0.9999194198227247,8.058017727639034e-05
38297,31.91469857830964,1.0,560,681,1241,0.0,0.0008333472224535399,1.000000000000001,8.058017727639034e-05
38298,31.915531925532093,1.0,560,681,1241,0.0,0.0008333472224535399,1.000000000000001,0.0
38299,31.916365272754547,1.0,560,681,1241,0.0,0.0008333472224535399,1.000000000000001,0.0
38300,31.917198619977,1.0,560,681,1241,0.0,0.0008333472224535399,1.000000000000001,0.0
38301,31.918031967199454,1.0,560,681,1241,0.0,0.0008333472224535399,1.000000000000001,0.0
38302,31.918865314421907,1.0,560,681,1241,0.0,0.0008333472224535399,1.000000000000001,0.0
38303,31.91969866164436,1.0,560,681,1241,0.0,0.0008333472224535399,1.000000000000001,0.0
38304,31.920532008866815,1.0,560,681,1241,0.0,0.0008333472224535399,1.000000000000001,0.0
38305,31.921365356089268,1.0,560,681,1241,0.0,0.0008333472224535399,1.000000000000001,0.0
38306,31.92219870331172,1.0,560,681,1241,0.0,0.0008333472224535399,1.000000000000001,0.0
38307,31.92303205053418,0.9991941982272361,560,681,1241,-0.0008058017727639033,0.0008333472224570926,0.9999194198227247,-8.058017727639034e-05
38308,31.923865397756632,0.9991941982272361,560,681,1241,0.0,0.0008333472224535399,0.9998388396454484,-8.058017727639034e-05
38309,31.924698744979086,0.9991941982272361,560,681,1241,0.0,0.0008333472224535399,0.999758259468172,-8.058017727639034e-05
38310,31.92553209220154,1.0,560,681,1241,0.0008058017727639033,0.0008333472224535399,0.999758259468172,0.0
38311,31.926365439423993,0.9991941982272361,560,681,1241,-0.0008058017727639033,0.0008333472224535399,0.9996776792908957,-8.058017727639034e-05
38312,31.927198786646446,0.9991941982272361,560,681,1241,0.0,0.0008333472224535399,0.9995970991136194,-8.058017727639034e-05
38313,31.9280321338689,1.0,560,681,1241,0.0008058017727639033,0.0008333472224535399,0.9995970991136194,0.0
38314,31.928865481091353,0.9991941982272361,560,681,1241,-0.0008058017727639033,0.0008333472224535399,0.999516518936343,-8.058017727639034e-05
38315,31.929698828313807,0.9991941982272361,560,681,1241,0.0,0.0008333472224535399,0.9994359387590667,-8.058017727639034e-05
38316,31.93053217553626,1.0,560,681,1241,0.0008058017727639033,0.0008333472224535399,0.9994359387590667,0.0
38317,31.931365522758714,1.0,560,681,1241,0.0,0.0008333472224535399,0.999516518936343,8.058017727639034e-05
38318,31.932198869981168,1.0,560,681,1241,0.0,0.0008333472224535399,0.9995970991136194,8.058017727639034e-05
38319,31.93303221720362,1.0,560,681,1241,0.0,0.0008333472224535399,0.9996776792908957,8.058017727639034e-05
38320,31.933865564426075,1.0,560,681,1241,0.0,0.0008333472224535399,0.9996776792908957,0.0
38321,31.93469891164853,1.0,560,681,1241,0.0,0.0008333472224535399,0.999758259468172,8.058017727639034e-05
38322,31.935532258870982,1.0,560,681,1241,0.0,0.0008333472224535399,0.9998388396454484,8.058017727639034e-05
38323,31.936365606093435,0.9991941982272361,560,681,1241,-0.0008058017727639033,0.0008333472224535399,0.999758259468172,-8.058017727639034e-05
38324,31.93719895331589,1.0,560,681,1241,0.0008058017727639033,0.0008333472224535399,0.9998388396454484,8.058017727639034e-05
38325,31.938032300538342,1.0,560,681,1241,0.0,0.0008333472224535399,0.9999194198227247,8.058017727639034e-05
38326,31.938865647760796,1.0,560,681,1241,0.0,0.0008333472224535399,0.9999194198227247,0.0
38327,31.93969899498325,1.0,560,681,1241,0.0,0.0008333472224535399,0.9999194198227247,0.0
38328,31.940532342205703,1.0,560,681,1241,0.0,0.0008333472224535399,0.9999194198227247,0.0
38329,31.94136568942816,1.0,560,681,1241,0.0,0.0008333472224570926,0.9999194198227247,0.0
38330,31.942199036650614,1.0,560,681,1241,0.0,0.0008333472224535399,0.9999194198227247,0.0
38331,31.943032383873067,1.0,560,681,1241,0.0,0.0008333472224535399,0.9999194198227247,0.0
38332,31.94386573109552,1.0,560,681,1241,0.0,0.0008333472224535399,0.9999194198227247,0.0
38333,31.944699078317974,1.0,560,681,1241,0.0,0.0008333472224535399,1.000000000000001,8.058017727639034e-05
38334,31.945532425540428,1.0,560,681,1241,0.0,0.0008333472224535399,1.000000000000001,0.0
38335,31.94636577276288,1.0,560,681,1241,0.0,0.0008333472224535399,1.000000000000001,0.0
38336,31.947199119985335,1.0,560,681,1241,0.0,0.0008333472224535399,1.000000000000001,0.0
38337,31.94803246720779,1.0,560,681,1241,0.0,0.0008333472224535399,1.000000000000001,0.0
38338,31.948865814430242,1.0,560,681,1241,0.0,0.0008333472224535399,1.000000000000001,0.0
38339,31.949699161652696,1.0,560,681,1241,0.0,0.0008333472224535399,1.000000000000001,0.0
38340,31.95053250887515,1.0,560,681,1241,0.0,0.0008333472224535399,1.000000000000001,0.0
38341,31.951365856097603,1.0,560,681,1241,0.0,0.0008333472224535399,1.000000000000001,0.0
38342,31.952199203320056,1.0,560,681,1241,0.0,0.0008333472224535399,1.000000000000001,0.0
38343,31.95303255054251,1.0,560,681,1241,0.0,0.0008333472224535399,1.000000000000001,0.0
38344,31.953865897764963,1.0,560,681,1241,0.0,0.0008333472224535399,1.000000000000001,0.0
38345,31.954699244987417,1.0,560,681,1241,0.0,0.0008333472224535399,1.000000000000001,0.0
38346,31.95553259220987,1.0,560,681,1241,0.0,0.0008333472224535399,1.000000000000001,0.0
38347,31.956365939432324,1.0,560,681,1241,0.0,0.0008333472224535399,1.000000000000001,0.0
38348,31.957199286654777,1.0,560,681,1241,0.0,0.0008333472224535399,1.000000000000001,0.0
38349,31.95803263387723,1.0,560,681,1241,0.0,0.0008333472224535399,1.000000000000001,0.0
38350,31.958865981099688,1.0,560,681,1241,0.0,0.0008333472224570926,1.000000000000001,0.0
38351,31.95969932832214,0.9991941982272361,560,681,1241,-0.0008058017727639033,0.0008333472224535399,0.9999194198227247,-8.058017727639034e-05
38352,31.960532675544595,0.9991941982272361,560,681,1241,0.0,0.0008333472224535399,0.9998388396454484,-8.058017727639034e-05
38353,31.96136602276705,0.9991941982272361,560,681,1241,0.0,0.0008333472224535399,0.999758259468172,-8.058017727639034e-05
38354,31.962199369989502,0.9991941982272361,560,681,1241,0.0,0.0008333472224535399,0.9996776792908957,-8.058017727639034e-05
38355,31.963032717211956,0.9991941982272361,560,681,1241,0.0,0.0008333472224535399,0.9995970991136194,-8.058017727639034e-05
38356,31.96386606443441,0.9991941982272361,560,681,1241,0.0,0.0008333472224535399,0.999516518936343,-8.058017727639034e-05
38357,31.964699411656863,1.0,560,681,1241,0.0008058017727639033,0.0008333472224535399,0.999516518936343,0.0
38358,31.965532758879316,1.0,560,681,1241,0.0,0.0008333472224535399,0.999516518936343,0.0
38359,31.96636610610177,1.0,560,681,1241,0.0,0.0008333472224535399,0.999516518936343,0.0
38360,31.967199453324223,1.0,560,681,1241,0.0,0.0008333472224535399,0.999516518936343,0.0
38361,31.968032800546677,0.9991941982272361,560,681,1241,-0.0008058017727639033,0.0008333472224535399,0.999516518936343,0.0
38362,31.96886614776913,0.9991941982272361,560,681,1241,0.0,0.0008333472224535399,0.999516518936343,0.0
38363,31.969699494991584,0.9991941982272361,560,681,1241,0.0,0.0008333472224535399,0.999516518936343,0.0
38364,31.970532842214038,1.0,560,681,1241,0.0008058017727639033,0.0008333472224535399,0.9995970991136194,8.058017727639034e-05
38365,31.97136618943649,1.0,560,681,1241,0.0,0.0008333472224535399,0.9996776792908957,8.058017727639034e-05
38366,31.972199536658945,1.0,560,681,1241,0.0,0.0008333472224535399,0.999758259468172,8.058017727639034e-05
38367,31.973032883881398,1.0,560,681,1241,0.0,0.0008333472224535399,0.999758259468172,0.0
38368,31.97386623110385,1.0,560,681,1241,0.0,0.0008333472224535399,0.999758259468172,0.0
38369,31.974699578326305,1.0,560,681,1241,0.0,0.0008333472224535399,0.999758259468172,0.0
38370,31.97553292554876,0.9991941982272361,560,681,1241,-0.0008058017727639033,0.0008333472224535399,0.9996776792908957,-8.058017727639034e-05
38371,31.976366272771216,1.0,560,681,1241,0.0008058017727639033,0.0008333472224570926,0.999758259468172,8.058017727639034e-05
38372,31.97719961999367,1.0,560,681,1241,0.0,0.0008333472224535399,0.9998388396454484,8.058017727639034e-05
38373,31.978032967216123,1.0,560,681,1241,0.0,0.0008333472224535399,0.9999194198227247,8.058017727639034e-05
38374,31.978866314438577,1.0,560,681,1241,0.0,0.0008333472224535399,0.9999194198227247,0.0
38375,31.97969966166103,1.0,560,681,1241,0.0,0.0008333472224535399,0.9999194198227247,0.0
38376,31.980533008883484,1.0,560,681,1241,0.0,0.0008333472224535399,0.9999194198227247,0.0
38377,31.981366356105937,1.0,560,681,1241,0.0,0.0008333472224535399,0.9999194198227247,0.0
38378,31.98219970332839,1.0,560,681,1241,0.0,0.0008333472224535399,0.9999194198227247,0.0
38379,31.983033050550844,1.0,560,681,1241,0.0,0.0008333472224535399,0.9999194198227247,0.0
38380,31.983866397773298,1.0,560,681,1241,0.0,0.0008333472224535399,1.000000000000001,8.058017727639034e-05
38381,31.98469974499575,1.0,560,681,1241,0.0,0.0008333472224535399,1.000000000000001,0.0
38382,31.985533092218205,1.0,560,681,1241,0.0,0.0008333472224535399,1.000000000000001,0.0
38383,31.98636643944066,1.0,560,681,1241,0.0,0.0008333472224535399,1.000000000000001,0.0
38384,31.987199786663112,1.0,560,681,1241,0.0,0.0008333472224535399,1.000000000000001,0.0
38385,31.988033133885565,0.9983883964544722,560,681,1241,-0.0016116035455278066,0.0008333472224535399,0.9998388396454484,-0.00016116035455278067
38386,31.98886648110802,0.9983883964544722,560,681,1241,0.0,0.0008333472224535399,0.9996776792908957,-0.00016116035455278067
38387,31.989699828330473,1.0,560,681,1241,0.0016116035455278066,0.0008333472224535399,0.9996776792908957,0.0
38388,31.990533175552926,1.0,560,681,1241,0.0,0.0008333472224535399,0.9996776792908957,0.0
38389,31.99136652277538,1.0,560,681,1241,0.0,0.0008333472224535399,0.9996776792908957,0.0
38390,31.992199869997833,1.0,560,681,1241,0.0,0.0008333472224535399,0.9996776792908957,0.0
38391,31.993033217220287,1.0,560,681,1241,0.0,0.0008333472224535399,0.9996776792908957,0.0
38392,31.993866564442744,1.0,560,681,1241,0.0,0.0008333472224570926,0.9996776792908957,0.0
38393,31.994699911665197,1.0,560,681,1241,0.0,0.0008333472224535399,0.9996776792908957,0.0
38394,31.99553325888765,1.0,560,681,1241,0.0,0.0008333472224535399,0.9996776792908957,0.0
38395,31.996366606110104,1.0,560,681,1241,0.0,0.0008333472224535399,0.9998388396454484,0.00016116035455278067
38396,31.997199953332558,1.0,560,681,1241,0.0,0.0008333472224535399,1.000000000000001,0.00016116035455278067
38397,31.99803330055501,1.0,560,681,1241,0.0,0.0008333472224535399,1.000000000000001,0.0
38398,31.998866647777465,1.0,560,681,1241,0.0,0.0008333472224535399,1.000000000000001,0.0
38399,31.99969999499992,1.0,560,681,1241,0.0,0.0008333472224535399,1.000000000000001,0.0
38400,32.00053334222237,1.0,560,681,1241,0.0,0.0008333472224499872,1.000000000000001,0.0
38401,32.00136668944482,1.0,560,681,1241,0.0,0.0008333472224535399,1.000000000000001,0.0
38402,32.002200036667276,1.0,560,681,1241,0.0,0.0008333472224535399,1.000000000000001,0.0
38403,32.003033383889736,0.9991941982272361,560,681,1241,-0.0008058017727639033,0.0008333472224606453,0.9999194198227247,-8.058017727639034e-05
38404,32.00386673111219,1.0,560,681,1241,0.0008058017727639033,0.0008333472224535399,0.9999194198227247,0.0
38405,32.00470007833464,1.0,560,681,1241,0.0,0.0008333472224535399,0.9999194198227247,0.0
38406,32.0055334255571,1.0,560,681,1241,0.0,0.0008333472224535399,0.9999194198227247,0.0
38407,32.00636677277955,1.0,560,681,1241,0.0,0.0008333472224535399,0.9999194198227247,0.0
38408,32.007200120002004,1.0,560,681,1241,0.0,0.0008333472224535399,0.9999194198227247,0.0
38409,32.00803346722446,1.0,560,681,1241,0.0,0.0008333472224535399,0.9999194198227247,0.0
38410,32.00886681444691,1.0,560,681,1241,0.0,0.0008333472224535399,0.9999194198227247,0.0
38411,32.009700161669365,1.0,560,681,1241,0.0,0.0008333472224535399,0.9999194198227247,0.0
38412,32.01053350889182,1.0,560,681,1241,0.0,0.0008333472224535399,0.9999194198227247,0.0
38413,32.01136685611427,1.0,560,681,1241,0.0,0.0008333472224535399,1.000000000000001,8.058017727639034e-05
38414,32.012200203336725,0.9991941982272361,560,681,1241,-0.0008058017727639033,0.0008333472224535399,0.9999194198227247,-8.058017727639034e-05
38415,32.01303355055918,1.0,560,681,1241,0.0008058017727639033,0.0008333472224535399,0.9999194198227247,0.0
38416,32.01386689778163,1.0,560,681,1241,0.0,0.0008333472224535399,0.9999194198227247,0.0
38417,32.014700245004086,1.0,560,681,1241,0.0,0.0008333472224535399,0.9999194198227247,0.0
38418,32.01553359222654,1.0,560,681,1241,0.0,0.0008333472224535399,0.9999194198227247,0.0
38419,32.01636693944899,1.0,560,681,1241,0.0,0.0008333472224535399,0.9999194198227247,0.0
38420,32.01720028667145,1.0,560,681,1241,0.0,0.0008333472224535399,0.9999194198227247,0.0
38421,32.0180336338939,1.0,560,681,1241,0.0,0.0008333472224535399,0.9999194198227247,0.0
38422,32.01886698111635,1.0,560,681,1241,0.0,0.0008333472224535399,0.9999194198227247,0.0
38423,32.01970032833881,1.0,560,681,1241,0.0,0.0008333472224535399,0.9999194198227247,0.0
38424,32.02053367556126,1.0,560,681,1241,0.0,0.0008333472224535399,1.000000000000001,8.058017727639034e-05
38425,32.021367022783714,1.0,560,681,1241,0.0,0.0008333472224535399,1.000000000000001,0.0
38426,32.02220037000617,1.0,560,681,1241,0.0,0.0008333472224535399,1.000000000000001,0.0
38427,32.02303371722862,1.0,560,681,1241,0.0,0.0008333472224535399,1.000000000000001,0.0
38428,32.023867064451075,1.0,560,681,1241,0.0,0.0008333472224535399,1.000000000000001,0.0
38429,32.02470041167353,1.0,560,681,1241,0.0,0.0008333472224535399,1.000000000000001,0.0
38430,32.02553375889598,1.0,560,681,1241,0.0,0.0008333472224535399,1.000000000000001,0.0
38431,32.026367106118435,1.0,560,681,1241,0.0,0.0008333472224535399,1.000000000000001,0.0
38432,32.02720045334089,1.0,560,681,1241,0.0,0.0008333472224535399,1.000000000000001,0.0
38433,32.02803380056334,0.9991941982272361,560,681,1241,-0.0008058017727639033,0.0008333472224535399,0.9999194198227247,-8.058017727639034e-05
38434,32.028867147785796,0.9991941982272361,560,681,1241,0.0,0.0008333472224535399,0.9998388396454484,-8.058017727639034e-05
38435,32.02970049500825,1.0,560,681,1241,0.0008058017727639033,0.0008333472224535399,0.9998388396454484,0.0
38436,32.0305338422307,1.0,560,681,1241,0.0,0.0008333472224535399,0.9998388396454484,0.0
38437,32.03136718945316,1.0,560,681,1241,0.0,0.0008333472224535399,0.9998388396454484,0.0
38438,32.03220053667561,1.0,560,681,1241,0.0,0.0008333472224535399,0.9998388396454484,0.0
38439,32.033033883898064,1.0,560,681,1241,0.0,0.0008333472224535399,0.9998388396454484,0.0
38440,32.03386723112052,1.0,560,681,1241,0.0,0.0008333472224535399,0.9998388396454484,0.0
38441,32.03470057834297,1.0,560,681,1241,0.0,0.0008333472224535399,0.9998388396454484,0.0
38442,32.035533925565424,1.0,560,681,1241,0.0,0.0008333472224535399,0.9998388396454484,0.0
38443,32.03636727278788,1.0,560,681,1241,0.0,0.0008333472224535399,0.9999194198227247,8.058017727639034e-05
38444,32.03720062001033,1.0,560,681,1241,0.0,0.0008333472224535399,1.000000000000001,8.058017727639034e-05
38445,32.03803396723279,1.0,560,681,1241,0.0,0.0008333472224606453,1.000000000000001,0.0
38446,32.038867314455246,1.0,560,681,1241,0.0,0.0008333472224535399,1.000000000000001,0.0
38447,32.0397006616777,1.0,560,681,1241,0.0,0.0008333472224535399,1.000000000000001,0.0
38448,32.04053400890015,1.0,560,681,1241,0.0,0.0008333472224535399,1.000000000000001,0.0
38449,32.041367356122606,1.0,560,681,1241,0.0,0.0008333472224535399,1.000000000000001,0.0
38450,32.04220070334506,1.0,560,681,1241,0.0,0.0008333472224535399,1.000000000000001,0.0
38451,32.04303405056751,1.0,560,681,1241,0.0,0.0008333472224535399,1.000000000000001,0.0
38452,32.04386739778997,1.0,560,681,1241,0.0,0.0008333472224535399,1.000000000000001,0.0
38453,32.04470074501242,1.0,560,681,1241,0.0,0.0008333472224535399,1.000000000000001,0.0
38454,32.045534092234874,1.0,560,681,1241,0.0,0.0008333472224535399,1.000000000000001,0.0
38455,32.04636743945733,1.0,560,681,1241,0.0,0.0008333472224535399,1.000000000000001,0.0
38456,32.04720078667978,1.0,560,681,1241,0.0,0.0008333472224535399,1.000000000000001,0.0
38457,32.048034133902235,1.0,560,681,1241,0.0,0.0008333472224535399,1.000000000000001,0.0
38458,32.04886748112469,1.0,560,681,1241,0.0,0.0008333472224535399,1.000000000000001,0.0
38459,32.04970082834714,1.0,560,681,1241,0.0,0.0008333472224535399,1.000000000000001,0.0
38460,32.050534175569595,1.0,560,681,1241,0.0,0.0008333472224535399,1.000000000000001,0.0
38461,32.05136752279205,1.0,560,681,1241,0.0,0.0008333472224535399,1.000000000000001,0.0
38462,32.0522008700145,1.0,560,681,1241,0.0,0.0008333472224535399,1.000000000000001,0.0
38463,32.053034217236956,1.0,560,681,1241,0.0,0.0008333472224535399,1.000000000000001,0.0
38464,32.05386756445941,1.0,560,681,1241,0.0,0.0008333472224535399,1.000000000000001,0.0
38465,32.05470091168186,1.0,560,681,1241,0.0,0.0008333472224535399,1.000000000000001,0.0
38466,32.055534258904316,1.0,560,681,1241,0.0,0.0008333472224535399,1.000000000000001,0.0
38467,32.05636760612677,0.9991941982272361,560,681,1241,-0.0008058017727639033,0.0008333472224535399,0.9999194198227247,-8.058017727639034e-05
38468,32.05720095334922,0.9991941982272361,560,681,1241,0.0,0.0008333472224535399,0.9998388396454484,-8.058017727639034e-05
38469,32.05803430057168,0.9991941982272361,560,681,1241,0.0,0.0008333472224535399,0.999758259468172,-8.058017727639034e-05
38470,32.05886764779413,1.0,560,681,1241,0.0008058017727639033,0.0008333472224535399,0.999758259468172,0.0
38471,32.059700995016584,1.0,560,681,1241,0.0,0.0008333472224535399,0.999758259468172,0.0
38472,32.06053434223904,1.0,560,681,1241,0.0,0.0008333472224535399,0.999758259468172,0.0
38473,32.06136768946149,0.9991941982272361,560,681,1241,-0.0008058017727639033,0.0008333472224535399,0.9996776792908957,-8.058017727639034e-05
38474,32.062201036683945,0.9991941982272361,560,681,1241,0.0,0.0008333472224535399,0.9995970991136194,-8.058017727639034e-05
38475,32.0630343839064,1.0,560,681,1241,0.0008058017727639033,0.0008333472224535399,0.9995970991136194,0.0
38476,32.06386773112885,1.0,560,681,1241,0.0,0.0008333472224535399,0.9995970991136194,0.0
38477,32.064701078351305,1.0,560,681,1241,0.0,0.0008333472224535399,0.9996776792908957,8.058017727639034e-05
38478,32.06553442557376,1.0,560,681,1241,0.0,0.0008333472224535399,0.999758259468172,8.058017727639034e-05
38479,32.06636777279621,1.0,560,681,1241,0.0,0.0008333472224535399,0.9998388396454484,8.058017727639034e-05
38480,32.067201120018666,1.0,560,681,1241,0.0,0.0008333472224535399,0.9998388396454484,0.0
38481,32.06803446724112,1.0,560,681,1241,0.0,0.0008333472224535399,0.9998388396454484,0.0
38482,32.06886781446357,1.0,560,681,1241,0.0,0.0008333472224535399,0.9998388396454484,0.0
38483,32.06970116168603,1.0,560,681,1241,0.0,0.0008333472224535399,0.9999194198227247,8.058017727639034e-05
38484,32.07053450890848,0.9991941982272361,560,681,1241,-0.0008058017727639033,0.0008333472224535399,0.9999194198227247,0.0
38485,32.071367856130934,0.9991941982272361,560,681,1241,0.0,0.0008333472224535399,0.9998388396454484,-8.058017727639034e-05
38486,32.07220120335339,0.9991941982272361,560,681,1241,0.0,0.0008333472224535399,0.999758259468172,-8.058017727639034e-05
38487,32.07303455057584,0.9991941982272361,560,681,1241,0.0,0.0008333472224535399,0.9996776792908957,-8.058017727639034e-05
38488,32.0738678977983,0.9991941982272361,560,681,1241,0.0,0.0008333472224606453,0.9995970991136194,-8.058017727639034e-05
38489,32.074701245020755,0.9983883964544722,560,681,1241,-0.0008058017727639033,0.0008333472224535399,0.9994359387590667,-0.00016116035455278067
38490,32.07553459224321,0.9991941982272361,560,681,1241,0.0008058017727639033,0.0008333472224535399,0.9993553585817903,-8.058017727639034e-05
38491,32.07636793946566,1.0,560,681,1241,0.0008058017727639033,0.0008333472224535399,0.9993553585817903,0.0
38492,32.077201286688116,1.0,560,681,1241,0.0,0.0008333472224535399,0.9993553585817903,0.0
38493,32.07803463391057,1.0,560,681,1241,0.0,0.0008333472224535399,0.9993553585817903,0.0
38494,32.07886798113302,1.0,560,681,1241,0.0,0.0008333472224535399,0.9994359387590667,8.058017727639034e-05
38495,32.079701328355476,1.0,560,681,1241,0.0,0.0008333472224535399,0.999516518936343,8.058017727639034e-05
38496,32.08053467557793,1.0,560,681,1241,0.0,0.0008333472224535399,0.9995970991136194,8.058017727639034e-05
38497,32.08136802280038,0.9991941982272361,560,681,1241,-0.0008058017727639033,0.0008333472224535399,0.9995970991136194,0.0
38498,32.08220137002284,0.9991941982272361,560,681,1241,0.0,0.0008333472224535399,0.9995970991136194,0.0
38499,32.08303471724529,0.9991941982272361,560,681,1241,0.0,0.0008333472224535399,0.9996776792908957,8.058017727639034e-05
38500,32.083868064467744,0.9991941982272361,560,681,1241,0.0,0.0008333472224535399,0.9996776792908957,0.0
38501,32.0847014116902,1.0,560,681,1241,0.0008058017727639033,0.0008333472224535399,0.9996776792908957,0.0
38502,32.08553475891265,1.0,560,681,1241,0.0,0.0008333472224535399,0.9996776792908957,0.0
38503,32.086368106135104,1.0,560,681,1241,0.0,0.0008333472224535399,0.9996776792908957,0.0
38504,32.08720145335756,1.0,560,681,1241,0.0,0.0008333472224535399,0.9996776792908957,0.0
38505,32.08803480058001,1.0,560,681,1241,0.0,0.0008333472224535399,0.9996776792908957,0.0
38506,32.088868147802465,1.0,560,681,1241,0.0,0.0008333472224535399,0.9996776792908957,0.0
38507,32.08970149502492,1.0,560,681,1241,0.0,0.0008333472224535399,0.999758259468172,8.058017727639034e-05
38508,32.09053484224737,1.0,560,681,1241,0.0,0.0008333472224535399,0.9998388396454484,8.058017727639034e-05
38509,32.091368189469826,1.0,560,681,1241,0.0,0.0008333472224535399,0.9999194198227247,8.058017727639034e-05
38510,32.09220153669228,1.0,560,681,1241,0.0,0.0008333472224535399,1.000000000000001,8.058017727639034e-05
38511,32.09303488391473,1.0,560,681,1241,0.0,0.0008333472224535399,1.000000000000001,0.0
38512,32.093868231137186,1.0,560,681,1241,0.0,0.0008333472224535399,1.000000000000001,0.0
38513,32.09470157835964,1.0,560,681,1241,0.0,0.0008333472224535399,1.000000000000001,0.0
38514,32.09553492558209,1.0,560,681,1241,0.0,0.0008333472224535399,1.000000000000001,0.0
38515,32.09636827280455,1.0,560,681,1241,0.0,0.0008333472224535399,1.000000000000001,0.0
38516,32.097201620027,1.0,560,681,1241,0.0,0.0008333472224535399,1.000000000000001,0.0
38517,32.098034967249454,1.0,560,681,1241,0.0,0.0008333472224535399,1.000000000000001,0.0
38518,32.09886831447191,0.9983883964544722,560,681,1241,-0.0016116035455278066,0.0008333472224535399,0.9998388396454484,-0.00016116035455278067
38519,32.09970166169436,0.9991941982272361,560,681,1241,0.0008058017727639033,0.0008333472224535399,0.999758259468172,-8.058017727639034e-05
38520,32.100535008916815,0.9991941982272361,560,681,1241,0.0,0.0008333472224535399,0.9996776792908957,-8.058017727639034e-05
38521,32.10136835613927,1.0,560,681,1241,0.0008058017727639033,0.0008333472224535399,0.9996776792908957,0.0
38522,32.10220170336172,1.0,560,681,1241,0.0,0.0008333472224535399,0.9996776792908957,0.0
38523,32.103035050584175,1.0,560,681,1241,0.0,0.0008333472224535399,0.9996776792908957,0.0
38524,32.10386839780663,1.0,560,681,1241,0.0,0.0008333472224535399,0.9996776792908957,0.0
38525,32.10470174502908,1.0,560,681,1241,0.0,0.0008333472224535399,0.9996776792908957,0.0
38526,32.105535092251536,1.0,560,681,1241,0.0,0.0008333472224535399,0.9996776792908957,0.0
38527,32.10636843947399,1.0,560,681,1241,0.0,0.0008333472224535399,0.9996776792908957,0.0
38528,32.10720178669644,1.0,560,681,1241,0.0,0.0008333472224535399,0.9998388396454484,0.00016116035455278067
38529,32.1080351339189,1.0,560,681,1241,0.0,0.0008333472224535399,0.9999194198227247,8.058017727639034e-05
38530,32.10886848114136,1.0,560,681,1241,0.0,0.0008333472224606453,1.000000000000001,8.058017727639034e-05
38531,32.10970182836381,1.0,560,681,1241,0.0,0.0008333472224535399,1.000000000000001,0.0
38532,32.110535175586264,1.0,560,681,1241,0.0,0.0008333472224535399,1.000000000000001,0.0
38533,32.11136852280872,1.0,560,681,1241,0.0,0.0008333472224535399,1.000000000000001,0.0
38534,32.11220187003117,1.0,560,681,1241,0.0,0.0008333472224535399,1.000000000000001,0.0
38535,32.113035217253625,1.0,560,681,1241,0.0,0.0008333472224535399,1.000000000000001,0.0
38536,32.11386856447608,1.0,560,681,1241,0.0,0.0008333472224535399,1.000000000000001,0.0
38537,32.11470191169853,1.0,560,681,1241,0.0,0.0008333472224535399,1.000000000000001,0.0
38538,32.115535258920985,1.0,560,681,1241,0.0,0.0008333472224535399,1.000000000000001,0.0
38539,32.11636860614344,1.0,560,681,1241,0.0,0.0008333472224535399,1.000000000000001,0.0
38540,32.11720195336589,1.0,560,681,1241,0.0,0.0008333472224535399,1.000000000000001,0.0
38541,32.118035300588346,1.0,560,681,1241,0.0,0.0008333472224535399,1.000000000000001,0.0
38542,32.1188686478108,1.0,560,681,1241,0.0,0.0008333472224535399,1.000000000000001,0.0
38543,32.11970199503325,1.0,560,681,1241,0.0,0.0008333472224535399,1.000000000000001,0.0
38544,32.12053534225571,1.0,560,681,1241,0.0,0.0008333472224535399,1.000000000000001,0.0
38545,32.12136868947816,1.0,560,681,1241,0.0,0.0008333472224535399,1.000000000000001,0.0
38546,32.122202036700614,1.0,560,681,1241,0.0,0.0008333472224535399,1.000000000000001,0.0
38547,32.12303538392307,0.9991941982272361,560,681,1241,-0.0008058017727639033,0.0008333472224535399,0.9999194198227247,-8.058017727639034e-05
38548,32.12386873114552,0.9991941982272361,560,681,1241,0.0,0.0008333472224535399,0.9998388396454484,-8.058017727639034e-05
38549,32.124702078367974,0.9991941982272361,560,681,1241,0.0,0.0008333472224535399,0.999758259468172,-8.058017727639034e-05
38550,32.12553542559043,1.0,560,681,1241,0.0008058017727639033,0.0008333472224535399,0.999758259468172,0.0
38551,32.12636877281288,1.0,560,681,1241,0.0,0.0008333472224535399,0.999758259468172,0.0
38552,32.127202120035335,1.0,560,681,1241,0.0,0.0008333472224535399,0.999758259468172,0.0
38553,32.12803546725779,1.0,560,681,1241,0.0,0.0008333472224535399,0.999758259468172,0.0
38554,32.12886881448024,1.0,560,681,1241,0.0,0.0008333472224535399,0.999758259468172,0.0
38555,32.129702161702696,1.0,560,681,1241,0.0,0.0008333472224535399,0.999758259468172,0.0
38556,32.13053550892515,0.9991941982272361,560,681,1241,-0.0008058017727639033,0.0008333472224535399,0.9996776792908957,-8.058017727639034e-05
38557,32.1313688561476,0.9983883964544722,560,681,1241,-0.0008058017727639033,0.0008333472224535399,0.9995970991136194,-8.058017727639034e-05
38558,32.132202203370056,0.9983883964544722,560,681,1241,0.0,0.0008333472224535399,0.999516518936343,-8.058017727639034e-05
38559,32.13303555059251,0.9975825946817083,560,681,1241,-0.0008058017727639033,0.0008333472224535399,0.9993553585817901,-0.00016116035455278067
38560,32.13386889781496,0.9991941982272361,560,681,1241,0.0016116035455278066,0.0008333472224535399,0.9992747784045137,-8.058017727639034e-05
38561,32.13470224503742,1.0,560,681,1241,0.0008058017727639033,0.0008333472224535399,0.9992747784045137,0.0
38562,32.13553559225987,1.0,560,681,1241,0.0,0.0008333472224535399,0.9992747784045137,0.0
38563,32.136368939482324,0.9991941982272361,560,681,1241,-0.0008058017727639033,0.0008333472224535399,0.9991941982272374,-8.058017727639034e-05
38564,32.13720228670478,0.9991941982272361,560,681,1241,0.0,0.0008333472224535399,0.9991136180499611,-8.058017727639034e-05
38565,32.13803563392723,1.0,560,681,1241,0.0008058017727639033,0.0008333472224535399,0.9991136180499611,0.0
38566,32.138868981149685,1.0,560,681,1241,0.0,0.0008333472224535399,0.9991941982272374,8.058017727639034e-05
38567,32.13970232837214,1.0,560,681,1241,0.0,0.0008333472224535399,0.9993553585817903,0.00016116035455278067
38568,32.14053567559459,1.0,560,681,1241,0.0,0.0008333472224535399,0.999516518936343,0.00016116035455278067
38569,32.141369022817045,1.0,560,681,1241,0.0,0.0008333472224535399,0.9997582594681722,0.00024174053182917098
38570,32.1422023700395,1.0,560,681,1241,0.0,0.0008333472224535399,0.9998388396454485,8.058017727639034e-05
38571,32.14303571726195,1.0,560,681,1241,0.0,0.0008333472224535399,0.9998388396454485,0.0
38572,32.14386906448441,1.0,560,681,1241,0.0,0.0008333472224606453,0.9998388396454485,0.0
38573,32.14470241170687,1.0,560,681,1241,0.0,0.0008333472224535399,0.9999194198227249,8.058017727639034e-05
38574,32.14553575892932,1.0,560,681,1241,0.0,0.0008333472224535399,1.0000000000000013,8.058017727639034e-05
38575,32.146369106151774,1.0,560,681,1241,0.0,0.0008333472224535399,1.0000000000000013,0.0
38576,32.14720245337423,0.9991941982272361,560,681,1241,-0.0008058017727639033,0.0008333472224535399,0.9999194198227249,-8.058017727639034e-05
38577,32.14803580059668,0.9991941982272361,560,681,1241,0.0,0.0008333472224535399,0.9998388396454485,-8.058017727639034e-05
38578,32.148869147819134,0.9991941982272361,560,681,1241,0.0,0.0008333472224535399,0.9997582594681722,-8.058017727639034e-05
38579,32.14970249504159,0.9991941982272361,560,681,1241,0.0,0.0008333472224535399,0.9996776792908959,-8.058017727639034e-05
38580,32.15053584226404,0.9991941982272361,560,681,1241,0.0,0.0008333472224535399,0.9995970991136195,-8.058017727639034e-05
38581,32.151369189486495,1.0,560,681,1241,0.0008058017727639033,0.0008333472224535399,0.9995970991136195,0.0
38582,32.15220253670895,0.9991941982272361,560,681,1241,-0.0008058017727639033,0.0008333472224535399,0.9995165189363432,-8.058017727639034e-05
38583,32.1530358839314,1.0,560,681,1241,0.0008058017727639033,0.0008333472224535399,0.9995165189363432,0.0
38584,32.153869231153855,1.0,560,681,1241,0.0,0.0008333472224535399,0.9995165189363432,0.0
38585,32.15470257837631,1.0,560,681,1241,0.0,0.0008333472224535399,0.9995165189363432,0.0
38586,32.15553592559876,1.0,560,681,1241,0.0,0.0008333472224535399,0.9995970991136195,8.058017727639034e-05
38587,32.156369272821216,1.0,560,681,1241,0.0,0.0008333472224535399,0.9996776792908959,8.058017727639034e-05
38588,32.15720262004367,1.0,560,681,1241,0.0,0.0008333472224535399,0.9997582594681722,8.058017727639034e-05
38589,32.15803596726612,1.0,560,681,1241,0.0,0.0008333472224535399,0.9998388396454485,8.058017727639034e-05
38590,32.15886931448858,1.0,560,681,1241,0.0,0.0008333472224535399,0.9999194198227249,8.058017727639034e-05
38591,32.15970266171103,1.0,560,681,1241,0.0,0.0008333472224535399,0.9999194198227249,0.0
38592,32.160536008933484,1.0,560,681,1241,0.0,0.0008333472224535399,1.0000000000000013,8.058017727639034e-05
38593,32.16136935615594,1.0,560,681,1241,0.0,0.0008333472224535399,1.0000000000000013,0.0
38594,32.16220270337839,1.0,560,681,1241,0.0,0.0008333472224535399,1.0000000000000013,0.0
38595,32.163036050600844,1.0,560,681,1241,0.0,0.0008333472224535399,1.0000000000000013,0.0
38596,32.1638693978233,1.0,560,681,1241,0.0,0.0008333472224535399,1.0000000000000013,0.0
38597,32.16470274504575,1.0,560,681,1241,0.0,0.0008333472224535399,1.0000000000000013,0.0
38598,32.165536092268205,1.0,560,681,1241,0.0,0.0008333472224535399,1.0000000000000013,0.0
38599,32.16636943949066,1.0,560,681,1241,0.0,0.0008333472224535399,1.0000000000000013,0.0
38600,32.16720278671311,1.0,560,681,1241,0.0,0.0008333472224535399,1.0000000000000013,0.0
38601,32.168036133935566,1.0,560,681,1241,0.0,0.0008333472224535399,1.0000000000000013,0.0
38602,32.16886948115802,0.9991941982272361,560,681,1241,-0.0008058017727639033,0.0008333472224535399,0.9999194198227249,-8.058017727639034e-05
38603,32.16970282838047,0.9991941982272361,560,681,1241,0.0,0.0008333472224535399,0.9998388396454485,-8.058017727639034e-05
38604,32.170536175602926,0.9991941982272361,560,681,1241,0.0,0.0008333472224535399,0.9997582594681722,-8.058017727639034e-05
38605,32.17136952282538,1.0,560,681,1241,0.0008058017727639033,0.0008333472224535399,0.9997582594681722,0.0
38606,32.17220287004783,1.0,560,681,1241,0.0,0.0008333472224535399,0.9997582594681722,0.0
38607,32.17303621727029,1.0,560,681,1241,0.0,0.0008333472224535399,0.9997582594681722,0.0
38608,32.17386956449274,1.0,560,681,1241,0.0,0.0008333472224535399,0.9997582594681722,0.0
38609,32.174702911715194,1.0,560,681,1241,0.0,0.0008333472224535399,0.9997582594681722,0.0
38610,32.17553625893765,1.0,560,681,1241,0.0,0.0008333472224535399,0.9997582594681722,0.0
38611,32.1763696061601,1.0,560,681,1241,0.0,0.0008333472224535399,0.9997582594681722,0.0
38612,32.177202953382555,1.0,560,681,1241,0.0,0.0008333472224535399,0.9998388396454485,8.058017727639034e-05
38613,32.17803630060501,1.0,560,681,1241,0.0,0.0008333472224535399,0.9999194198227249,8.058017727639034e-05
38614,32.17886964782746,1.0,560,681,1241,0.0,0.0008333472224535399,1.0000000000000013,8.058017727639034e-05
38615,32.17970299504992,1.0,560,681,1241,0.0,0.0008333472224606453,1.0000000000000013,0.0
38616,32.180536342272376,1.0,560,681,1241,0.0,0.0008333472224535399,1.0000000000000013,0.0
38617,32.18136968949483,1.0,560,681,1241,0.0,0.0008333472224535399,1.0000000000000013,0.0
38618,32.18220303671728,1.0,560,681,1241,0.0,0.0008333472224535399,1.0000000000000013,0.0
38619,32.183036383939736,1.0,560,681,1241,0.0,0.0008333472224535399,1.0000000000000013,0.0
38620,32.18386973116219,1.0,560,681,1241,0.0,0.0008333472224535399,1.0000000000000013,0.0
38621,32.18470307838464,1.0,560,681,1241,0.0,0.0008333472224535399,1.0000000000000013,0.0
38622,32.1855364256071,1.0,560,681,1241,0.0,0.0008333472224535399,1.0000000000000013,0.0
38623,32.18636977282955,0.9991941982272361,560,681,1241,-0.0008058017727639033,0.0008333472224535399,0.9999194198227249,-8.058017727639034e-05
38624,32.187203120052004,0.9991941982272361,560,681,1241,0.0,0.0008333472224535399,0.9998388396454485,-8.058017727639034e-05
38625,32.18803646727446,0.9991941982272361,560,681,1241,0.0,0.0008333472224535399,0.9997582594681722,-8.058017727639034e-05
38626,32.18886981449691,0.9991941982272361,560,681,1241,0.0,0.0008333472224535399,0.9996776792908959,-8.058017727639034e-05
38627,32.189703161719365,1.0,560,681,1241,0.0008058017727639033,0.0008333472224535399,0.9996776792908959,0.0
38628,32.19053650894182,1.0,560,681,1241,0.0,0.0008333472224535399,0.9996776792908959,0.0
38629,32.19136985616427,1.0,560,681,1241,0.0,0.0008333472224535399,0.9996776792908959,0.0
38630,32.192203203386725,1.0,560,681,1241,0.0,0.0008333472224535399,0.9996776792908959,0.0
38631,32.19303655060918,1.0,560,681,1241,0.0,0.0008333472224535399,0.9996776792908959,0.0
38632,32.19386989783163,0.9991941982272361,560,681,1241,-0.0008058017727639033,0.0008333472224535399,0.9995970991136195,-8.058017727639034e-05
38633,32.194703245054086,0.9991941982272361,560,681,1241,0.0,0.0008333472224535399,0.9995970991136195,0.0
38634,32.19553659227654,0.9991941982272361,560,681,1241,0.0,0.0008333472224535399,0.9995970991136195,0.0
38635,32.19636993949899,1.0,560,681,1241,0.0008058017727639033,0.0008333472224535399,0.9996776792908959,8.058017727639034e-05
38636,32.19720328672145,0.9991941982272361,560,681,1241,-0.0008058017727639033,0.0008333472224535399,0.9996776792908959,0.0
38637,32.1980366339439,0.9975825946817083,560,681,1241,-0.0016116035455278066,0.0008333472224535399,0.9994359387590667,-0.00024174053182917098
38638,32.198869981166354,0.9983883964544722,560,681,1241,0.0008058017727639033,0.0008333472224535399,0.999274778404514,-0.00016116035455278067
38639,32.19970332838881,0.9991941982272361,560,681,1241,0.0008058017727639033,0.0008333472224535399,0.9991941982272377,-8.058017727639034e-05
38640,32.20053667561126,0.9991941982272361,560,681,1241,0.0,0.0008333472224535399,0.9991136180499612,-8.058017727639034e-05
38641,32.201370022833714,1.0,560,681,1241,0.0008058017727639033,0.0008333472224535399,0.9991136180499612,0.0
38642,32.20220337005617,1.0,560,681,1241,0.0,0.0008333472224535399,0.9991941982272377,8.058017727639034e-05
38643,32.20303671727862,0.9991941982272361,560,681,1241,-0.0008058017727639033,0.0008333472224535399,0.9991941982272377,0.0
38644,32.203870064501075,0.9991941982272361,560,681,1241,0.0,0.0008333472224535399,0.9991941982272377,0.0
38645,32.20470341172353,0.9991941982272361,560,681,1241,0.0,0.0008333472224535399,0.9991136180499612,-8.058017727639034e-05
38646,32.20553675894598,0.9991941982272361,560,681,1241,0.0,0.0008333472224535399,0.9991136180499612,0.0
38647,32.206370106168436,0.9991941982272361,560,681,1241,0.0,0.0008333472224535399,0.9992747784045142,0.00016116035455278067
38648,32.20720345339089,1.0,560,681,1241,0.0008058017727639033,0.0008333472224535399,0.999435938759067,0.00016116035455278067
38649,32.20803680061334,1.0,560,681,1241,0.0,0.0008333472224535399,0.9995165189363433,8.058017727639034e-05
38650,32.208870147835796,1.0,560,681,1241,0.0,0.0008333472224535399,0.9995970991136197,8.058017727639034e-05
38651,32.20970349505825,1.0,560,681,1241,0.0,0.0008333472224535399,0.9995970991136197,0.0
38652,32.2105368422807,1.0,560,681,1241,0.0,0.0008333472224535399,0.9995970991136197,0.0
38653,32.21137018950316,0.9991941982272361,560,681,1241,-0.0008058017727639033,0.0008333472224535399,0.9995970991136197,0.0
38654,32.21220353672561,1.0,560,681,1241,0.0008058017727639033,0.0008333472224535399,0.999677679290896,8.058017727639034e-05
38655,32.213036883948064,1.0,560,681,1241,0.0,0.0008333472224535399,0.9997582594681724,8.058017727639034e-05
38656,32.21387023117052,0.9991941982272361,560,681,1241,-0.0008058017727639033,0.0008333472224535399,0.9997582594681724,0.0
38657,32.21470357839298,1.0,560,681,1241,0.0008058017727639033,0.0008333472224606453,0.9998388396454487,8.058017727639034e-05
38658,32.21553692561543,1.0,560,681,1241,0.0,0.0008333472224535399,0.9998388396454487,0.0
38659,32.216370272837885,1.0,560,681,1241,0.0,0.0008333472224535399,0.9998388396454487,0.0
38660,32.21720362006034,1.0,560,681,1241,0.0,0.0008333472224535399,0.9998388396454487,0.0
38661,32.21803696728279,1.0,560,681,1241,0.0,0.0008333472224535399,0.9998388396454487,0.0
38662,32.218870314505246,1.0,560,681,1241,0.0,0.0008333472224535399,0.9998388396454487,0.0
38663,32.2197036617277,1.0,560,681,1241,0.0,0.0008333472224535399,0.999919419822725,8.058017727639034e-05
38664,32.22053700895015,0.9983883964544722,560,681,1241,-0.0016116035455278066,0.0008333472224535399,0.9997582594681724,-0.00016116035455278067
38665,32.221370356172606,0.9991941982272361,560,681,1241,0.0008058017727639033,0.0008333472224535399,0.999677679290896,-8.058017727639034e-05
38666,32.22220370339506,1.0,560,681,1241,0.0008058017727639033,0.0008333472224535399,0.9997582594681724,8.058017727639034e-05
38667,32.22303705061751,0.9991941982272361,560,681,1241,-0.0008058017727639033,0.0008333472224535399,0.999677679290896,-8.058017727639034e-05
38668,32.22387039783997,0.9991941982272361,560,681,1241,0.0,0.0008333472224535399,0.9995970991136197,-8.058017727639034e-05
38669,32.22470374506242,0.9991941982272361,560,681,1241,0.0,0.0008333472224535399,0.9995165189363433,-8.058017727639034e-05
38670,32.225537092284874,1.0,560,681,1241,0.0008058017727639033,0.0008333472224535399,0.9995165189363433,0.0
38671,32.22637043950733,1.0,560,681,1241,0.0,0.0008333472224535399,0.9995165189363433,0.0
38672,32.22720378672978,1.0,560,681,1241,0.0,0.0008333472224535399,0.9995165189363433,0.0
38673,32.228037133952235,1.0,560,681,1241,0.0,0.0008333472224535399,0.9995165189363433,0.0
38674,32.22887048117469,1.0,560,681,1241,0.0,0.0008333472224535399,0.999677679290896,0.00016116035455278067
38675,32.22970382839714,1.0,560,681,1241,0.0,0.0008333472224535399,0.9997582594681724,8.058017727639034e-05
38676,32.230537175619595,1.0,560,681,1241,0.0,0.0008333472224535399,0.9997582594681724,0.0
38677,32.23137052284205,1.0,560,681,1241,0.0,0.0008333472224535399,0.9998388396454487,8.058017727639034e-05
38678,32.2322038700645,1.0,560,681,1241,0.0,0.0008333472224535399,0.999919419822725,8.058017727639034e-05
38679,32.233037217286956,1.0,560,681,1241,0.0,0.0008333472224535399,1.0000000000000013,8.058017727639034e-05
38680,32.23387056450941,1.0,560,681,1241,0.0,0.0008333472224535399,1.0000000000000013,0.0
38681,32.23470391173186,1.0,560,681,1241,0.0,0.0008333472224535399,1.0000000000000013,0.0
38682,32.23553725895432,1.0,560,681,1241,0.0,0.0008333472224535399,1.0000000000000013,0.0
38683,32.23637060617677,1.0,560,681,1241,0.0,0.0008333472224535399,1.0000000000000013,0.0
38684,32.237203953399224,1.0,560,681,1241,0.0,0.0008333472224535399,1.0000000000000013,0.0
38685,32.23803730062168,1.0,560,681,1241,0.0,0.0008333472224535399,1.0000000000000013,0.0
38686,32.23887064784413,1.0,560,681,1241,0.0,0.0008333472224535399,1.0000000000000013,0.0
38687,32.239703995066584,1.0,560,681,1241,0.0,0.0008333472224535399,1.0000000000000013,0.0
38688,32.24053734228904,1.0,560,681,1241,0.0,0.0008333472224535399,1.0000000000000013,0.0
38689,32.24137068951149,1.0,560,681,1241,0.0,0.0008333472224535399,1.0000000000000013,0.0
38690,32.242204036733945,1.0,560,681,1241,0.0,0.0008333472224535399,1.0000000000000013,0.0
38691,32.2430373839564,1.0,560,681,1241,0.0,0.0008333472224535399,1.0000000000000013,0.0
38692,32.24387073117885,1.0,560,681,1241,0.0,0.0008333472224535399,1.0000000000000013,0.0
38693,32.244704078401305,1.0,560,681,1241,0.0,0.0008333472224535399,1.0000000000000013,0.0
38694,32.24553742562376,1.0,560,681,1241,0.0,0.0008333472224535399,1.0000000000000013,0.0
38695,32.24637077284621,1.0,560,681,1241,0.0,0.0008333472224535399,1.0000000000000013,0.0
38696,32.247204120068666,1.0,560,681,1241,0.0,0.0008333472224535399,1.0000000000000013,0.0
38697,32.24803746729112,1.0,560,681,1241,0.0,0.0008333472224535399,1.0000000000000013,0.0
38698,32.24887081451357,1.0,560,681,1241,0.0,0.0008333472224535399,1.0000000000000013,0.0
38699,32.249704161736034,1.0,560,681,1241,0.0,0.0008333472224606453,1.0000000000000013,0.0
38700,32.25053750895849,0.9991941982272361,560,681,1241,-0.0008058017727639033,0.0008333472224535399,0.999919419822725,-8.058017727639034e-05
38701,32.25137085618094,0.9991941982272361,560,681,1241,0.0,0.0008333472224535399,0.9998388396454487,-8.058017727639034e-05
38702,32.252204203403394,1.0,560,681,1241,0.0008058017727639033,0.0008333472224535399,0.9998388396454487,0.0
38703,32.25303755062585,0.9991941982272361,560,681,1241,-0.0008058017727639033,0.0008333472224535399,0.9997582594681724,-8.058017727639034e-05
38704,32.2538708978483,0.9991941982272361,560,681,1241,0.0,0.0008333472224535399,0.999677679290896,-8.058017727639034e-05
38705,32.254704245070755,1.0,560,681,1241,0.0008058017727639033,0.0008333472224535399,0.999677679290896,0.0
38706,32.25553759229321,1.0,560,681,1241,0.0,0.0008333472224535399,0.999677679290896,0.0
38707,32.25637093951566,1.0,560,681,1241,0.0,0.0008333472224535399,0.999677679290896,0.0
38708,32.257204286738116,1.0,560,681,1241,0.0,0.0008333472224535399,0.999677679290896,0.0
38709,32.25803763396057,1.0,560,681,1241,0.0,0.0008333472224535399,0.999677679290896,0.0
38710,32.25887098118302,1.0,560,681,1241,0.0,0.0008333472224535399,0.9997582594681724,8.058017727639034e-05
38711,32.259704328405476,1.0,560,681,1241,0.0,0.0008333472224535399,0.9998388396454487,8.058017727639034e-05
38712,32.26053767562793,1.0,560,681,1241,0.0,0.0008333472224535399,0.9998388396454487,0.0
38713,32.26137102285038,0.9991941982272361,560,681,1241,-0.0008058017727639033,0.0008333472224535399,0.9998388396454487,0.0
38714,32.26220437007284,0.9991941982272361,560,681,1241,0.0,0.0008333472224535399,0.9998388396454487,0.0
38715,32.26303771729529,0.9991941982272361,560,681,1241,0.0,0.0008333472224535399,0.9997582594681724,-8.058017727639034e-05
38716,32.263871064517744,0.9983883964544722,560,681,1241,-0.0008058017727639033,0.0008333472224535399,0.9995970991136197,-0.00016116035455278067
38717,32.2647044117402,0.9991941982272361,560,681,1241,0.0008058017727639033,0.0008333472224535399,0.9995165189363433,-8.058017727639034e-05
38718,32.26553775896265,0.9991941982272361,560,681,1241,0.0,0.0008333472224535399,0.999435938759067,-8.058017727639034e-05
38719,32.266371106185105,1.0,560,681,1241,0.0008058017727639033,0.0008333472224535399,0.999435938759067,0.0
38720,32.26720445340756,1.0,560,681,1241,0.0,0.0008333472224535399,0.999435938759067,0.0
38721,32.26803780063001,1.0,560,681,1241,0.0,0.0008333472224535399,0.999435938759067,0.0
38722,32.268871147852465,1.0,560,681,1241,0.0,0.0008333472224535399,0.999435938759067,0.0
38723,32.26970449507492,1.0,560,681,1241,0.0,0.0008333472224535399,0.9995165189363433,8.058017727639034e-05
38724,32.27053784229737,1.0,560,681,1241,0.0,0.0008333472224535399,0.9995970991136197,8.058017727639034e-05
38725,32.271371189519826,0.9991941982272361,560,681,1241,-0.0008058017727639033,0.0008333472224535399,0.9995970991136197,0.0
38726,32.27220453674228,0.9991941982272361,560,681,1241,0.0,0.0008333472224535399,0.999677679290896,8.058017727639034e-05
38727,32.27303788396473,0.9991941982272361,560,681,1241,0.0,0.0008333472224535399,0.999677679290896,0.0
38728,32.27387123118719,0.9991941982272361,560,681,1241,0.0,0.0008333472224535399,0.999677679290896,0.0
38729,32.27470457840964,0.9983883964544722,560,681,1241,-0.0008058017727639033,0.0008333472224535399,0.9995165189363433,-0.00016116035455278067
38730,32.275537925632094,0.9991941982272361,560,681,1241,0.0008058017727639033,0.0008333472224535399,0.999435938759067,-8.058017727639034e-05
38731,32.27637127285455,1.0,560,681,1241,0.0008058017727639033,0.0008333472224535399,0.999435938759067,0.0
38732,32.277204620077,1.0,560,681,1241,0.0,0.0008333472224535399,0.999435938759067,0.0
38733,32.278037967299454,1.0,560,681,1241,0.0,0.0008333472224535399,0.999435938759067,0.0
38734,32.27887131452191,1.0,560,681,1241,0.0,0.0008333472224535399,0.999435938759067,0.0
38735,32.27970466174436,1.0,560,681,1241,0.0,0.0008333472224535399,0.9995165189363433,8.058017727639034e-05
38736,32.280538008966815,1.0,560,681,1241,0.0,0.0008333472224535399,0.9995970991136197,8.058017727639034e-05
38737,32.28137135618927,1.0,560,681,1241,0.0,0.0008333472224535399,0.999677679290896,8.058017727639034e-05
38738,32.28220470341172,1.0,560,681,1241,0.0,0.0008333472224535399,0.9997582594681724,8.058017727639034e-05
38739,32.283038050634175,0.9991941982272361,560,681,1241,-0.0008058017727639033,0.0008333472224535399,0.9998388396454487,8.058017727639034e-05
38740,32.28387139785663,1.0,560,681,1241,0.0008058017727639033,0.0008333472224535399,0.999919419822725,8.058017727639034e-05
38741,32.28470474507908,1.0,560,681,1241,0.0,0.0008333472224535399,0.999919419822725,0.0
38742,32.28553809230154,1.0,560,681,1241,0.0,0.0008333472224606453,0.999919419822725,0.0
38743,32.286371439524,1.0,560,681,1241,0.0,0.0008333472224535399,0.999919419822725,0.0
38744,32.28720478674645,1.0,560,681,1241,0.0,0.0008333472224535399,0.999919419822725,0.0
38745,32.288038133968904,1.0,560,681,1241,0.0,0.0008333472224535399,0.999919419822725,0.0
38746,32.28887148119136,1.0,560,681,1241,0.0,0.0008333472224535399,0.999919419822725,0.0
38747,32.28970482841381,1.0,560,681,1241,0.0,0.0008333472224535399,0.999919419822725,0.0
38748,32.290538175636264,1.0,560,681,1241,0.0,0.0008333472224535399,0.999919419822725,0.0
38749,32.29137152285872,1.0,560,681,1241,0.0,0.0008333472224535399,1.0000000000000013,8.058017727639034e-05
38750,32.29220487008117,1.0,560,681,1241,0.0,0.0008333472224535399,1.0000000000000013,0.0
38751,32.293038217303625,1.0,560,681,1241,0.0,0.0008333472224535399,1.0000000000000013,0.0
38752,32.29387156452608,1.0,560,681,1241,0.0,0.0008333472224535399,1.0000000000000013,0.0
38753,32.29470491174853,0.9991941982272361,560,681,1241,-0.0008058017727639033,0.0008333472224535399,0.999919419822725,-8.058017727639034e-05
38754,32.295538258970986,0.9991941982272361,560,681,1241,0.0,0.0008333472224535399,0.9998388396454487,-8.058017727639034e-05
38755,32.29637160619344,0.9983883964544722,560,681,1241,-0.0008058017727639033,0.0008333472224535399,0.999677679290896,-0.00016116035455278067
38756,32.29720495341589,0.9991941982272361,560,681,1241,0.0008058017727639033,0.0008333472224535399,0.9995970991136197,-8.058017727639034e-05
38757,32.298038300638346,0.9991941982272361,560,681,1241,0.0,0.0008333472224535399,0.9995165189363433,-8.058017727639034e-05
38758,32.2988716478608,0.9991941982272361,560,681,1241,0.0,0.0008333472224535399,0.999435938759067,-8.058017727639034e-05
38759,32.29970499508325,1.0,560,681,1241,0.0008058017727639033,0.0008333472224535399,0.999435938759067,0.0
38760,32.30053834230571,1.0,560,681,1241,0.0,0.0008333472224535399,0.999435938759067,0.0
38761,32.30137168952816,1.0,560,681,1241,0.0,0.0008333472224535399,0.999435938759067,0.0
38762,32.302205036750614,1.0,560,681,1241,0.0,0.0008333472224535399,0.999435938759067,0.0
38763,32.30303838397307,0.9991941982272361,560,681,1241,-0.0008058017727639033,0.0008333472224535399,0.999435938759067,0.0
38764,32.30387173119552,0.9991941982272361,560,681,1241,0.0,0.0008333472224535399,0.999435938759067,0.0
38765,32.304705078417975,0.9991941982272361,560,681,1241,0.0,0.0008333472224535399,0.9995165189363433,8.058017727639034e-05
38766,32.30553842564043,0.9991941982272361,560,681,1241,0.0,0.0008333472224535399,0.9995165189363433,0.0
38767,32.30637177286288,1.0,560,681,1241,0.0008058017727639033,0.0008333472224535399,0.9995970991136197,8.058017727639034e-05
38768,32.307205120085335,1.0,560,681,1241,0.0,0.0008333472224535399,0.999677679290896,8.058017727639034e-05
38769,32.30803846730779,1.0,560,681,1241,0.0,0.0008333472224535399,0.999677679290896,0.0
38770,32.30887181453024,1.0,560,681,1241,0.0,0.0008333472224535399,0.999677679290896,0.0
38771,32.309705161752696,0.9991941982272361,560,681,1241,-0.0008058017727639033,0.0008333472224535399,0.9995970991136197,-8.058017727639034e-05
38772,32.31053850897515,0.9991941982272361,560,681,1241,0.0,0.0008333472224535399,0.9995165189363433,-8.058017727639034e-05
38773,32.3113718561976,0.9991941982272361,560,681,1241,0.0,0.0008333472224535399,0.9995165189363433,0.0
38774,32.312205203420056,0.9991941982272361,560,681,1241,0.0,0.0008333472224535399,0.9995165189363433,0.0
38775,32.31303855064251,0.9991941982272361,560,681,1241,0.0,0.0008333472224535399,0.9995165189363433,0.0
38776,32.31387189786496,1.0,560,681,1241,0.0008058017727639033,0.0008333472224535399,0.9995970991136197,8.058017727639034e-05
38777,32.31470524508742,1.0,560,681,1241,0.0,0.0008333472224535399,0.9995970991136197,0.0
38778,32.31553859230987,1.0,560,681,1241,0.0,0.0008333472224535399,0.9995970991136197,0.0
38779,32.316371939532324,1.0,560,681,1241,0.0,0.0008333472224535399,0.9995970991136197,0.0
38780,32.31720528675478,0.9991941982272361,560,681,1241,-0.0008058017727639033,0.0008333472224535399,0.9995165189363433,-8.058017727639034e-05
38781,32.31803863397723,1.0,560,681,1241,0.0008058017727639033,0.0008333472224535399,0.9995970991136197,8.058017727639034e-05
38782,32.318871981199685,1.0,560,681,1241,0.0,0.0008333472224535399,0.999677679290896,8.058017727639034e-05
38783,32.31970532842214,1.0,560,681,1241,0.0,0.0008333472224535399,0.9997582594681724,8.058017727639034e-05
38784,32.3205386756446,1.0,560,681,1241,0.0,0.0008333472224606453,0.9998388396454487,8.058017727639034e-05
38785,32.32137202286705,1.0,560,681,1241,0.0,0.0008333472224535399,0.999919419822725,8.058017727639034e-05
38786,32.322205370089506,1.0,560,681,1241,0.0,0.0008333472224535399,0.999919419822725,0.0
38787,32.32303871731196,1.0,560,681,1241,0.0,0.0008333472224535399,0.999919419822725,0.0
38788,32.32387206453441,1.0,560,681,1241,0.0,0.0008333472224535399,0.999919419822725,0.0
38789,32.32470541175687,1.0,560,681,1241,0.0,0.0008333472224535399,0.999919419822725,0.0
38790,32.32553875897932,1.0,560,681,1241,0.0,0.0008333472224535399,1.0000000000000013,8.058017727639034e-05
38791,32.326372106201774,1.0,560,681,1241,0.0,0.0008333472224535399,1.0000000000000013,0.0
38792,32.32720545342423,0.9991941982272361,560,681,1241,-0.0008058017727639033,0.0008333472224535399,0.999919419822725,-8.058017727639034e-05
38793,32.32803880064668,0.9991941982272361,560,681,1241,0.0,0.0008333472224535399,0.9998388396454487,-8.058017727639034e-05
38794,32.328872147869134,1.0,560,681,1241,0.0008058017727639033,0.0008333472224535399,0.9998388396454487,0.0
38795,32.32970549509159,0.9991941982272361,560,681,1241,-0.0008058017727639033,0.0008333472224535399,0.9997582594681724,-8.058017727639034e-05
38796,32.33053884231404,1.0,560,681,1241,0.0008058017727639033,0.0008333472224535399,0.9997582594681724,0.0
38797,32.331372189536495,1.0,560,681,1241,0.0,0.0008333472224535399,0.9997582594681724,0.0
38798,32.33220553675895,1.0,560,681,1241,0.0,0.0008333472224535399,0.9997582594681724,0.0
38799,32.3330388839814,1.0,560,681,1241,0.0,0.0008333472224535399,0.9997582594681724,0.0
38800,32.333872231203856,1.0,560,681,1241,0.0,0.0008333472224535399,0.9997582594681724,0.0
38801,32.33470557842631,1.0,560,681,1241,0.0,0.0008333472224535399,0.9997582594681724,0.0
38802,32.33553892564876,1.0,560,681,1241,0.0,0.0008333472224535399,0.9998388396454487,8.058017727639034e-05
38803,32.336372272871216,1.0,560,681,1241,0.0,0.0008333472224535399,0.999919419822725,8.058017727639034e-05
38804,32.33720562009367,1.0,560,681,1241,0.0,0.0008333472224535399,0.999919419822725,0.0
38805,32.33803896731612,1.0,560,681,1241,0.0,0.0008333472224535399,1.0000000000000013,8.058017727639034e-05
38806,32.33887231453858,1.0,560,681,1241,0.0,0.0008333472224535399,1.0000000000000013,0.0
38807,32.33970566176103,1.0,560,681,1241,0.0,0.0008333472224535399,1.0000000000000013,0.0
38808,32.340539008983484,1.0,560,681,1241,0.0,0.0008333472224535399,1.0000000000000013,0.0
38809,32.34137235620594,1.0,560,681,1241,0.0,0.0008333472224535399,1.0000000000000013,0.0
38810,32.34220570342839,1.0,560,681,1241,0.0,0.0008333472224535399,1.0000000000000013,0.0
38811,32.343039050650845,1.0,560,681,1241,0.0,0.0008333472224535399,1.0000000000000013,0.0
38812,32.3438723978733,1.0,560,681,1241,0.0,0.0008333472224535399,1.0000000000000013,0.0
38813,32.34470574509575,0.9991941982272361,560,681,1241,-0.0008058017727639033,0.0008333472224535399,0.999919419822725,-8.058017727639034e-05
38814,32.345539092318205,1.0,560,681,1241,0.0008058017727639033,0.0008333472224535399,0.999919419822725,0.0
38815,32.34637243954066,1.0,560,681,1241,0.0,0.0008333472224535399,0.999919419822725,0.0
38816,32.34720578676311,1.0,560,681,1241,0.0,0.0008333472224535399,0.999919419822725,0.0
38817,32.348039133985566,0.9991941982272361,560,681,1241,-0.0008058017727639033,0.0008333472224535399,0.9998388396454487,-8.058017727639034e-05
38818,32.34887248120802,1.0,560,681,1241,0.0008058017727639033,0.0008333472224535399,0.9998388396454487,0.0
38819,32.34970582843047,1.0,560,681,1241,0.0,0.0008333472224535399,0.9998388396454487,0.0
38820,32.350539175652926,1.0,560,681,1241,0.0,0.0008333472224535399,0.9998388396454487,0.0
38821,32.35137252287538,1.0,560,681,1241,0.0,0.0008333472224535399,0.9998388396454487,0.0
38822,32.35220587009783,1.0,560,681,1241,0.0,0.0008333472224535399,0.9998388396454487,0.0
38823,32.35303921732029,1.0,560,681,1241,0.0,0.0008333472224535399,0.999919419822725,8.058017727639034e-05
38824,32.35387256454274,1.0,560,681,1241,0.0,0.0008333472224535399,0.999919419822725,0.0
38825,32.354705911765194,1.0,560,681,1241,0.0,0.0008333472224535399,0.999919419822725,0.0
38826,32.355539258987655,1.0,560,681,1241,0.0,0.0008333472224606453,0.999919419822725,0.0
38827,32.35637260621011,1.0,560,681,1241,0.0,0.0008333472224535399,1.0000000000000013,8.058017727639034e-05
38828,32.35720595343256,1.0,560,681,1241,0.0,0.0008333472224535399,1.0000000000000013,0.0
38829,32.358039300655015,1.0,560,681,1241,0.0,0.0008333472224535399,1.0000000000000013,0.0
38830,32.35887264787747,1.0,560,681,1241,0.0,0.0008333472224535399,1.0000000000000013,0.0
38831,32.35970599509992,1.0,560,681,1241,0.0,0.0008333472224535399,1.0000000000000013,0.0
38832,32.360539342322376,1.0,560,681,1241,0.0,0.0008333472224535399,1.0000000000000013,0.0
38833,32.36137268954483,1.0,560,681,1241,0.0,0.0008333472224535399,1.0000000000000013,0.0
38834,32.36220603676728,1.0,560,681,1241,0.0,0.0008333472224535399,1.0000000000000013,0.0
38835,32.36303938398974,1.0,560,681,1241,0.0,0.0008333472224535399,1.0000000000000013,0.0
38836,32.36387273121219,1.0,560,681,1241,0.0,0.0008333472224535399,1.0000000000000013,0.0
38837,32.364706078434644,0.9991941982272361,560,681,1241,-0.0008058017727639033,0.0008333472224535399,0.999919419822725,-8.058017727639034e-05
38838,32.3655394256571,0.9983883964544722,560,681,1241,-0.0008058017727639033,0.0008333472224535399,0.9997582594681724,-0.00016116035455278067
38839,32.36637277287955,1.0,560,681,1241,0.0016116035455278066,0.0008333472224535399,0.9997582594681724,0.0
38840,32.367206120102004,1.0,560,681,1241,0.0,0.0008333472224535399,0.9997582594681724,0.0
38841,32.36803946732446,1.0,560,681,1241,0.0,0.0008333472224535399,0.9997582594681724,0.0
38842,32.36887281454691,0.9991941982272361,560,681,1241,-0.0008058017727639033,0.0008333472224535399,0.999677679290896,-8.058017727639034e-05
38843,32.369706161769365,0.9991941982272361,560,681,1241,0.0,0.0008333472224535399,0.9995970991136197,-8.058017727639034e-05
38844,32.37053950899182,0.9991941982272361,560,681,1241,0.0,0.0008333472224535399,0.9995165189363433,-8.058017727639034e-05
38845,32.37137285621427,1.0,560,681,1241,0.0008058017727639033,0.0008333472224535399,0.9995165189363433,0.0
38846,32.372206203436726,1.0,560,681,1241,0.0,0.0008333472224535399,0.9995165189363433,0.0
38847,32.37303955065918,1.0,560,681,1241,0.0,0.0008333472224535399,0.9995970991136197,8.058017727639034e-05
38848,32.37387289788163,1.0,560,681,1241,0.0,0.0008333472224535399,0.9997582594681724,0.00016116035455278067
38849,32.374706245104086,1.0,560,681,1241,0.0,0.0008333472224535399,0.9997582594681724,0.0
38850,32.37553959232654,1.0,560,681,1241,0.0,0.0008333472224535399,0.9997582594681724,0.0
38851,32.37637293954899,0.9991941982272361,560,681,1241,-0.0008058017727639033,0.0008333472224535399,0.999677679290896,-8.058017727639034e-05
38852,32.37720628677145,0.9991941982272361,560,681,1241,0.0,0.0008333472224535399,0.999677679290896,0.0
38853,32.3780396339939,1.0,560,681,1241,0.0008058017727639033,0.0008333472224535399,0.9997582594681724,8.058017727639034e-05
38854,32.378872981216354,1.0,560,681,1241,0.0,0.0008333472224535399,0.9998388396454487,8.058017727639034e-05
38855,32.37970632843881,1.0,560,681,1241,0.0,0.0008333472224535399,0.9998388396454487,0.0
38856,32.38053967566126,0.9991941982272361,560,681,1241,-0.0008058017727639033,0.0008333472224535399,0.9997582594681724,-8.058017727639034e-05
38857,32.381373022883714,1.0,560,681,1241,0.0008058017727639033,0.0008333472224535399,0.9997582594681724,0.0
38858,32.38220637010617,1.0,560,681,1241,0.0,0.0008333472224535399,0.9997582594681724,0.0
38859,32.38303971732862,1.0,560,681,1241,0.0,0.0008333472224535399,0.9997582594681724,0.0
38860,32.383873064551075,1.0,560,681,1241,0.0,0.0008333472224535399,0.9997582594681724,0.0
38861,32.38470641177353,1.0,560,681,1241,0.0,0.0008333472224535399,0.9998388396454487,8.058017727639034e-05
38862,32.38553975899598,1.0,560,681,1241,0.0,0.0008333472224535399,0.999919419822725,8.058017727639034e-05
38863,32.386373106218436,1.0,560,681,1241,0.0,0.0008333472224535399,0.999919419822725,0.0
38864,32.38720645344089,1.0,560,681,1241,0.0,0.0008333472224535399,0.999919419822725,0.0
38865,32.38803980066334,1.0,560,681,1241,0.0,0.0008333472224535399,0.999919419822725,0.0
38866,32.388873147885796,1.0,560,681,1241,0.0,0.0008333472224535399,1.0000000000000013,8.058017727639034e-05
38867,32.38970649510825,1.0,560,681,1241,0.0,0.0008333472224535399,1.0000000000000013,0.0
38868,32.3905398423307,1.0,560,681,1241,0.0,0.0008333472224535399,1.0000000000000013,0.0
38869,32.391373189553164,1.0,560,681,1241,0.0,0.0008333472224606453,1.0000000000000013,0.0
38870,32.39220653677562,1.0,560,681,1241,0.0,0.0008333472224535399,1.0000000000000013,0.0
38871,32.39303988399807,1.0,560,681,1241,0.0,0.0008333472224535399,1.0000000000000013,0.0
38872,32.393873231220525,1.0,560,681,1241,0.0,0.0008333472224535399,1.0000000000000013,0.0
38873,32.39470657844298,1.0,560,681,1241,0.0,0.0008333472224535399,1.0000000000000013,0.0
38874,32.39553992566543,1.0,560,681,1241,0.0,0.0008333472224535399,1.0000000000000013,0.0
38875,32.396373272887885,1.0,560,681,1241,0.0,0.0008333472224535399,1.0000000000000013,0.0
38876,32.39720662011034,1.0,560,681,1241,0.0,0.0008333472224535399,1.0000000000000013,0.0
38877,32.39803996733279,1.0,560,681,1241,0.0,0.0008333472224535399,1.0000000000000013,0.0
38878,32.398873314555246,1.0,560,681,1241,0.0,0.0008333472224535399,1.0000000000000013,0.0
38879,32.3997066617777,1.0,560,681,1241,0.0,0.0008333472224535399,1.0000000000000013,0.0
38880,32.40054000900015,0.9991941982272361,560,681,1241,-0.0008058017727639033,0.0008333472224535399,0.999919419822725,-8.058017727639034e-05
38881,32.40137335622261,0.9991941982272361,560,681,1241,0.0,0.0008333472224535399,0.9998388396454487,-8.058017727639034e-05
38882,32.40220670344506,0.9991941982272361,560,681,1241,0.0,0.0008333472224535399,0.9997582594681724,-8.058017727639034e-05
38883,32.403040050667514,0.9983883964544722,560,681,1241,-0.0008058017727639033,0.0008333472224535399,0.9995970991136197,-0.00016116035455278067
38884,32.40387339788997,0.9991941982272361,560,681,1241,0.0008058017727639033,0.0008333472224535399,0.9995165189363433,-8.058017727639034e-05
38885,32.40470674511242,0.9991941982272361,560,681,1241,0.0,0.0008333472224535399,0.999435938759067,-8.058017727639034e-05
38886,32.405540092334874,0.9991941982272361,560,681,1241,0.0,0.0008333472224535399,0.9993553585817907,-8.058017727639034e-05
38887,32.40637343955733,0.9991941982272361,560,681,1241,0.0,0.0008333472224535399,0.9992747784045143,-8.058017727639034e-05
38888,32.40720678677978,0.9991941982272361,560,681,1241,0.0,0.0008333472224535399,0.999194198227238,-8.058017727639034e-05
38889,32.408040134002235,0.9991941982272361,560,681,1241,0.0,0.0008333472224535399,0.9991136180499616,-8.058017727639034e-05
38890,32.40887348122469,0.9991941982272361,560,681,1241,0.0,0.0008333472224535399,0.9991136180499616,0.0
38891,32.40970682844714,0.9983883964544722,560,681,1241,-0.0008058017727639033,0.0008333472224535399,0.9990330378726853,-8.058017727639034e-05
38892,32.410540175669595,0.9991941982272361,560,681,1241,0.0008058017727639033,0.0008333472224535399,0.9990330378726853,0.0
38893,32.41137352289205,0.9991941982272361,560,681,1241,0.0,0.0008333472224535399,0.9991136180499616,8.058017727639034e-05
38894,32.4122068701145,0.9991941982272361,560,681,1241,0.0,0.0008333472224535399,0.9991136180499616,0.0
38895,32.413040217336956,1.0,560,681,1241,0.0008058017727639033,0.0008333472224535399,0.999194198227238,8.058017727639034e-05
38896,32.41387356455941,0.9991941982272361,560,681,1241,-0.0008058017727639033,0.0008333472224535399,0.999194198227238,0.0
38897,32.41470691178186,0.9991941982272361,560,681,1241,0.0,0.0008333472224535399,0.999194198227238,0.0
38898,32.41554025900432,0.9991941982272361,560,681,1241,0.0,0.0008333472224535399,0.999194198227238,0.0
38899,32.41637360622677,0.9991941982272361,560,681,1241,0.0,0.0008333472224535399,0.999194198227238,0.0
38900,32.417206953449224,0.9991941982272361,560,681,1241,0.0,0.0008333472224535399,0.999194198227238,0.0
38901,32.41804030067168,0.9991941982272361,560,681,1241,0.0,0.0008333472224535399,0.9992747784045143,8.058017727639034e-05
38902,32.41887364789413,0.9991941982272361,560,681,1241,0.0,0.0008333472224535399,0.9992747784045143,0.0
38903,32.419706995116584,1.0,560,681,1241,0.0008058017727639033,0.0008333472224535399,0.9993553585817907,8.058017727639034e-05
38904,32.42054034233904,1.0,560,681,1241,0.0,0.0008333472224535399,0.999435938759067,8.058017727639034e-05
38905,32.42137368956149,1.0,560,681,1241,0.0,0.0008333472224535399,0.999435938759067,0.0
38906,32.422207036783945,1.0,560,681,1241,0.0,0.0008333472224535399,0.9995165189363433,8.058017727639034e-05
38907,32.4230403840064,1.0,560,681,1241,0.0,0.0008333472224535399,0.9995970991136197,8.058017727639034e-05
38908,32.42387373122885,0.9991941982272361,560,681,1241,-0.0008058017727639033,0.0008333472224535399,0.9995970991136197,0.0
38909,32.424707078451306,0.9991941982272361,560,681,1241,0.0,0.0008333472224535399,0.9995970991136197,0.0
38910,32.42554042567376,0.9991941982272361,560,681,1241,0.0,0.0008333472224535399,0.9995970991136197,0.0
38911,32.42637377289622,1.0,560,681,1241,0.0008058017727639033,0.0008333472224606453,0.999677679290896,8.058017727639034e-05
38912,32.42720712011867,1.0,560,681,1241,0.0,0.0008333472224535399,0.9997582594681724,8.058017727639034e-05
38913,32.42804046734113,1.0,560,681,1241,0.0,0.0008333472224535399,0.9997582594681724,0.0
38914,32.42887381456358,1.0,560,681,1241,0.0,0.0008333472224535399,0.9997582594681724,0.0
38915,32.429707161786034,1.0,560,681,1241,0.0,0.0008333472224535399,0.9997582594681724,0.0
38916,32.43054050900849,1.0,560,681,1241,0.0,0.0008333472224535399,0.9997582594681724,0.0
38917,32.43137385623094,1.0,560,681,1241,0.0,0.0008333472224535399,0.9997582594681724,0.0
38918,32.432207203453395,1.0,560,681,1241,0.0,0.0008333472224535399,0.9998388396454487,8.058017727639034e-05
38919,32.43304055067585,1.0,560,681,1241,0.0,0.0008333472224535399,0.999919419822725,8.058017727639034e-05
38920,32.4338738978983,1.0,560,681,1241,0.0,0.0008333472224535399,1.0000000000000013,8.058017727639034e-05
38921,32.434707245120755,1.0,560,681,1241,0.0,0.0008333472224535399,1.0000000000000013,0.0
38922,32.43554059234321,1.0,560,681,1241,0.0,0.0008333472224535399,1.0000000000000013,0.0
38923,32.43637393956566,0.9991941982272361,560,681,1241,-0.0008058017727639033,0.0008333472224535399,0.999919419822725,-8.058017727639034e-05
38924,32.437207286788116,0.9983883964544722,560,681,1241,-0.0008058017727639033,0.0008333472224535399,0.9997582594681724,-0.00016116035455278067
38925,32.43804063401057,0.9983883964544722,560,681,1241,0.0,0.0008333472224535399,0.9995970991136197,-0.00016116035455278067
38926,32.43887398123302,0.9991941982272361,560,681,1241,0.0008058017727639033,0.0008333472224535399,0.9995165189363433,-8.058017727639034e-05
38927,32.439707328455476,0.9991941982272361,560,681,1241,0.0,0.0008333472224535399,0.999435938759067,-8.058017727639034e-05
38928,32.44054067567793,1.0,560,681,1241,0.0008058017727639033,0.0008333472224535399,0.999435938759067,0.0
38929,32.44137402290038,1.0,560,681,1241,0.0,0.0008333472224535399,0.999435938759067,0.0
38930,32.44220737012284,1.0,560,681,1241,0.0,0.0008333472224535399,0.999435938759067,0.0
38931,32.44304071734529,1.0,560,681,1241,0.0,0.0008333472224535399,0.999435938759067,0.0
38932,32.443874064567744,1.0,560,681,1241,0.0,0.0008333472224535399,0.999435938759067,0.0
38933,32.4447074117902,1.0,560,681,1241,0.0,0.0008333472224535399,0.9995165189363433,8.058017727639034e-05
38934,32.44554075901265,0.9991941982272361,560,681,1241,-0.0008058017727639033,0.0008333472224535399,0.9995970991136197,8.058017727639034e-05
38935,32.446374106235105,0.9991941982272361,560,681,1241,0.0,0.0008333472224535399,0.999677679290896,8.058017727639034e-05
38936,32.44720745345756,0.9983883964544722,560,681,1241,-0.0008058017727639033,0.0008333472224535399,0.9995970991136197,-8.058017727639034e-05
38937,32.44804080068001,0.9983883964544722,560,681,1241,0.0,0.0008333472224535399,0.9995165189363433,-8.058017727639034e-05
38938,32.448874147902465,0.9983883964544722,560,681,1241,0.0,0.0008333472224535399,0.9993553585817907,-0.00016116035455278067
38939,32.44970749512492,0.9991941982272361,560,681,1241,0.0008058017727639033,0.0008333472224535399,0.9992747784045143,-8.058017727639034e-05
38940,32.45054084234737,0.9991941982272361,560,681,1241,0.0,0.0008333472224535399,0.999194198227238,-8.058017727639034e-05
38941,32.451374189569826,0.9991941982272361,560,681,1241,0.0,0.0008333472224535399,0.9991136180499616,-8.058017727639034e-05
38942,32.45220753679228,0.9991941982272361,560,681,1241,0.0,0.0008333472224535399,0.9990330378726853,-8.058017727639034e-05
38943,32.45304088401473,0.9991941982272361,560,681,1241,0.0,0.0008333472224535399,0.998952457695409,-8.058017727639034e-05
38944,32.45387423123719,0.9991941982272361,560,681,1241,0.0,0.0008333472224535399,0.998952457695409,0.0
38945,32.45470757845964,1.0,560,681,1241,0.0008058017727639033,0.0008333472224535399,0.9990330378726853,8.058017727639034e-05
38946,32.455540925682094,0.9991941982272361,560,681,1241,-0.0008058017727639033,0.0008333472224535399,0.9991136180499616,8.058017727639034e-05
38947,32.45637427290455,1.0,560,681,1241,0.0008058017727639033,0.0008333472224535399,0.9992747784045143,0.00016116035455278067
38948,32.457207620127,1.0,560,681,1241,0.0,0.0008333472224535399,0.999435938759067,0.00016116035455278067
38949,32.458040967349454,0.9991941982272361,560,681,1241,-0.0008058017727639033,0.0008333472224535399,0.999435938759067,0.0
38950,32.45887431457191,1.0,560,681,1241,0.0008058017727639033,0.0008333472224535399,0.9995165189363433,8.058017727639034e-05
38951,32.45970766179436,1.0,560,681,1241,0.0,0.0008333472224535399,0.9995970991136197,8.058017727639034e-05
38952,32.460541009016815,1.0,560,681,1241,0.0,0.0008333472224535399,0.999677679290896,8.058017727639034e-05
38953,32.46137435623927,1.0,560,681,1241,0.0,0.0008333472224535399,0.9997582594681724,8.058017727639034e-05
38954,32.46220770346173,1.0,560,681,1241,0.0,0.0008333472224606453,0.9998388396454487,8.058017727639034e-05
38955,32.46304105068418,1.0,560,681,1241,0.0,0.0008333472224535399,0.9998388396454487,0.0
38956,32.463874397906636,0.9991941982272361,560,681,1241,-0.0008058017727639033,0.0008333472224535399,0.9998388396454487,0.0
38957,32.46470774512909,0.9991941982272361,560,681,1241,0.0,0.0008333472224535399,0.9997582594681724,-8.058017727639034e-05
38958,32.46554109235154,0.9991941982272361,560,681,1241,0.0,0.0008333472224535399,0.999677679290896,-8.058017727639034e-05
38959,32.466374439574,0.9991941982272361,560,681,1241,0.0,0.0008333472224535399,0.999677679290896,0.0
38960,32.46720778679645,0.9991941982272361,560,681,1241,0.0,0.0008333472224535399,0.9995970991136197,-8.058017727639034e-05
38961,32.468041134018904,1.0,560,681,1241,0.0008058017727639033,0.0008333472224535399,0.9995970991136197,0.0
38962,32.46887448124136,0.9991941982272361,560,681,1241,-0.0008058017727639033,0.0008333472224535399,0.9995165189363433,-8.058017727639034e-05
38963,32.46970782846381,0.9991941982272361,560,681,1241,0.0,0.0008333472224535399,0.999435938759067,-8.058017727639034e-05
38964,32.470541175686265,0.9991941982272361,560,681,1241,0.0,0.0008333472224535399,0.9993553585817907,-8.058017727639034e-05
38965,32.47137452290872,0.9991941982272361,560,681,1241,0.0,0.0008333472224535399,0.9992747784045143,-8.058017727639034e-05
38966,32.47220787013117,1.0,560,681,1241,0.0008058017727639033,0.0008333472224535399,0.9993553585817907,8.058017727639034e-05
38967,32.473041217353625,1.0,560,681,1241,0.0,0.0008333472224535399,0.999435938759067,8.058017727639034e-05
38968,32.47387456457608,1.0,560,681,1241,0.0,0.0008333472224535399,0.9995165189363433,8.058017727639034e-05
38969,32.47470791179853,1.0,560,681,1241,0.0,0.0008333472224535399,0.9995970991136197,8.058017727639034e-05
38970,32.475541259020986,0.9991941982272361,560,681,1241,-0.0008058017727639033,0.0008333472224535399,0.9995970991136197,0.0
38971,32.47637460624344,0.9991941982272361,560,681,1241,0.0,0.0008333472224535399,0.9995165189363433,-8.058017727639034e-05
38972,32.47720795346589,0.9991941982272361,560,681,1241,0.0,0.0008333472224535399,0.9995165189363433,0.0
38973,32.478041300688346,0.9991941982272361,560,681,1241,0.0,0.0008333472224535399,0.9995165189363433,0.0
38974,32.4788746479108,0.9991941982272361,560,681,1241,0.0,0.0008333472224535399,0.9995165189363433,0.0
38975,32.47970799513325,0.9991941982272361,560,681,1241,0.0,0.0008333472224535399,0.9995165189363433,0.0
38976,32.48054134235571,0.9991941982272361,560,681,1241,0.0,0.0008333472224535399,0.999435938759067,-8.058017727639034e-05
38977,32.48137468957816,0.9991941982272361,560,681,1241,0.0,0.0008333472224535399,0.9993553585817907,-8.058017727639034e-05
38978,32.482208036800614,1.0,560,681,1241,0.0008058017727639033,0.0008333472224535399,0.9993553585817907,0.0
38979,32.48304138402307,1.0,560,681,1241,0.0,0.0008333472224535399,0.9993553585817907,0.0
38980,32.48387473124552,1.0,560,681,1241,0.0,0.0008333472224535399,0.999435938759067,8.058017727639034e-05
38981,32.484708078467975,1.0,560,681,1241,0.0,0.0008333472224535399,0.9995165189363433,8.058017727639034e-05
38982,32.48554142569043,1.0,560,681,1241,0.0,0.0008333472224535399,0.9995970991136197,8.058017727639034e-05
38983,32.48637477291288,1.0,560,681,1241,0.0,0.0008333472224535399,0.999677679290896,8.058017727639034e-05
38984,32.487208120135335,1.0,560,681,1241,0.0,0.0008333472224535399,0.9997582594681724,8.058017727639034e-05
38985,32.48804146735779,1.0,560,681,1241,0.0,0.0008333472224535399,0.9998388396454487,8.058017727639034e-05
38986,32.48887481458024,0.9991941982272361,560,681,1241,-0.0008058017727639033,0.0008333472224535399,0.9998388396454487,0.0
38987,32.489708161802696,0.9991941982272361,560,681,1241,0.0,0.0008333472224535399,0.9998388396454487,0.0
38988,32.49054150902515,0.9991941982272361,560,681,1241,0.0,0.0008333472224535399,0.9997582594681724,-8.058017727639034e-05
38989,32.4913748562476,0.9991941982272361,560,681,1241,0.0,0.0008333472224535399,0.999677679290896,-8.058017727639034e-05
38990,32.49220820347006,0.9991941982272361,560,681,1241,0.0,0.0008333472224535399,0.9995970991136197,-8.058017727639034e-05
38991,32.49304155069251,0.9991941982272361,560,681,1241,0.0,0.0008333472224535399,0.9995165189363433,-8.058017727639034e-05
38992,32.493874897914964,0.9991941982272361,560,681,1241,0.0,0.0008333472224535399,0.999435938759067,-8.058017727639034e-05
38993,32.49470824513742,1.0,560,681,1241,0.0008058017727639033,0.0008333472224535399,0.999435938759067,0.0
38994,32.49554159235987,1.0,560,681,1241,0.0,0.0008333472224535399,0.999435938759067,0.0
38995,32.496374939582324,1.0,560,681,1241,0.0,0.0008333472224535399,0.999435938759067,0.0
38996,32.497208286804785,1.0,560,681,1241,0.0,0.0008333472224606453,0.9995165189363433,8.058017727639034e-05
38997,32.49804163402724,1.0,560,681,1241,0.0,0.0008333472224535399,0.9995970991136197,8.058017727639034e-05
38998,32.49887498124969,1.0,560,681,1241,0.0,0.0008333472224535399,0.999677679290896,8.058017727639034e-05
38999,32.499708328472146,1.0,560,681,1241,0.0,0.0008333472224535399,0.9997582594681724,8.058017727639034e-05
39000,32.5005416756946,1.0,560,681,1241,0.0,0.0008333472224535399,0.9998388396454487,8.058017727639034e-05
39001,32.50137502291705,0.9991941982272361,560,681,1241,-0.0008058017727639033,0.0008333472224535399,0.9998388396454487,0.0
39002,32.502208370139506,1.0,560,681,1241,0.0008058017727639033,0.0008333472224535399,0.999919419822725,8.058017727639034e-05
39003,32.50304171736196,1.0,560,681,1241,0.0,0.0008333472224535399,0.999919419822725,0.0
39004,32.50387506458441,1.0,560,681,1241,0.0,0.0008333472224535399,0.999919419822725,0.0
39005,32.50470841180687,1.0,560,681,1241,0.0,0.0008333472224535399,0.999919419822725,0.0
39006,32.50554175902932,1.0,560,681,1241,0.0,0.0008333472224535399,0.999919419822725,0.0
39007,32.506375106251774,1.0,560,681,1241,0.0,0.0008333472224535399,0.999919419822725,0.0
39008,32.50720845347423,1.0,560,681,1241,0.0,0.0008333472224535399,0.999919419822725,0.0
39009,32.50804180069668,1.0,560,681,1241,0.0,0.0008333472224535399,0.999919419822725,0.0
39010,32.508875147919134,1.0,560,681,1241,0.0,0.0008333472224535399,0.999919419822725,0.0
39011,32.50970849514159,1.0,560,681,1241,0.0,0.0008333472224535399,1.0000000000000013,8.058017727639034e-05
39012,32.51054184236404,1.0,560,681,1241,0.0,0.0008333472224535399,1.0000000000000013,0.0
39013,32.511375189586495,1.0,560,681,1241,0.0,0.0008333472224535399,1.0000000000000013,0.0
39014,32.51220853680895,1.0,560,681,1241,0.0,0.0008333472224535399,1.0000000000000013,0.0
39015,32.5130418840314,1.0,560,681,1241,0.0,0.0008333472224535399,1.0000000000000013,0.0
39016,32.513875231253856,1.0,560,681,1241,0.0,0.0008333472224535399,1.0000000000000013,0.0
39017,32.51470857847631,1.0,560,681,1241,0.0,0.0008333472224535399,1.0000000000000013,0.0
39018,32.51554192569876,1.0,560,681,1241,0.0,0.0008333472224535399,1.0000000000000013,0.0
39019,32.516375272921216,1.0,560,681,1241,0.0,0.0008333472224535399,1.0000000000000013,0.0
39020,32.51720862014367,1.0,560,681,1241,0.0,0.0008333472224535399,1.0000000000000013,0.0
39021,32.51804196736612,0.9991941982272361,560,681,1241,-0.0008058017727639033,0.0008333472224535399,0.999919419822725,-8.058017727639034e-05
39022,32.51887531458858,0.9991941982272361,560,681,1241,0.0,0.0008333472224535399,0.9998388396454487,-8.058017727639034e-05
39023,32.51970866181103,0.9991941982272361,560,681,1241,0.0,0.0008333472224535399,0.9997582594681724,-8.058017727639034e-05
39024,32.520542009033484,1.0,560,681,1241,0.0008058017727639033,0.0008333472224535399,0.9997582594681724,0.0
39025,32.52137535625594,1.0,560,681,1241,0.0,0.0008333472224535399,0.9997582594681724,0.0
39026,32.52220870347839,1.0,560,681,1241,0.0,0.0008333472224535399,0.9997582594681724,0.0
39027,32.523042050700845,1.0,560,681,1241,0.0,0.0008333472224535399,0.9997582594681724,0.0
39028,32.5238753979233,0.9991941982272361,560,681,1241,-0.0008058017727639033,0.0008333472224535399,0.999677679290896,-8.058017727639034e-05
39029,32.52470874514575,0.9991941982272361,560,681,1241,0.0,0.0008333472224535399,0.9995970991136197,-8.058017727639034e-05
39030,32.525542092368205,1.0,560,681,1241,0.0008058017727639033,0.0008333472224535399,0.9995970991136197,0.0
39031,32.52637543959066,1.0,560,681,1241,0.0,0.0008333472224535399,0.999677679290896,8.058017727639034e-05
39032,32.52720878681311,1.0,560,681,1241,0.0,0.0008333472224535399,0.9997582594681724,8.058017727639034e-05
39033,32.528042134035566,1.0,560,681,1241,0.0,0.0008333472224535399,0.9998388396454487,8.058017727639034e-05
39034,32.52887548125802,1.0,560,681,1241,0.0,0.0008333472224535399,0.9998388396454487,0.0
39035,32.52970882848047,1.0,560,681,1241,0.0,0.0008333472224535399,0.9998388396454487,0.0
39036,32.53054217570293,1.0,560,681,1241,0.0,0.0008333472224535399,0.9998388396454487,0.0
39037,32.53137552292538,1.0,560,681,1241,0.0,0.0008333472224535399,0.9998388396454487,0.0
39038,32.53220887014784,1.0,560,681,1241,0.0,0.0008333472224606453,0.999919419822725,8.058017727639034e-05
39039,32.533042217370294,1.0,560,681,1241,0.0,0.0008333472224535399,1.0000000000000013,8.058017727639034e-05
39040,32.53387556459275,1.0,560,681,1241,0.0,0.0008333472224535399,1.0000000000000013,0.0
39041,32.5347089118152,1.0,560,681,1241,0.0,0.0008333472224535399,1.0000000000000013,0.0
39042,32.535542259037655,1.0,560,681,1241,0.0,0.0008333472224535399,1.0000000000000013,0.0
39043,32.53637560626011,1.0,560,681,1241,0.0,0.0008333472224535399,1.0000000000000013,0.0
39044,32.53720895348256,1.0,560,681,1241,0.0,0.0008333472224535399,1.0000000000000013,0.0
39045,32.538042300705015,1.0,560,681,1241,0.0,0.0008333472224535399,1.0000000000000013,0.0
39046,32.53887564792747,1.0,560,681,1241,0.0,0.0008333472224535399,1.0000000000000013,0.0
39047,32.53970899514992,1.0,560,681,1241,0.0,0.0008333472224535399,1.0000000000000013,0.0
39048,32.540542342372376,1.0,560,681,1241,0.0,0.0008333472224535399,1.0000000000000013,0.0
39049,32.54137568959483,1.0,560,681,1241,0.0,0.0008333472224535399,1.0000000000000013,0.0
39050,32.54220903681728,0.9991941982272361,560,681,1241,-0.0008058017727639033,0.0008333472224535399,0.999919419822725,-8.058017727639034e-05
39051,32.54304238403974,1.0,560,681,1241,0.0008058017727639033,0.0008333472224535399,0.999919419822725,0.0
39052,32.54387573126219,0.9991941982272361,560,681,1241,-0.0008058017727639033,0.0008333472224535399,0.9998388396454487,-8.058017727639034e-05
39053,32.544709078484644,0.9991941982272361,560,681,1241,0.0,0.0008333472224535399,0.9997582594681724,-8.058017727639034e-05
39054,32.5455424257071,0.9991941982272361,560,681,1241,0.0,0.0008333472224535399,0.999677679290896,-8.058017727639034e-05
39055,32.54637577292955,0.9991941982272361,560,681,1241,0.0,0.0008333472224535399,0.9995970991136197,-8.058017727639034e-05
39056,32.547209120152004,0.9991941982272361,560,681,1241,0.0,0.0008333472224535399,0.9995165189363433,-8.058017727639034e-05
39057,32.54804246737446,1.0,560,681,1241,0.0008058017727639033,0.0008333472224535399,0.9995165189363433,0.0
39058,32.54887581459691,1.0,560,681,1241,0.0,0.0008333472224535399,0.9995165189363433,0.0
39059,32.549709161819365,0.9991941982272361,560,681,1241,-0.0008058017727639033,0.0008333472224535399,0.999435938759067,-8.058017727639034e-05
39060,32.55054250904182,0.9991941982272361,560,681,1241,0.0,0.0008333472224535399,0.999435938759067,0.0
39061,32.55137585626427,0.9983883964544722,560,681,1241,-0.0008058017727639033,0.0008333472224535399,0.9992747784045143,-0.00016116035455278067
39062,32.552209203486726,0.9991941982272361,560,681,1241,0.0008058017727639033,0.0008333472224535399,0.9992747784045143,0.0
39063,32.55304255070918,0.9991941982272361,560,681,1241,0.0,0.0008333472224535399,0.9992747784045143,0.0
39064,32.55387589793163,1.0,560,681,1241,0.0008058017727639033,0.0008333472224535399,0.9993553585817907,8.058017727639034e-05
39065,32.554709245154086,1.0,560,681,1241,0.0,0.0008333472224535399,0.999435938759067,8.058017727639034e-05
39066,32.55554259237654,0.9991941982272361,560,681,1241,-0.0008058017727639033,0.0008333472224535399,0.999435938759067,0.0
39067,32.55637593959899,0.9991941982272361,560,681,1241,0.0,0.0008333472224535399,0.9993553585817907,-8.058017727639034e-05
39068,32.55720928682145,0.9991941982272361,560,681,1241,0.0,0.0008333472224535399,0.9992747784045143,-8.058017727639034e-05
39069,32.5580426340439,0.9991941982272361,560,681,1241,0.0,0.0008333472224535399,0.9992747784045143,0.0
39070,32.558875981266354,1.0,560,681,1241,0.0008058017727639033,0.0008333472224535399,0.9993553585817907,8.058017727639034e-05
39071,32.55970932848881,1.0,560,681,1241,0.0,0.0008333472224535399,0.9995165189363433,0.00016116035455278067
39072,32.56054267571126,0.9991941982272361,560,681,1241,-0.0008058017727639033,0.0008333472224535399,0.9995165189363433,0.0
39073,32.561376022933715,1.0,560,681,1241,0.0008058017727639033,0.0008333472224535399,0.9995970991136197,8.058017727639034e-05
39074,32.56220937015617,1.0,560,681,1241,0.0,0.0008333472224535399,0.9995970991136197,0.0
39075,32.56304271737862,0.9983883964544722,560,681,1241,-0.0016116035455278066,0.0008333472224535399,0.999435938759067,-0.00016116035455278067
39076,32.563876064601075,0.9991941982272361,560,681,1241,0.0008058017727639033,0.0008333472224535399,0.999435938759067,0.0
39077,32.56470941182353,0.9991941982272361,560,681,1241,0.0,0.0008333472224535399,0.999435938759067,0.0
39078,32.56554275904598,0.9991941982272361,560,681,1241,0.0,0.0008333472224535399,0.999435938759067,0.0
39079,32.566376106268436,0.9991941982272361,560,681,1241,0.0,0.0008333472224535399,0.999435938759067,0.0
39080,32.56720945349089,0.9983883964544722,560,681,1241,-0.0008058017727639033,0.0008333472224535399,0.9992747784045143,-0.00016116035455278067
39081,32.56804280071335,0.9983883964544722,560,681,1241,0.0,0.0008333472224606453,0.9991136180499616,-0.00016116035455278067
39082,32.5688761479358,0.9983883964544722,560,681,1241,0.0,0.0008333472224535399,0.9990330378726853,-8.058017727639034e-05
39083,32.56970949515826,0.9991941982272361,560,681,1241,0.0008058017727639033,0.0008333472224535399,0.998952457695409,-8.058017727639034e-05
39084,32.57054284238071,0.9991941982272361,560,681,1241,0.0,0.0008333472224535399,0.9988718775181326,-8.058017727639034e-05
39085,32.571376189603164,0.9991941982272361,560,681,1241,0.0,0.0008333472224535399,0.998952457695409,8.058017727639034e-05
39086,32.57220953682562,0.9991941982272361,560,681,1241,0.0,0.0008333472224535399,0.998952457695409,0.0
39087,32.57304288404807,0.9991941982272361,560,681,1241,0.0,0.0008333472224535399,0.998952457695409,0.0
39088,32.573876231270525,0.9991941982272361,560,681,1241,0.0,0.0008333472224535399,0.998952457695409,0.0
39089,32.57470957849298,1.0,560,681,1241,0.0008058017727639033,0.0008333472224535399,0.9990330378726853,8.058017727639034e-05
39090,32.57554292571543,1.0,560,681,1241,0.0,0.0008333472224535399,0.999194198227238,0.00016116035455278067
39091,32.576376272937885,1.0,560,681,1241,0.0,0.0008333472224535399,0.9993553585817907,0.00016116035455278067
39092,32.57720962016034,1.0,560,681,1241,0.0,0.0008333472224535399,0.9995165189363433,0.00016116035455278067
39093,32.57804296738279,1.0,560,681,1241,0.0,0.0008333472224535399,0.9995970991136197,8.058017727639034e-05
39094,32.578876314605246,1.0,560,681,1241,0.0,0.0008333472224535399,0.999677679290896,8.058017727639034e-05
39095,32.5797096618277,1.0,560,681,1241,0.0,0.0008333472224535399,0.9997582594681724,8.058017727639034e-05
39096,32.58054300905015,1.0,560,681,1241,0.0,0.0008333472224535399,0.9998388396454487,8.058017727639034e-05
39097,32.58137635627261,1.0,560,681,1241,0.0,0.0008333472224535399,0.999919419822725,8.058017727639034e-05
39098,32.58220970349506,1.0,560,681,1241,0.0,0.0008333472224535399,1.0000000000000013,8.058017727639034e-05
39099,32.583043050717514,1.0,560,681,1241,0.0,0.0008333472224535399,1.0000000000000013,0.0
39100,32.58387639793997,1.0,560,681,1241,0.0,0.0008333472224535399,1.0000000000000013,0.0
39101,32.58470974516242,1.0,560,681,1241,0.0,0.0008333472224535399,1.0000000000000013,0.0
39102,32.585543092384874,1.0,560,681,1241,0.0,0.0008333472224535399,1.0000000000000013,0.0
39103,32.58637643960733,1.0,560,681,1241,0.0,0.0008333472224535399,1.0000000000000013,0.0
39104,32.58720978682978,1.0,560,681,1241,0.0,0.0008333472224535399,1.0000000000000013,0.0
39105,32.588043134052235,0.9983883964544722,560,681,1241,-0.0016116035455278066,0.0008333472224535399,0.9998388396454487,-0.00016116035455278067
39106,32.58887648127469,0.9991941982272361,560,681,1241,0.0008058017727639033,0.0008333472224535399,0.9997582594681724,-8.058017727639034e-05
39107,32.58970982849714,0.9991941982272361,560,681,1241,0.0,0.0008333472224535399,0.999677679290896,-8.058017727639034e-05
39108,32.590543175719596,0.9991941982272361,560,681,1241,0.0,0.0008333472224535399,0.9995970991136197,-8.058017727639034e-05
39109,32.59137652294205,1.0,560,681,1241,0.0008058017727639033,0.0008333472224535399,0.9995970991136197,0.0
39110,32.5922098701645,1.0,560,681,1241,0.0,0.0008333472224535399,0.9995970991136197,0.0
39111,32.593043217386956,1.0,560,681,1241,0.0,0.0008333472224535399,0.9995970991136197,0.0
39112,32.59387656460941,1.0,560,681,1241,0.0,0.0008333472224535399,0.9995970991136197,0.0
39113,32.59470991183186,1.0,560,681,1241,0.0,0.0008333472224535399,0.9995970991136197,0.0
39114,32.59554325905432,1.0,560,681,1241,0.0,0.0008333472224535399,0.9995970991136197,0.0
39115,32.59637660627677,1.0,560,681,1241,0.0,0.0008333472224535399,0.9997582594681724,0.00016116035455278067
39116,32.597209953499224,1.0,560,681,1241,0.0,0.0008333472224535399,0.9998388396454487,8.058017727639034e-05
39117,32.59804330072168,0.9991941982272361,560,681,1241,-0.0008058017727639033,0.0008333472224535399,0.9998388396454487,0.0
39118,32.59887664794413,0.9991941982272361,560,681,1241,0.0,0.0008333472224535399,0.9998388396454487,0.0
39119,32.599709995166585,0.9991941982272361,560,681,1241,0.0,0.0008333472224535399,0.9997582594681724,-8.058017727639034e-05
39120,32.60054334238904,0.9983883964544722,560,681,1241,-0.0008058017727639033,0.0008333472224535399,0.9995970991136197,-0.00016116035455278067
39121,32.60137668961149,0.9991941982272361,560,681,1241,0.0008058017727639033,0.0008333472224535399,0.9995165189363433,-8.058017727639034e-05
39122,32.602210036833945,0.9991941982272361,560,681,1241,0.0,0.0008333472224535399,0.999435938759067,-8.058017727639034e-05
39123,32.603043384056406,0.9991941982272361,560,681,1241,0.0,0.0008333472224606453,0.9993553585817907,-8.058017727639034e-05
39124,32.60387673127886,0.9991941982272361,560,681,1241,0.0,0.0008333472224535399,0.9992747784045143,-8.058017727639034e-05
39125,32.60471007850131,1.0,560,681,1241,0.0008058017727639033,0.0008333472224535399,0.9992747784045143,0.0
39126,32.605543425723766,1.0,560,681,1241,0.0,0.0008333472224535399,0.9992747784045143,0.0
39127,32.60637677294622,1.0,560,681,1241,0.0,0.0008333472224535399,0.9993553585817907,8.058017727639034e-05
39128,32.60721012016867,1.0,560,681,1241,0.0,0.0008333472224535399,0.999435938759067,8.058017727639034e-05
39129,32.60804346739113,1.0,560,681,1241,0.0,0.0008333472224535399,0.9995165189363433,8.058017727639034e-05
39130,32.60887681461358,0.9991941982272361,560,681,1241,-0.0008058017727639033,0.0008333472224535399,0.9995970991136197,8.058017727639034e-05
39131,32.609710161836034,0.9991941982272361,560,681,1241,0.0,0.0008333472224535399,0.9995970991136197,0.0
39132,32.61054350905849,0.9991941982272361,560,681,1241,0.0,0.0008333472224535399,0.9995970991136197,0.0
39133,32.61137685628094,0.9991941982272361,560,681,1241,0.0,0.0008333472224535399,0.9995970991136197,0.0
39134,32.612210203503395,0.9991941982272361,560,681,1241,0.0,0.0008333472224535399,0.9995970991136197,0.0
39135,32.61304355072585,0.9991941982272361,560,681,1241,0.0,0.0008333472224535399,0.9995165189363433,-8.058017727639034e-05
39136,32.6138768979483,0.9991941982272361,560,681,1241,0.0,0.0008333472224535399,0.999435938759067,-8.058017727639034e-05
39137,32.614710245170755,1.0,560,681,1241,0.0008058017727639033,0.0008333472224535399,0.999435938759067,0.0
39138,32.61554359239321,1.0,560,681,1241,0.0,0.0008333472224535399,0.999435938759067,0.0
39139,32.61637693961566,1.0,560,681,1241,0.0,0.0008333472224535399,0.999435938759067,0.0
39140,32.617210286838116,1.0,560,681,1241,0.0,0.0008333472224535399,0.9995165189363433,8.058017727639034e-05
39141,32.61804363406057,1.0,560,681,1241,0.0,0.0008333472224535399,0.9995970991136197,8.058017727639034e-05
39142,32.61887698128302,1.0,560,681,1241,0.0,0.0008333472224535399,0.999677679290896,8.058017727639034e-05
39143,32.61971032850548,1.0,560,681,1241,0.0,0.0008333472224535399,0.9997582594681724,8.058017727639034e-05
39144,32.62054367572793,1.0,560,681,1241,0.0,0.0008333472224535399,0.9998388396454487,8.058017727639034e-05
39145,32.621377022950384,1.0,560,681,1241,0.0,0.0008333472224535399,0.999919419822725,8.058017727639034e-05
39146,32.62221037017284,1.0,560,681,1241,0.0,0.0008333472224535399,1.0000000000000013,8.058017727639034e-05
39147,32.62304371739529,1.0,560,681,1241,0.0,0.0008333472224535399,1.0000000000000013,0.0
39148,32.623877064617744,1.0,560,681,1241,0.0,0.0008333472224535399,1.0000000000000013,0.0
39149,32.6247104118402,0.9991941982272361,560,681,1241,-0.0008058017727639033,0.0008333472224535399,0.999919419822725,-8.058017727639034e-05
39150,32.62554375906265,0.9991941982272361,560,681,1241,0.0,0.0008333472224535399,0.9998388396454487,-8.058017727639034e-05
39151,32.626377106285105,0.9991941982272361,560,681,1241,0.0,0.0008333472224535399,0.9997582594681724,-8.058017727639034e-05
39152,32.62721045350756,0.9991941982272361,560,681,1241,0.0,0.0008333472224535399,0.999677679290896,-8.058017727639034e-05
39153,32.62804380073001,0.9991941982272361,560,681,1241,0.0,0.0008333472224535399,0.9995970991136197,-8.058017727639034e-05
39154,32.628877147952466,0.9991941982272361,560,681,1241,0.0,0.0008333472224535399,0.9995165189363433,-8.058017727639034e-05
39155,32.62971049517492,0.9983883964544722,560,681,1241,-0.0008058017727639033,0.0008333472224535399,0.9993553585817907,-0.00016116035455278067
39156,32.63054384239737,0.9991941982272361,560,681,1241,0.0008058017727639033,0.0008333472224535399,0.9992747784045143,-8.058017727639034e-05
39157,32.631377189619826,0.9991941982272361,560,681,1241,0.0,0.0008333472224535399,0.999194198227238,-8.058017727639034e-05
39158,32.63221053684228,0.9983883964544722,560,681,1241,-0.0008058017727639033,0.0008333472224535399,0.9990330378726853,-0.00016116035455278067
39159,32.63304388406473,0.9983883964544722,560,681,1241,0.0,0.0008333472224535399,0.998952457695409,-8.058017727639034e-05
39160,32.63387723128719,0.9983883964544722,560,681,1241,0.0,0.0008333472224535399,0.9988718775181326,-8.058017727639034e-05
39161,32.63471057850964,0.9983883964544722,560,681,1241,0.0,0.0008333472224535399,0.9987912973408563,-8.058017727639034e-05
39162,32.635543925732094,0.9991941982272361,560,681,1241,0.0008058017727639033,0.0008333472224535399,0.9987912973408563,0.0
39163,32.63637727295455,1.0,560,681,1241,0.0008058017727639033,0.0008333472224535399,0.9988718775181326,8.058017727639034e-05
39164,32.637210620177,1.0,560,681,1241,0.0,0.0008333472224535399,0.998952457695409,8.058017727639034e-05
39165,32.63804396739946,1.0,560,681,1241,0.0,0.0008333472224606453,0.9991136180499616,0.00016116035455278067
39166,32.638877314621915,1.0,560,681,1241,0.0,0.0008333472224535399,0.999194198227238,8.058017727639034e-05
39167,32.63971066184437,1.0,560,681,1241,0.0,0.0008333472224535399,0.9992747784045143,8.058017727639034e-05
39168,32.64054400906682,1.0,560,681,1241,0.0,0.0008333472224535399,0.999435938759067,0.00016116035455278067
39169,32.641377356289276,1.0,560,681,1241,0.0,0.0008333472224535399,0.9995970991136197,0.00016116035455278067
39170,32.64221070351173,0.9991941982272361,560,681,1241,-0.0008058017727639033,0.0008333472224535399,0.999677679290896,8.058017727639034e-05
39171,32.64304405073418,0.9991941982272361,560,681,1241,0.0,0.0008333472224535399,0.9997582594681724,8.058017727639034e-05
39172,32.643877397956636,1.0,560,681,1241,0.0008058017727639033,0.0008333472224535399,0.9998388396454487,8.058017727639034e-05
39173,32.64471074517909,1.0,560,681,1241,0.0,0.0008333472224535399,0.9998388396454487,0.0
39174,32.64554409240154,1.0,560,681,1241,0.0,0.0008333472224535399,0.9998388396454487,0.0
39175,32.646377439624,1.0,560,681,1241,0.0,0.0008333472224535399,0.9998388396454487,0.0
39176,32.64721078684645,1.0,560,681,1241,0.0,0.0008333472224535399,0.9998388396454487,0.0
39177,32.648044134068904,1.0,560,681,1241,0.0,0.0008333472224535399,0.9998388396454487,0.0
39178,32.64887748129136,1.0,560,681,1241,0.0,0.0008333472224535399,0.9998388396454487,0.0
39179,32.64971082851381,1.0,560,681,1241,0.0,0.0008333472224535399,0.9998388396454487,0.0
39180,32.650544175736265,1.0,560,681,1241,0.0,0.0008333472224535399,0.999919419822725,8.058017727639034e-05
39181,32.65137752295872,1.0,560,681,1241,0.0,0.0008333472224535399,1.0000000000000013,8.058017727639034e-05
39182,32.65221087018117,1.0,560,681,1241,0.0,0.0008333472224535399,1.0000000000000013,0.0
39183,32.653044217403625,1.0,560,681,1241,0.0,0.0008333472224535399,1.0000000000000013,0.0
39184,32.65387756462608,1.0,560,681,1241,0.0,0.0008333472224535399,1.0000000000000013,0.0
39185,32.65471091184853,1.0,560,681,1241,0.0,0.0008333472224535399,1.0000000000000013,0.0
39186,32.655544259070986,1.0,560,681,1241,0.0,0.0008333472224535399,1.0000000000000013,0.0
39187,32.65637760629344,0.9991941982272361,560,681,1241,-0.0008058017727639033,0.0008333472224535399,0.999919419822725,-8.058017727639034e-05
39188,32.65721095351589,0.9983883964544722,560,681,1241,-0.0008058017727639033,0.0008333472224535399,0.9997582594681724,-0.00016116035455278067
39189,32.65804430073835,0.9983883964544722,560,681,1241,0.0,0.0008333472224535399,0.9995970991136197,-0.00016116035455278067
39190,32.6588776479608,0.9983883964544722,560,681,1241,0.0,0.0008333472224535399,0.999435938759067,-0.00016116035455278067
39191,32.659710995183254,0.9991941982272361,560,681,1241,0.0008058017727639033,0.0008333472224535399,0.9993553585817907,-8.058017727639034e-05
39192,32.66054434240571,1.0,560,681,1241,0.0008058017727639033,0.0008333472224535399,0.9993553585817907,0.0
39193,32.66137768962816,1.0,560,681,1241,0.0,0.0008333472224535399,0.9993553585817907,0.0
39194,32.662211036850614,1.0,560,681,1241,0.0,0.0008333472224535399,0.9993553585817907,0.0
39195,32.66304438407307,1.0,560,681,1241,0.0,0.0008333472224535399,0.9993553585817907,0.0
39196,32.66387773129552,0.9991941982272361,560,681,1241,-0.0008058017727639033,0.0008333472224535399,0.9992747784045143,-8.058017727639034e-05
39197,32.664711078517975,0.9991941982272361,560,681,1241,0.0,0.0008333472224535399,0.9992747784045143,0.0
39198,32.66554442574043,1.0,560,681,1241,0.0008058017727639033,0.0008333472224535399,0.999435938759067,0.00016116035455278067
39199,32.66637777296288,1.0,560,681,1241,0.0,0.0008333472224535399,0.9995970991136197,0.00016116035455278067
39200,32.667211120185335,1.0,560,681,1241,0.0,0.0008333472224535399,0.9997582594681724,0.00016116035455278067
39201,32.66804446740779,1.0,560,681,1241,0.0,0.0008333472224535399,0.9998388396454487,8.058017727639034e-05
39202,32.66887781463024,1.0,560,681,1241,0.0,0.0008333472224535399,0.9998388396454487,0.0
39203,32.669711161852696,1.0,560,681,1241,0.0,0.0008333472224535399,0.9998388396454487,0.0
39204,32.67054450907515,0.9991941982272361,560,681,1241,-0.0008058017727639033,0.0008333472224535399,0.9997582594681724,-8.058017727639034e-05
39205,32.6713778562976,1.0,560,681,1241,0.0008058017727639033,0.0008333472224535399,0.9997582594681724,0.0
39206,32.67221120352006,1.0,560,681,1241,0.0,0.0008333472224535399,0.9998388396454487,8.058017727639034e-05
39207,32.67304455074251,1.0,560,681,1241,0.0,0.0008333472224535399,0.999919419822725,8.058017727639034e-05
39208,32.67387789796497,1.0,560,681,1241,0.0,0.0008333472224606453,0.999919419822725,0.0
39209,32.674711245187424,1.0,560,681,1241,0.0,0.0008333472224535399,0.999919419822725,0.0
39210,32.67554459240988,1.0,560,681,1241,0.0,0.0008333472224535399,0.999919419822725,0.0
39211,32.67637793963233,0.9991941982272361,560,681,1241,-0.0008058017727639033,0.0008333472224535399,0.9998388396454487,-8.058017727639034e-05
39212,32.677211286854785,0.9991941982272361,560,681,1241,0.0,0.0008333472224535399,0.9997582594681724,-8.058017727639034e-05
39213,32.67804463407724,1.0,560,681,1241,0.0008058017727639033,0.0008333472224535399,0.9997582594681724,0.0
39214,32.67887798129969,1.0,560,681,1241,0.0,0.0008333472224535399,0.9998388396454487,8.058017727639034e-05
39215,32.679711328522146,1.0,560,681,1241,0.0,0.0008333472224535399,0.9998388396454487,0.0
39216,32.6805446757446,1.0,560,681,1241,0.0,0.0008333472224535399,0.9998388396454487,0.0
39217,32.68137802296705,1.0,560,681,1241,0.0,0.0008333472224535399,0.9998388396454487,0.0
39218,32.682211370189506,1.0,560,681,1241,0.0,0.0008333472224535399,0.9998388396454487,0.0
39219,32.68304471741196,1.0,560,681,1241,0.0,0.0008333472224535399,0.9998388396454487,0.0
39220,32.68387806463441,1.0,560,681,1241,0.0,0.0008333472224535399,0.9998388396454487,0.0
39221,32.68471141185687,1.0,560,681,1241,0.0,0.0008333472224535399,0.999919419822725,8.058017727639034e-05
39222,32.68554475907932,1.0,560,681,1241,0.0,0.0008333472224535399,1.0000000000000013,8.058017727639034e-05
39223,32.686378106301774,1.0,560,681,1241,0.0,0.0008333472224535399,1.0000000000000013,0.0
39224,32.68721145352423,1.0,560,681,1241,0.0,0.0008333472224535399,1.0000000000000013,0.0
39225,32.68804480074668,1.0,560,681,1241,0.0,0.0008333472224535399,1.0000000000000013,0.0
39226,32.688878147969135,0.9991941982272361,560,681,1241,-0.0008058017727639033,0.0008333472224535399,0.999919419822725,-8.058017727639034e-05
39227,32.68971149519159,1.0,560,681,1241,0.0008058017727639033,0.0008333472224535399,0.999919419822725,0.0
39228,32.69054484241404,1.0,560,681,1241,0.0,0.0008333472224535399,0.999919419822725,0.0
39229,32.691378189636495,1.0,560,681,1241,0.0,0.0008333472224535399,0.999919419822725,0.0
39230,32.69221153685895,1.0,560,681,1241,0.0,0.0008333472224535399,0.999919419822725,0.0
39231,32.6930448840814,1.0,560,681,1241,0.0,0.0008333472224535399,0.999919419822725,0.0
39232,32.693878231303856,1.0,560,681,1241,0.0,0.0008333472224535399,0.999919419822725,0.0
39233,32.69471157852631,1.0,560,681,1241,0.0,0.0008333472224535399,0.999919419822725,0.0
39234,32.69554492574876,1.0,560,681,1241,0.0,0.0008333472224535399,0.999919419822725,0.0
39235,32.69637827297122,1.0,560,681,1241,0.0,0.0008333472224535399,0.999919419822725,0.0
39236,32.69721162019367,1.0,560,681,1241,0.0,0.0008333472224535399,1.0000000000000013,8.058017727639034e-05
39237,32.69804496741612,1.0,560,681,1241,0.0,0.0008333472224535399,1.0000000000000013,0.0
39238,32.69887831463858,1.0,560,681,1241,0.0,0.0008333472224535399,1.0000000000000013,0.0
39239,32.69971166186103,1.0,560,681,1241,0.0,0.0008333472224535399,1.0000000000000013,0.0
39240,32.700545009083484,1.0,560,681,1241,0.0,0.0008333472224535399,1.0000000000000013,0.0
39241,32.70137835630594,1.0,560,681,1241,0.0,0.0008333472224535399,1.0000000000000013,0.0
39242,32.70221170352839,1.0,560,681,1241,0.0,0.0008333472224535399,1.0000000000000013,0.0
39243,32.703045050750845,1.0,560,681,1241,0.0,0.0008333472224535399,1.0000000000000013,0.0
39244,32.7038783979733,1.0,560,681,1241,0.0,0.0008333472224535399,1.0000000000000013,0.0
39245,32.70471174519575,1.0,560,681,1241,0.0,0.0008333472224535399,1.0000000000000013,0.0
39246,32.705545092418205,1.0,560,681,1241,0.0,0.0008333472224535399,1.0000000000000013,0.0
39247,32.70637843964066,1.0,560,681,1241,0.0,0.0008333472224535399,1.0000000000000013,0.0
39248,32.70721178686311,1.0,560,681,1241,0.0,0.0008333472224535399,1.0000000000000013,0.0
39249,32.708045134085566,1.0,560,681,1241,0.0,0.0008333472224535399,1.0000000000000013,0.0
39250,32.70887848130803,1.0,560,681,1241,0.0,0.0008333472224606453,1.0000000000000013,0.0
39251,32.70971182853048,1.0,560,681,1241,0.0,0.0008333472224535399,1.0000000000000013,0.0
39252,32.710545175752934,1.0,560,681,1241,0.0,0.0008333472224535399,1.0000000000000013,0.0
39253,32.71137852297539,0.9991941982272361,560,681,1241,-0.0008058017727639033,0.0008333472224535399,0.999919419822725,-8.058017727639034e-05
39254,32.71221187019784,0.9991941982272361,560,681,1241,0.0,0.0008333472224535399,0.9998388396454487,-8.058017727639034e-05
39255,32.713045217420294,0.9991941982272361,560,681,1241,0.0,0.0008333472224535399,0.9997582594681724,-8.058017727639034e-05
39256,32.71387856464275,1.0,560,681,1241,0.0008058017727639033,0.0008333472224535399,0.9997582594681724,0.0
39257,32.7147119118652,0.9991941982272361,560,681,1241,-0.0008058017727639033,0.0008333472224535399,0.999677679290896,-8.058017727639034e-05
39258,32.715545259087655,1.0,560,681,1241,0.0008058017727639033,0.0008333472224535399,0.999677679290896,0.0
39259,32.71637860631011,1.0,560,681,1241,0.0,0.0008333472224535399,0.999677679290896,0.0
39260,32.71721195353256,1.0,560,681,1241,0.0,0.0008333472224535399,0.999677679290896,0.0
39261,32.718045300755016,1.0,560,681,1241,0.0,0.0008333472224535399,0.999677679290896,0.0
39262,32.71887864797747,1.0,560,681,1241,0.0,0.0008333472224535399,0.999677679290896,0.0
39263,32.71971199519992,0.9991941982272361,560,681,1241,-0.0008058017727639033,0.0008333472224535399,0.999677679290896,0.0
39264,32.720545342422376,0.9991941982272361,560,681,1241,0.0,0.0008333472224535399,0.999677679290896,0.0
39265,32.72137868964483,0.9991941982272361,560,681,1241,0.0,0.0008333472224535399,0.999677679290896,0.0
39266,32.72221203686728,0.9975825946817083,560,681,1241,-0.0016116035455278066,0.0008333472224535399,0.9994359387590668,-0.00024174053182917098
39267,32.72304538408974,0.9983883964544722,560,681,1241,0.0008058017727639033,0.0008333472224535399,0.9993553585817903,-8.058017727639034e-05
39268,32.72387873131219,0.9991941982272361,560,681,1241,0.0008058017727639033,0.0008333472224535399,0.999274778404514,-8.058017727639034e-05
39269,32.724712078534644,1.0,560,681,1241,0.0008058017727639033,0.0008333472224535399,0.999274778404514,0.0
39270,32.7255454257571,1.0,560,681,1241,0.0,0.0008333472224535399,0.999274778404514,0.0
39271,32.72637877297955,1.0,560,681,1241,0.0,0.0008333472224535399,0.999274778404514,0.0
39272,32.727212120202005,1.0,560,681,1241,0.0,0.0008333472224535399,0.999274778404514,0.0
39273,32.72804546742446,1.0,560,681,1241,0.0,0.0008333472224535399,0.9993553585817903,8.058017727639034e-05
39274,32.72887881464691,1.0,560,681,1241,0.0,0.0008333472224535399,0.9994359387590667,8.058017727639034e-05
39275,32.729712161869365,1.0,560,681,1241,0.0,0.0008333472224535399,0.999516518936343,8.058017727639034e-05
39276,32.73054550909182,1.0,560,681,1241,0.0,0.0008333472224535399,0.9997582594681722,0.00024174053182917098
39277,32.73137885631427,1.0,560,681,1241,0.0,0.0008333472224535399,0.999919419822725,0.00016116035455278067
39278,32.732212203536726,1.0,560,681,1241,0.0,0.0008333472224535399,1.0000000000000013,8.058017727639034e-05
39279,32.73304555075918,0.9991941982272361,560,681,1241,-0.0008058017727639033,0.0008333472224535399,0.999919419822725,-8.058017727639034e-05
39280,32.73387889798163,1.0,560,681,1241,0.0008058017727639033,0.0008333472224535399,0.999919419822725,0.0
39281,32.734712245204086,1.0,560,681,1241,0.0,0.0008333472224535399,0.999919419822725,0.0
39282,32.73554559242654,1.0,560,681,1241,0.0,0.0008333472224535399,0.999919419822725,0.0
39283,32.73637893964899,1.0,560,681,1241,0.0,0.0008333472224535399,0.999919419822725,0.0
39284,32.73721228687145,1.0,560,681,1241,0.0,0.0008333472224535399,0.999919419822725,0.0
39285,32.7380456340939,1.0,560,681,1241,0.0,0.0008333472224535399,0.999919419822725,0.0
39286,32.738878981316354,1.0,560,681,1241,0.0,0.0008333472224535399,0.999919419822725,0.0
39287,32.73971232853881,0.9991941982272361,560,681,1241,-0.0008058017727639033,0.0008333472224535399,0.9998388396454487,-8.058017727639034e-05
39288,32.74054567576126,1.0,560,681,1241,0.0008058017727639033,0.0008333472224535399,0.9998388396454487,0.0
39289,32.741379022983715,1.0,560,681,1241,0.0,0.0008333472224535399,0.999919419822725,8.058017727639034e-05
39290,32.74221237020617,0.9991941982272361,560,681,1241,-0.0008058017727639033,0.0008333472224535399,0.9998388396454487,-8.058017727639034e-05
39291,32.74304571742862,1.0,560,681,1241,0.0008058017727639033,0.0008333472224535399,0.9998388396454487,0.0
39292,32.74387906465108,1.0,560,681,1241,0.0,0.0008333472224606453,0.9998388396454487,0.0
39293,32.744712411873536,0.9991941982272361,560,681,1241,-0.0008058017727639033,0.0008333472224535399,0.9997582594681724,-8.058017727639034e-05
39294,32.74554575909599,1.0,560,681,1241,0.0008058017727639033,0.0008333472224535399,0.9997582594681724,0.0
39295,32.74637910631844,1.0,560,681,1241,0.0,0.0008333472224535399,0.9997582594681724,0.0
39296,32.7472124535409,1.0,560,681,1241,0.0,0.0008333472224535399,0.9997582594681724,0.0
39297,32.74804580076335,1.0,560,681,1241,0.0,0.0008333472224535399,0.9998388396454487,8.058017727639034e-05
39298,32.748879147985804,1.0,560,681,1241,0.0,0.0008333472224535399,0.9998388396454487,0.0
39299,32.74971249520826,1.0,560,681,1241,0.0,0.0008333472224535399,0.9998388396454487,0.0
39300,32.75054584243071,1.0,560,681,1241,0.0,0.0008333472224535399,0.999919419822725,8.058017727639034e-05
39301,32.751379189653164,1.0,560,681,1241,0.0,0.0008333472224535399,0.999919419822725,0.0
39302,32.75221253687562,1.0,560,681,1241,0.0,0.0008333472224535399,0.999919419822725,0.0
39303,32.75304588409807,1.0,560,681,1241,0.0,0.0008333472224535399,1.0000000000000013,8.058017727639034e-05
39304,32.753879231320525,1.0,560,681,1241,0.0,0.0008333472224535399,1.0000000000000013,0.0
39305,32.75471257854298,1.0,560,681,1241,0.0,0.0008333472224535399,1.0000000000000013,0.0
39306,32.75554592576543,1.0,560,681,1241,0.0,0.0008333472224535399,1.0000000000000013,0.0
39307,32.756379272987886,1.0,560,681,1241,0.0,0.0008333472224535399,1.0000000000000013,0.0
39308,32.75721262021034,1.0,560,681,1241,0.0,0.0008333472224535399,1.0000000000000013,0.0
39309,32.75804596743279,1.0,560,681,1241,0.0,0.0008333472224535399,1.0000000000000013,0.0
39310,32.758879314655246,1.0,560,681,1241,0.0,0.0008333472224535399,1.0000000000000013,0.0
39311,32.7597126618777,1.0,560,681,1241,0.0,0.0008333472224535399,1.0000000000000013,0.0
39312,32.76054600910015,1.0,560,681,1241,0.0,0.0008333472224535399,1.0000000000000013,0.0
39313,32.76137935632261,1.0,560,681,1241,0.0,0.0008333472224535399,1.0000000000000013,0.0
39314,32.76221270354506,1.0,560,681,1241,0.0,0.0008333472224535399,1.0000000000000013,0.0
39315,32.763046050767514,1.0,560,681,1241,0.0,0.0008333472224535399,1.0000000000000013,0.0
39316,32.76387939798997,1.0,560,681,1241,0.0,0.0008333472224535399,1.0000000000000013,0.0
39317,32.76471274521242,1.0,560,681,1241,0.0,0.0008333472224535399,1.0000000000000013,0.0
39318,32.765546092434874,1.0,560,681,1241,0.0,0.0008333472224535399,1.0000000000000013,0.0
39319,32.76637943965733,1.0,560,681,1241,0.0,0.0008333472224535399,1.0000000000000013,0.0
39320,32.76721278687978,1.0,560,681,1241,0.0,0.0008333472224535399,1.0000000000000013,0.0
39321,32.768046134102235,1.0,560,681,1241,0.0,0.0008333472224535399,1.0000000000000013,0.0
39322,32.76887948132469,0.9991941982272361,560,681,1241,-0.0008058017727639033,0.0008333472224535399,0.999919419822725,-8.058017727639034e-05
39323,32.76971282854714,1.0,560,681,1241,0.0008058017727639033,0.0008333472224535399,0.999919419822725,0.0
39324,32.770546175769596,1.0,560,681,1241,0.0,0.0008333472224535399,0.999919419822725,0.0
39325,32.77137952299205,1.0,560,681,1241,0.0,0.0008333472224535399,0.999919419822725,0.0
39326,32.7722128702145,1.0,560,681,1241,0.0,0.0008333472224535399,0.999919419822725,0.0
39327,32.773046217436956,1.0,560,681,1241,0.0,0.0008333472224535399,0.999919419822725,0.0
39328,32.77387956465941,1.0,560,681,1241,0.0,0.0008333472224535399,0.999919419822725,0.0
39329,32.77471291188186,0.9991941982272361,560,681,1241,-0.0008058017727639033,0.0008333472224535399,0.9998388396454487,-8.058017727639034e-05
39330,32.77554625910432,1.0,560,681,1241,0.0008058017727639033,0.0008333472224535399,0.9998388396454487,0.0
39331,32.77637960632677,1.0,560,681,1241,0.0,0.0008333472224535399,0.9998388396454487,0.0
39332,32.777212953549224,1.0,560,681,1241,0.0,0.0008333472224535399,0.999919419822725,8.058017727639034e-05
39333,32.77804630077168,0.9991941982272361,560,681,1241,-0.0008058017727639033,0.0008333472224535399,0.9998388396454487,-8.058017727639034e-05
39334,32.77887964799413,0.9991941982272361,560,681,1241,0.0,0.0008333472224535399,0.9997582594681724,-8.058017727639034e-05
39335,32.77971299521659,1.0,560,681,1241,0.0008058017727639033,0.0008333472224606453,0.9997582594681724,0.0
39336,32.780546342439045,1.0,560,681,1241,0.0,0.0008333472224535399,0.9997582594681724,0.0
39337,32.7813796896615,1.0,560,681,1241,0.0,0.0008333472224535399,0.9997582594681724,0.0
39338,32.78221303688395,1.0,560,681,1241,0.0,0.0008333472224535399,0.9997582594681724,0.0
39339,32.783046384106406,1.0,560,681,1241,0.0,0.0008333472224535399,0.9998388396454487,8.058017727639034e-05
39340,32.78387973132886,1.0,560,681,1241,0.0,0.0008333472224535399,0.9998388396454487,0.0
39341,32.78471307855131,1.0,560,681,1241,0.0,0.0008333472224535399,0.9998388396454487,0.0
39342,32.78554642577377,1.0,560,681,1241,0.0,0.0008333472224535399,0.9998388396454487,0.0
39343,32.78637977299622,1.0,560,681,1241,0.0,0.0008333472224535399,0.999919419822725,8.058017727639034e-05
39344,32.787213120218674,1.0,560,681,1241,0.0,0.0008333472224535399,1.0000000000000013,8.058017727639034e-05
39345,32.78804646744113,1.0,560,681,1241,0.0,0.0008333472224535399,1.0000000000000013,0.0
39346,32.78887981466358,1.0,560,681,1241,0.0,0.0008333472224535399,1.0000000000000013,0.0
39347,32.789713161886034,1.0,560,681,1241,0.0,0.0008333472224535399,1.0000000000000013,0.0
39348,32.79054650910849,1.0,560,681,1241,0.0,0.0008333472224535399,1.0000000000000013,0.0
39349,32.79137985633094,1.0,560,681,1241,0.0,0.0008333472224535399,1.0000000000000013,0.0
39350,32.792213203553395,1.0,560,681,1241,0.0,0.0008333472224535399,1.0000000000000013,0.0
39351,32.79304655077585,1.0,560,681,1241,0.0,0.0008333472224535399,1.0000000000000013,0.0
39352,32.7938798979983,0.9991941982272361,560,681,1241,-0.0008058017727639033,0.0008333472224535399,0.999919419822725,-8.058017727639034e-05
39353,32.794713245220755,0.9991941982272361,560,681,1241,0.0,0.0008333472224535399,0.9998388396454487,-8.058017727639034e-05
39354,32.79554659244321,0.9991941982272361,560,681,1241,0.0,0.0008333472224535399,0.9997582594681724,-8.058017727639034e-05
39355,32.79637993966566,0.9983883964544722,560,681,1241,-0.0008058017727639033,0.0008333472224535399,0.9995970991136197,-0.00016116035455278067
39356,32.797213286888116,0.9983883964544722,560,681,1241,0.0,0.0008333472224535399,0.999435938759067,-0.00016116035455278067
39357,32.79804663411057,0.9983883964544722,560,681,1241,0.0,0.0008333472224535399,0.9992747784045143,-0.00016116035455278067
39358,32.79887998133302,0.9975825946817083,560,681,1241,-0.0008058017727639033,0.0008333472224535399,0.999033037872685,-0.00024174053182917098
39359,32.79971332855548,0.9983883964544722,560,681,1241,0.0008058017727639033,0.0008333472224535399,0.9988718775181322,-0.00016116035455278067
39360,32.80054667577793,0.9983883964544722,560,681,1241,0.0,0.0008333472224535399,0.9987107171635795,-0.00016116035455278067
39361,32.801380023000384,0.9991941982272361,560,681,1241,0.0008058017727639033,0.0008333472224535399,0.9986301369863032,-8.058017727639034e-05
39362,32.80221337022284,1.0,560,681,1241,0.0008058017727639033,0.0008333472224535399,0.9987107171635795,8.058017727639034e-05
39363,32.80304671744529,1.0,560,681,1241,0.0,0.0008333472224535399,0.9987912973408559,8.058017727639034e-05
39364,32.803880064667744,1.0,560,681,1241,0.0,0.0008333472224535399,0.9988718775181322,8.058017727639034e-05
39365,32.8047134118902,1.0,560,681,1241,0.0,0.0008333472224535399,0.9990330378726849,0.00016116035455278067
39366,32.80554675911265,1.0,560,681,1241,0.0,0.0008333472224535399,0.9991941982272377,0.00016116035455278067
39367,32.806380106335105,1.0,560,681,1241,0.0,0.0008333472224535399,0.9993553585817903,0.00016116035455278067
39368,32.80721345355756,1.0,560,681,1241,0.0,0.0008333472224535399,0.9995970991136195,0.00024174053182917098
39369,32.80804680078001,0.9991941982272361,560,681,1241,-0.0008058017727639033,0.0008333472224535399,0.999677679290896,8.058017727639034e-05
39370,32.808880148002466,1.0,560,681,1241,0.0008058017727639033,0.0008333472224535399,0.9998388396454487,0.00016116035455278067
39371,32.80971349522492,1.0,560,681,1241,0.0,0.0008333472224535399,0.999919419822725,8.058017727639034e-05
39372,32.81054684244737,1.0,560,681,1241,0.0,0.0008333472224535399,0.999919419822725,0.0
39373,32.811380189669826,1.0,560,681,1241,0.0,0.0008333472224535399,0.999919419822725,0.0
39374,32.81221353689228,1.0,560,681,1241,0.0,0.0008333472224535399,0.999919419822725,0.0
39375,32.81304688411473,1.0,560,681,1241,0.0,0.0008333472224535399,0.999919419822725,0.0
39376,32.81388023133719,0.9991941982272361,560,681,1241,-0.0008058017727639033,0.0008333472224535399,0.9998388396454487,-8.058017727639034e-05
39377,32.81471357855965,0.9991941982272361,560,681,1241,0.0,0.0008333472224606453,0.9997582594681724,-8.058017727639034e-05
39378,32.8155469257821,1.0,560,681,1241,0.0008058017727639033,0.0008333472224535399,0.9997582594681724,0.0
39379,32.816380273004555,1.0,560,681,1241,0.0,0.0008333472224535399,0.9998388396454487,8.058017727639034e-05
39380,32.81721362022701,1.0,560,681,1241,0.0,0.0008333472224535399,0.9998388396454487,0.0
39381,32.81804696744946,0.9991941982272361,560,681,1241,-0.0008058017727639033,0.0008333472224535399,0.9997582594681724,-8.058017727639034e-05
39382,32.818880314671915,0.9991941982272361,560,681,1241,0.0,0.0008333472224535399,0.999677679290896,-8.058017727639034e-05
39383,32.81971366189437,1.0,560,681,1241,0.0008058017727639033,0.0008333472224535399,0.999677679290896,0.0
39384,32.82054700911682,1.0,560,681,1241,0.0,0.0008333472224535399,0.999677679290896,0.0
39385,32.821380356339276,1.0,560,681,1241,0.0,0.0008333472224535399,0.999677679290896,0.0
39386,32.82221370356173,1.0,560,681,1241,0.0,0.0008333472224535399,0.9997582594681724,8.058017727639034e-05
39387,32.82304705078418,1.0,560,681,1241,0.0,0.0008333472224535399,0.9998388396454487,8.058017727639034e-05
39388,32.82388039800664,1.0,560,681,1241,0.0,0.0008333472224535399,0.9998388396454487,0.0
39389,32.82471374522909,1.0,560,681,1241,0.0,0.0008333472224535399,0.9998388396454487,0.0
39390,32.825547092451544,1.0,560,681,1241,0.0,0.0008333472224535399,0.9998388396454487,0.0
39391,32.826380439674,0.9991941982272361,560,681,1241,-0.0008058017727639033,0.0008333472224535399,0.9998388396454487,0.0
39392,32.82721378689645,1.0,560,681,1241,0.0008058017727639033,0.0008333472224535399,0.999919419822725,8.058017727639034e-05
39393,32.828047134118904,1.0,560,681,1241,0.0,0.0008333472224535399,0.999919419822725,0.0
39394,32.82888048134136,1.0,560,681,1241,0.0,0.0008333472224535399,0.999919419822725,0.0
39395,32.82971382856381,1.0,560,681,1241,0.0,0.0008333472224535399,0.999919419822725,0.0
39396,32.830547175786265,1.0,560,681,1241,0.0,0.0008333472224535399,0.999919419822725,0.0
39397,32.83138052300872,1.0,560,681,1241,0.0,0.0008333472224535399,0.999919419822725,0.0
39398,32.83221387023117,1.0,560,681,1241,0.0,0.0008333472224535399,0.999919419822725,0.0
39399,32.833047217453625,1.0,560,681,1241,0.0,0.0008333472224535399,0.999919419822725,0.0
39400,32.83388056467608,1.0,560,681,1241,0.0,0.0008333472224535399,0.999919419822725,0.0
39401,32.83471391189853,1.0,560,681,1241,0.0,0.0008333472224535399,1.0000000000000013,8.058017727639034e-05
39402,32.835547259120986,0.9991941982272361,560,681,1241,-0.0008058017727639033,0.0008333472224535399,0.999919419822725,-8.058017727639034e-05
39403,32.83638060634344,0.9991941982272361,560,681,1241,0.0,0.0008333472224535399,0.9998388396454487,-8.058017727639034e-05
39404,32.83721395356589,0.9991941982272361,560,681,1241,0.0,0.0008333472224535399,0.9997582594681724,-8.058017727639034e-05
39405,32.83804730078835,0.9991941982272361,560,681,1241,0.0,0.0008333472224535399,0.999677679290896,-8.058017727639034e-05
39406,32.8388806480108,0.9991941982272361,560,681,1241,0.0,0.0008333472224535399,0.9995970991136197,-8.058017727639034e-05
39407,32.839713995233254,0.9991941982272361,560,681,1241,0.0,0.0008333472224535399,0.9995165189363433,-8.058017727639034e-05
39408,32.84054734245571,0.9991941982272361,560,681,1241,0.0,0.0008333472224535399,0.999435938759067,-8.058017727639034e-05
39409,32.84138068967816,0.9991941982272361,560,681,1241,0.0,0.0008333472224535399,0.9993553585817907,-8.058017727639034e-05
39410,32.842214036900614,0.9991941982272361,560,681,1241,0.0,0.0008333472224535399,0.9992747784045143,-8.058017727639034e-05
39411,32.84304738412307,0.9991941982272361,560,681,1241,0.0,0.0008333472224535399,0.999194198227238,-8.058017727639034e-05
39412,32.84388073134552,1.0,560,681,1241,0.0008058017727639033,0.0008333472224535399,0.9992747784045143,8.058017727639034e-05
39413,32.844714078567975,1.0,560,681,1241,0.0,0.0008333472224535399,0.9993553585817907,8.058017727639034e-05
39414,32.84554742579043,1.0,560,681,1241,0.0,0.0008333472224535399,0.999435938759067,8.058017727639034e-05
39415,32.84638077301288,1.0,560,681,1241,0.0,0.0008333472224535399,0.9995165189363433,8.058017727639034e-05
39416,32.847214120235336,1.0,560,681,1241,0.0,0.0008333472224535399,0.9995970991136197,8.058017727639034e-05
39417,32.84804746745779,1.0,560,681,1241,0.0,0.0008333472224535399,0.999677679290896,8.058017727639034e-05
39418,32.84888081468024,1.0,560,681,1241,0.0,0.0008333472224535399,0.9997582594681724,8.058017727639034e-05
39419,32.849714161902696,1.0,560,681,1241,0.0,0.0008333472224535399,0.9998388396454487,8.058017727639034e-05
39420,32.85054750912516,1.0,560,681,1241,0.0,0.0008333472224606453,0.999919419822725,8.058017727639034e-05
39421,32.85138085634761,1.0,560,681,1241,0.0,0.0008333472224535399,1.0000000000000013,8.058017727639034e-05
39422,32.852214203570064,1.0,560,681,1241,0.0,0.0008333472224535399,1.0000000000000013,0.0
39423,32.85304755079252,1.0,560,681,1241,0.0,0.0008333472224535399,1.0000000000000013,0.0
39424,32.85388089801497,1.0,560,681,1241,0.0,0.0008333472224535399,1.0000000000000013,0.0
39425,32.854714245237425,1.0,560,681,1241,0.0,0.0008333472224535399,1.0000000000000013,0.0
39426,32.85554759245988,1.0,560,681,1241,0.0,0.0008333472224535399,1.0000000000000013,0.0
39427,32.85638093968233,1.0,560,681,1241,0.0,0.0008333472224535399,1.0000000000000013,0.0
39428,32.857214286904785,0.9991941982272361,560,681,1241,-0.0008058017727639033,0.0008333472224535399,0.999919419822725,-8.058017727639034e-05
39429,32.85804763412724,0.9991941982272361,560,681,1241,0.0,0.0008333472224535399,0.9998388396454487,-8.058017727639034e-05
39430,32.85888098134969,0.9983883964544722,560,681,1241,-0.0008058017727639033,0.0008333472224535399,0.999677679290896,-0.00016116035455278067
39431,32.859714328572146,0.9991941982272361,560,681,1241,0.0008058017727639033,0.0008333472224535399,0.9995970991136197,-8.058017727639034e-05
39432,32.8605476757946,1.0,560,681,1241,0.0008058017727639033,0.0008333472224535399,0.9995970991136197,0.0
39433,32.86138102301705,1.0,560,681,1241,0.0,0.0008333472224535399,0.9995970991136197,0.0
39434,32.862214370239506,1.0,560,681,1241,0.0,0.0008333472224535399,0.9995970991136197,0.0
39435,32.86304771746196,1.0,560,681,1241,0.0,0.0008333472224535399,0.9995970991136197,0.0
39436,32.86388106468441,1.0,560,681,1241,0.0,0.0008333472224535399,0.9995970991136197,0.0
39437,32.86471441190687,1.0,560,681,1241,0.0,0.0008333472224535399,0.9995970991136197,0.0
39438,32.86554775912932,1.0,560,681,1241,0.0,0.0008333472224535399,0.999677679290896,8.058017727639034e-05
39439,32.866381106351774,1.0,560,681,1241,0.0,0.0008333472224535399,0.9997582594681724,8.058017727639034e-05
39440,32.86721445357423,1.0,560,681,1241,0.0,0.0008333472224535399,0.999919419822725,0.00016116035455278067
39441,32.86804780079668,1.0,560,681,1241,0.0,0.0008333472224535399,1.0000000000000013,8.058017727639034e-05
39442,32.868881148019135,1.0,560,681,1241,0.0,0.0008333472224535399,1.0000000000000013,0.0
39443,32.86971449524159,1.0,560,681,1241,0.0,0.0008333472224535399,1.0000000000000013,0.0
39444,32.87054784246404,1.0,560,681,1241,0.0,0.0008333472224535399,1.0000000000000013,0.0
39445,32.871381189686495,1.0,560,681,1241,0.0,0.0008333472224535399,1.0000000000000013,0.0
39446,32.87221453690895,1.0,560,681,1241,0.0,0.0008333472224535399,1.0000000000000013,0.0
39447,32.8730478841314,1.0,560,681,1241,0.0,0.0008333472224535399,1.0000000000000013,0.0
39448,32.873881231353856,1.0,560,681,1241,0.0,0.0008333472224535399,1.0000000000000013,0.0
39449,32.87471457857631,0.9991941982272361,560,681,1241,-0.0008058017727639033,0.0008333472224535399,0.999919419822725,-8.058017727639034e-05
39450,32.87554792579876,0.9991941982272361,560,681,1241,0.0,0.0008333472224535399,0.9998388396454487,-8.058017727639034e-05
39451,32.87638127302122,0.9991941982272361,560,681,1241,0.0,0.0008333472224535399,0.9997582594681724,-8.058017727639034e-05
39452,32.87721462024367,0.9991941982272361,560,681,1241,0.0,0.0008333472224535399,0.999677679290896,-8.058017727639034e-05
39453,32.878047967466124,0.9991941982272361,560,681,1241,0.0,0.0008333472224535399,0.9995970991136197,-8.058017727639034e-05
39454,32.87888131468858,0.9991941982272361,560,681,1241,0.0,0.0008333472224535399,0.9995165189363433,-8.058017727639034e-05
39455,32.87971466191103,1.0,560,681,1241,0.0008058017727639033,0.0008333472224535399,0.9995165189363433,0.0
39456,32.880548009133484,1.0,560,681,1241,0.0,0.0008333472224535399,0.9995165189363433,0.0
39457,32.88138135635594,1.0,560,681,1241,0.0,0.0008333472224535399,0.9995165189363433,0.0
39458,32.88221470357839,1.0,560,681,1241,0.0,0.0008333472224535399,0.9995165189363433,0.0
39459,32.883048050800845,1.0,560,681,1241,0.0,0.0008333472224535399,0.9995970991136197,8.058017727639034e-05
39460,32.8838813980233,1.0,560,681,1241,0.0,0.0008333472224535399,0.999677679290896,8.058017727639034e-05
39461,32.88471474524575,0.9991941982272361,560,681,1241,-0.0008058017727639033,0.0008333472224535399,0.999677679290896,0.0
39462,32.88554809246821,1.0,560,681,1241,0.0008058017727639033,0.0008333472224606453,0.9997582594681724,8.058017727639034e-05
39463,32.886381439690666,1.0,560,681,1241,0.0,0.0008333472224535399,0.9998388396454487,8.058017727639034e-05
39464,32.88721478691312,1.0,560,681,1241,0.0,0.0008333472224535399,0.999919419822725,8.058017727639034e-05
39465,32.88804813413557,1.0,560,681,1241,0.0,0.0008333472224535399,0.999919419822725,0.0
39466,32.88888148135803,1.0,560,681,1241,0.0,0.0008333472224535399,0.999919419822725,0.0
39467,32.88971482858048,1.0,560,681,1241,0.0,0.0008333472224535399,0.999919419822725,0.0
39468,32.890548175802934,1.0,560,681,1241,0.0,0.0008333472224535399,0.999919419822725,0.0
39469,32.89138152302539,1.0,560,681,1241,0.0,0.0008333472224535399,0.999919419822725,0.0
39470,32.89221487024784,1.0,560,681,1241,0.0,0.0008333472224535399,0.999919419822725,0.0
39471,32.893048217470295,1.0,560,681,1241,0.0,0.0008333472224535399,1.0000000000000013,8.058017727639034e-05
39472,32.89388156469275,1.0,560,681,1241,0.0,0.0008333472224535399,1.0000000000000013,0.0
39473,32.8947149119152,1.0,560,681,1241,0.0,0.0008333472224535399,1.0000000000000013,0.0
39474,32.895548259137655,1.0,560,681,1241,0.0,0.0008333472224535399,1.0000000000000013,0.0
39475,32.89638160636011,1.0,560,681,1241,0.0,0.0008333472224535399,1.0000000000000013,0.0
39476,32.89721495358256,1.0,560,681,1241,0.0,0.0008333472224535399,1.0000000000000013,0.0
39477,32.898048300805016,1.0,560,681,1241,0.0,0.0008333472224535399,1.0000000000000013,0.0
39478,32.89888164802747,1.0,560,681,1241,0.0,0.0008333472224535399,1.0000000000000013,0.0
39479,32.89971499524992,1.0,560,681,1241,0.0,0.0008333472224535399,1.0000000000000013,0.0
39480,32.900548342472376,1.0,560,681,1241,0.0,0.0008333472224535399,1.0000000000000013,0.0
39481,32.90138168969483,0.9991941982272361,560,681,1241,-0.0008058017727639033,0.0008333472224535399,0.999919419822725,-8.058017727639034e-05
39482,32.90221503691728,0.9991941982272361,560,681,1241,0.0,0.0008333472224535399,0.9998388396454487,-8.058017727639034e-05
39483,32.90304838413974,1.0,560,681,1241,0.0008058017727639033,0.0008333472224535399,0.9998388396454487,0.0
39484,32.90388173136219,1.0,560,681,1241,0.0,0.0008333472224535399,0.9998388396454487,0.0
39485,32.904715078584644,1.0,560,681,1241,0.0,0.0008333472224535399,0.9998388396454487,0.0
39486,32.9055484258071,1.0,560,681,1241,0.0,0.0008333472224535399,0.9998388396454487,0.0
39487,32.90638177302955,1.0,560,681,1241,0.0,0.0008333472224535399,0.9998388396454487,0.0
39488,32.907215120252005,1.0,560,681,1241,0.0,0.0008333472224535399,0.9998388396454487,0.0
39489,32.90804846747446,1.0,560,681,1241,0.0,0.0008333472224535399,0.9998388396454487,0.0
39490,32.90888181469691,1.0,560,681,1241,0.0,0.0008333472224535399,0.9998388396454487,0.0
39491,32.909715161919365,1.0,560,681,1241,0.0,0.0008333472224535399,0.999919419822725,8.058017727639034e-05
39492,32.91054850914182,1.0,560,681,1241,0.0,0.0008333472224535399,1.0000000000000013,8.058017727639034e-05
39493,32.91138185636427,1.0,560,681,1241,0.0,0.0008333472224535399,1.0000000000000013,0.0
39494,32.912215203586726,1.0,560,681,1241,0.0,0.0008333472224535399,1.0000000000000013,0.0
39495,32.91304855080918,1.0,560,681,1241,0.0,0.0008333472224535399,1.0000000000000013,0.0
39496,32.91388189803163,0.9991941982272361,560,681,1241,-0.0008058017727639033,0.0008333472224535399,0.999919419822725,-8.058017727639034e-05
39497,32.91471524525409,0.9991941982272361,560,681,1241,0.0,0.0008333472224535399,0.9998388396454487,-8.058017727639034e-05
39498,32.91554859247654,0.9991941982272361,560,681,1241,0.0,0.0008333472224535399,0.9997582594681724,-8.058017727639034e-05
39499,32.916381939698994,1.0,560,681,1241,0.0008058017727639033,0.0008333472224535399,0.9997582594681724,0.0
39500,32.91721528692145,0.9991941982272361,560,681,1241,-0.0008058017727639033,0.0008333472224535399,0.999677679290896,-8.058017727639034e-05
39501,32.9180486341439,0.9991941982272361,560,681,1241,0.0,0.0008333472224535399,0.9995970991136197,-8.058017727639034e-05
39502,32.918881981366354,1.0,560,681,1241,0.0008058017727639033,0.0008333472224535399,0.9995970991136197,0.0
39503,32.91971532858881,1.0,560,681,1241,0.0,0.0008333472224535399,0.9995970991136197,0.0
39504,32.92054867581127,1.0,560,681,1241,0.0,0.0008333472224606453,0.9995970991136197,0.0
39505,32.92138202303372,1.0,560,681,1241,0.0,0.0008333472224535399,0.9995970991136197,0.0
39506,32.922215370256176,1.0,560,681,1241,0.0,0.0008333472224535399,0.999677679290896,8.058017727639034e-05
39507,32.92304871747863,1.0,560,681,1241,0.0,0.0008333472224535399,0.9997582594681724,8.058017727639034e-05
39508,32.92388206470108,1.0,560,681,1241,0.0,0.0008333472224535399,0.9998388396454487,8.058017727639034e-05
39509,32.924715411923536,1.0,560,681,1241,0.0,0.0008333472224535399,0.9998388396454487,0.0
39510,32.92554875914599,1.0,560,681,1241,0.0,0.0008333472224535399,0.999919419822725,8.058017727639034e-05
39511,32.92638210636844,1.0,560,681,1241,0.0,0.0008333472224535399,1.0000000000000013,8.058017727639034e-05
39512,32.9272154535909,0.9991941982272361,560,681,1241,-0.0008058017727639033,0.0008333472224535399,0.999919419822725,-8.058017727639034e-05
39513,32.92804880081335,0.9991941982272361,560,681,1241,0.0,0.0008333472224535399,0.9998388396454487,-8.058017727639034e-05
39514,32.928882148035804,0.9991941982272361,560,681,1241,0.0,0.0008333472224535399,0.9997582594681724,-8.058017727639034e-05
39515,32.92971549525826,0.9991941982272361,560,681,1241,0.0,0.0008333472224535399,0.999677679290896,-8.058017727639034e-05
39516,32.93054884248071,1.0,560,681,1241,0.0008058017727639033,0.0008333472224535399,0.999677679290896,0.0
39517,32.931382189703164,1.0,560,681,1241,0.0,0.0008333472224535399,0.999677679290896,0.0
39518,32.93221553692562,1.0,560,681,1241,0.0,0.0008333472224535399,0.999677679290896,0.0
39519,32.93304888414807,1.0,560,681,1241,0.0,0.0008333472224535399,0.999677679290896,0.0
39520,32.933882231370525,1.0,560,681,1241,0.0,0.0008333472224535399,0.999677679290896,0.0
39521,32.93471557859298,1.0,560,681,1241,0.0,0.0008333472224535399,0.999677679290896,0.0
39522,32.93554892581543,1.0,560,681,1241,0.0,0.0008333472224535399,0.9997582594681724,8.058017727639034e-05
39523,32.936382273037886,1.0,560,681,1241,0.0,0.0008333472224535399,0.9998388396454487,8.058017727639034e-05
39524,32.93721562026034,1.0,560,681,1241,0.0,0.0008333472224535399,0.999919419822725,8.058017727639034e-05
39525,32.93804896748279,1.0,560,681,1241,0.0,0.0008333472224535399,1.0000000000000013,8.058017727639034e-05
39526,32.938882314705246,1.0,560,681,1241,0.0,0.0008333472224535399,1.0000000000000013,0.0
39527,32.9397156619277,1.0,560,681,1241,0.0,0.0008333472224535399,1.0000000000000013,0.0
39528,32.94054900915015,1.0,560,681,1241,0.0,0.0008333472224535399,1.0000000000000013,0.0
39529,32.94138235637261,1.0,560,681,1241,0.0,0.0008333472224535399,1.0000000000000013,0.0
39530,32.94221570359506,0.9991941982272361,560,681,1241,-0.0008058017727639033,0.0008333472224535399,0.999919419822725,-8.058017727639034e-05
39531,32.943049050817514,1.0,560,681,1241,0.0008058017727639033,0.0008333472224535399,0.999919419822725,0.0
39532,32.94388239803997,1.0,560,681,1241,0.0,0.0008333472224535399,0.999919419822725,0.0
39533,32.94471574526242,1.0,560,681,1241,0.0,0.0008333472224535399,0.999919419822725,0.0
39534,32.945549092484875,1.0,560,681,1241,0.0,0.0008333472224535399,0.999919419822725,0.0
39535,32.94638243970733,0.9991941982272361,560,681,1241,-0.0008058017727639033,0.0008333472224535399,0.9998388396454487,-8.058017727639034e-05
39536,32.94721578692978,0.9983883964544722,560,681,1241,-0.0008058017727639033,0.0008333472224535399,0.999677679290896,-0.00016116035455278067
39537,32.948049134152235,0.9991941982272361,560,681,1241,0.0008058017727639033,0.0008333472224535399,0.9995970991136197,-8.058017727639034e-05
39538,32.94888248137469,0.9983883964544722,560,681,1241,-0.0008058017727639033,0.0008333472224535399,0.999435938759067,-0.00016116035455278067
39539,32.94971582859714,0.9983883964544722,560,681,1241,0.0,0.0008333472224535399,0.9992747784045143,-0.00016116035455278067
39540,32.950549175819596,1.0,560,681,1241,0.0016116035455278066,0.0008333472224535399,0.9993553585817907,8.058017727639034e-05
39541,32.95138252304205,1.0,560,681,1241,0.0,0.0008333472224535399,0.9993553585817907,0.0
39542,32.9522158702645,1.0,560,681,1241,0.0,0.0008333472224535399,0.9993553585817907,0.0
39543,32.95304921748696,1.0,560,681,1241,0.0,0.0008333472224535399,0.9993553585817907,0.0
39544,32.95388256470941,1.0,560,681,1241,0.0,0.0008333472224535399,0.9993553585817907,0.0
39545,32.954715911931864,1.0,560,681,1241,0.0,0.0008333472224535399,0.999435938759067,8.058017727639034e-05
39546,32.95554925915432,1.0,560,681,1241,0.0,0.0008333472224535399,0.9995970991136197,0.00016116035455278067
39547,32.95638260637678,1.0,560,681,1241,0.0,0.0008333472224606453,0.999677679290896,8.058017727639034e-05
39548,32.95721595359923,1.0,560,681,1241,0.0,0.0008333472224535399,0.9998388396454487,0.00016116035455278067
39549,32.958049300821685,1.0,560,681,1241,0.0,0.0008333472224535399,1.0000000000000013,0.00016116035455278067
39550,32.95888264804414,1.0,560,681,1241,0.0,0.0008333472224535399,1.0000000000000013,0.0
39551,32.95971599526659,1.0,560,681,1241,0.0,0.0008333472224535399,1.0000000000000013,0.0
39552,32.960549342489045,1.0,560,681,1241,0.0,0.0008333472224535399,1.0000000000000013,0.0
39553,32.9613826897115,1.0,560,681,1241,0.0,0.0008333472224535399,1.0000000000000013,0.0
39554,32.96221603693395,1.0,560,681,1241,0.0,0.0008333472224535399,1.0000000000000013,0.0
39555,32.963049384156406,1.0,560,681,1241,0.0,0.0008333472224535399,1.0000000000000013,0.0
39556,32.96388273137886,1.0,560,681,1241,0.0,0.0008333472224535399,1.0000000000000013,0.0
39557,32.96471607860131,1.0,560,681,1241,0.0,0.0008333472224535399,1.0000000000000013,0.0
39558,32.96554942582377,1.0,560,681,1241,0.0,0.0008333472224535399,1.0000000000000013,0.0
39559,32.96638277304622,1.0,560,681,1241,0.0,0.0008333472224535399,1.0000000000000013,0.0
39560,32.967216120268674,1.0,560,681,1241,0.0,0.0008333472224535399,1.0000000000000013,0.0
39561,32.96804946749113,1.0,560,681,1241,0.0,0.0008333472224535399,1.0000000000000013,0.0
39562,32.96888281471358,0.9991941982272361,560,681,1241,-0.0008058017727639033,0.0008333472224535399,0.999919419822725,-8.058017727639034e-05
39563,32.969716161936034,1.0,560,681,1241,0.0008058017727639033,0.0008333472224535399,0.999919419822725,0.0
39564,32.97054950915849,1.0,560,681,1241,0.0,0.0008333472224535399,0.999919419822725,0.0
39565,32.97138285638094,1.0,560,681,1241,0.0,0.0008333472224535399,0.999919419822725,0.0
39566,32.972216203603395,1.0,560,681,1241,0.0,0.0008333472224535399,0.999919419822725,0.0
39567,32.97304955082585,1.0,560,681,1241,0.0,0.0008333472224535399,0.999919419822725,0.0
39568,32.9738828980483,1.0,560,681,1241,0.0,0.0008333472224535399,0.999919419822725,0.0
39569,32.974716245270756,1.0,560,681,1241,0.0,0.0008333472224535399,0.999919419822725,0.0
39570,32.97554959249321,1.0,560,681,1241,0.0,0.0008333472224535399,0.999919419822725,0.0
39571,32.97638293971566,1.0,560,681,1241,0.0,0.0008333472224535399,0.999919419822725,0.0
39572,32.977216286938116,0.9991941982272361,560,681,1241,-0.0008058017727639033,0.0008333472224535399,0.999919419822725,0.0
39573,32.97804963416057,0.9991941982272361,560,681,1241,0.0,0.0008333472224535399,0.9998388396454487,-8.058017727639034e-05
39574,32.97888298138302,0.9991941982272361,560,681,1241,0.0,0.0008333472224535399,0.9997582594681724,-8.058017727639034e-05
39575,32.97971632860548,1.0,560,681,1241,0.0008058017727639033,0.0008333472224535399,0.9997582594681724,0.0
39576,32.98054967582793,1.0,560,681,1241,0.0,0.0008333472224535399,0.9997582594681724,0.0
39577,32.981383023050384,1.0,560,681,1241,0.0,0.0008333472224535399,0.9997582594681724,0.0
39578,32.98221637027284,0.9991941982272361,560,681,1241,-0.0008058017727639033,0.0008333472224535399,0.999677679290896,-8.058017727639034e-05
39579,32.98304971749529,0.9991941982272361,560,681,1241,0.0,0.0008333472224535399,0.9995970991136197,-8.058017727639034e-05
39580,32.983883064717745,0.9991941982272361,560,681,1241,0.0,0.0008333472224535399,0.9995165189363433,-8.058017727639034e-05
39581,32.9847164119402,0.9991941982272361,560,681,1241,0.0,0.0008333472224535399,0.999435938759067,-8.058017727639034e-05
39582,32.98554975916265,1.0,560,681,1241,0.0008058017727639033,0.0008333472224535399,0.9995165189363433,8.058017727639034e-05
39583,32.986383106385105,1.0,560,681,1241,0.0,0.0008333472224535399,0.9995970991136197,8.058017727639034e-05
39584,32.98721645360756,1.0,560,681,1241,0.0,0.0008333472224535399,0.999677679290896,8.058017727639034e-05
39585,32.98804980083001,1.0,560,681,1241,0.0,0.0008333472224535399,0.999677679290896,0.0
39586,32.988883148052466,1.0,560,681,1241,0.0,0.0008333472224535399,0.999677679290896,0.0
39587,32.98971649527492,1.0,560,681,1241,0.0,0.0008333472224535399,0.999677679290896,0.0
39588,32.99054984249737,1.0,560,681,1241,0.0,0.0008333472224535399,0.9997582594681724,8.058017727639034e-05
39589,32.99138318971983,1.0,560,681,1241,0.0,0.0008333472224606453,0.9998388396454487,8.058017727639034e-05
39590,32.99221653694229,1.0,560,681,1241,0.0,0.0008333472224535399,0.999919419822725,8.058017727639034e-05
39591,32.99304988416474,0.9991941982272361,560,681,1241,-0.0008058017727639033,0.0008333472224535399,0.999919419822725,0.0
39592,32.993883231387194,0.9991941982272361,560,681,1241,0.0,0.0008333472224535399,0.9998388396454487,-8.058017727639034e-05
39593,32.99471657860965,0.9991941982272361,560,681,1241,0.0,0.0008333472224535399,0.9997582594681724,-8.058017727639034e-05
39594,32.9955499258321,0.9991941982272361,560,681,1241,0.0,0.0008333472224535399,0.999677679290896,-8.058017727639034e-05
39595,32.996383273054555,0.9983883964544722,560,681,1241,-0.0008058017727639033,0.0008333472224535399,0.9995165189363433,-0.00016116035455278067
39596,32.99721662027701,0.9983883964544722,560,681,1241,0.0,0.0008333472224535399,0.9993553585817907,-0.00016116035455278067
39597,32.99804996749946,0.9975825946817083,560,681,1241,-0.0008058017727639033,0.0008333472224535399,0.9991136180499615,-0.00024174053182917098
39598,32.998883314721915,0.9975825946817083,560,681,1241,0.0,0.0008333472224535399,0.9988718775181322,-0.00024174053182917098
39599,32.99971666194437,0.9983883964544722,560,681,1241,0.0008058017727639033,0.0008333472224535399,0.9987107171635795,-0.00016116035455278067
39600,33.00055000916682,0.9983883964544722,560,681,1241,0.0,0.0008333472224535399,0.9985495568090268,-0.00016116035455278067
39601,33.001383356389276,0.9983883964544722,560,681,1241,0.0,0.0008333472224535399,0.9984689766317505,-8.058017727639034e-05
39602,33.00221670361173,1.0,560,681,1241,0.0016116035455278066,0.0008333472224535399,0.9985495568090268,8.058017727639034e-05
39603,33.00305005083418,1.0,560,681,1241,0.0,0.0008333472224535399,0.9986301369863032,8.058017727639034e-05
39604,33.00388339805664,1.0,560,681,1241,0.0,0.0008333472224535399,0.9987107171635795,8.058017727639034e-05
39605,33.00471674527909,1.0,560,681,1241,0.0,0.0008333472224535399,0.9988718775181322,0.00016116035455278067
39606,33.005550092501544,1.0,560,681,1241,0.0,0.0008333472224535399,0.9990330378726849,0.00016116035455278067
39607,33.006383439724,1.0,560,681,1241,0.0,0.0008333472224535399,0.9992747784045142,0.00024174053182917098
39608,33.00721678694645,1.0,560,681,1241,0.0,0.0008333472224535399,0.9995165189363433,0.00024174053182917098
39609,33.008050134168904,1.0,560,681,1241,0.0,0.0008333472224535399,0.999677679290896,0.00016116035455278067
39610,33.00888348139136,1.0,560,681,1241,0.0,0.0008333472224535399,0.9998388396454487,0.00016116035455278067
39611,33.00971682861381,1.0,560,681,1241,0.0,0.0008333472224535399,1.0000000000000013,0.00016116035455278067
39612,33.010550175836265,1.0,560,681,1241,0.0,0.0008333472224535399,1.0000000000000013,0.0
39613,33.01138352305872,1.0,560,681,1241,0.0,0.0008333472224535399,1.0000000000000013,0.0
39614,33.01221687028117,1.0,560,681,1241,0.0,0.0008333472224535399,1.0000000000000013,0.0
39615,33.013050217503626,1.0,560,681,1241,0.0,0.0008333472224535399,1.0000000000000013,0.0
39616,33.01388356472608,1.0,560,681,1241,0.0,0.0008333472224535399,1.0000000000000013,0.0
39617,33.01471691194853,1.0,560,681,1241,0.0,0.0008333472224535399,1.0000000000000013,0.0
39618,33.015550259170986,1.0,560,681,1241,0.0,0.0008333472224535399,1.0000000000000013,0.0
39619,33.01638360639344,1.0,560,681,1241,0.0,0.0008333472224535399,1.0000000000000013,0.0
39620,33.01721695361589,1.0,560,681,1241,0.0,0.0008333472224535399,1.0000000000000013,0.0
39621,33.01805030083835,1.0,560,681,1241,0.0,0.0008333472224535399,1.0000000000000013,0.0
39622,33.0188836480608,1.0,560,681,1241,0.0,0.0008333472224535399,1.0000000000000013,0.0
39623,33.019716995283254,1.0,560,681,1241,0.0,0.0008333472224535399,1.0000000000000013,0.0
39624,33.02055034250571,0.9991941982272361,560,681,1241,-0.0008058017727639033,0.0008333472224535399,0.999919419822725,-8.058017727639034e-05
39625,33.02138368972816,1.0,560,681,1241,0.0008058017727639033,0.0008333472224535399,0.999919419822725,0.0
39626,33.022217036950614,1.0,560,681,1241,0.0,0.0008333472224535399,0.999919419822725,0.0
39627,33.02305038417307,1.0,560,681,1241,0.0,0.0008333472224535399,0.999919419822725,0.0
39628,33.02388373139552,1.0,560,681,1241,0.0,0.0008333472224535399,0.999919419822725,0.0
39629,33.024717078617975,1.0,560,681,1241,0.0,0.0008333472224535399,0.999919419822725,0.0
39630,33.02555042584043,1.0,560,681,1241,0.0,0.0008333472224535399,0.999919419822725,0.0
39631,33.02638377306289,1.0,560,681,1241,0.0,0.0008333472224606453,0.999919419822725,0.0
39632,33.02721712028534,1.0,560,681,1241,0.0,0.0008333472224535399,0.999919419822725,0.0
39633,33.028050467507796,1.0,560,681,1241,0.0,0.0008333472224535399,0.999919419822725,0.0
39634,33.02888381473025,1.0,560,681,1241,0.0,0.0008333472224535399,1.0000000000000013,8.058017727639034e-05
39635,33.0297171619527,1.0,560,681,1241,0.0,0.0008333472224535399,1.0000000000000013,0.0
39636,33.03055050917516,1.0,560,681,1241,0.0,0.0008333472224535399,1.0000000000000013,0.0
39637,33.03138385639761,1.0,560,681,1241,0.0,0.0008333472224535399,1.0000000000000013,0.0
39638,33.032217203620064,1.0,560,681,1241,0.0,0.0008333472224535399,1.0000000000000013,0.0
39639,33.03305055084252,1.0,560,681,1241,0.0,0.0008333472224535399,1.0000000000000013,0.0
39640,33.03388389806497,1.0,560,681,1241,0.0,0.0008333472224535399,1.0000000000000013,0.0
39641,33.034717245287425,1.0,560,681,1241,0.0,0.0008333472224535399,1.0000000000000013,0.0
39642,33.03555059250988,1.0,560,681,1241,0.0,0.0008333472224535399,1.0000000000000013,0.0
39643,33.03638393973233,1.0,560,681,1241,0.0,0.0008333472224535399,1.0000000000000013,0.0
39644,33.037217286954785,1.0,560,681,1241,0.0,0.0008333472224535399,1.0000000000000013,0.0
39645,33.03805063417724,1.0,560,681,1241,0.0,0.0008333472224535399,1.0000000000000013,0.0
39646,33.03888398139969,1.0,560,681,1241,0.0,0.0008333472224535399,1.0000000000000013,0.0
39647,33.039717328622146,1.0,560,681,1241,0.0,0.0008333472224535399,1.0000000000000013,0.0
39648,33.0405506758446,1.0,560,681,1241,0.0,0.0008333472224535399,1.0000000000000013,0.0
39649,33.04138402306705,1.0,560,681,1241,0.0,0.0008333472224535399,1.0000000000000013,0.0
39650,33.04221737028951,1.0,560,681,1241,0.0,0.0008333472224535399,1.0000000000000013,0.0
39651,33.04305071751196,1.0,560,681,1241,0.0,0.0008333472224535399,1.0000000000000013,0.0
39652,33.043884064734414,1.0,560,681,1241,0.0,0.0008333472224535399,1.0000000000000013,0.0
39653,33.04471741195687,1.0,560,681,1241,0.0,0.0008333472224535399,1.0000000000000013,0.0
39654,33.04555075917932,1.0,560,681,1241,0.0,0.0008333472224535399,1.0000000000000013,0.0
39655,33.046384106401774,1.0,560,681,1241,0.0,0.0008333472224535399,1.0000000000000013,0.0
39656,33.04721745362423,0.9991941982272361,560,681,1241,-0.0008058017727639033,0.0008333472224535399,0.999919419822725,-8.058017727639034e-05
39657,33.04805080084668,0.9991941982272361,560,681,1241,0.0,0.0008333472224535399,0.9998388396454487,-8.058017727639034e-05
39658,33.048884148069135,0.9991941982272361,560,681,1241,0.0,0.0008333472224535399,0.9997582594681724,-8.058017727639034e-05
39659,33.04971749529159,0.9991941982272361,560,681,1241,0.0,0.0008333472224535399,0.999677679290896,-8.058017727639034e-05
39660,33.05055084251404,1.0,560,681,1241,0.0008058017727639033,0.0008333472224535399,0.999677679290896,0.0
39661,33.051384189736496,1.0,560,681,1241,0.0,0.0008333472224535399,0.999677679290896,0.0
39662,33.05221753695895,1.0,560,681,1241,0.0,0.0008333472224535399,0.999677679290896,0.0
39663,33.0530508841814,1.0,560,681,1241,0.0,0.0008333472224535399,0.999677679290896,0.0
39664,33.053884231403856,1.0,560,681,1241,0.0,0.0008333472224535399,0.999677679290896,0.0
39665,33.05471757862631,1.0,560,681,1241,0.0,0.0008333472224535399,0.999677679290896,0.0
39666,33.05555092584876,1.0,560,681,1241,0.0,0.0008333472224535399,0.9997582594681724,8.058017727639034e-05
39667,33.05638427307122,1.0,560,681,1241,0.0,0.0008333472224535399,0.9998388396454487,8.058017727639034e-05
39668,33.05721762029367,1.0,560,681,1241,0.0,0.0008333472224535399,0.999919419822725,8.058017727639034e-05
39669,33.058050967516124,0.9991941982272361,560,681,1241,-0.0008058017727639033,0.0008333472224535399,0.999919419822725,0.0
39670,33.05888431473858,0.9991941982272361,560,681,1241,0.0,0.0008333472224535399,0.9998388396454487,-8.058017727639034e-05
39671,33.05971766196103,1.0,560,681,1241,0.0008058017727639033,0.0008333472224535399,0.9998388396454487,0.0
39672,33.060551009183484,1.0,560,681,1241,0.0,0.0008333472224535399,0.9998388396454487,0.0
39673,33.06138435640594,1.0,560,681,1241,0.0,0.0008333472224535399,0.9998388396454487,0.0
39674,33.0622177036284,1.0,560,681,1241,0.0,0.0008333472224606453,0.9998388396454487,0.0
39675,33.06305105085085,1.0,560,681,1241,0.0,0.0008333472224535399,0.9998388396454487,0.0
39676,33.063884398073306,1.0,560,681,1241,0.0,0.0008333472224535399,0.9998388396454487,0.0
39677,33.06471774529576,0.9991941982272361,560,681,1241,-0.0008058017727639033,0.0008333472224535399,0.9997582594681724,-8.058017727639034e-05
39678,33.06555109251821,0.9991941982272361,560,681,1241,0.0,0.0008333472224535399,0.999677679290896,-8.058017727639034e-05
39679,33.066384439740666,0.9991941982272361,560,681,1241,0.0,0.0008333472224535399,0.999677679290896,0.0
39680,33.06721778696312,1.0,560,681,1241,0.0008058017727639033,0.0008333472224535399,0.9997582594681724,8.058017727639034e-05
39681,33.06805113418557,1.0,560,681,1241,0.0,0.0008333472224535399,0.9997582594681724,0.0
39682,33.06888448140803,1.0,560,681,1241,0.0,0.0008333472224535399,0.9997582594681724,0.0
39683,33.06971782863048,1.0,560,681,1241,0.0,0.0008333472224535399,0.9997582594681724,0.0
39684,33.070551175852934,1.0,560,681,1241,0.0,0.0008333472224535399,0.9997582594681724,0.0
39685,33.07138452307539,1.0,560,681,1241,0.0,0.0008333472224535399,0.9997582594681724,0.0
39686,33.07221787029784,1.0,560,681,1241,0.0,0.0008333472224535399,0.9997582594681724,0.0
39687,33.073051217520295,1.0,560,681,1241,0.0,0.0008333472224535399,0.9998388396454487,8.058017727639034e-05
39688,33.07388456474275,1.0,560,681,1241,0.0,0.0008333472224535399,0.999919419822725,8.058017727639034e-05
39689,33.0747179119652,1.0,560,681,1241,0.0,0.0008333472224535399,1.0000000000000013,8.058017727639034e-05
39690,33.075551259187655,1.0,560,681,1241,0.0,0.0008333472224535399,1.0000000000000013,0.0
39691,33.07638460641011,1.0,560,681,1241,0.0,0.0008333472224535399,1.0000000000000013,0.0
39692,33.07721795363256,1.0,560,681,1241,0.0,0.0008333472224535399,1.0000000000000013,0.0
39693,33.078051300855016,0.9991941982272361,560,681,1241,-0.0008058017727639033,0.0008333472224535399,0.999919419822725,-8.058017727639034e-05
39694,33.07888464807747,1.0,560,681,1241,0.0008058017727639033,0.0008333472224535399,0.999919419822725,0.0
39695,33.07971799529992,1.0,560,681,1241,0.0,0.0008333472224535399,0.999919419822725,0.0
39696,33.08055134252238,1.0,560,681,1241,0.0,0.0008333472224535399,0.999919419822725,0.0
39697,33.08138468974483,0.9991941982272361,560,681,1241,-0.0008058017727639033,0.0008333472224535399,0.9998388396454487,-8.058017727639034e-05
39698,33.082218036967284,0.9991941982272361,560,681,1241,0.0,0.0008333472224535399,0.9997582594681724,-8.058017727639034e-05
39699,33.08305138418974,0.9991941982272361,560,681,1241,0.0,0.0008333472224535399,0.999677679290896,-8.058017727639034e-05
39700,33.08388473141219,1.0,560,681,1241,0.0008058017727639033,0.0008333472224535399,0.999677679290896,0.0
39701,33.084718078634644,1.0,560,681,1241,0.0,0.0008333472224535399,0.999677679290896,0.0
39702,33.0855514258571,1.0,560,681,1241,0.0,0.0008333472224535399,0.999677679290896,0.0
39703,33.08638477307955,1.0,560,681,1241,0.0,0.0008333472224535399,0.9997582594681724,8.058017727639034e-05
39704,33.087218120302005,1.0,560,681,1241,0.0,0.0008333472224535399,0.9997582594681724,0.0
39705,33.08805146752446,0.9991941982272361,560,681,1241,-0.0008058017727639033,0.0008333472224535399,0.999677679290896,-8.058017727639034e-05
39706,33.08888481474691,0.9983883964544722,560,681,1241,-0.0008058017727639033,0.0008333472224535399,0.9995165189363433,-0.00016116035455278067
39707,33.089718161969365,0.9991941982272361,560,681,1241,0.0008058017727639033,0.0008333472224535399,0.9995165189363433,0.0
39708,33.09055150919182,0.9991941982272361,560,681,1241,0.0,0.0008333472224535399,0.9995165189363433,0.0
39709,33.09138485641427,0.9991941982272361,560,681,1241,0.0,0.0008333472224535399,0.9995165189363433,0.0
39710,33.092218203636726,1.0,560,681,1241,0.0008058017727639033,0.0008333472224535399,0.9995165189363433,0.0
39711,33.09305155085918,1.0,560,681,1241,0.0,0.0008333472224535399,0.9995165189363433,0.0
39712,33.09388489808163,1.0,560,681,1241,0.0,0.0008333472224535399,0.9995165189363433,0.0
39713,33.09471824530409,1.0,560,681,1241,0.0,0.0008333472224535399,0.9995165189363433,0.0
39714,33.09555159252654,1.0,560,681,1241,0.0,0.0008333472224535399,0.9995165189363433,0.0
39715,33.096384939748994,1.0,560,681,1241,0.0,0.0008333472224535399,0.9995970991136197,8.058017727639034e-05
39716,33.097218286971454,1.0,560,681,1241,0.0,0.0008333472224606453,0.9997582594681724,0.00016116035455278067
39717,33.09805163419391,1.0,560,681,1241,0.0,0.0008333472224535399,0.9998388396454487,8.058017727639034e-05
39718,33.09888498141636,1.0,560,681,1241,0.0,0.0008333472224535399,0.999919419822725,8.058017727639034e-05
39719,33.099718328638815,1.0,560,681,1241,0.0,0.0008333472224535399,1.0000000000000013,8.058017727639034e-05
39720,33.10055167586127,1.0,560,681,1241,0.0,0.0008333472224535399,1.0000000000000013,0.0
39721,33.10138502308372,1.0,560,681,1241,0.0,0.0008333472224535399,1.0000000000000013,0.0
39722,33.102218370306176,1.0,560,681,1241,0.0,0.0008333472224535399,1.0000000000000013,0.0
39723,33.10305171752863,1.0,560,681,1241,0.0,0.0008333472224535399,1.0000000000000013,0.0
39724,33.10388506475108,1.0,560,681,1241,0.0,0.0008333472224535399,1.0000000000000013,0.0
39725,33.104718411973536,1.0,560,681,1241,0.0,0.0008333472224535399,1.0000000000000013,0.0
39726,33.10555175919599,0.9991941982272361,560,681,1241,-0.0008058017727639033,0.0008333472224535399,0.999919419822725,-8.058017727639034e-05
39727,33.10638510641844,1.0,560,681,1241,0.0008058017727639033,0.0008333472224535399,0.999919419822725,0.0
39728,33.1072184536409,1.0,560,681,1241,0.0,0.0008333472224535399,0.999919419822725,0.0
39729,33.10805180086335,1.0,560,681,1241,0.0,0.0008333472224535399,0.999919419822725,0.0
39730,33.108885148085804,1.0,560,681,1241,0.0,0.0008333472224535399,0.999919419822725,0.0
39731,33.10971849530826,1.0,560,681,1241,0.0,0.0008333472224535399,0.999919419822725,0.0
39732,33.11055184253071,1.0,560,681,1241,0.0,0.0008333472224535399,0.999919419822725,0.0
39733,33.111385189753165,1.0,560,681,1241,0.0,0.0008333472224535399,0.999919419822725,0.0
39734,33.11221853697562,1.0,560,681,1241,0.0,0.0008333472224535399,0.999919419822725,0.0
39735,33.11305188419807,1.0,560,681,1241,0.0,0.0008333472224535399,0.999919419822725,0.0
39736,33.113885231420525,1.0,560,681,1241,0.0,0.0008333472224535399,1.0000000000000013,8.058017727639034e-05
39737,33.11471857864298,0.9991941982272361,560,681,1241,-0.0008058017727639033,0.0008333472224535399,0.999919419822725,-8.058017727639034e-05
39738,33.11555192586543,1.0,560,681,1241,0.0008058017727639033,0.0008333472224535399,0.999919419822725,0.0
39739,33.116385273087886,1.0,560,681,1241,0.0,0.0008333472224535399,0.999919419822725,0.0
39740,33.11721862031034,1.0,560,681,1241,0.0,0.0008333472224535399,0.999919419822725,0.0
39741,33.11805196753279,1.0,560,681,1241,0.0,0.0008333472224535399,0.999919419822725,0.0
39742,33.118885314755246,1.0,560,681,1241,0.0,0.0008333472224535399,0.999919419822725,0.0
39743,33.1197186619777,1.0,560,681,1241,0.0,0.0008333472224535399,0.999919419822725,0.0
39744,33.12055200920015,1.0,560,681,1241,0.0,0.0008333472224535399,0.999919419822725,0.0
39745,33.12138535642261,1.0,560,681,1241,0.0,0.0008333472224535399,0.999919419822725,0.0
39746,33.12221870364506,1.0,560,681,1241,0.0,0.0008333472224535399,0.999919419822725,0.0
39747,33.123052050867514,1.0,560,681,1241,0.0,0.0008333472224535399,1.0000000000000013,8.058017727639034e-05
39748,33.12388539808997,1.0,560,681,1241,0.0,0.0008333472224535399,1.0000000000000013,0.0
39749,33.12471874531242,1.0,560,681,1241,0.0,0.0008333472224535399,1.0000000000000013,0.0
39750,33.125552092534875,1.0,560,681,1241,0.0,0.0008333472224535399,1.0000000000000013,0.0
39751,33.12638543975733,1.0,560,681,1241,0.0,0.0008333472224535399,1.0000000000000013,0.0
39752,33.12721878697978,1.0,560,681,1241,0.0,0.0008333472224535399,1.0000000000000013,0.0
39753,33.128052134202235,1.0,560,681,1241,0.0,0.0008333472224535399,1.0000000000000013,0.0
39754,33.12888548142469,1.0,560,681,1241,0.0,0.0008333472224535399,1.0000000000000013,0.0
39755,33.12971882864714,1.0,560,681,1241,0.0,0.0008333472224535399,1.0000000000000013,0.0
39756,33.130552175869596,1.0,560,681,1241,0.0,0.0008333472224535399,1.0000000000000013,0.0
39757,33.13138552309205,1.0,560,681,1241,0.0,0.0008333472224535399,1.0000000000000013,0.0
39758,33.13221887031451,1.0,560,681,1241,0.0,0.0008333472224606453,1.0000000000000013,0.0
39759,33.133052217536964,1.0,560,681,1241,0.0,0.0008333472224535399,1.0000000000000013,0.0
39760,33.13388556475942,1.0,560,681,1241,0.0,0.0008333472224535399,1.0000000000000013,0.0
39761,33.13471891198187,1.0,560,681,1241,0.0,0.0008333472224535399,1.0000000000000013,0.0
39762,33.135552259204324,1.0,560,681,1241,0.0,0.0008333472224535399,1.0000000000000013,0.0
39763,33.13638560642678,1.0,560,681,1241,0.0,0.0008333472224535399,1.0000000000000013,0.0
39764,33.13721895364923,0.9991941982272361,560,681,1241,-0.0008058017727639033,0.0008333472224535399,0.999919419822725,-8.058017727639034e-05
39765,33.138052300871685,0.9991941982272361,560,681,1241,0.0,0.0008333472224535399,0.9998388396454487,-8.058017727639034e-05
39766,33.13888564809414,0.9991941982272361,560,681,1241,0.0,0.0008333472224535399,0.9997582594681724,-8.058017727639034e-05
39767,33.13971899531659,0.9983883964544722,560,681,1241,-0.0008058017727639033,0.0008333472224535399,0.9995970991136197,-0.00016116035455278067
39768,33.140552342539046,0.9991941982272361,560,681,1241,0.0008058017727639033,0.0008333472224535399,0.9995165189363433,-8.058017727639034e-05
39769,33.1413856897615,0.9991941982272361,560,681,1241,0.0,0.0008333472224535399,0.999435938759067,-8.058017727639034e-05
39770,33.14221903698395,0.9991941982272361,560,681,1241,0.0,0.0008333472224535399,0.9993553585817907,-8.058017727639034e-05
39771,33.143052384206406,0.9983883964544722,560,681,1241,-0.0008058017727639033,0.0008333472224535399,0.999194198227238,-0.00016116035455278067
39772,33.14388573142886,0.9991941982272361,560,681,1241,0.0008058017727639033,0.0008333472224535399,0.9991136180499616,-8.058017727639034e-05
39773,33.14471907865131,0.9991941982272361,560,681,1241,0.0,0.0008333472224535399,0.9990330378726853,-8.058017727639034e-05
39774,33.14555242587377,0.9991941982272361,560,681,1241,0.0,0.0008333472224535399,0.9990330378726853,0.0
39775,33.14638577309622,0.9991941982272361,560,681,1241,0.0,0.0008333472224535399,0.9990330378726853,0.0
39776,33.147219120318674,1.0,560,681,1241,0.0008058017727639033,0.0008333472224535399,0.9991136180499616,8.058017727639034e-05
39777,33.14805246754113,1.0,560,681,1241,0.0,0.0008333472224535399,0.9992747784045143,0.00016116035455278067
39778,33.14888581476358,1.0,560,681,1241,0.0,0.0008333472224535399,0.9993553585817907,8.058017727639034e-05
39779,33.149719161986035,1.0,560,681,1241,0.0,0.0008333472224535399,0.999435938759067,8.058017727639034e-05
39780,33.15055250920849,1.0,560,681,1241,0.0,0.0008333472224535399,0.9995165189363433,8.058017727639034e-05
39781,33.15138585643094,1.0,560,681,1241,0.0,0.0008333472224535399,0.999677679290896,0.00016116035455278067
39782,33.152219203653395,1.0,560,681,1241,0.0,0.0008333472224535399,0.9997582594681724,8.058017727639034e-05
39783,33.15305255087585,1.0,560,681,1241,0.0,0.0008333472224535399,0.9998388396454487,8.058017727639034e-05
39784,33.1538858980983,0.9991941982272361,560,681,1241,-0.0008058017727639033,0.0008333472224535399,0.9998388396454487,0.0
39785,33.154719245320756,1.0,560,681,1241,0.0008058017727639033,0.0008333472224535399,0.999919419822725,8.058017727639034e-05
39786,33.15555259254321,1.0,560,681,1241,0.0,0.0008333472224535399,0.999919419822725,0.0
39787,33.15638593976566,1.0,560,681,1241,0.0,0.0008333472224535399,0.999919419822725,0.0
39788,33.157219286988116,1.0,560,681,1241,0.0,0.0008333472224535399,0.999919419822725,0.0
39789,33.15805263421057,1.0,560,681,1241,0.0,0.0008333472224535399,0.999919419822725,0.0
39790,33.15888598143302,1.0,560,681,1241,0.0,0.0008333472224535399,0.999919419822725,0.0
39791,33.15971932865548,1.0,560,681,1241,0.0,0.0008333472224535399,0.999919419822725,0.0
39792,33.16055267587793,0.9991941982272361,560,681,1241,-0.0008058017727639033,0.0008333472224535399,0.9998388396454487,-8.058017727639034e-05
39793,33.161386023100384,1.0,560,681,1241,0.0008058017727639033,0.0008333472224535399,0.9998388396454487,0.0
39794,33.16221937032284,1.0,560,681,1241,0.0,0.0008333472224535399,0.999919419822725,8.058017727639034e-05
39795,33.16305271754529,1.0,560,681,1241,0.0,0.0008333472224535399,0.999919419822725,0.0
39796,33.163886064767745,1.0,560,681,1241,0.0,0.0008333472224535399,0.999919419822725,0.0
39797,33.1647194119902,1.0,560,681,1241,0.0,0.0008333472224535399,0.999919419822725,0.0
39798,33.16555275921265,1.0,560,681,1241,0.0,0.0008333472224535399,0.999919419822725,0.0
39799,33.166386106435105,1.0,560,681,1241,0.0,0.0008333472224535399,0.999919419822725,0.0
39800,33.16721945365756,1.0,560,681,1241,0.0,0.0008333472224535399,0.999919419822725,0.0
39801,33.16805280088002,1.0,560,681,1241,0.0,0.0008333472224606453,0.999919419822725,0.0
39802,33.16888614810247,1.0,560,681,1241,0.0,0.0008333472224535399,1.0000000000000013,8.058017727639034e-05
39803,33.16971949532493,1.0,560,681,1241,0.0,0.0008333472224535399,1.0000000000000013,0.0
39804,33.17055284254738,1.0,560,681,1241,0.0,0.0008333472224535399,1.0000000000000013,0.0
39805,33.171386189769834,1.0,560,681,1241,0.0,0.0008333472224535399,1.0000000000000013,0.0
39806,33.17221953699229,0.9983883964544722,560,681,1241,-0.0016116035455278066,0.0008333472224535399,0.9998388396454487,-0.00016116035455278067
39807,33.17305288421474,0.9983883964544722,560,681,1241,0.0,0.0008333472224535399,0.999677679290896,-0.00016116035455278067
39808,33.173886231437194,0.9983883964544722,560,681,1241,0.0,0.0008333472224535399,0.9995165189363433,-0.00016116035455278067
39809,33.17471957865965,0.9983883964544722,560,681,1241,0.0,0.0008333472224535399,0.9993553585817907,-0.00016116035455278067
39810,33.1755529258821,0.9983883964544722,560,681,1241,0.0,0.0008333472224535399,0.999194198227238,-0.00016116035455278067
39811,33.176386273104555,0.9983883964544722,560,681,1241,0.0,0.0008333472224535399,0.9990330378726853,-0.00016116035455278067
39812,33.17721962032701,0.9991941982272361,560,681,1241,0.0008058017727639033,0.0008333472224535399,0.998952457695409,-8.058017727639034e-05
39813,33.17805296754946,0.9991941982272361,560,681,1241,0.0,0.0008333472224535399,0.9988718775181326,-8.058017727639034e-05
39814,33.178886314771916,0.9991941982272361,560,681,1241,0.0,0.0008333472224535399,0.9987912973408563,-8.058017727639034e-05
39815,33.17971966199437,0.9991941982272361,560,681,1241,0.0,0.0008333472224535399,0.9987107171635798,-8.058017727639034e-05
39816,33.18055300921682,0.9991941982272361,560,681,1241,0.0,0.0008333472224535399,0.9987912973408563,8.058017727639034e-05
39817,33.181386356439276,1.0,560,681,1241,0.0008058017727639033,0.0008333472224535399,0.998952457695409,0.00016116035455278067
39818,33.18221970366173,1.0,560,681,1241,0.0,0.0008333472224535399,0.9991136180499616,0.00016116035455278067
39819,33.18305305088418,1.0,560,681,1241,0.0,0.0008333472224535399,0.9992747784045143,0.00016116035455278067
39820,33.18388639810664,1.0,560,681,1241,0.0,0.0008333472224535399,0.999435938759067,0.00016116035455278067
39821,33.18471974532909,1.0,560,681,1241,0.0,0.0008333472224535399,0.9995970991136197,0.00016116035455278067
39822,33.185553092551544,1.0,560,681,1241,0.0,0.0008333472224535399,0.999677679290896,8.058017727639034e-05
39823,33.186386439774,1.0,560,681,1241,0.0,0.0008333472224535399,0.9997582594681724,8.058017727639034e-05
39824,33.18721978699645,1.0,560,681,1241,0.0,0.0008333472224535399,0.9998388396454487,8.058017727639034e-05
39825,33.188053134218904,1.0,560,681,1241,0.0,0.0008333472224535399,0.999919419822725,8.058017727639034e-05
39826,33.18888648144136,1.0,560,681,1241,0.0,0.0008333472224535399,1.0000000000000013,8.058017727639034e-05
39827,33.18971982866381,1.0,560,681,1241,0.0,0.0008333472224535399,1.0000000000000013,0.0
39828,33.190553175886265,0.9991941982272361,560,681,1241,-0.0008058017727639033,0.0008333472224535399,0.999919419822725,-8.058017727639034e-05
39829,33.19138652310872,1.0,560,681,1241,0.0008058017727639033,0.0008333472224535399,0.999919419822725,0.0
39830,33.19221987033117,1.0,560,681,1241,0.0,0.0008333472224535399,0.999919419822725,0.0
39831,33.193053217553626,1.0,560,681,1241,0.0,0.0008333472224535399,0.999919419822725,0.0
39832,33.19388656477608,1.0,560,681,1241,0.0,0.0008333472224535399,0.999919419822725,0.0
39833,33.19471991199853,0.9991941982272361,560,681,1241,-0.0008058017727639033,0.0008333472224535399,0.9998388396454487,-8.058017727639034e-05
39834,33.195553259220986,0.9991941982272361,560,681,1241,0.0,0.0008333472224535399,0.9997582594681724,-8.058017727639034e-05
39835,33.19638660644344,0.9991941982272361,560,681,1241,0.0,0.0008333472224535399,0.999677679290896,-8.058017727639034e-05
39836,33.19721995366589,0.9991941982272361,560,681,1241,0.0,0.0008333472224535399,0.9995970991136197,-8.058017727639034e-05
39837,33.19805330088835,1.0,560,681,1241,0.0008058017727639033,0.0008333472224535399,0.9995970991136197,0.0
39838,33.1988866481108,1.0,560,681,1241,0.0,0.0008333472224535399,0.999677679290896,8.058017727639034e-05
39839,33.199719995333254,1.0,560,681,1241,0.0,0.0008333472224535399,0.999677679290896,0.0
39840,33.20055334255571,1.0,560,681,1241,0.0,0.0008333472224535399,0.999677679290896,0.0
39841,33.20138668977816,1.0,560,681,1241,0.0,0.0008333472224535399,0.999677679290896,0.0
39842,33.202220037000615,1.0,560,681,1241,0.0,0.0008333472224535399,0.999677679290896,0.0
39843,33.203053384223075,1.0,560,681,1241,0.0,0.0008333472224606453,0.9997582594681724,8.058017727639034e-05
39844,33.20388673144553,1.0,560,681,1241,0.0,0.0008333472224535399,0.9998388396454487,8.058017727639034e-05
39845,33.20472007866798,1.0,560,681,1241,0.0,0.0008333472224535399,0.999919419822725,8.058017727639034e-05
39846,33.205553425890436,1.0,560,681,1241,0.0,0.0008333472224535399,1.0000000000000013,8.058017727639034e-05
39847,33.20638677311289,1.0,560,681,1241,0.0,0.0008333472224535399,1.0000000000000013,0.0
39848,33.20722012033534,1.0,560,681,1241,0.0,0.0008333472224535399,1.0000000000000013,0.0
39849,33.2080534675578,1.0,560,681,1241,0.0,0.0008333472224535399,1.0000000000000013,0.0
39850,33.20888681478025,1.0,560,681,1241,0.0,0.0008333472224535399,1.0000000000000013,0.0
39851,33.209720162002704,1.0,560,681,1241,0.0,0.0008333472224535399,1.0000000000000013,0.0
39852,33.21055350922516,1.0,560,681,1241,0.0,0.0008333472224535399,1.0000000000000013,0.0
39853,33.21138685644761,1.0,560,681,1241,0.0,0.0008333472224535399,1.0000000000000013,0.0
39854,33.212220203670064,1.0,560,681,1241,0.0,0.0008333472224535399,1.0000000000000013,0.0
39855,33.21305355089252,1.0,560,681,1241,0.0,0.0008333472224535399,1.0000000000000013,0.0
39856,33.21388689811497,1.0,560,681,1241,0.0,0.0008333472224535399,1.0000000000000013,0.0
39857,33.214720245337425,1.0,560,681,1241,0.0,0.0008333472224535399,1.0000000000000013,0.0
39858,33.21555359255988,1.0,560,681,1241,0.0,0.0008333472224535399,1.0000000000000013,0.0
39859,33.21638693978233,1.0,560,681,1241,0.0,0.0008333472224535399,1.0000000000000013,0.0
39860,33.217220287004785,1.0,560,681,1241,0.0,0.0008333472224535399,1.0000000000000013,0.0
39861,33.21805363422724,1.0,560,681,1241,0.0,0.0008333472224535399,1.0000000000000013,0.0
39862,33.21888698144969,0.9991941982272361,560,681,1241,-0.0008058017727639033,0.0008333472224535399,0.999919419822725,-8.058017727639034e-05
39863,33.219720328672146,0.9991941982272361,560,681,1241,0.0,0.0008333472224535399,0.9998388396454487,-8.058017727639034e-05
39864,33.2205536758946,1.0,560,681,1241,0.0008058017727639033,0.0008333472224535399,0.9998388396454487,0.0
39865,33.22138702311705,1.0,560,681,1241,0.0,0.0008333472224535399,0.9998388396454487,0.0
39866,33.22222037033951,1.0,560,681,1241,0.0,0.0008333472224535399,0.9998388396454487,0.0
39867,33.22305371756196,0.9991941982272361,560,681,1241,-0.0008058017727639033,0.0008333472224535399,0.9997582594681724,-8.058017727639034e-05
39868,33.223887064784414,0.9991941982272361,560,681,1241,0.0,0.0008333472224535399,0.999677679290896,-8.058017727639034e-05
39869,33.22472041200687,0.9991941982272361,560,681,1241,0.0,0.0008333472224535399,0.9995970991136197,-8.058017727639034e-05
39870,33.22555375922932,0.9991941982272361,560,681,1241,0.0,0.0008333472224535399,0.9995165189363433,-8.058017727639034e-05
39871,33.226387106451774,0.9991941982272361,560,681,1241,0.0,0.0008333472224535399,0.999435938759067,-8.058017727639034e-05
39872,33.22722045367423,1.0,560,681,1241,0.0008058017727639033,0.0008333472224535399,0.9995165189363433,8.058017727639034e-05
39873,33.22805380089668,1.0,560,681,1241,0.0,0.0008333472224535399,0.9995970991136197,8.058017727639034e-05
39874,33.228887148119135,1.0,560,681,1241,0.0,0.0008333472224535399,0.9995970991136197,0.0
39875,33.22972049534159,1.0,560,681,1241,0.0,0.0008333472224535399,0.9995970991136197,0.0
39876,33.23055384256404,1.0,560,681,1241,0.0,0.0008333472224535399,0.9995970991136197,0.0
39877,33.231387189786496,1.0,560,681,1241,0.0,0.0008333472224535399,0.999677679290896,8.058017727639034e-05
39878,33.23222053700895,1.0,560,681,1241,0.0,0.0008333472224535399,0.9997582594681724,8.058017727639034e-05
39879,33.2330538842314,1.0,560,681,1241,0.0,0.0008333472224535399,0.9998388396454487,8.058017727639034e-05
39880,33.233887231453856,1.0,560,681,1241,0.0,0.0008333472224535399,0.999919419822725,8.058017727639034e-05
39881,33.23472057867631,1.0,560,681,1241,0.0,0.0008333472224535399,1.0000000000000013,8.058017727639034e-05
39882,33.23555392589876,1.0,560,681,1241,0.0,0.0008333472224535399,1.0000000000000013,0.0
39883,33.23638727312122,1.0,560,681,1241,0.0,0.0008333472224535399,1.0000000000000013,0.0
39884,33.23722062034367,0.9991941982272361,560,681,1241,-0.0008058017727639033,0.0008333472224535399,0.999919419822725,-8.058017727639034e-05
39885,33.238053967566124,0.9991941982272361,560,681,1241,0.0,0.0008333472224535399,0.9998388396454487,-8.058017727639034e-05
39886,33.238887314788585,0.9983883964544722,560,681,1241,-0.0008058017727639033,0.0008333472224606453,0.999677679290896,-0.00016116035455278067
39887,33.23972066201104,0.9991941982272361,560,681,1241,0.0008058017727639033,0.0008333472224535399,0.9995970991136197,-8.058017727639034e-05
39888,33.24055400923349,0.9991941982272361,560,681,1241,0.0,0.0008333472224535399,0.9995165189363433,-8.058017727639034e-05
39889,33.241387356455945,0.9991941982272361,560,681,1241,0.0,0.0008333472224535399,0.999435938759067,-8.058017727639034e-05
39890,33.2422207036784,0.9991941982272361,560,681,1241,0.0,0.0008333472224535399,0.9993553585817907,-8.058017727639034e-05
39891,33.24305405090085,0.9991941982272361,560,681,1241,0.0,0.0008333472224535399,0.9992747784045143,-8.058017727639034e-05
39892,33.243887398123306,0.9991941982272361,560,681,1241,0.0,0.0008333472224535399,0.999194198227238,-8.058017727639034e-05
39893,33.24472074534576,0.9991941982272361,560,681,1241,0.0,0.0008333472224535399,0.9991136180499616,-8.058017727639034e-05
39894,33.24555409256821,0.9991941982272361,560,681,1241,0.0,0.0008333472224535399,0.9991136180499616,0.0
39895,33.24638743979067,0.9991941982272361,560,681,1241,0.0,0.0008333472224535399,0.9991136180499616,0.0
39896,33.24722078701312,1.0,560,681,1241,0.0008058017727639033,0.0008333472224535399,0.9992747784045143,0.00016116035455278067
39897,33.24805413423557,1.0,560,681,1241,0.0,0.0008333472224535399,0.9993553585817907,8.058017727639034e-05
39898,33.24888748145803,1.0,560,681,1241,0.0,0.0008333472224535399,0.999435938759067,8.058017727639034e-05
39899,33.24972082868048,1.0,560,681,1241,0.0,0.0008333472224535399,0.9995165189363433,8.058017727639034e-05
39900,33.250554175902934,1.0,560,681,1241,0.0,0.0008333472224535399,0.9995970991136197,8.058017727639034e-05
39901,33.25138752312539,0.9991941982272361,560,681,1241,-0.0008058017727639033,0.0008333472224535399,0.9995970991136197,0.0
39902,33.25222087034784,0.9991941982272361,560,681,1241,0.0,0.0008333472224535399,0.9995970991136197,0.0
39903,33.253054217570295,0.9991941982272361,560,681,1241,0.0,0.0008333472224535399,0.9995970991136197,0.0
39904,33.25388756479275,0.9983883964544722,560,681,1241,-0.0008058017727639033,0.0008333472224535399,0.9995165189363433,-8.058017727639034e-05
39905,33.2547209120152,0.9991941982272361,560,681,1241,0.0008058017727639033,0.0008333472224535399,0.9995165189363433,0.0
39906,33.255554259237655,0.9991941982272361,560,681,1241,0.0,0.0008333472224535399,0.999435938759067,-8.058017727639034e-05
39907,33.25638760646011,0.9991941982272361,560,681,1241,0.0,0.0008333472224535399,0.9993553585817907,-8.058017727639034e-05
39908,33.25722095368256,0.9991941982272361,560,681,1241,0.0,0.0008333472224535399,0.9992747784045143,-8.058017727639034e-05
39909,33.258054300905016,0.9991941982272361,560,681,1241,0.0,0.0008333472224535399,0.999194198227238,-8.058017727639034e-05
39910,33.25888764812747,0.9991941982272361,560,681,1241,0.0,0.0008333472224535399,0.9991136180499616,-8.058017727639034e-05
39911,33.25972099534992,0.9991941982272361,560,681,1241,0.0,0.0008333472224535399,0.9991136180499616,0.0
39912,33.26055434257238,1.0,560,681,1241,0.0008058017727639033,0.0008333472224535399,0.999194198227238,8.058017727639034e-05
39913,33.26138768979483,1.0,560,681,1241,0.0,0.0008333472224535399,0.9992747784045143,8.058017727639034e-05
39914,33.262221037017284,1.0,560,681,1241,0.0,0.0008333472224535399,0.999435938759067,0.00016116035455278067
39915,33.26305438423974,1.0,560,681,1241,0.0,0.0008333472224535399,0.9995165189363433,8.058017727639034e-05
39916,33.26388773146219,1.0,560,681,1241,0.0,0.0008333472224535399,0.9995970991136197,8.058017727639034e-05
39917,33.264721078684644,1.0,560,681,1241,0.0,0.0008333472224535399,0.999677679290896,8.058017727639034e-05
39918,33.2655544259071,0.9983883964544722,560,681,1241,-0.0016116035455278066,0.0008333472224535399,0.9995970991136197,-8.058017727639034e-05
39919,33.26638777312955,0.9983883964544722,560,681,1241,0.0,0.0008333472224535399,0.9995165189363433,-8.058017727639034e-05
39920,33.267221120352005,0.9983883964544722,560,681,1241,0.0,0.0008333472224535399,0.999435938759067,-8.058017727639034e-05
39921,33.26805446757446,0.9983883964544722,560,681,1241,0.0,0.0008333472224535399,0.9993553585817907,-8.058017727639034e-05
39922,33.26888781479691,0.9975825946817083,560,681,1241,-0.0008058017727639033,0.0008333472224535399,0.9991136180499615,-0.00024174053182917098
39923,33.269721162019366,0.9983883964544722,560,681,1241,0.0008058017727639033,0.0008333472224535399,0.9989524576954085,-0.00016116035455278067
39924,33.27055450924182,0.9991941982272361,560,681,1241,0.0008058017727639033,0.0008333472224535399,0.9988718775181322,-8.058017727639034e-05
39925,33.27138785646427,0.9991941982272361,560,681,1241,0.0,0.0008333472224535399,0.9987912973408559,-8.058017727639034e-05
39926,33.272221203686726,1.0,560,681,1241,0.0008058017727639033,0.0008333472224535399,0.9987912973408559,0.0
39927,33.27305455090918,1.0,560,681,1241,0.0,0.0008333472224535399,0.9987912973408559,0.0
39928,33.27388789813164,1.0,560,681,1241,0.0,0.0008333472224606453,0.9989524576954085,0.00016116035455278067
39929,33.274721245354094,1.0,560,681,1241,0.0,0.0008333472224535399,0.9991136180499612,0.00016116035455278067
39930,33.27555459257655,1.0,560,681,1241,0.0,0.0008333472224535399,0.999274778404514,0.00016116035455278067
39931,33.276387939799,1.0,560,681,1241,0.0,0.0008333472224535399,0.9994359387590667,0.00016116035455278067
39932,33.277221287021455,0.9991941982272361,560,681,1241,-0.0008058017727639033,0.0008333472224535399,0.9995970991136195,0.00016116035455278067
39933,33.27805463424391,0.9975825946817083,560,681,1241,-0.0016116035455278066,0.0008333472224535399,0.999516518936343,-8.058017727639034e-05
39934,33.27888798146636,0.9983883964544722,560,681,1241,0.0008058017727639033,0.0008333472224535399,0.9994359387590667,-8.058017727639034e-05
39935,33.279721328688815,0.9983883964544722,560,681,1241,0.0,0.0008333472224535399,0.9993553585817903,-8.058017727639034e-05
39936,33.28055467591127,0.9983883964544722,560,681,1241,0.0,0.0008333472224535399,0.9991941982272377,-0.00016116035455278067
39937,33.28138802313372,0.9983883964544722,560,681,1241,0.0,0.0008333472224535399,0.9990330378726849,-0.00016116035455278067
39938,33.282221370356176,0.9983883964544722,560,681,1241,0.0,0.0008333472224535399,0.9988718775181322,-0.00016116035455278067
39939,33.28305471757863,0.9983883964544722,560,681,1241,0.0,0.0008333472224535399,0.9987107171635795,-0.00016116035455278067
39940,33.28388806480108,0.9983883964544722,560,681,1241,0.0,0.0008333472224535399,0.9985495568090268,-0.00016116035455278067
39941,33.284721412023536,0.9991941982272361,560,681,1241,0.0008058017727639033,0.0008333472224535399,0.9984689766317505,-8.058017727639034e-05
39942,33.28555475924599,0.9991941982272361,560,681,1241,0.0,0.0008333472224535399,0.9984689766317505,0.0
39943,33.28638810646844,1.0,560,681,1241,0.0008058017727639033,0.0008333472224535399,0.9987107171635797,0.00024174053182917098
39944,33.2872214536909,1.0,560,681,1241,0.0,0.0008333472224535399,0.9988718775181326,0.00016116035455278067
39945,33.28805480091335,1.0,560,681,1241,0.0,0.0008333472224535399,0.9990330378726853,0.00016116035455278067
39946,33.288888148135804,1.0,560,681,1241,0.0,0.0008333472224535399,0.999194198227238,0.00016116035455278067
39947,33.28972149535826,1.0,560,681,1241,0.0,0.0008333472224535399,0.9993553585817907,0.00016116035455278067
39948,33.29055484258071,1.0,560,681,1241,0.0,0.0008333472224535399,0.9995165189363433,0.00016116035455278067
39949,33.291388189803165,1.0,560,681,1241,0.0,0.0008333472224535399,0.999677679290896,0.00016116035455278067
39950,33.29222153702562,1.0,560,681,1241,0.0,0.0008333472224535399,0.9998388396454487,0.00016116035455278067
39951,33.29305488424807,1.0,560,681,1241,0.0,0.0008333472224535399,0.999919419822725,8.058017727639034e-05
39952,33.293888231470525,1.0,560,681,1241,0.0,0.0008333472224535399,1.0000000000000013,8.058017727639034e-05
39953,33.29472157869298,1.0,560,681,1241,0.0,0.0008333472224535399,1.0000000000000013,0.0
39954,33.29555492591543,1.0,560,681,1241,0.0,0.0008333472224535399,1.0000000000000013,0.0
39955,33.296388273137886,0.9991941982272361,560,681,1241,-0.0008058017727639033,0.0008333472224535399,0.999919419822725,-8.058017727639034e-05
39956,33.29722162036034,0.9991941982272361,560,681,1241,0.0,0.0008333472224535399,0.9998388396454487,-8.058017727639034e-05
39957,33.29805496758279,0.9991941982272361,560,681,1241,0.0,0.0008333472224535399,0.9997582594681724,-8.058017727639034e-05
39958,33.29888831480525,1.0,560,681,1241,0.0008058017727639033,0.0008333472224535399,0.9997582594681724,0.0
39959,33.2997216620277,1.0,560,681,1241,0.0,0.0008333472224535399,0.9997582594681724,0.0
39960,33.300555009250154,1.0,560,681,1241,0.0,0.0008333472224535399,0.9997582594681724,0.0
39961,33.30138835647261,1.0,560,681,1241,0.0,0.0008333472224535399,0.9997582594681724,0.0
39962,33.30222170369506,0.9991941982272361,560,681,1241,-0.0008058017727639033,0.0008333472224535399,0.999677679290896,-8.058017727639034e-05
39963,33.303055050917514,0.9991941982272361,560,681,1241,0.0,0.0008333472224535399,0.9995970991136197,-8.058017727639034e-05
39964,33.30388839813997,1.0,560,681,1241,0.0008058017727639033,0.0008333472224535399,0.9995970991136197,0.0
39965,33.30472174536242,1.0,560,681,1241,0.0,0.0008333472224535399,0.999677679290896,8.058017727639034e-05
39966,33.305555092584875,1.0,560,681,1241,0.0,0.0008333472224535399,0.9997582594681724,8.058017727639034e-05
39967,33.30638843980733,1.0,560,681,1241,0.0,0.0008333472224535399,0.9998388396454487,8.058017727639034e-05
39968,33.30722178702978,1.0,560,681,1241,0.0,0.0008333472224535399,0.9998388396454487,0.0
39969,33.308055134252236,1.0,560,681,1241,0.0,0.0008333472224535399,0.9998388396454487,0.0
39970,33.308888481474696,1.0,560,681,1241,0.0,0.0008333472224606453,0.9998388396454487,0.0
39971,33.30972182869715,1.0,560,681,1241,0.0,0.0008333472224535399,0.9998388396454487,0.0
39972,33.3105551759196,1.0,560,681,1241,0.0,0.0008333472224535399,0.999919419822725,8.058017727639034e-05
39973,33.31138852314206,0.9991941982272361,560,681,1241,-0.0008058017727639033,0.0008333472224535399,0.999919419822725,0.0
39974,33.31222187036451,1.0,560,681,1241,0.0008058017727639033,0.0008333472224535399,0.999919419822725,0.0
39975,33.313055217586964,1.0,560,681,1241,0.0,0.0008333472224535399,0.999919419822725,0.0
39976,33.31388856480942,1.0,560,681,1241,0.0,0.0008333472224535399,0.999919419822725,0.0
39977,33.31472191203187,1.0,560,681,1241,0.0,0.0008333472224535399,0.999919419822725,0.0
39978,33.315555259254324,1.0,560,681,1241,0.0,0.0008333472224535399,0.999919419822725,0.0
39979,33.31638860647678,1.0,560,681,1241,0.0,0.0008333472224535399,0.999919419822725,0.0
39980,33.31722195369923,1.0,560,681,1241,0.0,0.0008333472224535399,0.999919419822725,0.0
39981,33.318055300921685,1.0,560,681,1241,0.0,0.0008333472224535399,0.999919419822725,0.0
39982,33.31888864814414,1.0,560,681,1241,0.0,0.0008333472224535399,0.999919419822725,0.0
39983,33.31972199536659,1.0,560,681,1241,0.0,0.0008333472224535399,1.0000000000000013,8.058017727639034e-05
39984,33.320555342589046,1.0,560,681,1241,0.0,0.0008333472224535399,1.0000000000000013,0.0
39985,33.3213886898115,1.0,560,681,1241,0.0,0.0008333472224535399,1.0000000000000013,0.0
39986,33.32222203703395,1.0,560,681,1241,0.0,0.0008333472224535399,1.0000000000000013,0.0
39987,33.323055384256406,0.9991941982272361,560,681,1241,-0.0008058017727639033,0.0008333472224535399,0.999919419822725,-8.058017727639034e-05
39988,33.32388873147886,1.0,560,681,1241,0.0008058017727639033,0.0008333472224535399,0.999919419822725,0.0
39989,33.32472207870131,1.0,560,681,1241,0.0,0.0008333472224535399,0.999919419822725,0.0
39990,33.32555542592377,1.0,560,681,1241,0.0,0.0008333472224535399,0.999919419822725,0.0
39991,33.32638877314622,1.0,560,681,1241,0.0,0.0008333472224535399,0.999919419822725,0.0
39992,33.327222120368674,1.0,560,681,1241,0.0,0.0008333472224535399,0.999919419822725,0.0
39993,33.32805546759113,1.0,560,681,1241,0.0,0.0008333472224535399,0.999919419822725,0.0
39994,33.32888881481358,1.0,560,681,1241,0.0,0.0008333472224535399,0.999919419822725,0.0
39995,33.329722162036035,1.0,560,681,1241,0.0,0.0008333472224535399,0.999919419822725,0.0
39996,33.33055550925849,1.0,560,681,1241,0.0,0.0008333472224535399,0.999919419822725,0.0
39997,33.33138885648094,1.0,560,681,1241,0.0,0.0008333472224535399,1.0000000000000013,8.058017727639034e-05
39998,33.332222203703395,1.0,560,681,1241,0.0,0.0008333472224535399,1.0000000000000013,0.0
39999,33.33305555092585,1.0,560,681,1241,0.0,0.0008333472224535399,1.0000000000000013,0.0
40000,33.3338888981483,0.9991941982272361,560,681,1241,-0.0008058017727639033,0.0008333472224535399,0.999919419822725,-8.058017727639034e-05
40001,33.334722245370756,1.0,560,681,1241,0.0008058017727639033,0.0008333472224535399,0.999919419822725,0.0
40002,33.33555559259321,1.0,560,681,1241,0.0,0.0008333472224535399,0.999919419822725,0.0
40003,33.33638893981566,1.0,560,681,1241,0.0,0.0008333472224535399,0.999919419822725,0.0
40004,33.33722228703812,1.0,560,681,1241,0.0,0.0008333472224535399,0.999919419822725,0.0
40005,33.33805563426057,1.0,560,681,1241,0.0,0.0008333472224535399,0.999919419822725,0.0
40006,33.338888981483024,1.0,560,681,1241,0.0,0.0008333472224535399,0.999919419822725,0.0
40007,33.33972232870548,1.0,560,681,1241,0.0,0.0008333472224535399,0.999919419822725,0.0
40008,33.34055567592793,0.9991941982272361,560,681,1241,-0.0008058017727639033,0.0008333472224535399,0.9998388396454487,-8.058017727639034e-05
40009,33.341389023150384,0.9991941982272361,560,681,1241,0.0,0.0008333472224535399,0.9997582594681724,-8.058017727639034e-05
40010,33.34222237037284,0.9991941982272361,560,681,1241,0.0,0.0008333472224535399,0.9997582594681724,0.0
40011,33.34305571759529,0.9991941982272361,560,681,1241,0.0,0.0008333472224535399,0.999677679290896,-8.058017727639034e-05
40012,33.343889064817745,0.9991941982272361,560,681,1241,0.0,0.0008333472224535399,0.9995970991136197,-8.058017727639034e-05
40013,33.344722412040205,0.9991941982272361,560,681,1241,0.0,0.0008333472224606453,0.9995165189363433,-8.058017727639034e-05
40014,33.34555575926266,1.0,560,681,1241,0.0008058017727639033,0.0008333472224535399,0.9995165189363433,0.0
40015,33.34638910648511,1.0,560,681,1241,0.0,0.0008333472224535399,0.9995165189363433,0.0
40016,33.347222453707566,1.0,560,681,1241,0.0,0.0008333472224535399,0.9995165189363433,0.0
40017,33.34805580093002,0.9991941982272361,560,681,1241,-0.0008058017727639033,0.0008333472224535399,0.999435938759067,-8.058017727639034e-05
40018,33.34888914815247,1.0,560,681,1241,0.0008058017727639033,0.0008333472224535399,0.9995165189363433,8.058017727639034e-05
40019,33.34972249537493,1.0,560,681,1241,0.0,0.0008333472224535399,0.9995970991136197,8.058017727639034e-05
40020,33.35055584259738,1.0,560,681,1241,0.0,0.0008333472224535399,0.999677679290896,8.058017727639034e-05
40021,33.351389189819834,1.0,560,681,1241,0.0,0.0008333472224535399,0.9997582594681724,8.058017727639034e-05
40022,33.35222253704229,1.0,560,681,1241,0.0,0.0008333472224535399,0.9998388396454487,8.058017727639034e-05
40023,33.35305588426474,0.9991941982272361,560,681,1241,-0.0008058017727639033,0.0008333472224535399,0.9998388396454487,0.0
40024,33.353889231487194,0.9991941982272361,560,681,1241,0.0,0.0008333472224535399,0.9997582594681724,-8.058017727639034e-05
40025,33.35472257870965,0.9991941982272361,560,681,1241,0.0,0.0008333472224535399,0.999677679290896,-8.058017727639034e-05
40026,33.3555559259321,0.9991941982272361,560,681,1241,0.0,0.0008333472224535399,0.9995970991136197,-8.058017727639034e-05
40027,33.356389273154555,1.0,560,681,1241,0.0008058017727639033,0.0008333472224535399,0.999677679290896,8.058017727639034e-05
40028,33.35722262037701,1.0,560,681,1241,0.0,0.0008333472224535399,0.999677679290896,0.0
40029,33.35805596759946,1.0,560,681,1241,0.0,0.0008333472224535399,0.999677679290896,0.0
40030,33.358889314821916,1.0,560,681,1241,0.0,0.0008333472224535399,0.999677679290896,0.0
40031,33.35972266204437,1.0,560,681,1241,0.0,0.0008333472224535399,0.999677679290896,0.0
40032,33.36055600926682,1.0,560,681,1241,0.0,0.0008333472224535399,0.999677679290896,0.0
40033,33.361389356489276,1.0,560,681,1241,0.0,0.0008333472224535399,0.9997582594681724,8.058017727639034e-05
40034,33.36222270371173,1.0,560,681,1241,0.0,0.0008333472224535399,0.9998388396454487,8.058017727639034e-05
40035,33.36305605093418,1.0,560,681,1241,0.0,0.0008333472224535399,0.999919419822725,8.058017727639034e-05
40036,33.36388939815664,0.9991941982272361,560,681,1241,-0.0008058017727639033,0.0008333472224535399,0.999919419822725,0.0
40037,33.36472274537909,0.9991941982272361,560,681,1241,0.0,0.0008333472224535399,0.9998388396454487,-8.058017727639034e-05
40038,33.365556092601544,1.0,560,681,1241,0.0008058017727639033,0.0008333472224535399,0.9998388396454487,0.0
40039,33.366389439824,1.0,560,681,1241,0.0,0.0008333472224535399,0.9998388396454487,0.0
40040,33.36722278704645,1.0,560,681,1241,0.0,0.0008333472224535399,0.9998388396454487,0.0
40041,33.368056134268905,1.0,560,681,1241,0.0,0.0008333472224535399,0.9998388396454487,0.0
40042,33.36888948149136,1.0,560,681,1241,0.0,0.0008333472224535399,0.9998388396454487,0.0
40043,33.36972282871381,1.0,560,681,1241,0.0,0.0008333472224535399,0.9998388396454487,0.0
40044,33.370556175936265,1.0,560,681,1241,0.0,0.0008333472224535399,0.9998388396454487,0.0
40045,33.37138952315872,1.0,560,681,1241,0.0,0.0008333472224535399,0.9998388396454487,0.0
40046,33.37222287038117,1.0,560,681,1241,0.0,0.0008333472224535399,0.999919419822725,8.058017727639034e-05
40047,33.373056217603626,1.0,560,681,1241,0.0,0.0008333472224535399,1.0000000000000013,8.058017727639034e-05
40048,33.37388956482608,1.0,560,681,1241,0.0,0.0008333472224535399,1.0000000000000013,0.0
40049,33.37472291204853,1.0,560,681,1241,0.0,0.0008333472224535399,1.0000000000000013,0.0
40050,33.37555625927099,1.0,560,681,1241,0.0,0.0008333472224535399,1.0000000000000013,0.0
40051,33.37638960649344,1.0,560,681,1241,0.0,0.0008333472224535399,1.0000000000000013,0.0
40052,33.37722295371589,1.0,560,681,1241,0.0,0.0008333472224535399,1.0000000000000013,0.0
40053,33.37805630093835,1.0,560,681,1241,0.0,0.0008333472224535399,1.0000000000000013,0.0
40054,33.3788896481608,1.0,560,681,1241,0.0,0.0008333472224535399,1.0000000000000013,0.0
40055,33.37972299538326,1.0,560,681,1241,0.0,0.0008333472224606453,1.0000000000000013,0.0
40056,33.380556342605715,1.0,560,681,1241,0.0,0.0008333472224535399,1.0000000000000013,0.0
40057,33.38138968982817,1.0,560,681,1241,0.0,0.0008333472224535399,1.0000000000000013,0.0
40058,33.38222303705062,1.0,560,681,1241,0.0,0.0008333472224535399,1.0000000000000013,0.0
40059,33.383056384273075,1.0,560,681,1241,0.0,0.0008333472224535399,1.0000000000000013,0.0
40060,33.38388973149553,1.0,560,681,1241,0.0,0.0008333472224535399,1.0000000000000013,0.0
40061,33.38472307871798,1.0,560,681,1241,0.0,0.0008333472224535399,1.0000000000000013,0.0
40062,33.385556425940436,1.0,560,681,1241,0.0,0.0008333472224535399,1.0000000000000013,0.0
40063,33.38638977316289,1.0,560,681,1241,0.0,0.0008333472224535399,1.0000000000000013,0.0
40064,33.38722312038534,1.0,560,681,1241,0.0,0.0008333472224535399,1.0000000000000013,0.0
40065,33.3880564676078,1.0,560,681,1241,0.0,0.0008333472224535399,1.0000000000000013,0.0
40066,33.38888981483025,1.0,560,681,1241,0.0,0.0008333472224535399,1.0000000000000013,0.0
40067,33.389723162052704,1.0,560,681,1241,0.0,0.0008333472224535399,1.0000000000000013,0.0
40068,33.39055650927516,1.0,560,681,1241,0.0,0.0008333472224535399,1.0000000000000013,0.0
40069,33.39138985649761,1.0,560,681,1241,0.0,0.0008333472224535399,1.0000000000000013,0.0
40070,33.392223203720064,1.0,560,681,1241,0.0,0.0008333472224535399,1.0000000000000013,0.0
40071,33.39305655094252,1.0,560,681,1241,0.0,0.0008333472224535399,1.0000000000000013,0.0
40072,33.39388989816497,1.0,560,681,1241,0.0,0.0008333472224535399,1.0000000000000013,0.0
40073,33.394723245387425,1.0,560,681,1241,0.0,0.0008333472224535399,1.0000000000000013,0.0
40074,33.39555659260988,1.0,560,681,1241,0.0,0.0008333472224535399,1.0000000000000013,0.0
40075,33.39638993983233,1.0,560,681,1241,0.0,0.0008333472224535399,1.0000000000000013,0.0
40076,33.397223287054786,1.0,560,681,1241,0.0,0.0008333472224535399,1.0000000000000013,0.0
40077,33.39805663427724,1.0,560,681,1241,0.0,0.0008333472224535399,1.0000000000000013,0.0
40078,33.39888998149969,1.0,560,681,1241,0.0,0.0008333472224535399,1.0000000000000013,0.0
40079,33.399723328722146,1.0,560,681,1241,0.0,0.0008333472224535399,1.0000000000000013,0.0
40080,33.4005566759446,1.0,560,681,1241,0.0,0.0008333472224535399,1.0000000000000013,0.0
40081,33.40139002316705,0.9991941982272361,560,681,1241,-0.0008058017727639033,0.0008333472224535399,0.999919419822725,-8.058017727639034e-05
40082,33.40222337038951,0.9991941982272361,560,681,1241,0.0,0.0008333472224535399,0.9998388396454487,-8.058017727639034e-05
40083,33.40305671761196,0.9991941982272361,560,681,1241,0.0,0.0008333472224535399,0.9997582594681724,-8.058017727639034e-05
40084,33.403890064834414,1.0,560,681,1241,0.0008058017727639033,0.0008333472224535399,0.9997582594681724,0.0
40085,33.40472341205687,1.0,560,681,1241,0.0,0.0008333472224535399,0.9997582594681724,0.0
40086,33.40555675927932,1.0,560,681,1241,0.0,0.0008333472224535399,0.9997582594681724,0.0
40087,33.406390106501775,1.0,560,681,1241,0.0,0.0008333472224535399,0.9997582594681724,0.0
40088,33.40722345372423,1.0,560,681,1241,0.0,0.0008333472224535399,0.9997582594681724,0.0
40089,33.40805680094668,1.0,560,681,1241,0.0,0.0008333472224535399,0.9997582594681724,0.0
40090,33.408890148169135,1.0,560,681,1241,0.0,0.0008333472224535399,0.9997582594681724,0.0
40091,33.40972349539159,1.0,560,681,1241,0.0,0.0008333472224535399,0.9998388396454487,8.058017727639034e-05
40092,33.41055684261404,1.0,560,681,1241,0.0,0.0008333472224535399,0.999919419822725,8.058017727639034e-05
40093,33.411390189836496,1.0,560,681,1241,0.0,0.0008333472224535399,1.0000000000000013,8.058017727639034e-05
40094,33.41222353705895,1.0,560,681,1241,0.0,0.0008333472224535399,1.0000000000000013,0.0
40095,33.4130568842814,1.0,560,681,1241,0.0,0.0008333472224535399,1.0000000000000013,0.0
40096,33.413890231503856,1.0,560,681,1241,0.0,0.0008333472224535399,1.0000000000000013,0.0
40097,33.41472357872632,1.0,560,681,1241,0.0,0.0008333472224606453,1.0000000000000013,0.0
40098,33.41555692594877,1.0,560,681,1241,0.0,0.0008333472224535399,1.0000000000000013,0.0
40099,33.416390273171224,1.0,560,681,1241,0.0,0.0008333472224535399,1.0000000000000013,0.0
40100,33.41722362039368,1.0,560,681,1241,0.0,0.0008333472224535399,1.0000000000000013,0.0
40101,33.41805696761613,1.0,560,681,1241,0.0,0.0008333472224535399,1.0000000000000013,0.0
40102,33.418890314838585,1.0,560,681,1241,0.0,0.0008333472224535399,1.0000000000000013,0.0
40103,33.41972366206104,1.0,560,681,1241,0.0,0.0008333472224535399,1.0000000000000013,0.0
40104,33.42055700928349,1.0,560,681,1241,0.0,0.0008333472224535399,1.0000000000000013,0.0
40105,33.421390356505945,1.0,560,681,1241,0.0,0.0008333472224535399,1.0000000000000013,0.0
40106,33.4222237037284,0.9991941982272361,560,681,1241,-0.0008058017727639033,0.0008333472224535399,0.999919419822725,-8.058017727639034e-05
40107,33.42305705095085,0.9991941982272361,560,681,1241,0.0,0.0008333472224535399,0.9998388396454487,-8.058017727639034e-05
40108,33.423890398173306,1.0,560,681,1241,0.0008058017727639033,0.0008333472224535399,0.9998388396454487,0.0
40109,33.42472374539576,1.0,560,681,1241,0.0,0.0008333472224535399,0.9998388396454487,0.0
40110,33.42555709261821,0.9991941982272361,560,681,1241,-0.0008058017727639033,0.0008333472224535399,0.9997582594681724,-8.058017727639034e-05
40111,33.42639043984067,0.9991941982272361,560,681,1241,0.0,0.0008333472224535399,0.999677679290896,-8.058017727639034e-05
40112,33.42722378706312,0.9991941982272361,560,681,1241,0.0,0.0008333472224535399,0.9995970991136197,-8.058017727639034e-05
40113,33.428057134285574,1.0,560,681,1241,0.0008058017727639033,0.0008333472224535399,0.9995970991136197,0.0
40114,33.42889048150803,1.0,560,681,1241,0.0,0.0008333472224535399,0.9995970991136197,0.0
40115,33.42972382873048,1.0,560,681,1241,0.0,0.0008333472224535399,0.9995970991136197,0.0
40116,33.430557175952934,1.0,560,681,1241,0.0,0.0008333472224535399,0.999677679290896,8.058017727639034e-05
40117,33.43139052317539,1.0,560,681,1241,0.0,0.0008333472224535399,0.9997582594681724,8.058017727639034e-05
40118,33.43222387039784,1.0,560,681,1241,0.0,0.0008333472224535399,0.9997582594681724,0.0
40119,33.433057217620295,1.0,560,681,1241,0.0,0.0008333472224535399,0.9997582594681724,0.0
40120,33.43389056484275,1.0,560,681,1241,0.0,0.0008333472224535399,0.9998388396454487,8.058017727639034e-05
40121,33.4347239120652,1.0,560,681,1241,0.0,0.0008333472224535399,0.999919419822725,8.058017727639034e-05
40122,33.435557259287656,1.0,560,681,1241,0.0,0.0008333472224535399,1.0000000000000013,8.058017727639034e-05
40123,33.43639060651011,1.0,560,681,1241,0.0,0.0008333472224535399,1.0000000000000013,0.0
40124,33.43722395373256,1.0,560,681,1241,0.0,0.0008333472224535399,1.0000000000000013,0.0
40125,33.438057300955016,1.0,560,681,1241,0.0,0.0008333472224535399,1.0000000000000013,0.0
40126,33.43889064817747,1.0,560,681,1241,0.0,0.0008333472224535399,1.0000000000000013,0.0
40127,33.43972399539992,1.0,560,681,1241,0.0,0.0008333472224535399,1.0000000000000013,0.0
40128,33.44055734262238,1.0,560,681,1241,0.0,0.0008333472224535399,1.0000000000000013,0.0
40129,33.44139068984483,1.0,560,681,1241,0.0,0.0008333472224535399,1.0000000000000013,0.0
40130,33.442224037067284,1.0,560,681,1241,0.0,0.0008333472224535399,1.0000000000000013,0.0
40131,33.44305738428974,1.0,560,681,1241,0.0,0.0008333472224535399,1.0000000000000013,0.0
40132,33.44389073151219,1.0,560,681,1241,0.0,0.0008333472224535399,1.0000000000000013,0.0
40133,33.444724078734644,1.0,560,681,1241,0.0,0.0008333472224535399,1.0000000000000013,0.0
40134,33.4455574259571,1.0,560,681,1241,0.0,0.0008333472224535399,1.0000000000000013,0.0
40135,33.44639077317955,1.0,560,681,1241,0.0,0.0008333472224535399,1.0000000000000013,0.0
40136,33.447224120402005,1.0,560,681,1241,0.0,0.0008333472224535399,1.0000000000000013,0.0
40137,33.44805746762446,1.0,560,681,1241,0.0,0.0008333472224535399,1.0000000000000013,0.0
40138,33.44889081484691,1.0,560,681,1241,0.0,0.0008333472224535399,1.0000000000000013,0.0
40139,33.449724162069366,1.0,560,681,1241,0.0,0.0008333472224535399,1.0000000000000013,0.0
40140,33.450557509291826,1.0,560,681,1241,0.0,0.0008333472224606453,1.0000000000000013,0.0
40141,33.45139085651428,1.0,560,681,1241,0.0,0.0008333472224535399,1.0000000000000013,0.0
40142,33.45222420373673,1.0,560,681,1241,0.0,0.0008333472224535399,1.0000000000000013,0.0
40143,33.45305755095919,1.0,560,681,1241,0.0,0.0008333472224535399,1.0000000000000013,0.0
40144,33.45389089818164,1.0,560,681,1241,0.0,0.0008333472224535399,1.0000000000000013,0.0
40145,33.454724245404094,0.9991941982272361,560,681,1241,-0.0008058017727639033,0.0008333472224535399,0.999919419822725,-8.058017727639034e-05
40146,33.45555759262655,1.0,560,681,1241,0.0008058017727639033,0.0008333472224535399,0.999919419822725,0.0
40147,33.456390939849,1.0,560,681,1241,0.0,0.0008333472224535399,0.999919419822725,0.0
40148,33.457224287071455,1.0,560,681,1241,0.0,0.0008333472224535399,0.999919419822725,0.0
40149,33.45805763429391,1.0,560,681,1241,0.0,0.0008333472224535399,0.999919419822725,0.0
40150,33.45889098151636,0.9991941982272361,560,681,1241,-0.0008058017727639033,0.0008333472224535399,0.9998388396454487,-8.058017727639034e-05
40151,33.459724328738815,0.9991941982272361,560,681,1241,0.0,0.0008333472224535399,0.9997582594681724,-8.058017727639034e-05
40152,33.46055767596127,0.9991941982272361,560,681,1241,0.0,0.0008333472224535399,0.999677679290896,-8.058017727639034e-05
40153,33.46139102318372,0.9983883964544722,560,681,1241,-0.0008058017727639033,0.0008333472224535399,0.9995165189363433,-0.00016116035455278067
40154,33.462224370406176,1.0,560,681,1241,0.0016116035455278066,0.0008333472224535399,0.9995165189363433,0.0
40155,33.46305771762863,1.0,560,681,1241,0.0,0.0008333472224535399,0.9995970991136197,8.058017727639034e-05
40156,33.46389106485108,1.0,560,681,1241,0.0,0.0008333472224535399,0.9995970991136197,0.0
40157,33.46472441207354,1.0,560,681,1241,0.0,0.0008333472224535399,0.9995970991136197,0.0
40158,33.46555775929599,1.0,560,681,1241,0.0,0.0008333472224535399,0.9995970991136197,0.0
40159,33.466391106518444,1.0,560,681,1241,0.0,0.0008333472224535399,0.9995970991136197,0.0
40160,33.4672244537409,1.0,560,681,1241,0.0,0.0008333472224535399,0.999677679290896,8.058017727639034e-05
40161,33.46805780096335,1.0,560,681,1241,0.0,0.0008333472224535399,0.9997582594681724,8.058017727639034e-05
40162,33.468891148185804,1.0,560,681,1241,0.0,0.0008333472224535399,0.9998388396454487,8.058017727639034e-05
40163,33.46972449540826,1.0,560,681,1241,0.0,0.0008333472224535399,1.0000000000000013,0.00016116035455278067
40164,33.47055784263071,1.0,560,681,1241,0.0,0.0008333472224535399,1.0000000000000013,0.0
40165,33.471391189853165,1.0,560,681,1241,0.0,0.0008333472224535399,1.0000000000000013,0.0
40166,33.47222453707562,1.0,560,681,1241,0.0,0.0008333472224535399,1.0000000000000013,0.0
40167,33.47305788429807,1.0,560,681,1241,0.0,0.0008333472224535399,1.0000000000000013,0.0
40168,33.473891231520525,1.0,560,681,1241,0.0,0.0008333472224535399,1.0000000000000013,0.0
40169,33.47472457874298,1.0,560,681,1241,0.0,0.0008333472224535399,1.0000000000000013,0.0
40170,33.47555792596543,1.0,560,681,1241,0.0,0.0008333472224535399,1.0000000000000013,0.0
40171,33.476391273187886,1.0,560,681,1241,0.0,0.0008333472224535399,1.0000000000000013,0.0
40172,33.47722462041034,1.0,560,681,1241,0.0,0.0008333472224535399,1.0000000000000013,0.0
40173,33.47805796763279,1.0,560,681,1241,0.0,0.0008333472224535399,1.0000000000000013,0.0
40174,33.47889131485525,1.0,560,681,1241,0.0,0.0008333472224535399,1.0000000000000013,0.0
40175,33.4797246620777,1.0,560,681,1241,0.0,0.0008333472224535399,1.0000000000000013,0.0
40176,33.480558009300154,1.0,560,681,1241,0.0,0.0008333472224535399,1.0000000000000013,0.0
40177,33.48139135652261,1.0,560,681,1241,0.0,0.0008333472224535399,1.0000000000000013,0.0
40178,33.48222470374506,1.0,560,681,1241,0.0,0.0008333472224535399,1.0000000000000013,0.0
40179,33.483058050967514,1.0,560,681,1241,0.0,0.0008333472224535399,1.0000000000000013,0.0
40180,33.48389139818997,1.0,560,681,1241,0.0,0.0008333472224535399,1.0000000000000013,0.0
40181,33.48472474541242,1.0,560,681,1241,0.0,0.0008333472224535399,1.0000000000000013,0.0
40182,33.48555809263488,1.0,560,681,1241,0.0,0.0008333472224606453,1.0000000000000013,0.0
40183,33.486391439857336,1.0,560,681,1241,0.0,0.0008333472224535399,1.0000000000000013,0.0
40184,33.48722478707979,1.0,560,681,1241,0.0,0.0008333472224535399,1.0000000000000013,0.0
40185,33.48805813430224,1.0,560,681,1241,0.0,0.0008333472224535399,1.0000000000000013,0.0
40186,33.488891481524696,1.0,560,681,1241,0.0,0.0008333472224535399,1.0000000000000013,0.0
40187,33.48972482874715,1.0,560,681,1241,0.0,0.0008333472224535399,1.0000000000000013,0.0
40188,33.4905581759696,1.0,560,681,1241,0.0,0.0008333472224535399,1.0000000000000013,0.0
40189,33.49139152319206,1.0,560,681,1241,0.0,0.0008333472224535399,1.0000000000000013,0.0
40190,33.49222487041451,1.0,560,681,1241,0.0,0.0008333472224535399,1.0000000000000013,0.0
40191,33.493058217636964,1.0,560,681,1241,0.0,0.0008333472224535399,1.0000000000000013,0.0
40192,33.49389156485942,1.0,560,681,1241,0.0,0.0008333472224535399,1.0000000000000013,0.0
40193,33.49472491208187,1.0,560,681,1241,0.0,0.0008333472224535399,1.0000000000000013,0.0
40194,33.495558259304325,1.0,560,681,1241,0.0,0.0008333472224535399,1.0000000000000013,0.0
40195,33.49639160652678,1.0,560,681,1241,0.0,0.0008333472224535399,1.0000000000000013,0.0
40196,33.49722495374923,1.0,560,681,1241,0.0,0.0008333472224535399,1.0000000000000013,0.0
40197,33.498058300971685,1.0,560,681,1241,0.0,0.0008333472224535399,1.0000000000000013,0.0
40198,33.49889164819414,1.0,560,681,1241,0.0,0.0008333472224535399,1.0000000000000013,0.0
40199,33.49972499541659,1.0,560,681,1241,0.0,0.0008333472224535399,1.0000000000000013,0.0
40200,33.500558342639046,1.0,560,681,1241,0.0,0.0008333472224535399,1.0000000000000013,0.0
40201,33.5013916898615,1.0,560,681,1241,0.0,0.0008333472224535399,1.0000000000000013,0.0
40202,33.50222503708395,1.0,560,681,1241,0.0,0.0008333472224535399,1.0000000000000013,0.0
40203,33.50305838430641,1.0,560,681,1241,0.0,0.0008333472224535399,1.0000000000000013,0.0
40204,33.50389173152886,1.0,560,681,1241,0.0,0.0008333472224535399,1.0000000000000013,0.0
40205,33.504725078751314,1.0,560,681,1241,0.0,0.0008333472224535399,1.0000000000000013,0.0
40206,33.50555842597377,1.0,560,681,1241,0.0,0.0008333472224535399,1.0000000000000013,0.0
40207,33.50639177319622,1.0,560,681,1241,0.0,0.0008333472224535399,1.0000000000000013,0.0
40208,33.507225120418674,1.0,560,681,1241,0.0,0.0008333472224535399,1.0000000000000013,0.0
40209,33.50805846764113,1.0,560,681,1241,0.0,0.0008333472224535399,1.0000000000000013,0.0
40210,33.50889181486358,1.0,560,681,1241,0.0,0.0008333472224535399,1.0000000000000013,0.0
40211,33.509725162086035,1.0,560,681,1241,0.0,0.0008333472224535399,1.0000000000000013,0.0
40212,33.51055850930849,1.0,560,681,1241,0.0,0.0008333472224535399,1.0000000000000013,0.0
40213,33.51139185653094,1.0,560,681,1241,0.0,0.0008333472224535399,1.0000000000000013,0.0
40214,33.512225203753395,1.0,560,681,1241,0.0,0.0008333472224535399,1.0000000000000013,0.0
40215,33.51305855097585,1.0,560,681,1241,0.0,0.0008333472224535399,1.0000000000000013,0.0
40216,33.5138918981983,1.0,560,681,1241,0.0,0.0008333472224535399,1.0000000000000013,0.0
40217,33.514725245420756,1.0,560,681,1241,0.0,0.0008333472224535399,1.0000000000000013,0.0
40218,33.51555859264321,1.0,560,681,1241,0.0,0.0008333472224535399,1.0000000000000013,0.0
40219,33.51639193986566,1.0,560,681,1241,0.0,0.0008333472224535399,1.0000000000000013,0.0
40220,33.51722528708812,1.0,560,681,1241,0.0,0.0008333472224535399,1.0000000000000013,0.0
40221,33.51805863431057,1.0,560,681,1241,0.0,0.0008333472224535399,1.0000000000000013,0.0
40222,33.518891981533024,1.0,560,681,1241,0.0,0.0008333472224535399,1.0000000000000013,0.0
40223,33.51972532875548,0.9991941982272361,560,681,1241,-0.0008058017727639033,0.0008333472224535399,0.999919419822725,-8.058017727639034e-05
40224,33.52055867597794,0.9991941982272361,560,681,1241,0.0,0.0008333472224606453,0.9998388396454487,-8.058017727639034e-05
40225,33.52139202320039,0.9991941982272361,560,681,1241,0.0,0.0008333472224535399,0.9997582594681724,-8.058017727639034e-05
40226,33.522225370422845,0.9991941982272361,560,681,1241,0.0,0.0008333472224535399,0.999677679290896,-8.058017727639034e-05
40227,33.5230587176453,1.0,560,681,1241,0.0008058017727639033,0.0008333472224535399,0.999677679290896,0.0
40228,33.52389206486775,1.0,560,681,1241,0.0,0.0008333472224535399,0.999677679290896,0.0
40229,33.524725412090206,1.0,560,681,1241,0.0,0.0008333472224535399,0.999677679290896,0.0
40230,33.52555875931266,1.0,560,681,1241,0.0,0.0008333472224535399,0.999677679290896,0.0
40231,33.52639210653511,1.0,560,681,1241,0.0,0.0008333472224535399,0.999677679290896,0.0
40232,33.527225453757566,1.0,560,681,1241,0.0,0.0008333472224535399,0.999677679290896,0.0
40233,33.52805880098002,1.0,560,681,1241,0.0,0.0008333472224535399,0.9997582594681724,8.058017727639034e-05
40234,33.52889214820247,1.0,560,681,1241,0.0,0.0008333472224535399,0.9998388396454487,8.058017727639034e-05
40235,33.52972549542493,0.9991941982272361,560,681,1241,-0.0008058017727639033,0.0008333472224535399,0.9998388396454487,0.0
40236,33.53055884264738,0.9991941982272361,560,681,1241,0.0,0.0008333472224535399,0.9998388396454487,0.0
40237,33.531392189869834,1.0,560,681,1241,0.0008058017727639033,0.0008333472224535399,0.9998388396454487,0.0
40238,33.53222553709229,1.0,560,681,1241,0.0,0.0008333472224535399,0.9998388396454487,0.0
40239,33.53305888431474,1.0,560,681,1241,0.0,0.0008333472224535399,0.9998388396454487,0.0
40240,33.533892231537195,1.0,560,681,1241,0.0,0.0008333472224535399,0.9998388396454487,0.0
40241,33.53472557875965,1.0,560,681,1241,0.0,0.0008333472224535399,0.9998388396454487,0.0
40242,33.5355589259821,1.0,560,681,1241,0.0,0.0008333472224535399,0.9998388396454487,0.0
40243,33.536392273204555,1.0,560,681,1241,0.0,0.0008333472224535399,0.9998388396454487,0.0
40244,33.53722562042701,1.0,560,681,1241,0.0,0.0008333472224535399,0.9998388396454487,0.0
40245,33.53805896764946,1.0,560,681,1241,0.0,0.0008333472224535399,0.999919419822725,8.058017727639034e-05
40246,33.538892314871916,1.0,560,681,1241,0.0,0.0008333472224535399,1.0000000000000013,8.058017727639034e-05
40247,33.53972566209437,1.0,560,681,1241,0.0,0.0008333472224535399,1.0000000000000013,0.0
40248,33.54055900931682,1.0,560,681,1241,0.0,0.0008333472224535399,1.0000000000000013,0.0
40249,33.541392356539276,1.0,560,681,1241,0.0,0.0008333472224535399,1.0000000000000013,0.0
40250,33.54222570376173,1.0,560,681,1241,0.0,0.0008333472224535399,1.0000000000000013,0.0
40251,33.54305905098418,1.0,560,681,1241,0.0,0.0008333472224535399,1.0000000000000013,0.0
40252,33.54389239820664,1.0,560,681,1241,0.0,0.0008333472224535399,1.0000000000000013,0.0
40253,33.54472574542909,1.0,560,681,1241,0.0,0.0008333472224535399,1.0000000000000013,0.0
40254,33.545559092651544,1.0,560,681,1241,0.0,0.0008333472224535399,1.0000000000000013,0.0
40255,33.546392439874,1.0,560,681,1241,0.0,0.0008333472224535399,1.0000000000000013,0.0
40256,33.54722578709645,1.0,560,681,1241,0.0,0.0008333472224535399,1.0000000000000013,0.0
40257,33.548059134318905,1.0,560,681,1241,0.0,0.0008333472224535399,1.0000000000000013,0.0
40258,33.54889248154136,1.0,560,681,1241,0.0,0.0008333472224535399,1.0000000000000013,0.0
40259,33.54972582876381,1.0,560,681,1241,0.0,0.0008333472224535399,1.0000000000000013,0.0
40260,33.550559175986265,1.0,560,681,1241,0.0,0.0008333472224535399,1.0000000000000013,0.0
40261,33.55139252320872,1.0,560,681,1241,0.0,0.0008333472224535399,1.0000000000000013,0.0
40262,33.55222587043117,1.0,560,681,1241,0.0,0.0008333472224535399,1.0000000000000013,0.0
40263,33.553059217653626,1.0,560,681,1241,0.0,0.0008333472224535399,1.0000000000000013,0.0
40264,33.55389256487608,1.0,560,681,1241,0.0,0.0008333472224535399,1.0000000000000013,0.0
40265,33.55472591209853,1.0,560,681,1241,0.0,0.0008333472224535399,1.0000000000000013,0.0
40266,33.55555925932099,1.0,560,681,1241,0.0,0.0008333472224535399,1.0000000000000013,0.0
40267,33.55639260654345,1.0,560,681,1241,0.0,0.0008333472224606453,1.0000000000000013,0.0
40268,33.5572259537659,1.0,560,681,1241,0.0,0.0008333472224535399,1.0000000000000013,0.0
40269,33.558059300988354,1.0,560,681,1241,0.0,0.0008333472224535399,1.0000000000000013,0.0
40270,33.55889264821081,1.0,560,681,1241,0.0,0.0008333472224535399,1.0000000000000013,0.0
40271,33.55972599543326,1.0,560,681,1241,0.0,0.0008333472224535399,1.0000000000000013,0.0
40272,33.560559342655715,1.0,560,681,1241,0.0,0.0008333472224535399,1.0000000000000013,0.0
40273,33.56139268987817,1.0,560,681,1241,0.0,0.0008333472224535399,1.0000000000000013,0.0
40274,33.56222603710062,1.0,560,681,1241,0.0,0.0008333472224535399,1.0000000000000013,0.0
40275,33.563059384323076,1.0,560,681,1241,0.0,0.0008333472224535399,1.0000000000000013,0.0
40276,33.56389273154553,1.0,560,681,1241,0.0,0.0008333472224535399,1.0000000000000013,0.0
40277,33.56472607876798,1.0,560,681,1241,0.0,0.0008333472224535399,1.0000000000000013,0.0
40278,33.565559425990436,1.0,560,681,1241,0.0,0.0008333472224535399,1.0000000000000013,0.0
40279,33.56639277321289,0.9991941982272361,560,681,1241,-0.0008058017727639033,0.0008333472224535399,0.999919419822725,-8.058017727639034e-05
40280,33.56722612043534,1.0,560,681,1241,0.0008058017727639033,0.0008333472224535399,0.999919419822725,0.0
40281,33.5680594676578,1.0,560,681,1241,0.0,0.0008333472224535399,0.999919419822725,0.0
40282,33.56889281488025,1.0,560,681,1241,0.0,0.0008333472224535399,0.999919419822725,0.0
40283,33.569726162102704,1.0,560,681,1241,0.0,0.0008333472224535399,0.999919419822725,0.0
40284,33.57055950932516,1.0,560,681,1241,0.0,0.0008333472224535399,0.999919419822725,0.0
40285,33.57139285654761,1.0,560,681,1241,0.0,0.0008333472224535399,0.999919419822725,0.0
40286,33.572226203770065,1.0,560,681,1241,0.0,0.0008333472224535399,0.999919419822725,0.0
40287,33.57305955099252,1.0,560,681,1241,0.0,0.0008333472224535399,0.999919419822725,0.0
40288,33.57389289821497,1.0,560,681,1241,0.0,0.0008333472224535399,0.999919419822725,0.0
40289,33.574726245437425,1.0,560,681,1241,0.0,0.0008333472224535399,1.0000000000000013,8.058017727639034e-05
40290,33.57555959265988,1.0,560,681,1241,0.0,0.0008333472224535399,1.0000000000000013,0.0
40291,33.57639293988233,1.0,560,681,1241,0.0,0.0008333472224535399,1.0000000000000013,0.0
40292,33.577226287104786,1.0,560,681,1241,0.0,0.0008333472224535399,1.0000000000000013,0.0
40293,33.57805963432724,1.0,560,681,1241,0.0,0.0008333472224535399,1.0000000000000013,0.0
40294,33.57889298154969,1.0,560,681,1241,0.0,0.0008333472224535399,1.0000000000000013,0.0
40295,33.579726328772146,1.0,560,681,1241,0.0,0.0008333472224535399,1.0000000000000013,0.0
40296,33.5805596759946,1.0,560,681,1241,0.0,0.0008333472224535399,1.0000000000000013,0.0
40297,33.58139302321705,1.0,560,681,1241,0.0,0.0008333472224535399,1.0000000000000013,0.0
40298,33.58222637043951,1.0,560,681,1241,0.0,0.0008333472224535399,1.0000000000000013,0.0
40299,33.58305971766196,1.0,560,681,1241,0.0,0.0008333472224535399,1.0000000000000013,0.0
40300,33.583893064884414,1.0,560,681,1241,0.0,0.0008333472224535399,1.0000000000000013,0.0
40301,33.58472641210687,1.0,560,681,1241,0.0,0.0008333472224535399,1.0000000000000013,0.0
40302,33.58555975932932,1.0,560,681,1241,0.0,0.0008333472224535399,1.0000000000000013,0.0
40303,33.586393106551775,1.0,560,681,1241,0.0,0.0008333472224535399,1.0000000000000013,0.0
40304,33.58722645377423,1.0,560,681,1241,0.0,0.0008333472224535399,1.0000000000000013,0.0
40305,33.58805980099668,1.0,560,681,1241,0.0,0.0008333472224535399,1.0000000000000013,0.0
40306,33.588893148219135,1.0,560,681,1241,0.0,0.0008333472224535399,1.0000000000000013,0.0
40307,33.58972649544159,1.0,560,681,1241,0.0,0.0008333472224535399,1.0000000000000013,0.0
40308,33.59055984266404,1.0,560,681,1241,0.0,0.0008333472224535399,1.0000000000000013,0.0
40309,33.5913931898865,1.0,560,681,1241,0.0,0.0008333472224606453,1.0000000000000013,0.0
40310,33.59222653710896,1.0,560,681,1241,0.0,0.0008333472224535399,1.0000000000000013,0.0
40311,33.59305988433141,1.0,560,681,1241,0.0,0.0008333472224535399,1.0000000000000013,0.0
40312,33.593893231553864,1.0,560,681,1241,0.0,0.0008333472224535399,1.0000000000000013,0.0
40313,33.59472657877632,1.0,560,681,1241,0.0,0.0008333472224535399,1.0000000000000013,0.0
40314,33.59555992599877,1.0,560,681,1241,0.0,0.0008333472224535399,1.0000000000000013,0.0
40315,33.596393273221224,1.0,560,681,1241,0.0,0.0008333472224535399,1.0000000000000013,0.0
40316,33.59722662044368,1.0,560,681,1241,0.0,0.0008333472224535399,1.0000000000000013,0.0
40317,33.59805996766613,1.0,560,681,1241,0.0,0.0008333472224535399,1.0000000000000013,0.0
40318,33.598893314888585,1.0,560,681,1241,0.0,0.0008333472224535399,1.0000000000000013,0.0
40319,33.59972666211104,1.0,560,681,1241,0.0,0.0008333472224535399,1.0000000000000013,0.0
40320,33.60056000933349,1.0,560,681,1241,0.0,0.0008333472224535399,1.0000000000000013,0.0
40321,33.601393356555946,1.0,560,681,1241,0.0,0.0008333472224535399,1.0000000000000013,0.0
40322,33.6022267037784,1.0,560,681,1241,0.0,0.0008333472224535399,1.0000000000000013,0.0
40323,33.60306005100085,0.9991941982272361,560,681,1241,-0.0008058017727639033,0.0008333472224535399,0.999919419822725,-8.058017727639034e-05
40324,33.603893398223306,1.0,560,681,1241,0.0008058017727639033,0.0008333472224535399,0.999919419822725,0.0
40325,33.60472674544576,1.0,560,681,1241,0.0,0.0008333472224535399,0.999919419822725,0.0
40326,33.60556009266821,1.0,560,681,1241,0.0,0.0008333472224535399,0.999919419822725,0.0
40327,33.60639343989067,1.0,560,681,1241,0.0,0.0008333472224535399,0.999919419822725,0.0
40328,33.60722678711312,1.0,560,681,1241,0.0,0.0008333472224535399,0.999919419822725,0.0
40329,33.608060134335574,1.0,560,681,1241,0.0,0.0008333472224535399,0.999919419822725,0.0
40330,33.60889348155803,1.0,560,681,1241,0.0,0.0008333472224535399,0.999919419822725,0.0
40331,33.60972682878048,1.0,560,681,1241,0.0,0.0008333472224535399,0.999919419822725,0.0
40332,33.610560176002934,1.0,560,681,1241,0.0,0.0008333472224535399,0.999919419822725,0.0
40333,33.61139352322539,1.0,560,681,1241,0.0,0.0008333472224535399,1.0000000000000013,8.058017727639034e-05
40334,33.61222687044784,1.0,560,681,1241,0.0,0.0008333472224535399,1.0000000000000013,0.0
40335,33.613060217670295,1.0,560,681,1241,0.0,0.0008333472224535399,1.0000000000000013,0.0
40336,33.61389356489275,1.0,560,681,1241,0.0,0.0008333472224535399,1.0000000000000013,0.0
40337,33.6147269121152,1.0,560,681,1241,0.0,0.0008333472224535399,1.0000000000000013,0.0
40338,33.615560259337656,0.9991941982272361,560,681,1241,-0.0008058017727639033,0.0008333472224535399,0.999919419822725,-8.058017727639034e-05
40339,33.61639360656011,0.9991941982272361,560,681,1241,0.0,0.0008333472224535399,0.9998388396454487,-8.058017727639034e-05
40340,33.61722695378256,0.9991941982272361,560,681,1241,0.0,0.0008333472224535399,0.9997582594681724,-8.058017727639034e-05
40341,33.618060301005016,0.9991941982272361,560,681,1241,0.0,0.0008333472224535399,0.999677679290896,-8.058017727639034e-05
40342,33.61889364822747,0.9991941982272361,560,681,1241,0.0,0.0008333472224535399,0.9995970991136197,-8.058017727639034e-05
40343,33.61972699544992,0.9991941982272361,560,681,1241,0.0,0.0008333472224535399,0.9995165189363433,-8.058017727639034e-05
40344,33.62056034267238,0.9991941982272361,560,681,1241,0.0,0.0008333472224535399,0.999435938759067,-8.058017727639034e-05
40345,33.62139368989483,0.9991941982272361,560,681,1241,0.0,0.0008333472224535399,0.9993553585817907,-8.058017727639034e-05
40346,33.622227037117284,0.9983883964544722,560,681,1241,-0.0008058017727639033,0.0008333472224535399,0.999194198227238,-0.00016116035455278067
40347,33.62306038433974,0.9983883964544722,560,681,1241,0.0,0.0008333472224535399,0.9990330378726853,-0.00016116035455278067
40348,33.62389373156219,0.9991941982272361,560,681,1241,0.0008058017727639033,0.0008333472224535399,0.9990330378726853,0.0
40349,33.624727078784645,1.0,560,681,1241,0.0008058017727639033,0.0008333472224535399,0.9991136180499616,8.058017727639034e-05
40350,33.6255604260071,1.0,560,681,1241,0.0,0.0008333472224535399,0.999194198227238,8.058017727639034e-05
40351,33.62639377322955,1.0,560,681,1241,0.0,0.0008333472224535399,0.9992747784045143,8.058017727639034e-05
40352,33.62722712045201,1.0,560,681,1241,0.0,0.0008333472224606453,0.9993553585817907,8.058017727639034e-05
40353,33.628060467674466,0.9991941982272361,560,681,1241,-0.0008058017727639033,0.0008333472224535399,0.9993553585817907,0.0
40354,33.62889381489692,1.0,560,681,1241,0.0008058017727639033,0.0008333472224535399,0.999435938759067,8.058017727639034e-05
40355,33.62972716211937,1.0,560,681,1241,0.0,0.0008333472224535399,0.9995165189363433,8.058017727639034e-05
40356,33.63056050934183,1.0,560,681,1241,0.0,0.0008333472224535399,0.999677679290896,0.00016116035455278067
40357,33.63139385656428,1.0,560,681,1241,0.0,0.0008333472224535399,0.9998388396454487,0.00016116035455278067
40358,33.632227203786734,1.0,560,681,1241,0.0,0.0008333472224535399,0.999919419822725,8.058017727639034e-05
40359,33.63306055100919,1.0,560,681,1241,0.0,0.0008333472224535399,0.999919419822725,0.0
40360,33.63389389823164,1.0,560,681,1241,0.0,0.0008333472224535399,0.999919419822725,0.0
40361,33.634727245454094,1.0,560,681,1241,0.0,0.0008333472224535399,0.999919419822725,0.0
40362,33.63556059267655,1.0,560,681,1241,0.0,0.0008333472224535399,0.999919419822725,0.0
40363,33.636393939899,1.0,560,681,1241,0.0,0.0008333472224535399,1.0000000000000013,8.058017727639034e-05
40364,33.637227287121455,1.0,560,681,1241,0.0,0.0008333472224535399,1.0000000000000013,0.0
40365,33.63806063434391,1.0,560,681,1241,0.0,0.0008333472224535399,1.0000000000000013,0.0
40366,33.63889398156636,1.0,560,681,1241,0.0,0.0008333472224535399,1.0000000000000013,0.0
40367,33.639727328788815,1.0,560,681,1241,0.0,0.0008333472224535399,1.0000000000000013,0.0
40368,33.64056067601127,1.0,560,681,1241,0.0,0.0008333472224535399,1.0000000000000013,0.0
40369,33.64139402323372,0.9991941982272361,560,681,1241,-0.0008058017727639033,0.0008333472224535399,0.999919419822725,-8.058017727639034e-05
40370,33.642227370456176,1.0,560,681,1241,0.0008058017727639033,0.0008333472224535399,0.999919419822725,0.0
40371,33.64306071767863,1.0,560,681,1241,0.0,0.0008333472224535399,0.999919419822725,0.0
40372,33.64389406490108,1.0,560,681,1241,0.0,0.0008333472224535399,0.999919419822725,0.0
40373,33.64472741212354,1.0,560,681,1241,0.0,0.0008333472224535399,0.999919419822725,0.0
40374,33.64556075934599,1.0,560,681,1241,0.0,0.0008333472224535399,0.999919419822725,0.0
40375,33.646394106568444,1.0,560,681,1241,0.0,0.0008333472224535399,0.999919419822725,0.0
40376,33.6472274537909,1.0,560,681,1241,0.0,0.0008333472224535399,0.999919419822725,0.0
40377,33.64806080101335,1.0,560,681,1241,0.0,0.0008333472224535399,0.999919419822725,0.0
40378,33.648894148235804,1.0,560,681,1241,0.0,0.0008333472224535399,0.999919419822725,0.0
40379,33.64972749545826,1.0,560,681,1241,0.0,0.0008333472224535399,1.0000000000000013,8.058017727639034e-05
40380,33.65056084268071,1.0,560,681,1241,0.0,0.0008333472224535399,1.0000000000000013,0.0
40381,33.651394189903165,1.0,560,681,1241,0.0,0.0008333472224535399,1.0000000000000013,0.0
40382,33.65222753712562,1.0,560,681,1241,0.0,0.0008333472224535399,1.0000000000000013,0.0
40383,33.65306088434807,1.0,560,681,1241,0.0,0.0008333472224535399,1.0000000000000013,0.0
40384,33.653894231570526,1.0,560,681,1241,0.0,0.0008333472224535399,1.0000000000000013,0.0
40385,33.65472757879298,1.0,560,681,1241,0.0,0.0008333472224535399,1.0000000000000013,0.0
40386,33.65556092601543,1.0,560,681,1241,0.0,0.0008333472224535399,1.0000000000000013,0.0
40387,33.656394273237886,1.0,560,681,1241,0.0,0.0008333472224535399,1.0000000000000013,0.0
40388,33.65722762046034,1.0,560,681,1241,0.0,0.0008333472224535399,1.0000000000000013,0.0
40389,33.65806096768279,1.0,560,681,1241,0.0,0.0008333472224535399,1.0000000000000013,0.0
40390,33.65889431490525,1.0,560,681,1241,0.0,0.0008333472224535399,1.0000000000000013,0.0
40391,33.6597276621277,1.0,560,681,1241,0.0,0.0008333472224535399,1.0000000000000013,0.0
40392,33.660561009350154,1.0,560,681,1241,0.0,0.0008333472224535399,1.0000000000000013,0.0
40393,33.66139435657261,1.0,560,681,1241,0.0,0.0008333472224535399,1.0000000000000013,0.0
40394,33.66222770379507,1.0,560,681,1241,0.0,0.0008333472224606453,1.0000000000000013,0.0
40395,33.66306105101752,1.0,560,681,1241,0.0,0.0008333472224535399,1.0000000000000013,0.0
40396,33.663894398239975,0.9991941982272361,560,681,1241,-0.0008058017727639033,0.0008333472224535399,0.999919419822725,-8.058017727639034e-05
40397,33.66472774546243,0.9991941982272361,560,681,1241,0.0,0.0008333472224535399,0.9998388396454487,-8.058017727639034e-05
40398,33.66556109268488,1.0,560,681,1241,0.0008058017727639033,0.0008333472224535399,0.9998388396454487,0.0
40399,33.666394439907336,1.0,560,681,1241,0.0,0.0008333472224535399,0.9998388396454487,0.0
40400,33.66722778712979,1.0,560,681,1241,0.0,0.0008333472224535399,0.9998388396454487,0.0
40401,33.66806113435224,1.0,560,681,1241,0.0,0.0008333472224535399,0.9998388396454487,0.0
40402,33.668894481574696,1.0,560,681,1241,0.0,0.0008333472224535399,0.9998388396454487,0.0
40403,33.66972782879715,1.0,560,681,1241,0.0,0.0008333472224535399,0.9998388396454487,0.0
40404,33.6705611760196,1.0,560,681,1241,0.0,0.0008333472224535399,0.9998388396454487,0.0
40405,33.67139452324206,1.0,560,681,1241,0.0,0.0008333472224535399,0.9998388396454487,0.0
40406,33.67222787046451,1.0,560,681,1241,0.0,0.0008333472224535399,0.999919419822725,8.058017727639034e-05
40407,33.673061217686964,1.0,560,681,1241,0.0,0.0008333472224535399,1.0000000000000013,8.058017727639034e-05
40408,33.67389456490942,1.0,560,681,1241,0.0,0.0008333472224535399,1.0000000000000013,0.0
40409,33.67472791213187,1.0,560,681,1241,0.0,0.0008333472224535399,1.0000000000000013,0.0
40410,33.675561259354325,1.0,560,681,1241,0.0,0.0008333472224535399,1.0000000000000013,0.0
40411,33.67639460657678,1.0,560,681,1241,0.0,0.0008333472224535399,1.0000000000000013,0.0
40412,33.67722795379923,1.0,560,681,1241,0.0,0.0008333472224535399,1.0000000000000013,0.0
40413,33.678061301021685,1.0,560,681,1241,0.0,0.0008333472224535399,1.0000000000000013,0.0
40414,33.67889464824414,1.0,560,681,1241,0.0,0.0008333472224535399,1.0000000000000013,0.0
40415,33.67972799546659,1.0,560,681,1241,0.0,0.0008333472224535399,1.0000000000000013,0.0
40416,33.680561342689046,0.9991941982272361,560,681,1241,-0.0008058017727639033,0.0008333472224535399,0.999919419822725,-8.058017727639034e-05
40417,33.6813946899115,0.9991941982272361,560,681,1241,0.0,0.0008333472224535399,0.9998388396454487,-8.058017727639034e-05
40418,33.68222803713395,0.9991941982272361,560,681,1241,0.0,0.0008333472224535399,0.9997582594681724,-8.058017727639034e-05
40419,33.68306138435641,1.0,560,681,1241,0.0008058017727639033,0.0008333472224535399,0.9997582594681724,0.0
40420,33.68389473157886,1.0,560,681,1241,0.0,0.0008333472224535399,0.9997582594681724,0.0
40421,33.684728078801314,1.0,560,681,1241,0.0,0.0008333472224535399,0.9997582594681724,0.0
40422,33.68556142602377,0.9991941982272361,560,681,1241,-0.0008058017727639033,0.0008333472224535399,0.999677679290896,-8.058017727639034e-05
40423,33.68639477324622,1.0,560,681,1241,0.0008058017727639033,0.0008333472224535399,0.999677679290896,0.0
40424,33.687228120468674,1.0,560,681,1241,0.0,0.0008333472224535399,0.999677679290896,0.0
40425,33.68806146769113,1.0,560,681,1241,0.0,0.0008333472224535399,0.999677679290896,0.0
40426,33.68889481491358,0.9991941982272361,560,681,1241,-0.0008058017727639033,0.0008333472224535399,0.999677679290896,0.0
40427,33.689728162136035,1.0,560,681,1241,0.0008058017727639033,0.0008333472224535399,0.9997582594681724,8.058017727639034e-05
40428,33.69056150935849,1.0,560,681,1241,0.0,0.0008333472224535399,0.9998388396454487,8.058017727639034e-05
40429,33.69139485658094,1.0,560,681,1241,0.0,0.0008333472224535399,0.9998388396454487,0.0
40430,33.692228203803396,1.0,560,681,1241,0.0,0.0008333472224535399,0.9998388396454487,0.0
40431,33.69306155102585,0.9991941982272361,560,681,1241,-0.0008058017727639033,0.0008333472224535399,0.9997582594681724,-8.058017727639034e-05
40432,33.6938948982483,0.9991941982272361,560,681,1241,0.0,0.0008333472224535399,0.9997582594681724,0.0
40433,33.694728245470756,1.0,560,681,1241,0.0008058017727639033,0.0008333472224535399,0.9997582594681724,0.0
40434,33.69556159269321,1.0,560,681,1241,0.0,0.0008333472224535399,0.9997582594681724,0.0
40435,33.69639493991566,1.0,560,681,1241,0.0,0.0008333472224535399,0.9997582594681724,0.0
40436,33.697228287138124,1.0,560,681,1241,0.0,0.0008333472224606453,0.9998388396454487,8.058017727639034e-05
40437,33.69806163436058,1.0,560,681,1241,0.0,0.0008333472224535399,0.9998388396454487,0.0
40438,33.69889498158303,1.0,560,681,1241,0.0,0.0008333472224535399,0.9998388396454487,0.0
40439,33.699728328805485,1.0,560,681,1241,0.0,0.0008333472224535399,0.9998388396454487,0.0
40440,33.70056167602794,1.0,560,681,1241,0.0,0.0008333472224535399,0.9998388396454487,0.0
40441,33.70139502325039,1.0,560,681,1241,0.0,0.0008333472224535399,0.999919419822725,8.058017727639034e-05
40442,33.702228370472845,1.0,560,681,1241,0.0,0.0008333472224535399,1.0000000000000013,8.058017727639034e-05
40443,33.7030617176953,1.0,560,681,1241,0.0,0.0008333472224535399,1.0000000000000013,0.0
40444,33.70389506491775,1.0,560,681,1241,0.0,0.0008333472224535399,1.0000000000000013,0.0
40445,33.704728412140206,1.0,560,681,1241,0.0,0.0008333472224535399,1.0000000000000013,0.0
40446,33.70556175936266,1.0,560,681,1241,0.0,0.0008333472224535399,1.0000000000000013,0.0
40447,33.70639510658511,1.0,560,681,1241,0.0,0.0008333472224535399,1.0000000000000013,0.0
40448,33.707228453807566,1.0,560,681,1241,0.0,0.0008333472224535399,1.0000000000000013,0.0
40449,33.70806180103002,0.9991941982272361,560,681,1241,-0.0008058017727639033,0.0008333472224535399,0.999919419822725,-8.058017727639034e-05
40450,33.70889514825247,1.0,560,681,1241,0.0008058017727639033,0.0008333472224535399,0.999919419822725,0.0
40451,33.70972849547493,1.0,560,681,1241,0.0,0.0008333472224535399,0.999919419822725,0.0
40452,33.71056184269738,1.0,560,681,1241,0.0,0.0008333472224535399,0.999919419822725,0.0
40453,33.711395189919834,1.0,560,681,1241,0.0,0.0008333472224535399,0.999919419822725,0.0
40454,33.71222853714229,0.9991941982272361,560,681,1241,-0.0008058017727639033,0.0008333472224535399,0.9998388396454487,-8.058017727639034e-05
40455,33.71306188436474,1.0,560,681,1241,0.0008058017727639033,0.0008333472224535399,0.9998388396454487,0.0
40456,33.713895231587195,1.0,560,681,1241,0.0,0.0008333472224535399,0.9998388396454487,0.0
40457,33.71472857880965,1.0,560,681,1241,0.0,0.0008333472224535399,0.9998388396454487,0.0
40458,33.7155619260321,1.0,560,681,1241,0.0,0.0008333472224535399,0.9998388396454487,0.0
40459,33.716395273254555,1.0,560,681,1241,0.0,0.0008333472224535399,0.999919419822725,8.058017727639034e-05
40460,33.71722862047701,0.9991941982272361,560,681,1241,-0.0008058017727639033,0.0008333472224535399,0.9998388396454487,-8.058017727639034e-05
40461,33.71806196769946,0.9991941982272361,560,681,1241,0.0,0.0008333472224535399,0.9997582594681724,-8.058017727639034e-05
40462,33.718895314921916,0.9991941982272361,560,681,1241,0.0,0.0008333472224535399,0.999677679290896,-8.058017727639034e-05
40463,33.71972866214437,1.0,560,681,1241,0.0008058017727639033,0.0008333472224535399,0.999677679290896,0.0
40464,33.72056200936682,0.9991941982272361,560,681,1241,-0.0008058017727639033,0.0008333472224535399,0.999677679290896,0.0
40465,33.72139535658928,0.9991941982272361,560,681,1241,0.0,0.0008333472224535399,0.9995970991136197,-8.058017727639034e-05
40466,33.72222870381173,0.9991941982272361,560,681,1241,0.0,0.0008333472224535399,0.9995165189363433,-8.058017727639034e-05
40467,33.723062051034184,0.9991941982272361,560,681,1241,0.0,0.0008333472224535399,0.999435938759067,-8.058017727639034e-05
40468,33.72389539825664,1.0,560,681,1241,0.0008058017727639033,0.0008333472224535399,0.999435938759067,0.0
40469,33.72472874547909,1.0,560,681,1241,0.0,0.0008333472224535399,0.999435938759067,0.0
40470,33.725562092701544,1.0,560,681,1241,0.0,0.0008333472224535399,0.9995165189363433,8.058017727639034e-05
40471,33.726395439924,1.0,560,681,1241,0.0,0.0008333472224535399,0.9995970991136197,8.058017727639034e-05
40472,33.72722878714645,1.0,560,681,1241,0.0,0.0008333472224535399,0.999677679290896,8.058017727639034e-05
40473,33.728062134368905,0.9991941982272361,560,681,1241,-0.0008058017727639033,0.0008333472224535399,0.9995970991136197,-8.058017727639034e-05
40474,33.72889548159136,0.9991941982272361,560,681,1241,0.0,0.0008333472224535399,0.9995970991136197,0.0
40475,33.72972882881381,0.9991941982272361,560,681,1241,0.0,0.0008333472224535399,0.9995970991136197,0.0
40476,33.730562176036265,0.9991941982272361,560,681,1241,0.0,0.0008333472224535399,0.9995970991136197,0.0
40477,33.73139552325872,0.9991941982272361,560,681,1241,0.0,0.0008333472224535399,0.9995970991136197,0.0
40478,33.73222887048117,0.9991941982272361,560,681,1241,0.0,0.0008333472224535399,0.9995165189363433,-8.058017727639034e-05
40479,33.73306221770363,0.9991941982272361,560,681,1241,0.0,0.0008333472224606453,0.999435938759067,-8.058017727639034e-05
40480,33.73389556492609,0.9991941982272361,560,681,1241,0.0,0.0008333472224535399,0.9993553585817907,-8.058017727639034e-05
40481,33.73472891214854,1.0,560,681,1241,0.0008058017727639033,0.0008333472224535399,0.9993553585817907,0.0
40482,33.735562259370994,1.0,560,681,1241,0.0,0.0008333472224535399,0.9993553585817907,0.0
40483,33.73639560659345,1.0,560,681,1241,0.0,0.0008333472224535399,0.999435938759067,8.058017727639034e-05
40484,33.7372289538159,1.0,560,681,1241,0.0,0.0008333472224535399,0.9995165189363433,8.058017727639034e-05
40485,33.738062301038354,1.0,560,681,1241,0.0,0.0008333472224535399,0.9995970991136197,8.058017727639034e-05
40486,33.73889564826081,1.0,560,681,1241,0.0,0.0008333472224535399,0.999677679290896,8.058017727639034e-05
40487,33.73972899548326,1.0,560,681,1241,0.0,0.0008333472224535399,0.9997582594681724,8.058017727639034e-05
40488,33.740562342705715,1.0,560,681,1241,0.0,0.0008333472224535399,0.9998388396454487,8.058017727639034e-05
40489,33.74139568992817,1.0,560,681,1241,0.0,0.0008333472224535399,0.999919419822725,8.058017727639034e-05
40490,33.74222903715062,1.0,560,681,1241,0.0,0.0008333472224535399,1.0000000000000013,8.058017727639034e-05
40491,33.743062384373076,1.0,560,681,1241,0.0,0.0008333472224535399,1.0000000000000013,0.0
40492,33.74389573159553,1.0,560,681,1241,0.0,0.0008333472224535399,1.0000000000000013,0.0
40493,33.74472907881798,1.0,560,681,1241,0.0,0.0008333472224535399,1.0000000000000013,0.0
40494,33.745562426040436,1.0,560,681,1241,0.0,0.0008333472224535399,1.0000000000000013,0.0
40495,33.74639577326289,1.0,560,681,1241,0.0,0.0008333472224535399,1.0000000000000013,0.0
40496,33.74722912048534,0.9991941982272361,560,681,1241,-0.0008058017727639033,0.0008333472224535399,0.999919419822725,-8.058017727639034e-05
40497,33.7480624677078,0.9991941982272361,560,681,1241,0.0,0.0008333472224535399,0.9998388396454487,-8.058017727639034e-05
40498,33.74889581493025,0.9991941982272361,560,681,1241,0.0,0.0008333472224535399,0.9997582594681724,-8.058017727639034e-05
40499,33.749729162152704,0.9983883964544722,560,681,1241,-0.0008058017727639033,0.0008333472224535399,0.9995970991136197,-0.00016116035455278067
40500,33.75056250937516,0.9983883964544722,560,681,1241,0.0,0.0008333472224535399,0.999435938759067,-0.00016116035455278067
40501,33.75139585659761,0.9991941982272361,560,681,1241,0.0008058017727639033,0.0008333472224535399,0.9993553585817907,-8.058017727639034e-05
40502,33.752229203820065,1.0,560,681,1241,0.0008058017727639033,0.0008333472224535399,0.9993553585817907,0.0
40503,33.75306255104252,1.0,560,681,1241,0.0,0.0008333472224535399,0.9993553585817907,0.0
40504,33.75389589826497,1.0,560,681,1241,0.0,0.0008333472224535399,0.9993553585817907,0.0
40505,33.754729245487425,0.9991941982272361,560,681,1241,-0.0008058017727639033,0.0008333472224535399,0.9992747784045143,-8.058017727639034e-05
40506,33.75556259270988,1.0,560,681,1241,0.0008058017727639033,0.0008333472224535399,0.9993553585817907,8.058017727639034e-05
40507,33.75639593993233,1.0,560,681,1241,0.0,0.0008333472224535399,0.999435938759067,8.058017727639034e-05
40508,33.757229287154786,1.0,560,681,1241,0.0,0.0008333472224535399,0.9995165189363433,8.058017727639034e-05
40509,33.75806263437724,1.0,560,681,1241,0.0,0.0008333472224535399,0.999677679290896,0.00016116035455278067
40510,33.75889598159969,1.0,560,681,1241,0.0,0.0008333472224535399,0.9998388396454487,0.00016116035455278067
40511,33.75972932882215,1.0,560,681,1241,0.0,0.0008333472224535399,0.999919419822725,8.058017727639034e-05
40512,33.7605626760446,1.0,560,681,1241,0.0,0.0008333472224535399,0.999919419822725,0.0
40513,33.761396023267054,1.0,560,681,1241,0.0,0.0008333472224535399,0.999919419822725,0.0
40514,33.76222937048951,0.9991941982272361,560,681,1241,-0.0008058017727639033,0.0008333472224535399,0.9998388396454487,-8.058017727639034e-05
40515,33.76306271771196,0.9991941982272361,560,681,1241,0.0,0.0008333472224535399,0.9998388396454487,0.0
40516,33.763896064934414,0.9991941982272361,560,681,1241,0.0,0.0008333472224535399,0.9997582594681724,-8.058017727639034e-05
40517,33.76472941215687,1.0,560,681,1241,0.0008058017727639033,0.0008333472224535399,0.9997582594681724,0.0
40518,33.76556275937932,1.0,560,681,1241,0.0,0.0008333472224535399,0.9997582594681724,0.0
40519,33.766396106601775,1.0,560,681,1241,0.0,0.0008333472224535399,0.9997582594681724,0.0
40520,33.76722945382423,1.0,560,681,1241,0.0,0.0008333472224535399,0.9997582594681724,0.0
40521,33.76806280104669,1.0,560,681,1241,0.0,0.0008333472224606453,0.9997582594681724,0.0
40522,33.76889614826914,1.0,560,681,1241,0.0,0.0008333472224535399,0.9997582594681724,0.0
40523,33.769729495491596,1.0,560,681,1241,0.0,0.0008333472224535399,0.9997582594681724,0.0
40524,33.77056284271405,1.0,560,681,1241,0.0,0.0008333472224535399,0.9998388396454487,8.058017727639034e-05
40525,33.7713961899365,1.0,560,681,1241,0.0,0.0008333472224535399,0.999919419822725,8.058017727639034e-05
40526,33.77222953715896,1.0,560,681,1241,0.0,0.0008333472224535399,1.0000000000000013,8.058017727639034e-05
40527,33.77306288438141,1.0,560,681,1241,0.0,0.0008333472224535399,1.0000000000000013,0.0
40528,33.773896231603864,1.0,560,681,1241,0.0,0.0008333472224535399,1.0000000000000013,0.0
40529,33.77472957882632,1.0,560,681,1241,0.0,0.0008333472224535399,1.0000000000000013,0.0
40530,33.77556292604877,1.0,560,681,1241,0.0,0.0008333472224535399,1.0000000000000013,0.0
40531,33.776396273271224,1.0,560,681,1241,0.0,0.0008333472224535399,1.0000000000000013,0.0
40532,33.77722962049368,1.0,560,681,1241,0.0,0.0008333472224535399,1.0000000000000013,0.0
40533,33.77806296771613,1.0,560,681,1241,0.0,0.0008333472224535399,1.0000000000000013,0.0
40534,33.778896314938585,1.0,560,681,1241,0.0,0.0008333472224535399,1.0000000000000013,0.0
40535,33.77972966216104,0.9991941982272361,560,681,1241,-0.0008058017727639033,0.0008333472224535399,0.999919419822725,-8.058017727639034e-05
40536,33.78056300938349,0.9991941982272361,560,681,1241,0.0,0.0008333472224535399,0.9998388396454487,-8.058017727639034e-05
40537,33.781396356605946,1.0,560,681,1241,0.0008058017727639033,0.0008333472224535399,0.9998388396454487,0.0
40538,33.7822297038284,1.0,560,681,1241,0.0,0.0008333472224535399,0.9998388396454487,0.0
40539,33.78306305105085,0.9991941982272361,560,681,1241,-0.0008058017727639033,0.0008333472224535399,0.9997582594681724,-8.058017727639034e-05
40540,33.783896398273306,1.0,560,681,1241,0.0008058017727639033,0.0008333472224535399,0.9997582594681724,0.0
40541,33.78472974549576,1.0,560,681,1241,0.0,0.0008333472224535399,0.9997582594681724,0.0
40542,33.78556309271821,1.0,560,681,1241,0.0,0.0008333472224535399,0.9997582594681724,0.0
40543,33.78639643994067,1.0,560,681,1241,0.0,0.0008333472224535399,0.9997582594681724,0.0
40544,33.78722978716312,0.9991941982272361,560,681,1241,-0.0008058017727639033,0.0008333472224535399,0.999677679290896,-8.058017727639034e-05
40545,33.788063134385574,0.9983883964544722,560,681,1241,-0.0008058017727639033,0.0008333472224535399,0.9995970991136197,-8.058017727639034e-05
40546,33.78889648160803,0.9991941982272361,560,681,1241,0.0008058017727639033,0.0008333472224535399,0.9995970991136197,0.0
40547,33.78972982883048,1.0,560,681,1241,0.0008058017727639033,0.0008333472224535399,0.9995970991136197,0.0
40548,33.790563176052935,1.0,560,681,1241,0.0,0.0008333472224535399,0.9995970991136197,0.0
40549,33.79139652327539,1.0,560,681,1241,0.0,0.0008333472224535399,0.999677679290896,8.058017727639034e-05
40550,33.79222987049784,1.0,560,681,1241,0.0,0.0008333472224535399,0.999677679290896,0.0
40551,33.793063217720295,1.0,560,681,1241,0.0,0.0008333472224535399,0.999677679290896,0.0
40552,33.79389656494275,1.0,560,681,1241,0.0,0.0008333472224535399,0.999677679290896,0.0
40553,33.7947299121652,1.0,560,681,1241,0.0,0.0008333472224535399,0.999677679290896,0.0
40554,33.795563259387656,1.0,560,681,1241,0.0,0.0008333472224535399,0.9997582594681724,8.058017727639034e-05
40555,33.79639660661011,1.0,560,681,1241,0.0,0.0008333472224535399,0.999919419822725,0.00016116035455278067
40556,33.79722995383256,1.0,560,681,1241,0.0,0.0008333472224535399,1.0000000000000013,8.058017727639034e-05
40557,33.798063301055016,1.0,560,681,1241,0.0,0.0008333472224535399,1.0000000000000013,0.0
40558,33.79889664827747,1.0,560,681,1241,0.0,0.0008333472224535399,1.0000000000000013,0.0
40559,33.79972999549992,1.0,560,681,1241,0.0,0.0008333472224535399,1.0000000000000013,0.0
40560,33.80056334272238,1.0,560,681,1241,0.0,0.0008333472224535399,1.0000000000000013,0.0
40561,33.80139668994483,1.0,560,681,1241,0.0,0.0008333472224535399,1.0000000000000013,0.0
40562,33.802230037167284,1.0,560,681,1241,0.0,0.0008333472224535399,1.0000000000000013,0.0
40563,33.803063384389745,1.0,560,681,1241,0.0,0.0008333472224606453,1.0000000000000013,0.0
40564,33.8038967316122,1.0,560,681,1241,0.0,0.0008333472224535399,1.0000000000000013,0.0
40565,33.80473007883465,0.9991941982272361,560,681,1241,-0.0008058017727639033,0.0008333472224535399,0.999919419822725,-8.058017727639034e-05
40566,33.805563426057105,0.9991941982272361,560,681,1241,0.0,0.0008333472224535399,0.9998388396454487,-8.058017727639034e-05
40567,33.80639677327956,0.9991941982272361,560,681,1241,0.0,0.0008333472224535399,0.9997582594681724,-8.058017727639034e-05
40568,33.80723012050201,1.0,560,681,1241,0.0008058017727639033,0.0008333472224535399,0.9997582594681724,0.0
40569,33.808063467724466,0.9991941982272361,560,681,1241,-0.0008058017727639033,0.0008333472224535399,0.999677679290896,-8.058017727639034e-05
40570,33.80889681494692,1.0,560,681,1241,0.0008058017727639033,0.0008333472224535399,0.999677679290896,0.0
40571,33.80973016216937,1.0,560,681,1241,0.0,0.0008333472224535399,0.999677679290896,0.0
40572,33.81056350939183,1.0,560,681,1241,0.0,0.0008333472224535399,0.999677679290896,0.0
40573,33.81139685661428,1.0,560,681,1241,0.0,0.0008333472224535399,0.999677679290896,0.0
40574,33.812230203836734,1.0,560,681,1241,0.0,0.0008333472224535399,0.999677679290896,0.0
40575,33.81306355105919,1.0,560,681,1241,0.0,0.0008333472224535399,0.9997582594681724,8.058017727639034e-05
40576,33.81389689828164,0.9983883964544722,560,681,1241,-0.0016116035455278066,0.0008333472224535399,0.999677679290896,-8.058017727639034e-05
40577,33.814730245504094,1.0,560,681,1241,0.0016116035455278066,0.0008333472224535399,0.9997582594681724,8.058017727639034e-05
40578,33.81556359272655,1.0,560,681,1241,0.0,0.0008333472224535399,0.9997582594681724,0.0
40579,33.816396939949,1.0,560,681,1241,0.0,0.0008333472224535399,0.9998388396454487,8.058017727639034e-05
40580,33.817230287171455,1.0,560,681,1241,0.0,0.0008333472224535399,0.9998388396454487,0.0
40581,33.81806363439391,1.0,560,681,1241,0.0,0.0008333472224535399,0.9998388396454487,0.0
40582,33.81889698161636,1.0,560,681,1241,0.0,0.0008333472224535399,0.9998388396454487,0.0
40583,33.819730328838816,1.0,560,681,1241,0.0,0.0008333472224535399,0.9998388396454487,0.0
40584,33.82056367606127,1.0,560,681,1241,0.0,0.0008333472224535399,0.9998388396454487,0.0
40585,33.82139702328372,1.0,560,681,1241,0.0,0.0008333472224535399,0.9998388396454487,0.0
40586,33.822230370506176,1.0,560,681,1241,0.0,0.0008333472224535399,1.0000000000000013,0.00016116035455278067
40587,33.82306371772863,1.0,560,681,1241,0.0,0.0008333472224535399,1.0000000000000013,0.0
40588,33.82389706495108,1.0,560,681,1241,0.0,0.0008333472224535399,1.0000000000000013,0.0
40589,33.82473041217354,1.0,560,681,1241,0.0,0.0008333472224535399,1.0000000000000013,0.0
40590,33.82556375939599,1.0,560,681,1241,0.0,0.0008333472224535399,1.0000000000000013,0.0
40591,33.826397106618444,1.0,560,681,1241,0.0,0.0008333472224535399,1.0000000000000013,0.0
40592,33.8272304538409,1.0,560,681,1241,0.0,0.0008333472224535399,1.0000000000000013,0.0
40593,33.82806380106335,1.0,560,681,1241,0.0,0.0008333472224535399,1.0000000000000013,0.0
40594,33.828897148285805,1.0,560,681,1241,0.0,0.0008333472224535399,1.0000000000000013,0.0
40595,33.82973049550826,1.0,560,681,1241,0.0,0.0008333472224535399,1.0000000000000013,0.0
40596,33.83056384273071,1.0,560,681,1241,0.0,0.0008333472224535399,1.0000000000000013,0.0
40597,33.831397189953165,1.0,560,681,1241,0.0,0.0008333472224535399,1.0000000000000013,0.0
40598,33.83223053717562,0.9983883964544722,560,681,1241,-0.0016116035455278066,0.0008333472224535399,0.9998388396454487,-0.00016116035455278067
40599,33.83306388439807,0.9983883964544722,560,681,1241,0.0,0.0008333472224535399,0.999677679290896,-0.00016116035455278067
40600,33.833897231620526,0.9991941982272361,560,681,1241,0.0008058017727639033,0.0008333472224535399,0.9995970991136197,-8.058017727639034e-05
40601,33.83473057884298,1.0,560,681,1241,0.0008058017727639033,0.0008333472224535399,0.9995970991136197,0.0
40602,33.83556392606543,1.0,560,681,1241,0.0,0.0008333472224535399,0.9995970991136197,0.0
40603,33.836397273287886,1.0,560,681,1241,0.0,0.0008333472224535399,0.9995970991136197,0.0
40604,33.83723062051034,1.0,560,681,1241,0.0,0.0008333472224535399,0.9995970991136197,0.0
40605,33.83806396773279,0.9991941982272361,560,681,1241,-0.0008058017727639033,0.0008333472224535399,0.9995165189363433,-8.058017727639034e-05
40606,33.838897314955254,0.9991941982272361,560,681,1241,0.0,0.0008333472224606453,0.999435938759067,-8.058017727639034e-05
40607,33.83973066217771,1.0,560,681,1241,0.0008058017727639033,0.0008333472224535399,0.999435938759067,0.0
40608,33.84056400940016,1.0,560,681,1241,0.0,0.0008333472224535399,0.9995970991136197,0.00016116035455278067
40609,33.841397356622615,1.0,560,681,1241,0.0,0.0008333472224535399,0.9997582594681724,0.00016116035455278067
40610,33.84223070384507,1.0,560,681,1241,0.0,0.0008333472224535399,0.9998388396454487,8.058017727639034e-05
40611,33.84306405106752,1.0,560,681,1241,0.0,0.0008333472224535399,0.9998388396454487,0.0
40612,33.843897398289975,1.0,560,681,1241,0.0,0.0008333472224535399,0.9998388396454487,0.0
40613,33.84473074551243,1.0,560,681,1241,0.0,0.0008333472224535399,0.9998388396454487,0.0
40614,33.84556409273488,1.0,560,681,1241,0.0,0.0008333472224535399,0.9998388396454487,0.0
40615,33.846397439957336,1.0,560,681,1241,0.0,0.0008333472224535399,0.999919419822725,8.058017727639034e-05
40616,33.84723078717979,1.0,560,681,1241,0.0,0.0008333472224535399,1.0000000000000013,8.058017727639034e-05
40617,33.84806413440224,1.0,560,681,1241,0.0,0.0008333472224535399,1.0000000000000013,0.0
40618,33.8488974816247,1.0,560,681,1241,0.0,0.0008333472224535399,1.0000000000000013,0.0
40619,33.84973082884715,1.0,560,681,1241,0.0,0.0008333472224535399,1.0000000000000013,0.0
40620,33.850564176069604,1.0,560,681,1241,0.0,0.0008333472224535399,1.0000000000000013,0.0
40621,33.85139752329206,1.0,560,681,1241,0.0,0.0008333472224535399,1.0000000000000013,0.0
40622,33.85223087051451,1.0,560,681,1241,0.0,0.0008333472224535399,1.0000000000000013,0.0
40623,33.853064217736964,1.0,560,681,1241,0.0,0.0008333472224535399,1.0000000000000013,0.0
40624,33.85389756495942,1.0,560,681,1241,0.0,0.0008333472224535399,1.0000000000000013,0.0
40625,33.85473091218187,1.0,560,681,1241,0.0,0.0008333472224535399,1.0000000000000013,0.0
40626,33.855564259404325,1.0,560,681,1241,0.0,0.0008333472224535399,1.0000000000000013,0.0
40627,33.85639760662678,1.0,560,681,1241,0.0,0.0008333472224535399,1.0000000000000013,0.0
40628,33.85723095384923,1.0,560,681,1241,0.0,0.0008333472224535399,1.0000000000000013,0.0
40629,33.858064301071686,0.9983883964544722,560,681,1241,-0.0016116035455278066,0.0008333472224535399,0.9998388396454487,-0.00016116035455278067
40630,33.85889764829414,0.9991941982272361,560,681,1241,0.0008058017727639033,0.0008333472224535399,0.9997582594681724,-8.058017727639034e-05
40631,33.85973099551659,1.0,560,681,1241,0.0008058017727639033,0.0008333472224535399,0.9997582594681724,0.0
40632,33.860564342739046,1.0,560,681,1241,0.0,0.0008333472224535399,0.9997582594681724,0.0
40633,33.8613976899615,1.0,560,681,1241,0.0,0.0008333472224535399,0.9997582594681724,0.0
40634,33.86223103718395,1.0,560,681,1241,0.0,0.0008333472224535399,0.9997582594681724,0.0
40635,33.86306438440641,1.0,560,681,1241,0.0,0.0008333472224535399,0.9997582594681724,0.0
40636,33.86389773162886,1.0,560,681,1241,0.0,0.0008333472224535399,0.9997582594681724,0.0
40637,33.864731078851314,1.0,560,681,1241,0.0,0.0008333472224535399,0.9997582594681724,0.0
40638,33.86556442607377,1.0,560,681,1241,0.0,0.0008333472224535399,0.9997582594681724,0.0
40639,33.86639777329622,0.9991941982272361,560,681,1241,-0.0008058017727639033,0.0008333472224535399,0.9998388396454487,8.058017727639034e-05
40640,33.867231120518674,1.0,560,681,1241,0.0008058017727639033,0.0008333472224535399,0.999919419822725,8.058017727639034e-05
40641,33.86806446774113,0.9991941982272361,560,681,1241,-0.0008058017727639033,0.0008333472224535399,0.9998388396454487,-8.058017727639034e-05
40642,33.86889781496358,0.9991941982272361,560,681,1241,0.0,0.0008333472224535399,0.9997582594681724,-8.058017727639034e-05
40643,33.869731162186035,0.9991941982272361,560,681,1241,0.0,0.0008333472224535399,0.999677679290896,-8.058017727639034e-05
40644,33.87056450940849,0.9991941982272361,560,681,1241,0.0,0.0008333472224535399,0.9995970991136197,-8.058017727639034e-05
40645,33.87139785663094,0.9991941982272361,560,681,1241,0.0,0.0008333472224535399,0.9995165189363433,-8.058017727639034e-05
40646,33.872231203853396,0.9991941982272361,560,681,1241,0.0,0.0008333472224535399,0.999435938759067,-8.058017727639034e-05
40647,33.87306455107585,0.9991941982272361,560,681,1241,0.0,0.0008333472224535399,0.9993553585817907,-8.058017727639034e-05
40648,33.87389789829831,1.0,560,681,1241,0.0008058017727639033,0.0008333472224606453,0.9993553585817907,0.0
40649,33.87473124552076,0.9991941982272361,560,681,1241,-0.0008058017727639033,0.0008333472224535399,0.9993553585817907,0.0
40650,33.87556459274322,1.0,560,681,1241,0.0008058017727639033,0.0008333472224535399,0.9993553585817907,0.0
40651,33.87639793996567,1.0,560,681,1241,0.0,0.0008333472224535399,0.999435938759067,8.058017727639034e-05
40652,33.877231287188124,1.0,560,681,1241,0.0,0.0008333472224535399,0.9995165189363433,8.058017727639034e-05
40653,33.87806463441058,1.0,560,681,1241,0.0,0.0008333472224535399,0.9995970991136197,8.058017727639034e-05
40654,33.87889798163303,1.0,560,681,1241,0.0,0.0008333472224535399,0.999677679290896,8.058017727639034e-05
40655,33.879731328855485,1.0,560,681,1241,0.0,0.0008333472224535399,0.9997582594681724,8.058017727639034e-05
40656,33.88056467607794,1.0,560,681,1241,0.0,0.0008333472224535399,0.9998388396454487,8.058017727639034e-05
40657,33.88139802330039,1.0,560,681,1241,0.0,0.0008333472224535399,0.999919419822725,8.058017727639034e-05
40658,33.882231370522845,1.0,560,681,1241,0.0,0.0008333472224535399,0.999919419822725,0.0
40659,33.8830647177453,1.0,560,681,1241,0.0,0.0008333472224535399,1.0000000000000013,8.058017727639034e-05
40660,33.88389806496775,1.0,560,681,1241,0.0,0.0008333472224535399,1.0000000000000013,0.0
40661,33.884731412190206,0.9991941982272361,560,681,1241,-0.0008058017727639033,0.0008333472224535399,0.999919419822725,-8.058017727639034e-05
40662,33.88556475941266,0.9991941982272361,560,681,1241,0.0,0.0008333472224535399,0.9998388396454487,-8.058017727639034e-05
40663,33.88639810663511,0.9991941982272361,560,681,1241,0.0,0.0008333472224535399,0.9997582594681724,-8.058017727639034e-05
40664,33.88723145385757,0.9991941982272361,560,681,1241,0.0,0.0008333472224535399,0.999677679290896,-8.058017727639034e-05
40665,33.88806480108002,1.0,560,681,1241,0.0008058017727639033,0.0008333472224535399,0.999677679290896,0.0
40666,33.888898148302474,1.0,560,681,1241,0.0,0.0008333472224535399,0.999677679290896,0.0
40667,33.88973149552493,1.0,560,681,1241,0.0,0.0008333472224535399,0.999677679290896,0.0
40668,33.89056484274738,0.9991941982272361,560,681,1241,-0.0008058017727639033,0.0008333472224535399,0.9995970991136197,-8.058017727639034e-05
40669,33.891398189969834,1.0,560,681,1241,0.0008058017727639033,0.0008333472224535399,0.9995970991136197,0.0
40670,33.89223153719229,1.0,560,681,1241,0.0,0.0008333472224535399,0.9995970991136197,0.0
40671,33.89306488441474,1.0,560,681,1241,0.0,0.0008333472224535399,0.999677679290896,8.058017727639034e-05
40672,33.893898231637195,0.9991941982272361,560,681,1241,-0.0008058017727639033,0.0008333472224535399,0.999677679290896,0.0
40673,33.89473157885965,0.9991941982272361,560,681,1241,0.0,0.0008333472224535399,0.999677679290896,0.0
40674,33.8955649260821,1.0,560,681,1241,0.0008058017727639033,0.0008333472224535399,0.9997582594681724,8.058017727639034e-05
40675,33.896398273304555,1.0,560,681,1241,0.0,0.0008333472224535399,0.9997582594681724,0.0
40676,33.89723162052701,1.0,560,681,1241,0.0,0.0008333472224535399,0.9997582594681724,0.0
40677,33.89806496774946,1.0,560,681,1241,0.0,0.0008333472224535399,0.9997582594681724,0.0
40678,33.898898314971916,1.0,560,681,1241,0.0,0.0008333472224535399,0.9998388396454487,8.058017727639034e-05
40679,33.89973166219437,1.0,560,681,1241,0.0,0.0008333472224535399,0.9998388396454487,0.0
40680,33.90056500941682,1.0,560,681,1241,0.0,0.0008333472224535399,0.9998388396454487,0.0
40681,33.90139835663928,1.0,560,681,1241,0.0,0.0008333472224535399,0.9998388396454487,0.0
40682,33.90223170386173,1.0,560,681,1241,0.0,0.0008333472224535399,0.999919419822725,8.058017727639034e-05
40683,33.903065051084184,1.0,560,681,1241,0.0,0.0008333472224535399,1.0000000000000013,8.058017727639034e-05
40684,33.90389839830664,1.0,560,681,1241,0.0,0.0008333472224535399,1.0000000000000013,0.0
40685,33.90473174552909,1.0,560,681,1241,0.0,0.0008333472224535399,1.0000000000000013,0.0
40686,33.905565092751544,1.0,560,681,1241,0.0,0.0008333472224535399,1.0000000000000013,0.0
40687,33.906398439974,1.0,560,681,1241,0.0,0.0008333472224535399,1.0000000000000013,0.0
40688,33.90723178719645,1.0,560,681,1241,0.0,0.0008333472224535399,1.0000000000000013,0.0
40689,33.908065134418905,1.0,560,681,1241,0.0,0.0008333472224535399,1.0000000000000013,0.0
40690,33.908898481641366,1.0,560,681,1241,0.0,0.0008333472224606453,1.0000000000000013,0.0
40691,33.90973182886382,1.0,560,681,1241,0.0,0.0008333472224535399,1.0000000000000013,0.0
40692,33.91056517608627,1.0,560,681,1241,0.0,0.0008333472224535399,1.0000000000000013,0.0
40693,33.911398523308726,1.0,560,681,1241,0.0,0.0008333472224535399,1.0000000000000013,0.0
40694,33.91223187053118,1.0,560,681,1241,0.0,0.0008333472224535399,1.0000000000000013,0.0
40695,33.91306521775363,1.0,560,681,1241,0.0,0.0008333472224535399,1.0000000000000013,0.0
40696,33.91389856497609,1.0,560,681,1241,0.0,0.0008333472224535399,1.0000000000000013,0.0
40697,33.91473191219854,1.0,560,681,1241,0.0,0.0008333472224535399,1.0000000000000013,0.0
40698,33.915565259420994,1.0,560,681,1241,0.0,0.0008333472224535399,1.0000000000000013,0.0
40699,33.91639860664345,1.0,560,681,1241,0.0,0.0008333472224535399,1.0000000000000013,0.0
40700,33.9172319538659,1.0,560,681,1241,0.0,0.0008333472224535399,1.0000000000000013,0.0
40701,33.918065301088355,1.0,560,681,1241,0.0,0.0008333472224535399,1.0000000000000013,0.0
40702,33.91889864831081,1.0,560,681,1241,0.0,0.0008333472224535399,1.0000000000000013,0.0
40703,33.91973199553326,1.0,560,681,1241,0.0,0.0008333472224535399,1.0000000000000013,0.0
40704,33.920565342755715,1.0,560,681,1241,0.0,0.0008333472224535399,1.0000000000000013,0.0
40705,33.92139868997817,1.0,560,681,1241,0.0,0.0008333472224535399,1.0000000000000013,0.0
40706,33.92223203720062,1.0,560,681,1241,0.0,0.0008333472224535399,1.0000000000000013,0.0
40707,33.923065384423076,1.0,560,681,1241,0.0,0.0008333472224535399,1.0000000000000013,0.0
40708,33.92389873164553,1.0,560,681,1241,0.0,0.0008333472224535399,1.0000000000000013,0.0
40709,33.92473207886798,1.0,560,681,1241,0.0,0.0008333472224535399,1.0000000000000013,0.0
40710,33.92556542609044,1.0,560,681,1241,0.0,0.0008333472224535399,1.0000000000000013,0.0
40711,33.92639877331289,0.9991941982272361,560,681,1241,-0.0008058017727639033,0.0008333472224535399,0.999919419822725,-8.058017727639034e-05
40712,33.92723212053534,0.9991941982272361,560,681,1241,0.0,0.0008333472224535399,0.9998388396454487,-8.058017727639034e-05
40713,33.9280654677578,0.9991941982272361,560,681,1241,0.0,0.0008333472224535399,0.9997582594681724,-8.058017727639034e-05
40714,33.92889881498025,0.9991941982272361,560,681,1241,0.0,0.0008333472224535399,0.999677679290896,-8.058017727639034e-05
40715,33.929732162202704,0.9991941982272361,560,681,1241,0.0,0.0008333472224535399,0.9995970991136197,-8.058017727639034e-05
40716,33.93056550942516,1.0,560,681,1241,0.0008058017727639033,0.0008333472224535399,0.9995970991136197,0.0
40717,33.93139885664761,1.0,560,681,1241,0.0,0.0008333472224535399,0.9995970991136197,0.0
40718,33.932232203870065,1.0,560,681,1241,0.0,0.0008333472224535399,0.9995970991136197,0.0
40719,33.93306555109252,1.0,560,681,1241,0.0,0.0008333472224535399,0.9995970991136197,0.0
40720,33.93389889831497,1.0,560,681,1241,0.0,0.0008333472224535399,0.9995970991136197,0.0
40721,33.934732245537425,1.0,560,681,1241,0.0,0.0008333472224535399,0.999677679290896,8.058017727639034e-05
40722,33.93556559275988,1.0,560,681,1241,0.0,0.0008333472224535399,0.9997582594681724,8.058017727639034e-05
40723,33.93639893998233,1.0,560,681,1241,0.0,0.0008333472224535399,0.9998388396454487,8.058017727639034e-05
40724,33.937232287204786,1.0,560,681,1241,0.0,0.0008333472224535399,0.999919419822725,8.058017727639034e-05
40725,33.93806563442724,0.9991941982272361,560,681,1241,-0.0008058017727639033,0.0008333472224535399,0.999919419822725,0.0
40726,33.93889898164969,0.9991941982272361,560,681,1241,0.0,0.0008333472224535399,0.9998388396454487,-8.058017727639034e-05
40727,33.93973232887215,0.9991941982272361,560,681,1241,0.0,0.0008333472224535399,0.9997582594681724,-8.058017727639034e-05
40728,33.9405656760946,1.0,560,681,1241,0.0008058017727639033,0.0008333472224535399,0.9997582594681724,0.0
40729,33.941399023317054,1.0,560,681,1241,0.0,0.0008333472224535399,0.9997582594681724,0.0
40730,33.94223237053951,1.0,560,681,1241,0.0,0.0008333472224535399,0.9997582594681724,0.0
40731,33.94306571776196,1.0,560,681,1241,0.0,0.0008333472224535399,0.9997582594681724,0.0
40732,33.943899064984414,1.0,560,681,1241,0.0,0.0008333472224535399,0.9997582594681724,0.0
40733,33.944732412206875,1.0,560,681,1241,0.0,0.0008333472224606453,0.9997582594681724,0.0
40734,33.94556575942933,1.0,560,681,1241,0.0,0.0008333472224535399,0.9997582594681724,0.0
40735,33.94639910665178,1.0,560,681,1241,0.0,0.0008333472224535399,0.9998388396454487,8.058017727639034e-05
40736,33.947232453874236,1.0,560,681,1241,0.0,0.0008333472224535399,0.999919419822725,8.058017727639034e-05
40737,33.94806580109669,1.0,560,681,1241,0.0,0.0008333472224535399,1.0000000000000013,8.058017727639034e-05
40738,33.94889914831914,1.0,560,681,1241,0.0,0.0008333472224535399,1.0000000000000013,0.0
40739,33.949732495541596,1.0,560,681,1241,0.0,0.0008333472224535399,1.0000000000000013,0.0
40740,33.95056584276405,1.0,560,681,1241,0.0,0.0008333472224535399,1.0000000000000013,0.0
40741,33.9513991899865,1.0,560,681,1241,0.0,0.0008333472224535399,1.0000000000000013,0.0
40742,33.95223253720896,1.0,560,681,1241,0.0,0.0008333472224535399,1.0000000000000013,0.0
40743,33.95306588443141,1.0,560,681,1241,0.0,0.0008333472224535399,1.0000000000000013,0.0
40744,33.953899231653864,1.0,560,681,1241,0.0,0.0008333472224535399,1.0000000000000013,0.0
40745,33.95473257887632,1.0,560,681,1241,0.0,0.0008333472224535399,1.0000000000000013,0.0
40746,33.95556592609877,1.0,560,681,1241,0.0,0.0008333472224535399,1.0000000000000013,0.0
40747,33.956399273321225,1.0,560,681,1241,0.0,0.0008333472224535399,1.0000000000000013,0.0
40748,33.95723262054368,1.0,560,681,1241,0.0,0.0008333472224535399,1.0000000000000013,0.0
40749,33.95806596776613,1.0,560,681,1241,0.0,0.0008333472224535399,1.0000000000000013,0.0
40750,33.958899314988585,1.0,560,681,1241,0.0,0.0008333472224535399,1.0000000000000013,0.0
40751,33.95973266221104,1.0,560,681,1241,0.0,0.0008333472224535399,1.0000000000000013,0.0
40752,33.96056600943349,1.0,560,681,1241,0.0,0.0008333472224535399,1.0000000000000013,0.0
40753,33.961399356655946,1.0,560,681,1241,0.0,0.0008333472224535399,1.0000000000000013,0.0
40754,33.9622327038784,1.0,560,681,1241,0.0,0.0008333472224535399,1.0000000000000013,0.0
40755,33.96306605110085,1.0,560,681,1241,0.0,0.0008333472224535399,1.0000000000000013,0.0
40756,33.963899398323306,1.0,560,681,1241,0.0,0.0008333472224535399,1.0000000000000013,0.0
40757,33.96473274554576,1.0,560,681,1241,0.0,0.0008333472224535399,1.0000000000000013,0.0
40758,33.96556609276821,1.0,560,681,1241,0.0,0.0008333472224535399,1.0000000000000013,0.0
40759,33.96639943999067,1.0,560,681,1241,0.0,0.0008333472224535399,1.0000000000000013,0.0
40760,33.96723278721312,1.0,560,681,1241,0.0,0.0008333472224535399,1.0000000000000013,0.0
40761,33.968066134435574,1.0,560,681,1241,0.0,0.0008333472224535399,1.0000000000000013,0.0
40762,33.96889948165803,1.0,560,681,1241,0.0,0.0008333472224535399,1.0000000000000013,0.0
40763,33.96973282888048,1.0,560,681,1241,0.0,0.0008333472224535399,1.0000000000000013,0.0
40764,33.970566176102935,1.0,560,681,1241,0.0,0.0008333472224535399,1.0000000000000013,0.0
40765,33.97139952332539,1.0,560,681,1241,0.0,0.0008333472224535399,1.0000000000000013,0.0
40766,33.97223287054784,1.0,560,681,1241,0.0,0.0008333472224535399,1.0000000000000013,0.0
40767,33.973066217770295,1.0,560,681,1241,0.0,0.0008333472224535399,1.0000000000000013,0.0
40768,33.97389956499275,1.0,560,681,1241,0.0,0.0008333472224535399,1.0000000000000013,0.0
40769,33.9747329122152,1.0,560,681,1241,0.0,0.0008333472224535399,1.0000000000000013,0.0
40770,33.975566259437656,1.0,560,681,1241,0.0,0.0008333472224535399,1.0000000000000013,0.0
40771,33.97639960666011,0.9991941982272361,560,681,1241,-0.0008058017727639033,0.0008333472224535399,0.999919419822725,-8.058017727639034e-05
40772,33.97723295388256,0.9991941982272361,560,681,1241,0.0,0.0008333472224535399,0.9998388396454487,-8.058017727639034e-05
40773,33.97806630110502,1.0,560,681,1241,0.0008058017727639033,0.0008333472224535399,0.9998388396454487,0.0
40774,33.97889964832747,1.0,560,681,1241,0.0,0.0008333472224535399,0.9998388396454487,0.0
40775,33.97973299554993,1.0,560,681,1241,0.0,0.0008333472224606453,0.9998388396454487,0.0
40776,33.980566342772384,1.0,560,681,1241,0.0,0.0008333472224535399,0.9998388396454487,0.0
40777,33.98139968999484,1.0,560,681,1241,0.0,0.0008333472224535399,0.9998388396454487,0.0
40778,33.98223303721729,1.0,560,681,1241,0.0,0.0008333472224535399,0.9998388396454487,0.0
40779,33.983066384439745,1.0,560,681,1241,0.0,0.0008333472224535399,0.9998388396454487,0.0
40780,33.9838997316622,1.0,560,681,1241,0.0,0.0008333472224535399,0.9998388396454487,0.0
40781,33.98473307888465,1.0,560,681,1241,0.0,0.0008333472224535399,0.999919419822725,8.058017727639034e-05
40782,33.985566426107106,1.0,560,681,1241,0.0,0.0008333472224535399,1.0000000000000013,8.058017727639034e-05
40783,33.98639977332956,1.0,560,681,1241,0.0,0.0008333472224535399,1.0000000000000013,0.0
40784,33.98723312055201,1.0,560,681,1241,0.0,0.0008333472224535399,1.0000000000000013,0.0
40785,33.988066467774466,1.0,560,681,1241,0.0,0.0008333472224535399,1.0000000000000013,0.0
40786,33.98889981499692,1.0,560,681,1241,0.0,0.0008333472224535399,1.0000000000000013,0.0
40787,33.98973316221937,1.0,560,681,1241,0.0,0.0008333472224535399,1.0000000000000013,0.0
40788,33.99056650944183,1.0,560,681,1241,0.0,0.0008333472224535399,1.0000000000000013,0.0
40789,33.99139985666428,1.0,560,681,1241,0.0,0.0008333472224535399,1.0000000000000013,0.0
40790,33.992233203886734,1.0,560,681,1241,0.0,0.0008333472224535399,1.0000000000000013,0.0
40791,33.99306655110919,1.0,560,681,1241,0.0,0.0008333472224535399,1.0000000000000013,0.0
40792,33.99389989833164,1.0,560,681,1241,0.0,0.0008333472224535399,1.0000000000000013,0.0
40793,33.994733245554094,1.0,560,681,1241,0.0,0.0008333472224535399,1.0000000000000013,0.0
40794,33.99556659277655,1.0,560,681,1241,0.0,0.0008333472224535399,1.0000000000000013,0.0
40795,33.996399939999,1.0,560,681,1241,0.0,0.0008333472224535399,1.0000000000000013,0.0
40796,33.997233287221455,1.0,560,681,1241,0.0,0.0008333472224535399,1.0000000000000013,0.0
40797,33.99806663444391,1.0,560,681,1241,0.0,0.0008333472224535399,1.0000000000000013,0.0
40798,33.99889998166636,1.0,560,681,1241,0.0,0.0008333472224535399,1.0000000000000013,0.0
40799,33.999733328888816,1.0,560,681,1241,0.0,0.0008333472224535399,1.0000000000000013,0.0
40800,34.00056667611127,1.0,560,681,1241,0.0,0.0008333472224535399,1.0000000000000013,0.0
40801,34.00140002333372,1.0,560,681,1241,0.0,0.0008333472224535399,1.0000000000000013,0.0
40802,34.002233370556176,1.0,560,681,1241,0.0,0.0008333472224535399,1.0000000000000013,0.0
40803,34.00306671777863,1.0,560,681,1241,0.0,0.0008333472224535399,1.0000000000000013,0.0
40804,34.00390006500108,1.0,560,681,1241,0.0,0.0008333472224535399,1.0000000000000013,0.0
40805,34.00473341222354,1.0,560,681,1241,0.0,0.0008333472224535399,1.0000000000000013,0.0
40806,34.00556675944599,1.0,560,681,1241,0.0,0.0008333472224535399,1.0000000000000013,0.0
40807,34.006400106668444,1.0,560,681,1241,0.0,0.0008333472224535399,1.0000000000000013,0.0
40808,34.0072334538909,1.0,560,681,1241,0.0,0.0008333472224535399,1.0000000000000013,0.0
40809,34.00806680111335,1.0,560,681,1241,0.0,0.0008333472224535399,1.0000000000000013,0.0
40810,34.008900148335805,1.0,560,681,1241,0.0,0.0008333472224535399,1.0000000000000013,0.0
40811,34.00973349555826,1.0,560,681,1241,0.0,0.0008333472224535399,1.0000000000000013,0.0
40812,34.01056684278071,1.0,560,681,1241,0.0,0.0008333472224535399,1.0000000000000013,0.0
40813,34.011400190003165,1.0,560,681,1241,0.0,0.0008333472224535399,1.0000000000000013,0.0
40814,34.01223353722562,1.0,560,681,1241,0.0,0.0008333472224535399,1.0000000000000013,0.0
40815,34.01306688444807,1.0,560,681,1241,0.0,0.0008333472224535399,1.0000000000000013,0.0
40816,34.013900231670526,1.0,560,681,1241,0.0,0.0008333472224535399,1.0000000000000013,0.0
40817,34.01473357889298,1.0,560,681,1241,0.0,0.0008333472224535399,1.0000000000000013,0.0
40818,34.01556692611544,1.0,560,681,1241,0.0,0.0008333472224606453,1.0000000000000013,0.0
40819,34.016400273337894,1.0,560,681,1241,0.0,0.0008333472224535399,1.0000000000000013,0.0
40820,34.01723362056035,1.0,560,681,1241,0.0,0.0008333472224535399,1.0000000000000013,0.0
40821,34.0180669677828,1.0,560,681,1241,0.0,0.0008333472224535399,1.0000000000000013,0.0
40822,34.018900315005254,1.0,560,681,1241,0.0,0.0008333472224535399,1.0000000000000013,0.0
40823,34.01973366222771,1.0,560,681,1241,0.0,0.0008333472224535399,1.0000000000000013,0.0
40824,34.02056700945016,1.0,560,681,1241,0.0,0.0008333472224535399,1.0000000000000013,0.0
40825,34.021400356672615,1.0,560,681,1241,0.0,0.0008333472224535399,1.0000000000000013,0.0
40826,34.02223370389507,1.0,560,681,1241,0.0,0.0008333472224535399,1.0000000000000013,0.0
40827,34.02306705111752,1.0,560,681,1241,0.0,0.0008333472224535399,1.0000000000000013,0.0
40828,34.023900398339975,1.0,560,681,1241,0.0,0.0008333472224535399,1.0000000000000013,0.0
40829,34.02473374556243,1.0,560,681,1241,0.0,0.0008333472224535399,1.0000000000000013,0.0
40830,34.02556709278488,1.0,560,681,1241,0.0,0.0008333472224535399,1.0000000000000013,0.0
40831,34.026400440007336,1.0,560,681,1241,0.0,0.0008333472224535399,1.0000000000000013,0.0
40832,34.02723378722979,1.0,560,681,1241,0.0,0.0008333472224535399,1.0000000000000013,0.0
40833,34.02806713445224,1.0,560,681,1241,0.0,0.0008333472224535399,1.0000000000000013,0.0
40834,34.0289004816747,1.0,560,681,1241,0.0,0.0008333472224535399,1.0000000000000013,0.0
40835,34.02973382889715,1.0,560,681,1241,0.0,0.0008333472224535399,1.0000000000000013,0.0
40836,34.030567176119604,1.0,560,681,1241,0.0,0.0008333472224535399,1.0000000000000013,0.0
40837,34.03140052334206,1.0,560,681,1241,0.0,0.0008333472224535399,1.0000000000000013,0.0
40838,34.03223387056451,1.0,560,681,1241,0.0,0.0008333472224535399,1.0000000000000013,0.0
40839,34.033067217786964,1.0,560,681,1241,0.0,0.0008333472224535399,1.0000000000000013,0.0
40840,34.03390056500942,1.0,560,681,1241,0.0,0.0008333472224535399,1.0000000000000013,0.0
40841,34.03473391223187,1.0,560,681,1241,0.0,0.0008333472224535399,1.0000000000000013,0.0
40842,34.035567259454325,0.9991941982272361,560,681,1241,-0.0008058017727639033,0.0008333472224535399,0.999919419822725,-8.058017727639034e-05
40843,34.03640060667678,1.0,560,681,1241,0.0008058017727639033,0.0008333472224535399,0.999919419822725,0.0
40844,34.03723395389923,1.0,560,681,1241,0.0,0.0008333472224535399,0.999919419822725,0.0
40845,34.038067301121686,1.0,560,681,1241,0.0,0.0008333472224535399,0.999919419822725,0.0
40846,34.03890064834414,1.0,560,681,1241,0.0,0.0008333472224535399,0.999919419822725,0.0
40847,34.03973399556659,1.0,560,681,1241,0.0,0.0008333472224535399,0.999919419822725,0.0
40848,34.040567342789046,1.0,560,681,1241,0.0,0.0008333472224535399,0.999919419822725,0.0
40849,34.0414006900115,1.0,560,681,1241,0.0,0.0008333472224535399,0.999919419822725,0.0
40850,34.04223403723395,1.0,560,681,1241,0.0,0.0008333472224535399,0.999919419822725,0.0
40851,34.04306738445641,1.0,560,681,1241,0.0,0.0008333472224535399,0.999919419822725,0.0
40852,34.04390073167886,1.0,560,681,1241,0.0,0.0008333472224535399,1.0000000000000013,8.058017727639034e-05
40853,34.044734078901314,0.9991941982272361,560,681,1241,-0.0008058017727639033,0.0008333472224535399,0.999919419822725,-8.058017727639034e-05
40854,34.04556742612377,0.9991941982272361,560,681,1241,0.0,0.0008333472224535399,0.9998388396454487,-8.058017727639034e-05
40855,34.04640077334622,0.9991941982272361,560,681,1241,0.0,0.0008333472224535399,0.9997582594681724,-8.058017727639034e-05
40856,34.047234120568675,0.9991941982272361,560,681,1241,0.0,0.0008333472224535399,0.999677679290896,-8.058017727639034e-05
40857,34.04806746779113,0.9991941982272361,560,681,1241,0.0,0.0008333472224535399,0.9995970991136197,-8.058017727639034e-05
40858,34.04890081501358,0.9991941982272361,560,681,1241,0.0,0.0008333472224535399,0.9995165189363433,-8.058017727639034e-05
40859,34.049734162236035,0.9983883964544722,560,681,1241,-0.0008058017727639033,0.0008333472224535399,0.9993553585817907,-0.00016116035455278067
40860,34.050567509458496,0.9983883964544722,560,681,1241,0.0,0.0008333472224606453,0.999194198227238,-0.00016116035455278067
40861,34.05140085668095,0.9991941982272361,560,681,1241,0.0008058017727639033,0.0008333472224535399,0.9991136180499616,-8.058017727639034e-05
40862,34.0522342039034,0.9991941982272361,560,681,1241,0.0,0.0008333472224535399,0.9990330378726853,-8.058017727639034e-05
40863,34.05306755112586,0.9991941982272361,560,681,1241,0.0,0.0008333472224535399,0.9990330378726853,0.0
40864,34.05390089834831,0.9991941982272361,560,681,1241,0.0,0.0008333472224535399,0.9990330378726853,0.0
40865,34.054734245570764,1.0,560,681,1241,0.0008058017727639033,0.0008333472224535399,0.9991136180499616,8.058017727639034e-05
40866,34.05556759279322,1.0,560,681,1241,0.0,0.0008333472224535399,0.999194198227238,8.058017727639034e-05
40867,34.05640094001567,1.0,560,681,1241,0.0,0.0008333472224535399,0.9992747784045143,8.058017727639034e-05
40868,34.057234287238124,1.0,560,681,1241,0.0,0.0008333472224535399,0.9993553585817907,8.058017727639034e-05
40869,34.05806763446058,1.0,560,681,1241,0.0,0.0008333472224535399,0.9995165189363433,0.00016116035455278067
40870,34.05890098168303,1.0,560,681,1241,0.0,0.0008333472224535399,0.999677679290896,0.00016116035455278067
40871,34.059734328905485,1.0,560,681,1241,0.0,0.0008333472224535399,0.9997582594681724,8.058017727639034e-05
40872,34.06056767612794,1.0,560,681,1241,0.0,0.0008333472224535399,0.9998388396454487,8.058017727639034e-05
40873,34.06140102335039,1.0,560,681,1241,0.0,0.0008333472224535399,0.999919419822725,8.058017727639034e-05
40874,34.062234370572845,1.0,560,681,1241,0.0,0.0008333472224535399,1.0000000000000013,8.058017727639034e-05
40875,34.0630677177953,0.9991941982272361,560,681,1241,-0.0008058017727639033,0.0008333472224535399,0.999919419822725,-8.058017727639034e-05
40876,34.06390106501775,0.9991941982272361,560,681,1241,0.0,0.0008333472224535399,0.9998388396454487,-8.058017727639034e-05
40877,34.064734412240206,0.9991941982272361,560,681,1241,0.0,0.0008333472224535399,0.9997582594681724,-8.058017727639034e-05
40878,34.06556775946266,0.9991941982272361,560,681,1241,0.0,0.0008333472224535399,0.999677679290896,-8.058017727639034e-05
40879,34.06640110668511,0.9991941982272361,560,681,1241,0.0,0.0008333472224535399,0.9995970991136197,-8.058017727639034e-05
40880,34.06723445390757,0.9991941982272361,560,681,1241,0.0,0.0008333472224535399,0.9995165189363433,-8.058017727639034e-05
40881,34.06806780113002,0.9991941982272361,560,681,1241,0.0,0.0008333472224535399,0.999435938759067,-8.058017727639034e-05
40882,34.068901148352474,0.9991941982272361,560,681,1241,0.0,0.0008333472224535399,0.9993553585817907,-8.058017727639034e-05
40883,34.06973449557493,0.9983883964544722,560,681,1241,-0.0008058017727639033,0.0008333472224535399,0.999194198227238,-0.00016116035455278067
40884,34.07056784279738,0.9983883964544722,560,681,1241,0.0,0.0008333472224535399,0.9990330378726853,-0.00016116035455278067
40885,34.071401190019834,0.9983883964544722,560,681,1241,0.0,0.0008333472224535399,0.998952457695409,-8.058017727639034e-05
40886,34.07223453724229,0.9983883964544722,560,681,1241,0.0,0.0008333472224535399,0.9988718775181326,-8.058017727639034e-05
40887,34.07306788446474,0.9975825946817083,560,681,1241,-0.0008058017727639033,0.0008333472224535399,0.9987107171635797,-0.00016116035455278067
40888,34.073901231687195,0.9967767929089444,560,681,1241,-0.0008058017727639033,0.0008333472224535399,0.9984689766317505,-0.00024174053182917098
40889,34.07473457890965,0.9967767929089444,560,681,1241,0.0,0.0008333472224535399,0.9982272360999213,-0.00024174053182917098
40890,34.0755679261321,0.9967767929089444,560,681,1241,0.0,0.0008333472224535399,0.997985495568092,-0.00024174053182917098
40891,34.076401273354556,0.9959709911361805,560,681,1241,-0.0008058017727639033,0.0008333472224535399,0.9976631748589865,-0.00032232070910556134
40892,34.07723462057701,0.9967767929089444,560,681,1241,0.0008058017727639033,0.0008333472224535399,0.9974214343271572,-0.00024174053182917098
40893,34.07806796779946,0.9967767929089444,560,681,1241,0.0,0.0008333472224535399,0.9972602739726046,-0.00016116035455278067
40894,34.078901315021916,0.9959709911361805,560,681,1241,-0.0008058017727639033,0.0008333472224535399,0.9970185334407755,-0.00024174053182917098
40895,34.07973466224437,0.9959709911361805,560,681,1241,0.0,0.0008333472224535399,0.9967767929089465,-0.00024174053182917098
40896,34.08056800946682,0.9967767929089444,560,681,1241,0.0008058017727639033,0.0008333472224535399,0.9966156325543938,-0.00016116035455278067
40897,34.08140135668928,0.9983883964544722,560,681,1241,0.0016116035455278066,0.0008333472224535399,0.9966962127316703,8.058017727639034e-05
40898,34.08223470391173,0.9983883964544722,560,681,1241,0.0,0.0008333472224535399,0.996857373086223,0.00016116035455278067
40899,34.083068051134184,0.9983883964544722,560,681,1241,0.0,0.0008333472224535399,0.9970185334407757,0.00016116035455278067
40900,34.08390139835664,0.9983883964544722,560,681,1241,0.0,0.0008333472224535399,0.9971796937953284,0.00016116035455278067
40901,34.08473474557909,0.9983883964544722,560,681,1241,0.0,0.0008333472224535399,0.9974214343271575,0.00024174053182917098
40902,34.08556809280155,0.9983883964544722,560,681,1241,0.0,0.0008333472224606453,0.9975825946817102,0.00016116035455278067
40903,34.086401440024005,1.0,560,681,1241,0.0016116035455278066,0.0008333472224535399,0.9979049153908157,0.00032232070910556134
40904,34.08723478724646,1.0,560,681,1241,0.0,0.0008333472224535399,0.9983078162771977,0.00040290088638195165
40905,34.08806813446891,1.0,560,681,1241,0.0,0.0008333472224535399,0.9987107171635795,0.00040290088638195165
40906,34.088901481691366,1.0,560,681,1241,0.0,0.0008333472224535399,0.999033037872685,0.00032232070910556134
40907,34.08973482891382,1.0,560,681,1241,0.0,0.0008333472224535399,0.999194198227238,0.00016116035455278067
40908,34.09056817613627,1.0,560,681,1241,0.0,0.0008333472224535399,0.9993553585817907,0.00016116035455278067
40909,34.091401523358726,1.0,560,681,1241,0.0,0.0008333472224535399,0.9995165189363433,0.00016116035455278067
40910,34.09223487058118,1.0,560,681,1241,0.0,0.0008333472224535399,0.999677679290896,0.00016116035455278067
40911,34.09306821780363,1.0,560,681,1241,0.0,0.0008333472224535399,0.9998388396454487,0.00016116035455278067
40912,34.09390156502609,1.0,560,681,1241,0.0,0.0008333472224535399,1.0000000000000013,0.00016116035455278067
40913,34.09473491224854,0.9983883964544722,560,681,1241,-0.0016116035455278066,0.0008333472224535399,0.9998388396454487,-0.00016116035455278067
40914,34.095568259470994,1.0,560,681,1241,0.0016116035455278066,0.0008333472224535399,0.9998388396454487,0.0
40915,34.09640160669345,1.0,560,681,1241,0.0,0.0008333472224535399,0.9998388396454487,0.0
40916,34.0972349539159,1.0,560,681,1241,0.0,0.0008333472224535399,0.9998388396454487,0.0
40917,34.098068301138355,1.0,560,681,1241,0.0,0.0008333472224535399,0.9998388396454487,0.0
40918,34.09890164836081,1.0,560,681,1241,0.0,0.0008333472224535399,0.9998388396454487,0.0
40919,34.09973499558326,1.0,560,681,1241,0.0,0.0008333472224535399,0.9998388396454487,0.0
40920,34.100568342805715,1.0,560,681,1241,0.0,0.0008333472224535399,0.9998388396454487,0.0
40921,34.10140169002817,1.0,560,681,1241,0.0,0.0008333472224535399,0.9998388396454487,0.0
40922,34.10223503725062,1.0,560,681,1241,0.0,0.0008333472224535399,0.9998388396454487,0.0
40923,34.103068384473076,1.0,560,681,1241,0.0,0.0008333472224535399,1.0000000000000013,0.00016116035455278067
40924,34.10390173169553,1.0,560,681,1241,0.0,0.0008333472224535399,1.0000000000000013,0.0
40925,34.10473507891798,1.0,560,681,1241,0.0,0.0008333472224535399,1.0000000000000013,0.0
40926,34.10556842614044,1.0,560,681,1241,0.0,0.0008333472224535399,1.0000000000000013,0.0
40927,34.10640177336289,1.0,560,681,1241,0.0,0.0008333472224535399,1.0000000000000013,0.0
40928,34.107235120585344,1.0,560,681,1241,0.0,0.0008333472224535399,1.0000000000000013,0.0
40929,34.1080684678078,1.0,560,681,1241,0.0,0.0008333472224535399,1.0000000000000013,0.0
40930,34.10890181503025,1.0,560,681,1241,0.0,0.0008333472224535399,1.0000000000000013,0.0
40931,34.109735162252704,1.0,560,681,1241,0.0,0.0008333472224535399,1.0000000000000013,0.0
40932,34.11056850947516,1.0,560,681,1241,0.0,0.0008333472224535399,1.0000000000000013,0.0
40933,34.11140185669761,0.9991941982272361,560,681,1241,-0.0008058017727639033,0.0008333472224535399,0.999919419822725,-8.058017727639034e-05
40934,34.112235203920065,0.9991941982272361,560,681,1241,0.0,0.0008333472224535399,0.9998388396454487,-8.058017727639034e-05
40935,34.11306855114252,0.9991941982272361,560,681,1241,0.0,0.0008333472224535399,0.9997582594681724,-8.058017727639034e-05
40936,34.11390189836497,0.9991941982272361,560,681,1241,0.0,0.0008333472224535399,0.999677679290896,-8.058017727639034e-05
40937,34.114735245587426,0.9991941982272361,560,681,1241,0.0,0.0008333472224535399,0.9995970991136197,-8.058017727639034e-05
40938,34.11556859280988,0.9991941982272361,560,681,1241,0.0,0.0008333472224535399,0.9995165189363433,-8.058017727639034e-05
40939,34.11640194003233,0.9991941982272361,560,681,1241,0.0,0.0008333472224535399,0.999435938759067,-8.058017727639034e-05
40940,34.117235287254786,0.9991941982272361,560,681,1241,0.0,0.0008333472224535399,0.9993553585817907,-8.058017727639034e-05
40941,34.11806863447724,0.9991941982272361,560,681,1241,0.0,0.0008333472224535399,0.9992747784045143,-8.058017727639034e-05
40942,34.11890198169969,0.9991941982272361,560,681,1241,0.0,0.0008333472224535399,0.999194198227238,-8.058017727639034e-05
40943,34.11973532892215,1.0,560,681,1241,0.0008058017727639033,0.0008333472224535399,0.9992747784045143,8.058017727639034e-05
40944,34.1205686761446,1.0,560,681,1241,0.0,0.0008333472224535399,0.9993553585817907,8.058017727639034e-05
40945,34.12140202336706,1.0,560,681,1241,0.0,0.0008333472224606453,0.999435938759067,8.058017727639034e-05
40946,34.122235370589515,1.0,560,681,1241,0.0,0.0008333472224535399,0.9995165189363433,8.058017727639034e-05
40947,34.12306871781197,1.0,560,681,1241,0.0,0.0008333472224535399,0.9995970991136197,8.058017727639034e-05
40948,34.12390206503442,1.0,560,681,1241,0.0,0.0008333472224535399,0.999677679290896,8.058017727639034e-05
40949,34.124735412256875,0.9991941982272361,560,681,1241,-0.0008058017727639033,0.0008333472224535399,0.999677679290896,0.0
40950,34.12556875947933,1.0,560,681,1241,0.0008058017727639033,0.0008333472224535399,0.9997582594681724,8.058017727639034e-05
40951,34.12640210670178,1.0,560,681,1241,0.0,0.0008333472224535399,0.9998388396454487,8.058017727639034e-05
40952,34.127235453924236,1.0,560,681,1241,0.0,0.0008333472224535399,0.999919419822725,8.058017727639034e-05
40953,34.12806880114669,1.0,560,681,1241,0.0,0.0008333472224535399,0.999919419822725,0.0
40954,34.12890214836914,1.0,560,681,1241,0.0,0.0008333472224535399,0.999919419822725,0.0
40955,34.129735495591596,1.0,560,681,1241,0.0,0.0008333472224535399,0.999919419822725,0.0
40956,34.13056884281405,1.0,560,681,1241,0.0,0.0008333472224535399,0.999919419822725,0.0
40957,34.1314021900365,1.0,560,681,1241,0.0,0.0008333472224535399,0.999919419822725,0.0
40958,34.13223553725896,1.0,560,681,1241,0.0,0.0008333472224535399,0.999919419822725,0.0
40959,34.13306888448141,0.9991941982272361,560,681,1241,-0.0008058017727639033,0.0008333472224535399,0.999919419822725,0.0
40960,34.133902231703864,0.9991941982272361,560,681,1241,0.0,0.0008333472224535399,0.9998388396454487,-8.058017727639034e-05
40961,34.13473557892632,0.9991941982272361,560,681,1241,0.0,0.0008333472224535399,0.9997582594681724,-8.058017727639034e-05
40962,34.13556892614877,0.9991941982272361,560,681,1241,0.0,0.0008333472224535399,0.999677679290896,-8.058017727639034e-05
40963,34.136402273371225,0.9991941982272361,560,681,1241,0.0,0.0008333472224535399,0.9995970991136197,-8.058017727639034e-05
40964,34.13723562059368,0.9991941982272361,560,681,1241,0.0,0.0008333472224535399,0.9995165189363433,-8.058017727639034e-05
40965,34.13806896781613,0.9991941982272361,560,681,1241,0.0,0.0008333472224535399,0.999435938759067,-8.058017727639034e-05
40966,34.138902315038585,1.0,560,681,1241,0.0008058017727639033,0.0008333472224535399,0.999435938759067,0.0
40967,34.13973566226104,1.0,560,681,1241,0.0,0.0008333472224535399,0.999435938759067,0.0
40968,34.14056900948349,1.0,560,681,1241,0.0,0.0008333472224535399,0.999435938759067,0.0
40969,34.141402356705946,1.0,560,681,1241,0.0,0.0008333472224535399,0.9995165189363433,8.058017727639034e-05
40970,34.1422357039284,1.0,560,681,1241,0.0,0.0008333472224535399,0.9995970991136197,8.058017727639034e-05
40971,34.14306905115085,1.0,560,681,1241,0.0,0.0008333472224535399,0.999677679290896,8.058017727639034e-05
40972,34.14390239837331,1.0,560,681,1241,0.0,0.0008333472224535399,0.9997582594681724,8.058017727639034e-05
40973,34.14473574559576,1.0,560,681,1241,0.0,0.0008333472224535399,0.9998388396454487,8.058017727639034e-05
40974,34.145569092818214,1.0,560,681,1241,0.0,0.0008333472224535399,0.999919419822725,8.058017727639034e-05
40975,34.14640244004067,1.0,560,681,1241,0.0,0.0008333472224535399,1.0000000000000013,8.058017727639034e-05
40976,34.14723578726312,1.0,560,681,1241,0.0,0.0008333472224535399,1.0000000000000013,0.0
40977,34.148069134485574,1.0,560,681,1241,0.0,0.0008333472224535399,1.0000000000000013,0.0
40978,34.14890248170803,0.9991941982272361,560,681,1241,-0.0008058017727639033,0.0008333472224535399,0.999919419822725,-8.058017727639034e-05
40979,34.14973582893048,0.9991941982272361,560,681,1241,0.0,0.0008333472224535399,0.9998388396454487,-8.058017727639034e-05
40980,34.150569176152935,0.9991941982272361,560,681,1241,0.0,0.0008333472224535399,0.9997582594681724,-8.058017727639034e-05
40981,34.15140252337539,0.9991941982272361,560,681,1241,0.0,0.0008333472224535399,0.999677679290896,-8.058017727639034e-05
40982,34.15223587059784,0.9991941982272361,560,681,1241,0.0,0.0008333472224535399,0.9995970991136197,-8.058017727639034e-05
40983,34.153069217820295,0.9991941982272361,560,681,1241,0.0,0.0008333472224535399,0.9995165189363433,-8.058017727639034e-05
40984,34.15390256504275,0.9991941982272361,560,681,1241,0.0,0.0008333472224535399,0.999435938759067,-8.058017727639034e-05
40985,34.1547359122652,0.9991941982272361,560,681,1241,0.0,0.0008333472224535399,0.9993553585817907,-8.058017727639034e-05
40986,34.155569259487656,0.9991941982272361,560,681,1241,0.0,0.0008333472224535399,0.9992747784045143,-8.058017727639034e-05
40987,34.15640260671012,1.0,560,681,1241,0.0008058017727639033,0.0008333472224606453,0.9992747784045143,0.0
40988,34.15723595393257,1.0,560,681,1241,0.0,0.0008333472224535399,0.9993553585817907,8.058017727639034e-05
40989,34.158069301155024,1.0,560,681,1241,0.0,0.0008333472224535399,0.999435938759067,8.058017727639034e-05
40990,34.15890264837748,1.0,560,681,1241,0.0,0.0008333472224535399,0.9995165189363433,8.058017727639034e-05
40991,34.15973599559993,1.0,560,681,1241,0.0,0.0008333472224535399,0.9995970991136197,8.058017727639034e-05
40992,34.160569342822384,1.0,560,681,1241,0.0,0.0008333472224535399,0.999677679290896,8.058017727639034e-05
40993,34.16140269004484,1.0,560,681,1241,0.0,0.0008333472224535399,0.9997582594681724,8.058017727639034e-05
40994,34.16223603726729,1.0,560,681,1241,0.0,0.0008333472224535399,0.9998388396454487,8.058017727639034e-05
40995,34.163069384489745,1.0,560,681,1241,0.0,0.0008333472224535399,0.999919419822725,8.058017727639034e-05
40996,34.1639027317122,0.9991941982272361,560,681,1241,-0.0008058017727639033,0.0008333472224535399,0.999919419822725,0.0
40997,34.16473607893465,1.0,560,681,1241,0.0008058017727639033,0.0008333472224535399,0.999919419822725,0.0
40998,34.165569426157106,0.9991941982272361,560,681,1241,-0.0008058017727639033,0.0008333472224535399,0.9998388396454487,-8.058017727639034e-05
40999,34.16640277337956,0.9991941982272361,560,681,1241,0.0,0.0008333472224535399,0.9997582594681724,-8.058017727639034e-05
41000,34.16723612060201,1.0,560,681,1241,0.0008058017727639033,0.0008333472224535399,0.9997582594681724,0.0
41001,34.168069467824466,1.0,560,681,1241,0.0,0.0008333472224535399,0.9997582594681724,0.0
41002,34.16890281504692,1.0,560,681,1241,0.0,0.0008333472224535399,0.9997582594681724,0.0
41003,34.16973616226937,1.0,560,681,1241,0.0,0.0008333472224535399,0.9997582594681724,0.0
41004,34.17056950949183,1.0,560,681,1241,0.0,0.0008333472224535399,0.9997582594681724,0.0
41005,34.17140285671428,1.0,560,681,1241,0.0,0.0008333472224535399,0.9997582594681724,0.0
41006,34.172236203936734,1.0,560,681,1241,0.0,0.0008333472224535399,0.9998388396454487,8.058017727639034e-05
41007,34.17306955115919,1.0,560,681,1241,0.0,0.0008333472224535399,0.9998388396454487,0.0
41008,34.17390289838164,0.9991941982272361,560,681,1241,-0.0008058017727639033,0.0008333472224535399,0.9998388396454487,0.0
41009,34.174736245604095,0.9991941982272361,560,681,1241,0.0,0.0008333472224535399,0.9998388396454487,0.0
41010,34.17556959282655,0.9991941982272361,560,681,1241,0.0,0.0008333472224535399,0.9997582594681724,-8.058017727639034e-05
41011,34.176402940049,1.0,560,681,1241,0.0008058017727639033,0.0008333472224535399,0.9997582594681724,0.0
41012,34.177236287271455,1.0,560,681,1241,0.0,0.0008333472224535399,0.9997582594681724,0.0
41013,34.17806963449391,1.0,560,681,1241,0.0,0.0008333472224535399,0.9997582594681724,0.0
41014,34.17890298171636,1.0,560,681,1241,0.0,0.0008333472224535399,0.9997582594681724,0.0
41015,34.179736328938816,1.0,560,681,1241,0.0,0.0008333472224535399,0.9997582594681724,0.0
41016,34.18056967616127,0.9991941982272361,560,681,1241,-0.0008058017727639033,0.0008333472224535399,0.999677679290896,-8.058017727639034e-05
41017,34.18140302338372,0.9991941982272361,560,681,1241,0.0,0.0008333472224535399,0.9995970991136197,-8.058017727639034e-05
41018,34.18223637060618,0.9991941982272361,560,681,1241,0.0,0.0008333472224535399,0.9995970991136197,0.0
41019,34.18306971782863,1.0,560,681,1241,0.0008058017727639033,0.0008333472224535399,0.999677679290896,8.058017727639034e-05
41020,34.183903065051084,1.0,560,681,1241,0.0,0.0008333472224535399,0.9997582594681724,8.058017727639034e-05
41021,34.18473641227354,1.0,560,681,1241,0.0,0.0008333472224535399,0.9997582594681724,0.0
41022,34.18556975949599,1.0,560,681,1241,0.0,0.0008333472224535399,0.9997582594681724,0.0
41023,34.186403106718444,0.9991941982272361,560,681,1241,-0.0008058017727639033,0.0008333472224535399,0.999677679290896,-8.058017727639034e-05
41024,34.1872364539409,0.9991941982272361,560,681,1241,0.0,0.0008333472224535399,0.9995970991136197,-8.058017727639034e-05
41025,34.18806980116335,0.9991941982272361,560,681,1241,0.0,0.0008333472224535399,0.9995165189363433,-8.058017727639034e-05
41026,34.188903148385805,0.9991941982272361,560,681,1241,0.0,0.0008333472224535399,0.9995165189363433,0.0
41027,34.18973649560826,0.9991941982272361,560,681,1241,0.0,0.0008333472224535399,0.9995165189363433,0.0
41028,34.19056984283071,0.9991941982272361,560,681,1241,0.0,0.0008333472224535399,0.9995165189363433,0.0
41029,34.19140319005317,1.0,560,681,1241,0.0008058017727639033,0.0008333472224606453,0.9995165189363433,0.0
41030,34.192236537275626,1.0,560,681,1241,0.0,0.0008333472224535399,0.9995165189363433,0.0
41031,34.19306988449808,1.0,560,681,1241,0.0,0.0008333472224535399,0.9995165189363433,0.0
41032,34.19390323172053,1.0,560,681,1241,0.0,0.0008333472224535399,0.9995165189363433,0.0
41033,34.19473657894299,1.0,560,681,1241,0.0,0.0008333472224535399,0.9995970991136197,8.058017727639034e-05
41034,34.19556992616544,1.0,560,681,1241,0.0,0.0008333472224535399,0.999677679290896,8.058017727639034e-05
41035,34.196403273387894,1.0,560,681,1241,0.0,0.0008333472224535399,0.9997582594681724,8.058017727639034e-05
41036,34.19723662061035,1.0,560,681,1241,0.0,0.0008333472224535399,0.9998388396454487,8.058017727639034e-05
41037,34.1980699678328,1.0,560,681,1241,0.0,0.0008333472224535399,0.999919419822725,8.058017727639034e-05
41038,34.198903315055254,1.0,560,681,1241,0.0,0.0008333472224535399,1.0000000000000013,8.058017727639034e-05
41039,34.19973666227771,1.0,560,681,1241,0.0,0.0008333472224535399,1.0000000000000013,0.0
41040,34.20057000950016,1.0,560,681,1241,0.0,0.0008333472224535399,1.0000000000000013,0.0
41041,34.201403356722615,1.0,560,681,1241,0.0,0.0008333472224535399,1.0000000000000013,0.0
41042,34.20223670394507,1.0,560,681,1241,0.0,0.0008333472224535399,1.0000000000000013,0.0
41043,34.20307005116752,1.0,560,681,1241,0.0,0.0008333472224535399,1.0000000000000013,0.0
41044,34.203903398389976,1.0,560,681,1241,0.0,0.0008333472224535399,1.0000000000000013,0.0
41045,34.20473674561243,1.0,560,681,1241,0.0,0.0008333472224535399,1.0000000000000013,0.0
41046,34.20557009283488,1.0,560,681,1241,0.0,0.0008333472224535399,1.0000000000000013,0.0
41047,34.206403440057336,1.0,560,681,1241,0.0,0.0008333472224535399,1.0000000000000013,0.0
41048,34.20723678727979,1.0,560,681,1241,0.0,0.0008333472224535399,1.0000000000000013,0.0
41049,34.20807013450224,1.0,560,681,1241,0.0,0.0008333472224535399,1.0000000000000013,0.0
41050,34.2089034817247,1.0,560,681,1241,0.0,0.0008333472224535399,1.0000000000000013,0.0
41051,34.20973682894715,1.0,560,681,1241,0.0,0.0008333472224535399,1.0000000000000013,0.0
41052,34.210570176169604,1.0,560,681,1241,0.0,0.0008333472224535399,1.0000000000000013,0.0
41053,34.21140352339206,1.0,560,681,1241,0.0,0.0008333472224535399,1.0000000000000013,0.0
41054,34.21223687061451,1.0,560,681,1241,0.0,0.0008333472224535399,1.0000000000000013,0.0
41055,34.213070217836965,0.9991941982272361,560,681,1241,-0.0008058017727639033,0.0008333472224535399,0.999919419822725,-8.058017727639034e-05
41056,34.21390356505942,1.0,560,681,1241,0.0008058017727639033,0.0008333472224535399,0.999919419822725,0.0
41057,34.21473691228187,1.0,560,681,1241,0.0,0.0008333472224535399,0.999919419822725,0.0
41058,34.215570259504325,1.0,560,681,1241,0.0,0.0008333472224535399,0.999919419822725,0.0
41059,34.21640360672678,1.0,560,681,1241,0.0,0.0008333472224535399,0.999919419822725,0.0
41060,34.21723695394923,1.0,560,681,1241,0.0,0.0008333472224535399,0.999919419822725,0.0
41061,34.218070301171686,1.0,560,681,1241,0.0,0.0008333472224535399,0.999919419822725,0.0
41062,34.21890364839414,1.0,560,681,1241,0.0,0.0008333472224535399,0.999919419822725,0.0
41063,34.21973699561659,1.0,560,681,1241,0.0,0.0008333472224535399,0.999919419822725,0.0
41064,34.220570342839046,1.0,560,681,1241,0.0,0.0008333472224535399,0.999919419822725,0.0
41065,34.2214036900615,1.0,560,681,1241,0.0,0.0008333472224535399,1.0000000000000013,8.058017727639034e-05
41066,34.22223703728395,1.0,560,681,1241,0.0,0.0008333472224535399,1.0000000000000013,0.0
41067,34.22307038450641,1.0,560,681,1241,0.0,0.0008333472224535399,1.0000000000000013,0.0
41068,34.22390373172886,1.0,560,681,1241,0.0,0.0008333472224535399,1.0000000000000013,0.0
41069,34.224737078951314,1.0,560,681,1241,0.0,0.0008333472224535399,1.0000000000000013,0.0
41070,34.22557042617377,1.0,560,681,1241,0.0,0.0008333472224535399,1.0000000000000013,0.0
41071,34.22640377339622,1.0,560,681,1241,0.0,0.0008333472224535399,1.0000000000000013,0.0
41072,34.22723712061868,1.0,560,681,1241,0.0,0.0008333472224606453,1.0000000000000013,0.0
41073,34.228070467841135,1.0,560,681,1241,0.0,0.0008333472224535399,1.0000000000000013,0.0
41074,34.22890381506359,1.0,560,681,1241,0.0,0.0008333472224535399,1.0000000000000013,0.0
41075,34.22973716228604,1.0,560,681,1241,0.0,0.0008333472224535399,1.0000000000000013,0.0
41076,34.230570509508496,1.0,560,681,1241,0.0,0.0008333472224535399,1.0000000000000013,0.0
41077,34.23140385673095,1.0,560,681,1241,0.0,0.0008333472224535399,1.0000000000000013,0.0
41078,34.2322372039534,1.0,560,681,1241,0.0,0.0008333472224535399,1.0000000000000013,0.0
41079,34.23307055117586,1.0,560,681,1241,0.0,0.0008333472224535399,1.0000000000000013,0.0
41080,34.23390389839831,1.0,560,681,1241,0.0,0.0008333472224535399,1.0000000000000013,0.0
41081,34.234737245620764,1.0,560,681,1241,0.0,0.0008333472224535399,1.0000000000000013,0.0
41082,34.23557059284322,1.0,560,681,1241,0.0,0.0008333472224535399,1.0000000000000013,0.0
41083,34.23640394006567,1.0,560,681,1241,0.0,0.0008333472224535399,1.0000000000000013,0.0
41084,34.237237287288124,1.0,560,681,1241,0.0,0.0008333472224535399,1.0000000000000013,0.0
41085,34.23807063451058,0.9991941982272361,560,681,1241,-0.0008058017727639033,0.0008333472224535399,0.999919419822725,-8.058017727639034e-05
41086,34.23890398173303,0.9991941982272361,560,681,1241,0.0,0.0008333472224535399,0.9998388396454487,-8.058017727639034e-05
41087,34.239737328955485,0.9991941982272361,560,681,1241,0.0,0.0008333472224535399,0.9997582594681724,-8.058017727639034e-05
41088,34.24057067617794,0.9991941982272361,560,681,1241,0.0,0.0008333472224535399,0.999677679290896,-8.058017727639034e-05
41089,34.24140402340039,1.0,560,681,1241,0.0008058017727639033,0.0008333472224535399,0.999677679290896,0.0
41090,34.242237370622846,1.0,560,681,1241,0.0,0.0008333472224535399,0.999677679290896,0.0
41091,34.2430707178453,0.9991941982272361,560,681,1241,-0.0008058017727639033,0.0008333472224535399,0.9995970991136197,-8.058017727639034e-05
41092,34.24390406506775,1.0,560,681,1241,0.0008058017727639033,0.0008333472224535399,0.9995970991136197,0.0
41093,34.244737412290206,1.0,560,681,1241,0.0,0.0008333472224535399,0.9995970991136197,0.0
41094,34.24557075951266,1.0,560,681,1241,0.0,0.0008333472224535399,0.9995970991136197,0.0
41095,34.24640410673511,1.0,560,681,1241,0.0,0.0008333472224535399,0.999677679290896,8.058017727639034e-05
41096,34.24723745395757,1.0,560,681,1241,0.0,0.0008333472224535399,0.9997582594681724,8.058017727639034e-05
41097,34.24807080118002,1.0,560,681,1241,0.0,0.0008333472224535399,0.9998388396454487,8.058017727639034e-05
41098,34.248904148402474,1.0,560,681,1241,0.0,0.0008333472224535399,0.999919419822725,8.058017727639034e-05
41099,34.24973749562493,1.0,560,681,1241,0.0,0.0008333472224535399,0.999919419822725,0.0
41100,34.25057084284738,1.0,560,681,1241,0.0,0.0008333472224535399,0.999919419822725,0.0
41101,34.251404190069834,1.0,560,681,1241,0.0,0.0008333472224535399,1.0000000000000013,8.058017727639034e-05
41102,34.25223753729229,1.0,560,681,1241,0.0,0.0008333472224535399,1.0000000000000013,0.0
41103,34.25307088451474,1.0,560,681,1241,0.0,0.0008333472224535399,1.0000000000000013,0.0
41104,34.253904231737195,1.0,560,681,1241,0.0,0.0008333472224535399,1.0000000000000013,0.0
41105,34.25473757895965,1.0,560,681,1241,0.0,0.0008333472224535399,1.0000000000000013,0.0
41106,34.2555709261821,0.9991941982272361,560,681,1241,-0.0008058017727639033,0.0008333472224535399,0.999919419822725,-8.058017727639034e-05
41107,34.256404273404556,0.9991941982272361,560,681,1241,0.0,0.0008333472224535399,0.9998388396454487,-8.058017727639034e-05
41108,34.25723762062701,0.9991941982272361,560,681,1241,0.0,0.0008333472224535399,0.9997582594681724,-8.058017727639034e-05
41109,34.25807096784946,0.9991941982272361,560,681,1241,0.0,0.0008333472224535399,0.999677679290896,-8.058017727639034e-05
41110,34.258904315071916,0.9991941982272361,560,681,1241,0.0,0.0008333472224535399,0.9995970991136197,-8.058017727639034e-05
41111,34.25973766229437,0.9991941982272361,560,681,1241,0.0,0.0008333472224535399,0.9995165189363433,-8.058017727639034e-05
41112,34.26057100951682,0.9991941982272361,560,681,1241,0.0,0.0008333472224535399,0.999435938759067,-8.058017727639034e-05
41113,34.26140435673928,0.9991941982272361,560,681,1241,0.0,0.0008333472224535399,0.9993553585817907,-8.058017727639034e-05
41114,34.26223770396174,0.9991941982272361,560,681,1241,0.0,0.0008333472224606453,0.9992747784045143,-8.058017727639034e-05
41115,34.26307105118419,0.9991941982272361,560,681,1241,0.0,0.0008333472224535399,0.999194198227238,-8.058017727639034e-05
41116,34.263904398406645,0.9991941982272361,560,681,1241,0.0,0.0008333472224535399,0.999194198227238,0.0
41117,34.2647377456291,0.9991941982272361,560,681,1241,0.0,0.0008333472224535399,0.999194198227238,0.0
41118,34.26557109285155,1.0,560,681,1241,0.0008058017727639033,0.0008333472224535399,0.9992747784045143,8.058017727639034e-05
41119,34.266404440074005,1.0,560,681,1241,0.0,0.0008333472224535399,0.9993553585817907,8.058017727639034e-05
41120,34.26723778729646,1.0,560,681,1241,0.0,0.0008333472224535399,0.999435938759067,8.058017727639034e-05
41121,34.26807113451891,1.0,560,681,1241,0.0,0.0008333472224535399,0.9995165189363433,8.058017727639034e-05
41122,34.268904481741366,1.0,560,681,1241,0.0,0.0008333472224535399,0.9995970991136197,8.058017727639034e-05
41123,34.26973782896382,1.0,560,681,1241,0.0,0.0008333472224535399,0.999677679290896,8.058017727639034e-05
41124,34.27057117618627,1.0,560,681,1241,0.0,0.0008333472224535399,0.9997582594681724,8.058017727639034e-05
41125,34.27140452340873,1.0,560,681,1241,0.0,0.0008333472224535399,0.9998388396454487,8.058017727639034e-05
41126,34.27223787063118,1.0,560,681,1241,0.0,0.0008333472224535399,0.999919419822725,8.058017727639034e-05
41127,34.273071217853634,1.0,560,681,1241,0.0,0.0008333472224535399,1.0000000000000013,8.058017727639034e-05
41128,34.27390456507609,1.0,560,681,1241,0.0,0.0008333472224535399,1.0000000000000013,0.0
41129,34.27473791229854,1.0,560,681,1241,0.0,0.0008333472224535399,1.0000000000000013,0.0
41130,34.275571259520994,1.0,560,681,1241,0.0,0.0008333472224535399,1.0000000000000013,0.0
41131,34.27640460674345,1.0,560,681,1241,0.0,0.0008333472224535399,1.0000000000000013,0.0
41132,34.2772379539659,1.0,560,681,1241,0.0,0.0008333472224535399,1.0000000000000013,0.0
41133,34.278071301188355,1.0,560,681,1241,0.0,0.0008333472224535399,1.0000000000000013,0.0
41134,34.27890464841081,1.0,560,681,1241,0.0,0.0008333472224535399,1.0000000000000013,0.0
41135,34.27973799563326,0.9991941982272361,560,681,1241,-0.0008058017727639033,0.0008333472224535399,0.999919419822725,-8.058017727639034e-05
41136,34.280571342855715,0.9991941982272361,560,681,1241,0.0,0.0008333472224535399,0.9998388396454487,-8.058017727639034e-05
41137,34.28140469007817,0.9991941982272361,560,681,1241,0.0,0.0008333472224535399,0.9997582594681724,-8.058017727639034e-05
41138,34.28223803730062,0.9991941982272361,560,681,1241,0.0,0.0008333472224535399,0.999677679290896,-8.058017727639034e-05
41139,34.283071384523076,1.0,560,681,1241,0.0008058017727639033,0.0008333472224535399,0.999677679290896,0.0
41140,34.28390473174553,1.0,560,681,1241,0.0,0.0008333472224535399,0.999677679290896,0.0
41141,34.28473807896798,1.0,560,681,1241,0.0,0.0008333472224535399,0.999677679290896,0.0
41142,34.28557142619044,1.0,560,681,1241,0.0,0.0008333472224535399,0.999677679290896,0.0
41143,34.28640477341289,1.0,560,681,1241,0.0,0.0008333472224535399,0.999677679290896,0.0
41144,34.287238120635344,1.0,560,681,1241,0.0,0.0008333472224535399,0.999677679290896,0.0
41145,34.2880714678578,1.0,560,681,1241,0.0,0.0008333472224535399,0.9997582594681724,8.058017727639034e-05
41146,34.28890481508025,0.9991941982272361,560,681,1241,-0.0008058017727639033,0.0008333472224535399,0.9997582594681724,0.0
41147,34.289738162302704,0.9991941982272361,560,681,1241,0.0,0.0008333472224535399,0.9997582594681724,0.0
41148,34.29057150952516,0.9983883964544722,560,681,1241,-0.0008058017727639033,0.0008333472224535399,0.999677679290896,-8.058017727639034e-05
41149,34.29140485674761,0.9991941982272361,560,681,1241,0.0008058017727639033,0.0008333472224535399,0.9995970991136197,-8.058017727639034e-05
41150,34.292238203970065,0.9991941982272361,560,681,1241,0.0,0.0008333472224535399,0.9995165189363433,-8.058017727639034e-05
41151,34.29307155119252,0.9991941982272361,560,681,1241,0.0,0.0008333472224535399,0.999435938759067,-8.058017727639034e-05
41152,34.29390489841497,0.9991941982272361,560,681,1241,0.0,0.0008333472224535399,0.9993553585817907,-8.058017727639034e-05
41153,34.294738245637426,0.9991941982272361,560,681,1241,0.0,0.0008333472224535399,0.9992747784045143,-8.058017727639034e-05
41154,34.29557159285988,0.9991941982272361,560,681,1241,0.0,0.0008333472224535399,0.999194198227238,-8.058017727639034e-05
41155,34.29640494008233,0.9991941982272361,560,681,1241,0.0,0.0008333472224535399,0.9991136180499616,-8.058017727639034e-05
41156,34.29723828730479,0.9991941982272361,560,681,1241,0.0,0.0008333472224606453,0.9991136180499616,0.0
41157,34.29807163452725,0.9983883964544722,560,681,1241,-0.0008058017727639033,0.0008333472224535399,0.9990330378726853,-8.058017727639034e-05
41158,34.2989049817497,0.9983883964544722,560,681,1241,0.0,0.0008333472224535399,0.9990330378726853,0.0
41159,34.299738328972154,0.9983883964544722,560,681,1241,0.0,0.0008333472224535399,0.998952457695409,-8.058017727639034e-05
41160,34.30057167619461,0.9975825946817083,560,681,1241,-0.0008058017727639033,0.0008333472224535399,0.998791297340856,-0.00016116035455278067
41161,34.30140502341706,0.9983883964544722,560,681,1241,0.0008058017727639033,0.0008333472224535399,0.9987107171635795,-8.058017727639034e-05
41162,34.302238370639515,0.9983883964544722,560,681,1241,0.0,0.0008333472224535399,0.9986301369863032,-8.058017727639034e-05
41163,34.30307171786197,0.9991941982272361,560,681,1241,0.0008058017727639033,0.0008333472224535399,0.9986301369863032,0.0
41164,34.30390506508442,0.9991941982272361,560,681,1241,0.0,0.0008333472224535399,0.9986301369863032,0.0
41165,34.304738412306875,1.0,560,681,1241,0.0008058017727639033,0.0008333472224535399,0.9987107171635795,8.058017727639034e-05
41166,34.30557175952933,1.0,560,681,1241,0.0,0.0008333472224535399,0.9987912973408559,8.058017727639034e-05
41167,34.30640510675178,1.0,560,681,1241,0.0,0.0008333472224535399,0.9989524576954085,0.00016116035455278067
41168,34.307238453974236,0.9991941982272361,560,681,1241,-0.0008058017727639033,0.0008333472224535399,0.9990330378726849,8.058017727639034e-05
41169,34.30807180119669,0.9991941982272361,560,681,1241,0.0,0.0008333472224535399,0.9991136180499612,8.058017727639034e-05
41170,34.30890514841914,0.9991941982272361,560,681,1241,0.0,0.0008333472224535399,0.9992747784045142,0.00016116035455278067
41171,34.3097384956416,0.9991941982272361,560,681,1241,0.0,0.0008333472224535399,0.9993553585817907,8.058017727639034e-05
41172,34.31057184286405,0.9991941982272361,560,681,1241,0.0,0.0008333472224535399,0.999435938759067,8.058017727639034e-05
41173,34.311405190086504,0.9991941982272361,560,681,1241,0.0,0.0008333472224535399,0.999435938759067,0.0
41174,34.31223853730896,1.0,560,681,1241,0.0008058017727639033,0.0008333472224535399,0.9995165189363433,8.058017727639034e-05
41175,34.31307188453141,1.0,560,681,1241,0.0,0.0008333472224535399,0.9995165189363433,0.0
41176,34.313905231753864,1.0,560,681,1241,0.0,0.0008333472224535399,0.9995165189363433,0.0
41177,34.31473857897632,1.0,560,681,1241,0.0,0.0008333472224535399,0.9995165189363433,0.0
41178,34.31557192619877,1.0,560,681,1241,0.0,0.0008333472224535399,0.9995970991136197,8.058017727639034e-05
41179,34.316405273421225,1.0,560,681,1241,0.0,0.0008333472224535399,0.999677679290896,8.058017727639034e-05
41180,34.31723862064368,1.0,560,681,1241,0.0,0.0008333472224535399,0.9997582594681724,8.058017727639034e-05
41181,34.31807196786613,1.0,560,681,1241,0.0,0.0008333472224535399,0.9998388396454487,8.058017727639034e-05
41182,34.318905315088585,1.0,560,681,1241,0.0,0.0008333472224535399,0.999919419822725,8.058017727639034e-05
41183,34.31973866231104,1.0,560,681,1241,0.0,0.0008333472224535399,1.0000000000000013,8.058017727639034e-05
41184,34.32057200953349,1.0,560,681,1241,0.0,0.0008333472224535399,1.0000000000000013,0.0
41185,34.321405356755946,1.0,560,681,1241,0.0,0.0008333472224535399,1.0000000000000013,0.0
41186,34.3222387039784,1.0,560,681,1241,0.0,0.0008333472224535399,1.0000000000000013,0.0
41187,34.32307205120085,1.0,560,681,1241,0.0,0.0008333472224535399,1.0000000000000013,0.0
41188,34.32390539842331,1.0,560,681,1241,0.0,0.0008333472224535399,1.0000000000000013,0.0
41189,34.32473874564576,1.0,560,681,1241,0.0,0.0008333472224535399,1.0000000000000013,0.0
41190,34.325572092868214,1.0,560,681,1241,0.0,0.0008333472224535399,1.0000000000000013,0.0
41191,34.32640544009067,1.0,560,681,1241,0.0,0.0008333472224535399,1.0000000000000013,0.0
41192,34.32723878731312,1.0,560,681,1241,0.0,0.0008333472224535399,1.0000000000000013,0.0
41193,34.328072134535574,1.0,560,681,1241,0.0,0.0008333472224535399,1.0000000000000013,0.0
41194,34.32890548175803,1.0,560,681,1241,0.0,0.0008333472224535399,1.0000000000000013,0.0
41195,34.32973882898048,1.0,560,681,1241,0.0,0.0008333472224535399,1.0000000000000013,0.0
41196,34.330572176202935,1.0,560,681,1241,0.0,0.0008333472224535399,1.0000000000000013,0.0
41197,34.33140552342539,1.0,560,681,1241,0.0,0.0008333472224535399,1.0000000000000013,0.0
41198,34.33223887064784,1.0,560,681,1241,0.0,0.0008333472224535399,1.0000000000000013,0.0
41199,34.3330722178703,1.0,560,681,1241,0.0,0.0008333472224606453,1.0000000000000013,0.0
41200,34.333905565092756,1.0,560,681,1241,0.0,0.0008333472224535399,1.0000000000000013,0.0
41201,34.33473891231521,1.0,560,681,1241,0.0,0.0008333472224535399,1.0000000000000013,0.0
41202,34.33557225953766,1.0,560,681,1241,0.0,0.0008333472224535399,1.0000000000000013,0.0
41203,34.33640560676012,1.0,560,681,1241,0.0,0.0008333472224535399,1.0000000000000013,0.0
41204,34.33723895398257,1.0,560,681,1241,0.0,0.0008333472224535399,1.0000000000000013,0.0
41205,34.338072301205024,1.0,560,681,1241,0.0,0.0008333472224535399,1.0000000000000013,0.0
41206,34.33890564842748,1.0,560,681,1241,0.0,0.0008333472224535399,1.0000000000000013,0.0
41207,34.33973899564993,1.0,560,681,1241,0.0,0.0008333472224535399,1.0000000000000013,0.0
41208,34.340572342872385,0.9991941982272361,560,681,1241,-0.0008058017727639033,0.0008333472224535399,0.999919419822725,-8.058017727639034e-05
41209,34.34140569009484,1.0,560,681,1241,0.0008058017727639033,0.0008333472224535399,0.999919419822725,0.0
41210,34.34223903731729,1.0,560,681,1241,0.0,0.0008333472224535399,0.999919419822725,0.0
41211,34.343072384539745,1.0,560,681,1241,0.0,0.0008333472224535399,0.999919419822725,0.0
41212,34.3439057317622,1.0,560,681,1241,0.0,0.0008333472224535399,0.999919419822725,0.0
41213,34.34473907898465,1.0,560,681,1241,0.0,0.0008333472224535399,0.999919419822725,0.0
41214,34.345572426207106,1.0,560,681,1241,0.0,0.0008333472224535399,0.999919419822725,0.0
41215,34.34640577342956,1.0,560,681,1241,0.0,0.0008333472224535399,0.999919419822725,0.0
41216,34.34723912065201,1.0,560,681,1241,0.0,0.0008333472224535399,0.999919419822725,0.0
41217,34.348072467874466,1.0,560,681,1241,0.0,0.0008333472224535399,0.999919419822725,0.0
41218,34.34890581509692,1.0,560,681,1241,0.0,0.0008333472224535399,1.0000000000000013,8.058017727639034e-05
41219,34.34973916231937,1.0,560,681,1241,0.0,0.0008333472224535399,1.0000000000000013,0.0
41220,34.35057250954183,1.0,560,681,1241,0.0,0.0008333472224535399,1.0000000000000013,0.0
41221,34.35140585676428,1.0,560,681,1241,0.0,0.0008333472224535399,1.0000000000000013,0.0
41222,34.352239203986734,1.0,560,681,1241,0.0,0.0008333472224535399,1.0000000000000013,0.0
41223,34.35307255120919,1.0,560,681,1241,0.0,0.0008333472224535399,1.0000000000000013,0.0
41224,34.35390589843164,1.0,560,681,1241,0.0,0.0008333472224535399,1.0000000000000013,0.0
41225,34.354739245654095,1.0,560,681,1241,0.0,0.0008333472224535399,1.0000000000000013,0.0
41226,34.35557259287655,1.0,560,681,1241,0.0,0.0008333472224535399,1.0000000000000013,0.0
41227,34.356405940099,1.0,560,681,1241,0.0,0.0008333472224535399,1.0000000000000013,0.0
41228,34.357239287321455,1.0,560,681,1241,0.0,0.0008333472224535399,1.0000000000000013,0.0
41229,34.35807263454391,0.9991941982272361,560,681,1241,-0.0008058017727639033,0.0008333472224535399,0.999919419822725,-8.058017727639034e-05
41230,34.35890598176636,1.0,560,681,1241,0.0008058017727639033,0.0008333472224535399,0.999919419822725,0.0
41231,34.359739328988816,0.9991941982272361,560,681,1241,-0.0008058017727639033,0.0008333472224535399,0.9998388396454487,-8.058017727639034e-05
41232,34.36057267621127,0.9983883964544722,560,681,1241,-0.0008058017727639033,0.0008333472224535399,0.999677679290896,-0.00016116035455278067
41233,34.36140602343372,0.9991941982272361,560,681,1241,0.0008058017727639033,0.0008333472224535399,0.9995970991136197,-8.058017727639034e-05
41234,34.36223937065618,0.9991941982272361,560,681,1241,0.0,0.0008333472224535399,0.9995165189363433,-8.058017727639034e-05
41235,34.36307271787863,0.9991941982272361,560,681,1241,0.0,0.0008333472224535399,0.999435938759067,-8.058017727639034e-05
41236,34.363906065101084,0.9991941982272361,560,681,1241,0.0,0.0008333472224535399,0.9993553585817907,-8.058017727639034e-05
41237,34.36473941232354,0.9991941982272361,560,681,1241,0.0,0.0008333472224535399,0.9992747784045143,-8.058017727639034e-05
41238,34.36557275954599,0.9983883964544722,560,681,1241,-0.0008058017727639033,0.0008333472224535399,0.9991136180499616,-0.00016116035455278067
41239,34.366406106768444,0.9983883964544722,560,681,1241,0.0,0.0008333472224535399,0.9990330378726853,-8.058017727639034e-05
41240,34.3672394539909,0.9983883964544722,560,681,1241,0.0,0.0008333472224535399,0.9988718775181326,-0.00016116035455278067
41241,34.36807280121336,0.9983883964544722,560,681,1241,0.0,0.0008333472224606453,0.9987912973408563,-8.058017727639034e-05
41242,34.36890614843581,1.0,560,681,1241,0.0016116035455278066,0.0008333472224535399,0.998952457695409,0.00016116035455278067
41243,34.369739495658266,1.0,560,681,1241,0.0,0.0008333472224535399,0.9990330378726853,8.058017727639034e-05
41244,34.37057284288072,1.0,560,681,1241,0.0,0.0008333472224535399,0.9991136180499616,8.058017727639034e-05
41245,34.37140619010317,1.0,560,681,1241,0.0,0.0008333472224535399,0.999194198227238,8.058017727639034e-05
41246,34.372239537325626,0.9991941982272361,560,681,1241,-0.0008058017727639033,0.0008333472224535399,0.999194198227238,0.0
41247,34.37307288454808,0.9991941982272361,560,681,1241,0.0,0.0008333472224535399,0.999194198227238,0.0
41248,34.37390623177053,0.9991941982272361,560,681,1241,0.0,0.0008333472224535399,0.9992747784045143,8.058017727639034e-05
41249,34.37473957899299,0.9991941982272361,560,681,1241,0.0,0.0008333472224535399,0.9993553585817907,8.058017727639034e-05
41250,34.37557292621544,0.9991941982272361,560,681,1241,0.0,0.0008333472224535399,0.999435938759067,8.058017727639034e-05
41251,34.376406273437894,1.0,560,681,1241,0.0008058017727639033,0.0008333472224535399,0.9995970991136197,0.00016116035455278067
41252,34.37723962066035,1.0,560,681,1241,0.0,0.0008333472224535399,0.9995970991136197,0.0
41253,34.3780729678828,0.9983883964544722,560,681,1241,-0.0016116035455278066,0.0008333472224535399,0.999435938759067,-0.00016116035455278067
41254,34.378906315105255,0.9983883964544722,560,681,1241,0.0,0.0008333472224535399,0.9992747784045143,-0.00016116035455278067
41255,34.37973966232771,0.9991941982272361,560,681,1241,0.0008058017727639033,0.0008333472224535399,0.999194198227238,-8.058017727639034e-05
41256,34.38057300955016,0.9991941982272361,560,681,1241,0.0,0.0008333472224535399,0.999194198227238,0.0
41257,34.381406356772615,1.0,560,681,1241,0.0008058017727639033,0.0008333472224535399,0.9992747784045143,8.058017727639034e-05
41258,34.38223970399507,1.0,560,681,1241,0.0,0.0008333472224535399,0.9993553585817907,8.058017727639034e-05
41259,34.38307305121752,1.0,560,681,1241,0.0,0.0008333472224535399,0.999435938759067,8.058017727639034e-05
41260,34.383906398439976,0.9991941982272361,560,681,1241,-0.0008058017727639033,0.0008333472224535399,0.999435938759067,0.0
41261,34.38473974566243,0.9991941982272361,560,681,1241,0.0,0.0008333472224535399,0.9993553585817907,-8.058017727639034e-05
41262,34.38557309288488,0.9991941982272361,560,681,1241,0.0,0.0008333472224535399,0.9992747784045143,-8.058017727639034e-05
41263,34.386406440107336,0.9991941982272361,560,681,1241,0.0,0.0008333472224535399,0.9993553585817907,8.058017727639034e-05
41264,34.38723978732979,1.0,560,681,1241,0.0008058017727639033,0.0008333472224535399,0.9995165189363433,0.00016116035455278067
41265,34.38807313455224,1.0,560,681,1241,0.0,0.0008333472224535399,0.9995970991136197,8.058017727639034e-05
41266,34.3889064817747,0.9975825946817083,560,681,1241,-0.00241740531829171,0.0008333472224535399,0.9994359387590668,-0.00016116035455278067
41267,34.38973982899715,1.0,560,681,1241,0.00241740531829171,0.0008333472224535399,0.9994359387590668,0.0
41268,34.390573176219604,1.0,560,681,1241,0.0,0.0008333472224535399,0.9994359387590668,0.0
41269,34.39140652344206,1.0,560,681,1241,0.0,0.0008333472224535399,0.9994359387590668,0.0
41270,34.39223987066451,1.0,560,681,1241,0.0,0.0008333472224535399,0.9995165189363432,8.058017727639034e-05
41271,34.393073217886965,1.0,560,681,1241,0.0,0.0008333472224535399,0.9995970991136195,8.058017727639034e-05
41272,34.39390656510942,1.0,560,681,1241,0.0,0.0008333472224535399,0.9996776792908959,8.058017727639034e-05
41273,34.39473991233187,1.0,560,681,1241,0.0,0.0008333472224535399,0.9997582594681722,8.058017727639034e-05
41274,34.395573259554325,1.0,560,681,1241,0.0,0.0008333472224535399,0.9997582594681722,0.0
41275,34.39640660677678,1.0,560,681,1241,0.0,0.0008333472224535399,0.9997582594681722,0.0
41276,34.39723995399923,1.0,560,681,1241,0.0,0.0008333472224535399,1.0000000000000013,0.00024174053182917098
41277,34.398073301221686,1.0,560,681,1241,0.0,0.0008333472224535399,1.0000000000000013,0.0
41278,34.39890664844414,1.0,560,681,1241,0.0,0.0008333472224535399,1.0000000000000013,0.0
41279,34.39973999566659,1.0,560,681,1241,0.0,0.0008333472224535399,1.0000000000000013,0.0
41280,34.40057334288905,1.0,560,681,1241,0.0,0.0008333472224535399,1.0000000000000013,0.0
41281,34.4014066901115,1.0,560,681,1241,0.0,0.0008333472224535399,1.0000000000000013,0.0
41282,34.402240037333954,1.0,560,681,1241,0.0,0.0008333472224535399,1.0000000000000013,0.0
41283,34.40307338455641,1.0,560,681,1241,0.0,0.0008333472224535399,1.0000000000000013,0.0
41284,34.40390673177887,1.0,560,681,1241,0.0,0.0008333472224606453,1.0000000000000013,0.0
41285,34.40474007900132,1.0,560,681,1241,0.0,0.0008333472224535399,1.0000000000000013,0.0
41286,34.405573426223775,1.0,560,681,1241,0.0,0.0008333472224535399,1.0000000000000013,0.0
41287,34.40640677344623,1.0,560,681,1241,0.0,0.0008333472224535399,1.0000000000000013,0.0
41288,34.40724012066868,0.9991941982272361,560,681,1241,-0.0008058017727639033,0.0008333472224535399,0.999919419822725,-8.058017727639034e-05
41289,34.408073467891136,0.9991941982272361,560,681,1241,0.0,0.0008333472224535399,0.9998388396454487,-8.058017727639034e-05
41290,34.40890681511359,1.0,560,681,1241,0.0008058017727639033,0.0008333472224535399,0.9998388396454487,0.0
41291,34.40974016233604,1.0,560,681,1241,0.0,0.0008333472224535399,0.9998388396454487,0.0
41292,34.410573509558496,1.0,560,681,1241,0.0,0.0008333472224535399,0.9998388396454487,0.0
41293,34.41140685678095,1.0,560,681,1241,0.0,0.0008333472224535399,0.9998388396454487,0.0
41294,34.4122402040034,1.0,560,681,1241,0.0,0.0008333472224535399,0.9998388396454487,0.0
41295,34.41307355122586,1.0,560,681,1241,0.0,0.0008333472224535399,0.9998388396454487,0.0
41296,34.41390689844831,1.0,560,681,1241,0.0,0.0008333472224535399,0.9998388396454487,0.0
41297,34.414740245670764,1.0,560,681,1241,0.0,0.0008333472224535399,0.9998388396454487,0.0
41298,34.41557359289322,1.0,560,681,1241,0.0,0.0008333472224535399,0.999919419822725,8.058017727639034e-05
41299,34.41640694011567,0.9991941982272361,560,681,1241,-0.0008058017727639033,0.0008333472224535399,0.999919419822725,0.0
41300,34.417240287338124,1.0,560,681,1241,0.0008058017727639033,0.0008333472224535399,0.999919419822725,0.0
41301,34.41807363456058,1.0,560,681,1241,0.0,0.0008333472224535399,0.999919419822725,0.0
41302,34.41890698178303,1.0,560,681,1241,0.0,0.0008333472224535399,0.999919419822725,0.0
41303,34.419740329005485,1.0,560,681,1241,0.0,0.0008333472224535399,0.999919419822725,0.0
41304,34.42057367622794,0.9983883964544722,560,681,1241,-0.0016116035455278066,0.0008333472224535399,0.9997582594681724,-0.00016116035455278067
41305,34.42140702345039,0.9991941982272361,560,681,1241,0.0008058017727639033,0.0008333472224535399,0.999677679290896,-8.058017727639034e-05
41306,34.422240370672846,0.9991941982272361,560,681,1241,0.0,0.0008333472224535399,0.9995970991136197,-8.058017727639034e-05
41307,34.4230737178953,1.0,560,681,1241,0.0008058017727639033,0.0008333472224535399,0.9995970991136197,0.0
41308,34.42390706511775,1.0,560,681,1241,0.0,0.0008333472224535399,0.9995970991136197,0.0
41309,34.424740412340206,1.0,560,681,1241,0.0,0.0008333472224535399,0.999677679290896,8.058017727639034e-05
41310,34.42557375956266,0.9991941982272361,560,681,1241,-0.0008058017727639033,0.0008333472224535399,0.9995970991136197,-8.058017727639034e-05
41311,34.42640710678511,0.9991941982272361,560,681,1241,0.0,0.0008333472224535399,0.9995165189363433,-8.058017727639034e-05
41312,34.42724045400757,1.0,560,681,1241,0.0008058017727639033,0.0008333472224535399,0.9995165189363433,0.0
41313,34.42807380123002,1.0,560,681,1241,0.0,0.0008333472224535399,0.9995165189363433,0.0
41314,34.428907148452474,1.0,560,681,1241,0.0,0.0008333472224535399,0.999677679290896,0.00016116035455278067
41315,34.42974049567493,1.0,560,681,1241,0.0,0.0008333472224535399,0.9997582594681724,8.058017727639034e-05
41316,34.43057384289738,1.0,560,681,1241,0.0,0.0008333472224535399,0.9998388396454487,8.058017727639034e-05
41317,34.431407190119835,1.0,560,681,1241,0.0,0.0008333472224535399,0.9998388396454487,0.0
41318,34.43224053734229,1.0,560,681,1241,0.0,0.0008333472224535399,0.9998388396454487,0.0
41319,34.43307388456474,1.0,560,681,1241,0.0,0.0008333472224535399,0.9998388396454487,0.0
41320,34.433907231787195,1.0,560,681,1241,0.0,0.0008333472224535399,0.999919419822725,8.058017727639034e-05
41321,34.43474057900965,1.0,560,681,1241,0.0,0.0008333472224535399,1.0000000000000013,8.058017727639034e-05
41322,34.4355739262321,1.0,560,681,1241,0.0,0.0008333472224535399,1.0000000000000013,0.0
41323,34.436407273454556,1.0,560,681,1241,0.0,0.0008333472224535399,1.0000000000000013,0.0
41324,34.43724062067701,1.0,560,681,1241,0.0,0.0008333472224535399,1.0000000000000013,0.0
41325,34.43807396789946,1.0,560,681,1241,0.0,0.0008333472224535399,1.0000000000000013,0.0
41326,34.438907315121924,1.0,560,681,1241,0.0,0.0008333472224606453,1.0000000000000013,0.0
41327,34.43974066234438,1.0,560,681,1241,0.0,0.0008333472224535399,1.0000000000000013,0.0
41328,34.44057400956683,1.0,560,681,1241,0.0,0.0008333472224535399,1.0000000000000013,0.0
41329,34.441407356789284,0.9991941982272361,560,681,1241,-0.0008058017727639033,0.0008333472224535399,0.999919419822725,-8.058017727639034e-05
41330,34.44224070401174,1.0,560,681,1241,0.0008058017727639033,0.0008333472224535399,0.999919419822725,0.0
41331,34.44307405123419,1.0,560,681,1241,0.0,0.0008333472224535399,0.999919419822725,0.0
41332,34.443907398456645,1.0,560,681,1241,0.0,0.0008333472224535399,0.999919419822725,0.0
41333,34.4447407456791,1.0,560,681,1241,0.0,0.0008333472224535399,0.999919419822725,0.0
41334,34.44557409290155,1.0,560,681,1241,0.0,0.0008333472224535399,0.999919419822725,0.0
41335,34.446407440124005,1.0,560,681,1241,0.0,0.0008333472224535399,0.999919419822725,0.0
41336,34.44724078734646,1.0,560,681,1241,0.0,0.0008333472224535399,0.999919419822725,0.0
41337,34.44807413456891,1.0,560,681,1241,0.0,0.0008333472224535399,0.999919419822725,0.0
41338,34.448907481791366,0.9991941982272361,560,681,1241,-0.0008058017727639033,0.0008333472224535399,0.9998388396454487,-8.058017727639034e-05
41339,34.44974082901382,0.9991941982272361,560,681,1241,0.0,0.0008333472224535399,0.9998388396454487,0.0
41340,34.45057417623627,0.9983883964544722,560,681,1241,-0.0008058017727639033,0.0008333472224535399,0.999677679290896,-0.00016116035455278067
41341,34.45140752345873,1.0,560,681,1241,0.0016116035455278066,0.0008333472224535399,0.999677679290896,0.0
41342,34.45224087068118,1.0,560,681,1241,0.0,0.0008333472224535399,0.999677679290896,0.0
41343,34.453074217903634,1.0,560,681,1241,0.0,0.0008333472224535399,0.999677679290896,0.0
41344,34.45390756512609,1.0,560,681,1241,0.0,0.0008333472224535399,0.999677679290896,0.0
41345,34.45474091234854,0.9991941982272361,560,681,1241,-0.0008058017727639033,0.0008333472224535399,0.9995970991136197,-8.058017727639034e-05
41346,34.455574259570994,1.0,560,681,1241,0.0008058017727639033,0.0008333472224535399,0.9995970991136197,0.0
41347,34.45640760679345,1.0,560,681,1241,0.0,0.0008333472224535399,0.9995970991136197,0.0
41348,34.4572409540159,1.0,560,681,1241,0.0,0.0008333472224535399,0.999677679290896,8.058017727639034e-05
41349,34.458074301238355,1.0,560,681,1241,0.0,0.0008333472224535399,0.9997582594681724,8.058017727639034e-05
41350,34.45890764846081,1.0,560,681,1241,0.0,0.0008333472224535399,0.999919419822725,0.00016116035455278067
41351,34.45974099568326,1.0,560,681,1241,0.0,0.0008333472224535399,0.999919419822725,0.0
41352,34.460574342905716,1.0,560,681,1241,0.0,0.0008333472224535399,0.999919419822725,0.0
41353,34.46140769012817,0.9991941982272361,560,681,1241,-0.0008058017727639033,0.0008333472224535399,0.9998388396454487,-8.058017727639034e-05
41354,34.46224103735062,1.0,560,681,1241,0.0008058017727639033,0.0008333472224535399,0.9998388396454487,0.0
41355,34.463074384573076,1.0,560,681,1241,0.0,0.0008333472224535399,0.999919419822725,8.058017727639034e-05
41356,34.46390773179553,1.0,560,681,1241,0.0,0.0008333472224535399,0.999919419822725,0.0
41357,34.46474107901798,1.0,560,681,1241,0.0,0.0008333472224535399,0.999919419822725,0.0
41358,34.46557442624044,1.0,560,681,1241,0.0,0.0008333472224535399,0.999919419822725,0.0
41359,34.46640777346289,1.0,560,681,1241,0.0,0.0008333472224535399,0.999919419822725,0.0
41360,34.467241120685344,1.0,560,681,1241,0.0,0.0008333472224535399,0.999919419822725,0.0
41361,34.4680744679078,1.0,560,681,1241,0.0,0.0008333472224535399,0.999919419822725,0.0
41362,34.46890781513025,1.0,560,681,1241,0.0,0.0008333472224535399,0.999919419822725,0.0
41363,34.469741162352705,1.0,560,681,1241,0.0,0.0008333472224535399,1.0000000000000013,8.058017727639034e-05
41364,34.47057450957516,1.0,560,681,1241,0.0,0.0008333472224535399,1.0000000000000013,0.0
41365,34.47140785679761,1.0,560,681,1241,0.0,0.0008333472224535399,1.0000000000000013,0.0
41366,34.472241204020065,0.9991941982272361,560,681,1241,-0.0008058017727639033,0.0008333472224535399,0.999919419822725,-8.058017727639034e-05
41367,34.47307455124252,0.9991941982272361,560,681,1241,0.0,0.0008333472224535399,0.9998388396454487,-8.058017727639034e-05
41368,34.47390789846498,1.0,560,681,1241,0.0008058017727639033,0.0008333472224606453,0.9998388396454487,0.0
41369,34.47474124568743,1.0,560,681,1241,0.0,0.0008333472224535399,0.9998388396454487,0.0
41370,34.47557459290989,1.0,560,681,1241,0.0,0.0008333472224535399,0.9998388396454487,0.0
41371,34.47640794013234,1.0,560,681,1241,0.0,0.0008333472224535399,0.9998388396454487,0.0
41372,34.47724128735479,0.9991941982272361,560,681,1241,-0.0008058017727639033,0.0008333472224535399,0.9997582594681724,-8.058017727639034e-05
41373,34.47807463457725,1.0,560,681,1241,0.0008058017727639033,0.0008333472224535399,0.9997582594681724,0.0
41374,34.4789079817997,1.0,560,681,1241,0.0,0.0008333472224535399,0.9997582594681724,0.0
41375,34.479741329022154,1.0,560,681,1241,0.0,0.0008333472224535399,0.9997582594681724,0.0
41376,34.48057467624461,1.0,560,681,1241,0.0,0.0008333472224535399,0.9998388396454487,8.058017727639034e-05
41377,34.48140802346706,1.0,560,681,1241,0.0,0.0008333472224535399,0.999919419822725,8.058017727639034e-05
41378,34.482241370689515,1.0,560,681,1241,0.0,0.0008333472224535399,0.999919419822725,0.0
41379,34.48307471791197,1.0,560,681,1241,0.0,0.0008333472224535399,0.999919419822725,0.0
41380,34.48390806513442,1.0,560,681,1241,0.0,0.0008333472224535399,0.999919419822725,0.0
41381,34.484741412356875,1.0,560,681,1241,0.0,0.0008333472224535399,0.999919419822725,0.0
41382,34.48557475957933,1.0,560,681,1241,0.0,0.0008333472224535399,1.0000000000000013,8.058017727639034e-05
41383,34.48640810680178,0.9983883964544722,560,681,1241,-0.0016116035455278066,0.0008333472224535399,0.9998388396454487,-0.00016116035455278067
41384,34.487241454024236,0.9983883964544722,560,681,1241,0.0,0.0008333472224535399,0.999677679290896,-0.00016116035455278067
41385,34.48807480124669,0.9983883964544722,560,681,1241,0.0,0.0008333472224535399,0.9995165189363433,-0.00016116035455278067
41386,34.48890814846914,0.9991941982272361,560,681,1241,0.0008058017727639033,0.0008333472224535399,0.999435938759067,-8.058017727639034e-05
41387,34.4897414956916,0.9991941982272361,560,681,1241,0.0,0.0008333472224535399,0.9993553585817907,-8.058017727639034e-05
41388,34.49057484291405,0.9991941982272361,560,681,1241,0.0,0.0008333472224535399,0.9992747784045143,-8.058017727639034e-05
41389,34.491408190136504,0.9991941982272361,560,681,1241,0.0,0.0008333472224535399,0.999194198227238,-8.058017727639034e-05
41390,34.49224153735896,0.9991941982272361,560,681,1241,0.0,0.0008333472224535399,0.9991136180499616,-8.058017727639034e-05
41391,34.49307488458141,0.9991941982272361,560,681,1241,0.0,0.0008333472224535399,0.9990330378726853,-8.058017727639034e-05
41392,34.493908231803864,1.0,560,681,1241,0.0008058017727639033,0.0008333472224535399,0.9990330378726853,0.0
41393,34.49474157902632,1.0,560,681,1241,0.0,0.0008333472224535399,0.999194198227238,0.00016116035455278067
41394,34.49557492624877,1.0,560,681,1241,0.0,0.0008333472224535399,0.9993553585817907,0.00016116035455278067
41395,34.496408273471225,1.0,560,681,1241,0.0,0.0008333472224535399,0.9995165189363433,0.00016116035455278067
41396,34.49724162069368,1.0,560,681,1241,0.0,0.0008333472224535399,0.9995970991136197,8.058017727639034e-05
41397,34.49807496791613,0.9991941982272361,560,681,1241,-0.0008058017727639033,0.0008333472224535399,0.9995970991136197,0.0
41398,34.498908315138586,0.9991941982272361,560,681,1241,0.0,0.0008333472224535399,0.9995970991136197,0.0
41399,34.49974166236104,0.9991941982272361,560,681,1241,0.0,0.0008333472224535399,0.9995970991136197,0.0
41400,34.50057500958349,0.9991941982272361,560,681,1241,0.0,0.0008333472224535399,0.9995970991136197,0.0
41401,34.501408356805946,0.9991941982272361,560,681,1241,0.0,0.0008333472224535399,0.9995970991136197,0.0
41402,34.5022417040284,0.9991941982272361,560,681,1241,0.0,0.0008333472224535399,0.9995165189363433,-8.058017727639034e-05
41403,34.50307505125085,1.0,560,681,1241,0.0008058017727639033,0.0008333472224535399,0.9995165189363433,0.0
41404,34.50390839847331,1.0,560,681,1241,0.0,0.0008333472224535399,0.9995165189363433,0.0
41405,34.50474174569576,0.9991941982272361,560,681,1241,-0.0008058017727639033,0.0008333472224535399,0.999435938759067,-8.058017727639034e-05
41406,34.505575092918214,1.0,560,681,1241,0.0008058017727639033,0.0008333472224535399,0.999435938759067,0.0
41407,34.50640844014067,0.9991941982272361,560,681,1241,-0.0008058017727639033,0.0008333472224535399,0.999435938759067,0.0
41408,34.50724178736312,0.9991941982272361,560,681,1241,0.0,0.0008333472224535399,0.999435938759067,0.0
41409,34.508075134585575,0.9991941982272361,560,681,1241,0.0,0.0008333472224535399,0.999435938759067,0.0
41410,34.50890848180803,0.9991941982272361,560,681,1241,0.0,0.0008333472224535399,0.999435938759067,0.0
41411,34.50974182903049,0.9991941982272361,560,681,1241,0.0,0.0008333472224606453,0.999435938759067,0.0
41412,34.51057517625294,0.9991941982272361,560,681,1241,0.0,0.0008333472224535399,0.999435938759067,0.0
41413,34.511408523475396,0.9991941982272361,560,681,1241,0.0,0.0008333472224535399,0.9993553585817907,-8.058017727639034e-05
41414,34.51224187069785,1.0,560,681,1241,0.0008058017727639033,0.0008333472224535399,0.9993553585817907,0.0
41415,34.5130752179203,1.0,560,681,1241,0.0,0.0008333472224535399,0.999435938759067,8.058017727639034e-05
41416,34.513908565142756,1.0,560,681,1241,0.0,0.0008333472224535399,0.999435938759067,0.0
41417,34.51474191236521,1.0,560,681,1241,0.0,0.0008333472224535399,0.9995165189363433,8.058017727639034e-05
41418,34.51557525958766,0.9991941982272361,560,681,1241,-0.0008058017727639033,0.0008333472224535399,0.9995165189363433,0.0
41419,34.51640860681012,1.0,560,681,1241,0.0008058017727639033,0.0008333472224535399,0.9995970991136197,8.058017727639034e-05
41420,34.51724195403257,1.0,560,681,1241,0.0,0.0008333472224535399,0.999677679290896,8.058017727639034e-05
41421,34.518075301255024,1.0,560,681,1241,0.0,0.0008333472224535399,0.9997582594681724,8.058017727639034e-05
41422,34.51890864847748,1.0,560,681,1241,0.0,0.0008333472224535399,0.9998388396454487,8.058017727639034e-05
41423,34.51974199569993,1.0,560,681,1241,0.0,0.0008333472224535399,0.999919419822725,8.058017727639034e-05
41424,34.520575342922385,1.0,560,681,1241,0.0,0.0008333472224535399,0.999919419822725,0.0
41425,34.52140869014484,1.0,560,681,1241,0.0,0.0008333472224535399,0.999919419822725,0.0
41426,34.52224203736729,1.0,560,681,1241,0.0,0.0008333472224535399,0.999919419822725,0.0
41427,34.523075384589745,1.0,560,681,1241,0.0,0.0008333472224535399,0.999919419822725,0.0
41428,34.5239087318122,1.0,560,681,1241,0.0,0.0008333472224535399,1.0000000000000013,8.058017727639034e-05
41429,34.52474207903465,1.0,560,681,1241,0.0,0.0008333472224535399,1.0000000000000013,0.0
41430,34.525575426257106,1.0,560,681,1241,0.0,0.0008333472224535399,1.0000000000000013,0.0
41431,34.52640877347956,1.0,560,681,1241,0.0,0.0008333472224535399,1.0000000000000013,0.0
41432,34.52724212070201,1.0,560,681,1241,0.0,0.0008333472224535399,1.0000000000000013,0.0
41433,34.52807546792447,1.0,560,681,1241,0.0,0.0008333472224535399,1.0000000000000013,0.0
41434,34.52890881514692,1.0,560,681,1241,0.0,0.0008333472224535399,1.0000000000000013,0.0
41435,34.529742162369374,1.0,560,681,1241,0.0,0.0008333472224535399,1.0000000000000013,0.0
41436,34.53057550959183,1.0,560,681,1241,0.0,0.0008333472224535399,1.0000000000000013,0.0
41437,34.53140885681428,1.0,560,681,1241,0.0,0.0008333472224535399,1.0000000000000013,0.0
41438,34.532242204036734,1.0,560,681,1241,0.0,0.0008333472224535399,1.0000000000000013,0.0
41439,34.53307555125919,1.0,560,681,1241,0.0,0.0008333472224535399,1.0000000000000013,0.0
41440,34.53390889848164,1.0,560,681,1241,0.0,0.0008333472224535399,1.0000000000000013,0.0
41441,34.534742245704095,1.0,560,681,1241,0.0,0.0008333472224535399,1.0000000000000013,0.0
41442,34.53557559292655,1.0,560,681,1241,0.0,0.0008333472224535399,1.0000000000000013,0.0
41443,34.536408940149,0.9991941982272361,560,681,1241,-0.0008058017727639033,0.0008333472224535399,0.999919419822725,-8.058017727639034e-05
41444,34.537242287371456,0.9991941982272361,560,681,1241,0.0,0.0008333472224535399,0.9998388396454487,-8.058017727639034e-05
41445,34.53807563459391,0.9991941982272361,560,681,1241,0.0,0.0008333472224535399,0.9997582594681724,-8.058017727639034e-05
41446,34.53890898181636,1.0,560,681,1241,0.0008058017727639033,0.0008333472224535399,0.9997582594681724,0.0
41447,34.539742329038816,1.0,560,681,1241,0.0,0.0008333472224535399,0.9997582594681724,0.0
41448,34.54057567626127,1.0,560,681,1241,0.0,0.0008333472224535399,0.9997582594681724,0.0
41449,34.54140902348372,1.0,560,681,1241,0.0,0.0008333472224535399,0.9997582594681724,0.0
41450,34.54224237070618,1.0,560,681,1241,0.0,0.0008333472224535399,0.9997582594681724,0.0
41451,34.54307571792863,1.0,560,681,1241,0.0,0.0008333472224535399,0.9997582594681724,0.0
41452,34.543909065151084,1.0,560,681,1241,0.0,0.0008333472224535399,0.9997582594681724,0.0
41453,34.544742412373544,1.0,560,681,1241,0.0,0.0008333472224606453,0.9998388396454487,8.058017727639034e-05
41454,34.545575759596,1.0,560,681,1241,0.0,0.0008333472224535399,0.999919419822725,8.058017727639034e-05
41455,34.54640910681845,1.0,560,681,1241,0.0,0.0008333472224535399,1.0000000000000013,8.058017727639034e-05
41456,34.547242454040905,1.0,560,681,1241,0.0,0.0008333472224535399,1.0000000000000013,0.0
41457,34.54807580126336,1.0,560,681,1241,0.0,0.0008333472224535399,1.0000000000000013,0.0
41458,34.54890914848581,1.0,560,681,1241,0.0,0.0008333472224535399,1.0000000000000013,0.0
41459,34.549742495708266,1.0,560,681,1241,0.0,0.0008333472224535399,1.0000000000000013,0.0
41460,34.55057584293072,1.0,560,681,1241,0.0,0.0008333472224535399,1.0000000000000013,0.0
41461,34.55140919015317,0.9991941982272361,560,681,1241,-0.0008058017727639033,0.0008333472224535399,0.999919419822725,-8.058017727639034e-05
41462,34.552242537375626,1.0,560,681,1241,0.0008058017727639033,0.0008333472224535399,0.999919419822725,0.0
41463,34.55307588459808,1.0,560,681,1241,0.0,0.0008333472224535399,0.999919419822725,0.0
41464,34.55390923182053,1.0,560,681,1241,0.0,0.0008333472224535399,0.999919419822725,0.0
41465,34.55474257904299,1.0,560,681,1241,0.0,0.0008333472224535399,0.999919419822725,0.0
41466,34.55557592626544,1.0,560,681,1241,0.0,0.0008333472224535399,0.999919419822725,0.0
41467,34.556409273487894,1.0,560,681,1241,0.0,0.0008333472224535399,0.999919419822725,0.0
41468,34.55724262071035,1.0,560,681,1241,0.0,0.0008333472224535399,0.999919419822725,0.0
41469,34.5580759679328,1.0,560,681,1241,0.0,0.0008333472224535399,0.999919419822725,0.0
41470,34.558909315155255,1.0,560,681,1241,0.0,0.0008333472224535399,0.999919419822725,0.0
41471,34.55974266237771,1.0,560,681,1241,0.0,0.0008333472224535399,1.0000000000000013,8.058017727639034e-05
41472,34.56057600960016,1.0,560,681,1241,0.0,0.0008333472224535399,1.0000000000000013,0.0
41473,34.561409356822615,1.0,560,681,1241,0.0,0.0008333472224535399,1.0000000000000013,0.0
41474,34.56224270404507,1.0,560,681,1241,0.0,0.0008333472224535399,1.0000000000000013,0.0
41475,34.56307605126752,1.0,560,681,1241,0.0,0.0008333472224535399,1.0000000000000013,0.0
41476,34.563909398489976,1.0,560,681,1241,0.0,0.0008333472224535399,1.0000000000000013,0.0
41477,34.56474274571243,1.0,560,681,1241,0.0,0.0008333472224535399,1.0000000000000013,0.0
41478,34.56557609293488,1.0,560,681,1241,0.0,0.0008333472224535399,1.0000000000000013,0.0
41479,34.56640944015734,1.0,560,681,1241,0.0,0.0008333472224535399,1.0000000000000013,0.0
41480,34.56724278737979,1.0,560,681,1241,0.0,0.0008333472224535399,1.0000000000000013,0.0
41481,34.568076134602244,1.0,560,681,1241,0.0,0.0008333472224535399,1.0000000000000013,0.0
41482,34.5689094818247,1.0,560,681,1241,0.0,0.0008333472224535399,1.0000000000000013,0.0
41483,34.56974282904715,1.0,560,681,1241,0.0,0.0008333472224535399,1.0000000000000013,0.0
41484,34.570576176269604,1.0,560,681,1241,0.0,0.0008333472224535399,1.0000000000000013,0.0
41485,34.57140952349206,1.0,560,681,1241,0.0,0.0008333472224535399,1.0000000000000013,0.0
41486,34.57224287071451,1.0,560,681,1241,0.0,0.0008333472224535399,1.0000000000000013,0.0
41487,34.573076217936965,1.0,560,681,1241,0.0,0.0008333472224535399,1.0000000000000013,0.0
41488,34.57390956515942,1.0,560,681,1241,0.0,0.0008333472224535399,1.0000000000000013,0.0
41489,34.57474291238187,1.0,560,681,1241,0.0,0.0008333472224535399,1.0000000000000013,0.0
41490,34.575576259604325,1.0,560,681,1241,0.0,0.0008333472224535399,1.0000000000000013,0.0
41491,34.57640960682678,1.0,560,681,1241,0.0,0.0008333472224535399,1.0000000000000013,0.0
41492,34.57724295404923,1.0,560,681,1241,0.0,0.0008333472224535399,1.0000000000000013,0.0
41493,34.578076301271686,1.0,560,681,1241,0.0,0.0008333472224535399,1.0000000000000013,0.0
41494,34.57890964849414,1.0,560,681,1241,0.0,0.0008333472224535399,1.0000000000000013,0.0
41495,34.5797429957166,1.0,560,681,1241,0.0,0.0008333472224606453,1.0000000000000013,0.0
41496,34.580576342939054,1.0,560,681,1241,0.0,0.0008333472224535399,1.0000000000000013,0.0
41497,34.58140969016151,1.0,560,681,1241,0.0,0.0008333472224535399,1.0000000000000013,0.0
41498,34.58224303738396,0.9991941982272361,560,681,1241,-0.0008058017727639033,0.0008333472224535399,0.999919419822725,-8.058017727639034e-05
41499,34.583076384606414,0.9991941982272361,560,681,1241,0.0,0.0008333472224535399,0.9998388396454487,-8.058017727639034e-05
41500,34.58390973182887,0.9991941982272361,560,681,1241,0.0,0.0008333472224535399,0.9997582594681724,-8.058017727639034e-05
41501,34.58474307905132,0.9991941982272361,560,681,1241,0.0,0.0008333472224535399,0.999677679290896,-8.058017727639034e-05
41502,34.585576426273775,1.0,560,681,1241,0.0008058017727639033,0.0008333472224535399,0.999677679290896,0.0
41503,34.58640977349623,1.0,560,681,1241,0.0,0.0008333472224535399,0.999677679290896,0.0
41504,34.58724312071868,1.0,560,681,1241,0.0,0.0008333472224535399,0.999677679290896,0.0
41505,34.588076467941136,1.0,560,681,1241,0.0,0.0008333472224535399,0.999677679290896,0.0
41506,34.58890981516359,1.0,560,681,1241,0.0,0.0008333472224535399,0.999677679290896,0.0
41507,34.58974316238604,1.0,560,681,1241,0.0,0.0008333472224535399,0.999677679290896,0.0
41508,34.590576509608496,1.0,560,681,1241,0.0,0.0008333472224535399,0.9997582594681724,8.058017727639034e-05
41509,34.59140985683095,1.0,560,681,1241,0.0,0.0008333472224535399,0.9998388396454487,8.058017727639034e-05
41510,34.5922432040534,1.0,560,681,1241,0.0,0.0008333472224535399,0.999919419822725,8.058017727639034e-05
41511,34.59307655127586,1.0,560,681,1241,0.0,0.0008333472224535399,1.0000000000000013,8.058017727639034e-05
41512,34.59390989849831,1.0,560,681,1241,0.0,0.0008333472224535399,1.0000000000000013,0.0
41513,34.594743245720764,1.0,560,681,1241,0.0,0.0008333472224535399,1.0000000000000013,0.0
41514,34.59557659294322,1.0,560,681,1241,0.0,0.0008333472224535399,1.0000000000000013,0.0
41515,34.59640994016567,1.0,560,681,1241,0.0,0.0008333472224535399,1.0000000000000013,0.0
41516,34.597243287388125,1.0,560,681,1241,0.0,0.0008333472224535399,1.0000000000000013,0.0
41517,34.59807663461058,1.0,560,681,1241,0.0,0.0008333472224535399,1.0000000000000013,0.0
41518,34.59890998183303,1.0,560,681,1241,0.0,0.0008333472224535399,1.0000000000000013,0.0
41519,34.599743329055485,1.0,560,681,1241,0.0,0.0008333472224535399,1.0000000000000013,0.0
41520,34.60057667627794,1.0,560,681,1241,0.0,0.0008333472224535399,1.0000000000000013,0.0
41521,34.60141002350039,1.0,560,681,1241,0.0,0.0008333472224535399,1.0000000000000013,0.0
41522,34.602243370722846,1.0,560,681,1241,0.0,0.0008333472224535399,1.0000000000000013,0.0
41523,34.6030767179453,1.0,560,681,1241,0.0,0.0008333472224535399,1.0000000000000013,0.0
41524,34.60391006516775,1.0,560,681,1241,0.0,0.0008333472224535399,1.0000000000000013,0.0
41525,34.60474341239021,1.0,560,681,1241,0.0,0.0008333472224535399,1.0000000000000013,0.0
41526,34.60557675961266,1.0,560,681,1241,0.0,0.0008333472224535399,1.0000000000000013,0.0
41527,34.60641010683511,1.0,560,681,1241,0.0,0.0008333472224535399,1.0000000000000013,0.0
41528,34.60724345405757,1.0,560,681,1241,0.0,0.0008333472224535399,1.0000000000000013,0.0
41529,34.60807680128002,1.0,560,681,1241,0.0,0.0008333472224535399,1.0000000000000013,0.0
41530,34.608910148502474,1.0,560,681,1241,0.0,0.0008333472224535399,1.0000000000000013,0.0
41531,34.60974349572493,1.0,560,681,1241,0.0,0.0008333472224535399,1.0000000000000013,0.0
41532,34.61057684294738,1.0,560,681,1241,0.0,0.0008333472224535399,1.0000000000000013,0.0
41533,34.611410190169835,1.0,560,681,1241,0.0,0.0008333472224535399,1.0000000000000013,0.0
41534,34.61224353739229,1.0,560,681,1241,0.0,0.0008333472224535399,1.0000000000000013,0.0
41535,34.61307688461474,1.0,560,681,1241,0.0,0.0008333472224535399,1.0000000000000013,0.0
41536,34.613910231837195,1.0,560,681,1241,0.0,0.0008333472224535399,1.0000000000000013,0.0
41537,34.61474357905965,0.9991941982272361,560,681,1241,-0.0008058017727639033,0.0008333472224535399,0.999919419822725,-8.058017727639034e-05
41538,34.61557692628211,0.9991941982272361,560,681,1241,0.0,0.0008333472224606453,0.9998388396454487,-8.058017727639034e-05
41539,34.61641027350456,0.9991941982272361,560,681,1241,0.0,0.0008333472224535399,0.9997582594681724,-8.058017727639034e-05
41540,34.61724362072702,0.9991941982272361,560,681,1241,0.0,0.0008333472224535399,0.999677679290896,-8.058017727639034e-05
41541,34.61807696794947,0.9991941982272361,560,681,1241,0.0,0.0008333472224535399,0.9995970991136197,-8.058017727639034e-05
41542,34.618910315171924,1.0,560,681,1241,0.0008058017727639033,0.0008333472224535399,0.9995970991136197,0.0
41543,34.61974366239438,1.0,560,681,1241,0.0,0.0008333472224535399,0.9995970991136197,0.0
41544,34.62057700961683,1.0,560,681,1241,0.0,0.0008333472224535399,0.9995970991136197,0.0
41545,34.621410356839284,1.0,560,681,1241,0.0,0.0008333472224535399,0.9995970991136197,0.0
41546,34.62224370406174,1.0,560,681,1241,0.0,0.0008333472224535399,0.9995970991136197,0.0
41547,34.62307705128419,1.0,560,681,1241,0.0,0.0008333472224535399,0.999677679290896,8.058017727639034e-05
41548,34.623910398506645,1.0,560,681,1241,0.0,0.0008333472224535399,0.9997582594681724,8.058017727639034e-05
41549,34.6247437457291,1.0,560,681,1241,0.0,0.0008333472224535399,0.9998388396454487,8.058017727639034e-05
41550,34.62557709295155,1.0,560,681,1241,0.0,0.0008333472224535399,0.999919419822725,8.058017727639034e-05
41551,34.626410440174006,1.0,560,681,1241,0.0,0.0008333472224535399,1.0000000000000013,8.058017727639034e-05
41552,34.62724378739646,1.0,560,681,1241,0.0,0.0008333472224535399,1.0000000000000013,0.0
41553,34.62807713461891,1.0,560,681,1241,0.0,0.0008333472224535399,1.0000000000000013,0.0
41554,34.628910481841366,0.9991941982272361,560,681,1241,-0.0008058017727639033,0.0008333472224535399,0.999919419822725,-8.058017727639034e-05
41555,34.62974382906382,0.9991941982272361,560,681,1241,0.0,0.0008333472224535399,0.9998388396454487,-8.058017727639034e-05
41556,34.63057717628627,0.9991941982272361,560,681,1241,0.0,0.0008333472224535399,0.9997582594681724,-8.058017727639034e-05
41557,34.63141052350873,0.9991941982272361,560,681,1241,0.0,0.0008333472224535399,0.999677679290896,-8.058017727639034e-05
41558,34.63224387073118,0.9991941982272361,560,681,1241,0.0,0.0008333472224535399,0.9995970991136197,-8.058017727639034e-05
41559,34.633077217953634,0.9991941982272361,560,681,1241,0.0,0.0008333472224535399,0.9995165189363433,-8.058017727639034e-05
41560,34.63391056517609,0.9991941982272361,560,681,1241,0.0,0.0008333472224535399,0.999435938759067,-8.058017727639034e-05
41561,34.63474391239854,0.9991941982272361,560,681,1241,0.0,0.0008333472224535399,0.9993553585817907,-8.058017727639034e-05
41562,34.635577259620995,0.9991941982272361,560,681,1241,0.0,0.0008333472224535399,0.9992747784045143,-8.058017727639034e-05
41563,34.63641060684345,0.9991941982272361,560,681,1241,0.0,0.0008333472224535399,0.999194198227238,-8.058017727639034e-05
41564,34.6372439540659,0.9991941982272361,560,681,1241,0.0,0.0008333472224535399,0.999194198227238,0.0
41565,34.638077301288355,1.0,560,681,1241,0.0008058017727639033,0.0008333472224535399,0.9992747784045143,8.058017727639034e-05
41566,34.63891064851081,1.0,560,681,1241,0.0,0.0008333472224535399,0.9993553585817907,8.058017727639034e-05
41567,34.63974399573326,1.0,560,681,1241,0.0,0.0008333472224535399,0.999435938759067,8.058017727639034e-05
41568,34.640577342955716,1.0,560,681,1241,0.0,0.0008333472224535399,0.9995165189363433,8.058017727639034e-05
41569,34.64141069017817,1.0,560,681,1241,0.0,0.0008333472224535399,0.9995970991136197,8.058017727639034e-05
41570,34.64224403740062,1.0,560,681,1241,0.0,0.0008333472224535399,0.999677679290896,8.058017727639034e-05
41571,34.643077384623076,1.0,560,681,1241,0.0,0.0008333472224535399,0.9997582594681724,8.058017727639034e-05
41572,34.64391073184553,0.9991941982272361,560,681,1241,-0.0008058017727639033,0.0008333472224535399,0.9997582594681724,0.0
41573,34.64474407906798,0.9991941982272361,560,681,1241,0.0,0.0008333472224535399,0.9997582594681724,0.0
41574,34.64557742629044,1.0,560,681,1241,0.0008058017727639033,0.0008333472224535399,0.9998388396454487,8.058017727639034e-05
41575,34.64641077351289,1.0,560,681,1241,0.0,0.0008333472224535399,0.9998388396454487,0.0
41576,34.647244120735344,1.0,560,681,1241,0.0,0.0008333472224535399,0.9998388396454487,0.0
41577,34.6480774679578,1.0,560,681,1241,0.0,0.0008333472224535399,0.9998388396454487,0.0
41578,34.64891081518025,1.0,560,681,1241,0.0,0.0008333472224535399,0.9998388396454487,0.0
41579,34.649744162402705,1.0,560,681,1241,0.0,0.0008333472224535399,0.9998388396454487,0.0
41580,34.650577509625165,0.9991941982272361,560,681,1241,-0.0008058017727639033,0.0008333472224606453,0.9997582594681724,-8.058017727639034e-05
41581,34.65141085684762,0.9991941982272361,560,681,1241,0.0,0.0008333472224535399,0.999677679290896,-8.058017727639034e-05
41582,34.65224420407007,0.9991941982272361,560,681,1241,0.0,0.0008333472224535399,0.999677679290896,0.0
41583,34.653077551292526,0.9991941982272361,560,681,1241,0.0,0.0008333472224535399,0.999677679290896,0.0
41584,34.65391089851498,0.9991941982272361,560,681,1241,0.0,0.0008333472224535399,0.9995970991136197,-8.058017727639034e-05
41585,34.65474424573743,0.9991941982272361,560,681,1241,0.0,0.0008333472224535399,0.9995165189363433,-8.058017727639034e-05
41586,34.65557759295989,1.0,560,681,1241,0.0008058017727639033,0.0008333472224535399,0.9995165189363433,0.0
41587,34.65641094018234,1.0,560,681,1241,0.0,0.0008333472224535399,0.9995165189363433,0.0
41588,34.657244287404794,1.0,560,681,1241,0.0,0.0008333472224535399,0.9995165189363433,0.0
41589,34.65807763462725,1.0,560,681,1241,0.0,0.0008333472224535399,0.9995165189363433,0.0
41590,34.6589109818497,1.0,560,681,1241,0.0,0.0008333472224535399,0.9995970991136197,8.058017727639034e-05
41591,34.659744329072154,1.0,560,681,1241,0.0,0.0008333472224535399,0.999677679290896,8.058017727639034e-05
41592,34.66057767629461,0.9991941982272361,560,681,1241,-0.0008058017727639033,0.0008333472224535399,0.999677679290896,0.0
41593,34.66141102351706,1.0,560,681,1241,0.0008058017727639033,0.0008333472224535399,0.9997582594681724,8.058017727639034e-05
41594,34.662244370739515,1.0,560,681,1241,0.0,0.0008333472224535399,0.9998388396454487,8.058017727639034e-05
41595,34.66307771796197,1.0,560,681,1241,0.0,0.0008333472224535399,0.999919419822725,8.058017727639034e-05
41596,34.66391106518442,0.9983883964544722,560,681,1241,-0.0016116035455278066,0.0008333472224535399,0.9997582594681724,-0.00016116035455278067
41597,34.664744412406876,0.9991941982272361,560,681,1241,0.0008058017727639033,0.0008333472224535399,0.999677679290896,-8.058017727639034e-05
41598,34.66557775962933,1.0,560,681,1241,0.0008058017727639033,0.0008333472224535399,0.999677679290896,0.0
41599,34.66641110685178,1.0,560,681,1241,0.0,0.0008333472224535399,0.999677679290896,0.0
41600,34.667244454074236,1.0,560,681,1241,0.0,0.0008333472224535399,0.999677679290896,0.0
41601,34.66807780129669,1.0,560,681,1241,0.0,0.0008333472224535399,0.999677679290896,0.0
41602,34.66891114851914,1.0,560,681,1241,0.0,0.0008333472224535399,0.9997582594681724,8.058017727639034e-05
41603,34.6697444957416,1.0,560,681,1241,0.0,0.0008333472224535399,0.9997582594681724,0.0
41604,34.67057784296405,1.0,560,681,1241,0.0,0.0008333472224535399,0.9997582594681724,0.0
41605,34.671411190186504,1.0,560,681,1241,0.0,0.0008333472224535399,0.9997582594681724,0.0
41606,34.67224453740896,1.0,560,681,1241,0.0,0.0008333472224535399,0.999919419822725,0.00016116035455278067
41607,34.67307788463141,1.0,560,681,1241,0.0,0.0008333472224535399,1.0000000000000013,8.058017727639034e-05
41608,34.673911231853864,1.0,560,681,1241,0.0,0.0008333472224535399,1.0000000000000013,0.0
41609,34.67474457907632,1.0,560,681,1241,0.0,0.0008333472224535399,1.0000000000000013,0.0
41610,34.67557792629877,1.0,560,681,1241,0.0,0.0008333472224535399,1.0000000000000013,0.0
41611,34.676411273521225,1.0,560,681,1241,0.0,0.0008333472224535399,1.0000000000000013,0.0
41612,34.67724462074368,1.0,560,681,1241,0.0,0.0008333472224535399,1.0000000000000013,0.0
41613,34.67807796796613,1.0,560,681,1241,0.0,0.0008333472224535399,1.0000000000000013,0.0
41614,34.678911315188586,1.0,560,681,1241,0.0,0.0008333472224535399,1.0000000000000013,0.0
41615,34.67974466241104,1.0,560,681,1241,0.0,0.0008333472224535399,1.0000000000000013,0.0
41616,34.68057800963349,1.0,560,681,1241,0.0,0.0008333472224535399,1.0000000000000013,0.0
41617,34.681411356855946,1.0,560,681,1241,0.0,0.0008333472224535399,1.0000000000000013,0.0
41618,34.6822447040784,1.0,560,681,1241,0.0,0.0008333472224535399,1.0000000000000013,0.0
41619,34.68307805130085,1.0,560,681,1241,0.0,0.0008333472224535399,1.0000000000000013,0.0
41620,34.68391139852331,1.0,560,681,1241,0.0,0.0008333472224535399,1.0000000000000013,0.0
41621,34.68474474574576,1.0,560,681,1241,0.0,0.0008333472224535399,1.0000000000000013,0.0
41622,34.68557809296822,1.0,560,681,1241,0.0,0.0008333472224606453,1.0000000000000013,0.0
41623,34.686411440190675,1.0,560,681,1241,0.0,0.0008333472224535399,1.0000000000000013,0.0
41624,34.68724478741313,1.0,560,681,1241,0.0,0.0008333472224535399,1.0000000000000013,0.0
41625,34.68807813463558,0.9991941982272361,560,681,1241,-0.0008058017727639033,0.0008333472224535399,0.999919419822725,-8.058017727639034e-05
41626,34.688911481858035,1.0,560,681,1241,0.0008058017727639033,0.0008333472224535399,0.999919419822725,0.0
41627,34.68974482908049,1.0,560,681,1241,0.0,0.0008333472224535399,0.999919419822725,0.0
41628,34.69057817630294,1.0,560,681,1241,0.0,0.0008333472224535399,0.999919419822725,0.0
41629,34.691411523525396,1.0,560,681,1241,0.0,0.0008333472224535399,0.999919419822725,0.0
41630,34.69224487074785,1.0,560,681,1241,0.0,0.0008333472224535399,0.999919419822725,0.0
41631,34.6930782179703,0.9991941982272361,560,681,1241,-0.0008058017727639033,0.0008333472224535399,0.9998388396454487,-8.058017727639034e-05
41632,34.69391156519276,0.9991941982272361,560,681,1241,0.0,0.0008333472224535399,0.9997582594681724,-8.058017727639034e-05
41633,34.69474491241521,1.0,560,681,1241,0.0008058017727639033,0.0008333472224535399,0.9997582594681724,0.0
41634,34.695578259637664,1.0,560,681,1241,0.0,0.0008333472224535399,0.9997582594681724,0.0
41635,34.69641160686012,1.0,560,681,1241,0.0,0.0008333472224535399,0.9998388396454487,8.058017727639034e-05
41636,34.69724495408257,1.0,560,681,1241,0.0,0.0008333472224535399,0.9998388396454487,0.0
41637,34.698078301305024,1.0,560,681,1241,0.0,0.0008333472224535399,0.9998388396454487,0.0
41638,34.69891164852748,1.0,560,681,1241,0.0,0.0008333472224535399,0.9998388396454487,0.0
41639,34.69974499574993,0.9991941982272361,560,681,1241,-0.0008058017727639033,0.0008333472224535399,0.9997582594681724,-8.058017727639034e-05
41640,34.700578342972385,0.9991941982272361,560,681,1241,0.0,0.0008333472224535399,0.999677679290896,-8.058017727639034e-05
41641,34.70141169019484,0.9991941982272361,560,681,1241,0.0,0.0008333472224535399,0.999677679290896,0.0
41642,34.70224503741729,1.0,560,681,1241,0.0008058017727639033,0.0008333472224535399,0.9997582594681724,8.058017727639034e-05
41643,34.703078384639745,1.0,560,681,1241,0.0,0.0008333472224535399,0.9997582594681724,0.0
41644,34.7039117318622,1.0,560,681,1241,0.0,0.0008333472224535399,0.9997582594681724,0.0
41645,34.70474507908465,1.0,560,681,1241,0.0,0.0008333472224535399,0.9997582594681724,0.0
41646,34.705578426307106,0.9975825946817083,560,681,1241,-0.00241740531829171,0.0008333472224535399,0.9995165189363432,-0.00024174053182917098
41647,34.70641177352956,0.9983883964544722,560,681,1241,0.0008058017727639033,0.0008333472224535399,0.9993553585817903,-0.00016116035455278067
41648,34.70724512075201,0.9983883964544722,560,681,1241,0.0,0.0008333472224535399,0.9991941982272377,-0.00016116035455278067
41649,34.70807846797447,0.9983883964544722,560,681,1241,0.0,0.0008333472224535399,0.9991136180499612,-8.058017727639034e-05
41650,34.70891181519692,0.9983883964544722,560,681,1241,0.0,0.0008333472224535399,0.9990330378726849,-8.058017727639034e-05
41651,34.709745162419374,0.9991941982272361,560,681,1241,0.0008058017727639033,0.0008333472224535399,0.9990330378726849,0.0
41652,34.71057850964183,0.9991941982272361,560,681,1241,0.0,0.0008333472224535399,0.9989524576954085,-8.058017727639034e-05
41653,34.71141185686428,0.9983883964544722,560,681,1241,-0.0008058017727639033,0.0008333472224535399,0.9987912973408559,-0.00016116035455278067
41654,34.712245204086734,0.9983883964544722,560,681,1241,0.0,0.0008333472224535399,0.9986301369863032,-0.00016116035455278067
41655,34.71307855130919,0.9983883964544722,560,681,1241,0.0,0.0008333472224535399,0.9984689766317505,-0.00016116035455278067
41656,34.71391189853164,0.9991941982272361,560,681,1241,0.0008058017727639033,0.0008333472224535399,0.9986301369863033,0.00016116035455278067
41657,34.714745245754095,1.0,560,681,1241,0.0008058017727639033,0.0008333472224535399,0.9987912973408563,0.00016116035455278067
41658,34.71557859297655,1.0,560,681,1241,0.0,0.0008333472224535399,0.998952457695409,0.00016116035455278067
41659,34.716411940199,1.0,560,681,1241,0.0,0.0008333472224535399,0.9991136180499616,0.00016116035455278067
41660,34.717245287421456,1.0,560,681,1241,0.0,0.0008333472224535399,0.9992747784045143,0.00016116035455278067
41661,34.71807863464391,0.9991941982272361,560,681,1241,-0.0008058017727639033,0.0008333472224535399,0.9992747784045143,0.0
41662,34.71891198186636,0.9991941982272361,560,681,1241,0.0,0.0008333472224535399,0.9992747784045143,0.0
41663,34.719745329088816,0.9991941982272361,560,681,1241,0.0,0.0008333472224535399,0.9993553585817907,8.058017727639034e-05
41664,34.72057867631127,0.9991941982272361,560,681,1241,0.0,0.0008333472224535399,0.999435938759067,8.058017727639034e-05
41665,34.72141202353373,0.9991941982272361,560,681,1241,0.0,0.0008333472224606453,0.9995165189363433,8.058017727639034e-05
41666,34.722245370756184,1.0,560,681,1241,0.0008058017727639033,0.0008333472224535399,0.9995970991136197,8.058017727639034e-05
41667,34.72307871797864,1.0,560,681,1241,0.0,0.0008333472224535399,0.9995970991136197,0.0
41668,34.72391206520109,1.0,560,681,1241,0.0,0.0008333472224535399,0.9995970991136197,0.0
41669,34.724745412423545,0.9991941982272361,560,681,1241,-0.0008058017727639033,0.0008333472224535399,0.9995165189363433,-8.058017727639034e-05
41670,34.725578759646,0.9991941982272361,560,681,1241,0.0,0.0008333472224535399,0.999435938759067,-8.058017727639034e-05
41671,34.72641210686845,0.9991941982272361,560,681,1241,0.0,0.0008333472224535399,0.999435938759067,0.0
41672,34.727245454090905,0.9991941982272361,560,681,1241,0.0,0.0008333472224535399,0.999435938759067,0.0
41673,34.72807880131336,1.0,560,681,1241,0.0008058017727639033,0.0008333472224535399,0.9995165189363433,8.058017727639034e-05
41674,34.72891214853581,1.0,560,681,1241,0.0,0.0008333472224535399,0.9995970991136197,8.058017727639034e-05
41675,34.729745495758266,1.0,560,681,1241,0.0,0.0008333472224535399,0.999677679290896,8.058017727639034e-05
41676,34.73057884298072,1.0,560,681,1241,0.0,0.0008333472224535399,0.999677679290896,0.0
41677,34.73141219020317,1.0,560,681,1241,0.0,0.0008333472224535399,0.999677679290896,0.0
41678,34.73224553742563,1.0,560,681,1241,0.0,0.0008333472224535399,0.999677679290896,0.0
41679,34.73307888464808,1.0,560,681,1241,0.0,0.0008333472224535399,0.9997582594681724,8.058017727639034e-05
41680,34.733912231870534,1.0,560,681,1241,0.0,0.0008333472224535399,0.9998388396454487,8.058017727639034e-05
41681,34.73474557909299,1.0,560,681,1241,0.0,0.0008333472224535399,0.999919419822725,8.058017727639034e-05
41682,34.73557892631544,1.0,560,681,1241,0.0,0.0008333472224535399,1.0000000000000013,8.058017727639034e-05
41683,34.736412273537894,1.0,560,681,1241,0.0,0.0008333472224535399,1.0000000000000013,0.0
41684,34.73724562076035,1.0,560,681,1241,0.0,0.0008333472224535399,1.0000000000000013,0.0
41685,34.7380789679828,1.0,560,681,1241,0.0,0.0008333472224535399,1.0000000000000013,0.0
41686,34.738912315205255,1.0,560,681,1241,0.0,0.0008333472224535399,1.0000000000000013,0.0
41687,34.73974566242771,1.0,560,681,1241,0.0,0.0008333472224535399,1.0000000000000013,0.0
41688,34.74057900965016,1.0,560,681,1241,0.0,0.0008333472224535399,1.0000000000000013,0.0
41689,34.741412356872615,0.9991941982272361,560,681,1241,-0.0008058017727639033,0.0008333472224535399,0.999919419822725,-8.058017727639034e-05
41690,34.74224570409507,0.9991941982272361,560,681,1241,0.0,0.0008333472224535399,0.9998388396454487,-8.058017727639034e-05
41691,34.74307905131752,1.0,560,681,1241,0.0008058017727639033,0.0008333472224535399,0.9998388396454487,0.0
41692,34.743912398539976,0.9991941982272361,560,681,1241,-0.0008058017727639033,0.0008333472224535399,0.9997582594681724,-8.058017727639034e-05
41693,34.74474574576243,0.9991941982272361,560,681,1241,0.0,0.0008333472224535399,0.999677679290896,-8.058017727639034e-05
41694,34.74557909298488,1.0,560,681,1241,0.0008058017727639033,0.0008333472224535399,0.999677679290896,0.0
41695,34.74641244020734,1.0,560,681,1241,0.0,0.0008333472224535399,0.999677679290896,0.0
41696,34.74724578742979,1.0,560,681,1241,0.0,0.0008333472224535399,0.999677679290896,0.0
41697,34.748079134652244,1.0,560,681,1241,0.0,0.0008333472224535399,0.999677679290896,0.0
41698,34.7489124818747,1.0,560,681,1241,0.0,0.0008333472224535399,0.999677679290896,0.0
41699,34.74974582909715,1.0,560,681,1241,0.0,0.0008333472224535399,0.9997582594681724,8.058017727639034e-05
41700,34.750579176319604,1.0,560,681,1241,0.0,0.0008333472224535399,0.9998388396454487,8.058017727639034e-05
41701,34.75141252354206,0.9991941982272361,560,681,1241,-0.0008058017727639033,0.0008333472224535399,0.9997582594681724,-8.058017727639034e-05
41702,34.75224587076451,1.0,560,681,1241,0.0008058017727639033,0.0008333472224535399,0.9998388396454487,8.058017727639034e-05
41703,34.753079217986965,1.0,560,681,1241,0.0,0.0008333472224535399,0.999919419822725,8.058017727639034e-05
41704,34.75391256520942,1.0,560,681,1241,0.0,0.0008333472224535399,0.999919419822725,0.0
41705,34.75474591243187,1.0,560,681,1241,0.0,0.0008333472224535399,0.999919419822725,0.0
41706,34.755579259654326,0.9991941982272361,560,681,1241,-0.0008058017727639033,0.0008333472224535399,0.9998388396454487,-8.058017727639034e-05
41707,34.756412606876786,1.0,560,681,1241,0.0008058017727639033,0.0008333472224606453,0.9998388396454487,0.0
41708,34.75724595409924,1.0,560,681,1241,0.0,0.0008333472224535399,0.9998388396454487,0.0
41709,34.75807930132169,1.0,560,681,1241,0.0,0.0008333472224535399,0.9998388396454487,0.0
41710,34.75891264854415,1.0,560,681,1241,0.0,0.0008333472224535399,0.9998388396454487,0.0
41711,34.7597459957666,1.0,560,681,1241,0.0,0.0008333472224535399,0.999919419822725,8.058017727639034e-05
41712,34.760579342989054,1.0,560,681,1241,0.0,0.0008333472224535399,0.999919419822725,0.0
41713,34.76141269021151,1.0,560,681,1241,0.0,0.0008333472224535399,0.999919419822725,0.0
41714,34.76224603743396,1.0,560,681,1241,0.0,0.0008333472224535399,0.999919419822725,0.0
41715,34.763079384656415,1.0,560,681,1241,0.0,0.0008333472224535399,0.999919419822725,0.0
41716,34.76391273187887,1.0,560,681,1241,0.0,0.0008333472224535399,1.0000000000000013,8.058017727639034e-05
41717,34.76474607910132,1.0,560,681,1241,0.0,0.0008333472224535399,1.0000000000000013,0.0
41718,34.765579426323775,1.0,560,681,1241,0.0,0.0008333472224535399,1.0000000000000013,0.0
41719,34.76641277354623,1.0,560,681,1241,0.0,0.0008333472224535399,1.0000000000000013,0.0
41720,34.76724612076868,1.0,560,681,1241,0.0,0.0008333472224535399,1.0000000000000013,0.0
41721,34.768079467991136,1.0,560,681,1241,0.0,0.0008333472224535399,1.0000000000000013,0.0
41722,34.76891281521359,1.0,560,681,1241,0.0,0.0008333472224535399,1.0000000000000013,0.0
41723,34.76974616243604,1.0,560,681,1241,0.0,0.0008333472224535399,1.0000000000000013,0.0
41724,34.770579509658496,1.0,560,681,1241,0.0,0.0008333472224535399,1.0000000000000013,0.0
41725,34.77141285688095,1.0,560,681,1241,0.0,0.0008333472224535399,1.0000000000000013,0.0
41726,34.7722462041034,1.0,560,681,1241,0.0,0.0008333472224535399,1.0000000000000013,0.0
41727,34.77307955132586,1.0,560,681,1241,0.0,0.0008333472224535399,1.0000000000000013,0.0
41728,34.77391289854831,1.0,560,681,1241,0.0,0.0008333472224535399,1.0000000000000013,0.0
41729,34.774746245770764,1.0,560,681,1241,0.0,0.0008333472224535399,1.0000000000000013,0.0
41730,34.77557959299322,1.0,560,681,1241,0.0,0.0008333472224535399,1.0000000000000013,0.0
41731,34.77641294021567,1.0,560,681,1241,0.0,0.0008333472224535399,1.0000000000000013,0.0
41732,34.777246287438125,1.0,560,681,1241,0.0,0.0008333472224535399,1.0000000000000013,0.0
41733,34.77807963466058,1.0,560,681,1241,0.0,0.0008333472224535399,1.0000000000000013,0.0
41734,34.77891298188303,1.0,560,681,1241,0.0,0.0008333472224535399,1.0000000000000013,0.0
41735,34.779746329105485,1.0,560,681,1241,0.0,0.0008333472224535399,1.0000000000000013,0.0
41736,34.78057967632794,1.0,560,681,1241,0.0,0.0008333472224535399,1.0000000000000013,0.0
41737,34.78141302355039,1.0,560,681,1241,0.0,0.0008333472224535399,1.0000000000000013,0.0
41738,34.782246370772846,1.0,560,681,1241,0.0,0.0008333472224535399,1.0000000000000013,0.0
41739,34.7830797179953,1.0,560,681,1241,0.0,0.0008333472224535399,1.0000000000000013,0.0
41740,34.78391306521775,1.0,560,681,1241,0.0,0.0008333472224535399,1.0000000000000013,0.0
41741,34.78474641244021,0.9991941982272361,560,681,1241,-0.0008058017727639033,0.0008333472224535399,0.999919419822725,-8.058017727639034e-05
41742,34.78557975966266,0.9991941982272361,560,681,1241,0.0,0.0008333472224535399,0.9998388396454487,-8.058017727639034e-05
41743,34.786413106885114,0.9991941982272361,560,681,1241,0.0,0.0008333472224535399,0.9997582594681724,-8.058017727639034e-05
41744,34.78724645410757,1.0,560,681,1241,0.0008058017727639033,0.0008333472224535399,0.9997582594681724,0.0
41745,34.78807980133002,1.0,560,681,1241,0.0,0.0008333472224535399,0.9997582594681724,0.0
41746,34.788913148552474,1.0,560,681,1241,0.0,0.0008333472224535399,0.9997582594681724,0.0
41747,34.78974649577493,1.0,560,681,1241,0.0,0.0008333472224535399,0.9997582594681724,0.0
41748,34.79057984299738,1.0,560,681,1241,0.0,0.0008333472224535399,0.9997582594681724,0.0
41749,34.791413190219835,1.0,560,681,1241,0.0,0.0008333472224535399,0.9997582594681724,0.0
41750,34.792246537442296,1.0,560,681,1241,0.0,0.0008333472224606453,0.9997582594681724,0.0
41751,34.79307988466475,1.0,560,681,1241,0.0,0.0008333472224535399,0.9998388396454487,8.058017727639034e-05
41752,34.7939132318872,1.0,560,681,1241,0.0,0.0008333472224535399,0.999919419822725,8.058017727639034e-05
41753,34.794746579109656,0.9991941982272361,560,681,1241,-0.0008058017727639033,0.0008333472224535399,0.999919419822725,0.0
41754,34.79557992633211,0.9991941982272361,560,681,1241,0.0,0.0008333472224535399,0.9998388396454487,-8.058017727639034e-05
41755,34.79641327355456,0.9991941982272361,560,681,1241,0.0,0.0008333472224535399,0.9997582594681724,-8.058017727639034e-05
41756,34.79724662077702,0.9991941982272361,560,681,1241,0.0,0.0008333472224535399,0.999677679290896,-8.058017727639034e-05
41757,34.79807996799947,0.9991941982272361,560,681,1241,0.0,0.0008333472224535399,0.9995970991136197,-8.058017727639034e-05
41758,34.798913315221924,0.9991941982272361,560,681,1241,0.0,0.0008333472224535399,0.9995165189363433,-8.058017727639034e-05
41759,34.79974666244438,0.9991941982272361,560,681,1241,0.0,0.0008333472224535399,0.999435938759067,-8.058017727639034e-05
41760,34.80058000966683,0.9991941982272361,560,681,1241,0.0,0.0008333472224535399,0.9993553585817907,-8.058017727639034e-05
41761,34.801413356889285,0.9991941982272361,560,681,1241,0.0,0.0008333472224535399,0.9992747784045143,-8.058017727639034e-05
41762,34.80224670411174,0.9991941982272361,560,681,1241,0.0,0.0008333472224535399,0.999194198227238,-8.058017727639034e-05
41763,34.80308005133419,0.9991941982272361,560,681,1241,0.0,0.0008333472224535399,0.999194198227238,0.0
41764,34.803913398556645,0.9991941982272361,560,681,1241,0.0,0.0008333472224535399,0.999194198227238,0.0
41765,34.8047467457791,1.0,560,681,1241,0.0008058017727639033,0.0008333472224535399,0.9992747784045143,8.058017727639034e-05
41766,34.80558009300155,1.0,560,681,1241,0.0,0.0008333472224535399,0.9993553585817907,8.058017727639034e-05
41767,34.806413440224006,0.9991941982272361,560,681,1241,-0.0008058017727639033,0.0008333472224535399,0.9993553585817907,0.0
41768,34.80724678744646,0.9991941982272361,560,681,1241,0.0,0.0008333472224535399,0.9993553585817907,0.0
41769,34.80808013466891,0.9991941982272361,560,681,1241,0.0,0.0008333472224535399,0.9993553585817907,0.0
41770,34.808913481891366,0.9991941982272361,560,681,1241,0.0,0.0008333472224535399,0.9993553585817907,0.0
41771,34.80974682911382,0.9991941982272361,560,681,1241,0.0,0.0008333472224535399,0.9993553585817907,0.0
41772,34.81058017633627,0.9991941982272361,560,681,1241,0.0,0.0008333472224535399,0.9993553585817907,0.0
41773,34.81141352355873,0.9991941982272361,560,681,1241,0.0,0.0008333472224535399,0.9993553585817907,0.0
41774,34.81224687078118,0.9991941982272361,560,681,1241,0.0,0.0008333472224535399,0.9993553585817907,0.0
41775,34.813080218003634,0.9991941982272361,560,681,1241,0.0,0.0008333472224535399,0.9992747784045143,-8.058017727639034e-05
41776,34.81391356522609,1.0,560,681,1241,0.0008058017727639033,0.0008333472224535399,0.9992747784045143,0.0
41777,34.81474691244854,1.0,560,681,1241,0.0,0.0008333472224535399,0.9993553585817907,8.058017727639034e-05
41778,34.815580259670995,1.0,560,681,1241,0.0,0.0008333472224535399,0.999435938759067,8.058017727639034e-05
41779,34.81641360689345,1.0,560,681,1241,0.0,0.0008333472224535399,0.9995165189363433,8.058017727639034e-05
41780,34.8172469541159,1.0,560,681,1241,0.0,0.0008333472224535399,0.9995970991136197,8.058017727639034e-05
41781,34.818080301338355,1.0,560,681,1241,0.0,0.0008333472224535399,0.999677679290896,8.058017727639034e-05
41782,34.81891364856081,1.0,560,681,1241,0.0,0.0008333472224535399,0.9997582594681724,8.058017727639034e-05
41783,34.81974699578326,1.0,560,681,1241,0.0,0.0008333472224535399,0.9998388396454487,8.058017727639034e-05
41784,34.820580343005716,1.0,560,681,1241,0.0,0.0008333472224535399,0.999919419822725,8.058017727639034e-05
41785,34.82141369022817,1.0,560,681,1241,0.0,0.0008333472224535399,1.0000000000000013,8.058017727639034e-05
41786,34.82224703745062,1.0,560,681,1241,0.0,0.0008333472224535399,1.0000000000000013,0.0
41787,34.82308038467308,1.0,560,681,1241,0.0,0.0008333472224535399,1.0000000000000013,0.0
41788,34.82391373189553,1.0,560,681,1241,0.0,0.0008333472224535399,1.0000000000000013,0.0
41789,34.824747079117984,1.0,560,681,1241,0.0,0.0008333472224535399,1.0000000000000013,0.0
41790,34.82558042634044,1.0,560,681,1241,0.0,0.0008333472224535399,1.0000000000000013,0.0
41791,34.82641377356289,1.0,560,681,1241,0.0,0.0008333472224535399,1.0000000000000013,0.0
41792,34.82724712078535,1.0,560,681,1241,0.0,0.0008333472224606453,1.0000000000000013,0.0
41793,34.828080468007805,1.0,560,681,1241,0.0,0.0008333472224535399,1.0000000000000013,0.0
41794,34.82891381523026,1.0,560,681,1241,0.0,0.0008333472224535399,1.0000000000000013,0.0
41795,34.82974716245271,1.0,560,681,1241,0.0,0.0008333472224535399,1.0000000000000013,0.0
41796,34.830580509675166,1.0,560,681,1241,0.0,0.0008333472224535399,1.0000000000000013,0.0
41797,34.83141385689762,1.0,560,681,1241,0.0,0.0008333472224535399,1.0000000000000013,0.0
41798,34.83224720412007,1.0,560,681,1241,0.0,0.0008333472224535399,1.0000000000000013,0.0
41799,34.833080551342526,1.0,560,681,1241,0.0,0.0008333472224535399,1.0000000000000013,0.0
41800,34.83391389856498,1.0,560,681,1241,0.0,0.0008333472224535399,1.0000000000000013,0.0
41801,34.83474724578743,1.0,560,681,1241,0.0,0.0008333472224535399,1.0000000000000013,0.0
41802,34.83558059300989,1.0,560,681,1241,0.0,0.0008333472224535399,1.0000000000000013,0.0
41803,34.83641394023234,1.0,560,681,1241,0.0,0.0008333472224535399,1.0000000000000013,0.0
41804,34.837247287454794,1.0,560,681,1241,0.0,0.0008333472224535399,1.0000000000000013,0.0
41805,34.83808063467725,1.0,560,681,1241,0.0,0.0008333472224535399,1.0000000000000013,0.0
41806,34.8389139818997,1.0,560,681,1241,0.0,0.0008333472224535399,1.0000000000000013,0.0
41807,34.839747329122154,1.0,560,681,1241,0.0,0.0008333472224535399,1.0000000000000013,0.0
41808,34.84058067634461,1.0,560,681,1241,0.0,0.0008333472224535399,1.0000000000000013,0.0
41809,34.84141402356706,0.9991941982272361,560,681,1241,-0.0008058017727639033,0.0008333472224535399,0.999919419822725,-8.058017727639034e-05
41810,34.842247370789515,1.0,560,681,1241,0.0008058017727639033,0.0008333472224535399,0.999919419822725,0.0
41811,34.84308071801197,1.0,560,681,1241,0.0,0.0008333472224535399,0.999919419822725,0.0
41812,34.84391406523442,1.0,560,681,1241,0.0,0.0008333472224535399,0.999919419822725,0.0
41813,34.844747412456876,1.0,560,681,1241,0.0,0.0008333472224535399,0.999919419822725,0.0
41814,34.84558075967933,1.0,560,681,1241,0.0,0.0008333472224535399,0.999919419822725,0.0
41815,34.84641410690178,1.0,560,681,1241,0.0,0.0008333472224535399,0.999919419822725,0.0
41816,34.847247454124236,1.0,560,681,1241,0.0,0.0008333472224535399,0.999919419822725,0.0
41817,34.84808080134669,1.0,560,681,1241,0.0,0.0008333472224535399,0.999919419822725,0.0
41818,34.84891414856914,1.0,560,681,1241,0.0,0.0008333472224535399,0.999919419822725,0.0
41819,34.8497474957916,1.0,560,681,1241,0.0,0.0008333472224535399,1.0000000000000013,8.058017727639034e-05
41820,34.85058084301405,1.0,560,681,1241,0.0,0.0008333472224535399,1.0000000000000013,0.0
41821,34.851414190236504,0.9991941982272361,560,681,1241,-0.0008058017727639033,0.0008333472224535399,0.999919419822725,-8.058017727639034e-05
41822,34.85224753745896,0.9991941982272361,560,681,1241,0.0,0.0008333472224535399,0.9998388396454487,-8.058017727639034e-05
41823,34.85308088468141,0.9991941982272361,560,681,1241,0.0,0.0008333472224535399,0.9997582594681724,-8.058017727639034e-05
41824,34.853914231903865,0.9991941982272361,560,681,1241,0.0,0.0008333472224535399,0.999677679290896,-8.058017727639034e-05
41825,34.85474757912632,0.9991941982272361,560,681,1241,0.0,0.0008333472224535399,0.9995970991136197,-8.058017727639034e-05
41826,34.85558092634877,0.9991941982272361,560,681,1241,0.0,0.0008333472224535399,0.9995165189363433,-8.058017727639034e-05
41827,34.856414273571225,0.9991941982272361,560,681,1241,0.0,0.0008333472224535399,0.999435938759067,-8.058017727639034e-05
41828,34.85724762079368,0.9991941982272361,560,681,1241,0.0,0.0008333472224535399,0.9993553585817907,-8.058017727639034e-05
41829,34.85808096801613,1.0,560,681,1241,0.0008058017727639033,0.0008333472224535399,0.9993553585817907,0.0
41830,34.858914315238586,1.0,560,681,1241,0.0,0.0008333472224535399,0.9993553585817907,0.0
41831,34.85974766246104,1.0,560,681,1241,0.0,0.0008333472224535399,0.999435938759067,8.058017727639034e-05
41832,34.86058100968349,0.9991941982272361,560,681,1241,-0.0008058017727639033,0.0008333472224535399,0.999435938759067,0.0
41833,34.86141435690595,1.0,560,681,1241,0.0008058017727639033,0.0008333472224535399,0.9995165189363433,8.058017727639034e-05
41834,34.86224770412841,1.0,560,681,1241,0.0,0.0008333472224606453,0.9995970991136197,8.058017727639034e-05
41835,34.86308105135086,1.0,560,681,1241,0.0,0.0008333472224535399,0.999677679290896,8.058017727639034e-05
41836,34.863914398573314,1.0,560,681,1241,0.0,0.0008333472224535399,0.9997582594681724,8.058017727639034e-05
41837,34.86474774579577,1.0,560,681,1241,0.0,0.0008333472224535399,0.9998388396454487,8.058017727639034e-05
41838,34.86558109301822,1.0,560,681,1241,0.0,0.0008333472224535399,0.999919419822725,8.058017727639034e-05
41839,34.866414440240675,1.0,560,681,1241,0.0,0.0008333472224535399,0.999919419822725,0.0
41840,34.86724778746313,0.9991941982272361,560,681,1241,-0.0008058017727639033,0.0008333472224535399,0.9998388396454487,-8.058017727639034e-05
41841,34.86808113468558,1.0,560,681,1241,0.0008058017727639033,0.0008333472224535399,0.9998388396454487,0.0
41842,34.868914481908035,1.0,560,681,1241,0.0,0.0008333472224535399,0.999919419822725,8.058017727639034e-05
41843,34.86974782913049,1.0,560,681,1241,0.0,0.0008333472224535399,0.999919419822725,0.0
41844,34.87058117635294,1.0,560,681,1241,0.0,0.0008333472224535399,0.999919419822725,0.0
41845,34.871414523575396,0.9991941982272361,560,681,1241,-0.0008058017727639033,0.0008333472224535399,0.9998388396454487,-8.058017727639034e-05
41846,34.87224787079785,0.9991941982272361,560,681,1241,0.0,0.0008333472224535399,0.9997582594681724,-8.058017727639034e-05
41847,34.8730812180203,1.0,560,681,1241,0.0008058017727639033,0.0008333472224535399,0.9997582594681724,0.0
41848,34.87391456524276,1.0,560,681,1241,0.0,0.0008333472224535399,0.9997582594681724,0.0
41849,34.87474791246521,1.0,560,681,1241,0.0,0.0008333472224535399,0.9997582594681724,0.0
41850,34.875581259687664,1.0,560,681,1241,0.0,0.0008333472224535399,0.9998388396454487,8.058017727639034e-05
41851,34.87641460691012,1.0,560,681,1241,0.0,0.0008333472224535399,0.9998388396454487,0.0
41852,34.87724795413257,0.9991941982272361,560,681,1241,-0.0008058017727639033,0.0008333472224535399,0.9997582594681724,-8.058017727639034e-05
41853,34.878081301355024,0.9991941982272361,560,681,1241,0.0,0.0008333472224535399,0.999677679290896,-8.058017727639034e-05
41854,34.87891464857748,0.9991941982272361,560,681,1241,0.0,0.0008333472224535399,0.9995970991136197,-8.058017727639034e-05
41855,34.87974799579993,0.9991941982272361,560,681,1241,0.0,0.0008333472224535399,0.9995970991136197,0.0
41856,34.880581343022385,1.0,560,681,1241,0.0008058017727639033,0.0008333472224535399,0.999677679290896,8.058017727639034e-05
41857,34.88141469024484,1.0,560,681,1241,0.0,0.0008333472224535399,0.999677679290896,0.0
41858,34.88224803746729,1.0,560,681,1241,0.0,0.0008333472224535399,0.999677679290896,0.0
41859,34.883081384689746,1.0,560,681,1241,0.0,0.0008333472224535399,0.999677679290896,0.0
41860,34.8839147319122,1.0,560,681,1241,0.0,0.0008333472224535399,0.999677679290896,0.0
41861,34.88474807913465,0.9991941982272361,560,681,1241,-0.0008058017727639033,0.0008333472224535399,0.9995970991136197,-8.058017727639034e-05
41862,34.885581426357106,1.0,560,681,1241,0.0008058017727639033,0.0008333472224535399,0.999677679290896,8.058017727639034e-05
41863,34.88641477357956,1.0,560,681,1241,0.0,0.0008333472224535399,0.9997582594681724,8.058017727639034e-05
41864,34.88724812080201,1.0,560,681,1241,0.0,0.0008333472224535399,0.9998388396454487,8.058017727639034e-05
41865,34.88808146802447,1.0,560,681,1241,0.0,0.0008333472224535399,0.999919419822725,8.058017727639034e-05
41866,34.88891481524692,1.0,560,681,1241,0.0,0.0008333472224535399,0.999919419822725,0.0
41867,34.889748162469374,1.0,560,681,1241,0.0,0.0008333472224535399,0.999919419822725,0.0
41868,34.89058150969183,1.0,560,681,1241,0.0,0.0008333472224535399,0.999919419822725,0.0
41869,34.89141485691428,1.0,560,681,1241,0.0,0.0008333472224535399,0.999919419822725,0.0
41870,34.892248204136735,1.0,560,681,1241,0.0,0.0008333472224535399,0.999919419822725,0.0
41871,34.89308155135919,1.0,560,681,1241,0.0,0.0008333472224535399,1.0000000000000013,8.058017727639034e-05
41872,34.89391489858164,1.0,560,681,1241,0.0,0.0008333472224535399,1.0000000000000013,0.0
41873,34.894748245804095,1.0,560,681,1241,0.0,0.0008333472224535399,1.0000000000000013,0.0
41874,34.89558159302655,1.0,560,681,1241,0.0,0.0008333472224535399,1.0000000000000013,0.0
41875,34.896414940249,1.0,560,681,1241,0.0,0.0008333472224535399,1.0000000000000013,0.0
41876,34.897248287471456,1.0,560,681,1241,0.0,0.0008333472224535399,1.0000000000000013,0.0
41877,34.898081634693916,1.0,560,681,1241,0.0,0.0008333472224606453,1.0000000000000013,0.0
41878,34.89891498191637,1.0,560,681,1241,0.0,0.0008333472224535399,1.0000000000000013,0.0
41879,34.89974832913882,1.0,560,681,1241,0.0,0.0008333472224535399,1.0000000000000013,0.0
41880,34.90058167636128,1.0,560,681,1241,0.0,0.0008333472224535399,1.0000000000000013,0.0
41881,34.90141502358373,1.0,560,681,1241,0.0,0.0008333472224535399,1.0000000000000013,0.0
41882,34.902248370806184,0.9991941982272361,560,681,1241,-0.0008058017727639033,0.0008333472224535399,0.999919419822725,-8.058017727639034e-05
41883,34.90308171802864,0.9983883964544722,560,681,1241,-0.0008058017727639033,0.0008333472224535399,0.9997582594681724,-0.00016116035455278067
41884,34.90391506525109,0.9983883964544722,560,681,1241,0.0,0.0008333472224535399,0.9995970991136197,-0.00016116035455278067
41885,34.904748412473545,0.9983883964544722,560,681,1241,0.0,0.0008333472224535399,0.999435938759067,-0.00016116035455278067
41886,34.905581759696,0.9983883964544722,560,681,1241,0.0,0.0008333472224535399,0.9992747784045143,-0.00016116035455278067
41887,34.90641510691845,0.9975825946817083,560,681,1241,-0.0008058017727639033,0.0008333472224535399,0.999033037872685,-0.00024174053182917098
41888,34.907248454140905,0.9983883964544722,560,681,1241,0.0008058017727639033,0.0008333472224535399,0.9988718775181322,-0.00016116035455278067
41889,34.90808180136336,0.9983883964544722,560,681,1241,0.0,0.0008333472224535399,0.9987107171635795,-0.00016116035455278067
41890,34.90891514858581,0.9991941982272361,560,681,1241,0.0008058017727639033,0.0008333472224535399,0.9986301369863032,-8.058017727639034e-05
41891,34.909748495808266,1.0,560,681,1241,0.0008058017727639033,0.0008333472224535399,0.9986301369863032,0.0
41892,34.91058184303072,1.0,560,681,1241,0.0,0.0008333472224535399,0.9987107171635795,8.058017727639034e-05
41893,34.91141519025317,1.0,560,681,1241,0.0,0.0008333472224535399,0.9988718775181322,0.00016116035455278067
41894,34.91224853747563,1.0,560,681,1241,0.0,0.0008333472224535399,0.9990330378726849,0.00016116035455278067
41895,34.91308188469808,1.0,560,681,1241,0.0,0.0008333472224535399,0.9991941982272377,0.00016116035455278067
41896,34.913915231920534,1.0,560,681,1241,0.0,0.0008333472224535399,0.9993553585817903,0.00016116035455278067
41897,34.91474857914299,1.0,560,681,1241,0.0,0.0008333472224535399,0.9995970991136195,0.00024174053182917098
41898,34.91558192636544,1.0,560,681,1241,0.0,0.0008333472224535399,0.9997582594681724,0.00016116035455278067
41899,34.916415273587894,1.0,560,681,1241,0.0,0.0008333472224535399,0.999919419822725,0.00016116035455278067
41900,34.91724862081035,1.0,560,681,1241,0.0,0.0008333472224535399,1.0000000000000013,8.058017727639034e-05
41901,34.9180819680328,1.0,560,681,1241,0.0,0.0008333472224535399,1.0000000000000013,0.0
41902,34.918915315255255,1.0,560,681,1241,0.0,0.0008333472224535399,1.0000000000000013,0.0
41903,34.91974866247771,1.0,560,681,1241,0.0,0.0008333472224535399,1.0000000000000013,0.0
41904,34.92058200970016,0.9991941982272361,560,681,1241,-0.0008058017727639033,0.0008333472224535399,0.999919419822725,-8.058017727639034e-05
41905,34.921415356922616,1.0,560,681,1241,0.0008058017727639033,0.0008333472224535399,0.999919419822725,0.0
41906,34.92224870414507,1.0,560,681,1241,0.0,0.0008333472224535399,0.999919419822725,0.0
41907,34.92308205136752,1.0,560,681,1241,0.0,0.0008333472224535399,0.999919419822725,0.0
41908,34.923915398589976,1.0,560,681,1241,0.0,0.0008333472224535399,0.999919419822725,0.0
41909,34.92474874581243,1.0,560,681,1241,0.0,0.0008333472224535399,0.999919419822725,0.0
41910,34.92558209303488,1.0,560,681,1241,0.0,0.0008333472224535399,0.999919419822725,0.0
41911,34.92641544025734,1.0,560,681,1241,0.0,0.0008333472224535399,0.999919419822725,0.0
41912,34.92724878747979,1.0,560,681,1241,0.0,0.0008333472224535399,0.999919419822725,0.0
41913,34.928082134702244,1.0,560,681,1241,0.0,0.0008333472224535399,0.999919419822725,0.0
41914,34.9289154819247,1.0,560,681,1241,0.0,0.0008333472224535399,1.0000000000000013,8.058017727639034e-05
41915,34.92974882914715,1.0,560,681,1241,0.0,0.0008333472224535399,1.0000000000000013,0.0
41916,34.930582176369604,1.0,560,681,1241,0.0,0.0008333472224535399,1.0000000000000013,0.0
41917,34.93141552359206,1.0,560,681,1241,0.0,0.0008333472224535399,1.0000000000000013,0.0
41918,34.93224887081451,1.0,560,681,1241,0.0,0.0008333472224535399,1.0000000000000013,0.0
41919,34.93308221803697,1.0,560,681,1241,0.0,0.0008333472224606453,1.0000000000000013,0.0
41920,34.933915565259426,1.0,560,681,1241,0.0,0.0008333472224535399,1.0000000000000013,0.0
41921,34.93474891248188,1.0,560,681,1241,0.0,0.0008333472224535399,1.0000000000000013,0.0
41922,34.93558225970433,1.0,560,681,1241,0.0,0.0008333472224535399,1.0000000000000013,0.0
41923,34.936415606926786,1.0,560,681,1241,0.0,0.0008333472224535399,1.0000000000000013,0.0
41924,34.93724895414924,1.0,560,681,1241,0.0,0.0008333472224535399,1.0000000000000013,0.0
41925,34.93808230137169,0.9991941982272361,560,681,1241,-0.0008058017727639033,0.0008333472224535399,0.999919419822725,-8.058017727639034e-05
41926,34.93891564859415,1.0,560,681,1241,0.0008058017727639033,0.0008333472224535399,0.999919419822725,0.0
41927,34.9397489958166,1.0,560,681,1241,0.0,0.0008333472224535399,0.999919419822725,0.0
41928,34.940582343039054,1.0,560,681,1241,0.0,0.0008333472224535399,0.999919419822725,0.0
41929,34.94141569026151,1.0,560,681,1241,0.0,0.0008333472224535399,0.999919419822725,0.0
41930,34.94224903748396,1.0,560,681,1241,0.0,0.0008333472224535399,0.999919419822725,0.0
41931,34.943082384706415,1.0,560,681,1241,0.0,0.0008333472224535399,0.999919419822725,0.0
41932,34.94391573192887,1.0,560,681,1241,0.0,0.0008333472224535399,0.999919419822725,0.0
41933,34.94474907915132,0.9991941982272361,560,681,1241,-0.0008058017727639033,0.0008333472224535399,0.9998388396454487,-8.058017727639034e-05
41934,34.945582426373775,0.9991941982272361,560,681,1241,0.0,0.0008333472224535399,0.9997582594681724,-8.058017727639034e-05
41935,34.94641577359623,1.0,560,681,1241,0.0008058017727639033,0.0008333472224535399,0.9998388396454487,8.058017727639034e-05
41936,34.94724912081868,0.9991941982272361,560,681,1241,-0.0008058017727639033,0.0008333472224535399,0.9997582594681724,-8.058017727639034e-05
41937,34.948082468041136,0.9991941982272361,560,681,1241,0.0,0.0008333472224535399,0.999677679290896,-8.058017727639034e-05
41938,34.94891581526359,0.9983883964544722,560,681,1241,-0.0008058017727639033,0.0008333472224535399,0.9995165189363433,-0.00016116035455278067
41939,34.94974916248604,0.9991941982272361,560,681,1241,0.0008058017727639033,0.0008333472224535399,0.999435938759067,-8.058017727639034e-05
41940,34.9505825097085,1.0,560,681,1241,0.0008058017727639033,0.0008333472224535399,0.999435938759067,0.0
41941,34.95141585693095,1.0,560,681,1241,0.0,0.0008333472224535399,0.999435938759067,0.0
41942,34.952249204153404,1.0,560,681,1241,0.0,0.0008333472224535399,0.999435938759067,0.0
41943,34.95308255137586,1.0,560,681,1241,0.0,0.0008333472224535399,0.9995165189363433,8.058017727639034e-05
41944,34.95391589859831,1.0,560,681,1241,0.0,0.0008333472224535399,0.9995970991136197,8.058017727639034e-05
41945,34.954749245820764,1.0,560,681,1241,0.0,0.0008333472224535399,0.9995970991136197,0.0
41946,34.95558259304322,1.0,560,681,1241,0.0,0.0008333472224535399,0.999677679290896,8.058017727639034e-05
41947,34.95641594026567,1.0,560,681,1241,0.0,0.0008333472224535399,0.9997582594681724,8.058017727639034e-05
41948,34.957249287488125,1.0,560,681,1241,0.0,0.0008333472224535399,0.999919419822725,0.00016116035455278067
41949,34.95808263471058,1.0,560,681,1241,0.0,0.0008333472224535399,1.0000000000000013,8.058017727639034e-05
41950,34.95891598193303,1.0,560,681,1241,0.0,0.0008333472224535399,1.0000000000000013,0.0
41951,34.959749329155485,1.0,560,681,1241,0.0,0.0008333472224535399,1.0000000000000013,0.0
41952,34.96058267637794,1.0,560,681,1241,0.0,0.0008333472224535399,1.0000000000000013,0.0
41953,34.96141602360039,1.0,560,681,1241,0.0,0.0008333472224535399,1.0000000000000013,0.0
41954,34.962249370822846,0.9991941982272361,560,681,1241,-0.0008058017727639033,0.0008333472224535399,0.999919419822725,-8.058017727639034e-05
41955,34.9630827180453,0.9991941982272361,560,681,1241,0.0,0.0008333472224535399,0.9998388396454487,-8.058017727639034e-05
41956,34.96391606526775,1.0,560,681,1241,0.0008058017727639033,0.0008333472224535399,0.9998388396454487,0.0
41957,34.96474941249021,1.0,560,681,1241,0.0,0.0008333472224535399,0.9998388396454487,0.0
41958,34.96558275971266,1.0,560,681,1241,0.0,0.0008333472224535399,0.9998388396454487,0.0
41959,34.966416106935114,1.0,560,681,1241,0.0,0.0008333472224535399,0.9998388396454487,0.0
41960,34.96724945415757,1.0,560,681,1241,0.0,0.0008333472224535399,0.9998388396454487,0.0
41961,34.96808280138003,1.0,560,681,1241,0.0,0.0008333472224606453,0.9998388396454487,0.0
41962,34.96891614860248,1.0,560,681,1241,0.0,0.0008333472224535399,0.9998388396454487,0.0
41963,34.969749495824935,1.0,560,681,1241,0.0,0.0008333472224535399,0.9998388396454487,0.0
41964,34.97058284304739,1.0,560,681,1241,0.0,0.0008333472224535399,0.999919419822725,8.058017727639034e-05
41965,34.97141619026984,1.0,560,681,1241,0.0,0.0008333472224535399,1.0000000000000013,8.058017727639034e-05
41966,34.972249537492296,1.0,560,681,1241,0.0,0.0008333472224535399,1.0000000000000013,0.0
41967,34.97308288471475,1.0,560,681,1241,0.0,0.0008333472224535399,1.0000000000000013,0.0
41968,34.9739162319372,0.9991941982272361,560,681,1241,-0.0008058017727639033,0.0008333472224535399,0.999919419822725,-8.058017727639034e-05
41969,34.974749579159656,0.9991941982272361,560,681,1241,0.0,0.0008333472224535399,0.9998388396454487,-8.058017727639034e-05
41970,34.97558292638211,0.9991941982272361,560,681,1241,0.0,0.0008333472224535399,0.9997582594681724,-8.058017727639034e-05
41971,34.97641627360456,0.9983883964544722,560,681,1241,-0.0008058017727639033,0.0008333472224535399,0.9995970991136197,-0.00016116035455278067
41972,34.97724962082702,0.9983883964544722,560,681,1241,0.0,0.0008333472224535399,0.999435938759067,-0.00016116035455278067
41973,34.97808296804947,0.9991941982272361,560,681,1241,0.0008058017727639033,0.0008333472224535399,0.9993553585817907,-8.058017727639034e-05
41974,34.978916315271924,1.0,560,681,1241,0.0008058017727639033,0.0008333472224535399,0.9993553585817907,0.0
41975,34.97974966249438,1.0,560,681,1241,0.0,0.0008333472224535399,0.9993553585817907,0.0
41976,34.98058300971683,1.0,560,681,1241,0.0,0.0008333472224535399,0.9993553585817907,0.0
41977,34.981416356939285,1.0,560,681,1241,0.0,0.0008333472224535399,0.9993553585817907,0.0
41978,34.98224970416174,1.0,560,681,1241,0.0,0.0008333472224535399,0.999435938759067,8.058017727639034e-05
41979,34.98308305138419,1.0,560,681,1241,0.0,0.0008333472224535399,0.9995165189363433,8.058017727639034e-05
41980,34.983916398606645,1.0,560,681,1241,0.0,0.0008333472224535399,0.9995970991136197,8.058017727639034e-05
41981,34.9847497458291,1.0,560,681,1241,0.0,0.0008333472224535399,0.9997582594681724,0.00016116035455278067
41982,34.98558309305155,1.0,560,681,1241,0.0,0.0008333472224535399,0.999919419822725,0.00016116035455278067
41983,34.986416440274006,1.0,560,681,1241,0.0,0.0008333472224535399,1.0000000000000013,8.058017727639034e-05
41984,34.98724978749646,1.0,560,681,1241,0.0,0.0008333472224535399,1.0000000000000013,0.0
41985,34.98808313471891,1.0,560,681,1241,0.0,0.0008333472224535399,1.0000000000000013,0.0
41986,34.98891648194137,1.0,560,681,1241,0.0,0.0008333472224535399,1.0000000000000013,0.0
41987,34.98974982916382,1.0,560,681,1241,0.0,0.0008333472224535399,1.0000000000000013,0.0
41988,34.990583176386274,1.0,560,681,1241,0.0,0.0008333472224535399,1.0000000000000013,0.0
41989,34.99141652360873,1.0,560,681,1241,0.0,0.0008333472224535399,1.0000000000000013,0.0
41990,34.99224987083118,1.0,560,681,1241,0.0,0.0008333472224535399,1.0000000000000013,0.0
41991,34.993083218053634,0.9991941982272361,560,681,1241,-0.0008058017727639033,0.0008333472224535399,0.999919419822725,-8.058017727639034e-05
41992,34.99391656527609,0.9991941982272361,560,681,1241,0.0,0.0008333472224535399,0.9998388396454487,-8.058017727639034e-05
41993,34.99474991249854,0.9991941982272361,560,681,1241,0.0,0.0008333472224535399,0.9997582594681724,-8.058017727639034e-05
41994,34.995583259720995,0.9991941982272361,560,681,1241,0.0,0.0008333472224535399,0.999677679290896,-8.058017727639034e-05
41995,34.99641660694345,0.9991941982272361,560,681,1241,0.0,0.0008333472224535399,0.9995970991136197,-8.058017727639034e-05
41996,34.9972499541659,0.9991941982272361,560,681,1241,0.0,0.0008333472224535399,0.9995165189363433,-8.058017727639034e-05
41997,34.998083301388355,1.0,560,681,1241,0.0008058017727639033,0.0008333472224535399,0.9995165189363433,0.0
41998,34.99891664861081,1.0,560,681,1241,0.0,0.0008333472224535399,0.9995165189363433,0.0
41999,34.99974999583326,1.0,560,681,1241,0.0,0.0008333472224535399,0.9995165189363433,0.0
42000,35.000583343055716,1.0,560,681,1241,0.0,0.0008333472224535399,0.9995165189363433,0.0
42001,35.00141669027817,1.0,560,681,1241,0.0,0.0008333472224535399,0.9995970991136197,8.058017727639034e-05
42002,35.00225003750062,1.0,560,681,1241,0.0,0.0008333472224535399,0.999677679290896,8.058017727639034e-05
42003,35.00308338472308,1.0,560,681,1241,0.0,0.0008333472224535399,0.9997582594681724,8.058017727639034e-05
42004,35.00391673194554,1.0,560,681,1241,0.0,0.0008333472224606453,0.9998388396454487,8.058017727639034e-05
42005,35.00475007916799,0.9991941982272361,560,681,1241,-0.0008058017727639033,0.0008333472224535399,0.9998388396454487,0.0
42006,35.005583426390444,0.9991941982272361,560,681,1241,0.0,0.0008333472224535399,0.9998388396454487,0.0
42007,35.0064167736129,0.9991941982272361,560,681,1241,0.0,0.0008333472224535399,0.9997582594681724,-8.058017727639034e-05
42008,35.00725012083535,0.9991941982272361,560,681,1241,0.0,0.0008333472224535399,0.999677679290896,-8.058017727639034e-05
42009,35.008083468057805,1.0,560,681,1241,0.0008058017727639033,0.0008333472224535399,0.999677679290896,0.0
42010,35.00891681528026,1.0,560,681,1241,0.0,0.0008333472224535399,0.999677679290896,0.0
42011,35.00975016250271,0.9991941982272361,560,681,1241,-0.0008058017727639033,0.0008333472224535399,0.9995970991136197,-8.058017727639034e-05
42012,35.010583509725166,0.9991941982272361,560,681,1241,0.0,0.0008333472224535399,0.9995165189363433,-8.058017727639034e-05
42013,35.01141685694762,0.9991941982272361,560,681,1241,0.0,0.0008333472224535399,0.999435938759067,-8.058017727639034e-05
42014,35.01225020417007,0.9991941982272361,560,681,1241,0.0,0.0008333472224535399,0.9993553585817907,-8.058017727639034e-05
42015,35.013083551392526,0.9991941982272361,560,681,1241,0.0,0.0008333472224535399,0.9993553585817907,0.0
42016,35.01391689861498,0.9991941982272361,560,681,1241,0.0,0.0008333472224535399,0.9993553585817907,0.0
42017,35.01475024583743,0.9991941982272361,560,681,1241,0.0,0.0008333472224535399,0.9993553585817907,0.0
42018,35.01558359305989,0.9991941982272361,560,681,1241,0.0,0.0008333472224535399,0.9993553585817907,0.0
42019,35.01641694028234,0.9991941982272361,560,681,1241,0.0,0.0008333472224535399,0.9992747784045143,-8.058017727639034e-05
42020,35.017250287504794,1.0,560,681,1241,0.0008058017727639033,0.0008333472224535399,0.9992747784045143,0.0
42021,35.01808363472725,1.0,560,681,1241,0.0,0.0008333472224535399,0.9993553585817907,8.058017727639034e-05
42022,35.0189169819497,1.0,560,681,1241,0.0,0.0008333472224535399,0.999435938759067,8.058017727639034e-05
42023,35.019750329172155,1.0,560,681,1241,0.0,0.0008333472224535399,0.9995165189363433,8.058017727639034e-05
42024,35.02058367639461,1.0,560,681,1241,0.0,0.0008333472224535399,0.9995970991136197,8.058017727639034e-05
42025,35.02141702361706,1.0,560,681,1241,0.0,0.0008333472224535399,0.999677679290896,8.058017727639034e-05
42026,35.022250370839515,1.0,560,681,1241,0.0,0.0008333472224535399,0.9997582594681724,8.058017727639034e-05
42027,35.02308371806197,1.0,560,681,1241,0.0,0.0008333472224535399,0.9998388396454487,8.058017727639034e-05
42028,35.02391706528442,1.0,560,681,1241,0.0,0.0008333472224535399,0.999919419822725,8.058017727639034e-05
42029,35.024750412506876,1.0,560,681,1241,0.0,0.0008333472224535399,1.0000000000000013,8.058017727639034e-05
42030,35.02558375972933,1.0,560,681,1241,0.0,0.0008333472224535399,1.0000000000000013,0.0
42031,35.02641710695178,1.0,560,681,1241,0.0,0.0008333472224535399,1.0000000000000013,0.0
42032,35.027250454174236,1.0,560,681,1241,0.0,0.0008333472224535399,1.0000000000000013,0.0
42033,35.02808380139669,1.0,560,681,1241,0.0,0.0008333472224535399,1.0000000000000013,0.0
42034,35.02891714861914,1.0,560,681,1241,0.0,0.0008333472224535399,1.0000000000000013,0.0
42035,35.0297504958416,1.0,560,681,1241,0.0,0.0008333472224535399,1.0000000000000013,0.0
42036,35.03058384306405,1.0,560,681,1241,0.0,0.0008333472224535399,1.0000000000000013,0.0
42037,35.031417190286504,1.0,560,681,1241,0.0,0.0008333472224535399,1.0000000000000013,0.0
42038,35.03225053750896,1.0,560,681,1241,0.0,0.0008333472224535399,1.0000000000000013,0.0
42039,35.03308388473141,1.0,560,681,1241,0.0,0.0008333472224535399,1.0000000000000013,0.0
42040,35.033917231953865,1.0,560,681,1241,0.0,0.0008333472224535399,1.0000000000000013,0.0
42041,35.03475057917632,1.0,560,681,1241,0.0,0.0008333472224535399,1.0000000000000013,0.0
42042,35.03558392639877,1.0,560,681,1241,0.0,0.0008333472224535399,1.0000000000000013,0.0
42043,35.036417273621225,1.0,560,681,1241,0.0,0.0008333472224535399,1.0000000000000013,0.0
42044,35.03725062084368,1.0,560,681,1241,0.0,0.0008333472224535399,1.0000000000000013,0.0
42045,35.03808396806613,1.0,560,681,1241,0.0,0.0008333472224535399,1.0000000000000013,0.0
42046,35.03891731528859,1.0,560,681,1241,0.0,0.0008333472224606453,1.0000000000000013,0.0
42047,35.03975066251105,1.0,560,681,1241,0.0,0.0008333472224535399,1.0000000000000013,0.0
42048,35.0405840097335,1.0,560,681,1241,0.0,0.0008333472224535399,1.0000000000000013,0.0
42049,35.041417356955954,1.0,560,681,1241,0.0,0.0008333472224535399,1.0000000000000013,0.0
42050,35.04225070417841,1.0,560,681,1241,0.0,0.0008333472224535399,1.0000000000000013,0.0
42051,35.04308405140086,1.0,560,681,1241,0.0,0.0008333472224535399,1.0000000000000013,0.0
42052,35.043917398623314,1.0,560,681,1241,0.0,0.0008333472224535399,1.0000000000000013,0.0
42053,35.04475074584577,1.0,560,681,1241,0.0,0.0008333472224535399,1.0000000000000013,0.0
42054,35.04558409306822,1.0,560,681,1241,0.0,0.0008333472224535399,1.0000000000000013,0.0
42055,35.046417440290675,1.0,560,681,1241,0.0,0.0008333472224535399,1.0000000000000013,0.0
42056,35.04725078751313,1.0,560,681,1241,0.0,0.0008333472224535399,1.0000000000000013,0.0
42057,35.04808413473558,1.0,560,681,1241,0.0,0.0008333472224535399,1.0000000000000013,0.0
42058,35.048917481958036,1.0,560,681,1241,0.0,0.0008333472224535399,1.0000000000000013,0.0
42059,35.04975082918049,1.0,560,681,1241,0.0,0.0008333472224535399,1.0000000000000013,0.0
42060,35.05058417640294,1.0,560,681,1241,0.0,0.0008333472224535399,1.0000000000000013,0.0
42061,35.051417523625396,1.0,560,681,1241,0.0,0.0008333472224535399,1.0000000000000013,0.0
42062,35.05225087084785,0.9991941982272361,560,681,1241,-0.0008058017727639033,0.0008333472224535399,0.999919419822725,-8.058017727639034e-05
42063,35.0530842180703,1.0,560,681,1241,0.0008058017727639033,0.0008333472224535399,0.999919419822725,0.0
42064,35.05391756529276,1.0,560,681,1241,0.0,0.0008333472224535399,0.999919419822725,0.0
42065,35.05475091251521,1.0,560,681,1241,0.0,0.0008333472224535399,0.999919419822725,0.0
42066,35.055584259737664,1.0,560,681,1241,0.0,0.0008333472224535399,0.999919419822725,0.0
42067,35.05641760696012,1.0,560,681,1241,0.0,0.0008333472224535399,0.999919419822725,0.0
42068,35.05725095418257,1.0,560,681,1241,0.0,0.0008333472224535399,0.999919419822725,0.0
42069,35.058084301405025,0.9991941982272361,560,681,1241,-0.0008058017727639033,0.0008333472224535399,0.9998388396454487,-8.058017727639034e-05
42070,35.05891764862748,0.9991941982272361,560,681,1241,0.0,0.0008333472224535399,0.9997582594681724,-8.058017727639034e-05
42071,35.05975099584993,0.9991941982272361,560,681,1241,0.0,0.0008333472224535399,0.999677679290896,-8.058017727639034e-05
42072,35.060584343072385,1.0,560,681,1241,0.0008058017727639033,0.0008333472224535399,0.9997582594681724,8.058017727639034e-05
42073,35.06141769029484,1.0,560,681,1241,0.0,0.0008333472224535399,0.9997582594681724,0.0
42074,35.06225103751729,1.0,560,681,1241,0.0,0.0008333472224535399,0.9997582594681724,0.0
42075,35.063084384739746,1.0,560,681,1241,0.0,0.0008333472224535399,0.9997582594681724,0.0
42076,35.0639177319622,1.0,560,681,1241,0.0,0.0008333472224535399,0.9997582594681724,0.0
42077,35.06475107918465,1.0,560,681,1241,0.0,0.0008333472224535399,0.9997582594681724,0.0
42078,35.065584426407106,1.0,560,681,1241,0.0,0.0008333472224535399,0.9997582594681724,0.0
42079,35.06641777362956,1.0,560,681,1241,0.0,0.0008333472224535399,0.9998388396454487,8.058017727639034e-05
42080,35.06725112085201,1.0,560,681,1241,0.0,0.0008333472224535399,0.999919419822725,8.058017727639034e-05
42081,35.06808446807447,1.0,560,681,1241,0.0,0.0008333472224535399,1.0000000000000013,8.058017727639034e-05
42082,35.06891781529692,1.0,560,681,1241,0.0,0.0008333472224535399,1.0000000000000013,0.0
42083,35.069751162519374,1.0,560,681,1241,0.0,0.0008333472224535399,1.0000000000000013,0.0
42084,35.07058450974183,1.0,560,681,1241,0.0,0.0008333472224535399,1.0000000000000013,0.0
42085,35.07141785696428,1.0,560,681,1241,0.0,0.0008333472224535399,1.0000000000000013,0.0
42086,35.072251204186735,1.0,560,681,1241,0.0,0.0008333472224535399,1.0000000000000013,0.0
42087,35.07308455140919,1.0,560,681,1241,0.0,0.0008333472224535399,1.0000000000000013,0.0
42088,35.07391789863165,1.0,560,681,1241,0.0,0.0008333472224606453,1.0000000000000013,0.0
42089,35.0747512458541,1.0,560,681,1241,0.0,0.0008333472224535399,1.0000000000000013,0.0
42090,35.075584593076556,1.0,560,681,1241,0.0,0.0008333472224535399,1.0000000000000013,0.0
42091,35.07641794029901,1.0,560,681,1241,0.0,0.0008333472224535399,1.0000000000000013,0.0
42092,35.07725128752146,1.0,560,681,1241,0.0,0.0008333472224535399,1.0000000000000013,0.0
42093,35.07808463474392,1.0,560,681,1241,0.0,0.0008333472224535399,1.0000000000000013,0.0
42094,35.07891798196637,1.0,560,681,1241,0.0,0.0008333472224535399,1.0000000000000013,0.0
42095,35.079751329188824,1.0,560,681,1241,0.0,0.0008333472224535399,1.0000000000000013,0.0
42096,35.08058467641128,1.0,560,681,1241,0.0,0.0008333472224535399,1.0000000000000013,0.0
42097,35.08141802363373,1.0,560,681,1241,0.0,0.0008333472224535399,1.0000000000000013,0.0
42098,35.082251370856184,1.0,560,681,1241,0.0,0.0008333472224535399,1.0000000000000013,0.0
42099,35.08308471807864,0.9991941982272361,560,681,1241,-0.0008058017727639033,0.0008333472224535399,0.999919419822725,-8.058017727639034e-05
42100,35.08391806530109,0.9991941982272361,560,681,1241,0.0,0.0008333472224535399,0.9998388396454487,-8.058017727639034e-05
42101,35.084751412523545,0.9991941982272361,560,681,1241,0.0,0.0008333472224535399,0.9997582594681724,-8.058017727639034e-05
42102,35.085584759746,1.0,560,681,1241,0.0008058017727639033,0.0008333472224535399,0.9997582594681724,0.0
42103,35.08641810696845,1.0,560,681,1241,0.0,0.0008333472224535399,0.9997582594681724,0.0
42104,35.087251454190906,1.0,560,681,1241,0.0,0.0008333472224535399,0.9997582594681724,0.0
42105,35.08808480141336,1.0,560,681,1241,0.0,0.0008333472224535399,0.9997582594681724,0.0
42106,35.08891814863581,0.9991941982272361,560,681,1241,-0.0008058017727639033,0.0008333472224535399,0.999677679290896,-8.058017727639034e-05
42107,35.089751495858266,0.9991941982272361,560,681,1241,0.0,0.0008333472224535399,0.9995970991136197,-8.058017727639034e-05
42108,35.09058484308072,0.9991941982272361,560,681,1241,0.0,0.0008333472224535399,0.9995165189363433,-8.058017727639034e-05
42109,35.09141819030317,0.9991941982272361,560,681,1241,0.0,0.0008333472224535399,0.9995165189363433,0.0
42110,35.09225153752563,1.0,560,681,1241,0.0008058017727639033,0.0008333472224535399,0.9995970991136197,8.058017727639034e-05
42111,35.09308488474808,1.0,560,681,1241,0.0,0.0008333472224535399,0.999677679290896,8.058017727639034e-05
42112,35.093918231970534,1.0,560,681,1241,0.0,0.0008333472224535399,0.999677679290896,0.0
42113,35.09475157919299,1.0,560,681,1241,0.0,0.0008333472224535399,0.999677679290896,0.0
42114,35.09558492641544,1.0,560,681,1241,0.0,0.0008333472224535399,0.999677679290896,0.0
42115,35.096418273637894,1.0,560,681,1241,0.0,0.0008333472224535399,0.999677679290896,0.0
42116,35.09725162086035,1.0,560,681,1241,0.0,0.0008333472224535399,0.9997582594681724,8.058017727639034e-05
42117,35.0980849680828,1.0,560,681,1241,0.0,0.0008333472224535399,0.9998388396454487,8.058017727639034e-05
42118,35.098918315305255,1.0,560,681,1241,0.0,0.0008333472224535399,0.999919419822725,8.058017727639034e-05
42119,35.09975166252771,1.0,560,681,1241,0.0,0.0008333472224535399,1.0000000000000013,8.058017727639034e-05
42120,35.10058500975016,1.0,560,681,1241,0.0,0.0008333472224535399,1.0000000000000013,0.0
42121,35.101418356972616,1.0,560,681,1241,0.0,0.0008333472224535399,1.0000000000000013,0.0
42122,35.10225170419507,1.0,560,681,1241,0.0,0.0008333472224535399,1.0000000000000013,0.0
42123,35.10308505141752,1.0,560,681,1241,0.0,0.0008333472224535399,1.0000000000000013,0.0
42124,35.103918398639976,1.0,560,681,1241,0.0,0.0008333472224535399,1.0000000000000013,0.0
42125,35.10475174586243,1.0,560,681,1241,0.0,0.0008333472224535399,1.0000000000000013,0.0
42126,35.10558509308488,1.0,560,681,1241,0.0,0.0008333472224535399,1.0000000000000013,0.0
42127,35.10641844030734,1.0,560,681,1241,0.0,0.0008333472224535399,1.0000000000000013,0.0
42128,35.10725178752979,1.0,560,681,1241,0.0,0.0008333472224535399,1.0000000000000013,0.0
42129,35.108085134752244,1.0,560,681,1241,0.0,0.0008333472224535399,1.0000000000000013,0.0
42130,35.1089184819747,1.0,560,681,1241,0.0,0.0008333472224535399,1.0000000000000013,0.0
42131,35.10975182919716,1.0,560,681,1241,0.0,0.0008333472224606453,1.0000000000000013,0.0
42132,35.11058517641961,1.0,560,681,1241,0.0,0.0008333472224535399,1.0000000000000013,0.0
42133,35.111418523642065,1.0,560,681,1241,0.0,0.0008333472224535399,1.0000000000000013,0.0
42134,35.11225187086452,1.0,560,681,1241,0.0,0.0008333472224535399,1.0000000000000013,0.0
42135,35.11308521808697,1.0,560,681,1241,0.0,0.0008333472224535399,1.0000000000000013,0.0
42136,35.113918565309426,0.9991941982272361,560,681,1241,-0.0008058017727639033,0.0008333472224535399,0.999919419822725,-8.058017727639034e-05
42137,35.11475191253188,0.9991941982272361,560,681,1241,0.0,0.0008333472224535399,0.9998388396454487,-8.058017727639034e-05
42138,35.11558525975433,0.9991941982272361,560,681,1241,0.0,0.0008333472224535399,0.9997582594681724,-8.058017727639034e-05
42139,35.11641860697679,1.0,560,681,1241,0.0008058017727639033,0.0008333472224535399,0.9997582594681724,0.0
42140,35.11725195419924,1.0,560,681,1241,0.0,0.0008333472224535399,0.9997582594681724,0.0
42141,35.118085301421694,1.0,560,681,1241,0.0,0.0008333472224535399,0.9997582594681724,0.0
42142,35.11891864864415,1.0,560,681,1241,0.0,0.0008333472224535399,0.9997582594681724,0.0
42143,35.1197519958666,1.0,560,681,1241,0.0,0.0008333472224535399,0.9997582594681724,0.0
42144,35.120585343089054,1.0,560,681,1241,0.0,0.0008333472224535399,0.9997582594681724,0.0
42145,35.12141869031151,1.0,560,681,1241,0.0,0.0008333472224535399,0.9997582594681724,0.0
42146,35.12225203753396,1.0,560,681,1241,0.0,0.0008333472224535399,0.9998388396454487,8.058017727639034e-05
42147,35.123085384756415,1.0,560,681,1241,0.0,0.0008333472224535399,0.999919419822725,8.058017727639034e-05
42148,35.12391873197887,0.9991941982272361,560,681,1241,-0.0008058017727639033,0.0008333472224535399,0.999919419822725,0.0
42149,35.12475207920132,0.9991941982272361,560,681,1241,0.0,0.0008333472224535399,0.9998388396454487,-8.058017727639034e-05
42150,35.125585426423775,0.9991941982272361,560,681,1241,0.0,0.0008333472224535399,0.9997582594681724,-8.058017727639034e-05
42151,35.12641877364623,0.9991941982272361,560,681,1241,0.0,0.0008333472224535399,0.999677679290896,-8.058017727639034e-05
42152,35.12725212086868,1.0,560,681,1241,0.0008058017727639033,0.0008333472224535399,0.999677679290896,0.0
42153,35.128085468091136,0.9991941982272361,560,681,1241,-0.0008058017727639033,0.0008333472224535399,0.9995970991136197,-8.058017727639034e-05
42154,35.12891881531359,0.9975825946817083,560,681,1241,-0.0016116035455278066,0.0008333472224535399,0.9993553585817905,-0.00024174053182917098
42155,35.12975216253604,0.9983883964544722,560,681,1241,0.0008058017727639033,0.0008333472224535399,0.9991941982272377,-0.00016116035455278067
42156,35.1305855097585,1.0,560,681,1241,0.0016116035455278066,0.0008333472224535399,0.9991941982272377,0.0
42157,35.13141885698095,1.0,560,681,1241,0.0,0.0008333472224535399,0.9991941982272377,0.0
42158,35.132252204203404,1.0,560,681,1241,0.0,0.0008333472224535399,0.999274778404514,8.058017727639034e-05
42159,35.13308555142586,1.0,560,681,1241,0.0,0.0008333472224535399,0.9993553585817903,8.058017727639034e-05
42160,35.13391889864831,1.0,560,681,1241,0.0,0.0008333472224535399,0.9994359387590667,8.058017727639034e-05
42161,35.134752245870764,1.0,560,681,1241,0.0,0.0008333472224535399,0.999516518936343,8.058017727639034e-05
42162,35.13558559309322,1.0,560,681,1241,0.0,0.0008333472224535399,0.999516518936343,0.0
42163,35.13641894031567,1.0,560,681,1241,0.0,0.0008333472224535399,0.9995970991136194,8.058017727639034e-05
42164,35.137252287538125,1.0,560,681,1241,0.0,0.0008333472224535399,0.9998388396454485,0.00024174053182917098
42165,35.13808563476058,1.0,560,681,1241,0.0,0.0008333472224535399,1.0000000000000013,0.00016116035455278067
42166,35.13891898198303,1.0,560,681,1241,0.0,0.0008333472224535399,1.0000000000000013,0.0
42167,35.139752329205486,1.0,560,681,1241,0.0,0.0008333472224535399,1.0000000000000013,0.0
42168,35.14058567642794,1.0,560,681,1241,0.0,0.0008333472224535399,1.0000000000000013,0.0
42169,35.14141902365039,1.0,560,681,1241,0.0,0.0008333472224535399,1.0000000000000013,0.0
42170,35.142252370872846,1.0,560,681,1241,0.0,0.0008333472224535399,1.0000000000000013,0.0
42171,35.1430857180953,1.0,560,681,1241,0.0,0.0008333472224535399,1.0000000000000013,0.0
42172,35.14391906531775,1.0,560,681,1241,0.0,0.0008333472224535399,1.0000000000000013,0.0
42173,35.144752412540214,1.0,560,681,1241,0.0,0.0008333472224606453,1.0000000000000013,0.0
42174,35.14558575976267,1.0,560,681,1241,0.0,0.0008333472224535399,1.0000000000000013,0.0
42175,35.14641910698512,1.0,560,681,1241,0.0,0.0008333472224535399,1.0000000000000013,0.0
42176,35.147252454207575,1.0,560,681,1241,0.0,0.0008333472224535399,1.0000000000000013,0.0
42177,35.14808580143003,1.0,560,681,1241,0.0,0.0008333472224535399,1.0000000000000013,0.0
42178,35.14891914865248,1.0,560,681,1241,0.0,0.0008333472224535399,1.0000000000000013,0.0
42179,35.149752495874935,1.0,560,681,1241,0.0,0.0008333472224535399,1.0000000000000013,0.0
42180,35.15058584309739,1.0,560,681,1241,0.0,0.0008333472224535399,1.0000000000000013,0.0
42181,35.15141919031984,1.0,560,681,1241,0.0,0.0008333472224535399,1.0000000000000013,0.0
42182,35.152252537542296,1.0,560,681,1241,0.0,0.0008333472224535399,1.0000000000000013,0.0
42183,35.15308588476475,1.0,560,681,1241,0.0,0.0008333472224535399,1.0000000000000013,0.0
42184,35.1539192319872,1.0,560,681,1241,0.0,0.0008333472224535399,1.0000000000000013,0.0
42185,35.15475257920966,1.0,560,681,1241,0.0,0.0008333472224535399,1.0000000000000013,0.0
42186,35.15558592643211,1.0,560,681,1241,0.0,0.0008333472224535399,1.0000000000000013,0.0
42187,35.15641927365456,0.9991941982272361,560,681,1241,-0.0008058017727639033,0.0008333472224535399,0.999919419822725,-8.058017727639034e-05
42188,35.15725262087702,0.9983883964544722,560,681,1241,-0.0008058017727639033,0.0008333472224535399,0.9997582594681724,-0.00016116035455278067
42189,35.15808596809947,0.9991941982272361,560,681,1241,0.0008058017727639033,0.0008333472224535399,0.999677679290896,-8.058017727639034e-05
42190,35.158919315321924,0.9991941982272361,560,681,1241,0.0,0.0008333472224535399,0.9995970991136197,-8.058017727639034e-05
42191,35.15975266254438,0.9991941982272361,560,681,1241,0.0,0.0008333472224535399,0.9995165189363433,-8.058017727639034e-05
42192,35.16058600976683,1.0,560,681,1241,0.0008058017727639033,0.0008333472224535399,0.9995165189363433,0.0
42193,35.161419356989285,1.0,560,681,1241,0.0,0.0008333472224535399,0.9995165189363433,0.0
42194,35.16225270421174,1.0,560,681,1241,0.0,0.0008333472224535399,0.9995165189363433,0.0
42195,35.16308605143419,1.0,560,681,1241,0.0,0.0008333472224535399,0.9995165189363433,0.0
42196,35.163919398656645,0.9991941982272361,560,681,1241,-0.0008058017727639033,0.0008333472224535399,0.999435938759067,-8.058017727639034e-05
42197,35.1647527458791,0.9991941982272361,560,681,1241,0.0,0.0008333472224535399,0.999435938759067,0.0
42198,35.16558609310155,0.9991941982272361,560,681,1241,0.0,0.0008333472224535399,0.9995165189363433,8.058017727639034e-05
42199,35.166419440324006,1.0,560,681,1241,0.0008058017727639033,0.0008333472224535399,0.9995970991136197,8.058017727639034e-05
42200,35.16725278754646,1.0,560,681,1241,0.0,0.0008333472224535399,0.999677679290896,8.058017727639034e-05
42201,35.16808613476891,1.0,560,681,1241,0.0,0.0008333472224535399,0.9997582594681724,8.058017727639034e-05
42202,35.16891948199137,1.0,560,681,1241,0.0,0.0008333472224535399,0.9997582594681724,0.0
42203,35.16975282921382,1.0,560,681,1241,0.0,0.0008333472224535399,0.9997582594681724,0.0
42204,35.170586176436274,0.9991941982272361,560,681,1241,-0.0008058017727639033,0.0008333472224535399,0.999677679290896,-8.058017727639034e-05
42205,35.17141952365873,0.9991941982272361,560,681,1241,0.0,0.0008333472224535399,0.9995970991136197,-8.058017727639034e-05
42206,35.17225287088118,0.9991941982272361,560,681,1241,0.0,0.0008333472224535399,0.9995970991136197,0.0
42207,35.173086218103634,0.9991941982272361,560,681,1241,0.0,0.0008333472224535399,0.9995970991136197,0.0
42208,35.17391956532609,0.9991941982272361,560,681,1241,0.0,0.0008333472224535399,0.9995970991136197,0.0
42209,35.17475291254854,0.9991941982272361,560,681,1241,0.0,0.0008333472224535399,0.9995165189363433,-8.058017727639034e-05
42210,35.175586259770995,1.0,560,681,1241,0.0008058017727639033,0.0008333472224535399,0.9995165189363433,0.0
42211,35.17641960699345,1.0,560,681,1241,0.0,0.0008333472224535399,0.9995165189363433,0.0
42212,35.1772529542159,1.0,560,681,1241,0.0,0.0008333472224535399,0.9995165189363433,0.0
42213,35.178086301438356,1.0,560,681,1241,0.0,0.0008333472224535399,0.9995165189363433,0.0
42214,35.17891964866081,1.0,560,681,1241,0.0,0.0008333472224535399,0.9995970991136197,8.058017727639034e-05
42215,35.17975299588326,0.9991941982272361,560,681,1241,-0.0008058017727639033,0.0008333472224535399,0.9995970991136197,0.0
42216,35.18058634310572,0.9991941982272361,560,681,1241,0.0,0.0008333472224606453,0.9995970991136197,0.0
42217,35.18141969032818,0.9991941982272361,560,681,1241,0.0,0.0008333472224535399,0.9995970991136197,0.0
42218,35.18225303755063,0.9991941982272361,560,681,1241,0.0,0.0008333472224535399,0.9995970991136197,0.0
42219,35.183086384773084,0.9991941982272361,560,681,1241,0.0,0.0008333472224535399,0.9995970991136197,0.0
42220,35.18391973199554,0.9991941982272361,560,681,1241,0.0,0.0008333472224535399,0.9995165189363433,-8.058017727639034e-05
42221,35.18475307921799,0.9991941982272361,560,681,1241,0.0,0.0008333472224535399,0.999435938759067,-8.058017727639034e-05
42222,35.185586426440445,1.0,560,681,1241,0.0008058017727639033,0.0008333472224535399,0.999435938759067,0.0
42223,35.1864197736629,1.0,560,681,1241,0.0,0.0008333472224535399,0.999435938759067,0.0
42224,35.18725312088535,1.0,560,681,1241,0.0,0.0008333472224535399,0.999435938759067,0.0
42225,35.188086468107805,1.0,560,681,1241,0.0,0.0008333472224535399,0.9995165189363433,8.058017727639034e-05
42226,35.18891981533026,1.0,560,681,1241,0.0,0.0008333472224535399,0.9995970991136197,8.058017727639034e-05
42227,35.18975316255271,1.0,560,681,1241,0.0,0.0008333472224535399,0.999677679290896,8.058017727639034e-05
42228,35.190586509775166,1.0,560,681,1241,0.0,0.0008333472224535399,0.9997582594681724,8.058017727639034e-05
42229,35.19141985699762,1.0,560,681,1241,0.0,0.0008333472224535399,0.9998388396454487,8.058017727639034e-05
42230,35.19225320422007,1.0,560,681,1241,0.0,0.0008333472224535399,0.999919419822725,8.058017727639034e-05
42231,35.193086551442526,1.0,560,681,1241,0.0,0.0008333472224535399,1.0000000000000013,8.058017727639034e-05
42232,35.19391989866498,1.0,560,681,1241,0.0,0.0008333472224535399,1.0000000000000013,0.0
42233,35.19475324588743,1.0,560,681,1241,0.0,0.0008333472224535399,1.0000000000000013,0.0
42234,35.19558659310989,1.0,560,681,1241,0.0,0.0008333472224535399,1.0000000000000013,0.0
42235,35.19641994033234,1.0,560,681,1241,0.0,0.0008333472224535399,1.0000000000000013,0.0
42236,35.197253287554794,0.9991941982272361,560,681,1241,-0.0008058017727639033,0.0008333472224535399,0.999919419822725,-8.058017727639034e-05
42237,35.19808663477725,0.9991941982272361,560,681,1241,0.0,0.0008333472224535399,0.9998388396454487,-8.058017727639034e-05
42238,35.1989199819997,1.0,560,681,1241,0.0008058017727639033,0.0008333472224535399,0.9998388396454487,0.0
42239,35.199753329222155,1.0,560,681,1241,0.0,0.0008333472224535399,0.9998388396454487,0.0
42240,35.20058667644461,0.9991941982272361,560,681,1241,-0.0008058017727639033,0.0008333472224535399,0.9997582594681724,-8.058017727639034e-05
42241,35.20142002366706,1.0,560,681,1241,0.0008058017727639033,0.0008333472224535399,0.9997582594681724,0.0
42242,35.202253370889515,1.0,560,681,1241,0.0,0.0008333472224535399,0.9997582594681724,0.0
42243,35.20308671811197,1.0,560,681,1241,0.0,0.0008333472224535399,0.9997582594681724,0.0
42244,35.20392006533442,1.0,560,681,1241,0.0,0.0008333472224535399,0.9997582594681724,0.0
42245,35.204753412556876,0.9991941982272361,560,681,1241,-0.0008058017727639033,0.0008333472224535399,0.999677679290896,-8.058017727639034e-05
42246,35.20558675977933,1.0,560,681,1241,0.0008058017727639033,0.0008333472224535399,0.9997582594681724,8.058017727639034e-05
42247,35.20642010700178,1.0,560,681,1241,0.0,0.0008333472224535399,0.9998388396454487,8.058017727639034e-05
42248,35.20725345422424,1.0,560,681,1241,0.0,0.0008333472224535399,0.9998388396454487,0.0
42249,35.20808680144669,1.0,560,681,1241,0.0,0.0008333472224535399,0.9998388396454487,0.0
42250,35.208920148669144,1.0,560,681,1241,0.0,0.0008333472224535399,0.999919419822725,8.058017727639034e-05
42251,35.2097534958916,1.0,560,681,1241,0.0,0.0008333472224535399,0.999919419822725,0.0
42252,35.21058684311405,1.0,560,681,1241,0.0,0.0008333472224535399,0.999919419822725,0.0
42253,35.211420190336504,0.9991941982272361,560,681,1241,-0.0008058017727639033,0.0008333472224535399,0.9998388396454487,-8.058017727639034e-05
42254,35.21225353755896,1.0,560,681,1241,0.0008058017727639033,0.0008333472224535399,0.9998388396454487,0.0
42255,35.21308688478141,1.0,560,681,1241,0.0,0.0008333472224535399,0.999919419822725,8.058017727639034e-05
42256,35.213920232003865,1.0,560,681,1241,0.0,0.0008333472224535399,0.999919419822725,0.0
42257,35.21475357922632,1.0,560,681,1241,0.0,0.0008333472224535399,0.999919419822725,0.0
42258,35.21558692644878,0.9991941982272361,560,681,1241,-0.0008058017727639033,0.0008333472224606453,0.9998388396454487,-8.058017727639034e-05
42259,35.21642027367123,0.9991941982272361,560,681,1241,0.0,0.0008333472224535399,0.9997582594681724,-8.058017727639034e-05
42260,35.217253620893686,1.0,560,681,1241,0.0008058017727639033,0.0008333472224535399,0.9997582594681724,0.0
42261,35.21808696811614,1.0,560,681,1241,0.0,0.0008333472224535399,0.9997582594681724,0.0
42262,35.21892031533859,1.0,560,681,1241,0.0,0.0008333472224535399,0.9997582594681724,0.0
42263,35.21975366256105,1.0,560,681,1241,0.0,0.0008333472224535399,0.9998388396454487,8.058017727639034e-05
42264,35.2205870097835,1.0,560,681,1241,0.0,0.0008333472224535399,0.9998388396454487,0.0
42265,35.221420357005954,1.0,560,681,1241,0.0,0.0008333472224535399,0.9998388396454487,0.0
42266,35.22225370422841,1.0,560,681,1241,0.0,0.0008333472224535399,0.9998388396454487,0.0
42267,35.22308705145086,1.0,560,681,1241,0.0,0.0008333472224535399,0.9998388396454487,0.0
42268,35.223920398673314,1.0,560,681,1241,0.0,0.0008333472224535399,0.999919419822725,8.058017727639034e-05
42269,35.22475374589577,1.0,560,681,1241,0.0,0.0008333472224535399,1.0000000000000013,8.058017727639034e-05
42270,35.22558709311822,1.0,560,681,1241,0.0,0.0008333472224535399,1.0000000000000013,0.0
42271,35.226420440340675,1.0,560,681,1241,0.0,0.0008333472224535399,1.0000000000000013,0.0
42272,35.22725378756313,1.0,560,681,1241,0.0,0.0008333472224535399,1.0000000000000013,0.0
42273,35.22808713478558,1.0,560,681,1241,0.0,0.0008333472224535399,1.0000000000000013,0.0
42274,35.228920482008036,1.0,560,681,1241,0.0,0.0008333472224535399,1.0000000000000013,0.0
42275,35.22975382923049,1.0,560,681,1241,0.0,0.0008333472224535399,1.0000000000000013,0.0
42276,35.23058717645294,1.0,560,681,1241,0.0,0.0008333472224535399,1.0000000000000013,0.0
42277,35.231420523675396,1.0,560,681,1241,0.0,0.0008333472224535399,1.0000000000000013,0.0
42278,35.23225387089785,1.0,560,681,1241,0.0,0.0008333472224535399,1.0000000000000013,0.0
42279,35.2330872181203,1.0,560,681,1241,0.0,0.0008333472224535399,1.0000000000000013,0.0
42280,35.23392056534276,1.0,560,681,1241,0.0,0.0008333472224535399,1.0000000000000013,0.0
42281,35.23475391256521,1.0,560,681,1241,0.0,0.0008333472224535399,1.0000000000000013,0.0
42282,35.235587259787664,1.0,560,681,1241,0.0,0.0008333472224535399,1.0000000000000013,0.0
42283,35.23642060701012,1.0,560,681,1241,0.0,0.0008333472224535399,1.0000000000000013,0.0
42284,35.23725395423257,1.0,560,681,1241,0.0,0.0008333472224535399,1.0000000000000013,0.0
42285,35.238087301455025,1.0,560,681,1241,0.0,0.0008333472224535399,1.0000000000000013,0.0
42286,35.23892064867748,1.0,560,681,1241,0.0,0.0008333472224535399,1.0000000000000013,0.0
42287,35.23975399589993,1.0,560,681,1241,0.0,0.0008333472224535399,1.0000000000000013,0.0
42288,35.240587343122385,1.0,560,681,1241,0.0,0.0008333472224535399,1.0000000000000013,0.0
42289,35.24142069034484,1.0,560,681,1241,0.0,0.0008333472224535399,1.0000000000000013,0.0
42290,35.24225403756729,1.0,560,681,1241,0.0,0.0008333472224535399,1.0000000000000013,0.0
42291,35.243087384789746,1.0,560,681,1241,0.0,0.0008333472224535399,1.0000000000000013,0.0
42292,35.2439207320122,1.0,560,681,1241,0.0,0.0008333472224535399,1.0000000000000013,0.0
42293,35.24475407923465,1.0,560,681,1241,0.0,0.0008333472224535399,1.0000000000000013,0.0
42294,35.24558742645711,1.0,560,681,1241,0.0,0.0008333472224535399,1.0000000000000013,0.0
42295,35.24642077367956,1.0,560,681,1241,0.0,0.0008333472224535399,1.0000000000000013,0.0
42296,35.247254120902014,1.0,560,681,1241,0.0,0.0008333472224535399,1.0000000000000013,0.0
42297,35.24808746812447,1.0,560,681,1241,0.0,0.0008333472224535399,1.0000000000000013,0.0
42298,35.24892081534692,1.0,560,681,1241,0.0,0.0008333472224535399,1.0000000000000013,0.0
42299,35.249754162569374,1.0,560,681,1241,0.0,0.0008333472224535399,1.0000000000000013,0.0
42300,35.250587509791835,1.0,560,681,1241,0.0,0.0008333472224606453,1.0000000000000013,0.0
42301,35.25142085701429,1.0,560,681,1241,0.0,0.0008333472224535399,1.0000000000000013,0.0
42302,35.25225420423674,1.0,560,681,1241,0.0,0.0008333472224535399,1.0000000000000013,0.0
42303,35.253087551459195,1.0,560,681,1241,0.0,0.0008333472224535399,1.0000000000000013,0.0
42304,35.25392089868165,1.0,560,681,1241,0.0,0.0008333472224535399,1.0000000000000013,0.0
42305,35.2547542459041,1.0,560,681,1241,0.0,0.0008333472224535399,1.0000000000000013,0.0
42306,35.255587593126556,1.0,560,681,1241,0.0,0.0008333472224535399,1.0000000000000013,0.0
42307,35.25642094034901,1.0,560,681,1241,0.0,0.0008333472224535399,1.0000000000000013,0.0
42308,35.25725428757146,1.0,560,681,1241,0.0,0.0008333472224535399,1.0000000000000013,0.0
42309,35.25808763479392,1.0,560,681,1241,0.0,0.0008333472224535399,1.0000000000000013,0.0
42310,35.25892098201637,1.0,560,681,1241,0.0,0.0008333472224535399,1.0000000000000013,0.0
42311,35.259754329238824,1.0,560,681,1241,0.0,0.0008333472224535399,1.0000000000000013,0.0
42312,35.26058767646128,1.0,560,681,1241,0.0,0.0008333472224535399,1.0000000000000013,0.0
42313,35.26142102368373,1.0,560,681,1241,0.0,0.0008333472224535399,1.0000000000000013,0.0
42314,35.262254370906184,1.0,560,681,1241,0.0,0.0008333472224535399,1.0000000000000013,0.0
42315,35.26308771812864,1.0,560,681,1241,0.0,0.0008333472224535399,1.0000000000000013,0.0
42316,35.26392106535109,1.0,560,681,1241,0.0,0.0008333472224535399,1.0000000000000013,0.0
42317,35.264754412573545,1.0,560,681,1241,0.0,0.0008333472224535399,1.0000000000000013,0.0
42318,35.265587759796,1.0,560,681,1241,0.0,0.0008333472224535399,1.0000000000000013,0.0
42319,35.26642110701845,1.0,560,681,1241,0.0,0.0008333472224535399,1.0000000000000013,0.0
42320,35.267254454240906,1.0,560,681,1241,0.0,0.0008333472224535399,1.0000000000000013,0.0
42321,35.26808780146336,1.0,560,681,1241,0.0,0.0008333472224535399,1.0000000000000013,0.0
42322,35.26892114868581,1.0,560,681,1241,0.0,0.0008333472224535399,1.0000000000000013,0.0
42323,35.269754495908266,1.0,560,681,1241,0.0,0.0008333472224535399,1.0000000000000013,0.0
42324,35.27058784313072,1.0,560,681,1241,0.0,0.0008333472224535399,1.0000000000000013,0.0
42325,35.27142119035317,1.0,560,681,1241,0.0,0.0008333472224535399,1.0000000000000013,0.0
42326,35.27225453757563,1.0,560,681,1241,0.0,0.0008333472224535399,1.0000000000000013,0.0
42327,35.27308788479808,1.0,560,681,1241,0.0,0.0008333472224535399,1.0000000000000013,0.0
42328,35.273921232020534,1.0,560,681,1241,0.0,0.0008333472224535399,1.0000000000000013,0.0
42329,35.27475457924299,1.0,560,681,1241,0.0,0.0008333472224535399,1.0000000000000013,0.0
42330,35.27558792646544,1.0,560,681,1241,0.0,0.0008333472224535399,1.0000000000000013,0.0
42331,35.276421273687895,1.0,560,681,1241,0.0,0.0008333472224535399,1.0000000000000013,0.0
42332,35.27725462091035,1.0,560,681,1241,0.0,0.0008333472224535399,1.0000000000000013,0.0
42333,35.2780879681328,1.0,560,681,1241,0.0,0.0008333472224535399,1.0000000000000013,0.0
42334,35.278921315355255,1.0,560,681,1241,0.0,0.0008333472224535399,1.0000000000000013,0.0
42335,35.27975466257771,1.0,560,681,1241,0.0,0.0008333472224535399,1.0000000000000013,0.0
42336,35.28058800980016,1.0,560,681,1241,0.0,0.0008333472224535399,1.0000000000000013,0.0
42337,35.281421357022616,1.0,560,681,1241,0.0,0.0008333472224535399,1.0000000000000013,0.0
42338,35.28225470424507,1.0,560,681,1241,0.0,0.0008333472224535399,1.0000000000000013,0.0
42339,35.28308805146752,1.0,560,681,1241,0.0,0.0008333472224535399,1.0000000000000013,0.0
42340,35.28392139868998,1.0,560,681,1241,0.0,0.0008333472224535399,1.0000000000000013,0.0
42341,35.28475474591243,0.9991941982272361,560,681,1241,-0.0008058017727639033,0.0008333472224535399,0.999919419822725,-8.058017727639034e-05
42342,35.28558809313488,1.0,560,681,1241,0.0008058017727639033,0.0008333472224535399,0.999919419822725,0.0
42343,35.286421440357344,1.0,560,681,1241,0.0,0.0008333472224606453,0.999919419822725,0.0
42344,35.2872547875798,1.0,560,681,1241,0.0,0.0008333472224535399,0.999919419822725,0.0
42345,35.28808813480225,1.0,560,681,1241,0.0,0.0008333472224535399,0.999919419822725,0.0
42346,35.288921482024705,1.0,560,681,1241,0.0,0.0008333472224535399,0.999919419822725,0.0
42347,35.28975482924716,1.0,560,681,1241,0.0,0.0008333472224535399,0.999919419822725,0.0
42348,35.29058817646961,0.9991941982272361,560,681,1241,-0.0008058017727639033,0.0008333472224535399,0.9998388396454487,-8.058017727639034e-05
42349,35.291421523692065,0.9991941982272361,560,681,1241,0.0,0.0008333472224535399,0.9997582594681724,-8.058017727639034e-05
42350,35.29225487091452,0.9983883964544722,560,681,1241,-0.0008058017727639033,0.0008333472224535399,0.9995970991136197,-0.00016116035455278067
42351,35.29308821813697,0.9983883964544722,560,681,1241,0.0,0.0008333472224535399,0.9995165189363433,-8.058017727639034e-05
42352,35.293921565359426,0.9991941982272361,560,681,1241,0.0008058017727639033,0.0008333472224535399,0.999435938759067,-8.058017727639034e-05
42353,35.29475491258188,0.9991941982272361,560,681,1241,0.0,0.0008333472224535399,0.9993553585817907,-8.058017727639034e-05
42354,35.29558825980433,0.9991941982272361,560,681,1241,0.0,0.0008333472224535399,0.9992747784045143,-8.058017727639034e-05
42355,35.29642160702679,0.9991941982272361,560,681,1241,0.0,0.0008333472224535399,0.999194198227238,-8.058017727639034e-05
42356,35.29725495424924,0.9991941982272361,560,681,1241,0.0,0.0008333472224535399,0.9991136180499616,-8.058017727639034e-05
42357,35.298088301471694,0.9991941982272361,560,681,1241,0.0,0.0008333472224535399,0.9990330378726853,-8.058017727639034e-05
42358,35.29892164869415,0.9991941982272361,560,681,1241,0.0,0.0008333472224535399,0.9990330378726853,0.0
42359,35.2997549959166,1.0,560,681,1241,0.0008058017727639033,0.0008333472224535399,0.9991136180499616,8.058017727639034e-05
42360,35.300588343139054,1.0,560,681,1241,0.0,0.0008333472224535399,0.9992747784045143,0.00016116035455278067
42361,35.30142169036151,1.0,560,681,1241,0.0,0.0008333472224535399,0.999435938759067,0.00016116035455278067
42362,35.30225503758396,1.0,560,681,1241,0.0,0.0008333472224535399,0.9995165189363433,8.058017727639034e-05
42363,35.303088384806415,1.0,560,681,1241,0.0,0.0008333472224535399,0.9995970991136197,8.058017727639034e-05
42364,35.30392173202887,1.0,560,681,1241,0.0,0.0008333472224535399,0.999677679290896,8.058017727639034e-05
42365,35.30475507925132,1.0,560,681,1241,0.0,0.0008333472224535399,0.9997582594681724,8.058017727639034e-05
42366,35.305588426473776,1.0,560,681,1241,0.0,0.0008333472224535399,0.9998388396454487,8.058017727639034e-05
42367,35.30642177369623,0.9991941982272361,560,681,1241,-0.0008058017727639033,0.0008333472224535399,0.9998388396454487,0.0
42368,35.30725512091868,0.9991941982272361,560,681,1241,0.0,0.0008333472224535399,0.9998388396454487,0.0
42369,35.308088468141136,0.9991941982272361,560,681,1241,0.0,0.0008333472224535399,0.9997582594681724,-8.058017727639034e-05
42370,35.30892181536359,0.9991941982272361,560,681,1241,0.0,0.0008333472224535399,0.999677679290896,-8.058017727639034e-05
42371,35.30975516258604,0.9991941982272361,560,681,1241,0.0,0.0008333472224535399,0.9995970991136197,-8.058017727639034e-05
42372,35.3105885098085,1.0,560,681,1241,0.0008058017727639033,0.0008333472224535399,0.9995970991136197,0.0
42373,35.31142185703095,1.0,560,681,1241,0.0,0.0008333472224535399,0.9995970991136197,0.0
42374,35.312255204253404,1.0,560,681,1241,0.0,0.0008333472224535399,0.9995970991136197,0.0
42375,35.31308855147586,1.0,560,681,1241,0.0,0.0008333472224535399,0.9995970991136197,0.0
42376,35.31392189869831,1.0,560,681,1241,0.0,0.0008333472224535399,0.9995970991136197,0.0
42377,35.314755245920765,1.0,560,681,1241,0.0,0.0008333472224535399,0.999677679290896,8.058017727639034e-05
42378,35.31558859314322,1.0,560,681,1241,0.0,0.0008333472224535399,0.9997582594681724,8.058017727639034e-05
42379,35.31642194036567,1.0,560,681,1241,0.0,0.0008333472224535399,0.9998388396454487,8.058017727639034e-05
42380,35.317255287588125,1.0,560,681,1241,0.0,0.0008333472224535399,0.999919419822725,8.058017727639034e-05
42381,35.31808863481058,1.0,560,681,1241,0.0,0.0008333472224535399,1.0000000000000013,8.058017727639034e-05
42382,35.31892198203303,1.0,560,681,1241,0.0,0.0008333472224535399,1.0000000000000013,0.0
42383,35.319755329255486,1.0,560,681,1241,0.0,0.0008333472224535399,1.0000000000000013,0.0
42384,35.32058867647794,1.0,560,681,1241,0.0,0.0008333472224535399,1.0000000000000013,0.0
42385,35.3214220237004,1.0,560,681,1241,0.0,0.0008333472224606453,1.0000000000000013,0.0
42386,35.32225537092285,1.0,560,681,1241,0.0,0.0008333472224535399,1.0000000000000013,0.0
42387,35.32308871814531,1.0,560,681,1241,0.0,0.0008333472224535399,1.0000000000000013,0.0
42388,35.32392206536776,1.0,560,681,1241,0.0,0.0008333472224535399,1.0000000000000013,0.0
42389,35.324755412590214,1.0,560,681,1241,0.0,0.0008333472224535399,1.0000000000000013,0.0
42390,35.32558875981267,1.0,560,681,1241,0.0,0.0008333472224535399,1.0000000000000013,0.0
42391,35.32642210703512,1.0,560,681,1241,0.0,0.0008333472224535399,1.0000000000000013,0.0
42392,35.327255454257575,1.0,560,681,1241,0.0,0.0008333472224535399,1.0000000000000013,0.0
42393,35.32808880148003,0.9991941982272361,560,681,1241,-0.0008058017727639033,0.0008333472224535399,0.999919419822725,-8.058017727639034e-05
42394,35.32892214870248,1.0,560,681,1241,0.0008058017727639033,0.0008333472224535399,0.999919419822725,0.0
42395,35.329755495924935,1.0,560,681,1241,0.0,0.0008333472224535399,0.999919419822725,0.0
42396,35.33058884314739,1.0,560,681,1241,0.0,0.0008333472224535399,0.999919419822725,0.0
42397,35.33142219036984,1.0,560,681,1241,0.0,0.0008333472224535399,0.999919419822725,0.0
42398,35.332255537592296,1.0,560,681,1241,0.0,0.0008333472224535399,0.999919419822725,0.0
42399,35.33308888481475,1.0,560,681,1241,0.0,0.0008333472224535399,0.999919419822725,0.0
42400,35.3339222320372,1.0,560,681,1241,0.0,0.0008333472224535399,0.999919419822725,0.0
42401,35.33475557925966,1.0,560,681,1241,0.0,0.0008333472224535399,0.999919419822725,0.0
42402,35.33558892648211,1.0,560,681,1241,0.0,0.0008333472224535399,0.999919419822725,0.0
42403,35.336422273704564,1.0,560,681,1241,0.0,0.0008333472224535399,1.0000000000000013,8.058017727639034e-05
42404,35.33725562092702,1.0,560,681,1241,0.0,0.0008333472224535399,1.0000000000000013,0.0
42405,35.33808896814947,1.0,560,681,1241,0.0,0.0008333472224535399,1.0000000000000013,0.0
42406,35.338922315371924,1.0,560,681,1241,0.0,0.0008333472224535399,1.0000000000000013,0.0
42407,35.33975566259438,1.0,560,681,1241,0.0,0.0008333472224535399,1.0000000000000013,0.0
42408,35.34058900981683,1.0,560,681,1241,0.0,0.0008333472224535399,1.0000000000000013,0.0
42409,35.341422357039285,1.0,560,681,1241,0.0,0.0008333472224535399,1.0000000000000013,0.0
42410,35.34225570426174,1.0,560,681,1241,0.0,0.0008333472224535399,1.0000000000000013,0.0
42411,35.34308905148419,1.0,560,681,1241,0.0,0.0008333472224535399,1.0000000000000013,0.0
42412,35.343922398706646,1.0,560,681,1241,0.0,0.0008333472224535399,1.0000000000000013,0.0
42413,35.3447557459291,1.0,560,681,1241,0.0,0.0008333472224535399,1.0000000000000013,0.0
42414,35.34558909315155,1.0,560,681,1241,0.0,0.0008333472224535399,1.0000000000000013,0.0
42415,35.346422440374006,1.0,560,681,1241,0.0,0.0008333472224535399,1.0000000000000013,0.0
42416,35.34725578759646,1.0,560,681,1241,0.0,0.0008333472224535399,1.0000000000000013,0.0
42417,35.34808913481891,1.0,560,681,1241,0.0,0.0008333472224535399,1.0000000000000013,0.0
42418,35.34892248204137,1.0,560,681,1241,0.0,0.0008333472224535399,1.0000000000000013,0.0
42419,35.34975582926382,1.0,560,681,1241,0.0,0.0008333472224535399,1.0000000000000013,0.0
42420,35.350589176486274,1.0,560,681,1241,0.0,0.0008333472224535399,1.0000000000000013,0.0
42421,35.35142252370873,1.0,560,681,1241,0.0,0.0008333472224535399,1.0000000000000013,0.0
42422,35.35225587093118,1.0,560,681,1241,0.0,0.0008333472224535399,1.0000000000000013,0.0
42423,35.353089218153634,1.0,560,681,1241,0.0,0.0008333472224535399,1.0000000000000013,0.0
42424,35.35392256537609,1.0,560,681,1241,0.0,0.0008333472224535399,1.0000000000000013,0.0
42425,35.35475591259854,1.0,560,681,1241,0.0,0.0008333472224535399,1.0000000000000013,0.0
42426,35.355589259820995,1.0,560,681,1241,0.0,0.0008333472224535399,1.0000000000000013,0.0
42427,35.356422607043456,1.0,560,681,1241,0.0,0.0008333472224606453,1.0000000000000013,0.0
42428,35.35725595426591,1.0,560,681,1241,0.0,0.0008333472224535399,1.0000000000000013,0.0
42429,35.35808930148836,1.0,560,681,1241,0.0,0.0008333472224535399,1.0000000000000013,0.0
42430,35.358922648710816,1.0,560,681,1241,0.0,0.0008333472224535399,1.0000000000000013,0.0
42431,35.35975599593327,0.9991941982272361,560,681,1241,-0.0008058017727639033,0.0008333472224535399,0.999919419822725,-8.058017727639034e-05
42432,35.36058934315572,0.9991941982272361,560,681,1241,0.0,0.0008333472224535399,0.9998388396454487,-8.058017727639034e-05
42433,35.36142269037818,1.0,560,681,1241,0.0008058017727639033,0.0008333472224535399,0.9998388396454487,0.0
42434,35.36225603760063,1.0,560,681,1241,0.0,0.0008333472224535399,0.9998388396454487,0.0
42435,35.363089384823084,1.0,560,681,1241,0.0,0.0008333472224535399,0.9998388396454487,0.0
42436,35.36392273204554,1.0,560,681,1241,0.0,0.0008333472224535399,0.9998388396454487,0.0
42437,35.36475607926799,1.0,560,681,1241,0.0,0.0008333472224535399,0.9998388396454487,0.0
42438,35.365589426490445,1.0,560,681,1241,0.0,0.0008333472224535399,0.9998388396454487,0.0
42439,35.3664227737129,1.0,560,681,1241,0.0,0.0008333472224535399,0.9998388396454487,0.0
42440,35.36725612093535,1.0,560,681,1241,0.0,0.0008333472224535399,0.9998388396454487,0.0
42441,35.368089468157805,1.0,560,681,1241,0.0,0.0008333472224535399,0.999919419822725,8.058017727639034e-05
42442,35.36892281538026,1.0,560,681,1241,0.0,0.0008333472224535399,1.0000000000000013,8.058017727639034e-05
42443,35.36975616260271,0.9991941982272361,560,681,1241,-0.0008058017727639033,0.0008333472224535399,0.999919419822725,-8.058017727639034e-05
42444,35.370589509825166,1.0,560,681,1241,0.0008058017727639033,0.0008333472224535399,0.999919419822725,0.0
42445,35.37142285704762,1.0,560,681,1241,0.0,0.0008333472224535399,0.999919419822725,0.0
42446,35.37225620427007,0.9991941982272361,560,681,1241,-0.0008058017727639033,0.0008333472224535399,0.9998388396454487,-8.058017727639034e-05
42447,35.37308955149253,1.0,560,681,1241,0.0008058017727639033,0.0008333472224535399,0.9998388396454487,0.0
42448,35.37392289871498,1.0,560,681,1241,0.0,0.0008333472224535399,0.9998388396454487,0.0
42449,35.374756245937434,0.9991941982272361,560,681,1241,-0.0008058017727639033,0.0008333472224535399,0.9997582594681724,-8.058017727639034e-05
42450,35.37558959315989,1.0,560,681,1241,0.0008058017727639033,0.0008333472224535399,0.9997582594681724,0.0
42451,35.37642294038234,0.9991941982272361,560,681,1241,-0.0008058017727639033,0.0008333472224535399,0.999677679290896,-8.058017727639034e-05
42452,35.377256287604794,0.9991941982272361,560,681,1241,0.0,0.0008333472224535399,0.9995970991136197,-8.058017727639034e-05
42453,35.37808963482725,0.9991941982272361,560,681,1241,0.0,0.0008333472224535399,0.9995970991136197,0.0
42454,35.3789229820497,0.9991941982272361,560,681,1241,0.0,0.0008333472224535399,0.9995165189363433,-8.058017727639034e-05
42455,35.379756329272155,1.0,560,681,1241,0.0008058017727639033,0.0008333472224535399,0.9995165189363433,0.0
42456,35.38058967649461,1.0,560,681,1241,0.0,0.0008333472224535399,0.9995970991136197,8.058017727639034e-05
42457,35.38142302371706,1.0,560,681,1241,0.0,0.0008333472224535399,0.9995970991136197,0.0
42458,35.382256370939515,1.0,560,681,1241,0.0,0.0008333472224535399,0.9995970991136197,0.0
42459,35.38308971816197,1.0,560,681,1241,0.0,0.0008333472224535399,0.999677679290896,8.058017727639034e-05
42460,35.38392306538442,1.0,560,681,1241,0.0,0.0008333472224535399,0.999677679290896,0.0
42461,35.384756412606876,1.0,560,681,1241,0.0,0.0008333472224535399,0.9997582594681724,8.058017727639034e-05
42462,35.38558975982933,1.0,560,681,1241,0.0,0.0008333472224535399,0.9998388396454487,8.058017727639034e-05
42463,35.38642310705178,1.0,560,681,1241,0.0,0.0008333472224535399,0.999919419822725,8.058017727639034e-05
42464,35.38725645427424,1.0,560,681,1241,0.0,0.0008333472224535399,1.0000000000000013,8.058017727639034e-05
42465,35.38808980149669,1.0,560,681,1241,0.0,0.0008333472224535399,1.0000000000000013,0.0
42466,35.388923148719144,1.0,560,681,1241,0.0,0.0008333472224535399,1.0000000000000013,0.0
42467,35.3897564959416,1.0,560,681,1241,0.0,0.0008333472224535399,1.0000000000000013,0.0
42468,35.39058984316405,1.0,560,681,1241,0.0,0.0008333472224535399,1.0000000000000013,0.0
42469,35.391423190386504,1.0,560,681,1241,0.0,0.0008333472224535399,1.0000000000000013,0.0
42470,35.392256537608965,0.9991941982272361,560,681,1241,-0.0008058017727639033,0.0008333472224606453,0.999919419822725,-8.058017727639034e-05
42471,35.39308988483142,0.9991941982272361,560,681,1241,0.0,0.0008333472224535399,0.9998388396454487,-8.058017727639034e-05
42472,35.39392323205387,0.9991941982272361,560,681,1241,0.0,0.0008333472224535399,0.9997582594681724,-8.058017727639034e-05
42473,35.394756579276326,0.9983883964544722,560,681,1241,-0.0008058017727639033,0.0008333472224535399,0.9995970991136197,-0.00016116035455278067
42474,35.39558992649878,0.9991941982272361,560,681,1241,0.0008058017727639033,0.0008333472224535399,0.9995165189363433,-8.058017727639034e-05
42475,35.39642327372123,0.9991941982272361,560,681,1241,0.0,0.0008333472224535399,0.999435938759067,-8.058017727639034e-05
42476,35.397256620943686,1.0,560,681,1241,0.0008058017727639033,0.0008333472224535399,0.999435938759067,0.0
42477,35.39808996816614,0.9991941982272361,560,681,1241,-0.0008058017727639033,0.0008333472224535399,0.9993553585817907,-8.058017727639034e-05
42478,35.39892331538859,1.0,560,681,1241,0.0008058017727639033,0.0008333472224535399,0.9993553585817907,0.0
42479,35.39975666261105,1.0,560,681,1241,0.0,0.0008333472224535399,0.9993553585817907,0.0
42480,35.4005900098335,1.0,560,681,1241,0.0,0.0008333472224535399,0.999435938759067,8.058017727639034e-05
42481,35.401423357055954,1.0,560,681,1241,0.0,0.0008333472224535399,0.9995165189363433,8.058017727639034e-05
42482,35.40225670427841,1.0,560,681,1241,0.0,0.0008333472224535399,0.9995970991136197,8.058017727639034e-05
42483,35.40309005150086,1.0,560,681,1241,0.0,0.0008333472224535399,0.9997582594681724,0.00016116035455278067
42484,35.403923398723315,1.0,560,681,1241,0.0,0.0008333472224535399,0.9998388396454487,8.058017727639034e-05
42485,35.40475674594577,1.0,560,681,1241,0.0,0.0008333472224535399,0.999919419822725,8.058017727639034e-05
42486,35.40559009316822,1.0,560,681,1241,0.0,0.0008333472224535399,0.999919419822725,0.0
42487,35.406423440390675,1.0,560,681,1241,0.0,0.0008333472224535399,1.0000000000000013,8.058017727639034e-05
42488,35.40725678761313,1.0,560,681,1241,0.0,0.0008333472224535399,1.0000000000000013,0.0
42489,35.40809013483558,0.9991941982272361,560,681,1241,-0.0008058017727639033,0.0008333472224535399,0.999919419822725,-8.058017727639034e-05
42490,35.408923482058036,0.9991941982272361,560,681,1241,0.0,0.0008333472224535399,0.9998388396454487,-8.058017727639034e-05
42491,35.40975682928049,0.9983883964544722,560,681,1241,-0.0008058017727639033,0.0008333472224535399,0.999677679290896,-0.00016116035455278067
42492,35.41059017650294,0.9983883964544722,560,681,1241,0.0,0.0008333472224535399,0.9995165189363433,-0.00016116035455278067
42493,35.4114235237254,0.9991941982272361,560,681,1241,0.0008058017727639033,0.0008333472224535399,0.999435938759067,-8.058017727639034e-05
42494,35.41225687094785,1.0,560,681,1241,0.0008058017727639033,0.0008333472224535399,0.999435938759067,0.0
42495,35.413090218170304,1.0,560,681,1241,0.0,0.0008333472224535399,0.999435938759067,0.0
42496,35.41392356539276,1.0,560,681,1241,0.0,0.0008333472224535399,0.999435938759067,0.0
42497,35.41475691261521,1.0,560,681,1241,0.0,0.0008333472224535399,0.999435938759067,0.0
42498,35.415590259837664,1.0,560,681,1241,0.0,0.0008333472224535399,0.999435938759067,0.0
42499,35.41642360706012,1.0,560,681,1241,0.0,0.0008333472224535399,0.9995165189363433,8.058017727639034e-05
42500,35.41725695428257,1.0,560,681,1241,0.0,0.0008333472224535399,0.9995970991136197,8.058017727639034e-05
42501,35.418090301505025,1.0,560,681,1241,0.0,0.0008333472224535399,0.9997582594681724,0.00016116035455278067
42502,35.41892364872748,1.0,560,681,1241,0.0,0.0008333472224535399,0.999919419822725,0.00016116035455278067
42503,35.41975699594993,1.0,560,681,1241,0.0,0.0008333472224535399,1.0000000000000013,8.058017727639034e-05
42504,35.420590343172385,1.0,560,681,1241,0.0,0.0008333472224535399,1.0000000000000013,0.0
42505,35.42142369039484,1.0,560,681,1241,0.0,0.0008333472224535399,1.0000000000000013,0.0
42506,35.42225703761729,0.9991941982272361,560,681,1241,-0.0008058017727639033,0.0008333472224535399,0.999919419822725,-8.058017727639034e-05
42507,35.423090384839746,0.9991941982272361,560,681,1241,0.0,0.0008333472224535399,0.9998388396454487,-8.058017727639034e-05
42508,35.4239237320622,0.9991941982272361,560,681,1241,0.0,0.0008333472224535399,0.9997582594681724,-8.058017727639034e-05
42509,35.42475707928465,0.9991941982272361,560,681,1241,0.0,0.0008333472224535399,0.999677679290896,-8.058017727639034e-05
42510,35.42559042650711,1.0,560,681,1241,0.0008058017727639033,0.0008333472224535399,0.999677679290896,0.0
42511,35.42642377372956,0.9991941982272361,560,681,1241,-0.0008058017727639033,0.0008333472224535399,0.9995970991136197,-8.058017727639034e-05
42512,35.42725712095202,0.9991941982272361,560,681,1241,0.0,0.0008333472224606453,0.9995165189363433,-8.058017727639034e-05
42513,35.428090468174474,0.9991941982272361,560,681,1241,0.0,0.0008333472224535399,0.999435938759067,-8.058017727639034e-05
42514,35.42892381539693,0.9991941982272361,560,681,1241,0.0,0.0008333472224535399,0.9993553585817907,-8.058017727639034e-05
42515,35.42975716261938,1.0,560,681,1241,0.0008058017727639033,0.0008333472224535399,0.9993553585817907,0.0
42516,35.430590509841835,1.0,560,681,1241,0.0,0.0008333472224535399,0.999435938759067,8.058017727639034e-05
42517,35.43142385706429,1.0,560,681,1241,0.0,0.0008333472224535399,0.9995165189363433,8.058017727639034e-05
42518,35.43225720428674,1.0,560,681,1241,0.0,0.0008333472224535399,0.9995970991136197,8.058017727639034e-05
42519,35.433090551509196,1.0,560,681,1241,0.0,0.0008333472224535399,0.999677679290896,8.058017727639034e-05
42520,35.43392389873165,1.0,560,681,1241,0.0,0.0008333472224535399,0.999677679290896,0.0
42521,35.4347572459541,0.9991941982272361,560,681,1241,-0.0008058017727639033,0.0008333472224535399,0.999677679290896,0.0
42522,35.435590593176556,1.0,560,681,1241,0.0008058017727639033,0.0008333472224535399,0.9997582594681724,8.058017727639034e-05
42523,35.43642394039901,1.0,560,681,1241,0.0,0.0008333472224535399,0.9998388396454487,8.058017727639034e-05
42524,35.43725728762146,1.0,560,681,1241,0.0,0.0008333472224535399,0.999919419822725,8.058017727639034e-05
42525,35.43809063484392,1.0,560,681,1241,0.0,0.0008333472224535399,0.999919419822725,0.0
42526,35.43892398206637,1.0,560,681,1241,0.0,0.0008333472224535399,0.999919419822725,0.0
42527,35.439757329288824,1.0,560,681,1241,0.0,0.0008333472224535399,0.999919419822725,0.0
42528,35.44059067651128,1.0,560,681,1241,0.0,0.0008333472224535399,0.999919419822725,0.0
42529,35.44142402373373,1.0,560,681,1241,0.0,0.0008333472224535399,0.999919419822725,0.0
42530,35.442257370956185,1.0,560,681,1241,0.0,0.0008333472224535399,0.999919419822725,0.0
42531,35.44309071817864,1.0,560,681,1241,0.0,0.0008333472224535399,1.0000000000000013,8.058017727639034e-05
42532,35.44392406540109,1.0,560,681,1241,0.0,0.0008333472224535399,1.0000000000000013,0.0
42533,35.444757412623545,1.0,560,681,1241,0.0,0.0008333472224535399,1.0000000000000013,0.0
42534,35.445590759846,0.9991941982272361,560,681,1241,-0.0008058017727639033,0.0008333472224535399,0.999919419822725,-8.058017727639034e-05
42535,35.44642410706845,0.9991941982272361,560,681,1241,0.0,0.0008333472224535399,0.9998388396454487,-8.058017727639034e-05
42536,35.447257454290906,1.0,560,681,1241,0.0008058017727639033,0.0008333472224535399,0.9998388396454487,0.0
42537,35.44809080151336,1.0,560,681,1241,0.0,0.0008333472224535399,0.9998388396454487,0.0
42538,35.44892414873581,1.0,560,681,1241,0.0,0.0008333472224535399,0.9998388396454487,0.0
42539,35.449757495958266,1.0,560,681,1241,0.0,0.0008333472224535399,0.9998388396454487,0.0
42540,35.45059084318072,1.0,560,681,1241,0.0,0.0008333472224535399,0.9998388396454487,0.0
42541,35.45142419040317,1.0,560,681,1241,0.0,0.0008333472224535399,0.9998388396454487,0.0
42542,35.45225753762563,1.0,560,681,1241,0.0,0.0008333472224535399,0.9998388396454487,0.0
42543,35.45309088484808,1.0,560,681,1241,0.0,0.0008333472224535399,0.9998388396454487,0.0
42544,35.453924232070534,1.0,560,681,1241,0.0,0.0008333472224535399,0.999919419822725,8.058017727639034e-05
42545,35.45475757929299,1.0,560,681,1241,0.0,0.0008333472224535399,1.0000000000000013,8.058017727639034e-05
42546,35.45559092651544,1.0,560,681,1241,0.0,0.0008333472224535399,1.0000000000000013,0.0
42547,35.456424273737895,1.0,560,681,1241,0.0,0.0008333472224535399,1.0000000000000013,0.0
42548,35.45725762096035,1.0,560,681,1241,0.0,0.0008333472224535399,1.0000000000000013,0.0
42549,35.4580909681828,0.9991941982272361,560,681,1241,-0.0008058017727639033,0.0008333472224535399,0.999919419822725,-8.058017727639034e-05
42550,35.458924315405255,0.9991941982272361,560,681,1241,0.0,0.0008333472224535399,0.9998388396454487,-8.058017727639034e-05
42551,35.45975766262771,1.0,560,681,1241,0.0008058017727639033,0.0008333472224535399,0.9998388396454487,0.0
42552,35.46059100985016,1.0,560,681,1241,0.0,0.0008333472224535399,0.9998388396454487,0.0
42553,35.461424357072616,1.0,560,681,1241,0.0,0.0008333472224535399,0.9998388396454487,0.0
42554,35.46225770429508,1.0,560,681,1241,0.0,0.0008333472224606453,0.9998388396454487,0.0
42555,35.46309105151753,1.0,560,681,1241,0.0,0.0008333472224535399,0.9998388396454487,0.0
42556,35.463924398739984,1.0,560,681,1241,0.0,0.0008333472224535399,0.9998388396454487,0.0
42557,35.46475774596244,1.0,560,681,1241,0.0,0.0008333472224535399,0.9998388396454487,0.0
42558,35.46559109318489,1.0,560,681,1241,0.0,0.0008333472224535399,0.9998388396454487,0.0
42559,35.466424440407344,1.0,560,681,1241,0.0,0.0008333472224535399,0.999919419822725,8.058017727639034e-05
42560,35.4672577876298,0.9991941982272361,560,681,1241,-0.0008058017727639033,0.0008333472224535399,0.999919419822725,0.0
42561,35.46809113485225,1.0,560,681,1241,0.0008058017727639033,0.0008333472224535399,0.999919419822725,0.0
42562,35.468924482074705,1.0,560,681,1241,0.0,0.0008333472224535399,0.999919419822725,0.0
42563,35.46975782929716,1.0,560,681,1241,0.0,0.0008333472224535399,0.999919419822725,0.0
42564,35.47059117651961,1.0,560,681,1241,0.0,0.0008333472224535399,0.999919419822725,0.0
42565,35.471424523742066,1.0,560,681,1241,0.0,0.0008333472224535399,0.999919419822725,0.0
42566,35.47225787096452,0.9991941982272361,560,681,1241,-0.0008058017727639033,0.0008333472224535399,0.9998388396454487,-8.058017727639034e-05
42567,35.47309121818697,0.9991941982272361,560,681,1241,0.0,0.0008333472224535399,0.9997582594681724,-8.058017727639034e-05
42568,35.473924565409426,1.0,560,681,1241,0.0008058017727639033,0.0008333472224535399,0.9997582594681724,0.0
42569,35.47475791263188,1.0,560,681,1241,0.0,0.0008333472224535399,0.9997582594681724,0.0
42570,35.47559125985433,1.0,560,681,1241,0.0,0.0008333472224535399,0.9998388396454487,8.058017727639034e-05
42571,35.47642460707679,1.0,560,681,1241,0.0,0.0008333472224535399,0.9998388396454487,0.0
42572,35.47725795429924,1.0,560,681,1241,0.0,0.0008333472224535399,0.9998388396454487,0.0
42573,35.478091301521694,1.0,560,681,1241,0.0,0.0008333472224535399,0.9998388396454487,0.0
42574,35.47892464874415,0.9991941982272361,560,681,1241,-0.0008058017727639033,0.0008333472224535399,0.9997582594681724,-8.058017727639034e-05
42575,35.4797579959666,0.9991941982272361,560,681,1241,0.0,0.0008333472224535399,0.999677679290896,-8.058017727639034e-05
42576,35.480591343189054,1.0,560,681,1241,0.0008058017727639033,0.0008333472224535399,0.9997582594681724,8.058017727639034e-05
42577,35.48142469041151,1.0,560,681,1241,0.0,0.0008333472224535399,0.9998388396454487,8.058017727639034e-05
42578,35.48225803763396,1.0,560,681,1241,0.0,0.0008333472224535399,0.9998388396454487,0.0
42579,35.483091384856415,1.0,560,681,1241,0.0,0.0008333472224535399,0.9998388396454487,0.0
42580,35.48392473207887,1.0,560,681,1241,0.0,0.0008333472224535399,0.9998388396454487,0.0
42581,35.48475807930132,1.0,560,681,1241,0.0,0.0008333472224535399,0.9998388396454487,0.0
42582,35.485591426523776,1.0,560,681,1241,0.0,0.0008333472224535399,0.9998388396454487,0.0
42583,35.48642477374623,1.0,560,681,1241,0.0,0.0008333472224535399,0.9998388396454487,0.0
42584,35.48725812096868,1.0,560,681,1241,0.0,0.0008333472224535399,0.999919419822725,8.058017727639034e-05
42585,35.488091468191136,1.0,560,681,1241,0.0,0.0008333472224535399,1.0000000000000013,8.058017727639034e-05
42586,35.48892481541359,1.0,560,681,1241,0.0,0.0008333472224535399,1.0000000000000013,0.0
42587,35.48975816263604,1.0,560,681,1241,0.0,0.0008333472224535399,1.0000000000000013,0.0
42588,35.4905915098585,1.0,560,681,1241,0.0,0.0008333472224535399,1.0000000000000013,0.0
42589,35.49142485708095,1.0,560,681,1241,0.0,0.0008333472224535399,1.0000000000000013,0.0
42590,35.492258204303404,1.0,560,681,1241,0.0,0.0008333472224535399,1.0000000000000013,0.0
42591,35.49309155152586,1.0,560,681,1241,0.0,0.0008333472224535399,1.0000000000000013,0.0
42592,35.49392489874831,1.0,560,681,1241,0.0,0.0008333472224535399,1.0000000000000013,0.0
42593,35.494758245970765,0.9991941982272361,560,681,1241,-0.0008058017727639033,0.0008333472224535399,0.999919419822725,-8.058017727639034e-05
42594,35.49559159319322,0.9991941982272361,560,681,1241,0.0,0.0008333472224535399,0.9998388396454487,-8.058017727639034e-05
42595,35.49642494041567,0.9991941982272361,560,681,1241,0.0,0.0008333472224535399,0.9997582594681724,-8.058017727639034e-05
42596,35.497258287638125,0.9991941982272361,560,681,1241,0.0,0.0008333472224535399,0.999677679290896,-8.058017727639034e-05
42597,35.498091634860586,0.9983883964544722,560,681,1241,-0.0008058017727639033,0.0008333472224606453,0.9995165189363433,-0.00016116035455278067
42598,35.49892498208304,0.9991941982272361,560,681,1241,0.0008058017727639033,0.0008333472224535399,0.999435938759067,-8.058017727639034e-05
42599,35.49975832930549,0.9991941982272361,560,681,1241,0.0,0.0008333472224535399,0.9993553585817907,-8.058017727639034e-05
42600,35.50059167652795,0.9983883964544722,560,681,1241,-0.0008058017727639033,0.0008333472224535399,0.999194198227238,-0.00016116035455278067
42601,35.5014250237504,0.9983883964544722,560,681,1241,0.0,0.0008333472224535399,0.9990330378726853,-0.00016116035455278067
42602,35.502258370972854,0.9983883964544722,560,681,1241,0.0,0.0008333472224535399,0.9988718775181326,-0.00016116035455278067
42603,35.50309171819531,0.9975825946817083,560,681,1241,-0.0008058017727639033,0.0008333472224535399,0.9987107171635797,-0.00016116035455278067
42604,35.50392506541776,0.9991941982272361,560,681,1241,0.0016116035455278066,0.0008333472224535399,0.9987107171635797,0.0
42605,35.504758412640214,1.0,560,681,1241,0.0008058017727639033,0.0008333472224535399,0.998791297340856,8.058017727639034e-05
42606,35.50559175986267,1.0,560,681,1241,0.0,0.0008333472224535399,0.9988718775181324,8.058017727639034e-05
42607,35.50642510708512,1.0,560,681,1241,0.0,0.0008333472224535399,0.9990330378726853,0.00016116035455278067
42608,35.507258454307575,1.0,560,681,1241,0.0,0.0008333472224535399,0.9991136180499616,8.058017727639034e-05
42609,35.50809180153003,1.0,560,681,1241,0.0,0.0008333472224535399,0.999194198227238,8.058017727639034e-05
42610,35.50892514875248,1.0,560,681,1241,0.0,0.0008333472224535399,0.9993553585817907,0.00016116035455278067
42611,35.509758495974935,1.0,560,681,1241,0.0,0.0008333472224535399,0.9995165189363433,0.00016116035455278067
42612,35.51059184319739,0.9991941982272361,560,681,1241,-0.0008058017727639033,0.0008333472224535399,0.9995970991136197,8.058017727639034e-05
42613,35.51142519041984,0.9991941982272361,560,681,1241,0.0,0.0008333472224535399,0.9997582594681725,0.00016116035455278067
42614,35.512258537642296,1.0,560,681,1241,0.0008058017727639033,0.0008333472224535399,0.999838839645449,8.058017727639034e-05
42615,35.51309188486475,1.0,560,681,1241,0.0,0.0008333472224535399,0.999838839645449,0.0
42616,35.5139252320872,1.0,560,681,1241,0.0,0.0008333472224535399,0.999838839645449,0.0
42617,35.51475857930966,1.0,560,681,1241,0.0,0.0008333472224535399,0.999838839645449,0.0
42618,35.51559192653211,1.0,560,681,1241,0.0,0.0008333472224535399,0.999838839645449,0.0
42619,35.516425273754564,1.0,560,681,1241,0.0,0.0008333472224535399,0.999838839645449,0.0
42620,35.51725862097702,1.0,560,681,1241,0.0,0.0008333472224535399,0.999838839645449,0.0
42621,35.51809196819947,1.0,560,681,1241,0.0,0.0008333472224535399,0.999838839645449,0.0
42622,35.518925315421924,1.0,560,681,1241,0.0,0.0008333472224535399,0.9999194198227253,8.058017727639034e-05
42623,35.51975866264438,1.0,560,681,1241,0.0,0.0008333472224535399,1.0000000000000016,8.058017727639034e-05
42624,35.52059200986683,1.0,560,681,1241,0.0,0.0008333472224535399,1.0000000000000016,0.0
42625,35.521425357089285,1.0,560,681,1241,0.0,0.0008333472224535399,1.0000000000000016,0.0
42626,35.52225870431174,1.0,560,681,1241,0.0,0.0008333472224535399,1.0000000000000016,0.0
42627,35.52309205153419,1.0,560,681,1241,0.0,0.0008333472224535399,1.0000000000000016,0.0
42628,35.523925398756646,1.0,560,681,1241,0.0,0.0008333472224535399,1.0000000000000016,0.0
42629,35.5247587459791,1.0,560,681,1241,0.0,0.0008333472224535399,1.0000000000000016,0.0
42630,35.52559209320155,0.9991941982272361,560,681,1241,-0.0008058017727639033,0.0008333472224535399,0.9999194198227253,-8.058017727639034e-05
42631,35.526425440424006,0.9991941982272361,560,681,1241,0.0,0.0008333472224535399,0.999838839645449,-8.058017727639034e-05
42632,35.52725878764646,0.9991941982272361,560,681,1241,0.0,0.0008333472224535399,0.9997582594681725,-8.058017727639034e-05
42633,35.52809213486891,0.9991941982272361,560,681,1241,0.0,0.0008333472224535399,0.9996776792908962,-8.058017727639034e-05
42634,35.52892548209137,0.9991941982272361,560,681,1241,0.0,0.0008333472224535399,0.9995970991136198,-8.058017727639034e-05
42635,35.52975882931382,0.9991941982272361,560,681,1241,0.0,0.0008333472224535399,0.9995165189363435,-8.058017727639034e-05
42636,35.530592176536274,1.0,560,681,1241,0.0008058017727639033,0.0008333472224535399,0.9995165189363435,0.0
42637,35.53142552375873,1.0,560,681,1241,0.0,0.0008333472224535399,0.9995165189363435,0.0
42638,35.53225887098118,1.0,560,681,1241,0.0,0.0008333472224535399,0.9995165189363435,0.0
42639,35.53309221820364,1.0,560,681,1241,0.0,0.0008333472224606453,0.9995165189363435,0.0
42640,35.533925565426095,1.0,560,681,1241,0.0,0.0008333472224535399,0.9995970991136198,8.058017727639034e-05
42641,35.53475891264855,1.0,560,681,1241,0.0,0.0008333472224535399,0.9996776792908962,8.058017727639034e-05
42642,35.535592259871,1.0,560,681,1241,0.0,0.0008333472224535399,0.9997582594681725,8.058017727639034e-05
42643,35.536425607093456,1.0,560,681,1241,0.0,0.0008333472224535399,0.999838839645449,8.058017727639034e-05
42644,35.53725895431591,1.0,560,681,1241,0.0,0.0008333472224535399,0.9999194198227253,8.058017727639034e-05
42645,35.53809230153836,1.0,560,681,1241,0.0,0.0008333472224535399,1.0000000000000016,8.058017727639034e-05
42646,35.53892564876082,1.0,560,681,1241,0.0,0.0008333472224535399,1.0000000000000016,0.0
42647,35.53975899598327,1.0,560,681,1241,0.0,0.0008333472224535399,1.0000000000000016,0.0
42648,35.540592343205724,1.0,560,681,1241,0.0,0.0008333472224535399,1.0000000000000016,0.0
42649,35.54142569042818,1.0,560,681,1241,0.0,0.0008333472224535399,1.0000000000000016,0.0
42650,35.54225903765063,1.0,560,681,1241,0.0,0.0008333472224535399,1.0000000000000016,0.0
42651,35.543092384873084,1.0,560,681,1241,0.0,0.0008333472224535399,1.0000000000000016,0.0
42652,35.54392573209554,1.0,560,681,1241,0.0,0.0008333472224535399,1.0000000000000016,0.0
42653,35.54475907931799,1.0,560,681,1241,0.0,0.0008333472224535399,1.0000000000000016,0.0
42654,35.545592426540445,1.0,560,681,1241,0.0,0.0008333472224535399,1.0000000000000016,0.0
42655,35.5464257737629,1.0,560,681,1241,0.0,0.0008333472224535399,1.0000000000000016,0.0
42656,35.54725912098535,1.0,560,681,1241,0.0,0.0008333472224535399,1.0000000000000016,0.0
42657,35.548092468207805,1.0,560,681,1241,0.0,0.0008333472224535399,1.0000000000000016,0.0
42658,35.54892581543026,1.0,560,681,1241,0.0,0.0008333472224535399,1.0000000000000016,0.0
42659,35.54975916265271,1.0,560,681,1241,0.0,0.0008333472224535399,1.0000000000000016,0.0
42660,35.550592509875166,0.9991941982272361,560,681,1241,-0.0008058017727639033,0.0008333472224535399,0.9999194198227253,-8.058017727639034e-05
42661,35.55142585709762,0.9991941982272361,560,681,1241,0.0,0.0008333472224535399,0.999838839645449,-8.058017727639034e-05
42662,35.55225920432007,0.9991941982272361,560,681,1241,0.0,0.0008333472224535399,0.9997582594681725,-8.058017727639034e-05
42663,35.55309255154253,0.9991941982272361,560,681,1241,0.0,0.0008333472224535399,0.9996776792908962,-8.058017727639034e-05
42664,35.55392589876498,0.9983883964544722,560,681,1241,-0.0008058017727639033,0.0008333472224535399,0.9995165189363433,-0.00016116035455278067
42665,35.554759245987434,0.9991941982272361,560,681,1241,0.0008058017727639033,0.0008333472224535399,0.999435938759067,-8.058017727639034e-05
42666,35.55559259320989,0.9991941982272361,560,681,1241,0.0,0.0008333472224535399,0.9993553585817907,-8.058017727639034e-05
42667,35.55642594043234,0.9991941982272361,560,681,1241,0.0,0.0008333472224535399,0.9992747784045143,-8.058017727639034e-05
42668,35.557259287654794,0.9991941982272361,560,681,1241,0.0,0.0008333472224535399,0.999194198227238,-8.058017727639034e-05
42669,35.55809263487725,1.0,560,681,1241,0.0008058017727639033,0.0008333472224535399,0.999194198227238,0.0
42670,35.5589259820997,1.0,560,681,1241,0.0,0.0008333472224535399,0.9992747784045143,8.058017727639034e-05
42671,35.559759329322155,1.0,560,681,1241,0.0,0.0008333472224535399,0.9993553585817907,8.058017727639034e-05
42672,35.56059267654461,1.0,560,681,1241,0.0,0.0008333472224535399,0.999435938759067,8.058017727639034e-05
42673,35.56142602376706,1.0,560,681,1241,0.0,0.0008333472224535399,0.9995165189363433,8.058017727639034e-05
42674,35.562259370989516,1.0,560,681,1241,0.0,0.0008333472224535399,0.999677679290896,0.00016116035455278067
42675,35.56309271821197,1.0,560,681,1241,0.0,0.0008333472224535399,0.9997582594681724,8.058017727639034e-05
42676,35.56392606543442,1.0,560,681,1241,0.0,0.0008333472224535399,0.9998388396454487,8.058017727639034e-05
42677,35.564759412656876,1.0,560,681,1241,0.0,0.0008333472224535399,0.999919419822725,8.058017727639034e-05
42678,35.56559275987933,1.0,560,681,1241,0.0,0.0008333472224535399,1.0000000000000013,8.058017727639034e-05
42679,35.56642610710178,1.0,560,681,1241,0.0,0.0008333472224535399,1.0000000000000013,0.0
42680,35.56725945432424,1.0,560,681,1241,0.0,0.0008333472224535399,1.0000000000000013,0.0
42681,35.56809280154669,1.0,560,681,1241,0.0,0.0008333472224535399,1.0000000000000013,0.0
42682,35.56892614876915,1.0,560,681,1241,0.0,0.0008333472224606453,1.0000000000000013,0.0
42683,35.569759495991605,1.0,560,681,1241,0.0,0.0008333472224535399,1.0000000000000013,0.0
42684,35.57059284321406,1.0,560,681,1241,0.0,0.0008333472224535399,1.0000000000000013,0.0
42685,35.57142619043651,1.0,560,681,1241,0.0,0.0008333472224535399,1.0000000000000013,0.0
42686,35.572259537658965,1.0,560,681,1241,0.0,0.0008333472224535399,1.0000000000000013,0.0
42687,35.57309288488142,1.0,560,681,1241,0.0,0.0008333472224535399,1.0000000000000013,0.0
42688,35.57392623210387,1.0,560,681,1241,0.0,0.0008333472224535399,1.0000000000000013,0.0
42689,35.574759579326326,1.0,560,681,1241,0.0,0.0008333472224535399,1.0000000000000013,0.0
42690,35.57559292654878,1.0,560,681,1241,0.0,0.0008333472224535399,1.0000000000000013,0.0
42691,35.57642627377123,1.0,560,681,1241,0.0,0.0008333472224535399,1.0000000000000013,0.0
42692,35.577259620993686,1.0,560,681,1241,0.0,0.0008333472224535399,1.0000000000000013,0.0
42693,35.57809296821614,1.0,560,681,1241,0.0,0.0008333472224535399,1.0000000000000013,0.0
42694,35.57892631543859,1.0,560,681,1241,0.0,0.0008333472224535399,1.0000000000000013,0.0
42695,35.57975966266105,1.0,560,681,1241,0.0,0.0008333472224535399,1.0000000000000013,0.0
42696,35.5805930098835,1.0,560,681,1241,0.0,0.0008333472224535399,1.0000000000000013,0.0
42697,35.581426357105954,1.0,560,681,1241,0.0,0.0008333472224535399,1.0000000000000013,0.0
42698,35.58225970432841,1.0,560,681,1241,0.0,0.0008333472224535399,1.0000000000000013,0.0
42699,35.58309305155086,1.0,560,681,1241,0.0,0.0008333472224535399,1.0000000000000013,0.0
42700,35.583926398773315,1.0,560,681,1241,0.0,0.0008333472224535399,1.0000000000000013,0.0
42701,35.58475974599577,1.0,560,681,1241,0.0,0.0008333472224535399,1.0000000000000013,0.0
42702,35.58559309321822,1.0,560,681,1241,0.0,0.0008333472224535399,1.0000000000000013,0.0
42703,35.586426440440675,0.9991941982272361,560,681,1241,-0.0008058017727639033,0.0008333472224535399,0.999919419822725,-8.058017727639034e-05
42704,35.58725978766313,1.0,560,681,1241,0.0008058017727639033,0.0008333472224535399,0.999919419822725,0.0
42705,35.58809313488558,1.0,560,681,1241,0.0,0.0008333472224535399,0.999919419822725,0.0
42706,35.588926482108036,1.0,560,681,1241,0.0,0.0008333472224535399,0.999919419822725,0.0
42707,35.58975982933049,1.0,560,681,1241,0.0,0.0008333472224535399,0.999919419822725,0.0
42708,35.59059317655294,1.0,560,681,1241,0.0,0.0008333472224535399,0.999919419822725,0.0
42709,35.5914265237754,1.0,560,681,1241,0.0,0.0008333472224535399,0.999919419822725,0.0
42710,35.59225987099785,1.0,560,681,1241,0.0,0.0008333472224535399,0.999919419822725,0.0
42711,35.593093218220304,1.0,560,681,1241,0.0,0.0008333472224535399,0.999919419822725,0.0
42712,35.59392656544276,1.0,560,681,1241,0.0,0.0008333472224535399,0.999919419822725,0.0
42713,35.59475991266521,1.0,560,681,1241,0.0,0.0008333472224535399,1.0000000000000013,8.058017727639034e-05
42714,35.595593259887664,1.0,560,681,1241,0.0,0.0008333472224535399,1.0000000000000013,0.0
42715,35.59642660711012,1.0,560,681,1241,0.0,0.0008333472224535399,1.0000000000000013,0.0
42716,35.59725995433257,1.0,560,681,1241,0.0,0.0008333472224535399,1.0000000000000013,0.0
42717,35.598093301555025,1.0,560,681,1241,0.0,0.0008333472224535399,1.0000000000000013,0.0
42718,35.59892664877748,1.0,560,681,1241,0.0,0.0008333472224535399,1.0000000000000013,0.0
42719,35.59975999599993,1.0,560,681,1241,0.0,0.0008333472224535399,1.0000000000000013,0.0
42720,35.600593343222386,1.0,560,681,1241,0.0,0.0008333472224535399,1.0000000000000013,0.0
42721,35.60142669044484,1.0,560,681,1241,0.0,0.0008333472224535399,1.0000000000000013,0.0
42722,35.60226003766729,1.0,560,681,1241,0.0,0.0008333472224535399,1.0000000000000013,0.0
42723,35.603093384889746,1.0,560,681,1241,0.0,0.0008333472224535399,1.0000000000000013,0.0
42724,35.60392673211221,1.0,560,681,1241,0.0,0.0008333472224606453,1.0000000000000013,0.0
42725,35.60476007933466,1.0,560,681,1241,0.0,0.0008333472224535399,1.0000000000000013,0.0
42726,35.605593426557114,1.0,560,681,1241,0.0,0.0008333472224535399,1.0000000000000013,0.0
42727,35.60642677377957,1.0,560,681,1241,0.0,0.0008333472224535399,1.0000000000000013,0.0
42728,35.60726012100202,1.0,560,681,1241,0.0,0.0008333472224535399,1.0000000000000013,0.0
42729,35.608093468224475,1.0,560,681,1241,0.0,0.0008333472224535399,1.0000000000000013,0.0
42730,35.60892681544693,1.0,560,681,1241,0.0,0.0008333472224535399,1.0000000000000013,0.0
42731,35.60976016266938,1.0,560,681,1241,0.0,0.0008333472224535399,1.0000000000000013,0.0
42732,35.610593509891835,1.0,560,681,1241,0.0,0.0008333472224535399,1.0000000000000013,0.0
42733,35.61142685711429,0.9991941982272361,560,681,1241,-0.0008058017727639033,0.0008333472224535399,0.999919419822725,-8.058017727639034e-05
42734,35.61226020433674,0.9983883964544722,560,681,1241,-0.0008058017727639033,0.0008333472224535399,0.9997582594681724,-0.00016116035455278067
42735,35.613093551559196,1.0,560,681,1241,0.0016116035455278066,0.0008333472224535399,0.9997582594681724,0.0
42736,35.61392689878165,1.0,560,681,1241,0.0,0.0008333472224535399,0.9997582594681724,0.0
42737,35.6147602460041,1.0,560,681,1241,0.0,0.0008333472224535399,0.9997582594681724,0.0
42738,35.615593593226556,1.0,560,681,1241,0.0,0.0008333472224535399,0.9997582594681724,0.0
42739,35.61642694044901,1.0,560,681,1241,0.0,0.0008333472224535399,0.9997582594681724,0.0
42740,35.61726028767146,1.0,560,681,1241,0.0,0.0008333472224535399,0.9997582594681724,0.0
42741,35.61809363489392,1.0,560,681,1241,0.0,0.0008333472224535399,0.9997582594681724,0.0
42742,35.61892698211637,1.0,560,681,1241,0.0,0.0008333472224535399,0.9997582594681724,0.0
42743,35.619760329338824,1.0,560,681,1241,0.0,0.0008333472224535399,0.9998388396454487,8.058017727639034e-05
42744,35.62059367656128,1.0,560,681,1241,0.0,0.0008333472224535399,1.0000000000000013,0.00016116035455278067
42745,35.62142702378373,1.0,560,681,1241,0.0,0.0008333472224535399,1.0000000000000013,0.0
42746,35.622260371006185,1.0,560,681,1241,0.0,0.0008333472224535399,1.0000000000000013,0.0
42747,35.62309371822864,1.0,560,681,1241,0.0,0.0008333472224535399,1.0000000000000013,0.0
42748,35.62392706545109,1.0,560,681,1241,0.0,0.0008333472224535399,1.0000000000000013,0.0
42749,35.624760412673545,1.0,560,681,1241,0.0,0.0008333472224535399,1.0000000000000013,0.0
42750,35.625593759896,1.0,560,681,1241,0.0,0.0008333472224535399,1.0000000000000013,0.0
42751,35.62642710711845,1.0,560,681,1241,0.0,0.0008333472224535399,1.0000000000000013,0.0
42752,35.627260454340906,1.0,560,681,1241,0.0,0.0008333472224535399,1.0000000000000013,0.0
42753,35.62809380156336,1.0,560,681,1241,0.0,0.0008333472224535399,1.0000000000000013,0.0
42754,35.62892714878581,1.0,560,681,1241,0.0,0.0008333472224535399,1.0000000000000013,0.0
42755,35.62976049600827,1.0,560,681,1241,0.0,0.0008333472224535399,1.0000000000000013,0.0
42756,35.63059384323072,1.0,560,681,1241,0.0,0.0008333472224535399,1.0000000000000013,0.0
42757,35.631427190453174,0.9991941982272361,560,681,1241,-0.0008058017727639033,0.0008333472224535399,0.999919419822725,-8.058017727639034e-05
42758,35.63226053767563,1.0,560,681,1241,0.0008058017727639033,0.0008333472224535399,0.999919419822725,0.0
42759,35.63309388489808,0.9991941982272361,560,681,1241,-0.0008058017727639033,0.0008333472224535399,0.9998388396454487,-8.058017727639034e-05
42760,35.633927232120534,0.9991941982272361,560,681,1241,0.0,0.0008333472224535399,0.9997582594681724,-8.058017727639034e-05
42761,35.63476057934299,1.0,560,681,1241,0.0008058017727639033,0.0008333472224535399,0.9997582594681724,0.0
42762,35.63559392656544,1.0,560,681,1241,0.0,0.0008333472224535399,0.9997582594681724,0.0
42763,35.636427273787895,1.0,560,681,1241,0.0,0.0008333472224535399,0.9997582594681724,0.0
42764,35.63726062101035,1.0,560,681,1241,0.0,0.0008333472224535399,0.9997582594681724,0.0
42765,35.6380939682328,0.9991941982272361,560,681,1241,-0.0008058017727639033,0.0008333472224535399,0.999677679290896,-8.058017727639034e-05
42766,35.63892731545526,0.9991941982272361,560,681,1241,0.0,0.0008333472224606453,0.9995970991136197,-8.058017727639034e-05
42767,35.639760662677716,1.0,560,681,1241,0.0008058017727639033,0.0008333472224535399,0.999677679290896,8.058017727639034e-05
42768,35.64059400990017,1.0,560,681,1241,0.0,0.0008333472224535399,0.999677679290896,0.0
42769,35.64142735712262,1.0,560,681,1241,0.0,0.0008333472224535399,0.9997582594681724,8.058017727639034e-05
42770,35.64226070434508,1.0,560,681,1241,0.0,0.0008333472224535399,0.9998388396454487,8.058017727639034e-05
42771,35.64309405156753,1.0,560,681,1241,0.0,0.0008333472224535399,0.9998388396454487,0.0
42772,35.643927398789984,1.0,560,681,1241,0.0,0.0008333472224535399,0.9998388396454487,0.0
42773,35.64476074601244,1.0,560,681,1241,0.0,0.0008333472224535399,0.9998388396454487,0.0
42774,35.64559409323489,1.0,560,681,1241,0.0,0.0008333472224535399,0.9998388396454487,0.0
42775,35.646427440457344,1.0,560,681,1241,0.0,0.0008333472224535399,0.999919419822725,8.058017727639034e-05
42776,35.6472607876798,1.0,560,681,1241,0.0,0.0008333472224535399,1.0000000000000013,8.058017727639034e-05
42777,35.64809413490225,0.9991941982272361,560,681,1241,-0.0008058017727639033,0.0008333472224535399,0.999919419822725,-8.058017727639034e-05
42778,35.648927482124705,0.9991941982272361,560,681,1241,0.0,0.0008333472224535399,0.9998388396454487,-8.058017727639034e-05
42779,35.64976082934716,0.9991941982272361,560,681,1241,0.0,0.0008333472224535399,0.9997582594681724,-8.058017727639034e-05
42780,35.65059417656961,0.9991941982272361,560,681,1241,0.0,0.0008333472224535399,0.999677679290896,-8.058017727639034e-05
42781,35.651427523792066,0.9991941982272361,560,681,1241,0.0,0.0008333472224535399,0.9995970991136197,-8.058017727639034e-05
42782,35.65226087101452,0.9991941982272361,560,681,1241,0.0,0.0008333472224535399,0.9995165189363433,-8.058017727639034e-05
42783,35.65309421823697,1.0,560,681,1241,0.0008058017727639033,0.0008333472224535399,0.9995165189363433,0.0
42784,35.653927565459426,1.0,560,681,1241,0.0,0.0008333472224535399,0.9995165189363433,0.0
42785,35.65476091268188,1.0,560,681,1241,0.0,0.0008333472224535399,0.9995165189363433,0.0
42786,35.65559425990433,0.9991941982272361,560,681,1241,-0.0008058017727639033,0.0008333472224535399,0.999435938759067,-8.058017727639034e-05
42787,35.65642760712679,1.0,560,681,1241,0.0008058017727639033,0.0008333472224535399,0.9995165189363433,8.058017727639034e-05
42788,35.65726095434924,1.0,560,681,1241,0.0,0.0008333472224535399,0.9995970991136197,8.058017727639034e-05
42789,35.658094301571694,1.0,560,681,1241,0.0,0.0008333472224535399,0.999677679290896,8.058017727639034e-05
42790,35.65892764879415,0.9991941982272361,560,681,1241,-0.0008058017727639033,0.0008333472224535399,0.999677679290896,0.0
42791,35.6597609960166,0.9991941982272361,560,681,1241,0.0,0.0008333472224535399,0.999677679290896,0.0
42792,35.660594343239055,0.9991941982272361,560,681,1241,0.0,0.0008333472224535399,0.999677679290896,0.0
42793,35.66142769046151,1.0,560,681,1241,0.0008058017727639033,0.0008333472224535399,0.999677679290896,0.0
42794,35.66226103768396,1.0,560,681,1241,0.0,0.0008333472224535399,0.999677679290896,0.0
42795,35.663094384906415,1.0,560,681,1241,0.0,0.0008333472224535399,0.999677679290896,0.0
42796,35.66392773212887,1.0,560,681,1241,0.0,0.0008333472224535399,0.9997582594681724,8.058017727639034e-05
42797,35.66476107935132,1.0,560,681,1241,0.0,0.0008333472224535399,0.9997582594681724,0.0
42798,35.665594426573776,1.0,560,681,1241,0.0,0.0008333472224535399,0.9997582594681724,0.0
42799,35.66642777379623,1.0,560,681,1241,0.0,0.0008333472224535399,0.9997582594681724,0.0
42800,35.66726112101868,1.0,560,681,1241,0.0,0.0008333472224535399,0.9998388396454487,8.058017727639034e-05
42801,35.66809446824114,1.0,560,681,1241,0.0,0.0008333472224535399,0.999919419822725,8.058017727639034e-05
42802,35.66892781546359,1.0,560,681,1241,0.0,0.0008333472224535399,1.0000000000000013,8.058017727639034e-05
42803,35.669761162686044,1.0,560,681,1241,0.0,0.0008333472224535399,1.0000000000000013,0.0
42804,35.6705945099085,1.0,560,681,1241,0.0,0.0008333472224535399,1.0000000000000013,0.0
42805,35.67142785713095,1.0,560,681,1241,0.0,0.0008333472224535399,1.0000000000000013,0.0
42806,35.672261204353404,1.0,560,681,1241,0.0,0.0008333472224535399,1.0000000000000013,0.0
42807,35.67309455157586,1.0,560,681,1241,0.0,0.0008333472224535399,1.0000000000000013,0.0
42808,35.67392789879831,1.0,560,681,1241,0.0,0.0008333472224535399,1.0000000000000013,0.0
42809,35.67476124602077,1.0,560,681,1241,0.0,0.0008333472224606453,1.0000000000000013,0.0
42810,35.675594593243225,1.0,560,681,1241,0.0,0.0008333472224535399,1.0000000000000013,0.0
42811,35.67642794046568,1.0,560,681,1241,0.0,0.0008333472224535399,1.0000000000000013,0.0
42812,35.67726128768813,1.0,560,681,1241,0.0,0.0008333472224535399,1.0000000000000013,0.0
42813,35.678094634910586,1.0,560,681,1241,0.0,0.0008333472224535399,1.0000000000000013,0.0
42814,35.67892798213304,1.0,560,681,1241,0.0,0.0008333472224535399,1.0000000000000013,0.0
42815,35.67976132935549,1.0,560,681,1241,0.0,0.0008333472224535399,1.0000000000000013,0.0
42816,35.68059467657795,1.0,560,681,1241,0.0,0.0008333472224535399,1.0000000000000013,0.0
42817,35.6814280238004,1.0,560,681,1241,0.0,0.0008333472224535399,1.0000000000000013,0.0
42818,35.682261371022854,1.0,560,681,1241,0.0,0.0008333472224535399,1.0000000000000013,0.0
42819,35.68309471824531,1.0,560,681,1241,0.0,0.0008333472224535399,1.0000000000000013,0.0
42820,35.68392806546776,1.0,560,681,1241,0.0,0.0008333472224535399,1.0000000000000013,0.0
42821,35.684761412690214,1.0,560,681,1241,0.0,0.0008333472224535399,1.0000000000000013,0.0
42822,35.68559475991267,1.0,560,681,1241,0.0,0.0008333472224535399,1.0000000000000013,0.0
42823,35.68642810713512,1.0,560,681,1241,0.0,0.0008333472224535399,1.0000000000000013,0.0
42824,35.687261454357575,0.9991941982272361,560,681,1241,-0.0008058017727639033,0.0008333472224535399,0.999919419822725,-8.058017727639034e-05
42825,35.68809480158003,0.9991941982272361,560,681,1241,0.0,0.0008333472224535399,0.9998388396454487,-8.058017727639034e-05
42826,35.68892814880248,0.9991941982272361,560,681,1241,0.0,0.0008333472224535399,0.9997582594681724,-8.058017727639034e-05
42827,35.689761496024936,0.9991941982272361,560,681,1241,0.0,0.0008333472224535399,0.999677679290896,-8.058017727639034e-05
42828,35.69059484324739,1.0,560,681,1241,0.0008058017727639033,0.0008333472224535399,0.999677679290896,0.0
42829,35.69142819046984,1.0,560,681,1241,0.0,0.0008333472224535399,0.999677679290896,0.0
42830,35.692261537692296,0.9991941982272361,560,681,1241,-0.0008058017727639033,0.0008333472224535399,0.9995970991136197,-8.058017727639034e-05
42831,35.69309488491475,0.9991941982272361,560,681,1241,0.0,0.0008333472224535399,0.9995165189363433,-8.058017727639034e-05
42832,35.6939282321372,0.9991941982272361,560,681,1241,0.0,0.0008333472224535399,0.999435938759067,-8.058017727639034e-05
42833,35.69476157935966,1.0,560,681,1241,0.0008058017727639033,0.0008333472224535399,0.999435938759067,0.0
42834,35.69559492658211,1.0,560,681,1241,0.0,0.0008333472224535399,0.9995165189363433,8.058017727639034e-05
42835,35.696428273804564,0.9991941982272361,560,681,1241,-0.0008058017727639033,0.0008333472224535399,0.9995165189363433,0.0
42836,35.69726162102702,1.0,560,681,1241,0.0008058017727639033,0.0008333472224535399,0.9995970991136197,8.058017727639034e-05
42837,35.69809496824947,0.9991941982272361,560,681,1241,-0.0008058017727639033,0.0008333472224535399,0.9995970991136197,0.0
42838,35.698928315471925,1.0,560,681,1241,0.0008058017727639033,0.0008333472224535399,0.9995970991136197,0.0
42839,35.69976166269438,1.0,560,681,1241,0.0,0.0008333472224535399,0.9995970991136197,0.0
42840,35.70059500991683,1.0,560,681,1241,0.0,0.0008333472224535399,0.999677679290896,8.058017727639034e-05
42841,35.701428357139285,1.0,560,681,1241,0.0,0.0008333472224535399,0.9997582594681724,8.058017727639034e-05
42842,35.70226170436174,1.0,560,681,1241,0.0,0.0008333472224535399,0.9998388396454487,8.058017727639034e-05
42843,35.70309505158419,1.0,560,681,1241,0.0,0.0008333472224535399,0.9998388396454487,0.0
42844,35.703928398806646,1.0,560,681,1241,0.0,0.0008333472224535399,0.9998388396454487,0.0
42845,35.7047617460291,1.0,560,681,1241,0.0,0.0008333472224535399,0.999919419822725,8.058017727639034e-05
42846,35.70559509325155,1.0,560,681,1241,0.0,0.0008333472224535399,0.999919419822725,0.0
42847,35.706428440474006,1.0,560,681,1241,0.0,0.0008333472224535399,1.0000000000000013,8.058017727639034e-05
42848,35.70726178769646,1.0,560,681,1241,0.0,0.0008333472224535399,1.0000000000000013,0.0
42849,35.70809513491891,1.0,560,681,1241,0.0,0.0008333472224535399,1.0000000000000013,0.0
42850,35.70892848214137,1.0,560,681,1241,0.0,0.0008333472224535399,1.0000000000000013,0.0
42851,35.70976182936383,1.0,560,681,1241,0.0,0.0008333472224606453,1.0000000000000013,0.0
42852,35.71059517658628,1.0,560,681,1241,0.0,0.0008333472224535399,1.0000000000000013,0.0
42853,35.711428523808735,1.0,560,681,1241,0.0,0.0008333472224535399,1.0000000000000013,0.0
42854,35.71226187103119,1.0,560,681,1241,0.0,0.0008333472224535399,1.0000000000000013,0.0
42855,35.71309521825364,1.0,560,681,1241,0.0,0.0008333472224535399,1.0000000000000013,0.0
42856,35.713928565476095,1.0,560,681,1241,0.0,0.0008333472224535399,1.0000000000000013,0.0
42857,35.71476191269855,1.0,560,681,1241,0.0,0.0008333472224535399,1.0000000000000013,0.0
42858,35.715595259921,1.0,560,681,1241,0.0,0.0008333472224535399,1.0000000000000013,0.0
42859,35.716428607143456,1.0,560,681,1241,0.0,0.0008333472224535399,1.0000000000000013,0.0
42860,35.71726195436591,1.0,560,681,1241,0.0,0.0008333472224535399,1.0000000000000013,0.0
42861,35.71809530158836,1.0,560,681,1241,0.0,0.0008333472224535399,1.0000000000000013,0.0
42862,35.71892864881082,1.0,560,681,1241,0.0,0.0008333472224535399,1.0000000000000013,0.0
42863,35.71976199603327,1.0,560,681,1241,0.0,0.0008333472224535399,1.0000000000000013,0.0
42864,35.720595343255724,1.0,560,681,1241,0.0,0.0008333472224535399,1.0000000000000013,0.0
42865,35.72142869047818,1.0,560,681,1241,0.0,0.0008333472224535399,1.0000000000000013,0.0
42866,35.72226203770063,1.0,560,681,1241,0.0,0.0008333472224535399,1.0000000000000013,0.0
42867,35.723095384923084,1.0,560,681,1241,0.0,0.0008333472224535399,1.0000000000000013,0.0
42868,35.72392873214554,1.0,560,681,1241,0.0,0.0008333472224535399,1.0000000000000013,0.0
42869,35.72476207936799,1.0,560,681,1241,0.0,0.0008333472224535399,1.0000000000000013,0.0
42870,35.725595426590445,1.0,560,681,1241,0.0,0.0008333472224535399,1.0000000000000013,0.0
42871,35.7264287738129,1.0,560,681,1241,0.0,0.0008333472224535399,1.0000000000000013,0.0
42872,35.72726212103535,1.0,560,681,1241,0.0,0.0008333472224535399,1.0000000000000013,0.0
42873,35.728095468257806,1.0,560,681,1241,0.0,0.0008333472224535399,1.0000000000000013,0.0
42874,35.72892881548026,1.0,560,681,1241,0.0,0.0008333472224535399,1.0000000000000013,0.0
42875,35.72976216270271,1.0,560,681,1241,0.0,0.0008333472224535399,1.0000000000000013,0.0
42876,35.730595509925166,1.0,560,681,1241,0.0,0.0008333472224535399,1.0000000000000013,0.0
42877,35.73142885714762,1.0,560,681,1241,0.0,0.0008333472224535399,1.0000000000000013,0.0
42878,35.73226220437007,1.0,560,681,1241,0.0,0.0008333472224535399,1.0000000000000013,0.0
42879,35.73309555159253,0.9991941982272361,560,681,1241,-0.0008058017727639033,0.0008333472224535399,0.999919419822725,-8.058017727639034e-05
42880,35.73392889881498,1.0,560,681,1241,0.0008058017727639033,0.0008333472224535399,0.999919419822725,0.0
42881,35.734762246037434,1.0,560,681,1241,0.0,0.0008333472224535399,0.999919419822725,0.0
42882,35.73559559325989,1.0,560,681,1241,0.0,0.0008333472224535399,0.999919419822725,0.0
42883,35.73642894048234,1.0,560,681,1241,0.0,0.0008333472224535399,0.999919419822725,0.0
42884,35.737262287704795,0.9991941982272361,560,681,1241,-0.0008058017727639033,0.0008333472224535399,0.9998388396454487,-8.058017727639034e-05
42885,35.73809563492725,1.0,560,681,1241,0.0008058017727639033,0.0008333472224535399,0.9998388396454487,0.0
42886,35.7389289821497,1.0,560,681,1241,0.0,0.0008333472224535399,0.9998388396454487,0.0
42887,35.739762329372155,1.0,560,681,1241,0.0,0.0008333472224535399,0.9998388396454487,0.0
42888,35.74059567659461,1.0,560,681,1241,0.0,0.0008333472224535399,0.9998388396454487,0.0
42889,35.74142902381706,1.0,560,681,1241,0.0,0.0008333472224535399,0.999919419822725,8.058017727639034e-05
42890,35.742262371039516,1.0,560,681,1241,0.0,0.0008333472224535399,0.999919419822725,0.0
42891,35.74309571826197,1.0,560,681,1241,0.0,0.0008333472224535399,0.999919419822725,0.0
42892,35.74392906548442,1.0,560,681,1241,0.0,0.0008333472224535399,0.999919419822725,0.0
42893,35.74476241270688,1.0,560,681,1241,0.0,0.0008333472224606453,0.999919419822725,0.0
42894,35.74559575992934,1.0,560,681,1241,0.0,0.0008333472224535399,1.0000000000000013,8.058017727639034e-05
42895,35.74642910715179,0.9991941982272361,560,681,1241,-0.0008058017727639033,0.0008333472224535399,0.999919419822725,-8.058017727639034e-05
42896,35.747262454374244,1.0,560,681,1241,0.0008058017727639033,0.0008333472224535399,0.999919419822725,0.0
42897,35.7480958015967,1.0,560,681,1241,0.0,0.0008333472224535399,0.999919419822725,0.0
42898,35.74892914881915,1.0,560,681,1241,0.0,0.0008333472224535399,0.999919419822725,0.0
42899,35.749762496041605,1.0,560,681,1241,0.0,0.0008333472224535399,0.999919419822725,0.0
42900,35.75059584326406,0.9991941982272361,560,681,1241,-0.0008058017727639033,0.0008333472224535399,0.9998388396454487,-8.058017727639034e-05
42901,35.75142919048651,1.0,560,681,1241,0.0008058017727639033,0.0008333472224535399,0.9998388396454487,0.0
42902,35.752262537708965,1.0,560,681,1241,0.0,0.0008333472224535399,0.9998388396454487,0.0
42903,35.75309588493142,1.0,560,681,1241,0.0,0.0008333472224535399,0.9998388396454487,0.0
42904,35.75392923215387,1.0,560,681,1241,0.0,0.0008333472224535399,0.9998388396454487,0.0
42905,35.754762579376326,1.0,560,681,1241,0.0,0.0008333472224535399,0.999919419822725,8.058017727639034e-05
42906,35.75559592659878,1.0,560,681,1241,0.0,0.0008333472224535399,0.999919419822725,0.0
42907,35.75642927382123,1.0,560,681,1241,0.0,0.0008333472224535399,0.999919419822725,0.0
42908,35.75726262104369,1.0,560,681,1241,0.0,0.0008333472224535399,0.999919419822725,0.0
42909,35.75809596826614,1.0,560,681,1241,0.0,0.0008333472224535399,0.999919419822725,0.0
42910,35.758929315488594,1.0,560,681,1241,0.0,0.0008333472224535399,1.0000000000000013,8.058017727639034e-05
42911,35.75976266271105,1.0,560,681,1241,0.0,0.0008333472224535399,1.0000000000000013,0.0
42912,35.7605960099335,1.0,560,681,1241,0.0,0.0008333472224535399,1.0000000000000013,0.0
42913,35.761429357155954,1.0,560,681,1241,0.0,0.0008333472224535399,1.0000000000000013,0.0
42914,35.76226270437841,1.0,560,681,1241,0.0,0.0008333472224535399,1.0000000000000013,0.0
42915,35.76309605160086,1.0,560,681,1241,0.0,0.0008333472224535399,1.0000000000000013,0.0
42916,35.763929398823315,1.0,560,681,1241,0.0,0.0008333472224535399,1.0000000000000013,0.0
42917,35.76476274604577,1.0,560,681,1241,0.0,0.0008333472224535399,1.0000000000000013,0.0
42918,35.76559609326822,1.0,560,681,1241,0.0,0.0008333472224535399,1.0000000000000013,0.0
42919,35.766429440490676,1.0,560,681,1241,0.0,0.0008333472224535399,1.0000000000000013,0.0
42920,35.76726278771313,1.0,560,681,1241,0.0,0.0008333472224535399,1.0000000000000013,0.0
42921,35.76809613493558,1.0,560,681,1241,0.0,0.0008333472224535399,1.0000000000000013,0.0
42922,35.768929482158036,1.0,560,681,1241,0.0,0.0008333472224535399,1.0000000000000013,0.0
42923,35.76976282938049,1.0,560,681,1241,0.0,0.0008333472224535399,1.0000000000000013,0.0
42924,35.77059617660294,1.0,560,681,1241,0.0,0.0008333472224535399,1.0000000000000013,0.0
42925,35.7714295238254,1.0,560,681,1241,0.0,0.0008333472224535399,1.0000000000000013,0.0
42926,35.77226287104785,1.0,560,681,1241,0.0,0.0008333472224535399,1.0000000000000013,0.0
42927,35.773096218270304,1.0,560,681,1241,0.0,0.0008333472224535399,1.0000000000000013,0.0
42928,35.77392956549276,1.0,560,681,1241,0.0,0.0008333472224535399,1.0000000000000013,0.0
42929,35.77476291271521,1.0,560,681,1241,0.0,0.0008333472224535399,1.0000000000000013,0.0
42930,35.775596259937664,1.0,560,681,1241,0.0,0.0008333472224535399,1.0000000000000013,0.0
42931,35.77642960716012,0.9991941982272361,560,681,1241,-0.0008058017727639033,0.0008333472224535399,0.999919419822725,-8.058017727639034e-05
42932,35.77726295438257,0.9991941982272361,560,681,1241,0.0,0.0008333472224535399,0.9998388396454487,-8.058017727639034e-05
42933,35.778096301605025,1.0,560,681,1241,0.0008058017727639033,0.0008333472224535399,0.9998388396454487,0.0
42934,35.77892964882748,0.9991941982272361,560,681,1241,-0.0008058017727639033,0.0008333472224535399,0.9997582594681724,-8.058017727639034e-05
42935,35.77976299604993,0.9991941982272361,560,681,1241,0.0,0.0008333472224535399,0.999677679290896,-8.058017727639034e-05
42936,35.78059634327239,1.0,560,681,1241,0.0008058017727639033,0.0008333472224606453,0.999677679290896,0.0
42937,35.781429690494846,1.0,560,681,1241,0.0,0.0008333472224535399,0.999677679290896,0.0
42938,35.7822630377173,1.0,560,681,1241,0.0,0.0008333472224535399,0.999677679290896,0.0
42939,35.78309638493975,1.0,560,681,1241,0.0,0.0008333472224535399,0.999677679290896,0.0
42940,35.78392973216221,1.0,560,681,1241,0.0,0.0008333472224535399,0.999677679290896,0.0
42941,35.78476307938466,1.0,560,681,1241,0.0,0.0008333472224535399,0.9997582594681724,8.058017727639034e-05
42942,35.785596426607114,1.0,560,681,1241,0.0,0.0008333472224535399,0.9998388396454487,8.058017727639034e-05
42943,35.78642977382957,1.0,560,681,1241,0.0,0.0008333472224535399,0.9998388396454487,0.0
42944,35.78726312105202,1.0,560,681,1241,0.0,0.0008333472224535399,0.999919419822725,8.058017727639034e-05
42945,35.788096468274475,1.0,560,681,1241,0.0,0.0008333472224535399,1.0000000000000013,8.058017727639034e-05
42946,35.78892981549693,1.0,560,681,1241,0.0,0.0008333472224535399,1.0000000000000013,0.0
42947,35.78976316271938,1.0,560,681,1241,0.0,0.0008333472224535399,1.0000000000000013,0.0
42948,35.790596509941835,1.0,560,681,1241,0.0,0.0008333472224535399,1.0000000000000013,0.0
42949,35.79142985716429,1.0,560,681,1241,0.0,0.0008333472224535399,1.0000000000000013,0.0
42950,35.79226320438674,1.0,560,681,1241,0.0,0.0008333472224535399,1.0000000000000013,0.0
42951,35.793096551609196,1.0,560,681,1241,0.0,0.0008333472224535399,1.0000000000000013,0.0
42952,35.79392989883165,1.0,560,681,1241,0.0,0.0008333472224535399,1.0000000000000013,0.0
42953,35.7947632460541,1.0,560,681,1241,0.0,0.0008333472224535399,1.0000000000000013,0.0
42954,35.79559659327656,1.0,560,681,1241,0.0,0.0008333472224535399,1.0000000000000013,0.0
42955,35.79642994049901,1.0,560,681,1241,0.0,0.0008333472224535399,1.0000000000000013,0.0
42956,35.797263287721464,1.0,560,681,1241,0.0,0.0008333472224535399,1.0000000000000013,0.0
42957,35.79809663494392,1.0,560,681,1241,0.0,0.0008333472224535399,1.0000000000000013,0.0
42958,35.79892998216637,1.0,560,681,1241,0.0,0.0008333472224535399,1.0000000000000013,0.0
42959,35.799763329388824,1.0,560,681,1241,0.0,0.0008333472224535399,1.0000000000000013,0.0
42960,35.80059667661128,1.0,560,681,1241,0.0,0.0008333472224535399,1.0000000000000013,0.0
42961,35.80143002383373,1.0,560,681,1241,0.0,0.0008333472224535399,1.0000000000000013,0.0
42962,35.802263371056185,1.0,560,681,1241,0.0,0.0008333472224535399,1.0000000000000013,0.0
42963,35.80309671827864,0.9991941982272361,560,681,1241,-0.0008058017727639033,0.0008333472224535399,0.999919419822725,-8.058017727639034e-05
42964,35.80393006550109,0.9991941982272361,560,681,1241,0.0,0.0008333472224535399,0.9998388396454487,-8.058017727639034e-05
42965,35.804763412723545,0.9991941982272361,560,681,1241,0.0,0.0008333472224535399,0.9997582594681724,-8.058017727639034e-05
42966,35.805596759946,1.0,560,681,1241,0.0008058017727639033,0.0008333472224535399,0.9997582594681724,0.0
42967,35.80643010716845,0.9991941982272361,560,681,1241,-0.0008058017727639033,0.0008333472224535399,0.999677679290896,-8.058017727639034e-05
42968,35.807263454390906,1.0,560,681,1241,0.0008058017727639033,0.0008333472224535399,0.999677679290896,0.0
42969,35.80809680161336,1.0,560,681,1241,0.0,0.0008333472224535399,0.999677679290896,0.0
42970,35.80893014883581,1.0,560,681,1241,0.0,0.0008333472224535399,0.999677679290896,0.0
42971,35.80976349605827,1.0,560,681,1241,0.0,0.0008333472224535399,0.999677679290896,0.0
42972,35.81059684328072,1.0,560,681,1241,0.0,0.0008333472224535399,0.999677679290896,0.0
42973,35.811430190503174,1.0,560,681,1241,0.0,0.0008333472224535399,0.9997582594681724,8.058017727639034e-05
42974,35.81226353772563,1.0,560,681,1241,0.0,0.0008333472224535399,0.9998388396454487,8.058017727639034e-05
42975,35.81309688494808,1.0,560,681,1241,0.0,0.0008333472224535399,0.999919419822725,8.058017727639034e-05
42976,35.813930232170534,1.0,560,681,1241,0.0,0.0008333472224535399,0.999919419822725,0.0
42977,35.81476357939299,1.0,560,681,1241,0.0,0.0008333472224535399,1.0000000000000013,8.058017727639034e-05
42978,35.81559692661545,1.0,560,681,1241,0.0,0.0008333472224606453,1.0000000000000013,0.0
42979,35.8164302738379,1.0,560,681,1241,0.0,0.0008333472224535399,1.0000000000000013,0.0
42980,35.817263621060356,1.0,560,681,1241,0.0,0.0008333472224535399,1.0000000000000013,0.0
42981,35.81809696828281,1.0,560,681,1241,0.0,0.0008333472224535399,1.0000000000000013,0.0
42982,35.81893031550526,0.9991941982272361,560,681,1241,-0.0008058017727639033,0.0008333472224535399,0.999919419822725,-8.058017727639034e-05
42983,35.819763662727716,1.0,560,681,1241,0.0008058017727639033,0.0008333472224535399,0.999919419822725,0.0
42984,35.82059700995017,1.0,560,681,1241,0.0,0.0008333472224535399,0.999919419822725,0.0
42985,35.82143035717262,1.0,560,681,1241,0.0,0.0008333472224535399,0.999919419822725,0.0
42986,35.82226370439508,1.0,560,681,1241,0.0,0.0008333472224535399,0.999919419822725,0.0
42987,35.82309705161753,1.0,560,681,1241,0.0,0.0008333472224535399,0.999919419822725,0.0
42988,35.823930398839984,1.0,560,681,1241,0.0,0.0008333472224535399,0.999919419822725,0.0
42989,35.82476374606244,1.0,560,681,1241,0.0,0.0008333472224535399,0.999919419822725,0.0
42990,35.82559709328489,1.0,560,681,1241,0.0,0.0008333472224535399,0.999919419822725,0.0
42991,35.826430440507345,1.0,560,681,1241,0.0,0.0008333472224535399,0.999919419822725,0.0
42992,35.8272637877298,1.0,560,681,1241,0.0,0.0008333472224535399,1.0000000000000013,8.058017727639034e-05
42993,35.82809713495225,0.9991941982272361,560,681,1241,-0.0008058017727639033,0.0008333472224535399,0.999919419822725,-8.058017727639034e-05
42994,35.828930482174705,1.0,560,681,1241,0.0008058017727639033,0.0008333472224535399,0.999919419822725,0.0
42995,35.82976382939716,1.0,560,681,1241,0.0,0.0008333472224535399,0.999919419822725,0.0
42996,35.83059717661961,1.0,560,681,1241,0.0,0.0008333472224535399,0.999919419822725,0.0
42997,35.831430523842066,1.0,560,681,1241,0.0,0.0008333472224535399,0.999919419822725,0.0
42998,35.83226387106452,1.0,560,681,1241,0.0,0.0008333472224535399,0.999919419822725,0.0
42999,35.83309721828697,1.0,560,681,1241,0.0,0.0008333472224535399,0.999919419822725,0.0
43000,35.83393056550943,1.0,560,681,1241,0.0,0.0008333472224535399,0.999919419822725,0.0
43001,35.83476391273188,1.0,560,681,1241,0.0,0.0008333472224535399,0.999919419822725,0.0
43002,35.83559725995433,1.0,560,681,1241,0.0,0.0008333472224535399,0.999919419822725,0.0
43003,35.83643060717679,0.9991941982272361,560,681,1241,-0.0008058017727639033,0.0008333472224535399,0.999919419822725,0.0
43004,35.83726395439924,1.0,560,681,1241,0.0008058017727639033,0.0008333472224535399,0.999919419822725,0.0
43005,35.838097301621694,1.0,560,681,1241,0.0,0.0008333472224535399,0.999919419822725,0.0
43006,35.83893064884415,1.0,560,681,1241,0.0,0.0008333472224535399,0.999919419822725,0.0
43007,35.8397639960666,1.0,560,681,1241,0.0,0.0008333472224535399,0.999919419822725,0.0
43008,35.840597343289055,1.0,560,681,1241,0.0,0.0008333472224535399,0.999919419822725,0.0
43009,35.84143069051151,1.0,560,681,1241,0.0,0.0008333472224535399,0.999919419822725,0.0
43010,35.84226403773396,1.0,560,681,1241,0.0,0.0008333472224535399,0.999919419822725,0.0
43011,35.843097384956415,0.9991941982272361,560,681,1241,-0.0008058017727639033,0.0008333472224535399,0.9998388396454487,-8.058017727639034e-05
43012,35.84393073217887,0.9991941982272361,560,681,1241,0.0,0.0008333472224535399,0.9997582594681724,-8.058017727639034e-05
43013,35.84476407940132,0.9991941982272361,560,681,1241,0.0,0.0008333472224535399,0.9997582594681724,0.0
43014,35.845597426623776,0.9991941982272361,560,681,1241,0.0,0.0008333472224535399,0.999677679290896,-8.058017727639034e-05
43015,35.84643077384623,1.0,560,681,1241,0.0008058017727639033,0.0008333472224535399,0.999677679290896,0.0
43016,35.84726412106868,0.9991941982272361,560,681,1241,-0.0008058017727639033,0.0008333472224535399,0.9995970991136197,-8.058017727639034e-05
43017,35.84809746829114,0.9991941982272361,560,681,1241,0.0,0.0008333472224535399,0.9995165189363433,-8.058017727639034e-05
43018,35.84893081551359,0.9991941982272361,560,681,1241,0.0,0.0008333472224535399,0.999435938759067,-8.058017727639034e-05
43019,35.849764162736044,0.9991941982272361,560,681,1241,0.0,0.0008333472224535399,0.9993553585817907,-8.058017727639034e-05
43020,35.850597509958504,0.9991941982272361,560,681,1241,0.0,0.0008333472224606453,0.9992747784045143,-8.058017727639034e-05
43021,35.85143085718096,0.9991941982272361,560,681,1241,0.0,0.0008333472224535399,0.9992747784045143,0.0
43022,35.85226420440341,1.0,560,681,1241,0.0008058017727639033,0.0008333472224535399,0.9993553585817907,8.058017727639034e-05
43023,35.853097551625865,1.0,560,681,1241,0.0,0.0008333472224535399,0.999435938759067,8.058017727639034e-05
43024,35.85393089884832,1.0,560,681,1241,0.0,0.0008333472224535399,0.9995165189363433,8.058017727639034e-05
43025,35.85476424607077,1.0,560,681,1241,0.0,0.0008333472224535399,0.9995165189363433,0.0
43026,35.855597593293226,1.0,560,681,1241,0.0,0.0008333472224535399,0.9995970991136197,8.058017727639034e-05
43027,35.85643094051568,1.0,560,681,1241,0.0,0.0008333472224535399,0.999677679290896,8.058017727639034e-05
43028,35.85726428773813,1.0,560,681,1241,0.0,0.0008333472224535399,0.9997582594681724,8.058017727639034e-05
43029,35.858097634960586,1.0,560,681,1241,0.0,0.0008333472224535399,0.9998388396454487,8.058017727639034e-05
43030,35.85893098218304,1.0,560,681,1241,0.0,0.0008333472224535399,0.999919419822725,8.058017727639034e-05
43031,35.85976432940549,1.0,560,681,1241,0.0,0.0008333472224535399,1.0000000000000013,8.058017727639034e-05
43032,35.86059767662795,1.0,560,681,1241,0.0,0.0008333472224535399,1.0000000000000013,0.0
43033,35.8614310238504,1.0,560,681,1241,0.0,0.0008333472224535399,1.0000000000000013,0.0
43034,35.862264371072854,1.0,560,681,1241,0.0,0.0008333472224535399,1.0000000000000013,0.0
43035,35.86309771829531,1.0,560,681,1241,0.0,0.0008333472224535399,1.0000000000000013,0.0
43036,35.86393106551776,1.0,560,681,1241,0.0,0.0008333472224535399,1.0000000000000013,0.0
43037,35.864764412740215,1.0,560,681,1241,0.0,0.0008333472224535399,1.0000000000000013,0.0
43038,35.86559775996267,1.0,560,681,1241,0.0,0.0008333472224535399,1.0000000000000013,0.0
43039,35.86643110718512,1.0,560,681,1241,0.0,0.0008333472224535399,1.0000000000000013,0.0
43040,35.867264454407575,1.0,560,681,1241,0.0,0.0008333472224535399,1.0000000000000013,0.0
43041,35.86809780163003,1.0,560,681,1241,0.0,0.0008333472224535399,1.0000000000000013,0.0
43042,35.86893114885248,1.0,560,681,1241,0.0,0.0008333472224535399,1.0000000000000013,0.0
43043,35.869764496074936,1.0,560,681,1241,0.0,0.0008333472224535399,1.0000000000000013,0.0
43044,35.87059784329739,1.0,560,681,1241,0.0,0.0008333472224535399,1.0000000000000013,0.0
43045,35.87143119051984,1.0,560,681,1241,0.0,0.0008333472224535399,1.0000000000000013,0.0
43046,35.872264537742296,1.0,560,681,1241,0.0,0.0008333472224535399,1.0000000000000013,0.0
43047,35.87309788496475,1.0,560,681,1241,0.0,0.0008333472224535399,1.0000000000000013,0.0
43048,35.8739312321872,0.9991941982272361,560,681,1241,-0.0008058017727639033,0.0008333472224535399,0.999919419822725,-8.058017727639034e-05
43049,35.87476457940966,0.9991941982272361,560,681,1241,0.0,0.0008333472224535399,0.9998388396454487,-8.058017727639034e-05
43050,35.87559792663211,0.9991941982272361,560,681,1241,0.0,0.0008333472224535399,0.9997582594681724,-8.058017727639034e-05
43051,35.876431273854564,0.9991941982272361,560,681,1241,0.0,0.0008333472224535399,0.999677679290896,-8.058017727639034e-05
43052,35.87726462107702,1.0,560,681,1241,0.0008058017727639033,0.0008333472224535399,0.999677679290896,0.0
43053,35.87809796829947,1.0,560,681,1241,0.0,0.0008333472224535399,0.999677679290896,0.0
43054,35.878931315521925,1.0,560,681,1241,0.0,0.0008333472224535399,0.999677679290896,0.0
43055,35.87976466274438,0.9991941982272361,560,681,1241,-0.0008058017727639033,0.0008333472224535399,0.9995970991136197,-8.058017727639034e-05
43056,35.88059800996683,0.9991941982272361,560,681,1241,0.0,0.0008333472224535399,0.9995165189363433,-8.058017727639034e-05
43057,35.881431357189285,0.9991941982272361,560,681,1241,0.0,0.0008333472224535399,0.999435938759067,-8.058017727639034e-05
43058,35.88226470441174,0.9991941982272361,560,681,1241,0.0,0.0008333472224535399,0.999435938759067,0.0
43059,35.88309805163419,1.0,560,681,1241,0.0008058017727639033,0.0008333472224535399,0.9995165189363433,8.058017727639034e-05
43060,35.883931398856646,1.0,560,681,1241,0.0,0.0008333472224535399,0.9995970991136197,8.058017727639034e-05
43061,35.8847647460791,1.0,560,681,1241,0.0,0.0008333472224535399,0.999677679290896,8.058017727639034e-05
43062,35.88559809330155,1.0,560,681,1241,0.0,0.0008333472224535399,0.999677679290896,0.0
43063,35.886431440524014,1.0,560,681,1241,0.0,0.0008333472224606453,0.999677679290896,0.0
43064,35.88726478774647,1.0,560,681,1241,0.0,0.0008333472224535399,0.999677679290896,0.0
43065,35.88809813496892,1.0,560,681,1241,0.0,0.0008333472224535399,0.9997582594681724,8.058017727639034e-05
43066,35.888931482191374,1.0,560,681,1241,0.0,0.0008333472224535399,0.9998388396454487,8.058017727639034e-05
43067,35.88976482941383,1.0,560,681,1241,0.0,0.0008333472224535399,0.999919419822725,8.058017727639034e-05
43068,35.89059817663628,1.0,560,681,1241,0.0,0.0008333472224535399,1.0000000000000013,8.058017727639034e-05
43069,35.891431523858735,1.0,560,681,1241,0.0,0.0008333472224535399,1.0000000000000013,0.0
43070,35.89226487108119,1.0,560,681,1241,0.0,0.0008333472224535399,1.0000000000000013,0.0
43071,35.89309821830364,1.0,560,681,1241,0.0,0.0008333472224535399,1.0000000000000013,0.0
43072,35.893931565526096,1.0,560,681,1241,0.0,0.0008333472224535399,1.0000000000000013,0.0
43073,35.89476491274855,1.0,560,681,1241,0.0,0.0008333472224535399,1.0000000000000013,0.0
43074,35.895598259971,1.0,560,681,1241,0.0,0.0008333472224535399,1.0000000000000013,0.0
43075,35.896431607193456,1.0,560,681,1241,0.0,0.0008333472224535399,1.0000000000000013,0.0
43076,35.89726495441591,1.0,560,681,1241,0.0,0.0008333472224535399,1.0000000000000013,0.0
43077,35.89809830163836,1.0,560,681,1241,0.0,0.0008333472224535399,1.0000000000000013,0.0
43078,35.89893164886082,1.0,560,681,1241,0.0,0.0008333472224535399,1.0000000000000013,0.0
43079,35.89976499608327,1.0,560,681,1241,0.0,0.0008333472224535399,1.0000000000000013,0.0
43080,35.900598343305724,1.0,560,681,1241,0.0,0.0008333472224535399,1.0000000000000013,0.0
43081,35.90143169052818,1.0,560,681,1241,0.0,0.0008333472224535399,1.0000000000000013,0.0
43082,35.90226503775063,1.0,560,681,1241,0.0,0.0008333472224535399,1.0000000000000013,0.0
43083,35.903098384973084,1.0,560,681,1241,0.0,0.0008333472224535399,1.0000000000000013,0.0
43084,35.90393173219554,1.0,560,681,1241,0.0,0.0008333472224535399,1.0000000000000013,0.0
43085,35.90476507941799,1.0,560,681,1241,0.0,0.0008333472224535399,1.0000000000000013,0.0
43086,35.905598426640445,1.0,560,681,1241,0.0,0.0008333472224535399,1.0000000000000013,0.0
43087,35.9064317738629,1.0,560,681,1241,0.0,0.0008333472224535399,1.0000000000000013,0.0
43088,35.90726512108535,1.0,560,681,1241,0.0,0.0008333472224535399,1.0000000000000013,0.0
43089,35.908098468307806,1.0,560,681,1241,0.0,0.0008333472224535399,1.0000000000000013,0.0
43090,35.90893181553026,1.0,560,681,1241,0.0,0.0008333472224535399,1.0000000000000013,0.0
43091,35.90976516275271,1.0,560,681,1241,0.0,0.0008333472224535399,1.0000000000000013,0.0
43092,35.910598509975166,1.0,560,681,1241,0.0,0.0008333472224535399,1.0000000000000013,0.0
43093,35.91143185719762,1.0,560,681,1241,0.0,0.0008333472224535399,1.0000000000000013,0.0
43094,35.91226520442007,0.9991941982272361,560,681,1241,-0.0008058017727639033,0.0008333472224535399,0.999919419822725,-8.058017727639034e-05
43095,35.91309855164253,1.0,560,681,1241,0.0008058017727639033,0.0008333472224535399,0.999919419822725,0.0
43096,35.91393189886498,1.0,560,681,1241,0.0,0.0008333472224535399,0.999919419822725,0.0
43097,35.914765246087434,1.0,560,681,1241,0.0,0.0008333472224535399,0.999919419822725,0.0
43098,35.91559859330989,1.0,560,681,1241,0.0,0.0008333472224535399,0.999919419822725,0.0
43099,35.91643194053234,1.0,560,681,1241,0.0,0.0008333472224535399,0.999919419822725,0.0
43100,35.917265287754795,1.0,560,681,1241,0.0,0.0008333472224535399,0.999919419822725,0.0
43101,35.91809863497725,0.9991941982272361,560,681,1241,-0.0008058017727639033,0.0008333472224535399,0.9998388396454487,-8.058017727639034e-05
43102,35.9189319821997,1.0,560,681,1241,0.0008058017727639033,0.0008333472224535399,0.9998388396454487,0.0
43103,35.919765329422155,1.0,560,681,1241,0.0,0.0008333472224535399,0.9998388396454487,0.0
43104,35.92059867664461,0.9991941982272361,560,681,1241,-0.0008058017727639033,0.0008333472224535399,0.9998388396454487,0.0
43105,35.92143202386707,0.9991941982272361,560,681,1241,0.0,0.0008333472224606453,0.9997582594681724,-8.058017727639034e-05
43106,35.92226537108952,0.9991941982272361,560,681,1241,0.0,0.0008333472224535399,0.999677679290896,-8.058017727639034e-05
43107,35.92309871831198,1.0,560,681,1241,0.0008058017727639033,0.0008333472224535399,0.999677679290896,0.0
43108,35.92393206553443,0.9991941982272361,560,681,1241,-0.0008058017727639033,0.0008333472224535399,0.9995970991136197,-8.058017727639034e-05
43109,35.924765412756884,0.9991941982272361,560,681,1241,0.0,0.0008333472224535399,0.9995165189363433,-8.058017727639034e-05
43110,35.92559875997934,0.9991941982272361,560,681,1241,0.0,0.0008333472224535399,0.999435938759067,-8.058017727639034e-05
43111,35.92643210720179,0.9991941982272361,560,681,1241,0.0,0.0008333472224535399,0.999435938759067,0.0
43112,35.927265454424244,1.0,560,681,1241,0.0008058017727639033,0.0008333472224535399,0.999435938759067,0.0
43113,35.9280988016467,1.0,560,681,1241,0.0,0.0008333472224535399,0.999435938759067,0.0
43114,35.92893214886915,1.0,560,681,1241,0.0,0.0008333472224535399,0.9995165189363433,8.058017727639034e-05
43115,35.929765496091605,1.0,560,681,1241,0.0,0.0008333472224535399,0.9995970991136197,8.058017727639034e-05
43116,35.93059884331406,1.0,560,681,1241,0.0,0.0008333472224535399,0.999677679290896,8.058017727639034e-05
43117,35.93143219053651,1.0,560,681,1241,0.0,0.0008333472224535399,0.999677679290896,0.0
43118,35.932265537758965,1.0,560,681,1241,0.0,0.0008333472224535399,0.9997582594681724,8.058017727639034e-05
43119,35.93309888498142,1.0,560,681,1241,0.0,0.0008333472224535399,0.9998388396454487,8.058017727639034e-05
43120,35.93393223220387,1.0,560,681,1241,0.0,0.0008333472224535399,0.999919419822725,8.058017727639034e-05
43121,35.934765579426326,1.0,560,681,1241,0.0,0.0008333472224535399,1.0000000000000013,8.058017727639034e-05
43122,35.93559892664878,1.0,560,681,1241,0.0,0.0008333472224535399,1.0000000000000013,0.0
43123,35.93643227387123,1.0,560,681,1241,0.0,0.0008333472224535399,1.0000000000000013,0.0
43124,35.93726562109369,1.0,560,681,1241,0.0,0.0008333472224535399,1.0000000000000013,0.0
43125,35.93809896831614,0.9991941982272361,560,681,1241,-0.0008058017727639033,0.0008333472224535399,0.999919419822725,-8.058017727639034e-05
43126,35.938932315538594,0.9991941982272361,560,681,1241,0.0,0.0008333472224535399,0.9998388396454487,-8.058017727639034e-05
43127,35.93976566276105,0.9991941982272361,560,681,1241,0.0,0.0008333472224535399,0.9997582594681724,-8.058017727639034e-05
43128,35.9405990099835,0.9991941982272361,560,681,1241,0.0,0.0008333472224535399,0.999677679290896,-8.058017727639034e-05
43129,35.941432357205954,1.0,560,681,1241,0.0008058017727639033,0.0008333472224535399,0.999677679290896,0.0
43130,35.94226570442841,1.0,560,681,1241,0.0,0.0008333472224535399,0.999677679290896,0.0
43131,35.94309905165086,0.9991941982272361,560,681,1241,-0.0008058017727639033,0.0008333472224535399,0.9995970991136197,-8.058017727639034e-05
43132,35.943932398873315,1.0,560,681,1241,0.0008058017727639033,0.0008333472224535399,0.9995970991136197,0.0
43133,35.94476574609577,1.0,560,681,1241,0.0,0.0008333472224535399,0.9995970991136197,0.0
43134,35.94559909331822,1.0,560,681,1241,0.0,0.0008333472224535399,0.9995970991136197,0.0
43135,35.946432440540676,0.9983883964544722,560,681,1241,-0.0016116035455278066,0.0008333472224535399,0.9995165189363433,-8.058017727639034e-05
43136,35.94726578776313,0.9991941982272361,560,681,1241,0.0008058017727639033,0.0008333472224535399,0.9995165189363433,0.0
43137,35.94809913498558,0.9991941982272361,560,681,1241,0.0,0.0008333472224535399,0.9995165189363433,0.0
43138,35.948932482208036,0.9991941982272361,560,681,1241,0.0,0.0008333472224535399,0.9995165189363433,0.0
43139,35.94976582943049,0.9991941982272361,560,681,1241,0.0,0.0008333472224535399,0.999435938759067,-8.058017727639034e-05
43140,35.95059917665294,0.9991941982272361,560,681,1241,0.0,0.0008333472224535399,0.9993553585817907,-8.058017727639034e-05
43141,35.9514325238754,0.9991941982272361,560,681,1241,0.0,0.0008333472224535399,0.9993553585817907,0.0
43142,35.95226587109785,1.0,560,681,1241,0.0008058017727639033,0.0008333472224535399,0.9993553585817907,0.0
43143,35.953099218320304,1.0,560,681,1241,0.0,0.0008333472224535399,0.9993553585817907,0.0
43144,35.95393256554276,1.0,560,681,1241,0.0,0.0008333472224535399,0.9993553585817907,0.0
43145,35.95476591276521,1.0,560,681,1241,0.0,0.0008333472224535399,0.9995165189363433,0.00016116035455278067
43146,35.955599259987665,1.0,560,681,1241,0.0,0.0008333472224535399,0.9995970991136197,8.058017727639034e-05
43147,35.95643260721012,1.0,560,681,1241,0.0,0.0008333472224535399,0.999677679290896,8.058017727639034e-05
43148,35.95726595443258,1.0,560,681,1241,0.0,0.0008333472224606453,0.9997582594681724,8.058017727639034e-05
43149,35.95809930165503,1.0,560,681,1241,0.0,0.0008333472224535399,0.9998388396454487,8.058017727639034e-05
43150,35.958932648877486,1.0,560,681,1241,0.0,0.0008333472224535399,0.999919419822725,8.058017727639034e-05
43151,35.95976599609994,1.0,560,681,1241,0.0,0.0008333472224535399,1.0000000000000013,8.058017727639034e-05
43152,35.96059934332239,1.0,560,681,1241,0.0,0.0008333472224535399,1.0000000000000013,0.0
43153,35.96143269054485,1.0,560,681,1241,0.0,0.0008333472224535399,1.0000000000000013,0.0
43154,35.9622660377673,1.0,560,681,1241,0.0,0.0008333472224535399,1.0000000000000013,0.0
43155,35.963099384989754,1.0,560,681,1241,0.0,0.0008333472224535399,1.0000000000000013,0.0
43156,35.96393273221221,1.0,560,681,1241,0.0,0.0008333472224535399,1.0000000000000013,0.0
43157,35.96476607943466,1.0,560,681,1241,0.0,0.0008333472224535399,1.0000000000000013,0.0
43158,35.965599426657114,0.9991941982272361,560,681,1241,-0.0008058017727639033,0.0008333472224535399,0.999919419822725,-8.058017727639034e-05
43159,35.96643277387957,1.0,560,681,1241,0.0008058017727639033,0.0008333472224535399,0.999919419822725,0.0
43160,35.96726612110202,1.0,560,681,1241,0.0,0.0008333472224535399,0.999919419822725,0.0
43161,35.968099468324475,1.0,560,681,1241,0.0,0.0008333472224535399,0.999919419822725,0.0
43162,35.96893281554693,1.0,560,681,1241,0.0,0.0008333472224535399,0.999919419822725,0.0
43163,35.96976616276938,1.0,560,681,1241,0.0,0.0008333472224535399,0.999919419822725,0.0
43164,35.970599509991835,0.9991941982272361,560,681,1241,-0.0008058017727639033,0.0008333472224535399,0.9998388396454487,-8.058017727639034e-05
43165,35.97143285721429,0.9991941982272361,560,681,1241,0.0,0.0008333472224535399,0.9997582594681724,-8.058017727639034e-05
43166,35.97226620443674,0.9991941982272361,560,681,1241,0.0,0.0008333472224535399,0.999677679290896,-8.058017727639034e-05
43167,35.973099551659196,1.0,560,681,1241,0.0008058017727639033,0.0008333472224535399,0.999677679290896,0.0
43168,35.97393289888165,1.0,560,681,1241,0.0,0.0008333472224535399,0.9997582594681724,8.058017727639034e-05
43169,35.9747662461041,1.0,560,681,1241,0.0,0.0008333472224535399,0.9997582594681724,0.0
43170,35.97559959332656,1.0,560,681,1241,0.0,0.0008333472224535399,0.9997582594681724,0.0
43171,35.97643294054901,1.0,560,681,1241,0.0,0.0008333472224535399,0.9997582594681724,0.0
43172,35.977266287771464,1.0,560,681,1241,0.0,0.0008333472224535399,0.9997582594681724,0.0
43173,35.97809963499392,1.0,560,681,1241,0.0,0.0008333472224535399,0.9997582594681724,0.0
43174,35.97893298221637,1.0,560,681,1241,0.0,0.0008333472224535399,0.9998388396454487,8.058017727639034e-05
43175,35.979766329438824,1.0,560,681,1241,0.0,0.0008333472224535399,0.999919419822725,8.058017727639034e-05
43176,35.98059967666128,1.0,560,681,1241,0.0,0.0008333472224535399,1.0000000000000013,8.058017727639034e-05
43177,35.98143302388373,1.0,560,681,1241,0.0,0.0008333472224535399,1.0000000000000013,0.0
43178,35.982266371106185,1.0,560,681,1241,0.0,0.0008333472224535399,1.0000000000000013,0.0
43179,35.98309971832864,1.0,560,681,1241,0.0,0.0008333472224535399,1.0000000000000013,0.0
43180,35.98393306555109,1.0,560,681,1241,0.0,0.0008333472224535399,1.0000000000000013,0.0
43181,35.984766412773546,1.0,560,681,1241,0.0,0.0008333472224535399,1.0000000000000013,0.0
43182,35.985599759996,1.0,560,681,1241,0.0,0.0008333472224535399,1.0000000000000013,0.0
43183,35.98643310721845,1.0,560,681,1241,0.0,0.0008333472224535399,1.0000000000000013,0.0
43184,35.987266454440906,1.0,560,681,1241,0.0,0.0008333472224535399,1.0000000000000013,0.0
43185,35.98809980166336,1.0,560,681,1241,0.0,0.0008333472224535399,1.0000000000000013,0.0
43186,35.98893314888581,1.0,560,681,1241,0.0,0.0008333472224535399,1.0000000000000013,0.0
43187,35.98976649610827,1.0,560,681,1241,0.0,0.0008333472224535399,1.0000000000000013,0.0
43188,35.99059984333072,1.0,560,681,1241,0.0,0.0008333472224535399,1.0000000000000013,0.0
43189,35.991433190553174,0.9991941982272361,560,681,1241,-0.0008058017727639033,0.0008333472224535399,0.999919419822725,-8.058017727639034e-05
43190,35.992266537775635,0.9991941982272361,560,681,1241,0.0,0.0008333472224606453,0.9998388396454487,-8.058017727639034e-05
43191,35.99309988499809,1.0,560,681,1241,0.0008058017727639033,0.0008333472224535399,0.9998388396454487,0.0
43192,35.99393323222054,1.0,560,681,1241,0.0,0.0008333472224535399,0.9998388396454487,0.0
43193,35.994766579442995,1.0,560,681,1241,0.0,0.0008333472224535399,0.9998388396454487,0.0
43194,35.99559992666545,1.0,560,681,1241,0.0,0.0008333472224535399,0.9998388396454487,0.0
43195,35.9964332738879,1.0,560,681,1241,0.0,0.0008333472224535399,0.9998388396454487,0.0
43196,35.997266621110356,1.0,560,681,1241,0.0,0.0008333472224535399,0.9998388396454487,0.0
43197,35.99809996833281,1.0,560,681,1241,0.0,0.0008333472224535399,0.9998388396454487,0.0
43198,35.99893331555526,1.0,560,681,1241,0.0,0.0008333472224535399,0.9998388396454487,0.0
43199,35.999766662777716,0.9991941982272361,560,681,1241,-0.0008058017727639033,0.0008333472224535399,0.9998388396454487,0.0
43200,36.00060001000017,0.9991941982272361,560,681,1241,0.0,0.0008333472224535399,0.9998388396454487,0.0
43201,36.00143335722262,0.9991941982272361,560,681,1241,0.0,0.0008333472224535399,0.9997582594681724,-8.058017727639034e-05
43202,36.00226670444508,0.9991941982272361,560,681,1241,0.0,0.0008333472224535399,0.999677679290896,-8.058017727639034e-05
43203,36.00310005166753,0.9991941982272361,560,681,1241,0.0,0.0008333472224535399,0.9995970991136197,-8.058017727639034e-05
43204,36.003933398889984,0.9991941982272361,560,681,1241,0.0,0.0008333472224535399,0.9995165189363433,-8.058017727639034e-05
43205,36.00476674611244,1.0,560,681,1241,0.0008058017727639033,0.0008333472224535399,0.9995165189363433,0.0
43206,36.00560009333489,1.0,560,681,1241,0.0,0.0008333472224535399,0.9995165189363433,0.0
43207,36.006433440557345,1.0,560,681,1241,0.0,0.0008333472224535399,0.9995165189363433,0.0
43208,36.0072667877798,1.0,560,681,1241,0.0,0.0008333472224535399,0.9995165189363433,0.0
43209,36.00810013500225,1.0,560,681,1241,0.0,0.0008333472224535399,0.9995970991136197,8.058017727639034e-05
43210,36.008933482224705,1.0,560,681,1241,0.0,0.0008333472224535399,0.999677679290896,8.058017727639034e-05
43211,36.00976682944716,1.0,560,681,1241,0.0,0.0008333472224535399,0.9997582594681724,8.058017727639034e-05
43212,36.01060017666961,1.0,560,681,1241,0.0,0.0008333472224535399,0.9998388396454487,8.058017727639034e-05
43213,36.011433523892066,1.0,560,681,1241,0.0,0.0008333472224535399,0.999919419822725,8.058017727639034e-05
43214,36.01226687111452,1.0,560,681,1241,0.0,0.0008333472224535399,1.0000000000000013,8.058017727639034e-05
43215,36.01310021833697,1.0,560,681,1241,0.0,0.0008333472224535399,1.0000000000000013,0.0
43216,36.01393356555943,1.0,560,681,1241,0.0,0.0008333472224535399,1.0000000000000013,0.0
43217,36.01476691278188,1.0,560,681,1241,0.0,0.0008333472224535399,1.0000000000000013,0.0
43218,36.015600260004334,1.0,560,681,1241,0.0,0.0008333472224535399,1.0000000000000013,0.0
43219,36.01643360722679,1.0,560,681,1241,0.0,0.0008333472224535399,1.0000000000000013,0.0
43220,36.01726695444924,1.0,560,681,1241,0.0,0.0008333472224535399,1.0000000000000013,0.0
43221,36.018100301671694,1.0,560,681,1241,0.0,0.0008333472224535399,1.0000000000000013,0.0
43222,36.01893364889415,1.0,560,681,1241,0.0,0.0008333472224535399,1.0000000000000013,0.0
43223,36.0197669961166,0.9991941982272361,560,681,1241,-0.0008058017727639033,0.0008333472224535399,0.999919419822725,-8.058017727639034e-05
43224,36.020600343339055,0.9991941982272361,560,681,1241,0.0,0.0008333472224535399,0.9998388396454487,-8.058017727639034e-05
43225,36.02143369056151,0.9991941982272361,560,681,1241,0.0,0.0008333472224535399,0.9997582594681724,-8.058017727639034e-05
43226,36.02226703778396,0.9983883964544722,560,681,1241,-0.0008058017727639033,0.0008333472224535399,0.9995970991136197,-0.00016116035455278067
43227,36.023100385006416,0.9983883964544722,560,681,1241,0.0,0.0008333472224535399,0.999435938759067,-0.00016116035455278067
43228,36.02393373222887,0.9991941982272361,560,681,1241,0.0008058017727639033,0.0008333472224535399,0.9993553585817907,-8.058017727639034e-05
43229,36.02476707945132,1.0,560,681,1241,0.0008058017727639033,0.0008333472224535399,0.9993553585817907,0.0
43230,36.025600426673776,1.0,560,681,1241,0.0,0.0008333472224535399,0.9993553585817907,0.0
43231,36.02643377389623,1.0,560,681,1241,0.0,0.0008333472224535399,0.9993553585817907,0.0
43232,36.02726712111869,1.0,560,681,1241,0.0,0.0008333472224606453,0.9993553585817907,0.0
43233,36.028100468341144,1.0,560,681,1241,0.0,0.0008333472224535399,0.999435938759067,8.058017727639034e-05
43234,36.0289338155636,1.0,560,681,1241,0.0,0.0008333472224535399,0.9995165189363433,8.058017727639034e-05
43235,36.02976716278605,1.0,560,681,1241,0.0,0.0008333472224535399,0.9995970991136197,8.058017727639034e-05
43236,36.030600510008505,1.0,560,681,1241,0.0,0.0008333472224535399,0.9997582594681724,0.00016116035455278067
43237,36.03143385723096,1.0,560,681,1241,0.0,0.0008333472224535399,0.999919419822725,0.00016116035455278067
43238,36.03226720445341,1.0,560,681,1241,0.0,0.0008333472224535399,1.0000000000000013,8.058017727639034e-05
43239,36.033100551675865,1.0,560,681,1241,0.0,0.0008333472224535399,1.0000000000000013,0.0
43240,36.03393389889832,1.0,560,681,1241,0.0,0.0008333472224535399,1.0000000000000013,0.0
43241,36.03476724612077,1.0,560,681,1241,0.0,0.0008333472224535399,1.0000000000000013,0.0
43242,36.035600593343226,1.0,560,681,1241,0.0,0.0008333472224535399,1.0000000000000013,0.0
43243,36.03643394056568,1.0,560,681,1241,0.0,0.0008333472224535399,1.0000000000000013,0.0
43244,36.03726728778813,1.0,560,681,1241,0.0,0.0008333472224535399,1.0000000000000013,0.0
43245,36.038100635010586,1.0,560,681,1241,0.0,0.0008333472224535399,1.0000000000000013,0.0
43246,36.03893398223304,1.0,560,681,1241,0.0,0.0008333472224535399,1.0000000000000013,0.0
43247,36.03976732945549,1.0,560,681,1241,0.0,0.0008333472224535399,1.0000000000000013,0.0
43248,36.04060067667795,0.9991941982272361,560,681,1241,-0.0008058017727639033,0.0008333472224535399,0.999919419822725,-8.058017727639034e-05
43249,36.0414340239004,1.0,560,681,1241,0.0008058017727639033,0.0008333472224535399,0.999919419822725,0.0
43250,36.042267371122854,1.0,560,681,1241,0.0,0.0008333472224535399,0.999919419822725,0.0
43251,36.04310071834531,1.0,560,681,1241,0.0,0.0008333472224535399,0.999919419822725,0.0
43252,36.04393406556776,1.0,560,681,1241,0.0,0.0008333472224535399,0.999919419822725,0.0
43253,36.044767412790215,1.0,560,681,1241,0.0,0.0008333472224535399,0.999919419822725,0.0
43254,36.04560076001267,1.0,560,681,1241,0.0,0.0008333472224535399,0.999919419822725,0.0
43255,36.04643410723512,1.0,560,681,1241,0.0,0.0008333472224535399,0.999919419822725,0.0
43256,36.047267454457575,1.0,560,681,1241,0.0,0.0008333472224535399,0.999919419822725,0.0
43257,36.04810080168003,1.0,560,681,1241,0.0,0.0008333472224535399,0.999919419822725,0.0
43258,36.04893414890248,1.0,560,681,1241,0.0,0.0008333472224535399,1.0000000000000013,8.058017727639034e-05
43259,36.049767496124936,1.0,560,681,1241,0.0,0.0008333472224535399,1.0000000000000013,0.0
43260,36.05060084334739,1.0,560,681,1241,0.0,0.0008333472224535399,1.0000000000000013,0.0
43261,36.05143419056984,1.0,560,681,1241,0.0,0.0008333472224535399,1.0000000000000013,0.0
43262,36.0522675377923,0.9991941982272361,560,681,1241,-0.0008058017727639033,0.0008333472224535399,0.999919419822725,-8.058017727639034e-05
43263,36.05310088501475,0.9991941982272361,560,681,1241,0.0,0.0008333472224535399,0.9998388396454487,-8.058017727639034e-05
43264,36.053934232237204,0.9991941982272361,560,681,1241,0.0,0.0008333472224535399,0.9997582594681724,-8.058017727639034e-05
43265,36.05476757945966,0.9991941982272361,560,681,1241,0.0,0.0008333472224535399,0.999677679290896,-8.058017727639034e-05
43266,36.05560092668211,0.9991941982272361,560,681,1241,0.0,0.0008333472224535399,0.9995970991136197,-8.058017727639034e-05
43267,36.056434273904564,0.9991941982272361,560,681,1241,0.0,0.0008333472224535399,0.9995165189363433,-8.058017727639034e-05
43268,36.05726762112702,0.9991941982272361,560,681,1241,0.0,0.0008333472224535399,0.999435938759067,-8.058017727639034e-05
43269,36.05810096834947,0.9991941982272361,560,681,1241,0.0,0.0008333472224535399,0.9993553585817907,-8.058017727639034e-05
43270,36.058934315571925,0.9991941982272361,560,681,1241,0.0,0.0008333472224535399,0.9992747784045143,-8.058017727639034e-05
43271,36.05976766279438,0.9991941982272361,560,681,1241,0.0,0.0008333472224535399,0.999194198227238,-8.058017727639034e-05
43272,36.06060101001683,0.9991941982272361,560,681,1241,0.0,0.0008333472224535399,0.999194198227238,0.0
43273,36.061434357239285,0.9991941982272361,560,681,1241,0.0,0.0008333472224535399,0.999194198227238,0.0
43274,36.06226770446174,1.0,560,681,1241,0.0008058017727639033,0.0008333472224535399,0.9992747784045143,8.058017727639034e-05
43275,36.0631010516842,1.0,560,681,1241,0.0,0.0008333472224606453,0.9993553585817907,8.058017727639034e-05
43276,36.06393439890665,1.0,560,681,1241,0.0,0.0008333472224535399,0.999435938759067,8.058017727639034e-05
43277,36.06476774612911,1.0,560,681,1241,0.0,0.0008333472224535399,0.9995165189363433,8.058017727639034e-05
43278,36.06560109335156,1.0,560,681,1241,0.0,0.0008333472224535399,0.9995970991136197,8.058017727639034e-05
43279,36.066434440574014,1.0,560,681,1241,0.0,0.0008333472224535399,0.999677679290896,8.058017727639034e-05
43280,36.06726778779647,1.0,560,681,1241,0.0,0.0008333472224535399,0.9997582594681724,8.058017727639034e-05
43281,36.06810113501892,1.0,560,681,1241,0.0,0.0008333472224535399,0.9998388396454487,8.058017727639034e-05
43282,36.068934482241374,1.0,560,681,1241,0.0,0.0008333472224535399,0.999919419822725,8.058017727639034e-05
43283,36.06976782946383,1.0,560,681,1241,0.0,0.0008333472224535399,1.0000000000000013,8.058017727639034e-05
43284,36.07060117668628,1.0,560,681,1241,0.0,0.0008333472224535399,1.0000000000000013,0.0
43285,36.071434523908735,1.0,560,681,1241,0.0,0.0008333472224535399,1.0000000000000013,0.0
43286,36.07226787113119,1.0,560,681,1241,0.0,0.0008333472224535399,1.0000000000000013,0.0
43287,36.07310121835364,1.0,560,681,1241,0.0,0.0008333472224535399,1.0000000000000013,0.0
43288,36.073934565576096,1.0,560,681,1241,0.0,0.0008333472224535399,1.0000000000000013,0.0
43289,36.07476791279855,1.0,560,681,1241,0.0,0.0008333472224535399,1.0000000000000013,0.0
43290,36.075601260021,1.0,560,681,1241,0.0,0.0008333472224535399,1.0000000000000013,0.0
43291,36.076434607243456,1.0,560,681,1241,0.0,0.0008333472224535399,1.0000000000000013,0.0
43292,36.07726795446591,1.0,560,681,1241,0.0,0.0008333472224535399,1.0000000000000013,0.0
43293,36.07810130168836,1.0,560,681,1241,0.0,0.0008333472224535399,1.0000000000000013,0.0
43294,36.07893464891082,1.0,560,681,1241,0.0,0.0008333472224535399,1.0000000000000013,0.0
43295,36.07976799613327,1.0,560,681,1241,0.0,0.0008333472224535399,1.0000000000000013,0.0
43296,36.080601343355724,1.0,560,681,1241,0.0,0.0008333472224535399,1.0000000000000013,0.0
43297,36.08143469057818,1.0,560,681,1241,0.0,0.0008333472224535399,1.0000000000000013,0.0
43298,36.08226803780063,1.0,560,681,1241,0.0,0.0008333472224535399,1.0000000000000013,0.0
43299,36.083101385023085,1.0,560,681,1241,0.0,0.0008333472224535399,1.0000000000000013,0.0
43300,36.08393473224554,1.0,560,681,1241,0.0,0.0008333472224535399,1.0000000000000013,0.0
43301,36.08476807946799,1.0,560,681,1241,0.0,0.0008333472224535399,1.0000000000000013,0.0
43302,36.085601426690445,1.0,560,681,1241,0.0,0.0008333472224535399,1.0000000000000013,0.0
43303,36.0864347739129,1.0,560,681,1241,0.0,0.0008333472224535399,1.0000000000000013,0.0
43304,36.08726812113535,1.0,560,681,1241,0.0,0.0008333472224535399,1.0000000000000013,0.0
43305,36.088101468357806,1.0,560,681,1241,0.0,0.0008333472224535399,1.0000000000000013,0.0
43306,36.08893481558026,1.0,560,681,1241,0.0,0.0008333472224535399,1.0000000000000013,0.0
43307,36.08976816280271,1.0,560,681,1241,0.0,0.0008333472224535399,1.0000000000000013,0.0
43308,36.09060151002517,1.0,560,681,1241,0.0,0.0008333472224535399,1.0000000000000013,0.0
43309,36.09143485724762,1.0,560,681,1241,0.0,0.0008333472224535399,1.0000000000000013,0.0
43310,36.092268204470074,1.0,560,681,1241,0.0,0.0008333472224535399,1.0000000000000013,0.0
43311,36.09310155169253,1.0,560,681,1241,0.0,0.0008333472224535399,1.0000000000000013,0.0
43312,36.09393489891498,1.0,560,681,1241,0.0,0.0008333472224535399,1.0000000000000013,0.0
43313,36.094768246137434,1.0,560,681,1241,0.0,0.0008333472224535399,1.0000000000000013,0.0
43314,36.09560159335989,1.0,560,681,1241,0.0,0.0008333472224535399,1.0000000000000013,0.0
43315,36.09643494058234,1.0,560,681,1241,0.0,0.0008333472224535399,1.0000000000000013,0.0
43316,36.097268287804795,1.0,560,681,1241,0.0,0.0008333472224535399,1.0000000000000013,0.0
43317,36.098101635027255,1.0,560,681,1241,0.0,0.0008333472224606453,1.0000000000000013,0.0
43318,36.09893498224971,1.0,560,681,1241,0.0,0.0008333472224535399,1.0000000000000013,0.0
43319,36.09976832947216,1.0,560,681,1241,0.0,0.0008333472224535399,1.0000000000000013,0.0
43320,36.100601676694616,1.0,560,681,1241,0.0,0.0008333472224535399,1.0000000000000013,0.0
43321,36.10143502391707,1.0,560,681,1241,0.0,0.0008333472224535399,1.0000000000000013,0.0
43322,36.10226837113952,1.0,560,681,1241,0.0,0.0008333472224535399,1.0000000000000013,0.0
43323,36.10310171836198,1.0,560,681,1241,0.0,0.0008333472224535399,1.0000000000000013,0.0
43324,36.10393506558443,1.0,560,681,1241,0.0,0.0008333472224535399,1.0000000000000013,0.0
43325,36.104768412806884,1.0,560,681,1241,0.0,0.0008333472224535399,1.0000000000000013,0.0
43326,36.10560176002934,1.0,560,681,1241,0.0,0.0008333472224535399,1.0000000000000013,0.0
43327,36.10643510725179,1.0,560,681,1241,0.0,0.0008333472224535399,1.0000000000000013,0.0
43328,36.107268454474244,1.0,560,681,1241,0.0,0.0008333472224535399,1.0000000000000013,0.0
43329,36.1081018016967,1.0,560,681,1241,0.0,0.0008333472224535399,1.0000000000000013,0.0
43330,36.10893514891915,1.0,560,681,1241,0.0,0.0008333472224535399,1.0000000000000013,0.0
43331,36.109768496141605,1.0,560,681,1241,0.0,0.0008333472224535399,1.0000000000000013,0.0
43332,36.11060184336406,1.0,560,681,1241,0.0,0.0008333472224535399,1.0000000000000013,0.0
43333,36.11143519058651,1.0,560,681,1241,0.0,0.0008333472224535399,1.0000000000000013,0.0
43334,36.112268537808966,1.0,560,681,1241,0.0,0.0008333472224535399,1.0000000000000013,0.0
43335,36.11310188503142,1.0,560,681,1241,0.0,0.0008333472224535399,1.0000000000000013,0.0
43336,36.11393523225387,1.0,560,681,1241,0.0,0.0008333472224535399,1.0000000000000013,0.0
43337,36.114768579476326,0.9991941982272361,560,681,1241,-0.0008058017727639033,0.0008333472224535399,0.999919419822725,-8.058017727639034e-05
43338,36.11560192669878,0.9991941982272361,560,681,1241,0.0,0.0008333472224535399,0.9998388396454487,-8.058017727639034e-05
43339,36.11643527392123,1.0,560,681,1241,0.0008058017727639033,0.0008333472224535399,0.9998388396454487,0.0
43340,36.11726862114369,1.0,560,681,1241,0.0,0.0008333472224535399,0.9998388396454487,0.0
43341,36.11810196836614,1.0,560,681,1241,0.0,0.0008333472224535399,0.9998388396454487,0.0
43342,36.118935315588594,1.0,560,681,1241,0.0,0.0008333472224535399,0.9998388396454487,0.0
43343,36.11976866281105,1.0,560,681,1241,0.0,0.0008333472224535399,0.9998388396454487,0.0
43344,36.1206020100335,1.0,560,681,1241,0.0,0.0008333472224535399,0.9998388396454487,0.0
43345,36.121435357255955,1.0,560,681,1241,0.0,0.0008333472224535399,0.9998388396454487,0.0
43346,36.12226870447841,1.0,560,681,1241,0.0,0.0008333472224535399,0.9998388396454487,0.0
43347,36.12310205170086,1.0,560,681,1241,0.0,0.0008333472224535399,0.999919419822725,8.058017727639034e-05
43348,36.123935398923315,1.0,560,681,1241,0.0,0.0008333472224535399,1.0000000000000013,8.058017727639034e-05
43349,36.12476874614577,1.0,560,681,1241,0.0,0.0008333472224535399,1.0000000000000013,0.0
43350,36.12560209336822,1.0,560,681,1241,0.0,0.0008333472224535399,1.0000000000000013,0.0
43351,36.126435440590676,1.0,560,681,1241,0.0,0.0008333472224535399,1.0000000000000013,0.0
43352,36.12726878781313,1.0,560,681,1241,0.0,0.0008333472224535399,1.0000000000000013,0.0
43353,36.12810213503558,1.0,560,681,1241,0.0,0.0008333472224535399,1.0000000000000013,0.0
43354,36.128935482258036,1.0,560,681,1241,0.0,0.0008333472224535399,1.0000000000000013,0.0
43355,36.12976882948049,1.0,560,681,1241,0.0,0.0008333472224535399,1.0000000000000013,0.0
43356,36.13060217670294,1.0,560,681,1241,0.0,0.0008333472224535399,1.0000000000000013,0.0
43357,36.1314355239254,1.0,560,681,1241,0.0,0.0008333472224535399,1.0000000000000013,0.0
43358,36.13226887114785,1.0,560,681,1241,0.0,0.0008333472224535399,1.0000000000000013,0.0
43359,36.13310221837031,1.0,560,681,1241,0.0,0.0008333472224606453,1.0000000000000013,0.0
43360,36.133935565592765,1.0,560,681,1241,0.0,0.0008333472224535399,1.0000000000000013,0.0
43361,36.13476891281522,1.0,560,681,1241,0.0,0.0008333472224535399,1.0000000000000013,0.0
43362,36.13560226003767,1.0,560,681,1241,0.0,0.0008333472224535399,1.0000000000000013,0.0
43363,36.136435607260125,1.0,560,681,1241,0.0,0.0008333472224535399,1.0000000000000013,0.0
43364,36.13726895448258,0.9991941982272361,560,681,1241,-0.0008058017727639033,0.0008333472224535399,0.999919419822725,-8.058017727639034e-05
43365,36.13810230170503,0.9991941982272361,560,681,1241,0.0,0.0008333472224535399,0.9998388396454487,-8.058017727639034e-05
43366,36.138935648927486,0.9991941982272361,560,681,1241,0.0,0.0008333472224535399,0.9997582594681724,-8.058017727639034e-05
43367,36.13976899614994,0.9991941982272361,560,681,1241,0.0,0.0008333472224535399,0.999677679290896,-8.058017727639034e-05
43368,36.14060234337239,0.9991941982272361,560,681,1241,0.0,0.0008333472224535399,0.9995970991136197,-8.058017727639034e-05
43369,36.14143569059485,1.0,560,681,1241,0.0008058017727639033,0.0008333472224535399,0.9995970991136197,0.0
43370,36.1422690378173,1.0,560,681,1241,0.0,0.0008333472224535399,0.9995970991136197,0.0
43371,36.143102385039754,1.0,560,681,1241,0.0,0.0008333472224535399,0.9995970991136197,0.0
43372,36.14393573226221,1.0,560,681,1241,0.0,0.0008333472224535399,0.9995970991136197,0.0
43373,36.14476907948466,1.0,560,681,1241,0.0,0.0008333472224535399,0.9995970991136197,0.0
43374,36.145602426707114,1.0,560,681,1241,0.0,0.0008333472224535399,0.999677679290896,8.058017727639034e-05
43375,36.14643577392957,1.0,560,681,1241,0.0,0.0008333472224535399,0.9997582594681724,8.058017727639034e-05
43376,36.14726912115202,1.0,560,681,1241,0.0,0.0008333472224535399,0.9998388396454487,8.058017727639034e-05
43377,36.148102468374475,1.0,560,681,1241,0.0,0.0008333472224535399,0.999919419822725,8.058017727639034e-05
43378,36.14893581559693,1.0,560,681,1241,0.0,0.0008333472224535399,1.0000000000000013,8.058017727639034e-05
43379,36.14976916281938,0.9991941982272361,560,681,1241,-0.0008058017727639033,0.0008333472224535399,0.999919419822725,-8.058017727639034e-05
43380,36.150602510041836,0.9991941982272361,560,681,1241,0.0,0.0008333472224535399,0.9998388396454487,-8.058017727639034e-05
43381,36.15143585726429,0.9991941982272361,560,681,1241,0.0,0.0008333472224535399,0.9997582594681724,-8.058017727639034e-05
43382,36.15226920448674,0.9991941982272361,560,681,1241,0.0,0.0008333472224535399,0.999677679290896,-8.058017727639034e-05
43383,36.153102551709196,1.0,560,681,1241,0.0008058017727639033,0.0008333472224535399,0.999677679290896,0.0
43384,36.15393589893165,1.0,560,681,1241,0.0,0.0008333472224535399,0.999677679290896,0.0
43385,36.1547692461541,1.0,560,681,1241,0.0,0.0008333472224535399,0.999677679290896,0.0
43386,36.15560259337656,1.0,560,681,1241,0.0,0.0008333472224535399,0.999677679290896,0.0
43387,36.15643594059901,1.0,560,681,1241,0.0,0.0008333472224535399,0.999677679290896,0.0
43388,36.157269287821464,1.0,560,681,1241,0.0,0.0008333472224535399,0.999677679290896,0.0
43389,36.15810263504392,1.0,560,681,1241,0.0,0.0008333472224535399,0.9997582594681724,8.058017727639034e-05
43390,36.15893598226637,1.0,560,681,1241,0.0,0.0008333472224535399,0.9998388396454487,8.058017727639034e-05
43391,36.159769329488824,1.0,560,681,1241,0.0,0.0008333472224535399,0.999919419822725,8.058017727639034e-05
43392,36.16060267671128,1.0,560,681,1241,0.0,0.0008333472224535399,1.0000000000000013,8.058017727639034e-05
43393,36.16143602393373,1.0,560,681,1241,0.0,0.0008333472224535399,1.0000000000000013,0.0
43394,36.162269371156185,1.0,560,681,1241,0.0,0.0008333472224535399,1.0000000000000013,0.0
43395,36.16310271837864,1.0,560,681,1241,0.0,0.0008333472224535399,1.0000000000000013,0.0
43396,36.16393606560109,0.9991941982272361,560,681,1241,-0.0008058017727639033,0.0008333472224535399,0.999919419822725,-8.058017727639034e-05
43397,36.164769412823546,0.9991941982272361,560,681,1241,0.0,0.0008333472224535399,0.9998388396454487,-8.058017727639034e-05
43398,36.165602760046,1.0,560,681,1241,0.0008058017727639033,0.0008333472224535399,0.9998388396454487,0.0
43399,36.16643610726845,1.0,560,681,1241,0.0,0.0008333472224535399,0.9998388396454487,0.0
43400,36.167269454490906,1.0,560,681,1241,0.0,0.0008333472224535399,0.9998388396454487,0.0
43401,36.16810280171336,1.0,560,681,1241,0.0,0.0008333472224535399,0.9998388396454487,0.0
43402,36.16893614893582,1.0,560,681,1241,0.0,0.0008333472224606453,0.9998388396454487,0.0
43403,36.169769496158274,1.0,560,681,1241,0.0,0.0008333472224535399,0.9998388396454487,0.0
43404,36.17060284338073,1.0,560,681,1241,0.0,0.0008333472224535399,0.9998388396454487,0.0
43405,36.17143619060318,1.0,560,681,1241,0.0,0.0008333472224535399,0.9998388396454487,0.0
43406,36.172269537825635,1.0,560,681,1241,0.0,0.0008333472224535399,0.999919419822725,8.058017727639034e-05
43407,36.17310288504809,1.0,560,681,1241,0.0,0.0008333472224535399,1.0000000000000013,8.058017727639034e-05
43408,36.17393623227054,1.0,560,681,1241,0.0,0.0008333472224535399,1.0000000000000013,0.0
43409,36.174769579492995,1.0,560,681,1241,0.0,0.0008333472224535399,1.0000000000000013,0.0
43410,36.17560292671545,1.0,560,681,1241,0.0,0.0008333472224535399,1.0000000000000013,0.0
43411,36.1764362739379,0.9991941982272361,560,681,1241,-0.0008058017727639033,0.0008333472224535399,0.999919419822725,-8.058017727639034e-05
43412,36.177269621160356,0.9991941982272361,560,681,1241,0.0,0.0008333472224535399,0.9998388396454487,-8.058017727639034e-05
43413,36.17810296838281,0.9991941982272361,560,681,1241,0.0,0.0008333472224535399,0.9997582594681724,-8.058017727639034e-05
43414,36.17893631560526,0.9991941982272361,560,681,1241,0.0,0.0008333472224535399,0.999677679290896,-8.058017727639034e-05
43415,36.17976966282772,0.9991941982272361,560,681,1241,0.0,0.0008333472224535399,0.9995970991136197,-8.058017727639034e-05
43416,36.18060301005017,0.9991941982272361,560,681,1241,0.0,0.0008333472224535399,0.9995165189363433,-8.058017727639034e-05
43417,36.181436357272624,1.0,560,681,1241,0.0008058017727639033,0.0008333472224535399,0.9995165189363433,0.0
43418,36.18226970449508,1.0,560,681,1241,0.0,0.0008333472224535399,0.9995165189363433,0.0
43419,36.18310305171753,0.9991941982272361,560,681,1241,-0.0008058017727639033,0.0008333472224535399,0.999435938759067,-8.058017727639034e-05
43420,36.183936398939984,1.0,560,681,1241,0.0008058017727639033,0.0008333472224535399,0.999435938759067,0.0
43421,36.18476974616244,1.0,560,681,1241,0.0,0.0008333472224535399,0.9995165189363433,8.058017727639034e-05
43422,36.18560309338489,1.0,560,681,1241,0.0,0.0008333472224535399,0.9995970991136197,8.058017727639034e-05
43423,36.186436440607345,1.0,560,681,1241,0.0,0.0008333472224535399,0.999677679290896,8.058017727639034e-05
43424,36.1872697878298,1.0,560,681,1241,0.0,0.0008333472224535399,0.9997582594681724,8.058017727639034e-05
43425,36.18810313505225,1.0,560,681,1241,0.0,0.0008333472224535399,0.9998388396454487,8.058017727639034e-05
43426,36.188936482274705,1.0,560,681,1241,0.0,0.0008333472224535399,0.999919419822725,8.058017727639034e-05
43427,36.18976982949716,1.0,560,681,1241,0.0,0.0008333472224535399,0.999919419822725,0.0
43428,36.19060317671961,1.0,560,681,1241,0.0,0.0008333472224535399,0.999919419822725,0.0
43429,36.191436523942066,1.0,560,681,1241,0.0,0.0008333472224535399,1.0000000000000013,8.058017727639034e-05
43430,36.19226987116452,1.0,560,681,1241,0.0,0.0008333472224535399,1.0000000000000013,0.0
43431,36.19310321838697,1.0,560,681,1241,0.0,0.0008333472224535399,1.0000000000000013,0.0
43432,36.19393656560943,1.0,560,681,1241,0.0,0.0008333472224535399,1.0000000000000013,0.0
43433,36.19476991283188,1.0,560,681,1241,0.0,0.0008333472224535399,1.0000000000000013,0.0
43434,36.195603260054334,1.0,560,681,1241,0.0,0.0008333472224535399,1.0000000000000013,0.0
43435,36.19643660727679,1.0,560,681,1241,0.0,0.0008333472224535399,1.0000000000000013,0.0
43436,36.19726995449924,1.0,560,681,1241,0.0,0.0008333472224535399,1.0000000000000013,0.0
43437,36.198103301721694,1.0,560,681,1241,0.0,0.0008333472224535399,1.0000000000000013,0.0
43438,36.19893664894415,1.0,560,681,1241,0.0,0.0008333472224535399,1.0000000000000013,0.0
43439,36.1997699961666,1.0,560,681,1241,0.0,0.0008333472224535399,1.0000000000000013,0.0
43440,36.200603343389055,1.0,560,681,1241,0.0,0.0008333472224535399,1.0000000000000013,0.0
43441,36.20143669061151,1.0,560,681,1241,0.0,0.0008333472224535399,1.0000000000000013,0.0
43442,36.20227003783396,1.0,560,681,1241,0.0,0.0008333472224535399,1.0000000000000013,0.0
43443,36.203103385056416,1.0,560,681,1241,0.0,0.0008333472224535399,1.0000000000000013,0.0
43444,36.203936732278876,1.0,560,681,1241,0.0,0.0008333472224606453,1.0000000000000013,0.0
43445,36.20477007950133,1.0,560,681,1241,0.0,0.0008333472224535399,1.0000000000000013,0.0
43446,36.20560342672378,1.0,560,681,1241,0.0,0.0008333472224535399,1.0000000000000013,0.0
43447,36.20643677394624,1.0,560,681,1241,0.0,0.0008333472224535399,1.0000000000000013,0.0
43448,36.20727012116869,1.0,560,681,1241,0.0,0.0008333472224535399,1.0000000000000013,0.0
43449,36.208103468391144,0.9991941982272361,560,681,1241,-0.0008058017727639033,0.0008333472224535399,0.999919419822725,-8.058017727639034e-05
43450,36.2089368156136,0.9991941982272361,560,681,1241,0.0,0.0008333472224535399,0.9998388396454487,-8.058017727639034e-05
43451,36.20977016283605,0.9991941982272361,560,681,1241,0.0,0.0008333472224535399,0.9997582594681724,-8.058017727639034e-05
43452,36.210603510058505,0.9991941982272361,560,681,1241,0.0,0.0008333472224535399,0.999677679290896,-8.058017727639034e-05
43453,36.21143685728096,1.0,560,681,1241,0.0008058017727639033,0.0008333472224535399,0.999677679290896,0.0
43454,36.21227020450341,1.0,560,681,1241,0.0,0.0008333472224535399,0.999677679290896,0.0
43455,36.213103551725865,1.0,560,681,1241,0.0,0.0008333472224535399,0.999677679290896,0.0
43456,36.21393689894832,1.0,560,681,1241,0.0,0.0008333472224535399,0.999677679290896,0.0
43457,36.21477024617077,0.9991941982272361,560,681,1241,-0.0008058017727639033,0.0008333472224535399,0.9995970991136197,-8.058017727639034e-05
43458,36.215603593393226,1.0,560,681,1241,0.0008058017727639033,0.0008333472224535399,0.9995970991136197,0.0
43459,36.21643694061568,1.0,560,681,1241,0.0,0.0008333472224535399,0.999677679290896,8.058017727639034e-05
43460,36.21727028783813,1.0,560,681,1241,0.0,0.0008333472224535399,0.9997582594681724,8.058017727639034e-05
43461,36.21810363506059,1.0,560,681,1241,0.0,0.0008333472224535399,0.9998388396454487,8.058017727639034e-05
43462,36.21893698228304,1.0,560,681,1241,0.0,0.0008333472224535399,0.999919419822725,8.058017727639034e-05
43463,36.219770329505494,1.0,560,681,1241,0.0,0.0008333472224535399,0.999919419822725,0.0
43464,36.22060367672795,1.0,560,681,1241,0.0,0.0008333472224535399,0.999919419822725,0.0
43465,36.2214370239504,1.0,560,681,1241,0.0,0.0008333472224535399,0.999919419822725,0.0
43466,36.222270371172854,1.0,560,681,1241,0.0,0.0008333472224535399,0.999919419822725,0.0
43467,36.22310371839531,1.0,560,681,1241,0.0,0.0008333472224535399,1.0000000000000013,8.058017727639034e-05
43468,36.22393706561776,1.0,560,681,1241,0.0,0.0008333472224535399,1.0000000000000013,0.0
43469,36.224770412840215,1.0,560,681,1241,0.0,0.0008333472224535399,1.0000000000000013,0.0
43470,36.22560376006267,1.0,560,681,1241,0.0,0.0008333472224535399,1.0000000000000013,0.0
43471,36.22643710728512,1.0,560,681,1241,0.0,0.0008333472224535399,1.0000000000000013,0.0
43472,36.227270454507575,1.0,560,681,1241,0.0,0.0008333472224535399,1.0000000000000013,0.0
43473,36.22810380173003,1.0,560,681,1241,0.0,0.0008333472224535399,1.0000000000000013,0.0
43474,36.22893714895248,1.0,560,681,1241,0.0,0.0008333472224535399,1.0000000000000013,0.0
43475,36.229770496174936,1.0,560,681,1241,0.0,0.0008333472224535399,1.0000000000000013,0.0
43476,36.23060384339739,1.0,560,681,1241,0.0,0.0008333472224535399,1.0000000000000013,0.0
43477,36.23143719061984,1.0,560,681,1241,0.0,0.0008333472224535399,1.0000000000000013,0.0
43478,36.2322705378423,0.9991941982272361,560,681,1241,-0.0008058017727639033,0.0008333472224535399,0.999919419822725,-8.058017727639034e-05
43479,36.23310388506475,0.9991941982272361,560,681,1241,0.0,0.0008333472224535399,0.9998388396454487,-8.058017727639034e-05
43480,36.233937232287204,0.9991941982272361,560,681,1241,0.0,0.0008333472224535399,0.9997582594681724,-8.058017727639034e-05
43481,36.23477057950966,1.0,560,681,1241,0.0008058017727639033,0.0008333472224535399,0.9997582594681724,0.0
43482,36.23560392673211,1.0,560,681,1241,0.0,0.0008333472224535399,0.9997582594681724,0.0
43483,36.236437273954564,1.0,560,681,1241,0.0,0.0008333472224535399,0.9997582594681724,0.0
43484,36.23727062117702,1.0,560,681,1241,0.0,0.0008333472224535399,0.9997582594681724,0.0
43485,36.23810396839947,1.0,560,681,1241,0.0,0.0008333472224535399,0.9997582594681724,0.0
43486,36.23893731562193,1.0,560,681,1241,0.0,0.0008333472224606453,0.9997582594681724,0.0
43487,36.239770662844386,1.0,560,681,1241,0.0,0.0008333472224535399,0.9997582594681724,0.0
43488,36.24060401006684,1.0,560,681,1241,0.0,0.0008333472224535399,0.9998388396454487,8.058017727639034e-05
43489,36.24143735728929,1.0,560,681,1241,0.0,0.0008333472224535399,0.999919419822725,8.058017727639034e-05
43490,36.242270704511746,1.0,560,681,1241,0.0,0.0008333472224535399,1.0000000000000013,8.058017727639034e-05
43491,36.2431040517342,1.0,560,681,1241,0.0,0.0008333472224535399,1.0000000000000013,0.0
43492,36.24393739895665,1.0,560,681,1241,0.0,0.0008333472224535399,1.0000000000000013,0.0
43493,36.24477074617911,1.0,560,681,1241,0.0,0.0008333472224535399,1.0000000000000013,0.0
43494,36.24560409340156,1.0,560,681,1241,0.0,0.0008333472224535399,1.0000000000000013,0.0
43495,36.246437440624014,1.0,560,681,1241,0.0,0.0008333472224535399,1.0000000000000013,0.0
43496,36.24727078784647,1.0,560,681,1241,0.0,0.0008333472224535399,1.0000000000000013,0.0
43497,36.24810413506892,1.0,560,681,1241,0.0,0.0008333472224535399,1.0000000000000013,0.0
43498,36.248937482291375,1.0,560,681,1241,0.0,0.0008333472224535399,1.0000000000000013,0.0
43499,36.24977082951383,1.0,560,681,1241,0.0,0.0008333472224535399,1.0000000000000013,0.0
43500,36.25060417673628,1.0,560,681,1241,0.0,0.0008333472224535399,1.0000000000000013,0.0
43501,36.251437523958735,1.0,560,681,1241,0.0,0.0008333472224535399,1.0000000000000013,0.0
43502,36.25227087118119,1.0,560,681,1241,0.0,0.0008333472224535399,1.0000000000000013,0.0
43503,36.25310421840364,0.9991941982272361,560,681,1241,-0.0008058017727639033,0.0008333472224535399,0.999919419822725,-8.058017727639034e-05
43504,36.253937565626096,0.9991941982272361,560,681,1241,0.0,0.0008333472224535399,0.9998388396454487,-8.058017727639034e-05
43505,36.25477091284855,0.9991941982272361,560,681,1241,0.0,0.0008333472224535399,0.9997582594681724,-8.058017727639034e-05
43506,36.255604260071,1.0,560,681,1241,0.0008058017727639033,0.0008333472224535399,0.9997582594681724,0.0
43507,36.256437607293456,1.0,560,681,1241,0.0,0.0008333472224535399,0.9997582594681724,0.0
43508,36.25727095451591,1.0,560,681,1241,0.0,0.0008333472224535399,0.9997582594681724,0.0
43509,36.25810430173836,1.0,560,681,1241,0.0,0.0008333472224535399,0.9997582594681724,0.0
43510,36.25893764896082,1.0,560,681,1241,0.0,0.0008333472224535399,0.9997582594681724,0.0
43511,36.25977099618327,1.0,560,681,1241,0.0,0.0008333472224535399,0.9997582594681724,0.0
43512,36.260604343405724,1.0,560,681,1241,0.0,0.0008333472224535399,0.9997582594681724,0.0
43513,36.26143769062818,1.0,560,681,1241,0.0,0.0008333472224535399,0.9998388396454487,8.058017727639034e-05
43514,36.26227103785063,1.0,560,681,1241,0.0,0.0008333472224535399,0.999919419822725,8.058017727639034e-05
43515,36.263104385073085,1.0,560,681,1241,0.0,0.0008333472224535399,1.0000000000000013,8.058017727639034e-05
43516,36.26393773229554,1.0,560,681,1241,0.0,0.0008333472224535399,1.0000000000000013,0.0
43517,36.26477107951799,1.0,560,681,1241,0.0,0.0008333472224535399,1.0000000000000013,0.0
43518,36.265604426740445,1.0,560,681,1241,0.0,0.0008333472224535399,1.0000000000000013,0.0
43519,36.2664377739629,1.0,560,681,1241,0.0,0.0008333472224535399,1.0000000000000013,0.0
43520,36.26727112118535,1.0,560,681,1241,0.0,0.0008333472224535399,1.0000000000000013,0.0
43521,36.268104468407806,1.0,560,681,1241,0.0,0.0008333472224535399,1.0000000000000013,0.0
43522,36.26893781563026,1.0,560,681,1241,0.0,0.0008333472224535399,1.0000000000000013,0.0
43523,36.26977116285271,0.9991941982272361,560,681,1241,-0.0008058017727639033,0.0008333472224535399,0.999919419822725,-8.058017727639034e-05
43524,36.27060451007517,1.0,560,681,1241,0.0008058017727639033,0.0008333472224535399,0.999919419822725,0.0
43525,36.27143785729762,1.0,560,681,1241,0.0,0.0008333472224535399,0.999919419822725,0.0
43526,36.272271204520074,1.0,560,681,1241,0.0,0.0008333472224535399,0.999919419822725,0.0
43527,36.27310455174253,1.0,560,681,1241,0.0,0.0008333472224535399,0.999919419822725,0.0
43528,36.27393789896498,1.0,560,681,1241,0.0,0.0008333472224535399,0.999919419822725,0.0
43529,36.27477124618744,1.0,560,681,1241,0.0,0.0008333472224606453,0.999919419822725,0.0
43530,36.275604593409895,0.9991941982272361,560,681,1241,-0.0008058017727639033,0.0008333472224535399,0.9998388396454487,-8.058017727639034e-05
43531,36.27643794063235,0.9991941982272361,560,681,1241,0.0,0.0008333472224535399,0.9997582594681724,-8.058017727639034e-05
43532,36.2772712878548,0.9991941982272361,560,681,1241,0.0,0.0008333472224535399,0.999677679290896,-8.058017727639034e-05
43533,36.278104635077256,0.9991941982272361,560,681,1241,0.0,0.0008333472224535399,0.999677679290896,0.0
43534,36.27893798229971,0.9991941982272361,560,681,1241,0.0,0.0008333472224535399,0.9995970991136197,-8.058017727639034e-05
43535,36.27977132952216,0.9991941982272361,560,681,1241,0.0,0.0008333472224535399,0.9995165189363433,-8.058017727639034e-05
43536,36.280604676744616,1.0,560,681,1241,0.0008058017727639033,0.0008333472224535399,0.9995165189363433,0.0
43537,36.28143802396707,1.0,560,681,1241,0.0,0.0008333472224535399,0.9995165189363433,0.0
43538,36.28227137118952,1.0,560,681,1241,0.0,0.0008333472224535399,0.9995165189363433,0.0
43539,36.28310471841198,1.0,560,681,1241,0.0,0.0008333472224535399,0.9995165189363433,0.0
43540,36.28393806563443,1.0,560,681,1241,0.0,0.0008333472224535399,0.9995970991136197,8.058017727639034e-05
43541,36.284771412856884,1.0,560,681,1241,0.0,0.0008333472224535399,0.999677679290896,8.058017727639034e-05
43542,36.28560476007934,1.0,560,681,1241,0.0,0.0008333472224535399,0.9997582594681724,8.058017727639034e-05
43543,36.28643810730179,1.0,560,681,1241,0.0,0.0008333472224535399,0.9998388396454487,8.058017727639034e-05
43544,36.287271454524245,1.0,560,681,1241,0.0,0.0008333472224535399,0.999919419822725,8.058017727639034e-05
43545,36.2881048017467,1.0,560,681,1241,0.0,0.0008333472224535399,1.0000000000000013,8.058017727639034e-05
43546,36.28893814896915,1.0,560,681,1241,0.0,0.0008333472224535399,1.0000000000000013,0.0
43547,36.289771496191605,1.0,560,681,1241,0.0,0.0008333472224535399,1.0000000000000013,0.0
43548,36.29060484341406,1.0,560,681,1241,0.0,0.0008333472224535399,1.0000000000000013,0.0
43549,36.29143819063651,1.0,560,681,1241,0.0,0.0008333472224535399,1.0000000000000013,0.0
43550,36.292271537858966,1.0,560,681,1241,0.0,0.0008333472224535399,1.0000000000000013,0.0
43551,36.29310488508142,1.0,560,681,1241,0.0,0.0008333472224535399,1.0000000000000013,0.0
43552,36.29393823230387,1.0,560,681,1241,0.0,0.0008333472224535399,1.0000000000000013,0.0
43553,36.294771579526326,1.0,560,681,1241,0.0,0.0008333472224535399,1.0000000000000013,0.0
43554,36.29560492674878,1.0,560,681,1241,0.0,0.0008333472224535399,1.0000000000000013,0.0
43555,36.29643827397123,0.9991941982272361,560,681,1241,-0.0008058017727639033,0.0008333472224535399,0.999919419822725,-8.058017727639034e-05
43556,36.29727162119369,1.0,560,681,1241,0.0008058017727639033,0.0008333472224535399,0.999919419822725,0.0
43557,36.29810496841614,1.0,560,681,1241,0.0,0.0008333472224535399,0.999919419822725,0.0
43558,36.298938315638594,1.0,560,681,1241,0.0,0.0008333472224535399,0.999919419822725,0.0
43559,36.29977166286105,1.0,560,681,1241,0.0,0.0008333472224535399,0.999919419822725,0.0
43560,36.3006050100835,1.0,560,681,1241,0.0,0.0008333472224535399,0.999919419822725,0.0
43561,36.301438357305955,1.0,560,681,1241,0.0,0.0008333472224535399,0.999919419822725,0.0
43562,36.30227170452841,1.0,560,681,1241,0.0,0.0008333472224535399,0.999919419822725,0.0
43563,36.30310505175086,1.0,560,681,1241,0.0,0.0008333472224535399,0.999919419822725,0.0
43564,36.303938398973315,1.0,560,681,1241,0.0,0.0008333472224535399,0.999919419822725,0.0
43565,36.30477174619577,1.0,560,681,1241,0.0,0.0008333472224535399,1.0000000000000013,8.058017727639034e-05
43566,36.30560509341822,1.0,560,681,1241,0.0,0.0008333472224535399,1.0000000000000013,0.0
43567,36.306438440640676,1.0,560,681,1241,0.0,0.0008333472224535399,1.0000000000000013,0.0
43568,36.30727178786313,1.0,560,681,1241,0.0,0.0008333472224535399,1.0000000000000013,0.0
43569,36.30810513508558,1.0,560,681,1241,0.0,0.0008333472224535399,1.0000000000000013,0.0
43570,36.30893848230804,1.0,560,681,1241,0.0,0.0008333472224535399,1.0000000000000013,0.0
43571,36.3097718295305,1.0,560,681,1241,0.0,0.0008333472224606453,1.0000000000000013,0.0
43572,36.31060517675295,1.0,560,681,1241,0.0,0.0008333472224535399,1.0000000000000013,0.0
43573,36.311438523975404,1.0,560,681,1241,0.0,0.0008333472224535399,1.0000000000000013,0.0
43574,36.31227187119786,1.0,560,681,1241,0.0,0.0008333472224535399,1.0000000000000013,0.0
43575,36.31310521842031,1.0,560,681,1241,0.0,0.0008333472224535399,1.0000000000000013,0.0
43576,36.313938565642765,1.0,560,681,1241,0.0,0.0008333472224535399,1.0000000000000013,0.0
43577,36.31477191286522,1.0,560,681,1241,0.0,0.0008333472224535399,1.0000000000000013,0.0
43578,36.31560526008767,1.0,560,681,1241,0.0,0.0008333472224535399,1.0000000000000013,0.0
43579,36.316438607310126,1.0,560,681,1241,0.0,0.0008333472224535399,1.0000000000000013,0.0
43580,36.31727195453258,1.0,560,681,1241,0.0,0.0008333472224535399,1.0000000000000013,0.0
43581,36.31810530175503,1.0,560,681,1241,0.0,0.0008333472224535399,1.0000000000000013,0.0
43582,36.318938648977486,1.0,560,681,1241,0.0,0.0008333472224535399,1.0000000000000013,0.0
43583,36.31977199619994,1.0,560,681,1241,0.0,0.0008333472224535399,1.0000000000000013,0.0
43584,36.32060534342239,1.0,560,681,1241,0.0,0.0008333472224535399,1.0000000000000013,0.0
43585,36.32143869064485,1.0,560,681,1241,0.0,0.0008333472224535399,1.0000000000000013,0.0
43586,36.3222720378673,1.0,560,681,1241,0.0,0.0008333472224535399,1.0000000000000013,0.0
43587,36.323105385089754,1.0,560,681,1241,0.0,0.0008333472224535399,1.0000000000000013,0.0
43588,36.32393873231221,1.0,560,681,1241,0.0,0.0008333472224535399,1.0000000000000013,0.0
43589,36.32477207953466,1.0,560,681,1241,0.0,0.0008333472224535399,1.0000000000000013,0.0
43590,36.325605426757114,1.0,560,681,1241,0.0,0.0008333472224535399,1.0000000000000013,0.0
43591,36.32643877397957,1.0,560,681,1241,0.0,0.0008333472224535399,1.0000000000000013,0.0
43592,36.32727212120202,1.0,560,681,1241,0.0,0.0008333472224535399,1.0000000000000013,0.0
43593,36.328105468424475,1.0,560,681,1241,0.0,0.0008333472224535399,1.0000000000000013,0.0
43594,36.32893881564693,1.0,560,681,1241,0.0,0.0008333472224535399,1.0000000000000013,0.0
43595,36.32977216286938,1.0,560,681,1241,0.0,0.0008333472224535399,1.0000000000000013,0.0
43596,36.330605510091836,0.9991941982272361,560,681,1241,-0.0008058017727639033,0.0008333472224535399,0.999919419822725,-8.058017727639034e-05
43597,36.33143885731429,0.9991941982272361,560,681,1241,0.0,0.0008333472224535399,0.9998388396454487,-8.058017727639034e-05
43598,36.33227220453674,1.0,560,681,1241,0.0008058017727639033,0.0008333472224535399,0.9998388396454487,0.0
43599,36.333105551759196,1.0,560,681,1241,0.0,0.0008333472224535399,0.9998388396454487,0.0
43600,36.33393889898165,1.0,560,681,1241,0.0,0.0008333472224535399,0.9998388396454487,0.0
43601,36.3347722462041,1.0,560,681,1241,0.0,0.0008333472224535399,0.9998388396454487,0.0
43602,36.33560559342656,1.0,560,681,1241,0.0,0.0008333472224535399,0.9998388396454487,0.0
43603,36.33643894064901,1.0,560,681,1241,0.0,0.0008333472224535399,0.9998388396454487,0.0
43604,36.337272287871464,1.0,560,681,1241,0.0,0.0008333472224535399,0.9998388396454487,0.0
43605,36.33810563509392,1.0,560,681,1241,0.0,0.0008333472224535399,0.9998388396454487,0.0
43606,36.33893898231637,1.0,560,681,1241,0.0,0.0008333472224535399,0.999919419822725,8.058017727639034e-05
43607,36.339772329538825,1.0,560,681,1241,0.0,0.0008333472224535399,1.0000000000000013,8.058017727639034e-05
43608,36.34060567676128,1.0,560,681,1241,0.0,0.0008333472224535399,1.0000000000000013,0.0
43609,36.34143902398373,1.0,560,681,1241,0.0,0.0008333472224535399,1.0000000000000013,0.0
43610,36.342272371206185,1.0,560,681,1241,0.0,0.0008333472224535399,1.0000000000000013,0.0
43611,36.34310571842864,1.0,560,681,1241,0.0,0.0008333472224535399,1.0000000000000013,0.0
43612,36.34393906565109,1.0,560,681,1241,0.0,0.0008333472224535399,1.0000000000000013,0.0
43613,36.344772412873546,1.0,560,681,1241,0.0,0.0008333472224535399,1.0000000000000013,0.0
43614,36.34560576009601,1.0,560,681,1241,0.0,0.0008333472224606453,1.0000000000000013,0.0
43615,36.34643910731846,1.0,560,681,1241,0.0,0.0008333472224535399,1.0000000000000013,0.0
43616,36.347272454540914,0.9991941982272361,560,681,1241,-0.0008058017727639033,0.0008333472224535399,0.999919419822725,-8.058017727639034e-05
43617,36.34810580176337,0.9991941982272361,560,681,1241,0.0,0.0008333472224535399,0.9998388396454487,-8.058017727639034e-05
43618,36.34893914898582,0.9991941982272361,560,681,1241,0.0,0.0008333472224535399,0.9997582594681724,-8.058017727639034e-05
43619,36.349772496208274,0.9991941982272361,560,681,1241,0.0,0.0008333472224535399,0.999677679290896,-8.058017727639034e-05
43620,36.35060584343073,0.9991941982272361,560,681,1241,0.0,0.0008333472224535399,0.9995970991136197,-8.058017727639034e-05
43621,36.35143919065318,0.9991941982272361,560,681,1241,0.0,0.0008333472224535399,0.9995165189363433,-8.058017727639034e-05
43622,36.352272537875635,0.9983883964544722,560,681,1241,-0.0008058017727639033,0.0008333472224535399,0.9993553585817907,-0.00016116035455278067
43623,36.35310588509809,0.9991941982272361,560,681,1241,0.0008058017727639033,0.0008333472224535399,0.9992747784045143,-8.058017727639034e-05
43624,36.35393923232054,0.9991941982272361,560,681,1241,0.0,0.0008333472224535399,0.999194198227238,-8.058017727639034e-05
43625,36.354772579542995,1.0,560,681,1241,0.0008058017727639033,0.0008333472224535399,0.999194198227238,0.0
43626,36.35560592676545,1.0,560,681,1241,0.0,0.0008333472224535399,0.9992747784045143,8.058017727639034e-05
43627,36.3564392739879,1.0,560,681,1241,0.0,0.0008333472224535399,0.9993553585817907,8.058017727639034e-05
43628,36.357272621210356,1.0,560,681,1241,0.0,0.0008333472224535399,0.999435938759067,8.058017727639034e-05
43629,36.35810596843281,1.0,560,681,1241,0.0,0.0008333472224535399,0.9995165189363433,8.058017727639034e-05
43630,36.35893931565526,1.0,560,681,1241,0.0,0.0008333472224535399,0.9995970991136197,8.058017727639034e-05
43631,36.35977266287772,1.0,560,681,1241,0.0,0.0008333472224535399,0.999677679290896,8.058017727639034e-05
43632,36.36060601010017,0.9991941982272361,560,681,1241,-0.0008058017727639033,0.0008333472224535399,0.9997582594681724,8.058017727639034e-05
43633,36.361439357322624,0.9991941982272361,560,681,1241,0.0,0.0008333472224535399,0.9997582594681724,0.0
43634,36.36227270454508,0.9991941982272361,560,681,1241,0.0,0.0008333472224535399,0.9997582594681724,0.0
43635,36.36310605176753,0.9991941982272361,560,681,1241,0.0,0.0008333472224535399,0.999677679290896,-8.058017727639034e-05
43636,36.363939398989984,0.9983883964544722,560,681,1241,-0.0008058017727639033,0.0008333472224535399,0.9995165189363433,-0.00016116035455278067
43637,36.36477274621244,1.0,560,681,1241,0.0016116035455278066,0.0008333472224535399,0.9995165189363433,0.0
43638,36.36560609343489,1.0,560,681,1241,0.0,0.0008333472224535399,0.9995165189363433,0.0
43639,36.366439440657345,1.0,560,681,1241,0.0,0.0008333472224535399,0.9995165189363433,0.0
43640,36.3672727878798,1.0,560,681,1241,0.0,0.0008333472224535399,0.9995165189363433,0.0
43641,36.36810613510225,1.0,560,681,1241,0.0,0.0008333472224535399,0.9995165189363433,0.0
43642,36.368939482324706,1.0,560,681,1241,0.0,0.0008333472224535399,0.9995970991136197,8.058017727639034e-05
43643,36.36977282954716,1.0,560,681,1241,0.0,0.0008333472224535399,0.999677679290896,8.058017727639034e-05
43644,36.37060617676961,1.0,560,681,1241,0.0,0.0008333472224535399,0.9997582594681724,8.058017727639034e-05
43645,36.371439523992066,1.0,560,681,1241,0.0,0.0008333472224535399,0.9998388396454487,8.058017727639034e-05
43646,36.37227287121452,1.0,560,681,1241,0.0,0.0008333472224535399,1.0000000000000013,0.00016116035455278067
43647,36.37310621843697,1.0,560,681,1241,0.0,0.0008333472224535399,1.0000000000000013,0.0
43648,36.37393956565943,1.0,560,681,1241,0.0,0.0008333472224535399,1.0000000000000013,0.0
43649,36.37477291288188,1.0,560,681,1241,0.0,0.0008333472224535399,1.0000000000000013,0.0
43650,36.375606260104334,1.0,560,681,1241,0.0,0.0008333472224535399,1.0000000000000013,0.0
43651,36.37643960732679,1.0,560,681,1241,0.0,0.0008333472224535399,1.0000000000000013,0.0
43652,36.37727295454924,1.0,560,681,1241,0.0,0.0008333472224535399,1.0000000000000013,0.0
43653,36.378106301771695,1.0,560,681,1241,0.0,0.0008333472224535399,1.0000000000000013,0.0
43654,36.37893964899415,1.0,560,681,1241,0.0,0.0008333472224535399,1.0000000000000013,0.0
43655,36.3797729962166,1.0,560,681,1241,0.0,0.0008333472224535399,1.0000000000000013,0.0
43656,36.38060634343906,1.0,560,681,1241,0.0,0.0008333472224606453,1.0000000000000013,0.0
43657,36.381439690661516,1.0,560,681,1241,0.0,0.0008333472224535399,1.0000000000000013,0.0
43658,36.38227303788397,0.9991941982272361,560,681,1241,-0.0008058017727639033,0.0008333472224535399,0.999919419822725,-8.058017727639034e-05
43659,36.38310638510642,0.9991941982272361,560,681,1241,0.0,0.0008333472224535399,0.9998388396454487,-8.058017727639034e-05
43660,36.38393973232888,0.9991941982272361,560,681,1241,0.0,0.0008333472224535399,0.9997582594681724,-8.058017727639034e-05
43661,36.38477307955133,0.9991941982272361,560,681,1241,0.0,0.0008333472224535399,0.999677679290896,-8.058017727639034e-05
43662,36.38560642677378,0.9991941982272361,560,681,1241,0.0,0.0008333472224535399,0.9995970991136197,-8.058017727639034e-05
43663,36.38643977399624,1.0,560,681,1241,0.0008058017727639033,0.0008333472224535399,0.9995970991136197,0.0
43664,36.38727312121869,1.0,560,681,1241,0.0,0.0008333472224535399,0.9995970991136197,0.0
43665,36.388106468441144,1.0,560,681,1241,0.0,0.0008333472224535399,0.9995970991136197,0.0
43666,36.3889398156636,1.0,560,681,1241,0.0,0.0008333472224535399,0.9995970991136197,0.0
43667,36.38977316288605,1.0,560,681,1241,0.0,0.0008333472224535399,0.9995970991136197,0.0
43668,36.390606510108505,1.0,560,681,1241,0.0,0.0008333472224535399,0.999677679290896,8.058017727639034e-05
43669,36.39143985733096,1.0,560,681,1241,0.0,0.0008333472224535399,0.9997582594681724,8.058017727639034e-05
43670,36.39227320455341,1.0,560,681,1241,0.0,0.0008333472224535399,0.9998388396454487,8.058017727639034e-05
43671,36.393106551775865,1.0,560,681,1241,0.0,0.0008333472224535399,0.999919419822725,8.058017727639034e-05
43672,36.39393989899832,1.0,560,681,1241,0.0,0.0008333472224535399,1.0000000000000013,8.058017727639034e-05
43673,36.39477324622077,1.0,560,681,1241,0.0,0.0008333472224535399,1.0000000000000013,0.0
43674,36.395606593443226,1.0,560,681,1241,0.0,0.0008333472224535399,1.0000000000000013,0.0
43675,36.39643994066568,1.0,560,681,1241,0.0,0.0008333472224535399,1.0000000000000013,0.0
43676,36.39727328788813,1.0,560,681,1241,0.0,0.0008333472224535399,1.0000000000000013,0.0
43677,36.39810663511059,1.0,560,681,1241,0.0,0.0008333472224535399,1.0000000000000013,0.0
43678,36.39893998233304,1.0,560,681,1241,0.0,0.0008333472224535399,1.0000000000000013,0.0
43679,36.399773329555494,1.0,560,681,1241,0.0,0.0008333472224535399,1.0000000000000013,0.0
43680,36.40060667677795,1.0,560,681,1241,0.0,0.0008333472224535399,1.0000000000000013,0.0
43681,36.4014400240004,1.0,560,681,1241,0.0,0.0008333472224535399,1.0000000000000013,0.0
43682,36.402273371222854,1.0,560,681,1241,0.0,0.0008333472224535399,1.0000000000000013,0.0
43683,36.40310671844531,1.0,560,681,1241,0.0,0.0008333472224535399,1.0000000000000013,0.0
43684,36.40394006566776,1.0,560,681,1241,0.0,0.0008333472224535399,1.0000000000000013,0.0
43685,36.404773412890215,0.9991941982272361,560,681,1241,-0.0008058017727639033,0.0008333472224535399,0.999919419822725,-8.058017727639034e-05
43686,36.40560676011267,1.0,560,681,1241,0.0008058017727639033,0.0008333472224535399,0.999919419822725,0.0
43687,36.40644010733512,1.0,560,681,1241,0.0,0.0008333472224535399,0.999919419822725,0.0
43688,36.407273454557576,0.9991941982272361,560,681,1241,-0.0008058017727639033,0.0008333472224535399,0.9998388396454487,-8.058017727639034e-05
43689,36.40810680178003,1.0,560,681,1241,0.0008058017727639033,0.0008333472224535399,0.9998388396454487,0.0
43690,36.40894014900248,1.0,560,681,1241,0.0,0.0008333472224535399,0.9998388396454487,0.0
43691,36.409773496224936,1.0,560,681,1241,0.0,0.0008333472224535399,0.9998388396454487,0.0
43692,36.41060684344739,1.0,560,681,1241,0.0,0.0008333472224535399,0.9998388396454487,0.0
43693,36.41144019066984,1.0,560,681,1241,0.0,0.0008333472224535399,0.9998388396454487,0.0
43694,36.4122735378923,1.0,560,681,1241,0.0,0.0008333472224535399,0.9998388396454487,0.0
43695,36.41310688511475,0.9991941982272361,560,681,1241,-0.0008058017727639033,0.0008333472224535399,0.9998388396454487,0.0
43696,36.413940232337204,1.0,560,681,1241,0.0008058017727639033,0.0008333472224535399,0.9998388396454487,0.0
43697,36.41477357955966,1.0,560,681,1241,0.0,0.0008333472224535399,0.9998388396454487,0.0
43698,36.41560692678212,1.0,560,681,1241,0.0,0.0008333472224606453,0.999919419822725,8.058017727639034e-05
43699,36.41644027400457,1.0,560,681,1241,0.0,0.0008333472224535399,0.999919419822725,0.0
43700,36.417273621227025,0.9983883964544722,560,681,1241,-0.0016116035455278066,0.0008333472224535399,0.9997582594681724,-0.00016116035455278067
43701,36.41810696844948,0.9991941982272361,560,681,1241,0.0008058017727639033,0.0008333472224535399,0.999677679290896,-8.058017727639034e-05
43702,36.41894031567193,0.9991941982272361,560,681,1241,0.0,0.0008333472224535399,0.9995970991136197,-8.058017727639034e-05
43703,36.419773662894386,1.0,560,681,1241,0.0008058017727639033,0.0008333472224535399,0.9995970991136197,0.0
43704,36.42060701011684,1.0,560,681,1241,0.0,0.0008333472224535399,0.9995970991136197,0.0
43705,36.42144035733929,1.0,560,681,1241,0.0,0.0008333472224535399,0.999677679290896,8.058017727639034e-05
43706,36.422273704561746,1.0,560,681,1241,0.0,0.0008333472224535399,0.999677679290896,0.0
43707,36.4231070517842,1.0,560,681,1241,0.0,0.0008333472224535399,0.999677679290896,0.0
43708,36.42394039900665,1.0,560,681,1241,0.0,0.0008333472224535399,0.999677679290896,0.0
43709,36.42477374622911,1.0,560,681,1241,0.0,0.0008333472224535399,0.999677679290896,0.0
43710,36.42560709345156,1.0,560,681,1241,0.0,0.0008333472224535399,0.9998388396454487,0.00016116035455278067
43711,36.426440440674014,1.0,560,681,1241,0.0,0.0008333472224535399,0.999919419822725,8.058017727639034e-05
43712,36.42727378789647,1.0,560,681,1241,0.0,0.0008333472224535399,1.0000000000000013,8.058017727639034e-05
43713,36.42810713511892,1.0,560,681,1241,0.0,0.0008333472224535399,1.0000000000000013,0.0
43714,36.428940482341375,1.0,560,681,1241,0.0,0.0008333472224535399,1.0000000000000013,0.0
43715,36.42977382956383,1.0,560,681,1241,0.0,0.0008333472224535399,1.0000000000000013,0.0
43716,36.43060717678628,1.0,560,681,1241,0.0,0.0008333472224535399,1.0000000000000013,0.0
43717,36.431440524008735,1.0,560,681,1241,0.0,0.0008333472224535399,1.0000000000000013,0.0
43718,36.43227387123119,1.0,560,681,1241,0.0,0.0008333472224535399,1.0000000000000013,0.0
43719,36.43310721845364,1.0,560,681,1241,0.0,0.0008333472224535399,1.0000000000000013,0.0
43720,36.433940565676096,1.0,560,681,1241,0.0,0.0008333472224535399,1.0000000000000013,0.0
43721,36.43477391289855,1.0,560,681,1241,0.0,0.0008333472224535399,1.0000000000000013,0.0
43722,36.435607260121,1.0,560,681,1241,0.0,0.0008333472224535399,1.0000000000000013,0.0
43723,36.43644060734346,1.0,560,681,1241,0.0,0.0008333472224535399,1.0000000000000013,0.0
43724,36.43727395456591,1.0,560,681,1241,0.0,0.0008333472224535399,1.0000000000000013,0.0
43725,36.438107301788364,1.0,560,681,1241,0.0,0.0008333472224535399,1.0000000000000013,0.0
43726,36.43894064901082,1.0,560,681,1241,0.0,0.0008333472224535399,1.0000000000000013,0.0
43727,36.43977399623327,1.0,560,681,1241,0.0,0.0008333472224535399,1.0000000000000013,0.0
43728,36.440607343455724,1.0,560,681,1241,0.0,0.0008333472224535399,1.0000000000000013,0.0
43729,36.44144069067818,1.0,560,681,1241,0.0,0.0008333472224535399,1.0000000000000013,0.0
43730,36.44227403790063,1.0,560,681,1241,0.0,0.0008333472224535399,1.0000000000000013,0.0
43731,36.443107385123085,1.0,560,681,1241,0.0,0.0008333472224535399,1.0000000000000013,0.0
43732,36.44394073234554,1.0,560,681,1241,0.0,0.0008333472224535399,1.0000000000000013,0.0
43733,36.44477407956799,1.0,560,681,1241,0.0,0.0008333472224535399,1.0000000000000013,0.0
43734,36.445607426790446,1.0,560,681,1241,0.0,0.0008333472224535399,1.0000000000000013,0.0
43735,36.4464407740129,1.0,560,681,1241,0.0,0.0008333472224535399,1.0000000000000013,0.0
43736,36.44727412123535,1.0,560,681,1241,0.0,0.0008333472224535399,1.0000000000000013,0.0
43737,36.448107468457806,1.0,560,681,1241,0.0,0.0008333472224535399,1.0000000000000013,0.0
43738,36.44894081568026,1.0,560,681,1241,0.0,0.0008333472224535399,1.0000000000000013,0.0
43739,36.44977416290271,1.0,560,681,1241,0.0,0.0008333472224535399,1.0000000000000013,0.0
43740,36.45060751012517,1.0,560,681,1241,0.0,0.0008333472224535399,1.0000000000000013,0.0
43741,36.45144085734763,1.0,560,681,1241,0.0,0.0008333472224606453,1.0000000000000013,0.0
43742,36.45227420457008,1.0,560,681,1241,0.0,0.0008333472224535399,1.0000000000000013,0.0
43743,36.453107551792534,1.0,560,681,1241,0.0,0.0008333472224535399,1.0000000000000013,0.0
43744,36.45394089901499,1.0,560,681,1241,0.0,0.0008333472224535399,1.0000000000000013,0.0
43745,36.45477424623744,1.0,560,681,1241,0.0,0.0008333472224535399,1.0000000000000013,0.0
43746,36.455607593459895,1.0,560,681,1241,0.0,0.0008333472224535399,1.0000000000000013,0.0
43747,36.45644094068235,1.0,560,681,1241,0.0,0.0008333472224535399,1.0000000000000013,0.0
43748,36.4572742879048,1.0,560,681,1241,0.0,0.0008333472224535399,1.0000000000000013,0.0
43749,36.458107635127256,1.0,560,681,1241,0.0,0.0008333472224535399,1.0000000000000013,0.0
43750,36.45894098234971,1.0,560,681,1241,0.0,0.0008333472224535399,1.0000000000000013,0.0
43751,36.45977432957216,1.0,560,681,1241,0.0,0.0008333472224535399,1.0000000000000013,0.0
43752,36.460607676794616,1.0,560,681,1241,0.0,0.0008333472224535399,1.0000000000000013,0.0
43753,36.46144102401707,1.0,560,681,1241,0.0,0.0008333472224535399,1.0000000000000013,0.0
43754,36.46227437123952,1.0,560,681,1241,0.0,0.0008333472224535399,1.0000000000000013,0.0
43755,36.46310771846198,1.0,560,681,1241,0.0,0.0008333472224535399,1.0000000000000013,0.0
43756,36.46394106568443,1.0,560,681,1241,0.0,0.0008333472224535399,1.0000000000000013,0.0
43757,36.464774412906884,1.0,560,681,1241,0.0,0.0008333472224535399,1.0000000000000013,0.0
43758,36.46560776012934,1.0,560,681,1241,0.0,0.0008333472224535399,1.0000000000000013,0.0
43759,36.46644110735179,1.0,560,681,1241,0.0,0.0008333472224535399,1.0000000000000013,0.0
43760,36.467274454574245,1.0,560,681,1241,0.0,0.0008333472224535399,1.0000000000000013,0.0
43761,36.4681078017967,1.0,560,681,1241,0.0,0.0008333472224535399,1.0000000000000013,0.0
43762,36.46894114901915,1.0,560,681,1241,0.0,0.0008333472224535399,1.0000000000000013,0.0
43763,36.469774496241605,1.0,560,681,1241,0.0,0.0008333472224535399,1.0000000000000013,0.0
43764,36.47060784346406,1.0,560,681,1241,0.0,0.0008333472224535399,1.0000000000000013,0.0
43765,36.47144119068651,1.0,560,681,1241,0.0,0.0008333472224535399,1.0000000000000013,0.0
43766,36.472274537908966,1.0,560,681,1241,0.0,0.0008333472224535399,1.0000000000000013,0.0
43767,36.47310788513142,1.0,560,681,1241,0.0,0.0008333472224535399,1.0000000000000013,0.0
43768,36.47394123235387,1.0,560,681,1241,0.0,0.0008333472224535399,1.0000000000000013,0.0
43769,36.47477457957633,0.9991941982272361,560,681,1241,-0.0008058017727639033,0.0008333472224535399,0.999919419822725,-8.058017727639034e-05
43770,36.47560792679878,0.9991941982272361,560,681,1241,0.0,0.0008333472224535399,0.9998388396454487,-8.058017727639034e-05
43771,36.476441274021234,0.9991941982272361,560,681,1241,0.0,0.0008333472224535399,0.9997582594681724,-8.058017727639034e-05
43772,36.47727462124369,1.0,560,681,1241,0.0008058017727639033,0.0008333472224535399,0.9997582594681724,0.0
43773,36.47810796846614,1.0,560,681,1241,0.0,0.0008333472224535399,0.9997582594681724,0.0
43774,36.478941315688594,1.0,560,681,1241,0.0,0.0008333472224535399,0.9997582594681724,0.0
43775,36.47977466291105,1.0,560,681,1241,0.0,0.0008333472224535399,0.9997582594681724,0.0
43776,36.4806080101335,1.0,560,681,1241,0.0,0.0008333472224535399,0.9997582594681724,0.0
43777,36.481441357355955,1.0,560,681,1241,0.0,0.0008333472224535399,0.9997582594681724,0.0
43778,36.48227470457841,1.0,560,681,1241,0.0,0.0008333472224535399,0.9997582594681724,0.0
43779,36.48310805180086,1.0,560,681,1241,0.0,0.0008333472224535399,0.9998388396454487,8.058017727639034e-05
43780,36.483941399023315,1.0,560,681,1241,0.0,0.0008333472224535399,0.999919419822725,8.058017727639034e-05
43781,36.48477474624577,1.0,560,681,1241,0.0,0.0008333472224535399,1.0000000000000013,8.058017727639034e-05
43782,36.48560809346822,1.0,560,681,1241,0.0,0.0008333472224535399,1.0000000000000013,0.0
43783,36.48644144069068,1.0,560,681,1241,0.0,0.0008333472224606453,1.0000000000000013,0.0
43784,36.48727478791314,1.0,560,681,1241,0.0,0.0008333472224535399,1.0000000000000013,0.0
43785,36.48810813513559,1.0,560,681,1241,0.0,0.0008333472224535399,1.0000000000000013,0.0
43786,36.488941482358044,1.0,560,681,1241,0.0,0.0008333472224535399,1.0000000000000013,0.0
43787,36.4897748295805,1.0,560,681,1241,0.0,0.0008333472224535399,1.0000000000000013,0.0
43788,36.49060817680295,1.0,560,681,1241,0.0,0.0008333472224535399,1.0000000000000013,0.0
43789,36.491441524025404,1.0,560,681,1241,0.0,0.0008333472224535399,1.0000000000000013,0.0
43790,36.49227487124786,0.9991941982272361,560,681,1241,-0.0008058017727639033,0.0008333472224535399,0.999919419822725,-8.058017727639034e-05
43791,36.49310821847031,0.9991941982272361,560,681,1241,0.0,0.0008333472224535399,0.9998388396454487,-8.058017727639034e-05
43792,36.493941565692765,1.0,560,681,1241,0.0008058017727639033,0.0008333472224535399,0.9998388396454487,0.0
43793,36.49477491291522,1.0,560,681,1241,0.0,0.0008333472224535399,0.9998388396454487,0.0
43794,36.49560826013767,1.0,560,681,1241,0.0,0.0008333472224535399,0.9998388396454487,0.0
43795,36.496441607360126,1.0,560,681,1241,0.0,0.0008333472224535399,0.9998388396454487,0.0
43796,36.49727495458258,1.0,560,681,1241,0.0,0.0008333472224535399,0.9998388396454487,0.0
43797,36.49810830180503,1.0,560,681,1241,0.0,0.0008333472224535399,0.9998388396454487,0.0
43798,36.498941649027486,1.0,560,681,1241,0.0,0.0008333472224535399,0.9998388396454487,0.0
43799,36.49977499624994,1.0,560,681,1241,0.0,0.0008333472224535399,0.9998388396454487,0.0
43800,36.50060834347239,1.0,560,681,1241,0.0,0.0008333472224535399,0.999919419822725,8.058017727639034e-05
43801,36.50144169069485,1.0,560,681,1241,0.0,0.0008333472224535399,1.0000000000000013,8.058017727639034e-05
43802,36.5022750379173,1.0,560,681,1241,0.0,0.0008333472224535399,1.0000000000000013,0.0
43803,36.503108385139754,1.0,560,681,1241,0.0,0.0008333472224535399,1.0000000000000013,0.0
43804,36.50394173236221,0.9991941982272361,560,681,1241,-0.0008058017727639033,0.0008333472224535399,0.999919419822725,-8.058017727639034e-05
43805,36.50477507958466,0.9991941982272361,560,681,1241,0.0,0.0008333472224535399,0.9998388396454487,-8.058017727639034e-05
43806,36.505608426807115,0.9991941982272361,560,681,1241,0.0,0.0008333472224535399,0.9997582594681724,-8.058017727639034e-05
43807,36.50644177402957,0.9991941982272361,560,681,1241,0.0,0.0008333472224535399,0.999677679290896,-8.058017727639034e-05
43808,36.50727512125202,1.0,560,681,1241,0.0008058017727639033,0.0008333472224535399,0.999677679290896,0.0
43809,36.508108468474475,1.0,560,681,1241,0.0,0.0008333472224535399,0.999677679290896,0.0
43810,36.50894181569693,0.9983883964544722,560,681,1241,-0.0016116035455278066,0.0008333472224535399,0.9995165189363433,-0.00016116035455278067
43811,36.50977516291938,0.9975825946817083,560,681,1241,-0.0008058017727639033,0.0008333472224535399,0.9992747784045142,-0.00024174053182917098
43812,36.510608510141836,0.9983883964544722,560,681,1241,0.0008058017727639033,0.0008333472224535399,0.9991136180499612,-0.00016116035455278067
43813,36.51144185736429,0.9983883964544722,560,681,1241,0.0,0.0008333472224535399,0.9989524576954085,-0.00016116035455278067
43814,36.51227520458674,0.9991941982272361,560,681,1241,0.0008058017727639033,0.0008333472224535399,0.9989524576954085,0.0
43815,36.5131085518092,0.9991941982272361,560,681,1241,0.0,0.0008333472224535399,0.9989524576954085,0.0
43816,36.51394189903165,0.9991941982272361,560,681,1241,0.0,0.0008333472224535399,0.9989524576954085,0.0
43817,36.5147752462541,0.9991941982272361,560,681,1241,0.0,0.0008333472224535399,0.9989524576954085,0.0
43818,36.51560859347656,0.9991941982272361,560,681,1241,0.0,0.0008333472224535399,0.9988718775181322,-8.058017727639034e-05
43819,36.51644194069901,0.9991941982272361,560,681,1241,0.0,0.0008333472224535399,0.9987912973408559,-8.058017727639034e-05
43820,36.517275287921464,1.0,560,681,1241,0.0008058017727639033,0.0008333472224535399,0.9989524576954085,0.00016116035455278067
43821,36.51810863514392,1.0,560,681,1241,0.0,0.0008333472224535399,0.9991941982272378,0.00024174053182917098
43822,36.51894198236637,1.0,560,681,1241,0.0,0.0008333472224535399,0.9993553585817907,0.00016116035455278067
43823,36.519775329588825,1.0,560,681,1241,0.0,0.0008333472224535399,0.9995165189363433,0.00016116035455278067
43824,36.52060867681128,1.0,560,681,1241,0.0,0.0008333472224535399,0.9995970991136197,8.058017727639034e-05
43825,36.52144202403374,1.0,560,681,1241,0.0,0.0008333472224606453,0.999677679290896,8.058017727639034e-05
43826,36.52227537125619,1.0,560,681,1241,0.0,0.0008333472224535399,0.9997582594681724,8.058017727639034e-05
43827,36.523108718478646,1.0,560,681,1241,0.0,0.0008333472224535399,0.9998388396454487,8.058017727639034e-05
43828,36.5239420657011,1.0,560,681,1241,0.0,0.0008333472224535399,0.999919419822725,8.058017727639034e-05
43829,36.52477541292355,1.0,560,681,1241,0.0,0.0008333472224535399,1.0000000000000013,8.058017727639034e-05
43830,36.52560876014601,1.0,560,681,1241,0.0,0.0008333472224535399,1.0000000000000013,0.0
43831,36.52644210736846,1.0,560,681,1241,0.0,0.0008333472224535399,1.0000000000000013,0.0
43832,36.527275454590914,1.0,560,681,1241,0.0,0.0008333472224535399,1.0000000000000013,0.0
43833,36.52810880181337,1.0,560,681,1241,0.0,0.0008333472224535399,1.0000000000000013,0.0
43834,36.52894214903582,1.0,560,681,1241,0.0,0.0008333472224535399,1.0000000000000013,0.0
43835,36.529775496258274,1.0,560,681,1241,0.0,0.0008333472224535399,1.0000000000000013,0.0
43836,36.53060884348073,1.0,560,681,1241,0.0,0.0008333472224535399,1.0000000000000013,0.0
43837,36.53144219070318,1.0,560,681,1241,0.0,0.0008333472224535399,1.0000000000000013,0.0
43838,36.532275537925635,1.0,560,681,1241,0.0,0.0008333472224535399,1.0000000000000013,0.0
43839,36.53310888514809,1.0,560,681,1241,0.0,0.0008333472224535399,1.0000000000000013,0.0
43840,36.53394223237054,1.0,560,681,1241,0.0,0.0008333472224535399,1.0000000000000013,0.0
43841,36.534775579592996,1.0,560,681,1241,0.0,0.0008333472224535399,1.0000000000000013,0.0
43842,36.53560892681545,1.0,560,681,1241,0.0,0.0008333472224535399,1.0000000000000013,0.0
43843,36.5364422740379,1.0,560,681,1241,0.0,0.0008333472224535399,1.0000000000000013,0.0
43844,36.537275621260356,1.0,560,681,1241,0.0,0.0008333472224535399,1.0000000000000013,0.0
43845,36.53810896848281,1.0,560,681,1241,0.0,0.0008333472224535399,1.0000000000000013,0.0
43846,36.53894231570526,1.0,560,681,1241,0.0,0.0008333472224535399,1.0000000000000013,0.0
43847,36.53977566292772,1.0,560,681,1241,0.0,0.0008333472224535399,1.0000000000000013,0.0
43848,36.54060901015017,1.0,560,681,1241,0.0,0.0008333472224535399,1.0000000000000013,0.0
43849,36.541442357372624,1.0,560,681,1241,0.0,0.0008333472224535399,1.0000000000000013,0.0
43850,36.54227570459508,1.0,560,681,1241,0.0,0.0008333472224535399,1.0000000000000013,0.0
43851,36.54310905181753,1.0,560,681,1241,0.0,0.0008333472224535399,1.0000000000000013,0.0
43852,36.543942399039985,1.0,560,681,1241,0.0,0.0008333472224535399,1.0000000000000013,0.0
43853,36.54477574626244,1.0,560,681,1241,0.0,0.0008333472224535399,1.0000000000000013,0.0
43854,36.54560909348489,1.0,560,681,1241,0.0,0.0008333472224535399,1.0000000000000013,0.0
43855,36.546442440707345,1.0,560,681,1241,0.0,0.0008333472224535399,1.0000000000000013,0.0
43856,36.5472757879298,1.0,560,681,1241,0.0,0.0008333472224535399,1.0000000000000013,0.0
43857,36.54810913515225,1.0,560,681,1241,0.0,0.0008333472224535399,1.0000000000000013,0.0
43858,36.548942482374706,1.0,560,681,1241,0.0,0.0008333472224535399,1.0000000000000013,0.0
43859,36.54977582959716,1.0,560,681,1241,0.0,0.0008333472224535399,1.0000000000000013,0.0
43860,36.55060917681961,1.0,560,681,1241,0.0,0.0008333472224535399,1.0000000000000013,0.0
43861,36.551442524042066,1.0,560,681,1241,0.0,0.0008333472224535399,1.0000000000000013,0.0
43862,36.55227587126452,1.0,560,681,1241,0.0,0.0008333472224535399,1.0000000000000013,0.0
43863,36.55310921848697,1.0,560,681,1241,0.0,0.0008333472224535399,1.0000000000000013,0.0
43864,36.55394256570943,1.0,560,681,1241,0.0,0.0008333472224535399,1.0000000000000013,0.0
43865,36.55477591293188,1.0,560,681,1241,0.0,0.0008333472224535399,1.0000000000000013,0.0
43866,36.555609260154334,1.0,560,681,1241,0.0,0.0008333472224535399,1.0000000000000013,0.0
43867,36.55644260737679,1.0,560,681,1241,0.0,0.0008333472224535399,1.0000000000000013,0.0
43868,36.55727595459925,1.0,560,681,1241,0.0,0.0008333472224606453,1.0000000000000013,0.0
43869,36.5581093018217,1.0,560,681,1241,0.0,0.0008333472224535399,1.0000000000000013,0.0
43870,36.558942649044155,1.0,560,681,1241,0.0,0.0008333472224535399,1.0000000000000013,0.0
43871,36.55977599626661,1.0,560,681,1241,0.0,0.0008333472224535399,1.0000000000000013,0.0
43872,36.56060934348906,1.0,560,681,1241,0.0,0.0008333472224535399,1.0000000000000013,0.0
43873,36.561442690711516,1.0,560,681,1241,0.0,0.0008333472224535399,1.0000000000000013,0.0
43874,36.56227603793397,1.0,560,681,1241,0.0,0.0008333472224535399,1.0000000000000013,0.0
43875,36.56310938515642,1.0,560,681,1241,0.0,0.0008333472224535399,1.0000000000000013,0.0
43876,36.56394273237888,1.0,560,681,1241,0.0,0.0008333472224535399,1.0000000000000013,0.0
43877,36.56477607960133,1.0,560,681,1241,0.0,0.0008333472224535399,1.0000000000000013,0.0
43878,36.565609426823784,0.9991941982272361,560,681,1241,-0.0008058017727639033,0.0008333472224535399,0.999919419822725,-8.058017727639034e-05
43879,36.56644277404624,0.9991941982272361,560,681,1241,0.0,0.0008333472224535399,0.9998388396454487,-8.058017727639034e-05
43880,36.56727612126869,0.9991941982272361,560,681,1241,0.0,0.0008333472224535399,0.9997582594681724,-8.058017727639034e-05
43881,36.568109468491144,1.0,560,681,1241,0.0008058017727639033,0.0008333472224535399,0.9997582594681724,0.0
43882,36.5689428157136,0.9991941982272361,560,681,1241,-0.0008058017727639033,0.0008333472224535399,0.999677679290896,-8.058017727639034e-05
43883,36.56977616293605,0.9991941982272361,560,681,1241,0.0,0.0008333472224535399,0.9995970991136197,-8.058017727639034e-05
43884,36.570609510158505,1.0,560,681,1241,0.0008058017727639033,0.0008333472224535399,0.9995970991136197,0.0
43885,36.57144285738096,1.0,560,681,1241,0.0,0.0008333472224535399,0.9995970991136197,0.0
43886,36.57227620460341,1.0,560,681,1241,0.0,0.0008333472224535399,0.9995970991136197,0.0
43887,36.573109551825866,1.0,560,681,1241,0.0,0.0008333472224535399,0.9995970991136197,0.0
43888,36.57394289904832,1.0,560,681,1241,0.0,0.0008333472224535399,0.999677679290896,8.058017727639034e-05
43889,36.57477624627077,1.0,560,681,1241,0.0,0.0008333472224535399,0.9997582594681724,8.058017727639034e-05
43890,36.575609593493226,1.0,560,681,1241,0.0,0.0008333472224535399,0.9998388396454487,8.058017727639034e-05
43891,36.57644294071568,1.0,560,681,1241,0.0,0.0008333472224535399,0.9998388396454487,0.0
43892,36.57727628793813,1.0,560,681,1241,0.0,0.0008333472224535399,0.999919419822725,8.058017727639034e-05
43893,36.57810963516059,1.0,560,681,1241,0.0,0.0008333472224535399,1.0000000000000013,8.058017727639034e-05
43894,36.57894298238304,1.0,560,681,1241,0.0,0.0008333472224535399,1.0000000000000013,0.0
43895,36.579776329605494,1.0,560,681,1241,0.0,0.0008333472224535399,1.0000000000000013,0.0
43896,36.58060967682795,1.0,560,681,1241,0.0,0.0008333472224535399,1.0000000000000013,0.0
43897,36.5814430240504,1.0,560,681,1241,0.0,0.0008333472224535399,1.0000000000000013,0.0
43898,36.582276371272854,1.0,560,681,1241,0.0,0.0008333472224535399,1.0000000000000013,0.0
43899,36.58310971849531,1.0,560,681,1241,0.0,0.0008333472224535399,1.0000000000000013,0.0
43900,36.58394306571776,1.0,560,681,1241,0.0,0.0008333472224535399,1.0000000000000013,0.0
43901,36.584776412940215,1.0,560,681,1241,0.0,0.0008333472224535399,1.0000000000000013,0.0
43902,36.58560976016267,1.0,560,681,1241,0.0,0.0008333472224535399,1.0000000000000013,0.0
43903,36.58644310738512,1.0,560,681,1241,0.0,0.0008333472224535399,1.0000000000000013,0.0
43904,36.587276454607576,1.0,560,681,1241,0.0,0.0008333472224535399,1.0000000000000013,0.0
43905,36.58810980183003,1.0,560,681,1241,0.0,0.0008333472224535399,1.0000000000000013,0.0
43906,36.58894314905248,1.0,560,681,1241,0.0,0.0008333472224535399,1.0000000000000013,0.0
43907,36.589776496274936,1.0,560,681,1241,0.0,0.0008333472224535399,1.0000000000000013,0.0
43908,36.59060984349739,1.0,560,681,1241,0.0,0.0008333472224535399,1.0000000000000013,0.0
43909,36.59144319071984,1.0,560,681,1241,0.0,0.0008333472224535399,1.0000000000000013,0.0
43910,36.592276537942304,1.0,560,681,1241,0.0,0.0008333472224606453,1.0000000000000013,0.0
43911,36.59310988516476,1.0,560,681,1241,0.0,0.0008333472224535399,1.0000000000000013,0.0
43912,36.59394323238721,0.9991941982272361,560,681,1241,-0.0008058017727639033,0.0008333472224535399,0.999919419822725,-8.058017727639034e-05
43913,36.594776579609665,1.0,560,681,1241,0.0008058017727639033,0.0008333472224535399,0.999919419822725,0.0
43914,36.59560992683212,1.0,560,681,1241,0.0,0.0008333472224535399,0.999919419822725,0.0
43915,36.59644327405457,1.0,560,681,1241,0.0,0.0008333472224535399,0.999919419822725,0.0
43916,36.597276621277025,1.0,560,681,1241,0.0,0.0008333472224535399,0.999919419822725,0.0
43917,36.59810996849948,1.0,560,681,1241,0.0,0.0008333472224535399,0.999919419822725,0.0
43918,36.59894331572193,1.0,560,681,1241,0.0,0.0008333472224535399,0.999919419822725,0.0
43919,36.599776662944386,1.0,560,681,1241,0.0,0.0008333472224535399,0.999919419822725,0.0
43920,36.60061001016684,1.0,560,681,1241,0.0,0.0008333472224535399,0.999919419822725,0.0
43921,36.60144335738929,0.9991941982272361,560,681,1241,-0.0008058017727639033,0.0008333472224535399,0.9998388396454487,-8.058017727639034e-05
43922,36.60227670461175,0.9991941982272361,560,681,1241,0.0,0.0008333472224535399,0.9998388396454487,0.0
43923,36.6031100518342,0.9983883964544722,560,681,1241,-0.0008058017727639033,0.0008333472224535399,0.999677679290896,-0.00016116035455278067
43924,36.603943399056654,0.9983883964544722,560,681,1241,0.0,0.0008333472224535399,0.9995165189363433,-0.00016116035455278067
43925,36.60477674627911,0.9991941982272361,560,681,1241,0.0008058017727639033,0.0008333472224535399,0.999435938759067,-8.058017727639034e-05
43926,36.60561009350156,0.9991941982272361,560,681,1241,0.0,0.0008333472224535399,0.9993553585817907,-8.058017727639034e-05
43927,36.606443440724014,0.9991941982272361,560,681,1241,0.0,0.0008333472224535399,0.9992747784045143,-8.058017727639034e-05
43928,36.60727678794647,1.0,560,681,1241,0.0008058017727639033,0.0008333472224535399,0.9992747784045143,0.0
43929,36.60811013516892,1.0,560,681,1241,0.0,0.0008333472224535399,0.9992747784045143,0.0
43930,36.608943482391375,1.0,560,681,1241,0.0,0.0008333472224535399,0.9992747784045143,0.0
43931,36.60977682961383,1.0,560,681,1241,0.0,0.0008333472224535399,0.9993553585817907,8.058017727639034e-05
43932,36.61061017683628,1.0,560,681,1241,0.0,0.0008333472224535399,0.999435938759067,8.058017727639034e-05
43933,36.611443524058735,0.9991941982272361,560,681,1241,-0.0008058017727639033,0.0008333472224535399,0.9995165189363433,8.058017727639034e-05
43934,36.61227687128119,1.0,560,681,1241,0.0008058017727639033,0.0008333472224535399,0.999677679290896,0.00016116035455278067
43935,36.61311021850364,0.9991941982272361,560,681,1241,-0.0008058017727639033,0.0008333472224535399,0.999677679290896,0.0
43936,36.613943565726096,1.0,560,681,1241,0.0008058017727639033,0.0008333472224535399,0.9997582594681724,8.058017727639034e-05
43937,36.61477691294855,1.0,560,681,1241,0.0,0.0008333472224535399,0.9998388396454487,8.058017727639034e-05
43938,36.615610260171,1.0,560,681,1241,0.0,0.0008333472224535399,0.9998388396454487,0.0
43939,36.61644360739346,1.0,560,681,1241,0.0,0.0008333472224535399,0.9998388396454487,0.0
43940,36.61727695461591,1.0,560,681,1241,0.0,0.0008333472224535399,0.9998388396454487,0.0
43941,36.618110301838364,1.0,560,681,1241,0.0,0.0008333472224535399,0.9998388396454487,0.0
43942,36.61894364906082,1.0,560,681,1241,0.0,0.0008333472224535399,0.9998388396454487,0.0
43943,36.61977699628327,1.0,560,681,1241,0.0,0.0008333472224535399,0.999919419822725,8.058017727639034e-05
43944,36.620610343505724,1.0,560,681,1241,0.0,0.0008333472224535399,0.999919419822725,0.0
43945,36.62144369072818,1.0,560,681,1241,0.0,0.0008333472224535399,1.0000000000000013,8.058017727639034e-05
43946,36.62227703795063,1.0,560,681,1241,0.0,0.0008333472224535399,1.0000000000000013,0.0
43947,36.623110385173085,1.0,560,681,1241,0.0,0.0008333472224535399,1.0000000000000013,0.0
43948,36.62394373239554,1.0,560,681,1241,0.0,0.0008333472224535399,1.0000000000000013,0.0
43949,36.62477707961799,1.0,560,681,1241,0.0,0.0008333472224535399,1.0000000000000013,0.0
43950,36.625610426840446,1.0,560,681,1241,0.0,0.0008333472224535399,1.0000000000000013,0.0
43951,36.6264437740629,1.0,560,681,1241,0.0,0.0008333472224535399,1.0000000000000013,0.0
43952,36.62727712128536,1.0,560,681,1241,0.0,0.0008333472224606453,1.0000000000000013,0.0
43953,36.62811046850781,1.0,560,681,1241,0.0,0.0008333472224535399,1.0000000000000013,0.0
43954,36.62894381573027,1.0,560,681,1241,0.0,0.0008333472224535399,1.0000000000000013,0.0
43955,36.62977716295272,1.0,560,681,1241,0.0,0.0008333472224535399,1.0000000000000013,0.0
43956,36.630610510175174,1.0,560,681,1241,0.0,0.0008333472224535399,1.0000000000000013,0.0
43957,36.63144385739763,1.0,560,681,1241,0.0,0.0008333472224535399,1.0000000000000013,0.0
43958,36.63227720462008,1.0,560,681,1241,0.0,0.0008333472224535399,1.0000000000000013,0.0
43959,36.633110551842535,1.0,560,681,1241,0.0,0.0008333472224535399,1.0000000000000013,0.0
43960,36.63394389906499,1.0,560,681,1241,0.0,0.0008333472224535399,1.0000000000000013,0.0
43961,36.63477724628744,1.0,560,681,1241,0.0,0.0008333472224535399,1.0000000000000013,0.0
43962,36.635610593509895,1.0,560,681,1241,0.0,0.0008333472224535399,1.0000000000000013,0.0
43963,36.63644394073235,1.0,560,681,1241,0.0,0.0008333472224535399,1.0000000000000013,0.0
43964,36.6372772879548,1.0,560,681,1241,0.0,0.0008333472224535399,1.0000000000000013,0.0
43965,36.638110635177256,1.0,560,681,1241,0.0,0.0008333472224535399,1.0000000000000013,0.0
43966,36.63894398239971,1.0,560,681,1241,0.0,0.0008333472224535399,1.0000000000000013,0.0
43967,36.63977732962216,1.0,560,681,1241,0.0,0.0008333472224535399,1.0000000000000013,0.0
43968,36.64061067684462,1.0,560,681,1241,0.0,0.0008333472224535399,1.0000000000000013,0.0
43969,36.64144402406707,1.0,560,681,1241,0.0,0.0008333472224535399,1.0000000000000013,0.0
43970,36.642277371289524,1.0,560,681,1241,0.0,0.0008333472224535399,1.0000000000000013,0.0
43971,36.64311071851198,0.9991941982272361,560,681,1241,-0.0008058017727639033,0.0008333472224535399,0.999919419822725,-8.058017727639034e-05
43972,36.64394406573443,0.9991941982272361,560,681,1241,0.0,0.0008333472224535399,0.9998388396454487,-8.058017727639034e-05
43973,36.644777412956884,1.0,560,681,1241,0.0008058017727639033,0.0008333472224535399,0.9998388396454487,0.0
43974,36.64561076017934,1.0,560,681,1241,0.0,0.0008333472224535399,0.9998388396454487,0.0
43975,36.64644410740179,1.0,560,681,1241,0.0,0.0008333472224535399,0.9998388396454487,0.0
43976,36.647277454624245,1.0,560,681,1241,0.0,0.0008333472224535399,0.9998388396454487,0.0
43977,36.6481108018467,1.0,560,681,1241,0.0,0.0008333472224535399,0.9998388396454487,0.0
43978,36.64894414906915,1.0,560,681,1241,0.0,0.0008333472224535399,0.9998388396454487,0.0
43979,36.649777496291605,1.0,560,681,1241,0.0,0.0008333472224535399,0.9998388396454487,0.0
43980,36.65061084351406,1.0,560,681,1241,0.0,0.0008333472224535399,0.9998388396454487,0.0
43981,36.65144419073651,1.0,560,681,1241,0.0,0.0008333472224535399,0.999919419822725,8.058017727639034e-05
43982,36.652277537958966,1.0,560,681,1241,0.0,0.0008333472224535399,1.0000000000000013,8.058017727639034e-05
43983,36.65311088518142,1.0,560,681,1241,0.0,0.0008333472224535399,1.0000000000000013,0.0
43984,36.65394423240387,1.0,560,681,1241,0.0,0.0008333472224535399,1.0000000000000013,0.0
43985,36.65477757962633,1.0,560,681,1241,0.0,0.0008333472224535399,1.0000000000000013,0.0
43986,36.65561092684878,1.0,560,681,1241,0.0,0.0008333472224535399,1.0000000000000013,0.0
43987,36.656444274071234,1.0,560,681,1241,0.0,0.0008333472224535399,1.0000000000000013,0.0
43988,36.65727762129369,1.0,560,681,1241,0.0,0.0008333472224535399,1.0000000000000013,0.0
43989,36.65811096851614,1.0,560,681,1241,0.0,0.0008333472224535399,1.0000000000000013,0.0
43990,36.658944315738594,0.9991941982272361,560,681,1241,-0.0008058017727639033,0.0008333472224535399,0.999919419822725,-8.058017727639034e-05
43991,36.65977766296105,0.9991941982272361,560,681,1241,0.0,0.0008333472224535399,0.9998388396454487,-8.058017727639034e-05
43992,36.6606110101835,0.9991941982272361,560,681,1241,0.0,0.0008333472224535399,0.9997582594681724,-8.058017727639034e-05
43993,36.661444357405955,0.9991941982272361,560,681,1241,0.0,0.0008333472224535399,0.999677679290896,-8.058017727639034e-05
43994,36.66227770462841,0.9991941982272361,560,681,1241,0.0,0.0008333472224535399,0.9995970991136197,-8.058017727639034e-05
43995,36.66311105185087,0.9991941982272361,560,681,1241,0.0,0.0008333472224606453,0.9995165189363433,-8.058017727639034e-05
43996,36.66394439907332,0.9991941982272361,560,681,1241,0.0,0.0008333472224535399,0.999435938759067,-8.058017727639034e-05
43997,36.664777746295776,0.9991941982272361,560,681,1241,0.0,0.0008333472224535399,0.9993553585817907,-8.058017727639034e-05
43998,36.66561109351823,0.9991941982272361,560,681,1241,0.0,0.0008333472224535399,0.9992747784045143,-8.058017727639034e-05
43999,36.66644444074068,1.0,560,681,1241,0.0008058017727639033,0.0008333472224535399,0.9992747784045143,0.0
44000,36.66727778796314,1.0,560,681,1241,0.0,0.0008333472224535399,0.9993553585817907,8.058017727639034e-05
44001,36.66811113518559,1.0,560,681,1241,0.0,0.0008333472224535399,0.999435938759067,8.058017727639034e-05
44002,36.668944482408044,1.0,560,681,1241,0.0,0.0008333472224535399,0.9995165189363433,8.058017727639034e-05
44003,36.6697778296305,1.0,560,681,1241,0.0,0.0008333472224535399,0.9995970991136197,8.058017727639034e-05
44004,36.67061117685295,1.0,560,681,1241,0.0,0.0008333472224535399,0.999677679290896,8.058017727639034e-05
44005,36.671444524075405,1.0,560,681,1241,0.0,0.0008333472224535399,0.9997582594681724,8.058017727639034e-05
44006,36.67227787129786,1.0,560,681,1241,0.0,0.0008333472224535399,0.9998388396454487,8.058017727639034e-05
44007,36.67311121852031,1.0,560,681,1241,0.0,0.0008333472224535399,0.999919419822725,8.058017727639034e-05
44008,36.673944565742765,1.0,560,681,1241,0.0,0.0008333472224535399,1.0000000000000013,8.058017727639034e-05
44009,36.67477791296522,0.9991941982272361,560,681,1241,-0.0008058017727639033,0.0008333472224535399,0.999919419822725,-8.058017727639034e-05
44010,36.67561126018767,0.9991941982272361,560,681,1241,0.0,0.0008333472224535399,0.9998388396454487,-8.058017727639034e-05
44011,36.676444607410126,0.9991941982272361,560,681,1241,0.0,0.0008333472224535399,0.9997582594681724,-8.058017727639034e-05
44012,36.67727795463258,0.9991941982272361,560,681,1241,0.0,0.0008333472224535399,0.999677679290896,-8.058017727639034e-05
44013,36.67811130185503,0.9991941982272361,560,681,1241,0.0,0.0008333472224535399,0.9995970991136197,-8.058017727639034e-05
44014,36.678944649077486,0.9991941982272361,560,681,1241,0.0,0.0008333472224535399,0.9995165189363433,-8.058017727639034e-05
44015,36.67977799629994,1.0,560,681,1241,0.0008058017727639033,0.0008333472224535399,0.9995165189363433,0.0
44016,36.68061134352239,1.0,560,681,1241,0.0,0.0008333472224535399,0.9995165189363433,0.0
44017,36.68144469074485,1.0,560,681,1241,0.0,0.0008333472224535399,0.9995165189363433,0.0
44018,36.6822780379673,1.0,560,681,1241,0.0,0.0008333472224535399,0.9995165189363433,0.0
44019,36.683111385189754,1.0,560,681,1241,0.0,0.0008333472224535399,0.9995970991136197,8.058017727639034e-05
44020,36.68394473241221,1.0,560,681,1241,0.0,0.0008333472224535399,0.999677679290896,8.058017727639034e-05
44021,36.68477807963466,1.0,560,681,1241,0.0,0.0008333472224535399,0.9997582594681724,8.058017727639034e-05
44022,36.685611426857115,1.0,560,681,1241,0.0,0.0008333472224535399,0.9998388396454487,8.058017727639034e-05
44023,36.68644477407957,1.0,560,681,1241,0.0,0.0008333472224535399,0.999919419822725,8.058017727639034e-05
44024,36.68727812130202,1.0,560,681,1241,0.0,0.0008333472224535399,1.0000000000000013,8.058017727639034e-05
44025,36.688111468524475,1.0,560,681,1241,0.0,0.0008333472224535399,1.0000000000000013,0.0
44026,36.68894481574693,1.0,560,681,1241,0.0,0.0008333472224535399,1.0000000000000013,0.0
44027,36.68977816296938,1.0,560,681,1241,0.0,0.0008333472224535399,1.0000000000000013,0.0
44028,36.690611510191836,1.0,560,681,1241,0.0,0.0008333472224535399,1.0000000000000013,0.0
44029,36.69144485741429,1.0,560,681,1241,0.0,0.0008333472224535399,1.0000000000000013,0.0
44030,36.69227820463674,1.0,560,681,1241,0.0,0.0008333472224535399,1.0000000000000013,0.0
44031,36.6931115518592,1.0,560,681,1241,0.0,0.0008333472224535399,1.0000000000000013,0.0
44032,36.69394489908165,1.0,560,681,1241,0.0,0.0008333472224535399,1.0000000000000013,0.0
44033,36.694778246304104,1.0,560,681,1241,0.0,0.0008333472224535399,1.0000000000000013,0.0
44034,36.69561159352656,1.0,560,681,1241,0.0,0.0008333472224535399,1.0000000000000013,0.0
44035,36.69644494074901,1.0,560,681,1241,0.0,0.0008333472224535399,1.0000000000000013,0.0
44036,36.697278287971464,1.0,560,681,1241,0.0,0.0008333472224535399,1.0000000000000013,0.0
44037,36.698111635193925,1.0,560,681,1241,0.0,0.0008333472224606453,1.0000000000000013,0.0
44038,36.69894498241638,1.0,560,681,1241,0.0,0.0008333472224535399,1.0000000000000013,0.0
44039,36.69977832963883,1.0,560,681,1241,0.0,0.0008333472224535399,1.0000000000000013,0.0
44040,36.700611676861286,1.0,560,681,1241,0.0,0.0008333472224535399,1.0000000000000013,0.0
44041,36.70144502408374,1.0,560,681,1241,0.0,0.0008333472224535399,1.0000000000000013,0.0
44042,36.70227837130619,1.0,560,681,1241,0.0,0.0008333472224535399,1.0000000000000013,0.0
44043,36.703111718528646,1.0,560,681,1241,0.0,0.0008333472224535399,1.0000000000000013,0.0
44044,36.7039450657511,1.0,560,681,1241,0.0,0.0008333472224535399,1.0000000000000013,0.0
44045,36.70477841297355,1.0,560,681,1241,0.0,0.0008333472224535399,1.0000000000000013,0.0
44046,36.70561176019601,1.0,560,681,1241,0.0,0.0008333472224535399,1.0000000000000013,0.0
44047,36.70644510741846,1.0,560,681,1241,0.0,0.0008333472224535399,1.0000000000000013,0.0
44048,36.707278454640914,1.0,560,681,1241,0.0,0.0008333472224535399,1.0000000000000013,0.0
44049,36.70811180186337,1.0,560,681,1241,0.0,0.0008333472224535399,1.0000000000000013,0.0
44050,36.70894514908582,1.0,560,681,1241,0.0,0.0008333472224535399,1.0000000000000013,0.0
44051,36.709778496308274,1.0,560,681,1241,0.0,0.0008333472224535399,1.0000000000000013,0.0
44052,36.71061184353073,1.0,560,681,1241,0.0,0.0008333472224535399,1.0000000000000013,0.0
44053,36.71144519075318,1.0,560,681,1241,0.0,0.0008333472224535399,1.0000000000000013,0.0
44054,36.712278537975635,1.0,560,681,1241,0.0,0.0008333472224535399,1.0000000000000013,0.0
44055,36.71311188519809,1.0,560,681,1241,0.0,0.0008333472224535399,1.0000000000000013,0.0
44056,36.71394523242054,1.0,560,681,1241,0.0,0.0008333472224535399,1.0000000000000013,0.0
44057,36.714778579642996,1.0,560,681,1241,0.0,0.0008333472224535399,1.0000000000000013,0.0
44058,36.71561192686545,1.0,560,681,1241,0.0,0.0008333472224535399,1.0000000000000013,0.0
44059,36.7164452740879,1.0,560,681,1241,0.0,0.0008333472224535399,1.0000000000000013,0.0
44060,36.717278621310356,1.0,560,681,1241,0.0,0.0008333472224535399,1.0000000000000013,0.0
44061,36.71811196853281,1.0,560,681,1241,0.0,0.0008333472224535399,1.0000000000000013,0.0
44062,36.71894531575526,1.0,560,681,1241,0.0,0.0008333472224535399,1.0000000000000013,0.0
44063,36.71977866297772,1.0,560,681,1241,0.0,0.0008333472224535399,1.0000000000000013,0.0
44064,36.72061201020017,1.0,560,681,1241,0.0,0.0008333472224535399,1.0000000000000013,0.0
44065,36.721445357422624,1.0,560,681,1241,0.0,0.0008333472224535399,1.0000000000000013,0.0
44066,36.72227870464508,1.0,560,681,1241,0.0,0.0008333472224535399,1.0000000000000013,0.0
44067,36.72311205186753,1.0,560,681,1241,0.0,0.0008333472224535399,1.0000000000000013,0.0
44068,36.723945399089985,1.0,560,681,1241,0.0,0.0008333472224535399,1.0000000000000013,0.0
44069,36.72477874631244,1.0,560,681,1241,0.0,0.0008333472224535399,1.0000000000000013,0.0
44070,36.72561209353489,1.0,560,681,1241,0.0,0.0008333472224535399,1.0000000000000013,0.0
44071,36.726445440757345,1.0,560,681,1241,0.0,0.0008333472224535399,1.0000000000000013,0.0
44072,36.7272787879798,1.0,560,681,1241,0.0,0.0008333472224535399,1.0000000000000013,0.0
44073,36.72811213520225,1.0,560,681,1241,0.0,0.0008333472224535399,1.0000000000000013,0.0
44074,36.728945482424706,1.0,560,681,1241,0.0,0.0008333472224535399,1.0000000000000013,0.0
44075,36.72977882964716,1.0,560,681,1241,0.0,0.0008333472224535399,1.0000000000000013,0.0
44076,36.73061217686961,1.0,560,681,1241,0.0,0.0008333472224535399,1.0000000000000013,0.0
44077,36.73144552409207,1.0,560,681,1241,0.0,0.0008333472224535399,1.0000000000000013,0.0
44078,36.73227887131452,1.0,560,681,1241,0.0,0.0008333472224535399,1.0000000000000013,0.0
44079,36.73311221853698,1.0,560,681,1241,0.0,0.0008333472224606453,1.0000000000000013,0.0
44080,36.733945565759434,1.0,560,681,1241,0.0,0.0008333472224535399,1.0000000000000013,0.0
44081,36.73477891298189,1.0,560,681,1241,0.0,0.0008333472224535399,1.0000000000000013,0.0
44082,36.73561226020434,1.0,560,681,1241,0.0,0.0008333472224535399,1.0000000000000013,0.0
44083,36.736445607426795,1.0,560,681,1241,0.0,0.0008333472224535399,1.0000000000000013,0.0
44084,36.73727895464925,1.0,560,681,1241,0.0,0.0008333472224535399,1.0000000000000013,0.0
44085,36.7381123018717,1.0,560,681,1241,0.0,0.0008333472224535399,1.0000000000000013,0.0
44086,36.738945649094155,1.0,560,681,1241,0.0,0.0008333472224535399,1.0000000000000013,0.0
44087,36.73977899631661,1.0,560,681,1241,0.0,0.0008333472224535399,1.0000000000000013,0.0
44088,36.74061234353906,1.0,560,681,1241,0.0,0.0008333472224535399,1.0000000000000013,0.0
44089,36.741445690761516,1.0,560,681,1241,0.0,0.0008333472224535399,1.0000000000000013,0.0
44090,36.74227903798397,1.0,560,681,1241,0.0,0.0008333472224535399,1.0000000000000013,0.0
44091,36.74311238520642,0.9991941982272361,560,681,1241,-0.0008058017727639033,0.0008333472224535399,0.999919419822725,-8.058017727639034e-05
44092,36.74394573242888,0.9991941982272361,560,681,1241,0.0,0.0008333472224535399,0.9998388396454487,-8.058017727639034e-05
44093,36.74477907965133,1.0,560,681,1241,0.0008058017727639033,0.0008333472224535399,0.9998388396454487,0.0
44094,36.745612426873784,1.0,560,681,1241,0.0,0.0008333472224535399,0.9998388396454487,0.0
44095,36.74644577409624,1.0,560,681,1241,0.0,0.0008333472224535399,0.9998388396454487,0.0
44096,36.74727912131869,1.0,560,681,1241,0.0,0.0008333472224535399,0.9998388396454487,0.0
44097,36.748112468541144,0.9991941982272361,560,681,1241,-0.0008058017727639033,0.0008333472224535399,0.9997582594681724,-8.058017727639034e-05
44098,36.7489458157636,0.9991941982272361,560,681,1241,0.0,0.0008333472224535399,0.999677679290896,-8.058017727639034e-05
44099,36.74977916298605,1.0,560,681,1241,0.0008058017727639033,0.0008333472224535399,0.999677679290896,0.0
44100,36.750612510208505,1.0,560,681,1241,0.0,0.0008333472224535399,0.999677679290896,0.0
44101,36.75144585743096,1.0,560,681,1241,0.0,0.0008333472224535399,0.9997582594681724,8.058017727639034e-05
44102,36.75227920465341,1.0,560,681,1241,0.0,0.0008333472224535399,0.9998388396454487,8.058017727639034e-05
44103,36.753112551875866,1.0,560,681,1241,0.0,0.0008333472224535399,0.9998388396454487,0.0
44104,36.75394589909832,1.0,560,681,1241,0.0,0.0008333472224535399,0.9998388396454487,0.0
44105,36.75477924632077,1.0,560,681,1241,0.0,0.0008333472224535399,0.9998388396454487,0.0
44106,36.755612593543226,1.0,560,681,1241,0.0,0.0008333472224535399,0.9998388396454487,0.0
44107,36.75644594076568,1.0,560,681,1241,0.0,0.0008333472224535399,0.999919419822725,8.058017727639034e-05
44108,36.75727928798813,1.0,560,681,1241,0.0,0.0008333472224535399,1.0000000000000013,8.058017727639034e-05
44109,36.75811263521059,1.0,560,681,1241,0.0,0.0008333472224535399,1.0000000000000013,0.0
44110,36.75894598243304,1.0,560,681,1241,0.0,0.0008333472224535399,1.0000000000000013,0.0
44111,36.759779329655494,1.0,560,681,1241,0.0,0.0008333472224535399,1.0000000000000013,0.0
44112,36.76061267687795,0.9991941982272361,560,681,1241,-0.0008058017727639033,0.0008333472224535399,0.999919419822725,-8.058017727639034e-05
44113,36.7614460241004,1.0,560,681,1241,0.0008058017727639033,0.0008333472224535399,0.999919419822725,0.0
44114,36.762279371322855,1.0,560,681,1241,0.0,0.0008333472224535399,0.999919419822725,0.0
44115,36.76311271854531,1.0,560,681,1241,0.0,0.0008333472224535399,0.999919419822725,0.0
44116,36.76394606576776,1.0,560,681,1241,0.0,0.0008333472224535399,0.999919419822725,0.0
44117,36.764779412990215,1.0,560,681,1241,0.0,0.0008333472224535399,0.999919419822725,0.0
44118,36.76561276021267,1.0,560,681,1241,0.0,0.0008333472224535399,0.999919419822725,0.0
44119,36.76644610743512,1.0,560,681,1241,0.0,0.0008333472224535399,0.999919419822725,0.0
44120,36.767279454657576,1.0,560,681,1241,0.0,0.0008333472224535399,0.999919419822725,0.0
44121,36.76811280188003,1.0,560,681,1241,0.0,0.0008333472224535399,0.999919419822725,0.0
44122,36.76894614910249,1.0,560,681,1241,0.0,0.0008333472224606453,1.0000000000000013,8.058017727639034e-05
44123,36.769779496324944,1.0,560,681,1241,0.0,0.0008333472224535399,1.0000000000000013,0.0
44124,36.7706128435474,1.0,560,681,1241,0.0,0.0008333472224535399,1.0000000000000013,0.0
44125,36.77144619076985,1.0,560,681,1241,0.0,0.0008333472224535399,1.0000000000000013,0.0
44126,36.772279537992304,1.0,560,681,1241,0.0,0.0008333472224535399,1.0000000000000013,0.0
44127,36.77311288521476,1.0,560,681,1241,0.0,0.0008333472224535399,1.0000000000000013,0.0
44128,36.77394623243721,1.0,560,681,1241,0.0,0.0008333472224535399,1.0000000000000013,0.0
44129,36.774779579659665,1.0,560,681,1241,0.0,0.0008333472224535399,1.0000000000000013,0.0
44130,36.77561292688212,1.0,560,681,1241,0.0,0.0008333472224535399,1.0000000000000013,0.0
44131,36.77644627410457,1.0,560,681,1241,0.0,0.0008333472224535399,1.0000000000000013,0.0
44132,36.777279621327025,1.0,560,681,1241,0.0,0.0008333472224535399,1.0000000000000013,0.0
44133,36.77811296854948,1.0,560,681,1241,0.0,0.0008333472224535399,1.0000000000000013,0.0
44134,36.77894631577193,1.0,560,681,1241,0.0,0.0008333472224535399,1.0000000000000013,0.0
44135,36.779779662994386,1.0,560,681,1241,0.0,0.0008333472224535399,1.0000000000000013,0.0
44136,36.78061301021684,1.0,560,681,1241,0.0,0.0008333472224535399,1.0000000000000013,0.0
44137,36.78144635743929,1.0,560,681,1241,0.0,0.0008333472224535399,1.0000000000000013,0.0
44138,36.78227970466175,1.0,560,681,1241,0.0,0.0008333472224535399,1.0000000000000013,0.0
44139,36.7831130518842,1.0,560,681,1241,0.0,0.0008333472224535399,1.0000000000000013,0.0
44140,36.783946399106654,1.0,560,681,1241,0.0,0.0008333472224535399,1.0000000000000013,0.0
44141,36.78477974632911,1.0,560,681,1241,0.0,0.0008333472224535399,1.0000000000000013,0.0
44142,36.78561309355156,1.0,560,681,1241,0.0,0.0008333472224535399,1.0000000000000013,0.0
44143,36.786446440774014,1.0,560,681,1241,0.0,0.0008333472224535399,1.0000000000000013,0.0
44144,36.78727978799647,1.0,560,681,1241,0.0,0.0008333472224535399,1.0000000000000013,0.0
44145,36.78811313521892,1.0,560,681,1241,0.0,0.0008333472224535399,1.0000000000000013,0.0
44146,36.788946482441375,1.0,560,681,1241,0.0,0.0008333472224535399,1.0000000000000013,0.0
44147,36.78977982966383,1.0,560,681,1241,0.0,0.0008333472224535399,1.0000000000000013,0.0
44148,36.79061317688628,1.0,560,681,1241,0.0,0.0008333472224535399,1.0000000000000013,0.0
44149,36.791446524108736,1.0,560,681,1241,0.0,0.0008333472224535399,1.0000000000000013,0.0
44150,36.79227987133119,1.0,560,681,1241,0.0,0.0008333472224535399,1.0000000000000013,0.0
44151,36.79311321855364,0.9991941982272361,560,681,1241,-0.0008058017727639033,0.0008333472224535399,0.999919419822725,-8.058017727639034e-05
44152,36.793946565776096,1.0,560,681,1241,0.0008058017727639033,0.0008333472224535399,0.999919419822725,0.0
44153,36.79477991299855,1.0,560,681,1241,0.0,0.0008333472224535399,0.999919419822725,0.0
44154,36.795613260221,1.0,560,681,1241,0.0,0.0008333472224535399,0.999919419822725,0.0
44155,36.79644660744346,1.0,560,681,1241,0.0,0.0008333472224535399,0.999919419822725,0.0
44156,36.79727995466591,1.0,560,681,1241,0.0,0.0008333472224535399,0.999919419822725,0.0
44157,36.798113301888364,1.0,560,681,1241,0.0,0.0008333472224535399,0.999919419822725,0.0
44158,36.79894664911082,1.0,560,681,1241,0.0,0.0008333472224535399,0.999919419822725,0.0
44159,36.79977999633327,1.0,560,681,1241,0.0,0.0008333472224535399,0.999919419822725,0.0
44160,36.800613343555725,1.0,560,681,1241,0.0,0.0008333472224535399,0.999919419822725,0.0
44161,36.80144669077818,1.0,560,681,1241,0.0,0.0008333472224535399,1.0000000000000013,8.058017727639034e-05
44162,36.80228003800063,1.0,560,681,1241,0.0,0.0008333472224535399,1.0000000000000013,0.0
44163,36.803113385223085,1.0,560,681,1241,0.0,0.0008333472224535399,1.0000000000000013,0.0
44164,36.803946732445546,1.0,560,681,1241,0.0,0.0008333472224606453,1.0000000000000013,0.0
44165,36.804780079668,1.0,560,681,1241,0.0,0.0008333472224535399,1.0000000000000013,0.0
44166,36.80561342689045,1.0,560,681,1241,0.0,0.0008333472224535399,1.0000000000000013,0.0
44167,36.806446774112906,1.0,560,681,1241,0.0,0.0008333472224535399,1.0000000000000013,0.0
44168,36.80728012133536,1.0,560,681,1241,0.0,0.0008333472224535399,1.0000000000000013,0.0
44169,36.80811346855781,1.0,560,681,1241,0.0,0.0008333472224535399,1.0000000000000013,0.0
44170,36.80894681578027,1.0,560,681,1241,0.0,0.0008333472224535399,1.0000000000000013,0.0
44171,36.80978016300272,1.0,560,681,1241,0.0,0.0008333472224535399,1.0000000000000013,0.0
44172,36.810613510225174,1.0,560,681,1241,0.0,0.0008333472224535399,1.0000000000000013,0.0
44173,36.81144685744763,1.0,560,681,1241,0.0,0.0008333472224535399,1.0000000000000013,0.0
44174,36.81228020467008,1.0,560,681,1241,0.0,0.0008333472224535399,1.0000000000000013,0.0
44175,36.813113551892535,1.0,560,681,1241,0.0,0.0008333472224535399,1.0000000000000013,0.0
44176,36.81394689911499,1.0,560,681,1241,0.0,0.0008333472224535399,1.0000000000000013,0.0
44177,36.81478024633744,1.0,560,681,1241,0.0,0.0008333472224535399,1.0000000000000013,0.0
44178,36.815613593559895,1.0,560,681,1241,0.0,0.0008333472224535399,1.0000000000000013,0.0
44179,36.81644694078235,1.0,560,681,1241,0.0,0.0008333472224535399,1.0000000000000013,0.0
44180,36.8172802880048,1.0,560,681,1241,0.0,0.0008333472224535399,1.0000000000000013,0.0
44181,36.818113635227256,1.0,560,681,1241,0.0,0.0008333472224535399,1.0000000000000013,0.0
44182,36.81894698244971,1.0,560,681,1241,0.0,0.0008333472224535399,1.0000000000000013,0.0
44183,36.81978032967216,1.0,560,681,1241,0.0,0.0008333472224535399,1.0000000000000013,0.0
44184,36.82061367689462,1.0,560,681,1241,0.0,0.0008333472224535399,1.0000000000000013,0.0
44185,36.82144702411707,1.0,560,681,1241,0.0,0.0008333472224535399,1.0000000000000013,0.0
44186,36.822280371339524,1.0,560,681,1241,0.0,0.0008333472224535399,1.0000000000000013,0.0
44187,36.82311371856198,1.0,560,681,1241,0.0,0.0008333472224535399,1.0000000000000013,0.0
44188,36.82394706578443,1.0,560,681,1241,0.0,0.0008333472224535399,1.0000000000000013,0.0
44189,36.824780413006884,1.0,560,681,1241,0.0,0.0008333472224535399,1.0000000000000013,0.0
44190,36.82561376022934,1.0,560,681,1241,0.0,0.0008333472224535399,1.0000000000000013,0.0
44191,36.82644710745179,1.0,560,681,1241,0.0,0.0008333472224535399,1.0000000000000013,0.0
44192,36.827280454674245,1.0,560,681,1241,0.0,0.0008333472224535399,1.0000000000000013,0.0
44193,36.8281138018967,1.0,560,681,1241,0.0,0.0008333472224535399,1.0000000000000013,0.0
44194,36.82894714911915,1.0,560,681,1241,0.0,0.0008333472224535399,1.0000000000000013,0.0
44195,36.829780496341606,1.0,560,681,1241,0.0,0.0008333472224535399,1.0000000000000013,0.0
44196,36.83061384356406,0.9991941982272361,560,681,1241,-0.0008058017727639033,0.0008333472224535399,0.999919419822725,-8.058017727639034e-05
44197,36.83144719078651,1.0,560,681,1241,0.0008058017727639033,0.0008333472224535399,0.999919419822725,0.0
44198,36.832280538008966,1.0,560,681,1241,0.0,0.0008333472224535399,0.999919419822725,0.0
44199,36.83311388523142,1.0,560,681,1241,0.0,0.0008333472224535399,0.999919419822725,0.0
44200,36.83394723245387,1.0,560,681,1241,0.0,0.0008333472224535399,0.999919419822725,0.0
44201,36.83478057967633,1.0,560,681,1241,0.0,0.0008333472224535399,0.999919419822725,0.0
44202,36.83561392689878,1.0,560,681,1241,0.0,0.0008333472224535399,0.999919419822725,0.0
44203,36.836447274121234,1.0,560,681,1241,0.0,0.0008333472224535399,0.999919419822725,0.0
44204,36.83728062134369,1.0,560,681,1241,0.0,0.0008333472224535399,0.999919419822725,0.0
44205,36.83811396856614,1.0,560,681,1241,0.0,0.0008333472224535399,0.999919419822725,0.0
44206,36.838947315788594,1.0,560,681,1241,0.0,0.0008333472224535399,1.0000000000000013,8.058017727639034e-05
44207,36.839780663011055,1.0,560,681,1241,0.0,0.0008333472224606453,1.0000000000000013,0.0
44208,36.84061401023351,1.0,560,681,1241,0.0,0.0008333472224535399,1.0000000000000013,0.0
44209,36.84144735745596,1.0,560,681,1241,0.0,0.0008333472224535399,1.0000000000000013,0.0
44210,36.842280704678416,1.0,560,681,1241,0.0,0.0008333472224535399,1.0000000000000013,0.0
44211,36.84311405190087,1.0,560,681,1241,0.0,0.0008333472224535399,1.0000000000000013,0.0
44212,36.84394739912332,1.0,560,681,1241,0.0,0.0008333472224535399,1.0000000000000013,0.0
44213,36.844780746345776,1.0,560,681,1241,0.0,0.0008333472224535399,1.0000000000000013,0.0
44214,36.84561409356823,1.0,560,681,1241,0.0,0.0008333472224535399,1.0000000000000013,0.0
44215,36.84644744079068,1.0,560,681,1241,0.0,0.0008333472224535399,1.0000000000000013,0.0
44216,36.84728078801314,1.0,560,681,1241,0.0,0.0008333472224535399,1.0000000000000013,0.0
44217,36.84811413523559,1.0,560,681,1241,0.0,0.0008333472224535399,1.0000000000000013,0.0
44218,36.848947482458044,0.9991941982272361,560,681,1241,-0.0008058017727639033,0.0008333472224535399,0.999919419822725,-8.058017727639034e-05
44219,36.8497808296805,0.9991941982272361,560,681,1241,0.0,0.0008333472224535399,0.9998388396454487,-8.058017727639034e-05
44220,36.85061417690295,0.9991941982272361,560,681,1241,0.0,0.0008333472224535399,0.9997582594681724,-8.058017727639034e-05
44221,36.851447524125405,1.0,560,681,1241,0.0008058017727639033,0.0008333472224535399,0.9997582594681724,0.0
44222,36.85228087134786,1.0,560,681,1241,0.0,0.0008333472224535399,0.9997582594681724,0.0
44223,36.85311421857031,1.0,560,681,1241,0.0,0.0008333472224535399,0.9997582594681724,0.0
44224,36.853947565792765,1.0,560,681,1241,0.0,0.0008333472224535399,0.9997582594681724,0.0
44225,36.85478091301522,1.0,560,681,1241,0.0,0.0008333472224535399,0.9997582594681724,0.0
44226,36.85561426023767,1.0,560,681,1241,0.0,0.0008333472224535399,0.9997582594681724,0.0
44227,36.856447607460126,1.0,560,681,1241,0.0,0.0008333472224535399,0.9997582594681724,0.0
44228,36.85728095468258,1.0,560,681,1241,0.0,0.0008333472224535399,0.9998388396454487,8.058017727639034e-05
44229,36.85811430190503,1.0,560,681,1241,0.0,0.0008333472224535399,0.999919419822725,8.058017727639034e-05
44230,36.85894764912749,1.0,560,681,1241,0.0,0.0008333472224535399,1.0000000000000013,8.058017727639034e-05
44231,36.85978099634994,1.0,560,681,1241,0.0,0.0008333472224535399,1.0000000000000013,0.0
44232,36.860614343572394,1.0,560,681,1241,0.0,0.0008333472224535399,1.0000000000000013,0.0
44233,36.86144769079485,1.0,560,681,1241,0.0,0.0008333472224535399,1.0000000000000013,0.0
44234,36.8622810380173,1.0,560,681,1241,0.0,0.0008333472224535399,1.0000000000000013,0.0
44235,36.863114385239754,0.9991941982272361,560,681,1241,-0.0008058017727639033,0.0008333472224535399,0.999919419822725,-8.058017727639034e-05
44236,36.86394773246221,0.9991941982272361,560,681,1241,0.0,0.0008333472224535399,0.9998388396454487,-8.058017727639034e-05
44237,36.86478107968466,0.9991941982272361,560,681,1241,0.0,0.0008333472224535399,0.9997582594681724,-8.058017727639034e-05
44238,36.865614426907115,0.9983883964544722,560,681,1241,-0.0008058017727639033,0.0008333472224535399,0.9995970991136197,-0.00016116035455278067
44239,36.86644777412957,0.9975825946817083,560,681,1241,-0.0008058017727639033,0.0008333472224535399,0.9993553585817905,-0.00024174053182917098
44240,36.86728112135202,0.9983883964544722,560,681,1241,0.0008058017727639033,0.0008333472224535399,0.9991941982272377,-0.00016116035455278067
44241,36.868114468574475,0.9991941982272361,560,681,1241,0.0008058017727639033,0.0008333472224535399,0.9991136180499612,-8.058017727639034e-05
44242,36.86894781579693,1.0,560,681,1241,0.0008058017727639033,0.0008333472224535399,0.9991136180499612,0.0
44243,36.86978116301938,1.0,560,681,1241,0.0,0.0008333472224535399,0.9991136180499612,0.0
44244,36.870614510241836,1.0,560,681,1241,0.0,0.0008333472224535399,0.9991136180499612,0.0
44245,36.87144785746429,1.0,560,681,1241,0.0,0.0008333472224535399,0.9991941982272377,8.058017727639034e-05
44246,36.87228120468674,1.0,560,681,1241,0.0,0.0008333472224535399,0.999274778404514,8.058017727639034e-05
44247,36.8731145519092,1.0,560,681,1241,0.0,0.0008333472224535399,0.9993553585817903,8.058017727639034e-05
44248,36.87394789913165,1.0,560,681,1241,0.0,0.0008333472224535399,0.999516518936343,0.00016116035455278067
44249,36.87478124635411,1.0,560,681,1241,0.0,0.0008333472224606453,0.9997582594681722,0.00024174053182917098
44250,36.875614593576564,1.0,560,681,1241,0.0,0.0008333472224535399,0.999919419822725,0.00016116035455278067
44251,36.87644794079902,1.0,560,681,1241,0.0,0.0008333472224535399,1.0000000000000013,8.058017727639034e-05
44252,36.87728128802147,1.0,560,681,1241,0.0,0.0008333472224535399,1.0000000000000013,0.0
44253,36.878114635243925,1.0,560,681,1241,0.0,0.0008333472224535399,1.0000000000000013,0.0
44254,36.87894798246638,1.0,560,681,1241,0.0,0.0008333472224535399,1.0000000000000013,0.0
44255,36.87978132968883,1.0,560,681,1241,0.0,0.0008333472224535399,1.0000000000000013,0.0
44256,36.880614676911286,1.0,560,681,1241,0.0,0.0008333472224535399,1.0000000000000013,0.0
44257,36.88144802413374,1.0,560,681,1241,0.0,0.0008333472224535399,1.0000000000000013,0.0
44258,36.88228137135619,1.0,560,681,1241,0.0,0.0008333472224535399,1.0000000000000013,0.0
44259,36.883114718578646,1.0,560,681,1241,0.0,0.0008333472224535399,1.0000000000000013,0.0
44260,36.8839480658011,1.0,560,681,1241,0.0,0.0008333472224535399,1.0000000000000013,0.0
44261,36.88478141302355,0.9991941982272361,560,681,1241,-0.0008058017727639033,0.0008333472224535399,0.999919419822725,-8.058017727639034e-05
44262,36.88561476024601,0.9991941982272361,560,681,1241,0.0,0.0008333472224535399,0.9998388396454487,-8.058017727639034e-05
44263,36.88644810746846,0.9991941982272361,560,681,1241,0.0,0.0008333472224535399,0.9997582594681724,-8.058017727639034e-05
44264,36.887281454690914,1.0,560,681,1241,0.0008058017727639033,0.0008333472224535399,0.9997582594681724,0.0
44265,36.88811480191337,1.0,560,681,1241,0.0,0.0008333472224535399,0.9997582594681724,0.0
44266,36.88894814913582,1.0,560,681,1241,0.0,0.0008333472224535399,0.9997582594681724,0.0
44267,36.889781496358275,1.0,560,681,1241,0.0,0.0008333472224535399,0.9997582594681724,0.0
44268,36.89061484358073,0.9991941982272361,560,681,1241,-0.0008058017727639033,0.0008333472224535399,0.999677679290896,-8.058017727639034e-05
44269,36.89144819080318,1.0,560,681,1241,0.0008058017727639033,0.0008333472224535399,0.999677679290896,0.0
44270,36.892281538025635,1.0,560,681,1241,0.0,0.0008333472224535399,0.999677679290896,0.0
44271,36.89311488524809,1.0,560,681,1241,0.0,0.0008333472224535399,0.9997582594681724,8.058017727639034e-05
44272,36.89394823247054,1.0,560,681,1241,0.0,0.0008333472224535399,0.9998388396454487,8.058017727639034e-05
44273,36.894781579692996,0.9991941982272361,560,681,1241,-0.0008058017727639033,0.0008333472224535399,0.9998388396454487,0.0
44274,36.89561492691545,1.0,560,681,1241,0.0008058017727639033,0.0008333472224535399,0.9998388396454487,0.0
44275,36.8964482741379,1.0,560,681,1241,0.0,0.0008333472224535399,0.9998388396454487,0.0
44276,36.89728162136036,1.0,560,681,1241,0.0,0.0008333472224535399,0.9998388396454487,0.0
44277,36.89811496858281,1.0,560,681,1241,0.0,0.0008333472224535399,0.9998388396454487,0.0
44278,36.898948315805264,1.0,560,681,1241,0.0,0.0008333472224535399,0.999919419822725,8.058017727639034e-05
44279,36.89978166302772,1.0,560,681,1241,0.0,0.0008333472224535399,0.999919419822725,0.0
44280,36.90061501025017,1.0,560,681,1241,0.0,0.0008333472224535399,0.999919419822725,0.0
44281,36.901448357472624,1.0,560,681,1241,0.0,0.0008333472224535399,0.999919419822725,0.0
44282,36.90228170469508,1.0,560,681,1241,0.0,0.0008333472224535399,0.999919419822725,0.0
44283,36.90311505191753,1.0,560,681,1241,0.0,0.0008333472224535399,1.0000000000000013,8.058017727639034e-05
44284,36.903948399139985,1.0,560,681,1241,0.0,0.0008333472224535399,1.0000000000000013,0.0
44285,36.90478174636244,1.0,560,681,1241,0.0,0.0008333472224535399,1.0000000000000013,0.0
44286,36.90561509358489,1.0,560,681,1241,0.0,0.0008333472224535399,1.0000000000000013,0.0
44287,36.906448440807345,1.0,560,681,1241,0.0,0.0008333472224535399,1.0000000000000013,0.0
44288,36.9072817880298,1.0,560,681,1241,0.0,0.0008333472224535399,1.0000000000000013,0.0
44289,36.90811513525225,1.0,560,681,1241,0.0,0.0008333472224535399,1.0000000000000013,0.0
44290,36.908948482474706,0.9991941982272361,560,681,1241,-0.0008058017727639033,0.0008333472224535399,0.999919419822725,-8.058017727639034e-05
44291,36.90978182969717,1.0,560,681,1241,0.0008058017727639033,0.0008333472224606453,0.999919419822725,0.0
44292,36.91061517691962,1.0,560,681,1241,0.0,0.0008333472224535399,0.999919419822725,0.0
44293,36.911448524142074,1.0,560,681,1241,0.0,0.0008333472224535399,0.999919419822725,0.0
44294,36.91228187136453,1.0,560,681,1241,0.0,0.0008333472224535399,0.999919419822725,0.0
44295,36.91311521858698,1.0,560,681,1241,0.0,0.0008333472224535399,0.999919419822725,0.0
44296,36.913948565809434,1.0,560,681,1241,0.0,0.0008333472224535399,0.999919419822725,0.0
44297,36.91478191303189,1.0,560,681,1241,0.0,0.0008333472224535399,0.999919419822725,0.0
44298,36.91561526025434,1.0,560,681,1241,0.0,0.0008333472224535399,0.999919419822725,0.0
44299,36.916448607476795,1.0,560,681,1241,0.0,0.0008333472224535399,0.999919419822725,0.0
44300,36.91728195469925,1.0,560,681,1241,0.0,0.0008333472224535399,1.0000000000000013,8.058017727639034e-05
44301,36.9181153019217,1.0,560,681,1241,0.0,0.0008333472224535399,1.0000000000000013,0.0
44302,36.918948649144156,1.0,560,681,1241,0.0,0.0008333472224535399,1.0000000000000013,0.0
44303,36.91978199636661,1.0,560,681,1241,0.0,0.0008333472224535399,1.0000000000000013,0.0
44304,36.92061534358906,1.0,560,681,1241,0.0,0.0008333472224535399,1.0000000000000013,0.0
44305,36.921448690811516,1.0,560,681,1241,0.0,0.0008333472224535399,1.0000000000000013,0.0
44306,36.92228203803397,1.0,560,681,1241,0.0,0.0008333472224535399,1.0000000000000013,0.0
44307,36.92311538525642,1.0,560,681,1241,0.0,0.0008333472224535399,1.0000000000000013,0.0
44308,36.92394873247888,1.0,560,681,1241,0.0,0.0008333472224535399,1.0000000000000013,0.0
44309,36.92478207970133,1.0,560,681,1241,0.0,0.0008333472224535399,1.0000000000000013,0.0
44310,36.925615426923784,1.0,560,681,1241,0.0,0.0008333472224535399,1.0000000000000013,0.0
44311,36.92644877414624,1.0,560,681,1241,0.0,0.0008333472224535399,1.0000000000000013,0.0
44312,36.92728212136869,1.0,560,681,1241,0.0,0.0008333472224535399,1.0000000000000013,0.0
44313,36.928115468591145,1.0,560,681,1241,0.0,0.0008333472224535399,1.0000000000000013,0.0
44314,36.9289488158136,1.0,560,681,1241,0.0,0.0008333472224535399,1.0000000000000013,0.0
44315,36.92978216303605,1.0,560,681,1241,0.0,0.0008333472224535399,1.0000000000000013,0.0
44316,36.930615510258505,1.0,560,681,1241,0.0,0.0008333472224535399,1.0000000000000013,0.0
44317,36.93144885748096,1.0,560,681,1241,0.0,0.0008333472224535399,1.0000000000000013,0.0
44318,36.93228220470341,1.0,560,681,1241,0.0,0.0008333472224535399,1.0000000000000013,0.0
44319,36.933115551925866,1.0,560,681,1241,0.0,0.0008333472224535399,1.0000000000000013,0.0
44320,36.93394889914832,1.0,560,681,1241,0.0,0.0008333472224535399,1.0000000000000013,0.0
44321,36.93478224637077,1.0,560,681,1241,0.0,0.0008333472224535399,1.0000000000000013,0.0
44322,36.935615593593226,1.0,560,681,1241,0.0,0.0008333472224535399,1.0000000000000013,0.0
44323,36.93644894081568,1.0,560,681,1241,0.0,0.0008333472224535399,1.0000000000000013,0.0
44324,36.93728228803813,1.0,560,681,1241,0.0,0.0008333472224535399,1.0000000000000013,0.0
44325,36.93811563526059,1.0,560,681,1241,0.0,0.0008333472224535399,1.0000000000000013,0.0
44326,36.93894898248304,1.0,560,681,1241,0.0,0.0008333472224535399,1.0000000000000013,0.0
44327,36.939782329705494,1.0,560,681,1241,0.0,0.0008333472224535399,1.0000000000000013,0.0
44328,36.94061567692795,1.0,560,681,1241,0.0,0.0008333472224535399,1.0000000000000013,0.0
44329,36.9414490241504,1.0,560,681,1241,0.0,0.0008333472224535399,1.0000000000000013,0.0
44330,36.942282371372855,0.9991941982272361,560,681,1241,-0.0008058017727639033,0.0008333472224535399,0.999919419822725,-8.058017727639034e-05
44331,36.94311571859531,0.9991941982272361,560,681,1241,0.0,0.0008333472224535399,0.9998388396454487,-8.058017727639034e-05
44332,36.94394906581776,1.0,560,681,1241,0.0008058017727639033,0.0008333472224535399,0.9998388396454487,0.0
44333,36.944782413040215,1.0,560,681,1241,0.0,0.0008333472224535399,0.9998388396454487,0.0
44334,36.945615760262676,1.0,560,681,1241,0.0,0.0008333472224606453,0.9998388396454487,0.0
44335,36.94644910748513,1.0,560,681,1241,0.0,0.0008333472224535399,0.9998388396454487,0.0
44336,36.94728245470758,1.0,560,681,1241,0.0,0.0008333472224535399,0.9998388396454487,0.0
44337,36.94811580193004,1.0,560,681,1241,0.0,0.0008333472224535399,0.9998388396454487,0.0
44338,36.94894914915249,1.0,560,681,1241,0.0,0.0008333472224535399,0.9998388396454487,0.0
44339,36.949782496374944,1.0,560,681,1241,0.0,0.0008333472224535399,0.9998388396454487,0.0
44340,36.9506158435974,1.0,560,681,1241,0.0,0.0008333472224535399,0.999919419822725,8.058017727639034e-05
44341,36.95144919081985,1.0,560,681,1241,0.0,0.0008333472224535399,1.0000000000000013,8.058017727639034e-05
44342,36.952282538042304,1.0,560,681,1241,0.0,0.0008333472224535399,1.0000000000000013,0.0
44343,36.95311588526476,1.0,560,681,1241,0.0,0.0008333472224535399,1.0000000000000013,0.0
44344,36.95394923248721,1.0,560,681,1241,0.0,0.0008333472224535399,1.0000000000000013,0.0
44345,36.954782579709665,1.0,560,681,1241,0.0,0.0008333472224535399,1.0000000000000013,0.0
44346,36.95561592693212,1.0,560,681,1241,0.0,0.0008333472224535399,1.0000000000000013,0.0
44347,36.95644927415457,1.0,560,681,1241,0.0,0.0008333472224535399,1.0000000000000013,0.0
44348,36.957282621377026,1.0,560,681,1241,0.0,0.0008333472224535399,1.0000000000000013,0.0
44349,36.95811596859948,1.0,560,681,1241,0.0,0.0008333472224535399,1.0000000000000013,0.0
44350,36.95894931582193,1.0,560,681,1241,0.0,0.0008333472224535399,1.0000000000000013,0.0
44351,36.959782663044386,1.0,560,681,1241,0.0,0.0008333472224535399,1.0000000000000013,0.0
44352,36.96061601026684,1.0,560,681,1241,0.0,0.0008333472224535399,1.0000000000000013,0.0
44353,36.96144935748929,1.0,560,681,1241,0.0,0.0008333472224535399,1.0000000000000013,0.0
44354,36.96228270471175,1.0,560,681,1241,0.0,0.0008333472224535399,1.0000000000000013,0.0
44355,36.9631160519342,1.0,560,681,1241,0.0,0.0008333472224535399,1.0000000000000013,0.0
44356,36.963949399156654,1.0,560,681,1241,0.0,0.0008333472224535399,1.0000000000000013,0.0
44357,36.96478274637911,1.0,560,681,1241,0.0,0.0008333472224535399,1.0000000000000013,0.0
44358,36.96561609360156,1.0,560,681,1241,0.0,0.0008333472224535399,1.0000000000000013,0.0
44359,36.966449440824015,1.0,560,681,1241,0.0,0.0008333472224535399,1.0000000000000013,0.0
44360,36.96728278804647,1.0,560,681,1241,0.0,0.0008333472224535399,1.0000000000000013,0.0
44361,36.96811613526892,1.0,560,681,1241,0.0,0.0008333472224535399,1.0000000000000013,0.0
44362,36.968949482491375,1.0,560,681,1241,0.0,0.0008333472224535399,1.0000000000000013,0.0
44363,36.96978282971383,1.0,560,681,1241,0.0,0.0008333472224535399,1.0000000000000013,0.0
44364,36.97061617693628,1.0,560,681,1241,0.0,0.0008333472224535399,1.0000000000000013,0.0
44365,36.971449524158736,1.0,560,681,1241,0.0,0.0008333472224535399,1.0000000000000013,0.0
44366,36.97228287138119,1.0,560,681,1241,0.0,0.0008333472224535399,1.0000000000000013,0.0
44367,36.97311621860364,1.0,560,681,1241,0.0,0.0008333472224535399,1.0000000000000013,0.0
44368,36.973949565826096,1.0,560,681,1241,0.0,0.0008333472224535399,1.0000000000000013,0.0
44369,36.97478291304855,1.0,560,681,1241,0.0,0.0008333472224535399,1.0000000000000013,0.0
44370,36.975616260271,1.0,560,681,1241,0.0,0.0008333472224535399,1.0000000000000013,0.0
44371,36.97644960749346,1.0,560,681,1241,0.0,0.0008333472224535399,1.0000000000000013,0.0
44372,36.97728295471591,1.0,560,681,1241,0.0,0.0008333472224535399,1.0000000000000013,0.0
44373,36.978116301938364,1.0,560,681,1241,0.0,0.0008333472224535399,1.0000000000000013,0.0
44374,36.97894964916082,1.0,560,681,1241,0.0,0.0008333472224535399,1.0000000000000013,0.0
44375,36.97978299638327,1.0,560,681,1241,0.0,0.0008333472224535399,1.0000000000000013,0.0
44376,36.98061634360573,0.9991941982272361,560,681,1241,-0.0008058017727639033,0.0008333472224606453,0.999919419822725,-8.058017727639034e-05
44377,36.981449690828185,1.0,560,681,1241,0.0008058017727639033,0.0008333472224535399,0.999919419822725,0.0
44378,36.98228303805064,1.0,560,681,1241,0.0,0.0008333472224535399,0.999919419822725,0.0
44379,36.98311638527309,1.0,560,681,1241,0.0,0.0008333472224535399,0.999919419822725,0.0
44380,36.983949732495546,1.0,560,681,1241,0.0,0.0008333472224535399,0.999919419822725,0.0
44381,36.984783079718,1.0,560,681,1241,0.0,0.0008333472224535399,0.999919419822725,0.0
44382,36.98561642694045,1.0,560,681,1241,0.0,0.0008333472224535399,0.999919419822725,0.0
44383,36.98644977416291,1.0,560,681,1241,0.0,0.0008333472224535399,0.999919419822725,0.0
44384,36.98728312138536,1.0,560,681,1241,0.0,0.0008333472224535399,0.999919419822725,0.0
44385,36.988116468607814,1.0,560,681,1241,0.0,0.0008333472224535399,0.999919419822725,0.0
44386,36.98894981583027,1.0,560,681,1241,0.0,0.0008333472224535399,1.0000000000000013,8.058017727639034e-05
44387,36.98978316305272,0.9991941982272361,560,681,1241,-0.0008058017727639033,0.0008333472224535399,0.999919419822725,-8.058017727639034e-05
44388,36.990616510275174,1.0,560,681,1241,0.0008058017727639033,0.0008333472224535399,0.999919419822725,0.0
44389,36.99144985749763,1.0,560,681,1241,0.0,0.0008333472224535399,0.999919419822725,0.0
44390,36.99228320472008,1.0,560,681,1241,0.0,0.0008333472224535399,0.999919419822725,0.0
44391,36.993116551942535,0.9991941982272361,560,681,1241,-0.0008058017727639033,0.0008333472224535399,0.9998388396454487,-8.058017727639034e-05
44392,36.99394989916499,0.9991941982272361,560,681,1241,0.0,0.0008333472224535399,0.9997582594681724,-8.058017727639034e-05
44393,36.99478324638744,1.0,560,681,1241,0.0008058017727639033,0.0008333472224535399,0.9997582594681724,0.0
44394,36.995616593609896,1.0,560,681,1241,0.0,0.0008333472224535399,0.9997582594681724,0.0
44395,36.99644994083235,1.0,560,681,1241,0.0,0.0008333472224535399,0.9997582594681724,0.0
44396,36.9972832880548,1.0,560,681,1241,0.0,0.0008333472224535399,0.9997582594681724,0.0
44397,36.998116635277256,1.0,560,681,1241,0.0,0.0008333472224535399,0.9998388396454487,8.058017727639034e-05
44398,36.99894998249971,1.0,560,681,1241,0.0,0.0008333472224535399,0.9998388396454487,0.0
44399,36.99978332972216,1.0,560,681,1241,0.0,0.0008333472224535399,0.9998388396454487,0.0
44400,37.00061667694462,1.0,560,681,1241,0.0,0.0008333472224535399,0.9998388396454487,0.0
44401,37.00145002416707,1.0,560,681,1241,0.0,0.0008333472224535399,0.999919419822725,8.058017727639034e-05
44402,37.002283371389524,1.0,560,681,1241,0.0,0.0008333472224535399,1.0000000000000013,8.058017727639034e-05
44403,37.00311671861198,1.0,560,681,1241,0.0,0.0008333472224535399,1.0000000000000013,0.0
44404,37.00395006583443,1.0,560,681,1241,0.0,0.0008333472224535399,1.0000000000000013,0.0
44405,37.004783413056884,1.0,560,681,1241,0.0,0.0008333472224535399,1.0000000000000013,0.0
44406,37.00561676027934,1.0,560,681,1241,0.0,0.0008333472224535399,1.0000000000000013,0.0
44407,37.00645010750179,1.0,560,681,1241,0.0,0.0008333472224535399,1.0000000000000013,0.0
44408,37.007283454724245,1.0,560,681,1241,0.0,0.0008333472224535399,1.0000000000000013,0.0
44409,37.0081168019467,1.0,560,681,1241,0.0,0.0008333472224535399,1.0000000000000013,0.0
44410,37.00895014916915,1.0,560,681,1241,0.0,0.0008333472224535399,1.0000000000000013,0.0
44411,37.009783496391606,1.0,560,681,1241,0.0,0.0008333472224535399,1.0000000000000013,0.0
44412,37.01061684361406,1.0,560,681,1241,0.0,0.0008333472224535399,1.0000000000000013,0.0
44413,37.01145019083651,1.0,560,681,1241,0.0,0.0008333472224535399,1.0000000000000013,0.0
44414,37.012283538058966,1.0,560,681,1241,0.0,0.0008333472224535399,1.0000000000000013,0.0
44415,37.01311688528142,1.0,560,681,1241,0.0,0.0008333472224535399,1.0000000000000013,0.0
44416,37.01395023250387,1.0,560,681,1241,0.0,0.0008333472224535399,1.0000000000000013,0.0
44417,37.01478357972633,1.0,560,681,1241,0.0,0.0008333472224535399,1.0000000000000013,0.0
44418,37.01561692694879,1.0,560,681,1241,0.0,0.0008333472224606453,1.0000000000000013,0.0
44419,37.01645027417124,1.0,560,681,1241,0.0,0.0008333472224535399,1.0000000000000013,0.0
44420,37.017283621393695,1.0,560,681,1241,0.0,0.0008333472224535399,1.0000000000000013,0.0
44421,37.01811696861615,1.0,560,681,1241,0.0,0.0008333472224535399,1.0000000000000013,0.0
44422,37.0189503158386,1.0,560,681,1241,0.0,0.0008333472224535399,1.0000000000000013,0.0
44423,37.019783663061055,1.0,560,681,1241,0.0,0.0008333472224535399,1.0000000000000013,0.0
44424,37.02061701028351,1.0,560,681,1241,0.0,0.0008333472224535399,1.0000000000000013,0.0
44425,37.02145035750596,1.0,560,681,1241,0.0,0.0008333472224535399,1.0000000000000013,0.0
44426,37.022283704728416,1.0,560,681,1241,0.0,0.0008333472224535399,1.0000000000000013,0.0
44427,37.02311705195087,1.0,560,681,1241,0.0,0.0008333472224535399,1.0000000000000013,0.0
44428,37.02395039917332,0.9983883964544722,560,681,1241,-0.0016116035455278066,0.0008333472224535399,0.9998388396454487,-0.00016116035455278067
44429,37.02478374639578,0.9983883964544722,560,681,1241,0.0,0.0008333472224535399,0.999677679290896,-0.00016116035455278067
44430,37.02561709361823,0.9991941982272361,560,681,1241,0.0008058017727639033,0.0008333472224535399,0.9995970991136197,-8.058017727639034e-05
44431,37.026450440840684,1.0,560,681,1241,0.0008058017727639033,0.0008333472224535399,0.9995970991136197,0.0
44432,37.02728378806314,1.0,560,681,1241,0.0,0.0008333472224535399,0.9995970991136197,0.0
44433,37.02811713528559,1.0,560,681,1241,0.0,0.0008333472224535399,0.9995970991136197,0.0
44434,37.028950482508044,1.0,560,681,1241,0.0,0.0008333472224535399,0.9995970991136197,0.0
44435,37.0297838297305,1.0,560,681,1241,0.0,0.0008333472224535399,0.9995970991136197,0.0
44436,37.03061717695295,1.0,560,681,1241,0.0,0.0008333472224535399,0.9995970991136197,0.0
44437,37.031450524175405,1.0,560,681,1241,0.0,0.0008333472224535399,0.9995970991136197,0.0
44438,37.03228387139786,1.0,560,681,1241,0.0,0.0008333472224535399,0.9997582594681724,0.00016116035455278067
44439,37.03311721862031,1.0,560,681,1241,0.0,0.0008333472224535399,0.999919419822725,0.00016116035455278067
44440,37.033950565842765,1.0,560,681,1241,0.0,0.0008333472224535399,1.0000000000000013,8.058017727639034e-05
44441,37.03478391306522,1.0,560,681,1241,0.0,0.0008333472224535399,1.0000000000000013,0.0
44442,37.03561726028767,1.0,560,681,1241,0.0,0.0008333472224535399,1.0000000000000013,0.0
44443,37.036450607510126,0.9991941982272361,560,681,1241,-0.0008058017727639033,0.0008333472224535399,0.999919419822725,-8.058017727639034e-05
44444,37.03728395473258,0.9991941982272361,560,681,1241,0.0,0.0008333472224535399,0.9998388396454487,-8.058017727639034e-05
44445,37.03811730195503,0.9991941982272361,560,681,1241,0.0,0.0008333472224535399,0.9997582594681724,-8.058017727639034e-05
44446,37.03895064917749,0.9991941982272361,560,681,1241,0.0,0.0008333472224535399,0.999677679290896,-8.058017727639034e-05
44447,37.03978399639994,0.9991941982272361,560,681,1241,0.0,0.0008333472224535399,0.9995970991136197,-8.058017727639034e-05
44448,37.040617343622394,1.0,560,681,1241,0.0008058017727639033,0.0008333472224535399,0.9995970991136197,0.0
44449,37.04145069084485,1.0,560,681,1241,0.0,0.0008333472224535399,0.9995970991136197,0.0
44450,37.0422840380673,0.9991941982272361,560,681,1241,-0.0008058017727639033,0.0008333472224535399,0.9995165189363433,-8.058017727639034e-05
44451,37.043117385289754,1.0,560,681,1241,0.0008058017727639033,0.0008333472224535399,0.9995165189363433,0.0
44452,37.04395073251221,1.0,560,681,1241,0.0,0.0008333472224535399,0.9995165189363433,0.0
44453,37.04478407973466,1.0,560,681,1241,0.0,0.0008333472224535399,0.9995970991136197,8.058017727639034e-05
44454,37.045617426957115,1.0,560,681,1241,0.0,0.0008333472224535399,0.999677679290896,8.058017727639034e-05
44455,37.04645077417957,1.0,560,681,1241,0.0,0.0008333472224535399,0.9997582594681724,8.058017727639034e-05
44456,37.04728412140202,1.0,560,681,1241,0.0,0.0008333472224535399,0.9998388396454487,8.058017727639034e-05
44457,37.048117468624476,0.9991941982272361,560,681,1241,-0.0008058017727639033,0.0008333472224535399,0.9998388396454487,0.0
44458,37.04895081584693,0.9991941982272361,560,681,1241,0.0,0.0008333472224535399,0.9997582594681724,-8.058017727639034e-05
44459,37.04978416306938,0.9991941982272361,560,681,1241,0.0,0.0008333472224535399,0.999677679290896,-8.058017727639034e-05
44460,37.050617510291836,1.0,560,681,1241,0.0008058017727639033,0.0008333472224535399,0.9997582594681724,8.058017727639034e-05
44461,37.0514508575143,1.0,560,681,1241,0.0,0.0008333472224606453,0.9997582594681724,0.0
44462,37.05228420473675,1.0,560,681,1241,0.0,0.0008333472224535399,0.9997582594681724,0.0
44463,37.053117551959204,1.0,560,681,1241,0.0,0.0008333472224535399,0.9997582594681724,0.0
44464,37.05395089918166,1.0,560,681,1241,0.0,0.0008333472224535399,0.9997582594681724,0.0
44465,37.05478424640411,1.0,560,681,1241,0.0,0.0008333472224535399,0.9997582594681724,0.0
44466,37.055617593626565,1.0,560,681,1241,0.0,0.0008333472224535399,0.9997582594681724,0.0
44467,37.05645094084902,1.0,560,681,1241,0.0,0.0008333472224535399,0.9998388396454487,8.058017727639034e-05
44468,37.05728428807147,1.0,560,681,1241,0.0,0.0008333472224535399,0.999919419822725,8.058017727639034e-05
44469,37.058117635293925,1.0,560,681,1241,0.0,0.0008333472224535399,1.0000000000000013,8.058017727639034e-05
44470,37.05895098251638,1.0,560,681,1241,0.0,0.0008333472224535399,1.0000000000000013,0.0
44471,37.05978432973883,1.0,560,681,1241,0.0,0.0008333472224535399,1.0000000000000013,0.0
44472,37.060617676961286,1.0,560,681,1241,0.0,0.0008333472224535399,1.0000000000000013,0.0
44473,37.06145102418374,1.0,560,681,1241,0.0,0.0008333472224535399,1.0000000000000013,0.0
44474,37.06228437140619,1.0,560,681,1241,0.0,0.0008333472224535399,1.0000000000000013,0.0
44475,37.06311771862865,1.0,560,681,1241,0.0,0.0008333472224535399,1.0000000000000013,0.0
44476,37.0639510658511,1.0,560,681,1241,0.0,0.0008333472224535399,1.0000000000000013,0.0
44477,37.06478441307355,1.0,560,681,1241,0.0,0.0008333472224535399,1.0000000000000013,0.0
44478,37.06561776029601,1.0,560,681,1241,0.0,0.0008333472224535399,1.0000000000000013,0.0
44479,37.06645110751846,1.0,560,681,1241,0.0,0.0008333472224535399,1.0000000000000013,0.0
44480,37.067284454740914,0.9991941982272361,560,681,1241,-0.0008058017727639033,0.0008333472224535399,0.999919419822725,-8.058017727639034e-05
44481,37.06811780196337,0.9991941982272361,560,681,1241,0.0,0.0008333472224535399,0.9998388396454487,-8.058017727639034e-05
44482,37.06895114918582,0.9991941982272361,560,681,1241,0.0,0.0008333472224535399,0.9997582594681724,-8.058017727639034e-05
44483,37.069784496408275,0.9991941982272361,560,681,1241,0.0,0.0008333472224535399,0.999677679290896,-8.058017727639034e-05
44484,37.07061784363073,0.9991941982272361,560,681,1241,0.0,0.0008333472224535399,0.9995970991136197,-8.058017727639034e-05
44485,37.07145119085318,1.0,560,681,1241,0.0008058017727639033,0.0008333472224535399,0.9995970991136197,0.0
44486,37.072284538075635,1.0,560,681,1241,0.0,0.0008333472224535399,0.9995970991136197,0.0
44487,37.07311788529809,1.0,560,681,1241,0.0,0.0008333472224535399,0.9995970991136197,0.0
44488,37.07395123252054,1.0,560,681,1241,0.0,0.0008333472224535399,0.9995970991136197,0.0
44489,37.074784579742996,1.0,560,681,1241,0.0,0.0008333472224535399,0.9995970991136197,0.0
44490,37.07561792696545,1.0,560,681,1241,0.0,0.0008333472224535399,0.999677679290896,8.058017727639034e-05
44491,37.0764512741879,1.0,560,681,1241,0.0,0.0008333472224535399,0.9997582594681724,8.058017727639034e-05
44492,37.07728462141036,1.0,560,681,1241,0.0,0.0008333472224535399,0.9998388396454487,8.058017727639034e-05
44493,37.07811796863281,1.0,560,681,1241,0.0,0.0008333472224535399,0.999919419822725,8.058017727639034e-05
44494,37.078951315855264,0.9991941982272361,560,681,1241,-0.0008058017727639033,0.0008333472224535399,0.999919419822725,0.0
44495,37.07978466307772,1.0,560,681,1241,0.0008058017727639033,0.0008333472224535399,0.999919419822725,0.0
44496,37.08061801030017,1.0,560,681,1241,0.0,0.0008333472224535399,0.999919419822725,0.0
44497,37.081451357522624,1.0,560,681,1241,0.0,0.0008333472224535399,0.999919419822725,0.0
44498,37.08228470474508,0.9991941982272361,560,681,1241,-0.0008058017727639033,0.0008333472224535399,0.9998388396454487,-8.058017727639034e-05
44499,37.08311805196753,0.9991941982272361,560,681,1241,0.0,0.0008333472224535399,0.9997582594681724,-8.058017727639034e-05
44500,37.083951399189985,0.9991941982272361,560,681,1241,0.0,0.0008333472224535399,0.999677679290896,-8.058017727639034e-05
44501,37.08478474641244,0.9991941982272361,560,681,1241,0.0,0.0008333472224535399,0.9995970991136197,-8.058017727639034e-05
44502,37.08561809363489,1.0,560,681,1241,0.0008058017727639033,0.0008333472224535399,0.9995970991136197,0.0
44503,37.08645144085735,1.0,560,681,1241,0.0,0.0008333472224606453,0.9995970991136197,0.0
44504,37.087284788079806,1.0,560,681,1241,0.0,0.0008333472224535399,0.999677679290896,8.058017727639034e-05
44505,37.08811813530226,1.0,560,681,1241,0.0,0.0008333472224535399,0.999677679290896,0.0
44506,37.08895148252471,1.0,560,681,1241,0.0,0.0008333472224535399,0.999677679290896,0.0
44507,37.08978482974717,1.0,560,681,1241,0.0,0.0008333472224535399,0.999677679290896,0.0
44508,37.09061817696962,1.0,560,681,1241,0.0,0.0008333472224535399,0.9997582594681724,8.058017727639034e-05
44509,37.091451524192074,1.0,560,681,1241,0.0,0.0008333472224535399,0.9998388396454487,8.058017727639034e-05
44510,37.09228487141453,1.0,560,681,1241,0.0,0.0008333472224535399,0.999919419822725,8.058017727639034e-05
44511,37.09311821863698,1.0,560,681,1241,0.0,0.0008333472224535399,1.0000000000000013,8.058017727639034e-05
44512,37.093951565859435,1.0,560,681,1241,0.0,0.0008333472224535399,1.0000000000000013,0.0
44513,37.09478491308189,1.0,560,681,1241,0.0,0.0008333472224535399,1.0000000000000013,0.0
44514,37.09561826030434,1.0,560,681,1241,0.0,0.0008333472224535399,1.0000000000000013,0.0
44515,37.096451607526795,1.0,560,681,1241,0.0,0.0008333472224535399,1.0000000000000013,0.0
44516,37.09728495474925,1.0,560,681,1241,0.0,0.0008333472224535399,1.0000000000000013,0.0
44517,37.0981183019717,1.0,560,681,1241,0.0,0.0008333472224535399,1.0000000000000013,0.0
44518,37.098951649194156,1.0,560,681,1241,0.0,0.0008333472224535399,1.0000000000000013,0.0
44519,37.09978499641661,1.0,560,681,1241,0.0,0.0008333472224535399,1.0000000000000013,0.0
44520,37.10061834363906,1.0,560,681,1241,0.0,0.0008333472224535399,1.0000000000000013,0.0
44521,37.101451690861516,1.0,560,681,1241,0.0,0.0008333472224535399,1.0000000000000013,0.0
44522,37.10228503808397,1.0,560,681,1241,0.0,0.0008333472224535399,1.0000000000000013,0.0
44523,37.10311838530642,1.0,560,681,1241,0.0,0.0008333472224535399,1.0000000000000013,0.0
44524,37.10395173252888,0.9991941982272361,560,681,1241,-0.0008058017727639033,0.0008333472224535399,0.999919419822725,-8.058017727639034e-05
44525,37.10478507975133,1.0,560,681,1241,0.0008058017727639033,0.0008333472224535399,0.999919419822725,0.0
44526,37.105618426973784,1.0,560,681,1241,0.0,0.0008333472224535399,0.999919419822725,0.0
44527,37.10645177419624,1.0,560,681,1241,0.0,0.0008333472224535399,0.999919419822725,0.0
44528,37.10728512141869,1.0,560,681,1241,0.0,0.0008333472224535399,0.999919419822725,0.0
44529,37.108118468641145,1.0,560,681,1241,0.0,0.0008333472224535399,0.999919419822725,0.0
44530,37.1089518158636,1.0,560,681,1241,0.0,0.0008333472224535399,0.999919419822725,0.0
44531,37.10978516308605,1.0,560,681,1241,0.0,0.0008333472224535399,0.999919419822725,0.0
44532,37.110618510308505,1.0,560,681,1241,0.0,0.0008333472224535399,0.999919419822725,0.0
44533,37.11145185753096,1.0,560,681,1241,0.0,0.0008333472224535399,0.999919419822725,0.0
44534,37.11228520475341,1.0,560,681,1241,0.0,0.0008333472224535399,1.0000000000000013,8.058017727639034e-05
44535,37.113118551975866,1.0,560,681,1241,0.0,0.0008333472224535399,1.0000000000000013,0.0
44536,37.11395189919832,1.0,560,681,1241,0.0,0.0008333472224535399,1.0000000000000013,0.0
44537,37.11478524642077,1.0,560,681,1241,0.0,0.0008333472224535399,1.0000000000000013,0.0
44538,37.11561859364323,0.9991941982272361,560,681,1241,-0.0008058017727639033,0.0008333472224535399,0.999919419822725,-8.058017727639034e-05
44539,37.11645194086568,1.0,560,681,1241,0.0008058017727639033,0.0008333472224535399,0.999919419822725,0.0
44540,37.117285288088134,1.0,560,681,1241,0.0,0.0008333472224535399,0.999919419822725,0.0
44541,37.11811863531059,1.0,560,681,1241,0.0,0.0008333472224535399,0.999919419822725,0.0
44542,37.11895198253304,1.0,560,681,1241,0.0,0.0008333472224535399,0.999919419822725,0.0
44543,37.119785329755494,1.0,560,681,1241,0.0,0.0008333472224535399,0.999919419822725,0.0
44544,37.12061867697795,1.0,560,681,1241,0.0,0.0008333472224535399,0.999919419822725,0.0
44545,37.12145202420041,1.0,560,681,1241,0.0,0.0008333472224606453,0.999919419822725,0.0
44546,37.12228537142286,1.0,560,681,1241,0.0,0.0008333472224535399,0.999919419822725,0.0
44547,37.123118718645316,1.0,560,681,1241,0.0,0.0008333472224535399,0.999919419822725,0.0
44548,37.12395206586777,1.0,560,681,1241,0.0,0.0008333472224535399,1.0000000000000013,8.058017727639034e-05
44549,37.12478541309022,1.0,560,681,1241,0.0,0.0008333472224535399,1.0000000000000013,0.0
44550,37.125618760312676,1.0,560,681,1241,0.0,0.0008333472224535399,1.0000000000000013,0.0
44551,37.12645210753513,1.0,560,681,1241,0.0,0.0008333472224535399,1.0000000000000013,0.0
44552,37.12728545475758,1.0,560,681,1241,0.0,0.0008333472224535399,1.0000000000000013,0.0
44553,37.12811880198004,1.0,560,681,1241,0.0,0.0008333472224535399,1.0000000000000013,0.0
44554,37.12895214920249,1.0,560,681,1241,0.0,0.0008333472224535399,1.0000000000000013,0.0
44555,37.129785496424944,1.0,560,681,1241,0.0,0.0008333472224535399,1.0000000000000013,0.0
44556,37.1306188436474,1.0,560,681,1241,0.0,0.0008333472224535399,1.0000000000000013,0.0
44557,37.13145219086985,1.0,560,681,1241,0.0,0.0008333472224535399,1.0000000000000013,0.0
44558,37.132285538092304,1.0,560,681,1241,0.0,0.0008333472224535399,1.0000000000000013,0.0
44559,37.13311888531476,1.0,560,681,1241,0.0,0.0008333472224535399,1.0000000000000013,0.0
44560,37.13395223253721,1.0,560,681,1241,0.0,0.0008333472224535399,1.0000000000000013,0.0
44561,37.134785579759665,0.9991941982272361,560,681,1241,-0.0008058017727639033,0.0008333472224535399,0.999919419822725,-8.058017727639034e-05
44562,37.13561892698212,0.9983883964544722,560,681,1241,-0.0008058017727639033,0.0008333472224535399,0.9997582594681724,-0.00016116035455278067
44563,37.13645227420457,0.9991941982272361,560,681,1241,0.0008058017727639033,0.0008333472224535399,0.999677679290896,-8.058017727639034e-05
44564,37.137285621427026,0.9991941982272361,560,681,1241,0.0,0.0008333472224535399,0.9995970991136197,-8.058017727639034e-05
44565,37.13811896864948,1.0,560,681,1241,0.0008058017727639033,0.0008333472224535399,0.9995970991136197,0.0
44566,37.13895231587193,1.0,560,681,1241,0.0,0.0008333472224535399,0.9995970991136197,0.0
44567,37.139785663094386,1.0,560,681,1241,0.0,0.0008333472224535399,0.9995970991136197,0.0
44568,37.14061901031684,1.0,560,681,1241,0.0,0.0008333472224535399,0.9995970991136197,0.0
44569,37.14145235753929,1.0,560,681,1241,0.0,0.0008333472224535399,0.9995970991136197,0.0
44570,37.14228570476175,1.0,560,681,1241,0.0,0.0008333472224535399,0.9995970991136197,0.0
44571,37.1431190519842,1.0,560,681,1241,0.0,0.0008333472224535399,0.999677679290896,8.058017727639034e-05
44572,37.143952399206654,1.0,560,681,1241,0.0,0.0008333472224535399,0.9998388396454487,0.00016116035455278067
44573,37.14478574642911,1.0,560,681,1241,0.0,0.0008333472224535399,0.999919419822725,8.058017727639034e-05
44574,37.14561909365156,1.0,560,681,1241,0.0,0.0008333472224535399,1.0000000000000013,8.058017727639034e-05
44575,37.146452440874015,1.0,560,681,1241,0.0,0.0008333472224535399,1.0000000000000013,0.0
44576,37.14728578809647,1.0,560,681,1241,0.0,0.0008333472224535399,1.0000000000000013,0.0
44577,37.14811913531892,1.0,560,681,1241,0.0,0.0008333472224535399,1.0000000000000013,0.0
44578,37.148952482541375,1.0,560,681,1241,0.0,0.0008333472224535399,1.0000000000000013,0.0
44579,37.14978582976383,1.0,560,681,1241,0.0,0.0008333472224535399,1.0000000000000013,0.0
44580,37.15061917698628,1.0,560,681,1241,0.0,0.0008333472224535399,1.0000000000000013,0.0
44581,37.151452524208736,1.0,560,681,1241,0.0,0.0008333472224535399,1.0000000000000013,0.0
44582,37.15228587143119,1.0,560,681,1241,0.0,0.0008333472224535399,1.0000000000000013,0.0
44583,37.15311921865364,1.0,560,681,1241,0.0,0.0008333472224535399,1.0000000000000013,0.0
44584,37.1539525658761,1.0,560,681,1241,0.0,0.0008333472224535399,1.0000000000000013,0.0
44585,37.15478591309855,1.0,560,681,1241,0.0,0.0008333472224535399,1.0000000000000013,0.0
44586,37.155619260321004,0.9991941982272361,560,681,1241,-0.0008058017727639033,0.0008333472224535399,0.999919419822725,-8.058017727639034e-05
44587,37.15645260754346,1.0,560,681,1241,0.0008058017727639033,0.0008333472224535399,0.999919419822725,0.0
44588,37.15728595476592,0.9991941982272361,560,681,1241,-0.0008058017727639033,0.0008333472224606453,0.9998388396454487,-8.058017727639034e-05
44589,37.15811930198837,0.9991941982272361,560,681,1241,0.0,0.0008333472224535399,0.9997582594681724,-8.058017727639034e-05
44590,37.158952649210825,0.9991941982272361,560,681,1241,0.0,0.0008333472224535399,0.999677679290896,-8.058017727639034e-05
44591,37.15978599643328,0.9991941982272361,560,681,1241,0.0,0.0008333472224535399,0.9995970991136197,-8.058017727639034e-05
44592,37.16061934365573,0.9991941982272361,560,681,1241,0.0,0.0008333472224535399,0.9995165189363433,-8.058017727639034e-05
44593,37.161452690878185,0.9991941982272361,560,681,1241,0.0,0.0008333472224535399,0.999435938759067,-8.058017727639034e-05
44594,37.16228603810064,0.9983883964544722,560,681,1241,-0.0008058017727639033,0.0008333472224535399,0.9992747784045143,-0.00016116035455278067
44595,37.16311938532309,1.0,560,681,1241,0.0016116035455278066,0.0008333472224535399,0.9992747784045143,0.0
44596,37.163952732545546,1.0,560,681,1241,0.0,0.0008333472224535399,0.9993553585817907,8.058017727639034e-05
44597,37.164786079768,1.0,560,681,1241,0.0,0.0008333472224535399,0.9993553585817907,0.0
44598,37.16561942699045,1.0,560,681,1241,0.0,0.0008333472224535399,0.999435938759067,8.058017727639034e-05
44599,37.16645277421291,1.0,560,681,1241,0.0,0.0008333472224535399,0.9995165189363433,8.058017727639034e-05
44600,37.16728612143536,1.0,560,681,1241,0.0,0.0008333472224535399,0.9995970991136197,8.058017727639034e-05
44601,37.168119468657814,1.0,560,681,1241,0.0,0.0008333472224535399,0.999677679290896,8.058017727639034e-05
44602,37.16895281588027,1.0,560,681,1241,0.0,0.0008333472224535399,0.9997582594681724,8.058017727639034e-05
44603,37.16978616310272,1.0,560,681,1241,0.0,0.0008333472224535399,0.9998388396454487,8.058017727639034e-05
44604,37.170619510325174,1.0,560,681,1241,0.0,0.0008333472224535399,1.0000000000000013,0.00016116035455278067
44605,37.17145285754763,1.0,560,681,1241,0.0,0.0008333472224535399,1.0000000000000013,0.0
44606,37.17228620477008,1.0,560,681,1241,0.0,0.0008333472224535399,1.0000000000000013,0.0
44607,37.173119551992535,0.9991941982272361,560,681,1241,-0.0008058017727639033,0.0008333472224535399,0.999919419822725,-8.058017727639034e-05
44608,37.17395289921499,1.0,560,681,1241,0.0008058017727639033,0.0008333472224535399,0.999919419822725,0.0
44609,37.17478624643744,1.0,560,681,1241,0.0,0.0008333472224535399,0.999919419822725,0.0
44610,37.175619593659896,1.0,560,681,1241,0.0,0.0008333472224535399,0.999919419822725,0.0
44611,37.17645294088235,1.0,560,681,1241,0.0,0.0008333472224535399,0.999919419822725,0.0
44612,37.1772862881048,1.0,560,681,1241,0.0,0.0008333472224535399,0.999919419822725,0.0
44613,37.178119635327256,1.0,560,681,1241,0.0,0.0008333472224535399,0.999919419822725,0.0
44614,37.17895298254971,1.0,560,681,1241,0.0,0.0008333472224535399,0.999919419822725,0.0
44615,37.17978632977216,1.0,560,681,1241,0.0,0.0008333472224535399,0.999919419822725,0.0
44616,37.18061967699462,0.9991941982272361,560,681,1241,-0.0008058017727639033,0.0008333472224535399,0.9998388396454487,-8.058017727639034e-05
44617,37.18145302421707,0.9991941982272361,560,681,1241,0.0,0.0008333472224535399,0.9998388396454487,0.0
44618,37.182286371439524,0.9991941982272361,560,681,1241,0.0,0.0008333472224535399,0.9997582594681724,-8.058017727639034e-05
44619,37.18311971866198,0.9991941982272361,560,681,1241,0.0,0.0008333472224535399,0.999677679290896,-8.058017727639034e-05
44620,37.18395306588443,1.0,560,681,1241,0.0008058017727639033,0.0008333472224535399,0.999677679290896,0.0
44621,37.184786413106885,1.0,560,681,1241,0.0,0.0008333472224535399,0.999677679290896,0.0
44622,37.18561976032934,1.0,560,681,1241,0.0,0.0008333472224535399,0.999677679290896,0.0
44623,37.18645310755179,1.0,560,681,1241,0.0,0.0008333472224535399,0.999677679290896,0.0
44624,37.187286454774245,1.0,560,681,1241,0.0,0.0008333472224535399,0.999677679290896,0.0
44625,37.1881198019967,1.0,560,681,1241,0.0,0.0008333472224535399,0.999677679290896,0.0
44626,37.18895314921915,1.0,560,681,1241,0.0,0.0008333472224535399,0.9997582594681724,8.058017727639034e-05
44627,37.189786496441606,1.0,560,681,1241,0.0,0.0008333472224535399,0.9998388396454487,8.058017727639034e-05
44628,37.19061984366406,1.0,560,681,1241,0.0,0.0008333472224535399,0.999919419822725,8.058017727639034e-05
44629,37.19145319088651,1.0,560,681,1241,0.0,0.0008333472224535399,1.0000000000000013,8.058017727639034e-05
44630,37.192286538108974,1.0,560,681,1241,0.0,0.0008333472224606453,1.0000000000000013,0.0
44631,37.19311988533143,0.9991941982272361,560,681,1241,-0.0008058017727639033,0.0008333472224535399,0.999919419822725,-8.058017727639034e-05
44632,37.19395323255388,0.9983883964544722,560,681,1241,-0.0008058017727639033,0.0008333472224535399,0.9997582594681724,-0.00016116035455278067
44633,37.194786579776334,0.9983883964544722,560,681,1241,0.0,0.0008333472224535399,0.9995970991136197,-0.00016116035455278067
44634,37.19561992699879,0.9991941982272361,560,681,1241,0.0008058017727639033,0.0008333472224535399,0.9995165189363433,-8.058017727639034e-05
44635,37.19645327422124,1.0,560,681,1241,0.0008058017727639033,0.0008333472224535399,0.9995165189363433,0.0
44636,37.197286621443695,1.0,560,681,1241,0.0,0.0008333472224535399,0.9995165189363433,0.0
44637,37.19811996866615,1.0,560,681,1241,0.0,0.0008333472224535399,0.9995165189363433,0.0
44638,37.1989533158886,1.0,560,681,1241,0.0,0.0008333472224535399,0.9995165189363433,0.0
44639,37.199786663111055,1.0,560,681,1241,0.0,0.0008333472224535399,0.9995165189363433,0.0
44640,37.20062001033351,1.0,560,681,1241,0.0,0.0008333472224535399,0.9995165189363433,0.0
44641,37.20145335755596,1.0,560,681,1241,0.0,0.0008333472224535399,0.9995970991136197,8.058017727639034e-05
44642,37.202286704778416,1.0,560,681,1241,0.0,0.0008333472224535399,0.9997582594681724,0.00016116035455278067
44643,37.20312005200087,1.0,560,681,1241,0.0,0.0008333472224535399,0.999919419822725,0.00016116035455278067
44644,37.20395339922332,1.0,560,681,1241,0.0,0.0008333472224535399,1.0000000000000013,8.058017727639034e-05
44645,37.20478674644578,1.0,560,681,1241,0.0,0.0008333472224535399,1.0000000000000013,0.0
44646,37.20562009366823,1.0,560,681,1241,0.0,0.0008333472224535399,1.0000000000000013,0.0
44647,37.206453440890684,1.0,560,681,1241,0.0,0.0008333472224535399,1.0000000000000013,0.0
44648,37.20728678811314,1.0,560,681,1241,0.0,0.0008333472224535399,1.0000000000000013,0.0
44649,37.20812013533559,1.0,560,681,1241,0.0,0.0008333472224535399,1.0000000000000013,0.0
44650,37.208953482558044,1.0,560,681,1241,0.0,0.0008333472224535399,1.0000000000000013,0.0
44651,37.2097868297805,1.0,560,681,1241,0.0,0.0008333472224535399,1.0000000000000013,0.0
44652,37.21062017700295,1.0,560,681,1241,0.0,0.0008333472224535399,1.0000000000000013,0.0
44653,37.211453524225405,1.0,560,681,1241,0.0,0.0008333472224535399,1.0000000000000013,0.0
44654,37.21228687144786,1.0,560,681,1241,0.0,0.0008333472224535399,1.0000000000000013,0.0
44655,37.21312021867031,1.0,560,681,1241,0.0,0.0008333472224535399,1.0000000000000013,0.0
44656,37.213953565892766,1.0,560,681,1241,0.0,0.0008333472224535399,1.0000000000000013,0.0
44657,37.21478691311522,1.0,560,681,1241,0.0,0.0008333472224535399,1.0000000000000013,0.0
44658,37.21562026033767,1.0,560,681,1241,0.0,0.0008333472224535399,1.0000000000000013,0.0
44659,37.216453607560126,1.0,560,681,1241,0.0,0.0008333472224535399,1.0000000000000013,0.0
44660,37.21728695478258,0.9991941982272361,560,681,1241,-0.0008058017727639033,0.0008333472224535399,0.999919419822725,-8.058017727639034e-05
44661,37.21812030200503,0.9991941982272361,560,681,1241,0.0,0.0008333472224535399,0.9998388396454487,-8.058017727639034e-05
44662,37.21895364922749,0.9991941982272361,560,681,1241,0.0,0.0008333472224535399,0.9997582594681724,-8.058017727639034e-05
44663,37.21978699644994,0.9991941982272361,560,681,1241,0.0,0.0008333472224535399,0.999677679290896,-8.058017727639034e-05
44664,37.220620343672394,0.9983883964544722,560,681,1241,-0.0008058017727639033,0.0008333472224535399,0.9995165189363433,-0.00016116035455278067
44665,37.22145369089485,0.9991941982272361,560,681,1241,0.0008058017727639033,0.0008333472224535399,0.999435938759067,-8.058017727639034e-05
44666,37.2222870381173,0.9991941982272361,560,681,1241,0.0,0.0008333472224535399,0.9993553585817907,-8.058017727639034e-05
44667,37.223120385339755,0.9991941982272361,560,681,1241,0.0,0.0008333472224535399,0.9992747784045143,-8.058017727639034e-05
44668,37.22395373256221,0.9991941982272361,560,681,1241,0.0,0.0008333472224535399,0.999194198227238,-8.058017727639034e-05
44669,37.22478707978466,0.9991941982272361,560,681,1241,0.0,0.0008333472224535399,0.9991136180499616,-8.058017727639034e-05
44670,37.225620427007115,0.9991941982272361,560,681,1241,0.0,0.0008333472224535399,0.9991136180499616,0.0
44671,37.22645377422957,1.0,560,681,1241,0.0008058017727639033,0.0008333472224535399,0.999194198227238,8.058017727639034e-05
44672,37.22728712145202,1.0,560,681,1241,0.0,0.0008333472224535399,0.9992747784045143,8.058017727639034e-05
44673,37.22812046867448,1.0,560,681,1241,0.0,0.0008333472224606453,0.9993553585817907,8.058017727639034e-05
44674,37.228953815896936,1.0,560,681,1241,0.0,0.0008333472224535399,0.9995165189363433,0.00016116035455278067
44675,37.22978716311939,1.0,560,681,1241,0.0,0.0008333472224535399,0.9995970991136197,8.058017727639034e-05
44676,37.23062051034184,1.0,560,681,1241,0.0,0.0008333472224535399,0.999677679290896,8.058017727639034e-05
44677,37.2314538575643,1.0,560,681,1241,0.0,0.0008333472224535399,0.9997582594681724,8.058017727639034e-05
44678,37.23228720478675,1.0,560,681,1241,0.0,0.0008333472224535399,0.9998388396454487,8.058017727639034e-05
44679,37.233120552009204,1.0,560,681,1241,0.0,0.0008333472224535399,0.999919419822725,8.058017727639034e-05
44680,37.23395389923166,1.0,560,681,1241,0.0,0.0008333472224535399,1.0000000000000013,8.058017727639034e-05
44681,37.23478724645411,1.0,560,681,1241,0.0,0.0008333472224535399,1.0000000000000013,0.0
44682,37.235620593676565,1.0,560,681,1241,0.0,0.0008333472224535399,1.0000000000000013,0.0
44683,37.23645394089902,1.0,560,681,1241,0.0,0.0008333472224535399,1.0000000000000013,0.0
44684,37.23728728812147,1.0,560,681,1241,0.0,0.0008333472224535399,1.0000000000000013,0.0
44685,37.238120635343925,1.0,560,681,1241,0.0,0.0008333472224535399,1.0000000000000013,0.0
44686,37.23895398256638,1.0,560,681,1241,0.0,0.0008333472224535399,1.0000000000000013,0.0
44687,37.23978732978883,1.0,560,681,1241,0.0,0.0008333472224535399,1.0000000000000013,0.0
44688,37.240620677011286,1.0,560,681,1241,0.0,0.0008333472224535399,1.0000000000000013,0.0
44689,37.24145402423374,1.0,560,681,1241,0.0,0.0008333472224535399,1.0000000000000013,0.0
44690,37.24228737145619,1.0,560,681,1241,0.0,0.0008333472224535399,1.0000000000000013,0.0
44691,37.24312071867865,1.0,560,681,1241,0.0,0.0008333472224535399,1.0000000000000013,0.0
44692,37.2439540659011,1.0,560,681,1241,0.0,0.0008333472224535399,1.0000000000000013,0.0
44693,37.244787413123554,1.0,560,681,1241,0.0,0.0008333472224535399,1.0000000000000013,0.0
44694,37.24562076034601,1.0,560,681,1241,0.0,0.0008333472224535399,1.0000000000000013,0.0
44695,37.24645410756846,1.0,560,681,1241,0.0,0.0008333472224535399,1.0000000000000013,0.0
44696,37.247287454790914,1.0,560,681,1241,0.0,0.0008333472224535399,1.0000000000000013,0.0
44697,37.24812080201337,1.0,560,681,1241,0.0,0.0008333472224535399,1.0000000000000013,0.0
44698,37.24895414923582,1.0,560,681,1241,0.0,0.0008333472224535399,1.0000000000000013,0.0
44699,37.249787496458275,1.0,560,681,1241,0.0,0.0008333472224535399,1.0000000000000013,0.0
44700,37.25062084368073,1.0,560,681,1241,0.0,0.0008333472224535399,1.0000000000000013,0.0
44701,37.25145419090318,1.0,560,681,1241,0.0,0.0008333472224535399,1.0000000000000013,0.0
44702,37.252287538125636,1.0,560,681,1241,0.0,0.0008333472224535399,1.0000000000000013,0.0
44703,37.25312088534809,1.0,560,681,1241,0.0,0.0008333472224535399,1.0000000000000013,0.0
44704,37.25395423257054,1.0,560,681,1241,0.0,0.0008333472224535399,1.0000000000000013,0.0
44705,37.254787579792996,1.0,560,681,1241,0.0,0.0008333472224535399,1.0000000000000013,0.0
44706,37.25562092701545,1.0,560,681,1241,0.0,0.0008333472224535399,1.0000000000000013,0.0
44707,37.2564542742379,0.9991941982272361,560,681,1241,-0.0008058017727639033,0.0008333472224535399,0.999919419822725,-8.058017727639034e-05
44708,37.25728762146036,0.9991941982272361,560,681,1241,0.0,0.0008333472224535399,0.9998388396454487,-8.058017727639034e-05
44709,37.25812096868281,0.9991941982272361,560,681,1241,0.0,0.0008333472224535399,0.9997582594681724,-8.058017727639034e-05
44710,37.258954315905264,0.9991941982272361,560,681,1241,0.0,0.0008333472224535399,0.999677679290896,-8.058017727639034e-05
44711,37.25978766312772,0.9991941982272361,560,681,1241,0.0,0.0008333472224535399,0.9995970991136197,-8.058017727639034e-05
44712,37.26062101035017,0.9991941982272361,560,681,1241,0.0,0.0008333472224535399,0.9995165189363433,-8.058017727639034e-05
44713,37.261454357572624,1.0,560,681,1241,0.0008058017727639033,0.0008333472224535399,0.9995165189363433,0.0
44714,37.26228770479508,0.9991941982272361,560,681,1241,-0.0008058017727639033,0.0008333472224535399,0.999435938759067,-8.058017727639034e-05
44715,37.26312105201754,1.0,560,681,1241,0.0008058017727639033,0.0008333472224606453,0.999435938759067,0.0
44716,37.26395439923999,1.0,560,681,1241,0.0,0.0008333472224535399,0.999435938759067,0.0
44717,37.264787746462446,1.0,560,681,1241,0.0,0.0008333472224535399,0.9995165189363433,8.058017727639034e-05
44718,37.2656210936849,0.9991941982272361,560,681,1241,-0.0008058017727639033,0.0008333472224535399,0.9995165189363433,0.0
44719,37.26645444090735,0.9983883964544722,560,681,1241,-0.0008058017727639033,0.0008333472224535399,0.999435938759067,-8.058017727639034e-05
44720,37.267287788129806,0.9991941982272361,560,681,1241,0.0008058017727639033,0.0008333472224535399,0.999435938759067,0.0
44721,37.26812113535226,1.0,560,681,1241,0.0008058017727639033,0.0008333472224535399,0.9995165189363433,8.058017727639034e-05
44722,37.26895448257471,1.0,560,681,1241,0.0,0.0008333472224535399,0.9995970991136197,8.058017727639034e-05
44723,37.26978782979717,1.0,560,681,1241,0.0,0.0008333472224535399,0.9995970991136197,0.0
44724,37.27062117701962,1.0,560,681,1241,0.0,0.0008333472224535399,0.999677679290896,8.058017727639034e-05
44725,37.271454524242074,1.0,560,681,1241,0.0,0.0008333472224535399,0.999677679290896,0.0
44726,37.27228787146453,1.0,560,681,1241,0.0,0.0008333472224535399,0.999677679290896,0.0
44727,37.27312121868698,1.0,560,681,1241,0.0,0.0008333472224535399,0.999677679290896,0.0
44728,37.273954565909435,1.0,560,681,1241,0.0,0.0008333472224535399,0.9997582594681724,8.058017727639034e-05
44729,37.27478791313189,1.0,560,681,1241,0.0,0.0008333472224535399,0.999919419822725,0.00016116035455278067
44730,37.27562126035434,1.0,560,681,1241,0.0,0.0008333472224535399,1.0000000000000013,8.058017727639034e-05
44731,37.276454607576795,1.0,560,681,1241,0.0,0.0008333472224535399,1.0000000000000013,0.0
44732,37.27728795479925,1.0,560,681,1241,0.0,0.0008333472224535399,1.0000000000000013,0.0
44733,37.2781213020217,1.0,560,681,1241,0.0,0.0008333472224535399,1.0000000000000013,0.0
44734,37.278954649244156,1.0,560,681,1241,0.0,0.0008333472224535399,1.0000000000000013,0.0
44735,37.27978799646661,1.0,560,681,1241,0.0,0.0008333472224535399,1.0000000000000013,0.0
44736,37.28062134368906,0.9991941982272361,560,681,1241,-0.0008058017727639033,0.0008333472224535399,0.999919419822725,-8.058017727639034e-05
44737,37.28145469091152,0.9991941982272361,560,681,1241,0.0,0.0008333472224535399,0.9998388396454487,-8.058017727639034e-05
44738,37.28228803813397,0.9991941982272361,560,681,1241,0.0,0.0008333472224535399,0.9997582594681724,-8.058017727639034e-05
44739,37.283121385356424,0.9991941982272361,560,681,1241,0.0,0.0008333472224535399,0.999677679290896,-8.058017727639034e-05
44740,37.28395473257888,1.0,560,681,1241,0.0008058017727639033,0.0008333472224535399,0.999677679290896,0.0
44741,37.28478807980133,1.0,560,681,1241,0.0,0.0008333472224535399,0.999677679290896,0.0
44742,37.285621427023784,0.9991941982272361,560,681,1241,-0.0008058017727639033,0.0008333472224535399,0.9995970991136197,-8.058017727639034e-05
44743,37.28645477424624,1.0,560,681,1241,0.0008058017727639033,0.0008333472224535399,0.9995970991136197,0.0
44744,37.28728812146869,1.0,560,681,1241,0.0,0.0008333472224535399,0.9995970991136197,0.0
44745,37.288121468691145,1.0,560,681,1241,0.0,0.0008333472224535399,0.9995970991136197,0.0
44746,37.2889548159136,1.0,560,681,1241,0.0,0.0008333472224535399,0.999677679290896,8.058017727639034e-05
44747,37.28978816313605,0.9991941982272361,560,681,1241,-0.0008058017727639033,0.0008333472224535399,0.999677679290896,0.0
44748,37.290621510358505,1.0,560,681,1241,0.0008058017727639033,0.0008333472224535399,0.9997582594681724,8.058017727639034e-05
44749,37.29145485758096,1.0,560,681,1241,0.0,0.0008333472224535399,0.9998388396454487,8.058017727639034e-05
44750,37.29228820480341,1.0,560,681,1241,0.0,0.0008333472224535399,0.9998388396454487,0.0
44751,37.293121552025866,0.9991941982272361,560,681,1241,-0.0008058017727639033,0.0008333472224535399,0.9997582594681724,-8.058017727639034e-05
44752,37.29395489924832,1.0,560,681,1241,0.0008058017727639033,0.0008333472224535399,0.9998388396454487,8.058017727639034e-05
44753,37.29478824647077,1.0,560,681,1241,0.0,0.0008333472224535399,0.9998388396454487,0.0
44754,37.29562159369323,1.0,560,681,1241,0.0,0.0008333472224535399,0.9998388396454487,0.0
44755,37.29645494091568,1.0,560,681,1241,0.0,0.0008333472224535399,0.9998388396454487,0.0
44756,37.297288288138134,1.0,560,681,1241,0.0,0.0008333472224535399,0.9998388396454487,0.0
44757,37.298121635360594,1.0,560,681,1241,0.0,0.0008333472224606453,0.999919419822725,8.058017727639034e-05
44758,37.29895498258305,1.0,560,681,1241,0.0,0.0008333472224535399,0.999919419822725,0.0
44759,37.2997883298055,1.0,560,681,1241,0.0,0.0008333472224535399,0.999919419822725,0.0
44760,37.300621677027955,1.0,560,681,1241,0.0,0.0008333472224535399,0.999919419822725,0.0
44761,37.30145502425041,1.0,560,681,1241,0.0,0.0008333472224535399,1.0000000000000013,8.058017727639034e-05
44762,37.30228837147286,1.0,560,681,1241,0.0,0.0008333472224535399,1.0000000000000013,0.0
44763,37.303121718695316,1.0,560,681,1241,0.0,0.0008333472224535399,1.0000000000000013,0.0
44764,37.30395506591777,1.0,560,681,1241,0.0,0.0008333472224535399,1.0000000000000013,0.0
44765,37.30478841314022,1.0,560,681,1241,0.0,0.0008333472224535399,1.0000000000000013,0.0
44766,37.305621760362676,1.0,560,681,1241,0.0,0.0008333472224535399,1.0000000000000013,0.0
44767,37.30645510758513,1.0,560,681,1241,0.0,0.0008333472224535399,1.0000000000000013,0.0
44768,37.30728845480758,1.0,560,681,1241,0.0,0.0008333472224535399,1.0000000000000013,0.0
44769,37.30812180203004,1.0,560,681,1241,0.0,0.0008333472224535399,1.0000000000000013,0.0
44770,37.30895514925249,1.0,560,681,1241,0.0,0.0008333472224535399,1.0000000000000013,0.0
44771,37.309788496474944,1.0,560,681,1241,0.0,0.0008333472224535399,1.0000000000000013,0.0
44772,37.3106218436974,1.0,560,681,1241,0.0,0.0008333472224535399,1.0000000000000013,0.0
44773,37.31145519091985,1.0,560,681,1241,0.0,0.0008333472224535399,1.0000000000000013,0.0
44774,37.312288538142305,0.9991941982272361,560,681,1241,-0.0008058017727639033,0.0008333472224535399,0.999919419822725,-8.058017727639034e-05
44775,37.31312188536476,0.9991941982272361,560,681,1241,0.0,0.0008333472224535399,0.9998388396454487,-8.058017727639034e-05
44776,37.31395523258721,0.9991941982272361,560,681,1241,0.0,0.0008333472224535399,0.9997582594681724,-8.058017727639034e-05
44777,37.314788579809665,0.9991941982272361,560,681,1241,0.0,0.0008333472224535399,0.999677679290896,-8.058017727639034e-05
44778,37.31562192703212,1.0,560,681,1241,0.0008058017727639033,0.0008333472224535399,0.999677679290896,0.0
44779,37.31645527425457,1.0,560,681,1241,0.0,0.0008333472224535399,0.999677679290896,0.0
44780,37.317288621477026,1.0,560,681,1241,0.0,0.0008333472224535399,0.999677679290896,0.0
44781,37.31812196869948,1.0,560,681,1241,0.0,0.0008333472224535399,0.999677679290896,0.0
44782,37.31895531592193,0.9991941982272361,560,681,1241,-0.0008058017727639033,0.0008333472224535399,0.9995970991136197,-8.058017727639034e-05
44783,37.31978866314439,0.9991941982272361,560,681,1241,0.0,0.0008333472224535399,0.9995165189363433,-8.058017727639034e-05
44784,37.32062201036684,0.9991941982272361,560,681,1241,0.0,0.0008333472224535399,0.9995165189363433,0.0
44785,37.321455357589294,0.9991941982272361,560,681,1241,0.0,0.0008333472224535399,0.9995165189363433,0.0
44786,37.32228870481175,0.9983883964544722,560,681,1241,-0.0008058017727639033,0.0008333472224535399,0.999435938759067,-8.058017727639034e-05
44787,37.3231220520342,0.9983883964544722,560,681,1241,0.0,0.0008333472224535399,0.9993553585817907,-8.058017727639034e-05
44788,37.323955399256654,0.9983883964544722,560,681,1241,0.0,0.0008333472224535399,0.999194198227238,-0.00016116035455278067
44789,37.32478874647911,0.9983883964544722,560,681,1241,0.0,0.0008333472224535399,0.9990330378726853,-0.00016116035455278067
44790,37.32562209370156,0.9991941982272361,560,681,1241,0.0008058017727639033,0.0008333472224535399,0.998952457695409,-8.058017727639034e-05
44791,37.326455440924015,0.9991941982272361,560,681,1241,0.0,0.0008333472224535399,0.9988718775181326,-8.058017727639034e-05
44792,37.32728878814647,0.9991941982272361,560,681,1241,0.0,0.0008333472224535399,0.9988718775181326,0.0
44793,37.32812213536892,1.0,560,681,1241,0.0008058017727639033,0.0008333472224535399,0.998952457695409,8.058017727639034e-05
44794,37.328955482591375,0.9991941982272361,560,681,1241,-0.0008058017727639033,0.0008333472224535399,0.998952457695409,0.0
44795,37.32978882981383,1.0,560,681,1241,0.0008058017727639033,0.0008333472224535399,0.9990330378726853,8.058017727639034e-05
44796,37.33062217703628,1.0,560,681,1241,0.0,0.0008333472224535399,0.999194198227238,0.00016116035455278067
44797,37.331455524258736,1.0,560,681,1241,0.0,0.0008333472224535399,0.9993553585817907,0.00016116035455278067
44798,37.33228887148119,1.0,560,681,1241,0.0,0.0008333472224535399,0.9995165189363433,0.00016116035455278067
44799,37.33312221870364,1.0,560,681,1241,0.0,0.0008333472224535399,0.999677679290896,0.00016116035455278067
44800,37.333955565926104,1.0,560,681,1241,0.0,0.0008333472224606453,0.9997582594681724,8.058017727639034e-05
44801,37.33478891314856,1.0,560,681,1241,0.0,0.0008333472224535399,0.9998388396454487,8.058017727639034e-05
44802,37.33562226037101,1.0,560,681,1241,0.0,0.0008333472224535399,0.999919419822725,8.058017727639034e-05
44803,37.336455607593464,1.0,560,681,1241,0.0,0.0008333472224535399,0.999919419822725,0.0
44804,37.33728895481592,1.0,560,681,1241,0.0,0.0008333472224535399,1.0000000000000013,8.058017727639034e-05
44805,37.33812230203837,1.0,560,681,1241,0.0,0.0008333472224535399,1.0000000000000013,0.0
44806,37.338955649260825,1.0,560,681,1241,0.0,0.0008333472224535399,1.0000000000000013,0.0
44807,37.33978899648328,1.0,560,681,1241,0.0,0.0008333472224535399,1.0000000000000013,0.0
44808,37.34062234370573,1.0,560,681,1241,0.0,0.0008333472224535399,1.0000000000000013,0.0
44809,37.341455690928186,1.0,560,681,1241,0.0,0.0008333472224535399,1.0000000000000013,0.0
44810,37.34228903815064,1.0,560,681,1241,0.0,0.0008333472224535399,1.0000000000000013,0.0
44811,37.34312238537309,1.0,560,681,1241,0.0,0.0008333472224535399,1.0000000000000013,0.0
44812,37.343955732595546,1.0,560,681,1241,0.0,0.0008333472224535399,1.0000000000000013,0.0
44813,37.344789079818,1.0,560,681,1241,0.0,0.0008333472224535399,1.0000000000000013,0.0
44814,37.34562242704045,1.0,560,681,1241,0.0,0.0008333472224535399,1.0000000000000013,0.0
44815,37.34645577426291,1.0,560,681,1241,0.0,0.0008333472224535399,1.0000000000000013,0.0
44816,37.34728912148536,1.0,560,681,1241,0.0,0.0008333472224535399,1.0000000000000013,0.0
44817,37.348122468707814,1.0,560,681,1241,0.0,0.0008333472224535399,1.0000000000000013,0.0
44818,37.34895581593027,1.0,560,681,1241,0.0,0.0008333472224535399,1.0000000000000013,0.0
44819,37.34978916315272,1.0,560,681,1241,0.0,0.0008333472224535399,1.0000000000000013,0.0
44820,37.350622510375175,1.0,560,681,1241,0.0,0.0008333472224535399,1.0000000000000013,0.0
44821,37.35145585759763,1.0,560,681,1241,0.0,0.0008333472224535399,1.0000000000000013,0.0
44822,37.35228920482008,1.0,560,681,1241,0.0,0.0008333472224535399,1.0000000000000013,0.0
44823,37.353122552042535,0.9991941982272361,560,681,1241,-0.0008058017727639033,0.0008333472224535399,0.999919419822725,-8.058017727639034e-05
44824,37.35395589926499,0.9991941982272361,560,681,1241,0.0,0.0008333472224535399,0.9998388396454487,-8.058017727639034e-05
44825,37.35478924648744,0.9991941982272361,560,681,1241,0.0,0.0008333472224535399,0.9997582594681724,-8.058017727639034e-05
44826,37.355622593709896,1.0,560,681,1241,0.0008058017727639033,0.0008333472224535399,0.9997582594681724,0.0
44827,37.35645594093235,1.0,560,681,1241,0.0,0.0008333472224535399,0.9997582594681724,0.0
44828,37.3572892881548,1.0,560,681,1241,0.0,0.0008333472224535399,0.9997582594681724,0.0
44829,37.358122635377256,1.0,560,681,1241,0.0,0.0008333472224535399,0.9997582594681724,0.0
44830,37.35895598259971,1.0,560,681,1241,0.0,0.0008333472224535399,0.9997582594681724,0.0
44831,37.35978932982216,1.0,560,681,1241,0.0,0.0008333472224535399,0.9997582594681724,0.0
44832,37.36062267704462,1.0,560,681,1241,0.0,0.0008333472224535399,0.9997582594681724,0.0
44833,37.36145602426707,1.0,560,681,1241,0.0,0.0008333472224535399,0.9998388396454487,8.058017727639034e-05
44834,37.362289371489524,1.0,560,681,1241,0.0,0.0008333472224535399,0.999919419822725,8.058017727639034e-05
44835,37.36312271871198,1.0,560,681,1241,0.0,0.0008333472224535399,1.0000000000000013,8.058017727639034e-05
44836,37.36395606593443,1.0,560,681,1241,0.0,0.0008333472224535399,1.0000000000000013,0.0
44837,37.364789413156885,1.0,560,681,1241,0.0,0.0008333472224535399,1.0000000000000013,0.0
44838,37.36562276037934,1.0,560,681,1241,0.0,0.0008333472224535399,1.0000000000000013,0.0
44839,37.36645610760179,1.0,560,681,1241,0.0,0.0008333472224535399,1.0000000000000013,0.0
44840,37.367289454824245,1.0,560,681,1241,0.0,0.0008333472224535399,1.0000000000000013,0.0
44841,37.3681228020467,1.0,560,681,1241,0.0,0.0008333472224535399,1.0000000000000013,0.0
44842,37.36895614926916,1.0,560,681,1241,0.0,0.0008333472224606453,1.0000000000000013,0.0
44843,37.36978949649161,0.9991941982272361,560,681,1241,-0.0008058017727639033,0.0008333472224535399,0.999919419822725,-8.058017727639034e-05
44844,37.37062284371407,0.9991941982272361,560,681,1241,0.0,0.0008333472224535399,0.9998388396454487,-8.058017727639034e-05
44845,37.37145619093652,0.9991941982272361,560,681,1241,0.0,0.0008333472224535399,0.9997582594681724,-8.058017727639034e-05
44846,37.372289538158974,0.9991941982272361,560,681,1241,0.0,0.0008333472224535399,0.999677679290896,-8.058017727639034e-05
44847,37.37312288538143,1.0,560,681,1241,0.0008058017727639033,0.0008333472224535399,0.999677679290896,0.0
44848,37.37395623260388,1.0,560,681,1241,0.0,0.0008333472224535399,0.999677679290896,0.0
44849,37.374789579826334,1.0,560,681,1241,0.0,0.0008333472224535399,0.999677679290896,0.0
44850,37.37562292704879,1.0,560,681,1241,0.0,0.0008333472224535399,0.999677679290896,0.0
44851,37.37645627427124,1.0,560,681,1241,0.0,0.0008333472224535399,0.999677679290896,0.0
44852,37.377289621493695,1.0,560,681,1241,0.0,0.0008333472224535399,0.999677679290896,0.0
44853,37.37812296871615,1.0,560,681,1241,0.0,0.0008333472224535399,0.9997582594681724,8.058017727639034e-05
44854,37.3789563159386,1.0,560,681,1241,0.0,0.0008333472224535399,0.9998388396454487,8.058017727639034e-05
44855,37.379789663161056,1.0,560,681,1241,0.0,0.0008333472224535399,0.999919419822725,8.058017727639034e-05
44856,37.38062301038351,1.0,560,681,1241,0.0,0.0008333472224535399,1.0000000000000013,8.058017727639034e-05
44857,37.38145635760596,1.0,560,681,1241,0.0,0.0008333472224535399,1.0000000000000013,0.0
44858,37.382289704828416,1.0,560,681,1241,0.0,0.0008333472224535399,1.0000000000000013,0.0
44859,37.38312305205087,1.0,560,681,1241,0.0,0.0008333472224535399,1.0000000000000013,0.0
44860,37.38395639927332,1.0,560,681,1241,0.0,0.0008333472224535399,1.0000000000000013,0.0
44861,37.38478974649578,1.0,560,681,1241,0.0,0.0008333472224535399,1.0000000000000013,0.0
44862,37.38562309371823,1.0,560,681,1241,0.0,0.0008333472224535399,1.0000000000000013,0.0
44863,37.386456440940684,1.0,560,681,1241,0.0,0.0008333472224535399,1.0000000000000013,0.0
44864,37.38728978816314,1.0,560,681,1241,0.0,0.0008333472224535399,1.0000000000000013,0.0
44865,37.38812313538559,1.0,560,681,1241,0.0,0.0008333472224535399,1.0000000000000013,0.0
44866,37.388956482608044,0.9991941982272361,560,681,1241,-0.0008058017727639033,0.0008333472224535399,0.999919419822725,-8.058017727639034e-05
44867,37.3897898298305,0.9991941982272361,560,681,1241,0.0,0.0008333472224535399,0.9998388396454487,-8.058017727639034e-05
44868,37.39062317705295,1.0,560,681,1241,0.0008058017727639033,0.0008333472224535399,0.9998388396454487,0.0
44869,37.391456524275405,0.9991941982272361,560,681,1241,-0.0008058017727639033,0.0008333472224535399,0.9997582594681724,-8.058017727639034e-05
44870,37.39228987149786,1.0,560,681,1241,0.0008058017727639033,0.0008333472224535399,0.9997582594681724,0.0
44871,37.39312321872031,1.0,560,681,1241,0.0,0.0008333472224535399,0.9997582594681724,0.0
44872,37.393956565942766,1.0,560,681,1241,0.0,0.0008333472224535399,0.9997582594681724,0.0
44873,37.39478991316522,1.0,560,681,1241,0.0,0.0008333472224535399,0.9997582594681724,0.0
44874,37.39562326038767,1.0,560,681,1241,0.0,0.0008333472224535399,0.9997582594681724,0.0
44875,37.396456607610126,1.0,560,681,1241,0.0,0.0008333472224535399,0.9997582594681724,0.0
44876,37.39728995483258,0.9991941982272361,560,681,1241,-0.0008058017727639033,0.0008333472224535399,0.9997582594681724,0.0
44877,37.39812330205503,0.9991941982272361,560,681,1241,0.0,0.0008333472224535399,0.9997582594681724,0.0
44878,37.39895664927749,0.9991941982272361,560,681,1241,0.0,0.0008333472224535399,0.999677679290896,-8.058017727639034e-05
44879,37.39978999649994,0.9991941982272361,560,681,1241,0.0,0.0008333472224535399,0.999677679290896,0.0
44880,37.400623343722394,0.9991941982272361,560,681,1241,0.0,0.0008333472224535399,0.9995970991136197,-8.058017727639034e-05
44881,37.40145669094485,1.0,560,681,1241,0.0008058017727639033,0.0008333472224535399,0.9995970991136197,0.0
44882,37.4022900381673,1.0,560,681,1241,0.0,0.0008333472224535399,0.9995970991136197,0.0
44883,37.403123385389755,1.0,560,681,1241,0.0,0.0008333472224535399,0.9995970991136197,0.0
44884,37.403956732612215,1.0,560,681,1241,0.0,0.0008333472224606453,0.9995970991136197,0.0
44885,37.40479007983467,1.0,560,681,1241,0.0,0.0008333472224535399,0.9995970991136197,0.0
44886,37.40562342705712,1.0,560,681,1241,0.0,0.0008333472224535399,0.999677679290896,8.058017727639034e-05
44887,37.406456774279576,1.0,560,681,1241,0.0,0.0008333472224535399,0.9997582594681724,8.058017727639034e-05
44888,37.40729012150203,1.0,560,681,1241,0.0,0.0008333472224535399,0.9998388396454487,8.058017727639034e-05
44889,37.40812346872448,1.0,560,681,1241,0.0,0.0008333472224535399,0.999919419822725,8.058017727639034e-05
44890,37.40895681594694,1.0,560,681,1241,0.0,0.0008333472224535399,1.0000000000000013,8.058017727639034e-05
44891,37.40979016316939,1.0,560,681,1241,0.0,0.0008333472224535399,1.0000000000000013,0.0
44892,37.410623510391844,1.0,560,681,1241,0.0,0.0008333472224535399,1.0000000000000013,0.0
44893,37.4114568576143,1.0,560,681,1241,0.0,0.0008333472224535399,1.0000000000000013,0.0
44894,37.41229020483675,1.0,560,681,1241,0.0,0.0008333472224535399,1.0000000000000013,0.0
44895,37.413123552059204,0.9991941982272361,560,681,1241,-0.0008058017727639033,0.0008333472224535399,0.999919419822725,-8.058017727639034e-05
44896,37.41395689928166,0.9991941982272361,560,681,1241,0.0,0.0008333472224535399,0.9998388396454487,-8.058017727639034e-05
44897,37.41479024650411,0.9983883964544722,560,681,1241,-0.0008058017727639033,0.0008333472224535399,0.999677679290896,-0.00016116035455278067
44898,37.415623593726565,0.9991941982272361,560,681,1241,0.0008058017727639033,0.0008333472224535399,0.9995970991136197,-8.058017727639034e-05
44899,37.41645694094902,0.9991941982272361,560,681,1241,0.0,0.0008333472224535399,0.9995165189363433,-8.058017727639034e-05
44900,37.41729028817147,0.9991941982272361,560,681,1241,0.0,0.0008333472224535399,0.999435938759067,-8.058017727639034e-05
44901,37.418123635393925,1.0,560,681,1241,0.0008058017727639033,0.0008333472224535399,0.999435938759067,0.0
44902,37.41895698261638,1.0,560,681,1241,0.0,0.0008333472224535399,0.999435938759067,0.0
44903,37.41979032983883,1.0,560,681,1241,0.0,0.0008333472224535399,0.999435938759067,0.0
44904,37.420623677061286,1.0,560,681,1241,0.0,0.0008333472224535399,0.999435938759067,0.0
44905,37.42145702428374,1.0,560,681,1241,0.0,0.0008333472224535399,0.9995165189363433,8.058017727639034e-05
44906,37.42229037150619,1.0,560,681,1241,0.0,0.0008333472224535399,0.9995970991136197,8.058017727639034e-05
44907,37.42312371872865,0.9991941982272361,560,681,1241,-0.0008058017727639033,0.0008333472224535399,0.999677679290896,8.058017727639034e-05
44908,37.4239570659511,1.0,560,681,1241,0.0008058017727639033,0.0008333472224535399,0.9997582594681724,8.058017727639034e-05
44909,37.424790413173554,1.0,560,681,1241,0.0,0.0008333472224535399,0.9998388396454487,8.058017727639034e-05
44910,37.42562376039601,1.0,560,681,1241,0.0,0.0008333472224535399,0.999919419822725,8.058017727639034e-05
44911,37.42645710761846,1.0,560,681,1241,0.0,0.0008333472224535399,0.999919419822725,0.0
44912,37.427290454840914,1.0,560,681,1241,0.0,0.0008333472224535399,0.999919419822725,0.0
44913,37.42812380206337,1.0,560,681,1241,0.0,0.0008333472224535399,0.999919419822725,0.0
44914,37.42895714928582,1.0,560,681,1241,0.0,0.0008333472224535399,0.999919419822725,0.0
44915,37.429790496508275,1.0,560,681,1241,0.0,0.0008333472224535399,0.999919419822725,0.0
44916,37.43062384373073,1.0,560,681,1241,0.0,0.0008333472224535399,0.999919419822725,0.0
44917,37.43145719095318,1.0,560,681,1241,0.0,0.0008333472224535399,1.0000000000000013,8.058017727639034e-05
44918,37.432290538175636,0.9991941982272361,560,681,1241,-0.0008058017727639033,0.0008333472224535399,0.999919419822725,-8.058017727639034e-05
44919,37.43312388539809,0.9991941982272361,560,681,1241,0.0,0.0008333472224535399,0.9998388396454487,-8.058017727639034e-05
44920,37.43395723262054,0.9991941982272361,560,681,1241,0.0,0.0008333472224535399,0.9997582594681724,-8.058017727639034e-05
44921,37.434790579842996,0.9991941982272361,560,681,1241,0.0,0.0008333472224535399,0.999677679290896,-8.058017727639034e-05
44922,37.43562392706545,0.9991941982272361,560,681,1241,0.0,0.0008333472224535399,0.9995970991136197,-8.058017727639034e-05
44923,37.4364572742879,0.9991941982272361,560,681,1241,0.0,0.0008333472224535399,0.9995165189363433,-8.058017727639034e-05
44924,37.43729062151036,0.9991941982272361,560,681,1241,0.0,0.0008333472224535399,0.999435938759067,-8.058017727639034e-05
44925,37.43812396873281,0.9991941982272361,560,681,1241,0.0,0.0008333472224535399,0.9993553585817907,-8.058017727639034e-05
44926,37.438957315955264,0.9991941982272361,560,681,1241,0.0,0.0008333472224535399,0.9992747784045143,-8.058017727639034e-05
44927,37.439790663177725,0.9991941982272361,560,681,1241,0.0,0.0008333472224606453,0.999194198227238,-8.058017727639034e-05
44928,37.44062401040018,1.0,560,681,1241,0.0008058017727639033,0.0008333472224535399,0.9992747784045143,8.058017727639034e-05
44929,37.44145735762263,1.0,560,681,1241,0.0,0.0008333472224535399,0.9993553585817907,8.058017727639034e-05
44930,37.442290704845085,1.0,560,681,1241,0.0,0.0008333472224535399,0.999435938759067,8.058017727639034e-05
44931,37.44312405206754,1.0,560,681,1241,0.0,0.0008333472224535399,0.9995165189363433,8.058017727639034e-05
44932,37.44395739928999,1.0,560,681,1241,0.0,0.0008333472224535399,0.9995970991136197,8.058017727639034e-05
44933,37.444790746512446,1.0,560,681,1241,0.0,0.0008333472224535399,0.999677679290896,8.058017727639034e-05
44934,37.4456240937349,1.0,560,681,1241,0.0,0.0008333472224535399,0.9997582594681724,8.058017727639034e-05
44935,37.44645744095735,1.0,560,681,1241,0.0,0.0008333472224535399,0.9998388396454487,8.058017727639034e-05
44936,37.44729078817981,1.0,560,681,1241,0.0,0.0008333472224535399,0.999919419822725,8.058017727639034e-05
44937,37.44812413540226,1.0,560,681,1241,0.0,0.0008333472224535399,1.0000000000000013,8.058017727639034e-05
44938,37.448957482624714,1.0,560,681,1241,0.0,0.0008333472224535399,1.0000000000000013,0.0
44939,37.44979082984717,1.0,560,681,1241,0.0,0.0008333472224535399,1.0000000000000013,0.0
44940,37.45062417706962,1.0,560,681,1241,0.0,0.0008333472224535399,1.0000000000000013,0.0
44941,37.451457524292074,1.0,560,681,1241,0.0,0.0008333472224535399,1.0000000000000013,0.0
44942,37.45229087151453,1.0,560,681,1241,0.0,0.0008333472224535399,1.0000000000000013,0.0
44943,37.45312421873698,1.0,560,681,1241,0.0,0.0008333472224535399,1.0000000000000013,0.0
44944,37.453957565959435,1.0,560,681,1241,0.0,0.0008333472224535399,1.0000000000000013,0.0
44945,37.45479091318189,1.0,560,681,1241,0.0,0.0008333472224535399,1.0000000000000013,0.0
44946,37.45562426040434,1.0,560,681,1241,0.0,0.0008333472224535399,1.0000000000000013,0.0
44947,37.456457607626795,1.0,560,681,1241,0.0,0.0008333472224535399,1.0000000000000013,0.0
44948,37.45729095484925,1.0,560,681,1241,0.0,0.0008333472224535399,1.0000000000000013,0.0
44949,37.4581243020717,1.0,560,681,1241,0.0,0.0008333472224535399,1.0000000000000013,0.0
44950,37.458957649294156,1.0,560,681,1241,0.0,0.0008333472224535399,1.0000000000000013,0.0
44951,37.45979099651661,1.0,560,681,1241,0.0,0.0008333472224535399,1.0000000000000013,0.0
44952,37.46062434373906,0.9991941982272361,560,681,1241,-0.0008058017727639033,0.0008333472224535399,0.999919419822725,-8.058017727639034e-05
44953,37.46145769096152,0.9991941982272361,560,681,1241,0.0,0.0008333472224535399,0.9998388396454487,-8.058017727639034e-05
44954,37.46229103818397,0.9991941982272361,560,681,1241,0.0,0.0008333472224535399,0.9997582594681724,-8.058017727639034e-05
44955,37.463124385406424,0.9991941982272361,560,681,1241,0.0,0.0008333472224535399,0.999677679290896,-8.058017727639034e-05
44956,37.46395773262888,1.0,560,681,1241,0.0008058017727639033,0.0008333472224535399,0.999677679290896,0.0
44957,37.46479107985133,1.0,560,681,1241,0.0,0.0008333472224535399,0.999677679290896,0.0
44958,37.465624427073784,1.0,560,681,1241,0.0,0.0008333472224535399,0.999677679290896,0.0
44959,37.46645777429624,1.0,560,681,1241,0.0,0.0008333472224535399,0.999677679290896,0.0
44960,37.46729112151869,1.0,560,681,1241,0.0,0.0008333472224535399,0.999677679290896,0.0
44961,37.468124468741145,1.0,560,681,1241,0.0,0.0008333472224535399,0.999677679290896,0.0
44962,37.4689578159636,1.0,560,681,1241,0.0,0.0008333472224535399,0.9997582594681724,8.058017727639034e-05
44963,37.46979116318605,1.0,560,681,1241,0.0,0.0008333472224535399,0.9998388396454487,8.058017727639034e-05
44964,37.470624510408506,0.9991941982272361,560,681,1241,-0.0008058017727639033,0.0008333472224535399,0.9998388396454487,0.0
44965,37.47145785763096,0.9991941982272361,560,681,1241,0.0,0.0008333472224535399,0.9998388396454487,0.0
44966,37.47229120485341,1.0,560,681,1241,0.0008058017727639033,0.0008333472224535399,0.9998388396454487,0.0
44967,37.473124552075866,1.0,560,681,1241,0.0,0.0008333472224535399,0.9998388396454487,0.0
44968,37.47395789929832,1.0,560,681,1241,0.0,0.0008333472224535399,0.9998388396454487,0.0
44969,37.47479124652078,1.0,560,681,1241,0.0,0.0008333472224606453,0.9998388396454487,0.0
44970,37.475624593743234,1.0,560,681,1241,0.0,0.0008333472224535399,0.9998388396454487,0.0
44971,37.47645794096569,1.0,560,681,1241,0.0,0.0008333472224535399,0.9998388396454487,0.0
44972,37.47729128818814,1.0,560,681,1241,0.0,0.0008333472224535399,0.9998388396454487,0.0
44973,37.478124635410595,1.0,560,681,1241,0.0,0.0008333472224535399,0.9998388396454487,0.0
44974,37.47895798263305,1.0,560,681,1241,0.0,0.0008333472224535399,0.999919419822725,8.058017727639034e-05
44975,37.4797913298555,1.0,560,681,1241,0.0,0.0008333472224535399,1.0000000000000013,8.058017727639034e-05
44976,37.480624677077955,1.0,560,681,1241,0.0,0.0008333472224535399,1.0000000000000013,0.0
44977,37.48145802430041,1.0,560,681,1241,0.0,0.0008333472224535399,1.0000000000000013,0.0
44978,37.48229137152286,1.0,560,681,1241,0.0,0.0008333472224535399,1.0000000000000013,0.0
44979,37.483124718745316,1.0,560,681,1241,0.0,0.0008333472224535399,1.0000000000000013,0.0
44980,37.48395806596777,1.0,560,681,1241,0.0,0.0008333472224535399,1.0000000000000013,0.0
44981,37.48479141319022,1.0,560,681,1241,0.0,0.0008333472224535399,1.0000000000000013,0.0
44982,37.485624760412676,0.9991941982272361,560,681,1241,-0.0008058017727639033,0.0008333472224535399,0.999919419822725,-8.058017727639034e-05
44983,37.48645810763513,0.9991941982272361,560,681,1241,0.0,0.0008333472224535399,0.9998388396454487,-8.058017727639034e-05
44984,37.48729145485758,0.9991941982272361,560,681,1241,0.0,0.0008333472224535399,0.9997582594681724,-8.058017727639034e-05
44985,37.48812480208004,0.9991941982272361,560,681,1241,0.0,0.0008333472224535399,0.999677679290896,-8.058017727639034e-05
44986,37.48895814930249,0.9991941982272361,560,681,1241,0.0,0.0008333472224535399,0.9995970991136197,-8.058017727639034e-05
44987,37.489791496524944,0.9991941982272361,560,681,1241,0.0,0.0008333472224535399,0.9995165189363433,-8.058017727639034e-05
44988,37.4906248437474,0.9991941982272361,560,681,1241,0.0,0.0008333472224535399,0.999435938759067,-8.058017727639034e-05
44989,37.49145819096985,0.9991941982272361,560,681,1241,0.0,0.0008333472224535399,0.9993553585817907,-8.058017727639034e-05
44990,37.492291538192305,0.9991941982272361,560,681,1241,0.0,0.0008333472224535399,0.9992747784045143,-8.058017727639034e-05
44991,37.49312488541476,0.9991941982272361,560,681,1241,0.0,0.0008333472224535399,0.999194198227238,-8.058017727639034e-05
44992,37.49395823263721,1.0,560,681,1241,0.0008058017727639033,0.0008333472224535399,0.9992747784045143,8.058017727639034e-05
44993,37.494791579859665,1.0,560,681,1241,0.0,0.0008333472224535399,0.9993553585817907,8.058017727639034e-05
44994,37.49562492708212,1.0,560,681,1241,0.0,0.0008333472224535399,0.999435938759067,8.058017727639034e-05
44995,37.49645827430457,1.0,560,681,1241,0.0,0.0008333472224535399,0.9995165189363433,8.058017727639034e-05
44996,37.497291621527026,0.9991941982272361,560,681,1241,-0.0008058017727639033,0.0008333472224535399,0.9995165189363433,0.0
44997,37.49812496874948,0.9991941982272361,560,681,1241,0.0,0.0008333472224535399,0.9995165189363433,0.0
44998,37.49895831597193,0.9991941982272361,560,681,1241,0.0,0.0008333472224535399,0.9995165189363433,0.0
44999,37.49979166319439,1.0,560,681,1241,0.0008058017727639033,0.0008333472224535399,0.9995970991136197,8.058017727639034e-05
45000,37.50062501041684,1.0,560,681,1241,0.0,0.0008333472224535399,0.999677679290896,8.058017727639034e-05
45001,37.501458357639294,1.0,560,681,1241,0.0,0.0008333472224535399,0.9997582594681724,8.058017727639034e-05
45002,37.50229170486175,1.0,560,681,1241,0.0,0.0008333472224535399,0.9997582594681724,0.0
45003,37.5031250520842,1.0,560,681,1241,0.0,0.0008333472224535399,0.9997582594681724,0.0
45004,37.503958399306654,0.9991941982272361,560,681,1241,-0.0008058017727639033,0.0008333472224535399,0.999677679290896,-8.058017727639034e-05
45005,37.50479174652911,1.0,560,681,1241,0.0008058017727639033,0.0008333472224535399,0.999677679290896,0.0
45006,37.50562509375156,1.0,560,681,1241,0.0,0.0008333472224535399,0.9997582594681724,8.058017727639034e-05
45007,37.506458440974015,1.0,560,681,1241,0.0,0.0008333472224535399,0.9998388396454487,8.058017727639034e-05
45008,37.50729178819647,1.0,560,681,1241,0.0,0.0008333472224535399,0.999919419822725,8.058017727639034e-05
45009,37.50812513541892,1.0,560,681,1241,0.0,0.0008333472224535399,0.999919419822725,0.0
45010,37.508958482641376,1.0,560,681,1241,0.0,0.0008333472224535399,0.999919419822725,0.0
45011,37.509791829863836,1.0,560,681,1241,0.0,0.0008333472224606453,0.999919419822725,0.0
45012,37.51062517708629,1.0,560,681,1241,0.0,0.0008333472224535399,0.999919419822725,0.0
45013,37.51145852430874,1.0,560,681,1241,0.0,0.0008333472224535399,0.999919419822725,0.0
45014,37.5122918715312,1.0,560,681,1241,0.0,0.0008333472224535399,1.0000000000000013,8.058017727639034e-05
45015,37.51312521875365,1.0,560,681,1241,0.0,0.0008333472224535399,1.0000000000000013,0.0
45016,37.513958565976104,1.0,560,681,1241,0.0,0.0008333472224535399,1.0000000000000013,0.0
45017,37.51479191319856,1.0,560,681,1241,0.0,0.0008333472224535399,1.0000000000000013,0.0
45018,37.51562526042101,1.0,560,681,1241,0.0,0.0008333472224535399,1.0000000000000013,0.0
45019,37.516458607643465,1.0,560,681,1241,0.0,0.0008333472224535399,1.0000000000000013,0.0
45020,37.51729195486592,1.0,560,681,1241,0.0,0.0008333472224535399,1.0000000000000013,0.0
45021,37.51812530208837,1.0,560,681,1241,0.0,0.0008333472224535399,1.0000000000000013,0.0
45022,37.518958649310825,1.0,560,681,1241,0.0,0.0008333472224535399,1.0000000000000013,0.0
45023,37.51979199653328,1.0,560,681,1241,0.0,0.0008333472224535399,1.0000000000000013,0.0
45024,37.52062534375573,1.0,560,681,1241,0.0,0.0008333472224535399,1.0000000000000013,0.0
45025,37.521458690978186,1.0,560,681,1241,0.0,0.0008333472224535399,1.0000000000000013,0.0
45026,37.52229203820064,1.0,560,681,1241,0.0,0.0008333472224535399,1.0000000000000013,0.0
45027,37.52312538542309,1.0,560,681,1241,0.0,0.0008333472224535399,1.0000000000000013,0.0
45028,37.523958732645546,1.0,560,681,1241,0.0,0.0008333472224535399,1.0000000000000013,0.0
45029,37.524792079868,1.0,560,681,1241,0.0,0.0008333472224535399,1.0000000000000013,0.0
45030,37.52562542709045,1.0,560,681,1241,0.0,0.0008333472224535399,1.0000000000000013,0.0
45031,37.52645877431291,1.0,560,681,1241,0.0,0.0008333472224535399,1.0000000000000013,0.0
45032,37.52729212153536,1.0,560,681,1241,0.0,0.0008333472224535399,1.0000000000000013,0.0
45033,37.528125468757814,0.9991941982272361,560,681,1241,-0.0008058017727639033,0.0008333472224535399,0.999919419822725,-8.058017727639034e-05
45034,37.52895881598027,0.9991941982272361,560,681,1241,0.0,0.0008333472224535399,0.9998388396454487,-8.058017727639034e-05
45035,37.52979216320272,1.0,560,681,1241,0.0008058017727639033,0.0008333472224535399,0.9998388396454487,0.0
45036,37.530625510425175,1.0,560,681,1241,0.0,0.0008333472224535399,0.9998388396454487,0.0
45037,37.53145885764763,1.0,560,681,1241,0.0,0.0008333472224535399,0.9998388396454487,0.0
45038,37.53229220487008,1.0,560,681,1241,0.0,0.0008333472224535399,0.9998388396454487,0.0
45039,37.533125552092535,1.0,560,681,1241,0.0,0.0008333472224535399,0.9998388396454487,0.0
45040,37.53395889931499,1.0,560,681,1241,0.0,0.0008333472224535399,0.9998388396454487,0.0
45041,37.53479224653744,1.0,560,681,1241,0.0,0.0008333472224535399,0.9998388396454487,0.0
45042,37.535625593759896,1.0,560,681,1241,0.0,0.0008333472224535399,0.9998388396454487,0.0
45043,37.53645894098235,1.0,560,681,1241,0.0,0.0008333472224535399,0.999919419822725,8.058017727639034e-05
45044,37.5372922882048,1.0,560,681,1241,0.0,0.0008333472224535399,1.0000000000000013,8.058017727639034e-05
45045,37.53812563542726,0.9991941982272361,560,681,1241,-0.0008058017727639033,0.0008333472224535399,0.999919419822725,-8.058017727639034e-05
45046,37.53895898264971,1.0,560,681,1241,0.0008058017727639033,0.0008333472224535399,0.999919419822725,0.0
45047,37.539792329872164,1.0,560,681,1241,0.0,0.0008333472224535399,0.999919419822725,0.0
45048,37.54062567709462,1.0,560,681,1241,0.0,0.0008333472224535399,0.999919419822725,0.0
45049,37.54145902431707,1.0,560,681,1241,0.0,0.0008333472224535399,0.999919419822725,0.0
45050,37.542292371539524,1.0,560,681,1241,0.0,0.0008333472224535399,0.999919419822725,0.0
45051,37.54312571876198,1.0,560,681,1241,0.0,0.0008333472224535399,0.999919419822725,0.0
45052,37.54395906598443,1.0,560,681,1241,0.0,0.0008333472224535399,0.999919419822725,0.0
45053,37.544792413206885,1.0,560,681,1241,0.0,0.0008333472224535399,0.999919419822725,0.0
45054,37.545625760429346,1.0,560,681,1241,0.0,0.0008333472224606453,0.999919419822725,0.0
45055,37.5464591076518,0.9991941982272361,560,681,1241,-0.0008058017727639033,0.0008333472224535399,0.999919419822725,0.0
45056,37.54729245487425,1.0,560,681,1241,0.0008058017727639033,0.0008333472224535399,0.999919419822725,0.0
45057,37.548125802096706,1.0,560,681,1241,0.0,0.0008333472224535399,0.999919419822725,0.0
45058,37.54895914931916,1.0,560,681,1241,0.0,0.0008333472224535399,0.999919419822725,0.0
45059,37.54979249654161,1.0,560,681,1241,0.0,0.0008333472224535399,0.999919419822725,0.0
45060,37.55062584376407,1.0,560,681,1241,0.0,0.0008333472224535399,0.999919419822725,0.0
45061,37.55145919098652,1.0,560,681,1241,0.0,0.0008333472224535399,0.999919419822725,0.0
45062,37.552292538208974,1.0,560,681,1241,0.0,0.0008333472224535399,0.999919419822725,0.0
45063,37.55312588543143,1.0,560,681,1241,0.0,0.0008333472224535399,0.999919419822725,0.0
45064,37.55395923265388,1.0,560,681,1241,0.0,0.0008333472224535399,0.999919419822725,0.0
45065,37.554792579876334,1.0,560,681,1241,0.0,0.0008333472224535399,1.0000000000000013,8.058017727639034e-05
45066,37.55562592709879,0.9991941982272361,560,681,1241,-0.0008058017727639033,0.0008333472224535399,0.999919419822725,-8.058017727639034e-05
45067,37.55645927432124,1.0,560,681,1241,0.0008058017727639033,0.0008333472224535399,0.999919419822725,0.0
45068,37.557292621543695,0.9991941982272361,560,681,1241,-0.0008058017727639033,0.0008333472224535399,0.9998388396454487,-8.058017727639034e-05
45069,37.55812596876615,0.9991941982272361,560,681,1241,0.0,0.0008333472224535399,0.9997582594681724,-8.058017727639034e-05
45070,37.5589593159886,0.9983883964544722,560,681,1241,-0.0008058017727639033,0.0008333472224535399,0.9995970991136197,-0.00016116035455278067
45071,37.559792663211056,1.0,560,681,1241,0.0016116035455278066,0.0008333472224535399,0.9995970991136197,0.0
45072,37.56062601043351,1.0,560,681,1241,0.0,0.0008333472224535399,0.9995970991136197,0.0
45073,37.56145935765596,1.0,560,681,1241,0.0,0.0008333472224535399,0.9995970991136197,0.0
45074,37.562292704878416,0.9991941982272361,560,681,1241,-0.0008058017727639033,0.0008333472224535399,0.9995165189363433,-8.058017727639034e-05
45075,37.56312605210087,1.0,560,681,1241,0.0008058017727639033,0.0008333472224535399,0.9995165189363433,0.0
45076,37.56395939932332,1.0,560,681,1241,0.0,0.0008333472224535399,0.9995970991136197,8.058017727639034e-05
45077,37.56479274654578,1.0,560,681,1241,0.0,0.0008333472224535399,0.9995970991136197,0.0
45078,37.56562609376823,1.0,560,681,1241,0.0,0.0008333472224535399,0.999677679290896,8.058017727639034e-05
45079,37.566459440990684,1.0,560,681,1241,0.0,0.0008333472224535399,0.9997582594681724,8.058017727639034e-05
45080,37.56729278821314,0.9991941982272361,560,681,1241,-0.0008058017727639033,0.0008333472224535399,0.9998388396454487,8.058017727639034e-05
45081,37.56812613543559,0.9991941982272361,560,681,1241,0.0,0.0008333472224535399,0.9997582594681724,-8.058017727639034e-05
45082,37.568959482658045,0.9991941982272361,560,681,1241,0.0,0.0008333472224535399,0.999677679290896,-8.058017727639034e-05
45083,37.5697928298805,1.0,560,681,1241,0.0008058017727639033,0.0008333472224535399,0.999677679290896,0.0
45084,37.57062617710295,0.9991941982272361,560,681,1241,-0.0008058017727639033,0.0008333472224535399,0.999677679290896,0.0
45085,37.571459524325405,0.9991941982272361,560,681,1241,0.0,0.0008333472224535399,0.9995970991136197,-8.058017727639034e-05
45086,37.57229287154786,0.9991941982272361,560,681,1241,0.0,0.0008333472224535399,0.9995165189363433,-8.058017727639034e-05
45087,37.57312621877031,0.9983883964544722,560,681,1241,-0.0008058017727639033,0.0008333472224535399,0.9993553585817907,-0.00016116035455278067
45088,37.573959565992766,0.9983883964544722,560,681,1241,0.0,0.0008333472224535399,0.999194198227238,-0.00016116035455278067
45089,37.57479291321522,0.9983883964544722,560,681,1241,0.0,0.0008333472224535399,0.9990330378726853,-0.00016116035455278067
45090,37.57562626043767,0.9991941982272361,560,681,1241,0.0008058017727639033,0.0008333472224535399,0.9990330378726853,0.0
45091,37.57645960766013,1.0,560,681,1241,0.0008058017727639033,0.0008333472224535399,0.9991136180499616,8.058017727639034e-05
45092,37.57729295488258,1.0,560,681,1241,0.0,0.0008333472224535399,0.999194198227238,8.058017727639034e-05
45093,37.578126302105034,1.0,560,681,1241,0.0,0.0008333472224535399,0.999194198227238,0.0
45094,37.57895964932749,1.0,560,681,1241,0.0,0.0008333472224535399,0.9992747784045143,8.058017727639034e-05
45095,37.57979299654994,1.0,560,681,1241,0.0,0.0008333472224535399,0.9993553585817907,8.058017727639034e-05
45096,37.5806263437724,1.0,560,681,1241,0.0,0.0008333472224606453,0.999435938759067,8.058017727639034e-05
45097,37.581459690994855,1.0,560,681,1241,0.0,0.0008333472224535399,0.9995970991136197,0.00016116035455278067
45098,37.58229303821731,1.0,560,681,1241,0.0,0.0008333472224535399,0.9997582594681724,0.00016116035455278067
45099,37.58312638543976,0.9991941982272361,560,681,1241,-0.0008058017727639033,0.0008333472224535399,0.9998388396454487,8.058017727639034e-05
45100,37.583959732662215,1.0,560,681,1241,0.0008058017727639033,0.0008333472224535399,0.999919419822725,8.058017727639034e-05
45101,37.58479307988467,1.0,560,681,1241,0.0,0.0008333472224535399,0.999919419822725,0.0
45102,37.58562642710712,1.0,560,681,1241,0.0,0.0008333472224535399,0.999919419822725,0.0
45103,37.586459774329576,1.0,560,681,1241,0.0,0.0008333472224535399,0.999919419822725,0.0
45104,37.58729312155203,1.0,560,681,1241,0.0,0.0008333472224535399,0.999919419822725,0.0
45105,37.58812646877448,0.9991941982272361,560,681,1241,-0.0008058017727639033,0.0008333472224535399,0.9998388396454487,-8.058017727639034e-05
45106,37.58895981599694,0.9991941982272361,560,681,1241,0.0,0.0008333472224535399,0.9997582594681724,-8.058017727639034e-05
45107,37.58979316321939,0.9991941982272361,560,681,1241,0.0,0.0008333472224535399,0.999677679290896,-8.058017727639034e-05
45108,37.590626510441844,0.9991941982272361,560,681,1241,0.0,0.0008333472224535399,0.9995970991136197,-8.058017727639034e-05
45109,37.5914598576643,0.9991941982272361,560,681,1241,0.0,0.0008333472224535399,0.9995970991136197,0.0
45110,37.59229320488675,0.9991941982272361,560,681,1241,0.0,0.0008333472224535399,0.9995165189363433,-8.058017727639034e-05
45111,37.593126552109204,1.0,560,681,1241,0.0008058017727639033,0.0008333472224535399,0.9995165189363433,0.0
45112,37.59395989933166,1.0,560,681,1241,0.0,0.0008333472224535399,0.9995165189363433,0.0
45113,37.59479324655411,1.0,560,681,1241,0.0,0.0008333472224535399,0.9995165189363433,0.0
45114,37.595626593776565,1.0,560,681,1241,0.0,0.0008333472224535399,0.9995165189363433,0.0
45115,37.59645994099902,1.0,560,681,1241,0.0,0.0008333472224535399,0.9995970991136197,8.058017727639034e-05
45116,37.59729328822147,1.0,560,681,1241,0.0,0.0008333472224535399,0.999677679290896,8.058017727639034e-05
45117,37.598126635443926,1.0,560,681,1241,0.0,0.0008333472224535399,0.9997582594681724,8.058017727639034e-05
45118,37.59895998266638,1.0,560,681,1241,0.0,0.0008333472224535399,0.9998388396454487,8.058017727639034e-05
45119,37.59979332988883,1.0,560,681,1241,0.0,0.0008333472224535399,0.999919419822725,8.058017727639034e-05
45120,37.600626677111286,1.0,560,681,1241,0.0,0.0008333472224535399,1.0000000000000013,8.058017727639034e-05
45121,37.60146002433374,1.0,560,681,1241,0.0,0.0008333472224535399,1.0000000000000013,0.0
45122,37.60229337155619,1.0,560,681,1241,0.0,0.0008333472224535399,1.0000000000000013,0.0
45123,37.60312671877865,1.0,560,681,1241,0.0,0.0008333472224535399,1.0000000000000013,0.0
45124,37.6039600660011,1.0,560,681,1241,0.0,0.0008333472224535399,1.0000000000000013,0.0
45125,37.604793413223554,1.0,560,681,1241,0.0,0.0008333472224535399,1.0000000000000013,0.0
45126,37.60562676044601,1.0,560,681,1241,0.0,0.0008333472224535399,1.0000000000000013,0.0
45127,37.60646010766846,1.0,560,681,1241,0.0,0.0008333472224535399,1.0000000000000013,0.0
45128,37.607293454890915,1.0,560,681,1241,0.0,0.0008333472224535399,1.0000000000000013,0.0
45129,37.60812680211337,1.0,560,681,1241,0.0,0.0008333472224535399,1.0000000000000013,0.0
45130,37.60896014933582,0.9991941982272361,560,681,1241,-0.0008058017727639033,0.0008333472224535399,0.999919419822725,-8.058017727639034e-05
45131,37.609793496558275,0.9991941982272361,560,681,1241,0.0,0.0008333472224535399,0.9998388396454487,-8.058017727639034e-05
45132,37.61062684378073,0.9991941982272361,560,681,1241,0.0,0.0008333472224535399,0.9997582594681724,-8.058017727639034e-05
45133,37.61146019100318,0.9991941982272361,560,681,1241,0.0,0.0008333472224535399,0.999677679290896,-8.058017727639034e-05
45134,37.612293538225636,1.0,560,681,1241,0.0008058017727639033,0.0008333472224535399,0.999677679290896,0.0
45135,37.61312688544809,1.0,560,681,1241,0.0,0.0008333472224535399,0.999677679290896,0.0
45136,37.61396023267054,1.0,560,681,1241,0.0,0.0008333472224535399,0.999677679290896,0.0
45137,37.614793579892996,1.0,560,681,1241,0.0,0.0008333472224535399,0.999677679290896,0.0
45138,37.61562692711545,1.0,560,681,1241,0.0,0.0008333472224535399,0.999677679290896,0.0
45139,37.61646027433791,1.0,560,681,1241,0.0,0.0008333472224606453,0.999677679290896,0.0
45140,37.617293621560364,1.0,560,681,1241,0.0,0.0008333472224535399,0.9997582594681724,8.058017727639034e-05
45141,37.61812696878282,1.0,560,681,1241,0.0,0.0008333472224535399,0.9998388396454487,8.058017727639034e-05
45142,37.61896031600527,1.0,560,681,1241,0.0,0.0008333472224535399,0.999919419822725,8.058017727639034e-05
45143,37.619793663227725,0.9991941982272361,560,681,1241,-0.0008058017727639033,0.0008333472224535399,0.999919419822725,0.0
45144,37.62062701045018,0.9991941982272361,560,681,1241,0.0,0.0008333472224535399,0.9998388396454487,-8.058017727639034e-05
45145,37.62146035767263,0.9991941982272361,560,681,1241,0.0,0.0008333472224535399,0.9997582594681724,-8.058017727639034e-05
45146,37.622293704895085,0.9991941982272361,560,681,1241,0.0,0.0008333472224535399,0.999677679290896,-8.058017727639034e-05
45147,37.62312705211754,0.9991941982272361,560,681,1241,0.0,0.0008333472224535399,0.9995970991136197,-8.058017727639034e-05
45148,37.62396039933999,1.0,560,681,1241,0.0008058017727639033,0.0008333472224535399,0.9995970991136197,0.0
45149,37.624793746562446,1.0,560,681,1241,0.0,0.0008333472224535399,0.9995970991136197,0.0
45150,37.6256270937849,1.0,560,681,1241,0.0,0.0008333472224535399,0.9995970991136197,0.0
45151,37.62646044100735,1.0,560,681,1241,0.0,0.0008333472224535399,0.9995970991136197,0.0
45152,37.62729378822981,1.0,560,681,1241,0.0,0.0008333472224535399,0.9995970991136197,0.0
45153,37.62812713545226,1.0,560,681,1241,0.0,0.0008333472224535399,0.999677679290896,8.058017727639034e-05
45154,37.628960482674714,1.0,560,681,1241,0.0,0.0008333472224535399,0.9997582594681724,8.058017727639034e-05
45155,37.62979382989717,1.0,560,681,1241,0.0,0.0008333472224535399,0.9998388396454487,8.058017727639034e-05
45156,37.63062717711962,1.0,560,681,1241,0.0,0.0008333472224535399,0.999919419822725,8.058017727639034e-05
45157,37.631460524342074,1.0,560,681,1241,0.0,0.0008333472224535399,1.0000000000000013,8.058017727639034e-05
45158,37.63229387156453,1.0,560,681,1241,0.0,0.0008333472224535399,1.0000000000000013,0.0
45159,37.63312721878698,1.0,560,681,1241,0.0,0.0008333472224535399,1.0000000000000013,0.0
45160,37.633960566009435,1.0,560,681,1241,0.0,0.0008333472224535399,1.0000000000000013,0.0
45161,37.63479391323189,1.0,560,681,1241,0.0,0.0008333472224535399,1.0000000000000013,0.0
45162,37.63562726045434,1.0,560,681,1241,0.0,0.0008333472224535399,1.0000000000000013,0.0
45163,37.636460607676796,1.0,560,681,1241,0.0,0.0008333472224535399,1.0000000000000013,0.0
45164,37.63729395489925,1.0,560,681,1241,0.0,0.0008333472224535399,1.0000000000000013,0.0
45165,37.6381273021217,1.0,560,681,1241,0.0,0.0008333472224535399,1.0000000000000013,0.0
45166,37.638960649344156,1.0,560,681,1241,0.0,0.0008333472224535399,1.0000000000000013,0.0
45167,37.63979399656661,1.0,560,681,1241,0.0,0.0008333472224535399,1.0000000000000013,0.0
45168,37.64062734378906,1.0,560,681,1241,0.0,0.0008333472224535399,1.0000000000000013,0.0
45169,37.64146069101152,1.0,560,681,1241,0.0,0.0008333472224535399,1.0000000000000013,0.0
45170,37.64229403823397,1.0,560,681,1241,0.0,0.0008333472224535399,1.0000000000000013,0.0
45171,37.643127385456424,1.0,560,681,1241,0.0,0.0008333472224535399,1.0000000000000013,0.0
45172,37.64396073267888,1.0,560,681,1241,0.0,0.0008333472224535399,1.0000000000000013,0.0
45173,37.64479407990133,1.0,560,681,1241,0.0,0.0008333472224535399,1.0000000000000013,0.0
45174,37.645627427123785,1.0,560,681,1241,0.0,0.0008333472224535399,1.0000000000000013,0.0
45175,37.64646077434624,1.0,560,681,1241,0.0,0.0008333472224535399,1.0000000000000013,0.0
45176,37.64729412156869,1.0,560,681,1241,0.0,0.0008333472224535399,1.0000000000000013,0.0
45177,37.648127468791145,1.0,560,681,1241,0.0,0.0008333472224535399,1.0000000000000013,0.0
45178,37.6489608160136,1.0,560,681,1241,0.0,0.0008333472224535399,1.0000000000000013,0.0
45179,37.64979416323605,0.9991941982272361,560,681,1241,-0.0008058017727639033,0.0008333472224535399,0.999919419822725,-8.058017727639034e-05
45180,37.650627510458506,0.9991941982272361,560,681,1241,0.0,0.0008333472224535399,0.9998388396454487,-8.058017727639034e-05
45181,37.651460857680966,0.9991941982272361,560,681,1241,0.0,0.0008333472224606453,0.9997582594681724,-8.058017727639034e-05
45182,37.65229420490342,0.9991941982272361,560,681,1241,0.0,0.0008333472224535399,0.999677679290896,-8.058017727639034e-05
45183,37.65312755212587,0.9991941982272361,560,681,1241,0.0,0.0008333472224535399,0.9995970991136197,-8.058017727639034e-05
45184,37.65396089934833,0.9991941982272361,560,681,1241,0.0,0.0008333472224535399,0.9995165189363433,-8.058017727639034e-05
45185,37.65479424657078,0.9991941982272361,560,681,1241,0.0,0.0008333472224535399,0.999435938759067,-8.058017727639034e-05
45186,37.655627593793234,0.9991941982272361,560,681,1241,0.0,0.0008333472224535399,0.9993553585817907,-8.058017727639034e-05
45187,37.65646094101569,0.9991941982272361,560,681,1241,0.0,0.0008333472224535399,0.9992747784045143,-8.058017727639034e-05
45188,37.65729428823814,1.0,560,681,1241,0.0008058017727639033,0.0008333472224535399,0.9992747784045143,0.0
45189,37.658127635460595,1.0,560,681,1241,0.0,0.0008333472224535399,0.9993553585817907,8.058017727639034e-05
45190,37.65896098268305,1.0,560,681,1241,0.0,0.0008333472224535399,0.999435938759067,8.058017727639034e-05
45191,37.6597943299055,1.0,560,681,1241,0.0,0.0008333472224535399,0.9995165189363433,8.058017727639034e-05
45192,37.660627677127955,1.0,560,681,1241,0.0,0.0008333472224535399,0.9995970991136197,8.058017727639034e-05
45193,37.66146102435041,1.0,560,681,1241,0.0,0.0008333472224535399,0.999677679290896,8.058017727639034e-05
45194,37.66229437157286,1.0,560,681,1241,0.0,0.0008333472224535399,0.9997582594681724,8.058017727639034e-05
45195,37.663127718795316,1.0,560,681,1241,0.0,0.0008333472224535399,0.9998388396454487,8.058017727639034e-05
45196,37.66396106601777,1.0,560,681,1241,0.0,0.0008333472224535399,0.999919419822725,8.058017727639034e-05
45197,37.66479441324022,1.0,560,681,1241,0.0,0.0008333472224535399,1.0000000000000013,8.058017727639034e-05
45198,37.66562776046268,1.0,560,681,1241,0.0,0.0008333472224535399,1.0000000000000013,0.0
45199,37.66646110768513,1.0,560,681,1241,0.0,0.0008333472224535399,1.0000000000000013,0.0
45200,37.667294454907584,1.0,560,681,1241,0.0,0.0008333472224535399,1.0000000000000013,0.0
45201,37.66812780213004,1.0,560,681,1241,0.0,0.0008333472224535399,1.0000000000000013,0.0
45202,37.66896114935249,1.0,560,681,1241,0.0,0.0008333472224535399,1.0000000000000013,0.0
45203,37.669794496574944,1.0,560,681,1241,0.0,0.0008333472224535399,1.0000000000000013,0.0
45204,37.6706278437974,1.0,560,681,1241,0.0,0.0008333472224535399,1.0000000000000013,0.0
45205,37.67146119101985,1.0,560,681,1241,0.0,0.0008333472224535399,1.0000000000000013,0.0
45206,37.672294538242305,1.0,560,681,1241,0.0,0.0008333472224535399,1.0000000000000013,0.0
45207,37.67312788546476,1.0,560,681,1241,0.0,0.0008333472224535399,1.0000000000000013,0.0
45208,37.67396123268721,1.0,560,681,1241,0.0,0.0008333472224535399,1.0000000000000013,0.0
45209,37.674794579909666,1.0,560,681,1241,0.0,0.0008333472224535399,1.0000000000000013,0.0
45210,37.67562792713212,1.0,560,681,1241,0.0,0.0008333472224535399,1.0000000000000013,0.0
45211,37.67646127435457,1.0,560,681,1241,0.0,0.0008333472224535399,1.0000000000000013,0.0
45212,37.677294621577026,1.0,560,681,1241,0.0,0.0008333472224535399,1.0000000000000013,0.0
45213,37.67812796879948,1.0,560,681,1241,0.0,0.0008333472224535399,1.0000000000000013,0.0
45214,37.67896131602193,1.0,560,681,1241,0.0,0.0008333472224535399,1.0000000000000013,0.0
45215,37.67979466324439,1.0,560,681,1241,0.0,0.0008333472224535399,1.0000000000000013,0.0
45216,37.68062801046684,1.0,560,681,1241,0.0,0.0008333472224535399,1.0000000000000013,0.0
45217,37.681461357689294,1.0,560,681,1241,0.0,0.0008333472224535399,1.0000000000000013,0.0
45218,37.68229470491175,1.0,560,681,1241,0.0,0.0008333472224535399,1.0000000000000013,0.0
45219,37.6831280521342,1.0,560,681,1241,0.0,0.0008333472224535399,1.0000000000000013,0.0
45220,37.683961399356654,1.0,560,681,1241,0.0,0.0008333472224535399,1.0000000000000013,0.0
45221,37.68479474657911,1.0,560,681,1241,0.0,0.0008333472224535399,1.0000000000000013,0.0
45222,37.68562809380156,1.0,560,681,1241,0.0,0.0008333472224535399,1.0000000000000013,0.0
45223,37.68646144102402,1.0,560,681,1241,0.0,0.0008333472224606453,1.0000000000000013,0.0
45224,37.687294788246476,1.0,560,681,1241,0.0,0.0008333472224535399,1.0000000000000013,0.0
45225,37.68812813546893,1.0,560,681,1241,0.0,0.0008333472224535399,1.0000000000000013,0.0
45226,37.68896148269138,0.9991941982272361,560,681,1241,-0.0008058017727639033,0.0008333472224535399,0.999919419822725,-8.058017727639034e-05
45227,37.689794829913836,0.9991941982272361,560,681,1241,0.0,0.0008333472224535399,0.9998388396454487,-8.058017727639034e-05
45228,37.69062817713629,0.9991941982272361,560,681,1241,0.0,0.0008333472224535399,0.9997582594681724,-8.058017727639034e-05
45229,37.69146152435874,0.9983883964544722,560,681,1241,-0.0008058017727639033,0.0008333472224535399,0.9995970991136197,-0.00016116035455278067
45230,37.6922948715812,0.9991941982272361,560,681,1241,0.0008058017727639033,0.0008333472224535399,0.9995165189363433,-8.058017727639034e-05
45231,37.69312821880365,1.0,560,681,1241,0.0008058017727639033,0.0008333472224535399,0.9995165189363433,0.0
45232,37.693961566026104,1.0,560,681,1241,0.0,0.0008333472224535399,0.9995165189363433,0.0
45233,37.69479491324856,1.0,560,681,1241,0.0,0.0008333472224535399,0.9995165189363433,0.0
45234,37.69562826047101,1.0,560,681,1241,0.0,0.0008333472224535399,0.9995165189363433,0.0
45235,37.696461607693465,1.0,560,681,1241,0.0,0.0008333472224535399,0.9995165189363433,0.0
45236,37.69729495491592,1.0,560,681,1241,0.0,0.0008333472224535399,0.9995970991136197,8.058017727639034e-05
45237,37.69812830213837,1.0,560,681,1241,0.0,0.0008333472224535399,0.999677679290896,8.058017727639034e-05
45238,37.698961649360825,1.0,560,681,1241,0.0,0.0008333472224535399,0.9997582594681724,8.058017727639034e-05
45239,37.69979499658328,1.0,560,681,1241,0.0,0.0008333472224535399,0.999919419822725,0.00016116035455278067
45240,37.70062834380573,1.0,560,681,1241,0.0,0.0008333472224535399,1.0000000000000013,8.058017727639034e-05
45241,37.701461691028186,1.0,560,681,1241,0.0,0.0008333472224535399,1.0000000000000013,0.0
45242,37.70229503825064,1.0,560,681,1241,0.0,0.0008333472224535399,1.0000000000000013,0.0
45243,37.70312838547309,1.0,560,681,1241,0.0,0.0008333472224535399,1.0000000000000013,0.0
45244,37.70396173269555,1.0,560,681,1241,0.0,0.0008333472224535399,1.0000000000000013,0.0
45245,37.704795079918,1.0,560,681,1241,0.0,0.0008333472224535399,1.0000000000000013,0.0
45246,37.705628427140454,1.0,560,681,1241,0.0,0.0008333472224535399,1.0000000000000013,0.0
45247,37.70646177436291,1.0,560,681,1241,0.0,0.0008333472224535399,1.0000000000000013,0.0
45248,37.70729512158536,1.0,560,681,1241,0.0,0.0008333472224535399,1.0000000000000013,0.0
45249,37.708128468807814,1.0,560,681,1241,0.0,0.0008333472224535399,1.0000000000000013,0.0
45250,37.70896181603027,1.0,560,681,1241,0.0,0.0008333472224535399,1.0000000000000013,0.0
45251,37.70979516325272,1.0,560,681,1241,0.0,0.0008333472224535399,1.0000000000000013,0.0
45252,37.710628510475175,1.0,560,681,1241,0.0,0.0008333472224535399,1.0000000000000013,0.0
45253,37.71146185769763,0.9991941982272361,560,681,1241,-0.0008058017727639033,0.0008333472224535399,0.999919419822725,-8.058017727639034e-05
45254,37.71229520492008,0.9991941982272361,560,681,1241,0.0,0.0008333472224535399,0.9998388396454487,-8.058017727639034e-05
45255,37.713128552142535,0.9991941982272361,560,681,1241,0.0,0.0008333472224535399,0.9997582594681724,-8.058017727639034e-05
45256,37.71396189936499,1.0,560,681,1241,0.0008058017727639033,0.0008333472224535399,0.9997582594681724,0.0
45257,37.71479524658744,1.0,560,681,1241,0.0,0.0008333472224535399,0.9997582594681724,0.0
45258,37.715628593809896,1.0,560,681,1241,0.0,0.0008333472224535399,0.9997582594681724,0.0
45259,37.71646194103235,1.0,560,681,1241,0.0,0.0008333472224535399,0.9997582594681724,0.0
45260,37.7172952882548,1.0,560,681,1241,0.0,0.0008333472224535399,0.9997582594681724,0.0
45261,37.71812863547726,1.0,560,681,1241,0.0,0.0008333472224535399,0.9997582594681724,0.0
45262,37.71896198269971,1.0,560,681,1241,0.0,0.0008333472224535399,0.9997582594681724,0.0
45263,37.719795329922164,1.0,560,681,1241,0.0,0.0008333472224535399,0.9998388396454487,8.058017727639034e-05
45264,37.72062867714462,1.0,560,681,1241,0.0,0.0008333472224535399,0.999919419822725,8.058017727639034e-05
45265,37.72146202436707,1.0,560,681,1241,0.0,0.0008333472224535399,1.0000000000000013,8.058017727639034e-05
45266,37.72229537158953,0.9991941982272361,560,681,1241,-0.0008058017727639033,0.0008333472224606453,0.999919419822725,-8.058017727639034e-05
45267,37.723128718811985,0.9991941982272361,560,681,1241,0.0,0.0008333472224535399,0.9998388396454487,-8.058017727639034e-05
45268,37.72396206603444,0.9991941982272361,560,681,1241,0.0,0.0008333472224535399,0.9997582594681724,-8.058017727639034e-05
45269,37.72479541325689,0.9991941982272361,560,681,1241,0.0,0.0008333472224535399,0.999677679290896,-8.058017727639034e-05
45270,37.725628760479346,1.0,560,681,1241,0.0008058017727639033,0.0008333472224535399,0.999677679290896,0.0
45271,37.7264621077018,1.0,560,681,1241,0.0,0.0008333472224535399,0.999677679290896,0.0
45272,37.72729545492425,1.0,560,681,1241,0.0,0.0008333472224535399,0.999677679290896,0.0
45273,37.728128802146706,1.0,560,681,1241,0.0,0.0008333472224535399,0.999677679290896,0.0
45274,37.72896214936916,1.0,560,681,1241,0.0,0.0008333472224535399,0.999677679290896,0.0
45275,37.72979549659161,1.0,560,681,1241,0.0,0.0008333472224535399,0.999677679290896,0.0
45276,37.73062884381407,1.0,560,681,1241,0.0,0.0008333472224535399,0.9997582594681724,8.058017727639034e-05
45277,37.73146219103652,0.9991941982272361,560,681,1241,-0.0008058017727639033,0.0008333472224535399,0.9997582594681724,0.0
45278,37.732295538258974,0.9991941982272361,560,681,1241,0.0,0.0008333472224535399,0.9997582594681724,0.0
45279,37.73312888548143,0.9991941982272361,560,681,1241,0.0,0.0008333472224535399,0.9997582594681724,0.0
45280,37.73396223270388,1.0,560,681,1241,0.0008058017727639033,0.0008333472224535399,0.9997582594681724,0.0
45281,37.734795579926335,1.0,560,681,1241,0.0,0.0008333472224535399,0.9997582594681724,0.0
45282,37.73562892714879,0.9991941982272361,560,681,1241,-0.0008058017727639033,0.0008333472224535399,0.999677679290896,-8.058017727639034e-05
45283,37.73646227437124,0.9983883964544722,560,681,1241,-0.0008058017727639033,0.0008333472224535399,0.9995165189363433,-0.00016116035455278067
45284,37.737295621593695,0.9991941982272361,560,681,1241,0.0008058017727639033,0.0008333472224535399,0.999435938759067,-8.058017727639034e-05
45285,37.73812896881615,1.0,560,681,1241,0.0008058017727639033,0.0008333472224535399,0.999435938759067,0.0
45286,37.7389623160386,1.0,560,681,1241,0.0,0.0008333472224535399,0.999435938759067,0.0
45287,37.739795663261056,1.0,560,681,1241,0.0,0.0008333472224535399,0.9995165189363433,8.058017727639034e-05
45288,37.74062901048351,1.0,560,681,1241,0.0,0.0008333472224535399,0.9995970991136197,8.058017727639034e-05
45289,37.74146235770596,1.0,560,681,1241,0.0,0.0008333472224535399,0.999677679290896,8.058017727639034e-05
45290,37.74229570492842,1.0,560,681,1241,0.0,0.0008333472224535399,0.999677679290896,0.0
45291,37.74312905215087,1.0,560,681,1241,0.0,0.0008333472224535399,0.999677679290896,0.0
45292,37.74396239937332,1.0,560,681,1241,0.0,0.0008333472224535399,0.9997582594681724,8.058017727639034e-05
45293,37.74479574659578,1.0,560,681,1241,0.0,0.0008333472224535399,0.999919419822725,0.00016116035455278067
45294,37.74562909381823,1.0,560,681,1241,0.0,0.0008333472224535399,1.0000000000000013,8.058017727639034e-05
45295,37.746462441040684,1.0,560,681,1241,0.0,0.0008333472224535399,1.0000000000000013,0.0
45296,37.74729578826314,1.0,560,681,1241,0.0,0.0008333472224535399,1.0000000000000013,0.0
45297,37.74812913548559,1.0,560,681,1241,0.0,0.0008333472224535399,1.0000000000000013,0.0
45298,37.748962482708045,1.0,560,681,1241,0.0,0.0008333472224535399,1.0000000000000013,0.0
45299,37.7497958299305,1.0,560,681,1241,0.0,0.0008333472224535399,1.0000000000000013,0.0
45300,37.75062917715295,1.0,560,681,1241,0.0,0.0008333472224535399,1.0000000000000013,0.0
45301,37.751462524375405,1.0,560,681,1241,0.0,0.0008333472224535399,1.0000000000000013,0.0
45302,37.75229587159786,1.0,560,681,1241,0.0,0.0008333472224535399,1.0000000000000013,0.0
45303,37.75312921882031,1.0,560,681,1241,0.0,0.0008333472224535399,1.0000000000000013,0.0
45304,37.753962566042766,1.0,560,681,1241,0.0,0.0008333472224535399,1.0000000000000013,0.0
45305,37.75479591326522,1.0,560,681,1241,0.0,0.0008333472224535399,1.0000000000000013,0.0
45306,37.75562926048767,0.9991941982272361,560,681,1241,-0.0008058017727639033,0.0008333472224535399,0.999919419822725,-8.058017727639034e-05
45307,37.75646260771013,0.9991941982272361,560,681,1241,0.0,0.0008333472224535399,0.9998388396454487,-8.058017727639034e-05
45308,37.75729595493259,0.9991941982272361,560,681,1241,0.0,0.0008333472224606453,0.9997582594681724,-8.058017727639034e-05
45309,37.75812930215504,1.0,560,681,1241,0.0008058017727639033,0.0008333472224535399,0.9997582594681724,0.0
45310,37.758962649377494,1.0,560,681,1241,0.0,0.0008333472224535399,0.9997582594681724,0.0
45311,37.75979599659995,1.0,560,681,1241,0.0,0.0008333472224535399,0.9997582594681724,0.0
45312,37.7606293438224,1.0,560,681,1241,0.0,0.0008333472224535399,0.9997582594681724,0.0
45313,37.761462691044855,1.0,560,681,1241,0.0,0.0008333472224535399,0.9997582594681724,0.0
45314,37.76229603826731,1.0,560,681,1241,0.0,0.0008333472224535399,0.9997582594681724,0.0
45315,37.76312938548976,1.0,560,681,1241,0.0,0.0008333472224535399,0.9997582594681724,0.0
45316,37.763962732712216,1.0,560,681,1241,0.0,0.0008333472224535399,0.9998388396454487,8.058017727639034e-05
45317,37.76479607993467,1.0,560,681,1241,0.0,0.0008333472224535399,0.999919419822725,8.058017727639034e-05
45318,37.76562942715712,1.0,560,681,1241,0.0,0.0008333472224535399,1.0000000000000013,8.058017727639034e-05
45319,37.766462774379576,1.0,560,681,1241,0.0,0.0008333472224535399,1.0000000000000013,0.0
45320,37.76729612160203,1.0,560,681,1241,0.0,0.0008333472224535399,1.0000000000000013,0.0
45321,37.76812946882448,1.0,560,681,1241,0.0,0.0008333472224535399,1.0000000000000013,0.0
45322,37.76896281604694,1.0,560,681,1241,0.0,0.0008333472224535399,1.0000000000000013,0.0
45323,37.76979616326939,1.0,560,681,1241,0.0,0.0008333472224535399,1.0000000000000013,0.0
45324,37.770629510491844,1.0,560,681,1241,0.0,0.0008333472224535399,1.0000000000000013,0.0
45325,37.7714628577143,1.0,560,681,1241,0.0,0.0008333472224535399,1.0000000000000013,0.0
45326,37.77229620493675,1.0,560,681,1241,0.0,0.0008333472224535399,1.0000000000000013,0.0
45327,37.773129552159205,1.0,560,681,1241,0.0,0.0008333472224535399,1.0000000000000013,0.0
45328,37.77396289938166,1.0,560,681,1241,0.0,0.0008333472224535399,1.0000000000000013,0.0
45329,37.77479624660411,1.0,560,681,1241,0.0,0.0008333472224535399,1.0000000000000013,0.0
45330,37.775629593826565,1.0,560,681,1241,0.0,0.0008333472224535399,1.0000000000000013,0.0
45331,37.77646294104902,1.0,560,681,1241,0.0,0.0008333472224535399,1.0000000000000013,0.0
45332,37.77729628827147,1.0,560,681,1241,0.0,0.0008333472224535399,1.0000000000000013,0.0
45333,37.778129635493926,1.0,560,681,1241,0.0,0.0008333472224535399,1.0000000000000013,0.0
45334,37.77896298271638,1.0,560,681,1241,0.0,0.0008333472224535399,1.0000000000000013,0.0
45335,37.77979632993883,1.0,560,681,1241,0.0,0.0008333472224535399,1.0000000000000013,0.0
45336,37.780629677161286,1.0,560,681,1241,0.0,0.0008333472224535399,1.0000000000000013,0.0
45337,37.78146302438374,1.0,560,681,1241,0.0,0.0008333472224535399,1.0000000000000013,0.0
45338,37.78229637160619,1.0,560,681,1241,0.0,0.0008333472224535399,1.0000000000000013,0.0
45339,37.78312971882865,1.0,560,681,1241,0.0,0.0008333472224535399,1.0000000000000013,0.0
45340,37.7839630660511,1.0,560,681,1241,0.0,0.0008333472224535399,1.0000000000000013,0.0
45341,37.784796413273554,1.0,560,681,1241,0.0,0.0008333472224535399,1.0000000000000013,0.0
45342,37.78562976049601,1.0,560,681,1241,0.0,0.0008333472224535399,1.0000000000000013,0.0
45343,37.78646310771846,1.0,560,681,1241,0.0,0.0008333472224535399,1.0000000000000013,0.0
45344,37.787296454940915,1.0,560,681,1241,0.0,0.0008333472224535399,1.0000000000000013,0.0
45345,37.78812980216337,1.0,560,681,1241,0.0,0.0008333472224535399,1.0000000000000013,0.0
45346,37.78896314938582,1.0,560,681,1241,0.0,0.0008333472224535399,1.0000000000000013,0.0
45347,37.789796496608275,1.0,560,681,1241,0.0,0.0008333472224535399,1.0000000000000013,0.0
45348,37.79062984383073,1.0,560,681,1241,0.0,0.0008333472224535399,1.0000000000000013,0.0
45349,37.79146319105318,1.0,560,681,1241,0.0,0.0008333472224535399,1.0000000000000013,0.0
45350,37.79229653827564,1.0,560,681,1241,0.0,0.0008333472224606453,1.0000000000000013,0.0
45351,37.7931298854981,1.0,560,681,1241,0.0,0.0008333472224535399,1.0000000000000013,0.0
45352,37.79396323272055,1.0,560,681,1241,0.0,0.0008333472224535399,1.0000000000000013,0.0
45353,37.794796579943004,1.0,560,681,1241,0.0,0.0008333472224535399,1.0000000000000013,0.0
45354,37.79562992716546,1.0,560,681,1241,0.0,0.0008333472224535399,1.0000000000000013,0.0
45355,37.79646327438791,1.0,560,681,1241,0.0,0.0008333472224535399,1.0000000000000013,0.0
45356,37.797296621610364,1.0,560,681,1241,0.0,0.0008333472224535399,1.0000000000000013,0.0
45357,37.79812996883282,1.0,560,681,1241,0.0,0.0008333472224535399,1.0000000000000013,0.0
45358,37.79896331605527,1.0,560,681,1241,0.0,0.0008333472224535399,1.0000000000000013,0.0
45359,37.799796663277725,1.0,560,681,1241,0.0,0.0008333472224535399,1.0000000000000013,0.0
45360,37.80063001050018,1.0,560,681,1241,0.0,0.0008333472224535399,1.0000000000000013,0.0
45361,37.80146335772263,1.0,560,681,1241,0.0,0.0008333472224535399,1.0000000000000013,0.0
45362,37.802296704945086,1.0,560,681,1241,0.0,0.0008333472224535399,1.0000000000000013,0.0
45363,37.80313005216754,1.0,560,681,1241,0.0,0.0008333472224535399,1.0000000000000013,0.0
45364,37.80396339938999,0.9991941982272361,560,681,1241,-0.0008058017727639033,0.0008333472224535399,0.999919419822725,-8.058017727639034e-05
45365,37.804796746612446,0.9991941982272361,560,681,1241,0.0,0.0008333472224535399,0.9998388396454487,-8.058017727639034e-05
45366,37.8056300938349,1.0,560,681,1241,0.0008058017727639033,0.0008333472224535399,0.9998388396454487,0.0
45367,37.80646344105735,1.0,560,681,1241,0.0,0.0008333472224535399,0.9998388396454487,0.0
45368,37.80729678827981,1.0,560,681,1241,0.0,0.0008333472224535399,0.9998388396454487,0.0
45369,37.80813013550226,1.0,560,681,1241,0.0,0.0008333472224535399,0.9998388396454487,0.0
45370,37.808963482724714,0.9991941982272361,560,681,1241,-0.0008058017727639033,0.0008333472224535399,0.9997582594681724,-8.058017727639034e-05
45371,37.80979682994717,1.0,560,681,1241,0.0008058017727639033,0.0008333472224535399,0.9997582594681724,0.0
45372,37.81063017716962,1.0,560,681,1241,0.0,0.0008333472224535399,0.9997582594681724,0.0
45373,37.811463524392074,0.9991941982272361,560,681,1241,-0.0008058017727639033,0.0008333472224535399,0.999677679290896,-8.058017727639034e-05
45374,37.81229687161453,0.9991941982272361,560,681,1241,0.0,0.0008333472224535399,0.999677679290896,0.0
45375,37.81313021883698,1.0,560,681,1241,0.0008058017727639033,0.0008333472224535399,0.9997582594681724,8.058017727639034e-05
45376,37.813963566059435,1.0,560,681,1241,0.0,0.0008333472224535399,0.9997582594681724,0.0
45377,37.81479691328189,1.0,560,681,1241,0.0,0.0008333472224535399,0.9997582594681724,0.0
45378,37.81563026050434,1.0,560,681,1241,0.0,0.0008333472224535399,0.9997582594681724,0.0
45379,37.816463607726796,1.0,560,681,1241,0.0,0.0008333472224535399,0.9997582594681724,0.0
45380,37.81729695494925,1.0,560,681,1241,0.0,0.0008333472224535399,0.9998388396454487,8.058017727639034e-05
45381,37.8181303021717,1.0,560,681,1241,0.0,0.0008333472224535399,0.9998388396454487,0.0
45382,37.818963649394156,1.0,560,681,1241,0.0,0.0008333472224535399,0.9998388396454487,0.0
45383,37.81979699661661,1.0,560,681,1241,0.0,0.0008333472224535399,0.999919419822725,8.058017727639034e-05
45384,37.82063034383906,1.0,560,681,1241,0.0,0.0008333472224535399,1.0000000000000013,8.058017727639034e-05
45385,37.82146369106152,1.0,560,681,1241,0.0,0.0008333472224535399,1.0000000000000013,0.0
45386,37.82229703828397,1.0,560,681,1241,0.0,0.0008333472224535399,1.0000000000000013,0.0
45387,37.823130385506424,1.0,560,681,1241,0.0,0.0008333472224535399,1.0000000000000013,0.0
45388,37.82396373272888,1.0,560,681,1241,0.0,0.0008333472224535399,1.0000000000000013,0.0
45389,37.82479707995133,1.0,560,681,1241,0.0,0.0008333472224535399,1.0000000000000013,0.0
45390,37.825630427173785,1.0,560,681,1241,0.0,0.0008333472224535399,1.0000000000000013,0.0
45391,37.82646377439624,1.0,560,681,1241,0.0,0.0008333472224535399,1.0000000000000013,0.0
45392,37.82729712161869,1.0,560,681,1241,0.0,0.0008333472224535399,1.0000000000000013,0.0
45393,37.82813046884115,1.0,560,681,1241,0.0,0.0008333472224606453,1.0000000000000013,0.0
45394,37.828963816063606,1.0,560,681,1241,0.0,0.0008333472224535399,1.0000000000000013,0.0
45395,37.82979716328606,1.0,560,681,1241,0.0,0.0008333472224535399,1.0000000000000013,0.0
45396,37.83063051050851,1.0,560,681,1241,0.0,0.0008333472224535399,1.0000000000000013,0.0
45397,37.83146385773097,1.0,560,681,1241,0.0,0.0008333472224535399,1.0000000000000013,0.0
45398,37.83229720495342,1.0,560,681,1241,0.0,0.0008333472224535399,1.0000000000000013,0.0
45399,37.833130552175874,1.0,560,681,1241,0.0,0.0008333472224535399,1.0000000000000013,0.0
45400,37.83396389939833,1.0,560,681,1241,0.0,0.0008333472224535399,1.0000000000000013,0.0
45401,37.83479724662078,1.0,560,681,1241,0.0,0.0008333472224535399,1.0000000000000013,0.0
45402,37.835630593843234,1.0,560,681,1241,0.0,0.0008333472224535399,1.0000000000000013,0.0
45403,37.83646394106569,1.0,560,681,1241,0.0,0.0008333472224535399,1.0000000000000013,0.0
45404,37.83729728828814,1.0,560,681,1241,0.0,0.0008333472224535399,1.0000000000000013,0.0
45405,37.838130635510595,1.0,560,681,1241,0.0,0.0008333472224535399,1.0000000000000013,0.0
45406,37.83896398273305,0.9991941982272361,560,681,1241,-0.0008058017727639033,0.0008333472224535399,0.999919419822725,-8.058017727639034e-05
45407,37.8397973299555,0.9991941982272361,560,681,1241,0.0,0.0008333472224535399,0.9998388396454487,-8.058017727639034e-05
45408,37.840630677177955,0.9991941982272361,560,681,1241,0.0,0.0008333472224535399,0.9997582594681724,-8.058017727639034e-05
45409,37.84146402440041,0.9991941982272361,560,681,1241,0.0,0.0008333472224535399,0.999677679290896,-8.058017727639034e-05
45410,37.84229737162286,0.9991941982272361,560,681,1241,0.0,0.0008333472224535399,0.9995970991136197,-8.058017727639034e-05
45411,37.843130718845316,0.9991941982272361,560,681,1241,0.0,0.0008333472224535399,0.9995165189363433,-8.058017727639034e-05
45412,37.84396406606777,0.9991941982272361,560,681,1241,0.0,0.0008333472224535399,0.999435938759067,-8.058017727639034e-05
45413,37.84479741329022,0.9991941982272361,560,681,1241,0.0,0.0008333472224535399,0.9993553585817907,-8.058017727639034e-05
45414,37.84563076051268,0.9991941982272361,560,681,1241,0.0,0.0008333472224535399,0.9992747784045143,-8.058017727639034e-05
45415,37.84646410773513,0.9991941982272361,560,681,1241,0.0,0.0008333472224535399,0.999194198227238,-8.058017727639034e-05
45416,37.847297454957584,1.0,560,681,1241,0.0008058017727639033,0.0008333472224535399,0.9992747784045143,8.058017727639034e-05
45417,37.84813080218004,1.0,560,681,1241,0.0,0.0008333472224535399,0.9993553585817907,8.058017727639034e-05
45418,37.84896414940249,1.0,560,681,1241,0.0,0.0008333472224535399,0.999435938759067,8.058017727639034e-05
45419,37.849797496624944,0.9991941982272361,560,681,1241,-0.0008058017727639033,0.0008333472224535399,0.999435938759067,0.0
45420,37.8506308438474,0.9991941982272361,560,681,1241,0.0,0.0008333472224535399,0.999435938759067,0.0
45421,37.85146419106985,1.0,560,681,1241,0.0008058017727639033,0.0008333472224535399,0.9995165189363433,8.058017727639034e-05
45422,37.852297538292305,1.0,560,681,1241,0.0,0.0008333472224535399,0.9995970991136197,8.058017727639034e-05
45423,37.85313088551476,1.0,560,681,1241,0.0,0.0008333472224535399,0.999677679290896,8.058017727639034e-05
45424,37.85396423273721,1.0,560,681,1241,0.0,0.0008333472224535399,0.9997582594681724,8.058017727639034e-05
45425,37.854797579959666,1.0,560,681,1241,0.0,0.0008333472224535399,0.9998388396454487,8.058017727639034e-05
45426,37.85563092718212,1.0,560,681,1241,0.0,0.0008333472224535399,0.9998388396454487,0.0
45427,37.85646427440457,1.0,560,681,1241,0.0,0.0008333472224535399,0.9998388396454487,0.0
45428,37.857297621627026,1.0,560,681,1241,0.0,0.0008333472224535399,0.9998388396454487,0.0
45429,37.85813096884948,1.0,560,681,1241,0.0,0.0008333472224535399,0.999919419822725,8.058017727639034e-05
45430,37.85896431607193,1.0,560,681,1241,0.0,0.0008333472224535399,1.0000000000000013,8.058017727639034e-05
45431,37.85979766329439,1.0,560,681,1241,0.0,0.0008333472224535399,1.0000000000000013,0.0
45432,37.86063101051684,1.0,560,681,1241,0.0,0.0008333472224535399,1.0000000000000013,0.0
45433,37.861464357739294,1.0,560,681,1241,0.0,0.0008333472224535399,1.0000000000000013,0.0
45434,37.86229770496175,1.0,560,681,1241,0.0,0.0008333472224535399,1.0000000000000013,0.0
45435,37.86313105218421,1.0,560,681,1241,0.0,0.0008333472224606453,1.0000000000000013,0.0
45436,37.86396439940666,1.0,560,681,1241,0.0,0.0008333472224535399,1.0000000000000013,0.0
45437,37.864797746629115,1.0,560,681,1241,0.0,0.0008333472224535399,1.0000000000000013,0.0
45438,37.86563109385157,1.0,560,681,1241,0.0,0.0008333472224535399,1.0000000000000013,0.0
45439,37.86646444107402,1.0,560,681,1241,0.0,0.0008333472224535399,1.0000000000000013,0.0
45440,37.867297788296476,1.0,560,681,1241,0.0,0.0008333472224535399,1.0000000000000013,0.0
45441,37.86813113551893,1.0,560,681,1241,0.0,0.0008333472224535399,1.0000000000000013,0.0
45442,37.86896448274138,1.0,560,681,1241,0.0,0.0008333472224535399,1.0000000000000013,0.0
45443,37.86979782996384,1.0,560,681,1241,0.0,0.0008333472224535399,1.0000000000000013,0.0
45444,37.87063117718629,1.0,560,681,1241,0.0,0.0008333472224535399,1.0000000000000013,0.0
45445,37.871464524408744,1.0,560,681,1241,0.0,0.0008333472224535399,1.0000000000000013,0.0
45446,37.8722978716312,1.0,560,681,1241,0.0,0.0008333472224535399,1.0000000000000013,0.0
45447,37.87313121885365,1.0,560,681,1241,0.0,0.0008333472224535399,1.0000000000000013,0.0
45448,37.873964566076104,1.0,560,681,1241,0.0,0.0008333472224535399,1.0000000000000013,0.0
45449,37.87479791329856,1.0,560,681,1241,0.0,0.0008333472224535399,1.0000000000000013,0.0
45450,37.87563126052101,0.9991941982272361,560,681,1241,-0.0008058017727639033,0.0008333472224535399,0.999919419822725,-8.058017727639034e-05
45451,37.876464607743465,0.9991941982272361,560,681,1241,0.0,0.0008333472224535399,0.9998388396454487,-8.058017727639034e-05
45452,37.87729795496592,0.9991941982272361,560,681,1241,0.0,0.0008333472224535399,0.9997582594681724,-8.058017727639034e-05
45453,37.87813130218837,0.9991941982272361,560,681,1241,0.0,0.0008333472224535399,0.999677679290896,-8.058017727639034e-05
45454,37.878964649410825,1.0,560,681,1241,0.0008058017727639033,0.0008333472224535399,0.999677679290896,0.0
45455,37.87979799663328,1.0,560,681,1241,0.0,0.0008333472224535399,0.999677679290896,0.0
45456,37.88063134385573,1.0,560,681,1241,0.0,0.0008333472224535399,0.999677679290896,0.0
45457,37.881464691078186,1.0,560,681,1241,0.0,0.0008333472224535399,0.999677679290896,0.0
45458,37.88229803830064,1.0,560,681,1241,0.0,0.0008333472224535399,0.999677679290896,0.0
45459,37.88313138552309,1.0,560,681,1241,0.0,0.0008333472224535399,0.999677679290896,0.0
45460,37.88396473274555,1.0,560,681,1241,0.0,0.0008333472224535399,0.9997582594681724,8.058017727639034e-05
45461,37.884798079968,1.0,560,681,1241,0.0,0.0008333472224535399,0.9998388396454487,8.058017727639034e-05
45462,37.885631427190454,1.0,560,681,1241,0.0,0.0008333472224535399,0.999919419822725,8.058017727639034e-05
45463,37.88646477441291,1.0,560,681,1241,0.0,0.0008333472224535399,1.0000000000000013,8.058017727639034e-05
45464,37.88729812163536,1.0,560,681,1241,0.0,0.0008333472224535399,1.0000000000000013,0.0
45465,37.888131468857814,1.0,560,681,1241,0.0,0.0008333472224535399,1.0000000000000013,0.0
45466,37.88896481608027,1.0,560,681,1241,0.0,0.0008333472224535399,1.0000000000000013,0.0
45467,37.88979816330272,1.0,560,681,1241,0.0,0.0008333472224535399,1.0000000000000013,0.0
45468,37.890631510525175,1.0,560,681,1241,0.0,0.0008333472224535399,1.0000000000000013,0.0
45469,37.89146485774763,1.0,560,681,1241,0.0,0.0008333472224535399,1.0000000000000013,0.0
45470,37.89229820497008,1.0,560,681,1241,0.0,0.0008333472224535399,1.0000000000000013,0.0
45471,37.893131552192536,1.0,560,681,1241,0.0,0.0008333472224535399,1.0000000000000013,0.0
45472,37.89396489941499,1.0,560,681,1241,0.0,0.0008333472224535399,1.0000000000000013,0.0
45473,37.89479824663744,1.0,560,681,1241,0.0,0.0008333472224535399,1.0000000000000013,0.0
45474,37.895631593859896,1.0,560,681,1241,0.0,0.0008333472224535399,1.0000000000000013,0.0
45475,37.89646494108235,1.0,560,681,1241,0.0,0.0008333472224535399,1.0000000000000013,0.0
45476,37.8972982883048,1.0,560,681,1241,0.0,0.0008333472224535399,1.0000000000000013,0.0
45477,37.898131635527264,1.0,560,681,1241,0.0,0.0008333472224606453,1.0000000000000013,0.0
45478,37.89896498274972,1.0,560,681,1241,0.0,0.0008333472224535399,1.0000000000000013,0.0
45479,37.89979832997217,1.0,560,681,1241,0.0,0.0008333472224535399,1.0000000000000013,0.0
45480,37.900631677194625,1.0,560,681,1241,0.0,0.0008333472224535399,1.0000000000000013,0.0
45481,37.90146502441708,1.0,560,681,1241,0.0,0.0008333472224535399,1.0000000000000013,0.0
45482,37.90229837163953,1.0,560,681,1241,0.0,0.0008333472224535399,1.0000000000000013,0.0
45483,37.903131718861985,1.0,560,681,1241,0.0,0.0008333472224535399,1.0000000000000013,0.0
45484,37.90396506608444,1.0,560,681,1241,0.0,0.0008333472224535399,1.0000000000000013,0.0
45485,37.90479841330689,1.0,560,681,1241,0.0,0.0008333472224535399,1.0000000000000013,0.0
45486,37.905631760529346,1.0,560,681,1241,0.0,0.0008333472224535399,1.0000000000000013,0.0
45487,37.9064651077518,1.0,560,681,1241,0.0,0.0008333472224535399,1.0000000000000013,0.0
45488,37.90729845497425,1.0,560,681,1241,0.0,0.0008333472224535399,1.0000000000000013,0.0
45489,37.908131802196706,1.0,560,681,1241,0.0,0.0008333472224535399,1.0000000000000013,0.0
45490,37.90896514941916,1.0,560,681,1241,0.0,0.0008333472224535399,1.0000000000000013,0.0
45491,37.90979849664161,1.0,560,681,1241,0.0,0.0008333472224535399,1.0000000000000013,0.0
45492,37.91063184386407,1.0,560,681,1241,0.0,0.0008333472224535399,1.0000000000000013,0.0
45493,37.91146519108652,1.0,560,681,1241,0.0,0.0008333472224535399,1.0000000000000013,0.0
45494,37.912298538308974,1.0,560,681,1241,0.0,0.0008333472224535399,1.0000000000000013,0.0
45495,37.91313188553143,1.0,560,681,1241,0.0,0.0008333472224535399,1.0000000000000013,0.0
45496,37.91396523275388,1.0,560,681,1241,0.0,0.0008333472224535399,1.0000000000000013,0.0
45497,37.914798579976335,0.9983883964544722,560,681,1241,-0.0016116035455278066,0.0008333472224535399,0.9998388396454487,-0.00016116035455278067
45498,37.91563192719879,0.9991941982272361,560,681,1241,0.0008058017727639033,0.0008333472224535399,0.9997582594681724,-8.058017727639034e-05
45499,37.91646527442124,0.9991941982272361,560,681,1241,0.0,0.0008333472224535399,0.999677679290896,-8.058017727639034e-05
45500,37.917298621643695,0.9991941982272361,560,681,1241,0.0,0.0008333472224535399,0.9995970991136197,-8.058017727639034e-05
45501,37.91813196886615,1.0,560,681,1241,0.0008058017727639033,0.0008333472224535399,0.9995970991136197,0.0
45502,37.9189653160886,1.0,560,681,1241,0.0,0.0008333472224535399,0.9995970991136197,0.0
45503,37.919798663311056,1.0,560,681,1241,0.0,0.0008333472224535399,0.9995970991136197,0.0
45504,37.92063201053351,1.0,560,681,1241,0.0,0.0008333472224535399,0.9995970991136197,0.0
45505,37.92146535775596,1.0,560,681,1241,0.0,0.0008333472224535399,0.9995970991136197,0.0
45506,37.92229870497842,1.0,560,681,1241,0.0,0.0008333472224535399,0.9995970991136197,0.0
45507,37.92313205220087,1.0,560,681,1241,0.0,0.0008333472224535399,0.9997582594681724,0.00016116035455278067
45508,37.923965399423324,1.0,560,681,1241,0.0,0.0008333472224535399,0.9998388396454487,8.058017727639034e-05
45509,37.92479874664578,1.0,560,681,1241,0.0,0.0008333472224535399,0.999919419822725,8.058017727639034e-05
45510,37.92563209386823,1.0,560,681,1241,0.0,0.0008333472224535399,1.0000000000000013,8.058017727639034e-05
45511,37.926465441090684,1.0,560,681,1241,0.0,0.0008333472224535399,1.0000000000000013,0.0
45512,37.92729878831314,1.0,560,681,1241,0.0,0.0008333472224535399,1.0000000000000013,0.0
45513,37.92813213553559,1.0,560,681,1241,0.0,0.0008333472224535399,1.0000000000000013,0.0
45514,37.928965482758045,1.0,560,681,1241,0.0,0.0008333472224535399,1.0000000000000013,0.0
45515,37.9297988299805,1.0,560,681,1241,0.0,0.0008333472224535399,1.0000000000000013,0.0
45516,37.93063217720295,1.0,560,681,1241,0.0,0.0008333472224535399,1.0000000000000013,0.0
45517,37.931465524425406,1.0,560,681,1241,0.0,0.0008333472224535399,1.0000000000000013,0.0
45518,37.93229887164786,1.0,560,681,1241,0.0,0.0008333472224535399,1.0000000000000013,0.0
45519,37.93313221887031,1.0,560,681,1241,0.0,0.0008333472224535399,1.0000000000000013,0.0
45520,37.93396556609277,1.0,560,681,1241,0.0,0.0008333472224606453,1.0000000000000013,0.0
45521,37.93479891331523,1.0,560,681,1241,0.0,0.0008333472224535399,1.0000000000000013,0.0
45522,37.93563226053768,1.0,560,681,1241,0.0,0.0008333472224535399,1.0000000000000013,0.0
45523,37.936465607760134,1.0,560,681,1241,0.0,0.0008333472224535399,1.0000000000000013,0.0
45524,37.93729895498259,1.0,560,681,1241,0.0,0.0008333472224535399,1.0000000000000013,0.0
45525,37.93813230220504,1.0,560,681,1241,0.0,0.0008333472224535399,1.0000000000000013,0.0
45526,37.938965649427494,1.0,560,681,1241,0.0,0.0008333472224535399,1.0000000000000013,0.0
45527,37.93979899664995,1.0,560,681,1241,0.0,0.0008333472224535399,1.0000000000000013,0.0
45528,37.9406323438724,1.0,560,681,1241,0.0,0.0008333472224535399,1.0000000000000013,0.0
45529,37.941465691094855,1.0,560,681,1241,0.0,0.0008333472224535399,1.0000000000000013,0.0
45530,37.94229903831731,0.9991941982272361,560,681,1241,-0.0008058017727639033,0.0008333472224535399,0.999919419822725,-8.058017727639034e-05
45531,37.94313238553976,0.9983883964544722,560,681,1241,-0.0008058017727639033,0.0008333472224535399,0.9997582594681724,-0.00016116035455278067
45532,37.943965732762216,0.9991941982272361,560,681,1241,0.0008058017727639033,0.0008333472224535399,0.999677679290896,-8.058017727639034e-05
45533,37.94479907998467,0.9991941982272361,560,681,1241,0.0,0.0008333472224535399,0.9995970991136197,-8.058017727639034e-05
45534,37.94563242720712,1.0,560,681,1241,0.0008058017727639033,0.0008333472224535399,0.9995970991136197,0.0
45535,37.946465774429576,1.0,560,681,1241,0.0,0.0008333472224535399,0.9995970991136197,0.0
45536,37.94729912165203,0.9991941982272361,560,681,1241,-0.0008058017727639033,0.0008333472224535399,0.9995165189363433,-8.058017727639034e-05
45537,37.94813246887448,0.9991941982272361,560,681,1241,0.0,0.0008333472224535399,0.999435938759067,-8.058017727639034e-05
45538,37.94896581609694,1.0,560,681,1241,0.0008058017727639033,0.0008333472224535399,0.999435938759067,0.0
45539,37.94979916331939,1.0,560,681,1241,0.0,0.0008333472224535399,0.999435938759067,0.0
45540,37.950632510541844,1.0,560,681,1241,0.0,0.0008333472224535399,0.9995165189363433,8.058017727639034e-05
45541,37.9514658577643,1.0,560,681,1241,0.0,0.0008333472224535399,0.999677679290896,0.00016116035455278067
45542,37.95229920498675,1.0,560,681,1241,0.0,0.0008333472224535399,0.9997582594681724,8.058017727639034e-05
45543,37.953132552209205,0.9991941982272361,560,681,1241,-0.0008058017727639033,0.0008333472224535399,0.9997582594681724,0.0
45544,37.95396589943166,1.0,560,681,1241,0.0008058017727639033,0.0008333472224535399,0.9997582594681724,0.0
45545,37.95479924665411,1.0,560,681,1241,0.0,0.0008333472224535399,0.9997582594681724,0.0
45546,37.955632593876565,1.0,560,681,1241,0.0,0.0008333472224535399,0.9998388396454487,8.058017727639034e-05
45547,37.95646594109902,1.0,560,681,1241,0.0,0.0008333472224535399,0.999919419822725,8.058017727639034e-05
45548,37.95729928832147,1.0,560,681,1241,0.0,0.0008333472224535399,0.999919419822725,0.0
45549,37.958132635543926,1.0,560,681,1241,0.0,0.0008333472224535399,0.999919419822725,0.0
45550,37.95896598276638,1.0,560,681,1241,0.0,0.0008333472224535399,0.999919419822725,0.0
45551,37.95979932998883,1.0,560,681,1241,0.0,0.0008333472224535399,0.999919419822725,0.0
45552,37.96063267721129,1.0,560,681,1241,0.0,0.0008333472224535399,0.999919419822725,0.0
45553,37.96146602443374,1.0,560,681,1241,0.0,0.0008333472224535399,1.0000000000000013,8.058017727639034e-05
45554,37.962299371656194,1.0,560,681,1241,0.0,0.0008333472224535399,1.0000000000000013,0.0
45555,37.96313271887865,1.0,560,681,1241,0.0,0.0008333472224535399,1.0000000000000013,0.0
45556,37.9639660661011,1.0,560,681,1241,0.0,0.0008333472224535399,1.0000000000000013,0.0
45557,37.964799413323554,1.0,560,681,1241,0.0,0.0008333472224535399,1.0000000000000013,0.0
45558,37.96563276054601,1.0,560,681,1241,0.0,0.0008333472224535399,1.0000000000000013,0.0
45559,37.96646610776846,1.0,560,681,1241,0.0,0.0008333472224535399,1.0000000000000013,0.0
45560,37.967299454990915,1.0,560,681,1241,0.0,0.0008333472224535399,1.0000000000000013,0.0
45561,37.96813280221337,1.0,560,681,1241,0.0,0.0008333472224535399,1.0000000000000013,0.0
45562,37.96896614943583,1.0,560,681,1241,0.0,0.0008333472224606453,1.0000000000000013,0.0
45563,37.96979949665828,1.0,560,681,1241,0.0,0.0008333472224535399,1.0000000000000013,0.0
45564,37.970632843880736,1.0,560,681,1241,0.0,0.0008333472224535399,1.0000000000000013,0.0
45565,37.97146619110319,1.0,560,681,1241,0.0,0.0008333472224535399,1.0000000000000013,0.0
45566,37.97229953832564,1.0,560,681,1241,0.0,0.0008333472224535399,1.0000000000000013,0.0
45567,37.9731328855481,0.9991941982272361,560,681,1241,-0.0008058017727639033,0.0008333472224535399,0.999919419822725,-8.058017727639034e-05
45568,37.97396623277055,0.9991941982272361,560,681,1241,0.0,0.0008333472224535399,0.9998388396454487,-8.058017727639034e-05
45569,37.974799579993004,0.9991941982272361,560,681,1241,0.0,0.0008333472224535399,0.9997582594681724,-8.058017727639034e-05
45570,37.97563292721546,0.9991941982272361,560,681,1241,0.0,0.0008333472224535399,0.999677679290896,-8.058017727639034e-05
45571,37.97646627443791,1.0,560,681,1241,0.0008058017727639033,0.0008333472224535399,0.999677679290896,0.0
45572,37.977299621660364,1.0,560,681,1241,0.0,0.0008333472224535399,0.999677679290896,0.0
45573,37.97813296888282,1.0,560,681,1241,0.0,0.0008333472224535399,0.999677679290896,0.0
45574,37.97896631610527,1.0,560,681,1241,0.0,0.0008333472224535399,0.999677679290896,0.0
45575,37.979799663327725,1.0,560,681,1241,0.0,0.0008333472224535399,0.999677679290896,0.0
45576,37.98063301055018,1.0,560,681,1241,0.0,0.0008333472224535399,0.999677679290896,0.0
45577,37.98146635777263,1.0,560,681,1241,0.0,0.0008333472224535399,0.9997582594681724,8.058017727639034e-05
45578,37.982299704995086,0.9991941982272361,560,681,1241,-0.0008058017727639033,0.0008333472224535399,0.9997582594681724,0.0
45579,37.98313305221754,1.0,560,681,1241,0.0008058017727639033,0.0008333472224535399,0.9998388396454487,8.058017727639034e-05
45580,37.98396639943999,1.0,560,681,1241,0.0,0.0008333472224535399,0.999919419822725,8.058017727639034e-05
45581,37.984799746662446,1.0,560,681,1241,0.0,0.0008333472224535399,0.999919419822725,0.0
45582,37.9856330938849,1.0,560,681,1241,0.0,0.0008333472224535399,0.999919419822725,0.0
45583,37.98646644110735,1.0,560,681,1241,0.0,0.0008333472224535399,0.999919419822725,0.0
45584,37.98729978832981,0.9991941982272361,560,681,1241,-0.0008058017727639033,0.0008333472224535399,0.9998388396454487,-8.058017727639034e-05
45585,37.98813313555226,0.9991941982272361,560,681,1241,0.0,0.0008333472224535399,0.9997582594681724,-8.058017727639034e-05
45586,37.988966482774714,1.0,560,681,1241,0.0008058017727639033,0.0008333472224535399,0.9997582594681724,0.0
45587,37.98979982999717,1.0,560,681,1241,0.0,0.0008333472224535399,0.9997582594681724,0.0
45588,37.99063317721962,1.0,560,681,1241,0.0,0.0008333472224535399,0.9998388396454487,8.058017727639034e-05
45589,37.991466524442075,1.0,560,681,1241,0.0,0.0008333472224535399,0.9998388396454487,0.0
45590,37.99229987166453,1.0,560,681,1241,0.0,0.0008333472224535399,0.9998388396454487,0.0
45591,37.99313321888698,1.0,560,681,1241,0.0,0.0008333472224535399,0.9998388396454487,0.0
45592,37.993966566109435,1.0,560,681,1241,0.0,0.0008333472224535399,0.9998388396454487,0.0
45593,37.99479991333189,1.0,560,681,1241,0.0,0.0008333472224535399,0.9998388396454487,0.0
45594,37.99563326055434,1.0,560,681,1241,0.0,0.0008333472224535399,0.999919419822725,8.058017727639034e-05
45595,37.996466607776796,1.0,560,681,1241,0.0,0.0008333472224535399,1.0000000000000013,8.058017727639034e-05
45596,37.99729995499925,1.0,560,681,1241,0.0,0.0008333472224535399,1.0000000000000013,0.0
45597,37.9981333022217,1.0,560,681,1241,0.0,0.0008333472224535399,1.0000000000000013,0.0
45598,37.99896664944416,1.0,560,681,1241,0.0,0.0008333472224535399,1.0000000000000013,0.0
45599,37.99979999666661,1.0,560,681,1241,0.0,0.0008333472224535399,1.0000000000000013,0.0
45600,38.000633343889064,1.0,560,681,1241,0.0,0.0008333472224535399,1.0000000000000013,0.0
45601,38.00146669111152,0.9991941982272361,560,681,1241,-0.0008058017727639033,0.0008333472224535399,0.999919419822725,-8.058017727639034e-05
45602,38.00230003833397,1.0,560,681,1241,0.0008058017727639033,0.0008333472224535399,0.999919419822725,0.0
45603,38.003133385556424,1.0,560,681,1241,0.0,0.0008333472224535399,0.999919419822725,0.0
45604,38.00396673277888,1.0,560,681,1241,0.0,0.0008333472224535399,0.999919419822725,0.0
45605,38.00480008000134,1.0,560,681,1241,0.0,0.0008333472224606453,0.999919419822725,0.0
45606,38.00563342722379,1.0,560,681,1241,0.0,0.0008333472224535399,0.999919419822725,0.0
45607,38.006466774446245,1.0,560,681,1241,0.0,0.0008333472224535399,0.999919419822725,0.0
45608,38.0073001216687,1.0,560,681,1241,0.0,0.0008333472224535399,0.999919419822725,0.0
45609,38.00813346889115,1.0,560,681,1241,0.0,0.0008333472224535399,0.999919419822725,0.0
45610,38.008966816113606,1.0,560,681,1241,0.0,0.0008333472224535399,0.999919419822725,0.0
45611,38.00980016333606,1.0,560,681,1241,0.0,0.0008333472224535399,1.0000000000000013,8.058017727639034e-05
45612,38.01063351055851,1.0,560,681,1241,0.0,0.0008333472224535399,1.0000000000000013,0.0
45613,38.01146685778097,0.9991941982272361,560,681,1241,-0.0008058017727639033,0.0008333472224535399,0.999919419822725,-8.058017727639034e-05
45614,38.01230020500342,0.9991941982272361,560,681,1241,0.0,0.0008333472224535399,0.9998388396454487,-8.058017727639034e-05
45615,38.013133552225874,0.9991941982272361,560,681,1241,0.0,0.0008333472224535399,0.9997582594681724,-8.058017727639034e-05
45616,38.01396689944833,1.0,560,681,1241,0.0008058017727639033,0.0008333472224535399,0.9997582594681724,0.0
45617,38.01480024667078,1.0,560,681,1241,0.0,0.0008333472224535399,0.9997582594681724,0.0
45618,38.015633593893234,1.0,560,681,1241,0.0,0.0008333472224535399,0.9997582594681724,0.0
45619,38.01646694111569,1.0,560,681,1241,0.0,0.0008333472224535399,0.9997582594681724,0.0
45620,38.01730028833814,1.0,560,681,1241,0.0,0.0008333472224535399,0.9997582594681724,0.0
45621,38.018133635560595,1.0,560,681,1241,0.0,0.0008333472224535399,0.9997582594681724,0.0
45622,38.01896698278305,1.0,560,681,1241,0.0,0.0008333472224535399,0.9997582594681724,0.0
45623,38.0198003300055,1.0,560,681,1241,0.0,0.0008333472224535399,0.9998388396454487,8.058017727639034e-05
45624,38.020633677227956,1.0,560,681,1241,0.0,0.0008333472224535399,0.999919419822725,8.058017727639034e-05
45625,38.02146702445041,1.0,560,681,1241,0.0,0.0008333472224535399,1.0000000000000013,8.058017727639034e-05
45626,38.02230037167286,1.0,560,681,1241,0.0,0.0008333472224535399,1.0000000000000013,0.0
45627,38.023133718895316,1.0,560,681,1241,0.0,0.0008333472224535399,1.0000000000000013,0.0
45628,38.02396706611777,1.0,560,681,1241,0.0,0.0008333472224535399,1.0000000000000013,0.0
45629,38.02480041334022,1.0,560,681,1241,0.0,0.0008333472224535399,1.0000000000000013,0.0
45630,38.02563376056268,1.0,560,681,1241,0.0,0.0008333472224535399,1.0000000000000013,0.0
45631,38.02646710778513,1.0,560,681,1241,0.0,0.0008333472224535399,1.0000000000000013,0.0
45632,38.027300455007584,1.0,560,681,1241,0.0,0.0008333472224535399,1.0000000000000013,0.0
45633,38.02813380223004,1.0,560,681,1241,0.0,0.0008333472224535399,1.0000000000000013,0.0
45634,38.02896714945249,1.0,560,681,1241,0.0,0.0008333472224535399,1.0000000000000013,0.0
45635,38.029800496674945,1.0,560,681,1241,0.0,0.0008333472224535399,1.0000000000000013,0.0
45636,38.0306338438974,1.0,560,681,1241,0.0,0.0008333472224535399,1.0000000000000013,0.0
45637,38.03146719111985,1.0,560,681,1241,0.0,0.0008333472224535399,1.0000000000000013,0.0
45638,38.032300538342305,1.0,560,681,1241,0.0,0.0008333472224535399,1.0000000000000013,0.0
45639,38.03313388556476,1.0,560,681,1241,0.0,0.0008333472224535399,1.0000000000000013,0.0
45640,38.03396723278721,1.0,560,681,1241,0.0,0.0008333472224535399,1.0000000000000013,0.0
45641,38.034800580009666,0.9991941982272361,560,681,1241,-0.0008058017727639033,0.0008333472224535399,0.999919419822725,-8.058017727639034e-05
45642,38.03563392723212,0.9991941982272361,560,681,1241,0.0,0.0008333472224535399,0.9998388396454487,-8.058017727639034e-05
45643,38.03646727445457,0.9991941982272361,560,681,1241,0.0,0.0008333472224535399,0.9997582594681724,-8.058017727639034e-05
45644,38.037300621677026,1.0,560,681,1241,0.0008058017727639033,0.0008333472224535399,0.9997582594681724,0.0
45645,38.03813396889948,1.0,560,681,1241,0.0,0.0008333472224535399,0.9997582594681724,0.0
45646,38.03896731612193,1.0,560,681,1241,0.0,0.0008333472224535399,0.9997582594681724,0.0
45647,38.039800663344394,1.0,560,681,1241,0.0,0.0008333472224606453,0.9997582594681724,0.0
45648,38.04063401056685,1.0,560,681,1241,0.0,0.0008333472224535399,0.9997582594681724,0.0
45649,38.0414673577893,1.0,560,681,1241,0.0,0.0008333472224535399,0.9997582594681724,0.0
45650,38.042300705011755,1.0,560,681,1241,0.0,0.0008333472224535399,0.9997582594681724,0.0
45651,38.04313405223421,1.0,560,681,1241,0.0,0.0008333472224535399,0.9998388396454487,8.058017727639034e-05
45652,38.04396739945666,1.0,560,681,1241,0.0,0.0008333472224535399,0.999919419822725,8.058017727639034e-05
45653,38.044800746679115,1.0,560,681,1241,0.0,0.0008333472224535399,1.0000000000000013,8.058017727639034e-05
45654,38.04563409390157,1.0,560,681,1241,0.0,0.0008333472224535399,1.0000000000000013,0.0
45655,38.04646744112402,1.0,560,681,1241,0.0,0.0008333472224535399,1.0000000000000013,0.0
45656,38.047300788346476,1.0,560,681,1241,0.0,0.0008333472224535399,1.0000000000000013,0.0
45657,38.04813413556893,1.0,560,681,1241,0.0,0.0008333472224535399,1.0000000000000013,0.0
45658,38.04896748279138,1.0,560,681,1241,0.0,0.0008333472224535399,1.0000000000000013,0.0
45659,38.04980083001384,1.0,560,681,1241,0.0,0.0008333472224535399,1.0000000000000013,0.0
45660,38.05063417723629,1.0,560,681,1241,0.0,0.0008333472224535399,1.0000000000000013,0.0
45661,38.051467524458744,1.0,560,681,1241,0.0,0.0008333472224535399,1.0000000000000013,0.0
45662,38.0523008716812,1.0,560,681,1241,0.0,0.0008333472224535399,1.0000000000000013,0.0
45663,38.05313421890365,1.0,560,681,1241,0.0,0.0008333472224535399,1.0000000000000013,0.0
45664,38.053967566126104,1.0,560,681,1241,0.0,0.0008333472224535399,1.0000000000000013,0.0
45665,38.05480091334856,1.0,560,681,1241,0.0,0.0008333472224535399,1.0000000000000013,0.0
45666,38.05563426057101,1.0,560,681,1241,0.0,0.0008333472224535399,1.0000000000000013,0.0
45667,38.056467607793465,0.9991941982272361,560,681,1241,-0.0008058017727639033,0.0008333472224535399,0.999919419822725,-8.058017727639034e-05
45668,38.05730095501592,0.9991941982272361,560,681,1241,0.0,0.0008333472224535399,0.9998388396454487,-8.058017727639034e-05
45669,38.05813430223837,1.0,560,681,1241,0.0008058017727639033,0.0008333472224535399,0.9998388396454487,0.0
45670,38.058967649460826,1.0,560,681,1241,0.0,0.0008333472224535399,0.9998388396454487,0.0
45671,38.05980099668328,1.0,560,681,1241,0.0,0.0008333472224535399,0.9998388396454487,0.0
45672,38.06063434390573,0.9991941982272361,560,681,1241,-0.0008058017727639033,0.0008333472224535399,0.9997582594681724,-8.058017727639034e-05
45673,38.061467691128186,0.9983883964544722,560,681,1241,-0.0008058017727639033,0.0008333472224535399,0.9995970991136197,-0.00016116035455278067
45674,38.06230103835064,0.9991941982272361,560,681,1241,0.0008058017727639033,0.0008333472224535399,0.9995165189363433,-8.058017727639034e-05
45675,38.06313438557309,0.9991941982272361,560,681,1241,0.0,0.0008333472224535399,0.999435938759067,-8.058017727639034e-05
45676,38.06396773279555,0.9991941982272361,560,681,1241,0.0,0.0008333472224535399,0.9993553585817907,-8.058017727639034e-05
45677,38.064801080018,0.9991941982272361,560,681,1241,0.0,0.0008333472224535399,0.9993553585817907,0.0
45678,38.065634427240454,0.9991941982272361,560,681,1241,0.0,0.0008333472224535399,0.9993553585817907,0.0
45679,38.06646777446291,0.9991941982272361,560,681,1241,0.0,0.0008333472224535399,0.9992747784045143,-8.058017727639034e-05
45680,38.06730112168536,0.9991941982272361,560,681,1241,0.0,0.0008333472224535399,0.999194198227238,-8.058017727639034e-05
45681,38.068134468907814,1.0,560,681,1241,0.0008058017727639033,0.0008333472224535399,0.999194198227238,0.0
45682,38.06896781613027,0.9991941982272361,560,681,1241,-0.0008058017727639033,0.0008333472224535399,0.999194198227238,0.0
45683,38.06980116335272,1.0,560,681,1241,0.0008058017727639033,0.0008333472224535399,0.9993553585817907,0.00016116035455278067
45684,38.070634510575175,1.0,560,681,1241,0.0,0.0008333472224535399,0.999435938759067,8.058017727639034e-05
45685,38.07146785779763,1.0,560,681,1241,0.0,0.0008333472224535399,0.9995165189363433,8.058017727639034e-05
45686,38.07230120502008,1.0,560,681,1241,0.0,0.0008333472224535399,0.9995970991136197,8.058017727639034e-05
45687,38.073134552242536,1.0,560,681,1241,0.0,0.0008333472224535399,0.999677679290896,8.058017727639034e-05
45688,38.07396789946499,1.0,560,681,1241,0.0,0.0008333472224535399,0.9997582594681724,8.058017727639034e-05
45689,38.07480124668745,1.0,560,681,1241,0.0,0.0008333472224606453,0.9998388396454487,8.058017727639034e-05
45690,38.0756345939099,1.0,560,681,1241,0.0,0.0008333472224535399,0.999919419822725,8.058017727639034e-05
45691,38.07646794113236,1.0,560,681,1241,0.0,0.0008333472224535399,0.999919419822725,0.0
45692,38.07730128835481,1.0,560,681,1241,0.0,0.0008333472224535399,1.0000000000000013,8.058017727639034e-05
45693,38.078134635577264,1.0,560,681,1241,0.0,0.0008333472224535399,1.0000000000000013,0.0
45694,38.07896798279972,1.0,560,681,1241,0.0,0.0008333472224535399,1.0000000000000013,0.0
45695,38.07980133002217,1.0,560,681,1241,0.0,0.0008333472224535399,1.0000000000000013,0.0
45696,38.080634677244625,1.0,560,681,1241,0.0,0.0008333472224535399,1.0000000000000013,0.0
45697,38.08146802446708,1.0,560,681,1241,0.0,0.0008333472224535399,1.0000000000000013,0.0
45698,38.08230137168953,1.0,560,681,1241,0.0,0.0008333472224535399,1.0000000000000013,0.0
45699,38.083134718911985,1.0,560,681,1241,0.0,0.0008333472224535399,1.0000000000000013,0.0
45700,38.08396806613444,1.0,560,681,1241,0.0,0.0008333472224535399,1.0000000000000013,0.0
45701,38.08480141335689,0.9991941982272361,560,681,1241,-0.0008058017727639033,0.0008333472224535399,0.999919419822725,-8.058017727639034e-05
45702,38.085634760579346,1.0,560,681,1241,0.0008058017727639033,0.0008333472224535399,0.999919419822725,0.0
45703,38.0864681078018,1.0,560,681,1241,0.0,0.0008333472224535399,0.999919419822725,0.0
45704,38.08730145502425,1.0,560,681,1241,0.0,0.0008333472224535399,0.999919419822725,0.0
45705,38.08813480224671,1.0,560,681,1241,0.0,0.0008333472224535399,0.999919419822725,0.0
45706,38.08896814946916,1.0,560,681,1241,0.0,0.0008333472224535399,0.999919419822725,0.0
45707,38.089801496691614,1.0,560,681,1241,0.0,0.0008333472224535399,0.999919419822725,0.0
45708,38.09063484391407,1.0,560,681,1241,0.0,0.0008333472224535399,0.999919419822725,0.0
45709,38.09146819113652,1.0,560,681,1241,0.0,0.0008333472224535399,0.999919419822725,0.0
45710,38.092301538358974,1.0,560,681,1241,0.0,0.0008333472224535399,0.999919419822725,0.0
45711,38.09313488558143,1.0,560,681,1241,0.0,0.0008333472224535399,1.0000000000000013,8.058017727639034e-05
45712,38.09396823280388,1.0,560,681,1241,0.0,0.0008333472224535399,1.0000000000000013,0.0
45713,38.094801580026335,1.0,560,681,1241,0.0,0.0008333472224535399,1.0000000000000013,0.0
45714,38.09563492724879,1.0,560,681,1241,0.0,0.0008333472224535399,1.0000000000000013,0.0
45715,38.09646827447124,1.0,560,681,1241,0.0,0.0008333472224535399,1.0000000000000013,0.0
45716,38.097301621693695,1.0,560,681,1241,0.0,0.0008333472224535399,1.0000000000000013,0.0
45717,38.09813496891615,1.0,560,681,1241,0.0,0.0008333472224535399,1.0000000000000013,0.0
45718,38.0989683161386,1.0,560,681,1241,0.0,0.0008333472224535399,1.0000000000000013,0.0
45719,38.099801663361056,1.0,560,681,1241,0.0,0.0008333472224535399,1.0000000000000013,0.0
45720,38.10063501058351,1.0,560,681,1241,0.0,0.0008333472224535399,1.0000000000000013,0.0
45721,38.10146835780596,1.0,560,681,1241,0.0,0.0008333472224535399,1.0000000000000013,0.0
45722,38.10230170502842,1.0,560,681,1241,0.0,0.0008333472224535399,1.0000000000000013,0.0
45723,38.10313505225087,1.0,560,681,1241,0.0,0.0008333472224535399,1.0000000000000013,0.0
45724,38.103968399473324,1.0,560,681,1241,0.0,0.0008333472224535399,1.0000000000000013,0.0
45725,38.10480174669578,1.0,560,681,1241,0.0,0.0008333472224535399,1.0000000000000013,0.0
45726,38.10563509391823,1.0,560,681,1241,0.0,0.0008333472224535399,1.0000000000000013,0.0
45727,38.106468441140684,1.0,560,681,1241,0.0,0.0008333472224535399,1.0000000000000013,0.0
45728,38.10730178836314,1.0,560,681,1241,0.0,0.0008333472224535399,1.0000000000000013,0.0
45729,38.10813513558559,1.0,560,681,1241,0.0,0.0008333472224535399,1.0000000000000013,0.0
45730,38.108968482808045,1.0,560,681,1241,0.0,0.0008333472224535399,1.0000000000000013,0.0
45731,38.1098018300305,0.9991941982272361,560,681,1241,-0.0008058017727639033,0.0008333472224535399,0.999919419822725,-8.058017727639034e-05
45732,38.11063517725296,1.0,560,681,1241,0.0008058017727639033,0.0008333472224606453,0.999919419822725,0.0
45733,38.11146852447541,1.0,560,681,1241,0.0,0.0008333472224535399,0.999919419822725,0.0
45734,38.112301871697866,1.0,560,681,1241,0.0,0.0008333472224535399,0.999919419822725,0.0
45735,38.11313521892032,1.0,560,681,1241,0.0,0.0008333472224535399,0.999919419822725,0.0
45736,38.11396856614277,1.0,560,681,1241,0.0,0.0008333472224535399,0.999919419822725,0.0
45737,38.11480191336523,1.0,560,681,1241,0.0,0.0008333472224535399,0.999919419822725,0.0
45738,38.11563526058768,0.9991941982272361,560,681,1241,-0.0008058017727639033,0.0008333472224535399,0.9998388396454487,-8.058017727639034e-05
45739,38.116468607810134,1.0,560,681,1241,0.0008058017727639033,0.0008333472224535399,0.9998388396454487,0.0
45740,38.11730195503259,1.0,560,681,1241,0.0,0.0008333472224535399,0.9998388396454487,0.0
45741,38.11813530225504,1.0,560,681,1241,0.0,0.0008333472224535399,0.999919419822725,8.058017727639034e-05
45742,38.118968649477495,1.0,560,681,1241,0.0,0.0008333472224535399,0.999919419822725,0.0
45743,38.11980199669995,1.0,560,681,1241,0.0,0.0008333472224535399,0.999919419822725,0.0
45744,38.1206353439224,1.0,560,681,1241,0.0,0.0008333472224535399,0.999919419822725,0.0
45745,38.121468691144855,1.0,560,681,1241,0.0,0.0008333472224535399,0.999919419822725,0.0
45746,38.12230203836731,1.0,560,681,1241,0.0,0.0008333472224535399,0.999919419822725,0.0
45747,38.12313538558976,1.0,560,681,1241,0.0,0.0008333472224535399,0.999919419822725,0.0
45748,38.123968732812216,1.0,560,681,1241,0.0,0.0008333472224535399,1.0000000000000013,8.058017727639034e-05
45749,38.12480208003467,1.0,560,681,1241,0.0,0.0008333472224535399,1.0000000000000013,0.0
45750,38.12563542725712,1.0,560,681,1241,0.0,0.0008333472224535399,1.0000000000000013,0.0
45751,38.12646877447958,1.0,560,681,1241,0.0,0.0008333472224535399,1.0000000000000013,0.0
45752,38.12730212170203,1.0,560,681,1241,0.0,0.0008333472224535399,1.0000000000000013,0.0
45753,38.128135468924484,1.0,560,681,1241,0.0,0.0008333472224535399,1.0000000000000013,0.0
45754,38.12896881614694,1.0,560,681,1241,0.0,0.0008333472224535399,1.0000000000000013,0.0
45755,38.12980216336939,1.0,560,681,1241,0.0,0.0008333472224535399,1.0000000000000013,0.0
45756,38.130635510591844,1.0,560,681,1241,0.0,0.0008333472224535399,1.0000000000000013,0.0
45757,38.1314688578143,1.0,560,681,1241,0.0,0.0008333472224535399,1.0000000000000013,0.0
45758,38.13230220503675,1.0,560,681,1241,0.0,0.0008333472224535399,1.0000000000000013,0.0
45759,38.133135552259205,1.0,560,681,1241,0.0,0.0008333472224535399,1.0000000000000013,0.0
45760,38.13396889948166,1.0,560,681,1241,0.0,0.0008333472224535399,1.0000000000000013,0.0
45761,38.13480224670411,1.0,560,681,1241,0.0,0.0008333472224535399,1.0000000000000013,0.0
45762,38.135635593926565,1.0,560,681,1241,0.0,0.0008333472224535399,1.0000000000000013,0.0
45763,38.13646894114902,1.0,560,681,1241,0.0,0.0008333472224535399,1.0000000000000013,0.0
45764,38.13730228837147,1.0,560,681,1241,0.0,0.0008333472224535399,1.0000000000000013,0.0
45765,38.138135635593926,1.0,560,681,1241,0.0,0.0008333472224535399,1.0000000000000013,0.0
45766,38.13896898281638,1.0,560,681,1241,0.0,0.0008333472224535399,1.0000000000000013,0.0
45767,38.13980233003883,1.0,560,681,1241,0.0,0.0008333472224535399,1.0000000000000013,0.0
45768,38.14063567726129,1.0,560,681,1241,0.0,0.0008333472224535399,1.0000000000000013,0.0
45769,38.14146902448374,1.0,560,681,1241,0.0,0.0008333472224535399,1.0000000000000013,0.0
45770,38.142302371706194,1.0,560,681,1241,0.0,0.0008333472224535399,1.0000000000000013,0.0
45771,38.14313571892865,1.0,560,681,1241,0.0,0.0008333472224535399,1.0000000000000013,0.0
45772,38.1439690661511,1.0,560,681,1241,0.0,0.0008333472224535399,1.0000000000000013,0.0
45773,38.144802413373554,1.0,560,681,1241,0.0,0.0008333472224535399,1.0000000000000013,0.0
45774,38.145635760596015,0.9991941982272361,560,681,1241,-0.0008058017727639033,0.0008333472224606453,0.999919419822725,-8.058017727639034e-05
45775,38.14646910781847,1.0,560,681,1241,0.0008058017727639033,0.0008333472224535399,0.999919419822725,0.0
45776,38.14730245504092,1.0,560,681,1241,0.0,0.0008333472224535399,0.999919419822725,0.0
45777,38.148135802263376,1.0,560,681,1241,0.0,0.0008333472224535399,0.999919419822725,0.0
45778,38.14896914948583,0.9991941982272361,560,681,1241,-0.0008058017727639033,0.0008333472224535399,0.9998388396454487,-8.058017727639034e-05
45779,38.14980249670828,0.9991941982272361,560,681,1241,0.0,0.0008333472224535399,0.9997582594681724,-8.058017727639034e-05
45780,38.150635843930736,0.9983883964544722,560,681,1241,-0.0008058017727639033,0.0008333472224535399,0.9995970991136197,-0.00016116035455278067
45781,38.15146919115319,0.9983883964544722,560,681,1241,0.0,0.0008333472224535399,0.999435938759067,-0.00016116035455278067
45782,38.15230253837564,0.9991941982272361,560,681,1241,0.0008058017727639033,0.0008333472224535399,0.9993553585817907,-8.058017727639034e-05
45783,38.1531358855981,0.9991941982272361,560,681,1241,0.0,0.0008333472224535399,0.9992747784045143,-8.058017727639034e-05
45784,38.15396923282055,0.9991941982272361,560,681,1241,0.0,0.0008333472224535399,0.9992747784045143,0.0
45785,38.154802580043004,0.9991941982272361,560,681,1241,0.0,0.0008333472224535399,0.999194198227238,-8.058017727639034e-05
45786,38.15563592726546,0.9991941982272361,560,681,1241,0.0,0.0008333472224535399,0.9991136180499616,-8.058017727639034e-05
45787,38.15646927448791,1.0,560,681,1241,0.0008058017727639033,0.0008333472224535399,0.9991136180499616,0.0
45788,38.157302621710365,1.0,560,681,1241,0.0,0.0008333472224535399,0.999194198227238,8.058017727639034e-05
45789,38.15813596893282,1.0,560,681,1241,0.0,0.0008333472224535399,0.9992747784045143,8.058017727639034e-05
45790,38.15896931615527,1.0,560,681,1241,0.0,0.0008333472224535399,0.999435938759067,0.00016116035455278067
45791,38.159802663377725,1.0,560,681,1241,0.0,0.0008333472224535399,0.9995970991136197,0.00016116035455278067
45792,38.16063601060018,1.0,560,681,1241,0.0,0.0008333472224535399,0.999677679290896,8.058017727639034e-05
45793,38.16146935782263,1.0,560,681,1241,0.0,0.0008333472224535399,0.9997582594681724,8.058017727639034e-05
45794,38.162302705045086,1.0,560,681,1241,0.0,0.0008333472224535399,0.9998388396454487,8.058017727639034e-05
45795,38.16313605226754,1.0,560,681,1241,0.0,0.0008333472224535399,0.999919419822725,8.058017727639034e-05
45796,38.16396939948999,1.0,560,681,1241,0.0,0.0008333472224535399,1.0000000000000013,8.058017727639034e-05
45797,38.164802746712446,1.0,560,681,1241,0.0,0.0008333472224535399,1.0000000000000013,0.0
45798,38.1656360939349,1.0,560,681,1241,0.0,0.0008333472224535399,1.0000000000000013,0.0
45799,38.16646944115735,1.0,560,681,1241,0.0,0.0008333472224535399,1.0000000000000013,0.0
45800,38.16730278837981,1.0,560,681,1241,0.0,0.0008333472224535399,1.0000000000000013,0.0
45801,38.16813613560226,1.0,560,681,1241,0.0,0.0008333472224535399,1.0000000000000013,0.0
45802,38.168969482824714,1.0,560,681,1241,0.0,0.0008333472224535399,1.0000000000000013,0.0
45803,38.16980283004717,1.0,560,681,1241,0.0,0.0008333472224535399,1.0000000000000013,0.0
45804,38.17063617726962,1.0,560,681,1241,0.0,0.0008333472224535399,1.0000000000000013,0.0
45805,38.171469524492075,1.0,560,681,1241,0.0,0.0008333472224535399,1.0000000000000013,0.0
45806,38.17230287171453,1.0,560,681,1241,0.0,0.0008333472224535399,1.0000000000000013,0.0
45807,38.17313621893698,1.0,560,681,1241,0.0,0.0008333472224535399,1.0000000000000013,0.0
45808,38.173969566159435,1.0,560,681,1241,0.0,0.0008333472224535399,1.0000000000000013,0.0
45809,38.17480291338189,1.0,560,681,1241,0.0,0.0008333472224535399,1.0000000000000013,0.0
45810,38.17563626060434,1.0,560,681,1241,0.0,0.0008333472224535399,1.0000000000000013,0.0
45811,38.176469607826796,1.0,560,681,1241,0.0,0.0008333472224535399,1.0000000000000013,0.0
45812,38.17730295504925,1.0,560,681,1241,0.0,0.0008333472224535399,1.0000000000000013,0.0
45813,38.1781363022717,1.0,560,681,1241,0.0,0.0008333472224535399,1.0000000000000013,0.0
45814,38.17896964949416,1.0,560,681,1241,0.0,0.0008333472224535399,1.0000000000000013,0.0
45815,38.17980299671661,1.0,560,681,1241,0.0,0.0008333472224535399,1.0000000000000013,0.0
45816,38.18063634393907,1.0,560,681,1241,0.0,0.0008333472224606453,1.0000000000000013,0.0
45817,38.181469691161524,1.0,560,681,1241,0.0,0.0008333472224535399,1.0000000000000013,0.0
45818,38.18230303838398,0.9991941982272361,560,681,1241,-0.0008058017727639033,0.0008333472224535399,0.999919419822725,-8.058017727639034e-05
45819,38.18313638560643,1.0,560,681,1241,0.0008058017727639033,0.0008333472224535399,0.999919419822725,0.0
45820,38.183969732828885,1.0,560,681,1241,0.0,0.0008333472224535399,0.999919419822725,0.0
45821,38.18480308005134,1.0,560,681,1241,0.0,0.0008333472224535399,0.999919419822725,0.0
45822,38.18563642727379,1.0,560,681,1241,0.0,0.0008333472224535399,0.999919419822725,0.0
45823,38.186469774496246,1.0,560,681,1241,0.0,0.0008333472224535399,0.999919419822725,0.0
45824,38.1873031217187,1.0,560,681,1241,0.0,0.0008333472224535399,0.999919419822725,0.0
45825,38.18813646894115,1.0,560,681,1241,0.0,0.0008333472224535399,0.999919419822725,0.0
45826,38.188969816163606,1.0,560,681,1241,0.0,0.0008333472224535399,0.999919419822725,0.0
45827,38.18980316338606,1.0,560,681,1241,0.0,0.0008333472224535399,0.999919419822725,0.0
45828,38.19063651060851,1.0,560,681,1241,0.0,0.0008333472224535399,1.0000000000000013,8.058017727639034e-05
45829,38.19146985783097,1.0,560,681,1241,0.0,0.0008333472224535399,1.0000000000000013,0.0
45830,38.19230320505342,1.0,560,681,1241,0.0,0.0008333472224535399,1.0000000000000013,0.0
45831,38.193136552275874,1.0,560,681,1241,0.0,0.0008333472224535399,1.0000000000000013,0.0
45832,38.19396989949833,1.0,560,681,1241,0.0,0.0008333472224535399,1.0000000000000013,0.0
45833,38.19480324672078,1.0,560,681,1241,0.0,0.0008333472224535399,1.0000000000000013,0.0
45834,38.195636593943235,1.0,560,681,1241,0.0,0.0008333472224535399,1.0000000000000013,0.0
45835,38.19646994116569,1.0,560,681,1241,0.0,0.0008333472224535399,1.0000000000000013,0.0
45836,38.19730328838814,1.0,560,681,1241,0.0,0.0008333472224535399,1.0000000000000013,0.0
45837,38.198136635610595,1.0,560,681,1241,0.0,0.0008333472224535399,1.0000000000000013,0.0
45838,38.19896998283305,1.0,560,681,1241,0.0,0.0008333472224535399,1.0000000000000013,0.0
45839,38.1998033300555,1.0,560,681,1241,0.0,0.0008333472224535399,1.0000000000000013,0.0
45840,38.200636677277956,1.0,560,681,1241,0.0,0.0008333472224535399,1.0000000000000013,0.0
45841,38.20147002450041,1.0,560,681,1241,0.0,0.0008333472224535399,1.0000000000000013,0.0
45842,38.20230337172286,1.0,560,681,1241,0.0,0.0008333472224535399,1.0000000000000013,0.0
45843,38.203136718945316,1.0,560,681,1241,0.0,0.0008333472224535399,1.0000000000000013,0.0
45844,38.20397006616777,1.0,560,681,1241,0.0,0.0008333472224535399,1.0000000000000013,0.0
45845,38.20480341339022,0.9991941982272361,560,681,1241,-0.0008058017727639033,0.0008333472224535399,0.999919419822725,-8.058017727639034e-05
45846,38.20563676061268,1.0,560,681,1241,0.0008058017727639033,0.0008333472224535399,0.999919419822725,0.0
45847,38.20647010783513,1.0,560,681,1241,0.0,0.0008333472224535399,0.999919419822725,0.0
45848,38.207303455057584,0.9991941982272361,560,681,1241,-0.0008058017727639033,0.0008333472224535399,0.9998388396454487,-8.058017727639034e-05
45849,38.20813680228004,1.0,560,681,1241,0.0008058017727639033,0.0008333472224535399,0.9998388396454487,0.0
45850,38.20897014950249,1.0,560,681,1241,0.0,0.0008333472224535399,0.9998388396454487,0.0
45851,38.209803496724945,1.0,560,681,1241,0.0,0.0008333472224535399,0.9998388396454487,0.0
45852,38.2106368439474,1.0,560,681,1241,0.0,0.0008333472224535399,0.9998388396454487,0.0
45853,38.21147019116985,1.0,560,681,1241,0.0,0.0008333472224535399,0.9998388396454487,0.0
45854,38.212303538392305,1.0,560,681,1241,0.0,0.0008333472224535399,0.9998388396454487,0.0
45855,38.21313688561476,1.0,560,681,1241,0.0,0.0008333472224535399,0.999919419822725,8.058017727639034e-05
45856,38.21397023283721,1.0,560,681,1241,0.0,0.0008333472224535399,0.999919419822725,0.0
45857,38.214803580059666,1.0,560,681,1241,0.0,0.0008333472224535399,0.999919419822725,0.0
45858,38.21563692728212,1.0,560,681,1241,0.0,0.0008333472224535399,1.0000000000000013,8.058017727639034e-05
45859,38.21647027450458,1.0,560,681,1241,0.0,0.0008333472224606453,1.0000000000000013,0.0
45860,38.217303621727034,0.9991941982272361,560,681,1241,-0.0008058017727639033,0.0008333472224535399,0.999919419822725,-8.058017727639034e-05
45861,38.21813696894949,1.0,560,681,1241,0.0008058017727639033,0.0008333472224535399,0.999919419822725,0.0
45862,38.21897031617194,1.0,560,681,1241,0.0,0.0008333472224535399,0.999919419822725,0.0
45863,38.219803663394394,1.0,560,681,1241,0.0,0.0008333472224535399,0.999919419822725,0.0
45864,38.22063701061685,1.0,560,681,1241,0.0,0.0008333472224535399,0.999919419822725,0.0
45865,38.2214703578393,1.0,560,681,1241,0.0,0.0008333472224535399,0.999919419822725,0.0
45866,38.222303705061755,1.0,560,681,1241,0.0,0.0008333472224535399,0.999919419822725,0.0
45867,38.22313705228421,1.0,560,681,1241,0.0,0.0008333472224535399,0.999919419822725,0.0
45868,38.22397039950666,1.0,560,681,1241,0.0,0.0008333472224535399,0.999919419822725,0.0
45869,38.224803746729116,1.0,560,681,1241,0.0,0.0008333472224535399,0.999919419822725,0.0
45870,38.22563709395157,1.0,560,681,1241,0.0,0.0008333472224535399,1.0000000000000013,8.058017727639034e-05
45871,38.22647044117402,0.9991941982272361,560,681,1241,-0.0008058017727639033,0.0008333472224535399,0.999919419822725,-8.058017727639034e-05
45872,38.227303788396476,0.9991941982272361,560,681,1241,0.0,0.0008333472224535399,0.9998388396454487,-8.058017727639034e-05
45873,38.22813713561893,1.0,560,681,1241,0.0008058017727639033,0.0008333472224535399,0.9998388396454487,0.0
45874,38.22897048284138,1.0,560,681,1241,0.0,0.0008333472224535399,0.9998388396454487,0.0
45875,38.22980383006384,1.0,560,681,1241,0.0,0.0008333472224535399,0.9998388396454487,0.0
45876,38.23063717728629,1.0,560,681,1241,0.0,0.0008333472224535399,0.9998388396454487,0.0
45877,38.231470524508744,1.0,560,681,1241,0.0,0.0008333472224535399,0.9998388396454487,0.0
45878,38.2323038717312,1.0,560,681,1241,0.0,0.0008333472224535399,0.9998388396454487,0.0
45879,38.23313721895365,1.0,560,681,1241,0.0,0.0008333472224535399,0.9998388396454487,0.0
45880,38.233970566176104,1.0,560,681,1241,0.0,0.0008333472224535399,0.9998388396454487,0.0
45881,38.23480391339856,1.0,560,681,1241,0.0,0.0008333472224535399,0.999919419822725,8.058017727639034e-05
45882,38.23563726062101,1.0,560,681,1241,0.0,0.0008333472224535399,1.0000000000000013,8.058017727639034e-05
45883,38.236470607843465,1.0,560,681,1241,0.0,0.0008333472224535399,1.0000000000000013,0.0
45884,38.23730395506592,1.0,560,681,1241,0.0,0.0008333472224535399,1.0000000000000013,0.0
45885,38.23813730228837,1.0,560,681,1241,0.0,0.0008333472224535399,1.0000000000000013,0.0
45886,38.238970649510826,1.0,560,681,1241,0.0,0.0008333472224535399,1.0000000000000013,0.0
45887,38.23980399673328,1.0,560,681,1241,0.0,0.0008333472224535399,1.0000000000000013,0.0
45888,38.24063734395573,1.0,560,681,1241,0.0,0.0008333472224535399,1.0000000000000013,0.0
45889,38.241470691178186,1.0,560,681,1241,0.0,0.0008333472224535399,1.0000000000000013,0.0
45890,38.24230403840064,1.0,560,681,1241,0.0,0.0008333472224535399,1.0000000000000013,0.0
45891,38.24313738562309,1.0,560,681,1241,0.0,0.0008333472224535399,1.0000000000000013,0.0
45892,38.24397073284555,1.0,560,681,1241,0.0,0.0008333472224535399,1.0000000000000013,0.0
45893,38.244804080068,1.0,560,681,1241,0.0,0.0008333472224535399,1.0000000000000013,0.0
45894,38.245637427290454,1.0,560,681,1241,0.0,0.0008333472224535399,1.0000000000000013,0.0
45895,38.24647077451291,1.0,560,681,1241,0.0,0.0008333472224535399,1.0000000000000013,0.0
45896,38.24730412173536,1.0,560,681,1241,0.0,0.0008333472224535399,1.0000000000000013,0.0
45897,38.248137468957815,1.0,560,681,1241,0.0,0.0008333472224535399,1.0000000000000013,0.0
45898,38.24897081618027,1.0,560,681,1241,0.0,0.0008333472224535399,1.0000000000000013,0.0
45899,38.24980416340272,1.0,560,681,1241,0.0,0.0008333472224535399,1.0000000000000013,0.0
45900,38.250637510625175,1.0,560,681,1241,0.0,0.0008333472224535399,1.0000000000000013,0.0
45901,38.251470857847636,1.0,560,681,1241,0.0,0.0008333472224606453,1.0000000000000013,0.0
45902,38.25230420507009,1.0,560,681,1241,0.0,0.0008333472224535399,1.0000000000000013,0.0
45903,38.25313755229254,1.0,560,681,1241,0.0,0.0008333472224535399,1.0000000000000013,0.0
45904,38.253970899515,1.0,560,681,1241,0.0,0.0008333472224535399,1.0000000000000013,0.0
45905,38.25480424673745,1.0,560,681,1241,0.0,0.0008333472224535399,1.0000000000000013,0.0
45906,38.255637593959904,1.0,560,681,1241,0.0,0.0008333472224535399,1.0000000000000013,0.0
45907,38.25647094118236,1.0,560,681,1241,0.0,0.0008333472224535399,1.0000000000000013,0.0
45908,38.25730428840481,1.0,560,681,1241,0.0,0.0008333472224535399,1.0000000000000013,0.0
45909,38.258137635627264,1.0,560,681,1241,0.0,0.0008333472224535399,1.0000000000000013,0.0
45910,38.25897098284972,1.0,560,681,1241,0.0,0.0008333472224535399,1.0000000000000013,0.0
45911,38.25980433007217,1.0,560,681,1241,0.0,0.0008333472224535399,1.0000000000000013,0.0
45912,38.260637677294625,1.0,560,681,1241,0.0,0.0008333472224535399,1.0000000000000013,0.0
45913,38.26147102451708,1.0,560,681,1241,0.0,0.0008333472224535399,1.0000000000000013,0.0
45914,38.26230437173953,1.0,560,681,1241,0.0,0.0008333472224535399,1.0000000000000013,0.0
45915,38.263137718961985,1.0,560,681,1241,0.0,0.0008333472224535399,1.0000000000000013,0.0
45916,38.26397106618444,1.0,560,681,1241,0.0,0.0008333472224535399,1.0000000000000013,0.0
45917,38.26480441340689,1.0,560,681,1241,0.0,0.0008333472224535399,1.0000000000000013,0.0
45918,38.265637760629346,1.0,560,681,1241,0.0,0.0008333472224535399,1.0000000000000013,0.0
45919,38.2664711078518,1.0,560,681,1241,0.0,0.0008333472224535399,1.0000000000000013,0.0
45920,38.26730445507425,1.0,560,681,1241,0.0,0.0008333472224535399,1.0000000000000013,0.0
45921,38.26813780229671,1.0,560,681,1241,0.0,0.0008333472224535399,1.0000000000000013,0.0
45922,38.26897114951916,1.0,560,681,1241,0.0,0.0008333472224535399,1.0000000000000013,0.0
45923,38.269804496741614,1.0,560,681,1241,0.0,0.0008333472224535399,1.0000000000000013,0.0
45924,38.27063784396407,1.0,560,681,1241,0.0,0.0008333472224535399,1.0000000000000013,0.0
45925,38.27147119118652,1.0,560,681,1241,0.0,0.0008333472224535399,1.0000000000000013,0.0
45926,38.272304538408974,1.0,560,681,1241,0.0,0.0008333472224535399,1.0000000000000013,0.0
45927,38.27313788563143,1.0,560,681,1241,0.0,0.0008333472224535399,1.0000000000000013,0.0
45928,38.27397123285388,1.0,560,681,1241,0.0,0.0008333472224535399,1.0000000000000013,0.0
45929,38.274804580076335,1.0,560,681,1241,0.0,0.0008333472224535399,1.0000000000000013,0.0
45930,38.27563792729879,1.0,560,681,1241,0.0,0.0008333472224535399,1.0000000000000013,0.0
45931,38.27647127452124,1.0,560,681,1241,0.0,0.0008333472224535399,1.0000000000000013,0.0
45932,38.277304621743696,1.0,560,681,1241,0.0,0.0008333472224535399,1.0000000000000013,0.0
45933,38.27813796896615,1.0,560,681,1241,0.0,0.0008333472224535399,1.0000000000000013,0.0
45934,38.2789713161886,1.0,560,681,1241,0.0,0.0008333472224535399,1.0000000000000013,0.0
45935,38.279804663411056,1.0,560,681,1241,0.0,0.0008333472224535399,1.0000000000000013,0.0
45936,38.28063801063351,1.0,560,681,1241,0.0,0.0008333472224535399,1.0000000000000013,0.0
45937,38.28147135785596,1.0,560,681,1241,0.0,0.0008333472224535399,1.0000000000000013,0.0
45938,38.28230470507842,1.0,560,681,1241,0.0,0.0008333472224535399,1.0000000000000013,0.0
45939,38.28313805230087,1.0,560,681,1241,0.0,0.0008333472224535399,1.0000000000000013,0.0
45940,38.283971399523324,1.0,560,681,1241,0.0,0.0008333472224535399,1.0000000000000013,0.0
45941,38.28480474674578,1.0,560,681,1241,0.0,0.0008333472224535399,1.0000000000000013,0.0
45942,38.28563809396823,1.0,560,681,1241,0.0,0.0008333472224535399,1.0000000000000013,0.0
45943,38.28647144119069,1.0,560,681,1241,0.0,0.0008333472224606453,1.0000000000000013,0.0
45944,38.287304788413145,1.0,560,681,1241,0.0,0.0008333472224535399,1.0000000000000013,0.0
45945,38.2881381356356,1.0,560,681,1241,0.0,0.0008333472224535399,1.0000000000000013,0.0
45946,38.28897148285805,1.0,560,681,1241,0.0,0.0008333472224535399,1.0000000000000013,0.0
45947,38.289804830080506,1.0,560,681,1241,0.0,0.0008333472224535399,1.0000000000000013,0.0
45948,38.29063817730296,1.0,560,681,1241,0.0,0.0008333472224535399,1.0000000000000013,0.0
45949,38.29147152452541,1.0,560,681,1241,0.0,0.0008333472224535399,1.0000000000000013,0.0
45950,38.29230487174787,1.0,560,681,1241,0.0,0.0008333472224535399,1.0000000000000013,0.0
45951,38.29313821897032,1.0,560,681,1241,0.0,0.0008333472224535399,1.0000000000000013,0.0
45952,38.29397156619277,1.0,560,681,1241,0.0,0.0008333472224535399,1.0000000000000013,0.0
45953,38.29480491341523,1.0,560,681,1241,0.0,0.0008333472224535399,1.0000000000000013,0.0
45954,38.29563826063768,1.0,560,681,1241,0.0,0.0008333472224535399,1.0000000000000013,0.0
45955,38.296471607860134,1.0,560,681,1241,0.0,0.0008333472224535399,1.0000000000000013,0.0
45956,38.29730495508259,1.0,560,681,1241,0.0,0.0008333472224535399,1.0000000000000013,0.0
45957,38.29813830230504,1.0,560,681,1241,0.0,0.0008333472224535399,1.0000000000000013,0.0
45958,38.298971649527495,1.0,560,681,1241,0.0,0.0008333472224535399,1.0000000000000013,0.0
45959,38.29980499674995,1.0,560,681,1241,0.0,0.0008333472224535399,1.0000000000000013,0.0
45960,38.3006383439724,1.0,560,681,1241,0.0,0.0008333472224535399,1.0000000000000013,0.0
45961,38.301471691194855,1.0,560,681,1241,0.0,0.0008333472224535399,1.0000000000000013,0.0
45962,38.30230503841731,1.0,560,681,1241,0.0,0.0008333472224535399,1.0000000000000013,0.0
45963,38.30313838563976,1.0,560,681,1241,0.0,0.0008333472224535399,1.0000000000000013,0.0
45964,38.303971732862216,1.0,560,681,1241,0.0,0.0008333472224535399,1.0000000000000013,0.0
45965,38.30480508008467,1.0,560,681,1241,0.0,0.0008333472224535399,1.0000000000000013,0.0
45966,38.30563842730712,1.0,560,681,1241,0.0,0.0008333472224535399,1.0000000000000013,0.0
45967,38.30647177452958,1.0,560,681,1241,0.0,0.0008333472224535399,1.0000000000000013,0.0
45968,38.30730512175203,1.0,560,681,1241,0.0,0.0008333472224535399,1.0000000000000013,0.0
45969,38.308138468974484,1.0,560,681,1241,0.0,0.0008333472224535399,1.0000000000000013,0.0
45970,38.30897181619694,1.0,560,681,1241,0.0,0.0008333472224535399,1.0000000000000013,0.0
45971,38.30980516341939,1.0,560,681,1241,0.0,0.0008333472224535399,1.0000000000000013,0.0
45972,38.310638510641844,1.0,560,681,1241,0.0,0.0008333472224535399,1.0000000000000013,0.0
45973,38.3114718578643,1.0,560,681,1241,0.0,0.0008333472224535399,1.0000000000000013,0.0
45974,38.31230520508675,1.0,560,681,1241,0.0,0.0008333472224535399,1.0000000000000013,0.0
45975,38.313138552309205,1.0,560,681,1241,0.0,0.0008333472224535399,1.0000000000000013,0.0
45976,38.31397189953166,1.0,560,681,1241,0.0,0.0008333472224535399,1.0000000000000013,0.0
45977,38.31480524675411,1.0,560,681,1241,0.0,0.0008333472224535399,1.0000000000000013,0.0
45978,38.315638593976566,1.0,560,681,1241,0.0,0.0008333472224535399,1.0000000000000013,0.0
45979,38.31647194119902,1.0,560,681,1241,0.0,0.0008333472224535399,1.0000000000000013,0.0
45980,38.31730528842147,1.0,560,681,1241,0.0,0.0008333472224535399,1.0000000000000013,0.0
45981,38.318138635643926,0.9991941982272361,560,681,1241,-0.0008058017727639033,0.0008333472224535399,0.999919419822725,-8.058017727639034e-05
45982,38.31897198286638,1.0,560,681,1241,0.0008058017727639033,0.0008333472224535399,0.999919419822725,0.0
45983,38.31980533008883,1.0,560,681,1241,0.0,0.0008333472224535399,0.999919419822725,0.0
45984,38.32063867731129,1.0,560,681,1241,0.0,0.0008333472224535399,0.999919419822725,0.0
45985,38.32147202453374,1.0,560,681,1241,0.0,0.0008333472224535399,0.999919419822725,0.0
45986,38.3223053717562,1.0,560,681,1241,0.0,0.0008333472224606453,0.999919419822725,0.0
45987,38.323138718978655,1.0,560,681,1241,0.0,0.0008333472224535399,0.999919419822725,0.0
45988,38.32397206620111,1.0,560,681,1241,0.0,0.0008333472224535399,0.999919419822725,0.0
45989,38.32480541342356,1.0,560,681,1241,0.0,0.0008333472224535399,0.999919419822725,0.0
45990,38.325638760646015,1.0,560,681,1241,0.0,0.0008333472224535399,0.999919419822725,0.0
45991,38.32647210786847,1.0,560,681,1241,0.0,0.0008333472224535399,1.0000000000000013,8.058017727639034e-05
45992,38.32730545509092,1.0,560,681,1241,0.0,0.0008333472224535399,1.0000000000000013,0.0
45993,38.328138802313376,1.0,560,681,1241,0.0,0.0008333472224535399,1.0000000000000013,0.0
45994,38.32897214953583,1.0,560,681,1241,0.0,0.0008333472224535399,1.0000000000000013,0.0
45995,38.32980549675828,0.9983883964544722,560,681,1241,-0.0016116035455278066,0.0008333472224535399,0.9998388396454487,-0.00016116035455278067
45996,38.330638843980736,0.9983883964544722,560,681,1241,0.0,0.0008333472224535399,0.999677679290896,-0.00016116035455278067
45997,38.33147219120319,1.0,560,681,1241,0.0016116035455278066,0.0008333472224535399,0.999677679290896,0.0
45998,38.33230553842564,1.0,560,681,1241,0.0,0.0008333472224535399,0.999677679290896,0.0
45999,38.3331388856481,1.0,560,681,1241,0.0,0.0008333472224535399,0.999677679290896,0.0
46000,38.33397223287055,1.0,560,681,1241,0.0,0.0008333472224535399,0.999677679290896,0.0
46001,38.334805580093004,1.0,560,681,1241,0.0,0.0008333472224535399,0.999677679290896,0.0
46002,38.33563892731546,1.0,560,681,1241,0.0,0.0008333472224535399,0.999677679290896,0.0
46003,38.33647227453791,1.0,560,681,1241,0.0,0.0008333472224535399,0.999677679290896,0.0
46004,38.337305621760365,1.0,560,681,1241,0.0,0.0008333472224535399,0.999677679290896,0.0
46005,38.33813896898282,1.0,560,681,1241,0.0,0.0008333472224535399,0.9998388396454487,0.00016116035455278067
46006,38.33897231620527,1.0,560,681,1241,0.0,0.0008333472224535399,1.0000000000000013,0.00016116035455278067
46007,38.339805663427725,0.9991941982272361,560,681,1241,-0.0008058017727639033,0.0008333472224535399,0.999919419822725,-8.058017727639034e-05
46008,38.34063901065018,1.0,560,681,1241,0.0008058017727639033,0.0008333472224535399,0.999919419822725,0.0
46009,38.34147235787263,0.9991941982272361,560,681,1241,-0.0008058017727639033,0.0008333472224535399,0.9998388396454487,-8.058017727639034e-05
46010,38.342305705095086,1.0,560,681,1241,0.0008058017727639033,0.0008333472224535399,0.9998388396454487,0.0
46011,38.34313905231754,1.0,560,681,1241,0.0,0.0008333472224535399,0.9998388396454487,0.0
46012,38.34397239953999,1.0,560,681,1241,0.0,0.0008333472224535399,0.9998388396454487,0.0
46013,38.34480574676245,1.0,560,681,1241,0.0,0.0008333472224535399,0.9998388396454487,0.0
46014,38.3456390939849,0.9991941982272361,560,681,1241,-0.0008058017727639033,0.0008333472224535399,0.9997582594681724,-8.058017727639034e-05
46015,38.346472441207354,0.9991941982272361,560,681,1241,0.0,0.0008333472224535399,0.999677679290896,-8.058017727639034e-05
46016,38.34730578842981,1.0,560,681,1241,0.0008058017727639033,0.0008333472224535399,0.999677679290896,0.0
46017,38.34813913565226,1.0,560,681,1241,0.0,0.0008333472224535399,0.9997582594681724,8.058017727639034e-05
46018,38.348972482874714,0.9991941982272361,560,681,1241,-0.0008058017727639033,0.0008333472224535399,0.999677679290896,-8.058017727639034e-05
46019,38.34980583009717,1.0,560,681,1241,0.0008058017727639033,0.0008333472224535399,0.9997582594681724,8.058017727639034e-05
46020,38.35063917731962,1.0,560,681,1241,0.0,0.0008333472224535399,0.9997582594681724,0.0
46021,38.351472524542075,1.0,560,681,1241,0.0,0.0008333472224535399,0.9997582594681724,0.0
46022,38.35230587176453,1.0,560,681,1241,0.0,0.0008333472224535399,0.9997582594681724,0.0
46023,38.35313921898698,1.0,560,681,1241,0.0,0.0008333472224535399,0.9997582594681724,0.0
46024,38.353972566209436,1.0,560,681,1241,0.0,0.0008333472224535399,0.9998388396454487,8.058017727639034e-05
46025,38.35480591343189,1.0,560,681,1241,0.0,0.0008333472224535399,0.999919419822725,8.058017727639034e-05
46026,38.35563926065434,1.0,560,681,1241,0.0,0.0008333472224535399,0.999919419822725,0.0
46027,38.356472607876796,1.0,560,681,1241,0.0,0.0008333472224535399,0.999919419822725,0.0
46028,38.35730595509926,1.0,560,681,1241,0.0,0.0008333472224606453,1.0000000000000013,8.058017727639034e-05
46029,38.35813930232171,1.0,560,681,1241,0.0,0.0008333472224535399,1.0000000000000013,0.0
46030,38.358972649544164,1.0,560,681,1241,0.0,0.0008333472224535399,1.0000000000000013,0.0
46031,38.35980599676662,1.0,560,681,1241,0.0,0.0008333472224535399,1.0000000000000013,0.0
46032,38.36063934398907,1.0,560,681,1241,0.0,0.0008333472224535399,1.0000000000000013,0.0
46033,38.361472691211524,1.0,560,681,1241,0.0,0.0008333472224535399,1.0000000000000013,0.0
46034,38.36230603843398,1.0,560,681,1241,0.0,0.0008333472224535399,1.0000000000000013,0.0
46035,38.36313938565643,1.0,560,681,1241,0.0,0.0008333472224535399,1.0000000000000013,0.0
46036,38.363972732878885,1.0,560,681,1241,0.0,0.0008333472224535399,1.0000000000000013,0.0
46037,38.36480608010134,1.0,560,681,1241,0.0,0.0008333472224535399,1.0000000000000013,0.0
46038,38.36563942732379,1.0,560,681,1241,0.0,0.0008333472224535399,1.0000000000000013,0.0
46039,38.366472774546246,1.0,560,681,1241,0.0,0.0008333472224535399,1.0000000000000013,0.0
46040,38.3673061217687,1.0,560,681,1241,0.0,0.0008333472224535399,1.0000000000000013,0.0
46041,38.36813946899115,1.0,560,681,1241,0.0,0.0008333472224535399,1.0000000000000013,0.0
46042,38.368972816213606,1.0,560,681,1241,0.0,0.0008333472224535399,1.0000000000000013,0.0
46043,38.36980616343606,1.0,560,681,1241,0.0,0.0008333472224535399,1.0000000000000013,0.0
46044,38.37063951065851,1.0,560,681,1241,0.0,0.0008333472224535399,1.0000000000000013,0.0
46045,38.37147285788097,1.0,560,681,1241,0.0,0.0008333472224535399,1.0000000000000013,0.0
46046,38.37230620510342,1.0,560,681,1241,0.0,0.0008333472224535399,1.0000000000000013,0.0
46047,38.373139552325874,1.0,560,681,1241,0.0,0.0008333472224535399,1.0000000000000013,0.0
46048,38.37397289954833,1.0,560,681,1241,0.0,0.0008333472224535399,1.0000000000000013,0.0
46049,38.37480624677078,1.0,560,681,1241,0.0,0.0008333472224535399,1.0000000000000013,0.0
46050,38.375639593993235,1.0,560,681,1241,0.0,0.0008333472224535399,1.0000000000000013,0.0
46051,38.37647294121569,1.0,560,681,1241,0.0,0.0008333472224535399,1.0000000000000013,0.0
46052,38.37730628843814,1.0,560,681,1241,0.0,0.0008333472224535399,1.0000000000000013,0.0
46053,38.378139635660595,1.0,560,681,1241,0.0,0.0008333472224535399,1.0000000000000013,0.0
46054,38.37897298288305,1.0,560,681,1241,0.0,0.0008333472224535399,1.0000000000000013,0.0
46055,38.3798063301055,1.0,560,681,1241,0.0,0.0008333472224535399,1.0000000000000013,0.0
46056,38.380639677327956,1.0,560,681,1241,0.0,0.0008333472224535399,1.0000000000000013,0.0
46057,38.38147302455041,1.0,560,681,1241,0.0,0.0008333472224535399,1.0000000000000013,0.0
46058,38.38230637177286,1.0,560,681,1241,0.0,0.0008333472224535399,1.0000000000000013,0.0
46059,38.38313971899532,1.0,560,681,1241,0.0,0.0008333472224535399,1.0000000000000013,0.0
46060,38.38397306621777,0.9991941982272361,560,681,1241,-0.0008058017727639033,0.0008333472224535399,0.999919419822725,-8.058017727639034e-05
46061,38.384806413440224,0.9991941982272361,560,681,1241,0.0,0.0008333472224535399,0.9998388396454487,-8.058017727639034e-05
46062,38.38563976066268,0.9991941982272361,560,681,1241,0.0,0.0008333472224535399,0.9997582594681724,-8.058017727639034e-05
46063,38.38647310788513,0.9991941982272361,560,681,1241,0.0,0.0008333472224535399,0.999677679290896,-8.058017727639034e-05
46064,38.387306455107584,1.0,560,681,1241,0.0008058017727639033,0.0008333472224535399,0.999677679290896,0.0
46065,38.38813980233004,1.0,560,681,1241,0.0,0.0008333472224535399,0.999677679290896,0.0
46066,38.38897314955249,1.0,560,681,1241,0.0,0.0008333472224535399,0.999677679290896,0.0
46067,38.389806496774945,1.0,560,681,1241,0.0,0.0008333472224535399,0.999677679290896,0.0
46068,38.3906398439974,1.0,560,681,1241,0.0,0.0008333472224535399,0.999677679290896,0.0
46069,38.39147319121985,1.0,560,681,1241,0.0,0.0008333472224535399,0.999677679290896,0.0
46070,38.392306538442305,0.9991941982272361,560,681,1241,-0.0008058017727639033,0.0008333472224535399,0.999677679290896,0.0
46071,38.393139885664766,0.9991941982272361,560,681,1241,0.0,0.0008333472224606453,0.999677679290896,0.0
46072,38.39397323288722,0.9991941982272361,560,681,1241,0.0,0.0008333472224535399,0.999677679290896,0.0
46073,38.39480658010967,0.9991941982272361,560,681,1241,0.0,0.0008333472224535399,0.999677679290896,0.0
46074,38.39563992733213,1.0,560,681,1241,0.0008058017727639033,0.0008333472224535399,0.999677679290896,0.0
46075,38.39647327455458,1.0,560,681,1241,0.0,0.0008333472224535399,0.999677679290896,0.0
46076,38.397306621777034,1.0,560,681,1241,0.0,0.0008333472224535399,0.999677679290896,0.0
46077,38.39813996899949,1.0,560,681,1241,0.0,0.0008333472224535399,0.999677679290896,0.0
46078,38.39897331622194,1.0,560,681,1241,0.0,0.0008333472224535399,0.999677679290896,0.0
46079,38.399806663444394,1.0,560,681,1241,0.0,0.0008333472224535399,0.999677679290896,0.0
46080,38.40064001066685,1.0,560,681,1241,0.0,0.0008333472224535399,0.9997582594681724,8.058017727639034e-05
46081,38.4014733578893,1.0,560,681,1241,0.0,0.0008333472224535399,0.9998388396454487,8.058017727639034e-05
46082,38.402306705111755,0.9991941982272361,560,681,1241,-0.0008058017727639033,0.0008333472224535399,0.9998388396454487,0.0
46083,38.40314005233421,0.9991941982272361,560,681,1241,0.0,0.0008333472224535399,0.9998388396454487,0.0
46084,38.40397339955666,1.0,560,681,1241,0.0008058017727639033,0.0008333472224535399,0.9998388396454487,0.0
46085,38.404806746779116,1.0,560,681,1241,0.0,0.0008333472224535399,0.9998388396454487,0.0
46086,38.40564009400157,1.0,560,681,1241,0.0,0.0008333472224535399,0.9998388396454487,0.0
46087,38.40647344122402,1.0,560,681,1241,0.0,0.0008333472224535399,0.9998388396454487,0.0
46088,38.407306788446476,1.0,560,681,1241,0.0,0.0008333472224535399,0.9998388396454487,0.0
46089,38.40814013566893,1.0,560,681,1241,0.0,0.0008333472224535399,0.9998388396454487,0.0
46090,38.40897348289138,1.0,560,681,1241,0.0,0.0008333472224535399,0.9998388396454487,0.0
46091,38.40980683011384,1.0,560,681,1241,0.0,0.0008333472224535399,0.9998388396454487,0.0
46092,38.41064017733629,1.0,560,681,1241,0.0,0.0008333472224535399,0.999919419822725,8.058017727639034e-05
46093,38.411473524558744,1.0,560,681,1241,0.0,0.0008333472224535399,1.0000000000000013,8.058017727639034e-05
46094,38.4123068717812,1.0,560,681,1241,0.0,0.0008333472224535399,1.0000000000000013,0.0
46095,38.41314021900365,1.0,560,681,1241,0.0,0.0008333472224535399,1.0000000000000013,0.0
46096,38.413973566226105,1.0,560,681,1241,0.0,0.0008333472224535399,1.0000000000000013,0.0
46097,38.41480691344856,1.0,560,681,1241,0.0,0.0008333472224535399,1.0000000000000013,0.0
46098,38.41564026067101,1.0,560,681,1241,0.0,0.0008333472224535399,1.0000000000000013,0.0
46099,38.416473607893465,1.0,560,681,1241,0.0,0.0008333472224535399,1.0000000000000013,0.0
46100,38.41730695511592,1.0,560,681,1241,0.0,0.0008333472224535399,1.0000000000000013,0.0
46101,38.41814030233837,1.0,560,681,1241,0.0,0.0008333472224535399,1.0000000000000013,0.0
46102,38.418973649560826,1.0,560,681,1241,0.0,0.0008333472224535399,1.0000000000000013,0.0
46103,38.41980699678328,1.0,560,681,1241,0.0,0.0008333472224535399,1.0000000000000013,0.0
46104,38.42064034400573,1.0,560,681,1241,0.0,0.0008333472224535399,1.0000000000000013,0.0
46105,38.42147369122819,1.0,560,681,1241,0.0,0.0008333472224535399,1.0000000000000013,0.0
46106,38.42230703845064,1.0,560,681,1241,0.0,0.0008333472224535399,1.0000000000000013,0.0
46107,38.42314038567309,1.0,560,681,1241,0.0,0.0008333472224535399,1.0000000000000013,0.0
46108,38.42397373289555,1.0,560,681,1241,0.0,0.0008333472224535399,1.0000000000000013,0.0
46109,38.424807080118,1.0,560,681,1241,0.0,0.0008333472224535399,1.0000000000000013,0.0
46110,38.425640427340454,1.0,560,681,1241,0.0,0.0008333472224535399,1.0000000000000013,0.0
46111,38.42647377456291,0.9991941982272361,560,681,1241,-0.0008058017727639033,0.0008333472224535399,0.999919419822725,-8.058017727639034e-05
46112,38.42730712178536,1.0,560,681,1241,0.0008058017727639033,0.0008333472224535399,0.999919419822725,0.0
46113,38.42814046900782,1.0,560,681,1241,0.0,0.0008333472224606453,0.999919419822725,0.0
46114,38.428973816230275,1.0,560,681,1241,0.0,0.0008333472224535399,0.999919419822725,0.0
46115,38.42980716345273,1.0,560,681,1241,0.0,0.0008333472224535399,0.999919419822725,0.0
46116,38.43064051067518,1.0,560,681,1241,0.0,0.0008333472224535399,0.999919419822725,0.0
46117,38.431473857897636,1.0,560,681,1241,0.0,0.0008333472224535399,0.999919419822725,0.0
46118,38.43230720512009,1.0,560,681,1241,0.0,0.0008333472224535399,0.999919419822725,0.0
46119,38.43314055234254,1.0,560,681,1241,0.0,0.0008333472224535399,0.999919419822725,0.0
46120,38.433973899565,1.0,560,681,1241,0.0,0.0008333472224535399,0.999919419822725,0.0
46121,38.43480724678745,1.0,560,681,1241,0.0,0.0008333472224535399,1.0000000000000013,8.058017727639034e-05
46122,38.435640594009904,1.0,560,681,1241,0.0,0.0008333472224535399,1.0000000000000013,0.0
46123,38.43647394123236,1.0,560,681,1241,0.0,0.0008333472224535399,1.0000000000000013,0.0
46124,38.43730728845481,1.0,560,681,1241,0.0,0.0008333472224535399,1.0000000000000013,0.0
46125,38.438140635677264,1.0,560,681,1241,0.0,0.0008333472224535399,1.0000000000000013,0.0
46126,38.43897398289972,1.0,560,681,1241,0.0,0.0008333472224535399,1.0000000000000013,0.0
46127,38.43980733012217,1.0,560,681,1241,0.0,0.0008333472224535399,1.0000000000000013,0.0
46128,38.440640677344625,1.0,560,681,1241,0.0,0.0008333472224535399,1.0000000000000013,0.0
46129,38.44147402456708,1.0,560,681,1241,0.0,0.0008333472224535399,1.0000000000000013,0.0
46130,38.44230737178953,1.0,560,681,1241,0.0,0.0008333472224535399,1.0000000000000013,0.0
46131,38.443140719011986,1.0,560,681,1241,0.0,0.0008333472224535399,1.0000000000000013,0.0
46132,38.44397406623444,1.0,560,681,1241,0.0,0.0008333472224535399,1.0000000000000013,0.0
46133,38.44480741345689,1.0,560,681,1241,0.0,0.0008333472224535399,1.0000000000000013,0.0
46134,38.445640760679346,1.0,560,681,1241,0.0,0.0008333472224535399,1.0000000000000013,0.0
46135,38.4464741079018,1.0,560,681,1241,0.0,0.0008333472224535399,1.0000000000000013,0.0
46136,38.44730745512425,1.0,560,681,1241,0.0,0.0008333472224535399,1.0000000000000013,0.0
46137,38.44814080234671,1.0,560,681,1241,0.0,0.0008333472224535399,1.0000000000000013,0.0
46138,38.44897414956916,1.0,560,681,1241,0.0,0.0008333472224535399,1.0000000000000013,0.0
46139,38.449807496791614,1.0,560,681,1241,0.0,0.0008333472224535399,1.0000000000000013,0.0
46140,38.45064084401407,1.0,560,681,1241,0.0,0.0008333472224535399,1.0000000000000013,0.0
46141,38.45147419123652,1.0,560,681,1241,0.0,0.0008333472224535399,1.0000000000000013,0.0
46142,38.452307538458975,1.0,560,681,1241,0.0,0.0008333472224535399,1.0000000000000013,0.0
46143,38.45314088568143,1.0,560,681,1241,0.0,0.0008333472224535399,1.0000000000000013,0.0
46144,38.45397423290388,1.0,560,681,1241,0.0,0.0008333472224535399,1.0000000000000013,0.0
46145,38.454807580126335,1.0,560,681,1241,0.0,0.0008333472224535399,1.0000000000000013,0.0
46146,38.45564092734879,1.0,560,681,1241,0.0,0.0008333472224535399,1.0000000000000013,0.0
46147,38.45647427457124,1.0,560,681,1241,0.0,0.0008333472224535399,1.0000000000000013,0.0
46148,38.457307621793696,1.0,560,681,1241,0.0,0.0008333472224535399,1.0000000000000013,0.0
46149,38.45814096901615,1.0,560,681,1241,0.0,0.0008333472224535399,1.0000000000000013,0.0
46150,38.4589743162386,1.0,560,681,1241,0.0,0.0008333472224535399,1.0000000000000013,0.0
46151,38.459807663461056,1.0,560,681,1241,0.0,0.0008333472224535399,1.0000000000000013,0.0
46152,38.46064101068351,1.0,560,681,1241,0.0,0.0008333472224535399,1.0000000000000013,0.0
46153,38.46147435790596,1.0,560,681,1241,0.0,0.0008333472224535399,1.0000000000000013,0.0
46154,38.46230770512842,1.0,560,681,1241,0.0,0.0008333472224535399,1.0000000000000013,0.0
46155,38.46314105235088,1.0,560,681,1241,0.0,0.0008333472224606453,1.0000000000000013,0.0
46156,38.46397439957333,1.0,560,681,1241,0.0,0.0008333472224535399,1.0000000000000013,0.0
46157,38.464807746795785,1.0,560,681,1241,0.0,0.0008333472224535399,1.0000000000000013,0.0
46158,38.46564109401824,1.0,560,681,1241,0.0,0.0008333472224535399,1.0000000000000013,0.0
46159,38.46647444124069,1.0,560,681,1241,0.0,0.0008333472224535399,1.0000000000000013,0.0
46160,38.467307788463145,1.0,560,681,1241,0.0,0.0008333472224535399,1.0000000000000013,0.0
46161,38.4681411356856,1.0,560,681,1241,0.0,0.0008333472224535399,1.0000000000000013,0.0
46162,38.46897448290805,1.0,560,681,1241,0.0,0.0008333472224535399,1.0000000000000013,0.0
46163,38.469807830130506,1.0,560,681,1241,0.0,0.0008333472224535399,1.0000000000000013,0.0
46164,38.47064117735296,1.0,560,681,1241,0.0,0.0008333472224535399,1.0000000000000013,0.0
46165,38.47147452457541,1.0,560,681,1241,0.0,0.0008333472224535399,1.0000000000000013,0.0
46166,38.47230787179787,1.0,560,681,1241,0.0,0.0008333472224535399,1.0000000000000013,0.0
46167,38.47314121902032,1.0,560,681,1241,0.0,0.0008333472224535399,1.0000000000000013,0.0
46168,38.473974566242774,1.0,560,681,1241,0.0,0.0008333472224535399,1.0000000000000013,0.0
46169,38.47480791346523,1.0,560,681,1241,0.0,0.0008333472224535399,1.0000000000000013,0.0
46170,38.47564126068768,1.0,560,681,1241,0.0,0.0008333472224535399,1.0000000000000013,0.0
46171,38.476474607910134,1.0,560,681,1241,0.0,0.0008333472224535399,1.0000000000000013,0.0
46172,38.47730795513259,1.0,560,681,1241,0.0,0.0008333472224535399,1.0000000000000013,0.0
46173,38.47814130235504,1.0,560,681,1241,0.0,0.0008333472224535399,1.0000000000000013,0.0
46174,38.478974649577495,1.0,560,681,1241,0.0,0.0008333472224535399,1.0000000000000013,0.0
46175,38.47980799679995,1.0,560,681,1241,0.0,0.0008333472224535399,1.0000000000000013,0.0
46176,38.4806413440224,1.0,560,681,1241,0.0,0.0008333472224535399,1.0000000000000013,0.0
46177,38.481474691244856,1.0,560,681,1241,0.0,0.0008333472224535399,1.0000000000000013,0.0
46178,38.48230803846731,1.0,560,681,1241,0.0,0.0008333472224535399,1.0000000000000013,0.0
46179,38.48314138568976,1.0,560,681,1241,0.0,0.0008333472224535399,1.0000000000000013,0.0
46180,38.483974732912216,1.0,560,681,1241,0.0,0.0008333472224535399,1.0000000000000013,0.0
46181,38.48480808013467,1.0,560,681,1241,0.0,0.0008333472224535399,1.0000000000000013,0.0
46182,38.48564142735712,1.0,560,681,1241,0.0,0.0008333472224535399,1.0000000000000013,0.0
46183,38.48647477457958,1.0,560,681,1241,0.0,0.0008333472224535399,1.0000000000000013,0.0
46184,38.48730812180203,1.0,560,681,1241,0.0,0.0008333472224535399,1.0000000000000013,0.0
46185,38.488141469024484,1.0,560,681,1241,0.0,0.0008333472224535399,1.0000000000000013,0.0
46186,38.48897481624694,1.0,560,681,1241,0.0,0.0008333472224535399,1.0000000000000013,0.0
46187,38.48980816346939,1.0,560,681,1241,0.0,0.0008333472224535399,1.0000000000000013,0.0
46188,38.490641510691844,1.0,560,681,1241,0.0,0.0008333472224535399,1.0000000000000013,0.0
46189,38.4914748579143,1.0,560,681,1241,0.0,0.0008333472224535399,1.0000000000000013,0.0
46190,38.49230820513675,1.0,560,681,1241,0.0,0.0008333472224535399,1.0000000000000013,0.0
46191,38.493141552359205,1.0,560,681,1241,0.0,0.0008333472224535399,1.0000000000000013,0.0
46192,38.49397489958166,1.0,560,681,1241,0.0,0.0008333472224535399,1.0000000000000013,0.0
46193,38.49480824680411,1.0,560,681,1241,0.0,0.0008333472224535399,1.0000000000000013,0.0
46194,38.495641594026566,1.0,560,681,1241,0.0,0.0008333472224535399,1.0000000000000013,0.0
46195,38.49647494124902,1.0,560,681,1241,0.0,0.0008333472224535399,1.0000000000000013,0.0
46196,38.49730828847147,1.0,560,681,1241,0.0,0.0008333472224535399,1.0000000000000013,0.0
46197,38.498141635693926,1.0,560,681,1241,0.0,0.0008333472224535399,1.0000000000000013,0.0
46198,38.49897498291639,1.0,560,681,1241,0.0,0.0008333472224606453,1.0000000000000013,0.0
46199,38.49980833013884,1.0,560,681,1241,0.0,0.0008333472224535399,1.0000000000000013,0.0
46200,38.500641677361294,1.0,560,681,1241,0.0,0.0008333472224535399,1.0000000000000013,0.0
46201,38.50147502458375,1.0,560,681,1241,0.0,0.0008333472224535399,1.0000000000000013,0.0
46202,38.5023083718062,1.0,560,681,1241,0.0,0.0008333472224535399,1.0000000000000013,0.0
46203,38.503141719028655,1.0,560,681,1241,0.0,0.0008333472224535399,1.0000000000000013,0.0
46204,38.50397506625111,1.0,560,681,1241,0.0,0.0008333472224535399,1.0000000000000013,0.0
46205,38.50480841347356,1.0,560,681,1241,0.0,0.0008333472224535399,1.0000000000000013,0.0
46206,38.505641760696015,1.0,560,681,1241,0.0,0.0008333472224535399,1.0000000000000013,0.0
46207,38.50647510791847,1.0,560,681,1241,0.0,0.0008333472224535399,1.0000000000000013,0.0
46208,38.50730845514092,1.0,560,681,1241,0.0,0.0008333472224535399,1.0000000000000013,0.0
46209,38.508141802363376,1.0,560,681,1241,0.0,0.0008333472224535399,1.0000000000000013,0.0
46210,38.50897514958583,1.0,560,681,1241,0.0,0.0008333472224535399,1.0000000000000013,0.0
46211,38.50980849680828,1.0,560,681,1241,0.0,0.0008333472224535399,1.0000000000000013,0.0
46212,38.51064184403074,1.0,560,681,1241,0.0,0.0008333472224535399,1.0000000000000013,0.0
46213,38.51147519125319,1.0,560,681,1241,0.0,0.0008333472224535399,1.0000000000000013,0.0
46214,38.512308538475644,1.0,560,681,1241,0.0,0.0008333472224535399,1.0000000000000013,0.0
46215,38.5131418856981,1.0,560,681,1241,0.0,0.0008333472224535399,1.0000000000000013,0.0
46216,38.51397523292055,1.0,560,681,1241,0.0,0.0008333472224535399,1.0000000000000013,0.0
46217,38.514808580143004,1.0,560,681,1241,0.0,0.0008333472224535399,1.0000000000000013,0.0
46218,38.51564192736546,1.0,560,681,1241,0.0,0.0008333472224535399,1.0000000000000013,0.0
46219,38.51647527458791,1.0,560,681,1241,0.0,0.0008333472224535399,1.0000000000000013,0.0
46220,38.517308621810365,1.0,560,681,1241,0.0,0.0008333472224535399,1.0000000000000013,0.0
46221,38.51814196903282,1.0,560,681,1241,0.0,0.0008333472224535399,1.0000000000000013,0.0
46222,38.51897531625527,1.0,560,681,1241,0.0,0.0008333472224535399,1.0000000000000013,0.0
46223,38.519808663477725,1.0,560,681,1241,0.0,0.0008333472224535399,1.0000000000000013,0.0
46224,38.52064201070018,1.0,560,681,1241,0.0,0.0008333472224535399,1.0000000000000013,0.0
46225,38.52147535792263,1.0,560,681,1241,0.0,0.0008333472224535399,1.0000000000000013,0.0
46226,38.522308705145086,1.0,560,681,1241,0.0,0.0008333472224535399,1.0000000000000013,0.0
46227,38.52314205236754,1.0,560,681,1241,0.0,0.0008333472224535399,1.0000000000000013,0.0
46228,38.52397539958999,1.0,560,681,1241,0.0,0.0008333472224535399,1.0000000000000013,0.0
46229,38.52480874681245,1.0,560,681,1241,0.0,0.0008333472224535399,1.0000000000000013,0.0
46230,38.5256420940349,1.0,560,681,1241,0.0,0.0008333472224535399,1.0000000000000013,0.0
46231,38.526475441257354,1.0,560,681,1241,0.0,0.0008333472224535399,1.0000000000000013,0.0
46232,38.52730878847981,0.9991941982272361,560,681,1241,-0.0008058017727639033,0.0008333472224535399,0.999919419822725,-8.058017727639034e-05
46233,38.52814213570226,0.9991941982272361,560,681,1241,0.0,0.0008333472224535399,0.9998388396454487,-8.058017727639034e-05
46234,38.528975482924714,1.0,560,681,1241,0.0008058017727639033,0.0008333472224535399,0.9998388396454487,0.0
46235,38.52980883014717,1.0,560,681,1241,0.0,0.0008333472224535399,0.9998388396454487,0.0
46236,38.53064217736962,1.0,560,681,1241,0.0,0.0008333472224535399,0.9998388396454487,0.0
46237,38.531475524592075,1.0,560,681,1241,0.0,0.0008333472224535399,0.9998388396454487,0.0
46238,38.53230887181453,1.0,560,681,1241,0.0,0.0008333472224535399,0.9998388396454487,0.0
46239,38.53314221903698,1.0,560,681,1241,0.0,0.0008333472224535399,0.9998388396454487,0.0
46240,38.53397556625944,1.0,560,681,1241,0.0,0.0008333472224606453,0.9998388396454487,0.0
46241,38.534808913481896,1.0,560,681,1241,0.0,0.0008333472224535399,0.9998388396454487,0.0
46242,38.53564226070435,1.0,560,681,1241,0.0,0.0008333472224535399,0.999919419822725,8.058017727639034e-05
46243,38.5364756079268,1.0,560,681,1241,0.0,0.0008333472224535399,1.0000000000000013,8.058017727639034e-05
46244,38.53730895514926,1.0,560,681,1241,0.0,0.0008333472224535399,1.0000000000000013,0.0
46245,38.53814230237171,1.0,560,681,1241,0.0,0.0008333472224535399,1.0000000000000013,0.0
46246,38.538975649594164,1.0,560,681,1241,0.0,0.0008333472224535399,1.0000000000000013,0.0
46247,38.53980899681662,1.0,560,681,1241,0.0,0.0008333472224535399,1.0000000000000013,0.0
46248,38.54064234403907,1.0,560,681,1241,0.0,0.0008333472224535399,1.0000000000000013,0.0
46249,38.541475691261525,1.0,560,681,1241,0.0,0.0008333472224535399,1.0000000000000013,0.0
46250,38.54230903848398,1.0,560,681,1241,0.0,0.0008333472224535399,1.0000000000000013,0.0
46251,38.54314238570643,1.0,560,681,1241,0.0,0.0008333472224535399,1.0000000000000013,0.0
46252,38.543975732928885,1.0,560,681,1241,0.0,0.0008333472224535399,1.0000000000000013,0.0
46253,38.54480908015134,1.0,560,681,1241,0.0,0.0008333472224535399,1.0000000000000013,0.0
46254,38.54564242737379,1.0,560,681,1241,0.0,0.0008333472224535399,1.0000000000000013,0.0
46255,38.546475774596246,1.0,560,681,1241,0.0,0.0008333472224535399,1.0000000000000013,0.0
46256,38.5473091218187,1.0,560,681,1241,0.0,0.0008333472224535399,1.0000000000000013,0.0
46257,38.54814246904115,1.0,560,681,1241,0.0,0.0008333472224535399,1.0000000000000013,0.0
46258,38.54897581626361,1.0,560,681,1241,0.0,0.0008333472224535399,1.0000000000000013,0.0
46259,38.54980916348606,1.0,560,681,1241,0.0,0.0008333472224535399,1.0000000000000013,0.0
46260,38.550642510708514,1.0,560,681,1241,0.0,0.0008333472224535399,1.0000000000000013,0.0
46261,38.55147585793097,1.0,560,681,1241,0.0,0.0008333472224535399,1.0000000000000013,0.0
46262,38.55230920515342,1.0,560,681,1241,0.0,0.0008333472224535399,1.0000000000000013,0.0
46263,38.553142552375874,1.0,560,681,1241,0.0,0.0008333472224535399,1.0000000000000013,0.0
46264,38.55397589959833,1.0,560,681,1241,0.0,0.0008333472224535399,1.0000000000000013,0.0
46265,38.55480924682078,1.0,560,681,1241,0.0,0.0008333472224535399,1.0000000000000013,0.0
46266,38.555642594043235,1.0,560,681,1241,0.0,0.0008333472224535399,1.0000000000000013,0.0
46267,38.55647594126569,1.0,560,681,1241,0.0,0.0008333472224535399,1.0000000000000013,0.0
46268,38.55730928848814,1.0,560,681,1241,0.0,0.0008333472224535399,1.0000000000000013,0.0
46269,38.558142635710595,1.0,560,681,1241,0.0,0.0008333472224535399,1.0000000000000013,0.0
46270,38.55897598293305,1.0,560,681,1241,0.0,0.0008333472224535399,1.0000000000000013,0.0
46271,38.5598093301555,1.0,560,681,1241,0.0,0.0008333472224535399,1.0000000000000013,0.0
46272,38.560642677377956,1.0,560,681,1241,0.0,0.0008333472224535399,1.0000000000000013,0.0
46273,38.56147602460041,1.0,560,681,1241,0.0,0.0008333472224535399,1.0000000000000013,0.0
46274,38.56230937182286,1.0,560,681,1241,0.0,0.0008333472224535399,1.0000000000000013,0.0
46275,38.56314271904532,1.0,560,681,1241,0.0,0.0008333472224535399,1.0000000000000013,0.0
46276,38.56397606626777,1.0,560,681,1241,0.0,0.0008333472224535399,1.0000000000000013,0.0
46277,38.564809413490224,1.0,560,681,1241,0.0,0.0008333472224535399,1.0000000000000013,0.0
46278,38.56564276071268,1.0,560,681,1241,0.0,0.0008333472224535399,1.0000000000000013,0.0
46279,38.56647610793513,1.0,560,681,1241,0.0,0.0008333472224535399,1.0000000000000013,0.0
46280,38.567309455157584,1.0,560,681,1241,0.0,0.0008333472224535399,1.0000000000000013,0.0
46281,38.56814280238004,1.0,560,681,1241,0.0,0.0008333472224535399,1.0000000000000013,0.0
46282,38.5689761496025,1.0,560,681,1241,0.0,0.0008333472224606453,1.0000000000000013,0.0
46283,38.56980949682495,1.0,560,681,1241,0.0,0.0008333472224535399,1.0000000000000013,0.0
46284,38.570642844047406,1.0,560,681,1241,0.0,0.0008333472224535399,1.0000000000000013,0.0
46285,38.57147619126986,1.0,560,681,1241,0.0,0.0008333472224535399,1.0000000000000013,0.0
46286,38.57230953849231,1.0,560,681,1241,0.0,0.0008333472224535399,1.0000000000000013,0.0
46287,38.573142885714766,1.0,560,681,1241,0.0,0.0008333472224535399,1.0000000000000013,0.0
46288,38.57397623293722,1.0,560,681,1241,0.0,0.0008333472224535399,1.0000000000000013,0.0
46289,38.57480958015967,0.9991941982272361,560,681,1241,-0.0008058017727639033,0.0008333472224535399,0.999919419822725,-8.058017727639034e-05
46290,38.57564292738213,0.9991941982272361,560,681,1241,0.0,0.0008333472224535399,0.9998388396454487,-8.058017727639034e-05
46291,38.57647627460458,0.9991941982272361,560,681,1241,0.0,0.0008333472224535399,0.9997582594681724,-8.058017727639034e-05
46292,38.577309621827034,1.0,560,681,1241,0.0008058017727639033,0.0008333472224535399,0.9997582594681724,0.0
46293,38.57814296904949,1.0,560,681,1241,0.0,0.0008333472224535399,0.9997582594681724,0.0
46294,38.57897631627194,1.0,560,681,1241,0.0,0.0008333472224535399,0.9997582594681724,0.0
46295,38.579809663494395,1.0,560,681,1241,0.0,0.0008333472224535399,0.9997582594681724,0.0
46296,38.58064301071685,1.0,560,681,1241,0.0,0.0008333472224535399,0.9997582594681724,0.0
46297,38.5814763579393,0.9991941982272361,560,681,1241,-0.0008058017727639033,0.0008333472224535399,0.999677679290896,-8.058017727639034e-05
46298,38.582309705161755,0.9991941982272361,560,681,1241,0.0,0.0008333472224535399,0.9995970991136197,-8.058017727639034e-05
46299,38.58314305238421,0.9991941982272361,560,681,1241,0.0,0.0008333472224535399,0.9995970991136197,0.0
46300,38.58397639960666,1.0,560,681,1241,0.0008058017727639033,0.0008333472224535399,0.999677679290896,8.058017727639034e-05
46301,38.584809746829116,1.0,560,681,1241,0.0,0.0008333472224535399,0.9997582594681724,8.058017727639034e-05
46302,38.58564309405157,1.0,560,681,1241,0.0,0.0008333472224535399,0.9997582594681724,0.0
46303,38.58647644127402,1.0,560,681,1241,0.0,0.0008333472224535399,0.9997582594681724,0.0
46304,38.587309788496476,1.0,560,681,1241,0.0,0.0008333472224535399,0.9997582594681724,0.0
46305,38.58814313571893,1.0,560,681,1241,0.0,0.0008333472224535399,0.9997582594681724,0.0
46306,38.58897648294138,1.0,560,681,1241,0.0,0.0008333472224535399,0.9997582594681724,0.0
46307,38.58980983016384,1.0,560,681,1241,0.0,0.0008333472224535399,0.9998388396454487,8.058017727639034e-05
46308,38.59064317738629,1.0,560,681,1241,0.0,0.0008333472224535399,0.999919419822725,8.058017727639034e-05
46309,38.591476524608744,1.0,560,681,1241,0.0,0.0008333472224535399,1.0000000000000013,8.058017727639034e-05
46310,38.5923098718312,1.0,560,681,1241,0.0,0.0008333472224535399,1.0000000000000013,0.0
46311,38.59314321905365,1.0,560,681,1241,0.0,0.0008333472224535399,1.0000000000000013,0.0
46312,38.593976566276105,1.0,560,681,1241,0.0,0.0008333472224535399,1.0000000000000013,0.0
46313,38.59480991349856,1.0,560,681,1241,0.0,0.0008333472224535399,1.0000000000000013,0.0
46314,38.59564326072101,1.0,560,681,1241,0.0,0.0008333472224535399,1.0000000000000013,0.0
46315,38.596476607943465,1.0,560,681,1241,0.0,0.0008333472224535399,1.0000000000000013,0.0
46316,38.59730995516592,1.0,560,681,1241,0.0,0.0008333472224535399,1.0000000000000013,0.0
46317,38.59814330238837,1.0,560,681,1241,0.0,0.0008333472224535399,1.0000000000000013,0.0
46318,38.598976649610826,1.0,560,681,1241,0.0,0.0008333472224535399,1.0000000000000013,0.0
46319,38.59980999683328,1.0,560,681,1241,0.0,0.0008333472224535399,1.0000000000000013,0.0
46320,38.60064334405573,1.0,560,681,1241,0.0,0.0008333472224535399,1.0000000000000013,0.0
46321,38.60147669127819,1.0,560,681,1241,0.0,0.0008333472224535399,1.0000000000000013,0.0
46322,38.60231003850064,1.0,560,681,1241,0.0,0.0008333472224535399,1.0000000000000013,0.0
46323,38.603143385723094,1.0,560,681,1241,0.0,0.0008333472224535399,1.0000000000000013,0.0
46324,38.60397673294555,1.0,560,681,1241,0.0,0.0008333472224535399,1.0000000000000013,0.0
46325,38.60481008016801,1.0,560,681,1241,0.0,0.0008333472224606453,1.0000000000000013,0.0
46326,38.60564342739046,1.0,560,681,1241,0.0,0.0008333472224535399,1.0000000000000013,0.0
46327,38.606476774612915,1.0,560,681,1241,0.0,0.0008333472224535399,1.0000000000000013,0.0
46328,38.60731012183537,0.9991941982272361,560,681,1241,-0.0008058017727639033,0.0008333472224535399,0.999919419822725,-8.058017727639034e-05
46329,38.60814346905782,0.9991941982272361,560,681,1241,0.0,0.0008333472224535399,0.9998388396454487,-8.058017727639034e-05
46330,38.608976816280276,0.9991941982272361,560,681,1241,0.0,0.0008333472224535399,0.9997582594681724,-8.058017727639034e-05
46331,38.60981016350273,0.9991941982272361,560,681,1241,0.0,0.0008333472224535399,0.999677679290896,-8.058017727639034e-05
46332,38.61064351072518,0.9991941982272361,560,681,1241,0.0,0.0008333472224535399,0.9995970991136197,-8.058017727639034e-05
46333,38.611476857947636,1.0,560,681,1241,0.0008058017727639033,0.0008333472224535399,0.9995970991136197,0.0
46334,38.61231020517009,0.9991941982272361,560,681,1241,-0.0008058017727639033,0.0008333472224535399,0.9995165189363433,-8.058017727639034e-05
46335,38.61314355239254,0.9991941982272361,560,681,1241,0.0,0.0008333472224535399,0.999435938759067,-8.058017727639034e-05
46336,38.613976899615,0.9991941982272361,560,681,1241,0.0,0.0008333472224535399,0.9993553585817907,-8.058017727639034e-05
46337,38.61481024683745,0.9991941982272361,560,681,1241,0.0,0.0008333472224535399,0.9992747784045143,-8.058017727639034e-05
46338,38.615643594059904,0.9991941982272361,560,681,1241,0.0,0.0008333472224535399,0.9992747784045143,0.0
46339,38.61647694128236,0.9991941982272361,560,681,1241,0.0,0.0008333472224535399,0.9992747784045143,0.0
46340,38.61731028850481,0.9991941982272361,560,681,1241,0.0,0.0008333472224535399,0.9992747784045143,0.0
46341,38.618143635727264,1.0,560,681,1241,0.0008058017727639033,0.0008333472224535399,0.9993553585817907,8.058017727639034e-05
46342,38.61897698294972,1.0,560,681,1241,0.0,0.0008333472224535399,0.999435938759067,8.058017727639034e-05
46343,38.61981033017217,0.9991941982272361,560,681,1241,-0.0008058017727639033,0.0008333472224535399,0.9993553585817907,-8.058017727639034e-05
46344,38.620643677394625,0.9991941982272361,560,681,1241,0.0,0.0008333472224535399,0.9993553585817907,0.0
46345,38.62147702461708,0.9991941982272361,560,681,1241,0.0,0.0008333472224535399,0.9993553585817907,0.0
46346,38.62231037183953,0.9991941982272361,560,681,1241,0.0,0.0008333472224535399,0.9993553585817907,0.0
46347,38.623143719061986,0.9991941982272361,560,681,1241,0.0,0.0008333472224535399,0.9993553585817907,0.0
46348,38.62397706628444,0.9991941982272361,560,681,1241,0.0,0.0008333472224535399,0.9993553585817907,0.0
46349,38.62481041350689,0.9991941982272361,560,681,1241,0.0,0.0008333472224535399,0.9993553585817907,0.0
46350,38.625643760729346,0.9991941982272361,560,681,1241,0.0,0.0008333472224535399,0.9993553585817907,0.0
46351,38.6264771079518,0.9975825946817083,560,681,1241,-0.0016116035455278066,0.0008333472224535399,0.9991136180499615,-0.00024174053182917098
46352,38.62731045517425,0.9983883964544722,560,681,1241,0.0008058017727639033,0.0008333472224535399,0.9989524576954085,-0.00016116035455278067
46353,38.62814380239671,0.9991941982272361,560,681,1241,0.0008058017727639033,0.0008333472224535399,0.9989524576954085,0.0
46354,38.62897714961916,1.0,560,681,1241,0.0008058017727639033,0.0008333472224535399,0.9990330378726849,8.058017727639034e-05
46355,38.629810496841614,1.0,560,681,1241,0.0,0.0008333472224535399,0.9991136180499612,8.058017727639034e-05
46356,38.63064384406407,1.0,560,681,1241,0.0,0.0008333472224535399,0.9991941982272377,8.058017727639034e-05
46357,38.63147719128652,1.0,560,681,1241,0.0,0.0008333472224535399,0.999274778404514,8.058017727639034e-05
46358,38.632310538508975,1.0,560,681,1241,0.0,0.0008333472224535399,0.9993553585817903,8.058017727639034e-05
46359,38.63314388573143,1.0,560,681,1241,0.0,0.0008333472224535399,0.9994359387590667,8.058017727639034e-05
46360,38.63397723295388,1.0,560,681,1241,0.0,0.0008333472224535399,0.999516518936343,8.058017727639034e-05
46361,38.634810580176335,1.0,560,681,1241,0.0,0.0008333472224535399,0.9997582594681722,0.00024174053182917098
46362,38.63564392739879,1.0,560,681,1241,0.0,0.0008333472224535399,0.999919419822725,0.00016116035455278067
46363,38.63647727462124,1.0,560,681,1241,0.0,0.0008333472224535399,1.0000000000000013,8.058017727639034e-05
46364,38.637310621843696,1.0,560,681,1241,0.0,0.0008333472224535399,1.0000000000000013,0.0
46365,38.63814396906615,0.9991941982272361,560,681,1241,-0.0008058017727639033,0.0008333472224535399,0.999919419822725,-8.058017727639034e-05
46366,38.6389773162886,0.9991941982272361,560,681,1241,0.0,0.0008333472224535399,0.9998388396454487,-8.058017727639034e-05
46367,38.639810663511064,0.9991941982272361,560,681,1241,0.0,0.0008333472224606453,0.9997582594681724,-8.058017727639034e-05
46368,38.64064401073352,1.0,560,681,1241,0.0008058017727639033,0.0008333472224535399,0.9997582594681724,0.0
46369,38.64147735795597,1.0,560,681,1241,0.0,0.0008333472224535399,0.9997582594681724,0.0
46370,38.642310705178424,1.0,560,681,1241,0.0,0.0008333472224535399,0.9997582594681724,0.0
46371,38.64314405240088,1.0,560,681,1241,0.0,0.0008333472224535399,0.9997582594681724,0.0
46372,38.64397739962333,1.0,560,681,1241,0.0,0.0008333472224535399,0.9997582594681724,0.0
46373,38.644810746845785,1.0,560,681,1241,0.0,0.0008333472224535399,0.9997582594681724,0.0
46374,38.64564409406824,1.0,560,681,1241,0.0,0.0008333472224535399,0.9997582594681724,0.0
46375,38.64647744129069,1.0,560,681,1241,0.0,0.0008333472224535399,0.9998388396454487,8.058017727639034e-05
46376,38.647310788513145,1.0,560,681,1241,0.0,0.0008333472224535399,0.999919419822725,8.058017727639034e-05
46377,38.6481441357356,1.0,560,681,1241,0.0,0.0008333472224535399,1.0000000000000013,8.058017727639034e-05
46378,38.64897748295805,1.0,560,681,1241,0.0,0.0008333472224535399,1.0000000000000013,0.0
46379,38.649810830180506,1.0,560,681,1241,0.0,0.0008333472224535399,1.0000000000000013,0.0
46380,38.65064417740296,1.0,560,681,1241,0.0,0.0008333472224535399,1.0000000000000013,0.0
46381,38.65147752462541,1.0,560,681,1241,0.0,0.0008333472224535399,1.0000000000000013,0.0
46382,38.65231087184787,1.0,560,681,1241,0.0,0.0008333472224535399,1.0000000000000013,0.0
46383,38.65314421907032,1.0,560,681,1241,0.0,0.0008333472224535399,1.0000000000000013,0.0
46384,38.653977566292774,1.0,560,681,1241,0.0,0.0008333472224535399,1.0000000000000013,0.0
46385,38.65481091351523,1.0,560,681,1241,0.0,0.0008333472224535399,1.0000000000000013,0.0
46386,38.65564426073768,0.9991941982272361,560,681,1241,-0.0008058017727639033,0.0008333472224535399,0.999919419822725,-8.058017727639034e-05
46387,38.656477607960134,0.9991941982272361,560,681,1241,0.0,0.0008333472224535399,0.9998388396454487,-8.058017727639034e-05
46388,38.65731095518259,0.9991941982272361,560,681,1241,0.0,0.0008333472224535399,0.9997582594681724,-8.058017727639034e-05
46389,38.65814430240504,0.9991941982272361,560,681,1241,0.0,0.0008333472224535399,0.999677679290896,-8.058017727639034e-05
46390,38.658977649627495,1.0,560,681,1241,0.0008058017727639033,0.0008333472224535399,0.999677679290896,0.0
46391,38.65981099684995,1.0,560,681,1241,0.0,0.0008333472224535399,0.999677679290896,0.0
46392,38.6606443440724,1.0,560,681,1241,0.0,0.0008333472224535399,0.999677679290896,0.0
46393,38.661477691294856,1.0,560,681,1241,0.0,0.0008333472224535399,0.999677679290896,0.0
46394,38.66231103851731,1.0,560,681,1241,0.0,0.0008333472224535399,0.999677679290896,0.0
46395,38.66314438573976,1.0,560,681,1241,0.0,0.0008333472224535399,0.999677679290896,0.0
46396,38.663977732962216,1.0,560,681,1241,0.0,0.0008333472224535399,0.9997582594681724,8.058017727639034e-05
46397,38.66481108018467,0.9991941982272361,560,681,1241,-0.0008058017727639033,0.0008333472224535399,0.9997582594681724,0.0
46398,38.66564442740712,0.9991941982272361,560,681,1241,0.0,0.0008333472224535399,0.9997582594681724,0.0
46399,38.66647777462958,1.0,560,681,1241,0.0008058017727639033,0.0008333472224535399,0.9998388396454487,8.058017727639034e-05
46400,38.66731112185203,1.0,560,681,1241,0.0,0.0008333472224535399,0.9998388396454487,0.0
46401,38.668144469074484,1.0,560,681,1241,0.0,0.0008333472224535399,0.9998388396454487,0.0
46402,38.66897781629694,1.0,560,681,1241,0.0,0.0008333472224535399,0.9998388396454487,0.0
46403,38.66981116351939,1.0,560,681,1241,0.0,0.0008333472224535399,0.9998388396454487,0.0
46404,38.670644510741845,1.0,560,681,1241,0.0,0.0008333472224535399,0.9998388396454487,0.0
46405,38.6714778579643,1.0,560,681,1241,0.0,0.0008333472224535399,0.9998388396454487,0.0
46406,38.67231120518675,1.0,560,681,1241,0.0,0.0008333472224535399,0.9998388396454487,0.0
46407,38.673144552409205,1.0,560,681,1241,0.0,0.0008333472224535399,0.999919419822725,8.058017727639034e-05
46408,38.67397789963166,1.0,560,681,1241,0.0,0.0008333472224535399,1.0000000000000013,8.058017727639034e-05
46409,38.67481124685412,1.0,560,681,1241,0.0,0.0008333472224606453,1.0000000000000013,0.0
46410,38.67564459407657,1.0,560,681,1241,0.0,0.0008333472224535399,1.0000000000000013,0.0
46411,38.67647794129903,1.0,560,681,1241,0.0,0.0008333472224535399,1.0000000000000013,0.0
46412,38.67731128852148,1.0,560,681,1241,0.0,0.0008333472224535399,1.0000000000000013,0.0
46413,38.678144635743934,1.0,560,681,1241,0.0,0.0008333472224535399,1.0000000000000013,0.0
46414,38.67897798296639,1.0,560,681,1241,0.0,0.0008333472224535399,1.0000000000000013,0.0
46415,38.67981133018884,1.0,560,681,1241,0.0,0.0008333472224535399,1.0000000000000013,0.0
46416,38.680644677411294,0.9991941982272361,560,681,1241,-0.0008058017727639033,0.0008333472224535399,0.999919419822725,-8.058017727639034e-05
46417,38.68147802463375,0.9991941982272361,560,681,1241,0.0,0.0008333472224535399,0.9998388396454487,-8.058017727639034e-05
46418,38.6823113718562,0.9991941982272361,560,681,1241,0.0,0.0008333472224535399,0.9997582594681724,-8.058017727639034e-05
46419,38.683144719078655,1.0,560,681,1241,0.0008058017727639033,0.0008333472224535399,0.9997582594681724,0.0
46420,38.68397806630111,1.0,560,681,1241,0.0,0.0008333472224535399,0.9997582594681724,0.0
46421,38.68481141352356,1.0,560,681,1241,0.0,0.0008333472224535399,0.9997582594681724,0.0
46422,38.685644760746015,1.0,560,681,1241,0.0,0.0008333472224535399,0.9997582594681724,0.0
46423,38.68647810796847,1.0,560,681,1241,0.0,0.0008333472224535399,0.9997582594681724,0.0
46424,38.68731145519092,1.0,560,681,1241,0.0,0.0008333472224535399,0.9997582594681724,0.0
46425,38.688144802413376,1.0,560,681,1241,0.0,0.0008333472224535399,0.9997582594681724,0.0
46426,38.68897814963583,1.0,560,681,1241,0.0,0.0008333472224535399,0.9998388396454487,8.058017727639034e-05
46427,38.68981149685828,1.0,560,681,1241,0.0,0.0008333472224535399,0.999919419822725,8.058017727639034e-05
46428,38.69064484408074,1.0,560,681,1241,0.0,0.0008333472224535399,1.0000000000000013,8.058017727639034e-05
46429,38.69147819130319,1.0,560,681,1241,0.0,0.0008333472224535399,1.0000000000000013,0.0
46430,38.692311538525644,1.0,560,681,1241,0.0,0.0008333472224535399,1.0000000000000013,0.0
46431,38.6931448857481,1.0,560,681,1241,0.0,0.0008333472224535399,1.0000000000000013,0.0
46432,38.69397823297055,0.9991941982272361,560,681,1241,-0.0008058017727639033,0.0008333472224535399,0.999919419822725,-8.058017727639034e-05
46433,38.694811580193004,0.9991941982272361,560,681,1241,0.0,0.0008333472224535399,0.9998388396454487,-8.058017727639034e-05
46434,38.69564492741546,1.0,560,681,1241,0.0008058017727639033,0.0008333472224535399,0.9998388396454487,0.0
46435,38.69647827463791,1.0,560,681,1241,0.0,0.0008333472224535399,0.9998388396454487,0.0
46436,38.697311621860365,1.0,560,681,1241,0.0,0.0008333472224535399,0.9998388396454487,0.0
46437,38.69814496908282,1.0,560,681,1241,0.0,0.0008333472224535399,0.9998388396454487,0.0
46438,38.69897831630527,1.0,560,681,1241,0.0,0.0008333472224535399,0.9998388396454487,0.0
46439,38.699811663527726,1.0,560,681,1241,0.0,0.0008333472224535399,0.9998388396454487,0.0
46440,38.70064501075018,1.0,560,681,1241,0.0,0.0008333472224535399,0.9998388396454487,0.0
46441,38.70147835797263,1.0,560,681,1241,0.0,0.0008333472224535399,0.9998388396454487,0.0
46442,38.702311705195086,1.0,560,681,1241,0.0,0.0008333472224535399,0.999919419822725,8.058017727639034e-05
46443,38.70314505241754,1.0,560,681,1241,0.0,0.0008333472224535399,1.0000000000000013,8.058017727639034e-05
46444,38.70397839963999,1.0,560,681,1241,0.0,0.0008333472224535399,1.0000000000000013,0.0
46445,38.70481174686245,1.0,560,681,1241,0.0,0.0008333472224535399,1.0000000000000013,0.0
46446,38.7056450940849,1.0,560,681,1241,0.0,0.0008333472224535399,1.0000000000000013,0.0
46447,38.706478441307354,1.0,560,681,1241,0.0,0.0008333472224535399,1.0000000000000013,0.0
46448,38.70731178852981,1.0,560,681,1241,0.0,0.0008333472224535399,1.0000000000000013,0.0
46449,38.70814513575226,1.0,560,681,1241,0.0,0.0008333472224535399,1.0000000000000013,0.0
46450,38.708978482974715,1.0,560,681,1241,0.0,0.0008333472224535399,1.0000000000000013,0.0
46451,38.70981183019717,1.0,560,681,1241,0.0,0.0008333472224535399,1.0000000000000013,0.0
46452,38.71064517741963,1.0,560,681,1241,0.0,0.0008333472224606453,1.0000000000000013,0.0
46453,38.71147852464208,1.0,560,681,1241,0.0,0.0008333472224535399,1.0000000000000013,0.0
46454,38.712311871864536,1.0,560,681,1241,0.0,0.0008333472224535399,1.0000000000000013,0.0
46455,38.71314521908699,1.0,560,681,1241,0.0,0.0008333472224535399,1.0000000000000013,0.0
46456,38.71397856630944,1.0,560,681,1241,0.0,0.0008333472224535399,1.0000000000000013,0.0
46457,38.714811913531896,1.0,560,681,1241,0.0,0.0008333472224535399,1.0000000000000013,0.0
46458,38.71564526075435,1.0,560,681,1241,0.0,0.0008333472224535399,1.0000000000000013,0.0
46459,38.7164786079768,1.0,560,681,1241,0.0,0.0008333472224535399,1.0000000000000013,0.0
46460,38.71731195519926,1.0,560,681,1241,0.0,0.0008333472224535399,1.0000000000000013,0.0
46461,38.71814530242171,1.0,560,681,1241,0.0,0.0008333472224535399,1.0000000000000013,0.0
46462,38.718978649644164,1.0,560,681,1241,0.0,0.0008333472224535399,1.0000000000000013,0.0
46463,38.71981199686662,1.0,560,681,1241,0.0,0.0008333472224535399,1.0000000000000013,0.0
46464,38.72064534408907,1.0,560,681,1241,0.0,0.0008333472224535399,1.0000000000000013,0.0
46465,38.721478691311525,1.0,560,681,1241,0.0,0.0008333472224535399,1.0000000000000013,0.0
46466,38.72231203853398,1.0,560,681,1241,0.0,0.0008333472224535399,1.0000000000000013,0.0
46467,38.72314538575643,1.0,560,681,1241,0.0,0.0008333472224535399,1.0000000000000013,0.0
46468,38.723978732978885,1.0,560,681,1241,0.0,0.0008333472224535399,1.0000000000000013,0.0
46469,38.72481208020134,1.0,560,681,1241,0.0,0.0008333472224535399,1.0000000000000013,0.0
46470,38.72564542742379,1.0,560,681,1241,0.0,0.0008333472224535399,1.0000000000000013,0.0
46471,38.726478774646246,1.0,560,681,1241,0.0,0.0008333472224535399,1.0000000000000013,0.0
46472,38.7273121218687,1.0,560,681,1241,0.0,0.0008333472224535399,1.0000000000000013,0.0
46473,38.72814546909115,1.0,560,681,1241,0.0,0.0008333472224535399,1.0000000000000013,0.0
46474,38.72897881631361,1.0,560,681,1241,0.0,0.0008333472224535399,1.0000000000000013,0.0
46475,38.72981216353606,1.0,560,681,1241,0.0,0.0008333472224535399,1.0000000000000013,0.0
46476,38.730645510758514,0.9991941982272361,560,681,1241,-0.0008058017727639033,0.0008333472224535399,0.999919419822725,-8.058017727639034e-05
46477,38.73147885798097,0.9991941982272361,560,681,1241,0.0,0.0008333472224535399,0.9998388396454487,-8.058017727639034e-05
46478,38.73231220520342,1.0,560,681,1241,0.0008058017727639033,0.0008333472224535399,0.9998388396454487,0.0
46479,38.733145552425874,1.0,560,681,1241,0.0,0.0008333472224535399,0.9998388396454487,0.0
46480,38.73397889964833,1.0,560,681,1241,0.0,0.0008333472224535399,0.9998388396454487,0.0
46481,38.73481224687078,1.0,560,681,1241,0.0,0.0008333472224535399,0.9998388396454487,0.0
46482,38.735645594093235,1.0,560,681,1241,0.0,0.0008333472224535399,0.9998388396454487,0.0
46483,38.73647894131569,1.0,560,681,1241,0.0,0.0008333472224535399,0.9998388396454487,0.0
46484,38.73731228853814,1.0,560,681,1241,0.0,0.0008333472224535399,0.9998388396454487,0.0
46485,38.738145635760596,1.0,560,681,1241,0.0,0.0008333472224535399,0.9998388396454487,0.0
46486,38.73897898298305,1.0,560,681,1241,0.0,0.0008333472224535399,0.999919419822725,8.058017727639034e-05
46487,38.7398123302055,1.0,560,681,1241,0.0,0.0008333472224535399,1.0000000000000013,8.058017727639034e-05
46488,38.740645677427956,0.9991941982272361,560,681,1241,-0.0008058017727639033,0.0008333472224535399,0.999919419822725,-8.058017727639034e-05
46489,38.74147902465041,1.0,560,681,1241,0.0008058017727639033,0.0008333472224535399,0.999919419822725,0.0
46490,38.74231237187286,1.0,560,681,1241,0.0,0.0008333472224535399,0.999919419822725,0.0
46491,38.74314571909532,1.0,560,681,1241,0.0,0.0008333472224535399,0.999919419822725,0.0
46492,38.74397906631777,1.0,560,681,1241,0.0,0.0008333472224535399,0.999919419822725,0.0
46493,38.744812413540224,0.9991941982272361,560,681,1241,-0.0008058017727639033,0.0008333472224535399,0.9998388396454487,-8.058017727639034e-05
46494,38.745645760762685,0.9991941982272361,560,681,1241,0.0,0.0008333472224606453,0.9997582594681724,-8.058017727639034e-05
46495,38.74647910798514,0.9991941982272361,560,681,1241,0.0,0.0008333472224535399,0.999677679290896,-8.058017727639034e-05
46496,38.74731245520759,0.9991941982272361,560,681,1241,0.0,0.0008333472224535399,0.9995970991136197,-8.058017727639034e-05
46497,38.748145802430045,0.9991941982272361,560,681,1241,0.0,0.0008333472224535399,0.9995165189363433,-8.058017727639034e-05
46498,38.7489791496525,1.0,560,681,1241,0.0008058017727639033,0.0008333472224535399,0.9995970991136197,8.058017727639034e-05
46499,38.74981249687495,1.0,560,681,1241,0.0,0.0008333472224535399,0.9995970991136197,0.0
46500,38.750645844097406,1.0,560,681,1241,0.0,0.0008333472224535399,0.9995970991136197,0.0
46501,38.75147919131986,1.0,560,681,1241,0.0,0.0008333472224535399,0.9995970991136197,0.0
46502,38.75231253854231,1.0,560,681,1241,0.0,0.0008333472224535399,0.9995970991136197,0.0
46503,38.753145885764766,1.0,560,681,1241,0.0,0.0008333472224535399,0.999677679290896,8.058017727639034e-05
46504,38.75397923298722,1.0,560,681,1241,0.0,0.0008333472224535399,0.9997582594681724,8.058017727639034e-05
46505,38.75481258020967,1.0,560,681,1241,0.0,0.0008333472224535399,0.9998388396454487,8.058017727639034e-05
46506,38.75564592743213,1.0,560,681,1241,0.0,0.0008333472224535399,0.999919419822725,8.058017727639034e-05
46507,38.75647927465458,1.0,560,681,1241,0.0,0.0008333472224535399,1.0000000000000013,8.058017727639034e-05
46508,38.757312621877034,1.0,560,681,1241,0.0,0.0008333472224535399,1.0000000000000013,0.0
46509,38.75814596909949,1.0,560,681,1241,0.0,0.0008333472224535399,1.0000000000000013,0.0
46510,38.75897931632194,1.0,560,681,1241,0.0,0.0008333472224535399,1.0000000000000013,0.0
46511,38.759812663544395,1.0,560,681,1241,0.0,0.0008333472224535399,1.0000000000000013,0.0
46512,38.76064601076685,1.0,560,681,1241,0.0,0.0008333472224535399,1.0000000000000013,0.0
46513,38.7614793579893,1.0,560,681,1241,0.0,0.0008333472224535399,1.0000000000000013,0.0
46514,38.762312705211755,1.0,560,681,1241,0.0,0.0008333472224535399,1.0000000000000013,0.0
46515,38.76314605243421,1.0,560,681,1241,0.0,0.0008333472224535399,1.0000000000000013,0.0
46516,38.76397939965666,1.0,560,681,1241,0.0,0.0008333472224535399,1.0000000000000013,0.0
46517,38.764812746879116,0.9991941982272361,560,681,1241,-0.0008058017727639033,0.0008333472224535399,0.999919419822725,-8.058017727639034e-05
46518,38.76564609410157,0.9991941982272361,560,681,1241,0.0,0.0008333472224535399,0.9998388396454487,-8.058017727639034e-05
46519,38.76647944132402,1.0,560,681,1241,0.0008058017727639033,0.0008333472224535399,0.9998388396454487,0.0
46520,38.76731278854648,1.0,560,681,1241,0.0,0.0008333472224535399,0.9998388396454487,0.0
46521,38.76814613576893,1.0,560,681,1241,0.0,0.0008333472224535399,0.9998388396454487,0.0
46522,38.768979482991384,0.9991941982272361,560,681,1241,-0.0008058017727639033,0.0008333472224535399,0.9997582594681724,-8.058017727639034e-05
46523,38.76981283021384,0.9991941982272361,560,681,1241,0.0,0.0008333472224535399,0.999677679290896,-8.058017727639034e-05
46524,38.77064617743629,1.0,560,681,1241,0.0008058017727639033,0.0008333472224535399,0.999677679290896,0.0
46525,38.771479524658744,1.0,560,681,1241,0.0,0.0008333472224535399,0.999677679290896,0.0
46526,38.7723128718812,1.0,560,681,1241,0.0,0.0008333472224535399,0.999677679290896,0.0
46527,38.77314621910365,1.0,560,681,1241,0.0,0.0008333472224535399,0.9997582594681724,8.058017727639034e-05
46528,38.773979566326105,1.0,560,681,1241,0.0,0.0008333472224535399,0.9998388396454487,8.058017727639034e-05
46529,38.77481291354856,1.0,560,681,1241,0.0,0.0008333472224535399,0.9998388396454487,0.0
46530,38.77564626077101,1.0,560,681,1241,0.0,0.0008333472224535399,0.9998388396454487,0.0
46531,38.776479607993465,1.0,560,681,1241,0.0,0.0008333472224535399,0.9998388396454487,0.0
46532,38.77731295521592,1.0,560,681,1241,0.0,0.0008333472224535399,0.999919419822725,8.058017727639034e-05
46533,38.77814630243837,1.0,560,681,1241,0.0,0.0008333472224535399,1.0000000000000013,8.058017727639034e-05
46534,38.778979649660826,1.0,560,681,1241,0.0,0.0008333472224535399,1.0000000000000013,0.0
46535,38.77981299688328,1.0,560,681,1241,0.0,0.0008333472224535399,1.0000000000000013,0.0
46536,38.78064634410573,1.0,560,681,1241,0.0,0.0008333472224535399,1.0000000000000013,0.0
46537,38.781479691328194,1.0,560,681,1241,0.0,0.0008333472224606453,1.0000000000000013,0.0
46538,38.78231303855065,1.0,560,681,1241,0.0,0.0008333472224535399,1.0000000000000013,0.0
46539,38.7831463857731,1.0,560,681,1241,0.0,0.0008333472224535399,1.0000000000000013,0.0
46540,38.783979732995554,1.0,560,681,1241,0.0,0.0008333472224535399,1.0000000000000013,0.0
46541,38.78481308021801,1.0,560,681,1241,0.0,0.0008333472224535399,1.0000000000000013,0.0
46542,38.78564642744046,1.0,560,681,1241,0.0,0.0008333472224535399,1.0000000000000013,0.0
46543,38.786479774662915,1.0,560,681,1241,0.0,0.0008333472224535399,1.0000000000000013,0.0
46544,38.78731312188537,1.0,560,681,1241,0.0,0.0008333472224535399,1.0000000000000013,0.0
46545,38.78814646910782,1.0,560,681,1241,0.0,0.0008333472224535399,1.0000000000000013,0.0
46546,38.788979816330276,1.0,560,681,1241,0.0,0.0008333472224535399,1.0000000000000013,0.0
46547,38.78981316355273,1.0,560,681,1241,0.0,0.0008333472224535399,1.0000000000000013,0.0
46548,38.79064651077518,1.0,560,681,1241,0.0,0.0008333472224535399,1.0000000000000013,0.0
46549,38.791479857997636,1.0,560,681,1241,0.0,0.0008333472224535399,1.0000000000000013,0.0
46550,38.79231320522009,1.0,560,681,1241,0.0,0.0008333472224535399,1.0000000000000013,0.0
46551,38.79314655244254,1.0,560,681,1241,0.0,0.0008333472224535399,1.0000000000000013,0.0
46552,38.793979899665,0.9991941982272361,560,681,1241,-0.0008058017727639033,0.0008333472224535399,0.999919419822725,-8.058017727639034e-05
46553,38.79481324688745,1.0,560,681,1241,0.0008058017727639033,0.0008333472224535399,0.999919419822725,0.0
46554,38.795646594109904,1.0,560,681,1241,0.0,0.0008333472224535399,0.999919419822725,0.0
46555,38.79647994133236,1.0,560,681,1241,0.0,0.0008333472224535399,0.999919419822725,0.0
46556,38.79731328855481,1.0,560,681,1241,0.0,0.0008333472224535399,0.999919419822725,0.0
46557,38.798146635777265,0.9991941982272361,560,681,1241,-0.0008058017727639033,0.0008333472224535399,0.9998388396454487,-8.058017727639034e-05
46558,38.79897998299972,0.9991941982272361,560,681,1241,0.0,0.0008333472224535399,0.9997582594681724,-8.058017727639034e-05
46559,38.79981333022217,1.0,560,681,1241,0.0008058017727639033,0.0008333472224535399,0.9997582594681724,0.0
46560,38.800646677444625,1.0,560,681,1241,0.0,0.0008333472224535399,0.9997582594681724,0.0
46561,38.80148002466708,1.0,560,681,1241,0.0,0.0008333472224535399,0.9997582594681724,0.0
46562,38.80231337188953,1.0,560,681,1241,0.0,0.0008333472224535399,0.9998388396454487,8.058017727639034e-05
46563,38.803146719111986,1.0,560,681,1241,0.0,0.0008333472224535399,0.9998388396454487,0.0
46564,38.80398006633444,1.0,560,681,1241,0.0,0.0008333472224535399,0.9998388396454487,0.0
46565,38.80481341355689,1.0,560,681,1241,0.0,0.0008333472224535399,0.9998388396454487,0.0
46566,38.80564676077935,1.0,560,681,1241,0.0,0.0008333472224535399,0.9998388396454487,0.0
46567,38.8064801080018,1.0,560,681,1241,0.0,0.0008333472224535399,0.999919419822725,8.058017727639034e-05
46568,38.807313455224254,1.0,560,681,1241,0.0,0.0008333472224535399,1.0000000000000013,8.058017727639034e-05
46569,38.80814680244671,1.0,560,681,1241,0.0,0.0008333472224535399,1.0000000000000013,0.0
46570,38.80898014966916,1.0,560,681,1241,0.0,0.0008333472224535399,1.0000000000000013,0.0
46571,38.809813496891614,1.0,560,681,1241,0.0,0.0008333472224535399,1.0000000000000013,0.0
46572,38.81064684411407,1.0,560,681,1241,0.0,0.0008333472224535399,1.0000000000000013,0.0
46573,38.81148019133652,1.0,560,681,1241,0.0,0.0008333472224535399,1.0000000000000013,0.0
46574,38.812313538558975,1.0,560,681,1241,0.0,0.0008333472224535399,1.0000000000000013,0.0
46575,38.81314688578143,1.0,560,681,1241,0.0,0.0008333472224535399,1.0000000000000013,0.0
46576,38.81398023300388,1.0,560,681,1241,0.0,0.0008333472224535399,1.0000000000000013,0.0
46577,38.814813580226335,1.0,560,681,1241,0.0,0.0008333472224535399,1.0000000000000013,0.0
46578,38.81564692744879,1.0,560,681,1241,0.0,0.0008333472224535399,1.0000000000000013,0.0
46579,38.81648027467125,1.0,560,681,1241,0.0,0.0008333472224606453,1.0000000000000013,0.0
46580,38.8173136218937,1.0,560,681,1241,0.0,0.0008333472224535399,1.0000000000000013,0.0
46581,38.81814696911616,1.0,560,681,1241,0.0,0.0008333472224535399,1.0000000000000013,0.0
46582,38.81898031633861,1.0,560,681,1241,0.0,0.0008333472224535399,1.0000000000000013,0.0
46583,38.819813663561064,1.0,560,681,1241,0.0,0.0008333472224535399,1.0000000000000013,0.0
46584,38.82064701078352,1.0,560,681,1241,0.0,0.0008333472224535399,1.0000000000000013,0.0
46585,38.82148035800597,1.0,560,681,1241,0.0,0.0008333472224535399,1.0000000000000013,0.0
46586,38.822313705228424,1.0,560,681,1241,0.0,0.0008333472224535399,1.0000000000000013,0.0
46587,38.82314705245088,1.0,560,681,1241,0.0,0.0008333472224535399,1.0000000000000013,0.0
46588,38.82398039967333,1.0,560,681,1241,0.0,0.0008333472224535399,1.0000000000000013,0.0
46589,38.824813746895785,1.0,560,681,1241,0.0,0.0008333472224535399,1.0000000000000013,0.0
46590,38.82564709411824,1.0,560,681,1241,0.0,0.0008333472224535399,1.0000000000000013,0.0
46591,38.82648044134069,1.0,560,681,1241,0.0,0.0008333472224535399,1.0000000000000013,0.0
46592,38.827313788563146,1.0,560,681,1241,0.0,0.0008333472224535399,1.0000000000000013,0.0
46593,38.8281471357856,1.0,560,681,1241,0.0,0.0008333472224535399,1.0000000000000013,0.0
46594,38.82898048300805,1.0,560,681,1241,0.0,0.0008333472224535399,1.0000000000000013,0.0
46595,38.829813830230506,0.9991941982272361,560,681,1241,-0.0008058017727639033,0.0008333472224535399,0.999919419822725,-8.058017727639034e-05
46596,38.83064717745296,1.0,560,681,1241,0.0008058017727639033,0.0008333472224535399,0.999919419822725,0.0
46597,38.83148052467541,1.0,560,681,1241,0.0,0.0008333472224535399,0.999919419822725,0.0
46598,38.83231387189787,1.0,560,681,1241,0.0,0.0008333472224535399,0.999919419822725,0.0
46599,38.83314721912032,0.9991941982272361,560,681,1241,-0.0008058017727639033,0.0008333472224535399,0.9998388396454487,-8.058017727639034e-05
46600,38.833980566342774,0.9991941982272361,560,681,1241,0.0,0.0008333472224535399,0.9997582594681724,-8.058017727639034e-05
46601,38.83481391356523,0.9991941982272361,560,681,1241,0.0,0.0008333472224535399,0.999677679290896,-8.058017727639034e-05
46602,38.83564726078768,1.0,560,681,1241,0.0008058017727639033,0.0008333472224535399,0.999677679290896,0.0
46603,38.836480608010135,1.0,560,681,1241,0.0,0.0008333472224535399,0.999677679290896,0.0
46604,38.83731395523259,1.0,560,681,1241,0.0,0.0008333472224535399,0.999677679290896,0.0
46605,38.83814730245504,0.9991941982272361,560,681,1241,-0.0008058017727639033,0.0008333472224535399,0.999677679290896,0.0
46606,38.838980649677495,1.0,560,681,1241,0.0008058017727639033,0.0008333472224535399,0.999677679290896,0.0
46607,38.83981399689995,1.0,560,681,1241,0.0,0.0008333472224535399,0.999677679290896,0.0
46608,38.8406473441224,1.0,560,681,1241,0.0,0.0008333472224535399,0.999677679290896,0.0
46609,38.841480691344856,1.0,560,681,1241,0.0,0.0008333472224535399,0.9997582594681724,8.058017727639034e-05
46610,38.84231403856731,1.0,560,681,1241,0.0,0.0008333472224535399,0.9998388396454487,8.058017727639034e-05
46611,38.84314738578976,1.0,560,681,1241,0.0,0.0008333472224535399,0.999919419822725,8.058017727639034e-05
46612,38.843980733012216,1.0,560,681,1241,0.0,0.0008333472224535399,0.999919419822725,0.0
46613,38.84481408023467,1.0,560,681,1241,0.0,0.0008333472224535399,0.999919419822725,0.0
46614,38.84564742745712,1.0,560,681,1241,0.0,0.0008333472224535399,0.999919419822725,0.0
46615,38.84648077467958,1.0,560,681,1241,0.0,0.0008333472224535399,1.0000000000000013,8.058017727639034e-05
46616,38.84731412190203,1.0,560,681,1241,0.0,0.0008333472224535399,1.0000000000000013,0.0
46617,38.848147469124484,1.0,560,681,1241,0.0,0.0008333472224535399,1.0000000000000013,0.0
46618,38.84898081634694,1.0,560,681,1241,0.0,0.0008333472224535399,1.0000000000000013,0.0
46619,38.84981416356939,1.0,560,681,1241,0.0,0.0008333472224535399,1.0000000000000013,0.0
46620,38.850647510791845,1.0,560,681,1241,0.0,0.0008333472224535399,1.0000000000000013,0.0
46621,38.851480858014305,1.0,560,681,1241,0.0,0.0008333472224606453,1.0000000000000013,0.0
46622,38.85231420523676,1.0,560,681,1241,0.0,0.0008333472224535399,1.0000000000000013,0.0
46623,38.85314755245921,1.0,560,681,1241,0.0,0.0008333472224535399,1.0000000000000013,0.0
46624,38.853980899681666,0.9991941982272361,560,681,1241,-0.0008058017727639033,0.0008333472224535399,0.999919419822725,-8.058017727639034e-05
46625,38.85481424690412,1.0,560,681,1241,0.0008058017727639033,0.0008333472224535399,0.999919419822725,0.0
46626,38.85564759412657,1.0,560,681,1241,0.0,0.0008333472224535399,0.999919419822725,0.0
46627,38.85648094134903,1.0,560,681,1241,0.0,0.0008333472224535399,0.999919419822725,0.0
46628,38.85731428857148,1.0,560,681,1241,0.0,0.0008333472224535399,0.999919419822725,0.0
46629,38.858147635793934,1.0,560,681,1241,0.0,0.0008333472224535399,0.999919419822725,0.0
46630,38.85898098301639,1.0,560,681,1241,0.0,0.0008333472224535399,0.999919419822725,0.0
46631,38.85981433023884,1.0,560,681,1241,0.0,0.0008333472224535399,0.999919419822725,0.0
46632,38.860647677461294,0.9991941982272361,560,681,1241,-0.0008058017727639033,0.0008333472224535399,0.9998388396454487,-8.058017727639034e-05
46633,38.86148102468375,0.9991941982272361,560,681,1241,0.0,0.0008333472224535399,0.9997582594681724,-8.058017727639034e-05
46634,38.8623143719062,0.9991941982272361,560,681,1241,0.0,0.0008333472224535399,0.9997582594681724,0.0
46635,38.863147719128655,0.9991941982272361,560,681,1241,0.0,0.0008333472224535399,0.999677679290896,-8.058017727639034e-05
46636,38.86398106635111,0.9991941982272361,560,681,1241,0.0,0.0008333472224535399,0.9995970991136197,-8.058017727639034e-05
46637,38.86481441357356,0.9991941982272361,560,681,1241,0.0,0.0008333472224535399,0.9995165189363433,-8.058017727639034e-05
46638,38.865647760796016,0.9991941982272361,560,681,1241,0.0,0.0008333472224535399,0.999435938759067,-8.058017727639034e-05
46639,38.86648110801847,0.9991941982272361,560,681,1241,0.0,0.0008333472224535399,0.9993553585817907,-8.058017727639034e-05
46640,38.86731445524092,1.0,560,681,1241,0.0008058017727639033,0.0008333472224535399,0.9993553585817907,0.0
46641,38.868147802463376,1.0,560,681,1241,0.0,0.0008333472224535399,0.9993553585817907,0.0
46642,38.86898114968583,1.0,560,681,1241,0.0,0.0008333472224535399,0.999435938759067,8.058017727639034e-05
46643,38.86981449690828,1.0,560,681,1241,0.0,0.0008333472224535399,0.9995165189363433,8.058017727639034e-05
46644,38.87064784413074,1.0,560,681,1241,0.0,0.0008333472224535399,0.9995970991136197,8.058017727639034e-05
46645,38.87148119135319,1.0,560,681,1241,0.0,0.0008333472224535399,0.999677679290896,8.058017727639034e-05
46646,38.872314538575644,1.0,560,681,1241,0.0,0.0008333472224535399,0.9997582594681724,8.058017727639034e-05
46647,38.8731478857981,1.0,560,681,1241,0.0,0.0008333472224535399,0.9998388396454487,8.058017727639034e-05
46648,38.87398123302055,1.0,560,681,1241,0.0,0.0008333472224535399,0.999919419822725,8.058017727639034e-05
46649,38.874814580243005,1.0,560,681,1241,0.0,0.0008333472224535399,1.0000000000000013,8.058017727639034e-05
46650,38.87564792746546,0.9991941982272361,560,681,1241,-0.0008058017727639033,0.0008333472224535399,0.999919419822725,-8.058017727639034e-05
46651,38.87648127468791,0.9991941982272361,560,681,1241,0.0,0.0008333472224535399,0.9998388396454487,-8.058017727639034e-05
46652,38.877314621910365,1.0,560,681,1241,0.0008058017727639033,0.0008333472224535399,0.9998388396454487,0.0
46653,38.87814796913282,1.0,560,681,1241,0.0,0.0008333472224535399,0.9998388396454487,0.0
46654,38.87898131635527,1.0,560,681,1241,0.0,0.0008333472224535399,0.9998388396454487,0.0
46655,38.879814663577726,1.0,560,681,1241,0.0,0.0008333472224535399,0.9998388396454487,0.0
46656,38.88064801080018,1.0,560,681,1241,0.0,0.0008333472224535399,0.9998388396454487,0.0
46657,38.88148135802263,1.0,560,681,1241,0.0,0.0008333472224535399,0.9998388396454487,0.0
46658,38.882314705245086,1.0,560,681,1241,0.0,0.0008333472224535399,0.9998388396454487,0.0
46659,38.88314805246754,1.0,560,681,1241,0.0,0.0008333472224535399,0.9998388396454487,0.0
46660,38.88398139968999,1.0,560,681,1241,0.0,0.0008333472224535399,0.999919419822725,8.058017727639034e-05
46661,38.88481474691245,1.0,560,681,1241,0.0,0.0008333472224535399,1.0000000000000013,8.058017727639034e-05
46662,38.8856480941349,1.0,560,681,1241,0.0,0.0008333472224535399,1.0000000000000013,0.0
46663,38.886481441357354,1.0,560,681,1241,0.0,0.0008333472224535399,1.0000000000000013,0.0
46664,38.887314788579815,1.0,560,681,1241,0.0,0.0008333472224606453,1.0000000000000013,0.0
46665,38.88814813580227,1.0,560,681,1241,0.0,0.0008333472224535399,1.0000000000000013,0.0
46666,38.88898148302472,1.0,560,681,1241,0.0,0.0008333472224535399,1.0000000000000013,0.0
46667,38.889814830247175,1.0,560,681,1241,0.0,0.0008333472224535399,1.0000000000000013,0.0
46668,38.89064817746963,1.0,560,681,1241,0.0,0.0008333472224535399,1.0000000000000013,0.0
46669,38.89148152469208,1.0,560,681,1241,0.0,0.0008333472224535399,1.0000000000000013,0.0
46670,38.892314871914536,1.0,560,681,1241,0.0,0.0008333472224535399,1.0000000000000013,0.0
46671,38.89314821913699,1.0,560,681,1241,0.0,0.0008333472224535399,1.0000000000000013,0.0
46672,38.89398156635944,1.0,560,681,1241,0.0,0.0008333472224535399,1.0000000000000013,0.0
46673,38.8948149135819,1.0,560,681,1241,0.0,0.0008333472224535399,1.0000000000000013,0.0
46674,38.89564826080435,1.0,560,681,1241,0.0,0.0008333472224535399,1.0000000000000013,0.0
46675,38.896481608026804,1.0,560,681,1241,0.0,0.0008333472224535399,1.0000000000000013,0.0
46676,38.89731495524926,1.0,560,681,1241,0.0,0.0008333472224535399,1.0000000000000013,0.0
46677,38.89814830247171,1.0,560,681,1241,0.0,0.0008333472224535399,1.0000000000000013,0.0
46678,38.898981649694164,0.9991941982272361,560,681,1241,-0.0008058017727639033,0.0008333472224535399,0.999919419822725,-8.058017727639034e-05
46679,38.89981499691662,0.9991941982272361,560,681,1241,0.0,0.0008333472224535399,0.9998388396454487,-8.058017727639034e-05
46680,38.90064834413907,0.9991941982272361,560,681,1241,0.0,0.0008333472224535399,0.9997582594681724,-8.058017727639034e-05
46681,38.901481691361525,0.9991941982272361,560,681,1241,0.0,0.0008333472224535399,0.999677679290896,-8.058017727639034e-05
46682,38.90231503858398,1.0,560,681,1241,0.0008058017727639033,0.0008333472224535399,0.999677679290896,0.0
46683,38.90314838580643,1.0,560,681,1241,0.0,0.0008333472224535399,0.999677679290896,0.0
46684,38.903981733028886,1.0,560,681,1241,0.0,0.0008333472224535399,0.999677679290896,0.0
46685,38.90481508025134,1.0,560,681,1241,0.0,0.0008333472224535399,0.999677679290896,0.0
46686,38.90564842747379,1.0,560,681,1241,0.0,0.0008333472224535399,0.999677679290896,0.0
46687,38.906481774696246,1.0,560,681,1241,0.0,0.0008333472224535399,0.999677679290896,0.0
46688,38.9073151219187,1.0,560,681,1241,0.0,0.0008333472224535399,0.9997582594681724,8.058017727639034e-05
46689,38.90814846914115,1.0,560,681,1241,0.0,0.0008333472224535399,0.9998388396454487,8.058017727639034e-05
46690,38.90898181636361,1.0,560,681,1241,0.0,0.0008333472224535399,0.999919419822725,8.058017727639034e-05
46691,38.90981516358606,0.9983883964544722,560,681,1241,-0.0016116035455278066,0.0008333472224535399,0.9998388396454487,-8.058017727639034e-05
46692,38.910648510808514,1.0,560,681,1241,0.0016116035455278066,0.0008333472224535399,0.9998388396454487,0.0
46693,38.91148185803097,1.0,560,681,1241,0.0,0.0008333472224535399,0.9998388396454487,0.0
46694,38.91231520525342,1.0,560,681,1241,0.0,0.0008333472224535399,0.9998388396454487,0.0
46695,38.913148552475874,1.0,560,681,1241,0.0,0.0008333472224535399,0.9998388396454487,0.0
46696,38.91398189969833,1.0,560,681,1241,0.0,0.0008333472224535399,0.9998388396454487,0.0
46697,38.91481524692078,0.9991941982272361,560,681,1241,-0.0008058017727639033,0.0008333472224535399,0.9997582594681724,-8.058017727639034e-05
46698,38.915648594143235,1.0,560,681,1241,0.0008058017727639033,0.0008333472224535399,0.9997582594681724,0.0
46699,38.91648194136569,1.0,560,681,1241,0.0,0.0008333472224535399,0.9997582594681724,0.0
46700,38.91731528858814,1.0,560,681,1241,0.0,0.0008333472224535399,0.9997582594681724,0.0
46701,38.918148635810596,1.0,560,681,1241,0.0,0.0008333472224535399,0.999919419822725,0.00016116035455278067
46702,38.91898198303305,1.0,560,681,1241,0.0,0.0008333472224535399,0.999919419822725,0.0
46703,38.9198153302555,1.0,560,681,1241,0.0,0.0008333472224535399,0.999919419822725,0.0
46704,38.920648677477956,1.0,560,681,1241,0.0,0.0008333472224535399,0.999919419822725,0.0
46705,38.92148202470041,1.0,560,681,1241,0.0,0.0008333472224535399,0.999919419822725,0.0
46706,38.92231537192287,1.0,560,681,1241,0.0,0.0008333472224606453,0.999919419822725,0.0
46707,38.923148719145324,1.0,560,681,1241,0.0,0.0008333472224535399,1.0000000000000013,8.058017727639034e-05
46708,38.92398206636778,1.0,560,681,1241,0.0,0.0008333472224535399,1.0000000000000013,0.0
46709,38.92481541359023,1.0,560,681,1241,0.0,0.0008333472224535399,1.0000000000000013,0.0
46710,38.925648760812685,1.0,560,681,1241,0.0,0.0008333472224535399,1.0000000000000013,0.0
46711,38.92648210803514,1.0,560,681,1241,0.0,0.0008333472224535399,1.0000000000000013,0.0
46712,38.92731545525759,1.0,560,681,1241,0.0,0.0008333472224535399,1.0000000000000013,0.0
46713,38.928148802480045,1.0,560,681,1241,0.0,0.0008333472224535399,1.0000000000000013,0.0
46714,38.9289821497025,0.9991941982272361,560,681,1241,-0.0008058017727639033,0.0008333472224535399,0.999919419822725,-8.058017727639034e-05
46715,38.92981549692495,0.9975825946817083,560,681,1241,-0.0016116035455278066,0.0008333472224535399,0.9996776792908959,-0.00024174053182917098
46716,38.930648844147406,0.9991941982272361,560,681,1241,0.0016116035455278066,0.0008333472224535399,0.9995970991136195,-8.058017727639034e-05
46717,38.93148219136986,1.0,560,681,1241,0.0008058017727639033,0.0008333472224535399,0.9995970991136195,0.0
46718,38.93231553859231,1.0,560,681,1241,0.0,0.0008333472224535399,0.9995970991136195,0.0
46719,38.93314888581477,1.0,560,681,1241,0.0,0.0008333472224535399,0.9995970991136195,0.0
46720,38.93398223303722,1.0,560,681,1241,0.0,0.0008333472224535399,0.9995970991136195,0.0
46721,38.934815580259674,1.0,560,681,1241,0.0,0.0008333472224535399,0.9995970991136195,0.0
46722,38.93564892748213,1.0,560,681,1241,0.0,0.0008333472224535399,0.9995970991136195,0.0
46723,38.93648227470458,1.0,560,681,1241,0.0,0.0008333472224535399,0.9995970991136195,0.0
46724,38.937315621927034,0.9991941982272361,560,681,1241,-0.0008058017727639033,0.0008333472224535399,0.9995970991136195,0.0
46725,38.93814896914949,1.0,560,681,1241,0.0008058017727639033,0.0008333472224535399,0.9998388396454487,0.00024174053182917098
46726,38.93898231637194,1.0,560,681,1241,0.0,0.0008333472224535399,0.999919419822725,8.058017727639034e-05
46727,38.939815663594395,1.0,560,681,1241,0.0,0.0008333472224535399,0.999919419822725,0.0
46728,38.94064901081685,1.0,560,681,1241,0.0,0.0008333472224535399,0.999919419822725,0.0
46729,38.9414823580393,0.9991941982272361,560,681,1241,-0.0008058017727639033,0.0008333472224535399,0.9998388396454487,-8.058017727639034e-05
46730,38.942315705261755,0.9983883964544722,560,681,1241,-0.0008058017727639033,0.0008333472224535399,0.999677679290896,-0.00016116035455278067
46731,38.94314905248421,0.9991941982272361,560,681,1241,0.0008058017727639033,0.0008333472224535399,0.9995970991136197,-8.058017727639034e-05
46732,38.94398239970666,0.9991941982272361,560,681,1241,0.0,0.0008333472224535399,0.9995165189363433,-8.058017727639034e-05
46733,38.944815746929116,0.9991941982272361,560,681,1241,0.0,0.0008333472224535399,0.999435938759067,-8.058017727639034e-05
46734,38.94564909415157,0.9991941982272361,560,681,1241,0.0,0.0008333472224535399,0.999435938759067,0.0
46735,38.94648244137402,0.9991941982272361,560,681,1241,0.0,0.0008333472224535399,0.9993553585817907,-8.058017727639034e-05
46736,38.94731578859648,0.9991941982272361,560,681,1241,0.0,0.0008333472224535399,0.9992747784045143,-8.058017727639034e-05
46737,38.94814913581893,0.9983883964544722,560,681,1241,-0.0008058017727639033,0.0008333472224535399,0.9991136180499616,-0.00016116035455278067
46738,38.948982483041384,0.9991941982272361,560,681,1241,0.0008058017727639033,0.0008333472224535399,0.9990330378726853,-8.058017727639034e-05
46739,38.94981583026384,0.9991941982272361,560,681,1241,0.0,0.0008333472224535399,0.9990330378726853,0.0
46740,38.95064917748629,0.9991941982272361,560,681,1241,0.0,0.0008333472224535399,0.9991136180499616,8.058017727639034e-05
46741,38.951482524708744,1.0,560,681,1241,0.0008058017727639033,0.0008333472224535399,0.999194198227238,8.058017727639034e-05
46742,38.9523158719312,1.0,560,681,1241,0.0,0.0008333472224535399,0.9992747784045143,8.058017727639034e-05
46743,38.95314921915365,1.0,560,681,1241,0.0,0.0008333472224535399,0.9993553585817907,8.058017727639034e-05
46744,38.953982566376105,0.9991941982272361,560,681,1241,-0.0008058017727639033,0.0008333472224535399,0.9993553585817907,0.0
46745,38.95481591359856,0.9991941982272361,560,681,1241,0.0,0.0008333472224535399,0.9993553585817907,0.0
46746,38.95564926082101,0.9991941982272361,560,681,1241,0.0,0.0008333472224535399,0.9993553585817907,0.0
46747,38.956482608043466,0.9991941982272361,560,681,1241,0.0,0.0008333472224535399,0.999435938759067,8.058017727639034e-05
46748,38.957315955265926,0.9991941982272361,560,681,1241,0.0,0.0008333472224606453,0.999435938759067,0.0
46749,38.95814930248838,0.9991941982272361,560,681,1241,0.0,0.0008333472224535399,0.999435938759067,0.0
46750,38.95898264971083,1.0,560,681,1241,0.0008058017727639033,0.0008333472224535399,0.9995165189363433,8.058017727639034e-05
46751,38.95981599693329,1.0,560,681,1241,0.0,0.0008333472224535399,0.9995165189363433,0.0
46752,38.96064934415574,1.0,560,681,1241,0.0,0.0008333472224535399,0.9995165189363433,0.0
46753,38.961482691378194,1.0,560,681,1241,0.0,0.0008333472224535399,0.9995165189363433,0.0
46754,38.96231603860065,1.0,560,681,1241,0.0,0.0008333472224535399,0.9995970991136197,8.058017727639034e-05
46755,38.9631493858231,1.0,560,681,1241,0.0,0.0008333472224535399,0.999677679290896,8.058017727639034e-05
46756,38.963982733045555,1.0,560,681,1241,0.0,0.0008333472224535399,0.9997582594681724,8.058017727639034e-05
46757,38.96481608026801,1.0,560,681,1241,0.0,0.0008333472224535399,0.9998388396454487,8.058017727639034e-05
46758,38.96564942749046,1.0,560,681,1241,0.0,0.0008333472224535399,0.999919419822725,8.058017727639034e-05
46759,38.966482774712915,0.9991941982272361,560,681,1241,-0.0008058017727639033,0.0008333472224535399,0.999919419822725,0.0
46760,38.96731612193537,1.0,560,681,1241,0.0008058017727639033,0.0008333472224535399,0.999919419822725,0.0
46761,38.96814946915782,1.0,560,681,1241,0.0,0.0008333472224535399,0.999919419822725,0.0
46762,38.968982816380276,1.0,560,681,1241,0.0,0.0008333472224535399,0.999919419822725,0.0
46763,38.96981616360273,0.9991941982272361,560,681,1241,-0.0008058017727639033,0.0008333472224535399,0.9998388396454487,-8.058017727639034e-05
46764,38.97064951082518,0.9991941982272361,560,681,1241,0.0,0.0008333472224535399,0.9997582594681724,-8.058017727639034e-05
46765,38.97148285804764,1.0,560,681,1241,0.0008058017727639033,0.0008333472224535399,0.9997582594681724,0.0
46766,38.97231620527009,1.0,560,681,1241,0.0,0.0008333472224535399,0.9997582594681724,0.0
46767,38.97314955249254,1.0,560,681,1241,0.0,0.0008333472224535399,0.9997582594681724,0.0
46768,38.973982899715,1.0,560,681,1241,0.0,0.0008333472224535399,0.9997582594681724,0.0
46769,38.97481624693745,1.0,560,681,1241,0.0,0.0008333472224535399,0.9998388396454487,8.058017727639034e-05
46770,38.975649594159904,1.0,560,681,1241,0.0,0.0008333472224535399,0.9998388396454487,0.0
46771,38.97648294138236,1.0,560,681,1241,0.0,0.0008333472224535399,0.9998388396454487,0.0
46772,38.97731628860481,1.0,560,681,1241,0.0,0.0008333472224535399,0.9998388396454487,0.0
46773,38.978149635827265,1.0,560,681,1241,0.0,0.0008333472224535399,0.999919419822725,8.058017727639034e-05
46774,38.97898298304972,1.0,560,681,1241,0.0,0.0008333472224535399,1.0000000000000013,8.058017727639034e-05
46775,38.97981633027217,1.0,560,681,1241,0.0,0.0008333472224535399,1.0000000000000013,0.0
46776,38.980649677494625,1.0,560,681,1241,0.0,0.0008333472224535399,1.0000000000000013,0.0
46777,38.98148302471708,1.0,560,681,1241,0.0,0.0008333472224535399,1.0000000000000013,0.0
46778,38.98231637193953,1.0,560,681,1241,0.0,0.0008333472224535399,1.0000000000000013,0.0
46779,38.983149719161986,1.0,560,681,1241,0.0,0.0008333472224535399,1.0000000000000013,0.0
46780,38.98398306638444,1.0,560,681,1241,0.0,0.0008333472224535399,1.0000000000000013,0.0
46781,38.98481641360689,1.0,560,681,1241,0.0,0.0008333472224535399,1.0000000000000013,0.0
46782,38.98564976082935,1.0,560,681,1241,0.0,0.0008333472224535399,1.0000000000000013,0.0
46783,38.9864831080518,1.0,560,681,1241,0.0,0.0008333472224535399,1.0000000000000013,0.0
46784,38.987316455274254,1.0,560,681,1241,0.0,0.0008333472224535399,1.0000000000000013,0.0
46785,38.98814980249671,1.0,560,681,1241,0.0,0.0008333472224535399,1.0000000000000013,0.0
46786,38.98898314971916,1.0,560,681,1241,0.0,0.0008333472224535399,1.0000000000000013,0.0
46787,38.989816496941614,1.0,560,681,1241,0.0,0.0008333472224535399,1.0000000000000013,0.0
46788,38.99064984416407,1.0,560,681,1241,0.0,0.0008333472224535399,1.0000000000000013,0.0
46789,38.99148319138652,1.0,560,681,1241,0.0,0.0008333472224535399,1.0000000000000013,0.0
46790,38.992316538608975,1.0,560,681,1241,0.0,0.0008333472224535399,1.0000000000000013,0.0
46791,38.993149885831436,1.0,560,681,1241,0.0,0.0008333472224606453,1.0000000000000013,0.0
46792,38.99398323305389,1.0,560,681,1241,0.0,0.0008333472224535399,1.0000000000000013,0.0
46793,38.99481658027634,1.0,560,681,1241,0.0,0.0008333472224535399,1.0000000000000013,0.0
46794,38.995649927498796,1.0,560,681,1241,0.0,0.0008333472224535399,1.0000000000000013,0.0
46795,38.99648327472125,1.0,560,681,1241,0.0,0.0008333472224535399,1.0000000000000013,0.0
46796,38.9973166219437,1.0,560,681,1241,0.0,0.0008333472224535399,1.0000000000000013,0.0
46797,38.99814996916616,1.0,560,681,1241,0.0,0.0008333472224535399,1.0000000000000013,0.0
46798,38.99898331638861,1.0,560,681,1241,0.0,0.0008333472224535399,1.0000000000000013,0.0
46799,38.999816663611064,1.0,560,681,1241,0.0,0.0008333472224535399,1.0000000000000013,0.0
46800,39.00065001083352,1.0,560,681,1241,0.0,0.0008333472224535399,1.0000000000000013,0.0
46801,39.00148335805597,1.0,560,681,1241,0.0,0.0008333472224535399,1.0000000000000013,0.0
46802,39.002316705278425,1.0,560,681,1241,0.0,0.0008333472224535399,1.0000000000000013,0.0
46803,39.00315005250088,1.0,560,681,1241,0.0,0.0008333472224535399,1.0000000000000013,0.0
46804,39.00398339972333,1.0,560,681,1241,0.0,0.0008333472224535399,1.0000000000000013,0.0
46805,39.004816746945785,1.0,560,681,1241,0.0,0.0008333472224535399,1.0000000000000013,0.0
46806,39.00565009416824,1.0,560,681,1241,0.0,0.0008333472224535399,1.0000000000000013,0.0
46807,39.00648344139069,1.0,560,681,1241,0.0,0.0008333472224535399,1.0000000000000013,0.0
46808,39.007316788613146,1.0,560,681,1241,0.0,0.0008333472224535399,1.0000000000000013,0.0
46809,39.0081501358356,1.0,560,681,1241,0.0,0.0008333472224535399,1.0000000000000013,0.0
46810,39.00898348305805,1.0,560,681,1241,0.0,0.0008333472224535399,1.0000000000000013,0.0
46811,39.009816830280506,1.0,560,681,1241,0.0,0.0008333472224535399,1.0000000000000013,0.0
46812,39.01065017750296,1.0,560,681,1241,0.0,0.0008333472224535399,1.0000000000000013,0.0
46813,39.01148352472541,1.0,560,681,1241,0.0,0.0008333472224535399,1.0000000000000013,0.0
46814,39.01231687194787,1.0,560,681,1241,0.0,0.0008333472224535399,1.0000000000000013,0.0
46815,39.01315021917032,1.0,560,681,1241,0.0,0.0008333472224535399,1.0000000000000013,0.0
46816,39.013983566392774,0.9991941982272361,560,681,1241,-0.0008058017727639033,0.0008333472224535399,0.999919419822725,-8.058017727639034e-05
46817,39.01481691361523,1.0,560,681,1241,0.0008058017727639033,0.0008333472224535399,0.999919419822725,0.0
46818,39.01565026083768,1.0,560,681,1241,0.0,0.0008333472224535399,0.999919419822725,0.0
46819,39.016483608060135,1.0,560,681,1241,0.0,0.0008333472224535399,0.999919419822725,0.0
46820,39.01731695528259,1.0,560,681,1241,0.0,0.0008333472224535399,0.999919419822725,0.0
46821,39.01815030250504,1.0,560,681,1241,0.0,0.0008333472224535399,0.999919419822725,0.0
46822,39.018983649727495,1.0,560,681,1241,0.0,0.0008333472224535399,0.999919419822725,0.0
46823,39.01981699694995,1.0,560,681,1241,0.0,0.0008333472224535399,0.999919419822725,0.0
46824,39.0206503441724,1.0,560,681,1241,0.0,0.0008333472224535399,0.999919419822725,0.0
46825,39.021483691394856,1.0,560,681,1241,0.0,0.0008333472224535399,0.999919419822725,0.0
46826,39.02231703861731,1.0,560,681,1241,0.0,0.0008333472224535399,1.0000000000000013,8.058017727639034e-05
46827,39.02315038583976,1.0,560,681,1241,0.0,0.0008333472224535399,1.0000000000000013,0.0
46828,39.02398373306222,1.0,560,681,1241,0.0,0.0008333472224535399,1.0000000000000013,0.0
46829,39.02481708028467,1.0,560,681,1241,0.0,0.0008333472224535399,1.0000000000000013,0.0
46830,39.025650427507124,1.0,560,681,1241,0.0,0.0008333472224535399,1.0000000000000013,0.0
46831,39.02648377472958,1.0,560,681,1241,0.0,0.0008333472224535399,1.0000000000000013,0.0
46832,39.02731712195203,1.0,560,681,1241,0.0,0.0008333472224535399,1.0000000000000013,0.0
46833,39.02815046917449,0.9991941982272361,560,681,1241,-0.0008058017727639033,0.0008333472224606453,0.999919419822725,-8.058017727639034e-05
46834,39.028983816396945,0.9991941982272361,560,681,1241,0.0,0.0008333472224535399,0.9998388396454487,-8.058017727639034e-05
46835,39.0298171636194,0.9991941982272361,560,681,1241,0.0,0.0008333472224535399,0.9997582594681724,-8.058017727639034e-05
46836,39.03065051084185,1.0,560,681,1241,0.0008058017727639033,0.0008333472224535399,0.9997582594681724,0.0
46837,39.031483858064306,1.0,560,681,1241,0.0,0.0008333472224535399,0.9997582594681724,0.0
46838,39.03231720528676,1.0,560,681,1241,0.0,0.0008333472224535399,0.9997582594681724,0.0
46839,39.03315055250921,1.0,560,681,1241,0.0,0.0008333472224535399,0.9997582594681724,0.0
46840,39.033983899731666,1.0,560,681,1241,0.0,0.0008333472224535399,0.9997582594681724,0.0
46841,39.03481724695412,1.0,560,681,1241,0.0,0.0008333472224535399,0.9997582594681724,0.0
46842,39.03565059417657,1.0,560,681,1241,0.0,0.0008333472224535399,0.9997582594681724,0.0
46843,39.03648394139903,1.0,560,681,1241,0.0,0.0008333472224535399,0.9998388396454487,8.058017727639034e-05
46844,39.03731728862148,1.0,560,681,1241,0.0,0.0008333472224535399,0.999919419822725,8.058017727639034e-05
46845,39.038150635843934,1.0,560,681,1241,0.0,0.0008333472224535399,1.0000000000000013,8.058017727639034e-05
46846,39.03898398306639,1.0,560,681,1241,0.0,0.0008333472224535399,1.0000000000000013,0.0
46847,39.03981733028884,0.9991941982272361,560,681,1241,-0.0008058017727639033,0.0008333472224535399,0.999919419822725,-8.058017727639034e-05
46848,39.040650677511294,0.9991941982272361,560,681,1241,0.0,0.0008333472224535399,0.9998388396454487,-8.058017727639034e-05
46849,39.04148402473375,0.9991941982272361,560,681,1241,0.0,0.0008333472224535399,0.9997582594681724,-8.058017727639034e-05
46850,39.0423173719562,1.0,560,681,1241,0.0008058017727639033,0.0008333472224535399,0.9997582594681724,0.0
46851,39.043150719178655,1.0,560,681,1241,0.0,0.0008333472224535399,0.9997582594681724,0.0
46852,39.04398406640111,1.0,560,681,1241,0.0,0.0008333472224535399,0.9997582594681724,0.0
46853,39.04481741362356,1.0,560,681,1241,0.0,0.0008333472224535399,0.9997582594681724,0.0
46854,39.045650760846016,1.0,560,681,1241,0.0,0.0008333472224535399,0.9997582594681724,0.0
46855,39.04648410806847,1.0,560,681,1241,0.0,0.0008333472224535399,0.9997582594681724,0.0
46856,39.04731745529092,1.0,560,681,1241,0.0,0.0008333472224535399,0.9997582594681724,0.0
46857,39.048150802513376,1.0,560,681,1241,0.0,0.0008333472224535399,0.9998388396454487,8.058017727639034e-05
46858,39.04898414973583,1.0,560,681,1241,0.0,0.0008333472224535399,0.999919419822725,8.058017727639034e-05
46859,39.04981749695828,1.0,560,681,1241,0.0,0.0008333472224535399,1.0000000000000013,8.058017727639034e-05
46860,39.05065084418074,1.0,560,681,1241,0.0,0.0008333472224535399,1.0000000000000013,0.0
46861,39.05148419140319,1.0,560,681,1241,0.0,0.0008333472224535399,1.0000000000000013,0.0
46862,39.052317538625644,1.0,560,681,1241,0.0,0.0008333472224535399,1.0000000000000013,0.0
46863,39.0531508858481,1.0,560,681,1241,0.0,0.0008333472224535399,1.0000000000000013,0.0
46864,39.05398423307055,1.0,560,681,1241,0.0,0.0008333472224535399,1.0000000000000013,0.0
46865,39.054817580293005,1.0,560,681,1241,0.0,0.0008333472224535399,1.0000000000000013,0.0
46866,39.05565092751546,1.0,560,681,1241,0.0,0.0008333472224535399,1.0000000000000013,0.0
46867,39.05648427473791,1.0,560,681,1241,0.0,0.0008333472224535399,1.0000000000000013,0.0
46868,39.057317621960365,1.0,560,681,1241,0.0,0.0008333472224535399,1.0000000000000013,0.0
46869,39.05815096918282,0.9991941982272361,560,681,1241,-0.0008058017727639033,0.0008333472224535399,0.999919419822725,-8.058017727639034e-05
46870,39.05898431640527,1.0,560,681,1241,0.0008058017727639033,0.0008333472224535399,0.999919419822725,0.0
46871,39.059817663627726,1.0,560,681,1241,0.0,0.0008333472224535399,0.999919419822725,0.0
46872,39.06065101085018,1.0,560,681,1241,0.0,0.0008333472224535399,0.999919419822725,0.0
46873,39.06148435807263,1.0,560,681,1241,0.0,0.0008333472224535399,0.999919419822725,0.0
46874,39.06231770529509,1.0,560,681,1241,0.0,0.0008333472224535399,0.999919419822725,0.0
46875,39.06315105251755,1.0,560,681,1241,0.0,0.0008333472224606453,0.999919419822725,0.0
46876,39.06398439974,1.0,560,681,1241,0.0,0.0008333472224535399,0.999919419822725,0.0
46877,39.064817746962454,1.0,560,681,1241,0.0,0.0008333472224535399,0.999919419822725,0.0
46878,39.06565109418491,1.0,560,681,1241,0.0,0.0008333472224535399,0.999919419822725,0.0
46879,39.06648444140736,1.0,560,681,1241,0.0,0.0008333472224535399,1.0000000000000013,8.058017727639034e-05
46880,39.067317788629815,1.0,560,681,1241,0.0,0.0008333472224535399,1.0000000000000013,0.0
46881,39.06815113585227,1.0,560,681,1241,0.0,0.0008333472224535399,1.0000000000000013,0.0
46882,39.06898448307472,1.0,560,681,1241,0.0,0.0008333472224535399,1.0000000000000013,0.0
46883,39.069817830297175,1.0,560,681,1241,0.0,0.0008333472224535399,1.0000000000000013,0.0
46884,39.07065117751963,1.0,560,681,1241,0.0,0.0008333472224535399,1.0000000000000013,0.0
46885,39.07148452474208,1.0,560,681,1241,0.0,0.0008333472224535399,1.0000000000000013,0.0
46886,39.072317871964536,1.0,560,681,1241,0.0,0.0008333472224535399,1.0000000000000013,0.0
46887,39.07315121918699,1.0,560,681,1241,0.0,0.0008333472224535399,1.0000000000000013,0.0
46888,39.07398456640944,0.9991941982272361,560,681,1241,-0.0008058017727639033,0.0008333472224535399,0.999919419822725,-8.058017727639034e-05
46889,39.0748179136319,0.9991941982272361,560,681,1241,0.0,0.0008333472224535399,0.9998388396454487,-8.058017727639034e-05
46890,39.07565126085435,0.9991941982272361,560,681,1241,0.0,0.0008333472224535399,0.9997582594681724,-8.058017727639034e-05
46891,39.076484608076804,0.9991941982272361,560,681,1241,0.0,0.0008333472224535399,0.999677679290896,-8.058017727639034e-05
46892,39.07731795529926,1.0,560,681,1241,0.0008058017727639033,0.0008333472224535399,0.999677679290896,0.0
46893,39.07815130252171,1.0,560,681,1241,0.0,0.0008333472224535399,0.999677679290896,0.0
46894,39.078984649744164,0.9991941982272361,560,681,1241,-0.0008058017727639033,0.0008333472224535399,0.9995970991136197,-8.058017727639034e-05
46895,39.07981799696662,0.9991941982272361,560,681,1241,0.0,0.0008333472224535399,0.9995165189363433,-8.058017727639034e-05
46896,39.08065134418907,0.9991941982272361,560,681,1241,0.0,0.0008333472224535399,0.999435938759067,-8.058017727639034e-05
46897,39.081484691411525,1.0,560,681,1241,0.0008058017727639033,0.0008333472224535399,0.999435938759067,0.0
46898,39.08231803863398,1.0,560,681,1241,0.0,0.0008333472224535399,0.9995165189363433,8.058017727639034e-05
46899,39.08315138585643,1.0,560,681,1241,0.0,0.0008333472224535399,0.9995970991136197,8.058017727639034e-05
46900,39.083984733078886,1.0,560,681,1241,0.0,0.0008333472224535399,0.999677679290896,8.058017727639034e-05
46901,39.08481808030134,1.0,560,681,1241,0.0,0.0008333472224535399,0.9997582594681724,8.058017727639034e-05
46902,39.08565142752379,1.0,560,681,1241,0.0,0.0008333472224535399,0.9997582594681724,0.0
46903,39.086484774746246,1.0,560,681,1241,0.0,0.0008333472224535399,0.9997582594681724,0.0
46904,39.0873181219687,1.0,560,681,1241,0.0,0.0008333472224535399,0.9998388396454487,8.058017727639034e-05
46905,39.08815146919115,1.0,560,681,1241,0.0,0.0008333472224535399,0.999919419822725,8.058017727639034e-05
46906,39.08898481641361,1.0,560,681,1241,0.0,0.0008333472224535399,1.0000000000000013,8.058017727639034e-05
46907,39.08981816363606,1.0,560,681,1241,0.0,0.0008333472224535399,1.0000000000000013,0.0
46908,39.090651510858514,1.0,560,681,1241,0.0,0.0008333472224535399,1.0000000000000013,0.0
46909,39.09148485808097,1.0,560,681,1241,0.0,0.0008333472224535399,1.0000000000000013,0.0
46910,39.09231820530342,1.0,560,681,1241,0.0,0.0008333472224535399,1.0000000000000013,0.0
46911,39.093151552525875,1.0,560,681,1241,0.0,0.0008333472224535399,1.0000000000000013,0.0
46912,39.09398489974833,1.0,560,681,1241,0.0,0.0008333472224535399,1.0000000000000013,0.0
46913,39.09481824697078,1.0,560,681,1241,0.0,0.0008333472224535399,1.0000000000000013,0.0
46914,39.095651594193235,1.0,560,681,1241,0.0,0.0008333472224535399,1.0000000000000013,0.0
46915,39.09648494141569,1.0,560,681,1241,0.0,0.0008333472224535399,1.0000000000000013,0.0
46916,39.09731828863814,1.0,560,681,1241,0.0,0.0008333472224535399,1.0000000000000013,0.0
46917,39.098151635860596,1.0,560,681,1241,0.0,0.0008333472224535399,1.0000000000000013,0.0
46918,39.09898498308306,1.0,560,681,1241,0.0,0.0008333472224606453,1.0000000000000013,0.0
46919,39.09981833030551,1.0,560,681,1241,0.0,0.0008333472224535399,1.0000000000000013,0.0
46920,39.100651677527964,1.0,560,681,1241,0.0,0.0008333472224535399,1.0000000000000013,0.0
46921,39.10148502475042,1.0,560,681,1241,0.0,0.0008333472224535399,1.0000000000000013,0.0
46922,39.10231837197287,1.0,560,681,1241,0.0,0.0008333472224535399,1.0000000000000013,0.0
46923,39.103151719195324,1.0,560,681,1241,0.0,0.0008333472224535399,1.0000000000000013,0.0
46924,39.10398506641778,1.0,560,681,1241,0.0,0.0008333472224535399,1.0000000000000013,0.0
46925,39.10481841364023,1.0,560,681,1241,0.0,0.0008333472224535399,1.0000000000000013,0.0
46926,39.105651760862685,1.0,560,681,1241,0.0,0.0008333472224535399,1.0000000000000013,0.0
46927,39.10648510808514,1.0,560,681,1241,0.0,0.0008333472224535399,1.0000000000000013,0.0
46928,39.10731845530759,0.9991941982272361,560,681,1241,-0.0008058017727639033,0.0008333472224535399,0.999919419822725,-8.058017727639034e-05
46929,39.108151802530045,1.0,560,681,1241,0.0008058017727639033,0.0008333472224535399,0.999919419822725,0.0
46930,39.1089851497525,1.0,560,681,1241,0.0,0.0008333472224535399,0.999919419822725,0.0
46931,39.10981849697495,1.0,560,681,1241,0.0,0.0008333472224535399,0.999919419822725,0.0
46932,39.110651844197406,1.0,560,681,1241,0.0,0.0008333472224535399,0.999919419822725,0.0
46933,39.11148519141986,1.0,560,681,1241,0.0,0.0008333472224535399,0.999919419822725,0.0
46934,39.11231853864231,1.0,560,681,1241,0.0,0.0008333472224535399,0.999919419822725,0.0
46935,39.11315188586477,1.0,560,681,1241,0.0,0.0008333472224535399,0.999919419822725,0.0
46936,39.11398523308722,1.0,560,681,1241,0.0,0.0008333472224535399,0.999919419822725,0.0
46937,39.114818580309674,1.0,560,681,1241,0.0,0.0008333472224535399,0.999919419822725,0.0
46938,39.11565192753213,1.0,560,681,1241,0.0,0.0008333472224535399,1.0000000000000013,8.058017727639034e-05
46939,39.11648527475458,1.0,560,681,1241,0.0,0.0008333472224535399,1.0000000000000013,0.0
46940,39.117318621977034,1.0,560,681,1241,0.0,0.0008333472224535399,1.0000000000000013,0.0
46941,39.11815196919949,1.0,560,681,1241,0.0,0.0008333472224535399,1.0000000000000013,0.0
46942,39.11898531642194,1.0,560,681,1241,0.0,0.0008333472224535399,1.0000000000000013,0.0
46943,39.119818663644395,1.0,560,681,1241,0.0,0.0008333472224535399,1.0000000000000013,0.0
46944,39.12065201086685,1.0,560,681,1241,0.0,0.0008333472224535399,1.0000000000000013,0.0
46945,39.1214853580893,1.0,560,681,1241,0.0,0.0008333472224535399,1.0000000000000013,0.0
46946,39.122318705311756,0.9991941982272361,560,681,1241,-0.0008058017727639033,0.0008333472224535399,0.999919419822725,-8.058017727639034e-05
46947,39.12315205253421,1.0,560,681,1241,0.0008058017727639033,0.0008333472224535399,0.999919419822725,0.0
46948,39.12398539975666,1.0,560,681,1241,0.0,0.0008333472224535399,0.999919419822725,0.0
46949,39.124818746979116,1.0,560,681,1241,0.0,0.0008333472224535399,0.999919419822725,0.0
46950,39.12565209420157,1.0,560,681,1241,0.0,0.0008333472224535399,0.999919419822725,0.0
46951,39.12648544142402,1.0,560,681,1241,0.0,0.0008333472224535399,0.999919419822725,0.0
46952,39.12731878864648,1.0,560,681,1241,0.0,0.0008333472224535399,0.999919419822725,0.0
46953,39.12815213586893,1.0,560,681,1241,0.0,0.0008333472224535399,0.999919419822725,0.0
46954,39.128985483091384,1.0,560,681,1241,0.0,0.0008333472224535399,0.999919419822725,0.0
46955,39.12981883031384,1.0,560,681,1241,0.0,0.0008333472224535399,0.999919419822725,0.0
46956,39.13065217753629,1.0,560,681,1241,0.0,0.0008333472224535399,1.0000000000000013,8.058017727639034e-05
46957,39.131485524758745,1.0,560,681,1241,0.0,0.0008333472224535399,1.0000000000000013,0.0
46958,39.1323188719812,1.0,560,681,1241,0.0,0.0008333472224535399,1.0000000000000013,0.0
46959,39.13315221920365,1.0,560,681,1241,0.0,0.0008333472224535399,1.0000000000000013,0.0
46960,39.13398556642611,1.0,560,681,1241,0.0,0.0008333472224606453,1.0000000000000013,0.0
46961,39.134818913648566,1.0,560,681,1241,0.0,0.0008333472224535399,1.0000000000000013,0.0
46962,39.13565226087102,1.0,560,681,1241,0.0,0.0008333472224535399,1.0000000000000013,0.0
46963,39.13648560809347,1.0,560,681,1241,0.0,0.0008333472224535399,1.0000000000000013,0.0
46964,39.137318955315926,0.9991941982272361,560,681,1241,-0.0008058017727639033,0.0008333472224535399,0.999919419822725,-8.058017727639034e-05
46965,39.13815230253838,0.9991941982272361,560,681,1241,0.0,0.0008333472224535399,0.9998388396454487,-8.058017727639034e-05
46966,39.13898564976083,0.9991941982272361,560,681,1241,0.0,0.0008333472224535399,0.9997582594681724,-8.058017727639034e-05
46967,39.13981899698329,1.0,560,681,1241,0.0008058017727639033,0.0008333472224535399,0.9997582594681724,0.0
46968,39.14065234420574,1.0,560,681,1241,0.0,0.0008333472224535399,0.9997582594681724,0.0
46969,39.141485691428194,1.0,560,681,1241,0.0,0.0008333472224535399,0.9997582594681724,0.0
46970,39.14231903865065,1.0,560,681,1241,0.0,0.0008333472224535399,0.9997582594681724,0.0
46971,39.1431523858731,0.9991941982272361,560,681,1241,-0.0008058017727639033,0.0008333472224535399,0.999677679290896,-8.058017727639034e-05
46972,39.143985733095555,0.9991941982272361,560,681,1241,0.0,0.0008333472224535399,0.9995970991136197,-8.058017727639034e-05
46973,39.14481908031801,1.0,560,681,1241,0.0008058017727639033,0.0008333472224535399,0.9995970991136197,0.0
46974,39.14565242754046,0.9991941982272361,560,681,1241,-0.0008058017727639033,0.0008333472224535399,0.9995970991136197,0.0
46975,39.146485774762915,1.0,560,681,1241,0.0008058017727639033,0.0008333472224535399,0.999677679290896,8.058017727639034e-05
46976,39.14731912198537,1.0,560,681,1241,0.0,0.0008333472224535399,0.9997582594681724,8.058017727639034e-05
46977,39.14815246920782,1.0,560,681,1241,0.0,0.0008333472224535399,0.9997582594681724,0.0
46978,39.148985816430276,1.0,560,681,1241,0.0,0.0008333472224535399,0.9997582594681724,0.0
46979,39.14981916365273,1.0,560,681,1241,0.0,0.0008333472224535399,0.9997582594681724,0.0
46980,39.15065251087518,1.0,560,681,1241,0.0,0.0008333472224535399,0.9997582594681724,0.0
46981,39.15148585809764,1.0,560,681,1241,0.0,0.0008333472224535399,0.9998388396454487,8.058017727639034e-05
46982,39.15231920532009,1.0,560,681,1241,0.0,0.0008333472224535399,0.999919419822725,8.058017727639034e-05
46983,39.153152552542544,1.0,560,681,1241,0.0,0.0008333472224535399,0.999919419822725,0.0
46984,39.153985899765,1.0,560,681,1241,0.0,0.0008333472224535399,1.0000000000000013,8.058017727639034e-05
46985,39.15481924698745,1.0,560,681,1241,0.0,0.0008333472224535399,1.0000000000000013,0.0
46986,39.155652594209904,1.0,560,681,1241,0.0,0.0008333472224535399,1.0000000000000013,0.0
46987,39.15648594143236,1.0,560,681,1241,0.0,0.0008333472224535399,1.0000000000000013,0.0
46988,39.15731928865481,1.0,560,681,1241,0.0,0.0008333472224535399,1.0000000000000013,0.0
46989,39.158152635877265,1.0,560,681,1241,0.0,0.0008333472224535399,1.0000000000000013,0.0
46990,39.15898598309972,1.0,560,681,1241,0.0,0.0008333472224535399,1.0000000000000013,0.0
46991,39.15981933032217,1.0,560,681,1241,0.0,0.0008333472224535399,1.0000000000000013,0.0
46992,39.160652677544626,1.0,560,681,1241,0.0,0.0008333472224535399,1.0000000000000013,0.0
46993,39.16148602476708,1.0,560,681,1241,0.0,0.0008333472224535399,1.0000000000000013,0.0
46994,39.16231937198953,1.0,560,681,1241,0.0,0.0008333472224535399,1.0000000000000013,0.0
46995,39.163152719211986,1.0,560,681,1241,0.0,0.0008333472224535399,1.0000000000000013,0.0
46996,39.16398606643444,1.0,560,681,1241,0.0,0.0008333472224535399,1.0000000000000013,0.0
46997,39.16481941365689,1.0,560,681,1241,0.0,0.0008333472224535399,1.0000000000000013,0.0
46998,39.16565276087935,1.0,560,681,1241,0.0,0.0008333472224535399,1.0000000000000013,0.0
46999,39.1664861081018,1.0,560,681,1241,0.0,0.0008333472224535399,1.0000000000000013,0.0
47000,39.167319455324254,1.0,560,681,1241,0.0,0.0008333472224535399,1.0000000000000013,0.0
47001,39.16815280254671,0.9991941982272361,560,681,1241,-0.0008058017727639033,0.0008333472224535399,0.999919419822725,-8.058017727639034e-05
47002,39.16898614976916,1.0,560,681,1241,0.0008058017727639033,0.0008333472224535399,0.999919419822725,0.0
47003,39.16981949699162,1.0,560,681,1241,0.0,0.0008333472224606453,0.999919419822725,0.0
47004,39.170652844214075,1.0,560,681,1241,0.0,0.0008333472224535399,0.999919419822725,0.0
47005,39.17148619143653,1.0,560,681,1241,0.0,0.0008333472224535399,0.999919419822725,0.0
47006,39.17231953865898,1.0,560,681,1241,0.0,0.0008333472224535399,0.999919419822725,0.0
47007,39.173152885881436,1.0,560,681,1241,0.0,0.0008333472224535399,0.999919419822725,0.0
47008,39.17398623310389,1.0,560,681,1241,0.0,0.0008333472224535399,0.999919419822725,0.0
47009,39.17481958032634,1.0,560,681,1241,0.0,0.0008333472224535399,0.999919419822725,0.0
47010,39.175652927548796,1.0,560,681,1241,0.0,0.0008333472224535399,0.999919419822725,0.0
47011,39.17648627477125,1.0,560,681,1241,0.0,0.0008333472224535399,1.0000000000000013,8.058017727639034e-05
47012,39.1773196219937,1.0,560,681,1241,0.0,0.0008333472224535399,1.0000000000000013,0.0
47013,39.17815296921616,1.0,560,681,1241,0.0,0.0008333472224535399,1.0000000000000013,0.0
47014,39.17898631643861,1.0,560,681,1241,0.0,0.0008333472224535399,1.0000000000000013,0.0
47015,39.179819663661064,1.0,560,681,1241,0.0,0.0008333472224535399,1.0000000000000013,0.0
47016,39.18065301088352,1.0,560,681,1241,0.0,0.0008333472224535399,1.0000000000000013,0.0
47017,39.18148635810597,1.0,560,681,1241,0.0,0.0008333472224535399,1.0000000000000013,0.0
47018,39.182319705328425,1.0,560,681,1241,0.0,0.0008333472224535399,1.0000000000000013,0.0
47019,39.18315305255088,1.0,560,681,1241,0.0,0.0008333472224535399,1.0000000000000013,0.0
47020,39.18398639977333,0.9991941982272361,560,681,1241,-0.0008058017727639033,0.0008333472224535399,0.999919419822725,-8.058017727639034e-05
47021,39.184819746995785,0.9991941982272361,560,681,1241,0.0,0.0008333472224535399,0.9998388396454487,-8.058017727639034e-05
47022,39.18565309421824,1.0,560,681,1241,0.0008058017727639033,0.0008333472224535399,0.9998388396454487,0.0
47023,39.18648644144069,1.0,560,681,1241,0.0,0.0008333472224535399,0.9998388396454487,0.0
47024,39.187319788663146,1.0,560,681,1241,0.0,0.0008333472224535399,0.9998388396454487,0.0
47025,39.1881531358856,1.0,560,681,1241,0.0,0.0008333472224535399,0.9998388396454487,0.0
47026,39.18898648310805,1.0,560,681,1241,0.0,0.0008333472224535399,0.9998388396454487,0.0
47027,39.18981983033051,1.0,560,681,1241,0.0,0.0008333472224535399,0.9998388396454487,0.0
47028,39.19065317755296,1.0,560,681,1241,0.0,0.0008333472224535399,0.9998388396454487,0.0
47029,39.191486524775414,1.0,560,681,1241,0.0,0.0008333472224535399,0.9998388396454487,0.0
47030,39.19231987199787,0.9991941982272361,560,681,1241,-0.0008058017727639033,0.0008333472224535399,0.9998388396454487,0.0
47031,39.19315321922032,1.0,560,681,1241,0.0008058017727639033,0.0008333472224535399,0.999919419822725,8.058017727639034e-05
47032,39.193986566442774,1.0,560,681,1241,0.0,0.0008333472224535399,0.999919419822725,0.0
47033,39.19481991366523,1.0,560,681,1241,0.0,0.0008333472224535399,0.999919419822725,0.0
47034,39.19565326088768,1.0,560,681,1241,0.0,0.0008333472224535399,0.999919419822725,0.0
47035,39.196486608110135,1.0,560,681,1241,0.0,0.0008333472224535399,0.999919419822725,0.0
47036,39.19731995533259,0.9991941982272361,560,681,1241,-0.0008058017727639033,0.0008333472224535399,0.9998388396454487,-8.058017727639034e-05
47037,39.19815330255504,0.9991941982272361,560,681,1241,0.0,0.0008333472224535399,0.9997582594681724,-8.058017727639034e-05
47038,39.198986649777495,0.9991941982272361,560,681,1241,0.0,0.0008333472224535399,0.999677679290896,-8.058017727639034e-05
47039,39.19981999699995,0.9991941982272361,560,681,1241,0.0,0.0008333472224535399,0.9995970991136197,-8.058017727639034e-05
47040,39.2006533442224,0.9991941982272361,560,681,1241,0.0,0.0008333472224535399,0.9995970991136197,0.0
47041,39.201486691444856,1.0,560,681,1241,0.0008058017727639033,0.0008333472224535399,0.9995970991136197,0.0
47042,39.20232003866731,1.0,560,681,1241,0.0,0.0008333472224535399,0.9995970991136197,0.0
47043,39.20315338588976,1.0,560,681,1241,0.0,0.0008333472224535399,0.9995970991136197,0.0
47044,39.20398673311222,1.0,560,681,1241,0.0,0.0008333472224535399,0.9995970991136197,0.0
47045,39.20482008033468,1.0,560,681,1241,0.0,0.0008333472224606453,0.9995970991136197,0.0
47046,39.20565342755713,1.0,560,681,1241,0.0,0.0008333472224535399,0.999677679290896,8.058017727639034e-05
47047,39.206486774779584,1.0,560,681,1241,0.0,0.0008333472224535399,0.9997582594681724,8.058017727639034e-05
47048,39.20732012200204,0.9991941982272361,560,681,1241,-0.0008058017727639033,0.0008333472224535399,0.9997582594681724,0.0
47049,39.20815346922449,1.0,560,681,1241,0.0008058017727639033,0.0008333472224535399,0.9998388396454487,8.058017727639034e-05
47050,39.208986816446945,1.0,560,681,1241,0.0,0.0008333472224535399,0.999919419822725,8.058017727639034e-05
47051,39.2098201636694,1.0,560,681,1241,0.0,0.0008333472224535399,0.999919419822725,0.0
47052,39.21065351089185,1.0,560,681,1241,0.0,0.0008333472224535399,0.999919419822725,0.0
47053,39.211486858114306,1.0,560,681,1241,0.0,0.0008333472224535399,0.999919419822725,0.0
47054,39.21232020533676,1.0,560,681,1241,0.0,0.0008333472224535399,0.999919419822725,0.0
47055,39.21315355255921,1.0,560,681,1241,0.0,0.0008333472224535399,0.999919419822725,0.0
47056,39.213986899781666,0.9991941982272361,560,681,1241,-0.0008058017727639033,0.0008333472224535399,0.9998388396454487,-8.058017727639034e-05
47057,39.21482024700412,0.9991941982272361,560,681,1241,0.0,0.0008333472224535399,0.9997582594681724,-8.058017727639034e-05
47058,39.21565359422657,1.0,560,681,1241,0.0008058017727639033,0.0008333472224535399,0.9998388396454487,8.058017727639034e-05
47059,39.21648694144903,1.0,560,681,1241,0.0,0.0008333472224535399,0.9998388396454487,0.0
47060,39.21732028867148,1.0,560,681,1241,0.0,0.0008333472224535399,0.9998388396454487,0.0
47061,39.218153635893934,1.0,560,681,1241,0.0,0.0008333472224535399,0.9998388396454487,0.0
47062,39.21898698311639,1.0,560,681,1241,0.0,0.0008333472224535399,0.9998388396454487,0.0
47063,39.21982033033884,1.0,560,681,1241,0.0,0.0008333472224535399,0.9998388396454487,0.0
47064,39.220653677561295,1.0,560,681,1241,0.0,0.0008333472224535399,0.9998388396454487,0.0
47065,39.22148702478375,1.0,560,681,1241,0.0,0.0008333472224535399,0.9998388396454487,0.0
47066,39.2223203720062,1.0,560,681,1241,0.0,0.0008333472224535399,0.999919419822725,8.058017727639034e-05
47067,39.223153719228655,1.0,560,681,1241,0.0,0.0008333472224535399,1.0000000000000013,8.058017727639034e-05
47068,39.22398706645111,1.0,560,681,1241,0.0,0.0008333472224535399,1.0000000000000013,0.0
47069,39.22482041367356,1.0,560,681,1241,0.0,0.0008333472224535399,1.0000000000000013,0.0
47070,39.225653760896016,1.0,560,681,1241,0.0,0.0008333472224535399,1.0000000000000013,0.0
47071,39.22648710811847,1.0,560,681,1241,0.0,0.0008333472224535399,1.0000000000000013,0.0
47072,39.22732045534092,0.9991941982272361,560,681,1241,-0.0008058017727639033,0.0008333472224535399,0.999919419822725,-8.058017727639034e-05
47073,39.22815380256338,1.0,560,681,1241,0.0008058017727639033,0.0008333472224535399,0.999919419822725,0.0
47074,39.22898714978583,1.0,560,681,1241,0.0,0.0008333472224535399,0.999919419822725,0.0
47075,39.229820497008284,1.0,560,681,1241,0.0,0.0008333472224535399,0.999919419822725,0.0
47076,39.23065384423074,1.0,560,681,1241,0.0,0.0008333472224535399,0.999919419822725,0.0
47077,39.23148719145319,1.0,560,681,1241,0.0,0.0008333472224535399,0.999919419822725,0.0
47078,39.232320538675644,1.0,560,681,1241,0.0,0.0008333472224535399,0.999919419822725,0.0
47079,39.2331538858981,1.0,560,681,1241,0.0,0.0008333472224535399,0.999919419822725,0.0
47080,39.23398723312055,1.0,560,681,1241,0.0,0.0008333472224535399,0.999919419822725,0.0
47081,39.234820580343005,1.0,560,681,1241,0.0,0.0008333472224535399,0.999919419822725,0.0
47082,39.23565392756546,1.0,560,681,1241,0.0,0.0008333472224535399,1.0000000000000013,8.058017727639034e-05
47083,39.23648727478791,1.0,560,681,1241,0.0,0.0008333472224535399,1.0000000000000013,0.0
47084,39.237320622010365,1.0,560,681,1241,0.0,0.0008333472224535399,1.0000000000000013,0.0
47085,39.23815396923282,1.0,560,681,1241,0.0,0.0008333472224535399,1.0000000000000013,0.0
47086,39.23898731645527,1.0,560,681,1241,0.0,0.0008333472224535399,1.0000000000000013,0.0
47087,39.23982066367773,1.0,560,681,1241,0.0,0.0008333472224606453,1.0000000000000013,0.0
47088,39.24065401090019,1.0,560,681,1241,0.0,0.0008333472224535399,1.0000000000000013,0.0
47089,39.24148735812264,1.0,560,681,1241,0.0,0.0008333472224535399,1.0000000000000013,0.0
47090,39.242320705345094,0.9991941982272361,560,681,1241,-0.0008058017727639033,0.0008333472224535399,0.999919419822725,-8.058017727639034e-05
47091,39.24315405256755,0.9991941982272361,560,681,1241,0.0,0.0008333472224535399,0.9998388396454487,-8.058017727639034e-05
47092,39.24398739979,1.0,560,681,1241,0.0008058017727639033,0.0008333472224535399,0.9998388396454487,0.0
47093,39.244820747012454,1.0,560,681,1241,0.0,0.0008333472224535399,0.9998388396454487,0.0
47094,39.24565409423491,1.0,560,681,1241,0.0,0.0008333472224535399,0.9998388396454487,0.0
47095,39.24648744145736,1.0,560,681,1241,0.0,0.0008333472224535399,0.9998388396454487,0.0
47096,39.247320788679815,1.0,560,681,1241,0.0,0.0008333472224535399,0.9998388396454487,0.0
47097,39.24815413590227,1.0,560,681,1241,0.0,0.0008333472224535399,0.9998388396454487,0.0
47098,39.24898748312472,1.0,560,681,1241,0.0,0.0008333472224535399,0.9998388396454487,0.0
47099,39.249820830347176,1.0,560,681,1241,0.0,0.0008333472224535399,0.9998388396454487,0.0
47100,39.25065417756963,1.0,560,681,1241,0.0,0.0008333472224535399,0.999919419822725,8.058017727639034e-05
47101,39.25148752479208,1.0,560,681,1241,0.0,0.0008333472224535399,1.0000000000000013,8.058017727639034e-05
47102,39.252320872014536,1.0,560,681,1241,0.0,0.0008333472224535399,1.0000000000000013,0.0
47103,39.25315421923699,1.0,560,681,1241,0.0,0.0008333472224535399,1.0000000000000013,0.0
47104,39.25398756645944,1.0,560,681,1241,0.0,0.0008333472224535399,1.0000000000000013,0.0
47105,39.2548209136819,1.0,560,681,1241,0.0,0.0008333472224535399,1.0000000000000013,0.0
47106,39.25565426090435,1.0,560,681,1241,0.0,0.0008333472224535399,1.0000000000000013,0.0
47107,39.256487608126804,1.0,560,681,1241,0.0,0.0008333472224535399,1.0000000000000013,0.0
47108,39.25732095534926,1.0,560,681,1241,0.0,0.0008333472224535399,1.0000000000000013,0.0
47109,39.25815430257171,1.0,560,681,1241,0.0,0.0008333472224535399,1.0000000000000013,0.0
47110,39.258987649794165,1.0,560,681,1241,0.0,0.0008333472224535399,1.0000000000000013,0.0
47111,39.25982099701662,1.0,560,681,1241,0.0,0.0008333472224535399,1.0000000000000013,0.0
47112,39.26065434423907,1.0,560,681,1241,0.0,0.0008333472224535399,1.0000000000000013,0.0
47113,39.261487691461525,1.0,560,681,1241,0.0,0.0008333472224535399,1.0000000000000013,0.0
47114,39.26232103868398,1.0,560,681,1241,0.0,0.0008333472224535399,1.0000000000000013,0.0
47115,39.26315438590643,1.0,560,681,1241,0.0,0.0008333472224535399,1.0000000000000013,0.0
47116,39.263987733128886,1.0,560,681,1241,0.0,0.0008333472224535399,1.0000000000000013,0.0
47117,39.26482108035134,1.0,560,681,1241,0.0,0.0008333472224535399,1.0000000000000013,0.0
47118,39.26565442757379,1.0,560,681,1241,0.0,0.0008333472224535399,1.0000000000000013,0.0
47119,39.266487774796246,0.9991941982272361,560,681,1241,-0.0008058017727639033,0.0008333472224535399,0.999919419822725,-8.058017727639034e-05
47120,39.2673211220187,0.9991941982272361,560,681,1241,0.0,0.0008333472224535399,0.9998388396454487,-8.058017727639034e-05
47121,39.26815446924115,1.0,560,681,1241,0.0008058017727639033,0.0008333472224535399,0.9998388396454487,0.0
47122,39.26898781646361,1.0,560,681,1241,0.0,0.0008333472224535399,0.9998388396454487,0.0
47123,39.26982116368606,1.0,560,681,1241,0.0,0.0008333472224535399,0.9998388396454487,0.0
47124,39.270654510908514,1.0,560,681,1241,0.0,0.0008333472224535399,0.9998388396454487,0.0
47125,39.27148785813097,1.0,560,681,1241,0.0,0.0008333472224535399,0.9998388396454487,0.0
47126,39.27232120535342,1.0,560,681,1241,0.0,0.0008333472224535399,0.9998388396454487,0.0
47127,39.273154552575875,1.0,560,681,1241,0.0,0.0008333472224535399,0.9998388396454487,0.0
47128,39.27398789979833,1.0,560,681,1241,0.0,0.0008333472224535399,0.9998388396454487,0.0
47129,39.27482124702078,1.0,560,681,1241,0.0,0.0008333472224535399,0.999919419822725,8.058017727639034e-05
47130,39.27565459424324,1.0,560,681,1241,0.0,0.0008333472224606453,1.0000000000000013,8.058017727639034e-05
47131,39.276487941465696,1.0,560,681,1241,0.0,0.0008333472224535399,1.0000000000000013,0.0
47132,39.27732128868815,1.0,560,681,1241,0.0,0.0008333472224535399,1.0000000000000013,0.0
47133,39.2781546359106,1.0,560,681,1241,0.0,0.0008333472224535399,1.0000000000000013,0.0
47134,39.27898798313306,1.0,560,681,1241,0.0,0.0008333472224535399,1.0000000000000013,0.0
47135,39.27982133035551,1.0,560,681,1241,0.0,0.0008333472224535399,1.0000000000000013,0.0
47136,39.280654677577964,1.0,560,681,1241,0.0,0.0008333472224535399,1.0000000000000013,0.0
47137,39.28148802480042,1.0,560,681,1241,0.0,0.0008333472224535399,1.0000000000000013,0.0
47138,39.28232137202287,1.0,560,681,1241,0.0,0.0008333472224535399,1.0000000000000013,0.0
47139,39.283154719245324,1.0,560,681,1241,0.0,0.0008333472224535399,1.0000000000000013,0.0
47140,39.28398806646778,1.0,560,681,1241,0.0,0.0008333472224535399,1.0000000000000013,0.0
47141,39.28482141369023,1.0,560,681,1241,0.0,0.0008333472224535399,1.0000000000000013,0.0
47142,39.285654760912685,1.0,560,681,1241,0.0,0.0008333472224535399,1.0000000000000013,0.0
47143,39.28648810813514,0.9991941982272361,560,681,1241,-0.0008058017727639033,0.0008333472224535399,0.999919419822725,-8.058017727639034e-05
47144,39.28732145535759,0.9991941982272361,560,681,1241,0.0,0.0008333472224535399,0.9998388396454487,-8.058017727639034e-05
47145,39.288154802580046,1.0,560,681,1241,0.0008058017727639033,0.0008333472224535399,0.9998388396454487,0.0
47146,39.2889881498025,1.0,560,681,1241,0.0,0.0008333472224535399,0.9998388396454487,0.0
47147,39.28982149702495,1.0,560,681,1241,0.0,0.0008333472224535399,0.9998388396454487,0.0
47148,39.290654844247406,0.9983883964544722,560,681,1241,-0.0016116035455278066,0.0008333472224535399,0.999677679290896,-0.00016116035455278067
47149,39.29148819146986,0.9983883964544722,560,681,1241,0.0,0.0008333472224535399,0.9995165189363433,-0.00016116035455278067
47150,39.29232153869231,0.9983883964544722,560,681,1241,0.0,0.0008333472224535399,0.9993553585817907,-0.00016116035455278067
47151,39.29315488591477,0.9991941982272361,560,681,1241,0.0008058017727639033,0.0008333472224535399,0.9992747784045143,-8.058017727639034e-05
47152,39.29398823313722,0.9991941982272361,560,681,1241,0.0,0.0008333472224535399,0.999194198227238,-8.058017727639034e-05
47153,39.294821580359674,0.9991941982272361,560,681,1241,0.0,0.0008333472224535399,0.999194198227238,0.0
47154,39.29565492758213,0.9991941982272361,560,681,1241,0.0,0.0008333472224535399,0.999194198227238,0.0
47155,39.29648827480458,1.0,560,681,1241,0.0008058017727639033,0.0008333472224535399,0.999194198227238,0.0
47156,39.297321622027034,1.0,560,681,1241,0.0,0.0008333472224535399,0.999194198227238,0.0
47157,39.29815496924949,1.0,560,681,1241,0.0,0.0008333472224535399,0.999194198227238,0.0
47158,39.29898831647194,1.0,560,681,1241,0.0,0.0008333472224535399,0.9993553585817907,0.00016116035455278067
47159,39.299821663694395,1.0,560,681,1241,0.0,0.0008333472224535399,0.9995165189363433,0.00016116035455278067
47160,39.30065501091685,1.0,560,681,1241,0.0,0.0008333472224535399,0.999677679290896,0.00016116035455278067
47161,39.3014883581393,1.0,560,681,1241,0.0,0.0008333472224535399,0.9997582594681724,8.058017727639034e-05
47162,39.302321705361756,1.0,560,681,1241,0.0,0.0008333472224535399,0.9998388396454487,8.058017727639034e-05
47163,39.30315505258421,0.9983883964544722,560,681,1241,-0.0016116035455278066,0.0008333472224535399,0.9997582594681724,-8.058017727639034e-05
47164,39.30398839980666,0.9991941982272361,560,681,1241,0.0008058017727639033,0.0008333472224535399,0.9997582594681724,0.0
47165,39.304821747029116,0.9991941982272361,560,681,1241,0.0,0.0008333472224535399,0.999677679290896,-8.058017727639034e-05
47166,39.30565509425157,1.0,560,681,1241,0.0008058017727639033,0.0008333472224535399,0.999677679290896,0.0
47167,39.30648844147402,0.9991941982272361,560,681,1241,-0.0008058017727639033,0.0008333472224535399,0.9995970991136197,-8.058017727639034e-05
47168,39.30732178869648,0.9991941982272361,560,681,1241,0.0,0.0008333472224535399,0.9995165189363433,-8.058017727639034e-05
47169,39.30815513591893,0.9991941982272361,560,681,1241,0.0,0.0008333472224535399,0.999435938759067,-8.058017727639034e-05
47170,39.308988483141384,0.9983883964544722,560,681,1241,-0.0008058017727639033,0.0008333472224535399,0.9992747784045143,-0.00016116035455278067
47171,39.30982183036384,0.9983883964544722,560,681,1241,0.0,0.0008333472224535399,0.9991136180499616,-0.00016116035455278067
47172,39.3106551775863,0.9991941982272361,560,681,1241,0.0008058017727639033,0.0008333472224606453,0.9990330378726853,-8.058017727639034e-05
47173,39.31148852480875,0.9991941982272361,560,681,1241,0.0,0.0008333472224535399,0.9991136180499616,8.058017727639034e-05
47174,39.312321872031205,1.0,560,681,1241,0.0008058017727639033,0.0008333472224535399,0.999194198227238,8.058017727639034e-05
47175,39.31315521925366,1.0,560,681,1241,0.0,0.0008333472224535399,0.9992747784045143,8.058017727639034e-05
47176,39.31398856647611,1.0,560,681,1241,0.0,0.0008333472224535399,0.9992747784045143,0.0
47177,39.314821913698566,1.0,560,681,1241,0.0,0.0008333472224535399,0.9993553585817907,8.058017727639034e-05
47178,39.31565526092102,1.0,560,681,1241,0.0,0.0008333472224535399,0.999435938759067,8.058017727639034e-05
47179,39.31648860814347,1.0,560,681,1241,0.0,0.0008333472224535399,0.9995165189363433,8.058017727639034e-05
47180,39.31732195536593,1.0,560,681,1241,0.0,0.0008333472224535399,0.999677679290896,0.00016116035455278067
47181,39.31815530258838,1.0,560,681,1241,0.0,0.0008333472224535399,0.9998388396454487,0.00016116035455278067
47182,39.318988649810834,0.9991941982272361,560,681,1241,-0.0008058017727639033,0.0008333472224535399,0.9998388396454487,0.0
47183,39.31982199703329,0.9983883964544722,560,681,1241,-0.0008058017727639033,0.0008333472224535399,0.9997582594681724,-8.058017727639034e-05
47184,39.32065534425574,0.9991941982272361,560,681,1241,0.0008058017727639033,0.0008333472224535399,0.999677679290896,-8.058017727639034e-05
47185,39.321488691478194,0.9991941982272361,560,681,1241,0.0,0.0008333472224535399,0.9995970991136197,-8.058017727639034e-05
47186,39.32232203870065,0.9991941982272361,560,681,1241,0.0,0.0008333472224535399,0.9995165189363433,-8.058017727639034e-05
47187,39.3231553859231,0.9991941982272361,560,681,1241,0.0,0.0008333472224535399,0.999435938759067,-8.058017727639034e-05
47188,39.323988733145555,1.0,560,681,1241,0.0008058017727639033,0.0008333472224535399,0.999435938759067,0.0
47189,39.32482208036801,1.0,560,681,1241,0.0,0.0008333472224535399,0.999435938759067,0.0
47190,39.32565542759046,1.0,560,681,1241,0.0,0.0008333472224535399,0.999435938759067,0.0
47191,39.326488774812915,1.0,560,681,1241,0.0,0.0008333472224535399,0.999435938759067,0.0
47192,39.32732212203537,1.0,560,681,1241,0.0,0.0008333472224535399,0.9995165189363433,8.058017727639034e-05
47193,39.32815546925782,1.0,560,681,1241,0.0,0.0008333472224535399,0.999677679290896,0.00016116035455278067
47194,39.328988816480276,1.0,560,681,1241,0.0,0.0008333472224535399,0.9997582594681724,8.058017727639034e-05
47195,39.32982216370273,1.0,560,681,1241,0.0,0.0008333472224535399,0.9998388396454487,8.058017727639034e-05
47196,39.33065551092518,1.0,560,681,1241,0.0,0.0008333472224535399,0.999919419822725,8.058017727639034e-05
47197,39.33148885814764,1.0,560,681,1241,0.0,0.0008333472224535399,1.0000000000000013,8.058017727639034e-05
47198,39.33232220537009,1.0,560,681,1241,0.0,0.0008333472224535399,1.0000000000000013,0.0
47199,39.333155552592544,1.0,560,681,1241,0.0,0.0008333472224535399,1.0000000000000013,0.0
47200,39.333988899815,1.0,560,681,1241,0.0,0.0008333472224535399,1.0000000000000013,0.0
47201,39.33482224703745,1.0,560,681,1241,0.0,0.0008333472224535399,1.0000000000000013,0.0
47202,39.335655594259904,1.0,560,681,1241,0.0,0.0008333472224535399,1.0000000000000013,0.0
47203,39.33648894148236,1.0,560,681,1241,0.0,0.0008333472224535399,1.0000000000000013,0.0
47204,39.33732228870481,0.9991941982272361,560,681,1241,-0.0008058017727639033,0.0008333472224535399,0.999919419822725,-8.058017727639034e-05
47205,39.338155635927265,1.0,560,681,1241,0.0008058017727639033,0.0008333472224535399,0.999919419822725,0.0
47206,39.33898898314972,1.0,560,681,1241,0.0,0.0008333472224535399,0.999919419822725,0.0
47207,39.33982233037217,1.0,560,681,1241,0.0,0.0008333472224535399,0.999919419822725,0.0
47208,39.340655677594626,1.0,560,681,1241,0.0,0.0008333472224535399,0.999919419822725,0.0
47209,39.34148902481708,1.0,560,681,1241,0.0,0.0008333472224535399,0.999919419822725,0.0
47210,39.34232237203953,1.0,560,681,1241,0.0,0.0008333472224535399,0.999919419822725,0.0
47211,39.343155719261986,1.0,560,681,1241,0.0,0.0008333472224535399,0.999919419822725,0.0
47212,39.34398906648444,1.0,560,681,1241,0.0,0.0008333472224535399,0.999919419822725,0.0
47213,39.34482241370689,1.0,560,681,1241,0.0,0.0008333472224535399,0.999919419822725,0.0
47214,39.345655760929354,1.0,560,681,1241,0.0,0.0008333472224606453,1.0000000000000013,8.058017727639034e-05
47215,39.34648910815181,1.0,560,681,1241,0.0,0.0008333472224535399,1.0000000000000013,0.0
47216,39.34732245537426,1.0,560,681,1241,0.0,0.0008333472224535399,1.0000000000000013,0.0
47217,39.348155802596715,1.0,560,681,1241,0.0,0.0008333472224535399,1.0000000000000013,0.0
47218,39.34898914981917,1.0,560,681,1241,0.0,0.0008333472224535399,1.0000000000000013,0.0
47219,39.34982249704162,1.0,560,681,1241,0.0,0.0008333472224535399,1.0000000000000013,0.0
47220,39.350655844264075,1.0,560,681,1241,0.0,0.0008333472224535399,1.0000000000000013,0.0
47221,39.35148919148653,1.0,560,681,1241,0.0,0.0008333472224535399,1.0000000000000013,0.0
47222,39.35232253870898,1.0,560,681,1241,0.0,0.0008333472224535399,1.0000000000000013,0.0
47223,39.353155885931436,1.0,560,681,1241,0.0,0.0008333472224535399,1.0000000000000013,0.0
47224,39.35398923315389,1.0,560,681,1241,0.0,0.0008333472224535399,1.0000000000000013,0.0
47225,39.35482258037634,1.0,560,681,1241,0.0,0.0008333472224535399,1.0000000000000013,0.0
47226,39.3556559275988,1.0,560,681,1241,0.0,0.0008333472224535399,1.0000000000000013,0.0
47227,39.35648927482125,1.0,560,681,1241,0.0,0.0008333472224535399,1.0000000000000013,0.0
47228,39.357322622043704,1.0,560,681,1241,0.0,0.0008333472224535399,1.0000000000000013,0.0
47229,39.35815596926616,1.0,560,681,1241,0.0,0.0008333472224535399,1.0000000000000013,0.0
47230,39.35898931648861,1.0,560,681,1241,0.0,0.0008333472224535399,1.0000000000000013,0.0
47231,39.359822663711064,1.0,560,681,1241,0.0,0.0008333472224535399,1.0000000000000013,0.0
47232,39.36065601093352,1.0,560,681,1241,0.0,0.0008333472224535399,1.0000000000000013,0.0
47233,39.36148935815597,1.0,560,681,1241,0.0,0.0008333472224535399,1.0000000000000013,0.0
47234,39.362322705378425,1.0,560,681,1241,0.0,0.0008333472224535399,1.0000000000000013,0.0
47235,39.36315605260088,1.0,560,681,1241,0.0,0.0008333472224535399,1.0000000000000013,0.0
47236,39.36398939982333,1.0,560,681,1241,0.0,0.0008333472224535399,1.0000000000000013,0.0
47237,39.364822747045785,1.0,560,681,1241,0.0,0.0008333472224535399,1.0000000000000013,0.0
47238,39.36565609426824,1.0,560,681,1241,0.0,0.0008333472224535399,1.0000000000000013,0.0
47239,39.36648944149069,1.0,560,681,1241,0.0,0.0008333472224535399,1.0000000000000013,0.0
47240,39.367322788713146,1.0,560,681,1241,0.0,0.0008333472224535399,1.0000000000000013,0.0
47241,39.3681561359356,1.0,560,681,1241,0.0,0.0008333472224535399,1.0000000000000013,0.0
47242,39.36898948315805,1.0,560,681,1241,0.0,0.0008333472224535399,1.0000000000000013,0.0
47243,39.36982283038051,1.0,560,681,1241,0.0,0.0008333472224535399,1.0000000000000013,0.0
47244,39.37065617760296,1.0,560,681,1241,0.0,0.0008333472224535399,1.0000000000000013,0.0
47245,39.371489524825414,1.0,560,681,1241,0.0,0.0008333472224535399,1.0000000000000013,0.0
47246,39.37232287204787,1.0,560,681,1241,0.0,0.0008333472224535399,1.0000000000000013,0.0
47247,39.37315621927032,1.0,560,681,1241,0.0,0.0008333472224535399,1.0000000000000013,0.0
47248,39.373989566492774,1.0,560,681,1241,0.0,0.0008333472224535399,1.0000000000000013,0.0
47249,39.37482291371523,1.0,560,681,1241,0.0,0.0008333472224535399,1.0000000000000013,0.0
47250,39.37565626093768,1.0,560,681,1241,0.0,0.0008333472224535399,1.0000000000000013,0.0
47251,39.376489608160135,1.0,560,681,1241,0.0,0.0008333472224535399,1.0000000000000013,0.0
47252,39.37732295538259,1.0,560,681,1241,0.0,0.0008333472224535399,1.0000000000000013,0.0
47253,39.37815630260504,1.0,560,681,1241,0.0,0.0008333472224535399,1.0000000000000013,0.0
47254,39.378989649827496,1.0,560,681,1241,0.0,0.0008333472224535399,1.0000000000000013,0.0
47255,39.37982299704995,1.0,560,681,1241,0.0,0.0008333472224535399,1.0000000000000013,0.0
47256,39.3806563442724,1.0,560,681,1241,0.0,0.0008333472224535399,1.0000000000000013,0.0
47257,39.38148969149486,1.0,560,681,1241,0.0,0.0008333472224606453,1.0000000000000013,0.0
47258,39.38232303871732,1.0,560,681,1241,0.0,0.0008333472224535399,1.0000000000000013,0.0
47259,39.38315638593977,1.0,560,681,1241,0.0,0.0008333472224535399,1.0000000000000013,0.0
47260,39.383989733162224,1.0,560,681,1241,0.0,0.0008333472224535399,1.0000000000000013,0.0
47261,39.38482308038468,1.0,560,681,1241,0.0,0.0008333472224535399,1.0000000000000013,0.0
47262,39.38565642760713,1.0,560,681,1241,0.0,0.0008333472224535399,1.0000000000000013,0.0
47263,39.386489774829585,1.0,560,681,1241,0.0,0.0008333472224535399,1.0000000000000013,0.0
47264,39.38732312205204,1.0,560,681,1241,0.0,0.0008333472224535399,1.0000000000000013,0.0
47265,39.38815646927449,1.0,560,681,1241,0.0,0.0008333472224535399,1.0000000000000013,0.0
47266,39.388989816496945,1.0,560,681,1241,0.0,0.0008333472224535399,1.0000000000000013,0.0
47267,39.3898231637194,0.9991941982272361,560,681,1241,-0.0008058017727639033,0.0008333472224535399,0.999919419822725,-8.058017727639034e-05
47268,39.39065651094185,0.9991941982272361,560,681,1241,0.0,0.0008333472224535399,0.9998388396454487,-8.058017727639034e-05
47269,39.391489858164306,0.9991941982272361,560,681,1241,0.0,0.0008333472224535399,0.9997582594681724,-8.058017727639034e-05
47270,39.39232320538676,1.0,560,681,1241,0.0008058017727639033,0.0008333472224535399,0.9997582594681724,0.0
47271,39.39315655260921,1.0,560,681,1241,0.0,0.0008333472224535399,0.9997582594681724,0.0
47272,39.393989899831666,1.0,560,681,1241,0.0,0.0008333472224535399,0.9997582594681724,0.0
47273,39.39482324705412,1.0,560,681,1241,0.0,0.0008333472224535399,0.9997582594681724,0.0
47274,39.39565659427657,1.0,560,681,1241,0.0,0.0008333472224535399,0.9997582594681724,0.0
47275,39.39648994149903,1.0,560,681,1241,0.0,0.0008333472224535399,0.9997582594681724,0.0
47276,39.39732328872148,1.0,560,681,1241,0.0,0.0008333472224535399,0.9997582594681724,0.0
47277,39.398156635943934,1.0,560,681,1241,0.0,0.0008333472224535399,0.9998388396454487,8.058017727639034e-05
47278,39.39898998316639,1.0,560,681,1241,0.0,0.0008333472224535399,0.999919419822725,8.058017727639034e-05
47279,39.39982333038884,1.0,560,681,1241,0.0,0.0008333472224535399,1.0000000000000013,8.058017727639034e-05
47280,39.400656677611295,1.0,560,681,1241,0.0,0.0008333472224535399,1.0000000000000013,0.0
47281,39.40149002483375,1.0,560,681,1241,0.0,0.0008333472224535399,1.0000000000000013,0.0
47282,39.4023233720562,1.0,560,681,1241,0.0,0.0008333472224535399,1.0000000000000013,0.0
47283,39.403156719278655,1.0,560,681,1241,0.0,0.0008333472224535399,1.0000000000000013,0.0
47284,39.40399006650111,1.0,560,681,1241,0.0,0.0008333472224535399,1.0000000000000013,0.0
47285,39.40482341372356,1.0,560,681,1241,0.0,0.0008333472224535399,1.0000000000000013,0.0
47286,39.405656760946016,0.9991941982272361,560,681,1241,-0.0008058017727639033,0.0008333472224535399,0.999919419822725,-8.058017727639034e-05
47287,39.40649010816847,1.0,560,681,1241,0.0008058017727639033,0.0008333472224535399,0.999919419822725,0.0
47288,39.40732345539092,1.0,560,681,1241,0.0,0.0008333472224535399,0.999919419822725,0.0
47289,39.40815680261338,1.0,560,681,1241,0.0,0.0008333472224535399,0.999919419822725,0.0
47290,39.40899014983583,1.0,560,681,1241,0.0,0.0008333472224535399,0.999919419822725,0.0
47291,39.409823497058284,1.0,560,681,1241,0.0,0.0008333472224535399,0.999919419822725,0.0
47292,39.41065684428074,1.0,560,681,1241,0.0,0.0008333472224535399,0.999919419822725,0.0
47293,39.41149019150319,1.0,560,681,1241,0.0,0.0008333472224535399,0.999919419822725,0.0
47294,39.412323538725644,1.0,560,681,1241,0.0,0.0008333472224535399,0.999919419822725,0.0
47295,39.4131568859481,1.0,560,681,1241,0.0,0.0008333472224535399,0.999919419822725,0.0
47296,39.41399023317055,1.0,560,681,1241,0.0,0.0008333472224535399,1.0000000000000013,8.058017727639034e-05
47297,39.414823580393005,1.0,560,681,1241,0.0,0.0008333472224535399,1.0000000000000013,0.0
47298,39.41565692761546,1.0,560,681,1241,0.0,0.0008333472224535399,1.0000000000000013,0.0
47299,39.41649027483792,1.0,560,681,1241,0.0,0.0008333472224606453,1.0000000000000013,0.0
47300,39.41732362206037,1.0,560,681,1241,0.0,0.0008333472224535399,1.0000000000000013,0.0
47301,39.418156969282826,1.0,560,681,1241,0.0,0.0008333472224535399,1.0000000000000013,0.0
47302,39.41899031650528,1.0,560,681,1241,0.0,0.0008333472224535399,1.0000000000000013,0.0
47303,39.41982366372773,1.0,560,681,1241,0.0,0.0008333472224535399,1.0000000000000013,0.0
47304,39.42065701095019,0.9991941982272361,560,681,1241,-0.0008058017727639033,0.0008333472224535399,0.999919419822725,-8.058017727639034e-05
47305,39.42149035817264,0.9991941982272361,560,681,1241,0.0,0.0008333472224535399,0.9998388396454487,-8.058017727639034e-05
47306,39.422323705395094,0.9991941982272361,560,681,1241,0.0,0.0008333472224535399,0.9997582594681724,-8.058017727639034e-05
47307,39.42315705261755,0.9991941982272361,560,681,1241,0.0,0.0008333472224535399,0.999677679290896,-8.058017727639034e-05
47308,39.42399039984,0.9991941982272361,560,681,1241,0.0,0.0008333472224535399,0.9995970991136197,-8.058017727639034e-05
47309,39.424823747062455,0.9991941982272361,560,681,1241,0.0,0.0008333472224535399,0.9995165189363433,-8.058017727639034e-05
47310,39.42565709428491,0.9991941982272361,560,681,1241,0.0,0.0008333472224535399,0.999435938759067,-8.058017727639034e-05
47311,39.42649044150736,0.9991941982272361,560,681,1241,0.0,0.0008333472224535399,0.9993553585817907,-8.058017727639034e-05
47312,39.427323788729815,1.0,560,681,1241,0.0008058017727639033,0.0008333472224535399,0.9993553585817907,0.0
47313,39.42815713595227,1.0,560,681,1241,0.0,0.0008333472224535399,0.9993553585817907,0.0
47314,39.42899048317472,1.0,560,681,1241,0.0,0.0008333472224535399,0.999435938759067,8.058017727639034e-05
47315,39.429823830397176,1.0,560,681,1241,0.0,0.0008333472224535399,0.9995165189363433,8.058017727639034e-05
47316,39.43065717761963,1.0,560,681,1241,0.0,0.0008333472224535399,0.9995970991136197,8.058017727639034e-05
47317,39.43149052484208,1.0,560,681,1241,0.0,0.0008333472224535399,0.999677679290896,8.058017727639034e-05
47318,39.432323872064536,1.0,560,681,1241,0.0,0.0008333472224535399,0.9997582594681724,8.058017727639034e-05
47319,39.43315721928699,1.0,560,681,1241,0.0,0.0008333472224535399,0.9998388396454487,8.058017727639034e-05
47320,39.43399056650944,1.0,560,681,1241,0.0,0.0008333472224535399,0.999919419822725,8.058017727639034e-05
47321,39.4348239137319,1.0,560,681,1241,0.0,0.0008333472224535399,1.0000000000000013,8.058017727639034e-05
47322,39.43565726095435,1.0,560,681,1241,0.0,0.0008333472224535399,1.0000000000000013,0.0
47323,39.436490608176804,1.0,560,681,1241,0.0,0.0008333472224535399,1.0000000000000013,0.0
47324,39.43732395539926,1.0,560,681,1241,0.0,0.0008333472224535399,1.0000000000000013,0.0
47325,39.43815730262171,1.0,560,681,1241,0.0,0.0008333472224535399,1.0000000000000013,0.0
47326,39.438990649844165,0.9991941982272361,560,681,1241,-0.0008058017727639033,0.0008333472224535399,0.999919419822725,-8.058017727639034e-05
47327,39.43982399706662,0.9991941982272361,560,681,1241,0.0,0.0008333472224535399,0.9998388396454487,-8.058017727639034e-05
47328,39.44065734428907,0.9991941982272361,560,681,1241,0.0,0.0008333472224535399,0.9997582594681724,-8.058017727639034e-05
47329,39.441490691511525,0.9991941982272361,560,681,1241,0.0,0.0008333472224535399,0.999677679290896,-8.058017727639034e-05
47330,39.44232403873398,0.9991941982272361,560,681,1241,0.0,0.0008333472224535399,0.9995970991136197,-8.058017727639034e-05
47331,39.44315738595643,0.9991941982272361,560,681,1241,0.0,0.0008333472224535399,0.9995165189363433,-8.058017727639034e-05
47332,39.443990733178886,0.9991941982272361,560,681,1241,0.0,0.0008333472224535399,0.999435938759067,-8.058017727639034e-05
47333,39.44482408040134,0.9991941982272361,560,681,1241,0.0,0.0008333472224535399,0.9993553585817907,-8.058017727639034e-05
47334,39.44565742762379,1.0,560,681,1241,0.0008058017727639033,0.0008333472224535399,0.9993553585817907,0.0
47335,39.44649077484625,1.0,560,681,1241,0.0,0.0008333472224535399,0.9993553585817907,0.0
47336,39.4473241220687,1.0,560,681,1241,0.0,0.0008333472224535399,0.999435938759067,8.058017727639034e-05
47337,39.448157469291154,1.0,560,681,1241,0.0,0.0008333472224535399,0.9995165189363433,8.058017727639034e-05
47338,39.44899081651361,1.0,560,681,1241,0.0,0.0008333472224535399,0.9995970991136197,8.058017727639034e-05
47339,39.44982416373606,1.0,560,681,1241,0.0,0.0008333472224535399,0.999677679290896,8.058017727639034e-05
47340,39.450657510958514,1.0,560,681,1241,0.0,0.0008333472224535399,0.9997582594681724,8.058017727639034e-05
47341,39.451490858180975,1.0,560,681,1241,0.0,0.0008333472224606453,0.9998388396454487,8.058017727639034e-05
47342,39.45232420540343,1.0,560,681,1241,0.0,0.0008333472224535399,0.999919419822725,8.058017727639034e-05
47343,39.45315755262588,1.0,560,681,1241,0.0,0.0008333472224535399,1.0000000000000013,8.058017727639034e-05
47344,39.453990899848336,1.0,560,681,1241,0.0,0.0008333472224535399,1.0000000000000013,0.0
47345,39.45482424707079,1.0,560,681,1241,0.0,0.0008333472224535399,1.0000000000000013,0.0
47346,39.45565759429324,1.0,560,681,1241,0.0,0.0008333472224535399,1.0000000000000013,0.0
47347,39.456490941515696,1.0,560,681,1241,0.0,0.0008333472224535399,1.0000000000000013,0.0
47348,39.45732428873815,0.9991941982272361,560,681,1241,-0.0008058017727639033,0.0008333472224535399,0.999919419822725,-8.058017727639034e-05
47349,39.4581576359606,0.9991941982272361,560,681,1241,0.0,0.0008333472224535399,0.9998388396454487,-8.058017727639034e-05
47350,39.45899098318306,0.9991941982272361,560,681,1241,0.0,0.0008333472224535399,0.9997582594681724,-8.058017727639034e-05
47351,39.45982433040551,0.9991941982272361,560,681,1241,0.0,0.0008333472224535399,0.999677679290896,-8.058017727639034e-05
47352,39.460657677627964,0.9991941982272361,560,681,1241,0.0,0.0008333472224535399,0.9995970991136197,-8.058017727639034e-05
47353,39.46149102485042,1.0,560,681,1241,0.0008058017727639033,0.0008333472224535399,0.9995970991136197,0.0
47354,39.46232437207287,1.0,560,681,1241,0.0,0.0008333472224535399,0.9995970991136197,0.0
47355,39.463157719295324,1.0,560,681,1241,0.0,0.0008333472224535399,0.9995970991136197,0.0
47356,39.46399106651778,1.0,560,681,1241,0.0,0.0008333472224535399,0.9995970991136197,0.0
47357,39.46482441374023,1.0,560,681,1241,0.0,0.0008333472224535399,0.9995970991136197,0.0
47358,39.465657760962685,1.0,560,681,1241,0.0,0.0008333472224535399,0.999677679290896,8.058017727639034e-05
47359,39.46649110818514,1.0,560,681,1241,0.0,0.0008333472224535399,0.9997582594681724,8.058017727639034e-05
47360,39.46732445540759,1.0,560,681,1241,0.0,0.0008333472224535399,0.9998388396454487,8.058017727639034e-05
47361,39.468157802630046,1.0,560,681,1241,0.0,0.0008333472224535399,0.999919419822725,8.058017727639034e-05
47362,39.4689911498525,1.0,560,681,1241,0.0,0.0008333472224535399,1.0000000000000013,8.058017727639034e-05
47363,39.46982449707495,1.0,560,681,1241,0.0,0.0008333472224535399,1.0000000000000013,0.0
47364,39.470657844297406,1.0,560,681,1241,0.0,0.0008333472224535399,1.0000000000000013,0.0
47365,39.47149119151986,1.0,560,681,1241,0.0,0.0008333472224535399,1.0000000000000013,0.0
47366,39.47232453874231,1.0,560,681,1241,0.0,0.0008333472224535399,1.0000000000000013,0.0
47367,39.47315788596477,1.0,560,681,1241,0.0,0.0008333472224535399,1.0000000000000013,0.0
47368,39.47399123318722,1.0,560,681,1241,0.0,0.0008333472224535399,1.0000000000000013,0.0
47369,39.474824580409674,1.0,560,681,1241,0.0,0.0008333472224535399,1.0000000000000013,0.0
47370,39.47565792763213,1.0,560,681,1241,0.0,0.0008333472224535399,1.0000000000000013,0.0
47371,39.47649127485458,1.0,560,681,1241,0.0,0.0008333472224535399,1.0000000000000013,0.0
47372,39.477324622077035,1.0,560,681,1241,0.0,0.0008333472224535399,1.0000000000000013,0.0
47373,39.47815796929949,1.0,560,681,1241,0.0,0.0008333472224535399,1.0000000000000013,0.0
47374,39.47899131652194,1.0,560,681,1241,0.0,0.0008333472224535399,1.0000000000000013,0.0
47375,39.479824663744395,1.0,560,681,1241,0.0,0.0008333472224535399,1.0000000000000013,0.0
47376,39.48065801096685,1.0,560,681,1241,0.0,0.0008333472224535399,1.0000000000000013,0.0
47377,39.4814913581893,1.0,560,681,1241,0.0,0.0008333472224535399,1.0000000000000013,0.0
47378,39.482324705411756,1.0,560,681,1241,0.0,0.0008333472224535399,1.0000000000000013,0.0
47379,39.48315805263421,0.9991941982272361,560,681,1241,-0.0008058017727639033,0.0008333472224535399,0.999919419822725,-8.058017727639034e-05
47380,39.48399139985666,0.9991941982272361,560,681,1241,0.0,0.0008333472224535399,0.9998388396454487,-8.058017727639034e-05
47381,39.48482474707912,0.9991941982272361,560,681,1241,0.0,0.0008333472224535399,0.9997582594681724,-8.058017727639034e-05
47382,39.48565809430157,0.9991941982272361,560,681,1241,0.0,0.0008333472224535399,0.999677679290896,-8.058017727639034e-05
47383,39.486491441524024,0.9991941982272361,560,681,1241,0.0,0.0008333472224535399,0.9995970991136197,-8.058017727639034e-05
47384,39.487324788746484,1.0,560,681,1241,0.0008058017727639033,0.0008333472224606453,0.9995970991136197,0.0
47385,39.48815813596894,1.0,560,681,1241,0.0,0.0008333472224535399,0.9995970991136197,0.0
47386,39.48899148319139,1.0,560,681,1241,0.0,0.0008333472224535399,0.9995970991136197,0.0
47387,39.489824830413845,1.0,560,681,1241,0.0,0.0008333472224535399,0.9995970991136197,0.0
47388,39.4906581776363,1.0,560,681,1241,0.0,0.0008333472224535399,0.9995970991136197,0.0
47389,39.49149152485875,1.0,560,681,1241,0.0,0.0008333472224535399,0.999677679290896,8.058017727639034e-05
47390,39.492324872081205,1.0,560,681,1241,0.0,0.0008333472224535399,0.9997582594681724,8.058017727639034e-05
47391,39.49315821930366,1.0,560,681,1241,0.0,0.0008333472224535399,0.9998388396454487,8.058017727639034e-05
47392,39.49399156652611,0.9991941982272361,560,681,1241,-0.0008058017727639033,0.0008333472224535399,0.9998388396454487,0.0
47393,39.494824913748566,0.9991941982272361,560,681,1241,0.0,0.0008333472224535399,0.9998388396454487,0.0
47394,39.49565826097102,0.9991941982272361,560,681,1241,0.0,0.0008333472224535399,0.9997582594681724,-8.058017727639034e-05
47395,39.49649160819347,0.9991941982272361,560,681,1241,0.0,0.0008333472224535399,0.999677679290896,-8.058017727639034e-05
47396,39.49732495541593,0.9991941982272361,560,681,1241,0.0,0.0008333472224535399,0.9995970991136197,-8.058017727639034e-05
47397,39.49815830263838,0.9991941982272361,560,681,1241,0.0,0.0008333472224535399,0.9995165189363433,-8.058017727639034e-05
47398,39.498991649860834,1.0,560,681,1241,0.0008058017727639033,0.0008333472224535399,0.9995165189363433,0.0
47399,39.49982499708329,1.0,560,681,1241,0.0,0.0008333472224535399,0.9995165189363433,0.0
47400,39.50065834430574,1.0,560,681,1241,0.0,0.0008333472224535399,0.9995165189363433,0.0
47401,39.501491691528194,1.0,560,681,1241,0.0,0.0008333472224535399,0.9995165189363433,0.0
47402,39.50232503875065,1.0,560,681,1241,0.0,0.0008333472224535399,0.9995970991136197,8.058017727639034e-05
47403,39.5031583859731,1.0,560,681,1241,0.0,0.0008333472224535399,0.999677679290896,8.058017727639034e-05
47404,39.503991733195555,1.0,560,681,1241,0.0,0.0008333472224535399,0.9997582594681724,8.058017727639034e-05
47405,39.50482508041801,1.0,560,681,1241,0.0,0.0008333472224535399,0.9998388396454487,8.058017727639034e-05
47406,39.50565842764046,0.9991941982272361,560,681,1241,-0.0008058017727639033,0.0008333472224535399,0.9998388396454487,0.0
47407,39.506491774862916,1.0,560,681,1241,0.0008058017727639033,0.0008333472224535399,0.999919419822725,8.058017727639034e-05
47408,39.50732512208537,1.0,560,681,1241,0.0,0.0008333472224535399,0.999919419822725,0.0
47409,39.50815846930782,0.9991941982272361,560,681,1241,-0.0008058017727639033,0.0008333472224535399,0.9998388396454487,-8.058017727639034e-05
47410,39.508991816530276,0.9991941982272361,560,681,1241,0.0,0.0008333472224535399,0.9997582594681724,-8.058017727639034e-05
47411,39.50982516375273,0.9991941982272361,560,681,1241,0.0,0.0008333472224535399,0.999677679290896,-8.058017727639034e-05
47412,39.51065851097518,0.9991941982272361,560,681,1241,0.0,0.0008333472224535399,0.9995970991136197,-8.058017727639034e-05
47413,39.51149185819764,0.9991941982272361,560,681,1241,0.0,0.0008333472224535399,0.9995165189363433,-8.058017727639034e-05
47414,39.51232520542009,0.9991941982272361,560,681,1241,0.0,0.0008333472224535399,0.999435938759067,-8.058017727639034e-05
47415,39.513158552642544,1.0,560,681,1241,0.0008058017727639033,0.0008333472224535399,0.999435938759067,0.0
47416,39.513991899865,1.0,560,681,1241,0.0,0.0008333472224535399,0.9995165189363433,8.058017727639034e-05
47417,39.51482524708745,1.0,560,681,1241,0.0,0.0008333472224535399,0.9995165189363433,0.0
47418,39.515658594309905,1.0,560,681,1241,0.0,0.0008333472224535399,0.9995165189363433,0.0
47419,39.51649194153236,1.0,560,681,1241,0.0,0.0008333472224535399,0.9995970991136197,8.058017727639034e-05
47420,39.51732528875481,1.0,560,681,1241,0.0,0.0008333472224535399,0.999677679290896,8.058017727639034e-05
47421,39.518158635977265,1.0,560,681,1241,0.0,0.0008333472224535399,0.9997582594681724,8.058017727639034e-05
47422,39.51899198319972,1.0,560,681,1241,0.0,0.0008333472224535399,0.9998388396454487,8.058017727639034e-05
47423,39.51982533042217,1.0,560,681,1241,0.0,0.0008333472224535399,0.999919419822725,8.058017727639034e-05
47424,39.520658677644626,1.0,560,681,1241,0.0,0.0008333472224535399,1.0000000000000013,8.058017727639034e-05
47425,39.52149202486708,1.0,560,681,1241,0.0,0.0008333472224535399,1.0000000000000013,0.0
47426,39.52232537208954,1.0,560,681,1241,0.0,0.0008333472224606453,1.0000000000000013,0.0
47427,39.52315871931199,1.0,560,681,1241,0.0,0.0008333472224535399,1.0000000000000013,0.0
47428,39.52399206653445,1.0,560,681,1241,0.0,0.0008333472224535399,1.0000000000000013,0.0
47429,39.5248254137569,1.0,560,681,1241,0.0,0.0008333472224535399,1.0000000000000013,0.0
47430,39.525658760979354,1.0,560,681,1241,0.0,0.0008333472224535399,1.0000000000000013,0.0
47431,39.52649210820181,1.0,560,681,1241,0.0,0.0008333472224535399,1.0000000000000013,0.0
47432,39.52732545542426,1.0,560,681,1241,0.0,0.0008333472224535399,1.0000000000000013,0.0
47433,39.528158802646715,1.0,560,681,1241,0.0,0.0008333472224535399,1.0000000000000013,0.0
47434,39.52899214986917,1.0,560,681,1241,0.0,0.0008333472224535399,1.0000000000000013,0.0
47435,39.52982549709162,1.0,560,681,1241,0.0,0.0008333472224535399,1.0000000000000013,0.0
47436,39.530658844314075,1.0,560,681,1241,0.0,0.0008333472224535399,1.0000000000000013,0.0
47437,39.53149219153653,1.0,560,681,1241,0.0,0.0008333472224535399,1.0000000000000013,0.0
47438,39.53232553875898,1.0,560,681,1241,0.0,0.0008333472224535399,1.0000000000000013,0.0
47439,39.533158885981436,1.0,560,681,1241,0.0,0.0008333472224535399,1.0000000000000013,0.0
47440,39.53399223320389,1.0,560,681,1241,0.0,0.0008333472224535399,1.0000000000000013,0.0
47441,39.53482558042634,1.0,560,681,1241,0.0,0.0008333472224535399,1.0000000000000013,0.0
47442,39.5356589276488,1.0,560,681,1241,0.0,0.0008333472224535399,1.0000000000000013,0.0
47443,39.53649227487125,0.9991941982272361,560,681,1241,-0.0008058017727639033,0.0008333472224535399,0.999919419822725,-8.058017727639034e-05
47444,39.537325622093704,1.0,560,681,1241,0.0008058017727639033,0.0008333472224535399,0.999919419822725,0.0
47445,39.53815896931616,1.0,560,681,1241,0.0,0.0008333472224535399,0.999919419822725,0.0
47446,39.53899231653861,1.0,560,681,1241,0.0,0.0008333472224535399,0.999919419822725,0.0
47447,39.539825663761064,1.0,560,681,1241,0.0,0.0008333472224535399,0.999919419822725,0.0
47448,39.54065901098352,1.0,560,681,1241,0.0,0.0008333472224535399,0.999919419822725,0.0
47449,39.54149235820597,1.0,560,681,1241,0.0,0.0008333472224535399,0.999919419822725,0.0
47450,39.542325705428425,1.0,560,681,1241,0.0,0.0008333472224535399,0.999919419822725,0.0
47451,39.54315905265088,1.0,560,681,1241,0.0,0.0008333472224535399,0.999919419822725,0.0
47452,39.54399239987333,1.0,560,681,1241,0.0,0.0008333472224535399,0.999919419822725,0.0
47453,39.544825747095786,1.0,560,681,1241,0.0,0.0008333472224535399,1.0000000000000013,8.058017727639034e-05
47454,39.54565909431824,1.0,560,681,1241,0.0,0.0008333472224535399,1.0000000000000013,0.0
47455,39.54649244154069,1.0,560,681,1241,0.0,0.0008333472224535399,1.0000000000000013,0.0
47456,39.547325788763146,1.0,560,681,1241,0.0,0.0008333472224535399,1.0000000000000013,0.0
47457,39.5481591359856,1.0,560,681,1241,0.0,0.0008333472224535399,1.0000000000000013,0.0
47458,39.54899248320805,1.0,560,681,1241,0.0,0.0008333472224535399,1.0000000000000013,0.0
47459,39.54982583043051,1.0,560,681,1241,0.0,0.0008333472224535399,1.0000000000000013,0.0
47460,39.55065917765296,1.0,560,681,1241,0.0,0.0008333472224535399,1.0000000000000013,0.0
47461,39.551492524875414,1.0,560,681,1241,0.0,0.0008333472224535399,1.0000000000000013,0.0
47462,39.55232587209787,1.0,560,681,1241,0.0,0.0008333472224535399,1.0000000000000013,0.0
47463,39.55315921932032,1.0,560,681,1241,0.0,0.0008333472224535399,1.0000000000000013,0.0
47464,39.553992566542775,1.0,560,681,1241,0.0,0.0008333472224535399,1.0000000000000013,0.0
47465,39.55482591376523,1.0,560,681,1241,0.0,0.0008333472224535399,1.0000000000000013,0.0
47466,39.55565926098768,1.0,560,681,1241,0.0,0.0008333472224535399,1.0000000000000013,0.0
47467,39.556492608210135,0.9991941982272361,560,681,1241,-0.0008058017727639033,0.0008333472224535399,0.999919419822725,-8.058017727639034e-05
47468,39.55732595543259,0.9991941982272361,560,681,1241,0.0,0.0008333472224535399,0.9998388396454487,-8.058017727639034e-05
47469,39.55815930265505,0.9991941982272361,560,681,1241,0.0,0.0008333472224606453,0.9997582594681724,-8.058017727639034e-05
47470,39.5589926498775,0.9991941982272361,560,681,1241,0.0,0.0008333472224535399,0.999677679290896,-8.058017727639034e-05
47471,39.559825997099956,0.9991941982272361,560,681,1241,0.0,0.0008333472224535399,0.9995970991136197,-8.058017727639034e-05
47472,39.56065934432241,0.9991941982272361,560,681,1241,0.0,0.0008333472224535399,0.9995165189363433,-8.058017727639034e-05
47473,39.56149269154486,0.9975825946817083,560,681,1241,-0.0016116035455278066,0.0008333472224535399,0.9992747784045142,-0.00024174053182917098
47474,39.56232603876732,0.9991941982272361,560,681,1241,0.0016116035455278066,0.0008333472224535399,0.9991941982272378,-8.058017727639034e-05
47475,39.56315938598977,0.9991941982272361,560,681,1241,0.0,0.0008333472224535399,0.9991136180499615,-8.058017727639034e-05
47476,39.563992733212224,0.9991941982272361,560,681,1241,0.0,0.0008333472224535399,0.999033037872685,-8.058017727639034e-05
47477,39.56482608043468,0.9991941982272361,560,681,1241,0.0,0.0008333472224535399,0.999033037872685,0.0
47478,39.56565942765713,1.0,560,681,1241,0.0008058017727639033,0.0008333472224535399,0.9991136180499615,8.058017727639034e-05
47479,39.566492774879585,1.0,560,681,1241,0.0,0.0008333472224535399,0.9991941982272378,8.058017727639034e-05
47480,39.56732612210204,1.0,560,681,1241,0.0,0.0008333472224535399,0.9992747784045142,8.058017727639034e-05
47481,39.56815946932449,1.0,560,681,1241,0.0,0.0008333472224535399,0.9993553585817905,8.058017727639034e-05
47482,39.568992816546945,1.0,560,681,1241,0.0,0.0008333472224535399,0.9994359387590668,8.058017727639034e-05
47483,39.5698261637694,1.0,560,681,1241,0.0,0.0008333472224535399,0.999677679290896,0.00024174053182917098
47484,39.57065951099185,1.0,560,681,1241,0.0,0.0008333472224535399,0.9997582594681724,8.058017727639034e-05
47485,39.571492858214306,1.0,560,681,1241,0.0,0.0008333472224535399,0.9998388396454487,8.058017727639034e-05
47486,39.57232620543676,1.0,560,681,1241,0.0,0.0008333472224535399,0.999919419822725,8.058017727639034e-05
47487,39.57315955265921,1.0,560,681,1241,0.0,0.0008333472224535399,1.0000000000000013,8.058017727639034e-05
47488,39.57399289988167,1.0,560,681,1241,0.0,0.0008333472224535399,1.0000000000000013,0.0
47489,39.57482624710412,1.0,560,681,1241,0.0,0.0008333472224535399,1.0000000000000013,0.0
47490,39.575659594326574,1.0,560,681,1241,0.0,0.0008333472224535399,1.0000000000000013,0.0
47491,39.57649294154903,1.0,560,681,1241,0.0,0.0008333472224535399,1.0000000000000013,0.0
47492,39.57732628877148,0.9991941982272361,560,681,1241,-0.0008058017727639033,0.0008333472224535399,0.999919419822725,-8.058017727639034e-05
47493,39.578159635993934,1.0,560,681,1241,0.0008058017727639033,0.0008333472224535399,0.999919419822725,0.0
47494,39.57899298321639,1.0,560,681,1241,0.0,0.0008333472224535399,0.999919419822725,0.0
47495,39.57982633043884,1.0,560,681,1241,0.0,0.0008333472224535399,0.999919419822725,0.0
47496,39.580659677661295,1.0,560,681,1241,0.0,0.0008333472224535399,0.999919419822725,0.0
47497,39.58149302488375,1.0,560,681,1241,0.0,0.0008333472224535399,0.999919419822725,0.0
47498,39.5823263721062,1.0,560,681,1241,0.0,0.0008333472224535399,0.999919419822725,0.0
47499,39.583159719328656,1.0,560,681,1241,0.0,0.0008333472224535399,0.999919419822725,0.0
47500,39.58399306655111,1.0,560,681,1241,0.0,0.0008333472224535399,0.999919419822725,0.0
47501,39.58482641377356,1.0,560,681,1241,0.0,0.0008333472224535399,0.999919419822725,0.0
47502,39.585659760996016,1.0,560,681,1241,0.0,0.0008333472224535399,1.0000000000000013,8.058017727639034e-05
47503,39.58649310821847,1.0,560,681,1241,0.0,0.0008333472224535399,1.0000000000000013,0.0
47504,39.58732645544092,1.0,560,681,1241,0.0,0.0008333472224535399,1.0000000000000013,0.0
47505,39.58815980266338,1.0,560,681,1241,0.0,0.0008333472224535399,1.0000000000000013,0.0
47506,39.58899314988583,1.0,560,681,1241,0.0,0.0008333472224535399,1.0000000000000013,0.0
47507,39.589826497108284,1.0,560,681,1241,0.0,0.0008333472224535399,1.0000000000000013,0.0
47508,39.59065984433074,0.9991941982272361,560,681,1241,-0.0008058017727639033,0.0008333472224535399,0.999919419822725,-8.058017727639034e-05
47509,39.59149319155319,0.9991941982272361,560,681,1241,0.0,0.0008333472224535399,0.9998388396454487,-8.058017727639034e-05
47510,39.592326538775644,0.9991941982272361,560,681,1241,0.0,0.0008333472224535399,0.9997582594681724,-8.058017727639034e-05
47511,39.593159885998105,0.9991941982272361,560,681,1241,0.0,0.0008333472224606453,0.999677679290896,-8.058017727639034e-05
47512,39.59399323322056,1.0,560,681,1241,0.0008058017727639033,0.0008333472224535399,0.999677679290896,0.0
47513,39.59482658044301,0.9991941982272361,560,681,1241,-0.0008058017727639033,0.0008333472224535399,0.9995970991136197,-8.058017727639034e-05
47514,39.595659927665466,1.0,560,681,1241,0.0008058017727639033,0.0008333472224535399,0.9995970991136197,0.0
47515,39.59649327488792,1.0,560,681,1241,0.0,0.0008333472224535399,0.9995970991136197,0.0
47516,39.59732662211037,1.0,560,681,1241,0.0,0.0008333472224535399,0.9995970991136197,0.0
47517,39.598159969332826,1.0,560,681,1241,0.0,0.0008333472224535399,0.9995970991136197,0.0
47518,39.59899331655528,1.0,560,681,1241,0.0,0.0008333472224535399,0.999677679290896,8.058017727639034e-05
47519,39.59982666377773,1.0,560,681,1241,0.0,0.0008333472224535399,0.9997582594681724,8.058017727639034e-05
47520,39.60066001100019,1.0,560,681,1241,0.0,0.0008333472224535399,0.9998388396454487,8.058017727639034e-05
47521,39.60149335822264,1.0,560,681,1241,0.0,0.0008333472224535399,0.999919419822725,8.058017727639034e-05
47522,39.602326705445094,1.0,560,681,1241,0.0,0.0008333472224535399,0.999919419822725,0.0
47523,39.60316005266755,1.0,560,681,1241,0.0,0.0008333472224535399,1.0000000000000013,8.058017727639034e-05
47524,39.60399339989,1.0,560,681,1241,0.0,0.0008333472224535399,1.0000000000000013,0.0
47525,39.604826747112455,1.0,560,681,1241,0.0,0.0008333472224535399,1.0000000000000013,0.0
47526,39.60566009433491,0.9991941982272361,560,681,1241,-0.0008058017727639033,0.0008333472224535399,0.999919419822725,-8.058017727639034e-05
47527,39.60649344155736,0.9991941982272361,560,681,1241,0.0,0.0008333472224535399,0.9998388396454487,-8.058017727639034e-05
47528,39.607326788779815,1.0,560,681,1241,0.0008058017727639033,0.0008333472224535399,0.9998388396454487,0.0
47529,39.60816013600227,0.9991941982272361,560,681,1241,-0.0008058017727639033,0.0008333472224535399,0.9997582594681724,-8.058017727639034e-05
47530,39.60899348322472,0.9983883964544722,560,681,1241,-0.0008058017727639033,0.0008333472224535399,0.9995970991136197,-0.00016116035455278067
47531,39.609826830447176,0.9983883964544722,560,681,1241,0.0,0.0008333472224535399,0.999435938759067,-0.00016116035455278067
47532,39.61066017766963,0.9991941982272361,560,681,1241,0.0008058017727639033,0.0008333472224535399,0.9993553585817907,-8.058017727639034e-05
47533,39.61149352489208,0.9991941982272361,560,681,1241,0.0,0.0008333472224535399,0.9992747784045143,-8.058017727639034e-05
47534,39.61232687211454,0.9991941982272361,560,681,1241,0.0,0.0008333472224535399,0.999194198227238,-8.058017727639034e-05
47535,39.61316021933699,0.9991941982272361,560,681,1241,0.0,0.0008333472224535399,0.9991136180499616,-8.058017727639034e-05
47536,39.613993566559444,0.9991941982272361,560,681,1241,0.0,0.0008333472224535399,0.9991136180499616,0.0
47537,39.6148269137819,1.0,560,681,1241,0.0008058017727639033,0.0008333472224535399,0.999194198227238,8.058017727639034e-05
47538,39.61566026100435,1.0,560,681,1241,0.0,0.0008333472224535399,0.999194198227238,0.0
47539,39.616493608226804,1.0,560,681,1241,0.0,0.0008333472224535399,0.9992747784045143,8.058017727639034e-05
47540,39.61732695544926,1.0,560,681,1241,0.0,0.0008333472224535399,0.999435938759067,0.00016116035455278067
47541,39.61816030267171,0.9991941982272361,560,681,1241,-0.0008058017727639033,0.0008333472224535399,0.9995165189363433,8.058017727639034e-05
47542,39.618993649894165,1.0,560,681,1241,0.0008058017727639033,0.0008333472224535399,0.9995970991136197,8.058017727639034e-05
47543,39.61982699711662,1.0,560,681,1241,0.0,0.0008333472224535399,0.999677679290896,8.058017727639034e-05
47544,39.62066034433907,1.0,560,681,1241,0.0,0.0008333472224535399,0.9997582594681724,8.058017727639034e-05
47545,39.621493691561525,1.0,560,681,1241,0.0,0.0008333472224535399,0.9998388396454487,8.058017727639034e-05
47546,39.62232703878398,1.0,560,681,1241,0.0,0.0008333472224535399,0.999919419822725,8.058017727639034e-05
47547,39.62316038600643,1.0,560,681,1241,0.0,0.0008333472224535399,0.999919419822725,0.0
47548,39.623993733228886,1.0,560,681,1241,0.0,0.0008333472224535399,0.999919419822725,0.0
47549,39.62482708045134,1.0,560,681,1241,0.0,0.0008333472224535399,0.999919419822725,0.0
47550,39.62566042767379,1.0,560,681,1241,0.0,0.0008333472224535399,0.999919419822725,0.0
47551,39.62649377489625,1.0,560,681,1241,0.0,0.0008333472224535399,1.0000000000000013,8.058017727639034e-05
47552,39.6273271221187,1.0,560,681,1241,0.0,0.0008333472224535399,1.0000000000000013,0.0
47553,39.62816046934116,1.0,560,681,1241,0.0,0.0008333472224606453,1.0000000000000013,0.0
47554,39.628993816563614,1.0,560,681,1241,0.0,0.0008333472224535399,1.0000000000000013,0.0
47555,39.62982716378607,1.0,560,681,1241,0.0,0.0008333472224535399,1.0000000000000013,0.0
47556,39.63066051100852,1.0,560,681,1241,0.0,0.0008333472224535399,1.0000000000000013,0.0
47557,39.631493858230975,1.0,560,681,1241,0.0,0.0008333472224535399,1.0000000000000013,0.0
47558,39.63232720545343,1.0,560,681,1241,0.0,0.0008333472224535399,1.0000000000000013,0.0
47559,39.63316055267588,1.0,560,681,1241,0.0,0.0008333472224535399,1.0000000000000013,0.0
47560,39.633993899898336,0.9991941982272361,560,681,1241,-0.0008058017727639033,0.0008333472224535399,0.999919419822725,-8.058017727639034e-05
47561,39.63482724712079,0.9983883964544722,560,681,1241,-0.0008058017727639033,0.0008333472224535399,0.9997582594681724,-0.00016116035455278067
47562,39.63566059434324,0.9983883964544722,560,681,1241,0.0,0.0008333472224535399,0.9995970991136197,-0.00016116035455278067
47563,39.636493941565696,0.9983883964544722,560,681,1241,0.0,0.0008333472224535399,0.999435938759067,-0.00016116035455278067
47564,39.63732728878815,0.9983883964544722,560,681,1241,0.0,0.0008333472224535399,0.9992747784045143,-0.00016116035455278067
47565,39.6381606360106,1.0,560,681,1241,0.0016116035455278066,0.0008333472224535399,0.9992747784045143,0.0
47566,39.63899398323306,1.0,560,681,1241,0.0,0.0008333472224535399,0.9992747784045143,0.0
47567,39.63982733045551,1.0,560,681,1241,0.0,0.0008333472224535399,0.9992747784045143,0.0
47568,39.640660677677964,1.0,560,681,1241,0.0,0.0008333472224535399,0.9992747784045143,0.0
47569,39.64149402490042,1.0,560,681,1241,0.0,0.0008333472224535399,0.9992747784045143,0.0
47570,39.64232737212287,1.0,560,681,1241,0.0,0.0008333472224535399,0.9993553585817907,8.058017727639034e-05
47571,39.643160719345325,1.0,560,681,1241,0.0,0.0008333472224535399,0.9995165189363433,0.00016116035455278067
47572,39.64399406656778,1.0,560,681,1241,0.0,0.0008333472224535399,0.999677679290896,0.00016116035455278067
47573,39.64482741379023,1.0,560,681,1241,0.0,0.0008333472224535399,0.9998388396454487,0.00016116035455278067
47574,39.645660761012685,1.0,560,681,1241,0.0,0.0008333472224535399,1.0000000000000013,0.00016116035455278067
47575,39.64649410823514,1.0,560,681,1241,0.0,0.0008333472224535399,1.0000000000000013,0.0
47576,39.64732745545759,1.0,560,681,1241,0.0,0.0008333472224535399,1.0000000000000013,0.0
47577,39.648160802680046,1.0,560,681,1241,0.0,0.0008333472224535399,1.0000000000000013,0.0
47578,39.6489941499025,1.0,560,681,1241,0.0,0.0008333472224535399,1.0000000000000013,0.0
47579,39.64982749712495,1.0,560,681,1241,0.0,0.0008333472224535399,1.0000000000000013,0.0
47580,39.65066084434741,1.0,560,681,1241,0.0,0.0008333472224535399,1.0000000000000013,0.0
47581,39.65149419156986,1.0,560,681,1241,0.0,0.0008333472224535399,1.0000000000000013,0.0
47582,39.65232753879231,1.0,560,681,1241,0.0,0.0008333472224535399,1.0000000000000013,0.0
47583,39.65316088601477,1.0,560,681,1241,0.0,0.0008333472224535399,1.0000000000000013,0.0
47584,39.65399423323722,1.0,560,681,1241,0.0,0.0008333472224535399,1.0000000000000013,0.0
47585,39.654827580459674,1.0,560,681,1241,0.0,0.0008333472224535399,1.0000000000000013,0.0
47586,39.65566092768213,1.0,560,681,1241,0.0,0.0008333472224535399,1.0000000000000013,0.0
47587,39.65649427490458,1.0,560,681,1241,0.0,0.0008333472224535399,1.0000000000000013,0.0
47588,39.657327622127035,1.0,560,681,1241,0.0,0.0008333472224535399,1.0000000000000013,0.0
47589,39.65816096934949,1.0,560,681,1241,0.0,0.0008333472224535399,1.0000000000000013,0.0
47590,39.65899431657194,1.0,560,681,1241,0.0,0.0008333472224535399,1.0000000000000013,0.0
47591,39.659827663794395,1.0,560,681,1241,0.0,0.0008333472224535399,1.0000000000000013,0.0
47592,39.66066101101685,1.0,560,681,1241,0.0,0.0008333472224535399,1.0000000000000013,0.0
47593,39.6614943582393,1.0,560,681,1241,0.0,0.0008333472224535399,1.0000000000000013,0.0
47594,39.662327705461756,0.9991941982272361,560,681,1241,-0.0008058017727639033,0.0008333472224535399,0.999919419822725,-8.058017727639034e-05
47595,39.66316105268421,0.9991941982272361,560,681,1241,0.0,0.0008333472224535399,0.9998388396454487,-8.058017727639034e-05
47596,39.66399439990667,0.9991941982272361,560,681,1241,0.0,0.0008333472224606453,0.9997582594681724,-8.058017727639034e-05
47597,39.664827747129124,0.9991941982272361,560,681,1241,0.0,0.0008333472224535399,0.999677679290896,-8.058017727639034e-05
47598,39.66566109435158,0.9983883964544722,560,681,1241,-0.0008058017727639033,0.0008333472224535399,0.9995165189363433,-0.00016116035455278067
47599,39.66649444157403,0.9991941982272361,560,681,1241,0.0008058017727639033,0.0008333472224535399,0.999435938759067,-8.058017727639034e-05
47600,39.667327788796484,0.9991941982272361,560,681,1241,0.0,0.0008333472224535399,0.9993553585817907,-8.058017727639034e-05
47601,39.66816113601894,0.9991941982272361,560,681,1241,0.0,0.0008333472224535399,0.9992747784045143,-8.058017727639034e-05
47602,39.66899448324139,1.0,560,681,1241,0.0008058017727639033,0.0008333472224535399,0.9992747784045143,0.0
47603,39.669827830463845,1.0,560,681,1241,0.0,0.0008333472224535399,0.9992747784045143,0.0
47604,39.6706611776863,1.0,560,681,1241,0.0,0.0008333472224535399,0.9993553585817907,8.058017727639034e-05
47605,39.67149452490875,1.0,560,681,1241,0.0,0.0008333472224535399,0.999435938759067,8.058017727639034e-05
47606,39.672327872131206,1.0,560,681,1241,0.0,0.0008333472224535399,0.9995165189363433,8.058017727639034e-05
47607,39.67316121935366,1.0,560,681,1241,0.0,0.0008333472224535399,0.9995970991136197,8.058017727639034e-05
47608,39.67399456657611,1.0,560,681,1241,0.0,0.0008333472224535399,0.9997582594681724,0.00016116035455278067
47609,39.674827913798566,1.0,560,681,1241,0.0,0.0008333472224535399,0.9998388396454487,8.058017727639034e-05
47610,39.67566126102102,1.0,560,681,1241,0.0,0.0008333472224535399,0.999919419822725,8.058017727639034e-05
47611,39.67649460824347,1.0,560,681,1241,0.0,0.0008333472224535399,1.0000000000000013,8.058017727639034e-05
47612,39.67732795546593,1.0,560,681,1241,0.0,0.0008333472224535399,1.0000000000000013,0.0
47613,39.67816130268838,1.0,560,681,1241,0.0,0.0008333472224535399,1.0000000000000013,0.0
47614,39.678994649910834,1.0,560,681,1241,0.0,0.0008333472224535399,1.0000000000000013,0.0
47615,39.67982799713329,1.0,560,681,1241,0.0,0.0008333472224535399,1.0000000000000013,0.0
47616,39.68066134435574,1.0,560,681,1241,0.0,0.0008333472224535399,1.0000000000000013,0.0
47617,39.681494691578195,1.0,560,681,1241,0.0,0.0008333472224535399,1.0000000000000013,0.0
47618,39.68232803880065,1.0,560,681,1241,0.0,0.0008333472224535399,1.0000000000000013,0.0
47619,39.6831613860231,1.0,560,681,1241,0.0,0.0008333472224535399,1.0000000000000013,0.0
47620,39.683994733245555,1.0,560,681,1241,0.0,0.0008333472224535399,1.0000000000000013,0.0
47621,39.68482808046801,1.0,560,681,1241,0.0,0.0008333472224535399,1.0000000000000013,0.0
47622,39.68566142769046,1.0,560,681,1241,0.0,0.0008333472224535399,1.0000000000000013,0.0
47623,39.686494774912916,1.0,560,681,1241,0.0,0.0008333472224535399,1.0000000000000013,0.0
47624,39.68732812213537,1.0,560,681,1241,0.0,0.0008333472224535399,1.0000000000000013,0.0
47625,39.68816146935782,1.0,560,681,1241,0.0,0.0008333472224535399,1.0000000000000013,0.0
47626,39.688994816580276,1.0,560,681,1241,0.0,0.0008333472224535399,1.0000000000000013,0.0
47627,39.68982816380273,1.0,560,681,1241,0.0,0.0008333472224535399,1.0000000000000013,0.0
47628,39.69066151102518,1.0,560,681,1241,0.0,0.0008333472224535399,1.0000000000000013,0.0
47629,39.69149485824764,0.9991941982272361,560,681,1241,-0.0008058017727639033,0.0008333472224535399,0.999919419822725,-8.058017727639034e-05
47630,39.69232820547009,0.9991941982272361,560,681,1241,0.0,0.0008333472224535399,0.9998388396454487,-8.058017727639034e-05
47631,39.693161552692544,0.9991941982272361,560,681,1241,0.0,0.0008333472224535399,0.9997582594681724,-8.058017727639034e-05
47632,39.693994899915,1.0,560,681,1241,0.0008058017727639033,0.0008333472224535399,0.9997582594681724,0.0
47633,39.69482824713745,1.0,560,681,1241,0.0,0.0008333472224535399,0.9997582594681724,0.0
47634,39.695661594359905,1.0,560,681,1241,0.0,0.0008333472224535399,0.9997582594681724,0.0
47635,39.69649494158236,1.0,560,681,1241,0.0,0.0008333472224535399,0.9997582594681724,0.0
47636,39.69732828880481,1.0,560,681,1241,0.0,0.0008333472224535399,0.9997582594681724,0.0
47637,39.698161636027265,1.0,560,681,1241,0.0,0.0008333472224535399,0.9997582594681724,0.0
47638,39.698994983249726,1.0,560,681,1241,0.0,0.0008333472224606453,0.9997582594681724,0.0
47639,39.69982833047218,1.0,560,681,1241,0.0,0.0008333472224535399,0.9998388396454487,8.058017727639034e-05
47640,39.70066167769463,1.0,560,681,1241,0.0,0.0008333472224535399,0.999919419822725,8.058017727639034e-05
47641,39.70149502491709,1.0,560,681,1241,0.0,0.0008333472224535399,1.0000000000000013,8.058017727639034e-05
47642,39.70232837213954,1.0,560,681,1241,0.0,0.0008333472224535399,1.0000000000000013,0.0
47643,39.703161719361994,1.0,560,681,1241,0.0,0.0008333472224535399,1.0000000000000013,0.0
47644,39.70399506658445,1.0,560,681,1241,0.0,0.0008333472224535399,1.0000000000000013,0.0
47645,39.7048284138069,1.0,560,681,1241,0.0,0.0008333472224535399,1.0000000000000013,0.0
47646,39.705661761029354,1.0,560,681,1241,0.0,0.0008333472224535399,1.0000000000000013,0.0
47647,39.70649510825181,1.0,560,681,1241,0.0,0.0008333472224535399,1.0000000000000013,0.0
47648,39.70732845547426,1.0,560,681,1241,0.0,0.0008333472224535399,1.0000000000000013,0.0
47649,39.708161802696715,1.0,560,681,1241,0.0,0.0008333472224535399,1.0000000000000013,0.0
47650,39.70899514991917,1.0,560,681,1241,0.0,0.0008333472224535399,1.0000000000000013,0.0
47651,39.70982849714162,1.0,560,681,1241,0.0,0.0008333472224535399,1.0000000000000013,0.0
47652,39.710661844364076,0.9991941982272361,560,681,1241,-0.0008058017727639033,0.0008333472224535399,0.999919419822725,-8.058017727639034e-05
47653,39.71149519158653,1.0,560,681,1241,0.0008058017727639033,0.0008333472224535399,0.999919419822725,0.0
47654,39.71232853880898,1.0,560,681,1241,0.0,0.0008333472224535399,0.999919419822725,0.0
47655,39.713161886031436,1.0,560,681,1241,0.0,0.0008333472224535399,0.999919419822725,0.0
47656,39.71399523325389,1.0,560,681,1241,0.0,0.0008333472224535399,0.999919419822725,0.0
47657,39.71482858047634,1.0,560,681,1241,0.0,0.0008333472224535399,0.999919419822725,0.0
47658,39.7156619276988,1.0,560,681,1241,0.0,0.0008333472224535399,0.999919419822725,0.0
47659,39.71649527492125,1.0,560,681,1241,0.0,0.0008333472224535399,0.999919419822725,0.0
47660,39.717328622143704,1.0,560,681,1241,0.0,0.0008333472224535399,0.999919419822725,0.0
47661,39.71816196936616,0.9991941982272361,560,681,1241,-0.0008058017727639033,0.0008333472224535399,0.9998388396454487,-8.058017727639034e-05
47662,39.71899531658861,1.0,560,681,1241,0.0008058017727639033,0.0008333472224535399,0.999919419822725,8.058017727639034e-05
47663,39.719828663811064,1.0,560,681,1241,0.0,0.0008333472224535399,0.999919419822725,0.0
47664,39.72066201103352,1.0,560,681,1241,0.0,0.0008333472224535399,0.999919419822725,0.0
47665,39.72149535825597,1.0,560,681,1241,0.0,0.0008333472224535399,0.999919419822725,0.0
47666,39.722328705478425,1.0,560,681,1241,0.0,0.0008333472224535399,0.999919419822725,0.0
47667,39.72316205270088,1.0,560,681,1241,0.0,0.0008333472224535399,0.999919419822725,0.0
47668,39.72399539992333,1.0,560,681,1241,0.0,0.0008333472224535399,0.999919419822725,0.0
47669,39.724828747145786,1.0,560,681,1241,0.0,0.0008333472224535399,0.999919419822725,0.0
47670,39.72566209436824,1.0,560,681,1241,0.0,0.0008333472224535399,0.999919419822725,0.0
47671,39.72649544159069,1.0,560,681,1241,0.0,0.0008333472224535399,1.0000000000000013,8.058017727639034e-05
47672,39.727328788813146,1.0,560,681,1241,0.0,0.0008333472224535399,1.0000000000000013,0.0
47673,39.7281621360356,1.0,560,681,1241,0.0,0.0008333472224535399,1.0000000000000013,0.0
47674,39.72899548325805,1.0,560,681,1241,0.0,0.0008333472224535399,1.0000000000000013,0.0
47675,39.72982883048051,1.0,560,681,1241,0.0,0.0008333472224535399,1.0000000000000013,0.0
47676,39.73066217770296,1.0,560,681,1241,0.0,0.0008333472224535399,1.0000000000000013,0.0
47677,39.731495524925414,1.0,560,681,1241,0.0,0.0008333472224535399,1.0000000000000013,0.0
47678,39.73232887214787,1.0,560,681,1241,0.0,0.0008333472224535399,1.0000000000000013,0.0
47679,39.73316221937032,1.0,560,681,1241,0.0,0.0008333472224535399,1.0000000000000013,0.0
47680,39.73399556659278,1.0,560,681,1241,0.0,0.0008333472224606453,1.0000000000000013,0.0
47681,39.734828913815235,1.0,560,681,1241,0.0,0.0008333472224535399,1.0000000000000013,0.0
47682,39.73566226103769,1.0,560,681,1241,0.0,0.0008333472224535399,1.0000000000000013,0.0
47683,39.73649560826014,1.0,560,681,1241,0.0,0.0008333472224535399,1.0000000000000013,0.0
47684,39.737328955482596,0.9991941982272361,560,681,1241,-0.0008058017727639033,0.0008333472224535399,0.999919419822725,-8.058017727639034e-05
47685,39.73816230270505,1.0,560,681,1241,0.0008058017727639033,0.0008333472224535399,0.999919419822725,0.0
47686,39.7389956499275,1.0,560,681,1241,0.0,0.0008333472224535399,0.999919419822725,0.0
47687,39.73982899714996,1.0,560,681,1241,0.0,0.0008333472224535399,0.999919419822725,0.0
47688,39.74066234437241,1.0,560,681,1241,0.0,0.0008333472224535399,0.999919419822725,0.0
47689,39.741495691594864,1.0,560,681,1241,0.0,0.0008333472224535399,0.999919419822725,0.0
47690,39.74232903881732,1.0,560,681,1241,0.0,0.0008333472224535399,0.999919419822725,0.0
47691,39.74316238603977,1.0,560,681,1241,0.0,0.0008333472224535399,0.999919419822725,0.0
47692,39.743995733262224,1.0,560,681,1241,0.0,0.0008333472224535399,0.999919419822725,0.0
47693,39.74482908048468,1.0,560,681,1241,0.0,0.0008333472224535399,0.999919419822725,0.0
47694,39.74566242770713,0.9991941982272361,560,681,1241,-0.0008058017727639033,0.0008333472224535399,0.999919419822725,0.0
47695,39.746495774929585,0.9991941982272361,560,681,1241,0.0,0.0008333472224535399,0.9998388396454487,-8.058017727639034e-05
47696,39.74732912215204,0.9991941982272361,560,681,1241,0.0,0.0008333472224535399,0.9997582594681724,-8.058017727639034e-05
47697,39.74816246937449,0.9991941982272361,560,681,1241,0.0,0.0008333472224535399,0.999677679290896,-8.058017727639034e-05
47698,39.748995816596945,1.0,560,681,1241,0.0008058017727639033,0.0008333472224535399,0.999677679290896,0.0
47699,39.7498291638194,1.0,560,681,1241,0.0,0.0008333472224535399,0.999677679290896,0.0
47700,39.75066251104185,1.0,560,681,1241,0.0,0.0008333472224535399,0.999677679290896,0.0
47701,39.751495858264306,1.0,560,681,1241,0.0,0.0008333472224535399,0.999677679290896,0.0
47702,39.75232920548676,1.0,560,681,1241,0.0,0.0008333472224535399,0.999677679290896,0.0
47703,39.75316255270921,1.0,560,681,1241,0.0,0.0008333472224535399,0.999677679290896,0.0
47704,39.75399589993167,1.0,560,681,1241,0.0,0.0008333472224535399,0.9997582594681724,8.058017727639034e-05
47705,39.75482924715412,1.0,560,681,1241,0.0,0.0008333472224535399,0.9998388396454487,8.058017727639034e-05
47706,39.755662594376574,1.0,560,681,1241,0.0,0.0008333472224535399,0.999919419822725,8.058017727639034e-05
47707,39.75649594159903,1.0,560,681,1241,0.0,0.0008333472224535399,1.0000000000000013,8.058017727639034e-05
47708,39.75732928882148,1.0,560,681,1241,0.0,0.0008333472224535399,1.0000000000000013,0.0
47709,39.758162636043934,1.0,560,681,1241,0.0,0.0008333472224535399,1.0000000000000013,0.0
47710,39.75899598326639,1.0,560,681,1241,0.0,0.0008333472224535399,1.0000000000000013,0.0
47711,39.75982933048884,1.0,560,681,1241,0.0,0.0008333472224535399,1.0000000000000013,0.0
47712,39.760662677711295,1.0,560,681,1241,0.0,0.0008333472224535399,1.0000000000000013,0.0
47713,39.76149602493375,1.0,560,681,1241,0.0,0.0008333472224535399,1.0000000000000013,0.0
47714,39.7623293721562,1.0,560,681,1241,0.0,0.0008333472224535399,1.0000000000000013,0.0
47715,39.763162719378656,1.0,560,681,1241,0.0,0.0008333472224535399,1.0000000000000013,0.0
47716,39.76399606660111,1.0,560,681,1241,0.0,0.0008333472224535399,1.0000000000000013,0.0
47717,39.76482941382356,1.0,560,681,1241,0.0,0.0008333472224535399,1.0000000000000013,0.0
47718,39.765662761046016,1.0,560,681,1241,0.0,0.0008333472224535399,1.0000000000000013,0.0
47719,39.76649610826847,1.0,560,681,1241,0.0,0.0008333472224535399,1.0000000000000013,0.0
47720,39.76732945549092,1.0,560,681,1241,0.0,0.0008333472224535399,1.0000000000000013,0.0
47721,39.76816280271338,1.0,560,681,1241,0.0,0.0008333472224535399,1.0000000000000013,0.0
47722,39.76899614993583,1.0,560,681,1241,0.0,0.0008333472224535399,1.0000000000000013,0.0
47723,39.76982949715829,1.0,560,681,1241,0.0,0.0008333472224606453,1.0000000000000013,0.0
47724,39.770662844380745,1.0,560,681,1241,0.0,0.0008333472224535399,1.0000000000000013,0.0
47725,39.7714961916032,1.0,560,681,1241,0.0,0.0008333472224535399,1.0000000000000013,0.0
47726,39.77232953882565,1.0,560,681,1241,0.0,0.0008333472224535399,1.0000000000000013,0.0
47727,39.773162886048105,1.0,560,681,1241,0.0,0.0008333472224535399,1.0000000000000013,0.0
47728,39.77399623327056,1.0,560,681,1241,0.0,0.0008333472224535399,1.0000000000000013,0.0
47729,39.77482958049301,1.0,560,681,1241,0.0,0.0008333472224535399,1.0000000000000013,0.0
47730,39.775662927715466,0.9991941982272361,560,681,1241,-0.0008058017727639033,0.0008333472224535399,0.999919419822725,-8.058017727639034e-05
47731,39.77649627493792,0.9991941982272361,560,681,1241,0.0,0.0008333472224535399,0.9998388396454487,-8.058017727639034e-05
47732,39.77732962216037,1.0,560,681,1241,0.0008058017727639033,0.0008333472224535399,0.9998388396454487,0.0
47733,39.77816296938283,1.0,560,681,1241,0.0,0.0008333472224535399,0.9998388396454487,0.0
47734,39.77899631660528,1.0,560,681,1241,0.0,0.0008333472224535399,0.9998388396454487,0.0
47735,39.779829663827734,1.0,560,681,1241,0.0,0.0008333472224535399,0.9998388396454487,0.0
47736,39.78066301105019,1.0,560,681,1241,0.0,0.0008333472224535399,0.9998388396454487,0.0
47737,39.78149635827264,1.0,560,681,1241,0.0,0.0008333472224535399,0.9998388396454487,0.0
47738,39.782329705495094,1.0,560,681,1241,0.0,0.0008333472224535399,0.9998388396454487,0.0
47739,39.78316305271755,1.0,560,681,1241,0.0,0.0008333472224535399,0.9998388396454487,0.0
47740,39.78399639994,1.0,560,681,1241,0.0,0.0008333472224535399,0.999919419822725,8.058017727639034e-05
47741,39.784829747162455,1.0,560,681,1241,0.0,0.0008333472224535399,1.0000000000000013,8.058017727639034e-05
47742,39.78566309438491,0.9991941982272361,560,681,1241,-0.0008058017727639033,0.0008333472224535399,0.999919419822725,-8.058017727639034e-05
47743,39.78649644160736,0.9991941982272361,560,681,1241,0.0,0.0008333472224535399,0.9998388396454487,-8.058017727639034e-05
47744,39.787329788829815,0.9991941982272361,560,681,1241,0.0,0.0008333472224535399,0.9997582594681724,-8.058017727639034e-05
47745,39.78816313605227,0.9991941982272361,560,681,1241,0.0,0.0008333472224535399,0.999677679290896,-8.058017727639034e-05
47746,39.78899648327472,0.9991941982272361,560,681,1241,0.0,0.0008333472224535399,0.9995970991136197,-8.058017727639034e-05
47747,39.789829830497176,1.0,560,681,1241,0.0008058017727639033,0.0008333472224535399,0.9995970991136197,0.0
47748,39.79066317771963,0.9991941982272361,560,681,1241,-0.0008058017727639033,0.0008333472224535399,0.9995165189363433,-8.058017727639034e-05
47749,39.79149652494208,1.0,560,681,1241,0.0008058017727639033,0.0008333472224535399,0.9995165189363433,0.0
47750,39.79232987216454,1.0,560,681,1241,0.0,0.0008333472224535399,0.9995165189363433,0.0
47751,39.79316321938699,1.0,560,681,1241,0.0,0.0008333472224535399,0.9995165189363433,0.0
47752,39.793996566609444,1.0,560,681,1241,0.0,0.0008333472224535399,0.9995970991136197,8.058017727639034e-05
47753,39.7948299138319,1.0,560,681,1241,0.0,0.0008333472224535399,0.999677679290896,8.058017727639034e-05
47754,39.79566326105435,1.0,560,681,1241,0.0,0.0008333472224535399,0.9997582594681724,8.058017727639034e-05
47755,39.796496608276804,1.0,560,681,1241,0.0,0.0008333472224535399,0.9998388396454487,8.058017727639034e-05
47756,39.79732995549926,1.0,560,681,1241,0.0,0.0008333472224535399,0.999919419822725,8.058017727639034e-05
47757,39.79816330272171,1.0,560,681,1241,0.0,0.0008333472224535399,0.999919419822725,0.0
47758,39.798996649944165,1.0,560,681,1241,0.0,0.0008333472224535399,1.0000000000000013,8.058017727639034e-05
47759,39.79982999716662,0.9991941982272361,560,681,1241,-0.0008058017727639033,0.0008333472224535399,0.999919419822725,-8.058017727639034e-05
47760,39.80066334438907,0.9991941982272361,560,681,1241,0.0,0.0008333472224535399,0.9998388396454487,-8.058017727639034e-05
47761,39.801496691611526,0.9991941982272361,560,681,1241,0.0,0.0008333472224535399,0.9997582594681724,-8.058017727639034e-05
47762,39.80233003883398,1.0,560,681,1241,0.0008058017727639033,0.0008333472224535399,0.9997582594681724,0.0
47763,39.80316338605643,1.0,560,681,1241,0.0,0.0008333472224535399,0.9997582594681724,0.0
47764,39.803996733278886,1.0,560,681,1241,0.0,0.0008333472224535399,0.9997582594681724,0.0
47765,39.80483008050135,1.0,560,681,1241,0.0,0.0008333472224606453,0.9997582594681724,0.0
47766,39.8056634277238,1.0,560,681,1241,0.0,0.0008333472224535399,0.9997582594681724,0.0
47767,39.806496774946254,1.0,560,681,1241,0.0,0.0008333472224535399,0.9997582594681724,0.0
47768,39.80733012216871,1.0,560,681,1241,0.0,0.0008333472224535399,0.9997582594681724,0.0
47769,39.80816346939116,1.0,560,681,1241,0.0,0.0008333472224535399,0.9998388396454487,8.058017727639034e-05
47770,39.808996816613615,1.0,560,681,1241,0.0,0.0008333472224535399,0.999919419822725,8.058017727639034e-05
47771,39.80983016383607,1.0,560,681,1241,0.0,0.0008333472224535399,1.0000000000000013,8.058017727639034e-05
47772,39.81066351105852,1.0,560,681,1241,0.0,0.0008333472224535399,1.0000000000000013,0.0
47773,39.811496858280975,1.0,560,681,1241,0.0,0.0008333472224535399,1.0000000000000013,0.0
47774,39.81233020550343,1.0,560,681,1241,0.0,0.0008333472224535399,1.0000000000000013,0.0
47775,39.81316355272588,1.0,560,681,1241,0.0,0.0008333472224535399,1.0000000000000013,0.0
47776,39.813996899948336,1.0,560,681,1241,0.0,0.0008333472224535399,1.0000000000000013,0.0
47777,39.81483024717079,1.0,560,681,1241,0.0,0.0008333472224535399,1.0000000000000013,0.0
47778,39.81566359439324,1.0,560,681,1241,0.0,0.0008333472224535399,1.0000000000000013,0.0
47779,39.816496941615696,1.0,560,681,1241,0.0,0.0008333472224535399,1.0000000000000013,0.0
47780,39.81733028883815,1.0,560,681,1241,0.0,0.0008333472224535399,1.0000000000000013,0.0
47781,39.8181636360606,1.0,560,681,1241,0.0,0.0008333472224535399,1.0000000000000013,0.0
47782,39.81899698328306,1.0,560,681,1241,0.0,0.0008333472224535399,1.0000000000000013,0.0
47783,39.81983033050551,1.0,560,681,1241,0.0,0.0008333472224535399,1.0000000000000013,0.0
47784,39.820663677727964,1.0,560,681,1241,0.0,0.0008333472224535399,1.0000000000000013,0.0
47785,39.82149702495042,1.0,560,681,1241,0.0,0.0008333472224535399,1.0000000000000013,0.0
47786,39.82233037217287,1.0,560,681,1241,0.0,0.0008333472224535399,1.0000000000000013,0.0
47787,39.823163719395325,1.0,560,681,1241,0.0,0.0008333472224535399,1.0000000000000013,0.0
47788,39.82399706661778,1.0,560,681,1241,0.0,0.0008333472224535399,1.0000000000000013,0.0
47789,39.82483041384023,1.0,560,681,1241,0.0,0.0008333472224535399,1.0000000000000013,0.0
47790,39.825663761062685,1.0,560,681,1241,0.0,0.0008333472224535399,1.0000000000000013,0.0
47791,39.82649710828514,1.0,560,681,1241,0.0,0.0008333472224535399,1.0000000000000013,0.0
47792,39.82733045550759,1.0,560,681,1241,0.0,0.0008333472224535399,1.0000000000000013,0.0
47793,39.828163802730046,1.0,560,681,1241,0.0,0.0008333472224535399,1.0000000000000013,0.0
47794,39.8289971499525,1.0,560,681,1241,0.0,0.0008333472224535399,1.0000000000000013,0.0
47795,39.82983049717495,1.0,560,681,1241,0.0,0.0008333472224535399,1.0000000000000013,0.0
47796,39.83066384439741,1.0,560,681,1241,0.0,0.0008333472224535399,1.0000000000000013,0.0
47797,39.83149719161986,1.0,560,681,1241,0.0,0.0008333472224535399,1.0000000000000013,0.0
47798,39.832330538842314,1.0,560,681,1241,0.0,0.0008333472224535399,1.0000000000000013,0.0
47799,39.83316388606477,1.0,560,681,1241,0.0,0.0008333472224535399,1.0000000000000013,0.0
47800,39.83399723328722,1.0,560,681,1241,0.0,0.0008333472224535399,1.0000000000000013,0.0
47801,39.834830580509674,1.0,560,681,1241,0.0,0.0008333472224535399,1.0000000000000013,0.0
47802,39.83566392773213,1.0,560,681,1241,0.0,0.0008333472224535399,1.0000000000000013,0.0
47803,39.83649727495458,0.9991941982272361,560,681,1241,-0.0008058017727639033,0.0008333472224535399,0.999919419822725,-8.058017727639034e-05
47804,39.837330622177035,0.9991941982272361,560,681,1241,0.0,0.0008333472224535399,0.9998388396454487,-8.058017727639034e-05
47805,39.83816396939949,0.9991941982272361,560,681,1241,0.0,0.0008333472224535399,0.9997582594681724,-8.058017727639034e-05
47806,39.83899731662194,0.9991941982272361,560,681,1241,0.0,0.0008333472224535399,0.999677679290896,-8.058017727639034e-05
47807,39.8398306638444,0.9991941982272361,560,681,1241,0.0,0.0008333472224606453,0.9995970991136197,-8.058017727639034e-05
47808,39.840664011066856,1.0,560,681,1241,0.0008058017727639033,0.0008333472224535399,0.9995970991136197,0.0
47809,39.84149735828931,1.0,560,681,1241,0.0,0.0008333472224535399,0.9995970991136197,0.0
47810,39.84233070551176,1.0,560,681,1241,0.0,0.0008333472224535399,0.9995970991136197,0.0
47811,39.84316405273422,1.0,560,681,1241,0.0,0.0008333472224535399,0.9995970991136197,0.0
47812,39.84399739995667,1.0,560,681,1241,0.0,0.0008333472224535399,0.9995970991136197,0.0
47813,39.844830747179124,1.0,560,681,1241,0.0,0.0008333472224535399,0.999677679290896,8.058017727639034e-05
47814,39.84566409440158,1.0,560,681,1241,0.0,0.0008333472224535399,0.9997582594681724,8.058017727639034e-05
47815,39.84649744162403,1.0,560,681,1241,0.0,0.0008333472224535399,0.9998388396454487,8.058017727639034e-05
47816,39.847330788846484,1.0,560,681,1241,0.0,0.0008333472224535399,0.999919419822725,8.058017727639034e-05
47817,39.84816413606894,1.0,560,681,1241,0.0,0.0008333472224535399,1.0000000000000013,8.058017727639034e-05
47818,39.84899748329139,1.0,560,681,1241,0.0,0.0008333472224535399,1.0000000000000013,0.0
47819,39.849830830513845,1.0,560,681,1241,0.0,0.0008333472224535399,1.0000000000000013,0.0
47820,39.8506641777363,1.0,560,681,1241,0.0,0.0008333472224535399,1.0000000000000013,0.0
47821,39.85149752495875,1.0,560,681,1241,0.0,0.0008333472224535399,1.0000000000000013,0.0
47822,39.852330872181206,1.0,560,681,1241,0.0,0.0008333472224535399,1.0000000000000013,0.0
47823,39.85316421940366,1.0,560,681,1241,0.0,0.0008333472224535399,1.0000000000000013,0.0
47824,39.85399756662611,0.9991941982272361,560,681,1241,-0.0008058017727639033,0.0008333472224535399,0.999919419822725,-8.058017727639034e-05
47825,39.854830913848566,0.9991941982272361,560,681,1241,0.0,0.0008333472224535399,0.9998388396454487,-8.058017727639034e-05
47826,39.85566426107102,0.9991941982272361,560,681,1241,0.0,0.0008333472224535399,0.9997582594681724,-8.058017727639034e-05
47827,39.85649760829347,0.9991941982272361,560,681,1241,0.0,0.0008333472224535399,0.999677679290896,-8.058017727639034e-05
47828,39.85733095551593,1.0,560,681,1241,0.0008058017727639033,0.0008333472224535399,0.999677679290896,0.0
47829,39.85816430273838,1.0,560,681,1241,0.0,0.0008333472224535399,0.999677679290896,0.0
47830,39.858997649960834,1.0,560,681,1241,0.0,0.0008333472224535399,0.999677679290896,0.0
47831,39.85983099718329,1.0,560,681,1241,0.0,0.0008333472224535399,0.999677679290896,0.0
47832,39.86066434440574,1.0,560,681,1241,0.0,0.0008333472224535399,0.999677679290896,0.0
47833,39.861497691628195,1.0,560,681,1241,0.0,0.0008333472224535399,0.999677679290896,0.0
47834,39.86233103885065,1.0,560,681,1241,0.0,0.0008333472224535399,0.9997582594681724,8.058017727639034e-05
47835,39.8631643860731,1.0,560,681,1241,0.0,0.0008333472224535399,0.9998388396454487,8.058017727639034e-05
47836,39.863997733295555,1.0,560,681,1241,0.0,0.0008333472224535399,0.999919419822725,8.058017727639034e-05
47837,39.86483108051801,1.0,560,681,1241,0.0,0.0008333472224535399,1.0000000000000013,8.058017727639034e-05
47838,39.86566442774046,1.0,560,681,1241,0.0,0.0008333472224535399,1.0000000000000013,0.0
47839,39.866497774962916,1.0,560,681,1241,0.0,0.0008333472224535399,1.0000000000000013,0.0
47840,39.86733112218537,1.0,560,681,1241,0.0,0.0008333472224535399,1.0000000000000013,0.0
47841,39.86816446940782,1.0,560,681,1241,0.0,0.0008333472224535399,1.0000000000000013,0.0
47842,39.86899781663028,1.0,560,681,1241,0.0,0.0008333472224535399,1.0000000000000013,0.0
47843,39.86983116385273,1.0,560,681,1241,0.0,0.0008333472224535399,1.0000000000000013,0.0
47844,39.870664511075184,1.0,560,681,1241,0.0,0.0008333472224535399,1.0000000000000013,0.0
47845,39.87149785829764,1.0,560,681,1241,0.0,0.0008333472224535399,1.0000000000000013,0.0
47846,39.87233120552009,1.0,560,681,1241,0.0,0.0008333472224535399,1.0000000000000013,0.0
47847,39.873164552742544,1.0,560,681,1241,0.0,0.0008333472224535399,1.0000000000000013,0.0
47848,39.873997899965,1.0,560,681,1241,0.0,0.0008333472224535399,1.0000000000000013,0.0
47849,39.87483124718745,1.0,560,681,1241,0.0,0.0008333472224535399,1.0000000000000013,0.0
47850,39.87566459440991,1.0,560,681,1241,0.0,0.0008333472224606453,1.0000000000000013,0.0
47851,39.876497941632365,1.0,560,681,1241,0.0,0.0008333472224535399,1.0000000000000013,0.0
47852,39.87733128885482,1.0,560,681,1241,0.0,0.0008333472224535399,1.0000000000000013,0.0
47853,39.87816463607727,1.0,560,681,1241,0.0,0.0008333472224535399,1.0000000000000013,0.0
47854,39.878997983299726,1.0,560,681,1241,0.0,0.0008333472224535399,1.0000000000000013,0.0
47855,39.87983133052218,1.0,560,681,1241,0.0,0.0008333472224535399,1.0000000000000013,0.0
47856,39.88066467774463,1.0,560,681,1241,0.0,0.0008333472224535399,1.0000000000000013,0.0
47857,39.88149802496709,1.0,560,681,1241,0.0,0.0008333472224535399,1.0000000000000013,0.0
47858,39.88233137218954,1.0,560,681,1241,0.0,0.0008333472224535399,1.0000000000000013,0.0
47859,39.883164719411994,1.0,560,681,1241,0.0,0.0008333472224535399,1.0000000000000013,0.0
47860,39.88399806663445,1.0,560,681,1241,0.0,0.0008333472224535399,1.0000000000000013,0.0
47861,39.8848314138569,1.0,560,681,1241,0.0,0.0008333472224535399,1.0000000000000013,0.0
47862,39.885664761079354,1.0,560,681,1241,0.0,0.0008333472224535399,1.0000000000000013,0.0
47863,39.88649810830181,0.9991941982272361,560,681,1241,-0.0008058017727639033,0.0008333472224535399,0.999919419822725,-8.058017727639034e-05
47864,39.88733145552426,0.9991941982272361,560,681,1241,0.0,0.0008333472224535399,0.9998388396454487,-8.058017727639034e-05
47865,39.888164802746715,0.9991941982272361,560,681,1241,0.0,0.0008333472224535399,0.9997582594681724,-8.058017727639034e-05
47866,39.88899814996917,0.9991941982272361,560,681,1241,0.0,0.0008333472224535399,0.999677679290896,-8.058017727639034e-05
47867,39.88983149719162,0.9991941982272361,560,681,1241,0.0,0.0008333472224535399,0.9995970991136197,-8.058017727639034e-05
47868,39.890664844414076,0.9991941982272361,560,681,1241,0.0,0.0008333472224535399,0.9995165189363433,-8.058017727639034e-05
47869,39.89149819163653,0.9991941982272361,560,681,1241,0.0,0.0008333472224535399,0.999435938759067,-8.058017727639034e-05
47870,39.89233153885898,0.9991941982272361,560,681,1241,0.0,0.0008333472224535399,0.9993553585817907,-8.058017727639034e-05
47871,39.893164886081436,0.9991941982272361,560,681,1241,0.0,0.0008333472224535399,0.9992747784045143,-8.058017727639034e-05
47872,39.89399823330389,0.9991941982272361,560,681,1241,0.0,0.0008333472224535399,0.999194198227238,-8.058017727639034e-05
47873,39.89483158052634,0.9983883964544722,560,681,1241,-0.0008058017727639033,0.0008333472224535399,0.9991136180499616,-8.058017727639034e-05
47874,39.8956649277488,0.9983883964544722,560,681,1241,0.0,0.0008333472224535399,0.9990330378726853,-8.058017727639034e-05
47875,39.89649827497125,0.9991941982272361,560,681,1241,0.0008058017727639033,0.0008333472224535399,0.9990330378726853,0.0
47876,39.897331622193704,0.9991941982272361,560,681,1241,0.0,0.0008333472224535399,0.9990330378726853,0.0
47877,39.89816496941616,0.9991941982272361,560,681,1241,0.0,0.0008333472224535399,0.9990330378726853,0.0
47878,39.89899831663861,0.9991941982272361,560,681,1241,0.0,0.0008333472224535399,0.9990330378726853,0.0
47879,39.899831663861065,1.0,560,681,1241,0.0008058017727639033,0.0008333472224535399,0.9991136180499616,8.058017727639034e-05
47880,39.90066501108352,0.9991941982272361,560,681,1241,-0.0008058017727639033,0.0008333472224535399,0.9991136180499616,0.0
47881,39.90149835830597,0.9983883964544722,560,681,1241,-0.0008058017727639033,0.0008333472224535399,0.9990330378726853,-8.058017727639034e-05
47882,39.902331705528425,1.0,560,681,1241,0.0016116035455278066,0.0008333472224535399,0.9991136180499616,8.058017727639034e-05
47883,39.90316505275088,1.0,560,681,1241,0.0,0.0008333472224535399,0.9992747784045143,0.00016116035455278067
47884,39.90399839997333,0.9991941982272361,560,681,1241,-0.0008058017727639033,0.0008333472224535399,0.9993553585817907,8.058017727639034e-05
47885,39.904831747195786,1.0,560,681,1241,0.0008058017727639033,0.0008333472224535399,0.999435938759067,8.058017727639034e-05
47886,39.90566509441824,1.0,560,681,1241,0.0,0.0008333472224535399,0.9995165189363433,8.058017727639034e-05
47887,39.90649844164069,1.0,560,681,1241,0.0,0.0008333472224535399,0.9995970991136197,8.058017727639034e-05
47888,39.90733178886315,1.0,560,681,1241,0.0,0.0008333472224535399,0.999677679290896,8.058017727639034e-05
47889,39.9081651360856,1.0,560,681,1241,0.0,0.0008333472224535399,0.999677679290896,0.0
47890,39.90899848330805,1.0,560,681,1241,0.0,0.0008333472224535399,0.9997582594681724,8.058017727639034e-05
47891,39.90983183053051,1.0,560,681,1241,0.0,0.0008333472224535399,0.999919419822725,0.00016116035455278067
47892,39.91066517775297,1.0,560,681,1241,0.0,0.0008333472224606453,0.999919419822725,0.0
47893,39.91149852497542,1.0,560,681,1241,0.0,0.0008333472224535399,0.999919419822725,0.0
47894,39.912331872197875,1.0,560,681,1241,0.0,0.0008333472224535399,1.0000000000000013,8.058017727639034e-05
47895,39.91316521942033,1.0,560,681,1241,0.0,0.0008333472224535399,1.0000000000000013,0.0
47896,39.91399856664278,1.0,560,681,1241,0.0,0.0008333472224535399,1.0000000000000013,0.0
47897,39.914831913865235,1.0,560,681,1241,0.0,0.0008333472224535399,1.0000000000000013,0.0
47898,39.91566526108769,1.0,560,681,1241,0.0,0.0008333472224535399,1.0000000000000013,0.0
47899,39.91649860831014,1.0,560,681,1241,0.0,0.0008333472224535399,1.0000000000000013,0.0
47900,39.917331955532596,1.0,560,681,1241,0.0,0.0008333472224535399,1.0000000000000013,0.0
47901,39.91816530275505,1.0,560,681,1241,0.0,0.0008333472224535399,1.0000000000000013,0.0
47902,39.9189986499775,1.0,560,681,1241,0.0,0.0008333472224535399,1.0000000000000013,0.0
47903,39.91983199719996,1.0,560,681,1241,0.0,0.0008333472224535399,1.0000000000000013,0.0
47904,39.92066534442241,1.0,560,681,1241,0.0,0.0008333472224535399,1.0000000000000013,0.0
47905,39.921498691644864,0.9991941982272361,560,681,1241,-0.0008058017727639033,0.0008333472224535399,0.999919419822725,-8.058017727639034e-05
47906,39.92233203886732,0.9991941982272361,560,681,1241,0.0,0.0008333472224535399,0.9998388396454487,-8.058017727639034e-05
47907,39.92316538608977,0.9991941982272361,560,681,1241,0.0,0.0008333472224535399,0.9997582594681724,-8.058017727639034e-05
47908,39.923998733312224,1.0,560,681,1241,0.0008058017727639033,0.0008333472224535399,0.9997582594681724,0.0
47909,39.92483208053468,1.0,560,681,1241,0.0,0.0008333472224535399,0.9997582594681724,0.0
47910,39.92566542775713,1.0,560,681,1241,0.0,0.0008333472224535399,0.9997582594681724,0.0
47911,39.926498774979585,1.0,560,681,1241,0.0,0.0008333472224535399,0.9997582594681724,0.0
47912,39.92733212220204,1.0,560,681,1241,0.0,0.0008333472224535399,0.9997582594681724,0.0
47913,39.92816546942449,1.0,560,681,1241,0.0,0.0008333472224535399,0.9997582594681724,0.0
47914,39.928998816646946,1.0,560,681,1241,0.0,0.0008333472224535399,0.9997582594681724,0.0
47915,39.9298321638694,1.0,560,681,1241,0.0,0.0008333472224535399,0.9998388396454487,8.058017727639034e-05
47916,39.93066551109185,1.0,560,681,1241,0.0,0.0008333472224535399,0.999919419822725,8.058017727639034e-05
47917,39.931498858314306,1.0,560,681,1241,0.0,0.0008333472224535399,1.0000000000000013,8.058017727639034e-05
47918,39.93233220553676,1.0,560,681,1241,0.0,0.0008333472224535399,1.0000000000000013,0.0
47919,39.93316555275921,1.0,560,681,1241,0.0,0.0008333472224535399,1.0000000000000013,0.0
47920,39.93399889998167,1.0,560,681,1241,0.0,0.0008333472224535399,1.0000000000000013,0.0
47921,39.93483224720412,1.0,560,681,1241,0.0,0.0008333472224535399,1.0000000000000013,0.0
47922,39.935665594426574,1.0,560,681,1241,0.0,0.0008333472224535399,1.0000000000000013,0.0
47923,39.93649894164903,1.0,560,681,1241,0.0,0.0008333472224535399,1.0000000000000013,0.0
47924,39.93733228887148,1.0,560,681,1241,0.0,0.0008333472224535399,1.0000000000000013,0.0
47925,39.938165636093935,1.0,560,681,1241,0.0,0.0008333472224535399,1.0000000000000013,0.0
47926,39.93899898331639,1.0,560,681,1241,0.0,0.0008333472224535399,1.0000000000000013,0.0
47927,39.93983233053884,1.0,560,681,1241,0.0,0.0008333472224535399,1.0000000000000013,0.0
47928,39.940665677761295,1.0,560,681,1241,0.0,0.0008333472224535399,1.0000000000000013,0.0
47929,39.94149902498375,1.0,560,681,1241,0.0,0.0008333472224535399,1.0000000000000013,0.0
47930,39.9423323722062,1.0,560,681,1241,0.0,0.0008333472224535399,1.0000000000000013,0.0
47931,39.943165719428656,1.0,560,681,1241,0.0,0.0008333472224535399,1.0000000000000013,0.0
47932,39.94399906665111,1.0,560,681,1241,0.0,0.0008333472224535399,1.0000000000000013,0.0
47933,39.94483241387356,1.0,560,681,1241,0.0,0.0008333472224535399,1.0000000000000013,0.0
47934,39.945665761096016,1.0,560,681,1241,0.0,0.0008333472224535399,1.0000000000000013,0.0
47935,39.94649910831848,1.0,560,681,1241,0.0,0.0008333472224606453,1.0000000000000013,0.0
47936,39.94733245554093,1.0,560,681,1241,0.0,0.0008333472224535399,1.0000000000000013,0.0
47937,39.948165802763384,1.0,560,681,1241,0.0,0.0008333472224535399,1.0000000000000013,0.0
47938,39.94899914998584,1.0,560,681,1241,0.0,0.0008333472224535399,1.0000000000000013,0.0
47939,39.94983249720829,1.0,560,681,1241,0.0,0.0008333472224535399,1.0000000000000013,0.0
47940,39.950665844430745,1.0,560,681,1241,0.0,0.0008333472224535399,1.0000000000000013,0.0
47941,39.9514991916532,1.0,560,681,1241,0.0,0.0008333472224535399,1.0000000000000013,0.0
47942,39.95233253887565,1.0,560,681,1241,0.0,0.0008333472224535399,1.0000000000000013,0.0
47943,39.953165886098105,1.0,560,681,1241,0.0,0.0008333472224535399,1.0000000000000013,0.0
47944,39.95399923332056,1.0,560,681,1241,0.0,0.0008333472224535399,1.0000000000000013,0.0
47945,39.95483258054301,1.0,560,681,1241,0.0,0.0008333472224535399,1.0000000000000013,0.0
47946,39.955665927765466,1.0,560,681,1241,0.0,0.0008333472224535399,1.0000000000000013,0.0
47947,39.95649927498792,1.0,560,681,1241,0.0,0.0008333472224535399,1.0000000000000013,0.0
47948,39.95733262221037,1.0,560,681,1241,0.0,0.0008333472224535399,1.0000000000000013,0.0
47949,39.95816596943283,1.0,560,681,1241,0.0,0.0008333472224535399,1.0000000000000013,0.0
47950,39.95899931665528,1.0,560,681,1241,0.0,0.0008333472224535399,1.0000000000000013,0.0
47951,39.959832663877734,1.0,560,681,1241,0.0,0.0008333472224535399,1.0000000000000013,0.0
47952,39.96066601110019,1.0,560,681,1241,0.0,0.0008333472224535399,1.0000000000000013,0.0
47953,39.96149935832264,1.0,560,681,1241,0.0,0.0008333472224535399,1.0000000000000013,0.0
47954,39.962332705545094,1.0,560,681,1241,0.0,0.0008333472224535399,1.0000000000000013,0.0
47955,39.96316605276755,1.0,560,681,1241,0.0,0.0008333472224535399,1.0000000000000013,0.0
47956,39.96399939999,1.0,560,681,1241,0.0,0.0008333472224535399,1.0000000000000013,0.0
47957,39.964832747212455,1.0,560,681,1241,0.0,0.0008333472224535399,1.0000000000000013,0.0
47958,39.96566609443491,0.9991941982272361,560,681,1241,-0.0008058017727639033,0.0008333472224535399,0.999919419822725,-8.058017727639034e-05
47959,39.96649944165736,0.9991941982272361,560,681,1241,0.0,0.0008333472224535399,0.9998388396454487,-8.058017727639034e-05
47960,39.967332788879816,0.9991941982272361,560,681,1241,0.0,0.0008333472224535399,0.9997582594681724,-8.058017727639034e-05
47961,39.96816613610227,1.0,560,681,1241,0.0008058017727639033,0.0008333472224535399,0.9997582594681724,0.0
47962,39.96899948332472,1.0,560,681,1241,0.0,0.0008333472224535399,0.9997582594681724,0.0
47963,39.969832830547176,1.0,560,681,1241,0.0,0.0008333472224535399,0.9997582594681724,0.0
47964,39.97066617776963,1.0,560,681,1241,0.0,0.0008333472224535399,0.9997582594681724,0.0
47965,39.97149952499208,1.0,560,681,1241,0.0,0.0008333472224535399,0.9997582594681724,0.0
47966,39.97233287221454,1.0,560,681,1241,0.0,0.0008333472224535399,0.9997582594681724,0.0
47967,39.97316621943699,1.0,560,681,1241,0.0,0.0008333472224535399,0.9997582594681724,0.0
47968,39.973999566659444,1.0,560,681,1241,0.0,0.0008333472224535399,0.9998388396454487,8.058017727639034e-05
47969,39.9748329138819,1.0,560,681,1241,0.0,0.0008333472224535399,0.999919419822725,8.058017727639034e-05
47970,39.97566626110435,1.0,560,681,1241,0.0,0.0008333472224535399,1.0000000000000013,8.058017727639034e-05
47971,39.976499608326804,1.0,560,681,1241,0.0,0.0008333472224535399,1.0000000000000013,0.0
47972,39.97733295554926,1.0,560,681,1241,0.0,0.0008333472224535399,1.0000000000000013,0.0
47973,39.97816630277171,1.0,560,681,1241,0.0,0.0008333472224535399,1.0000000000000013,0.0
47974,39.978999649994165,1.0,560,681,1241,0.0,0.0008333472224535399,1.0000000000000013,0.0
47975,39.97983299721662,1.0,560,681,1241,0.0,0.0008333472224535399,1.0000000000000013,0.0
47976,39.98066634443907,1.0,560,681,1241,0.0,0.0008333472224535399,1.0000000000000013,0.0
47977,39.98149969166153,1.0,560,681,1241,0.0,0.0008333472224606453,1.0000000000000013,0.0
47978,39.982333038883986,1.0,560,681,1241,0.0,0.0008333472224535399,1.0000000000000013,0.0
47979,39.98316638610644,1.0,560,681,1241,0.0,0.0008333472224535399,1.0000000000000013,0.0
47980,39.98399973332889,1.0,560,681,1241,0.0,0.0008333472224535399,1.0000000000000013,0.0
47981,39.98483308055135,1.0,560,681,1241,0.0,0.0008333472224535399,1.0000000000000013,0.0
47982,39.9856664277738,1.0,560,681,1241,0.0,0.0008333472224535399,1.0000000000000013,0.0
47983,39.986499774996254,1.0,560,681,1241,0.0,0.0008333472224535399,1.0000000000000013,0.0
47984,39.98733312221871,1.0,560,681,1241,0.0,0.0008333472224535399,1.0000000000000013,0.0
47985,39.98816646944116,1.0,560,681,1241,0.0,0.0008333472224535399,1.0000000000000013,0.0
47986,39.988999816663615,1.0,560,681,1241,0.0,0.0008333472224535399,1.0000000000000013,0.0
47987,39.98983316388607,1.0,560,681,1241,0.0,0.0008333472224535399,1.0000000000000013,0.0
47988,39.99066651110852,1.0,560,681,1241,0.0,0.0008333472224535399,1.0000000000000013,0.0
47989,39.991499858330975,1.0,560,681,1241,0.0,0.0008333472224535399,1.0000000000000013,0.0
47990,39.99233320555343,1.0,560,681,1241,0.0,0.0008333472224535399,1.0000000000000013,0.0
47991,39.99316655277588,0.9991941982272361,560,681,1241,-0.0008058017727639033,0.0008333472224535399,0.999919419822725,-8.058017727639034e-05
47992,39.993999899998336,0.9991941982272361,560,681,1241,0.0,0.0008333472224535399,0.9998388396454487,-8.058017727639034e-05
47993,39.99483324722079,1.0,560,681,1241,0.0008058017727639033,0.0008333472224535399,0.9998388396454487,0.0
47994,39.99566659444324,1.0,560,681,1241,0.0,0.0008333472224535399,0.9998388396454487,0.0
47995,39.9964999416657,1.0,560,681,1241,0.0,0.0008333472224535399,0.9998388396454487,0.0
47996,39.99733328888815,1.0,560,681,1241,0.0,0.0008333472224535399,0.9998388396454487,0.0
47997,39.998166636110604,1.0,560,681,1241,0.0,0.0008333472224535399,0.9998388396454487,0.0
47998,39.99899998333306,1.0,560,681,1241,0.0,0.0008333472224535399,0.9998388396454487,0.0
47999,39.99983333055551,1.0,560,681,1241,0.0,0.0008333472224535399,0.9998388396454487,0.0
48000,40.000666677777964,1.0,560,681,1241,0.0,0.0008333472224535399,0.9998388396454487,0.0
48001,40.00150002500042,1.0,560,681,1241,0.0,0.0008333472224535399,0.999919419822725,8.058017727639034e-05
48002,40.00233337222287,0.9991941982272361,560,681,1241,-0.0008058017727639033,0.0008333472224535399,0.999919419822725,0.0
48003,40.003166719445325,1.0,560,681,1241,0.0008058017727639033,0.0008333472224535399,0.999919419822725,0.0
48004,40.00400006666778,1.0,560,681,1241,0.0,0.0008333472224535399,0.999919419822725,0.0
48005,40.00483341389023,1.0,560,681,1241,0.0,0.0008333472224535399,0.999919419822725,0.0
48006,40.005666761112685,1.0,560,681,1241,0.0,0.0008333472224535399,0.999919419822725,0.0
48007,40.00650010833514,1.0,560,681,1241,0.0,0.0008333472224535399,0.999919419822725,0.0
48008,40.00733345555759,1.0,560,681,1241,0.0,0.0008333472224535399,0.999919419822725,0.0
48009,40.008166802780046,0.9991941982272361,560,681,1241,-0.0008058017727639033,0.0008333472224535399,0.9998388396454487,-8.058017727639034e-05
48010,40.0090001500025,1.0,560,681,1241,0.0008058017727639033,0.0008333472224535399,0.9998388396454487,0.0
48011,40.00983349722495,1.0,560,681,1241,0.0,0.0008333472224535399,0.9998388396454487,0.0
48012,40.01066684444741,1.0,560,681,1241,0.0,0.0008333472224535399,0.999919419822725,8.058017727639034e-05
48013,40.01150019166986,1.0,560,681,1241,0.0,0.0008333472224535399,0.999919419822725,0.0
48014,40.012333538892314,0.9991941982272361,560,681,1241,-0.0008058017727639033,0.0008333472224535399,0.9998388396454487,-8.058017727639034e-05
48015,40.01316688611477,0.9991941982272361,560,681,1241,0.0,0.0008333472224535399,0.9997582594681724,-8.058017727639034e-05
48016,40.01400023333722,1.0,560,681,1241,0.0008058017727639033,0.0008333472224535399,0.9997582594681724,0.0
48017,40.014833580559674,1.0,560,681,1241,0.0,0.0008333472224535399,0.9997582594681724,0.0
48018,40.01566692778213,1.0,560,681,1241,0.0,0.0008333472224535399,0.9997582594681724,0.0
48019,40.01650027500459,1.0,560,681,1241,0.0,0.0008333472224606453,0.9998388396454487,8.058017727639034e-05
48020,40.01733362222704,0.9991941982272361,560,681,1241,-0.0008058017727639033,0.0008333472224535399,0.9997582594681724,-8.058017727639034e-05
48021,40.018166969449496,0.9991941982272361,560,681,1241,0.0,0.0008333472224535399,0.999677679290896,-8.058017727639034e-05
48022,40.01900031667195,0.9991941982272361,560,681,1241,0.0,0.0008333472224535399,0.9995970991136197,-8.058017727639034e-05
48023,40.0198336638944,0.9991941982272361,560,681,1241,0.0,0.0008333472224535399,0.9995165189363433,-8.058017727639034e-05
48024,40.020667011116856,0.9991941982272361,560,681,1241,0.0,0.0008333472224535399,0.9995165189363433,0.0
48025,40.02150035833931,1.0,560,681,1241,0.0008058017727639033,0.0008333472224535399,0.9995970991136197,8.058017727639034e-05
48026,40.02233370556176,1.0,560,681,1241,0.0,0.0008333472224535399,0.9995970991136197,0.0
48027,40.02316705278422,1.0,560,681,1241,0.0,0.0008333472224535399,0.9995970991136197,0.0
48028,40.02400040000667,0.9991941982272361,560,681,1241,-0.0008058017727639033,0.0008333472224535399,0.9995165189363433,-8.058017727639034e-05
48029,40.024833747229124,1.0,560,681,1241,0.0008058017727639033,0.0008333472224535399,0.9995165189363433,0.0
48030,40.02566709445158,1.0,560,681,1241,0.0,0.0008333472224535399,0.9995970991136197,8.058017727639034e-05
48031,40.02650044167403,1.0,560,681,1241,0.0,0.0008333472224535399,0.999677679290896,8.058017727639034e-05
48032,40.027333788896485,1.0,560,681,1241,0.0,0.0008333472224535399,0.9997582594681724,8.058017727639034e-05
48033,40.02816713611894,1.0,560,681,1241,0.0,0.0008333472224535399,0.9998388396454487,8.058017727639034e-05
48034,40.02900048334139,1.0,560,681,1241,0.0,0.0008333472224535399,0.999919419822725,8.058017727639034e-05
48035,40.029833830563845,1.0,560,681,1241,0.0,0.0008333472224535399,0.999919419822725,0.0
48036,40.0306671777863,1.0,560,681,1241,0.0,0.0008333472224535399,0.999919419822725,0.0
48037,40.03150052500875,1.0,560,681,1241,0.0,0.0008333472224535399,0.999919419822725,0.0
48038,40.032333872231206,0.9991941982272361,560,681,1241,-0.0008058017727639033,0.0008333472224535399,0.999919419822725,0.0
48039,40.03316721945366,0.9991941982272361,560,681,1241,0.0,0.0008333472224535399,0.9998388396454487,-8.058017727639034e-05
48040,40.03400056667611,0.9991941982272361,560,681,1241,0.0,0.0008333472224535399,0.9997582594681724,-8.058017727639034e-05
48041,40.03483391389857,0.9991941982272361,560,681,1241,0.0,0.0008333472224535399,0.999677679290896,-8.058017727639034e-05
48042,40.03566726112102,0.9991941982272361,560,681,1241,0.0,0.0008333472224535399,0.9995970991136197,-8.058017727639034e-05
48043,40.036500608343474,0.9991941982272361,560,681,1241,0.0,0.0008333472224535399,0.9995165189363433,-8.058017727639034e-05
48044,40.03733395556593,1.0,560,681,1241,0.0008058017727639033,0.0008333472224535399,0.9995165189363433,0.0
48045,40.03816730278838,1.0,560,681,1241,0.0,0.0008333472224535399,0.9995165189363433,0.0
48046,40.039000650010834,1.0,560,681,1241,0.0,0.0008333472224535399,0.9995165189363433,0.0
48047,40.03983399723329,1.0,560,681,1241,0.0,0.0008333472224535399,0.9995165189363433,0.0
48048,40.04066734445574,1.0,560,681,1241,0.0,0.0008333472224535399,0.9995970991136197,8.058017727639034e-05
48049,40.041500691678195,1.0,560,681,1241,0.0,0.0008333472224535399,0.999677679290896,8.058017727639034e-05
48050,40.04233403890065,1.0,560,681,1241,0.0,0.0008333472224535399,0.9997582594681724,8.058017727639034e-05
48051,40.0431673861231,0.9991941982272361,560,681,1241,-0.0008058017727639033,0.0008333472224535399,0.9997582594681724,0.0
48052,40.044000733345555,0.9991941982272361,560,681,1241,0.0,0.0008333472224535399,0.9997582594681724,0.0
48053,40.04483408056801,1.0,560,681,1241,0.0008058017727639033,0.0008333472224535399,0.9998388396454487,8.058017727639034e-05
48054,40.04566742779046,1.0,560,681,1241,0.0,0.0008333472224535399,0.9998388396454487,0.0
48055,40.046500775012916,1.0,560,681,1241,0.0,0.0008333472224535399,0.9998388396454487,0.0
48056,40.04733412223537,1.0,560,681,1241,0.0,0.0008333472224535399,0.9998388396454487,0.0
48057,40.04816746945782,1.0,560,681,1241,0.0,0.0008333472224535399,0.9998388396454487,0.0
48058,40.04900081668028,1.0,560,681,1241,0.0,0.0008333472224535399,0.9998388396454487,0.0
48059,40.04983416390273,1.0,560,681,1241,0.0,0.0008333472224535399,0.9998388396454487,0.0
48060,40.050667511125184,1.0,560,681,1241,0.0,0.0008333472224535399,0.9998388396454487,0.0
48061,40.05150085834764,1.0,560,681,1241,0.0,0.0008333472224535399,0.999919419822725,8.058017727639034e-05
48062,40.0523342055701,1.0,560,681,1241,0.0,0.0008333472224606453,1.0000000000000013,8.058017727639034e-05
48063,40.05316755279255,1.0,560,681,1241,0.0,0.0008333472224535399,1.0000000000000013,0.0
48064,40.054000900015005,1.0,560,681,1241,0.0,0.0008333472224535399,1.0000000000000013,0.0
48065,40.05483424723746,1.0,560,681,1241,0.0,0.0008333472224535399,1.0000000000000013,0.0
48066,40.05566759445991,1.0,560,681,1241,0.0,0.0008333472224535399,1.0000000000000013,0.0
48067,40.056500941682366,1.0,560,681,1241,0.0,0.0008333472224535399,1.0000000000000013,0.0
48068,40.05733428890482,1.0,560,681,1241,0.0,0.0008333472224535399,1.0000000000000013,0.0
48069,40.05816763612727,1.0,560,681,1241,0.0,0.0008333472224535399,1.0000000000000013,0.0
48070,40.059000983349726,1.0,560,681,1241,0.0,0.0008333472224535399,1.0000000000000013,0.0
48071,40.05983433057218,1.0,560,681,1241,0.0,0.0008333472224535399,1.0000000000000013,0.0
48072,40.06066767779463,1.0,560,681,1241,0.0,0.0008333472224535399,1.0000000000000013,0.0
48073,40.06150102501709,1.0,560,681,1241,0.0,0.0008333472224535399,1.0000000000000013,0.0
48074,40.06233437223954,1.0,560,681,1241,0.0,0.0008333472224535399,1.0000000000000013,0.0
48075,40.063167719461994,1.0,560,681,1241,0.0,0.0008333472224535399,1.0000000000000013,0.0
48076,40.06400106668445,0.9991941982272361,560,681,1241,-0.0008058017727639033,0.0008333472224535399,0.999919419822725,-8.058017727639034e-05
48077,40.0648344139069,0.9991941982272361,560,681,1241,0.0,0.0008333472224535399,0.9998388396454487,-8.058017727639034e-05
48078,40.065667761129355,0.9991941982272361,560,681,1241,0.0,0.0008333472224535399,0.9997582594681724,-8.058017727639034e-05
48079,40.06650110835181,0.9991941982272361,560,681,1241,0.0,0.0008333472224535399,0.999677679290896,-8.058017727639034e-05
48080,40.06733445557426,1.0,560,681,1241,0.0008058017727639033,0.0008333472224535399,0.999677679290896,0.0
48081,40.068167802796715,1.0,560,681,1241,0.0,0.0008333472224535399,0.999677679290896,0.0
48082,40.06900115001917,1.0,560,681,1241,0.0,0.0008333472224535399,0.999677679290896,0.0
48083,40.06983449724162,1.0,560,681,1241,0.0,0.0008333472224535399,0.999677679290896,0.0
48084,40.070667844464076,1.0,560,681,1241,0.0,0.0008333472224535399,0.999677679290896,0.0
48085,40.07150119168653,1.0,560,681,1241,0.0,0.0008333472224535399,0.999677679290896,0.0
48086,40.07233453890898,1.0,560,681,1241,0.0,0.0008333472224535399,0.9997582594681724,8.058017727639034e-05
48087,40.073167886131436,1.0,560,681,1241,0.0,0.0008333472224535399,0.9998388396454487,8.058017727639034e-05
48088,40.07400123335389,1.0,560,681,1241,0.0,0.0008333472224535399,0.999919419822725,8.058017727639034e-05
48089,40.07483458057634,1.0,560,681,1241,0.0,0.0008333472224535399,1.0000000000000013,8.058017727639034e-05
48090,40.0756679277988,1.0,560,681,1241,0.0,0.0008333472224535399,1.0000000000000013,0.0
48091,40.07650127502125,1.0,560,681,1241,0.0,0.0008333472224535399,1.0000000000000013,0.0
48092,40.077334622243704,1.0,560,681,1241,0.0,0.0008333472224535399,1.0000000000000013,0.0
48093,40.07816796946616,0.9991941982272361,560,681,1241,-0.0008058017727639033,0.0008333472224535399,0.999919419822725,-8.058017727639034e-05
48094,40.07900131668861,0.9991941982272361,560,681,1241,0.0,0.0008333472224535399,0.9998388396454487,-8.058017727639034e-05
48095,40.079834663911065,0.9991941982272361,560,681,1241,0.0,0.0008333472224535399,0.9997582594681724,-8.058017727639034e-05
48096,40.08066801113352,0.9991941982272361,560,681,1241,0.0,0.0008333472224535399,0.999677679290896,-8.058017727639034e-05
48097,40.08150135835597,1.0,560,681,1241,0.0008058017727639033,0.0008333472224535399,0.999677679290896,0.0
48098,40.082334705578425,1.0,560,681,1241,0.0,0.0008333472224535399,0.999677679290896,0.0
48099,40.08316805280088,1.0,560,681,1241,0.0,0.0008333472224535399,0.999677679290896,0.0
48100,40.08400140002333,1.0,560,681,1241,0.0,0.0008333472224535399,0.999677679290896,0.0
48101,40.084834747245786,0.9991941982272361,560,681,1241,-0.0008058017727639033,0.0008333472224535399,0.9995970991136197,-8.058017727639034e-05
48102,40.08566809446824,1.0,560,681,1241,0.0008058017727639033,0.0008333472224535399,0.9995970991136197,0.0
48103,40.08650144169069,1.0,560,681,1241,0.0,0.0008333472224535399,0.999677679290896,8.058017727639034e-05
48104,40.087334788913154,1.0,560,681,1241,0.0,0.0008333472224606453,0.9997582594681724,8.058017727639034e-05
48105,40.08816813613561,1.0,560,681,1241,0.0,0.0008333472224535399,0.9998388396454487,8.058017727639034e-05
48106,40.08900148335806,1.0,560,681,1241,0.0,0.0008333472224535399,0.999919419822725,8.058017727639034e-05
48107,40.089834830580514,1.0,560,681,1241,0.0,0.0008333472224535399,0.999919419822725,0.0
48108,40.09066817780297,1.0,560,681,1241,0.0,0.0008333472224535399,0.999919419822725,0.0
48109,40.09150152502542,1.0,560,681,1241,0.0,0.0008333472224535399,0.999919419822725,0.0
48110,40.092334872247875,1.0,560,681,1241,0.0,0.0008333472224535399,0.999919419822725,0.0
48111,40.09316821947033,1.0,560,681,1241,0.0,0.0008333472224535399,1.0000000000000013,8.058017727639034e-05
48112,40.09400156669278,1.0,560,681,1241,0.0,0.0008333472224535399,1.0000000000000013,0.0
48113,40.094834913915236,1.0,560,681,1241,0.0,0.0008333472224535399,1.0000000000000013,0.0
48114,40.09566826113769,1.0,560,681,1241,0.0,0.0008333472224535399,1.0000000000000013,0.0
48115,40.09650160836014,1.0,560,681,1241,0.0,0.0008333472224535399,1.0000000000000013,0.0
48116,40.097334955582596,0.9991941982272361,560,681,1241,-0.0008058017727639033,0.0008333472224535399,0.999919419822725,-8.058017727639034e-05
48117,40.09816830280505,0.9991941982272361,560,681,1241,0.0,0.0008333472224535399,0.9998388396454487,-8.058017727639034e-05
48118,40.0990016500275,0.9991941982272361,560,681,1241,0.0,0.0008333472224535399,0.9997582594681724,-8.058017727639034e-05
48119,40.09983499724996,0.9991941982272361,560,681,1241,0.0,0.0008333472224535399,0.999677679290896,-8.058017727639034e-05
48120,40.10066834447241,1.0,560,681,1241,0.0008058017727639033,0.0008333472224535399,0.999677679290896,0.0
48121,40.101501691694864,1.0,560,681,1241,0.0,0.0008333472224535399,0.999677679290896,0.0
48122,40.10233503891732,1.0,560,681,1241,0.0,0.0008333472224535399,0.999677679290896,0.0
48123,40.10316838613977,1.0,560,681,1241,0.0,0.0008333472224535399,0.999677679290896,0.0
48124,40.104001733362225,1.0,560,681,1241,0.0,0.0008333472224535399,0.999677679290896,0.0
48125,40.10483508058468,1.0,560,681,1241,0.0,0.0008333472224535399,0.999677679290896,0.0
48126,40.10566842780713,1.0,560,681,1241,0.0,0.0008333472224535399,0.9997582594681724,8.058017727639034e-05
48127,40.106501775029585,1.0,560,681,1241,0.0,0.0008333472224535399,0.9998388396454487,8.058017727639034e-05
48128,40.10733512225204,1.0,560,681,1241,0.0,0.0008333472224535399,0.999919419822725,8.058017727639034e-05
48129,40.10816846947449,1.0,560,681,1241,0.0,0.0008333472224535399,1.0000000000000013,8.058017727639034e-05
48130,40.109001816696946,1.0,560,681,1241,0.0,0.0008333472224535399,1.0000000000000013,0.0
48131,40.1098351639194,1.0,560,681,1241,0.0,0.0008333472224535399,1.0000000000000013,0.0
48132,40.11066851114185,1.0,560,681,1241,0.0,0.0008333472224535399,1.0000000000000013,0.0
48133,40.111501858364306,1.0,560,681,1241,0.0,0.0008333472224535399,1.0000000000000013,0.0
48134,40.11233520558676,1.0,560,681,1241,0.0,0.0008333472224535399,1.0000000000000013,0.0
48135,40.11316855280921,1.0,560,681,1241,0.0,0.0008333472224535399,1.0000000000000013,0.0
48136,40.11400190003167,1.0,560,681,1241,0.0,0.0008333472224535399,1.0000000000000013,0.0
48137,40.11483524725412,0.9991941982272361,560,681,1241,-0.0008058017727639033,0.0008333472224535399,0.999919419822725,-8.058017727639034e-05
48138,40.115668594476574,0.9991941982272361,560,681,1241,0.0,0.0008333472224535399,0.9998388396454487,-8.058017727639034e-05
48139,40.11650194169903,1.0,560,681,1241,0.0008058017727639033,0.0008333472224535399,0.9998388396454487,0.0
48140,40.11733528892148,1.0,560,681,1241,0.0,0.0008333472224535399,0.9998388396454487,0.0
48141,40.118168636143935,1.0,560,681,1241,0.0,0.0008333472224535399,0.9998388396454487,0.0
48142,40.11900198336639,0.9991941982272361,560,681,1241,-0.0008058017727639033,0.0008333472224535399,0.9997582594681724,-8.058017727639034e-05
48143,40.11983533058884,1.0,560,681,1241,0.0008058017727639033,0.0008333472224535399,0.9997582594681724,0.0
48144,40.120668677811295,1.0,560,681,1241,0.0,0.0008333472224535399,0.9997582594681724,0.0
48145,40.12150202503375,1.0,560,681,1241,0.0,0.0008333472224535399,0.9997582594681724,0.0
48146,40.12233537225621,1.0,560,681,1241,0.0,0.0008333472224606453,0.9997582594681724,0.0
48147,40.12316871947866,1.0,560,681,1241,0.0,0.0008333472224535399,0.9998388396454487,8.058017727639034e-05
48148,40.12400206670112,1.0,560,681,1241,0.0,0.0008333472224535399,0.999919419822725,8.058017727639034e-05
48149,40.12483541392357,1.0,560,681,1241,0.0,0.0008333472224535399,0.999919419822725,0.0
48150,40.125668761146024,1.0,560,681,1241,0.0,0.0008333472224535399,0.999919419822725,0.0
48151,40.12650210836848,1.0,560,681,1241,0.0,0.0008333472224535399,0.999919419822725,0.0
48152,40.12733545559093,1.0,560,681,1241,0.0,0.0008333472224535399,1.0000000000000013,8.058017727639034e-05
48153,40.128168802813384,1.0,560,681,1241,0.0,0.0008333472224535399,1.0000000000000013,0.0
48154,40.12900215003584,1.0,560,681,1241,0.0,0.0008333472224535399,1.0000000000000013,0.0
48155,40.12983549725829,1.0,560,681,1241,0.0,0.0008333472224535399,1.0000000000000013,0.0
48156,40.130668844480745,1.0,560,681,1241,0.0,0.0008333472224535399,1.0000000000000013,0.0
48157,40.1315021917032,1.0,560,681,1241,0.0,0.0008333472224535399,1.0000000000000013,0.0
48158,40.13233553892565,1.0,560,681,1241,0.0,0.0008333472224535399,1.0000000000000013,0.0
48159,40.133168886148106,1.0,560,681,1241,0.0,0.0008333472224535399,1.0000000000000013,0.0
48160,40.13400223337056,1.0,560,681,1241,0.0,0.0008333472224535399,1.0000000000000013,0.0
48161,40.13483558059301,1.0,560,681,1241,0.0,0.0008333472224535399,1.0000000000000013,0.0
48162,40.135668927815466,1.0,560,681,1241,0.0,0.0008333472224535399,1.0000000000000013,0.0
48163,40.13650227503792,1.0,560,681,1241,0.0,0.0008333472224535399,1.0000000000000013,0.0
48164,40.13733562226037,0.9991941982272361,560,681,1241,-0.0008058017727639033,0.0008333472224535399,0.999919419822725,-8.058017727639034e-05
48165,40.13816896948283,1.0,560,681,1241,0.0008058017727639033,0.0008333472224535399,0.999919419822725,0.0
48166,40.13900231670528,1.0,560,681,1241,0.0,0.0008333472224535399,0.999919419822725,0.0
48167,40.139835663927734,1.0,560,681,1241,0.0,0.0008333472224535399,0.999919419822725,0.0
48168,40.14066901115019,1.0,560,681,1241,0.0,0.0008333472224535399,0.999919419822725,0.0
48169,40.14150235837264,1.0,560,681,1241,0.0,0.0008333472224535399,0.999919419822725,0.0
48170,40.142335705595094,1.0,560,681,1241,0.0,0.0008333472224535399,0.999919419822725,0.0
48171,40.14316905281755,1.0,560,681,1241,0.0,0.0008333472224535399,0.999919419822725,0.0
48172,40.14400240004,1.0,560,681,1241,0.0,0.0008333472224535399,0.999919419822725,0.0
48173,40.144835747262455,1.0,560,681,1241,0.0,0.0008333472224535399,0.999919419822725,0.0
48174,40.14566909448491,1.0,560,681,1241,0.0,0.0008333472224535399,1.0000000000000013,8.058017727639034e-05
48175,40.14650244170736,1.0,560,681,1241,0.0,0.0008333472224535399,1.0000000000000013,0.0
48176,40.147335788929816,1.0,560,681,1241,0.0,0.0008333472224535399,1.0000000000000013,0.0
48177,40.14816913615227,1.0,560,681,1241,0.0,0.0008333472224535399,1.0000000000000013,0.0
48178,40.14900248337472,1.0,560,681,1241,0.0,0.0008333472224535399,1.0000000000000013,0.0
48179,40.149835830597176,1.0,560,681,1241,0.0,0.0008333472224535399,1.0000000000000013,0.0
48180,40.15066917781963,1.0,560,681,1241,0.0,0.0008333472224535399,1.0000000000000013,0.0
48181,40.15150252504208,1.0,560,681,1241,0.0,0.0008333472224535399,1.0000000000000013,0.0
48182,40.15233587226454,1.0,560,681,1241,0.0,0.0008333472224535399,1.0000000000000013,0.0
48183,40.15316921948699,1.0,560,681,1241,0.0,0.0008333472224535399,1.0000000000000013,0.0
48184,40.154002566709444,1.0,560,681,1241,0.0,0.0008333472224535399,1.0000000000000013,0.0
48185,40.1548359139319,1.0,560,681,1241,0.0,0.0008333472224535399,1.0000000000000013,0.0
48186,40.15566926115435,1.0,560,681,1241,0.0,0.0008333472224535399,1.0000000000000013,0.0
48187,40.156502608376805,1.0,560,681,1241,0.0,0.0008333472224535399,1.0000000000000013,0.0
48188,40.15733595559926,0.9991941982272361,560,681,1241,-0.0008058017727639033,0.0008333472224535399,0.999919419822725,-8.058017727639034e-05
48189,40.15816930282172,1.0,560,681,1241,0.0008058017727639033,0.0008333472224606453,0.999919419822725,0.0
48190,40.15900265004417,1.0,560,681,1241,0.0,0.0008333472224535399,0.999919419822725,0.0
48191,40.159835997266626,0.9991941982272361,560,681,1241,-0.0008058017727639033,0.0008333472224535399,0.9998388396454487,-8.058017727639034e-05
48192,40.16066934448908,0.9991941982272361,560,681,1241,0.0,0.0008333472224535399,0.9997582594681724,-8.058017727639034e-05
48193,40.16150269171153,0.9991941982272361,560,681,1241,0.0,0.0008333472224535399,0.999677679290896,-8.058017727639034e-05
48194,40.16233603893399,0.9991941982272361,560,681,1241,0.0,0.0008333472224535399,0.9995970991136197,-8.058017727639034e-05
48195,40.16316938615644,0.9991941982272361,560,681,1241,0.0,0.0008333472224535399,0.9995165189363433,-8.058017727639034e-05
48196,40.164002733378894,0.9991941982272361,560,681,1241,0.0,0.0008333472224535399,0.999435938759067,-8.058017727639034e-05
48197,40.16483608060135,0.9991941982272361,560,681,1241,0.0,0.0008333472224535399,0.9993553585817907,-8.058017727639034e-05
48198,40.1656694278238,0.9991941982272361,560,681,1241,0.0,0.0008333472224535399,0.9993553585817907,0.0
48199,40.166502775046254,0.9991941982272361,560,681,1241,0.0,0.0008333472224535399,0.9992747784045143,-8.058017727639034e-05
48200,40.16733612226871,0.9991941982272361,560,681,1241,0.0,0.0008333472224535399,0.999194198227238,-8.058017727639034e-05
48201,40.16816946949116,1.0,560,681,1241,0.0008058017727639033,0.0008333472224535399,0.9992747784045143,8.058017727639034e-05
48202,40.169002816713615,1.0,560,681,1241,0.0,0.0008333472224535399,0.9993553585817907,8.058017727639034e-05
48203,40.16983616393607,0.9991941982272361,560,681,1241,-0.0008058017727639033,0.0008333472224535399,0.9993553585817907,0.0
48204,40.17066951115852,0.9991941982272361,560,681,1241,0.0,0.0008333472224535399,0.9993553585817907,0.0
48205,40.171502858380975,0.9983883964544722,560,681,1241,-0.0008058017727639033,0.0008333472224535399,0.9992747784045143,-8.058017727639034e-05
48206,40.17233620560343,0.9991941982272361,560,681,1241,0.0008058017727639033,0.0008333472224535399,0.9992747784045143,0.0
48207,40.17316955282588,0.9991941982272361,560,681,1241,0.0,0.0008333472224535399,0.9992747784045143,0.0
48208,40.174002900048336,0.9991941982272361,560,681,1241,0.0,0.0008333472224535399,0.9992747784045143,0.0
48209,40.17483624727079,0.9991941982272361,560,681,1241,0.0,0.0008333472224535399,0.9992747784045143,0.0
48210,40.17566959449324,0.9991941982272361,560,681,1241,0.0,0.0008333472224535399,0.9992747784045143,0.0
48211,40.1765029417157,0.9991941982272361,560,681,1241,0.0,0.0008333472224535399,0.999194198227238,-8.058017727639034e-05
48212,40.17733628893815,1.0,560,681,1241,0.0008058017727639033,0.0008333472224535399,0.999194198227238,0.0
48213,40.178169636160604,0.9991941982272361,560,681,1241,-0.0008058017727639033,0.0008333472224535399,0.999194198227238,0.0
48214,40.17900298338306,0.9991941982272361,560,681,1241,0.0,0.0008333472224535399,0.999194198227238,0.0
48215,40.17983633060551,0.9991941982272361,560,681,1241,0.0,0.0008333472224535399,0.9992747784045143,8.058017727639034e-05
48216,40.180669677827964,1.0,560,681,1241,0.0008058017727639033,0.0008333472224535399,0.9993553585817907,8.058017727639034e-05
48217,40.18150302505042,1.0,560,681,1241,0.0,0.0008333472224535399,0.999435938759067,8.058017727639034e-05
48218,40.18233637227287,1.0,560,681,1241,0.0,0.0008333472224535399,0.9995165189363433,8.058017727639034e-05
48219,40.183169719495325,1.0,560,681,1241,0.0,0.0008333472224535399,0.9995970991136197,8.058017727639034e-05
48220,40.18400306671778,1.0,560,681,1241,0.0,0.0008333472224535399,0.999677679290896,8.058017727639034e-05
48221,40.18483641394023,0.9991941982272361,560,681,1241,-0.0008058017727639033,0.0008333472224535399,0.999677679290896,0.0
48222,40.185669761162686,0.9991941982272361,560,681,1241,0.0,0.0008333472224535399,0.9995970991136197,-8.058017727639034e-05
48223,40.18650310838514,1.0,560,681,1241,0.0008058017727639033,0.0008333472224535399,0.999677679290896,8.058017727639034e-05
48224,40.18733645560759,1.0,560,681,1241,0.0,0.0008333472224535399,0.9997582594681724,8.058017727639034e-05
48225,40.188169802830046,1.0,560,681,1241,0.0,0.0008333472224535399,0.9998388396454487,8.058017727639034e-05
48226,40.1890031500525,1.0,560,681,1241,0.0,0.0008333472224535399,0.9998388396454487,0.0
48227,40.18983649727495,1.0,560,681,1241,0.0,0.0008333472224535399,0.9998388396454487,0.0
48228,40.19066984449741,1.0,560,681,1241,0.0,0.0008333472224535399,0.9998388396454487,0.0
48229,40.19150319171986,1.0,560,681,1241,0.0,0.0008333472224535399,0.9998388396454487,0.0
48230,40.192336538942314,1.0,560,681,1241,0.0,0.0008333472224535399,0.9998388396454487,0.0
48231,40.193169886164775,1.0,560,681,1241,0.0,0.0008333472224606453,0.999919419822725,8.058017727639034e-05
48232,40.19400323338723,1.0,560,681,1241,0.0,0.0008333472224535399,1.0000000000000013,8.058017727639034e-05
48233,40.19483658060968,1.0,560,681,1241,0.0,0.0008333472224535399,1.0000000000000013,0.0
48234,40.195669927832135,1.0,560,681,1241,0.0,0.0008333472224535399,1.0000000000000013,0.0
48235,40.19650327505459,1.0,560,681,1241,0.0,0.0008333472224535399,1.0000000000000013,0.0
48236,40.19733662227704,1.0,560,681,1241,0.0,0.0008333472224535399,1.0000000000000013,0.0
48237,40.198169969499496,1.0,560,681,1241,0.0,0.0008333472224535399,1.0000000000000013,0.0
48238,40.19900331672195,1.0,560,681,1241,0.0,0.0008333472224535399,1.0000000000000013,0.0
48239,40.1998366639444,1.0,560,681,1241,0.0,0.0008333472224535399,1.0000000000000013,0.0
48240,40.20067001116686,1.0,560,681,1241,0.0,0.0008333472224535399,1.0000000000000013,0.0
48241,40.20150335838931,1.0,560,681,1241,0.0,0.0008333472224535399,1.0000000000000013,0.0
48242,40.20233670561176,1.0,560,681,1241,0.0,0.0008333472224535399,1.0000000000000013,0.0
48243,40.20317005283422,1.0,560,681,1241,0.0,0.0008333472224535399,1.0000000000000013,0.0
48244,40.20400340005667,1.0,560,681,1241,0.0,0.0008333472224535399,1.0000000000000013,0.0
48245,40.204836747279124,1.0,560,681,1241,0.0,0.0008333472224535399,1.0000000000000013,0.0
48246,40.20567009450158,1.0,560,681,1241,0.0,0.0008333472224535399,1.0000000000000013,0.0
48247,40.20650344172403,0.9991941982272361,560,681,1241,-0.0008058017727639033,0.0008333472224535399,0.999919419822725,-8.058017727639034e-05
48248,40.207336788946485,0.9991941982272361,560,681,1241,0.0,0.0008333472224535399,0.9998388396454487,-8.058017727639034e-05
48249,40.20817013616894,0.9991941982272361,560,681,1241,0.0,0.0008333472224535399,0.9997582594681724,-8.058017727639034e-05
48250,40.20900348339139,0.9991941982272361,560,681,1241,0.0,0.0008333472224535399,0.999677679290896,-8.058017727639034e-05
48251,40.209836830613845,0.9991941982272361,560,681,1241,0.0,0.0008333472224535399,0.9995970991136197,-8.058017727639034e-05
48252,40.2106701778363,0.9991941982272361,560,681,1241,0.0,0.0008333472224535399,0.9995165189363433,-8.058017727639034e-05
48253,40.21150352505875,1.0,560,681,1241,0.0008058017727639033,0.0008333472224535399,0.9995165189363433,0.0
48254,40.212336872281206,0.9991941982272361,560,681,1241,-0.0008058017727639033,0.0008333472224535399,0.999435938759067,-8.058017727639034e-05
48255,40.21317021950366,1.0,560,681,1241,0.0008058017727639033,0.0008333472224535399,0.999435938759067,0.0
48256,40.21400356672611,1.0,560,681,1241,0.0,0.0008333472224535399,0.999435938759067,0.0
48257,40.21483691394857,1.0,560,681,1241,0.0,0.0008333472224535399,0.9995165189363433,8.058017727639034e-05
48258,40.21567026117102,1.0,560,681,1241,0.0,0.0008333472224535399,0.9995970991136197,8.058017727639034e-05
48259,40.216503608393474,1.0,560,681,1241,0.0,0.0008333472224535399,0.999677679290896,8.058017727639034e-05
48260,40.21733695561593,1.0,560,681,1241,0.0,0.0008333472224535399,0.9997582594681724,8.058017727639034e-05
48261,40.21817030283838,1.0,560,681,1241,0.0,0.0008333472224535399,0.9998388396454487,8.058017727639034e-05
48262,40.219003650060834,0.9991941982272361,560,681,1241,-0.0008058017727639033,0.0008333472224535399,0.9998388396454487,0.0
48263,40.21983699728329,0.9991941982272361,560,681,1241,0.0,0.0008333472224535399,0.9997582594681724,-8.058017727639034e-05
48264,40.22067034450574,0.9991941982272361,560,681,1241,0.0,0.0008333472224535399,0.9997582594681724,0.0
48265,40.221503691728195,0.9991941982272361,560,681,1241,0.0,0.0008333472224535399,0.999677679290896,-8.058017727639034e-05
48266,40.22233703895065,0.9991941982272361,560,681,1241,0.0,0.0008333472224535399,0.9995970991136197,-8.058017727639034e-05
48267,40.2231703861731,0.9991941982272361,560,681,1241,0.0,0.0008333472224535399,0.9995165189363433,-8.058017727639034e-05
48268,40.224003733395556,0.9991941982272361,560,681,1241,0.0,0.0008333472224535399,0.999435938759067,-8.058017727639034e-05
48269,40.22483708061801,1.0,560,681,1241,0.0008058017727639033,0.0008333472224535399,0.999435938759067,0.0
48270,40.22567042784046,1.0,560,681,1241,0.0,0.0008333472224535399,0.999435938759067,0.0
48271,40.226503775062916,1.0,560,681,1241,0.0,0.0008333472224535399,0.999435938759067,0.0
48272,40.22733712228537,1.0,560,681,1241,0.0,0.0008333472224535399,0.9995165189363433,8.058017727639034e-05
48273,40.22817046950783,1.0,560,681,1241,0.0,0.0008333472224606453,0.9995970991136197,8.058017727639034e-05
48274,40.229003816730284,1.0,560,681,1241,0.0,0.0008333472224535399,0.999677679290896,8.058017727639034e-05
48275,40.22983716395274,1.0,560,681,1241,0.0,0.0008333472224535399,0.9997582594681724,8.058017727639034e-05
48276,40.23067051117519,1.0,560,681,1241,0.0,0.0008333472224535399,0.9998388396454487,8.058017727639034e-05
48277,40.231503858397645,0.9991941982272361,560,681,1241,-0.0008058017727639033,0.0008333472224535399,0.9998388396454487,0.0
48278,40.2323372056201,0.9991941982272361,560,681,1241,0.0,0.0008333472224535399,0.9998388396454487,0.0
48279,40.23317055284255,0.9991941982272361,560,681,1241,0.0,0.0008333472224535399,0.9997582594681724,-8.058017727639034e-05
48280,40.234003900065005,1.0,560,681,1241,0.0008058017727639033,0.0008333472224535399,0.9997582594681724,0.0
48281,40.23483724728746,1.0,560,681,1241,0.0,0.0008333472224535399,0.9997582594681724,0.0
48282,40.23567059450991,1.0,560,681,1241,0.0,0.0008333472224535399,0.9997582594681724,0.0
48283,40.236503941732366,1.0,560,681,1241,0.0,0.0008333472224535399,0.9997582594681724,0.0
48284,40.23733728895482,1.0,560,681,1241,0.0,0.0008333472224535399,0.9997582594681724,0.0
48285,40.23817063617727,1.0,560,681,1241,0.0,0.0008333472224535399,0.9997582594681724,0.0
48286,40.239003983399726,1.0,560,681,1241,0.0,0.0008333472224535399,0.9997582594681724,0.0
48287,40.23983733062218,1.0,560,681,1241,0.0,0.0008333472224535399,0.9998388396454487,8.058017727639034e-05
48288,40.24067067784463,1.0,560,681,1241,0.0,0.0008333472224535399,0.999919419822725,8.058017727639034e-05
48289,40.24150402506709,1.0,560,681,1241,0.0,0.0008333472224535399,1.0000000000000013,8.058017727639034e-05
48290,40.24233737228954,1.0,560,681,1241,0.0,0.0008333472224535399,1.0000000000000013,0.0
48291,40.243170719511994,1.0,560,681,1241,0.0,0.0008333472224535399,1.0000000000000013,0.0
48292,40.24400406673445,1.0,560,681,1241,0.0,0.0008333472224535399,1.0000000000000013,0.0
48293,40.2448374139569,1.0,560,681,1241,0.0,0.0008333472224535399,1.0000000000000013,0.0
48294,40.245670761179355,1.0,560,681,1241,0.0,0.0008333472224535399,1.0000000000000013,0.0
48295,40.24650410840181,1.0,560,681,1241,0.0,0.0008333472224535399,1.0000000000000013,0.0
48296,40.24733745562426,1.0,560,681,1241,0.0,0.0008333472224535399,1.0000000000000013,0.0
48297,40.248170802846715,1.0,560,681,1241,0.0,0.0008333472224535399,1.0000000000000013,0.0
48298,40.24900415006917,1.0,560,681,1241,0.0,0.0008333472224535399,1.0000000000000013,0.0
48299,40.24983749729162,1.0,560,681,1241,0.0,0.0008333472224535399,1.0000000000000013,0.0
48300,40.250670844514076,1.0,560,681,1241,0.0,0.0008333472224535399,1.0000000000000013,0.0
48301,40.25150419173653,1.0,560,681,1241,0.0,0.0008333472224535399,1.0000000000000013,0.0
48302,40.25233753895898,1.0,560,681,1241,0.0,0.0008333472224535399,1.0000000000000013,0.0
48303,40.25317088618144,1.0,560,681,1241,0.0,0.0008333472224535399,1.0000000000000013,0.0
48304,40.25400423340389,1.0,560,681,1241,0.0,0.0008333472224535399,1.0000000000000013,0.0
48305,40.254837580626344,0.9991941982272361,560,681,1241,-0.0008058017727639033,0.0008333472224535399,0.999919419822725,-8.058017727639034e-05
48306,40.2556709278488,1.0,560,681,1241,0.0008058017727639033,0.0008333472224535399,0.999919419822725,0.0
48307,40.25650427507125,1.0,560,681,1241,0.0,0.0008333472224535399,0.999919419822725,0.0
48308,40.257337622293704,1.0,560,681,1241,0.0,0.0008333472224535399,0.999919419822725,0.0
48309,40.25817096951616,1.0,560,681,1241,0.0,0.0008333472224535399,0.999919419822725,0.0
48310,40.25900431673861,1.0,560,681,1241,0.0,0.0008333472224535399,0.999919419822725,0.0
48311,40.259837663961065,1.0,560,681,1241,0.0,0.0008333472224535399,0.999919419822725,0.0
48312,40.26067101118352,1.0,560,681,1241,0.0,0.0008333472224535399,0.999919419822725,0.0
48313,40.26150435840597,1.0,560,681,1241,0.0,0.0008333472224535399,0.999919419822725,0.0
48314,40.262337705628426,1.0,560,681,1241,0.0,0.0008333472224535399,0.999919419822725,0.0
48315,40.26317105285088,0.9991941982272361,560,681,1241,-0.0008058017727639033,0.0008333472224535399,0.999919419822725,0.0
48316,40.26400440007334,0.9991941982272361,560,681,1241,0.0,0.0008333472224606453,0.9998388396454487,-8.058017727639034e-05
48317,40.26483774729579,1.0,560,681,1241,0.0008058017727639033,0.0008333472224535399,0.9998388396454487,0.0
48318,40.26567109451825,1.0,560,681,1241,0.0,0.0008333472224535399,0.9998388396454487,0.0
48319,40.2665044417407,1.0,560,681,1241,0.0,0.0008333472224535399,0.9998388396454487,0.0
48320,40.267337788963154,1.0,560,681,1241,0.0,0.0008333472224535399,0.9998388396454487,0.0
48321,40.26817113618561,1.0,560,681,1241,0.0,0.0008333472224535399,0.9998388396454487,0.0
48322,40.26900448340806,1.0,560,681,1241,0.0,0.0008333472224535399,0.9998388396454487,0.0
48323,40.269837830630514,1.0,560,681,1241,0.0,0.0008333472224535399,0.9998388396454487,0.0
48324,40.27067117785297,1.0,560,681,1241,0.0,0.0008333472224535399,0.9998388396454487,0.0
48325,40.27150452507542,1.0,560,681,1241,0.0,0.0008333472224535399,0.999919419822725,8.058017727639034e-05
48326,40.272337872297875,1.0,560,681,1241,0.0,0.0008333472224535399,1.0000000000000013,8.058017727639034e-05
48327,40.27317121952033,1.0,560,681,1241,0.0,0.0008333472224535399,1.0000000000000013,0.0
48328,40.27400456674278,1.0,560,681,1241,0.0,0.0008333472224535399,1.0000000000000013,0.0
48329,40.274837913965236,1.0,560,681,1241,0.0,0.0008333472224535399,1.0000000000000013,0.0
48330,40.27567126118769,1.0,560,681,1241,0.0,0.0008333472224535399,1.0000000000000013,0.0
48331,40.27650460841014,1.0,560,681,1241,0.0,0.0008333472224535399,1.0000000000000013,0.0
48332,40.277337955632596,1.0,560,681,1241,0.0,0.0008333472224535399,1.0000000000000013,0.0
48333,40.27817130285505,1.0,560,681,1241,0.0,0.0008333472224535399,1.0000000000000013,0.0
48334,40.2790046500775,1.0,560,681,1241,0.0,0.0008333472224535399,1.0000000000000013,0.0
48335,40.27983799729996,1.0,560,681,1241,0.0,0.0008333472224535399,1.0000000000000013,0.0
48336,40.28067134452241,1.0,560,681,1241,0.0,0.0008333472224535399,1.0000000000000013,0.0
48337,40.281504691744864,1.0,560,681,1241,0.0,0.0008333472224535399,1.0000000000000013,0.0
48338,40.28233803896732,1.0,560,681,1241,0.0,0.0008333472224535399,1.0000000000000013,0.0
48339,40.28317138618977,1.0,560,681,1241,0.0,0.0008333472224535399,1.0000000000000013,0.0
48340,40.284004733412225,1.0,560,681,1241,0.0,0.0008333472224535399,1.0000000000000013,0.0
48341,40.28483808063468,1.0,560,681,1241,0.0,0.0008333472224535399,1.0000000000000013,0.0
48342,40.28567142785713,1.0,560,681,1241,0.0,0.0008333472224535399,1.0000000000000013,0.0
48343,40.286504775079585,1.0,560,681,1241,0.0,0.0008333472224535399,1.0000000000000013,0.0
48344,40.28733812230204,1.0,560,681,1241,0.0,0.0008333472224535399,1.0000000000000013,0.0
48345,40.28817146952449,1.0,560,681,1241,0.0,0.0008333472224535399,1.0000000000000013,0.0
48346,40.289004816746946,1.0,560,681,1241,0.0,0.0008333472224535399,1.0000000000000013,0.0
48347,40.2898381639694,1.0,560,681,1241,0.0,0.0008333472224535399,1.0000000000000013,0.0
48348,40.29067151119185,1.0,560,681,1241,0.0,0.0008333472224535399,1.0000000000000013,0.0
48349,40.29150485841431,1.0,560,681,1241,0.0,0.0008333472224535399,1.0000000000000013,0.0
48350,40.29233820563676,1.0,560,681,1241,0.0,0.0008333472224535399,1.0000000000000013,0.0
48351,40.293171552859214,1.0,560,681,1241,0.0,0.0008333472224535399,1.0000000000000013,0.0
48352,40.29400490008167,1.0,560,681,1241,0.0,0.0008333472224535399,1.0000000000000013,0.0
48353,40.29483824730412,1.0,560,681,1241,0.0,0.0008333472224535399,1.0000000000000013,0.0
48354,40.295671594526574,1.0,560,681,1241,0.0,0.0008333472224535399,1.0000000000000013,0.0
48355,40.29650494174903,1.0,560,681,1241,0.0,0.0008333472224535399,1.0000000000000013,0.0
48356,40.29733828897148,1.0,560,681,1241,0.0,0.0008333472224535399,1.0000000000000013,0.0
48357,40.298171636193935,1.0,560,681,1241,0.0,0.0008333472224535399,1.0000000000000013,0.0
48358,40.299004983416395,1.0,560,681,1241,0.0,0.0008333472224606453,1.0000000000000013,0.0
48359,40.29983833063885,1.0,560,681,1241,0.0,0.0008333472224535399,1.0000000000000013,0.0
48360,40.3006716778613,1.0,560,681,1241,0.0,0.0008333472224535399,1.0000000000000013,0.0
48361,40.301505025083756,1.0,560,681,1241,0.0,0.0008333472224535399,1.0000000000000013,0.0
48362,40.30233837230621,1.0,560,681,1241,0.0,0.0008333472224535399,1.0000000000000013,0.0
48363,40.30317171952866,1.0,560,681,1241,0.0,0.0008333472224535399,1.0000000000000013,0.0
48364,40.30400506675112,1.0,560,681,1241,0.0,0.0008333472224535399,1.0000000000000013,0.0
48365,40.30483841397357,1.0,560,681,1241,0.0,0.0008333472224535399,1.0000000000000013,0.0
48366,40.305671761196024,1.0,560,681,1241,0.0,0.0008333472224535399,1.0000000000000013,0.0
48367,40.30650510841848,1.0,560,681,1241,0.0,0.0008333472224535399,1.0000000000000013,0.0
48368,40.30733845564093,1.0,560,681,1241,0.0,0.0008333472224535399,1.0000000000000013,0.0
48369,40.308171802863384,1.0,560,681,1241,0.0,0.0008333472224535399,1.0000000000000013,0.0
48370,40.30900515008584,1.0,560,681,1241,0.0,0.0008333472224535399,1.0000000000000013,0.0
48371,40.30983849730829,1.0,560,681,1241,0.0,0.0008333472224535399,1.0000000000000013,0.0
48372,40.310671844530745,1.0,560,681,1241,0.0,0.0008333472224535399,1.0000000000000013,0.0
48373,40.3115051917532,1.0,560,681,1241,0.0,0.0008333472224535399,1.0000000000000013,0.0
48374,40.31233853897565,1.0,560,681,1241,0.0,0.0008333472224535399,1.0000000000000013,0.0
48375,40.313171886198106,1.0,560,681,1241,0.0,0.0008333472224535399,1.0000000000000013,0.0
48376,40.31400523342056,1.0,560,681,1241,0.0,0.0008333472224535399,1.0000000000000013,0.0
48377,40.31483858064301,1.0,560,681,1241,0.0,0.0008333472224535399,1.0000000000000013,0.0
48378,40.315671927865466,1.0,560,681,1241,0.0,0.0008333472224535399,1.0000000000000013,0.0
48379,40.31650527508792,0.9991941982272361,560,681,1241,-0.0008058017727639033,0.0008333472224535399,0.999919419822725,-8.058017727639034e-05
48380,40.31733862231037,0.9991941982272361,560,681,1241,0.0,0.0008333472224535399,0.9998388396454487,-8.058017727639034e-05
48381,40.31817196953283,1.0,560,681,1241,0.0008058017727639033,0.0008333472224535399,0.9998388396454487,0.0
48382,40.31900531675528,1.0,560,681,1241,0.0,0.0008333472224535399,0.9998388396454487,0.0
48383,40.319838663977734,1.0,560,681,1241,0.0,0.0008333472224535399,0.9998388396454487,0.0
48384,40.32067201120019,1.0,560,681,1241,0.0,0.0008333472224535399,0.9998388396454487,0.0
48385,40.32150535842264,1.0,560,681,1241,0.0,0.0008333472224535399,0.9998388396454487,0.0
48386,40.322338705645095,1.0,560,681,1241,0.0,0.0008333472224535399,0.9998388396454487,0.0
48387,40.32317205286755,1.0,560,681,1241,0.0,0.0008333472224535399,0.9998388396454487,0.0
48388,40.32400540009,1.0,560,681,1241,0.0,0.0008333472224535399,0.9998388396454487,0.0
48389,40.324838747312455,1.0,560,681,1241,0.0,0.0008333472224535399,0.999919419822725,8.058017727639034e-05
48390,40.32567209453491,1.0,560,681,1241,0.0,0.0008333472224535399,1.0000000000000013,8.058017727639034e-05
48391,40.32650544175736,1.0,560,681,1241,0.0,0.0008333472224535399,1.0000000000000013,0.0
48392,40.327338788979816,1.0,560,681,1241,0.0,0.0008333472224535399,1.0000000000000013,0.0
48393,40.32817213620227,1.0,560,681,1241,0.0,0.0008333472224535399,1.0000000000000013,0.0
48394,40.32900548342472,1.0,560,681,1241,0.0,0.0008333472224535399,1.0000000000000013,0.0
48395,40.32983883064718,1.0,560,681,1241,0.0,0.0008333472224535399,1.0000000000000013,0.0
48396,40.33067217786963,1.0,560,681,1241,0.0,0.0008333472224535399,1.0000000000000013,0.0
48397,40.33150552509208,1.0,560,681,1241,0.0,0.0008333472224535399,1.0000000000000013,0.0
48398,40.33233887231454,1.0,560,681,1241,0.0,0.0008333472224535399,1.0000000000000013,0.0
48399,40.33317221953699,0.9991941982272361,560,681,1241,-0.0008058017727639033,0.0008333472224535399,0.999919419822725,-8.058017727639034e-05
48400,40.334005566759444,0.9991941982272361,560,681,1241,0.0,0.0008333472224535399,0.9998388396454487,-8.058017727639034e-05
48401,40.334838913981905,1.0,560,681,1241,0.0008058017727639033,0.0008333472224606453,0.9998388396454487,0.0
48402,40.33567226120436,1.0,560,681,1241,0.0,0.0008333472224535399,0.9998388396454487,0.0
48403,40.33650560842681,1.0,560,681,1241,0.0,0.0008333472224535399,0.9998388396454487,0.0
48404,40.337338955649265,1.0,560,681,1241,0.0,0.0008333472224535399,0.9998388396454487,0.0
48405,40.33817230287172,1.0,560,681,1241,0.0,0.0008333472224535399,0.9998388396454487,0.0
48406,40.33900565009417,1.0,560,681,1241,0.0,0.0008333472224535399,0.9998388396454487,0.0
48407,40.339838997316626,1.0,560,681,1241,0.0,0.0008333472224535399,0.9998388396454487,0.0
48408,40.34067234453908,1.0,560,681,1241,0.0,0.0008333472224535399,0.9998388396454487,0.0
48409,40.34150569176153,1.0,560,681,1241,0.0,0.0008333472224535399,0.999919419822725,8.058017727639034e-05
48410,40.34233903898399,1.0,560,681,1241,0.0,0.0008333472224535399,1.0000000000000013,8.058017727639034e-05
48411,40.34317238620644,1.0,560,681,1241,0.0,0.0008333472224535399,1.0000000000000013,0.0
48412,40.344005733428894,1.0,560,681,1241,0.0,0.0008333472224535399,1.0000000000000013,0.0
48413,40.34483908065135,1.0,560,681,1241,0.0,0.0008333472224535399,1.0000000000000013,0.0
48414,40.3456724278738,1.0,560,681,1241,0.0,0.0008333472224535399,1.0000000000000013,0.0
48415,40.346505775096254,1.0,560,681,1241,0.0,0.0008333472224535399,1.0000000000000013,0.0
48416,40.34733912231871,1.0,560,681,1241,0.0,0.0008333472224535399,1.0000000000000013,0.0
48417,40.34817246954116,1.0,560,681,1241,0.0,0.0008333472224535399,1.0000000000000013,0.0
48418,40.349005816763615,1.0,560,681,1241,0.0,0.0008333472224535399,1.0000000000000013,0.0
48419,40.34983916398607,1.0,560,681,1241,0.0,0.0008333472224535399,1.0000000000000013,0.0
48420,40.35067251120852,1.0,560,681,1241,0.0,0.0008333472224535399,1.0000000000000013,0.0
48421,40.351505858430976,1.0,560,681,1241,0.0,0.0008333472224535399,1.0000000000000013,0.0
48422,40.35233920565343,1.0,560,681,1241,0.0,0.0008333472224535399,1.0000000000000013,0.0
48423,40.35317255287588,1.0,560,681,1241,0.0,0.0008333472224535399,1.0000000000000013,0.0
48424,40.354005900098336,1.0,560,681,1241,0.0,0.0008333472224535399,1.0000000000000013,0.0
48425,40.35483924732079,1.0,560,681,1241,0.0,0.0008333472224535399,1.0000000000000013,0.0
48426,40.35567259454324,1.0,560,681,1241,0.0,0.0008333472224535399,1.0000000000000013,0.0
48427,40.3565059417657,1.0,560,681,1241,0.0,0.0008333472224535399,1.0000000000000013,0.0
48428,40.35733928898815,1.0,560,681,1241,0.0,0.0008333472224535399,1.0000000000000013,0.0
48429,40.358172636210604,1.0,560,681,1241,0.0,0.0008333472224535399,1.0000000000000013,0.0
48430,40.35900598343306,1.0,560,681,1241,0.0,0.0008333472224535399,1.0000000000000013,0.0
48431,40.35983933065551,1.0,560,681,1241,0.0,0.0008333472224535399,1.0000000000000013,0.0
48432,40.360672677877965,1.0,560,681,1241,0.0,0.0008333472224535399,1.0000000000000013,0.0
48433,40.36150602510042,1.0,560,681,1241,0.0,0.0008333472224535399,1.0000000000000013,0.0
48434,40.36233937232287,1.0,560,681,1241,0.0,0.0008333472224535399,1.0000000000000013,0.0
48435,40.363172719545325,1.0,560,681,1241,0.0,0.0008333472224535399,1.0000000000000013,0.0
48436,40.36400606676778,1.0,560,681,1241,0.0,0.0008333472224535399,1.0000000000000013,0.0
48437,40.36483941399023,1.0,560,681,1241,0.0,0.0008333472224535399,1.0000000000000013,0.0
48438,40.365672761212686,1.0,560,681,1241,0.0,0.0008333472224535399,1.0000000000000013,0.0
48439,40.36650610843514,1.0,560,681,1241,0.0,0.0008333472224535399,1.0000000000000013,0.0
48440,40.36733945565759,1.0,560,681,1241,0.0,0.0008333472224535399,1.0000000000000013,0.0
48441,40.368172802880046,1.0,560,681,1241,0.0,0.0008333472224535399,1.0000000000000013,0.0
48442,40.3690061501025,1.0,560,681,1241,0.0,0.0008333472224535399,1.0000000000000013,0.0
48443,40.36983949732496,1.0,560,681,1241,0.0,0.0008333472224606453,1.0000000000000013,0.0
48444,40.370672844547414,1.0,560,681,1241,0.0,0.0008333472224535399,1.0000000000000013,0.0
48445,40.37150619176987,1.0,560,681,1241,0.0,0.0008333472224535399,1.0000000000000013,0.0
48446,40.37233953899232,1.0,560,681,1241,0.0,0.0008333472224535399,1.0000000000000013,0.0
48447,40.373172886214775,1.0,560,681,1241,0.0,0.0008333472224535399,1.0000000000000013,0.0
48448,40.37400623343723,1.0,560,681,1241,0.0,0.0008333472224535399,1.0000000000000013,0.0
48449,40.37483958065968,1.0,560,681,1241,0.0,0.0008333472224535399,1.0000000000000013,0.0
48450,40.375672927882135,1.0,560,681,1241,0.0,0.0008333472224535399,1.0000000000000013,0.0
48451,40.37650627510459,1.0,560,681,1241,0.0,0.0008333472224535399,1.0000000000000013,0.0
48452,40.37733962232704,1.0,560,681,1241,0.0,0.0008333472224535399,1.0000000000000013,0.0
48453,40.378172969549496,1.0,560,681,1241,0.0,0.0008333472224535399,1.0000000000000013,0.0
48454,40.37900631677195,1.0,560,681,1241,0.0,0.0008333472224535399,1.0000000000000013,0.0
48455,40.3798396639944,1.0,560,681,1241,0.0,0.0008333472224535399,1.0000000000000013,0.0
48456,40.38067301121686,1.0,560,681,1241,0.0,0.0008333472224535399,1.0000000000000013,0.0
48457,40.38150635843931,1.0,560,681,1241,0.0,0.0008333472224535399,1.0000000000000013,0.0
48458,40.382339705661764,1.0,560,681,1241,0.0,0.0008333472224535399,1.0000000000000013,0.0
48459,40.38317305288422,0.9991941982272361,560,681,1241,-0.0008058017727639033,0.0008333472224535399,0.999919419822725,-8.058017727639034e-05
48460,40.38400640010667,1.0,560,681,1241,0.0008058017727639033,0.0008333472224535399,0.999919419822725,0.0
48461,40.384839747329124,1.0,560,681,1241,0.0,0.0008333472224535399,0.999919419822725,0.0
48462,40.38567309455158,1.0,560,681,1241,0.0,0.0008333472224535399,0.999919419822725,0.0
48463,40.38650644177403,1.0,560,681,1241,0.0,0.0008333472224535399,0.999919419822725,0.0
48464,40.387339788996485,1.0,560,681,1241,0.0,0.0008333472224535399,0.999919419822725,0.0
48465,40.38817313621894,1.0,560,681,1241,0.0,0.0008333472224535399,0.999919419822725,0.0
48466,40.38900648344139,1.0,560,681,1241,0.0,0.0008333472224535399,0.999919419822725,0.0
48467,40.389839830663846,1.0,560,681,1241,0.0,0.0008333472224535399,0.999919419822725,0.0
48468,40.3906731778863,1.0,560,681,1241,0.0,0.0008333472224535399,0.999919419822725,0.0
48469,40.39150652510875,1.0,560,681,1241,0.0,0.0008333472224535399,1.0000000000000013,8.058017727639034e-05
48470,40.392339872331206,1.0,560,681,1241,0.0,0.0008333472224535399,1.0000000000000013,0.0
48471,40.39317321955366,1.0,560,681,1241,0.0,0.0008333472224535399,1.0000000000000013,0.0
48472,40.39400656677611,1.0,560,681,1241,0.0,0.0008333472224535399,1.0000000000000013,0.0
48473,40.39483991399857,1.0,560,681,1241,0.0,0.0008333472224535399,1.0000000000000013,0.0
48474,40.39567326122102,1.0,560,681,1241,0.0,0.0008333472224535399,1.0000000000000013,0.0
48475,40.396506608443474,0.9991941982272361,560,681,1241,-0.0008058017727639033,0.0008333472224535399,0.999919419822725,-8.058017727639034e-05
48476,40.39733995566593,0.9991941982272361,560,681,1241,0.0,0.0008333472224535399,0.9998388396454487,-8.058017727639034e-05
48477,40.39817330288838,1.0,560,681,1241,0.0008058017727639033,0.0008333472224535399,0.9998388396454487,0.0
48478,40.399006650110834,1.0,560,681,1241,0.0,0.0008333472224535399,0.9998388396454487,0.0
48479,40.39983999733329,1.0,560,681,1241,0.0,0.0008333472224535399,0.9998388396454487,0.0
48480,40.40067334455574,1.0,560,681,1241,0.0,0.0008333472224535399,0.9998388396454487,0.0
48481,40.401506691778195,1.0,560,681,1241,0.0,0.0008333472224535399,0.9998388396454487,0.0
48482,40.40234003900065,0.9991941982272361,560,681,1241,-0.0008058017727639033,0.0008333472224535399,0.9997582594681724,-8.058017727639034e-05
48483,40.4031733862231,0.9991941982272361,560,681,1241,0.0,0.0008333472224535399,0.999677679290896,-8.058017727639034e-05
48484,40.404006733445556,0.9991941982272361,560,681,1241,0.0,0.0008333472224535399,0.9995970991136197,-8.058017727639034e-05
48485,40.404840080668016,0.9991941982272361,560,681,1241,0.0,0.0008333472224606453,0.9995970991136197,0.0
48486,40.40567342789047,0.9991941982272361,560,681,1241,0.0,0.0008333472224535399,0.9995970991136197,0.0
48487,40.40650677511292,1.0,560,681,1241,0.0008058017727639033,0.0008333472224535399,0.9995970991136197,0.0
48488,40.40734012233538,1.0,560,681,1241,0.0,0.0008333472224535399,0.9995970991136197,0.0
48489,40.40817346955783,1.0,560,681,1241,0.0,0.0008333472224535399,0.9995970991136197,0.0
48490,40.409006816780284,1.0,560,681,1241,0.0,0.0008333472224535399,0.9995970991136197,0.0
48491,40.40984016400274,1.0,560,681,1241,0.0,0.0008333472224535399,0.9995970991136197,0.0
48492,40.41067351122519,1.0,560,681,1241,0.0,0.0008333472224535399,0.999677679290896,8.058017727639034e-05
48493,40.411506858447645,1.0,560,681,1241,0.0,0.0008333472224535399,0.9997582594681724,8.058017727639034e-05
48494,40.4123402056701,1.0,560,681,1241,0.0,0.0008333472224535399,0.9998388396454487,8.058017727639034e-05
48495,40.41317355289255,1.0,560,681,1241,0.0,0.0008333472224535399,0.999919419822725,8.058017727639034e-05
48496,40.414006900115005,1.0,560,681,1241,0.0,0.0008333472224535399,1.0000000000000013,8.058017727639034e-05
48497,40.41484024733746,0.9991941982272361,560,681,1241,-0.0008058017727639033,0.0008333472224535399,0.999919419822725,-8.058017727639034e-05
48498,40.41567359455991,1.0,560,681,1241,0.0008058017727639033,0.0008333472224535399,0.999919419822725,0.0
48499,40.416506941782366,1.0,560,681,1241,0.0,0.0008333472224535399,0.999919419822725,0.0
48500,40.41734028900482,1.0,560,681,1241,0.0,0.0008333472224535399,0.999919419822725,0.0
48501,40.41817363622727,1.0,560,681,1241,0.0,0.0008333472224535399,0.999919419822725,0.0
48502,40.41900698344973,1.0,560,681,1241,0.0,0.0008333472224535399,0.999919419822725,0.0
48503,40.41984033067218,1.0,560,681,1241,0.0,0.0008333472224535399,0.999919419822725,0.0
48504,40.420673677894634,1.0,560,681,1241,0.0,0.0008333472224535399,0.999919419822725,0.0
48505,40.42150702511709,1.0,560,681,1241,0.0,0.0008333472224535399,0.999919419822725,0.0
48506,40.42234037233954,0.9991941982272361,560,681,1241,-0.0008058017727639033,0.0008333472224535399,0.9998388396454487,-8.058017727639034e-05
48507,40.423173719561994,0.9991941982272361,560,681,1241,0.0,0.0008333472224535399,0.9998388396454487,0.0
48508,40.42400706678445,1.0,560,681,1241,0.0008058017727639033,0.0008333472224535399,0.9998388396454487,0.0
48509,40.4248404140069,1.0,560,681,1241,0.0,0.0008333472224535399,0.9998388396454487,0.0
48510,40.425673761229355,1.0,560,681,1241,0.0,0.0008333472224535399,0.9998388396454487,0.0
48511,40.42650710845181,1.0,560,681,1241,0.0,0.0008333472224535399,0.9998388396454487,0.0
48512,40.42734045567426,1.0,560,681,1241,0.0,0.0008333472224535399,0.9998388396454487,0.0
48513,40.428173802896715,1.0,560,681,1241,0.0,0.0008333472224535399,0.9998388396454487,0.0
48514,40.42900715011917,1.0,560,681,1241,0.0,0.0008333472224535399,0.9998388396454487,0.0
48515,40.42984049734162,1.0,560,681,1241,0.0,0.0008333472224535399,0.9998388396454487,0.0
48516,40.430673844564076,1.0,560,681,1241,0.0,0.0008333472224535399,0.999919419822725,8.058017727639034e-05
48517,40.43150719178653,1.0,560,681,1241,0.0,0.0008333472224535399,1.0000000000000013,8.058017727639034e-05
48518,40.43234053900898,1.0,560,681,1241,0.0,0.0008333472224535399,1.0000000000000013,0.0
48519,40.43317388623144,0.9991941982272361,560,681,1241,-0.0008058017727639033,0.0008333472224535399,0.999919419822725,-8.058017727639034e-05
48520,40.43400723345389,0.9991941982272361,560,681,1241,0.0,0.0008333472224535399,0.9998388396454487,-8.058017727639034e-05
48521,40.434840580676344,1.0,560,681,1241,0.0008058017727639033,0.0008333472224535399,0.9998388396454487,0.0
48522,40.4356739278988,1.0,560,681,1241,0.0,0.0008333472224535399,0.9998388396454487,0.0
48523,40.43650727512125,1.0,560,681,1241,0.0,0.0008333472224535399,0.9998388396454487,0.0
48524,40.437340622343704,1.0,560,681,1241,0.0,0.0008333472224535399,0.9998388396454487,0.0
48525,40.43817396956616,1.0,560,681,1241,0.0,0.0008333472224535399,0.9998388396454487,0.0
48526,40.43900731678861,1.0,560,681,1241,0.0,0.0008333472224535399,0.9998388396454487,0.0
48527,40.439840664011065,1.0,560,681,1241,0.0,0.0008333472224535399,0.9998388396454487,0.0
48528,40.440674011233526,0.9991941982272361,560,681,1241,-0.0008058017727639033,0.0008333472224606453,0.9997582594681724,-8.058017727639034e-05
48529,40.44150735845598,0.9991941982272361,560,681,1241,0.0,0.0008333472224535399,0.9997582594681724,0.0
48530,40.44234070567843,0.9991941982272361,560,681,1241,0.0,0.0008333472224535399,0.9997582594681724,0.0
48531,40.443174052900886,0.9991941982272361,560,681,1241,0.0,0.0008333472224535399,0.999677679290896,-8.058017727639034e-05
48532,40.44400740012334,0.9991941982272361,560,681,1241,0.0,0.0008333472224535399,0.9995970991136197,-8.058017727639034e-05
48533,40.44484074734579,1.0,560,681,1241,0.0008058017727639033,0.0008333472224535399,0.9995970991136197,0.0
48534,40.44567409456825,1.0,560,681,1241,0.0,0.0008333472224535399,0.9995970991136197,0.0
48535,40.4465074417907,1.0,560,681,1241,0.0,0.0008333472224535399,0.9995970991136197,0.0
48536,40.447340789013154,1.0,560,681,1241,0.0,0.0008333472224535399,0.9995970991136197,0.0
48537,40.44817413623561,1.0,560,681,1241,0.0,0.0008333472224535399,0.9995970991136197,0.0
48538,40.44900748345806,1.0,560,681,1241,0.0,0.0008333472224535399,0.999677679290896,8.058017727639034e-05
48539,40.449840830680515,1.0,560,681,1241,0.0,0.0008333472224535399,0.9997582594681724,8.058017727639034e-05
48540,40.45067417790297,1.0,560,681,1241,0.0,0.0008333472224535399,0.9998388396454487,8.058017727639034e-05
48541,40.45150752512542,1.0,560,681,1241,0.0,0.0008333472224535399,0.999919419822725,8.058017727639034e-05
48542,40.452340872347875,1.0,560,681,1241,0.0,0.0008333472224535399,1.0000000000000013,8.058017727639034e-05
48543,40.45317421957033,0.9991941982272361,560,681,1241,-0.0008058017727639033,0.0008333472224535399,0.999919419822725,-8.058017727639034e-05
48544,40.45400756679278,0.9991941982272361,560,681,1241,0.0,0.0008333472224535399,0.9998388396454487,-8.058017727639034e-05
48545,40.454840914015236,0.9991941982272361,560,681,1241,0.0,0.0008333472224535399,0.9997582594681724,-8.058017727639034e-05
48546,40.45567426123769,0.9991941982272361,560,681,1241,0.0,0.0008333472224535399,0.999677679290896,-8.058017727639034e-05
48547,40.45650760846014,0.9983883964544722,560,681,1241,-0.0008058017727639033,0.0008333472224535399,0.9995165189363433,-0.00016116035455278067
48548,40.4573409556826,0.9983883964544722,560,681,1241,0.0,0.0008333472224535399,0.9993553585817907,-0.00016116035455278067
48549,40.45817430290505,0.9991941982272361,560,681,1241,0.0008058017727639033,0.0008333472224535399,0.9992747784045143,-8.058017727639034e-05
48550,40.4590076501275,0.9991941982272361,560,681,1241,0.0,0.0008333472224535399,0.999194198227238,-8.058017727639034e-05
48551,40.45984099734996,0.9991941982272361,560,681,1241,0.0,0.0008333472224535399,0.9991136180499616,-8.058017727639034e-05
48552,40.46067434457241,0.9991941982272361,560,681,1241,0.0,0.0008333472224535399,0.9990330378726853,-8.058017727639034e-05
48553,40.461507691794864,0.9991941982272361,560,681,1241,0.0,0.0008333472224535399,0.9990330378726853,0.0
48554,40.46234103901732,0.9991941982272361,560,681,1241,0.0,0.0008333472224535399,0.9990330378726853,0.0
48555,40.46317438623977,0.9991941982272361,560,681,1241,0.0,0.0008333472224535399,0.9990330378726853,0.0
48556,40.464007733462225,0.9991941982272361,560,681,1241,0.0,0.0008333472224535399,0.9990330378726853,0.0
48557,40.46484108068468,0.9991941982272361,560,681,1241,0.0,0.0008333472224535399,0.9991136180499616,8.058017727639034e-05
48558,40.46567442790713,1.0,560,681,1241,0.0008058017727639033,0.0008333472224535399,0.9992747784045143,0.00016116035455278067
48559,40.466507775129585,1.0,560,681,1241,0.0,0.0008333472224535399,0.9993553585817907,8.058017727639034e-05
48560,40.46734112235204,1.0,560,681,1241,0.0,0.0008333472224535399,0.999435938759067,8.058017727639034e-05
48561,40.46817446957449,1.0,560,681,1241,0.0,0.0008333472224535399,0.9995165189363433,8.058017727639034e-05
48562,40.469007816796946,1.0,560,681,1241,0.0,0.0008333472224535399,0.9995970991136197,8.058017727639034e-05
48563,40.4698411640194,1.0,560,681,1241,0.0,0.0008333472224535399,0.999677679290896,8.058017727639034e-05
48564,40.47067451124185,1.0,560,681,1241,0.0,0.0008333472224535399,0.9997582594681724,8.058017727639034e-05
48565,40.47150785846431,1.0,560,681,1241,0.0,0.0008333472224535399,0.9998388396454487,8.058017727639034e-05
48566,40.47234120568676,1.0,560,681,1241,0.0,0.0008333472224535399,0.999919419822725,8.058017727639034e-05
48567,40.473174552909214,1.0,560,681,1241,0.0,0.0008333472224535399,1.0000000000000013,8.058017727639034e-05
48568,40.47400790013167,1.0,560,681,1241,0.0,0.0008333472224535399,1.0000000000000013,0.0
48569,40.47484124735412,1.0,560,681,1241,0.0,0.0008333472224535399,1.0000000000000013,0.0
48570,40.47567459457658,1.0,560,681,1241,0.0,0.0008333472224606453,1.0000000000000013,0.0
48571,40.476507941799035,1.0,560,681,1241,0.0,0.0008333472224535399,1.0000000000000013,0.0
48572,40.47734128902149,1.0,560,681,1241,0.0,0.0008333472224535399,1.0000000000000013,0.0
48573,40.47817463624394,1.0,560,681,1241,0.0,0.0008333472224535399,1.0000000000000013,0.0
48574,40.479007983466396,1.0,560,681,1241,0.0,0.0008333472224535399,1.0000000000000013,0.0
48575,40.47984133068885,1.0,560,681,1241,0.0,0.0008333472224535399,1.0000000000000013,0.0
48576,40.4806746779113,1.0,560,681,1241,0.0,0.0008333472224535399,1.0000000000000013,0.0
48577,40.481508025133756,1.0,560,681,1241,0.0,0.0008333472224535399,1.0000000000000013,0.0
48578,40.48234137235621,1.0,560,681,1241,0.0,0.0008333472224535399,1.0000000000000013,0.0
48579,40.48317471957866,1.0,560,681,1241,0.0,0.0008333472224535399,1.0000000000000013,0.0
48580,40.48400806680112,1.0,560,681,1241,0.0,0.0008333472224535399,1.0000000000000013,0.0
48581,40.48484141402357,0.9991941982272361,560,681,1241,-0.0008058017727639033,0.0008333472224535399,0.999919419822725,-8.058017727639034e-05
48582,40.485674761246024,1.0,560,681,1241,0.0008058017727639033,0.0008333472224535399,0.999919419822725,0.0
48583,40.48650810846848,1.0,560,681,1241,0.0,0.0008333472224535399,0.999919419822725,0.0
48584,40.48734145569093,1.0,560,681,1241,0.0,0.0008333472224535399,0.999919419822725,0.0
48585,40.488174802913385,1.0,560,681,1241,0.0,0.0008333472224535399,0.999919419822725,0.0
48586,40.48900815013584,1.0,560,681,1241,0.0,0.0008333472224535399,0.999919419822725,0.0
48587,40.48984149735829,1.0,560,681,1241,0.0,0.0008333472224535399,0.999919419822725,0.0
48588,40.490674844580745,1.0,560,681,1241,0.0,0.0008333472224535399,0.999919419822725,0.0
48589,40.4915081918032,1.0,560,681,1241,0.0,0.0008333472224535399,0.999919419822725,0.0
48590,40.49234153902565,1.0,560,681,1241,0.0,0.0008333472224535399,0.999919419822725,0.0
48591,40.493174886248106,1.0,560,681,1241,0.0,0.0008333472224535399,1.0000000000000013,8.058017727639034e-05
48592,40.49400823347056,1.0,560,681,1241,0.0,0.0008333472224535399,1.0000000000000013,0.0
48593,40.49484158069301,1.0,560,681,1241,0.0,0.0008333472224535399,1.0000000000000013,0.0
48594,40.495674927915466,1.0,560,681,1241,0.0,0.0008333472224535399,1.0000000000000013,0.0
48595,40.49650827513792,1.0,560,681,1241,0.0,0.0008333472224535399,1.0000000000000013,0.0
48596,40.49734162236037,1.0,560,681,1241,0.0,0.0008333472224535399,1.0000000000000013,0.0
48597,40.49817496958283,1.0,560,681,1241,0.0,0.0008333472224535399,1.0000000000000013,0.0
48598,40.49900831680528,1.0,560,681,1241,0.0,0.0008333472224535399,1.0000000000000013,0.0
48599,40.499841664027734,1.0,560,681,1241,0.0,0.0008333472224535399,1.0000000000000013,0.0
48600,40.50067501125019,1.0,560,681,1241,0.0,0.0008333472224535399,1.0000000000000013,0.0
48601,40.50150835847264,1.0,560,681,1241,0.0,0.0008333472224535399,1.0000000000000013,0.0
48602,40.502341705695095,1.0,560,681,1241,0.0,0.0008333472224535399,1.0000000000000013,0.0
48603,40.50317505291755,1.0,560,681,1241,0.0,0.0008333472224535399,1.0000000000000013,0.0
48604,40.50400840014,1.0,560,681,1241,0.0,0.0008333472224535399,1.0000000000000013,0.0
48605,40.504841747362455,1.0,560,681,1241,0.0,0.0008333472224535399,1.0000000000000013,0.0
48606,40.50567509458491,1.0,560,681,1241,0.0,0.0008333472224535399,1.0000000000000013,0.0
48607,40.50650844180736,1.0,560,681,1241,0.0,0.0008333472224535399,1.0000000000000013,0.0
48608,40.507341789029816,1.0,560,681,1241,0.0,0.0008333472224535399,1.0000000000000013,0.0
48609,40.50817513625227,1.0,560,681,1241,0.0,0.0008333472224535399,1.0000000000000013,0.0
48610,40.50900848347472,1.0,560,681,1241,0.0,0.0008333472224535399,1.0000000000000013,0.0
48611,40.50984183069718,0.9991941982272361,560,681,1241,-0.0008058017727639033,0.0008333472224535399,0.999919419822725,-8.058017727639034e-05
48612,40.51067517791964,0.9991941982272361,560,681,1241,0.0,0.0008333472224606453,0.9998388396454487,-8.058017727639034e-05
48613,40.51150852514209,0.9991941982272361,560,681,1241,0.0,0.0008333472224535399,0.9997582594681724,-8.058017727639034e-05
48614,40.512341872364544,0.9991941982272361,560,681,1241,0.0,0.0008333472224535399,0.999677679290896,-8.058017727639034e-05
48615,40.513175219587,0.9991941982272361,560,681,1241,0.0,0.0008333472224535399,0.9995970991136197,-8.058017727639034e-05
48616,40.51400856680945,1.0,560,681,1241,0.0008058017727639033,0.0008333472224535399,0.9995970991136197,0.0
48617,40.514841914031905,1.0,560,681,1241,0.0,0.0008333472224535399,0.9995970991136197,0.0
48618,40.51567526125436,1.0,560,681,1241,0.0,0.0008333472224535399,0.9995970991136197,0.0
48619,40.51650860847681,1.0,560,681,1241,0.0,0.0008333472224535399,0.9995970991136197,0.0
48620,40.517341955699266,1.0,560,681,1241,0.0,0.0008333472224535399,0.9995970991136197,0.0
48621,40.51817530292172,1.0,560,681,1241,0.0,0.0008333472224535399,0.999677679290896,8.058017727639034e-05
48622,40.51900865014417,1.0,560,681,1241,0.0,0.0008333472224535399,0.9997582594681724,8.058017727639034e-05
48623,40.519841997366626,1.0,560,681,1241,0.0,0.0008333472224535399,0.9998388396454487,8.058017727639034e-05
48624,40.52067534458908,1.0,560,681,1241,0.0,0.0008333472224535399,0.999919419822725,8.058017727639034e-05
48625,40.52150869181153,1.0,560,681,1241,0.0,0.0008333472224535399,1.0000000000000013,8.058017727639034e-05
48626,40.52234203903399,1.0,560,681,1241,0.0,0.0008333472224535399,1.0000000000000013,0.0
48627,40.52317538625644,1.0,560,681,1241,0.0,0.0008333472224535399,1.0000000000000013,0.0
48628,40.524008733478894,1.0,560,681,1241,0.0,0.0008333472224535399,1.0000000000000013,0.0
48629,40.52484208070135,1.0,560,681,1241,0.0,0.0008333472224535399,1.0000000000000013,0.0
48630,40.5256754279238,1.0,560,681,1241,0.0,0.0008333472224535399,1.0000000000000013,0.0
48631,40.526508775146254,0.9991941982272361,560,681,1241,-0.0008058017727639033,0.0008333472224535399,0.999919419822725,-8.058017727639034e-05
48632,40.52734212236871,1.0,560,681,1241,0.0008058017727639033,0.0008333472224535399,0.999919419822725,0.0
48633,40.52817546959116,1.0,560,681,1241,0.0,0.0008333472224535399,0.999919419822725,0.0
48634,40.529008816813615,1.0,560,681,1241,0.0,0.0008333472224535399,0.999919419822725,0.0
48635,40.52984216403607,1.0,560,681,1241,0.0,0.0008333472224535399,0.999919419822725,0.0
48636,40.53067551125852,1.0,560,681,1241,0.0,0.0008333472224535399,0.999919419822725,0.0
48637,40.531508858480976,1.0,560,681,1241,0.0,0.0008333472224535399,0.999919419822725,0.0
48638,40.53234220570343,1.0,560,681,1241,0.0,0.0008333472224535399,0.999919419822725,0.0
48639,40.53317555292588,1.0,560,681,1241,0.0,0.0008333472224535399,0.999919419822725,0.0
48640,40.534008900148336,1.0,560,681,1241,0.0,0.0008333472224535399,0.999919419822725,0.0
48641,40.53484224737079,1.0,560,681,1241,0.0,0.0008333472224535399,1.0000000000000013,8.058017727639034e-05
48642,40.53567559459324,1.0,560,681,1241,0.0,0.0008333472224535399,1.0000000000000013,0.0
48643,40.5365089418157,1.0,560,681,1241,0.0,0.0008333472224535399,1.0000000000000013,0.0
48644,40.53734228903815,1.0,560,681,1241,0.0,0.0008333472224535399,1.0000000000000013,0.0
48645,40.538175636260604,1.0,560,681,1241,0.0,0.0008333472224535399,1.0000000000000013,0.0
48646,40.53900898348306,1.0,560,681,1241,0.0,0.0008333472224535399,1.0000000000000013,0.0
48647,40.53984233070551,1.0,560,681,1241,0.0,0.0008333472224535399,1.0000000000000013,0.0
48648,40.540675677927965,1.0,560,681,1241,0.0,0.0008333472224535399,1.0000000000000013,0.0
48649,40.54150902515042,1.0,560,681,1241,0.0,0.0008333472224535399,1.0000000000000013,0.0
48650,40.54234237237287,1.0,560,681,1241,0.0,0.0008333472224535399,1.0000000000000013,0.0
48651,40.543175719595325,1.0,560,681,1241,0.0,0.0008333472224535399,1.0000000000000013,0.0
48652,40.54400906681778,1.0,560,681,1241,0.0,0.0008333472224535399,1.0000000000000013,0.0
48653,40.54484241404023,1.0,560,681,1241,0.0,0.0008333472224535399,1.0000000000000013,0.0
48654,40.545675761262686,0.9991941982272361,560,681,1241,-0.0008058017727639033,0.0008333472224535399,0.999919419822725,-8.058017727639034e-05
48655,40.54650910848515,0.9991941982272361,560,681,1241,0.0,0.0008333472224606453,0.9998388396454487,-8.058017727639034e-05
48656,40.5473424557076,0.9991941982272361,560,681,1241,0.0,0.0008333472224535399,0.9997582594681724,-8.058017727639034e-05
48657,40.548175802930054,0.9991941982272361,560,681,1241,0.0,0.0008333472224535399,0.999677679290896,-8.058017727639034e-05
48658,40.54900915015251,0.9991941982272361,560,681,1241,0.0,0.0008333472224535399,0.9995970991136197,-8.058017727639034e-05
48659,40.54984249737496,1.0,560,681,1241,0.0008058017727639033,0.0008333472224535399,0.9995970991136197,0.0
48660,40.550675844597414,1.0,560,681,1241,0.0,0.0008333472224535399,0.9995970991136197,0.0
48661,40.55150919181987,1.0,560,681,1241,0.0,0.0008333472224535399,0.9995970991136197,0.0
48662,40.55234253904232,1.0,560,681,1241,0.0,0.0008333472224535399,0.9995970991136197,0.0
48663,40.553175886264775,1.0,560,681,1241,0.0,0.0008333472224535399,0.9995970991136197,0.0
48664,40.55400923348723,1.0,560,681,1241,0.0,0.0008333472224535399,0.999677679290896,8.058017727639034e-05
48665,40.55484258070968,1.0,560,681,1241,0.0,0.0008333472224535399,0.9997582594681724,8.058017727639034e-05
48666,40.555675927932135,0.9991941982272361,560,681,1241,-0.0008058017727639033,0.0008333472224535399,0.9997582594681724,0.0
48667,40.55650927515459,1.0,560,681,1241,0.0008058017727639033,0.0008333472224535399,0.9998388396454487,8.058017727639034e-05
48668,40.55734262237704,1.0,560,681,1241,0.0,0.0008333472224535399,0.999919419822725,8.058017727639034e-05
48669,40.558175969599496,1.0,560,681,1241,0.0,0.0008333472224535399,0.999919419822725,0.0
48670,40.55900931682195,1.0,560,681,1241,0.0,0.0008333472224535399,0.999919419822725,0.0
48671,40.5598426640444,1.0,560,681,1241,0.0,0.0008333472224535399,0.999919419822725,0.0
48672,40.56067601126686,1.0,560,681,1241,0.0,0.0008333472224535399,0.999919419822725,0.0
48673,40.56150935848931,1.0,560,681,1241,0.0,0.0008333472224535399,0.999919419822725,0.0
48674,40.562342705711764,1.0,560,681,1241,0.0,0.0008333472224535399,0.999919419822725,0.0
48675,40.56317605293422,1.0,560,681,1241,0.0,0.0008333472224535399,0.999919419822725,0.0
48676,40.56400940015667,1.0,560,681,1241,0.0,0.0008333472224535399,1.0000000000000013,8.058017727639034e-05
48677,40.564842747379124,0.9991941982272361,560,681,1241,-0.0008058017727639033,0.0008333472224535399,0.999919419822725,-8.058017727639034e-05
48678,40.56567609460158,0.9991941982272361,560,681,1241,0.0,0.0008333472224535399,0.9998388396454487,-8.058017727639034e-05
48679,40.56650944182403,0.9991941982272361,560,681,1241,0.0,0.0008333472224535399,0.9997582594681724,-8.058017727639034e-05
48680,40.567342789046485,0.9991941982272361,560,681,1241,0.0,0.0008333472224535399,0.999677679290896,-8.058017727639034e-05
48681,40.56817613626894,0.9991941982272361,560,681,1241,0.0,0.0008333472224535399,0.9995970991136197,-8.058017727639034e-05
48682,40.56900948349139,0.9991941982272361,560,681,1241,0.0,0.0008333472224535399,0.9995165189363433,-8.058017727639034e-05
48683,40.569842830713846,0.9991941982272361,560,681,1241,0.0,0.0008333472224535399,0.999435938759067,-8.058017727639034e-05
48684,40.5706761779363,0.9991941982272361,560,681,1241,0.0,0.0008333472224535399,0.9993553585817907,-8.058017727639034e-05
48685,40.57150952515875,0.9991941982272361,560,681,1241,0.0,0.0008333472224535399,0.9992747784045143,-8.058017727639034e-05
48686,40.572342872381206,0.9991941982272361,560,681,1241,0.0,0.0008333472224535399,0.999194198227238,-8.058017727639034e-05
48687,40.57317621960366,0.9991941982272361,560,681,1241,0.0,0.0008333472224535399,0.999194198227238,0.0
48688,40.57400956682611,0.9991941982272361,560,681,1241,0.0,0.0008333472224535399,0.999194198227238,0.0
48689,40.57484291404857,1.0,560,681,1241,0.0008058017727639033,0.0008333472224535399,0.9992747784045143,8.058017727639034e-05
48690,40.57567626127102,1.0,560,681,1241,0.0,0.0008333472224535399,0.9993553585817907,8.058017727639034e-05
48691,40.576509608493474,1.0,560,681,1241,0.0,0.0008333472224535399,0.999435938759067,8.058017727639034e-05
48692,40.57734295571593,1.0,560,681,1241,0.0,0.0008333472224535399,0.9995165189363433,8.058017727639034e-05
48693,40.57817630293838,1.0,560,681,1241,0.0,0.0008333472224535399,0.9995970991136197,8.058017727639034e-05
48694,40.579009650160835,1.0,560,681,1241,0.0,0.0008333472224535399,0.999677679290896,8.058017727639034e-05
48695,40.57984299738329,1.0,560,681,1241,0.0,0.0008333472224535399,0.9997582594681724,8.058017727639034e-05
48696,40.58067634460574,1.0,560,681,1241,0.0,0.0008333472224535399,0.9998388396454487,8.058017727639034e-05
48697,40.5815096918282,1.0,560,681,1241,0.0,0.0008333472224606453,0.999919419822725,8.058017727639034e-05
48698,40.582343039050656,1.0,560,681,1241,0.0,0.0008333472224535399,1.0000000000000013,8.058017727639034e-05
48699,40.58317638627311,0.9991941982272361,560,681,1241,-0.0008058017727639033,0.0008333472224535399,0.999919419822725,-8.058017727639034e-05
48700,40.58400973349556,0.9991941982272361,560,681,1241,0.0,0.0008333472224535399,0.9998388396454487,-8.058017727639034e-05
48701,40.58484308071802,1.0,560,681,1241,0.0008058017727639033,0.0008333472224535399,0.9998388396454487,0.0
48702,40.58567642794047,1.0,560,681,1241,0.0,0.0008333472224535399,0.9998388396454487,0.0
48703,40.586509775162924,1.0,560,681,1241,0.0,0.0008333472224535399,0.9998388396454487,0.0
48704,40.58734312238538,1.0,560,681,1241,0.0,0.0008333472224535399,0.9998388396454487,0.0
48705,40.58817646960783,0.9991941982272361,560,681,1241,-0.0008058017727639033,0.0008333472224535399,0.9997582594681724,-8.058017727639034e-05
48706,40.589009816830284,0.9991941982272361,560,681,1241,0.0,0.0008333472224535399,0.999677679290896,-8.058017727639034e-05
48707,40.58984316405274,0.9991941982272361,560,681,1241,0.0,0.0008333472224535399,0.9995970991136197,-8.058017727639034e-05
48708,40.59067651127519,1.0,560,681,1241,0.0008058017727639033,0.0008333472224535399,0.9995970991136197,0.0
48709,40.591509858497645,1.0,560,681,1241,0.0,0.0008333472224535399,0.999677679290896,8.058017727639034e-05
48710,40.5923432057201,1.0,560,681,1241,0.0,0.0008333472224535399,0.9997582594681724,8.058017727639034e-05
48711,40.59317655294255,1.0,560,681,1241,0.0,0.0008333472224535399,0.9997582594681724,0.0
48712,40.594009900165005,1.0,560,681,1241,0.0,0.0008333472224535399,0.9997582594681724,0.0
48713,40.59484324738746,1.0,560,681,1241,0.0,0.0008333472224535399,0.9997582594681724,0.0
48714,40.59567659460991,1.0,560,681,1241,0.0,0.0008333472224535399,0.9997582594681724,0.0
48715,40.596509941832366,1.0,560,681,1241,0.0,0.0008333472224535399,0.9998388396454487,8.058017727639034e-05
48716,40.59734328905482,1.0,560,681,1241,0.0,0.0008333472224535399,0.999919419822725,8.058017727639034e-05
48717,40.59817663627727,1.0,560,681,1241,0.0,0.0008333472224535399,1.0000000000000013,8.058017727639034e-05
48718,40.59900998349973,1.0,560,681,1241,0.0,0.0008333472224535399,1.0000000000000013,0.0
48719,40.59984333072218,1.0,560,681,1241,0.0,0.0008333472224535399,1.0000000000000013,0.0
48720,40.600676677944634,1.0,560,681,1241,0.0,0.0008333472224535399,1.0000000000000013,0.0
48721,40.60151002516709,1.0,560,681,1241,0.0,0.0008333472224535399,1.0000000000000013,0.0
48722,40.60234337238954,1.0,560,681,1241,0.0,0.0008333472224535399,1.0000000000000013,0.0
48723,40.603176719611994,1.0,560,681,1241,0.0,0.0008333472224535399,1.0000000000000013,0.0
48724,40.60401006683445,1.0,560,681,1241,0.0,0.0008333472224535399,1.0000000000000013,0.0
48725,40.6048434140569,1.0,560,681,1241,0.0,0.0008333472224535399,1.0000000000000013,0.0
48726,40.605676761279355,1.0,560,681,1241,0.0,0.0008333472224535399,1.0000000000000013,0.0
48727,40.60651010850181,1.0,560,681,1241,0.0,0.0008333472224535399,1.0000000000000013,0.0
48728,40.60734345572426,1.0,560,681,1241,0.0,0.0008333472224535399,1.0000000000000013,0.0
48729,40.608176802946716,1.0,560,681,1241,0.0,0.0008333472224535399,1.0000000000000013,0.0
48730,40.60901015016917,1.0,560,681,1241,0.0,0.0008333472224535399,1.0000000000000013,0.0
48731,40.60984349739162,1.0,560,681,1241,0.0,0.0008333472224535399,1.0000000000000013,0.0
48732,40.610676844614076,1.0,560,681,1241,0.0,0.0008333472224535399,1.0000000000000013,0.0
48733,40.61151019183653,1.0,560,681,1241,0.0,0.0008333472224535399,1.0000000000000013,0.0
48734,40.61234353905898,1.0,560,681,1241,0.0,0.0008333472224535399,1.0000000000000013,0.0
48735,40.61317688628144,1.0,560,681,1241,0.0,0.0008333472224535399,1.0000000000000013,0.0
48736,40.61401023350389,0.9991941982272361,560,681,1241,-0.0008058017727639033,0.0008333472224535399,0.999919419822725,-8.058017727639034e-05
48737,40.614843580726344,0.9991941982272361,560,681,1241,0.0,0.0008333472224535399,0.9998388396454487,-8.058017727639034e-05
48738,40.6156769279488,0.9991941982272361,560,681,1241,0.0,0.0008333472224535399,0.9997582594681724,-8.058017727639034e-05
48739,40.61651027517126,1.0,560,681,1241,0.0008058017727639033,0.0008333472224606453,0.9997582594681724,0.0
48740,40.61734362239371,1.0,560,681,1241,0.0,0.0008333472224535399,0.9997582594681724,0.0
48741,40.618176969616165,1.0,560,681,1241,0.0,0.0008333472224535399,0.9997582594681724,0.0
48742,40.61901031683862,1.0,560,681,1241,0.0,0.0008333472224535399,0.9997582594681724,0.0
48743,40.61984366406107,1.0,560,681,1241,0.0,0.0008333472224535399,0.9997582594681724,0.0
48744,40.620677011283526,1.0,560,681,1241,0.0,0.0008333472224535399,0.9997582594681724,0.0
48745,40.62151035850598,1.0,560,681,1241,0.0,0.0008333472224535399,0.9997582594681724,0.0
48746,40.62234370572843,1.0,560,681,1241,0.0,0.0008333472224535399,0.9998388396454487,8.058017727639034e-05
48747,40.623177052950886,1.0,560,681,1241,0.0,0.0008333472224535399,0.999919419822725,8.058017727639034e-05
48748,40.62401040017334,1.0,560,681,1241,0.0,0.0008333472224535399,1.0000000000000013,8.058017727639034e-05
48749,40.62484374739579,0.9991941982272361,560,681,1241,-0.0008058017727639033,0.0008333472224535399,0.999919419822725,-8.058017727639034e-05
48750,40.62567709461825,0.9991941982272361,560,681,1241,0.0,0.0008333472224535399,0.9998388396454487,-8.058017727639034e-05
48751,40.6265104418407,1.0,560,681,1241,0.0008058017727639033,0.0008333472224535399,0.9998388396454487,0.0
48752,40.627343789063154,1.0,560,681,1241,0.0,0.0008333472224535399,0.9998388396454487,0.0
48753,40.62817713628561,1.0,560,681,1241,0.0,0.0008333472224535399,0.9998388396454487,0.0
48754,40.62901048350806,1.0,560,681,1241,0.0,0.0008333472224535399,0.9998388396454487,0.0
48755,40.629843830730515,1.0,560,681,1241,0.0,0.0008333472224535399,0.9998388396454487,0.0
48756,40.63067717795297,1.0,560,681,1241,0.0,0.0008333472224535399,0.9998388396454487,0.0
48757,40.63151052517542,1.0,560,681,1241,0.0,0.0008333472224535399,0.9998388396454487,0.0
48758,40.632343872397875,1.0,560,681,1241,0.0,0.0008333472224535399,0.9998388396454487,0.0
48759,40.63317721962033,1.0,560,681,1241,0.0,0.0008333472224535399,0.999919419822725,8.058017727639034e-05
48760,40.63401056684278,1.0,560,681,1241,0.0,0.0008333472224535399,1.0000000000000013,8.058017727639034e-05
48761,40.634843914065236,1.0,560,681,1241,0.0,0.0008333472224535399,1.0000000000000013,0.0
48762,40.63567726128769,1.0,560,681,1241,0.0,0.0008333472224535399,1.0000000000000013,0.0
48763,40.63651060851014,0.9991941982272361,560,681,1241,-0.0008058017727639033,0.0008333472224535399,0.999919419822725,-8.058017727639034e-05
48764,40.6373439557326,0.9991941982272361,560,681,1241,0.0,0.0008333472224535399,0.9998388396454487,-8.058017727639034e-05
48765,40.63817730295505,0.9991941982272361,560,681,1241,0.0,0.0008333472224535399,0.9997582594681724,-8.058017727639034e-05
48766,40.639010650177504,0.9991941982272361,560,681,1241,0.0,0.0008333472224535399,0.999677679290896,-8.058017727639034e-05
48767,40.63984399739996,0.9991941982272361,560,681,1241,0.0,0.0008333472224535399,0.9995970991136197,-8.058017727639034e-05
48768,40.64067734462241,0.9991941982272361,560,681,1241,0.0,0.0008333472224535399,0.9995165189363433,-8.058017727639034e-05
48769,40.641510691844864,1.0,560,681,1241,0.0008058017727639033,0.0008333472224535399,0.9995165189363433,0.0
48770,40.64234403906732,1.0,560,681,1241,0.0,0.0008333472224535399,0.9995165189363433,0.0
48771,40.64317738628977,1.0,560,681,1241,0.0,0.0008333472224535399,0.9995165189363433,0.0
48772,40.644010733512225,1.0,560,681,1241,0.0,0.0008333472224535399,0.9995165189363433,0.0
48773,40.64484408073468,1.0,560,681,1241,0.0,0.0008333472224535399,0.9995970991136197,8.058017727639034e-05
48774,40.64567742795713,1.0,560,681,1241,0.0,0.0008333472224535399,0.999677679290896,8.058017727639034e-05
48775,40.646510775179586,1.0,560,681,1241,0.0,0.0008333472224535399,0.9997582594681724,8.058017727639034e-05
48776,40.64734412240204,1.0,560,681,1241,0.0,0.0008333472224535399,0.9998388396454487,8.058017727639034e-05
48777,40.64817746962449,1.0,560,681,1241,0.0,0.0008333472224535399,0.999919419822725,8.058017727639034e-05
48778,40.649010816846946,1.0,560,681,1241,0.0,0.0008333472224535399,1.0000000000000013,8.058017727639034e-05
48779,40.6498441640694,1.0,560,681,1241,0.0,0.0008333472224535399,1.0000000000000013,0.0
48780,40.65067751129185,1.0,560,681,1241,0.0,0.0008333472224535399,1.0000000000000013,0.0
48781,40.65151085851431,1.0,560,681,1241,0.0,0.0008333472224535399,1.0000000000000013,0.0
48782,40.65234420573677,1.0,560,681,1241,0.0,0.0008333472224606453,1.0000000000000013,0.0
48783,40.65317755295922,1.0,560,681,1241,0.0,0.0008333472224535399,1.0000000000000013,0.0
48784,40.654010900181675,1.0,560,681,1241,0.0,0.0008333472224535399,1.0000000000000013,0.0
48785,40.65484424740413,0.9991941982272361,560,681,1241,-0.0008058017727639033,0.0008333472224535399,0.999919419822725,-8.058017727639034e-05
48786,40.65567759462658,0.9991941982272361,560,681,1241,0.0,0.0008333472224535399,0.9998388396454487,-8.058017727639034e-05
48787,40.656510941849035,0.9983883964544722,560,681,1241,-0.0008058017727639033,0.0008333472224535399,0.999677679290896,-0.00016116035455278067
48788,40.65734428907149,0.9991941982272361,560,681,1241,0.0008058017727639033,0.0008333472224535399,0.9995970991136197,-8.058017727639034e-05
48789,40.65817763629394,1.0,560,681,1241,0.0008058017727639033,0.0008333472224535399,0.9995970991136197,0.0
48790,40.659010983516396,1.0,560,681,1241,0.0,0.0008333472224535399,0.9995970991136197,0.0
48791,40.65984433073885,1.0,560,681,1241,0.0,0.0008333472224535399,0.9995970991136197,0.0
48792,40.6606776779613,1.0,560,681,1241,0.0,0.0008333472224535399,0.9995970991136197,0.0
48793,40.661511025183756,1.0,560,681,1241,0.0,0.0008333472224535399,0.9995970991136197,0.0
48794,40.66234437240621,1.0,560,681,1241,0.0,0.0008333472224535399,0.9995970991136197,0.0
48795,40.66317771962866,1.0,560,681,1241,0.0,0.0008333472224535399,0.999677679290896,8.058017727639034e-05
48796,40.66401106685112,1.0,560,681,1241,0.0,0.0008333472224535399,0.9997582594681724,8.058017727639034e-05
48797,40.66484441407357,1.0,560,681,1241,0.0,0.0008333472224535399,0.999919419822725,0.00016116035455278067
48798,40.665677761296024,1.0,560,681,1241,0.0,0.0008333472224535399,1.0000000000000013,8.058017727639034e-05
48799,40.66651110851848,1.0,560,681,1241,0.0,0.0008333472224535399,1.0000000000000013,0.0
48800,40.66734445574093,1.0,560,681,1241,0.0,0.0008333472224535399,1.0000000000000013,0.0
48801,40.668177802963385,1.0,560,681,1241,0.0,0.0008333472224535399,1.0000000000000013,0.0
48802,40.66901115018584,1.0,560,681,1241,0.0,0.0008333472224535399,1.0000000000000013,0.0
48803,40.66984449740829,1.0,560,681,1241,0.0,0.0008333472224535399,1.0000000000000013,0.0
48804,40.670677844630745,1.0,560,681,1241,0.0,0.0008333472224535399,1.0000000000000013,0.0
48805,40.6715111918532,1.0,560,681,1241,0.0,0.0008333472224535399,1.0000000000000013,0.0
48806,40.67234453907565,1.0,560,681,1241,0.0,0.0008333472224535399,1.0000000000000013,0.0
48807,40.673177886298106,1.0,560,681,1241,0.0,0.0008333472224535399,1.0000000000000013,0.0
48808,40.67401123352056,1.0,560,681,1241,0.0,0.0008333472224535399,1.0000000000000013,0.0
48809,40.67484458074301,1.0,560,681,1241,0.0,0.0008333472224535399,1.0000000000000013,0.0
48810,40.67567792796547,1.0,560,681,1241,0.0,0.0008333472224535399,1.0000000000000013,0.0
48811,40.67651127518792,1.0,560,681,1241,0.0,0.0008333472224535399,1.0000000000000013,0.0
48812,40.677344622410374,1.0,560,681,1241,0.0,0.0008333472224535399,1.0000000000000013,0.0
48813,40.67817796963283,1.0,560,681,1241,0.0,0.0008333472224535399,1.0000000000000013,0.0
48814,40.67901131685528,1.0,560,681,1241,0.0,0.0008333472224535399,1.0000000000000013,0.0
48815,40.679844664077734,1.0,560,681,1241,0.0,0.0008333472224535399,1.0000000000000013,0.0
48816,40.68067801130019,1.0,560,681,1241,0.0,0.0008333472224535399,1.0000000000000013,0.0
48817,40.68151135852264,1.0,560,681,1241,0.0,0.0008333472224535399,1.0000000000000013,0.0
48818,40.682344705745095,1.0,560,681,1241,0.0,0.0008333472224535399,1.0000000000000013,0.0
48819,40.68317805296755,1.0,560,681,1241,0.0,0.0008333472224535399,1.0000000000000013,0.0
48820,40.68401140019,1.0,560,681,1241,0.0,0.0008333472224535399,1.0000000000000013,0.0
48821,40.684844747412455,1.0,560,681,1241,0.0,0.0008333472224535399,1.0000000000000013,0.0
48822,40.68567809463491,1.0,560,681,1241,0.0,0.0008333472224535399,1.0000000000000013,0.0
48823,40.68651144185736,1.0,560,681,1241,0.0,0.0008333472224535399,1.0000000000000013,0.0
48824,40.68734478907982,1.0,560,681,1241,0.0,0.0008333472224606453,1.0000000000000013,0.0
48825,40.68817813630228,1.0,560,681,1241,0.0,0.0008333472224535399,1.0000000000000013,0.0
48826,40.68901148352473,1.0,560,681,1241,0.0,0.0008333472224535399,1.0000000000000013,0.0
48827,40.689844830747184,1.0,560,681,1241,0.0,0.0008333472224535399,1.0000000000000013,0.0
48828,40.69067817796964,1.0,560,681,1241,0.0,0.0008333472224535399,1.0000000000000013,0.0
48829,40.69151152519209,1.0,560,681,1241,0.0,0.0008333472224535399,1.0000000000000013,0.0
48830,40.692344872414544,1.0,560,681,1241,0.0,0.0008333472224535399,1.0000000000000013,0.0
48831,40.693178219637,0.9983883964544722,560,681,1241,-0.0016116035455278066,0.0008333472224535399,0.9998388396454487,-0.00016116035455278067
48832,40.69401156685945,0.9991941982272361,560,681,1241,0.0008058017727639033,0.0008333472224535399,0.9997582594681724,-8.058017727639034e-05
48833,40.694844914081905,0.9975825946817083,560,681,1241,-0.0016116035455278066,0.0008333472224535399,0.9995165189363432,-0.00024174053182917098
48834,40.69567826130436,0.9975825946817083,560,681,1241,0.0,0.0008333472224535399,0.999274778404514,-0.00024174053182917098
48835,40.69651160852681,0.9983883964544722,560,681,1241,0.0008058017727639033,0.0008333472224535399,0.9991136180499612,-0.00016116035455278067
48836,40.697344955749266,0.9983883964544722,560,681,1241,0.0,0.0008333472224535399,0.9989524576954085,-0.00016116035455278067
48837,40.69817830297172,1.0,560,681,1241,0.0016116035455278066,0.0008333472224535399,0.9989524576954085,0.0
48838,40.69901165019417,1.0,560,681,1241,0.0,0.0008333472224535399,0.9989524576954085,0.0
48839,40.699844997416626,1.0,560,681,1241,0.0,0.0008333472224535399,0.9989524576954085,0.0
48840,40.70067834463908,1.0,560,681,1241,0.0,0.0008333472224535399,0.9989524576954085,0.0
48841,40.70151169186153,1.0,560,681,1241,0.0,0.0008333472224535399,0.9991136180499612,0.00016116035455278067
48842,40.70234503908399,1.0,560,681,1241,0.0,0.0008333472224535399,0.9991941982272377,8.058017727639034e-05
48843,40.70317838630644,1.0,560,681,1241,0.0,0.0008333472224535399,0.9994359387590668,0.00024174053182917098
48844,40.704011733528894,1.0,560,681,1241,0.0,0.0008333472224535399,0.999677679290896,0.00024174053182917098
48845,40.70484508075135,1.0,560,681,1241,0.0,0.0008333472224535399,0.9998388396454487,0.00016116035455278067
48846,40.7056784279738,1.0,560,681,1241,0.0,0.0008333472224535399,1.0000000000000013,0.00016116035455278067
48847,40.706511775196255,1.0,560,681,1241,0.0,0.0008333472224535399,1.0000000000000013,0.0
48848,40.70734512241871,1.0,560,681,1241,0.0,0.0008333472224535399,1.0000000000000013,0.0
48849,40.70817846964116,0.9991941982272361,560,681,1241,-0.0008058017727639033,0.0008333472224535399,0.999919419822725,-8.058017727639034e-05
48850,40.709011816863615,1.0,560,681,1241,0.0008058017727639033,0.0008333472224535399,0.999919419822725,0.0
48851,40.70984516408607,1.0,560,681,1241,0.0,0.0008333472224535399,0.999919419822725,0.0
48852,40.71067851130852,1.0,560,681,1241,0.0,0.0008333472224535399,0.999919419822725,0.0
48853,40.711511858530976,0.9991941982272361,560,681,1241,-0.0008058017727639033,0.0008333472224535399,0.9998388396454487,-8.058017727639034e-05
48854,40.71234520575343,0.9991941982272361,560,681,1241,0.0,0.0008333472224535399,0.9997582594681724,-8.058017727639034e-05
48855,40.71317855297588,0.9983883964544722,560,681,1241,-0.0008058017727639033,0.0008333472224535399,0.9995970991136197,-0.00016116035455278067
48856,40.71401190019834,0.9983883964544722,560,681,1241,0.0,0.0008333472224535399,0.999435938759067,-0.00016116035455278067
48857,40.71484524742079,0.9983883964544722,560,681,1241,0.0,0.0008333472224535399,0.9992747784045143,-0.00016116035455278067
48858,40.715678594643244,0.9991941982272361,560,681,1241,0.0008058017727639033,0.0008333472224535399,0.999194198227238,-8.058017727639034e-05
48859,40.7165119418657,0.9991941982272361,560,681,1241,0.0,0.0008333472224535399,0.999194198227238,0.0
48860,40.71734528908815,0.9983883964544722,560,681,1241,-0.0008058017727639033,0.0008333472224535399,0.9990330378726853,-0.00016116035455278067
48861,40.718178636310604,0.9983883964544722,560,681,1241,0.0,0.0008333472224535399,0.9988718775181326,-0.00016116035455278067
48862,40.71901198353306,0.9983883964544722,560,681,1241,0.0,0.0008333472224535399,0.9987107171635798,-0.00016116035455278067
48863,40.71984533075551,0.9983883964544722,560,681,1241,0.0,0.0008333472224535399,0.9986301369863035,-8.058017727639034e-05
48864,40.720678677977965,0.9991941982272361,560,681,1241,0.0008058017727639033,0.0008333472224535399,0.9986301369863035,0.0
48865,40.72151202520042,0.9991941982272361,560,681,1241,0.0,0.0008333472224535399,0.9987107171635798,8.058017727639034e-05
48866,40.72234537242287,0.9991941982272361,560,681,1241,0.0,0.0008333472224535399,0.9987912973408563,8.058017727639034e-05
48867,40.72317871964533,0.9991941982272361,560,681,1241,0.0,0.0008333472224606453,0.9988718775181326,8.058017727639034e-05
48868,40.724012066867786,0.9991941982272361,560,681,1241,0.0,0.0008333472224535399,0.9988718775181326,0.0
48869,40.72484541409024,1.0,560,681,1241,0.0008058017727639033,0.0008333472224535399,0.998952457695409,8.058017727639034e-05
48870,40.72567876131269,1.0,560,681,1241,0.0,0.0008333472224535399,0.9991136180499616,0.00016116035455278067
48871,40.72651210853515,0.9991941982272361,560,681,1241,-0.0008058017727639033,0.0008333472224535399,0.999194198227238,8.058017727639034e-05
48872,40.7273454557576,0.9991941982272361,560,681,1241,0.0,0.0008333472224535399,0.9992747784045143,8.058017727639034e-05
48873,40.728178802980054,1.0,560,681,1241,0.0008058017727639033,0.0008333472224535399,0.999435938759067,0.00016116035455278067
48874,40.72901215020251,1.0,560,681,1241,0.0,0.0008333472224535399,0.9995165189363433,8.058017727639034e-05
48875,40.72984549742496,1.0,560,681,1241,0.0,0.0008333472224535399,0.9995970991136197,8.058017727639034e-05
48876,40.730678844647414,1.0,560,681,1241,0.0,0.0008333472224535399,0.999677679290896,8.058017727639034e-05
48877,40.73151219186987,1.0,560,681,1241,0.0,0.0008333472224535399,0.9997582594681724,8.058017727639034e-05
48878,40.73234553909232,1.0,560,681,1241,0.0,0.0008333472224535399,0.9998388396454487,8.058017727639034e-05
48879,40.733178886314775,1.0,560,681,1241,0.0,0.0008333472224535399,0.9998388396454487,0.0
48880,40.73401223353723,0.9991941982272361,560,681,1241,-0.0008058017727639033,0.0008333472224535399,0.9997582594681724,-8.058017727639034e-05
48881,40.73484558075968,0.9991941982272361,560,681,1241,0.0,0.0008333472224535399,0.9997582594681724,0.0
48882,40.735678927982136,1.0,560,681,1241,0.0008058017727639033,0.0008333472224535399,0.9998388396454487,8.058017727639034e-05
48883,40.73651227520459,1.0,560,681,1241,0.0,0.0008333472224535399,0.9998388396454487,0.0
48884,40.73734562242704,1.0,560,681,1241,0.0,0.0008333472224535399,0.9998388396454487,0.0
48885,40.738178969649496,1.0,560,681,1241,0.0,0.0008333472224535399,0.9998388396454487,0.0
48886,40.73901231687195,1.0,560,681,1241,0.0,0.0008333472224535399,0.9998388396454487,0.0
48887,40.7398456640944,0.9991941982272361,560,681,1241,-0.0008058017727639033,0.0008333472224535399,0.9997582594681724,-8.058017727639034e-05
48888,40.74067901131686,1.0,560,681,1241,0.0008058017727639033,0.0008333472224535399,0.9997582594681724,0.0
48889,40.74151235853931,1.0,560,681,1241,0.0,0.0008333472224535399,0.9997582594681724,0.0
48890,40.742345705761764,1.0,560,681,1241,0.0,0.0008333472224535399,0.9998388396454487,8.058017727639034e-05
48891,40.74317905298422,1.0,560,681,1241,0.0,0.0008333472224535399,0.999919419822725,8.058017727639034e-05
48892,40.74401240020667,1.0,560,681,1241,0.0,0.0008333472224535399,0.999919419822725,0.0
48893,40.744845747429125,1.0,560,681,1241,0.0,0.0008333472224535399,0.999919419822725,0.0
48894,40.74567909465158,1.0,560,681,1241,0.0,0.0008333472224535399,0.999919419822725,0.0
48895,40.74651244187403,1.0,560,681,1241,0.0,0.0008333472224535399,0.999919419822725,0.0
48896,40.747345789096485,1.0,560,681,1241,0.0,0.0008333472224535399,0.999919419822725,0.0
48897,40.74817913631894,1.0,560,681,1241,0.0,0.0008333472224535399,1.0000000000000013,8.058017727639034e-05
48898,40.74901248354139,1.0,560,681,1241,0.0,0.0008333472224535399,1.0000000000000013,0.0
48899,40.749845830763846,1.0,560,681,1241,0.0,0.0008333472224535399,1.0000000000000013,0.0
48900,40.7506791779863,1.0,560,681,1241,0.0,0.0008333472224535399,1.0000000000000013,0.0
48901,40.75151252520875,1.0,560,681,1241,0.0,0.0008333472224535399,1.0000000000000013,0.0
48902,40.752345872431206,1.0,560,681,1241,0.0,0.0008333472224535399,1.0000000000000013,0.0
48903,40.75317921965366,1.0,560,681,1241,0.0,0.0008333472224535399,1.0000000000000013,0.0
48904,40.75401256687611,1.0,560,681,1241,0.0,0.0008333472224535399,1.0000000000000013,0.0
48905,40.75484591409857,1.0,560,681,1241,0.0,0.0008333472224535399,1.0000000000000013,0.0
48906,40.75567926132102,1.0,560,681,1241,0.0,0.0008333472224535399,1.0000000000000013,0.0
48907,40.756512608543474,1.0,560,681,1241,0.0,0.0008333472224535399,1.0000000000000013,0.0
48908,40.75734595576593,1.0,560,681,1241,0.0,0.0008333472224535399,1.0000000000000013,0.0
48909,40.75817930298839,1.0,560,681,1241,0.0,0.0008333472224606453,1.0000000000000013,0.0
48910,40.75901265021084,1.0,560,681,1241,0.0,0.0008333472224535399,1.0000000000000013,0.0
48911,40.759845997433295,1.0,560,681,1241,0.0,0.0008333472224535399,1.0000000000000013,0.0
48912,40.76067934465575,1.0,560,681,1241,0.0,0.0008333472224535399,1.0000000000000013,0.0
48913,40.7615126918782,1.0,560,681,1241,0.0,0.0008333472224535399,1.0000000000000013,0.0
48914,40.762346039100656,1.0,560,681,1241,0.0,0.0008333472224535399,1.0000000000000013,0.0
48915,40.76317938632311,1.0,560,681,1241,0.0,0.0008333472224535399,1.0000000000000013,0.0
48916,40.76401273354556,1.0,560,681,1241,0.0,0.0008333472224535399,1.0000000000000013,0.0
48917,40.76484608076802,1.0,560,681,1241,0.0,0.0008333472224535399,1.0000000000000013,0.0
48918,40.76567942799047,1.0,560,681,1241,0.0,0.0008333472224535399,1.0000000000000013,0.0
48919,40.766512775212924,1.0,560,681,1241,0.0,0.0008333472224535399,1.0000000000000013,0.0
48920,40.76734612243538,1.0,560,681,1241,0.0,0.0008333472224535399,1.0000000000000013,0.0
48921,40.76817946965783,1.0,560,681,1241,0.0,0.0008333472224535399,1.0000000000000013,0.0
48922,40.769012816880284,1.0,560,681,1241,0.0,0.0008333472224535399,1.0000000000000013,0.0
48923,40.76984616410274,1.0,560,681,1241,0.0,0.0008333472224535399,1.0000000000000013,0.0
48924,40.77067951132519,1.0,560,681,1241,0.0,0.0008333472224535399,1.0000000000000013,0.0
48925,40.771512858547645,1.0,560,681,1241,0.0,0.0008333472224535399,1.0000000000000013,0.0
48926,40.7723462057701,1.0,560,681,1241,0.0,0.0008333472224535399,1.0000000000000013,0.0
48927,40.77317955299255,1.0,560,681,1241,0.0,0.0008333472224535399,1.0000000000000013,0.0
48928,40.774012900215006,1.0,560,681,1241,0.0,0.0008333472224535399,1.0000000000000013,0.0
48929,40.77484624743746,1.0,560,681,1241,0.0,0.0008333472224535399,1.0000000000000013,0.0
48930,40.77567959465991,1.0,560,681,1241,0.0,0.0008333472224535399,1.0000000000000013,0.0
48931,40.776512941882366,1.0,560,681,1241,0.0,0.0008333472224535399,1.0000000000000013,0.0
48932,40.77734628910482,0.9991941982272361,560,681,1241,-0.0008058017727639033,0.0008333472224535399,0.999919419822725,-8.058017727639034e-05
48933,40.77817963632727,0.9991941982272361,560,681,1241,0.0,0.0008333472224535399,0.9998388396454487,-8.058017727639034e-05
48934,40.77901298354973,0.9983883964544722,560,681,1241,-0.0008058017727639033,0.0008333472224535399,0.999677679290896,-0.00016116035455278067
48935,40.77984633077218,0.9991941982272361,560,681,1241,0.0008058017727639033,0.0008333472224535399,0.9995970991136197,-8.058017727639034e-05
48936,40.780679677994634,0.9991941982272361,560,681,1241,0.0,0.0008333472224535399,0.9995165189363433,-8.058017727639034e-05
48937,40.78151302521709,0.9991941982272361,560,681,1241,0.0,0.0008333472224535399,0.999435938759067,-8.058017727639034e-05
48938,40.78234637243954,1.0,560,681,1241,0.0008058017727639033,0.0008333472224535399,0.999435938759067,0.0
48939,40.783179719661995,1.0,560,681,1241,0.0,0.0008333472224535399,0.999435938759067,0.0
48940,40.78401306688445,0.9991941982272361,560,681,1241,-0.0008058017727639033,0.0008333472224535399,0.9993553585817907,-8.058017727639034e-05
48941,40.7848464141069,0.9991941982272361,560,681,1241,0.0,0.0008333472224535399,0.9992747784045143,-8.058017727639034e-05
48942,40.785679761329355,0.9991941982272361,560,681,1241,0.0,0.0008333472224535399,0.9992747784045143,0.0
48943,40.78651310855181,0.9983883964544722,560,681,1241,-0.0008058017727639033,0.0008333472224535399,0.999194198227238,-8.058017727639034e-05
48944,40.78734645577426,0.9991941982272361,560,681,1241,0.0008058017727639033,0.0008333472224535399,0.9992747784045143,8.058017727639034e-05
48945,40.788179802996716,1.0,560,681,1241,0.0008058017727639033,0.0008333472224535399,0.9993553585817907,8.058017727639034e-05
48946,40.78901315021917,1.0,560,681,1241,0.0,0.0008333472224535399,0.999435938759067,8.058017727639034e-05
48947,40.78984649744162,1.0,560,681,1241,0.0,0.0008333472224535399,0.9995165189363433,8.058017727639034e-05
48948,40.790679844664076,1.0,560,681,1241,0.0,0.0008333472224535399,0.9995165189363433,0.0
48949,40.79151319188653,1.0,560,681,1241,0.0,0.0008333472224535399,0.9995165189363433,0.0
48950,40.79234653910898,1.0,560,681,1241,0.0,0.0008333472224535399,0.9995970991136197,8.058017727639034e-05
48951,40.793179886331444,1.0,560,681,1241,0.0,0.0008333472224606453,0.999677679290896,8.058017727639034e-05
48952,40.7940132335539,1.0,560,681,1241,0.0,0.0008333472224535399,0.9997582594681724,8.058017727639034e-05
48953,40.79484658077635,1.0,560,681,1241,0.0,0.0008333472224535399,0.999919419822725,0.00016116035455278067
48954,40.795679927998805,1.0,560,681,1241,0.0,0.0008333472224535399,1.0000000000000013,8.058017727639034e-05
48955,40.79651327522126,1.0,560,681,1241,0.0,0.0008333472224535399,1.0000000000000013,0.0
48956,40.79734662244371,1.0,560,681,1241,0.0,0.0008333472224535399,1.0000000000000013,0.0
48957,40.798179969666165,1.0,560,681,1241,0.0,0.0008333472224535399,1.0000000000000013,0.0
48958,40.79901331688862,1.0,560,681,1241,0.0,0.0008333472224535399,1.0000000000000013,0.0
48959,40.79984666411107,1.0,560,681,1241,0.0,0.0008333472224535399,1.0000000000000013,0.0
48960,40.800680011333526,1.0,560,681,1241,0.0,0.0008333472224535399,1.0000000000000013,0.0
48961,40.80151335855598,1.0,560,681,1241,0.0,0.0008333472224535399,1.0000000000000013,0.0
48962,40.80234670577843,1.0,560,681,1241,0.0,0.0008333472224535399,1.0000000000000013,0.0
48963,40.80318005300089,1.0,560,681,1241,0.0,0.0008333472224535399,1.0000000000000013,0.0
48964,40.80401340022334,1.0,560,681,1241,0.0,0.0008333472224535399,1.0000000000000013,0.0
48965,40.804846747445794,1.0,560,681,1241,0.0,0.0008333472224535399,1.0000000000000013,0.0
48966,40.80568009466825,1.0,560,681,1241,0.0,0.0008333472224535399,1.0000000000000013,0.0
48967,40.8065134418907,1.0,560,681,1241,0.0,0.0008333472224535399,1.0000000000000013,0.0
48968,40.807346789113154,1.0,560,681,1241,0.0,0.0008333472224535399,1.0000000000000013,0.0
48969,40.80818013633561,1.0,560,681,1241,0.0,0.0008333472224535399,1.0000000000000013,0.0
48970,40.80901348355806,1.0,560,681,1241,0.0,0.0008333472224535399,1.0000000000000013,0.0
48971,40.809846830780515,1.0,560,681,1241,0.0,0.0008333472224535399,1.0000000000000013,0.0
48972,40.81068017800297,1.0,560,681,1241,0.0,0.0008333472224535399,1.0000000000000013,0.0
48973,40.81151352522542,1.0,560,681,1241,0.0,0.0008333472224535399,1.0000000000000013,0.0
48974,40.812346872447876,1.0,560,681,1241,0.0,0.0008333472224535399,1.0000000000000013,0.0
48975,40.81318021967033,1.0,560,681,1241,0.0,0.0008333472224535399,1.0000000000000013,0.0
48976,40.81401356689278,1.0,560,681,1241,0.0,0.0008333472224535399,1.0000000000000013,0.0
48977,40.814846914115236,1.0,560,681,1241,0.0,0.0008333472224535399,1.0000000000000013,0.0
48978,40.81568026133769,1.0,560,681,1241,0.0,0.0008333472224535399,1.0000000000000013,0.0
48979,40.81651360856014,1.0,560,681,1241,0.0,0.0008333472224535399,1.0000000000000013,0.0
48980,40.8173469557826,1.0,560,681,1241,0.0,0.0008333472224535399,1.0000000000000013,0.0
48981,40.81818030300505,1.0,560,681,1241,0.0,0.0008333472224535399,1.0000000000000013,0.0
48982,40.819013650227504,1.0,560,681,1241,0.0,0.0008333472224535399,1.0000000000000013,0.0
48983,40.81984699744996,1.0,560,681,1241,0.0,0.0008333472224535399,1.0000000000000013,0.0
48984,40.82068034467241,1.0,560,681,1241,0.0,0.0008333472224535399,1.0000000000000013,0.0
48985,40.821513691894864,1.0,560,681,1241,0.0,0.0008333472224535399,1.0000000000000013,0.0
48986,40.82234703911732,1.0,560,681,1241,0.0,0.0008333472224535399,1.0000000000000013,0.0
48987,40.82318038633977,1.0,560,681,1241,0.0,0.0008333472224535399,1.0000000000000013,0.0
48988,40.824013733562225,1.0,560,681,1241,0.0,0.0008333472224535399,1.0000000000000013,0.0
48989,40.82484708078468,1.0,560,681,1241,0.0,0.0008333472224535399,1.0000000000000013,0.0
48990,40.82568042800713,1.0,560,681,1241,0.0,0.0008333472224535399,1.0000000000000013,0.0
48991,40.826513775229586,1.0,560,681,1241,0.0,0.0008333472224535399,1.0000000000000013,0.0
48992,40.82734712245204,1.0,560,681,1241,0.0,0.0008333472224535399,1.0000000000000013,0.0
48993,40.82818046967449,1.0,560,681,1241,0.0,0.0008333472224535399,1.0000000000000013,0.0
48994,40.82901381689695,1.0,560,681,1241,0.0,0.0008333472224606453,1.0000000000000013,0.0
48995,40.82984716411941,0.9991941982272361,560,681,1241,-0.0008058017727639033,0.0008333472224535399,0.999919419822725,-8.058017727639034e-05
48996,40.83068051134186,0.9991941982272361,560,681,1241,0.0,0.0008333472224535399,0.9998388396454487,-8.058017727639034e-05
48997,40.831513858564314,0.9991941982272361,560,681,1241,0.0,0.0008333472224535399,0.9997582594681724,-8.058017727639034e-05
48998,40.83234720578677,1.0,560,681,1241,0.0008058017727639033,0.0008333472224535399,0.9997582594681724,0.0
48999,40.83318055300922,1.0,560,681,1241,0.0,0.0008333472224535399,0.9997582594681724,0.0
49000,40.834013900231675,1.0,560,681,1241,0.0,0.0008333472224535399,0.9997582594681724,0.0
49001,40.83484724745413,1.0,560,681,1241,0.0,0.0008333472224535399,0.9997582594681724,0.0
49002,40.83568059467658,1.0,560,681,1241,0.0,0.0008333472224535399,0.9997582594681724,0.0
49003,40.836513941899035,1.0,560,681,1241,0.0,0.0008333472224535399,0.9997582594681724,0.0
49004,40.83734728912149,1.0,560,681,1241,0.0,0.0008333472224535399,0.9997582594681724,0.0
49005,40.83818063634394,1.0,560,681,1241,0.0,0.0008333472224535399,0.9998388396454487,8.058017727639034e-05
49006,40.839013983566396,1.0,560,681,1241,0.0,0.0008333472224535399,0.999919419822725,8.058017727639034e-05
49007,40.83984733078885,1.0,560,681,1241,0.0,0.0008333472224535399,1.0000000000000013,8.058017727639034e-05
49008,40.8406806780113,1.0,560,681,1241,0.0,0.0008333472224535399,1.0000000000000013,0.0
49009,40.84151402523376,1.0,560,681,1241,0.0,0.0008333472224535399,1.0000000000000013,0.0
49010,40.84234737245621,1.0,560,681,1241,0.0,0.0008333472224535399,1.0000000000000013,0.0
49011,40.843180719678664,0.9991941982272361,560,681,1241,-0.0008058017727639033,0.0008333472224535399,0.999919419822725,-8.058017727639034e-05
49012,40.84401406690112,0.9983883964544722,560,681,1241,-0.0008058017727639033,0.0008333472224535399,0.9997582594681724,-0.00016116035455278067
49013,40.84484741412357,0.9991941982272361,560,681,1241,0.0008058017727639033,0.0008333472224535399,0.999677679290896,-8.058017727639034e-05
49014,40.845680761346024,0.9991941982272361,560,681,1241,0.0,0.0008333472224535399,0.9995970991136197,-8.058017727639034e-05
49015,40.84651410856848,0.9991941982272361,560,681,1241,0.0,0.0008333472224535399,0.9995165189363433,-8.058017727639034e-05
49016,40.84734745579093,1.0,560,681,1241,0.0008058017727639033,0.0008333472224535399,0.9995165189363433,0.0
49017,40.848180803013385,1.0,560,681,1241,0.0,0.0008333472224535399,0.9995165189363433,0.0
49018,40.84901415023584,1.0,560,681,1241,0.0,0.0008333472224535399,0.9995165189363433,0.0
49019,40.84984749745829,1.0,560,681,1241,0.0,0.0008333472224535399,0.9995165189363433,0.0
49020,40.850680844680745,1.0,560,681,1241,0.0,0.0008333472224535399,0.9995165189363433,0.0
49021,40.8515141919032,1.0,560,681,1241,0.0,0.0008333472224535399,0.9995970991136197,8.058017727639034e-05
49022,40.85234753912565,1.0,560,681,1241,0.0,0.0008333472224535399,0.9997582594681724,0.00016116035455278067
49023,40.853180886348106,1.0,560,681,1241,0.0,0.0008333472224535399,0.9998388396454487,8.058017727639034e-05
49024,40.85401423357056,1.0,560,681,1241,0.0,0.0008333472224535399,0.999919419822725,8.058017727639034e-05
49025,40.85484758079301,1.0,560,681,1241,0.0,0.0008333472224535399,1.0000000000000013,8.058017727639034e-05
49026,40.85568092801547,1.0,560,681,1241,0.0,0.0008333472224535399,1.0000000000000013,0.0
49027,40.85651427523792,1.0,560,681,1241,0.0,0.0008333472224535399,1.0000000000000013,0.0
49028,40.857347622460374,1.0,560,681,1241,0.0,0.0008333472224535399,1.0000000000000013,0.0
49029,40.85818096968283,1.0,560,681,1241,0.0,0.0008333472224535399,1.0000000000000013,0.0
49030,40.85901431690528,1.0,560,681,1241,0.0,0.0008333472224535399,1.0000000000000013,0.0
49031,40.859847664127734,1.0,560,681,1241,0.0,0.0008333472224535399,1.0000000000000013,0.0
49032,40.86068101135019,0.9991941982272361,560,681,1241,-0.0008058017727639033,0.0008333472224535399,0.999919419822725,-8.058017727639034e-05
49033,40.86151435857264,0.9983883964544722,560,681,1241,-0.0008058017727639033,0.0008333472224535399,0.9997582594681724,-0.00016116035455278067
49034,40.862347705795095,0.9991941982272361,560,681,1241,0.0008058017727639033,0.0008333472224535399,0.999677679290896,-8.058017727639034e-05
49035,40.86318105301755,0.9991941982272361,560,681,1241,0.0,0.0008333472224535399,0.9995970991136197,-8.058017727639034e-05
49036,40.86401440024001,1.0,560,681,1241,0.0008058017727639033,0.0008333472224606453,0.9995970991136197,0.0
49037,40.86484774746246,1.0,560,681,1241,0.0,0.0008333472224535399,0.9995970991136197,0.0
49038,40.865681094684916,1.0,560,681,1241,0.0,0.0008333472224535399,0.9995970991136197,0.0
49039,40.86651444190737,1.0,560,681,1241,0.0,0.0008333472224535399,0.9995970991136197,0.0
49040,40.86734778912982,0.9991941982272361,560,681,1241,-0.0008058017727639033,0.0008333472224535399,0.9995165189363433,-8.058017727639034e-05
49041,40.86818113635228,0.9991941982272361,560,681,1241,0.0,0.0008333472224535399,0.999435938759067,-8.058017727639034e-05
49042,40.86901448357473,0.9991941982272361,560,681,1241,0.0,0.0008333472224535399,0.999435938759067,0.0
49043,40.869847830797184,1.0,560,681,1241,0.0008058017727639033,0.0008333472224535399,0.9995970991136197,0.00016116035455278067
49044,40.87068117801964,1.0,560,681,1241,0.0,0.0008333472224535399,0.999677679290896,8.058017727639034e-05
49045,40.87151452524209,0.9991941982272361,560,681,1241,-0.0008058017727639033,0.0008333472224535399,0.999677679290896,0.0
49046,40.872347872464545,0.9991941982272361,560,681,1241,0.0,0.0008333472224535399,0.9995970991136197,-8.058017727639034e-05
49047,40.873181219687,1.0,560,681,1241,0.0008058017727639033,0.0008333472224535399,0.9995970991136197,0.0
49048,40.87401456690945,1.0,560,681,1241,0.0,0.0008333472224535399,0.9995970991136197,0.0
49049,40.874847914131905,1.0,560,681,1241,0.0,0.0008333472224535399,0.9995970991136197,0.0
49050,40.87568126135436,1.0,560,681,1241,0.0,0.0008333472224535399,0.999677679290896,8.058017727639034e-05
49051,40.87651460857681,1.0,560,681,1241,0.0,0.0008333472224535399,0.9997582594681724,8.058017727639034e-05
49052,40.877347955799266,1.0,560,681,1241,0.0,0.0008333472224535399,0.9998388396454487,8.058017727639034e-05
49053,40.87818130302172,1.0,560,681,1241,0.0,0.0008333472224535399,0.9998388396454487,0.0
49054,40.87901465024417,1.0,560,681,1241,0.0,0.0008333472224535399,0.9998388396454487,0.0
49055,40.87984799746663,1.0,560,681,1241,0.0,0.0008333472224535399,0.999919419822725,8.058017727639034e-05
49056,40.88068134468908,1.0,560,681,1241,0.0,0.0008333472224535399,1.0000000000000013,8.058017727639034e-05
49057,40.88151469191153,1.0,560,681,1241,0.0,0.0008333472224535399,1.0000000000000013,0.0
49058,40.88234803913399,1.0,560,681,1241,0.0,0.0008333472224535399,1.0000000000000013,0.0
49059,40.88318138635644,1.0,560,681,1241,0.0,0.0008333472224535399,1.0000000000000013,0.0
49060,40.884014733578894,1.0,560,681,1241,0.0,0.0008333472224535399,1.0000000000000013,0.0
49061,40.88484808080135,1.0,560,681,1241,0.0,0.0008333472224535399,1.0000000000000013,0.0
49062,40.8856814280238,1.0,560,681,1241,0.0,0.0008333472224535399,1.0000000000000013,0.0
49063,40.886514775246255,1.0,560,681,1241,0.0,0.0008333472224535399,1.0000000000000013,0.0
49064,40.88734812246871,1.0,560,681,1241,0.0,0.0008333472224535399,1.0000000000000013,0.0
49065,40.88818146969116,1.0,560,681,1241,0.0,0.0008333472224535399,1.0000000000000013,0.0
49066,40.889014816913615,1.0,560,681,1241,0.0,0.0008333472224535399,1.0000000000000013,0.0
49067,40.88984816413607,1.0,560,681,1241,0.0,0.0008333472224535399,1.0000000000000013,0.0
49068,40.89068151135852,1.0,560,681,1241,0.0,0.0008333472224535399,1.0000000000000013,0.0
49069,40.891514858580976,1.0,560,681,1241,0.0,0.0008333472224535399,1.0000000000000013,0.0
49070,40.89234820580343,1.0,560,681,1241,0.0,0.0008333472224535399,1.0000000000000013,0.0
49071,40.89318155302588,1.0,560,681,1241,0.0,0.0008333472224535399,1.0000000000000013,0.0
49072,40.89401490024834,1.0,560,681,1241,0.0,0.0008333472224535399,1.0000000000000013,0.0
49073,40.89484824747079,1.0,560,681,1241,0.0,0.0008333472224535399,1.0000000000000013,0.0
49074,40.895681594693244,1.0,560,681,1241,0.0,0.0008333472224535399,1.0000000000000013,0.0
49075,40.8965149419157,1.0,560,681,1241,0.0,0.0008333472224535399,1.0000000000000013,0.0
49076,40.89734828913815,1.0,560,681,1241,0.0,0.0008333472224535399,1.0000000000000013,0.0
49077,40.898181636360604,1.0,560,681,1241,0.0,0.0008333472224535399,1.0000000000000013,0.0
49078,40.899014983583065,1.0,560,681,1241,0.0,0.0008333472224606453,1.0000000000000013,0.0
49079,40.89984833080552,1.0,560,681,1241,0.0,0.0008333472224535399,1.0000000000000013,0.0
49080,40.90068167802797,1.0,560,681,1241,0.0,0.0008333472224535399,1.0000000000000013,0.0
49081,40.901515025250426,1.0,560,681,1241,0.0,0.0008333472224535399,1.0000000000000013,0.0
49082,40.90234837247288,1.0,560,681,1241,0.0,0.0008333472224535399,1.0000000000000013,0.0
49083,40.90318171969533,1.0,560,681,1241,0.0,0.0008333472224535399,1.0000000000000013,0.0
49084,40.904015066917786,1.0,560,681,1241,0.0,0.0008333472224535399,1.0000000000000013,0.0
49085,40.90484841414024,1.0,560,681,1241,0.0,0.0008333472224535399,1.0000000000000013,0.0
49086,40.90568176136269,1.0,560,681,1241,0.0,0.0008333472224535399,1.0000000000000013,0.0
49087,40.90651510858515,1.0,560,681,1241,0.0,0.0008333472224535399,1.0000000000000013,0.0
49088,40.9073484558076,1.0,560,681,1241,0.0,0.0008333472224535399,1.0000000000000013,0.0
49089,40.908181803030054,1.0,560,681,1241,0.0,0.0008333472224535399,1.0000000000000013,0.0
49090,40.90901515025251,1.0,560,681,1241,0.0,0.0008333472224535399,1.0000000000000013,0.0
49091,40.90984849747496,1.0,560,681,1241,0.0,0.0008333472224535399,1.0000000000000013,0.0
49092,40.910681844697415,1.0,560,681,1241,0.0,0.0008333472224535399,1.0000000000000013,0.0
49093,40.91151519191987,1.0,560,681,1241,0.0,0.0008333472224535399,1.0000000000000013,0.0
49094,40.91234853914232,1.0,560,681,1241,0.0,0.0008333472224535399,1.0000000000000013,0.0
49095,40.913181886364775,1.0,560,681,1241,0.0,0.0008333472224535399,1.0000000000000013,0.0
49096,40.91401523358723,1.0,560,681,1241,0.0,0.0008333472224535399,1.0000000000000013,0.0
49097,40.91484858080968,1.0,560,681,1241,0.0,0.0008333472224535399,1.0000000000000013,0.0
49098,40.915681928032136,1.0,560,681,1241,0.0,0.0008333472224535399,1.0000000000000013,0.0
49099,40.91651527525459,1.0,560,681,1241,0.0,0.0008333472224535399,1.0000000000000013,0.0
49100,40.91734862247704,1.0,560,681,1241,0.0,0.0008333472224535399,1.0000000000000013,0.0
49101,40.918181969699496,1.0,560,681,1241,0.0,0.0008333472224535399,1.0000000000000013,0.0
49102,40.91901531692195,1.0,560,681,1241,0.0,0.0008333472224535399,1.0000000000000013,0.0
49103,40.9198486641444,1.0,560,681,1241,0.0,0.0008333472224535399,1.0000000000000013,0.0
49104,40.92068201136686,1.0,560,681,1241,0.0,0.0008333472224535399,1.0000000000000013,0.0
49105,40.92151535858931,1.0,560,681,1241,0.0,0.0008333472224535399,1.0000000000000013,0.0
49106,40.922348705811764,1.0,560,681,1241,0.0,0.0008333472224535399,1.0000000000000013,0.0
49107,40.92318205303422,1.0,560,681,1241,0.0,0.0008333472224535399,1.0000000000000013,0.0
49108,40.92401540025667,1.0,560,681,1241,0.0,0.0008333472224535399,1.0000000000000013,0.0
49109,40.924848747479125,1.0,560,681,1241,0.0,0.0008333472224535399,1.0000000000000013,0.0
49110,40.92568209470158,1.0,560,681,1241,0.0,0.0008333472224535399,1.0000000000000013,0.0
49111,40.92651544192403,0.9991941982272361,560,681,1241,-0.0008058017727639033,0.0008333472224535399,0.999919419822725,-8.058017727639034e-05
49112,40.927348789146485,1.0,560,681,1241,0.0008058017727639033,0.0008333472224535399,0.999919419822725,0.0
49113,40.92818213636894,1.0,560,681,1241,0.0,0.0008333472224535399,0.999919419822725,0.0
49114,40.92901548359139,1.0,560,681,1241,0.0,0.0008333472224535399,0.999919419822725,0.0
49115,40.929848830813846,1.0,560,681,1241,0.0,0.0008333472224535399,0.999919419822725,0.0
49116,40.9306821780363,1.0,560,681,1241,0.0,0.0008333472224535399,0.999919419822725,0.0
49117,40.93151552525875,1.0,560,681,1241,0.0,0.0008333472224535399,0.999919419822725,0.0
49118,40.93234887248121,1.0,560,681,1241,0.0,0.0008333472224535399,0.999919419822725,0.0
49119,40.93318221970366,1.0,560,681,1241,0.0,0.0008333472224535399,0.999919419822725,0.0
49120,40.934015566926114,0.9991941982272361,560,681,1241,-0.0008058017727639033,0.0008333472224535399,0.9998388396454487,-8.058017727639034e-05
49121,40.934848914148574,0.9991941982272361,560,681,1241,0.0,0.0008333472224606453,0.9998388396454487,0.0
49122,40.93568226137103,0.9991941982272361,560,681,1241,0.0,0.0008333472224535399,0.9997582594681724,-8.058017727639034e-05
49123,40.93651560859348,1.0,560,681,1241,0.0008058017727639033,0.0008333472224535399,0.9997582594681724,0.0
49124,40.937348955815935,1.0,560,681,1241,0.0,0.0008333472224535399,0.9997582594681724,0.0
49125,40.93818230303839,1.0,560,681,1241,0.0,0.0008333472224535399,0.9997582594681724,0.0
49126,40.93901565026084,1.0,560,681,1241,0.0,0.0008333472224535399,0.9997582594681724,0.0
49127,40.939848997483296,1.0,560,681,1241,0.0,0.0008333472224535399,0.9997582594681724,0.0
49128,40.94068234470575,1.0,560,681,1241,0.0,0.0008333472224535399,0.9997582594681724,0.0
49129,40.9415156919282,1.0,560,681,1241,0.0,0.0008333472224535399,0.9997582594681724,0.0
49130,40.942349039150656,1.0,560,681,1241,0.0,0.0008333472224535399,0.9998388396454487,8.058017727639034e-05
49131,40.94318238637311,1.0,560,681,1241,0.0,0.0008333472224535399,0.999919419822725,8.058017727639034e-05
49132,40.94401573359556,1.0,560,681,1241,0.0,0.0008333472224535399,1.0000000000000013,8.058017727639034e-05
49133,40.94484908081802,1.0,560,681,1241,0.0,0.0008333472224535399,1.0000000000000013,0.0
49134,40.94568242804047,1.0,560,681,1241,0.0,0.0008333472224535399,1.0000000000000013,0.0
49135,40.946515775262924,1.0,560,681,1241,0.0,0.0008333472224535399,1.0000000000000013,0.0
49136,40.94734912248538,1.0,560,681,1241,0.0,0.0008333472224535399,1.0000000000000013,0.0
49137,40.94818246970783,1.0,560,681,1241,0.0,0.0008333472224535399,1.0000000000000013,0.0
49138,40.949015816930284,1.0,560,681,1241,0.0,0.0008333472224535399,1.0000000000000013,0.0
49139,40.94984916415274,1.0,560,681,1241,0.0,0.0008333472224535399,1.0000000000000013,0.0
49140,40.95068251137519,0.9991941982272361,560,681,1241,-0.0008058017727639033,0.0008333472224535399,0.999919419822725,-8.058017727639034e-05
49141,40.951515858597645,1.0,560,681,1241,0.0008058017727639033,0.0008333472224535399,0.999919419822725,0.0
49142,40.9523492058201,1.0,560,681,1241,0.0,0.0008333472224535399,0.999919419822725,0.0
49143,40.95318255304255,1.0,560,681,1241,0.0,0.0008333472224535399,0.999919419822725,0.0
49144,40.954015900265006,1.0,560,681,1241,0.0,0.0008333472224535399,0.999919419822725,0.0
49145,40.95484924748746,1.0,560,681,1241,0.0,0.0008333472224535399,0.999919419822725,0.0
49146,40.95568259470991,1.0,560,681,1241,0.0,0.0008333472224535399,0.999919419822725,0.0
49147,40.956515941932366,1.0,560,681,1241,0.0,0.0008333472224535399,0.999919419822725,0.0
49148,40.95734928915482,1.0,560,681,1241,0.0,0.0008333472224535399,0.999919419822725,0.0
49149,40.95818263637727,1.0,560,681,1241,0.0,0.0008333472224535399,0.999919419822725,0.0
49150,40.95901598359973,1.0,560,681,1241,0.0,0.0008333472224535399,1.0000000000000013,8.058017727639034e-05
49151,40.95984933082218,0.9991941982272361,560,681,1241,-0.0008058017727639033,0.0008333472224535399,0.999919419822725,-8.058017727639034e-05
49152,40.960682678044634,1.0,560,681,1241,0.0008058017727639033,0.0008333472224535399,0.999919419822725,0.0
49153,40.96151602526709,1.0,560,681,1241,0.0,0.0008333472224535399,0.999919419822725,0.0
49154,40.96234937248954,1.0,560,681,1241,0.0,0.0008333472224535399,0.999919419822725,0.0
49155,40.963182719711995,1.0,560,681,1241,0.0,0.0008333472224535399,0.999919419822725,0.0
49156,40.96401606693445,1.0,560,681,1241,0.0,0.0008333472224535399,0.999919419822725,0.0
49157,40.9648494141569,1.0,560,681,1241,0.0,0.0008333472224535399,0.999919419822725,0.0
49158,40.965682761379355,1.0,560,681,1241,0.0,0.0008333472224535399,0.999919419822725,0.0
49159,40.96651610860181,1.0,560,681,1241,0.0,0.0008333472224535399,0.999919419822725,0.0
49160,40.96734945582426,1.0,560,681,1241,0.0,0.0008333472224535399,0.999919419822725,0.0
49161,40.968182803046716,1.0,560,681,1241,0.0,0.0008333472224535399,1.0000000000000013,8.058017727639034e-05
49162,40.96901615026917,1.0,560,681,1241,0.0,0.0008333472224535399,1.0000000000000013,0.0
49163,40.96984949749163,1.0,560,681,1241,0.0,0.0008333472224606453,1.0000000000000013,0.0
49164,40.970682844714084,0.9991941982272361,560,681,1241,-0.0008058017727639033,0.0008333472224535399,0.999919419822725,-8.058017727639034e-05
49165,40.97151619193654,0.9991941982272361,560,681,1241,0.0,0.0008333472224535399,0.9998388396454487,-8.058017727639034e-05
49166,40.97234953915899,0.9991941982272361,560,681,1241,0.0,0.0008333472224535399,0.9997582594681724,-8.058017727639034e-05
49167,40.973182886381444,1.0,560,681,1241,0.0008058017727639033,0.0008333472224535399,0.9997582594681724,0.0
49168,40.9740162336039,1.0,560,681,1241,0.0,0.0008333472224535399,0.9997582594681724,0.0
49169,40.97484958082635,1.0,560,681,1241,0.0,0.0008333472224535399,0.9997582594681724,0.0
49170,40.975682928048805,1.0,560,681,1241,0.0,0.0008333472224535399,0.9997582594681724,0.0
49171,40.97651627527126,1.0,560,681,1241,0.0,0.0008333472224535399,0.9997582594681724,0.0
49172,40.97734962249371,1.0,560,681,1241,0.0,0.0008333472224535399,0.9997582594681724,0.0
49173,40.978182969716165,1.0,560,681,1241,0.0,0.0008333472224535399,0.9997582594681724,0.0
49174,40.97901631693862,1.0,560,681,1241,0.0,0.0008333472224535399,0.9998388396454487,8.058017727639034e-05
49175,40.97984966416107,1.0,560,681,1241,0.0,0.0008333472224535399,0.999919419822725,8.058017727639034e-05
49176,40.980683011383526,1.0,560,681,1241,0.0,0.0008333472224535399,1.0000000000000013,8.058017727639034e-05
49177,40.98151635860598,1.0,560,681,1241,0.0,0.0008333472224535399,1.0000000000000013,0.0
49178,40.98234970582843,1.0,560,681,1241,0.0,0.0008333472224535399,1.0000000000000013,0.0
49179,40.98318305305089,1.0,560,681,1241,0.0,0.0008333472224535399,1.0000000000000013,0.0
49180,40.98401640027334,1.0,560,681,1241,0.0,0.0008333472224535399,1.0000000000000013,0.0
49181,40.984849747495794,1.0,560,681,1241,0.0,0.0008333472224535399,1.0000000000000013,0.0
49182,40.98568309471825,1.0,560,681,1241,0.0,0.0008333472224535399,1.0000000000000013,0.0
49183,40.9865164419407,1.0,560,681,1241,0.0,0.0008333472224535399,1.0000000000000013,0.0
49184,40.987349789163154,1.0,560,681,1241,0.0,0.0008333472224535399,1.0000000000000013,0.0
49185,40.98818313638561,1.0,560,681,1241,0.0,0.0008333472224535399,1.0000000000000013,0.0
49186,40.98901648360806,0.9991941982272361,560,681,1241,-0.0008058017727639033,0.0008333472224535399,0.999919419822725,-8.058017727639034e-05
49187,40.989849830830515,0.9991941982272361,560,681,1241,0.0,0.0008333472224535399,0.9998388396454487,-8.058017727639034e-05
49188,40.99068317805297,0.9991941982272361,560,681,1241,0.0,0.0008333472224535399,0.9997582594681724,-8.058017727639034e-05
49189,40.99151652527542,1.0,560,681,1241,0.0008058017727639033,0.0008333472224535399,0.9997582594681724,0.0
49190,40.992349872497876,1.0,560,681,1241,0.0,0.0008333472224535399,0.9997582594681724,0.0
49191,40.99318321972033,1.0,560,681,1241,0.0,0.0008333472224535399,0.9997582594681724,0.0
49192,40.99401656694278,1.0,560,681,1241,0.0,0.0008333472224535399,0.9997582594681724,0.0
49193,40.994849914165236,1.0,560,681,1241,0.0,0.0008333472224535399,0.9997582594681724,0.0
49194,40.99568326138769,1.0,560,681,1241,0.0,0.0008333472224535399,0.9997582594681724,0.0
49195,40.99651660861014,1.0,560,681,1241,0.0,0.0008333472224535399,0.9997582594681724,0.0
49196,40.9973499558326,1.0,560,681,1241,0.0,0.0008333472224535399,0.9998388396454487,8.058017727639034e-05
49197,40.99818330305505,1.0,560,681,1241,0.0,0.0008333472224535399,0.999919419822725,8.058017727639034e-05
49198,40.999016650277504,1.0,560,681,1241,0.0,0.0008333472224535399,1.0000000000000013,8.058017727639034e-05
49199,40.99984999749996,1.0,560,681,1241,0.0,0.0008333472224535399,1.0000000000000013,0.0
49200,41.00068334472241,1.0,560,681,1241,0.0,0.0008333472224535399,1.0000000000000013,0.0
49201,41.001516691944865,1.0,560,681,1241,0.0,0.0008333472224535399,1.0000000000000013,0.0
49202,41.00235003916732,1.0,560,681,1241,0.0,0.0008333472224535399,1.0000000000000013,0.0
49203,41.00318338638977,1.0,560,681,1241,0.0,0.0008333472224535399,1.0000000000000013,0.0
49204,41.004016733612225,1.0,560,681,1241,0.0,0.0008333472224535399,1.0000000000000013,0.0
49205,41.004850080834686,1.0,560,681,1241,0.0,0.0008333472224606453,1.0000000000000013,0.0
49206,41.00568342805714,1.0,560,681,1241,0.0,0.0008333472224535399,1.0000000000000013,0.0
49207,41.00651677527959,1.0,560,681,1241,0.0,0.0008333472224535399,1.0000000000000013,0.0
49208,41.00735012250205,1.0,560,681,1241,0.0,0.0008333472224535399,1.0000000000000013,0.0
49209,41.0081834697245,1.0,560,681,1241,0.0,0.0008333472224535399,1.0000000000000013,0.0
49210,41.009016816946954,1.0,560,681,1241,0.0,0.0008333472224535399,1.0000000000000013,0.0
49211,41.00985016416941,1.0,560,681,1241,0.0,0.0008333472224535399,1.0000000000000013,0.0
49212,41.01068351139186,1.0,560,681,1241,0.0,0.0008333472224535399,1.0000000000000013,0.0
49213,41.011516858614314,1.0,560,681,1241,0.0,0.0008333472224535399,1.0000000000000013,0.0
49214,41.01235020583677,1.0,560,681,1241,0.0,0.0008333472224535399,1.0000000000000013,0.0
49215,41.01318355305922,1.0,560,681,1241,0.0,0.0008333472224535399,1.0000000000000013,0.0
49216,41.014016900281675,1.0,560,681,1241,0.0,0.0008333472224535399,1.0000000000000013,0.0
49217,41.01485024750413,1.0,560,681,1241,0.0,0.0008333472224535399,1.0000000000000013,0.0
49218,41.01568359472658,1.0,560,681,1241,0.0,0.0008333472224535399,1.0000000000000013,0.0
49219,41.016516941949035,1.0,560,681,1241,0.0,0.0008333472224535399,1.0000000000000013,0.0
49220,41.01735028917149,1.0,560,681,1241,0.0,0.0008333472224535399,1.0000000000000013,0.0
49221,41.01818363639394,1.0,560,681,1241,0.0,0.0008333472224535399,1.0000000000000013,0.0
49222,41.019016983616396,1.0,560,681,1241,0.0,0.0008333472224535399,1.0000000000000013,0.0
49223,41.01985033083885,1.0,560,681,1241,0.0,0.0008333472224535399,1.0000000000000013,0.0
49224,41.0206836780613,1.0,560,681,1241,0.0,0.0008333472224535399,1.0000000000000013,0.0
49225,41.02151702528376,1.0,560,681,1241,0.0,0.0008333472224535399,1.0000000000000013,0.0
49226,41.02235037250621,1.0,560,681,1241,0.0,0.0008333472224535399,1.0000000000000013,0.0
49227,41.023183719728664,1.0,560,681,1241,0.0,0.0008333472224535399,1.0000000000000013,0.0
49228,41.02401706695112,1.0,560,681,1241,0.0,0.0008333472224535399,1.0000000000000013,0.0
49229,41.02485041417357,1.0,560,681,1241,0.0,0.0008333472224535399,1.0000000000000013,0.0
49230,41.025683761396024,0.9991941982272361,560,681,1241,-0.0008058017727639033,0.0008333472224535399,0.999919419822725,-8.058017727639034e-05
49231,41.02651710861848,1.0,560,681,1241,0.0008058017727639033,0.0008333472224535399,0.999919419822725,0.0
49232,41.02735045584093,1.0,560,681,1241,0.0,0.0008333472224535399,0.999919419822725,0.0
49233,41.028183803063385,1.0,560,681,1241,0.0,0.0008333472224535399,0.999919419822725,0.0
49234,41.02901715028584,1.0,560,681,1241,0.0,0.0008333472224535399,0.999919419822725,0.0
49235,41.02985049750829,1.0,560,681,1241,0.0,0.0008333472224535399,0.999919419822725,0.0
49236,41.030683844730746,0.9991941982272361,560,681,1241,-0.0008058017727639033,0.0008333472224535399,0.9998388396454487,-8.058017727639034e-05
49237,41.0315171919532,0.9991941982272361,560,681,1241,0.0,0.0008333472224535399,0.9997582594681724,-8.058017727639034e-05
49238,41.03235053917565,0.9991941982272361,560,681,1241,0.0,0.0008333472224535399,0.999677679290896,-8.058017727639034e-05
49239,41.033183886398106,0.9991941982272361,560,681,1241,0.0,0.0008333472224535399,0.9995970991136197,-8.058017727639034e-05
49240,41.03401723362056,1.0,560,681,1241,0.0008058017727639033,0.0008333472224535399,0.999677679290896,8.058017727639034e-05
49241,41.03485058084301,1.0,560,681,1241,0.0,0.0008333472224535399,0.999677679290896,0.0
49242,41.03568392806547,1.0,560,681,1241,0.0,0.0008333472224535399,0.999677679290896,0.0
49243,41.03651727528792,1.0,560,681,1241,0.0,0.0008333472224535399,0.999677679290896,0.0
49244,41.037350622510374,1.0,560,681,1241,0.0,0.0008333472224535399,0.999677679290896,0.0
49245,41.03818396973283,1.0,560,681,1241,0.0,0.0008333472224535399,0.999677679290896,0.0
49246,41.03901731695528,1.0,560,681,1241,0.0,0.0008333472224535399,0.9997582594681724,8.058017727639034e-05
49247,41.039850664177735,1.0,560,681,1241,0.0,0.0008333472224535399,0.9998388396454487,8.058017727639034e-05
49248,41.040684011400195,1.0,560,681,1241,0.0,0.0008333472224606453,0.999919419822725,8.058017727639034e-05
49249,41.04151735862265,1.0,560,681,1241,0.0,0.0008333472224535399,1.0000000000000013,8.058017727639034e-05
49250,41.0423507058451,1.0,560,681,1241,0.0,0.0008333472224535399,1.0000000000000013,0.0
49251,41.043184053067556,1.0,560,681,1241,0.0,0.0008333472224535399,1.0000000000000013,0.0
49252,41.04401740029001,1.0,560,681,1241,0.0,0.0008333472224535399,1.0000000000000013,0.0
49253,41.04485074751246,1.0,560,681,1241,0.0,0.0008333472224535399,1.0000000000000013,0.0
49254,41.045684094734916,1.0,560,681,1241,0.0,0.0008333472224535399,1.0000000000000013,0.0
49255,41.04651744195737,1.0,560,681,1241,0.0,0.0008333472224535399,1.0000000000000013,0.0
49256,41.04735078917982,1.0,560,681,1241,0.0,0.0008333472224535399,1.0000000000000013,0.0
49257,41.04818413640228,0.9983883964544722,560,681,1241,-0.0016116035455278066,0.0008333472224535399,0.9998388396454487,-0.00016116035455278067
49258,41.04901748362473,0.9991941982272361,560,681,1241,0.0008058017727639033,0.0008333472224535399,0.9997582594681724,-8.058017727639034e-05
49259,41.049850830847184,1.0,560,681,1241,0.0008058017727639033,0.0008333472224535399,0.9997582594681724,0.0
49260,41.05068417806964,1.0,560,681,1241,0.0,0.0008333472224535399,0.9997582594681724,0.0
49261,41.05151752529209,1.0,560,681,1241,0.0,0.0008333472224535399,0.9997582594681724,0.0
49262,41.052350872514545,1.0,560,681,1241,0.0,0.0008333472224535399,0.9997582594681724,0.0
49263,41.053184219737,1.0,560,681,1241,0.0,0.0008333472224535399,0.9997582594681724,0.0
49264,41.05401756695945,1.0,560,681,1241,0.0,0.0008333472224535399,0.9997582594681724,0.0
49265,41.054850914181905,1.0,560,681,1241,0.0,0.0008333472224535399,0.9997582594681724,0.0
49266,41.05568426140436,1.0,560,681,1241,0.0,0.0008333472224535399,0.9997582594681724,0.0
49267,41.05651760862681,1.0,560,681,1241,0.0,0.0008333472224535399,0.999919419822725,0.00016116035455278067
49268,41.057350955849266,1.0,560,681,1241,0.0,0.0008333472224535399,1.0000000000000013,8.058017727639034e-05
49269,41.05818430307172,1.0,560,681,1241,0.0,0.0008333472224535399,1.0000000000000013,0.0
49270,41.05901765029417,1.0,560,681,1241,0.0,0.0008333472224535399,1.0000000000000013,0.0
49271,41.05985099751663,1.0,560,681,1241,0.0,0.0008333472224535399,1.0000000000000013,0.0
49272,41.06068434473908,1.0,560,681,1241,0.0,0.0008333472224535399,1.0000000000000013,0.0
49273,41.061517691961534,1.0,560,681,1241,0.0,0.0008333472224535399,1.0000000000000013,0.0
49274,41.06235103918399,1.0,560,681,1241,0.0,0.0008333472224535399,1.0000000000000013,0.0
49275,41.06318438640644,1.0,560,681,1241,0.0,0.0008333472224535399,1.0000000000000013,0.0
49276,41.064017733628894,1.0,560,681,1241,0.0,0.0008333472224535399,1.0000000000000013,0.0
49277,41.06485108085135,1.0,560,681,1241,0.0,0.0008333472224535399,1.0000000000000013,0.0
49278,41.0656844280738,1.0,560,681,1241,0.0,0.0008333472224535399,1.0000000000000013,0.0
49279,41.066517775296255,1.0,560,681,1241,0.0,0.0008333472224535399,1.0000000000000013,0.0
49280,41.06735112251871,1.0,560,681,1241,0.0,0.0008333472224535399,1.0000000000000013,0.0
49281,41.06818446974116,1.0,560,681,1241,0.0,0.0008333472224535399,1.0000000000000013,0.0
49282,41.069017816963616,1.0,560,681,1241,0.0,0.0008333472224535399,1.0000000000000013,0.0
49283,41.06985116418607,1.0,560,681,1241,0.0,0.0008333472224535399,1.0000000000000013,0.0
49284,41.07068451140852,1.0,560,681,1241,0.0,0.0008333472224535399,1.0000000000000013,0.0
49285,41.071517858630976,1.0,560,681,1241,0.0,0.0008333472224535399,1.0000000000000013,0.0
49286,41.07235120585343,1.0,560,681,1241,0.0,0.0008333472224535399,1.0000000000000013,0.0
49287,41.07318455307588,1.0,560,681,1241,0.0,0.0008333472224535399,1.0000000000000013,0.0
49288,41.07401790029834,1.0,560,681,1241,0.0,0.0008333472224535399,1.0000000000000013,0.0
49289,41.07485124752079,1.0,560,681,1241,0.0,0.0008333472224535399,1.0000000000000013,0.0
49290,41.07568459474325,1.0,560,681,1241,0.0,0.0008333472224606453,1.0000000000000013,0.0
49291,41.076517941965704,1.0,560,681,1241,0.0,0.0008333472224535399,1.0000000000000013,0.0
49292,41.07735128918816,1.0,560,681,1241,0.0,0.0008333472224535399,1.0000000000000013,0.0
49293,41.07818463641061,1.0,560,681,1241,0.0,0.0008333472224535399,1.0000000000000013,0.0
49294,41.079017983633065,1.0,560,681,1241,0.0,0.0008333472224535399,1.0000000000000013,0.0
49295,41.07985133085552,1.0,560,681,1241,0.0,0.0008333472224535399,1.0000000000000013,0.0
49296,41.08068467807797,1.0,560,681,1241,0.0,0.0008333472224535399,1.0000000000000013,0.0
49297,41.081518025300426,1.0,560,681,1241,0.0,0.0008333472224535399,1.0000000000000013,0.0
49298,41.08235137252288,0.9991941982272361,560,681,1241,-0.0008058017727639033,0.0008333472224535399,0.999919419822725,-8.058017727639034e-05
49299,41.08318471974533,0.9991941982272361,560,681,1241,0.0,0.0008333472224535399,0.9998388396454487,-8.058017727639034e-05
49300,41.084018066967786,1.0,560,681,1241,0.0008058017727639033,0.0008333472224535399,0.9998388396454487,0.0
49301,41.08485141419024,1.0,560,681,1241,0.0,0.0008333472224535399,0.9998388396454487,0.0
49302,41.08568476141269,1.0,560,681,1241,0.0,0.0008333472224535399,0.9998388396454487,0.0
49303,41.08651810863515,1.0,560,681,1241,0.0,0.0008333472224535399,0.9998388396454487,0.0
49304,41.0873514558576,1.0,560,681,1241,0.0,0.0008333472224535399,0.9998388396454487,0.0
49305,41.088184803080054,1.0,560,681,1241,0.0,0.0008333472224535399,0.9998388396454487,0.0
49306,41.08901815030251,1.0,560,681,1241,0.0,0.0008333472224535399,0.9998388396454487,0.0
49307,41.08985149752496,1.0,560,681,1241,0.0,0.0008333472224535399,0.9998388396454487,0.0
49308,41.090684844747415,1.0,560,681,1241,0.0,0.0008333472224535399,0.999919419822725,8.058017727639034e-05
49309,41.09151819196987,1.0,560,681,1241,0.0,0.0008333472224535399,1.0000000000000013,8.058017727639034e-05
49310,41.09235153919232,1.0,560,681,1241,0.0,0.0008333472224535399,1.0000000000000013,0.0
49311,41.093184886414775,1.0,560,681,1241,0.0,0.0008333472224535399,1.0000000000000013,0.0
49312,41.09401823363723,1.0,560,681,1241,0.0,0.0008333472224535399,1.0000000000000013,0.0
49313,41.09485158085968,1.0,560,681,1241,0.0,0.0008333472224535399,1.0000000000000013,0.0
49314,41.095684928082136,1.0,560,681,1241,0.0,0.0008333472224535399,1.0000000000000013,0.0
49315,41.09651827530459,1.0,560,681,1241,0.0,0.0008333472224535399,1.0000000000000013,0.0
49316,41.09735162252704,1.0,560,681,1241,0.0,0.0008333472224535399,1.0000000000000013,0.0
49317,41.0981849697495,1.0,560,681,1241,0.0,0.0008333472224535399,1.0000000000000013,0.0
49318,41.09901831697195,1.0,560,681,1241,0.0,0.0008333472224535399,1.0000000000000013,0.0
49319,41.099851664194404,1.0,560,681,1241,0.0,0.0008333472224535399,1.0000000000000013,0.0
49320,41.10068501141686,1.0,560,681,1241,0.0,0.0008333472224535399,1.0000000000000013,0.0
49321,41.10151835863931,1.0,560,681,1241,0.0,0.0008333472224535399,1.0000000000000013,0.0
49322,41.102351705861764,1.0,560,681,1241,0.0,0.0008333472224535399,1.0000000000000013,0.0
49323,41.10318505308422,1.0,560,681,1241,0.0,0.0008333472224535399,1.0000000000000013,0.0
49324,41.10401840030667,1.0,560,681,1241,0.0,0.0008333472224535399,1.0000000000000013,0.0
49325,41.104851747529125,1.0,560,681,1241,0.0,0.0008333472224535399,1.0000000000000013,0.0
49326,41.10568509475158,1.0,560,681,1241,0.0,0.0008333472224535399,1.0000000000000013,0.0
49327,41.10651844197403,1.0,560,681,1241,0.0,0.0008333472224535399,1.0000000000000013,0.0
49328,41.107351789196485,1.0,560,681,1241,0.0,0.0008333472224535399,1.0000000000000013,0.0
49329,41.10818513641894,1.0,560,681,1241,0.0,0.0008333472224535399,1.0000000000000013,0.0
49330,41.10901848364139,1.0,560,681,1241,0.0,0.0008333472224535399,1.0000000000000013,0.0
49331,41.109851830863846,1.0,560,681,1241,0.0,0.0008333472224535399,1.0000000000000013,0.0
49332,41.1106851780863,1.0,560,681,1241,0.0,0.0008333472224535399,1.0000000000000013,0.0
49333,41.11151852530876,1.0,560,681,1241,0.0,0.0008333472224606453,1.0000000000000013,0.0
49334,41.112351872531214,1.0,560,681,1241,0.0,0.0008333472224535399,1.0000000000000013,0.0
49335,41.11318521975367,1.0,560,681,1241,0.0,0.0008333472224535399,1.0000000000000013,0.0
49336,41.11401856697612,1.0,560,681,1241,0.0,0.0008333472224535399,1.0000000000000013,0.0
49337,41.114851914198574,1.0,560,681,1241,0.0,0.0008333472224535399,1.0000000000000013,0.0
49338,41.11568526142103,1.0,560,681,1241,0.0,0.0008333472224535399,1.0000000000000013,0.0
49339,41.11651860864348,1.0,560,681,1241,0.0,0.0008333472224535399,1.0000000000000013,0.0
49340,41.117351955865935,1.0,560,681,1241,0.0,0.0008333472224535399,1.0000000000000013,0.0
49341,41.11818530308839,1.0,560,681,1241,0.0,0.0008333472224535399,1.0000000000000013,0.0
49342,41.11901865031084,1.0,560,681,1241,0.0,0.0008333472224535399,1.0000000000000013,0.0
49343,41.119851997533296,1.0,560,681,1241,0.0,0.0008333472224535399,1.0000000000000013,0.0
49344,41.12068534475575,1.0,560,681,1241,0.0,0.0008333472224535399,1.0000000000000013,0.0
49345,41.1215186919782,1.0,560,681,1241,0.0,0.0008333472224535399,1.0000000000000013,0.0
49346,41.122352039200656,1.0,560,681,1241,0.0,0.0008333472224535399,1.0000000000000013,0.0
49347,41.12318538642311,1.0,560,681,1241,0.0,0.0008333472224535399,1.0000000000000013,0.0
49348,41.12401873364556,1.0,560,681,1241,0.0,0.0008333472224535399,1.0000000000000013,0.0
49349,41.12485208086802,1.0,560,681,1241,0.0,0.0008333472224535399,1.0000000000000013,0.0
49350,41.12568542809047,1.0,560,681,1241,0.0,0.0008333472224535399,1.0000000000000013,0.0
49351,41.126518775312924,1.0,560,681,1241,0.0,0.0008333472224535399,1.0000000000000013,0.0
49352,41.12735212253538,1.0,560,681,1241,0.0,0.0008333472224535399,1.0000000000000013,0.0
49353,41.12818546975783,1.0,560,681,1241,0.0,0.0008333472224535399,1.0000000000000013,0.0
49354,41.129018816980285,1.0,560,681,1241,0.0,0.0008333472224535399,1.0000000000000013,0.0
49355,41.12985216420274,1.0,560,681,1241,0.0,0.0008333472224535399,1.0000000000000013,0.0
49356,41.13068551142519,1.0,560,681,1241,0.0,0.0008333472224535399,1.0000000000000013,0.0
49357,41.131518858647645,1.0,560,681,1241,0.0,0.0008333472224535399,1.0000000000000013,0.0
49358,41.1323522058701,1.0,560,681,1241,0.0,0.0008333472224535399,1.0000000000000013,0.0
49359,41.13318555309255,1.0,560,681,1241,0.0,0.0008333472224535399,1.0000000000000013,0.0
49360,41.134018900315006,1.0,560,681,1241,0.0,0.0008333472224535399,1.0000000000000013,0.0
49361,41.13485224753746,1.0,560,681,1241,0.0,0.0008333472224535399,1.0000000000000013,0.0
49362,41.13568559475991,1.0,560,681,1241,0.0,0.0008333472224535399,1.0000000000000013,0.0
49363,41.13651894198237,1.0,560,681,1241,0.0,0.0008333472224535399,1.0000000000000013,0.0
49364,41.13735228920482,1.0,560,681,1241,0.0,0.0008333472224535399,1.0000000000000013,0.0
49365,41.13818563642727,1.0,560,681,1241,0.0,0.0008333472224535399,1.0000000000000013,0.0
49366,41.13901898364973,1.0,560,681,1241,0.0,0.0008333472224535399,1.0000000000000013,0.0
49367,41.13985233087218,1.0,560,681,1241,0.0,0.0008333472224535399,1.0000000000000013,0.0
49368,41.140685678094634,1.0,560,681,1241,0.0,0.0008333472224535399,1.0000000000000013,0.0
49369,41.14151902531709,1.0,560,681,1241,0.0,0.0008333472224535399,1.0000000000000013,0.0
49370,41.14235237253954,1.0,560,681,1241,0.0,0.0008333472224535399,1.0000000000000013,0.0
49371,41.143185719761995,1.0,560,681,1241,0.0,0.0008333472224535399,1.0000000000000013,0.0
49372,41.14401906698445,1.0,560,681,1241,0.0,0.0008333472224535399,1.0000000000000013,0.0
49373,41.1448524142069,1.0,560,681,1241,0.0,0.0008333472224535399,1.0000000000000013,0.0
49374,41.145685761429355,1.0,560,681,1241,0.0,0.0008333472224535399,1.0000000000000013,0.0
49375,41.146519108651816,1.0,560,681,1241,0.0,0.0008333472224606453,1.0000000000000013,0.0
49376,41.14735245587427,1.0,560,681,1241,0.0,0.0008333472224535399,1.0000000000000013,0.0
49377,41.14818580309672,1.0,560,681,1241,0.0,0.0008333472224535399,1.0000000000000013,0.0
49378,41.14901915031918,1.0,560,681,1241,0.0,0.0008333472224535399,1.0000000000000013,0.0
49379,41.14985249754163,1.0,560,681,1241,0.0,0.0008333472224535399,1.0000000000000013,0.0
49380,41.150685844764084,1.0,560,681,1241,0.0,0.0008333472224535399,1.0000000000000013,0.0
49381,41.15151919198654,1.0,560,681,1241,0.0,0.0008333472224535399,1.0000000000000013,0.0
49382,41.15235253920899,1.0,560,681,1241,0.0,0.0008333472224535399,1.0000000000000013,0.0
49383,41.153185886431444,1.0,560,681,1241,0.0,0.0008333472224535399,1.0000000000000013,0.0
49384,41.1540192336539,1.0,560,681,1241,0.0,0.0008333472224535399,1.0000000000000013,0.0
49385,41.15485258087635,0.9991941982272361,560,681,1241,-0.0008058017727639033,0.0008333472224535399,0.999919419822725,-8.058017727639034e-05
49386,41.155685928098805,0.9991941982272361,560,681,1241,0.0,0.0008333472224535399,0.9998388396454487,-8.058017727639034e-05
49387,41.15651927532126,0.9991941982272361,560,681,1241,0.0,0.0008333472224535399,0.9997582594681724,-8.058017727639034e-05
49388,41.15735262254371,0.9991941982272361,560,681,1241,0.0,0.0008333472224535399,0.999677679290896,-8.058017727639034e-05
49389,41.158185969766166,0.9991941982272361,560,681,1241,0.0,0.0008333472224535399,0.9995970991136197,-8.058017727639034e-05
49390,41.15901931698862,1.0,560,681,1241,0.0008058017727639033,0.0008333472224535399,0.9995970991136197,0.0
49391,41.15985266421107,1.0,560,681,1241,0.0,0.0008333472224535399,0.9995970991136197,0.0
49392,41.160686011433526,1.0,560,681,1241,0.0,0.0008333472224535399,0.9995970991136197,0.0
49393,41.16151935865598,1.0,560,681,1241,0.0,0.0008333472224535399,0.9995970991136197,0.0
49394,41.16235270587843,1.0,560,681,1241,0.0,0.0008333472224535399,0.9995970991136197,0.0
49395,41.16318605310089,1.0,560,681,1241,0.0,0.0008333472224535399,0.999677679290896,8.058017727639034e-05
49396,41.16401940032334,1.0,560,681,1241,0.0,0.0008333472224535399,0.9997582594681724,8.058017727639034e-05
49397,41.164852747545794,1.0,560,681,1241,0.0,0.0008333472224535399,0.9998388396454487,8.058017727639034e-05
49398,41.16568609476825,1.0,560,681,1241,0.0,0.0008333472224535399,0.999919419822725,8.058017727639034e-05
49399,41.1665194419907,1.0,560,681,1241,0.0,0.0008333472224535399,1.0000000000000013,8.058017727639034e-05
49400,41.167352789213155,1.0,560,681,1241,0.0,0.0008333472224535399,1.0000000000000013,0.0
49401,41.16818613643561,0.9991941982272361,560,681,1241,-0.0008058017727639033,0.0008333472224535399,0.999919419822725,-8.058017727639034e-05
49402,41.16901948365806,0.9991941982272361,560,681,1241,0.0,0.0008333472224535399,0.9998388396454487,-8.058017727639034e-05
49403,41.169852830880515,1.0,560,681,1241,0.0008058017727639033,0.0008333472224535399,0.9998388396454487,0.0
49404,41.17068617810297,1.0,560,681,1241,0.0,0.0008333472224535399,0.9998388396454487,0.0
49405,41.17151952532542,1.0,560,681,1241,0.0,0.0008333472224535399,0.9998388396454487,0.0
49406,41.172352872547876,1.0,560,681,1241,0.0,0.0008333472224535399,0.9998388396454487,0.0
49407,41.17318621977033,1.0,560,681,1241,0.0,0.0008333472224535399,0.9998388396454487,0.0
49408,41.17401956699278,1.0,560,681,1241,0.0,0.0008333472224535399,0.9998388396454487,0.0
49409,41.174852914215236,1.0,560,681,1241,0.0,0.0008333472224535399,0.9998388396454487,0.0
49410,41.17568626143769,1.0,560,681,1241,0.0,0.0008333472224535399,0.9998388396454487,0.0
49411,41.17651960866014,0.9991941982272361,560,681,1241,-0.0008058017727639033,0.0008333472224535399,0.9998388396454487,0.0
49412,41.1773529558826,1.0,560,681,1241,0.0008058017727639033,0.0008333472224535399,0.999919419822725,8.058017727639034e-05
49413,41.17818630310505,1.0,560,681,1241,0.0,0.0008333472224535399,0.999919419822725,0.0
49414,41.179019650327504,1.0,560,681,1241,0.0,0.0008333472224535399,0.999919419822725,0.0
49415,41.17985299754996,1.0,560,681,1241,0.0,0.0008333472224535399,0.999919419822725,0.0
49416,41.18068634477241,1.0,560,681,1241,0.0,0.0008333472224535399,0.999919419822725,0.0
49417,41.18151969199487,1.0,560,681,1241,0.0,0.0008333472224606453,0.999919419822725,0.0
49418,41.182353039217325,1.0,560,681,1241,0.0,0.0008333472224535399,0.999919419822725,0.0
49419,41.18318638643978,1.0,560,681,1241,0.0,0.0008333472224535399,0.999919419822725,0.0
49420,41.18401973366223,1.0,560,681,1241,0.0,0.0008333472224535399,0.999919419822725,0.0
49421,41.184853080884686,1.0,560,681,1241,0.0,0.0008333472224535399,1.0000000000000013,8.058017727639034e-05
49422,41.18568642810714,1.0,560,681,1241,0.0,0.0008333472224535399,1.0000000000000013,0.0
49423,41.18651977532959,1.0,560,681,1241,0.0,0.0008333472224535399,1.0000000000000013,0.0
49424,41.18735312255205,1.0,560,681,1241,0.0,0.0008333472224535399,1.0000000000000013,0.0
49425,41.1881864697745,1.0,560,681,1241,0.0,0.0008333472224535399,1.0000000000000013,0.0
49426,41.189019816996954,1.0,560,681,1241,0.0,0.0008333472224535399,1.0000000000000013,0.0
49427,41.18985316421941,1.0,560,681,1241,0.0,0.0008333472224535399,1.0000000000000013,0.0
49428,41.19068651144186,1.0,560,681,1241,0.0,0.0008333472224535399,1.0000000000000013,0.0
49429,41.191519858664314,1.0,560,681,1241,0.0,0.0008333472224535399,1.0000000000000013,0.0
49430,41.19235320588677,1.0,560,681,1241,0.0,0.0008333472224535399,1.0000000000000013,0.0
49431,41.19318655310922,1.0,560,681,1241,0.0,0.0008333472224535399,1.0000000000000013,0.0
49432,41.194019900331675,1.0,560,681,1241,0.0,0.0008333472224535399,1.0000000000000013,0.0
49433,41.19485324755413,1.0,560,681,1241,0.0,0.0008333472224535399,1.0000000000000013,0.0
49434,41.19568659477658,1.0,560,681,1241,0.0,0.0008333472224535399,1.0000000000000013,0.0
49435,41.196519941999036,1.0,560,681,1241,0.0,0.0008333472224535399,1.0000000000000013,0.0
49436,41.19735328922149,1.0,560,681,1241,0.0,0.0008333472224535399,1.0000000000000013,0.0
49437,41.19818663644394,0.9991941982272361,560,681,1241,-0.0008058017727639033,0.0008333472224535399,0.999919419822725,-8.058017727639034e-05
49438,41.199019983666396,0.9991941982272361,560,681,1241,0.0,0.0008333472224535399,0.9998388396454487,-8.058017727639034e-05
49439,41.19985333088885,0.9991941982272361,560,681,1241,0.0,0.0008333472224535399,0.9997582594681724,-8.058017727639034e-05
49440,41.2006866781113,0.9991941982272361,560,681,1241,0.0,0.0008333472224535399,0.999677679290896,-8.058017727639034e-05
49441,41.20152002533376,0.9991941982272361,560,681,1241,0.0,0.0008333472224535399,0.9995970991136197,-8.058017727639034e-05
49442,41.20235337255621,1.0,560,681,1241,0.0008058017727639033,0.0008333472224535399,0.9995970991136197,0.0
49443,41.203186719778664,1.0,560,681,1241,0.0,0.0008333472224535399,0.9995970991136197,0.0
49444,41.20402006700112,1.0,560,681,1241,0.0,0.0008333472224535399,0.9995970991136197,0.0
49445,41.20485341422357,1.0,560,681,1241,0.0,0.0008333472224535399,0.9995970991136197,0.0
49446,41.205686761446024,1.0,560,681,1241,0.0,0.0008333472224535399,0.9995970991136197,0.0
49447,41.20652010866848,1.0,560,681,1241,0.0,0.0008333472224535399,0.999677679290896,8.058017727639034e-05
49448,41.20735345589093,1.0,560,681,1241,0.0,0.0008333472224535399,0.9997582594681724,8.058017727639034e-05
49449,41.208186803113385,1.0,560,681,1241,0.0,0.0008333472224535399,0.9998388396454487,8.058017727639034e-05
49450,41.20902015033584,1.0,560,681,1241,0.0,0.0008333472224535399,0.999919419822725,8.058017727639034e-05
49451,41.20985349755829,0.9991941982272361,560,681,1241,-0.0008058017727639033,0.0008333472224535399,0.999919419822725,0.0
49452,41.210686844780746,0.9991941982272361,560,681,1241,0.0,0.0008333472224535399,0.9998388396454487,-8.058017727639034e-05
49453,41.2115201920032,1.0,560,681,1241,0.0008058017727639033,0.0008333472224535399,0.9998388396454487,0.0
49454,41.21235353922565,1.0,560,681,1241,0.0,0.0008333472224535399,0.9998388396454487,0.0
49455,41.213186886448106,1.0,560,681,1241,0.0,0.0008333472224535399,0.9998388396454487,0.0
49456,41.21402023367056,1.0,560,681,1241,0.0,0.0008333472224535399,0.9998388396454487,0.0
49457,41.21485358089301,1.0,560,681,1241,0.0,0.0008333472224535399,0.9998388396454487,0.0
49458,41.21568692811547,1.0,560,681,1241,0.0,0.0008333472224535399,0.9998388396454487,0.0
49459,41.21652027533792,1.0,560,681,1241,0.0,0.0008333472224535399,0.9998388396454487,0.0
49460,41.21735362256038,1.0,560,681,1241,0.0,0.0008333472224606453,0.9998388396454487,0.0
49461,41.218186969782835,1.0,560,681,1241,0.0,0.0008333472224535399,0.999919419822725,8.058017727639034e-05
49462,41.21902031700529,1.0,560,681,1241,0.0,0.0008333472224535399,1.0000000000000013,8.058017727639034e-05
49463,41.21985366422774,1.0,560,681,1241,0.0,0.0008333472224535399,1.0000000000000013,0.0
49464,41.220687011450195,1.0,560,681,1241,0.0,0.0008333472224535399,1.0000000000000013,0.0
49465,41.22152035867265,1.0,560,681,1241,0.0,0.0008333472224535399,1.0000000000000013,0.0
49466,41.2223537058951,1.0,560,681,1241,0.0,0.0008333472224535399,1.0000000000000013,0.0
49467,41.223187053117556,1.0,560,681,1241,0.0,0.0008333472224535399,1.0000000000000013,0.0
49468,41.22402040034001,1.0,560,681,1241,0.0,0.0008333472224535399,1.0000000000000013,0.0
49469,41.22485374756246,1.0,560,681,1241,0.0,0.0008333472224535399,1.0000000000000013,0.0
49470,41.22568709478492,1.0,560,681,1241,0.0,0.0008333472224535399,1.0000000000000013,0.0
49471,41.22652044200737,1.0,560,681,1241,0.0,0.0008333472224535399,1.0000000000000013,0.0
49472,41.227353789229824,1.0,560,681,1241,0.0,0.0008333472224535399,1.0000000000000013,0.0
49473,41.22818713645228,1.0,560,681,1241,0.0,0.0008333472224535399,1.0000000000000013,0.0
49474,41.22902048367473,1.0,560,681,1241,0.0,0.0008333472224535399,1.0000000000000013,0.0
49475,41.229853830897184,1.0,560,681,1241,0.0,0.0008333472224535399,1.0000000000000013,0.0
49476,41.23068717811964,1.0,560,681,1241,0.0,0.0008333472224535399,1.0000000000000013,0.0
49477,41.23152052534209,1.0,560,681,1241,0.0,0.0008333472224535399,1.0000000000000013,0.0
49478,41.232353872564545,1.0,560,681,1241,0.0,0.0008333472224535399,1.0000000000000013,0.0
49479,41.233187219787,1.0,560,681,1241,0.0,0.0008333472224535399,1.0000000000000013,0.0
49480,41.23402056700945,1.0,560,681,1241,0.0,0.0008333472224535399,1.0000000000000013,0.0
49481,41.234853914231905,1.0,560,681,1241,0.0,0.0008333472224535399,1.0000000000000013,0.0
49482,41.23568726145436,0.9991941982272361,560,681,1241,-0.0008058017727639033,0.0008333472224535399,0.999919419822725,-8.058017727639034e-05
49483,41.23652060867681,0.9991941982272361,560,681,1241,0.0,0.0008333472224535399,0.9998388396454487,-8.058017727639034e-05
49484,41.237353955899266,0.9991941982272361,560,681,1241,0.0,0.0008333472224535399,0.9997582594681724,-8.058017727639034e-05
49485,41.23818730312172,1.0,560,681,1241,0.0008058017727639033,0.0008333472224535399,0.9997582594681724,0.0
49486,41.23902065034417,1.0,560,681,1241,0.0,0.0008333472224535399,0.9997582594681724,0.0
49487,41.23985399756663,1.0,560,681,1241,0.0,0.0008333472224535399,0.9997582594681724,0.0
49488,41.24068734478908,1.0,560,681,1241,0.0,0.0008333472224535399,0.9997582594681724,0.0
49489,41.241520692011534,1.0,560,681,1241,0.0,0.0008333472224535399,0.9997582594681724,0.0
49490,41.24235403923399,1.0,560,681,1241,0.0,0.0008333472224535399,0.9997582594681724,0.0
49491,41.24318738645644,1.0,560,681,1241,0.0,0.0008333472224535399,0.9997582594681724,0.0
49492,41.244020733678894,1.0,560,681,1241,0.0,0.0008333472224535399,0.9998388396454487,8.058017727639034e-05
49493,41.24485408090135,1.0,560,681,1241,0.0,0.0008333472224535399,0.999919419822725,8.058017727639034e-05
49494,41.2456874281238,1.0,560,681,1241,0.0,0.0008333472224535399,1.0000000000000013,8.058017727639034e-05
49495,41.246520775346255,1.0,560,681,1241,0.0,0.0008333472224535399,1.0000000000000013,0.0
49496,41.24735412256871,1.0,560,681,1241,0.0,0.0008333472224535399,1.0000000000000013,0.0
49497,41.24818746979116,1.0,560,681,1241,0.0,0.0008333472224535399,1.0000000000000013,0.0
49498,41.249020817013616,1.0,560,681,1241,0.0,0.0008333472224535399,1.0000000000000013,0.0
49499,41.24985416423607,1.0,560,681,1241,0.0,0.0008333472224535399,1.0000000000000013,0.0
49500,41.25068751145852,1.0,560,681,1241,0.0,0.0008333472224535399,1.0000000000000013,0.0
49501,41.251520858680976,1.0,560,681,1241,0.0,0.0008333472224535399,1.0000000000000013,0.0
49502,41.25235420590344,1.0,560,681,1241,0.0,0.0008333472224606453,1.0000000000000013,0.0
49503,41.25318755312589,1.0,560,681,1241,0.0,0.0008333472224535399,1.0000000000000013,0.0
49504,41.254020900348344,1.0,560,681,1241,0.0,0.0008333472224535399,1.0000000000000013,0.0
49505,41.2548542475708,1.0,560,681,1241,0.0,0.0008333472224535399,1.0000000000000013,0.0
49506,41.25568759479325,1.0,560,681,1241,0.0,0.0008333472224535399,1.0000000000000013,0.0
49507,41.256520942015705,1.0,560,681,1241,0.0,0.0008333472224535399,1.0000000000000013,0.0
49508,41.25735428923816,1.0,560,681,1241,0.0,0.0008333472224535399,1.0000000000000013,0.0
49509,41.25818763646061,1.0,560,681,1241,0.0,0.0008333472224535399,1.0000000000000013,0.0
49510,41.259020983683065,1.0,560,681,1241,0.0,0.0008333472224535399,1.0000000000000013,0.0
49511,41.25985433090552,1.0,560,681,1241,0.0,0.0008333472224535399,1.0000000000000013,0.0
49512,41.26068767812797,0.9991941982272361,560,681,1241,-0.0008058017727639033,0.0008333472224535399,0.999919419822725,-8.058017727639034e-05
49513,41.261521025350426,0.9991941982272361,560,681,1241,0.0,0.0008333472224535399,0.9998388396454487,-8.058017727639034e-05
49514,41.26235437257288,0.9991941982272361,560,681,1241,0.0,0.0008333472224535399,0.9997582594681724,-8.058017727639034e-05
49515,41.26318771979533,0.9991941982272361,560,681,1241,0.0,0.0008333472224535399,0.999677679290896,-8.058017727639034e-05
49516,41.26402106701779,1.0,560,681,1241,0.0008058017727639033,0.0008333472224535399,0.999677679290896,0.0
49517,41.26485441424024,1.0,560,681,1241,0.0,0.0008333472224535399,0.999677679290896,0.0
49518,41.265687761462694,1.0,560,681,1241,0.0,0.0008333472224535399,0.999677679290896,0.0
49519,41.26652110868515,1.0,560,681,1241,0.0,0.0008333472224535399,0.999677679290896,0.0
49520,41.2673544559076,1.0,560,681,1241,0.0,0.0008333472224535399,0.999677679290896,0.0
49521,41.268187803130054,1.0,560,681,1241,0.0,0.0008333472224535399,0.999677679290896,0.0
49522,41.26902115035251,1.0,560,681,1241,0.0,0.0008333472224535399,0.9997582594681724,8.058017727639034e-05
49523,41.26985449757496,1.0,560,681,1241,0.0,0.0008333472224535399,0.9998388396454487,8.058017727639034e-05
49524,41.270687844797415,1.0,560,681,1241,0.0,0.0008333472224535399,0.999919419822725,8.058017727639034e-05
49525,41.27152119201987,1.0,560,681,1241,0.0,0.0008333472224535399,1.0000000000000013,8.058017727639034e-05
49526,41.27235453924232,0.9991941982272361,560,681,1241,-0.0008058017727639033,0.0008333472224535399,0.999919419822725,-8.058017727639034e-05
49527,41.273187886464775,0.9991941982272361,560,681,1241,0.0,0.0008333472224535399,0.9998388396454487,-8.058017727639034e-05
49528,41.27402123368723,1.0,560,681,1241,0.0008058017727639033,0.0008333472224535399,0.9998388396454487,0.0
49529,41.27485458090968,1.0,560,681,1241,0.0,0.0008333472224535399,0.9998388396454487,0.0
49530,41.275687928132136,1.0,560,681,1241,0.0,0.0008333472224535399,0.9998388396454487,0.0
49531,41.27652127535459,1.0,560,681,1241,0.0,0.0008333472224535399,0.9998388396454487,0.0
49532,41.27735462257704,1.0,560,681,1241,0.0,0.0008333472224535399,0.9998388396454487,0.0
49533,41.2781879697995,1.0,560,681,1241,0.0,0.0008333472224535399,0.9998388396454487,0.0
49534,41.27902131702195,1.0,560,681,1241,0.0,0.0008333472224535399,0.9998388396454487,0.0
49535,41.279854664244404,1.0,560,681,1241,0.0,0.0008333472224535399,0.9998388396454487,0.0
49536,41.28068801146686,1.0,560,681,1241,0.0,0.0008333472224535399,0.999919419822725,8.058017727639034e-05
49537,41.28152135868931,1.0,560,681,1241,0.0,0.0008333472224535399,1.0000000000000013,8.058017727639034e-05
49538,41.282354705911764,1.0,560,681,1241,0.0,0.0008333472224535399,1.0000000000000013,0.0
49539,41.28318805313422,1.0,560,681,1241,0.0,0.0008333472224535399,1.0000000000000013,0.0
49540,41.28402140035667,1.0,560,681,1241,0.0,0.0008333472224535399,1.0000000000000013,0.0
49541,41.284854747579125,1.0,560,681,1241,0.0,0.0008333472224535399,1.0000000000000013,0.0
49542,41.28568809480158,1.0,560,681,1241,0.0,0.0008333472224535399,1.0000000000000013,0.0
49543,41.28652144202403,1.0,560,681,1241,0.0,0.0008333472224535399,1.0000000000000013,0.0
49544,41.28735478924649,1.0,560,681,1241,0.0,0.0008333472224606453,1.0000000000000013,0.0
49545,41.288188136468946,1.0,560,681,1241,0.0,0.0008333472224535399,1.0000000000000013,0.0
49546,41.2890214836914,1.0,560,681,1241,0.0,0.0008333472224535399,1.0000000000000013,0.0
49547,41.28985483091385,1.0,560,681,1241,0.0,0.0008333472224535399,1.0000000000000013,0.0
49548,41.29068817813631,1.0,560,681,1241,0.0,0.0008333472224535399,1.0000000000000013,0.0
49549,41.29152152535876,1.0,560,681,1241,0.0,0.0008333472224535399,1.0000000000000013,0.0
49550,41.292354872581214,1.0,560,681,1241,0.0,0.0008333472224535399,1.0000000000000013,0.0
49551,41.29318821980367,1.0,560,681,1241,0.0,0.0008333472224535399,1.0000000000000013,0.0
49552,41.29402156702612,1.0,560,681,1241,0.0,0.0008333472224535399,1.0000000000000013,0.0
49553,41.294854914248575,1.0,560,681,1241,0.0,0.0008333472224535399,1.0000000000000013,0.0
49554,41.29568826147103,1.0,560,681,1241,0.0,0.0008333472224535399,1.0000000000000013,0.0
49555,41.29652160869348,1.0,560,681,1241,0.0,0.0008333472224535399,1.0000000000000013,0.0
49556,41.297354955915935,1.0,560,681,1241,0.0,0.0008333472224535399,1.0000000000000013,0.0
49557,41.29818830313839,1.0,560,681,1241,0.0,0.0008333472224535399,1.0000000000000013,0.0
49558,41.29902165036084,1.0,560,681,1241,0.0,0.0008333472224535399,1.0000000000000013,0.0
49559,41.299854997583296,0.9991941982272361,560,681,1241,-0.0008058017727639033,0.0008333472224535399,0.999919419822725,-8.058017727639034e-05
49560,41.30068834480575,0.9991941982272361,560,681,1241,0.0,0.0008333472224535399,0.9998388396454487,-8.058017727639034e-05
49561,41.3015216920282,1.0,560,681,1241,0.0008058017727639033,0.0008333472224535399,0.9998388396454487,0.0
49562,41.302355039250656,1.0,560,681,1241,0.0,0.0008333472224535399,0.9998388396454487,0.0
49563,41.30318838647311,1.0,560,681,1241,0.0,0.0008333472224535399,0.9998388396454487,0.0
49564,41.30402173369556,1.0,560,681,1241,0.0,0.0008333472224535399,0.9998388396454487,0.0
49565,41.30485508091802,1.0,560,681,1241,0.0,0.0008333472224535399,0.9998388396454487,0.0
49566,41.30568842814047,1.0,560,681,1241,0.0,0.0008333472224535399,0.9998388396454487,0.0
49567,41.306521775362924,1.0,560,681,1241,0.0,0.0008333472224535399,0.9998388396454487,0.0
49568,41.30735512258538,1.0,560,681,1241,0.0,0.0008333472224535399,0.9998388396454487,0.0
49569,41.30818846980783,1.0,560,681,1241,0.0,0.0008333472224535399,0.999919419822725,8.058017727639034e-05
49570,41.309021817030285,1.0,560,681,1241,0.0,0.0008333472224535399,1.0000000000000013,8.058017727639034e-05
49571,41.30985516425274,1.0,560,681,1241,0.0,0.0008333472224535399,1.0000000000000013,0.0
49572,41.31068851147519,1.0,560,681,1241,0.0,0.0008333472224535399,1.0000000000000013,0.0
49573,41.311521858697645,1.0,560,681,1241,0.0,0.0008333472224535399,1.0000000000000013,0.0
49574,41.3123552059201,1.0,560,681,1241,0.0,0.0008333472224535399,1.0000000000000013,0.0
49575,41.31318855314255,1.0,560,681,1241,0.0,0.0008333472224535399,1.0000000000000013,0.0
49576,41.314021900365006,1.0,560,681,1241,0.0,0.0008333472224535399,1.0000000000000013,0.0
49577,41.31485524758746,1.0,560,681,1241,0.0,0.0008333472224535399,1.0000000000000013,0.0
49578,41.31568859480991,1.0,560,681,1241,0.0,0.0008333472224535399,1.0000000000000013,0.0
49579,41.31652194203237,1.0,560,681,1241,0.0,0.0008333472224535399,1.0000000000000013,0.0
49580,41.31735528925482,1.0,560,681,1241,0.0,0.0008333472224535399,1.0000000000000013,0.0
49581,41.318188636477274,1.0,560,681,1241,0.0,0.0008333472224535399,1.0000000000000013,0.0
49582,41.31902198369973,1.0,560,681,1241,0.0,0.0008333472224535399,1.0000000000000013,0.0
49583,41.31985533092218,1.0,560,681,1241,0.0,0.0008333472224535399,1.0000000000000013,0.0
49584,41.320688678144634,1.0,560,681,1241,0.0,0.0008333472224535399,1.0000000000000013,0.0
49585,41.32152202536709,1.0,560,681,1241,0.0,0.0008333472224535399,1.0000000000000013,0.0
49586,41.32235537258954,1.0,560,681,1241,0.0,0.0008333472224535399,1.0000000000000013,0.0
49587,41.323188719812,1.0,560,681,1241,0.0,0.0008333472224606453,1.0000000000000013,0.0
49588,41.324022067034456,1.0,560,681,1241,0.0,0.0008333472224535399,1.0000000000000013,0.0
49589,41.32485541425691,0.9991941982272361,560,681,1241,-0.0008058017727639033,0.0008333472224535399,0.999919419822725,-8.058017727639034e-05
49590,41.32568876147936,1.0,560,681,1241,0.0008058017727639033,0.0008333472224535399,0.999919419822725,0.0
49591,41.326522108701816,1.0,560,681,1241,0.0,0.0008333472224535399,0.999919419822725,0.0
49592,41.32735545592427,1.0,560,681,1241,0.0,0.0008333472224535399,0.999919419822725,0.0
49593,41.32818880314672,1.0,560,681,1241,0.0,0.0008333472224535399,0.999919419822725,0.0
49594,41.32902215036918,1.0,560,681,1241,0.0,0.0008333472224535399,0.999919419822725,0.0
49595,41.32985549759163,1.0,560,681,1241,0.0,0.0008333472224535399,0.999919419822725,0.0
49596,41.330688844814084,1.0,560,681,1241,0.0,0.0008333472224535399,0.999919419822725,0.0
49597,41.33152219203654,1.0,560,681,1241,0.0,0.0008333472224535399,0.999919419822725,0.0
49598,41.33235553925899,1.0,560,681,1241,0.0,0.0008333472224535399,0.999919419822725,0.0
49599,41.333188886481445,1.0,560,681,1241,0.0,0.0008333472224535399,1.0000000000000013,8.058017727639034e-05
49600,41.3340222337039,1.0,560,681,1241,0.0,0.0008333472224535399,1.0000000000000013,0.0
49601,41.33485558092635,1.0,560,681,1241,0.0,0.0008333472224535399,1.0000000000000013,0.0
49602,41.335688928148805,1.0,560,681,1241,0.0,0.0008333472224535399,1.0000000000000013,0.0
49603,41.33652227537126,1.0,560,681,1241,0.0,0.0008333472224535399,1.0000000000000013,0.0
49604,41.33735562259371,1.0,560,681,1241,0.0,0.0008333472224535399,1.0000000000000013,0.0
49605,41.338188969816166,1.0,560,681,1241,0.0,0.0008333472224535399,1.0000000000000013,0.0
49606,41.33902231703862,1.0,560,681,1241,0.0,0.0008333472224535399,1.0000000000000013,0.0
49607,41.33985566426107,1.0,560,681,1241,0.0,0.0008333472224535399,1.0000000000000013,0.0
49608,41.340689011483526,1.0,560,681,1241,0.0,0.0008333472224535399,1.0000000000000013,0.0
49609,41.34152235870598,1.0,560,681,1241,0.0,0.0008333472224535399,1.0000000000000013,0.0
49610,41.34235570592843,1.0,560,681,1241,0.0,0.0008333472224535399,1.0000000000000013,0.0
49611,41.34318905315089,1.0,560,681,1241,0.0,0.0008333472224535399,1.0000000000000013,0.0
49612,41.34402240037334,1.0,560,681,1241,0.0,0.0008333472224535399,1.0000000000000013,0.0
49613,41.344855747595794,1.0,560,681,1241,0.0,0.0008333472224535399,1.0000000000000013,0.0
49614,41.34568909481825,1.0,560,681,1241,0.0,0.0008333472224535399,1.0000000000000013,0.0
49615,41.3465224420407,1.0,560,681,1241,0.0,0.0008333472224535399,1.0000000000000013,0.0
49616,41.347355789263155,0.9991941982272361,560,681,1241,-0.0008058017727639033,0.0008333472224535399,0.999919419822725,-8.058017727639034e-05
49617,41.34818913648561,0.9991941982272361,560,681,1241,0.0,0.0008333472224535399,0.9998388396454487,-8.058017727639034e-05
49618,41.34902248370806,0.9991941982272361,560,681,1241,0.0,0.0008333472224535399,0.9997582594681724,-8.058017727639034e-05
49619,41.349855830930515,1.0,560,681,1241,0.0008058017727639033,0.0008333472224535399,0.9997582594681724,0.0
49620,41.35068917815297,1.0,560,681,1241,0.0,0.0008333472224535399,0.9997582594681724,0.0
49621,41.35152252537542,1.0,560,681,1241,0.0,0.0008333472224535399,0.9997582594681724,0.0
49622,41.352355872597876,1.0,560,681,1241,0.0,0.0008333472224535399,0.9997582594681724,0.0
49623,41.35318921982033,1.0,560,681,1241,0.0,0.0008333472224535399,0.9997582594681724,0.0
49624,41.35402256704278,1.0,560,681,1241,0.0,0.0008333472224535399,0.9997582594681724,0.0
49625,41.35485591426524,0.9991941982272361,560,681,1241,-0.0008058017727639033,0.0008333472224535399,0.999677679290896,-8.058017727639034e-05
49626,41.35568926148769,0.9991941982272361,560,681,1241,0.0,0.0008333472224535399,0.999677679290896,0.0
49627,41.356522608710144,0.9991941982272361,560,681,1241,0.0,0.0008333472224535399,0.999677679290896,0.0
49628,41.3573559559326,0.9991941982272361,560,681,1241,0.0,0.0008333472224535399,0.999677679290896,0.0
49629,41.35818930315506,0.9991941982272361,560,681,1241,0.0,0.0008333472224606453,0.9995970991136197,-8.058017727639034e-05
49630,41.35902265037751,1.0,560,681,1241,0.0008058017727639033,0.0008333472224535399,0.9995970991136197,0.0
49631,41.359855997599965,1.0,560,681,1241,0.0,0.0008333472224535399,0.9995970991136197,0.0
49632,41.36068934482242,1.0,560,681,1241,0.0,0.0008333472224535399,0.9995970991136197,0.0
49633,41.36152269204487,1.0,560,681,1241,0.0,0.0008333472224535399,0.9995970991136197,0.0
49634,41.362356039267326,1.0,560,681,1241,0.0,0.0008333472224535399,0.9995970991136197,0.0
49635,41.36318938648978,1.0,560,681,1241,0.0,0.0008333472224535399,0.999677679290896,8.058017727639034e-05
49636,41.36402273371223,1.0,560,681,1241,0.0,0.0008333472224535399,0.9997582594681724,8.058017727639034e-05
49637,41.364856080934686,1.0,560,681,1241,0.0,0.0008333472224535399,0.9998388396454487,8.058017727639034e-05
49638,41.36568942815714,1.0,560,681,1241,0.0,0.0008333472224535399,0.999919419822725,8.058017727639034e-05
49639,41.36652277537959,0.9991941982272361,560,681,1241,-0.0008058017727639033,0.0008333472224535399,0.999919419822725,0.0
49640,41.36735612260205,1.0,560,681,1241,0.0008058017727639033,0.0008333472224535399,0.999919419822725,0.0
49641,41.3681894698245,1.0,560,681,1241,0.0,0.0008333472224535399,0.999919419822725,0.0
49642,41.369022817046954,1.0,560,681,1241,0.0,0.0008333472224535399,0.999919419822725,0.0
49643,41.36985616426941,1.0,560,681,1241,0.0,0.0008333472224535399,0.999919419822725,0.0
49644,41.37068951149186,1.0,560,681,1241,0.0,0.0008333472224535399,0.999919419822725,0.0
49645,41.371522858714314,1.0,560,681,1241,0.0,0.0008333472224535399,0.999919419822725,0.0
49646,41.37235620593677,1.0,560,681,1241,0.0,0.0008333472224535399,0.999919419822725,0.0
49647,41.37318955315922,1.0,560,681,1241,0.0,0.0008333472224535399,0.999919419822725,0.0
49648,41.374022900381675,1.0,560,681,1241,0.0,0.0008333472224535399,0.999919419822725,0.0
49649,41.37485624760413,1.0,560,681,1241,0.0,0.0008333472224535399,1.0000000000000013,8.058017727639034e-05
49650,41.37568959482658,1.0,560,681,1241,0.0,0.0008333472224535399,1.0000000000000013,0.0
49651,41.376522942049036,1.0,560,681,1241,0.0,0.0008333472224535399,1.0000000000000013,0.0
49652,41.37735628927149,1.0,560,681,1241,0.0,0.0008333472224535399,1.0000000000000013,0.0
49653,41.37818963649394,1.0,560,681,1241,0.0,0.0008333472224535399,1.0000000000000013,0.0
49654,41.379022983716396,1.0,560,681,1241,0.0,0.0008333472224535399,1.0000000000000013,0.0
49655,41.37985633093885,1.0,560,681,1241,0.0,0.0008333472224535399,1.0000000000000013,0.0
49656,41.3806896781613,1.0,560,681,1241,0.0,0.0008333472224535399,1.0000000000000013,0.0
49657,41.38152302538376,1.0,560,681,1241,0.0,0.0008333472224535399,1.0000000000000013,0.0
49658,41.38235637260621,1.0,560,681,1241,0.0,0.0008333472224535399,1.0000000000000013,0.0
49659,41.383189719828664,1.0,560,681,1241,0.0,0.0008333472224535399,1.0000000000000013,0.0
49660,41.38402306705112,1.0,560,681,1241,0.0,0.0008333472224535399,1.0000000000000013,0.0
49661,41.38485641427357,1.0,560,681,1241,0.0,0.0008333472224535399,1.0000000000000013,0.0
49662,41.385689761496025,1.0,560,681,1241,0.0,0.0008333472224535399,1.0000000000000013,0.0
49663,41.38652310871848,1.0,560,681,1241,0.0,0.0008333472224535399,1.0000000000000013,0.0
49664,41.38735645594093,1.0,560,681,1241,0.0,0.0008333472224535399,1.0000000000000013,0.0
49665,41.388189803163385,0.9991941982272361,560,681,1241,-0.0008058017727639033,0.0008333472224535399,0.999919419822725,-8.058017727639034e-05
49666,41.38902315038584,0.9991941982272361,560,681,1241,0.0,0.0008333472224535399,0.9998388396454487,-8.058017727639034e-05
49667,41.38985649760829,0.9991941982272361,560,681,1241,0.0,0.0008333472224535399,0.9997582594681724,-8.058017727639034e-05
49668,41.390689844830746,0.9991941982272361,560,681,1241,0.0,0.0008333472224535399,0.999677679290896,-8.058017727639034e-05
49669,41.3915231920532,0.9991941982272361,560,681,1241,0.0,0.0008333472224535399,0.9995970991136197,-8.058017727639034e-05
49670,41.39235653927565,0.9991941982272361,560,681,1241,0.0,0.0008333472224535399,0.9995165189363433,-8.058017727639034e-05
49671,41.393189886498114,0.9991941982272361,560,681,1241,0.0,0.0008333472224606453,0.999435938759067,-8.058017727639034e-05
49672,41.39402323372057,0.9991941982272361,560,681,1241,0.0,0.0008333472224535399,0.9993553585817907,-8.058017727639034e-05
49673,41.39485658094302,1.0,560,681,1241,0.0008058017727639033,0.0008333472224535399,0.9993553585817907,0.0
49674,41.395689928165474,1.0,560,681,1241,0.0,0.0008333472224535399,0.9993553585817907,0.0
49675,41.39652327538793,1.0,560,681,1241,0.0,0.0008333472224535399,0.999435938759067,8.058017727639034e-05
49676,41.39735662261038,1.0,560,681,1241,0.0,0.0008333472224535399,0.9995165189363433,8.058017727639034e-05
49677,41.398189969832835,1.0,560,681,1241,0.0,0.0008333472224535399,0.9995970991136197,8.058017727639034e-05
49678,41.39902331705529,1.0,560,681,1241,0.0,0.0008333472224535399,0.999677679290896,8.058017727639034e-05
49679,41.39985666427774,1.0,560,681,1241,0.0,0.0008333472224535399,0.9997582594681724,8.058017727639034e-05
49680,41.400690011500195,0.9991941982272361,560,681,1241,-0.0008058017727639033,0.0008333472224535399,0.9997582594681724,0.0
49681,41.40152335872265,0.9991941982272361,560,681,1241,0.0,0.0008333472224535399,0.9997582594681724,0.0
49682,41.4023567059451,0.9991941982272361,560,681,1241,0.0,0.0008333472224535399,0.9997582594681724,0.0
49683,41.403190053167556,1.0,560,681,1241,0.0008058017727639033,0.0008333472224535399,0.9997582594681724,0.0
49684,41.40402340039001,1.0,560,681,1241,0.0,0.0008333472224535399,0.9997582594681724,0.0
49685,41.40485674761246,1.0,560,681,1241,0.0,0.0008333472224535399,0.9997582594681724,0.0
49686,41.40569009483492,1.0,560,681,1241,0.0,0.0008333472224535399,0.9997582594681724,0.0
49687,41.40652344205737,1.0,560,681,1241,0.0,0.0008333472224535399,0.9997582594681724,0.0
49688,41.407356789279824,1.0,560,681,1241,0.0,0.0008333472224535399,0.9997582594681724,0.0
49689,41.40819013650228,1.0,560,681,1241,0.0,0.0008333472224535399,0.9997582594681724,0.0
49690,41.40902348372473,1.0,560,681,1241,0.0,0.0008333472224535399,0.9998388396454487,8.058017727639034e-05
49691,41.409856830947184,1.0,560,681,1241,0.0,0.0008333472224535399,0.999919419822725,8.058017727639034e-05
49692,41.41069017816964,1.0,560,681,1241,0.0,0.0008333472224535399,1.0000000000000013,8.058017727639034e-05
49693,41.41152352539209,1.0,560,681,1241,0.0,0.0008333472224535399,1.0000000000000013,0.0
49694,41.412356872614545,1.0,560,681,1241,0.0,0.0008333472224535399,1.0000000000000013,0.0
49695,41.413190219837,1.0,560,681,1241,0.0,0.0008333472224535399,1.0000000000000013,0.0
49696,41.41402356705945,0.9991941982272361,560,681,1241,-0.0008058017727639033,0.0008333472224535399,0.999919419822725,-8.058017727639034e-05
49697,41.414856914281906,1.0,560,681,1241,0.0008058017727639033,0.0008333472224535399,0.999919419822725,0.0
49698,41.41569026150436,1.0,560,681,1241,0.0,0.0008333472224535399,0.999919419822725,0.0
49699,41.41652360872681,1.0,560,681,1241,0.0,0.0008333472224535399,0.999919419822725,0.0
49700,41.417356955949266,1.0,560,681,1241,0.0,0.0008333472224535399,0.999919419822725,0.0
49701,41.41819030317172,1.0,560,681,1241,0.0,0.0008333472224535399,0.999919419822725,0.0
49702,41.41902365039417,1.0,560,681,1241,0.0,0.0008333472224535399,0.999919419822725,0.0
49703,41.41985699761663,1.0,560,681,1241,0.0,0.0008333472224535399,0.999919419822725,0.0
49704,41.42069034483908,1.0,560,681,1241,0.0,0.0008333472224535399,0.999919419822725,0.0
49705,41.421523692061534,1.0,560,681,1241,0.0,0.0008333472224535399,0.999919419822725,0.0
49706,41.42235703928399,1.0,560,681,1241,0.0,0.0008333472224535399,1.0000000000000013,8.058017727639034e-05
49707,41.42319038650644,1.0,560,681,1241,0.0,0.0008333472224535399,1.0000000000000013,0.0
49708,41.424023733728895,1.0,560,681,1241,0.0,0.0008333472224535399,1.0000000000000013,0.0
49709,41.42485708095135,1.0,560,681,1241,0.0,0.0008333472224535399,1.0000000000000013,0.0
49710,41.4256904281738,1.0,560,681,1241,0.0,0.0008333472224535399,1.0000000000000013,0.0
49711,41.426523775396255,1.0,560,681,1241,0.0,0.0008333472224535399,1.0000000000000013,0.0
49712,41.42735712261871,1.0,560,681,1241,0.0,0.0008333472224535399,1.0000000000000013,0.0
49713,41.42819046984116,1.0,560,681,1241,0.0,0.0008333472224535399,1.0000000000000013,0.0
49714,41.42902381706362,1.0,560,681,1241,0.0,0.0008333472224606453,1.0000000000000013,0.0
49715,41.42985716428608,1.0,560,681,1241,0.0,0.0008333472224535399,1.0000000000000013,0.0
49716,41.43069051150853,1.0,560,681,1241,0.0,0.0008333472224535399,1.0000000000000013,0.0
49717,41.43152385873098,1.0,560,681,1241,0.0,0.0008333472224535399,1.0000000000000013,0.0
49718,41.43235720595344,1.0,560,681,1241,0.0,0.0008333472224535399,1.0000000000000013,0.0
49719,41.43319055317589,1.0,560,681,1241,0.0,0.0008333472224535399,1.0000000000000013,0.0
49720,41.434023900398344,1.0,560,681,1241,0.0,0.0008333472224535399,1.0000000000000013,0.0
49721,41.4348572476208,1.0,560,681,1241,0.0,0.0008333472224535399,1.0000000000000013,0.0
49722,41.43569059484325,1.0,560,681,1241,0.0,0.0008333472224535399,1.0000000000000013,0.0
49723,41.436523942065705,1.0,560,681,1241,0.0,0.0008333472224535399,1.0000000000000013,0.0
49724,41.43735728928816,1.0,560,681,1241,0.0,0.0008333472224535399,1.0000000000000013,0.0
49725,41.43819063651061,1.0,560,681,1241,0.0,0.0008333472224535399,1.0000000000000013,0.0
49726,41.439023983733065,1.0,560,681,1241,0.0,0.0008333472224535399,1.0000000000000013,0.0
49727,41.43985733095552,1.0,560,681,1241,0.0,0.0008333472224535399,1.0000000000000013,0.0
49728,41.44069067817797,1.0,560,681,1241,0.0,0.0008333472224535399,1.0000000000000013,0.0
49729,41.441524025400426,1.0,560,681,1241,0.0,0.0008333472224535399,1.0000000000000013,0.0
49730,41.44235737262288,1.0,560,681,1241,0.0,0.0008333472224535399,1.0000000000000013,0.0
49731,41.44319071984533,1.0,560,681,1241,0.0,0.0008333472224535399,1.0000000000000013,0.0
49732,41.44402406706779,1.0,560,681,1241,0.0,0.0008333472224535399,1.0000000000000013,0.0
49733,41.44485741429024,0.9991941982272361,560,681,1241,-0.0008058017727639033,0.0008333472224535399,0.999919419822725,-8.058017727639034e-05
49734,41.445690761512694,1.0,560,681,1241,0.0008058017727639033,0.0008333472224535399,0.999919419822725,0.0
49735,41.44652410873515,1.0,560,681,1241,0.0,0.0008333472224535399,0.999919419822725,0.0
49736,41.4473574559576,1.0,560,681,1241,0.0,0.0008333472224535399,0.999919419822725,0.0
49737,41.448190803180054,1.0,560,681,1241,0.0,0.0008333472224535399,0.999919419822725,0.0
49738,41.44902415040251,0.9991941982272361,560,681,1241,-0.0008058017727639033,0.0008333472224535399,0.9998388396454487,-8.058017727639034e-05
49739,41.44985749762496,0.9991941982272361,560,681,1241,0.0,0.0008333472224535399,0.9997582594681724,-8.058017727639034e-05
49740,41.450690844847415,0.9991941982272361,560,681,1241,0.0,0.0008333472224535399,0.999677679290896,-8.058017727639034e-05
49741,41.45152419206987,1.0,560,681,1241,0.0008058017727639033,0.0008333472224535399,0.999677679290896,0.0
49742,41.45235753929232,1.0,560,681,1241,0.0,0.0008333472224535399,0.999677679290896,0.0
49743,41.453190886514776,1.0,560,681,1241,0.0,0.0008333472224535399,0.9997582594681724,8.058017727639034e-05
49744,41.45402423373723,1.0,560,681,1241,0.0,0.0008333472224535399,0.9997582594681724,0.0
49745,41.45485758095968,1.0,560,681,1241,0.0,0.0008333472224535399,0.9997582594681724,0.0
49746,41.455690928182136,1.0,560,681,1241,0.0,0.0008333472224535399,0.9997582594681724,0.0
49747,41.45652427540459,1.0,560,681,1241,0.0,0.0008333472224535399,0.9997582594681724,0.0
49748,41.45735762262704,1.0,560,681,1241,0.0,0.0008333472224535399,0.9998388396454487,8.058017727639034e-05
49749,41.4581909698495,1.0,560,681,1241,0.0,0.0008333472224535399,0.999919419822725,8.058017727639034e-05
49750,41.45902431707195,1.0,560,681,1241,0.0,0.0008333472224535399,1.0000000000000013,8.058017727639034e-05
49751,41.459857664294404,1.0,560,681,1241,0.0,0.0008333472224535399,1.0000000000000013,0.0
49752,41.46069101151686,0.9991941982272361,560,681,1241,-0.0008058017727639033,0.0008333472224535399,0.999919419822725,-8.058017727639034e-05
49753,41.46152435873931,0.9991941982272361,560,681,1241,0.0,0.0008333472224535399,0.9998388396454487,-8.058017727639034e-05
49754,41.462357705961765,0.9991941982272361,560,681,1241,0.0,0.0008333472224535399,0.9997582594681724,-8.058017727639034e-05
49755,41.46319105318422,0.9991941982272361,560,681,1241,0.0,0.0008333472224535399,0.999677679290896,-8.058017727639034e-05
49756,41.46402440040668,0.9991941982272361,560,681,1241,0.0,0.0008333472224606453,0.9995970991136197,-8.058017727639034e-05
49757,41.46485774762913,0.9991941982272361,560,681,1241,0.0,0.0008333472224535399,0.9995165189363433,-8.058017727639034e-05
49758,41.465691094851586,1.0,560,681,1241,0.0008058017727639033,0.0008333472224535399,0.9995165189363433,0.0
49759,41.46652444207404,1.0,560,681,1241,0.0,0.0008333472224535399,0.9995165189363433,0.0
49760,41.46735778929649,1.0,560,681,1241,0.0,0.0008333472224535399,0.9995165189363433,0.0
49761,41.468191136518946,1.0,560,681,1241,0.0,0.0008333472224535399,0.9995165189363433,0.0
49762,41.4690244837414,1.0,560,681,1241,0.0,0.0008333472224535399,0.9995970991136197,8.058017727639034e-05
49763,41.46985783096385,1.0,560,681,1241,0.0,0.0008333472224535399,0.999677679290896,8.058017727639034e-05
49764,41.47069117818631,1.0,560,681,1241,0.0,0.0008333472224535399,0.9997582594681724,8.058017727639034e-05
49765,41.47152452540876,1.0,560,681,1241,0.0,0.0008333472224535399,0.9998388396454487,8.058017727639034e-05
49766,41.472357872631214,1.0,560,681,1241,0.0,0.0008333472224535399,0.999919419822725,8.058017727639034e-05
49767,41.47319121985367,1.0,560,681,1241,0.0,0.0008333472224535399,1.0000000000000013,8.058017727639034e-05
49768,41.47402456707612,1.0,560,681,1241,0.0,0.0008333472224535399,1.0000000000000013,0.0
49769,41.474857914298575,1.0,560,681,1241,0.0,0.0008333472224535399,1.0000000000000013,0.0
49770,41.47569126152103,1.0,560,681,1241,0.0,0.0008333472224535399,1.0000000000000013,0.0
49771,41.47652460874348,1.0,560,681,1241,0.0,0.0008333472224535399,1.0000000000000013,0.0
49772,41.477357955965935,1.0,560,681,1241,0.0,0.0008333472224535399,1.0000000000000013,0.0
49773,41.47819130318839,1.0,560,681,1241,0.0,0.0008333472224535399,1.0000000000000013,0.0
49774,41.47902465041084,1.0,560,681,1241,0.0,0.0008333472224535399,1.0000000000000013,0.0
49775,41.479857997633296,0.9991941982272361,560,681,1241,-0.0008058017727639033,0.0008333472224535399,0.999919419822725,-8.058017727639034e-05
49776,41.48069134485575,1.0,560,681,1241,0.0008058017727639033,0.0008333472224535399,0.999919419822725,0.0
49777,41.4815246920782,1.0,560,681,1241,0.0,0.0008333472224535399,0.999919419822725,0.0
49778,41.48235803930066,1.0,560,681,1241,0.0,0.0008333472224535399,0.999919419822725,0.0
49779,41.48319138652311,1.0,560,681,1241,0.0,0.0008333472224535399,0.999919419822725,0.0
49780,41.484024733745564,1.0,560,681,1241,0.0,0.0008333472224535399,0.999919419822725,0.0
49781,41.48485808096802,1.0,560,681,1241,0.0,0.0008333472224535399,0.999919419822725,0.0
49782,41.48569142819047,1.0,560,681,1241,0.0,0.0008333472224535399,0.999919419822725,0.0
49783,41.486524775412924,1.0,560,681,1241,0.0,0.0008333472224535399,0.999919419822725,0.0
49784,41.48735812263538,1.0,560,681,1241,0.0,0.0008333472224535399,0.999919419822725,0.0
49785,41.48819146985783,1.0,560,681,1241,0.0,0.0008333472224535399,1.0000000000000013,8.058017727639034e-05
49786,41.489024817080285,1.0,560,681,1241,0.0,0.0008333472224535399,1.0000000000000013,0.0
49787,41.48985816430274,1.0,560,681,1241,0.0,0.0008333472224535399,1.0000000000000013,0.0
49788,41.49069151152519,1.0,560,681,1241,0.0,0.0008333472224535399,1.0000000000000013,0.0
49789,41.491524858747646,1.0,560,681,1241,0.0,0.0008333472224535399,1.0000000000000013,0.0
49790,41.4923582059701,1.0,560,681,1241,0.0,0.0008333472224535399,1.0000000000000013,0.0
49791,41.49319155319255,1.0,560,681,1241,0.0,0.0008333472224535399,1.0000000000000013,0.0
49792,41.494024900415006,1.0,560,681,1241,0.0,0.0008333472224535399,1.0000000000000013,0.0
49793,41.49485824763746,1.0,560,681,1241,0.0,0.0008333472224535399,1.0000000000000013,0.0
49794,41.49569159485991,1.0,560,681,1241,0.0,0.0008333472224535399,1.0000000000000013,0.0
49795,41.49652494208237,1.0,560,681,1241,0.0,0.0008333472224535399,1.0000000000000013,0.0
49796,41.49735828930482,1.0,560,681,1241,0.0,0.0008333472224535399,1.0000000000000013,0.0
49797,41.498191636527274,1.0,560,681,1241,0.0,0.0008333472224535399,1.0000000000000013,0.0
49798,41.49902498374973,1.0,560,681,1241,0.0,0.0008333472224535399,1.0000000000000013,0.0
49799,41.49985833097219,1.0,560,681,1241,0.0,0.0008333472224606453,1.0000000000000013,0.0
49800,41.50069167819464,1.0,560,681,1241,0.0,0.0008333472224535399,1.0000000000000013,0.0
49801,41.501525025417095,1.0,560,681,1241,0.0,0.0008333472224535399,1.0000000000000013,0.0
49802,41.50235837263955,1.0,560,681,1241,0.0,0.0008333472224535399,1.0000000000000013,0.0
49803,41.503191719862,1.0,560,681,1241,0.0,0.0008333472224535399,1.0000000000000013,0.0
49804,41.504025067084456,1.0,560,681,1241,0.0,0.0008333472224535399,1.0000000000000013,0.0
49805,41.50485841430691,1.0,560,681,1241,0.0,0.0008333472224535399,1.0000000000000013,0.0
49806,41.50569176152936,1.0,560,681,1241,0.0,0.0008333472224535399,1.0000000000000013,0.0
49807,41.506525108751816,1.0,560,681,1241,0.0,0.0008333472224535399,1.0000000000000013,0.0
49808,41.50735845597427,1.0,560,681,1241,0.0,0.0008333472224535399,1.0000000000000013,0.0
49809,41.50819180319672,1.0,560,681,1241,0.0,0.0008333472224535399,1.0000000000000013,0.0
49810,41.50902515041918,1.0,560,681,1241,0.0,0.0008333472224535399,1.0000000000000013,0.0
49811,41.50985849764163,1.0,560,681,1241,0.0,0.0008333472224535399,1.0000000000000013,0.0
49812,41.510691844864084,1.0,560,681,1241,0.0,0.0008333472224535399,1.0000000000000013,0.0
49813,41.51152519208654,1.0,560,681,1241,0.0,0.0008333472224535399,1.0000000000000013,0.0
49814,41.51235853930899,1.0,560,681,1241,0.0,0.0008333472224535399,1.0000000000000013,0.0
49815,41.513191886531445,1.0,560,681,1241,0.0,0.0008333472224535399,1.0000000000000013,0.0
49816,41.5140252337539,1.0,560,681,1241,0.0,0.0008333472224535399,1.0000000000000013,0.0
49817,41.51485858097635,1.0,560,681,1241,0.0,0.0008333472224535399,1.0000000000000013,0.0
49818,41.515691928198805,1.0,560,681,1241,0.0,0.0008333472224535399,1.0000000000000013,0.0
49819,41.51652527542126,1.0,560,681,1241,0.0,0.0008333472224535399,1.0000000000000013,0.0
49820,41.51735862264371,1.0,560,681,1241,0.0,0.0008333472224535399,1.0000000000000013,0.0
49821,41.518191969866166,1.0,560,681,1241,0.0,0.0008333472224535399,1.0000000000000013,0.0
49822,41.51902531708862,1.0,560,681,1241,0.0,0.0008333472224535399,1.0000000000000013,0.0
49823,41.51985866431107,1.0,560,681,1241,0.0,0.0008333472224535399,1.0000000000000013,0.0
49824,41.52069201153353,1.0,560,681,1241,0.0,0.0008333472224535399,1.0000000000000013,0.0
49825,41.52152535875598,1.0,560,681,1241,0.0,0.0008333472224535399,1.0000000000000013,0.0
49826,41.522358705978434,1.0,560,681,1241,0.0,0.0008333472224535399,1.0000000000000013,0.0
49827,41.52319205320089,1.0,560,681,1241,0.0,0.0008333472224535399,1.0000000000000013,0.0
49828,41.52402540042334,1.0,560,681,1241,0.0,0.0008333472224535399,1.0000000000000013,0.0
49829,41.524858747645794,1.0,560,681,1241,0.0,0.0008333472224535399,1.0000000000000013,0.0
49830,41.52569209486825,1.0,560,681,1241,0.0,0.0008333472224535399,1.0000000000000013,0.0
49831,41.5265254420907,1.0,560,681,1241,0.0,0.0008333472224535399,1.0000000000000013,0.0
49832,41.527358789313155,1.0,560,681,1241,0.0,0.0008333472224535399,1.0000000000000013,0.0
49833,41.52819213653561,1.0,560,681,1241,0.0,0.0008333472224535399,1.0000000000000013,0.0
49834,41.52902548375806,1.0,560,681,1241,0.0,0.0008333472224535399,1.0000000000000013,0.0
49835,41.529858830980515,1.0,560,681,1241,0.0,0.0008333472224535399,1.0000000000000013,0.0
49836,41.53069217820297,1.0,560,681,1241,0.0,0.0008333472224535399,1.0000000000000013,0.0
49837,41.53152552542542,1.0,560,681,1241,0.0,0.0008333472224535399,1.0000000000000013,0.0
49838,41.532358872647876,1.0,560,681,1241,0.0,0.0008333472224535399,1.0000000000000013,0.0
49839,41.53319221987033,1.0,560,681,1241,0.0,0.0008333472224535399,1.0000000000000013,0.0
49840,41.53402556709278,1.0,560,681,1241,0.0,0.0008333472224535399,1.0000000000000013,0.0
49841,41.534858914315244,1.0,560,681,1241,0.0,0.0008333472224606453,1.0000000000000013,0.0
49842,41.5356922615377,1.0,560,681,1241,0.0,0.0008333472224535399,1.0000000000000013,0.0
49843,41.53652560876015,1.0,560,681,1241,0.0,0.0008333472224535399,1.0000000000000013,0.0
49844,41.537358955982604,1.0,560,681,1241,0.0,0.0008333472224535399,1.0000000000000013,0.0
49845,41.53819230320506,1.0,560,681,1241,0.0,0.0008333472224535399,1.0000000000000013,0.0
49846,41.53902565042751,1.0,560,681,1241,0.0,0.0008333472224535399,1.0000000000000013,0.0
49847,41.539858997649965,1.0,560,681,1241,0.0,0.0008333472224535399,1.0000000000000013,0.0
49848,41.54069234487242,1.0,560,681,1241,0.0,0.0008333472224535399,1.0000000000000013,0.0
49849,41.54152569209487,1.0,560,681,1241,0.0,0.0008333472224535399,1.0000000000000013,0.0
49850,41.542359039317326,1.0,560,681,1241,0.0,0.0008333472224535399,1.0000000000000013,0.0
49851,41.54319238653978,1.0,560,681,1241,0.0,0.0008333472224535399,1.0000000000000013,0.0
49852,41.54402573376223,1.0,560,681,1241,0.0,0.0008333472224535399,1.0000000000000013,0.0
49853,41.544859080984686,1.0,560,681,1241,0.0,0.0008333472224535399,1.0000000000000013,0.0
49854,41.54569242820714,1.0,560,681,1241,0.0,0.0008333472224535399,1.0000000000000013,0.0
49855,41.54652577542959,1.0,560,681,1241,0.0,0.0008333472224535399,1.0000000000000013,0.0
49856,41.54735912265205,1.0,560,681,1241,0.0,0.0008333472224535399,1.0000000000000013,0.0
49857,41.5481924698745,1.0,560,681,1241,0.0,0.0008333472224535399,1.0000000000000013,0.0
49858,41.549025817096954,1.0,560,681,1241,0.0,0.0008333472224535399,1.0000000000000013,0.0
49859,41.54985916431941,1.0,560,681,1241,0.0,0.0008333472224535399,1.0000000000000013,0.0
49860,41.55069251154186,1.0,560,681,1241,0.0,0.0008333472224535399,1.0000000000000013,0.0
49861,41.551525858764315,1.0,560,681,1241,0.0,0.0008333472224535399,1.0000000000000013,0.0
49862,41.55235920598677,1.0,560,681,1241,0.0,0.0008333472224535399,1.0000000000000013,0.0
49863,41.55319255320922,1.0,560,681,1241,0.0,0.0008333472224535399,1.0000000000000013,0.0
49864,41.554025900431675,1.0,560,681,1241,0.0,0.0008333472224535399,1.0000000000000013,0.0
49865,41.55485924765413,1.0,560,681,1241,0.0,0.0008333472224535399,1.0000000000000013,0.0
49866,41.55569259487658,1.0,560,681,1241,0.0,0.0008333472224535399,1.0000000000000013,0.0
49867,41.556525942099036,1.0,560,681,1241,0.0,0.0008333472224535399,1.0000000000000013,0.0
49868,41.55735928932149,1.0,560,681,1241,0.0,0.0008333472224535399,1.0000000000000013,0.0
49869,41.55819263654394,0.9991941982272361,560,681,1241,-0.0008058017727639033,0.0008333472224535399,0.999919419822725,-8.058017727639034e-05
49870,41.5590259837664,0.9991941982272361,560,681,1241,0.0,0.0008333472224535399,0.9998388396454487,-8.058017727639034e-05
49871,41.55985933098885,0.9991941982272361,560,681,1241,0.0,0.0008333472224535399,0.9997582594681724,-8.058017727639034e-05
49872,41.5606926782113,1.0,560,681,1241,0.0008058017727639033,0.0008333472224535399,0.9997582594681724,0.0
49873,41.56152602543376,1.0,560,681,1241,0.0,0.0008333472224535399,0.9997582594681724,0.0
49874,41.56235937265621,0.9991941982272361,560,681,1241,-0.0008058017727639033,0.0008333472224535399,0.999677679290896,-8.058017727639034e-05
49875,41.563192719878664,0.9983883964544722,560,681,1241,-0.0008058017727639033,0.0008333472224535399,0.9995165189363433,-0.00016116035455278067
49876,41.56402606710112,0.9983883964544722,560,681,1241,0.0,0.0008333472224535399,0.9993553585817907,-0.00016116035455278067
49877,41.56485941432357,0.9991941982272361,560,681,1241,0.0008058017727639033,0.0008333472224535399,0.9992747784045143,-8.058017727639034e-05
49878,41.565692761546025,0.9991941982272361,560,681,1241,0.0,0.0008333472224535399,0.999194198227238,-8.058017727639034e-05
49879,41.56652610876848,0.9991941982272361,560,681,1241,0.0,0.0008333472224535399,0.999194198227238,0.0
49880,41.56735945599093,1.0,560,681,1241,0.0008058017727639033,0.0008333472224535399,0.9992747784045143,8.058017727639034e-05
49881,41.568192803213385,1.0,560,681,1241,0.0,0.0008333472224535399,0.9993553585817907,8.058017727639034e-05
49882,41.56902615043584,1.0,560,681,1241,0.0,0.0008333472224535399,0.9993553585817907,0.0
49883,41.5698594976583,1.0,560,681,1241,0.0,0.0008333472224606453,0.9993553585817907,0.0
49884,41.57069284488075,1.0,560,681,1241,0.0,0.0008333472224535399,0.999435938759067,8.058017727639034e-05
49885,41.57152619210321,1.0,560,681,1241,0.0,0.0008333472224535399,0.9995970991136197,0.00016116035455278067
49886,41.57235953932566,1.0,560,681,1241,0.0,0.0008333472224535399,0.9997582594681724,0.00016116035455278067
49887,41.573192886548114,1.0,560,681,1241,0.0,0.0008333472224535399,0.9998388396454487,8.058017727639034e-05
49888,41.57402623377057,1.0,560,681,1241,0.0,0.0008333472224535399,0.999919419822725,8.058017727639034e-05
49889,41.57485958099302,1.0,560,681,1241,0.0,0.0008333472224535399,1.0000000000000013,8.058017727639034e-05
49890,41.575692928215474,1.0,560,681,1241,0.0,0.0008333472224535399,1.0000000000000013,0.0
49891,41.57652627543793,1.0,560,681,1241,0.0,0.0008333472224535399,1.0000000000000013,0.0
49892,41.57735962266038,1.0,560,681,1241,0.0,0.0008333472224535399,1.0000000000000013,0.0
49893,41.578192969882835,1.0,560,681,1241,0.0,0.0008333472224535399,1.0000000000000013,0.0
49894,41.57902631710529,1.0,560,681,1241,0.0,0.0008333472224535399,1.0000000000000013,0.0
49895,41.57985966432774,1.0,560,681,1241,0.0,0.0008333472224535399,1.0000000000000013,0.0
49896,41.580693011550196,1.0,560,681,1241,0.0,0.0008333472224535399,1.0000000000000013,0.0
49897,41.58152635877265,1.0,560,681,1241,0.0,0.0008333472224535399,1.0000000000000013,0.0
49898,41.5823597059951,1.0,560,681,1241,0.0,0.0008333472224535399,1.0000000000000013,0.0
49899,41.583193053217556,1.0,560,681,1241,0.0,0.0008333472224535399,1.0000000000000013,0.0
49900,41.58402640044001,1.0,560,681,1241,0.0,0.0008333472224535399,1.0000000000000013,0.0
49901,41.58485974766246,1.0,560,681,1241,0.0,0.0008333472224535399,1.0000000000000013,0.0
49902,41.58569309488492,1.0,560,681,1241,0.0,0.0008333472224535399,1.0000000000000013,0.0
49903,41.58652644210737,1.0,560,681,1241,0.0,0.0008333472224535399,1.0000000000000013,0.0
49904,41.587359789329824,1.0,560,681,1241,0.0,0.0008333472224535399,1.0000000000000013,0.0
49905,41.58819313655228,1.0,560,681,1241,0.0,0.0008333472224535399,1.0000000000000013,0.0
49906,41.58902648377473,1.0,560,681,1241,0.0,0.0008333472224535399,1.0000000000000013,0.0
49907,41.589859830997185,1.0,560,681,1241,0.0,0.0008333472224535399,1.0000000000000013,0.0
49908,41.59069317821964,1.0,560,681,1241,0.0,0.0008333472224535399,1.0000000000000013,0.0
49909,41.59152652544209,1.0,560,681,1241,0.0,0.0008333472224535399,1.0000000000000013,0.0
49910,41.592359872664545,1.0,560,681,1241,0.0,0.0008333472224535399,1.0000000000000013,0.0
49911,41.593193219887,1.0,560,681,1241,0.0,0.0008333472224535399,1.0000000000000013,0.0
49912,41.59402656710945,1.0,560,681,1241,0.0,0.0008333472224535399,1.0000000000000013,0.0
49913,41.594859914331906,1.0,560,681,1241,0.0,0.0008333472224535399,1.0000000000000013,0.0
49914,41.59569326155436,1.0,560,681,1241,0.0,0.0008333472224535399,1.0000000000000013,0.0
49915,41.59652660877681,1.0,560,681,1241,0.0,0.0008333472224535399,1.0000000000000013,0.0
49916,41.597359955999266,1.0,560,681,1241,0.0,0.0008333472224535399,1.0000000000000013,0.0
49917,41.59819330322172,1.0,560,681,1241,0.0,0.0008333472224535399,1.0000000000000013,0.0
49918,41.59902665044417,1.0,560,681,1241,0.0,0.0008333472224535399,1.0000000000000013,0.0
49919,41.59985999766663,1.0,560,681,1241,0.0,0.0008333472224535399,1.0000000000000013,0.0
49920,41.60069334488908,1.0,560,681,1241,0.0,0.0008333472224535399,1.0000000000000013,0.0
49921,41.601526692111534,1.0,560,681,1241,0.0,0.0008333472224535399,1.0000000000000013,0.0
49922,41.60236003933399,1.0,560,681,1241,0.0,0.0008333472224535399,1.0000000000000013,0.0
49923,41.60319338655644,1.0,560,681,1241,0.0,0.0008333472224535399,1.0000000000000013,0.0
49924,41.604026733778895,1.0,560,681,1241,0.0,0.0008333472224535399,1.0000000000000013,0.0
49925,41.60486008100135,1.0,560,681,1241,0.0,0.0008333472224535399,1.0000000000000013,0.0
49926,41.60569342822381,1.0,560,681,1241,0.0,0.0008333472224606453,1.0000000000000013,0.0
49927,41.60652677544626,1.0,560,681,1241,0.0,0.0008333472224535399,1.0000000000000013,0.0
49928,41.607360122668716,1.0,560,681,1241,0.0,0.0008333472224535399,1.0000000000000013,0.0
49929,41.60819346989117,1.0,560,681,1241,0.0,0.0008333472224535399,1.0000000000000013,0.0
49930,41.60902681711362,1.0,560,681,1241,0.0,0.0008333472224535399,1.0000000000000013,0.0
49931,41.60986016433608,1.0,560,681,1241,0.0,0.0008333472224535399,1.0000000000000013,0.0
49932,41.61069351155853,1.0,560,681,1241,0.0,0.0008333472224535399,1.0000000000000013,0.0
49933,41.611526858780984,1.0,560,681,1241,0.0,0.0008333472224535399,1.0000000000000013,0.0
49934,41.61236020600344,1.0,560,681,1241,0.0,0.0008333472224535399,1.0000000000000013,0.0
49935,41.61319355322589,0.9991941982272361,560,681,1241,-0.0008058017727639033,0.0008333472224535399,0.999919419822725,-8.058017727639034e-05
49936,41.614026900448344,0.9991941982272361,560,681,1241,0.0,0.0008333472224535399,0.9998388396454487,-8.058017727639034e-05
49937,41.6148602476708,0.9991941982272361,560,681,1241,0.0,0.0008333472224535399,0.9997582594681724,-8.058017727639034e-05
49938,41.61569359489325,0.9991941982272361,560,681,1241,0.0,0.0008333472224535399,0.999677679290896,-8.058017727639034e-05
49939,41.616526942115705,0.9991941982272361,560,681,1241,0.0,0.0008333472224535399,0.9995970991136197,-8.058017727639034e-05
49940,41.61736028933816,0.9991941982272361,560,681,1241,0.0,0.0008333472224535399,0.9995165189363433,-8.058017727639034e-05
49941,41.61819363656061,1.0,560,681,1241,0.0008058017727639033,0.0008333472224535399,0.9995165189363433,0.0
49942,41.619026983783066,0.9991941982272361,560,681,1241,-0.0008058017727639033,0.0008333472224535399,0.999435938759067,-8.058017727639034e-05
49943,41.61986033100552,0.9991941982272361,560,681,1241,0.0,0.0008333472224535399,0.9993553585817907,-8.058017727639034e-05
49944,41.62069367822797,0.9991941982272361,560,681,1241,0.0,0.0008333472224535399,0.9992747784045143,-8.058017727639034e-05
49945,41.621527025450426,0.9991941982272361,560,681,1241,0.0,0.0008333472224535399,0.9992747784045143,0.0
49946,41.62236037267288,0.9991941982272361,560,681,1241,0.0,0.0008333472224535399,0.9992747784045143,0.0
49947,41.62319371989533,1.0,560,681,1241,0.0008058017727639033,0.0008333472224535399,0.9993553585817907,8.058017727639034e-05
49948,41.62402706711779,1.0,560,681,1241,0.0,0.0008333472224535399,0.999435938759067,8.058017727639034e-05
49949,41.62486041434024,1.0,560,681,1241,0.0,0.0008333472224535399,0.9995165189363433,8.058017727639034e-05
49950,41.625693761562694,1.0,560,681,1241,0.0,0.0008333472224535399,0.9995970991136197,8.058017727639034e-05
49951,41.62652710878515,1.0,560,681,1241,0.0,0.0008333472224535399,0.9995970991136197,0.0
49952,41.6273604560076,1.0,560,681,1241,0.0,0.0008333472224535399,0.999677679290896,8.058017727639034e-05
49953,41.628193803230054,1.0,560,681,1241,0.0,0.0008333472224535399,0.9997582594681724,8.058017727639034e-05
49954,41.62902715045251,1.0,560,681,1241,0.0,0.0008333472224535399,0.9998388396454487,8.058017727639034e-05
49955,41.62986049767496,1.0,560,681,1241,0.0,0.0008333472224535399,0.999919419822725,8.058017727639034e-05
49956,41.630693844897415,1.0,560,681,1241,0.0,0.0008333472224535399,1.0000000000000013,8.058017727639034e-05
49957,41.63152719211987,0.9991941982272361,560,681,1241,-0.0008058017727639033,0.0008333472224535399,0.999919419822725,-8.058017727639034e-05
49958,41.63236053934232,0.9991941982272361,560,681,1241,0.0,0.0008333472224535399,0.9998388396454487,-8.058017727639034e-05
49959,41.633193886564776,0.9991941982272361,560,681,1241,0.0,0.0008333472224535399,0.9997582594681724,-8.058017727639034e-05
49960,41.63402723378723,0.9991941982272361,560,681,1241,0.0,0.0008333472224535399,0.999677679290896,-8.058017727639034e-05
49961,41.63486058100968,0.9991941982272361,560,681,1241,0.0,0.0008333472224535399,0.9995970991136197,-8.058017727639034e-05
49962,41.635693928232136,0.9991941982272361,560,681,1241,0.0,0.0008333472224535399,0.9995165189363433,-8.058017727639034e-05
49963,41.63652727545459,1.0,560,681,1241,0.0008058017727639033,0.0008333472224535399,0.9995165189363433,0.0
49964,41.63736062267704,1.0,560,681,1241,0.0,0.0008333472224535399,0.9995165189363433,0.0
49965,41.6381939698995,1.0,560,681,1241,0.0,0.0008333472224535399,0.9995165189363433,0.0
49966,41.63902731712195,1.0,560,681,1241,0.0,0.0008333472224535399,0.9995165189363433,0.0
49967,41.639860664344404,1.0,560,681,1241,0.0,0.0008333472224535399,0.9995970991136197,8.058017727639034e-05
49968,41.640694011566865,1.0,560,681,1241,0.0,0.0008333472224606453,0.999677679290896,8.058017727639034e-05
49969,41.64152735878932,1.0,560,681,1241,0.0,0.0008333472224535399,0.9997582594681724,8.058017727639034e-05
49970,41.64236070601177,1.0,560,681,1241,0.0,0.0008333472224535399,0.9998388396454487,8.058017727639034e-05
49971,41.643194053234225,1.0,560,681,1241,0.0,0.0008333472224535399,0.999919419822725,8.058017727639034e-05
49972,41.64402740045668,1.0,560,681,1241,0.0,0.0008333472224535399,1.0000000000000013,8.058017727639034e-05
49973,41.64486074767913,1.0,560,681,1241,0.0,0.0008333472224535399,1.0000000000000013,0.0
49974,41.645694094901586,0.9991941982272361,560,681,1241,-0.0008058017727639033,0.0008333472224535399,0.999919419822725,-8.058017727639034e-05
49975,41.64652744212404,1.0,560,681,1241,0.0008058017727639033,0.0008333472224535399,0.999919419822725,0.0
49976,41.64736078934649,1.0,560,681,1241,0.0,0.0008333472224535399,0.999919419822725,0.0
49977,41.64819413656895,1.0,560,681,1241,0.0,0.0008333472224535399,0.999919419822725,0.0
49978,41.6490274837914,1.0,560,681,1241,0.0,0.0008333472224535399,0.999919419822725,0.0
49979,41.649860831013854,1.0,560,681,1241,0.0,0.0008333472224535399,0.999919419822725,0.0
49980,41.65069417823631,1.0,560,681,1241,0.0,0.0008333472224535399,0.999919419822725,0.0
49981,41.65152752545876,1.0,560,681,1241,0.0,0.0008333472224535399,0.999919419822725,0.0
49982,41.652360872681214,1.0,560,681,1241,0.0,0.0008333472224535399,0.999919419822725,0.0
49983,41.65319421990367,1.0,560,681,1241,0.0,0.0008333472224535399,0.999919419822725,0.0
49984,41.65402756712612,1.0,560,681,1241,0.0,0.0008333472224535399,1.0000000000000013,8.058017727639034e-05
49985,41.654860914348575,1.0,560,681,1241,0.0,0.0008333472224535399,1.0000000000000013,0.0
49986,41.65569426157103,1.0,560,681,1241,0.0,0.0008333472224535399,1.0000000000000013,0.0
49987,41.65652760879348,1.0,560,681,1241,0.0,0.0008333472224535399,1.0000000000000013,0.0
49988,41.657360956015935,1.0,560,681,1241,0.0,0.0008333472224535399,1.0000000000000013,0.0
49989,41.65819430323839,1.0,560,681,1241,0.0,0.0008333472224535399,1.0000000000000013,0.0
49990,41.65902765046084,1.0,560,681,1241,0.0,0.0008333472224535399,1.0000000000000013,0.0
49991,41.659860997683296,1.0,560,681,1241,0.0,0.0008333472224535399,1.0000000000000013,0.0
49992,41.66069434490575,1.0,560,681,1241,0.0,0.0008333472224535399,1.0000000000000013,0.0
49993,41.6615276921282,1.0,560,681,1241,0.0,0.0008333472224535399,1.0000000000000013,0.0
49994,41.66236103935066,1.0,560,681,1241,0.0,0.0008333472224535399,1.0000000000000013,0.0
49995,41.66319438657311,1.0,560,681,1241,0.0,0.0008333472224535399,1.0000000000000013,0.0
49996,41.664027733795564,1.0,560,681,1241,0.0,0.0008333472224535399,1.0000000000000013,0.0
49997,41.66486108101802,1.0,560,681,1241,0.0,0.0008333472224535399,1.0000000000000013,0.0
49998,41.66569442824047,1.0,560,681,1241,0.0,0.0008333472224535399,1.0000000000000013,0.0
49999,41.666527775462924,1.0,560,681,1241,0.0,0.0008333472224535399,1.0000000000000013,0.0
50000,41.66736112268538,1.0,560,681,1241,0.0,0.0008333472224535399,1.0000000000000013,0.0
50001,41.66819446990783,1.0,560,681,1241,0.0,0.0008333472224535399,1.0000000000000013,0.0
50002,41.669027817130285,0.9991941982272361,560,681,1241,-0.0008058017727639033,0.0008333472224535399,0.999919419822725,-8.058017727639034e-05
50003,41.66986116435274,0.9991941982272361,560,681,1241,0.0,0.0008333472224535399,0.9998388396454487,-8.058017727639034e-05
50004,41.67069451157519,0.9991941982272361,560,681,1241,0.0,0.0008333472224535399,0.9997582594681724,-8.058017727639034e-05
50005,41.671527858797646,0.9991941982272361,560,681,1241,0.0,0.0008333472224535399,0.999677679290896,-8.058017727639034e-05
50006,41.6723612060201,0.9991941982272361,560,681,1241,0.0,0.0008333472224535399,0.9995970991136197,-8.058017727639034e-05
50007,41.67319455324255,1.0,560,681,1241,0.0008058017727639033,0.0008333472224535399,0.9995970991136197,0.0
50008,41.674027900465006,1.0,560,681,1241,0.0,0.0008333472224535399,0.9995970991136197,0.0
50009,41.67486124768746,1.0,560,681,1241,0.0,0.0008333472224535399,0.9995970991136197,0.0
50010,41.67569459490992,1.0,560,681,1241,0.0,0.0008333472224606453,0.9995970991136197,0.0
50011,41.676527942132374,1.0,560,681,1241,0.0,0.0008333472224535399,0.9995970991136197,0.0
50012,41.67736128935483,1.0,560,681,1241,0.0,0.0008333472224535399,0.999677679290896,8.058017727639034e-05
50013,41.67819463657728,1.0,560,681,1241,0.0,0.0008333472224535399,0.9997582594681724,8.058017727639034e-05
50014,41.679027983799735,1.0,560,681,1241,0.0,0.0008333472224535399,0.9998388396454487,8.058017727639034e-05
50015,41.67986133102219,1.0,560,681,1241,0.0,0.0008333472224535399,0.999919419822725,8.058017727639034e-05
50016,41.68069467824464,1.0,560,681,1241,0.0,0.0008333472224535399,1.0000000000000013,8.058017727639034e-05
50017,41.681528025467095,1.0,560,681,1241,0.0,0.0008333472224535399,1.0000000000000013,0.0
50018,41.68236137268955,1.0,560,681,1241,0.0,0.0008333472224535399,1.0000000000000013,0.0
50019,41.683194719912,1.0,560,681,1241,0.0,0.0008333472224535399,1.0000000000000013,0.0
50020,41.684028067134456,1.0,560,681,1241,0.0,0.0008333472224535399,1.0000000000000013,0.0
50021,41.68486141435691,1.0,560,681,1241,0.0,0.0008333472224535399,1.0000000000000013,0.0
50022,41.68569476157936,1.0,560,681,1241,0.0,0.0008333472224535399,1.0000000000000013,0.0
50023,41.68652810880182,1.0,560,681,1241,0.0,0.0008333472224535399,1.0000000000000013,0.0
50024,41.68736145602427,1.0,560,681,1241,0.0,0.0008333472224535399,1.0000000000000013,0.0
50025,41.68819480324672,1.0,560,681,1241,0.0,0.0008333472224535399,1.0000000000000013,0.0
50026,41.68902815046918,1.0,560,681,1241,0.0,0.0008333472224535399,1.0000000000000013,0.0
50027,41.68986149769163,1.0,560,681,1241,0.0,0.0008333472224535399,1.0000000000000013,0.0
50028,41.690694844914084,1.0,560,681,1241,0.0,0.0008333472224535399,1.0000000000000013,0.0
50029,41.69152819213654,1.0,560,681,1241,0.0,0.0008333472224535399,1.0000000000000013,0.0
50030,41.69236153935899,1.0,560,681,1241,0.0,0.0008333472224535399,1.0000000000000013,0.0
50031,41.693194886581445,1.0,560,681,1241,0.0,0.0008333472224535399,1.0000000000000013,0.0
50032,41.6940282338039,1.0,560,681,1241,0.0,0.0008333472224535399,1.0000000000000013,0.0
50033,41.69486158102635,1.0,560,681,1241,0.0,0.0008333472224535399,1.0000000000000013,0.0
50034,41.695694928248805,1.0,560,681,1241,0.0,0.0008333472224535399,1.0000000000000013,0.0
50035,41.69652827547126,1.0,560,681,1241,0.0,0.0008333472224535399,1.0000000000000013,0.0
50036,41.69736162269371,1.0,560,681,1241,0.0,0.0008333472224535399,1.0000000000000013,0.0
50037,41.698194969916166,1.0,560,681,1241,0.0,0.0008333472224535399,1.0000000000000013,0.0
50038,41.69902831713862,1.0,560,681,1241,0.0,0.0008333472224535399,1.0000000000000013,0.0
50039,41.69986166436107,1.0,560,681,1241,0.0,0.0008333472224535399,1.0000000000000013,0.0
50040,41.70069501158353,1.0,560,681,1241,0.0,0.0008333472224535399,1.0000000000000013,0.0
50041,41.70152835880598,1.0,560,681,1241,0.0,0.0008333472224535399,1.0000000000000013,0.0
50042,41.702361706028434,1.0,560,681,1241,0.0,0.0008333472224535399,1.0000000000000013,0.0
50043,41.70319505325089,1.0,560,681,1241,0.0,0.0008333472224535399,1.0000000000000013,0.0
50044,41.70402840047334,1.0,560,681,1241,0.0,0.0008333472224535399,1.0000000000000013,0.0
50045,41.704861747695794,1.0,560,681,1241,0.0,0.0008333472224535399,1.0000000000000013,0.0
50046,41.70569509491825,1.0,560,681,1241,0.0,0.0008333472224535399,1.0000000000000013,0.0
50047,41.7065284421407,1.0,560,681,1241,0.0,0.0008333472224535399,1.0000000000000013,0.0
50048,41.707361789363155,1.0,560,681,1241,0.0,0.0008333472224535399,1.0000000000000013,0.0
50049,41.70819513658561,1.0,560,681,1241,0.0,0.0008333472224535399,1.0000000000000013,0.0
50050,41.70902848380806,1.0,560,681,1241,0.0,0.0008333472224535399,1.0000000000000013,0.0
50051,41.709861831030516,1.0,560,681,1241,0.0,0.0008333472224535399,1.0000000000000013,0.0
50052,41.71069517825297,1.0,560,681,1241,0.0,0.0008333472224535399,1.0000000000000013,0.0
50053,41.71152852547543,1.0,560,681,1241,0.0,0.0008333472224606453,1.0000000000000013,0.0
50054,41.71236187269788,1.0,560,681,1241,0.0,0.0008333472224535399,1.0000000000000013,0.0
50055,41.71319521992034,1.0,560,681,1241,0.0,0.0008333472224535399,1.0000000000000013,0.0
50056,41.71402856714279,1.0,560,681,1241,0.0,0.0008333472224535399,1.0000000000000013,0.0
50057,41.714861914365244,1.0,560,681,1241,0.0,0.0008333472224535399,1.0000000000000013,0.0
50058,41.7156952615877,1.0,560,681,1241,0.0,0.0008333472224535399,1.0000000000000013,0.0
50059,41.71652860881015,1.0,560,681,1241,0.0,0.0008333472224535399,1.0000000000000013,0.0
50060,41.717361956032605,1.0,560,681,1241,0.0,0.0008333472224535399,1.0000000000000013,0.0
50061,41.71819530325506,1.0,560,681,1241,0.0,0.0008333472224535399,1.0000000000000013,0.0
50062,41.71902865047751,1.0,560,681,1241,0.0,0.0008333472224535399,1.0000000000000013,0.0
50063,41.719861997699965,1.0,560,681,1241,0.0,0.0008333472224535399,1.0000000000000013,0.0
50064,41.72069534492242,1.0,560,681,1241,0.0,0.0008333472224535399,1.0000000000000013,0.0
50065,41.72152869214487,1.0,560,681,1241,0.0,0.0008333472224535399,1.0000000000000013,0.0
50066,41.722362039367326,1.0,560,681,1241,0.0,0.0008333472224535399,1.0000000000000013,0.0
50067,41.72319538658978,1.0,560,681,1241,0.0,0.0008333472224535399,1.0000000000000013,0.0
50068,41.72402873381223,1.0,560,681,1241,0.0,0.0008333472224535399,1.0000000000000013,0.0
50069,41.724862081034686,1.0,560,681,1241,0.0,0.0008333472224535399,1.0000000000000013,0.0
50070,41.72569542825714,1.0,560,681,1241,0.0,0.0008333472224535399,1.0000000000000013,0.0
50071,41.72652877547959,1.0,560,681,1241,0.0,0.0008333472224535399,1.0000000000000013,0.0
50072,41.72736212270205,1.0,560,681,1241,0.0,0.0008333472224535399,1.0000000000000013,0.0
50073,41.7281954699245,1.0,560,681,1241,0.0,0.0008333472224535399,1.0000000000000013,0.0
50074,41.729028817146954,1.0,560,681,1241,0.0,0.0008333472224535399,1.0000000000000013,0.0
50075,41.72986216436941,1.0,560,681,1241,0.0,0.0008333472224535399,1.0000000000000013,0.0
50076,41.73069551159186,1.0,560,681,1241,0.0,0.0008333472224535399,1.0000000000000013,0.0
50077,41.731528858814315,1.0,560,681,1241,0.0,0.0008333472224535399,1.0000000000000013,0.0
50078,41.73236220603677,1.0,560,681,1241,0.0,0.0008333472224535399,1.0000000000000013,0.0
50079,41.73319555325922,1.0,560,681,1241,0.0,0.0008333472224535399,1.0000000000000013,0.0
50080,41.734028900481675,0.9991941982272361,560,681,1241,-0.0008058017727639033,0.0008333472224535399,0.999919419822725,-8.058017727639034e-05
50081,41.73486224770413,0.9991941982272361,560,681,1241,0.0,0.0008333472224535399,0.9998388396454487,-8.058017727639034e-05
50082,41.73569559492658,0.9991941982272361,560,681,1241,0.0,0.0008333472224535399,0.9997582594681724,-8.058017727639034e-05
50083,41.736528942149036,0.9991941982272361,560,681,1241,0.0,0.0008333472224535399,0.999677679290896,-8.058017727639034e-05
50084,41.73736228937149,0.9991941982272361,560,681,1241,0.0,0.0008333472224535399,0.9995970991136197,-8.058017727639034e-05
50085,41.73819563659394,0.9991941982272361,560,681,1241,0.0,0.0008333472224535399,0.9995165189363433,-8.058017727639034e-05
50086,41.7390289838164,1.0,560,681,1241,0.0008058017727639033,0.0008333472224535399,0.9995165189363433,0.0
50087,41.73986233103885,1.0,560,681,1241,0.0,0.0008333472224535399,0.9995165189363433,0.0
50088,41.740695678261304,0.9991941982272361,560,681,1241,-0.0008058017727639033,0.0008333472224535399,0.999435938759067,-8.058017727639034e-05
50089,41.74152902548376,0.9991941982272361,560,681,1241,0.0,0.0008333472224535399,0.9993553585817907,-8.058017727639034e-05
50090,41.74236237270621,0.9991941982272361,560,681,1241,0.0,0.0008333472224535399,0.9993553585817907,0.0
50091,41.743195719928664,0.9991941982272361,560,681,1241,0.0,0.0008333472224535399,0.9993553585817907,0.0
50092,41.74402906715112,0.9991941982272361,560,681,1241,0.0,0.0008333472224535399,0.9993553585817907,0.0
50093,41.74486241437357,0.9991941982272361,560,681,1241,0.0,0.0008333472224535399,0.9993553585817907,0.0
50094,41.745695761596025,0.9991941982272361,560,681,1241,0.0,0.0008333472224535399,0.9993553585817907,0.0
50095,41.746529108818486,0.9983883964544722,560,681,1241,-0.0008058017727639033,0.0008333472224606453,0.9992747784045143,-8.058017727639034e-05
50096,41.74736245604094,0.9991941982272361,560,681,1241,0.0008058017727639033,0.0008333472224535399,0.999194198227238,-8.058017727639034e-05
50097,41.74819580326339,0.9991941982272361,560,681,1241,0.0,0.0008333472224535399,0.9991136180499616,-8.058017727639034e-05
50098,41.749029150485846,0.9991941982272361,560,681,1241,0.0,0.0008333472224535399,0.9991136180499616,0.0
50099,41.7498624977083,1.0,560,681,1241,0.0008058017727639033,0.0008333472224535399,0.999194198227238,8.058017727639034e-05
50100,41.75069584493075,1.0,560,681,1241,0.0,0.0008333472224535399,0.9992747784045143,8.058017727639034e-05
50101,41.75152919215321,1.0,560,681,1241,0.0,0.0008333472224535399,0.9993553585817907,8.058017727639034e-05
50102,41.75236253937566,1.0,560,681,1241,0.0,0.0008333472224535399,0.999435938759067,8.058017727639034e-05
50103,41.753195886598114,1.0,560,681,1241,0.0,0.0008333472224535399,0.9995165189363433,8.058017727639034e-05
50104,41.75402923382057,1.0,560,681,1241,0.0,0.0008333472224535399,0.9995970991136197,8.058017727639034e-05
50105,41.75486258104302,1.0,560,681,1241,0.0,0.0008333472224535399,0.9997582594681724,0.00016116035455278067
50106,41.755695928265474,1.0,560,681,1241,0.0,0.0008333472224535399,0.9998388396454487,8.058017727639034e-05
50107,41.75652927548793,1.0,560,681,1241,0.0,0.0008333472224535399,0.999919419822725,8.058017727639034e-05
50108,41.75736262271038,1.0,560,681,1241,0.0,0.0008333472224535399,1.0000000000000013,8.058017727639034e-05
50109,41.758195969932835,1.0,560,681,1241,0.0,0.0008333472224535399,1.0000000000000013,0.0
50110,41.75902931715529,1.0,560,681,1241,0.0,0.0008333472224535399,1.0000000000000013,0.0
50111,41.75986266437774,1.0,560,681,1241,0.0,0.0008333472224535399,1.0000000000000013,0.0
50112,41.760696011600196,1.0,560,681,1241,0.0,0.0008333472224535399,1.0000000000000013,0.0
50113,41.76152935882265,1.0,560,681,1241,0.0,0.0008333472224535399,1.0000000000000013,0.0
50114,41.7623627060451,1.0,560,681,1241,0.0,0.0008333472224535399,1.0000000000000013,0.0
50115,41.763196053267556,1.0,560,681,1241,0.0,0.0008333472224535399,1.0000000000000013,0.0
50116,41.76402940049001,1.0,560,681,1241,0.0,0.0008333472224535399,1.0000000000000013,0.0
50117,41.76486274771246,1.0,560,681,1241,0.0,0.0008333472224535399,1.0000000000000013,0.0
50118,41.76569609493492,1.0,560,681,1241,0.0,0.0008333472224535399,1.0000000000000013,0.0
50119,41.76652944215737,1.0,560,681,1241,0.0,0.0008333472224535399,1.0000000000000013,0.0
50120,41.767362789379824,1.0,560,681,1241,0.0,0.0008333472224535399,1.0000000000000013,0.0
50121,41.76819613660228,1.0,560,681,1241,0.0,0.0008333472224535399,1.0000000000000013,0.0
50122,41.76902948382473,1.0,560,681,1241,0.0,0.0008333472224535399,1.0000000000000013,0.0
50123,41.769862831047185,1.0,560,681,1241,0.0,0.0008333472224535399,1.0000000000000013,0.0
50124,41.77069617826964,1.0,560,681,1241,0.0,0.0008333472224535399,1.0000000000000013,0.0
50125,41.77152952549209,1.0,560,681,1241,0.0,0.0008333472224535399,1.0000000000000013,0.0
50126,41.772362872714545,1.0,560,681,1241,0.0,0.0008333472224535399,1.0000000000000013,0.0
50127,41.773196219937,1.0,560,681,1241,0.0,0.0008333472224535399,1.0000000000000013,0.0
50128,41.77402956715945,1.0,560,681,1241,0.0,0.0008333472224535399,1.0000000000000013,0.0
50129,41.774862914381906,1.0,560,681,1241,0.0,0.0008333472224535399,1.0000000000000013,0.0
50130,41.77569626160436,1.0,560,681,1241,0.0,0.0008333472224535399,1.0000000000000013,0.0
50131,41.77652960882681,1.0,560,681,1241,0.0,0.0008333472224535399,1.0000000000000013,0.0
50132,41.77736295604927,0.9991941982272361,560,681,1241,-0.0008058017727639033,0.0008333472224535399,0.999919419822725,-8.058017727639034e-05
50133,41.77819630327172,0.9991941982272361,560,681,1241,0.0,0.0008333472224535399,0.9998388396454487,-8.058017727639034e-05
50134,41.779029650494174,0.9991941982272361,560,681,1241,0.0,0.0008333472224535399,0.9997582594681724,-8.058017727639034e-05
50135,41.77986299771663,1.0,560,681,1241,0.0008058017727639033,0.0008333472224535399,0.9997582594681724,0.0
50136,41.78069634493908,1.0,560,681,1241,0.0,0.0008333472224535399,0.9997582594681724,0.0
50137,41.78152969216154,1.0,560,681,1241,0.0,0.0008333472224606453,0.9997582594681724,0.0
50138,41.782363039383995,1.0,560,681,1241,0.0,0.0008333472224535399,0.9997582594681724,0.0
50139,41.78319638660645,1.0,560,681,1241,0.0,0.0008333472224535399,0.9997582594681724,0.0
50140,41.7840297338289,1.0,560,681,1241,0.0,0.0008333472224535399,0.9997582594681724,0.0
50141,41.784863081051355,1.0,560,681,1241,0.0,0.0008333472224535399,0.9997582594681724,0.0
50142,41.78569642827381,1.0,560,681,1241,0.0,0.0008333472224535399,0.9998388396454487,8.058017727639034e-05
50143,41.78652977549626,1.0,560,681,1241,0.0,0.0008333472224535399,0.999919419822725,8.058017727639034e-05
50144,41.787363122718716,1.0,560,681,1241,0.0,0.0008333472224535399,1.0000000000000013,8.058017727639034e-05
50145,41.78819646994117,1.0,560,681,1241,0.0,0.0008333472224535399,1.0000000000000013,0.0
50146,41.78902981716362,1.0,560,681,1241,0.0,0.0008333472224535399,1.0000000000000013,0.0
50147,41.78986316438608,1.0,560,681,1241,0.0,0.0008333472224535399,1.0000000000000013,0.0
50148,41.79069651160853,1.0,560,681,1241,0.0,0.0008333472224535399,1.0000000000000013,0.0
50149,41.791529858830984,1.0,560,681,1241,0.0,0.0008333472224535399,1.0000000000000013,0.0
50150,41.79236320605344,0.9991941982272361,560,681,1241,-0.0008058017727639033,0.0008333472224535399,0.999919419822725,-8.058017727639034e-05
50151,41.79319655327589,0.9991941982272361,560,681,1241,0.0,0.0008333472224535399,0.9998388396454487,-8.058017727639034e-05
50152,41.794029900498344,0.9991941982272361,560,681,1241,0.0,0.0008333472224535399,0.9997582594681724,-8.058017727639034e-05
50153,41.7948632477208,1.0,560,681,1241,0.0008058017727639033,0.0008333472224535399,0.9997582594681724,0.0
50154,41.79569659494325,1.0,560,681,1241,0.0,0.0008333472224535399,0.9997582594681724,0.0
50155,41.796529942165705,1.0,560,681,1241,0.0,0.0008333472224535399,0.9997582594681724,0.0
50156,41.79736328938816,1.0,560,681,1241,0.0,0.0008333472224535399,0.9997582594681724,0.0
50157,41.79819663661061,1.0,560,681,1241,0.0,0.0008333472224535399,0.9997582594681724,0.0
50158,41.799029983833066,1.0,560,681,1241,0.0,0.0008333472224535399,0.9997582594681724,0.0
50159,41.79986333105552,0.9991941982272361,560,681,1241,-0.0008058017727639033,0.0008333472224535399,0.999677679290896,-8.058017727639034e-05
50160,41.80069667827797,0.9991941982272361,560,681,1241,0.0,0.0008333472224535399,0.999677679290896,0.0
50161,41.801530025500426,0.9991941982272361,560,681,1241,0.0,0.0008333472224535399,0.999677679290896,0.0
50162,41.80236337272288,1.0,560,681,1241,0.0008058017727639033,0.0008333472224535399,0.9997582594681724,8.058017727639034e-05
50163,41.80319671994533,1.0,560,681,1241,0.0,0.0008333472224535399,0.9997582594681724,0.0
50164,41.80403006716779,1.0,560,681,1241,0.0,0.0008333472224535399,0.9997582594681724,0.0
50165,41.80486341439024,1.0,560,681,1241,0.0,0.0008333472224535399,0.9997582594681724,0.0
50166,41.805696761612694,1.0,560,681,1241,0.0,0.0008333472224535399,0.9997582594681724,0.0
50167,41.80653010883515,1.0,560,681,1241,0.0,0.0008333472224535399,0.9997582594681724,0.0
50168,41.8073634560576,1.0,560,681,1241,0.0,0.0008333472224535399,0.9997582594681724,0.0
50169,41.808196803280055,1.0,560,681,1241,0.0,0.0008333472224535399,0.9998388396454487,8.058017727639034e-05
50170,41.80903015050251,1.0,560,681,1241,0.0,0.0008333472224535399,0.999919419822725,8.058017727639034e-05
50171,41.80986349772496,1.0,560,681,1241,0.0,0.0008333472224535399,1.0000000000000013,8.058017727639034e-05
50172,41.810696844947415,1.0,560,681,1241,0.0,0.0008333472224535399,1.0000000000000013,0.0
50173,41.81153019216987,1.0,560,681,1241,0.0,0.0008333472224535399,1.0000000000000013,0.0
50174,41.81236353939232,1.0,560,681,1241,0.0,0.0008333472224535399,1.0000000000000013,0.0
50175,41.813196886614776,1.0,560,681,1241,0.0,0.0008333472224535399,1.0000000000000013,0.0
50176,41.81403023383723,1.0,560,681,1241,0.0,0.0008333472224535399,1.0000000000000013,0.0
50177,41.81486358105968,1.0,560,681,1241,0.0,0.0008333472224535399,1.0000000000000013,0.0
50178,41.81569692828214,1.0,560,681,1241,0.0,0.0008333472224535399,1.0000000000000013,0.0
50179,41.81653027550459,1.0,560,681,1241,0.0,0.0008333472224535399,1.0000000000000013,0.0
50180,41.81736362272705,1.0,560,681,1241,0.0,0.0008333472224606453,1.0000000000000013,0.0
50181,41.818196969949504,1.0,560,681,1241,0.0,0.0008333472224535399,1.0000000000000013,0.0
50182,41.81903031717196,1.0,560,681,1241,0.0,0.0008333472224535399,1.0000000000000013,0.0
50183,41.81986366439441,1.0,560,681,1241,0.0,0.0008333472224535399,1.0000000000000013,0.0
50184,41.820697011616865,1.0,560,681,1241,0.0,0.0008333472224535399,1.0000000000000013,0.0
50185,41.82153035883932,1.0,560,681,1241,0.0,0.0008333472224535399,1.0000000000000013,0.0
50186,41.82236370606177,1.0,560,681,1241,0.0,0.0008333472224535399,1.0000000000000013,0.0
50187,41.823197053284225,1.0,560,681,1241,0.0,0.0008333472224535399,1.0000000000000013,0.0
50188,41.82403040050668,1.0,560,681,1241,0.0,0.0008333472224535399,1.0000000000000013,0.0
50189,41.82486374772913,1.0,560,681,1241,0.0,0.0008333472224535399,1.0000000000000013,0.0
50190,41.825697094951586,1.0,560,681,1241,0.0,0.0008333472224535399,1.0000000000000013,0.0
50191,41.82653044217404,1.0,560,681,1241,0.0,0.0008333472224535399,1.0000000000000013,0.0
50192,41.82736378939649,1.0,560,681,1241,0.0,0.0008333472224535399,1.0000000000000013,0.0
50193,41.82819713661895,1.0,560,681,1241,0.0,0.0008333472224535399,1.0000000000000013,0.0
50194,41.8290304838414,1.0,560,681,1241,0.0,0.0008333472224535399,1.0000000000000013,0.0
50195,41.829863831063854,0.9991941982272361,560,681,1241,-0.0008058017727639033,0.0008333472224535399,0.999919419822725,-8.058017727639034e-05
50196,41.83069717828631,0.9991941982272361,560,681,1241,0.0,0.0008333472224535399,0.9998388396454487,-8.058017727639034e-05
50197,41.83153052550876,1.0,560,681,1241,0.0008058017727639033,0.0008333472224535399,0.9998388396454487,0.0
50198,41.832363872731214,1.0,560,681,1241,0.0,0.0008333472224535399,0.9998388396454487,0.0
50199,41.83319721995367,1.0,560,681,1241,0.0,0.0008333472224535399,0.9998388396454487,0.0
50200,41.83403056717612,0.9991941982272361,560,681,1241,-0.0008058017727639033,0.0008333472224535399,0.9997582594681724,-8.058017727639034e-05
50201,41.834863914398575,0.9983883964544722,560,681,1241,-0.0008058017727639033,0.0008333472224535399,0.9995970991136197,-0.00016116035455278067
50202,41.83569726162103,0.9983883964544722,560,681,1241,0.0,0.0008333472224535399,0.999435938759067,-0.00016116035455278067
50203,41.83653060884348,0.9991941982272361,560,681,1241,0.0008058017727639033,0.0008333472224535399,0.9993553585817907,-8.058017727639034e-05
50204,41.837363956065936,1.0,560,681,1241,0.0008058017727639033,0.0008333472224535399,0.9993553585817907,0.0
50205,41.83819730328839,1.0,560,681,1241,0.0,0.0008333472224535399,0.999435938759067,8.058017727639034e-05
50206,41.83903065051084,1.0,560,681,1241,0.0,0.0008333472224535399,0.9995165189363433,8.058017727639034e-05
50207,41.839863997733296,1.0,560,681,1241,0.0,0.0008333472224535399,0.9995165189363433,0.0
50208,41.84069734495575,1.0,560,681,1241,0.0,0.0008333472224535399,0.9995165189363433,0.0
50209,41.8415306921782,1.0,560,681,1241,0.0,0.0008333472224535399,0.9995165189363433,0.0
50210,41.84236403940066,1.0,560,681,1241,0.0,0.0008333472224535399,0.9995970991136197,8.058017727639034e-05
50211,41.84319738662311,1.0,560,681,1241,0.0,0.0008333472224535399,0.9997582594681724,0.00016116035455278067
50212,41.844030733845564,1.0,560,681,1241,0.0,0.0008333472224535399,0.999919419822725,0.00016116035455278067
50213,41.84486408106802,1.0,560,681,1241,0.0,0.0008333472224535399,1.0000000000000013,8.058017727639034e-05
50214,41.84569742829047,1.0,560,681,1241,0.0,0.0008333472224535399,1.0000000000000013,0.0
50215,41.846530775512925,1.0,560,681,1241,0.0,0.0008333472224535399,1.0000000000000013,0.0
50216,41.84736412273538,1.0,560,681,1241,0.0,0.0008333472224535399,1.0000000000000013,0.0
50217,41.84819746995783,1.0,560,681,1241,0.0,0.0008333472224535399,1.0000000000000013,0.0
50218,41.849030817180285,1.0,560,681,1241,0.0,0.0008333472224535399,1.0000000000000013,0.0
50219,41.84986416440274,0.9991941982272361,560,681,1241,-0.0008058017727639033,0.0008333472224535399,0.999919419822725,-8.058017727639034e-05
50220,41.85069751162519,0.9991941982272361,560,681,1241,0.0,0.0008333472224535399,0.9998388396454487,-8.058017727639034e-05
50221,41.851530858847646,0.9991941982272361,560,681,1241,0.0,0.0008333472224535399,0.9997582594681724,-8.058017727639034e-05
50222,41.852364206070106,0.9991941982272361,560,681,1241,0.0,0.0008333472224606453,0.999677679290896,-8.058017727639034e-05
50223,41.85319755329256,0.9991941982272361,560,681,1241,0.0,0.0008333472224535399,0.9995970991136197,-8.058017727639034e-05
50224,41.85403090051501,0.9991941982272361,560,681,1241,0.0,0.0008333472224535399,0.9995165189363433,-8.058017727639034e-05
50225,41.85486424773747,0.9991941982272361,560,681,1241,0.0,0.0008333472224535399,0.999435938759067,-8.058017727639034e-05
50226,41.85569759495992,0.9991941982272361,560,681,1241,0.0,0.0008333472224535399,0.9993553585817907,-8.058017727639034e-05
50227,41.856530942182374,0.9991941982272361,560,681,1241,0.0,0.0008333472224535399,0.9992747784045143,-8.058017727639034e-05
50228,41.85736428940483,0.9991941982272361,560,681,1241,0.0,0.0008333472224535399,0.999194198227238,-8.058017727639034e-05
50229,41.85819763662728,0.9991941982272361,560,681,1241,0.0,0.0008333472224535399,0.999194198227238,0.0
50230,41.859030983849735,1.0,560,681,1241,0.0008058017727639033,0.0008333472224535399,0.9992747784045143,8.058017727639034e-05
50231,41.85986433107219,1.0,560,681,1241,0.0,0.0008333472224535399,0.9993553585817907,8.058017727639034e-05
50232,41.86069767829464,1.0,560,681,1241,0.0,0.0008333472224535399,0.999435938759067,8.058017727639034e-05
50233,41.861531025517095,1.0,560,681,1241,0.0,0.0008333472224535399,0.9995165189363433,8.058017727639034e-05
50234,41.86236437273955,1.0,560,681,1241,0.0,0.0008333472224535399,0.9995970991136197,8.058017727639034e-05
50235,41.863197719962,1.0,560,681,1241,0.0,0.0008333472224535399,0.999677679290896,8.058017727639034e-05
50236,41.864031067184456,1.0,560,681,1241,0.0,0.0008333472224535399,0.9997582594681724,8.058017727639034e-05
50237,41.86486441440691,1.0,560,681,1241,0.0,0.0008333472224535399,0.9998388396454487,8.058017727639034e-05
50238,41.86569776162936,1.0,560,681,1241,0.0,0.0008333472224535399,0.999919419822725,8.058017727639034e-05
50239,41.86653110885182,1.0,560,681,1241,0.0,0.0008333472224535399,1.0000000000000013,8.058017727639034e-05
50240,41.86736445607427,1.0,560,681,1241,0.0,0.0008333472224535399,1.0000000000000013,0.0
50241,41.868197803296724,1.0,560,681,1241,0.0,0.0008333472224535399,1.0000000000000013,0.0
50242,41.86903115051918,1.0,560,681,1241,0.0,0.0008333472224535399,1.0000000000000013,0.0
50243,41.86986449774163,1.0,560,681,1241,0.0,0.0008333472224535399,1.0000000000000013,0.0
50244,41.870697844964084,1.0,560,681,1241,0.0,0.0008333472224535399,1.0000000000000013,0.0
50245,41.87153119218654,1.0,560,681,1241,0.0,0.0008333472224535399,1.0000000000000013,0.0
50246,41.87236453940899,1.0,560,681,1241,0.0,0.0008333472224535399,1.0000000000000013,0.0
50247,41.873197886631445,0.9991941982272361,560,681,1241,-0.0008058017727639033,0.0008333472224535399,0.999919419822725,-8.058017727639034e-05
50248,41.8740312338539,0.9991941982272361,560,681,1241,0.0,0.0008333472224535399,0.9998388396454487,-8.058017727639034e-05
50249,41.87486458107635,0.9991941982272361,560,681,1241,0.0,0.0008333472224535399,0.9997582594681724,-8.058017727639034e-05
50250,41.875697928298806,0.9991941982272361,560,681,1241,0.0,0.0008333472224535399,0.999677679290896,-8.058017727639034e-05
50251,41.87653127552126,1.0,560,681,1241,0.0008058017727639033,0.0008333472224535399,0.999677679290896,0.0
50252,41.87736462274371,1.0,560,681,1241,0.0,0.0008333472224535399,0.999677679290896,0.0
50253,41.878197969966166,1.0,560,681,1241,0.0,0.0008333472224535399,0.999677679290896,0.0
50254,41.87903131718862,1.0,560,681,1241,0.0,0.0008333472224535399,0.999677679290896,0.0
50255,41.87986466441107,1.0,560,681,1241,0.0,0.0008333472224535399,0.999677679290896,0.0
50256,41.88069801163353,1.0,560,681,1241,0.0,0.0008333472224535399,0.999677679290896,0.0
50257,41.88153135885598,0.9991941982272361,560,681,1241,-0.0008058017727639033,0.0008333472224535399,0.999677679290896,0.0
50258,41.882364706078434,1.0,560,681,1241,0.0008058017727639033,0.0008333472224535399,0.9997582594681724,8.058017727639034e-05
50259,41.88319805330089,1.0,560,681,1241,0.0,0.0008333472224535399,0.9998388396454487,8.058017727639034e-05
50260,41.88403140052334,1.0,560,681,1241,0.0,0.0008333472224535399,0.999919419822725,8.058017727639034e-05
50261,41.884864747745794,0.9991941982272361,560,681,1241,-0.0008058017727639033,0.0008333472224535399,0.9998388396454487,-8.058017727639034e-05
50262,41.88569809496825,0.9991941982272361,560,681,1241,0.0,0.0008333472224535399,0.9997582594681724,-8.058017727639034e-05
50263,41.8865314421907,0.9991941982272361,560,681,1241,0.0,0.0008333472224535399,0.999677679290896,-8.058017727639034e-05
50264,41.887364789413155,0.9991941982272361,560,681,1241,0.0,0.0008333472224535399,0.9995970991136197,-8.058017727639034e-05
50265,41.888198136635616,1.0,560,681,1241,0.0008058017727639033,0.0008333472224606453,0.9995970991136197,0.0
50266,41.88903148385807,1.0,560,681,1241,0.0,0.0008333472224535399,0.9995970991136197,0.0
50267,41.88986483108052,1.0,560,681,1241,0.0,0.0008333472224535399,0.999677679290896,8.058017727639034e-05
50268,41.890698178302976,1.0,560,681,1241,0.0,0.0008333472224535399,0.999677679290896,0.0
50269,41.89153152552543,1.0,560,681,1241,0.0,0.0008333472224535399,0.999677679290896,0.0
50270,41.89236487274788,1.0,560,681,1241,0.0,0.0008333472224535399,0.999677679290896,0.0
50271,41.89319821997034,1.0,560,681,1241,0.0,0.0008333472224535399,0.9997582594681724,8.058017727639034e-05
50272,41.89403156719279,1.0,560,681,1241,0.0,0.0008333472224535399,0.9998388396454487,8.058017727639034e-05
50273,41.894864914415244,1.0,560,681,1241,0.0,0.0008333472224535399,0.999919419822725,8.058017727639034e-05
50274,41.8956982616377,1.0,560,681,1241,0.0,0.0008333472224535399,1.0000000000000013,8.058017727639034e-05
50275,41.89653160886015,1.0,560,681,1241,0.0,0.0008333472224535399,1.0000000000000013,0.0
50276,41.897364956082605,1.0,560,681,1241,0.0,0.0008333472224535399,1.0000000000000013,0.0
50277,41.89819830330506,1.0,560,681,1241,0.0,0.0008333472224535399,1.0000000000000013,0.0
50278,41.89903165052751,1.0,560,681,1241,0.0,0.0008333472224535399,1.0000000000000013,0.0
50279,41.899864997749965,1.0,560,681,1241,0.0,0.0008333472224535399,1.0000000000000013,0.0
50280,41.90069834497242,1.0,560,681,1241,0.0,0.0008333472224535399,1.0000000000000013,0.0
50281,41.90153169219487,1.0,560,681,1241,0.0,0.0008333472224535399,1.0000000000000013,0.0
50282,41.902365039417326,1.0,560,681,1241,0.0,0.0008333472224535399,1.0000000000000013,0.0
50283,41.90319838663978,1.0,560,681,1241,0.0,0.0008333472224535399,1.0000000000000013,0.0
50284,41.90403173386223,1.0,560,681,1241,0.0,0.0008333472224535399,1.0000000000000013,0.0
50285,41.90486508108469,1.0,560,681,1241,0.0,0.0008333472224535399,1.0000000000000013,0.0
50286,41.90569842830714,1.0,560,681,1241,0.0,0.0008333472224535399,1.0000000000000013,0.0
50287,41.906531775529594,1.0,560,681,1241,0.0,0.0008333472224535399,1.0000000000000013,0.0
50288,41.90736512275205,1.0,560,681,1241,0.0,0.0008333472224535399,1.0000000000000013,0.0
50289,41.9081984699745,1.0,560,681,1241,0.0,0.0008333472224535399,1.0000000000000013,0.0
50290,41.909031817196954,1.0,560,681,1241,0.0,0.0008333472224535399,1.0000000000000013,0.0
50291,41.90986516441941,1.0,560,681,1241,0.0,0.0008333472224535399,1.0000000000000013,0.0
50292,41.91069851164186,1.0,560,681,1241,0.0,0.0008333472224535399,1.0000000000000013,0.0
50293,41.911531858864315,1.0,560,681,1241,0.0,0.0008333472224535399,1.0000000000000013,0.0
50294,41.91236520608677,1.0,560,681,1241,0.0,0.0008333472224535399,1.0000000000000013,0.0
50295,41.91319855330922,1.0,560,681,1241,0.0,0.0008333472224535399,1.0000000000000013,0.0
50296,41.914031900531675,1.0,560,681,1241,0.0,0.0008333472224535399,1.0000000000000013,0.0
50297,41.91486524775413,1.0,560,681,1241,0.0,0.0008333472224535399,1.0000000000000013,0.0
50298,41.91569859497658,1.0,560,681,1241,0.0,0.0008333472224535399,1.0000000000000013,0.0
50299,41.916531942199036,1.0,560,681,1241,0.0,0.0008333472224535399,1.0000000000000013,0.0
50300,41.91736528942149,1.0,560,681,1241,0.0,0.0008333472224535399,1.0000000000000013,0.0
50301,41.91819863664394,1.0,560,681,1241,0.0,0.0008333472224535399,1.0000000000000013,0.0
50302,41.9190319838664,1.0,560,681,1241,0.0,0.0008333472224535399,1.0000000000000013,0.0
50303,41.91986533108885,1.0,560,681,1241,0.0,0.0008333472224535399,1.0000000000000013,0.0
50304,41.920698678311304,1.0,560,681,1241,0.0,0.0008333472224535399,1.0000000000000013,0.0
50305,41.92153202553376,1.0,560,681,1241,0.0,0.0008333472224535399,1.0000000000000013,0.0
50306,41.92236537275621,1.0,560,681,1241,0.0,0.0008333472224535399,1.0000000000000013,0.0
50307,41.92319871997867,1.0,560,681,1241,0.0,0.0008333472224606453,1.0000000000000013,0.0
50308,41.924032067201125,1.0,560,681,1241,0.0,0.0008333472224535399,1.0000000000000013,0.0
50309,41.92486541442358,1.0,560,681,1241,0.0,0.0008333472224535399,1.0000000000000013,0.0
50310,41.92569876164603,1.0,560,681,1241,0.0,0.0008333472224535399,1.0000000000000013,0.0
50311,41.926532108868486,1.0,560,681,1241,0.0,0.0008333472224535399,1.0000000000000013,0.0
50312,41.92736545609094,1.0,560,681,1241,0.0,0.0008333472224535399,1.0000000000000013,0.0
50313,41.92819880331339,1.0,560,681,1241,0.0,0.0008333472224535399,1.0000000000000013,0.0
50314,41.929032150535846,1.0,560,681,1241,0.0,0.0008333472224535399,1.0000000000000013,0.0
50315,41.9298654977583,1.0,560,681,1241,0.0,0.0008333472224535399,1.0000000000000013,0.0
50316,41.93069884498075,1.0,560,681,1241,0.0,0.0008333472224535399,1.0000000000000013,0.0
50317,41.93153219220321,1.0,560,681,1241,0.0,0.0008333472224535399,1.0000000000000013,0.0
50318,41.93236553942566,1.0,560,681,1241,0.0,0.0008333472224535399,1.0000000000000013,0.0
50319,41.933198886648114,1.0,560,681,1241,0.0,0.0008333472224535399,1.0000000000000013,0.0
50320,41.93403223387057,1.0,560,681,1241,0.0,0.0008333472224535399,1.0000000000000013,0.0
50321,41.93486558109302,1.0,560,681,1241,0.0,0.0008333472224535399,1.0000000000000013,0.0
50322,41.935698928315475,1.0,560,681,1241,0.0,0.0008333472224535399,1.0000000000000013,0.0
50323,41.93653227553793,1.0,560,681,1241,0.0,0.0008333472224535399,1.0000000000000013,0.0
50324,41.93736562276038,1.0,560,681,1241,0.0,0.0008333472224535399,1.0000000000000013,0.0
50325,41.938198969982835,1.0,560,681,1241,0.0,0.0008333472224535399,1.0000000000000013,0.0
50326,41.93903231720529,1.0,560,681,1241,0.0,0.0008333472224535399,1.0000000000000013,0.0
50327,41.93986566442774,1.0,560,681,1241,0.0,0.0008333472224535399,1.0000000000000013,0.0
50328,41.940699011650196,1.0,560,681,1241,0.0,0.0008333472224535399,1.0000000000000013,0.0
50329,41.94153235887265,1.0,560,681,1241,0.0,0.0008333472224535399,1.0000000000000013,0.0
50330,41.9423657060951,1.0,560,681,1241,0.0,0.0008333472224535399,1.0000000000000013,0.0
50331,41.94319905331756,1.0,560,681,1241,0.0,0.0008333472224535399,1.0000000000000013,0.0
50332,41.94403240054001,1.0,560,681,1241,0.0,0.0008333472224535399,1.0000000000000013,0.0
50333,41.944865747762464,1.0,560,681,1241,0.0,0.0008333472224535399,1.0000000000000013,0.0
50334,41.94569909498492,1.0,560,681,1241,0.0,0.0008333472224535399,1.0000000000000013,0.0
50335,41.94653244220737,1.0,560,681,1241,0.0,0.0008333472224535399,1.0000000000000013,0.0
50336,41.947365789429824,0.9991941982272361,560,681,1241,-0.0008058017727639033,0.0008333472224535399,0.999919419822725,-8.058017727639034e-05
50337,41.94819913665228,0.9983883964544722,560,681,1241,-0.0008058017727639033,0.0008333472224535399,0.9997582594681724,-0.00016116035455278067
50338,41.94903248387473,0.9991941982272361,560,681,1241,0.0008058017727639033,0.0008333472224535399,0.999677679290896,-8.058017727639034e-05
50339,41.949865831097185,0.9991941982272361,560,681,1241,0.0,0.0008333472224535399,0.9995970991136197,-8.058017727639034e-05
50340,41.95069917831964,1.0,560,681,1241,0.0008058017727639033,0.0008333472224535399,0.9995970991136197,0.0
50341,41.95153252554209,1.0,560,681,1241,0.0,0.0008333472224535399,0.9995970991136197,0.0
50342,41.952365872764545,1.0,560,681,1241,0.0,0.0008333472224535399,0.9995970991136197,0.0
50343,41.953199219987,1.0,560,681,1241,0.0,0.0008333472224535399,0.9995970991136197,0.0
50344,41.95403256720945,1.0,560,681,1241,0.0,0.0008333472224535399,0.9995970991136197,0.0
50345,41.954865914431906,1.0,560,681,1241,0.0,0.0008333472224535399,0.9995970991136197,0.0
50346,41.95569926165436,1.0,560,681,1241,0.0,0.0008333472224535399,0.999677679290896,8.058017727639034e-05
50347,41.95653260887681,1.0,560,681,1241,0.0,0.0008333472224535399,0.9998388396454487,0.00016116035455278067
50348,41.95736595609927,1.0,560,681,1241,0.0,0.0008333472224535399,0.999919419822725,8.058017727639034e-05
50349,41.95819930332173,1.0,560,681,1241,0.0,0.0008333472224606453,1.0000000000000013,8.058017727639034e-05
50350,41.95903265054418,1.0,560,681,1241,0.0,0.0008333472224535399,1.0000000000000013,0.0
50351,41.959865997766634,1.0,560,681,1241,0.0,0.0008333472224535399,1.0000000000000013,0.0
50352,41.96069934498909,1.0,560,681,1241,0.0,0.0008333472224535399,1.0000000000000013,0.0
50353,41.96153269221154,1.0,560,681,1241,0.0,0.0008333472224535399,1.0000000000000013,0.0
50354,41.962366039433995,1.0,560,681,1241,0.0,0.0008333472224535399,1.0000000000000013,0.0
50355,41.96319938665645,1.0,560,681,1241,0.0,0.0008333472224535399,1.0000000000000013,0.0
50356,41.9640327338789,1.0,560,681,1241,0.0,0.0008333472224535399,1.0000000000000013,0.0
50357,41.964866081101356,1.0,560,681,1241,0.0,0.0008333472224535399,1.0000000000000013,0.0
50358,41.96569942832381,1.0,560,681,1241,0.0,0.0008333472224535399,1.0000000000000013,0.0
50359,41.96653277554626,1.0,560,681,1241,0.0,0.0008333472224535399,1.0000000000000013,0.0
50360,41.967366122768716,1.0,560,681,1241,0.0,0.0008333472224535399,1.0000000000000013,0.0
50361,41.96819946999117,0.9991941982272361,560,681,1241,-0.0008058017727639033,0.0008333472224535399,0.999919419822725,-8.058017727639034e-05
50362,41.96903281721362,0.9991941982272361,560,681,1241,0.0,0.0008333472224535399,0.9998388396454487,-8.058017727639034e-05
50363,41.96986616443608,1.0,560,681,1241,0.0008058017727639033,0.0008333472224535399,0.9998388396454487,0.0
50364,41.97069951165853,1.0,560,681,1241,0.0,0.0008333472224535399,0.9998388396454487,0.0
50365,41.971532858880984,1.0,560,681,1241,0.0,0.0008333472224535399,0.9998388396454487,0.0
50366,41.97236620610344,1.0,560,681,1241,0.0,0.0008333472224535399,0.9998388396454487,0.0
50367,41.97319955332589,1.0,560,681,1241,0.0,0.0008333472224535399,0.9998388396454487,0.0
50368,41.974032900548345,1.0,560,681,1241,0.0,0.0008333472224535399,0.9998388396454487,0.0
50369,41.9748662477708,1.0,560,681,1241,0.0,0.0008333472224535399,0.9998388396454487,0.0
50370,41.97569959499325,1.0,560,681,1241,0.0,0.0008333472224535399,0.9998388396454487,0.0
50371,41.976532942215705,1.0,560,681,1241,0.0,0.0008333472224535399,0.999919419822725,8.058017727639034e-05
50372,41.97736628943816,1.0,560,681,1241,0.0,0.0008333472224535399,1.0000000000000013,8.058017727639034e-05
50373,41.97819963666061,1.0,560,681,1241,0.0,0.0008333472224535399,1.0000000000000013,0.0
50374,41.979032983883066,1.0,560,681,1241,0.0,0.0008333472224535399,1.0000000000000013,0.0
50375,41.97986633110552,1.0,560,681,1241,0.0,0.0008333472224535399,1.0000000000000013,0.0
50376,41.98069967832797,1.0,560,681,1241,0.0,0.0008333472224535399,1.0000000000000013,0.0
50377,41.981533025550426,1.0,560,681,1241,0.0,0.0008333472224535399,1.0000000000000013,0.0
50378,41.98236637277288,1.0,560,681,1241,0.0,0.0008333472224535399,1.0000000000000013,0.0
50379,41.98319971999533,1.0,560,681,1241,0.0,0.0008333472224535399,1.0000000000000013,0.0
50380,41.98403306721779,1.0,560,681,1241,0.0,0.0008333472224535399,1.0000000000000013,0.0
50381,41.98486641444024,1.0,560,681,1241,0.0,0.0008333472224535399,1.0000000000000013,0.0
50382,41.985699761662694,1.0,560,681,1241,0.0,0.0008333472224535399,1.0000000000000013,0.0
50383,41.98653310888515,1.0,560,681,1241,0.0,0.0008333472224535399,1.0000000000000013,0.0
50384,41.9873664561076,1.0,560,681,1241,0.0,0.0008333472224535399,1.0000000000000013,0.0
50385,41.988199803330055,1.0,560,681,1241,0.0,0.0008333472224535399,1.0000000000000013,0.0
50386,41.98903315055251,1.0,560,681,1241,0.0,0.0008333472224535399,1.0000000000000013,0.0
50387,41.98986649777496,1.0,560,681,1241,0.0,0.0008333472224535399,1.0000000000000013,0.0
50388,41.990699844997415,1.0,560,681,1241,0.0,0.0008333472224535399,1.0000000000000013,0.0
50389,41.99153319221987,1.0,560,681,1241,0.0,0.0008333472224535399,1.0000000000000013,0.0
50390,41.99236653944232,0.9991941982272361,560,681,1241,-0.0008058017727639033,0.0008333472224535399,0.999919419822725,-8.058017727639034e-05
50391,41.993199886664776,0.9991941982272361,560,681,1241,0.0,0.0008333472224535399,0.9998388396454487,-8.058017727639034e-05
50392,41.99403323388724,0.9991941982272361,560,681,1241,0.0,0.0008333472224606453,0.9997582594681724,-8.058017727639034e-05
50393,41.99486658110969,1.0,560,681,1241,0.0008058017727639033,0.0008333472224535399,0.9997582594681724,0.0
50394,41.995699928332144,1.0,560,681,1241,0.0,0.0008333472224535399,0.9997582594681724,0.0
50395,41.9965332755546,0.9991941982272361,560,681,1241,-0.0008058017727639033,0.0008333472224535399,0.999677679290896,-8.058017727639034e-05
50396,41.99736662277705,1.0,560,681,1241,0.0008058017727639033,0.0008333472224535399,0.999677679290896,0.0
50397,41.998199969999504,1.0,560,681,1241,0.0,0.0008333472224535399,0.999677679290896,0.0
50398,41.99903331722196,1.0,560,681,1241,0.0,0.0008333472224535399,0.999677679290896,0.0
50399,41.99986666444441,1.0,560,681,1241,0.0,0.0008333472224535399,0.999677679290896,0.0
50400,42.000700011666865,1.0,560,681,1241,0.0,0.0008333472224535399,0.9997582594681724,8.058017727639034e-05
50401,42.00153335888932,1.0,560,681,1241,0.0,0.0008333472224535399,0.9998388396454487,8.058017727639034e-05
50402,42.00236670611177,1.0,560,681,1241,0.0,0.0008333472224535399,0.999919419822725,8.058017727639034e-05
50403,42.003200053334226,1.0,560,681,1241,0.0,0.0008333472224535399,0.999919419822725,0.0
50404,42.00403340055668,1.0,560,681,1241,0.0,0.0008333472224535399,0.999919419822725,0.0
50405,42.00486674777913,1.0,560,681,1241,0.0,0.0008333472224535399,1.0000000000000013,8.058017727639034e-05
50406,42.005700095001586,1.0,560,681,1241,0.0,0.0008333472224535399,1.0000000000000013,0.0
50407,42.00653344222404,1.0,560,681,1241,0.0,0.0008333472224535399,1.0000000000000013,0.0
50408,42.00736678944649,1.0,560,681,1241,0.0,0.0008333472224535399,1.0000000000000013,0.0
50409,42.00820013666895,1.0,560,681,1241,0.0,0.0008333472224535399,1.0000000000000013,0.0
50410,42.0090334838914,1.0,560,681,1241,0.0,0.0008333472224535399,1.0000000000000013,0.0
50411,42.009866831113854,1.0,560,681,1241,0.0,0.0008333472224535399,1.0000000000000013,0.0
50412,42.01070017833631,0.9991941982272361,560,681,1241,-0.0008058017727639033,0.0008333472224535399,0.999919419822725,-8.058017727639034e-05
50413,42.01153352555876,1.0,560,681,1241,0.0008058017727639033,0.0008333472224535399,0.999919419822725,0.0
50414,42.012366872781215,1.0,560,681,1241,0.0,0.0008333472224535399,0.999919419822725,0.0
50415,42.01320022000367,1.0,560,681,1241,0.0,0.0008333472224535399,0.999919419822725,0.0
50416,42.01403356722612,1.0,560,681,1241,0.0,0.0008333472224535399,0.999919419822725,0.0
50417,42.014866914448575,1.0,560,681,1241,0.0,0.0008333472224535399,0.999919419822725,0.0
50418,42.01570026167103,1.0,560,681,1241,0.0,0.0008333472224535399,0.999919419822725,0.0
50419,42.01653360889348,1.0,560,681,1241,0.0,0.0008333472224535399,0.999919419822725,0.0
50420,42.017366956115936,1.0,560,681,1241,0.0,0.0008333472224535399,0.999919419822725,0.0
50421,42.01820030333839,1.0,560,681,1241,0.0,0.0008333472224535399,0.999919419822725,0.0
50422,42.01903365056084,1.0,560,681,1241,0.0,0.0008333472224535399,1.0000000000000013,8.058017727639034e-05
50423,42.019866997783296,1.0,560,681,1241,0.0,0.0008333472224535399,1.0000000000000013,0.0
50424,42.02070034500575,1.0,560,681,1241,0.0,0.0008333472224535399,1.0000000000000013,0.0
50425,42.0215336922282,1.0,560,681,1241,0.0,0.0008333472224535399,1.0000000000000013,0.0
50426,42.02236703945066,1.0,560,681,1241,0.0,0.0008333472224535399,1.0000000000000013,0.0
50427,42.02320038667311,1.0,560,681,1241,0.0,0.0008333472224535399,1.0000000000000013,0.0
50428,42.024033733895564,1.0,560,681,1241,0.0,0.0008333472224535399,1.0000000000000013,0.0
50429,42.02486708111802,1.0,560,681,1241,0.0,0.0008333472224535399,1.0000000000000013,0.0
50430,42.02570042834047,1.0,560,681,1241,0.0,0.0008333472224535399,1.0000000000000013,0.0
50431,42.026533775562925,1.0,560,681,1241,0.0,0.0008333472224535399,1.0000000000000013,0.0
50432,42.02736712278538,1.0,560,681,1241,0.0,0.0008333472224535399,1.0000000000000013,0.0
50433,42.02820047000783,1.0,560,681,1241,0.0,0.0008333472224535399,1.0000000000000013,0.0
50434,42.02903381723029,1.0,560,681,1241,0.0,0.0008333472224606453,1.0000000000000013,0.0
50435,42.029867164452746,1.0,560,681,1241,0.0,0.0008333472224535399,1.0000000000000013,0.0
50436,42.0307005116752,1.0,560,681,1241,0.0,0.0008333472224535399,1.0000000000000013,0.0
50437,42.03153385889765,1.0,560,681,1241,0.0,0.0008333472224535399,1.0000000000000013,0.0
50438,42.03236720612011,1.0,560,681,1241,0.0,0.0008333472224535399,1.0000000000000013,0.0
50439,42.03320055334256,1.0,560,681,1241,0.0,0.0008333472224535399,1.0000000000000013,0.0
50440,42.034033900565014,1.0,560,681,1241,0.0,0.0008333472224535399,1.0000000000000013,0.0
50441,42.03486724778747,1.0,560,681,1241,0.0,0.0008333472224535399,1.0000000000000013,0.0
50442,42.03570059500992,1.0,560,681,1241,0.0,0.0008333472224535399,1.0000000000000013,0.0
50443,42.036533942232374,1.0,560,681,1241,0.0,0.0008333472224535399,1.0000000000000013,0.0
50444,42.03736728945483,1.0,560,681,1241,0.0,0.0008333472224535399,1.0000000000000013,0.0
50445,42.03820063667728,1.0,560,681,1241,0.0,0.0008333472224535399,1.0000000000000013,0.0
50446,42.039033983899735,1.0,560,681,1241,0.0,0.0008333472224535399,1.0000000000000013,0.0
50447,42.03986733112219,1.0,560,681,1241,0.0,0.0008333472224535399,1.0000000000000013,0.0
50448,42.04070067834464,1.0,560,681,1241,0.0,0.0008333472224535399,1.0000000000000013,0.0
50449,42.041534025567096,1.0,560,681,1241,0.0,0.0008333472224535399,1.0000000000000013,0.0
50450,42.04236737278955,1.0,560,681,1241,0.0,0.0008333472224535399,1.0000000000000013,0.0
50451,42.043200720012,1.0,560,681,1241,0.0,0.0008333472224535399,1.0000000000000013,0.0
50452,42.044034067234456,0.9991941982272361,560,681,1241,-0.0008058017727639033,0.0008333472224535399,0.999919419822725,-8.058017727639034e-05
50453,42.04486741445691,1.0,560,681,1241,0.0008058017727639033,0.0008333472224535399,0.999919419822725,0.0
50454,42.04570076167936,1.0,560,681,1241,0.0,0.0008333472224535399,0.999919419822725,0.0
50455,42.04653410890182,1.0,560,681,1241,0.0,0.0008333472224535399,0.999919419822725,0.0
50456,42.04736745612427,1.0,560,681,1241,0.0,0.0008333472224535399,0.999919419822725,0.0
50457,42.048200803346724,1.0,560,681,1241,0.0,0.0008333472224535399,0.999919419822725,0.0
50458,42.04903415056918,1.0,560,681,1241,0.0,0.0008333472224535399,0.999919419822725,0.0
50459,42.04986749779163,1.0,560,681,1241,0.0,0.0008333472224535399,0.999919419822725,0.0
50460,42.050700845014084,1.0,560,681,1241,0.0,0.0008333472224535399,0.999919419822725,0.0
50461,42.05153419223654,1.0,560,681,1241,0.0,0.0008333472224535399,0.999919419822725,0.0
50462,42.05236753945899,1.0,560,681,1241,0.0,0.0008333472224535399,1.0000000000000013,8.058017727639034e-05
50463,42.053200886681445,1.0,560,681,1241,0.0,0.0008333472224535399,1.0000000000000013,0.0
50464,42.0540342339039,1.0,560,681,1241,0.0,0.0008333472224535399,1.0000000000000013,0.0
50465,42.05486758112635,1.0,560,681,1241,0.0,0.0008333472224535399,1.0000000000000013,0.0
50466,42.055700928348806,1.0,560,681,1241,0.0,0.0008333472224535399,1.0000000000000013,0.0
50467,42.05653427557126,1.0,560,681,1241,0.0,0.0008333472224535399,1.0000000000000013,0.0
50468,42.05736762279371,1.0,560,681,1241,0.0,0.0008333472224535399,1.0000000000000013,0.0
50469,42.058200970016166,1.0,560,681,1241,0.0,0.0008333472224535399,1.0000000000000013,0.0
50470,42.05903431723862,1.0,560,681,1241,0.0,0.0008333472224535399,1.0000000000000013,0.0
50471,42.05986766446107,1.0,560,681,1241,0.0,0.0008333472224535399,1.0000000000000013,0.0
50472,42.06070101168353,1.0,560,681,1241,0.0,0.0008333472224535399,1.0000000000000013,0.0
50473,42.06153435890598,1.0,560,681,1241,0.0,0.0008333472224535399,1.0000000000000013,0.0
50474,42.062367706128434,1.0,560,681,1241,0.0,0.0008333472224535399,1.0000000000000013,0.0
50475,42.06320105335089,1.0,560,681,1241,0.0,0.0008333472224535399,1.0000000000000013,0.0
50476,42.06403440057335,1.0,560,681,1241,0.0,0.0008333472224606453,1.0000000000000013,0.0
50477,42.0648677477958,1.0,560,681,1241,0.0,0.0008333472224535399,1.0000000000000013,0.0
50478,42.065701095018255,1.0,560,681,1241,0.0,0.0008333472224535399,1.0000000000000013,0.0
50479,42.06653444224071,1.0,560,681,1241,0.0,0.0008333472224535399,1.0000000000000013,0.0
50480,42.06736778946316,1.0,560,681,1241,0.0,0.0008333472224535399,1.0000000000000013,0.0
50481,42.068201136685616,1.0,560,681,1241,0.0,0.0008333472224535399,1.0000000000000013,0.0
50482,42.06903448390807,0.9991941982272361,560,681,1241,-0.0008058017727639033,0.0008333472224535399,0.999919419822725,-8.058017727639034e-05
50483,42.06986783113052,1.0,560,681,1241,0.0008058017727639033,0.0008333472224535399,0.999919419822725,0.0
50484,42.07070117835298,1.0,560,681,1241,0.0,0.0008333472224535399,0.999919419822725,0.0
50485,42.07153452557543,1.0,560,681,1241,0.0,0.0008333472224535399,0.999919419822725,0.0
50486,42.072367872797884,0.9991941982272361,560,681,1241,-0.0008058017727639033,0.0008333472224535399,0.9998388396454487,-8.058017727639034e-05
50487,42.07320122002034,1.0,560,681,1241,0.0008058017727639033,0.0008333472224535399,0.9998388396454487,0.0
50488,42.07403456724279,1.0,560,681,1241,0.0,0.0008333472224535399,0.9998388396454487,0.0
50489,42.074867914465244,1.0,560,681,1241,0.0,0.0008333472224535399,0.9998388396454487,0.0
50490,42.0757012616877,1.0,560,681,1241,0.0,0.0008333472224535399,0.9998388396454487,0.0
50491,42.07653460891015,1.0,560,681,1241,0.0,0.0008333472224535399,0.9998388396454487,0.0
50492,42.077367956132605,0.9991941982272361,560,681,1241,-0.0008058017727639033,0.0008333472224535399,0.9998388396454487,0.0
50493,42.07820130335506,0.9991941982272361,560,681,1241,0.0,0.0008333472224535399,0.9997582594681724,-8.058017727639034e-05
50494,42.07903465057751,1.0,560,681,1241,0.0008058017727639033,0.0008333472224535399,0.9997582594681724,0.0
50495,42.079867997799965,1.0,560,681,1241,0.0,0.0008333472224535399,0.9997582594681724,0.0
50496,42.08070134502242,1.0,560,681,1241,0.0,0.0008333472224535399,0.9998388396454487,8.058017727639034e-05
50497,42.08153469224487,1.0,560,681,1241,0.0,0.0008333472224535399,0.9998388396454487,0.0
50498,42.082368039467326,1.0,560,681,1241,0.0,0.0008333472224535399,0.9998388396454487,0.0
50499,42.08320138668978,0.9991941982272361,560,681,1241,-0.0008058017727639033,0.0008333472224535399,0.9997582594681724,-8.058017727639034e-05
50500,42.08403473391223,0.9991941982272361,560,681,1241,0.0,0.0008333472224535399,0.999677679290896,-8.058017727639034e-05
50501,42.08486808113469,0.9991941982272361,560,681,1241,0.0,0.0008333472224535399,0.9995970991136197,-8.058017727639034e-05
50502,42.08570142835714,0.9991941982272361,560,681,1241,0.0,0.0008333472224535399,0.9995970991136197,0.0
50503,42.086534775579594,1.0,560,681,1241,0.0008058017727639033,0.0008333472224535399,0.999677679290896,8.058017727639034e-05
50504,42.08736812280205,1.0,560,681,1241,0.0,0.0008333472224535399,0.999677679290896,0.0
50505,42.0882014700245,1.0,560,681,1241,0.0,0.0008333472224535399,0.999677679290896,0.0
50506,42.089034817246954,1.0,560,681,1241,0.0,0.0008333472224535399,0.999677679290896,0.0
50507,42.08986816446941,1.0,560,681,1241,0.0,0.0008333472224535399,0.999677679290896,0.0
50508,42.09070151169186,1.0,560,681,1241,0.0,0.0008333472224535399,0.999677679290896,0.0
50509,42.091534858914315,1.0,560,681,1241,0.0,0.0008333472224535399,0.9997582594681724,8.058017727639034e-05
50510,42.09236820613677,1.0,560,681,1241,0.0,0.0008333472224535399,0.9998388396454487,8.058017727639034e-05
50511,42.09320155335922,1.0,560,681,1241,0.0,0.0008333472224535399,0.999919419822725,8.058017727639034e-05
50512,42.094034900581676,1.0,560,681,1241,0.0,0.0008333472224535399,1.0000000000000013,8.058017727639034e-05
50513,42.09486824780413,1.0,560,681,1241,0.0,0.0008333472224535399,1.0000000000000013,0.0
50514,42.09570159502658,1.0,560,681,1241,0.0,0.0008333472224535399,1.0000000000000013,0.0
50515,42.096534942249036,1.0,560,681,1241,0.0,0.0008333472224535399,1.0000000000000013,0.0
50516,42.09736828947149,1.0,560,681,1241,0.0,0.0008333472224535399,1.0000000000000013,0.0
50517,42.09820163669394,1.0,560,681,1241,0.0,0.0008333472224535399,1.0000000000000013,0.0
50518,42.0990349839164,1.0,560,681,1241,0.0,0.0008333472224535399,1.0000000000000013,0.0
50519,42.09986833113886,1.0,560,681,1241,0.0,0.0008333472224606453,1.0000000000000013,0.0
50520,42.10070167836131,1.0,560,681,1241,0.0,0.0008333472224535399,1.0000000000000013,0.0
50521,42.101535025583765,1.0,560,681,1241,0.0,0.0008333472224535399,1.0000000000000013,0.0
50522,42.10236837280622,1.0,560,681,1241,0.0,0.0008333472224535399,1.0000000000000013,0.0
50523,42.10320172002867,1.0,560,681,1241,0.0,0.0008333472224535399,1.0000000000000013,0.0
50524,42.104035067251125,1.0,560,681,1241,0.0,0.0008333472224535399,1.0000000000000013,0.0
50525,42.10486841447358,1.0,560,681,1241,0.0,0.0008333472224535399,1.0000000000000013,0.0
50526,42.10570176169603,1.0,560,681,1241,0.0,0.0008333472224535399,1.0000000000000013,0.0
50527,42.106535108918486,1.0,560,681,1241,0.0,0.0008333472224535399,1.0000000000000013,0.0
50528,42.10736845614094,1.0,560,681,1241,0.0,0.0008333472224535399,1.0000000000000013,0.0
50529,42.10820180336339,1.0,560,681,1241,0.0,0.0008333472224535399,1.0000000000000013,0.0
50530,42.10903515058585,1.0,560,681,1241,0.0,0.0008333472224535399,1.0000000000000013,0.0
50531,42.1098684978083,1.0,560,681,1241,0.0,0.0008333472224535399,1.0000000000000013,0.0
50532,42.11070184503075,1.0,560,681,1241,0.0,0.0008333472224535399,1.0000000000000013,0.0
50533,42.11153519225321,1.0,560,681,1241,0.0,0.0008333472224535399,1.0000000000000013,0.0
50534,42.11236853947566,1.0,560,681,1241,0.0,0.0008333472224535399,1.0000000000000013,0.0
50535,42.113201886698114,1.0,560,681,1241,0.0,0.0008333472224535399,1.0000000000000013,0.0
50536,42.11403523392057,1.0,560,681,1241,0.0,0.0008333472224535399,1.0000000000000013,0.0
50537,42.11486858114302,1.0,560,681,1241,0.0,0.0008333472224535399,1.0000000000000013,0.0
50538,42.115701928365475,1.0,560,681,1241,0.0,0.0008333472224535399,1.0000000000000013,0.0
50539,42.11653527558793,1.0,560,681,1241,0.0,0.0008333472224535399,1.0000000000000013,0.0
50540,42.11736862281038,1.0,560,681,1241,0.0,0.0008333472224535399,1.0000000000000013,0.0
50541,42.118201970032835,1.0,560,681,1241,0.0,0.0008333472224535399,1.0000000000000013,0.0
50542,42.11903531725529,1.0,560,681,1241,0.0,0.0008333472224535399,1.0000000000000013,0.0
50543,42.11986866447774,1.0,560,681,1241,0.0,0.0008333472224535399,1.0000000000000013,0.0
50544,42.120702011700196,1.0,560,681,1241,0.0,0.0008333472224535399,1.0000000000000013,0.0
50545,42.12153535892265,1.0,560,681,1241,0.0,0.0008333472224535399,1.0000000000000013,0.0
50546,42.1223687061451,1.0,560,681,1241,0.0,0.0008333472224535399,1.0000000000000013,0.0
50547,42.12320205336756,1.0,560,681,1241,0.0,0.0008333472224535399,1.0000000000000013,0.0
50548,42.12403540059001,1.0,560,681,1241,0.0,0.0008333472224535399,1.0000000000000013,0.0
50549,42.124868747812464,1.0,560,681,1241,0.0,0.0008333472224535399,1.0000000000000013,0.0
50550,42.12570209503492,1.0,560,681,1241,0.0,0.0008333472224535399,1.0000000000000013,0.0
50551,42.12653544225737,1.0,560,681,1241,0.0,0.0008333472224535399,1.0000000000000013,0.0
50552,42.127368789479824,1.0,560,681,1241,0.0,0.0008333472224535399,1.0000000000000013,0.0
50553,42.12820213670228,1.0,560,681,1241,0.0,0.0008333472224535399,1.0000000000000013,0.0
50554,42.12903548392473,1.0,560,681,1241,0.0,0.0008333472224535399,1.0000000000000013,0.0
50555,42.129868831147185,1.0,560,681,1241,0.0,0.0008333472224535399,1.0000000000000013,0.0
50556,42.13070217836964,1.0,560,681,1241,0.0,0.0008333472224535399,1.0000000000000013,0.0
50557,42.13153552559209,1.0,560,681,1241,0.0,0.0008333472224535399,1.0000000000000013,0.0
50558,42.132368872814546,1.0,560,681,1241,0.0,0.0008333472224535399,1.0000000000000013,0.0
50559,42.133202220037,1.0,560,681,1241,0.0,0.0008333472224535399,1.0000000000000013,0.0
50560,42.13403556725945,1.0,560,681,1241,0.0,0.0008333472224535399,1.0000000000000013,0.0
50561,42.13486891448191,1.0,560,681,1241,0.0,0.0008333472224606453,1.0000000000000013,0.0
50562,42.13570226170437,1.0,560,681,1241,0.0,0.0008333472224535399,1.0000000000000013,0.0
50563,42.13653560892682,1.0,560,681,1241,0.0,0.0008333472224535399,1.0000000000000013,0.0
50564,42.137368956149274,1.0,560,681,1241,0.0,0.0008333472224535399,1.0000000000000013,0.0
50565,42.13820230337173,1.0,560,681,1241,0.0,0.0008333472224535399,1.0000000000000013,0.0
50566,42.13903565059418,1.0,560,681,1241,0.0,0.0008333472224535399,1.0000000000000013,0.0
50567,42.139868997816635,1.0,560,681,1241,0.0,0.0008333472224535399,1.0000000000000013,0.0
50568,42.14070234503909,1.0,560,681,1241,0.0,0.0008333472224535399,1.0000000000000013,0.0
50569,42.14153569226154,1.0,560,681,1241,0.0,0.0008333472224535399,1.0000000000000013,0.0
50570,42.142369039483995,1.0,560,681,1241,0.0,0.0008333472224535399,1.0000000000000013,0.0
50571,42.14320238670645,1.0,560,681,1241,0.0,0.0008333472224535399,1.0000000000000013,0.0
50572,42.1440357339289,1.0,560,681,1241,0.0,0.0008333472224535399,1.0000000000000013,0.0
50573,42.144869081151356,1.0,560,681,1241,0.0,0.0008333472224535399,1.0000000000000013,0.0
50574,42.14570242837381,1.0,560,681,1241,0.0,0.0008333472224535399,1.0000000000000013,0.0
50575,42.14653577559626,1.0,560,681,1241,0.0,0.0008333472224535399,1.0000000000000013,0.0
50576,42.147369122818716,1.0,560,681,1241,0.0,0.0008333472224535399,1.0000000000000013,0.0
50577,42.14820247004117,1.0,560,681,1241,0.0,0.0008333472224535399,1.0000000000000013,0.0
50578,42.14903581726362,1.0,560,681,1241,0.0,0.0008333472224535399,1.0000000000000013,0.0
50579,42.14986916448608,1.0,560,681,1241,0.0,0.0008333472224535399,1.0000000000000013,0.0
50580,42.15070251170853,1.0,560,681,1241,0.0,0.0008333472224535399,1.0000000000000013,0.0
50581,42.151535858930984,1.0,560,681,1241,0.0,0.0008333472224535399,1.0000000000000013,0.0
50582,42.15236920615344,1.0,560,681,1241,0.0,0.0008333472224535399,1.0000000000000013,0.0
50583,42.15320255337589,1.0,560,681,1241,0.0,0.0008333472224535399,1.0000000000000013,0.0
50584,42.154035900598345,1.0,560,681,1241,0.0,0.0008333472224535399,1.0000000000000013,0.0
50585,42.1548692478208,0.9991941982272361,560,681,1241,-0.0008058017727639033,0.0008333472224535399,0.999919419822725,-8.058017727639034e-05
50586,42.15570259504325,1.0,560,681,1241,0.0008058017727639033,0.0008333472224535399,0.999919419822725,0.0
50587,42.156535942265705,0.9991941982272361,560,681,1241,-0.0008058017727639033,0.0008333472224535399,0.9998388396454487,-8.058017727639034e-05
50588,42.15736928948816,1.0,560,681,1241,0.0008058017727639033,0.0008333472224535399,0.9998388396454487,0.0
50589,42.15820263671061,1.0,560,681,1241,0.0,0.0008333472224535399,0.9998388396454487,0.0
50590,42.159035983933066,1.0,560,681,1241,0.0,0.0008333472224535399,0.9998388396454487,0.0
50591,42.15986933115552,1.0,560,681,1241,0.0,0.0008333472224535399,0.9998388396454487,0.0
50592,42.16070267837797,1.0,560,681,1241,0.0,0.0008333472224535399,0.9998388396454487,0.0
50593,42.16153602560043,1.0,560,681,1241,0.0,0.0008333472224535399,0.9998388396454487,0.0
50594,42.16236937282288,1.0,560,681,1241,0.0,0.0008333472224535399,0.9998388396454487,0.0
50595,42.163202720045334,1.0,560,681,1241,0.0,0.0008333472224535399,0.999919419822725,8.058017727639034e-05
50596,42.16403606726779,1.0,560,681,1241,0.0,0.0008333472224535399,0.999919419822725,0.0
50597,42.16486941449024,1.0,560,681,1241,0.0,0.0008333472224535399,1.0000000000000013,8.058017727639034e-05
50598,42.165702761712694,1.0,560,681,1241,0.0,0.0008333472224535399,1.0000000000000013,0.0
50599,42.16653610893515,1.0,560,681,1241,0.0,0.0008333472224535399,1.0000000000000013,0.0
50600,42.1673694561576,1.0,560,681,1241,0.0,0.0008333472224535399,1.0000000000000013,0.0
50601,42.168202803380055,1.0,560,681,1241,0.0,0.0008333472224535399,1.0000000000000013,0.0
50602,42.16903615060251,1.0,560,681,1241,0.0,0.0008333472224535399,1.0000000000000013,0.0
50603,42.16986949782497,1.0,560,681,1241,0.0,0.0008333472224606453,1.0000000000000013,0.0
50604,42.17070284504742,1.0,560,681,1241,0.0,0.0008333472224535399,1.0000000000000013,0.0
50605,42.171536192269876,1.0,560,681,1241,0.0,0.0008333472224535399,1.0000000000000013,0.0
50606,42.17236953949233,1.0,560,681,1241,0.0,0.0008333472224535399,1.0000000000000013,0.0
50607,42.17320288671478,1.0,560,681,1241,0.0,0.0008333472224535399,1.0000000000000013,0.0
50608,42.17403623393724,1.0,560,681,1241,0.0,0.0008333472224535399,1.0000000000000013,0.0
50609,42.17486958115969,1.0,560,681,1241,0.0,0.0008333472224535399,1.0000000000000013,0.0
50610,42.175702928382144,1.0,560,681,1241,0.0,0.0008333472224535399,1.0000000000000013,0.0
50611,42.1765362756046,1.0,560,681,1241,0.0,0.0008333472224535399,1.0000000000000013,0.0
50612,42.17736962282705,1.0,560,681,1241,0.0,0.0008333472224535399,1.0000000000000013,0.0
50613,42.178202970049504,1.0,560,681,1241,0.0,0.0008333472224535399,1.0000000000000013,0.0
50614,42.17903631727196,1.0,560,681,1241,0.0,0.0008333472224535399,1.0000000000000013,0.0
50615,42.17986966449441,1.0,560,681,1241,0.0,0.0008333472224535399,1.0000000000000013,0.0
50616,42.180703011716865,1.0,560,681,1241,0.0,0.0008333472224535399,1.0000000000000013,0.0
50617,42.18153635893932,1.0,560,681,1241,0.0,0.0008333472224535399,1.0000000000000013,0.0
50618,42.18236970616177,1.0,560,681,1241,0.0,0.0008333472224535399,1.0000000000000013,0.0
50619,42.183203053384226,1.0,560,681,1241,0.0,0.0008333472224535399,1.0000000000000013,0.0
50620,42.18403640060668,1.0,560,681,1241,0.0,0.0008333472224535399,1.0000000000000013,0.0
50621,42.18486974782913,1.0,560,681,1241,0.0,0.0008333472224535399,1.0000000000000013,0.0
50622,42.185703095051586,1.0,560,681,1241,0.0,0.0008333472224535399,1.0000000000000013,0.0
50623,42.18653644227404,1.0,560,681,1241,0.0,0.0008333472224535399,1.0000000000000013,0.0
50624,42.18736978949649,1.0,560,681,1241,0.0,0.0008333472224535399,1.0000000000000013,0.0
50625,42.18820313671895,1.0,560,681,1241,0.0,0.0008333472224535399,1.0000000000000013,0.0
50626,42.1890364839414,0.9991941982272361,560,681,1241,-0.0008058017727639033,0.0008333472224535399,0.999919419822725,-8.058017727639034e-05
50627,42.189869831163854,0.9991941982272361,560,681,1241,0.0,0.0008333472224535399,0.9998388396454487,-8.058017727639034e-05
50628,42.19070317838631,0.9991941982272361,560,681,1241,0.0,0.0008333472224535399,0.9997582594681724,-8.058017727639034e-05
50629,42.19153652560876,1.0,560,681,1241,0.0008058017727639033,0.0008333472224535399,0.9997582594681724,0.0
50630,42.192369872831215,0.9991941982272361,560,681,1241,-0.0008058017727639033,0.0008333472224535399,0.999677679290896,-8.058017727639034e-05
50631,42.19320322005367,0.9991941982272361,560,681,1241,0.0,0.0008333472224535399,0.9995970991136197,-8.058017727639034e-05
50632,42.19403656727612,0.9991941982272361,560,681,1241,0.0,0.0008333472224535399,0.9995165189363433,-8.058017727639034e-05
50633,42.194869914498575,0.9991941982272361,560,681,1241,0.0,0.0008333472224535399,0.999435938759067,-8.058017727639034e-05
50634,42.19570326172103,1.0,560,681,1241,0.0008058017727639033,0.0008333472224535399,0.999435938759067,0.0
50635,42.19653660894348,1.0,560,681,1241,0.0,0.0008333472224535399,0.999435938759067,0.0
50636,42.197369956165936,1.0,560,681,1241,0.0,0.0008333472224535399,0.9995165189363433,8.058017727639034e-05
50637,42.19820330338839,1.0,560,681,1241,0.0,0.0008333472224535399,0.9995970991136197,8.058017727639034e-05
50638,42.19903665061084,1.0,560,681,1241,0.0,0.0008333472224535399,0.999677679290896,8.058017727639034e-05
50639,42.1998699978333,1.0,560,681,1241,0.0,0.0008333472224535399,0.999677679290896,0.0
50640,42.20070334505575,1.0,560,681,1241,0.0,0.0008333472224535399,0.9997582594681724,8.058017727639034e-05
50641,42.201536692278204,1.0,560,681,1241,0.0,0.0008333472224535399,0.9998388396454487,8.058017727639034e-05
50642,42.20237003950066,0.9991941982272361,560,681,1241,-0.0008058017727639033,0.0008333472224535399,0.9998388396454487,0.0
50643,42.20320338672311,0.9991941982272361,560,681,1241,0.0,0.0008333472224535399,0.9998388396454487,0.0
50644,42.204036733945564,1.0,560,681,1241,0.0008058017727639033,0.0008333472224535399,0.9998388396454487,0.0
50645,42.20487008116802,1.0,560,681,1241,0.0,0.0008333472224535399,0.9998388396454487,0.0
50646,42.20570342839048,0.9991941982272361,560,681,1241,-0.0008058017727639033,0.0008333472224606453,0.9997582594681724,-8.058017727639034e-05
50647,42.20653677561293,1.0,560,681,1241,0.0008058017727639033,0.0008333472224535399,0.9997582594681724,0.0
50648,42.207370122835385,1.0,560,681,1241,0.0,0.0008333472224535399,0.9997582594681724,0.0
50649,42.20820347005784,1.0,560,681,1241,0.0,0.0008333472224535399,0.9997582594681724,0.0
50650,42.20903681728029,1.0,560,681,1241,0.0,0.0008333472224535399,0.9997582594681724,0.0
50651,42.209870164502746,1.0,560,681,1241,0.0,0.0008333472224535399,0.9997582594681724,0.0
50652,42.2107035117252,1.0,560,681,1241,0.0,0.0008333472224535399,0.9998388396454487,8.058017727639034e-05
50653,42.21153685894765,1.0,560,681,1241,0.0,0.0008333472224535399,0.999919419822725,8.058017727639034e-05
50654,42.21237020617011,1.0,560,681,1241,0.0,0.0008333472224535399,0.999919419822725,0.0
50655,42.21320355339256,1.0,560,681,1241,0.0,0.0008333472224535399,0.999919419822725,0.0
50656,42.214036900615014,1.0,560,681,1241,0.0,0.0008333472224535399,1.0000000000000013,8.058017727639034e-05
50657,42.21487024783747,1.0,560,681,1241,0.0,0.0008333472224535399,1.0000000000000013,0.0
50658,42.21570359505992,1.0,560,681,1241,0.0,0.0008333472224535399,1.0000000000000013,0.0
50659,42.216536942282374,1.0,560,681,1241,0.0,0.0008333472224535399,1.0000000000000013,0.0
50660,42.21737028950483,1.0,560,681,1241,0.0,0.0008333472224535399,1.0000000000000013,0.0
50661,42.21820363672728,1.0,560,681,1241,0.0,0.0008333472224535399,1.0000000000000013,0.0
50662,42.219036983949735,1.0,560,681,1241,0.0,0.0008333472224535399,1.0000000000000013,0.0
50663,42.21987033117219,1.0,560,681,1241,0.0,0.0008333472224535399,1.0000000000000013,0.0
50664,42.22070367839464,1.0,560,681,1241,0.0,0.0008333472224535399,1.0000000000000013,0.0
50665,42.221537025617096,1.0,560,681,1241,0.0,0.0008333472224535399,1.0000000000000013,0.0
50666,42.22237037283955,1.0,560,681,1241,0.0,0.0008333472224535399,1.0000000000000013,0.0
50667,42.223203720062,1.0,560,681,1241,0.0,0.0008333472224535399,1.0000000000000013,0.0
50668,42.224037067284456,1.0,560,681,1241,0.0,0.0008333472224535399,1.0000000000000013,0.0
50669,42.22487041450691,1.0,560,681,1241,0.0,0.0008333472224535399,1.0000000000000013,0.0
50670,42.22570376172936,1.0,560,681,1241,0.0,0.0008333472224535399,1.0000000000000013,0.0
50671,42.22653710895182,1.0,560,681,1241,0.0,0.0008333472224535399,1.0000000000000013,0.0
50672,42.22737045617427,1.0,560,681,1241,0.0,0.0008333472224535399,1.0000000000000013,0.0
50673,42.228203803396724,1.0,560,681,1241,0.0,0.0008333472224535399,1.0000000000000013,0.0
50674,42.22903715061918,0.9991941982272361,560,681,1241,-0.0008058017727639033,0.0008333472224535399,0.999919419822725,-8.058017727639034e-05
50675,42.22987049784163,1.0,560,681,1241,0.0008058017727639033,0.0008333472224535399,0.999919419822725,0.0
50676,42.230703845064085,1.0,560,681,1241,0.0,0.0008333472224535399,0.999919419822725,0.0
50677,42.23153719228654,1.0,560,681,1241,0.0,0.0008333472224535399,0.999919419822725,0.0
50678,42.23237053950899,1.0,560,681,1241,0.0,0.0008333472224535399,0.999919419822725,0.0
50679,42.233203886731445,1.0,560,681,1241,0.0,0.0008333472224535399,0.999919419822725,0.0
50680,42.2340372339539,1.0,560,681,1241,0.0,0.0008333472224535399,0.999919419822725,0.0
50681,42.23487058117635,1.0,560,681,1241,0.0,0.0008333472224535399,0.999919419822725,0.0
50682,42.235703928398806,1.0,560,681,1241,0.0,0.0008333472224535399,0.999919419822725,0.0
50683,42.23653727562126,1.0,560,681,1241,0.0,0.0008333472224535399,0.999919419822725,0.0
50684,42.23737062284371,1.0,560,681,1241,0.0,0.0008333472224535399,1.0000000000000013,8.058017727639034e-05
50685,42.23820397006617,1.0,560,681,1241,0.0,0.0008333472224535399,1.0000000000000013,0.0
50686,42.23903731728862,1.0,560,681,1241,0.0,0.0008333472224535399,1.0000000000000013,0.0
50687,42.23987066451107,1.0,560,681,1241,0.0,0.0008333472224535399,1.0000000000000013,0.0
50688,42.240704011733534,1.0,560,681,1241,0.0,0.0008333472224606453,1.0000000000000013,0.0
50689,42.24153735895599,1.0,560,681,1241,0.0,0.0008333472224535399,1.0000000000000013,0.0
50690,42.24237070617844,1.0,560,681,1241,0.0,0.0008333472224535399,1.0000000000000013,0.0
50691,42.243204053400895,1.0,560,681,1241,0.0,0.0008333472224535399,1.0000000000000013,0.0
50692,42.24403740062335,1.0,560,681,1241,0.0,0.0008333472224535399,1.0000000000000013,0.0
50693,42.2448707478458,1.0,560,681,1241,0.0,0.0008333472224535399,1.0000000000000013,0.0
50694,42.245704095068255,1.0,560,681,1241,0.0,0.0008333472224535399,1.0000000000000013,0.0
50695,42.24653744229071,1.0,560,681,1241,0.0,0.0008333472224535399,1.0000000000000013,0.0
50696,42.24737078951316,1.0,560,681,1241,0.0,0.0008333472224535399,1.0000000000000013,0.0
50697,42.248204136735616,1.0,560,681,1241,0.0,0.0008333472224535399,1.0000000000000013,0.0
50698,42.24903748395807,1.0,560,681,1241,0.0,0.0008333472224535399,1.0000000000000013,0.0
50699,42.24987083118052,1.0,560,681,1241,0.0,0.0008333472224535399,1.0000000000000013,0.0
50700,42.25070417840298,1.0,560,681,1241,0.0,0.0008333472224535399,1.0000000000000013,0.0
50701,42.25153752562543,1.0,560,681,1241,0.0,0.0008333472224535399,1.0000000000000013,0.0
50702,42.252370872847884,0.9991941982272361,560,681,1241,-0.0008058017727639033,0.0008333472224535399,0.999919419822725,-8.058017727639034e-05
50703,42.25320422007034,0.9991941982272361,560,681,1241,0.0,0.0008333472224535399,0.9998388396454487,-8.058017727639034e-05
50704,42.25403756729279,0.9991941982272361,560,681,1241,0.0,0.0008333472224535399,0.9997582594681724,-8.058017727639034e-05
50705,42.254870914515244,0.9991941982272361,560,681,1241,0.0,0.0008333472224535399,0.999677679290896,-8.058017727639034e-05
50706,42.2557042617377,0.9991941982272361,560,681,1241,0.0,0.0008333472224535399,0.9995970991136197,-8.058017727639034e-05
50707,42.25653760896015,1.0,560,681,1241,0.0008058017727639033,0.0008333472224535399,0.9995970991136197,0.0
50708,42.257370956182605,1.0,560,681,1241,0.0,0.0008333472224535399,0.9995970991136197,0.0
50709,42.25820430340506,1.0,560,681,1241,0.0,0.0008333472224535399,0.9995970991136197,0.0
50710,42.25903765062751,1.0,560,681,1241,0.0,0.0008333472224535399,0.9995970991136197,0.0
50711,42.259870997849966,0.9991941982272361,560,681,1241,-0.0008058017727639033,0.0008333472224535399,0.9995165189363433,-8.058017727639034e-05
50712,42.26070434507242,0.9991941982272361,560,681,1241,0.0,0.0008333472224535399,0.9995165189363433,0.0
50713,42.26153769229487,0.9991941982272361,560,681,1241,0.0,0.0008333472224535399,0.9995165189363433,0.0
50714,42.262371039517326,0.9991941982272361,560,681,1241,0.0,0.0008333472224535399,0.9995165189363433,0.0
50715,42.26320438673978,0.9991941982272361,560,681,1241,0.0,0.0008333472224535399,0.9995165189363433,0.0
50716,42.26403773396223,0.9983883964544722,560,681,1241,-0.0008058017727639033,0.0008333472224535399,0.999435938759067,-8.058017727639034e-05
50717,42.26487108118469,0.9983883964544722,560,681,1241,0.0,0.0008333472224535399,0.9992747784045143,-0.00016116035455278067
50718,42.26570442840714,1.0,560,681,1241,0.0016116035455278066,0.0008333472224535399,0.9992747784045143,0.0
50719,42.266537775629594,1.0,560,681,1241,0.0,0.0008333472224535399,0.9992747784045143,0.0
50720,42.26737112285205,1.0,560,681,1241,0.0,0.0008333472224535399,0.9992747784045143,0.0
50721,42.2682044700745,1.0,560,681,1241,0.0,0.0008333472224535399,0.9993553585817907,8.058017727639034e-05
50722,42.269037817296955,1.0,560,681,1241,0.0,0.0008333472224535399,0.999435938759067,8.058017727639034e-05
50723,42.26987116451941,1.0,560,681,1241,0.0,0.0008333472224535399,0.9995165189363433,8.058017727639034e-05
50724,42.27070451174186,0.9991941982272361,560,681,1241,-0.0008058017727639033,0.0008333472224535399,0.9995165189363433,0.0
50725,42.271537858964315,1.0,560,681,1241,0.0008058017727639033,0.0008333472224535399,0.9995970991136197,8.058017727639034e-05
50726,42.27237120618677,1.0,560,681,1241,0.0,0.0008333472224535399,0.9997582594681724,0.00016116035455278067
50727,42.27320455340922,1.0,560,681,1241,0.0,0.0008333472224535399,0.999919419822725,0.00016116035455278067
50728,42.274037900631676,1.0,560,681,1241,0.0,0.0008333472224535399,0.999919419822725,0.0
50729,42.27487124785413,1.0,560,681,1241,0.0,0.0008333472224535399,0.999919419822725,0.0
50730,42.27570459507658,0.9991941982272361,560,681,1241,-0.0008058017727639033,0.0008333472224535399,0.9998388396454487,-8.058017727639034e-05
50731,42.27653794229904,0.9991941982272361,560,681,1241,0.0,0.0008333472224606453,0.9997582594681724,-8.058017727639034e-05
50732,42.2773712895215,0.9991941982272361,560,681,1241,0.0,0.0008333472224535399,0.999677679290896,-8.058017727639034e-05
50733,42.27820463674395,1.0,560,681,1241,0.0008058017727639033,0.0008333472224535399,0.999677679290896,0.0
50734,42.279037983966404,1.0,560,681,1241,0.0,0.0008333472224535399,0.9997582594681724,8.058017727639034e-05
50735,42.27987133118886,1.0,560,681,1241,0.0,0.0008333472224535399,0.9997582594681724,0.0
50736,42.28070467841131,0.9991941982272361,560,681,1241,-0.0008058017727639033,0.0008333472224535399,0.999677679290896,-8.058017727639034e-05
50737,42.281538025633765,0.9991941982272361,560,681,1241,0.0,0.0008333472224535399,0.9995970991136197,-8.058017727639034e-05
50738,42.28237137285622,1.0,560,681,1241,0.0008058017727639033,0.0008333472224535399,0.9995970991136197,0.0
50739,42.28320472007867,1.0,560,681,1241,0.0,0.0008333472224535399,0.9995970991136197,0.0
50740,42.284038067301125,1.0,560,681,1241,0.0,0.0008333472224535399,0.999677679290896,8.058017727639034e-05
50741,42.28487141452358,1.0,560,681,1241,0.0,0.0008333472224535399,0.9997582594681724,8.058017727639034e-05
50742,42.28570476174603,1.0,560,681,1241,0.0,0.0008333472224535399,0.9998388396454487,8.058017727639034e-05
50743,42.286538108968486,1.0,560,681,1241,0.0,0.0008333472224535399,0.9998388396454487,0.0
50744,42.28737145619094,1.0,560,681,1241,0.0,0.0008333472224535399,0.9998388396454487,0.0
50745,42.28820480341339,1.0,560,681,1241,0.0,0.0008333472224535399,0.9998388396454487,0.0
50746,42.28903815063585,1.0,560,681,1241,0.0,0.0008333472224535399,0.999919419822725,8.058017727639034e-05
50747,42.2898714978583,0.9991941982272361,560,681,1241,-0.0008058017727639033,0.0008333472224535399,0.999919419822725,0.0
50748,42.290704845080754,0.9991941982272361,560,681,1241,0.0,0.0008333472224535399,0.9998388396454487,-8.058017727639034e-05
50749,42.29153819230321,1.0,560,681,1241,0.0008058017727639033,0.0008333472224535399,0.9998388396454487,0.0
50750,42.29237153952566,1.0,560,681,1241,0.0,0.0008333472224535399,0.9998388396454487,0.0
50751,42.293204886748114,1.0,560,681,1241,0.0,0.0008333472224535399,0.9998388396454487,0.0
50752,42.29403823397057,1.0,560,681,1241,0.0,0.0008333472224535399,0.9998388396454487,0.0
50753,42.29487158119302,1.0,560,681,1241,0.0,0.0008333472224535399,0.9998388396454487,0.0
50754,42.295704928415475,1.0,560,681,1241,0.0,0.0008333472224535399,0.9998388396454487,0.0
50755,42.29653827563793,1.0,560,681,1241,0.0,0.0008333472224535399,0.9998388396454487,0.0
50756,42.29737162286038,1.0,560,681,1241,0.0,0.0008333472224535399,0.9998388396454487,0.0
50757,42.298204970082836,1.0,560,681,1241,0.0,0.0008333472224535399,0.999919419822725,8.058017727639034e-05
50758,42.29903831730529,1.0,560,681,1241,0.0,0.0008333472224535399,1.0000000000000013,8.058017727639034e-05
50759,42.29987166452774,1.0,560,681,1241,0.0,0.0008333472224535399,1.0000000000000013,0.0
50760,42.300705011750196,1.0,560,681,1241,0.0,0.0008333472224535399,1.0000000000000013,0.0
50761,42.30153835897265,1.0,560,681,1241,0.0,0.0008333472224535399,1.0000000000000013,0.0
50762,42.3023717061951,1.0,560,681,1241,0.0,0.0008333472224535399,1.0000000000000013,0.0
50763,42.30320505341756,1.0,560,681,1241,0.0,0.0008333472224535399,1.0000000000000013,0.0
50764,42.30403840064001,1.0,560,681,1241,0.0,0.0008333472224535399,1.0000000000000013,0.0
50765,42.304871747862464,1.0,560,681,1241,0.0,0.0008333472224535399,1.0000000000000013,0.0
50766,42.30570509508492,1.0,560,681,1241,0.0,0.0008333472224535399,1.0000000000000013,0.0
50767,42.30653844230737,1.0,560,681,1241,0.0,0.0008333472224535399,1.0000000000000013,0.0
50768,42.307371789529824,1.0,560,681,1241,0.0,0.0008333472224535399,1.0000000000000013,0.0
50769,42.30820513675228,0.9991941982272361,560,681,1241,-0.0008058017727639033,0.0008333472224535399,0.999919419822725,-8.058017727639034e-05
50770,42.30903848397473,0.9991941982272361,560,681,1241,0.0,0.0008333472224535399,0.9998388396454487,-8.058017727639034e-05
50771,42.309871831197185,0.9991941982272361,560,681,1241,0.0,0.0008333472224535399,0.9997582594681724,-8.058017727639034e-05
50772,42.31070517841964,1.0,560,681,1241,0.0008058017727639033,0.0008333472224535399,0.9997582594681724,0.0
50773,42.3115385256421,1.0,560,681,1241,0.0,0.0008333472224606453,0.9997582594681724,0.0
50774,42.31237187286455,1.0,560,681,1241,0.0,0.0008333472224535399,0.9997582594681724,0.0
50775,42.313205220087006,1.0,560,681,1241,0.0,0.0008333472224535399,0.9997582594681724,0.0
50776,42.31403856730946,1.0,560,681,1241,0.0,0.0008333472224535399,0.9997582594681724,0.0
50777,42.31487191453191,1.0,560,681,1241,0.0,0.0008333472224535399,0.9997582594681724,0.0
50778,42.31570526175437,1.0,560,681,1241,0.0,0.0008333472224535399,0.9997582594681724,0.0
50779,42.31653860897682,1.0,560,681,1241,0.0,0.0008333472224535399,0.9998388396454487,8.058017727639034e-05
50780,42.317371956199274,1.0,560,681,1241,0.0,0.0008333472224535399,0.999919419822725,8.058017727639034e-05
50781,42.31820530342173,1.0,560,681,1241,0.0,0.0008333472224535399,1.0000000000000013,8.058017727639034e-05
50782,42.31903865064418,1.0,560,681,1241,0.0,0.0008333472224535399,1.0000000000000013,0.0
50783,42.319871997866635,1.0,560,681,1241,0.0,0.0008333472224535399,1.0000000000000013,0.0
50784,42.32070534508909,1.0,560,681,1241,0.0,0.0008333472224535399,1.0000000000000013,0.0
50785,42.32153869231154,1.0,560,681,1241,0.0,0.0008333472224535399,1.0000000000000013,0.0
50786,42.322372039533995,1.0,560,681,1241,0.0,0.0008333472224535399,1.0000000000000013,0.0
50787,42.32320538675645,1.0,560,681,1241,0.0,0.0008333472224535399,1.0000000000000013,0.0
50788,42.3240387339789,1.0,560,681,1241,0.0,0.0008333472224535399,1.0000000000000013,0.0
50789,42.324872081201356,1.0,560,681,1241,0.0,0.0008333472224535399,1.0000000000000013,0.0
50790,42.32570542842381,1.0,560,681,1241,0.0,0.0008333472224535399,1.0000000000000013,0.0
50791,42.32653877564626,1.0,560,681,1241,0.0,0.0008333472224535399,1.0000000000000013,0.0
50792,42.32737212286872,1.0,560,681,1241,0.0,0.0008333472224535399,1.0000000000000013,0.0
50793,42.32820547009117,1.0,560,681,1241,0.0,0.0008333472224535399,1.0000000000000013,0.0
50794,42.329038817313624,1.0,560,681,1241,0.0,0.0008333472224535399,1.0000000000000013,0.0
50795,42.32987216453608,1.0,560,681,1241,0.0,0.0008333472224535399,1.0000000000000013,0.0
50796,42.33070551175853,0.9991941982272361,560,681,1241,-0.0008058017727639033,0.0008333472224535399,0.999919419822725,-8.058017727639034e-05
50797,42.331538858980984,0.9991941982272361,560,681,1241,0.0,0.0008333472224535399,0.9998388396454487,-8.058017727639034e-05
50798,42.33237220620344,0.9991941982272361,560,681,1241,0.0,0.0008333472224535399,0.9997582594681724,-8.058017727639034e-05
50799,42.33320555342589,1.0,560,681,1241,0.0008058017727639033,0.0008333472224535399,0.9997582594681724,0.0
50800,42.334038900648345,1.0,560,681,1241,0.0,0.0008333472224535399,0.9997582594681724,0.0
50801,42.3348722478708,1.0,560,681,1241,0.0,0.0008333472224535399,0.9997582594681724,0.0
50802,42.33570559509325,1.0,560,681,1241,0.0,0.0008333472224535399,0.9997582594681724,0.0
50803,42.336538942315705,1.0,560,681,1241,0.0,0.0008333472224535399,0.9997582594681724,0.0
50804,42.33737228953816,0.9991941982272361,560,681,1241,-0.0008058017727639033,0.0008333472224535399,0.999677679290896,-8.058017727639034e-05
50805,42.33820563676061,1.0,560,681,1241,0.0008058017727639033,0.0008333472224535399,0.999677679290896,0.0
50806,42.339038983983066,0.9991941982272361,560,681,1241,-0.0008058017727639033,0.0008333472224535399,0.999677679290896,0.0
50807,42.33987233120552,0.9991941982272361,560,681,1241,0.0,0.0008333472224535399,0.999677679290896,0.0
50808,42.34070567842797,0.9991941982272361,560,681,1241,0.0,0.0008333472224535399,0.999677679290896,0.0
50809,42.34153902565043,0.9991941982272361,560,681,1241,0.0,0.0008333472224535399,0.9995970991136197,-8.058017727639034e-05
50810,42.34237237287288,0.9991941982272361,560,681,1241,0.0,0.0008333472224535399,0.9995165189363433,-8.058017727639034e-05
50811,42.343205720095334,0.9991941982272361,560,681,1241,0.0,0.0008333472224535399,0.999435938759067,-8.058017727639034e-05
50812,42.34403906731779,1.0,560,681,1241,0.0008058017727639033,0.0008333472224535399,0.999435938759067,0.0
50813,42.34487241454024,1.0,560,681,1241,0.0,0.0008333472224535399,0.999435938759067,0.0
50814,42.345705761762694,1.0,560,681,1241,0.0,0.0008333472224535399,0.9995165189363433,8.058017727639034e-05
50815,42.346539108985155,1.0,560,681,1241,0.0,0.0008333472224606453,0.9995165189363433,0.0
50816,42.34737245620761,1.0,560,681,1241,0.0,0.0008333472224535399,0.9995970991136197,8.058017727639034e-05
50817,42.34820580343006,1.0,560,681,1241,0.0,0.0008333472224535399,0.999677679290896,8.058017727639034e-05
50818,42.349039150652516,1.0,560,681,1241,0.0,0.0008333472224535399,0.9997582594681724,8.058017727639034e-05
50819,42.34987249787497,1.0,560,681,1241,0.0,0.0008333472224535399,0.9998388396454487,8.058017727639034e-05
50820,42.35070584509742,1.0,560,681,1241,0.0,0.0008333472224535399,0.999919419822725,8.058017727639034e-05
50821,42.351539192319876,1.0,560,681,1241,0.0,0.0008333472224535399,1.0000000000000013,8.058017727639034e-05
50822,42.35237253954233,1.0,560,681,1241,0.0,0.0008333472224535399,1.0000000000000013,0.0
50823,42.35320588676478,1.0,560,681,1241,0.0,0.0008333472224535399,1.0000000000000013,0.0
50824,42.35403923398724,1.0,560,681,1241,0.0,0.0008333472224535399,1.0000000000000013,0.0
50825,42.35487258120969,1.0,560,681,1241,0.0,0.0008333472224535399,1.0000000000000013,0.0
50826,42.355705928432144,1.0,560,681,1241,0.0,0.0008333472224535399,1.0000000000000013,0.0
50827,42.3565392756546,1.0,560,681,1241,0.0,0.0008333472224535399,1.0000000000000013,0.0
50828,42.35737262287705,1.0,560,681,1241,0.0,0.0008333472224535399,1.0000000000000013,0.0
50829,42.358205970099505,1.0,560,681,1241,0.0,0.0008333472224535399,1.0000000000000013,0.0
50830,42.35903931732196,1.0,560,681,1241,0.0,0.0008333472224535399,1.0000000000000013,0.0
50831,42.35987266454441,1.0,560,681,1241,0.0,0.0008333472224535399,1.0000000000000013,0.0
50832,42.360706011766865,1.0,560,681,1241,0.0,0.0008333472224535399,1.0000000000000013,0.0
50833,42.36153935898932,1.0,560,681,1241,0.0,0.0008333472224535399,1.0000000000000013,0.0
50834,42.36237270621177,0.9991941982272361,560,681,1241,-0.0008058017727639033,0.0008333472224535399,0.999919419822725,-8.058017727639034e-05
50835,42.363206053434226,1.0,560,681,1241,0.0008058017727639033,0.0008333472224535399,0.999919419822725,0.0
50836,42.36403940065668,1.0,560,681,1241,0.0,0.0008333472224535399,0.999919419822725,0.0
50837,42.36487274787913,1.0,560,681,1241,0.0,0.0008333472224535399,0.999919419822725,0.0
50838,42.36570609510159,1.0,560,681,1241,0.0,0.0008333472224535399,0.999919419822725,0.0
50839,42.36653944232404,1.0,560,681,1241,0.0,0.0008333472224535399,0.999919419822725,0.0
50840,42.36737278954649,1.0,560,681,1241,0.0,0.0008333472224535399,0.999919419822725,0.0
50841,42.36820613676895,1.0,560,681,1241,0.0,0.0008333472224535399,0.999919419822725,0.0
50842,42.3690394839914,1.0,560,681,1241,0.0,0.0008333472224535399,0.999919419822725,0.0
50843,42.369872831213854,0.9991941982272361,560,681,1241,-0.0008058017727639033,0.0008333472224535399,0.9998388396454487,-8.058017727639034e-05
50844,42.37070617843631,0.9991941982272361,560,681,1241,0.0,0.0008333472224535399,0.9998388396454487,0.0
50845,42.37153952565876,0.9991941982272361,560,681,1241,0.0,0.0008333472224535399,0.9997582594681724,-8.058017727639034e-05
50846,42.372372872881215,0.9991941982272361,560,681,1241,0.0,0.0008333472224535399,0.999677679290896,-8.058017727639034e-05
50847,42.37320622010367,0.9991941982272361,560,681,1241,0.0,0.0008333472224535399,0.9995970991136197,-8.058017727639034e-05
50848,42.37403956732612,1.0,560,681,1241,0.0008058017727639033,0.0008333472224535399,0.9995970991136197,0.0
50849,42.374872914548575,1.0,560,681,1241,0.0,0.0008333472224535399,0.9995970991136197,0.0
50850,42.37570626177103,1.0,560,681,1241,0.0,0.0008333472224535399,0.9995970991136197,0.0
50851,42.37653960899348,1.0,560,681,1241,0.0,0.0008333472224535399,0.9995970991136197,0.0
50852,42.377372956215936,1.0,560,681,1241,0.0,0.0008333472224535399,0.9995970991136197,0.0
50853,42.37820630343839,1.0,560,681,1241,0.0,0.0008333472224535399,0.999677679290896,8.058017727639034e-05
50854,42.37903965066084,1.0,560,681,1241,0.0,0.0008333472224535399,0.9997582594681724,8.058017727639034e-05
50855,42.3798729978833,1.0,560,681,1241,0.0,0.0008333472224535399,0.9998388396454487,8.058017727639034e-05
50856,42.38070634510575,1.0,560,681,1241,0.0,0.0008333472224535399,0.999919419822725,8.058017727639034e-05
50857,42.381539692328204,1.0,560,681,1241,0.0,0.0008333472224535399,1.0000000000000013,8.058017727639034e-05
50858,42.382373039550664,1.0,560,681,1241,0.0,0.0008333472224606453,1.0000000000000013,0.0
50859,42.38320638677312,1.0,560,681,1241,0.0,0.0008333472224535399,1.0000000000000013,0.0
50860,42.38403973399557,0.9991941982272361,560,681,1241,-0.0008058017727639033,0.0008333472224535399,0.999919419822725,-8.058017727639034e-05
50861,42.384873081218025,0.9991941982272361,560,681,1241,0.0,0.0008333472224535399,0.9998388396454487,-8.058017727639034e-05
50862,42.38570642844048,1.0,560,681,1241,0.0008058017727639033,0.0008333472224535399,0.9998388396454487,0.0
50863,42.38653977566293,1.0,560,681,1241,0.0,0.0008333472224535399,0.9998388396454487,0.0
50864,42.387373122885386,1.0,560,681,1241,0.0,0.0008333472224535399,0.9998388396454487,0.0
50865,42.38820647010784,0.9991941982272361,560,681,1241,-0.0008058017727639033,0.0008333472224535399,0.9997582594681724,-8.058017727639034e-05
50866,42.38903981733029,1.0,560,681,1241,0.0008058017727639033,0.0008333472224535399,0.9997582594681724,0.0
50867,42.389873164552746,1.0,560,681,1241,0.0,0.0008333472224535399,0.9997582594681724,0.0
50868,42.3907065117752,1.0,560,681,1241,0.0,0.0008333472224535399,0.9997582594681724,0.0
50869,42.39153985899765,1.0,560,681,1241,0.0,0.0008333472224535399,0.9997582594681724,0.0
50870,42.39237320622011,1.0,560,681,1241,0.0,0.0008333472224535399,0.9998388396454487,8.058017727639034e-05
50871,42.39320655344256,1.0,560,681,1241,0.0,0.0008333472224535399,0.999919419822725,8.058017727639034e-05
50872,42.394039900665014,1.0,560,681,1241,0.0,0.0008333472224535399,0.999919419822725,0.0
50873,42.39487324788747,1.0,560,681,1241,0.0,0.0008333472224535399,0.999919419822725,0.0
50874,42.39570659510992,1.0,560,681,1241,0.0,0.0008333472224535399,0.999919419822725,0.0
50875,42.396539942332375,0.9991941982272361,560,681,1241,-0.0008058017727639033,0.0008333472224535399,0.999919419822725,0.0
50876,42.39737328955483,1.0,560,681,1241,0.0008058017727639033,0.0008333472224535399,0.999919419822725,0.0
50877,42.39820663677728,1.0,560,681,1241,0.0,0.0008333472224535399,0.999919419822725,0.0
50878,42.399039983999735,1.0,560,681,1241,0.0,0.0008333472224535399,0.999919419822725,0.0
50879,42.39987333122219,1.0,560,681,1241,0.0,0.0008333472224535399,0.999919419822725,0.0
50880,42.40070667844464,1.0,560,681,1241,0.0,0.0008333472224535399,0.999919419822725,0.0
50881,42.401540025667096,1.0,560,681,1241,0.0,0.0008333472224535399,0.999919419822725,0.0
50882,42.40237337288955,1.0,560,681,1241,0.0,0.0008333472224535399,0.999919419822725,0.0
50883,42.403206720112,1.0,560,681,1241,0.0,0.0008333472224535399,0.999919419822725,0.0
50884,42.404040067334456,1.0,560,681,1241,0.0,0.0008333472224535399,0.999919419822725,0.0
50885,42.40487341455691,1.0,560,681,1241,0.0,0.0008333472224535399,1.0000000000000013,8.058017727639034e-05
50886,42.40570676177936,1.0,560,681,1241,0.0,0.0008333472224535399,1.0000000000000013,0.0
50887,42.40654010900182,1.0,560,681,1241,0.0,0.0008333472224535399,1.0000000000000013,0.0
50888,42.40737345622427,1.0,560,681,1241,0.0,0.0008333472224535399,1.0000000000000013,0.0
50889,42.408206803446724,1.0,560,681,1241,0.0,0.0008333472224535399,1.0000000000000013,0.0
50890,42.40904015066918,1.0,560,681,1241,0.0,0.0008333472224535399,1.0000000000000013,0.0
50891,42.40987349789163,1.0,560,681,1241,0.0,0.0008333472224535399,1.0000000000000013,0.0
50892,42.410706845114085,1.0,560,681,1241,0.0,0.0008333472224535399,1.0000000000000013,0.0
50893,42.41154019233654,1.0,560,681,1241,0.0,0.0008333472224535399,1.0000000000000013,0.0
50894,42.41237353955899,1.0,560,681,1241,0.0,0.0008333472224535399,1.0000000000000013,0.0
50895,42.413206886781445,1.0,560,681,1241,0.0,0.0008333472224535399,1.0000000000000013,0.0
50896,42.4140402340039,1.0,560,681,1241,0.0,0.0008333472224535399,1.0000000000000013,0.0
50897,42.41487358122635,1.0,560,681,1241,0.0,0.0008333472224535399,1.0000000000000013,0.0
50898,42.415706928448806,1.0,560,681,1241,0.0,0.0008333472224535399,1.0000000000000013,0.0
50899,42.41654027567126,1.0,560,681,1241,0.0,0.0008333472224535399,1.0000000000000013,0.0
50900,42.41737362289372,1.0,560,681,1241,0.0,0.0008333472224606453,1.0000000000000013,0.0
50901,42.418206970116174,1.0,560,681,1241,0.0,0.0008333472224535399,1.0000000000000013,0.0
50902,42.41904031733863,1.0,560,681,1241,0.0,0.0008333472224535399,1.0000000000000013,0.0
50903,42.41987366456108,1.0,560,681,1241,0.0,0.0008333472224535399,1.0000000000000013,0.0
50904,42.420707011783534,1.0,560,681,1241,0.0,0.0008333472224535399,1.0000000000000013,0.0
50905,42.42154035900599,1.0,560,681,1241,0.0,0.0008333472224535399,1.0000000000000013,0.0
50906,42.42237370622844,1.0,560,681,1241,0.0,0.0008333472224535399,1.0000000000000013,0.0
50907,42.423207053450895,1.0,560,681,1241,0.0,0.0008333472224535399,1.0000000000000013,0.0
50908,42.42404040067335,1.0,560,681,1241,0.0,0.0008333472224535399,1.0000000000000013,0.0
50909,42.4248737478958,1.0,560,681,1241,0.0,0.0008333472224535399,1.0000000000000013,0.0
50910,42.425707095118256,1.0,560,681,1241,0.0,0.0008333472224535399,1.0000000000000013,0.0
50911,42.42654044234071,1.0,560,681,1241,0.0,0.0008333472224535399,1.0000000000000013,0.0
50912,42.42737378956316,1.0,560,681,1241,0.0,0.0008333472224535399,1.0000000000000013,0.0
50913,42.428207136785616,1.0,560,681,1241,0.0,0.0008333472224535399,1.0000000000000013,0.0
50914,42.42904048400807,1.0,560,681,1241,0.0,0.0008333472224535399,1.0000000000000013,0.0
50915,42.42987383123052,1.0,560,681,1241,0.0,0.0008333472224535399,1.0000000000000013,0.0
50916,42.43070717845298,1.0,560,681,1241,0.0,0.0008333472224535399,1.0000000000000013,0.0
50917,42.43154052567543,1.0,560,681,1241,0.0,0.0008333472224535399,1.0000000000000013,0.0
50918,42.432373872897884,1.0,560,681,1241,0.0,0.0008333472224535399,1.0000000000000013,0.0
50919,42.43320722012034,1.0,560,681,1241,0.0,0.0008333472224535399,1.0000000000000013,0.0
50920,42.43404056734279,1.0,560,681,1241,0.0,0.0008333472224535399,1.0000000000000013,0.0
50921,42.434873914565244,0.9991941982272361,560,681,1241,-0.0008058017727639033,0.0008333472224535399,0.999919419822725,-8.058017727639034e-05
50922,42.4357072617877,1.0,560,681,1241,0.0008058017727639033,0.0008333472224535399,0.999919419822725,0.0
50923,42.43654060901015,1.0,560,681,1241,0.0,0.0008333472224535399,0.999919419822725,0.0
50924,42.437373956232605,1.0,560,681,1241,0.0,0.0008333472224535399,0.999919419822725,0.0
50925,42.43820730345506,0.9991941982272361,560,681,1241,-0.0008058017727639033,0.0008333472224535399,0.9998388396454487,-8.058017727639034e-05
50926,42.43904065067751,0.9991941982272361,560,681,1241,0.0,0.0008333472224535399,0.9997582594681724,-8.058017727639034e-05
50927,42.439873997899966,0.9991941982272361,560,681,1241,0.0,0.0008333472224535399,0.999677679290896,-8.058017727639034e-05
50928,42.44070734512242,0.9991941982272361,560,681,1241,0.0,0.0008333472224535399,0.9995970991136197,-8.058017727639034e-05
50929,42.44154069234487,0.9991941982272361,560,681,1241,0.0,0.0008333472224535399,0.9995165189363433,-8.058017727639034e-05
50930,42.442374039567326,0.9991941982272361,560,681,1241,0.0,0.0008333472224535399,0.999435938759067,-8.058017727639034e-05
50931,42.44320738678978,1.0,560,681,1241,0.0008058017727639033,0.0008333472224535399,0.9995165189363433,8.058017727639034e-05
50932,42.44404073401223,1.0,560,681,1241,0.0,0.0008333472224535399,0.9995165189363433,0.0
50933,42.44487408123469,1.0,560,681,1241,0.0,0.0008333472224535399,0.9995165189363433,0.0
50934,42.44570742845714,1.0,560,681,1241,0.0,0.0008333472224535399,0.9995165189363433,0.0
50935,42.446540775679594,1.0,560,681,1241,0.0,0.0008333472224535399,0.9995970991136197,8.058017727639034e-05
50936,42.44737412290205,1.0,560,681,1241,0.0,0.0008333472224535399,0.999677679290896,8.058017727639034e-05
50937,42.4482074701245,1.0,560,681,1241,0.0,0.0008333472224535399,0.9997582594681724,8.058017727639034e-05
50938,42.449040817346955,1.0,560,681,1241,0.0,0.0008333472224535399,0.9998388396454487,8.058017727639034e-05
50939,42.44987416456941,1.0,560,681,1241,0.0,0.0008333472224535399,0.999919419822725,8.058017727639034e-05
50940,42.45070751179186,0.9991941982272361,560,681,1241,-0.0008058017727639033,0.0008333472224535399,0.999919419822725,0.0
50941,42.451540859014315,0.9991941982272361,560,681,1241,0.0,0.0008333472224535399,0.9998388396454487,-8.058017727639034e-05
50942,42.452374206236776,1.0,560,681,1241,0.0008058017727639033,0.0008333472224606453,0.9998388396454487,0.0
50943,42.45320755345923,1.0,560,681,1241,0.0,0.0008333472224535399,0.9998388396454487,0.0
50944,42.45404090068168,1.0,560,681,1241,0.0,0.0008333472224535399,0.9998388396454487,0.0
50945,42.45487424790414,1.0,560,681,1241,0.0,0.0008333472224535399,0.9998388396454487,0.0
50946,42.45570759512659,1.0,560,681,1241,0.0,0.0008333472224535399,0.9998388396454487,0.0
50947,42.456540942349044,1.0,560,681,1241,0.0,0.0008333472224535399,0.9998388396454487,0.0
50948,42.4573742895715,1.0,560,681,1241,0.0,0.0008333472224535399,0.9998388396454487,0.0
50949,42.45820763679395,1.0,560,681,1241,0.0,0.0008333472224535399,0.9998388396454487,0.0
50950,42.459040984016404,1.0,560,681,1241,0.0,0.0008333472224535399,0.999919419822725,8.058017727639034e-05
50951,42.45987433123886,1.0,560,681,1241,0.0,0.0008333472224535399,1.0000000000000013,8.058017727639034e-05
50952,42.46070767846131,1.0,560,681,1241,0.0,0.0008333472224535399,1.0000000000000013,0.0
50953,42.461541025683765,1.0,560,681,1241,0.0,0.0008333472224535399,1.0000000000000013,0.0
50954,42.46237437290622,0.9991941982272361,560,681,1241,-0.0008058017727639033,0.0008333472224535399,0.999919419822725,-8.058017727639034e-05
50955,42.46320772012867,1.0,560,681,1241,0.0008058017727639033,0.0008333472224535399,0.999919419822725,0.0
50956,42.464041067351125,1.0,560,681,1241,0.0,0.0008333472224535399,0.999919419822725,0.0
50957,42.46487441457358,1.0,560,681,1241,0.0,0.0008333472224535399,0.999919419822725,0.0
50958,42.46570776179603,1.0,560,681,1241,0.0,0.0008333472224535399,0.999919419822725,0.0
50959,42.466541109018486,1.0,560,681,1241,0.0,0.0008333472224535399,0.999919419822725,0.0
50960,42.46737445624094,1.0,560,681,1241,0.0,0.0008333472224535399,0.999919419822725,0.0
50961,42.46820780346339,1.0,560,681,1241,0.0,0.0008333472224535399,0.999919419822725,0.0
50962,42.46904115068585,1.0,560,681,1241,0.0,0.0008333472224535399,0.999919419822725,0.0
50963,42.4698744979083,1.0,560,681,1241,0.0,0.0008333472224535399,0.999919419822725,0.0
50964,42.470707845130754,1.0,560,681,1241,0.0,0.0008333472224535399,1.0000000000000013,8.058017727639034e-05
50965,42.47154119235321,1.0,560,681,1241,0.0,0.0008333472224535399,1.0000000000000013,0.0
50966,42.47237453957566,1.0,560,681,1241,0.0,0.0008333472224535399,1.0000000000000013,0.0
50967,42.473207886798114,1.0,560,681,1241,0.0,0.0008333472224535399,1.0000000000000013,0.0
50968,42.47404123402057,1.0,560,681,1241,0.0,0.0008333472224535399,1.0000000000000013,0.0
50969,42.47487458124302,1.0,560,681,1241,0.0,0.0008333472224535399,1.0000000000000013,0.0
50970,42.475707928465475,1.0,560,681,1241,0.0,0.0008333472224535399,1.0000000000000013,0.0
50971,42.47654127568793,1.0,560,681,1241,0.0,0.0008333472224535399,1.0000000000000013,0.0
50972,42.47737462291038,1.0,560,681,1241,0.0,0.0008333472224535399,1.0000000000000013,0.0
50973,42.478207970132836,1.0,560,681,1241,0.0,0.0008333472224535399,1.0000000000000013,0.0
50974,42.47904131735529,1.0,560,681,1241,0.0,0.0008333472224535399,1.0000000000000013,0.0
50975,42.47987466457774,1.0,560,681,1241,0.0,0.0008333472224535399,1.0000000000000013,0.0
50976,42.480708011800196,1.0,560,681,1241,0.0,0.0008333472224535399,1.0000000000000013,0.0
50977,42.48154135902265,1.0,560,681,1241,0.0,0.0008333472224535399,1.0000000000000013,0.0
50978,42.4823747062451,1.0,560,681,1241,0.0,0.0008333472224535399,1.0000000000000013,0.0
50979,42.48320805346756,1.0,560,681,1241,0.0,0.0008333472224535399,1.0000000000000013,0.0
50980,42.48404140069001,1.0,560,681,1241,0.0,0.0008333472224535399,1.0000000000000013,0.0
50981,42.484874747912464,1.0,560,681,1241,0.0,0.0008333472224535399,1.0000000000000013,0.0
50982,42.48570809513492,1.0,560,681,1241,0.0,0.0008333472224535399,1.0000000000000013,0.0
50983,42.48654144235737,1.0,560,681,1241,0.0,0.0008333472224535399,1.0000000000000013,0.0
50984,42.487374789579825,1.0,560,681,1241,0.0,0.0008333472224535399,1.0000000000000013,0.0
50985,42.488208136802285,1.0,560,681,1241,0.0,0.0008333472224606453,1.0000000000000013,0.0
50986,42.48904148402474,1.0,560,681,1241,0.0,0.0008333472224535399,1.0000000000000013,0.0
50987,42.48987483124719,1.0,560,681,1241,0.0,0.0008333472224535399,1.0000000000000013,0.0
50988,42.490708178469646,1.0,560,681,1241,0.0,0.0008333472224535399,1.0000000000000013,0.0
50989,42.4915415256921,1.0,560,681,1241,0.0,0.0008333472224535399,1.0000000000000013,0.0
50990,42.49237487291455,1.0,560,681,1241,0.0,0.0008333472224535399,1.0000000000000013,0.0
50991,42.49320822013701,1.0,560,681,1241,0.0,0.0008333472224535399,1.0000000000000013,0.0
50992,42.49404156735946,1.0,560,681,1241,0.0,0.0008333472224535399,1.0000000000000013,0.0
50993,42.494874914581914,1.0,560,681,1241,0.0,0.0008333472224535399,1.0000000000000013,0.0
50994,42.49570826180437,1.0,560,681,1241,0.0,0.0008333472224535399,1.0000000000000013,0.0
50995,42.49654160902682,1.0,560,681,1241,0.0,0.0008333472224535399,1.0000000000000013,0.0
50996,42.497374956249274,1.0,560,681,1241,0.0,0.0008333472224535399,1.0000000000000013,0.0
50997,42.49820830347173,1.0,560,681,1241,0.0,0.0008333472224535399,1.0000000000000013,0.0
50998,42.49904165069418,1.0,560,681,1241,0.0,0.0008333472224535399,1.0000000000000013,0.0
50999,42.499874997916635,1.0,560,681,1241,0.0,0.0008333472224535399,1.0000000000000013,0.0
51000,42.50070834513909,1.0,560,681,1241,0.0,0.0008333472224535399,1.0000000000000013,0.0
51001,42.50154169236154,1.0,560,681,1241,0.0,0.0008333472224535399,1.0000000000000013,0.0
51002,42.502375039583995,1.0,560,681,1241,0.0,0.0008333472224535399,1.0000000000000013,0.0
51003,42.50320838680645,0.9991941982272361,560,681,1241,-0.0008058017727639033,0.0008333472224535399,0.999919419822725,-8.058017727639034e-05
51004,42.5040417340289,0.9991941982272361,560,681,1241,0.0,0.0008333472224535399,0.9998388396454487,-8.058017727639034e-05
51005,42.504875081251356,0.9991941982272361,560,681,1241,0.0,0.0008333472224535399,0.9997582594681724,-8.058017727639034e-05
51006,42.50570842847381,1.0,560,681,1241,0.0008058017727639033,0.0008333472224535399,0.9997582594681724,0.0
51007,42.50654177569626,1.0,560,681,1241,0.0,0.0008333472224535399,0.9997582594681724,0.0
51008,42.50737512291872,1.0,560,681,1241,0.0,0.0008333472224535399,0.9997582594681724,0.0
51009,42.50820847014117,1.0,560,681,1241,0.0,0.0008333472224535399,0.9997582594681724,0.0
51010,42.509041817363624,1.0,560,681,1241,0.0,0.0008333472224535399,0.9997582594681724,0.0
51011,42.50987516458608,1.0,560,681,1241,0.0,0.0008333472224535399,0.9997582594681724,0.0
51012,42.51070851180853,1.0,560,681,1241,0.0,0.0008333472224535399,0.9997582594681724,0.0
51013,42.511541859030984,1.0,560,681,1241,0.0,0.0008333472224535399,0.9998388396454487,8.058017727639034e-05
51014,42.51237520625344,1.0,560,681,1241,0.0,0.0008333472224535399,0.999919419822725,8.058017727639034e-05
51015,42.51320855347589,1.0,560,681,1241,0.0,0.0008333472224535399,1.0000000000000013,8.058017727639034e-05
51016,42.514041900698345,1.0,560,681,1241,0.0,0.0008333472224535399,1.0000000000000013,0.0
51017,42.5148752479208,1.0,560,681,1241,0.0,0.0008333472224535399,1.0000000000000013,0.0
51018,42.51570859514325,0.9991941982272361,560,681,1241,-0.0008058017727639033,0.0008333472224535399,0.999919419822725,-8.058017727639034e-05
51019,42.516541942365706,1.0,560,681,1241,0.0008058017727639033,0.0008333472224535399,0.999919419822725,0.0
51020,42.51737528958816,1.0,560,681,1241,0.0,0.0008333472224535399,0.999919419822725,0.0
51021,42.51820863681061,0.9991941982272361,560,681,1241,-0.0008058017727639033,0.0008333472224535399,0.9998388396454487,-8.058017727639034e-05
51022,42.519041984033066,0.9991941982272361,560,681,1241,0.0,0.0008333472224535399,0.9997582594681724,-8.058017727639034e-05
51023,42.51987533125552,1.0,560,681,1241,0.0008058017727639033,0.0008333472224535399,0.9997582594681724,0.0
51024,42.52070867847797,1.0,560,681,1241,0.0,0.0008333472224535399,0.9997582594681724,0.0
51025,42.52154202570043,1.0,560,681,1241,0.0,0.0008333472224535399,0.9997582594681724,0.0
51026,42.52237537292288,1.0,560,681,1241,0.0,0.0008333472224535399,0.9997582594681724,0.0
51027,42.52320872014534,1.0,560,681,1241,0.0,0.0008333472224606453,0.9997582594681724,0.0
51028,42.524042067367795,1.0,560,681,1241,0.0,0.0008333472224535399,0.9998388396454487,8.058017727639034e-05
51029,42.52487541459025,0.9991941982272361,560,681,1241,-0.0008058017727639033,0.0008333472224535399,0.9997582594681724,-8.058017727639034e-05
51030,42.5257087618127,0.9991941982272361,560,681,1241,0.0,0.0008333472224535399,0.999677679290896,-8.058017727639034e-05
51031,42.526542109035155,0.9991941982272361,560,681,1241,0.0,0.0008333472224535399,0.999677679290896,0.0
51032,42.52737545625761,0.9991941982272361,560,681,1241,0.0,0.0008333472224535399,0.999677679290896,0.0
51033,42.52820880348006,0.9991941982272361,560,681,1241,0.0,0.0008333472224535399,0.9995970991136197,-8.058017727639034e-05
51034,42.529042150702516,1.0,560,681,1241,0.0008058017727639033,0.0008333472224535399,0.9995970991136197,0.0
51035,42.52987549792497,1.0,560,681,1241,0.0,0.0008333472224535399,0.9995970991136197,0.0
51036,42.53070884514742,1.0,560,681,1241,0.0,0.0008333472224535399,0.9995970991136197,0.0
51037,42.531542192369876,1.0,560,681,1241,0.0,0.0008333472224535399,0.9995970991136197,0.0
51038,42.53237553959233,1.0,560,681,1241,0.0,0.0008333472224535399,0.9995970991136197,0.0
51039,42.53320888681478,1.0,560,681,1241,0.0,0.0008333472224535399,0.999677679290896,8.058017727639034e-05
51040,42.53404223403724,1.0,560,681,1241,0.0,0.0008333472224535399,0.9997582594681724,8.058017727639034e-05
51041,42.53487558125969,1.0,560,681,1241,0.0,0.0008333472224535399,0.9998388396454487,8.058017727639034e-05
51042,42.535708928482144,1.0,560,681,1241,0.0,0.0008333472224535399,0.999919419822725,8.058017727639034e-05
51043,42.5365422757046,1.0,560,681,1241,0.0,0.0008333472224535399,1.0000000000000013,8.058017727639034e-05
51044,42.53737562292705,1.0,560,681,1241,0.0,0.0008333472224535399,1.0000000000000013,0.0
51045,42.538208970149505,1.0,560,681,1241,0.0,0.0008333472224535399,1.0000000000000013,0.0
51046,42.53904231737196,1.0,560,681,1241,0.0,0.0008333472224535399,1.0000000000000013,0.0
51047,42.53987566459441,1.0,560,681,1241,0.0,0.0008333472224535399,1.0000000000000013,0.0
51048,42.540709011816865,1.0,560,681,1241,0.0,0.0008333472224535399,1.0000000000000013,0.0
51049,42.54154235903932,1.0,560,681,1241,0.0,0.0008333472224535399,1.0000000000000013,0.0
51050,42.54237570626177,1.0,560,681,1241,0.0,0.0008333472224535399,1.0000000000000013,0.0
51051,42.543209053484226,1.0,560,681,1241,0.0,0.0008333472224535399,1.0000000000000013,0.0
51052,42.54404240070668,1.0,560,681,1241,0.0,0.0008333472224535399,1.0000000000000013,0.0
51053,42.54487574792913,1.0,560,681,1241,0.0,0.0008333472224535399,1.0000000000000013,0.0
51054,42.54570909515159,1.0,560,681,1241,0.0,0.0008333472224535399,1.0000000000000013,0.0
51055,42.54654244237404,1.0,560,681,1241,0.0,0.0008333472224535399,1.0000000000000013,0.0
51056,42.547375789596494,1.0,560,681,1241,0.0,0.0008333472224535399,1.0000000000000013,0.0
51057,42.54820913681895,1.0,560,681,1241,0.0,0.0008333472224535399,1.0000000000000013,0.0
51058,42.5490424840414,1.0,560,681,1241,0.0,0.0008333472224535399,1.0000000000000013,0.0
51059,42.549875831263854,1.0,560,681,1241,0.0,0.0008333472224535399,1.0000000000000013,0.0
51060,42.55070917848631,1.0,560,681,1241,0.0,0.0008333472224535399,1.0000000000000013,0.0
51061,42.55154252570876,1.0,560,681,1241,0.0,0.0008333472224535399,1.0000000000000013,0.0
51062,42.552375872931215,0.9991941982272361,560,681,1241,-0.0008058017727639033,0.0008333472224535399,0.999919419822725,-8.058017727639034e-05
51063,42.55320922015367,1.0,560,681,1241,0.0008058017727639033,0.0008333472224535399,0.999919419822725,0.0
51064,42.55404256737612,1.0,560,681,1241,0.0,0.0008333472224535399,0.999919419822725,0.0
51065,42.554875914598576,1.0,560,681,1241,0.0,0.0008333472224535399,0.999919419822725,0.0
51066,42.55570926182103,1.0,560,681,1241,0.0,0.0008333472224535399,0.999919419822725,0.0
51067,42.55654260904348,1.0,560,681,1241,0.0,0.0008333472224535399,0.999919419822725,0.0
51068,42.557375956265936,1.0,560,681,1241,0.0,0.0008333472224535399,0.999919419822725,0.0
51069,42.5582093034884,1.0,560,681,1241,0.0,0.0008333472224606453,0.999919419822725,0.0
51070,42.55904265071085,1.0,560,681,1241,0.0,0.0008333472224535399,0.999919419822725,0.0
51071,42.559875997933304,1.0,560,681,1241,0.0,0.0008333472224535399,0.999919419822725,0.0
51072,42.56070934515576,1.0,560,681,1241,0.0,0.0008333472224535399,1.0000000000000013,8.058017727639034e-05
51073,42.56154269237821,1.0,560,681,1241,0.0,0.0008333472224535399,1.0000000000000013,0.0
51074,42.562376039600665,1.0,560,681,1241,0.0,0.0008333472224535399,1.0000000000000013,0.0
51075,42.56320938682312,1.0,560,681,1241,0.0,0.0008333472224535399,1.0000000000000013,0.0
51076,42.56404273404557,1.0,560,681,1241,0.0,0.0008333472224535399,1.0000000000000013,0.0
51077,42.564876081268025,1.0,560,681,1241,0.0,0.0008333472224535399,1.0000000000000013,0.0
51078,42.56570942849048,1.0,560,681,1241,0.0,0.0008333472224535399,1.0000000000000013,0.0
51079,42.56654277571293,1.0,560,681,1241,0.0,0.0008333472224535399,1.0000000000000013,0.0
51080,42.567376122935386,1.0,560,681,1241,0.0,0.0008333472224535399,1.0000000000000013,0.0
51081,42.56820947015784,1.0,560,681,1241,0.0,0.0008333472224535399,1.0000000000000013,0.0
51082,42.56904281738029,1.0,560,681,1241,0.0,0.0008333472224535399,1.0000000000000013,0.0
51083,42.569876164602746,1.0,560,681,1241,0.0,0.0008333472224535399,1.0000000000000013,0.0
51084,42.5707095118252,1.0,560,681,1241,0.0,0.0008333472224535399,1.0000000000000013,0.0
51085,42.57154285904765,1.0,560,681,1241,0.0,0.0008333472224535399,1.0000000000000013,0.0
51086,42.57237620627011,1.0,560,681,1241,0.0,0.0008333472224535399,1.0000000000000013,0.0
51087,42.57320955349256,1.0,560,681,1241,0.0,0.0008333472224535399,1.0000000000000013,0.0
51088,42.574042900715014,1.0,560,681,1241,0.0,0.0008333472224535399,1.0000000000000013,0.0
51089,42.57487624793747,1.0,560,681,1241,0.0,0.0008333472224535399,1.0000000000000013,0.0
51090,42.57570959515992,1.0,560,681,1241,0.0,0.0008333472224535399,1.0000000000000013,0.0
51091,42.576542942382375,1.0,560,681,1241,0.0,0.0008333472224535399,1.0000000000000013,0.0
51092,42.57737628960483,1.0,560,681,1241,0.0,0.0008333472224535399,1.0000000000000013,0.0
51093,42.57820963682728,1.0,560,681,1241,0.0,0.0008333472224535399,1.0000000000000013,0.0
51094,42.579042984049735,1.0,560,681,1241,0.0,0.0008333472224535399,1.0000000000000013,0.0
51095,42.57987633127219,1.0,560,681,1241,0.0,0.0008333472224535399,1.0000000000000013,0.0
51096,42.58070967849464,1.0,560,681,1241,0.0,0.0008333472224535399,1.0000000000000013,0.0
51097,42.581543025717096,1.0,560,681,1241,0.0,0.0008333472224535399,1.0000000000000013,0.0
51098,42.58237637293955,1.0,560,681,1241,0.0,0.0008333472224535399,1.0000000000000013,0.0
51099,42.583209720162,1.0,560,681,1241,0.0,0.0008333472224535399,1.0000000000000013,0.0
51100,42.58404306738446,1.0,560,681,1241,0.0,0.0008333472224535399,1.0000000000000013,0.0
51101,42.58487641460691,1.0,560,681,1241,0.0,0.0008333472224535399,1.0000000000000013,0.0
51102,42.585709761829364,1.0,560,681,1241,0.0,0.0008333472224535399,1.0000000000000013,0.0
51103,42.58654310905182,1.0,560,681,1241,0.0,0.0008333472224535399,1.0000000000000013,0.0
51104,42.58737645627427,1.0,560,681,1241,0.0,0.0008333472224535399,1.0000000000000013,0.0
51105,42.588209803496724,1.0,560,681,1241,0.0,0.0008333472224535399,1.0000000000000013,0.0
51106,42.58904315071918,0.9991941982272361,560,681,1241,-0.0008058017727639033,0.0008333472224535399,0.999919419822725,-8.058017727639034e-05
51107,42.58987649794163,0.9991941982272361,560,681,1241,0.0,0.0008333472224535399,0.9998388396454487,-8.058017727639034e-05
51108,42.590709845164085,1.0,560,681,1241,0.0008058017727639033,0.0008333472224535399,0.9998388396454487,0.0
51109,42.59154319238654,1.0,560,681,1241,0.0,0.0008333472224535399,0.9998388396454487,0.0
51110,42.59237653960899,1.0,560,681,1241,0.0,0.0008333472224535399,0.9998388396454487,0.0
51111,42.593209886831445,1.0,560,681,1241,0.0,0.0008333472224535399,0.9998388396454487,0.0
51112,42.594043234053906,0.9991941982272361,560,681,1241,-0.0008058017727639033,0.0008333472224606453,0.9997582594681724,-8.058017727639034e-05
51113,42.59487658127636,0.9991941982272361,560,681,1241,0.0,0.0008333472224535399,0.999677679290896,-8.058017727639034e-05
51114,42.59570992849881,0.9991941982272361,560,681,1241,0.0,0.0008333472224535399,0.9995970991136197,-8.058017727639034e-05
51115,42.59654327572127,0.9991941982272361,560,681,1241,0.0,0.0008333472224535399,0.9995165189363433,-8.058017727639034e-05
51116,42.59737662294372,0.9991941982272361,560,681,1241,0.0,0.0008333472224535399,0.9995165189363433,0.0
51117,42.598209970166174,1.0,560,681,1241,0.0008058017727639033,0.0008333472224535399,0.9995970991136197,8.058017727639034e-05
51118,42.59904331738863,1.0,560,681,1241,0.0,0.0008333472224535399,0.9995970991136197,0.0
51119,42.59987666461108,1.0,560,681,1241,0.0,0.0008333472224535399,0.9995970991136197,0.0
51120,42.600710011833534,1.0,560,681,1241,0.0,0.0008333472224535399,0.9995970991136197,0.0
51121,42.60154335905599,1.0,560,681,1241,0.0,0.0008333472224535399,0.9995970991136197,0.0
51122,42.60237670627844,1.0,560,681,1241,0.0,0.0008333472224535399,0.999677679290896,8.058017727639034e-05
51123,42.603210053500895,1.0,560,681,1241,0.0,0.0008333472224535399,0.9997582594681724,8.058017727639034e-05
51124,42.60404340072335,1.0,560,681,1241,0.0,0.0008333472224535399,0.9998388396454487,8.058017727639034e-05
51125,42.6048767479458,1.0,560,681,1241,0.0,0.0008333472224535399,0.999919419822725,8.058017727639034e-05
51126,42.605710095168256,1.0,560,681,1241,0.0,0.0008333472224535399,1.0000000000000013,8.058017727639034e-05
51127,42.60654344239071,1.0,560,681,1241,0.0,0.0008333472224535399,1.0000000000000013,0.0
51128,42.60737678961316,1.0,560,681,1241,0.0,0.0008333472224535399,1.0000000000000013,0.0
51129,42.608210136835616,1.0,560,681,1241,0.0,0.0008333472224535399,1.0000000000000013,0.0
51130,42.60904348405807,1.0,560,681,1241,0.0,0.0008333472224535399,1.0000000000000013,0.0
51131,42.60987683128052,1.0,560,681,1241,0.0,0.0008333472224535399,1.0000000000000013,0.0
51132,42.61071017850298,1.0,560,681,1241,0.0,0.0008333472224535399,1.0000000000000013,0.0
51133,42.61154352572543,1.0,560,681,1241,0.0,0.0008333472224535399,1.0000000000000013,0.0
51134,42.612376872947884,1.0,560,681,1241,0.0,0.0008333472224535399,1.0000000000000013,0.0
51135,42.61321022017034,1.0,560,681,1241,0.0,0.0008333472224535399,1.0000000000000013,0.0
51136,42.61404356739279,1.0,560,681,1241,0.0,0.0008333472224535399,1.0000000000000013,0.0
51137,42.614876914615245,1.0,560,681,1241,0.0,0.0008333472224535399,1.0000000000000013,0.0
51138,42.6157102618377,1.0,560,681,1241,0.0,0.0008333472224535399,1.0000000000000013,0.0
51139,42.61654360906015,1.0,560,681,1241,0.0,0.0008333472224535399,1.0000000000000013,0.0
51140,42.617376956282605,1.0,560,681,1241,0.0,0.0008333472224535399,1.0000000000000013,0.0
51141,42.61821030350506,1.0,560,681,1241,0.0,0.0008333472224535399,1.0000000000000013,0.0
51142,42.61904365072751,1.0,560,681,1241,0.0,0.0008333472224535399,1.0000000000000013,0.0
51143,42.619876997949966,1.0,560,681,1241,0.0,0.0008333472224535399,1.0000000000000013,0.0
51144,42.62071034517242,1.0,560,681,1241,0.0,0.0008333472224535399,1.0000000000000013,0.0
51145,42.62154369239487,1.0,560,681,1241,0.0,0.0008333472224535399,1.0000000000000013,0.0
51146,42.62237703961733,1.0,560,681,1241,0.0,0.0008333472224535399,1.0000000000000013,0.0
51147,42.62321038683978,1.0,560,681,1241,0.0,0.0008333472224535399,1.0000000000000013,0.0
51148,42.624043734062234,1.0,560,681,1241,0.0,0.0008333472224535399,1.0000000000000013,0.0
51149,42.62487708128469,1.0,560,681,1241,0.0,0.0008333472224535399,1.0000000000000013,0.0
51150,42.62571042850714,1.0,560,681,1241,0.0,0.0008333472224535399,1.0000000000000013,0.0
51151,42.626543775729594,1.0,560,681,1241,0.0,0.0008333472224535399,1.0000000000000013,0.0
51152,42.62737712295205,1.0,560,681,1241,0.0,0.0008333472224535399,1.0000000000000013,0.0
51153,42.6282104701745,1.0,560,681,1241,0.0,0.0008333472224535399,1.0000000000000013,0.0
51154,42.62904381739696,1.0,560,681,1241,0.0,0.0008333472224606453,1.0000000000000013,0.0
51155,42.629877164619415,1.0,560,681,1241,0.0,0.0008333472224535399,1.0000000000000013,0.0
51156,42.63071051184187,0.9991941982272361,560,681,1241,-0.0008058017727639033,0.0008333472224535399,0.999919419822725,-8.058017727639034e-05
51157,42.63154385906432,0.9991941982272361,560,681,1241,0.0,0.0008333472224535399,0.9998388396454487,-8.058017727639034e-05
51158,42.632377206286776,0.9991941982272361,560,681,1241,0.0,0.0008333472224535399,0.9997582594681724,-8.058017727639034e-05
51159,42.63321055350923,1.0,560,681,1241,0.0008058017727639033,0.0008333472224535399,0.9997582594681724,0.0
51160,42.63404390073168,1.0,560,681,1241,0.0,0.0008333472224535399,0.9997582594681724,0.0
51161,42.63487724795414,1.0,560,681,1241,0.0,0.0008333472224535399,0.9997582594681724,0.0
51162,42.63571059517659,1.0,560,681,1241,0.0,0.0008333472224535399,0.9997582594681724,0.0
51163,42.636543942399044,1.0,560,681,1241,0.0,0.0008333472224535399,0.9997582594681724,0.0
51164,42.6373772896215,1.0,560,681,1241,0.0,0.0008333472224535399,0.9997582594681724,0.0
51165,42.63821063684395,1.0,560,681,1241,0.0,0.0008333472224535399,0.9997582594681724,0.0
51166,42.639043984066404,1.0,560,681,1241,0.0,0.0008333472224535399,0.9998388396454487,8.058017727639034e-05
51167,42.63987733128886,1.0,560,681,1241,0.0,0.0008333472224535399,0.999919419822725,8.058017727639034e-05
51168,42.64071067851131,1.0,560,681,1241,0.0,0.0008333472224535399,1.0000000000000013,8.058017727639034e-05
51169,42.641544025733765,1.0,560,681,1241,0.0,0.0008333472224535399,1.0000000000000013,0.0
51170,42.64237737295622,1.0,560,681,1241,0.0,0.0008333472224535399,1.0000000000000013,0.0
51171,42.64321072017867,1.0,560,681,1241,0.0,0.0008333472224535399,1.0000000000000013,0.0
51172,42.644044067401126,1.0,560,681,1241,0.0,0.0008333472224535399,1.0000000000000013,0.0
51173,42.64487741462358,1.0,560,681,1241,0.0,0.0008333472224535399,1.0000000000000013,0.0
51174,42.64571076184603,1.0,560,681,1241,0.0,0.0008333472224535399,1.0000000000000013,0.0
51175,42.646544109068486,1.0,560,681,1241,0.0,0.0008333472224535399,1.0000000000000013,0.0
51176,42.64737745629094,1.0,560,681,1241,0.0,0.0008333472224535399,1.0000000000000013,0.0
51177,42.64821080351339,1.0,560,681,1241,0.0,0.0008333472224535399,1.0000000000000013,0.0
51178,42.64904415073585,1.0,560,681,1241,0.0,0.0008333472224535399,1.0000000000000013,0.0
51179,42.6498774979583,0.9991941982272361,560,681,1241,-0.0008058017727639033,0.0008333472224535399,0.999919419822725,-8.058017727639034e-05
51180,42.650710845180754,0.9991941982272361,560,681,1241,0.0,0.0008333472224535399,0.9998388396454487,-8.058017727639034e-05
51181,42.65154419240321,0.9991941982272361,560,681,1241,0.0,0.0008333472224535399,0.9997582594681724,-8.058017727639034e-05
51182,42.65237753962566,0.9991941982272361,560,681,1241,0.0,0.0008333472224535399,0.999677679290896,-8.058017727639034e-05
51183,42.653210886848115,0.9991941982272361,560,681,1241,0.0,0.0008333472224535399,0.9995970991136197,-8.058017727639034e-05
51184,42.65404423407057,0.9983883964544722,560,681,1241,-0.0008058017727639033,0.0008333472224535399,0.999435938759067,-0.00016116035455278067
51185,42.65487758129302,0.9983883964544722,560,681,1241,0.0,0.0008333472224535399,0.9992747784045143,-0.00016116035455278067
51186,42.655710928515475,0.9983883964544722,560,681,1241,0.0,0.0008333472224535399,0.9991136180499616,-0.00016116035455278067
51187,42.65654427573793,1.0,560,681,1241,0.0016116035455278066,0.0008333472224535399,0.9991136180499616,0.0
51188,42.65737762296038,1.0,560,681,1241,0.0,0.0008333472224535399,0.9991136180499616,0.0
51189,42.658210970182836,1.0,560,681,1241,0.0,0.0008333472224535399,0.999194198227238,8.058017727639034e-05
51190,42.65904431740529,1.0,560,681,1241,0.0,0.0008333472224535399,0.9992747784045143,8.058017727639034e-05
51191,42.65987766462774,1.0,560,681,1241,0.0,0.0008333472224535399,0.9993553585817907,8.058017727639034e-05
51192,42.660711011850196,1.0,560,681,1241,0.0,0.0008333472224535399,0.999435938759067,8.058017727639034e-05
51193,42.66154435907265,1.0,560,681,1241,0.0,0.0008333472224535399,0.9995165189363433,8.058017727639034e-05
51194,42.6623777062951,1.0,560,681,1241,0.0,0.0008333472224535399,0.999677679290896,0.00016116035455278067
51195,42.66321105351756,1.0,560,681,1241,0.0,0.0008333472224535399,0.9998388396454487,0.00016116035455278067
51196,42.66404440074001,1.0,560,681,1241,0.0,0.0008333472224535399,1.0000000000000013,0.00016116035455278067
51197,42.66487774796247,1.0,560,681,1241,0.0,0.0008333472224606453,1.0000000000000013,0.0
51198,42.665711095184925,1.0,560,681,1241,0.0,0.0008333472224535399,1.0000000000000013,0.0
51199,42.66654444240738,1.0,560,681,1241,0.0,0.0008333472224535399,1.0000000000000013,0.0
51200,42.66737778962983,1.0,560,681,1241,0.0,0.0008333472224535399,1.0000000000000013,0.0
51201,42.668211136852285,0.9991941982272361,560,681,1241,-0.0008058017727639033,0.0008333472224535399,0.999919419822725,-8.058017727639034e-05
51202,42.66904448407474,1.0,560,681,1241,0.0008058017727639033,0.0008333472224535399,0.999919419822725,0.0
51203,42.66987783129719,1.0,560,681,1241,0.0,0.0008333472224535399,0.999919419822725,0.0
51204,42.670711178519646,1.0,560,681,1241,0.0,0.0008333472224535399,0.999919419822725,0.0
51205,42.6715445257421,1.0,560,681,1241,0.0,0.0008333472224535399,0.999919419822725,0.0
51206,42.67237787296455,0.9991941982272361,560,681,1241,-0.0008058017727639033,0.0008333472224535399,0.9998388396454487,-8.058017727639034e-05
51207,42.67321122018701,1.0,560,681,1241,0.0008058017727639033,0.0008333472224535399,0.9998388396454487,0.0
51208,42.67404456740946,1.0,560,681,1241,0.0,0.0008333472224535399,0.9998388396454487,0.0
51209,42.674877914631914,1.0,560,681,1241,0.0,0.0008333472224535399,0.9998388396454487,0.0
51210,42.67571126185437,1.0,560,681,1241,0.0,0.0008333472224535399,0.9998388396454487,0.0
51211,42.67654460907682,1.0,560,681,1241,0.0,0.0008333472224535399,0.999919419822725,8.058017727639034e-05
51212,42.677377956299274,1.0,560,681,1241,0.0,0.0008333472224535399,0.999919419822725,0.0
51213,42.67821130352173,1.0,560,681,1241,0.0,0.0008333472224535399,0.999919419822725,0.0
51214,42.67904465074418,1.0,560,681,1241,0.0,0.0008333472224535399,0.999919419822725,0.0
51215,42.679877997966635,1.0,560,681,1241,0.0,0.0008333472224535399,0.999919419822725,0.0
51216,42.68071134518909,1.0,560,681,1241,0.0,0.0008333472224535399,1.0000000000000013,8.058017727639034e-05
51217,42.68154469241154,1.0,560,681,1241,0.0,0.0008333472224535399,1.0000000000000013,0.0
51218,42.682378039633996,0.9983883964544722,560,681,1241,-0.0016116035455278066,0.0008333472224535399,0.9998388396454487,-0.00016116035455278067
51219,42.68321138685645,0.9983883964544722,560,681,1241,0.0,0.0008333472224535399,0.999677679290896,-0.00016116035455278067
51220,42.6840447340789,0.9991941982272361,560,681,1241,0.0008058017727639033,0.0008333472224535399,0.9995970991136197,-8.058017727639034e-05
51221,42.684878081301356,0.9991941982272361,560,681,1241,0.0,0.0008333472224535399,0.9995165189363433,-8.058017727639034e-05
51222,42.68571142852381,0.9991941982272361,560,681,1241,0.0,0.0008333472224535399,0.999435938759067,-8.058017727639034e-05
51223,42.68654477574626,1.0,560,681,1241,0.0008058017727639033,0.0008333472224535399,0.999435938759067,0.0
51224,42.68737812296872,1.0,560,681,1241,0.0,0.0008333472224535399,0.999435938759067,0.0
51225,42.68821147019117,1.0,560,681,1241,0.0,0.0008333472224535399,0.999435938759067,0.0
51226,42.689044817413624,1.0,560,681,1241,0.0,0.0008333472224535399,0.999435938759067,0.0
51227,42.68987816463608,0.9991941982272361,560,681,1241,-0.0008058017727639033,0.0008333472224535399,0.9993553585817907,-8.058017727639034e-05
51228,42.69071151185853,1.0,560,681,1241,0.0008058017727639033,0.0008333472224535399,0.9995165189363433,0.00016116035455278067
51229,42.691544859080985,1.0,560,681,1241,0.0,0.0008333472224535399,0.999677679290896,0.00016116035455278067
51230,42.69237820630344,1.0,560,681,1241,0.0,0.0008333472224535399,0.9997582594681724,8.058017727639034e-05
51231,42.69321155352589,1.0,560,681,1241,0.0,0.0008333472224535399,0.9998388396454487,8.058017727639034e-05
51232,42.694044900748345,1.0,560,681,1241,0.0,0.0008333472224535399,0.999919419822725,8.058017727639034e-05
51233,42.6948782479708,0.9991941982272361,560,681,1241,-0.0008058017727639033,0.0008333472224535399,0.9998388396454487,-8.058017727639034e-05
51234,42.69571159519325,1.0,560,681,1241,0.0008058017727639033,0.0008333472224535399,0.9998388396454487,0.0
51235,42.696544942415706,1.0,560,681,1241,0.0,0.0008333472224535399,0.9998388396454487,0.0
51236,42.69737828963816,1.0,560,681,1241,0.0,0.0008333472224535399,0.9998388396454487,0.0
51237,42.69821163686061,1.0,560,681,1241,0.0,0.0008333472224535399,0.999919419822725,8.058017727639034e-05
51238,42.699044984083066,1.0,560,681,1241,0.0,0.0008333472224535399,0.999919419822725,0.0
51239,42.69987833130553,1.0,560,681,1241,0.0,0.0008333472224606453,0.999919419822725,0.0
51240,42.70071167852798,1.0,560,681,1241,0.0,0.0008333472224535399,0.999919419822725,0.0
51241,42.701545025750434,1.0,560,681,1241,0.0,0.0008333472224535399,0.999919419822725,0.0
51242,42.70237837297289,1.0,560,681,1241,0.0,0.0008333472224535399,0.999919419822725,0.0
51243,42.70321172019534,1.0,560,681,1241,0.0,0.0008333472224535399,1.0000000000000013,8.058017727639034e-05
51244,42.704045067417795,1.0,560,681,1241,0.0,0.0008333472224535399,1.0000000000000013,0.0
51245,42.70487841464025,1.0,560,681,1241,0.0,0.0008333472224535399,1.0000000000000013,0.0
51246,42.7057117618627,1.0,560,681,1241,0.0,0.0008333472224535399,1.0000000000000013,0.0
51247,42.706545109085155,1.0,560,681,1241,0.0,0.0008333472224535399,1.0000000000000013,0.0
51248,42.70737845630761,1.0,560,681,1241,0.0,0.0008333472224535399,1.0000000000000013,0.0
51249,42.70821180353006,1.0,560,681,1241,0.0,0.0008333472224535399,1.0000000000000013,0.0
51250,42.709045150752516,1.0,560,681,1241,0.0,0.0008333472224535399,1.0000000000000013,0.0
51251,42.70987849797497,1.0,560,681,1241,0.0,0.0008333472224535399,1.0000000000000013,0.0
51252,42.71071184519742,1.0,560,681,1241,0.0,0.0008333472224535399,1.0000000000000013,0.0
51253,42.71154519241988,1.0,560,681,1241,0.0,0.0008333472224535399,1.0000000000000013,0.0
51254,42.71237853964233,1.0,560,681,1241,0.0,0.0008333472224535399,1.0000000000000013,0.0
51255,42.713211886864784,1.0,560,681,1241,0.0,0.0008333472224535399,1.0000000000000013,0.0
51256,42.71404523408724,1.0,560,681,1241,0.0,0.0008333472224535399,1.0000000000000013,0.0
51257,42.71487858130969,0.9991941982272361,560,681,1241,-0.0008058017727639033,0.0008333472224535399,0.999919419822725,-8.058017727639034e-05
51258,42.715711928532144,0.9991941982272361,560,681,1241,0.0,0.0008333472224535399,0.9998388396454487,-8.058017727639034e-05
51259,42.7165452757546,1.0,560,681,1241,0.0008058017727639033,0.0008333472224535399,0.9998388396454487,0.0
51260,42.71737862297705,1.0,560,681,1241,0.0,0.0008333472224535399,0.9998388396454487,0.0
51261,42.718211970199505,1.0,560,681,1241,0.0,0.0008333472224535399,0.9998388396454487,0.0
51262,42.71904531742196,1.0,560,681,1241,0.0,0.0008333472224535399,0.9998388396454487,0.0
51263,42.71987866464441,1.0,560,681,1241,0.0,0.0008333472224535399,0.9998388396454487,0.0
51264,42.720712011866866,1.0,560,681,1241,0.0,0.0008333472224535399,0.9998388396454487,0.0
51265,42.72154535908932,1.0,560,681,1241,0.0,0.0008333472224535399,0.9998388396454487,0.0
51266,42.72237870631177,0.9991941982272361,560,681,1241,-0.0008058017727639033,0.0008333472224535399,0.9997582594681724,-8.058017727639034e-05
51267,42.723212053534226,1.0,560,681,1241,0.0008058017727639033,0.0008333472224535399,0.9998388396454487,8.058017727639034e-05
51268,42.72404540075668,1.0,560,681,1241,0.0,0.0008333472224535399,0.999919419822725,8.058017727639034e-05
51269,42.72487874797913,1.0,560,681,1241,0.0,0.0008333472224535399,0.999919419822725,0.0
51270,42.72571209520159,1.0,560,681,1241,0.0,0.0008333472224535399,0.999919419822725,0.0
51271,42.72654544242404,1.0,560,681,1241,0.0,0.0008333472224535399,0.999919419822725,0.0
51272,42.727378789646494,1.0,560,681,1241,0.0,0.0008333472224535399,0.999919419822725,0.0
51273,42.72821213686895,1.0,560,681,1241,0.0,0.0008333472224535399,0.999919419822725,0.0
51274,42.7290454840914,1.0,560,681,1241,0.0,0.0008333472224535399,0.999919419822725,0.0
51275,42.729878831313854,1.0,560,681,1241,0.0,0.0008333472224535399,0.999919419822725,0.0
51276,42.73071217853631,1.0,560,681,1241,0.0,0.0008333472224535399,1.0000000000000013,8.058017727639034e-05
51277,42.73154552575876,1.0,560,681,1241,0.0,0.0008333472224535399,1.0000000000000013,0.0
51278,42.732378872981215,1.0,560,681,1241,0.0,0.0008333472224535399,1.0000000000000013,0.0
51279,42.73321222020367,1.0,560,681,1241,0.0,0.0008333472224535399,1.0000000000000013,0.0
51280,42.73404556742612,1.0,560,681,1241,0.0,0.0008333472224535399,1.0000000000000013,0.0
51281,42.73487891464858,1.0,560,681,1241,0.0,0.0008333472224606453,1.0000000000000013,0.0
51282,42.735712261871036,1.0,560,681,1241,0.0,0.0008333472224535399,1.0000000000000013,0.0
51283,42.73654560909349,1.0,560,681,1241,0.0,0.0008333472224535399,1.0000000000000013,0.0
51284,42.73737895631594,1.0,560,681,1241,0.0,0.0008333472224535399,1.0000000000000013,0.0
51285,42.7382123035384,1.0,560,681,1241,0.0,0.0008333472224535399,1.0000000000000013,0.0
51286,42.73904565076085,1.0,560,681,1241,0.0,0.0008333472224535399,1.0000000000000013,0.0
51287,42.739878997983304,1.0,560,681,1241,0.0,0.0008333472224535399,1.0000000000000013,0.0
51288,42.74071234520576,1.0,560,681,1241,0.0,0.0008333472224535399,1.0000000000000013,0.0
51289,42.74154569242821,1.0,560,681,1241,0.0,0.0008333472224535399,1.0000000000000013,0.0
51290,42.742379039650665,1.0,560,681,1241,0.0,0.0008333472224535399,1.0000000000000013,0.0
51291,42.74321238687312,1.0,560,681,1241,0.0,0.0008333472224535399,1.0000000000000013,0.0
51292,42.74404573409557,1.0,560,681,1241,0.0,0.0008333472224535399,1.0000000000000013,0.0
51293,42.744879081318025,1.0,560,681,1241,0.0,0.0008333472224535399,1.0000000000000013,0.0
51294,42.74571242854048,1.0,560,681,1241,0.0,0.0008333472224535399,1.0000000000000013,0.0
51295,42.74654577576293,1.0,560,681,1241,0.0,0.0008333472224535399,1.0000000000000013,0.0
51296,42.747379122985386,0.9991941982272361,560,681,1241,-0.0008058017727639033,0.0008333472224535399,0.999919419822725,-8.058017727639034e-05
51297,42.74821247020784,0.9991941982272361,560,681,1241,0.0,0.0008333472224535399,0.9998388396454487,-8.058017727639034e-05
51298,42.74904581743029,1.0,560,681,1241,0.0008058017727639033,0.0008333472224535399,0.9998388396454487,0.0
51299,42.74987916465275,1.0,560,681,1241,0.0,0.0008333472224535399,0.9998388396454487,0.0
51300,42.7507125118752,1.0,560,681,1241,0.0,0.0008333472224535399,0.9998388396454487,0.0
51301,42.751545859097654,1.0,560,681,1241,0.0,0.0008333472224535399,0.9998388396454487,0.0
51302,42.75237920632011,1.0,560,681,1241,0.0,0.0008333472224535399,0.9998388396454487,0.0
51303,42.75321255354256,1.0,560,681,1241,0.0,0.0008333472224535399,0.9998388396454487,0.0
51304,42.754045900765014,1.0,560,681,1241,0.0,0.0008333472224535399,0.9998388396454487,0.0
51305,42.75487924798747,1.0,560,681,1241,0.0,0.0008333472224535399,0.9998388396454487,0.0
51306,42.75571259520992,1.0,560,681,1241,0.0,0.0008333472224535399,0.999919419822725,8.058017727639034e-05
51307,42.756545942432375,1.0,560,681,1241,0.0,0.0008333472224535399,1.0000000000000013,8.058017727639034e-05
51308,42.75737928965483,1.0,560,681,1241,0.0,0.0008333472224535399,1.0000000000000013,0.0
51309,42.75821263687728,0.9991941982272361,560,681,1241,-0.0008058017727639033,0.0008333472224535399,0.999919419822725,-8.058017727639034e-05
51310,42.759045984099735,0.9991941982272361,560,681,1241,0.0,0.0008333472224535399,0.9998388396454487,-8.058017727639034e-05
51311,42.75987933132219,1.0,560,681,1241,0.0008058017727639033,0.0008333472224535399,0.9998388396454487,0.0
51312,42.76071267854464,1.0,560,681,1241,0.0,0.0008333472224535399,0.9998388396454487,0.0
51313,42.761546025767096,1.0,560,681,1241,0.0,0.0008333472224535399,0.9998388396454487,0.0
51314,42.76237937298955,1.0,560,681,1241,0.0,0.0008333472224535399,0.9998388396454487,0.0
51315,42.763212720212,1.0,560,681,1241,0.0,0.0008333472224535399,0.9998388396454487,0.0
51316,42.76404606743446,1.0,560,681,1241,0.0,0.0008333472224535399,0.9998388396454487,0.0
51317,42.76487941465691,1.0,560,681,1241,0.0,0.0008333472224535399,0.9998388396454487,0.0
51318,42.765712761879364,1.0,560,681,1241,0.0,0.0008333472224535399,0.9998388396454487,0.0
51319,42.76654610910182,1.0,560,681,1241,0.0,0.0008333472224535399,0.999919419822725,8.058017727639034e-05
51320,42.76737945632427,1.0,560,681,1241,0.0,0.0008333472224535399,1.0000000000000013,8.058017727639034e-05
51321,42.768212803546724,1.0,560,681,1241,0.0,0.0008333472224535399,1.0000000000000013,0.0
51322,42.76904615076918,1.0,560,681,1241,0.0,0.0008333472224535399,1.0000000000000013,0.0
51323,42.76987949799163,1.0,560,681,1241,0.0,0.0008333472224535399,1.0000000000000013,0.0
51324,42.77071284521409,1.0,560,681,1241,0.0,0.0008333472224606453,1.0000000000000013,0.0
51325,42.771546192436546,1.0,560,681,1241,0.0,0.0008333472224535399,1.0000000000000013,0.0
51326,42.772379539659,0.9991941982272361,560,681,1241,-0.0008058017727639033,0.0008333472224535399,0.999919419822725,-8.058017727639034e-05
51327,42.77321288688145,0.9991941982272361,560,681,1241,0.0,0.0008333472224535399,0.9998388396454487,-8.058017727639034e-05
51328,42.774046234103906,0.9991941982272361,560,681,1241,0.0,0.0008333472224535399,0.9997582594681724,-8.058017727639034e-05
51329,42.77487958132636,0.9991941982272361,560,681,1241,0.0,0.0008333472224535399,0.999677679290896,-8.058017727639034e-05
51330,42.77571292854881,1.0,560,681,1241,0.0008058017727639033,0.0008333472224535399,0.999677679290896,0.0
51331,42.77654627577127,1.0,560,681,1241,0.0,0.0008333472224535399,0.999677679290896,0.0
51332,42.77737962299372,1.0,560,681,1241,0.0,0.0008333472224535399,0.999677679290896,0.0
51333,42.778212970216174,1.0,560,681,1241,0.0,0.0008333472224535399,0.999677679290896,0.0
51334,42.77904631743863,1.0,560,681,1241,0.0,0.0008333472224535399,0.999677679290896,0.0
51335,42.77987966466108,1.0,560,681,1241,0.0,0.0008333472224535399,0.999677679290896,0.0
51336,42.780713011883535,1.0,560,681,1241,0.0,0.0008333472224535399,0.9997582594681724,8.058017727639034e-05
51337,42.78154635910599,1.0,560,681,1241,0.0,0.0008333472224535399,0.9998388396454487,8.058017727639034e-05
51338,42.78237970632844,1.0,560,681,1241,0.0,0.0008333472224535399,0.999919419822725,8.058017727639034e-05
51339,42.783213053550895,0.9991941982272361,560,681,1241,-0.0008058017727639033,0.0008333472224535399,0.999919419822725,0.0
51340,42.78404640077335,1.0,560,681,1241,0.0008058017727639033,0.0008333472224535399,0.999919419822725,0.0
51341,42.7848797479958,1.0,560,681,1241,0.0,0.0008333472224535399,0.999919419822725,0.0
51342,42.785713095218256,1.0,560,681,1241,0.0,0.0008333472224535399,0.999919419822725,0.0
51343,42.78654644244071,1.0,560,681,1241,0.0,0.0008333472224535399,0.999919419822725,0.0
51344,42.78737978966316,1.0,560,681,1241,0.0,0.0008333472224535399,0.999919419822725,0.0
51345,42.78821313688562,1.0,560,681,1241,0.0,0.0008333472224535399,0.999919419822725,0.0
51346,42.78904648410807,1.0,560,681,1241,0.0,0.0008333472224535399,0.999919419822725,0.0
51347,42.78987983133052,1.0,560,681,1241,0.0,0.0008333472224535399,0.999919419822725,0.0
51348,42.79071317855298,1.0,560,681,1241,0.0,0.0008333472224535399,0.999919419822725,0.0
51349,42.79154652577543,1.0,560,681,1241,0.0,0.0008333472224535399,1.0000000000000013,8.058017727639034e-05
51350,42.792379872997884,1.0,560,681,1241,0.0,0.0008333472224535399,1.0000000000000013,0.0
51351,42.79321322022034,1.0,560,681,1241,0.0,0.0008333472224535399,1.0000000000000013,0.0
51352,42.79404656744279,1.0,560,681,1241,0.0,0.0008333472224535399,1.0000000000000013,0.0
51353,42.794879914665245,1.0,560,681,1241,0.0,0.0008333472224535399,1.0000000000000013,0.0
51354,42.7957132618877,1.0,560,681,1241,0.0,0.0008333472224535399,1.0000000000000013,0.0
51355,42.79654660911015,1.0,560,681,1241,0.0,0.0008333472224535399,1.0000000000000013,0.0
51356,42.797379956332605,1.0,560,681,1241,0.0,0.0008333472224535399,1.0000000000000013,0.0
51357,42.79821330355506,1.0,560,681,1241,0.0,0.0008333472224535399,1.0000000000000013,0.0
51358,42.79904665077751,1.0,560,681,1241,0.0,0.0008333472224535399,1.0000000000000013,0.0
51359,42.799879997999966,1.0,560,681,1241,0.0,0.0008333472224535399,1.0000000000000013,0.0
51360,42.80071334522242,1.0,560,681,1241,0.0,0.0008333472224535399,1.0000000000000013,0.0
51361,42.80154669244487,1.0,560,681,1241,0.0,0.0008333472224535399,1.0000000000000013,0.0
51362,42.80238003966733,1.0,560,681,1241,0.0,0.0008333472224535399,1.0000000000000013,0.0
51363,42.80321338688978,1.0,560,681,1241,0.0,0.0008333472224535399,1.0000000000000013,0.0
51364,42.804046734112234,1.0,560,681,1241,0.0,0.0008333472224535399,1.0000000000000013,0.0
51365,42.80488008133469,1.0,560,681,1241,0.0,0.0008333472224535399,1.0000000000000013,0.0
51366,42.80571342855715,1.0,560,681,1241,0.0,0.0008333472224606453,1.0000000000000013,0.0
51367,42.8065467757796,1.0,560,681,1241,0.0,0.0008333472224535399,1.0000000000000013,0.0
51368,42.807380123002055,1.0,560,681,1241,0.0,0.0008333472224535399,1.0000000000000013,0.0
51369,42.80821347022451,1.0,560,681,1241,0.0,0.0008333472224535399,1.0000000000000013,0.0
51370,42.80904681744696,1.0,560,681,1241,0.0,0.0008333472224535399,1.0000000000000013,0.0
51371,42.809880164669416,1.0,560,681,1241,0.0,0.0008333472224535399,1.0000000000000013,0.0
51372,42.81071351189187,1.0,560,681,1241,0.0,0.0008333472224535399,1.0000000000000013,0.0
51373,42.81154685911432,1.0,560,681,1241,0.0,0.0008333472224535399,1.0000000000000013,0.0
51374,42.812380206336776,1.0,560,681,1241,0.0,0.0008333472224535399,1.0000000000000013,0.0
51375,42.81321355355923,1.0,560,681,1241,0.0,0.0008333472224535399,1.0000000000000013,0.0
51376,42.81404690078168,0.9991941982272361,560,681,1241,-0.0008058017727639033,0.0008333472224535399,0.999919419822725,-8.058017727639034e-05
51377,42.81488024800414,0.9991941982272361,560,681,1241,0.0,0.0008333472224535399,0.9998388396454487,-8.058017727639034e-05
51378,42.81571359522659,1.0,560,681,1241,0.0008058017727639033,0.0008333472224535399,0.9998388396454487,0.0
51379,42.816546942449044,1.0,560,681,1241,0.0,0.0008333472224535399,0.9998388396454487,0.0
51380,42.8173802896715,0.9991941982272361,560,681,1241,-0.0008058017727639033,0.0008333472224535399,0.9997582594681724,-8.058017727639034e-05
51381,42.81821363689395,0.9991941982272361,560,681,1241,0.0,0.0008333472224535399,0.999677679290896,-8.058017727639034e-05
51382,42.819046984116405,0.9991941982272361,560,681,1241,0.0,0.0008333472224535399,0.9995970991136197,-8.058017727639034e-05
51383,42.81988033133886,1.0,560,681,1241,0.0008058017727639033,0.0008333472224535399,0.9995970991136197,0.0
51384,42.82071367856131,0.9991941982272361,560,681,1241,-0.0008058017727639033,0.0008333472224535399,0.9995165189363433,-8.058017727639034e-05
51385,42.821547025783765,0.9991941982272361,560,681,1241,0.0,0.0008333472224535399,0.999435938759067,-8.058017727639034e-05
51386,42.82238037300622,1.0,560,681,1241,0.0008058017727639033,0.0008333472224535399,0.9995165189363433,8.058017727639034e-05
51387,42.82321372022867,1.0,560,681,1241,0.0,0.0008333472224535399,0.9995970991136197,8.058017727639034e-05
51388,42.824047067451126,1.0,560,681,1241,0.0,0.0008333472224535399,0.9995970991136197,0.0
51389,42.82488041467358,1.0,560,681,1241,0.0,0.0008333472224535399,0.9995970991136197,0.0
51390,42.82571376189603,1.0,560,681,1241,0.0,0.0008333472224535399,0.999677679290896,8.058017727639034e-05
51391,42.826547109118486,1.0,560,681,1241,0.0,0.0008333472224535399,0.9997582594681724,8.058017727639034e-05
51392,42.82738045634094,1.0,560,681,1241,0.0,0.0008333472224535399,0.9998388396454487,8.058017727639034e-05
51393,42.82821380356339,1.0,560,681,1241,0.0,0.0008333472224535399,0.9998388396454487,0.0
51394,42.82904715078585,1.0,560,681,1241,0.0,0.0008333472224535399,0.999919419822725,8.058017727639034e-05
51395,42.8298804980083,1.0,560,681,1241,0.0,0.0008333472224535399,1.0000000000000013,8.058017727639034e-05
51396,42.830713845230754,1.0,560,681,1241,0.0,0.0008333472224535399,1.0000000000000013,0.0
51397,42.83154719245321,1.0,560,681,1241,0.0,0.0008333472224535399,1.0000000000000013,0.0
51398,42.83238053967566,1.0,560,681,1241,0.0,0.0008333472224535399,1.0000000000000013,0.0
51399,42.833213886898115,1.0,560,681,1241,0.0,0.0008333472224535399,1.0000000000000013,0.0
51400,42.83404723412057,1.0,560,681,1241,0.0,0.0008333472224535399,1.0000000000000013,0.0
51401,42.83488058134302,1.0,560,681,1241,0.0,0.0008333472224535399,1.0000000000000013,0.0
51402,42.835713928565475,1.0,560,681,1241,0.0,0.0008333472224535399,1.0000000000000013,0.0
51403,42.83654727578793,1.0,560,681,1241,0.0,0.0008333472224535399,1.0000000000000013,0.0
51404,42.83738062301038,1.0,560,681,1241,0.0,0.0008333472224535399,1.0000000000000013,0.0
51405,42.838213970232836,1.0,560,681,1241,0.0,0.0008333472224535399,1.0000000000000013,0.0
51406,42.83904731745529,1.0,560,681,1241,0.0,0.0008333472224535399,1.0000000000000013,0.0
51407,42.83988066467774,1.0,560,681,1241,0.0,0.0008333472224535399,1.0000000000000013,0.0
51408,42.840714011900204,1.0,560,681,1241,0.0,0.0008333472224606453,1.0000000000000013,0.0
51409,42.84154735912266,0.9991941982272361,560,681,1241,-0.0008058017727639033,0.0008333472224535399,0.999919419822725,-8.058017727639034e-05
51410,42.84238070634511,0.9991941982272361,560,681,1241,0.0,0.0008333472224535399,0.9998388396454487,-8.058017727639034e-05
51411,42.843214053567564,0.9991941982272361,560,681,1241,0.0,0.0008333472224535399,0.9997582594681724,-8.058017727639034e-05
51412,42.84404740079002,1.0,560,681,1241,0.0008058017727639033,0.0008333472224535399,0.9997582594681724,0.0
51413,42.84488074801247,1.0,560,681,1241,0.0,0.0008333472224535399,0.9997582594681724,0.0
51414,42.845714095234925,1.0,560,681,1241,0.0,0.0008333472224535399,0.9997582594681724,0.0
51415,42.84654744245738,1.0,560,681,1241,0.0,0.0008333472224535399,0.9997582594681724,0.0
51416,42.84738078967983,1.0,560,681,1241,0.0,0.0008333472224535399,0.9997582594681724,0.0
51417,42.848214136902286,1.0,560,681,1241,0.0,0.0008333472224535399,0.9997582594681724,0.0
51418,42.84904748412474,1.0,560,681,1241,0.0,0.0008333472224535399,0.9997582594681724,0.0
51419,42.84988083134719,1.0,560,681,1241,0.0,0.0008333472224535399,0.9998388396454487,8.058017727639034e-05
51420,42.850714178569646,1.0,560,681,1241,0.0,0.0008333472224535399,0.999919419822725,8.058017727639034e-05
51421,42.8515475257921,1.0,560,681,1241,0.0,0.0008333472224535399,1.0000000000000013,8.058017727639034e-05
51422,42.85238087301455,1.0,560,681,1241,0.0,0.0008333472224535399,1.0000000000000013,0.0
51423,42.85321422023701,1.0,560,681,1241,0.0,0.0008333472224535399,1.0000000000000013,0.0
51424,42.85404756745946,1.0,560,681,1241,0.0,0.0008333472224535399,1.0000000000000013,0.0
51425,42.854880914681914,1.0,560,681,1241,0.0,0.0008333472224535399,1.0000000000000013,0.0
51426,42.85571426190437,1.0,560,681,1241,0.0,0.0008333472224535399,1.0000000000000013,0.0
51427,42.85654760912682,1.0,560,681,1241,0.0,0.0008333472224535399,1.0000000000000013,0.0
51428,42.857380956349274,1.0,560,681,1241,0.0,0.0008333472224535399,1.0000000000000013,0.0
51429,42.85821430357173,0.9991941982272361,560,681,1241,-0.0008058017727639033,0.0008333472224535399,0.999919419822725,-8.058017727639034e-05
51430,42.85904765079418,0.9991941982272361,560,681,1241,0.0,0.0008333472224535399,0.9998388396454487,-8.058017727639034e-05
51431,42.859880998016635,1.0,560,681,1241,0.0008058017727639033,0.0008333472224535399,0.9998388396454487,0.0
51432,42.86071434523909,1.0,560,681,1241,0.0,0.0008333472224535399,0.9998388396454487,0.0
51433,42.86154769246154,1.0,560,681,1241,0.0,0.0008333472224535399,0.9998388396454487,0.0
51434,42.862381039683996,1.0,560,681,1241,0.0,0.0008333472224535399,0.9998388396454487,0.0
51435,42.86321438690645,1.0,560,681,1241,0.0,0.0008333472224535399,0.9998388396454487,0.0
51436,42.8640477341289,1.0,560,681,1241,0.0,0.0008333472224535399,0.9998388396454487,0.0
51437,42.864881081351356,1.0,560,681,1241,0.0,0.0008333472224535399,0.9998388396454487,0.0
51438,42.86571442857381,1.0,560,681,1241,0.0,0.0008333472224535399,0.9998388396454487,0.0
51439,42.86654777579626,1.0,560,681,1241,0.0,0.0008333472224535399,0.999919419822725,8.058017727639034e-05
51440,42.86738112301872,1.0,560,681,1241,0.0,0.0008333472224535399,1.0000000000000013,8.058017727639034e-05
51441,42.86821447024117,0.9991941982272361,560,681,1241,-0.0008058017727639033,0.0008333472224535399,0.999919419822725,-8.058017727639034e-05
51442,42.869047817463624,0.9991941982272361,560,681,1241,0.0,0.0008333472224535399,0.9998388396454487,-8.058017727639034e-05
51443,42.86988116468608,0.9991941982272361,560,681,1241,0.0,0.0008333472224535399,0.9997582594681724,-8.058017727639034e-05
51444,42.87071451190853,0.9991941982272361,560,681,1241,0.0,0.0008333472224535399,0.999677679290896,-8.058017727639034e-05
51445,42.871547859130985,0.9991941982272361,560,681,1241,0.0,0.0008333472224535399,0.9995970991136197,-8.058017727639034e-05
51446,42.87238120635344,0.9991941982272361,560,681,1241,0.0,0.0008333472224535399,0.9995165189363433,-8.058017727639034e-05
51447,42.87321455357589,1.0,560,681,1241,0.0008058017727639033,0.0008333472224535399,0.9995165189363433,0.0
51448,42.874047900798345,1.0,560,681,1241,0.0,0.0008333472224535399,0.9995165189363433,0.0
51449,42.8748812480208,1.0,560,681,1241,0.0,0.0008333472224535399,0.9995165189363433,0.0
51450,42.87571459524325,1.0,560,681,1241,0.0,0.0008333472224535399,0.9995165189363433,0.0
51451,42.87654794246571,1.0,560,681,1241,0.0,0.0008333472224606453,0.9995970991136197,8.058017727639034e-05
51452,42.87738128968817,1.0,560,681,1241,0.0,0.0008333472224535399,0.999677679290896,8.058017727639034e-05
51453,42.87821463691062,1.0,560,681,1241,0.0,0.0008333472224535399,0.9997582594681724,8.058017727639034e-05
51454,42.879047984133074,1.0,560,681,1241,0.0,0.0008333472224535399,0.9998388396454487,8.058017727639034e-05
51455,42.87988133135553,1.0,560,681,1241,0.0,0.0008333472224535399,0.999919419822725,8.058017727639034e-05
51456,42.88071467857798,1.0,560,681,1241,0.0,0.0008333472224535399,1.0000000000000013,8.058017727639034e-05
51457,42.881548025800434,1.0,560,681,1241,0.0,0.0008333472224535399,1.0000000000000013,0.0
51458,42.88238137302289,1.0,560,681,1241,0.0,0.0008333472224535399,1.0000000000000013,0.0
51459,42.88321472024534,1.0,560,681,1241,0.0,0.0008333472224535399,1.0000000000000013,0.0
51460,42.884048067467795,1.0,560,681,1241,0.0,0.0008333472224535399,1.0000000000000013,0.0
51461,42.88488141469025,1.0,560,681,1241,0.0,0.0008333472224535399,1.0000000000000013,0.0
51462,42.8857147619127,1.0,560,681,1241,0.0,0.0008333472224535399,1.0000000000000013,0.0
51463,42.886548109135155,1.0,560,681,1241,0.0,0.0008333472224535399,1.0000000000000013,0.0
51464,42.88738145635761,1.0,560,681,1241,0.0,0.0008333472224535399,1.0000000000000013,0.0
51465,42.88821480358006,1.0,560,681,1241,0.0,0.0008333472224535399,1.0000000000000013,0.0
51466,42.889048150802516,1.0,560,681,1241,0.0,0.0008333472224535399,1.0000000000000013,0.0
51467,42.88988149802497,1.0,560,681,1241,0.0,0.0008333472224535399,1.0000000000000013,0.0
51468,42.89071484524742,1.0,560,681,1241,0.0,0.0008333472224535399,1.0000000000000013,0.0
51469,42.89154819246988,1.0,560,681,1241,0.0,0.0008333472224535399,1.0000000000000013,0.0
51470,42.89238153969233,1.0,560,681,1241,0.0,0.0008333472224535399,1.0000000000000013,0.0
51471,42.893214886914784,1.0,560,681,1241,0.0,0.0008333472224535399,1.0000000000000013,0.0
51472,42.89404823413724,1.0,560,681,1241,0.0,0.0008333472224535399,1.0000000000000013,0.0
51473,42.89488158135969,1.0,560,681,1241,0.0,0.0008333472224535399,1.0000000000000013,0.0
51474,42.895714928582144,1.0,560,681,1241,0.0,0.0008333472224535399,1.0000000000000013,0.0
51475,42.8965482758046,1.0,560,681,1241,0.0,0.0008333472224535399,1.0000000000000013,0.0
51476,42.89738162302705,1.0,560,681,1241,0.0,0.0008333472224535399,1.0000000000000013,0.0
51477,42.898214970249505,1.0,560,681,1241,0.0,0.0008333472224535399,1.0000000000000013,0.0
51478,42.89904831747196,1.0,560,681,1241,0.0,0.0008333472224535399,1.0000000000000013,0.0
51479,42.89988166469441,1.0,560,681,1241,0.0,0.0008333472224535399,1.0000000000000013,0.0
51480,42.900715011916866,1.0,560,681,1241,0.0,0.0008333472224535399,1.0000000000000013,0.0
51481,42.90154835913932,0.9991941982272361,560,681,1241,-0.0008058017727639033,0.0008333472224535399,0.999919419822725,-8.058017727639034e-05
51482,42.90238170636177,0.9991941982272361,560,681,1241,0.0,0.0008333472224535399,0.9998388396454487,-8.058017727639034e-05
51483,42.903215053584226,1.0,560,681,1241,0.0008058017727639033,0.0008333472224535399,0.9998388396454487,0.0
51484,42.90404840080668,1.0,560,681,1241,0.0,0.0008333472224535399,0.9998388396454487,0.0
51485,42.90488174802913,1.0,560,681,1241,0.0,0.0008333472224535399,0.9998388396454487,0.0
51486,42.90571509525159,1.0,560,681,1241,0.0,0.0008333472224535399,0.9998388396454487,0.0
51487,42.90654844247404,1.0,560,681,1241,0.0,0.0008333472224535399,0.9998388396454487,0.0
51488,42.907381789696494,1.0,560,681,1241,0.0,0.0008333472224535399,0.9998388396454487,0.0
51489,42.90821513691895,1.0,560,681,1241,0.0,0.0008333472224535399,0.9998388396454487,0.0
51490,42.9090484841414,1.0,560,681,1241,0.0,0.0008333472224535399,0.9998388396454487,0.0
51491,42.909881831363855,0.9991941982272361,560,681,1241,-0.0008058017727639033,0.0008333472224535399,0.9998388396454487,0.0
51492,42.91071517858631,0.9991941982272361,560,681,1241,0.0,0.0008333472224535399,0.9998388396454487,0.0
51493,42.91154852580877,0.9991941982272361,560,681,1241,0.0,0.0008333472224606453,0.9997582594681724,-8.058017727639034e-05
51494,42.91238187303122,0.9991941982272361,560,681,1241,0.0,0.0008333472224535399,0.999677679290896,-8.058017727639034e-05
51495,42.913215220253676,0.9991941982272361,560,681,1241,0.0,0.0008333472224535399,0.9995970991136197,-8.058017727639034e-05
51496,42.91404856747613,0.9983883964544722,560,681,1241,-0.0008058017727639033,0.0008333472224535399,0.999435938759067,-0.00016116035455278067
51497,42.91488191469858,0.9991941982272361,560,681,1241,0.0008058017727639033,0.0008333472224535399,0.9993553585817907,-8.058017727639034e-05
51498,42.91571526192104,1.0,560,681,1241,0.0008058017727639033,0.0008333472224535399,0.9993553585817907,0.0
51499,42.91654860914349,1.0,560,681,1241,0.0,0.0008333472224535399,0.9993553585817907,0.0
51500,42.91738195636594,1.0,560,681,1241,0.0,0.0008333472224535399,0.9993553585817907,0.0
51501,42.9182153035884,1.0,560,681,1241,0.0,0.0008333472224535399,0.999435938759067,8.058017727639034e-05
51502,42.91904865081085,1.0,560,681,1241,0.0,0.0008333472224535399,0.9995165189363433,8.058017727639034e-05
51503,42.919881998033304,1.0,560,681,1241,0.0,0.0008333472224535399,0.9995970991136197,8.058017727639034e-05
51504,42.92071534525576,1.0,560,681,1241,0.0,0.0008333472224535399,0.999677679290896,8.058017727639034e-05
51505,42.92154869247821,1.0,560,681,1241,0.0,0.0008333472224535399,0.9997582594681724,8.058017727639034e-05
51506,42.922382039700665,1.0,560,681,1241,0.0,0.0008333472224535399,0.999919419822725,0.00016116035455278067
51507,42.92321538692312,1.0,560,681,1241,0.0,0.0008333472224535399,1.0000000000000013,8.058017727639034e-05
51508,42.92404873414557,1.0,560,681,1241,0.0,0.0008333472224535399,1.0000000000000013,0.0
51509,42.924882081368025,1.0,560,681,1241,0.0,0.0008333472224535399,1.0000000000000013,0.0
51510,42.92571542859048,1.0,560,681,1241,0.0,0.0008333472224535399,1.0000000000000013,0.0
51511,42.92654877581293,1.0,560,681,1241,0.0,0.0008333472224535399,1.0000000000000013,0.0
51512,42.927382123035386,1.0,560,681,1241,0.0,0.0008333472224535399,1.0000000000000013,0.0
51513,42.92821547025784,1.0,560,681,1241,0.0,0.0008333472224535399,1.0000000000000013,0.0
51514,42.92904881748029,1.0,560,681,1241,0.0,0.0008333472224535399,1.0000000000000013,0.0
51515,42.92988216470275,1.0,560,681,1241,0.0,0.0008333472224535399,1.0000000000000013,0.0
51516,42.9307155119252,1.0,560,681,1241,0.0,0.0008333472224535399,1.0000000000000013,0.0
51517,42.931548859147654,1.0,560,681,1241,0.0,0.0008333472224535399,1.0000000000000013,0.0
51518,42.93238220637011,1.0,560,681,1241,0.0,0.0008333472224535399,1.0000000000000013,0.0
51519,42.93321555359256,1.0,560,681,1241,0.0,0.0008333472224535399,1.0000000000000013,0.0
51520,42.934048900815014,1.0,560,681,1241,0.0,0.0008333472224535399,1.0000000000000013,0.0
51521,42.93488224803747,1.0,560,681,1241,0.0,0.0008333472224535399,1.0000000000000013,0.0
51522,42.93571559525992,1.0,560,681,1241,0.0,0.0008333472224535399,1.0000000000000013,0.0
51523,42.936548942482375,1.0,560,681,1241,0.0,0.0008333472224535399,1.0000000000000013,0.0
51524,42.93738228970483,1.0,560,681,1241,0.0,0.0008333472224535399,1.0000000000000013,0.0
51525,42.93821563692728,1.0,560,681,1241,0.0,0.0008333472224535399,1.0000000000000013,0.0
51526,42.939048984149736,1.0,560,681,1241,0.0,0.0008333472224535399,1.0000000000000013,0.0
51527,42.93988233137219,1.0,560,681,1241,0.0,0.0008333472224535399,1.0000000000000013,0.0
51528,42.94071567859464,1.0,560,681,1241,0.0,0.0008333472224535399,1.0000000000000013,0.0
51529,42.941549025817096,1.0,560,681,1241,0.0,0.0008333472224535399,1.0000000000000013,0.0
51530,42.94238237303955,1.0,560,681,1241,0.0,0.0008333472224535399,1.0000000000000013,0.0
51531,42.943215720262,1.0,560,681,1241,0.0,0.0008333472224535399,1.0000000000000013,0.0
51532,42.94404906748446,1.0,560,681,1241,0.0,0.0008333472224535399,1.0000000000000013,0.0
51533,42.94488241470691,1.0,560,681,1241,0.0,0.0008333472224535399,1.0000000000000013,0.0
51534,42.945715761929364,1.0,560,681,1241,0.0,0.0008333472224535399,1.0000000000000013,0.0
51535,42.946549109151825,1.0,560,681,1241,0.0,0.0008333472224606453,1.0000000000000013,0.0
51536,42.94738245637428,1.0,560,681,1241,0.0,0.0008333472224535399,1.0000000000000013,0.0
51537,42.94821580359673,1.0,560,681,1241,0.0,0.0008333472224535399,1.0000000000000013,0.0
51538,42.949049150819185,1.0,560,681,1241,0.0,0.0008333472224535399,1.0000000000000013,0.0
51539,42.94988249804164,1.0,560,681,1241,0.0,0.0008333472224535399,1.0000000000000013,0.0
51540,42.95071584526409,1.0,560,681,1241,0.0,0.0008333472224535399,1.0000000000000013,0.0
51541,42.951549192486546,1.0,560,681,1241,0.0,0.0008333472224535399,1.0000000000000013,0.0
51542,42.952382539709,1.0,560,681,1241,0.0,0.0008333472224535399,1.0000000000000013,0.0
51543,42.95321588693145,0.9991941982272361,560,681,1241,-0.0008058017727639033,0.0008333472224535399,0.999919419822725,-8.058017727639034e-05
51544,42.954049234153906,0.9991941982272361,560,681,1241,0.0,0.0008333472224535399,0.9998388396454487,-8.058017727639034e-05
51545,42.95488258137636,1.0,560,681,1241,0.0008058017727639033,0.0008333472224535399,0.9998388396454487,0.0
51546,42.95571592859881,1.0,560,681,1241,0.0,0.0008333472224535399,0.9998388396454487,0.0
51547,42.95654927582127,1.0,560,681,1241,0.0,0.0008333472224535399,0.9998388396454487,0.0
51548,42.95738262304372,1.0,560,681,1241,0.0,0.0008333472224535399,0.9998388396454487,0.0
51549,42.958215970266174,1.0,560,681,1241,0.0,0.0008333472224535399,0.9998388396454487,0.0
51550,42.95904931748863,1.0,560,681,1241,0.0,0.0008333472224535399,0.9998388396454487,0.0
51551,42.95988266471108,1.0,560,681,1241,0.0,0.0008333472224535399,0.9998388396454487,0.0
51552,42.960716011933535,1.0,560,681,1241,0.0,0.0008333472224535399,0.9998388396454487,0.0
51553,42.96154935915599,1.0,560,681,1241,0.0,0.0008333472224535399,0.999919419822725,8.058017727639034e-05
51554,42.96238270637844,1.0,560,681,1241,0.0,0.0008333472224535399,1.0000000000000013,8.058017727639034e-05
51555,42.963216053600895,1.0,560,681,1241,0.0,0.0008333472224535399,1.0000000000000013,0.0
51556,42.96404940082335,1.0,560,681,1241,0.0,0.0008333472224535399,1.0000000000000013,0.0
51557,42.9648827480458,1.0,560,681,1241,0.0,0.0008333472224535399,1.0000000000000013,0.0
51558,42.965716095268256,1.0,560,681,1241,0.0,0.0008333472224535399,1.0000000000000013,0.0
51559,42.96654944249071,1.0,560,681,1241,0.0,0.0008333472224535399,1.0000000000000013,0.0
51560,42.96738278971316,1.0,560,681,1241,0.0,0.0008333472224535399,1.0000000000000013,0.0
51561,42.96821613693562,0.9991941982272361,560,681,1241,-0.0008058017727639033,0.0008333472224535399,0.999919419822725,-8.058017727639034e-05
51562,42.96904948415807,0.9991941982272361,560,681,1241,0.0,0.0008333472224535399,0.9998388396454487,-8.058017727639034e-05
51563,42.969882831380524,0.9991941982272361,560,681,1241,0.0,0.0008333472224535399,0.9997582594681724,-8.058017727639034e-05
51564,42.97071617860298,1.0,560,681,1241,0.0008058017727639033,0.0008333472224535399,0.9997582594681724,0.0
51565,42.97154952582543,1.0,560,681,1241,0.0,0.0008333472224535399,0.9997582594681724,0.0
51566,42.972382873047884,1.0,560,681,1241,0.0,0.0008333472224535399,0.9997582594681724,0.0
51567,42.97321622027034,1.0,560,681,1241,0.0,0.0008333472224535399,0.9997582594681724,0.0
51568,42.97404956749279,1.0,560,681,1241,0.0,0.0008333472224535399,0.9997582594681724,0.0
51569,42.974882914715245,1.0,560,681,1241,0.0,0.0008333472224535399,0.9997582594681724,0.0
51570,42.9757162619377,1.0,560,681,1241,0.0,0.0008333472224535399,0.9997582594681724,0.0
51571,42.97654960916015,1.0,560,681,1241,0.0,0.0008333472224535399,0.9998388396454487,8.058017727639034e-05
51572,42.977382956382606,1.0,560,681,1241,0.0,0.0008333472224535399,0.999919419822725,8.058017727639034e-05
51573,42.97821630360506,1.0,560,681,1241,0.0,0.0008333472224535399,1.0000000000000013,8.058017727639034e-05
51574,42.97904965082751,1.0,560,681,1241,0.0,0.0008333472224535399,1.0000000000000013,0.0
51575,42.979882998049966,1.0,560,681,1241,0.0,0.0008333472224535399,1.0000000000000013,0.0
51576,42.98071634527242,1.0,560,681,1241,0.0,0.0008333472224535399,1.0000000000000013,0.0
51577,42.98154969249487,1.0,560,681,1241,0.0,0.0008333472224535399,1.0000000000000013,0.0
51578,42.982383039717334,1.0,560,681,1241,0.0,0.0008333472224606453,1.0000000000000013,0.0
51579,42.98321638693979,1.0,560,681,1241,0.0,0.0008333472224535399,1.0000000000000013,0.0
51580,42.98404973416224,1.0,560,681,1241,0.0,0.0008333472224535399,1.0000000000000013,0.0
51581,42.984883081384694,1.0,560,681,1241,0.0,0.0008333472224535399,1.0000000000000013,0.0
51582,42.98571642860715,1.0,560,681,1241,0.0,0.0008333472224535399,1.0000000000000013,0.0
51583,42.9865497758296,1.0,560,681,1241,0.0,0.0008333472224535399,1.0000000000000013,0.0
51584,42.987383123052055,1.0,560,681,1241,0.0,0.0008333472224535399,1.0000000000000013,0.0
51585,42.98821647027451,1.0,560,681,1241,0.0,0.0008333472224535399,1.0000000000000013,0.0
51586,42.98904981749696,1.0,560,681,1241,0.0,0.0008333472224535399,1.0000000000000013,0.0
51587,42.989883164719416,1.0,560,681,1241,0.0,0.0008333472224535399,1.0000000000000013,0.0
51588,42.99071651194187,1.0,560,681,1241,0.0,0.0008333472224535399,1.0000000000000013,0.0
51589,42.99154985916432,1.0,560,681,1241,0.0,0.0008333472224535399,1.0000000000000013,0.0
51590,42.992383206386776,1.0,560,681,1241,0.0,0.0008333472224535399,1.0000000000000013,0.0
51591,42.99321655360923,1.0,560,681,1241,0.0,0.0008333472224535399,1.0000000000000013,0.0
51592,42.99404990083168,1.0,560,681,1241,0.0,0.0008333472224535399,1.0000000000000013,0.0
51593,42.99488324805414,1.0,560,681,1241,0.0,0.0008333472224535399,1.0000000000000013,0.0
51594,42.99571659527659,1.0,560,681,1241,0.0,0.0008333472224535399,1.0000000000000013,0.0
51595,42.996549942499044,1.0,560,681,1241,0.0,0.0008333472224535399,1.0000000000000013,0.0
51596,42.9973832897215,1.0,560,681,1241,0.0,0.0008333472224535399,1.0000000000000013,0.0
51597,42.99821663694395,1.0,560,681,1241,0.0,0.0008333472224535399,1.0000000000000013,0.0
51598,42.999049984166405,1.0,560,681,1241,0.0,0.0008333472224535399,1.0000000000000013,0.0
51599,42.99988333138886,1.0,560,681,1241,0.0,0.0008333472224535399,1.0000000000000013,0.0
51600,43.00071667861131,1.0,560,681,1241,0.0,0.0008333472224535399,1.0000000000000013,0.0
51601,43.001550025833765,1.0,560,681,1241,0.0,0.0008333472224535399,1.0000000000000013,0.0
51602,43.00238337305622,1.0,560,681,1241,0.0,0.0008333472224535399,1.0000000000000013,0.0
51603,43.00321672027867,1.0,560,681,1241,0.0,0.0008333472224535399,1.0000000000000013,0.0
51604,43.004050067501126,1.0,560,681,1241,0.0,0.0008333472224535399,1.0000000000000013,0.0
51605,43.00488341472358,1.0,560,681,1241,0.0,0.0008333472224535399,1.0000000000000013,0.0
51606,43.00571676194603,1.0,560,681,1241,0.0,0.0008333472224535399,1.0000000000000013,0.0
51607,43.00655010916849,1.0,560,681,1241,0.0,0.0008333472224535399,1.0000000000000013,0.0
51608,43.00738345639094,1.0,560,681,1241,0.0,0.0008333472224535399,1.0000000000000013,0.0
51609,43.008216803613394,1.0,560,681,1241,0.0,0.0008333472224535399,1.0000000000000013,0.0
51610,43.00905015083585,1.0,560,681,1241,0.0,0.0008333472224535399,1.0000000000000013,0.0
51611,43.0098834980583,1.0,560,681,1241,0.0,0.0008333472224535399,1.0000000000000013,0.0
51612,43.010716845280754,1.0,560,681,1241,0.0,0.0008333472224535399,1.0000000000000013,0.0
51613,43.01155019250321,1.0,560,681,1241,0.0,0.0008333472224535399,1.0000000000000013,0.0
51614,43.01238353972566,1.0,560,681,1241,0.0,0.0008333472224535399,1.0000000000000013,0.0
51615,43.013216886948115,1.0,560,681,1241,0.0,0.0008333472224535399,1.0000000000000013,0.0
51616,43.01405023417057,1.0,560,681,1241,0.0,0.0008333472224535399,1.0000000000000013,0.0
51617,43.01488358139302,1.0,560,681,1241,0.0,0.0008333472224535399,1.0000000000000013,0.0
51618,43.015716928615475,1.0,560,681,1241,0.0,0.0008333472224535399,1.0000000000000013,0.0
51619,43.01655027583793,1.0,560,681,1241,0.0,0.0008333472224535399,1.0000000000000013,0.0
51620,43.01738362306039,1.0,560,681,1241,0.0,0.0008333472224606453,1.0000000000000013,0.0
51621,43.01821697028284,1.0,560,681,1241,0.0,0.0008333472224535399,1.0000000000000013,0.0
51622,43.0190503175053,1.0,560,681,1241,0.0,0.0008333472224535399,1.0000000000000013,0.0
51623,43.01988366472775,1.0,560,681,1241,0.0,0.0008333472224535399,1.0000000000000013,0.0
51624,43.020717011950204,1.0,560,681,1241,0.0,0.0008333472224535399,1.0000000000000013,0.0
51625,43.02155035917266,1.0,560,681,1241,0.0,0.0008333472224535399,1.0000000000000013,0.0
51626,43.02238370639511,1.0,560,681,1241,0.0,0.0008333472224535399,1.0000000000000013,0.0
51627,43.023217053617564,1.0,560,681,1241,0.0,0.0008333472224535399,1.0000000000000013,0.0
51628,43.02405040084002,1.0,560,681,1241,0.0,0.0008333472224535399,1.0000000000000013,0.0
51629,43.02488374806247,1.0,560,681,1241,0.0,0.0008333472224535399,1.0000000000000013,0.0
51630,43.025717095284925,1.0,560,681,1241,0.0,0.0008333472224535399,1.0000000000000013,0.0
51631,43.02655044250738,1.0,560,681,1241,0.0,0.0008333472224535399,1.0000000000000013,0.0
51632,43.02738378972983,1.0,560,681,1241,0.0,0.0008333472224535399,1.0000000000000013,0.0
51633,43.028217136952286,1.0,560,681,1241,0.0,0.0008333472224535399,1.0000000000000013,0.0
51634,43.02905048417474,1.0,560,681,1241,0.0,0.0008333472224535399,1.0000000000000013,0.0
51635,43.02988383139719,1.0,560,681,1241,0.0,0.0008333472224535399,1.0000000000000013,0.0
51636,43.030717178619646,1.0,560,681,1241,0.0,0.0008333472224535399,1.0000000000000013,0.0
51637,43.0315505258421,1.0,560,681,1241,0.0,0.0008333472224535399,1.0000000000000013,0.0
51638,43.03238387306455,1.0,560,681,1241,0.0,0.0008333472224535399,1.0000000000000013,0.0
51639,43.03321722028701,1.0,560,681,1241,0.0,0.0008333472224535399,1.0000000000000013,0.0
51640,43.03405056750946,0.9991941982272361,560,681,1241,-0.0008058017727639033,0.0008333472224535399,0.999919419822725,-8.058017727639034e-05
51641,43.034883914731914,0.9991941982272361,560,681,1241,0.0,0.0008333472224535399,0.9998388396454487,-8.058017727639034e-05
51642,43.03571726195437,0.9991941982272361,560,681,1241,0.0,0.0008333472224535399,0.9997582594681724,-8.058017727639034e-05
51643,43.03655060917682,0.9983883964544722,560,681,1241,-0.0008058017727639033,0.0008333472224535399,0.9995970991136197,-0.00016116035455278067
51644,43.037383956399275,0.9983883964544722,560,681,1241,0.0,0.0008333472224535399,0.999435938759067,-0.00016116035455278067
51645,43.03821730362173,0.9983883964544722,560,681,1241,0.0,0.0008333472224535399,0.9992747784045143,-0.00016116035455278067
51646,43.03905065084418,0.9991941982272361,560,681,1241,0.0008058017727639033,0.0008333472224535399,0.999194198227238,-8.058017727639034e-05
51647,43.039883998066635,1.0,560,681,1241,0.0008058017727639033,0.0008333472224535399,0.999194198227238,0.0
51648,43.04071734528909,1.0,560,681,1241,0.0,0.0008333472224535399,0.999194198227238,0.0
51649,43.04155069251154,1.0,560,681,1241,0.0,0.0008333472224535399,0.999194198227238,0.0
51650,43.042384039733996,1.0,560,681,1241,0.0,0.0008333472224535399,0.9992747784045143,8.058017727639034e-05
51651,43.04321738695645,1.0,560,681,1241,0.0,0.0008333472224535399,0.9993553585817907,8.058017727639034e-05
51652,43.0440507341789,1.0,560,681,1241,0.0,0.0008333472224535399,0.999435938759067,8.058017727639034e-05
51653,43.04488408140136,1.0,560,681,1241,0.0,0.0008333472224535399,0.9995970991136197,0.00016116035455278067
51654,43.04571742862381,1.0,560,681,1241,0.0,0.0008333472224535399,0.9997582594681724,0.00016116035455278067
51655,43.04655077584626,1.0,560,681,1241,0.0,0.0008333472224535399,0.999919419822725,0.00016116035455278067
51656,43.04738412306872,1.0,560,681,1241,0.0,0.0008333472224535399,1.0000000000000013,8.058017727639034e-05
51657,43.04821747029117,1.0,560,681,1241,0.0,0.0008333472224535399,1.0000000000000013,0.0
51658,43.049050817513624,1.0,560,681,1241,0.0,0.0008333472224535399,1.0000000000000013,0.0
51659,43.04988416473608,1.0,560,681,1241,0.0,0.0008333472224535399,1.0000000000000013,0.0
51660,43.05071751195853,1.0,560,681,1241,0.0,0.0008333472224535399,1.0000000000000013,0.0
51661,43.051550859180985,1.0,560,681,1241,0.0,0.0008333472224535399,1.0000000000000013,0.0
51662,43.05238420640344,1.0,560,681,1241,0.0,0.0008333472224535399,1.0000000000000013,0.0
51663,43.0532175536259,1.0,560,681,1241,0.0,0.0008333472224606453,1.0000000000000013,0.0
51664,43.05405090084835,1.0,560,681,1241,0.0,0.0008333472224535399,1.0000000000000013,0.0
51665,43.054884248070806,1.0,560,681,1241,0.0,0.0008333472224535399,1.0000000000000013,0.0
51666,43.05571759529326,1.0,560,681,1241,0.0,0.0008333472224535399,1.0000000000000013,0.0
51667,43.05655094251571,1.0,560,681,1241,0.0,0.0008333472224535399,1.0000000000000013,0.0
51668,43.05738428973817,1.0,560,681,1241,0.0,0.0008333472224535399,1.0000000000000013,0.0
51669,43.05821763696062,1.0,560,681,1241,0.0,0.0008333472224535399,1.0000000000000013,0.0
51670,43.059050984183074,1.0,560,681,1241,0.0,0.0008333472224535399,1.0000000000000013,0.0
51671,43.05988433140553,1.0,560,681,1241,0.0,0.0008333472224535399,1.0000000000000013,0.0
51672,43.06071767862798,1.0,560,681,1241,0.0,0.0008333472224535399,1.0000000000000013,0.0
51673,43.061551025850434,1.0,560,681,1241,0.0,0.0008333472224535399,1.0000000000000013,0.0
51674,43.06238437307289,1.0,560,681,1241,0.0,0.0008333472224535399,1.0000000000000013,0.0
51675,43.06321772029534,1.0,560,681,1241,0.0,0.0008333472224535399,1.0000000000000013,0.0
51676,43.064051067517795,1.0,560,681,1241,0.0,0.0008333472224535399,1.0000000000000013,0.0
51677,43.06488441474025,1.0,560,681,1241,0.0,0.0008333472224535399,1.0000000000000013,0.0
51678,43.0657177619627,1.0,560,681,1241,0.0,0.0008333472224535399,1.0000000000000013,0.0
51679,43.066551109185156,0.9991941982272361,560,681,1241,-0.0008058017727639033,0.0008333472224535399,0.999919419822725,-8.058017727639034e-05
51680,43.06738445640761,1.0,560,681,1241,0.0008058017727639033,0.0008333472224535399,0.999919419822725,0.0
51681,43.06821780363006,1.0,560,681,1241,0.0,0.0008333472224535399,0.999919419822725,0.0
51682,43.069051150852516,1.0,560,681,1241,0.0,0.0008333472224535399,0.999919419822725,0.0
51683,43.06988449807497,1.0,560,681,1241,0.0,0.0008333472224535399,0.999919419822725,0.0
51684,43.07071784529742,1.0,560,681,1241,0.0,0.0008333472224535399,0.999919419822725,0.0
51685,43.07155119251988,1.0,560,681,1241,0.0,0.0008333472224535399,0.999919419822725,0.0
51686,43.07238453974233,1.0,560,681,1241,0.0,0.0008333472224535399,0.999919419822725,0.0
51687,43.073217886964784,1.0,560,681,1241,0.0,0.0008333472224535399,0.999919419822725,0.0
51688,43.07405123418724,1.0,560,681,1241,0.0,0.0008333472224535399,0.999919419822725,0.0
51689,43.07488458140969,1.0,560,681,1241,0.0,0.0008333472224535399,1.0000000000000013,8.058017727639034e-05
51690,43.075717928632145,1.0,560,681,1241,0.0,0.0008333472224535399,1.0000000000000013,0.0
51691,43.0765512758546,1.0,560,681,1241,0.0,0.0008333472224535399,1.0000000000000013,0.0
51692,43.07738462307705,1.0,560,681,1241,0.0,0.0008333472224535399,1.0000000000000013,0.0
51693,43.078217970299505,1.0,560,681,1241,0.0,0.0008333472224535399,1.0000000000000013,0.0
51694,43.07905131752196,1.0,560,681,1241,0.0,0.0008333472224535399,1.0000000000000013,0.0
51695,43.07988466474441,1.0,560,681,1241,0.0,0.0008333472224535399,1.0000000000000013,0.0
51696,43.080718011966866,1.0,560,681,1241,0.0,0.0008333472224535399,1.0000000000000013,0.0
51697,43.08155135918932,1.0,560,681,1241,0.0,0.0008333472224535399,1.0000000000000013,0.0
51698,43.08238470641177,1.0,560,681,1241,0.0,0.0008333472224535399,1.0000000000000013,0.0
51699,43.083218053634226,1.0,560,681,1241,0.0,0.0008333472224535399,1.0000000000000013,0.0
51700,43.08405140085668,1.0,560,681,1241,0.0,0.0008333472224535399,1.0000000000000013,0.0
51701,43.08488474807913,1.0,560,681,1241,0.0,0.0008333472224535399,1.0000000000000013,0.0
51702,43.08571809530159,0.9991941982272361,560,681,1241,-0.0008058017727639033,0.0008333472224535399,0.999919419822725,-8.058017727639034e-05
51703,43.08655144252404,0.9991941982272361,560,681,1241,0.0,0.0008333472224535399,0.9998388396454487,-8.058017727639034e-05
51704,43.087384789746494,1.0,560,681,1241,0.0008058017727639033,0.0008333472224535399,0.9998388396454487,0.0
51705,43.088218136968955,1.0,560,681,1241,0.0,0.0008333472224606453,0.9998388396454487,0.0
51706,43.08905148419141,1.0,560,681,1241,0.0,0.0008333472224535399,0.9998388396454487,0.0
51707,43.08988483141386,1.0,560,681,1241,0.0,0.0008333472224535399,0.9998388396454487,0.0
51708,43.090718178636315,0.9991941982272361,560,681,1241,-0.0008058017727639033,0.0008333472224535399,0.9997582594681724,-8.058017727639034e-05
51709,43.09155152585877,0.9991941982272361,560,681,1241,0.0,0.0008333472224535399,0.999677679290896,-8.058017727639034e-05
51710,43.09238487308122,0.9991941982272361,560,681,1241,0.0,0.0008333472224535399,0.9995970991136197,-8.058017727639034e-05
51711,43.093218220303676,0.9991941982272361,560,681,1241,0.0,0.0008333472224535399,0.9995165189363433,-8.058017727639034e-05
51712,43.09405156752613,1.0,560,681,1241,0.0008058017727639033,0.0008333472224535399,0.9995970991136197,8.058017727639034e-05
51713,43.09488491474858,1.0,560,681,1241,0.0,0.0008333472224535399,0.999677679290896,8.058017727639034e-05
51714,43.09571826197104,1.0,560,681,1241,0.0,0.0008333472224535399,0.999677679290896,0.0
51715,43.09655160919349,1.0,560,681,1241,0.0,0.0008333472224535399,0.999677679290896,0.0
51716,43.097384956415944,0.9991941982272361,560,681,1241,-0.0008058017727639033,0.0008333472224535399,0.9995970991136197,-8.058017727639034e-05
51717,43.0982183036384,1.0,560,681,1241,0.0008058017727639033,0.0008333472224535399,0.9995970991136197,0.0
51718,43.09905165086085,1.0,560,681,1241,0.0,0.0008333472224535399,0.999677679290896,8.058017727639034e-05
51719,43.099884998083304,1.0,560,681,1241,0.0,0.0008333472224535399,0.9997582594681724,8.058017727639034e-05
51720,43.10071834530576,0.9991941982272361,560,681,1241,-0.0008058017727639033,0.0008333472224535399,0.9997582594681724,0.0
51721,43.10155169252821,0.9991941982272361,560,681,1241,0.0,0.0008333472224535399,0.9997582594681724,0.0
51722,43.102385039750665,1.0,560,681,1241,0.0008058017727639033,0.0008333472224535399,0.9997582594681724,0.0
51723,43.10321838697312,1.0,560,681,1241,0.0,0.0008333472224535399,0.9997582594681724,0.0
51724,43.10405173419557,1.0,560,681,1241,0.0,0.0008333472224535399,0.9997582594681724,0.0
51725,43.104885081418026,1.0,560,681,1241,0.0,0.0008333472224535399,0.9997582594681724,0.0
51726,43.10571842864048,1.0,560,681,1241,0.0,0.0008333472224535399,0.9998388396454487,8.058017727639034e-05
51727,43.10655177586293,1.0,560,681,1241,0.0,0.0008333472224535399,0.9998388396454487,0.0
51728,43.107385123085386,1.0,560,681,1241,0.0,0.0008333472224535399,0.9998388396454487,0.0
51729,43.10821847030784,1.0,560,681,1241,0.0,0.0008333472224535399,0.9998388396454487,0.0
51730,43.10905181753029,1.0,560,681,1241,0.0,0.0008333472224535399,0.999919419822725,8.058017727639034e-05
51731,43.10988516475275,1.0,560,681,1241,0.0,0.0008333472224535399,1.0000000000000013,8.058017727639034e-05
51732,43.1107185119752,1.0,560,681,1241,0.0,0.0008333472224535399,1.0000000000000013,0.0
51733,43.111551859197654,1.0,560,681,1241,0.0,0.0008333472224535399,1.0000000000000013,0.0
51734,43.11238520642011,1.0,560,681,1241,0.0,0.0008333472224535399,1.0000000000000013,0.0
51735,43.11321855364256,1.0,560,681,1241,0.0,0.0008333472224535399,1.0000000000000013,0.0
51736,43.114051900865014,1.0,560,681,1241,0.0,0.0008333472224535399,1.0000000000000013,0.0
51737,43.11488524808747,1.0,560,681,1241,0.0,0.0008333472224535399,1.0000000000000013,0.0
51738,43.11571859530992,1.0,560,681,1241,0.0,0.0008333472224535399,1.0000000000000013,0.0
51739,43.116551942532375,1.0,560,681,1241,0.0,0.0008333472224535399,1.0000000000000013,0.0
51740,43.11738528975483,1.0,560,681,1241,0.0,0.0008333472224535399,1.0000000000000013,0.0
51741,43.11821863697728,1.0,560,681,1241,0.0,0.0008333472224535399,1.0000000000000013,0.0
51742,43.119051984199736,1.0,560,681,1241,0.0,0.0008333472224535399,1.0000000000000013,0.0
51743,43.11988533142219,1.0,560,681,1241,0.0,0.0008333472224535399,1.0000000000000013,0.0
51744,43.12071867864464,1.0,560,681,1241,0.0,0.0008333472224535399,1.0000000000000013,0.0
51745,43.121552025867096,1.0,560,681,1241,0.0,0.0008333472224535399,1.0000000000000013,0.0
51746,43.12238537308955,1.0,560,681,1241,0.0,0.0008333472224535399,1.0000000000000013,0.0
51747,43.12321872031201,1.0,560,681,1241,0.0,0.0008333472224606453,1.0000000000000013,0.0
51748,43.124052067534464,1.0,560,681,1241,0.0,0.0008333472224535399,1.0000000000000013,0.0
51749,43.12488541475692,1.0,560,681,1241,0.0,0.0008333472224535399,1.0000000000000013,0.0
51750,43.12571876197937,1.0,560,681,1241,0.0,0.0008333472224535399,1.0000000000000013,0.0
51751,43.126552109201825,1.0,560,681,1241,0.0,0.0008333472224535399,1.0000000000000013,0.0
51752,43.12738545642428,1.0,560,681,1241,0.0,0.0008333472224535399,1.0000000000000013,0.0
51753,43.12821880364673,1.0,560,681,1241,0.0,0.0008333472224535399,1.0000000000000013,0.0
51754,43.129052150869185,1.0,560,681,1241,0.0,0.0008333472224535399,1.0000000000000013,0.0
51755,43.12988549809164,1.0,560,681,1241,0.0,0.0008333472224535399,1.0000000000000013,0.0
51756,43.13071884531409,1.0,560,681,1241,0.0,0.0008333472224535399,1.0000000000000013,0.0
51757,43.131552192536546,1.0,560,681,1241,0.0,0.0008333472224535399,1.0000000000000013,0.0
51758,43.132385539759,1.0,560,681,1241,0.0,0.0008333472224535399,1.0000000000000013,0.0
51759,43.13321888698145,1.0,560,681,1241,0.0,0.0008333472224535399,1.0000000000000013,0.0
51760,43.13405223420391,1.0,560,681,1241,0.0,0.0008333472224535399,1.0000000000000013,0.0
51761,43.13488558142636,1.0,560,681,1241,0.0,0.0008333472224535399,1.0000000000000013,0.0
51762,43.135718928648814,1.0,560,681,1241,0.0,0.0008333472224535399,1.0000000000000013,0.0
51763,43.13655227587127,1.0,560,681,1241,0.0,0.0008333472224535399,1.0000000000000013,0.0
51764,43.13738562309372,1.0,560,681,1241,0.0,0.0008333472224535399,1.0000000000000013,0.0
51765,43.138218970316174,1.0,560,681,1241,0.0,0.0008333472224535399,1.0000000000000013,0.0
51766,43.13905231753863,1.0,560,681,1241,0.0,0.0008333472224535399,1.0000000000000013,0.0
51767,43.13988566476108,1.0,560,681,1241,0.0,0.0008333472224535399,1.0000000000000013,0.0
51768,43.140719011983535,1.0,560,681,1241,0.0,0.0008333472224535399,1.0000000000000013,0.0
51769,43.14155235920599,1.0,560,681,1241,0.0,0.0008333472224535399,1.0000000000000013,0.0
51770,43.14238570642844,1.0,560,681,1241,0.0,0.0008333472224535399,1.0000000000000013,0.0
51771,43.143219053650895,1.0,560,681,1241,0.0,0.0008333472224535399,1.0000000000000013,0.0
51772,43.14405240087335,1.0,560,681,1241,0.0,0.0008333472224535399,1.0000000000000013,0.0
51773,43.1448857480958,1.0,560,681,1241,0.0,0.0008333472224535399,1.0000000000000013,0.0
51774,43.145719095318256,1.0,560,681,1241,0.0,0.0008333472224535399,1.0000000000000013,0.0
51775,43.14655244254071,1.0,560,681,1241,0.0,0.0008333472224535399,1.0000000000000013,0.0
51776,43.14738578976316,1.0,560,681,1241,0.0,0.0008333472224535399,1.0000000000000013,0.0
51777,43.14821913698562,1.0,560,681,1241,0.0,0.0008333472224535399,1.0000000000000013,0.0
51778,43.14905248420807,1.0,560,681,1241,0.0,0.0008333472224535399,1.0000000000000013,0.0
51779,43.149885831430524,1.0,560,681,1241,0.0,0.0008333472224535399,1.0000000000000013,0.0
51780,43.15071917865298,1.0,560,681,1241,0.0,0.0008333472224535399,1.0000000000000013,0.0
51781,43.15155252587543,1.0,560,681,1241,0.0,0.0008333472224535399,1.0000000000000013,0.0
51782,43.152385873097884,1.0,560,681,1241,0.0,0.0008333472224535399,1.0000000000000013,0.0
51783,43.15321922032034,1.0,560,681,1241,0.0,0.0008333472224535399,1.0000000000000013,0.0
51784,43.15405256754279,1.0,560,681,1241,0.0,0.0008333472224535399,1.0000000000000013,0.0
51785,43.154885914765245,1.0,560,681,1241,0.0,0.0008333472224535399,1.0000000000000013,0.0
51786,43.1557192619877,1.0,560,681,1241,0.0,0.0008333472224535399,1.0000000000000013,0.0
51787,43.15655260921015,1.0,560,681,1241,0.0,0.0008333472224535399,1.0000000000000013,0.0
51788,43.157385956432606,1.0,560,681,1241,0.0,0.0008333472224535399,1.0000000000000013,0.0
51789,43.15821930365506,1.0,560,681,1241,0.0,0.0008333472224535399,1.0000000000000013,0.0
51790,43.15905265087752,1.0,560,681,1241,0.0,0.0008333472224606453,1.0000000000000013,0.0
51791,43.15988599809997,1.0,560,681,1241,0.0,0.0008333472224535399,1.0000000000000013,0.0
51792,43.16071934532243,1.0,560,681,1241,0.0,0.0008333472224535399,1.0000000000000013,0.0
51793,43.16155269254488,1.0,560,681,1241,0.0,0.0008333472224535399,1.0000000000000013,0.0
51794,43.162386039767334,1.0,560,681,1241,0.0,0.0008333472224535399,1.0000000000000013,0.0
51795,43.16321938698979,1.0,560,681,1241,0.0,0.0008333472224535399,1.0000000000000013,0.0
51796,43.16405273421224,1.0,560,681,1241,0.0,0.0008333472224535399,1.0000000000000013,0.0
51797,43.164886081434695,0.9991941982272361,560,681,1241,-0.0008058017727639033,0.0008333472224535399,0.999919419822725,-8.058017727639034e-05
51798,43.16571942865715,0.9991941982272361,560,681,1241,0.0,0.0008333472224535399,0.9998388396454487,-8.058017727639034e-05
51799,43.1665527758796,0.9991941982272361,560,681,1241,0.0,0.0008333472224535399,0.9997582594681724,-8.058017727639034e-05
51800,43.167386123102055,0.9991941982272361,560,681,1241,0.0,0.0008333472224535399,0.999677679290896,-8.058017727639034e-05
51801,43.16821947032451,0.9991941982272361,560,681,1241,0.0,0.0008333472224535399,0.9995970991136197,-8.058017727639034e-05
51802,43.16905281754696,0.9983883964544722,560,681,1241,-0.0008058017727639033,0.0008333472224535399,0.999435938759067,-0.00016116035455278067
51803,43.169886164769416,0.9983883964544722,560,681,1241,0.0,0.0008333472224535399,0.9992747784045143,-0.00016116035455278067
51804,43.17071951199187,0.9991941982272361,560,681,1241,0.0008058017727639033,0.0008333472224535399,0.999194198227238,-8.058017727639034e-05
51805,43.17155285921432,0.9991941982272361,560,681,1241,0.0,0.0008333472224535399,0.9991136180499616,-8.058017727639034e-05
51806,43.17238620643678,1.0,560,681,1241,0.0008058017727639033,0.0008333472224535399,0.9991136180499616,0.0
51807,43.17321955365923,1.0,560,681,1241,0.0,0.0008333472224535399,0.999194198227238,8.058017727639034e-05
51808,43.174052900881684,1.0,560,681,1241,0.0,0.0008333472224535399,0.9992747784045143,8.058017727639034e-05
51809,43.17488624810414,1.0,560,681,1241,0.0,0.0008333472224535399,0.9993553585817907,8.058017727639034e-05
51810,43.17571959532659,1.0,560,681,1241,0.0,0.0008333472224535399,0.999435938759067,8.058017727639034e-05
51811,43.176552942549044,1.0,560,681,1241,0.0,0.0008333472224535399,0.9995165189363433,8.058017727639034e-05
51812,43.1773862897715,1.0,560,681,1241,0.0,0.0008333472224535399,0.999677679290896,0.00016116035455278067
51813,43.17821963699395,1.0,560,681,1241,0.0,0.0008333472224535399,0.9998388396454487,0.00016116035455278067
51814,43.179052984216405,1.0,560,681,1241,0.0,0.0008333472224535399,0.999919419822725,8.058017727639034e-05
51815,43.17988633143886,1.0,560,681,1241,0.0,0.0008333472224535399,1.0000000000000013,8.058017727639034e-05
51816,43.18071967866131,1.0,560,681,1241,0.0,0.0008333472224535399,1.0000000000000013,0.0
51817,43.181553025883765,1.0,560,681,1241,0.0,0.0008333472224535399,1.0000000000000013,0.0
51818,43.18238637310622,1.0,560,681,1241,0.0,0.0008333472224535399,1.0000000000000013,0.0
51819,43.18321972032867,1.0,560,681,1241,0.0,0.0008333472224535399,1.0000000000000013,0.0
51820,43.184053067551126,1.0,560,681,1241,0.0,0.0008333472224535399,1.0000000000000013,0.0
51821,43.18488641477358,1.0,560,681,1241,0.0,0.0008333472224535399,1.0000000000000013,0.0
51822,43.18571976199603,1.0,560,681,1241,0.0,0.0008333472224535399,1.0000000000000013,0.0
51823,43.18655310921849,1.0,560,681,1241,0.0,0.0008333472224535399,1.0000000000000013,0.0
51824,43.18738645644094,0.9991941982272361,560,681,1241,-0.0008058017727639033,0.0008333472224535399,0.999919419822725,-8.058017727639034e-05
51825,43.188219803663394,0.9991941982272361,560,681,1241,0.0,0.0008333472224535399,0.9998388396454487,-8.058017727639034e-05
51826,43.18905315088585,1.0,560,681,1241,0.0008058017727639033,0.0008333472224535399,0.9998388396454487,0.0
51827,43.1898864981083,1.0,560,681,1241,0.0,0.0008333472224535399,0.9998388396454487,0.0
51828,43.190719845330754,1.0,560,681,1241,0.0,0.0008333472224535399,0.9998388396454487,0.0
51829,43.19155319255321,1.0,560,681,1241,0.0,0.0008333472224535399,0.9998388396454487,0.0
51830,43.19238653977566,1.0,560,681,1241,0.0,0.0008333472224535399,0.9998388396454487,0.0
51831,43.193219886998115,1.0,560,681,1241,0.0,0.0008333472224535399,0.9998388396454487,0.0
51832,43.194053234220576,1.0,560,681,1241,0.0,0.0008333472224606453,0.9998388396454487,0.0
51833,43.19488658144303,0.9991941982272361,560,681,1241,-0.0008058017727639033,0.0008333472224535399,0.9997582594681724,-8.058017727639034e-05
51834,43.19571992866548,0.9991941982272361,560,681,1241,0.0,0.0008333472224535399,0.9997582594681724,0.0
51835,43.196553275887936,0.9991941982272361,560,681,1241,0.0,0.0008333472224535399,0.9997582594681724,0.0
51836,43.19738662311039,0.9991941982272361,560,681,1241,0.0,0.0008333472224535399,0.999677679290896,-8.058017727639034e-05
51837,43.19821997033284,0.9991941982272361,560,681,1241,0.0,0.0008333472224535399,0.9995970991136197,-8.058017727639034e-05
51838,43.1990533175553,1.0,560,681,1241,0.0008058017727639033,0.0008333472224535399,0.9995970991136197,0.0
51839,43.19988666477775,1.0,560,681,1241,0.0,0.0008333472224535399,0.9995970991136197,0.0
51840,43.200720012000204,1.0,560,681,1241,0.0,0.0008333472224535399,0.9995970991136197,0.0
51841,43.20155335922266,0.9991941982272361,560,681,1241,-0.0008058017727639033,0.0008333472224535399,0.9995165189363433,-8.058017727639034e-05
51842,43.20238670644511,0.9991941982272361,560,681,1241,0.0,0.0008333472224535399,0.999435938759067,-8.058017727639034e-05
51843,43.203220053667565,0.9991941982272361,560,681,1241,0.0,0.0008333472224535399,0.999435938759067,0.0
51844,43.20405340089002,1.0,560,681,1241,0.0008058017727639033,0.0008333472224535399,0.9995165189363433,8.058017727639034e-05
51845,43.20488674811247,1.0,560,681,1241,0.0,0.0008333472224535399,0.9995970991136197,8.058017727639034e-05
51846,43.205720095334925,1.0,560,681,1241,0.0,0.0008333472224535399,0.999677679290896,8.058017727639034e-05
51847,43.20655344255738,1.0,560,681,1241,0.0,0.0008333472224535399,0.9997582594681724,8.058017727639034e-05
51848,43.20738678977983,1.0,560,681,1241,0.0,0.0008333472224535399,0.9997582594681724,0.0
51849,43.208220137002286,1.0,560,681,1241,0.0,0.0008333472224535399,0.9997582594681724,0.0
51850,43.20905348422474,1.0,560,681,1241,0.0,0.0008333472224535399,0.9997582594681724,0.0
51851,43.20988683144719,1.0,560,681,1241,0.0,0.0008333472224535399,0.9998388396454487,8.058017727639034e-05
51852,43.210720178669646,1.0,560,681,1241,0.0,0.0008333472224535399,0.999919419822725,8.058017727639034e-05
51853,43.2115535258921,1.0,560,681,1241,0.0,0.0008333472224535399,1.0000000000000013,8.058017727639034e-05
51854,43.21238687311455,1.0,560,681,1241,0.0,0.0008333472224535399,1.0000000000000013,0.0
51855,43.21322022033701,1.0,560,681,1241,0.0,0.0008333472224535399,1.0000000000000013,0.0
51856,43.21405356755946,1.0,560,681,1241,0.0,0.0008333472224535399,1.0000000000000013,0.0
51857,43.214886914781914,1.0,560,681,1241,0.0,0.0008333472224535399,1.0000000000000013,0.0
51858,43.21572026200437,1.0,560,681,1241,0.0,0.0008333472224535399,1.0000000000000013,0.0
51859,43.21655360922682,1.0,560,681,1241,0.0,0.0008333472224535399,1.0000000000000013,0.0
51860,43.217386956449275,1.0,560,681,1241,0.0,0.0008333472224535399,1.0000000000000013,0.0
51861,43.21822030367173,1.0,560,681,1241,0.0,0.0008333472224535399,1.0000000000000013,0.0
51862,43.21905365089418,1.0,560,681,1241,0.0,0.0008333472224535399,1.0000000000000013,0.0
51863,43.219886998116635,1.0,560,681,1241,0.0,0.0008333472224535399,1.0000000000000013,0.0
51864,43.22072034533909,1.0,560,681,1241,0.0,0.0008333472224535399,1.0000000000000013,0.0
51865,43.22155369256154,0.9991941982272361,560,681,1241,-0.0008058017727639033,0.0008333472224535399,0.999919419822725,-8.058017727639034e-05
51866,43.222387039783996,0.9991941982272361,560,681,1241,0.0,0.0008333472224535399,0.9998388396454487,-8.058017727639034e-05
51867,43.22322038700645,0.9991941982272361,560,681,1241,0.0,0.0008333472224535399,0.9997582594681724,-8.058017727639034e-05
51868,43.2240537342289,1.0,560,681,1241,0.0008058017727639033,0.0008333472224535399,0.9997582594681724,0.0
51869,43.22488708145136,1.0,560,681,1241,0.0,0.0008333472224535399,0.9997582594681724,0.0
51870,43.22572042867381,1.0,560,681,1241,0.0,0.0008333472224535399,0.9997582594681724,0.0
51871,43.226553775896264,1.0,560,681,1241,0.0,0.0008333472224535399,0.9997582594681724,0.0
51872,43.22738712311872,1.0,560,681,1241,0.0,0.0008333472224535399,0.9997582594681724,0.0
51873,43.22822047034117,1.0,560,681,1241,0.0,0.0008333472224535399,0.9997582594681724,0.0
51874,43.22905381756363,0.9991941982272361,560,681,1241,-0.0008058017727639033,0.0008333472224606453,0.999677679290896,-8.058017727639034e-05
51875,43.229887164786085,0.9991941982272361,560,681,1241,0.0,0.0008333472224535399,0.999677679290896,0.0
51876,43.23072051200854,0.9991941982272361,560,681,1241,0.0,0.0008333472224535399,0.999677679290896,0.0
51877,43.23155385923099,0.9991941982272361,560,681,1241,0.0,0.0008333472224535399,0.999677679290896,0.0
51878,43.232387206453446,0.9991941982272361,560,681,1241,0.0,0.0008333472224535399,0.9995970991136197,-8.058017727639034e-05
51879,43.2332205536759,0.9991941982272361,560,681,1241,0.0,0.0008333472224535399,0.9995165189363433,-8.058017727639034e-05
51880,43.23405390089835,0.9991941982272361,560,681,1241,0.0,0.0008333472224535399,0.999435938759067,-8.058017727639034e-05
51881,43.234887248120806,0.9991941982272361,560,681,1241,0.0,0.0008333472224535399,0.9993553585817907,-8.058017727639034e-05
51882,43.23572059534326,0.9991941982272361,560,681,1241,0.0,0.0008333472224535399,0.9992747784045143,-8.058017727639034e-05
51883,43.23655394256571,1.0,560,681,1241,0.0008058017727639033,0.0008333472224535399,0.9992747784045143,0.0
51884,43.23738728978817,1.0,560,681,1241,0.0,0.0008333472224535399,0.9993553585817907,8.058017727639034e-05
51885,43.23822063701062,1.0,560,681,1241,0.0,0.0008333472224535399,0.999435938759067,8.058017727639034e-05
51886,43.239053984233074,1.0,560,681,1241,0.0,0.0008333472224535399,0.9995165189363433,8.058017727639034e-05
51887,43.23988733145553,1.0,560,681,1241,0.0,0.0008333472224535399,0.9995970991136197,8.058017727639034e-05
51888,43.24072067867798,1.0,560,681,1241,0.0,0.0008333472224535399,0.999677679290896,8.058017727639034e-05
51889,43.241554025900435,1.0,560,681,1241,0.0,0.0008333472224535399,0.9997582594681724,8.058017727639034e-05
51890,43.24238737312289,1.0,560,681,1241,0.0,0.0008333472224535399,0.9998388396454487,8.058017727639034e-05
51891,43.24322072034534,1.0,560,681,1241,0.0,0.0008333472224535399,0.999919419822725,8.058017727639034e-05
51892,43.244054067567795,1.0,560,681,1241,0.0,0.0008333472224535399,1.0000000000000013,8.058017727639034e-05
51893,43.24488741479025,1.0,560,681,1241,0.0,0.0008333472224535399,1.0000000000000013,0.0
51894,43.2457207620127,1.0,560,681,1241,0.0,0.0008333472224535399,1.0000000000000013,0.0
51895,43.246554109235156,1.0,560,681,1241,0.0,0.0008333472224535399,1.0000000000000013,0.0
51896,43.24738745645761,1.0,560,681,1241,0.0,0.0008333472224535399,1.0000000000000013,0.0
51897,43.24822080368006,1.0,560,681,1241,0.0,0.0008333472224535399,1.0000000000000013,0.0
51898,43.249054150902516,1.0,560,681,1241,0.0,0.0008333472224535399,1.0000000000000013,0.0
51899,43.24988749812497,0.9991941982272361,560,681,1241,-0.0008058017727639033,0.0008333472224535399,0.999919419822725,-8.058017727639034e-05
51900,43.25072084534742,1.0,560,681,1241,0.0008058017727639033,0.0008333472224535399,0.999919419822725,0.0
51901,43.25155419256988,1.0,560,681,1241,0.0,0.0008333472224535399,0.999919419822725,0.0
51902,43.25238753979233,1.0,560,681,1241,0.0,0.0008333472224535399,0.999919419822725,0.0
51903,43.253220887014784,1.0,560,681,1241,0.0,0.0008333472224535399,0.999919419822725,0.0
51904,43.25405423423724,1.0,560,681,1241,0.0,0.0008333472224535399,0.999919419822725,0.0
51905,43.25488758145969,1.0,560,681,1241,0.0,0.0008333472224535399,0.999919419822725,0.0
51906,43.255720928682145,1.0,560,681,1241,0.0,0.0008333472224535399,0.999919419822725,0.0
51907,43.2565542759046,1.0,560,681,1241,0.0,0.0008333472224535399,0.999919419822725,0.0
51908,43.25738762312705,1.0,560,681,1241,0.0,0.0008333472224535399,0.999919419822725,0.0
51909,43.258220970349505,1.0,560,681,1241,0.0,0.0008333472224535399,1.0000000000000013,8.058017727639034e-05
51910,43.25905431757196,1.0,560,681,1241,0.0,0.0008333472224535399,1.0000000000000013,0.0
51911,43.25988766479441,0.9991941982272361,560,681,1241,-0.0008058017727639033,0.0008333472224535399,0.999919419822725,-8.058017727639034e-05
51912,43.260721012016866,0.9991941982272361,560,681,1241,0.0,0.0008333472224535399,0.9998388396454487,-8.058017727639034e-05
51913,43.26155435923932,0.9991941982272361,560,681,1241,0.0,0.0008333472224535399,0.9997582594681724,-8.058017727639034e-05
51914,43.26238770646177,0.9991941982272361,560,681,1241,0.0,0.0008333472224535399,0.999677679290896,-8.058017727639034e-05
51915,43.26322105368423,0.9991941982272361,560,681,1241,0.0,0.0008333472224535399,0.9995970991136197,-8.058017727639034e-05
51916,43.26405440090668,0.9991941982272361,560,681,1241,0.0,0.0008333472224535399,0.9995165189363433,-8.058017727639034e-05
51917,43.26488774812914,0.9991941982272361,560,681,1241,0.0,0.0008333472224606453,0.999435938759067,-8.058017727639034e-05
51918,43.265721095351594,1.0,560,681,1241,0.0008058017727639033,0.0008333472224535399,0.999435938759067,0.0
51919,43.26655444257405,1.0,560,681,1241,0.0,0.0008333472224535399,0.999435938759067,0.0
51920,43.2673877897965,1.0,560,681,1241,0.0,0.0008333472224535399,0.999435938759067,0.0
51921,43.268221137018955,1.0,560,681,1241,0.0,0.0008333472224535399,0.9995165189363433,8.058017727639034e-05
51922,43.26905448424141,1.0,560,681,1241,0.0,0.0008333472224535399,0.9995970991136197,8.058017727639034e-05
51923,43.26988783146386,1.0,560,681,1241,0.0,0.0008333472224535399,0.999677679290896,8.058017727639034e-05
51924,43.270721178686316,1.0,560,681,1241,0.0,0.0008333472224535399,0.9997582594681724,8.058017727639034e-05
51925,43.27155452590877,1.0,560,681,1241,0.0,0.0008333472224535399,0.9998388396454487,8.058017727639034e-05
51926,43.27238787313122,1.0,560,681,1241,0.0,0.0008333472224535399,0.999919419822725,8.058017727639034e-05
51927,43.273221220353676,1.0,560,681,1241,0.0,0.0008333472224535399,1.0000000000000013,8.058017727639034e-05
51928,43.27405456757613,1.0,560,681,1241,0.0,0.0008333472224535399,1.0000000000000013,0.0
51929,43.27488791479858,1.0,560,681,1241,0.0,0.0008333472224535399,1.0000000000000013,0.0
51930,43.27572126202104,1.0,560,681,1241,0.0,0.0008333472224535399,1.0000000000000013,0.0
51931,43.27655460924349,1.0,560,681,1241,0.0,0.0008333472224535399,1.0000000000000013,0.0
51932,43.277387956465944,1.0,560,681,1241,0.0,0.0008333472224535399,1.0000000000000013,0.0
51933,43.2782213036884,1.0,560,681,1241,0.0,0.0008333472224535399,1.0000000000000013,0.0
51934,43.27905465091085,1.0,560,681,1241,0.0,0.0008333472224535399,1.0000000000000013,0.0
51935,43.279887998133304,1.0,560,681,1241,0.0,0.0008333472224535399,1.0000000000000013,0.0
51936,43.28072134535576,1.0,560,681,1241,0.0,0.0008333472224535399,1.0000000000000013,0.0
51937,43.28155469257821,1.0,560,681,1241,0.0,0.0008333472224535399,1.0000000000000013,0.0
51938,43.282388039800665,0.9991941982272361,560,681,1241,-0.0008058017727639033,0.0008333472224535399,0.999919419822725,-8.058017727639034e-05
51939,43.28322138702312,0.9991941982272361,560,681,1241,0.0,0.0008333472224535399,0.9998388396454487,-8.058017727639034e-05
51940,43.28405473424557,1.0,560,681,1241,0.0008058017727639033,0.0008333472224535399,0.9998388396454487,0.0
51941,43.284888081468026,1.0,560,681,1241,0.0,0.0008333472224535399,0.9998388396454487,0.0
51942,43.28572142869048,1.0,560,681,1241,0.0,0.0008333472224535399,0.9998388396454487,0.0
51943,43.28655477591293,1.0,560,681,1241,0.0,0.0008333472224535399,0.9998388396454487,0.0
51944,43.287388123135386,1.0,560,681,1241,0.0,0.0008333472224535399,0.9998388396454487,0.0
51945,43.28822147035784,1.0,560,681,1241,0.0,0.0008333472224535399,0.9998388396454487,0.0
51946,43.28905481758029,1.0,560,681,1241,0.0,0.0008333472224535399,0.9998388396454487,0.0
51947,43.28988816480275,1.0,560,681,1241,0.0,0.0008333472224535399,0.9998388396454487,0.0
51948,43.2907215120252,1.0,560,681,1241,0.0,0.0008333472224535399,0.999919419822725,8.058017727639034e-05
51949,43.291554859247654,1.0,560,681,1241,0.0,0.0008333472224535399,1.0000000000000013,8.058017727639034e-05
51950,43.29238820647011,1.0,560,681,1241,0.0,0.0008333472224535399,1.0000000000000013,0.0
51951,43.29322155369256,1.0,560,681,1241,0.0,0.0008333472224535399,1.0000000000000013,0.0
51952,43.294054900915015,1.0,560,681,1241,0.0,0.0008333472224535399,1.0000000000000013,0.0
51953,43.29488824813747,1.0,560,681,1241,0.0,0.0008333472224535399,1.0000000000000013,0.0
51954,43.29572159535992,1.0,560,681,1241,0.0,0.0008333472224535399,1.0000000000000013,0.0
51955,43.296554942582375,1.0,560,681,1241,0.0,0.0008333472224535399,1.0000000000000013,0.0
51956,43.29738828980483,1.0,560,681,1241,0.0,0.0008333472224535399,1.0000000000000013,0.0
51957,43.29822163702728,1.0,560,681,1241,0.0,0.0008333472224535399,1.0000000000000013,0.0
51958,43.299054984249736,1.0,560,681,1241,0.0,0.0008333472224535399,1.0000000000000013,0.0
51959,43.2998883314722,1.0,560,681,1241,0.0,0.0008333472224606453,1.0000000000000013,0.0
51960,43.30072167869465,1.0,560,681,1241,0.0,0.0008333472224535399,1.0000000000000013,0.0
51961,43.301555025917104,1.0,560,681,1241,0.0,0.0008333472224535399,1.0000000000000013,0.0
51962,43.30238837313956,1.0,560,681,1241,0.0,0.0008333472224535399,1.0000000000000013,0.0
51963,43.30322172036201,1.0,560,681,1241,0.0,0.0008333472224535399,1.0000000000000013,0.0
51964,43.304055067584464,1.0,560,681,1241,0.0,0.0008333472224535399,1.0000000000000013,0.0
51965,43.30488841480692,1.0,560,681,1241,0.0,0.0008333472224535399,1.0000000000000013,0.0
51966,43.30572176202937,1.0,560,681,1241,0.0,0.0008333472224535399,1.0000000000000013,0.0
51967,43.306555109251825,1.0,560,681,1241,0.0,0.0008333472224535399,1.0000000000000013,0.0
51968,43.30738845647428,1.0,560,681,1241,0.0,0.0008333472224535399,1.0000000000000013,0.0
51969,43.30822180369673,1.0,560,681,1241,0.0,0.0008333472224535399,1.0000000000000013,0.0
51970,43.309055150919185,1.0,560,681,1241,0.0,0.0008333472224535399,1.0000000000000013,0.0
51971,43.30988849814164,1.0,560,681,1241,0.0,0.0008333472224535399,1.0000000000000013,0.0
51972,43.31072184536409,0.9991941982272361,560,681,1241,-0.0008058017727639033,0.0008333472224535399,0.999919419822725,-8.058017727639034e-05
51973,43.311555192586546,0.9991941982272361,560,681,1241,0.0,0.0008333472224535399,0.9998388396454487,-8.058017727639034e-05
51974,43.312388539809,0.9991941982272361,560,681,1241,0.0,0.0008333472224535399,0.9997582594681724,-8.058017727639034e-05
51975,43.31322188703145,0.9991941982272361,560,681,1241,0.0,0.0008333472224535399,0.999677679290896,-8.058017727639034e-05
51976,43.31405523425391,0.9991941982272361,560,681,1241,0.0,0.0008333472224535399,0.9995970991136197,-8.058017727639034e-05
51977,43.31488858147636,1.0,560,681,1241,0.0008058017727639033,0.0008333472224535399,0.9995970991136197,0.0
51978,43.315721928698814,0.9991941982272361,560,681,1241,-0.0008058017727639033,0.0008333472224535399,0.9995165189363433,-8.058017727639034e-05
51979,43.31655527592127,1.0,560,681,1241,0.0008058017727639033,0.0008333472224535399,0.9995165189363433,0.0
51980,43.31738862314372,1.0,560,681,1241,0.0,0.0008333472224535399,0.9995165189363433,0.0
51981,43.318221970366174,1.0,560,681,1241,0.0,0.0008333472224535399,0.9995165189363433,0.0
51982,43.31905531758863,1.0,560,681,1241,0.0,0.0008333472224535399,0.9995970991136197,8.058017727639034e-05
51983,43.31988866481108,1.0,560,681,1241,0.0,0.0008333472224535399,0.999677679290896,8.058017727639034e-05
51984,43.320722012033535,1.0,560,681,1241,0.0,0.0008333472224535399,0.9997582594681724,8.058017727639034e-05
51985,43.32155535925599,1.0,560,681,1241,0.0,0.0008333472224535399,0.9998388396454487,8.058017727639034e-05
51986,43.32238870647844,1.0,560,681,1241,0.0,0.0008333472224535399,0.999919419822725,8.058017727639034e-05
51987,43.323222053700896,1.0,560,681,1241,0.0,0.0008333472224535399,0.999919419822725,0.0
51988,43.32405540092335,1.0,560,681,1241,0.0,0.0008333472224535399,1.0000000000000013,8.058017727639034e-05
51989,43.3248887481458,1.0,560,681,1241,0.0,0.0008333472224535399,1.0000000000000013,0.0
51990,43.325722095368256,1.0,560,681,1241,0.0,0.0008333472224535399,1.0000000000000013,0.0
51991,43.32655544259071,1.0,560,681,1241,0.0,0.0008333472224535399,1.0000000000000013,0.0
51992,43.32738878981316,1.0,560,681,1241,0.0,0.0008333472224535399,1.0000000000000013,0.0
51993,43.32822213703562,1.0,560,681,1241,0.0,0.0008333472224535399,1.0000000000000013,0.0
51994,43.32905548425807,1.0,560,681,1241,0.0,0.0008333472224535399,1.0000000000000013,0.0
51995,43.329888831480524,1.0,560,681,1241,0.0,0.0008333472224535399,1.0000000000000013,0.0
51996,43.33072217870298,1.0,560,681,1241,0.0,0.0008333472224535399,1.0000000000000013,0.0
51997,43.33155552592543,1.0,560,681,1241,0.0,0.0008333472224535399,1.0000000000000013,0.0
51998,43.332388873147885,1.0,560,681,1241,0.0,0.0008333472224535399,1.0000000000000013,0.0
51999,43.33322222037034,1.0,560,681,1241,0.0,0.0008333472224535399,1.0000000000000013,0.0
52000,43.33405556759279,1.0,560,681,1241,0.0,0.0008333472224535399,1.0000000000000013,0.0
52001,43.33488891481525,1.0,560,681,1241,0.0,0.0008333472224606453,1.0000000000000013,0.0
52002,43.335722262037706,1.0,560,681,1241,0.0,0.0008333472224535399,1.0000000000000013,0.0
52003,43.33655560926016,1.0,560,681,1241,0.0,0.0008333472224535399,1.0000000000000013,0.0
52004,43.33738895648261,1.0,560,681,1241,0.0,0.0008333472224535399,1.0000000000000013,0.0
52005,43.33822230370507,1.0,560,681,1241,0.0,0.0008333472224535399,1.0000000000000013,0.0
52006,43.33905565092752,1.0,560,681,1241,0.0,0.0008333472224535399,1.0000000000000013,0.0
52007,43.33988899814997,1.0,560,681,1241,0.0,0.0008333472224535399,1.0000000000000013,0.0
52008,43.34072234537243,1.0,560,681,1241,0.0,0.0008333472224535399,1.0000000000000013,0.0
52009,43.34155569259488,1.0,560,681,1241,0.0,0.0008333472224535399,1.0000000000000013,0.0
52010,43.342389039817334,1.0,560,681,1241,0.0,0.0008333472224535399,1.0000000000000013,0.0
52011,43.34322238703979,1.0,560,681,1241,0.0,0.0008333472224535399,1.0000000000000013,0.0
52012,43.34405573426224,1.0,560,681,1241,0.0,0.0008333472224535399,1.0000000000000013,0.0
52013,43.344889081484695,1.0,560,681,1241,0.0,0.0008333472224535399,1.0000000000000013,0.0
52014,43.34572242870715,1.0,560,681,1241,0.0,0.0008333472224535399,1.0000000000000013,0.0
52015,43.3465557759296,1.0,560,681,1241,0.0,0.0008333472224535399,1.0000000000000013,0.0
52016,43.347389123152055,0.9991941982272361,560,681,1241,-0.0008058017727639033,0.0008333472224535399,0.999919419822725,-8.058017727639034e-05
52017,43.34822247037451,1.0,560,681,1241,0.0008058017727639033,0.0008333472224535399,0.999919419822725,0.0
52018,43.34905581759696,1.0,560,681,1241,0.0,0.0008333472224535399,0.999919419822725,0.0
52019,43.349889164819416,1.0,560,681,1241,0.0,0.0008333472224535399,0.999919419822725,0.0
52020,43.35072251204187,1.0,560,681,1241,0.0,0.0008333472224535399,0.999919419822725,0.0
52021,43.35155585926432,1.0,560,681,1241,0.0,0.0008333472224535399,0.999919419822725,0.0
52022,43.35238920648678,1.0,560,681,1241,0.0,0.0008333472224535399,0.999919419822725,0.0
52023,43.35322255370923,1.0,560,681,1241,0.0,0.0008333472224535399,0.999919419822725,0.0
52024,43.354055900931684,1.0,560,681,1241,0.0,0.0008333472224535399,0.999919419822725,0.0
52025,43.35488924815414,1.0,560,681,1241,0.0,0.0008333472224535399,0.999919419822725,0.0
52026,43.35572259537659,1.0,560,681,1241,0.0,0.0008333472224535399,1.0000000000000013,8.058017727639034e-05
52027,43.356555942599044,1.0,560,681,1241,0.0,0.0008333472224535399,1.0000000000000013,0.0
52028,43.3573892898215,1.0,560,681,1241,0.0,0.0008333472224535399,1.0000000000000013,0.0
52029,43.35822263704395,1.0,560,681,1241,0.0,0.0008333472224535399,1.0000000000000013,0.0
52030,43.359055984266405,1.0,560,681,1241,0.0,0.0008333472224535399,1.0000000000000013,0.0
52031,43.35988933148886,1.0,560,681,1241,0.0,0.0008333472224535399,1.0000000000000013,0.0
52032,43.36072267871131,0.9991941982272361,560,681,1241,-0.0008058017727639033,0.0008333472224535399,0.999919419822725,-8.058017727639034e-05
52033,43.361556025933766,0.9991941982272361,560,681,1241,0.0,0.0008333472224535399,0.9998388396454487,-8.058017727639034e-05
52034,43.36238937315622,1.0,560,681,1241,0.0008058017727639033,0.0008333472224535399,0.9998388396454487,0.0
52035,43.36322272037867,1.0,560,681,1241,0.0,0.0008333472224535399,0.9998388396454487,0.0
52036,43.364056067601126,1.0,560,681,1241,0.0,0.0008333472224535399,0.9998388396454487,0.0
52037,43.36488941482358,1.0,560,681,1241,0.0,0.0008333472224535399,0.9998388396454487,0.0
52038,43.36572276204603,1.0,560,681,1241,0.0,0.0008333472224535399,0.9998388396454487,0.0
52039,43.36655610926849,1.0,560,681,1241,0.0,0.0008333472224535399,0.9998388396454487,0.0
52040,43.36738945649094,1.0,560,681,1241,0.0,0.0008333472224535399,0.9998388396454487,0.0
52041,43.368222803713394,1.0,560,681,1241,0.0,0.0008333472224535399,0.9998388396454487,0.0
52042,43.36905615093585,1.0,560,681,1241,0.0,0.0008333472224535399,0.999919419822725,8.058017727639034e-05
52043,43.3698894981583,0.9991941982272361,560,681,1241,-0.0008058017727639033,0.0008333472224535399,0.999919419822725,0.0
52044,43.37072284538076,0.9991941982272361,560,681,1241,0.0,0.0008333472224606453,0.9998388396454487,-8.058017727639034e-05
52045,43.371556192603215,0.9991941982272361,560,681,1241,0.0,0.0008333472224535399,0.9997582594681724,-8.058017727639034e-05
52046,43.37238953982567,1.0,560,681,1241,0.0008058017727639033,0.0008333472224535399,0.9997582594681724,0.0
52047,43.37322288704812,1.0,560,681,1241,0.0,0.0008333472224535399,0.9997582594681724,0.0
52048,43.374056234270576,1.0,560,681,1241,0.0,0.0008333472224535399,0.9997582594681724,0.0
52049,43.37488958149303,1.0,560,681,1241,0.0,0.0008333472224535399,0.9997582594681724,0.0
52050,43.37572292871548,1.0,560,681,1241,0.0,0.0008333472224535399,0.9997582594681724,0.0
52051,43.376556275937936,1.0,560,681,1241,0.0,0.0008333472224535399,0.9997582594681724,0.0
52052,43.37738962316039,1.0,560,681,1241,0.0,0.0008333472224535399,0.9997582594681724,0.0
52053,43.37822297038284,1.0,560,681,1241,0.0,0.0008333472224535399,0.9998388396454487,8.058017727639034e-05
52054,43.3790563176053,1.0,560,681,1241,0.0,0.0008333472224535399,0.999919419822725,8.058017727639034e-05
52055,43.37988966482775,1.0,560,681,1241,0.0,0.0008333472224535399,1.0000000000000013,8.058017727639034e-05
52056,43.380723012050204,1.0,560,681,1241,0.0,0.0008333472224535399,1.0000000000000013,0.0
52057,43.38155635927266,1.0,560,681,1241,0.0,0.0008333472224535399,1.0000000000000013,0.0
52058,43.38238970649511,1.0,560,681,1241,0.0,0.0008333472224535399,1.0000000000000013,0.0
52059,43.383223053717565,1.0,560,681,1241,0.0,0.0008333472224535399,1.0000000000000013,0.0
52060,43.38405640094002,1.0,560,681,1241,0.0,0.0008333472224535399,1.0000000000000013,0.0
52061,43.38488974816247,1.0,560,681,1241,0.0,0.0008333472224535399,1.0000000000000013,0.0
52062,43.385723095384925,1.0,560,681,1241,0.0,0.0008333472224535399,1.0000000000000013,0.0
52063,43.38655644260738,1.0,560,681,1241,0.0,0.0008333472224535399,1.0000000000000013,0.0
52064,43.38738978982983,0.9991941982272361,560,681,1241,-0.0008058017727639033,0.0008333472224535399,0.999919419822725,-8.058017727639034e-05
52065,43.388223137052286,1.0,560,681,1241,0.0008058017727639033,0.0008333472224535399,0.999919419822725,0.0
52066,43.38905648427474,1.0,560,681,1241,0.0,0.0008333472224535399,0.999919419822725,0.0
52067,43.38988983149719,1.0,560,681,1241,0.0,0.0008333472224535399,0.999919419822725,0.0
52068,43.39072317871965,1.0,560,681,1241,0.0,0.0008333472224535399,0.999919419822725,0.0
52069,43.3915565259421,1.0,560,681,1241,0.0,0.0008333472224535399,0.999919419822725,0.0
52070,43.392389873164554,0.9991941982272361,560,681,1241,-0.0008058017727639033,0.0008333472224535399,0.9998388396454487,-8.058017727639034e-05
52071,43.39322322038701,0.9991941982272361,560,681,1241,0.0,0.0008333472224535399,0.9997582594681724,-8.058017727639034e-05
52072,43.39405656760946,0.9991941982272361,560,681,1241,0.0,0.0008333472224535399,0.999677679290896,-8.058017727639034e-05
52073,43.394889914831914,1.0,560,681,1241,0.0008058017727639033,0.0008333472224535399,0.999677679290896,0.0
52074,43.39572326205437,1.0,560,681,1241,0.0,0.0008333472224535399,0.9997582594681724,8.058017727639034e-05
52075,43.39655660927682,1.0,560,681,1241,0.0,0.0008333472224535399,0.9997582594681724,0.0
52076,43.397389956499275,1.0,560,681,1241,0.0,0.0008333472224535399,0.9997582594681724,0.0
52077,43.39822330372173,1.0,560,681,1241,0.0,0.0008333472224535399,0.9997582594681724,0.0
52078,43.39905665094418,1.0,560,681,1241,0.0,0.0008333472224535399,0.9997582594681724,0.0
52079,43.399889998166636,1.0,560,681,1241,0.0,0.0008333472224535399,0.9997582594681724,0.0
52080,43.40072334538909,1.0,560,681,1241,0.0,0.0008333472224535399,0.9998388396454487,8.058017727639034e-05
52081,43.40155669261154,1.0,560,681,1241,0.0,0.0008333472224535399,0.999919419822725,8.058017727639034e-05
52082,43.402390039833996,1.0,560,681,1241,0.0,0.0008333472224535399,1.0000000000000013,8.058017727639034e-05
52083,43.40322338705645,1.0,560,681,1241,0.0,0.0008333472224535399,1.0000000000000013,0.0
52084,43.4040567342789,1.0,560,681,1241,0.0,0.0008333472224535399,1.0000000000000013,0.0
52085,43.40489008150136,0.9991941982272361,560,681,1241,-0.0008058017727639033,0.0008333472224535399,0.999919419822725,-8.058017727639034e-05
52086,43.40572342872382,0.9991941982272361,560,681,1241,0.0,0.0008333472224606453,0.9998388396454487,-8.058017727639034e-05
52087,43.40655677594627,0.9991941982272361,560,681,1241,0.0,0.0008333472224535399,0.9997582594681724,-8.058017727639034e-05
52088,43.407390123168724,1.0,560,681,1241,0.0008058017727639033,0.0008333472224535399,0.9997582594681724,0.0
52089,43.40822347039118,1.0,560,681,1241,0.0,0.0008333472224535399,0.9997582594681724,0.0
52090,43.40905681761363,1.0,560,681,1241,0.0,0.0008333472224535399,0.9997582594681724,0.0
52091,43.409890164836085,1.0,560,681,1241,0.0,0.0008333472224535399,0.9997582594681724,0.0
52092,43.41072351205854,1.0,560,681,1241,0.0,0.0008333472224535399,0.9997582594681724,0.0
52093,43.41155685928099,1.0,560,681,1241,0.0,0.0008333472224535399,0.9997582594681724,0.0
52094,43.412390206503446,1.0,560,681,1241,0.0,0.0008333472224535399,0.9997582594681724,0.0
52095,43.4132235537259,1.0,560,681,1241,0.0,0.0008333472224535399,0.9998388396454487,8.058017727639034e-05
52096,43.41405690094835,1.0,560,681,1241,0.0,0.0008333472224535399,0.999919419822725,8.058017727639034e-05
52097,43.414890248170806,1.0,560,681,1241,0.0,0.0008333472224535399,1.0000000000000013,8.058017727639034e-05
52098,43.41572359539326,1.0,560,681,1241,0.0,0.0008333472224535399,1.0000000000000013,0.0
52099,43.41655694261571,1.0,560,681,1241,0.0,0.0008333472224535399,1.0000000000000013,0.0
52100,43.41739028983817,1.0,560,681,1241,0.0,0.0008333472224535399,1.0000000000000013,0.0
52101,43.41822363706062,0.9991941982272361,560,681,1241,-0.0008058017727639033,0.0008333472224535399,0.999919419822725,-8.058017727639034e-05
52102,43.419056984283074,0.9991941982272361,560,681,1241,0.0,0.0008333472224535399,0.9998388396454487,-8.058017727639034e-05
52103,43.41989033150553,1.0,560,681,1241,0.0008058017727639033,0.0008333472224535399,0.9998388396454487,0.0
52104,43.42072367872798,1.0,560,681,1241,0.0,0.0008333472224535399,0.9998388396454487,0.0
52105,43.421557025950435,1.0,560,681,1241,0.0,0.0008333472224535399,0.9998388396454487,0.0
52106,43.42239037317289,1.0,560,681,1241,0.0,0.0008333472224535399,0.9998388396454487,0.0
52107,43.42322372039534,1.0,560,681,1241,0.0,0.0008333472224535399,0.9998388396454487,0.0
52108,43.424057067617795,1.0,560,681,1241,0.0,0.0008333472224535399,0.9998388396454487,0.0
52109,43.42489041484025,1.0,560,681,1241,0.0,0.0008333472224535399,0.9998388396454487,0.0
52110,43.4257237620627,1.0,560,681,1241,0.0,0.0008333472224535399,0.9998388396454487,0.0
52111,43.426557109285156,1.0,560,681,1241,0.0,0.0008333472224535399,0.999919419822725,8.058017727639034e-05
52112,43.42739045650761,1.0,560,681,1241,0.0,0.0008333472224535399,1.0000000000000013,8.058017727639034e-05
52113,43.42822380373006,1.0,560,681,1241,0.0,0.0008333472224535399,1.0000000000000013,0.0
52114,43.42905715095252,1.0,560,681,1241,0.0,0.0008333472224535399,1.0000000000000013,0.0
52115,43.42989049817497,1.0,560,681,1241,0.0,0.0008333472224535399,1.0000000000000013,0.0
52116,43.430723845397424,1.0,560,681,1241,0.0,0.0008333472224535399,1.0000000000000013,0.0
52117,43.43155719261988,1.0,560,681,1241,0.0,0.0008333472224535399,1.0000000000000013,0.0
52118,43.43239053984233,1.0,560,681,1241,0.0,0.0008333472224535399,1.0000000000000013,0.0
52119,43.433223887064784,1.0,560,681,1241,0.0,0.0008333472224535399,1.0000000000000013,0.0
52120,43.43405723428724,1.0,560,681,1241,0.0,0.0008333472224535399,1.0000000000000013,0.0
52121,43.43489058150969,1.0,560,681,1241,0.0,0.0008333472224535399,1.0000000000000013,0.0
52122,43.435723928732145,1.0,560,681,1241,0.0,0.0008333472224535399,1.0000000000000013,0.0
52123,43.4365572759546,1.0,560,681,1241,0.0,0.0008333472224535399,1.0000000000000013,0.0
52124,43.43739062317705,1.0,560,681,1241,0.0,0.0008333472224535399,1.0000000000000013,0.0
52125,43.438223970399505,1.0,560,681,1241,0.0,0.0008333472224535399,1.0000000000000013,0.0
52126,43.43905731762196,1.0,560,681,1241,0.0,0.0008333472224535399,1.0000000000000013,0.0
52127,43.43989066484441,1.0,560,681,1241,0.0,0.0008333472224535399,1.0000000000000013,0.0
52128,43.440724012066866,1.0,560,681,1241,0.0,0.0008333472224535399,1.0000000000000013,0.0
52129,43.44155735928933,0.9991941982272361,560,681,1241,-0.0008058017727639033,0.0008333472224606453,0.999919419822725,-8.058017727639034e-05
52130,43.44239070651178,0.9991941982272361,560,681,1241,0.0,0.0008333472224535399,0.9998388396454487,-8.058017727639034e-05
52131,43.443224053734234,0.9991941982272361,560,681,1241,0.0,0.0008333472224535399,0.9997582594681724,-8.058017727639034e-05
52132,43.44405740095669,0.9991941982272361,560,681,1241,0.0,0.0008333472224535399,0.999677679290896,-8.058017727639034e-05
52133,43.44489074817914,0.9991941982272361,560,681,1241,0.0,0.0008333472224535399,0.9995970991136197,-8.058017727639034e-05
52134,43.445724095401594,1.0,560,681,1241,0.0008058017727639033,0.0008333472224535399,0.9995970991136197,0.0
52135,43.44655744262405,1.0,560,681,1241,0.0,0.0008333472224535399,0.9995970991136197,0.0
52136,43.4473907898465,1.0,560,681,1241,0.0,0.0008333472224535399,0.9995970991136197,0.0
52137,43.448224137068955,0.9991941982272361,560,681,1241,-0.0008058017727639033,0.0008333472224535399,0.9995165189363433,-8.058017727639034e-05
52138,43.44905748429141,0.9991941982272361,560,681,1241,0.0,0.0008333472224535399,0.999435938759067,-8.058017727639034e-05
52139,43.44989083151386,1.0,560,681,1241,0.0008058017727639033,0.0008333472224535399,0.9995165189363433,8.058017727639034e-05
52140,43.450724178736316,1.0,560,681,1241,0.0,0.0008333472224535399,0.9995970991136197,8.058017727639034e-05
52141,43.45155752595877,1.0,560,681,1241,0.0,0.0008333472224535399,0.999677679290896,8.058017727639034e-05
52142,43.45239087318122,1.0,560,681,1241,0.0,0.0008333472224535399,0.9997582594681724,8.058017727639034e-05
52143,43.453224220403676,1.0,560,681,1241,0.0,0.0008333472224535399,0.9998388396454487,8.058017727639034e-05
52144,43.45405756762613,1.0,560,681,1241,0.0,0.0008333472224535399,0.9998388396454487,0.0
52145,43.45489091484858,1.0,560,681,1241,0.0,0.0008333472224535399,0.9998388396454487,0.0
52146,43.45572426207104,1.0,560,681,1241,0.0,0.0008333472224535399,0.9998388396454487,0.0
52147,43.45655760929349,1.0,560,681,1241,0.0,0.0008333472224535399,0.999919419822725,8.058017727639034e-05
52148,43.457390956515944,1.0,560,681,1241,0.0,0.0008333472224535399,1.0000000000000013,8.058017727639034e-05
52149,43.4582243037384,1.0,560,681,1241,0.0,0.0008333472224535399,1.0000000000000013,0.0
52150,43.45905765096085,1.0,560,681,1241,0.0,0.0008333472224535399,1.0000000000000013,0.0
52151,43.459890998183305,1.0,560,681,1241,0.0,0.0008333472224535399,1.0000000000000013,0.0
52152,43.46072434540576,1.0,560,681,1241,0.0,0.0008333472224535399,1.0000000000000013,0.0
52153,43.46155769262821,1.0,560,681,1241,0.0,0.0008333472224535399,1.0000000000000013,0.0
52154,43.462391039850665,1.0,560,681,1241,0.0,0.0008333472224535399,1.0000000000000013,0.0
52155,43.46322438707312,1.0,560,681,1241,0.0,0.0008333472224535399,1.0000000000000013,0.0
52156,43.46405773429557,1.0,560,681,1241,0.0,0.0008333472224535399,1.0000000000000013,0.0
52157,43.464891081518026,1.0,560,681,1241,0.0,0.0008333472224535399,1.0000000000000013,0.0
52158,43.46572442874048,1.0,560,681,1241,0.0,0.0008333472224535399,1.0000000000000013,0.0
52159,43.46655777596293,1.0,560,681,1241,0.0,0.0008333472224535399,1.0000000000000013,0.0
52160,43.46739112318539,1.0,560,681,1241,0.0,0.0008333472224535399,1.0000000000000013,0.0
52161,43.46822447040784,1.0,560,681,1241,0.0,0.0008333472224535399,1.0000000000000013,0.0
52162,43.46905781763029,1.0,560,681,1241,0.0,0.0008333472224535399,1.0000000000000013,0.0
52163,43.46989116485275,1.0,560,681,1241,0.0,0.0008333472224535399,1.0000000000000013,0.0
52164,43.4707245120752,1.0,560,681,1241,0.0,0.0008333472224535399,1.0000000000000013,0.0
52165,43.471557859297654,1.0,560,681,1241,0.0,0.0008333472224535399,1.0000000000000013,0.0
52166,43.47239120652011,1.0,560,681,1241,0.0,0.0008333472224535399,1.0000000000000013,0.0
52167,43.47322455374256,1.0,560,681,1241,0.0,0.0008333472224535399,1.0000000000000013,0.0
52168,43.474057900965015,1.0,560,681,1241,0.0,0.0008333472224535399,1.0000000000000013,0.0
52169,43.47489124818747,1.0,560,681,1241,0.0,0.0008333472224535399,1.0000000000000013,0.0
52170,43.47572459540992,1.0,560,681,1241,0.0,0.0008333472224535399,1.0000000000000013,0.0
52171,43.47655794263238,1.0,560,681,1241,0.0,0.0008333472224606453,1.0000000000000013,0.0
52172,43.477391289854836,1.0,560,681,1241,0.0,0.0008333472224535399,1.0000000000000013,0.0
52173,43.47822463707729,1.0,560,681,1241,0.0,0.0008333472224535399,1.0000000000000013,0.0
52174,43.47905798429974,1.0,560,681,1241,0.0,0.0008333472224535399,1.0000000000000013,0.0
52175,43.4798913315222,1.0,560,681,1241,0.0,0.0008333472224535399,1.0000000000000013,0.0
52176,43.48072467874465,1.0,560,681,1241,0.0,0.0008333472224535399,1.0000000000000013,0.0
52177,43.481558025967104,1.0,560,681,1241,0.0,0.0008333472224535399,1.0000000000000013,0.0
52178,43.48239137318956,1.0,560,681,1241,0.0,0.0008333472224535399,1.0000000000000013,0.0
52179,43.48322472041201,1.0,560,681,1241,0.0,0.0008333472224535399,1.0000000000000013,0.0
52180,43.484058067634464,1.0,560,681,1241,0.0,0.0008333472224535399,1.0000000000000013,0.0
52181,43.48489141485692,1.0,560,681,1241,0.0,0.0008333472224535399,1.0000000000000013,0.0
52182,43.48572476207937,1.0,560,681,1241,0.0,0.0008333472224535399,1.0000000000000013,0.0
52183,43.486558109301825,1.0,560,681,1241,0.0,0.0008333472224535399,1.0000000000000013,0.0
52184,43.48739145652428,1.0,560,681,1241,0.0,0.0008333472224535399,1.0000000000000013,0.0
52185,43.48822480374673,1.0,560,681,1241,0.0,0.0008333472224535399,1.0000000000000013,0.0
52186,43.489058150969186,1.0,560,681,1241,0.0,0.0008333472224535399,1.0000000000000013,0.0
52187,43.48989149819164,1.0,560,681,1241,0.0,0.0008333472224535399,1.0000000000000013,0.0
52188,43.49072484541409,1.0,560,681,1241,0.0,0.0008333472224535399,1.0000000000000013,0.0
52189,43.491558192636546,1.0,560,681,1241,0.0,0.0008333472224535399,1.0000000000000013,0.0
52190,43.492391539859,1.0,560,681,1241,0.0,0.0008333472224535399,1.0000000000000013,0.0
52191,43.49322488708145,1.0,560,681,1241,0.0,0.0008333472224535399,1.0000000000000013,0.0
52192,43.49405823430391,1.0,560,681,1241,0.0,0.0008333472224535399,1.0000000000000013,0.0
52193,43.49489158152636,1.0,560,681,1241,0.0,0.0008333472224535399,1.0000000000000013,0.0
52194,43.495724928748814,1.0,560,681,1241,0.0,0.0008333472224535399,1.0000000000000013,0.0
52195,43.49655827597127,1.0,560,681,1241,0.0,0.0008333472224535399,1.0000000000000013,0.0
52196,43.49739162319372,1.0,560,681,1241,0.0,0.0008333472224535399,1.0000000000000013,0.0
52197,43.498224970416175,1.0,560,681,1241,0.0,0.0008333472224535399,1.0000000000000013,0.0
52198,43.49905831763863,1.0,560,681,1241,0.0,0.0008333472224535399,1.0000000000000013,0.0
52199,43.49989166486108,1.0,560,681,1241,0.0,0.0008333472224535399,1.0000000000000013,0.0
52200,43.500725012083535,1.0,560,681,1241,0.0,0.0008333472224535399,1.0000000000000013,0.0
52201,43.50155835930599,1.0,560,681,1241,0.0,0.0008333472224535399,1.0000000000000013,0.0
52202,43.50239170652844,1.0,560,681,1241,0.0,0.0008333472224535399,1.0000000000000013,0.0
52203,43.503225053750896,1.0,560,681,1241,0.0,0.0008333472224535399,1.0000000000000013,0.0
52204,43.50405840097335,1.0,560,681,1241,0.0,0.0008333472224535399,1.0000000000000013,0.0
52205,43.5048917481958,1.0,560,681,1241,0.0,0.0008333472224535399,1.0000000000000013,0.0
52206,43.505725095418256,1.0,560,681,1241,0.0,0.0008333472224535399,1.0000000000000013,0.0
52207,43.50655844264071,1.0,560,681,1241,0.0,0.0008333472224535399,1.0000000000000013,0.0
52208,43.50739178986316,1.0,560,681,1241,0.0,0.0008333472224535399,1.0000000000000013,0.0
52209,43.50822513708562,1.0,560,681,1241,0.0,0.0008333472224535399,1.0000000000000013,0.0
52210,43.50905848430807,1.0,560,681,1241,0.0,0.0008333472224535399,1.0000000000000013,0.0
52211,43.509891831530524,1.0,560,681,1241,0.0,0.0008333472224535399,1.0000000000000013,0.0
52212,43.51072517875298,1.0,560,681,1241,0.0,0.0008333472224535399,1.0000000000000013,0.0
52213,43.51155852597544,1.0,560,681,1241,0.0,0.0008333472224606453,1.0000000000000013,0.0
52214,43.51239187319789,1.0,560,681,1241,0.0,0.0008333472224535399,1.0000000000000013,0.0
52215,43.513225220420345,1.0,560,681,1241,0.0,0.0008333472224535399,1.0000000000000013,0.0
52216,43.5140585676428,1.0,560,681,1241,0.0,0.0008333472224535399,1.0000000000000013,0.0
52217,43.51489191486525,1.0,560,681,1241,0.0,0.0008333472224535399,1.0000000000000013,0.0
52218,43.515725262087706,1.0,560,681,1241,0.0,0.0008333472224535399,1.0000000000000013,0.0
52219,43.51655860931016,1.0,560,681,1241,0.0,0.0008333472224535399,1.0000000000000013,0.0
52220,43.51739195653261,1.0,560,681,1241,0.0,0.0008333472224535399,1.0000000000000013,0.0
52221,43.51822530375507,1.0,560,681,1241,0.0,0.0008333472224535399,1.0000000000000013,0.0
52222,43.51905865097752,1.0,560,681,1241,0.0,0.0008333472224535399,1.0000000000000013,0.0
52223,43.519891998199974,1.0,560,681,1241,0.0,0.0008333472224535399,1.0000000000000013,0.0
52224,43.52072534542243,1.0,560,681,1241,0.0,0.0008333472224535399,1.0000000000000013,0.0
52225,43.52155869264488,1.0,560,681,1241,0.0,0.0008333472224535399,1.0000000000000013,0.0
52226,43.522392039867334,1.0,560,681,1241,0.0,0.0008333472224535399,1.0000000000000013,0.0
52227,43.52322538708979,1.0,560,681,1241,0.0,0.0008333472224535399,1.0000000000000013,0.0
52228,43.52405873431224,1.0,560,681,1241,0.0,0.0008333472224535399,1.0000000000000013,0.0
52229,43.524892081534695,1.0,560,681,1241,0.0,0.0008333472224535399,1.0000000000000013,0.0
52230,43.52572542875715,1.0,560,681,1241,0.0,0.0008333472224535399,1.0000000000000013,0.0
52231,43.5265587759796,1.0,560,681,1241,0.0,0.0008333472224535399,1.0000000000000013,0.0
52232,43.527392123202056,1.0,560,681,1241,0.0,0.0008333472224535399,1.0000000000000013,0.0
52233,43.52822547042451,0.9991941982272361,560,681,1241,-0.0008058017727639033,0.0008333472224535399,0.999919419822725,-8.058017727639034e-05
52234,43.52905881764696,0.9991941982272361,560,681,1241,0.0,0.0008333472224535399,0.9998388396454487,-8.058017727639034e-05
52235,43.529892164869416,0.9991941982272361,560,681,1241,0.0,0.0008333472224535399,0.9997582594681724,-8.058017727639034e-05
52236,43.53072551209187,1.0,560,681,1241,0.0008058017727639033,0.0008333472224535399,0.9997582594681724,0.0
52237,43.53155885931432,1.0,560,681,1241,0.0,0.0008333472224535399,0.9997582594681724,0.0
52238,43.53239220653678,1.0,560,681,1241,0.0,0.0008333472224535399,0.9997582594681724,0.0
52239,43.53322555375923,1.0,560,681,1241,0.0,0.0008333472224535399,0.9997582594681724,0.0
52240,43.534058900981684,1.0,560,681,1241,0.0,0.0008333472224535399,0.9997582594681724,0.0
52241,43.53489224820414,1.0,560,681,1241,0.0,0.0008333472224535399,0.9997582594681724,0.0
52242,43.53572559542659,1.0,560,681,1241,0.0,0.0008333472224535399,0.9997582594681724,0.0
52243,43.536558942649044,1.0,560,681,1241,0.0,0.0008333472224535399,0.9998388396454487,8.058017727639034e-05
52244,43.5373922898715,1.0,560,681,1241,0.0,0.0008333472224535399,0.999919419822725,8.058017727639034e-05
52245,43.53822563709395,1.0,560,681,1241,0.0,0.0008333472224535399,1.0000000000000013,8.058017727639034e-05
52246,43.539058984316405,1.0,560,681,1241,0.0,0.0008333472224535399,1.0000000000000013,0.0
52247,43.53989233153886,1.0,560,681,1241,0.0,0.0008333472224535399,1.0000000000000013,0.0
52248,43.54072567876131,1.0,560,681,1241,0.0,0.0008333472224535399,1.0000000000000013,0.0
52249,43.541559025983766,1.0,560,681,1241,0.0,0.0008333472224535399,1.0000000000000013,0.0
52250,43.54239237320622,1.0,560,681,1241,0.0,0.0008333472224535399,1.0000000000000013,0.0
52251,43.54322572042867,1.0,560,681,1241,0.0,0.0008333472224535399,1.0000000000000013,0.0
52252,43.544059067651126,1.0,560,681,1241,0.0,0.0008333472224535399,1.0000000000000013,0.0
52253,43.54489241487358,1.0,560,681,1241,0.0,0.0008333472224535399,1.0000000000000013,0.0
52254,43.54572576209603,1.0,560,681,1241,0.0,0.0008333472224535399,1.0000000000000013,0.0
52255,43.54655910931849,1.0,560,681,1241,0.0,0.0008333472224535399,1.0000000000000013,0.0
52256,43.54739245654095,1.0,560,681,1241,0.0,0.0008333472224606453,1.0000000000000013,0.0
52257,43.5482258037634,1.0,560,681,1241,0.0,0.0008333472224535399,1.0000000000000013,0.0
52258,43.549059150985855,1.0,560,681,1241,0.0,0.0008333472224535399,1.0000000000000013,0.0
52259,43.54989249820831,1.0,560,681,1241,0.0,0.0008333472224535399,1.0000000000000013,0.0
52260,43.55072584543076,1.0,560,681,1241,0.0,0.0008333472224535399,1.0000000000000013,0.0
52261,43.551559192653215,1.0,560,681,1241,0.0,0.0008333472224535399,1.0000000000000013,0.0
52262,43.55239253987567,1.0,560,681,1241,0.0,0.0008333472224535399,1.0000000000000013,0.0
52263,43.55322588709812,1.0,560,681,1241,0.0,0.0008333472224535399,1.0000000000000013,0.0
52264,43.554059234320576,1.0,560,681,1241,0.0,0.0008333472224535399,1.0000000000000013,0.0
52265,43.55489258154303,1.0,560,681,1241,0.0,0.0008333472224535399,1.0000000000000013,0.0
52266,43.55572592876548,1.0,560,681,1241,0.0,0.0008333472224535399,1.0000000000000013,0.0
52267,43.55655927598794,1.0,560,681,1241,0.0,0.0008333472224535399,1.0000000000000013,0.0
52268,43.55739262321039,1.0,560,681,1241,0.0,0.0008333472224535399,1.0000000000000013,0.0
52269,43.558225970432844,1.0,560,681,1241,0.0,0.0008333472224535399,1.0000000000000013,0.0
52270,43.5590593176553,1.0,560,681,1241,0.0,0.0008333472224535399,1.0000000000000013,0.0
52271,43.55989266487775,1.0,560,681,1241,0.0,0.0008333472224535399,1.0000000000000013,0.0
52272,43.560726012100204,1.0,560,681,1241,0.0,0.0008333472224535399,1.0000000000000013,0.0
52273,43.56155935932266,1.0,560,681,1241,0.0,0.0008333472224535399,1.0000000000000013,0.0
52274,43.56239270654511,1.0,560,681,1241,0.0,0.0008333472224535399,1.0000000000000013,0.0
52275,43.563226053767565,1.0,560,681,1241,0.0,0.0008333472224535399,1.0000000000000013,0.0
52276,43.56405940099002,1.0,560,681,1241,0.0,0.0008333472224535399,1.0000000000000013,0.0
52277,43.56489274821247,1.0,560,681,1241,0.0,0.0008333472224535399,1.0000000000000013,0.0
52278,43.565726095434925,1.0,560,681,1241,0.0,0.0008333472224535399,1.0000000000000013,0.0
52279,43.56655944265738,1.0,560,681,1241,0.0,0.0008333472224535399,1.0000000000000013,0.0
52280,43.56739278987983,1.0,560,681,1241,0.0,0.0008333472224535399,1.0000000000000013,0.0
52281,43.568226137102286,1.0,560,681,1241,0.0,0.0008333472224535399,1.0000000000000013,0.0
52282,43.56905948432474,1.0,560,681,1241,0.0,0.0008333472224535399,1.0000000000000013,0.0
52283,43.56989283154719,1.0,560,681,1241,0.0,0.0008333472224535399,1.0000000000000013,0.0
52284,43.57072617876965,1.0,560,681,1241,0.0,0.0008333472224535399,1.0000000000000013,0.0
52285,43.5715595259921,1.0,560,681,1241,0.0,0.0008333472224535399,1.0000000000000013,0.0
52286,43.572392873214554,1.0,560,681,1241,0.0,0.0008333472224535399,1.0000000000000013,0.0
52287,43.57322622043701,1.0,560,681,1241,0.0,0.0008333472224535399,1.0000000000000013,0.0
52288,43.57405956765946,1.0,560,681,1241,0.0,0.0008333472224535399,1.0000000000000013,0.0
52289,43.574892914881914,1.0,560,681,1241,0.0,0.0008333472224535399,1.0000000000000013,0.0
52290,43.57572626210437,1.0,560,681,1241,0.0,0.0008333472224535399,1.0000000000000013,0.0
52291,43.57655960932682,1.0,560,681,1241,0.0,0.0008333472224535399,1.0000000000000013,0.0
52292,43.577392956549275,1.0,560,681,1241,0.0,0.0008333472224535399,1.0000000000000013,0.0
52293,43.57822630377173,1.0,560,681,1241,0.0,0.0008333472224535399,1.0000000000000013,0.0
52294,43.57905965099418,1.0,560,681,1241,0.0,0.0008333472224535399,1.0000000000000013,0.0
52295,43.579892998216636,1.0,560,681,1241,0.0,0.0008333472224535399,1.0000000000000013,0.0
52296,43.58072634543909,1.0,560,681,1241,0.0,0.0008333472224535399,1.0000000000000013,0.0
52297,43.58155969266154,1.0,560,681,1241,0.0,0.0008333472224535399,1.0000000000000013,0.0
52298,43.582393039884,1.0,560,681,1241,0.0,0.0008333472224606453,1.0000000000000013,0.0
52299,43.58322638710646,1.0,560,681,1241,0.0,0.0008333472224535399,1.0000000000000013,0.0
52300,43.58405973432891,1.0,560,681,1241,0.0,0.0008333472224535399,1.0000000000000013,0.0
52301,43.584893081551364,1.0,560,681,1241,0.0,0.0008333472224535399,1.0000000000000013,0.0
52302,43.58572642877382,1.0,560,681,1241,0.0,0.0008333472224535399,1.0000000000000013,0.0
52303,43.58655977599627,1.0,560,681,1241,0.0,0.0008333472224535399,1.0000000000000013,0.0
52304,43.587393123218725,1.0,560,681,1241,0.0,0.0008333472224535399,1.0000000000000013,0.0
52305,43.58822647044118,1.0,560,681,1241,0.0,0.0008333472224535399,1.0000000000000013,0.0
52306,43.58905981766363,1.0,560,681,1241,0.0,0.0008333472224535399,1.0000000000000013,0.0
52307,43.589893164886085,1.0,560,681,1241,0.0,0.0008333472224535399,1.0000000000000013,0.0
52308,43.59072651210854,1.0,560,681,1241,0.0,0.0008333472224535399,1.0000000000000013,0.0
52309,43.59155985933099,1.0,560,681,1241,0.0,0.0008333472224535399,1.0000000000000013,0.0
52310,43.592393206553446,1.0,560,681,1241,0.0,0.0008333472224535399,1.0000000000000013,0.0
52311,43.5932265537759,1.0,560,681,1241,0.0,0.0008333472224535399,1.0000000000000013,0.0
52312,43.59405990099835,1.0,560,681,1241,0.0,0.0008333472224535399,1.0000000000000013,0.0
52313,43.59489324822081,1.0,560,681,1241,0.0,0.0008333472224535399,1.0000000000000013,0.0
52314,43.59572659544326,1.0,560,681,1241,0.0,0.0008333472224535399,1.0000000000000013,0.0
52315,43.59655994266571,1.0,560,681,1241,0.0,0.0008333472224535399,1.0000000000000013,0.0
52316,43.59739328988817,1.0,560,681,1241,0.0,0.0008333472224535399,1.0000000000000013,0.0
52317,43.59822663711062,1.0,560,681,1241,0.0,0.0008333472224535399,1.0000000000000013,0.0
52318,43.599059984333074,1.0,560,681,1241,0.0,0.0008333472224535399,1.0000000000000013,0.0
52319,43.59989333155553,1.0,560,681,1241,0.0,0.0008333472224535399,1.0000000000000013,0.0
52320,43.60072667877798,1.0,560,681,1241,0.0,0.0008333472224535399,1.0000000000000013,0.0
52321,43.601560026000435,1.0,560,681,1241,0.0,0.0008333472224535399,1.0000000000000013,0.0
52322,43.60239337322289,1.0,560,681,1241,0.0,0.0008333472224535399,1.0000000000000013,0.0
52323,43.60322672044534,1.0,560,681,1241,0.0,0.0008333472224535399,1.0000000000000013,0.0
52324,43.604060067667795,0.9991941982272361,560,681,1241,-0.0008058017727639033,0.0008333472224535399,0.999919419822725,-8.058017727639034e-05
52325,43.60489341489025,0.9991941982272361,560,681,1241,0.0,0.0008333472224535399,0.9998388396454487,-8.058017727639034e-05
52326,43.6057267621127,1.0,560,681,1241,0.0008058017727639033,0.0008333472224535399,0.9998388396454487,0.0
52327,43.606560109335156,1.0,560,681,1241,0.0,0.0008333472224535399,0.9998388396454487,0.0
52328,43.60739345655761,1.0,560,681,1241,0.0,0.0008333472224535399,0.9998388396454487,0.0
52329,43.60822680378006,1.0,560,681,1241,0.0,0.0008333472224535399,0.9998388396454487,0.0
52330,43.60906015100252,1.0,560,681,1241,0.0,0.0008333472224535399,0.9998388396454487,0.0
52331,43.60989349822497,1.0,560,681,1241,0.0,0.0008333472224535399,0.9998388396454487,0.0
52332,43.610726845447424,1.0,560,681,1241,0.0,0.0008333472224535399,0.9998388396454487,0.0
52333,43.61156019266988,1.0,560,681,1241,0.0,0.0008333472224535399,0.9998388396454487,0.0
52334,43.61239353989233,1.0,560,681,1241,0.0,0.0008333472224535399,0.999919419822725,8.058017727639034e-05
52335,43.613226887114784,1.0,560,681,1241,0.0,0.0008333472224535399,1.0000000000000013,8.058017727639034e-05
52336,43.61406023433724,1.0,560,681,1241,0.0,0.0008333472224535399,1.0000000000000013,0.0
52337,43.61489358155969,1.0,560,681,1241,0.0,0.0008333472224535399,1.0000000000000013,0.0
52338,43.615726928782145,1.0,560,681,1241,0.0,0.0008333472224535399,1.0000000000000013,0.0
52339,43.6165602760046,1.0,560,681,1241,0.0,0.0008333472224535399,1.0000000000000013,0.0
52340,43.61739362322706,1.0,560,681,1241,0.0,0.0008333472224606453,1.0000000000000013,0.0
52341,43.61822697044951,1.0,560,681,1241,0.0,0.0008333472224535399,1.0000000000000013,0.0
52342,43.619060317671966,1.0,560,681,1241,0.0,0.0008333472224535399,1.0000000000000013,0.0
52343,43.61989366489442,1.0,560,681,1241,0.0,0.0008333472224535399,1.0000000000000013,0.0
52344,43.62072701211687,1.0,560,681,1241,0.0,0.0008333472224535399,1.0000000000000013,0.0
52345,43.62156035933933,1.0,560,681,1241,0.0,0.0008333472224535399,1.0000000000000013,0.0
52346,43.62239370656178,1.0,560,681,1241,0.0,0.0008333472224535399,1.0000000000000013,0.0
52347,43.623227053784234,1.0,560,681,1241,0.0,0.0008333472224535399,1.0000000000000013,0.0
52348,43.62406040100669,1.0,560,681,1241,0.0,0.0008333472224535399,1.0000000000000013,0.0
52349,43.62489374822914,1.0,560,681,1241,0.0,0.0008333472224535399,1.0000000000000013,0.0
52350,43.625727095451595,1.0,560,681,1241,0.0,0.0008333472224535399,1.0000000000000013,0.0
52351,43.62656044267405,1.0,560,681,1241,0.0,0.0008333472224535399,1.0000000000000013,0.0
52352,43.6273937898965,1.0,560,681,1241,0.0,0.0008333472224535399,1.0000000000000013,0.0
52353,43.628227137118955,1.0,560,681,1241,0.0,0.0008333472224535399,1.0000000000000013,0.0
52354,43.62906048434141,1.0,560,681,1241,0.0,0.0008333472224535399,1.0000000000000013,0.0
52355,43.62989383156386,1.0,560,681,1241,0.0,0.0008333472224535399,1.0000000000000013,0.0
52356,43.630727178786316,1.0,560,681,1241,0.0,0.0008333472224535399,1.0000000000000013,0.0
52357,43.63156052600877,1.0,560,681,1241,0.0,0.0008333472224535399,1.0000000000000013,0.0
52358,43.63239387323122,1.0,560,681,1241,0.0,0.0008333472224535399,1.0000000000000013,0.0
52359,43.633227220453676,0.9991941982272361,560,681,1241,-0.0008058017727639033,0.0008333472224535399,0.999919419822725,-8.058017727639034e-05
52360,43.63406056767613,0.9991941982272361,560,681,1241,0.0,0.0008333472224535399,0.9998388396454487,-8.058017727639034e-05
52361,43.63489391489858,1.0,560,681,1241,0.0008058017727639033,0.0008333472224535399,0.9998388396454487,0.0
52362,43.63572726212104,1.0,560,681,1241,0.0,0.0008333472224535399,0.9998388396454487,0.0
52363,43.63656060934349,1.0,560,681,1241,0.0,0.0008333472224535399,0.9998388396454487,0.0
52364,43.637393956565944,1.0,560,681,1241,0.0,0.0008333472224535399,0.9998388396454487,0.0
52365,43.6382273037884,1.0,560,681,1241,0.0,0.0008333472224535399,0.9998388396454487,0.0
52366,43.63906065101085,1.0,560,681,1241,0.0,0.0008333472224535399,0.9998388396454487,0.0
52367,43.639893998233305,1.0,560,681,1241,0.0,0.0008333472224535399,0.9998388396454487,0.0
52368,43.64072734545576,1.0,560,681,1241,0.0,0.0008333472224535399,0.9998388396454487,0.0
52369,43.64156069267821,1.0,560,681,1241,0.0,0.0008333472224535399,0.999919419822725,8.058017727639034e-05
52370,43.642394039900665,1.0,560,681,1241,0.0,0.0008333472224535399,1.0000000000000013,8.058017727639034e-05
52371,43.64322738712312,1.0,560,681,1241,0.0,0.0008333472224535399,1.0000000000000013,0.0
52372,43.64406073434557,1.0,560,681,1241,0.0,0.0008333472224535399,1.0000000000000013,0.0
52373,43.644894081568026,1.0,560,681,1241,0.0,0.0008333472224535399,1.0000000000000013,0.0
52374,43.64572742879048,1.0,560,681,1241,0.0,0.0008333472224535399,1.0000000000000013,0.0
52375,43.64656077601293,1.0,560,681,1241,0.0,0.0008333472224535399,1.0000000000000013,0.0
52376,43.64739412323539,1.0,560,681,1241,0.0,0.0008333472224535399,1.0000000000000013,0.0
52377,43.64822747045784,1.0,560,681,1241,0.0,0.0008333472224535399,1.0000000000000013,0.0
52378,43.649060817680294,1.0,560,681,1241,0.0,0.0008333472224535399,1.0000000000000013,0.0
52379,43.64989416490275,1.0,560,681,1241,0.0,0.0008333472224535399,1.0000000000000013,0.0
52380,43.6507275121252,1.0,560,681,1241,0.0,0.0008333472224535399,1.0000000000000013,0.0
52381,43.651560859347654,1.0,560,681,1241,0.0,0.0008333472224535399,1.0000000000000013,0.0
52382,43.65239420657011,1.0,560,681,1241,0.0,0.0008333472224535399,1.0000000000000013,0.0
52383,43.65322755379257,1.0,560,681,1241,0.0,0.0008333472224606453,1.0000000000000013,0.0
52384,43.65406090101502,1.0,560,681,1241,0.0,0.0008333472224535399,1.0000000000000013,0.0
52385,43.654894248237476,1.0,560,681,1241,0.0,0.0008333472224535399,1.0000000000000013,0.0
52386,43.65572759545993,1.0,560,681,1241,0.0,0.0008333472224535399,1.0000000000000013,0.0
52387,43.65656094268238,1.0,560,681,1241,0.0,0.0008333472224535399,1.0000000000000013,0.0
52388,43.657394289904836,1.0,560,681,1241,0.0,0.0008333472224535399,1.0000000000000013,0.0
52389,43.65822763712729,1.0,560,681,1241,0.0,0.0008333472224535399,1.0000000000000013,0.0
52390,43.65906098434974,1.0,560,681,1241,0.0,0.0008333472224535399,1.0000000000000013,0.0
52391,43.6598943315722,1.0,560,681,1241,0.0,0.0008333472224535399,1.0000000000000013,0.0
52392,43.66072767879465,1.0,560,681,1241,0.0,0.0008333472224535399,1.0000000000000013,0.0
52393,43.661561026017104,1.0,560,681,1241,0.0,0.0008333472224535399,1.0000000000000013,0.0
52394,43.66239437323956,1.0,560,681,1241,0.0,0.0008333472224535399,1.0000000000000013,0.0
52395,43.66322772046201,1.0,560,681,1241,0.0,0.0008333472224535399,1.0000000000000013,0.0
52396,43.664061067684464,1.0,560,681,1241,0.0,0.0008333472224535399,1.0000000000000013,0.0
52397,43.66489441490692,1.0,560,681,1241,0.0,0.0008333472224535399,1.0000000000000013,0.0
52398,43.66572776212937,1.0,560,681,1241,0.0,0.0008333472224535399,1.0000000000000013,0.0
52399,43.666561109351825,1.0,560,681,1241,0.0,0.0008333472224535399,1.0000000000000013,0.0
52400,43.66739445657428,1.0,560,681,1241,0.0,0.0008333472224535399,1.0000000000000013,0.0
52401,43.66822780379673,1.0,560,681,1241,0.0,0.0008333472224535399,1.0000000000000013,0.0
52402,43.669061151019186,1.0,560,681,1241,0.0,0.0008333472224535399,1.0000000000000013,0.0
52403,43.66989449824164,1.0,560,681,1241,0.0,0.0008333472224535399,1.0000000000000013,0.0
52404,43.67072784546409,1.0,560,681,1241,0.0,0.0008333472224535399,1.0000000000000013,0.0
52405,43.671561192686546,1.0,560,681,1241,0.0,0.0008333472224535399,1.0000000000000013,0.0
52406,43.672394539909,1.0,560,681,1241,0.0,0.0008333472224535399,1.0000000000000013,0.0
52407,43.67322788713145,1.0,560,681,1241,0.0,0.0008333472224535399,1.0000000000000013,0.0
52408,43.67406123435391,1.0,560,681,1241,0.0,0.0008333472224535399,1.0000000000000013,0.0
52409,43.67489458157636,1.0,560,681,1241,0.0,0.0008333472224535399,1.0000000000000013,0.0
52410,43.675727928798814,1.0,560,681,1241,0.0,0.0008333472224535399,1.0000000000000013,0.0
52411,43.67656127602127,1.0,560,681,1241,0.0,0.0008333472224535399,1.0000000000000013,0.0
52412,43.67739462324372,1.0,560,681,1241,0.0,0.0008333472224535399,1.0000000000000013,0.0
52413,43.678227970466175,1.0,560,681,1241,0.0,0.0008333472224535399,1.0000000000000013,0.0
52414,43.67906131768863,1.0,560,681,1241,0.0,0.0008333472224535399,1.0000000000000013,0.0
52415,43.67989466491108,1.0,560,681,1241,0.0,0.0008333472224535399,1.0000000000000013,0.0
52416,43.680728012133535,1.0,560,681,1241,0.0,0.0008333472224535399,1.0000000000000013,0.0
52417,43.68156135935599,1.0,560,681,1241,0.0,0.0008333472224535399,1.0000000000000013,0.0
52418,43.68239470657844,1.0,560,681,1241,0.0,0.0008333472224535399,1.0000000000000013,0.0
52419,43.683228053800896,1.0,560,681,1241,0.0,0.0008333472224535399,1.0000000000000013,0.0
52420,43.68406140102335,1.0,560,681,1241,0.0,0.0008333472224535399,1.0000000000000013,0.0
52421,43.6848947482458,1.0,560,681,1241,0.0,0.0008333472224535399,1.0000000000000013,0.0
52422,43.68572809546826,1.0,560,681,1241,0.0,0.0008333472224535399,1.0000000000000013,0.0
52423,43.68656144269071,1.0,560,681,1241,0.0,0.0008333472224535399,1.0000000000000013,0.0
52424,43.687394789913164,1.0,560,681,1241,0.0,0.0008333472224535399,1.0000000000000013,0.0
52425,43.688228137135624,1.0,560,681,1241,0.0,0.0008333472224606453,1.0000000000000013,0.0
52426,43.68906148435808,1.0,560,681,1241,0.0,0.0008333472224535399,1.0000000000000013,0.0
52427,43.68989483158053,1.0,560,681,1241,0.0,0.0008333472224535399,1.0000000000000013,0.0
52428,43.690728178802985,1.0,560,681,1241,0.0,0.0008333472224535399,1.0000000000000013,0.0
52429,43.69156152602544,1.0,560,681,1241,0.0,0.0008333472224535399,1.0000000000000013,0.0
52430,43.69239487324789,1.0,560,681,1241,0.0,0.0008333472224535399,1.0000000000000013,0.0
52431,43.693228220470345,1.0,560,681,1241,0.0,0.0008333472224535399,1.0000000000000013,0.0
52432,43.6940615676928,1.0,560,681,1241,0.0,0.0008333472224535399,1.0000000000000013,0.0
52433,43.69489491491525,1.0,560,681,1241,0.0,0.0008333472224535399,1.0000000000000013,0.0
52434,43.695728262137706,1.0,560,681,1241,0.0,0.0008333472224535399,1.0000000000000013,0.0
52435,43.69656160936016,1.0,560,681,1241,0.0,0.0008333472224535399,1.0000000000000013,0.0
52436,43.69739495658261,1.0,560,681,1241,0.0,0.0008333472224535399,1.0000000000000013,0.0
52437,43.69822830380507,1.0,560,681,1241,0.0,0.0008333472224535399,1.0000000000000013,0.0
52438,43.69906165102752,1.0,560,681,1241,0.0,0.0008333472224535399,1.0000000000000013,0.0
52439,43.699894998249974,1.0,560,681,1241,0.0,0.0008333472224535399,1.0000000000000013,0.0
52440,43.70072834547243,1.0,560,681,1241,0.0,0.0008333472224535399,1.0000000000000013,0.0
52441,43.70156169269488,0.9991941982272361,560,681,1241,-0.0008058017727639033,0.0008333472224535399,0.999919419822725,-8.058017727639034e-05
52442,43.702395039917334,0.9991941982272361,560,681,1241,0.0,0.0008333472224535399,0.9998388396454487,-8.058017727639034e-05
52443,43.70322838713979,0.9991941982272361,560,681,1241,0.0,0.0008333472224535399,0.9997582594681724,-8.058017727639034e-05
52444,43.70406173436224,1.0,560,681,1241,0.0008058017727639033,0.0008333472224535399,0.9997582594681724,0.0
52445,43.704895081584695,1.0,560,681,1241,0.0,0.0008333472224535399,0.9997582594681724,0.0
52446,43.70572842880715,1.0,560,681,1241,0.0,0.0008333472224535399,0.9997582594681724,0.0
52447,43.7065617760296,1.0,560,681,1241,0.0,0.0008333472224535399,0.9997582594681724,0.0
52448,43.707395123252056,0.9991941982272361,560,681,1241,-0.0008058017727639033,0.0008333472224535399,0.999677679290896,-8.058017727639034e-05
52449,43.70822847047451,0.9991941982272361,560,681,1241,0.0,0.0008333472224535399,0.9995970991136197,-8.058017727639034e-05
52450,43.70906181769696,0.9991941982272361,560,681,1241,0.0,0.0008333472224535399,0.9995165189363433,-8.058017727639034e-05
52451,43.709895164919416,0.9991941982272361,560,681,1241,0.0,0.0008333472224535399,0.9995165189363433,0.0
52452,43.71072851214187,0.9991941982272361,560,681,1241,0.0,0.0008333472224535399,0.9995165189363433,0.0
52453,43.71156185936432,0.9991941982272361,560,681,1241,0.0,0.0008333472224535399,0.9995165189363433,0.0
52454,43.71239520658678,0.9991941982272361,560,681,1241,0.0,0.0008333472224535399,0.999435938759067,-8.058017727639034e-05
52455,43.71322855380923,0.9991941982272361,560,681,1241,0.0,0.0008333472224535399,0.9993553585817907,-8.058017727639034e-05
52456,43.714061901031684,1.0,560,681,1241,0.0008058017727639033,0.0008333472224535399,0.9993553585817907,0.0
52457,43.71489524825414,1.0,560,681,1241,0.0,0.0008333472224535399,0.9993553585817907,0.0
52458,43.71572859547659,1.0,560,681,1241,0.0,0.0008333472224535399,0.999435938759067,8.058017727639034e-05
52459,43.716561942699045,1.0,560,681,1241,0.0,0.0008333472224535399,0.9995165189363433,8.058017727639034e-05
52460,43.7173952899215,1.0,560,681,1241,0.0,0.0008333472224535399,0.9995970991136197,8.058017727639034e-05
52461,43.71822863714395,1.0,560,681,1241,0.0,0.0008333472224535399,0.999677679290896,8.058017727639034e-05
52462,43.719061984366405,1.0,560,681,1241,0.0,0.0008333472224535399,0.9997582594681724,8.058017727639034e-05
52463,43.71989533158886,1.0,560,681,1241,0.0,0.0008333472224535399,0.9998388396454487,8.058017727639034e-05
52464,43.72072867881131,1.0,560,681,1241,0.0,0.0008333472224535399,0.999919419822725,8.058017727639034e-05
52465,43.721562026033766,1.0,560,681,1241,0.0,0.0008333472224535399,1.0000000000000013,8.058017727639034e-05
52466,43.72239537325622,1.0,560,681,1241,0.0,0.0008333472224535399,1.0000000000000013,0.0
52467,43.72322872047868,1.0,560,681,1241,0.0,0.0008333472224606453,1.0000000000000013,0.0
52468,43.724062067701134,0.9991941982272361,560,681,1241,-0.0008058017727639033,0.0008333472224535399,0.999919419822725,-8.058017727639034e-05
52469,43.72489541492359,0.9991941982272361,560,681,1241,0.0,0.0008333472224535399,0.9998388396454487,-8.058017727639034e-05
52470,43.72572876214604,0.9991941982272361,560,681,1241,0.0,0.0008333472224535399,0.9997582594681724,-8.058017727639034e-05
52471,43.726562109368494,0.9991941982272361,560,681,1241,0.0,0.0008333472224535399,0.999677679290896,-8.058017727639034e-05
52472,43.72739545659095,0.9991941982272361,560,681,1241,0.0,0.0008333472224535399,0.9995970991136197,-8.058017727639034e-05
52473,43.7282288038134,0.9991941982272361,560,681,1241,0.0,0.0008333472224535399,0.9995165189363433,-8.058017727639034e-05
52474,43.729062151035855,0.9991941982272361,560,681,1241,0.0,0.0008333472224535399,0.999435938759067,-8.058017727639034e-05
52475,43.72989549825831,1.0,560,681,1241,0.0008058017727639033,0.0008333472224535399,0.999435938759067,0.0
52476,43.73072884548076,1.0,560,681,1241,0.0,0.0008333472224535399,0.999435938759067,0.0
52477,43.731562192703215,1.0,560,681,1241,0.0,0.0008333472224535399,0.999435938759067,0.0
52478,43.73239553992567,1.0,560,681,1241,0.0,0.0008333472224535399,0.9995165189363433,8.058017727639034e-05
52479,43.73322888714812,1.0,560,681,1241,0.0,0.0008333472224535399,0.9995970991136197,8.058017727639034e-05
52480,43.734062234370576,1.0,560,681,1241,0.0,0.0008333472224535399,0.999677679290896,8.058017727639034e-05
52481,43.73489558159303,1.0,560,681,1241,0.0,0.0008333472224535399,0.9997582594681724,8.058017727639034e-05
52482,43.73572892881548,1.0,560,681,1241,0.0,0.0008333472224535399,0.9998388396454487,8.058017727639034e-05
52483,43.73656227603794,1.0,560,681,1241,0.0,0.0008333472224535399,0.999919419822725,8.058017727639034e-05
52484,43.73739562326039,1.0,560,681,1241,0.0,0.0008333472224535399,1.0000000000000013,8.058017727639034e-05
52485,43.738228970482844,1.0,560,681,1241,0.0,0.0008333472224535399,1.0000000000000013,0.0
52486,43.7390623177053,1.0,560,681,1241,0.0,0.0008333472224535399,1.0000000000000013,0.0
52487,43.73989566492775,1.0,560,681,1241,0.0,0.0008333472224535399,1.0000000000000013,0.0
52488,43.740729012150204,1.0,560,681,1241,0.0,0.0008333472224535399,1.0000000000000013,0.0
52489,43.74156235937266,1.0,560,681,1241,0.0,0.0008333472224535399,1.0000000000000013,0.0
52490,43.74239570659511,1.0,560,681,1241,0.0,0.0008333472224535399,1.0000000000000013,0.0
52491,43.743229053817565,1.0,560,681,1241,0.0,0.0008333472224535399,1.0000000000000013,0.0
52492,43.74406240104002,1.0,560,681,1241,0.0,0.0008333472224535399,1.0000000000000013,0.0
52493,43.74489574826247,1.0,560,681,1241,0.0,0.0008333472224535399,1.0000000000000013,0.0
52494,43.745729095484926,1.0,560,681,1241,0.0,0.0008333472224535399,1.0000000000000013,0.0
52495,43.74656244270738,1.0,560,681,1241,0.0,0.0008333472224535399,1.0000000000000013,0.0
52496,43.74739578992983,1.0,560,681,1241,0.0,0.0008333472224535399,1.0000000000000013,0.0
52497,43.748229137152286,1.0,560,681,1241,0.0,0.0008333472224535399,1.0000000000000013,0.0
52498,43.74906248437474,1.0,560,681,1241,0.0,0.0008333472224535399,1.0000000000000013,0.0
52499,43.74989583159719,1.0,560,681,1241,0.0,0.0008333472224535399,1.0000000000000013,0.0
52500,43.75072917881965,1.0,560,681,1241,0.0,0.0008333472224535399,1.0000000000000013,0.0
52501,43.7515625260421,0.9991941982272361,560,681,1241,-0.0008058017727639033,0.0008333472224535399,0.999919419822725,-8.058017727639034e-05
52502,43.752395873264554,0.9991941982272361,560,681,1241,0.0,0.0008333472224535399,0.9998388396454487,-8.058017727639034e-05
52503,43.75322922048701,1.0,560,681,1241,0.0008058017727639033,0.0008333472224535399,0.9998388396454487,0.0
52504,43.75406256770946,0.9991941982272361,560,681,1241,-0.0008058017727639033,0.0008333472224535399,0.9997582594681724,-8.058017727639034e-05
52505,43.754895914931915,0.9991941982272361,560,681,1241,0.0,0.0008333472224535399,0.999677679290896,-8.058017727639034e-05
52506,43.75572926215437,0.9991941982272361,560,681,1241,0.0,0.0008333472224535399,0.9995970991136197,-8.058017727639034e-05
52507,43.75656260937682,0.9991941982272361,560,681,1241,0.0,0.0008333472224535399,0.9995165189363433,-8.058017727639034e-05
52508,43.757395956599275,0.9991941982272361,560,681,1241,0.0,0.0008333472224535399,0.999435938759067,-8.058017727639034e-05
52509,43.75822930382173,1.0,560,681,1241,0.0008058017727639033,0.0008333472224535399,0.999435938759067,0.0
52510,43.75906265104419,1.0,560,681,1241,0.0,0.0008333472224606453,0.999435938759067,0.0
52511,43.75989599826664,1.0,560,681,1241,0.0,0.0008333472224535399,0.9995165189363433,8.058017727639034e-05
52512,43.760729345489096,0.9991941982272361,560,681,1241,-0.0008058017727639033,0.0008333472224535399,0.9995165189363433,0.0
52513,43.76156269271155,0.9991941982272361,560,681,1241,0.0,0.0008333472224535399,0.999435938759067,-8.058017727639034e-05
52514,43.762396039934,0.9991941982272361,560,681,1241,0.0,0.0008333472224535399,0.999435938759067,0.0
52515,43.76322938715646,0.9991941982272361,560,681,1241,0.0,0.0008333472224535399,0.999435938759067,0.0
52516,43.76406273437891,0.9983883964544722,560,681,1241,-0.0008058017727639033,0.0008333472224535399,0.9993553585817907,-8.058017727639034e-05
52517,43.764896081601364,0.9991941982272361,560,681,1241,0.0008058017727639033,0.0008333472224535399,0.9993553585817907,0.0
52518,43.76572942882382,1.0,560,681,1241,0.0008058017727639033,0.0008333472224535399,0.999435938759067,8.058017727639034e-05
52519,43.76656277604627,1.0,560,681,1241,0.0,0.0008333472224535399,0.999435938759067,0.0
52520,43.767396123268725,1.0,560,681,1241,0.0,0.0008333472224535399,0.999435938759067,0.0
52521,43.76822947049118,1.0,560,681,1241,0.0,0.0008333472224535399,0.999435938759067,0.0
52522,43.76906281771363,1.0,560,681,1241,0.0,0.0008333472224535399,0.9995165189363433,8.058017727639034e-05
52523,43.769896164936085,1.0,560,681,1241,0.0,0.0008333472224535399,0.9995970991136197,8.058017727639034e-05
52524,43.77072951215854,1.0,560,681,1241,0.0,0.0008333472224535399,0.999677679290896,8.058017727639034e-05
52525,43.77156285938099,1.0,560,681,1241,0.0,0.0008333472224535399,0.9997582594681724,8.058017727639034e-05
52526,43.772396206603446,1.0,560,681,1241,0.0,0.0008333472224535399,0.999919419822725,0.00016116035455278067
52527,43.7732295538259,1.0,560,681,1241,0.0,0.0008333472224535399,1.0000000000000013,8.058017727639034e-05
52528,43.77406290104835,1.0,560,681,1241,0.0,0.0008333472224535399,1.0000000000000013,0.0
52529,43.77489624827081,1.0,560,681,1241,0.0,0.0008333472224535399,1.0000000000000013,0.0
52530,43.77572959549326,1.0,560,681,1241,0.0,0.0008333472224535399,1.0000000000000013,0.0
52531,43.776562942715714,1.0,560,681,1241,0.0,0.0008333472224535399,1.0000000000000013,0.0
52532,43.77739628993817,1.0,560,681,1241,0.0,0.0008333472224535399,1.0000000000000013,0.0
52533,43.77822963716062,1.0,560,681,1241,0.0,0.0008333472224535399,1.0000000000000013,0.0
52534,43.779062984383074,1.0,560,681,1241,0.0,0.0008333472224535399,1.0000000000000013,0.0
52535,43.77989633160553,0.9991941982272361,560,681,1241,-0.0008058017727639033,0.0008333472224535399,0.999919419822725,-8.058017727639034e-05
52536,43.78072967882798,1.0,560,681,1241,0.0008058017727639033,0.0008333472224535399,0.999919419822725,0.0
52537,43.781563026050435,1.0,560,681,1241,0.0,0.0008333472224535399,0.999919419822725,0.0
52538,43.78239637327289,1.0,560,681,1241,0.0,0.0008333472224535399,0.999919419822725,0.0
52539,43.78322972049534,1.0,560,681,1241,0.0,0.0008333472224535399,0.999919419822725,0.0
52540,43.784063067717796,1.0,560,681,1241,0.0,0.0008333472224535399,0.999919419822725,0.0
52541,43.78489641494025,1.0,560,681,1241,0.0,0.0008333472224535399,0.999919419822725,0.0
52542,43.7857297621627,1.0,560,681,1241,0.0,0.0008333472224535399,0.999919419822725,0.0
52543,43.786563109385156,1.0,560,681,1241,0.0,0.0008333472224535399,0.999919419822725,0.0
52544,43.78739645660761,1.0,560,681,1241,0.0,0.0008333472224535399,0.999919419822725,0.0
52545,43.78822980383006,1.0,560,681,1241,0.0,0.0008333472224535399,1.0000000000000013,8.058017727639034e-05
52546,43.78906315105252,1.0,560,681,1241,0.0,0.0008333472224535399,1.0000000000000013,0.0
52547,43.78989649827497,1.0,560,681,1241,0.0,0.0008333472224535399,1.0000000000000013,0.0
52548,43.790729845497424,1.0,560,681,1241,0.0,0.0008333472224535399,1.0000000000000013,0.0
52549,43.79156319271988,1.0,560,681,1241,0.0,0.0008333472224535399,1.0000000000000013,0.0
52550,43.79239653994233,1.0,560,681,1241,0.0,0.0008333472224535399,1.0000000000000013,0.0
52551,43.793229887164784,1.0,560,681,1241,0.0,0.0008333472224535399,1.0000000000000013,0.0
52552,43.794063234387245,1.0,560,681,1241,0.0,0.0008333472224606453,1.0000000000000013,0.0
52553,43.7948965816097,1.0,560,681,1241,0.0,0.0008333472224535399,1.0000000000000013,0.0
52554,43.79572992883215,1.0,560,681,1241,0.0,0.0008333472224535399,1.0000000000000013,0.0
52555,43.796563276054606,1.0,560,681,1241,0.0,0.0008333472224535399,1.0000000000000013,0.0
52556,43.79739662327706,1.0,560,681,1241,0.0,0.0008333472224535399,1.0000000000000013,0.0
52557,43.79822997049951,0.9991941982272361,560,681,1241,-0.0008058017727639033,0.0008333472224535399,0.999919419822725,-8.058017727639034e-05
52558,43.799063317721966,0.9991941982272361,560,681,1241,0.0,0.0008333472224535399,0.9998388396454487,-8.058017727639034e-05
52559,43.79989666494442,0.9991941982272361,560,681,1241,0.0,0.0008333472224535399,0.9997582594681724,-8.058017727639034e-05
52560,43.80073001216687,0.9991941982272361,560,681,1241,0.0,0.0008333472224535399,0.999677679290896,-8.058017727639034e-05
52561,43.80156335938933,0.9991941982272361,560,681,1241,0.0,0.0008333472224535399,0.9995970991136197,-8.058017727639034e-05
52562,43.80239670661178,1.0,560,681,1241,0.0008058017727639033,0.0008333472224535399,0.9995970991136197,0.0
52563,43.803230053834234,1.0,560,681,1241,0.0,0.0008333472224535399,0.9995970991136197,0.0
52564,43.80406340105669,1.0,560,681,1241,0.0,0.0008333472224535399,0.9995970991136197,0.0
52565,43.80489674827914,1.0,560,681,1241,0.0,0.0008333472224535399,0.9995970991136197,0.0
52566,43.805730095501595,1.0,560,681,1241,0.0,0.0008333472224535399,0.9995970991136197,0.0
52567,43.80656344272405,1.0,560,681,1241,0.0,0.0008333472224535399,0.999677679290896,8.058017727639034e-05
52568,43.8073967899465,1.0,560,681,1241,0.0,0.0008333472224535399,0.9997582594681724,8.058017727639034e-05
52569,43.808230137168955,1.0,560,681,1241,0.0,0.0008333472224535399,0.9998388396454487,8.058017727639034e-05
52570,43.80906348439141,1.0,560,681,1241,0.0,0.0008333472224535399,0.999919419822725,8.058017727639034e-05
52571,43.80989683161386,1.0,560,681,1241,0.0,0.0008333472224535399,1.0000000000000013,8.058017727639034e-05
52572,43.810730178836316,1.0,560,681,1241,0.0,0.0008333472224535399,1.0000000000000013,0.0
52573,43.81156352605877,1.0,560,681,1241,0.0,0.0008333472224535399,1.0000000000000013,0.0
52574,43.81239687328122,1.0,560,681,1241,0.0,0.0008333472224535399,1.0000000000000013,0.0
52575,43.81323022050368,1.0,560,681,1241,0.0,0.0008333472224535399,1.0000000000000013,0.0
52576,43.81406356772613,1.0,560,681,1241,0.0,0.0008333472224535399,1.0000000000000013,0.0
52577,43.814896914948584,1.0,560,681,1241,0.0,0.0008333472224535399,1.0000000000000013,0.0
52578,43.81573026217104,1.0,560,681,1241,0.0,0.0008333472224535399,1.0000000000000013,0.0
52579,43.81656360939349,1.0,560,681,1241,0.0,0.0008333472224535399,1.0000000000000013,0.0
52580,43.817396956615944,1.0,560,681,1241,0.0,0.0008333472224535399,1.0000000000000013,0.0
52581,43.8182303038384,1.0,560,681,1241,0.0,0.0008333472224535399,1.0000000000000013,0.0
52582,43.81906365106085,1.0,560,681,1241,0.0,0.0008333472224535399,1.0000000000000013,0.0
52583,43.819896998283305,1.0,560,681,1241,0.0,0.0008333472224535399,1.0000000000000013,0.0
52584,43.82073034550576,1.0,560,681,1241,0.0,0.0008333472224535399,1.0000000000000013,0.0
52585,43.82156369272821,1.0,560,681,1241,0.0,0.0008333472224535399,1.0000000000000013,0.0
52586,43.822397039950665,1.0,560,681,1241,0.0,0.0008333472224535399,1.0000000000000013,0.0
52587,43.82323038717312,1.0,560,681,1241,0.0,0.0008333472224535399,1.0000000000000013,0.0
52588,43.82406373439557,1.0,560,681,1241,0.0,0.0008333472224535399,1.0000000000000013,0.0
52589,43.824897081618026,1.0,560,681,1241,0.0,0.0008333472224535399,1.0000000000000013,0.0
52590,43.82573042884048,1.0,560,681,1241,0.0,0.0008333472224535399,1.0000000000000013,0.0
52591,43.82656377606293,1.0,560,681,1241,0.0,0.0008333472224535399,1.0000000000000013,0.0
52592,43.82739712328539,1.0,560,681,1241,0.0,0.0008333472224535399,1.0000000000000013,0.0
52593,43.82823047050784,1.0,560,681,1241,0.0,0.0008333472224535399,1.0000000000000013,0.0
52594,43.829063817730294,1.0,560,681,1241,0.0,0.0008333472224535399,1.0000000000000013,0.0
52595,43.829897164952754,1.0,560,681,1241,0.0,0.0008333472224606453,1.0000000000000013,0.0
52596,43.83073051217521,1.0,560,681,1241,0.0,0.0008333472224535399,1.0000000000000013,0.0
52597,43.83156385939766,1.0,560,681,1241,0.0,0.0008333472224535399,1.0000000000000013,0.0
52598,43.832397206620115,1.0,560,681,1241,0.0,0.0008333472224535399,1.0000000000000013,0.0
52599,43.83323055384257,1.0,560,681,1241,0.0,0.0008333472224535399,1.0000000000000013,0.0
52600,43.83406390106502,1.0,560,681,1241,0.0,0.0008333472224535399,1.0000000000000013,0.0
52601,43.834897248287476,1.0,560,681,1241,0.0,0.0008333472224535399,1.0000000000000013,0.0
52602,43.83573059550993,1.0,560,681,1241,0.0,0.0008333472224535399,1.0000000000000013,0.0
52603,43.83656394273238,1.0,560,681,1241,0.0,0.0008333472224535399,1.0000000000000013,0.0
52604,43.837397289954836,1.0,560,681,1241,0.0,0.0008333472224535399,1.0000000000000013,0.0
52605,43.83823063717729,1.0,560,681,1241,0.0,0.0008333472224535399,1.0000000000000013,0.0
52606,43.83906398439974,1.0,560,681,1241,0.0,0.0008333472224535399,1.0000000000000013,0.0
52607,43.8398973316222,1.0,560,681,1241,0.0,0.0008333472224535399,1.0000000000000013,0.0
52608,43.84073067884465,1.0,560,681,1241,0.0,0.0008333472224535399,1.0000000000000013,0.0
52609,43.841564026067104,1.0,560,681,1241,0.0,0.0008333472224535399,1.0000000000000013,0.0
52610,43.84239737328956,1.0,560,681,1241,0.0,0.0008333472224535399,1.0000000000000013,0.0
52611,43.84323072051201,1.0,560,681,1241,0.0,0.0008333472224535399,1.0000000000000013,0.0
52612,43.844064067734465,1.0,560,681,1241,0.0,0.0008333472224535399,1.0000000000000013,0.0
52613,43.84489741495692,1.0,560,681,1241,0.0,0.0008333472224535399,1.0000000000000013,0.0
52614,43.84573076217937,1.0,560,681,1241,0.0,0.0008333472224535399,1.0000000000000013,0.0
52615,43.846564109401825,1.0,560,681,1241,0.0,0.0008333472224535399,1.0000000000000013,0.0
52616,43.84739745662428,1.0,560,681,1241,0.0,0.0008333472224535399,1.0000000000000013,0.0
52617,43.84823080384673,1.0,560,681,1241,0.0,0.0008333472224535399,1.0000000000000013,0.0
52618,43.849064151069186,1.0,560,681,1241,0.0,0.0008333472224535399,1.0000000000000013,0.0
52619,43.84989749829164,1.0,560,681,1241,0.0,0.0008333472224535399,1.0000000000000013,0.0
52620,43.85073084551409,1.0,560,681,1241,0.0,0.0008333472224535399,1.0000000000000013,0.0
52621,43.85156419273655,1.0,560,681,1241,0.0,0.0008333472224535399,1.0000000000000013,0.0
52622,43.852397539959,1.0,560,681,1241,0.0,0.0008333472224535399,1.0000000000000013,0.0
52623,43.853230887181454,1.0,560,681,1241,0.0,0.0008333472224535399,1.0000000000000013,0.0
52624,43.85406423440391,1.0,560,681,1241,0.0,0.0008333472224535399,1.0000000000000013,0.0
52625,43.85489758162636,1.0,560,681,1241,0.0,0.0008333472224535399,1.0000000000000013,0.0
52626,43.855730928848814,1.0,560,681,1241,0.0,0.0008333472224535399,1.0000000000000013,0.0
52627,43.85656427607127,1.0,560,681,1241,0.0,0.0008333472224535399,1.0000000000000013,0.0
52628,43.85739762329372,1.0,560,681,1241,0.0,0.0008333472224535399,1.0000000000000013,0.0
52629,43.858230970516175,1.0,560,681,1241,0.0,0.0008333472224535399,1.0000000000000013,0.0
52630,43.85906431773863,1.0,560,681,1241,0.0,0.0008333472224535399,1.0000000000000013,0.0
52631,43.85989766496108,1.0,560,681,1241,0.0,0.0008333472224535399,1.0000000000000013,0.0
52632,43.860731012183535,1.0,560,681,1241,0.0,0.0008333472224535399,1.0000000000000013,0.0
52633,43.86156435940599,1.0,560,681,1241,0.0,0.0008333472224535399,1.0000000000000013,0.0
52634,43.86239770662844,1.0,560,681,1241,0.0,0.0008333472224535399,1.0000000000000013,0.0
52635,43.863231053850896,1.0,560,681,1241,0.0,0.0008333472224535399,1.0000000000000013,0.0
52636,43.86406440107335,1.0,560,681,1241,0.0,0.0008333472224535399,1.0000000000000013,0.0
52637,43.86489774829581,1.0,560,681,1241,0.0,0.0008333472224606453,1.0000000000000013,0.0
52638,43.865731095518264,1.0,560,681,1241,0.0,0.0008333472224535399,1.0000000000000013,0.0
52639,43.86656444274072,1.0,560,681,1241,0.0,0.0008333472224535399,1.0000000000000013,0.0
52640,43.86739778996317,1.0,560,681,1241,0.0,0.0008333472224535399,1.0000000000000013,0.0
52641,43.868231137185624,1.0,560,681,1241,0.0,0.0008333472224535399,1.0000000000000013,0.0
52642,43.86906448440808,1.0,560,681,1241,0.0,0.0008333472224535399,1.0000000000000013,0.0
52643,43.86989783163053,1.0,560,681,1241,0.0,0.0008333472224535399,1.0000000000000013,0.0
52644,43.870731178852985,1.0,560,681,1241,0.0,0.0008333472224535399,1.0000000000000013,0.0
52645,43.87156452607544,1.0,560,681,1241,0.0,0.0008333472224535399,1.0000000000000013,0.0
52646,43.87239787329789,1.0,560,681,1241,0.0,0.0008333472224535399,1.0000000000000013,0.0
52647,43.873231220520346,1.0,560,681,1241,0.0,0.0008333472224535399,1.0000000000000013,0.0
52648,43.8740645677428,0.9991941982272361,560,681,1241,-0.0008058017727639033,0.0008333472224535399,0.999919419822725,-8.058017727639034e-05
52649,43.87489791496525,1.0,560,681,1241,0.0008058017727639033,0.0008333472224535399,0.999919419822725,0.0
52650,43.875731262187706,1.0,560,681,1241,0.0,0.0008333472224535399,0.999919419822725,0.0
52651,43.87656460941016,1.0,560,681,1241,0.0,0.0008333472224535399,0.999919419822725,0.0
52652,43.87739795663261,1.0,560,681,1241,0.0,0.0008333472224535399,0.999919419822725,0.0
52653,43.87823130385507,1.0,560,681,1241,0.0,0.0008333472224535399,0.999919419822725,0.0
52654,43.87906465107752,1.0,560,681,1241,0.0,0.0008333472224535399,0.999919419822725,0.0
52655,43.879897998299974,1.0,560,681,1241,0.0,0.0008333472224535399,0.999919419822725,0.0
52656,43.88073134552243,1.0,560,681,1241,0.0,0.0008333472224535399,0.999919419822725,0.0
52657,43.88156469274488,1.0,560,681,1241,0.0,0.0008333472224535399,0.999919419822725,0.0
52658,43.882398039967335,1.0,560,681,1241,0.0,0.0008333472224535399,1.0000000000000013,8.058017727639034e-05
52659,43.88323138718979,0.9991941982272361,560,681,1241,-0.0008058017727639033,0.0008333472224535399,0.999919419822725,-8.058017727639034e-05
52660,43.88406473441224,0.9991941982272361,560,681,1241,0.0,0.0008333472224535399,0.9998388396454487,-8.058017727639034e-05
52661,43.884898081634695,1.0,560,681,1241,0.0008058017727639033,0.0008333472224535399,0.9998388396454487,0.0
52662,43.88573142885715,1.0,560,681,1241,0.0,0.0008333472224535399,0.9998388396454487,0.0
52663,43.8865647760796,0.9991941982272361,560,681,1241,-0.0008058017727639033,0.0008333472224535399,0.9997582594681724,-8.058017727639034e-05
52664,43.887398123302056,0.9991941982272361,560,681,1241,0.0,0.0008333472224535399,0.999677679290896,-8.058017727639034e-05
52665,43.88823147052451,1.0,560,681,1241,0.0008058017727639033,0.0008333472224535399,0.999677679290896,0.0
52666,43.88906481774696,1.0,560,681,1241,0.0,0.0008333472224535399,0.999677679290896,0.0
52667,43.889898164969416,0.9991941982272361,560,681,1241,-0.0008058017727639033,0.0008333472224535399,0.9995970991136197,-8.058017727639034e-05
52668,43.89073151219187,0.9991941982272361,560,681,1241,0.0,0.0008333472224535399,0.9995165189363433,-8.058017727639034e-05
52669,43.89156485941432,0.9991941982272361,560,681,1241,0.0,0.0008333472224535399,0.9995165189363433,0.0
52670,43.89239820663678,0.9991941982272361,560,681,1241,0.0,0.0008333472224535399,0.9995165189363433,0.0
52671,43.89323155385923,0.9991941982272361,560,681,1241,0.0,0.0008333472224535399,0.999435938759067,-8.058017727639034e-05
52672,43.894064901081684,0.9991941982272361,560,681,1241,0.0,0.0008333472224535399,0.9993553585817907,-8.058017727639034e-05
52673,43.89489824830414,0.9991941982272361,560,681,1241,0.0,0.0008333472224535399,0.9993553585817907,0.0
52674,43.89573159552659,0.9991941982272361,560,681,1241,0.0,0.0008333472224535399,0.9993553585817907,0.0
52675,43.896564942749045,1.0,560,681,1241,0.0008058017727639033,0.0008333472224535399,0.9993553585817907,0.0
52676,43.8973982899715,1.0,560,681,1241,0.0,0.0008333472224535399,0.9993553585817907,0.0
52677,43.89823163719395,1.0,560,681,1241,0.0,0.0008333472224535399,0.999435938759067,8.058017727639034e-05
52678,43.899064984416405,1.0,560,681,1241,0.0,0.0008333472224535399,0.9995165189363433,8.058017727639034e-05
52679,43.899898331638866,1.0,560,681,1241,0.0,0.0008333472224606453,0.9995970991136197,8.058017727639034e-05
52680,43.90073167886132,1.0,560,681,1241,0.0,0.0008333472224535399,0.999677679290896,8.058017727639034e-05
52681,43.90156502608377,1.0,560,681,1241,0.0,0.0008333472224535399,0.9997582594681724,8.058017727639034e-05
52682,43.90239837330623,1.0,560,681,1241,0.0,0.0008333472224535399,0.9998388396454487,8.058017727639034e-05
52683,43.90323172052868,1.0,560,681,1241,0.0,0.0008333472224535399,0.999919419822725,8.058017727639034e-05
52684,43.904065067751134,1.0,560,681,1241,0.0,0.0008333472224535399,1.0000000000000013,8.058017727639034e-05
52685,43.90489841497359,1.0,560,681,1241,0.0,0.0008333472224535399,1.0000000000000013,0.0
52686,43.90573176219604,1.0,560,681,1241,0.0,0.0008333472224535399,1.0000000000000013,0.0
52687,43.906565109418494,1.0,560,681,1241,0.0,0.0008333472224535399,1.0000000000000013,0.0
52688,43.90739845664095,1.0,560,681,1241,0.0,0.0008333472224535399,1.0000000000000013,0.0
52689,43.9082318038634,1.0,560,681,1241,0.0,0.0008333472224535399,1.0000000000000013,0.0
52690,43.909065151085855,1.0,560,681,1241,0.0,0.0008333472224535399,1.0000000000000013,0.0
52691,43.90989849830831,1.0,560,681,1241,0.0,0.0008333472224535399,1.0000000000000013,0.0
52692,43.91073184553076,1.0,560,681,1241,0.0,0.0008333472224535399,1.0000000000000013,0.0
52693,43.911565192753216,1.0,560,681,1241,0.0,0.0008333472224535399,1.0000000000000013,0.0
52694,43.91239853997567,1.0,560,681,1241,0.0,0.0008333472224535399,1.0000000000000013,0.0
52695,43.91323188719812,1.0,560,681,1241,0.0,0.0008333472224535399,1.0000000000000013,0.0
52696,43.914065234420576,1.0,560,681,1241,0.0,0.0008333472224535399,1.0000000000000013,0.0
52697,43.91489858164303,1.0,560,681,1241,0.0,0.0008333472224535399,1.0000000000000013,0.0
52698,43.91573192886548,1.0,560,681,1241,0.0,0.0008333472224535399,1.0000000000000013,0.0
52699,43.91656527608794,1.0,560,681,1241,0.0,0.0008333472224535399,1.0000000000000013,0.0
52700,43.91739862331039,1.0,560,681,1241,0.0,0.0008333472224535399,1.0000000000000013,0.0
52701,43.918231970532844,1.0,560,681,1241,0.0,0.0008333472224535399,1.0000000000000013,0.0
52702,43.9190653177553,1.0,560,681,1241,0.0,0.0008333472224535399,1.0000000000000013,0.0
52703,43.91989866497775,1.0,560,681,1241,0.0,0.0008333472224535399,1.0000000000000013,0.0
52704,43.920732012200205,1.0,560,681,1241,0.0,0.0008333472224535399,1.0000000000000013,0.0
52705,43.92156535942266,0.9991941982272361,560,681,1241,-0.0008058017727639033,0.0008333472224535399,0.999919419822725,-8.058017727639034e-05
52706,43.92239870664511,0.9983883964544722,560,681,1241,-0.0008058017727639033,0.0008333472224535399,0.9997582594681724,-0.00016116035455278067
52707,43.923232053867565,0.9991941982272361,560,681,1241,0.0008058017727639033,0.0008333472224535399,0.999677679290896,-8.058017727639034e-05
52708,43.92406540109002,0.9991941982272361,560,681,1241,0.0,0.0008333472224535399,0.9995970991136197,-8.058017727639034e-05
52709,43.92489874831247,0.9991941982272361,560,681,1241,0.0,0.0008333472224535399,0.9995165189363433,-8.058017727639034e-05
52710,43.925732095534926,0.9991941982272361,560,681,1241,0.0,0.0008333472224535399,0.999435938759067,-8.058017727639034e-05
52711,43.92656544275738,0.9991941982272361,560,681,1241,0.0,0.0008333472224535399,0.9993553585817907,-8.058017727639034e-05
52712,43.92739878997983,1.0,560,681,1241,0.0008058017727639033,0.0008333472224535399,0.9993553585817907,0.0
52713,43.928232137202286,1.0,560,681,1241,0.0,0.0008333472224535399,0.9993553585817907,0.0
52714,43.92906548442474,1.0,560,681,1241,0.0,0.0008333472224535399,0.9993553585817907,0.0
52715,43.92989883164719,1.0,560,681,1241,0.0,0.0008333472224535399,0.999435938759067,8.058017727639034e-05
52716,43.93073217886965,1.0,560,681,1241,0.0,0.0008333472224535399,0.9995970991136197,0.00016116035455278067
52717,43.9315655260921,1.0,560,681,1241,0.0,0.0008333472224535399,0.999677679290896,8.058017727639034e-05
52718,43.932398873314554,1.0,560,681,1241,0.0,0.0008333472224535399,0.9997582594681724,8.058017727639034e-05
52719,43.93323222053701,1.0,560,681,1241,0.0,0.0008333472224535399,0.9998388396454487,8.058017727639034e-05
52720,43.93406556775946,1.0,560,681,1241,0.0,0.0008333472224535399,0.999919419822725,8.058017727639034e-05
52721,43.934898914981915,1.0,560,681,1241,0.0,0.0008333472224535399,1.0000000000000013,8.058017727639034e-05
52722,43.935732262204375,1.0,560,681,1241,0.0,0.0008333472224606453,1.0000000000000013,0.0
52723,43.93656560942683,1.0,560,681,1241,0.0,0.0008333472224535399,1.0000000000000013,0.0
52724,43.93739895664928,1.0,560,681,1241,0.0,0.0008333472224535399,1.0000000000000013,0.0
52725,43.938232303871736,1.0,560,681,1241,0.0,0.0008333472224535399,1.0000000000000013,0.0
52726,43.93906565109419,1.0,560,681,1241,0.0,0.0008333472224535399,1.0000000000000013,0.0
52727,43.93989899831664,1.0,560,681,1241,0.0,0.0008333472224535399,1.0000000000000013,0.0
52728,43.9407323455391,1.0,560,681,1241,0.0,0.0008333472224535399,1.0000000000000013,0.0
52729,43.94156569276155,1.0,560,681,1241,0.0,0.0008333472224535399,1.0000000000000013,0.0
52730,43.942399039984004,1.0,560,681,1241,0.0,0.0008333472224535399,1.0000000000000013,0.0
52731,43.94323238720646,1.0,560,681,1241,0.0,0.0008333472224535399,1.0000000000000013,0.0
52732,43.94406573442891,1.0,560,681,1241,0.0,0.0008333472224535399,1.0000000000000013,0.0
52733,43.944899081651364,1.0,560,681,1241,0.0,0.0008333472224535399,1.0000000000000013,0.0
52734,43.94573242887382,0.9991941982272361,560,681,1241,-0.0008058017727639033,0.0008333472224535399,0.999919419822725,-8.058017727639034e-05
52735,43.94656577609627,0.9991941982272361,560,681,1241,0.0,0.0008333472224535399,0.9998388396454487,-8.058017727639034e-05
52736,43.947399123318725,1.0,560,681,1241,0.0008058017727639033,0.0008333472224535399,0.9998388396454487,0.0
52737,43.94823247054118,1.0,560,681,1241,0.0,0.0008333472224535399,0.9998388396454487,0.0
52738,43.94906581776363,1.0,560,681,1241,0.0,0.0008333472224535399,0.9998388396454487,0.0
52739,43.949899164986086,1.0,560,681,1241,0.0,0.0008333472224535399,0.9998388396454487,0.0
52740,43.95073251220854,1.0,560,681,1241,0.0,0.0008333472224535399,0.9998388396454487,0.0
52741,43.95156585943099,1.0,560,681,1241,0.0,0.0008333472224535399,0.9998388396454487,0.0
52742,43.952399206653446,1.0,560,681,1241,0.0,0.0008333472224535399,0.9998388396454487,0.0
52743,43.9532325538759,1.0,560,681,1241,0.0,0.0008333472224535399,0.9998388396454487,0.0
52744,43.95406590109835,1.0,560,681,1241,0.0,0.0008333472224535399,0.999919419822725,8.058017727639034e-05
52745,43.95489924832081,1.0,560,681,1241,0.0,0.0008333472224535399,1.0000000000000013,8.058017727639034e-05
52746,43.95573259554326,1.0,560,681,1241,0.0,0.0008333472224535399,1.0000000000000013,0.0
52747,43.956565942765714,1.0,560,681,1241,0.0,0.0008333472224535399,1.0000000000000013,0.0
52748,43.95739928998817,1.0,560,681,1241,0.0,0.0008333472224535399,1.0000000000000013,0.0
52749,43.95823263721062,1.0,560,681,1241,0.0,0.0008333472224535399,1.0000000000000013,0.0
52750,43.959065984433074,1.0,560,681,1241,0.0,0.0008333472224535399,1.0000000000000013,0.0
52751,43.95989933165553,1.0,560,681,1241,0.0,0.0008333472224535399,1.0000000000000013,0.0
52752,43.96073267887798,1.0,560,681,1241,0.0,0.0008333472224535399,1.0000000000000013,0.0
52753,43.961566026100435,1.0,560,681,1241,0.0,0.0008333472224535399,1.0000000000000013,0.0
52754,43.96239937332289,1.0,560,681,1241,0.0,0.0008333472224535399,1.0000000000000013,0.0
52755,43.96323272054534,1.0,560,681,1241,0.0,0.0008333472224535399,1.0000000000000013,0.0
52756,43.964066067767796,1.0,560,681,1241,0.0,0.0008333472224535399,1.0000000000000013,0.0
52757,43.96489941499025,1.0,560,681,1241,0.0,0.0008333472224535399,1.0000000000000013,0.0
52758,43.9657327622127,1.0,560,681,1241,0.0,0.0008333472224535399,1.0000000000000013,0.0
52759,43.966566109435156,1.0,560,681,1241,0.0,0.0008333472224535399,1.0000000000000013,0.0
52760,43.96739945665761,1.0,560,681,1241,0.0,0.0008333472224535399,1.0000000000000013,0.0
52761,43.96823280388006,1.0,560,681,1241,0.0,0.0008333472224535399,1.0000000000000013,0.0
52762,43.96906615110252,1.0,560,681,1241,0.0,0.0008333472224535399,1.0000000000000013,0.0
52763,43.96989949832497,1.0,560,681,1241,0.0,0.0008333472224535399,1.0000000000000013,0.0
52764,43.97073284554743,1.0,560,681,1241,0.0,0.0008333472224606453,1.0000000000000013,0.0
52765,43.971566192769885,0.9991941982272361,560,681,1241,-0.0008058017727639033,0.0008333472224535399,0.999919419822725,-8.058017727639034e-05
52766,43.97239953999234,1.0,560,681,1241,0.0008058017727639033,0.0008333472224535399,0.999919419822725,0.0
52767,43.97323288721479,1.0,560,681,1241,0.0,0.0008333472224535399,0.999919419822725,0.0
52768,43.974066234437245,1.0,560,681,1241,0.0,0.0008333472224535399,0.999919419822725,0.0
52769,43.9748995816597,1.0,560,681,1241,0.0,0.0008333472224535399,0.999919419822725,0.0
52770,43.97573292888215,1.0,560,681,1241,0.0,0.0008333472224535399,0.999919419822725,0.0
52771,43.976566276104606,1.0,560,681,1241,0.0,0.0008333472224535399,0.999919419822725,0.0
52772,43.97739962332706,1.0,560,681,1241,0.0,0.0008333472224535399,0.999919419822725,0.0
52773,43.97823297054951,1.0,560,681,1241,0.0,0.0008333472224535399,0.999919419822725,0.0
52774,43.97906631777197,1.0,560,681,1241,0.0,0.0008333472224535399,0.999919419822725,0.0
52775,43.97989966499442,1.0,560,681,1241,0.0,0.0008333472224535399,1.0000000000000013,8.058017727639034e-05
52776,43.980733012216874,1.0,560,681,1241,0.0,0.0008333472224535399,1.0000000000000013,0.0
52777,43.98156635943933,1.0,560,681,1241,0.0,0.0008333472224535399,1.0000000000000013,0.0
52778,43.98239970666178,1.0,560,681,1241,0.0,0.0008333472224535399,1.0000000000000013,0.0
52779,43.983233053884234,1.0,560,681,1241,0.0,0.0008333472224535399,1.0000000000000013,0.0
52780,43.98406640110669,1.0,560,681,1241,0.0,0.0008333472224535399,1.0000000000000013,0.0
52781,43.98489974832914,1.0,560,681,1241,0.0,0.0008333472224535399,1.0000000000000013,0.0
52782,43.985733095551595,1.0,560,681,1241,0.0,0.0008333472224535399,1.0000000000000013,0.0
52783,43.98656644277405,1.0,560,681,1241,0.0,0.0008333472224535399,1.0000000000000013,0.0
52784,43.9873997899965,1.0,560,681,1241,0.0,0.0008333472224535399,1.0000000000000013,0.0
52785,43.988233137218955,1.0,560,681,1241,0.0,0.0008333472224535399,1.0000000000000013,0.0
52786,43.98906648444141,1.0,560,681,1241,0.0,0.0008333472224535399,1.0000000000000013,0.0
52787,43.98989983166386,1.0,560,681,1241,0.0,0.0008333472224535399,1.0000000000000013,0.0
52788,43.990733178886316,1.0,560,681,1241,0.0,0.0008333472224535399,1.0000000000000013,0.0
52789,43.99156652610877,1.0,560,681,1241,0.0,0.0008333472224535399,1.0000000000000013,0.0
52790,43.99239987333122,1.0,560,681,1241,0.0,0.0008333472224535399,1.0000000000000013,0.0
52791,43.99323322055368,1.0,560,681,1241,0.0,0.0008333472224535399,1.0000000000000013,0.0
52792,43.99406656777613,1.0,560,681,1241,0.0,0.0008333472224535399,1.0000000000000013,0.0
52793,43.994899914998584,1.0,560,681,1241,0.0,0.0008333472224535399,1.0000000000000013,0.0
52794,43.99573326222104,1.0,560,681,1241,0.0,0.0008333472224535399,1.0000000000000013,0.0
52795,43.99656660944349,1.0,560,681,1241,0.0,0.0008333472224535399,1.0000000000000013,0.0
52796,43.997399956665944,0.9991941982272361,560,681,1241,-0.0008058017727639033,0.0008333472224535399,0.999919419822725,-8.058017727639034e-05
52797,43.9982333038884,0.9991941982272361,560,681,1241,0.0,0.0008333472224535399,0.9998388396454487,-8.058017727639034e-05
52798,43.99906665111085,0.9991941982272361,560,681,1241,0.0,0.0008333472224535399,0.9997582594681724,-8.058017727639034e-05
52799,43.999899998333305,0.9991941982272361,560,681,1241,0.0,0.0008333472224535399,0.999677679290896,-8.058017727639034e-05
52800,44.00073334555576,1.0,560,681,1241,0.0008058017727639033,0.0008333472224535399,0.999677679290896,0.0
52801,44.00156669277821,1.0,560,681,1241,0.0,0.0008333472224535399,0.999677679290896,0.0
52802,44.002400040000666,1.0,560,681,1241,0.0,0.0008333472224535399,0.999677679290896,0.0
52803,44.00323338722312,1.0,560,681,1241,0.0,0.0008333472224535399,0.999677679290896,0.0
52804,44.00406673444557,1.0,560,681,1241,0.0,0.0008333472224535399,0.999677679290896,0.0
52805,44.004900081668026,1.0,560,681,1241,0.0,0.0008333472224535399,0.999677679290896,0.0
52806,44.00573342889049,1.0,560,681,1241,0.0,0.0008333472224606453,0.9997582594681724,8.058017727639034e-05
52807,44.00656677611294,1.0,560,681,1241,0.0,0.0008333472224535399,0.9998388396454487,8.058017727639034e-05
52808,44.007400123335394,1.0,560,681,1241,0.0,0.0008333472224535399,0.999919419822725,8.058017727639034e-05
52809,44.00823347055785,1.0,560,681,1241,0.0,0.0008333472224535399,1.0000000000000013,8.058017727639034e-05
52810,44.0090668177803,1.0,560,681,1241,0.0,0.0008333472224535399,1.0000000000000013,0.0
52811,44.009900165002755,1.0,560,681,1241,0.0,0.0008333472224535399,1.0000000000000013,0.0
52812,44.01073351222521,1.0,560,681,1241,0.0,0.0008333472224535399,1.0000000000000013,0.0
52813,44.01156685944766,1.0,560,681,1241,0.0,0.0008333472224535399,1.0000000000000013,0.0
52814,44.012400206670115,1.0,560,681,1241,0.0,0.0008333472224535399,1.0000000000000013,0.0
52815,44.01323355389257,1.0,560,681,1241,0.0,0.0008333472224535399,1.0000000000000013,0.0
52816,44.01406690111502,1.0,560,681,1241,0.0,0.0008333472224535399,1.0000000000000013,0.0
52817,44.014900248337476,1.0,560,681,1241,0.0,0.0008333472224535399,1.0000000000000013,0.0
52818,44.01573359555993,1.0,560,681,1241,0.0,0.0008333472224535399,1.0000000000000013,0.0
52819,44.01656694278238,1.0,560,681,1241,0.0,0.0008333472224535399,1.0000000000000013,0.0
52820,44.01740029000484,1.0,560,681,1241,0.0,0.0008333472224535399,1.0000000000000013,0.0
52821,44.01823363722729,1.0,560,681,1241,0.0,0.0008333472224535399,1.0000000000000013,0.0
52822,44.01906698444974,1.0,560,681,1241,0.0,0.0008333472224535399,1.0000000000000013,0.0
52823,44.0199003316722,1.0,560,681,1241,0.0,0.0008333472224535399,1.0000000000000013,0.0
52824,44.02073367889465,1.0,560,681,1241,0.0,0.0008333472224535399,1.0000000000000013,0.0
52825,44.021567026117104,1.0,560,681,1241,0.0,0.0008333472224535399,1.0000000000000013,0.0
52826,44.02240037333956,1.0,560,681,1241,0.0,0.0008333472224535399,1.0000000000000013,0.0
52827,44.02323372056201,1.0,560,681,1241,0.0,0.0008333472224535399,1.0000000000000013,0.0
52828,44.024067067784465,1.0,560,681,1241,0.0,0.0008333472224535399,1.0000000000000013,0.0
52829,44.02490041500692,1.0,560,681,1241,0.0,0.0008333472224535399,1.0000000000000013,0.0
52830,44.02573376222937,1.0,560,681,1241,0.0,0.0008333472224535399,1.0000000000000013,0.0
52831,44.026567109451825,1.0,560,681,1241,0.0,0.0008333472224535399,1.0000000000000013,0.0
52832,44.02740045667428,1.0,560,681,1241,0.0,0.0008333472224535399,1.0000000000000013,0.0
52833,44.02823380389673,1.0,560,681,1241,0.0,0.0008333472224535399,1.0000000000000013,0.0
52834,44.029067151119186,1.0,560,681,1241,0.0,0.0008333472224535399,1.0000000000000013,0.0
52835,44.02990049834164,1.0,560,681,1241,0.0,0.0008333472224535399,1.0000000000000013,0.0
52836,44.03073384556409,1.0,560,681,1241,0.0,0.0008333472224535399,1.0000000000000013,0.0
52837,44.03156719278655,1.0,560,681,1241,0.0,0.0008333472224535399,1.0000000000000013,0.0
52838,44.032400540009,1.0,560,681,1241,0.0,0.0008333472224535399,1.0000000000000013,0.0
52839,44.033233887231454,1.0,560,681,1241,0.0,0.0008333472224535399,1.0000000000000013,0.0
52840,44.03406723445391,1.0,560,681,1241,0.0,0.0008333472224535399,1.0000000000000013,0.0
52841,44.03490058167636,1.0,560,681,1241,0.0,0.0008333472224535399,1.0000000000000013,0.0
52842,44.035733928898814,1.0,560,681,1241,0.0,0.0008333472224535399,1.0000000000000013,0.0
52843,44.03656727612127,1.0,560,681,1241,0.0,0.0008333472224535399,1.0000000000000013,0.0
52844,44.03740062334372,1.0,560,681,1241,0.0,0.0008333472224535399,1.0000000000000013,0.0
52845,44.038233970566175,1.0,560,681,1241,0.0,0.0008333472224535399,1.0000000000000013,0.0
52846,44.03906731778863,1.0,560,681,1241,0.0,0.0008333472224535399,1.0000000000000013,0.0
52847,44.03990066501108,1.0,560,681,1241,0.0,0.0008333472224535399,1.0000000000000013,0.0
52848,44.040734012233536,1.0,560,681,1241,0.0,0.0008333472224535399,1.0000000000000013,0.0
52849,44.041567359455996,0.9991941982272361,560,681,1241,-0.0008058017727639033,0.0008333472224606453,0.999919419822725,-8.058017727639034e-05
52850,44.04240070667845,1.0,560,681,1241,0.0008058017727639033,0.0008333472224535399,0.999919419822725,0.0
52851,44.0432340539009,1.0,560,681,1241,0.0,0.0008333472224535399,0.999919419822725,0.0
52852,44.04406740112336,1.0,560,681,1241,0.0,0.0008333472224535399,0.999919419822725,0.0
52853,44.04490074834581,1.0,560,681,1241,0.0,0.0008333472224535399,0.999919419822725,0.0
52854,44.045734095568264,1.0,560,681,1241,0.0,0.0008333472224535399,0.999919419822725,0.0
52855,44.04656744279072,1.0,560,681,1241,0.0,0.0008333472224535399,0.999919419822725,0.0
52856,44.04740079001317,1.0,560,681,1241,0.0,0.0008333472224535399,0.999919419822725,0.0
52857,44.048234137235625,1.0,560,681,1241,0.0,0.0008333472224535399,0.999919419822725,0.0
52858,44.04906748445808,1.0,560,681,1241,0.0,0.0008333472224535399,0.999919419822725,0.0
52859,44.04990083168053,1.0,560,681,1241,0.0,0.0008333472224535399,1.0000000000000013,8.058017727639034e-05
52860,44.050734178902985,1.0,560,681,1241,0.0,0.0008333472224535399,1.0000000000000013,0.0
52861,44.05156752612544,1.0,560,681,1241,0.0,0.0008333472224535399,1.0000000000000013,0.0
52862,44.05240087334789,1.0,560,681,1241,0.0,0.0008333472224535399,1.0000000000000013,0.0
52863,44.053234220570346,1.0,560,681,1241,0.0,0.0008333472224535399,1.0000000000000013,0.0
52864,44.0540675677928,1.0,560,681,1241,0.0,0.0008333472224535399,1.0000000000000013,0.0
52865,44.05490091501525,1.0,560,681,1241,0.0,0.0008333472224535399,1.0000000000000013,0.0
52866,44.055734262237706,1.0,560,681,1241,0.0,0.0008333472224535399,1.0000000000000013,0.0
52867,44.05656760946016,1.0,560,681,1241,0.0,0.0008333472224535399,1.0000000000000013,0.0
52868,44.05740095668261,1.0,560,681,1241,0.0,0.0008333472224535399,1.0000000000000013,0.0
52869,44.05823430390507,1.0,560,681,1241,0.0,0.0008333472224535399,1.0000000000000013,0.0
52870,44.05906765112752,1.0,560,681,1241,0.0,0.0008333472224535399,1.0000000000000013,0.0
52871,44.059900998349974,1.0,560,681,1241,0.0,0.0008333472224535399,1.0000000000000013,0.0
52872,44.06073434557243,1.0,560,681,1241,0.0,0.0008333472224535399,1.0000000000000013,0.0
52873,44.06156769279488,1.0,560,681,1241,0.0,0.0008333472224535399,1.0000000000000013,0.0
52874,44.062401040017335,1.0,560,681,1241,0.0,0.0008333472224535399,1.0000000000000013,0.0
52875,44.06323438723979,1.0,560,681,1241,0.0,0.0008333472224535399,1.0000000000000013,0.0
52876,44.06406773446224,1.0,560,681,1241,0.0,0.0008333472224535399,1.0000000000000013,0.0
52877,44.064901081684695,1.0,560,681,1241,0.0,0.0008333472224535399,1.0000000000000013,0.0
52878,44.06573442890715,1.0,560,681,1241,0.0,0.0008333472224535399,1.0000000000000013,0.0
52879,44.0665677761296,1.0,560,681,1241,0.0,0.0008333472224535399,1.0000000000000013,0.0
52880,44.067401123352056,1.0,560,681,1241,0.0,0.0008333472224535399,1.0000000000000013,0.0
52881,44.06823447057451,1.0,560,681,1241,0.0,0.0008333472224535399,1.0000000000000013,0.0
52882,44.06906781779696,1.0,560,681,1241,0.0,0.0008333472224535399,1.0000000000000013,0.0
52883,44.06990116501942,1.0,560,681,1241,0.0,0.0008333472224535399,1.0000000000000013,0.0
52884,44.07073451224187,1.0,560,681,1241,0.0,0.0008333472224535399,1.0000000000000013,0.0
52885,44.071567859464324,1.0,560,681,1241,0.0,0.0008333472224535399,1.0000000000000013,0.0
52886,44.07240120668678,1.0,560,681,1241,0.0,0.0008333472224535399,1.0000000000000013,0.0
52887,44.07323455390923,1.0,560,681,1241,0.0,0.0008333472224535399,1.0000000000000013,0.0
52888,44.074067901131684,1.0,560,681,1241,0.0,0.0008333472224535399,1.0000000000000013,0.0
52889,44.07490124835414,1.0,560,681,1241,0.0,0.0008333472224535399,1.0000000000000013,0.0
52890,44.07573459557659,1.0,560,681,1241,0.0,0.0008333472224535399,1.0000000000000013,0.0
52891,44.07656794279905,1.0,560,681,1241,0.0,0.0008333472224606453,1.0000000000000013,0.0
52892,44.077401290021506,1.0,560,681,1241,0.0,0.0008333472224535399,1.0000000000000013,0.0
52893,44.07823463724396,1.0,560,681,1241,0.0,0.0008333472224535399,1.0000000000000013,0.0
52894,44.07906798446641,0.9991941982272361,560,681,1241,-0.0008058017727639033,0.0008333472224535399,0.999919419822725,-8.058017727639034e-05
52895,44.079901331688866,1.0,560,681,1241,0.0008058017727639033,0.0008333472224535399,0.999919419822725,0.0
52896,44.08073467891132,1.0,560,681,1241,0.0,0.0008333472224535399,0.999919419822725,0.0
52897,44.08156802613377,1.0,560,681,1241,0.0,0.0008333472224535399,0.999919419822725,0.0
52898,44.08240137335623,1.0,560,681,1241,0.0,0.0008333472224535399,0.999919419822725,0.0
52899,44.08323472057868,1.0,560,681,1241,0.0,0.0008333472224535399,0.999919419822725,0.0
52900,44.084068067801134,1.0,560,681,1241,0.0,0.0008333472224535399,0.999919419822725,0.0
52901,44.08490141502359,1.0,560,681,1241,0.0,0.0008333472224535399,0.999919419822725,0.0
52902,44.08573476224604,0.9991941982272361,560,681,1241,-0.0008058017727639033,0.0008333472224535399,0.9998388396454487,-8.058017727639034e-05
52903,44.086568109468494,0.9991941982272361,560,681,1241,0.0,0.0008333472224535399,0.9997582594681724,-8.058017727639034e-05
52904,44.08740145669095,0.9983883964544722,560,681,1241,-0.0008058017727639033,0.0008333472224535399,0.999677679290896,-8.058017727639034e-05
52905,44.0882348039134,0.9983883964544722,560,681,1241,0.0,0.0008333472224535399,0.9995165189363433,-0.00016116035455278067
52906,44.089068151135855,0.9991941982272361,560,681,1241,0.0008058017727639033,0.0008333472224535399,0.999435938759067,-8.058017727639034e-05
52907,44.08990149835831,0.9991941982272361,560,681,1241,0.0,0.0008333472224535399,0.9993553585817907,-8.058017727639034e-05
52908,44.09073484558076,1.0,560,681,1241,0.0008058017727639033,0.0008333472224535399,0.9993553585817907,0.0
52909,44.091568192803216,1.0,560,681,1241,0.0,0.0008333472224535399,0.9993553585817907,0.0
52910,44.09240154002567,1.0,560,681,1241,0.0,0.0008333472224535399,0.9993553585817907,0.0
52911,44.09323488724812,1.0,560,681,1241,0.0,0.0008333472224535399,0.9993553585817907,0.0
52912,44.094068234470576,1.0,560,681,1241,0.0,0.0008333472224535399,0.999435938759067,8.058017727639034e-05
52913,44.09490158169303,1.0,560,681,1241,0.0,0.0008333472224535399,0.9995165189363433,8.058017727639034e-05
52914,44.09573492891548,0.9991941982272361,560,681,1241,-0.0008058017727639033,0.0008333472224535399,0.9995970991136197,8.058017727639034e-05
52915,44.09656827613794,0.9991941982272361,560,681,1241,0.0,0.0008333472224535399,0.999677679290896,8.058017727639034e-05
52916,44.09740162336039,0.9991941982272361,560,681,1241,0.0,0.0008333472224535399,0.999677679290896,0.0
52917,44.098234970582844,0.9991941982272361,560,681,1241,0.0,0.0008333472224535399,0.999677679290896,0.0
52918,44.0990683178053,0.9991941982272361,560,681,1241,0.0,0.0008333472224535399,0.9995970991136197,-8.058017727639034e-05
52919,44.09990166502775,0.9991941982272361,560,681,1241,0.0,0.0008333472224535399,0.9995165189363433,-8.058017727639034e-05
52920,44.100735012250205,0.9991941982272361,560,681,1241,0.0,0.0008333472224535399,0.999435938759067,-8.058017727639034e-05
52921,44.10156835947266,1.0,560,681,1241,0.0008058017727639033,0.0008333472224535399,0.999435938759067,0.0
52922,44.10240170669511,1.0,560,681,1241,0.0,0.0008333472224535399,0.999435938759067,0.0
52923,44.103235053917565,1.0,560,681,1241,0.0,0.0008333472224535399,0.999435938759067,0.0
52924,44.10406840114002,1.0,560,681,1241,0.0,0.0008333472224535399,0.9995165189363433,8.058017727639034e-05
52925,44.10490174836247,1.0,560,681,1241,0.0,0.0008333472224535399,0.9995970991136197,8.058017727639034e-05
52926,44.105735095584926,1.0,560,681,1241,0.0,0.0008333472224535399,0.999677679290896,8.058017727639034e-05
52927,44.10656844280738,1.0,560,681,1241,0.0,0.0008333472224535399,0.9997582594681724,8.058017727639034e-05
52928,44.10740179002983,1.0,560,681,1241,0.0,0.0008333472224535399,0.9998388396454487,8.058017727639034e-05
52929,44.10823513725229,1.0,560,681,1241,0.0,0.0008333472224535399,0.999919419822725,8.058017727639034e-05
52930,44.10906848447474,1.0,560,681,1241,0.0,0.0008333472224535399,1.0000000000000013,8.058017727639034e-05
52931,44.109901831697194,1.0,560,681,1241,0.0,0.0008333472224535399,1.0000000000000013,0.0
52932,44.11073517891965,1.0,560,681,1241,0.0,0.0008333472224535399,1.0000000000000013,0.0
52933,44.11156852614211,0.9991941982272361,560,681,1241,-0.0008058017727639033,0.0008333472224606453,0.999919419822725,-8.058017727639034e-05
52934,44.11240187336456,0.9983883964544722,560,681,1241,-0.0008058017727639033,0.0008333472224535399,0.9997582594681724,-0.00016116035455278067
52935,44.113235220587015,0.9983883964544722,560,681,1241,0.0,0.0008333472224535399,0.9995970991136197,-0.00016116035455278067
52936,44.11406856780947,0.9991941982272361,560,681,1241,0.0008058017727639033,0.0008333472224535399,0.9995165189363433,-8.058017727639034e-05
52937,44.11490191503192,0.9991941982272361,560,681,1241,0.0,0.0008333472224535399,0.999435938759067,-8.058017727639034e-05
52938,44.115735262254375,1.0,560,681,1241,0.0008058017727639033,0.0008333472224535399,0.999435938759067,0.0
52939,44.11656860947683,1.0,560,681,1241,0.0,0.0008333472224535399,0.999435938759067,0.0
52940,44.11740195669928,1.0,560,681,1241,0.0,0.0008333472224535399,0.999435938759067,0.0
52941,44.118235303921736,1.0,560,681,1241,0.0,0.0008333472224535399,0.999435938759067,0.0
52942,44.11906865114419,1.0,560,681,1241,0.0,0.0008333472224535399,0.999435938759067,0.0
52943,44.11990199836664,1.0,560,681,1241,0.0,0.0008333472224535399,0.9995165189363433,8.058017727639034e-05
52944,44.1207353455891,1.0,560,681,1241,0.0,0.0008333472224535399,0.999677679290896,0.00016116035455278067
52945,44.12156869281155,1.0,560,681,1241,0.0,0.0008333472224535399,0.9998388396454487,0.00016116035455278067
52946,44.122402040034004,1.0,560,681,1241,0.0,0.0008333472224535399,0.999919419822725,8.058017727639034e-05
52947,44.12323538725646,1.0,560,681,1241,0.0,0.0008333472224535399,1.0000000000000013,8.058017727639034e-05
52948,44.12406873447891,1.0,560,681,1241,0.0,0.0008333472224535399,1.0000000000000013,0.0
52949,44.124902081701364,1.0,560,681,1241,0.0,0.0008333472224535399,1.0000000000000013,0.0
52950,44.12573542892382,1.0,560,681,1241,0.0,0.0008333472224535399,1.0000000000000013,0.0
52951,44.12656877614627,1.0,560,681,1241,0.0,0.0008333472224535399,1.0000000000000013,0.0
52952,44.127402123368725,1.0,560,681,1241,0.0,0.0008333472224535399,1.0000000000000013,0.0
52953,44.12823547059118,1.0,560,681,1241,0.0,0.0008333472224535399,1.0000000000000013,0.0
52954,44.12906881781363,1.0,560,681,1241,0.0,0.0008333472224535399,1.0000000000000013,0.0
52955,44.129902165036086,0.9991941982272361,560,681,1241,-0.0008058017727639033,0.0008333472224535399,0.999919419822725,-8.058017727639034e-05
52956,44.13073551225854,1.0,560,681,1241,0.0008058017727639033,0.0008333472224535399,0.999919419822725,0.0
52957,44.13156885948099,1.0,560,681,1241,0.0,0.0008333472224535399,0.999919419822725,0.0
52958,44.132402206703446,1.0,560,681,1241,0.0,0.0008333472224535399,0.999919419822725,0.0
52959,44.1332355539259,1.0,560,681,1241,0.0,0.0008333472224535399,0.999919419822725,0.0
52960,44.13406890114835,1.0,560,681,1241,0.0,0.0008333472224535399,0.999919419822725,0.0
52961,44.13490224837081,1.0,560,681,1241,0.0,0.0008333472224535399,0.999919419822725,0.0
52962,44.13573559559326,0.9991941982272361,560,681,1241,-0.0008058017727639033,0.0008333472224535399,0.9998388396454487,-8.058017727639034e-05
52963,44.136568942815714,0.9991941982272361,560,681,1241,0.0,0.0008333472224535399,0.9997582594681724,-8.058017727639034e-05
52964,44.13740229003817,0.9991941982272361,560,681,1241,0.0,0.0008333472224535399,0.999677679290896,-8.058017727639034e-05
52965,44.13823563726062,0.9991941982272361,560,681,1241,0.0,0.0008333472224535399,0.999677679290896,0.0
52966,44.139068984483075,0.9991941982272361,560,681,1241,0.0,0.0008333472224535399,0.9995970991136197,-8.058017727639034e-05
52967,44.13990233170553,0.9991941982272361,560,681,1241,0.0,0.0008333472224535399,0.9995165189363433,-8.058017727639034e-05
52968,44.14073567892798,0.9991941982272361,560,681,1241,0.0,0.0008333472224535399,0.999435938759067,-8.058017727639034e-05
52969,44.141569026150435,0.9983883964544722,560,681,1241,-0.0008058017727639033,0.0008333472224535399,0.9992747784045143,-0.00016116035455278067
52970,44.14240237337289,0.9991941982272361,560,681,1241,0.0008058017727639033,0.0008333472224535399,0.999194198227238,-8.058017727639034e-05
52971,44.14323572059534,0.9991941982272361,560,681,1241,0.0,0.0008333472224535399,0.9991136180499616,-8.058017727639034e-05
52972,44.144069067817796,0.9991941982272361,560,681,1241,0.0,0.0008333472224535399,0.9991136180499616,0.0
52973,44.14490241504025,1.0,560,681,1241,0.0008058017727639033,0.0008333472224535399,0.999194198227238,8.058017727639034e-05
52974,44.1457357622627,1.0,560,681,1241,0.0,0.0008333472224535399,0.9992747784045143,8.058017727639034e-05
52975,44.146569109485156,1.0,560,681,1241,0.0,0.0008333472224535399,0.9993553585817907,8.058017727639034e-05
52976,44.14740245670762,1.0,560,681,1241,0.0,0.0008333472224606453,0.999435938759067,8.058017727639034e-05
52977,44.14823580393007,1.0,560,681,1241,0.0,0.0008333472224535399,0.9995165189363433,8.058017727639034e-05
52978,44.149069151152524,1.0,560,681,1241,0.0,0.0008333472224535399,0.9995970991136197,8.058017727639034e-05
52979,44.14990249837498,1.0,560,681,1241,0.0,0.0008333472224535399,0.9997582594681724,0.00016116035455278067
52980,44.15073584559743,1.0,560,681,1241,0.0,0.0008333472224535399,0.9998388396454487,8.058017727639034e-05
52981,44.151569192819885,1.0,560,681,1241,0.0,0.0008333472224535399,0.999919419822725,8.058017727639034e-05
52982,44.15240254004234,1.0,560,681,1241,0.0,0.0008333472224535399,1.0000000000000013,8.058017727639034e-05
52983,44.15323588726479,1.0,560,681,1241,0.0,0.0008333472224535399,1.0000000000000013,0.0
52984,44.154069234487245,1.0,560,681,1241,0.0,0.0008333472224535399,1.0000000000000013,0.0
52985,44.1549025817097,1.0,560,681,1241,0.0,0.0008333472224535399,1.0000000000000013,0.0
52986,44.15573592893215,1.0,560,681,1241,0.0,0.0008333472224535399,1.0000000000000013,0.0
52987,44.156569276154606,1.0,560,681,1241,0.0,0.0008333472224535399,1.0000000000000013,0.0
52988,44.15740262337706,1.0,560,681,1241,0.0,0.0008333472224535399,1.0000000000000013,0.0
52989,44.15823597059951,1.0,560,681,1241,0.0,0.0008333472224535399,1.0000000000000013,0.0
52990,44.15906931782197,1.0,560,681,1241,0.0,0.0008333472224535399,1.0000000000000013,0.0
52991,44.15990266504442,1.0,560,681,1241,0.0,0.0008333472224535399,1.0000000000000013,0.0
52992,44.160736012266874,1.0,560,681,1241,0.0,0.0008333472224535399,1.0000000000000013,0.0
52993,44.16156935948933,0.9991941982272361,560,681,1241,-0.0008058017727639033,0.0008333472224535399,0.999919419822725,-8.058017727639034e-05
52994,44.16240270671178,0.9991941982272361,560,681,1241,0.0,0.0008333472224535399,0.9998388396454487,-8.058017727639034e-05
52995,44.163236053934234,0.9991941982272361,560,681,1241,0.0,0.0008333472224535399,0.9997582594681724,-8.058017727639034e-05
52996,44.16406940115669,1.0,560,681,1241,0.0008058017727639033,0.0008333472224535399,0.9997582594681724,0.0
52997,44.16490274837914,1.0,560,681,1241,0.0,0.0008333472224535399,0.9997582594681724,0.0
52998,44.165736095601595,1.0,560,681,1241,0.0,0.0008333472224535399,0.9997582594681724,0.0
52999,44.16656944282405,1.0,560,681,1241,0.0,0.0008333472224535399,0.9997582594681724,0.0
53000,44.1674027900465,1.0,560,681,1241,0.0,0.0008333472224535399,0.9997582594681724,0.0
53001,44.168236137268956,1.0,560,681,1241,0.0,0.0008333472224535399,0.9997582594681724,0.0
53002,44.16906948449141,1.0,560,681,1241,0.0,0.0008333472224535399,0.9997582594681724,0.0
53003,44.16990283171386,1.0,560,681,1241,0.0,0.0008333472224535399,0.9998388396454487,8.058017727639034e-05
53004,44.170736178936316,1.0,560,681,1241,0.0,0.0008333472224535399,0.999919419822725,8.058017727639034e-05
53005,44.17156952615877,1.0,560,681,1241,0.0,0.0008333472224535399,1.0000000000000013,8.058017727639034e-05
53006,44.17240287338122,1.0,560,681,1241,0.0,0.0008333472224535399,1.0000000000000013,0.0
53007,44.17323622060368,1.0,560,681,1241,0.0,0.0008333472224535399,1.0000000000000013,0.0
53008,44.17406956782613,1.0,560,681,1241,0.0,0.0008333472224535399,1.0000000000000013,0.0
53009,44.174902915048584,1.0,560,681,1241,0.0,0.0008333472224535399,1.0000000000000013,0.0
53010,44.17573626227104,1.0,560,681,1241,0.0,0.0008333472224535399,1.0000000000000013,0.0
53011,44.17656960949349,1.0,560,681,1241,0.0,0.0008333472224535399,1.0000000000000013,0.0
53012,44.177402956715945,1.0,560,681,1241,0.0,0.0008333472224535399,1.0000000000000013,0.0
53013,44.1782363039384,1.0,560,681,1241,0.0,0.0008333472224535399,1.0000000000000013,0.0
53014,44.17906965116085,1.0,560,681,1241,0.0,0.0008333472224535399,1.0000000000000013,0.0
53015,44.179902998383305,1.0,560,681,1241,0.0,0.0008333472224535399,1.0000000000000013,0.0
53016,44.18073634560576,1.0,560,681,1241,0.0,0.0008333472224535399,1.0000000000000013,0.0
53017,44.18156969282821,1.0,560,681,1241,0.0,0.0008333472224535399,1.0000000000000013,0.0
53018,44.18240304005067,1.0,560,681,1241,0.0,0.0008333472224606453,1.0000000000000013,0.0
53019,44.183236387273126,1.0,560,681,1241,0.0,0.0008333472224535399,1.0000000000000013,0.0
53020,44.18406973449558,0.9991941982272361,560,681,1241,-0.0008058017727639033,0.0008333472224535399,0.999919419822725,-8.058017727639034e-05
53021,44.18490308171803,0.9991941982272361,560,681,1241,0.0,0.0008333472224535399,0.9998388396454487,-8.058017727639034e-05
53022,44.18573642894049,1.0,560,681,1241,0.0008058017727639033,0.0008333472224535399,0.9998388396454487,0.0
53023,44.18656977616294,1.0,560,681,1241,0.0,0.0008333472224535399,0.9998388396454487,0.0
53024,44.187403123385394,1.0,560,681,1241,0.0,0.0008333472224535399,0.9998388396454487,0.0
53025,44.18823647060785,1.0,560,681,1241,0.0,0.0008333472224535399,0.9998388396454487,0.0
53026,44.1890698178303,1.0,560,681,1241,0.0,0.0008333472224535399,0.9998388396454487,0.0
53027,44.189903165052755,1.0,560,681,1241,0.0,0.0008333472224535399,0.9998388396454487,0.0
53028,44.19073651227521,1.0,560,681,1241,0.0,0.0008333472224535399,0.9998388396454487,0.0
53029,44.19156985949766,1.0,560,681,1241,0.0,0.0008333472224535399,0.9998388396454487,0.0
53030,44.192403206720115,1.0,560,681,1241,0.0,0.0008333472224535399,0.999919419822725,8.058017727639034e-05
53031,44.19323655394257,1.0,560,681,1241,0.0,0.0008333472224535399,1.0000000000000013,8.058017727639034e-05
53032,44.19406990116502,1.0,560,681,1241,0.0,0.0008333472224535399,1.0000000000000013,0.0
53033,44.194903248387476,1.0,560,681,1241,0.0,0.0008333472224535399,1.0000000000000013,0.0
53034,44.19573659560993,1.0,560,681,1241,0.0,0.0008333472224535399,1.0000000000000013,0.0
53035,44.19656994283238,1.0,560,681,1241,0.0,0.0008333472224535399,1.0000000000000013,0.0
53036,44.19740329005484,1.0,560,681,1241,0.0,0.0008333472224535399,1.0000000000000013,0.0
53037,44.19823663727729,1.0,560,681,1241,0.0,0.0008333472224535399,1.0000000000000013,0.0
53038,44.199069984499744,1.0,560,681,1241,0.0,0.0008333472224535399,1.0000000000000013,0.0
53039,44.1999033317222,1.0,560,681,1241,0.0,0.0008333472224535399,1.0000000000000013,0.0
53040,44.20073667894465,1.0,560,681,1241,0.0,0.0008333472224535399,1.0000000000000013,0.0
53041,44.201570026167104,1.0,560,681,1241,0.0,0.0008333472224535399,1.0000000000000013,0.0
53042,44.20240337338956,1.0,560,681,1241,0.0,0.0008333472224535399,1.0000000000000013,0.0
53043,44.20323672061201,1.0,560,681,1241,0.0,0.0008333472224535399,1.0000000000000013,0.0
53044,44.204070067834465,1.0,560,681,1241,0.0,0.0008333472224535399,1.0000000000000013,0.0
53045,44.20490341505692,1.0,560,681,1241,0.0,0.0008333472224535399,1.0000000000000013,0.0
53046,44.20573676227937,1.0,560,681,1241,0.0,0.0008333472224535399,1.0000000000000013,0.0
53047,44.206570109501826,1.0,560,681,1241,0.0,0.0008333472224535399,1.0000000000000013,0.0
53048,44.20740345672428,1.0,560,681,1241,0.0,0.0008333472224535399,1.0000000000000013,0.0
53049,44.20823680394673,1.0,560,681,1241,0.0,0.0008333472224535399,1.0000000000000013,0.0
53050,44.209070151169186,1.0,560,681,1241,0.0,0.0008333472224535399,1.0000000000000013,0.0
53051,44.20990349839164,1.0,560,681,1241,0.0,0.0008333472224535399,1.0000000000000013,0.0
53052,44.21073684561409,1.0,560,681,1241,0.0,0.0008333472224535399,1.0000000000000013,0.0
53053,44.21157019283655,1.0,560,681,1241,0.0,0.0008333472224535399,1.0000000000000013,0.0
53054,44.212403540059,1.0,560,681,1241,0.0,0.0008333472224535399,1.0000000000000013,0.0
53055,44.213236887281454,1.0,560,681,1241,0.0,0.0008333472224535399,1.0000000000000013,0.0
53056,44.21407023450391,1.0,560,681,1241,0.0,0.0008333472224535399,1.0000000000000013,0.0
53057,44.21490358172636,1.0,560,681,1241,0.0,0.0008333472224535399,1.0000000000000013,0.0
53058,44.215736928948814,1.0,560,681,1241,0.0,0.0008333472224535399,1.0000000000000013,0.0
53059,44.21657027617127,1.0,560,681,1241,0.0,0.0008333472224535399,1.0000000000000013,0.0
53060,44.21740362339372,1.0,560,681,1241,0.0,0.0008333472224535399,1.0000000000000013,0.0
53061,44.21823697061618,1.0,560,681,1241,0.0,0.0008333472224606453,1.0000000000000013,0.0
53062,44.219070317838636,1.0,560,681,1241,0.0,0.0008333472224535399,1.0000000000000013,0.0
53063,44.21990366506109,0.9991941982272361,560,681,1241,-0.0008058017727639033,0.0008333472224535399,0.999919419822725,-8.058017727639034e-05
53064,44.22073701228354,0.9991941982272361,560,681,1241,0.0,0.0008333472224535399,0.9998388396454487,-8.058017727639034e-05
53065,44.221570359505996,1.0,560,681,1241,0.0008058017727639033,0.0008333472224535399,0.9998388396454487,0.0
53066,44.22240370672845,1.0,560,681,1241,0.0,0.0008333472224535399,0.9998388396454487,0.0
53067,44.2232370539509,1.0,560,681,1241,0.0,0.0008333472224535399,0.9998388396454487,0.0
53068,44.22407040117336,1.0,560,681,1241,0.0,0.0008333472224535399,0.9998388396454487,0.0
53069,44.22490374839581,1.0,560,681,1241,0.0,0.0008333472224535399,0.9998388396454487,0.0
53070,44.225737095618264,1.0,560,681,1241,0.0,0.0008333472224535399,0.9998388396454487,0.0
53071,44.22657044284072,1.0,560,681,1241,0.0,0.0008333472224535399,0.9998388396454487,0.0
53072,44.22740379006317,1.0,560,681,1241,0.0,0.0008333472224535399,0.9998388396454487,0.0
53073,44.228237137285625,1.0,560,681,1241,0.0,0.0008333472224535399,0.999919419822725,8.058017727639034e-05
53074,44.22907048450808,1.0,560,681,1241,0.0,0.0008333472224535399,1.0000000000000013,8.058017727639034e-05
53075,44.22990383173053,1.0,560,681,1241,0.0,0.0008333472224535399,1.0000000000000013,0.0
53076,44.230737178952985,1.0,560,681,1241,0.0,0.0008333472224535399,1.0000000000000013,0.0
53077,44.23157052617544,1.0,560,681,1241,0.0,0.0008333472224535399,1.0000000000000013,0.0
53078,44.23240387339789,1.0,560,681,1241,0.0,0.0008333472224535399,1.0000000000000013,0.0
53079,44.233237220620346,1.0,560,681,1241,0.0,0.0008333472224535399,1.0000000000000013,0.0
53080,44.2340705678428,1.0,560,681,1241,0.0,0.0008333472224535399,1.0000000000000013,0.0
53081,44.23490391506525,1.0,560,681,1241,0.0,0.0008333472224535399,1.0000000000000013,0.0
53082,44.23573726228771,1.0,560,681,1241,0.0,0.0008333472224535399,1.0000000000000013,0.0
53083,44.23657060951016,0.9991941982272361,560,681,1241,-0.0008058017727639033,0.0008333472224535399,0.999919419822725,-8.058017727639034e-05
53084,44.237403956732614,0.9991941982272361,560,681,1241,0.0,0.0008333472224535399,0.9998388396454487,-8.058017727639034e-05
53085,44.23823730395507,0.9991941982272361,560,681,1241,0.0,0.0008333472224535399,0.9997582594681724,-8.058017727639034e-05
53086,44.23907065117752,0.9983883964544722,560,681,1241,-0.0008058017727639033,0.0008333472224535399,0.9995970991136197,-0.00016116035455278067
53087,44.239903998399974,0.9991941982272361,560,681,1241,0.0008058017727639033,0.0008333472224535399,0.9995165189363433,-8.058017727639034e-05
53088,44.24073734562243,0.9991941982272361,560,681,1241,0.0,0.0008333472224535399,0.999435938759067,-8.058017727639034e-05
53089,44.24157069284488,0.9991941982272361,560,681,1241,0.0,0.0008333472224535399,0.9993553585817907,-8.058017727639034e-05
53090,44.242404040067335,1.0,560,681,1241,0.0008058017727639033,0.0008333472224535399,0.9993553585817907,0.0
53091,44.24323738728979,1.0,560,681,1241,0.0,0.0008333472224535399,0.9993553585817907,0.0
53092,44.24407073451224,1.0,560,681,1241,0.0,0.0008333472224535399,0.9993553585817907,0.0
53093,44.244904081734695,1.0,560,681,1241,0.0,0.0008333472224535399,0.999435938759067,8.058017727639034e-05
53094,44.24573742895715,1.0,560,681,1241,0.0,0.0008333472224535399,0.9995165189363433,8.058017727639034e-05
53095,44.2465707761796,1.0,560,681,1241,0.0,0.0008333472224535399,0.9995970991136197,8.058017727639034e-05
53096,44.247404123402056,1.0,560,681,1241,0.0,0.0008333472224535399,0.9997582594681724,0.00016116035455278067
53097,44.24823747062451,1.0,560,681,1241,0.0,0.0008333472224535399,0.9998388396454487,8.058017727639034e-05
53098,44.24907081784696,1.0,560,681,1241,0.0,0.0008333472224535399,0.999919419822725,8.058017727639034e-05
53099,44.24990416506942,1.0,560,681,1241,0.0,0.0008333472224535399,1.0000000000000013,8.058017727639034e-05
53100,44.25073751229187,1.0,560,681,1241,0.0,0.0008333472224535399,1.0000000000000013,0.0
53101,44.251570859514324,1.0,560,681,1241,0.0,0.0008333472224535399,1.0000000000000013,0.0
53102,44.25240420673678,1.0,560,681,1241,0.0,0.0008333472224535399,1.0000000000000013,0.0
53103,44.25323755395924,1.0,560,681,1241,0.0,0.0008333472224606453,1.0000000000000013,0.0
53104,44.25407090118169,1.0,560,681,1241,0.0,0.0008333472224535399,1.0000000000000013,0.0
53105,44.254904248404145,1.0,560,681,1241,0.0,0.0008333472224535399,1.0000000000000013,0.0
53106,44.2557375956266,1.0,560,681,1241,0.0,0.0008333472224535399,1.0000000000000013,0.0
53107,44.25657094284905,1.0,560,681,1241,0.0,0.0008333472224535399,1.0000000000000013,0.0
53108,44.257404290071506,0.9991941982272361,560,681,1241,-0.0008058017727639033,0.0008333472224535399,0.999919419822725,-8.058017727639034e-05
53109,44.25823763729396,0.9991941982272361,560,681,1241,0.0,0.0008333472224535399,0.9998388396454487,-8.058017727639034e-05
53110,44.25907098451641,1.0,560,681,1241,0.0008058017727639033,0.0008333472224535399,0.9998388396454487,0.0
53111,44.259904331738866,1.0,560,681,1241,0.0,0.0008333472224535399,0.9998388396454487,0.0
53112,44.26073767896132,1.0,560,681,1241,0.0,0.0008333472224535399,0.9998388396454487,0.0
53113,44.26157102618377,1.0,560,681,1241,0.0,0.0008333472224535399,0.9998388396454487,0.0
53114,44.26240437340623,1.0,560,681,1241,0.0,0.0008333472224535399,0.9998388396454487,0.0
53115,44.26323772062868,1.0,560,681,1241,0.0,0.0008333472224535399,0.9998388396454487,0.0
53116,44.264071067851134,1.0,560,681,1241,0.0,0.0008333472224535399,0.9998388396454487,0.0
53117,44.26490441507359,1.0,560,681,1241,0.0,0.0008333472224535399,0.9998388396454487,0.0
53118,44.26573776229604,1.0,560,681,1241,0.0,0.0008333472224535399,0.999919419822725,8.058017727639034e-05
53119,44.266571109518495,1.0,560,681,1241,0.0,0.0008333472224535399,1.0000000000000013,8.058017727639034e-05
53120,44.26740445674095,1.0,560,681,1241,0.0,0.0008333472224535399,1.0000000000000013,0.0
53121,44.2682378039634,1.0,560,681,1241,0.0,0.0008333472224535399,1.0000000000000013,0.0
53122,44.269071151185855,1.0,560,681,1241,0.0,0.0008333472224535399,1.0000000000000013,0.0
53123,44.26990449840831,1.0,560,681,1241,0.0,0.0008333472224535399,1.0000000000000013,0.0
53124,44.27073784563076,1.0,560,681,1241,0.0,0.0008333472224535399,1.0000000000000013,0.0
53125,44.271571192853216,1.0,560,681,1241,0.0,0.0008333472224535399,1.0000000000000013,0.0
53126,44.27240454007567,1.0,560,681,1241,0.0,0.0008333472224535399,1.0000000000000013,0.0
53127,44.27323788729812,1.0,560,681,1241,0.0,0.0008333472224535399,1.0000000000000013,0.0
53128,44.27407123452058,1.0,560,681,1241,0.0,0.0008333472224535399,1.0000000000000013,0.0
53129,44.27490458174303,1.0,560,681,1241,0.0,0.0008333472224535399,1.0000000000000013,0.0
53130,44.27573792896548,1.0,560,681,1241,0.0,0.0008333472224535399,1.0000000000000013,0.0
53131,44.27657127618794,1.0,560,681,1241,0.0,0.0008333472224535399,1.0000000000000013,0.0
53132,44.27740462341039,1.0,560,681,1241,0.0,0.0008333472224535399,1.0000000000000013,0.0
53133,44.278237970632844,1.0,560,681,1241,0.0,0.0008333472224535399,1.0000000000000013,0.0
53134,44.2790713178553,1.0,560,681,1241,0.0,0.0008333472224535399,1.0000000000000013,0.0
53135,44.27990466507775,1.0,560,681,1241,0.0,0.0008333472224535399,1.0000000000000013,0.0
53136,44.280738012300205,1.0,560,681,1241,0.0,0.0008333472224535399,1.0000000000000013,0.0
53137,44.28157135952266,1.0,560,681,1241,0.0,0.0008333472224535399,1.0000000000000013,0.0
53138,44.28240470674511,1.0,560,681,1241,0.0,0.0008333472224535399,1.0000000000000013,0.0
53139,44.283238053967565,1.0,560,681,1241,0.0,0.0008333472224535399,1.0000000000000013,0.0
53140,44.28407140119002,0.9991941982272361,560,681,1241,-0.0008058017727639033,0.0008333472224535399,0.999919419822725,-8.058017727639034e-05
53141,44.28490474841247,0.9991941982272361,560,681,1241,0.0,0.0008333472224535399,0.9998388396454487,-8.058017727639034e-05
53142,44.285738095634926,0.9991941982272361,560,681,1241,0.0,0.0008333472224535399,0.9997582594681724,-8.058017727639034e-05
53143,44.28657144285738,0.9991941982272361,560,681,1241,0.0,0.0008333472224535399,0.999677679290896,-8.058017727639034e-05
53144,44.28740479007983,0.9991941982272361,560,681,1241,0.0,0.0008333472224535399,0.9995970991136197,-8.058017727639034e-05
53145,44.288238137302294,1.0,560,681,1241,0.0008058017727639033,0.0008333472224606453,0.9995970991136197,0.0
53146,44.28907148452475,1.0,560,681,1241,0.0,0.0008333472224535399,0.9995970991136197,0.0
53147,44.2899048317472,1.0,560,681,1241,0.0,0.0008333472224535399,0.9995970991136197,0.0
53148,44.290738178969654,1.0,560,681,1241,0.0,0.0008333472224535399,0.9995970991136197,0.0
53149,44.29157152619211,1.0,560,681,1241,0.0,0.0008333472224535399,0.9995970991136197,0.0
53150,44.29240487341456,1.0,560,681,1241,0.0,0.0008333472224535399,0.999677679290896,8.058017727639034e-05
53151,44.293238220637015,1.0,560,681,1241,0.0,0.0008333472224535399,0.9997582594681724,8.058017727639034e-05
53152,44.29407156785947,1.0,560,681,1241,0.0,0.0008333472224535399,0.9998388396454487,8.058017727639034e-05
53153,44.29490491508192,0.9991941982272361,560,681,1241,-0.0008058017727639033,0.0008333472224535399,0.9998388396454487,0.0
53154,44.295738262304376,1.0,560,681,1241,0.0008058017727639033,0.0008333472224535399,0.999919419822725,8.058017727639034e-05
53155,44.29657160952683,1.0,560,681,1241,0.0,0.0008333472224535399,0.999919419822725,0.0
53156,44.29740495674928,1.0,560,681,1241,0.0,0.0008333472224535399,0.999919419822725,0.0
53157,44.298238303971736,1.0,560,681,1241,0.0,0.0008333472224535399,0.999919419822725,0.0
53158,44.29907165119419,1.0,560,681,1241,0.0,0.0008333472224535399,0.999919419822725,0.0
53159,44.29990499841664,1.0,560,681,1241,0.0,0.0008333472224535399,0.999919419822725,0.0
53160,44.3007383456391,1.0,560,681,1241,0.0,0.0008333472224535399,0.999919419822725,0.0
53161,44.30157169286155,1.0,560,681,1241,0.0,0.0008333472224535399,0.999919419822725,0.0
53162,44.302405040084004,1.0,560,681,1241,0.0,0.0008333472224535399,0.999919419822725,0.0
53163,44.30323838730646,0.9991941982272361,560,681,1241,-0.0008058017727639033,0.0008333472224535399,0.999919419822725,0.0
53164,44.30407173452891,0.9991941982272361,560,681,1241,0.0,0.0008333472224535399,0.9998388396454487,-8.058017727639034e-05
53165,44.304905081751365,1.0,560,681,1241,0.0008058017727639033,0.0008333472224535399,0.9998388396454487,0.0
53166,44.30573842897382,0.9991941982272361,560,681,1241,-0.0008058017727639033,0.0008333472224535399,0.9997582594681724,-8.058017727639034e-05
53167,44.30657177619627,0.9991941982272361,560,681,1241,0.0,0.0008333472224535399,0.999677679290896,-8.058017727639034e-05
53168,44.307405123418725,0.9991941982272361,560,681,1241,0.0,0.0008333472224535399,0.9995970991136197,-8.058017727639034e-05
53169,44.30823847064118,1.0,560,681,1241,0.0008058017727639033,0.0008333472224535399,0.9995970991136197,0.0
53170,44.30907181786363,1.0,560,681,1241,0.0,0.0008333472224535399,0.9995970991136197,0.0
53171,44.309905165086086,1.0,560,681,1241,0.0,0.0008333472224535399,0.9995970991136197,0.0
53172,44.31073851230854,1.0,560,681,1241,0.0,0.0008333472224535399,0.9995970991136197,0.0
53173,44.31157185953099,1.0,560,681,1241,0.0,0.0008333472224535399,0.999677679290896,8.058017727639034e-05
53174,44.312405206753446,1.0,560,681,1241,0.0,0.0008333472224535399,0.9997582594681724,8.058017727639034e-05
53175,44.3132385539759,1.0,560,681,1241,0.0,0.0008333472224535399,0.9997582594681724,0.0
53176,44.31407190119835,1.0,560,681,1241,0.0,0.0008333472224535399,0.9998388396454487,8.058017727639034e-05
53177,44.31490524842081,0.9991941982272361,560,681,1241,-0.0008058017727639033,0.0008333472224535399,0.9998388396454487,0.0
53178,44.31573859564326,0.9991941982272361,560,681,1241,0.0,0.0008333472224535399,0.9998388396454487,0.0
53179,44.316571942865714,1.0,560,681,1241,0.0008058017727639033,0.0008333472224535399,0.9998388396454487,0.0
53180,44.31740529008817,1.0,560,681,1241,0.0,0.0008333472224535399,0.9998388396454487,0.0
53181,44.31823863731062,1.0,560,681,1241,0.0,0.0008333472224535399,0.9998388396454487,0.0
53182,44.319071984533075,1.0,560,681,1241,0.0,0.0008333472224535399,0.9998388396454487,0.0
53183,44.31990533175553,1.0,560,681,1241,0.0,0.0008333472224535399,0.9998388396454487,0.0
53184,44.32073867897798,1.0,560,681,1241,0.0,0.0008333472224535399,0.9998388396454487,0.0
53185,44.321572026200435,1.0,560,681,1241,0.0,0.0008333472224535399,0.9998388396454487,0.0
53186,44.32240537342289,1.0,560,681,1241,0.0,0.0008333472224535399,0.9998388396454487,0.0
53187,44.32323872064534,1.0,560,681,1241,0.0,0.0008333472224535399,0.999919419822725,8.058017727639034e-05
53188,44.3240720678678,1.0,560,681,1241,0.0,0.0008333472224606453,1.0000000000000013,8.058017727639034e-05
53189,44.32490541509026,1.0,560,681,1241,0.0,0.0008333472224535399,1.0000000000000013,0.0
53190,44.32573876231271,1.0,560,681,1241,0.0,0.0008333472224535399,1.0000000000000013,0.0
53191,44.326572109535164,1.0,560,681,1241,0.0,0.0008333472224535399,1.0000000000000013,0.0
53192,44.32740545675762,1.0,560,681,1241,0.0,0.0008333472224535399,1.0000000000000013,0.0
53193,44.32823880398007,1.0,560,681,1241,0.0,0.0008333472224535399,1.0000000000000013,0.0
53194,44.329072151202524,1.0,560,681,1241,0.0,0.0008333472224535399,1.0000000000000013,0.0
53195,44.32990549842498,1.0,560,681,1241,0.0,0.0008333472224535399,1.0000000000000013,0.0
53196,44.33073884564743,1.0,560,681,1241,0.0,0.0008333472224535399,1.0000000000000013,0.0
53197,44.331572192869885,1.0,560,681,1241,0.0,0.0008333472224535399,1.0000000000000013,0.0
53198,44.33240554009234,1.0,560,681,1241,0.0,0.0008333472224535399,1.0000000000000013,0.0
53199,44.33323888731479,1.0,560,681,1241,0.0,0.0008333472224535399,1.0000000000000013,0.0
53200,44.334072234537246,1.0,560,681,1241,0.0,0.0008333472224535399,1.0000000000000013,0.0
53201,44.3349055817597,1.0,560,681,1241,0.0,0.0008333472224535399,1.0000000000000013,0.0
53202,44.33573892898215,1.0,560,681,1241,0.0,0.0008333472224535399,1.0000000000000013,0.0
53203,44.336572276204606,1.0,560,681,1241,0.0,0.0008333472224535399,1.0000000000000013,0.0
53204,44.33740562342706,1.0,560,681,1241,0.0,0.0008333472224535399,1.0000000000000013,0.0
53205,44.33823897064951,1.0,560,681,1241,0.0,0.0008333472224535399,1.0000000000000013,0.0
53206,44.33907231787197,1.0,560,681,1241,0.0,0.0008333472224535399,1.0000000000000013,0.0
53207,44.33990566509442,1.0,560,681,1241,0.0,0.0008333472224535399,1.0000000000000013,0.0
53208,44.340739012316874,1.0,560,681,1241,0.0,0.0008333472224535399,1.0000000000000013,0.0
53209,44.34157235953933,0.9991941982272361,560,681,1241,-0.0008058017727639033,0.0008333472224535399,0.999919419822725,-8.058017727639034e-05
53210,44.34240570676178,0.9991941982272361,560,681,1241,0.0,0.0008333472224535399,0.9998388396454487,-8.058017727639034e-05
53211,44.343239053984234,0.9991941982272361,560,681,1241,0.0,0.0008333472224535399,0.9997582594681724,-8.058017727639034e-05
53212,44.34407240120669,0.9991941982272361,560,681,1241,0.0,0.0008333472224535399,0.999677679290896,-8.058017727639034e-05
53213,44.34490574842914,1.0,560,681,1241,0.0008058017727639033,0.0008333472224535399,0.999677679290896,0.0
53214,44.345739095651595,1.0,560,681,1241,0.0,0.0008333472224535399,0.999677679290896,0.0
53215,44.34657244287405,1.0,560,681,1241,0.0,0.0008333472224535399,0.999677679290896,0.0
53216,44.3474057900965,1.0,560,681,1241,0.0,0.0008333472224535399,0.999677679290896,0.0
53217,44.348239137318956,1.0,560,681,1241,0.0,0.0008333472224535399,0.999677679290896,0.0
53218,44.34907248454141,1.0,560,681,1241,0.0,0.0008333472224535399,0.999677679290896,0.0
53219,44.34990583176386,1.0,560,681,1241,0.0,0.0008333472224535399,0.9997582594681724,8.058017727639034e-05
53220,44.350739178986316,1.0,560,681,1241,0.0,0.0008333472224535399,0.9998388396454487,8.058017727639034e-05
53221,44.35157252620877,1.0,560,681,1241,0.0,0.0008333472224535399,0.999919419822725,8.058017727639034e-05
53222,44.35240587343122,1.0,560,681,1241,0.0,0.0008333472224535399,1.0000000000000013,8.058017727639034e-05
53223,44.35323922065368,1.0,560,681,1241,0.0,0.0008333472224535399,1.0000000000000013,0.0
53224,44.35407256787613,1.0,560,681,1241,0.0,0.0008333472224535399,1.0000000000000013,0.0
53225,44.354905915098584,1.0,560,681,1241,0.0,0.0008333472224535399,1.0000000000000013,0.0
53226,44.35573926232104,1.0,560,681,1241,0.0,0.0008333472224535399,1.0000000000000013,0.0
53227,44.35657260954349,1.0,560,681,1241,0.0,0.0008333472224535399,1.0000000000000013,0.0
53228,44.357405956765945,1.0,560,681,1241,0.0,0.0008333472224535399,1.0000000000000013,0.0
53229,44.3582393039884,1.0,560,681,1241,0.0,0.0008333472224535399,1.0000000000000013,0.0
53230,44.35907265121086,1.0,560,681,1241,0.0,0.0008333472224606453,1.0000000000000013,0.0
53231,44.35990599843331,1.0,560,681,1241,0.0,0.0008333472224535399,1.0000000000000013,0.0
53232,44.360739345655766,1.0,560,681,1241,0.0,0.0008333472224535399,1.0000000000000013,0.0
53233,44.36157269287822,1.0,560,681,1241,0.0,0.0008333472224535399,1.0000000000000013,0.0
53234,44.36240604010067,1.0,560,681,1241,0.0,0.0008333472224535399,1.0000000000000013,0.0
53235,44.36323938732313,1.0,560,681,1241,0.0,0.0008333472224535399,1.0000000000000013,0.0
53236,44.36407273454558,1.0,560,681,1241,0.0,0.0008333472224535399,1.0000000000000013,0.0
53237,44.364906081768034,1.0,560,681,1241,0.0,0.0008333472224535399,1.0000000000000013,0.0
53238,44.36573942899049,1.0,560,681,1241,0.0,0.0008333472224535399,1.0000000000000013,0.0
53239,44.36657277621294,1.0,560,681,1241,0.0,0.0008333472224535399,1.0000000000000013,0.0
53240,44.367406123435394,1.0,560,681,1241,0.0,0.0008333472224535399,1.0000000000000013,0.0
53241,44.36823947065785,1.0,560,681,1241,0.0,0.0008333472224535399,1.0000000000000013,0.0
53242,44.3690728178803,1.0,560,681,1241,0.0,0.0008333472224535399,1.0000000000000013,0.0
53243,44.369906165102755,1.0,560,681,1241,0.0,0.0008333472224535399,1.0000000000000013,0.0
53244,44.37073951232521,1.0,560,681,1241,0.0,0.0008333472224535399,1.0000000000000013,0.0
53245,44.37157285954766,1.0,560,681,1241,0.0,0.0008333472224535399,1.0000000000000013,0.0
53246,44.372406206770115,1.0,560,681,1241,0.0,0.0008333472224535399,1.0000000000000013,0.0
53247,44.37323955399257,1.0,560,681,1241,0.0,0.0008333472224535399,1.0000000000000013,0.0
53248,44.37407290121502,1.0,560,681,1241,0.0,0.0008333472224535399,1.0000000000000013,0.0
53249,44.374906248437476,1.0,560,681,1241,0.0,0.0008333472224535399,1.0000000000000013,0.0
53250,44.37573959565993,1.0,560,681,1241,0.0,0.0008333472224535399,1.0000000000000013,0.0
53251,44.37657294288238,1.0,560,681,1241,0.0,0.0008333472224535399,1.0000000000000013,0.0
53252,44.37740629010484,1.0,560,681,1241,0.0,0.0008333472224535399,1.0000000000000013,0.0
53253,44.37823963732729,1.0,560,681,1241,0.0,0.0008333472224535399,1.0000000000000013,0.0
53254,44.379072984549744,1.0,560,681,1241,0.0,0.0008333472224535399,1.0000000000000013,0.0
53255,44.3799063317722,1.0,560,681,1241,0.0,0.0008333472224535399,1.0000000000000013,0.0
53256,44.38073967899465,1.0,560,681,1241,0.0,0.0008333472224535399,1.0000000000000013,0.0
53257,44.381573026217104,1.0,560,681,1241,0.0,0.0008333472224535399,1.0000000000000013,0.0
53258,44.38240637343956,1.0,560,681,1241,0.0,0.0008333472224535399,1.0000000000000013,0.0
53259,44.38323972066201,1.0,560,681,1241,0.0,0.0008333472224535399,1.0000000000000013,0.0
53260,44.384073067884465,1.0,560,681,1241,0.0,0.0008333472224535399,1.0000000000000013,0.0
53261,44.38490641510692,1.0,560,681,1241,0.0,0.0008333472224535399,1.0000000000000013,0.0
53262,44.38573976232937,1.0,560,681,1241,0.0,0.0008333472224535399,1.0000000000000013,0.0
53263,44.386573109551826,1.0,560,681,1241,0.0,0.0008333472224535399,1.0000000000000013,0.0
53264,44.38740645677428,1.0,560,681,1241,0.0,0.0008333472224535399,1.0000000000000013,0.0
53265,44.38823980399673,0.9991941982272361,560,681,1241,-0.0008058017727639033,0.0008333472224535399,0.999919419822725,-8.058017727639034e-05
53266,44.389073151219186,0.9991941982272361,560,681,1241,0.0,0.0008333472224535399,0.9998388396454487,-8.058017727639034e-05
53267,44.38990649844164,1.0,560,681,1241,0.0008058017727639033,0.0008333472224535399,0.9998388396454487,0.0
53268,44.39073984566409,1.0,560,681,1241,0.0,0.0008333472224535399,0.9998388396454487,0.0
53269,44.39157319288655,0.9991941982272361,560,681,1241,-0.0008058017727639033,0.0008333472224535399,0.9997582594681724,-8.058017727639034e-05
53270,44.392406540109,1.0,560,681,1241,0.0008058017727639033,0.0008333472224535399,0.9997582594681724,0.0
53271,44.393239887331454,1.0,560,681,1241,0.0,0.0008333472224535399,0.9997582594681724,0.0
53272,44.394073234553915,1.0,560,681,1241,0.0,0.0008333472224606453,0.9997582594681724,0.0
53273,44.39490658177637,1.0,560,681,1241,0.0,0.0008333472224535399,0.9997582594681724,0.0
53274,44.39573992899882,1.0,560,681,1241,0.0,0.0008333472224535399,0.9997582594681724,0.0
53275,44.396573276221275,1.0,560,681,1241,0.0,0.0008333472224535399,0.9998388396454487,8.058017727639034e-05
53276,44.39740662344373,0.9991941982272361,560,681,1241,-0.0008058017727639033,0.0008333472224535399,0.9998388396454487,0.0
53277,44.39823997066618,0.9991941982272361,560,681,1241,0.0,0.0008333472224535399,0.9997582594681724,-8.058017727639034e-05
53278,44.399073317888636,1.0,560,681,1241,0.0008058017727639033,0.0008333472224535399,0.9997582594681724,0.0
53279,44.39990666511109,1.0,560,681,1241,0.0,0.0008333472224535399,0.9998388396454487,8.058017727639034e-05
53280,44.40074001233354,1.0,560,681,1241,0.0,0.0008333472224535399,0.9998388396454487,0.0
53281,44.401573359556,1.0,560,681,1241,0.0,0.0008333472224535399,0.9998388396454487,0.0
53282,44.40240670677845,1.0,560,681,1241,0.0,0.0008333472224535399,0.9998388396454487,0.0
53283,44.403240054000904,1.0,560,681,1241,0.0,0.0008333472224535399,0.9998388396454487,0.0
53284,44.40407340122336,0.9991941982272361,560,681,1241,-0.0008058017727639033,0.0008333472224535399,0.9997582594681724,-8.058017727639034e-05
53285,44.40490674844581,1.0,560,681,1241,0.0008058017727639033,0.0008333472224535399,0.9997582594681724,0.0
53286,44.405740095668264,1.0,560,681,1241,0.0,0.0008333472224535399,0.9998388396454487,8.058017727639034e-05
53287,44.40657344289072,1.0,560,681,1241,0.0,0.0008333472224535399,0.999919419822725,8.058017727639034e-05
53288,44.40740679011317,1.0,560,681,1241,0.0,0.0008333472224535399,0.999919419822725,0.0
53289,44.408240137335625,1.0,560,681,1241,0.0,0.0008333472224535399,0.999919419822725,0.0
53290,44.40907348455808,1.0,560,681,1241,0.0,0.0008333472224535399,0.999919419822725,0.0
53291,44.40990683178053,1.0,560,681,1241,0.0,0.0008333472224535399,0.999919419822725,0.0
53292,44.410740179002985,1.0,560,681,1241,0.0,0.0008333472224535399,0.999919419822725,0.0
53293,44.41157352622544,1.0,560,681,1241,0.0,0.0008333472224535399,0.999919419822725,0.0
53294,44.41240687344789,1.0,560,681,1241,0.0,0.0008333472224535399,1.0000000000000013,8.058017727639034e-05
53295,44.413240220670346,1.0,560,681,1241,0.0,0.0008333472224535399,1.0000000000000013,0.0
53296,44.4140735678928,1.0,560,681,1241,0.0,0.0008333472224535399,1.0000000000000013,0.0
53297,44.41490691511525,1.0,560,681,1241,0.0,0.0008333472224535399,1.0000000000000013,0.0
53298,44.41574026233771,1.0,560,681,1241,0.0,0.0008333472224535399,1.0000000000000013,0.0
53299,44.41657360956016,1.0,560,681,1241,0.0,0.0008333472224535399,1.0000000000000013,0.0
53300,44.417406956782614,1.0,560,681,1241,0.0,0.0008333472224535399,1.0000000000000013,0.0
53301,44.41824030400507,1.0,560,681,1241,0.0,0.0008333472224535399,1.0000000000000013,0.0
53302,44.41907365122752,1.0,560,681,1241,0.0,0.0008333472224535399,1.0000000000000013,0.0
53303,44.419906998449974,1.0,560,681,1241,0.0,0.0008333472224535399,1.0000000000000013,0.0
53304,44.42074034567243,1.0,560,681,1241,0.0,0.0008333472224535399,1.0000000000000013,0.0
53305,44.42157369289488,1.0,560,681,1241,0.0,0.0008333472224535399,1.0000000000000013,0.0
53306,44.422407040117335,1.0,560,681,1241,0.0,0.0008333472224535399,1.0000000000000013,0.0
53307,44.42324038733979,1.0,560,681,1241,0.0,0.0008333472224535399,1.0000000000000013,0.0
53308,44.42407373456224,1.0,560,681,1241,0.0,0.0008333472224535399,1.0000000000000013,0.0
53309,44.424907081784696,1.0,560,681,1241,0.0,0.0008333472224535399,1.0000000000000013,0.0
53310,44.42574042900715,1.0,560,681,1241,0.0,0.0008333472224535399,1.0000000000000013,0.0
53311,44.4265737762296,1.0,560,681,1241,0.0,0.0008333472224535399,1.0000000000000013,0.0
53312,44.427407123452056,1.0,560,681,1241,0.0,0.0008333472224535399,1.0000000000000013,0.0
53313,44.42824047067451,1.0,560,681,1241,0.0,0.0008333472224535399,1.0000000000000013,0.0
53314,44.42907381789696,1.0,560,681,1241,0.0,0.0008333472224535399,1.0000000000000013,0.0
53315,44.429907165119424,1.0,560,681,1241,0.0,0.0008333472224606453,1.0000000000000013,0.0
53316,44.43074051234188,1.0,560,681,1241,0.0,0.0008333472224535399,1.0000000000000013,0.0
53317,44.43157385956433,1.0,560,681,1241,0.0,0.0008333472224535399,1.0000000000000013,0.0
53318,44.432407206786785,1.0,560,681,1241,0.0,0.0008333472224535399,1.0000000000000013,0.0
53319,44.43324055400924,1.0,560,681,1241,0.0,0.0008333472224535399,1.0000000000000013,0.0
53320,44.43407390123169,0.9991941982272361,560,681,1241,-0.0008058017727639033,0.0008333472224535399,0.999919419822725,-8.058017727639034e-05
53321,44.434907248454145,0.9991941982272361,560,681,1241,0.0,0.0008333472224535399,0.9998388396454487,-8.058017727639034e-05
53322,44.4357405956766,1.0,560,681,1241,0.0008058017727639033,0.0008333472224535399,0.9998388396454487,0.0
53323,44.43657394289905,1.0,560,681,1241,0.0,0.0008333472224535399,0.9998388396454487,0.0
53324,44.437407290121506,1.0,560,681,1241,0.0,0.0008333472224535399,0.9998388396454487,0.0
53325,44.43824063734396,1.0,560,681,1241,0.0,0.0008333472224535399,0.9998388396454487,0.0
53326,44.43907398456641,1.0,560,681,1241,0.0,0.0008333472224535399,0.9998388396454487,0.0
53327,44.439907331788866,1.0,560,681,1241,0.0,0.0008333472224535399,0.9998388396454487,0.0
53328,44.44074067901132,1.0,560,681,1241,0.0,0.0008333472224535399,0.9998388396454487,0.0
53329,44.44157402623377,1.0,560,681,1241,0.0,0.0008333472224535399,0.9998388396454487,0.0
53330,44.44240737345623,1.0,560,681,1241,0.0,0.0008333472224535399,0.999919419822725,8.058017727639034e-05
53331,44.44324072067868,1.0,560,681,1241,0.0,0.0008333472224535399,1.0000000000000013,8.058017727639034e-05
53332,44.444074067901134,1.0,560,681,1241,0.0,0.0008333472224535399,1.0000000000000013,0.0
53333,44.44490741512359,1.0,560,681,1241,0.0,0.0008333472224535399,1.0000000000000013,0.0
53334,44.44574076234604,1.0,560,681,1241,0.0,0.0008333472224535399,1.0000000000000013,0.0
53335,44.446574109568495,1.0,560,681,1241,0.0,0.0008333472224535399,1.0000000000000013,0.0
53336,44.44740745679095,1.0,560,681,1241,0.0,0.0008333472224535399,1.0000000000000013,0.0
53337,44.4482408040134,1.0,560,681,1241,0.0,0.0008333472224535399,1.0000000000000013,0.0
53338,44.449074151235855,1.0,560,681,1241,0.0,0.0008333472224535399,1.0000000000000013,0.0
53339,44.44990749845831,1.0,560,681,1241,0.0,0.0008333472224535399,1.0000000000000013,0.0
53340,44.45074084568076,1.0,560,681,1241,0.0,0.0008333472224535399,1.0000000000000013,0.0
53341,44.451574192903216,1.0,560,681,1241,0.0,0.0008333472224535399,1.0000000000000013,0.0
53342,44.45240754012567,1.0,560,681,1241,0.0,0.0008333472224535399,1.0000000000000013,0.0
53343,44.45324088734812,1.0,560,681,1241,0.0,0.0008333472224535399,1.0000000000000013,0.0
53344,44.45407423457058,1.0,560,681,1241,0.0,0.0008333472224535399,1.0000000000000013,0.0
53345,44.45490758179303,1.0,560,681,1241,0.0,0.0008333472224535399,1.0000000000000013,0.0
53346,44.455740929015484,1.0,560,681,1241,0.0,0.0008333472224535399,1.0000000000000013,0.0
53347,44.45657427623794,1.0,560,681,1241,0.0,0.0008333472224535399,1.0000000000000013,0.0
53348,44.45740762346039,1.0,560,681,1241,0.0,0.0008333472224535399,1.0000000000000013,0.0
53349,44.458240970682844,1.0,560,681,1241,0.0,0.0008333472224535399,1.0000000000000013,0.0
53350,44.4590743179053,1.0,560,681,1241,0.0,0.0008333472224535399,1.0000000000000013,0.0
53351,44.45990766512775,0.9991941982272361,560,681,1241,-0.0008058017727639033,0.0008333472224535399,0.999919419822725,-8.058017727639034e-05
53352,44.460741012350205,0.9991941982272361,560,681,1241,0.0,0.0008333472224535399,0.9998388396454487,-8.058017727639034e-05
53353,44.46157435957266,0.9991941982272361,560,681,1241,0.0,0.0008333472224535399,0.9997582594681724,-8.058017727639034e-05
53354,44.46240770679511,0.9991941982272361,560,681,1241,0.0,0.0008333472224535399,0.999677679290896,-8.058017727639034e-05
53355,44.463241054017566,1.0,560,681,1241,0.0008058017727639033,0.0008333472224535399,0.999677679290896,0.0
53356,44.46407440124002,1.0,560,681,1241,0.0,0.0008333472224535399,0.999677679290896,0.0
53357,44.46490774846248,1.0,560,681,1241,0.0,0.0008333472224606453,0.999677679290896,0.0
53358,44.46574109568493,1.0,560,681,1241,0.0,0.0008333472224535399,0.999677679290896,0.0
53359,44.46657444290739,1.0,560,681,1241,0.0,0.0008333472224535399,0.999677679290896,0.0
53360,44.46740779012984,1.0,560,681,1241,0.0,0.0008333472224535399,0.999677679290896,0.0
53361,44.468241137352294,1.0,560,681,1241,0.0,0.0008333472224535399,0.9997582594681724,8.058017727639034e-05
53362,44.46907448457475,1.0,560,681,1241,0.0,0.0008333472224535399,0.9998388396454487,8.058017727639034e-05
53363,44.4699078317972,1.0,560,681,1241,0.0,0.0008333472224535399,0.999919419822725,8.058017727639034e-05
53364,44.470741179019655,1.0,560,681,1241,0.0,0.0008333472224535399,1.0000000000000013,8.058017727639034e-05
53365,44.47157452624211,1.0,560,681,1241,0.0,0.0008333472224535399,1.0000000000000013,0.0
53366,44.47240787346456,1.0,560,681,1241,0.0,0.0008333472224535399,1.0000000000000013,0.0
53367,44.473241220687015,1.0,560,681,1241,0.0,0.0008333472224535399,1.0000000000000013,0.0
53368,44.47407456790947,1.0,560,681,1241,0.0,0.0008333472224535399,1.0000000000000013,0.0
53369,44.47490791513192,1.0,560,681,1241,0.0,0.0008333472224535399,1.0000000000000013,0.0
53370,44.475741262354376,1.0,560,681,1241,0.0,0.0008333472224535399,1.0000000000000013,0.0
53371,44.47657460957683,1.0,560,681,1241,0.0,0.0008333472224535399,1.0000000000000013,0.0
53372,44.47740795679928,1.0,560,681,1241,0.0,0.0008333472224535399,1.0000000000000013,0.0
53373,44.478241304021736,1.0,560,681,1241,0.0,0.0008333472224535399,1.0000000000000013,0.0
53374,44.47907465124419,1.0,560,681,1241,0.0,0.0008333472224535399,1.0000000000000013,0.0
53375,44.47990799846664,1.0,560,681,1241,0.0,0.0008333472224535399,1.0000000000000013,0.0
53376,44.4807413456891,1.0,560,681,1241,0.0,0.0008333472224535399,1.0000000000000013,0.0
53377,44.48157469291155,1.0,560,681,1241,0.0,0.0008333472224535399,1.0000000000000013,0.0
53378,44.482408040134004,1.0,560,681,1241,0.0,0.0008333472224535399,1.0000000000000013,0.0
53379,44.48324138735646,1.0,560,681,1241,0.0,0.0008333472224535399,1.0000000000000013,0.0
53380,44.48407473457891,1.0,560,681,1241,0.0,0.0008333472224535399,1.0000000000000013,0.0
53381,44.484908081801365,1.0,560,681,1241,0.0,0.0008333472224535399,1.0000000000000013,0.0
53382,44.48574142902382,1.0,560,681,1241,0.0,0.0008333472224535399,1.0000000000000013,0.0
53383,44.48657477624627,1.0,560,681,1241,0.0,0.0008333472224535399,1.0000000000000013,0.0
53384,44.487408123468725,1.0,560,681,1241,0.0,0.0008333472224535399,1.0000000000000013,0.0
53385,44.48824147069118,1.0,560,681,1241,0.0,0.0008333472224535399,1.0000000000000013,0.0
53386,44.48907481791363,1.0,560,681,1241,0.0,0.0008333472224535399,1.0000000000000013,0.0
53387,44.489908165136086,1.0,560,681,1241,0.0,0.0008333472224535399,1.0000000000000013,0.0
53388,44.49074151235854,1.0,560,681,1241,0.0,0.0008333472224535399,1.0000000000000013,0.0
53389,44.49157485958099,1.0,560,681,1241,0.0,0.0008333472224535399,1.0000000000000013,0.0
53390,44.49240820680345,1.0,560,681,1241,0.0,0.0008333472224535399,1.0000000000000013,0.0
53391,44.4932415540259,1.0,560,681,1241,0.0,0.0008333472224535399,1.0000000000000013,0.0
53392,44.494074901248354,1.0,560,681,1241,0.0,0.0008333472224535399,1.0000000000000013,0.0
53393,44.49490824847081,1.0,560,681,1241,0.0,0.0008333472224535399,1.0000000000000013,0.0
53394,44.49574159569326,1.0,560,681,1241,0.0,0.0008333472224535399,1.0000000000000013,0.0
53395,44.496574942915714,1.0,560,681,1241,0.0,0.0008333472224535399,1.0000000000000013,0.0
53396,44.49740829013817,1.0,560,681,1241,0.0,0.0008333472224535399,1.0000000000000013,0.0
53397,44.49824163736062,1.0,560,681,1241,0.0,0.0008333472224535399,1.0000000000000013,0.0
53398,44.499074984583075,1.0,560,681,1241,0.0,0.0008333472224535399,1.0000000000000013,0.0
53399,44.499908331805536,1.0,560,681,1241,0.0,0.0008333472224606453,1.0000000000000013,0.0
53400,44.50074167902799,1.0,560,681,1241,0.0,0.0008333472224535399,1.0000000000000013,0.0
53401,44.50157502625044,1.0,560,681,1241,0.0,0.0008333472224535399,1.0000000000000013,0.0
53402,44.502408373472896,1.0,560,681,1241,0.0,0.0008333472224535399,1.0000000000000013,0.0
53403,44.50324172069535,0.9991941982272361,560,681,1241,-0.0008058017727639033,0.0008333472224535399,0.999919419822725,-8.058017727639034e-05
53404,44.5040750679178,0.9991941982272361,560,681,1241,0.0,0.0008333472224535399,0.9998388396454487,-8.058017727639034e-05
53405,44.50490841514026,1.0,560,681,1241,0.0008058017727639033,0.0008333472224535399,0.9998388396454487,0.0
53406,44.50574176236271,0.9991941982272361,560,681,1241,-0.0008058017727639033,0.0008333472224535399,0.9997582594681724,-8.058017727639034e-05
53407,44.506575109585164,0.9991941982272361,560,681,1241,0.0,0.0008333472224535399,0.999677679290896,-8.058017727639034e-05
53408,44.50740845680762,1.0,560,681,1241,0.0008058017727639033,0.0008333472224535399,0.999677679290896,0.0
53409,44.50824180403007,1.0,560,681,1241,0.0,0.0008333472224535399,0.999677679290896,0.0
53410,44.509075151252524,1.0,560,681,1241,0.0,0.0008333472224535399,0.999677679290896,0.0
53411,44.50990849847498,1.0,560,681,1241,0.0,0.0008333472224535399,0.999677679290896,0.0
53412,44.51074184569743,0.9991941982272361,560,681,1241,-0.0008058017727639033,0.0008333472224535399,0.9995970991136197,-8.058017727639034e-05
53413,44.511575192919885,0.9991941982272361,560,681,1241,0.0,0.0008333472224535399,0.9995970991136197,0.0
53414,44.51240854014234,0.9991941982272361,560,681,1241,0.0,0.0008333472224535399,0.9995970991136197,0.0
53415,44.51324188736479,0.9991941982272361,560,681,1241,0.0,0.0008333472224535399,0.9995165189363433,-8.058017727639034e-05
53416,44.514075234587246,0.9991941982272361,560,681,1241,0.0,0.0008333472224535399,0.9995165189363433,0.0
53417,44.5149085818097,1.0,560,681,1241,0.0008058017727639033,0.0008333472224535399,0.9995970991136197,8.058017727639034e-05
53418,44.51574192903215,0.9991941982272361,560,681,1241,-0.0008058017727639033,0.0008333472224535399,0.9995165189363433,-8.058017727639034e-05
53419,44.516575276254606,1.0,560,681,1241,0.0008058017727639033,0.0008333472224535399,0.9995165189363433,0.0
53420,44.51740862347706,1.0,560,681,1241,0.0,0.0008333472224535399,0.9995165189363433,0.0
53421,44.51824197069951,1.0,560,681,1241,0.0,0.0008333472224535399,0.9995165189363433,0.0
53422,44.51907531792197,1.0,560,681,1241,0.0,0.0008333472224535399,0.9995970991136197,8.058017727639034e-05
53423,44.51990866514442,1.0,560,681,1241,0.0,0.0008333472224535399,0.999677679290896,8.058017727639034e-05
53424,44.520742012366874,1.0,560,681,1241,0.0,0.0008333472224535399,0.9997582594681724,8.058017727639034e-05
53425,44.52157535958933,1.0,560,681,1241,0.0,0.0008333472224535399,0.9998388396454487,8.058017727639034e-05
53426,44.52240870681178,1.0,560,681,1241,0.0,0.0008333472224535399,0.999919419822725,8.058017727639034e-05
53427,44.523242054034235,1.0,560,681,1241,0.0,0.0008333472224535399,0.999919419822725,0.0
53428,44.52407540125669,1.0,560,681,1241,0.0,0.0008333472224535399,1.0000000000000013,8.058017727639034e-05
53429,44.52490874847914,1.0,560,681,1241,0.0,0.0008333472224535399,1.0000000000000013,0.0
53430,44.525742095701595,1.0,560,681,1241,0.0,0.0008333472224535399,1.0000000000000013,0.0
53431,44.52657544292405,1.0,560,681,1241,0.0,0.0008333472224535399,1.0000000000000013,0.0
53432,44.5274087901465,1.0,560,681,1241,0.0,0.0008333472224535399,1.0000000000000013,0.0
53433,44.528242137368956,1.0,560,681,1241,0.0,0.0008333472224535399,1.0000000000000013,0.0
53434,44.52907548459141,1.0,560,681,1241,0.0,0.0008333472224535399,1.0000000000000013,0.0
53435,44.52990883181386,0.9991941982272361,560,681,1241,-0.0008058017727639033,0.0008333472224535399,0.999919419822725,-8.058017727639034e-05
53436,44.53074217903632,1.0,560,681,1241,0.0008058017727639033,0.0008333472224535399,0.999919419822725,0.0
53437,44.53157552625877,0.9991941982272361,560,681,1241,-0.0008058017727639033,0.0008333472224535399,0.9998388396454487,-8.058017727639034e-05
53438,44.532408873481224,1.0,560,681,1241,0.0008058017727639033,0.0008333472224535399,0.9998388396454487,0.0
53439,44.53324222070368,1.0,560,681,1241,0.0,0.0008333472224535399,0.9998388396454487,0.0
53440,44.53407556792613,1.0,560,681,1241,0.0,0.0008333472224535399,0.9998388396454487,0.0
53441,44.534908915148584,1.0,560,681,1241,0.0,0.0008333472224535399,0.9998388396454487,0.0
53442,44.535742262371045,1.0,560,681,1241,0.0,0.0008333472224606453,0.9998388396454487,0.0
53443,44.5365756095935,1.0,560,681,1241,0.0,0.0008333472224535399,0.9998388396454487,0.0
53444,44.53740895681595,1.0,560,681,1241,0.0,0.0008333472224535399,0.9998388396454487,0.0
53445,44.538242304038405,1.0,560,681,1241,0.0,0.0008333472224535399,0.999919419822725,8.058017727639034e-05
53446,44.53907565126086,1.0,560,681,1241,0.0,0.0008333472224535399,0.999919419822725,0.0
53447,44.53990899848331,1.0,560,681,1241,0.0,0.0008333472224535399,1.0000000000000013,8.058017727639034e-05
53448,44.540742345705766,1.0,560,681,1241,0.0,0.0008333472224535399,1.0000000000000013,0.0
53449,44.54157569292822,1.0,560,681,1241,0.0,0.0008333472224535399,1.0000000000000013,0.0
53450,44.54240904015067,1.0,560,681,1241,0.0,0.0008333472224535399,1.0000000000000013,0.0
53451,44.54324238737313,1.0,560,681,1241,0.0,0.0008333472224535399,1.0000000000000013,0.0
53452,44.54407573459558,1.0,560,681,1241,0.0,0.0008333472224535399,1.0000000000000013,0.0
53453,44.544909081818034,1.0,560,681,1241,0.0,0.0008333472224535399,1.0000000000000013,0.0
53454,44.54574242904049,1.0,560,681,1241,0.0,0.0008333472224535399,1.0000000000000013,0.0
53455,44.54657577626294,1.0,560,681,1241,0.0,0.0008333472224535399,1.0000000000000013,0.0
53456,44.547409123485394,1.0,560,681,1241,0.0,0.0008333472224535399,1.0000000000000013,0.0
53457,44.54824247070785,1.0,560,681,1241,0.0,0.0008333472224535399,1.0000000000000013,0.0
53458,44.5490758179303,1.0,560,681,1241,0.0,0.0008333472224535399,1.0000000000000013,0.0
53459,44.549909165152755,1.0,560,681,1241,0.0,0.0008333472224535399,1.0000000000000013,0.0
53460,44.55074251237521,1.0,560,681,1241,0.0,0.0008333472224535399,1.0000000000000013,0.0
53461,44.55157585959766,1.0,560,681,1241,0.0,0.0008333472224535399,1.0000000000000013,0.0
53462,44.552409206820116,1.0,560,681,1241,0.0,0.0008333472224535399,1.0000000000000013,0.0
53463,44.55324255404257,1.0,560,681,1241,0.0,0.0008333472224535399,1.0000000000000013,0.0
53464,44.55407590126502,1.0,560,681,1241,0.0,0.0008333472224535399,1.0000000000000013,0.0
53465,44.554909248487476,1.0,560,681,1241,0.0,0.0008333472224535399,1.0000000000000013,0.0
53466,44.55574259570993,1.0,560,681,1241,0.0,0.0008333472224535399,1.0000000000000013,0.0
53467,44.55657594293238,1.0,560,681,1241,0.0,0.0008333472224535399,1.0000000000000013,0.0
53468,44.55740929015484,1.0,560,681,1241,0.0,0.0008333472224535399,1.0000000000000013,0.0
53469,44.55824263737729,1.0,560,681,1241,0.0,0.0008333472224535399,1.0000000000000013,0.0
53470,44.559075984599744,1.0,560,681,1241,0.0,0.0008333472224535399,1.0000000000000013,0.0
53471,44.5599093318222,1.0,560,681,1241,0.0,0.0008333472224535399,1.0000000000000013,0.0
53472,44.56074267904465,1.0,560,681,1241,0.0,0.0008333472224535399,1.0000000000000013,0.0
53473,44.561576026267105,1.0,560,681,1241,0.0,0.0008333472224535399,1.0000000000000013,0.0
53474,44.56240937348956,1.0,560,681,1241,0.0,0.0008333472224535399,1.0000000000000013,0.0
53475,44.56324272071201,1.0,560,681,1241,0.0,0.0008333472224535399,1.0000000000000013,0.0
53476,44.564076067934465,1.0,560,681,1241,0.0,0.0008333472224535399,1.0000000000000013,0.0
53477,44.56490941515692,1.0,560,681,1241,0.0,0.0008333472224535399,1.0000000000000013,0.0
53478,44.56574276237937,1.0,560,681,1241,0.0,0.0008333472224535399,1.0000000000000013,0.0
53479,44.566576109601826,1.0,560,681,1241,0.0,0.0008333472224535399,1.0000000000000013,0.0
53480,44.56740945682428,1.0,560,681,1241,0.0,0.0008333472224535399,1.0000000000000013,0.0
53481,44.56824280404673,1.0,560,681,1241,0.0,0.0008333472224535399,1.0000000000000013,0.0
53482,44.569076151269186,1.0,560,681,1241,0.0,0.0008333472224535399,1.0000000000000013,0.0
53483,44.56990949849164,1.0,560,681,1241,0.0,0.0008333472224535399,1.0000000000000013,0.0
53484,44.5707428457141,1.0,560,681,1241,0.0,0.0008333472224606453,1.0000000000000013,0.0
53485,44.571576192936554,1.0,560,681,1241,0.0,0.0008333472224535399,1.0000000000000013,0.0
53486,44.57240954015901,1.0,560,681,1241,0.0,0.0008333472224535399,1.0000000000000013,0.0
53487,44.57324288738146,1.0,560,681,1241,0.0,0.0008333472224535399,1.0000000000000013,0.0
53488,44.574076234603915,1.0,560,681,1241,0.0,0.0008333472224535399,1.0000000000000013,0.0
53489,44.57490958182637,1.0,560,681,1241,0.0,0.0008333472224535399,1.0000000000000013,0.0
53490,44.57574292904882,1.0,560,681,1241,0.0,0.0008333472224535399,1.0000000000000013,0.0
53491,44.576576276271275,1.0,560,681,1241,0.0,0.0008333472224535399,1.0000000000000013,0.0
53492,44.57740962349373,1.0,560,681,1241,0.0,0.0008333472224535399,1.0000000000000013,0.0
53493,44.57824297071618,1.0,560,681,1241,0.0,0.0008333472224535399,1.0000000000000013,0.0
53494,44.579076317938636,1.0,560,681,1241,0.0,0.0008333472224535399,1.0000000000000013,0.0
53495,44.57990966516109,1.0,560,681,1241,0.0,0.0008333472224535399,1.0000000000000013,0.0
53496,44.58074301238354,1.0,560,681,1241,0.0,0.0008333472224535399,1.0000000000000013,0.0
53497,44.581576359606,1.0,560,681,1241,0.0,0.0008333472224535399,1.0000000000000013,0.0
53498,44.58240970682845,1.0,560,681,1241,0.0,0.0008333472224535399,1.0000000000000013,0.0
53499,44.583243054050904,1.0,560,681,1241,0.0,0.0008333472224535399,1.0000000000000013,0.0
53500,44.58407640127336,1.0,560,681,1241,0.0,0.0008333472224535399,1.0000000000000013,0.0
53501,44.58490974849581,1.0,560,681,1241,0.0,0.0008333472224535399,1.0000000000000013,0.0
53502,44.585743095718264,1.0,560,681,1241,0.0,0.0008333472224535399,1.0000000000000013,0.0
53503,44.58657644294072,1.0,560,681,1241,0.0,0.0008333472224535399,1.0000000000000013,0.0
53504,44.58740979016317,1.0,560,681,1241,0.0,0.0008333472224535399,1.0000000000000013,0.0
53505,44.588243137385625,1.0,560,681,1241,0.0,0.0008333472224535399,1.0000000000000013,0.0
53506,44.58907648460808,1.0,560,681,1241,0.0,0.0008333472224535399,1.0000000000000013,0.0
53507,44.58990983183053,1.0,560,681,1241,0.0,0.0008333472224535399,1.0000000000000013,0.0
53508,44.590743179052986,1.0,560,681,1241,0.0,0.0008333472224535399,1.0000000000000013,0.0
53509,44.59157652627544,1.0,560,681,1241,0.0,0.0008333472224535399,1.0000000000000013,0.0
53510,44.59240987349789,1.0,560,681,1241,0.0,0.0008333472224535399,1.0000000000000013,0.0
53511,44.593243220720346,1.0,560,681,1241,0.0,0.0008333472224535399,1.0000000000000013,0.0
53512,44.5940765679428,1.0,560,681,1241,0.0,0.0008333472224535399,1.0000000000000013,0.0
53513,44.59490991516525,1.0,560,681,1241,0.0,0.0008333472224535399,1.0000000000000013,0.0
53514,44.59574326238771,1.0,560,681,1241,0.0,0.0008333472224535399,1.0000000000000013,0.0
53515,44.59657660961016,1.0,560,681,1241,0.0,0.0008333472224535399,1.0000000000000013,0.0
53516,44.597409956832614,1.0,560,681,1241,0.0,0.0008333472224535399,1.0000000000000013,0.0
53517,44.59824330405507,1.0,560,681,1241,0.0,0.0008333472224535399,1.0000000000000013,0.0
53518,44.59907665127752,1.0,560,681,1241,0.0,0.0008333472224535399,1.0000000000000013,0.0
53519,44.599909998499975,1.0,560,681,1241,0.0,0.0008333472224535399,1.0000000000000013,0.0
53520,44.60074334572243,1.0,560,681,1241,0.0,0.0008333472224535399,1.0000000000000013,0.0
53521,44.60157669294488,1.0,560,681,1241,0.0,0.0008333472224535399,1.0000000000000013,0.0
53522,44.602410040167335,1.0,560,681,1241,0.0,0.0008333472224535399,1.0000000000000013,0.0
53523,44.60324338738979,1.0,560,681,1241,0.0,0.0008333472224535399,1.0000000000000013,0.0
53524,44.60407673461224,1.0,560,681,1241,0.0,0.0008333472224535399,1.0000000000000013,0.0
53525,44.604910081834696,1.0,560,681,1241,0.0,0.0008333472224535399,1.0000000000000013,0.0
53526,44.60574342905715,1.0,560,681,1241,0.0,0.0008333472224535399,1.0000000000000013,0.0
53527,44.60657677627961,1.0,560,681,1241,0.0,0.0008333472224606453,1.0000000000000013,0.0
53528,44.60741012350206,1.0,560,681,1241,0.0,0.0008333472224535399,1.0000000000000013,0.0
53529,44.60824347072452,1.0,560,681,1241,0.0,0.0008333472224535399,1.0000000000000013,0.0
53530,44.60907681794697,1.0,560,681,1241,0.0,0.0008333472224535399,1.0000000000000013,0.0
53531,44.609910165169424,1.0,560,681,1241,0.0,0.0008333472224535399,1.0000000000000013,0.0
53532,44.61074351239188,1.0,560,681,1241,0.0,0.0008333472224535399,1.0000000000000013,0.0
53533,44.61157685961433,1.0,560,681,1241,0.0,0.0008333472224535399,1.0000000000000013,0.0
53534,44.612410206836785,1.0,560,681,1241,0.0,0.0008333472224535399,1.0000000000000013,0.0
53535,44.61324355405924,1.0,560,681,1241,0.0,0.0008333472224535399,1.0000000000000013,0.0
53536,44.61407690128169,1.0,560,681,1241,0.0,0.0008333472224535399,1.0000000000000013,0.0
53537,44.614910248504145,1.0,560,681,1241,0.0,0.0008333472224535399,1.0000000000000013,0.0
53538,44.6157435957266,1.0,560,681,1241,0.0,0.0008333472224535399,1.0000000000000013,0.0
53539,44.61657694294905,0.9991941982272361,560,681,1241,-0.0008058017727639033,0.0008333472224535399,0.999919419822725,-8.058017727639034e-05
53540,44.617410290171506,1.0,560,681,1241,0.0008058017727639033,0.0008333472224535399,0.999919419822725,0.0
53541,44.61824363739396,1.0,560,681,1241,0.0,0.0008333472224535399,0.999919419822725,0.0
53542,44.61907698461641,1.0,560,681,1241,0.0,0.0008333472224535399,0.999919419822725,0.0
53543,44.61991033183887,1.0,560,681,1241,0.0,0.0008333472224535399,0.999919419822725,0.0
53544,44.62074367906132,0.9983883964544722,560,681,1241,-0.0016116035455278066,0.0008333472224535399,0.9997582594681724,-0.00016116035455278067
53545,44.621577026283774,0.9983883964544722,560,681,1241,0.0,0.0008333472224535399,0.9995970991136197,-0.00016116035455278067
53546,44.62241037350623,0.9983883964544722,560,681,1241,0.0,0.0008333472224535399,0.999435938759067,-0.00016116035455278067
53547,44.62324372072868,0.9991941982272361,560,681,1241,0.0008058017727639033,0.0008333472224535399,0.9993553585817907,-8.058017727639034e-05
53548,44.624077067951134,1.0,560,681,1241,0.0008058017727639033,0.0008333472224535399,0.9993553585817907,0.0
53549,44.62491041517359,1.0,560,681,1241,0.0,0.0008333472224535399,0.999435938759067,8.058017727639034e-05
53550,44.62574376239604,1.0,560,681,1241,0.0,0.0008333472224535399,0.999435938759067,0.0
53551,44.626577109618495,1.0,560,681,1241,0.0,0.0008333472224535399,0.999435938759067,0.0
53552,44.62741045684095,1.0,560,681,1241,0.0,0.0008333472224535399,0.999435938759067,0.0
53553,44.6282438040634,1.0,560,681,1241,0.0,0.0008333472224535399,0.999435938759067,0.0
53554,44.629077151285856,0.9991941982272361,560,681,1241,-0.0008058017727639033,0.0008333472224535399,0.9995165189363433,8.058017727639034e-05
53555,44.62991049850831,0.9991941982272361,560,681,1241,0.0,0.0008333472224535399,0.9995970991136197,8.058017727639034e-05
53556,44.63074384573076,1.0,560,681,1241,0.0008058017727639033,0.0008333472224535399,0.9997582594681724,0.00016116035455278067
53557,44.631577192953216,1.0,560,681,1241,0.0,0.0008333472224535399,0.9998388396454487,8.058017727639034e-05
53558,44.63241054017567,1.0,560,681,1241,0.0,0.0008333472224535399,0.9998388396454487,0.0
53559,44.63324388739812,1.0,560,681,1241,0.0,0.0008333472224535399,0.9998388396454487,0.0
53560,44.63407723462058,1.0,560,681,1241,0.0,0.0008333472224535399,0.9998388396454487,0.0
53561,44.63491058184303,1.0,560,681,1241,0.0,0.0008333472224535399,0.9998388396454487,0.0
53562,44.635743929065484,1.0,560,681,1241,0.0,0.0008333472224535399,0.9998388396454487,0.0
53563,44.63657727628794,1.0,560,681,1241,0.0,0.0008333472224535399,0.9998388396454487,0.0
53564,44.63741062351039,1.0,560,681,1241,0.0,0.0008333472224535399,0.999919419822725,8.058017727639034e-05
53565,44.638243970732844,1.0,560,681,1241,0.0,0.0008333472224535399,1.0000000000000013,8.058017727639034e-05
53566,44.6390773179553,1.0,560,681,1241,0.0,0.0008333472224535399,1.0000000000000013,0.0
53567,44.63991066517775,1.0,560,681,1241,0.0,0.0008333472224535399,1.0000000000000013,0.0
53568,44.640744012400205,1.0,560,681,1241,0.0,0.0008333472224535399,1.0000000000000013,0.0
53569,44.641577359622666,1.0,560,681,1241,0.0,0.0008333472224606453,1.0000000000000013,0.0
53570,44.64241070684512,1.0,560,681,1241,0.0,0.0008333472224535399,1.0000000000000013,0.0
53571,44.64324405406757,1.0,560,681,1241,0.0,0.0008333472224535399,1.0000000000000013,0.0
53572,44.644077401290026,1.0,560,681,1241,0.0,0.0008333472224535399,1.0000000000000013,0.0
53573,44.64491074851248,1.0,560,681,1241,0.0,0.0008333472224535399,1.0000000000000013,0.0
53574,44.64574409573493,1.0,560,681,1241,0.0,0.0008333472224535399,1.0000000000000013,0.0
53575,44.64657744295739,1.0,560,681,1241,0.0,0.0008333472224535399,1.0000000000000013,0.0
53576,44.64741079017984,1.0,560,681,1241,0.0,0.0008333472224535399,1.0000000000000013,0.0
53577,44.648244137402294,1.0,560,681,1241,0.0,0.0008333472224535399,1.0000000000000013,0.0
53578,44.64907748462475,1.0,560,681,1241,0.0,0.0008333472224535399,1.0000000000000013,0.0
53579,44.6499108318472,1.0,560,681,1241,0.0,0.0008333472224535399,1.0000000000000013,0.0
53580,44.650744179069655,1.0,560,681,1241,0.0,0.0008333472224535399,1.0000000000000013,0.0
53581,44.65157752629211,1.0,560,681,1241,0.0,0.0008333472224535399,1.0000000000000013,0.0
53582,44.65241087351456,1.0,560,681,1241,0.0,0.0008333472224535399,1.0000000000000013,0.0
53583,44.653244220737015,1.0,560,681,1241,0.0,0.0008333472224535399,1.0000000000000013,0.0
53584,44.65407756795947,1.0,560,681,1241,0.0,0.0008333472224535399,1.0000000000000013,0.0
53585,44.65491091518192,1.0,560,681,1241,0.0,0.0008333472224535399,1.0000000000000013,0.0
53586,44.655744262404376,1.0,560,681,1241,0.0,0.0008333472224535399,1.0000000000000013,0.0
53587,44.65657760962683,1.0,560,681,1241,0.0,0.0008333472224535399,1.0000000000000013,0.0
53588,44.65741095684928,1.0,560,681,1241,0.0,0.0008333472224535399,1.0000000000000013,0.0
53589,44.65824430407174,1.0,560,681,1241,0.0,0.0008333472224535399,1.0000000000000013,0.0
53590,44.65907765129419,1.0,560,681,1241,0.0,0.0008333472224535399,1.0000000000000013,0.0
53591,44.659910998516644,1.0,560,681,1241,0.0,0.0008333472224535399,1.0000000000000013,0.0
53592,44.6607443457391,1.0,560,681,1241,0.0,0.0008333472224535399,1.0000000000000013,0.0
53593,44.66157769296155,1.0,560,681,1241,0.0,0.0008333472224535399,1.0000000000000013,0.0
53594,44.662411040184004,1.0,560,681,1241,0.0,0.0008333472224535399,1.0000000000000013,0.0
53595,44.66324438740646,1.0,560,681,1241,0.0,0.0008333472224535399,1.0000000000000013,0.0
53596,44.66407773462891,1.0,560,681,1241,0.0,0.0008333472224535399,1.0000000000000013,0.0
53597,44.664911081851365,1.0,560,681,1241,0.0,0.0008333472224535399,1.0000000000000013,0.0
53598,44.66574442907382,1.0,560,681,1241,0.0,0.0008333472224535399,1.0000000000000013,0.0
53599,44.66657777629627,1.0,560,681,1241,0.0,0.0008333472224535399,1.0000000000000013,0.0
53600,44.667411123518725,1.0,560,681,1241,0.0,0.0008333472224535399,1.0000000000000013,0.0
53601,44.66824447074118,1.0,560,681,1241,0.0,0.0008333472224535399,1.0000000000000013,0.0
53602,44.66907781796363,1.0,560,681,1241,0.0,0.0008333472224535399,1.0000000000000013,0.0
53603,44.669911165186086,1.0,560,681,1241,0.0,0.0008333472224535399,1.0000000000000013,0.0
53604,44.67074451240854,1.0,560,681,1241,0.0,0.0008333472224535399,1.0000000000000013,0.0
53605,44.67157785963099,1.0,560,681,1241,0.0,0.0008333472224535399,1.0000000000000013,0.0
53606,44.67241120685345,1.0,560,681,1241,0.0,0.0008333472224535399,1.0000000000000013,0.0
53607,44.6732445540759,1.0,560,681,1241,0.0,0.0008333472224535399,1.0000000000000013,0.0
53608,44.674077901298354,1.0,560,681,1241,0.0,0.0008333472224535399,1.0000000000000013,0.0
53609,44.67491124852081,1.0,560,681,1241,0.0,0.0008333472224535399,1.0000000000000013,0.0
53610,44.67574459574326,1.0,560,681,1241,0.0,0.0008333472224535399,1.0000000000000013,0.0
53611,44.67657794296572,1.0,560,681,1241,0.0,0.0008333472224606453,1.0000000000000013,0.0
53612,44.677411290188175,0.9991941982272361,560,681,1241,-0.0008058017727639033,0.0008333472224535399,0.999919419822725,-8.058017727639034e-05
53613,44.67824463741063,0.9991941982272361,560,681,1241,0.0,0.0008333472224535399,0.9998388396454487,-8.058017727639034e-05
53614,44.67907798463308,1.0,560,681,1241,0.0008058017727639033,0.0008333472224535399,0.9998388396454487,0.0
53615,44.679911331855536,1.0,560,681,1241,0.0,0.0008333472224535399,0.9998388396454487,0.0
53616,44.68074467907799,1.0,560,681,1241,0.0,0.0008333472224535399,0.9998388396454487,0.0
53617,44.68157802630044,1.0,560,681,1241,0.0,0.0008333472224535399,0.9998388396454487,0.0
53618,44.682411373522896,1.0,560,681,1241,0.0,0.0008333472224535399,0.9998388396454487,0.0
53619,44.68324472074535,1.0,560,681,1241,0.0,0.0008333472224535399,0.9998388396454487,0.0
53620,44.6840780679678,1.0,560,681,1241,0.0,0.0008333472224535399,0.9998388396454487,0.0
53621,44.68491141519026,1.0,560,681,1241,0.0,0.0008333472224535399,0.9998388396454487,0.0
53622,44.68574476241271,1.0,560,681,1241,0.0,0.0008333472224535399,0.999919419822725,8.058017727639034e-05
53623,44.686578109635164,1.0,560,681,1241,0.0,0.0008333472224535399,1.0000000000000013,8.058017727639034e-05
53624,44.68741145685762,1.0,560,681,1241,0.0,0.0008333472224535399,1.0000000000000013,0.0
53625,44.68824480408007,1.0,560,681,1241,0.0,0.0008333472224535399,1.0000000000000013,0.0
53626,44.689078151302525,1.0,560,681,1241,0.0,0.0008333472224535399,1.0000000000000013,0.0
53627,44.68991149852498,1.0,560,681,1241,0.0,0.0008333472224535399,1.0000000000000013,0.0
53628,44.69074484574743,1.0,560,681,1241,0.0,0.0008333472224535399,1.0000000000000013,0.0
53629,44.691578192969885,1.0,560,681,1241,0.0,0.0008333472224535399,1.0000000000000013,0.0
53630,44.69241154019234,1.0,560,681,1241,0.0,0.0008333472224535399,1.0000000000000013,0.0
53631,44.69324488741479,1.0,560,681,1241,0.0,0.0008333472224535399,1.0000000000000013,0.0
53632,44.694078234637246,1.0,560,681,1241,0.0,0.0008333472224535399,1.0000000000000013,0.0
53633,44.6949115818597,1.0,560,681,1241,0.0,0.0008333472224535399,1.0000000000000013,0.0
53634,44.69574492908215,1.0,560,681,1241,0.0,0.0008333472224535399,1.0000000000000013,0.0
53635,44.69657827630461,0.9991941982272361,560,681,1241,-0.0008058017727639033,0.0008333472224535399,0.999919419822725,-8.058017727639034e-05
53636,44.69741162352706,0.9991941982272361,560,681,1241,0.0,0.0008333472224535399,0.9998388396454487,-8.058017727639034e-05
53637,44.69824497074951,0.9991941982272361,560,681,1241,0.0,0.0008333472224535399,0.9997582594681724,-8.058017727639034e-05
53638,44.69907831797197,0.9991941982272361,560,681,1241,0.0,0.0008333472224535399,0.999677679290896,-8.058017727639034e-05
53639,44.69991166519442,1.0,560,681,1241,0.0008058017727639033,0.0008333472224535399,0.999677679290896,0.0
53640,44.700745012416874,1.0,560,681,1241,0.0,0.0008333472224535399,0.999677679290896,0.0
53641,44.70157835963933,1.0,560,681,1241,0.0,0.0008333472224535399,0.999677679290896,0.0
53642,44.70241170686178,1.0,560,681,1241,0.0,0.0008333472224535399,0.999677679290896,0.0
53643,44.703245054084235,1.0,560,681,1241,0.0,0.0008333472224535399,0.999677679290896,0.0
53644,44.70407840130669,1.0,560,681,1241,0.0,0.0008333472224535399,0.999677679290896,0.0
53645,44.70491174852914,1.0,560,681,1241,0.0,0.0008333472224535399,0.9997582594681724,8.058017727639034e-05
53646,44.705745095751595,1.0,560,681,1241,0.0,0.0008333472224535399,0.9998388396454487,8.058017727639034e-05
53647,44.70657844297405,1.0,560,681,1241,0.0,0.0008333472224535399,0.999919419822725,8.058017727639034e-05
53648,44.7074117901965,1.0,560,681,1241,0.0,0.0008333472224535399,1.0000000000000013,8.058017727639034e-05
53649,44.708245137418956,1.0,560,681,1241,0.0,0.0008333472224535399,1.0000000000000013,0.0
53650,44.70907848464141,1.0,560,681,1241,0.0,0.0008333472224535399,1.0000000000000013,0.0
53651,44.70991183186386,1.0,560,681,1241,0.0,0.0008333472224535399,1.0000000000000013,0.0
53652,44.71074517908632,1.0,560,681,1241,0.0,0.0008333472224535399,1.0000000000000013,0.0
53653,44.71157852630877,1.0,560,681,1241,0.0,0.0008333472224535399,1.0000000000000013,0.0
53654,44.71241187353123,1.0,560,681,1241,0.0,0.0008333472224606453,1.0000000000000013,0.0
53655,44.713245220753684,1.0,560,681,1241,0.0,0.0008333472224535399,1.0000000000000013,0.0
53656,44.71407856797614,1.0,560,681,1241,0.0,0.0008333472224535399,1.0000000000000013,0.0
53657,44.71491191519859,1.0,560,681,1241,0.0,0.0008333472224535399,1.0000000000000013,0.0
53658,44.715745262421045,1.0,560,681,1241,0.0,0.0008333472224535399,1.0000000000000013,0.0
53659,44.7165786096435,1.0,560,681,1241,0.0,0.0008333472224535399,1.0000000000000013,0.0
53660,44.71741195686595,1.0,560,681,1241,0.0,0.0008333472224535399,1.0000000000000013,0.0
53661,44.718245304088406,1.0,560,681,1241,0.0,0.0008333472224535399,1.0000000000000013,0.0
53662,44.71907865131086,1.0,560,681,1241,0.0,0.0008333472224535399,1.0000000000000013,0.0
53663,44.71991199853331,1.0,560,681,1241,0.0,0.0008333472224535399,1.0000000000000013,0.0
53664,44.720745345755766,1.0,560,681,1241,0.0,0.0008333472224535399,1.0000000000000013,0.0
53665,44.72157869297822,1.0,560,681,1241,0.0,0.0008333472224535399,1.0000000000000013,0.0
53666,44.72241204020067,1.0,560,681,1241,0.0,0.0008333472224535399,1.0000000000000013,0.0
53667,44.72324538742313,1.0,560,681,1241,0.0,0.0008333472224535399,1.0000000000000013,0.0
53668,44.72407873464558,1.0,560,681,1241,0.0,0.0008333472224535399,1.0000000000000013,0.0
53669,44.724912081868034,1.0,560,681,1241,0.0,0.0008333472224535399,1.0000000000000013,0.0
53670,44.72574542909049,1.0,560,681,1241,0.0,0.0008333472224535399,1.0000000000000013,0.0
53671,44.72657877631294,1.0,560,681,1241,0.0,0.0008333472224535399,1.0000000000000013,0.0
53672,44.727412123535395,1.0,560,681,1241,0.0,0.0008333472224535399,1.0000000000000013,0.0
53673,44.72824547075785,1.0,560,681,1241,0.0,0.0008333472224535399,1.0000000000000013,0.0
53674,44.7290788179803,1.0,560,681,1241,0.0,0.0008333472224535399,1.0000000000000013,0.0
53675,44.729912165202755,1.0,560,681,1241,0.0,0.0008333472224535399,1.0000000000000013,0.0
53676,44.73074551242521,0.9991941982272361,560,681,1241,-0.0008058017727639033,0.0008333472224535399,0.999919419822725,-8.058017727639034e-05
53677,44.73157885964766,0.9991941982272361,560,681,1241,0.0,0.0008333472224535399,0.9998388396454487,-8.058017727639034e-05
53678,44.732412206870116,1.0,560,681,1241,0.0008058017727639033,0.0008333472224535399,0.9998388396454487,0.0
53679,44.73324555409257,1.0,560,681,1241,0.0,0.0008333472224535399,0.9998388396454487,0.0
53680,44.73407890131502,1.0,560,681,1241,0.0,0.0008333472224535399,0.9998388396454487,0.0
53681,44.734912248537476,1.0,560,681,1241,0.0,0.0008333472224535399,0.9998388396454487,0.0
53682,44.73574559575993,1.0,560,681,1241,0.0,0.0008333472224535399,0.9998388396454487,0.0
53683,44.73657894298238,1.0,560,681,1241,0.0,0.0008333472224535399,0.9998388396454487,0.0
53684,44.73741229020484,1.0,560,681,1241,0.0,0.0008333472224535399,0.9998388396454487,0.0
53685,44.73824563742729,1.0,560,681,1241,0.0,0.0008333472224535399,0.9998388396454487,0.0
53686,44.739078984649744,1.0,560,681,1241,0.0,0.0008333472224535399,0.999919419822725,8.058017727639034e-05
53687,44.7399123318722,1.0,560,681,1241,0.0,0.0008333472224535399,1.0000000000000013,8.058017727639034e-05
53688,44.74074567909465,1.0,560,681,1241,0.0,0.0008333472224535399,1.0000000000000013,0.0
53689,44.741579026317105,1.0,560,681,1241,0.0,0.0008333472224535399,1.0000000000000013,0.0
53690,44.74241237353956,1.0,560,681,1241,0.0,0.0008333472224535399,1.0000000000000013,0.0
53691,44.74324572076201,1.0,560,681,1241,0.0,0.0008333472224535399,1.0000000000000013,0.0
53692,44.744079067984465,1.0,560,681,1241,0.0,0.0008333472224535399,1.0000000000000013,0.0
53693,44.74491241520692,1.0,560,681,1241,0.0,0.0008333472224535399,1.0000000000000013,0.0
53694,44.74574576242937,1.0,560,681,1241,0.0,0.0008333472224535399,1.0000000000000013,0.0
53695,44.746579109651826,1.0,560,681,1241,0.0,0.0008333472224535399,1.0000000000000013,0.0
53696,44.74741245687429,1.0,560,681,1241,0.0,0.0008333472224606453,1.0000000000000013,0.0
53697,44.74824580409674,1.0,560,681,1241,0.0,0.0008333472224535399,1.0000000000000013,0.0
53698,44.749079151319194,1.0,560,681,1241,0.0,0.0008333472224535399,1.0000000000000013,0.0
53699,44.74991249854165,1.0,560,681,1241,0.0,0.0008333472224535399,1.0000000000000013,0.0
53700,44.7507458457641,1.0,560,681,1241,0.0,0.0008333472224535399,1.0000000000000013,0.0
53701,44.751579192986554,1.0,560,681,1241,0.0,0.0008333472224535399,1.0000000000000013,0.0
53702,44.75241254020901,1.0,560,681,1241,0.0,0.0008333472224535399,1.0000000000000013,0.0
53703,44.75324588743146,1.0,560,681,1241,0.0,0.0008333472224535399,1.0000000000000013,0.0
53704,44.754079234653915,1.0,560,681,1241,0.0,0.0008333472224535399,1.0000000000000013,0.0
53705,44.75491258187637,1.0,560,681,1241,0.0,0.0008333472224535399,1.0000000000000013,0.0
53706,44.75574592909882,1.0,560,681,1241,0.0,0.0008333472224535399,1.0000000000000013,0.0
53707,44.756579276321276,1.0,560,681,1241,0.0,0.0008333472224535399,1.0000000000000013,0.0
53708,44.75741262354373,1.0,560,681,1241,0.0,0.0008333472224535399,1.0000000000000013,0.0
53709,44.75824597076618,1.0,560,681,1241,0.0,0.0008333472224535399,1.0000000000000013,0.0
53710,44.759079317988636,1.0,560,681,1241,0.0,0.0008333472224535399,1.0000000000000013,0.0
53711,44.75991266521109,1.0,560,681,1241,0.0,0.0008333472224535399,1.0000000000000013,0.0
53712,44.76074601243354,1.0,560,681,1241,0.0,0.0008333472224535399,1.0000000000000013,0.0
53713,44.761579359656,1.0,560,681,1241,0.0,0.0008333472224535399,1.0000000000000013,0.0
53714,44.76241270687845,1.0,560,681,1241,0.0,0.0008333472224535399,1.0000000000000013,0.0
53715,44.763246054100904,1.0,560,681,1241,0.0,0.0008333472224535399,1.0000000000000013,0.0
53716,44.76407940132336,1.0,560,681,1241,0.0,0.0008333472224535399,1.0000000000000013,0.0
53717,44.76491274854581,1.0,560,681,1241,0.0,0.0008333472224535399,1.0000000000000013,0.0
53718,44.765746095768264,1.0,560,681,1241,0.0,0.0008333472224535399,1.0000000000000013,0.0
53719,44.76657944299072,1.0,560,681,1241,0.0,0.0008333472224535399,1.0000000000000013,0.0
53720,44.76741279021317,1.0,560,681,1241,0.0,0.0008333472224535399,1.0000000000000013,0.0
53721,44.768246137435625,1.0,560,681,1241,0.0,0.0008333472224535399,1.0000000000000013,0.0
53722,44.76907948465808,1.0,560,681,1241,0.0,0.0008333472224535399,1.0000000000000013,0.0
53723,44.76991283188053,1.0,560,681,1241,0.0,0.0008333472224535399,1.0000000000000013,0.0
53724,44.770746179102986,1.0,560,681,1241,0.0,0.0008333472224535399,1.0000000000000013,0.0
53725,44.77157952632544,1.0,560,681,1241,0.0,0.0008333472224535399,1.0000000000000013,0.0
53726,44.77241287354789,1.0,560,681,1241,0.0,0.0008333472224535399,1.0000000000000013,0.0
53727,44.773246220770346,1.0,560,681,1241,0.0,0.0008333472224535399,1.0000000000000013,0.0
53728,44.7740795679928,1.0,560,681,1241,0.0,0.0008333472224535399,1.0000000000000013,0.0
53729,44.77491291521525,1.0,560,681,1241,0.0,0.0008333472224535399,1.0000000000000013,0.0
53730,44.77574626243771,1.0,560,681,1241,0.0,0.0008333472224535399,1.0000000000000013,0.0
53731,44.77657960966016,1.0,560,681,1241,0.0,0.0008333472224535399,1.0000000000000013,0.0
53732,44.777412956882614,1.0,560,681,1241,0.0,0.0008333472224535399,1.0000000000000013,0.0
53733,44.77824630410507,1.0,560,681,1241,0.0,0.0008333472224535399,1.0000000000000013,0.0
53734,44.77907965132752,1.0,560,681,1241,0.0,0.0008333472224535399,1.0000000000000013,0.0
53735,44.779912998549975,1.0,560,681,1241,0.0,0.0008333472224535399,1.0000000000000013,0.0
53736,44.78074634577243,0.9991941982272361,560,681,1241,-0.0008058017727639033,0.0008333472224535399,0.999919419822725,-8.058017727639034e-05
53737,44.78157969299488,0.9991941982272361,560,681,1241,0.0,0.0008333472224535399,0.9998388396454487,-8.058017727639034e-05
53738,44.78241304021734,0.9991941982272361,560,681,1241,0.0,0.0008333472224606453,0.9997582594681724,-8.058017727639034e-05
53739,44.783246387439796,0.9991941982272361,560,681,1241,0.0,0.0008333472224535399,0.999677679290896,-8.058017727639034e-05
53740,44.78407973466225,0.9991941982272361,560,681,1241,0.0,0.0008333472224535399,0.9995970991136197,-8.058017727639034e-05
53741,44.7849130818847,0.9991941982272361,560,681,1241,0.0,0.0008333472224535399,0.9995165189363433,-8.058017727639034e-05
53742,44.78574642910716,0.9991941982272361,560,681,1241,0.0,0.0008333472224535399,0.999435938759067,-8.058017727639034e-05
53743,44.78657977632961,0.9991941982272361,560,681,1241,0.0,0.0008333472224535399,0.9993553585817907,-8.058017727639034e-05
53744,44.787413123552064,1.0,560,681,1241,0.0008058017727639033,0.0008333472224535399,0.9993553585817907,0.0
53745,44.78824647077452,1.0,560,681,1241,0.0,0.0008333472224535399,0.9993553585817907,0.0
53746,44.78907981799697,1.0,560,681,1241,0.0,0.0008333472224535399,0.999435938759067,8.058017727639034e-05
53747,44.789913165219424,1.0,560,681,1241,0.0,0.0008333472224535399,0.9995165189363433,8.058017727639034e-05
53748,44.79074651244188,1.0,560,681,1241,0.0,0.0008333472224535399,0.9995970991136197,8.058017727639034e-05
53749,44.79157985966433,1.0,560,681,1241,0.0,0.0008333472224535399,0.999677679290896,8.058017727639034e-05
53750,44.792413206886785,1.0,560,681,1241,0.0,0.0008333472224535399,0.9997582594681724,8.058017727639034e-05
53751,44.79324655410924,1.0,560,681,1241,0.0,0.0008333472224535399,0.9998388396454487,8.058017727639034e-05
53752,44.79407990133169,1.0,560,681,1241,0.0,0.0008333472224535399,0.999919419822725,8.058017727639034e-05
53753,44.794913248554145,1.0,560,681,1241,0.0,0.0008333472224535399,1.0000000000000013,8.058017727639034e-05
53754,44.7957465957766,1.0,560,681,1241,0.0,0.0008333472224535399,1.0000000000000013,0.0
53755,44.79657994299905,0.9991941982272361,560,681,1241,-0.0008058017727639033,0.0008333472224535399,0.999919419822725,-8.058017727639034e-05
53756,44.797413290221506,0.9991941982272361,560,681,1241,0.0,0.0008333472224535399,0.9998388396454487,-8.058017727639034e-05
53757,44.79824663744396,0.9983883964544722,560,681,1241,-0.0008058017727639033,0.0008333472224535399,0.999677679290896,-0.00016116035455278067
53758,44.79907998466641,0.9983883964544722,560,681,1241,0.0,0.0008333472224535399,0.9995165189363433,-0.00016116035455278067
53759,44.79991333188887,0.9983883964544722,560,681,1241,0.0,0.0008333472224535399,0.9993553585817907,-0.00016116035455278067
53760,44.80074667911132,0.9991941982272361,560,681,1241,0.0008058017727639033,0.0008333472224535399,0.9992747784045143,-8.058017727639034e-05
53761,44.801580026333774,1.0,560,681,1241,0.0008058017727639033,0.0008333472224535399,0.9992747784045143,0.0
53762,44.80241337355623,1.0,560,681,1241,0.0,0.0008333472224535399,0.9992747784045143,0.0
53763,44.80324672077868,1.0,560,681,1241,0.0,0.0008333472224535399,0.9992747784045143,0.0
53764,44.804080068001134,1.0,560,681,1241,0.0,0.0008333472224535399,0.9992747784045143,0.0
53765,44.80491341522359,1.0,560,681,1241,0.0,0.0008333472224535399,0.9993553585817907,8.058017727639034e-05
53766,44.80574676244604,1.0,560,681,1241,0.0,0.0008333472224535399,0.999435938759067,8.058017727639034e-05
53767,44.806580109668495,1.0,560,681,1241,0.0,0.0008333472224535399,0.9995970991136197,0.00016116035455278067
53768,44.80741345689095,1.0,560,681,1241,0.0,0.0008333472224535399,0.9997582594681724,0.00016116035455278067
53769,44.8082468041134,1.0,560,681,1241,0.0,0.0008333472224535399,0.999919419822725,0.00016116035455278067
53770,44.809080151335856,1.0,560,681,1241,0.0,0.0008333472224535399,1.0000000000000013,8.058017727639034e-05
53771,44.80991349855831,1.0,560,681,1241,0.0,0.0008333472224535399,1.0000000000000013,0.0
53772,44.81074684578076,1.0,560,681,1241,0.0,0.0008333472224535399,1.0000000000000013,0.0
53773,44.811580193003216,1.0,560,681,1241,0.0,0.0008333472224535399,1.0000000000000013,0.0
53774,44.81241354022567,1.0,560,681,1241,0.0,0.0008333472224535399,1.0000000000000013,0.0
53775,44.81324688744812,1.0,560,681,1241,0.0,0.0008333472224535399,1.0000000000000013,0.0
53776,44.81408023467058,1.0,560,681,1241,0.0,0.0008333472224535399,1.0000000000000013,0.0
53777,44.81491358189303,1.0,560,681,1241,0.0,0.0008333472224535399,1.0000000000000013,0.0
53778,44.815746929115484,1.0,560,681,1241,0.0,0.0008333472224535399,1.0000000000000013,0.0
53779,44.81658027633794,1.0,560,681,1241,0.0,0.0008333472224535399,1.0000000000000013,0.0
53780,44.81741362356039,1.0,560,681,1241,0.0,0.0008333472224535399,1.0000000000000013,0.0
53781,44.81824697078285,1.0,560,681,1241,0.0,0.0008333472224606453,1.0000000000000013,0.0
53782,44.819080318005305,1.0,560,681,1241,0.0,0.0008333472224535399,1.0000000000000013,0.0
53783,44.81991366522776,1.0,560,681,1241,0.0,0.0008333472224535399,1.0000000000000013,0.0
53784,44.82074701245021,1.0,560,681,1241,0.0,0.0008333472224535399,1.0000000000000013,0.0
53785,44.821580359672666,1.0,560,681,1241,0.0,0.0008333472224535399,1.0000000000000013,0.0
53786,44.82241370689512,1.0,560,681,1241,0.0,0.0008333472224535399,1.0000000000000013,0.0
53787,44.82324705411757,1.0,560,681,1241,0.0,0.0008333472224535399,1.0000000000000013,0.0
53788,44.82408040134003,1.0,560,681,1241,0.0,0.0008333472224535399,1.0000000000000013,0.0
53789,44.82491374856248,1.0,560,681,1241,0.0,0.0008333472224535399,1.0000000000000013,0.0
53790,44.82574709578493,1.0,560,681,1241,0.0,0.0008333472224535399,1.0000000000000013,0.0
53791,44.82658044300739,1.0,560,681,1241,0.0,0.0008333472224535399,1.0000000000000013,0.0
53792,44.82741379022984,1.0,560,681,1241,0.0,0.0008333472224535399,1.0000000000000013,0.0
53793,44.828247137452294,1.0,560,681,1241,0.0,0.0008333472224535399,1.0000000000000013,0.0
53794,44.82908048467475,1.0,560,681,1241,0.0,0.0008333472224535399,1.0000000000000013,0.0
53795,44.8299138318972,1.0,560,681,1241,0.0,0.0008333472224535399,1.0000000000000013,0.0
53796,44.830747179119655,1.0,560,681,1241,0.0,0.0008333472224535399,1.0000000000000013,0.0
53797,44.83158052634211,1.0,560,681,1241,0.0,0.0008333472224535399,1.0000000000000013,0.0
53798,44.83241387356456,1.0,560,681,1241,0.0,0.0008333472224535399,1.0000000000000013,0.0
53799,44.833247220787015,1.0,560,681,1241,0.0,0.0008333472224535399,1.0000000000000013,0.0
53800,44.83408056800947,1.0,560,681,1241,0.0,0.0008333472224535399,1.0000000000000013,0.0
53801,44.83491391523192,1.0,560,681,1241,0.0,0.0008333472224535399,1.0000000000000013,0.0
53802,44.835747262454376,1.0,560,681,1241,0.0,0.0008333472224535399,1.0000000000000013,0.0
53803,44.83658060967683,1.0,560,681,1241,0.0,0.0008333472224535399,1.0000000000000013,0.0
53804,44.83741395689928,1.0,560,681,1241,0.0,0.0008333472224535399,1.0000000000000013,0.0
53805,44.83824730412174,1.0,560,681,1241,0.0,0.0008333472224535399,1.0000000000000013,0.0
53806,44.83908065134419,1.0,560,681,1241,0.0,0.0008333472224535399,1.0000000000000013,0.0
53807,44.839913998566644,1.0,560,681,1241,0.0,0.0008333472224535399,1.0000000000000013,0.0
53808,44.8407473457891,1.0,560,681,1241,0.0,0.0008333472224535399,1.0000000000000013,0.0
53809,44.84158069301155,0.9991941982272361,560,681,1241,-0.0008058017727639033,0.0008333472224535399,0.999919419822725,-8.058017727639034e-05
53810,44.842414040234004,0.9991941982272361,560,681,1241,0.0,0.0008333472224535399,0.9998388396454487,-8.058017727639034e-05
53811,44.84324738745646,1.0,560,681,1241,0.0008058017727639033,0.0008333472224535399,0.9998388396454487,0.0
53812,44.84408073467891,1.0,560,681,1241,0.0,0.0008333472224535399,0.9998388396454487,0.0
53813,44.844914081901365,1.0,560,681,1241,0.0,0.0008333472224535399,0.9998388396454487,0.0
53814,44.84574742912382,1.0,560,681,1241,0.0,0.0008333472224535399,0.9998388396454487,0.0
53815,44.84658077634627,1.0,560,681,1241,0.0,0.0008333472224535399,0.9998388396454487,0.0
53816,44.847414123568726,0.9991941982272361,560,681,1241,-0.0008058017727639033,0.0008333472224535399,0.9997582594681724,-8.058017727639034e-05
53817,44.84824747079118,0.9991941982272361,560,681,1241,0.0,0.0008333472224535399,0.999677679290896,-8.058017727639034e-05
53818,44.84908081801363,1.0,560,681,1241,0.0008058017727639033,0.0008333472224535399,0.999677679290896,0.0
53819,44.849914165236086,1.0,560,681,1241,0.0,0.0008333472224535399,0.9997582594681724,8.058017727639034e-05
53820,44.85074751245854,1.0,560,681,1241,0.0,0.0008333472224535399,0.9998388396454487,8.058017727639034e-05
53821,44.85158085968099,1.0,560,681,1241,0.0,0.0008333472224535399,0.9998388396454487,0.0
53822,44.85241420690345,0.9991941982272361,560,681,1241,-0.0008058017727639033,0.0008333472224535399,0.9997582594681724,-8.058017727639034e-05
53823,44.85324755412591,0.9991941982272361,560,681,1241,0.0,0.0008333472224606453,0.999677679290896,-8.058017727639034e-05
53824,44.85408090134836,0.9991941982272361,560,681,1241,0.0,0.0008333472224535399,0.9995970991136197,-8.058017727639034e-05
53825,44.854914248570815,0.9991941982272361,560,681,1241,0.0,0.0008333472224535399,0.9995165189363433,-8.058017727639034e-05
53826,44.85574759579327,0.9991941982272361,560,681,1241,0.0,0.0008333472224535399,0.9995165189363433,0.0
53827,44.85658094301572,0.9991941982272361,560,681,1241,0.0,0.0008333472224535399,0.9995165189363433,0.0
53828,44.857414290238175,0.9991941982272361,560,681,1241,0.0,0.0008333472224535399,0.999435938759067,-8.058017727639034e-05
53829,44.85824763746063,0.9991941982272361,560,681,1241,0.0,0.0008333472224535399,0.9993553585817907,-8.058017727639034e-05
53830,44.85908098468308,1.0,560,681,1241,0.0008058017727639033,0.0008333472224535399,0.9993553585817907,0.0
53831,44.859914331905536,1.0,560,681,1241,0.0,0.0008333472224535399,0.9993553585817907,0.0
53832,44.86074767912799,1.0,560,681,1241,0.0,0.0008333472224535399,0.999435938759067,8.058017727639034e-05
53833,44.86158102635044,1.0,560,681,1241,0.0,0.0008333472224535399,0.9995165189363433,8.058017727639034e-05
53834,44.862414373572896,1.0,560,681,1241,0.0,0.0008333472224535399,0.9995970991136197,8.058017727639034e-05
53835,44.86324772079535,1.0,560,681,1241,0.0,0.0008333472224535399,0.999677679290896,8.058017727639034e-05
53836,44.8640810680178,1.0,560,681,1241,0.0,0.0008333472224535399,0.9997582594681724,8.058017727639034e-05
53837,44.86491441524026,1.0,560,681,1241,0.0,0.0008333472224535399,0.9998388396454487,8.058017727639034e-05
53838,44.86574776246271,1.0,560,681,1241,0.0,0.0008333472224535399,0.999919419822725,8.058017727639034e-05
53839,44.866581109685164,1.0,560,681,1241,0.0,0.0008333472224535399,1.0000000000000013,8.058017727639034e-05
53840,44.86741445690762,1.0,560,681,1241,0.0,0.0008333472224535399,1.0000000000000013,0.0
53841,44.86824780413007,1.0,560,681,1241,0.0,0.0008333472224535399,1.0000000000000013,0.0
53842,44.869081151352525,1.0,560,681,1241,0.0,0.0008333472224535399,1.0000000000000013,0.0
53843,44.86991449857498,1.0,560,681,1241,0.0,0.0008333472224535399,1.0000000000000013,0.0
53844,44.87074784579743,1.0,560,681,1241,0.0,0.0008333472224535399,1.0000000000000013,0.0
53845,44.871581193019885,0.9991941982272361,560,681,1241,-0.0008058017727639033,0.0008333472224535399,0.999919419822725,-8.058017727639034e-05
53846,44.87241454024234,0.9991941982272361,560,681,1241,0.0,0.0008333472224535399,0.9998388396454487,-8.058017727639034e-05
53847,44.87324788746479,0.9991941982272361,560,681,1241,0.0,0.0008333472224535399,0.9997582594681724,-8.058017727639034e-05
53848,44.874081234687246,1.0,560,681,1241,0.0008058017727639033,0.0008333472224535399,0.9997582594681724,0.0
53849,44.8749145819097,1.0,560,681,1241,0.0,0.0008333472224535399,0.9997582594681724,0.0
53850,44.87574792913215,1.0,560,681,1241,0.0,0.0008333472224535399,0.9997582594681724,0.0
53851,44.87658127635461,1.0,560,681,1241,0.0,0.0008333472224535399,0.9997582594681724,0.0
53852,44.87741462357706,1.0,560,681,1241,0.0,0.0008333472224535399,0.9997582594681724,0.0
53853,44.878247970799514,1.0,560,681,1241,0.0,0.0008333472224535399,0.9997582594681724,0.0
53854,44.87908131802197,1.0,560,681,1241,0.0,0.0008333472224535399,0.9997582594681724,0.0
53855,44.87991466524442,1.0,560,681,1241,0.0,0.0008333472224535399,0.9998388396454487,8.058017727639034e-05
53856,44.880748012466874,1.0,560,681,1241,0.0,0.0008333472224535399,0.999919419822725,8.058017727639034e-05
53857,44.88158135968933,1.0,560,681,1241,0.0,0.0008333472224535399,1.0000000000000013,8.058017727639034e-05
53858,44.88241470691178,1.0,560,681,1241,0.0,0.0008333472224535399,1.0000000000000013,0.0
53859,44.883248054134235,1.0,560,681,1241,0.0,0.0008333472224535399,1.0000000000000013,0.0
53860,44.88408140135669,1.0,560,681,1241,0.0,0.0008333472224535399,1.0000000000000013,0.0
53861,44.88491474857914,1.0,560,681,1241,0.0,0.0008333472224535399,1.0000000000000013,0.0
53862,44.885748095801596,1.0,560,681,1241,0.0,0.0008333472224535399,1.0000000000000013,0.0
53863,44.88658144302405,0.9991941982272361,560,681,1241,-0.0008058017727639033,0.0008333472224535399,0.999919419822725,-8.058017727639034e-05
53864,44.8874147902465,1.0,560,681,1241,0.0008058017727639033,0.0008333472224535399,0.999919419822725,0.0
53865,44.88824813746896,1.0,560,681,1241,0.0,0.0008333472224606453,0.999919419822725,0.0
53866,44.88908148469142,1.0,560,681,1241,0.0,0.0008333472224535399,0.999919419822725,0.0
53867,44.88991483191387,1.0,560,681,1241,0.0,0.0008333472224535399,0.999919419822725,0.0
53868,44.890748179136324,1.0,560,681,1241,0.0,0.0008333472224535399,0.999919419822725,0.0
53869,44.89158152635878,1.0,560,681,1241,0.0,0.0008333472224535399,0.999919419822725,0.0
53870,44.89241487358123,1.0,560,681,1241,0.0,0.0008333472224535399,0.999919419822725,0.0
53871,44.893248220803684,1.0,560,681,1241,0.0,0.0008333472224535399,0.999919419822725,0.0
53872,44.89408156802614,1.0,560,681,1241,0.0,0.0008333472224535399,0.999919419822725,0.0
53873,44.89491491524859,1.0,560,681,1241,0.0,0.0008333472224535399,1.0000000000000013,8.058017727639034e-05
53874,44.895748262471045,1.0,560,681,1241,0.0,0.0008333472224535399,1.0000000000000013,0.0
53875,44.8965816096935,1.0,560,681,1241,0.0,0.0008333472224535399,1.0000000000000013,0.0
53876,44.89741495691595,0.9991941982272361,560,681,1241,-0.0008058017727639033,0.0008333472224535399,0.999919419822725,-8.058017727639034e-05
53877,44.898248304138406,1.0,560,681,1241,0.0008058017727639033,0.0008333472224535399,0.999919419822725,0.0
53878,44.89908165136086,1.0,560,681,1241,0.0,0.0008333472224535399,0.999919419822725,0.0
53879,44.89991499858331,1.0,560,681,1241,0.0,0.0008333472224535399,0.999919419822725,0.0
53880,44.900748345805766,1.0,560,681,1241,0.0,0.0008333472224535399,0.999919419822725,0.0
53881,44.90158169302822,1.0,560,681,1241,0.0,0.0008333472224535399,0.999919419822725,0.0
53882,44.90241504025067,1.0,560,681,1241,0.0,0.0008333472224535399,0.999919419822725,0.0
53883,44.90324838747313,1.0,560,681,1241,0.0,0.0008333472224535399,0.999919419822725,0.0
53884,44.90408173469558,1.0,560,681,1241,0.0,0.0008333472224535399,0.999919419822725,0.0
53885,44.904915081918034,1.0,560,681,1241,0.0,0.0008333472224535399,0.999919419822725,0.0
53886,44.90574842914049,1.0,560,681,1241,0.0,0.0008333472224535399,1.0000000000000013,8.058017727639034e-05
53887,44.90658177636294,1.0,560,681,1241,0.0,0.0008333472224535399,1.0000000000000013,0.0
53888,44.907415123585395,1.0,560,681,1241,0.0,0.0008333472224535399,1.0000000000000013,0.0
53889,44.90824847080785,1.0,560,681,1241,0.0,0.0008333472224535399,1.0000000000000013,0.0
53890,44.9090818180303,1.0,560,681,1241,0.0,0.0008333472224535399,1.0000000000000013,0.0
53891,44.909915165252755,1.0,560,681,1241,0.0,0.0008333472224535399,1.0000000000000013,0.0
53892,44.91074851247521,1.0,560,681,1241,0.0,0.0008333472224535399,1.0000000000000013,0.0
53893,44.91158185969766,1.0,560,681,1241,0.0,0.0008333472224535399,1.0000000000000013,0.0
53894,44.912415206920116,1.0,560,681,1241,0.0,0.0008333472224535399,1.0000000000000013,0.0
53895,44.91324855414257,0.9991941982272361,560,681,1241,-0.0008058017727639033,0.0008333472224535399,0.999919419822725,-8.058017727639034e-05
53896,44.91408190136502,0.9991941982272361,560,681,1241,0.0,0.0008333472224535399,0.9998388396454487,-8.058017727639034e-05
53897,44.91491524858748,0.9991941982272361,560,681,1241,0.0,0.0008333472224535399,0.9997582594681724,-8.058017727639034e-05
53898,44.91574859580993,0.9991941982272361,560,681,1241,0.0,0.0008333472224535399,0.999677679290896,-8.058017727639034e-05
53899,44.916581943032384,1.0,560,681,1241,0.0008058017727639033,0.0008333472224535399,0.999677679290896,0.0
53900,44.91741529025484,1.0,560,681,1241,0.0,0.0008333472224535399,0.999677679290896,0.0
53901,44.91824863747729,1.0,560,681,1241,0.0,0.0008333472224535399,0.999677679290896,0.0
53902,44.919081984699744,1.0,560,681,1241,0.0,0.0008333472224535399,0.999677679290896,0.0
53903,44.9199153319222,1.0,560,681,1241,0.0,0.0008333472224535399,0.999677679290896,0.0
53904,44.92074867914465,1.0,560,681,1241,0.0,0.0008333472224535399,0.999677679290896,0.0
53905,44.921582026367105,1.0,560,681,1241,0.0,0.0008333472224535399,0.9997582594681724,8.058017727639034e-05
53906,44.92241537358956,0.9991941982272361,560,681,1241,-0.0008058017727639033,0.0008333472224535399,0.9997582594681724,0.0
53907,44.92324872081201,0.9991941982272361,560,681,1241,0.0,0.0008333472224535399,0.9997582594681724,0.0
53908,44.92408206803447,1.0,560,681,1241,0.0008058017727639033,0.0008333472224606453,0.9998388396454487,8.058017727639034e-05
53909,44.924915415256926,1.0,560,681,1241,0.0,0.0008333472224535399,0.9998388396454487,0.0
53910,44.92574876247938,0.9991941982272361,560,681,1241,-0.0008058017727639033,0.0008333472224535399,0.9997582594681724,-8.058017727639034e-05
53911,44.92658210970183,1.0,560,681,1241,0.0008058017727639033,0.0008333472224535399,0.9997582594681724,0.0
53912,44.92741545692429,1.0,560,681,1241,0.0,0.0008333472224535399,0.9997582594681724,0.0
53913,44.92824880414674,1.0,560,681,1241,0.0,0.0008333472224535399,0.9997582594681724,0.0
53914,44.929082151369194,1.0,560,681,1241,0.0,0.0008333472224535399,0.9997582594681724,0.0
53915,44.92991549859165,1.0,560,681,1241,0.0,0.0008333472224535399,0.9997582594681724,0.0
53916,44.9307488458141,1.0,560,681,1241,0.0,0.0008333472224535399,0.9998388396454487,8.058017727639034e-05
53917,44.931582193036554,1.0,560,681,1241,0.0,0.0008333472224535399,0.999919419822725,8.058017727639034e-05
53918,44.93241554025901,1.0,560,681,1241,0.0,0.0008333472224535399,0.999919419822725,0.0
53919,44.93324888748146,1.0,560,681,1241,0.0,0.0008333472224535399,0.999919419822725,0.0
53920,44.934082234703915,1.0,560,681,1241,0.0,0.0008333472224535399,1.0000000000000013,8.058017727639034e-05
53921,44.93491558192637,1.0,560,681,1241,0.0,0.0008333472224535399,1.0000000000000013,0.0
53922,44.93574892914882,1.0,560,681,1241,0.0,0.0008333472224535399,1.0000000000000013,0.0
53923,44.936582276371276,1.0,560,681,1241,0.0,0.0008333472224535399,1.0000000000000013,0.0
53924,44.93741562359373,1.0,560,681,1241,0.0,0.0008333472224535399,1.0000000000000013,0.0
53925,44.93824897081618,1.0,560,681,1241,0.0,0.0008333472224535399,1.0000000000000013,0.0
53926,44.939082318038636,1.0,560,681,1241,0.0,0.0008333472224535399,1.0000000000000013,0.0
53927,44.93991566526109,1.0,560,681,1241,0.0,0.0008333472224535399,1.0000000000000013,0.0
53928,44.94074901248354,1.0,560,681,1241,0.0,0.0008333472224535399,1.0000000000000013,0.0
53929,44.941582359706,1.0,560,681,1241,0.0,0.0008333472224535399,1.0000000000000013,0.0
53930,44.94241570692845,1.0,560,681,1241,0.0,0.0008333472224535399,1.0000000000000013,0.0
53931,44.943249054150904,1.0,560,681,1241,0.0,0.0008333472224535399,1.0000000000000013,0.0
53932,44.94408240137336,1.0,560,681,1241,0.0,0.0008333472224535399,1.0000000000000013,0.0
53933,44.94491574859581,1.0,560,681,1241,0.0,0.0008333472224535399,1.0000000000000013,0.0
53934,44.945749095818265,1.0,560,681,1241,0.0,0.0008333472224535399,1.0000000000000013,0.0
53935,44.94658244304072,0.9991941982272361,560,681,1241,-0.0008058017727639033,0.0008333472224535399,0.999919419822725,-8.058017727639034e-05
53936,44.94741579026317,0.9991941982272361,560,681,1241,0.0,0.0008333472224535399,0.9998388396454487,-8.058017727639034e-05
53937,44.948249137485625,0.9991941982272361,560,681,1241,0.0,0.0008333472224535399,0.9997582594681724,-8.058017727639034e-05
53938,44.94908248470808,0.9991941982272361,560,681,1241,0.0,0.0008333472224535399,0.999677679290896,-8.058017727639034e-05
53939,44.94991583193053,1.0,560,681,1241,0.0008058017727639033,0.0008333472224535399,0.999677679290896,0.0
53940,44.950749179152986,1.0,560,681,1241,0.0,0.0008333472224535399,0.999677679290896,0.0
53941,44.95158252637544,1.0,560,681,1241,0.0,0.0008333472224535399,0.999677679290896,0.0
53942,44.95241587359789,1.0,560,681,1241,0.0,0.0008333472224535399,0.999677679290896,0.0
53943,44.95324922082035,1.0,560,681,1241,0.0,0.0008333472224535399,0.999677679290896,0.0
53944,44.9540825680428,1.0,560,681,1241,0.0,0.0008333472224535399,0.999677679290896,0.0
53945,44.95491591526525,0.9991941982272361,560,681,1241,-0.0008058017727639033,0.0008333472224535399,0.999677679290896,0.0
53946,44.95574926248771,1.0,560,681,1241,0.0008058017727639033,0.0008333472224535399,0.9997582594681724,8.058017727639034e-05
53947,44.95658260971016,1.0,560,681,1241,0.0,0.0008333472224535399,0.9998388396454487,8.058017727639034e-05
53948,44.957415956932614,1.0,560,681,1241,0.0,0.0008333472224535399,0.999919419822725,8.058017727639034e-05
53949,44.95824930415507,1.0,560,681,1241,0.0,0.0008333472224535399,0.999919419822725,0.0
53950,44.95908265137753,1.0,560,681,1241,0.0,0.0008333472224606453,0.999919419822725,0.0
53951,44.95991599859998,1.0,560,681,1241,0.0,0.0008333472224535399,0.999919419822725,0.0
53952,44.960749345822435,1.0,560,681,1241,0.0,0.0008333472224535399,0.999919419822725,0.0
53953,44.96158269304489,1.0,560,681,1241,0.0,0.0008333472224535399,0.999919419822725,0.0
53954,44.96241604026734,1.0,560,681,1241,0.0,0.0008333472224535399,0.999919419822725,0.0
53955,44.963249387489796,1.0,560,681,1241,0.0,0.0008333472224535399,1.0000000000000013,8.058017727639034e-05
53956,44.96408273471225,1.0,560,681,1241,0.0,0.0008333472224535399,1.0000000000000013,0.0
53957,44.9649160819347,0.9991941982272361,560,681,1241,-0.0008058017727639033,0.0008333472224535399,0.999919419822725,-8.058017727639034e-05
53958,44.96574942915716,0.9991941982272361,560,681,1241,0.0,0.0008333472224535399,0.9998388396454487,-8.058017727639034e-05
53959,44.96658277637961,0.9991941982272361,560,681,1241,0.0,0.0008333472224535399,0.9997582594681724,-8.058017727639034e-05
53960,44.967416123602064,0.9991941982272361,560,681,1241,0.0,0.0008333472224535399,0.999677679290896,-8.058017727639034e-05
53961,44.96824947082452,0.9983883964544722,560,681,1241,-0.0008058017727639033,0.0008333472224535399,0.9995165189363433,-0.00016116035455278067
53962,44.96908281804697,1.0,560,681,1241,0.0016116035455278066,0.0008333472224535399,0.9995165189363433,0.0
53963,44.969916165269424,1.0,560,681,1241,0.0,0.0008333472224535399,0.9995165189363433,0.0
53964,44.97074951249188,1.0,560,681,1241,0.0,0.0008333472224535399,0.9995165189363433,0.0
53965,44.97158285971433,1.0,560,681,1241,0.0,0.0008333472224535399,0.9995165189363433,0.0
53966,44.972416206936785,1.0,560,681,1241,0.0,0.0008333472224535399,0.9995165189363433,0.0
53967,44.97324955415924,1.0,560,681,1241,0.0,0.0008333472224535399,0.9995970991136197,8.058017727639034e-05
53968,44.97408290138169,1.0,560,681,1241,0.0,0.0008333472224535399,0.999677679290896,8.058017727639034e-05
53969,44.974916248604146,1.0,560,681,1241,0.0,0.0008333472224535399,0.9997582594681724,8.058017727639034e-05
53970,44.9757495958266,1.0,560,681,1241,0.0,0.0008333472224535399,0.9998388396454487,8.058017727639034e-05
53971,44.97658294304905,1.0,560,681,1241,0.0,0.0008333472224535399,1.0000000000000013,0.00016116035455278067
53972,44.977416290271506,1.0,560,681,1241,0.0,0.0008333472224535399,1.0000000000000013,0.0
53973,44.97824963749396,1.0,560,681,1241,0.0,0.0008333472224535399,1.0000000000000013,0.0
53974,44.97908298471641,1.0,560,681,1241,0.0,0.0008333472224535399,1.0000000000000013,0.0
53975,44.97991633193887,1.0,560,681,1241,0.0,0.0008333472224535399,1.0000000000000013,0.0
53976,44.98074967916132,1.0,560,681,1241,0.0,0.0008333472224535399,1.0000000000000013,0.0
53977,44.981583026383774,1.0,560,681,1241,0.0,0.0008333472224535399,1.0000000000000013,0.0
53978,44.98241637360623,1.0,560,681,1241,0.0,0.0008333472224535399,1.0000000000000013,0.0
53979,44.98324972082868,1.0,560,681,1241,0.0,0.0008333472224535399,1.0000000000000013,0.0
53980,44.984083068051135,1.0,560,681,1241,0.0,0.0008333472224535399,1.0000000000000013,0.0
53981,44.98491641527359,1.0,560,681,1241,0.0,0.0008333472224535399,1.0000000000000013,0.0
53982,44.98574976249604,1.0,560,681,1241,0.0,0.0008333472224535399,1.0000000000000013,0.0
53983,44.986583109718495,1.0,560,681,1241,0.0,0.0008333472224535399,1.0000000000000013,0.0
53984,44.98741645694095,1.0,560,681,1241,0.0,0.0008333472224535399,1.0000000000000013,0.0
53985,44.9882498041634,1.0,560,681,1241,0.0,0.0008333472224535399,1.0000000000000013,0.0
53986,44.989083151385856,1.0,560,681,1241,0.0,0.0008333472224535399,1.0000000000000013,0.0
53987,44.98991649860831,1.0,560,681,1241,0.0,0.0008333472224535399,1.0000000000000013,0.0
53988,44.99074984583076,1.0,560,681,1241,0.0,0.0008333472224535399,1.0000000000000013,0.0
53989,44.991583193053216,1.0,560,681,1241,0.0,0.0008333472224535399,1.0000000000000013,0.0
53990,44.99241654027567,1.0,560,681,1241,0.0,0.0008333472224535399,1.0000000000000013,0.0
53991,44.99324988749812,1.0,560,681,1241,0.0,0.0008333472224535399,1.0000000000000013,0.0
53992,44.99408323472058,1.0,560,681,1241,0.0,0.0008333472224535399,1.0000000000000013,0.0
53993,44.99491658194304,1.0,560,681,1241,0.0,0.0008333472224606453,1.0000000000000013,0.0
53994,44.99574992916549,1.0,560,681,1241,0.0,0.0008333472224535399,1.0000000000000013,0.0
53995,44.996583276387945,1.0,560,681,1241,0.0,0.0008333472224535399,1.0000000000000013,0.0
53996,44.9974166236104,1.0,560,681,1241,0.0,0.0008333472224535399,1.0000000000000013,0.0
53997,44.99824997083285,1.0,560,681,1241,0.0,0.0008333472224535399,1.0000000000000013,0.0
53998,44.999083318055305,1.0,560,681,1241,0.0,0.0008333472224535399,1.0000000000000013,0.0
53999,44.99991666527776,1.0,560,681,1241,0.0,0.0008333472224535399,1.0000000000000013,0.0
54000,45.00075001250021,1.0,560,681,1241,0.0,0.0008333472224535399,1.0000000000000013,0.0
54001,45.001583359722666,1.0,560,681,1241,0.0,0.0008333472224535399,1.0000000000000013,0.0
54002,45.00241670694512,0.9991941982272361,560,681,1241,-0.0008058017727639033,0.0008333472224535399,0.999919419822725,-8.058017727639034e-05
54003,45.00325005416757,1.0,560,681,1241,0.0008058017727639033,0.0008333472224535399,0.999919419822725,0.0
54004,45.00408340139003,1.0,560,681,1241,0.0,0.0008333472224535399,0.999919419822725,0.0
54005,45.00491674861248,1.0,560,681,1241,0.0,0.0008333472224535399,0.999919419822725,0.0
54006,45.005750095834934,1.0,560,681,1241,0.0,0.0008333472224535399,0.999919419822725,0.0
54007,45.00658344305739,1.0,560,681,1241,0.0,0.0008333472224535399,0.999919419822725,0.0
54008,45.00741679027984,1.0,560,681,1241,0.0,0.0008333472224535399,0.999919419822725,0.0
54009,45.008250137502294,0.9991941982272361,560,681,1241,-0.0008058017727639033,0.0008333472224535399,0.9998388396454487,-8.058017727639034e-05
54010,45.00908348472475,1.0,560,681,1241,0.0008058017727639033,0.0008333472224535399,0.9998388396454487,0.0
54011,45.0099168319472,1.0,560,681,1241,0.0,0.0008333472224535399,0.9998388396454487,0.0
54012,45.010750179169655,1.0,560,681,1241,0.0,0.0008333472224535399,0.999919419822725,8.058017727639034e-05
54013,45.01158352639211,1.0,560,681,1241,0.0,0.0008333472224535399,0.999919419822725,0.0
54014,45.01241687361456,1.0,560,681,1241,0.0,0.0008333472224535399,0.999919419822725,0.0
54015,45.013250220837016,1.0,560,681,1241,0.0,0.0008333472224535399,0.999919419822725,0.0
54016,45.01408356805947,0.9991941982272361,560,681,1241,-0.0008058017727639033,0.0008333472224535399,0.9998388396454487,-8.058017727639034e-05
54017,45.01491691528192,0.9991941982272361,560,681,1241,0.0,0.0008333472224535399,0.9997582594681724,-8.058017727639034e-05
54018,45.015750262504376,0.9991941982272361,560,681,1241,0.0,0.0008333472224535399,0.999677679290896,-8.058017727639034e-05
54019,45.01658360972683,0.9991941982272361,560,681,1241,0.0,0.0008333472224535399,0.999677679290896,0.0
54020,45.01741695694928,0.9991941982272361,560,681,1241,0.0,0.0008333472224535399,0.9995970991136197,-8.058017727639034e-05
54021,45.01825030417174,1.0,560,681,1241,0.0008058017727639033,0.0008333472224535399,0.9995970991136197,0.0
54022,45.01908365139419,0.9991941982272361,560,681,1241,-0.0008058017727639033,0.0008333472224535399,0.9995165189363433,-8.058017727639034e-05
54023,45.019916998616644,0.9991941982272361,560,681,1241,0.0,0.0008333472224535399,0.999435938759067,-8.058017727639034e-05
54024,45.0207503458391,1.0,560,681,1241,0.0008058017727639033,0.0008333472224535399,0.999435938759067,0.0
54025,45.02158369306155,1.0,560,681,1241,0.0,0.0008333472224535399,0.999435938759067,0.0
54026,45.022417040284004,1.0,560,681,1241,0.0,0.0008333472224535399,0.9995165189363433,8.058017727639034e-05
54027,45.02325038750646,1.0,560,681,1241,0.0,0.0008333472224535399,0.9995970991136197,8.058017727639034e-05
54028,45.02408373472891,1.0,560,681,1241,0.0,0.0008333472224535399,0.999677679290896,8.058017727639034e-05
54029,45.024917081951365,1.0,560,681,1241,0.0,0.0008333472224535399,0.9997582594681724,8.058017727639034e-05
54030,45.02575042917382,1.0,560,681,1241,0.0,0.0008333472224535399,0.9998388396454487,8.058017727639034e-05
54031,45.02658377639627,1.0,560,681,1241,0.0,0.0008333472224535399,0.9998388396454487,0.0
54032,45.027417123618726,1.0,560,681,1241,0.0,0.0008333472224535399,0.999919419822725,8.058017727639034e-05
54033,45.02825047084118,1.0,560,681,1241,0.0,0.0008333472224535399,1.0000000000000013,8.058017727639034e-05
54034,45.02908381806363,1.0,560,681,1241,0.0,0.0008333472224535399,1.0000000000000013,0.0
54035,45.02991716528609,1.0,560,681,1241,0.0,0.0008333472224606453,1.0000000000000013,0.0
54036,45.03075051250855,1.0,560,681,1241,0.0,0.0008333472224535399,1.0000000000000013,0.0
54037,45.031583859731,1.0,560,681,1241,0.0,0.0008333472224535399,1.0000000000000013,0.0
54038,45.032417206953454,1.0,560,681,1241,0.0,0.0008333472224535399,1.0000000000000013,0.0
54039,45.03325055417591,1.0,560,681,1241,0.0,0.0008333472224535399,1.0000000000000013,0.0
54040,45.03408390139836,1.0,560,681,1241,0.0,0.0008333472224535399,1.0000000000000013,0.0
54041,45.034917248620815,1.0,560,681,1241,0.0,0.0008333472224535399,1.0000000000000013,0.0
54042,45.03575059584327,1.0,560,681,1241,0.0,0.0008333472224535399,1.0000000000000013,0.0
54043,45.03658394306572,1.0,560,681,1241,0.0,0.0008333472224535399,1.0000000000000013,0.0
54044,45.037417290288175,1.0,560,681,1241,0.0,0.0008333472224535399,1.0000000000000013,0.0
54045,45.03825063751063,1.0,560,681,1241,0.0,0.0008333472224535399,1.0000000000000013,0.0
54046,45.03908398473308,1.0,560,681,1241,0.0,0.0008333472224535399,1.0000000000000013,0.0
54047,45.039917331955536,1.0,560,681,1241,0.0,0.0008333472224535399,1.0000000000000013,0.0
54048,45.04075067917799,1.0,560,681,1241,0.0,0.0008333472224535399,1.0000000000000013,0.0
54049,45.04158402640044,1.0,560,681,1241,0.0,0.0008333472224535399,1.0000000000000013,0.0
54050,45.0424173736229,1.0,560,681,1241,0.0,0.0008333472224535399,1.0000000000000013,0.0
54051,45.04325072084535,1.0,560,681,1241,0.0,0.0008333472224535399,1.0000000000000013,0.0
54052,45.044084068067804,1.0,560,681,1241,0.0,0.0008333472224535399,1.0000000000000013,0.0
54053,45.04491741529026,1.0,560,681,1241,0.0,0.0008333472224535399,1.0000000000000013,0.0
54054,45.04575076251271,1.0,560,681,1241,0.0,0.0008333472224535399,1.0000000000000013,0.0
54055,45.046584109735164,1.0,560,681,1241,0.0,0.0008333472224535399,1.0000000000000013,0.0
54056,45.04741745695762,1.0,560,681,1241,0.0,0.0008333472224535399,1.0000000000000013,0.0
54057,45.04825080418007,1.0,560,681,1241,0.0,0.0008333472224535399,1.0000000000000013,0.0
54058,45.049084151402525,1.0,560,681,1241,0.0,0.0008333472224535399,1.0000000000000013,0.0
54059,45.04991749862498,1.0,560,681,1241,0.0,0.0008333472224535399,1.0000000000000013,0.0
54060,45.05075084584743,1.0,560,681,1241,0.0,0.0008333472224535399,1.0000000000000013,0.0
54061,45.051584193069885,1.0,560,681,1241,0.0,0.0008333472224535399,1.0000000000000013,0.0
54062,45.05241754029234,1.0,560,681,1241,0.0,0.0008333472224535399,1.0000000000000013,0.0
54063,45.05325088751479,1.0,560,681,1241,0.0,0.0008333472224535399,1.0000000000000013,0.0
54064,45.054084234737246,1.0,560,681,1241,0.0,0.0008333472224535399,1.0000000000000013,0.0
54065,45.0549175819597,1.0,560,681,1241,0.0,0.0008333472224535399,1.0000000000000013,0.0
54066,45.05575092918215,1.0,560,681,1241,0.0,0.0008333472224535399,1.0000000000000013,0.0
54067,45.05658427640461,1.0,560,681,1241,0.0,0.0008333472224535399,1.0000000000000013,0.0
54068,45.05741762362706,1.0,560,681,1241,0.0,0.0008333472224535399,1.0000000000000013,0.0
54069,45.058250970849514,1.0,560,681,1241,0.0,0.0008333472224535399,1.0000000000000013,0.0
54070,45.05908431807197,1.0,560,681,1241,0.0,0.0008333472224535399,1.0000000000000013,0.0
54071,45.05991766529442,1.0,560,681,1241,0.0,0.0008333472224535399,1.0000000000000013,0.0
54072,45.060751012516874,1.0,560,681,1241,0.0,0.0008333472224535399,1.0000000000000013,0.0
54073,45.06158435973933,1.0,560,681,1241,0.0,0.0008333472224535399,1.0000000000000013,0.0
54074,45.06241770696178,1.0,560,681,1241,0.0,0.0008333472224535399,1.0000000000000013,0.0
54075,45.063251054184235,1.0,560,681,1241,0.0,0.0008333472224535399,1.0000000000000013,0.0
54076,45.06408440140669,1.0,560,681,1241,0.0,0.0008333472224535399,1.0000000000000013,0.0
54077,45.06491774862915,1.0,560,681,1241,0.0,0.0008333472224606453,1.0000000000000013,0.0
54078,45.0657510958516,1.0,560,681,1241,0.0,0.0008333472224535399,1.0000000000000013,0.0
54079,45.066584443074056,1.0,560,681,1241,0.0,0.0008333472224535399,1.0000000000000013,0.0
54080,45.06741779029651,1.0,560,681,1241,0.0,0.0008333472224535399,1.0000000000000013,0.0
54081,45.06825113751896,1.0,560,681,1241,0.0,0.0008333472224535399,1.0000000000000013,0.0
54082,45.06908448474142,1.0,560,681,1241,0.0,0.0008333472224535399,1.0000000000000013,0.0
54083,45.06991783196387,1.0,560,681,1241,0.0,0.0008333472224535399,1.0000000000000013,0.0
54084,45.070751179186324,1.0,560,681,1241,0.0,0.0008333472224535399,1.0000000000000013,0.0
54085,45.07158452640878,1.0,560,681,1241,0.0,0.0008333472224535399,1.0000000000000013,0.0
54086,45.07241787363123,1.0,560,681,1241,0.0,0.0008333472224535399,1.0000000000000013,0.0
54087,45.073251220853685,1.0,560,681,1241,0.0,0.0008333472224535399,1.0000000000000013,0.0
54088,45.07408456807614,1.0,560,681,1241,0.0,0.0008333472224535399,1.0000000000000013,0.0
54089,45.07491791529859,1.0,560,681,1241,0.0,0.0008333472224535399,1.0000000000000013,0.0
54090,45.075751262521045,1.0,560,681,1241,0.0,0.0008333472224535399,1.0000000000000013,0.0
54091,45.0765846097435,1.0,560,681,1241,0.0,0.0008333472224535399,1.0000000000000013,0.0
54092,45.07741795696595,1.0,560,681,1241,0.0,0.0008333472224535399,1.0000000000000013,0.0
54093,45.078251304188406,1.0,560,681,1241,0.0,0.0008333472224535399,1.0000000000000013,0.0
54094,45.07908465141086,1.0,560,681,1241,0.0,0.0008333472224535399,1.0000000000000013,0.0
54095,45.07991799863331,1.0,560,681,1241,0.0,0.0008333472224535399,1.0000000000000013,0.0
54096,45.08075134585577,0.9991941982272361,560,681,1241,-0.0008058017727639033,0.0008333472224535399,0.999919419822725,-8.058017727639034e-05
54097,45.08158469307822,0.9991941982272361,560,681,1241,0.0,0.0008333472224535399,0.9998388396454487,-8.058017727639034e-05
54098,45.082418040300674,1.0,560,681,1241,0.0008058017727639033,0.0008333472224535399,0.9998388396454487,0.0
54099,45.08325138752313,1.0,560,681,1241,0.0,0.0008333472224535399,0.9998388396454487,0.0
54100,45.08408473474558,1.0,560,681,1241,0.0,0.0008333472224535399,0.9998388396454487,0.0
54101,45.084918081968034,1.0,560,681,1241,0.0,0.0008333472224535399,0.9998388396454487,0.0
54102,45.08575142919049,1.0,560,681,1241,0.0,0.0008333472224535399,0.9998388396454487,0.0
54103,45.08658477641294,1.0,560,681,1241,0.0,0.0008333472224535399,0.9998388396454487,0.0
54104,45.087418123635395,1.0,560,681,1241,0.0,0.0008333472224535399,0.9998388396454487,0.0
54105,45.08825147085785,1.0,560,681,1241,0.0,0.0008333472224535399,0.9998388396454487,0.0
54106,45.0890848180803,1.0,560,681,1241,0.0,0.0008333472224535399,0.999919419822725,8.058017727639034e-05
54107,45.089918165302755,1.0,560,681,1241,0.0,0.0008333472224535399,1.0000000000000013,8.058017727639034e-05
54108,45.09075151252521,1.0,560,681,1241,0.0,0.0008333472224535399,1.0000000000000013,0.0
54109,45.09158485974766,1.0,560,681,1241,0.0,0.0008333472224535399,1.0000000000000013,0.0
54110,45.092418206970116,1.0,560,681,1241,0.0,0.0008333472224535399,1.0000000000000013,0.0
54111,45.09325155419257,1.0,560,681,1241,0.0,0.0008333472224535399,1.0000000000000013,0.0
54112,45.09408490141502,1.0,560,681,1241,0.0,0.0008333472224535399,1.0000000000000013,0.0
54113,45.09491824863748,1.0,560,681,1241,0.0,0.0008333472224535399,1.0000000000000013,0.0
54114,45.09575159585993,1.0,560,681,1241,0.0,0.0008333472224535399,1.0000000000000013,0.0
54115,45.096584943082384,1.0,560,681,1241,0.0,0.0008333472224535399,1.0000000000000013,0.0
54116,45.09741829030484,1.0,560,681,1241,0.0,0.0008333472224535399,1.0000000000000013,0.0
54117,45.09825163752729,1.0,560,681,1241,0.0,0.0008333472224535399,1.0000000000000013,0.0
54118,45.099084984749744,1.0,560,681,1241,0.0,0.0008333472224535399,1.0000000000000013,0.0
54119,45.0999183319722,1.0,560,681,1241,0.0,0.0008333472224535399,1.0000000000000013,0.0
54120,45.10075167919466,1.0,560,681,1241,0.0,0.0008333472224606453,1.0000000000000013,0.0
54121,45.10158502641711,1.0,560,681,1241,0.0,0.0008333472224535399,1.0000000000000013,0.0
54122,45.102418373639566,1.0,560,681,1241,0.0,0.0008333472224535399,1.0000000000000013,0.0
54123,45.10325172086202,1.0,560,681,1241,0.0,0.0008333472224535399,1.0000000000000013,0.0
54124,45.10408506808447,1.0,560,681,1241,0.0,0.0008333472224535399,1.0000000000000013,0.0
54125,45.104918415306926,1.0,560,681,1241,0.0,0.0008333472224535399,1.0000000000000013,0.0
54126,45.10575176252938,1.0,560,681,1241,0.0,0.0008333472224535399,1.0000000000000013,0.0
54127,45.10658510975183,1.0,560,681,1241,0.0,0.0008333472224535399,1.0000000000000013,0.0
54128,45.10741845697429,1.0,560,681,1241,0.0,0.0008333472224535399,1.0000000000000013,0.0
54129,45.10825180419674,1.0,560,681,1241,0.0,0.0008333472224535399,1.0000000000000013,0.0
54130,45.109085151419194,1.0,560,681,1241,0.0,0.0008333472224535399,1.0000000000000013,0.0
54131,45.10991849864165,1.0,560,681,1241,0.0,0.0008333472224535399,1.0000000000000013,0.0
54132,45.1107518458641,1.0,560,681,1241,0.0,0.0008333472224535399,1.0000000000000013,0.0
54133,45.111585193086555,1.0,560,681,1241,0.0,0.0008333472224535399,1.0000000000000013,0.0
54134,45.11241854030901,1.0,560,681,1241,0.0,0.0008333472224535399,1.0000000000000013,0.0
54135,45.11325188753146,1.0,560,681,1241,0.0,0.0008333472224535399,1.0000000000000013,0.0
54136,45.114085234753915,1.0,560,681,1241,0.0,0.0008333472224535399,1.0000000000000013,0.0
54137,45.11491858197637,1.0,560,681,1241,0.0,0.0008333472224535399,1.0000000000000013,0.0
54138,45.11575192919882,1.0,560,681,1241,0.0,0.0008333472224535399,1.0000000000000013,0.0
54139,45.116585276421276,1.0,560,681,1241,0.0,0.0008333472224535399,1.0000000000000013,0.0
54140,45.11741862364373,0.9991941982272361,560,681,1241,-0.0008058017727639033,0.0008333472224535399,0.999919419822725,-8.058017727639034e-05
54141,45.11825197086618,0.9991941982272361,560,681,1241,0.0,0.0008333472224535399,0.9998388396454487,-8.058017727639034e-05
54142,45.119085318088636,0.9991941982272361,560,681,1241,0.0,0.0008333472224535399,0.9997582594681724,-8.058017727639034e-05
54143,45.11991866531109,0.9991941982272361,560,681,1241,0.0,0.0008333472224535399,0.999677679290896,-8.058017727639034e-05
54144,45.12075201253354,0.9991941982272361,560,681,1241,0.0,0.0008333472224535399,0.9995970991136197,-8.058017727639034e-05
54145,45.121585359756,0.9991941982272361,560,681,1241,0.0,0.0008333472224535399,0.9995165189363433,-8.058017727639034e-05
54146,45.12241870697845,0.9991941982272361,560,681,1241,0.0,0.0008333472224535399,0.999435938759067,-8.058017727639034e-05
54147,45.123252054200904,0.9991941982272361,560,681,1241,0.0,0.0008333472224535399,0.9993553585817907,-8.058017727639034e-05
54148,45.12408540142336,0.9991941982272361,560,681,1241,0.0,0.0008333472224535399,0.9992747784045143,-8.058017727639034e-05
54149,45.12491874864581,0.9991941982272361,560,681,1241,0.0,0.0008333472224535399,0.999194198227238,-8.058017727639034e-05
54150,45.125752095868265,0.9991941982272361,560,681,1241,0.0,0.0008333472224535399,0.999194198227238,0.0
54151,45.12658544309072,1.0,560,681,1241,0.0008058017727639033,0.0008333472224535399,0.9992747784045143,8.058017727639034e-05
54152,45.12741879031317,1.0,560,681,1241,0.0,0.0008333472224535399,0.9993553585817907,8.058017727639034e-05
54153,45.128252137535625,1.0,560,681,1241,0.0,0.0008333472224535399,0.999435938759067,8.058017727639034e-05
54154,45.12908548475808,1.0,560,681,1241,0.0,0.0008333472224535399,0.9995165189363433,8.058017727639034e-05
54155,45.12991883198053,1.0,560,681,1241,0.0,0.0008333472224535399,0.9995970991136197,8.058017727639034e-05
54156,45.130752179202986,1.0,560,681,1241,0.0,0.0008333472224535399,0.999677679290896,8.058017727639034e-05
54157,45.13158552642544,1.0,560,681,1241,0.0,0.0008333472224535399,0.9997582594681724,8.058017727639034e-05
54158,45.13241887364789,1.0,560,681,1241,0.0,0.0008333472224535399,0.9998388396454487,8.058017727639034e-05
54159,45.13325222087035,1.0,560,681,1241,0.0,0.0008333472224535399,0.999919419822725,8.058017727639034e-05
54160,45.1340855680928,1.0,560,681,1241,0.0,0.0008333472224535399,1.0000000000000013,8.058017727639034e-05
54161,45.134918915315254,1.0,560,681,1241,0.0,0.0008333472224535399,1.0000000000000013,0.0
54162,45.135752262537714,1.0,560,681,1241,0.0,0.0008333472224606453,1.0000000000000013,0.0
54163,45.13658560976017,1.0,560,681,1241,0.0,0.0008333472224535399,1.0000000000000013,0.0
54164,45.13741895698262,1.0,560,681,1241,0.0,0.0008333472224535399,1.0000000000000013,0.0
54165,45.138252304205075,1.0,560,681,1241,0.0,0.0008333472224535399,1.0000000000000013,0.0
54166,45.13908565142753,1.0,560,681,1241,0.0,0.0008333472224535399,1.0000000000000013,0.0
54167,45.13991899864998,1.0,560,681,1241,0.0,0.0008333472224535399,1.0000000000000013,0.0
54168,45.140752345872436,1.0,560,681,1241,0.0,0.0008333472224535399,1.0000000000000013,0.0
54169,45.14158569309489,1.0,560,681,1241,0.0,0.0008333472224535399,1.0000000000000013,0.0
54170,45.14241904031734,1.0,560,681,1241,0.0,0.0008333472224535399,1.0000000000000013,0.0
54171,45.143252387539796,1.0,560,681,1241,0.0,0.0008333472224535399,1.0000000000000013,0.0
54172,45.14408573476225,1.0,560,681,1241,0.0,0.0008333472224535399,1.0000000000000013,0.0
54173,45.1449190819847,1.0,560,681,1241,0.0,0.0008333472224535399,1.0000000000000013,0.0
54174,45.14575242920716,1.0,560,681,1241,0.0,0.0008333472224535399,1.0000000000000013,0.0
54175,45.14658577642961,1.0,560,681,1241,0.0,0.0008333472224535399,1.0000000000000013,0.0
54176,45.147419123652064,0.9991941982272361,560,681,1241,-0.0008058017727639033,0.0008333472224535399,0.999919419822725,-8.058017727639034e-05
54177,45.14825247087452,0.9983883964544722,560,681,1241,-0.0008058017727639033,0.0008333472224535399,0.9997582594681724,-0.00016116035455278067
54178,45.14908581809697,0.9975825946817083,560,681,1241,-0.0008058017727639033,0.0008333472224535399,0.9995165189363432,-0.00024174053182917098
54179,45.149919165319425,0.9975825946817083,560,681,1241,0.0,0.0008333472224535399,0.999274778404514,-0.00024174053182917098
54180,45.15075251254188,0.9975825946817083,560,681,1241,0.0,0.0008333472224535399,0.9990330378726847,-0.00024174053182917098
54181,45.15158585976433,0.9983883964544722,560,681,1241,0.0008058017727639033,0.0008333472224535399,0.9988718775181319,-0.00016116035455278067
54182,45.152419206986785,0.9983883964544722,560,681,1241,0.0,0.0008333472224535399,0.9987107171635792,-0.00016116035455278067
54183,45.15325255420924,0.9983883964544722,560,681,1241,0.0,0.0008333472224535399,0.9985495568090265,-0.00016116035455278067
54184,45.15408590143169,1.0,560,681,1241,0.0016116035455278066,0.0008333472224535399,0.9985495568090265,0.0
54185,45.154919248654146,1.0,560,681,1241,0.0,0.0008333472224535399,0.9985495568090265,0.0
54186,45.1557525958766,1.0,560,681,1241,0.0,0.0008333472224535399,0.9986301369863029,8.058017727639034e-05
54187,45.15658594309905,1.0,560,681,1241,0.0,0.0008333472224535399,0.9987912973408555,0.00016116035455278067
54188,45.157419290321506,1.0,560,681,1241,0.0,0.0008333472224535399,0.9990330378726847,0.00024174053182917098
54189,45.15825263754396,1.0,560,681,1241,0.0,0.0008333472224535399,0.999274778404514,0.00024174053182917098
54190,45.15908598476641,1.0,560,681,1241,0.0,0.0008333472224535399,0.9995165189363432,0.00024174053182917098
54191,45.15991933198887,1.0,560,681,1241,0.0,0.0008333472224535399,0.999677679290896,0.00016116035455278067
54192,45.16075267921132,1.0,560,681,1241,0.0,0.0008333472224535399,0.9998388396454487,0.00016116035455278067
54193,45.161586026433774,1.0,560,681,1241,0.0,0.0008333472224535399,1.0000000000000013,0.00016116035455278067
54194,45.16241937365623,1.0,560,681,1241,0.0,0.0008333472224535399,1.0000000000000013,0.0
54195,45.16325272087868,1.0,560,681,1241,0.0,0.0008333472224535399,1.0000000000000013,0.0
54196,45.164086068101135,0.9991941982272361,560,681,1241,-0.0008058017727639033,0.0008333472224535399,0.999919419822725,-8.058017727639034e-05
54197,45.16491941532359,1.0,560,681,1241,0.0008058017727639033,0.0008333472224535399,0.999919419822725,0.0
54198,45.16575276254604,1.0,560,681,1241,0.0,0.0008333472224535399,0.999919419822725,0.0
54199,45.166586109768495,1.0,560,681,1241,0.0,0.0008333472224535399,0.999919419822725,0.0
54200,45.16741945699095,1.0,560,681,1241,0.0,0.0008333472224535399,0.999919419822725,0.0
54201,45.1682528042134,0.9991941982272361,560,681,1241,-0.0008058017727639033,0.0008333472224535399,0.9998388396454487,-8.058017727639034e-05
54202,45.169086151435856,1.0,560,681,1241,0.0008058017727639033,0.0008333472224535399,0.9998388396454487,0.0
54203,45.16991949865831,1.0,560,681,1241,0.0,0.0008333472224535399,0.9998388396454487,0.0
54204,45.17075284588077,0.9991941982272361,560,681,1241,-0.0008058017727639033,0.0008333472224606453,0.9997582594681724,-8.058017727639034e-05
54205,45.171586193103224,1.0,560,681,1241,0.0008058017727639033,0.0008333472224535399,0.9997582594681724,0.0
54206,45.17241954032568,1.0,560,681,1241,0.0,0.0008333472224535399,0.9998388396454487,8.058017727639034e-05
54207,45.17325288754813,1.0,560,681,1241,0.0,0.0008333472224535399,0.9998388396454487,0.0
54208,45.174086234770584,0.9991941982272361,560,681,1241,-0.0008058017727639033,0.0008333472224535399,0.9997582594681724,-8.058017727639034e-05
54209,45.17491958199304,0.9991941982272361,560,681,1241,0.0,0.0008333472224535399,0.999677679290896,-8.058017727639034e-05
54210,45.17575292921549,0.9991941982272361,560,681,1241,0.0,0.0008333472224535399,0.9995970991136197,-8.058017727639034e-05
54211,45.176586276437945,0.9991941982272361,560,681,1241,0.0,0.0008333472224535399,0.9995970991136197,0.0
54212,45.1774196236604,0.9991941982272361,560,681,1241,0.0,0.0008333472224535399,0.9995165189363433,-8.058017727639034e-05
54213,45.17825297088285,0.9991941982272361,560,681,1241,0.0,0.0008333472224535399,0.999435938759067,-8.058017727639034e-05
54214,45.179086318105306,1.0,560,681,1241,0.0008058017727639033,0.0008333472224535399,0.9995165189363433,8.058017727639034e-05
54215,45.17991966532776,1.0,560,681,1241,0.0,0.0008333472224535399,0.9995165189363433,0.0
54216,45.18075301255021,1.0,560,681,1241,0.0,0.0008333472224535399,0.9995165189363433,0.0
54217,45.181586359772666,1.0,560,681,1241,0.0,0.0008333472224535399,0.9995165189363433,0.0
54218,45.18241970699512,1.0,560,681,1241,0.0,0.0008333472224535399,0.9995970991136197,8.058017727639034e-05
54219,45.18325305421757,1.0,560,681,1241,0.0,0.0008333472224535399,0.999677679290896,8.058017727639034e-05
54220,45.18408640144003,1.0,560,681,1241,0.0,0.0008333472224535399,0.9997582594681724,8.058017727639034e-05
54221,45.18491974866248,1.0,560,681,1241,0.0,0.0008333472224535399,0.9998388396454487,8.058017727639034e-05
54222,45.185753095884934,1.0,560,681,1241,0.0,0.0008333472224535399,0.999919419822725,8.058017727639034e-05
54223,45.18658644310739,1.0,560,681,1241,0.0,0.0008333472224535399,1.0000000000000013,8.058017727639034e-05
54224,45.18741979032984,1.0,560,681,1241,0.0,0.0008333472224535399,1.0000000000000013,0.0
54225,45.188253137552294,0.9983883964544722,560,681,1241,-0.0016116035455278066,0.0008333472224535399,0.9998388396454487,-0.00016116035455278067
54226,45.18908648477475,0.9991941982272361,560,681,1241,0.0008058017727639033,0.0008333472224535399,0.9997582594681724,-8.058017727639034e-05
54227,45.1899198319972,0.9991941982272361,560,681,1241,0.0,0.0008333472224535399,0.999677679290896,-8.058017727639034e-05
54228,45.190753179219655,0.9991941982272361,560,681,1241,0.0,0.0008333472224535399,0.9995970991136197,-8.058017727639034e-05
54229,45.19158652644211,0.9991941982272361,560,681,1241,0.0,0.0008333472224535399,0.9995165189363433,-8.058017727639034e-05
54230,45.19241987366456,0.9991941982272361,560,681,1241,0.0,0.0008333472224535399,0.999435938759067,-8.058017727639034e-05
54231,45.193253220887016,0.9991941982272361,560,681,1241,0.0,0.0008333472224535399,0.9993553585817907,-8.058017727639034e-05
54232,45.19408656810947,0.9991941982272361,560,681,1241,0.0,0.0008333472224535399,0.9992747784045143,-8.058017727639034e-05
54233,45.19491991533192,0.9991941982272361,560,681,1241,0.0,0.0008333472224535399,0.999194198227238,-8.058017727639034e-05
54234,45.195753262554376,0.9991941982272361,560,681,1241,0.0,0.0008333472224535399,0.9991136180499616,-8.058017727639034e-05
54235,45.19658660977683,0.9991941982272361,560,681,1241,0.0,0.0008333472224535399,0.999194198227238,8.058017727639034e-05
54236,45.19741995699928,0.9991941982272361,560,681,1241,0.0,0.0008333472224535399,0.999194198227238,0.0
54237,45.19825330422174,0.9991941982272361,560,681,1241,0.0,0.0008333472224535399,0.999194198227238,0.0
54238,45.19908665144419,0.9991941982272361,560,681,1241,0.0,0.0008333472224535399,0.999194198227238,0.0
54239,45.199919998666644,0.9991941982272361,560,681,1241,0.0,0.0008333472224535399,0.999194198227238,0.0
54240,45.2007533458891,0.9991941982272361,560,681,1241,0.0,0.0008333472224535399,0.999194198227238,0.0
54241,45.20158669311155,1.0,560,681,1241,0.0008058017727639033,0.0008333472224535399,0.9992747784045143,8.058017727639034e-05
54242,45.202420040334005,1.0,560,681,1241,0.0,0.0008333472224535399,0.9993553585817907,8.058017727639034e-05
54243,45.20325338755646,1.0,560,681,1241,0.0,0.0008333472224535399,0.999435938759067,8.058017727639034e-05
54244,45.20408673477891,1.0,560,681,1241,0.0,0.0008333472224535399,0.9995165189363433,8.058017727639034e-05
54245,45.204920082001365,1.0,560,681,1241,0.0,0.0008333472224535399,0.9995970991136197,8.058017727639034e-05
54246,45.20575342922382,1.0,560,681,1241,0.0,0.0008333472224535399,0.999677679290896,8.058017727639034e-05
54247,45.20658677644628,1.0,560,681,1241,0.0,0.0008333472224606453,0.9997582594681724,8.058017727639034e-05
54248,45.20742012366873,1.0,560,681,1241,0.0,0.0008333472224535399,0.9998388396454487,8.058017727639034e-05
54249,45.20825347089119,1.0,560,681,1241,0.0,0.0008333472224535399,0.999919419822725,8.058017727639034e-05
54250,45.20908681811364,1.0,560,681,1241,0.0,0.0008333472224535399,1.0000000000000013,8.058017727639034e-05
54251,45.209920165336094,0.9991941982272361,560,681,1241,-0.0008058017727639033,0.0008333472224535399,0.999919419822725,-8.058017727639034e-05
54252,45.21075351255855,1.0,560,681,1241,0.0008058017727639033,0.0008333472224535399,0.999919419822725,0.0
54253,45.211586859781,1.0,560,681,1241,0.0,0.0008333472224535399,0.999919419822725,0.0
54254,45.212420207003454,1.0,560,681,1241,0.0,0.0008333472224535399,0.999919419822725,0.0
54255,45.21325355422591,1.0,560,681,1241,0.0,0.0008333472224535399,0.999919419822725,0.0
54256,45.21408690144836,1.0,560,681,1241,0.0,0.0008333472224535399,0.999919419822725,0.0
54257,45.214920248670815,1.0,560,681,1241,0.0,0.0008333472224535399,0.999919419822725,0.0
54258,45.21575359589327,1.0,560,681,1241,0.0,0.0008333472224535399,0.999919419822725,0.0
54259,45.21658694311572,1.0,560,681,1241,0.0,0.0008333472224535399,0.999919419822725,0.0
54260,45.217420290338175,1.0,560,681,1241,0.0,0.0008333472224535399,0.999919419822725,0.0
54261,45.21825363756063,1.0,560,681,1241,0.0,0.0008333472224535399,1.0000000000000013,8.058017727639034e-05
54262,45.21908698478308,1.0,560,681,1241,0.0,0.0008333472224535399,1.0000000000000013,0.0
54263,45.219920332005536,1.0,560,681,1241,0.0,0.0008333472224535399,1.0000000000000013,0.0
54264,45.22075367922799,1.0,560,681,1241,0.0,0.0008333472224535399,1.0000000000000013,0.0
54265,45.22158702645044,1.0,560,681,1241,0.0,0.0008333472224535399,1.0000000000000013,0.0
54266,45.2224203736729,1.0,560,681,1241,0.0,0.0008333472224535399,1.0000000000000013,0.0
54267,45.22325372089535,1.0,560,681,1241,0.0,0.0008333472224535399,1.0000000000000013,0.0
54268,45.224087068117804,1.0,560,681,1241,0.0,0.0008333472224535399,1.0000000000000013,0.0
54269,45.22492041534026,1.0,560,681,1241,0.0,0.0008333472224535399,1.0000000000000013,0.0
54270,45.22575376256271,1.0,560,681,1241,0.0,0.0008333472224535399,1.0000000000000013,0.0
54271,45.226587109785164,1.0,560,681,1241,0.0,0.0008333472224535399,1.0000000000000013,0.0
54272,45.22742045700762,1.0,560,681,1241,0.0,0.0008333472224535399,1.0000000000000013,0.0
54273,45.22825380423007,1.0,560,681,1241,0.0,0.0008333472224535399,1.0000000000000013,0.0
54274,45.229087151452525,1.0,560,681,1241,0.0,0.0008333472224535399,1.0000000000000013,0.0
54275,45.22992049867498,1.0,560,681,1241,0.0,0.0008333472224535399,1.0000000000000013,0.0
54276,45.23075384589743,1.0,560,681,1241,0.0,0.0008333472224535399,1.0000000000000013,0.0
54277,45.231587193119886,1.0,560,681,1241,0.0,0.0008333472224535399,1.0000000000000013,0.0
54278,45.23242054034234,0.9991941982272361,560,681,1241,-0.0008058017727639033,0.0008333472224535399,0.999919419822725,-8.058017727639034e-05
54279,45.23325388756479,0.9991941982272361,560,681,1241,0.0,0.0008333472224535399,0.9998388396454487,-8.058017727639034e-05
54280,45.234087234787246,0.9991941982272361,560,681,1241,0.0,0.0008333472224535399,0.9997582594681724,-8.058017727639034e-05
54281,45.2349205820097,0.9991941982272361,560,681,1241,0.0,0.0008333472224535399,0.999677679290896,-8.058017727639034e-05
54282,45.23575392923215,0.9991941982272361,560,681,1241,0.0,0.0008333472224535399,0.9995970991136197,-8.058017727639034e-05
54283,45.23658727645461,0.9991941982272361,560,681,1241,0.0,0.0008333472224535399,0.9995165189363433,-8.058017727639034e-05
54284,45.23742062367706,1.0,560,681,1241,0.0008058017727639033,0.0008333472224535399,0.9995165189363433,0.0
54285,45.238253970899514,1.0,560,681,1241,0.0,0.0008333472224535399,0.9995165189363433,0.0
54286,45.23908731812197,1.0,560,681,1241,0.0,0.0008333472224535399,0.9995165189363433,0.0
54287,45.23992066534442,1.0,560,681,1241,0.0,0.0008333472224535399,0.9995165189363433,0.0
54288,45.240754012566875,1.0,560,681,1241,0.0,0.0008333472224535399,0.9995970991136197,8.058017727639034e-05
54289,45.241587359789335,1.0,560,681,1241,0.0,0.0008333472224606453,0.999677679290896,8.058017727639034e-05
54290,45.24242070701179,1.0,560,681,1241,0.0,0.0008333472224535399,0.9997582594681724,8.058017727639034e-05
54291,45.24325405423424,1.0,560,681,1241,0.0,0.0008333472224535399,0.9998388396454487,8.058017727639034e-05
54292,45.244087401456696,1.0,560,681,1241,0.0,0.0008333472224535399,0.999919419822725,8.058017727639034e-05
54293,45.24492074867915,1.0,560,681,1241,0.0,0.0008333472224535399,1.0000000000000013,8.058017727639034e-05
54294,45.2457540959016,1.0,560,681,1241,0.0,0.0008333472224535399,1.0000000000000013,0.0
54295,45.24658744312406,1.0,560,681,1241,0.0,0.0008333472224535399,1.0000000000000013,0.0
54296,45.24742079034651,1.0,560,681,1241,0.0,0.0008333472224535399,1.0000000000000013,0.0
54297,45.24825413756896,1.0,560,681,1241,0.0,0.0008333472224535399,1.0000000000000013,0.0
54298,45.24908748479142,0.9991941982272361,560,681,1241,-0.0008058017727639033,0.0008333472224535399,0.999919419822725,-8.058017727639034e-05
54299,45.24992083201387,0.9983883964544722,560,681,1241,-0.0008058017727639033,0.0008333472224535399,0.9997582594681724,-0.00016116035455278067
54300,45.250754179236324,0.9983883964544722,560,681,1241,0.0,0.0008333472224535399,0.9995970991136197,-0.00016116035455278067
54301,45.25158752645878,0.9983883964544722,560,681,1241,0.0,0.0008333472224535399,0.999435938759067,-0.00016116035455278067
54302,45.25242087368123,0.9991941982272361,560,681,1241,0.0008058017727639033,0.0008333472224535399,0.9993553585817907,-8.058017727639034e-05
54303,45.253254220903685,0.9983883964544722,560,681,1241,-0.0008058017727639033,0.0008333472224535399,0.999194198227238,-0.00016116035455278067
54304,45.25408756812614,0.9991941982272361,560,681,1241,0.0008058017727639033,0.0008333472224535399,0.9991136180499616,-8.058017727639034e-05
54305,45.25492091534859,0.9991941982272361,560,681,1241,0.0,0.0008333472224535399,0.9990330378726853,-8.058017727639034e-05
54306,45.255754262571045,0.9991941982272361,560,681,1241,0.0,0.0008333472224535399,0.998952457695409,-8.058017727639034e-05
54307,45.2565876097935,0.9991941982272361,560,681,1241,0.0,0.0008333472224535399,0.9988718775181326,-8.058017727639034e-05
54308,45.25742095701595,1.0,560,681,1241,0.0008058017727639033,0.0008333472224535399,0.998952457695409,8.058017727639034e-05
54309,45.258254304238406,1.0,560,681,1241,0.0,0.0008333472224535399,0.9991136180499616,0.00016116035455278067
54310,45.25908765146086,1.0,560,681,1241,0.0,0.0008333472224535399,0.9992747784045143,0.00016116035455278067
54311,45.25992099868331,1.0,560,681,1241,0.0,0.0008333472224535399,0.999435938759067,0.00016116035455278067
54312,45.26075434590577,1.0,560,681,1241,0.0,0.0008333472224535399,0.9995165189363433,8.058017727639034e-05
54313,45.26158769312822,1.0,560,681,1241,0.0,0.0008333472224535399,0.999677679290896,0.00016116035455278067
54314,45.262421040350674,1.0,560,681,1241,0.0,0.0008333472224535399,0.9997582594681724,8.058017727639034e-05
54315,45.26325438757313,1.0,560,681,1241,0.0,0.0008333472224535399,0.9998388396454487,8.058017727639034e-05
54316,45.26408773479558,0.9991941982272361,560,681,1241,-0.0008058017727639033,0.0008333472224535399,0.9998388396454487,0.0
54317,45.264921082018034,0.9991941982272361,560,681,1241,0.0,0.0008333472224535399,0.9998388396454487,0.0
54318,45.26575442924049,0.9991941982272361,560,681,1241,0.0,0.0008333472224535399,0.9997582594681724,-8.058017727639034e-05
54319,45.26658777646294,1.0,560,681,1241,0.0008058017727639033,0.0008333472224535399,0.9997582594681724,0.0
54320,45.267421123685395,1.0,560,681,1241,0.0,0.0008333472224535399,0.9997582594681724,0.0
54321,45.26825447090785,1.0,560,681,1241,0.0,0.0008333472224535399,0.9997582594681724,0.0
54322,45.2690878181303,1.0,560,681,1241,0.0,0.0008333472224535399,0.9997582594681724,0.0
54323,45.269921165352756,1.0,560,681,1241,0.0,0.0008333472224535399,0.9997582594681724,0.0
54324,45.27075451257521,1.0,560,681,1241,0.0,0.0008333472224535399,0.9997582594681724,0.0
54325,45.27158785979766,1.0,560,681,1241,0.0,0.0008333472224535399,0.9997582594681724,0.0
54326,45.272421207020116,1.0,560,681,1241,0.0,0.0008333472224535399,0.9998388396454487,8.058017727639034e-05
54327,45.27325455424257,1.0,560,681,1241,0.0,0.0008333472224535399,0.999919419822725,8.058017727639034e-05
54328,45.27408790146502,0.9991941982272361,560,681,1241,-0.0008058017727639033,0.0008333472224535399,0.999919419822725,0.0
54329,45.27492124868748,0.9991941982272361,560,681,1241,0.0,0.0008333472224535399,0.9998388396454487,-8.058017727639034e-05
54330,45.27575459590993,0.9991941982272361,560,681,1241,0.0,0.0008333472224535399,0.9997582594681724,-8.058017727639034e-05
54331,45.27658794313239,0.9991941982272361,560,681,1241,0.0,0.0008333472224606453,0.999677679290896,-8.058017727639034e-05
54332,45.277421290354845,1.0,560,681,1241,0.0008058017727639033,0.0008333472224535399,0.999677679290896,0.0
54333,45.2782546375773,1.0,560,681,1241,0.0,0.0008333472224535399,0.999677679290896,0.0
54334,45.27908798479975,1.0,560,681,1241,0.0,0.0008333472224535399,0.999677679290896,0.0
54335,45.279921332022205,1.0,560,681,1241,0.0,0.0008333472224535399,0.999677679290896,0.0
54336,45.28075467924466,1.0,560,681,1241,0.0,0.0008333472224535399,0.999677679290896,0.0
54337,45.28158802646711,1.0,560,681,1241,0.0,0.0008333472224535399,0.999677679290896,0.0
54338,45.282421373689566,1.0,560,681,1241,0.0,0.0008333472224535399,0.9997582594681724,8.058017727639034e-05
54339,45.28325472091202,1.0,560,681,1241,0.0,0.0008333472224535399,0.9998388396454487,8.058017727639034e-05
54340,45.28408806813447,1.0,560,681,1241,0.0,0.0008333472224535399,0.999919419822725,8.058017727639034e-05
54341,45.284921415356926,1.0,560,681,1241,0.0,0.0008333472224535399,1.0000000000000013,8.058017727639034e-05
54342,45.28575476257938,1.0,560,681,1241,0.0,0.0008333472224535399,1.0000000000000013,0.0
54343,45.28658810980183,0.9991941982272361,560,681,1241,-0.0008058017727639033,0.0008333472224535399,0.999919419822725,-8.058017727639034e-05
54344,45.28742145702429,0.9991941982272361,560,681,1241,0.0,0.0008333472224535399,0.9998388396454487,-8.058017727639034e-05
54345,45.28825480424674,0.9991941982272361,560,681,1241,0.0,0.0008333472224535399,0.9997582594681724,-8.058017727639034e-05
54346,45.289088151469194,1.0,560,681,1241,0.0008058017727639033,0.0008333472224535399,0.9997582594681724,0.0
54347,45.28992149869165,1.0,560,681,1241,0.0,0.0008333472224535399,0.9997582594681724,0.0
54348,45.2907548459141,1.0,560,681,1241,0.0,0.0008333472224535399,0.9997582594681724,0.0
54349,45.291588193136555,1.0,560,681,1241,0.0,0.0008333472224535399,0.9997582594681724,0.0
54350,45.29242154035901,1.0,560,681,1241,0.0,0.0008333472224535399,0.9997582594681724,0.0
54351,45.29325488758146,1.0,560,681,1241,0.0,0.0008333472224535399,0.9997582594681724,0.0
54352,45.294088234803915,1.0,560,681,1241,0.0,0.0008333472224535399,0.9997582594681724,0.0
54353,45.29492158202637,1.0,560,681,1241,0.0,0.0008333472224535399,0.9998388396454487,8.058017727639034e-05
54354,45.29575492924882,1.0,560,681,1241,0.0,0.0008333472224535399,0.999919419822725,8.058017727639034e-05
54355,45.296588276471276,1.0,560,681,1241,0.0,0.0008333472224535399,1.0000000000000013,8.058017727639034e-05
54356,45.29742162369373,1.0,560,681,1241,0.0,0.0008333472224535399,1.0000000000000013,0.0
54357,45.29825497091618,1.0,560,681,1241,0.0,0.0008333472224535399,1.0000000000000013,0.0
54358,45.29908831813864,1.0,560,681,1241,0.0,0.0008333472224535399,1.0000000000000013,0.0
54359,45.29992166536109,1.0,560,681,1241,0.0,0.0008333472224535399,1.0000000000000013,0.0
54360,45.300755012583544,1.0,560,681,1241,0.0,0.0008333472224535399,1.0000000000000013,0.0
54361,45.301588359806,1.0,560,681,1241,0.0,0.0008333472224535399,1.0000000000000013,0.0
54362,45.30242170702845,1.0,560,681,1241,0.0,0.0008333472224535399,1.0000000000000013,0.0
54363,45.303255054250904,1.0,560,681,1241,0.0,0.0008333472224535399,1.0000000000000013,0.0
54364,45.30408840147336,1.0,560,681,1241,0.0,0.0008333472224535399,1.0000000000000013,0.0
54365,45.30492174869581,1.0,560,681,1241,0.0,0.0008333472224535399,1.0000000000000013,0.0
54366,45.305755095918265,1.0,560,681,1241,0.0,0.0008333472224535399,1.0000000000000013,0.0
54367,45.30658844314072,1.0,560,681,1241,0.0,0.0008333472224535399,1.0000000000000013,0.0
54368,45.30742179036317,1.0,560,681,1241,0.0,0.0008333472224535399,1.0000000000000013,0.0
54369,45.308255137585626,1.0,560,681,1241,0.0,0.0008333472224535399,1.0000000000000013,0.0
54370,45.30908848480808,1.0,560,681,1241,0.0,0.0008333472224535399,1.0000000000000013,0.0
54371,45.30992183203053,1.0,560,681,1241,0.0,0.0008333472224535399,1.0000000000000013,0.0
54372,45.310755179252986,1.0,560,681,1241,0.0,0.0008333472224535399,1.0000000000000013,0.0
54373,45.31158852647544,1.0,560,681,1241,0.0,0.0008333472224535399,1.0000000000000013,0.0
54374,45.3124218736979,1.0,560,681,1241,0.0,0.0008333472224606453,1.0000000000000013,0.0
54375,45.313255220920354,1.0,560,681,1241,0.0,0.0008333472224535399,1.0000000000000013,0.0
54376,45.31408856814281,1.0,560,681,1241,0.0,0.0008333472224535399,1.0000000000000013,0.0
54377,45.31492191536526,1.0,560,681,1241,0.0,0.0008333472224535399,1.0000000000000013,0.0
54378,45.315755262587714,1.0,560,681,1241,0.0,0.0008333472224535399,1.0000000000000013,0.0
54379,45.31658860981017,1.0,560,681,1241,0.0,0.0008333472224535399,1.0000000000000013,0.0
54380,45.31742195703262,1.0,560,681,1241,0.0,0.0008333472224535399,1.0000000000000013,0.0
54381,45.318255304255075,1.0,560,681,1241,0.0,0.0008333472224535399,1.0000000000000013,0.0
54382,45.31908865147753,1.0,560,681,1241,0.0,0.0008333472224535399,1.0000000000000013,0.0
54383,45.31992199869998,1.0,560,681,1241,0.0,0.0008333472224535399,1.0000000000000013,0.0
54384,45.320755345922436,1.0,560,681,1241,0.0,0.0008333472224535399,1.0000000000000013,0.0
54385,45.32158869314489,1.0,560,681,1241,0.0,0.0008333472224535399,1.0000000000000013,0.0
54386,45.32242204036734,1.0,560,681,1241,0.0,0.0008333472224535399,1.0000000000000013,0.0
54387,45.323255387589796,1.0,560,681,1241,0.0,0.0008333472224535399,1.0000000000000013,0.0
54388,45.32408873481225,1.0,560,681,1241,0.0,0.0008333472224535399,1.0000000000000013,0.0
54389,45.3249220820347,1.0,560,681,1241,0.0,0.0008333472224535399,1.0000000000000013,0.0
54390,45.32575542925716,1.0,560,681,1241,0.0,0.0008333472224535399,1.0000000000000013,0.0
54391,45.32658877647961,1.0,560,681,1241,0.0,0.0008333472224535399,1.0000000000000013,0.0
54392,45.327422123702064,1.0,560,681,1241,0.0,0.0008333472224535399,1.0000000000000013,0.0
54393,45.32825547092452,1.0,560,681,1241,0.0,0.0008333472224535399,1.0000000000000013,0.0
54394,45.32908881814697,1.0,560,681,1241,0.0,0.0008333472224535399,1.0000000000000013,0.0
54395,45.329922165369425,1.0,560,681,1241,0.0,0.0008333472224535399,1.0000000000000013,0.0
54396,45.33075551259188,1.0,560,681,1241,0.0,0.0008333472224535399,1.0000000000000013,0.0
54397,45.33158885981433,1.0,560,681,1241,0.0,0.0008333472224535399,1.0000000000000013,0.0
54398,45.332422207036785,1.0,560,681,1241,0.0,0.0008333472224535399,1.0000000000000013,0.0
54399,45.33325555425924,1.0,560,681,1241,0.0,0.0008333472224535399,1.0000000000000013,0.0
54400,45.33408890148169,1.0,560,681,1241,0.0,0.0008333472224535399,1.0000000000000013,0.0
54401,45.334922248704146,1.0,560,681,1241,0.0,0.0008333472224535399,1.0000000000000013,0.0
54402,45.3357555959266,1.0,560,681,1241,0.0,0.0008333472224535399,1.0000000000000013,0.0
54403,45.33658894314905,1.0,560,681,1241,0.0,0.0008333472224535399,1.0000000000000013,0.0
54404,45.33742229037151,1.0,560,681,1241,0.0,0.0008333472224535399,1.0000000000000013,0.0
54405,45.33825563759396,1.0,560,681,1241,0.0,0.0008333472224535399,1.0000000000000013,0.0
54406,45.339088984816414,1.0,560,681,1241,0.0,0.0008333472224535399,1.0000000000000013,0.0
54407,45.33992233203887,1.0,560,681,1241,0.0,0.0008333472224535399,1.0000000000000013,0.0
54408,45.34075567926132,1.0,560,681,1241,0.0,0.0008333472224535399,1.0000000000000013,0.0
54409,45.341589026483774,1.0,560,681,1241,0.0,0.0008333472224535399,1.0000000000000013,0.0
54410,45.34242237370623,1.0,560,681,1241,0.0,0.0008333472224535399,1.0000000000000013,0.0
54411,45.34325572092868,1.0,560,681,1241,0.0,0.0008333472224535399,1.0000000000000013,0.0
54412,45.344089068151135,1.0,560,681,1241,0.0,0.0008333472224535399,1.0000000000000013,0.0
54413,45.34492241537359,1.0,560,681,1241,0.0,0.0008333472224535399,1.0000000000000013,0.0
54414,45.34575576259604,0.9991941982272361,560,681,1241,-0.0008058017727639033,0.0008333472224535399,0.999919419822725,-8.058017727639034e-05
54415,45.346589109818495,0.9991941982272361,560,681,1241,0.0,0.0008333472224535399,0.9998388396454487,-8.058017727639034e-05
54416,45.347422457040956,0.9991941982272361,560,681,1241,0.0,0.0008333472224606453,0.9997582594681724,-8.058017727639034e-05
54417,45.34825580426341,0.9991941982272361,560,681,1241,0.0,0.0008333472224535399,0.999677679290896,-8.058017727639034e-05
54418,45.34908915148586,1.0,560,681,1241,0.0008058017727639033,0.0008333472224535399,0.999677679290896,0.0
54419,45.34992249870832,1.0,560,681,1241,0.0,0.0008333472224535399,0.999677679290896,0.0
54420,45.35075584593077,1.0,560,681,1241,0.0,0.0008333472224535399,0.999677679290896,0.0
54421,45.351589193153224,1.0,560,681,1241,0.0,0.0008333472224535399,0.999677679290896,0.0
54422,45.35242254037568,1.0,560,681,1241,0.0,0.0008333472224535399,0.999677679290896,0.0
54423,45.35325588759813,1.0,560,681,1241,0.0,0.0008333472224535399,0.999677679290896,0.0
54424,45.354089234820584,1.0,560,681,1241,0.0,0.0008333472224535399,0.9997582594681724,8.058017727639034e-05
54425,45.35492258204304,1.0,560,681,1241,0.0,0.0008333472224535399,0.9998388396454487,8.058017727639034e-05
54426,45.35575592926549,1.0,560,681,1241,0.0,0.0008333472224535399,0.999919419822725,8.058017727639034e-05
54427,45.356589276487945,1.0,560,681,1241,0.0,0.0008333472224535399,1.0000000000000013,8.058017727639034e-05
54428,45.3574226237104,1.0,560,681,1241,0.0,0.0008333472224535399,1.0000000000000013,0.0
54429,45.35825597093285,1.0,560,681,1241,0.0,0.0008333472224535399,1.0000000000000013,0.0
54430,45.359089318155306,1.0,560,681,1241,0.0,0.0008333472224535399,1.0000000000000013,0.0
54431,45.35992266537776,1.0,560,681,1241,0.0,0.0008333472224535399,1.0000000000000013,0.0
54432,45.36075601260021,1.0,560,681,1241,0.0,0.0008333472224535399,1.0000000000000013,0.0
54433,45.361589359822666,1.0,560,681,1241,0.0,0.0008333472224535399,1.0000000000000013,0.0
54434,45.36242270704512,1.0,560,681,1241,0.0,0.0008333472224535399,1.0000000000000013,0.0
54435,45.36325605426757,1.0,560,681,1241,0.0,0.0008333472224535399,1.0000000000000013,0.0
54436,45.36408940149003,1.0,560,681,1241,0.0,0.0008333472224535399,1.0000000000000013,0.0
54437,45.36492274871248,1.0,560,681,1241,0.0,0.0008333472224535399,1.0000000000000013,0.0
54438,45.365756095934934,1.0,560,681,1241,0.0,0.0008333472224535399,1.0000000000000013,0.0
54439,45.36658944315739,1.0,560,681,1241,0.0,0.0008333472224535399,1.0000000000000013,0.0
54440,45.36742279037984,1.0,560,681,1241,0.0,0.0008333472224535399,1.0000000000000013,0.0
54441,45.368256137602295,1.0,560,681,1241,0.0,0.0008333472224535399,1.0000000000000013,0.0
54442,45.36908948482475,1.0,560,681,1241,0.0,0.0008333472224535399,1.0000000000000013,0.0
54443,45.3699228320472,1.0,560,681,1241,0.0,0.0008333472224535399,1.0000000000000013,0.0
54444,45.370756179269655,1.0,560,681,1241,0.0,0.0008333472224535399,1.0000000000000013,0.0
54445,45.37158952649211,1.0,560,681,1241,0.0,0.0008333472224535399,1.0000000000000013,0.0
54446,45.37242287371456,1.0,560,681,1241,0.0,0.0008333472224535399,1.0000000000000013,0.0
54447,45.373256220937016,1.0,560,681,1241,0.0,0.0008333472224535399,1.0000000000000013,0.0
54448,45.37408956815947,1.0,560,681,1241,0.0,0.0008333472224535399,1.0000000000000013,0.0
54449,45.37492291538192,1.0,560,681,1241,0.0,0.0008333472224535399,1.0000000000000013,0.0
54450,45.375756262604376,1.0,560,681,1241,0.0,0.0008333472224535399,1.0000000000000013,0.0
54451,45.37658960982683,1.0,560,681,1241,0.0,0.0008333472224535399,1.0000000000000013,0.0
54452,45.37742295704928,1.0,560,681,1241,0.0,0.0008333472224535399,1.0000000000000013,0.0
54453,45.37825630427174,1.0,560,681,1241,0.0,0.0008333472224535399,1.0000000000000013,0.0
54454,45.37908965149419,1.0,560,681,1241,0.0,0.0008333472224535399,1.0000000000000013,0.0
54455,45.379922998716644,1.0,560,681,1241,0.0,0.0008333472224535399,1.0000000000000013,0.0
54456,45.3807563459391,1.0,560,681,1241,0.0,0.0008333472224535399,1.0000000000000013,0.0
54457,45.38158969316155,1.0,560,681,1241,0.0,0.0008333472224535399,1.0000000000000013,0.0
54458,45.382423040384005,1.0,560,681,1241,0.0,0.0008333472224535399,1.0000000000000013,0.0
54459,45.383256387606465,1.0,560,681,1241,0.0,0.0008333472224606453,1.0000000000000013,0.0
54460,45.38408973482892,1.0,560,681,1241,0.0,0.0008333472224535399,1.0000000000000013,0.0
54461,45.38492308205137,1.0,560,681,1241,0.0,0.0008333472224535399,1.0000000000000013,0.0
54462,45.385756429273826,1.0,560,681,1241,0.0,0.0008333472224535399,1.0000000000000013,0.0
54463,45.38658977649628,1.0,560,681,1241,0.0,0.0008333472224535399,1.0000000000000013,0.0
54464,45.38742312371873,1.0,560,681,1241,0.0,0.0008333472224535399,1.0000000000000013,0.0
54465,45.38825647094119,1.0,560,681,1241,0.0,0.0008333472224535399,1.0000000000000013,0.0
54466,45.38908981816364,1.0,560,681,1241,0.0,0.0008333472224535399,1.0000000000000013,0.0
54467,45.389923165386094,1.0,560,681,1241,0.0,0.0008333472224535399,1.0000000000000013,0.0
54468,45.39075651260855,1.0,560,681,1241,0.0,0.0008333472224535399,1.0000000000000013,0.0
54469,45.391589859831,1.0,560,681,1241,0.0,0.0008333472224535399,1.0000000000000013,0.0
54470,45.392423207053454,1.0,560,681,1241,0.0,0.0008333472224535399,1.0000000000000013,0.0
54471,45.39325655427591,1.0,560,681,1241,0.0,0.0008333472224535399,1.0000000000000013,0.0
54472,45.39408990149836,1.0,560,681,1241,0.0,0.0008333472224535399,1.0000000000000013,0.0
54473,45.394923248720815,1.0,560,681,1241,0.0,0.0008333472224535399,1.0000000000000013,0.0
54474,45.39575659594327,1.0,560,681,1241,0.0,0.0008333472224535399,1.0000000000000013,0.0
54475,45.39658994316572,1.0,560,681,1241,0.0,0.0008333472224535399,1.0000000000000013,0.0
54476,45.397423290388176,1.0,560,681,1241,0.0,0.0008333472224535399,1.0000000000000013,0.0
54477,45.39825663761063,1.0,560,681,1241,0.0,0.0008333472224535399,1.0000000000000013,0.0
54478,45.39908998483308,0.9991941982272361,560,681,1241,-0.0008058017727639033,0.0008333472224535399,0.999919419822725,-8.058017727639034e-05
54479,45.399923332055536,0.9991941982272361,560,681,1241,0.0,0.0008333472224535399,0.9998388396454487,-8.058017727639034e-05
54480,45.40075667927799,0.9991941982272361,560,681,1241,0.0,0.0008333472224535399,0.9997582594681724,-8.058017727639034e-05
54481,45.40159002650044,0.9991941982272361,560,681,1241,0.0,0.0008333472224535399,0.999677679290896,-8.058017727639034e-05
54482,45.4024233737229,0.9991941982272361,560,681,1241,0.0,0.0008333472224535399,0.9995970991136197,-8.058017727639034e-05
54483,45.40325672094535,0.9991941982272361,560,681,1241,0.0,0.0008333472224535399,0.9995165189363433,-8.058017727639034e-05
54484,45.404090068167804,0.9991941982272361,560,681,1241,0.0,0.0008333472224535399,0.999435938759067,-8.058017727639034e-05
54485,45.40492341539026,0.9991941982272361,560,681,1241,0.0,0.0008333472224535399,0.9993553585817907,-8.058017727639034e-05
54486,45.40575676261271,0.9991941982272361,560,681,1241,0.0,0.0008333472224535399,0.9992747784045143,-8.058017727639034e-05
54487,45.406590109835165,1.0,560,681,1241,0.0008058017727639033,0.0008333472224535399,0.9992747784045143,0.0
54488,45.40742345705762,1.0,560,681,1241,0.0,0.0008333472224535399,0.9993553585817907,8.058017727639034e-05
54489,45.40825680428007,1.0,560,681,1241,0.0,0.0008333472224535399,0.999435938759067,8.058017727639034e-05
54490,45.409090151502525,1.0,560,681,1241,0.0,0.0008333472224535399,0.9995165189363433,8.058017727639034e-05
54491,45.40992349872498,1.0,560,681,1241,0.0,0.0008333472224535399,0.9995970991136197,8.058017727639034e-05
54492,45.41075684594743,1.0,560,681,1241,0.0,0.0008333472224535399,0.999677679290896,8.058017727639034e-05
54493,45.411590193169886,1.0,560,681,1241,0.0,0.0008333472224535399,0.9997582594681724,8.058017727639034e-05
54494,45.41242354039234,1.0,560,681,1241,0.0,0.0008333472224535399,0.9998388396454487,8.058017727639034e-05
54495,45.41325688761479,1.0,560,681,1241,0.0,0.0008333472224535399,0.999919419822725,8.058017727639034e-05
54496,45.414090234837246,1.0,560,681,1241,0.0,0.0008333472224535399,1.0000000000000013,8.058017727639034e-05
54497,45.4149235820597,1.0,560,681,1241,0.0,0.0008333472224535399,1.0000000000000013,0.0
54498,45.41575692928215,1.0,560,681,1241,0.0,0.0008333472224535399,1.0000000000000013,0.0
54499,45.41659027650461,1.0,560,681,1241,0.0,0.0008333472224535399,1.0000000000000013,0.0
54500,45.41742362372706,1.0,560,681,1241,0.0,0.0008333472224535399,1.0000000000000013,0.0
54501,45.41825697094952,1.0,560,681,1241,0.0,0.0008333472224606453,1.0000000000000013,0.0
54502,45.419090318171975,1.0,560,681,1241,0.0,0.0008333472224535399,1.0000000000000013,0.0
54503,45.41992366539443,1.0,560,681,1241,0.0,0.0008333472224535399,1.0000000000000013,0.0
54504,45.42075701261688,1.0,560,681,1241,0.0,0.0008333472224535399,1.0000000000000013,0.0
54505,45.421590359839335,1.0,560,681,1241,0.0,0.0008333472224535399,1.0000000000000013,0.0
54506,45.42242370706179,1.0,560,681,1241,0.0,0.0008333472224535399,1.0000000000000013,0.0
54507,45.42325705428424,0.9991941982272361,560,681,1241,-0.0008058017727639033,0.0008333472224535399,0.999919419822725,-8.058017727639034e-05
54508,45.424090401506696,0.9991941982272361,560,681,1241,0.0,0.0008333472224535399,0.9998388396454487,-8.058017727639034e-05
54509,45.42492374872915,1.0,560,681,1241,0.0008058017727639033,0.0008333472224535399,0.9998388396454487,0.0
54510,45.4257570959516,1.0,560,681,1241,0.0,0.0008333472224535399,0.9998388396454487,0.0
54511,45.42659044317406,0.9991941982272361,560,681,1241,-0.0008058017727639033,0.0008333472224535399,0.9997582594681724,-8.058017727639034e-05
54512,45.42742379039651,1.0,560,681,1241,0.0008058017727639033,0.0008333472224535399,0.9997582594681724,0.0
54513,45.428257137618964,1.0,560,681,1241,0.0,0.0008333472224535399,0.9997582594681724,0.0
54514,45.42909048484142,1.0,560,681,1241,0.0,0.0008333472224535399,0.9997582594681724,0.0
54515,45.42992383206387,1.0,560,681,1241,0.0,0.0008333472224535399,0.9997582594681724,0.0
54516,45.430757179286324,1.0,560,681,1241,0.0,0.0008333472224535399,0.9997582594681724,0.0
54517,45.43159052650878,1.0,560,681,1241,0.0,0.0008333472224535399,0.9998388396454487,8.058017727639034e-05
54518,45.43242387373123,1.0,560,681,1241,0.0,0.0008333472224535399,0.999919419822725,8.058017727639034e-05
54519,45.433257220953685,1.0,560,681,1241,0.0,0.0008333472224535399,0.999919419822725,0.0
54520,45.43409056817614,0.9991941982272361,560,681,1241,-0.0008058017727639033,0.0008333472224535399,0.9998388396454487,-8.058017727639034e-05
54521,45.43492391539859,0.9991941982272361,560,681,1241,0.0,0.0008333472224535399,0.9998388396454487,0.0
54522,45.435757262621046,0.9991941982272361,560,681,1241,0.0,0.0008333472224535399,0.9997582594681724,-8.058017727639034e-05
54523,45.4365906098435,1.0,560,681,1241,0.0008058017727639033,0.0008333472224535399,0.9997582594681724,0.0
54524,45.43742395706595,1.0,560,681,1241,0.0,0.0008333472224535399,0.9997582594681724,0.0
54525,45.438257304288406,1.0,560,681,1241,0.0,0.0008333472224535399,0.9997582594681724,0.0
54526,45.43909065151086,1.0,560,681,1241,0.0,0.0008333472224535399,0.9997582594681724,0.0
54527,45.43992399873331,1.0,560,681,1241,0.0,0.0008333472224535399,0.9997582594681724,0.0
54528,45.44075734595577,1.0,560,681,1241,0.0,0.0008333472224535399,0.9997582594681724,0.0
54529,45.44159069317822,1.0,560,681,1241,0.0,0.0008333472224535399,0.9997582594681724,0.0
54530,45.442424040400674,1.0,560,681,1241,0.0,0.0008333472224535399,0.9998388396454487,8.058017727639034e-05
54531,45.44325738762313,1.0,560,681,1241,0.0,0.0008333472224535399,0.999919419822725,8.058017727639034e-05
54532,45.44409073484558,1.0,560,681,1241,0.0,0.0008333472224535399,1.0000000000000013,8.058017727639034e-05
54533,45.444924082068034,1.0,560,681,1241,0.0,0.0008333472224535399,1.0000000000000013,0.0
54534,45.44575742929049,1.0,560,681,1241,0.0,0.0008333472224535399,1.0000000000000013,0.0
54535,45.44659077651294,1.0,560,681,1241,0.0,0.0008333472224535399,1.0000000000000013,0.0
54536,45.447424123735395,1.0,560,681,1241,0.0,0.0008333472224535399,1.0000000000000013,0.0
54537,45.44825747095785,1.0,560,681,1241,0.0,0.0008333472224535399,1.0000000000000013,0.0
54538,45.4490908181803,1.0,560,681,1241,0.0,0.0008333472224535399,1.0000000000000013,0.0
54539,45.449924165402756,1.0,560,681,1241,0.0,0.0008333472224535399,1.0000000000000013,0.0
54540,45.45075751262521,1.0,560,681,1241,0.0,0.0008333472224535399,1.0000000000000013,0.0
54541,45.45159085984766,1.0,560,681,1241,0.0,0.0008333472224535399,1.0000000000000013,0.0
54542,45.452424207070116,1.0,560,681,1241,0.0,0.0008333472224535399,1.0000000000000013,0.0
54543,45.45325755429258,1.0,560,681,1241,0.0,0.0008333472224606453,1.0000000000000013,0.0
54544,45.45409090151503,1.0,560,681,1241,0.0,0.0008333472224535399,1.0000000000000013,0.0
54545,45.454924248737484,1.0,560,681,1241,0.0,0.0008333472224535399,1.0000000000000013,0.0
54546,45.45575759595994,1.0,560,681,1241,0.0,0.0008333472224535399,1.0000000000000013,0.0
54547,45.45659094318239,1.0,560,681,1241,0.0,0.0008333472224535399,1.0000000000000013,0.0
54548,45.457424290404845,1.0,560,681,1241,0.0,0.0008333472224535399,1.0000000000000013,0.0
54549,45.4582576376273,1.0,560,681,1241,0.0,0.0008333472224535399,1.0000000000000013,0.0
54550,45.45909098484975,1.0,560,681,1241,0.0,0.0008333472224535399,1.0000000000000013,0.0
54551,45.459924332072205,1.0,560,681,1241,0.0,0.0008333472224535399,1.0000000000000013,0.0
54552,45.46075767929466,1.0,560,681,1241,0.0,0.0008333472224535399,1.0000000000000013,0.0
54553,45.46159102651711,1.0,560,681,1241,0.0,0.0008333472224535399,1.0000000000000013,0.0
54554,45.462424373739566,1.0,560,681,1241,0.0,0.0008333472224535399,1.0000000000000013,0.0
54555,45.46325772096202,1.0,560,681,1241,0.0,0.0008333472224535399,1.0000000000000013,0.0
54556,45.46409106818447,1.0,560,681,1241,0.0,0.0008333472224535399,1.0000000000000013,0.0
54557,45.46492441540693,1.0,560,681,1241,0.0,0.0008333472224535399,1.0000000000000013,0.0
54558,45.46575776262938,1.0,560,681,1241,0.0,0.0008333472224535399,1.0000000000000013,0.0
54559,45.466591109851834,1.0,560,681,1241,0.0,0.0008333472224535399,1.0000000000000013,0.0
54560,45.46742445707429,1.0,560,681,1241,0.0,0.0008333472224535399,1.0000000000000013,0.0
54561,45.46825780429674,1.0,560,681,1241,0.0,0.0008333472224535399,1.0000000000000013,0.0
54562,45.469091151519194,1.0,560,681,1241,0.0,0.0008333472224535399,1.0000000000000013,0.0
54563,45.46992449874165,1.0,560,681,1241,0.0,0.0008333472224535399,1.0000000000000013,0.0
54564,45.4707578459641,1.0,560,681,1241,0.0,0.0008333472224535399,1.0000000000000013,0.0
54565,45.471591193186555,1.0,560,681,1241,0.0,0.0008333472224535399,1.0000000000000013,0.0
54566,45.47242454040901,1.0,560,681,1241,0.0,0.0008333472224535399,1.0000000000000013,0.0
54567,45.47325788763146,1.0,560,681,1241,0.0,0.0008333472224535399,1.0000000000000013,0.0
54568,45.474091234853915,1.0,560,681,1241,0.0,0.0008333472224535399,1.0000000000000013,0.0
54569,45.47492458207637,1.0,560,681,1241,0.0,0.0008333472224535399,1.0000000000000013,0.0
54570,45.47575792929882,1.0,560,681,1241,0.0,0.0008333472224535399,1.0000000000000013,0.0
54571,45.476591276521276,1.0,560,681,1241,0.0,0.0008333472224535399,1.0000000000000013,0.0
54572,45.47742462374373,1.0,560,681,1241,0.0,0.0008333472224535399,1.0000000000000013,0.0
54573,45.47825797096618,1.0,560,681,1241,0.0,0.0008333472224535399,1.0000000000000013,0.0
54574,45.47909131818864,1.0,560,681,1241,0.0,0.0008333472224535399,1.0000000000000013,0.0
54575,45.47992466541109,1.0,560,681,1241,0.0,0.0008333472224535399,1.0000000000000013,0.0
54576,45.480758012633544,1.0,560,681,1241,0.0,0.0008333472224535399,1.0000000000000013,0.0
54577,45.481591359856,1.0,560,681,1241,0.0,0.0008333472224535399,1.0000000000000013,0.0
54578,45.48242470707845,1.0,560,681,1241,0.0,0.0008333472224535399,1.0000000000000013,0.0
54579,45.483258054300904,1.0,560,681,1241,0.0,0.0008333472224535399,1.0000000000000013,0.0
54580,45.48409140152336,1.0,560,681,1241,0.0,0.0008333472224535399,1.0000000000000013,0.0
54581,45.48492474874581,1.0,560,681,1241,0.0,0.0008333472224535399,1.0000000000000013,0.0
54582,45.485758095968265,1.0,560,681,1241,0.0,0.0008333472224535399,1.0000000000000013,0.0
54583,45.48659144319072,1.0,560,681,1241,0.0,0.0008333472224535399,1.0000000000000013,0.0
54584,45.48742479041317,1.0,560,681,1241,0.0,0.0008333472224535399,1.0000000000000013,0.0
54585,45.488258137635626,0.9991941982272361,560,681,1241,-0.0008058017727639033,0.0008333472224535399,0.999919419822725,-8.058017727639034e-05
54586,45.489091484858086,1.0,560,681,1241,0.0008058017727639033,0.0008333472224606453,0.999919419822725,0.0
54587,45.48992483208054,1.0,560,681,1241,0.0,0.0008333472224535399,0.999919419822725,0.0
54588,45.49075817930299,1.0,560,681,1241,0.0,0.0008333472224535399,0.999919419822725,0.0
54589,45.49159152652545,1.0,560,681,1241,0.0,0.0008333472224535399,0.999919419822725,0.0
54590,45.4924248737479,1.0,560,681,1241,0.0,0.0008333472224535399,0.999919419822725,0.0
54591,45.493258220970354,1.0,560,681,1241,0.0,0.0008333472224535399,0.999919419822725,0.0
54592,45.49409156819281,1.0,560,681,1241,0.0,0.0008333472224535399,0.999919419822725,0.0
54593,45.49492491541526,1.0,560,681,1241,0.0,0.0008333472224535399,0.999919419822725,0.0
54594,45.495758262637715,1.0,560,681,1241,0.0,0.0008333472224535399,0.999919419822725,0.0
54595,45.49659160986017,1.0,560,681,1241,0.0,0.0008333472224535399,1.0000000000000013,8.058017727639034e-05
54596,45.49742495708262,1.0,560,681,1241,0.0,0.0008333472224535399,1.0000000000000013,0.0
54597,45.498258304305075,1.0,560,681,1241,0.0,0.0008333472224535399,1.0000000000000013,0.0
54598,45.49909165152753,1.0,560,681,1241,0.0,0.0008333472224535399,1.0000000000000013,0.0
54599,45.49992499874998,1.0,560,681,1241,0.0,0.0008333472224535399,1.0000000000000013,0.0
54600,45.500758345972436,1.0,560,681,1241,0.0,0.0008333472224535399,1.0000000000000013,0.0
54601,45.50159169319489,1.0,560,681,1241,0.0,0.0008333472224535399,1.0000000000000013,0.0
54602,45.50242504041734,1.0,560,681,1241,0.0,0.0008333472224535399,1.0000000000000013,0.0
54603,45.5032583876398,1.0,560,681,1241,0.0,0.0008333472224535399,1.0000000000000013,0.0
54604,45.50409173486225,1.0,560,681,1241,0.0,0.0008333472224535399,1.0000000000000013,0.0
54605,45.5049250820847,1.0,560,681,1241,0.0,0.0008333472224535399,1.0000000000000013,0.0
54606,45.50575842930716,1.0,560,681,1241,0.0,0.0008333472224535399,1.0000000000000013,0.0
54607,45.50659177652961,1.0,560,681,1241,0.0,0.0008333472224535399,1.0000000000000013,0.0
54608,45.507425123752064,1.0,560,681,1241,0.0,0.0008333472224535399,1.0000000000000013,0.0
54609,45.50825847097452,1.0,560,681,1241,0.0,0.0008333472224535399,1.0000000000000013,0.0
54610,45.50909181819697,1.0,560,681,1241,0.0,0.0008333472224535399,1.0000000000000013,0.0
54611,45.509925165419425,1.0,560,681,1241,0.0,0.0008333472224535399,1.0000000000000013,0.0
54612,45.51075851264188,1.0,560,681,1241,0.0,0.0008333472224535399,1.0000000000000013,0.0
54613,45.51159185986433,1.0,560,681,1241,0.0,0.0008333472224535399,1.0000000000000013,0.0
54614,45.512425207086785,1.0,560,681,1241,0.0,0.0008333472224535399,1.0000000000000013,0.0
54615,45.51325855430924,1.0,560,681,1241,0.0,0.0008333472224535399,1.0000000000000013,0.0
54616,45.51409190153169,1.0,560,681,1241,0.0,0.0008333472224535399,1.0000000000000013,0.0
54617,45.514925248754146,1.0,560,681,1241,0.0,0.0008333472224535399,1.0000000000000013,0.0
54618,45.5157585959766,1.0,560,681,1241,0.0,0.0008333472224535399,1.0000000000000013,0.0
54619,45.51659194319905,1.0,560,681,1241,0.0,0.0008333472224535399,1.0000000000000013,0.0
54620,45.51742529042151,1.0,560,681,1241,0.0,0.0008333472224535399,1.0000000000000013,0.0
54621,45.51825863764396,1.0,560,681,1241,0.0,0.0008333472224535399,1.0000000000000013,0.0
54622,45.519091984866414,1.0,560,681,1241,0.0,0.0008333472224535399,1.0000000000000013,0.0
54623,45.51992533208887,1.0,560,681,1241,0.0,0.0008333472224535399,1.0000000000000013,0.0
54624,45.52075867931132,1.0,560,681,1241,0.0,0.0008333472224535399,1.0000000000000013,0.0
54625,45.521592026533774,1.0,560,681,1241,0.0,0.0008333472224535399,1.0000000000000013,0.0
54626,45.52242537375623,1.0,560,681,1241,0.0,0.0008333472224535399,1.0000000000000013,0.0
54627,45.52325872097868,1.0,560,681,1241,0.0,0.0008333472224535399,1.0000000000000013,0.0
54628,45.52409206820114,1.0,560,681,1241,0.0,0.0008333472224606453,1.0000000000000013,0.0
54629,45.524925415423596,1.0,560,681,1241,0.0,0.0008333472224535399,1.0000000000000013,0.0
54630,45.52575876264605,1.0,560,681,1241,0.0,0.0008333472224535399,1.0000000000000013,0.0
54631,45.5265921098685,1.0,560,681,1241,0.0,0.0008333472224535399,1.0000000000000013,0.0
54632,45.527425457090956,1.0,560,681,1241,0.0,0.0008333472224535399,1.0000000000000013,0.0
54633,45.52825880431341,1.0,560,681,1241,0.0,0.0008333472224535399,1.0000000000000013,0.0
54634,45.52909215153586,1.0,560,681,1241,0.0,0.0008333472224535399,1.0000000000000013,0.0
54635,45.52992549875832,1.0,560,681,1241,0.0,0.0008333472224535399,1.0000000000000013,0.0
54636,45.53075884598077,1.0,560,681,1241,0.0,0.0008333472224535399,1.0000000000000013,0.0
54637,45.531592193203224,1.0,560,681,1241,0.0,0.0008333472224535399,1.0000000000000013,0.0
54638,45.53242554042568,1.0,560,681,1241,0.0,0.0008333472224535399,1.0000000000000013,0.0
54639,45.53325888764813,1.0,560,681,1241,0.0,0.0008333472224535399,1.0000000000000013,0.0
54640,45.534092234870585,1.0,560,681,1241,0.0,0.0008333472224535399,1.0000000000000013,0.0
54641,45.53492558209304,1.0,560,681,1241,0.0,0.0008333472224535399,1.0000000000000013,0.0
54642,45.53575892931549,1.0,560,681,1241,0.0,0.0008333472224535399,1.0000000000000013,0.0
54643,45.536592276537945,1.0,560,681,1241,0.0,0.0008333472224535399,1.0000000000000013,0.0
54644,45.5374256237604,1.0,560,681,1241,0.0,0.0008333472224535399,1.0000000000000013,0.0
54645,45.53825897098285,1.0,560,681,1241,0.0,0.0008333472224535399,1.0000000000000013,0.0
54646,45.539092318205306,1.0,560,681,1241,0.0,0.0008333472224535399,1.0000000000000013,0.0
54647,45.53992566542776,1.0,560,681,1241,0.0,0.0008333472224535399,1.0000000000000013,0.0
54648,45.54075901265021,1.0,560,681,1241,0.0,0.0008333472224535399,1.0000000000000013,0.0
54649,45.541592359872666,1.0,560,681,1241,0.0,0.0008333472224535399,1.0000000000000013,0.0
54650,45.54242570709512,1.0,560,681,1241,0.0,0.0008333472224535399,1.0000000000000013,0.0
54651,45.54325905431757,1.0,560,681,1241,0.0,0.0008333472224535399,1.0000000000000013,0.0
54652,45.54409240154003,1.0,560,681,1241,0.0,0.0008333472224535399,1.0000000000000013,0.0
54653,45.54492574876248,1.0,560,681,1241,0.0,0.0008333472224535399,1.0000000000000013,0.0
54654,45.545759095984934,0.9991941982272361,560,681,1241,-0.0008058017727639033,0.0008333472224535399,0.999919419822725,-8.058017727639034e-05
54655,45.54659244320739,0.9991941982272361,560,681,1241,0.0,0.0008333472224535399,0.9998388396454487,-8.058017727639034e-05
54656,45.54742579042984,0.9991941982272361,560,681,1241,0.0,0.0008333472224535399,0.9997582594681724,-8.058017727639034e-05
54657,45.548259137652295,1.0,560,681,1241,0.0008058017727639033,0.0008333472224535399,0.9997582594681724,0.0
54658,45.54909248487475,1.0,560,681,1241,0.0,0.0008333472224535399,0.9997582594681724,0.0
54659,45.5499258320972,1.0,560,681,1241,0.0,0.0008333472224535399,0.9997582594681724,0.0
54660,45.550759179319655,1.0,560,681,1241,0.0,0.0008333472224535399,0.9997582594681724,0.0
54661,45.55159252654211,1.0,560,681,1241,0.0,0.0008333472224535399,0.9997582594681724,0.0
54662,45.55242587376456,1.0,560,681,1241,0.0,0.0008333472224535399,0.9997582594681724,0.0
54663,45.553259220987016,1.0,560,681,1241,0.0,0.0008333472224535399,0.9997582594681724,0.0
54664,45.55409256820947,1.0,560,681,1241,0.0,0.0008333472224535399,0.9998388396454487,8.058017727639034e-05
54665,45.55492591543192,1.0,560,681,1241,0.0,0.0008333472224535399,0.999919419822725,8.058017727639034e-05
54666,45.55575926265438,1.0,560,681,1241,0.0,0.0008333472224535399,1.0000000000000013,8.058017727639034e-05
54667,45.55659260987683,1.0,560,681,1241,0.0,0.0008333472224535399,1.0000000000000013,0.0
54668,45.557425957099284,1.0,560,681,1241,0.0,0.0008333472224535399,1.0000000000000013,0.0
54669,45.55825930432174,1.0,560,681,1241,0.0,0.0008333472224535399,1.0000000000000013,0.0
54670,45.5590926515442,1.0,560,681,1241,0.0,0.0008333472224606453,1.0000000000000013,0.0
54671,45.55992599876665,1.0,560,681,1241,0.0,0.0008333472224535399,1.0000000000000013,0.0
54672,45.560759345989105,0.9991941982272361,560,681,1241,-0.0008058017727639033,0.0008333472224535399,0.999919419822725,-8.058017727639034e-05
54673,45.56159269321156,0.9991941982272361,560,681,1241,0.0,0.0008333472224535399,0.9998388396454487,-8.058017727639034e-05
54674,45.56242604043401,0.9991941982272361,560,681,1241,0.0,0.0008333472224535399,0.9997582594681724,-8.058017727639034e-05
54675,45.563259387656466,0.9991941982272361,560,681,1241,0.0,0.0008333472224535399,0.999677679290896,-8.058017727639034e-05
54676,45.56409273487892,0.9991941982272361,560,681,1241,0.0,0.0008333472224535399,0.9995970991136197,-8.058017727639034e-05
54677,45.56492608210137,0.9991941982272361,560,681,1241,0.0,0.0008333472224535399,0.9995165189363433,-8.058017727639034e-05
54678,45.565759429323826,0.9991941982272361,560,681,1241,0.0,0.0008333472224535399,0.999435938759067,-8.058017727639034e-05
54679,45.56659277654628,0.9991941982272361,560,681,1241,0.0,0.0008333472224535399,0.9993553585817907,-8.058017727639034e-05
54680,45.56742612376873,0.9991941982272361,560,681,1241,0.0,0.0008333472224535399,0.9992747784045143,-8.058017727639034e-05
54681,45.56825947099119,0.9991941982272361,560,681,1241,0.0,0.0008333472224535399,0.999194198227238,-8.058017727639034e-05
54682,45.56909281821364,0.9991941982272361,560,681,1241,0.0,0.0008333472224535399,0.999194198227238,0.0
54683,45.569926165436094,0.9991941982272361,560,681,1241,0.0,0.0008333472224535399,0.999194198227238,0.0
54684,45.57075951265855,0.9991941982272361,560,681,1241,0.0,0.0008333472224535399,0.999194198227238,0.0
54685,45.571592859881,1.0,560,681,1241,0.0008058017727639033,0.0008333472224535399,0.9992747784045143,8.058017727639034e-05
54686,45.572426207103454,1.0,560,681,1241,0.0,0.0008333472224535399,0.9993553585817907,8.058017727639034e-05
54687,45.57325955432591,1.0,560,681,1241,0.0,0.0008333472224535399,0.999435938759067,8.058017727639034e-05
54688,45.57409290154836,1.0,560,681,1241,0.0,0.0008333472224535399,0.9995165189363433,8.058017727639034e-05
54689,45.574926248770815,1.0,560,681,1241,0.0,0.0008333472224535399,0.9995970991136197,8.058017727639034e-05
54690,45.57575959599327,1.0,560,681,1241,0.0,0.0008333472224535399,0.999677679290896,8.058017727639034e-05
54691,45.57659294321572,1.0,560,681,1241,0.0,0.0008333472224535399,0.9997582594681724,8.058017727639034e-05
54692,45.577426290438176,1.0,560,681,1241,0.0,0.0008333472224535399,0.9998388396454487,8.058017727639034e-05
54693,45.57825963766063,1.0,560,681,1241,0.0,0.0008333472224535399,0.999919419822725,8.058017727639034e-05
54694,45.57909298488308,1.0,560,681,1241,0.0,0.0008333472224535399,1.0000000000000013,8.058017727639034e-05
54695,45.579926332105536,1.0,560,681,1241,0.0,0.0008333472224535399,1.0000000000000013,0.0
54696,45.58075967932799,0.9991941982272361,560,681,1241,-0.0008058017727639033,0.0008333472224535399,0.999919419822725,-8.058017727639034e-05
54697,45.58159302655044,0.9991941982272361,560,681,1241,0.0,0.0008333472224535399,0.9998388396454487,-8.058017727639034e-05
54698,45.5824263737729,0.9991941982272361,560,681,1241,0.0,0.0008333472224535399,0.9997582594681724,-8.058017727639034e-05
54699,45.58325972099535,1.0,560,681,1241,0.0008058017727639033,0.0008333472224535399,0.9997582594681724,0.0
54700,45.584093068217804,1.0,560,681,1241,0.0,0.0008333472224535399,0.9997582594681724,0.0
54701,45.58492641544026,1.0,560,681,1241,0.0,0.0008333472224535399,0.9997582594681724,0.0
54702,45.58575976266271,1.0,560,681,1241,0.0,0.0008333472224535399,0.9997582594681724,0.0
54703,45.586593109885165,1.0,560,681,1241,0.0,0.0008333472224535399,0.9997582594681724,0.0
54704,45.58742645710762,1.0,560,681,1241,0.0,0.0008333472224535399,0.9997582594681724,0.0
54705,45.58825980433007,1.0,560,681,1241,0.0,0.0008333472224535399,0.9997582594681724,0.0
54706,45.589093151552525,1.0,560,681,1241,0.0,0.0008333472224535399,0.9998388396454487,8.058017727639034e-05
54707,45.58992649877498,1.0,560,681,1241,0.0,0.0008333472224535399,0.999919419822725,8.058017727639034e-05
54708,45.59075984599743,1.0,560,681,1241,0.0,0.0008333472224535399,1.0000000000000013,8.058017727639034e-05
54709,45.591593193219886,1.0,560,681,1241,0.0,0.0008333472224535399,1.0000000000000013,0.0
54710,45.59242654044234,1.0,560,681,1241,0.0,0.0008333472224535399,1.0000000000000013,0.0
54711,45.59325988766479,1.0,560,681,1241,0.0,0.0008333472224535399,1.0000000000000013,0.0
54712,45.59409323488725,1.0,560,681,1241,0.0,0.0008333472224535399,1.0000000000000013,0.0
54713,45.59492658210971,1.0,560,681,1241,0.0,0.0008333472224606453,1.0000000000000013,0.0
54714,45.59575992933216,1.0,560,681,1241,0.0,0.0008333472224535399,1.0000000000000013,0.0
54715,45.596593276554614,1.0,560,681,1241,0.0,0.0008333472224535399,1.0000000000000013,0.0
54716,45.59742662377707,1.0,560,681,1241,0.0,0.0008333472224535399,1.0000000000000013,0.0
54717,45.59825997099952,1.0,560,681,1241,0.0,0.0008333472224535399,1.0000000000000013,0.0
54718,45.599093318221975,1.0,560,681,1241,0.0,0.0008333472224535399,1.0000000000000013,0.0
54719,45.59992666544443,1.0,560,681,1241,0.0,0.0008333472224535399,1.0000000000000013,0.0
54720,45.60076001266688,1.0,560,681,1241,0.0,0.0008333472224535399,1.0000000000000013,0.0
54721,45.601593359889335,1.0,560,681,1241,0.0,0.0008333472224535399,1.0000000000000013,0.0
54722,45.60242670711179,1.0,560,681,1241,0.0,0.0008333472224535399,1.0000000000000013,0.0
54723,45.60326005433424,1.0,560,681,1241,0.0,0.0008333472224535399,1.0000000000000013,0.0
54724,45.604093401556696,1.0,560,681,1241,0.0,0.0008333472224535399,1.0000000000000013,0.0
54725,45.60492674877915,1.0,560,681,1241,0.0,0.0008333472224535399,1.0000000000000013,0.0
54726,45.6057600960016,1.0,560,681,1241,0.0,0.0008333472224535399,1.0000000000000013,0.0
54727,45.60659344322406,1.0,560,681,1241,0.0,0.0008333472224535399,1.0000000000000013,0.0
54728,45.60742679044651,1.0,560,681,1241,0.0,0.0008333472224535399,1.0000000000000013,0.0
54729,45.608260137668964,1.0,560,681,1241,0.0,0.0008333472224535399,1.0000000000000013,0.0
54730,45.60909348489142,1.0,560,681,1241,0.0,0.0008333472224535399,1.0000000000000013,0.0
54731,45.60992683211387,1.0,560,681,1241,0.0,0.0008333472224535399,1.0000000000000013,0.0
54732,45.610760179336324,1.0,560,681,1241,0.0,0.0008333472224535399,1.0000000000000013,0.0
54733,45.61159352655878,1.0,560,681,1241,0.0,0.0008333472224535399,1.0000000000000013,0.0
54734,45.61242687378123,1.0,560,681,1241,0.0,0.0008333472224535399,1.0000000000000013,0.0
54735,45.613260221003685,1.0,560,681,1241,0.0,0.0008333472224535399,1.0000000000000013,0.0
54736,45.61409356822614,1.0,560,681,1241,0.0,0.0008333472224535399,1.0000000000000013,0.0
54737,45.61492691544859,1.0,560,681,1241,0.0,0.0008333472224535399,1.0000000000000013,0.0
54738,45.615760262671046,1.0,560,681,1241,0.0,0.0008333472224535399,1.0000000000000013,0.0
54739,45.6165936098935,1.0,560,681,1241,0.0,0.0008333472224535399,1.0000000000000013,0.0
54740,45.61742695711595,1.0,560,681,1241,0.0,0.0008333472224535399,1.0000000000000013,0.0
54741,45.618260304338406,1.0,560,681,1241,0.0,0.0008333472224535399,1.0000000000000013,0.0
54742,45.61909365156086,0.9991941982272361,560,681,1241,-0.0008058017727639033,0.0008333472224535399,0.999919419822725,-8.058017727639034e-05
54743,45.61992699878331,0.9991941982272361,560,681,1241,0.0,0.0008333472224535399,0.9998388396454487,-8.058017727639034e-05
54744,45.62076034600577,0.9983883964544722,560,681,1241,-0.0008058017727639033,0.0008333472224535399,0.999677679290896,-0.00016116035455278067
54745,45.62159369322822,0.9983883964544722,560,681,1241,0.0,0.0008333472224535399,0.9995165189363433,-0.00016116035455278067
54746,45.622427040450674,1.0,560,681,1241,0.0016116035455278066,0.0008333472224535399,0.9995165189363433,0.0
54747,45.62326038767313,1.0,560,681,1241,0.0,0.0008333472224535399,0.9995165189363433,0.0
54748,45.62409373489558,1.0,560,681,1241,0.0,0.0008333472224535399,0.9995165189363433,0.0
54749,45.624927082118035,1.0,560,681,1241,0.0,0.0008333472224535399,0.9995165189363433,0.0
54750,45.62576042934049,1.0,560,681,1241,0.0,0.0008333472224535399,0.9995165189363433,0.0
54751,45.62659377656294,1.0,560,681,1241,0.0,0.0008333472224535399,0.9995165189363433,0.0
54752,45.627427123785395,1.0,560,681,1241,0.0,0.0008333472224535399,0.9995970991136197,8.058017727639034e-05
54753,45.62826047100785,1.0,560,681,1241,0.0,0.0008333472224535399,0.999677679290896,8.058017727639034e-05
54754,45.6290938182303,1.0,560,681,1241,0.0,0.0008333472224535399,0.9998388396454487,0.00016116035455278067
54755,45.62992716545276,1.0,560,681,1241,0.0,0.0008333472224606453,1.0000000000000013,0.00016116035455278067
54756,45.63076051267522,1.0,560,681,1241,0.0,0.0008333472224535399,1.0000000000000013,0.0
54757,45.63159385989767,1.0,560,681,1241,0.0,0.0008333472224535399,1.0000000000000013,0.0
54758,45.632427207120124,1.0,560,681,1241,0.0,0.0008333472224535399,1.0000000000000013,0.0
54759,45.63326055434258,1.0,560,681,1241,0.0,0.0008333472224535399,1.0000000000000013,0.0
54760,45.63409390156503,1.0,560,681,1241,0.0,0.0008333472224535399,1.0000000000000013,0.0
54761,45.634927248787484,1.0,560,681,1241,0.0,0.0008333472224535399,1.0000000000000013,0.0
54762,45.63576059600994,1.0,560,681,1241,0.0,0.0008333472224535399,1.0000000000000013,0.0
54763,45.63659394323239,1.0,560,681,1241,0.0,0.0008333472224535399,1.0000000000000013,0.0
54764,45.637427290454845,1.0,560,681,1241,0.0,0.0008333472224535399,1.0000000000000013,0.0
54765,45.6382606376773,0.9991941982272361,560,681,1241,-0.0008058017727639033,0.0008333472224535399,0.999919419822725,-8.058017727639034e-05
54766,45.63909398489975,0.9991941982272361,560,681,1241,0.0,0.0008333472224535399,0.9998388396454487,-8.058017727639034e-05
54767,45.639927332122205,0.9991941982272361,560,681,1241,0.0,0.0008333472224535399,0.9997582594681724,-8.058017727639034e-05
54768,45.64076067934466,1.0,560,681,1241,0.0008058017727639033,0.0008333472224535399,0.9997582594681724,0.0
54769,45.64159402656711,1.0,560,681,1241,0.0,0.0008333472224535399,0.9997582594681724,0.0
54770,45.642427373789566,1.0,560,681,1241,0.0,0.0008333472224535399,0.9997582594681724,0.0
54771,45.64326072101202,1.0,560,681,1241,0.0,0.0008333472224535399,0.9997582594681724,0.0
54772,45.64409406823447,1.0,560,681,1241,0.0,0.0008333472224535399,0.9997582594681724,0.0
54773,45.64492741545693,1.0,560,681,1241,0.0,0.0008333472224535399,0.9997582594681724,0.0
54774,45.64576076267938,1.0,560,681,1241,0.0,0.0008333472224535399,0.9997582594681724,0.0
54775,45.646594109901834,1.0,560,681,1241,0.0,0.0008333472224535399,0.9998388396454487,8.058017727639034e-05
54776,45.64742745712429,0.9991941982272361,560,681,1241,-0.0008058017727639033,0.0008333472224535399,0.9998388396454487,0.0
54777,45.64826080434674,0.9991941982272361,560,681,1241,0.0,0.0008333472224535399,0.9998388396454487,0.0
54778,45.649094151569194,0.9991941982272361,560,681,1241,0.0,0.0008333472224535399,0.9997582594681724,-8.058017727639034e-05
54779,45.64992749879165,0.9991941982272361,560,681,1241,0.0,0.0008333472224535399,0.999677679290896,-8.058017727639034e-05
54780,45.6507608460141,0.9991941982272361,560,681,1241,0.0,0.0008333472224535399,0.9995970991136197,-8.058017727639034e-05
54781,45.651594193236555,0.9991941982272361,560,681,1241,0.0,0.0008333472224535399,0.9995165189363433,-8.058017727639034e-05
54782,45.65242754045901,0.9991941982272361,560,681,1241,0.0,0.0008333472224535399,0.999435938759067,-8.058017727639034e-05
54783,45.65326088768146,1.0,560,681,1241,0.0008058017727639033,0.0008333472224535399,0.999435938759067,0.0
54784,45.654094234903916,1.0,560,681,1241,0.0,0.0008333472224535399,0.999435938759067,0.0
54785,45.65492758212637,1.0,560,681,1241,0.0,0.0008333472224535399,0.999435938759067,0.0
54786,45.65576092934882,1.0,560,681,1241,0.0,0.0008333472224535399,0.9995165189363433,8.058017727639034e-05
54787,45.656594276571276,1.0,560,681,1241,0.0,0.0008333472224535399,0.9995970991136197,8.058017727639034e-05
54788,45.65742762379373,1.0,560,681,1241,0.0,0.0008333472224535399,0.999677679290896,8.058017727639034e-05
54789,45.65826097101618,1.0,560,681,1241,0.0,0.0008333472224535399,0.9997582594681724,8.058017727639034e-05
54790,45.65909431823864,1.0,560,681,1241,0.0,0.0008333472224535399,0.9998388396454487,8.058017727639034e-05
54791,45.65992766546109,1.0,560,681,1241,0.0,0.0008333472224535399,0.999919419822725,8.058017727639034e-05
54792,45.660761012683544,1.0,560,681,1241,0.0,0.0008333472224535399,1.0000000000000013,8.058017727639034e-05
54793,45.661594359906,1.0,560,681,1241,0.0,0.0008333472224535399,1.0000000000000013,0.0
54794,45.66242770712845,1.0,560,681,1241,0.0,0.0008333472224535399,1.0000000000000013,0.0
54795,45.663261054350905,1.0,560,681,1241,0.0,0.0008333472224535399,1.0000000000000013,0.0
54796,45.66409440157336,1.0,560,681,1241,0.0,0.0008333472224535399,1.0000000000000013,0.0
54797,45.66492774879582,1.0,560,681,1241,0.0,0.0008333472224606453,1.0000000000000013,0.0
54798,45.66576109601827,1.0,560,681,1241,0.0,0.0008333472224535399,1.0000000000000013,0.0
54799,45.666594443240726,1.0,560,681,1241,0.0,0.0008333472224535399,1.0000000000000013,0.0
54800,45.66742779046318,1.0,560,681,1241,0.0,0.0008333472224535399,1.0000000000000013,0.0
54801,45.66826113768563,1.0,560,681,1241,0.0,0.0008333472224535399,1.0000000000000013,0.0
54802,45.669094484908086,1.0,560,681,1241,0.0,0.0008333472224535399,1.0000000000000013,0.0
54803,45.66992783213054,1.0,560,681,1241,0.0,0.0008333472224535399,1.0000000000000013,0.0
54804,45.67076117935299,1.0,560,681,1241,0.0,0.0008333472224535399,1.0000000000000013,0.0
54805,45.67159452657545,1.0,560,681,1241,0.0,0.0008333472224535399,1.0000000000000013,0.0
54806,45.6724278737979,1.0,560,681,1241,0.0,0.0008333472224535399,1.0000000000000013,0.0
54807,45.673261221020354,1.0,560,681,1241,0.0,0.0008333472224535399,1.0000000000000013,0.0
54808,45.67409456824281,1.0,560,681,1241,0.0,0.0008333472224535399,1.0000000000000013,0.0
54809,45.67492791546526,1.0,560,681,1241,0.0,0.0008333472224535399,1.0000000000000013,0.0
54810,45.675761262687715,1.0,560,681,1241,0.0,0.0008333472224535399,1.0000000000000013,0.0
54811,45.67659460991017,1.0,560,681,1241,0.0,0.0008333472224535399,1.0000000000000013,0.0
54812,45.67742795713262,0.9991941982272361,560,681,1241,-0.0008058017727639033,0.0008333472224535399,0.999919419822725,-8.058017727639034e-05
54813,45.678261304355075,0.9991941982272361,560,681,1241,0.0,0.0008333472224535399,0.9998388396454487,-8.058017727639034e-05
54814,45.67909465157753,1.0,560,681,1241,0.0008058017727639033,0.0008333472224535399,0.9998388396454487,0.0
54815,45.67992799879998,1.0,560,681,1241,0.0,0.0008333472224535399,0.9998388396454487,0.0
54816,45.680761346022436,1.0,560,681,1241,0.0,0.0008333472224535399,0.9998388396454487,0.0
54817,45.68159469324489,1.0,560,681,1241,0.0,0.0008333472224535399,0.9998388396454487,0.0
54818,45.68242804046734,1.0,560,681,1241,0.0,0.0008333472224535399,0.9998388396454487,0.0
54819,45.6832613876898,1.0,560,681,1241,0.0,0.0008333472224535399,0.9998388396454487,0.0
54820,45.68409473491225,1.0,560,681,1241,0.0,0.0008333472224535399,0.9998388396454487,0.0
54821,45.684928082134704,1.0,560,681,1241,0.0,0.0008333472224535399,0.9998388396454487,0.0
54822,45.68576142935716,1.0,560,681,1241,0.0,0.0008333472224535399,0.999919419822725,8.058017727639034e-05
54823,45.68659477657961,1.0,560,681,1241,0.0,0.0008333472224535399,1.0000000000000013,8.058017727639034e-05
54824,45.687428123802064,1.0,560,681,1241,0.0,0.0008333472224535399,1.0000000000000013,0.0
54825,45.68826147102452,1.0,560,681,1241,0.0,0.0008333472224535399,1.0000000000000013,0.0
54826,45.68909481824697,0.9991941982272361,560,681,1241,-0.0008058017727639033,0.0008333472224535399,0.999919419822725,-8.058017727639034e-05
54827,45.689928165469425,0.9991941982272361,560,681,1241,0.0,0.0008333472224535399,0.9998388396454487,-8.058017727639034e-05
54828,45.69076151269188,0.9991941982272361,560,681,1241,0.0,0.0008333472224535399,0.9997582594681724,-8.058017727639034e-05
54829,45.69159485991433,1.0,560,681,1241,0.0008058017727639033,0.0008333472224535399,0.9997582594681724,0.0
54830,45.692428207136786,1.0,560,681,1241,0.0,0.0008333472224535399,0.9997582594681724,0.0
54831,45.69326155435924,1.0,560,681,1241,0.0,0.0008333472224535399,0.9997582594681724,0.0
54832,45.69409490158169,1.0,560,681,1241,0.0,0.0008333472224535399,0.9997582594681724,0.0
54833,45.694928248804146,1.0,560,681,1241,0.0,0.0008333472224535399,0.9997582594681724,0.0
54834,45.6957615960266,1.0,560,681,1241,0.0,0.0008333472224535399,0.9997582594681724,0.0
54835,45.69659494324905,1.0,560,681,1241,0.0,0.0008333472224535399,0.9997582594681724,0.0
54836,45.69742829047151,1.0,560,681,1241,0.0,0.0008333472224535399,0.9998388396454487,8.058017727639034e-05
54837,45.69826163769396,1.0,560,681,1241,0.0,0.0008333472224535399,0.999919419822725,8.058017727639034e-05
54838,45.699094984916414,1.0,560,681,1241,0.0,0.0008333472224535399,1.0000000000000013,8.058017727639034e-05
54839,45.69992833213887,1.0,560,681,1241,0.0,0.0008333472224535399,1.0000000000000013,0.0
54840,45.70076167936133,1.0,560,681,1241,0.0,0.0008333472224606453,1.0000000000000013,0.0
54841,45.70159502658378,1.0,560,681,1241,0.0,0.0008333472224535399,1.0000000000000013,0.0
54842,45.702428373806235,1.0,560,681,1241,0.0,0.0008333472224535399,1.0000000000000013,0.0
54843,45.70326172102869,1.0,560,681,1241,0.0,0.0008333472224535399,1.0000000000000013,0.0
54844,45.70409506825114,1.0,560,681,1241,0.0,0.0008333472224535399,1.0000000000000013,0.0
54845,45.704928415473596,1.0,560,681,1241,0.0,0.0008333472224535399,1.0000000000000013,0.0
54846,45.70576176269605,0.9991941982272361,560,681,1241,-0.0008058017727639033,0.0008333472224535399,0.999919419822725,-8.058017727639034e-05
54847,45.7065951099185,1.0,560,681,1241,0.0008058017727639033,0.0008333472224535399,0.999919419822725,0.0
54848,45.707428457140956,1.0,560,681,1241,0.0,0.0008333472224535399,0.999919419822725,0.0
54849,45.70826180436341,1.0,560,681,1241,0.0,0.0008333472224535399,0.999919419822725,0.0
54850,45.70909515158586,1.0,560,681,1241,0.0,0.0008333472224535399,0.999919419822725,0.0
54851,45.70992849880832,1.0,560,681,1241,0.0,0.0008333472224535399,0.999919419822725,0.0
54852,45.71076184603077,1.0,560,681,1241,0.0,0.0008333472224535399,0.999919419822725,0.0
54853,45.711595193253224,1.0,560,681,1241,0.0,0.0008333472224535399,0.999919419822725,0.0
54854,45.71242854047568,1.0,560,681,1241,0.0,0.0008333472224535399,0.999919419822725,0.0
54855,45.71326188769813,1.0,560,681,1241,0.0,0.0008333472224535399,0.999919419822725,0.0
54856,45.714095234920585,1.0,560,681,1241,0.0,0.0008333472224535399,1.0000000000000013,8.058017727639034e-05
54857,45.71492858214304,1.0,560,681,1241,0.0,0.0008333472224535399,1.0000000000000013,0.0
54858,45.71576192936549,1.0,560,681,1241,0.0,0.0008333472224535399,1.0000000000000013,0.0
54859,45.716595276587945,1.0,560,681,1241,0.0,0.0008333472224535399,1.0000000000000013,0.0
54860,45.7174286238104,1.0,560,681,1241,0.0,0.0008333472224535399,1.0000000000000013,0.0
54861,45.71826197103285,1.0,560,681,1241,0.0,0.0008333472224535399,1.0000000000000013,0.0
54862,45.719095318255306,1.0,560,681,1241,0.0,0.0008333472224535399,1.0000000000000013,0.0
54863,45.71992866547776,1.0,560,681,1241,0.0,0.0008333472224535399,1.0000000000000013,0.0
54864,45.72076201270021,1.0,560,681,1241,0.0,0.0008333472224535399,1.0000000000000013,0.0
54865,45.72159535992267,1.0,560,681,1241,0.0,0.0008333472224535399,1.0000000000000013,0.0
54866,45.72242870714512,1.0,560,681,1241,0.0,0.0008333472224535399,1.0000000000000013,0.0
54867,45.723262054367574,1.0,560,681,1241,0.0,0.0008333472224535399,1.0000000000000013,0.0
54868,45.72409540159003,1.0,560,681,1241,0.0,0.0008333472224535399,1.0000000000000013,0.0
54869,45.72492874881248,1.0,560,681,1241,0.0,0.0008333472224535399,1.0000000000000013,0.0
54870,45.725762096034934,1.0,560,681,1241,0.0,0.0008333472224535399,1.0000000000000013,0.0
54871,45.72659544325739,1.0,560,681,1241,0.0,0.0008333472224535399,1.0000000000000013,0.0
54872,45.72742879047984,1.0,560,681,1241,0.0,0.0008333472224535399,1.0000000000000013,0.0
54873,45.728262137702295,1.0,560,681,1241,0.0,0.0008333472224535399,1.0000000000000013,0.0
54874,45.72909548492475,1.0,560,681,1241,0.0,0.0008333472224535399,1.0000000000000013,0.0
54875,45.7299288321472,1.0,560,681,1241,0.0,0.0008333472224535399,1.0000000000000013,0.0
54876,45.730762179369655,1.0,560,681,1241,0.0,0.0008333472224535399,1.0000000000000013,0.0
54877,45.73159552659211,1.0,560,681,1241,0.0,0.0008333472224535399,1.0000000000000013,0.0
54878,45.73242887381456,1.0,560,681,1241,0.0,0.0008333472224535399,1.0000000000000013,0.0
54879,45.733262221037016,1.0,560,681,1241,0.0,0.0008333472224535399,1.0000000000000013,0.0
54880,45.73409556825947,1.0,560,681,1241,0.0,0.0008333472224535399,1.0000000000000013,0.0
54881,45.73492891548192,1.0,560,681,1241,0.0,0.0008333472224535399,1.0000000000000013,0.0
54882,45.735762262704384,1.0,560,681,1241,0.0,0.0008333472224606453,1.0000000000000013,0.0
54883,45.73659560992684,1.0,560,681,1241,0.0,0.0008333472224535399,1.0000000000000013,0.0
54884,45.73742895714929,1.0,560,681,1241,0.0,0.0008333472224535399,1.0000000000000013,0.0
54885,45.738262304371744,1.0,560,681,1241,0.0,0.0008333472224535399,1.0000000000000013,0.0
54886,45.7390956515942,1.0,560,681,1241,0.0,0.0008333472224535399,1.0000000000000013,0.0
54887,45.73992899881665,1.0,560,681,1241,0.0,0.0008333472224535399,1.0000000000000013,0.0
54888,45.740762346039105,1.0,560,681,1241,0.0,0.0008333472224535399,1.0000000000000013,0.0
54889,45.74159569326156,1.0,560,681,1241,0.0,0.0008333472224535399,1.0000000000000013,0.0
54890,45.74242904048401,1.0,560,681,1241,0.0,0.0008333472224535399,1.0000000000000013,0.0
54891,45.743262387706466,1.0,560,681,1241,0.0,0.0008333472224535399,1.0000000000000013,0.0
54892,45.74409573492892,1.0,560,681,1241,0.0,0.0008333472224535399,1.0000000000000013,0.0
54893,45.74492908215137,1.0,560,681,1241,0.0,0.0008333472224535399,1.0000000000000013,0.0
54894,45.745762429373826,1.0,560,681,1241,0.0,0.0008333472224535399,1.0000000000000013,0.0
54895,45.74659577659628,1.0,560,681,1241,0.0,0.0008333472224535399,1.0000000000000013,0.0
54896,45.74742912381873,1.0,560,681,1241,0.0,0.0008333472224535399,1.0000000000000013,0.0
54897,45.74826247104119,1.0,560,681,1241,0.0,0.0008333472224535399,1.0000000000000013,0.0
54898,45.74909581826364,1.0,560,681,1241,0.0,0.0008333472224535399,1.0000000000000013,0.0
54899,45.749929165486094,1.0,560,681,1241,0.0,0.0008333472224535399,1.0000000000000013,0.0
54900,45.75076251270855,1.0,560,681,1241,0.0,0.0008333472224535399,1.0000000000000013,0.0
54901,45.751595859931,1.0,560,681,1241,0.0,0.0008333472224535399,1.0000000000000013,0.0
54902,45.752429207153455,1.0,560,681,1241,0.0,0.0008333472224535399,1.0000000000000013,0.0
54903,45.75326255437591,1.0,560,681,1241,0.0,0.0008333472224535399,1.0000000000000013,0.0
54904,45.75409590159836,0.9991941982272361,560,681,1241,-0.0008058017727639033,0.0008333472224535399,0.999919419822725,-8.058017727639034e-05
54905,45.754929248820815,0.9991941982272361,560,681,1241,0.0,0.0008333472224535399,0.9998388396454487,-8.058017727639034e-05
54906,45.75576259604327,0.9991941982272361,560,681,1241,0.0,0.0008333472224535399,0.9997582594681724,-8.058017727639034e-05
54907,45.75659594326572,0.9991941982272361,560,681,1241,0.0,0.0008333472224535399,0.999677679290896,-8.058017727639034e-05
54908,45.757429290488176,0.9991941982272361,560,681,1241,0.0,0.0008333472224535399,0.9995970991136197,-8.058017727639034e-05
54909,45.75826263771063,0.9991941982272361,560,681,1241,0.0,0.0008333472224535399,0.9995165189363433,-8.058017727639034e-05
54910,45.75909598493308,0.9991941982272361,560,681,1241,0.0,0.0008333472224535399,0.999435938759067,-8.058017727639034e-05
54911,45.75992933215554,0.9983883964544722,560,681,1241,-0.0008058017727639033,0.0008333472224535399,0.9992747784045143,-0.00016116035455278067
54912,45.76076267937799,0.9991941982272361,560,681,1241,0.0008058017727639033,0.0008333472224535399,0.999194198227238,-8.058017727639034e-05
54913,45.761596026600444,0.9991941982272361,560,681,1241,0.0,0.0008333472224535399,0.9991136180499616,-8.058017727639034e-05
54914,45.7624293738229,0.9991941982272361,560,681,1241,0.0,0.0008333472224535399,0.9991136180499616,0.0
54915,45.76326272104535,1.0,560,681,1241,0.0008058017727639033,0.0008333472224535399,0.999194198227238,8.058017727639034e-05
54916,45.764096068267804,1.0,560,681,1241,0.0,0.0008333472224535399,0.9992747784045143,8.058017727639034e-05
54917,45.76492941549026,1.0,560,681,1241,0.0,0.0008333472224535399,0.9993553585817907,8.058017727639034e-05
54918,45.76576276271271,1.0,560,681,1241,0.0,0.0008333472224535399,0.999435938759067,8.058017727639034e-05
54919,45.766596109935165,1.0,560,681,1241,0.0,0.0008333472224535399,0.9995165189363433,8.058017727639034e-05
54920,45.76742945715762,1.0,560,681,1241,0.0,0.0008333472224535399,0.9995970991136197,8.058017727639034e-05
54921,45.76826280438007,1.0,560,681,1241,0.0,0.0008333472224535399,0.9997582594681724,0.00016116035455278067
54922,45.769096151602525,1.0,560,681,1241,0.0,0.0008333472224535399,0.9998388396454487,8.058017727639034e-05
54923,45.76992949882498,1.0,560,681,1241,0.0,0.0008333472224535399,0.999919419822725,8.058017727639034e-05
54924,45.77076284604744,1.0,560,681,1241,0.0,0.0008333472224606453,1.0000000000000013,8.058017727639034e-05
54925,45.77159619326989,1.0,560,681,1241,0.0,0.0008333472224535399,1.0000000000000013,0.0
54926,45.77242954049235,1.0,560,681,1241,0.0,0.0008333472224535399,1.0000000000000013,0.0
54927,45.7732628877148,1.0,560,681,1241,0.0,0.0008333472224535399,1.0000000000000013,0.0
54928,45.774096234937254,1.0,560,681,1241,0.0,0.0008333472224535399,1.0000000000000013,0.0
54929,45.77492958215971,1.0,560,681,1241,0.0,0.0008333472224535399,1.0000000000000013,0.0
54930,45.77576292938216,1.0,560,681,1241,0.0,0.0008333472224535399,1.0000000000000013,0.0
54931,45.776596276604614,1.0,560,681,1241,0.0,0.0008333472224535399,1.0000000000000013,0.0
54932,45.77742962382707,1.0,560,681,1241,0.0,0.0008333472224535399,1.0000000000000013,0.0
54933,45.77826297104952,1.0,560,681,1241,0.0,0.0008333472224535399,1.0000000000000013,0.0
54934,45.779096318271975,1.0,560,681,1241,0.0,0.0008333472224535399,1.0000000000000013,0.0
54935,45.77992966549443,1.0,560,681,1241,0.0,0.0008333472224535399,1.0000000000000013,0.0
54936,45.78076301271688,1.0,560,681,1241,0.0,0.0008333472224535399,1.0000000000000013,0.0
54937,45.781596359939336,1.0,560,681,1241,0.0,0.0008333472224535399,1.0000000000000013,0.0
54938,45.78242970716179,1.0,560,681,1241,0.0,0.0008333472224535399,1.0000000000000013,0.0
54939,45.78326305438424,1.0,560,681,1241,0.0,0.0008333472224535399,1.0000000000000013,0.0
54940,45.784096401606696,1.0,560,681,1241,0.0,0.0008333472224535399,1.0000000000000013,0.0
54941,45.78492974882915,1.0,560,681,1241,0.0,0.0008333472224535399,1.0000000000000013,0.0
54942,45.7857630960516,1.0,560,681,1241,0.0,0.0008333472224535399,1.0000000000000013,0.0
54943,45.78659644327406,1.0,560,681,1241,0.0,0.0008333472224535399,1.0000000000000013,0.0
54944,45.78742979049651,1.0,560,681,1241,0.0,0.0008333472224535399,1.0000000000000013,0.0
54945,45.788263137718964,1.0,560,681,1241,0.0,0.0008333472224535399,1.0000000000000013,0.0
54946,45.78909648494142,1.0,560,681,1241,0.0,0.0008333472224535399,1.0000000000000013,0.0
54947,45.78992983216387,1.0,560,681,1241,0.0,0.0008333472224535399,1.0000000000000013,0.0
54948,45.790763179386325,1.0,560,681,1241,0.0,0.0008333472224535399,1.0000000000000013,0.0
54949,45.79159652660878,1.0,560,681,1241,0.0,0.0008333472224535399,1.0000000000000013,0.0
54950,45.79242987383123,1.0,560,681,1241,0.0,0.0008333472224535399,1.0000000000000013,0.0
54951,45.793263221053685,1.0,560,681,1241,0.0,0.0008333472224535399,1.0000000000000013,0.0
54952,45.79409656827614,1.0,560,681,1241,0.0,0.0008333472224535399,1.0000000000000013,0.0
54953,45.79492991549859,1.0,560,681,1241,0.0,0.0008333472224535399,1.0000000000000013,0.0
54954,45.795763262721046,1.0,560,681,1241,0.0,0.0008333472224535399,1.0000000000000013,0.0
54955,45.7965966099435,1.0,560,681,1241,0.0,0.0008333472224535399,1.0000000000000013,0.0
54956,45.79742995716595,1.0,560,681,1241,0.0,0.0008333472224535399,1.0000000000000013,0.0
54957,45.798263304388406,1.0,560,681,1241,0.0,0.0008333472224535399,1.0000000000000013,0.0
54958,45.79909665161086,1.0,560,681,1241,0.0,0.0008333472224535399,1.0000000000000013,0.0
54959,45.79992999883331,1.0,560,681,1241,0.0,0.0008333472224535399,1.0000000000000013,0.0
54960,45.80076334605577,1.0,560,681,1241,0.0,0.0008333472224535399,1.0000000000000013,0.0
54961,45.80159669327822,1.0,560,681,1241,0.0,0.0008333472224535399,1.0000000000000013,0.0
54962,45.802430040500674,1.0,560,681,1241,0.0,0.0008333472224535399,1.0000000000000013,0.0
54963,45.80326338772313,1.0,560,681,1241,0.0,0.0008333472224535399,1.0000000000000013,0.0
54964,45.80409673494558,1.0,560,681,1241,0.0,0.0008333472224535399,1.0000000000000013,0.0
54965,45.804930082168035,1.0,560,681,1241,0.0,0.0008333472224535399,1.0000000000000013,0.0
54966,45.80576342939049,1.0,560,681,1241,0.0,0.0008333472224535399,1.0000000000000013,0.0
54967,45.80659677661295,1.0,560,681,1241,0.0,0.0008333472224606453,1.0000000000000013,0.0
54968,45.8074301238354,1.0,560,681,1241,0.0,0.0008333472224535399,1.0000000000000013,0.0
54969,45.808263471057856,1.0,560,681,1241,0.0,0.0008333472224535399,1.0000000000000013,0.0
54970,45.80909681828031,1.0,560,681,1241,0.0,0.0008333472224535399,1.0000000000000013,0.0
54971,45.80993016550276,1.0,560,681,1241,0.0,0.0008333472224535399,1.0000000000000013,0.0
54972,45.81076351272522,1.0,560,681,1241,0.0,0.0008333472224535399,1.0000000000000013,0.0
54973,45.81159685994767,1.0,560,681,1241,0.0,0.0008333472224535399,1.0000000000000013,0.0
54974,45.812430207170124,1.0,560,681,1241,0.0,0.0008333472224535399,1.0000000000000013,0.0
54975,45.81326355439258,1.0,560,681,1241,0.0,0.0008333472224535399,1.0000000000000013,0.0
54976,45.81409690161503,1.0,560,681,1241,0.0,0.0008333472224535399,1.0000000000000013,0.0
54977,45.814930248837484,1.0,560,681,1241,0.0,0.0008333472224535399,1.0000000000000013,0.0
54978,45.81576359605994,1.0,560,681,1241,0.0,0.0008333472224535399,1.0000000000000013,0.0
54979,45.81659694328239,1.0,560,681,1241,0.0,0.0008333472224535399,1.0000000000000013,0.0
54980,45.817430290504845,1.0,560,681,1241,0.0,0.0008333472224535399,1.0000000000000013,0.0
54981,45.8182636377273,1.0,560,681,1241,0.0,0.0008333472224535399,1.0000000000000013,0.0
54982,45.81909698494975,1.0,560,681,1241,0.0,0.0008333472224535399,1.0000000000000013,0.0
54983,45.819930332172206,0.9991941982272361,560,681,1241,-0.0008058017727639033,0.0008333472224535399,0.999919419822725,-8.058017727639034e-05
54984,45.82076367939466,0.9991941982272361,560,681,1241,0.0,0.0008333472224535399,0.9998388396454487,-8.058017727639034e-05
54985,45.82159702661711,0.9991941982272361,560,681,1241,0.0,0.0008333472224535399,0.9997582594681724,-8.058017727639034e-05
54986,45.822430373839566,0.9991941982272361,560,681,1241,0.0,0.0008333472224535399,0.999677679290896,-8.058017727639034e-05
54987,45.82326372106202,0.9991941982272361,560,681,1241,0.0,0.0008333472224535399,0.9995970991136197,-8.058017727639034e-05
54988,45.82409706828447,0.9991941982272361,560,681,1241,0.0,0.0008333472224535399,0.9995165189363433,-8.058017727639034e-05
54989,45.82493041550693,0.9991941982272361,560,681,1241,0.0,0.0008333472224535399,0.999435938759067,-8.058017727639034e-05
54990,45.82576376272938,0.9991941982272361,560,681,1241,0.0,0.0008333472224535399,0.9993553585817907,-8.058017727639034e-05
54991,45.826597109951834,1.0,560,681,1241,0.0008058017727639033,0.0008333472224535399,0.9993553585817907,0.0
54992,45.82743045717429,1.0,560,681,1241,0.0,0.0008333472224535399,0.9993553585817907,0.0
54993,45.82826380439674,1.0,560,681,1241,0.0,0.0008333472224535399,0.999435938759067,8.058017727639034e-05
54994,45.829097151619195,1.0,560,681,1241,0.0,0.0008333472224535399,0.9995165189363433,8.058017727639034e-05
54995,45.82993049884165,1.0,560,681,1241,0.0,0.0008333472224535399,0.9995970991136197,8.058017727639034e-05
54996,45.8307638460641,1.0,560,681,1241,0.0,0.0008333472224535399,0.999677679290896,8.058017727639034e-05
54997,45.831597193286555,1.0,560,681,1241,0.0,0.0008333472224535399,0.9997582594681724,8.058017727639034e-05
54998,45.83243054050901,1.0,560,681,1241,0.0,0.0008333472224535399,0.9998388396454487,8.058017727639034e-05
54999,45.83326388773146,1.0,560,681,1241,0.0,0.0008333472224535399,0.999919419822725,8.058017727639034e-05
55000,45.834097234953916,1.0,560,681,1241,0.0,0.0008333472224535399,1.0000000000000013,8.058017727639034e-05
55001,45.83493058217637,1.0,560,681,1241,0.0,0.0008333472224535399,1.0000000000000013,0.0
55002,45.83576392939882,1.0,560,681,1241,0.0,0.0008333472224535399,1.0000000000000013,0.0
55003,45.836597276621276,1.0,560,681,1241,0.0,0.0008333472224535399,1.0000000000000013,0.0
55004,45.83743062384373,1.0,560,681,1241,0.0,0.0008333472224535399,1.0000000000000013,0.0
55005,45.83826397106618,1.0,560,681,1241,0.0,0.0008333472224535399,1.0000000000000013,0.0
55006,45.83909731828864,1.0,560,681,1241,0.0,0.0008333472224535399,1.0000000000000013,0.0
55007,45.83993066551109,1.0,560,681,1241,0.0,0.0008333472224535399,1.0000000000000013,0.0
55008,45.840764012733544,1.0,560,681,1241,0.0,0.0008333472224535399,1.0000000000000013,0.0
55009,45.841597359956005,1.0,560,681,1241,0.0,0.0008333472224606453,1.0000000000000013,0.0
55010,45.84243070717846,1.0,560,681,1241,0.0,0.0008333472224535399,1.0000000000000013,0.0
55011,45.84326405440091,1.0,560,681,1241,0.0,0.0008333472224535399,1.0000000000000013,0.0
55012,45.844097401623365,1.0,560,681,1241,0.0,0.0008333472224535399,1.0000000000000013,0.0
55013,45.84493074884582,1.0,560,681,1241,0.0,0.0008333472224535399,1.0000000000000013,0.0
55014,45.84576409606827,1.0,560,681,1241,0.0,0.0008333472224535399,1.0000000000000013,0.0
55015,45.846597443290726,1.0,560,681,1241,0.0,0.0008333472224535399,1.0000000000000013,0.0
55016,45.84743079051318,1.0,560,681,1241,0.0,0.0008333472224535399,1.0000000000000013,0.0
55017,45.84826413773563,1.0,560,681,1241,0.0,0.0008333472224535399,1.0000000000000013,0.0
55018,45.84909748495809,1.0,560,681,1241,0.0,0.0008333472224535399,1.0000000000000013,0.0
55019,45.84993083218054,1.0,560,681,1241,0.0,0.0008333472224535399,1.0000000000000013,0.0
55020,45.850764179402994,1.0,560,681,1241,0.0,0.0008333472224535399,1.0000000000000013,0.0
55021,45.85159752662545,1.0,560,681,1241,0.0,0.0008333472224535399,1.0000000000000013,0.0
55022,45.8524308738479,1.0,560,681,1241,0.0,0.0008333472224535399,1.0000000000000013,0.0
55023,45.853264221070354,1.0,560,681,1241,0.0,0.0008333472224535399,1.0000000000000013,0.0
55024,45.85409756829281,1.0,560,681,1241,0.0,0.0008333472224535399,1.0000000000000013,0.0
55025,45.85493091551526,1.0,560,681,1241,0.0,0.0008333472224535399,1.0000000000000013,0.0
55026,45.855764262737715,1.0,560,681,1241,0.0,0.0008333472224535399,1.0000000000000013,0.0
55027,45.85659760996017,1.0,560,681,1241,0.0,0.0008333472224535399,1.0000000000000013,0.0
55028,45.85743095718262,1.0,560,681,1241,0.0,0.0008333472224535399,1.0000000000000013,0.0
55029,45.858264304405076,1.0,560,681,1241,0.0,0.0008333472224535399,1.0000000000000013,0.0
55030,45.85909765162753,1.0,560,681,1241,0.0,0.0008333472224535399,1.0000000000000013,0.0
55031,45.85993099884998,1.0,560,681,1241,0.0,0.0008333472224535399,1.0000000000000013,0.0
55032,45.860764346072436,1.0,560,681,1241,0.0,0.0008333472224535399,1.0000000000000013,0.0
55033,45.86159769329489,1.0,560,681,1241,0.0,0.0008333472224535399,1.0000000000000013,0.0
55034,45.86243104051734,1.0,560,681,1241,0.0,0.0008333472224535399,1.0000000000000013,0.0
55035,45.8632643877398,1.0,560,681,1241,0.0,0.0008333472224535399,1.0000000000000013,0.0
55036,45.86409773496225,1.0,560,681,1241,0.0,0.0008333472224535399,1.0000000000000013,0.0
55037,45.864931082184704,1.0,560,681,1241,0.0,0.0008333472224535399,1.0000000000000013,0.0
55038,45.86576442940716,0.9991941982272361,560,681,1241,-0.0008058017727639033,0.0008333472224535399,0.999919419822725,-8.058017727639034e-05
55039,45.86659777662961,0.9991941982272361,560,681,1241,0.0,0.0008333472224535399,0.9998388396454487,-8.058017727639034e-05
55040,45.867431123852064,0.9983883964544722,560,681,1241,-0.0008058017727639033,0.0008333472224535399,0.999677679290896,-0.00016116035455278067
55041,45.86826447107452,0.9991941982272361,560,681,1241,0.0008058017727639033,0.0008333472224535399,0.9995970991136197,-8.058017727639034e-05
55042,45.86909781829697,0.9991941982272361,560,681,1241,0.0,0.0008333472224535399,0.9995165189363433,-8.058017727639034e-05
55043,45.869931165519425,0.9991941982272361,560,681,1241,0.0,0.0008333472224535399,0.999435938759067,-8.058017727639034e-05
55044,45.87076451274188,0.9991941982272361,560,681,1241,0.0,0.0008333472224535399,0.9993553585817907,-8.058017727639034e-05
55045,45.87159785996433,0.9991941982272361,560,681,1241,0.0,0.0008333472224535399,0.9992747784045143,-8.058017727639034e-05
55046,45.872431207186786,1.0,560,681,1241,0.0008058017727639033,0.0008333472224535399,0.9992747784045143,0.0
55047,45.87326455440924,1.0,560,681,1241,0.0,0.0008333472224535399,0.9992747784045143,0.0
55048,45.87409790163169,1.0,560,681,1241,0.0,0.0008333472224535399,0.9993553585817907,8.058017727639034e-05
55049,45.874931248854146,1.0,560,681,1241,0.0,0.0008333472224535399,0.999435938759067,8.058017727639034e-05
55050,45.8757645960766,1.0,560,681,1241,0.0,0.0008333472224535399,0.9995970991136197,0.00016116035455278067
55051,45.87659794329905,1.0,560,681,1241,0.0,0.0008333472224535399,0.999677679290896,8.058017727639034e-05
55052,45.877431290521514,1.0,560,681,1241,0.0,0.0008333472224606453,0.9997582594681724,8.058017727639034e-05
55053,45.87826463774397,1.0,560,681,1241,0.0,0.0008333472224535399,0.9998388396454487,8.058017727639034e-05
55054,45.87909798496642,1.0,560,681,1241,0.0,0.0008333472224535399,0.999919419822725,8.058017727639034e-05
55055,45.879931332188875,1.0,560,681,1241,0.0,0.0008333472224535399,1.0000000000000013,8.058017727639034e-05
55056,45.88076467941133,1.0,560,681,1241,0.0,0.0008333472224535399,1.0000000000000013,0.0
55057,45.88159802663378,1.0,560,681,1241,0.0,0.0008333472224535399,1.0000000000000013,0.0
55058,45.882431373856235,1.0,560,681,1241,0.0,0.0008333472224535399,1.0000000000000013,0.0
55059,45.88326472107869,1.0,560,681,1241,0.0,0.0008333472224535399,1.0000000000000013,0.0
55060,45.88409806830114,1.0,560,681,1241,0.0,0.0008333472224535399,1.0000000000000013,0.0
55061,45.884931415523596,1.0,560,681,1241,0.0,0.0008333472224535399,1.0000000000000013,0.0
55062,45.88576476274605,1.0,560,681,1241,0.0,0.0008333472224535399,1.0000000000000013,0.0
55063,45.8865981099685,1.0,560,681,1241,0.0,0.0008333472224535399,1.0000000000000013,0.0
55064,45.88743145719096,1.0,560,681,1241,0.0,0.0008333472224535399,1.0000000000000013,0.0
55065,45.88826480441341,1.0,560,681,1241,0.0,0.0008333472224535399,1.0000000000000013,0.0
55066,45.889098151635864,1.0,560,681,1241,0.0,0.0008333472224535399,1.0000000000000013,0.0
55067,45.88993149885832,1.0,560,681,1241,0.0,0.0008333472224535399,1.0000000000000013,0.0
55068,45.89076484608077,1.0,560,681,1241,0.0,0.0008333472224535399,1.0000000000000013,0.0
55069,45.891598193303224,1.0,560,681,1241,0.0,0.0008333472224535399,1.0000000000000013,0.0
55070,45.89243154052568,1.0,560,681,1241,0.0,0.0008333472224535399,1.0000000000000013,0.0
55071,45.89326488774813,1.0,560,681,1241,0.0,0.0008333472224535399,1.0000000000000013,0.0
55072,45.894098234970585,1.0,560,681,1241,0.0,0.0008333472224535399,1.0000000000000013,0.0
55073,45.89493158219304,1.0,560,681,1241,0.0,0.0008333472224535399,1.0000000000000013,0.0
55074,45.89576492941549,0.9991941982272361,560,681,1241,-0.0008058017727639033,0.0008333472224535399,0.999919419822725,-8.058017727639034e-05
55075,45.896598276637945,0.9991941982272361,560,681,1241,0.0,0.0008333472224535399,0.9998388396454487,-8.058017727639034e-05
55076,45.8974316238604,1.0,560,681,1241,0.0008058017727639033,0.0008333472224535399,0.9998388396454487,0.0
55077,45.89826497108285,1.0,560,681,1241,0.0,0.0008333472224535399,0.9998388396454487,0.0
55078,45.899098318305306,1.0,560,681,1241,0.0,0.0008333472224535399,0.9998388396454487,0.0
55079,45.89993166552776,1.0,560,681,1241,0.0,0.0008333472224535399,0.9998388396454487,0.0
55080,45.90076501275021,1.0,560,681,1241,0.0,0.0008333472224535399,0.9998388396454487,0.0
55081,45.90159835997267,1.0,560,681,1241,0.0,0.0008333472224535399,0.9998388396454487,0.0
55082,45.90243170719512,1.0,560,681,1241,0.0,0.0008333472224535399,0.9998388396454487,0.0
55083,45.903265054417574,1.0,560,681,1241,0.0,0.0008333472224535399,0.9998388396454487,0.0
55084,45.90409840164003,1.0,560,681,1241,0.0,0.0008333472224535399,0.999919419822725,8.058017727639034e-05
55085,45.90493174886248,1.0,560,681,1241,0.0,0.0008333472224535399,1.0000000000000013,8.058017727639034e-05
55086,45.905765096084934,1.0,560,681,1241,0.0,0.0008333472224535399,1.0000000000000013,0.0
55087,45.90659844330739,1.0,560,681,1241,0.0,0.0008333472224535399,1.0000000000000013,0.0
55088,45.90743179052984,1.0,560,681,1241,0.0,0.0008333472224535399,1.0000000000000013,0.0
55089,45.908265137752295,1.0,560,681,1241,0.0,0.0008333472224535399,1.0000000000000013,0.0
55090,45.90909848497475,0.9991941982272361,560,681,1241,-0.0008058017727639033,0.0008333472224535399,0.999919419822725,-8.058017727639034e-05
55091,45.9099318321972,1.0,560,681,1241,0.0008058017727639033,0.0008333472224535399,0.999919419822725,0.0
55092,45.910765179419656,1.0,560,681,1241,0.0,0.0008333472224535399,0.999919419822725,0.0
55093,45.91159852664211,1.0,560,681,1241,0.0,0.0008333472224535399,0.999919419822725,0.0
55094,45.91243187386457,1.0,560,681,1241,0.0,0.0008333472224606453,0.999919419822725,0.0
55095,45.91326522108702,1.0,560,681,1241,0.0,0.0008333472224535399,0.999919419822725,0.0
55096,45.91409856830948,1.0,560,681,1241,0.0,0.0008333472224535399,0.999919419822725,0.0
55097,45.91493191553193,1.0,560,681,1241,0.0,0.0008333472224535399,0.999919419822725,0.0
55098,45.915765262754384,1.0,560,681,1241,0.0,0.0008333472224535399,0.999919419822725,0.0
55099,45.91659860997684,1.0,560,681,1241,0.0,0.0008333472224535399,0.999919419822725,0.0
55100,45.91743195719929,1.0,560,681,1241,0.0,0.0008333472224535399,1.0000000000000013,8.058017727639034e-05
55101,45.918265304421745,1.0,560,681,1241,0.0,0.0008333472224535399,1.0000000000000013,0.0
55102,45.9190986516442,1.0,560,681,1241,0.0,0.0008333472224535399,1.0000000000000013,0.0
55103,45.91993199886665,1.0,560,681,1241,0.0,0.0008333472224535399,1.0000000000000013,0.0
55104,45.920765346089105,1.0,560,681,1241,0.0,0.0008333472224535399,1.0000000000000013,0.0
55105,45.92159869331156,1.0,560,681,1241,0.0,0.0008333472224535399,1.0000000000000013,0.0
55106,45.92243204053401,1.0,560,681,1241,0.0,0.0008333472224535399,1.0000000000000013,0.0
55107,45.923265387756466,1.0,560,681,1241,0.0,0.0008333472224535399,1.0000000000000013,0.0
55108,45.92409873497892,1.0,560,681,1241,0.0,0.0008333472224535399,1.0000000000000013,0.0
55109,45.92493208220137,1.0,560,681,1241,0.0,0.0008333472224535399,1.0000000000000013,0.0
55110,45.925765429423826,1.0,560,681,1241,0.0,0.0008333472224535399,1.0000000000000013,0.0
55111,45.92659877664628,1.0,560,681,1241,0.0,0.0008333472224535399,1.0000000000000013,0.0
55112,45.92743212386873,1.0,560,681,1241,0.0,0.0008333472224535399,1.0000000000000013,0.0
55113,45.92826547109119,1.0,560,681,1241,0.0,0.0008333472224535399,1.0000000000000013,0.0
55114,45.92909881831364,0.9991941982272361,560,681,1241,-0.0008058017727639033,0.0008333472224535399,0.999919419822725,-8.058017727639034e-05
55115,45.929932165536094,0.9991941982272361,560,681,1241,0.0,0.0008333472224535399,0.9998388396454487,-8.058017727639034e-05
55116,45.93076551275855,1.0,560,681,1241,0.0008058017727639033,0.0008333472224535399,0.9998388396454487,0.0
55117,45.931598859981,1.0,560,681,1241,0.0,0.0008333472224535399,0.9998388396454487,0.0
55118,45.932432207203455,1.0,560,681,1241,0.0,0.0008333472224535399,0.9998388396454487,0.0
55119,45.93326555442591,1.0,560,681,1241,0.0,0.0008333472224535399,0.9998388396454487,0.0
55120,45.93409890164836,1.0,560,681,1241,0.0,0.0008333472224535399,0.9998388396454487,0.0
55121,45.934932248870815,1.0,560,681,1241,0.0,0.0008333472224535399,0.9998388396454487,0.0
55122,45.93576559609327,1.0,560,681,1241,0.0,0.0008333472224535399,0.9998388396454487,0.0
55123,45.93659894331572,1.0,560,681,1241,0.0,0.0008333472224535399,0.9998388396454487,0.0
55124,45.937432290538176,1.0,560,681,1241,0.0,0.0008333472224535399,0.999919419822725,8.058017727639034e-05
55125,45.93826563776063,1.0,560,681,1241,0.0,0.0008333472224535399,1.0000000000000013,8.058017727639034e-05
55126,45.93909898498308,1.0,560,681,1241,0.0,0.0008333472224535399,1.0000000000000013,0.0
55127,45.93993233220554,1.0,560,681,1241,0.0,0.0008333472224535399,1.0000000000000013,0.0
55128,45.94076567942799,1.0,560,681,1241,0.0,0.0008333472224535399,1.0000000000000013,0.0
55129,45.941599026650444,1.0,560,681,1241,0.0,0.0008333472224535399,1.0000000000000013,0.0
55130,45.9424323738729,1.0,560,681,1241,0.0,0.0008333472224535399,1.0000000000000013,0.0
55131,45.94326572109535,0.9991941982272361,560,681,1241,-0.0008058017727639033,0.0008333472224535399,0.999919419822725,-8.058017727639034e-05
55132,45.944099068317804,0.9991941982272361,560,681,1241,0.0,0.0008333472224535399,0.9998388396454487,-8.058017727639034e-05
55133,45.94493241554026,0.9991941982272361,560,681,1241,0.0,0.0008333472224535399,0.9997582594681724,-8.058017727639034e-05
55134,45.94576576276271,0.9991941982272361,560,681,1241,0.0,0.0008333472224535399,0.999677679290896,-8.058017727639034e-05
55135,45.946599109985165,0.9991941982272361,560,681,1241,0.0,0.0008333472224535399,0.9995970991136197,-8.058017727639034e-05
55136,45.947432457207626,0.9991941982272361,560,681,1241,0.0,0.0008333472224606453,0.9995165189363433,-8.058017727639034e-05
55137,45.94826580443008,1.0,560,681,1241,0.0008058017727639033,0.0008333472224535399,0.9995165189363433,0.0
55138,45.94909915165253,1.0,560,681,1241,0.0,0.0008333472224535399,0.9995165189363433,0.0
55139,45.949932498874986,1.0,560,681,1241,0.0,0.0008333472224535399,0.9995165189363433,0.0
55140,45.95076584609744,1.0,560,681,1241,0.0,0.0008333472224535399,0.9995165189363433,0.0
55141,45.95159919331989,1.0,560,681,1241,0.0,0.0008333472224535399,0.9995970991136197,8.058017727639034e-05
55142,45.95243254054235,1.0,560,681,1241,0.0,0.0008333472224535399,0.999677679290896,8.058017727639034e-05
55143,45.9532658877648,1.0,560,681,1241,0.0,0.0008333472224535399,0.9997582594681724,8.058017727639034e-05
55144,45.954099234987254,1.0,560,681,1241,0.0,0.0008333472224535399,0.9998388396454487,8.058017727639034e-05
55145,45.95493258220971,1.0,560,681,1241,0.0,0.0008333472224535399,0.999919419822725,8.058017727639034e-05
55146,45.95576592943216,1.0,560,681,1241,0.0,0.0008333472224535399,1.0000000000000013,8.058017727639034e-05
55147,45.956599276654615,1.0,560,681,1241,0.0,0.0008333472224535399,1.0000000000000013,0.0
55148,45.95743262387707,1.0,560,681,1241,0.0,0.0008333472224535399,1.0000000000000013,0.0
55149,45.95826597109952,1.0,560,681,1241,0.0,0.0008333472224535399,1.0000000000000013,0.0
55150,45.959099318321975,1.0,560,681,1241,0.0,0.0008333472224535399,1.0000000000000013,0.0
55151,45.95993266554443,1.0,560,681,1241,0.0,0.0008333472224535399,1.0000000000000013,0.0
55152,45.96076601276688,1.0,560,681,1241,0.0,0.0008333472224535399,1.0000000000000013,0.0
55153,45.961599359989336,0.9991941982272361,560,681,1241,-0.0008058017727639033,0.0008333472224535399,0.999919419822725,-8.058017727639034e-05
55154,45.96243270721179,1.0,560,681,1241,0.0008058017727639033,0.0008333472224535399,0.999919419822725,0.0
55155,45.96326605443424,1.0,560,681,1241,0.0,0.0008333472224535399,0.999919419822725,0.0
55156,45.964099401656696,1.0,560,681,1241,0.0,0.0008333472224535399,0.999919419822725,0.0
55157,45.96493274887915,1.0,560,681,1241,0.0,0.0008333472224535399,0.999919419822725,0.0
55158,45.9657660961016,1.0,560,681,1241,0.0,0.0008333472224535399,0.999919419822725,0.0
55159,45.96659944332406,1.0,560,681,1241,0.0,0.0008333472224535399,0.999919419822725,0.0
55160,45.96743279054651,1.0,560,681,1241,0.0,0.0008333472224535399,0.999919419822725,0.0
55161,45.968266137768964,1.0,560,681,1241,0.0,0.0008333472224535399,0.999919419822725,0.0
55162,45.96909948499142,1.0,560,681,1241,0.0,0.0008333472224535399,0.999919419822725,0.0
55163,45.96993283221387,1.0,560,681,1241,0.0,0.0008333472224535399,1.0000000000000013,8.058017727639034e-05
55164,45.970766179436325,1.0,560,681,1241,0.0,0.0008333472224535399,1.0000000000000013,0.0
55165,45.97159952665878,1.0,560,681,1241,0.0,0.0008333472224535399,1.0000000000000013,0.0
55166,45.97243287388123,1.0,560,681,1241,0.0,0.0008333472224535399,1.0000000000000013,0.0
55167,45.973266221103685,1.0,560,681,1241,0.0,0.0008333472224535399,1.0000000000000013,0.0
55168,45.97409956832614,0.9991941982272361,560,681,1241,-0.0008058017727639033,0.0008333472224535399,0.999919419822725,-8.058017727639034e-05
55169,45.97493291554859,0.9991941982272361,560,681,1241,0.0,0.0008333472224535399,0.9998388396454487,-8.058017727639034e-05
55170,45.975766262771046,1.0,560,681,1241,0.0008058017727639033,0.0008333472224535399,0.9998388396454487,0.0
55171,45.9765996099935,1.0,560,681,1241,0.0,0.0008333472224535399,0.9998388396454487,0.0
55172,45.97743295721595,1.0,560,681,1241,0.0,0.0008333472224535399,0.9998388396454487,0.0
55173,45.97826630443841,1.0,560,681,1241,0.0,0.0008333472224535399,0.9998388396454487,0.0
55174,45.97909965166086,1.0,560,681,1241,0.0,0.0008333472224535399,0.9998388396454487,0.0
55175,45.979932998883314,1.0,560,681,1241,0.0,0.0008333472224535399,0.9998388396454487,0.0
55176,45.98076634610577,1.0,560,681,1241,0.0,0.0008333472224535399,0.9998388396454487,0.0
55177,45.98159969332822,1.0,560,681,1241,0.0,0.0008333472224535399,0.9998388396454487,0.0
55178,45.982433040550674,1.0,560,681,1241,0.0,0.0008333472224535399,0.999919419822725,8.058017727639034e-05
55179,45.983266387773135,1.0,560,681,1241,0.0,0.0008333472224606453,1.0000000000000013,8.058017727639034e-05
55180,45.98409973499559,1.0,560,681,1241,0.0,0.0008333472224535399,1.0000000000000013,0.0
55181,45.98493308221804,1.0,560,681,1241,0.0,0.0008333472224535399,1.0000000000000013,0.0
55182,45.985766429440496,1.0,560,681,1241,0.0,0.0008333472224535399,1.0000000000000013,0.0
55183,45.98659977666295,1.0,560,681,1241,0.0,0.0008333472224535399,1.0000000000000013,0.0
55184,45.9874331238854,1.0,560,681,1241,0.0,0.0008333472224535399,1.0000000000000013,0.0
55185,45.988266471107856,1.0,560,681,1241,0.0,0.0008333472224535399,1.0000000000000013,0.0
55186,45.98909981833031,1.0,560,681,1241,0.0,0.0008333472224535399,1.0000000000000013,0.0
55187,45.98993316555276,1.0,560,681,1241,0.0,0.0008333472224535399,1.0000000000000013,0.0
55188,45.99076651277522,1.0,560,681,1241,0.0,0.0008333472224535399,1.0000000000000013,0.0
55189,45.99159985999767,1.0,560,681,1241,0.0,0.0008333472224535399,1.0000000000000013,0.0
55190,45.992433207220124,1.0,560,681,1241,0.0,0.0008333472224535399,1.0000000000000013,0.0
55191,45.99326655444258,1.0,560,681,1241,0.0,0.0008333472224535399,1.0000000000000013,0.0
55192,45.99409990166503,1.0,560,681,1241,0.0,0.0008333472224535399,1.0000000000000013,0.0
55193,45.994933248887484,1.0,560,681,1241,0.0,0.0008333472224535399,1.0000000000000013,0.0
55194,45.99576659610994,1.0,560,681,1241,0.0,0.0008333472224535399,1.0000000000000013,0.0
55195,45.99659994333239,1.0,560,681,1241,0.0,0.0008333472224535399,1.0000000000000013,0.0
55196,45.997433290554845,1.0,560,681,1241,0.0,0.0008333472224535399,1.0000000000000013,0.0
55197,45.9982666377773,1.0,560,681,1241,0.0,0.0008333472224535399,1.0000000000000013,0.0
55198,45.99909998499975,1.0,560,681,1241,0.0,0.0008333472224535399,1.0000000000000013,0.0
55199,45.999933332222206,1.0,560,681,1241,0.0,0.0008333472224535399,1.0000000000000013,0.0
55200,46.00076667944466,1.0,560,681,1241,0.0,0.0008333472224535399,1.0000000000000013,0.0
55201,46.00160002666711,1.0,560,681,1241,0.0,0.0008333472224535399,1.0000000000000013,0.0
55202,46.002433373889566,1.0,560,681,1241,0.0,0.0008333472224535399,1.0000000000000013,0.0
55203,46.00326672111202,1.0,560,681,1241,0.0,0.0008333472224535399,1.0000000000000013,0.0
55204,46.00410006833447,1.0,560,681,1241,0.0,0.0008333472224535399,1.0000000000000013,0.0
55205,46.00493341555693,1.0,560,681,1241,0.0,0.0008333472224535399,1.0000000000000013,0.0
55206,46.00576676277938,1.0,560,681,1241,0.0,0.0008333472224535399,1.0000000000000013,0.0
55207,46.006600110001834,1.0,560,681,1241,0.0,0.0008333472224535399,1.0000000000000013,0.0
55208,46.00743345722429,1.0,560,681,1241,0.0,0.0008333472224535399,1.0000000000000013,0.0
55209,46.00826680444674,1.0,560,681,1241,0.0,0.0008333472224535399,1.0000000000000013,0.0
55210,46.009100151669195,1.0,560,681,1241,0.0,0.0008333472224535399,1.0000000000000013,0.0
55211,46.00993349889165,0.9991941982272361,560,681,1241,-0.0008058017727639033,0.0008333472224535399,0.999919419822725,-8.058017727639034e-05
55212,46.0107668461141,0.9991941982272361,560,681,1241,0.0,0.0008333472224535399,0.9998388396454487,-8.058017727639034e-05
55213,46.011600193336555,1.0,560,681,1241,0.0008058017727639033,0.0008333472224535399,0.9998388396454487,0.0
55214,46.01243354055901,1.0,560,681,1241,0.0,0.0008333472224535399,0.9998388396454487,0.0
55215,46.01326688778146,1.0,560,681,1241,0.0,0.0008333472224535399,0.9998388396454487,0.0
55216,46.014100235003916,1.0,560,681,1241,0.0,0.0008333472224535399,0.9998388396454487,0.0
55217,46.01493358222637,1.0,560,681,1241,0.0,0.0008333472224535399,0.9998388396454487,0.0
55218,46.01576692944882,1.0,560,681,1241,0.0,0.0008333472224535399,0.9998388396454487,0.0
55219,46.01660027667128,1.0,560,681,1241,0.0,0.0008333472224535399,0.9998388396454487,0.0
55220,46.01743362389373,0.9991941982272361,560,681,1241,-0.0008058017727639033,0.0008333472224535399,0.9997582594681724,-8.058017727639034e-05
55221,46.01826697111619,0.9991941982272361,560,681,1241,0.0,0.0008333472224606453,0.9997582594681724,0.0
55222,46.019100318338644,0.9991941982272361,560,681,1241,0.0,0.0008333472224535399,0.9997582594681724,0.0
55223,46.0199336655611,0.9991941982272361,560,681,1241,0.0,0.0008333472224535399,0.999677679290896,-8.058017727639034e-05
55224,46.02076701278355,1.0,560,681,1241,0.0008058017727639033,0.0008333472224535399,0.999677679290896,0.0
55225,46.021600360006005,1.0,560,681,1241,0.0,0.0008333472224535399,0.999677679290896,0.0
55226,46.02243370722846,1.0,560,681,1241,0.0,0.0008333472224535399,0.999677679290896,0.0
55227,46.02326705445091,1.0,560,681,1241,0.0,0.0008333472224535399,0.999677679290896,0.0
55228,46.024100401673365,1.0,560,681,1241,0.0,0.0008333472224535399,0.999677679290896,0.0
55229,46.02493374889582,1.0,560,681,1241,0.0,0.0008333472224535399,0.999677679290896,0.0
55230,46.02576709611827,1.0,560,681,1241,0.0,0.0008333472224535399,0.9997582594681724,8.058017727639034e-05
55231,46.026600443340726,1.0,560,681,1241,0.0,0.0008333472224535399,0.9998388396454487,8.058017727639034e-05
55232,46.02743379056318,1.0,560,681,1241,0.0,0.0008333472224535399,0.999919419822725,8.058017727639034e-05
55233,46.02826713778563,1.0,560,681,1241,0.0,0.0008333472224535399,1.0000000000000013,8.058017727639034e-05
55234,46.02910048500809,1.0,560,681,1241,0.0,0.0008333472224535399,1.0000000000000013,0.0
55235,46.02993383223054,1.0,560,681,1241,0.0,0.0008333472224535399,1.0000000000000013,0.0
55236,46.030767179452994,1.0,560,681,1241,0.0,0.0008333472224535399,1.0000000000000013,0.0
55237,46.03160052667545,1.0,560,681,1241,0.0,0.0008333472224535399,1.0000000000000013,0.0
55238,46.0324338738979,1.0,560,681,1241,0.0,0.0008333472224535399,1.0000000000000013,0.0
55239,46.033267221120354,0.9991941982272361,560,681,1241,-0.0008058017727639033,0.0008333472224535399,0.999919419822725,-8.058017727639034e-05
55240,46.03410056834281,0.9991941982272361,560,681,1241,0.0,0.0008333472224535399,0.9998388396454487,-8.058017727639034e-05
55241,46.03493391556526,0.9991941982272361,560,681,1241,0.0,0.0008333472224535399,0.9997582594681724,-8.058017727639034e-05
55242,46.035767262787715,0.9991941982272361,560,681,1241,0.0,0.0008333472224535399,0.999677679290896,-8.058017727639034e-05
55243,46.03660061001017,0.9991941982272361,560,681,1241,0.0,0.0008333472224535399,0.9995970991136197,-8.058017727639034e-05
55244,46.03743395723262,1.0,560,681,1241,0.0008058017727639033,0.0008333472224535399,0.9995970991136197,0.0
55245,46.038267304455076,1.0,560,681,1241,0.0,0.0008333472224535399,0.9995970991136197,0.0
55246,46.03910065167753,1.0,560,681,1241,0.0,0.0008333472224535399,0.9995970991136197,0.0
55247,46.03993399889998,1.0,560,681,1241,0.0,0.0008333472224535399,0.9995970991136197,0.0
55248,46.040767346122436,1.0,560,681,1241,0.0,0.0008333472224535399,0.9995970991136197,0.0
55249,46.04160069334489,1.0,560,681,1241,0.0,0.0008333472224535399,0.999677679290896,8.058017727639034e-05
55250,46.04243404056734,1.0,560,681,1241,0.0,0.0008333472224535399,0.9997582594681724,8.058017727639034e-05
55251,46.0432673877898,1.0,560,681,1241,0.0,0.0008333472224535399,0.9998388396454487,8.058017727639034e-05
55252,46.04410073501225,1.0,560,681,1241,0.0,0.0008333472224535399,0.999919419822725,8.058017727639034e-05
55253,46.044934082234704,1.0,560,681,1241,0.0,0.0008333472224535399,1.0000000000000013,8.058017727639034e-05
55254,46.04576742945716,1.0,560,681,1241,0.0,0.0008333472224535399,1.0000000000000013,0.0
55255,46.04660077667961,1.0,560,681,1241,0.0,0.0008333472224535399,1.0000000000000013,0.0
55256,46.047434123902065,1.0,560,681,1241,0.0,0.0008333472224535399,1.0000000000000013,0.0
55257,46.04826747112452,1.0,560,681,1241,0.0,0.0008333472224535399,1.0000000000000013,0.0
55258,46.04910081834697,1.0,560,681,1241,0.0,0.0008333472224535399,1.0000000000000013,0.0
55259,46.049934165569425,1.0,560,681,1241,0.0,0.0008333472224535399,1.0000000000000013,0.0
55260,46.05076751279188,1.0,560,681,1241,0.0,0.0008333472224535399,1.0000000000000013,0.0
55261,46.05160086001433,1.0,560,681,1241,0.0,0.0008333472224535399,1.0000000000000013,0.0
55262,46.052434207236786,1.0,560,681,1241,0.0,0.0008333472224535399,1.0000000000000013,0.0
55263,46.05326755445925,1.0,560,681,1241,0.0,0.0008333472224606453,1.0000000000000013,0.0
55264,46.0541009016817,1.0,560,681,1241,0.0,0.0008333472224535399,1.0000000000000013,0.0
55265,46.05493424890415,1.0,560,681,1241,0.0,0.0008333472224535399,1.0000000000000013,0.0
55266,46.05576759612661,1.0,560,681,1241,0.0,0.0008333472224535399,1.0000000000000013,0.0
55267,46.05660094334906,1.0,560,681,1241,0.0,0.0008333472224535399,1.0000000000000013,0.0
55268,46.057434290571514,1.0,560,681,1241,0.0,0.0008333472224535399,1.0000000000000013,0.0
55269,46.05826763779397,1.0,560,681,1241,0.0,0.0008333472224535399,1.0000000000000013,0.0
55270,46.05910098501642,1.0,560,681,1241,0.0,0.0008333472224535399,1.0000000000000013,0.0
55271,46.059934332238875,1.0,560,681,1241,0.0,0.0008333472224535399,1.0000000000000013,0.0
55272,46.06076767946133,1.0,560,681,1241,0.0,0.0008333472224535399,1.0000000000000013,0.0
55273,46.06160102668378,1.0,560,681,1241,0.0,0.0008333472224535399,1.0000000000000013,0.0
55274,46.062434373906235,1.0,560,681,1241,0.0,0.0008333472224535399,1.0000000000000013,0.0
55275,46.06326772112869,1.0,560,681,1241,0.0,0.0008333472224535399,1.0000000000000013,0.0
55276,46.06410106835114,1.0,560,681,1241,0.0,0.0008333472224535399,1.0000000000000013,0.0
55277,46.064934415573596,1.0,560,681,1241,0.0,0.0008333472224535399,1.0000000000000013,0.0
55278,46.06576776279605,1.0,560,681,1241,0.0,0.0008333472224535399,1.0000000000000013,0.0
55279,46.0666011100185,1.0,560,681,1241,0.0,0.0008333472224535399,1.0000000000000013,0.0
55280,46.06743445724096,1.0,560,681,1241,0.0,0.0008333472224535399,1.0000000000000013,0.0
55281,46.06826780446341,1.0,560,681,1241,0.0,0.0008333472224535399,1.0000000000000013,0.0
55282,46.069101151685864,1.0,560,681,1241,0.0,0.0008333472224535399,1.0000000000000013,0.0
55283,46.06993449890832,1.0,560,681,1241,0.0,0.0008333472224535399,1.0000000000000013,0.0
55284,46.07076784613077,1.0,560,681,1241,0.0,0.0008333472224535399,1.0000000000000013,0.0
55285,46.071601193353224,1.0,560,681,1241,0.0,0.0008333472224535399,1.0000000000000013,0.0
55286,46.07243454057568,1.0,560,681,1241,0.0,0.0008333472224535399,1.0000000000000013,0.0
55287,46.07326788779813,1.0,560,681,1241,0.0,0.0008333472224535399,1.0000000000000013,0.0
55288,46.074101235020585,1.0,560,681,1241,0.0,0.0008333472224535399,1.0000000000000013,0.0
55289,46.07493458224304,1.0,560,681,1241,0.0,0.0008333472224535399,1.0000000000000013,0.0
55290,46.07576792946549,1.0,560,681,1241,0.0,0.0008333472224535399,1.0000000000000013,0.0
55291,46.076601276687946,1.0,560,681,1241,0.0,0.0008333472224535399,1.0000000000000013,0.0
55292,46.0774346239104,1.0,560,681,1241,0.0,0.0008333472224535399,1.0000000000000013,0.0
55293,46.07826797113285,1.0,560,681,1241,0.0,0.0008333472224535399,1.0000000000000013,0.0
55294,46.079101318355306,1.0,560,681,1241,0.0,0.0008333472224535399,1.0000000000000013,0.0
55295,46.07993466557776,1.0,560,681,1241,0.0,0.0008333472224535399,1.0000000000000013,0.0
55296,46.08076801280021,1.0,560,681,1241,0.0,0.0008333472224535399,1.0000000000000013,0.0
55297,46.08160136002267,1.0,560,681,1241,0.0,0.0008333472224535399,1.0000000000000013,0.0
55298,46.08243470724512,1.0,560,681,1241,0.0,0.0008333472224535399,1.0000000000000013,0.0
55299,46.083268054467574,1.0,560,681,1241,0.0,0.0008333472224535399,1.0000000000000013,0.0
55300,46.08410140169003,1.0,560,681,1241,0.0,0.0008333472224535399,1.0000000000000013,0.0
55301,46.08493474891248,1.0,560,681,1241,0.0,0.0008333472224535399,1.0000000000000013,0.0
55302,46.085768096134935,1.0,560,681,1241,0.0,0.0008333472224535399,1.0000000000000013,0.0
55303,46.08660144335739,0.9991941982272361,560,681,1241,-0.0008058017727639033,0.0008333472224535399,0.999919419822725,-8.058017727639034e-05
55304,46.08743479057984,0.9991941982272361,560,681,1241,0.0,0.0008333472224535399,0.9998388396454487,-8.058017727639034e-05
55305,46.088268137802295,0.9991941982272361,560,681,1241,0.0,0.0008333472224535399,0.9997582594681724,-8.058017727639034e-05
55306,46.089101485024756,0.9991941982272361,560,681,1241,0.0,0.0008333472224606453,0.999677679290896,-8.058017727639034e-05
55307,46.08993483224721,1.0,560,681,1241,0.0008058017727639033,0.0008333472224535399,0.999677679290896,0.0
55308,46.09076817946966,1.0,560,681,1241,0.0,0.0008333472224535399,0.999677679290896,0.0
55309,46.091601526692116,1.0,560,681,1241,0.0,0.0008333472224535399,0.999677679290896,0.0
55310,46.09243487391457,1.0,560,681,1241,0.0,0.0008333472224535399,0.999677679290896,0.0
55311,46.09326822113702,1.0,560,681,1241,0.0,0.0008333472224535399,0.999677679290896,0.0
55312,46.09410156835948,1.0,560,681,1241,0.0,0.0008333472224535399,0.999677679290896,0.0
55313,46.09493491558193,0.9991941982272361,560,681,1241,-0.0008058017727639033,0.0008333472224535399,0.999677679290896,0.0
55314,46.095768262804384,1.0,560,681,1241,0.0008058017727639033,0.0008333472224535399,0.9997582594681724,8.058017727639034e-05
55315,46.09660161002684,1.0,560,681,1241,0.0,0.0008333472224535399,0.9998388396454487,8.058017727639034e-05
55316,46.09743495724929,1.0,560,681,1241,0.0,0.0008333472224535399,0.999919419822725,8.058017727639034e-05
55317,46.098268304471745,1.0,560,681,1241,0.0,0.0008333472224535399,0.999919419822725,0.0
55318,46.0991016516942,1.0,560,681,1241,0.0,0.0008333472224535399,0.999919419822725,0.0
55319,46.09993499891665,1.0,560,681,1241,0.0,0.0008333472224535399,0.999919419822725,0.0
55320,46.100768346139105,1.0,560,681,1241,0.0,0.0008333472224535399,0.999919419822725,0.0
55321,46.10160169336156,1.0,560,681,1241,0.0,0.0008333472224535399,0.999919419822725,0.0
55322,46.10243504058401,1.0,560,681,1241,0.0,0.0008333472224535399,0.999919419822725,0.0
55323,46.103268387806466,1.0,560,681,1241,0.0,0.0008333472224535399,1.0000000000000013,8.058017727639034e-05
55324,46.10410173502892,1.0,560,681,1241,0.0,0.0008333472224535399,1.0000000000000013,0.0
55325,46.10493508225137,1.0,560,681,1241,0.0,0.0008333472224535399,1.0000000000000013,0.0
55326,46.10576842947383,1.0,560,681,1241,0.0,0.0008333472224535399,1.0000000000000013,0.0
55327,46.10660177669628,1.0,560,681,1241,0.0,0.0008333472224535399,1.0000000000000013,0.0
55328,46.107435123918734,1.0,560,681,1241,0.0,0.0008333472224535399,1.0000000000000013,0.0
55329,46.10826847114119,1.0,560,681,1241,0.0,0.0008333472224535399,1.0000000000000013,0.0
55330,46.10910181836364,1.0,560,681,1241,0.0,0.0008333472224535399,1.0000000000000013,0.0
55331,46.109935165586094,0.9991941982272361,560,681,1241,-0.0008058017727639033,0.0008333472224535399,0.999919419822725,-8.058017727639034e-05
55332,46.11076851280855,0.9991941982272361,560,681,1241,0.0,0.0008333472224535399,0.9998388396454487,-8.058017727639034e-05
55333,46.111601860031,0.9991941982272361,560,681,1241,0.0,0.0008333472224535399,0.9997582594681724,-8.058017727639034e-05
55334,46.112435207253455,0.9991941982272361,560,681,1241,0.0,0.0008333472224535399,0.999677679290896,-8.058017727639034e-05
55335,46.11326855447591,0.9991941982272361,560,681,1241,0.0,0.0008333472224535399,0.9995970991136197,-8.058017727639034e-05
55336,46.11410190169836,1.0,560,681,1241,0.0008058017727639033,0.0008333472224535399,0.9995970991136197,0.0
55337,46.114935248920816,1.0,560,681,1241,0.0,0.0008333472224535399,0.9995970991136197,0.0
55338,46.11576859614327,1.0,560,681,1241,0.0,0.0008333472224535399,0.9995970991136197,0.0
55339,46.11660194336572,1.0,560,681,1241,0.0,0.0008333472224535399,0.9995970991136197,0.0
55340,46.117435290588176,1.0,560,681,1241,0.0,0.0008333472224535399,0.9995970991136197,0.0
55341,46.11826863781063,1.0,560,681,1241,0.0,0.0008333472224535399,0.999677679290896,8.058017727639034e-05
55342,46.11910198503308,1.0,560,681,1241,0.0,0.0008333472224535399,0.9997582594681724,8.058017727639034e-05
55343,46.11993533225554,1.0,560,681,1241,0.0,0.0008333472224535399,0.9998388396454487,8.058017727639034e-05
55344,46.12076867947799,1.0,560,681,1241,0.0,0.0008333472224535399,0.999919419822725,8.058017727639034e-05
55345,46.121602026700444,1.0,560,681,1241,0.0,0.0008333472224535399,1.0000000000000013,8.058017727639034e-05
55346,46.1224353739229,1.0,560,681,1241,0.0,0.0008333472224535399,1.0000000000000013,0.0
55347,46.12326872114535,1.0,560,681,1241,0.0,0.0008333472224535399,1.0000000000000013,0.0
55348,46.12410206836781,1.0,560,681,1241,0.0,0.0008333472224606453,1.0000000000000013,0.0
55349,46.124935415590265,1.0,560,681,1241,0.0,0.0008333472224535399,1.0000000000000013,0.0
55350,46.12576876281272,1.0,560,681,1241,0.0,0.0008333472224535399,1.0000000000000013,0.0
55351,46.12660211003517,1.0,560,681,1241,0.0,0.0008333472224535399,1.0000000000000013,0.0
55352,46.127435457257626,1.0,560,681,1241,0.0,0.0008333472224535399,1.0000000000000013,0.0
55353,46.12826880448008,1.0,560,681,1241,0.0,0.0008333472224535399,1.0000000000000013,0.0
55354,46.12910215170253,1.0,560,681,1241,0.0,0.0008333472224535399,1.0000000000000013,0.0
55355,46.129935498924986,1.0,560,681,1241,0.0,0.0008333472224535399,1.0000000000000013,0.0
55356,46.13076884614744,1.0,560,681,1241,0.0,0.0008333472224535399,1.0000000000000013,0.0
55357,46.13160219336989,1.0,560,681,1241,0.0,0.0008333472224535399,1.0000000000000013,0.0
55358,46.13243554059235,1.0,560,681,1241,0.0,0.0008333472224535399,1.0000000000000013,0.0
55359,46.1332688878148,1.0,560,681,1241,0.0,0.0008333472224535399,1.0000000000000013,0.0
55360,46.134102235037254,1.0,560,681,1241,0.0,0.0008333472224535399,1.0000000000000013,0.0
55361,46.13493558225971,1.0,560,681,1241,0.0,0.0008333472224535399,1.0000000000000013,0.0
55362,46.13576892948216,1.0,560,681,1241,0.0,0.0008333472224535399,1.0000000000000013,0.0
55363,46.136602276704615,1.0,560,681,1241,0.0,0.0008333472224535399,1.0000000000000013,0.0
55364,46.13743562392707,1.0,560,681,1241,0.0,0.0008333472224535399,1.0000000000000013,0.0
55365,46.13826897114952,1.0,560,681,1241,0.0,0.0008333472224535399,1.0000000000000013,0.0
55366,46.139102318371975,1.0,560,681,1241,0.0,0.0008333472224535399,1.0000000000000013,0.0
55367,46.13993566559443,1.0,560,681,1241,0.0,0.0008333472224535399,1.0000000000000013,0.0
55368,46.14076901281688,1.0,560,681,1241,0.0,0.0008333472224535399,1.0000000000000013,0.0
55369,46.141602360039336,1.0,560,681,1241,0.0,0.0008333472224535399,1.0000000000000013,0.0
55370,46.14243570726179,1.0,560,681,1241,0.0,0.0008333472224535399,1.0000000000000013,0.0
55371,46.14326905448424,1.0,560,681,1241,0.0,0.0008333472224535399,1.0000000000000013,0.0
55372,46.1441024017067,1.0,560,681,1241,0.0,0.0008333472224535399,1.0000000000000013,0.0
55373,46.14493574892915,1.0,560,681,1241,0.0,0.0008333472224535399,1.0000000000000013,0.0
55374,46.145769096151604,1.0,560,681,1241,0.0,0.0008333472224535399,1.0000000000000013,0.0
55375,46.14660244337406,1.0,560,681,1241,0.0,0.0008333472224535399,1.0000000000000013,0.0
55376,46.14743579059651,0.9991941982272361,560,681,1241,-0.0008058017727639033,0.0008333472224535399,0.999919419822725,-8.058017727639034e-05
55377,46.148269137818964,1.0,560,681,1241,0.0008058017727639033,0.0008333472224535399,0.999919419822725,0.0
55378,46.14910248504142,1.0,560,681,1241,0.0,0.0008333472224535399,0.999919419822725,0.0
55379,46.14993583226387,1.0,560,681,1241,0.0,0.0008333472224535399,0.999919419822725,0.0
55380,46.150769179486325,1.0,560,681,1241,0.0,0.0008333472224535399,0.999919419822725,0.0
55381,46.15160252670878,1.0,560,681,1241,0.0,0.0008333472224535399,0.999919419822725,0.0
55382,46.15243587393123,0.9991941982272361,560,681,1241,-0.0008058017727639033,0.0008333472224535399,0.9998388396454487,-8.058017727639034e-05
55383,46.153269221153685,0.9991941982272361,560,681,1241,0.0,0.0008333472224535399,0.9997582594681724,-8.058017727639034e-05
55384,46.15410256837614,1.0,560,681,1241,0.0008058017727639033,0.0008333472224535399,0.9997582594681724,0.0
55385,46.15493591559859,1.0,560,681,1241,0.0,0.0008333472224535399,0.9997582594681724,0.0
55386,46.155769262821046,1.0,560,681,1241,0.0,0.0008333472224535399,0.9998388396454487,8.058017727639034e-05
55387,46.1566026100435,1.0,560,681,1241,0.0,0.0008333472224535399,0.9998388396454487,0.0
55388,46.15743595726595,1.0,560,681,1241,0.0,0.0008333472224535399,0.9998388396454487,0.0
55389,46.15826930448841,1.0,560,681,1241,0.0,0.0008333472224535399,0.9998388396454487,0.0
55390,46.15910265171087,1.0,560,681,1241,0.0,0.0008333472224606453,0.9998388396454487,0.0
55391,46.15993599893332,1.0,560,681,1241,0.0,0.0008333472224535399,0.9998388396454487,0.0
55392,46.160769346155774,1.0,560,681,1241,0.0,0.0008333472224535399,0.999919419822725,8.058017727639034e-05
55393,46.16160269337823,1.0,560,681,1241,0.0,0.0008333472224535399,1.0000000000000013,8.058017727639034e-05
55394,46.16243604060068,1.0,560,681,1241,0.0,0.0008333472224535399,1.0000000000000013,0.0
55395,46.163269387823135,1.0,560,681,1241,0.0,0.0008333472224535399,1.0000000000000013,0.0
55396,46.16410273504559,1.0,560,681,1241,0.0,0.0008333472224535399,1.0000000000000013,0.0
55397,46.16493608226804,1.0,560,681,1241,0.0,0.0008333472224535399,1.0000000000000013,0.0
55398,46.165769429490496,1.0,560,681,1241,0.0,0.0008333472224535399,1.0000000000000013,0.0
55399,46.16660277671295,1.0,560,681,1241,0.0,0.0008333472224535399,1.0000000000000013,0.0
55400,46.1674361239354,1.0,560,681,1241,0.0,0.0008333472224535399,1.0000000000000013,0.0
55401,46.168269471157856,1.0,560,681,1241,0.0,0.0008333472224535399,1.0000000000000013,0.0
55402,46.16910281838031,1.0,560,681,1241,0.0,0.0008333472224535399,1.0000000000000013,0.0
55403,46.16993616560276,1.0,560,681,1241,0.0,0.0008333472224535399,1.0000000000000013,0.0
55404,46.17076951282522,1.0,560,681,1241,0.0,0.0008333472224535399,1.0000000000000013,0.0
55405,46.17160286004767,0.9991941982272361,560,681,1241,-0.0008058017727639033,0.0008333472224535399,0.999919419822725,-8.058017727639034e-05
55406,46.172436207270124,0.9991941982272361,560,681,1241,0.0,0.0008333472224535399,0.9998388396454487,-8.058017727639034e-05
55407,46.17326955449258,0.9991941982272361,560,681,1241,0.0,0.0008333472224535399,0.9997582594681724,-8.058017727639034e-05
55408,46.17410290171503,1.0,560,681,1241,0.0008058017727639033,0.0008333472224535399,0.9997582594681724,0.0
55409,46.174936248937485,1.0,560,681,1241,0.0,0.0008333472224535399,0.9997582594681724,0.0
55410,46.17576959615994,1.0,560,681,1241,0.0,0.0008333472224535399,0.9997582594681724,0.0
55411,46.17660294338239,1.0,560,681,1241,0.0,0.0008333472224535399,0.9997582594681724,0.0
55412,46.177436290604845,1.0,560,681,1241,0.0,0.0008333472224535399,0.9997582594681724,0.0
55413,46.1782696378273,1.0,560,681,1241,0.0,0.0008333472224535399,0.9997582594681724,0.0
55414,46.17910298504975,1.0,560,681,1241,0.0,0.0008333472224535399,0.9997582594681724,0.0
55415,46.179936332272206,1.0,560,681,1241,0.0,0.0008333472224535399,0.9998388396454487,8.058017727639034e-05
55416,46.18076967949466,1.0,560,681,1241,0.0,0.0008333472224535399,0.999919419822725,8.058017727639034e-05
55417,46.18160302671711,1.0,560,681,1241,0.0,0.0008333472224535399,1.0000000000000013,8.058017727639034e-05
55418,46.18243637393957,1.0,560,681,1241,0.0,0.0008333472224535399,1.0000000000000013,0.0
55419,46.18326972116202,1.0,560,681,1241,0.0,0.0008333472224535399,1.0000000000000013,0.0
55420,46.18410306838447,1.0,560,681,1241,0.0,0.0008333472224535399,1.0000000000000013,0.0
55421,46.18493641560693,1.0,560,681,1241,0.0,0.0008333472224535399,1.0000000000000013,0.0
55422,46.18576976282938,1.0,560,681,1241,0.0,0.0008333472224535399,1.0000000000000013,0.0
55423,46.186603110051834,1.0,560,681,1241,0.0,0.0008333472224535399,1.0000000000000013,0.0
55424,46.18743645727429,1.0,560,681,1241,0.0,0.0008333472224535399,1.0000000000000013,0.0
55425,46.18826980449674,1.0,560,681,1241,0.0,0.0008333472224535399,1.0000000000000013,0.0
55426,46.189103151719195,1.0,560,681,1241,0.0,0.0008333472224535399,1.0000000000000013,0.0
55427,46.18993649894165,1.0,560,681,1241,0.0,0.0008333472224535399,1.0000000000000013,0.0
55428,46.1907698461641,1.0,560,681,1241,0.0,0.0008333472224535399,1.0000000000000013,0.0
55429,46.191603193386555,1.0,560,681,1241,0.0,0.0008333472224535399,1.0000000000000013,0.0
55430,46.19243654060901,0.9991941982272361,560,681,1241,-0.0008058017727639033,0.0008333472224535399,0.999919419822725,-8.058017727639034e-05
55431,46.19326988783146,0.9991941982272361,560,681,1241,0.0,0.0008333472224535399,0.9998388396454487,-8.058017727639034e-05
55432,46.194103235053916,0.9991941982272361,560,681,1241,0.0,0.0008333472224535399,0.9997582594681724,-8.058017727639034e-05
55433,46.19493658227638,0.9991941982272361,560,681,1241,0.0,0.0008333472224606453,0.999677679290896,-8.058017727639034e-05
55434,46.19576992949883,0.9991941982272361,560,681,1241,0.0,0.0008333472224535399,0.9995970991136197,-8.058017727639034e-05
55435,46.196603276721284,0.9991941982272361,560,681,1241,0.0,0.0008333472224535399,0.9995165189363433,-8.058017727639034e-05
55436,46.19743662394374,0.9991941982272361,560,681,1241,0.0,0.0008333472224535399,0.999435938759067,-8.058017727639034e-05
55437,46.19826997116619,0.9991941982272361,560,681,1241,0.0,0.0008333472224535399,0.9993553585817907,-8.058017727639034e-05
55438,46.199103318388644,0.9991941982272361,560,681,1241,0.0,0.0008333472224535399,0.9992747784045143,-8.058017727639034e-05
55439,46.1999366656111,0.9991941982272361,560,681,1241,0.0,0.0008333472224535399,0.999194198227238,-8.058017727639034e-05
55440,46.20077001283355,0.9991941982272361,560,681,1241,0.0,0.0008333472224535399,0.999194198227238,0.0
55441,46.201603360056005,0.9991941982272361,560,681,1241,0.0,0.0008333472224535399,0.999194198227238,0.0
55442,46.20243670727846,0.9991941982272361,560,681,1241,0.0,0.0008333472224535399,0.999194198227238,0.0
55443,46.20327005450091,0.9991941982272361,560,681,1241,0.0,0.0008333472224535399,0.999194198227238,0.0
55444,46.204103401723366,0.9991941982272361,560,681,1241,0.0,0.0008333472224535399,0.999194198227238,0.0
55445,46.20493674894582,0.9991941982272361,560,681,1241,0.0,0.0008333472224535399,0.999194198227238,0.0
55446,46.20577009616827,0.9991941982272361,560,681,1241,0.0,0.0008333472224535399,0.999194198227238,0.0
55447,46.206603443390726,0.9991941982272361,560,681,1241,0.0,0.0008333472224535399,0.999194198227238,0.0
55448,46.20743679061318,1.0,560,681,1241,0.0008058017727639033,0.0008333472224535399,0.9992747784045143,8.058017727639034e-05
55449,46.20827013783563,1.0,560,681,1241,0.0,0.0008333472224535399,0.9993553585817907,8.058017727639034e-05
55450,46.20910348505809,0.9991941982272361,560,681,1241,-0.0008058017727639033,0.0008333472224535399,0.9993553585817907,0.0
55451,46.20993683228054,0.9991941982272361,560,681,1241,0.0,0.0008333472224535399,0.9993553585817907,0.0
55452,46.210770179502994,1.0,560,681,1241,0.0008058017727639033,0.0008333472224535399,0.999435938759067,8.058017727639034e-05
55453,46.21160352672545,1.0,560,681,1241,0.0,0.0008333472224535399,0.9995165189363433,8.058017727639034e-05
55454,46.2124368739479,1.0,560,681,1241,0.0,0.0008333472224535399,0.9995970991136197,8.058017727639034e-05
55455,46.213270221170355,1.0,560,681,1241,0.0,0.0008333472224535399,0.999677679290896,8.058017727639034e-05
55456,46.21410356839281,1.0,560,681,1241,0.0,0.0008333472224535399,0.9997582594681724,8.058017727639034e-05
55457,46.21493691561526,1.0,560,681,1241,0.0,0.0008333472224535399,0.9998388396454487,8.058017727639034e-05
55458,46.215770262837715,1.0,560,681,1241,0.0,0.0008333472224535399,0.9998388396454487,0.0
55459,46.21660361006017,1.0,560,681,1241,0.0,0.0008333472224535399,0.9998388396454487,0.0
55460,46.21743695728262,1.0,560,681,1241,0.0,0.0008333472224535399,0.999919419822725,8.058017727639034e-05
55461,46.218270304505076,1.0,560,681,1241,0.0,0.0008333472224535399,1.0000000000000013,8.058017727639034e-05
55462,46.21910365172753,0.9991941982272361,560,681,1241,-0.0008058017727639033,0.0008333472224535399,0.999919419822725,-8.058017727639034e-05
55463,46.21993699894998,1.0,560,681,1241,0.0008058017727639033,0.0008333472224535399,0.999919419822725,0.0
55464,46.220770346172436,1.0,560,681,1241,0.0,0.0008333472224535399,0.999919419822725,0.0
55465,46.22160369339489,1.0,560,681,1241,0.0,0.0008333472224535399,0.999919419822725,0.0
55466,46.22243704061734,1.0,560,681,1241,0.0,0.0008333472224535399,0.999919419822725,0.0
55467,46.2232703878398,1.0,560,681,1241,0.0,0.0008333472224535399,0.999919419822725,0.0
55468,46.22410373506225,1.0,560,681,1241,0.0,0.0008333472224535399,0.999919419822725,0.0
55469,46.224937082284704,1.0,560,681,1241,0.0,0.0008333472224535399,0.999919419822725,0.0
55470,46.22577042950716,1.0,560,681,1241,0.0,0.0008333472224535399,0.999919419822725,0.0
55471,46.22660377672961,1.0,560,681,1241,0.0,0.0008333472224535399,0.999919419822725,0.0
55472,46.227437123952065,1.0,560,681,1241,0.0,0.0008333472224535399,1.0000000000000013,8.058017727639034e-05
55473,46.22827047117452,1.0,560,681,1241,0.0,0.0008333472224535399,1.0000000000000013,0.0
55474,46.22910381839697,1.0,560,681,1241,0.0,0.0008333472224535399,1.0000000000000013,0.0
55475,46.22993716561943,1.0,560,681,1241,0.0,0.0008333472224606453,1.0000000000000013,0.0
55476,46.230770512841886,1.0,560,681,1241,0.0,0.0008333472224535399,1.0000000000000013,0.0
55477,46.23160386006434,1.0,560,681,1241,0.0,0.0008333472224535399,1.0000000000000013,0.0
55478,46.23243720728679,1.0,560,681,1241,0.0,0.0008333472224535399,1.0000000000000013,0.0
55479,46.23327055450925,1.0,560,681,1241,0.0,0.0008333472224535399,1.0000000000000013,0.0
55480,46.2341039017317,1.0,560,681,1241,0.0,0.0008333472224535399,1.0000000000000013,0.0
55481,46.234937248954154,1.0,560,681,1241,0.0,0.0008333472224535399,1.0000000000000013,0.0
55482,46.23577059617661,0.9991941982272361,560,681,1241,-0.0008058017727639033,0.0008333472224535399,0.999919419822725,-8.058017727639034e-05
55483,46.23660394339906,1.0,560,681,1241,0.0008058017727639033,0.0008333472224535399,0.999919419822725,0.0
55484,46.237437290621514,1.0,560,681,1241,0.0,0.0008333472224535399,0.999919419822725,0.0
55485,46.23827063784397,1.0,560,681,1241,0.0,0.0008333472224535399,0.999919419822725,0.0
55486,46.23910398506642,1.0,560,681,1241,0.0,0.0008333472224535399,0.999919419822725,0.0
55487,46.239937332288875,1.0,560,681,1241,0.0,0.0008333472224535399,0.999919419822725,0.0
55488,46.24077067951133,1.0,560,681,1241,0.0,0.0008333472224535399,0.999919419822725,0.0
55489,46.24160402673378,1.0,560,681,1241,0.0,0.0008333472224535399,0.999919419822725,0.0
55490,46.242437373956236,1.0,560,681,1241,0.0,0.0008333472224535399,0.999919419822725,0.0
55491,46.24327072117869,1.0,560,681,1241,0.0,0.0008333472224535399,0.999919419822725,0.0
55492,46.24410406840114,1.0,560,681,1241,0.0,0.0008333472224535399,1.0000000000000013,8.058017727639034e-05
55493,46.244937415623596,1.0,560,681,1241,0.0,0.0008333472224535399,1.0000000000000013,0.0
55494,46.24577076284605,1.0,560,681,1241,0.0,0.0008333472224535399,1.0000000000000013,0.0
55495,46.2466041100685,1.0,560,681,1241,0.0,0.0008333472224535399,1.0000000000000013,0.0
55496,46.24743745729096,1.0,560,681,1241,0.0,0.0008333472224535399,1.0000000000000013,0.0
55497,46.24827080451341,0.9991941982272361,560,681,1241,-0.0008058017727639033,0.0008333472224535399,0.999919419822725,-8.058017727639034e-05
55498,46.249104151735864,1.0,560,681,1241,0.0008058017727639033,0.0008333472224535399,0.999919419822725,0.0
55499,46.24993749895832,1.0,560,681,1241,0.0,0.0008333472224535399,0.999919419822725,0.0
55500,46.25077084618077,1.0,560,681,1241,0.0,0.0008333472224535399,0.999919419822725,0.0
55501,46.251604193403224,1.0,560,681,1241,0.0,0.0008333472224535399,0.999919419822725,0.0
55502,46.25243754062568,1.0,560,681,1241,0.0,0.0008333472224535399,0.999919419822725,0.0
55503,46.25327088784813,1.0,560,681,1241,0.0,0.0008333472224535399,0.999919419822725,0.0
55504,46.254104235070585,1.0,560,681,1241,0.0,0.0008333472224535399,0.999919419822725,0.0
55505,46.25493758229304,1.0,560,681,1241,0.0,0.0008333472224535399,0.999919419822725,0.0
55506,46.25577092951549,1.0,560,681,1241,0.0,0.0008333472224535399,0.999919419822725,0.0
55507,46.256604276737946,1.0,560,681,1241,0.0,0.0008333472224535399,1.0000000000000013,8.058017727639034e-05
55508,46.2574376239604,1.0,560,681,1241,0.0,0.0008333472224535399,1.0000000000000013,0.0
55509,46.25827097118285,1.0,560,681,1241,0.0,0.0008333472224535399,1.0000000000000013,0.0
55510,46.259104318405306,1.0,560,681,1241,0.0,0.0008333472224535399,1.0000000000000013,0.0
55511,46.25993766562776,1.0,560,681,1241,0.0,0.0008333472224535399,1.0000000000000013,0.0
55512,46.26077101285021,1.0,560,681,1241,0.0,0.0008333472224535399,1.0000000000000013,0.0
55513,46.26160436007267,1.0,560,681,1241,0.0,0.0008333472224535399,1.0000000000000013,0.0
55514,46.26243770729512,1.0,560,681,1241,0.0,0.0008333472224535399,1.0000000000000013,0.0
55515,46.263271054517574,1.0,560,681,1241,0.0,0.0008333472224535399,1.0000000000000013,0.0
55516,46.26410440174003,1.0,560,681,1241,0.0,0.0008333472224535399,1.0000000000000013,0.0
55517,46.26493774896248,0.9991941982272361,560,681,1241,-0.0008058017727639033,0.0008333472224535399,0.999919419822725,-8.058017727639034e-05
55518,46.26577109618494,1.0,560,681,1241,0.0008058017727639033,0.0008333472224606453,0.999919419822725,0.0
55519,46.266604443407395,1.0,560,681,1241,0.0,0.0008333472224535399,0.999919419822725,0.0
55520,46.26743779062985,1.0,560,681,1241,0.0,0.0008333472224535399,0.999919419822725,0.0
55521,46.2682711378523,1.0,560,681,1241,0.0,0.0008333472224535399,0.999919419822725,0.0
55522,46.269104485074756,1.0,560,681,1241,0.0,0.0008333472224535399,0.999919419822725,0.0
55523,46.26993783229721,1.0,560,681,1241,0.0,0.0008333472224535399,0.999919419822725,0.0
55524,46.27077117951966,1.0,560,681,1241,0.0,0.0008333472224535399,0.999919419822725,0.0
55525,46.27160452674212,1.0,560,681,1241,0.0,0.0008333472224535399,0.999919419822725,0.0
55526,46.27243787396457,1.0,560,681,1241,0.0,0.0008333472224535399,0.999919419822725,0.0
55527,46.273271221187024,1.0,560,681,1241,0.0,0.0008333472224535399,1.0000000000000013,8.058017727639034e-05
55528,46.27410456840948,1.0,560,681,1241,0.0,0.0008333472224535399,1.0000000000000013,0.0
55529,46.27493791563193,1.0,560,681,1241,0.0,0.0008333472224535399,1.0000000000000013,0.0
55530,46.275771262854384,1.0,560,681,1241,0.0,0.0008333472224535399,1.0000000000000013,0.0
55531,46.27660461007684,1.0,560,681,1241,0.0,0.0008333472224535399,1.0000000000000013,0.0
55532,46.27743795729929,1.0,560,681,1241,0.0,0.0008333472224535399,1.0000000000000013,0.0
55533,46.278271304521745,1.0,560,681,1241,0.0,0.0008333472224535399,1.0000000000000013,0.0
55534,46.2791046517442,1.0,560,681,1241,0.0,0.0008333472224535399,1.0000000000000013,0.0
55535,46.27993799896665,1.0,560,681,1241,0.0,0.0008333472224535399,1.0000000000000013,0.0
55536,46.280771346189105,1.0,560,681,1241,0.0,0.0008333472224535399,1.0000000000000013,0.0
55537,46.28160469341156,1.0,560,681,1241,0.0,0.0008333472224535399,1.0000000000000013,0.0
55538,46.28243804063401,0.9991941982272361,560,681,1241,-0.0008058017727639033,0.0008333472224535399,0.999919419822725,-8.058017727639034e-05
55539,46.283271387856466,0.9991941982272361,560,681,1241,0.0,0.0008333472224535399,0.9998388396454487,-8.058017727639034e-05
55540,46.28410473507892,0.9991941982272361,560,681,1241,0.0,0.0008333472224535399,0.9997582594681724,-8.058017727639034e-05
55541,46.28493808230137,1.0,560,681,1241,0.0008058017727639033,0.0008333472224535399,0.9997582594681724,0.0
55542,46.28577142952383,1.0,560,681,1241,0.0,0.0008333472224535399,0.9997582594681724,0.0
55543,46.28660477674628,1.0,560,681,1241,0.0,0.0008333472224535399,0.9997582594681724,0.0
55544,46.287438123968734,1.0,560,681,1241,0.0,0.0008333472224535399,0.9997582594681724,0.0
55545,46.28827147119119,1.0,560,681,1241,0.0,0.0008333472224535399,0.9997582594681724,0.0
55546,46.28910481841364,1.0,560,681,1241,0.0,0.0008333472224535399,0.9997582594681724,0.0
55547,46.289938165636094,1.0,560,681,1241,0.0,0.0008333472224535399,0.9997582594681724,0.0
55548,46.29077151285855,1.0,560,681,1241,0.0,0.0008333472224535399,0.9998388396454487,8.058017727639034e-05
55549,46.291604860081,1.0,560,681,1241,0.0,0.0008333472224535399,0.999919419822725,8.058017727639034e-05
55550,46.292438207303455,1.0,560,681,1241,0.0,0.0008333472224535399,1.0000000000000013,8.058017727639034e-05
55551,46.29327155452591,1.0,560,681,1241,0.0,0.0008333472224535399,1.0000000000000013,0.0
55552,46.29410490174836,1.0,560,681,1241,0.0,0.0008333472224535399,1.0000000000000013,0.0
55553,46.294938248970816,1.0,560,681,1241,0.0,0.0008333472224535399,1.0000000000000013,0.0
55554,46.29577159619327,1.0,560,681,1241,0.0,0.0008333472224535399,1.0000000000000013,0.0
55555,46.29660494341572,1.0,560,681,1241,0.0,0.0008333472224535399,1.0000000000000013,0.0
55556,46.297438290638176,0.9991941982272361,560,681,1241,-0.0008058017727639033,0.0008333472224535399,0.999919419822725,-8.058017727639034e-05
55557,46.29827163786063,0.9991941982272361,560,681,1241,0.0,0.0008333472224535399,0.9998388396454487,-8.058017727639034e-05
55558,46.29910498508308,0.9991941982272361,560,681,1241,0.0,0.0008333472224535399,0.9997582594681724,-8.058017727639034e-05
55559,46.29993833230554,1.0,560,681,1241,0.0008058017727639033,0.0008333472224535399,0.9997582594681724,0.0
55560,46.300771679528,0.9991941982272361,560,681,1241,-0.0008058017727639033,0.0008333472224606453,0.999677679290896,-8.058017727639034e-05
55561,46.30160502675045,0.9983883964544722,560,681,1241,-0.0008058017727639033,0.0008333472224535399,0.9995165189363433,-0.00016116035455278067
55562,46.302438373972905,0.9991941982272361,560,681,1241,0.0008058017727639033,0.0008333472224535399,0.999435938759067,-8.058017727639034e-05
55563,46.30327172119536,0.9991941982272361,560,681,1241,0.0,0.0008333472224535399,0.9993553585817907,-8.058017727639034e-05
55564,46.30410506841781,0.9991941982272361,560,681,1241,0.0,0.0008333472224535399,0.9992747784045143,-8.058017727639034e-05
55565,46.304938415640265,1.0,560,681,1241,0.0008058017727639033,0.0008333472224535399,0.9992747784045143,0.0
55566,46.30577176286272,1.0,560,681,1241,0.0,0.0008333472224535399,0.9993553585817907,8.058017727639034e-05
55567,46.30660511008517,1.0,560,681,1241,0.0,0.0008333472224535399,0.999435938759067,8.058017727639034e-05
55568,46.307438457307626,1.0,560,681,1241,0.0,0.0008333472224535399,0.9995165189363433,8.058017727639034e-05
55569,46.30827180453008,1.0,560,681,1241,0.0,0.0008333472224535399,0.9995165189363433,0.0
55570,46.30910515175253,1.0,560,681,1241,0.0,0.0008333472224535399,0.9995970991136197,8.058017727639034e-05
55571,46.30993849897499,1.0,560,681,1241,0.0,0.0008333472224535399,0.9997582594681724,0.00016116035455278067
55572,46.31077184619744,1.0,560,681,1241,0.0,0.0008333472224535399,0.9998388396454487,8.058017727639034e-05
55573,46.311605193419894,1.0,560,681,1241,0.0,0.0008333472224535399,0.999919419822725,8.058017727639034e-05
55574,46.31243854064235,1.0,560,681,1241,0.0,0.0008333472224535399,1.0000000000000013,8.058017727639034e-05
55575,46.3132718878648,1.0,560,681,1241,0.0,0.0008333472224535399,1.0000000000000013,0.0
55576,46.314105235087254,1.0,560,681,1241,0.0,0.0008333472224535399,1.0000000000000013,0.0
55577,46.31493858230971,1.0,560,681,1241,0.0,0.0008333472224535399,1.0000000000000013,0.0
55578,46.31577192953216,1.0,560,681,1241,0.0,0.0008333472224535399,1.0000000000000013,0.0
55579,46.316605276754615,1.0,560,681,1241,0.0,0.0008333472224535399,1.0000000000000013,0.0
55580,46.31743862397707,1.0,560,681,1241,0.0,0.0008333472224535399,1.0000000000000013,0.0
55581,46.31827197119952,1.0,560,681,1241,0.0,0.0008333472224535399,1.0000000000000013,0.0
55582,46.319105318421975,1.0,560,681,1241,0.0,0.0008333472224535399,1.0000000000000013,0.0
55583,46.31993866564443,1.0,560,681,1241,0.0,0.0008333472224535399,1.0000000000000013,0.0
55584,46.32077201286688,1.0,560,681,1241,0.0,0.0008333472224535399,1.0000000000000013,0.0
55585,46.321605360089336,1.0,560,681,1241,0.0,0.0008333472224535399,1.0000000000000013,0.0
55586,46.32243870731179,1.0,560,681,1241,0.0,0.0008333472224535399,1.0000000000000013,0.0
55587,46.32327205453424,1.0,560,681,1241,0.0,0.0008333472224535399,1.0000000000000013,0.0
55588,46.3241054017567,0.9991941982272361,560,681,1241,-0.0008058017727639033,0.0008333472224535399,0.999919419822725,-8.058017727639034e-05
55589,46.32493874897915,0.9991941982272361,560,681,1241,0.0,0.0008333472224535399,0.9998388396454487,-8.058017727639034e-05
55590,46.325772096201604,1.0,560,681,1241,0.0008058017727639033,0.0008333472224535399,0.9998388396454487,0.0
55591,46.32660544342406,1.0,560,681,1241,0.0,0.0008333472224535399,0.9998388396454487,0.0
55592,46.32743879064651,1.0,560,681,1241,0.0,0.0008333472224535399,0.9998388396454487,0.0
55593,46.328272137868964,1.0,560,681,1241,0.0,0.0008333472224535399,0.9998388396454487,0.0
55594,46.32910548509142,1.0,560,681,1241,0.0,0.0008333472224535399,0.9998388396454487,0.0
55595,46.32993883231387,1.0,560,681,1241,0.0,0.0008333472224535399,0.9998388396454487,0.0
55596,46.330772179536325,1.0,560,681,1241,0.0,0.0008333472224535399,0.9998388396454487,0.0
55597,46.33160552675878,1.0,560,681,1241,0.0,0.0008333472224535399,0.9998388396454487,0.0
55598,46.33243887398123,1.0,560,681,1241,0.0,0.0008333472224535399,0.999919419822725,8.058017727639034e-05
55599,46.333272221203686,1.0,560,681,1241,0.0,0.0008333472224535399,1.0000000000000013,8.058017727639034e-05
55600,46.33410556842614,1.0,560,681,1241,0.0,0.0008333472224535399,1.0000000000000013,0.0
55601,46.33493891564859,1.0,560,681,1241,0.0,0.0008333472224535399,1.0000000000000013,0.0
55602,46.33577226287105,1.0,560,681,1241,0.0,0.0008333472224606453,1.0000000000000013,0.0
55603,46.33660561009351,1.0,560,681,1241,0.0,0.0008333472224535399,1.0000000000000013,0.0
55604,46.33743895731596,1.0,560,681,1241,0.0,0.0008333472224535399,1.0000000000000013,0.0
55605,46.338272304538414,1.0,560,681,1241,0.0,0.0008333472224535399,1.0000000000000013,0.0
55606,46.33910565176087,1.0,560,681,1241,0.0,0.0008333472224535399,1.0000000000000013,0.0
55607,46.33993899898332,1.0,560,681,1241,0.0,0.0008333472224535399,1.0000000000000013,0.0
55608,46.340772346205775,1.0,560,681,1241,0.0,0.0008333472224535399,1.0000000000000013,0.0
55609,46.34160569342823,1.0,560,681,1241,0.0,0.0008333472224535399,1.0000000000000013,0.0
55610,46.34243904065068,1.0,560,681,1241,0.0,0.0008333472224535399,1.0000000000000013,0.0
55611,46.343272387873135,1.0,560,681,1241,0.0,0.0008333472224535399,1.0000000000000013,0.0
55612,46.34410573509559,1.0,560,681,1241,0.0,0.0008333472224535399,1.0000000000000013,0.0
55613,46.34493908231804,1.0,560,681,1241,0.0,0.0008333472224535399,1.0000000000000013,0.0
55614,46.345772429540496,1.0,560,681,1241,0.0,0.0008333472224535399,1.0000000000000013,0.0
55615,46.34660577676295,1.0,560,681,1241,0.0,0.0008333472224535399,1.0000000000000013,0.0
55616,46.3474391239854,1.0,560,681,1241,0.0,0.0008333472224535399,1.0000000000000013,0.0
55617,46.348272471207856,1.0,560,681,1241,0.0,0.0008333472224535399,1.0000000000000013,0.0
55618,46.34910581843031,1.0,560,681,1241,0.0,0.0008333472224535399,1.0000000000000013,0.0
55619,46.34993916565276,1.0,560,681,1241,0.0,0.0008333472224535399,1.0000000000000013,0.0
55620,46.35077251287522,1.0,560,681,1241,0.0,0.0008333472224535399,1.0000000000000013,0.0
55621,46.35160586009767,1.0,560,681,1241,0.0,0.0008333472224535399,1.0000000000000013,0.0
55622,46.352439207320124,1.0,560,681,1241,0.0,0.0008333472224535399,1.0000000000000013,0.0
55623,46.35327255454258,1.0,560,681,1241,0.0,0.0008333472224535399,1.0000000000000013,0.0
55624,46.35410590176503,1.0,560,681,1241,0.0,0.0008333472224535399,1.0000000000000013,0.0
55625,46.354939248987485,1.0,560,681,1241,0.0,0.0008333472224535399,1.0000000000000013,0.0
55626,46.35577259620994,1.0,560,681,1241,0.0,0.0008333472224535399,1.0000000000000013,0.0
55627,46.35660594343239,1.0,560,681,1241,0.0,0.0008333472224535399,1.0000000000000013,0.0
55628,46.357439290654845,1.0,560,681,1241,0.0,0.0008333472224535399,1.0000000000000013,0.0
55629,46.3582726378773,1.0,560,681,1241,0.0,0.0008333472224535399,1.0000000000000013,0.0
55630,46.35910598509975,1.0,560,681,1241,0.0,0.0008333472224535399,1.0000000000000013,0.0
55631,46.359939332322206,1.0,560,681,1241,0.0,0.0008333472224535399,1.0000000000000013,0.0
55632,46.36077267954466,1.0,560,681,1241,0.0,0.0008333472224535399,1.0000000000000013,0.0
55633,46.36160602676711,1.0,560,681,1241,0.0,0.0008333472224535399,1.0000000000000013,0.0
55634,46.36243937398957,1.0,560,681,1241,0.0,0.0008333472224535399,1.0000000000000013,0.0
55635,46.36327272121202,1.0,560,681,1241,0.0,0.0008333472224535399,1.0000000000000013,0.0
55636,46.364106068434474,1.0,560,681,1241,0.0,0.0008333472224535399,1.0000000000000013,0.0
55637,46.36493941565693,1.0,560,681,1241,0.0,0.0008333472224535399,1.0000000000000013,0.0
55638,46.36577276287938,1.0,560,681,1241,0.0,0.0008333472224535399,1.0000000000000013,0.0
55639,46.366606110101834,1.0,560,681,1241,0.0,0.0008333472224535399,1.0000000000000013,0.0
55640,46.36743945732429,1.0,560,681,1241,0.0,0.0008333472224535399,1.0000000000000013,0.0
55641,46.36827280454674,1.0,560,681,1241,0.0,0.0008333472224535399,1.0000000000000013,0.0
55642,46.369106151769195,1.0,560,681,1241,0.0,0.0008333472224535399,1.0000000000000013,0.0
55643,46.36993949899165,1.0,560,681,1241,0.0,0.0008333472224535399,1.0000000000000013,0.0
55644,46.3707728462141,1.0,560,681,1241,0.0,0.0008333472224535399,1.0000000000000013,0.0
55645,46.37160619343656,0.9991941982272361,560,681,1241,-0.0008058017727639033,0.0008333472224606453,0.999919419822725,-8.058017727639034e-05
55646,46.372439540659016,0.9991941982272361,560,681,1241,0.0,0.0008333472224535399,0.9998388396454487,-8.058017727639034e-05
55647,46.37327288788147,1.0,560,681,1241,0.0008058017727639033,0.0008333472224535399,0.9998388396454487,0.0
55648,46.37410623510392,1.0,560,681,1241,0.0,0.0008333472224535399,0.9998388396454487,0.0
55649,46.37493958232638,1.0,560,681,1241,0.0,0.0008333472224535399,0.9998388396454487,0.0
55650,46.37577292954883,1.0,560,681,1241,0.0,0.0008333472224535399,0.9998388396454487,0.0
55651,46.376606276771284,1.0,560,681,1241,0.0,0.0008333472224535399,0.9998388396454487,0.0
55652,46.37743962399374,1.0,560,681,1241,0.0,0.0008333472224535399,0.9998388396454487,0.0
55653,46.37827297121619,1.0,560,681,1241,0.0,0.0008333472224535399,0.9998388396454487,0.0
55654,46.379106318438645,1.0,560,681,1241,0.0,0.0008333472224535399,0.9998388396454487,0.0
55655,46.3799396656611,1.0,560,681,1241,0.0,0.0008333472224535399,0.999919419822725,8.058017727639034e-05
55656,46.38077301288355,1.0,560,681,1241,0.0,0.0008333472224535399,1.0000000000000013,8.058017727639034e-05
55657,46.381606360106005,1.0,560,681,1241,0.0,0.0008333472224535399,1.0000000000000013,0.0
55658,46.38243970732846,1.0,560,681,1241,0.0,0.0008333472224535399,1.0000000000000013,0.0
55659,46.38327305455091,1.0,560,681,1241,0.0,0.0008333472224535399,1.0000000000000013,0.0
55660,46.384106401773366,1.0,560,681,1241,0.0,0.0008333472224535399,1.0000000000000013,0.0
55661,46.38493974899582,1.0,560,681,1241,0.0,0.0008333472224535399,1.0000000000000013,0.0
55662,46.38577309621827,1.0,560,681,1241,0.0,0.0008333472224535399,1.0000000000000013,0.0
55663,46.386606443440726,1.0,560,681,1241,0.0,0.0008333472224535399,1.0000000000000013,0.0
55664,46.38743979066318,1.0,560,681,1241,0.0,0.0008333472224535399,1.0000000000000013,0.0
55665,46.38827313788563,1.0,560,681,1241,0.0,0.0008333472224535399,1.0000000000000013,0.0
55666,46.38910648510809,1.0,560,681,1241,0.0,0.0008333472224535399,1.0000000000000013,0.0
55667,46.38993983233054,1.0,560,681,1241,0.0,0.0008333472224535399,1.0000000000000013,0.0
55668,46.390773179552994,1.0,560,681,1241,0.0,0.0008333472224535399,1.0000000000000013,0.0
55669,46.39160652677545,0.9991941982272361,560,681,1241,-0.0008058017727639033,0.0008333472224535399,0.999919419822725,-8.058017727639034e-05
55670,46.3924398739979,0.9991941982272361,560,681,1241,0.0,0.0008333472224535399,0.9998388396454487,-8.058017727639034e-05
55671,46.393273221220355,0.9991941982272361,560,681,1241,0.0,0.0008333472224535399,0.9997582594681724,-8.058017727639034e-05
55672,46.39410656844281,1.0,560,681,1241,0.0008058017727639033,0.0008333472224535399,0.9997582594681724,0.0
55673,46.39493991566526,1.0,560,681,1241,0.0,0.0008333472224535399,0.9997582594681724,0.0
55674,46.395773262887715,1.0,560,681,1241,0.0,0.0008333472224535399,0.9997582594681724,0.0
55675,46.39660661011017,1.0,560,681,1241,0.0,0.0008333472224535399,0.9997582594681724,0.0
55676,46.39743995733262,0.9991941982272361,560,681,1241,-0.0008058017727639033,0.0008333472224535399,0.999677679290896,-8.058017727639034e-05
55677,46.398273304555076,0.9991941982272361,560,681,1241,0.0,0.0008333472224535399,0.9995970991136197,-8.058017727639034e-05
55678,46.39910665177753,0.9991941982272361,560,681,1241,0.0,0.0008333472224535399,0.9995165189363433,-8.058017727639034e-05
55679,46.39993999899998,0.9991941982272361,560,681,1241,0.0,0.0008333472224535399,0.9995165189363433,0.0
55680,46.40077334622244,0.9991941982272361,560,681,1241,0.0,0.0008333472224535399,0.9995165189363433,0.0
55681,46.40160669344489,1.0,560,681,1241,0.0008058017727639033,0.0008333472224535399,0.9995970991136197,8.058017727639034e-05
55682,46.402440040667344,1.0,560,681,1241,0.0,0.0008333472224535399,0.9995970991136197,0.0
55683,46.4032733878898,1.0,560,681,1241,0.0,0.0008333472224535399,0.9995970991136197,0.0
55684,46.40410673511225,1.0,560,681,1241,0.0,0.0008333472224535399,0.9995970991136197,0.0
55685,46.404940082334704,1.0,560,681,1241,0.0,0.0008333472224535399,0.9995970991136197,0.0
55686,46.40577342955716,1.0,560,681,1241,0.0,0.0008333472224535399,0.999677679290896,8.058017727639034e-05
55687,46.40660677677962,1.0,560,681,1241,0.0,0.0008333472224606453,0.9997582594681724,8.058017727639034e-05
55688,46.40744012400207,1.0,560,681,1241,0.0,0.0008333472224535399,0.9998388396454487,8.058017727639034e-05
55689,46.408273471224526,1.0,560,681,1241,0.0,0.0008333472224535399,0.999919419822725,8.058017727639034e-05
55690,46.40910681844698,1.0,560,681,1241,0.0,0.0008333472224535399,1.0000000000000013,8.058017727639034e-05
55691,46.40994016566943,1.0,560,681,1241,0.0,0.0008333472224535399,1.0000000000000013,0.0
55692,46.410773512891886,1.0,560,681,1241,0.0,0.0008333472224535399,1.0000000000000013,0.0
55693,46.41160686011434,1.0,560,681,1241,0.0,0.0008333472224535399,1.0000000000000013,0.0
55694,46.41244020733679,1.0,560,681,1241,0.0,0.0008333472224535399,1.0000000000000013,0.0
55695,46.41327355455925,1.0,560,681,1241,0.0,0.0008333472224535399,1.0000000000000013,0.0
55696,46.4141069017817,1.0,560,681,1241,0.0,0.0008333472224535399,1.0000000000000013,0.0
55697,46.414940249004154,1.0,560,681,1241,0.0,0.0008333472224535399,1.0000000000000013,0.0
55698,46.41577359622661,1.0,560,681,1241,0.0,0.0008333472224535399,1.0000000000000013,0.0
55699,46.41660694344906,1.0,560,681,1241,0.0,0.0008333472224535399,1.0000000000000013,0.0
55700,46.417440290671514,1.0,560,681,1241,0.0,0.0008333472224535399,1.0000000000000013,0.0
55701,46.41827363789397,1.0,560,681,1241,0.0,0.0008333472224535399,1.0000000000000013,0.0
55702,46.41910698511642,1.0,560,681,1241,0.0,0.0008333472224535399,1.0000000000000013,0.0
55703,46.419940332338875,1.0,560,681,1241,0.0,0.0008333472224535399,1.0000000000000013,0.0
55704,46.42077367956133,1.0,560,681,1241,0.0,0.0008333472224535399,1.0000000000000013,0.0
55705,46.42160702678378,1.0,560,681,1241,0.0,0.0008333472224535399,1.0000000000000013,0.0
55706,46.422440374006236,1.0,560,681,1241,0.0,0.0008333472224535399,1.0000000000000013,0.0
55707,46.42327372122869,1.0,560,681,1241,0.0,0.0008333472224535399,1.0000000000000013,0.0
55708,46.42410706845114,1.0,560,681,1241,0.0,0.0008333472224535399,1.0000000000000013,0.0
55709,46.424940415673596,1.0,560,681,1241,0.0,0.0008333472224535399,1.0000000000000013,0.0
55710,46.42577376289605,0.9991941982272361,560,681,1241,-0.0008058017727639033,0.0008333472224535399,0.999919419822725,-8.058017727639034e-05
55711,46.4266071101185,0.9991941982272361,560,681,1241,0.0,0.0008333472224535399,0.9998388396454487,-8.058017727639034e-05
55712,46.42744045734096,0.9991941982272361,560,681,1241,0.0,0.0008333472224535399,0.9997582594681724,-8.058017727639034e-05
55713,46.42827380456341,1.0,560,681,1241,0.0008058017727639033,0.0008333472224535399,0.9997582594681724,0.0
55714,46.429107151785864,1.0,560,681,1241,0.0,0.0008333472224535399,0.9997582594681724,0.0
55715,46.42994049900832,1.0,560,681,1241,0.0,0.0008333472224535399,0.9997582594681724,0.0
55716,46.43077384623077,1.0,560,681,1241,0.0,0.0008333472224535399,0.9997582594681724,0.0
55717,46.431607193453225,1.0,560,681,1241,0.0,0.0008333472224535399,0.9997582594681724,0.0
55718,46.43244054067568,1.0,560,681,1241,0.0,0.0008333472224535399,0.9997582594681724,0.0
55719,46.43327388789813,1.0,560,681,1241,0.0,0.0008333472224535399,0.9997582594681724,0.0
55720,46.434107235120585,1.0,560,681,1241,0.0,0.0008333472224535399,0.9998388396454487,8.058017727639034e-05
55721,46.43494058234304,1.0,560,681,1241,0.0,0.0008333472224535399,0.999919419822725,8.058017727639034e-05
55722,46.43577392956549,1.0,560,681,1241,0.0,0.0008333472224535399,1.0000000000000013,8.058017727639034e-05
55723,46.436607276787946,0.9991941982272361,560,681,1241,-0.0008058017727639033,0.0008333472224535399,0.999919419822725,-8.058017727639034e-05
55724,46.4374406240104,0.9991941982272361,560,681,1241,0.0,0.0008333472224535399,0.9998388396454487,-8.058017727639034e-05
55725,46.43827397123285,0.9991941982272361,560,681,1241,0.0,0.0008333472224535399,0.9997582594681724,-8.058017727639034e-05
55726,46.43910731845531,1.0,560,681,1241,0.0008058017727639033,0.0008333472224535399,0.9997582594681724,0.0
55727,46.43994066567776,1.0,560,681,1241,0.0,0.0008333472224535399,0.9997582594681724,0.0
55728,46.440774012900214,1.0,560,681,1241,0.0,0.0008333472224535399,0.9997582594681724,0.0
55729,46.441607360122674,1.0,560,681,1241,0.0,0.0008333472224606453,0.9997582594681724,0.0
55730,46.44244070734513,1.0,560,681,1241,0.0,0.0008333472224535399,0.9997582594681724,0.0
55731,46.44327405456758,1.0,560,681,1241,0.0,0.0008333472224535399,0.9997582594681724,0.0
55732,46.444107401790035,1.0,560,681,1241,0.0,0.0008333472224535399,0.9997582594681724,0.0
55733,46.44494074901249,1.0,560,681,1241,0.0,0.0008333472224535399,0.9998388396454487,8.058017727639034e-05
55734,46.44577409623494,1.0,560,681,1241,0.0,0.0008333472224535399,0.999919419822725,8.058017727639034e-05
55735,46.446607443457395,1.0,560,681,1241,0.0,0.0008333472224535399,1.0000000000000013,8.058017727639034e-05
55736,46.44744079067985,1.0,560,681,1241,0.0,0.0008333472224535399,1.0000000000000013,0.0
55737,46.4482741379023,1.0,560,681,1241,0.0,0.0008333472224535399,1.0000000000000013,0.0
55738,46.449107485124756,1.0,560,681,1241,0.0,0.0008333472224535399,1.0000000000000013,0.0
55739,46.44994083234721,1.0,560,681,1241,0.0,0.0008333472224535399,1.0000000000000013,0.0
55740,46.45077417956966,1.0,560,681,1241,0.0,0.0008333472224535399,1.0000000000000013,0.0
55741,46.45160752679212,1.0,560,681,1241,0.0,0.0008333472224535399,1.0000000000000013,0.0
55742,46.45244087401457,1.0,560,681,1241,0.0,0.0008333472224535399,1.0000000000000013,0.0
55743,46.453274221237024,1.0,560,681,1241,0.0,0.0008333472224535399,1.0000000000000013,0.0
55744,46.45410756845948,1.0,560,681,1241,0.0,0.0008333472224535399,1.0000000000000013,0.0
55745,46.45494091568193,1.0,560,681,1241,0.0,0.0008333472224535399,1.0000000000000013,0.0
55746,46.455774262904384,1.0,560,681,1241,0.0,0.0008333472224535399,1.0000000000000013,0.0
55747,46.45660761012684,1.0,560,681,1241,0.0,0.0008333472224535399,1.0000000000000013,0.0
55748,46.45744095734929,1.0,560,681,1241,0.0,0.0008333472224535399,1.0000000000000013,0.0
55749,46.458274304571745,1.0,560,681,1241,0.0,0.0008333472224535399,1.0000000000000013,0.0
55750,46.4591076517942,1.0,560,681,1241,0.0,0.0008333472224535399,1.0000000000000013,0.0
55751,46.45994099901665,1.0,560,681,1241,0.0,0.0008333472224535399,1.0000000000000013,0.0
55752,46.460774346239106,1.0,560,681,1241,0.0,0.0008333472224535399,1.0000000000000013,0.0
55753,46.46160769346156,1.0,560,681,1241,0.0,0.0008333472224535399,1.0000000000000013,0.0
55754,46.46244104068401,1.0,560,681,1241,0.0,0.0008333472224535399,1.0000000000000013,0.0
55755,46.463274387906466,1.0,560,681,1241,0.0,0.0008333472224535399,1.0000000000000013,0.0
55756,46.46410773512892,1.0,560,681,1241,0.0,0.0008333472224535399,1.0000000000000013,0.0
55757,46.46494108235137,1.0,560,681,1241,0.0,0.0008333472224535399,1.0000000000000013,0.0
55758,46.46577442957383,1.0,560,681,1241,0.0,0.0008333472224535399,1.0000000000000013,0.0
55759,46.46660777679628,1.0,560,681,1241,0.0,0.0008333472224535399,1.0000000000000013,0.0
55760,46.467441124018734,1.0,560,681,1241,0.0,0.0008333472224535399,1.0000000000000013,0.0
55761,46.46827447124119,1.0,560,681,1241,0.0,0.0008333472224535399,1.0000000000000013,0.0
55762,46.46910781846364,1.0,560,681,1241,0.0,0.0008333472224535399,1.0000000000000013,0.0
55763,46.469941165686095,1.0,560,681,1241,0.0,0.0008333472224535399,1.0000000000000013,0.0
55764,46.47077451290855,1.0,560,681,1241,0.0,0.0008333472224535399,1.0000000000000013,0.0
55765,46.471607860131,1.0,560,681,1241,0.0,0.0008333472224535399,1.0000000000000013,0.0
55766,46.472441207353455,1.0,560,681,1241,0.0,0.0008333472224535399,1.0000000000000013,0.0
55767,46.47327455457591,1.0,560,681,1241,0.0,0.0008333472224535399,1.0000000000000013,0.0
55768,46.47410790179836,1.0,560,681,1241,0.0,0.0008333472224535399,1.0000000000000013,0.0
55769,46.474941249020816,1.0,560,681,1241,0.0,0.0008333472224535399,1.0000000000000013,0.0
55770,46.47577459624327,1.0,560,681,1241,0.0,0.0008333472224535399,1.0000000000000013,0.0
55771,46.47660794346572,1.0,560,681,1241,0.0,0.0008333472224535399,1.0000000000000013,0.0
55772,46.47744129068818,1.0,560,681,1241,0.0,0.0008333472224606453,1.0000000000000013,0.0
55773,46.47827463791064,1.0,560,681,1241,0.0,0.0008333472224535399,1.0000000000000013,0.0
55774,46.47910798513309,1.0,560,681,1241,0.0,0.0008333472224535399,1.0000000000000013,0.0
55775,46.479941332355544,1.0,560,681,1241,0.0,0.0008333472224535399,1.0000000000000013,0.0
55776,46.480774679578,1.0,560,681,1241,0.0,0.0008333472224535399,1.0000000000000013,0.0
55777,46.48160802680045,1.0,560,681,1241,0.0,0.0008333472224535399,1.0000000000000013,0.0
55778,46.482441374022905,1.0,560,681,1241,0.0,0.0008333472224535399,1.0000000000000013,0.0
55779,46.48327472124536,1.0,560,681,1241,0.0,0.0008333472224535399,1.0000000000000013,0.0
55780,46.48410806846781,1.0,560,681,1241,0.0,0.0008333472224535399,1.0000000000000013,0.0
55781,46.484941415690265,1.0,560,681,1241,0.0,0.0008333472224535399,1.0000000000000013,0.0
55782,46.48577476291272,1.0,560,681,1241,0.0,0.0008333472224535399,1.0000000000000013,0.0
55783,46.48660811013517,1.0,560,681,1241,0.0,0.0008333472224535399,1.0000000000000013,0.0
55784,46.487441457357626,1.0,560,681,1241,0.0,0.0008333472224535399,1.0000000000000013,0.0
55785,46.48827480458008,1.0,560,681,1241,0.0,0.0008333472224535399,1.0000000000000013,0.0
55786,46.48910815180253,1.0,560,681,1241,0.0,0.0008333472224535399,1.0000000000000013,0.0
55787,46.48994149902499,1.0,560,681,1241,0.0,0.0008333472224535399,1.0000000000000013,0.0
55788,46.49077484624744,1.0,560,681,1241,0.0,0.0008333472224535399,1.0000000000000013,0.0
55789,46.491608193469894,1.0,560,681,1241,0.0,0.0008333472224535399,1.0000000000000013,0.0
55790,46.49244154069235,1.0,560,681,1241,0.0,0.0008333472224535399,1.0000000000000013,0.0
55791,46.4932748879148,1.0,560,681,1241,0.0,0.0008333472224535399,1.0000000000000013,0.0
55792,46.494108235137254,1.0,560,681,1241,0.0,0.0008333472224535399,1.0000000000000013,0.0
55793,46.49494158235971,1.0,560,681,1241,0.0,0.0008333472224535399,1.0000000000000013,0.0
55794,46.49577492958216,1.0,560,681,1241,0.0,0.0008333472224535399,1.0000000000000013,0.0
55795,46.496608276804615,1.0,560,681,1241,0.0,0.0008333472224535399,1.0000000000000013,0.0
55796,46.49744162402707,1.0,560,681,1241,0.0,0.0008333472224535399,1.0000000000000013,0.0
55797,46.49827497124952,1.0,560,681,1241,0.0,0.0008333472224535399,1.0000000000000013,0.0
55798,46.499108318471976,1.0,560,681,1241,0.0,0.0008333472224535399,1.0000000000000013,0.0
55799,46.49994166569443,1.0,560,681,1241,0.0,0.0008333472224535399,1.0000000000000013,0.0
55800,46.50077501291688,1.0,560,681,1241,0.0,0.0008333472224535399,1.0000000000000013,0.0
55801,46.501608360139336,1.0,560,681,1241,0.0,0.0008333472224535399,1.0000000000000013,0.0
55802,46.50244170736179,1.0,560,681,1241,0.0,0.0008333472224535399,1.0000000000000013,0.0
55803,46.50327505458424,1.0,560,681,1241,0.0,0.0008333472224535399,1.0000000000000013,0.0
55804,46.5041084018067,1.0,560,681,1241,0.0,0.0008333472224535399,1.0000000000000013,0.0
55805,46.50494174902915,0.9991941982272361,560,681,1241,-0.0008058017727639033,0.0008333472224535399,0.999919419822725,-8.058017727639034e-05
55806,46.505775096251604,0.9991941982272361,560,681,1241,0.0,0.0008333472224535399,0.9998388396454487,-8.058017727639034e-05
55807,46.50660844347406,1.0,560,681,1241,0.0008058017727639033,0.0008333472224535399,0.9998388396454487,0.0
55808,46.50744179069651,1.0,560,681,1241,0.0,0.0008333472224535399,0.9998388396454487,0.0
55809,46.508275137918965,1.0,560,681,1241,0.0,0.0008333472224535399,0.9998388396454487,0.0
55810,46.50910848514142,1.0,560,681,1241,0.0,0.0008333472224535399,0.9998388396454487,0.0
55811,46.50994183236387,1.0,560,681,1241,0.0,0.0008333472224535399,0.9998388396454487,0.0
55812,46.510775179586325,1.0,560,681,1241,0.0,0.0008333472224535399,0.9998388396454487,0.0
55813,46.51160852680878,1.0,560,681,1241,0.0,0.0008333472224535399,0.9998388396454487,0.0
55814,46.51244187403124,1.0,560,681,1241,0.0,0.0008333472224606453,0.9998388396454487,0.0
55815,46.51327522125369,1.0,560,681,1241,0.0,0.0008333472224535399,0.999919419822725,8.058017727639034e-05
55816,46.514108568476146,0.9991941982272361,560,681,1241,-0.0008058017727639033,0.0008333472224535399,0.999919419822725,0.0
55817,46.5149419156986,0.9983883964544722,560,681,1241,-0.0008058017727639033,0.0008333472224535399,0.9997582594681724,-0.00016116035455278067
55818,46.51577526292105,0.9983883964544722,560,681,1241,0.0,0.0008333472224535399,0.9995970991136197,-0.00016116035455278067
55819,46.51660861014351,0.9991941982272361,560,681,1241,0.0008058017727639033,0.0008333472224535399,0.9995165189363433,-8.058017727639034e-05
55820,46.51744195736596,1.0,560,681,1241,0.0008058017727639033,0.0008333472224535399,0.9995165189363433,0.0
55821,46.518275304588414,1.0,560,681,1241,0.0,0.0008333472224535399,0.9995165189363433,0.0
55822,46.51910865181087,1.0,560,681,1241,0.0,0.0008333472224535399,0.9995165189363433,0.0
55823,46.51994199903332,1.0,560,681,1241,0.0,0.0008333472224535399,0.9995165189363433,0.0
55824,46.520775346255775,1.0,560,681,1241,0.0,0.0008333472224535399,0.9995165189363433,0.0
55825,46.52160869347823,1.0,560,681,1241,0.0,0.0008333472224535399,0.9995165189363433,0.0
55826,46.52244204070068,1.0,560,681,1241,0.0,0.0008333472224535399,0.9995970991136197,8.058017727639034e-05
55827,46.523275387923135,1.0,560,681,1241,0.0,0.0008333472224535399,0.9997582594681724,0.00016116035455278067
55828,46.52410873514559,1.0,560,681,1241,0.0,0.0008333472224535399,0.999919419822725,0.00016116035455278067
55829,46.52494208236804,1.0,560,681,1241,0.0,0.0008333472224535399,1.0000000000000013,8.058017727639034e-05
55830,46.525775429590496,1.0,560,681,1241,0.0,0.0008333472224535399,1.0000000000000013,0.0
55831,46.52660877681295,1.0,560,681,1241,0.0,0.0008333472224535399,1.0000000000000013,0.0
55832,46.5274421240354,1.0,560,681,1241,0.0,0.0008333472224535399,1.0000000000000013,0.0
55833,46.52827547125786,1.0,560,681,1241,0.0,0.0008333472224535399,1.0000000000000013,0.0
55834,46.52910881848031,1.0,560,681,1241,0.0,0.0008333472224535399,1.0000000000000013,0.0
55835,46.529942165702764,1.0,560,681,1241,0.0,0.0008333472224535399,1.0000000000000013,0.0
55836,46.53077551292522,1.0,560,681,1241,0.0,0.0008333472224535399,1.0000000000000013,0.0
55837,46.53160886014767,1.0,560,681,1241,0.0,0.0008333472224535399,1.0000000000000013,0.0
55838,46.532442207370124,1.0,560,681,1241,0.0,0.0008333472224535399,1.0000000000000013,0.0
55839,46.53327555459258,1.0,560,681,1241,0.0,0.0008333472224535399,1.0000000000000013,0.0
55840,46.53410890181503,1.0,560,681,1241,0.0,0.0008333472224535399,1.0000000000000013,0.0
55841,46.534942249037485,1.0,560,681,1241,0.0,0.0008333472224535399,1.0000000000000013,0.0
55842,46.53577559625994,1.0,560,681,1241,0.0,0.0008333472224535399,1.0000000000000013,0.0
55843,46.53660894348239,1.0,560,681,1241,0.0,0.0008333472224535399,1.0000000000000013,0.0
55844,46.537442290704846,1.0,560,681,1241,0.0,0.0008333472224535399,1.0000000000000013,0.0
55845,46.5382756379273,1.0,560,681,1241,0.0,0.0008333472224535399,1.0000000000000013,0.0
55846,46.53910898514975,1.0,560,681,1241,0.0,0.0008333472224535399,1.0000000000000013,0.0
55847,46.539942332372206,1.0,560,681,1241,0.0,0.0008333472224535399,1.0000000000000013,0.0
55848,46.54077567959466,1.0,560,681,1241,0.0,0.0008333472224535399,1.0000000000000013,0.0
55849,46.54160902681711,1.0,560,681,1241,0.0,0.0008333472224535399,1.0000000000000013,0.0
55850,46.54244237403957,1.0,560,681,1241,0.0,0.0008333472224535399,1.0000000000000013,0.0
55851,46.54327572126202,1.0,560,681,1241,0.0,0.0008333472224535399,1.0000000000000013,0.0
55852,46.544109068484474,1.0,560,681,1241,0.0,0.0008333472224535399,1.0000000000000013,0.0
55853,46.54494241570693,1.0,560,681,1241,0.0,0.0008333472224535399,1.0000000000000013,0.0
55854,46.54577576292938,1.0,560,681,1241,0.0,0.0008333472224535399,1.0000000000000013,0.0
55855,46.546609110151834,1.0,560,681,1241,0.0,0.0008333472224535399,1.0000000000000013,0.0
55856,46.547442457374295,1.0,560,681,1241,0.0,0.0008333472224606453,1.0000000000000013,0.0
55857,46.54827580459675,1.0,560,681,1241,0.0,0.0008333472224535399,1.0000000000000013,0.0
55858,46.5491091518192,1.0,560,681,1241,0.0,0.0008333472224535399,1.0000000000000013,0.0
55859,46.549942499041656,1.0,560,681,1241,0.0,0.0008333472224535399,1.0000000000000013,0.0
55860,46.55077584626411,1.0,560,681,1241,0.0,0.0008333472224535399,1.0000000000000013,0.0
55861,46.55160919348656,1.0,560,681,1241,0.0,0.0008333472224535399,1.0000000000000013,0.0
55862,46.552442540709016,0.9991941982272361,560,681,1241,-0.0008058017727639033,0.0008333472224535399,0.999919419822725,-8.058017727639034e-05
55863,46.55327588793147,0.9991941982272361,560,681,1241,0.0,0.0008333472224535399,0.9998388396454487,-8.058017727639034e-05
55864,46.55410923515392,0.9991941982272361,560,681,1241,0.0,0.0008333472224535399,0.9997582594681724,-8.058017727639034e-05
55865,46.55494258237638,0.9991941982272361,560,681,1241,0.0,0.0008333472224535399,0.999677679290896,-8.058017727639034e-05
55866,46.55577592959883,1.0,560,681,1241,0.0008058017727639033,0.0008333472224535399,0.999677679290896,0.0
55867,46.556609276821284,1.0,560,681,1241,0.0,0.0008333472224535399,0.999677679290896,0.0
55868,46.55744262404374,1.0,560,681,1241,0.0,0.0008333472224535399,0.999677679290896,0.0
55869,46.55827597126619,1.0,560,681,1241,0.0,0.0008333472224535399,0.999677679290896,0.0
55870,46.559109318488645,1.0,560,681,1241,0.0,0.0008333472224535399,0.999677679290896,0.0
55871,46.5599426657111,1.0,560,681,1241,0.0,0.0008333472224535399,0.999677679290896,0.0
55872,46.56077601293355,1.0,560,681,1241,0.0,0.0008333472224535399,0.9997582594681724,8.058017727639034e-05
55873,46.561609360156005,0.9991941982272361,560,681,1241,-0.0008058017727639033,0.0008333472224535399,0.9997582594681724,0.0
55874,46.56244270737846,0.9991941982272361,560,681,1241,0.0,0.0008333472224535399,0.9997582594681724,0.0
55875,46.56327605460091,0.9991941982272361,560,681,1241,0.0,0.0008333472224535399,0.9997582594681724,0.0
55876,46.564109401823366,1.0,560,681,1241,0.0008058017727639033,0.0008333472224535399,0.9997582594681724,0.0
55877,46.56494274904582,1.0,560,681,1241,0.0,0.0008333472224535399,0.9997582594681724,0.0
55878,46.56577609626827,1.0,560,681,1241,0.0,0.0008333472224535399,0.9997582594681724,0.0
55879,46.56660944349073,1.0,560,681,1241,0.0,0.0008333472224535399,0.9997582594681724,0.0
55880,46.56744279071318,1.0,560,681,1241,0.0,0.0008333472224535399,0.9997582594681724,0.0
55881,46.568276137935634,1.0,560,681,1241,0.0,0.0008333472224535399,0.9997582594681724,0.0
55882,46.56910948515809,1.0,560,681,1241,0.0,0.0008333472224535399,0.9997582594681724,0.0
55883,46.56994283238054,1.0,560,681,1241,0.0,0.0008333472224535399,0.9998388396454487,8.058017727639034e-05
55884,46.570776179602994,1.0,560,681,1241,0.0,0.0008333472224535399,0.999919419822725,8.058017727639034e-05
55885,46.57160952682545,1.0,560,681,1241,0.0,0.0008333472224535399,1.0000000000000013,8.058017727639034e-05
55886,46.5724428740479,1.0,560,681,1241,0.0,0.0008333472224535399,1.0000000000000013,0.0
55887,46.573276221270355,1.0,560,681,1241,0.0,0.0008333472224535399,1.0000000000000013,0.0
55888,46.57410956849281,1.0,560,681,1241,0.0,0.0008333472224535399,1.0000000000000013,0.0
55889,46.57494291571526,1.0,560,681,1241,0.0,0.0008333472224535399,1.0000000000000013,0.0
55890,46.575776262937715,1.0,560,681,1241,0.0,0.0008333472224535399,1.0000000000000013,0.0
55891,46.57660961016017,1.0,560,681,1241,0.0,0.0008333472224535399,1.0000000000000013,0.0
55892,46.57744295738262,1.0,560,681,1241,0.0,0.0008333472224535399,1.0000000000000013,0.0
55893,46.578276304605076,1.0,560,681,1241,0.0,0.0008333472224535399,1.0000000000000013,0.0
55894,46.57910965182753,1.0,560,681,1241,0.0,0.0008333472224535399,1.0000000000000013,0.0
55895,46.57994299904998,1.0,560,681,1241,0.0,0.0008333472224535399,1.0000000000000013,0.0
55896,46.58077634627244,1.0,560,681,1241,0.0,0.0008333472224535399,1.0000000000000013,0.0
55897,46.58160969349489,1.0,560,681,1241,0.0,0.0008333472224535399,1.0000000000000013,0.0
55898,46.582443040717344,1.0,560,681,1241,0.0,0.0008333472224535399,1.0000000000000013,0.0
55899,46.583276387939804,1.0,560,681,1241,0.0,0.0008333472224606453,1.0000000000000013,0.0
55900,46.58410973516226,0.9991941982272361,560,681,1241,-0.0008058017727639033,0.0008333472224535399,0.999919419822725,-8.058017727639034e-05
55901,46.58494308238471,0.9983883964544722,560,681,1241,-0.0008058017727639033,0.0008333472224535399,0.9997582594681724,-0.00016116035455278067
55902,46.585776429607165,0.9991941982272361,560,681,1241,0.0008058017727639033,0.0008333472224535399,0.999677679290896,-8.058017727639034e-05
55903,46.58660977682962,0.9991941982272361,560,681,1241,0.0,0.0008333472224535399,0.9995970991136197,-8.058017727639034e-05
55904,46.58744312405207,0.9991941982272361,560,681,1241,0.0,0.0008333472224535399,0.9995165189363433,-8.058017727639034e-05
55905,46.588276471274526,1.0,560,681,1241,0.0008058017727639033,0.0008333472224535399,0.9995165189363433,0.0
55906,46.58910981849698,1.0,560,681,1241,0.0,0.0008333472224535399,0.9995165189363433,0.0
55907,46.58994316571943,1.0,560,681,1241,0.0,0.0008333472224535399,0.9995165189363433,0.0
55908,46.590776512941886,1.0,560,681,1241,0.0,0.0008333472224535399,0.9995165189363433,0.0
55909,46.59160986016434,1.0,560,681,1241,0.0,0.0008333472224535399,0.9995165189363433,0.0
55910,46.59244320738679,1.0,560,681,1241,0.0,0.0008333472224535399,0.9995970991136197,8.058017727639034e-05
55911,46.59327655460925,1.0,560,681,1241,0.0,0.0008333472224535399,0.9997582594681724,0.00016116035455278067
55912,46.5941099018317,1.0,560,681,1241,0.0,0.0008333472224535399,0.9998388396454487,8.058017727639034e-05
55913,46.594943249054154,1.0,560,681,1241,0.0,0.0008333472224535399,0.999919419822725,8.058017727639034e-05
55914,46.59577659627661,1.0,560,681,1241,0.0,0.0008333472224535399,1.0000000000000013,8.058017727639034e-05
55915,46.59660994349906,1.0,560,681,1241,0.0,0.0008333472224535399,1.0000000000000013,0.0
55916,46.597443290721515,1.0,560,681,1241,0.0,0.0008333472224535399,1.0000000000000013,0.0
55917,46.59827663794397,1.0,560,681,1241,0.0,0.0008333472224535399,1.0000000000000013,0.0
55918,46.59910998516642,1.0,560,681,1241,0.0,0.0008333472224535399,1.0000000000000013,0.0
55919,46.599943332388875,1.0,560,681,1241,0.0,0.0008333472224535399,1.0000000000000013,0.0
55920,46.60077667961133,1.0,560,681,1241,0.0,0.0008333472224535399,1.0000000000000013,0.0
55921,46.60161002683378,1.0,560,681,1241,0.0,0.0008333472224535399,1.0000000000000013,0.0
55922,46.602443374056236,1.0,560,681,1241,0.0,0.0008333472224535399,1.0000000000000013,0.0
55923,46.60327672127869,1.0,560,681,1241,0.0,0.0008333472224535399,1.0000000000000013,0.0
55924,46.60411006850114,1.0,560,681,1241,0.0,0.0008333472224535399,1.0000000000000013,0.0
55925,46.604943415723596,1.0,560,681,1241,0.0,0.0008333472224535399,1.0000000000000013,0.0
55926,46.60577676294605,1.0,560,681,1241,0.0,0.0008333472224535399,1.0000000000000013,0.0
55927,46.6066101101685,1.0,560,681,1241,0.0,0.0008333472224535399,1.0000000000000013,0.0
55928,46.60744345739096,1.0,560,681,1241,0.0,0.0008333472224535399,1.0000000000000013,0.0
55929,46.60827680461341,1.0,560,681,1241,0.0,0.0008333472224535399,1.0000000000000013,0.0
55930,46.609110151835864,1.0,560,681,1241,0.0,0.0008333472224535399,1.0000000000000013,0.0
55931,46.60994349905832,0.9991941982272361,560,681,1241,-0.0008058017727639033,0.0008333472224535399,0.999919419822725,-8.058017727639034e-05
55932,46.61077684628077,0.9991941982272361,560,681,1241,0.0,0.0008333472224535399,0.9998388396454487,-8.058017727639034e-05
55933,46.611610193503225,0.9991941982272361,560,681,1241,0.0,0.0008333472224535399,0.9997582594681724,-8.058017727639034e-05
55934,46.61244354072568,1.0,560,681,1241,0.0008058017727639033,0.0008333472224535399,0.9997582594681724,0.0
55935,46.61327688794813,1.0,560,681,1241,0.0,0.0008333472224535399,0.9997582594681724,0.0
55936,46.614110235170585,1.0,560,681,1241,0.0,0.0008333472224535399,0.9997582594681724,0.0
55937,46.61494358239304,1.0,560,681,1241,0.0,0.0008333472224535399,0.9997582594681724,0.0
55938,46.61577692961549,1.0,560,681,1241,0.0,0.0008333472224535399,0.9997582594681724,0.0
55939,46.616610276837946,1.0,560,681,1241,0.0,0.0008333472224535399,0.9997582594681724,0.0
55940,46.6174436240604,1.0,560,681,1241,0.0,0.0008333472224535399,0.9997582594681724,0.0
55941,46.61827697128286,1.0,560,681,1241,0.0,0.0008333472224606453,0.9998388396454487,8.058017727639034e-05
55942,46.619110318505314,1.0,560,681,1241,0.0,0.0008333472224535399,0.999919419822725,8.058017727639034e-05
55943,46.61994366572777,1.0,560,681,1241,0.0,0.0008333472224535399,1.0000000000000013,8.058017727639034e-05
55944,46.62077701295022,1.0,560,681,1241,0.0,0.0008333472224535399,1.0000000000000013,0.0
55945,46.621610360172674,1.0,560,681,1241,0.0,0.0008333472224535399,1.0000000000000013,0.0
55946,46.62244370739513,1.0,560,681,1241,0.0,0.0008333472224535399,1.0000000000000013,0.0
55947,46.62327705461758,1.0,560,681,1241,0.0,0.0008333472224535399,1.0000000000000013,0.0
55948,46.624110401840035,1.0,560,681,1241,0.0,0.0008333472224535399,1.0000000000000013,0.0
55949,46.62494374906249,1.0,560,681,1241,0.0,0.0008333472224535399,1.0000000000000013,0.0
55950,46.62577709628494,1.0,560,681,1241,0.0,0.0008333472224535399,1.0000000000000013,0.0
55951,46.626610443507396,1.0,560,681,1241,0.0,0.0008333472224535399,1.0000000000000013,0.0
55952,46.62744379072985,1.0,560,681,1241,0.0,0.0008333472224535399,1.0000000000000013,0.0
55953,46.6282771379523,1.0,560,681,1241,0.0,0.0008333472224535399,1.0000000000000013,0.0
55954,46.629110485174756,0.9991941982272361,560,681,1241,-0.0008058017727639033,0.0008333472224535399,0.999919419822725,-8.058017727639034e-05
55955,46.62994383239721,0.9991941982272361,560,681,1241,0.0,0.0008333472224535399,0.9998388396454487,-8.058017727639034e-05
55956,46.63077717961966,0.9991941982272361,560,681,1241,0.0,0.0008333472224535399,0.9997582594681724,-8.058017727639034e-05
55957,46.63161052684212,0.9991941982272361,560,681,1241,0.0,0.0008333472224535399,0.999677679290896,-8.058017727639034e-05
55958,46.63244387406457,1.0,560,681,1241,0.0008058017727639033,0.0008333472224535399,0.999677679290896,0.0
55959,46.633277221287024,1.0,560,681,1241,0.0,0.0008333472224535399,0.999677679290896,0.0
55960,46.63411056850948,1.0,560,681,1241,0.0,0.0008333472224535399,0.999677679290896,0.0
55961,46.63494391573193,1.0,560,681,1241,0.0,0.0008333472224535399,0.999677679290896,0.0
55962,46.635777262954385,1.0,560,681,1241,0.0,0.0008333472224535399,0.999677679290896,0.0
55963,46.63661061017684,1.0,560,681,1241,0.0,0.0008333472224535399,0.999677679290896,0.0
55964,46.63744395739929,1.0,560,681,1241,0.0,0.0008333472224535399,0.9997582594681724,8.058017727639034e-05
55965,46.638277304621745,1.0,560,681,1241,0.0,0.0008333472224535399,0.9998388396454487,8.058017727639034e-05
55966,46.6391106518442,1.0,560,681,1241,0.0,0.0008333472224535399,0.999919419822725,8.058017727639034e-05
55967,46.63994399906665,1.0,560,681,1241,0.0,0.0008333472224535399,1.0000000000000013,8.058017727639034e-05
55968,46.640777346289106,1.0,560,681,1241,0.0,0.0008333472224535399,1.0000000000000013,0.0
55969,46.64161069351156,1.0,560,681,1241,0.0,0.0008333472224535399,1.0000000000000013,0.0
55970,46.64244404073401,1.0,560,681,1241,0.0,0.0008333472224535399,1.0000000000000013,0.0
55971,46.643277387956466,1.0,560,681,1241,0.0,0.0008333472224535399,1.0000000000000013,0.0
55972,46.64411073517892,1.0,560,681,1241,0.0,0.0008333472224535399,1.0000000000000013,0.0
55973,46.64494408240137,1.0,560,681,1241,0.0,0.0008333472224535399,1.0000000000000013,0.0
55974,46.64577742962383,1.0,560,681,1241,0.0,0.0008333472224535399,1.0000000000000013,0.0
55975,46.64661077684628,1.0,560,681,1241,0.0,0.0008333472224535399,1.0000000000000013,0.0
55976,46.647444124068734,0.9991941982272361,560,681,1241,-0.0008058017727639033,0.0008333472224535399,0.999919419822725,-8.058017727639034e-05
55977,46.64827747129119,0.9983883964544722,560,681,1241,-0.0008058017727639033,0.0008333472224535399,0.9997582594681724,-0.00016116035455278067
55978,46.64911081851364,0.9991941982272361,560,681,1241,0.0008058017727639033,0.0008333472224535399,0.999677679290896,-8.058017727639034e-05
55979,46.649944165736095,1.0,560,681,1241,0.0008058017727639033,0.0008333472224535399,0.999677679290896,0.0
55980,46.65077751295855,1.0,560,681,1241,0.0,0.0008333472224535399,0.999677679290896,0.0
55981,46.651610860181,1.0,560,681,1241,0.0,0.0008333472224535399,0.999677679290896,0.0
55982,46.652444207403455,1.0,560,681,1241,0.0,0.0008333472224535399,0.999677679290896,0.0
55983,46.65327755462591,1.0,560,681,1241,0.0,0.0008333472224535399,0.999677679290896,0.0
55984,46.65411090184837,1.0,560,681,1241,0.0,0.0008333472224606453,0.999677679290896,0.0
55985,46.65494424907082,1.0,560,681,1241,0.0,0.0008333472224535399,0.999677679290896,0.0
55986,46.65577759629328,1.0,560,681,1241,0.0,0.0008333472224535399,0.9997582594681724,8.058017727639034e-05
55987,46.65661094351573,1.0,560,681,1241,0.0,0.0008333472224535399,0.999919419822725,0.00016116035455278067
55988,46.657444290738184,1.0,560,681,1241,0.0,0.0008333472224535399,1.0000000000000013,8.058017727639034e-05
55989,46.65827763796064,1.0,560,681,1241,0.0,0.0008333472224535399,1.0000000000000013,0.0
55990,46.65911098518309,1.0,560,681,1241,0.0,0.0008333472224535399,1.0000000000000013,0.0
55991,46.659944332405544,1.0,560,681,1241,0.0,0.0008333472224535399,1.0000000000000013,0.0
55992,46.660777679628,1.0,560,681,1241,0.0,0.0008333472224535399,1.0000000000000013,0.0
55993,46.66161102685045,1.0,560,681,1241,0.0,0.0008333472224535399,1.0000000000000013,0.0
55994,46.662444374072905,1.0,560,681,1241,0.0,0.0008333472224535399,1.0000000000000013,0.0
55995,46.66327772129536,1.0,560,681,1241,0.0,0.0008333472224535399,1.0000000000000013,0.0
55996,46.66411106851781,1.0,560,681,1241,0.0,0.0008333472224535399,1.0000000000000013,0.0
55997,46.664944415740266,1.0,560,681,1241,0.0,0.0008333472224535399,1.0000000000000013,0.0
55998,46.66577776296272,1.0,560,681,1241,0.0,0.0008333472224535399,1.0000000000000013,0.0
55999,46.66661111018517,1.0,560,681,1241,0.0,0.0008333472224535399,1.0000000000000013,0.0
56000,46.667444457407626,0.9991941982272361,560,681,1241,-0.0008058017727639033,0.0008333472224535399,0.999919419822725,-8.058017727639034e-05
56001,46.66827780463008,0.9991941982272361,560,681,1241,0.0,0.0008333472224535399,0.9998388396454487,-8.058017727639034e-05
56002,46.66911115185253,1.0,560,681,1241,0.0008058017727639033,0.0008333472224535399,0.9998388396454487,0.0
56003,46.66994449907499,1.0,560,681,1241,0.0,0.0008333472224535399,0.9998388396454487,0.0
56004,46.67077784629744,1.0,560,681,1241,0.0,0.0008333472224535399,0.9998388396454487,0.0
56005,46.671611193519894,1.0,560,681,1241,0.0,0.0008333472224535399,0.9998388396454487,0.0
56006,46.67244454074235,1.0,560,681,1241,0.0,0.0008333472224535399,0.9998388396454487,0.0
56007,46.6732778879648,1.0,560,681,1241,0.0,0.0008333472224535399,0.9998388396454487,0.0
56008,46.674111235187254,1.0,560,681,1241,0.0,0.0008333472224535399,0.9998388396454487,0.0
56009,46.67494458240971,1.0,560,681,1241,0.0,0.0008333472224535399,0.9998388396454487,0.0
56010,46.67577792963216,1.0,560,681,1241,0.0,0.0008333472224535399,0.999919419822725,8.058017727639034e-05
56011,46.676611276854615,1.0,560,681,1241,0.0,0.0008333472224535399,1.0000000000000013,8.058017727639034e-05
56012,46.67744462407707,1.0,560,681,1241,0.0,0.0008333472224535399,1.0000000000000013,0.0
56013,46.67827797129952,1.0,560,681,1241,0.0,0.0008333472224535399,1.0000000000000013,0.0
56014,46.679111318521976,1.0,560,681,1241,0.0,0.0008333472224535399,1.0000000000000013,0.0
56015,46.67994466574443,1.0,560,681,1241,0.0,0.0008333472224535399,1.0000000000000013,0.0
56016,46.68077801296688,1.0,560,681,1241,0.0,0.0008333472224535399,1.0000000000000013,0.0
56017,46.681611360189336,1.0,560,681,1241,0.0,0.0008333472224535399,1.0000000000000013,0.0
56018,46.68244470741179,1.0,560,681,1241,0.0,0.0008333472224535399,1.0000000000000013,0.0
56019,46.68327805463424,1.0,560,681,1241,0.0,0.0008333472224535399,1.0000000000000013,0.0
56020,46.6841114018567,1.0,560,681,1241,0.0,0.0008333472224535399,1.0000000000000013,0.0
56021,46.68494474907915,1.0,560,681,1241,0.0,0.0008333472224535399,1.0000000000000013,0.0
56022,46.685778096301604,1.0,560,681,1241,0.0,0.0008333472224535399,1.0000000000000013,0.0
56023,46.68661144352406,1.0,560,681,1241,0.0,0.0008333472224535399,1.0000000000000013,0.0
56024,46.68744479074651,1.0,560,681,1241,0.0,0.0008333472224535399,1.0000000000000013,0.0
56025,46.688278137968965,1.0,560,681,1241,0.0,0.0008333472224535399,1.0000000000000013,0.0
56026,46.689111485191425,1.0,560,681,1241,0.0,0.0008333472224606453,1.0000000000000013,0.0
56027,46.68994483241388,1.0,560,681,1241,0.0,0.0008333472224535399,1.0000000000000013,0.0
56028,46.69077817963633,1.0,560,681,1241,0.0,0.0008333472224535399,1.0000000000000013,0.0
56029,46.691611526858786,1.0,560,681,1241,0.0,0.0008333472224535399,1.0000000000000013,0.0
56030,46.69244487408124,1.0,560,681,1241,0.0,0.0008333472224535399,1.0000000000000013,0.0
56031,46.69327822130369,1.0,560,681,1241,0.0,0.0008333472224535399,1.0000000000000013,0.0
56032,46.69411156852615,1.0,560,681,1241,0.0,0.0008333472224535399,1.0000000000000013,0.0
56033,46.6949449157486,1.0,560,681,1241,0.0,0.0008333472224535399,1.0000000000000013,0.0
56034,46.695778262971054,1.0,560,681,1241,0.0,0.0008333472224535399,1.0000000000000013,0.0
56035,46.69661161019351,1.0,560,681,1241,0.0,0.0008333472224535399,1.0000000000000013,0.0
56036,46.69744495741596,1.0,560,681,1241,0.0,0.0008333472224535399,1.0000000000000013,0.0
56037,46.698278304638414,1.0,560,681,1241,0.0,0.0008333472224535399,1.0000000000000013,0.0
56038,46.69911165186087,1.0,560,681,1241,0.0,0.0008333472224535399,1.0000000000000013,0.0
56039,46.69994499908332,1.0,560,681,1241,0.0,0.0008333472224535399,1.0000000000000013,0.0
56040,46.700778346305775,1.0,560,681,1241,0.0,0.0008333472224535399,1.0000000000000013,0.0
56041,46.70161169352823,1.0,560,681,1241,0.0,0.0008333472224535399,1.0000000000000013,0.0
56042,46.70244504075068,1.0,560,681,1241,0.0,0.0008333472224535399,1.0000000000000013,0.0
56043,46.703278387973135,0.9991941982272361,560,681,1241,-0.0008058017727639033,0.0008333472224535399,0.999919419822725,-8.058017727639034e-05
56044,46.70411173519559,1.0,560,681,1241,0.0008058017727639033,0.0008333472224535399,0.999919419822725,0.0
56045,46.70494508241804,1.0,560,681,1241,0.0,0.0008333472224535399,0.999919419822725,0.0
56046,46.705778429640496,1.0,560,681,1241,0.0,0.0008333472224535399,0.999919419822725,0.0
56047,46.70661177686295,1.0,560,681,1241,0.0,0.0008333472224535399,0.999919419822725,0.0
56048,46.7074451240854,1.0,560,681,1241,0.0,0.0008333472224535399,0.999919419822725,0.0
56049,46.70827847130786,1.0,560,681,1241,0.0,0.0008333472224535399,0.999919419822725,0.0
56050,46.70911181853031,1.0,560,681,1241,0.0,0.0008333472224535399,0.999919419822725,0.0
56051,46.709945165752764,1.0,560,681,1241,0.0,0.0008333472224535399,0.999919419822725,0.0
56052,46.71077851297522,1.0,560,681,1241,0.0,0.0008333472224535399,0.999919419822725,0.0
56053,46.71161186019767,1.0,560,681,1241,0.0,0.0008333472224535399,1.0000000000000013,8.058017727639034e-05
56054,46.712445207420124,1.0,560,681,1241,0.0,0.0008333472224535399,1.0000000000000013,0.0
56055,46.71327855464258,1.0,560,681,1241,0.0,0.0008333472224535399,1.0000000000000013,0.0
56056,46.71411190186503,1.0,560,681,1241,0.0,0.0008333472224535399,1.0000000000000013,0.0
56057,46.714945249087485,1.0,560,681,1241,0.0,0.0008333472224535399,1.0000000000000013,0.0
56058,46.71577859630994,1.0,560,681,1241,0.0,0.0008333472224535399,1.0000000000000013,0.0
56059,46.71661194353239,1.0,560,681,1241,0.0,0.0008333472224535399,1.0000000000000013,0.0
56060,46.717445290754846,1.0,560,681,1241,0.0,0.0008333472224535399,1.0000000000000013,0.0
56061,46.7182786379773,1.0,560,681,1241,0.0,0.0008333472224535399,1.0000000000000013,0.0
56062,46.71911198519975,1.0,560,681,1241,0.0,0.0008333472224535399,1.0000000000000013,0.0
56063,46.719945332422206,0.9991941982272361,560,681,1241,-0.0008058017727639033,0.0008333472224535399,0.999919419822725,-8.058017727639034e-05
56064,46.72077867964466,0.9991941982272361,560,681,1241,0.0,0.0008333472224535399,0.9998388396454487,-8.058017727639034e-05
56065,46.72161202686711,0.9991941982272361,560,681,1241,0.0,0.0008333472224535399,0.9997582594681724,-8.058017727639034e-05
56066,46.72244537408957,0.9991941982272361,560,681,1241,0.0,0.0008333472224535399,0.999677679290896,-8.058017727639034e-05
56067,46.72327872131202,1.0,560,681,1241,0.0008058017727639033,0.0008333472224535399,0.999677679290896,0.0
56068,46.72411206853448,1.0,560,681,1241,0.0,0.0008333472224606453,0.999677679290896,0.0
56069,46.724945415756935,1.0,560,681,1241,0.0,0.0008333472224535399,0.999677679290896,0.0
56070,46.72577876297939,1.0,560,681,1241,0.0,0.0008333472224535399,0.999677679290896,0.0
56071,46.72661211020184,1.0,560,681,1241,0.0,0.0008333472224535399,0.999677679290896,0.0
56072,46.727445457424295,1.0,560,681,1241,0.0,0.0008333472224535399,0.999677679290896,0.0
56073,46.72827880464675,1.0,560,681,1241,0.0,0.0008333472224535399,0.9997582594681724,8.058017727639034e-05
56074,46.7291121518692,1.0,560,681,1241,0.0,0.0008333472224535399,0.9998388396454487,8.058017727639034e-05
56075,46.729945499091656,1.0,560,681,1241,0.0,0.0008333472224535399,0.999919419822725,8.058017727639034e-05
56076,46.73077884631411,1.0,560,681,1241,0.0,0.0008333472224535399,1.0000000000000013,8.058017727639034e-05
56077,46.73161219353656,1.0,560,681,1241,0.0,0.0008333472224535399,1.0000000000000013,0.0
56078,46.73244554075902,1.0,560,681,1241,0.0,0.0008333472224535399,1.0000000000000013,0.0
56079,46.73327888798147,1.0,560,681,1241,0.0,0.0008333472224535399,1.0000000000000013,0.0
56080,46.73411223520392,1.0,560,681,1241,0.0,0.0008333472224535399,1.0000000000000013,0.0
56081,46.73494558242638,1.0,560,681,1241,0.0,0.0008333472224535399,1.0000000000000013,0.0
56082,46.73577892964883,1.0,560,681,1241,0.0,0.0008333472224535399,1.0000000000000013,0.0
56083,46.736612276871284,1.0,560,681,1241,0.0,0.0008333472224535399,1.0000000000000013,0.0
56084,46.73744562409374,1.0,560,681,1241,0.0,0.0008333472224535399,1.0000000000000013,0.0
56085,46.73827897131619,1.0,560,681,1241,0.0,0.0008333472224535399,1.0000000000000013,0.0
56086,46.739112318538645,1.0,560,681,1241,0.0,0.0008333472224535399,1.0000000000000013,0.0
56087,46.7399456657611,1.0,560,681,1241,0.0,0.0008333472224535399,1.0000000000000013,0.0
56088,46.74077901298355,1.0,560,681,1241,0.0,0.0008333472224535399,1.0000000000000013,0.0
56089,46.741612360206005,1.0,560,681,1241,0.0,0.0008333472224535399,1.0000000000000013,0.0
56090,46.74244570742846,1.0,560,681,1241,0.0,0.0008333472224535399,1.0000000000000013,0.0
56091,46.74327905465091,1.0,560,681,1241,0.0,0.0008333472224535399,1.0000000000000013,0.0
56092,46.744112401873366,1.0,560,681,1241,0.0,0.0008333472224535399,1.0000000000000013,0.0
56093,46.74494574909582,1.0,560,681,1241,0.0,0.0008333472224535399,1.0000000000000013,0.0
56094,46.74577909631827,1.0,560,681,1241,0.0,0.0008333472224535399,1.0000000000000013,0.0
56095,46.74661244354073,1.0,560,681,1241,0.0,0.0008333472224535399,1.0000000000000013,0.0
56096,46.74744579076318,1.0,560,681,1241,0.0,0.0008333472224535399,1.0000000000000013,0.0
56097,46.748279137985634,1.0,560,681,1241,0.0,0.0008333472224535399,1.0000000000000013,0.0
56098,46.74911248520809,1.0,560,681,1241,0.0,0.0008333472224535399,1.0000000000000013,0.0
56099,46.74994583243054,1.0,560,681,1241,0.0,0.0008333472224535399,1.0000000000000013,0.0
56100,46.750779179652994,1.0,560,681,1241,0.0,0.0008333472224535399,1.0000000000000013,0.0
56101,46.75161252687545,1.0,560,681,1241,0.0,0.0008333472224535399,1.0000000000000013,0.0
56102,46.7524458740979,1.0,560,681,1241,0.0,0.0008333472224535399,1.0000000000000013,0.0
56103,46.753279221320355,1.0,560,681,1241,0.0,0.0008333472224535399,1.0000000000000013,0.0
56104,46.75411256854281,1.0,560,681,1241,0.0,0.0008333472224535399,1.0000000000000013,0.0
56105,46.75494591576526,1.0,560,681,1241,0.0,0.0008333472224535399,1.0000000000000013,0.0
56106,46.755779262987716,1.0,560,681,1241,0.0,0.0008333472224535399,1.0000000000000013,0.0
56107,46.75661261021017,1.0,560,681,1241,0.0,0.0008333472224535399,1.0000000000000013,0.0
56108,46.75744595743262,1.0,560,681,1241,0.0,0.0008333472224535399,1.0000000000000013,0.0
56109,46.758279304655076,1.0,560,681,1241,0.0,0.0008333472224535399,1.0000000000000013,0.0
56110,46.75911265187753,1.0,560,681,1241,0.0,0.0008333472224535399,1.0000000000000013,0.0
56111,46.75994599909999,0.9991941982272361,560,681,1241,-0.0008058017727639033,0.0008333472224606453,0.999919419822725,-8.058017727639034e-05
56112,46.760779346322444,0.9991941982272361,560,681,1241,0.0,0.0008333472224535399,0.9998388396454487,-8.058017727639034e-05
56113,46.7616126935449,0.9991941982272361,560,681,1241,0.0,0.0008333472224535399,0.9997582594681724,-8.058017727639034e-05
56114,46.76244604076735,0.9991941982272361,560,681,1241,0.0,0.0008333472224535399,0.999677679290896,-8.058017727639034e-05
56115,46.763279387989805,0.9991941982272361,560,681,1241,0.0,0.0008333472224535399,0.9995970991136197,-8.058017727639034e-05
56116,46.76411273521226,0.9991941982272361,560,681,1241,0.0,0.0008333472224535399,0.9995165189363433,-8.058017727639034e-05
56117,46.76494608243471,0.9991941982272361,560,681,1241,0.0,0.0008333472224535399,0.999435938759067,-8.058017727639034e-05
56118,46.765779429657165,0.9991941982272361,560,681,1241,0.0,0.0008333472224535399,0.9993553585817907,-8.058017727639034e-05
56119,46.76661277687962,1.0,560,681,1241,0.0008058017727639033,0.0008333472224535399,0.9993553585817907,0.0
56120,46.76744612410207,1.0,560,681,1241,0.0,0.0008333472224535399,0.9993553585817907,0.0
56121,46.768279471324526,1.0,560,681,1241,0.0,0.0008333472224535399,0.999435938759067,8.058017727639034e-05
56122,46.76911281854698,1.0,560,681,1241,0.0,0.0008333472224535399,0.9995165189363433,8.058017727639034e-05
56123,46.76994616576943,1.0,560,681,1241,0.0,0.0008333472224535399,0.9995970991136197,8.058017727639034e-05
56124,46.770779512991886,1.0,560,681,1241,0.0,0.0008333472224535399,0.999677679290896,8.058017727639034e-05
56125,46.77161286021434,1.0,560,681,1241,0.0,0.0008333472224535399,0.9997582594681724,8.058017727639034e-05
56126,46.77244620743679,0.9991941982272361,560,681,1241,-0.0008058017727639033,0.0008333472224535399,0.9997582594681724,0.0
56127,46.77327955465925,0.9991941982272361,560,681,1241,0.0,0.0008333472224535399,0.9997582594681724,0.0
56128,46.7741129018817,1.0,560,681,1241,0.0008058017727639033,0.0008333472224535399,0.9998388396454487,8.058017727639034e-05
56129,46.774946249104154,1.0,560,681,1241,0.0,0.0008333472224535399,0.9998388396454487,0.0
56130,46.77577959632661,1.0,560,681,1241,0.0,0.0008333472224535399,0.9998388396454487,0.0
56131,46.77661294354906,1.0,560,681,1241,0.0,0.0008333472224535399,0.9998388396454487,0.0
56132,46.777446290771515,1.0,560,681,1241,0.0,0.0008333472224535399,0.9998388396454487,0.0
56133,46.77827963799397,1.0,560,681,1241,0.0,0.0008333472224535399,0.9998388396454487,0.0
56134,46.77911298521642,1.0,560,681,1241,0.0,0.0008333472224535399,0.9998388396454487,0.0
56135,46.779946332438875,1.0,560,681,1241,0.0,0.0008333472224535399,0.9998388396454487,0.0
56136,46.78077967966133,1.0,560,681,1241,0.0,0.0008333472224535399,0.999919419822725,8.058017727639034e-05
56137,46.78161302688378,1.0,560,681,1241,0.0,0.0008333472224535399,1.0000000000000013,8.058017727639034e-05
56138,46.782446374106236,1.0,560,681,1241,0.0,0.0008333472224535399,1.0000000000000013,0.0
56139,46.78327972132869,1.0,560,681,1241,0.0,0.0008333472224535399,1.0000000000000013,0.0
56140,46.78411306855114,1.0,560,681,1241,0.0,0.0008333472224535399,1.0000000000000013,0.0
56141,46.7849464157736,1.0,560,681,1241,0.0,0.0008333472224535399,1.0000000000000013,0.0
56142,46.78577976299605,1.0,560,681,1241,0.0,0.0008333472224535399,1.0000000000000013,0.0
56143,46.786613110218504,1.0,560,681,1241,0.0,0.0008333472224535399,1.0000000000000013,0.0
56144,46.78744645744096,1.0,560,681,1241,0.0,0.0008333472224535399,1.0000000000000013,0.0
56145,46.78827980466341,1.0,560,681,1241,0.0,0.0008333472224535399,1.0000000000000013,0.0
56146,46.789113151885864,1.0,560,681,1241,0.0,0.0008333472224535399,1.0000000000000013,0.0
56147,46.78994649910832,1.0,560,681,1241,0.0,0.0008333472224535399,1.0000000000000013,0.0
56148,46.79077984633077,1.0,560,681,1241,0.0,0.0008333472224535399,1.0000000000000013,0.0
56149,46.791613193553225,1.0,560,681,1241,0.0,0.0008333472224535399,1.0000000000000013,0.0
56150,46.79244654077568,1.0,560,681,1241,0.0,0.0008333472224535399,1.0000000000000013,0.0
56151,46.79327988799813,1.0,560,681,1241,0.0,0.0008333472224535399,1.0000000000000013,0.0
56152,46.794113235220586,1.0,560,681,1241,0.0,0.0008333472224535399,1.0000000000000013,0.0
56153,46.794946582443046,1.0,560,681,1241,0.0,0.0008333472224606453,1.0000000000000013,0.0
56154,46.7957799296655,1.0,560,681,1241,0.0,0.0008333472224535399,1.0000000000000013,0.0
56155,46.79661327688795,1.0,560,681,1241,0.0,0.0008333472224535399,1.0000000000000013,0.0
56156,46.79744662411041,1.0,560,681,1241,0.0,0.0008333472224535399,1.0000000000000013,0.0
56157,46.79827997133286,1.0,560,681,1241,0.0,0.0008333472224535399,1.0000000000000013,0.0
56158,46.799113318555314,1.0,560,681,1241,0.0,0.0008333472224535399,1.0000000000000013,0.0
56159,46.79994666577777,1.0,560,681,1241,0.0,0.0008333472224535399,1.0000000000000013,0.0
56160,46.80078001300022,1.0,560,681,1241,0.0,0.0008333472224535399,1.0000000000000013,0.0
56161,46.801613360222674,1.0,560,681,1241,0.0,0.0008333472224535399,1.0000000000000013,0.0
56162,46.80244670744513,1.0,560,681,1241,0.0,0.0008333472224535399,1.0000000000000013,0.0
56163,46.80328005466758,1.0,560,681,1241,0.0,0.0008333472224535399,1.0000000000000013,0.0
56164,46.804113401890035,1.0,560,681,1241,0.0,0.0008333472224535399,1.0000000000000013,0.0
56165,46.80494674911249,1.0,560,681,1241,0.0,0.0008333472224535399,1.0000000000000013,0.0
56166,46.80578009633494,1.0,560,681,1241,0.0,0.0008333472224535399,1.0000000000000013,0.0
56167,46.806613443557396,1.0,560,681,1241,0.0,0.0008333472224535399,1.0000000000000013,0.0
56168,46.80744679077985,1.0,560,681,1241,0.0,0.0008333472224535399,1.0000000000000013,0.0
56169,46.8082801380023,1.0,560,681,1241,0.0,0.0008333472224535399,1.0000000000000013,0.0
56170,46.809113485224756,1.0,560,681,1241,0.0,0.0008333472224535399,1.0000000000000013,0.0
56171,46.80994683244721,1.0,560,681,1241,0.0,0.0008333472224535399,1.0000000000000013,0.0
56172,46.81078017966966,1.0,560,681,1241,0.0,0.0008333472224535399,1.0000000000000013,0.0
56173,46.81161352689212,1.0,560,681,1241,0.0,0.0008333472224535399,1.0000000000000013,0.0
56174,46.81244687411457,1.0,560,681,1241,0.0,0.0008333472224535399,1.0000000000000013,0.0
56175,46.813280221337024,1.0,560,681,1241,0.0,0.0008333472224535399,1.0000000000000013,0.0
56176,46.81411356855948,1.0,560,681,1241,0.0,0.0008333472224535399,1.0000000000000013,0.0
56177,46.81494691578193,1.0,560,681,1241,0.0,0.0008333472224535399,1.0000000000000013,0.0
56178,46.815780263004385,1.0,560,681,1241,0.0,0.0008333472224535399,1.0000000000000013,0.0
56179,46.81661361022684,1.0,560,681,1241,0.0,0.0008333472224535399,1.0000000000000013,0.0
56180,46.81744695744929,1.0,560,681,1241,0.0,0.0008333472224535399,1.0000000000000013,0.0
56181,46.818280304671745,1.0,560,681,1241,0.0,0.0008333472224535399,1.0000000000000013,0.0
56182,46.8191136518942,1.0,560,681,1241,0.0,0.0008333472224535399,1.0000000000000013,0.0
56183,46.81994699911665,1.0,560,681,1241,0.0,0.0008333472224535399,1.0000000000000013,0.0
56184,46.820780346339106,1.0,560,681,1241,0.0,0.0008333472224535399,1.0000000000000013,0.0
56185,46.82161369356156,1.0,560,681,1241,0.0,0.0008333472224535399,1.0000000000000013,0.0
56186,46.82244704078401,1.0,560,681,1241,0.0,0.0008333472224535399,1.0000000000000013,0.0
56187,46.82328038800647,1.0,560,681,1241,0.0,0.0008333472224535399,1.0000000000000013,0.0
56188,46.82411373522892,1.0,560,681,1241,0.0,0.0008333472224535399,1.0000000000000013,0.0
56189,46.824947082451374,1.0,560,681,1241,0.0,0.0008333472224535399,1.0000000000000013,0.0
56190,46.82578042967383,1.0,560,681,1241,0.0,0.0008333472224535399,1.0000000000000013,0.0
56191,46.82661377689628,1.0,560,681,1241,0.0,0.0008333472224535399,1.0000000000000013,0.0
56192,46.827447124118734,1.0,560,681,1241,0.0,0.0008333472224535399,1.0000000000000013,0.0
56193,46.82828047134119,1.0,560,681,1241,0.0,0.0008333472224535399,1.0000000000000013,0.0
56194,46.82911381856364,1.0,560,681,1241,0.0,0.0008333472224535399,1.0000000000000013,0.0
56195,46.8299471657861,1.0,560,681,1241,0.0,0.0008333472224606453,1.0000000000000013,0.0
56196,46.830780513008555,1.0,560,681,1241,0.0,0.0008333472224535399,1.0000000000000013,0.0
56197,46.83161386023101,1.0,560,681,1241,0.0,0.0008333472224535399,1.0000000000000013,0.0
56198,46.83244720745346,1.0,560,681,1241,0.0,0.0008333472224535399,1.0000000000000013,0.0
56199,46.833280554675916,1.0,560,681,1241,0.0,0.0008333472224535399,1.0000000000000013,0.0
56200,46.83411390189837,1.0,560,681,1241,0.0,0.0008333472224535399,1.0000000000000013,0.0
56201,46.83494724912082,1.0,560,681,1241,0.0,0.0008333472224535399,1.0000000000000013,0.0
56202,46.83578059634328,1.0,560,681,1241,0.0,0.0008333472224535399,1.0000000000000013,0.0
56203,46.83661394356573,1.0,560,681,1241,0.0,0.0008333472224535399,1.0000000000000013,0.0
56204,46.837447290788184,1.0,560,681,1241,0.0,0.0008333472224535399,1.0000000000000013,0.0
56205,46.83828063801064,1.0,560,681,1241,0.0,0.0008333472224535399,1.0000000000000013,0.0
56206,46.83911398523309,1.0,560,681,1241,0.0,0.0008333472224535399,1.0000000000000013,0.0
56207,46.839947332455544,1.0,560,681,1241,0.0,0.0008333472224535399,1.0000000000000013,0.0
56208,46.840780679678,1.0,560,681,1241,0.0,0.0008333472224535399,1.0000000000000013,0.0
56209,46.84161402690045,1.0,560,681,1241,0.0,0.0008333472224535399,1.0000000000000013,0.0
56210,46.842447374122905,1.0,560,681,1241,0.0,0.0008333472224535399,1.0000000000000013,0.0
56211,46.84328072134536,1.0,560,681,1241,0.0,0.0008333472224535399,1.0000000000000013,0.0
56212,46.84411406856781,1.0,560,681,1241,0.0,0.0008333472224535399,1.0000000000000013,0.0
56213,46.844947415790266,1.0,560,681,1241,0.0,0.0008333472224535399,1.0000000000000013,0.0
56214,46.84578076301272,1.0,560,681,1241,0.0,0.0008333472224535399,1.0000000000000013,0.0
56215,46.84661411023517,1.0,560,681,1241,0.0,0.0008333472224535399,1.0000000000000013,0.0
56216,46.847447457457626,1.0,560,681,1241,0.0,0.0008333472224535399,1.0000000000000013,0.0
56217,46.84828080468008,1.0,560,681,1241,0.0,0.0008333472224535399,1.0000000000000013,0.0
56218,46.84911415190253,1.0,560,681,1241,0.0,0.0008333472224535399,1.0000000000000013,0.0
56219,46.84994749912499,1.0,560,681,1241,0.0,0.0008333472224535399,1.0000000000000013,0.0
56220,46.85078084634744,0.9991941982272361,560,681,1241,-0.0008058017727639033,0.0008333472224535399,0.999919419822725,-8.058017727639034e-05
56221,46.851614193569894,1.0,560,681,1241,0.0008058017727639033,0.0008333472224535399,0.999919419822725,0.0
56222,46.85244754079235,1.0,560,681,1241,0.0,0.0008333472224535399,0.999919419822725,0.0
56223,46.8532808880148,1.0,560,681,1241,0.0,0.0008333472224535399,0.999919419822725,0.0
56224,46.854114235237255,1.0,560,681,1241,0.0,0.0008333472224535399,0.999919419822725,0.0
56225,46.85494758245971,1.0,560,681,1241,0.0,0.0008333472224535399,0.999919419822725,0.0
56226,46.85578092968216,1.0,560,681,1241,0.0,0.0008333472224535399,0.999919419822725,0.0
56227,46.856614276904615,1.0,560,681,1241,0.0,0.0008333472224535399,0.999919419822725,0.0
56228,46.85744762412707,1.0,560,681,1241,0.0,0.0008333472224535399,0.999919419822725,0.0
56229,46.85828097134952,1.0,560,681,1241,0.0,0.0008333472224535399,0.999919419822725,0.0
56230,46.859114318571976,1.0,560,681,1241,0.0,0.0008333472224535399,1.0000000000000013,8.058017727639034e-05
56231,46.85994766579443,1.0,560,681,1241,0.0,0.0008333472224535399,1.0000000000000013,0.0
56232,46.86078101301688,1.0,560,681,1241,0.0,0.0008333472224535399,1.0000000000000013,0.0
56233,46.86161436023934,1.0,560,681,1241,0.0,0.0008333472224535399,1.0000000000000013,0.0
56234,46.86244770746179,1.0,560,681,1241,0.0,0.0008333472224535399,1.0000000000000013,0.0
56235,46.86328105468424,1.0,560,681,1241,0.0,0.0008333472224535399,1.0000000000000013,0.0
56236,46.8641144019067,1.0,560,681,1241,0.0,0.0008333472224535399,1.0000000000000013,0.0
56237,46.86494774912915,1.0,560,681,1241,0.0,0.0008333472224535399,1.0000000000000013,0.0
56238,46.86578109635161,1.0,560,681,1241,0.0,0.0008333472224606453,1.0000000000000013,0.0
56239,46.866614443574065,1.0,560,681,1241,0.0,0.0008333472224535399,1.0000000000000013,0.0
56240,46.86744779079652,1.0,560,681,1241,0.0,0.0008333472224535399,1.0000000000000013,0.0
56241,46.86828113801897,1.0,560,681,1241,0.0,0.0008333472224535399,1.0000000000000013,0.0
56242,46.869114485241425,1.0,560,681,1241,0.0,0.0008333472224535399,1.0000000000000013,0.0
56243,46.86994783246388,1.0,560,681,1241,0.0,0.0008333472224535399,1.0000000000000013,0.0
56244,46.87078117968633,1.0,560,681,1241,0.0,0.0008333472224535399,1.0000000000000013,0.0
56245,46.871614526908786,0.9991941982272361,560,681,1241,-0.0008058017727639033,0.0008333472224535399,0.999919419822725,-8.058017727639034e-05
56246,46.87244787413124,1.0,560,681,1241,0.0008058017727639033,0.0008333472224535399,0.999919419822725,0.0
56247,46.87328122135369,1.0,560,681,1241,0.0,0.0008333472224535399,0.999919419822725,0.0
56248,46.87411456857615,1.0,560,681,1241,0.0,0.0008333472224535399,0.999919419822725,0.0
56249,46.8749479157986,1.0,560,681,1241,0.0,0.0008333472224535399,0.999919419822725,0.0
56250,46.875781263021054,1.0,560,681,1241,0.0,0.0008333472224535399,0.999919419822725,0.0
56251,46.87661461024351,1.0,560,681,1241,0.0,0.0008333472224535399,0.999919419822725,0.0
56252,46.87744795746596,1.0,560,681,1241,0.0,0.0008333472224535399,0.999919419822725,0.0
56253,46.878281304688414,1.0,560,681,1241,0.0,0.0008333472224535399,0.999919419822725,0.0
56254,46.87911465191087,1.0,560,681,1241,0.0,0.0008333472224535399,0.999919419822725,0.0
56255,46.87994799913332,1.0,560,681,1241,0.0,0.0008333472224535399,1.0000000000000013,8.058017727639034e-05
56256,46.880781346355775,1.0,560,681,1241,0.0,0.0008333472224535399,1.0000000000000013,0.0
56257,46.88161469357823,1.0,560,681,1241,0.0,0.0008333472224535399,1.0000000000000013,0.0
56258,46.88244804080068,1.0,560,681,1241,0.0,0.0008333472224535399,1.0000000000000013,0.0
56259,46.883281388023136,1.0,560,681,1241,0.0,0.0008333472224535399,1.0000000000000013,0.0
56260,46.88411473524559,1.0,560,681,1241,0.0,0.0008333472224535399,1.0000000000000013,0.0
56261,46.88494808246804,1.0,560,681,1241,0.0,0.0008333472224535399,1.0000000000000013,0.0
56262,46.885781429690496,1.0,560,681,1241,0.0,0.0008333472224535399,1.0000000000000013,0.0
56263,46.88661477691295,1.0,560,681,1241,0.0,0.0008333472224535399,1.0000000000000013,0.0
56264,46.8874481241354,1.0,560,681,1241,0.0,0.0008333472224535399,1.0000000000000013,0.0
56265,46.88828147135786,1.0,560,681,1241,0.0,0.0008333472224535399,1.0000000000000013,0.0
56266,46.88911481858031,1.0,560,681,1241,0.0,0.0008333472224535399,1.0000000000000013,0.0
56267,46.889948165802764,1.0,560,681,1241,0.0,0.0008333472224535399,1.0000000000000013,0.0
56268,46.89078151302522,1.0,560,681,1241,0.0,0.0008333472224535399,1.0000000000000013,0.0
56269,46.89161486024767,1.0,560,681,1241,0.0,0.0008333472224535399,1.0000000000000013,0.0
56270,46.892448207470125,1.0,560,681,1241,0.0,0.0008333472224535399,1.0000000000000013,0.0
56271,46.89328155469258,1.0,560,681,1241,0.0,0.0008333472224535399,1.0000000000000013,0.0
56272,46.89411490191503,1.0,560,681,1241,0.0,0.0008333472224535399,1.0000000000000013,0.0
56273,46.894948249137485,1.0,560,681,1241,0.0,0.0008333472224535399,1.0000000000000013,0.0
56274,46.89578159635994,1.0,560,681,1241,0.0,0.0008333472224535399,1.0000000000000013,0.0
56275,46.89661494358239,1.0,560,681,1241,0.0,0.0008333472224535399,1.0000000000000013,0.0
56276,46.897448290804846,1.0,560,681,1241,0.0,0.0008333472224535399,1.0000000000000013,0.0
56277,46.8982816380273,1.0,560,681,1241,0.0,0.0008333472224535399,1.0000000000000013,0.0
56278,46.89911498524975,1.0,560,681,1241,0.0,0.0008333472224535399,1.0000000000000013,0.0
56279,46.899948332472206,1.0,560,681,1241,0.0,0.0008333472224535399,1.0000000000000013,0.0
56280,46.90078167969467,1.0,560,681,1241,0.0,0.0008333472224606453,1.0000000000000013,0.0
56281,46.90161502691712,1.0,560,681,1241,0.0,0.0008333472224535399,1.0000000000000013,0.0
56282,46.902448374139574,1.0,560,681,1241,0.0,0.0008333472224535399,1.0000000000000013,0.0
56283,46.90328172136203,1.0,560,681,1241,0.0,0.0008333472224535399,1.0000000000000013,0.0
56284,46.90411506858448,1.0,560,681,1241,0.0,0.0008333472224535399,1.0000000000000013,0.0
56285,46.904948415806935,1.0,560,681,1241,0.0,0.0008333472224535399,1.0000000000000013,0.0
56286,46.90578176302939,1.0,560,681,1241,0.0,0.0008333472224535399,1.0000000000000013,0.0
56287,46.90661511025184,1.0,560,681,1241,0.0,0.0008333472224535399,1.0000000000000013,0.0
56288,46.907448457474295,1.0,560,681,1241,0.0,0.0008333472224535399,1.0000000000000013,0.0
56289,46.90828180469675,1.0,560,681,1241,0.0,0.0008333472224535399,1.0000000000000013,0.0
56290,46.9091151519192,1.0,560,681,1241,0.0,0.0008333472224535399,1.0000000000000013,0.0
56291,46.909948499141656,1.0,560,681,1241,0.0,0.0008333472224535399,1.0000000000000013,0.0
56292,46.91078184636411,1.0,560,681,1241,0.0,0.0008333472224535399,1.0000000000000013,0.0
56293,46.91161519358656,1.0,560,681,1241,0.0,0.0008333472224535399,1.0000000000000013,0.0
56294,46.91244854080902,1.0,560,681,1241,0.0,0.0008333472224535399,1.0000000000000013,0.0
56295,46.91328188803147,1.0,560,681,1241,0.0,0.0008333472224535399,1.0000000000000013,0.0
56296,46.914115235253924,1.0,560,681,1241,0.0,0.0008333472224535399,1.0000000000000013,0.0
56297,46.91494858247638,1.0,560,681,1241,0.0,0.0008333472224535399,1.0000000000000013,0.0
56298,46.91578192969883,1.0,560,681,1241,0.0,0.0008333472224535399,1.0000000000000013,0.0
56299,46.916615276921284,1.0,560,681,1241,0.0,0.0008333472224535399,1.0000000000000013,0.0
56300,46.91744862414374,1.0,560,681,1241,0.0,0.0008333472224535399,1.0000000000000013,0.0
56301,46.91828197136619,1.0,560,681,1241,0.0,0.0008333472224535399,1.0000000000000013,0.0
56302,46.919115318588645,1.0,560,681,1241,0.0,0.0008333472224535399,1.0000000000000013,0.0
56303,46.9199486658111,1.0,560,681,1241,0.0,0.0008333472224535399,1.0000000000000013,0.0
56304,46.92078201303355,1.0,560,681,1241,0.0,0.0008333472224535399,1.0000000000000013,0.0
56305,46.921615360256006,1.0,560,681,1241,0.0,0.0008333472224535399,1.0000000000000013,0.0
56306,46.92244870747846,1.0,560,681,1241,0.0,0.0008333472224535399,1.0000000000000013,0.0
56307,46.92328205470091,1.0,560,681,1241,0.0,0.0008333472224535399,1.0000000000000013,0.0
56308,46.924115401923366,1.0,560,681,1241,0.0,0.0008333472224535399,1.0000000000000013,0.0
56309,46.92494874914582,1.0,560,681,1241,0.0,0.0008333472224535399,1.0000000000000013,0.0
56310,46.92578209636827,1.0,560,681,1241,0.0,0.0008333472224535399,1.0000000000000013,0.0
56311,46.92661544359073,1.0,560,681,1241,0.0,0.0008333472224535399,1.0000000000000013,0.0
56312,46.92744879081318,1.0,560,681,1241,0.0,0.0008333472224535399,1.0000000000000013,0.0
56313,46.928282138035634,1.0,560,681,1241,0.0,0.0008333472224535399,1.0000000000000013,0.0
56314,46.92911548525809,1.0,560,681,1241,0.0,0.0008333472224535399,1.0000000000000013,0.0
56315,46.92994883248054,1.0,560,681,1241,0.0,0.0008333472224535399,1.0000000000000013,0.0
56316,46.930782179702994,1.0,560,681,1241,0.0,0.0008333472224535399,1.0000000000000013,0.0
56317,46.93161552692545,1.0,560,681,1241,0.0,0.0008333472224535399,1.0000000000000013,0.0
56318,46.9324488741479,1.0,560,681,1241,0.0,0.0008333472224535399,1.0000000000000013,0.0
56319,46.933282221370355,1.0,560,681,1241,0.0,0.0008333472224535399,1.0000000000000013,0.0
56320,46.93411556859281,1.0,560,681,1241,0.0,0.0008333472224535399,1.0000000000000013,0.0
56321,46.93494891581526,1.0,560,681,1241,0.0,0.0008333472224535399,1.0000000000000013,0.0
56322,46.93578226303772,1.0,560,681,1241,0.0,0.0008333472224606453,1.0000000000000013,0.0
56323,46.936615610260176,1.0,560,681,1241,0.0,0.0008333472224535399,1.0000000000000013,0.0
56324,46.93744895748263,1.0,560,681,1241,0.0,0.0008333472224535399,1.0000000000000013,0.0
56325,46.93828230470508,1.0,560,681,1241,0.0,0.0008333472224535399,1.0000000000000013,0.0
56326,46.93911565192754,1.0,560,681,1241,0.0,0.0008333472224535399,1.0000000000000013,0.0
56327,46.93994899914999,1.0,560,681,1241,0.0,0.0008333472224535399,1.0000000000000013,0.0
56328,46.940782346372444,1.0,560,681,1241,0.0,0.0008333472224535399,1.0000000000000013,0.0
56329,46.9416156935949,0.9991941982272361,560,681,1241,-0.0008058017727639033,0.0008333472224535399,0.999919419822725,-8.058017727639034e-05
56330,46.94244904081735,1.0,560,681,1241,0.0008058017727639033,0.0008333472224535399,0.999919419822725,0.0
56331,46.943282388039805,1.0,560,681,1241,0.0,0.0008333472224535399,0.999919419822725,0.0
56332,46.94411573526226,1.0,560,681,1241,0.0,0.0008333472224535399,0.999919419822725,0.0
56333,46.94494908248471,1.0,560,681,1241,0.0,0.0008333472224535399,0.999919419822725,0.0
56334,46.945782429707165,1.0,560,681,1241,0.0,0.0008333472224535399,0.999919419822725,0.0
56335,46.94661577692962,1.0,560,681,1241,0.0,0.0008333472224535399,0.999919419822725,0.0
56336,46.94744912415207,1.0,560,681,1241,0.0,0.0008333472224535399,0.999919419822725,0.0
56337,46.948282471374526,1.0,560,681,1241,0.0,0.0008333472224535399,0.999919419822725,0.0
56338,46.94911581859698,1.0,560,681,1241,0.0,0.0008333472224535399,0.999919419822725,0.0
56339,46.94994916581943,1.0,560,681,1241,0.0,0.0008333472224535399,1.0000000000000013,8.058017727639034e-05
56340,46.95078251304189,1.0,560,681,1241,0.0,0.0008333472224535399,1.0000000000000013,0.0
56341,46.95161586026434,1.0,560,681,1241,0.0,0.0008333472224535399,1.0000000000000013,0.0
56342,46.952449207486794,1.0,560,681,1241,0.0,0.0008333472224535399,1.0000000000000013,0.0
56343,46.95328255470925,1.0,560,681,1241,0.0,0.0008333472224535399,1.0000000000000013,0.0
56344,46.9541159019317,1.0,560,681,1241,0.0,0.0008333472224535399,1.0000000000000013,0.0
56345,46.954949249154154,1.0,560,681,1241,0.0,0.0008333472224535399,1.0000000000000013,0.0
56346,46.95578259637661,1.0,560,681,1241,0.0,0.0008333472224535399,1.0000000000000013,0.0
56347,46.95661594359906,1.0,560,681,1241,0.0,0.0008333472224535399,1.0000000000000013,0.0
56348,46.957449290821515,1.0,560,681,1241,0.0,0.0008333472224535399,1.0000000000000013,0.0
56349,46.95828263804397,1.0,560,681,1241,0.0,0.0008333472224535399,1.0000000000000013,0.0
56350,46.95911598526642,1.0,560,681,1241,0.0,0.0008333472224535399,1.0000000000000013,0.0
56351,46.959949332488875,1.0,560,681,1241,0.0,0.0008333472224535399,1.0000000000000013,0.0
56352,46.96078267971133,1.0,560,681,1241,0.0,0.0008333472224535399,1.0000000000000013,0.0
56353,46.96161602693378,1.0,560,681,1241,0.0,0.0008333472224535399,1.0000000000000013,0.0
56354,46.962449374156236,1.0,560,681,1241,0.0,0.0008333472224535399,1.0000000000000013,0.0
56355,46.96328272137869,1.0,560,681,1241,0.0,0.0008333472224535399,1.0000000000000013,0.0
56356,46.96411606860114,1.0,560,681,1241,0.0,0.0008333472224535399,1.0000000000000013,0.0
56357,46.9649494158236,1.0,560,681,1241,0.0,0.0008333472224535399,1.0000000000000013,0.0
56358,46.96578276304605,1.0,560,681,1241,0.0,0.0008333472224535399,1.0000000000000013,0.0
56359,46.966616110268504,0.9991941982272361,560,681,1241,-0.0008058017727639033,0.0008333472224535399,0.999919419822725,-8.058017727639034e-05
56360,46.96744945749096,1.0,560,681,1241,0.0008058017727639033,0.0008333472224535399,0.999919419822725,0.0
56361,46.96828280471341,1.0,560,681,1241,0.0,0.0008333472224535399,0.999919419822725,0.0
56362,46.969116151935864,1.0,560,681,1241,0.0,0.0008333472224535399,0.999919419822725,0.0
56363,46.96994949915832,1.0,560,681,1241,0.0,0.0008333472224535399,0.999919419822725,0.0
56364,46.97078284638077,1.0,560,681,1241,0.0,0.0008333472224535399,0.999919419822725,0.0
56365,46.97161619360323,1.0,560,681,1241,0.0,0.0008333472224606453,0.999919419822725,0.0
56366,46.972449540825686,1.0,560,681,1241,0.0,0.0008333472224535399,0.999919419822725,0.0
56367,46.97328288804814,1.0,560,681,1241,0.0,0.0008333472224535399,0.999919419822725,0.0
56368,46.97411623527059,1.0,560,681,1241,0.0,0.0008333472224535399,0.999919419822725,0.0
56369,46.974949582493046,1.0,560,681,1241,0.0,0.0008333472224535399,1.0000000000000013,8.058017727639034e-05
56370,46.9757829297155,1.0,560,681,1241,0.0,0.0008333472224535399,1.0000000000000013,0.0
56371,46.97661627693795,0.9991941982272361,560,681,1241,-0.0008058017727639033,0.0008333472224535399,0.999919419822725,-8.058017727639034e-05
56372,46.97744962416041,0.9991941982272361,560,681,1241,0.0,0.0008333472224535399,0.9998388396454487,-8.058017727639034e-05
56373,46.97828297138286,1.0,560,681,1241,0.0008058017727639033,0.0008333472224535399,0.9998388396454487,0.0
56374,46.979116318605314,1.0,560,681,1241,0.0,0.0008333472224535399,0.9998388396454487,0.0
56375,46.97994966582777,1.0,560,681,1241,0.0,0.0008333472224535399,0.9998388396454487,0.0
56376,46.98078301305022,0.9991941982272361,560,681,1241,-0.0008058017727639033,0.0008333472224535399,0.9997582594681724,-8.058017727639034e-05
56377,46.981616360272675,0.9991941982272361,560,681,1241,0.0,0.0008333472224535399,0.999677679290896,-8.058017727639034e-05
56378,46.98244970749513,0.9991941982272361,560,681,1241,0.0,0.0008333472224535399,0.9995970991136197,-8.058017727639034e-05
56379,46.98328305471758,0.9991941982272361,560,681,1241,0.0,0.0008333472224535399,0.9995165189363433,-8.058017727639034e-05
56380,46.984116401940035,0.9991941982272361,560,681,1241,0.0,0.0008333472224535399,0.999435938759067,-8.058017727639034e-05
56381,46.98494974916249,0.9991941982272361,560,681,1241,0.0,0.0008333472224535399,0.999435938759067,0.0
56382,46.98578309638494,1.0,560,681,1241,0.0008058017727639033,0.0008333472224535399,0.9995165189363433,8.058017727639034e-05
56383,46.986616443607396,1.0,560,681,1241,0.0,0.0008333472224535399,0.9995165189363433,0.0
56384,46.98744979082985,1.0,560,681,1241,0.0,0.0008333472224535399,0.9995165189363433,0.0
56385,46.9882831380523,1.0,560,681,1241,0.0,0.0008333472224535399,0.9995165189363433,0.0
56386,46.98911648527476,1.0,560,681,1241,0.0,0.0008333472224535399,0.9995970991136197,8.058017727639034e-05
56387,46.98994983249721,1.0,560,681,1241,0.0,0.0008333472224535399,0.999677679290896,8.058017727639034e-05
56388,46.990783179719664,1.0,560,681,1241,0.0,0.0008333472224535399,0.9997582594681724,8.058017727639034e-05
56389,46.99161652694212,1.0,560,681,1241,0.0,0.0008333472224535399,0.9998388396454487,8.058017727639034e-05
56390,46.99244987416457,1.0,560,681,1241,0.0,0.0008333472224535399,0.999919419822725,8.058017727639034e-05
56391,46.993283221387024,1.0,560,681,1241,0.0,0.0008333472224535399,1.0000000000000013,8.058017727639034e-05
56392,46.99411656860948,1.0,560,681,1241,0.0,0.0008333472224535399,1.0000000000000013,0.0
56393,46.99494991583193,1.0,560,681,1241,0.0,0.0008333472224535399,1.0000000000000013,0.0
56394,46.995783263054385,1.0,560,681,1241,0.0,0.0008333472224535399,1.0000000000000013,0.0
56395,46.99661661027684,1.0,560,681,1241,0.0,0.0008333472224535399,1.0000000000000013,0.0
56396,46.99744995749929,1.0,560,681,1241,0.0,0.0008333472224535399,1.0000000000000013,0.0
56397,46.998283304721745,1.0,560,681,1241,0.0,0.0008333472224535399,1.0000000000000013,0.0
56398,46.9991166519442,1.0,560,681,1241,0.0,0.0008333472224535399,1.0000000000000013,0.0
56399,46.99994999916665,1.0,560,681,1241,0.0,0.0008333472224535399,1.0000000000000013,0.0
56400,47.000783346389106,1.0,560,681,1241,0.0,0.0008333472224535399,1.0000000000000013,0.0
56401,47.00161669361156,1.0,560,681,1241,0.0,0.0008333472224535399,1.0000000000000013,0.0
56402,47.00245004083401,1.0,560,681,1241,0.0,0.0008333472224535399,1.0000000000000013,0.0
56403,47.00328338805647,1.0,560,681,1241,0.0,0.0008333472224535399,1.0000000000000013,0.0
56404,47.00411673527892,1.0,560,681,1241,0.0,0.0008333472224535399,1.0000000000000013,0.0
56405,47.004950082501374,1.0,560,681,1241,0.0,0.0008333472224535399,1.0000000000000013,0.0
56406,47.00578342972383,1.0,560,681,1241,0.0,0.0008333472224535399,1.0000000000000013,0.0
56407,47.00661677694629,0.9991941982272361,560,681,1241,-0.0008058017727639033,0.0008333472224606453,0.999919419822725,-8.058017727639034e-05
56408,47.00745012416874,0.9991941982272361,560,681,1241,0.0,0.0008333472224535399,0.9998388396454487,-8.058017727639034e-05
56409,47.008283471391195,1.0,560,681,1241,0.0008058017727639033,0.0008333472224535399,0.9998388396454487,0.0
56410,47.00911681861365,1.0,560,681,1241,0.0,0.0008333472224535399,0.9998388396454487,0.0
56411,47.0099501658361,0.9991941982272361,560,681,1241,-0.0008058017727639033,0.0008333472224535399,0.9997582594681724,-8.058017727639034e-05
56412,47.010783513058556,1.0,560,681,1241,0.0008058017727639033,0.0008333472224535399,0.9997582594681724,0.0
56413,47.01161686028101,1.0,560,681,1241,0.0,0.0008333472224535399,0.9997582594681724,0.0
56414,47.01245020750346,1.0,560,681,1241,0.0,0.0008333472224535399,0.9997582594681724,0.0
56415,47.013283554725916,1.0,560,681,1241,0.0,0.0008333472224535399,0.9997582594681724,0.0
56416,47.01411690194837,1.0,560,681,1241,0.0,0.0008333472224535399,0.9997582594681724,0.0
56417,47.01495024917082,1.0,560,681,1241,0.0,0.0008333472224535399,0.9998388396454487,8.058017727639034e-05
56418,47.01578359639328,1.0,560,681,1241,0.0,0.0008333472224535399,0.999919419822725,8.058017727639034e-05
56419,47.01661694361573,1.0,560,681,1241,0.0,0.0008333472224535399,0.999919419822725,0.0
56420,47.017450290838184,1.0,560,681,1241,0.0,0.0008333472224535399,0.999919419822725,0.0
56421,47.01828363806064,1.0,560,681,1241,0.0,0.0008333472224535399,1.0000000000000013,8.058017727639034e-05
56422,47.01911698528309,1.0,560,681,1241,0.0,0.0008333472224535399,1.0000000000000013,0.0
56423,47.019950332505545,1.0,560,681,1241,0.0,0.0008333472224535399,1.0000000000000013,0.0
56424,47.020783679728,1.0,560,681,1241,0.0,0.0008333472224535399,1.0000000000000013,0.0
56425,47.02161702695045,1.0,560,681,1241,0.0,0.0008333472224535399,1.0000000000000013,0.0
56426,47.022450374172905,1.0,560,681,1241,0.0,0.0008333472224535399,1.0000000000000013,0.0
56427,47.02328372139536,1.0,560,681,1241,0.0,0.0008333472224535399,1.0000000000000013,0.0
56428,47.02411706861781,1.0,560,681,1241,0.0,0.0008333472224535399,1.0000000000000013,0.0
56429,47.024950415840266,1.0,560,681,1241,0.0,0.0008333472224535399,1.0000000000000013,0.0
56430,47.02578376306272,1.0,560,681,1241,0.0,0.0008333472224535399,1.0000000000000013,0.0
56431,47.02661711028517,1.0,560,681,1241,0.0,0.0008333472224535399,1.0000000000000013,0.0
56432,47.027450457507626,1.0,560,681,1241,0.0,0.0008333472224535399,1.0000000000000013,0.0
56433,47.02828380473008,1.0,560,681,1241,0.0,0.0008333472224535399,1.0000000000000013,0.0
56434,47.02911715195253,1.0,560,681,1241,0.0,0.0008333472224535399,1.0000000000000013,0.0
56435,47.02995049917499,1.0,560,681,1241,0.0,0.0008333472224535399,1.0000000000000013,0.0
56436,47.03078384639744,0.9991941982272361,560,681,1241,-0.0008058017727639033,0.0008333472224535399,0.999919419822725,-8.058017727639034e-05
56437,47.031617193619894,0.9991941982272361,560,681,1241,0.0,0.0008333472224535399,0.9998388396454487,-8.058017727639034e-05
56438,47.03245054084235,0.9991941982272361,560,681,1241,0.0,0.0008333472224535399,0.9997582594681724,-8.058017727639034e-05
56439,47.0332838880648,1.0,560,681,1241,0.0008058017727639033,0.0008333472224535399,0.9997582594681724,0.0
56440,47.034117235287255,1.0,560,681,1241,0.0,0.0008333472224535399,0.9997582594681724,0.0
56441,47.03495058250971,1.0,560,681,1241,0.0,0.0008333472224535399,0.9997582594681724,0.0
56442,47.03578392973216,1.0,560,681,1241,0.0,0.0008333472224535399,0.9997582594681724,0.0
56443,47.036617276954615,1.0,560,681,1241,0.0,0.0008333472224535399,0.9997582594681724,0.0
56444,47.03745062417707,1.0,560,681,1241,0.0,0.0008333472224535399,0.9997582594681724,0.0
56445,47.03828397139952,1.0,560,681,1241,0.0,0.0008333472224535399,0.9997582594681724,0.0
56446,47.039117318621976,1.0,560,681,1241,0.0,0.0008333472224535399,0.9998388396454487,8.058017727639034e-05
56447,47.03995066584443,1.0,560,681,1241,0.0,0.0008333472224535399,0.999919419822725,8.058017727639034e-05
56448,47.04078401306688,1.0,560,681,1241,0.0,0.0008333472224535399,1.0000000000000013,8.058017727639034e-05
56449,47.04161736028934,1.0,560,681,1241,0.0,0.0008333472224535399,1.0000000000000013,0.0
56450,47.0424507075118,1.0,560,681,1241,0.0,0.0008333472224606453,1.0000000000000013,0.0
56451,47.04328405473425,1.0,560,681,1241,0.0,0.0008333472224535399,1.0000000000000013,0.0
56452,47.044117401956704,1.0,560,681,1241,0.0,0.0008333472224535399,1.0000000000000013,0.0
56453,47.04495074917916,1.0,560,681,1241,0.0,0.0008333472224535399,1.0000000000000013,0.0
56454,47.04578409640161,0.9991941982272361,560,681,1241,-0.0008058017727639033,0.0008333472224535399,0.999919419822725,-8.058017727639034e-05
56455,47.046617443624065,1.0,560,681,1241,0.0008058017727639033,0.0008333472224535399,0.999919419822725,0.0
56456,47.04745079084652,1.0,560,681,1241,0.0,0.0008333472224535399,0.999919419822725,0.0
56457,47.04828413806897,1.0,560,681,1241,0.0,0.0008333472224535399,0.999919419822725,0.0
56458,47.049117485291426,1.0,560,681,1241,0.0,0.0008333472224535399,0.999919419822725,0.0
56459,47.04995083251388,1.0,560,681,1241,0.0,0.0008333472224535399,0.999919419822725,0.0
56460,47.05078417973633,1.0,560,681,1241,0.0,0.0008333472224535399,0.999919419822725,0.0
56461,47.051617526958786,1.0,560,681,1241,0.0,0.0008333472224535399,0.999919419822725,0.0
56462,47.05245087418124,1.0,560,681,1241,0.0,0.0008333472224535399,0.999919419822725,0.0
56463,47.05328422140369,1.0,560,681,1241,0.0,0.0008333472224535399,0.999919419822725,0.0
56464,47.05411756862615,1.0,560,681,1241,0.0,0.0008333472224535399,1.0000000000000013,8.058017727639034e-05
56465,47.0549509158486,1.0,560,681,1241,0.0,0.0008333472224535399,1.0000000000000013,0.0
56466,47.055784263071054,1.0,560,681,1241,0.0,0.0008333472224535399,1.0000000000000013,0.0
56467,47.05661761029351,1.0,560,681,1241,0.0,0.0008333472224535399,1.0000000000000013,0.0
56468,47.05745095751596,1.0,560,681,1241,0.0,0.0008333472224535399,1.0000000000000013,0.0
56469,47.058284304738415,0.9991941982272361,560,681,1241,-0.0008058017727639033,0.0008333472224535399,0.999919419822725,-8.058017727639034e-05
56470,47.05911765196087,1.0,560,681,1241,0.0008058017727639033,0.0008333472224535399,0.999919419822725,0.0
56471,47.05995099918332,1.0,560,681,1241,0.0,0.0008333472224535399,0.999919419822725,0.0
56472,47.060784346405775,1.0,560,681,1241,0.0,0.0008333472224535399,0.999919419822725,0.0
56473,47.06161769362823,1.0,560,681,1241,0.0,0.0008333472224535399,0.999919419822725,0.0
56474,47.06245104085068,1.0,560,681,1241,0.0,0.0008333472224535399,0.999919419822725,0.0
56475,47.063284388073136,1.0,560,681,1241,0.0,0.0008333472224535399,0.999919419822725,0.0
56476,47.06411773529559,1.0,560,681,1241,0.0,0.0008333472224535399,0.999919419822725,0.0
56477,47.06495108251804,1.0,560,681,1241,0.0,0.0008333472224535399,0.999919419822725,0.0
56478,47.065784429740496,1.0,560,681,1241,0.0,0.0008333472224535399,0.999919419822725,0.0
56479,47.06661777696295,1.0,560,681,1241,0.0,0.0008333472224535399,1.0000000000000013,8.058017727639034e-05
56480,47.0674511241854,1.0,560,681,1241,0.0,0.0008333472224535399,1.0000000000000013,0.0
56481,47.06828447140786,1.0,560,681,1241,0.0,0.0008333472224535399,1.0000000000000013,0.0
56482,47.06911781863031,1.0,560,681,1241,0.0,0.0008333472224535399,1.0000000000000013,0.0
56483,47.069951165852764,1.0,560,681,1241,0.0,0.0008333472224535399,1.0000000000000013,0.0
56484,47.07078451307522,1.0,560,681,1241,0.0,0.0008333472224535399,1.0000000000000013,0.0
56485,47.07161786029767,1.0,560,681,1241,0.0,0.0008333472224535399,1.0000000000000013,0.0
56486,47.072451207520125,1.0,560,681,1241,0.0,0.0008333472224535399,1.0000000000000013,0.0
56487,47.07328455474258,1.0,560,681,1241,0.0,0.0008333472224535399,1.0000000000000013,0.0
56488,47.07411790196503,1.0,560,681,1241,0.0,0.0008333472224535399,1.0000000000000013,0.0
56489,47.074951249187485,1.0,560,681,1241,0.0,0.0008333472224535399,1.0000000000000013,0.0
56490,47.07578459640994,1.0,560,681,1241,0.0,0.0008333472224535399,1.0000000000000013,0.0
56491,47.07661794363239,1.0,560,681,1241,0.0,0.0008333472224535399,1.0000000000000013,0.0
56492,47.07745129085485,1.0,560,681,1241,0.0,0.0008333472224606453,1.0000000000000013,0.0
56493,47.07828463807731,1.0,560,681,1241,0.0,0.0008333472224535399,1.0000000000000013,0.0
56494,47.07911798529976,1.0,560,681,1241,0.0,0.0008333472224535399,1.0000000000000013,0.0
56495,47.079951332522214,0.9991941982272361,560,681,1241,-0.0008058017727639033,0.0008333472224535399,0.999919419822725,-8.058017727639034e-05
56496,47.08078467974467,1.0,560,681,1241,0.0008058017727639033,0.0008333472224535399,0.999919419822725,0.0
56497,47.08161802696712,1.0,560,681,1241,0.0,0.0008333472224535399,0.999919419822725,0.0
56498,47.082451374189574,1.0,560,681,1241,0.0,0.0008333472224535399,0.999919419822725,0.0
56499,47.08328472141203,1.0,560,681,1241,0.0,0.0008333472224535399,0.999919419822725,0.0
56500,47.08411806863448,1.0,560,681,1241,0.0,0.0008333472224535399,0.999919419822725,0.0
56501,47.084951415856935,1.0,560,681,1241,0.0,0.0008333472224535399,0.999919419822725,0.0
56502,47.08578476307939,1.0,560,681,1241,0.0,0.0008333472224535399,0.999919419822725,0.0
56503,47.08661811030184,1.0,560,681,1241,0.0,0.0008333472224535399,0.999919419822725,0.0
56504,47.087451457524296,1.0,560,681,1241,0.0,0.0008333472224535399,0.999919419822725,0.0
56505,47.08828480474675,1.0,560,681,1241,0.0,0.0008333472224535399,1.0000000000000013,8.058017727639034e-05
56506,47.0891181519692,1.0,560,681,1241,0.0,0.0008333472224535399,1.0000000000000013,0.0
56507,47.089951499191656,1.0,560,681,1241,0.0,0.0008333472224535399,1.0000000000000013,0.0
56508,47.09078484641411,1.0,560,681,1241,0.0,0.0008333472224535399,1.0000000000000013,0.0
56509,47.09161819363656,1.0,560,681,1241,0.0,0.0008333472224535399,1.0000000000000013,0.0
56510,47.09245154085902,1.0,560,681,1241,0.0,0.0008333472224535399,1.0000000000000013,0.0
56511,47.09328488808147,1.0,560,681,1241,0.0,0.0008333472224535399,1.0000000000000013,0.0
56512,47.094118235303924,1.0,560,681,1241,0.0,0.0008333472224535399,1.0000000000000013,0.0
56513,47.09495158252638,1.0,560,681,1241,0.0,0.0008333472224535399,1.0000000000000013,0.0
56514,47.09578492974883,1.0,560,681,1241,0.0,0.0008333472224535399,1.0000000000000013,0.0
56515,47.096618276971284,1.0,560,681,1241,0.0,0.0008333472224535399,1.0000000000000013,0.0
56516,47.09745162419374,1.0,560,681,1241,0.0,0.0008333472224535399,1.0000000000000013,0.0
56517,47.09828497141619,1.0,560,681,1241,0.0,0.0008333472224535399,1.0000000000000013,0.0
56518,47.099118318638645,1.0,560,681,1241,0.0,0.0008333472224535399,1.0000000000000013,0.0
56519,47.0999516658611,1.0,560,681,1241,0.0,0.0008333472224535399,1.0000000000000013,0.0
56520,47.10078501308355,1.0,560,681,1241,0.0,0.0008333472224535399,1.0000000000000013,0.0
56521,47.101618360306006,1.0,560,681,1241,0.0,0.0008333472224535399,1.0000000000000013,0.0
56522,47.10245170752846,1.0,560,681,1241,0.0,0.0008333472224535399,1.0000000000000013,0.0
56523,47.10328505475091,1.0,560,681,1241,0.0,0.0008333472224535399,1.0000000000000013,0.0
56524,47.104118401973366,1.0,560,681,1241,0.0,0.0008333472224535399,1.0000000000000013,0.0
56525,47.10495174919582,1.0,560,681,1241,0.0,0.0008333472224535399,1.0000000000000013,0.0
56526,47.10578509641827,1.0,560,681,1241,0.0,0.0008333472224535399,1.0000000000000013,0.0
56527,47.10661844364073,1.0,560,681,1241,0.0,0.0008333472224535399,1.0000000000000013,0.0
56528,47.10745179086318,1.0,560,681,1241,0.0,0.0008333472224535399,1.0000000000000013,0.0
56529,47.108285138085634,1.0,560,681,1241,0.0,0.0008333472224535399,1.0000000000000013,0.0
56530,47.10911848530809,1.0,560,681,1241,0.0,0.0008333472224535399,1.0000000000000013,0.0
56531,47.10995183253054,1.0,560,681,1241,0.0,0.0008333472224535399,1.0000000000000013,0.0
56532,47.110785179752995,1.0,560,681,1241,0.0,0.0008333472224535399,1.0000000000000013,0.0
56533,47.11161852697545,1.0,560,681,1241,0.0,0.0008333472224535399,1.0000000000000013,0.0
56534,47.11245187419791,1.0,560,681,1241,0.0,0.0008333472224606453,1.0000000000000013,0.0
56535,47.11328522142036,1.0,560,681,1241,0.0,0.0008333472224535399,1.0000000000000013,0.0
56536,47.114118568642816,1.0,560,681,1241,0.0,0.0008333472224535399,1.0000000000000013,0.0
56537,47.11495191586527,1.0,560,681,1241,0.0,0.0008333472224535399,1.0000000000000013,0.0
56538,47.11578526308772,1.0,560,681,1241,0.0,0.0008333472224535399,1.0000000000000013,0.0
56539,47.11661861031018,1.0,560,681,1241,0.0,0.0008333472224535399,1.0000000000000013,0.0
56540,47.11745195753263,1.0,560,681,1241,0.0,0.0008333472224535399,1.0000000000000013,0.0
56541,47.118285304755084,1.0,560,681,1241,0.0,0.0008333472224535399,1.0000000000000013,0.0
56542,47.11911865197754,1.0,560,681,1241,0.0,0.0008333472224535399,1.0000000000000013,0.0
56543,47.11995199919999,1.0,560,681,1241,0.0,0.0008333472224535399,1.0000000000000013,0.0
56544,47.120785346422444,1.0,560,681,1241,0.0,0.0008333472224535399,1.0000000000000013,0.0
56545,47.1216186936449,1.0,560,681,1241,0.0,0.0008333472224535399,1.0000000000000013,0.0
56546,47.12245204086735,1.0,560,681,1241,0.0,0.0008333472224535399,1.0000000000000013,0.0
56547,47.123285388089805,1.0,560,681,1241,0.0,0.0008333472224535399,1.0000000000000013,0.0
56548,47.12411873531226,1.0,560,681,1241,0.0,0.0008333472224535399,1.0000000000000013,0.0
56549,47.12495208253471,1.0,560,681,1241,0.0,0.0008333472224535399,1.0000000000000013,0.0
56550,47.125785429757165,1.0,560,681,1241,0.0,0.0008333472224535399,1.0000000000000013,0.0
56551,47.12661877697962,1.0,560,681,1241,0.0,0.0008333472224535399,1.0000000000000013,0.0
56552,47.12745212420207,1.0,560,681,1241,0.0,0.0008333472224535399,1.0000000000000013,0.0
56553,47.128285471424526,1.0,560,681,1241,0.0,0.0008333472224535399,1.0000000000000013,0.0
56554,47.12911881864698,1.0,560,681,1241,0.0,0.0008333472224535399,1.0000000000000013,0.0
56555,47.12995216586943,1.0,560,681,1241,0.0,0.0008333472224535399,1.0000000000000013,0.0
56556,47.13078551309189,1.0,560,681,1241,0.0,0.0008333472224535399,1.0000000000000013,0.0
56557,47.13161886031434,1.0,560,681,1241,0.0,0.0008333472224535399,1.0000000000000013,0.0
56558,47.132452207536794,1.0,560,681,1241,0.0,0.0008333472224535399,1.0000000000000013,0.0
56559,47.13328555475925,1.0,560,681,1241,0.0,0.0008333472224535399,1.0000000000000013,0.0
56560,47.1341189019817,1.0,560,681,1241,0.0,0.0008333472224535399,1.0000000000000013,0.0
56561,47.134952249204154,1.0,560,681,1241,0.0,0.0008333472224535399,1.0000000000000013,0.0
56562,47.13578559642661,1.0,560,681,1241,0.0,0.0008333472224535399,1.0000000000000013,0.0
56563,47.13661894364906,1.0,560,681,1241,0.0,0.0008333472224535399,1.0000000000000013,0.0
56564,47.137452290871515,1.0,560,681,1241,0.0,0.0008333472224535399,1.0000000000000013,0.0
56565,47.13828563809397,1.0,560,681,1241,0.0,0.0008333472224535399,1.0000000000000013,0.0
56566,47.13911898531642,1.0,560,681,1241,0.0,0.0008333472224535399,1.0000000000000013,0.0
56567,47.139952332538876,1.0,560,681,1241,0.0,0.0008333472224535399,1.0000000000000013,0.0
56568,47.14078567976133,1.0,560,681,1241,0.0,0.0008333472224535399,1.0000000000000013,0.0
56569,47.14161902698378,1.0,560,681,1241,0.0,0.0008333472224535399,1.0000000000000013,0.0
56570,47.142452374206236,1.0,560,681,1241,0.0,0.0008333472224535399,1.0000000000000013,0.0
56571,47.14328572142869,1.0,560,681,1241,0.0,0.0008333472224535399,1.0000000000000013,0.0
56572,47.14411906865114,1.0,560,681,1241,0.0,0.0008333472224535399,1.0000000000000013,0.0
56573,47.1449524158736,1.0,560,681,1241,0.0,0.0008333472224535399,1.0000000000000013,0.0
56574,47.14578576309605,1.0,560,681,1241,0.0,0.0008333472224535399,1.0000000000000013,0.0
56575,47.146619110318504,1.0,560,681,1241,0.0,0.0008333472224535399,1.0000000000000013,0.0
56576,47.14745245754096,1.0,560,681,1241,0.0,0.0008333472224535399,1.0000000000000013,0.0
56577,47.14828580476342,1.0,560,681,1241,0.0,0.0008333472224606453,1.0000000000000013,0.0
56578,47.14911915198587,1.0,560,681,1241,0.0,0.0008333472224535399,1.0000000000000013,0.0
56579,47.149952499208325,1.0,560,681,1241,0.0,0.0008333472224535399,1.0000000000000013,0.0
56580,47.15078584643078,1.0,560,681,1241,0.0,0.0008333472224535399,1.0000000000000013,0.0
56581,47.15161919365323,1.0,560,681,1241,0.0,0.0008333472224535399,1.0000000000000013,0.0
56582,47.152452540875686,1.0,560,681,1241,0.0,0.0008333472224535399,1.0000000000000013,0.0
56583,47.15328588809814,1.0,560,681,1241,0.0,0.0008333472224535399,1.0000000000000013,0.0
56584,47.15411923532059,1.0,560,681,1241,0.0,0.0008333472224535399,1.0000000000000013,0.0
56585,47.154952582543046,1.0,560,681,1241,0.0,0.0008333472224535399,1.0000000000000013,0.0
56586,47.1557859297655,1.0,560,681,1241,0.0,0.0008333472224535399,1.0000000000000013,0.0
56587,47.15661927698795,1.0,560,681,1241,0.0,0.0008333472224535399,1.0000000000000013,0.0
56588,47.15745262421041,1.0,560,681,1241,0.0,0.0008333472224535399,1.0000000000000013,0.0
56589,47.15828597143286,1.0,560,681,1241,0.0,0.0008333472224535399,1.0000000000000013,0.0
56590,47.159119318655314,1.0,560,681,1241,0.0,0.0008333472224535399,1.0000000000000013,0.0
56591,47.15995266587777,1.0,560,681,1241,0.0,0.0008333472224535399,1.0000000000000013,0.0
56592,47.16078601310022,1.0,560,681,1241,0.0,0.0008333472224535399,1.0000000000000013,0.0
56593,47.161619360322675,1.0,560,681,1241,0.0,0.0008333472224535399,1.0000000000000013,0.0
56594,47.16245270754513,1.0,560,681,1241,0.0,0.0008333472224535399,1.0000000000000013,0.0
56595,47.16328605476758,0.9991941982272361,560,681,1241,-0.0008058017727639033,0.0008333472224535399,0.999919419822725,-8.058017727639034e-05
56596,47.164119401990035,0.9991941982272361,560,681,1241,0.0,0.0008333472224535399,0.9998388396454487,-8.058017727639034e-05
56597,47.16495274921249,1.0,560,681,1241,0.0008058017727639033,0.0008333472224535399,0.9998388396454487,0.0
56598,47.16578609643494,1.0,560,681,1241,0.0,0.0008333472224535399,0.9998388396454487,0.0
56599,47.166619443657396,1.0,560,681,1241,0.0,0.0008333472224535399,0.9998388396454487,0.0
56600,47.16745279087985,1.0,560,681,1241,0.0,0.0008333472224535399,0.9998388396454487,0.0
56601,47.1682861381023,1.0,560,681,1241,0.0,0.0008333472224535399,0.9998388396454487,0.0
56602,47.16911948532476,1.0,560,681,1241,0.0,0.0008333472224535399,0.9998388396454487,0.0
56603,47.16995283254721,1.0,560,681,1241,0.0,0.0008333472224535399,0.9998388396454487,0.0
56604,47.170786179769664,1.0,560,681,1241,0.0,0.0008333472224535399,0.9998388396454487,0.0
56605,47.17161952699212,1.0,560,681,1241,0.0,0.0008333472224535399,0.999919419822725,8.058017727639034e-05
56606,47.17245287421457,1.0,560,681,1241,0.0,0.0008333472224535399,1.0000000000000013,8.058017727639034e-05
56607,47.173286221437024,1.0,560,681,1241,0.0,0.0008333472224535399,1.0000000000000013,0.0
56608,47.17411956865948,1.0,560,681,1241,0.0,0.0008333472224535399,1.0000000000000013,0.0
56609,47.17495291588193,1.0,560,681,1241,0.0,0.0008333472224535399,1.0000000000000013,0.0
56610,47.175786263104385,1.0,560,681,1241,0.0,0.0008333472224535399,1.0000000000000013,0.0
56611,47.17661961032684,1.0,560,681,1241,0.0,0.0008333472224535399,1.0000000000000013,0.0
56612,47.17745295754929,1.0,560,681,1241,0.0,0.0008333472224535399,1.0000000000000013,0.0
56613,47.178286304771746,1.0,560,681,1241,0.0,0.0008333472224535399,1.0000000000000013,0.0
56614,47.1791196519942,1.0,560,681,1241,0.0,0.0008333472224535399,1.0000000000000013,0.0
56615,47.17995299921665,1.0,560,681,1241,0.0,0.0008333472224535399,1.0000000000000013,0.0
56616,47.180786346439106,1.0,560,681,1241,0.0,0.0008333472224535399,1.0000000000000013,0.0
56617,47.18161969366156,1.0,560,681,1241,0.0,0.0008333472224535399,1.0000000000000013,0.0
56618,47.18245304088401,1.0,560,681,1241,0.0,0.0008333472224535399,1.0000000000000013,0.0
56619,47.183286388106474,1.0,560,681,1241,0.0,0.0008333472224606453,1.0000000000000013,0.0
56620,47.18411973532893,1.0,560,681,1241,0.0,0.0008333472224535399,1.0000000000000013,0.0
56621,47.18495308255138,1.0,560,681,1241,0.0,0.0008333472224535399,1.0000000000000013,0.0
56622,47.185786429773835,1.0,560,681,1241,0.0,0.0008333472224535399,1.0000000000000013,0.0
56623,47.18661977699629,1.0,560,681,1241,0.0,0.0008333472224535399,1.0000000000000013,0.0
56624,47.18745312421874,1.0,560,681,1241,0.0,0.0008333472224535399,1.0000000000000013,0.0
56625,47.188286471441195,1.0,560,681,1241,0.0,0.0008333472224535399,1.0000000000000013,0.0
56626,47.18911981866365,1.0,560,681,1241,0.0,0.0008333472224535399,1.0000000000000013,0.0
56627,47.1899531658861,1.0,560,681,1241,0.0,0.0008333472224535399,1.0000000000000013,0.0
56628,47.190786513108556,1.0,560,681,1241,0.0,0.0008333472224535399,1.0000000000000013,0.0
56629,47.19161986033101,1.0,560,681,1241,0.0,0.0008333472224535399,1.0000000000000013,0.0
56630,47.19245320755346,1.0,560,681,1241,0.0,0.0008333472224535399,1.0000000000000013,0.0
56631,47.193286554775916,1.0,560,681,1241,0.0,0.0008333472224535399,1.0000000000000013,0.0
56632,47.19411990199837,1.0,560,681,1241,0.0,0.0008333472224535399,1.0000000000000013,0.0
56633,47.19495324922082,1.0,560,681,1241,0.0,0.0008333472224535399,1.0000000000000013,0.0
56634,47.19578659644328,1.0,560,681,1241,0.0,0.0008333472224535399,1.0000000000000013,0.0
56635,47.19661994366573,1.0,560,681,1241,0.0,0.0008333472224535399,1.0000000000000013,0.0
56636,47.197453290888184,1.0,560,681,1241,0.0,0.0008333472224535399,1.0000000000000013,0.0
56637,47.19828663811064,1.0,560,681,1241,0.0,0.0008333472224535399,1.0000000000000013,0.0
56638,47.19911998533309,1.0,560,681,1241,0.0,0.0008333472224535399,1.0000000000000013,0.0
56639,47.199953332555545,1.0,560,681,1241,0.0,0.0008333472224535399,1.0000000000000013,0.0
56640,47.200786679778,1.0,560,681,1241,0.0,0.0008333472224535399,1.0000000000000013,0.0
56641,47.20162002700045,1.0,560,681,1241,0.0,0.0008333472224535399,1.0000000000000013,0.0
56642,47.202453374222905,1.0,560,681,1241,0.0,0.0008333472224535399,1.0000000000000013,0.0
56643,47.20328672144536,1.0,560,681,1241,0.0,0.0008333472224535399,1.0000000000000013,0.0
56644,47.20412006866781,1.0,560,681,1241,0.0,0.0008333472224535399,1.0000000000000013,0.0
56645,47.204953415890266,1.0,560,681,1241,0.0,0.0008333472224535399,1.0000000000000013,0.0
56646,47.20578676311272,1.0,560,681,1241,0.0,0.0008333472224535399,1.0000000000000013,0.0
56647,47.20662011033517,1.0,560,681,1241,0.0,0.0008333472224535399,1.0000000000000013,0.0
56648,47.20745345755763,1.0,560,681,1241,0.0,0.0008333472224535399,1.0000000000000013,0.0
56649,47.20828680478008,1.0,560,681,1241,0.0,0.0008333472224535399,1.0000000000000013,0.0
56650,47.209120152002534,1.0,560,681,1241,0.0,0.0008333472224535399,1.0000000000000013,0.0
56651,47.20995349922499,1.0,560,681,1241,0.0,0.0008333472224535399,1.0000000000000013,0.0
56652,47.21078684644744,1.0,560,681,1241,0.0,0.0008333472224535399,1.0000000000000013,0.0
56653,47.211620193669894,1.0,560,681,1241,0.0,0.0008333472224535399,1.0000000000000013,0.0
56654,47.21245354089235,1.0,560,681,1241,0.0,0.0008333472224535399,1.0000000000000013,0.0
56655,47.2132868881148,1.0,560,681,1241,0.0,0.0008333472224535399,1.0000000000000013,0.0
56656,47.214120235337255,1.0,560,681,1241,0.0,0.0008333472224535399,1.0000000000000013,0.0
56657,47.21495358255971,1.0,560,681,1241,0.0,0.0008333472224535399,1.0000000000000013,0.0
56658,47.21578692978216,1.0,560,681,1241,0.0,0.0008333472224535399,1.0000000000000013,0.0
56659,47.216620277004616,1.0,560,681,1241,0.0,0.0008333472224535399,1.0000000000000013,0.0
56660,47.21745362422707,1.0,560,681,1241,0.0,0.0008333472224535399,1.0000000000000013,0.0
56661,47.21828697144953,1.0,560,681,1241,0.0,0.0008333472224606453,1.0000000000000013,0.0
56662,47.21912031867198,1.0,560,681,1241,0.0,0.0008333472224535399,1.0000000000000013,0.0
56663,47.21995366589444,1.0,560,681,1241,0.0,0.0008333472224535399,1.0000000000000013,0.0
56664,47.22078701311689,1.0,560,681,1241,0.0,0.0008333472224535399,1.0000000000000013,0.0
56665,47.221620360339344,1.0,560,681,1241,0.0,0.0008333472224535399,1.0000000000000013,0.0
56666,47.2224537075618,1.0,560,681,1241,0.0,0.0008333472224535399,1.0000000000000013,0.0
56667,47.22328705478425,1.0,560,681,1241,0.0,0.0008333472224535399,1.0000000000000013,0.0
56668,47.224120402006704,1.0,560,681,1241,0.0,0.0008333472224535399,1.0000000000000013,0.0
56669,47.22495374922916,1.0,560,681,1241,0.0,0.0008333472224535399,1.0000000000000013,0.0
56670,47.22578709645161,1.0,560,681,1241,0.0,0.0008333472224535399,1.0000000000000013,0.0
56671,47.226620443674065,1.0,560,681,1241,0.0,0.0008333472224535399,1.0000000000000013,0.0
56672,47.22745379089652,1.0,560,681,1241,0.0,0.0008333472224535399,1.0000000000000013,0.0
56673,47.22828713811897,1.0,560,681,1241,0.0,0.0008333472224535399,1.0000000000000013,0.0
56674,47.229120485341426,1.0,560,681,1241,0.0,0.0008333472224535399,1.0000000000000013,0.0
56675,47.22995383256388,1.0,560,681,1241,0.0,0.0008333472224535399,1.0000000000000013,0.0
56676,47.23078717978633,1.0,560,681,1241,0.0,0.0008333472224535399,1.0000000000000013,0.0
56677,47.231620527008786,1.0,560,681,1241,0.0,0.0008333472224535399,1.0000000000000013,0.0
56678,47.23245387423124,1.0,560,681,1241,0.0,0.0008333472224535399,1.0000000000000013,0.0
56679,47.23328722145369,1.0,560,681,1241,0.0,0.0008333472224535399,1.0000000000000013,0.0
56680,47.23412056867615,1.0,560,681,1241,0.0,0.0008333472224535399,1.0000000000000013,0.0
56681,47.2349539158986,1.0,560,681,1241,0.0,0.0008333472224535399,1.0000000000000013,0.0
56682,47.235787263121054,1.0,560,681,1241,0.0,0.0008333472224535399,1.0000000000000013,0.0
56683,47.23662061034351,1.0,560,681,1241,0.0,0.0008333472224535399,1.0000000000000013,0.0
56684,47.23745395756596,1.0,560,681,1241,0.0,0.0008333472224535399,1.0000000000000013,0.0
56685,47.238287304788415,1.0,560,681,1241,0.0,0.0008333472224535399,1.0000000000000013,0.0
56686,47.23912065201087,1.0,560,681,1241,0.0,0.0008333472224535399,1.0000000000000013,0.0
56687,47.23995399923332,1.0,560,681,1241,0.0,0.0008333472224535399,1.0000000000000013,0.0
56688,47.240787346455775,1.0,560,681,1241,0.0,0.0008333472224535399,1.0000000000000013,0.0
56689,47.24162069367823,1.0,560,681,1241,0.0,0.0008333472224535399,1.0000000000000013,0.0
56690,47.24245404090068,1.0,560,681,1241,0.0,0.0008333472224535399,1.0000000000000013,0.0
56691,47.243287388123136,1.0,560,681,1241,0.0,0.0008333472224535399,1.0000000000000013,0.0
56692,47.24412073534559,1.0,560,681,1241,0.0,0.0008333472224535399,1.0000000000000013,0.0
56693,47.24495408256804,1.0,560,681,1241,0.0,0.0008333472224535399,1.0000000000000013,0.0
56694,47.2457874297905,0.9991941982272361,560,681,1241,-0.0008058017727639033,0.0008333472224535399,0.999919419822725,-8.058017727639034e-05
56695,47.24662077701295,0.9991941982272361,560,681,1241,0.0,0.0008333472224535399,0.9998388396454487,-8.058017727639034e-05
56696,47.247454124235404,0.9991941982272361,560,681,1241,0.0,0.0008333472224535399,0.9997582594681724,-8.058017727639034e-05
56697,47.24828747145786,0.9991941982272361,560,681,1241,0.0,0.0008333472224535399,0.999677679290896,-8.058017727639034e-05
56698,47.24912081868031,1.0,560,681,1241,0.0008058017727639033,0.0008333472224535399,0.999677679290896,0.0
56699,47.249954165902764,0.9983883964544722,560,681,1241,-0.0016116035455278066,0.0008333472224535399,0.9995165189363433,-0.00016116035455278067
56700,47.25078751312522,0.9991941982272361,560,681,1241,0.0008058017727639033,0.0008333472224535399,0.999435938759067,-8.058017727639034e-05
56701,47.25162086034767,0.9991941982272361,560,681,1241,0.0,0.0008333472224535399,0.9993553585817907,-8.058017727639034e-05
56702,47.252454207570125,1.0,560,681,1241,0.0008058017727639033,0.0008333472224535399,0.9993553585817907,0.0
56703,47.25328755479258,1.0,560,681,1241,0.0,0.0008333472224535399,0.9993553585817907,0.0
56704,47.25412090201504,1.0,560,681,1241,0.0,0.0008333472224606453,0.999435938759067,8.058017727639034e-05
56705,47.25495424923749,1.0,560,681,1241,0.0,0.0008333472224535399,0.9995165189363433,8.058017727639034e-05
56706,47.255787596459946,1.0,560,681,1241,0.0,0.0008333472224535399,0.9995970991136197,8.058017727639034e-05
56707,47.2566209436824,1.0,560,681,1241,0.0,0.0008333472224535399,0.999677679290896,8.058017727639034e-05
56708,47.25745429090485,1.0,560,681,1241,0.0,0.0008333472224535399,0.999677679290896,0.0
56709,47.25828763812731,1.0,560,681,1241,0.0,0.0008333472224535399,0.9998388396454487,0.00016116035455278067
56710,47.25912098534976,1.0,560,681,1241,0.0,0.0008333472224535399,0.999919419822725,8.058017727639034e-05
56711,47.259954332572214,1.0,560,681,1241,0.0,0.0008333472224535399,1.0000000000000013,8.058017727639034e-05
56712,47.26078767979467,1.0,560,681,1241,0.0,0.0008333472224535399,1.0000000000000013,0.0
56713,47.26162102701712,1.0,560,681,1241,0.0,0.0008333472224535399,1.0000000000000013,0.0
56714,47.262454374239574,1.0,560,681,1241,0.0,0.0008333472224535399,1.0000000000000013,0.0
56715,47.26328772146203,1.0,560,681,1241,0.0,0.0008333472224535399,1.0000000000000013,0.0
56716,47.26412106868448,1.0,560,681,1241,0.0,0.0008333472224535399,1.0000000000000013,0.0
56717,47.264954415906935,1.0,560,681,1241,0.0,0.0008333472224535399,1.0000000000000013,0.0
56718,47.26578776312939,1.0,560,681,1241,0.0,0.0008333472224535399,1.0000000000000013,0.0
56719,47.26662111035184,1.0,560,681,1241,0.0,0.0008333472224535399,1.0000000000000013,0.0
56720,47.267454457574296,1.0,560,681,1241,0.0,0.0008333472224535399,1.0000000000000013,0.0
56721,47.26828780479675,0.9991941982272361,560,681,1241,-0.0008058017727639033,0.0008333472224535399,0.999919419822725,-8.058017727639034e-05
56722,47.2691211520192,1.0,560,681,1241,0.0008058017727639033,0.0008333472224535399,0.999919419822725,0.0
56723,47.269954499241656,1.0,560,681,1241,0.0,0.0008333472224535399,0.999919419822725,0.0
56724,47.27078784646411,1.0,560,681,1241,0.0,0.0008333472224535399,0.999919419822725,0.0
56725,47.27162119368656,1.0,560,681,1241,0.0,0.0008333472224535399,0.999919419822725,0.0
56726,47.27245454090902,1.0,560,681,1241,0.0,0.0008333472224535399,0.999919419822725,0.0
56727,47.27328788813147,1.0,560,681,1241,0.0,0.0008333472224535399,0.999919419822725,0.0
56728,47.274121235353924,1.0,560,681,1241,0.0,0.0008333472224535399,0.999919419822725,0.0
56729,47.27495458257638,1.0,560,681,1241,0.0,0.0008333472224535399,0.999919419822725,0.0
56730,47.27578792979883,1.0,560,681,1241,0.0,0.0008333472224535399,0.999919419822725,0.0
56731,47.276621277021285,0.9991941982272361,560,681,1241,-0.0008058017727639033,0.0008333472224535399,0.999919419822725,0.0
56732,47.27745462424374,1.0,560,681,1241,0.0008058017727639033,0.0008333472224535399,0.999919419822725,0.0
56733,47.27828797146619,1.0,560,681,1241,0.0,0.0008333472224535399,0.999919419822725,0.0
56734,47.279121318688645,1.0,560,681,1241,0.0,0.0008333472224535399,0.999919419822725,0.0
56735,47.2799546659111,1.0,560,681,1241,0.0,0.0008333472224535399,0.999919419822725,0.0
56736,47.28078801313355,1.0,560,681,1241,0.0,0.0008333472224535399,0.999919419822725,0.0
56737,47.281621360356006,1.0,560,681,1241,0.0,0.0008333472224535399,0.999919419822725,0.0
56738,47.28245470757846,1.0,560,681,1241,0.0,0.0008333472224535399,0.999919419822725,0.0
56739,47.28328805480091,1.0,560,681,1241,0.0,0.0008333472224535399,0.999919419822725,0.0
56740,47.284121402023366,1.0,560,681,1241,0.0,0.0008333472224535399,0.999919419822725,0.0
56741,47.28495474924582,1.0,560,681,1241,0.0,0.0008333472224535399,1.0000000000000013,8.058017727639034e-05
56742,47.28578809646827,1.0,560,681,1241,0.0,0.0008333472224535399,1.0000000000000013,0.0
56743,47.28662144369073,1.0,560,681,1241,0.0,0.0008333472224535399,1.0000000000000013,0.0
56744,47.28745479091318,1.0,560,681,1241,0.0,0.0008333472224535399,1.0000000000000013,0.0
56745,47.288288138135634,1.0,560,681,1241,0.0,0.0008333472224535399,1.0000000000000013,0.0
56746,47.289121485358095,1.0,560,681,1241,0.0,0.0008333472224606453,1.0000000000000013,0.0
56747,47.28995483258055,1.0,560,681,1241,0.0,0.0008333472224535399,1.0000000000000013,0.0
56748,47.290788179803,1.0,560,681,1241,0.0,0.0008333472224535399,1.0000000000000013,0.0
56749,47.291621527025455,1.0,560,681,1241,0.0,0.0008333472224535399,1.0000000000000013,0.0
56750,47.29245487424791,1.0,560,681,1241,0.0,0.0008333472224535399,1.0000000000000013,0.0
56751,47.29328822147036,1.0,560,681,1241,0.0,0.0008333472224535399,1.0000000000000013,0.0
56752,47.294121568692816,1.0,560,681,1241,0.0,0.0008333472224535399,1.0000000000000013,0.0
56753,47.29495491591527,1.0,560,681,1241,0.0,0.0008333472224535399,1.0000000000000013,0.0
56754,47.29578826313772,1.0,560,681,1241,0.0,0.0008333472224535399,1.0000000000000013,0.0
56755,47.29662161036018,1.0,560,681,1241,0.0,0.0008333472224535399,1.0000000000000013,0.0
56756,47.29745495758263,1.0,560,681,1241,0.0,0.0008333472224535399,1.0000000000000013,0.0
56757,47.298288304805084,1.0,560,681,1241,0.0,0.0008333472224535399,1.0000000000000013,0.0
56758,47.29912165202754,1.0,560,681,1241,0.0,0.0008333472224535399,1.0000000000000013,0.0
56759,47.29995499924999,1.0,560,681,1241,0.0,0.0008333472224535399,1.0000000000000013,0.0
56760,47.300788346472444,1.0,560,681,1241,0.0,0.0008333472224535399,1.0000000000000013,0.0
56761,47.3016216936949,1.0,560,681,1241,0.0,0.0008333472224535399,1.0000000000000013,0.0
56762,47.30245504091735,1.0,560,681,1241,0.0,0.0008333472224535399,1.0000000000000013,0.0
56763,47.303288388139805,1.0,560,681,1241,0.0,0.0008333472224535399,1.0000000000000013,0.0
56764,47.30412173536226,1.0,560,681,1241,0.0,0.0008333472224535399,1.0000000000000013,0.0
56765,47.30495508258471,1.0,560,681,1241,0.0,0.0008333472224535399,1.0000000000000013,0.0
56766,47.305788429807166,1.0,560,681,1241,0.0,0.0008333472224535399,1.0000000000000013,0.0
56767,47.30662177702962,1.0,560,681,1241,0.0,0.0008333472224535399,1.0000000000000013,0.0
56768,47.30745512425207,1.0,560,681,1241,0.0,0.0008333472224535399,1.0000000000000013,0.0
56769,47.308288471474526,0.9991941982272361,560,681,1241,-0.0008058017727639033,0.0008333472224535399,0.999919419822725,-8.058017727639034e-05
56770,47.30912181869698,0.9991941982272361,560,681,1241,0.0,0.0008333472224535399,0.9998388396454487,-8.058017727639034e-05
56771,47.30995516591943,0.9991941982272361,560,681,1241,0.0,0.0008333472224535399,0.9997582594681724,-8.058017727639034e-05
56772,47.31078851314189,0.9991941982272361,560,681,1241,0.0,0.0008333472224535399,0.999677679290896,-8.058017727639034e-05
56773,47.31162186036434,0.9991941982272361,560,681,1241,0.0,0.0008333472224535399,0.9995970991136197,-8.058017727639034e-05
56774,47.312455207586794,0.9991941982272361,560,681,1241,0.0,0.0008333472224535399,0.9995165189363433,-8.058017727639034e-05
56775,47.31328855480925,1.0,560,681,1241,0.0008058017727639033,0.0008333472224535399,0.9995165189363433,0.0
56776,47.3141219020317,0.9991941982272361,560,681,1241,-0.0008058017727639033,0.0008333472224535399,0.999435938759067,-8.058017727639034e-05
56777,47.314955249254155,0.9991941982272361,560,681,1241,0.0,0.0008333472224535399,0.9993553585817907,-8.058017727639034e-05
56778,47.31578859647661,0.9991941982272361,560,681,1241,0.0,0.0008333472224535399,0.9992747784045143,-8.058017727639034e-05
56779,47.31662194369906,0.9991941982272361,560,681,1241,0.0,0.0008333472224535399,0.9992747784045143,0.0
56780,47.317455290921515,0.9991941982272361,560,681,1241,0.0,0.0008333472224535399,0.9992747784045143,0.0
56781,47.31828863814397,0.9991941982272361,560,681,1241,0.0,0.0008333472224535399,0.9992747784045143,0.0
56782,47.31912198536642,1.0,560,681,1241,0.0008058017727639033,0.0008333472224535399,0.9993553585817907,8.058017727639034e-05
56783,47.319955332588876,1.0,560,681,1241,0.0,0.0008333472224535399,0.999435938759067,8.058017727639034e-05
56784,47.32078867981133,1.0,560,681,1241,0.0,0.0008333472224535399,0.9995165189363433,8.058017727639034e-05
56785,47.32162202703378,1.0,560,681,1241,0.0,0.0008333472224535399,0.9995165189363433,0.0
56786,47.322455374256236,0.9991941982272361,560,681,1241,-0.0008058017727639033,0.0008333472224535399,0.9995165189363433,0.0
56787,47.32328872147869,0.9991941982272361,560,681,1241,0.0,0.0008333472224535399,0.9995165189363433,0.0
56788,47.32412206870115,0.9991941982272361,560,681,1241,0.0,0.0008333472224606453,0.9995165189363433,0.0
56789,47.324955415923604,0.9991941982272361,560,681,1241,0.0,0.0008333472224535399,0.9995165189363433,0.0
56790,47.32578876314606,0.9991941982272361,560,681,1241,0.0,0.0008333472224535399,0.9995165189363433,0.0
56791,47.32662211036851,0.9991941982272361,560,681,1241,0.0,0.0008333472224535399,0.9995165189363433,0.0
56792,47.327455457590965,1.0,560,681,1241,0.0008058017727639033,0.0008333472224535399,0.9995165189363433,0.0
56793,47.32828880481342,1.0,560,681,1241,0.0,0.0008333472224535399,0.9995165189363433,0.0
56794,47.32912215203587,1.0,560,681,1241,0.0,0.0008333472224535399,0.9995165189363433,0.0
56795,47.329955499258325,1.0,560,681,1241,0.0,0.0008333472224535399,0.9995165189363433,0.0
56796,47.33078884648078,1.0,560,681,1241,0.0,0.0008333472224535399,0.9995970991136197,8.058017727639034e-05
56797,47.33162219370323,1.0,560,681,1241,0.0,0.0008333472224535399,0.999677679290896,8.058017727639034e-05
56798,47.332455540925686,1.0,560,681,1241,0.0,0.0008333472224535399,0.9997582594681724,8.058017727639034e-05
56799,47.33328888814814,1.0,560,681,1241,0.0,0.0008333472224535399,0.9998388396454487,8.058017727639034e-05
56800,47.33412223537059,1.0,560,681,1241,0.0,0.0008333472224535399,0.999919419822725,8.058017727639034e-05
56801,47.33495558259305,1.0,560,681,1241,0.0,0.0008333472224535399,1.0000000000000013,8.058017727639034e-05
56802,47.3357889298155,1.0,560,681,1241,0.0,0.0008333472224535399,1.0000000000000013,0.0
56803,47.336622277037954,1.0,560,681,1241,0.0,0.0008333472224535399,1.0000000000000013,0.0
56804,47.33745562426041,1.0,560,681,1241,0.0,0.0008333472224535399,1.0000000000000013,0.0
56805,47.33828897148286,1.0,560,681,1241,0.0,0.0008333472224535399,1.0000000000000013,0.0
56806,47.339122318705314,1.0,560,681,1241,0.0,0.0008333472224535399,1.0000000000000013,0.0
56807,47.33995566592777,1.0,560,681,1241,0.0,0.0008333472224535399,1.0000000000000013,0.0
56808,47.34078901315022,0.9991941982272361,560,681,1241,-0.0008058017727639033,0.0008333472224535399,0.999919419822725,-8.058017727639034e-05
56809,47.341622360372675,0.9991941982272361,560,681,1241,0.0,0.0008333472224535399,0.9998388396454487,-8.058017727639034e-05
56810,47.34245570759513,1.0,560,681,1241,0.0008058017727639033,0.0008333472224535399,0.9998388396454487,0.0
56811,47.34328905481758,1.0,560,681,1241,0.0,0.0008333472224535399,0.9998388396454487,0.0
56812,47.344122402040036,1.0,560,681,1241,0.0,0.0008333472224535399,0.9998388396454487,0.0
56813,47.34495574926249,1.0,560,681,1241,0.0,0.0008333472224535399,0.9998388396454487,0.0
56814,47.34578909648494,1.0,560,681,1241,0.0,0.0008333472224535399,0.9998388396454487,0.0
56815,47.346622443707396,1.0,560,681,1241,0.0,0.0008333472224535399,0.9998388396454487,0.0
56816,47.34745579092985,1.0,560,681,1241,0.0,0.0008333472224535399,0.9998388396454487,0.0
56817,47.3482891381523,1.0,560,681,1241,0.0,0.0008333472224535399,0.9998388396454487,0.0
56818,47.34912248537476,1.0,560,681,1241,0.0,0.0008333472224535399,0.999919419822725,8.058017727639034e-05
56819,47.34995583259721,1.0,560,681,1241,0.0,0.0008333472224535399,1.0000000000000013,8.058017727639034e-05
56820,47.350789179819664,1.0,560,681,1241,0.0,0.0008333472224535399,1.0000000000000013,0.0
56821,47.35162252704212,1.0,560,681,1241,0.0,0.0008333472224535399,1.0000000000000013,0.0
56822,47.35245587426457,1.0,560,681,1241,0.0,0.0008333472224535399,1.0000000000000013,0.0
56823,47.353289221487024,1.0,560,681,1241,0.0,0.0008333472224535399,1.0000000000000013,0.0
56824,47.35412256870948,1.0,560,681,1241,0.0,0.0008333472224535399,1.0000000000000013,0.0
56825,47.35495591593193,1.0,560,681,1241,0.0,0.0008333472224535399,1.0000000000000013,0.0
56826,47.355789263154385,1.0,560,681,1241,0.0,0.0008333472224535399,1.0000000000000013,0.0
56827,47.35662261037684,1.0,560,681,1241,0.0,0.0008333472224535399,1.0000000000000013,0.0
56828,47.35745595759929,1.0,560,681,1241,0.0,0.0008333472224535399,1.0000000000000013,0.0
56829,47.358289304821746,1.0,560,681,1241,0.0,0.0008333472224535399,1.0000000000000013,0.0
56830,47.3591226520442,1.0,560,681,1241,0.0,0.0008333472224535399,1.0000000000000013,0.0
56831,47.35995599926666,1.0,560,681,1241,0.0,0.0008333472224606453,1.0000000000000013,0.0
56832,47.36078934648911,1.0,560,681,1241,0.0,0.0008333472224535399,1.0000000000000013,0.0
56833,47.36162269371157,0.9991941982272361,560,681,1241,-0.0008058017727639033,0.0008333472224535399,0.999919419822725,-8.058017727639034e-05
56834,47.36245604093402,0.9991941982272361,560,681,1241,0.0,0.0008333472224535399,0.9998388396454487,-8.058017727639034e-05
56835,47.363289388156474,1.0,560,681,1241,0.0008058017727639033,0.0008333472224535399,0.9998388396454487,0.0
56836,47.36412273537893,1.0,560,681,1241,0.0,0.0008333472224535399,0.9998388396454487,0.0
56837,47.36495608260138,1.0,560,681,1241,0.0,0.0008333472224535399,0.9998388396454487,0.0
56838,47.365789429823835,1.0,560,681,1241,0.0,0.0008333472224535399,0.9998388396454487,0.0
56839,47.36662277704629,1.0,560,681,1241,0.0,0.0008333472224535399,0.9998388396454487,0.0
56840,47.36745612426874,0.9991941982272361,560,681,1241,-0.0008058017727639033,0.0008333472224535399,0.9997582594681724,-8.058017727639034e-05
56841,47.368289471491195,1.0,560,681,1241,0.0008058017727639033,0.0008333472224535399,0.9997582594681724,0.0
56842,47.36912281871365,1.0,560,681,1241,0.0,0.0008333472224535399,0.9997582594681724,0.0
56843,47.3699561659361,1.0,560,681,1241,0.0,0.0008333472224535399,0.9998388396454487,8.058017727639034e-05
56844,47.370789513158556,1.0,560,681,1241,0.0,0.0008333472224535399,0.999919419822725,8.058017727639034e-05
56845,47.37162286038101,1.0,560,681,1241,0.0,0.0008333472224535399,0.999919419822725,0.0
56846,47.37245620760346,1.0,560,681,1241,0.0,0.0008333472224535399,0.999919419822725,0.0
56847,47.37328955482592,1.0,560,681,1241,0.0,0.0008333472224535399,0.999919419822725,0.0
56848,47.37412290204837,1.0,560,681,1241,0.0,0.0008333472224535399,0.999919419822725,0.0
56849,47.374956249270824,1.0,560,681,1241,0.0,0.0008333472224535399,0.999919419822725,0.0
56850,47.37578959649328,1.0,560,681,1241,0.0,0.0008333472224535399,1.0000000000000013,8.058017727639034e-05
56851,47.37662294371573,1.0,560,681,1241,0.0,0.0008333472224535399,1.0000000000000013,0.0
56852,47.377456290938184,1.0,560,681,1241,0.0,0.0008333472224535399,1.0000000000000013,0.0
56853,47.37828963816064,1.0,560,681,1241,0.0,0.0008333472224535399,1.0000000000000013,0.0
56854,47.37912298538309,1.0,560,681,1241,0.0,0.0008333472224535399,1.0000000000000013,0.0
56855,47.379956332605545,1.0,560,681,1241,0.0,0.0008333472224535399,1.0000000000000013,0.0
56856,47.380789679828,1.0,560,681,1241,0.0,0.0008333472224535399,1.0000000000000013,0.0
56857,47.38162302705045,1.0,560,681,1241,0.0,0.0008333472224535399,1.0000000000000013,0.0
56858,47.382456374272905,1.0,560,681,1241,0.0,0.0008333472224535399,1.0000000000000013,0.0
56859,47.38328972149536,1.0,560,681,1241,0.0,0.0008333472224535399,1.0000000000000013,0.0
56860,47.38412306871781,1.0,560,681,1241,0.0,0.0008333472224535399,1.0000000000000013,0.0
56861,47.384956415940266,1.0,560,681,1241,0.0,0.0008333472224535399,1.0000000000000013,0.0
56862,47.38578976316272,1.0,560,681,1241,0.0,0.0008333472224535399,1.0000000000000013,0.0
56863,47.38662311038517,1.0,560,681,1241,0.0,0.0008333472224535399,1.0000000000000013,0.0
56864,47.38745645760763,1.0,560,681,1241,0.0,0.0008333472224535399,1.0000000000000013,0.0
56865,47.38828980483008,1.0,560,681,1241,0.0,0.0008333472224535399,1.0000000000000013,0.0
56866,47.389123152052534,1.0,560,681,1241,0.0,0.0008333472224535399,1.0000000000000013,0.0
56867,47.38995649927499,1.0,560,681,1241,0.0,0.0008333472224535399,1.0000000000000013,0.0
56868,47.39078984649744,1.0,560,681,1241,0.0,0.0008333472224535399,1.0000000000000013,0.0
56869,47.391623193719894,0.9983883964544722,560,681,1241,-0.0016116035455278066,0.0008333472224535399,0.9998388396454487,-0.00016116035455278067
56870,47.39245654094235,0.9991941982272361,560,681,1241,0.0008058017727639033,0.0008333472224535399,0.9997582594681724,-8.058017727639034e-05
56871,47.3932898881648,0.9991941982272361,560,681,1241,0.0,0.0008333472224535399,0.999677679290896,-8.058017727639034e-05
56872,47.394123235387255,1.0,560,681,1241,0.0008058017727639033,0.0008333472224535399,0.999677679290896,0.0
56873,47.394956582609716,1.0,560,681,1241,0.0,0.0008333472224606453,0.999677679290896,0.0
56874,47.39578992983217,1.0,560,681,1241,0.0,0.0008333472224535399,0.999677679290896,0.0
56875,47.39662327705462,1.0,560,681,1241,0.0,0.0008333472224535399,0.999677679290896,0.0
56876,47.397456624277076,1.0,560,681,1241,0.0,0.0008333472224535399,0.999677679290896,0.0
56877,47.39828997149953,1.0,560,681,1241,0.0,0.0008333472224535399,0.999677679290896,0.0
56878,47.39912331872198,1.0,560,681,1241,0.0,0.0008333472224535399,0.999677679290896,0.0
56879,47.39995666594444,1.0,560,681,1241,0.0,0.0008333472224535399,0.9998388396454487,0.00016116035455278067
56880,47.40079001316689,1.0,560,681,1241,0.0,0.0008333472224535399,0.999919419822725,8.058017727639034e-05
56881,47.401623360389344,1.0,560,681,1241,0.0,0.0008333472224535399,1.0000000000000013,8.058017727639034e-05
56882,47.4024567076118,1.0,560,681,1241,0.0,0.0008333472224535399,1.0000000000000013,0.0
56883,47.40329005483425,1.0,560,681,1241,0.0,0.0008333472224535399,1.0000000000000013,0.0
56884,47.404123402056705,1.0,560,681,1241,0.0,0.0008333472224535399,1.0000000000000013,0.0
56885,47.40495674927916,1.0,560,681,1241,0.0,0.0008333472224535399,1.0000000000000013,0.0
56886,47.40579009650161,0.9991941982272361,560,681,1241,-0.0008058017727639033,0.0008333472224535399,0.999919419822725,-8.058017727639034e-05
56887,47.406623443724065,0.9991941982272361,560,681,1241,0.0,0.0008333472224535399,0.9998388396454487,-8.058017727639034e-05
56888,47.40745679094652,0.9991941982272361,560,681,1241,0.0,0.0008333472224535399,0.9997582594681724,-8.058017727639034e-05
56889,47.40829013816897,0.9991941982272361,560,681,1241,0.0,0.0008333472224535399,0.999677679290896,-8.058017727639034e-05
56890,47.409123485391426,0.9991941982272361,560,681,1241,0.0,0.0008333472224535399,0.9995970991136197,-8.058017727639034e-05
56891,47.40995683261388,1.0,560,681,1241,0.0008058017727639033,0.0008333472224535399,0.9995970991136197,0.0
56892,47.41079017983633,1.0,560,681,1241,0.0,0.0008333472224535399,0.9995970991136197,0.0
56893,47.41162352705879,1.0,560,681,1241,0.0,0.0008333472224535399,0.9995970991136197,0.0
56894,47.41245687428124,1.0,560,681,1241,0.0,0.0008333472224535399,0.9995970991136197,0.0
56895,47.41329022150369,1.0,560,681,1241,0.0,0.0008333472224535399,0.9995970991136197,0.0
56896,47.41412356872615,0.9991941982272361,560,681,1241,-0.0008058017727639033,0.0008333472224535399,0.9995970991136197,0.0
56897,47.4149569159486,0.9991941982272361,560,681,1241,0.0,0.0008333472224535399,0.9995970991136197,0.0
56898,47.415790263171054,0.9991941982272361,560,681,1241,0.0,0.0008333472224535399,0.9995970991136197,0.0
56899,47.41662361039351,1.0,560,681,1241,0.0008058017727639033,0.0008333472224535399,0.999677679290896,8.058017727639034e-05
56900,47.41745695761596,1.0,560,681,1241,0.0,0.0008333472224535399,0.9997582594681724,8.058017727639034e-05
56901,47.418290304838415,1.0,560,681,1241,0.0,0.0008333472224535399,0.9997582594681724,0.0
56902,47.41912365206087,0.9991941982272361,560,681,1241,-0.0008058017727639033,0.0008333472224535399,0.999677679290896,-8.058017727639034e-05
56903,47.41995699928332,0.9991941982272361,560,681,1241,0.0,0.0008333472224535399,0.9995970991136197,-8.058017727639034e-05
56904,47.420790346505775,1.0,560,681,1241,0.0008058017727639033,0.0008333472224535399,0.9995970991136197,0.0
56905,47.42162369372823,1.0,560,681,1241,0.0,0.0008333472224535399,0.9995970991136197,0.0
56906,47.42245704095068,1.0,560,681,1241,0.0,0.0008333472224535399,0.999677679290896,8.058017727639034e-05
56907,47.423290388173136,1.0,560,681,1241,0.0,0.0008333472224535399,0.9997582594681724,8.058017727639034e-05
56908,47.42412373539559,1.0,560,681,1241,0.0,0.0008333472224535399,0.9998388396454487,8.058017727639034e-05
56909,47.42495708261804,1.0,560,681,1241,0.0,0.0008333472224535399,0.9998388396454487,0.0
56910,47.4257904298405,1.0,560,681,1241,0.0,0.0008333472224535399,0.9998388396454487,0.0
56911,47.42662377706295,1.0,560,681,1241,0.0,0.0008333472224535399,0.9998388396454487,0.0
56912,47.427457124285404,1.0,560,681,1241,0.0,0.0008333472224535399,0.999919419822725,8.058017727639034e-05
56913,47.42829047150786,1.0,560,681,1241,0.0,0.0008333472224535399,1.0000000000000013,8.058017727639034e-05
56914,47.42912381873031,1.0,560,681,1241,0.0,0.0008333472224535399,1.0000000000000013,0.0
56915,47.429957165952764,1.0,560,681,1241,0.0,0.0008333472224535399,1.0000000000000013,0.0
56916,47.430790513175225,1.0,560,681,1241,0.0,0.0008333472224606453,1.0000000000000013,0.0
56917,47.43162386039768,1.0,560,681,1241,0.0,0.0008333472224535399,1.0000000000000013,0.0
56918,47.43245720762013,1.0,560,681,1241,0.0,0.0008333472224535399,1.0000000000000013,0.0
56919,47.433290554842586,1.0,560,681,1241,0.0,0.0008333472224535399,1.0000000000000013,0.0
56920,47.43412390206504,1.0,560,681,1241,0.0,0.0008333472224535399,1.0000000000000013,0.0
56921,47.43495724928749,1.0,560,681,1241,0.0,0.0008333472224535399,1.0000000000000013,0.0
56922,47.435790596509946,1.0,560,681,1241,0.0,0.0008333472224535399,1.0000000000000013,0.0
56923,47.4366239437324,1.0,560,681,1241,0.0,0.0008333472224535399,1.0000000000000013,0.0
56924,47.43745729095485,1.0,560,681,1241,0.0,0.0008333472224535399,1.0000000000000013,0.0
56925,47.43829063817731,1.0,560,681,1241,0.0,0.0008333472224535399,1.0000000000000013,0.0
56926,47.43912398539976,1.0,560,681,1241,0.0,0.0008333472224535399,1.0000000000000013,0.0
56927,47.439957332622214,1.0,560,681,1241,0.0,0.0008333472224535399,1.0000000000000013,0.0
56928,47.44079067984467,1.0,560,681,1241,0.0,0.0008333472224535399,1.0000000000000013,0.0
56929,47.44162402706712,1.0,560,681,1241,0.0,0.0008333472224535399,1.0000000000000013,0.0
56930,47.442457374289575,1.0,560,681,1241,0.0,0.0008333472224535399,1.0000000000000013,0.0
56931,47.44329072151203,1.0,560,681,1241,0.0,0.0008333472224535399,1.0000000000000013,0.0
56932,47.44412406873448,1.0,560,681,1241,0.0,0.0008333472224535399,1.0000000000000013,0.0
56933,47.444957415956935,1.0,560,681,1241,0.0,0.0008333472224535399,1.0000000000000013,0.0
56934,47.44579076317939,1.0,560,681,1241,0.0,0.0008333472224535399,1.0000000000000013,0.0
56935,47.44662411040184,1.0,560,681,1241,0.0,0.0008333472224535399,1.0000000000000013,0.0
56936,47.447457457624296,1.0,560,681,1241,0.0,0.0008333472224535399,1.0000000000000013,0.0
56937,47.44829080484675,1.0,560,681,1241,0.0,0.0008333472224535399,1.0000000000000013,0.0
56938,47.4491241520692,1.0,560,681,1241,0.0,0.0008333472224535399,1.0000000000000013,0.0
56939,47.449957499291656,1.0,560,681,1241,0.0,0.0008333472224535399,1.0000000000000013,0.0
56940,47.45079084651411,1.0,560,681,1241,0.0,0.0008333472224535399,1.0000000000000013,0.0
56941,47.45162419373656,1.0,560,681,1241,0.0,0.0008333472224535399,1.0000000000000013,0.0
56942,47.45245754095902,1.0,560,681,1241,0.0,0.0008333472224535399,1.0000000000000013,0.0
56943,47.45329088818147,1.0,560,681,1241,0.0,0.0008333472224535399,1.0000000000000013,0.0
56944,47.454124235403924,1.0,560,681,1241,0.0,0.0008333472224535399,1.0000000000000013,0.0
56945,47.45495758262638,1.0,560,681,1241,0.0,0.0008333472224535399,1.0000000000000013,0.0
56946,47.45579092984883,1.0,560,681,1241,0.0,0.0008333472224535399,1.0000000000000013,0.0
56947,47.456624277071285,1.0,560,681,1241,0.0,0.0008333472224535399,1.0000000000000013,0.0
56948,47.45745762429374,1.0,560,681,1241,0.0,0.0008333472224535399,1.0000000000000013,0.0
56949,47.45829097151619,1.0,560,681,1241,0.0,0.0008333472224535399,1.0000000000000013,0.0
56950,47.459124318738645,1.0,560,681,1241,0.0,0.0008333472224535399,1.0000000000000013,0.0
56951,47.4599576659611,1.0,560,681,1241,0.0,0.0008333472224535399,1.0000000000000013,0.0
56952,47.46079101318355,1.0,560,681,1241,0.0,0.0008333472224535399,1.0000000000000013,0.0
56953,47.461624360406006,1.0,560,681,1241,0.0,0.0008333472224535399,1.0000000000000013,0.0
56954,47.46245770762846,1.0,560,681,1241,0.0,0.0008333472224535399,1.0000000000000013,0.0
56955,47.46329105485091,1.0,560,681,1241,0.0,0.0008333472224535399,1.0000000000000013,0.0
56956,47.46412440207337,1.0,560,681,1241,0.0,0.0008333472224535399,1.0000000000000013,0.0
56957,47.46495774929582,1.0,560,681,1241,0.0,0.0008333472224535399,1.0000000000000013,0.0
56958,47.46579109651828,0.9991941982272361,560,681,1241,-0.0008058017727639033,0.0008333472224606453,0.999919419822725,-8.058017727639034e-05
56959,47.466624443740734,0.9991941982272361,560,681,1241,0.0,0.0008333472224535399,0.9998388396454487,-8.058017727639034e-05
56960,47.46745779096319,0.9991941982272361,560,681,1241,0.0,0.0008333472224535399,0.9997582594681724,-8.058017727639034e-05
56961,47.46829113818564,0.9991941982272361,560,681,1241,0.0,0.0008333472224535399,0.999677679290896,-8.058017727639034e-05
56962,47.469124485408095,0.9991941982272361,560,681,1241,0.0,0.0008333472224535399,0.9995970991136197,-8.058017727639034e-05
56963,47.46995783263055,0.9991941982272361,560,681,1241,0.0,0.0008333472224535399,0.9995165189363433,-8.058017727639034e-05
56964,47.470791179853,0.9983883964544722,560,681,1241,-0.0008058017727639033,0.0008333472224535399,0.9993553585817907,-0.00016116035455278067
56965,47.471624527075456,0.9975825946817083,560,681,1241,-0.0008058017727639033,0.0008333472224535399,0.9991136180499615,-0.00024174053182917098
56966,47.47245787429791,0.9975825946817083,560,681,1241,0.0,0.0008333472224535399,0.9988718775181322,-0.00024174053182917098
56967,47.47329122152036,0.9975825946817083,560,681,1241,0.0,0.0008333472224535399,0.998630136986303,-0.00024174053182917098
56968,47.474124568742816,0.9983883964544722,560,681,1241,0.0008058017727639033,0.0008333472224535399,0.9985495568090265,-8.058017727639034e-05
56969,47.47495791596527,0.9991941982272361,560,681,1241,0.0008058017727639033,0.0008333472224535399,0.9985495568090265,0.0
56970,47.47579126318772,0.9991941982272361,560,681,1241,0.0,0.0008333472224535399,0.9985495568090265,0.0
56971,47.47662461041018,0.9991941982272361,560,681,1241,0.0,0.0008333472224535399,0.9985495568090265,0.0
56972,47.47745795763263,1.0,560,681,1241,0.0008058017727639033,0.0008333472224535399,0.9986301369863029,8.058017727639034e-05
56973,47.478291304855084,1.0,560,681,1241,0.0,0.0008333472224535399,0.9987107171635792,8.058017727639034e-05
56974,47.47912465207754,1.0,560,681,1241,0.0,0.0008333472224535399,0.9988718775181319,0.00016116035455278067
56975,47.47995799929999,1.0,560,681,1241,0.0,0.0008333472224535399,0.9991136180499611,0.00024174053182917098
56976,47.480791346522444,1.0,560,681,1241,0.0,0.0008333472224535399,0.9993553585817903,0.00024174053182917098
56977,47.4816246937449,1.0,560,681,1241,0.0,0.0008333472224535399,0.9995970991136195,0.00024174053182917098
56978,47.48245804096735,1.0,560,681,1241,0.0,0.0008333472224535399,0.9997582594681724,0.00016116035455278067
56979,47.483291388189805,1.0,560,681,1241,0.0,0.0008333472224535399,0.9998388396454487,8.058017727639034e-05
56980,47.48412473541226,1.0,560,681,1241,0.0,0.0008333472224535399,0.999919419822725,8.058017727639034e-05
56981,47.48495808263471,1.0,560,681,1241,0.0,0.0008333472224535399,1.0000000000000013,8.058017727639034e-05
56982,47.485791429857166,1.0,560,681,1241,0.0,0.0008333472224535399,1.0000000000000013,0.0
56983,47.48662477707962,1.0,560,681,1241,0.0,0.0008333472224535399,1.0000000000000013,0.0
56984,47.48745812430207,1.0,560,681,1241,0.0,0.0008333472224535399,1.0000000000000013,0.0
56985,47.488291471524526,1.0,560,681,1241,0.0,0.0008333472224535399,1.0000000000000013,0.0
56986,47.48912481874698,1.0,560,681,1241,0.0,0.0008333472224535399,1.0000000000000013,0.0
56987,47.48995816596943,1.0,560,681,1241,0.0,0.0008333472224535399,1.0000000000000013,0.0
56988,47.49079151319189,1.0,560,681,1241,0.0,0.0008333472224535399,1.0000000000000013,0.0
56989,47.49162486041434,1.0,560,681,1241,0.0,0.0008333472224535399,1.0000000000000013,0.0
56990,47.492458207636794,1.0,560,681,1241,0.0,0.0008333472224535399,1.0000000000000013,0.0
56991,47.49329155485925,1.0,560,681,1241,0.0,0.0008333472224535399,1.0000000000000013,0.0
56992,47.4941249020817,1.0,560,681,1241,0.0,0.0008333472224535399,1.0000000000000013,0.0
56993,47.494958249304155,1.0,560,681,1241,0.0,0.0008333472224535399,1.0000000000000013,0.0
56994,47.49579159652661,1.0,560,681,1241,0.0,0.0008333472224535399,1.0000000000000013,0.0
56995,47.49662494374906,1.0,560,681,1241,0.0,0.0008333472224535399,1.0000000000000013,0.0
56996,47.497458290971515,1.0,560,681,1241,0.0,0.0008333472224535399,1.0000000000000013,0.0
56997,47.49829163819397,1.0,560,681,1241,0.0,0.0008333472224535399,1.0000000000000013,0.0
56998,47.49912498541642,1.0,560,681,1241,0.0,0.0008333472224535399,1.0000000000000013,0.0
56999,47.499958332638876,1.0,560,681,1241,0.0,0.0008333472224535399,1.0000000000000013,0.0
57000,47.50079167986134,0.9983883964544722,560,681,1241,-0.0016116035455278066,0.0008333472224606453,0.9998388396454487,-0.00016116035455278067
57001,47.50162502708379,0.9983883964544722,560,681,1241,0.0,0.0008333472224535399,0.999677679290896,-0.00016116035455278067
57002,47.502458374306244,1.0,560,681,1241,0.0016116035455278066,0.0008333472224535399,0.999677679290896,0.0
57003,47.5032917215287,1.0,560,681,1241,0.0,0.0008333472224535399,0.999677679290896,0.0
57004,47.50412506875115,1.0,560,681,1241,0.0,0.0008333472224535399,0.999677679290896,0.0
57005,47.504958415973604,1.0,560,681,1241,0.0,0.0008333472224535399,0.999677679290896,0.0
57006,47.50579176319606,1.0,560,681,1241,0.0,0.0008333472224535399,0.999677679290896,0.0
57007,47.50662511041851,1.0,560,681,1241,0.0,0.0008333472224535399,0.999677679290896,0.0
57008,47.507458457640965,1.0,560,681,1241,0.0,0.0008333472224535399,0.999677679290896,0.0
57009,47.50829180486342,1.0,560,681,1241,0.0,0.0008333472224535399,0.999677679290896,0.0
57010,47.50912515208587,1.0,560,681,1241,0.0,0.0008333472224535399,0.9998388396454487,0.00016116035455278067
57011,47.509958499308325,1.0,560,681,1241,0.0,0.0008333472224535399,1.0000000000000013,0.00016116035455278067
57012,47.51079184653078,1.0,560,681,1241,0.0,0.0008333472224535399,1.0000000000000013,0.0
57013,47.51162519375323,1.0,560,681,1241,0.0,0.0008333472224535399,1.0000000000000013,0.0
57014,47.512458540975686,1.0,560,681,1241,0.0,0.0008333472224535399,1.0000000000000013,0.0
57015,47.51329188819814,1.0,560,681,1241,0.0,0.0008333472224535399,1.0000000000000013,0.0
57016,47.51412523542059,1.0,560,681,1241,0.0,0.0008333472224535399,1.0000000000000013,0.0
57017,47.51495858264305,1.0,560,681,1241,0.0,0.0008333472224535399,1.0000000000000013,0.0
57018,47.5157919298655,1.0,560,681,1241,0.0,0.0008333472224535399,1.0000000000000013,0.0
57019,47.516625277087954,1.0,560,681,1241,0.0,0.0008333472224535399,1.0000000000000013,0.0
57020,47.51745862431041,1.0,560,681,1241,0.0,0.0008333472224535399,1.0000000000000013,0.0
57021,47.51829197153286,1.0,560,681,1241,0.0,0.0008333472224535399,1.0000000000000013,0.0
57022,47.519125318755314,1.0,560,681,1241,0.0,0.0008333472224535399,1.0000000000000013,0.0
57023,47.51995866597777,1.0,560,681,1241,0.0,0.0008333472224535399,1.0000000000000013,0.0
57024,47.52079201320022,1.0,560,681,1241,0.0,0.0008333472224535399,1.0000000000000013,0.0
57025,47.521625360422675,1.0,560,681,1241,0.0,0.0008333472224535399,1.0000000000000013,0.0
57026,47.52245870764513,1.0,560,681,1241,0.0,0.0008333472224535399,1.0000000000000013,0.0
57027,47.52329205486758,1.0,560,681,1241,0.0,0.0008333472224535399,1.0000000000000013,0.0
57028,47.524125402090036,1.0,560,681,1241,0.0,0.0008333472224535399,1.0000000000000013,0.0
57029,47.52495874931249,1.0,560,681,1241,0.0,0.0008333472224535399,1.0000000000000013,0.0
57030,47.52579209653494,0.9991941982272361,560,681,1241,-0.0008058017727639033,0.0008333472224535399,0.999919419822725,-8.058017727639034e-05
57031,47.526625443757396,0.9991941982272361,560,681,1241,0.0,0.0008333472224535399,0.9998388396454487,-8.058017727639034e-05
57032,47.52745879097985,0.9991941982272361,560,681,1241,0.0,0.0008333472224535399,0.9997582594681724,-8.058017727639034e-05
57033,47.5282921382023,0.9991941982272361,560,681,1241,0.0,0.0008333472224535399,0.999677679290896,-8.058017727639034e-05
57034,47.52912548542476,1.0,560,681,1241,0.0008058017727639033,0.0008333472224535399,0.999677679290896,0.0
57035,47.52995883264721,1.0,560,681,1241,0.0,0.0008333472224535399,0.999677679290896,0.0
57036,47.530792179869664,1.0,560,681,1241,0.0,0.0008333472224535399,0.999677679290896,0.0
57037,47.53162552709212,1.0,560,681,1241,0.0,0.0008333472224535399,0.999677679290896,0.0
57038,47.53245887431457,1.0,560,681,1241,0.0,0.0008333472224535399,0.999677679290896,0.0
57039,47.533292221537025,1.0,560,681,1241,0.0,0.0008333472224535399,0.999677679290896,0.0
57040,47.53412556875948,1.0,560,681,1241,0.0,0.0008333472224535399,0.9997582594681724,8.058017727639034e-05
57041,47.53495891598193,1.0,560,681,1241,0.0,0.0008333472224535399,0.9998388396454487,8.058017727639034e-05
57042,47.535792263204385,1.0,560,681,1241,0.0,0.0008333472224535399,0.999919419822725,8.058017727639034e-05
57043,47.536625610426846,1.0,560,681,1241,0.0,0.0008333472224606453,1.0000000000000013,8.058017727639034e-05
57044,47.5374589576493,1.0,560,681,1241,0.0,0.0008333472224535399,1.0000000000000013,0.0
57045,47.53829230487175,1.0,560,681,1241,0.0,0.0008333472224535399,1.0000000000000013,0.0
57046,47.53912565209421,1.0,560,681,1241,0.0,0.0008333472224535399,1.0000000000000013,0.0
57047,47.53995899931666,1.0,560,681,1241,0.0,0.0008333472224535399,1.0000000000000013,0.0
57048,47.540792346539114,1.0,560,681,1241,0.0,0.0008333472224535399,1.0000000000000013,0.0
57049,47.54162569376157,1.0,560,681,1241,0.0,0.0008333472224535399,1.0000000000000013,0.0
57050,47.54245904098402,1.0,560,681,1241,0.0,0.0008333472224535399,1.0000000000000013,0.0
57051,47.543292388206474,1.0,560,681,1241,0.0,0.0008333472224535399,1.0000000000000013,0.0
57052,47.54412573542893,1.0,560,681,1241,0.0,0.0008333472224535399,1.0000000000000013,0.0
57053,47.54495908265138,1.0,560,681,1241,0.0,0.0008333472224535399,1.0000000000000013,0.0
57054,47.545792429873835,0.9991941982272361,560,681,1241,-0.0008058017727639033,0.0008333472224535399,0.999919419822725,-8.058017727639034e-05
57055,47.54662577709629,0.9991941982272361,560,681,1241,0.0,0.0008333472224535399,0.9998388396454487,-8.058017727639034e-05
57056,47.54745912431874,0.9983883964544722,560,681,1241,-0.0008058017727639033,0.0008333472224535399,0.999677679290896,-0.00016116035455278067
57057,47.548292471541195,0.9983883964544722,560,681,1241,0.0,0.0008333472224535399,0.9995165189363433,-0.00016116035455278067
57058,47.54912581876365,0.9983883964544722,560,681,1241,0.0,0.0008333472224535399,0.9993553585817907,-0.00016116035455278067
57059,47.5499591659861,0.9983883964544722,560,681,1241,0.0,0.0008333472224535399,0.999194198227238,-0.00016116035455278067
57060,47.550792513208556,0.9991941982272361,560,681,1241,0.0008058017727639033,0.0008333472224535399,0.9991136180499616,-8.058017727639034e-05
57061,47.55162586043101,0.9991941982272361,560,681,1241,0.0,0.0008333472224535399,0.9990330378726853,-8.058017727639034e-05
57062,47.55245920765346,0.9991941982272361,560,681,1241,0.0,0.0008333472224535399,0.998952457695409,-8.058017727639034e-05
57063,47.55329255487592,1.0,560,681,1241,0.0008058017727639033,0.0008333472224535399,0.998952457695409,0.0
57064,47.55412590209837,1.0,560,681,1241,0.0,0.0008333472224535399,0.9990330378726853,8.058017727639034e-05
57065,47.554959249320824,1.0,560,681,1241,0.0,0.0008333472224535399,0.9991136180499616,8.058017727639034e-05
57066,47.55579259654328,1.0,560,681,1241,0.0,0.0008333472224535399,0.9992747784045143,0.00016116035455278067
57067,47.55662594376573,1.0,560,681,1241,0.0,0.0008333472224535399,0.999435938759067,0.00016116035455278067
57068,47.557459290988184,1.0,560,681,1241,0.0,0.0008333472224535399,0.9995970991136197,0.00016116035455278067
57069,47.55829263821064,1.0,560,681,1241,0.0,0.0008333472224535399,0.9997582594681724,0.00016116035455278067
57070,47.55912598543309,1.0,560,681,1241,0.0,0.0008333472224535399,0.9998388396454487,8.058017727639034e-05
57071,47.559959332655545,1.0,560,681,1241,0.0,0.0008333472224535399,0.999919419822725,8.058017727639034e-05
57072,47.560792679878,1.0,560,681,1241,0.0,0.0008333472224535399,1.0000000000000013,8.058017727639034e-05
57073,47.56162602710045,1.0,560,681,1241,0.0,0.0008333472224535399,1.0000000000000013,0.0
57074,47.562459374322906,1.0,560,681,1241,0.0,0.0008333472224535399,1.0000000000000013,0.0
57075,47.56329272154536,1.0,560,681,1241,0.0,0.0008333472224535399,1.0000000000000013,0.0
57076,47.56412606876781,1.0,560,681,1241,0.0,0.0008333472224535399,1.0000000000000013,0.0
57077,47.564959415990266,1.0,560,681,1241,0.0,0.0008333472224535399,1.0000000000000013,0.0
57078,47.56579276321272,1.0,560,681,1241,0.0,0.0008333472224535399,1.0000000000000013,0.0
57079,47.56662611043517,1.0,560,681,1241,0.0,0.0008333472224535399,1.0000000000000013,0.0
57080,47.56745945765763,1.0,560,681,1241,0.0,0.0008333472224535399,1.0000000000000013,0.0
57081,47.56829280488008,1.0,560,681,1241,0.0,0.0008333472224535399,1.0000000000000013,0.0
57082,47.569126152102534,1.0,560,681,1241,0.0,0.0008333472224535399,1.0000000000000013,0.0
57083,47.56995949932499,1.0,560,681,1241,0.0,0.0008333472224535399,1.0000000000000013,0.0
57084,47.57079284654744,1.0,560,681,1241,0.0,0.0008333472224535399,1.0000000000000013,0.0
57085,47.5716261937699,1.0,560,681,1241,0.0,0.0008333472224606453,1.0000000000000013,0.0
57086,47.572459540992355,1.0,560,681,1241,0.0,0.0008333472224535399,1.0000000000000013,0.0
57087,47.57329288821481,1.0,560,681,1241,0.0,0.0008333472224535399,1.0000000000000013,0.0
57088,47.57412623543726,1.0,560,681,1241,0.0,0.0008333472224535399,1.0000000000000013,0.0
57089,47.574959582659716,1.0,560,681,1241,0.0,0.0008333472224535399,1.0000000000000013,0.0
57090,47.57579292988217,1.0,560,681,1241,0.0,0.0008333472224535399,1.0000000000000013,0.0
57091,47.57662627710462,1.0,560,681,1241,0.0,0.0008333472224535399,1.0000000000000013,0.0
57092,47.577459624327076,1.0,560,681,1241,0.0,0.0008333472224535399,1.0000000000000013,0.0
57093,47.57829297154953,1.0,560,681,1241,0.0,0.0008333472224535399,1.0000000000000013,0.0
57094,47.57912631877198,1.0,560,681,1241,0.0,0.0008333472224535399,1.0000000000000013,0.0
57095,47.57995966599444,1.0,560,681,1241,0.0,0.0008333472224535399,1.0000000000000013,0.0
57096,47.58079301321689,1.0,560,681,1241,0.0,0.0008333472224535399,1.0000000000000013,0.0
57097,47.581626360439344,1.0,560,681,1241,0.0,0.0008333472224535399,1.0000000000000013,0.0
57098,47.5824597076618,1.0,560,681,1241,0.0,0.0008333472224535399,1.0000000000000013,0.0
57099,47.58329305488425,1.0,560,681,1241,0.0,0.0008333472224535399,1.0000000000000013,0.0
57100,47.584126402106705,1.0,560,681,1241,0.0,0.0008333472224535399,1.0000000000000013,0.0
57101,47.58495974932916,1.0,560,681,1241,0.0,0.0008333472224535399,1.0000000000000013,0.0
57102,47.58579309655161,1.0,560,681,1241,0.0,0.0008333472224535399,1.0000000000000013,0.0
57103,47.586626443774065,1.0,560,681,1241,0.0,0.0008333472224535399,1.0000000000000013,0.0
57104,47.58745979099652,1.0,560,681,1241,0.0,0.0008333472224535399,1.0000000000000013,0.0
57105,47.58829313821897,1.0,560,681,1241,0.0,0.0008333472224535399,1.0000000000000013,0.0
57106,47.589126485441426,1.0,560,681,1241,0.0,0.0008333472224535399,1.0000000000000013,0.0
57107,47.58995983266388,1.0,560,681,1241,0.0,0.0008333472224535399,1.0000000000000013,0.0
57108,47.59079317988633,1.0,560,681,1241,0.0,0.0008333472224535399,1.0000000000000013,0.0
57109,47.59162652710879,1.0,560,681,1241,0.0,0.0008333472224535399,1.0000000000000013,0.0
57110,47.59245987433124,1.0,560,681,1241,0.0,0.0008333472224535399,1.0000000000000013,0.0
57111,47.593293221553694,1.0,560,681,1241,0.0,0.0008333472224535399,1.0000000000000013,0.0
57112,47.59412656877615,1.0,560,681,1241,0.0,0.0008333472224535399,1.0000000000000013,0.0
57113,47.5949599159986,1.0,560,681,1241,0.0,0.0008333472224535399,1.0000000000000013,0.0
57114,47.595793263221054,1.0,560,681,1241,0.0,0.0008333472224535399,1.0000000000000013,0.0
57115,47.59662661044351,1.0,560,681,1241,0.0,0.0008333472224535399,1.0000000000000013,0.0
57116,47.59745995766596,1.0,560,681,1241,0.0,0.0008333472224535399,1.0000000000000013,0.0
57117,47.598293304888415,1.0,560,681,1241,0.0,0.0008333472224535399,1.0000000000000013,0.0
57118,47.59912665211087,1.0,560,681,1241,0.0,0.0008333472224535399,1.0000000000000013,0.0
57119,47.59995999933332,1.0,560,681,1241,0.0,0.0008333472224535399,1.0000000000000013,0.0
57120,47.600793346555776,1.0,560,681,1241,0.0,0.0008333472224535399,1.0000000000000013,0.0
57121,47.60162669377823,1.0,560,681,1241,0.0,0.0008333472224535399,1.0000000000000013,0.0
57122,47.60246004100068,1.0,560,681,1241,0.0,0.0008333472224535399,1.0000000000000013,0.0
57123,47.603293388223136,1.0,560,681,1241,0.0,0.0008333472224535399,1.0000000000000013,0.0
57124,47.60412673544559,1.0,560,681,1241,0.0,0.0008333472224535399,1.0000000000000013,0.0
57125,47.60496008266804,1.0,560,681,1241,0.0,0.0008333472224535399,1.0000000000000013,0.0
57126,47.6057934298905,1.0,560,681,1241,0.0,0.0008333472224535399,1.0000000000000013,0.0
57127,47.60662677711296,1.0,560,681,1241,0.0,0.0008333472224606453,1.0000000000000013,0.0
57128,47.60746012433541,1.0,560,681,1241,0.0,0.0008333472224535399,1.0000000000000013,0.0
57129,47.608293471557865,1.0,560,681,1241,0.0,0.0008333472224535399,1.0000000000000013,0.0
57130,47.60912681878032,1.0,560,681,1241,0.0,0.0008333472224535399,1.0000000000000013,0.0
57131,47.60996016600277,1.0,560,681,1241,0.0,0.0008333472224535399,1.0000000000000013,0.0
57132,47.610793513225225,1.0,560,681,1241,0.0,0.0008333472224535399,1.0000000000000013,0.0
57133,47.61162686044768,1.0,560,681,1241,0.0,0.0008333472224535399,1.0000000000000013,0.0
57134,47.61246020767013,1.0,560,681,1241,0.0,0.0008333472224535399,1.0000000000000013,0.0
57135,47.613293554892586,1.0,560,681,1241,0.0,0.0008333472224535399,1.0000000000000013,0.0
57136,47.61412690211504,1.0,560,681,1241,0.0,0.0008333472224535399,1.0000000000000013,0.0
57137,47.61496024933749,1.0,560,681,1241,0.0,0.0008333472224535399,1.0000000000000013,0.0
57138,47.615793596559946,1.0,560,681,1241,0.0,0.0008333472224535399,1.0000000000000013,0.0
57139,47.6166269437824,1.0,560,681,1241,0.0,0.0008333472224535399,1.0000000000000013,0.0
57140,47.61746029100485,1.0,560,681,1241,0.0,0.0008333472224535399,1.0000000000000013,0.0
57141,47.61829363822731,1.0,560,681,1241,0.0,0.0008333472224535399,1.0000000000000013,0.0
57142,47.61912698544976,0.9991941982272361,560,681,1241,-0.0008058017727639033,0.0008333472224535399,0.999919419822725,-8.058017727639034e-05
57143,47.619960332672214,0.9991941982272361,560,681,1241,0.0,0.0008333472224535399,0.9998388396454487,-8.058017727639034e-05
57144,47.62079367989467,0.9991941982272361,560,681,1241,0.0,0.0008333472224535399,0.9997582594681724,-8.058017727639034e-05
57145,47.62162702711712,0.9991941982272361,560,681,1241,0.0,0.0008333472224535399,0.999677679290896,-8.058017727639034e-05
57146,47.622460374339575,1.0,560,681,1241,0.0008058017727639033,0.0008333472224535399,0.999677679290896,0.0
57147,47.62329372156203,1.0,560,681,1241,0.0,0.0008333472224535399,0.999677679290896,0.0
57148,47.62412706878448,1.0,560,681,1241,0.0,0.0008333472224535399,0.999677679290896,0.0
57149,47.624960416006935,1.0,560,681,1241,0.0,0.0008333472224535399,0.999677679290896,0.0
57150,47.62579376322939,1.0,560,681,1241,0.0,0.0008333472224535399,0.999677679290896,0.0
57151,47.62662711045184,1.0,560,681,1241,0.0,0.0008333472224535399,0.999677679290896,0.0
57152,47.627460457674296,1.0,560,681,1241,0.0,0.0008333472224535399,0.9997582594681724,8.058017727639034e-05
57153,47.62829380489675,1.0,560,681,1241,0.0,0.0008333472224535399,0.9998388396454487,8.058017727639034e-05
57154,47.6291271521192,1.0,560,681,1241,0.0,0.0008333472224535399,0.999919419822725,8.058017727639034e-05
57155,47.62996049934166,1.0,560,681,1241,0.0,0.0008333472224535399,1.0000000000000013,8.058017727639034e-05
57156,47.63079384656411,1.0,560,681,1241,0.0,0.0008333472224535399,1.0000000000000013,0.0
57157,47.631627193786564,1.0,560,681,1241,0.0,0.0008333472224535399,1.0000000000000013,0.0
57158,47.63246054100902,1.0,560,681,1241,0.0,0.0008333472224535399,1.0000000000000013,0.0
57159,47.63329388823147,1.0,560,681,1241,0.0,0.0008333472224535399,1.0000000000000013,0.0
57160,47.634127235453924,1.0,560,681,1241,0.0,0.0008333472224535399,1.0000000000000013,0.0
57161,47.63496058267638,1.0,560,681,1241,0.0,0.0008333472224535399,1.0000000000000013,0.0
57162,47.63579392989883,1.0,560,681,1241,0.0,0.0008333472224535399,1.0000000000000013,0.0
57163,47.636627277121285,1.0,560,681,1241,0.0,0.0008333472224535399,1.0000000000000013,0.0
57164,47.63746062434374,1.0,560,681,1241,0.0,0.0008333472224535399,1.0000000000000013,0.0
57165,47.63829397156619,1.0,560,681,1241,0.0,0.0008333472224535399,1.0000000000000013,0.0
57166,47.639127318788645,1.0,560,681,1241,0.0,0.0008333472224535399,1.0000000000000013,0.0
57167,47.6399606660111,1.0,560,681,1241,0.0,0.0008333472224535399,1.0000000000000013,0.0
57168,47.64079401323355,1.0,560,681,1241,0.0,0.0008333472224535399,1.0000000000000013,0.0
57169,47.641627360456006,1.0,560,681,1241,0.0,0.0008333472224535399,1.0000000000000013,0.0
57170,47.64246070767847,1.0,560,681,1241,0.0,0.0008333472224606453,1.0000000000000013,0.0
57171,47.64329405490092,1.0,560,681,1241,0.0,0.0008333472224535399,1.0000000000000013,0.0
57172,47.644127402123374,1.0,560,681,1241,0.0,0.0008333472224535399,1.0000000000000013,0.0
57173,47.64496074934583,1.0,560,681,1241,0.0,0.0008333472224535399,1.0000000000000013,0.0
57174,47.64579409656828,1.0,560,681,1241,0.0,0.0008333472224535399,1.0000000000000013,0.0
57175,47.646627443790734,1.0,560,681,1241,0.0,0.0008333472224535399,1.0000000000000013,0.0
57176,47.64746079101319,1.0,560,681,1241,0.0,0.0008333472224535399,1.0000000000000013,0.0
57177,47.64829413823564,1.0,560,681,1241,0.0,0.0008333472224535399,1.0000000000000013,0.0
57178,47.649127485458095,1.0,560,681,1241,0.0,0.0008333472224535399,1.0000000000000013,0.0
57179,47.64996083268055,1.0,560,681,1241,0.0,0.0008333472224535399,1.0000000000000013,0.0
57180,47.650794179903,1.0,560,681,1241,0.0,0.0008333472224535399,1.0000000000000013,0.0
57181,47.651627527125456,1.0,560,681,1241,0.0,0.0008333472224535399,1.0000000000000013,0.0
57182,47.65246087434791,1.0,560,681,1241,0.0,0.0008333472224535399,1.0000000000000013,0.0
57183,47.65329422157036,1.0,560,681,1241,0.0,0.0008333472224535399,1.0000000000000013,0.0
57184,47.654127568792816,1.0,560,681,1241,0.0,0.0008333472224535399,1.0000000000000013,0.0
57185,47.65496091601527,1.0,560,681,1241,0.0,0.0008333472224535399,1.0000000000000013,0.0
57186,47.65579426323772,1.0,560,681,1241,0.0,0.0008333472224535399,1.0000000000000013,0.0
57187,47.65662761046018,1.0,560,681,1241,0.0,0.0008333472224535399,1.0000000000000013,0.0
57188,47.65746095768263,1.0,560,681,1241,0.0,0.0008333472224535399,1.0000000000000013,0.0
57189,47.658294304905084,1.0,560,681,1241,0.0,0.0008333472224535399,1.0000000000000013,0.0
57190,47.65912765212754,1.0,560,681,1241,0.0,0.0008333472224535399,1.0000000000000013,0.0
57191,47.65996099934999,1.0,560,681,1241,0.0,0.0008333472224535399,1.0000000000000013,0.0
57192,47.660794346572445,1.0,560,681,1241,0.0,0.0008333472224535399,1.0000000000000013,0.0
57193,47.6616276937949,1.0,560,681,1241,0.0,0.0008333472224535399,1.0000000000000013,0.0
57194,47.66246104101735,1.0,560,681,1241,0.0,0.0008333472224535399,1.0000000000000013,0.0
57195,47.663294388239805,1.0,560,681,1241,0.0,0.0008333472224535399,1.0000000000000013,0.0
57196,47.66412773546226,1.0,560,681,1241,0.0,0.0008333472224535399,1.0000000000000013,0.0
57197,47.66496108268471,1.0,560,681,1241,0.0,0.0008333472224535399,1.0000000000000013,0.0
57198,47.665794429907166,1.0,560,681,1241,0.0,0.0008333472224535399,1.0000000000000013,0.0
57199,47.66662777712962,1.0,560,681,1241,0.0,0.0008333472224535399,1.0000000000000013,0.0
57200,47.66746112435207,1.0,560,681,1241,0.0,0.0008333472224535399,1.0000000000000013,0.0
57201,47.66829447157453,1.0,560,681,1241,0.0,0.0008333472224535399,1.0000000000000013,0.0
57202,47.66912781879698,1.0,560,681,1241,0.0,0.0008333472224535399,1.0000000000000013,0.0
57203,47.669961166019434,1.0,560,681,1241,0.0,0.0008333472224535399,1.0000000000000013,0.0
57204,47.67079451324189,1.0,560,681,1241,0.0,0.0008333472224535399,1.0000000000000013,0.0
57205,47.67162786046434,1.0,560,681,1241,0.0,0.0008333472224535399,1.0000000000000013,0.0
57206,47.672461207686794,1.0,560,681,1241,0.0,0.0008333472224535399,1.0000000000000013,0.0
57207,47.67329455490925,1.0,560,681,1241,0.0,0.0008333472224535399,1.0000000000000013,0.0
57208,47.6741279021317,1.0,560,681,1241,0.0,0.0008333472224535399,1.0000000000000013,0.0
57209,47.674961249354155,1.0,560,681,1241,0.0,0.0008333472224535399,1.0000000000000013,0.0
57210,47.67579459657661,1.0,560,681,1241,0.0,0.0008333472224535399,1.0000000000000013,0.0
57211,47.67662794379906,1.0,560,681,1241,0.0,0.0008333472224535399,1.0000000000000013,0.0
57212,47.67746129102152,1.0,560,681,1241,0.0,0.0008333472224606453,1.0000000000000013,0.0
57213,47.678294638243976,1.0,560,681,1241,0.0,0.0008333472224535399,1.0000000000000013,0.0
57214,47.67912798546643,1.0,560,681,1241,0.0,0.0008333472224535399,1.0000000000000013,0.0
57215,47.67996133268888,1.0,560,681,1241,0.0,0.0008333472224535399,1.0000000000000013,0.0
57216,47.68079467991134,1.0,560,681,1241,0.0,0.0008333472224535399,1.0000000000000013,0.0
57217,47.68162802713379,1.0,560,681,1241,0.0,0.0008333472224535399,1.0000000000000013,0.0
57218,47.682461374356244,1.0,560,681,1241,0.0,0.0008333472224535399,1.0000000000000013,0.0
57219,47.6832947215787,1.0,560,681,1241,0.0,0.0008333472224535399,1.0000000000000013,0.0
57220,47.68412806880115,1.0,560,681,1241,0.0,0.0008333472224535399,1.0000000000000013,0.0
57221,47.684961416023604,1.0,560,681,1241,0.0,0.0008333472224535399,1.0000000000000013,0.0
57222,47.68579476324606,1.0,560,681,1241,0.0,0.0008333472224535399,1.0000000000000013,0.0
57223,47.68662811046851,1.0,560,681,1241,0.0,0.0008333472224535399,1.0000000000000013,0.0
57224,47.687461457690965,1.0,560,681,1241,0.0,0.0008333472224535399,1.0000000000000013,0.0
57225,47.68829480491342,1.0,560,681,1241,0.0,0.0008333472224535399,1.0000000000000013,0.0
57226,47.68912815213587,1.0,560,681,1241,0.0,0.0008333472224535399,1.0000000000000013,0.0
57227,47.689961499358326,1.0,560,681,1241,0.0,0.0008333472224535399,1.0000000000000013,0.0
57228,47.69079484658078,1.0,560,681,1241,0.0,0.0008333472224535399,1.0000000000000013,0.0
57229,47.69162819380323,0.9991941982272361,560,681,1241,-0.0008058017727639033,0.0008333472224535399,0.999919419822725,-8.058017727639034e-05
57230,47.692461541025686,0.9991941982272361,560,681,1241,0.0,0.0008333472224535399,0.9998388396454487,-8.058017727639034e-05
57231,47.69329488824814,1.0,560,681,1241,0.0008058017727639033,0.0008333472224535399,0.9998388396454487,0.0
57232,47.69412823547059,1.0,560,681,1241,0.0,0.0008333472224535399,0.9998388396454487,0.0
57233,47.69496158269305,1.0,560,681,1241,0.0,0.0008333472224535399,0.9998388396454487,0.0
57234,47.6957949299155,1.0,560,681,1241,0.0,0.0008333472224535399,0.9998388396454487,0.0
57235,47.696628277137954,1.0,560,681,1241,0.0,0.0008333472224535399,0.9998388396454487,0.0
57236,47.69746162436041,1.0,560,681,1241,0.0,0.0008333472224535399,0.9998388396454487,0.0
57237,47.69829497158286,1.0,560,681,1241,0.0,0.0008333472224535399,0.9998388396454487,0.0
57238,47.699128318805315,1.0,560,681,1241,0.0,0.0008333472224535399,0.9998388396454487,0.0
57239,47.69996166602777,0.9991941982272361,560,681,1241,-0.0008058017727639033,0.0008333472224535399,0.9998388396454487,0.0
57240,47.70079501325022,0.9991941982272361,560,681,1241,0.0,0.0008333472224535399,0.9998388396454487,0.0
57241,47.701628360472675,1.0,560,681,1241,0.0008058017727639033,0.0008333472224535399,0.9998388396454487,0.0
57242,47.70246170769513,1.0,560,681,1241,0.0,0.0008333472224535399,0.9998388396454487,0.0
57243,47.70329505491758,1.0,560,681,1241,0.0,0.0008333472224535399,0.9998388396454487,0.0
57244,47.704128402140036,1.0,560,681,1241,0.0,0.0008333472224535399,0.9998388396454487,0.0
57245,47.70496174936249,1.0,560,681,1241,0.0,0.0008333472224535399,0.9998388396454487,0.0
57246,47.70579509658494,1.0,560,681,1241,0.0,0.0008333472224535399,0.9998388396454487,0.0
57247,47.706628443807396,1.0,560,681,1241,0.0,0.0008333472224535399,0.9998388396454487,0.0
57248,47.70746179102985,1.0,560,681,1241,0.0,0.0008333472224535399,0.9998388396454487,0.0
57249,47.7082951382523,1.0,560,681,1241,0.0,0.0008333472224535399,0.999919419822725,8.058017727639034e-05
57250,47.70912848547476,1.0,560,681,1241,0.0,0.0008333472224535399,1.0000000000000013,8.058017727639034e-05
57251,47.70996183269721,1.0,560,681,1241,0.0,0.0008333472224535399,1.0000000000000013,0.0
57252,47.710795179919664,1.0,560,681,1241,0.0,0.0008333472224535399,1.0000000000000013,0.0
57253,47.71162852714212,1.0,560,681,1241,0.0,0.0008333472224535399,1.0000000000000013,0.0
57254,47.71246187436458,1.0,560,681,1241,0.0,0.0008333472224606453,1.0000000000000013,0.0
57255,47.71329522158703,1.0,560,681,1241,0.0,0.0008333472224535399,1.0000000000000013,0.0
57256,47.714128568809485,1.0,560,681,1241,0.0,0.0008333472224535399,1.0000000000000013,0.0
57257,47.71496191603194,1.0,560,681,1241,0.0,0.0008333472224535399,1.0000000000000013,0.0
57258,47.71579526325439,1.0,560,681,1241,0.0,0.0008333472224535399,1.0000000000000013,0.0
57259,47.716628610476846,1.0,560,681,1241,0.0,0.0008333472224535399,1.0000000000000013,0.0
57260,47.7174619576993,1.0,560,681,1241,0.0,0.0008333472224535399,1.0000000000000013,0.0
57261,47.71829530492175,1.0,560,681,1241,0.0,0.0008333472224535399,1.0000000000000013,0.0
57262,47.71912865214421,1.0,560,681,1241,0.0,0.0008333472224535399,1.0000000000000013,0.0
57263,47.71996199936666,1.0,560,681,1241,0.0,0.0008333472224535399,1.0000000000000013,0.0
57264,47.720795346589114,1.0,560,681,1241,0.0,0.0008333472224535399,1.0000000000000013,0.0
57265,47.72162869381157,1.0,560,681,1241,0.0,0.0008333472224535399,1.0000000000000013,0.0
57266,47.72246204103402,0.9991941982272361,560,681,1241,-0.0008058017727639033,0.0008333472224535399,0.999919419822725,-8.058017727639034e-05
57267,47.723295388256474,0.9991941982272361,560,681,1241,0.0,0.0008333472224535399,0.9998388396454487,-8.058017727639034e-05
57268,47.72412873547893,0.9991941982272361,560,681,1241,0.0,0.0008333472224535399,0.9997582594681724,-8.058017727639034e-05
57269,47.72496208270138,1.0,560,681,1241,0.0008058017727639033,0.0008333472224535399,0.9997582594681724,0.0
57270,47.725795429923835,1.0,560,681,1241,0.0,0.0008333472224535399,0.9997582594681724,0.0
57271,47.72662877714629,1.0,560,681,1241,0.0,0.0008333472224535399,0.9997582594681724,0.0
57272,47.72746212436874,1.0,560,681,1241,0.0,0.0008333472224535399,0.9997582594681724,0.0
57273,47.728295471591196,1.0,560,681,1241,0.0,0.0008333472224535399,0.9997582594681724,0.0
57274,47.72912881881365,1.0,560,681,1241,0.0,0.0008333472224535399,0.9997582594681724,0.0
57275,47.7299621660361,1.0,560,681,1241,0.0,0.0008333472224535399,0.9997582594681724,0.0
57276,47.730795513258556,1.0,560,681,1241,0.0,0.0008333472224535399,0.9998388396454487,8.058017727639034e-05
57277,47.73162886048101,1.0,560,681,1241,0.0,0.0008333472224535399,0.999919419822725,8.058017727639034e-05
57278,47.73246220770346,1.0,560,681,1241,0.0,0.0008333472224535399,1.0000000000000013,8.058017727639034e-05
57279,47.73329555492592,1.0,560,681,1241,0.0,0.0008333472224535399,1.0000000000000013,0.0
57280,47.73412890214837,1.0,560,681,1241,0.0,0.0008333472224535399,1.0000000000000013,0.0
57281,47.734962249370824,1.0,560,681,1241,0.0,0.0008333472224535399,1.0000000000000013,0.0
57282,47.73579559659328,1.0,560,681,1241,0.0,0.0008333472224535399,1.0000000000000013,0.0
57283,47.73662894381573,1.0,560,681,1241,0.0,0.0008333472224535399,1.0000000000000013,0.0
57284,47.737462291038185,1.0,560,681,1241,0.0,0.0008333472224535399,1.0000000000000013,0.0
57285,47.73829563826064,1.0,560,681,1241,0.0,0.0008333472224535399,1.0000000000000013,0.0
57286,47.73912898548309,1.0,560,681,1241,0.0,0.0008333472224535399,1.0000000000000013,0.0
57287,47.739962332705545,1.0,560,681,1241,0.0,0.0008333472224535399,1.0000000000000013,0.0
57288,47.740795679928,1.0,560,681,1241,0.0,0.0008333472224535399,1.0000000000000013,0.0
57289,47.74162902715045,1.0,560,681,1241,0.0,0.0008333472224535399,1.0000000000000013,0.0
57290,47.742462374372906,1.0,560,681,1241,0.0,0.0008333472224535399,1.0000000000000013,0.0
57291,47.74329572159536,1.0,560,681,1241,0.0,0.0008333472224535399,1.0000000000000013,0.0
57292,47.74412906881781,1.0,560,681,1241,0.0,0.0008333472224535399,1.0000000000000013,0.0
57293,47.744962416040266,1.0,560,681,1241,0.0,0.0008333472224535399,1.0000000000000013,0.0
57294,47.74579576326272,1.0,560,681,1241,0.0,0.0008333472224535399,1.0000000000000013,0.0
57295,47.74662911048517,1.0,560,681,1241,0.0,0.0008333472224535399,1.0000000000000013,0.0
57296,47.74746245770763,1.0,560,681,1241,0.0,0.0008333472224535399,1.0000000000000013,0.0
57297,47.74829580493009,1.0,560,681,1241,0.0,0.0008333472224606453,1.0000000000000013,0.0
57298,47.74912915215254,1.0,560,681,1241,0.0,0.0008333472224535399,1.0000000000000013,0.0
57299,47.749962499374995,0.9991941982272361,560,681,1241,-0.0008058017727639033,0.0008333472224535399,0.999919419822725,-8.058017727639034e-05
57300,47.75079584659745,0.9991941982272361,560,681,1241,0.0,0.0008333472224535399,0.9998388396454487,-8.058017727639034e-05
57301,47.7516291938199,0.9991941982272361,560,681,1241,0.0,0.0008333472224535399,0.9997582594681724,-8.058017727639034e-05
57302,47.752462541042355,0.9991941982272361,560,681,1241,0.0,0.0008333472224535399,0.999677679290896,-8.058017727639034e-05
57303,47.75329588826481,0.9991941982272361,560,681,1241,0.0,0.0008333472224535399,0.9995970991136197,-8.058017727639034e-05
57304,47.75412923548726,0.9991941982272361,560,681,1241,0.0,0.0008333472224535399,0.9995165189363433,-8.058017727639034e-05
57305,47.754962582709716,1.0,560,681,1241,0.0008058017727639033,0.0008333472224535399,0.9995165189363433,0.0
57306,47.75579592993217,1.0,560,681,1241,0.0,0.0008333472224535399,0.9995165189363433,0.0
57307,47.75662927715462,1.0,560,681,1241,0.0,0.0008333472224535399,0.9995165189363433,0.0
57308,47.75746262437708,1.0,560,681,1241,0.0,0.0008333472224535399,0.9995165189363433,0.0
57309,47.75829597159953,1.0,560,681,1241,0.0,0.0008333472224535399,0.9995970991136197,8.058017727639034e-05
57310,47.759129318821984,1.0,560,681,1241,0.0,0.0008333472224535399,0.999677679290896,8.058017727639034e-05
57311,47.75996266604444,1.0,560,681,1241,0.0,0.0008333472224535399,0.9997582594681724,8.058017727639034e-05
57312,47.76079601326689,1.0,560,681,1241,0.0,0.0008333472224535399,0.9998388396454487,8.058017727639034e-05
57313,47.761629360489344,1.0,560,681,1241,0.0,0.0008333472224535399,0.999919419822725,8.058017727639034e-05
57314,47.7624627077118,1.0,560,681,1241,0.0,0.0008333472224535399,1.0000000000000013,8.058017727639034e-05
57315,47.76329605493425,1.0,560,681,1241,0.0,0.0008333472224535399,1.0000000000000013,0.0
57316,47.764129402156705,1.0,560,681,1241,0.0,0.0008333472224535399,1.0000000000000013,0.0
57317,47.76496274937916,1.0,560,681,1241,0.0,0.0008333472224535399,1.0000000000000013,0.0
57318,47.76579609660161,1.0,560,681,1241,0.0,0.0008333472224535399,1.0000000000000013,0.0
57319,47.766629443824066,1.0,560,681,1241,0.0,0.0008333472224535399,1.0000000000000013,0.0
57320,47.76746279104652,1.0,560,681,1241,0.0,0.0008333472224535399,1.0000000000000013,0.0
57321,47.76829613826897,1.0,560,681,1241,0.0,0.0008333472224535399,1.0000000000000013,0.0
57322,47.769129485491426,1.0,560,681,1241,0.0,0.0008333472224535399,1.0000000000000013,0.0
57323,47.76996283271388,1.0,560,681,1241,0.0,0.0008333472224535399,1.0000000000000013,0.0
57324,47.77079617993633,1.0,560,681,1241,0.0,0.0008333472224535399,1.0000000000000013,0.0
57325,47.77162952715879,1.0,560,681,1241,0.0,0.0008333472224535399,1.0000000000000013,0.0
57326,47.77246287438124,1.0,560,681,1241,0.0,0.0008333472224535399,1.0000000000000013,0.0
57327,47.773296221603694,1.0,560,681,1241,0.0,0.0008333472224535399,1.0000000000000013,0.0
57328,47.77412956882615,0.9991941982272361,560,681,1241,-0.0008058017727639033,0.0008333472224535399,0.999919419822725,-8.058017727639034e-05
57329,47.7749629160486,0.9991941982272361,560,681,1241,0.0,0.0008333472224535399,0.9998388396454487,-8.058017727639034e-05
57330,47.775796263271054,0.9991941982272361,560,681,1241,0.0,0.0008333472224535399,0.9997582594681724,-8.058017727639034e-05
57331,47.77662961049351,0.9991941982272361,560,681,1241,0.0,0.0008333472224535399,0.999677679290896,-8.058017727639034e-05
57332,47.77746295771596,0.9991941982272361,560,681,1241,0.0,0.0008333472224535399,0.9995970991136197,-8.058017727639034e-05
57333,47.778296304938415,1.0,560,681,1241,0.0008058017727639033,0.0008333472224535399,0.9995970991136197,0.0
57334,47.77912965216087,1.0,560,681,1241,0.0,0.0008333472224535399,0.9995970991136197,0.0
57335,47.77996299938332,1.0,560,681,1241,0.0,0.0008333472224535399,0.9995970991136197,0.0
57336,47.780796346605776,1.0,560,681,1241,0.0,0.0008333472224535399,0.9995970991136197,0.0
57337,47.78162969382823,1.0,560,681,1241,0.0,0.0008333472224535399,0.9995970991136197,0.0
57338,47.78246304105068,1.0,560,681,1241,0.0,0.0008333472224535399,0.999677679290896,8.058017727639034e-05
57339,47.78329638827314,1.0,560,681,1241,0.0,0.0008333472224606453,0.9997582594681724,8.058017727639034e-05
57340,47.7841297354956,1.0,560,681,1241,0.0,0.0008333472224535399,0.9998388396454487,8.058017727639034e-05
57341,47.78496308271805,1.0,560,681,1241,0.0,0.0008333472224535399,0.999919419822725,8.058017727639034e-05
57342,47.785796429940504,1.0,560,681,1241,0.0,0.0008333472224535399,1.0000000000000013,8.058017727639034e-05
57343,47.78662977716296,1.0,560,681,1241,0.0,0.0008333472224535399,1.0000000000000013,0.0
57344,47.78746312438541,1.0,560,681,1241,0.0,0.0008333472224535399,1.0000000000000013,0.0
57345,47.788296471607865,1.0,560,681,1241,0.0,0.0008333472224535399,1.0000000000000013,0.0
57346,47.78912981883032,1.0,560,681,1241,0.0,0.0008333472224535399,1.0000000000000013,0.0
57347,47.78996316605277,1.0,560,681,1241,0.0,0.0008333472224535399,1.0000000000000013,0.0
57348,47.790796513275225,1.0,560,681,1241,0.0,0.0008333472224535399,1.0000000000000013,0.0
57349,47.79162986049768,1.0,560,681,1241,0.0,0.0008333472224535399,1.0000000000000013,0.0
57350,47.79246320772013,1.0,560,681,1241,0.0,0.0008333472224535399,1.0000000000000013,0.0
57351,47.793296554942586,1.0,560,681,1241,0.0,0.0008333472224535399,1.0000000000000013,0.0
57352,47.79412990216504,1.0,560,681,1241,0.0,0.0008333472224535399,1.0000000000000013,0.0
57353,47.79496324938749,1.0,560,681,1241,0.0,0.0008333472224535399,1.0000000000000013,0.0
57354,47.79579659660995,1.0,560,681,1241,0.0,0.0008333472224535399,1.0000000000000013,0.0
57355,47.7966299438324,0.9991941982272361,560,681,1241,-0.0008058017727639033,0.0008333472224535399,0.999919419822725,-8.058017727639034e-05
57356,47.797463291054854,0.9991941982272361,560,681,1241,0.0,0.0008333472224535399,0.9998388396454487,-8.058017727639034e-05
57357,47.79829663827731,0.9991941982272361,560,681,1241,0.0,0.0008333472224535399,0.9997582594681724,-8.058017727639034e-05
57358,47.79912998549976,0.9991941982272361,560,681,1241,0.0,0.0008333472224535399,0.999677679290896,-8.058017727639034e-05
57359,47.799963332722214,1.0,560,681,1241,0.0008058017727639033,0.0008333472224535399,0.999677679290896,0.0
57360,47.80079667994467,1.0,560,681,1241,0.0,0.0008333472224535399,0.999677679290896,0.0
57361,47.80163002716712,1.0,560,681,1241,0.0,0.0008333472224535399,0.999677679290896,0.0
57362,47.802463374389575,1.0,560,681,1241,0.0,0.0008333472224535399,0.999677679290896,0.0
57363,47.80329672161203,1.0,560,681,1241,0.0,0.0008333472224535399,0.999677679290896,0.0
57364,47.80413006883448,1.0,560,681,1241,0.0,0.0008333472224535399,0.999677679290896,0.0
57365,47.804963416056935,1.0,560,681,1241,0.0,0.0008333472224535399,0.9997582594681724,8.058017727639034e-05
57366,47.80579676327939,1.0,560,681,1241,0.0,0.0008333472224535399,0.9998388396454487,8.058017727639034e-05
57367,47.80663011050184,1.0,560,681,1241,0.0,0.0008333472224535399,0.999919419822725,8.058017727639034e-05
57368,47.807463457724296,1.0,560,681,1241,0.0,0.0008333472224535399,1.0000000000000013,8.058017727639034e-05
57369,47.80829680494675,1.0,560,681,1241,0.0,0.0008333472224535399,1.0000000000000013,0.0
57370,47.8091301521692,1.0,560,681,1241,0.0,0.0008333472224535399,1.0000000000000013,0.0
57371,47.80996349939166,0.9991941982272361,560,681,1241,-0.0008058017727639033,0.0008333472224535399,0.999919419822725,-8.058017727639034e-05
57372,47.81079684661411,0.9991941982272361,560,681,1241,0.0,0.0008333472224535399,0.9998388396454487,-8.058017727639034e-05
57373,47.811630193836564,0.9991941982272361,560,681,1241,0.0,0.0008333472224535399,0.9997582594681724,-8.058017727639034e-05
57374,47.81246354105902,1.0,560,681,1241,0.0008058017727639033,0.0008333472224535399,0.9997582594681724,0.0
57375,47.81329688828147,1.0,560,681,1241,0.0,0.0008333472224535399,0.9997582594681724,0.0
57376,47.814130235503924,1.0,560,681,1241,0.0,0.0008333472224535399,0.9997582594681724,0.0
57377,47.81496358272638,1.0,560,681,1241,0.0,0.0008333472224535399,0.9997582594681724,0.0
57378,47.81579692994883,1.0,560,681,1241,0.0,0.0008333472224535399,0.9997582594681724,0.0
57379,47.816630277171285,1.0,560,681,1241,0.0,0.0008333472224535399,0.9997582594681724,0.0
57380,47.81746362439374,1.0,560,681,1241,0.0,0.0008333472224535399,0.9997582594681724,0.0
57381,47.81829697161619,1.0,560,681,1241,0.0,0.0008333472224535399,0.9998388396454487,8.058017727639034e-05
57382,47.81913031883865,1.0,560,681,1241,0.0,0.0008333472224606453,0.999919419822725,8.058017727639034e-05
57383,47.819963666061106,1.0,560,681,1241,0.0,0.0008333472224535399,1.0000000000000013,8.058017727639034e-05
57384,47.82079701328356,0.9991941982272361,560,681,1241,-0.0008058017727639033,0.0008333472224535399,0.999919419822725,-8.058017727639034e-05
57385,47.82163036050601,1.0,560,681,1241,0.0008058017727639033,0.0008333472224535399,0.999919419822725,0.0
57386,47.82246370772847,1.0,560,681,1241,0.0,0.0008333472224535399,0.999919419822725,0.0
57387,47.82329705495092,1.0,560,681,1241,0.0,0.0008333472224535399,0.999919419822725,0.0
57388,47.824130402173374,1.0,560,681,1241,0.0,0.0008333472224535399,0.999919419822725,0.0
57389,47.82496374939583,1.0,560,681,1241,0.0,0.0008333472224535399,0.999919419822725,0.0
57390,47.82579709661828,1.0,560,681,1241,0.0,0.0008333472224535399,0.999919419822725,0.0
57391,47.826630443840735,1.0,560,681,1241,0.0,0.0008333472224535399,0.999919419822725,0.0
57392,47.82746379106319,1.0,560,681,1241,0.0,0.0008333472224535399,0.999919419822725,0.0
57393,47.82829713828564,1.0,560,681,1241,0.0,0.0008333472224535399,0.999919419822725,0.0
57394,47.829130485508095,1.0,560,681,1241,0.0,0.0008333472224535399,1.0000000000000013,8.058017727639034e-05
57395,47.82996383273055,1.0,560,681,1241,0.0,0.0008333472224535399,1.0000000000000013,0.0
57396,47.830797179953,1.0,560,681,1241,0.0,0.0008333472224535399,1.0000000000000013,0.0
57397,47.831630527175456,0.9991941982272361,560,681,1241,-0.0008058017727639033,0.0008333472224535399,0.999919419822725,-8.058017727639034e-05
57398,47.83246387439791,0.9991941982272361,560,681,1241,0.0,0.0008333472224535399,0.9998388396454487,-8.058017727639034e-05
57399,47.83329722162036,0.9991941982272361,560,681,1241,0.0,0.0008333472224535399,0.9997582594681724,-8.058017727639034e-05
57400,47.834130568842816,1.0,560,681,1241,0.0008058017727639033,0.0008333472224535399,0.9997582594681724,0.0
57401,47.83496391606527,1.0,560,681,1241,0.0,0.0008333472224535399,0.9997582594681724,0.0
57402,47.83579726328772,1.0,560,681,1241,0.0,0.0008333472224535399,0.9997582594681724,0.0
57403,47.83663061051018,1.0,560,681,1241,0.0,0.0008333472224535399,0.9997582594681724,0.0
57404,47.83746395773263,1.0,560,681,1241,0.0,0.0008333472224535399,0.9997582594681724,0.0
57405,47.838297304955084,1.0,560,681,1241,0.0,0.0008333472224535399,0.9997582594681724,0.0
57406,47.83913065217754,1.0,560,681,1241,0.0,0.0008333472224535399,0.9997582594681724,0.0
57407,47.83996399939999,0.9991941982272361,560,681,1241,-0.0008058017727639033,0.0008333472224535399,0.9997582594681724,0.0
57408,47.840797346622445,1.0,560,681,1241,0.0008058017727639033,0.0008333472224535399,0.9998388396454487,8.058017727639034e-05
57409,47.8416306938449,1.0,560,681,1241,0.0,0.0008333472224535399,0.999919419822725,8.058017727639034e-05
57410,47.84246404106735,1.0,560,681,1241,0.0,0.0008333472224535399,0.999919419822725,0.0
57411,47.843297388289805,1.0,560,681,1241,0.0,0.0008333472224535399,0.999919419822725,0.0
57412,47.84413073551226,1.0,560,681,1241,0.0,0.0008333472224535399,0.999919419822725,0.0
57413,47.84496408273471,1.0,560,681,1241,0.0,0.0008333472224535399,0.999919419822725,0.0
57414,47.845797429957166,1.0,560,681,1241,0.0,0.0008333472224535399,0.999919419822725,0.0
57415,47.84663077717962,1.0,560,681,1241,0.0,0.0008333472224535399,0.999919419822725,0.0
57416,47.84746412440207,1.0,560,681,1241,0.0,0.0008333472224535399,0.999919419822725,0.0
57417,47.84829747162453,1.0,560,681,1241,0.0,0.0008333472224535399,1.0000000000000013,8.058017727639034e-05
57418,47.84913081884698,1.0,560,681,1241,0.0,0.0008333472224535399,1.0000000000000013,0.0
57419,47.849964166069434,1.0,560,681,1241,0.0,0.0008333472224535399,1.0000000000000013,0.0
57420,47.85079751329189,1.0,560,681,1241,0.0,0.0008333472224535399,1.0000000000000013,0.0
57421,47.85163086051434,1.0,560,681,1241,0.0,0.0008333472224535399,1.0000000000000013,0.0
57422,47.852464207736794,1.0,560,681,1241,0.0,0.0008333472224535399,1.0000000000000013,0.0
57423,47.85329755495925,0.9991941982272361,560,681,1241,-0.0008058017727639033,0.0008333472224535399,0.999919419822725,-8.058017727639034e-05
57424,47.85413090218171,1.0,560,681,1241,0.0008058017727639033,0.0008333472224606453,0.999919419822725,0.0
57425,47.85496424940416,1.0,560,681,1241,0.0,0.0008333472224535399,0.999919419822725,0.0
57426,47.855797596626616,1.0,560,681,1241,0.0,0.0008333472224535399,0.999919419822725,0.0
57427,47.85663094384907,1.0,560,681,1241,0.0,0.0008333472224535399,0.999919419822725,0.0
57428,47.85746429107152,1.0,560,681,1241,0.0,0.0008333472224535399,0.999919419822725,0.0
57429,47.858297638293976,1.0,560,681,1241,0.0,0.0008333472224535399,0.999919419822725,0.0
57430,47.85913098551643,1.0,560,681,1241,0.0,0.0008333472224535399,0.999919419822725,0.0
57431,47.85996433273888,1.0,560,681,1241,0.0,0.0008333472224535399,0.999919419822725,0.0
57432,47.86079767996134,1.0,560,681,1241,0.0,0.0008333472224535399,0.999919419822725,0.0
57433,47.86163102718379,1.0,560,681,1241,0.0,0.0008333472224535399,1.0000000000000013,8.058017727639034e-05
57434,47.862464374406244,1.0,560,681,1241,0.0,0.0008333472224535399,1.0000000000000013,0.0
57435,47.8632977216287,1.0,560,681,1241,0.0,0.0008333472224535399,1.0000000000000013,0.0
57436,47.86413106885115,1.0,560,681,1241,0.0,0.0008333472224535399,1.0000000000000013,0.0
57437,47.864964416073605,1.0,560,681,1241,0.0,0.0008333472224535399,1.0000000000000013,0.0
57438,47.86579776329606,1.0,560,681,1241,0.0,0.0008333472224535399,1.0000000000000013,0.0
57439,47.86663111051851,1.0,560,681,1241,0.0,0.0008333472224535399,1.0000000000000013,0.0
57440,47.867464457740965,1.0,560,681,1241,0.0,0.0008333472224535399,1.0000000000000013,0.0
57441,47.86829780496342,1.0,560,681,1241,0.0,0.0008333472224535399,1.0000000000000013,0.0
57442,47.86913115218587,1.0,560,681,1241,0.0,0.0008333472224535399,1.0000000000000013,0.0
57443,47.869964499408326,1.0,560,681,1241,0.0,0.0008333472224535399,1.0000000000000013,0.0
57444,47.87079784663078,1.0,560,681,1241,0.0,0.0008333472224535399,1.0000000000000013,0.0
57445,47.87163119385323,1.0,560,681,1241,0.0,0.0008333472224535399,1.0000000000000013,0.0
57446,47.872464541075686,1.0,560,681,1241,0.0,0.0008333472224535399,1.0000000000000013,0.0
57447,47.87329788829814,1.0,560,681,1241,0.0,0.0008333472224535399,1.0000000000000013,0.0
57448,47.87413123552059,1.0,560,681,1241,0.0,0.0008333472224535399,1.0000000000000013,0.0
57449,47.87496458274305,1.0,560,681,1241,0.0,0.0008333472224535399,1.0000000000000013,0.0
57450,47.8757979299655,1.0,560,681,1241,0.0,0.0008333472224535399,1.0000000000000013,0.0
57451,47.876631277187954,1.0,560,681,1241,0.0,0.0008333472224535399,1.0000000000000013,0.0
57452,47.87746462441041,1.0,560,681,1241,0.0,0.0008333472224535399,1.0000000000000013,0.0
57453,47.87829797163286,0.9991941982272361,560,681,1241,-0.0008058017727639033,0.0008333472224535399,0.999919419822725,-8.058017727639034e-05
57454,47.879131318855315,1.0,560,681,1241,0.0008058017727639033,0.0008333472224535399,0.999919419822725,0.0
57455,47.87996466607777,0.9991941982272361,560,681,1241,-0.0008058017727639033,0.0008333472224535399,0.9998388396454487,-8.058017727639034e-05
57456,47.88079801330022,0.9991941982272361,560,681,1241,0.0,0.0008333472224535399,0.9997582594681724,-8.058017727639034e-05
57457,47.881631360522675,0.9991941982272361,560,681,1241,0.0,0.0008333472224535399,0.999677679290896,-8.058017727639034e-05
57458,47.88246470774513,1.0,560,681,1241,0.0008058017727639033,0.0008333472224535399,0.999677679290896,0.0
57459,47.88329805496758,1.0,560,681,1241,0.0,0.0008333472224535399,0.999677679290896,0.0
57460,47.884131402190036,1.0,560,681,1241,0.0,0.0008333472224535399,0.999677679290896,0.0
57461,47.88496474941249,1.0,560,681,1241,0.0,0.0008333472224535399,0.999677679290896,0.0
57462,47.88579809663494,1.0,560,681,1241,0.0,0.0008333472224535399,0.999677679290896,0.0
57463,47.8866314438574,1.0,560,681,1241,0.0,0.0008333472224535399,0.9997582594681724,8.058017727639034e-05
57464,47.88746479107985,1.0,560,681,1241,0.0,0.0008333472224535399,0.9997582594681724,0.0
57465,47.888298138302304,1.0,560,681,1241,0.0,0.0008333472224535399,0.9998388396454487,8.058017727639034e-05
57466,47.889131485524764,1.0,560,681,1241,0.0,0.0008333472224606453,0.999919419822725,8.058017727639034e-05
57467,47.88996483274722,1.0,560,681,1241,0.0,0.0008333472224535399,1.0000000000000013,8.058017727639034e-05
57468,47.89079817996967,1.0,560,681,1241,0.0,0.0008333472224535399,1.0000000000000013,0.0
57469,47.891631527192125,1.0,560,681,1241,0.0,0.0008333472224535399,1.0000000000000013,0.0
57470,47.89246487441458,1.0,560,681,1241,0.0,0.0008333472224535399,1.0000000000000013,0.0
57471,47.89329822163703,1.0,560,681,1241,0.0,0.0008333472224535399,1.0000000000000013,0.0
57472,47.894131568859486,1.0,560,681,1241,0.0,0.0008333472224535399,1.0000000000000013,0.0
57473,47.89496491608194,1.0,560,681,1241,0.0,0.0008333472224535399,1.0000000000000013,0.0
57474,47.89579826330439,1.0,560,681,1241,0.0,0.0008333472224535399,1.0000000000000013,0.0
57475,47.896631610526846,1.0,560,681,1241,0.0,0.0008333472224535399,1.0000000000000013,0.0
57476,47.8974649577493,1.0,560,681,1241,0.0,0.0008333472224535399,1.0000000000000013,0.0
57477,47.89829830497175,1.0,560,681,1241,0.0,0.0008333472224535399,1.0000000000000013,0.0
57478,47.89913165219421,1.0,560,681,1241,0.0,0.0008333472224535399,1.0000000000000013,0.0
57479,47.89996499941666,1.0,560,681,1241,0.0,0.0008333472224535399,1.0000000000000013,0.0
57480,47.900798346639114,1.0,560,681,1241,0.0,0.0008333472224535399,1.0000000000000013,0.0
57481,47.90163169386157,1.0,560,681,1241,0.0,0.0008333472224535399,1.0000000000000013,0.0
57482,47.90246504108402,1.0,560,681,1241,0.0,0.0008333472224535399,1.0000000000000013,0.0
57483,47.903298388306474,1.0,560,681,1241,0.0,0.0008333472224535399,1.0000000000000013,0.0
57484,47.90413173552893,1.0,560,681,1241,0.0,0.0008333472224535399,1.0000000000000013,0.0
57485,47.90496508275138,1.0,560,681,1241,0.0,0.0008333472224535399,1.0000000000000013,0.0
57486,47.905798429973835,1.0,560,681,1241,0.0,0.0008333472224535399,1.0000000000000013,0.0
57487,47.90663177719629,1.0,560,681,1241,0.0,0.0008333472224535399,1.0000000000000013,0.0
57488,47.90746512441874,1.0,560,681,1241,0.0,0.0008333472224535399,1.0000000000000013,0.0
57489,47.908298471641196,1.0,560,681,1241,0.0,0.0008333472224535399,1.0000000000000013,0.0
57490,47.90913181886365,1.0,560,681,1241,0.0,0.0008333472224535399,1.0000000000000013,0.0
57491,47.9099651660861,1.0,560,681,1241,0.0,0.0008333472224535399,1.0000000000000013,0.0
57492,47.910798513308556,1.0,560,681,1241,0.0,0.0008333472224535399,1.0000000000000013,0.0
57493,47.91163186053101,1.0,560,681,1241,0.0,0.0008333472224535399,1.0000000000000013,0.0
57494,47.91246520775346,1.0,560,681,1241,0.0,0.0008333472224535399,1.0000000000000013,0.0
57495,47.91329855497592,1.0,560,681,1241,0.0,0.0008333472224535399,1.0000000000000013,0.0
57496,47.91413190219837,1.0,560,681,1241,0.0,0.0008333472224535399,1.0000000000000013,0.0
57497,47.914965249420824,1.0,560,681,1241,0.0,0.0008333472224535399,1.0000000000000013,0.0
57498,47.91579859664328,1.0,560,681,1241,0.0,0.0008333472224535399,1.0000000000000013,0.0
57499,47.91663194386573,1.0,560,681,1241,0.0,0.0008333472224535399,1.0000000000000013,0.0
57500,47.917465291088185,1.0,560,681,1241,0.0,0.0008333472224535399,1.0000000000000013,0.0
57501,47.91829863831064,1.0,560,681,1241,0.0,0.0008333472224535399,1.0000000000000013,0.0
57502,47.91913198553309,1.0,560,681,1241,0.0,0.0008333472224535399,1.0000000000000013,0.0
57503,47.919965332755545,1.0,560,681,1241,0.0,0.0008333472224535399,1.0000000000000013,0.0
57504,47.920798679978,1.0,560,681,1241,0.0,0.0008333472224535399,1.0000000000000013,0.0
57505,47.92163202720045,1.0,560,681,1241,0.0,0.0008333472224535399,1.0000000000000013,0.0
57506,47.922465374422906,1.0,560,681,1241,0.0,0.0008333472224535399,1.0000000000000013,0.0
57507,47.92329872164536,1.0,560,681,1241,0.0,0.0008333472224535399,1.0000000000000013,0.0
57508,47.92413206886781,1.0,560,681,1241,0.0,0.0008333472224535399,1.0000000000000013,0.0
57509,47.924965416090274,1.0,560,681,1241,0.0,0.0008333472224606453,1.0000000000000013,0.0
57510,47.92579876331273,1.0,560,681,1241,0.0,0.0008333472224535399,1.0000000000000013,0.0
57511,47.92663211053518,1.0,560,681,1241,0.0,0.0008333472224535399,1.0000000000000013,0.0
57512,47.927465457757634,1.0,560,681,1241,0.0,0.0008333472224535399,1.0000000000000013,0.0
57513,47.92829880498009,1.0,560,681,1241,0.0,0.0008333472224535399,1.0000000000000013,0.0
57514,47.92913215220254,1.0,560,681,1241,0.0,0.0008333472224535399,1.0000000000000013,0.0
57515,47.929965499424995,1.0,560,681,1241,0.0,0.0008333472224535399,1.0000000000000013,0.0
57516,47.93079884664745,1.0,560,681,1241,0.0,0.0008333472224535399,1.0000000000000013,0.0
57517,47.9316321938699,1.0,560,681,1241,0.0,0.0008333472224535399,1.0000000000000013,0.0
57518,47.932465541092355,1.0,560,681,1241,0.0,0.0008333472224535399,1.0000000000000013,0.0
57519,47.93329888831481,1.0,560,681,1241,0.0,0.0008333472224535399,1.0000000000000013,0.0
57520,47.93413223553726,1.0,560,681,1241,0.0,0.0008333472224535399,1.0000000000000013,0.0
57521,47.934965582759716,1.0,560,681,1241,0.0,0.0008333472224535399,1.0000000000000013,0.0
57522,47.93579892998217,1.0,560,681,1241,0.0,0.0008333472224535399,1.0000000000000013,0.0
57523,47.93663227720462,1.0,560,681,1241,0.0,0.0008333472224535399,1.0000000000000013,0.0
57524,47.93746562442708,1.0,560,681,1241,0.0,0.0008333472224535399,1.0000000000000013,0.0
57525,47.93829897164953,1.0,560,681,1241,0.0,0.0008333472224535399,1.0000000000000013,0.0
57526,47.939132318871984,1.0,560,681,1241,0.0,0.0008333472224535399,1.0000000000000013,0.0
57527,47.93996566609444,1.0,560,681,1241,0.0,0.0008333472224535399,1.0000000000000013,0.0
57528,47.94079901331689,1.0,560,681,1241,0.0,0.0008333472224535399,1.0000000000000013,0.0
57529,47.941632360539344,1.0,560,681,1241,0.0,0.0008333472224535399,1.0000000000000013,0.0
57530,47.9424657077618,1.0,560,681,1241,0.0,0.0008333472224535399,1.0000000000000013,0.0
57531,47.94329905498425,1.0,560,681,1241,0.0,0.0008333472224535399,1.0000000000000013,0.0
57532,47.944132402206705,1.0,560,681,1241,0.0,0.0008333472224535399,1.0000000000000013,0.0
57533,47.94496574942916,1.0,560,681,1241,0.0,0.0008333472224535399,1.0000000000000013,0.0
57534,47.94579909665161,1.0,560,681,1241,0.0,0.0008333472224535399,1.0000000000000013,0.0
57535,47.946632443874066,1.0,560,681,1241,0.0,0.0008333472224535399,1.0000000000000013,0.0
57536,47.94746579109652,1.0,560,681,1241,0.0,0.0008333472224535399,1.0000000000000013,0.0
57537,47.94829913831897,1.0,560,681,1241,0.0,0.0008333472224535399,1.0000000000000013,0.0
57538,47.949132485541426,1.0,560,681,1241,0.0,0.0008333472224535399,1.0000000000000013,0.0
57539,47.94996583276388,1.0,560,681,1241,0.0,0.0008333472224535399,1.0000000000000013,0.0
57540,47.95079917998633,1.0,560,681,1241,0.0,0.0008333472224535399,1.0000000000000013,0.0
57541,47.95163252720879,1.0,560,681,1241,0.0,0.0008333472224535399,1.0000000000000013,0.0
57542,47.95246587443124,1.0,560,681,1241,0.0,0.0008333472224535399,1.0000000000000013,0.0
57543,47.953299221653694,1.0,560,681,1241,0.0,0.0008333472224535399,1.0000000000000013,0.0
57544,47.95413256887615,1.0,560,681,1241,0.0,0.0008333472224535399,1.0000000000000013,0.0
57545,47.9549659160986,1.0,560,681,1241,0.0,0.0008333472224535399,1.0000000000000013,0.0
57546,47.955799263321055,1.0,560,681,1241,0.0,0.0008333472224535399,1.0000000000000013,0.0
57547,47.95663261054351,1.0,560,681,1241,0.0,0.0008333472224535399,1.0000000000000013,0.0
57548,47.95746595776596,1.0,560,681,1241,0.0,0.0008333472224535399,1.0000000000000013,0.0
57549,47.958299304988415,1.0,560,681,1241,0.0,0.0008333472224535399,1.0000000000000013,0.0
57550,47.95913265221087,1.0,560,681,1241,0.0,0.0008333472224535399,1.0000000000000013,0.0
57551,47.95996599943333,1.0,560,681,1241,0.0,0.0008333472224606453,1.0000000000000013,0.0
57552,47.96079934665578,1.0,560,681,1241,0.0,0.0008333472224535399,1.0000000000000013,0.0
57553,47.96163269387824,1.0,560,681,1241,0.0,0.0008333472224535399,1.0000000000000013,0.0
57554,47.96246604110069,1.0,560,681,1241,0.0,0.0008333472224535399,1.0000000000000013,0.0
57555,47.96329938832314,1.0,560,681,1241,0.0,0.0008333472224535399,1.0000000000000013,0.0
57556,47.9641327355456,1.0,560,681,1241,0.0,0.0008333472224535399,1.0000000000000013,0.0
57557,47.96496608276805,1.0,560,681,1241,0.0,0.0008333472224535399,1.0000000000000013,0.0
57558,47.965799429990504,1.0,560,681,1241,0.0,0.0008333472224535399,1.0000000000000013,0.0
57559,47.96663277721296,1.0,560,681,1241,0.0,0.0008333472224535399,1.0000000000000013,0.0
57560,47.96746612443541,1.0,560,681,1241,0.0,0.0008333472224535399,1.0000000000000013,0.0
57561,47.968299471657865,1.0,560,681,1241,0.0,0.0008333472224535399,1.0000000000000013,0.0
57562,47.96913281888032,0.9991941982272361,560,681,1241,-0.0008058017727639033,0.0008333472224535399,0.999919419822725,-8.058017727639034e-05
57563,47.96996616610277,1.0,560,681,1241,0.0008058017727639033,0.0008333472224535399,0.999919419822725,0.0
57564,47.970799513325225,1.0,560,681,1241,0.0,0.0008333472224535399,0.999919419822725,0.0
57565,47.97163286054768,1.0,560,681,1241,0.0,0.0008333472224535399,0.999919419822725,0.0
57566,47.97246620777013,1.0,560,681,1241,0.0,0.0008333472224535399,0.999919419822725,0.0
57567,47.973299554992586,1.0,560,681,1241,0.0,0.0008333472224535399,0.999919419822725,0.0
57568,47.97413290221504,1.0,560,681,1241,0.0,0.0008333472224535399,0.999919419822725,0.0
57569,47.97496624943749,1.0,560,681,1241,0.0,0.0008333472224535399,0.999919419822725,0.0
57570,47.97579959665995,1.0,560,681,1241,0.0,0.0008333472224535399,0.999919419822725,0.0
57571,47.9766329438824,1.0,560,681,1241,0.0,0.0008333472224535399,0.999919419822725,0.0
57572,47.977466291104854,1.0,560,681,1241,0.0,0.0008333472224535399,1.0000000000000013,8.058017727639034e-05
57573,47.97829963832731,1.0,560,681,1241,0.0,0.0008333472224535399,1.0000000000000013,0.0
57574,47.97913298554976,1.0,560,681,1241,0.0,0.0008333472224535399,1.0000000000000013,0.0
57575,47.979966332772214,1.0,560,681,1241,0.0,0.0008333472224535399,1.0000000000000013,0.0
57576,47.98079967999467,1.0,560,681,1241,0.0,0.0008333472224535399,1.0000000000000013,0.0
57577,47.98163302721712,1.0,560,681,1241,0.0,0.0008333472224535399,1.0000000000000013,0.0
57578,47.982466374439575,1.0,560,681,1241,0.0,0.0008333472224535399,1.0000000000000013,0.0
57579,47.98329972166203,1.0,560,681,1241,0.0,0.0008333472224535399,1.0000000000000013,0.0
57580,47.98413306888448,1.0,560,681,1241,0.0,0.0008333472224535399,1.0000000000000013,0.0
57581,47.984966416106936,1.0,560,681,1241,0.0,0.0008333472224535399,1.0000000000000013,0.0
57582,47.98579976332939,1.0,560,681,1241,0.0,0.0008333472224535399,1.0000000000000013,0.0
57583,47.98663311055184,1.0,560,681,1241,0.0,0.0008333472224535399,1.0000000000000013,0.0
57584,47.987466457774296,1.0,560,681,1241,0.0,0.0008333472224535399,1.0000000000000013,0.0
57585,47.98829980499675,1.0,560,681,1241,0.0,0.0008333472224535399,1.0000000000000013,0.0
57586,47.9891331522192,1.0,560,681,1241,0.0,0.0008333472224535399,1.0000000000000013,0.0
57587,47.98996649944166,1.0,560,681,1241,0.0,0.0008333472224535399,1.0000000000000013,0.0
57588,47.99079984666411,1.0,560,681,1241,0.0,0.0008333472224535399,1.0000000000000013,0.0
57589,47.991633193886564,1.0,560,681,1241,0.0,0.0008333472224535399,1.0000000000000013,0.0
57590,47.99246654110902,1.0,560,681,1241,0.0,0.0008333472224535399,1.0000000000000013,0.0
57591,47.99329988833147,1.0,560,681,1241,0.0,0.0008333472224535399,1.0000000000000013,0.0
57592,47.994133235553925,1.0,560,681,1241,0.0,0.0008333472224535399,1.0000000000000013,0.0
57593,47.994966582776385,1.0,560,681,1241,0.0,0.0008333472224606453,1.0000000000000013,0.0
57594,47.99579992999884,1.0,560,681,1241,0.0,0.0008333472224535399,1.0000000000000013,0.0
57595,47.99663327722129,1.0,560,681,1241,0.0,0.0008333472224535399,1.0000000000000013,0.0
57596,47.997466624443746,1.0,560,681,1241,0.0,0.0008333472224535399,1.0000000000000013,0.0
57597,47.9982999716662,1.0,560,681,1241,0.0,0.0008333472224535399,1.0000000000000013,0.0
57598,47.99913331888865,1.0,560,681,1241,0.0,0.0008333472224535399,1.0000000000000013,0.0
57599,47.999966666111106,1.0,560,681,1241,0.0,0.0008333472224535399,1.0000000000000013,0.0
57600,48.00080001333356,1.0,560,681,1241,0.0,0.0008333472224535399,1.0000000000000013,0.0
57601,48.00163336055601,1.0,560,681,1241,0.0,0.0008333472224535399,1.0000000000000013,0.0
57602,48.00246670777847,1.0,560,681,1241,0.0,0.0008333472224535399,1.0000000000000013,0.0
57603,48.00330005500092,1.0,560,681,1241,0.0,0.0008333472224535399,1.0000000000000013,0.0
57604,48.004133402223374,1.0,560,681,1241,0.0,0.0008333472224535399,1.0000000000000013,0.0
57605,48.00496674944583,1.0,560,681,1241,0.0,0.0008333472224535399,1.0000000000000013,0.0
57606,48.00580009666828,1.0,560,681,1241,0.0,0.0008333472224535399,1.0000000000000013,0.0
57607,48.006633443890735,1.0,560,681,1241,0.0,0.0008333472224535399,1.0000000000000013,0.0
57608,48.00746679111319,1.0,560,681,1241,0.0,0.0008333472224535399,1.0000000000000013,0.0
57609,48.00830013833564,1.0,560,681,1241,0.0,0.0008333472224535399,1.0000000000000013,0.0
57610,48.009133485558095,1.0,560,681,1241,0.0,0.0008333472224535399,1.0000000000000013,0.0
57611,48.00996683278055,1.0,560,681,1241,0.0,0.0008333472224535399,1.0000000000000013,0.0
57612,48.010800180003,1.0,560,681,1241,0.0,0.0008333472224535399,1.0000000000000013,0.0
57613,48.011633527225456,1.0,560,681,1241,0.0,0.0008333472224535399,1.0000000000000013,0.0
57614,48.01246687444791,1.0,560,681,1241,0.0,0.0008333472224535399,1.0000000000000013,0.0
57615,48.01330022167036,1.0,560,681,1241,0.0,0.0008333472224535399,1.0000000000000013,0.0
57616,48.01413356889282,1.0,560,681,1241,0.0,0.0008333472224535399,1.0000000000000013,0.0
57617,48.01496691611527,1.0,560,681,1241,0.0,0.0008333472224535399,1.0000000000000013,0.0
57618,48.015800263337724,1.0,560,681,1241,0.0,0.0008333472224535399,1.0000000000000013,0.0
57619,48.01663361056018,1.0,560,681,1241,0.0,0.0008333472224535399,1.0000000000000013,0.0
57620,48.01746695778263,1.0,560,681,1241,0.0,0.0008333472224535399,1.0000000000000013,0.0
57621,48.018300305005084,1.0,560,681,1241,0.0,0.0008333472224535399,1.0000000000000013,0.0
57622,48.01913365222754,1.0,560,681,1241,0.0,0.0008333472224535399,1.0000000000000013,0.0
57623,48.01996699944999,1.0,560,681,1241,0.0,0.0008333472224535399,1.0000000000000013,0.0
57624,48.020800346672445,1.0,560,681,1241,0.0,0.0008333472224535399,1.0000000000000013,0.0
57625,48.0216336938949,1.0,560,681,1241,0.0,0.0008333472224535399,1.0000000000000013,0.0
57626,48.02246704111735,1.0,560,681,1241,0.0,0.0008333472224535399,1.0000000000000013,0.0
57627,48.023300388339806,1.0,560,681,1241,0.0,0.0008333472224535399,1.0000000000000013,0.0
57628,48.02413373556226,1.0,560,681,1241,0.0,0.0008333472224535399,1.0000000000000013,0.0
57629,48.02496708278471,1.0,560,681,1241,0.0,0.0008333472224535399,1.0000000000000013,0.0
57630,48.025800430007166,1.0,560,681,1241,0.0,0.0008333472224535399,1.0000000000000013,0.0
57631,48.02663377722962,1.0,560,681,1241,0.0,0.0008333472224535399,1.0000000000000013,0.0
57632,48.02746712445207,1.0,560,681,1241,0.0,0.0008333472224535399,1.0000000000000013,0.0
57633,48.02830047167453,1.0,560,681,1241,0.0,0.0008333472224535399,1.0000000000000013,0.0
57634,48.02913381889698,1.0,560,681,1241,0.0,0.0008333472224535399,1.0000000000000013,0.0
57635,48.029967166119434,1.0,560,681,1241,0.0,0.0008333472224535399,1.0000000000000013,0.0
57636,48.030800513341894,1.0,560,681,1241,0.0,0.0008333472224606453,1.0000000000000013,0.0
57637,48.03163386056435,1.0,560,681,1241,0.0,0.0008333472224535399,1.0000000000000013,0.0
57638,48.0324672077868,1.0,560,681,1241,0.0,0.0008333472224535399,1.0000000000000013,0.0
57639,48.033300555009255,1.0,560,681,1241,0.0,0.0008333472224535399,1.0000000000000013,0.0
57640,48.03413390223171,1.0,560,681,1241,0.0,0.0008333472224535399,1.0000000000000013,0.0
57641,48.03496724945416,1.0,560,681,1241,0.0,0.0008333472224535399,1.0000000000000013,0.0
57642,48.035800596676616,0.9991941982272361,560,681,1241,-0.0008058017727639033,0.0008333472224535399,0.999919419822725,-8.058017727639034e-05
57643,48.03663394389907,0.9983883964544722,560,681,1241,-0.0008058017727639033,0.0008333472224535399,0.9997582594681724,-0.00016116035455278067
57644,48.03746729112152,0.9983883964544722,560,681,1241,0.0,0.0008333472224535399,0.9995970991136197,-0.00016116035455278067
57645,48.038300638343976,0.9983883964544722,560,681,1241,0.0,0.0008333472224535399,0.999435938759067,-0.00016116035455278067
57646,48.03913398556643,0.9983883964544722,560,681,1241,0.0,0.0008333472224535399,0.9992747784045143,-0.00016116035455278067
57647,48.03996733278888,0.9983883964544722,560,681,1241,0.0,0.0008333472224535399,0.9991136180499616,-0.00016116035455278067
57648,48.04080068001134,0.9991941982272361,560,681,1241,0.0008058017727639033,0.0008333472224535399,0.9990330378726853,-8.058017727639034e-05
57649,48.04163402723379,0.9991941982272361,560,681,1241,0.0,0.0008333472224535399,0.998952457695409,-8.058017727639034e-05
57650,48.042467374456244,0.9991941982272361,560,681,1241,0.0,0.0008333472224535399,0.9988718775181326,-8.058017727639034e-05
57651,48.0433007216787,1.0,560,681,1241,0.0008058017727639033,0.0008333472224535399,0.9988718775181326,0.0
57652,48.04413406890115,1.0,560,681,1241,0.0,0.0008333472224535399,0.998952457695409,8.058017727639034e-05
57653,48.044967416123605,1.0,560,681,1241,0.0,0.0008333472224535399,0.9991136180499616,0.00016116035455278067
57654,48.04580076334606,1.0,560,681,1241,0.0,0.0008333472224535399,0.9992747784045143,0.00016116035455278067
57655,48.04663411056851,1.0,560,681,1241,0.0,0.0008333472224535399,0.999435938759067,0.00016116035455278067
57656,48.047467457790965,1.0,560,681,1241,0.0,0.0008333472224535399,0.9995970991136197,0.00016116035455278067
57657,48.04830080501342,1.0,560,681,1241,0.0,0.0008333472224535399,0.9997582594681724,0.00016116035455278067
57658,48.04913415223587,1.0,560,681,1241,0.0,0.0008333472224535399,0.9998388396454487,8.058017727639034e-05
57659,48.049967499458326,1.0,560,681,1241,0.0,0.0008333472224535399,0.999919419822725,8.058017727639034e-05
57660,48.05080084668078,1.0,560,681,1241,0.0,0.0008333472224535399,1.0000000000000013,8.058017727639034e-05
57661,48.05163419390323,1.0,560,681,1241,0.0,0.0008333472224535399,1.0000000000000013,0.0
57662,48.05246754112569,1.0,560,681,1241,0.0,0.0008333472224535399,1.0000000000000013,0.0
57663,48.05330088834814,1.0,560,681,1241,0.0,0.0008333472224535399,1.0000000000000013,0.0
57664,48.054134235570594,1.0,560,681,1241,0.0,0.0008333472224535399,1.0000000000000013,0.0
57665,48.05496758279305,1.0,560,681,1241,0.0,0.0008333472224535399,1.0000000000000013,0.0
57666,48.0558009300155,1.0,560,681,1241,0.0,0.0008333472224535399,1.0000000000000013,0.0
57667,48.056634277237954,1.0,560,681,1241,0.0,0.0008333472224535399,1.0000000000000013,0.0
57668,48.05746762446041,1.0,560,681,1241,0.0,0.0008333472224535399,1.0000000000000013,0.0
57669,48.05830097168286,1.0,560,681,1241,0.0,0.0008333472224535399,1.0000000000000013,0.0
57670,48.059134318905315,1.0,560,681,1241,0.0,0.0008333472224535399,1.0000000000000013,0.0
57671,48.05996766612777,1.0,560,681,1241,0.0,0.0008333472224535399,1.0000000000000013,0.0
57672,48.06080101335022,1.0,560,681,1241,0.0,0.0008333472224535399,1.0000000000000013,0.0
57673,48.061634360572675,1.0,560,681,1241,0.0,0.0008333472224535399,1.0000000000000013,0.0
57674,48.06246770779513,1.0,560,681,1241,0.0,0.0008333472224535399,1.0000000000000013,0.0
57675,48.06330105501758,1.0,560,681,1241,0.0,0.0008333472224535399,1.0000000000000013,0.0
57676,48.064134402240036,1.0,560,681,1241,0.0,0.0008333472224535399,1.0000000000000013,0.0
57677,48.06496774946249,1.0,560,681,1241,0.0,0.0008333472224535399,1.0000000000000013,0.0
57678,48.06580109668495,1.0,560,681,1241,0.0,0.0008333472224606453,1.0000000000000013,0.0
57679,48.066634443907404,1.0,560,681,1241,0.0,0.0008333472224535399,1.0000000000000013,0.0
57680,48.06746779112986,1.0,560,681,1241,0.0,0.0008333472224535399,1.0000000000000013,0.0
57681,48.06830113835231,1.0,560,681,1241,0.0,0.0008333472224535399,1.0000000000000013,0.0
57682,48.069134485574764,1.0,560,681,1241,0.0,0.0008333472224535399,1.0000000000000013,0.0
57683,48.06996783279722,1.0,560,681,1241,0.0,0.0008333472224535399,1.0000000000000013,0.0
57684,48.07080118001967,1.0,560,681,1241,0.0,0.0008333472224535399,1.0000000000000013,0.0
57685,48.071634527242125,1.0,560,681,1241,0.0,0.0008333472224535399,1.0000000000000013,0.0
57686,48.07246787446458,1.0,560,681,1241,0.0,0.0008333472224535399,1.0000000000000013,0.0
57687,48.07330122168703,1.0,560,681,1241,0.0,0.0008333472224535399,1.0000000000000013,0.0
57688,48.074134568909486,1.0,560,681,1241,0.0,0.0008333472224535399,1.0000000000000013,0.0
57689,48.07496791613194,1.0,560,681,1241,0.0,0.0008333472224535399,1.0000000000000013,0.0
57690,48.07580126335439,1.0,560,681,1241,0.0,0.0008333472224535399,1.0000000000000013,0.0
57691,48.076634610576846,1.0,560,681,1241,0.0,0.0008333472224535399,1.0000000000000013,0.0
57692,48.0774679577993,1.0,560,681,1241,0.0,0.0008333472224535399,1.0000000000000013,0.0
57693,48.07830130502175,0.9991941982272361,560,681,1241,-0.0008058017727639033,0.0008333472224535399,0.999919419822725,-8.058017727639034e-05
57694,48.07913465224421,1.0,560,681,1241,0.0008058017727639033,0.0008333472224535399,0.999919419822725,0.0
57695,48.07996799946666,1.0,560,681,1241,0.0,0.0008333472224535399,0.999919419822725,0.0
57696,48.080801346689114,1.0,560,681,1241,0.0,0.0008333472224535399,0.999919419822725,0.0
57697,48.08163469391157,1.0,560,681,1241,0.0,0.0008333472224535399,0.999919419822725,0.0
57698,48.08246804113402,1.0,560,681,1241,0.0,0.0008333472224535399,0.999919419822725,0.0
57699,48.083301388356475,1.0,560,681,1241,0.0,0.0008333472224535399,0.999919419822725,0.0
57700,48.08413473557893,1.0,560,681,1241,0.0,0.0008333472224535399,0.999919419822725,0.0
57701,48.08496808280138,1.0,560,681,1241,0.0,0.0008333472224535399,0.999919419822725,0.0
57702,48.085801430023835,1.0,560,681,1241,0.0,0.0008333472224535399,0.999919419822725,0.0
57703,48.08663477724629,0.9991941982272361,560,681,1241,-0.0008058017727639033,0.0008333472224535399,0.999919419822725,0.0
57704,48.08746812446874,0.9991941982272361,560,681,1241,0.0,0.0008333472224535399,0.9998388396454487,-8.058017727639034e-05
57705,48.088301471691196,1.0,560,681,1241,0.0008058017727639033,0.0008333472224535399,0.9998388396454487,0.0
57706,48.08913481891365,1.0,560,681,1241,0.0,0.0008333472224535399,0.9998388396454487,0.0
57707,48.0899681661361,1.0,560,681,1241,0.0,0.0008333472224535399,0.9998388396454487,0.0
57708,48.09080151335856,1.0,560,681,1241,0.0,0.0008333472224535399,0.9998388396454487,0.0
57709,48.09163486058101,1.0,560,681,1241,0.0,0.0008333472224535399,0.9998388396454487,0.0
57710,48.09246820780346,1.0,560,681,1241,0.0,0.0008333472224535399,0.9998388396454487,0.0
57711,48.09330155502592,0.9991941982272361,560,681,1241,-0.0008058017727639033,0.0008333472224535399,0.9997582594681724,-8.058017727639034e-05
57712,48.09413490224837,1.0,560,681,1241,0.0008058017727639033,0.0008333472224535399,0.9997582594681724,0.0
57713,48.094968249470824,1.0,560,681,1241,0.0,0.0008333472224535399,0.9998388396454487,8.058017727639034e-05
57714,48.09580159669328,1.0,560,681,1241,0.0,0.0008333472224535399,0.999919419822725,8.058017727639034e-05
57715,48.09663494391573,1.0,560,681,1241,0.0,0.0008333472224535399,0.999919419822725,0.0
57716,48.097468291138185,1.0,560,681,1241,0.0,0.0008333472224535399,0.999919419822725,0.0
57717,48.09830163836064,1.0,560,681,1241,0.0,0.0008333472224535399,0.999919419822725,0.0
57718,48.09913498558309,0.9991941982272361,560,681,1241,-0.0008058017727639033,0.0008333472224535399,0.9998388396454487,-8.058017727639034e-05
57719,48.099968332805545,0.9991941982272361,560,681,1241,0.0,0.0008333472224535399,0.9997582594681724,-8.058017727639034e-05
57720,48.100801680028006,0.9991941982272361,560,681,1241,0.0,0.0008333472224606453,0.999677679290896,-8.058017727639034e-05
57721,48.10163502725046,0.9991941982272361,560,681,1241,0.0,0.0008333472224535399,0.999677679290896,0.0
57722,48.10246837447291,0.9991941982272361,560,681,1241,0.0,0.0008333472224535399,0.9995970991136197,-8.058017727639034e-05
57723,48.10330172169537,0.9991941982272361,560,681,1241,0.0,0.0008333472224535399,0.9995165189363433,-8.058017727639034e-05
57724,48.10413506891782,0.9991941982272361,560,681,1241,0.0,0.0008333472224535399,0.999435938759067,-8.058017727639034e-05
57725,48.104968416140274,1.0,560,681,1241,0.0008058017727639033,0.0008333472224535399,0.999435938759067,0.0
57726,48.10580176336273,1.0,560,681,1241,0.0,0.0008333472224535399,0.999435938759067,0.0
57727,48.10663511058518,1.0,560,681,1241,0.0,0.0008333472224535399,0.999435938759067,0.0
57728,48.107468457807634,1.0,560,681,1241,0.0,0.0008333472224535399,0.9995165189363433,8.058017727639034e-05
57729,48.10830180503009,1.0,560,681,1241,0.0,0.0008333472224535399,0.9995970991136197,8.058017727639034e-05
57730,48.10913515225254,1.0,560,681,1241,0.0,0.0008333472224535399,0.999677679290896,8.058017727639034e-05
57731,48.109968499474995,1.0,560,681,1241,0.0,0.0008333472224535399,0.9997582594681724,8.058017727639034e-05
57732,48.11080184669745,1.0,560,681,1241,0.0,0.0008333472224535399,0.9998388396454487,8.058017727639034e-05
57733,48.1116351939199,1.0,560,681,1241,0.0,0.0008333472224535399,0.999919419822725,8.058017727639034e-05
57734,48.112468541142356,1.0,560,681,1241,0.0,0.0008333472224535399,1.0000000000000013,8.058017727639034e-05
57735,48.11330188836481,1.0,560,681,1241,0.0,0.0008333472224535399,1.0000000000000013,0.0
57736,48.11413523558726,1.0,560,681,1241,0.0,0.0008333472224535399,1.0000000000000013,0.0
57737,48.114968582809716,1.0,560,681,1241,0.0,0.0008333472224535399,1.0000000000000013,0.0
57738,48.11580193003217,1.0,560,681,1241,0.0,0.0008333472224535399,1.0000000000000013,0.0
57739,48.11663527725462,1.0,560,681,1241,0.0,0.0008333472224535399,1.0000000000000013,0.0
57740,48.11746862447708,0.9991941982272361,560,681,1241,-0.0008058017727639033,0.0008333472224535399,0.999919419822725,-8.058017727639034e-05
57741,48.11830197169953,0.9991941982272361,560,681,1241,0.0,0.0008333472224535399,0.9998388396454487,-8.058017727639034e-05
57742,48.119135318921984,1.0,560,681,1241,0.0008058017727639033,0.0008333472224535399,0.9998388396454487,0.0
57743,48.11996866614444,1.0,560,681,1241,0.0,0.0008333472224535399,0.9998388396454487,0.0
57744,48.12080201336689,1.0,560,681,1241,0.0,0.0008333472224535399,0.9998388396454487,0.0
57745,48.121635360589345,1.0,560,681,1241,0.0,0.0008333472224535399,0.9998388396454487,0.0
57746,48.1224687078118,0.9991941982272361,560,681,1241,-0.0008058017727639033,0.0008333472224535399,0.9997582594681724,-8.058017727639034e-05
57747,48.12330205503425,0.9991941982272361,560,681,1241,0.0,0.0008333472224535399,0.999677679290896,-8.058017727639034e-05
57748,48.124135402256705,0.9991941982272361,560,681,1241,0.0,0.0008333472224535399,0.9995970991136197,-8.058017727639034e-05
57749,48.12496874947916,0.9991941982272361,560,681,1241,0.0,0.0008333472224535399,0.9995165189363433,-8.058017727639034e-05
57750,48.12580209670161,0.9991941982272361,560,681,1241,0.0,0.0008333472224535399,0.9995165189363433,0.0
57751,48.126635443924066,1.0,560,681,1241,0.0008058017727639033,0.0008333472224535399,0.9995970991136197,8.058017727639034e-05
57752,48.12746879114652,1.0,560,681,1241,0.0,0.0008333472224535399,0.9995970991136197,0.0
57753,48.12830213836897,1.0,560,681,1241,0.0,0.0008333472224535399,0.9995970991136197,0.0
57754,48.129135485591426,0.9991941982272361,560,681,1241,-0.0008058017727639033,0.0008333472224535399,0.9995165189363433,-8.058017727639034e-05
57755,48.12996883281388,0.9991941982272361,560,681,1241,0.0,0.0008333472224535399,0.999435938759067,-8.058017727639034e-05
57756,48.13080218003633,0.9991941982272361,560,681,1241,0.0,0.0008333472224535399,0.999435938759067,0.0
57757,48.13163552725879,1.0,560,681,1241,0.0008058017727639033,0.0008333472224535399,0.9995165189363433,8.058017727639034e-05
57758,48.13246887448124,1.0,560,681,1241,0.0,0.0008333472224535399,0.9995970991136197,8.058017727639034e-05
57759,48.133302221703694,1.0,560,681,1241,0.0,0.0008333472224535399,0.999677679290896,8.058017727639034e-05
57760,48.13413556892615,1.0,560,681,1241,0.0,0.0008333472224535399,0.9997582594681724,8.058017727639034e-05
57761,48.1349689161486,1.0,560,681,1241,0.0,0.0008333472224535399,0.9997582594681724,0.0
57762,48.135802263371055,1.0,560,681,1241,0.0,0.0008333472224535399,0.9997582594681724,0.0
57763,48.136635610593515,1.0,560,681,1241,0.0,0.0008333472224606453,0.9997582594681724,0.0
57764,48.13746895781597,1.0,560,681,1241,0.0,0.0008333472224535399,0.9998388396454487,8.058017727639034e-05
57765,48.13830230503842,1.0,560,681,1241,0.0,0.0008333472224535399,0.999919419822725,8.058017727639034e-05
57766,48.139135652260876,1.0,560,681,1241,0.0,0.0008333472224535399,1.0000000000000013,8.058017727639034e-05
57767,48.13996899948333,1.0,560,681,1241,0.0,0.0008333472224535399,1.0000000000000013,0.0
57768,48.14080234670578,1.0,560,681,1241,0.0,0.0008333472224535399,1.0000000000000013,0.0
57769,48.14163569392824,1.0,560,681,1241,0.0,0.0008333472224535399,1.0000000000000013,0.0
57770,48.14246904115069,1.0,560,681,1241,0.0,0.0008333472224535399,1.0000000000000013,0.0
57771,48.143302388373144,1.0,560,681,1241,0.0,0.0008333472224535399,1.0000000000000013,0.0
57772,48.1441357355956,1.0,560,681,1241,0.0,0.0008333472224535399,1.0000000000000013,0.0
57773,48.14496908281805,1.0,560,681,1241,0.0,0.0008333472224535399,1.0000000000000013,0.0
57774,48.145802430040504,1.0,560,681,1241,0.0,0.0008333472224535399,1.0000000000000013,0.0
57775,48.14663577726296,1.0,560,681,1241,0.0,0.0008333472224535399,1.0000000000000013,0.0
57776,48.14746912448541,1.0,560,681,1241,0.0,0.0008333472224535399,1.0000000000000013,0.0
57777,48.148302471707865,1.0,560,681,1241,0.0,0.0008333472224535399,1.0000000000000013,0.0
57778,48.14913581893032,1.0,560,681,1241,0.0,0.0008333472224535399,1.0000000000000013,0.0
57779,48.14996916615277,1.0,560,681,1241,0.0,0.0008333472224535399,1.0000000000000013,0.0
57780,48.150802513375226,1.0,560,681,1241,0.0,0.0008333472224535399,1.0000000000000013,0.0
57781,48.15163586059768,1.0,560,681,1241,0.0,0.0008333472224535399,1.0000000000000013,0.0
57782,48.15246920782013,1.0,560,681,1241,0.0,0.0008333472224535399,1.0000000000000013,0.0
57783,48.153302555042586,1.0,560,681,1241,0.0,0.0008333472224535399,1.0000000000000013,0.0
57784,48.15413590226504,1.0,560,681,1241,0.0,0.0008333472224535399,1.0000000000000013,0.0
57785,48.15496924948749,1.0,560,681,1241,0.0,0.0008333472224535399,1.0000000000000013,0.0
57786,48.15580259670995,1.0,560,681,1241,0.0,0.0008333472224535399,1.0000000000000013,0.0
57787,48.1566359439324,1.0,560,681,1241,0.0,0.0008333472224535399,1.0000000000000013,0.0
57788,48.157469291154854,1.0,560,681,1241,0.0,0.0008333472224535399,1.0000000000000013,0.0
57789,48.15830263837731,1.0,560,681,1241,0.0,0.0008333472224535399,1.0000000000000013,0.0
57790,48.15913598559976,1.0,560,681,1241,0.0,0.0008333472224535399,1.0000000000000013,0.0
57791,48.159969332822214,1.0,560,681,1241,0.0,0.0008333472224535399,1.0000000000000013,0.0
57792,48.16080268004467,1.0,560,681,1241,0.0,0.0008333472224535399,1.0000000000000013,0.0
57793,48.16163602726712,1.0,560,681,1241,0.0,0.0008333472224535399,1.0000000000000013,0.0
57794,48.162469374489575,1.0,560,681,1241,0.0,0.0008333472224535399,1.0000000000000013,0.0
57795,48.16330272171203,1.0,560,681,1241,0.0,0.0008333472224535399,1.0000000000000013,0.0
57796,48.16413606893448,1.0,560,681,1241,0.0,0.0008333472224535399,1.0000000000000013,0.0
57797,48.164969416156936,1.0,560,681,1241,0.0,0.0008333472224535399,1.0000000000000013,0.0
57798,48.16580276337939,1.0,560,681,1241,0.0,0.0008333472224535399,1.0000000000000013,0.0
57799,48.16663611060184,1.0,560,681,1241,0.0,0.0008333472224535399,1.0000000000000013,0.0
57800,48.167469457824296,1.0,560,681,1241,0.0,0.0008333472224535399,1.0000000000000013,0.0
57801,48.16830280504675,1.0,560,681,1241,0.0,0.0008333472224535399,1.0000000000000013,0.0
57802,48.1691361522692,1.0,560,681,1241,0.0,0.0008333472224535399,1.0000000000000013,0.0
57803,48.16996949949166,1.0,560,681,1241,0.0,0.0008333472224535399,1.0000000000000013,0.0
57804,48.17080284671411,1.0,560,681,1241,0.0,0.0008333472224535399,1.0000000000000013,0.0
57805,48.17163619393657,1.0,560,681,1241,0.0,0.0008333472224606453,1.0000000000000013,0.0
57806,48.172469541159025,1.0,560,681,1241,0.0,0.0008333472224535399,1.0000000000000013,0.0
57807,48.17330288838148,1.0,560,681,1241,0.0,0.0008333472224535399,1.0000000000000013,0.0
57808,48.17413623560393,1.0,560,681,1241,0.0,0.0008333472224535399,1.0000000000000013,0.0
57809,48.174969582826385,1.0,560,681,1241,0.0,0.0008333472224535399,1.0000000000000013,0.0
57810,48.17580293004884,1.0,560,681,1241,0.0,0.0008333472224535399,1.0000000000000013,0.0
57811,48.17663627727129,1.0,560,681,1241,0.0,0.0008333472224535399,1.0000000000000013,0.0
57812,48.177469624493746,1.0,560,681,1241,0.0,0.0008333472224535399,1.0000000000000013,0.0
57813,48.1783029717162,1.0,560,681,1241,0.0,0.0008333472224535399,1.0000000000000013,0.0
57814,48.17913631893865,1.0,560,681,1241,0.0,0.0008333472224535399,1.0000000000000013,0.0
57815,48.17996966616111,1.0,560,681,1241,0.0,0.0008333472224535399,1.0000000000000013,0.0
57816,48.18080301338356,1.0,560,681,1241,0.0,0.0008333472224535399,1.0000000000000013,0.0
57817,48.181636360606014,1.0,560,681,1241,0.0,0.0008333472224535399,1.0000000000000013,0.0
57818,48.18246970782847,1.0,560,681,1241,0.0,0.0008333472224535399,1.0000000000000013,0.0
57819,48.18330305505092,1.0,560,681,1241,0.0,0.0008333472224535399,1.0000000000000013,0.0
57820,48.184136402273374,1.0,560,681,1241,0.0,0.0008333472224535399,1.0000000000000013,0.0
57821,48.18496974949583,1.0,560,681,1241,0.0,0.0008333472224535399,1.0000000000000013,0.0
57822,48.18580309671828,1.0,560,681,1241,0.0,0.0008333472224535399,1.0000000000000013,0.0
57823,48.186636443940735,1.0,560,681,1241,0.0,0.0008333472224535399,1.0000000000000013,0.0
57824,48.18746979116319,1.0,560,681,1241,0.0,0.0008333472224535399,1.0000000000000013,0.0
57825,48.18830313838564,1.0,560,681,1241,0.0,0.0008333472224535399,1.0000000000000013,0.0
57826,48.189136485608095,1.0,560,681,1241,0.0,0.0008333472224535399,1.0000000000000013,0.0
57827,48.18996983283055,1.0,560,681,1241,0.0,0.0008333472224535399,1.0000000000000013,0.0
57828,48.190803180053,1.0,560,681,1241,0.0,0.0008333472224535399,1.0000000000000013,0.0
57829,48.191636527275456,1.0,560,681,1241,0.0,0.0008333472224535399,1.0000000000000013,0.0
57830,48.19246987449791,1.0,560,681,1241,0.0,0.0008333472224535399,1.0000000000000013,0.0
57831,48.19330322172036,1.0,560,681,1241,0.0,0.0008333472224535399,1.0000000000000013,0.0
57832,48.19413656894282,1.0,560,681,1241,0.0,0.0008333472224535399,1.0000000000000013,0.0
57833,48.19496991616527,1.0,560,681,1241,0.0,0.0008333472224535399,1.0000000000000013,0.0
57834,48.195803263387724,1.0,560,681,1241,0.0,0.0008333472224535399,1.0000000000000013,0.0
57835,48.19663661061018,1.0,560,681,1241,0.0,0.0008333472224535399,1.0000000000000013,0.0
57836,48.19746995783263,1.0,560,681,1241,0.0,0.0008333472224535399,1.0000000000000013,0.0
57837,48.198303305055084,1.0,560,681,1241,0.0,0.0008333472224535399,1.0000000000000013,0.0
57838,48.19913665227754,1.0,560,681,1241,0.0,0.0008333472224535399,1.0000000000000013,0.0
57839,48.19996999949999,1.0,560,681,1241,0.0,0.0008333472224535399,1.0000000000000013,0.0
57840,48.200803346722445,1.0,560,681,1241,0.0,0.0008333472224535399,1.0000000000000013,0.0
57841,48.2016366939449,1.0,560,681,1241,0.0,0.0008333472224535399,1.0000000000000013,0.0
57842,48.20247004116735,1.0,560,681,1241,0.0,0.0008333472224535399,1.0000000000000013,0.0
57843,48.203303388389806,1.0,560,681,1241,0.0,0.0008333472224535399,1.0000000000000013,0.0
57844,48.20413673561226,1.0,560,681,1241,0.0,0.0008333472224535399,1.0000000000000013,0.0
57845,48.20497008283471,1.0,560,681,1241,0.0,0.0008333472224535399,1.0000000000000013,0.0
57846,48.205803430057166,1.0,560,681,1241,0.0,0.0008333472224535399,1.0000000000000013,0.0
57847,48.20663677727962,1.0,560,681,1241,0.0,0.0008333472224535399,1.0000000000000013,0.0
57848,48.20747012450208,1.0,560,681,1241,0.0,0.0008333472224606453,1.0000000000000013,0.0
57849,48.208303471724534,1.0,560,681,1241,0.0,0.0008333472224535399,1.0000000000000013,0.0
57850,48.20913681894699,1.0,560,681,1241,0.0,0.0008333472224535399,1.0000000000000013,0.0
57851,48.20997016616944,0.9991941982272361,560,681,1241,-0.0008058017727639033,0.0008333472224535399,0.999919419822725,-8.058017727639034e-05
57852,48.210803513391895,0.9991941982272361,560,681,1241,0.0,0.0008333472224535399,0.9998388396454487,-8.058017727639034e-05
57853,48.21163686061435,1.0,560,681,1241,0.0008058017727639033,0.0008333472224535399,0.9998388396454487,0.0
57854,48.2124702078368,1.0,560,681,1241,0.0,0.0008333472224535399,0.9998388396454487,0.0
57855,48.213303555059255,1.0,560,681,1241,0.0,0.0008333472224535399,0.9998388396454487,0.0
57856,48.21413690228171,1.0,560,681,1241,0.0,0.0008333472224535399,0.9998388396454487,0.0
57857,48.21497024950416,1.0,560,681,1241,0.0,0.0008333472224535399,0.9998388396454487,0.0
57858,48.215803596726616,1.0,560,681,1241,0.0,0.0008333472224535399,0.9998388396454487,0.0
57859,48.21663694394907,1.0,560,681,1241,0.0,0.0008333472224535399,0.9998388396454487,0.0
57860,48.21747029117152,1.0,560,681,1241,0.0,0.0008333472224535399,0.9998388396454487,0.0
57861,48.21830363839398,1.0,560,681,1241,0.0,0.0008333472224535399,0.999919419822725,8.058017727639034e-05
57862,48.21913698561643,1.0,560,681,1241,0.0,0.0008333472224535399,1.0000000000000013,8.058017727639034e-05
57863,48.219970332838884,1.0,560,681,1241,0.0,0.0008333472224535399,1.0000000000000013,0.0
57864,48.22080368006134,1.0,560,681,1241,0.0,0.0008333472224535399,1.0000000000000013,0.0
57865,48.22163702728379,1.0,560,681,1241,0.0,0.0008333472224535399,1.0000000000000013,0.0
57866,48.222470374506244,1.0,560,681,1241,0.0,0.0008333472224535399,1.0000000000000013,0.0
57867,48.2233037217287,1.0,560,681,1241,0.0,0.0008333472224535399,1.0000000000000013,0.0
57868,48.22413706895115,1.0,560,681,1241,0.0,0.0008333472224535399,1.0000000000000013,0.0
57869,48.224970416173605,1.0,560,681,1241,0.0,0.0008333472224535399,1.0000000000000013,0.0
57870,48.22580376339606,1.0,560,681,1241,0.0,0.0008333472224535399,1.0000000000000013,0.0
57871,48.22663711061851,1.0,560,681,1241,0.0,0.0008333472224535399,1.0000000000000013,0.0
57872,48.227470457840965,1.0,560,681,1241,0.0,0.0008333472224535399,1.0000000000000013,0.0
57873,48.22830380506342,1.0,560,681,1241,0.0,0.0008333472224535399,1.0000000000000013,0.0
57874,48.22913715228587,1.0,560,681,1241,0.0,0.0008333472224535399,1.0000000000000013,0.0
57875,48.229970499508326,1.0,560,681,1241,0.0,0.0008333472224535399,1.0000000000000013,0.0
57876,48.23080384673078,1.0,560,681,1241,0.0,0.0008333472224535399,1.0000000000000013,0.0
57877,48.23163719395323,1.0,560,681,1241,0.0,0.0008333472224535399,1.0000000000000013,0.0
57878,48.23247054117569,1.0,560,681,1241,0.0,0.0008333472224535399,1.0000000000000013,0.0
57879,48.23330388839814,1.0,560,681,1241,0.0,0.0008333472224535399,1.0000000000000013,0.0
57880,48.234137235620594,1.0,560,681,1241,0.0,0.0008333472224535399,1.0000000000000013,0.0
57881,48.23497058284305,1.0,560,681,1241,0.0,0.0008333472224535399,1.0000000000000013,0.0
57882,48.2358039300655,1.0,560,681,1241,0.0,0.0008333472224535399,1.0000000000000013,0.0
57883,48.236637277287954,1.0,560,681,1241,0.0,0.0008333472224535399,1.0000000000000013,0.0
57884,48.23747062451041,1.0,560,681,1241,0.0,0.0008333472224535399,1.0000000000000013,0.0
57885,48.23830397173286,1.0,560,681,1241,0.0,0.0008333472224535399,1.0000000000000013,0.0
57886,48.239137318955315,1.0,560,681,1241,0.0,0.0008333472224535399,1.0000000000000013,0.0
57887,48.23997066617777,1.0,560,681,1241,0.0,0.0008333472224535399,1.0000000000000013,0.0
57888,48.24080401340022,1.0,560,681,1241,0.0,0.0008333472224535399,1.0000000000000013,0.0
57889,48.241637360622676,1.0,560,681,1241,0.0,0.0008333472224535399,1.0000000000000013,0.0
57890,48.242470707845136,1.0,560,681,1241,0.0,0.0008333472224606453,1.0000000000000013,0.0
57891,48.24330405506759,1.0,560,681,1241,0.0,0.0008333472224535399,1.0000000000000013,0.0
57892,48.24413740229004,1.0,560,681,1241,0.0,0.0008333472224535399,1.0000000000000013,0.0
57893,48.2449707495125,1.0,560,681,1241,0.0,0.0008333472224535399,1.0000000000000013,0.0
57894,48.24580409673495,1.0,560,681,1241,0.0,0.0008333472224535399,1.0000000000000013,0.0
57895,48.246637443957404,1.0,560,681,1241,0.0,0.0008333472224535399,1.0000000000000013,0.0
57896,48.24747079117986,1.0,560,681,1241,0.0,0.0008333472224535399,1.0000000000000013,0.0
57897,48.24830413840231,1.0,560,681,1241,0.0,0.0008333472224535399,1.0000000000000013,0.0
57898,48.249137485624765,1.0,560,681,1241,0.0,0.0008333472224535399,1.0000000000000013,0.0
57899,48.24997083284722,1.0,560,681,1241,0.0,0.0008333472224535399,1.0000000000000013,0.0
57900,48.25080418006967,1.0,560,681,1241,0.0,0.0008333472224535399,1.0000000000000013,0.0
57901,48.251637527292125,1.0,560,681,1241,0.0,0.0008333472224535399,1.0000000000000013,0.0
57902,48.25247087451458,1.0,560,681,1241,0.0,0.0008333472224535399,1.0000000000000013,0.0
57903,48.25330422173703,1.0,560,681,1241,0.0,0.0008333472224535399,1.0000000000000013,0.0
57904,48.254137568959486,1.0,560,681,1241,0.0,0.0008333472224535399,1.0000000000000013,0.0
57905,48.25497091618194,1.0,560,681,1241,0.0,0.0008333472224535399,1.0000000000000013,0.0
57906,48.25580426340439,1.0,560,681,1241,0.0,0.0008333472224535399,1.0000000000000013,0.0
57907,48.256637610626846,1.0,560,681,1241,0.0,0.0008333472224535399,1.0000000000000013,0.0
57908,48.2574709578493,1.0,560,681,1241,0.0,0.0008333472224535399,1.0000000000000013,0.0
57909,48.25830430507175,1.0,560,681,1241,0.0,0.0008333472224535399,1.0000000000000013,0.0
57910,48.25913765229421,1.0,560,681,1241,0.0,0.0008333472224535399,1.0000000000000013,0.0
57911,48.25997099951666,1.0,560,681,1241,0.0,0.0008333472224535399,1.0000000000000013,0.0
57912,48.260804346739114,1.0,560,681,1241,0.0,0.0008333472224535399,1.0000000000000013,0.0
57913,48.26163769396157,1.0,560,681,1241,0.0,0.0008333472224535399,1.0000000000000013,0.0
57914,48.26247104118402,1.0,560,681,1241,0.0,0.0008333472224535399,1.0000000000000013,0.0
57915,48.263304388406475,1.0,560,681,1241,0.0,0.0008333472224535399,1.0000000000000013,0.0
57916,48.26413773562893,1.0,560,681,1241,0.0,0.0008333472224535399,1.0000000000000013,0.0
57917,48.26497108285138,1.0,560,681,1241,0.0,0.0008333472224535399,1.0000000000000013,0.0
57918,48.265804430073835,1.0,560,681,1241,0.0,0.0008333472224535399,1.0000000000000013,0.0
57919,48.26663777729629,1.0,560,681,1241,0.0,0.0008333472224535399,1.0000000000000013,0.0
57920,48.26747112451874,1.0,560,681,1241,0.0,0.0008333472224535399,1.0000000000000013,0.0
57921,48.268304471741196,1.0,560,681,1241,0.0,0.0008333472224535399,1.0000000000000013,0.0
57922,48.26913781896365,1.0,560,681,1241,0.0,0.0008333472224535399,1.0000000000000013,0.0
57923,48.2699711661861,1.0,560,681,1241,0.0,0.0008333472224535399,1.0000000000000013,0.0
57924,48.27080451340856,1.0,560,681,1241,0.0,0.0008333472224535399,1.0000000000000013,0.0
57925,48.27163786063101,1.0,560,681,1241,0.0,0.0008333472224535399,1.0000000000000013,0.0
57926,48.272471207853464,1.0,560,681,1241,0.0,0.0008333472224535399,1.0000000000000013,0.0
57927,48.27330455507592,1.0,560,681,1241,0.0,0.0008333472224535399,1.0000000000000013,0.0
57928,48.27413790229837,1.0,560,681,1241,0.0,0.0008333472224535399,1.0000000000000013,0.0
57929,48.274971249520824,1.0,560,681,1241,0.0,0.0008333472224535399,1.0000000000000013,0.0
57930,48.27580459674328,1.0,560,681,1241,0.0,0.0008333472224535399,1.0000000000000013,0.0
57931,48.27663794396573,1.0,560,681,1241,0.0,0.0008333472224535399,1.0000000000000013,0.0
57932,48.27747129118819,1.0,560,681,1241,0.0,0.0008333472224606453,1.0000000000000013,0.0
57933,48.278304638410646,1.0,560,681,1241,0.0,0.0008333472224535399,1.0000000000000013,0.0
57934,48.2791379856331,1.0,560,681,1241,0.0,0.0008333472224535399,1.0000000000000013,0.0
57935,48.27997133285555,1.0,560,681,1241,0.0,0.0008333472224535399,1.0000000000000013,0.0
57936,48.280804680078006,1.0,560,681,1241,0.0,0.0008333472224535399,1.0000000000000013,0.0
57937,48.28163802730046,1.0,560,681,1241,0.0,0.0008333472224535399,1.0000000000000013,0.0
57938,48.28247137452291,1.0,560,681,1241,0.0,0.0008333472224535399,1.0000000000000013,0.0
57939,48.28330472174537,1.0,560,681,1241,0.0,0.0008333472224535399,1.0000000000000013,0.0
57940,48.28413806896782,1.0,560,681,1241,0.0,0.0008333472224535399,1.0000000000000013,0.0
57941,48.284971416190274,1.0,560,681,1241,0.0,0.0008333472224535399,1.0000000000000013,0.0
57942,48.28580476341273,0.9991941982272361,560,681,1241,-0.0008058017727639033,0.0008333472224535399,0.999919419822725,-8.058017727639034e-05
57943,48.28663811063518,0.9991941982272361,560,681,1241,0.0,0.0008333472224535399,0.9998388396454487,-8.058017727639034e-05
57944,48.287471457857635,0.9991941982272361,560,681,1241,0.0,0.0008333472224535399,0.9997582594681724,-8.058017727639034e-05
57945,48.28830480508009,0.9991941982272361,560,681,1241,0.0,0.0008333472224535399,0.999677679290896,-8.058017727639034e-05
57946,48.28913815230254,1.0,560,681,1241,0.0008058017727639033,0.0008333472224535399,0.999677679290896,0.0
57947,48.289971499524995,1.0,560,681,1241,0.0,0.0008333472224535399,0.999677679290896,0.0
57948,48.29080484674745,1.0,560,681,1241,0.0,0.0008333472224535399,0.999677679290896,0.0
57949,48.2916381939699,1.0,560,681,1241,0.0,0.0008333472224535399,0.999677679290896,0.0
57950,48.292471541192356,1.0,560,681,1241,0.0,0.0008333472224535399,0.999677679290896,0.0
57951,48.29330488841481,1.0,560,681,1241,0.0,0.0008333472224535399,0.999677679290896,0.0
57952,48.29413823563726,1.0,560,681,1241,0.0,0.0008333472224535399,0.9997582594681724,8.058017727639034e-05
57953,48.294971582859716,1.0,560,681,1241,0.0,0.0008333472224535399,0.9998388396454487,8.058017727639034e-05
57954,48.29580493008217,1.0,560,681,1241,0.0,0.0008333472224535399,0.999919419822725,8.058017727639034e-05
57955,48.29663827730462,1.0,560,681,1241,0.0,0.0008333472224535399,1.0000000000000013,8.058017727639034e-05
57956,48.29747162452708,1.0,560,681,1241,0.0,0.0008333472224535399,1.0000000000000013,0.0
57957,48.29830497174953,1.0,560,681,1241,0.0,0.0008333472224535399,1.0000000000000013,0.0
57958,48.299138318971984,1.0,560,681,1241,0.0,0.0008333472224535399,1.0000000000000013,0.0
57959,48.29997166619444,1.0,560,681,1241,0.0,0.0008333472224535399,1.0000000000000013,0.0
57960,48.30080501341689,1.0,560,681,1241,0.0,0.0008333472224535399,1.0000000000000013,0.0
57961,48.301638360639345,1.0,560,681,1241,0.0,0.0008333472224535399,1.0000000000000013,0.0
57962,48.3024717078618,1.0,560,681,1241,0.0,0.0008333472224535399,1.0000000000000013,0.0
57963,48.30330505508425,1.0,560,681,1241,0.0,0.0008333472224535399,1.0000000000000013,0.0
57964,48.304138402306705,1.0,560,681,1241,0.0,0.0008333472224535399,1.0000000000000013,0.0
57965,48.30497174952916,1.0,560,681,1241,0.0,0.0008333472224535399,1.0000000000000013,0.0
57966,48.30580509675161,1.0,560,681,1241,0.0,0.0008333472224535399,1.0000000000000013,0.0
57967,48.306638443974066,1.0,560,681,1241,0.0,0.0008333472224535399,1.0000000000000013,0.0
57968,48.30747179119652,1.0,560,681,1241,0.0,0.0008333472224535399,1.0000000000000013,0.0
57969,48.30830513841897,1.0,560,681,1241,0.0,0.0008333472224535399,1.0000000000000013,0.0
57970,48.30913848564143,1.0,560,681,1241,0.0,0.0008333472224535399,1.0000000000000013,0.0
57971,48.30997183286388,1.0,560,681,1241,0.0,0.0008333472224535399,1.0000000000000013,0.0
57972,48.310805180086334,1.0,560,681,1241,0.0,0.0008333472224535399,1.0000000000000013,0.0
57973,48.31163852730879,1.0,560,681,1241,0.0,0.0008333472224535399,1.0000000000000013,0.0
57974,48.31247187453124,1.0,560,681,1241,0.0,0.0008333472224535399,1.0000000000000013,0.0
57975,48.3133052217537,1.0,560,681,1241,0.0,0.0008333472224606453,1.0000000000000013,0.0
57976,48.314138568976155,1.0,560,681,1241,0.0,0.0008333472224535399,1.0000000000000013,0.0
57977,48.31497191619861,0.9991941982272361,560,681,1241,-0.0008058017727639033,0.0008333472224535399,0.999919419822725,-8.058017727639034e-05
57978,48.31580526342106,0.9991941982272361,560,681,1241,0.0,0.0008333472224535399,0.9998388396454487,-8.058017727639034e-05
57979,48.316638610643516,0.9983883964544722,560,681,1241,-0.0008058017727639033,0.0008333472224535399,0.999677679290896,-0.00016116035455278067
57980,48.31747195786597,0.9991941982272361,560,681,1241,0.0008058017727639033,0.0008333472224535399,0.9995970991136197,-8.058017727639034e-05
57981,48.31830530508842,0.9991941982272361,560,681,1241,0.0,0.0008333472224535399,0.9995165189363433,-8.058017727639034e-05
57982,48.319138652310876,1.0,560,681,1241,0.0008058017727639033,0.0008333472224535399,0.9995165189363433,0.0
57983,48.31997199953333,1.0,560,681,1241,0.0,0.0008333472224535399,0.9995165189363433,0.0
57984,48.32080534675578,1.0,560,681,1241,0.0,0.0008333472224535399,0.9995165189363433,0.0
57985,48.32163869397824,1.0,560,681,1241,0.0,0.0008333472224535399,0.9995165189363433,0.0
57986,48.32247204120069,1.0,560,681,1241,0.0,0.0008333472224535399,0.9995165189363433,0.0
57987,48.323305388423144,1.0,560,681,1241,0.0,0.0008333472224535399,0.9995970991136197,8.058017727639034e-05
57988,48.3241387356456,1.0,560,681,1241,0.0,0.0008333472224535399,0.999677679290896,8.058017727639034e-05
57989,48.32497208286805,1.0,560,681,1241,0.0,0.0008333472224535399,0.9998388396454487,0.00016116035455278067
57990,48.325805430090504,1.0,560,681,1241,0.0,0.0008333472224535399,0.999919419822725,8.058017727639034e-05
57991,48.32663877731296,1.0,560,681,1241,0.0,0.0008333472224535399,1.0000000000000013,8.058017727639034e-05
57992,48.32747212453541,1.0,560,681,1241,0.0,0.0008333472224535399,1.0000000000000013,0.0
57993,48.328305471757865,1.0,560,681,1241,0.0,0.0008333472224535399,1.0000000000000013,0.0
57994,48.32913881898032,1.0,560,681,1241,0.0,0.0008333472224535399,1.0000000000000013,0.0
57995,48.32997216620277,1.0,560,681,1241,0.0,0.0008333472224535399,1.0000000000000013,0.0
57996,48.330805513425226,1.0,560,681,1241,0.0,0.0008333472224535399,1.0000000000000013,0.0
57997,48.33163886064768,1.0,560,681,1241,0.0,0.0008333472224535399,1.0000000000000013,0.0
57998,48.33247220787013,1.0,560,681,1241,0.0,0.0008333472224535399,1.0000000000000013,0.0
57999,48.333305555092586,1.0,560,681,1241,0.0,0.0008333472224535399,1.0000000000000013,0.0
58000,48.33413890231504,1.0,560,681,1241,0.0,0.0008333472224535399,1.0000000000000013,0.0
58001,48.33497224953749,1.0,560,681,1241,0.0,0.0008333472224535399,1.0000000000000013,0.0
58002,48.33580559675995,1.0,560,681,1241,0.0,0.0008333472224535399,1.0000000000000013,0.0
58003,48.3366389439824,1.0,560,681,1241,0.0,0.0008333472224535399,1.0000000000000013,0.0
58004,48.337472291204854,1.0,560,681,1241,0.0,0.0008333472224535399,1.0000000000000013,0.0
58005,48.33830563842731,1.0,560,681,1241,0.0,0.0008333472224535399,1.0000000000000013,0.0
58006,48.33913898564976,1.0,560,681,1241,0.0,0.0008333472224535399,1.0000000000000013,0.0
58007,48.339972332872215,1.0,560,681,1241,0.0,0.0008333472224535399,1.0000000000000013,0.0
58008,48.34080568009467,1.0,560,681,1241,0.0,0.0008333472224535399,1.0000000000000013,0.0
58009,48.34163902731712,1.0,560,681,1241,0.0,0.0008333472224535399,1.0000000000000013,0.0
58010,48.342472374539575,1.0,560,681,1241,0.0,0.0008333472224535399,1.0000000000000013,0.0
58011,48.34330572176203,1.0,560,681,1241,0.0,0.0008333472224535399,1.0000000000000013,0.0
58012,48.34413906898448,1.0,560,681,1241,0.0,0.0008333472224535399,1.0000000000000013,0.0
58013,48.344972416206936,1.0,560,681,1241,0.0,0.0008333472224535399,1.0000000000000013,0.0
58014,48.34580576342939,1.0,560,681,1241,0.0,0.0008333472224535399,1.0000000000000013,0.0
58015,48.34663911065184,1.0,560,681,1241,0.0,0.0008333472224535399,1.0000000000000013,0.0
58016,48.3474724578743,1.0,560,681,1241,0.0,0.0008333472224535399,1.0000000000000013,0.0
58017,48.34830580509676,1.0,560,681,1241,0.0,0.0008333472224606453,1.0000000000000013,0.0
58018,48.34913915231921,1.0,560,681,1241,0.0,0.0008333472224535399,1.0000000000000013,0.0
58019,48.349972499541664,1.0,560,681,1241,0.0,0.0008333472224535399,1.0000000000000013,0.0
58020,48.35080584676412,1.0,560,681,1241,0.0,0.0008333472224535399,1.0000000000000013,0.0
58021,48.35163919398657,1.0,560,681,1241,0.0,0.0008333472224535399,1.0000000000000013,0.0
58022,48.352472541209025,1.0,560,681,1241,0.0,0.0008333472224535399,1.0000000000000013,0.0
58023,48.35330588843148,1.0,560,681,1241,0.0,0.0008333472224535399,1.0000000000000013,0.0
58024,48.35413923565393,1.0,560,681,1241,0.0,0.0008333472224535399,1.0000000000000013,0.0
58025,48.354972582876385,1.0,560,681,1241,0.0,0.0008333472224535399,1.0000000000000013,0.0
58026,48.35580593009884,0.9991941982272361,560,681,1241,-0.0008058017727639033,0.0008333472224535399,0.999919419822725,-8.058017727639034e-05
58027,48.35663927732129,0.9991941982272361,560,681,1241,0.0,0.0008333472224535399,0.9998388396454487,-8.058017727639034e-05
58028,48.357472624543746,0.9991941982272361,560,681,1241,0.0,0.0008333472224535399,0.9997582594681724,-8.058017727639034e-05
58029,48.3583059717662,0.9991941982272361,560,681,1241,0.0,0.0008333472224535399,0.999677679290896,-8.058017727639034e-05
58030,48.35913931898865,0.9991941982272361,560,681,1241,0.0,0.0008333472224535399,0.9995970991136197,-8.058017727639034e-05
58031,48.35997266621111,0.9983883964544722,560,681,1241,-0.0008058017727639033,0.0008333472224535399,0.999435938759067,-0.00016116035455278067
58032,48.36080601343356,0.9991941982272361,560,681,1241,0.0008058017727639033,0.0008333472224535399,0.9993553585817907,-8.058017727639034e-05
58033,48.361639360656014,0.9991941982272361,560,681,1241,0.0,0.0008333472224535399,0.9992747784045143,-8.058017727639034e-05
58034,48.36247270787847,1.0,560,681,1241,0.0008058017727639033,0.0008333472224535399,0.9992747784045143,0.0
58035,48.36330605510092,1.0,560,681,1241,0.0,0.0008333472224535399,0.9992747784045143,0.0
58036,48.364139402323374,0.9991941982272361,560,681,1241,-0.0008058017727639033,0.0008333472224535399,0.9992747784045143,0.0
58037,48.36497274954583,0.9991941982272361,560,681,1241,0.0,0.0008333472224535399,0.9992747784045143,0.0
58038,48.36580609676828,0.9991941982272361,560,681,1241,0.0,0.0008333472224535399,0.9992747784045143,0.0
58039,48.366639443990735,1.0,560,681,1241,0.0008058017727639033,0.0008333472224535399,0.9993553585817907,8.058017727639034e-05
58040,48.36747279121319,1.0,560,681,1241,0.0,0.0008333472224535399,0.999435938759067,8.058017727639034e-05
58041,48.36830613843564,1.0,560,681,1241,0.0,0.0008333472224535399,0.9995970991136197,0.00016116035455278067
58042,48.369139485658096,1.0,560,681,1241,0.0,0.0008333472224535399,0.999677679290896,8.058017727639034e-05
58043,48.36997283288055,1.0,560,681,1241,0.0,0.0008333472224535399,0.9997582594681724,8.058017727639034e-05
58044,48.370806180103,1.0,560,681,1241,0.0,0.0008333472224535399,0.9997582594681724,0.0
58045,48.371639527325456,1.0,560,681,1241,0.0,0.0008333472224535399,0.9997582594681724,0.0
58046,48.37247287454791,1.0,560,681,1241,0.0,0.0008333472224535399,0.9998388396454487,8.058017727639034e-05
58047,48.37330622177036,1.0,560,681,1241,0.0,0.0008333472224535399,0.999919419822725,8.058017727639034e-05
58048,48.37413956899282,1.0,560,681,1241,0.0,0.0008333472224535399,1.0000000000000013,8.058017727639034e-05
58049,48.37497291621527,1.0,560,681,1241,0.0,0.0008333472224535399,1.0000000000000013,0.0
58050,48.375806263437724,1.0,560,681,1241,0.0,0.0008333472224535399,1.0000000000000013,0.0
58051,48.37663961066018,1.0,560,681,1241,0.0,0.0008333472224535399,1.0000000000000013,0.0
58052,48.37747295788263,1.0,560,681,1241,0.0,0.0008333472224535399,1.0000000000000013,0.0
58053,48.378306305105085,1.0,560,681,1241,0.0,0.0008333472224535399,1.0000000000000013,0.0
58054,48.37913965232754,1.0,560,681,1241,0.0,0.0008333472224535399,1.0000000000000013,0.0
58055,48.37997299954999,1.0,560,681,1241,0.0,0.0008333472224535399,1.0000000000000013,0.0
58056,48.380806346772445,1.0,560,681,1241,0.0,0.0008333472224535399,1.0000000000000013,0.0
58057,48.3816396939949,1.0,560,681,1241,0.0,0.0008333472224535399,1.0000000000000013,0.0
58058,48.38247304121735,1.0,560,681,1241,0.0,0.0008333472224535399,1.0000000000000013,0.0
58059,48.38330638843981,1.0,560,681,1241,0.0,0.0008333472224606453,1.0000000000000013,0.0
58060,48.384139735662266,1.0,560,681,1241,0.0,0.0008333472224535399,1.0000000000000013,0.0
58061,48.38497308288472,1.0,560,681,1241,0.0,0.0008333472224535399,1.0000000000000013,0.0
58062,48.38580643010717,1.0,560,681,1241,0.0,0.0008333472224535399,1.0000000000000013,0.0
58063,48.38663977732963,1.0,560,681,1241,0.0,0.0008333472224535399,1.0000000000000013,0.0
58064,48.38747312455208,1.0,560,681,1241,0.0,0.0008333472224535399,1.0000000000000013,0.0
58065,48.388306471774534,1.0,560,681,1241,0.0,0.0008333472224535399,1.0000000000000013,0.0
58066,48.38913981899699,1.0,560,681,1241,0.0,0.0008333472224535399,1.0000000000000013,0.0
58067,48.38997316621944,1.0,560,681,1241,0.0,0.0008333472224535399,1.0000000000000013,0.0
58068,48.390806513441895,1.0,560,681,1241,0.0,0.0008333472224535399,1.0000000000000013,0.0
58069,48.39163986066435,0.9991941982272361,560,681,1241,-0.0008058017727639033,0.0008333472224535399,0.999919419822725,-8.058017727639034e-05
58070,48.3924732078868,0.9991941982272361,560,681,1241,0.0,0.0008333472224535399,0.9998388396454487,-8.058017727639034e-05
58071,48.393306555109255,0.9991941982272361,560,681,1241,0.0,0.0008333472224535399,0.9997582594681724,-8.058017727639034e-05
58072,48.39413990233171,0.9991941982272361,560,681,1241,0.0,0.0008333472224535399,0.999677679290896,-8.058017727639034e-05
58073,48.39497324955416,1.0,560,681,1241,0.0008058017727639033,0.0008333472224535399,0.999677679290896,0.0
58074,48.395806596776616,1.0,560,681,1241,0.0,0.0008333472224535399,0.999677679290896,0.0
58075,48.39663994399907,1.0,560,681,1241,0.0,0.0008333472224535399,0.999677679290896,0.0
58076,48.39747329122152,1.0,560,681,1241,0.0,0.0008333472224535399,0.999677679290896,0.0
58077,48.39830663844398,1.0,560,681,1241,0.0,0.0008333472224535399,0.999677679290896,0.0
58078,48.39913998566643,1.0,560,681,1241,0.0,0.0008333472224535399,0.999677679290896,0.0
58079,48.399973332888884,1.0,560,681,1241,0.0,0.0008333472224535399,0.9997582594681724,8.058017727639034e-05
58080,48.40080668011134,1.0,560,681,1241,0.0,0.0008333472224535399,0.9998388396454487,8.058017727639034e-05
58081,48.40164002733379,1.0,560,681,1241,0.0,0.0008333472224535399,0.999919419822725,8.058017727639034e-05
58082,48.402473374556244,1.0,560,681,1241,0.0,0.0008333472224535399,1.0000000000000013,8.058017727639034e-05
58083,48.4033067217787,1.0,560,681,1241,0.0,0.0008333472224535399,1.0000000000000013,0.0
58084,48.40414006900115,1.0,560,681,1241,0.0,0.0008333472224535399,1.0000000000000013,0.0
58085,48.404973416223605,1.0,560,681,1241,0.0,0.0008333472224535399,1.0000000000000013,0.0
58086,48.40580676344606,1.0,560,681,1241,0.0,0.0008333472224535399,1.0000000000000013,0.0
58087,48.40664011066851,1.0,560,681,1241,0.0,0.0008333472224535399,1.0000000000000013,0.0
58088,48.407473457890966,1.0,560,681,1241,0.0,0.0008333472224535399,1.0000000000000013,0.0
58089,48.40830680511342,1.0,560,681,1241,0.0,0.0008333472224535399,1.0000000000000013,0.0
58090,48.40914015233587,1.0,560,681,1241,0.0,0.0008333472224535399,1.0000000000000013,0.0
58091,48.409973499558326,1.0,560,681,1241,0.0,0.0008333472224535399,1.0000000000000013,0.0
58092,48.41080684678078,1.0,560,681,1241,0.0,0.0008333472224535399,1.0000000000000013,0.0
58093,48.41164019400323,1.0,560,681,1241,0.0,0.0008333472224535399,1.0000000000000013,0.0
58094,48.41247354122569,1.0,560,681,1241,0.0,0.0008333472224535399,1.0000000000000013,0.0
58095,48.41330688844814,1.0,560,681,1241,0.0,0.0008333472224535399,1.0000000000000013,0.0
58096,48.414140235670594,1.0,560,681,1241,0.0,0.0008333472224535399,1.0000000000000013,0.0
58097,48.41497358289305,1.0,560,681,1241,0.0,0.0008333472224535399,1.0000000000000013,0.0
58098,48.4158069301155,1.0,560,681,1241,0.0,0.0008333472224535399,1.0000000000000013,0.0
58099,48.416640277337955,1.0,560,681,1241,0.0,0.0008333472224535399,1.0000000000000013,0.0
58100,48.41747362456041,1.0,560,681,1241,0.0,0.0008333472224535399,1.0000000000000013,0.0
58101,48.41830697178286,1.0,560,681,1241,0.0,0.0008333472224535399,1.0000000000000013,0.0
58102,48.41914031900532,1.0,560,681,1241,0.0,0.0008333472224606453,1.0000000000000013,0.0
58103,48.419973666227776,1.0,560,681,1241,0.0,0.0008333472224535399,1.0000000000000013,0.0
58104,48.42080701345023,1.0,560,681,1241,0.0,0.0008333472224535399,1.0000000000000013,0.0
58105,48.42164036067268,1.0,560,681,1241,0.0,0.0008333472224535399,1.0000000000000013,0.0
58106,48.422473707895136,1.0,560,681,1241,0.0,0.0008333472224535399,1.0000000000000013,0.0
58107,48.42330705511759,1.0,560,681,1241,0.0,0.0008333472224535399,1.0000000000000013,0.0
58108,48.42414040234004,1.0,560,681,1241,0.0,0.0008333472224535399,1.0000000000000013,0.0
58109,48.4249737495625,1.0,560,681,1241,0.0,0.0008333472224535399,1.0000000000000013,0.0
58110,48.42580709678495,1.0,560,681,1241,0.0,0.0008333472224535399,1.0000000000000013,0.0
58111,48.426640444007404,1.0,560,681,1241,0.0,0.0008333472224535399,1.0000000000000013,0.0
58112,48.42747379122986,1.0,560,681,1241,0.0,0.0008333472224535399,1.0000000000000013,0.0
58113,48.42830713845231,0.9991941982272361,560,681,1241,-0.0008058017727639033,0.0008333472224535399,0.999919419822725,-8.058017727639034e-05
58114,48.429140485674765,0.9991941982272361,560,681,1241,0.0,0.0008333472224535399,0.9998388396454487,-8.058017727639034e-05
58115,48.42997383289722,1.0,560,681,1241,0.0008058017727639033,0.0008333472224535399,0.9998388396454487,0.0
58116,48.43080718011967,1.0,560,681,1241,0.0,0.0008333472224535399,0.9998388396454487,0.0
58117,48.431640527342125,1.0,560,681,1241,0.0,0.0008333472224535399,0.9998388396454487,0.0
58118,48.43247387456458,1.0,560,681,1241,0.0,0.0008333472224535399,0.9998388396454487,0.0
58119,48.43330722178703,1.0,560,681,1241,0.0,0.0008333472224535399,0.9998388396454487,0.0
58120,48.434140569009486,1.0,560,681,1241,0.0,0.0008333472224535399,0.9998388396454487,0.0
58121,48.43497391623194,1.0,560,681,1241,0.0,0.0008333472224535399,0.9998388396454487,0.0
58122,48.43580726345439,1.0,560,681,1241,0.0,0.0008333472224535399,0.9998388396454487,0.0
58123,48.43664061067685,1.0,560,681,1241,0.0,0.0008333472224535399,0.999919419822725,8.058017727639034e-05
58124,48.4374739578993,1.0,560,681,1241,0.0,0.0008333472224535399,1.0000000000000013,8.058017727639034e-05
58125,48.438307305121754,1.0,560,681,1241,0.0,0.0008333472224535399,1.0000000000000013,0.0
58126,48.43914065234421,1.0,560,681,1241,0.0,0.0008333472224535399,1.0000000000000013,0.0
58127,48.43997399956666,1.0,560,681,1241,0.0,0.0008333472224535399,1.0000000000000013,0.0
58128,48.440807346789114,1.0,560,681,1241,0.0,0.0008333472224535399,1.0000000000000013,0.0
58129,48.44164069401157,1.0,560,681,1241,0.0,0.0008333472224535399,1.0000000000000013,0.0
58130,48.44247404123402,1.0,560,681,1241,0.0,0.0008333472224535399,1.0000000000000013,0.0
58131,48.443307388456475,1.0,560,681,1241,0.0,0.0008333472224535399,1.0000000000000013,0.0
58132,48.44414073567893,1.0,560,681,1241,0.0,0.0008333472224535399,1.0000000000000013,0.0
58133,48.44497408290138,1.0,560,681,1241,0.0,0.0008333472224535399,1.0000000000000013,0.0
58134,48.445807430123836,1.0,560,681,1241,0.0,0.0008333472224535399,1.0000000000000013,0.0
58135,48.44664077734629,1.0,560,681,1241,0.0,0.0008333472224535399,1.0000000000000013,0.0
58136,48.44747412456874,1.0,560,681,1241,0.0,0.0008333472224535399,1.0000000000000013,0.0
58137,48.448307471791196,1.0,560,681,1241,0.0,0.0008333472224535399,1.0000000000000013,0.0
58138,48.44914081901365,1.0,560,681,1241,0.0,0.0008333472224535399,1.0000000000000013,0.0
58139,48.4499741662361,1.0,560,681,1241,0.0,0.0008333472224535399,1.0000000000000013,0.0
58140,48.45080751345856,1.0,560,681,1241,0.0,0.0008333472224535399,1.0000000000000013,0.0
58141,48.45164086068101,1.0,560,681,1241,0.0,0.0008333472224535399,1.0000000000000013,0.0
58142,48.452474207903464,1.0,560,681,1241,0.0,0.0008333472224535399,1.0000000000000013,0.0
58143,48.45330755512592,1.0,560,681,1241,0.0,0.0008333472224535399,1.0000000000000013,0.0
58144,48.45414090234838,1.0,560,681,1241,0.0,0.0008333472224606453,1.0000000000000013,0.0
58145,48.45497424957083,1.0,560,681,1241,0.0,0.0008333472224535399,1.0000000000000013,0.0
58146,48.455807596793285,1.0,560,681,1241,0.0,0.0008333472224535399,1.0000000000000013,0.0
58147,48.45664094401574,1.0,560,681,1241,0.0,0.0008333472224535399,1.0000000000000013,0.0
58148,48.45747429123819,1.0,560,681,1241,0.0,0.0008333472224535399,1.0000000000000013,0.0
58149,48.458307638460646,1.0,560,681,1241,0.0,0.0008333472224535399,1.0000000000000013,0.0
58150,48.4591409856831,1.0,560,681,1241,0.0,0.0008333472224535399,1.0000000000000013,0.0
58151,48.45997433290555,1.0,560,681,1241,0.0,0.0008333472224535399,1.0000000000000013,0.0
58152,48.460807680128006,1.0,560,681,1241,0.0,0.0008333472224535399,1.0000000000000013,0.0
58153,48.46164102735046,1.0,560,681,1241,0.0,0.0008333472224535399,1.0000000000000013,0.0
58154,48.46247437457291,0.9991941982272361,560,681,1241,-0.0008058017727639033,0.0008333472224535399,0.999919419822725,-8.058017727639034e-05
58155,48.46330772179537,1.0,560,681,1241,0.0008058017727639033,0.0008333472224535399,0.999919419822725,0.0
58156,48.46414106901782,1.0,560,681,1241,0.0,0.0008333472224535399,0.999919419822725,0.0
58157,48.464974416240274,1.0,560,681,1241,0.0,0.0008333472224535399,0.999919419822725,0.0
58158,48.46580776346273,1.0,560,681,1241,0.0,0.0008333472224535399,0.999919419822725,0.0
58159,48.46664111068518,1.0,560,681,1241,0.0,0.0008333472224535399,0.999919419822725,0.0
58160,48.467474457907635,1.0,560,681,1241,0.0,0.0008333472224535399,0.999919419822725,0.0
58161,48.46830780513009,1.0,560,681,1241,0.0,0.0008333472224535399,0.999919419822725,0.0
58162,48.46914115235254,1.0,560,681,1241,0.0,0.0008333472224535399,0.999919419822725,0.0
58163,48.469974499574995,0.9991941982272361,560,681,1241,-0.0008058017727639033,0.0008333472224535399,0.9998388396454487,-8.058017727639034e-05
58164,48.47080784679745,0.9991941982272361,560,681,1241,0.0,0.0008333472224535399,0.9998388396454487,0.0
58165,48.4716411940199,1.0,560,681,1241,0.0008058017727639033,0.0008333472224535399,0.9998388396454487,0.0
58166,48.472474541242356,1.0,560,681,1241,0.0,0.0008333472224535399,0.9998388396454487,0.0
58167,48.47330788846481,1.0,560,681,1241,0.0,0.0008333472224535399,0.9998388396454487,0.0
58168,48.47414123568726,1.0,560,681,1241,0.0,0.0008333472224535399,0.9998388396454487,0.0
58169,48.47497458290972,1.0,560,681,1241,0.0,0.0008333472224535399,0.9998388396454487,0.0
58170,48.47580793013217,1.0,560,681,1241,0.0,0.0008333472224535399,0.9998388396454487,0.0
58171,48.476641277354624,1.0,560,681,1241,0.0,0.0008333472224535399,0.9998388396454487,0.0
58172,48.47747462457708,1.0,560,681,1241,0.0,0.0008333472224535399,0.9998388396454487,0.0
58173,48.47830797179953,1.0,560,681,1241,0.0,0.0008333472224535399,0.999919419822725,8.058017727639034e-05
58174,48.479141319021984,1.0,560,681,1241,0.0,0.0008333472224535399,1.0000000000000013,8.058017727639034e-05
58175,48.47997466624444,1.0,560,681,1241,0.0,0.0008333472224535399,1.0000000000000013,0.0
58176,48.48080801346689,1.0,560,681,1241,0.0,0.0008333472224535399,1.0000000000000013,0.0
58177,48.481641360689345,1.0,560,681,1241,0.0,0.0008333472224535399,1.0000000000000013,0.0
58178,48.4824747079118,1.0,560,681,1241,0.0,0.0008333472224535399,1.0000000000000013,0.0
58179,48.48330805513425,1.0,560,681,1241,0.0,0.0008333472224535399,1.0000000000000013,0.0
58180,48.484141402356705,1.0,560,681,1241,0.0,0.0008333472224535399,1.0000000000000013,0.0
58181,48.48497474957916,1.0,560,681,1241,0.0,0.0008333472224535399,1.0000000000000013,0.0
58182,48.48580809680161,1.0,560,681,1241,0.0,0.0008333472224535399,1.0000000000000013,0.0
58183,48.486641444024066,1.0,560,681,1241,0.0,0.0008333472224535399,1.0000000000000013,0.0
58184,48.48747479124652,1.0,560,681,1241,0.0,0.0008333472224535399,1.0000000000000013,0.0
58185,48.48830813846897,1.0,560,681,1241,0.0,0.0008333472224535399,1.0000000000000013,0.0
58186,48.489141485691434,1.0,560,681,1241,0.0,0.0008333472224606453,1.0000000000000013,0.0
58187,48.48997483291389,1.0,560,681,1241,0.0,0.0008333472224535399,1.0000000000000013,0.0
58188,48.49080818013634,1.0,560,681,1241,0.0,0.0008333472224535399,1.0000000000000013,0.0
58189,48.491641527358794,1.0,560,681,1241,0.0,0.0008333472224535399,1.0000000000000013,0.0
58190,48.49247487458125,1.0,560,681,1241,0.0,0.0008333472224535399,1.0000000000000013,0.0
58191,48.4933082218037,1.0,560,681,1241,0.0,0.0008333472224535399,1.0000000000000013,0.0
58192,48.494141569026155,1.0,560,681,1241,0.0,0.0008333472224535399,1.0000000000000013,0.0
58193,48.49497491624861,1.0,560,681,1241,0.0,0.0008333472224535399,1.0000000000000013,0.0
58194,48.49580826347106,1.0,560,681,1241,0.0,0.0008333472224535399,1.0000000000000013,0.0
58195,48.496641610693516,1.0,560,681,1241,0.0,0.0008333472224535399,1.0000000000000013,0.0
58196,48.49747495791597,1.0,560,681,1241,0.0,0.0008333472224535399,1.0000000000000013,0.0
58197,48.49830830513842,1.0,560,681,1241,0.0,0.0008333472224535399,1.0000000000000013,0.0
58198,48.499141652360876,1.0,560,681,1241,0.0,0.0008333472224535399,1.0000000000000013,0.0
58199,48.49997499958333,1.0,560,681,1241,0.0,0.0008333472224535399,1.0000000000000013,0.0
58200,48.50080834680578,1.0,560,681,1241,0.0,0.0008333472224535399,1.0000000000000013,0.0
58201,48.50164169402824,1.0,560,681,1241,0.0,0.0008333472224535399,1.0000000000000013,0.0
58202,48.50247504125069,1.0,560,681,1241,0.0,0.0008333472224535399,1.0000000000000013,0.0
58203,48.503308388473144,1.0,560,681,1241,0.0,0.0008333472224535399,1.0000000000000013,0.0
58204,48.5041417356956,1.0,560,681,1241,0.0,0.0008333472224535399,1.0000000000000013,0.0
58205,48.50497508291805,1.0,560,681,1241,0.0,0.0008333472224535399,1.0000000000000013,0.0
58206,48.505808430140505,1.0,560,681,1241,0.0,0.0008333472224535399,1.0000000000000013,0.0
58207,48.50664177736296,1.0,560,681,1241,0.0,0.0008333472224535399,1.0000000000000013,0.0
58208,48.50747512458541,1.0,560,681,1241,0.0,0.0008333472224535399,1.0000000000000013,0.0
58209,48.508308471807865,1.0,560,681,1241,0.0,0.0008333472224535399,1.0000000000000013,0.0
58210,48.50914181903032,0.9991941982272361,560,681,1241,-0.0008058017727639033,0.0008333472224535399,0.999919419822725,-8.058017727639034e-05
58211,48.50997516625277,0.9991941982272361,560,681,1241,0.0,0.0008333472224535399,0.9998388396454487,-8.058017727639034e-05
58212,48.510808513475226,0.9991941982272361,560,681,1241,0.0,0.0008333472224535399,0.9997582594681724,-8.058017727639034e-05
58213,48.51164186069768,1.0,560,681,1241,0.0008058017727639033,0.0008333472224535399,0.9997582594681724,0.0
58214,48.51247520792013,1.0,560,681,1241,0.0,0.0008333472224535399,0.9997582594681724,0.0
58215,48.513308555142586,1.0,560,681,1241,0.0,0.0008333472224535399,0.9997582594681724,0.0
58216,48.51414190236504,0.9991941982272361,560,681,1241,-0.0008058017727639033,0.0008333472224535399,0.999677679290896,-8.058017727639034e-05
58217,48.51497524958749,1.0,560,681,1241,0.0008058017727639033,0.0008333472224535399,0.999677679290896,0.0
58218,48.51580859680995,1.0,560,681,1241,0.0,0.0008333472224535399,0.999677679290896,0.0
58219,48.5166419440324,1.0,560,681,1241,0.0,0.0008333472224535399,0.999677679290896,0.0
58220,48.517475291254854,1.0,560,681,1241,0.0,0.0008333472224535399,0.9997582594681724,8.058017727639034e-05
58221,48.51830863847731,1.0,560,681,1241,0.0,0.0008333472224535399,0.9998388396454487,8.058017727639034e-05
58222,48.51914198569976,1.0,560,681,1241,0.0,0.0008333472224535399,0.999919419822725,8.058017727639034e-05
58223,48.519975332922215,1.0,560,681,1241,0.0,0.0008333472224535399,0.999919419822725,0.0
58224,48.52080868014467,1.0,560,681,1241,0.0,0.0008333472224535399,0.999919419822725,0.0
58225,48.52164202736712,1.0,560,681,1241,0.0,0.0008333472224535399,0.999919419822725,0.0
58226,48.522475374589575,1.0,560,681,1241,0.0,0.0008333472224535399,1.0000000000000013,8.058017727639034e-05
58227,48.52330872181203,1.0,560,681,1241,0.0,0.0008333472224535399,1.0000000000000013,0.0
58228,48.52414206903448,0.9991941982272361,560,681,1241,-0.0008058017727639033,0.0008333472224535399,0.999919419822725,-8.058017727639034e-05
58229,48.52497541625694,0.9991941982272361,560,681,1241,0.0,0.0008333472224606453,0.9998388396454487,-8.058017727639034e-05
58230,48.5258087634794,0.9991941982272361,560,681,1241,0.0,0.0008333472224535399,0.9997582594681724,-8.058017727639034e-05
58231,48.52664211070185,1.0,560,681,1241,0.0008058017727639033,0.0008333472224535399,0.9997582594681724,0.0
58232,48.527475457924304,1.0,560,681,1241,0.0,0.0008333472224535399,0.9997582594681724,0.0
58233,48.52830880514676,1.0,560,681,1241,0.0,0.0008333472224535399,0.9997582594681724,0.0
58234,48.52914215236921,1.0,560,681,1241,0.0,0.0008333472224535399,0.9997582594681724,0.0
58235,48.529975499591664,1.0,560,681,1241,0.0,0.0008333472224535399,0.9997582594681724,0.0
58236,48.53080884681412,1.0,560,681,1241,0.0,0.0008333472224535399,0.9997582594681724,0.0
58237,48.53164219403657,1.0,560,681,1241,0.0,0.0008333472224535399,0.9997582594681724,0.0
58238,48.532475541259025,1.0,560,681,1241,0.0,0.0008333472224535399,0.9998388396454487,8.058017727639034e-05
58239,48.53330888848148,1.0,560,681,1241,0.0,0.0008333472224535399,0.999919419822725,8.058017727639034e-05
58240,48.53414223570393,1.0,560,681,1241,0.0,0.0008333472224535399,1.0000000000000013,8.058017727639034e-05
58241,48.534975582926386,1.0,560,681,1241,0.0,0.0008333472224535399,1.0000000000000013,0.0
58242,48.53580893014884,1.0,560,681,1241,0.0,0.0008333472224535399,1.0000000000000013,0.0
58243,48.53664227737129,1.0,560,681,1241,0.0,0.0008333472224535399,1.0000000000000013,0.0
58244,48.537475624593746,1.0,560,681,1241,0.0,0.0008333472224535399,1.0000000000000013,0.0
58245,48.5383089718162,1.0,560,681,1241,0.0,0.0008333472224535399,1.0000000000000013,0.0
58246,48.53914231903865,0.9991941982272361,560,681,1241,-0.0008058017727639033,0.0008333472224535399,0.999919419822725,-8.058017727639034e-05
58247,48.53997566626111,1.0,560,681,1241,0.0008058017727639033,0.0008333472224535399,0.999919419822725,0.0
58248,48.54080901348356,1.0,560,681,1241,0.0,0.0008333472224535399,0.999919419822725,0.0
58249,48.541642360706014,1.0,560,681,1241,0.0,0.0008333472224535399,0.999919419822725,0.0
58250,48.54247570792847,0.9991941982272361,560,681,1241,-0.0008058017727639033,0.0008333472224535399,0.9998388396454487,-8.058017727639034e-05
58251,48.54330905515092,0.9991941982272361,560,681,1241,0.0,0.0008333472224535399,0.9997582594681724,-8.058017727639034e-05
58252,48.544142402373375,0.9991941982272361,560,681,1241,0.0,0.0008333472224535399,0.999677679290896,-8.058017727639034e-05
58253,48.54497574959583,0.9991941982272361,560,681,1241,0.0,0.0008333472224535399,0.9995970991136197,-8.058017727639034e-05
58254,48.54580909681828,1.0,560,681,1241,0.0008058017727639033,0.0008333472224535399,0.9995970991136197,0.0
58255,48.546642444040735,1.0,560,681,1241,0.0,0.0008333472224535399,0.9995970991136197,0.0
58256,48.54747579126319,1.0,560,681,1241,0.0,0.0008333472224535399,0.999677679290896,8.058017727639034e-05
58257,48.54830913848564,0.9983883964544722,560,681,1241,-0.0016116035455278066,0.0008333472224535399,0.9995165189363433,-0.00016116035455278067
58258,48.549142485708096,1.0,560,681,1241,0.0016116035455278066,0.0008333472224535399,0.9995165189363433,0.0
58259,48.54997583293055,0.9991941982272361,560,681,1241,-0.0008058017727639033,0.0008333472224535399,0.999435938759067,-8.058017727639034e-05
58260,48.550809180153,0.9991941982272361,560,681,1241,0.0,0.0008333472224535399,0.999435938759067,0.0
58261,48.551642527375456,0.9991941982272361,560,681,1241,0.0,0.0008333472224535399,0.999435938759067,0.0
58262,48.55247587459791,1.0,560,681,1241,0.0008058017727639033,0.0008333472224535399,0.9995165189363433,8.058017727639034e-05
58263,48.55330922182036,1.0,560,681,1241,0.0,0.0008333472224535399,0.9995970991136197,8.058017727639034e-05
58264,48.55414256904282,1.0,560,681,1241,0.0,0.0008333472224535399,0.9995970991136197,0.0
58265,48.55497591626527,1.0,560,681,1241,0.0,0.0008333472224535399,0.9995970991136197,0.0
58266,48.555809263487724,1.0,560,681,1241,0.0,0.0008333472224535399,0.9995970991136197,0.0
58267,48.55664261071018,1.0,560,681,1241,0.0,0.0008333472224535399,0.9997582594681724,0.00016116035455278067
58268,48.55747595793263,1.0,560,681,1241,0.0,0.0008333472224535399,0.9997582594681724,0.0
58269,48.558309305155085,1.0,560,681,1241,0.0,0.0008333472224535399,0.9998388396454487,8.058017727639034e-05
58270,48.55914265237754,1.0,560,681,1241,0.0,0.0008333472224535399,0.999919419822725,8.058017727639034e-05
58271,48.5599759996,1.0,560,681,1241,0.0,0.0008333472224606453,1.0000000000000013,8.058017727639034e-05
58272,48.56080934682245,1.0,560,681,1241,0.0,0.0008333472224535399,1.0000000000000013,0.0
58273,48.561642694044906,1.0,560,681,1241,0.0,0.0008333472224535399,1.0000000000000013,0.0
58274,48.56247604126736,1.0,560,681,1241,0.0,0.0008333472224535399,1.0000000000000013,0.0
58275,48.56330938848981,1.0,560,681,1241,0.0,0.0008333472224535399,1.0000000000000013,0.0
58276,48.56414273571227,1.0,560,681,1241,0.0,0.0008333472224535399,1.0000000000000013,0.0
58277,48.56497608293472,1.0,560,681,1241,0.0,0.0008333472224535399,1.0000000000000013,0.0
58278,48.565809430157174,1.0,560,681,1241,0.0,0.0008333472224535399,1.0000000000000013,0.0
58279,48.56664277737963,1.0,560,681,1241,0.0,0.0008333472224535399,1.0000000000000013,0.0
58280,48.56747612460208,1.0,560,681,1241,0.0,0.0008333472224535399,1.0000000000000013,0.0
58281,48.568309471824534,1.0,560,681,1241,0.0,0.0008333472224535399,1.0000000000000013,0.0
58282,48.56914281904699,1.0,560,681,1241,0.0,0.0008333472224535399,1.0000000000000013,0.0
58283,48.56997616626944,1.0,560,681,1241,0.0,0.0008333472224535399,1.0000000000000013,0.0
58284,48.570809513491895,1.0,560,681,1241,0.0,0.0008333472224535399,1.0000000000000013,0.0
58285,48.57164286071435,1.0,560,681,1241,0.0,0.0008333472224535399,1.0000000000000013,0.0
58286,48.5724762079368,1.0,560,681,1241,0.0,0.0008333472224535399,1.0000000000000013,0.0
58287,48.573309555159256,1.0,560,681,1241,0.0,0.0008333472224535399,1.0000000000000013,0.0
58288,48.57414290238171,1.0,560,681,1241,0.0,0.0008333472224535399,1.0000000000000013,0.0
58289,48.57497624960416,0.9991941982272361,560,681,1241,-0.0008058017727639033,0.0008333472224535399,0.999919419822725,-8.058017727639034e-05
58290,48.575809596826616,1.0,560,681,1241,0.0008058017727639033,0.0008333472224535399,0.999919419822725,0.0
58291,48.57664294404907,1.0,560,681,1241,0.0,0.0008333472224535399,0.999919419822725,0.0
58292,48.57747629127152,1.0,560,681,1241,0.0,0.0008333472224535399,0.999919419822725,0.0
58293,48.57830963849398,1.0,560,681,1241,0.0,0.0008333472224535399,0.999919419822725,0.0
58294,48.57914298571643,1.0,560,681,1241,0.0,0.0008333472224535399,0.999919419822725,0.0
58295,48.579976332938884,1.0,560,681,1241,0.0,0.0008333472224535399,0.999919419822725,0.0
58296,48.58080968016134,1.0,560,681,1241,0.0,0.0008333472224535399,0.999919419822725,0.0
58297,48.58164302738379,1.0,560,681,1241,0.0,0.0008333472224535399,0.999919419822725,0.0
58298,48.582476374606244,1.0,560,681,1241,0.0,0.0008333472224535399,0.999919419822725,0.0
58299,48.5833097218287,1.0,560,681,1241,0.0,0.0008333472224535399,1.0000000000000013,8.058017727639034e-05
58300,48.58414306905115,1.0,560,681,1241,0.0,0.0008333472224535399,1.0000000000000013,0.0
58301,48.584976416273605,1.0,560,681,1241,0.0,0.0008333472224535399,1.0000000000000013,0.0
58302,48.58580976349606,1.0,560,681,1241,0.0,0.0008333472224535399,1.0000000000000013,0.0
58303,48.58664311071851,1.0,560,681,1241,0.0,0.0008333472224535399,1.0000000000000013,0.0
58304,48.587476457940966,1.0,560,681,1241,0.0,0.0008333472224535399,1.0000000000000013,0.0
58305,48.58830980516342,1.0,560,681,1241,0.0,0.0008333472224535399,1.0000000000000013,0.0
58306,48.58914315238587,1.0,560,681,1241,0.0,0.0008333472224535399,1.0000000000000013,0.0
58307,48.589976499608326,1.0,560,681,1241,0.0,0.0008333472224535399,1.0000000000000013,0.0
58308,48.59080984683078,1.0,560,681,1241,0.0,0.0008333472224535399,1.0000000000000013,0.0
58309,48.59164319405323,1.0,560,681,1241,0.0,0.0008333472224535399,1.0000000000000013,0.0
58310,48.59247654127569,1.0,560,681,1241,0.0,0.0008333472224535399,1.0000000000000013,0.0
58311,48.59330988849814,1.0,560,681,1241,0.0,0.0008333472224535399,1.0000000000000013,0.0
58312,48.594143235720594,1.0,560,681,1241,0.0,0.0008333472224535399,1.0000000000000013,0.0
58313,48.59497658294305,1.0,560,681,1241,0.0,0.0008333472224535399,1.0000000000000013,0.0
58314,48.59580993016551,1.0,560,681,1241,0.0,0.0008333472224606453,1.0000000000000013,0.0
58315,48.59664327738796,1.0,560,681,1241,0.0,0.0008333472224535399,1.0000000000000013,0.0
58316,48.597476624610415,1.0,560,681,1241,0.0,0.0008333472224535399,1.0000000000000013,0.0
58317,48.59830997183287,1.0,560,681,1241,0.0,0.0008333472224535399,1.0000000000000013,0.0
58318,48.59914331905532,1.0,560,681,1241,0.0,0.0008333472224535399,1.0000000000000013,0.0
58319,48.599976666277776,1.0,560,681,1241,0.0,0.0008333472224535399,1.0000000000000013,0.0
58320,48.60081001350023,1.0,560,681,1241,0.0,0.0008333472224535399,1.0000000000000013,0.0
58321,48.60164336072268,0.9991941982272361,560,681,1241,-0.0008058017727639033,0.0008333472224535399,0.999919419822725,-8.058017727639034e-05
58322,48.60247670794514,0.9991941982272361,560,681,1241,0.0,0.0008333472224535399,0.9998388396454487,-8.058017727639034e-05
58323,48.60331005516759,1.0,560,681,1241,0.0008058017727639033,0.0008333472224535399,0.9998388396454487,0.0
58324,48.604143402390044,1.0,560,681,1241,0.0,0.0008333472224535399,0.9998388396454487,0.0
58325,48.6049767496125,1.0,560,681,1241,0.0,0.0008333472224535399,0.9998388396454487,0.0
58326,48.60581009683495,1.0,560,681,1241,0.0,0.0008333472224535399,0.9998388396454487,0.0
58327,48.606643444057404,1.0,560,681,1241,0.0,0.0008333472224535399,0.9998388396454487,0.0
58328,48.60747679127986,1.0,560,681,1241,0.0,0.0008333472224535399,0.9998388396454487,0.0
58329,48.60831013850231,1.0,560,681,1241,0.0,0.0008333472224535399,0.9998388396454487,0.0
58330,48.609143485724765,1.0,560,681,1241,0.0,0.0008333472224535399,0.9998388396454487,0.0
58331,48.60997683294722,1.0,560,681,1241,0.0,0.0008333472224535399,0.999919419822725,8.058017727639034e-05
58332,48.61081018016967,1.0,560,681,1241,0.0,0.0008333472224535399,1.0000000000000013,8.058017727639034e-05
58333,48.611643527392125,1.0,560,681,1241,0.0,0.0008333472224535399,1.0000000000000013,0.0
58334,48.61247687461458,1.0,560,681,1241,0.0,0.0008333472224535399,1.0000000000000013,0.0
58335,48.61331022183703,1.0,560,681,1241,0.0,0.0008333472224535399,1.0000000000000013,0.0
58336,48.614143569059486,1.0,560,681,1241,0.0,0.0008333472224535399,1.0000000000000013,0.0
58337,48.61497691628194,1.0,560,681,1241,0.0,0.0008333472224535399,1.0000000000000013,0.0
58338,48.61581026350439,1.0,560,681,1241,0.0,0.0008333472224535399,1.0000000000000013,0.0
58339,48.61664361072685,1.0,560,681,1241,0.0,0.0008333472224535399,1.0000000000000013,0.0
58340,48.6174769579493,1.0,560,681,1241,0.0,0.0008333472224535399,1.0000000000000013,0.0
58341,48.618310305171754,1.0,560,681,1241,0.0,0.0008333472224535399,1.0000000000000013,0.0
58342,48.61914365239421,0.9983883964544722,560,681,1241,-0.0016116035455278066,0.0008333472224535399,0.9998388396454487,-0.00016116035455278067
58343,48.61997699961666,0.9983883964544722,560,681,1241,0.0,0.0008333472224535399,0.999677679290896,-0.00016116035455278067
58344,48.620810346839114,0.9983883964544722,560,681,1241,0.0,0.0008333472224535399,0.9995165189363433,-0.00016116035455278067
58345,48.62164369406157,1.0,560,681,1241,0.0016116035455278066,0.0008333472224535399,0.9995165189363433,0.0
58346,48.62247704128402,1.0,560,681,1241,0.0,0.0008333472224535399,0.9995165189363433,0.0
58347,48.623310388506475,1.0,560,681,1241,0.0,0.0008333472224535399,0.9995165189363433,0.0
58348,48.62414373572893,1.0,560,681,1241,0.0,0.0008333472224535399,0.9995165189363433,0.0
58349,48.62497708295138,1.0,560,681,1241,0.0,0.0008333472224535399,0.9995165189363433,0.0
58350,48.625810430173836,1.0,560,681,1241,0.0,0.0008333472224535399,0.9995165189363433,0.0
58351,48.62664377739629,1.0,560,681,1241,0.0,0.0008333472224535399,0.9995165189363433,0.0
58352,48.62747712461874,1.0,560,681,1241,0.0,0.0008333472224535399,0.999677679290896,0.00016116035455278067
58353,48.628310471841196,1.0,560,681,1241,0.0,0.0008333472224535399,0.9998388396454487,0.00016116035455278067
58354,48.62914381906365,1.0,560,681,1241,0.0,0.0008333472224535399,1.0000000000000013,0.00016116035455278067
58355,48.6299771662861,1.0,560,681,1241,0.0,0.0008333472224535399,1.0000000000000013,0.0
58356,48.630810513508564,1.0,560,681,1241,0.0,0.0008333472224606453,1.0000000000000013,0.0
58357,48.63164386073102,1.0,560,681,1241,0.0,0.0008333472224535399,1.0000000000000013,0.0
58358,48.63247720795347,1.0,560,681,1241,0.0,0.0008333472224535399,1.0000000000000013,0.0
58359,48.633310555175925,1.0,560,681,1241,0.0,0.0008333472224535399,1.0000000000000013,0.0
58360,48.63414390239838,1.0,560,681,1241,0.0,0.0008333472224535399,1.0000000000000013,0.0
58361,48.63497724962083,1.0,560,681,1241,0.0,0.0008333472224535399,1.0000000000000013,0.0
58362,48.635810596843285,1.0,560,681,1241,0.0,0.0008333472224535399,1.0000000000000013,0.0
58363,48.63664394406574,1.0,560,681,1241,0.0,0.0008333472224535399,1.0000000000000013,0.0
58364,48.63747729128819,1.0,560,681,1241,0.0,0.0008333472224535399,1.0000000000000013,0.0
58365,48.638310638510646,1.0,560,681,1241,0.0,0.0008333472224535399,1.0000000000000013,0.0
58366,48.6391439857331,1.0,560,681,1241,0.0,0.0008333472224535399,1.0000000000000013,0.0
58367,48.63997733295555,1.0,560,681,1241,0.0,0.0008333472224535399,1.0000000000000013,0.0
58368,48.64081068017801,1.0,560,681,1241,0.0,0.0008333472224535399,1.0000000000000013,0.0
58369,48.64164402740046,1.0,560,681,1241,0.0,0.0008333472224535399,1.0000000000000013,0.0
58370,48.64247737462291,1.0,560,681,1241,0.0,0.0008333472224535399,1.0000000000000013,0.0
58371,48.64331072184537,1.0,560,681,1241,0.0,0.0008333472224535399,1.0000000000000013,0.0
58372,48.64414406906782,1.0,560,681,1241,0.0,0.0008333472224535399,1.0000000000000013,0.0
58373,48.644977416290274,1.0,560,681,1241,0.0,0.0008333472224535399,1.0000000000000013,0.0
58374,48.64581076351273,0.9991941982272361,560,681,1241,-0.0008058017727639033,0.0008333472224535399,0.999919419822725,-8.058017727639034e-05
58375,48.64664411073518,1.0,560,681,1241,0.0008058017727639033,0.0008333472224535399,0.999919419822725,0.0
58376,48.647477457957635,1.0,560,681,1241,0.0,0.0008333472224535399,0.999919419822725,0.0
58377,48.64831080518009,1.0,560,681,1241,0.0,0.0008333472224535399,0.999919419822725,0.0
58378,48.64914415240254,1.0,560,681,1241,0.0,0.0008333472224535399,0.999919419822725,0.0
58379,48.649977499624995,1.0,560,681,1241,0.0,0.0008333472224535399,0.999919419822725,0.0
58380,48.65081084684745,1.0,560,681,1241,0.0,0.0008333472224535399,0.999919419822725,0.0
58381,48.6516441940699,1.0,560,681,1241,0.0,0.0008333472224535399,0.999919419822725,0.0
58382,48.652477541292356,1.0,560,681,1241,0.0,0.0008333472224535399,0.999919419822725,0.0
58383,48.65331088851481,1.0,560,681,1241,0.0,0.0008333472224535399,0.999919419822725,0.0
58384,48.65414423573726,1.0,560,681,1241,0.0,0.0008333472224535399,1.0000000000000013,8.058017727639034e-05
58385,48.65497758295972,1.0,560,681,1241,0.0,0.0008333472224535399,1.0000000000000013,0.0
58386,48.65581093018217,1.0,560,681,1241,0.0,0.0008333472224535399,1.0000000000000013,0.0
58387,48.656644277404624,1.0,560,681,1241,0.0,0.0008333472224535399,1.0000000000000013,0.0
58388,48.65747762462708,1.0,560,681,1241,0.0,0.0008333472224535399,1.0000000000000013,0.0
58389,48.65831097184953,1.0,560,681,1241,0.0,0.0008333472224535399,1.0000000000000013,0.0
58390,48.659144319071984,1.0,560,681,1241,0.0,0.0008333472224535399,1.0000000000000013,0.0
58391,48.65997766629444,1.0,560,681,1241,0.0,0.0008333472224535399,1.0000000000000013,0.0
58392,48.66081101351689,1.0,560,681,1241,0.0,0.0008333472224535399,1.0000000000000013,0.0
58393,48.661644360739345,1.0,560,681,1241,0.0,0.0008333472224535399,1.0000000000000013,0.0
58394,48.6624777079618,0.9991941982272361,560,681,1241,-0.0008058017727639033,0.0008333472224535399,0.999919419822725,-8.058017727639034e-05
58395,48.66331105518425,0.9991941982272361,560,681,1241,0.0,0.0008333472224535399,0.9998388396454487,-8.058017727639034e-05
58396,48.664144402406706,0.9991941982272361,560,681,1241,0.0,0.0008333472224535399,0.9997582594681724,-8.058017727639034e-05
58397,48.66497774962916,0.9991941982272361,560,681,1241,0.0,0.0008333472224535399,0.999677679290896,-8.058017727639034e-05
58398,48.66581109685162,0.9991941982272361,560,681,1241,0.0,0.0008333472224606453,0.9995970991136197,-8.058017727639034e-05
58399,48.66664444407407,0.9991941982272361,560,681,1241,0.0,0.0008333472224535399,0.9995165189363433,-8.058017727639034e-05
58400,48.66747779129653,1.0,560,681,1241,0.0008058017727639033,0.0008333472224535399,0.9995165189363433,0.0
58401,48.66831113851898,1.0,560,681,1241,0.0,0.0008333472224535399,0.9995165189363433,0.0
58402,48.669144485741434,1.0,560,681,1241,0.0,0.0008333472224535399,0.9995165189363433,0.0
58403,48.66997783296389,0.9991941982272361,560,681,1241,-0.0008058017727639033,0.0008333472224535399,0.999435938759067,-8.058017727639034e-05
58404,48.67081118018634,1.0,560,681,1241,0.0008058017727639033,0.0008333472224535399,0.9995165189363433,8.058017727639034e-05
58405,48.671644527408795,1.0,560,681,1241,0.0,0.0008333472224535399,0.9995970991136197,8.058017727639034e-05
58406,48.67247787463125,1.0,560,681,1241,0.0,0.0008333472224535399,0.999677679290896,8.058017727639034e-05
58407,48.6733112218537,0.9991941982272361,560,681,1241,-0.0008058017727639033,0.0008333472224535399,0.999677679290896,0.0
58408,48.674144569076155,0.9983883964544722,560,681,1241,-0.0008058017727639033,0.0008333472224535399,0.9995970991136197,-8.058017727639034e-05
58409,48.67497791629861,0.9983883964544722,560,681,1241,0.0,0.0008333472224535399,0.9995165189363433,-8.058017727639034e-05
58410,48.67581126352106,0.9991941982272361,560,681,1241,0.0008058017727639033,0.0008333472224535399,0.999435938759067,-8.058017727639034e-05
58411,48.676644610743516,0.9983883964544722,560,681,1241,-0.0008058017727639033,0.0008333472224535399,0.9992747784045143,-0.00016116035455278067
58412,48.67747795796597,0.9991941982272361,560,681,1241,0.0008058017727639033,0.0008333472224535399,0.999194198227238,-8.058017727639034e-05
58413,48.67831130518842,0.9991941982272361,560,681,1241,0.0,0.0008333472224535399,0.999194198227238,0.0
58414,48.679144652410876,0.9991941982272361,560,681,1241,0.0,0.0008333472224535399,0.9991136180499616,-8.058017727639034e-05
58415,48.67997799963333,1.0,560,681,1241,0.0008058017727639033,0.0008333472224535399,0.9991136180499616,0.0
58416,48.68081134685578,1.0,560,681,1241,0.0,0.0008333472224535399,0.9991136180499616,0.0
58417,48.68164469407824,1.0,560,681,1241,0.0,0.0008333472224535399,0.999194198227238,8.058017727639034e-05
58418,48.68247804130069,1.0,560,681,1241,0.0,0.0008333472224535399,0.9993553585817907,0.00016116035455278067
58419,48.683311388523144,1.0,560,681,1241,0.0,0.0008333472224535399,0.9995165189363433,0.00016116035455278067
58420,48.6841447357456,1.0,560,681,1241,0.0,0.0008333472224535399,0.9995970991136197,8.058017727639034e-05
58421,48.68497808296805,1.0,560,681,1241,0.0,0.0008333472224535399,0.9997582594681724,0.00016116035455278067
58422,48.685811430190505,1.0,560,681,1241,0.0,0.0008333472224535399,0.9998388396454487,8.058017727639034e-05
58423,48.68664477741296,1.0,560,681,1241,0.0,0.0008333472224535399,0.999919419822725,8.058017727639034e-05
58424,48.68747812463541,1.0,560,681,1241,0.0,0.0008333472224535399,1.0000000000000013,8.058017727639034e-05
58425,48.688311471857865,1.0,560,681,1241,0.0,0.0008333472224535399,1.0000000000000013,0.0
58426,48.68914481908032,1.0,560,681,1241,0.0,0.0008333472224535399,1.0000000000000013,0.0
58427,48.68997816630277,1.0,560,681,1241,0.0,0.0008333472224535399,1.0000000000000013,0.0
58428,48.690811513525226,1.0,560,681,1241,0.0,0.0008333472224535399,1.0000000000000013,0.0
58429,48.69164486074768,1.0,560,681,1241,0.0,0.0008333472224535399,1.0000000000000013,0.0
58430,48.69247820797013,1.0,560,681,1241,0.0,0.0008333472224535399,1.0000000000000013,0.0
58431,48.69331155519259,1.0,560,681,1241,0.0,0.0008333472224535399,1.0000000000000013,0.0
58432,48.69414490241504,1.0,560,681,1241,0.0,0.0008333472224535399,1.0000000000000013,0.0
58433,48.694978249637494,1.0,560,681,1241,0.0,0.0008333472224535399,1.0000000000000013,0.0
58434,48.69581159685995,1.0,560,681,1241,0.0,0.0008333472224535399,1.0000000000000013,0.0
58435,48.6966449440824,1.0,560,681,1241,0.0,0.0008333472224535399,1.0000000000000013,0.0
58436,48.697478291304854,1.0,560,681,1241,0.0,0.0008333472224535399,1.0000000000000013,0.0
58437,48.69831163852731,1.0,560,681,1241,0.0,0.0008333472224535399,1.0000000000000013,0.0
58438,48.69914498574976,1.0,560,681,1241,0.0,0.0008333472224535399,1.0000000000000013,0.0
58439,48.699978332972215,1.0,560,681,1241,0.0,0.0008333472224535399,1.0000000000000013,0.0
58440,48.70081168019467,1.0,560,681,1241,0.0,0.0008333472224535399,1.0000000000000013,0.0
58441,48.70164502741713,1.0,560,681,1241,0.0,0.0008333472224606453,1.0000000000000013,0.0
58442,48.70247837463958,1.0,560,681,1241,0.0,0.0008333472224535399,1.0000000000000013,0.0
58443,48.703311721862036,1.0,560,681,1241,0.0,0.0008333472224535399,1.0000000000000013,0.0
58444,48.70414506908449,1.0,560,681,1241,0.0,0.0008333472224535399,1.0000000000000013,0.0
58445,48.70497841630694,1.0,560,681,1241,0.0,0.0008333472224535399,1.0000000000000013,0.0
58446,48.7058117635294,1.0,560,681,1241,0.0,0.0008333472224535399,1.0000000000000013,0.0
58447,48.70664511075185,1.0,560,681,1241,0.0,0.0008333472224535399,1.0000000000000013,0.0
58448,48.707478457974304,1.0,560,681,1241,0.0,0.0008333472224535399,1.0000000000000013,0.0
58449,48.70831180519676,1.0,560,681,1241,0.0,0.0008333472224535399,1.0000000000000013,0.0
58450,48.70914515241921,1.0,560,681,1241,0.0,0.0008333472224535399,1.0000000000000013,0.0
58451,48.709978499641664,1.0,560,681,1241,0.0,0.0008333472224535399,1.0000000000000013,0.0
58452,48.71081184686412,1.0,560,681,1241,0.0,0.0008333472224535399,1.0000000000000013,0.0
58453,48.71164519408657,1.0,560,681,1241,0.0,0.0008333472224535399,1.0000000000000013,0.0
58454,48.712478541309025,1.0,560,681,1241,0.0,0.0008333472224535399,1.0000000000000013,0.0
58455,48.71331188853148,1.0,560,681,1241,0.0,0.0008333472224535399,1.0000000000000013,0.0
58456,48.71414523575393,1.0,560,681,1241,0.0,0.0008333472224535399,1.0000000000000013,0.0
58457,48.714978582976386,1.0,560,681,1241,0.0,0.0008333472224535399,1.0000000000000013,0.0
58458,48.71581193019884,1.0,560,681,1241,0.0,0.0008333472224535399,1.0000000000000013,0.0
58459,48.71664527742129,1.0,560,681,1241,0.0,0.0008333472224535399,1.0000000000000013,0.0
58460,48.717478624643746,1.0,560,681,1241,0.0,0.0008333472224535399,1.0000000000000013,0.0
58461,48.7183119718662,1.0,560,681,1241,0.0,0.0008333472224535399,1.0000000000000013,0.0
58462,48.71914531908865,0.9991941982272361,560,681,1241,-0.0008058017727639033,0.0008333472224535399,0.999919419822725,-8.058017727639034e-05
58463,48.71997866631111,0.9991941982272361,560,681,1241,0.0,0.0008333472224535399,0.9998388396454487,-8.058017727639034e-05
58464,48.72081201353356,0.9991941982272361,560,681,1241,0.0,0.0008333472224535399,0.9997582594681724,-8.058017727639034e-05
58465,48.721645360756014,0.9991941982272361,560,681,1241,0.0,0.0008333472224535399,0.999677679290896,-8.058017727639034e-05
58466,48.72247870797847,0.9991941982272361,560,681,1241,0.0,0.0008333472224535399,0.9995970991136197,-8.058017727639034e-05
58467,48.72331205520092,0.9991941982272361,560,681,1241,0.0,0.0008333472224535399,0.9995165189363433,-8.058017727639034e-05
58468,48.724145402423375,1.0,560,681,1241,0.0008058017727639033,0.0008333472224535399,0.9995165189363433,0.0
58469,48.72497874964583,1.0,560,681,1241,0.0,0.0008333472224535399,0.9995165189363433,0.0
58470,48.72581209686828,1.0,560,681,1241,0.0,0.0008333472224535399,0.9995165189363433,0.0
58471,48.726645444090735,1.0,560,681,1241,0.0,0.0008333472224535399,0.9995165189363433,0.0
58472,48.72747879131319,1.0,560,681,1241,0.0,0.0008333472224535399,0.9995970991136197,8.058017727639034e-05
58473,48.72831213853564,1.0,560,681,1241,0.0,0.0008333472224535399,0.999677679290896,8.058017727639034e-05
58474,48.729145485758096,1.0,560,681,1241,0.0,0.0008333472224535399,0.9997582594681724,8.058017727639034e-05
58475,48.72997883298055,1.0,560,681,1241,0.0,0.0008333472224535399,0.9998388396454487,8.058017727639034e-05
58476,48.730812180203,1.0,560,681,1241,0.0,0.0008333472224535399,0.999919419822725,8.058017727639034e-05
58477,48.73164552742546,1.0,560,681,1241,0.0,0.0008333472224535399,1.0000000000000013,8.058017727639034e-05
58478,48.73247887464791,1.0,560,681,1241,0.0,0.0008333472224535399,1.0000000000000013,0.0
58479,48.733312221870364,1.0,560,681,1241,0.0,0.0008333472224535399,1.0000000000000013,0.0
58480,48.73414556909282,1.0,560,681,1241,0.0,0.0008333472224535399,1.0000000000000013,0.0
58481,48.73497891631527,1.0,560,681,1241,0.0,0.0008333472224535399,1.0000000000000013,0.0
58482,48.735812263537724,1.0,560,681,1241,0.0,0.0008333472224535399,1.0000000000000013,0.0
58483,48.736645610760185,1.0,560,681,1241,0.0,0.0008333472224606453,1.0000000000000013,0.0
58484,48.73747895798264,1.0,560,681,1241,0.0,0.0008333472224535399,1.0000000000000013,0.0
58485,48.73831230520509,1.0,560,681,1241,0.0,0.0008333472224535399,1.0000000000000013,0.0
58486,48.739145652427545,1.0,560,681,1241,0.0,0.0008333472224535399,1.0000000000000013,0.0
58487,48.73997899965,1.0,560,681,1241,0.0,0.0008333472224535399,1.0000000000000013,0.0
58488,48.74081234687245,1.0,560,681,1241,0.0,0.0008333472224535399,1.0000000000000013,0.0
58489,48.741645694094906,1.0,560,681,1241,0.0,0.0008333472224535399,1.0000000000000013,0.0
58490,48.74247904131736,0.9991941982272361,560,681,1241,-0.0008058017727639033,0.0008333472224535399,0.999919419822725,-8.058017727639034e-05
58491,48.74331238853981,0.9991941982272361,560,681,1241,0.0,0.0008333472224535399,0.9998388396454487,-8.058017727639034e-05
58492,48.74414573576227,0.9991941982272361,560,681,1241,0.0,0.0008333472224535399,0.9997582594681724,-8.058017727639034e-05
58493,48.74497908298472,1.0,560,681,1241,0.0008058017727639033,0.0008333472224535399,0.9997582594681724,0.0
58494,48.745812430207174,1.0,560,681,1241,0.0,0.0008333472224535399,0.9997582594681724,0.0
58495,48.74664577742963,1.0,560,681,1241,0.0,0.0008333472224535399,0.9997582594681724,0.0
58496,48.74747912465208,1.0,560,681,1241,0.0,0.0008333472224535399,0.9997582594681724,0.0
58497,48.748312471874534,1.0,560,681,1241,0.0,0.0008333472224535399,0.9997582594681724,0.0
58498,48.74914581909699,1.0,560,681,1241,0.0,0.0008333472224535399,0.9997582594681724,0.0
58499,48.74997916631944,1.0,560,681,1241,0.0,0.0008333472224535399,0.9997582594681724,0.0
58500,48.750812513541895,1.0,560,681,1241,0.0,0.0008333472224535399,0.9998388396454487,8.058017727639034e-05
58501,48.75164586076435,1.0,560,681,1241,0.0,0.0008333472224535399,0.999919419822725,8.058017727639034e-05
58502,48.7524792079868,1.0,560,681,1241,0.0,0.0008333472224535399,1.0000000000000013,8.058017727639034e-05
58503,48.753312555209256,1.0,560,681,1241,0.0,0.0008333472224535399,1.0000000000000013,0.0
58504,48.75414590243171,1.0,560,681,1241,0.0,0.0008333472224535399,1.0000000000000013,0.0
58505,48.75497924965416,1.0,560,681,1241,0.0,0.0008333472224535399,1.0000000000000013,0.0
58506,48.755812596876616,1.0,560,681,1241,0.0,0.0008333472224535399,1.0000000000000013,0.0
58507,48.75664594409907,1.0,560,681,1241,0.0,0.0008333472224535399,1.0000000000000013,0.0
58508,48.75747929132152,1.0,560,681,1241,0.0,0.0008333472224535399,1.0000000000000013,0.0
58509,48.75831263854398,1.0,560,681,1241,0.0,0.0008333472224535399,1.0000000000000013,0.0
58510,48.75914598576643,1.0,560,681,1241,0.0,0.0008333472224535399,1.0000000000000013,0.0
58511,48.759979332988884,1.0,560,681,1241,0.0,0.0008333472224535399,1.0000000000000013,0.0
58512,48.76081268021134,1.0,560,681,1241,0.0,0.0008333472224535399,1.0000000000000013,0.0
58513,48.76164602743379,0.9991941982272361,560,681,1241,-0.0008058017727639033,0.0008333472224535399,0.999919419822725,-8.058017727639034e-05
58514,48.762479374656245,0.9991941982272361,560,681,1241,0.0,0.0008333472224535399,0.9998388396454487,-8.058017727639034e-05
58515,48.7633127218787,0.9991941982272361,560,681,1241,0.0,0.0008333472224535399,0.9997582594681724,-8.058017727639034e-05
58516,48.76414606910115,0.9983883964544722,560,681,1241,-0.0008058017727639033,0.0008333472224535399,0.9995970991136197,-0.00016116035455278067
58517,48.764979416323605,0.9983883964544722,560,681,1241,0.0,0.0008333472224535399,0.999435938759067,-0.00016116035455278067
58518,48.76581276354606,0.9991941982272361,560,681,1241,0.0008058017727639033,0.0008333472224535399,0.9993553585817907,-8.058017727639034e-05
58519,48.76664611076851,1.0,560,681,1241,0.0008058017727639033,0.0008333472224535399,0.9993553585817907,0.0
58520,48.767479457990966,1.0,560,681,1241,0.0,0.0008333472224535399,0.9993553585817907,0.0
58521,48.76831280521342,1.0,560,681,1241,0.0,0.0008333472224535399,0.9993553585817907,0.0
58522,48.76914615243587,1.0,560,681,1241,0.0,0.0008333472224535399,0.9993553585817907,0.0
58523,48.76997949965833,1.0,560,681,1241,0.0,0.0008333472224535399,0.999435938759067,8.058017727639034e-05
58524,48.77081284688078,1.0,560,681,1241,0.0,0.0008333472224535399,0.9995165189363433,8.058017727639034e-05
58525,48.77164619410324,1.0,560,681,1241,0.0,0.0008333472224606453,0.9995970991136197,8.058017727639034e-05
58526,48.772479541325694,1.0,560,681,1241,0.0,0.0008333472224535399,0.9997582594681724,0.00016116035455278067
58527,48.77331288854815,1.0,560,681,1241,0.0,0.0008333472224535399,0.999919419822725,0.00016116035455278067
58528,48.7741462357706,1.0,560,681,1241,0.0,0.0008333472224535399,1.0000000000000013,8.058017727639034e-05
58529,48.774979582993055,1.0,560,681,1241,0.0,0.0008333472224535399,1.0000000000000013,0.0
58530,48.77581293021551,1.0,560,681,1241,0.0,0.0008333472224535399,1.0000000000000013,0.0
58531,48.77664627743796,1.0,560,681,1241,0.0,0.0008333472224535399,1.0000000000000013,0.0
58532,48.777479624660415,1.0,560,681,1241,0.0,0.0008333472224535399,1.0000000000000013,0.0
58533,48.77831297188287,1.0,560,681,1241,0.0,0.0008333472224535399,1.0000000000000013,0.0
58534,48.77914631910532,1.0,560,681,1241,0.0,0.0008333472224535399,1.0000000000000013,0.0
58535,48.779979666327776,1.0,560,681,1241,0.0,0.0008333472224535399,1.0000000000000013,0.0
58536,48.78081301355023,1.0,560,681,1241,0.0,0.0008333472224535399,1.0000000000000013,0.0
58537,48.78164636077268,1.0,560,681,1241,0.0,0.0008333472224535399,1.0000000000000013,0.0
58538,48.78247970799514,1.0,560,681,1241,0.0,0.0008333472224535399,1.0000000000000013,0.0
58539,48.78331305521759,1.0,560,681,1241,0.0,0.0008333472224535399,1.0000000000000013,0.0
58540,48.784146402440044,1.0,560,681,1241,0.0,0.0008333472224535399,1.0000000000000013,0.0
58541,48.7849797496625,1.0,560,681,1241,0.0,0.0008333472224535399,1.0000000000000013,0.0
58542,48.78581309688495,1.0,560,681,1241,0.0,0.0008333472224535399,1.0000000000000013,0.0
58543,48.786646444107404,1.0,560,681,1241,0.0,0.0008333472224535399,1.0000000000000013,0.0
58544,48.78747979132986,1.0,560,681,1241,0.0,0.0008333472224535399,1.0000000000000013,0.0
58545,48.78831313855231,1.0,560,681,1241,0.0,0.0008333472224535399,1.0000000000000013,0.0
58546,48.789146485774765,1.0,560,681,1241,0.0,0.0008333472224535399,1.0000000000000013,0.0
58547,48.78997983299722,1.0,560,681,1241,0.0,0.0008333472224535399,1.0000000000000013,0.0
58548,48.79081318021967,1.0,560,681,1241,0.0,0.0008333472224535399,1.0000000000000013,0.0
58549,48.791646527442126,1.0,560,681,1241,0.0,0.0008333472224535399,1.0000000000000013,0.0
58550,48.79247987466458,1.0,560,681,1241,0.0,0.0008333472224535399,1.0000000000000013,0.0
58551,48.79331322188703,1.0,560,681,1241,0.0,0.0008333472224535399,1.0000000000000013,0.0
58552,48.794146569109486,1.0,560,681,1241,0.0,0.0008333472224535399,1.0000000000000013,0.0
58553,48.79497991633194,1.0,560,681,1241,0.0,0.0008333472224535399,1.0000000000000013,0.0
58554,48.79581326355439,1.0,560,681,1241,0.0,0.0008333472224535399,1.0000000000000013,0.0
58555,48.79664661077685,1.0,560,681,1241,0.0,0.0008333472224535399,1.0000000000000013,0.0
58556,48.7974799579993,1.0,560,681,1241,0.0,0.0008333472224535399,1.0000000000000013,0.0
58557,48.798313305221754,1.0,560,681,1241,0.0,0.0008333472224535399,1.0000000000000013,0.0
58558,48.79914665244421,1.0,560,681,1241,0.0,0.0008333472224535399,1.0000000000000013,0.0
58559,48.79997999966666,1.0,560,681,1241,0.0,0.0008333472224535399,1.0000000000000013,0.0
58560,48.800813346889115,1.0,560,681,1241,0.0,0.0008333472224535399,1.0000000000000013,0.0
58561,48.80164669411157,1.0,560,681,1241,0.0,0.0008333472224535399,1.0000000000000013,0.0
58562,48.80248004133402,1.0,560,681,1241,0.0,0.0008333472224535399,1.0000000000000013,0.0
58563,48.803313388556475,1.0,560,681,1241,0.0,0.0008333472224535399,1.0000000000000013,0.0
58564,48.80414673577893,1.0,560,681,1241,0.0,0.0008333472224535399,1.0000000000000013,0.0
58565,48.80498008300138,1.0,560,681,1241,0.0,0.0008333472224535399,1.0000000000000013,0.0
58566,48.805813430223836,1.0,560,681,1241,0.0,0.0008333472224535399,1.0000000000000013,0.0
58567,48.80664677744629,1.0,560,681,1241,0.0,0.0008333472224535399,1.0000000000000013,0.0
58568,48.80748012466875,1.0,560,681,1241,0.0,0.0008333472224606453,1.0000000000000013,0.0
58569,48.8083134718912,1.0,560,681,1241,0.0,0.0008333472224535399,1.0000000000000013,0.0
58570,48.80914681911366,1.0,560,681,1241,0.0,0.0008333472224535399,1.0000000000000013,0.0
58571,48.80998016633611,1.0,560,681,1241,0.0,0.0008333472224535399,1.0000000000000013,0.0
58572,48.810813513558564,1.0,560,681,1241,0.0,0.0008333472224535399,1.0000000000000013,0.0
58573,48.81164686078102,1.0,560,681,1241,0.0,0.0008333472224535399,1.0000000000000013,0.0
58574,48.81248020800347,1.0,560,681,1241,0.0,0.0008333472224535399,1.0000000000000013,0.0
58575,48.813313555225925,0.9983883964544722,560,681,1241,-0.0016116035455278066,0.0008333472224535399,0.9998388396454487,-0.00016116035455278067
58576,48.81414690244838,0.9983883964544722,560,681,1241,0.0,0.0008333472224535399,0.999677679290896,-0.00016116035455278067
58577,48.81498024967083,0.9983883964544722,560,681,1241,0.0,0.0008333472224535399,0.9995165189363433,-0.00016116035455278067
58578,48.815813596893285,0.9983883964544722,560,681,1241,0.0,0.0008333472224535399,0.9993553585817907,-0.00016116035455278067
58579,48.81664694411574,0.9991941982272361,560,681,1241,0.0008058017727639033,0.0008333472224535399,0.9992747784045143,-8.058017727639034e-05
58580,48.81748029133819,1.0,560,681,1241,0.0008058017727639033,0.0008333472224535399,0.9992747784045143,0.0
58581,48.818313638560646,1.0,560,681,1241,0.0,0.0008333472224535399,0.9992747784045143,0.0
58582,48.8191469857831,1.0,560,681,1241,0.0,0.0008333472224535399,0.9992747784045143,0.0
58583,48.81998033300555,1.0,560,681,1241,0.0,0.0008333472224535399,0.9992747784045143,0.0
58584,48.82081368022801,1.0,560,681,1241,0.0,0.0008333472224535399,0.9992747784045143,0.0
58585,48.82164702745046,1.0,560,681,1241,0.0,0.0008333472224535399,0.999435938759067,0.00016116035455278067
58586,48.822480374672914,1.0,560,681,1241,0.0,0.0008333472224535399,0.9995970991136197,0.00016116035455278067
58587,48.82331372189537,1.0,560,681,1241,0.0,0.0008333472224535399,0.9997582594681724,0.00016116035455278067
58588,48.82414706911782,1.0,560,681,1241,0.0,0.0008333472224535399,0.999919419822725,0.00016116035455278067
58589,48.824980416340274,1.0,560,681,1241,0.0,0.0008333472224535399,1.0000000000000013,8.058017727639034e-05
58590,48.82581376356273,1.0,560,681,1241,0.0,0.0008333472224535399,1.0000000000000013,0.0
58591,48.82664711078518,1.0,560,681,1241,0.0,0.0008333472224535399,1.0000000000000013,0.0
58592,48.827480458007635,1.0,560,681,1241,0.0,0.0008333472224535399,1.0000000000000013,0.0
58593,48.82831380523009,1.0,560,681,1241,0.0,0.0008333472224535399,1.0000000000000013,0.0
58594,48.82914715245254,1.0,560,681,1241,0.0,0.0008333472224535399,1.0000000000000013,0.0
58595,48.829980499674996,1.0,560,681,1241,0.0,0.0008333472224535399,1.0000000000000013,0.0
58596,48.83081384689745,1.0,560,681,1241,0.0,0.0008333472224535399,1.0000000000000013,0.0
58597,48.8316471941199,1.0,560,681,1241,0.0,0.0008333472224535399,1.0000000000000013,0.0
58598,48.832480541342356,1.0,560,681,1241,0.0,0.0008333472224535399,1.0000000000000013,0.0
58599,48.83331388856481,1.0,560,681,1241,0.0,0.0008333472224535399,1.0000000000000013,0.0
58600,48.83414723578726,1.0,560,681,1241,0.0,0.0008333472224535399,1.0000000000000013,0.0
58601,48.83498058300972,1.0,560,681,1241,0.0,0.0008333472224535399,1.0000000000000013,0.0
58602,48.83581393023217,1.0,560,681,1241,0.0,0.0008333472224535399,1.0000000000000013,0.0
58603,48.836647277454624,1.0,560,681,1241,0.0,0.0008333472224535399,1.0000000000000013,0.0
58604,48.83748062467708,1.0,560,681,1241,0.0,0.0008333472224535399,1.0000000000000013,0.0
58605,48.83831397189953,1.0,560,681,1241,0.0,0.0008333472224535399,1.0000000000000013,0.0
58606,48.839147319121984,1.0,560,681,1241,0.0,0.0008333472224535399,1.0000000000000013,0.0
58607,48.83998066634444,1.0,560,681,1241,0.0,0.0008333472224535399,1.0000000000000013,0.0
58608,48.84081401356689,1.0,560,681,1241,0.0,0.0008333472224535399,1.0000000000000013,0.0
58609,48.841647360789345,1.0,560,681,1241,0.0,0.0008333472224535399,1.0000000000000013,0.0
58610,48.842480708011806,1.0,560,681,1241,0.0,0.0008333472224606453,1.0000000000000013,0.0
58611,48.84331405523426,1.0,560,681,1241,0.0,0.0008333472224535399,1.0000000000000013,0.0
58612,48.84414740245671,1.0,560,681,1241,0.0,0.0008333472224535399,1.0000000000000013,0.0
58613,48.844980749679166,1.0,560,681,1241,0.0,0.0008333472224535399,1.0000000000000013,0.0
58614,48.84581409690162,1.0,560,681,1241,0.0,0.0008333472224535399,1.0000000000000013,0.0
58615,48.84664744412407,0.9991941982272361,560,681,1241,-0.0008058017727639033,0.0008333472224535399,0.999919419822725,-8.058017727639034e-05
58616,48.84748079134653,0.9991941982272361,560,681,1241,0.0,0.0008333472224535399,0.9998388396454487,-8.058017727639034e-05
58617,48.84831413856898,1.0,560,681,1241,0.0008058017727639033,0.0008333472224535399,0.9998388396454487,0.0
58618,48.849147485791434,1.0,560,681,1241,0.0,0.0008333472224535399,0.9998388396454487,0.0
58619,48.84998083301389,1.0,560,681,1241,0.0,0.0008333472224535399,0.9998388396454487,0.0
58620,48.85081418023634,1.0,560,681,1241,0.0,0.0008333472224535399,0.9998388396454487,0.0
58621,48.851647527458795,1.0,560,681,1241,0.0,0.0008333472224535399,0.9998388396454487,0.0
58622,48.85248087468125,1.0,560,681,1241,0.0,0.0008333472224535399,0.9998388396454487,0.0
58623,48.8533142219037,1.0,560,681,1241,0.0,0.0008333472224535399,0.9998388396454487,0.0
58624,48.854147569126155,1.0,560,681,1241,0.0,0.0008333472224535399,0.9998388396454487,0.0
58625,48.85498091634861,1.0,560,681,1241,0.0,0.0008333472224535399,0.999919419822725,8.058017727639034e-05
58626,48.85581426357106,1.0,560,681,1241,0.0,0.0008333472224535399,1.0000000000000013,8.058017727639034e-05
58627,48.856647610793516,1.0,560,681,1241,0.0,0.0008333472224535399,1.0000000000000013,0.0
58628,48.85748095801597,1.0,560,681,1241,0.0,0.0008333472224535399,1.0000000000000013,0.0
58629,48.85831430523842,1.0,560,681,1241,0.0,0.0008333472224535399,1.0000000000000013,0.0
58630,48.85914765246088,1.0,560,681,1241,0.0,0.0008333472224535399,1.0000000000000013,0.0
58631,48.85998099968333,1.0,560,681,1241,0.0,0.0008333472224535399,1.0000000000000013,0.0
58632,48.860814346905784,1.0,560,681,1241,0.0,0.0008333472224535399,1.0000000000000013,0.0
58633,48.86164769412824,1.0,560,681,1241,0.0,0.0008333472224535399,1.0000000000000013,0.0
58634,48.86248104135069,1.0,560,681,1241,0.0,0.0008333472224535399,1.0000000000000013,0.0
58635,48.863314388573144,1.0,560,681,1241,0.0,0.0008333472224535399,1.0000000000000013,0.0
58636,48.8641477357956,1.0,560,681,1241,0.0,0.0008333472224535399,1.0000000000000013,0.0
58637,48.86498108301805,0.9991941982272361,560,681,1241,-0.0008058017727639033,0.0008333472224535399,0.999919419822725,-8.058017727639034e-05
58638,48.865814430240505,0.9991941982272361,560,681,1241,0.0,0.0008333472224535399,0.9998388396454487,-8.058017727639034e-05
58639,48.86664777746296,1.0,560,681,1241,0.0008058017727639033,0.0008333472224535399,0.9998388396454487,0.0
58640,48.86748112468541,1.0,560,681,1241,0.0,0.0008333472224535399,0.9998388396454487,0.0
58641,48.868314471907865,1.0,560,681,1241,0.0,0.0008333472224535399,0.9998388396454487,0.0
58642,48.86914781913032,1.0,560,681,1241,0.0,0.0008333472224535399,0.9998388396454487,0.0
58643,48.86998116635277,1.0,560,681,1241,0.0,0.0008333472224535399,0.9998388396454487,0.0
58644,48.870814513575226,1.0,560,681,1241,0.0,0.0008333472224535399,0.9998388396454487,0.0
58645,48.87164786079768,1.0,560,681,1241,0.0,0.0008333472224535399,0.9998388396454487,0.0
58646,48.87248120802013,1.0,560,681,1241,0.0,0.0008333472224535399,0.9998388396454487,0.0
58647,48.87331455524259,1.0,560,681,1241,0.0,0.0008333472224535399,0.999919419822725,8.058017727639034e-05
58648,48.87414790246504,1.0,560,681,1241,0.0,0.0008333472224535399,1.0000000000000013,8.058017727639034e-05
58649,48.874981249687494,1.0,560,681,1241,0.0,0.0008333472224535399,1.0000000000000013,0.0
58650,48.87581459690995,1.0,560,681,1241,0.0,0.0008333472224535399,1.0000000000000013,0.0
58651,48.8766479441324,0.9991941982272361,560,681,1241,-0.0008058017727639033,0.0008333472224535399,0.999919419822725,-8.058017727639034e-05
58652,48.87748129135486,0.9991941982272361,560,681,1241,0.0,0.0008333472224606453,0.9998388396454487,-8.058017727639034e-05
58653,48.878314638577315,0.9991941982272361,560,681,1241,0.0,0.0008333472224535399,0.9997582594681724,-8.058017727639034e-05
58654,48.87914798579977,1.0,560,681,1241,0.0008058017727639033,0.0008333472224535399,0.9997582594681724,0.0
58655,48.87998133302222,1.0,560,681,1241,0.0,0.0008333472224535399,0.9997582594681724,0.0
58656,48.880814680244676,1.0,560,681,1241,0.0,0.0008333472224535399,0.9997582594681724,0.0
58657,48.88164802746713,1.0,560,681,1241,0.0,0.0008333472224535399,0.9997582594681724,0.0
58658,48.88248137468958,1.0,560,681,1241,0.0,0.0008333472224535399,0.9997582594681724,0.0
58659,48.883314721912036,1.0,560,681,1241,0.0,0.0008333472224535399,0.9997582594681724,0.0
58660,48.88414806913449,1.0,560,681,1241,0.0,0.0008333472224535399,0.9997582594681724,0.0
58661,48.88498141635694,1.0,560,681,1241,0.0,0.0008333472224535399,0.9998388396454487,8.058017727639034e-05
58662,48.8858147635794,1.0,560,681,1241,0.0,0.0008333472224535399,0.999919419822725,8.058017727639034e-05
58663,48.88664811080185,1.0,560,681,1241,0.0,0.0008333472224535399,1.0000000000000013,8.058017727639034e-05
58664,48.887481458024304,1.0,560,681,1241,0.0,0.0008333472224535399,1.0000000000000013,0.0
58665,48.88831480524676,1.0,560,681,1241,0.0,0.0008333472224535399,1.0000000000000013,0.0
58666,48.88914815246921,1.0,560,681,1241,0.0,0.0008333472224535399,1.0000000000000013,0.0
58667,48.889981499691665,1.0,560,681,1241,0.0,0.0008333472224535399,1.0000000000000013,0.0
58668,48.89081484691412,1.0,560,681,1241,0.0,0.0008333472224535399,1.0000000000000013,0.0
58669,48.89164819413657,1.0,560,681,1241,0.0,0.0008333472224535399,1.0000000000000013,0.0
58670,48.892481541359025,1.0,560,681,1241,0.0,0.0008333472224535399,1.0000000000000013,0.0
58671,48.89331488858148,1.0,560,681,1241,0.0,0.0008333472224535399,1.0000000000000013,0.0
58672,48.89414823580393,1.0,560,681,1241,0.0,0.0008333472224535399,1.0000000000000013,0.0
58673,48.894981583026386,1.0,560,681,1241,0.0,0.0008333472224535399,1.0000000000000013,0.0
58674,48.89581493024884,1.0,560,681,1241,0.0,0.0008333472224535399,1.0000000000000013,0.0
58675,48.89664827747129,1.0,560,681,1241,0.0,0.0008333472224535399,1.0000000000000013,0.0
58676,48.89748162469375,0.9991941982272361,560,681,1241,-0.0008058017727639033,0.0008333472224535399,0.999919419822725,-8.058017727639034e-05
58677,48.8983149719162,0.9983883964544722,560,681,1241,-0.0008058017727639033,0.0008333472224535399,0.9997582594681724,-0.00016116035455278067
58678,48.899148319138654,0.9991941982272361,560,681,1241,0.0008058017727639033,0.0008333472224535399,0.999677679290896,-8.058017727639034e-05
58679,48.89998166636111,0.9991941982272361,560,681,1241,0.0,0.0008333472224535399,0.9995970991136197,-8.058017727639034e-05
58680,48.90081501358356,1.0,560,681,1241,0.0008058017727639033,0.0008333472224535399,0.9995970991136197,0.0
58681,48.901648360806014,1.0,560,681,1241,0.0,0.0008333472224535399,0.9995970991136197,0.0
58682,48.90248170802847,1.0,560,681,1241,0.0,0.0008333472224535399,0.9995970991136197,0.0
58683,48.90331505525092,1.0,560,681,1241,0.0,0.0008333472224535399,0.9995970991136197,0.0
58684,48.904148402473375,0.9991941982272361,560,681,1241,-0.0008058017727639033,0.0008333472224535399,0.9995165189363433,-8.058017727639034e-05
58685,48.90498174969583,1.0,560,681,1241,0.0008058017727639033,0.0008333472224535399,0.9995165189363433,0.0
58686,48.90581509691828,1.0,560,681,1241,0.0,0.0008333472224535399,0.9995970991136197,8.058017727639034e-05
58687,48.906648444140735,1.0,560,681,1241,0.0,0.0008333472224535399,0.9997582594681724,0.00016116035455278067
58688,48.90748179136319,1.0,560,681,1241,0.0,0.0008333472224535399,0.9998388396454487,8.058017727639034e-05
58689,48.90831513858564,1.0,560,681,1241,0.0,0.0008333472224535399,0.999919419822725,8.058017727639034e-05
58690,48.909148485808096,1.0,560,681,1241,0.0,0.0008333472224535399,0.999919419822725,0.0
58691,48.90998183303055,1.0,560,681,1241,0.0,0.0008333472224535399,0.999919419822725,0.0
58692,48.910815180253,0.9991941982272361,560,681,1241,-0.0008058017727639033,0.0008333472224535399,0.9998388396454487,-8.058017727639034e-05
58693,48.91164852747546,0.9991941982272361,560,681,1241,0.0,0.0008333472224535399,0.9997582594681724,-8.058017727639034e-05
58694,48.91248187469791,1.0,560,681,1241,0.0008058017727639033,0.0008333472224535399,0.9998388396454487,8.058017727639034e-05
58695,48.91331522192037,1.0,560,681,1241,0.0,0.0008333472224606453,0.9998388396454487,0.0
58696,48.914148569142824,1.0,560,681,1241,0.0,0.0008333472224535399,0.9998388396454487,0.0
58697,48.91498191636528,1.0,560,681,1241,0.0,0.0008333472224535399,0.9998388396454487,0.0
58698,48.91581526358773,1.0,560,681,1241,0.0,0.0008333472224535399,0.9998388396454487,0.0
58699,48.916648610810185,1.0,560,681,1241,0.0,0.0008333472224535399,0.9998388396454487,0.0
58700,48.91748195803264,1.0,560,681,1241,0.0,0.0008333472224535399,0.9998388396454487,0.0
58701,48.91831530525509,1.0,560,681,1241,0.0,0.0008333472224535399,0.9998388396454487,0.0
58702,48.919148652477546,1.0,560,681,1241,0.0,0.0008333472224535399,0.999919419822725,8.058017727639034e-05
58703,48.9199819997,1.0,560,681,1241,0.0,0.0008333472224535399,1.0000000000000013,8.058017727639034e-05
58704,48.92081534692245,1.0,560,681,1241,0.0,0.0008333472224535399,1.0000000000000013,0.0
58705,48.921648694144906,1.0,560,681,1241,0.0,0.0008333472224535399,1.0000000000000013,0.0
58706,48.92248204136736,1.0,560,681,1241,0.0,0.0008333472224535399,1.0000000000000013,0.0
58707,48.92331538858981,1.0,560,681,1241,0.0,0.0008333472224535399,1.0000000000000013,0.0
58708,48.92414873581227,1.0,560,681,1241,0.0,0.0008333472224535399,1.0000000000000013,0.0
58709,48.92498208303472,1.0,560,681,1241,0.0,0.0008333472224535399,1.0000000000000013,0.0
58710,48.925815430257174,1.0,560,681,1241,0.0,0.0008333472224535399,1.0000000000000013,0.0
58711,48.92664877747963,1.0,560,681,1241,0.0,0.0008333472224535399,1.0000000000000013,0.0
58712,48.92748212470208,1.0,560,681,1241,0.0,0.0008333472224535399,1.0000000000000013,0.0
58713,48.928315471924535,1.0,560,681,1241,0.0,0.0008333472224535399,1.0000000000000013,0.0
58714,48.92914881914699,1.0,560,681,1241,0.0,0.0008333472224535399,1.0000000000000013,0.0
58715,48.92998216636944,1.0,560,681,1241,0.0,0.0008333472224535399,1.0000000000000013,0.0
58716,48.930815513591895,1.0,560,681,1241,0.0,0.0008333472224535399,1.0000000000000013,0.0
58717,48.93164886081435,1.0,560,681,1241,0.0,0.0008333472224535399,1.0000000000000013,0.0
58718,48.9324822080368,1.0,560,681,1241,0.0,0.0008333472224535399,1.0000000000000013,0.0
58719,48.933315555259256,1.0,560,681,1241,0.0,0.0008333472224535399,1.0000000000000013,0.0
58720,48.93414890248171,1.0,560,681,1241,0.0,0.0008333472224535399,1.0000000000000013,0.0
58721,48.93498224970416,1.0,560,681,1241,0.0,0.0008333472224535399,1.0000000000000013,0.0
58722,48.935815596926616,1.0,560,681,1241,0.0,0.0008333472224535399,1.0000000000000013,0.0
58723,48.93664894414907,1.0,560,681,1241,0.0,0.0008333472224535399,1.0000000000000013,0.0
58724,48.93748229137152,1.0,560,681,1241,0.0,0.0008333472224535399,1.0000000000000013,0.0
58725,48.93831563859398,1.0,560,681,1241,0.0,0.0008333472224535399,1.0000000000000013,0.0
58726,48.93914898581643,1.0,560,681,1241,0.0,0.0008333472224535399,1.0000000000000013,0.0
58727,48.939982333038884,1.0,560,681,1241,0.0,0.0008333472224535399,1.0000000000000013,0.0
58728,48.94081568026134,1.0,560,681,1241,0.0,0.0008333472224535399,1.0000000000000013,0.0
58729,48.94164902748379,1.0,560,681,1241,0.0,0.0008333472224535399,1.0000000000000013,0.0
58730,48.942482374706245,1.0,560,681,1241,0.0,0.0008333472224535399,1.0000000000000013,0.0
58731,48.9433157219287,1.0,560,681,1241,0.0,0.0008333472224535399,1.0000000000000013,0.0
58732,48.94414906915115,1.0,560,681,1241,0.0,0.0008333472224535399,1.0000000000000013,0.0
58733,48.944982416373605,1.0,560,681,1241,0.0,0.0008333472224535399,1.0000000000000013,0.0
58734,48.94581576359606,1.0,560,681,1241,0.0,0.0008333472224535399,1.0000000000000013,0.0
58735,48.94664911081851,1.0,560,681,1241,0.0,0.0008333472224535399,1.0000000000000013,0.0
58736,48.947482458040966,1.0,560,681,1241,0.0,0.0008333472224535399,1.0000000000000013,0.0
58737,48.94831580526343,1.0,560,681,1241,0.0,0.0008333472224606453,1.0000000000000013,0.0
58738,48.94914915248588,1.0,560,681,1241,0.0,0.0008333472224535399,1.0000000000000013,0.0
58739,48.949982499708334,1.0,560,681,1241,0.0,0.0008333472224535399,1.0000000000000013,0.0
58740,48.95081584693079,0.9991941982272361,560,681,1241,-0.0008058017727639033,0.0008333472224535399,0.999919419822725,-8.058017727639034e-05
58741,48.95164919415324,0.9991941982272361,560,681,1241,0.0,0.0008333472224535399,0.9998388396454487,-8.058017727639034e-05
58742,48.952482541375694,0.9991941982272361,560,681,1241,0.0,0.0008333472224535399,0.9997582594681724,-8.058017727639034e-05
58743,48.95331588859815,1.0,560,681,1241,0.0008058017727639033,0.0008333472224535399,0.9997582594681724,0.0
58744,48.9541492358206,1.0,560,681,1241,0.0,0.0008333472224535399,0.9997582594681724,0.0
58745,48.954982583043055,0.9991941982272361,560,681,1241,-0.0008058017727639033,0.0008333472224535399,0.999677679290896,-8.058017727639034e-05
58746,48.95581593026551,0.9991941982272361,560,681,1241,0.0,0.0008333472224535399,0.9995970991136197,-8.058017727639034e-05
58747,48.95664927748796,0.9991941982272361,560,681,1241,0.0,0.0008333472224535399,0.9995165189363433,-8.058017727639034e-05
58748,48.957482624710416,0.9991941982272361,560,681,1241,0.0,0.0008333472224535399,0.999435938759067,-8.058017727639034e-05
58749,48.95831597193287,0.9991941982272361,560,681,1241,0.0,0.0008333472224535399,0.9993553585817907,-8.058017727639034e-05
58750,48.95914931915532,1.0,560,681,1241,0.0008058017727639033,0.0008333472224535399,0.999435938759067,8.058017727639034e-05
58751,48.959982666377776,1.0,560,681,1241,0.0,0.0008333472224535399,0.9995165189363433,8.058017727639034e-05
58752,48.96081601360023,1.0,560,681,1241,0.0,0.0008333472224535399,0.9995970991136197,8.058017727639034e-05
58753,48.96164936082268,1.0,560,681,1241,0.0,0.0008333472224535399,0.9995970991136197,0.0
58754,48.96248270804514,1.0,560,681,1241,0.0,0.0008333472224535399,0.9995970991136197,0.0
58755,48.96331605526759,1.0,560,681,1241,0.0,0.0008333472224535399,0.999677679290896,8.058017727639034e-05
58756,48.964149402490044,1.0,560,681,1241,0.0,0.0008333472224535399,0.9997582594681724,8.058017727639034e-05
58757,48.9649827497125,1.0,560,681,1241,0.0,0.0008333472224535399,0.9998388396454487,8.058017727639034e-05
58758,48.96581609693495,1.0,560,681,1241,0.0,0.0008333472224535399,0.999919419822725,8.058017727639034e-05
58759,48.966649444157405,1.0,560,681,1241,0.0,0.0008333472224535399,1.0000000000000013,8.058017727639034e-05
58760,48.96748279137986,1.0,560,681,1241,0.0,0.0008333472224535399,1.0000000000000013,0.0
58761,48.96831613860231,1.0,560,681,1241,0.0,0.0008333472224535399,1.0000000000000013,0.0
58762,48.969149485824765,1.0,560,681,1241,0.0,0.0008333472224535399,1.0000000000000013,0.0
58763,48.96998283304722,1.0,560,681,1241,0.0,0.0008333472224535399,1.0000000000000013,0.0
58764,48.97081618026967,1.0,560,681,1241,0.0,0.0008333472224535399,1.0000000000000013,0.0
58765,48.971649527492126,1.0,560,681,1241,0.0,0.0008333472224535399,1.0000000000000013,0.0
58766,48.97248287471458,1.0,560,681,1241,0.0,0.0008333472224535399,1.0000000000000013,0.0
58767,48.97331622193703,1.0,560,681,1241,0.0,0.0008333472224535399,1.0000000000000013,0.0
58768,48.974149569159486,1.0,560,681,1241,0.0,0.0008333472224535399,1.0000000000000013,0.0
58769,48.97498291638194,1.0,560,681,1241,0.0,0.0008333472224535399,1.0000000000000013,0.0
58770,48.97581626360439,1.0,560,681,1241,0.0,0.0008333472224535399,1.0000000000000013,0.0
58771,48.97664961082685,1.0,560,681,1241,0.0,0.0008333472224535399,1.0000000000000013,0.0
58772,48.9774829580493,1.0,560,681,1241,0.0,0.0008333472224535399,1.0000000000000013,0.0
58773,48.978316305271754,1.0,560,681,1241,0.0,0.0008333472224535399,1.0000000000000013,0.0
58774,48.97914965249421,1.0,560,681,1241,0.0,0.0008333472224535399,1.0000000000000013,0.0
58775,48.97998299971666,1.0,560,681,1241,0.0,0.0008333472224535399,1.0000000000000013,0.0
58776,48.980816346939115,1.0,560,681,1241,0.0,0.0008333472224535399,1.0000000000000013,0.0
58777,48.98164969416157,1.0,560,681,1241,0.0,0.0008333472224535399,1.0000000000000013,0.0
58778,48.98248304138402,1.0,560,681,1241,0.0,0.0008333472224535399,1.0000000000000013,0.0
58779,48.983316388606475,1.0,560,681,1241,0.0,0.0008333472224535399,1.0000000000000013,0.0
58780,48.984149735828936,1.0,560,681,1241,0.0,0.0008333472224606453,1.0000000000000013,0.0
58781,48.98498308305139,1.0,560,681,1241,0.0,0.0008333472224535399,1.0000000000000013,0.0
58782,48.98581643027384,1.0,560,681,1241,0.0,0.0008333472224535399,1.0000000000000013,0.0
58783,48.9866497774963,1.0,560,681,1241,0.0,0.0008333472224535399,1.0000000000000013,0.0
58784,48.98748312471875,1.0,560,681,1241,0.0,0.0008333472224535399,1.0000000000000013,0.0
58785,48.988316471941204,1.0,560,681,1241,0.0,0.0008333472224535399,1.0000000000000013,0.0
58786,48.98914981916366,1.0,560,681,1241,0.0,0.0008333472224535399,1.0000000000000013,0.0
58787,48.98998316638611,1.0,560,681,1241,0.0,0.0008333472224535399,1.0000000000000013,0.0
58788,48.990816513608564,1.0,560,681,1241,0.0,0.0008333472224535399,1.0000000000000013,0.0
58789,48.99164986083102,1.0,560,681,1241,0.0,0.0008333472224535399,1.0000000000000013,0.0
58790,48.99248320805347,1.0,560,681,1241,0.0,0.0008333472224535399,1.0000000000000013,0.0
58791,48.993316555275925,1.0,560,681,1241,0.0,0.0008333472224535399,1.0000000000000013,0.0
58792,48.99414990249838,1.0,560,681,1241,0.0,0.0008333472224535399,1.0000000000000013,0.0
58793,48.99498324972083,1.0,560,681,1241,0.0,0.0008333472224535399,1.0000000000000013,0.0
58794,48.995816596943286,1.0,560,681,1241,0.0,0.0008333472224535399,1.0000000000000013,0.0
58795,48.99664994416574,1.0,560,681,1241,0.0,0.0008333472224535399,1.0000000000000013,0.0
58796,48.99748329138819,1.0,560,681,1241,0.0,0.0008333472224535399,1.0000000000000013,0.0
58797,48.998316638610646,1.0,560,681,1241,0.0,0.0008333472224535399,1.0000000000000013,0.0
58798,48.9991499858331,1.0,560,681,1241,0.0,0.0008333472224535399,1.0000000000000013,0.0
58799,48.99998333305555,0.9991941982272361,560,681,1241,-0.0008058017727639033,0.0008333472224535399,0.999919419822725,-8.058017727639034e-05
58800,49.00081668027801,1.0,560,681,1241,0.0008058017727639033,0.0008333472224535399,0.999919419822725,0.0
58801,49.00165002750046,1.0,560,681,1241,0.0,0.0008333472224535399,0.999919419822725,0.0
58802,49.002483374722914,1.0,560,681,1241,0.0,0.0008333472224535399,0.999919419822725,0.0
58803,49.00331672194537,1.0,560,681,1241,0.0,0.0008333472224535399,0.999919419822725,0.0
58804,49.00415006916782,1.0,560,681,1241,0.0,0.0008333472224535399,0.999919419822725,0.0
58805,49.004983416390274,1.0,560,681,1241,0.0,0.0008333472224535399,0.999919419822725,0.0
58806,49.00581676361273,1.0,560,681,1241,0.0,0.0008333472224535399,0.999919419822725,0.0
58807,49.00665011083518,1.0,560,681,1241,0.0,0.0008333472224535399,0.999919419822725,0.0
58808,49.007483458057635,1.0,560,681,1241,0.0,0.0008333472224535399,0.999919419822725,0.0
58809,49.00831680528009,1.0,560,681,1241,0.0,0.0008333472224535399,1.0000000000000013,8.058017727639034e-05
58810,49.00915015250254,0.9991941982272361,560,681,1241,-0.0008058017727639033,0.0008333472224535399,0.999919419822725,-8.058017727639034e-05
58811,49.009983499724996,1.0,560,681,1241,0.0008058017727639033,0.0008333472224535399,0.999919419822725,0.0
58812,49.01081684694745,1.0,560,681,1241,0.0,0.0008333472224535399,0.999919419822725,0.0
58813,49.0116501941699,1.0,560,681,1241,0.0,0.0008333472224535399,0.999919419822725,0.0
58814,49.012483541392356,1.0,560,681,1241,0.0,0.0008333472224535399,0.999919419822725,0.0
58815,49.01331688861481,1.0,560,681,1241,0.0,0.0008333472224535399,0.999919419822725,0.0
58816,49.01415023583726,1.0,560,681,1241,0.0,0.0008333472224535399,0.999919419822725,0.0
58817,49.01498358305972,1.0,560,681,1241,0.0,0.0008333472224535399,0.999919419822725,0.0
58818,49.01581693028217,1.0,560,681,1241,0.0,0.0008333472224535399,0.999919419822725,0.0
58819,49.016650277504624,1.0,560,681,1241,0.0,0.0008333472224535399,0.999919419822725,0.0
58820,49.01748362472708,1.0,560,681,1241,0.0,0.0008333472224535399,1.0000000000000013,8.058017727639034e-05
58821,49.01831697194953,1.0,560,681,1241,0.0,0.0008333472224535399,1.0000000000000013,0.0
58822,49.01915031917199,1.0,560,681,1241,0.0,0.0008333472224606453,1.0000000000000013,0.0
58823,49.019983666394445,1.0,560,681,1241,0.0,0.0008333472224535399,1.0000000000000013,0.0
58824,49.0208170136169,1.0,560,681,1241,0.0,0.0008333472224535399,1.0000000000000013,0.0
58825,49.02165036083935,1.0,560,681,1241,0.0,0.0008333472224535399,1.0000000000000013,0.0
58826,49.022483708061806,0.9991941982272361,560,681,1241,-0.0008058017727639033,0.0008333472224535399,0.999919419822725,-8.058017727639034e-05
58827,49.02331705528426,0.9991941982272361,560,681,1241,0.0,0.0008333472224535399,0.9998388396454487,-8.058017727639034e-05
58828,49.02415040250671,0.9991941982272361,560,681,1241,0.0,0.0008333472224535399,0.9997582594681724,-8.058017727639034e-05
58829,49.02498374972917,1.0,560,681,1241,0.0008058017727639033,0.0008333472224535399,0.9997582594681724,0.0
58830,49.02581709695162,1.0,560,681,1241,0.0,0.0008333472224535399,0.9997582594681724,0.0
58831,49.026650444174074,1.0,560,681,1241,0.0,0.0008333472224535399,0.9997582594681724,0.0
58832,49.02748379139653,1.0,560,681,1241,0.0,0.0008333472224535399,0.9997582594681724,0.0
58833,49.02831713861898,1.0,560,681,1241,0.0,0.0008333472224535399,0.9997582594681724,0.0
58834,49.029150485841434,1.0,560,681,1241,0.0,0.0008333472224535399,0.9997582594681724,0.0
58835,49.02998383306389,1.0,560,681,1241,0.0,0.0008333472224535399,0.9997582594681724,0.0
58836,49.03081718028634,1.0,560,681,1241,0.0,0.0008333472224535399,0.9998388396454487,8.058017727639034e-05
58837,49.031650527508795,1.0,560,681,1241,0.0,0.0008333472224535399,0.999919419822725,8.058017727639034e-05
58838,49.03248387473125,1.0,560,681,1241,0.0,0.0008333472224535399,1.0000000000000013,8.058017727639034e-05
58839,49.0333172219537,1.0,560,681,1241,0.0,0.0008333472224535399,1.0000000000000013,0.0
58840,49.034150569176155,1.0,560,681,1241,0.0,0.0008333472224535399,1.0000000000000013,0.0
58841,49.03498391639861,1.0,560,681,1241,0.0,0.0008333472224535399,1.0000000000000013,0.0
58842,49.03581726362106,1.0,560,681,1241,0.0,0.0008333472224535399,1.0000000000000013,0.0
58843,49.036650610843516,1.0,560,681,1241,0.0,0.0008333472224535399,1.0000000000000013,0.0
58844,49.03748395806597,1.0,560,681,1241,0.0,0.0008333472224535399,1.0000000000000013,0.0
58845,49.03831730528842,1.0,560,681,1241,0.0,0.0008333472224535399,1.0000000000000013,0.0
58846,49.03915065251088,1.0,560,681,1241,0.0,0.0008333472224535399,1.0000000000000013,0.0
58847,49.03998399973333,1.0,560,681,1241,0.0,0.0008333472224535399,1.0000000000000013,0.0
58848,49.040817346955784,1.0,560,681,1241,0.0,0.0008333472224535399,1.0000000000000013,0.0
58849,49.04165069417824,0.9991941982272361,560,681,1241,-0.0008058017727639033,0.0008333472224535399,0.999919419822725,-8.058017727639034e-05
58850,49.04248404140069,0.9991941982272361,560,681,1241,0.0,0.0008333472224535399,0.9998388396454487,-8.058017727639034e-05
58851,49.043317388623144,0.9983883964544722,560,681,1241,-0.0008058017727639033,0.0008333472224535399,0.999677679290896,-0.00016116035455278067
58852,49.0441507358456,0.9983883964544722,560,681,1241,0.0,0.0008333472224535399,0.9995165189363433,-0.00016116035455278067
58853,49.04498408306805,0.9991941982272361,560,681,1241,0.0008058017727639033,0.0008333472224535399,0.999435938759067,-8.058017727639034e-05
58854,49.045817430290505,1.0,560,681,1241,0.0008058017727639033,0.0008333472224535399,0.999435938759067,0.0
58855,49.04665077751296,1.0,560,681,1241,0.0,0.0008333472224535399,0.999435938759067,0.0
58856,49.04748412473541,1.0,560,681,1241,0.0,0.0008333472224535399,0.999435938759067,0.0
58857,49.048317471957866,1.0,560,681,1241,0.0,0.0008333472224535399,0.999435938759067,0.0
58858,49.04915081918032,1.0,560,681,1241,0.0,0.0008333472224535399,0.999435938759067,0.0
58859,49.04998416640277,1.0,560,681,1241,0.0,0.0008333472224535399,0.9995165189363433,8.058017727639034e-05
58860,49.050817513625226,1.0,560,681,1241,0.0,0.0008333472224535399,0.9995970991136197,8.058017727639034e-05
58861,49.05165086084768,1.0,560,681,1241,0.0,0.0008333472224535399,0.9997582594681724,0.00016116035455278067
58862,49.05248420807013,1.0,560,681,1241,0.0,0.0008333472224535399,0.999919419822725,0.00016116035455278067
58863,49.05331755529259,1.0,560,681,1241,0.0,0.0008333472224535399,1.0000000000000013,8.058017727639034e-05
58864,49.05415090251505,1.0,560,681,1241,0.0,0.0008333472224606453,1.0000000000000013,0.0
58865,49.0549842497375,1.0,560,681,1241,0.0,0.0008333472224535399,1.0000000000000013,0.0
58866,49.055817596959955,1.0,560,681,1241,0.0,0.0008333472224535399,1.0000000000000013,0.0
58867,49.05665094418241,1.0,560,681,1241,0.0,0.0008333472224535399,1.0000000000000013,0.0
58868,49.05748429140486,1.0,560,681,1241,0.0,0.0008333472224535399,1.0000000000000013,0.0
58869,49.058317638627315,1.0,560,681,1241,0.0,0.0008333472224535399,1.0000000000000013,0.0
58870,49.05915098584977,1.0,560,681,1241,0.0,0.0008333472224535399,1.0000000000000013,0.0
58871,49.05998433307222,1.0,560,681,1241,0.0,0.0008333472224535399,1.0000000000000013,0.0
58872,49.060817680294676,1.0,560,681,1241,0.0,0.0008333472224535399,1.0000000000000013,0.0
58873,49.06165102751713,1.0,560,681,1241,0.0,0.0008333472224535399,1.0000000000000013,0.0
58874,49.06248437473958,1.0,560,681,1241,0.0,0.0008333472224535399,1.0000000000000013,0.0
58875,49.063317721962036,1.0,560,681,1241,0.0,0.0008333472224535399,1.0000000000000013,0.0
58876,49.06415106918449,1.0,560,681,1241,0.0,0.0008333472224535399,1.0000000000000013,0.0
58877,49.06498441640694,1.0,560,681,1241,0.0,0.0008333472224535399,1.0000000000000013,0.0
58878,49.0658177636294,1.0,560,681,1241,0.0,0.0008333472224535399,1.0000000000000013,0.0
58879,49.06665111085185,1.0,560,681,1241,0.0,0.0008333472224535399,1.0000000000000013,0.0
58880,49.067484458074304,1.0,560,681,1241,0.0,0.0008333472224535399,1.0000000000000013,0.0
58881,49.06831780529676,1.0,560,681,1241,0.0,0.0008333472224535399,1.0000000000000013,0.0
58882,49.06915115251921,1.0,560,681,1241,0.0,0.0008333472224535399,1.0000000000000013,0.0
58883,49.069984499741665,1.0,560,681,1241,0.0,0.0008333472224535399,1.0000000000000013,0.0
58884,49.07081784696412,1.0,560,681,1241,0.0,0.0008333472224535399,1.0000000000000013,0.0
58885,49.07165119418657,1.0,560,681,1241,0.0,0.0008333472224535399,1.0000000000000013,0.0
58886,49.072484541409025,1.0,560,681,1241,0.0,0.0008333472224535399,1.0000000000000013,0.0
58887,49.07331788863148,1.0,560,681,1241,0.0,0.0008333472224535399,1.0000000000000013,0.0
58888,49.07415123585393,1.0,560,681,1241,0.0,0.0008333472224535399,1.0000000000000013,0.0
58889,49.074984583076386,1.0,560,681,1241,0.0,0.0008333472224535399,1.0000000000000013,0.0
58890,49.07581793029884,1.0,560,681,1241,0.0,0.0008333472224535399,1.0000000000000013,0.0
58891,49.07665127752129,1.0,560,681,1241,0.0,0.0008333472224535399,1.0000000000000013,0.0
58892,49.07748462474375,1.0,560,681,1241,0.0,0.0008333472224535399,1.0000000000000013,0.0
58893,49.0783179719662,1.0,560,681,1241,0.0,0.0008333472224535399,1.0000000000000013,0.0
58894,49.079151319188654,1.0,560,681,1241,0.0,0.0008333472224535399,1.0000000000000013,0.0
58895,49.07998466641111,1.0,560,681,1241,0.0,0.0008333472224535399,1.0000000000000013,0.0
58896,49.08081801363356,1.0,560,681,1241,0.0,0.0008333472224535399,1.0000000000000013,0.0
58897,49.081651360856014,1.0,560,681,1241,0.0,0.0008333472224535399,1.0000000000000013,0.0
58898,49.08248470807847,1.0,560,681,1241,0.0,0.0008333472224535399,1.0000000000000013,0.0
58899,49.08331805530092,0.9991941982272361,560,681,1241,-0.0008058017727639033,0.0008333472224535399,0.999919419822725,-8.058017727639034e-05
58900,49.084151402523375,1.0,560,681,1241,0.0008058017727639033,0.0008333472224535399,0.999919419822725,0.0
58901,49.08498474974583,1.0,560,681,1241,0.0,0.0008333472224535399,0.999919419822725,0.0
58902,49.08581809696828,1.0,560,681,1241,0.0,0.0008333472224535399,0.999919419822725,0.0
58903,49.086651444190736,1.0,560,681,1241,0.0,0.0008333472224535399,0.999919419822725,0.0
58904,49.08748479141319,1.0,560,681,1241,0.0,0.0008333472224535399,0.999919419822725,0.0
58905,49.08831813863564,1.0,560,681,1241,0.0,0.0008333472224535399,0.999919419822725,0.0
58906,49.089151485858096,1.0,560,681,1241,0.0,0.0008333472224535399,0.999919419822725,0.0
58907,49.08998483308056,1.0,560,681,1241,0.0,0.0008333472224606453,0.999919419822725,0.0
58908,49.09081818030301,1.0,560,681,1241,0.0,0.0008333472224535399,0.999919419822725,0.0
58909,49.091651527525464,1.0,560,681,1241,0.0,0.0008333472224535399,1.0000000000000013,8.058017727639034e-05
58910,49.09248487474792,1.0,560,681,1241,0.0,0.0008333472224535399,1.0000000000000013,0.0
58911,49.09331822197037,1.0,560,681,1241,0.0,0.0008333472224535399,1.0000000000000013,0.0
58912,49.094151569192825,1.0,560,681,1241,0.0,0.0008333472224535399,1.0000000000000013,0.0
58913,49.09498491641528,1.0,560,681,1241,0.0,0.0008333472224535399,1.0000000000000013,0.0
58914,49.09581826363773,1.0,560,681,1241,0.0,0.0008333472224535399,1.0000000000000013,0.0
58915,49.096651610860185,0.9991941982272361,560,681,1241,-0.0008058017727639033,0.0008333472224535399,0.999919419822725,-8.058017727639034e-05
58916,49.09748495808264,1.0,560,681,1241,0.0008058017727639033,0.0008333472224535399,0.999919419822725,0.0
58917,49.09831830530509,1.0,560,681,1241,0.0,0.0008333472224535399,0.999919419822725,0.0
58918,49.099151652527546,1.0,560,681,1241,0.0,0.0008333472224535399,0.999919419822725,0.0
58919,49.09998499975,1.0,560,681,1241,0.0,0.0008333472224535399,0.999919419822725,0.0
58920,49.10081834697245,1.0,560,681,1241,0.0,0.0008333472224535399,0.999919419822725,0.0
58921,49.101651694194906,1.0,560,681,1241,0.0,0.0008333472224535399,0.999919419822725,0.0
58922,49.10248504141736,1.0,560,681,1241,0.0,0.0008333472224535399,0.999919419822725,0.0
58923,49.10331838863981,1.0,560,681,1241,0.0,0.0008333472224535399,0.999919419822725,0.0
58924,49.10415173586227,1.0,560,681,1241,0.0,0.0008333472224535399,0.999919419822725,0.0
58925,49.10498508308472,1.0,560,681,1241,0.0,0.0008333472224535399,1.0000000000000013,8.058017727639034e-05
58926,49.105818430307174,1.0,560,681,1241,0.0,0.0008333472224535399,1.0000000000000013,0.0
58927,49.10665177752963,1.0,560,681,1241,0.0,0.0008333472224535399,1.0000000000000013,0.0
58928,49.10748512475208,0.9991941982272361,560,681,1241,-0.0008058017727639033,0.0008333472224535399,0.999919419822725,-8.058017727639034e-05
58929,49.108318471974535,0.9991941982272361,560,681,1241,0.0,0.0008333472224535399,0.9998388396454487,-8.058017727639034e-05
58930,49.10915181919699,0.9991941982272361,560,681,1241,0.0,0.0008333472224535399,0.9997582594681724,-8.058017727639034e-05
58931,49.10998516641944,0.9991941982272361,560,681,1241,0.0,0.0008333472224535399,0.999677679290896,-8.058017727639034e-05
58932,49.110818513641895,1.0,560,681,1241,0.0008058017727639033,0.0008333472224535399,0.999677679290896,0.0
58933,49.11165186086435,1.0,560,681,1241,0.0,0.0008333472224535399,0.999677679290896,0.0
58934,49.1124852080868,1.0,560,681,1241,0.0,0.0008333472224535399,0.999677679290896,0.0
58935,49.113318555309256,0.9991941982272361,560,681,1241,-0.0008058017727639033,0.0008333472224535399,0.9995970991136197,-8.058017727639034e-05
58936,49.11415190253171,0.9991941982272361,560,681,1241,0.0,0.0008333472224535399,0.9995165189363433,-8.058017727639034e-05
58937,49.11498524975416,0.9991941982272361,560,681,1241,0.0,0.0008333472224535399,0.999435938759067,-8.058017727639034e-05
58938,49.11581859697662,1.0,560,681,1241,0.0008058017727639033,0.0008333472224535399,0.9995165189363433,8.058017727639034e-05
58939,49.11665194419907,1.0,560,681,1241,0.0,0.0008333472224535399,0.9995970991136197,8.058017727639034e-05
58940,49.117485291421524,1.0,560,681,1241,0.0,0.0008333472224535399,0.999677679290896,8.058017727639034e-05
58941,49.11831863864398,1.0,560,681,1241,0.0,0.0008333472224535399,0.9997582594681724,8.058017727639034e-05
58942,49.11915198586643,1.0,560,681,1241,0.0,0.0008333472224535399,0.9997582594681724,0.0
58943,49.119985333088884,1.0,560,681,1241,0.0,0.0008333472224535399,0.9997582594681724,0.0
58944,49.12081868031134,1.0,560,681,1241,0.0,0.0008333472224535399,0.9997582594681724,0.0
58945,49.12165202753379,1.0,560,681,1241,0.0,0.0008333472224535399,0.9998388396454487,8.058017727639034e-05
58946,49.122485374756245,1.0,560,681,1241,0.0,0.0008333472224535399,0.999919419822725,8.058017727639034e-05
58947,49.1233187219787,1.0,560,681,1241,0.0,0.0008333472224535399,1.0000000000000013,8.058017727639034e-05
58948,49.12415206920115,1.0,560,681,1241,0.0,0.0008333472224535399,1.0000000000000013,0.0
58949,49.12498541642361,1.0,560,681,1241,0.0,0.0008333472224606453,1.0000000000000013,0.0
58950,49.125818763646066,1.0,560,681,1241,0.0,0.0008333472224535399,1.0000000000000013,0.0
58951,49.12665211086852,1.0,560,681,1241,0.0,0.0008333472224535399,1.0000000000000013,0.0
58952,49.12748545809097,1.0,560,681,1241,0.0,0.0008333472224535399,1.0000000000000013,0.0
58953,49.12831880531343,1.0,560,681,1241,0.0,0.0008333472224535399,1.0000000000000013,0.0
58954,49.12915215253588,1.0,560,681,1241,0.0,0.0008333472224535399,1.0000000000000013,0.0
58955,49.129985499758334,1.0,560,681,1241,0.0,0.0008333472224535399,1.0000000000000013,0.0
58956,49.13081884698079,1.0,560,681,1241,0.0,0.0008333472224535399,1.0000000000000013,0.0
58957,49.13165219420324,1.0,560,681,1241,0.0,0.0008333472224535399,1.0000000000000013,0.0
58958,49.132485541425694,1.0,560,681,1241,0.0,0.0008333472224535399,1.0000000000000013,0.0
58959,49.13331888864815,1.0,560,681,1241,0.0,0.0008333472224535399,1.0000000000000013,0.0
58960,49.1341522358706,1.0,560,681,1241,0.0,0.0008333472224535399,1.0000000000000013,0.0
58961,49.134985583093055,1.0,560,681,1241,0.0,0.0008333472224535399,1.0000000000000013,0.0
58962,49.13581893031551,1.0,560,681,1241,0.0,0.0008333472224535399,1.0000000000000013,0.0
58963,49.13665227753796,1.0,560,681,1241,0.0,0.0008333472224535399,1.0000000000000013,0.0
58964,49.137485624760416,1.0,560,681,1241,0.0,0.0008333472224535399,1.0000000000000013,0.0
58965,49.13831897198287,1.0,560,681,1241,0.0,0.0008333472224535399,1.0000000000000013,0.0
58966,49.13915231920532,1.0,560,681,1241,0.0,0.0008333472224535399,1.0000000000000013,0.0
58967,49.139985666427776,1.0,560,681,1241,0.0,0.0008333472224535399,1.0000000000000013,0.0
58968,49.14081901365023,1.0,560,681,1241,0.0,0.0008333472224535399,1.0000000000000013,0.0
58969,49.14165236087268,1.0,560,681,1241,0.0,0.0008333472224535399,1.0000000000000013,0.0
58970,49.14248570809514,1.0,560,681,1241,0.0,0.0008333472224535399,1.0000000000000013,0.0
58971,49.14331905531759,1.0,560,681,1241,0.0,0.0008333472224535399,1.0000000000000013,0.0
58972,49.144152402540044,1.0,560,681,1241,0.0,0.0008333472224535399,1.0000000000000013,0.0
58973,49.1449857497625,1.0,560,681,1241,0.0,0.0008333472224535399,1.0000000000000013,0.0
58974,49.14581909698495,1.0,560,681,1241,0.0,0.0008333472224535399,1.0000000000000013,0.0
58975,49.146652444207405,1.0,560,681,1241,0.0,0.0008333472224535399,1.0000000000000013,0.0
58976,49.14748579142986,0.9991941982272361,560,681,1241,-0.0008058017727639033,0.0008333472224535399,0.999919419822725,-8.058017727639034e-05
58977,49.14831913865231,0.9991941982272361,560,681,1241,0.0,0.0008333472224535399,0.9998388396454487,-8.058017727639034e-05
58978,49.149152485874765,0.9991941982272361,560,681,1241,0.0,0.0008333472224535399,0.9997582594681724,-8.058017727639034e-05
58979,49.14998583309722,1.0,560,681,1241,0.0008058017727639033,0.0008333472224535399,0.9997582594681724,0.0
58980,49.15081918031967,1.0,560,681,1241,0.0,0.0008333472224535399,0.9997582594681724,0.0
58981,49.151652527542126,1.0,560,681,1241,0.0,0.0008333472224535399,0.9997582594681724,0.0
58982,49.15248587476458,1.0,560,681,1241,0.0,0.0008333472224535399,0.9997582594681724,0.0
58983,49.15331922198703,1.0,560,681,1241,0.0,0.0008333472224535399,0.9997582594681724,0.0
58984,49.15415256920949,1.0,560,681,1241,0.0,0.0008333472224535399,0.9997582594681724,0.0
58985,49.15498591643194,1.0,560,681,1241,0.0,0.0008333472224535399,0.9997582594681724,0.0
58986,49.155819263654394,1.0,560,681,1241,0.0,0.0008333472224535399,0.9998388396454487,8.058017727639034e-05
58987,49.15665261087685,1.0,560,681,1241,0.0,0.0008333472224535399,0.999919419822725,8.058017727639034e-05
58988,49.1574859580993,1.0,560,681,1241,0.0,0.0008333472224535399,1.0000000000000013,8.058017727639034e-05
58989,49.158319305321754,1.0,560,681,1241,0.0,0.0008333472224535399,1.0000000000000013,0.0
58990,49.15915265254421,1.0,560,681,1241,0.0,0.0008333472224535399,1.0000000000000013,0.0
58991,49.15998599976667,1.0,560,681,1241,0.0,0.0008333472224606453,1.0000000000000013,0.0
58992,49.16081934698912,1.0,560,681,1241,0.0,0.0008333472224535399,1.0000000000000013,0.0
58993,49.161652694211575,1.0,560,681,1241,0.0,0.0008333472224535399,1.0000000000000013,0.0
58994,49.16248604143403,1.0,560,681,1241,0.0,0.0008333472224535399,1.0000000000000013,0.0
58995,49.16331938865648,1.0,560,681,1241,0.0,0.0008333472224535399,1.0000000000000013,0.0
58996,49.164152735878936,1.0,560,681,1241,0.0,0.0008333472224535399,1.0000000000000013,0.0
58997,49.16498608310139,1.0,560,681,1241,0.0,0.0008333472224535399,1.0000000000000013,0.0
58998,49.16581943032384,1.0,560,681,1241,0.0,0.0008333472224535399,1.0000000000000013,0.0
58999,49.1666527775463,1.0,560,681,1241,0.0,0.0008333472224535399,1.0000000000000013,0.0
59000,49.16748612476875,1.0,560,681,1241,0.0,0.0008333472224535399,1.0000000000000013,0.0
59001,49.168319471991204,0.9991941982272361,560,681,1241,-0.0008058017727639033,0.0008333472224535399,0.999919419822725,-8.058017727639034e-05
59002,49.16915281921366,0.9991941982272361,560,681,1241,0.0,0.0008333472224535399,0.9998388396454487,-8.058017727639034e-05
59003,49.16998616643611,0.9991941982272361,560,681,1241,0.0,0.0008333472224535399,0.9997582594681724,-8.058017727639034e-05
59004,49.170819513658564,1.0,560,681,1241,0.0008058017727639033,0.0008333472224535399,0.9997582594681724,0.0
59005,49.17165286088102,0.9991941982272361,560,681,1241,-0.0008058017727639033,0.0008333472224535399,0.999677679290896,-8.058017727639034e-05
59006,49.17248620810347,0.9991941982272361,560,681,1241,0.0,0.0008333472224535399,0.9995970991136197,-8.058017727639034e-05
59007,49.173319555325925,0.9991941982272361,560,681,1241,0.0,0.0008333472224535399,0.9995165189363433,-8.058017727639034e-05
59008,49.17415290254838,0.9991941982272361,560,681,1241,0.0,0.0008333472224535399,0.999435938759067,-8.058017727639034e-05
59009,49.17498624977083,0.9991941982272361,560,681,1241,0.0,0.0008333472224535399,0.9993553585817907,-8.058017727639034e-05
59010,49.175819596993286,1.0,560,681,1241,0.0008058017727639033,0.0008333472224535399,0.9993553585817907,0.0
59011,49.17665294421574,1.0,560,681,1241,0.0,0.0008333472224535399,0.999435938759067,8.058017727639034e-05
59012,49.17748629143819,1.0,560,681,1241,0.0,0.0008333472224535399,0.9995165189363433,8.058017727639034e-05
59013,49.178319638660646,1.0,560,681,1241,0.0,0.0008333472224535399,0.9995970991136197,8.058017727639034e-05
59014,49.1791529858831,1.0,560,681,1241,0.0,0.0008333472224535399,0.9995970991136197,0.0
59015,49.17998633310555,1.0,560,681,1241,0.0,0.0008333472224535399,0.999677679290896,8.058017727639034e-05
59016,49.18081968032801,1.0,560,681,1241,0.0,0.0008333472224535399,0.9997582594681724,8.058017727639034e-05
59017,49.18165302755046,1.0,560,681,1241,0.0,0.0008333472224535399,0.9998388396454487,8.058017727639034e-05
59018,49.182486374772914,1.0,560,681,1241,0.0,0.0008333472224535399,0.999919419822725,8.058017727639034e-05
59019,49.18331972199537,1.0,560,681,1241,0.0,0.0008333472224535399,1.0000000000000013,8.058017727639034e-05
59020,49.18415306921782,1.0,560,681,1241,0.0,0.0008333472224535399,1.0000000000000013,0.0
59021,49.184986416440275,1.0,560,681,1241,0.0,0.0008333472224535399,1.0000000000000013,0.0
59022,49.18581976366273,1.0,560,681,1241,0.0,0.0008333472224535399,1.0000000000000013,0.0
59023,49.18665311088518,1.0,560,681,1241,0.0,0.0008333472224535399,1.0000000000000013,0.0
59024,49.187486458107635,1.0,560,681,1241,0.0,0.0008333472224535399,1.0000000000000013,0.0
59025,49.18831980533009,1.0,560,681,1241,0.0,0.0008333472224535399,1.0000000000000013,0.0
59026,49.18915315255254,1.0,560,681,1241,0.0,0.0008333472224535399,1.0000000000000013,0.0
59027,49.189986499774996,1.0,560,681,1241,0.0,0.0008333472224535399,1.0000000000000013,0.0
59028,49.19081984699745,1.0,560,681,1241,0.0,0.0008333472224535399,1.0000000000000013,0.0
59029,49.1916531942199,1.0,560,681,1241,0.0,0.0008333472224535399,1.0000000000000013,0.0
59030,49.192486541442356,1.0,560,681,1241,0.0,0.0008333472224535399,1.0000000000000013,0.0
59031,49.19331988866481,1.0,560,681,1241,0.0,0.0008333472224535399,1.0000000000000013,0.0
59032,49.19415323588726,1.0,560,681,1241,0.0,0.0008333472224535399,1.0000000000000013,0.0
59033,49.19498658310972,1.0,560,681,1241,0.0,0.0008333472224535399,1.0000000000000013,0.0
59034,49.19581993033218,1.0,560,681,1241,0.0,0.0008333472224606453,1.0000000000000013,0.0
59035,49.19665327755463,1.0,560,681,1241,0.0,0.0008333472224535399,1.0000000000000013,0.0
59036,49.197486624777085,1.0,560,681,1241,0.0,0.0008333472224535399,1.0000000000000013,0.0
59037,49.19831997199954,1.0,560,681,1241,0.0,0.0008333472224535399,1.0000000000000013,0.0
59038,49.19915331922199,1.0,560,681,1241,0.0,0.0008333472224535399,1.0000000000000013,0.0
59039,49.199986666444445,1.0,560,681,1241,0.0,0.0008333472224535399,1.0000000000000013,0.0
59040,49.2008200136669,1.0,560,681,1241,0.0,0.0008333472224535399,1.0000000000000013,0.0
59041,49.20165336088935,1.0,560,681,1241,0.0,0.0008333472224535399,1.0000000000000013,0.0
59042,49.202486708111806,1.0,560,681,1241,0.0,0.0008333472224535399,1.0000000000000013,0.0
59043,49.20332005533426,1.0,560,681,1241,0.0,0.0008333472224535399,1.0000000000000013,0.0
59044,49.20415340255671,1.0,560,681,1241,0.0,0.0008333472224535399,1.0000000000000013,0.0
59045,49.20498674977917,1.0,560,681,1241,0.0,0.0008333472224535399,1.0000000000000013,0.0
59046,49.20582009700162,1.0,560,681,1241,0.0,0.0008333472224535399,1.0000000000000013,0.0
59047,49.206653444224074,1.0,560,681,1241,0.0,0.0008333472224535399,1.0000000000000013,0.0
59048,49.20748679144653,1.0,560,681,1241,0.0,0.0008333472224535399,1.0000000000000013,0.0
59049,49.20832013866898,1.0,560,681,1241,0.0,0.0008333472224535399,1.0000000000000013,0.0
59050,49.209153485891434,1.0,560,681,1241,0.0,0.0008333472224535399,1.0000000000000013,0.0
59051,49.20998683311389,1.0,560,681,1241,0.0,0.0008333472224535399,1.0000000000000013,0.0
59052,49.21082018033634,1.0,560,681,1241,0.0,0.0008333472224535399,1.0000000000000013,0.0
59053,49.211653527558795,1.0,560,681,1241,0.0,0.0008333472224535399,1.0000000000000013,0.0
59054,49.21248687478125,1.0,560,681,1241,0.0,0.0008333472224535399,1.0000000000000013,0.0
59055,49.2133202220037,0.9991941982272361,560,681,1241,-0.0008058017727639033,0.0008333472224535399,0.999919419822725,-8.058017727639034e-05
59056,49.214153569226156,0.9991941982272361,560,681,1241,0.0,0.0008333472224535399,0.9998388396454487,-8.058017727639034e-05
59057,49.21498691644861,0.9991941982272361,560,681,1241,0.0,0.0008333472224535399,0.9997582594681724,-8.058017727639034e-05
59058,49.21582026367106,0.9991941982272361,560,681,1241,0.0,0.0008333472224535399,0.999677679290896,-8.058017727639034e-05
59059,49.216653610893516,0.9991941982272361,560,681,1241,0.0,0.0008333472224535399,0.9995970991136197,-8.058017727639034e-05
59060,49.21748695811597,0.9991941982272361,560,681,1241,0.0,0.0008333472224535399,0.9995165189363433,-8.058017727639034e-05
59061,49.21832030533842,1.0,560,681,1241,0.0008058017727639033,0.0008333472224535399,0.9995165189363433,0.0
59062,49.21915365256088,1.0,560,681,1241,0.0,0.0008333472224535399,0.9995165189363433,0.0
59063,49.21998699978333,1.0,560,681,1241,0.0,0.0008333472224535399,0.9995165189363433,0.0
59064,49.220820347005784,1.0,560,681,1241,0.0,0.0008333472224535399,0.9995165189363433,0.0
59065,49.22165369422824,1.0,560,681,1241,0.0,0.0008333472224535399,0.9995970991136197,8.058017727639034e-05
59066,49.22248704145069,1.0,560,681,1241,0.0,0.0008333472224535399,0.999677679290896,8.058017727639034e-05
59067,49.223320388673145,1.0,560,681,1241,0.0,0.0008333472224535399,0.9997582594681724,8.058017727639034e-05
59068,49.2241537358956,1.0,560,681,1241,0.0,0.0008333472224535399,0.9998388396454487,8.058017727639034e-05
59069,49.22498708311805,1.0,560,681,1241,0.0,0.0008333472224535399,0.999919419822725,8.058017727639034e-05
59070,49.225820430340505,1.0,560,681,1241,0.0,0.0008333472224535399,1.0000000000000013,8.058017727639034e-05
59071,49.22665377756296,1.0,560,681,1241,0.0,0.0008333472224535399,1.0000000000000013,0.0
59072,49.22748712478541,1.0,560,681,1241,0.0,0.0008333472224535399,1.0000000000000013,0.0
59073,49.228320472007866,1.0,560,681,1241,0.0,0.0008333472224535399,1.0000000000000013,0.0
59074,49.22915381923032,1.0,560,681,1241,0.0,0.0008333472224535399,1.0000000000000013,0.0
59075,49.22998716645277,1.0,560,681,1241,0.0,0.0008333472224535399,1.0000000000000013,0.0
59076,49.23082051367523,0.9991941982272361,560,681,1241,-0.0008058017727639033,0.0008333472224606453,0.999919419822725,-8.058017727639034e-05
59077,49.23165386089769,1.0,560,681,1241,0.0008058017727639033,0.0008333472224535399,0.999919419822725,0.0
59078,49.23248720812014,1.0,560,681,1241,0.0,0.0008333472224535399,0.999919419822725,0.0
59079,49.233320555342594,1.0,560,681,1241,0.0,0.0008333472224535399,0.999919419822725,0.0
59080,49.23415390256505,1.0,560,681,1241,0.0,0.0008333472224535399,0.999919419822725,0.0
59081,49.2349872497875,1.0,560,681,1241,0.0,0.0008333472224535399,0.999919419822725,0.0
59082,49.235820597009955,0.9983883964544722,560,681,1241,-0.0016116035455278066,0.0008333472224535399,0.9997582594681724,-0.00016116035455278067
59083,49.23665394423241,1.0,560,681,1241,0.0016116035455278066,0.0008333472224535399,0.9997582594681724,0.0
59084,49.23748729145486,1.0,560,681,1241,0.0,0.0008333472224535399,0.9997582594681724,0.0
59085,49.238320638677315,1.0,560,681,1241,0.0,0.0008333472224535399,0.9997582594681724,0.0
59086,49.23915398589977,1.0,560,681,1241,0.0,0.0008333472224535399,0.9998388396454487,8.058017727639034e-05
59087,49.23998733312222,1.0,560,681,1241,0.0,0.0008333472224535399,0.9998388396454487,0.0
59088,49.240820680344676,1.0,560,681,1241,0.0,0.0008333472224535399,0.9998388396454487,0.0
59089,49.24165402756713,1.0,560,681,1241,0.0,0.0008333472224535399,0.9998388396454487,0.0
59090,49.24248737478958,1.0,560,681,1241,0.0,0.0008333472224535399,0.9998388396454487,0.0
59091,49.24332072201204,1.0,560,681,1241,0.0,0.0008333472224535399,0.9998388396454487,0.0
59092,49.24415406923449,1.0,560,681,1241,0.0,0.0008333472224535399,1.0000000000000013,0.00016116035455278067
59093,49.244987416456944,1.0,560,681,1241,0.0,0.0008333472224535399,1.0000000000000013,0.0
59094,49.2458207636794,1.0,560,681,1241,0.0,0.0008333472224535399,1.0000000000000013,0.0
59095,49.24665411090185,1.0,560,681,1241,0.0,0.0008333472224535399,1.0000000000000013,0.0
59096,49.247487458124304,1.0,560,681,1241,0.0,0.0008333472224535399,1.0000000000000013,0.0
59097,49.24832080534676,1.0,560,681,1241,0.0,0.0008333472224535399,1.0000000000000013,0.0
59098,49.24915415256921,1.0,560,681,1241,0.0,0.0008333472224535399,1.0000000000000013,0.0
59099,49.249987499791665,1.0,560,681,1241,0.0,0.0008333472224535399,1.0000000000000013,0.0
59100,49.25082084701412,1.0,560,681,1241,0.0,0.0008333472224535399,1.0000000000000013,0.0
59101,49.25165419423657,1.0,560,681,1241,0.0,0.0008333472224535399,1.0000000000000013,0.0
59102,49.252487541459026,1.0,560,681,1241,0.0,0.0008333472224535399,1.0000000000000013,0.0
59103,49.25332088868148,1.0,560,681,1241,0.0,0.0008333472224535399,1.0000000000000013,0.0
59104,49.25415423590393,1.0,560,681,1241,0.0,0.0008333472224535399,1.0000000000000013,0.0
59105,49.254987583126386,1.0,560,681,1241,0.0,0.0008333472224535399,1.0000000000000013,0.0
59106,49.25582093034884,1.0,560,681,1241,0.0,0.0008333472224535399,1.0000000000000013,0.0
59107,49.25665427757129,1.0,560,681,1241,0.0,0.0008333472224535399,1.0000000000000013,0.0
59108,49.25748762479375,1.0,560,681,1241,0.0,0.0008333472224535399,1.0000000000000013,0.0
59109,49.2583209720162,1.0,560,681,1241,0.0,0.0008333472224535399,1.0000000000000013,0.0
59110,49.259154319238654,1.0,560,681,1241,0.0,0.0008333472224535399,1.0000000000000013,0.0
59111,49.25998766646111,1.0,560,681,1241,0.0,0.0008333472224535399,1.0000000000000013,0.0
59112,49.26082101368356,1.0,560,681,1241,0.0,0.0008333472224535399,1.0000000000000013,0.0
59113,49.261654360906014,1.0,560,681,1241,0.0,0.0008333472224535399,1.0000000000000013,0.0
59114,49.26248770812847,1.0,560,681,1241,0.0,0.0008333472224535399,1.0000000000000013,0.0
59115,49.26332105535092,1.0,560,681,1241,0.0,0.0008333472224535399,1.0000000000000013,0.0
59116,49.264154402573375,1.0,560,681,1241,0.0,0.0008333472224535399,1.0000000000000013,0.0
59117,49.26498774979583,1.0,560,681,1241,0.0,0.0008333472224535399,1.0000000000000013,0.0
59118,49.26582109701829,1.0,560,681,1241,0.0,0.0008333472224606453,1.0000000000000013,0.0
59119,49.26665444424074,1.0,560,681,1241,0.0,0.0008333472224535399,1.0000000000000013,0.0
59120,49.267487791463196,1.0,560,681,1241,0.0,0.0008333472224535399,1.0000000000000013,0.0
59121,49.26832113868565,1.0,560,681,1241,0.0,0.0008333472224535399,1.0000000000000013,0.0
59122,49.2691544859081,1.0,560,681,1241,0.0,0.0008333472224535399,1.0000000000000013,0.0
59123,49.26998783313056,1.0,560,681,1241,0.0,0.0008333472224535399,1.0000000000000013,0.0
59124,49.27082118035301,1.0,560,681,1241,0.0,0.0008333472224535399,1.0000000000000013,0.0
59125,49.271654527575464,1.0,560,681,1241,0.0,0.0008333472224535399,1.0000000000000013,0.0
59126,49.27248787479792,1.0,560,681,1241,0.0,0.0008333472224535399,1.0000000000000013,0.0
59127,49.27332122202037,1.0,560,681,1241,0.0,0.0008333472224535399,1.0000000000000013,0.0
59128,49.274154569242825,1.0,560,681,1241,0.0,0.0008333472224535399,1.0000000000000013,0.0
59129,49.27498791646528,1.0,560,681,1241,0.0,0.0008333472224535399,1.0000000000000013,0.0
59130,49.27582126368773,1.0,560,681,1241,0.0,0.0008333472224535399,1.0000000000000013,0.0
59131,49.276654610910185,1.0,560,681,1241,0.0,0.0008333472224535399,1.0000000000000013,0.0
59132,49.27748795813264,1.0,560,681,1241,0.0,0.0008333472224535399,1.0000000000000013,0.0
59133,49.27832130535509,1.0,560,681,1241,0.0,0.0008333472224535399,1.0000000000000013,0.0
59134,49.279154652577546,1.0,560,681,1241,0.0,0.0008333472224535399,1.0000000000000013,0.0
59135,49.2799879998,1.0,560,681,1241,0.0,0.0008333472224535399,1.0000000000000013,0.0
59136,49.28082134702245,1.0,560,681,1241,0.0,0.0008333472224535399,1.0000000000000013,0.0
59137,49.28165469424491,1.0,560,681,1241,0.0,0.0008333472224535399,1.0000000000000013,0.0
59138,49.28248804146736,1.0,560,681,1241,0.0,0.0008333472224535399,1.0000000000000013,0.0
59139,49.283321388689814,1.0,560,681,1241,0.0,0.0008333472224535399,1.0000000000000013,0.0
59140,49.28415473591227,1.0,560,681,1241,0.0,0.0008333472224535399,1.0000000000000013,0.0
59141,49.28498808313472,1.0,560,681,1241,0.0,0.0008333472224535399,1.0000000000000013,0.0
59142,49.285821430357174,1.0,560,681,1241,0.0,0.0008333472224535399,1.0000000000000013,0.0
59143,49.28665477757963,1.0,560,681,1241,0.0,0.0008333472224535399,1.0000000000000013,0.0
59144,49.28748812480208,1.0,560,681,1241,0.0,0.0008333472224535399,1.0000000000000013,0.0
59145,49.288321472024535,1.0,560,681,1241,0.0,0.0008333472224535399,1.0000000000000013,0.0
59146,49.28915481924699,1.0,560,681,1241,0.0,0.0008333472224535399,1.0000000000000013,0.0
59147,49.28998816646944,1.0,560,681,1241,0.0,0.0008333472224535399,1.0000000000000013,0.0
59148,49.290821513691895,1.0,560,681,1241,0.0,0.0008333472224535399,1.0000000000000013,0.0
59149,49.29165486091435,1.0,560,681,1241,0.0,0.0008333472224535399,1.0000000000000013,0.0
59150,49.2924882081368,0.9991941982272361,560,681,1241,-0.0008058017727639033,0.0008333472224535399,0.999919419822725,-8.058017727639034e-05
59151,49.293321555359256,0.9991941982272361,560,681,1241,0.0,0.0008333472224535399,0.9998388396454487,-8.058017727639034e-05
59152,49.29415490258171,0.9991941982272361,560,681,1241,0.0,0.0008333472224535399,0.9997582594681724,-8.058017727639034e-05
59153,49.29498824980416,0.9991941982272361,560,681,1241,0.0,0.0008333472224535399,0.999677679290896,-8.058017727639034e-05
59154,49.29582159702662,1.0,560,681,1241,0.0008058017727639033,0.0008333472224535399,0.999677679290896,0.0
59155,49.29665494424907,1.0,560,681,1241,0.0,0.0008333472224535399,0.999677679290896,0.0
59156,49.297488291471524,1.0,560,681,1241,0.0,0.0008333472224535399,0.999677679290896,0.0
59157,49.29832163869398,1.0,560,681,1241,0.0,0.0008333472224535399,0.999677679290896,0.0
59158,49.29915498591643,1.0,560,681,1241,0.0,0.0008333472224535399,0.999677679290896,0.0
59159,49.299988333138884,1.0,560,681,1241,0.0,0.0008333472224535399,0.999677679290896,0.0
59160,49.30082168036134,1.0,560,681,1241,0.0,0.0008333472224535399,0.9997582594681724,8.058017727639034e-05
59161,49.3016550275838,1.0,560,681,1241,0.0,0.0008333472224606453,0.9998388396454487,8.058017727639034e-05
59162,49.30248837480625,1.0,560,681,1241,0.0,0.0008333472224535399,0.999919419822725,8.058017727639034e-05
59163,49.303321722028706,1.0,560,681,1241,0.0,0.0008333472224535399,1.0000000000000013,8.058017727639034e-05
59164,49.30415506925116,1.0,560,681,1241,0.0,0.0008333472224535399,1.0000000000000013,0.0
59165,49.30498841647361,1.0,560,681,1241,0.0,0.0008333472224535399,1.0000000000000013,0.0
59166,49.305821763696066,0.9991941982272361,560,681,1241,-0.0008058017727639033,0.0008333472224535399,0.999919419822725,-8.058017727639034e-05
59167,49.30665511091852,0.9991941982272361,560,681,1241,0.0,0.0008333472224535399,0.9998388396454487,-8.058017727639034e-05
59168,49.30748845814097,0.9991941982272361,560,681,1241,0.0,0.0008333472224535399,0.9997582594681724,-8.058017727639034e-05
59169,49.30832180536343,0.9991941982272361,560,681,1241,0.0,0.0008333472224535399,0.999677679290896,-8.058017727639034e-05
59170,49.30915515258588,0.9991941982272361,560,681,1241,0.0,0.0008333472224535399,0.9995970991136197,-8.058017727639034e-05
59171,49.309988499808334,1.0,560,681,1241,0.0008058017727639033,0.0008333472224535399,0.9995970991136197,0.0
59172,49.31082184703079,1.0,560,681,1241,0.0,0.0008333472224535399,0.9995970991136197,0.0
59173,49.31165519425324,1.0,560,681,1241,0.0,0.0008333472224535399,0.9995970991136197,0.0
59174,49.312488541475695,1.0,560,681,1241,0.0,0.0008333472224535399,0.9995970991136197,0.0
59175,49.31332188869815,1.0,560,681,1241,0.0,0.0008333472224535399,0.9995970991136197,0.0
59176,49.3141552359206,1.0,560,681,1241,0.0,0.0008333472224535399,0.999677679290896,8.058017727639034e-05
59177,49.314988583143055,1.0,560,681,1241,0.0,0.0008333472224535399,0.9997582594681724,8.058017727639034e-05
59178,49.31582193036551,1.0,560,681,1241,0.0,0.0008333472224535399,0.9998388396454487,8.058017727639034e-05
59179,49.31665527758796,1.0,560,681,1241,0.0,0.0008333472224535399,0.999919419822725,8.058017727639034e-05
59180,49.317488624810416,1.0,560,681,1241,0.0,0.0008333472224535399,1.0000000000000013,8.058017727639034e-05
59181,49.31832197203287,1.0,560,681,1241,0.0,0.0008333472224535399,1.0000000000000013,0.0
59182,49.31915531925532,1.0,560,681,1241,0.0,0.0008333472224535399,1.0000000000000013,0.0
59183,49.31998866647778,1.0,560,681,1241,0.0,0.0008333472224535399,1.0000000000000013,0.0
59184,49.32082201370023,1.0,560,681,1241,0.0,0.0008333472224535399,1.0000000000000013,0.0
59185,49.32165536092268,1.0,560,681,1241,0.0,0.0008333472224535399,1.0000000000000013,0.0
59186,49.32248870814514,1.0,560,681,1241,0.0,0.0008333472224535399,1.0000000000000013,0.0
59187,49.32332205536759,1.0,560,681,1241,0.0,0.0008333472224535399,1.0000000000000013,0.0
59188,49.324155402590044,1.0,560,681,1241,0.0,0.0008333472224535399,1.0000000000000013,0.0
59189,49.3249887498125,1.0,560,681,1241,0.0,0.0008333472224535399,1.0000000000000013,0.0
59190,49.32582209703495,1.0,560,681,1241,0.0,0.0008333472224535399,1.0000000000000013,0.0
59191,49.326655444257405,1.0,560,681,1241,0.0,0.0008333472224535399,1.0000000000000013,0.0
59192,49.32748879147986,1.0,560,681,1241,0.0,0.0008333472224535399,1.0000000000000013,0.0
59193,49.32832213870231,1.0,560,681,1241,0.0,0.0008333472224535399,1.0000000000000013,0.0
59194,49.329155485924765,1.0,560,681,1241,0.0,0.0008333472224535399,1.0000000000000013,0.0
59195,49.32998883314722,1.0,560,681,1241,0.0,0.0008333472224535399,1.0000000000000013,0.0
59196,49.33082218036967,1.0,560,681,1241,0.0,0.0008333472224535399,1.0000000000000013,0.0
59197,49.331655527592126,1.0,560,681,1241,0.0,0.0008333472224535399,1.0000000000000013,0.0
59198,49.33248887481458,1.0,560,681,1241,0.0,0.0008333472224535399,1.0000000000000013,0.0
59199,49.33332222203703,1.0,560,681,1241,0.0,0.0008333472224535399,1.0000000000000013,0.0
59200,49.33415556925949,1.0,560,681,1241,0.0,0.0008333472224535399,1.0000000000000013,0.0
59201,49.33498891648194,1.0,560,681,1241,0.0,0.0008333472224535399,1.0000000000000013,0.0
59202,49.335822263704394,1.0,560,681,1241,0.0,0.0008333472224535399,1.0000000000000013,0.0
59203,49.336655610926854,1.0,560,681,1241,0.0,0.0008333472224606453,1.0000000000000013,0.0
59204,49.33748895814931,1.0,560,681,1241,0.0,0.0008333472224535399,1.0000000000000013,0.0
59205,49.33832230537176,1.0,560,681,1241,0.0,0.0008333472224535399,1.0000000000000013,0.0
59206,49.339155652594215,1.0,560,681,1241,0.0,0.0008333472224535399,1.0000000000000013,0.0
59207,49.33998899981667,0.9991941982272361,560,681,1241,-0.0008058017727639033,0.0008333472224535399,0.999919419822725,-8.058017727639034e-05
59208,49.34082234703912,0.9991941982272361,560,681,1241,0.0,0.0008333472224535399,0.9998388396454487,-8.058017727639034e-05
59209,49.341655694261576,0.9983883964544722,560,681,1241,-0.0008058017727639033,0.0008333472224535399,0.999677679290896,-0.00016116035455278067
59210,49.34248904148403,0.9991941982272361,560,681,1241,0.0008058017727639033,0.0008333472224535399,0.9995970991136197,-8.058017727639034e-05
59211,49.34332238870648,0.9991941982272361,560,681,1241,0.0,0.0008333472224535399,0.9995165189363433,-8.058017727639034e-05
59212,49.344155735928936,0.9991941982272361,560,681,1241,0.0,0.0008333472224535399,0.999435938759067,-8.058017727639034e-05
59213,49.34498908315139,0.9991941982272361,560,681,1241,0.0,0.0008333472224535399,0.9993553585817907,-8.058017727639034e-05
59214,49.34582243037384,1.0,560,681,1241,0.0008058017727639033,0.0008333472224535399,0.9993553585817907,0.0
59215,49.3466557775963,1.0,560,681,1241,0.0,0.0008333472224535399,0.9993553585817907,0.0
59216,49.34748912481875,1.0,560,681,1241,0.0,0.0008333472224535399,0.9993553585817907,0.0
59217,49.348322472041204,1.0,560,681,1241,0.0,0.0008333472224535399,0.999435938759067,8.058017727639034e-05
59218,49.34915581926366,1.0,560,681,1241,0.0,0.0008333472224535399,0.9995165189363433,8.058017727639034e-05
59219,49.34998916648611,1.0,560,681,1241,0.0,0.0008333472224535399,0.999677679290896,0.00016116035455278067
59220,49.350822513708565,1.0,560,681,1241,0.0,0.0008333472224535399,0.9997582594681724,8.058017727639034e-05
59221,49.35165586093102,1.0,560,681,1241,0.0,0.0008333472224535399,0.9998388396454487,8.058017727639034e-05
59222,49.35248920815347,1.0,560,681,1241,0.0,0.0008333472224535399,0.999919419822725,8.058017727639034e-05
59223,49.353322555375925,0.9991941982272361,560,681,1241,-0.0008058017727639033,0.0008333472224535399,0.999919419822725,0.0
59224,49.35415590259838,0.9991941982272361,560,681,1241,0.0,0.0008333472224535399,0.9998388396454487,-8.058017727639034e-05
59225,49.35498924982083,0.9991941982272361,560,681,1241,0.0,0.0008333472224535399,0.9997582594681724,-8.058017727639034e-05
59226,49.355822597043286,0.9991941982272361,560,681,1241,0.0,0.0008333472224535399,0.999677679290896,-8.058017727639034e-05
59227,49.35665594426574,0.9991941982272361,560,681,1241,0.0,0.0008333472224535399,0.9995970991136197,-8.058017727639034e-05
59228,49.35748929148819,0.9991941982272361,560,681,1241,0.0,0.0008333472224535399,0.9995165189363433,-8.058017727639034e-05
59229,49.358322638710646,0.9991941982272361,560,681,1241,0.0,0.0008333472224535399,0.999435938759067,-8.058017727639034e-05
59230,49.3591559859331,0.9991941982272361,560,681,1241,0.0,0.0008333472224535399,0.9993553585817907,-8.058017727639034e-05
59231,49.35998933315555,0.9991941982272361,560,681,1241,0.0,0.0008333472224535399,0.9992747784045143,-8.058017727639034e-05
59232,49.36082268037801,1.0,560,681,1241,0.0008058017727639033,0.0008333472224535399,0.9992747784045143,0.0
59233,49.36165602760046,1.0,560,681,1241,0.0,0.0008333472224535399,0.9993553585817907,8.058017727639034e-05
59234,49.362489374822914,1.0,560,681,1241,0.0,0.0008333472224535399,0.999435938759067,8.058017727639034e-05
59235,49.36332272204537,1.0,560,681,1241,0.0,0.0008333472224535399,0.9995165189363433,8.058017727639034e-05
59236,49.36415606926782,1.0,560,681,1241,0.0,0.0008333472224535399,0.9995970991136197,8.058017727639034e-05
59237,49.364989416490275,1.0,560,681,1241,0.0,0.0008333472224535399,0.999677679290896,8.058017727639034e-05
59238,49.36582276371273,1.0,560,681,1241,0.0,0.0008333472224535399,0.9997582594681724,8.058017727639034e-05
59239,49.36665611093518,1.0,560,681,1241,0.0,0.0008333472224535399,0.9998388396454487,8.058017727639034e-05
59240,49.367489458157635,1.0,560,681,1241,0.0,0.0008333472224535399,0.999919419822725,8.058017727639034e-05
59241,49.36832280538009,1.0,560,681,1241,0.0,0.0008333472224535399,1.0000000000000013,8.058017727639034e-05
59242,49.36915615260254,1.0,560,681,1241,0.0,0.0008333472224535399,1.0000000000000013,0.0
59243,49.369989499824996,1.0,560,681,1241,0.0,0.0008333472224535399,1.0000000000000013,0.0
59244,49.37082284704745,1.0,560,681,1241,0.0,0.0008333472224535399,1.0000000000000013,0.0
59245,49.3716561942699,1.0,560,681,1241,0.0,0.0008333472224535399,1.0000000000000013,0.0
59246,49.372489541492364,1.0,560,681,1241,0.0,0.0008333472224606453,1.0000000000000013,0.0
59247,49.37332288871482,1.0,560,681,1241,0.0,0.0008333472224535399,1.0000000000000013,0.0
59248,49.37415623593727,1.0,560,681,1241,0.0,0.0008333472224535399,1.0000000000000013,0.0
59249,49.374989583159724,1.0,560,681,1241,0.0,0.0008333472224535399,1.0000000000000013,0.0
59250,49.37582293038218,1.0,560,681,1241,0.0,0.0008333472224535399,1.0000000000000013,0.0
59251,49.37665627760463,1.0,560,681,1241,0.0,0.0008333472224535399,1.0000000000000013,0.0
59252,49.377489624827085,1.0,560,681,1241,0.0,0.0008333472224535399,1.0000000000000013,0.0
59253,49.37832297204954,1.0,560,681,1241,0.0,0.0008333472224535399,1.0000000000000013,0.0
59254,49.37915631927199,1.0,560,681,1241,0.0,0.0008333472224535399,1.0000000000000013,0.0
59255,49.379989666494446,1.0,560,681,1241,0.0,0.0008333472224535399,1.0000000000000013,0.0
59256,49.3808230137169,1.0,560,681,1241,0.0,0.0008333472224535399,1.0000000000000013,0.0
59257,49.38165636093935,1.0,560,681,1241,0.0,0.0008333472224535399,1.0000000000000013,0.0
59258,49.382489708161806,1.0,560,681,1241,0.0,0.0008333472224535399,1.0000000000000013,0.0
59259,49.38332305538426,1.0,560,681,1241,0.0,0.0008333472224535399,1.0000000000000013,0.0
59260,49.38415640260671,1.0,560,681,1241,0.0,0.0008333472224535399,1.0000000000000013,0.0
59261,49.38498974982917,1.0,560,681,1241,0.0,0.0008333472224535399,1.0000000000000013,0.0
59262,49.38582309705162,1.0,560,681,1241,0.0,0.0008333472224535399,1.0000000000000013,0.0
59263,49.386656444274074,1.0,560,681,1241,0.0,0.0008333472224535399,1.0000000000000013,0.0
59264,49.38748979149653,1.0,560,681,1241,0.0,0.0008333472224535399,1.0000000000000013,0.0
59265,49.38832313871898,1.0,560,681,1241,0.0,0.0008333472224535399,1.0000000000000013,0.0
59266,49.389156485941434,1.0,560,681,1241,0.0,0.0008333472224535399,1.0000000000000013,0.0
59267,49.38998983316389,0.9991941982272361,560,681,1241,-0.0008058017727639033,0.0008333472224535399,0.999919419822725,-8.058017727639034e-05
59268,49.39082318038634,0.9991941982272361,560,681,1241,0.0,0.0008333472224535399,0.9998388396454487,-8.058017727639034e-05
59269,49.391656527608795,0.9991941982272361,560,681,1241,0.0,0.0008333472224535399,0.9997582594681724,-8.058017727639034e-05
59270,49.39248987483125,0.9991941982272361,560,681,1241,0.0,0.0008333472224535399,0.999677679290896,-8.058017727639034e-05
59271,49.3933232220537,1.0,560,681,1241,0.0008058017727639033,0.0008333472224535399,0.999677679290896,0.0
59272,49.394156569276156,1.0,560,681,1241,0.0,0.0008333472224535399,0.999677679290896,0.0
59273,49.39498991649861,1.0,560,681,1241,0.0,0.0008333472224535399,0.999677679290896,0.0
59274,49.39582326372106,1.0,560,681,1241,0.0,0.0008333472224535399,0.999677679290896,0.0
59275,49.396656610943516,1.0,560,681,1241,0.0,0.0008333472224535399,0.999677679290896,0.0
59276,49.39748995816597,1.0,560,681,1241,0.0,0.0008333472224535399,0.999677679290896,0.0
59277,49.39832330538842,1.0,560,681,1241,0.0,0.0008333472224535399,0.9997582594681724,8.058017727639034e-05
59278,49.39915665261088,1.0,560,681,1241,0.0,0.0008333472224535399,0.9998388396454487,8.058017727639034e-05
59279,49.39998999983333,1.0,560,681,1241,0.0,0.0008333472224535399,0.999919419822725,8.058017727639034e-05
59280,49.400823347055784,1.0,560,681,1241,0.0,0.0008333472224535399,1.0000000000000013,8.058017727639034e-05
59281,49.40165669427824,1.0,560,681,1241,0.0,0.0008333472224535399,1.0000000000000013,0.0
59282,49.40249004150069,1.0,560,681,1241,0.0,0.0008333472224535399,1.0000000000000013,0.0
59283,49.403323388723145,1.0,560,681,1241,0.0,0.0008333472224535399,1.0000000000000013,0.0
59284,49.4041567359456,1.0,560,681,1241,0.0,0.0008333472224535399,1.0000000000000013,0.0
59285,49.40499008316805,1.0,560,681,1241,0.0,0.0008333472224535399,1.0000000000000013,0.0
59286,49.405823430390505,1.0,560,681,1241,0.0,0.0008333472224535399,1.0000000000000013,0.0
59287,49.40665677761296,1.0,560,681,1241,0.0,0.0008333472224535399,1.0000000000000013,0.0
59288,49.40749012483542,1.0,560,681,1241,0.0,0.0008333472224606453,1.0000000000000013,0.0
59289,49.40832347205787,1.0,560,681,1241,0.0,0.0008333472224535399,1.0000000000000013,0.0
59290,49.40915681928033,1.0,560,681,1241,0.0,0.0008333472224535399,1.0000000000000013,0.0
59291,49.40999016650278,1.0,560,681,1241,0.0,0.0008333472224535399,1.0000000000000013,0.0
59292,49.410823513725234,1.0,560,681,1241,0.0,0.0008333472224535399,1.0000000000000013,0.0
59293,49.41165686094769,1.0,560,681,1241,0.0,0.0008333472224535399,1.0000000000000013,0.0
59294,49.41249020817014,1.0,560,681,1241,0.0,0.0008333472224535399,1.0000000000000013,0.0
59295,49.413323555392594,1.0,560,681,1241,0.0,0.0008333472224535399,1.0000000000000013,0.0
59296,49.41415690261505,1.0,560,681,1241,0.0,0.0008333472224535399,1.0000000000000013,0.0
59297,49.4149902498375,1.0,560,681,1241,0.0,0.0008333472224535399,1.0000000000000013,0.0
59298,49.415823597059955,1.0,560,681,1241,0.0,0.0008333472224535399,1.0000000000000013,0.0
59299,49.41665694428241,1.0,560,681,1241,0.0,0.0008333472224535399,1.0000000000000013,0.0
59300,49.41749029150486,1.0,560,681,1241,0.0,0.0008333472224535399,1.0000000000000013,0.0
59301,49.418323638727315,1.0,560,681,1241,0.0,0.0008333472224535399,1.0000000000000013,0.0
59302,49.41915698594977,1.0,560,681,1241,0.0,0.0008333472224535399,1.0000000000000013,0.0
59303,49.41999033317222,1.0,560,681,1241,0.0,0.0008333472224535399,1.0000000000000013,0.0
59304,49.420823680394676,1.0,560,681,1241,0.0,0.0008333472224535399,1.0000000000000013,0.0
59305,49.42165702761713,1.0,560,681,1241,0.0,0.0008333472224535399,1.0000000000000013,0.0
59306,49.42249037483958,1.0,560,681,1241,0.0,0.0008333472224535399,1.0000000000000013,0.0
59307,49.42332372206204,1.0,560,681,1241,0.0,0.0008333472224535399,1.0000000000000013,0.0
59308,49.42415706928449,1.0,560,681,1241,0.0,0.0008333472224535399,1.0000000000000013,0.0
59309,49.424990416506944,1.0,560,681,1241,0.0,0.0008333472224535399,1.0000000000000013,0.0
59310,49.4258237637294,1.0,560,681,1241,0.0,0.0008333472224535399,1.0000000000000013,0.0
59311,49.42665711095185,1.0,560,681,1241,0.0,0.0008333472224535399,1.0000000000000013,0.0
59312,49.427490458174304,1.0,560,681,1241,0.0,0.0008333472224535399,1.0000000000000013,0.0
59313,49.42832380539676,1.0,560,681,1241,0.0,0.0008333472224535399,1.0000000000000013,0.0
59314,49.42915715261921,1.0,560,681,1241,0.0,0.0008333472224535399,1.0000000000000013,0.0
59315,49.429990499841665,1.0,560,681,1241,0.0,0.0008333472224535399,1.0000000000000013,0.0
59316,49.43082384706412,1.0,560,681,1241,0.0,0.0008333472224535399,1.0000000000000013,0.0
59317,49.43165719428657,1.0,560,681,1241,0.0,0.0008333472224535399,1.0000000000000013,0.0
59318,49.432490541509026,1.0,560,681,1241,0.0,0.0008333472224535399,1.0000000000000013,0.0
59319,49.43332388873148,1.0,560,681,1241,0.0,0.0008333472224535399,1.0000000000000013,0.0
59320,49.43415723595393,1.0,560,681,1241,0.0,0.0008333472224535399,1.0000000000000013,0.0
59321,49.434990583176386,1.0,560,681,1241,0.0,0.0008333472224535399,1.0000000000000013,0.0
59322,49.43582393039884,1.0,560,681,1241,0.0,0.0008333472224535399,1.0000000000000013,0.0
59323,49.43665727762129,1.0,560,681,1241,0.0,0.0008333472224535399,1.0000000000000013,0.0
59324,49.43749062484375,1.0,560,681,1241,0.0,0.0008333472224535399,1.0000000000000013,0.0
59325,49.4383239720662,1.0,560,681,1241,0.0,0.0008333472224535399,1.0000000000000013,0.0
59326,49.439157319288654,1.0,560,681,1241,0.0,0.0008333472224535399,1.0000000000000013,0.0
59327,49.43999066651111,1.0,560,681,1241,0.0,0.0008333472224535399,1.0000000000000013,0.0
59328,49.44082401373356,1.0,560,681,1241,0.0,0.0008333472224535399,1.0000000000000013,0.0
59329,49.441657360956015,1.0,560,681,1241,0.0,0.0008333472224535399,1.0000000000000013,0.0
59330,49.442490708178475,1.0,560,681,1241,0.0,0.0008333472224606453,1.0000000000000013,0.0
59331,49.44332405540093,1.0,560,681,1241,0.0,0.0008333472224535399,1.0000000000000013,0.0
59332,49.44415740262338,1.0,560,681,1241,0.0,0.0008333472224535399,1.0000000000000013,0.0
59333,49.444990749845836,1.0,560,681,1241,0.0,0.0008333472224535399,1.0000000000000013,0.0
59334,49.44582409706829,1.0,560,681,1241,0.0,0.0008333472224535399,1.0000000000000013,0.0
59335,49.44665744429074,1.0,560,681,1241,0.0,0.0008333472224535399,1.0000000000000013,0.0
59336,49.4474907915132,1.0,560,681,1241,0.0,0.0008333472224535399,1.0000000000000013,0.0
59337,49.44832413873565,1.0,560,681,1241,0.0,0.0008333472224535399,1.0000000000000013,0.0
59338,49.449157485958104,1.0,560,681,1241,0.0,0.0008333472224535399,1.0000000000000013,0.0
59339,49.44999083318056,1.0,560,681,1241,0.0,0.0008333472224535399,1.0000000000000013,0.0
59340,49.45082418040301,1.0,560,681,1241,0.0,0.0008333472224535399,1.0000000000000013,0.0
59341,49.451657527625464,1.0,560,681,1241,0.0,0.0008333472224535399,1.0000000000000013,0.0
59342,49.45249087484792,1.0,560,681,1241,0.0,0.0008333472224535399,1.0000000000000013,0.0
59343,49.45332422207037,1.0,560,681,1241,0.0,0.0008333472224535399,1.0000000000000013,0.0
59344,49.454157569292825,1.0,560,681,1241,0.0,0.0008333472224535399,1.0000000000000013,0.0
59345,49.45499091651528,1.0,560,681,1241,0.0,0.0008333472224535399,1.0000000000000013,0.0
59346,49.45582426373773,1.0,560,681,1241,0.0,0.0008333472224535399,1.0000000000000013,0.0
59347,49.456657610960185,1.0,560,681,1241,0.0,0.0008333472224535399,1.0000000000000013,0.0
59348,49.45749095818264,1.0,560,681,1241,0.0,0.0008333472224535399,1.0000000000000013,0.0
59349,49.45832430540509,1.0,560,681,1241,0.0,0.0008333472224535399,1.0000000000000013,0.0
59350,49.459157652627546,1.0,560,681,1241,0.0,0.0008333472224535399,1.0000000000000013,0.0
59351,49.45999099985,1.0,560,681,1241,0.0,0.0008333472224535399,1.0000000000000013,0.0
59352,49.46082434707245,1.0,560,681,1241,0.0,0.0008333472224535399,1.0000000000000013,0.0
59353,49.46165769429491,1.0,560,681,1241,0.0,0.0008333472224535399,1.0000000000000013,0.0
59354,49.46249104151736,1.0,560,681,1241,0.0,0.0008333472224535399,1.0000000000000013,0.0
59355,49.463324388739814,1.0,560,681,1241,0.0,0.0008333472224535399,1.0000000000000013,0.0
59356,49.46415773596227,1.0,560,681,1241,0.0,0.0008333472224535399,1.0000000000000013,0.0
59357,49.46499108318472,1.0,560,681,1241,0.0,0.0008333472224535399,1.0000000000000013,0.0
59358,49.465824430407174,1.0,560,681,1241,0.0,0.0008333472224535399,1.0000000000000013,0.0
59359,49.46665777762963,1.0,560,681,1241,0.0,0.0008333472224535399,1.0000000000000013,0.0
59360,49.46749112485208,1.0,560,681,1241,0.0,0.0008333472224535399,1.0000000000000013,0.0
59361,49.468324472074535,1.0,560,681,1241,0.0,0.0008333472224535399,1.0000000000000013,0.0
59362,49.46915781929699,1.0,560,681,1241,0.0,0.0008333472224535399,1.0000000000000013,0.0
59363,49.46999116651944,1.0,560,681,1241,0.0,0.0008333472224535399,1.0000000000000013,0.0
59364,49.470824513741896,1.0,560,681,1241,0.0,0.0008333472224535399,1.0000000000000013,0.0
59365,49.47165786096435,1.0,560,681,1241,0.0,0.0008333472224535399,1.0000000000000013,0.0
59366,49.4724912081868,1.0,560,681,1241,0.0,0.0008333472224535399,1.0000000000000013,0.0
59367,49.473324555409256,1.0,560,681,1241,0.0,0.0008333472224535399,1.0000000000000013,0.0
59368,49.47415790263171,1.0,560,681,1241,0.0,0.0008333472224535399,1.0000000000000013,0.0
59369,49.47499124985416,1.0,560,681,1241,0.0,0.0008333472224535399,1.0000000000000013,0.0
59370,49.47582459707662,1.0,560,681,1241,0.0,0.0008333472224535399,1.0000000000000013,0.0
59371,49.47665794429907,1.0,560,681,1241,0.0,0.0008333472224535399,1.0000000000000013,0.0
59372,49.477491291521524,1.0,560,681,1241,0.0,0.0008333472224535399,1.0000000000000013,0.0
59373,49.478324638743985,1.0,560,681,1241,0.0,0.0008333472224606453,1.0000000000000013,0.0
59374,49.47915798596644,1.0,560,681,1241,0.0,0.0008333472224535399,1.0000000000000013,0.0
59375,49.47999133318889,1.0,560,681,1241,0.0,0.0008333472224535399,1.0000000000000013,0.0
59376,49.480824680411345,1.0,560,681,1241,0.0,0.0008333472224535399,1.0000000000000013,0.0
59377,49.4816580276338,1.0,560,681,1241,0.0,0.0008333472224535399,1.0000000000000013,0.0
59378,49.48249137485625,1.0,560,681,1241,0.0,0.0008333472224535399,1.0000000000000013,0.0
59379,49.483324722078706,1.0,560,681,1241,0.0,0.0008333472224535399,1.0000000000000013,0.0
59380,49.48415806930116,1.0,560,681,1241,0.0,0.0008333472224535399,1.0000000000000013,0.0
59381,49.48499141652361,1.0,560,681,1241,0.0,0.0008333472224535399,1.0000000000000013,0.0
59382,49.485824763746066,1.0,560,681,1241,0.0,0.0008333472224535399,1.0000000000000013,0.0
59383,49.48665811096852,1.0,560,681,1241,0.0,0.0008333472224535399,1.0000000000000013,0.0
59384,49.48749145819097,1.0,560,681,1241,0.0,0.0008333472224535399,1.0000000000000013,0.0
59385,49.48832480541343,1.0,560,681,1241,0.0,0.0008333472224535399,1.0000000000000013,0.0
59386,49.48915815263588,1.0,560,681,1241,0.0,0.0008333472224535399,1.0000000000000013,0.0
59387,49.489991499858334,1.0,560,681,1241,0.0,0.0008333472224535399,1.0000000000000013,0.0
59388,49.49082484708079,1.0,560,681,1241,0.0,0.0008333472224535399,1.0000000000000013,0.0
59389,49.49165819430324,1.0,560,681,1241,0.0,0.0008333472224535399,1.0000000000000013,0.0
59390,49.492491541525695,1.0,560,681,1241,0.0,0.0008333472224535399,1.0000000000000013,0.0
59391,49.49332488874815,1.0,560,681,1241,0.0,0.0008333472224535399,1.0000000000000013,0.0
59392,49.4941582359706,1.0,560,681,1241,0.0,0.0008333472224535399,1.0000000000000013,0.0
59393,49.494991583193055,1.0,560,681,1241,0.0,0.0008333472224535399,1.0000000000000013,0.0
59394,49.49582493041551,1.0,560,681,1241,0.0,0.0008333472224535399,1.0000000000000013,0.0
59395,49.49665827763796,1.0,560,681,1241,0.0,0.0008333472224535399,1.0000000000000013,0.0
59396,49.497491624860416,1.0,560,681,1241,0.0,0.0008333472224535399,1.0000000000000013,0.0
59397,49.49832497208287,1.0,560,681,1241,0.0,0.0008333472224535399,1.0000000000000013,0.0
59398,49.49915831930532,1.0,560,681,1241,0.0,0.0008333472224535399,1.0000000000000013,0.0
59399,49.49999166652778,1.0,560,681,1241,0.0,0.0008333472224535399,1.0000000000000013,0.0
59400,49.50082501375023,1.0,560,681,1241,0.0,0.0008333472224535399,1.0000000000000013,0.0
59401,49.501658360972684,0.9991941982272361,560,681,1241,-0.0008058017727639033,0.0008333472224535399,0.999919419822725,-8.058017727639034e-05
59402,49.50249170819514,0.9991941982272361,560,681,1241,0.0,0.0008333472224535399,0.9998388396454487,-8.058017727639034e-05
59403,49.50332505541759,1.0,560,681,1241,0.0008058017727639033,0.0008333472224535399,0.9998388396454487,0.0
59404,49.504158402640044,1.0,560,681,1241,0.0,0.0008333472224535399,0.9998388396454487,0.0
59405,49.5049917498625,1.0,560,681,1241,0.0,0.0008333472224535399,0.9998388396454487,0.0
59406,49.50582509708495,1.0,560,681,1241,0.0,0.0008333472224535399,0.9998388396454487,0.0
59407,49.506658444307405,1.0,560,681,1241,0.0,0.0008333472224535399,0.9998388396454487,0.0
59408,49.50749179152986,0.9991941982272361,560,681,1241,-0.0008058017727639033,0.0008333472224535399,0.9997582594681724,-8.058017727639034e-05
59409,49.50832513875231,0.9991941982272361,560,681,1241,0.0,0.0008333472224535399,0.999677679290896,-8.058017727639034e-05
59410,49.509158485974766,0.9991941982272361,560,681,1241,0.0,0.0008333472224535399,0.9995970991136197,-8.058017727639034e-05
59411,49.50999183319722,0.9991941982272361,560,681,1241,0.0,0.0008333472224535399,0.9995970991136197,0.0
59412,49.51082518041967,0.9991941982272361,560,681,1241,0.0,0.0008333472224535399,0.9995970991136197,0.0
59413,49.511658527642126,0.9991941982272361,560,681,1241,0.0,0.0008333472224535399,0.9995165189363433,-8.058017727639034e-05
59414,49.51249187486458,0.9983883964544722,560,681,1241,-0.0008058017727639033,0.0008333472224535399,0.9993553585817907,-0.00016116035455278067
59415,49.51332522208704,0.9983883964544722,560,681,1241,0.0,0.0008333472224606453,0.999194198227238,-0.00016116035455278067
59416,49.514158569309494,0.9983883964544722,560,681,1241,0.0,0.0008333472224535399,0.9990330378726853,-0.00016116035455278067
59417,49.51499191653195,0.9983883964544722,560,681,1241,0.0,0.0008333472224535399,0.9988718775181326,-0.00016116035455278067
59418,49.5158252637544,1.0,560,681,1241,0.0016116035455278066,0.0008333472224535399,0.998952457695409,8.058017727639034e-05
59419,49.516658610976855,1.0,560,681,1241,0.0,0.0008333472224535399,0.9990330378726853,8.058017727639034e-05
59420,49.51749195819931,1.0,560,681,1241,0.0,0.0008333472224535399,0.9991136180499616,8.058017727639034e-05
59421,49.51832530542176,1.0,560,681,1241,0.0,0.0008333472224535399,0.999194198227238,8.058017727639034e-05
59422,49.519158652644215,1.0,560,681,1241,0.0,0.0008333472224535399,0.9992747784045143,8.058017727639034e-05
59423,49.51999199986667,1.0,560,681,1241,0.0,0.0008333472224535399,0.9993553585817907,8.058017727639034e-05
59424,49.52082534708912,1.0,560,681,1241,0.0,0.0008333472224535399,0.9995165189363433,0.00016116035455278067
59425,49.521658694311576,1.0,560,681,1241,0.0,0.0008333472224535399,0.999677679290896,0.00016116035455278067
59426,49.52249204153403,1.0,560,681,1241,0.0,0.0008333472224535399,0.9998388396454487,0.00016116035455278067
59427,49.52332538875648,1.0,560,681,1241,0.0,0.0008333472224535399,1.0000000000000013,0.00016116035455278067
59428,49.524158735978936,1.0,560,681,1241,0.0,0.0008333472224535399,1.0000000000000013,0.0
59429,49.52499208320139,1.0,560,681,1241,0.0,0.0008333472224535399,1.0000000000000013,0.0
59430,49.52582543042384,1.0,560,681,1241,0.0,0.0008333472224535399,1.0000000000000013,0.0
59431,49.5266587776463,1.0,560,681,1241,0.0,0.0008333472224535399,1.0000000000000013,0.0
59432,49.52749212486875,1.0,560,681,1241,0.0,0.0008333472224535399,1.0000000000000013,0.0
59433,49.528325472091204,1.0,560,681,1241,0.0,0.0008333472224535399,1.0000000000000013,0.0
59434,49.52915881931366,0.9991941982272361,560,681,1241,-0.0008058017727639033,0.0008333472224535399,0.999919419822725,-8.058017727639034e-05
59435,49.52999216653611,1.0,560,681,1241,0.0008058017727639033,0.0008333472224535399,0.999919419822725,0.0
59436,49.530825513758565,1.0,560,681,1241,0.0,0.0008333472224535399,0.999919419822725,0.0
59437,49.53165886098102,1.0,560,681,1241,0.0,0.0008333472224535399,0.999919419822725,0.0
59438,49.53249220820347,1.0,560,681,1241,0.0,0.0008333472224535399,0.999919419822725,0.0
59439,49.533325555425925,1.0,560,681,1241,0.0,0.0008333472224535399,0.999919419822725,0.0
59440,49.53415890264838,1.0,560,681,1241,0.0,0.0008333472224535399,0.999919419822725,0.0
59441,49.53499224987083,1.0,560,681,1241,0.0,0.0008333472224535399,0.999919419822725,0.0
59442,49.535825597093286,1.0,560,681,1241,0.0,0.0008333472224535399,0.999919419822725,0.0
59443,49.53665894431574,0.9983883964544722,560,681,1241,-0.0016116035455278066,0.0008333472224535399,0.9997582594681724,-0.00016116035455278067
59444,49.53749229153819,1.0,560,681,1241,0.0016116035455278066,0.0008333472224535399,0.9998388396454487,8.058017727639034e-05
59445,49.53832563876065,1.0,560,681,1241,0.0,0.0008333472224535399,0.9998388396454487,0.0
59446,49.5391589859831,1.0,560,681,1241,0.0,0.0008333472224535399,0.9998388396454487,0.0
59447,49.539992333205554,1.0,560,681,1241,0.0,0.0008333472224535399,0.9998388396454487,0.0
59448,49.54082568042801,1.0,560,681,1241,0.0,0.0008333472224535399,0.9998388396454487,0.0
59449,49.54165902765046,1.0,560,681,1241,0.0,0.0008333472224535399,0.9998388396454487,0.0
59450,49.542492374872914,1.0,560,681,1241,0.0,0.0008333472224535399,0.9998388396454487,0.0
59451,49.54332572209537,1.0,560,681,1241,0.0,0.0008333472224535399,0.9998388396454487,0.0
59452,49.54415906931782,1.0,560,681,1241,0.0,0.0008333472224535399,0.9998388396454487,0.0
59453,49.544992416540275,1.0,560,681,1241,0.0,0.0008333472224535399,1.0000000000000013,0.00016116035455278067
59454,49.54582576376273,1.0,560,681,1241,0.0,0.0008333472224535399,1.0000000000000013,0.0
59455,49.54665911098518,1.0,560,681,1241,0.0,0.0008333472224535399,1.0000000000000013,0.0
59456,49.547492458207635,1.0,560,681,1241,0.0,0.0008333472224535399,1.0000000000000013,0.0
59457,49.548325805430096,1.0,560,681,1241,0.0,0.0008333472224606453,1.0000000000000013,0.0
59458,49.54915915265255,1.0,560,681,1241,0.0,0.0008333472224535399,1.0000000000000013,0.0
59459,49.549992499875,1.0,560,681,1241,0.0,0.0008333472224535399,1.0000000000000013,0.0
59460,49.55082584709746,1.0,560,681,1241,0.0,0.0008333472224535399,1.0000000000000013,0.0
59461,49.55165919431991,1.0,560,681,1241,0.0,0.0008333472224535399,1.0000000000000013,0.0
59462,49.552492541542364,1.0,560,681,1241,0.0,0.0008333472224535399,1.0000000000000013,0.0
59463,49.55332588876482,1.0,560,681,1241,0.0,0.0008333472224535399,1.0000000000000013,0.0
59464,49.55415923598727,1.0,560,681,1241,0.0,0.0008333472224535399,1.0000000000000013,0.0
59465,49.554992583209724,1.0,560,681,1241,0.0,0.0008333472224535399,1.0000000000000013,0.0
59466,49.55582593043218,1.0,560,681,1241,0.0,0.0008333472224535399,1.0000000000000013,0.0
59467,49.55665927765463,1.0,560,681,1241,0.0,0.0008333472224535399,1.0000000000000013,0.0
59468,49.557492624877085,1.0,560,681,1241,0.0,0.0008333472224535399,1.0000000000000013,0.0
59469,49.55832597209954,1.0,560,681,1241,0.0,0.0008333472224535399,1.0000000000000013,0.0
59470,49.55915931932199,1.0,560,681,1241,0.0,0.0008333472224535399,1.0000000000000013,0.0
59471,49.559992666544446,1.0,560,681,1241,0.0,0.0008333472224535399,1.0000000000000013,0.0
59472,49.5608260137669,1.0,560,681,1241,0.0,0.0008333472224535399,1.0000000000000013,0.0
59473,49.56165936098935,1.0,560,681,1241,0.0,0.0008333472224535399,1.0000000000000013,0.0
59474,49.562492708211806,1.0,560,681,1241,0.0,0.0008333472224535399,1.0000000000000013,0.0
59475,49.56332605543426,1.0,560,681,1241,0.0,0.0008333472224535399,1.0000000000000013,0.0
59476,49.56415940265671,1.0,560,681,1241,0.0,0.0008333472224535399,1.0000000000000013,0.0
59477,49.56499274987917,1.0,560,681,1241,0.0,0.0008333472224535399,1.0000000000000013,0.0
59478,49.56582609710162,0.9991941982272361,560,681,1241,-0.0008058017727639033,0.0008333472224535399,0.999919419822725,-8.058017727639034e-05
59479,49.566659444324074,0.9991941982272361,560,681,1241,0.0,0.0008333472224535399,0.9998388396454487,-8.058017727639034e-05
59480,49.56749279154653,0.9983883964544722,560,681,1241,-0.0008058017727639033,0.0008333472224535399,0.999677679290896,-0.00016116035455278067
59481,49.56832613876898,0.9991941982272361,560,681,1241,0.0008058017727639033,0.0008333472224535399,0.9995970991136197,-8.058017727639034e-05
59482,49.569159485991435,0.9991941982272361,560,681,1241,0.0,0.0008333472224535399,0.9995165189363433,-8.058017727639034e-05
59483,49.56999283321389,1.0,560,681,1241,0.0008058017727639033,0.0008333472224535399,0.9995165189363433,0.0
59484,49.57082618043634,1.0,560,681,1241,0.0,0.0008333472224535399,0.9995165189363433,0.0
59485,49.571659527658795,1.0,560,681,1241,0.0,0.0008333472224535399,0.9995165189363433,0.0
59486,49.57249287488125,1.0,560,681,1241,0.0,0.0008333472224535399,0.9995165189363433,0.0
59487,49.5733262221037,1.0,560,681,1241,0.0,0.0008333472224535399,0.9995165189363433,0.0
59488,49.574159569326156,1.0,560,681,1241,0.0,0.0008333472224535399,0.9995970991136197,8.058017727639034e-05
59489,49.57499291654861,1.0,560,681,1241,0.0,0.0008333472224535399,0.999677679290896,8.058017727639034e-05
59490,49.57582626377106,1.0,560,681,1241,0.0,0.0008333472224535399,0.9998388396454487,0.00016116035455278067
59491,49.57665961099352,1.0,560,681,1241,0.0,0.0008333472224535399,0.999919419822725,8.058017727639034e-05
59492,49.57749295821597,1.0,560,681,1241,0.0,0.0008333472224535399,1.0000000000000013,8.058017727639034e-05
59493,49.578326305438424,1.0,560,681,1241,0.0,0.0008333472224535399,1.0000000000000013,0.0
59494,49.57915965266088,1.0,560,681,1241,0.0,0.0008333472224535399,1.0000000000000013,0.0
59495,49.57999299988333,1.0,560,681,1241,0.0,0.0008333472224535399,1.0000000000000013,0.0
59496,49.580826347105784,1.0,560,681,1241,0.0,0.0008333472224535399,1.0000000000000013,0.0
59497,49.58165969432824,1.0,560,681,1241,0.0,0.0008333472224535399,1.0000000000000013,0.0
59498,49.58249304155069,1.0,560,681,1241,0.0,0.0008333472224535399,1.0000000000000013,0.0
59499,49.583326388773145,1.0,560,681,1241,0.0,0.0008333472224535399,1.0000000000000013,0.0
59500,49.584159735995605,1.0,560,681,1241,0.0,0.0008333472224606453,1.0000000000000013,0.0
59501,49.58499308321806,0.9991941982272361,560,681,1241,-0.0008058017727639033,0.0008333472224535399,0.999919419822725,-8.058017727639034e-05
59502,49.58582643044051,0.9991941982272361,560,681,1241,0.0,0.0008333472224535399,0.9998388396454487,-8.058017727639034e-05
59503,49.586659777662966,1.0,560,681,1241,0.0008058017727639033,0.0008333472224535399,0.9998388396454487,0.0
59504,49.58749312488542,1.0,560,681,1241,0.0,0.0008333472224535399,0.9998388396454487,0.0
59505,49.58832647210787,1.0,560,681,1241,0.0,0.0008333472224535399,0.9998388396454487,0.0
59506,49.58915981933033,1.0,560,681,1241,0.0,0.0008333472224535399,0.9998388396454487,0.0
59507,49.58999316655278,1.0,560,681,1241,0.0,0.0008333472224535399,0.9998388396454487,0.0
59508,49.590826513775234,1.0,560,681,1241,0.0,0.0008333472224535399,0.9998388396454487,0.0
59509,49.59165986099769,1.0,560,681,1241,0.0,0.0008333472224535399,0.9998388396454487,0.0
59510,49.59249320822014,1.0,560,681,1241,0.0,0.0008333472224535399,0.9998388396454487,0.0
59511,49.593326555442594,1.0,560,681,1241,0.0,0.0008333472224535399,0.999919419822725,8.058017727639034e-05
59512,49.59415990266505,1.0,560,681,1241,0.0,0.0008333472224535399,1.0000000000000013,8.058017727639034e-05
59513,49.5949932498875,1.0,560,681,1241,0.0,0.0008333472224535399,1.0000000000000013,0.0
59514,49.595826597109955,1.0,560,681,1241,0.0,0.0008333472224535399,1.0000000000000013,0.0
59515,49.59665994433241,1.0,560,681,1241,0.0,0.0008333472224535399,1.0000000000000013,0.0
59516,49.59749329155486,1.0,560,681,1241,0.0,0.0008333472224535399,1.0000000000000013,0.0
59517,49.598326638777316,1.0,560,681,1241,0.0,0.0008333472224535399,1.0000000000000013,0.0
59518,49.59915998599977,1.0,560,681,1241,0.0,0.0008333472224535399,1.0000000000000013,0.0
59519,49.59999333322222,1.0,560,681,1241,0.0,0.0008333472224535399,1.0000000000000013,0.0
59520,49.600826680444676,1.0,560,681,1241,0.0,0.0008333472224535399,1.0000000000000013,0.0
59521,49.60166002766713,1.0,560,681,1241,0.0,0.0008333472224535399,1.0000000000000013,0.0
59522,49.60249337488958,1.0,560,681,1241,0.0,0.0008333472224535399,1.0000000000000013,0.0
59523,49.60332672211204,1.0,560,681,1241,0.0,0.0008333472224535399,1.0000000000000013,0.0
59524,49.60416006933449,1.0,560,681,1241,0.0,0.0008333472224535399,1.0000000000000013,0.0
59525,49.604993416556944,1.0,560,681,1241,0.0,0.0008333472224535399,1.0000000000000013,0.0
59526,49.6058267637794,0.9991941982272361,560,681,1241,-0.0008058017727639033,0.0008333472224535399,0.999919419822725,-8.058017727639034e-05
59527,49.60666011100185,0.9991941982272361,560,681,1241,0.0,0.0008333472224535399,0.9998388396454487,-8.058017727639034e-05
59528,49.607493458224305,0.9991941982272361,560,681,1241,0.0,0.0008333472224535399,0.9997582594681724,-8.058017727639034e-05
59529,49.60832680544676,1.0,560,681,1241,0.0008058017727639033,0.0008333472224535399,0.9997582594681724,0.0
59530,49.60916015266921,1.0,560,681,1241,0.0,0.0008333472224535399,0.9997582594681724,0.0
59531,49.609993499891665,1.0,560,681,1241,0.0,0.0008333472224535399,0.9997582594681724,0.0
59532,49.61082684711412,0.9991941982272361,560,681,1241,-0.0008058017727639033,0.0008333472224535399,0.999677679290896,-8.058017727639034e-05
59533,49.61166019433657,1.0,560,681,1241,0.0008058017727639033,0.0008333472224535399,0.999677679290896,0.0
59534,49.612493541559026,1.0,560,681,1241,0.0,0.0008333472224535399,0.999677679290896,0.0
59535,49.61332688878148,0.9991941982272361,560,681,1241,-0.0008058017727639033,0.0008333472224535399,0.9995970991136197,-8.058017727639034e-05
59536,49.61416023600393,0.9991941982272361,560,681,1241,0.0,0.0008333472224535399,0.9995970991136197,0.0
59537,49.614993583226386,0.9991941982272361,560,681,1241,0.0,0.0008333472224535399,0.9995970991136197,0.0
59538,49.61582693044884,0.9991941982272361,560,681,1241,0.0,0.0008333472224535399,0.9995970991136197,0.0
59539,49.61666027767129,0.9991941982272361,560,681,1241,0.0,0.0008333472224535399,0.9995165189363433,-8.058017727639034e-05
59540,49.61749362489375,0.9991941982272361,560,681,1241,0.0,0.0008333472224535399,0.999435938759067,-8.058017727639034e-05
59541,49.6183269721162,0.9991941982272361,560,681,1241,0.0,0.0008333472224535399,0.9993553585817907,-8.058017727639034e-05
59542,49.61916031933866,0.9991941982272361,560,681,1241,0.0,0.0008333472224606453,0.9993553585817907,0.0
59543,49.619993666561115,0.9991941982272361,560,681,1241,0.0,0.0008333472224535399,0.9992747784045143,-8.058017727639034e-05
59544,49.62082701378357,1.0,560,681,1241,0.0008058017727639033,0.0008333472224535399,0.9992747784045143,0.0
59545,49.62166036100602,1.0,560,681,1241,0.0,0.0008333472224535399,0.9993553585817907,8.058017727639034e-05
59546,49.622493708228475,1.0,560,681,1241,0.0,0.0008333472224535399,0.999435938759067,8.058017727639034e-05
59547,49.62332705545093,1.0,560,681,1241,0.0,0.0008333472224535399,0.9995165189363433,8.058017727639034e-05
59548,49.62416040267338,1.0,560,681,1241,0.0,0.0008333472224535399,0.9995970991136197,8.058017727639034e-05
59549,49.624993749895836,1.0,560,681,1241,0.0,0.0008333472224535399,0.999677679290896,8.058017727639034e-05
59550,49.62582709711829,1.0,560,681,1241,0.0,0.0008333472224535399,0.9997582594681724,8.058017727639034e-05
59551,49.62666044434074,1.0,560,681,1241,0.0,0.0008333472224535399,0.9998388396454487,8.058017727639034e-05
59552,49.6274937915632,1.0,560,681,1241,0.0,0.0008333472224535399,0.999919419822725,8.058017727639034e-05
59553,49.62832713878565,1.0,560,681,1241,0.0,0.0008333472224535399,1.0000000000000013,8.058017727639034e-05
59554,49.629160486008104,1.0,560,681,1241,0.0,0.0008333472224535399,1.0000000000000013,0.0
59555,49.62999383323056,1.0,560,681,1241,0.0,0.0008333472224535399,1.0000000000000013,0.0
59556,49.63082718045301,1.0,560,681,1241,0.0,0.0008333472224535399,1.0000000000000013,0.0
59557,49.631660527675464,1.0,560,681,1241,0.0,0.0008333472224535399,1.0000000000000013,0.0
59558,49.63249387489792,1.0,560,681,1241,0.0,0.0008333472224535399,1.0000000000000013,0.0
59559,49.63332722212037,1.0,560,681,1241,0.0,0.0008333472224535399,1.0000000000000013,0.0
59560,49.634160569342825,1.0,560,681,1241,0.0,0.0008333472224535399,1.0000000000000013,0.0
59561,49.63499391656528,1.0,560,681,1241,0.0,0.0008333472224535399,1.0000000000000013,0.0
59562,49.63582726378773,1.0,560,681,1241,0.0,0.0008333472224535399,1.0000000000000013,0.0
59563,49.636660611010186,1.0,560,681,1241,0.0,0.0008333472224535399,1.0000000000000013,0.0
59564,49.63749395823264,1.0,560,681,1241,0.0,0.0008333472224535399,1.0000000000000013,0.0
59565,49.63832730545509,1.0,560,681,1241,0.0,0.0008333472224535399,1.0000000000000013,0.0
59566,49.639160652677546,1.0,560,681,1241,0.0,0.0008333472224535399,1.0000000000000013,0.0
59567,49.6399939999,1.0,560,681,1241,0.0,0.0008333472224535399,1.0000000000000013,0.0
59568,49.64082734712245,1.0,560,681,1241,0.0,0.0008333472224535399,1.0000000000000013,0.0
59569,49.64166069434491,1.0,560,681,1241,0.0,0.0008333472224535399,1.0000000000000013,0.0
59570,49.64249404156736,1.0,560,681,1241,0.0,0.0008333472224535399,1.0000000000000013,0.0
59571,49.643327388789814,1.0,560,681,1241,0.0,0.0008333472224535399,1.0000000000000013,0.0
59572,49.64416073601227,1.0,560,681,1241,0.0,0.0008333472224535399,1.0000000000000013,0.0
59573,49.64499408323472,1.0,560,681,1241,0.0,0.0008333472224535399,1.0000000000000013,0.0
59574,49.645827430457175,1.0,560,681,1241,0.0,0.0008333472224535399,1.0000000000000013,0.0
59575,49.64666077767963,1.0,560,681,1241,0.0,0.0008333472224535399,1.0000000000000013,0.0
59576,49.64749412490208,1.0,560,681,1241,0.0,0.0008333472224535399,1.0000000000000013,0.0
59577,49.648327472124535,1.0,560,681,1241,0.0,0.0008333472224535399,1.0000000000000013,0.0
59578,49.64916081934699,1.0,560,681,1241,0.0,0.0008333472224535399,1.0000000000000013,0.0
59579,49.64999416656944,1.0,560,681,1241,0.0,0.0008333472224535399,1.0000000000000013,0.0
59580,49.650827513791896,1.0,560,681,1241,0.0,0.0008333472224535399,1.0000000000000013,0.0
59581,49.65166086101435,1.0,560,681,1241,0.0,0.0008333472224535399,1.0000000000000013,0.0
59582,49.6524942082368,1.0,560,681,1241,0.0,0.0008333472224535399,1.0000000000000013,0.0
59583,49.653327555459256,1.0,560,681,1241,0.0,0.0008333472224535399,1.0000000000000013,0.0
59584,49.65416090268172,1.0,560,681,1241,0.0,0.0008333472224606453,1.0000000000000013,0.0
59585,49.65499424990417,1.0,560,681,1241,0.0,0.0008333472224535399,1.0000000000000013,0.0
59586,49.655827597126624,1.0,560,681,1241,0.0,0.0008333472224535399,1.0000000000000013,0.0
59587,49.65666094434908,1.0,560,681,1241,0.0,0.0008333472224535399,1.0000000000000013,0.0
59588,49.65749429157153,1.0,560,681,1241,0.0,0.0008333472224535399,1.0000000000000013,0.0
59589,49.658327638793985,1.0,560,681,1241,0.0,0.0008333472224535399,1.0000000000000013,0.0
59590,49.65916098601644,1.0,560,681,1241,0.0,0.0008333472224535399,1.0000000000000013,0.0
59591,49.65999433323889,1.0,560,681,1241,0.0,0.0008333472224535399,1.0000000000000013,0.0
59592,49.660827680461345,1.0,560,681,1241,0.0,0.0008333472224535399,1.0000000000000013,0.0
59593,49.6616610276838,1.0,560,681,1241,0.0,0.0008333472224535399,1.0000000000000013,0.0
59594,49.66249437490625,0.9991941982272361,560,681,1241,-0.0008058017727639033,0.0008333472224535399,0.999919419822725,-8.058017727639034e-05
59595,49.663327722128706,1.0,560,681,1241,0.0008058017727639033,0.0008333472224535399,0.999919419822725,0.0
59596,49.66416106935116,0.9991941982272361,560,681,1241,-0.0008058017727639033,0.0008333472224535399,0.9998388396454487,-8.058017727639034e-05
59597,49.66499441657361,0.9991941982272361,560,681,1241,0.0,0.0008333472224535399,0.9997582594681724,-8.058017727639034e-05
59598,49.66582776379607,0.9991941982272361,560,681,1241,0.0,0.0008333472224535399,0.999677679290896,-8.058017727639034e-05
59599,49.66666111101852,0.9991941982272361,560,681,1241,0.0,0.0008333472224535399,0.9995970991136197,-8.058017727639034e-05
59600,49.667494458240974,1.0,560,681,1241,0.0008058017727639033,0.0008333472224535399,0.9995970991136197,0.0
59601,49.66832780546343,1.0,560,681,1241,0.0,0.0008333472224535399,0.9995970991136197,0.0
59602,49.66916115268588,1.0,560,681,1241,0.0,0.0008333472224535399,0.9995970991136197,0.0
59603,49.669994499908334,1.0,560,681,1241,0.0,0.0008333472224535399,0.9995970991136197,0.0
59604,49.67082784713079,1.0,560,681,1241,0.0,0.0008333472224535399,0.999677679290896,8.058017727639034e-05
59605,49.67166119435324,0.9991941982272361,560,681,1241,-0.0008058017727639033,0.0008333472224535399,0.9995970991136197,-8.058017727639034e-05
59606,49.672494541575695,0.9991941982272361,560,681,1241,0.0,0.0008333472224535399,0.9995970991136197,0.0
59607,49.67332788879815,0.9991941982272361,560,681,1241,0.0,0.0008333472224535399,0.9995970991136197,0.0
59608,49.6741612360206,0.9991941982272361,560,681,1241,0.0,0.0008333472224535399,0.9995970991136197,0.0
59609,49.674994583243056,0.9991941982272361,560,681,1241,0.0,0.0008333472224535399,0.9995970991136197,0.0
59610,49.67582793046551,1.0,560,681,1241,0.0008058017727639033,0.0008333472224535399,0.9995970991136197,0.0
59611,49.67666127768796,1.0,560,681,1241,0.0,0.0008333472224535399,0.9995970991136197,0.0
59612,49.677494624910416,1.0,560,681,1241,0.0,0.0008333472224535399,0.9995970991136197,0.0
59613,49.67832797213287,1.0,560,681,1241,0.0,0.0008333472224535399,0.9995970991136197,0.0
59614,49.67916131935532,1.0,560,681,1241,0.0,0.0008333472224535399,0.9995970991136197,0.0
59615,49.67999466657778,1.0,560,681,1241,0.0,0.0008333472224535399,0.999677679290896,8.058017727639034e-05
59616,49.68082801380023,1.0,560,681,1241,0.0,0.0008333472224535399,0.9997582594681724,8.058017727639034e-05
59617,49.681661361022684,1.0,560,681,1241,0.0,0.0008333472224535399,0.9998388396454487,8.058017727639034e-05
59618,49.68249470824514,1.0,560,681,1241,0.0,0.0008333472224535399,0.999919419822725,8.058017727639034e-05
59619,49.68332805546759,1.0,560,681,1241,0.0,0.0008333472224535399,1.0000000000000013,8.058017727639034e-05
59620,49.684161402690044,1.0,560,681,1241,0.0,0.0008333472224535399,1.0000000000000013,0.0
59621,49.6849947499125,1.0,560,681,1241,0.0,0.0008333472224535399,1.0000000000000013,0.0
59622,49.68582809713495,1.0,560,681,1241,0.0,0.0008333472224535399,1.0000000000000013,0.0
59623,49.686661444357405,1.0,560,681,1241,0.0,0.0008333472224535399,1.0000000000000013,0.0
59624,49.68749479157986,1.0,560,681,1241,0.0,0.0008333472224535399,1.0000000000000013,0.0
59625,49.68832813880231,1.0,560,681,1241,0.0,0.0008333472224535399,1.0000000000000013,0.0
59626,49.689161486024766,1.0,560,681,1241,0.0,0.0008333472224535399,1.0000000000000013,0.0
59627,49.689994833247226,1.0,560,681,1241,0.0,0.0008333472224606453,1.0000000000000013,0.0
59628,49.69082818046968,1.0,560,681,1241,0.0,0.0008333472224535399,1.0000000000000013,0.0
59629,49.69166152769213,1.0,560,681,1241,0.0,0.0008333472224535399,1.0000000000000013,0.0
59630,49.69249487491459,1.0,560,681,1241,0.0,0.0008333472224535399,1.0000000000000013,0.0
59631,49.69332822213704,1.0,560,681,1241,0.0,0.0008333472224535399,1.0000000000000013,0.0
59632,49.694161569359494,1.0,560,681,1241,0.0,0.0008333472224535399,1.0000000000000013,0.0
59633,49.69499491658195,1.0,560,681,1241,0.0,0.0008333472224535399,1.0000000000000013,0.0
59634,49.6958282638044,1.0,560,681,1241,0.0,0.0008333472224535399,1.0000000000000013,0.0
59635,49.696661611026855,1.0,560,681,1241,0.0,0.0008333472224535399,1.0000000000000013,0.0
59636,49.69749495824931,1.0,560,681,1241,0.0,0.0008333472224535399,1.0000000000000013,0.0
59637,49.69832830547176,1.0,560,681,1241,0.0,0.0008333472224535399,1.0000000000000013,0.0
59638,49.699161652694215,1.0,560,681,1241,0.0,0.0008333472224535399,1.0000000000000013,0.0
59639,49.69999499991667,1.0,560,681,1241,0.0,0.0008333472224535399,1.0000000000000013,0.0
59640,49.70082834713912,1.0,560,681,1241,0.0,0.0008333472224535399,1.0000000000000013,0.0
59641,49.701661694361576,1.0,560,681,1241,0.0,0.0008333472224535399,1.0000000000000013,0.0
59642,49.70249504158403,1.0,560,681,1241,0.0,0.0008333472224535399,1.0000000000000013,0.0
59643,49.70332838880648,1.0,560,681,1241,0.0,0.0008333472224535399,1.0000000000000013,0.0
59644,49.70416173602894,1.0,560,681,1241,0.0,0.0008333472224535399,1.0000000000000013,0.0
59645,49.70499508325139,1.0,560,681,1241,0.0,0.0008333472224535399,1.0000000000000013,0.0
59646,49.705828430473844,1.0,560,681,1241,0.0,0.0008333472224535399,1.0000000000000013,0.0
59647,49.7066617776963,1.0,560,681,1241,0.0,0.0008333472224535399,1.0000000000000013,0.0
59648,49.70749512491875,1.0,560,681,1241,0.0,0.0008333472224535399,1.0000000000000013,0.0
59649,49.708328472141204,1.0,560,681,1241,0.0,0.0008333472224535399,1.0000000000000013,0.0
59650,49.70916181936366,1.0,560,681,1241,0.0,0.0008333472224535399,1.0000000000000013,0.0
59651,49.70999516658611,1.0,560,681,1241,0.0,0.0008333472224535399,1.0000000000000013,0.0
59652,49.710828513808565,1.0,560,681,1241,0.0,0.0008333472224535399,1.0000000000000013,0.0
59653,49.71166186103102,1.0,560,681,1241,0.0,0.0008333472224535399,1.0000000000000013,0.0
59654,49.71249520825347,1.0,560,681,1241,0.0,0.0008333472224535399,1.0000000000000013,0.0
59655,49.713328555475925,1.0,560,681,1241,0.0,0.0008333472224535399,1.0000000000000013,0.0
59656,49.71416190269838,1.0,560,681,1241,0.0,0.0008333472224535399,1.0000000000000013,0.0
59657,49.71499524992083,1.0,560,681,1241,0.0,0.0008333472224535399,1.0000000000000013,0.0
59658,49.715828597143286,1.0,560,681,1241,0.0,0.0008333472224535399,1.0000000000000013,0.0
59659,49.71666194436574,1.0,560,681,1241,0.0,0.0008333472224535399,1.0000000000000013,0.0
59660,49.71749529158819,1.0,560,681,1241,0.0,0.0008333472224535399,1.0000000000000013,0.0
59661,49.71832863881065,1.0,560,681,1241,0.0,0.0008333472224535399,1.0000000000000013,0.0
59662,49.7191619860331,1.0,560,681,1241,0.0,0.0008333472224535399,1.0000000000000013,0.0
59663,49.719995333255554,1.0,560,681,1241,0.0,0.0008333472224535399,1.0000000000000013,0.0
59664,49.72082868047801,1.0,560,681,1241,0.0,0.0008333472224535399,1.0000000000000013,0.0
59665,49.72166202770046,1.0,560,681,1241,0.0,0.0008333472224535399,1.0000000000000013,0.0
59666,49.722495374922914,1.0,560,681,1241,0.0,0.0008333472224535399,1.0000000000000013,0.0
59667,49.72332872214537,0.9991941982272361,560,681,1241,-0.0008058017727639033,0.0008333472224535399,0.999919419822725,-8.058017727639034e-05
59668,49.72416206936782,1.0,560,681,1241,0.0008058017727639033,0.0008333472224535399,0.999919419822725,0.0
59669,49.72499541659028,1.0,560,681,1241,0.0,0.0008333472224606453,0.999919419822725,0.0
59670,49.725828763812736,1.0,560,681,1241,0.0,0.0008333472224535399,0.999919419822725,0.0
59671,49.72666211103519,1.0,560,681,1241,0.0,0.0008333472224535399,0.999919419822725,0.0
59672,49.72749545825764,1.0,560,681,1241,0.0,0.0008333472224535399,0.999919419822725,0.0
59673,49.728328805480096,1.0,560,681,1241,0.0,0.0008333472224535399,0.999919419822725,0.0
59674,49.72916215270255,1.0,560,681,1241,0.0,0.0008333472224535399,0.999919419822725,0.0
59675,49.729995499925,1.0,560,681,1241,0.0,0.0008333472224535399,0.999919419822725,0.0
59676,49.73082884714746,1.0,560,681,1241,0.0,0.0008333472224535399,0.999919419822725,0.0
59677,49.73166219436991,1.0,560,681,1241,0.0,0.0008333472224535399,1.0000000000000013,8.058017727639034e-05
59678,49.732495541592364,1.0,560,681,1241,0.0,0.0008333472224535399,1.0000000000000013,0.0
59679,49.73332888881482,1.0,560,681,1241,0.0,0.0008333472224535399,1.0000000000000013,0.0
59680,49.73416223603727,1.0,560,681,1241,0.0,0.0008333472224535399,1.0000000000000013,0.0
59681,49.734995583259725,1.0,560,681,1241,0.0,0.0008333472224535399,1.0000000000000013,0.0
59682,49.73582893048218,1.0,560,681,1241,0.0,0.0008333472224535399,1.0000000000000013,0.0
59683,49.73666227770463,1.0,560,681,1241,0.0,0.0008333472224535399,1.0000000000000013,0.0
59684,49.737495624927085,1.0,560,681,1241,0.0,0.0008333472224535399,1.0000000000000013,0.0
59685,49.73832897214954,1.0,560,681,1241,0.0,0.0008333472224535399,1.0000000000000013,0.0
59686,49.73916231937199,1.0,560,681,1241,0.0,0.0008333472224535399,1.0000000000000013,0.0
59687,49.739995666594446,1.0,560,681,1241,0.0,0.0008333472224535399,1.0000000000000013,0.0
59688,49.7408290138169,1.0,560,681,1241,0.0,0.0008333472224535399,1.0000000000000013,0.0
59689,49.74166236103935,1.0,560,681,1241,0.0,0.0008333472224535399,1.0000000000000013,0.0
59690,49.742495708261806,1.0,560,681,1241,0.0,0.0008333472224535399,1.0000000000000013,0.0
59691,49.74332905548426,1.0,560,681,1241,0.0,0.0008333472224535399,1.0000000000000013,0.0
59692,49.74416240270671,1.0,560,681,1241,0.0,0.0008333472224535399,1.0000000000000013,0.0
59693,49.74499574992917,1.0,560,681,1241,0.0,0.0008333472224535399,1.0000000000000013,0.0
59694,49.74582909715162,1.0,560,681,1241,0.0,0.0008333472224535399,1.0000000000000013,0.0
59695,49.746662444374074,1.0,560,681,1241,0.0,0.0008333472224535399,1.0000000000000013,0.0
59696,49.74749579159653,1.0,560,681,1241,0.0,0.0008333472224535399,1.0000000000000013,0.0
59697,49.74832913881898,1.0,560,681,1241,0.0,0.0008333472224535399,1.0000000000000013,0.0
59698,49.749162486041435,1.0,560,681,1241,0.0,0.0008333472224535399,1.0000000000000013,0.0
59699,49.74999583326389,1.0,560,681,1241,0.0,0.0008333472224535399,1.0000000000000013,0.0
59700,49.75082918048634,1.0,560,681,1241,0.0,0.0008333472224535399,1.0000000000000013,0.0
59701,49.751662527708795,1.0,560,681,1241,0.0,0.0008333472224535399,1.0000000000000013,0.0
59702,49.75249587493125,1.0,560,681,1241,0.0,0.0008333472224535399,1.0000000000000013,0.0
59703,49.7533292221537,1.0,560,681,1241,0.0,0.0008333472224535399,1.0000000000000013,0.0
59704,49.754162569376156,1.0,560,681,1241,0.0,0.0008333472224535399,1.0000000000000013,0.0
59705,49.75499591659861,1.0,560,681,1241,0.0,0.0008333472224535399,1.0000000000000013,0.0
59706,49.75582926382106,1.0,560,681,1241,0.0,0.0008333472224535399,1.0000000000000013,0.0
59707,49.75666261104352,1.0,560,681,1241,0.0,0.0008333472224535399,1.0000000000000013,0.0
59708,49.75749595826597,1.0,560,681,1241,0.0,0.0008333472224535399,1.0000000000000013,0.0
59709,49.758329305488424,1.0,560,681,1241,0.0,0.0008333472224535399,1.0000000000000013,0.0
59710,49.75916265271088,1.0,560,681,1241,0.0,0.0008333472224535399,1.0000000000000013,0.0
59711,49.75999599993333,1.0,560,681,1241,0.0,0.0008333472224535399,1.0000000000000013,0.0
59712,49.76082934715579,1.0,560,681,1241,0.0,0.0008333472224606453,1.0000000000000013,0.0
59713,49.761662694378245,1.0,560,681,1241,0.0,0.0008333472224535399,1.0000000000000013,0.0
59714,49.7624960416007,1.0,560,681,1241,0.0,0.0008333472224535399,1.0000000000000013,0.0
59715,49.76332938882315,1.0,560,681,1241,0.0,0.0008333472224535399,1.0000000000000013,0.0
59716,49.764162736045606,1.0,560,681,1241,0.0,0.0008333472224535399,1.0000000000000013,0.0
59717,49.76499608326806,1.0,560,681,1241,0.0,0.0008333472224535399,1.0000000000000013,0.0
59718,49.76582943049051,1.0,560,681,1241,0.0,0.0008333472224535399,1.0000000000000013,0.0
59719,49.766662777712966,1.0,560,681,1241,0.0,0.0008333472224535399,1.0000000000000013,0.0
59720,49.76749612493542,1.0,560,681,1241,0.0,0.0008333472224535399,1.0000000000000013,0.0
59721,49.76832947215787,1.0,560,681,1241,0.0,0.0008333472224535399,1.0000000000000013,0.0
59722,49.76916281938033,1.0,560,681,1241,0.0,0.0008333472224535399,1.0000000000000013,0.0
59723,49.76999616660278,1.0,560,681,1241,0.0,0.0008333472224535399,1.0000000000000013,0.0
59724,49.770829513825234,1.0,560,681,1241,0.0,0.0008333472224535399,1.0000000000000013,0.0
59725,49.77166286104769,1.0,560,681,1241,0.0,0.0008333472224535399,1.0000000000000013,0.0
59726,49.77249620827014,1.0,560,681,1241,0.0,0.0008333472224535399,1.0000000000000013,0.0
59727,49.773329555492595,1.0,560,681,1241,0.0,0.0008333472224535399,1.0000000000000013,0.0
59728,49.77416290271505,1.0,560,681,1241,0.0,0.0008333472224535399,1.0000000000000013,0.0
59729,49.7749962499375,1.0,560,681,1241,0.0,0.0008333472224535399,1.0000000000000013,0.0
59730,49.775829597159955,1.0,560,681,1241,0.0,0.0008333472224535399,1.0000000000000013,0.0
59731,49.77666294438241,1.0,560,681,1241,0.0,0.0008333472224535399,1.0000000000000013,0.0
59732,49.77749629160486,1.0,560,681,1241,0.0,0.0008333472224535399,1.0000000000000013,0.0
59733,49.778329638827316,1.0,560,681,1241,0.0,0.0008333472224535399,1.0000000000000013,0.0
59734,49.77916298604977,1.0,560,681,1241,0.0,0.0008333472224535399,1.0000000000000013,0.0
59735,49.77999633327222,1.0,560,681,1241,0.0,0.0008333472224535399,1.0000000000000013,0.0
59736,49.780829680494676,1.0,560,681,1241,0.0,0.0008333472224535399,1.0000000000000013,0.0
59737,49.78166302771713,1.0,560,681,1241,0.0,0.0008333472224535399,1.0000000000000013,0.0
59738,49.78249637493958,1.0,560,681,1241,0.0,0.0008333472224535399,1.0000000000000013,0.0
59739,49.78332972216204,1.0,560,681,1241,0.0,0.0008333472224535399,1.0000000000000013,0.0
59740,49.78416306938449,1.0,560,681,1241,0.0,0.0008333472224535399,1.0000000000000013,0.0
59741,49.784996416606944,1.0,560,681,1241,0.0,0.0008333472224535399,1.0000000000000013,0.0
59742,49.7858297638294,1.0,560,681,1241,0.0,0.0008333472224535399,1.0000000000000013,0.0
59743,49.78666311105185,1.0,560,681,1241,0.0,0.0008333472224535399,1.0000000000000013,0.0
59744,49.787496458274305,1.0,560,681,1241,0.0,0.0008333472224535399,1.0000000000000013,0.0
59745,49.78832980549676,1.0,560,681,1241,0.0,0.0008333472224535399,1.0000000000000013,0.0
59746,49.78916315271921,1.0,560,681,1241,0.0,0.0008333472224535399,1.0000000000000013,0.0
59747,49.789996499941665,0.9991941982272361,560,681,1241,-0.0008058017727639033,0.0008333472224535399,0.999919419822725,-8.058017727639034e-05
59748,49.79082984716412,1.0,560,681,1241,0.0008058017727639033,0.0008333472224535399,0.999919419822725,0.0
59749,49.79166319438657,1.0,560,681,1241,0.0,0.0008333472224535399,0.999919419822725,0.0
59750,49.792496541609026,1.0,560,681,1241,0.0,0.0008333472224535399,0.999919419822725,0.0
59751,49.79332988883148,1.0,560,681,1241,0.0,0.0008333472224535399,0.999919419822725,0.0
59752,49.79416323605393,1.0,560,681,1241,0.0,0.0008333472224535399,0.999919419822725,0.0
59753,49.79499658327639,1.0,560,681,1241,0.0,0.0008333472224535399,0.999919419822725,0.0
59754,49.79582993049885,1.0,560,681,1241,0.0,0.0008333472224606453,0.999919419822725,0.0
59755,49.7966632777213,1.0,560,681,1241,0.0,0.0008333472224535399,0.999919419822725,0.0
59756,49.797496624943754,1.0,560,681,1241,0.0,0.0008333472224535399,0.999919419822725,0.0
59757,49.79832997216621,1.0,560,681,1241,0.0,0.0008333472224535399,1.0000000000000013,8.058017727639034e-05
59758,49.79916331938866,1.0,560,681,1241,0.0,0.0008333472224535399,1.0000000000000013,0.0
59759,49.799996666611115,0.9991941982272361,560,681,1241,-0.0008058017727639033,0.0008333472224535399,0.999919419822725,-8.058017727639034e-05
59760,49.80083001383357,0.9991941982272361,560,681,1241,0.0,0.0008333472224535399,0.9998388396454487,-8.058017727639034e-05
59761,49.80166336105602,0.9991941982272361,560,681,1241,0.0,0.0008333472224535399,0.9997582594681724,-8.058017727639034e-05
59762,49.802496708278476,0.9991941982272361,560,681,1241,0.0,0.0008333472224535399,0.999677679290896,-8.058017727639034e-05
59763,49.80333005550093,0.9991941982272361,560,681,1241,0.0,0.0008333472224535399,0.9995970991136197,-8.058017727639034e-05
59764,49.80416340272338,0.9991941982272361,560,681,1241,0.0,0.0008333472224535399,0.9995165189363433,-8.058017727639034e-05
59765,49.804996749945836,0.9991941982272361,560,681,1241,0.0,0.0008333472224535399,0.999435938759067,-8.058017727639034e-05
59766,49.80583009716829,0.9983883964544722,560,681,1241,-0.0008058017727639033,0.0008333472224535399,0.9992747784045143,-0.00016116035455278067
59767,49.80666344439074,0.9967767929089444,560,681,1241,-0.0016116035455278066,0.0008333472224535399,0.9989524576954087,-0.00032232070910556134
59768,49.8074967916132,0.9983883964544722,560,681,1241,0.0016116035455278066,0.0008333472224535399,0.9987912973408559,-0.00016116035455278067
59769,49.80833013883565,0.9991941982272361,560,681,1241,0.0008058017727639033,0.0008333472224535399,0.9987912973408559,0.0
59770,49.809163486058104,0.9991941982272361,560,681,1241,0.0,0.0008333472224535399,0.9987912973408559,0.0
59771,49.80999683328056,1.0,560,681,1241,0.0008058017727639033,0.0008333472224535399,0.9988718775181322,8.058017727639034e-05
59772,49.81083018050301,1.0,560,681,1241,0.0,0.0008333472224535399,0.9989524576954085,8.058017727639034e-05
59773,49.811663527725464,1.0,560,681,1241,0.0,0.0008333472224535399,0.9990330378726849,8.058017727639034e-05
59774,49.81249687494792,1.0,560,681,1241,0.0,0.0008333472224535399,0.9991136180499612,8.058017727639034e-05
59775,49.81333022217037,1.0,560,681,1241,0.0,0.0008333472224535399,0.9991941982272377,8.058017727639034e-05
59776,49.814163569392825,1.0,560,681,1241,0.0,0.0008333472224535399,0.9993553585817903,0.00016116035455278067
59777,49.81499691661528,1.0,560,681,1241,0.0,0.0008333472224535399,0.9996776792908959,0.00032232070910556134
59778,49.81583026383773,1.0,560,681,1241,0.0,0.0008333472224535399,0.9998388396454487,0.00016116035455278067
59779,49.816663611060186,1.0,560,681,1241,0.0,0.0008333472224535399,0.999919419822725,8.058017727639034e-05
59780,49.81749695828264,1.0,560,681,1241,0.0,0.0008333472224535399,1.0000000000000013,8.058017727639034e-05
59781,49.81833030550509,1.0,560,681,1241,0.0,0.0008333472224535399,1.0000000000000013,0.0
59782,49.819163652727546,1.0,560,681,1241,0.0,0.0008333472224535399,1.0000000000000013,0.0
59783,49.81999699995,1.0,560,681,1241,0.0,0.0008333472224535399,1.0000000000000013,0.0
59784,49.82083034717245,1.0,560,681,1241,0.0,0.0008333472224535399,1.0000000000000013,0.0
59785,49.82166369439491,1.0,560,681,1241,0.0,0.0008333472224535399,1.0000000000000013,0.0
59786,49.82249704161736,1.0,560,681,1241,0.0,0.0008333472224535399,1.0000000000000013,0.0
59787,49.823330388839814,1.0,560,681,1241,0.0,0.0008333472224535399,1.0000000000000013,0.0
59788,49.82416373606227,1.0,560,681,1241,0.0,0.0008333472224535399,1.0000000000000013,0.0
59789,49.82499708328472,1.0,560,681,1241,0.0,0.0008333472224535399,1.0000000000000013,0.0
59790,49.825830430507175,1.0,560,681,1241,0.0,0.0008333472224535399,1.0000000000000013,0.0
59791,49.82666377772963,1.0,560,681,1241,0.0,0.0008333472224535399,1.0000000000000013,0.0
59792,49.82749712495208,1.0,560,681,1241,0.0,0.0008333472224535399,1.0000000000000013,0.0
59793,49.828330472174535,1.0,560,681,1241,0.0,0.0008333472224535399,1.0000000000000013,0.0
59794,49.82916381939699,1.0,560,681,1241,0.0,0.0008333472224535399,1.0000000000000013,0.0
59795,49.82999716661944,1.0,560,681,1241,0.0,0.0008333472224535399,1.0000000000000013,0.0
59796,49.8308305138419,1.0,560,681,1241,0.0,0.0008333472224606453,1.0000000000000013,0.0
59797,49.83166386106436,1.0,560,681,1241,0.0,0.0008333472224535399,1.0000000000000013,0.0
59798,49.83249720828681,1.0,560,681,1241,0.0,0.0008333472224535399,1.0000000000000013,0.0
59799,49.833330555509264,1.0,560,681,1241,0.0,0.0008333472224535399,1.0000000000000013,0.0
59800,49.83416390273172,1.0,560,681,1241,0.0,0.0008333472224535399,1.0000000000000013,0.0
59801,49.83499724995417,1.0,560,681,1241,0.0,0.0008333472224535399,1.0000000000000013,0.0
59802,49.835830597176624,1.0,560,681,1241,0.0,0.0008333472224535399,1.0000000000000013,0.0
59803,49.83666394439908,1.0,560,681,1241,0.0,0.0008333472224535399,1.0000000000000013,0.0
59804,49.83749729162153,1.0,560,681,1241,0.0,0.0008333472224535399,1.0000000000000013,0.0
59805,49.838330638843985,1.0,560,681,1241,0.0,0.0008333472224535399,1.0000000000000013,0.0
59806,49.83916398606644,1.0,560,681,1241,0.0,0.0008333472224535399,1.0000000000000013,0.0
59807,49.83999733328889,1.0,560,681,1241,0.0,0.0008333472224535399,1.0000000000000013,0.0
59808,49.840830680511345,1.0,560,681,1241,0.0,0.0008333472224535399,1.0000000000000013,0.0
59809,49.8416640277338,1.0,560,681,1241,0.0,0.0008333472224535399,1.0000000000000013,0.0
59810,49.84249737495625,1.0,560,681,1241,0.0,0.0008333472224535399,1.0000000000000013,0.0
59811,49.843330722178706,1.0,560,681,1241,0.0,0.0008333472224535399,1.0000000000000013,0.0
59812,49.84416406940116,1.0,560,681,1241,0.0,0.0008333472224535399,1.0000000000000013,0.0
59813,49.84499741662361,1.0,560,681,1241,0.0,0.0008333472224535399,1.0000000000000013,0.0
59814,49.84583076384607,1.0,560,681,1241,0.0,0.0008333472224535399,1.0000000000000013,0.0
59815,49.84666411106852,1.0,560,681,1241,0.0,0.0008333472224535399,1.0000000000000013,0.0
59816,49.847497458290974,1.0,560,681,1241,0.0,0.0008333472224535399,1.0000000000000013,0.0
59817,49.84833080551343,1.0,560,681,1241,0.0,0.0008333472224535399,1.0000000000000013,0.0
59818,49.84916415273588,1.0,560,681,1241,0.0,0.0008333472224535399,1.0000000000000013,0.0
59819,49.849997499958334,1.0,560,681,1241,0.0,0.0008333472224535399,1.0000000000000013,0.0
59820,49.85083084718079,1.0,560,681,1241,0.0,0.0008333472224535399,1.0000000000000013,0.0
59821,49.85166419440324,1.0,560,681,1241,0.0,0.0008333472224535399,1.0000000000000013,0.0
59822,49.852497541625695,1.0,560,681,1241,0.0,0.0008333472224535399,1.0000000000000013,0.0
59823,49.85333088884815,1.0,560,681,1241,0.0,0.0008333472224535399,1.0000000000000013,0.0
59824,49.8541642360706,1.0,560,681,1241,0.0,0.0008333472224535399,1.0000000000000013,0.0
59825,49.854997583293056,1.0,560,681,1241,0.0,0.0008333472224535399,1.0000000000000013,0.0
59826,49.85583093051551,1.0,560,681,1241,0.0,0.0008333472224535399,1.0000000000000013,0.0
59827,49.85666427773796,1.0,560,681,1241,0.0,0.0008333472224535399,1.0000000000000013,0.0
59828,49.857497624960416,1.0,560,681,1241,0.0,0.0008333472224535399,1.0000000000000013,0.0
59829,49.85833097218287,0.9991941982272361,560,681,1241,-0.0008058017727639033,0.0008333472224535399,0.999919419822725,-8.058017727639034e-05
59830,49.85916431940532,1.0,560,681,1241,0.0008058017727639033,0.0008333472224535399,0.999919419822725,0.0
59831,49.85999766662778,1.0,560,681,1241,0.0,0.0008333472224535399,0.999919419822725,0.0
59832,49.86083101385023,1.0,560,681,1241,0.0,0.0008333472224535399,0.999919419822725,0.0
59833,49.861664361072684,1.0,560,681,1241,0.0,0.0008333472224535399,0.999919419822725,0.0
59834,49.86249770829514,0.9991941982272361,560,681,1241,-0.0008058017727639033,0.0008333472224535399,0.9998388396454487,-8.058017727639034e-05
59835,49.86333105551759,0.9991941982272361,560,681,1241,0.0,0.0008333472224535399,0.9997582594681724,-8.058017727639034e-05
59836,49.864164402740045,0.9991941982272361,560,681,1241,0.0,0.0008333472224535399,0.999677679290896,-8.058017727639034e-05
59837,49.8649977499625,0.9991941982272361,560,681,1241,0.0,0.0008333472224535399,0.9995970991136197,-8.058017727639034e-05
59838,49.86583109718495,0.9991941982272361,560,681,1241,0.0,0.0008333472224535399,0.9995165189363433,-8.058017727639034e-05
59839,49.86666444440741,0.9991941982272361,560,681,1241,0.0,0.0008333472224606453,0.9995165189363433,0.0
59840,49.867497791629866,0.9991941982272361,560,681,1241,0.0,0.0008333472224535399,0.999435938759067,-8.058017727639034e-05
59841,49.86833113885232,0.9991941982272361,560,681,1241,0.0,0.0008333472224535399,0.9993553585817907,-8.058017727639034e-05
59842,49.86916448607477,0.9991941982272361,560,681,1241,0.0,0.0008333472224535399,0.9992747784045143,-8.058017727639034e-05
59843,49.86999783329723,0.9991941982272361,560,681,1241,0.0,0.0008333472224535399,0.999194198227238,-8.058017727639034e-05
59844,49.87083118051968,1.0,560,681,1241,0.0008058017727639033,0.0008333472224535399,0.9992747784045143,8.058017727639034e-05
59845,49.87166452774213,1.0,560,681,1241,0.0,0.0008333472224535399,0.9993553585817907,8.058017727639034e-05
59846,49.87249787496459,1.0,560,681,1241,0.0,0.0008333472224535399,0.999435938759067,8.058017727639034e-05
59847,49.87333122218704,1.0,560,681,1241,0.0,0.0008333472224535399,0.9995165189363433,8.058017727639034e-05
59848,49.874164569409494,1.0,560,681,1241,0.0,0.0008333472224535399,0.9995970991136197,8.058017727639034e-05
59849,49.87499791663195,1.0,560,681,1241,0.0,0.0008333472224535399,0.999677679290896,8.058017727639034e-05
59850,49.8758312638544,1.0,560,681,1241,0.0,0.0008333472224535399,0.9997582594681724,8.058017727639034e-05
59851,49.876664611076855,1.0,560,681,1241,0.0,0.0008333472224535399,0.9998388396454487,8.058017727639034e-05
59852,49.87749795829931,1.0,560,681,1241,0.0,0.0008333472224535399,0.999919419822725,8.058017727639034e-05
59853,49.87833130552176,1.0,560,681,1241,0.0,0.0008333472224535399,1.0000000000000013,8.058017727639034e-05
59854,49.879164652744215,1.0,560,681,1241,0.0,0.0008333472224535399,1.0000000000000013,0.0
59855,49.87999799996667,1.0,560,681,1241,0.0,0.0008333472224535399,1.0000000000000013,0.0
59856,49.88083134718912,1.0,560,681,1241,0.0,0.0008333472224535399,1.0000000000000013,0.0
59857,49.881664694411576,1.0,560,681,1241,0.0,0.0008333472224535399,1.0000000000000013,0.0
59858,49.88249804163403,1.0,560,681,1241,0.0,0.0008333472224535399,1.0000000000000013,0.0
59859,49.88333138885648,1.0,560,681,1241,0.0,0.0008333472224535399,1.0000000000000013,0.0
59860,49.88416473607894,1.0,560,681,1241,0.0,0.0008333472224535399,1.0000000000000013,0.0
59861,49.88499808330139,1.0,560,681,1241,0.0,0.0008333472224535399,1.0000000000000013,0.0
59862,49.885831430523844,1.0,560,681,1241,0.0,0.0008333472224535399,1.0000000000000013,0.0
59863,49.8866647777463,1.0,560,681,1241,0.0,0.0008333472224535399,1.0000000000000013,0.0
59864,49.88749812496875,1.0,560,681,1241,0.0,0.0008333472224535399,1.0000000000000013,0.0
59865,49.888331472191204,1.0,560,681,1241,0.0,0.0008333472224535399,1.0000000000000013,0.0
59866,49.88916481941366,1.0,560,681,1241,0.0,0.0008333472224535399,1.0000000000000013,0.0
59867,49.88999816663611,1.0,560,681,1241,0.0,0.0008333472224535399,1.0000000000000013,0.0
59868,49.890831513858565,1.0,560,681,1241,0.0,0.0008333472224535399,1.0000000000000013,0.0
59869,49.89166486108102,1.0,560,681,1241,0.0,0.0008333472224535399,1.0000000000000013,0.0
59870,49.89249820830347,1.0,560,681,1241,0.0,0.0008333472224535399,1.0000000000000013,0.0
59871,49.893331555525926,1.0,560,681,1241,0.0,0.0008333472224535399,1.0000000000000013,0.0
59872,49.89416490274838,1.0,560,681,1241,0.0,0.0008333472224535399,1.0000000000000013,0.0
59873,49.89499824997083,1.0,560,681,1241,0.0,0.0008333472224535399,1.0000000000000013,0.0
59874,49.895831597193286,1.0,560,681,1241,0.0,0.0008333472224535399,1.0000000000000013,0.0
59875,49.89666494441574,1.0,560,681,1241,0.0,0.0008333472224535399,1.0000000000000013,0.0
59876,49.89749829163819,1.0,560,681,1241,0.0,0.0008333472224535399,1.0000000000000013,0.0
59877,49.89833163886065,1.0,560,681,1241,0.0,0.0008333472224535399,1.0000000000000013,0.0
59878,49.8991649860831,1.0,560,681,1241,0.0,0.0008333472224535399,1.0000000000000013,0.0
59879,49.899998333305554,1.0,560,681,1241,0.0,0.0008333472224535399,1.0000000000000013,0.0
59880,49.90083168052801,1.0,560,681,1241,0.0,0.0008333472224535399,1.0000000000000013,0.0
59881,49.90166502775047,1.0,560,681,1241,0.0,0.0008333472224606453,1.0000000000000013,0.0
59882,49.90249837497292,1.0,560,681,1241,0.0,0.0008333472224535399,1.0000000000000013,0.0
59883,49.903331722195375,0.9991941982272361,560,681,1241,-0.0008058017727639033,0.0008333472224535399,0.999919419822725,-8.058017727639034e-05
59884,49.90416506941783,0.9991941982272361,560,681,1241,0.0,0.0008333472224535399,0.9998388396454487,-8.058017727639034e-05
59885,49.90499841664028,0.9991941982272361,560,681,1241,0.0,0.0008333472224535399,0.9997582594681724,-8.058017727639034e-05
59886,49.905831763862736,0.9991941982272361,560,681,1241,0.0,0.0008333472224535399,0.999677679290896,-8.058017727639034e-05
59887,49.90666511108519,0.9991941982272361,560,681,1241,0.0,0.0008333472224535399,0.9995970991136197,-8.058017727639034e-05
59888,49.90749845830764,0.9991941982272361,560,681,1241,0.0,0.0008333472224535399,0.9995165189363433,-8.058017727639034e-05
59889,49.908331805530096,1.0,560,681,1241,0.0008058017727639033,0.0008333472224535399,0.9995165189363433,0.0
59890,49.90916515275255,1.0,560,681,1241,0.0,0.0008333472224535399,0.9995165189363433,0.0
59891,49.909998499975,1.0,560,681,1241,0.0,0.0008333472224535399,0.9995165189363433,0.0
59892,49.91083184719746,1.0,560,681,1241,0.0,0.0008333472224535399,0.9995165189363433,0.0
59893,49.91166519441991,1.0,560,681,1241,0.0,0.0008333472224535399,0.9995970991136197,8.058017727639034e-05
59894,49.912498541642364,1.0,560,681,1241,0.0,0.0008333472224535399,0.999677679290896,8.058017727639034e-05
59895,49.91333188886482,1.0,560,681,1241,0.0,0.0008333472224535399,0.9997582594681724,8.058017727639034e-05
59896,49.91416523608727,1.0,560,681,1241,0.0,0.0008333472224535399,0.9998388396454487,8.058017727639034e-05
59897,49.914998583309725,1.0,560,681,1241,0.0,0.0008333472224535399,0.999919419822725,8.058017727639034e-05
59898,49.91583193053218,1.0,560,681,1241,0.0,0.0008333472224535399,1.0000000000000013,8.058017727639034e-05
59899,49.91666527775463,1.0,560,681,1241,0.0,0.0008333472224535399,1.0000000000000013,0.0
59900,49.917498624977085,1.0,560,681,1241,0.0,0.0008333472224535399,1.0000000000000013,0.0
59901,49.91833197219954,1.0,560,681,1241,0.0,0.0008333472224535399,1.0000000000000013,0.0
59902,49.91916531942199,0.9991941982272361,560,681,1241,-0.0008058017727639033,0.0008333472224535399,0.999919419822725,-8.058017727639034e-05
59903,49.919998666644446,0.9991941982272361,560,681,1241,0.0,0.0008333472224535399,0.9998388396454487,-8.058017727639034e-05
59904,49.9208320138669,1.0,560,681,1241,0.0008058017727639033,0.0008333472224535399,0.9998388396454487,0.0
59905,49.92166536108935,1.0,560,681,1241,0.0,0.0008333472224535399,0.9998388396454487,0.0
59906,49.92249870831181,1.0,560,681,1241,0.0,0.0008333472224535399,0.9998388396454487,0.0
59907,49.92333205553426,1.0,560,681,1241,0.0,0.0008333472224535399,0.9998388396454487,0.0
59908,49.924165402756714,1.0,560,681,1241,0.0,0.0008333472224535399,0.9998388396454487,0.0
59909,49.92499874997917,1.0,560,681,1241,0.0,0.0008333472224535399,0.9998388396454487,0.0
59910,49.92583209720162,1.0,560,681,1241,0.0,0.0008333472224535399,0.9998388396454487,0.0
59911,49.926665444424074,1.0,560,681,1241,0.0,0.0008333472224535399,0.9998388396454487,0.0
59912,49.92749879164653,1.0,560,681,1241,0.0,0.0008333472224535399,0.999919419822725,8.058017727639034e-05
59913,49.92833213886898,1.0,560,681,1241,0.0,0.0008333472224535399,1.0000000000000013,8.058017727639034e-05
59914,49.929165486091435,1.0,560,681,1241,0.0,0.0008333472224535399,1.0000000000000013,0.0
59915,49.92999883331389,1.0,560,681,1241,0.0,0.0008333472224535399,1.0000000000000013,0.0
59916,49.93083218053634,1.0,560,681,1241,0.0,0.0008333472224535399,1.0000000000000013,0.0
59917,49.931665527758796,1.0,560,681,1241,0.0,0.0008333472224535399,1.0000000000000013,0.0
59918,49.93249887498125,1.0,560,681,1241,0.0,0.0008333472224535399,1.0000000000000013,0.0
59919,49.9333322222037,1.0,560,681,1241,0.0,0.0008333472224535399,1.0000000000000013,0.0
59920,49.934165569426156,1.0,560,681,1241,0.0,0.0008333472224535399,1.0000000000000013,0.0
59921,49.93499891664861,1.0,560,681,1241,0.0,0.0008333472224535399,1.0000000000000013,0.0
59922,49.93583226387106,1.0,560,681,1241,0.0,0.0008333472224535399,1.0000000000000013,0.0
59923,49.936665611093524,1.0,560,681,1241,0.0,0.0008333472224606453,1.0000000000000013,0.0
59924,49.93749895831598,1.0,560,681,1241,0.0,0.0008333472224535399,1.0000000000000013,0.0
59925,49.93833230553843,1.0,560,681,1241,0.0,0.0008333472224535399,1.0000000000000013,0.0
59926,49.939165652760884,1.0,560,681,1241,0.0,0.0008333472224535399,1.0000000000000013,0.0
59927,49.93999899998334,1.0,560,681,1241,0.0,0.0008333472224535399,1.0000000000000013,0.0
59928,49.94083234720579,1.0,560,681,1241,0.0,0.0008333472224535399,1.0000000000000013,0.0
59929,49.941665694428245,1.0,560,681,1241,0.0,0.0008333472224535399,1.0000000000000013,0.0
59930,49.9424990416507,1.0,560,681,1241,0.0,0.0008333472224535399,1.0000000000000013,0.0
59931,49.94333238887315,0.9991941982272361,560,681,1241,-0.0008058017727639033,0.0008333472224535399,0.999919419822725,-8.058017727639034e-05
59932,49.944165736095606,0.9991941982272361,560,681,1241,0.0,0.0008333472224535399,0.9998388396454487,-8.058017727639034e-05
59933,49.94499908331806,0.9991941982272361,560,681,1241,0.0,0.0008333472224535399,0.9997582594681724,-8.058017727639034e-05
59934,49.94583243054051,0.9991941982272361,560,681,1241,0.0,0.0008333472224535399,0.999677679290896,-8.058017727639034e-05
59935,49.946665777762966,0.9991941982272361,560,681,1241,0.0,0.0008333472224535399,0.9995970991136197,-8.058017727639034e-05
59936,49.94749912498542,0.9991941982272361,560,681,1241,0.0,0.0008333472224535399,0.9995165189363433,-8.058017727639034e-05
59937,49.94833247220787,0.9991941982272361,560,681,1241,0.0,0.0008333472224535399,0.999435938759067,-8.058017727639034e-05
59938,49.94916581943033,1.0,560,681,1241,0.0008058017727639033,0.0008333472224535399,0.999435938759067,0.0
59939,49.94999916665278,1.0,560,681,1241,0.0,0.0008333472224535399,0.999435938759067,0.0
59940,49.950832513875234,1.0,560,681,1241,0.0,0.0008333472224535399,0.999435938759067,0.0
59941,49.95166586109769,1.0,560,681,1241,0.0,0.0008333472224535399,0.9995165189363433,8.058017727639034e-05
59942,49.95249920832014,1.0,560,681,1241,0.0,0.0008333472224535399,0.9995970991136197,8.058017727639034e-05
59943,49.953332555542595,1.0,560,681,1241,0.0,0.0008333472224535399,0.999677679290896,8.058017727639034e-05
59944,49.95416590276505,1.0,560,681,1241,0.0,0.0008333472224535399,0.9997582594681724,8.058017727639034e-05
59945,49.9549992499875,1.0,560,681,1241,0.0,0.0008333472224535399,0.9998388396454487,8.058017727639034e-05
59946,49.955832597209955,0.9991941982272361,560,681,1241,-0.0008058017727639033,0.0008333472224535399,0.9998388396454487,0.0
59947,49.95666594443241,0.9991941982272361,560,681,1241,0.0,0.0008333472224535399,0.9998388396454487,0.0
59948,49.95749929165486,1.0,560,681,1241,0.0008058017727639033,0.0008333472224535399,0.9998388396454487,0.0
59949,49.958332638877316,1.0,560,681,1241,0.0,0.0008333472224535399,0.9998388396454487,0.0
59950,49.95916598609977,1.0,560,681,1241,0.0,0.0008333472224535399,0.9998388396454487,0.0
59951,49.95999933332222,1.0,560,681,1241,0.0,0.0008333472224535399,0.9998388396454487,0.0
59952,49.96083268054468,1.0,560,681,1241,0.0,0.0008333472224535399,0.9998388396454487,0.0
59953,49.96166602776713,1.0,560,681,1241,0.0,0.0008333472224535399,0.9998388396454487,0.0
59954,49.962499374989584,1.0,560,681,1241,0.0,0.0008333472224535399,0.9998388396454487,0.0
59955,49.96333272221204,1.0,560,681,1241,0.0,0.0008333472224535399,0.9998388396454487,0.0
59956,49.96416606943449,1.0,560,681,1241,0.0,0.0008333472224535399,0.999919419822725,8.058017727639034e-05
59957,49.964999416656944,1.0,560,681,1241,0.0,0.0008333472224535399,1.0000000000000013,8.058017727639034e-05
59958,49.9658327638794,1.0,560,681,1241,0.0,0.0008333472224535399,1.0000000000000013,0.0
59959,49.96666611110185,1.0,560,681,1241,0.0,0.0008333472224535399,1.0000000000000013,0.0
59960,49.967499458324305,1.0,560,681,1241,0.0,0.0008333472224535399,1.0000000000000013,0.0
59961,49.96833280554676,1.0,560,681,1241,0.0,0.0008333472224535399,1.0000000000000013,0.0
59962,49.96916615276921,1.0,560,681,1241,0.0,0.0008333472224535399,1.0000000000000013,0.0
59963,49.969999499991665,1.0,560,681,1241,0.0,0.0008333472224535399,1.0000000000000013,0.0
59964,49.97083284721412,1.0,560,681,1241,0.0,0.0008333472224535399,1.0000000000000013,0.0
59965,49.97166619443657,1.0,560,681,1241,0.0,0.0008333472224535399,1.0000000000000013,0.0
59966,49.97249954165903,1.0,560,681,1241,0.0,0.0008333472224606453,1.0000000000000013,0.0
59967,49.97333288888149,1.0,560,681,1241,0.0,0.0008333472224535399,1.0000000000000013,0.0
59968,49.97416623610394,1.0,560,681,1241,0.0,0.0008333472224535399,1.0000000000000013,0.0
59969,49.974999583326394,1.0,560,681,1241,0.0,0.0008333472224535399,1.0000000000000013,0.0
59970,49.97583293054885,1.0,560,681,1241,0.0,0.0008333472224535399,1.0000000000000013,0.0
59971,49.9766662777713,1.0,560,681,1241,0.0,0.0008333472224535399,1.0000000000000013,0.0
59972,49.977499624993754,1.0,560,681,1241,0.0,0.0008333472224535399,1.0000000000000013,0.0
59973,49.97833297221621,1.0,560,681,1241,0.0,0.0008333472224535399,1.0000000000000013,0.0
59974,49.97916631943866,1.0,560,681,1241,0.0,0.0008333472224535399,1.0000000000000013,0.0
59975,49.979999666661115,1.0,560,681,1241,0.0,0.0008333472224535399,1.0000000000000013,0.0
59976,49.98083301388357,1.0,560,681,1241,0.0,0.0008333472224535399,1.0000000000000013,0.0
59977,49.98166636110602,1.0,560,681,1241,0.0,0.0008333472224535399,1.0000000000000013,0.0
59978,49.982499708328476,1.0,560,681,1241,0.0,0.0008333472224535399,1.0000000000000013,0.0
59979,49.98333305555093,1.0,560,681,1241,0.0,0.0008333472224535399,1.0000000000000013,0.0
59980,49.98416640277338,1.0,560,681,1241,0.0,0.0008333472224535399,1.0000000000000013,0.0
59981,49.984999749995836,1.0,560,681,1241,0.0,0.0008333472224535399,1.0000000000000013,0.0
59982,49.98583309721829,1.0,560,681,1241,0.0,0.0008333472224535399,1.0000000000000013,0.0
59983,49.98666644444074,1.0,560,681,1241,0.0,0.0008333472224535399,1.0000000000000013,0.0
59984,49.9874997916632,1.0,560,681,1241,0.0,0.0008333472224535399,1.0000000000000013,0.0
59985,49.98833313888565,0.9991941982272361,560,681,1241,-0.0008058017727639033,0.0008333472224535399,0.999919419822725,-8.058017727639034e-05
59986,49.989166486108104,0.9991941982272361,560,681,1241,0.0,0.0008333472224535399,0.9998388396454487,-8.058017727639034e-05
59987,49.98999983333056,0.9991941982272361,560,681,1241,0.0,0.0008333472224535399,0.9997582594681724,-8.058017727639034e-05
59988,49.99083318055301,1.0,560,681,1241,0.0008058017727639033,0.0008333472224535399,0.9997582594681724,0.0
59989,49.991666527775465,1.0,560,681,1241,0.0,0.0008333472224535399,0.9997582594681724,0.0
59990,49.99249987499792,1.0,560,681,1241,0.0,0.0008333472224535399,0.9997582594681724,0.0
59991,49.99333322222037,1.0,560,681,1241,0.0,0.0008333472224535399,0.9997582594681724,0.0
59992,49.994166569442825,1.0,560,681,1241,0.0,0.0008333472224535399,0.9997582594681724,0.0
59993,49.99499991666528,1.0,560,681,1241,0.0,0.0008333472224535399,0.9997582594681724,0.0
59994,49.99583326388773,1.0,560,681,1241,0.0,0.0008333472224535399,0.9997582594681724,0.0
59995,49.996666611110186,1.0,560,681,1241,0.0,0.0008333472224535399,0.9998388396454487,8.058017727639034e-05
59996,49.99749995833264,1.0,560,681,1241,0.0,0.0008333472224535399,0.999919419822725,8.058017727639034e-05
59997,49.99833330555509,1.0,560,681,1241,0.0,0.0008333472224535399,1.0000000000000013,8.058017727639034e-05
59998,49.99916665277755,1.0,560,681,1241,0.0,0.0008333472224535399,1.0000000000000013,0.0
59999,50.0,1.0,560,681,1241,0.0,0.0008333472224535399,1.0000000000000013,0.0
60000,50.0,1.0,560,681,1241,0.0,0.0,1.0000000000000013,0.0
60001,49.99916665277755,1.0,560,681,1241,0.0,-0.0008333472224535399,1.0000000000000013,0.0
60002,49.99833330555509,1.0,560,681,1241,0.0,-0.0008333472224535399,1.0000000000000013,0.0
60003,49.99749995833264,1.0,560,681,1241,0.0,-0.0008333472224535399,1.0000000000000013,0.0
60004,49.996666611110186,1.0,560,681,1241,0.0,-0.0008333472224535399,1.0000000000000013,0.0
60005,49.99583326388773,1.0,560,681,1241,0.0,-0.0008333472224535399,1.0000000000000013,0.0
60006,49.99499991666528,1.0,560,681,1241,0.0,-0.0008333472224535399,1.0000000000000013,0.0
60007,49.994166569442825,0.9991941982272361,560,681,1241,-0.0008058017727639033,-0.0008333472224535399,0.999919419822725,-8.058017727639034e-05
60008,49.99333322222037,1.0,560,681,1241,0.0008058017727639033,-0.0008333472224535399,0.999919419822725,0.0
60009,49.99249987499792,1.0,560,681,1241,0.0,-0.0008333472224535399,0.999919419822725,0.0
60010,49.991666527775465,1.0,560,681,1241,0.0,-0.0008333472224535399,0.999919419822725,0.0
60011,49.99083318055301,1.0,560,681,1241,0.0,-0.0008333472224535399,0.999919419822725,0.0
60012,49.98999983333056,1.0,560,681,1241,0.0,-0.0008333472224535399,0.999919419822725,0.0
60013,49.989166486108104,0.9983883964544722,560,681,1241,-0.0016116035455278066,-0.0008333472224535399,0.9997582594681724,-0.00016116035455278067
60014,49.98833313888565,0.9991941982272361,560,681,1241,0.0008058017727639033,-0.0008333472224535399,0.999677679290896,-8.058017727639034e-05
60015,49.9874997916632,0.9991941982272361,560,681,1241,0.0,-0.0008333472224535399,0.9995970991136197,-8.058017727639034e-05
60016,49.98666644444074,0.9991941982272361,560,681,1241,0.0,-0.0008333472224535399,0.9995165189363433,-8.058017727639034e-05
60017,49.98583309721829,0.9991941982272361,560,681,1241,0.0,-0.0008333472224535399,0.9995165189363433,0.0
60018,49.984999749995836,0.9991941982272361,560,681,1241,0.0,-0.0008333472224535399,0.999435938759067,-8.058017727639034e-05
60019,49.98416640277338,0.9991941982272361,560,681,1241,0.0,-0.0008333472224535399,0.9993553585817907,-8.058017727639034e-05
60020,49.98333305555093,0.9991941982272361,560,681,1241,0.0,-0.0008333472224535399,0.9992747784045143,-8.058017727639034e-05
60021,49.982499708328476,0.9991941982272361,560,681,1241,0.0,-0.0008333472224535399,0.999194198227238,-8.058017727639034e-05
60022,49.981666361106015,0.9991941982272361,560,681,1241,0.0,-0.0008333472224606453,0.9991136180499616,-8.058017727639034e-05
60023,49.98083301388356,0.9991941982272361,560,681,1241,0.0,-0.0008333472224535399,0.999194198227238,8.058017727639034e-05
60024,49.97999966666111,0.9991941982272361,560,681,1241,0.0,-0.0008333472224535399,0.999194198227238,0.0
60025,49.979166319438654,0.9991941982272361,560,681,1241,0.0,-0.0008333472224535399,0.999194198227238,0.0
60026,49.9783329722162,0.9991941982272361,560,681,1241,0.0,-0.0008333472224535399,0.999194198227238,0.0
60027,49.97749962499375,0.9991941982272361,560,681,1241,0.0,-0.0008333472224535399,0.999194198227238,0.0
60028,49.976666277771294,0.9991941982272361,560,681,1241,0.0,-0.0008333472224535399,0.999194198227238,0.0
60029,49.97583293054884,1.0,560,681,1241,0.0008058017727639033,-0.0008333472224535399,0.9992747784045143,8.058017727639034e-05
60030,49.97499958332639,1.0,560,681,1241,0.0,-0.0008333472224535399,0.9993553585817907,8.058017727639034e-05
60031,49.97416623610393,1.0,560,681,1241,0.0,-0.0008333472224535399,0.999435938759067,8.058017727639034e-05
60032,49.97333288888148,1.0,560,681,1241,0.0,-0.0008333472224535399,0.9995165189363433,8.058017727639034e-05
60033,49.972499541659026,1.0,560,681,1241,0.0,-0.0008333472224535399,0.9995970991136197,8.058017727639034e-05
60034,49.97166619443657,1.0,560,681,1241,0.0,-0.0008333472224535399,0.999677679290896,8.058017727639034e-05
60035,49.97083284721412,1.0,560,681,1241,0.0,-0.0008333472224535399,0.9997582594681724,8.058017727639034e-05
60036,49.969999499991665,1.0,560,681,1241,0.0,-0.0008333472224535399,0.9998388396454487,8.058017727639034e-05
60037,49.96916615276921,1.0,560,681,1241,0.0,-0.0008333472224535399,0.999919419822725,8.058017727639034e-05
60038,49.96833280554676,1.0,560,681,1241,0.0,-0.0008333472224535399,1.0000000000000013,8.058017727639034e-05
60039,49.967499458324305,1.0,560,681,1241,0.0,-0.0008333472224535399,1.0000000000000013,0.0
60040,49.96666611110185,1.0,560,681,1241,0.0,-0.0008333472224535399,1.0000000000000013,0.0
60041,49.9658327638794,1.0,560,681,1241,0.0,-0.0008333472224535399,1.0000000000000013,0.0
60042,49.964999416656944,1.0,560,681,1241,0.0,-0.0008333472224535399,1.0000000000000013,0.0
60043,49.96416606943449,1.0,560,681,1241,0.0,-0.0008333472224535399,1.0000000000000013,0.0
60044,49.96333272221204,1.0,560,681,1241,0.0,-0.0008333472224535399,1.0000000000000013,0.0
60045,49.962499374989584,1.0,560,681,1241,0.0,-0.0008333472224535399,1.0000000000000013,0.0
60046,49.96166602776713,1.0,560,681,1241,0.0,-0.0008333472224535399,1.0000000000000013,0.0
60047,49.96083268054468,1.0,560,681,1241,0.0,-0.0008333472224535399,1.0000000000000013,0.0
60048,49.95999933332222,0.9991941982272361,560,681,1241,-0.0008058017727639033,-0.0008333472224535399,0.999919419822725,-8.058017727639034e-05
60049,49.95916598609977,1.0,560,681,1241,0.0008058017727639033,-0.0008333472224535399,0.999919419822725,0.0
60050,49.958332638877316,1.0,560,681,1241,0.0,-0.0008333472224535399,0.999919419822725,0.0
60051,49.95749929165486,1.0,560,681,1241,0.0,-0.0008333472224535399,0.999919419822725,0.0
60052,49.95666594443241,1.0,560,681,1241,0.0,-0.0008333472224535399,0.999919419822725,0.0
60053,49.955832597209955,1.0,560,681,1241,0.0,-0.0008333472224535399,0.999919419822725,0.0
60054,49.9549992499875,1.0,560,681,1241,0.0,-0.0008333472224535399,0.999919419822725,0.0
60055,49.95416590276505,1.0,560,681,1241,0.0,-0.0008333472224535399,0.999919419822725,0.0
60056,49.953332555542595,1.0,560,681,1241,0.0,-0.0008333472224535399,0.999919419822725,0.0
60057,49.95249920832014,1.0,560,681,1241,0.0,-0.0008333472224535399,0.999919419822725,0.0
60058,49.95166586109769,1.0,560,681,1241,0.0,-0.0008333472224535399,1.0000000000000013,8.058017727639034e-05
60059,49.950832513875234,1.0,560,681,1241,0.0,-0.0008333472224535399,1.0000000000000013,0.0
60060,49.94999916665278,1.0,560,681,1241,0.0,-0.0008333472224535399,1.0000000000000013,0.0
60061,49.94916581943033,1.0,560,681,1241,0.0,-0.0008333472224535399,1.0000000000000013,0.0
60062,49.94833247220787,1.0,560,681,1241,0.0,-0.0008333472224535399,1.0000000000000013,0.0
60063,49.94749912498542,1.0,560,681,1241,0.0,-0.0008333472224535399,1.0000000000000013,0.0
60064,49.94666577776296,1.0,560,681,1241,0.0,-0.0008333472224606453,1.0000000000000013,0.0
60065,49.945832430540506,1.0,560,681,1241,0.0,-0.0008333472224535399,1.0000000000000013,0.0
60066,49.94499908331805,1.0,560,681,1241,0.0,-0.0008333472224535399,1.0000000000000013,0.0
60067,49.9441657360956,1.0,560,681,1241,0.0,-0.0008333472224535399,1.0000000000000013,0.0
60068,49.943332388873145,1.0,560,681,1241,0.0,-0.0008333472224535399,1.0000000000000013,0.0
60069,49.94249904165069,1.0,560,681,1241,0.0,-0.0008333472224535399,1.0000000000000013,0.0
60070,49.94166569442824,1.0,560,681,1241,0.0,-0.0008333472224535399,1.0000000000000013,0.0
60071,49.940832347205784,1.0,560,681,1241,0.0,-0.0008333472224535399,1.0000000000000013,0.0
60072,49.93999899998333,1.0,560,681,1241,0.0,-0.0008333472224535399,1.0000000000000013,0.0
60073,49.93916565276088,1.0,560,681,1241,0.0,-0.0008333472224535399,1.0000000000000013,0.0
60074,49.938332305538424,1.0,560,681,1241,0.0,-0.0008333472224535399,1.0000000000000013,0.0
60075,49.93749895831597,1.0,560,681,1241,0.0,-0.0008333472224535399,1.0000000000000013,0.0
60076,49.93666561109352,1.0,560,681,1241,0.0,-0.0008333472224535399,1.0000000000000013,0.0
60077,49.93583226387106,1.0,560,681,1241,0.0,-0.0008333472224535399,1.0000000000000013,0.0
60078,49.93499891664861,1.0,560,681,1241,0.0,-0.0008333472224535399,1.0000000000000013,0.0
60079,49.934165569426156,1.0,560,681,1241,0.0,-0.0008333472224535399,1.0000000000000013,0.0
60080,49.9333322222037,1.0,560,681,1241,0.0,-0.0008333472224535399,1.0000000000000013,0.0
60081,49.93249887498125,1.0,560,681,1241,0.0,-0.0008333472224535399,1.0000000000000013,0.0
60082,49.931665527758796,1.0,560,681,1241,0.0,-0.0008333472224535399,1.0000000000000013,0.0
60083,49.93083218053634,1.0,560,681,1241,0.0,-0.0008333472224535399,1.0000000000000013,0.0
60084,49.92999883331389,1.0,560,681,1241,0.0,-0.0008333472224535399,1.0000000000000013,0.0
60085,49.929165486091435,1.0,560,681,1241,0.0,-0.0008333472224535399,1.0000000000000013,0.0
60086,49.92833213886898,1.0,560,681,1241,0.0,-0.0008333472224535399,1.0000000000000013,0.0
60087,49.92749879164653,1.0,560,681,1241,0.0,-0.0008333472224535399,1.0000000000000013,0.0
60088,49.926665444424074,1.0,560,681,1241,0.0,-0.0008333472224535399,1.0000000000000013,0.0
60089,49.92583209720162,1.0,560,681,1241,0.0,-0.0008333472224535399,1.0000000000000013,0.0
60090,49.92499874997917,1.0,560,681,1241,0.0,-0.0008333472224535399,1.0000000000000013,0.0
60091,49.924165402756714,1.0,560,681,1241,0.0,-0.0008333472224535399,1.0000000000000013,0.0
60092,49.92333205553426,1.0,560,681,1241,0.0,-0.0008333472224535399,1.0000000000000013,0.0
60093,49.92249870831181,1.0,560,681,1241,0.0,-0.0008333472224535399,1.0000000000000013,0.0
60094,49.92166536108935,1.0,560,681,1241,0.0,-0.0008333472224535399,1.0000000000000013,0.0
60095,49.9208320138669,1.0,560,681,1241,0.0,-0.0008333472224535399,1.0000000000000013,0.0
60096,49.919998666644446,1.0,560,681,1241,0.0,-0.0008333472224535399,1.0000000000000013,0.0
60097,49.91916531942199,1.0,560,681,1241,0.0,-0.0008333472224535399,1.0000000000000013,0.0
60098,49.91833197219954,1.0,560,681,1241,0.0,-0.0008333472224535399,1.0000000000000013,0.0
60099,49.917498624977085,1.0,560,681,1241,0.0,-0.0008333472224535399,1.0000000000000013,0.0
60100,49.91666527775463,1.0,560,681,1241,0.0,-0.0008333472224535399,1.0000000000000013,0.0
60101,49.91583193053218,1.0,560,681,1241,0.0,-0.0008333472224535399,1.0000000000000013,0.0
60102,49.914998583309725,1.0,560,681,1241,0.0,-0.0008333472224535399,1.0000000000000013,0.0
60103,49.91416523608727,1.0,560,681,1241,0.0,-0.0008333472224535399,1.0000000000000013,0.0
60104,49.91333188886482,1.0,560,681,1241,0.0,-0.0008333472224535399,1.0000000000000013,0.0
60105,49.912498541642364,1.0,560,681,1241,0.0,-0.0008333472224535399,1.0000000000000013,0.0
60106,49.9116651944199,1.0,560,681,1241,0.0,-0.0008333472224606453,1.0000000000000013,0.0
60107,49.91083184719745,1.0,560,681,1241,0.0,-0.0008333472224535399,1.0000000000000013,0.0
60108,49.909998499974996,1.0,560,681,1241,0.0,-0.0008333472224535399,1.0000000000000013,0.0
60109,49.90916515275254,1.0,560,681,1241,0.0,-0.0008333472224535399,1.0000000000000013,0.0
60110,49.90833180553009,1.0,560,681,1241,0.0,-0.0008333472224535399,1.0000000000000013,0.0
60111,49.907498458307636,1.0,560,681,1241,0.0,-0.0008333472224535399,1.0000000000000013,0.0
60112,49.90666511108518,1.0,560,681,1241,0.0,-0.0008333472224535399,1.0000000000000013,0.0
60113,49.90583176386273,1.0,560,681,1241,0.0,-0.0008333472224535399,1.0000000000000013,0.0
60114,49.904998416640275,1.0,560,681,1241,0.0,-0.0008333472224535399,1.0000000000000013,0.0
60115,49.90416506941782,1.0,560,681,1241,0.0,-0.0008333472224535399,1.0000000000000013,0.0
60116,49.90333172219537,1.0,560,681,1241,0.0,-0.0008333472224535399,1.0000000000000013,0.0
60117,49.902498374972915,1.0,560,681,1241,0.0,-0.0008333472224535399,1.0000000000000013,0.0
60118,49.90166502775046,1.0,560,681,1241,0.0,-0.0008333472224535399,1.0000000000000013,0.0
60119,49.90083168052801,1.0,560,681,1241,0.0,-0.0008333472224535399,1.0000000000000013,0.0
60120,49.899998333305554,1.0,560,681,1241,0.0,-0.0008333472224535399,1.0000000000000013,0.0
60121,49.8991649860831,1.0,560,681,1241,0.0,-0.0008333472224535399,1.0000000000000013,0.0
60122,49.89833163886065,1.0,560,681,1241,0.0,-0.0008333472224535399,1.0000000000000013,0.0
60123,49.89749829163819,1.0,560,681,1241,0.0,-0.0008333472224535399,1.0000000000000013,0.0
60124,49.89666494441574,1.0,560,681,1241,0.0,-0.0008333472224535399,1.0000000000000013,0.0
60125,49.895831597193286,1.0,560,681,1241,0.0,-0.0008333472224535399,1.0000000000000013,0.0
60126,49.89499824997083,1.0,560,681,1241,0.0,-0.0008333472224535399,1.0000000000000013,0.0
60127,49.89416490274838,1.0,560,681,1241,0.0,-0.0008333472224535399,1.0000000000000013,0.0
60128,49.893331555525926,1.0,560,681,1241,0.0,-0.0008333472224535399,1.0000000000000013,0.0
60129,49.89249820830347,1.0,560,681,1241,0.0,-0.0008333472224535399,1.0000000000000013,0.0
60130,49.89166486108102,1.0,560,681,1241,0.0,-0.0008333472224535399,1.0000000000000013,0.0
60131,49.890831513858565,1.0,560,681,1241,0.0,-0.0008333472224535399,1.0000000000000013,0.0
60132,49.88999816663611,1.0,560,681,1241,0.0,-0.0008333472224535399,1.0000000000000013,0.0
60133,49.88916481941366,1.0,560,681,1241,0.0,-0.0008333472224535399,1.0000000000000013,0.0
60134,49.888331472191204,1.0,560,681,1241,0.0,-0.0008333472224535399,1.0000000000000013,0.0
60135,49.88749812496875,1.0,560,681,1241,0.0,-0.0008333472224535399,1.0000000000000013,0.0
60136,49.8866647777463,1.0,560,681,1241,0.0,-0.0008333472224535399,1.0000000000000013,0.0
60137,49.885831430523844,1.0,560,681,1241,0.0,-0.0008333472224535399,1.0000000000000013,0.0
60138,49.88499808330139,1.0,560,681,1241,0.0,-0.0008333472224535399,1.0000000000000013,0.0
60139,49.88416473607894,1.0,560,681,1241,0.0,-0.0008333472224535399,1.0000000000000013,0.0
60140,49.88333138885648,1.0,560,681,1241,0.0,-0.0008333472224535399,1.0000000000000013,0.0
60141,49.88249804163403,1.0,560,681,1241,0.0,-0.0008333472224535399,1.0000000000000013,0.0
60142,49.881664694411576,1.0,560,681,1241,0.0,-0.0008333472224535399,1.0000000000000013,0.0
60143,49.88083134718912,1.0,560,681,1241,0.0,-0.0008333472224535399,1.0000000000000013,0.0
60144,49.87999799996667,1.0,560,681,1241,0.0,-0.0008333472224535399,1.0000000000000013,0.0
60145,49.879164652744215,1.0,560,681,1241,0.0,-0.0008333472224535399,1.0000000000000013,0.0
60146,49.87833130552176,1.0,560,681,1241,0.0,-0.0008333472224535399,1.0000000000000013,0.0
60147,49.87749795829931,1.0,560,681,1241,0.0,-0.0008333472224535399,1.0000000000000013,0.0
60148,49.876664611076855,1.0,560,681,1241,0.0,-0.0008333472224535399,1.0000000000000013,0.0
60149,49.875831263854394,1.0,560,681,1241,0.0,-0.0008333472224606453,1.0000000000000013,0.0
60150,49.87499791663194,1.0,560,681,1241,0.0,-0.0008333472224535399,1.0000000000000013,0.0
60151,49.87416456940949,1.0,560,681,1241,0.0,-0.0008333472224535399,1.0000000000000013,0.0
60152,49.87333122218703,1.0,560,681,1241,0.0,-0.0008333472224535399,1.0000000000000013,0.0
60153,49.87249787496458,1.0,560,681,1241,0.0,-0.0008333472224535399,1.0000000000000013,0.0
60154,49.871664527742126,1.0,560,681,1241,0.0,-0.0008333472224535399,1.0000000000000013,0.0
60155,49.87083118051967,1.0,560,681,1241,0.0,-0.0008333472224535399,1.0000000000000013,0.0
60156,49.86999783329722,1.0,560,681,1241,0.0,-0.0008333472224535399,1.0000000000000013,0.0
60157,49.869164486074766,1.0,560,681,1241,0.0,-0.0008333472224535399,1.0000000000000013,0.0
60158,49.86833113885231,1.0,560,681,1241,0.0,-0.0008333472224535399,1.0000000000000013,0.0
60159,49.86749779162986,1.0,560,681,1241,0.0,-0.0008333472224535399,1.0000000000000013,0.0
60160,49.866664444407405,1.0,560,681,1241,0.0,-0.0008333472224535399,1.0000000000000013,0.0
60161,49.86583109718495,1.0,560,681,1241,0.0,-0.0008333472224535399,1.0000000000000013,0.0
60162,49.8649977499625,1.0,560,681,1241,0.0,-0.0008333472224535399,1.0000000000000013,0.0
60163,49.864164402740045,1.0,560,681,1241,0.0,-0.0008333472224535399,1.0000000000000013,0.0
60164,49.86333105551759,1.0,560,681,1241,0.0,-0.0008333472224535399,1.0000000000000013,0.0
60165,49.86249770829514,1.0,560,681,1241,0.0,-0.0008333472224535399,1.0000000000000013,0.0
60166,49.861664361072684,1.0,560,681,1241,0.0,-0.0008333472224535399,1.0000000000000013,0.0
60167,49.86083101385023,1.0,560,681,1241,0.0,-0.0008333472224535399,1.0000000000000013,0.0
60168,49.85999766662778,1.0,560,681,1241,0.0,-0.0008333472224535399,1.0000000000000013,0.0
60169,49.85916431940532,1.0,560,681,1241,0.0,-0.0008333472224535399,1.0000000000000013,0.0
60170,49.85833097218287,1.0,560,681,1241,0.0,-0.0008333472224535399,1.0000000000000013,0.0
60171,49.857497624960416,0.9991941982272361,560,681,1241,-0.0008058017727639033,-0.0008333472224535399,0.999919419822725,-8.058017727639034e-05
60172,49.85666427773796,0.9991941982272361,560,681,1241,0.0,-0.0008333472224535399,0.9998388396454487,-8.058017727639034e-05
60173,49.85583093051551,0.9991941982272361,560,681,1241,0.0,-0.0008333472224535399,0.9997582594681724,-8.058017727639034e-05
60174,49.854997583293056,0.9991941982272361,560,681,1241,0.0,-0.0008333472224535399,0.999677679290896,-8.058017727639034e-05
60175,49.8541642360706,1.0,560,681,1241,0.0008058017727639033,-0.0008333472224535399,0.999677679290896,0.0
60176,49.85333088884815,1.0,560,681,1241,0.0,-0.0008333472224535399,0.999677679290896,0.0
60177,49.852497541625695,1.0,560,681,1241,0.0,-0.0008333472224535399,0.999677679290896,0.0
60178,49.85166419440324,1.0,560,681,1241,0.0,-0.0008333472224535399,0.999677679290896,0.0
60179,49.85083084718079,1.0,560,681,1241,0.0,-0.0008333472224535399,0.999677679290896,0.0
60180,49.849997499958334,1.0,560,681,1241,0.0,-0.0008333472224535399,0.999677679290896,0.0
60181,49.84916415273588,1.0,560,681,1241,0.0,-0.0008333472224535399,0.9997582594681724,8.058017727639034e-05
60182,49.84833080551343,1.0,560,681,1241,0.0,-0.0008333472224535399,0.9998388396454487,8.058017727639034e-05
60183,49.847497458290974,1.0,560,681,1241,0.0,-0.0008333472224535399,0.999919419822725,8.058017727639034e-05
60184,49.84666411106852,1.0,560,681,1241,0.0,-0.0008333472224535399,1.0000000000000013,8.058017727639034e-05
60185,49.84583076384607,1.0,560,681,1241,0.0,-0.0008333472224535399,1.0000000000000013,0.0
60186,49.84499741662361,1.0,560,681,1241,0.0,-0.0008333472224535399,1.0000000000000013,0.0
60187,49.84416406940116,1.0,560,681,1241,0.0,-0.0008333472224535399,1.0000000000000013,0.0
60188,49.843330722178706,1.0,560,681,1241,0.0,-0.0008333472224535399,1.0000000000000013,0.0
60189,49.84249737495625,1.0,560,681,1241,0.0,-0.0008333472224535399,1.0000000000000013,0.0
60190,49.8416640277338,1.0,560,681,1241,0.0,-0.0008333472224535399,1.0000000000000013,0.0
60191,49.84083068051134,1.0,560,681,1241,0.0,-0.0008333472224606453,1.0000000000000013,0.0
60192,49.839997333288885,1.0,560,681,1241,0.0,-0.0008333472224535399,1.0000000000000013,0.0
60193,49.83916398606643,1.0,560,681,1241,0.0,-0.0008333472224535399,1.0000000000000013,0.0
60194,49.83833063884398,1.0,560,681,1241,0.0,-0.0008333472224535399,1.0000000000000013,0.0
60195,49.837497291621524,1.0,560,681,1241,0.0,-0.0008333472224535399,1.0000000000000013,0.0
60196,49.83666394439907,0.9991941982272361,560,681,1241,-0.0008058017727639033,-0.0008333472224535399,0.999919419822725,-8.058017727639034e-05
60197,49.83583059717662,1.0,560,681,1241,0.0008058017727639033,-0.0008333472224535399,0.999919419822725,0.0
60198,49.834997249954164,1.0,560,681,1241,0.0,-0.0008333472224535399,0.999919419822725,0.0
60199,49.83416390273171,1.0,560,681,1241,0.0,-0.0008333472224535399,0.999919419822725,0.0
60200,49.83333055550926,1.0,560,681,1241,0.0,-0.0008333472224535399,0.999919419822725,0.0
60201,49.8324972082868,0.9991941982272361,560,681,1241,-0.0008058017727639033,-0.0008333472224535399,0.9998388396454487,-8.058017727639034e-05
60202,49.83166386106435,1.0,560,681,1241,0.0008058017727639033,-0.0008333472224535399,0.9998388396454487,0.0
60203,49.830830513841896,1.0,560,681,1241,0.0,-0.0008333472224535399,0.9998388396454487,0.0
60204,49.82999716661944,1.0,560,681,1241,0.0,-0.0008333472224535399,0.9998388396454487,0.0
60205,49.82916381939699,1.0,560,681,1241,0.0,-0.0008333472224535399,0.9998388396454487,0.0
60206,49.828330472174535,1.0,560,681,1241,0.0,-0.0008333472224535399,0.999919419822725,8.058017727639034e-05
60207,49.82749712495208,1.0,560,681,1241,0.0,-0.0008333472224535399,0.999919419822725,0.0
60208,49.82666377772963,0.9991941982272361,560,681,1241,-0.0008058017727639033,-0.0008333472224535399,0.9998388396454487,-8.058017727639034e-05
60209,49.825830430507175,0.9991941982272361,560,681,1241,0.0,-0.0008333472224535399,0.9997582594681724,-8.058017727639034e-05
60210,49.82499708328472,0.9991941982272361,560,681,1241,0.0,-0.0008333472224535399,0.999677679290896,-8.058017727639034e-05
60211,49.82416373606227,0.9991941982272361,560,681,1241,0.0,-0.0008333472224535399,0.999677679290896,0.0
60212,49.823330388839814,0.9991941982272361,560,681,1241,0.0,-0.0008333472224535399,0.9995970991136197,-8.058017727639034e-05
60213,49.82249704161736,0.9991941982272361,560,681,1241,0.0,-0.0008333472224535399,0.9995165189363433,-8.058017727639034e-05
60214,49.82166369439491,0.9991941982272361,560,681,1241,0.0,-0.0008333472224535399,0.999435938759067,-8.058017727639034e-05
60215,49.82083034717245,0.9983883964544722,560,681,1241,-0.0008058017727639033,-0.0008333472224535399,0.9992747784045143,-0.00016116035455278067
60216,49.81999699995,0.9983883964544722,560,681,1241,0.0,-0.0008333472224535399,0.9991136180499616,-0.00016116035455278067
60217,49.819163652727546,1.0,560,681,1241,0.0016116035455278066,-0.0008333472224535399,0.9991136180499616,0.0
60218,49.81833030550509,1.0,560,681,1241,0.0,-0.0008333472224535399,0.999194198227238,8.058017727639034e-05
60219,49.81749695828264,1.0,560,681,1241,0.0,-0.0008333472224535399,0.9992747784045143,8.058017727639034e-05
60220,49.816663611060186,1.0,560,681,1241,0.0,-0.0008333472224535399,0.9993553585817907,8.058017727639034e-05
60221,49.81583026383773,1.0,560,681,1241,0.0,-0.0008333472224535399,0.999435938759067,8.058017727639034e-05
60222,49.81499691661528,1.0,560,681,1241,0.0,-0.0008333472224535399,0.9995165189363433,8.058017727639034e-05
60223,49.814163569392825,1.0,560,681,1241,0.0,-0.0008333472224535399,0.9995970991136197,8.058017727639034e-05
60224,49.81333022217037,1.0,560,681,1241,0.0,-0.0008333472224535399,0.999677679290896,8.058017727639034e-05
60225,49.81249687494792,1.0,560,681,1241,0.0,-0.0008333472224535399,0.9998388396454487,0.00016116035455278067
60226,49.811663527725464,1.0,560,681,1241,0.0,-0.0008333472224535399,1.0000000000000013,0.00016116035455278067
60227,49.81083018050301,1.0,560,681,1241,0.0,-0.0008333472224535399,1.0000000000000013,0.0
60228,49.80999683328056,1.0,560,681,1241,0.0,-0.0008333472224535399,1.0000000000000013,0.0
60229,49.809163486058104,1.0,560,681,1241,0.0,-0.0008333472224535399,1.0000000000000013,0.0
60230,49.80833013883565,1.0,560,681,1241,0.0,-0.0008333472224535399,1.0000000000000013,0.0
60231,49.8074967916132,1.0,560,681,1241,0.0,-0.0008333472224535399,1.0000000000000013,0.0
60232,49.80666344439074,1.0,560,681,1241,0.0,-0.0008333472224535399,1.0000000000000013,0.0
60233,49.80583009716828,1.0,560,681,1241,0.0,-0.0008333472224606453,1.0000000000000013,0.0
60234,49.80499674994583,1.0,560,681,1241,0.0,-0.0008333472224535399,1.0000000000000013,0.0
60235,49.804163402723375,1.0,560,681,1241,0.0,-0.0008333472224535399,1.0000000000000013,0.0
60236,49.80333005550092,1.0,560,681,1241,0.0,-0.0008333472224535399,1.0000000000000013,0.0
60237,49.80249670827847,1.0,560,681,1241,0.0,-0.0008333472224535399,1.0000000000000013,0.0
60238,49.801663361056015,1.0,560,681,1241,0.0,-0.0008333472224535399,1.0000000000000013,0.0
60239,49.80083001383356,1.0,560,681,1241,0.0,-0.0008333472224535399,1.0000000000000013,0.0
60240,49.79999666661111,1.0,560,681,1241,0.0,-0.0008333472224535399,1.0000000000000013,0.0
60241,49.799163319388654,1.0,560,681,1241,0.0,-0.0008333472224535399,1.0000000000000013,0.0
60242,49.7983299721662,1.0,560,681,1241,0.0,-0.0008333472224535399,1.0000000000000013,0.0
60243,49.79749662494375,1.0,560,681,1241,0.0,-0.0008333472224535399,1.0000000000000013,0.0
60244,49.796663277721294,1.0,560,681,1241,0.0,-0.0008333472224535399,1.0000000000000013,0.0
60245,49.79582993049884,1.0,560,681,1241,0.0,-0.0008333472224535399,1.0000000000000013,0.0
60246,49.79499658327639,1.0,560,681,1241,0.0,-0.0008333472224535399,1.0000000000000013,0.0
60247,49.79416323605393,1.0,560,681,1241,0.0,-0.0008333472224535399,1.0000000000000013,0.0
60248,49.79332988883148,1.0,560,681,1241,0.0,-0.0008333472224535399,1.0000000000000013,0.0
60249,49.792496541609026,1.0,560,681,1241,0.0,-0.0008333472224535399,1.0000000000000013,0.0
60250,49.79166319438657,1.0,560,681,1241,0.0,-0.0008333472224535399,1.0000000000000013,0.0
60251,49.79082984716412,1.0,560,681,1241,0.0,-0.0008333472224535399,1.0000000000000013,0.0
60252,49.789996499941665,1.0,560,681,1241,0.0,-0.0008333472224535399,1.0000000000000013,0.0
60253,49.78916315271921,1.0,560,681,1241,0.0,-0.0008333472224535399,1.0000000000000013,0.0
60254,49.78832980549676,1.0,560,681,1241,0.0,-0.0008333472224535399,1.0000000000000013,0.0
60255,49.787496458274305,1.0,560,681,1241,0.0,-0.0008333472224535399,1.0000000000000013,0.0
60256,49.78666311105185,1.0,560,681,1241,0.0,-0.0008333472224535399,1.0000000000000013,0.0
60257,49.7858297638294,1.0,560,681,1241,0.0,-0.0008333472224535399,1.0000000000000013,0.0
60258,49.784996416606944,1.0,560,681,1241,0.0,-0.0008333472224535399,1.0000000000000013,0.0
60259,49.78416306938449,0.9991941982272361,560,681,1241,-0.0008058017727639033,-0.0008333472224535399,0.999919419822725,-8.058017727639034e-05
60260,49.78332972216204,1.0,560,681,1241,0.0008058017727639033,-0.0008333472224535399,0.999919419822725,0.0
60261,49.78249637493958,1.0,560,681,1241,0.0,-0.0008333472224535399,0.999919419822725,0.0
60262,49.78166302771713,1.0,560,681,1241,0.0,-0.0008333472224535399,0.999919419822725,0.0
60263,49.780829680494676,1.0,560,681,1241,0.0,-0.0008333472224535399,0.999919419822725,0.0
60264,49.77999633327222,1.0,560,681,1241,0.0,-0.0008333472224535399,0.999919419822725,0.0
60265,49.77916298604977,1.0,560,681,1241,0.0,-0.0008333472224535399,0.999919419822725,0.0
60266,49.778329638827316,1.0,560,681,1241,0.0,-0.0008333472224535399,0.999919419822725,0.0
60267,49.77749629160486,1.0,560,681,1241,0.0,-0.0008333472224535399,0.999919419822725,0.0
60268,49.77666294438241,1.0,560,681,1241,0.0,-0.0008333472224535399,0.999919419822725,0.0
60269,49.775829597159955,1.0,560,681,1241,0.0,-0.0008333472224535399,1.0000000000000013,8.058017727639034e-05
60270,49.7749962499375,1.0,560,681,1241,0.0,-0.0008333472224535399,1.0000000000000013,0.0
60271,49.77416290271505,1.0,560,681,1241,0.0,-0.0008333472224535399,1.0000000000000013,0.0
60272,49.773329555492595,1.0,560,681,1241,0.0,-0.0008333472224535399,1.0000000000000013,0.0
60273,49.77249620827014,1.0,560,681,1241,0.0,-0.0008333472224535399,1.0000000000000013,0.0
60274,49.77166286104769,1.0,560,681,1241,0.0,-0.0008333472224535399,1.0000000000000013,0.0
60275,49.770829513825234,1.0,560,681,1241,0.0,-0.0008333472224535399,1.0000000000000013,0.0
60276,49.76999616660277,1.0,560,681,1241,0.0,-0.0008333472224606453,1.0000000000000013,0.0
60277,49.76916281938032,1.0,560,681,1241,0.0,-0.0008333472224535399,1.0000000000000013,0.0
60278,49.768329472157866,1.0,560,681,1241,0.0,-0.0008333472224535399,1.0000000000000013,0.0
60279,49.76749612493541,1.0,560,681,1241,0.0,-0.0008333472224535399,1.0000000000000013,0.0
60280,49.76666277771296,1.0,560,681,1241,0.0,-0.0008333472224535399,1.0000000000000013,0.0
60281,49.765829430490506,1.0,560,681,1241,0.0,-0.0008333472224535399,1.0000000000000013,0.0
60282,49.76499608326805,1.0,560,681,1241,0.0,-0.0008333472224535399,1.0000000000000013,0.0
60283,49.7641627360456,1.0,560,681,1241,0.0,-0.0008333472224535399,1.0000000000000013,0.0
60284,49.763329388823145,1.0,560,681,1241,0.0,-0.0008333472224535399,1.0000000000000013,0.0
60285,49.76249604160069,1.0,560,681,1241,0.0,-0.0008333472224535399,1.0000000000000013,0.0
60286,49.76166269437824,1.0,560,681,1241,0.0,-0.0008333472224535399,1.0000000000000013,0.0
60287,49.760829347155784,1.0,560,681,1241,0.0,-0.0008333472224535399,1.0000000000000013,0.0
60288,49.75999599993333,1.0,560,681,1241,0.0,-0.0008333472224535399,1.0000000000000013,0.0
60289,49.75916265271088,1.0,560,681,1241,0.0,-0.0008333472224535399,1.0000000000000013,0.0
60290,49.758329305488424,1.0,560,681,1241,0.0,-0.0008333472224535399,1.0000000000000013,0.0
60291,49.75749595826597,1.0,560,681,1241,0.0,-0.0008333472224535399,1.0000000000000013,0.0
60292,49.75666261104352,1.0,560,681,1241,0.0,-0.0008333472224535399,1.0000000000000013,0.0
60293,49.75582926382106,1.0,560,681,1241,0.0,-0.0008333472224535399,1.0000000000000013,0.0
60294,49.75499591659861,1.0,560,681,1241,0.0,-0.0008333472224535399,1.0000000000000013,0.0
60295,49.754162569376156,1.0,560,681,1241,0.0,-0.0008333472224535399,1.0000000000000013,0.0
60296,49.7533292221537,1.0,560,681,1241,0.0,-0.0008333472224535399,1.0000000000000013,0.0
60297,49.75249587493125,1.0,560,681,1241,0.0,-0.0008333472224535399,1.0000000000000013,0.0
60298,49.751662527708795,1.0,560,681,1241,0.0,-0.0008333472224535399,1.0000000000000013,0.0
60299,49.75082918048634,1.0,560,681,1241,0.0,-0.0008333472224535399,1.0000000000000013,0.0
60300,49.74999583326389,1.0,560,681,1241,0.0,-0.0008333472224535399,1.0000000000000013,0.0
60301,49.749162486041435,1.0,560,681,1241,0.0,-0.0008333472224535399,1.0000000000000013,0.0
60302,49.74832913881898,1.0,560,681,1241,0.0,-0.0008333472224535399,1.0000000000000013,0.0
60303,49.74749579159653,1.0,560,681,1241,0.0,-0.0008333472224535399,1.0000000000000013,0.0
60304,49.746662444374074,1.0,560,681,1241,0.0,-0.0008333472224535399,1.0000000000000013,0.0
60305,49.74582909715162,1.0,560,681,1241,0.0,-0.0008333472224535399,1.0000000000000013,0.0
60306,49.74499574992917,1.0,560,681,1241,0.0,-0.0008333472224535399,1.0000000000000013,0.0
60307,49.74416240270671,1.0,560,681,1241,0.0,-0.0008333472224535399,1.0000000000000013,0.0
60308,49.74332905548426,1.0,560,681,1241,0.0,-0.0008333472224535399,1.0000000000000013,0.0
60309,49.742495708261806,0.9991941982272361,560,681,1241,-0.0008058017727639033,-0.0008333472224535399,0.999919419822725,-8.058017727639034e-05
60310,49.74166236103935,1.0,560,681,1241,0.0008058017727639033,-0.0008333472224535399,0.999919419822725,0.0
60311,49.7408290138169,1.0,560,681,1241,0.0,-0.0008333472224535399,0.999919419822725,0.0
60312,49.739995666594446,1.0,560,681,1241,0.0,-0.0008333472224535399,0.999919419822725,0.0
60313,49.73916231937199,1.0,560,681,1241,0.0,-0.0008333472224535399,0.999919419822725,0.0
60314,49.73832897214954,1.0,560,681,1241,0.0,-0.0008333472224535399,0.999919419822725,0.0
60315,49.737495624927085,1.0,560,681,1241,0.0,-0.0008333472224535399,0.999919419822725,0.0
60316,49.73666227770463,1.0,560,681,1241,0.0,-0.0008333472224535399,0.999919419822725,0.0
60317,49.73582893048218,1.0,560,681,1241,0.0,-0.0008333472224535399,0.999919419822725,0.0
60318,49.73499558325972,1.0,560,681,1241,0.0,-0.0008333472224606453,0.999919419822725,0.0
60319,49.734162236037264,1.0,560,681,1241,0.0,-0.0008333472224535399,1.0000000000000013,8.058017727639034e-05
60320,49.73332888881481,1.0,560,681,1241,0.0,-0.0008333472224535399,1.0000000000000013,0.0
60321,49.73249554159236,1.0,560,681,1241,0.0,-0.0008333472224535399,1.0000000000000013,0.0
60322,49.7316621943699,1.0,560,681,1241,0.0,-0.0008333472224535399,1.0000000000000013,0.0
60323,49.73082884714745,1.0,560,681,1241,0.0,-0.0008333472224535399,1.0000000000000013,0.0
60324,49.729995499924996,1.0,560,681,1241,0.0,-0.0008333472224535399,1.0000000000000013,0.0
60325,49.72916215270254,1.0,560,681,1241,0.0,-0.0008333472224535399,1.0000000000000013,0.0
60326,49.72832880548009,1.0,560,681,1241,0.0,-0.0008333472224535399,1.0000000000000013,0.0
60327,49.727495458257636,0.9991941982272361,560,681,1241,-0.0008058017727639033,-0.0008333472224535399,0.999919419822725,-8.058017727639034e-05
60328,49.72666211103518,1.0,560,681,1241,0.0008058017727639033,-0.0008333472224535399,0.999919419822725,0.0
60329,49.72582876381273,1.0,560,681,1241,0.0,-0.0008333472224535399,0.999919419822725,0.0
60330,49.724995416590275,1.0,560,681,1241,0.0,-0.0008333472224535399,0.999919419822725,0.0
60331,49.72416206936782,1.0,560,681,1241,0.0,-0.0008333472224535399,0.999919419822725,0.0
60332,49.72332872214537,1.0,560,681,1241,0.0,-0.0008333472224535399,0.999919419822725,0.0
60333,49.722495374922914,1.0,560,681,1241,0.0,-0.0008333472224535399,0.999919419822725,0.0
60334,49.72166202770046,1.0,560,681,1241,0.0,-0.0008333472224535399,0.999919419822725,0.0
60335,49.72082868047801,1.0,560,681,1241,0.0,-0.0008333472224535399,0.999919419822725,0.0
60336,49.719995333255554,1.0,560,681,1241,0.0,-0.0008333472224535399,0.999919419822725,0.0
60337,49.7191619860331,1.0,560,681,1241,0.0,-0.0008333472224535399,1.0000000000000013,8.058017727639034e-05
60338,49.71832863881065,0.9991941982272361,560,681,1241,-0.0008058017727639033,-0.0008333472224535399,0.999919419822725,-8.058017727639034e-05
60339,49.71749529158819,0.9991941982272361,560,681,1241,0.0,-0.0008333472224535399,0.9998388396454487,-8.058017727639034e-05
60340,49.71666194436574,1.0,560,681,1241,0.0008058017727639033,-0.0008333472224535399,0.9998388396454487,0.0
60341,49.715828597143286,1.0,560,681,1241,0.0,-0.0008333472224535399,0.9998388396454487,0.0
60342,49.71499524992083,0.9991941982272361,560,681,1241,-0.0008058017727639033,-0.0008333472224535399,0.9997582594681724,-8.058017727639034e-05
60343,49.71416190269838,0.9991941982272361,560,681,1241,0.0,-0.0008333472224535399,0.999677679290896,-8.058017727639034e-05
60344,49.713328555475925,0.9991941982272361,560,681,1241,0.0,-0.0008333472224535399,0.9995970991136197,-8.058017727639034e-05
60345,49.71249520825347,0.9991941982272361,560,681,1241,0.0,-0.0008333472224535399,0.9995165189363433,-8.058017727639034e-05
60346,49.71166186103102,1.0,560,681,1241,0.0008058017727639033,-0.0008333472224535399,0.9995165189363433,0.0
60347,49.710828513808565,1.0,560,681,1241,0.0,-0.0008333472224535399,0.9995165189363433,0.0
60348,49.70999516658611,1.0,560,681,1241,0.0,-0.0008333472224535399,0.9995970991136197,8.058017727639034e-05
60349,49.70916181936366,1.0,560,681,1241,0.0,-0.0008333472224535399,0.999677679290896,8.058017727639034e-05
60350,49.708328472141204,1.0,560,681,1241,0.0,-0.0008333472224535399,0.999677679290896,0.0
60351,49.70749512491875,1.0,560,681,1241,0.0,-0.0008333472224535399,0.999677679290896,0.0
60352,49.7066617776963,1.0,560,681,1241,0.0,-0.0008333472224535399,0.9997582594681724,8.058017727639034e-05
60353,49.705828430473844,1.0,560,681,1241,0.0,-0.0008333472224535399,0.9998388396454487,8.058017727639034e-05
60354,49.70499508325139,1.0,560,681,1241,0.0,-0.0008333472224535399,0.999919419822725,8.058017727639034e-05
60355,49.70416173602894,1.0,560,681,1241,0.0,-0.0008333472224535399,1.0000000000000013,8.058017727639034e-05
60356,49.70332838880648,1.0,560,681,1241,0.0,-0.0008333472224535399,1.0000000000000013,0.0
60357,49.70249504158403,1.0,560,681,1241,0.0,-0.0008333472224535399,1.0000000000000013,0.0
60358,49.701661694361576,1.0,560,681,1241,0.0,-0.0008333472224535399,1.0000000000000013,0.0
60359,49.70082834713912,1.0,560,681,1241,0.0,-0.0008333472224535399,1.0000000000000013,0.0
60360,49.69999499991667,1.0,560,681,1241,0.0,-0.0008333472224535399,1.0000000000000013,0.0
60361,49.69916165269421,1.0,560,681,1241,0.0,-0.0008333472224606453,1.0000000000000013,0.0
60362,49.698328305471755,1.0,560,681,1241,0.0,-0.0008333472224535399,1.0000000000000013,0.0
60363,49.6974949582493,1.0,560,681,1241,0.0,-0.0008333472224535399,1.0000000000000013,0.0
60364,49.69666161102685,1.0,560,681,1241,0.0,-0.0008333472224535399,1.0000000000000013,0.0
60365,49.695828263804394,1.0,560,681,1241,0.0,-0.0008333472224535399,1.0000000000000013,0.0
60366,49.69499491658194,1.0,560,681,1241,0.0,-0.0008333472224535399,1.0000000000000013,0.0
60367,49.69416156935949,1.0,560,681,1241,0.0,-0.0008333472224535399,1.0000000000000013,0.0
60368,49.69332822213703,1.0,560,681,1241,0.0,-0.0008333472224535399,1.0000000000000013,0.0
60369,49.69249487491458,1.0,560,681,1241,0.0,-0.0008333472224535399,1.0000000000000013,0.0
60370,49.691661527692126,1.0,560,681,1241,0.0,-0.0008333472224535399,1.0000000000000013,0.0
60371,49.69082818046967,1.0,560,681,1241,0.0,-0.0008333472224535399,1.0000000000000013,0.0
60372,49.68999483324722,1.0,560,681,1241,0.0,-0.0008333472224535399,1.0000000000000013,0.0
60373,49.689161486024766,1.0,560,681,1241,0.0,-0.0008333472224535399,1.0000000000000013,0.0
60374,49.68832813880231,1.0,560,681,1241,0.0,-0.0008333472224535399,1.0000000000000013,0.0
60375,49.68749479157986,1.0,560,681,1241,0.0,-0.0008333472224535399,1.0000000000000013,0.0
60376,49.686661444357405,1.0,560,681,1241,0.0,-0.0008333472224535399,1.0000000000000013,0.0
60377,49.68582809713495,1.0,560,681,1241,0.0,-0.0008333472224535399,1.0000000000000013,0.0
60378,49.6849947499125,1.0,560,681,1241,0.0,-0.0008333472224535399,1.0000000000000013,0.0
60379,49.684161402690044,1.0,560,681,1241,0.0,-0.0008333472224535399,1.0000000000000013,0.0
60380,49.68332805546759,1.0,560,681,1241,0.0,-0.0008333472224535399,1.0000000000000013,0.0
60381,49.68249470824514,1.0,560,681,1241,0.0,-0.0008333472224535399,1.0000000000000013,0.0
60382,49.681661361022684,1.0,560,681,1241,0.0,-0.0008333472224535399,1.0000000000000013,0.0
60383,49.68082801380023,1.0,560,681,1241,0.0,-0.0008333472224535399,1.0000000000000013,0.0
60384,49.67999466657778,1.0,560,681,1241,0.0,-0.0008333472224535399,1.0000000000000013,0.0
60385,49.67916131935532,1.0,560,681,1241,0.0,-0.0008333472224535399,1.0000000000000013,0.0
60386,49.67832797213287,1.0,560,681,1241,0.0,-0.0008333472224535399,1.0000000000000013,0.0
60387,49.677494624910416,1.0,560,681,1241,0.0,-0.0008333472224535399,1.0000000000000013,0.0
60388,49.67666127768796,1.0,560,681,1241,0.0,-0.0008333472224535399,1.0000000000000013,0.0
60389,49.67582793046551,1.0,560,681,1241,0.0,-0.0008333472224535399,1.0000000000000013,0.0
60390,49.674994583243056,1.0,560,681,1241,0.0,-0.0008333472224535399,1.0000000000000013,0.0
60391,49.6741612360206,1.0,560,681,1241,0.0,-0.0008333472224535399,1.0000000000000013,0.0
60392,49.67332788879815,1.0,560,681,1241,0.0,-0.0008333472224535399,1.0000000000000013,0.0
60393,49.672494541575695,1.0,560,681,1241,0.0,-0.0008333472224535399,1.0000000000000013,0.0
60394,49.67166119435324,1.0,560,681,1241,0.0,-0.0008333472224535399,1.0000000000000013,0.0
60395,49.67082784713079,1.0,560,681,1241,0.0,-0.0008333472224535399,1.0000000000000013,0.0
60396,49.669994499908334,1.0,560,681,1241,0.0,-0.0008333472224535399,1.0000000000000013,0.0
60397,49.66916115268588,1.0,560,681,1241,0.0,-0.0008333472224535399,1.0000000000000013,0.0
60398,49.66832780546343,1.0,560,681,1241,0.0,-0.0008333472224535399,1.0000000000000013,0.0
60399,49.667494458240974,1.0,560,681,1241,0.0,-0.0008333472224535399,1.0000000000000013,0.0
60400,49.66666111101852,1.0,560,681,1241,0.0,-0.0008333472224535399,1.0000000000000013,0.0
60401,49.66582776379607,1.0,560,681,1241,0.0,-0.0008333472224535399,1.0000000000000013,0.0
60402,49.66499441657361,1.0,560,681,1241,0.0,-0.0008333472224535399,1.0000000000000013,0.0
60403,49.66416106935115,1.0,560,681,1241,0.0,-0.0008333472224606453,1.0000000000000013,0.0
60404,49.6633277221287,1.0,560,681,1241,0.0,-0.0008333472224535399,1.0000000000000013,0.0
60405,49.662494374906245,1.0,560,681,1241,0.0,-0.0008333472224535399,1.0000000000000013,0.0
60406,49.66166102768379,0.9991941982272361,560,681,1241,-0.0008058017727639033,-0.0008333472224535399,0.999919419822725,-8.058017727639034e-05
60407,49.66082768046134,1.0,560,681,1241,0.0008058017727639033,-0.0008333472224535399,0.999919419822725,0.0
60408,49.659994333238885,1.0,560,681,1241,0.0,-0.0008333472224535399,0.999919419822725,0.0
60409,49.65916098601643,1.0,560,681,1241,0.0,-0.0008333472224535399,0.999919419822725,0.0
60410,49.65832763879398,1.0,560,681,1241,0.0,-0.0008333472224535399,0.999919419822725,0.0
60411,49.657494291571524,1.0,560,681,1241,0.0,-0.0008333472224535399,0.999919419822725,0.0
60412,49.65666094434907,1.0,560,681,1241,0.0,-0.0008333472224535399,0.999919419822725,0.0
60413,49.65582759712662,1.0,560,681,1241,0.0,-0.0008333472224535399,0.999919419822725,0.0
60414,49.65499424990416,1.0,560,681,1241,0.0,-0.0008333472224535399,0.999919419822725,0.0
60415,49.65416090268171,1.0,560,681,1241,0.0,-0.0008333472224535399,0.999919419822725,0.0
60416,49.653327555459256,1.0,560,681,1241,0.0,-0.0008333472224535399,1.0000000000000013,8.058017727639034e-05
60417,49.6524942082368,1.0,560,681,1241,0.0,-0.0008333472224535399,1.0000000000000013,0.0
60418,49.65166086101435,1.0,560,681,1241,0.0,-0.0008333472224535399,1.0000000000000013,0.0
60419,49.650827513791896,1.0,560,681,1241,0.0,-0.0008333472224535399,1.0000000000000013,0.0
60420,49.64999416656944,1.0,560,681,1241,0.0,-0.0008333472224535399,1.0000000000000013,0.0
60421,49.64916081934699,1.0,560,681,1241,0.0,-0.0008333472224535399,1.0000000000000013,0.0
60422,49.648327472124535,1.0,560,681,1241,0.0,-0.0008333472224535399,1.0000000000000013,0.0
60423,49.64749412490208,1.0,560,681,1241,0.0,-0.0008333472224535399,1.0000000000000013,0.0
60424,49.64666077767963,1.0,560,681,1241,0.0,-0.0008333472224535399,1.0000000000000013,0.0
60425,49.645827430457175,1.0,560,681,1241,0.0,-0.0008333472224535399,1.0000000000000013,0.0
60426,49.64499408323472,1.0,560,681,1241,0.0,-0.0008333472224535399,1.0000000000000013,0.0
60427,49.64416073601227,1.0,560,681,1241,0.0,-0.0008333472224535399,1.0000000000000013,0.0
60428,49.643327388789814,1.0,560,681,1241,0.0,-0.0008333472224535399,1.0000000000000013,0.0
60429,49.64249404156736,1.0,560,681,1241,0.0,-0.0008333472224535399,1.0000000000000013,0.0
60430,49.64166069434491,1.0,560,681,1241,0.0,-0.0008333472224535399,1.0000000000000013,0.0
60431,49.64082734712245,1.0,560,681,1241,0.0,-0.0008333472224535399,1.0000000000000013,0.0
60432,49.6399939999,1.0,560,681,1241,0.0,-0.0008333472224535399,1.0000000000000013,0.0
60433,49.639160652677546,1.0,560,681,1241,0.0,-0.0008333472224535399,1.0000000000000013,0.0
60434,49.63832730545509,0.9991941982272361,560,681,1241,-0.0008058017727639033,-0.0008333472224535399,0.999919419822725,-8.058017727639034e-05
60435,49.63749395823264,0.9991941982272361,560,681,1241,0.0,-0.0008333472224535399,0.9998388396454487,-8.058017727639034e-05
60436,49.636660611010186,1.0,560,681,1241,0.0008058017727639033,-0.0008333472224535399,0.9998388396454487,0.0
60437,49.63582726378773,1.0,560,681,1241,0.0,-0.0008333472224535399,0.9998388396454487,0.0
60438,49.63499391656528,1.0,560,681,1241,0.0,-0.0008333472224535399,0.9998388396454487,0.0
60439,49.634160569342825,1.0,560,681,1241,0.0,-0.0008333472224535399,0.9998388396454487,0.0
60440,49.63332722212037,1.0,560,681,1241,0.0,-0.0008333472224535399,0.9998388396454487,0.0
60441,49.63249387489792,1.0,560,681,1241,0.0,-0.0008333472224535399,0.9998388396454487,0.0
60442,49.631660527675464,1.0,560,681,1241,0.0,-0.0008333472224535399,0.9998388396454487,0.0
60443,49.63082718045301,1.0,560,681,1241,0.0,-0.0008333472224535399,0.9998388396454487,0.0
60444,49.62999383323056,1.0,560,681,1241,0.0,-0.0008333472224535399,0.999919419822725,8.058017727639034e-05
60445,49.6291604860081,0.9991941982272361,560,681,1241,-0.0008058017727639033,-0.0008333472224606453,0.999919419822725,0.0
60446,49.62832713878564,0.9991941982272361,560,681,1241,0.0,-0.0008333472224535399,0.9998388396454487,-8.058017727639034e-05
60447,49.62749379156319,0.9983883964544722,560,681,1241,-0.0008058017727639033,-0.0008333472224535399,0.999677679290896,-0.00016116035455278067
60448,49.626660444340736,0.9991941982272361,560,681,1241,0.0008058017727639033,-0.0008333472224535399,0.9995970991136197,-8.058017727639034e-05
60449,49.62582709711828,1.0,560,681,1241,0.0008058017727639033,-0.0008333472224535399,0.9995970991136197,0.0
60450,49.62499374989583,1.0,560,681,1241,0.0,-0.0008333472224535399,0.9995970991136197,0.0
60451,49.624160402673375,1.0,560,681,1241,0.0,-0.0008333472224535399,0.9995970991136197,0.0
60452,49.62332705545092,1.0,560,681,1241,0.0,-0.0008333472224535399,0.9995970991136197,0.0
60453,49.62249370822847,1.0,560,681,1241,0.0,-0.0008333472224535399,0.9995970991136197,0.0
60454,49.621660361006015,1.0,560,681,1241,0.0,-0.0008333472224535399,0.9995970991136197,0.0
60455,49.62082701378356,1.0,560,681,1241,0.0,-0.0008333472224535399,0.999677679290896,8.058017727639034e-05
60456,49.61999366656111,1.0,560,681,1241,0.0,-0.0008333472224535399,0.9997582594681724,8.058017727639034e-05
60457,49.619160319338654,1.0,560,681,1241,0.0,-0.0008333472224535399,0.999919419822725,0.00016116035455278067
60458,49.6183269721162,1.0,560,681,1241,0.0,-0.0008333472224535399,1.0000000000000013,8.058017727639034e-05
60459,49.61749362489375,1.0,560,681,1241,0.0,-0.0008333472224535399,1.0000000000000013,0.0
60460,49.61666027767129,1.0,560,681,1241,0.0,-0.0008333472224535399,1.0000000000000013,0.0
60461,49.61582693044884,1.0,560,681,1241,0.0,-0.0008333472224535399,1.0000000000000013,0.0
60462,49.614993583226386,1.0,560,681,1241,0.0,-0.0008333472224535399,1.0000000000000013,0.0
60463,49.61416023600393,1.0,560,681,1241,0.0,-0.0008333472224535399,1.0000000000000013,0.0
60464,49.61332688878148,1.0,560,681,1241,0.0,-0.0008333472224535399,1.0000000000000013,0.0
60465,49.612493541559026,1.0,560,681,1241,0.0,-0.0008333472224535399,1.0000000000000013,0.0
60466,49.61166019433657,1.0,560,681,1241,0.0,-0.0008333472224535399,1.0000000000000013,0.0
60467,49.61082684711412,1.0,560,681,1241,0.0,-0.0008333472224535399,1.0000000000000013,0.0
60468,49.609993499891665,1.0,560,681,1241,0.0,-0.0008333472224535399,1.0000000000000013,0.0
60469,49.60916015266921,1.0,560,681,1241,0.0,-0.0008333472224535399,1.0000000000000013,0.0
60470,49.60832680544676,1.0,560,681,1241,0.0,-0.0008333472224535399,1.0000000000000013,0.0
60471,49.607493458224305,1.0,560,681,1241,0.0,-0.0008333472224535399,1.0000000000000013,0.0
60472,49.60666011100185,1.0,560,681,1241,0.0,-0.0008333472224535399,1.0000000000000013,0.0
60473,49.6058267637794,1.0,560,681,1241,0.0,-0.0008333472224535399,1.0000000000000013,0.0
60474,49.604993416556944,1.0,560,681,1241,0.0,-0.0008333472224535399,1.0000000000000013,0.0
60475,49.60416006933449,1.0,560,681,1241,0.0,-0.0008333472224535399,1.0000000000000013,0.0
60476,49.60332672211204,1.0,560,681,1241,0.0,-0.0008333472224535399,1.0000000000000013,0.0
60477,49.60249337488958,1.0,560,681,1241,0.0,-0.0008333472224535399,1.0000000000000013,0.0
60478,49.60166002766713,1.0,560,681,1241,0.0,-0.0008333472224535399,1.0000000000000013,0.0
60479,49.600826680444676,1.0,560,681,1241,0.0,-0.0008333472224535399,1.0000000000000013,0.0
60480,49.59999333322222,0.9991941982272361,560,681,1241,-0.0008058017727639033,-0.0008333472224535399,0.999919419822725,-8.058017727639034e-05
60481,49.59915998599977,1.0,560,681,1241,0.0008058017727639033,-0.0008333472224535399,0.999919419822725,0.0
60482,49.598326638777316,1.0,560,681,1241,0.0,-0.0008333472224535399,0.999919419822725,0.0
60483,49.59749329155486,1.0,560,681,1241,0.0,-0.0008333472224535399,0.999919419822725,0.0
60484,49.59665994433241,1.0,560,681,1241,0.0,-0.0008333472224535399,0.999919419822725,0.0
60485,49.595826597109955,0.9991941982272361,560,681,1241,-0.0008058017727639033,-0.0008333472224535399,0.9998388396454487,-8.058017727639034e-05
60486,49.5949932498875,0.9991941982272361,560,681,1241,0.0,-0.0008333472224535399,0.9997582594681724,-8.058017727639034e-05
60487,49.59415990266505,0.9991941982272361,560,681,1241,0.0,-0.0008333472224535399,0.999677679290896,-8.058017727639034e-05
60488,49.59332655544259,0.9991941982272361,560,681,1241,0.0,-0.0008333472224606453,0.9995970991136197,-8.058017727639034e-05
60489,49.592493208220134,0.9991941982272361,560,681,1241,0.0,-0.0008333472224535399,0.9995165189363433,-8.058017727639034e-05
60490,49.59165986099768,0.9991941982272361,560,681,1241,0.0,-0.0008333472224535399,0.9995165189363433,0.0
60491,49.59082651377523,0.9991941982272361,560,681,1241,0.0,-0.0008333472224535399,0.999435938759067,-8.058017727639034e-05
60492,49.58999316655277,0.9991941982272361,560,681,1241,0.0,-0.0008333472224535399,0.9993553585817907,-8.058017727639034e-05
60493,49.58915981933032,1.0,560,681,1241,0.0008058017727639033,-0.0008333472224535399,0.9993553585817907,0.0
60494,49.588326472107866,1.0,560,681,1241,0.0,-0.0008333472224535399,0.9993553585817907,0.0
60495,49.58749312488541,1.0,560,681,1241,0.0,-0.0008333472224535399,0.999435938759067,8.058017727639034e-05
60496,49.58665977766296,1.0,560,681,1241,0.0,-0.0008333472224535399,0.9995165189363433,8.058017727639034e-05
60497,49.585826430440505,1.0,560,681,1241,0.0,-0.0008333472224535399,0.9995970991136197,8.058017727639034e-05
60498,49.58499308321805,1.0,560,681,1241,0.0,-0.0008333472224535399,0.999677679290896,8.058017727639034e-05
60499,49.5841597359956,1.0,560,681,1241,0.0,-0.0008333472224535399,0.9997582594681724,8.058017727639034e-05
60500,49.583326388773145,1.0,560,681,1241,0.0,-0.0008333472224535399,0.9998388396454487,8.058017727639034e-05
60501,49.58249304155069,1.0,560,681,1241,0.0,-0.0008333472224535399,0.999919419822725,8.058017727639034e-05
60502,49.58165969432824,1.0,560,681,1241,0.0,-0.0008333472224535399,1.0000000000000013,8.058017727639034e-05
60503,49.580826347105784,1.0,560,681,1241,0.0,-0.0008333472224535399,1.0000000000000013,0.0
60504,49.57999299988333,1.0,560,681,1241,0.0,-0.0008333472224535399,1.0000000000000013,0.0
60505,49.57915965266088,1.0,560,681,1241,0.0,-0.0008333472224535399,1.0000000000000013,0.0
60506,49.578326305438424,1.0,560,681,1241,0.0,-0.0008333472224535399,1.0000000000000013,0.0
60507,49.57749295821597,1.0,560,681,1241,0.0,-0.0008333472224535399,1.0000000000000013,0.0
60508,49.57665961099352,1.0,560,681,1241,0.0,-0.0008333472224535399,1.0000000000000013,0.0
60509,49.57582626377106,1.0,560,681,1241,0.0,-0.0008333472224535399,1.0000000000000013,0.0
60510,49.57499291654861,1.0,560,681,1241,0.0,-0.0008333472224535399,1.0000000000000013,0.0
60511,49.574159569326156,0.9991941982272361,560,681,1241,-0.0008058017727639033,-0.0008333472224535399,0.999919419822725,-8.058017727639034e-05
60512,49.5733262221037,0.9991941982272361,560,681,1241,0.0,-0.0008333472224535399,0.9998388396454487,-8.058017727639034e-05
60513,49.57249287488125,0.9991941982272361,560,681,1241,0.0,-0.0008333472224535399,0.9997582594681724,-8.058017727639034e-05
60514,49.571659527658795,1.0,560,681,1241,0.0008058017727639033,-0.0008333472224535399,0.9997582594681724,0.0
60515,49.57082618043634,1.0,560,681,1241,0.0,-0.0008333472224535399,0.9997582594681724,0.0
60516,49.56999283321389,1.0,560,681,1241,0.0,-0.0008333472224535399,0.9997582594681724,0.0
60517,49.569159485991435,1.0,560,681,1241,0.0,-0.0008333472224535399,0.9997582594681724,0.0
60518,49.56832613876898,1.0,560,681,1241,0.0,-0.0008333472224535399,0.9997582594681724,0.0
60519,49.56749279154653,1.0,560,681,1241,0.0,-0.0008333472224535399,0.9997582594681724,0.0
60520,49.566659444324074,1.0,560,681,1241,0.0,-0.0008333472224535399,0.9997582594681724,0.0
60521,49.56582609710162,1.0,560,681,1241,0.0,-0.0008333472224535399,0.9998388396454487,8.058017727639034e-05
60522,49.56499274987917,1.0,560,681,1241,0.0,-0.0008333472224535399,0.999919419822725,8.058017727639034e-05
60523,49.56415940265671,1.0,560,681,1241,0.0,-0.0008333472224535399,1.0000000000000013,8.058017727639034e-05
60524,49.56332605543426,1.0,560,681,1241,0.0,-0.0008333472224535399,1.0000000000000013,0.0
60525,49.562492708211806,1.0,560,681,1241,0.0,-0.0008333472224535399,1.0000000000000013,0.0
60526,49.56165936098935,1.0,560,681,1241,0.0,-0.0008333472224535399,1.0000000000000013,0.0
60527,49.5608260137669,1.0,560,681,1241,0.0,-0.0008333472224535399,1.0000000000000013,0.0
60528,49.559992666544446,1.0,560,681,1241,0.0,-0.0008333472224535399,1.0000000000000013,0.0
60529,49.55915931932199,1.0,560,681,1241,0.0,-0.0008333472224535399,1.0000000000000013,0.0
60530,49.55832597209953,1.0,560,681,1241,0.0,-0.0008333472224606453,1.0000000000000013,0.0
60531,49.55749262487708,1.0,560,681,1241,0.0,-0.0008333472224535399,1.0000000000000013,0.0
60532,49.556659277654624,1.0,560,681,1241,0.0,-0.0008333472224535399,1.0000000000000013,0.0
60533,49.55582593043217,1.0,560,681,1241,0.0,-0.0008333472224535399,1.0000000000000013,0.0
60534,49.55499258320972,0.9991941982272361,560,681,1241,-0.0008058017727639033,-0.0008333472224535399,0.999919419822725,-8.058017727639034e-05
60535,49.554159235987264,1.0,560,681,1241,0.0008058017727639033,-0.0008333472224535399,0.999919419822725,0.0
60536,49.55332588876481,1.0,560,681,1241,0.0,-0.0008333472224535399,0.999919419822725,0.0
60537,49.55249254154236,1.0,560,681,1241,0.0,-0.0008333472224535399,0.999919419822725,0.0
60538,49.5516591943199,1.0,560,681,1241,0.0,-0.0008333472224535399,0.999919419822725,0.0
60539,49.55082584709745,1.0,560,681,1241,0.0,-0.0008333472224535399,0.999919419822725,0.0
60540,49.549992499874996,1.0,560,681,1241,0.0,-0.0008333472224535399,0.999919419822725,0.0
60541,49.54915915265254,1.0,560,681,1241,0.0,-0.0008333472224535399,0.999919419822725,0.0
60542,49.54832580543009,1.0,560,681,1241,0.0,-0.0008333472224535399,0.999919419822725,0.0
60543,49.547492458207635,1.0,560,681,1241,0.0,-0.0008333472224535399,0.999919419822725,0.0
60544,49.54665911098518,1.0,560,681,1241,0.0,-0.0008333472224535399,1.0000000000000013,8.058017727639034e-05
60545,49.54582576376273,1.0,560,681,1241,0.0,-0.0008333472224535399,1.0000000000000013,0.0
60546,49.544992416540275,1.0,560,681,1241,0.0,-0.0008333472224535399,1.0000000000000013,0.0
60547,49.54415906931782,1.0,560,681,1241,0.0,-0.0008333472224535399,1.0000000000000013,0.0
60548,49.54332572209537,1.0,560,681,1241,0.0,-0.0008333472224535399,1.0000000000000013,0.0
60549,49.542492374872914,1.0,560,681,1241,0.0,-0.0008333472224535399,1.0000000000000013,0.0
60550,49.54165902765046,1.0,560,681,1241,0.0,-0.0008333472224535399,1.0000000000000013,0.0
60551,49.54082568042801,1.0,560,681,1241,0.0,-0.0008333472224535399,1.0000000000000013,0.0
60552,49.539992333205554,1.0,560,681,1241,0.0,-0.0008333472224535399,1.0000000000000013,0.0
60553,49.5391589859831,1.0,560,681,1241,0.0,-0.0008333472224535399,1.0000000000000013,0.0
60554,49.53832563876065,1.0,560,681,1241,0.0,-0.0008333472224535399,1.0000000000000013,0.0
60555,49.53749229153819,1.0,560,681,1241,0.0,-0.0008333472224535399,1.0000000000000013,0.0
60556,49.53665894431574,1.0,560,681,1241,0.0,-0.0008333472224535399,1.0000000000000013,0.0
60557,49.535825597093286,1.0,560,681,1241,0.0,-0.0008333472224535399,1.0000000000000013,0.0
60558,49.53499224987083,1.0,560,681,1241,0.0,-0.0008333472224535399,1.0000000000000013,0.0
60559,49.53415890264838,1.0,560,681,1241,0.0,-0.0008333472224535399,1.0000000000000013,0.0
60560,49.533325555425925,1.0,560,681,1241,0.0,-0.0008333472224535399,1.0000000000000013,0.0
60561,49.53249220820347,1.0,560,681,1241,0.0,-0.0008333472224535399,1.0000000000000013,0.0
60562,49.53165886098102,1.0,560,681,1241,0.0,-0.0008333472224535399,1.0000000000000013,0.0
60563,49.530825513758565,1.0,560,681,1241,0.0,-0.0008333472224535399,1.0000000000000013,0.0
60564,49.52999216653611,1.0,560,681,1241,0.0,-0.0008333472224535399,1.0000000000000013,0.0
60565,49.52915881931366,1.0,560,681,1241,0.0,-0.0008333472224535399,1.0000000000000013,0.0
60566,49.528325472091204,1.0,560,681,1241,0.0,-0.0008333472224535399,1.0000000000000013,0.0
60567,49.52749212486875,1.0,560,681,1241,0.0,-0.0008333472224535399,1.0000000000000013,0.0
60568,49.5266587776463,1.0,560,681,1241,0.0,-0.0008333472224535399,1.0000000000000013,0.0
60569,49.52582543042384,1.0,560,681,1241,0.0,-0.0008333472224535399,1.0000000000000013,0.0
60570,49.52499208320139,1.0,560,681,1241,0.0,-0.0008333472224535399,1.0000000000000013,0.0
60571,49.524158735978936,1.0,560,681,1241,0.0,-0.0008333472224535399,1.0000000000000013,0.0
60572,49.523325388756476,1.0,560,681,1241,0.0,-0.0008333472224606453,1.0000000000000013,0.0
60573,49.52249204153402,1.0,560,681,1241,0.0,-0.0008333472224535399,1.0000000000000013,0.0
60574,49.52165869431157,1.0,560,681,1241,0.0,-0.0008333472224535399,1.0000000000000013,0.0
60575,49.520825347089115,1.0,560,681,1241,0.0,-0.0008333472224535399,1.0000000000000013,0.0
60576,49.51999199986666,1.0,560,681,1241,0.0,-0.0008333472224535399,1.0000000000000013,0.0
60577,49.51915865264421,1.0,560,681,1241,0.0,-0.0008333472224535399,1.0000000000000013,0.0
60578,49.518325305421754,1.0,560,681,1241,0.0,-0.0008333472224535399,1.0000000000000013,0.0
60579,49.5174919581993,1.0,560,681,1241,0.0,-0.0008333472224535399,1.0000000000000013,0.0
60580,49.51665861097685,1.0,560,681,1241,0.0,-0.0008333472224535399,1.0000000000000013,0.0
60581,49.515825263754394,1.0,560,681,1241,0.0,-0.0008333472224535399,1.0000000000000013,0.0
60582,49.51499191653194,1.0,560,681,1241,0.0,-0.0008333472224535399,1.0000000000000013,0.0
60583,49.51415856930949,1.0,560,681,1241,0.0,-0.0008333472224535399,1.0000000000000013,0.0
60584,49.51332522208703,1.0,560,681,1241,0.0,-0.0008333472224535399,1.0000000000000013,0.0
60585,49.51249187486458,1.0,560,681,1241,0.0,-0.0008333472224535399,1.0000000000000013,0.0
60586,49.511658527642126,1.0,560,681,1241,0.0,-0.0008333472224535399,1.0000000000000013,0.0
60587,49.51082518041967,0.9991941982272361,560,681,1241,-0.0008058017727639033,-0.0008333472224535399,0.999919419822725,-8.058017727639034e-05
60588,49.50999183319722,0.9991941982272361,560,681,1241,0.0,-0.0008333472224535399,0.9998388396454487,-8.058017727639034e-05
60589,49.509158485974766,1.0,560,681,1241,0.0008058017727639033,-0.0008333472224535399,0.9998388396454487,0.0
60590,49.50832513875231,1.0,560,681,1241,0.0,-0.0008333472224535399,0.9998388396454487,0.0
60591,49.50749179152986,0.9991941982272361,560,681,1241,-0.0008058017727639033,-0.0008333472224535399,0.9997582594681724,-8.058017727639034e-05
60592,49.506658444307405,0.9991941982272361,560,681,1241,0.0,-0.0008333472224535399,0.999677679290896,-8.058017727639034e-05
60593,49.50582509708495,1.0,560,681,1241,0.0008058017727639033,-0.0008333472224535399,0.999677679290896,0.0
60594,49.5049917498625,1.0,560,681,1241,0.0,-0.0008333472224535399,0.999677679290896,0.0
60595,49.504158402640044,1.0,560,681,1241,0.0,-0.0008333472224535399,0.999677679290896,0.0
60596,49.50332505541759,1.0,560,681,1241,0.0,-0.0008333472224535399,0.999677679290896,0.0
60597,49.50249170819514,0.9991941982272361,560,681,1241,-0.0008058017727639033,-0.0008333472224535399,0.999677679290896,0.0
60598,49.501658360972684,0.9991941982272361,560,681,1241,0.0,-0.0008333472224535399,0.999677679290896,0.0
60599,49.50082501375023,0.9983883964544722,560,681,1241,-0.0008058017727639033,-0.0008333472224535399,0.9995165189363433,-0.00016116035455278067
60600,49.49999166652778,0.9983883964544722,560,681,1241,0.0,-0.0008333472224535399,0.9993553585817907,-0.00016116035455278067
60601,49.49915831930532,0.9991941982272361,560,681,1241,0.0008058017727639033,-0.0008333472224535399,0.9993553585817907,0.0
60602,49.49832497208287,0.9983883964544722,560,681,1241,-0.0008058017727639033,-0.0008333472224535399,0.9992747784045143,-8.058017727639034e-05
60603,49.497491624860416,0.9983883964544722,560,681,1241,0.0,-0.0008333472224535399,0.9991136180499616,-0.00016116035455278067
60604,49.49665827763796,0.9991941982272361,560,681,1241,0.0008058017727639033,-0.0008333472224535399,0.9990330378726853,-8.058017727639034e-05
60605,49.49582493041551,0.9991941982272361,560,681,1241,0.0,-0.0008333472224535399,0.998952457695409,-8.058017727639034e-05
60606,49.494991583193055,0.9991941982272361,560,681,1241,0.0,-0.0008333472224535399,0.9988718775181326,-8.058017727639034e-05
60607,49.4941582359706,0.9991941982272361,560,681,1241,0.0,-0.0008333472224535399,0.9988718775181326,0.0
60608,49.49332488874815,0.9991941982272361,560,681,1241,0.0,-0.0008333472224535399,0.9988718775181326,0.0
60609,49.492491541525695,0.9991941982272361,560,681,1241,0.0,-0.0008333472224535399,0.998952457695409,8.058017727639034e-05
60610,49.49165819430324,0.9991941982272361,560,681,1241,0.0,-0.0008333472224535399,0.9990330378726853,8.058017727639034e-05
60611,49.49082484708079,0.9991941982272361,560,681,1241,0.0,-0.0008333472224535399,0.9990330378726853,0.0
60612,49.489991499858334,0.9991941982272361,560,681,1241,0.0,-0.0008333472224535399,0.9991136180499616,8.058017727639034e-05
60613,49.48915815263588,0.9991941982272361,560,681,1241,0.0,-0.0008333472224535399,0.999194198227238,8.058017727639034e-05
60614,49.48832480541343,1.0,560,681,1241,0.0008058017727639033,-0.0008333472224535399,0.9992747784045143,8.058017727639034e-05
60615,49.487491458190966,1.0,560,681,1241,0.0,-0.0008333472224606453,0.9993553585817907,8.058017727639034e-05
60616,49.48665811096851,1.0,560,681,1241,0.0,-0.0008333472224535399,0.999435938759067,8.058017727639034e-05
60617,49.48582476374606,1.0,560,681,1241,0.0,-0.0008333472224535399,0.9995165189363433,8.058017727639034e-05
60618,49.484991416523606,1.0,560,681,1241,0.0,-0.0008333472224535399,0.9995970991136197,8.058017727639034e-05
60619,49.48415806930115,1.0,560,681,1241,0.0,-0.0008333472224535399,0.999677679290896,8.058017727639034e-05
60620,49.4833247220787,1.0,560,681,1241,0.0,-0.0008333472224535399,0.9997582594681724,8.058017727639034e-05
60621,49.482491374856245,1.0,560,681,1241,0.0,-0.0008333472224535399,0.9998388396454487,8.058017727639034e-05
60622,49.48165802763379,1.0,560,681,1241,0.0,-0.0008333472224535399,0.999919419822725,8.058017727639034e-05
60623,49.48082468041134,1.0,560,681,1241,0.0,-0.0008333472224535399,1.0000000000000013,8.058017727639034e-05
60624,49.479991333188885,1.0,560,681,1241,0.0,-0.0008333472224535399,1.0000000000000013,0.0
60625,49.47915798596643,0.9991941982272361,560,681,1241,-0.0008058017727639033,-0.0008333472224535399,0.999919419822725,-8.058017727639034e-05
60626,49.47832463874398,0.9991941982272361,560,681,1241,0.0,-0.0008333472224535399,0.9998388396454487,-8.058017727639034e-05
60627,49.477491291521524,0.9991941982272361,560,681,1241,0.0,-0.0008333472224535399,0.9997582594681724,-8.058017727639034e-05
60628,49.47665794429907,1.0,560,681,1241,0.0008058017727639033,-0.0008333472224535399,0.9997582594681724,0.0
60629,49.47582459707662,1.0,560,681,1241,0.0,-0.0008333472224535399,0.9997582594681724,0.0
60630,49.47499124985416,0.9991941982272361,560,681,1241,-0.0008058017727639033,-0.0008333472224535399,0.999677679290896,-8.058017727639034e-05
60631,49.47415790263171,0.9991941982272361,560,681,1241,0.0,-0.0008333472224535399,0.9995970991136197,-8.058017727639034e-05
60632,49.473324555409256,0.9991941982272361,560,681,1241,0.0,-0.0008333472224535399,0.9995165189363433,-8.058017727639034e-05
60633,49.4724912081868,0.9991941982272361,560,681,1241,0.0,-0.0008333472224535399,0.999435938759067,-8.058017727639034e-05
60634,49.47165786096435,1.0,560,681,1241,0.0008058017727639033,-0.0008333472224535399,0.999435938759067,0.0
60635,49.470824513741896,1.0,560,681,1241,0.0,-0.0008333472224535399,0.9995165189363433,8.058017727639034e-05
60636,49.46999116651944,1.0,560,681,1241,0.0,-0.0008333472224535399,0.9995970991136197,8.058017727639034e-05
60637,49.46915781929699,1.0,560,681,1241,0.0,-0.0008333472224535399,0.999677679290896,8.058017727639034e-05
60638,49.468324472074535,1.0,560,681,1241,0.0,-0.0008333472224535399,0.999677679290896,0.0
60639,49.46749112485208,1.0,560,681,1241,0.0,-0.0008333472224535399,0.999677679290896,0.0
60640,49.46665777762963,1.0,560,681,1241,0.0,-0.0008333472224535399,0.9997582594681724,8.058017727639034e-05
60641,49.465824430407174,1.0,560,681,1241,0.0,-0.0008333472224535399,0.9998388396454487,8.058017727639034e-05
60642,49.46499108318472,1.0,560,681,1241,0.0,-0.0008333472224535399,0.999919419822725,8.058017727639034e-05
60643,49.46415773596227,1.0,560,681,1241,0.0,-0.0008333472224535399,1.0000000000000013,8.058017727639034e-05
60644,49.463324388739814,1.0,560,681,1241,0.0,-0.0008333472224535399,1.0000000000000013,0.0
60645,49.46249104151736,1.0,560,681,1241,0.0,-0.0008333472224535399,1.0000000000000013,0.0
60646,49.46165769429491,1.0,560,681,1241,0.0,-0.0008333472224535399,1.0000000000000013,0.0
60647,49.46082434707245,1.0,560,681,1241,0.0,-0.0008333472224535399,1.0000000000000013,0.0
60648,49.45999099985,1.0,560,681,1241,0.0,-0.0008333472224535399,1.0000000000000013,0.0
60649,49.459157652627546,1.0,560,681,1241,0.0,-0.0008333472224535399,1.0000000000000013,0.0
60650,49.45832430540509,1.0,560,681,1241,0.0,-0.0008333472224535399,1.0000000000000013,0.0
60651,49.45749095818264,1.0,560,681,1241,0.0,-0.0008333472224535399,1.0000000000000013,0.0
60652,49.456657610960185,1.0,560,681,1241,0.0,-0.0008333472224535399,1.0000000000000013,0.0
60653,49.45582426373773,1.0,560,681,1241,0.0,-0.0008333472224535399,1.0000000000000013,0.0
60654,49.45499091651528,1.0,560,681,1241,0.0,-0.0008333472224535399,1.0000000000000013,0.0
60655,49.454157569292825,1.0,560,681,1241,0.0,-0.0008333472224535399,1.0000000000000013,0.0
60656,49.45332422207037,1.0,560,681,1241,0.0,-0.0008333472224535399,1.0000000000000013,0.0
60657,49.45249087484791,1.0,560,681,1241,0.0,-0.0008333472224606453,1.0000000000000013,0.0
60658,49.45165752762546,1.0,560,681,1241,0.0,-0.0008333472224535399,1.0000000000000013,0.0
60659,49.450824180403,1.0,560,681,1241,0.0,-0.0008333472224535399,1.0000000000000013,0.0
60660,49.44999083318055,1.0,560,681,1241,0.0,-0.0008333472224535399,1.0000000000000013,0.0
60661,49.4491574859581,1.0,560,681,1241,0.0,-0.0008333472224535399,1.0000000000000013,0.0
60662,49.44832413873564,1.0,560,681,1241,0.0,-0.0008333472224535399,1.0000000000000013,0.0
60663,49.44749079151319,1.0,560,681,1241,0.0,-0.0008333472224535399,1.0000000000000013,0.0
60664,49.446657444290736,1.0,560,681,1241,0.0,-0.0008333472224535399,1.0000000000000013,0.0
60665,49.44582409706828,1.0,560,681,1241,0.0,-0.0008333472224535399,1.0000000000000013,0.0
60666,49.44499074984583,1.0,560,681,1241,0.0,-0.0008333472224535399,1.0000000000000013,0.0
60667,49.444157402623375,1.0,560,681,1241,0.0,-0.0008333472224535399,1.0000000000000013,0.0
60668,49.44332405540092,1.0,560,681,1241,0.0,-0.0008333472224535399,1.0000000000000013,0.0
60669,49.44249070817847,1.0,560,681,1241,0.0,-0.0008333472224535399,1.0000000000000013,0.0
60670,49.441657360956015,1.0,560,681,1241,0.0,-0.0008333472224535399,1.0000000000000013,0.0
60671,49.44082401373356,1.0,560,681,1241,0.0,-0.0008333472224535399,1.0000000000000013,0.0
60672,49.43999066651111,1.0,560,681,1241,0.0,-0.0008333472224535399,1.0000000000000013,0.0
60673,49.439157319288654,1.0,560,681,1241,0.0,-0.0008333472224535399,1.0000000000000013,0.0
60674,49.4383239720662,1.0,560,681,1241,0.0,-0.0008333472224535399,1.0000000000000013,0.0
60675,49.43749062484375,1.0,560,681,1241,0.0,-0.0008333472224535399,1.0000000000000013,0.0
60676,49.43665727762129,1.0,560,681,1241,0.0,-0.0008333472224535399,1.0000000000000013,0.0
60677,49.43582393039884,1.0,560,681,1241,0.0,-0.0008333472224535399,1.0000000000000013,0.0
60678,49.434990583176386,1.0,560,681,1241,0.0,-0.0008333472224535399,1.0000000000000013,0.0
60679,49.43415723595393,1.0,560,681,1241,0.0,-0.0008333472224535399,1.0000000000000013,0.0
60680,49.43332388873148,1.0,560,681,1241,0.0,-0.0008333472224535399,1.0000000000000013,0.0
60681,49.432490541509026,1.0,560,681,1241,0.0,-0.0008333472224535399,1.0000000000000013,0.0
60682,49.43165719428657,1.0,560,681,1241,0.0,-0.0008333472224535399,1.0000000000000013,0.0
60683,49.43082384706412,1.0,560,681,1241,0.0,-0.0008333472224535399,1.0000000000000013,0.0
60684,49.429990499841665,1.0,560,681,1241,0.0,-0.0008333472224535399,1.0000000000000013,0.0
60685,49.42915715261921,1.0,560,681,1241,0.0,-0.0008333472224535399,1.0000000000000013,0.0
60686,49.42832380539676,1.0,560,681,1241,0.0,-0.0008333472224535399,1.0000000000000013,0.0
60687,49.427490458174304,1.0,560,681,1241,0.0,-0.0008333472224535399,1.0000000000000013,0.0
60688,49.42665711095185,1.0,560,681,1241,0.0,-0.0008333472224535399,1.0000000000000013,0.0
60689,49.4258237637294,1.0,560,681,1241,0.0,-0.0008333472224535399,1.0000000000000013,0.0
60690,49.424990416506944,1.0,560,681,1241,0.0,-0.0008333472224535399,1.0000000000000013,0.0
60691,49.42415706928449,1.0,560,681,1241,0.0,-0.0008333472224535399,1.0000000000000013,0.0
60692,49.42332372206204,1.0,560,681,1241,0.0,-0.0008333472224535399,1.0000000000000013,0.0
60693,49.42249037483958,1.0,560,681,1241,0.0,-0.0008333472224535399,1.0000000000000013,0.0
60694,49.42165702761713,1.0,560,681,1241,0.0,-0.0008333472224535399,1.0000000000000013,0.0
60695,49.420823680394676,1.0,560,681,1241,0.0,-0.0008333472224535399,1.0000000000000013,0.0
60696,49.41999033317222,1.0,560,681,1241,0.0,-0.0008333472224535399,1.0000000000000013,0.0
60697,49.41915698594977,1.0,560,681,1241,0.0,-0.0008333472224535399,1.0000000000000013,0.0
60698,49.418323638727315,1.0,560,681,1241,0.0,-0.0008333472224535399,1.0000000000000013,0.0
60699,49.41749029150486,0.9991941982272361,560,681,1241,-0.0008058017727639033,-0.0008333472224535399,0.999919419822725,-8.058017727639034e-05
60700,49.4166569442824,0.9991941982272361,560,681,1241,0.0,-0.0008333472224606453,0.9998388396454487,-8.058017727639034e-05
60701,49.41582359705995,0.9991941982272361,560,681,1241,0.0,-0.0008333472224535399,0.9997582594681724,-8.058017727639034e-05
60702,49.414990249837494,1.0,560,681,1241,0.0008058017727639033,-0.0008333472224535399,0.9997582594681724,0.0
60703,49.41415690261504,1.0,560,681,1241,0.0,-0.0008333472224535399,0.9997582594681724,0.0
60704,49.41332355539259,0.9991941982272361,560,681,1241,-0.0008058017727639033,-0.0008333472224535399,0.999677679290896,-8.058017727639034e-05
60705,49.412490208170134,1.0,560,681,1241,0.0008058017727639033,-0.0008333472224535399,0.999677679290896,0.0
60706,49.41165686094768,1.0,560,681,1241,0.0,-0.0008333472224535399,0.999677679290896,0.0
60707,49.41082351372523,1.0,560,681,1241,0.0,-0.0008333472224535399,0.999677679290896,0.0
60708,49.40999016650277,1.0,560,681,1241,0.0,-0.0008333472224535399,0.999677679290896,0.0
60709,49.40915681928032,1.0,560,681,1241,0.0,-0.0008333472224535399,0.9997582594681724,8.058017727639034e-05
60710,49.408323472057866,1.0,560,681,1241,0.0,-0.0008333472224535399,0.9998388396454487,8.058017727639034e-05
60711,49.40749012483541,1.0,560,681,1241,0.0,-0.0008333472224535399,0.999919419822725,8.058017727639034e-05
60712,49.40665677761296,1.0,560,681,1241,0.0,-0.0008333472224535399,0.999919419822725,0.0
60713,49.405823430390505,1.0,560,681,1241,0.0,-0.0008333472224535399,0.999919419822725,0.0
60714,49.40499008316805,1.0,560,681,1241,0.0,-0.0008333472224535399,1.0000000000000013,8.058017727639034e-05
60715,49.4041567359456,1.0,560,681,1241,0.0,-0.0008333472224535399,1.0000000000000013,0.0
60716,49.403323388723145,0.9991941982272361,560,681,1241,-0.0008058017727639033,-0.0008333472224535399,0.999919419822725,-8.058017727639034e-05
60717,49.40249004150069,1.0,560,681,1241,0.0008058017727639033,-0.0008333472224535399,0.999919419822725,0.0
60718,49.40165669427824,1.0,560,681,1241,0.0,-0.0008333472224535399,0.999919419822725,0.0
60719,49.400823347055784,1.0,560,681,1241,0.0,-0.0008333472224535399,0.999919419822725,0.0
60720,49.39998999983333,1.0,560,681,1241,0.0,-0.0008333472224535399,0.999919419822725,0.0
60721,49.39915665261088,1.0,560,681,1241,0.0,-0.0008333472224535399,0.999919419822725,0.0
60722,49.39832330538842,1.0,560,681,1241,0.0,-0.0008333472224535399,0.999919419822725,0.0
60723,49.39748995816597,1.0,560,681,1241,0.0,-0.0008333472224535399,0.999919419822725,0.0
60724,49.396656610943516,1.0,560,681,1241,0.0,-0.0008333472224535399,0.999919419822725,0.0
60725,49.39582326372106,0.9991941982272361,560,681,1241,-0.0008058017727639033,-0.0008333472224535399,0.9998388396454487,-8.058017727639034e-05
60726,49.39498991649861,0.9991941982272361,560,681,1241,0.0,-0.0008333472224535399,0.9998388396454487,0.0
60727,49.394156569276156,0.9991941982272361,560,681,1241,0.0,-0.0008333472224535399,0.9997582594681724,-8.058017727639034e-05
60728,49.3933232220537,1.0,560,681,1241,0.0008058017727639033,-0.0008333472224535399,0.9997582594681724,0.0
60729,49.39248987483125,1.0,560,681,1241,0.0,-0.0008333472224535399,0.9997582594681724,0.0
60730,49.391656527608795,1.0,560,681,1241,0.0,-0.0008333472224535399,0.9997582594681724,0.0
60731,49.39082318038634,1.0,560,681,1241,0.0,-0.0008333472224535399,0.9997582594681724,0.0
60732,49.38998983316389,1.0,560,681,1241,0.0,-0.0008333472224535399,0.9997582594681724,0.0
60733,49.389156485941434,1.0,560,681,1241,0.0,-0.0008333472224535399,0.9997582594681724,0.0
60734,49.38832313871898,1.0,560,681,1241,0.0,-0.0008333472224535399,0.9997582594681724,0.0
60735,49.38748979149653,1.0,560,681,1241,0.0,-0.0008333472224535399,0.9998388396454487,8.058017727639034e-05
60736,49.386656444274074,1.0,560,681,1241,0.0,-0.0008333472224535399,0.999919419822725,8.058017727639034e-05
60737,49.38582309705162,1.0,560,681,1241,0.0,-0.0008333472224535399,1.0000000000000013,8.058017727639034e-05
60738,49.38498974982917,1.0,560,681,1241,0.0,-0.0008333472224535399,1.0000000000000013,0.0
60739,49.38415640260671,1.0,560,681,1241,0.0,-0.0008333472224535399,1.0000000000000013,0.0
60740,49.38332305538426,1.0,560,681,1241,0.0,-0.0008333472224535399,1.0000000000000013,0.0
60741,49.382489708161806,0.9991941982272361,560,681,1241,-0.0008058017727639033,-0.0008333472224535399,0.999919419822725,-8.058017727639034e-05
60742,49.381656360939346,0.9991941982272361,560,681,1241,0.0,-0.0008333472224606453,0.9998388396454487,-8.058017727639034e-05
60743,49.38082301371689,0.9991941982272361,560,681,1241,0.0,-0.0008333472224535399,0.9997582594681724,-8.058017727639034e-05
60744,49.37998966649444,0.9991941982272361,560,681,1241,0.0,-0.0008333472224535399,0.999677679290896,-8.058017727639034e-05
60745,49.379156319271985,0.9991941982272361,560,681,1241,0.0,-0.0008333472224535399,0.9995970991136197,-8.058017727639034e-05
60746,49.37832297204953,0.9991941982272361,560,681,1241,0.0,-0.0008333472224535399,0.9995165189363433,-8.058017727639034e-05
60747,49.37748962482708,0.9991941982272361,560,681,1241,0.0,-0.0008333472224535399,0.999435938759067,-8.058017727639034e-05
60748,49.376656277604624,0.9991941982272361,560,681,1241,0.0,-0.0008333472224535399,0.9993553585817907,-8.058017727639034e-05
60749,49.37582293038217,1.0,560,681,1241,0.0008058017727639033,-0.0008333472224535399,0.9993553585817907,0.0
60750,49.37498958315972,1.0,560,681,1241,0.0,-0.0008333472224535399,0.9993553585817907,0.0
60751,49.374156235937264,1.0,560,681,1241,0.0,-0.0008333472224535399,0.999435938759067,8.058017727639034e-05
60752,49.37332288871481,1.0,560,681,1241,0.0,-0.0008333472224535399,0.9995165189363433,8.058017727639034e-05
60753,49.37248954149236,1.0,560,681,1241,0.0,-0.0008333472224535399,0.9995970991136197,8.058017727639034e-05
60754,49.3716561942699,1.0,560,681,1241,0.0,-0.0008333472224535399,0.999677679290896,8.058017727639034e-05
60755,49.37082284704745,1.0,560,681,1241,0.0,-0.0008333472224535399,0.9997582594681724,8.058017727639034e-05
60756,49.369989499824996,0.9991941982272361,560,681,1241,-0.0008058017727639033,-0.0008333472224535399,0.9997582594681724,0.0
60757,49.36915615260254,0.9991941982272361,560,681,1241,0.0,-0.0008333472224535399,0.9997582594681724,0.0
60758,49.36832280538009,1.0,560,681,1241,0.0008058017727639033,-0.0008333472224535399,0.9998388396454487,8.058017727639034e-05
60759,49.367489458157635,1.0,560,681,1241,0.0,-0.0008333472224535399,0.9998388396454487,0.0
60760,49.36665611093518,1.0,560,681,1241,0.0,-0.0008333472224535399,0.9998388396454487,0.0
60761,49.36582276371273,1.0,560,681,1241,0.0,-0.0008333472224535399,0.9998388396454487,0.0
60762,49.364989416490275,1.0,560,681,1241,0.0,-0.0008333472224535399,0.9998388396454487,0.0
60763,49.36415606926782,1.0,560,681,1241,0.0,-0.0008333472224535399,0.9998388396454487,0.0
60764,49.36332272204537,1.0,560,681,1241,0.0,-0.0008333472224535399,0.9998388396454487,0.0
60765,49.362489374822914,1.0,560,681,1241,0.0,-0.0008333472224535399,0.9998388396454487,0.0
60766,49.36165602760046,1.0,560,681,1241,0.0,-0.0008333472224535399,0.999919419822725,8.058017727639034e-05
60767,49.36082268037801,1.0,560,681,1241,0.0,-0.0008333472224535399,1.0000000000000013,8.058017727639034e-05
60768,49.35998933315555,1.0,560,681,1241,0.0,-0.0008333472224535399,1.0000000000000013,0.0
60769,49.3591559859331,1.0,560,681,1241,0.0,-0.0008333472224535399,1.0000000000000013,0.0
60770,49.358322638710646,1.0,560,681,1241,0.0,-0.0008333472224535399,1.0000000000000013,0.0
60771,49.35748929148819,1.0,560,681,1241,0.0,-0.0008333472224535399,1.0000000000000013,0.0
60772,49.35665594426574,1.0,560,681,1241,0.0,-0.0008333472224535399,1.0000000000000013,0.0
60773,49.355822597043286,1.0,560,681,1241,0.0,-0.0008333472224535399,1.0000000000000013,0.0
60774,49.35498924982083,1.0,560,681,1241,0.0,-0.0008333472224535399,1.0000000000000013,0.0
60775,49.35415590259838,1.0,560,681,1241,0.0,-0.0008333472224535399,1.0000000000000013,0.0
60776,49.353322555375925,1.0,560,681,1241,0.0,-0.0008333472224535399,1.0000000000000013,0.0
60777,49.35248920815347,1.0,560,681,1241,0.0,-0.0008333472224535399,1.0000000000000013,0.0
60778,49.35165586093102,1.0,560,681,1241,0.0,-0.0008333472224535399,1.0000000000000013,0.0
60779,49.350822513708565,1.0,560,681,1241,0.0,-0.0008333472224535399,1.0000000000000013,0.0
60780,49.34998916648611,1.0,560,681,1241,0.0,-0.0008333472224535399,1.0000000000000013,0.0
60781,49.34915581926366,1.0,560,681,1241,0.0,-0.0008333472224535399,1.0000000000000013,0.0
60782,49.348322472041204,1.0,560,681,1241,0.0,-0.0008333472224535399,1.0000000000000013,0.0
60783,49.34748912481875,1.0,560,681,1241,0.0,-0.0008333472224535399,1.0000000000000013,0.0
60784,49.3466557775963,1.0,560,681,1241,0.0,-0.0008333472224535399,1.0000000000000013,0.0
60785,49.345822430373836,1.0,560,681,1241,0.0,-0.0008333472224606453,1.0000000000000013,0.0
60786,49.34498908315138,1.0,560,681,1241,0.0,-0.0008333472224535399,1.0000000000000013,0.0
60787,49.34415573592893,1.0,560,681,1241,0.0,-0.0008333472224535399,1.0000000000000013,0.0
60788,49.343322388706476,1.0,560,681,1241,0.0,-0.0008333472224535399,1.0000000000000013,0.0
60789,49.34248904148402,1.0,560,681,1241,0.0,-0.0008333472224535399,1.0000000000000013,0.0
60790,49.34165569426157,1.0,560,681,1241,0.0,-0.0008333472224535399,1.0000000000000013,0.0
60791,49.340822347039115,1.0,560,681,1241,0.0,-0.0008333472224535399,1.0000000000000013,0.0
60792,49.33998899981666,1.0,560,681,1241,0.0,-0.0008333472224535399,1.0000000000000013,0.0
60793,49.33915565259421,1.0,560,681,1241,0.0,-0.0008333472224535399,1.0000000000000013,0.0
60794,49.338322305371754,1.0,560,681,1241,0.0,-0.0008333472224535399,1.0000000000000013,0.0
60795,49.3374889581493,1.0,560,681,1241,0.0,-0.0008333472224535399,1.0000000000000013,0.0
60796,49.33665561092685,1.0,560,681,1241,0.0,-0.0008333472224535399,1.0000000000000013,0.0
60797,49.335822263704394,1.0,560,681,1241,0.0,-0.0008333472224535399,1.0000000000000013,0.0
60798,49.33498891648194,0.9991941982272361,560,681,1241,-0.0008058017727639033,-0.0008333472224535399,0.999919419822725,-8.058017727639034e-05
60799,49.33415556925949,0.9991941982272361,560,681,1241,0.0,-0.0008333472224535399,0.9998388396454487,-8.058017727639034e-05
60800,49.33332222203703,1.0,560,681,1241,0.0008058017727639033,-0.0008333472224535399,0.9998388396454487,0.0
60801,49.33248887481458,1.0,560,681,1241,0.0,-0.0008333472224535399,0.9998388396454487,0.0
60802,49.331655527592126,1.0,560,681,1241,0.0,-0.0008333472224535399,0.9998388396454487,0.0
60803,49.33082218036967,1.0,560,681,1241,0.0,-0.0008333472224535399,0.9998388396454487,0.0
60804,49.32998883314722,1.0,560,681,1241,0.0,-0.0008333472224535399,0.9998388396454487,0.0
60805,49.329155485924765,1.0,560,681,1241,0.0,-0.0008333472224535399,0.9998388396454487,0.0
60806,49.32832213870231,0.9991941982272361,560,681,1241,-0.0008058017727639033,-0.0008333472224535399,0.9997582594681724,-8.058017727639034e-05
60807,49.32748879147986,0.9991941982272361,560,681,1241,0.0,-0.0008333472224535399,0.999677679290896,-8.058017727639034e-05
60808,49.326655444257405,0.9991941982272361,560,681,1241,0.0,-0.0008333472224535399,0.999677679290896,0.0
60809,49.32582209703495,1.0,560,681,1241,0.0008058017727639033,-0.0008333472224535399,0.9997582594681724,8.058017727639034e-05
60810,49.3249887498125,0.9991941982272361,560,681,1241,-0.0008058017727639033,-0.0008333472224535399,0.999677679290896,-8.058017727639034e-05
60811,49.324155402590044,0.9991941982272361,560,681,1241,0.0,-0.0008333472224535399,0.9995970991136197,-8.058017727639034e-05
60812,49.32332205536759,0.9991941982272361,560,681,1241,0.0,-0.0008333472224535399,0.9995165189363433,-8.058017727639034e-05
60813,49.32248870814514,0.9991941982272361,560,681,1241,0.0,-0.0008333472224535399,0.999435938759067,-8.058017727639034e-05
60814,49.32165536092268,0.9991941982272361,560,681,1241,0.0,-0.0008333472224535399,0.9993553585817907,-8.058017727639034e-05
60815,49.32082201370023,0.9991941982272361,560,681,1241,0.0,-0.0008333472224535399,0.9992747784045143,-8.058017727639034e-05
60816,49.31998866647778,1.0,560,681,1241,0.0008058017727639033,-0.0008333472224535399,0.9993553585817907,8.058017727639034e-05
60817,49.31915531925532,1.0,560,681,1241,0.0,-0.0008333472224535399,0.999435938759067,8.058017727639034e-05
60818,49.31832197203287,1.0,560,681,1241,0.0,-0.0008333472224535399,0.9995165189363433,8.058017727639034e-05
60819,49.317488624810416,1.0,560,681,1241,0.0,-0.0008333472224535399,0.9995165189363433,0.0
60820,49.31665527758796,1.0,560,681,1241,0.0,-0.0008333472224535399,0.9995970991136197,8.058017727639034e-05
60821,49.31582193036551,1.0,560,681,1241,0.0,-0.0008333472224535399,0.999677679290896,8.058017727639034e-05
60822,49.314988583143055,1.0,560,681,1241,0.0,-0.0008333472224535399,0.9997582594681724,8.058017727639034e-05
60823,49.3141552359206,1.0,560,681,1241,0.0,-0.0008333472224535399,0.9998388396454487,8.058017727639034e-05
60824,49.31332188869815,1.0,560,681,1241,0.0,-0.0008333472224535399,0.999919419822725,8.058017727639034e-05
60825,49.312488541475695,1.0,560,681,1241,0.0,-0.0008333472224535399,1.0000000000000013,8.058017727639034e-05
60826,49.311655194253234,1.0,560,681,1241,0.0,-0.0008333472224606453,1.0000000000000013,0.0
60827,49.31082184703078,1.0,560,681,1241,0.0,-0.0008333472224535399,1.0000000000000013,0.0
60828,49.30998849980833,1.0,560,681,1241,0.0,-0.0008333472224535399,1.0000000000000013,0.0
60829,49.30915515258587,1.0,560,681,1241,0.0,-0.0008333472224535399,1.0000000000000013,0.0
60830,49.30832180536342,1.0,560,681,1241,0.0,-0.0008333472224535399,1.0000000000000013,0.0
60831,49.307488458140966,1.0,560,681,1241,0.0,-0.0008333472224535399,1.0000000000000013,0.0
60832,49.30665511091851,1.0,560,681,1241,0.0,-0.0008333472224535399,1.0000000000000013,0.0
60833,49.30582176369606,1.0,560,681,1241,0.0,-0.0008333472224535399,1.0000000000000013,0.0
60834,49.304988416473606,1.0,560,681,1241,0.0,-0.0008333472224535399,1.0000000000000013,0.0
60835,49.30415506925115,1.0,560,681,1241,0.0,-0.0008333472224535399,1.0000000000000013,0.0
60836,49.3033217220287,1.0,560,681,1241,0.0,-0.0008333472224535399,1.0000000000000013,0.0
60837,49.302488374806245,1.0,560,681,1241,0.0,-0.0008333472224535399,1.0000000000000013,0.0
60838,49.30165502758379,1.0,560,681,1241,0.0,-0.0008333472224535399,1.0000000000000013,0.0
60839,49.30082168036134,1.0,560,681,1241,0.0,-0.0008333472224535399,1.0000000000000013,0.0
60840,49.299988333138884,1.0,560,681,1241,0.0,-0.0008333472224535399,1.0000000000000013,0.0
60841,49.29915498591643,1.0,560,681,1241,0.0,-0.0008333472224535399,1.0000000000000013,0.0
60842,49.29832163869398,1.0,560,681,1241,0.0,-0.0008333472224535399,1.0000000000000013,0.0
60843,49.297488291471524,1.0,560,681,1241,0.0,-0.0008333472224535399,1.0000000000000013,0.0
60844,49.29665494424907,1.0,560,681,1241,0.0,-0.0008333472224535399,1.0000000000000013,0.0
60845,49.29582159702662,1.0,560,681,1241,0.0,-0.0008333472224535399,1.0000000000000013,0.0
60846,49.29498824980416,1.0,560,681,1241,0.0,-0.0008333472224535399,1.0000000000000013,0.0
60847,49.29415490258171,1.0,560,681,1241,0.0,-0.0008333472224535399,1.0000000000000013,0.0
60848,49.293321555359256,1.0,560,681,1241,0.0,-0.0008333472224535399,1.0000000000000013,0.0
60849,49.2924882081368,1.0,560,681,1241,0.0,-0.0008333472224535399,1.0000000000000013,0.0
60850,49.29165486091435,1.0,560,681,1241,0.0,-0.0008333472224535399,1.0000000000000013,0.0
60851,49.290821513691895,1.0,560,681,1241,0.0,-0.0008333472224535399,1.0000000000000013,0.0
60852,49.28998816646944,1.0,560,681,1241,0.0,-0.0008333472224535399,1.0000000000000013,0.0
60853,49.28915481924699,1.0,560,681,1241,0.0,-0.0008333472224535399,1.0000000000000013,0.0
60854,49.288321472024535,1.0,560,681,1241,0.0,-0.0008333472224535399,1.0000000000000013,0.0
60855,49.28748812480208,1.0,560,681,1241,0.0,-0.0008333472224535399,1.0000000000000013,0.0
60856,49.28665477757963,0.9991941982272361,560,681,1241,-0.0008058017727639033,-0.0008333472224535399,0.999919419822725,-8.058017727639034e-05
60857,49.285821430357174,0.9991941982272361,560,681,1241,0.0,-0.0008333472224535399,0.9998388396454487,-8.058017727639034e-05
60858,49.28498808313472,1.0,560,681,1241,0.0008058017727639033,-0.0008333472224535399,0.9998388396454487,0.0
60859,49.28415473591227,1.0,560,681,1241,0.0,-0.0008333472224535399,0.9998388396454487,0.0
60860,49.283321388689814,1.0,560,681,1241,0.0,-0.0008333472224535399,0.9998388396454487,0.0
60861,49.28248804146736,1.0,560,681,1241,0.0,-0.0008333472224535399,0.9998388396454487,0.0
60862,49.28165469424491,1.0,560,681,1241,0.0,-0.0008333472224535399,0.9998388396454487,0.0
60863,49.28082134702245,1.0,560,681,1241,0.0,-0.0008333472224535399,0.9998388396454487,0.0
60864,49.2799879998,1.0,560,681,1241,0.0,-0.0008333472224535399,0.9998388396454487,0.0
60865,49.279154652577546,1.0,560,681,1241,0.0,-0.0008333472224535399,0.9998388396454487,0.0
60866,49.27832130535509,1.0,560,681,1241,0.0,-0.0008333472224535399,0.999919419822725,8.058017727639034e-05
60867,49.27748795813264,1.0,560,681,1241,0.0,-0.0008333472224535399,1.0000000000000013,8.058017727639034e-05
60868,49.276654610910185,1.0,560,681,1241,0.0,-0.0008333472224535399,1.0000000000000013,0.0
60869,49.275821263687725,1.0,560,681,1241,0.0,-0.0008333472224606453,1.0000000000000013,0.0
60870,49.27498791646527,1.0,560,681,1241,0.0,-0.0008333472224535399,1.0000000000000013,0.0
60871,49.27415456924282,1.0,560,681,1241,0.0,-0.0008333472224535399,1.0000000000000013,0.0
60872,49.273321222020364,1.0,560,681,1241,0.0,-0.0008333472224535399,1.0000000000000013,0.0
60873,49.27248787479791,1.0,560,681,1241,0.0,-0.0008333472224535399,1.0000000000000013,0.0
60874,49.27165452757546,1.0,560,681,1241,0.0,-0.0008333472224535399,1.0000000000000013,0.0
60875,49.270821180353,1.0,560,681,1241,0.0,-0.0008333472224535399,1.0000000000000013,0.0
60876,49.26998783313055,1.0,560,681,1241,0.0,-0.0008333472224535399,1.0000000000000013,0.0
60877,49.269154485908096,1.0,560,681,1241,0.0,-0.0008333472224535399,1.0000000000000013,0.0
60878,49.26832113868564,1.0,560,681,1241,0.0,-0.0008333472224535399,1.0000000000000013,0.0
60879,49.26748779146319,1.0,560,681,1241,0.0,-0.0008333472224535399,1.0000000000000013,0.0
60880,49.266654444240736,1.0,560,681,1241,0.0,-0.0008333472224535399,1.0000000000000013,0.0
60881,49.26582109701828,1.0,560,681,1241,0.0,-0.0008333472224535399,1.0000000000000013,0.0
60882,49.26498774979583,1.0,560,681,1241,0.0,-0.0008333472224535399,1.0000000000000013,0.0
60883,49.264154402573375,1.0,560,681,1241,0.0,-0.0008333472224535399,1.0000000000000013,0.0
60884,49.26332105535092,1.0,560,681,1241,0.0,-0.0008333472224535399,1.0000000000000013,0.0
60885,49.26248770812847,1.0,560,681,1241,0.0,-0.0008333472224535399,1.0000000000000013,0.0
60886,49.261654360906014,1.0,560,681,1241,0.0,-0.0008333472224535399,1.0000000000000013,0.0
60887,49.26082101368356,1.0,560,681,1241,0.0,-0.0008333472224535399,1.0000000000000013,0.0
60888,49.25998766646111,1.0,560,681,1241,0.0,-0.0008333472224535399,1.0000000000000013,0.0
60889,49.259154319238654,1.0,560,681,1241,0.0,-0.0008333472224535399,1.0000000000000013,0.0
60890,49.2583209720162,1.0,560,681,1241,0.0,-0.0008333472224535399,1.0000000000000013,0.0
60891,49.25748762479375,1.0,560,681,1241,0.0,-0.0008333472224535399,1.0000000000000013,0.0
60892,49.25665427757129,1.0,560,681,1241,0.0,-0.0008333472224535399,1.0000000000000013,0.0
60893,49.25582093034884,1.0,560,681,1241,0.0,-0.0008333472224535399,1.0000000000000013,0.0
60894,49.254987583126386,1.0,560,681,1241,0.0,-0.0008333472224535399,1.0000000000000013,0.0
60895,49.25415423590393,1.0,560,681,1241,0.0,-0.0008333472224535399,1.0000000000000013,0.0
60896,49.25332088868148,1.0,560,681,1241,0.0,-0.0008333472224535399,1.0000000000000013,0.0
60897,49.252487541459026,1.0,560,681,1241,0.0,-0.0008333472224535399,1.0000000000000013,0.0
60898,49.25165419423657,1.0,560,681,1241,0.0,-0.0008333472224535399,1.0000000000000013,0.0
60899,49.25082084701412,1.0,560,681,1241,0.0,-0.0008333472224535399,1.0000000000000013,0.0
60900,49.249987499791665,1.0,560,681,1241,0.0,-0.0008333472224535399,1.0000000000000013,0.0
60901,49.24915415256921,1.0,560,681,1241,0.0,-0.0008333472224535399,1.0000000000000013,0.0
60902,49.24832080534676,1.0,560,681,1241,0.0,-0.0008333472224535399,1.0000000000000013,0.0
60903,49.247487458124304,1.0,560,681,1241,0.0,-0.0008333472224535399,1.0000000000000013,0.0
60904,49.24665411090185,1.0,560,681,1241,0.0,-0.0008333472224535399,1.0000000000000013,0.0
60905,49.2458207636794,1.0,560,681,1241,0.0,-0.0008333472224535399,1.0000000000000013,0.0
60906,49.244987416456944,1.0,560,681,1241,0.0,-0.0008333472224535399,1.0000000000000013,0.0
60907,49.24415406923449,1.0,560,681,1241,0.0,-0.0008333472224535399,1.0000000000000013,0.0
60908,49.24332072201204,1.0,560,681,1241,0.0,-0.0008333472224535399,1.0000000000000013,0.0
60909,49.24248737478958,1.0,560,681,1241,0.0,-0.0008333472224535399,1.0000000000000013,0.0
60910,49.24165402756713,1.0,560,681,1241,0.0,-0.0008333472224535399,1.0000000000000013,0.0
60911,49.24082068034467,1.0,560,681,1241,0.0,-0.0008333472224606453,1.0000000000000013,0.0
60912,49.239987333122215,1.0,560,681,1241,0.0,-0.0008333472224535399,1.0000000000000013,0.0
60913,49.23915398589976,1.0,560,681,1241,0.0,-0.0008333472224535399,1.0000000000000013,0.0
60914,49.23832063867731,1.0,560,681,1241,0.0,-0.0008333472224535399,1.0000000000000013,0.0
60915,49.237487291454855,1.0,560,681,1241,0.0,-0.0008333472224535399,1.0000000000000013,0.0
60916,49.2366539442324,1.0,560,681,1241,0.0,-0.0008333472224535399,1.0000000000000013,0.0
60917,49.23582059700995,1.0,560,681,1241,0.0,-0.0008333472224535399,1.0000000000000013,0.0
60918,49.234987249787494,1.0,560,681,1241,0.0,-0.0008333472224535399,1.0000000000000013,0.0
60919,49.23415390256504,1.0,560,681,1241,0.0,-0.0008333472224535399,1.0000000000000013,0.0
60920,49.23332055534259,1.0,560,681,1241,0.0,-0.0008333472224535399,1.0000000000000013,0.0
60921,49.23248720812013,1.0,560,681,1241,0.0,-0.0008333472224535399,1.0000000000000013,0.0
60922,49.23165386089768,1.0,560,681,1241,0.0,-0.0008333472224535399,1.0000000000000013,0.0
60923,49.230820513675226,1.0,560,681,1241,0.0,-0.0008333472224535399,1.0000000000000013,0.0
60924,49.22998716645277,1.0,560,681,1241,0.0,-0.0008333472224535399,1.0000000000000013,0.0
60925,49.22915381923032,1.0,560,681,1241,0.0,-0.0008333472224535399,1.0000000000000013,0.0
60926,49.228320472007866,1.0,560,681,1241,0.0,-0.0008333472224535399,1.0000000000000013,0.0
60927,49.22748712478541,1.0,560,681,1241,0.0,-0.0008333472224535399,1.0000000000000013,0.0
60928,49.22665377756296,1.0,560,681,1241,0.0,-0.0008333472224535399,1.0000000000000013,0.0
60929,49.225820430340505,1.0,560,681,1241,0.0,-0.0008333472224535399,1.0000000000000013,0.0
60930,49.22498708311805,1.0,560,681,1241,0.0,-0.0008333472224535399,1.0000000000000013,0.0
60931,49.2241537358956,1.0,560,681,1241,0.0,-0.0008333472224535399,1.0000000000000013,0.0
60932,49.223320388673145,1.0,560,681,1241,0.0,-0.0008333472224535399,1.0000000000000013,0.0
60933,49.22248704145069,0.9991941982272361,560,681,1241,-0.0008058017727639033,-0.0008333472224535399,0.999919419822725,-8.058017727639034e-05
60934,49.22165369422824,0.9991941982272361,560,681,1241,0.0,-0.0008333472224535399,0.9998388396454487,-8.058017727639034e-05
60935,49.220820347005784,0.9991941982272361,560,681,1241,0.0,-0.0008333472224535399,0.9997582594681724,-8.058017727639034e-05
60936,49.21998699978333,0.9991941982272361,560,681,1241,0.0,-0.0008333472224535399,0.999677679290896,-8.058017727639034e-05
60937,49.21915365256088,1.0,560,681,1241,0.0008058017727639033,-0.0008333472224535399,0.999677679290896,0.0
60938,49.21832030533842,1.0,560,681,1241,0.0,-0.0008333472224535399,0.999677679290896,0.0
60939,49.21748695811597,1.0,560,681,1241,0.0,-0.0008333472224535399,0.999677679290896,0.0
60940,49.216653610893516,1.0,560,681,1241,0.0,-0.0008333472224535399,0.999677679290896,0.0
60941,49.21582026367106,1.0,560,681,1241,0.0,-0.0008333472224535399,0.999677679290896,0.0
60942,49.21498691644861,1.0,560,681,1241,0.0,-0.0008333472224535399,0.999677679290896,0.0
60943,49.214153569226156,1.0,560,681,1241,0.0,-0.0008333472224535399,0.9997582594681724,8.058017727639034e-05
60944,49.2133202220037,1.0,560,681,1241,0.0,-0.0008333472224535399,0.9998388396454487,8.058017727639034e-05
60945,49.21248687478125,1.0,560,681,1241,0.0,-0.0008333472224535399,0.999919419822725,8.058017727639034e-05
60946,49.211653527558795,1.0,560,681,1241,0.0,-0.0008333472224535399,1.0000000000000013,8.058017727639034e-05
60947,49.21082018033634,1.0,560,681,1241,0.0,-0.0008333472224535399,1.0000000000000013,0.0
60948,49.20998683311389,1.0,560,681,1241,0.0,-0.0008333472224535399,1.0000000000000013,0.0
60949,49.209153485891434,1.0,560,681,1241,0.0,-0.0008333472224535399,1.0000000000000013,0.0
60950,49.20832013866898,1.0,560,681,1241,0.0,-0.0008333472224535399,1.0000000000000013,0.0
60951,49.20748679144653,1.0,560,681,1241,0.0,-0.0008333472224535399,1.0000000000000013,0.0
60952,49.206653444224074,1.0,560,681,1241,0.0,-0.0008333472224535399,1.0000000000000013,0.0
60953,49.20582009700162,1.0,560,681,1241,0.0,-0.0008333472224535399,1.0000000000000013,0.0
60954,49.20498674977916,1.0,560,681,1241,0.0,-0.0008333472224606453,1.0000000000000013,0.0
60955,49.204153402556706,1.0,560,681,1241,0.0,-0.0008333472224535399,1.0000000000000013,0.0
60956,49.20332005533425,1.0,560,681,1241,0.0,-0.0008333472224535399,1.0000000000000013,0.0
60957,49.2024867081118,1.0,560,681,1241,0.0,-0.0008333472224535399,1.0000000000000013,0.0
60958,49.201653360889345,1.0,560,681,1241,0.0,-0.0008333472224535399,1.0000000000000013,0.0
60959,49.20082001366689,1.0,560,681,1241,0.0,-0.0008333472224535399,1.0000000000000013,0.0
60960,49.19998666644444,1.0,560,681,1241,0.0,-0.0008333472224535399,1.0000000000000013,0.0
60961,49.199153319221985,1.0,560,681,1241,0.0,-0.0008333472224535399,1.0000000000000013,0.0
60962,49.19831997199953,1.0,560,681,1241,0.0,-0.0008333472224535399,1.0000000000000013,0.0
60963,49.19748662477708,1.0,560,681,1241,0.0,-0.0008333472224535399,1.0000000000000013,0.0
60964,49.196653277554624,1.0,560,681,1241,0.0,-0.0008333472224535399,1.0000000000000013,0.0
60965,49.19581993033217,1.0,560,681,1241,0.0,-0.0008333472224535399,1.0000000000000013,0.0
60966,49.19498658310972,1.0,560,681,1241,0.0,-0.0008333472224535399,1.0000000000000013,0.0
60967,49.19415323588726,1.0,560,681,1241,0.0,-0.0008333472224535399,1.0000000000000013,0.0
60968,49.19331988866481,1.0,560,681,1241,0.0,-0.0008333472224535399,1.0000000000000013,0.0
60969,49.192486541442356,1.0,560,681,1241,0.0,-0.0008333472224535399,1.0000000000000013,0.0
60970,49.1916531942199,1.0,560,681,1241,0.0,-0.0008333472224535399,1.0000000000000013,0.0
60971,49.19081984699745,1.0,560,681,1241,0.0,-0.0008333472224535399,1.0000000000000013,0.0
60972,49.189986499774996,1.0,560,681,1241,0.0,-0.0008333472224535399,1.0000000000000013,0.0
60973,49.18915315255254,1.0,560,681,1241,0.0,-0.0008333472224535399,1.0000000000000013,0.0
60974,49.18831980533009,1.0,560,681,1241,0.0,-0.0008333472224535399,1.0000000000000013,0.0
60975,49.187486458107635,1.0,560,681,1241,0.0,-0.0008333472224535399,1.0000000000000013,0.0
60976,49.18665311088518,1.0,560,681,1241,0.0,-0.0008333472224535399,1.0000000000000013,0.0
60977,49.18581976366273,1.0,560,681,1241,0.0,-0.0008333472224535399,1.0000000000000013,0.0
60978,49.184986416440275,1.0,560,681,1241,0.0,-0.0008333472224535399,1.0000000000000013,0.0
60979,49.18415306921782,1.0,560,681,1241,0.0,-0.0008333472224535399,1.0000000000000013,0.0
60980,49.18331972199537,1.0,560,681,1241,0.0,-0.0008333472224535399,1.0000000000000013,0.0
60981,49.182486374772914,1.0,560,681,1241,0.0,-0.0008333472224535399,1.0000000000000013,0.0
60982,49.18165302755046,1.0,560,681,1241,0.0,-0.0008333472224535399,1.0000000000000013,0.0
60983,49.18081968032801,1.0,560,681,1241,0.0,-0.0008333472224535399,1.0000000000000013,0.0
60984,49.17998633310555,1.0,560,681,1241,0.0,-0.0008333472224535399,1.0000000000000013,0.0
60985,49.1791529858831,1.0,560,681,1241,0.0,-0.0008333472224535399,1.0000000000000013,0.0
60986,49.178319638660646,1.0,560,681,1241,0.0,-0.0008333472224535399,1.0000000000000013,0.0
60987,49.17748629143819,1.0,560,681,1241,0.0,-0.0008333472224535399,1.0000000000000013,0.0
60988,49.17665294421574,1.0,560,681,1241,0.0,-0.0008333472224535399,1.0000000000000013,0.0
60989,49.175819596993286,1.0,560,681,1241,0.0,-0.0008333472224535399,1.0000000000000013,0.0
60990,49.17498624977083,1.0,560,681,1241,0.0,-0.0008333472224535399,1.0000000000000013,0.0
60991,49.17415290254838,0.9991941982272361,560,681,1241,-0.0008058017727639033,-0.0008333472224535399,0.999919419822725,-8.058017727639034e-05
60992,49.173319555325925,0.9991941982272361,560,681,1241,0.0,-0.0008333472224535399,0.9998388396454487,-8.058017727639034e-05
60993,49.17248620810347,0.9991941982272361,560,681,1241,0.0,-0.0008333472224535399,0.9997582594681724,-8.058017727639034e-05
60994,49.17165286088102,0.9991941982272361,560,681,1241,0.0,-0.0008333472224535399,0.999677679290896,-8.058017727639034e-05
60995,49.170819513658564,0.9991941982272361,560,681,1241,0.0,-0.0008333472224535399,0.9995970991136197,-8.058017727639034e-05
60996,49.169986166436104,1.0,560,681,1241,0.0008058017727639033,-0.0008333472224606453,0.9995970991136197,0.0
60997,49.16915281921365,1.0,560,681,1241,0.0,-0.0008333472224535399,0.9995970991136197,0.0
60998,49.1683194719912,1.0,560,681,1241,0.0,-0.0008333472224535399,0.9995970991136197,0.0
60999,49.16748612476874,1.0,560,681,1241,0.0,-0.0008333472224535399,0.9995970991136197,0.0
61000,49.16665277754629,1.0,560,681,1241,0.0,-0.0008333472224535399,0.9995970991136197,0.0
61001,49.165819430323836,1.0,560,681,1241,0.0,-0.0008333472224535399,0.999677679290896,8.058017727639034e-05
61002,49.16498608310138,1.0,560,681,1241,0.0,-0.0008333472224535399,0.9997582594681724,8.058017727639034e-05
61003,49.16415273587893,1.0,560,681,1241,0.0,-0.0008333472224535399,0.9998388396454487,8.058017727639034e-05
61004,49.163319388656475,1.0,560,681,1241,0.0,-0.0008333472224535399,0.999919419822725,8.058017727639034e-05
61005,49.16248604143402,1.0,560,681,1241,0.0,-0.0008333472224535399,1.0000000000000013,8.058017727639034e-05
61006,49.16165269421157,1.0,560,681,1241,0.0,-0.0008333472224535399,1.0000000000000013,0.0
61007,49.160819346989115,1.0,560,681,1241,0.0,-0.0008333472224535399,1.0000000000000013,0.0
61008,49.15998599976666,1.0,560,681,1241,0.0,-0.0008333472224535399,1.0000000000000013,0.0
61009,49.15915265254421,1.0,560,681,1241,0.0,-0.0008333472224535399,1.0000000000000013,0.0
61010,49.158319305321754,1.0,560,681,1241,0.0,-0.0008333472224535399,1.0000000000000013,0.0
61011,49.1574859580993,1.0,560,681,1241,0.0,-0.0008333472224535399,1.0000000000000013,0.0
61012,49.15665261087685,1.0,560,681,1241,0.0,-0.0008333472224535399,1.0000000000000013,0.0
61013,49.155819263654394,1.0,560,681,1241,0.0,-0.0008333472224535399,1.0000000000000013,0.0
61014,49.15498591643194,1.0,560,681,1241,0.0,-0.0008333472224535399,1.0000000000000013,0.0
61015,49.15415256920949,1.0,560,681,1241,0.0,-0.0008333472224535399,1.0000000000000013,0.0
61016,49.15331922198703,1.0,560,681,1241,0.0,-0.0008333472224535399,1.0000000000000013,0.0
61017,49.15248587476458,1.0,560,681,1241,0.0,-0.0008333472224535399,1.0000000000000013,0.0
61018,49.151652527542126,1.0,560,681,1241,0.0,-0.0008333472224535399,1.0000000000000013,0.0
61019,49.15081918031967,1.0,560,681,1241,0.0,-0.0008333472224535399,1.0000000000000013,0.0
61020,49.14998583309722,1.0,560,681,1241,0.0,-0.0008333472224535399,1.0000000000000013,0.0
61021,49.149152485874765,1.0,560,681,1241,0.0,-0.0008333472224535399,1.0000000000000013,0.0
61022,49.14831913865231,1.0,560,681,1241,0.0,-0.0008333472224535399,1.0000000000000013,0.0
61023,49.14748579142986,1.0,560,681,1241,0.0,-0.0008333472224535399,1.0000000000000013,0.0
61024,49.146652444207405,1.0,560,681,1241,0.0,-0.0008333472224535399,1.0000000000000013,0.0
61025,49.14581909698495,1.0,560,681,1241,0.0,-0.0008333472224535399,1.0000000000000013,0.0
61026,49.1449857497625,1.0,560,681,1241,0.0,-0.0008333472224535399,1.0000000000000013,0.0
61027,49.144152402540044,1.0,560,681,1241,0.0,-0.0008333472224535399,1.0000000000000013,0.0
61028,49.14331905531759,1.0,560,681,1241,0.0,-0.0008333472224535399,1.0000000000000013,0.0
61029,49.14248570809514,1.0,560,681,1241,0.0,-0.0008333472224535399,1.0000000000000013,0.0
61030,49.14165236087268,1.0,560,681,1241,0.0,-0.0008333472224535399,1.0000000000000013,0.0
61031,49.14081901365023,1.0,560,681,1241,0.0,-0.0008333472224535399,1.0000000000000013,0.0
61032,49.139985666427776,1.0,560,681,1241,0.0,-0.0008333472224535399,1.0000000000000013,0.0
61033,49.13915231920532,1.0,560,681,1241,0.0,-0.0008333472224535399,1.0000000000000013,0.0
61034,49.13831897198287,1.0,560,681,1241,0.0,-0.0008333472224535399,1.0000000000000013,0.0
61035,49.137485624760416,1.0,560,681,1241,0.0,-0.0008333472224535399,1.0000000000000013,0.0
61036,49.13665227753796,1.0,560,681,1241,0.0,-0.0008333472224535399,1.0000000000000013,0.0
61037,49.13581893031551,1.0,560,681,1241,0.0,-0.0008333472224535399,1.0000000000000013,0.0
61038,49.134985583093055,1.0,560,681,1241,0.0,-0.0008333472224535399,1.0000000000000013,0.0
61039,49.134152235870594,1.0,560,681,1241,0.0,-0.0008333472224606453,1.0000000000000013,0.0
61040,49.13331888864814,1.0,560,681,1241,0.0,-0.0008333472224535399,1.0000000000000013,0.0
61041,49.13248554142569,1.0,560,681,1241,0.0,-0.0008333472224535399,1.0000000000000013,0.0
61042,49.131652194203234,1.0,560,681,1241,0.0,-0.0008333472224535399,1.0000000000000013,0.0
61043,49.13081884698078,1.0,560,681,1241,0.0,-0.0008333472224535399,1.0000000000000013,0.0
61044,49.12998549975833,1.0,560,681,1241,0.0,-0.0008333472224535399,1.0000000000000013,0.0
61045,49.12915215253587,1.0,560,681,1241,0.0,-0.0008333472224535399,1.0000000000000013,0.0
61046,49.12831880531342,1.0,560,681,1241,0.0,-0.0008333472224535399,1.0000000000000013,0.0
61047,49.127485458090966,0.9991941982272361,560,681,1241,-0.0008058017727639033,-0.0008333472224535399,0.999919419822725,-8.058017727639034e-05
61048,49.12665211086851,0.9991941982272361,560,681,1241,0.0,-0.0008333472224535399,0.9998388396454487,-8.058017727639034e-05
61049,49.12581876364606,0.9991941982272361,560,681,1241,0.0,-0.0008333472224535399,0.9997582594681724,-8.058017727639034e-05
61050,49.124985416423605,1.0,560,681,1241,0.0008058017727639033,-0.0008333472224535399,0.9997582594681724,0.0
61051,49.12415206920115,1.0,560,681,1241,0.0,-0.0008333472224535399,0.9997582594681724,0.0
61052,49.1233187219787,1.0,560,681,1241,0.0,-0.0008333472224535399,0.9997582594681724,0.0
61053,49.122485374756245,1.0,560,681,1241,0.0,-0.0008333472224535399,0.9997582594681724,0.0
61054,49.12165202753379,1.0,560,681,1241,0.0,-0.0008333472224535399,0.9997582594681724,0.0
61055,49.12081868031134,1.0,560,681,1241,0.0,-0.0008333472224535399,0.9997582594681724,0.0
61056,49.119985333088884,1.0,560,681,1241,0.0,-0.0008333472224535399,0.9997582594681724,0.0
61057,49.11915198586643,1.0,560,681,1241,0.0,-0.0008333472224535399,0.9998388396454487,8.058017727639034e-05
61058,49.11831863864398,1.0,560,681,1241,0.0,-0.0008333472224535399,0.999919419822725,8.058017727639034e-05
61059,49.117485291421524,1.0,560,681,1241,0.0,-0.0008333472224535399,1.0000000000000013,8.058017727639034e-05
61060,49.11665194419907,1.0,560,681,1241,0.0,-0.0008333472224535399,1.0000000000000013,0.0
61061,49.11581859697662,1.0,560,681,1241,0.0,-0.0008333472224535399,1.0000000000000013,0.0
61062,49.11498524975416,1.0,560,681,1241,0.0,-0.0008333472224535399,1.0000000000000013,0.0
61063,49.11415190253171,1.0,560,681,1241,0.0,-0.0008333472224535399,1.0000000000000013,0.0
61064,49.113318555309256,1.0,560,681,1241,0.0,-0.0008333472224535399,1.0000000000000013,0.0
61065,49.1124852080868,1.0,560,681,1241,0.0,-0.0008333472224535399,1.0000000000000013,0.0
61066,49.11165186086435,1.0,560,681,1241,0.0,-0.0008333472224535399,1.0000000000000013,0.0
61067,49.110818513641895,1.0,560,681,1241,0.0,-0.0008333472224535399,1.0000000000000013,0.0
61068,49.10998516641944,0.9991941982272361,560,681,1241,-0.0008058017727639033,-0.0008333472224535399,0.999919419822725,-8.058017727639034e-05
61069,49.10915181919699,1.0,560,681,1241,0.0008058017727639033,-0.0008333472224535399,0.999919419822725,0.0
61070,49.108318471974535,1.0,560,681,1241,0.0,-0.0008333472224535399,0.999919419822725,0.0
61071,49.10748512475208,1.0,560,681,1241,0.0,-0.0008333472224535399,0.999919419822725,0.0
61072,49.10665177752963,1.0,560,681,1241,0.0,-0.0008333472224535399,0.999919419822725,0.0
61073,49.105818430307174,1.0,560,681,1241,0.0,-0.0008333472224535399,0.999919419822725,0.0
61074,49.10498508308472,1.0,560,681,1241,0.0,-0.0008333472224535399,0.999919419822725,0.0
61075,49.10415173586227,1.0,560,681,1241,0.0,-0.0008333472224535399,0.999919419822725,0.0
61076,49.10331838863981,1.0,560,681,1241,0.0,-0.0008333472224535399,0.999919419822725,0.0
61077,49.10248504141736,1.0,560,681,1241,0.0,-0.0008333472224535399,0.999919419822725,0.0
61078,49.101651694194906,1.0,560,681,1241,0.0,-0.0008333472224535399,1.0000000000000013,8.058017727639034e-05
61079,49.10081834697245,1.0,560,681,1241,0.0,-0.0008333472224535399,1.0000000000000013,0.0
61080,49.09998499974999,1.0,560,681,1241,0.0,-0.0008333472224606453,1.0000000000000013,0.0
61081,49.09915165252754,1.0,560,681,1241,0.0,-0.0008333472224535399,1.0000000000000013,0.0
61082,49.098318305305085,1.0,560,681,1241,0.0,-0.0008333472224535399,1.0000000000000013,0.0
61083,49.09748495808263,1.0,560,681,1241,0.0,-0.0008333472224535399,1.0000000000000013,0.0
61084,49.09665161086018,1.0,560,681,1241,0.0,-0.0008333472224535399,1.0000000000000013,0.0
61085,49.095818263637724,1.0,560,681,1241,0.0,-0.0008333472224535399,1.0000000000000013,0.0
61086,49.09498491641527,1.0,560,681,1241,0.0,-0.0008333472224535399,1.0000000000000013,0.0
61087,49.09415156919282,1.0,560,681,1241,0.0,-0.0008333472224535399,1.0000000000000013,0.0
61088,49.093318221970364,1.0,560,681,1241,0.0,-0.0008333472224535399,1.0000000000000013,0.0
61089,49.09248487474791,1.0,560,681,1241,0.0,-0.0008333472224535399,1.0000000000000013,0.0
61090,49.09165152752546,0.9991941982272361,560,681,1241,-0.0008058017727639033,-0.0008333472224535399,0.999919419822725,-8.058017727639034e-05
61091,49.090818180303,0.9991941982272361,560,681,1241,0.0,-0.0008333472224535399,0.9998388396454487,-8.058017727639034e-05
61092,49.08998483308055,0.9991941982272361,560,681,1241,0.0,-0.0008333472224535399,0.9997582594681724,-8.058017727639034e-05
61093,49.089151485858096,0.9991941982272361,560,681,1241,0.0,-0.0008333472224535399,0.999677679290896,-8.058017727639034e-05
61094,49.08831813863564,1.0,560,681,1241,0.0008058017727639033,-0.0008333472224535399,0.999677679290896,0.0
61095,49.08748479141319,1.0,560,681,1241,0.0,-0.0008333472224535399,0.999677679290896,0.0
61096,49.086651444190736,1.0,560,681,1241,0.0,-0.0008333472224535399,0.999677679290896,0.0
61097,49.08581809696828,1.0,560,681,1241,0.0,-0.0008333472224535399,0.999677679290896,0.0
61098,49.08498474974583,1.0,560,681,1241,0.0,-0.0008333472224535399,0.999677679290896,0.0
61099,49.084151402523375,1.0,560,681,1241,0.0,-0.0008333472224535399,0.999677679290896,0.0
61100,49.08331805530092,1.0,560,681,1241,0.0,-0.0008333472224535399,0.9997582594681724,8.058017727639034e-05
61101,49.08248470807847,1.0,560,681,1241,0.0,-0.0008333472224535399,0.9998388396454487,8.058017727639034e-05
61102,49.081651360856014,1.0,560,681,1241,0.0,-0.0008333472224535399,0.999919419822725,8.058017727639034e-05
61103,49.08081801363356,1.0,560,681,1241,0.0,-0.0008333472224535399,1.0000000000000013,8.058017727639034e-05
61104,49.07998466641111,1.0,560,681,1241,0.0,-0.0008333472224535399,1.0000000000000013,0.0
61105,49.079151319188654,1.0,560,681,1241,0.0,-0.0008333472224535399,1.0000000000000013,0.0
61106,49.0783179719662,1.0,560,681,1241,0.0,-0.0008333472224535399,1.0000000000000013,0.0
61107,49.07748462474375,1.0,560,681,1241,0.0,-0.0008333472224535399,1.0000000000000013,0.0
61108,49.07665127752129,1.0,560,681,1241,0.0,-0.0008333472224535399,1.0000000000000013,0.0
61109,49.07581793029884,1.0,560,681,1241,0.0,-0.0008333472224535399,1.0000000000000013,0.0
61110,49.074984583076386,1.0,560,681,1241,0.0,-0.0008333472224535399,1.0000000000000013,0.0
61111,49.07415123585393,1.0,560,681,1241,0.0,-0.0008333472224535399,1.0000000000000013,0.0
61112,49.07331788863148,1.0,560,681,1241,0.0,-0.0008333472224535399,1.0000000000000013,0.0
61113,49.072484541409025,1.0,560,681,1241,0.0,-0.0008333472224535399,1.0000000000000013,0.0
61114,49.07165119418657,1.0,560,681,1241,0.0,-0.0008333472224535399,1.0000000000000013,0.0
61115,49.07081784696412,1.0,560,681,1241,0.0,-0.0008333472224535399,1.0000000000000013,0.0
61116,49.069984499741665,1.0,560,681,1241,0.0,-0.0008333472224535399,1.0000000000000013,0.0
61117,49.06915115251921,1.0,560,681,1241,0.0,-0.0008333472224535399,1.0000000000000013,0.0
61118,49.06831780529676,1.0,560,681,1241,0.0,-0.0008333472224535399,1.0000000000000013,0.0
61119,49.067484458074304,1.0,560,681,1241,0.0,-0.0008333472224535399,1.0000000000000013,0.0
61120,49.06665111085185,1.0,560,681,1241,0.0,-0.0008333472224535399,1.0000000000000013,0.0
61121,49.0658177636294,1.0,560,681,1241,0.0,-0.0008333472224535399,1.0000000000000013,0.0
61122,49.06498441640694,1.0,560,681,1241,0.0,-0.0008333472224535399,1.0000000000000013,0.0
61123,49.06415106918448,1.0,560,681,1241,0.0,-0.0008333472224606453,1.0000000000000013,0.0
61124,49.06331772196203,0.9991941982272361,560,681,1241,-0.0008058017727639033,-0.0008333472224535399,0.999919419822725,-8.058017727639034e-05
61125,49.062484374739576,0.9991941982272361,560,681,1241,0.0,-0.0008333472224535399,0.9998388396454487,-8.058017727639034e-05
61126,49.06165102751712,0.9983883964544722,560,681,1241,-0.0008058017727639033,-0.0008333472224535399,0.999677679290896,-0.00016116035455278067
61127,49.06081768029467,0.9983883964544722,560,681,1241,0.0,-0.0008333472224535399,0.9995165189363433,-0.00016116035455278067
61128,49.059984333072215,0.9983883964544722,560,681,1241,0.0,-0.0008333472224535399,0.9993553585817907,-0.00016116035455278067
61129,49.05915098584976,0.9983883964544722,560,681,1241,0.0,-0.0008333472224535399,0.999194198227238,-0.00016116035455278067
61130,49.05831763862731,0.9983883964544722,560,681,1241,0.0,-0.0008333472224535399,0.9990330378726853,-0.00016116035455278067
61131,49.057484291404855,0.9983883964544722,560,681,1241,0.0,-0.0008333472224535399,0.9988718775181326,-0.00016116035455278067
61132,49.0566509441824,0.9983883964544722,560,681,1241,0.0,-0.0008333472224535399,0.9987107171635798,-0.00016116035455278067
61133,49.05581759695995,0.9983883964544722,560,681,1241,0.0,-0.0008333472224535399,0.9985495568090272,-0.00016116035455278067
61134,49.054984249737494,0.9991941982272361,560,681,1241,0.0008058017727639033,-0.0008333472224535399,0.9985495568090272,0.0
61135,49.05415090251504,1.0,560,681,1241,0.0008058017727639033,-0.0008333472224535399,0.9986301369863035,8.058017727639034e-05
61136,49.05331755529259,1.0,560,681,1241,0.0,-0.0008333472224535399,0.9987912973408563,0.00016116035455278067
61137,49.05248420807013,1.0,560,681,1241,0.0,-0.0008333472224535399,0.998952457695409,0.00016116035455278067
61138,49.05165086084768,1.0,560,681,1241,0.0,-0.0008333472224535399,0.9991136180499616,0.00016116035455278067
61139,49.050817513625226,0.9991941982272361,560,681,1241,-0.0008058017727639033,-0.0008333472224535399,0.999194198227238,8.058017727639034e-05
61140,49.04998416640277,0.9991941982272361,560,681,1241,0.0,-0.0008333472224535399,0.9992747784045143,8.058017727639034e-05
61141,49.04915081918032,0.9991941982272361,560,681,1241,0.0,-0.0008333472224535399,0.9993553585817907,8.058017727639034e-05
61142,49.048317471957866,0.9991941982272361,560,681,1241,0.0,-0.0008333472224535399,0.999435938759067,8.058017727639034e-05
61143,49.04748412473541,0.9991941982272361,560,681,1241,0.0,-0.0008333472224535399,0.9995165189363433,8.058017727639034e-05
61144,49.04665077751296,1.0,560,681,1241,0.0008058017727639033,-0.0008333472224535399,0.9995970991136197,8.058017727639034e-05
61145,49.045817430290505,1.0,560,681,1241,0.0,-0.0008333472224535399,0.9995970991136197,0.0
61146,49.04498408306805,1.0,560,681,1241,0.0,-0.0008333472224535399,0.9995970991136197,0.0
61147,49.0441507358456,1.0,560,681,1241,0.0,-0.0008333472224535399,0.9995970991136197,0.0
61148,49.043317388623144,1.0,560,681,1241,0.0,-0.0008333472224535399,0.9995970991136197,0.0
61149,49.04248404140069,1.0,560,681,1241,0.0,-0.0008333472224535399,0.999677679290896,8.058017727639034e-05
61150,49.04165069417824,1.0,560,681,1241,0.0,-0.0008333472224535399,0.9997582594681724,8.058017727639034e-05
61151,49.040817346955784,0.9991941982272361,560,681,1241,-0.0008058017727639033,-0.0008333472224535399,0.9997582594681724,0.0
61152,49.03998399973333,0.9991941982272361,560,681,1241,0.0,-0.0008333472224535399,0.9997582594681724,0.0
61153,49.03915065251088,0.9991941982272361,560,681,1241,0.0,-0.0008333472224535399,0.9997582594681724,0.0
61154,49.03831730528842,0.9991941982272361,560,681,1241,0.0,-0.0008333472224535399,0.999677679290896,-8.058017727639034e-05
61155,49.03748395806597,0.9991941982272361,560,681,1241,0.0,-0.0008333472224535399,0.9995970991136197,-8.058017727639034e-05
61156,49.036650610843516,1.0,560,681,1241,0.0008058017727639033,-0.0008333472224535399,0.9995970991136197,0.0
61157,49.03581726362106,0.9991941982272361,560,681,1241,-0.0008058017727639033,-0.0008333472224535399,0.9995165189363433,-8.058017727639034e-05
61158,49.03498391639861,1.0,560,681,1241,0.0008058017727639033,-0.0008333472224535399,0.9995165189363433,0.0
61159,49.034150569176155,1.0,560,681,1241,0.0,-0.0008333472224535399,0.9995165189363433,0.0
61160,49.0333172219537,1.0,560,681,1241,0.0,-0.0008333472224535399,0.9995165189363433,0.0
61161,49.03248387473125,1.0,560,681,1241,0.0,-0.0008333472224535399,0.9995970991136197,8.058017727639034e-05
61162,49.031650527508795,1.0,560,681,1241,0.0,-0.0008333472224535399,0.999677679290896,8.058017727639034e-05
61163,49.03081718028634,1.0,560,681,1241,0.0,-0.0008333472224535399,0.9997582594681724,8.058017727639034e-05
61164,49.02998383306389,1.0,560,681,1241,0.0,-0.0008333472224535399,0.9998388396454487,8.058017727639034e-05
61165,49.02915048584143,1.0,560,681,1241,0.0,-0.0008333472224606453,0.999919419822725,8.058017727639034e-05
61166,49.028317138618974,1.0,560,681,1241,0.0,-0.0008333472224535399,0.999919419822725,0.0
61167,49.02748379139652,1.0,560,681,1241,0.0,-0.0008333472224535399,1.0000000000000013,8.058017727639034e-05
61168,49.02665044417407,1.0,560,681,1241,0.0,-0.0008333472224535399,1.0000000000000013,0.0
61169,49.02581709695161,1.0,560,681,1241,0.0,-0.0008333472224535399,1.0000000000000013,0.0
61170,49.02498374972916,1.0,560,681,1241,0.0,-0.0008333472224535399,1.0000000000000013,0.0
61171,49.024150402506706,1.0,560,681,1241,0.0,-0.0008333472224535399,1.0000000000000013,0.0
61172,49.02331705528425,1.0,560,681,1241,0.0,-0.0008333472224535399,1.0000000000000013,0.0
61173,49.0224837080618,1.0,560,681,1241,0.0,-0.0008333472224535399,1.0000000000000013,0.0
61174,49.021650360839345,1.0,560,681,1241,0.0,-0.0008333472224535399,1.0000000000000013,0.0
61175,49.02081701361689,1.0,560,681,1241,0.0,-0.0008333472224535399,1.0000000000000013,0.0
61176,49.01998366639444,1.0,560,681,1241,0.0,-0.0008333472224535399,1.0000000000000013,0.0
61177,49.019150319171985,1.0,560,681,1241,0.0,-0.0008333472224535399,1.0000000000000013,0.0
61178,49.01831697194953,1.0,560,681,1241,0.0,-0.0008333472224535399,1.0000000000000013,0.0
61179,49.01748362472708,1.0,560,681,1241,0.0,-0.0008333472224535399,1.0000000000000013,0.0
61180,49.016650277504624,1.0,560,681,1241,0.0,-0.0008333472224535399,1.0000000000000013,0.0
61181,49.01581693028217,1.0,560,681,1241,0.0,-0.0008333472224535399,1.0000000000000013,0.0
61182,49.01498358305972,1.0,560,681,1241,0.0,-0.0008333472224535399,1.0000000000000013,0.0
61183,49.01415023583726,1.0,560,681,1241,0.0,-0.0008333472224535399,1.0000000000000013,0.0
61184,49.01331688861481,1.0,560,681,1241,0.0,-0.0008333472224535399,1.0000000000000013,0.0
61185,49.012483541392356,1.0,560,681,1241,0.0,-0.0008333472224535399,1.0000000000000013,0.0
61186,49.0116501941699,1.0,560,681,1241,0.0,-0.0008333472224535399,1.0000000000000013,0.0
61187,49.01081684694745,1.0,560,681,1241,0.0,-0.0008333472224535399,1.0000000000000013,0.0
61188,49.009983499724996,1.0,560,681,1241,0.0,-0.0008333472224535399,1.0000000000000013,0.0
61189,49.00915015250254,1.0,560,681,1241,0.0,-0.0008333472224535399,1.0000000000000013,0.0
61190,49.00831680528009,1.0,560,681,1241,0.0,-0.0008333472224535399,1.0000000000000013,0.0
61191,49.007483458057635,1.0,560,681,1241,0.0,-0.0008333472224535399,1.0000000000000013,0.0
61192,49.00665011083518,1.0,560,681,1241,0.0,-0.0008333472224535399,1.0000000000000013,0.0
61193,49.00581676361273,1.0,560,681,1241,0.0,-0.0008333472224535399,1.0000000000000013,0.0
61194,49.004983416390274,1.0,560,681,1241,0.0,-0.0008333472224535399,1.0000000000000013,0.0
61195,49.00415006916782,1.0,560,681,1241,0.0,-0.0008333472224535399,1.0000000000000013,0.0
61196,49.00331672194537,1.0,560,681,1241,0.0,-0.0008333472224535399,1.0000000000000013,0.0
61197,49.002483374722914,1.0,560,681,1241,0.0,-0.0008333472224535399,1.0000000000000013,0.0
61198,49.00165002750046,1.0,560,681,1241,0.0,-0.0008333472224535399,1.0000000000000013,0.0
61199,49.00081668027801,1.0,560,681,1241,0.0,-0.0008333472224535399,1.0000000000000013,0.0
61200,48.99998333305555,1.0,560,681,1241,0.0,-0.0008333472224535399,1.0000000000000013,0.0
61201,48.9991499858331,1.0,560,681,1241,0.0,-0.0008333472224535399,1.0000000000000013,0.0
61202,48.998316638610646,1.0,560,681,1241,0.0,-0.0008333472224535399,1.0000000000000013,0.0
61203,48.99748329138819,1.0,560,681,1241,0.0,-0.0008333472224535399,1.0000000000000013,0.0
61204,48.99664994416574,1.0,560,681,1241,0.0,-0.0008333472224535399,1.0000000000000013,0.0
61205,48.995816596943286,1.0,560,681,1241,0.0,-0.0008333472224535399,1.0000000000000013,0.0
61206,48.99498324972083,1.0,560,681,1241,0.0,-0.0008333472224535399,1.0000000000000013,0.0
61207,48.99414990249838,1.0,560,681,1241,0.0,-0.0008333472224535399,1.0000000000000013,0.0
61208,48.993316555275925,1.0,560,681,1241,0.0,-0.0008333472224535399,1.0000000000000013,0.0
61209,48.992483208053464,1.0,560,681,1241,0.0,-0.0008333472224606453,1.0000000000000013,0.0
61210,48.99164986083101,1.0,560,681,1241,0.0,-0.0008333472224535399,1.0000000000000013,0.0
61211,48.99081651360856,1.0,560,681,1241,0.0,-0.0008333472224535399,1.0000000000000013,0.0
61212,48.989983166386104,1.0,560,681,1241,0.0,-0.0008333472224535399,1.0000000000000013,0.0
61213,48.98914981916365,1.0,560,681,1241,0.0,-0.0008333472224535399,1.0000000000000013,0.0
61214,48.9883164719412,1.0,560,681,1241,0.0,-0.0008333472224535399,1.0000000000000013,0.0
61215,48.98748312471874,1.0,560,681,1241,0.0,-0.0008333472224535399,1.0000000000000013,0.0
61216,48.98664977749629,1.0,560,681,1241,0.0,-0.0008333472224535399,1.0000000000000013,0.0
61217,48.985816430273836,1.0,560,681,1241,0.0,-0.0008333472224535399,1.0000000000000013,0.0
61218,48.98498308305138,1.0,560,681,1241,0.0,-0.0008333472224535399,1.0000000000000013,0.0
61219,48.98414973582893,1.0,560,681,1241,0.0,-0.0008333472224535399,1.0000000000000013,0.0
61220,48.983316388606475,1.0,560,681,1241,0.0,-0.0008333472224535399,1.0000000000000013,0.0
61221,48.98248304138402,0.9991941982272361,560,681,1241,-0.0008058017727639033,-0.0008333472224535399,0.999919419822725,-8.058017727639034e-05
61222,48.98164969416157,0.9991941982272361,560,681,1241,0.0,-0.0008333472224535399,0.9998388396454487,-8.058017727639034e-05
61223,48.980816346939115,1.0,560,681,1241,0.0008058017727639033,-0.0008333472224535399,0.9998388396454487,0.0
61224,48.97998299971666,1.0,560,681,1241,0.0,-0.0008333472224535399,0.9998388396454487,0.0
61225,48.97914965249421,1.0,560,681,1241,0.0,-0.0008333472224535399,0.9998388396454487,0.0
61226,48.978316305271754,1.0,560,681,1241,0.0,-0.0008333472224535399,0.9998388396454487,0.0
61227,48.9774829580493,1.0,560,681,1241,0.0,-0.0008333472224535399,0.9998388396454487,0.0
61228,48.97664961082685,1.0,560,681,1241,0.0,-0.0008333472224535399,0.9998388396454487,0.0
61229,48.97581626360439,1.0,560,681,1241,0.0,-0.0008333472224535399,0.9998388396454487,0.0
61230,48.97498291638194,1.0,560,681,1241,0.0,-0.0008333472224535399,0.9998388396454487,0.0
61231,48.974149569159486,1.0,560,681,1241,0.0,-0.0008333472224535399,0.999919419822725,8.058017727639034e-05
61232,48.97331622193703,1.0,560,681,1241,0.0,-0.0008333472224535399,1.0000000000000013,8.058017727639034e-05
61233,48.97248287471458,1.0,560,681,1241,0.0,-0.0008333472224535399,1.0000000000000013,0.0
61234,48.971649527492126,1.0,560,681,1241,0.0,-0.0008333472224535399,1.0000000000000013,0.0
61235,48.97081618026967,1.0,560,681,1241,0.0,-0.0008333472224535399,1.0000000000000013,0.0
61236,48.96998283304722,1.0,560,681,1241,0.0,-0.0008333472224535399,1.0000000000000013,0.0
61237,48.969149485824765,1.0,560,681,1241,0.0,-0.0008333472224535399,1.0000000000000013,0.0
61238,48.96831613860231,1.0,560,681,1241,0.0,-0.0008333472224535399,1.0000000000000013,0.0
61239,48.96748279137986,1.0,560,681,1241,0.0,-0.0008333472224535399,1.0000000000000013,0.0
61240,48.966649444157405,1.0,560,681,1241,0.0,-0.0008333472224535399,1.0000000000000013,0.0
61241,48.96581609693495,1.0,560,681,1241,0.0,-0.0008333472224535399,1.0000000000000013,0.0
61242,48.9649827497125,1.0,560,681,1241,0.0,-0.0008333472224535399,1.0000000000000013,0.0
61243,48.964149402490044,1.0,560,681,1241,0.0,-0.0008333472224535399,1.0000000000000013,0.0
61244,48.96331605526759,1.0,560,681,1241,0.0,-0.0008333472224535399,1.0000000000000013,0.0
61245,48.96248270804514,1.0,560,681,1241,0.0,-0.0008333472224535399,1.0000000000000013,0.0
61246,48.96164936082268,1.0,560,681,1241,0.0,-0.0008333472224535399,1.0000000000000013,0.0
61247,48.96081601360023,1.0,560,681,1241,0.0,-0.0008333472224535399,1.0000000000000013,0.0
61248,48.959982666377776,1.0,560,681,1241,0.0,-0.0008333472224535399,1.0000000000000013,0.0
61249,48.95914931915532,0.9991941982272361,560,681,1241,-0.0008058017727639033,-0.0008333472224535399,0.999919419822725,-8.058017727639034e-05
61250,48.95831597193286,0.9991941982272361,560,681,1241,0.0,-0.0008333472224606453,0.9998388396454487,-8.058017727639034e-05
61251,48.95748262471041,0.9991941982272361,560,681,1241,0.0,-0.0008333472224535399,0.9997582594681724,-8.058017727639034e-05
61252,48.956649277487955,0.9991941982272361,560,681,1241,0.0,-0.0008333472224535399,0.999677679290896,-8.058017727639034e-05
61253,48.9558159302655,0.9991941982272361,560,681,1241,0.0,-0.0008333472224535399,0.9995970991136197,-8.058017727639034e-05
61254,48.95498258304305,1.0,560,681,1241,0.0008058017727639033,-0.0008333472224535399,0.9995970991136197,0.0
61255,48.954149235820594,1.0,560,681,1241,0.0,-0.0008333472224535399,0.9995970991136197,0.0
61256,48.95331588859814,1.0,560,681,1241,0.0,-0.0008333472224535399,0.9995970991136197,0.0
61257,48.95248254137569,1.0,560,681,1241,0.0,-0.0008333472224535399,0.9995970991136197,0.0
61258,48.951649194153234,1.0,560,681,1241,0.0,-0.0008333472224535399,0.9995970991136197,0.0
61259,48.95081584693078,1.0,560,681,1241,0.0,-0.0008333472224535399,0.999677679290896,8.058017727639034e-05
61260,48.94998249970833,1.0,560,681,1241,0.0,-0.0008333472224535399,0.9997582594681724,8.058017727639034e-05
61261,48.94914915248587,1.0,560,681,1241,0.0,-0.0008333472224535399,0.9998388396454487,8.058017727639034e-05
61262,48.94831580526342,1.0,560,681,1241,0.0,-0.0008333472224535399,0.999919419822725,8.058017727639034e-05
61263,48.947482458040966,1.0,560,681,1241,0.0,-0.0008333472224535399,1.0000000000000013,8.058017727639034e-05
61264,48.94664911081851,1.0,560,681,1241,0.0,-0.0008333472224535399,1.0000000000000013,0.0
61265,48.94581576359606,1.0,560,681,1241,0.0,-0.0008333472224535399,1.0000000000000013,0.0
61266,48.944982416373605,1.0,560,681,1241,0.0,-0.0008333472224535399,1.0000000000000013,0.0
61267,48.94414906915115,1.0,560,681,1241,0.0,-0.0008333472224535399,1.0000000000000013,0.0
61268,48.9433157219287,1.0,560,681,1241,0.0,-0.0008333472224535399,1.0000000000000013,0.0
61269,48.942482374706245,1.0,560,681,1241,0.0,-0.0008333472224535399,1.0000000000000013,0.0
61270,48.94164902748379,1.0,560,681,1241,0.0,-0.0008333472224535399,1.0000000000000013,0.0
61271,48.94081568026134,1.0,560,681,1241,0.0,-0.0008333472224535399,1.0000000000000013,0.0
61272,48.939982333038884,1.0,560,681,1241,0.0,-0.0008333472224535399,1.0000000000000013,0.0
61273,48.93914898581643,1.0,560,681,1241,0.0,-0.0008333472224535399,1.0000000000000013,0.0
61274,48.93831563859398,1.0,560,681,1241,0.0,-0.0008333472224535399,1.0000000000000013,0.0
61275,48.93748229137152,1.0,560,681,1241,0.0,-0.0008333472224535399,1.0000000000000013,0.0
61276,48.93664894414907,1.0,560,681,1241,0.0,-0.0008333472224535399,1.0000000000000013,0.0
61277,48.935815596926616,0.9991941982272361,560,681,1241,-0.0008058017727639033,-0.0008333472224535399,0.999919419822725,-8.058017727639034e-05
61278,48.93498224970416,1.0,560,681,1241,0.0008058017727639033,-0.0008333472224535399,0.999919419822725,0.0
61279,48.93414890248171,1.0,560,681,1241,0.0,-0.0008333472224535399,0.999919419822725,0.0
61280,48.933315555259256,1.0,560,681,1241,0.0,-0.0008333472224535399,0.999919419822725,0.0
61281,48.9324822080368,0.9991941982272361,560,681,1241,-0.0008058017727639033,-0.0008333472224535399,0.9998388396454487,-8.058017727639034e-05
61282,48.93164886081435,1.0,560,681,1241,0.0008058017727639033,-0.0008333472224535399,0.9998388396454487,0.0
61283,48.930815513591895,1.0,560,681,1241,0.0,-0.0008333472224535399,0.9998388396454487,0.0
61284,48.92998216636944,1.0,560,681,1241,0.0,-0.0008333472224535399,0.9998388396454487,0.0
61285,48.92914881914699,1.0,560,681,1241,0.0,-0.0008333472224535399,0.9998388396454487,0.0
61286,48.928315471924535,1.0,560,681,1241,0.0,-0.0008333472224535399,0.9998388396454487,0.0
61287,48.92748212470208,1.0,560,681,1241,0.0,-0.0008333472224535399,0.999919419822725,8.058017727639034e-05
61288,48.92664877747963,1.0,560,681,1241,0.0,-0.0008333472224535399,0.999919419822725,0.0
61289,48.925815430257174,1.0,560,681,1241,0.0,-0.0008333472224535399,0.999919419822725,0.0
61290,48.92498208303472,1.0,560,681,1241,0.0,-0.0008333472224535399,0.999919419822725,0.0
61291,48.92414873581227,1.0,560,681,1241,0.0,-0.0008333472224535399,1.0000000000000013,8.058017727639034e-05
61292,48.92331538858981,1.0,560,681,1241,0.0,-0.0008333472224535399,1.0000000000000013,0.0
61293,48.92248204136735,1.0,560,681,1241,0.0,-0.0008333472224606453,1.0000000000000013,0.0
61294,48.9216486941449,1.0,560,681,1241,0.0,-0.0008333472224535399,1.0000000000000013,0.0
61295,48.920815346922446,1.0,560,681,1241,0.0,-0.0008333472224535399,1.0000000000000013,0.0
61296,48.91998199969999,1.0,560,681,1241,0.0,-0.0008333472224535399,1.0000000000000013,0.0
61297,48.91914865247754,1.0,560,681,1241,0.0,-0.0008333472224535399,1.0000000000000013,0.0
61298,48.918315305255085,1.0,560,681,1241,0.0,-0.0008333472224535399,1.0000000000000013,0.0
61299,48.91748195803263,1.0,560,681,1241,0.0,-0.0008333472224535399,1.0000000000000013,0.0
61300,48.91664861081018,1.0,560,681,1241,0.0,-0.0008333472224535399,1.0000000000000013,0.0
61301,48.915815263587724,1.0,560,681,1241,0.0,-0.0008333472224535399,1.0000000000000013,0.0
61302,48.91498191636527,1.0,560,681,1241,0.0,-0.0008333472224535399,1.0000000000000013,0.0
61303,48.91414856914282,1.0,560,681,1241,0.0,-0.0008333472224535399,1.0000000000000013,0.0
61304,48.913315221920364,1.0,560,681,1241,0.0,-0.0008333472224535399,1.0000000000000013,0.0
61305,48.91248187469791,1.0,560,681,1241,0.0,-0.0008333472224535399,1.0000000000000013,0.0
61306,48.91164852747546,0.9991941982272361,560,681,1241,-0.0008058017727639033,-0.0008333472224535399,0.999919419822725,-8.058017727639034e-05
61307,48.910815180253,0.9991941982272361,560,681,1241,0.0,-0.0008333472224535399,0.9998388396454487,-8.058017727639034e-05
61308,48.90998183303055,1.0,560,681,1241,0.0008058017727639033,-0.0008333472224535399,0.9998388396454487,0.0
61309,48.909148485808096,1.0,560,681,1241,0.0,-0.0008333472224535399,0.9998388396454487,0.0
61310,48.90831513858564,1.0,560,681,1241,0.0,-0.0008333472224535399,0.9998388396454487,0.0
61311,48.90748179136319,1.0,560,681,1241,0.0,-0.0008333472224535399,0.9998388396454487,0.0
61312,48.906648444140735,1.0,560,681,1241,0.0,-0.0008333472224535399,0.9998388396454487,0.0
61313,48.90581509691828,1.0,560,681,1241,0.0,-0.0008333472224535399,0.9998388396454487,0.0
61314,48.90498174969583,1.0,560,681,1241,0.0,-0.0008333472224535399,0.9998388396454487,0.0
61315,48.904148402473375,1.0,560,681,1241,0.0,-0.0008333472224535399,0.9998388396454487,0.0
61316,48.90331505525092,1.0,560,681,1241,0.0,-0.0008333472224535399,0.999919419822725,8.058017727639034e-05
61317,48.90248170802847,1.0,560,681,1241,0.0,-0.0008333472224535399,1.0000000000000013,8.058017727639034e-05
61318,48.901648360806014,1.0,560,681,1241,0.0,-0.0008333472224535399,1.0000000000000013,0.0
61319,48.90081501358356,1.0,560,681,1241,0.0,-0.0008333472224535399,1.0000000000000013,0.0
61320,48.89998166636111,1.0,560,681,1241,0.0,-0.0008333472224535399,1.0000000000000013,0.0
61321,48.899148319138654,1.0,560,681,1241,0.0,-0.0008333472224535399,1.0000000000000013,0.0
61322,48.8983149719162,1.0,560,681,1241,0.0,-0.0008333472224535399,1.0000000000000013,0.0
61323,48.89748162469375,1.0,560,681,1241,0.0,-0.0008333472224535399,1.0000000000000013,0.0
61324,48.89664827747129,1.0,560,681,1241,0.0,-0.0008333472224535399,1.0000000000000013,0.0
61325,48.89581493024884,1.0,560,681,1241,0.0,-0.0008333472224535399,1.0000000000000013,0.0
61326,48.894981583026386,1.0,560,681,1241,0.0,-0.0008333472224535399,1.0000000000000013,0.0
61327,48.89414823580393,1.0,560,681,1241,0.0,-0.0008333472224535399,1.0000000000000013,0.0
61328,48.89331488858148,1.0,560,681,1241,0.0,-0.0008333472224535399,1.0000000000000013,0.0
61329,48.892481541359025,1.0,560,681,1241,0.0,-0.0008333472224535399,1.0000000000000013,0.0
61330,48.89164819413657,1.0,560,681,1241,0.0,-0.0008333472224535399,1.0000000000000013,0.0
61331,48.89081484691412,1.0,560,681,1241,0.0,-0.0008333472224535399,1.0000000000000013,0.0
61332,48.889981499691665,1.0,560,681,1241,0.0,-0.0008333472224535399,1.0000000000000013,0.0
61333,48.88914815246921,1.0,560,681,1241,0.0,-0.0008333472224535399,1.0000000000000013,0.0
61334,48.88831480524675,1.0,560,681,1241,0.0,-0.0008333472224606453,1.0000000000000013,0.0
61335,48.8874814580243,1.0,560,681,1241,0.0,-0.0008333472224535399,1.0000000000000013,0.0
61336,48.88664811080184,1.0,560,681,1241,0.0,-0.0008333472224535399,1.0000000000000013,0.0
61337,48.88581476357939,1.0,560,681,1241,0.0,-0.0008333472224535399,1.0000000000000013,0.0
61338,48.884981416356936,1.0,560,681,1241,0.0,-0.0008333472224535399,1.0000000000000013,0.0
61339,48.88414806913448,1.0,560,681,1241,0.0,-0.0008333472224535399,1.0000000000000013,0.0
61340,48.88331472191203,0.9991941982272361,560,681,1241,-0.0008058017727639033,-0.0008333472224535399,0.999919419822725,-8.058017727639034e-05
61341,48.882481374689576,0.9991941982272361,560,681,1241,0.0,-0.0008333472224535399,0.9998388396454487,-8.058017727639034e-05
61342,48.88164802746712,0.9991941982272361,560,681,1241,0.0,-0.0008333472224535399,0.9997582594681724,-8.058017727639034e-05
61343,48.88081468024467,0.9991941982272361,560,681,1241,0.0,-0.0008333472224535399,0.999677679290896,-8.058017727639034e-05
61344,48.879981333022215,0.9983883964544722,560,681,1241,-0.0008058017727639033,-0.0008333472224535399,0.9995165189363433,-0.00016116035455278067
61345,48.87914798579976,0.9991941982272361,560,681,1241,0.0008058017727639033,-0.0008333472224535399,0.999435938759067,-8.058017727639034e-05
61346,48.87831463857731,1.0,560,681,1241,0.0008058017727639033,-0.0008333472224535399,0.999435938759067,0.0
61347,48.877481291354854,1.0,560,681,1241,0.0,-0.0008333472224535399,0.999435938759067,0.0
61348,48.8766479441324,1.0,560,681,1241,0.0,-0.0008333472224535399,0.999435938759067,0.0
61349,48.87581459690995,1.0,560,681,1241,0.0,-0.0008333472224535399,0.999435938759067,0.0
61350,48.874981249687494,1.0,560,681,1241,0.0,-0.0008333472224535399,0.9995165189363433,8.058017727639034e-05
61351,48.87414790246504,1.0,560,681,1241,0.0,-0.0008333472224535399,0.9995970991136197,8.058017727639034e-05
61352,48.87331455524259,0.9991941982272361,560,681,1241,-0.0008058017727639033,-0.0008333472224535399,0.9995970991136197,0.0
61353,48.87248120802013,0.9991941982272361,560,681,1241,0.0,-0.0008333472224535399,0.9995970991136197,0.0
61354,48.87164786079768,0.9991941982272361,560,681,1241,0.0,-0.0008333472224535399,0.999677679290896,8.058017727639034e-05
61355,48.870814513575226,0.9991941982272361,560,681,1241,0.0,-0.0008333472224535399,0.999677679290896,0.0
61356,48.86998116635277,0.9991941982272361,560,681,1241,0.0,-0.0008333472224535399,0.9995970991136197,-8.058017727639034e-05
61357,48.86914781913032,0.9991941982272361,560,681,1241,0.0,-0.0008333472224535399,0.9995165189363433,-8.058017727639034e-05
61358,48.868314471907865,1.0,560,681,1241,0.0008058017727639033,-0.0008333472224535399,0.9995165189363433,0.0
61359,48.86748112468541,1.0,560,681,1241,0.0,-0.0008333472224535399,0.9995165189363433,0.0
61360,48.86664777746296,1.0,560,681,1241,0.0,-0.0008333472224535399,0.9995165189363433,0.0
61361,48.865814430240505,1.0,560,681,1241,0.0,-0.0008333472224535399,0.9995165189363433,0.0
61362,48.86498108301805,1.0,560,681,1241,0.0,-0.0008333472224535399,0.9995970991136197,8.058017727639034e-05
61363,48.8641477357956,1.0,560,681,1241,0.0,-0.0008333472224535399,0.999677679290896,8.058017727639034e-05
61364,48.863314388573144,1.0,560,681,1241,0.0,-0.0008333472224535399,0.9997582594681724,8.058017727639034e-05
61365,48.86248104135069,1.0,560,681,1241,0.0,-0.0008333472224535399,0.9998388396454487,8.058017727639034e-05
61366,48.86164769412824,1.0,560,681,1241,0.0,-0.0008333472224535399,0.999919419822725,8.058017727639034e-05
61367,48.860814346905784,1.0,560,681,1241,0.0,-0.0008333472224535399,1.0000000000000013,8.058017727639034e-05
61368,48.85998099968333,1.0,560,681,1241,0.0,-0.0008333472224535399,1.0000000000000013,0.0
61369,48.85914765246088,1.0,560,681,1241,0.0,-0.0008333472224535399,1.0000000000000013,0.0
61370,48.85831430523842,1.0,560,681,1241,0.0,-0.0008333472224535399,1.0000000000000013,0.0
61371,48.85748095801597,0.9991941982272361,560,681,1241,-0.0008058017727639033,-0.0008333472224535399,0.999919419822725,-8.058017727639034e-05
61372,48.856647610793516,0.9991941982272361,560,681,1241,0.0,-0.0008333472224535399,0.9998388396454487,-8.058017727639034e-05
61373,48.85581426357106,0.9991941982272361,560,681,1241,0.0,-0.0008333472224535399,0.9997582594681724,-8.058017727639034e-05
61374,48.85498091634861,1.0,560,681,1241,0.0008058017727639033,-0.0008333472224535399,0.9997582594681724,0.0
61375,48.854147569126155,1.0,560,681,1241,0.0,-0.0008333472224535399,0.9997582594681724,0.0
61376,48.8533142219037,1.0,560,681,1241,0.0,-0.0008333472224535399,0.9997582594681724,0.0
61377,48.85248087468125,1.0,560,681,1241,0.0,-0.0008333472224535399,0.9997582594681724,0.0
61378,48.85164752745879,1.0,560,681,1241,0.0,-0.0008333472224606453,0.9997582594681724,0.0
61379,48.850814180236334,1.0,560,681,1241,0.0,-0.0008333472224535399,0.9997582594681724,0.0
61380,48.84998083301388,1.0,560,681,1241,0.0,-0.0008333472224535399,0.9997582594681724,0.0
61381,48.84914748579143,0.9991941982272361,560,681,1241,-0.0008058017727639033,-0.0008333472224535399,0.9997582594681724,0.0
61382,48.84831413856897,0.9991941982272361,560,681,1241,0.0,-0.0008333472224535399,0.9997582594681724,0.0
61383,48.84748079134652,0.9983883964544722,560,681,1241,-0.0008058017727639033,-0.0008333472224535399,0.999677679290896,-8.058017727639034e-05
61384,48.846647444124066,0.9983883964544722,560,681,1241,0.0,-0.0008333472224535399,0.9995165189363433,-0.00016116035455278067
61385,48.84581409690161,0.9983883964544722,560,681,1241,0.0,-0.0008333472224535399,0.9993553585817907,-0.00016116035455278067
61386,48.84498074967916,0.9983883964544722,560,681,1241,0.0,-0.0008333472224535399,0.999194198227238,-0.00016116035455278067
61387,48.844147402456706,0.9983883964544722,560,681,1241,0.0,-0.0008333472224535399,0.9990330378726853,-0.00016116035455278067
61388,48.84331405523425,0.9991941982272361,560,681,1241,0.0008058017727639033,-0.0008333472224535399,0.998952457695409,-8.058017727639034e-05
61389,48.8424807080118,0.9991941982272361,560,681,1241,0.0,-0.0008333472224535399,0.9988718775181326,-8.058017727639034e-05
61390,48.841647360789345,1.0,560,681,1241,0.0008058017727639033,-0.0008333472224535399,0.9988718775181326,0.0
61391,48.84081401356689,0.9991941982272361,560,681,1241,-0.0008058017727639033,-0.0008333472224535399,0.9988718775181326,0.0
61392,48.83998066634444,1.0,560,681,1241,0.0008058017727639033,-0.0008333472224535399,0.998952457695409,8.058017727639034e-05
61393,48.839147319121984,1.0,560,681,1241,0.0,-0.0008333472224535399,0.9991136180499616,0.00016116035455278067
61394,48.83831397189953,1.0,560,681,1241,0.0,-0.0008333472224535399,0.9992747784045143,0.00016116035455278067
61395,48.83748062467708,1.0,560,681,1241,0.0,-0.0008333472224535399,0.999435938759067,0.00016116035455278067
61396,48.836647277454624,1.0,560,681,1241,0.0,-0.0008333472224535399,0.9995970991136197,0.00016116035455278067
61397,48.83581393023217,1.0,560,681,1241,0.0,-0.0008333472224535399,0.9997582594681724,0.00016116035455278067
61398,48.83498058300972,1.0,560,681,1241,0.0,-0.0008333472224535399,0.9998388396454487,8.058017727639034e-05
61399,48.83414723578726,1.0,560,681,1241,0.0,-0.0008333472224535399,0.999919419822725,8.058017727639034e-05
61400,48.83331388856481,1.0,560,681,1241,0.0,-0.0008333472224535399,0.999919419822725,0.0
61401,48.832480541342356,1.0,560,681,1241,0.0,-0.0008333472224535399,1.0000000000000013,8.058017727639034e-05
61402,48.8316471941199,1.0,560,681,1241,0.0,-0.0008333472224535399,1.0000000000000013,0.0
61403,48.83081384689745,1.0,560,681,1241,0.0,-0.0008333472224535399,1.0000000000000013,0.0
61404,48.829980499674996,1.0,560,681,1241,0.0,-0.0008333472224535399,1.0000000000000013,0.0
61405,48.82914715245254,1.0,560,681,1241,0.0,-0.0008333472224535399,1.0000000000000013,0.0
61406,48.82831380523009,1.0,560,681,1241,0.0,-0.0008333472224535399,1.0000000000000013,0.0
61407,48.827480458007635,1.0,560,681,1241,0.0,-0.0008333472224535399,1.0000000000000013,0.0
61408,48.82664711078518,1.0,560,681,1241,0.0,-0.0008333472224535399,1.0000000000000013,0.0
61409,48.82581376356273,1.0,560,681,1241,0.0,-0.0008333472224535399,1.0000000000000013,0.0
61410,48.824980416340274,1.0,560,681,1241,0.0,-0.0008333472224535399,1.0000000000000013,0.0
61411,48.82414706911782,1.0,560,681,1241,0.0,-0.0008333472224535399,1.0000000000000013,0.0
61412,48.82331372189537,1.0,560,681,1241,0.0,-0.0008333472224535399,1.0000000000000013,0.0
61413,48.822480374672914,1.0,560,681,1241,0.0,-0.0008333472224535399,1.0000000000000013,0.0
61414,48.82164702745046,1.0,560,681,1241,0.0,-0.0008333472224535399,1.0000000000000013,0.0
61415,48.82081368022801,1.0,560,681,1241,0.0,-0.0008333472224535399,1.0000000000000013,0.0
61416,48.81998033300555,1.0,560,681,1241,0.0,-0.0008333472224535399,1.0000000000000013,0.0
61417,48.8191469857831,1.0,560,681,1241,0.0,-0.0008333472224535399,1.0000000000000013,0.0
61418,48.818313638560646,1.0,560,681,1241,0.0,-0.0008333472224535399,1.0000000000000013,0.0
61419,48.817480291338185,1.0,560,681,1241,0.0,-0.0008333472224606453,1.0000000000000013,0.0
61420,48.81664694411573,1.0,560,681,1241,0.0,-0.0008333472224535399,1.0000000000000013,0.0
61421,48.81581359689328,1.0,560,681,1241,0.0,-0.0008333472224535399,1.0000000000000013,0.0
61422,48.814980249670825,1.0,560,681,1241,0.0,-0.0008333472224535399,1.0000000000000013,0.0
61423,48.81414690244837,1.0,560,681,1241,0.0,-0.0008333472224535399,1.0000000000000013,0.0
61424,48.81331355522592,1.0,560,681,1241,0.0,-0.0008333472224535399,1.0000000000000013,0.0
61425,48.812480208003464,1.0,560,681,1241,0.0,-0.0008333472224535399,1.0000000000000013,0.0
61426,48.81164686078101,1.0,560,681,1241,0.0,-0.0008333472224535399,1.0000000000000013,0.0
61427,48.81081351355856,1.0,560,681,1241,0.0,-0.0008333472224535399,1.0000000000000013,0.0
61428,48.8099801663361,1.0,560,681,1241,0.0,-0.0008333472224535399,1.0000000000000013,0.0
61429,48.80914681911365,1.0,560,681,1241,0.0,-0.0008333472224535399,1.0000000000000013,0.0
61430,48.808313471891196,1.0,560,681,1241,0.0,-0.0008333472224535399,1.0000000000000013,0.0
61431,48.80748012466874,1.0,560,681,1241,0.0,-0.0008333472224535399,1.0000000000000013,0.0
61432,48.80664677744629,1.0,560,681,1241,0.0,-0.0008333472224535399,1.0000000000000013,0.0
61433,48.805813430223836,1.0,560,681,1241,0.0,-0.0008333472224535399,1.0000000000000013,0.0
61434,48.80498008300138,1.0,560,681,1241,0.0,-0.0008333472224535399,1.0000000000000013,0.0
61435,48.80414673577893,1.0,560,681,1241,0.0,-0.0008333472224535399,1.0000000000000013,0.0
61436,48.803313388556475,1.0,560,681,1241,0.0,-0.0008333472224535399,1.0000000000000013,0.0
61437,48.80248004133402,1.0,560,681,1241,0.0,-0.0008333472224535399,1.0000000000000013,0.0
61438,48.80164669411157,1.0,560,681,1241,0.0,-0.0008333472224535399,1.0000000000000013,0.0
61439,48.800813346889115,1.0,560,681,1241,0.0,-0.0008333472224535399,1.0000000000000013,0.0
61440,48.79997999966666,1.0,560,681,1241,0.0,-0.0008333472224535399,1.0000000000000013,0.0
61441,48.79914665244421,1.0,560,681,1241,0.0,-0.0008333472224535399,1.0000000000000013,0.0
61442,48.798313305221754,1.0,560,681,1241,0.0,-0.0008333472224535399,1.0000000000000013,0.0
61443,48.7974799579993,1.0,560,681,1241,0.0,-0.0008333472224535399,1.0000000000000013,0.0
61444,48.79664661077685,1.0,560,681,1241,0.0,-0.0008333472224535399,1.0000000000000013,0.0
61445,48.79581326355439,1.0,560,681,1241,0.0,-0.0008333472224535399,1.0000000000000013,0.0
61446,48.79497991633194,1.0,560,681,1241,0.0,-0.0008333472224535399,1.0000000000000013,0.0
61447,48.794146569109486,1.0,560,681,1241,0.0,-0.0008333472224535399,1.0000000000000013,0.0
61448,48.79331322188703,1.0,560,681,1241,0.0,-0.0008333472224535399,1.0000000000000013,0.0
61449,48.79247987466458,1.0,560,681,1241,0.0,-0.0008333472224535399,1.0000000000000013,0.0
61450,48.791646527442126,1.0,560,681,1241,0.0,-0.0008333472224535399,1.0000000000000013,0.0
61451,48.79081318021967,1.0,560,681,1241,0.0,-0.0008333472224535399,1.0000000000000013,0.0
61452,48.78997983299722,1.0,560,681,1241,0.0,-0.0008333472224535399,1.0000000000000013,0.0
61453,48.789146485774765,1.0,560,681,1241,0.0,-0.0008333472224535399,1.0000000000000013,0.0
61454,48.78831313855231,1.0,560,681,1241,0.0,-0.0008333472224535399,1.0000000000000013,0.0
61455,48.78747979132986,1.0,560,681,1241,0.0,-0.0008333472224535399,1.0000000000000013,0.0
61456,48.786646444107404,1.0,560,681,1241,0.0,-0.0008333472224535399,1.0000000000000013,0.0
61457,48.78581309688495,1.0,560,681,1241,0.0,-0.0008333472224535399,1.0000000000000013,0.0
61458,48.7849797496625,1.0,560,681,1241,0.0,-0.0008333472224535399,1.0000000000000013,0.0
61459,48.784146402440044,1.0,560,681,1241,0.0,-0.0008333472224535399,1.0000000000000013,0.0
61460,48.78331305521759,1.0,560,681,1241,0.0,-0.0008333472224535399,1.0000000000000013,0.0
61461,48.78247970799514,0.9991941982272361,560,681,1241,-0.0008058017727639033,-0.0008333472224535399,0.999919419822725,-8.058017727639034e-05
61462,48.78164636077268,0.9991941982272361,560,681,1241,0.0,-0.0008333472224535399,0.9998388396454487,-8.058017727639034e-05
61463,48.78081301355022,0.9991941982272361,560,681,1241,0.0,-0.0008333472224606453,0.9997582594681724,-8.058017727639034e-05
61464,48.77997966632777,0.9991941982272361,560,681,1241,0.0,-0.0008333472224535399,0.999677679290896,-8.058017727639034e-05
61465,48.779146319105315,0.9991941982272361,560,681,1241,0.0,-0.0008333472224535399,0.9995970991136197,-8.058017727639034e-05
61466,48.77831297188286,1.0,560,681,1241,0.0008058017727639033,-0.0008333472224535399,0.9995970991136197,0.0
61467,48.77747962466041,1.0,560,681,1241,0.0,-0.0008333472224535399,0.9995970991136197,0.0
61468,48.776646277437955,1.0,560,681,1241,0.0,-0.0008333472224535399,0.9995970991136197,0.0
61469,48.7758129302155,1.0,560,681,1241,0.0,-0.0008333472224535399,0.9995970991136197,0.0
61470,48.77497958299305,1.0,560,681,1241,0.0,-0.0008333472224535399,0.9995970991136197,0.0
61471,48.774146235770594,1.0,560,681,1241,0.0,-0.0008333472224535399,0.999677679290896,8.058017727639034e-05
61472,48.77331288854814,1.0,560,681,1241,0.0,-0.0008333472224535399,0.9997582594681724,8.058017727639034e-05
61473,48.77247954132569,1.0,560,681,1241,0.0,-0.0008333472224535399,0.9998388396454487,8.058017727639034e-05
61474,48.77164619410323,1.0,560,681,1241,0.0,-0.0008333472224535399,0.999919419822725,8.058017727639034e-05
61475,48.77081284688078,1.0,560,681,1241,0.0,-0.0008333472224535399,1.0000000000000013,8.058017727639034e-05
61476,48.76997949965833,1.0,560,681,1241,0.0,-0.0008333472224535399,1.0000000000000013,0.0
61477,48.76914615243587,1.0,560,681,1241,0.0,-0.0008333472224535399,1.0000000000000013,0.0
61478,48.76831280521342,1.0,560,681,1241,0.0,-0.0008333472224535399,1.0000000000000013,0.0
61479,48.767479457990966,1.0,560,681,1241,0.0,-0.0008333472224535399,1.0000000000000013,0.0
61480,48.76664611076851,1.0,560,681,1241,0.0,-0.0008333472224535399,1.0000000000000013,0.0
61481,48.76581276354606,1.0,560,681,1241,0.0,-0.0008333472224535399,1.0000000000000013,0.0
61482,48.764979416323605,1.0,560,681,1241,0.0,-0.0008333472224535399,1.0000000000000013,0.0
61483,48.76414606910115,1.0,560,681,1241,0.0,-0.0008333472224535399,1.0000000000000013,0.0
61484,48.7633127218787,1.0,560,681,1241,0.0,-0.0008333472224535399,1.0000000000000013,0.0
61485,48.762479374656245,1.0,560,681,1241,0.0,-0.0008333472224535399,1.0000000000000013,0.0
61486,48.76164602743379,1.0,560,681,1241,0.0,-0.0008333472224535399,1.0000000000000013,0.0
61487,48.76081268021134,1.0,560,681,1241,0.0,-0.0008333472224535399,1.0000000000000013,0.0
61488,48.759979332988884,1.0,560,681,1241,0.0,-0.0008333472224535399,1.0000000000000013,0.0
61489,48.75914598576643,1.0,560,681,1241,0.0,-0.0008333472224535399,1.0000000000000013,0.0
61490,48.75831263854398,0.9991941982272361,560,681,1241,-0.0008058017727639033,-0.0008333472224535399,0.999919419822725,-8.058017727639034e-05
61491,48.75747929132152,1.0,560,681,1241,0.0008058017727639033,-0.0008333472224535399,0.999919419822725,0.0
61492,48.75664594409907,1.0,560,681,1241,0.0,-0.0008333472224535399,0.999919419822725,0.0
61493,48.755812596876616,1.0,560,681,1241,0.0,-0.0008333472224535399,0.999919419822725,0.0
61494,48.75497924965416,1.0,560,681,1241,0.0,-0.0008333472224535399,0.999919419822725,0.0
61495,48.75414590243171,1.0,560,681,1241,0.0,-0.0008333472224535399,0.999919419822725,0.0
61496,48.753312555209256,1.0,560,681,1241,0.0,-0.0008333472224535399,0.999919419822725,0.0
61497,48.7524792079868,1.0,560,681,1241,0.0,-0.0008333472224535399,0.999919419822725,0.0
61498,48.75164586076435,1.0,560,681,1241,0.0,-0.0008333472224535399,0.999919419822725,0.0
61499,48.750812513541895,1.0,560,681,1241,0.0,-0.0008333472224535399,0.999919419822725,0.0
61500,48.74997916631944,1.0,560,681,1241,0.0,-0.0008333472224535399,1.0000000000000013,8.058017727639034e-05
61501,48.74914581909699,1.0,560,681,1241,0.0,-0.0008333472224535399,1.0000000000000013,0.0
61502,48.748312471874534,1.0,560,681,1241,0.0,-0.0008333472224535399,1.0000000000000013,0.0
61503,48.74747912465208,1.0,560,681,1241,0.0,-0.0008333472224535399,1.0000000000000013,0.0
61504,48.74664577742962,1.0,560,681,1241,0.0,-0.0008333472224606453,1.0000000000000013,0.0
61505,48.74581243020717,1.0,560,681,1241,0.0,-0.0008333472224535399,1.0000000000000013,0.0
61506,48.74497908298471,1.0,560,681,1241,0.0,-0.0008333472224535399,1.0000000000000013,0.0
61507,48.74414573576226,1.0,560,681,1241,0.0,-0.0008333472224535399,1.0000000000000013,0.0
61508,48.743312388539806,1.0,560,681,1241,0.0,-0.0008333472224535399,1.0000000000000013,0.0
61509,48.74247904131735,1.0,560,681,1241,0.0,-0.0008333472224535399,1.0000000000000013,0.0
61510,48.7416456940949,1.0,560,681,1241,0.0,-0.0008333472224535399,1.0000000000000013,0.0
61511,48.740812346872445,1.0,560,681,1241,0.0,-0.0008333472224535399,1.0000000000000013,0.0
61512,48.73997899964999,1.0,560,681,1241,0.0,-0.0008333472224535399,1.0000000000000013,0.0
61513,48.73914565242754,1.0,560,681,1241,0.0,-0.0008333472224535399,1.0000000000000013,0.0
61514,48.738312305205085,1.0,560,681,1241,0.0,-0.0008333472224535399,1.0000000000000013,0.0
61515,48.73747895798263,1.0,560,681,1241,0.0,-0.0008333472224535399,1.0000000000000013,0.0
61516,48.73664561076018,1.0,560,681,1241,0.0,-0.0008333472224535399,1.0000000000000013,0.0
61517,48.735812263537724,1.0,560,681,1241,0.0,-0.0008333472224535399,1.0000000000000013,0.0
61518,48.73497891631527,1.0,560,681,1241,0.0,-0.0008333472224535399,1.0000000000000013,0.0
61519,48.73414556909282,1.0,560,681,1241,0.0,-0.0008333472224535399,1.0000000000000013,0.0
61520,48.733312221870364,1.0,560,681,1241,0.0,-0.0008333472224535399,1.0000000000000013,0.0
61521,48.73247887464791,1.0,560,681,1241,0.0,-0.0008333472224535399,1.0000000000000013,0.0
61522,48.73164552742546,1.0,560,681,1241,0.0,-0.0008333472224535399,1.0000000000000013,0.0
61523,48.730812180203,1.0,560,681,1241,0.0,-0.0008333472224535399,1.0000000000000013,0.0
61524,48.72997883298055,1.0,560,681,1241,0.0,-0.0008333472224535399,1.0000000000000013,0.0
61525,48.729145485758096,1.0,560,681,1241,0.0,-0.0008333472224535399,1.0000000000000013,0.0
61526,48.72831213853564,1.0,560,681,1241,0.0,-0.0008333472224535399,1.0000000000000013,0.0
61527,48.72747879131319,0.9991941982272361,560,681,1241,-0.0008058017727639033,-0.0008333472224535399,0.999919419822725,-8.058017727639034e-05
61528,48.726645444090735,1.0,560,681,1241,0.0008058017727639033,-0.0008333472224535399,0.999919419822725,0.0
61529,48.72581209686828,1.0,560,681,1241,0.0,-0.0008333472224535399,0.999919419822725,0.0
61530,48.72497874964583,1.0,560,681,1241,0.0,-0.0008333472224535399,0.999919419822725,0.0
61531,48.724145402423375,1.0,560,681,1241,0.0,-0.0008333472224535399,0.999919419822725,0.0
61532,48.72331205520092,1.0,560,681,1241,0.0,-0.0008333472224535399,0.999919419822725,0.0
61533,48.72247870797847,1.0,560,681,1241,0.0,-0.0008333472224535399,0.999919419822725,0.0
61534,48.721645360756014,1.0,560,681,1241,0.0,-0.0008333472224535399,0.999919419822725,0.0
61535,48.72081201353356,1.0,560,681,1241,0.0,-0.0008333472224535399,0.999919419822725,0.0
61536,48.71997866631111,1.0,560,681,1241,0.0,-0.0008333472224535399,0.999919419822725,0.0
61537,48.71914531908865,1.0,560,681,1241,0.0,-0.0008333472224535399,1.0000000000000013,8.058017727639034e-05
61538,48.7183119718662,1.0,560,681,1241,0.0,-0.0008333472224535399,1.0000000000000013,0.0
61539,48.717478624643746,1.0,560,681,1241,0.0,-0.0008333472224535399,1.0000000000000013,0.0
61540,48.71664527742129,1.0,560,681,1241,0.0,-0.0008333472224535399,1.0000000000000013,0.0
61541,48.71581193019884,1.0,560,681,1241,0.0,-0.0008333472224535399,1.0000000000000013,0.0
61542,48.714978582976386,1.0,560,681,1241,0.0,-0.0008333472224535399,1.0000000000000013,0.0
61543,48.71414523575393,1.0,560,681,1241,0.0,-0.0008333472224535399,1.0000000000000013,0.0
61544,48.71331188853148,1.0,560,681,1241,0.0,-0.0008333472224535399,1.0000000000000013,0.0
61545,48.712478541309025,1.0,560,681,1241,0.0,-0.0008333472224535399,1.0000000000000013,0.0
61546,48.71164519408657,1.0,560,681,1241,0.0,-0.0008333472224535399,1.0000000000000013,0.0
61547,48.71081184686411,1.0,560,681,1241,0.0,-0.0008333472224606453,1.0000000000000013,0.0
61548,48.70997849964166,1.0,560,681,1241,0.0,-0.0008333472224535399,1.0000000000000013,0.0
61549,48.709145152419204,1.0,560,681,1241,0.0,-0.0008333472224535399,1.0000000000000013,0.0
61550,48.70831180519675,1.0,560,681,1241,0.0,-0.0008333472224535399,1.0000000000000013,0.0
61551,48.7074784579743,1.0,560,681,1241,0.0,-0.0008333472224535399,1.0000000000000013,0.0
61552,48.70664511075184,1.0,560,681,1241,0.0,-0.0008333472224535399,1.0000000000000013,0.0
61553,48.70581176352939,1.0,560,681,1241,0.0,-0.0008333472224535399,1.0000000000000013,0.0
61554,48.704978416306936,1.0,560,681,1241,0.0,-0.0008333472224535399,1.0000000000000013,0.0
61555,48.70414506908448,1.0,560,681,1241,0.0,-0.0008333472224535399,1.0000000000000013,0.0
61556,48.70331172186203,1.0,560,681,1241,0.0,-0.0008333472224535399,1.0000000000000013,0.0
61557,48.702478374639576,1.0,560,681,1241,0.0,-0.0008333472224535399,1.0000000000000013,0.0
61558,48.70164502741712,1.0,560,681,1241,0.0,-0.0008333472224535399,1.0000000000000013,0.0
61559,48.70081168019467,1.0,560,681,1241,0.0,-0.0008333472224535399,1.0000000000000013,0.0
61560,48.699978332972215,1.0,560,681,1241,0.0,-0.0008333472224535399,1.0000000000000013,0.0
61561,48.69914498574976,1.0,560,681,1241,0.0,-0.0008333472224535399,1.0000000000000013,0.0
61562,48.69831163852731,1.0,560,681,1241,0.0,-0.0008333472224535399,1.0000000000000013,0.0
61563,48.697478291304854,1.0,560,681,1241,0.0,-0.0008333472224535399,1.0000000000000013,0.0
61564,48.6966449440824,1.0,560,681,1241,0.0,-0.0008333472224535399,1.0000000000000013,0.0
61565,48.69581159685995,1.0,560,681,1241,0.0,-0.0008333472224535399,1.0000000000000013,0.0
61566,48.694978249637494,1.0,560,681,1241,0.0,-0.0008333472224535399,1.0000000000000013,0.0
61567,48.69414490241504,1.0,560,681,1241,0.0,-0.0008333472224535399,1.0000000000000013,0.0
61568,48.69331155519259,1.0,560,681,1241,0.0,-0.0008333472224535399,1.0000000000000013,0.0
61569,48.69247820797013,1.0,560,681,1241,0.0,-0.0008333472224535399,1.0000000000000013,0.0
61570,48.69164486074768,1.0,560,681,1241,0.0,-0.0008333472224535399,1.0000000000000013,0.0
61571,48.690811513525226,1.0,560,681,1241,0.0,-0.0008333472224535399,1.0000000000000013,0.0
61572,48.68997816630277,1.0,560,681,1241,0.0,-0.0008333472224535399,1.0000000000000013,0.0
61573,48.68914481908032,1.0,560,681,1241,0.0,-0.0008333472224535399,1.0000000000000013,0.0
61574,48.688311471857865,1.0,560,681,1241,0.0,-0.0008333472224535399,1.0000000000000013,0.0
61575,48.68747812463541,1.0,560,681,1241,0.0,-0.0008333472224535399,1.0000000000000013,0.0
61576,48.68664477741296,1.0,560,681,1241,0.0,-0.0008333472224535399,1.0000000000000013,0.0
61577,48.685811430190505,1.0,560,681,1241,0.0,-0.0008333472224535399,1.0000000000000013,0.0
61578,48.68497808296805,1.0,560,681,1241,0.0,-0.0008333472224535399,1.0000000000000013,0.0
61579,48.6841447357456,1.0,560,681,1241,0.0,-0.0008333472224535399,1.0000000000000013,0.0
61580,48.683311388523144,1.0,560,681,1241,0.0,-0.0008333472224535399,1.0000000000000013,0.0
61581,48.68247804130069,1.0,560,681,1241,0.0,-0.0008333472224535399,1.0000000000000013,0.0
61582,48.68164469407824,1.0,560,681,1241,0.0,-0.0008333472224535399,1.0000000000000013,0.0
61583,48.68081134685578,1.0,560,681,1241,0.0,-0.0008333472224535399,1.0000000000000013,0.0
61584,48.67997799963333,1.0,560,681,1241,0.0,-0.0008333472224535399,1.0000000000000013,0.0
61585,48.679144652410876,1.0,560,681,1241,0.0,-0.0008333472224535399,1.0000000000000013,0.0
61586,48.67831130518842,1.0,560,681,1241,0.0,-0.0008333472224535399,1.0000000000000013,0.0
61587,48.67747795796597,1.0,560,681,1241,0.0,-0.0008333472224535399,1.0000000000000013,0.0
61588,48.67664461074351,1.0,560,681,1241,0.0,-0.0008333472224606453,1.0000000000000013,0.0
61589,48.675811263521055,1.0,560,681,1241,0.0,-0.0008333472224535399,1.0000000000000013,0.0
61590,48.6749779162986,1.0,560,681,1241,0.0,-0.0008333472224535399,1.0000000000000013,0.0
61591,48.67414456907615,1.0,560,681,1241,0.0,-0.0008333472224535399,1.0000000000000013,0.0
61592,48.673311221853695,1.0,560,681,1241,0.0,-0.0008333472224535399,1.0000000000000013,0.0
61593,48.67247787463124,1.0,560,681,1241,0.0,-0.0008333472224535399,1.0000000000000013,0.0
61594,48.67164452740879,1.0,560,681,1241,0.0,-0.0008333472224535399,1.0000000000000013,0.0
61595,48.670811180186334,1.0,560,681,1241,0.0,-0.0008333472224535399,1.0000000000000013,0.0
61596,48.66997783296388,1.0,560,681,1241,0.0,-0.0008333472224535399,1.0000000000000013,0.0
61597,48.66914448574143,1.0,560,681,1241,0.0,-0.0008333472224535399,1.0000000000000013,0.0
61598,48.66831113851897,1.0,560,681,1241,0.0,-0.0008333472224535399,1.0000000000000013,0.0
61599,48.66747779129652,1.0,560,681,1241,0.0,-0.0008333472224535399,1.0000000000000013,0.0
61600,48.666644444074066,1.0,560,681,1241,0.0,-0.0008333472224535399,1.0000000000000013,0.0
61601,48.66581109685161,1.0,560,681,1241,0.0,-0.0008333472224535399,1.0000000000000013,0.0
61602,48.66497774962916,1.0,560,681,1241,0.0,-0.0008333472224535399,1.0000000000000013,0.0
61603,48.664144402406706,1.0,560,681,1241,0.0,-0.0008333472224535399,1.0000000000000013,0.0
61604,48.66331105518425,1.0,560,681,1241,0.0,-0.0008333472224535399,1.0000000000000013,0.0
61605,48.6624777079618,1.0,560,681,1241,0.0,-0.0008333472224535399,1.0000000000000013,0.0
61606,48.661644360739345,1.0,560,681,1241,0.0,-0.0008333472224535399,1.0000000000000013,0.0
61607,48.66081101351689,1.0,560,681,1241,0.0,-0.0008333472224535399,1.0000000000000013,0.0
61608,48.65997766629444,1.0,560,681,1241,0.0,-0.0008333472224535399,1.0000000000000013,0.0
61609,48.659144319071984,1.0,560,681,1241,0.0,-0.0008333472224535399,1.0000000000000013,0.0
61610,48.65831097184953,1.0,560,681,1241,0.0,-0.0008333472224535399,1.0000000000000013,0.0
61611,48.65747762462708,1.0,560,681,1241,0.0,-0.0008333472224535399,1.0000000000000013,0.0
61612,48.656644277404624,1.0,560,681,1241,0.0,-0.0008333472224535399,1.0000000000000013,0.0
61613,48.65581093018217,1.0,560,681,1241,0.0,-0.0008333472224535399,1.0000000000000013,0.0
61614,48.65497758295972,1.0,560,681,1241,0.0,-0.0008333472224535399,1.0000000000000013,0.0
61615,48.65414423573726,1.0,560,681,1241,0.0,-0.0008333472224535399,1.0000000000000013,0.0
61616,48.65331088851481,1.0,560,681,1241,0.0,-0.0008333472224535399,1.0000000000000013,0.0
61617,48.652477541292356,1.0,560,681,1241,0.0,-0.0008333472224535399,1.0000000000000013,0.0
61618,48.6516441940699,1.0,560,681,1241,0.0,-0.0008333472224535399,1.0000000000000013,0.0
61619,48.65081084684745,1.0,560,681,1241,0.0,-0.0008333472224535399,1.0000000000000013,0.0
61620,48.649977499624995,1.0,560,681,1241,0.0,-0.0008333472224535399,1.0000000000000013,0.0
61621,48.64914415240254,1.0,560,681,1241,0.0,-0.0008333472224535399,1.0000000000000013,0.0
61622,48.64831080518009,1.0,560,681,1241,0.0,-0.0008333472224535399,1.0000000000000013,0.0
61623,48.647477457957635,1.0,560,681,1241,0.0,-0.0008333472224535399,1.0000000000000013,0.0
61624,48.64664411073518,1.0,560,681,1241,0.0,-0.0008333472224535399,1.0000000000000013,0.0
61625,48.64581076351273,1.0,560,681,1241,0.0,-0.0008333472224535399,1.0000000000000013,0.0
61626,48.644977416290274,1.0,560,681,1241,0.0,-0.0008333472224535399,1.0000000000000013,0.0
61627,48.64414406906782,1.0,560,681,1241,0.0,-0.0008333472224535399,1.0000000000000013,0.0
61628,48.64331072184537,1.0,560,681,1241,0.0,-0.0008333472224535399,1.0000000000000013,0.0
61629,48.64247737462291,0.9991941982272361,560,681,1241,-0.0008058017727639033,-0.0008333472224535399,0.999919419822725,-8.058017727639034e-05
61630,48.64164402740046,0.9991941982272361,560,681,1241,0.0,-0.0008333472224535399,0.9998388396454487,-8.058017727639034e-05
61631,48.64081068017801,1.0,560,681,1241,0.0008058017727639033,-0.0008333472224535399,0.9998388396454487,0.0
61632,48.639977332955546,1.0,560,681,1241,0.0,-0.0008333472224606453,0.9998388396454487,0.0
61633,48.63914398573309,1.0,560,681,1241,0.0,-0.0008333472224535399,0.9998388396454487,0.0
61634,48.63831063851064,1.0,560,681,1241,0.0,-0.0008333472224535399,0.9998388396454487,0.0
61635,48.637477291288185,1.0,560,681,1241,0.0,-0.0008333472224535399,0.9998388396454487,0.0
61636,48.63664394406573,1.0,560,681,1241,0.0,-0.0008333472224535399,0.9998388396454487,0.0
61637,48.63581059684328,1.0,560,681,1241,0.0,-0.0008333472224535399,0.9998388396454487,0.0
61638,48.634977249620825,1.0,560,681,1241,0.0,-0.0008333472224535399,0.9998388396454487,0.0
61639,48.63414390239837,1.0,560,681,1241,0.0,-0.0008333472224535399,0.999919419822725,8.058017727639034e-05
61640,48.63331055517592,1.0,560,681,1241,0.0,-0.0008333472224535399,1.0000000000000013,8.058017727639034e-05
61641,48.632477207953464,0.9991941982272361,560,681,1241,-0.0008058017727639033,-0.0008333472224535399,0.999919419822725,-8.058017727639034e-05
61642,48.63164386073101,0.9991941982272361,560,681,1241,0.0,-0.0008333472224535399,0.9998388396454487,-8.058017727639034e-05
61643,48.63081051350856,0.9991941982272361,560,681,1241,0.0,-0.0008333472224535399,0.9997582594681724,-8.058017727639034e-05
61644,48.6299771662861,0.9991941982272361,560,681,1241,0.0,-0.0008333472224535399,0.999677679290896,-8.058017727639034e-05
61645,48.62914381906365,0.9991941982272361,560,681,1241,0.0,-0.0008333472224535399,0.9995970991136197,-8.058017727639034e-05
61646,48.628310471841196,1.0,560,681,1241,0.0008058017727639033,-0.0008333472224535399,0.9995970991136197,0.0
61647,48.62747712461874,1.0,560,681,1241,0.0,-0.0008333472224535399,0.9995970991136197,0.0
61648,48.62664377739629,1.0,560,681,1241,0.0,-0.0008333472224535399,0.9995970991136197,0.0
61649,48.625810430173836,1.0,560,681,1241,0.0,-0.0008333472224535399,0.9995970991136197,0.0
61650,48.62497708295138,1.0,560,681,1241,0.0,-0.0008333472224535399,0.9995970991136197,0.0
61651,48.62414373572893,1.0,560,681,1241,0.0,-0.0008333472224535399,0.999677679290896,8.058017727639034e-05
61652,48.623310388506475,1.0,560,681,1241,0.0,-0.0008333472224535399,0.9997582594681724,8.058017727639034e-05
61653,48.62247704128402,1.0,560,681,1241,0.0,-0.0008333472224535399,0.9998388396454487,8.058017727639034e-05
61654,48.62164369406157,1.0,560,681,1241,0.0,-0.0008333472224535399,0.999919419822725,8.058017727639034e-05
61655,48.620810346839114,1.0,560,681,1241,0.0,-0.0008333472224535399,1.0000000000000013,8.058017727639034e-05
61656,48.61997699961666,1.0,560,681,1241,0.0,-0.0008333472224535399,1.0000000000000013,0.0
61657,48.61914365239421,1.0,560,681,1241,0.0,-0.0008333472224535399,1.0000000000000013,0.0
61658,48.618310305171754,1.0,560,681,1241,0.0,-0.0008333472224535399,1.0000000000000013,0.0
61659,48.6174769579493,1.0,560,681,1241,0.0,-0.0008333472224535399,1.0000000000000013,0.0
61660,48.61664361072685,1.0,560,681,1241,0.0,-0.0008333472224535399,1.0000000000000013,0.0
61661,48.61581026350439,1.0,560,681,1241,0.0,-0.0008333472224535399,1.0000000000000013,0.0
61662,48.61497691628194,1.0,560,681,1241,0.0,-0.0008333472224535399,1.0000000000000013,0.0
61663,48.614143569059486,1.0,560,681,1241,0.0,-0.0008333472224535399,1.0000000000000013,0.0
61664,48.61331022183703,1.0,560,681,1241,0.0,-0.0008333472224535399,1.0000000000000013,0.0
61665,48.61247687461458,1.0,560,681,1241,0.0,-0.0008333472224535399,1.0000000000000013,0.0
61666,48.611643527392125,1.0,560,681,1241,0.0,-0.0008333472224535399,1.0000000000000013,0.0
61667,48.61081018016967,1.0,560,681,1241,0.0,-0.0008333472224535399,1.0000000000000013,0.0
61668,48.60997683294722,1.0,560,681,1241,0.0,-0.0008333472224535399,1.0000000000000013,0.0
61669,48.609143485724765,1.0,560,681,1241,0.0,-0.0008333472224535399,1.0000000000000013,0.0
61670,48.60831013850231,1.0,560,681,1241,0.0,-0.0008333472224535399,1.0000000000000013,0.0
61671,48.60747679127986,1.0,560,681,1241,0.0,-0.0008333472224535399,1.0000000000000013,0.0
61672,48.606643444057404,1.0,560,681,1241,0.0,-0.0008333472224535399,1.0000000000000013,0.0
61673,48.605810096834944,1.0,560,681,1241,0.0,-0.0008333472224606453,1.0000000000000013,0.0
61674,48.60497674961249,1.0,560,681,1241,0.0,-0.0008333472224535399,1.0000000000000013,0.0
61675,48.60414340239004,1.0,560,681,1241,0.0,-0.0008333472224535399,1.0000000000000013,0.0
61676,48.60331005516758,1.0,560,681,1241,0.0,-0.0008333472224535399,1.0000000000000013,0.0
61677,48.60247670794513,1.0,560,681,1241,0.0,-0.0008333472224535399,1.0000000000000013,0.0
61678,48.601643360722676,1.0,560,681,1241,0.0,-0.0008333472224535399,1.0000000000000013,0.0
61679,48.60081001350022,1.0,560,681,1241,0.0,-0.0008333472224535399,1.0000000000000013,0.0
61680,48.59997666627777,1.0,560,681,1241,0.0,-0.0008333472224535399,1.0000000000000013,0.0
61681,48.599143319055315,1.0,560,681,1241,0.0,-0.0008333472224535399,1.0000000000000013,0.0
61682,48.59830997183286,1.0,560,681,1241,0.0,-0.0008333472224535399,1.0000000000000013,0.0
61683,48.59747662461041,1.0,560,681,1241,0.0,-0.0008333472224535399,1.0000000000000013,0.0
61684,48.596643277387955,1.0,560,681,1241,0.0,-0.0008333472224535399,1.0000000000000013,0.0
61685,48.5958099301655,1.0,560,681,1241,0.0,-0.0008333472224535399,1.0000000000000013,0.0
61686,48.59497658294305,1.0,560,681,1241,0.0,-0.0008333472224535399,1.0000000000000013,0.0
61687,48.594143235720594,1.0,560,681,1241,0.0,-0.0008333472224535399,1.0000000000000013,0.0
61688,48.59330988849814,1.0,560,681,1241,0.0,-0.0008333472224535399,1.0000000000000013,0.0
61689,48.59247654127569,1.0,560,681,1241,0.0,-0.0008333472224535399,1.0000000000000013,0.0
61690,48.59164319405323,1.0,560,681,1241,0.0,-0.0008333472224535399,1.0000000000000013,0.0
61691,48.59080984683078,1.0,560,681,1241,0.0,-0.0008333472224535399,1.0000000000000013,0.0
61692,48.589976499608326,1.0,560,681,1241,0.0,-0.0008333472224535399,1.0000000000000013,0.0
61693,48.58914315238587,1.0,560,681,1241,0.0,-0.0008333472224535399,1.0000000000000013,0.0
61694,48.58830980516342,1.0,560,681,1241,0.0,-0.0008333472224535399,1.0000000000000013,0.0
61695,48.587476457940966,1.0,560,681,1241,0.0,-0.0008333472224535399,1.0000000000000013,0.0
61696,48.58664311071851,1.0,560,681,1241,0.0,-0.0008333472224535399,1.0000000000000013,0.0
61697,48.58580976349606,1.0,560,681,1241,0.0,-0.0008333472224535399,1.0000000000000013,0.0
61698,48.584976416273605,1.0,560,681,1241,0.0,-0.0008333472224535399,1.0000000000000013,0.0
61699,48.58414306905115,1.0,560,681,1241,0.0,-0.0008333472224535399,1.0000000000000013,0.0
61700,48.5833097218287,1.0,560,681,1241,0.0,-0.0008333472224535399,1.0000000000000013,0.0
61701,48.582476374606244,1.0,560,681,1241,0.0,-0.0008333472224535399,1.0000000000000013,0.0
61702,48.58164302738379,1.0,560,681,1241,0.0,-0.0008333472224535399,1.0000000000000013,0.0
61703,48.58080968016134,1.0,560,681,1241,0.0,-0.0008333472224535399,1.0000000000000013,0.0
61704,48.579976332938884,1.0,560,681,1241,0.0,-0.0008333472224535399,1.0000000000000013,0.0
61705,48.57914298571643,1.0,560,681,1241,0.0,-0.0008333472224535399,1.0000000000000013,0.0
61706,48.57830963849398,1.0,560,681,1241,0.0,-0.0008333472224535399,1.0000000000000013,0.0
61707,48.57747629127152,1.0,560,681,1241,0.0,-0.0008333472224535399,1.0000000000000013,0.0
61708,48.57664294404907,0.9991941982272361,560,681,1241,-0.0008058017727639033,-0.0008333472224535399,0.999919419822725,-8.058017727639034e-05
61709,48.575809596826616,0.9991941982272361,560,681,1241,0.0,-0.0008333472224535399,0.9998388396454487,-8.058017727639034e-05
61710,48.57497624960416,1.0,560,681,1241,0.0008058017727639033,-0.0008333472224535399,0.9998388396454487,0.0
61711,48.57414290238171,1.0,560,681,1241,0.0,-0.0008333472224535399,0.9998388396454487,0.0
61712,48.573309555159256,1.0,560,681,1241,0.0,-0.0008333472224535399,0.9998388396454487,0.0
61713,48.5724762079368,1.0,560,681,1241,0.0,-0.0008333472224535399,0.9998388396454487,0.0
61714,48.57164286071435,1.0,560,681,1241,0.0,-0.0008333472224535399,0.9998388396454487,0.0
61715,48.570809513491895,1.0,560,681,1241,0.0,-0.0008333472224535399,0.9998388396454487,0.0
61716,48.56997616626944,1.0,560,681,1241,0.0,-0.0008333472224535399,0.9998388396454487,0.0
61717,48.56914281904698,1.0,560,681,1241,0.0,-0.0008333472224606453,0.9998388396454487,0.0
61718,48.56830947182453,1.0,560,681,1241,0.0,-0.0008333472224535399,0.999919419822725,8.058017727639034e-05
61719,48.567476124602074,1.0,560,681,1241,0.0,-0.0008333472224535399,1.0000000000000013,8.058017727639034e-05
61720,48.56664277737962,1.0,560,681,1241,0.0,-0.0008333472224535399,1.0000000000000013,0.0
61721,48.56580943015717,1.0,560,681,1241,0.0,-0.0008333472224535399,1.0000000000000013,0.0
61722,48.56497608293471,1.0,560,681,1241,0.0,-0.0008333472224535399,1.0000000000000013,0.0
61723,48.56414273571226,1.0,560,681,1241,0.0,-0.0008333472224535399,1.0000000000000013,0.0
61724,48.563309388489806,1.0,560,681,1241,0.0,-0.0008333472224535399,1.0000000000000013,0.0
61725,48.56247604126735,1.0,560,681,1241,0.0,-0.0008333472224535399,1.0000000000000013,0.0
61726,48.5616426940449,1.0,560,681,1241,0.0,-0.0008333472224535399,1.0000000000000013,0.0
61727,48.560809346822445,1.0,560,681,1241,0.0,-0.0008333472224535399,1.0000000000000013,0.0
61728,48.55997599959999,1.0,560,681,1241,0.0,-0.0008333472224535399,1.0000000000000013,0.0
61729,48.55914265237754,1.0,560,681,1241,0.0,-0.0008333472224535399,1.0000000000000013,0.0
61730,48.558309305155085,1.0,560,681,1241,0.0,-0.0008333472224535399,1.0000000000000013,0.0
61731,48.55747595793263,0.9991941982272361,560,681,1241,-0.0008058017727639033,-0.0008333472224535399,0.999919419822725,-8.058017727639034e-05
61732,48.55664261071018,1.0,560,681,1241,0.0008058017727639033,-0.0008333472224535399,0.999919419822725,0.0
61733,48.555809263487724,1.0,560,681,1241,0.0,-0.0008333472224535399,0.999919419822725,0.0
61734,48.55497591626527,1.0,560,681,1241,0.0,-0.0008333472224535399,0.999919419822725,0.0
61735,48.55414256904282,1.0,560,681,1241,0.0,-0.0008333472224535399,0.999919419822725,0.0
61736,48.55330922182036,1.0,560,681,1241,0.0,-0.0008333472224535399,0.999919419822725,0.0
61737,48.55247587459791,1.0,560,681,1241,0.0,-0.0008333472224535399,0.999919419822725,0.0
61738,48.551642527375456,1.0,560,681,1241,0.0,-0.0008333472224535399,0.999919419822725,0.0
61739,48.550809180153,1.0,560,681,1241,0.0,-0.0008333472224535399,0.999919419822725,0.0
61740,48.54997583293055,1.0,560,681,1241,0.0,-0.0008333472224535399,0.999919419822725,0.0
61741,48.549142485708096,1.0,560,681,1241,0.0,-0.0008333472224535399,1.0000000000000013,8.058017727639034e-05
61742,48.54830913848564,1.0,560,681,1241,0.0,-0.0008333472224535399,1.0000000000000013,0.0
61743,48.54747579126319,1.0,560,681,1241,0.0,-0.0008333472224535399,1.0000000000000013,0.0
61744,48.546642444040735,1.0,560,681,1241,0.0,-0.0008333472224535399,1.0000000000000013,0.0
61745,48.54580909681828,1.0,560,681,1241,0.0,-0.0008333472224535399,1.0000000000000013,0.0
61746,48.54497574959583,1.0,560,681,1241,0.0,-0.0008333472224535399,1.0000000000000013,0.0
61747,48.544142402373375,1.0,560,681,1241,0.0,-0.0008333472224535399,1.0000000000000013,0.0
61748,48.54330905515092,1.0,560,681,1241,0.0,-0.0008333472224535399,1.0000000000000013,0.0
61749,48.54247570792847,1.0,560,681,1241,0.0,-0.0008333472224535399,1.0000000000000013,0.0
61750,48.541642360706014,1.0,560,681,1241,0.0,-0.0008333472224535399,1.0000000000000013,0.0
61751,48.54080901348356,1.0,560,681,1241,0.0,-0.0008333472224535399,1.0000000000000013,0.0
61752,48.53997566626111,1.0,560,681,1241,0.0,-0.0008333472224535399,1.0000000000000013,0.0
61753,48.53914231903865,1.0,560,681,1241,0.0,-0.0008333472224535399,1.0000000000000013,0.0
61754,48.5383089718162,1.0,560,681,1241,0.0,-0.0008333472224535399,1.0000000000000013,0.0
61755,48.537475624593746,1.0,560,681,1241,0.0,-0.0008333472224535399,1.0000000000000013,0.0
61756,48.53664227737129,1.0,560,681,1241,0.0,-0.0008333472224535399,1.0000000000000013,0.0
61757,48.53580893014884,1.0,560,681,1241,0.0,-0.0008333472224535399,1.0000000000000013,0.0
61758,48.53497558292638,1.0,560,681,1241,0.0,-0.0008333472224606453,1.0000000000000013,0.0
61759,48.534142235703925,1.0,560,681,1241,0.0,-0.0008333472224535399,1.0000000000000013,0.0
61760,48.53330888848147,1.0,560,681,1241,0.0,-0.0008333472224535399,1.0000000000000013,0.0
61761,48.53247554125902,1.0,560,681,1241,0.0,-0.0008333472224535399,1.0000000000000013,0.0
61762,48.531642194036564,1.0,560,681,1241,0.0,-0.0008333472224535399,1.0000000000000013,0.0
61763,48.53080884681411,1.0,560,681,1241,0.0,-0.0008333472224535399,1.0000000000000013,0.0
61764,48.52997549959166,1.0,560,681,1241,0.0,-0.0008333472224535399,1.0000000000000013,0.0
61765,48.529142152369204,1.0,560,681,1241,0.0,-0.0008333472224535399,1.0000000000000013,0.0
61766,48.52830880514675,1.0,560,681,1241,0.0,-0.0008333472224535399,1.0000000000000013,0.0
61767,48.5274754579243,1.0,560,681,1241,0.0,-0.0008333472224535399,1.0000000000000013,0.0
61768,48.52664211070184,1.0,560,681,1241,0.0,-0.0008333472224535399,1.0000000000000013,0.0
61769,48.52580876347939,1.0,560,681,1241,0.0,-0.0008333472224535399,1.0000000000000013,0.0
61770,48.524975416256936,1.0,560,681,1241,0.0,-0.0008333472224535399,1.0000000000000013,0.0
61771,48.52414206903448,1.0,560,681,1241,0.0,-0.0008333472224535399,1.0000000000000013,0.0
61772,48.52330872181203,0.9991941982272361,560,681,1241,-0.0008058017727639033,-0.0008333472224535399,0.999919419822725,-8.058017727639034e-05
61773,48.522475374589575,0.9991941982272361,560,681,1241,0.0,-0.0008333472224535399,0.9998388396454487,-8.058017727639034e-05
61774,48.52164202736712,0.9991941982272361,560,681,1241,0.0,-0.0008333472224535399,0.9997582594681724,-8.058017727639034e-05
61775,48.52080868014467,0.9991941982272361,560,681,1241,0.0,-0.0008333472224535399,0.999677679290896,-8.058017727639034e-05
61776,48.519975332922215,1.0,560,681,1241,0.0008058017727639033,-0.0008333472224535399,0.999677679290896,0.0
61777,48.51914198569976,1.0,560,681,1241,0.0,-0.0008333472224535399,0.999677679290896,0.0
61778,48.51830863847731,1.0,560,681,1241,0.0,-0.0008333472224535399,0.999677679290896,0.0
61779,48.517475291254854,1.0,560,681,1241,0.0,-0.0008333472224535399,0.999677679290896,0.0
61780,48.5166419440324,1.0,560,681,1241,0.0,-0.0008333472224535399,0.999677679290896,0.0
61781,48.51580859680995,1.0,560,681,1241,0.0,-0.0008333472224535399,0.999677679290896,0.0
61782,48.51497524958749,1.0,560,681,1241,0.0,-0.0008333472224535399,0.9997582594681724,8.058017727639034e-05
61783,48.51414190236504,1.0,560,681,1241,0.0,-0.0008333472224535399,0.9998388396454487,8.058017727639034e-05
61784,48.513308555142586,1.0,560,681,1241,0.0,-0.0008333472224535399,0.999919419822725,8.058017727639034e-05
61785,48.51247520792013,1.0,560,681,1241,0.0,-0.0008333472224535399,1.0000000000000013,8.058017727639034e-05
61786,48.51164186069768,1.0,560,681,1241,0.0,-0.0008333472224535399,1.0000000000000013,0.0
61787,48.510808513475226,1.0,560,681,1241,0.0,-0.0008333472224535399,1.0000000000000013,0.0
61788,48.50997516625277,1.0,560,681,1241,0.0,-0.0008333472224535399,1.0000000000000013,0.0
61789,48.50914181903032,1.0,560,681,1241,0.0,-0.0008333472224535399,1.0000000000000013,0.0
61790,48.508308471807865,1.0,560,681,1241,0.0,-0.0008333472224535399,1.0000000000000013,0.0
61791,48.50747512458541,0.9983883964544722,560,681,1241,-0.0016116035455278066,-0.0008333472224535399,0.9998388396454487,-0.00016116035455278067
61792,48.50664177736296,1.0,560,681,1241,0.0016116035455278066,-0.0008333472224535399,0.9998388396454487,0.0
61793,48.505808430140505,1.0,560,681,1241,0.0,-0.0008333472224535399,0.9998388396454487,0.0
61794,48.50497508291805,1.0,560,681,1241,0.0,-0.0008333472224535399,0.9998388396454487,0.0
61795,48.5041417356956,1.0,560,681,1241,0.0,-0.0008333472224535399,0.9998388396454487,0.0
61796,48.503308388473144,1.0,560,681,1241,0.0,-0.0008333472224535399,0.9998388396454487,0.0
61797,48.50247504125069,1.0,560,681,1241,0.0,-0.0008333472224535399,0.9998388396454487,0.0
61798,48.50164169402824,1.0,560,681,1241,0.0,-0.0008333472224535399,0.9998388396454487,0.0
61799,48.50080834680578,1.0,560,681,1241,0.0,-0.0008333472224535399,0.9998388396454487,0.0
61800,48.49997499958333,1.0,560,681,1241,0.0,-0.0008333472224535399,0.9998388396454487,0.0
61801,48.499141652360876,1.0,560,681,1241,0.0,-0.0008333472224535399,1.0000000000000013,0.00016116035455278067
61802,48.498308305138416,1.0,560,681,1241,0.0,-0.0008333472224606453,1.0000000000000013,0.0
61803,48.49747495791596,1.0,560,681,1241,0.0,-0.0008333472224535399,1.0000000000000013,0.0
61804,48.49664161069351,1.0,560,681,1241,0.0,-0.0008333472224535399,1.0000000000000013,0.0
61805,48.495808263471055,1.0,560,681,1241,0.0,-0.0008333472224535399,1.0000000000000013,0.0
61806,48.4949749162486,1.0,560,681,1241,0.0,-0.0008333472224535399,1.0000000000000013,0.0
61807,48.49414156902615,1.0,560,681,1241,0.0,-0.0008333472224535399,1.0000000000000013,0.0
61808,48.493308221803694,1.0,560,681,1241,0.0,-0.0008333472224535399,1.0000000000000013,0.0
61809,48.49247487458124,1.0,560,681,1241,0.0,-0.0008333472224535399,1.0000000000000013,0.0
61810,48.49164152735879,1.0,560,681,1241,0.0,-0.0008333472224535399,1.0000000000000013,0.0
61811,48.490808180136334,1.0,560,681,1241,0.0,-0.0008333472224535399,1.0000000000000013,0.0
61812,48.48997483291388,1.0,560,681,1241,0.0,-0.0008333472224535399,1.0000000000000013,0.0
61813,48.48914148569143,1.0,560,681,1241,0.0,-0.0008333472224535399,1.0000000000000013,0.0
61814,48.48830813846897,1.0,560,681,1241,0.0,-0.0008333472224535399,1.0000000000000013,0.0
61815,48.48747479124652,1.0,560,681,1241,0.0,-0.0008333472224535399,1.0000000000000013,0.0
61816,48.486641444024066,1.0,560,681,1241,0.0,-0.0008333472224535399,1.0000000000000013,0.0
61817,48.48580809680161,1.0,560,681,1241,0.0,-0.0008333472224535399,1.0000000000000013,0.0
61818,48.48497474957916,1.0,560,681,1241,0.0,-0.0008333472224535399,1.0000000000000013,0.0
61819,48.484141402356705,1.0,560,681,1241,0.0,-0.0008333472224535399,1.0000000000000013,0.0
61820,48.48330805513425,1.0,560,681,1241,0.0,-0.0008333472224535399,1.0000000000000013,0.0
61821,48.4824747079118,1.0,560,681,1241,0.0,-0.0008333472224535399,1.0000000000000013,0.0
61822,48.481641360689345,1.0,560,681,1241,0.0,-0.0008333472224535399,1.0000000000000013,0.0
61823,48.48080801346689,1.0,560,681,1241,0.0,-0.0008333472224535399,1.0000000000000013,0.0
61824,48.47997466624444,1.0,560,681,1241,0.0,-0.0008333472224535399,1.0000000000000013,0.0
61825,48.479141319021984,1.0,560,681,1241,0.0,-0.0008333472224535399,1.0000000000000013,0.0
61826,48.47830797179953,1.0,560,681,1241,0.0,-0.0008333472224535399,1.0000000000000013,0.0
61827,48.47747462457708,1.0,560,681,1241,0.0,-0.0008333472224535399,1.0000000000000013,0.0
61828,48.476641277354624,1.0,560,681,1241,0.0,-0.0008333472224535399,1.0000000000000013,0.0
61829,48.47580793013217,1.0,560,681,1241,0.0,-0.0008333472224535399,1.0000000000000013,0.0
61830,48.47497458290972,1.0,560,681,1241,0.0,-0.0008333472224535399,1.0000000000000013,0.0
61831,48.47414123568726,1.0,560,681,1241,0.0,-0.0008333472224535399,1.0000000000000013,0.0
61832,48.47330788846481,0.9991941982272361,560,681,1241,-0.0008058017727639033,-0.0008333472224535399,0.999919419822725,-8.058017727639034e-05
61833,48.472474541242356,0.9991941982272361,560,681,1241,0.0,-0.0008333472224535399,0.9998388396454487,-8.058017727639034e-05
61834,48.4716411940199,0.9983883964544722,560,681,1241,-0.0008058017727639033,-0.0008333472224535399,0.999677679290896,-0.00016116035455278067
61835,48.47080784679745,0.9983883964544722,560,681,1241,0.0,-0.0008333472224535399,0.9995165189363433,-0.00016116035455278067
61836,48.469974499574995,0.9983883964544722,560,681,1241,0.0,-0.0008333472224535399,0.9993553585817907,-0.00016116035455278067
61837,48.46914115235254,0.9983883964544722,560,681,1241,0.0,-0.0008333472224535399,0.999194198227238,-0.00016116035455278067
61838,48.46830780513009,0.9983883964544722,560,681,1241,0.0,-0.0008333472224535399,0.9990330378726853,-0.00016116035455278067
61839,48.467474457907635,0.9991941982272361,560,681,1241,0.0008058017727639033,-0.0008333472224535399,0.998952457695409,-8.058017727639034e-05
61840,48.46664111068518,1.0,560,681,1241,0.0008058017727639033,-0.0008333472224535399,0.998952457695409,0.0
61841,48.46580776346273,1.0,560,681,1241,0.0,-0.0008333472224535399,0.998952457695409,0.0
61842,48.464974416240274,1.0,560,681,1241,0.0,-0.0008333472224535399,0.9990330378726853,8.058017727639034e-05
61843,48.46414106901781,1.0,560,681,1241,0.0,-0.0008333472224606453,0.9991136180499616,8.058017727639034e-05
61844,48.46330772179536,1.0,560,681,1241,0.0,-0.0008333472224535399,0.9992747784045143,0.00016116035455278067
61845,48.462474374572906,1.0,560,681,1241,0.0,-0.0008333472224535399,0.999435938759067,0.00016116035455278067
61846,48.46164102735045,1.0,560,681,1241,0.0,-0.0008333472224535399,0.9995970991136197,0.00016116035455278067
61847,48.460807680128,1.0,560,681,1241,0.0,-0.0008333472224535399,0.9997582594681724,0.00016116035455278067
61848,48.459974332905546,1.0,560,681,1241,0.0,-0.0008333472224535399,0.999919419822725,0.00016116035455278067
61849,48.45914098568309,1.0,560,681,1241,0.0,-0.0008333472224535399,1.0000000000000013,8.058017727639034e-05
61850,48.45830763846064,1.0,560,681,1241,0.0,-0.0008333472224535399,1.0000000000000013,0.0
61851,48.457474291238185,1.0,560,681,1241,0.0,-0.0008333472224535399,1.0000000000000013,0.0
61852,48.45664094401573,1.0,560,681,1241,0.0,-0.0008333472224535399,1.0000000000000013,0.0
61853,48.45580759679328,1.0,560,681,1241,0.0,-0.0008333472224535399,1.0000000000000013,0.0
61854,48.454974249570824,1.0,560,681,1241,0.0,-0.0008333472224535399,1.0000000000000013,0.0
61855,48.45414090234837,1.0,560,681,1241,0.0,-0.0008333472224535399,1.0000000000000013,0.0
61856,48.45330755512592,1.0,560,681,1241,0.0,-0.0008333472224535399,1.0000000000000013,0.0
61857,48.452474207903464,1.0,560,681,1241,0.0,-0.0008333472224535399,1.0000000000000013,0.0
61858,48.45164086068101,1.0,560,681,1241,0.0,-0.0008333472224535399,1.0000000000000013,0.0
61859,48.45080751345856,1.0,560,681,1241,0.0,-0.0008333472224535399,1.0000000000000013,0.0
61860,48.4499741662361,1.0,560,681,1241,0.0,-0.0008333472224535399,1.0000000000000013,0.0
61861,48.44914081901365,1.0,560,681,1241,0.0,-0.0008333472224535399,1.0000000000000013,0.0
61862,48.448307471791196,1.0,560,681,1241,0.0,-0.0008333472224535399,1.0000000000000013,0.0
61863,48.44747412456874,1.0,560,681,1241,0.0,-0.0008333472224535399,1.0000000000000013,0.0
61864,48.44664077734629,1.0,560,681,1241,0.0,-0.0008333472224535399,1.0000000000000013,0.0
61865,48.445807430123836,0.9991941982272361,560,681,1241,-0.0008058017727639033,-0.0008333472224535399,0.999919419822725,-8.058017727639034e-05
61866,48.44497408290138,0.9991941982272361,560,681,1241,0.0,-0.0008333472224535399,0.9998388396454487,-8.058017727639034e-05
61867,48.44414073567893,0.9991941982272361,560,681,1241,0.0,-0.0008333472224535399,0.9997582594681724,-8.058017727639034e-05
61868,48.443307388456475,0.9991941982272361,560,681,1241,0.0,-0.0008333472224535399,0.999677679290896,-8.058017727639034e-05
61869,48.44247404123402,0.9991941982272361,560,681,1241,0.0,-0.0008333472224535399,0.9995970991136197,-8.058017727639034e-05
61870,48.44164069401157,0.9991941982272361,560,681,1241,0.0,-0.0008333472224535399,0.9995165189363433,-8.058017727639034e-05
61871,48.440807346789114,0.9991941982272361,560,681,1241,0.0,-0.0008333472224535399,0.999435938759067,-8.058017727639034e-05
61872,48.43997399956666,1.0,560,681,1241,0.0008058017727639033,-0.0008333472224535399,0.999435938759067,0.0
61873,48.43914065234421,0.9991941982272361,560,681,1241,-0.0008058017727639033,-0.0008333472224535399,0.9993553585817907,-8.058017727639034e-05
61874,48.438307305121754,0.9983883964544722,560,681,1241,-0.0008058017727639033,-0.0008333472224535399,0.999194198227238,-0.00016116035455278067
61875,48.4374739578993,0.9991941982272361,560,681,1241,0.0008058017727639033,-0.0008333472224535399,0.999194198227238,0.0
61876,48.43664061067685,0.9991941982272361,560,681,1241,0.0,-0.0008333472224535399,0.999194198227238,0.0
61877,48.43580726345439,0.9991941982272361,560,681,1241,0.0,-0.0008333472224535399,0.999194198227238,0.0
61878,48.43497391623194,1.0,560,681,1241,0.0008058017727639033,-0.0008333472224535399,0.9992747784045143,8.058017727639034e-05
61879,48.434140569009486,1.0,560,681,1241,0.0,-0.0008333472224535399,0.9993553585817907,8.058017727639034e-05
61880,48.43330722178703,1.0,560,681,1241,0.0,-0.0008333472224535399,0.999435938759067,8.058017727639034e-05
61881,48.43247387456458,1.0,560,681,1241,0.0,-0.0008333472224535399,0.9995165189363433,8.058017727639034e-05
61882,48.431640527342125,1.0,560,681,1241,0.0,-0.0008333472224535399,0.9995165189363433,0.0
61883,48.43080718011967,1.0,560,681,1241,0.0,-0.0008333472224535399,0.9995970991136197,8.058017727639034e-05
61884,48.42997383289722,1.0,560,681,1241,0.0,-0.0008333472224535399,0.9997582594681724,0.00016116035455278067
61885,48.429140485674765,1.0,560,681,1241,0.0,-0.0008333472224535399,0.9998388396454487,8.058017727639034e-05
61886,48.428307138452304,1.0,560,681,1241,0.0,-0.0008333472224606453,0.999919419822725,8.058017727639034e-05
61887,48.42747379122985,1.0,560,681,1241,0.0,-0.0008333472224535399,1.0000000000000013,8.058017727639034e-05
61888,48.4266404440074,1.0,560,681,1241,0.0,-0.0008333472224535399,1.0000000000000013,0.0
61889,48.42580709678494,1.0,560,681,1241,0.0,-0.0008333472224535399,1.0000000000000013,0.0
61890,48.42497374956249,1.0,560,681,1241,0.0,-0.0008333472224535399,1.0000000000000013,0.0
61891,48.424140402340036,1.0,560,681,1241,0.0,-0.0008333472224535399,1.0000000000000013,0.0
61892,48.42330705511758,1.0,560,681,1241,0.0,-0.0008333472224535399,1.0000000000000013,0.0
61893,48.42247370789513,1.0,560,681,1241,0.0,-0.0008333472224535399,1.0000000000000013,0.0
61894,48.421640360672676,1.0,560,681,1241,0.0,-0.0008333472224535399,1.0000000000000013,0.0
61895,48.42080701345022,1.0,560,681,1241,0.0,-0.0008333472224535399,1.0000000000000013,0.0
61896,48.41997366622777,1.0,560,681,1241,0.0,-0.0008333472224535399,1.0000000000000013,0.0
61897,48.419140319005315,0.9991941982272361,560,681,1241,-0.0008058017727639033,-0.0008333472224535399,0.999919419822725,-8.058017727639034e-05
61898,48.41830697178286,1.0,560,681,1241,0.0008058017727639033,-0.0008333472224535399,0.999919419822725,0.0
61899,48.41747362456041,1.0,560,681,1241,0.0,-0.0008333472224535399,0.999919419822725,0.0
61900,48.416640277337955,1.0,560,681,1241,0.0,-0.0008333472224535399,0.999919419822725,0.0
61901,48.4158069301155,1.0,560,681,1241,0.0,-0.0008333472224535399,0.999919419822725,0.0
61902,48.41497358289305,1.0,560,681,1241,0.0,-0.0008333472224535399,0.999919419822725,0.0
61903,48.414140235670594,1.0,560,681,1241,0.0,-0.0008333472224535399,0.999919419822725,0.0
61904,48.41330688844814,1.0,560,681,1241,0.0,-0.0008333472224535399,0.999919419822725,0.0
61905,48.41247354122569,1.0,560,681,1241,0.0,-0.0008333472224535399,0.999919419822725,0.0
61906,48.41164019400323,1.0,560,681,1241,0.0,-0.0008333472224535399,0.999919419822725,0.0
61907,48.41080684678078,1.0,560,681,1241,0.0,-0.0008333472224535399,1.0000000000000013,8.058017727639034e-05
61908,48.409973499558326,1.0,560,681,1241,0.0,-0.0008333472224535399,1.0000000000000013,0.0
61909,48.40914015233587,1.0,560,681,1241,0.0,-0.0008333472224535399,1.0000000000000013,0.0
61910,48.40830680511342,1.0,560,681,1241,0.0,-0.0008333472224535399,1.0000000000000013,0.0
61911,48.407473457890966,1.0,560,681,1241,0.0,-0.0008333472224535399,1.0000000000000013,0.0
61912,48.40664011066851,1.0,560,681,1241,0.0,-0.0008333472224535399,1.0000000000000013,0.0
61913,48.40580676344606,1.0,560,681,1241,0.0,-0.0008333472224535399,1.0000000000000013,0.0
61914,48.404973416223605,1.0,560,681,1241,0.0,-0.0008333472224535399,1.0000000000000013,0.0
61915,48.40414006900115,0.9991941982272361,560,681,1241,-0.0008058017727639033,-0.0008333472224535399,0.999919419822725,-8.058017727639034e-05
61916,48.4033067217787,0.9991941982272361,560,681,1241,0.0,-0.0008333472224535399,0.9998388396454487,-8.058017727639034e-05
61917,48.402473374556244,0.9991941982272361,560,681,1241,0.0,-0.0008333472224535399,0.9997582594681724,-8.058017727639034e-05
61918,48.40164002733379,1.0,560,681,1241,0.0008058017727639033,-0.0008333472224535399,0.9997582594681724,0.0
61919,48.40080668011134,0.9991941982272361,560,681,1241,-0.0008058017727639033,-0.0008333472224535399,0.999677679290896,-8.058017727639034e-05
61920,48.399973332888884,1.0,560,681,1241,0.0008058017727639033,-0.0008333472224535399,0.999677679290896,0.0
61921,48.39913998566643,1.0,560,681,1241,0.0,-0.0008333472224535399,0.999677679290896,0.0
61922,48.39830663844398,1.0,560,681,1241,0.0,-0.0008333472224535399,0.999677679290896,0.0
61923,48.39747329122152,1.0,560,681,1241,0.0,-0.0008333472224535399,0.999677679290896,0.0
61924,48.39663994399907,1.0,560,681,1241,0.0,-0.0008333472224535399,0.999677679290896,0.0
61925,48.395806596776616,1.0,560,681,1241,0.0,-0.0008333472224535399,0.9997582594681724,8.058017727639034e-05
61926,48.39497324955416,1.0,560,681,1241,0.0,-0.0008333472224535399,0.9998388396454487,8.058017727639034e-05
61927,48.3941399023317,1.0,560,681,1241,0.0,-0.0008333472224606453,0.999919419822725,8.058017727639034e-05
61928,48.39330655510925,1.0,560,681,1241,0.0,-0.0008333472224535399,0.999919419822725,0.0
61929,48.392473207886795,1.0,560,681,1241,0.0,-0.0008333472224535399,1.0000000000000013,8.058017727639034e-05
61930,48.39163986066434,1.0,560,681,1241,0.0,-0.0008333472224535399,1.0000000000000013,0.0
61931,48.39080651344189,1.0,560,681,1241,0.0,-0.0008333472224535399,1.0000000000000013,0.0
61932,48.389973166219434,1.0,560,681,1241,0.0,-0.0008333472224535399,1.0000000000000013,0.0
61933,48.38913981899698,1.0,560,681,1241,0.0,-0.0008333472224535399,1.0000000000000013,0.0
61934,48.38830647177453,1.0,560,681,1241,0.0,-0.0008333472224535399,1.0000000000000013,0.0
61935,48.38747312455207,1.0,560,681,1241,0.0,-0.0008333472224535399,1.0000000000000013,0.0
61936,48.38663977732962,1.0,560,681,1241,0.0,-0.0008333472224535399,1.0000000000000013,0.0
61937,48.385806430107166,1.0,560,681,1241,0.0,-0.0008333472224535399,1.0000000000000013,0.0
61938,48.38497308288471,1.0,560,681,1241,0.0,-0.0008333472224535399,1.0000000000000013,0.0
61939,48.38413973566226,1.0,560,681,1241,0.0,-0.0008333472224535399,1.0000000000000013,0.0
61940,48.383306388439806,1.0,560,681,1241,0.0,-0.0008333472224535399,1.0000000000000013,0.0
61941,48.38247304121735,1.0,560,681,1241,0.0,-0.0008333472224535399,1.0000000000000013,0.0
61942,48.3816396939949,1.0,560,681,1241,0.0,-0.0008333472224535399,1.0000000000000013,0.0
61943,48.380806346772445,1.0,560,681,1241,0.0,-0.0008333472224535399,1.0000000000000013,0.0
61944,48.37997299954999,1.0,560,681,1241,0.0,-0.0008333472224535399,1.0000000000000013,0.0
61945,48.37913965232754,1.0,560,681,1241,0.0,-0.0008333472224535399,1.0000000000000013,0.0
61946,48.378306305105085,1.0,560,681,1241,0.0,-0.0008333472224535399,1.0000000000000013,0.0
61947,48.37747295788263,1.0,560,681,1241,0.0,-0.0008333472224535399,1.0000000000000013,0.0
61948,48.37663961066018,1.0,560,681,1241,0.0,-0.0008333472224535399,1.0000000000000013,0.0
61949,48.375806263437724,1.0,560,681,1241,0.0,-0.0008333472224535399,1.0000000000000013,0.0
61950,48.37497291621527,1.0,560,681,1241,0.0,-0.0008333472224535399,1.0000000000000013,0.0
61951,48.37413956899282,1.0,560,681,1241,0.0,-0.0008333472224535399,1.0000000000000013,0.0
61952,48.37330622177036,1.0,560,681,1241,0.0,-0.0008333472224535399,1.0000000000000013,0.0
61953,48.37247287454791,1.0,560,681,1241,0.0,-0.0008333472224535399,1.0000000000000013,0.0
61954,48.371639527325456,1.0,560,681,1241,0.0,-0.0008333472224535399,1.0000000000000013,0.0
61955,48.370806180103,1.0,560,681,1241,0.0,-0.0008333472224535399,1.0000000000000013,0.0
61956,48.36997283288055,1.0,560,681,1241,0.0,-0.0008333472224535399,1.0000000000000013,0.0
61957,48.369139485658096,1.0,560,681,1241,0.0,-0.0008333472224535399,1.0000000000000013,0.0
61958,48.36830613843564,1.0,560,681,1241,0.0,-0.0008333472224535399,1.0000000000000013,0.0
61959,48.36747279121319,1.0,560,681,1241,0.0,-0.0008333472224535399,1.0000000000000013,0.0
61960,48.366639443990735,1.0,560,681,1241,0.0,-0.0008333472224535399,1.0000000000000013,0.0
61961,48.36580609676828,1.0,560,681,1241,0.0,-0.0008333472224535399,1.0000000000000013,0.0
61962,48.36497274954583,1.0,560,681,1241,0.0,-0.0008333472224535399,1.0000000000000013,0.0
61963,48.364139402323374,1.0,560,681,1241,0.0,-0.0008333472224535399,1.0000000000000013,0.0
61964,48.36330605510092,1.0,560,681,1241,0.0,-0.0008333472224535399,1.0000000000000013,0.0
61965,48.36247270787847,1.0,560,681,1241,0.0,-0.0008333472224535399,1.0000000000000013,0.0
61966,48.361639360656014,1.0,560,681,1241,0.0,-0.0008333472224535399,1.0000000000000013,0.0
61967,48.36080601343356,1.0,560,681,1241,0.0,-0.0008333472224535399,1.0000000000000013,0.0
61968,48.35997266621111,1.0,560,681,1241,0.0,-0.0008333472224535399,1.0000000000000013,0.0
61969,48.35913931898865,1.0,560,681,1241,0.0,-0.0008333472224535399,1.0000000000000013,0.0
61970,48.3583059717662,1.0,560,681,1241,0.0,-0.0008333472224535399,1.0000000000000013,0.0
61971,48.35747262454374,1.0,560,681,1241,0.0,-0.0008333472224606453,1.0000000000000013,0.0
61972,48.356639277321285,1.0,560,681,1241,0.0,-0.0008333472224535399,1.0000000000000013,0.0
61973,48.35580593009883,1.0,560,681,1241,0.0,-0.0008333472224535399,1.0000000000000013,0.0
61974,48.35497258287638,1.0,560,681,1241,0.0,-0.0008333472224535399,1.0000000000000013,0.0
61975,48.354139235653925,1.0,560,681,1241,0.0,-0.0008333472224535399,1.0000000000000013,0.0
61976,48.35330588843147,1.0,560,681,1241,0.0,-0.0008333472224535399,1.0000000000000013,0.0
61977,48.35247254120902,1.0,560,681,1241,0.0,-0.0008333472224535399,1.0000000000000013,0.0
61978,48.351639193986564,1.0,560,681,1241,0.0,-0.0008333472224535399,1.0000000000000013,0.0
61979,48.35080584676411,1.0,560,681,1241,0.0,-0.0008333472224535399,1.0000000000000013,0.0
61980,48.34997249954166,1.0,560,681,1241,0.0,-0.0008333472224535399,1.0000000000000013,0.0
61981,48.349139152319204,1.0,560,681,1241,0.0,-0.0008333472224535399,1.0000000000000013,0.0
61982,48.34830580509675,1.0,560,681,1241,0.0,-0.0008333472224535399,1.0000000000000013,0.0
61983,48.3474724578743,1.0,560,681,1241,0.0,-0.0008333472224535399,1.0000000000000013,0.0
61984,48.34663911065184,1.0,560,681,1241,0.0,-0.0008333472224535399,1.0000000000000013,0.0
61985,48.34580576342939,1.0,560,681,1241,0.0,-0.0008333472224535399,1.0000000000000013,0.0
61986,48.344972416206936,1.0,560,681,1241,0.0,-0.0008333472224535399,1.0000000000000013,0.0
61987,48.34413906898448,1.0,560,681,1241,0.0,-0.0008333472224535399,1.0000000000000013,0.0
61988,48.34330572176203,1.0,560,681,1241,0.0,-0.0008333472224535399,1.0000000000000013,0.0
61989,48.342472374539575,1.0,560,681,1241,0.0,-0.0008333472224535399,1.0000000000000013,0.0
61990,48.34163902731712,1.0,560,681,1241,0.0,-0.0008333472224535399,1.0000000000000013,0.0
61991,48.34080568009467,1.0,560,681,1241,0.0,-0.0008333472224535399,1.0000000000000013,0.0
61992,48.339972332872215,1.0,560,681,1241,0.0,-0.0008333472224535399,1.0000000000000013,0.0
61993,48.33913898564976,1.0,560,681,1241,0.0,-0.0008333472224535399,1.0000000000000013,0.0
61994,48.33830563842731,1.0,560,681,1241,0.0,-0.0008333472224535399,1.0000000000000013,0.0
61995,48.337472291204854,1.0,560,681,1241,0.0,-0.0008333472224535399,1.0000000000000013,0.0
61996,48.3366389439824,1.0,560,681,1241,0.0,-0.0008333472224535399,1.0000000000000013,0.0
61997,48.33580559675995,1.0,560,681,1241,0.0,-0.0008333472224535399,1.0000000000000013,0.0
61998,48.33497224953749,1.0,560,681,1241,0.0,-0.0008333472224535399,1.0000000000000013,0.0
61999,48.33413890231504,1.0,560,681,1241,0.0,-0.0008333472224535399,1.0000000000000013,0.0
62000,48.333305555092586,1.0,560,681,1241,0.0,-0.0008333472224535399,1.0000000000000013,0.0
62001,48.33247220787013,1.0,560,681,1241,0.0,-0.0008333472224535399,1.0000000000000013,0.0
62002,48.33163886064768,1.0,560,681,1241,0.0,-0.0008333472224535399,1.0000000000000013,0.0
62003,48.330805513425226,1.0,560,681,1241,0.0,-0.0008333472224535399,1.0000000000000013,0.0
62004,48.32997216620277,1.0,560,681,1241,0.0,-0.0008333472224535399,1.0000000000000013,0.0
62005,48.32913881898032,1.0,560,681,1241,0.0,-0.0008333472224535399,1.0000000000000013,0.0
62006,48.328305471757865,1.0,560,681,1241,0.0,-0.0008333472224535399,1.0000000000000013,0.0
62007,48.32747212453541,1.0,560,681,1241,0.0,-0.0008333472224535399,1.0000000000000013,0.0
62008,48.32663877731296,1.0,560,681,1241,0.0,-0.0008333472224535399,1.0000000000000013,0.0
62009,48.325805430090504,1.0,560,681,1241,0.0,-0.0008333472224535399,1.0000000000000013,0.0
62010,48.32497208286805,1.0,560,681,1241,0.0,-0.0008333472224535399,1.0000000000000013,0.0
62011,48.3241387356456,1.0,560,681,1241,0.0,-0.0008333472224535399,1.0000000000000013,0.0
62012,48.32330538842314,1.0,560,681,1241,0.0,-0.0008333472224606453,1.0000000000000013,0.0
62013,48.32247204120068,1.0,560,681,1241,0.0,-0.0008333472224535399,1.0000000000000013,0.0
62014,48.32163869397823,1.0,560,681,1241,0.0,-0.0008333472224535399,1.0000000000000013,0.0
62015,48.320805346755776,1.0,560,681,1241,0.0,-0.0008333472224535399,1.0000000000000013,0.0
62016,48.31997199953332,1.0,560,681,1241,0.0,-0.0008333472224535399,1.0000000000000013,0.0
62017,48.31913865231087,0.9991941982272361,560,681,1241,-0.0008058017727639033,-0.0008333472224535399,0.999919419822725,-8.058017727639034e-05
62018,48.318305305088415,0.9991941982272361,560,681,1241,0.0,-0.0008333472224535399,0.9998388396454487,-8.058017727639034e-05
62019,48.31747195786596,0.9991941982272361,560,681,1241,0.0,-0.0008333472224535399,0.9997582594681724,-8.058017727639034e-05
62020,48.31663861064351,0.9991941982272361,560,681,1241,0.0,-0.0008333472224535399,0.999677679290896,-8.058017727639034e-05
62021,48.315805263421055,0.9991941982272361,560,681,1241,0.0,-0.0008333472224535399,0.9995970991136197,-8.058017727639034e-05
62022,48.3149719161986,0.9991941982272361,560,681,1241,0.0,-0.0008333472224535399,0.9995165189363433,-8.058017727639034e-05
62023,48.31413856897615,1.0,560,681,1241,0.0008058017727639033,-0.0008333472224535399,0.9995165189363433,0.0
62024,48.313305221753694,1.0,560,681,1241,0.0,-0.0008333472224535399,0.9995165189363433,0.0
62025,48.31247187453124,1.0,560,681,1241,0.0,-0.0008333472224535399,0.9995165189363433,0.0
62026,48.31163852730879,1.0,560,681,1241,0.0,-0.0008333472224535399,0.9995165189363433,0.0
62027,48.310805180086334,1.0,560,681,1241,0.0,-0.0008333472224535399,0.9995970991136197,8.058017727639034e-05
62028,48.30997183286388,1.0,560,681,1241,0.0,-0.0008333472224535399,0.999677679290896,8.058017727639034e-05
62029,48.30913848564143,1.0,560,681,1241,0.0,-0.0008333472224535399,0.9997582594681724,8.058017727639034e-05
62030,48.30830513841897,1.0,560,681,1241,0.0,-0.0008333472224535399,0.9998388396454487,8.058017727639034e-05
62031,48.30747179119652,1.0,560,681,1241,0.0,-0.0008333472224535399,0.999919419822725,8.058017727639034e-05
62032,48.306638443974066,1.0,560,681,1241,0.0,-0.0008333472224535399,1.0000000000000013,8.058017727639034e-05
62033,48.30580509675161,1.0,560,681,1241,0.0,-0.0008333472224535399,1.0000000000000013,0.0
62034,48.30497174952916,1.0,560,681,1241,0.0,-0.0008333472224535399,1.0000000000000013,0.0
62035,48.304138402306705,1.0,560,681,1241,0.0,-0.0008333472224535399,1.0000000000000013,0.0
62036,48.30330505508425,1.0,560,681,1241,0.0,-0.0008333472224535399,1.0000000000000013,0.0
62037,48.3024717078618,1.0,560,681,1241,0.0,-0.0008333472224535399,1.0000000000000013,0.0
62038,48.301638360639345,1.0,560,681,1241,0.0,-0.0008333472224535399,1.0000000000000013,0.0
62039,48.30080501341689,1.0,560,681,1241,0.0,-0.0008333472224535399,1.0000000000000013,0.0
62040,48.29997166619444,1.0,560,681,1241,0.0,-0.0008333472224535399,1.0000000000000013,0.0
62041,48.299138318971984,1.0,560,681,1241,0.0,-0.0008333472224535399,1.0000000000000013,0.0
62042,48.29830497174953,1.0,560,681,1241,0.0,-0.0008333472224535399,1.0000000000000013,0.0
62043,48.29747162452708,1.0,560,681,1241,0.0,-0.0008333472224535399,1.0000000000000013,0.0
62044,48.29663827730462,1.0,560,681,1241,0.0,-0.0008333472224535399,1.0000000000000013,0.0
62045,48.29580493008217,1.0,560,681,1241,0.0,-0.0008333472224535399,1.0000000000000013,0.0
62046,48.294971582859716,1.0,560,681,1241,0.0,-0.0008333472224535399,1.0000000000000013,0.0
62047,48.29413823563726,1.0,560,681,1241,0.0,-0.0008333472224535399,1.0000000000000013,0.0
62048,48.29330488841481,1.0,560,681,1241,0.0,-0.0008333472224535399,1.0000000000000013,0.0
62049,48.292471541192356,1.0,560,681,1241,0.0,-0.0008333472224535399,1.0000000000000013,0.0
62050,48.2916381939699,1.0,560,681,1241,0.0,-0.0008333472224535399,1.0000000000000013,0.0
62051,48.29080484674745,1.0,560,681,1241,0.0,-0.0008333472224535399,1.0000000000000013,0.0
62052,48.289971499524995,1.0,560,681,1241,0.0,-0.0008333472224535399,1.0000000000000013,0.0
62053,48.28913815230254,1.0,560,681,1241,0.0,-0.0008333472224535399,1.0000000000000013,0.0
62054,48.28830480508009,1.0,560,681,1241,0.0,-0.0008333472224535399,1.0000000000000013,0.0
62055,48.287471457857635,1.0,560,681,1241,0.0,-0.0008333472224535399,1.0000000000000013,0.0
62056,48.286638110635174,1.0,560,681,1241,0.0,-0.0008333472224606453,1.0000000000000013,0.0
62057,48.28580476341272,1.0,560,681,1241,0.0,-0.0008333472224535399,1.0000000000000013,0.0
62058,48.28497141619027,1.0,560,681,1241,0.0,-0.0008333472224535399,1.0000000000000013,0.0
62059,48.28413806896781,1.0,560,681,1241,0.0,-0.0008333472224535399,1.0000000000000013,0.0
62060,48.28330472174536,1.0,560,681,1241,0.0,-0.0008333472224535399,1.0000000000000013,0.0
62061,48.282471374522906,1.0,560,681,1241,0.0,-0.0008333472224535399,1.0000000000000013,0.0
62062,48.28163802730045,1.0,560,681,1241,0.0,-0.0008333472224535399,1.0000000000000013,0.0
62063,48.280804680078,1.0,560,681,1241,0.0,-0.0008333472224535399,1.0000000000000013,0.0
62064,48.279971332855546,1.0,560,681,1241,0.0,-0.0008333472224535399,1.0000000000000013,0.0
62065,48.27913798563309,1.0,560,681,1241,0.0,-0.0008333472224535399,1.0000000000000013,0.0
62066,48.27830463841064,1.0,560,681,1241,0.0,-0.0008333472224535399,1.0000000000000013,0.0
62067,48.277471291188185,1.0,560,681,1241,0.0,-0.0008333472224535399,1.0000000000000013,0.0
62068,48.27663794396573,1.0,560,681,1241,0.0,-0.0008333472224535399,1.0000000000000013,0.0
62069,48.27580459674328,1.0,560,681,1241,0.0,-0.0008333472224535399,1.0000000000000013,0.0
62070,48.274971249520824,1.0,560,681,1241,0.0,-0.0008333472224535399,1.0000000000000013,0.0
62071,48.27413790229837,1.0,560,681,1241,0.0,-0.0008333472224535399,1.0000000000000013,0.0
62072,48.27330455507592,1.0,560,681,1241,0.0,-0.0008333472224535399,1.0000000000000013,0.0
62073,48.272471207853464,1.0,560,681,1241,0.0,-0.0008333472224535399,1.0000000000000013,0.0
62074,48.27163786063101,1.0,560,681,1241,0.0,-0.0008333472224535399,1.0000000000000013,0.0
62075,48.27080451340856,1.0,560,681,1241,0.0,-0.0008333472224535399,1.0000000000000013,0.0
62076,48.2699711661861,1.0,560,681,1241,0.0,-0.0008333472224535399,1.0000000000000013,0.0
62077,48.26913781896365,1.0,560,681,1241,0.0,-0.0008333472224535399,1.0000000000000013,0.0
62078,48.268304471741196,1.0,560,681,1241,0.0,-0.0008333472224535399,1.0000000000000013,0.0
62079,48.26747112451874,1.0,560,681,1241,0.0,-0.0008333472224535399,1.0000000000000013,0.0
62080,48.26663777729629,1.0,560,681,1241,0.0,-0.0008333472224535399,1.0000000000000013,0.0
62081,48.265804430073835,1.0,560,681,1241,0.0,-0.0008333472224535399,1.0000000000000013,0.0
62082,48.26497108285138,1.0,560,681,1241,0.0,-0.0008333472224535399,1.0000000000000013,0.0
62083,48.26413773562893,1.0,560,681,1241,0.0,-0.0008333472224535399,1.0000000000000013,0.0
62084,48.263304388406475,1.0,560,681,1241,0.0,-0.0008333472224535399,1.0000000000000013,0.0
62085,48.26247104118402,1.0,560,681,1241,0.0,-0.0008333472224535399,1.0000000000000013,0.0
62086,48.26163769396157,1.0,560,681,1241,0.0,-0.0008333472224535399,1.0000000000000013,0.0
62087,48.260804346739114,1.0,560,681,1241,0.0,-0.0008333472224535399,1.0000000000000013,0.0
62088,48.25997099951666,1.0,560,681,1241,0.0,-0.0008333472224535399,1.0000000000000013,0.0
62089,48.25913765229421,1.0,560,681,1241,0.0,-0.0008333472224535399,1.0000000000000013,0.0
62090,48.25830430507175,1.0,560,681,1241,0.0,-0.0008333472224535399,1.0000000000000013,0.0
62091,48.2574709578493,1.0,560,681,1241,0.0,-0.0008333472224535399,1.0000000000000013,0.0
62092,48.256637610626846,1.0,560,681,1241,0.0,-0.0008333472224535399,1.0000000000000013,0.0
62093,48.25580426340439,1.0,560,681,1241,0.0,-0.0008333472224535399,1.0000000000000013,0.0
62094,48.25497091618194,1.0,560,681,1241,0.0,-0.0008333472224535399,1.0000000000000013,0.0
62095,48.254137568959486,1.0,560,681,1241,0.0,-0.0008333472224535399,1.0000000000000013,0.0
62096,48.25330422173703,1.0,560,681,1241,0.0,-0.0008333472224535399,1.0000000000000013,0.0
62097,48.25247087451457,1.0,560,681,1241,0.0,-0.0008333472224606453,1.0000000000000013,0.0
62098,48.25163752729212,1.0,560,681,1241,0.0,-0.0008333472224535399,1.0000000000000013,0.0
62099,48.250804180069665,1.0,560,681,1241,0.0,-0.0008333472224535399,1.0000000000000013,0.0
62100,48.24997083284721,1.0,560,681,1241,0.0,-0.0008333472224535399,1.0000000000000013,0.0
62101,48.24913748562476,1.0,560,681,1241,0.0,-0.0008333472224535399,1.0000000000000013,0.0
62102,48.248304138402304,1.0,560,681,1241,0.0,-0.0008333472224535399,1.0000000000000013,0.0
62103,48.24747079117985,1.0,560,681,1241,0.0,-0.0008333472224535399,1.0000000000000013,0.0
62104,48.2466374439574,1.0,560,681,1241,0.0,-0.0008333472224535399,1.0000000000000013,0.0
62105,48.24580409673494,1.0,560,681,1241,0.0,-0.0008333472224535399,1.0000000000000013,0.0
62106,48.24497074951249,1.0,560,681,1241,0.0,-0.0008333472224535399,1.0000000000000013,0.0
62107,48.244137402290036,1.0,560,681,1241,0.0,-0.0008333472224535399,1.0000000000000013,0.0
62108,48.24330405506758,1.0,560,681,1241,0.0,-0.0008333472224535399,1.0000000000000013,0.0
62109,48.24247070784513,1.0,560,681,1241,0.0,-0.0008333472224535399,1.0000000000000013,0.0
62110,48.241637360622676,1.0,560,681,1241,0.0,-0.0008333472224535399,1.0000000000000013,0.0
62111,48.24080401340022,1.0,560,681,1241,0.0,-0.0008333472224535399,1.0000000000000013,0.0
62112,48.23997066617777,1.0,560,681,1241,0.0,-0.0008333472224535399,1.0000000000000013,0.0
62113,48.239137318955315,1.0,560,681,1241,0.0,-0.0008333472224535399,1.0000000000000013,0.0
62114,48.23830397173286,1.0,560,681,1241,0.0,-0.0008333472224535399,1.0000000000000013,0.0
62115,48.23747062451041,1.0,560,681,1241,0.0,-0.0008333472224535399,1.0000000000000013,0.0
62116,48.236637277287954,1.0,560,681,1241,0.0,-0.0008333472224535399,1.0000000000000013,0.0
62117,48.2358039300655,1.0,560,681,1241,0.0,-0.0008333472224535399,1.0000000000000013,0.0
62118,48.23497058284305,1.0,560,681,1241,0.0,-0.0008333472224535399,1.0000000000000013,0.0
62119,48.234137235620594,1.0,560,681,1241,0.0,-0.0008333472224535399,1.0000000000000013,0.0
62120,48.23330388839814,1.0,560,681,1241,0.0,-0.0008333472224535399,1.0000000000000013,0.0
62121,48.23247054117569,1.0,560,681,1241,0.0,-0.0008333472224535399,1.0000000000000013,0.0
62122,48.23163719395323,1.0,560,681,1241,0.0,-0.0008333472224535399,1.0000000000000013,0.0
62123,48.23080384673078,1.0,560,681,1241,0.0,-0.0008333472224535399,1.0000000000000013,0.0
62124,48.229970499508326,1.0,560,681,1241,0.0,-0.0008333472224535399,1.0000000000000013,0.0
62125,48.22913715228587,1.0,560,681,1241,0.0,-0.0008333472224535399,1.0000000000000013,0.0
62126,48.22830380506342,1.0,560,681,1241,0.0,-0.0008333472224535399,1.0000000000000013,0.0
62127,48.227470457840965,1.0,560,681,1241,0.0,-0.0008333472224535399,1.0000000000000013,0.0
62128,48.22663711061851,0.9991941982272361,560,681,1241,-0.0008058017727639033,-0.0008333472224535399,0.999919419822725,-8.058017727639034e-05
62129,48.22580376339606,0.9983883964544722,560,681,1241,-0.0008058017727639033,-0.0008333472224535399,0.9997582594681724,-0.00016116035455278067
62130,48.224970416173605,0.9991941982272361,560,681,1241,0.0008058017727639033,-0.0008333472224535399,0.999677679290896,-8.058017727639034e-05
62131,48.22413706895115,0.9991941982272361,560,681,1241,0.0,-0.0008333472224535399,0.9995970991136197,-8.058017727639034e-05
62132,48.2233037217287,1.0,560,681,1241,0.0008058017727639033,-0.0008333472224535399,0.9995970991136197,0.0
62133,48.222470374506244,1.0,560,681,1241,0.0,-0.0008333472224535399,0.9995970991136197,0.0
62134,48.22163702728379,1.0,560,681,1241,0.0,-0.0008333472224535399,0.9995970991136197,0.0
62135,48.22080368006134,1.0,560,681,1241,0.0,-0.0008333472224535399,0.9995970991136197,0.0
62136,48.219970332838884,1.0,560,681,1241,0.0,-0.0008333472224535399,0.9995970991136197,0.0
62137,48.21913698561643,1.0,560,681,1241,0.0,-0.0008333472224535399,0.9995970991136197,0.0
62138,48.21830363839398,1.0,560,681,1241,0.0,-0.0008333472224535399,0.999677679290896,8.058017727639034e-05
62139,48.21747029117152,1.0,560,681,1241,0.0,-0.0008333472224535399,0.9998388396454487,0.00016116035455278067
62140,48.21663694394907,0.9991941982272361,560,681,1241,-0.0008058017727639033,-0.0008333472224535399,0.9998388396454487,0.0
62141,48.21580359672661,0.9991941982272361,560,681,1241,0.0,-0.0008333472224606453,0.9998388396454487,0.0
62142,48.214970249504155,0.9991941982272361,560,681,1241,0.0,-0.0008333472224535399,0.9997582594681724,-8.058017727639034e-05
62143,48.2141369022817,1.0,560,681,1241,0.0008058017727639033,-0.0008333472224535399,0.9997582594681724,0.0
62144,48.21330355505925,1.0,560,681,1241,0.0,-0.0008333472224535399,0.9997582594681724,0.0
62145,48.212470207836795,0.9991941982272361,560,681,1241,-0.0008058017727639033,-0.0008333472224535399,0.999677679290896,-8.058017727639034e-05
62146,48.21163686061434,1.0,560,681,1241,0.0008058017727639033,-0.0008333472224535399,0.999677679290896,0.0
62147,48.21080351339189,1.0,560,681,1241,0.0,-0.0008333472224535399,0.999677679290896,0.0
62148,48.209970166169434,0.9991941982272361,560,681,1241,-0.0008058017727639033,-0.0008333472224535399,0.9995970991136197,-8.058017727639034e-05
62149,48.20913681894698,1.0,560,681,1241,0.0008058017727639033,-0.0008333472224535399,0.9995970991136197,0.0
62150,48.20830347172453,1.0,560,681,1241,0.0,-0.0008333472224535399,0.999677679290896,8.058017727639034e-05
62151,48.20747012450207,1.0,560,681,1241,0.0,-0.0008333472224535399,0.9997582594681724,8.058017727639034e-05
62152,48.20663677727962,1.0,560,681,1241,0.0,-0.0008333472224535399,0.9998388396454487,8.058017727639034e-05
62153,48.205803430057166,1.0,560,681,1241,0.0,-0.0008333472224535399,0.9998388396454487,0.0
62154,48.20497008283471,1.0,560,681,1241,0.0,-0.0008333472224535399,0.9998388396454487,0.0
62155,48.20413673561226,1.0,560,681,1241,0.0,-0.0008333472224535399,0.999919419822725,8.058017727639034e-05
62156,48.203303388389806,1.0,560,681,1241,0.0,-0.0008333472224535399,0.999919419822725,0.0
62157,48.20247004116735,1.0,560,681,1241,0.0,-0.0008333472224535399,0.999919419822725,0.0
62158,48.2016366939449,1.0,560,681,1241,0.0,-0.0008333472224535399,1.0000000000000013,8.058017727639034e-05
62159,48.200803346722445,1.0,560,681,1241,0.0,-0.0008333472224535399,1.0000000000000013,0.0
62160,48.19996999949999,1.0,560,681,1241,0.0,-0.0008333472224535399,1.0000000000000013,0.0
62161,48.19913665227754,1.0,560,681,1241,0.0,-0.0008333472224535399,1.0000000000000013,0.0
62162,48.198303305055084,1.0,560,681,1241,0.0,-0.0008333472224535399,1.0000000000000013,0.0
62163,48.19746995783263,1.0,560,681,1241,0.0,-0.0008333472224535399,1.0000000000000013,0.0
62164,48.19663661061018,1.0,560,681,1241,0.0,-0.0008333472224535399,1.0000000000000013,0.0
62165,48.195803263387724,1.0,560,681,1241,0.0,-0.0008333472224535399,1.0000000000000013,0.0
62166,48.19496991616527,1.0,560,681,1241,0.0,-0.0008333472224535399,1.0000000000000013,0.0
62167,48.19413656894282,1.0,560,681,1241,0.0,-0.0008333472224535399,1.0000000000000013,0.0
62168,48.19330322172036,1.0,560,681,1241,0.0,-0.0008333472224535399,1.0000000000000013,0.0
62169,48.19246987449791,1.0,560,681,1241,0.0,-0.0008333472224535399,1.0000000000000013,0.0
62170,48.191636527275456,1.0,560,681,1241,0.0,-0.0008333472224535399,1.0000000000000013,0.0
62171,48.190803180053,1.0,560,681,1241,0.0,-0.0008333472224535399,1.0000000000000013,0.0
62172,48.18996983283055,1.0,560,681,1241,0.0,-0.0008333472224535399,1.0000000000000013,0.0
62173,48.189136485608095,1.0,560,681,1241,0.0,-0.0008333472224535399,1.0000000000000013,0.0
62174,48.18830313838564,1.0,560,681,1241,0.0,-0.0008333472224535399,1.0000000000000013,0.0
62175,48.18746979116319,1.0,560,681,1241,0.0,-0.0008333472224535399,1.0000000000000013,0.0
62176,48.186636443940735,1.0,560,681,1241,0.0,-0.0008333472224535399,1.0000000000000013,0.0
62177,48.18580309671828,1.0,560,681,1241,0.0,-0.0008333472224535399,1.0000000000000013,0.0
62178,48.18496974949583,1.0,560,681,1241,0.0,-0.0008333472224535399,1.0000000000000013,0.0
62179,48.184136402273374,1.0,560,681,1241,0.0,-0.0008333472224535399,1.0000000000000013,0.0
62180,48.18330305505092,0.9991941982272361,560,681,1241,-0.0008058017727639033,-0.0008333472224535399,0.999919419822725,-8.058017727639034e-05
62181,48.18246970782847,0.9991941982272361,560,681,1241,0.0,-0.0008333472224535399,0.9998388396454487,-8.058017727639034e-05
62182,48.18163636060601,0.9991941982272361,560,681,1241,0.0,-0.0008333472224606453,0.9997582594681724,-8.058017727639034e-05
62183,48.18080301338355,0.9991941982272361,560,681,1241,0.0,-0.0008333472224535399,0.999677679290896,-8.058017727639034e-05
62184,48.1799696661611,1.0,560,681,1241,0.0008058017727639033,-0.0008333472224535399,0.999677679290896,0.0
62185,48.179136318938646,1.0,560,681,1241,0.0,-0.0008333472224535399,0.999677679290896,0.0
62186,48.17830297171619,1.0,560,681,1241,0.0,-0.0008333472224535399,0.999677679290896,0.0
62187,48.17746962449374,1.0,560,681,1241,0.0,-0.0008333472224535399,0.999677679290896,0.0
62188,48.176636277271285,1.0,560,681,1241,0.0,-0.0008333472224535399,0.999677679290896,0.0
62189,48.17580293004883,1.0,560,681,1241,0.0,-0.0008333472224535399,0.999677679290896,0.0
62190,48.17496958282638,1.0,560,681,1241,0.0,-0.0008333472224535399,0.9997582594681724,8.058017727639034e-05
62191,48.174136235603925,1.0,560,681,1241,0.0,-0.0008333472224535399,0.9998388396454487,8.058017727639034e-05
62192,48.17330288838147,0.9991941982272361,560,681,1241,-0.0008058017727639033,-0.0008333472224535399,0.9998388396454487,0.0
62193,48.17246954115902,0.9991941982272361,560,681,1241,0.0,-0.0008333472224535399,0.9998388396454487,0.0
62194,48.171636193936564,0.9991941982272361,560,681,1241,0.0,-0.0008333472224535399,0.9997582594681724,-8.058017727639034e-05
62195,48.17080284671411,1.0,560,681,1241,0.0008058017727639033,-0.0008333472224535399,0.9997582594681724,0.0
62196,48.16996949949166,1.0,560,681,1241,0.0,-0.0008333472224535399,0.9997582594681724,0.0
62197,48.1691361522692,0.9991941982272361,560,681,1241,-0.0008058017727639033,-0.0008333472224535399,0.999677679290896,-8.058017727639034e-05
62198,48.16830280504675,1.0,560,681,1241,0.0008058017727639033,-0.0008333472224535399,0.999677679290896,0.0
62199,48.167469457824296,1.0,560,681,1241,0.0,-0.0008333472224535399,0.999677679290896,0.0
62200,48.16663611060184,1.0,560,681,1241,0.0,-0.0008333472224535399,0.999677679290896,0.0
62201,48.16580276337939,1.0,560,681,1241,0.0,-0.0008333472224535399,0.999677679290896,0.0
62202,48.164969416156936,1.0,560,681,1241,0.0,-0.0008333472224535399,0.9997582594681724,8.058017727639034e-05
62203,48.16413606893448,1.0,560,681,1241,0.0,-0.0008333472224535399,0.9998388396454487,8.058017727639034e-05
62204,48.16330272171203,1.0,560,681,1241,0.0,-0.0008333472224535399,0.999919419822725,8.058017727639034e-05
62205,48.162469374489575,1.0,560,681,1241,0.0,-0.0008333472224535399,0.999919419822725,0.0
62206,48.16163602726712,1.0,560,681,1241,0.0,-0.0008333472224535399,0.999919419822725,0.0
62207,48.16080268004467,1.0,560,681,1241,0.0,-0.0008333472224535399,1.0000000000000013,8.058017727639034e-05
62208,48.159969332822214,1.0,560,681,1241,0.0,-0.0008333472224535399,1.0000000000000013,0.0
62209,48.15913598559976,0.9991941982272361,560,681,1241,-0.0008058017727639033,-0.0008333472224535399,0.999919419822725,-8.058017727639034e-05
62210,48.15830263837731,0.9991941982272361,560,681,1241,0.0,-0.0008333472224535399,0.9998388396454487,-8.058017727639034e-05
62211,48.157469291154854,0.9991941982272361,560,681,1241,0.0,-0.0008333472224535399,0.9997582594681724,-8.058017727639034e-05
62212,48.1566359439324,1.0,560,681,1241,0.0008058017727639033,-0.0008333472224535399,0.9997582594681724,0.0
62213,48.15580259670995,1.0,560,681,1241,0.0,-0.0008333472224535399,0.9997582594681724,0.0
62214,48.15496924948749,1.0,560,681,1241,0.0,-0.0008333472224535399,0.9997582594681724,0.0
62215,48.15413590226504,1.0,560,681,1241,0.0,-0.0008333472224535399,0.9997582594681724,0.0
62216,48.153302555042586,1.0,560,681,1241,0.0,-0.0008333472224535399,0.9997582594681724,0.0
62217,48.15246920782013,1.0,560,681,1241,0.0,-0.0008333472224535399,0.9997582594681724,0.0
62218,48.15163586059768,1.0,560,681,1241,0.0,-0.0008333472224535399,0.9997582594681724,0.0
62219,48.150802513375226,1.0,560,681,1241,0.0,-0.0008333472224535399,0.9998388396454487,8.058017727639034e-05
62220,48.14996916615277,1.0,560,681,1241,0.0,-0.0008333472224535399,0.999919419822725,8.058017727639034e-05
62221,48.14913581893032,1.0,560,681,1241,0.0,-0.0008333472224535399,1.0000000000000013,8.058017727639034e-05
62222,48.148302471707865,1.0,560,681,1241,0.0,-0.0008333472224535399,1.0000000000000013,0.0
62223,48.14746912448541,1.0,560,681,1241,0.0,-0.0008333472224535399,1.0000000000000013,0.0
62224,48.14663577726296,1.0,560,681,1241,0.0,-0.0008333472224535399,1.0000000000000013,0.0
62225,48.1458024300405,1.0,560,681,1241,0.0,-0.0008333472224606453,1.0000000000000013,0.0
62226,48.144969082818044,1.0,560,681,1241,0.0,-0.0008333472224535399,1.0000000000000013,0.0
62227,48.14413573559559,0.9991941982272361,560,681,1241,-0.0008058017727639033,-0.0008333472224535399,0.999919419822725,-8.058017727639034e-05
62228,48.14330238837314,1.0,560,681,1241,0.0008058017727639033,-0.0008333472224535399,0.999919419822725,0.0
62229,48.14246904115068,1.0,560,681,1241,0.0,-0.0008333472224535399,0.999919419822725,0.0
62230,48.14163569392823,1.0,560,681,1241,0.0,-0.0008333472224535399,0.999919419822725,0.0
62231,48.140802346705776,1.0,560,681,1241,0.0,-0.0008333472224535399,0.999919419822725,0.0
62232,48.13996899948332,1.0,560,681,1241,0.0,-0.0008333472224535399,0.999919419822725,0.0
62233,48.13913565226087,1.0,560,681,1241,0.0,-0.0008333472224535399,0.999919419822725,0.0
62234,48.138302305038415,1.0,560,681,1241,0.0,-0.0008333472224535399,0.999919419822725,0.0
62235,48.13746895781596,1.0,560,681,1241,0.0,-0.0008333472224535399,0.999919419822725,0.0
62236,48.13663561059351,1.0,560,681,1241,0.0,-0.0008333472224535399,0.999919419822725,0.0
62237,48.135802263371055,1.0,560,681,1241,0.0,-0.0008333472224535399,1.0000000000000013,8.058017727639034e-05
62238,48.1349689161486,1.0,560,681,1241,0.0,-0.0008333472224535399,1.0000000000000013,0.0
62239,48.13413556892615,1.0,560,681,1241,0.0,-0.0008333472224535399,1.0000000000000013,0.0
62240,48.133302221703694,1.0,560,681,1241,0.0,-0.0008333472224535399,1.0000000000000013,0.0
62241,48.13246887448124,1.0,560,681,1241,0.0,-0.0008333472224535399,1.0000000000000013,0.0
62242,48.13163552725879,1.0,560,681,1241,0.0,-0.0008333472224535399,1.0000000000000013,0.0
62243,48.13080218003633,1.0,560,681,1241,0.0,-0.0008333472224535399,1.0000000000000013,0.0
62244,48.12996883281388,1.0,560,681,1241,0.0,-0.0008333472224535399,1.0000000000000013,0.0
62245,48.129135485591426,1.0,560,681,1241,0.0,-0.0008333472224535399,1.0000000000000013,0.0
62246,48.12830213836897,1.0,560,681,1241,0.0,-0.0008333472224535399,1.0000000000000013,0.0
62247,48.12746879114652,1.0,560,681,1241,0.0,-0.0008333472224535399,1.0000000000000013,0.0
62248,48.126635443924066,1.0,560,681,1241,0.0,-0.0008333472224535399,1.0000000000000013,0.0
62249,48.12580209670161,1.0,560,681,1241,0.0,-0.0008333472224535399,1.0000000000000013,0.0
62250,48.12496874947916,1.0,560,681,1241,0.0,-0.0008333472224535399,1.0000000000000013,0.0
62251,48.124135402256705,1.0,560,681,1241,0.0,-0.0008333472224535399,1.0000000000000013,0.0
62252,48.12330205503425,1.0,560,681,1241,0.0,-0.0008333472224535399,1.0000000000000013,0.0
62253,48.1224687078118,1.0,560,681,1241,0.0,-0.0008333472224535399,1.0000000000000013,0.0
62254,48.121635360589345,1.0,560,681,1241,0.0,-0.0008333472224535399,1.0000000000000013,0.0
62255,48.12080201336689,1.0,560,681,1241,0.0,-0.0008333472224535399,1.0000000000000013,0.0
62256,48.11996866614444,1.0,560,681,1241,0.0,-0.0008333472224535399,1.0000000000000013,0.0
62257,48.119135318921984,1.0,560,681,1241,0.0,-0.0008333472224535399,1.0000000000000013,0.0
62258,48.11830197169953,1.0,560,681,1241,0.0,-0.0008333472224535399,1.0000000000000013,0.0
62259,48.11746862447708,1.0,560,681,1241,0.0,-0.0008333472224535399,1.0000000000000013,0.0
62260,48.11663527725462,0.9991941982272361,560,681,1241,-0.0008058017727639033,-0.0008333472224535399,0.999919419822725,-8.058017727639034e-05
62261,48.11580193003217,0.9991941982272361,560,681,1241,0.0,-0.0008333472224535399,0.9998388396454487,-8.058017727639034e-05
62262,48.114968582809716,0.9991941982272361,560,681,1241,0.0,-0.0008333472224535399,0.9997582594681724,-8.058017727639034e-05
62263,48.11413523558726,1.0,560,681,1241,0.0008058017727639033,-0.0008333472224535399,0.9997582594681724,0.0
62264,48.11330188836481,1.0,560,681,1241,0.0,-0.0008333472224535399,0.9997582594681724,0.0
62265,48.112468541142356,1.0,560,681,1241,0.0,-0.0008333472224535399,0.9997582594681724,0.0
62266,48.111635193919895,1.0,560,681,1241,0.0,-0.0008333472224606453,0.9997582594681724,0.0
62267,48.11080184669744,0.9991941982272361,560,681,1241,-0.0008058017727639033,-0.0008333472224535399,0.999677679290896,-8.058017727639034e-05
62268,48.10996849947499,1.0,560,681,1241,0.0008058017727639033,-0.0008333472224535399,0.999677679290896,0.0
62269,48.109135152252534,1.0,560,681,1241,0.0,-0.0008333472224535399,0.999677679290896,0.0
62270,48.10830180503008,1.0,560,681,1241,0.0,-0.0008333472224535399,0.9997582594681724,8.058017727639034e-05
62271,48.10746845780763,1.0,560,681,1241,0.0,-0.0008333472224535399,0.9998388396454487,8.058017727639034e-05
62272,48.106635110585174,1.0,560,681,1241,0.0,-0.0008333472224535399,0.999919419822725,8.058017727639034e-05
62273,48.10580176336272,1.0,560,681,1241,0.0,-0.0008333472224535399,0.999919419822725,0.0
62274,48.10496841614027,1.0,560,681,1241,0.0,-0.0008333472224535399,0.999919419822725,0.0
62275,48.10413506891781,1.0,560,681,1241,0.0,-0.0008333472224535399,0.999919419822725,0.0
62276,48.10330172169536,1.0,560,681,1241,0.0,-0.0008333472224535399,0.999919419822725,0.0
62277,48.102468374472906,1.0,560,681,1241,0.0,-0.0008333472224535399,1.0000000000000013,8.058017727639034e-05
62278,48.10163502725045,1.0,560,681,1241,0.0,-0.0008333472224535399,1.0000000000000013,0.0
62279,48.100801680028,1.0,560,681,1241,0.0,-0.0008333472224535399,1.0000000000000013,0.0
62280,48.099968332805545,1.0,560,681,1241,0.0,-0.0008333472224535399,1.0000000000000013,0.0
62281,48.09913498558309,1.0,560,681,1241,0.0,-0.0008333472224535399,1.0000000000000013,0.0
62282,48.09830163836064,1.0,560,681,1241,0.0,-0.0008333472224535399,1.0000000000000013,0.0
62283,48.097468291138185,1.0,560,681,1241,0.0,-0.0008333472224535399,1.0000000000000013,0.0
62284,48.09663494391573,1.0,560,681,1241,0.0,-0.0008333472224535399,1.0000000000000013,0.0
62285,48.09580159669328,1.0,560,681,1241,0.0,-0.0008333472224535399,1.0000000000000013,0.0
62286,48.094968249470824,1.0,560,681,1241,0.0,-0.0008333472224535399,1.0000000000000013,0.0
62287,48.09413490224837,1.0,560,681,1241,0.0,-0.0008333472224535399,1.0000000000000013,0.0
62288,48.09330155502592,1.0,560,681,1241,0.0,-0.0008333472224535399,1.0000000000000013,0.0
62289,48.09246820780346,1.0,560,681,1241,0.0,-0.0008333472224535399,1.0000000000000013,0.0
62290,48.09163486058101,1.0,560,681,1241,0.0,-0.0008333472224535399,1.0000000000000013,0.0
62291,48.09080151335856,1.0,560,681,1241,0.0,-0.0008333472224535399,1.0000000000000013,0.0
62292,48.0899681661361,1.0,560,681,1241,0.0,-0.0008333472224535399,1.0000000000000013,0.0
62293,48.08913481891365,1.0,560,681,1241,0.0,-0.0008333472224535399,1.0000000000000013,0.0
62294,48.088301471691196,1.0,560,681,1241,0.0,-0.0008333472224535399,1.0000000000000013,0.0
62295,48.08746812446874,1.0,560,681,1241,0.0,-0.0008333472224535399,1.0000000000000013,0.0
62296,48.08663477724629,1.0,560,681,1241,0.0,-0.0008333472224535399,1.0000000000000013,0.0
62297,48.085801430023835,1.0,560,681,1241,0.0,-0.0008333472224535399,1.0000000000000013,0.0
62298,48.08496808280138,1.0,560,681,1241,0.0,-0.0008333472224535399,1.0000000000000013,0.0
62299,48.08413473557893,1.0,560,681,1241,0.0,-0.0008333472224535399,1.0000000000000013,0.0
62300,48.083301388356475,1.0,560,681,1241,0.0,-0.0008333472224535399,1.0000000000000013,0.0
62301,48.08246804113402,1.0,560,681,1241,0.0,-0.0008333472224535399,1.0000000000000013,0.0
62302,48.08163469391157,1.0,560,681,1241,0.0,-0.0008333472224535399,1.0000000000000013,0.0
62303,48.080801346689114,1.0,560,681,1241,0.0,-0.0008333472224535399,1.0000000000000013,0.0
62304,48.07996799946666,1.0,560,681,1241,0.0,-0.0008333472224535399,1.0000000000000013,0.0
62305,48.07913465224421,1.0,560,681,1241,0.0,-0.0008333472224535399,1.0000000000000013,0.0
62306,48.07830130502175,1.0,560,681,1241,0.0,-0.0008333472224535399,1.0000000000000013,0.0
62307,48.0774679577993,1.0,560,681,1241,0.0,-0.0008333472224535399,1.0000000000000013,0.0
62308,48.076634610576846,1.0,560,681,1241,0.0,-0.0008333472224535399,1.0000000000000013,0.0
62309,48.07580126335439,0.9991941982272361,560,681,1241,-0.0008058017727639033,-0.0008333472224535399,0.999919419822725,-8.058017727639034e-05
62310,48.07496791613193,0.9991941982272361,560,681,1241,0.0,-0.0008333472224606453,0.9998388396454487,-8.058017727639034e-05
62311,48.07413456890948,1.0,560,681,1241,0.0008058017727639033,-0.0008333472224535399,0.9998388396454487,0.0
62312,48.073301221687025,1.0,560,681,1241,0.0,-0.0008333472224535399,0.9998388396454487,0.0
62313,48.07246787446457,1.0,560,681,1241,0.0,-0.0008333472224535399,0.9998388396454487,0.0
62314,48.07163452724212,1.0,560,681,1241,0.0,-0.0008333472224535399,0.9998388396454487,0.0
62315,48.070801180019664,1.0,560,681,1241,0.0,-0.0008333472224535399,0.9998388396454487,0.0
62316,48.06996783279721,1.0,560,681,1241,0.0,-0.0008333472224535399,0.9998388396454487,0.0
62317,48.06913448557476,1.0,560,681,1241,0.0,-0.0008333472224535399,0.9998388396454487,0.0
62318,48.068301138352304,1.0,560,681,1241,0.0,-0.0008333472224535399,0.9998388396454487,0.0
62319,48.06746779112985,1.0,560,681,1241,0.0,-0.0008333472224535399,0.999919419822725,8.058017727639034e-05
62320,48.0666344439074,1.0,560,681,1241,0.0,-0.0008333472224535399,1.0000000000000013,8.058017727639034e-05
62321,48.06580109668494,1.0,560,681,1241,0.0,-0.0008333472224535399,1.0000000000000013,0.0
62322,48.06496774946249,1.0,560,681,1241,0.0,-0.0008333472224535399,1.0000000000000013,0.0
62323,48.064134402240036,1.0,560,681,1241,0.0,-0.0008333472224535399,1.0000000000000013,0.0
62324,48.06330105501758,1.0,560,681,1241,0.0,-0.0008333472224535399,1.0000000000000013,0.0
62325,48.06246770779513,1.0,560,681,1241,0.0,-0.0008333472224535399,1.0000000000000013,0.0
62326,48.061634360572675,1.0,560,681,1241,0.0,-0.0008333472224535399,1.0000000000000013,0.0
62327,48.06080101335022,0.9991941982272361,560,681,1241,-0.0008058017727639033,-0.0008333472224535399,0.999919419822725,-8.058017727639034e-05
62328,48.05996766612777,0.9991941982272361,560,681,1241,0.0,-0.0008333472224535399,0.9998388396454487,-8.058017727639034e-05
62329,48.059134318905315,0.9991941982272361,560,681,1241,0.0,-0.0008333472224535399,0.9997582594681724,-8.058017727639034e-05
62330,48.05830097168286,1.0,560,681,1241,0.0008058017727639033,-0.0008333472224535399,0.9997582594681724,0.0
62331,48.05746762446041,1.0,560,681,1241,0.0,-0.0008333472224535399,0.9997582594681724,0.0
62332,48.056634277237954,1.0,560,681,1241,0.0,-0.0008333472224535399,0.9997582594681724,0.0
62333,48.0558009300155,1.0,560,681,1241,0.0,-0.0008333472224535399,0.9997582594681724,0.0
62334,48.05496758279305,0.9991941982272361,560,681,1241,-0.0008058017727639033,-0.0008333472224535399,0.999677679290896,-8.058017727639034e-05
62335,48.054134235570594,0.9991941982272361,560,681,1241,0.0,-0.0008333472224535399,0.9995970991136197,-8.058017727639034e-05
62336,48.05330088834814,1.0,560,681,1241,0.0008058017727639033,-0.0008333472224535399,0.9995970991136197,0.0
62337,48.05246754112569,1.0,560,681,1241,0.0,-0.0008333472224535399,0.999677679290896,8.058017727639034e-05
62338,48.05163419390323,0.9991941982272361,560,681,1241,-0.0008058017727639033,-0.0008333472224535399,0.999677679290896,0.0
62339,48.05080084668078,0.9991941982272361,560,681,1241,0.0,-0.0008333472224535399,0.999677679290896,0.0
62340,48.049967499458326,0.9991941982272361,560,681,1241,0.0,-0.0008333472224535399,0.9995970991136197,-8.058017727639034e-05
62341,48.04913415223587,0.9991941982272361,560,681,1241,0.0,-0.0008333472224535399,0.9995165189363433,-8.058017727639034e-05
62342,48.04830080501342,1.0,560,681,1241,0.0008058017727639033,-0.0008333472224535399,0.9995165189363433,0.0
62343,48.047467457790965,1.0,560,681,1241,0.0,-0.0008333472224535399,0.9995165189363433,0.0
62344,48.04663411056851,1.0,560,681,1241,0.0,-0.0008333472224535399,0.9995970991136197,8.058017727639034e-05
62345,48.04580076334606,1.0,560,681,1241,0.0,-0.0008333472224535399,0.999677679290896,8.058017727639034e-05
62346,48.044967416123605,1.0,560,681,1241,0.0,-0.0008333472224535399,0.999677679290896,0.0
62347,48.04413406890115,1.0,560,681,1241,0.0,-0.0008333472224535399,0.999677679290896,0.0
62348,48.0433007216787,1.0,560,681,1241,0.0,-0.0008333472224535399,0.9997582594681724,8.058017727639034e-05
62349,48.042467374456244,1.0,560,681,1241,0.0,-0.0008333472224535399,0.9998388396454487,8.058017727639034e-05
62350,48.04163402723379,1.0,560,681,1241,0.0,-0.0008333472224535399,0.999919419822725,8.058017727639034e-05
62351,48.04080068001133,1.0,560,681,1241,0.0,-0.0008333472224606453,1.0000000000000013,8.058017727639034e-05
62352,48.039967332788876,1.0,560,681,1241,0.0,-0.0008333472224535399,1.0000000000000013,0.0
62353,48.03913398556642,1.0,560,681,1241,0.0,-0.0008333472224535399,1.0000000000000013,0.0
62354,48.03830063834397,1.0,560,681,1241,0.0,-0.0008333472224535399,1.0000000000000013,0.0
62355,48.037467291121516,1.0,560,681,1241,0.0,-0.0008333472224535399,1.0000000000000013,0.0
62356,48.03663394389906,1.0,560,681,1241,0.0,-0.0008333472224535399,1.0000000000000013,0.0
62357,48.03580059667661,1.0,560,681,1241,0.0,-0.0008333472224535399,1.0000000000000013,0.0
62358,48.034967249454155,1.0,560,681,1241,0.0,-0.0008333472224535399,1.0000000000000013,0.0
62359,48.0341339022317,1.0,560,681,1241,0.0,-0.0008333472224535399,1.0000000000000013,0.0
62360,48.03330055500925,1.0,560,681,1241,0.0,-0.0008333472224535399,1.0000000000000013,0.0
62361,48.032467207786794,0.9991941982272361,560,681,1241,-0.0008058017727639033,-0.0008333472224535399,0.999919419822725,-8.058017727639034e-05
62362,48.03163386056434,0.9991941982272361,560,681,1241,0.0,-0.0008333472224535399,0.9998388396454487,-8.058017727639034e-05
62363,48.03080051334189,1.0,560,681,1241,0.0008058017727639033,-0.0008333472224535399,0.9998388396454487,0.0
62364,48.029967166119434,1.0,560,681,1241,0.0,-0.0008333472224535399,0.9998388396454487,0.0
62365,48.02913381889698,1.0,560,681,1241,0.0,-0.0008333472224535399,0.9998388396454487,0.0
62366,48.02830047167453,1.0,560,681,1241,0.0,-0.0008333472224535399,0.9998388396454487,0.0
62367,48.02746712445207,1.0,560,681,1241,0.0,-0.0008333472224535399,0.9998388396454487,0.0
62368,48.02663377722962,1.0,560,681,1241,0.0,-0.0008333472224535399,0.9998388396454487,0.0
62369,48.025800430007166,1.0,560,681,1241,0.0,-0.0008333472224535399,0.9998388396454487,0.0
62370,48.02496708278471,1.0,560,681,1241,0.0,-0.0008333472224535399,0.9998388396454487,0.0
62371,48.02413373556226,1.0,560,681,1241,0.0,-0.0008333472224535399,0.999919419822725,8.058017727639034e-05
62372,48.023300388339806,1.0,560,681,1241,0.0,-0.0008333472224535399,1.0000000000000013,8.058017727639034e-05
62373,48.02246704111735,1.0,560,681,1241,0.0,-0.0008333472224535399,1.0000000000000013,0.0
62374,48.0216336938949,1.0,560,681,1241,0.0,-0.0008333472224535399,1.0000000000000013,0.0
62375,48.020800346672445,1.0,560,681,1241,0.0,-0.0008333472224535399,1.0000000000000013,0.0
62376,48.01996699944999,1.0,560,681,1241,0.0,-0.0008333472224535399,1.0000000000000013,0.0
62377,48.01913365222754,1.0,560,681,1241,0.0,-0.0008333472224535399,1.0000000000000013,0.0
62378,48.018300305005084,1.0,560,681,1241,0.0,-0.0008333472224535399,1.0000000000000013,0.0
62379,48.01746695778263,1.0,560,681,1241,0.0,-0.0008333472224535399,1.0000000000000013,0.0
62380,48.01663361056018,0.9991941982272361,560,681,1241,-0.0008058017727639033,-0.0008333472224535399,0.999919419822725,-8.058017727639034e-05
62381,48.015800263337724,0.9991941982272361,560,681,1241,0.0,-0.0008333472224535399,0.9998388396454487,-8.058017727639034e-05
62382,48.01496691611527,0.9991941982272361,560,681,1241,0.0,-0.0008333472224535399,0.9997582594681724,-8.058017727639034e-05
62383,48.01413356889282,0.9991941982272361,560,681,1241,0.0,-0.0008333472224535399,0.999677679290896,-8.058017727639034e-05
62384,48.01330022167036,0.9991941982272361,560,681,1241,0.0,-0.0008333472224535399,0.9995970991136197,-8.058017727639034e-05
62385,48.01246687444791,0.9991941982272361,560,681,1241,0.0,-0.0008333472224535399,0.9995165189363433,-8.058017727639034e-05
62386,48.011633527225456,0.9991941982272361,560,681,1241,0.0,-0.0008333472224535399,0.999435938759067,-8.058017727639034e-05
62387,48.010800180003,1.0,560,681,1241,0.0008058017727639033,-0.0008333472224535399,0.999435938759067,0.0
62388,48.00996683278055,1.0,560,681,1241,0.0,-0.0008333472224535399,0.999435938759067,0.0
62389,48.009133485558095,1.0,560,681,1241,0.0,-0.0008333472224535399,0.999435938759067,0.0
62390,48.00830013833564,1.0,560,681,1241,0.0,-0.0008333472224535399,0.9995165189363433,8.058017727639034e-05
62391,48.00746679111319,1.0,560,681,1241,0.0,-0.0008333472224535399,0.9995970991136197,8.058017727639034e-05
62392,48.006633443890735,1.0,560,681,1241,0.0,-0.0008333472224535399,0.999677679290896,8.058017727639034e-05
62393,48.00580009666828,1.0,560,681,1241,0.0,-0.0008333472224535399,0.9997582594681724,8.058017727639034e-05
62394,48.00496674944583,1.0,560,681,1241,0.0,-0.0008333472224535399,0.9998388396454487,8.058017727639034e-05
62395,48.00413340222337,1.0,560,681,1241,0.0,-0.0008333472224606453,0.999919419822725,8.058017727639034e-05
62396,48.00330005500091,1.0,560,681,1241,0.0,-0.0008333472224535399,1.0000000000000013,8.058017727639034e-05
62397,48.00246670777846,1.0,560,681,1241,0.0,-0.0008333472224535399,1.0000000000000013,0.0
62398,48.001633360556006,1.0,560,681,1241,0.0,-0.0008333472224535399,1.0000000000000013,0.0
62399,48.00080001333355,1.0,560,681,1241,0.0,-0.0008333472224535399,1.0000000000000013,0.0
62400,47.9999666661111,1.0,560,681,1241,0.0,-0.0008333472224535399,1.0000000000000013,0.0
62401,47.999133318888646,1.0,560,681,1241,0.0,-0.0008333472224535399,1.0000000000000013,0.0
62402,47.99829997166619,1.0,560,681,1241,0.0,-0.0008333472224535399,1.0000000000000013,0.0
62403,47.99746662444374,1.0,560,681,1241,0.0,-0.0008333472224535399,1.0000000000000013,0.0
62404,47.996633277221285,1.0,560,681,1241,0.0,-0.0008333472224535399,1.0000000000000013,0.0
62405,47.99579992999883,1.0,560,681,1241,0.0,-0.0008333472224535399,1.0000000000000013,0.0
62406,47.99496658277638,1.0,560,681,1241,0.0,-0.0008333472224535399,1.0000000000000013,0.0
62407,47.994133235553925,1.0,560,681,1241,0.0,-0.0008333472224535399,1.0000000000000013,0.0
62408,47.99329988833147,1.0,560,681,1241,0.0,-0.0008333472224535399,1.0000000000000013,0.0
62409,47.99246654110902,1.0,560,681,1241,0.0,-0.0008333472224535399,1.0000000000000013,0.0
62410,47.991633193886564,1.0,560,681,1241,0.0,-0.0008333472224535399,1.0000000000000013,0.0
62411,47.99079984666411,1.0,560,681,1241,0.0,-0.0008333472224535399,1.0000000000000013,0.0
62412,47.98996649944166,1.0,560,681,1241,0.0,-0.0008333472224535399,1.0000000000000013,0.0
62413,47.9891331522192,1.0,560,681,1241,0.0,-0.0008333472224535399,1.0000000000000013,0.0
62414,47.98829980499675,1.0,560,681,1241,0.0,-0.0008333472224535399,1.0000000000000013,0.0
62415,47.987466457774296,1.0,560,681,1241,0.0,-0.0008333472224535399,1.0000000000000013,0.0
62416,47.98663311055184,1.0,560,681,1241,0.0,-0.0008333472224535399,1.0000000000000013,0.0
62417,47.98579976332939,1.0,560,681,1241,0.0,-0.0008333472224535399,1.0000000000000013,0.0
62418,47.984966416106936,1.0,560,681,1241,0.0,-0.0008333472224535399,1.0000000000000013,0.0
62419,47.98413306888448,1.0,560,681,1241,0.0,-0.0008333472224535399,1.0000000000000013,0.0
62420,47.98329972166203,1.0,560,681,1241,0.0,-0.0008333472224535399,1.0000000000000013,0.0
62421,47.982466374439575,1.0,560,681,1241,0.0,-0.0008333472224535399,1.0000000000000013,0.0
62422,47.98163302721712,1.0,560,681,1241,0.0,-0.0008333472224535399,1.0000000000000013,0.0
62423,47.98079967999467,1.0,560,681,1241,0.0,-0.0008333472224535399,1.0000000000000013,0.0
62424,47.979966332772214,1.0,560,681,1241,0.0,-0.0008333472224535399,1.0000000000000013,0.0
62425,47.97913298554976,1.0,560,681,1241,0.0,-0.0008333472224535399,1.0000000000000013,0.0
62426,47.97829963832731,1.0,560,681,1241,0.0,-0.0008333472224535399,1.0000000000000013,0.0
62427,47.977466291104854,1.0,560,681,1241,0.0,-0.0008333472224535399,1.0000000000000013,0.0
62428,47.9766329438824,1.0,560,681,1241,0.0,-0.0008333472224535399,1.0000000000000013,0.0
62429,47.97579959665995,1.0,560,681,1241,0.0,-0.0008333472224535399,1.0000000000000013,0.0
62430,47.97496624943749,1.0,560,681,1241,0.0,-0.0008333472224535399,1.0000000000000013,0.0
62431,47.97413290221504,1.0,560,681,1241,0.0,-0.0008333472224535399,1.0000000000000013,0.0
62432,47.973299554992586,1.0,560,681,1241,0.0,-0.0008333472224535399,1.0000000000000013,0.0
62433,47.97246620777013,1.0,560,681,1241,0.0,-0.0008333472224535399,1.0000000000000013,0.0
62434,47.97163286054768,1.0,560,681,1241,0.0,-0.0008333472224535399,1.0000000000000013,0.0
62435,47.97079951332522,1.0,560,681,1241,0.0,-0.0008333472224606453,1.0000000000000013,0.0
62436,47.969966166102765,0.9991941982272361,560,681,1241,-0.0008058017727639033,-0.0008333472224535399,0.999919419822725,-8.058017727639034e-05
62437,47.96913281888031,0.9991941982272361,560,681,1241,0.0,-0.0008333472224535399,0.9998388396454487,-8.058017727639034e-05
62438,47.96829947165786,1.0,560,681,1241,0.0008058017727639033,-0.0008333472224535399,0.9998388396454487,0.0
62439,47.967466124435404,1.0,560,681,1241,0.0,-0.0008333472224535399,0.9998388396454487,0.0
62440,47.96663277721295,1.0,560,681,1241,0.0,-0.0008333472224535399,0.9998388396454487,0.0
62441,47.9657994299905,1.0,560,681,1241,0.0,-0.0008333472224535399,0.9998388396454487,0.0
62442,47.96496608276804,1.0,560,681,1241,0.0,-0.0008333472224535399,0.9998388396454487,0.0
62443,47.96413273554559,1.0,560,681,1241,0.0,-0.0008333472224535399,0.9998388396454487,0.0
62444,47.963299388323136,1.0,560,681,1241,0.0,-0.0008333472224535399,0.9998388396454487,0.0
62445,47.96246604110068,1.0,560,681,1241,0.0,-0.0008333472224535399,0.9998388396454487,0.0
62446,47.96163269387823,1.0,560,681,1241,0.0,-0.0008333472224535399,0.999919419822725,8.058017727639034e-05
62447,47.960799346655776,1.0,560,681,1241,0.0,-0.0008333472224535399,1.0000000000000013,8.058017727639034e-05
62448,47.95996599943332,1.0,560,681,1241,0.0,-0.0008333472224535399,1.0000000000000013,0.0
62449,47.95913265221087,1.0,560,681,1241,0.0,-0.0008333472224535399,1.0000000000000013,0.0
62450,47.958299304988415,1.0,560,681,1241,0.0,-0.0008333472224535399,1.0000000000000013,0.0
62451,47.95746595776596,1.0,560,681,1241,0.0,-0.0008333472224535399,1.0000000000000013,0.0
62452,47.95663261054351,0.9991941982272361,560,681,1241,-0.0008058017727639033,-0.0008333472224535399,0.999919419822725,-8.058017727639034e-05
62453,47.955799263321055,0.9991941982272361,560,681,1241,0.0,-0.0008333472224535399,0.9998388396454487,-8.058017727639034e-05
62454,47.9549659160986,0.9991941982272361,560,681,1241,0.0,-0.0008333472224535399,0.9997582594681724,-8.058017727639034e-05
62455,47.95413256887615,1.0,560,681,1241,0.0008058017727639033,-0.0008333472224535399,0.9997582594681724,0.0
62456,47.953299221653694,1.0,560,681,1241,0.0,-0.0008333472224535399,0.9997582594681724,0.0
62457,47.95246587443124,1.0,560,681,1241,0.0,-0.0008333472224535399,0.9997582594681724,0.0
62458,47.95163252720879,1.0,560,681,1241,0.0,-0.0008333472224535399,0.9997582594681724,0.0
62459,47.95079917998633,1.0,560,681,1241,0.0,-0.0008333472224535399,0.9997582594681724,0.0
62460,47.94996583276388,1.0,560,681,1241,0.0,-0.0008333472224535399,0.9997582594681724,0.0
62461,47.949132485541426,1.0,560,681,1241,0.0,-0.0008333472224535399,0.9997582594681724,0.0
62462,47.94829913831897,1.0,560,681,1241,0.0,-0.0008333472224535399,0.9998388396454487,8.058017727639034e-05
62463,47.94746579109652,1.0,560,681,1241,0.0,-0.0008333472224535399,0.999919419822725,8.058017727639034e-05
62464,47.946632443874066,0.9991941982272361,560,681,1241,-0.0008058017727639033,-0.0008333472224535399,0.999919419822725,0.0
62465,47.94579909665161,0.9991941982272361,560,681,1241,0.0,-0.0008333472224535399,0.9998388396454487,-8.058017727639034e-05
62466,47.94496574942916,1.0,560,681,1241,0.0008058017727639033,-0.0008333472224535399,0.9998388396454487,0.0
62467,47.944132402206705,1.0,560,681,1241,0.0,-0.0008333472224535399,0.9998388396454487,0.0
62468,47.94329905498425,1.0,560,681,1241,0.0,-0.0008333472224535399,0.9998388396454487,0.0
62469,47.9424657077618,1.0,560,681,1241,0.0,-0.0008333472224535399,0.9998388396454487,0.0
62470,47.941632360539344,1.0,560,681,1241,0.0,-0.0008333472224535399,0.9998388396454487,0.0
62471,47.94079901331689,1.0,560,681,1241,0.0,-0.0008333472224535399,0.9998388396454487,0.0
62472,47.93996566609444,1.0,560,681,1241,0.0,-0.0008333472224535399,0.9998388396454487,0.0
62473,47.939132318871984,1.0,560,681,1241,0.0,-0.0008333472224535399,0.9998388396454487,0.0
62474,47.93829897164953,1.0,560,681,1241,0.0,-0.0008333472224535399,0.999919419822725,8.058017727639034e-05
62475,47.93746562442708,1.0,560,681,1241,0.0,-0.0008333472224535399,1.0000000000000013,8.058017727639034e-05
62476,47.93663227720462,1.0,560,681,1241,0.0,-0.0008333472224535399,1.0000000000000013,0.0
62477,47.93579892998217,1.0,560,681,1241,0.0,-0.0008333472224535399,1.0000000000000013,0.0
62478,47.934965582759716,1.0,560,681,1241,0.0,-0.0008333472224535399,1.0000000000000013,0.0
62479,47.93413223553726,1.0,560,681,1241,0.0,-0.0008333472224535399,1.0000000000000013,0.0
62480,47.9332988883148,1.0,560,681,1241,0.0,-0.0008333472224606453,1.0000000000000013,0.0
62481,47.93246554109235,1.0,560,681,1241,0.0,-0.0008333472224535399,1.0000000000000013,0.0
62482,47.931632193869895,1.0,560,681,1241,0.0,-0.0008333472224535399,1.0000000000000013,0.0
62483,47.93079884664744,1.0,560,681,1241,0.0,-0.0008333472224535399,1.0000000000000013,0.0
62484,47.92996549942499,0.9991941982272361,560,681,1241,-0.0008058017727639033,-0.0008333472224535399,0.999919419822725,-8.058017727639034e-05
62485,47.929132152202534,0.9991941982272361,560,681,1241,0.0,-0.0008333472224535399,0.9998388396454487,-8.058017727639034e-05
62486,47.92829880498008,0.9991941982272361,560,681,1241,0.0,-0.0008333472224535399,0.9997582594681724,-8.058017727639034e-05
62487,47.92746545775763,0.9991941982272361,560,681,1241,0.0,-0.0008333472224535399,0.999677679290896,-8.058017727639034e-05
62488,47.926632110535174,0.9991941982272361,560,681,1241,0.0,-0.0008333472224535399,0.9995970991136197,-8.058017727639034e-05
62489,47.92579876331272,0.9991941982272361,560,681,1241,0.0,-0.0008333472224535399,0.9995165189363433,-8.058017727639034e-05
62490,47.92496541609027,0.9991941982272361,560,681,1241,0.0,-0.0008333472224535399,0.999435938759067,-8.058017727639034e-05
62491,47.92413206886781,1.0,560,681,1241,0.0008058017727639033,-0.0008333472224535399,0.999435938759067,0.0
62492,47.92329872164536,1.0,560,681,1241,0.0,-0.0008333472224535399,0.999435938759067,0.0
62493,47.922465374422906,1.0,560,681,1241,0.0,-0.0008333472224535399,0.999435938759067,0.0
62494,47.92163202720045,1.0,560,681,1241,0.0,-0.0008333472224535399,0.9995165189363433,8.058017727639034e-05
62495,47.920798679978,1.0,560,681,1241,0.0,-0.0008333472224535399,0.9995970991136197,8.058017727639034e-05
62496,47.919965332755545,1.0,560,681,1241,0.0,-0.0008333472224535399,0.999677679290896,8.058017727639034e-05
62497,47.91913198553309,1.0,560,681,1241,0.0,-0.0008333472224535399,0.9997582594681724,8.058017727639034e-05
62498,47.91829863831064,1.0,560,681,1241,0.0,-0.0008333472224535399,0.9998388396454487,8.058017727639034e-05
62499,47.917465291088185,1.0,560,681,1241,0.0,-0.0008333472224535399,0.999919419822725,8.058017727639034e-05
62500,47.91663194386573,0.9991941982272361,560,681,1241,-0.0008058017727639033,-0.0008333472224535399,0.999919419822725,0.0
62501,47.91579859664328,0.9991941982272361,560,681,1241,0.0,-0.0008333472224535399,0.9998388396454487,-8.058017727639034e-05
62502,47.914965249420824,0.9991941982272361,560,681,1241,0.0,-0.0008333472224535399,0.9997582594681724,-8.058017727639034e-05
62503,47.91413190219837,0.9991941982272361,560,681,1241,0.0,-0.0008333472224535399,0.999677679290896,-8.058017727639034e-05
62504,47.91329855497592,0.9991941982272361,560,681,1241,0.0,-0.0008333472224535399,0.9995970991136197,-8.058017727639034e-05
62505,47.91246520775346,0.9991941982272361,560,681,1241,0.0,-0.0008333472224535399,0.9995165189363433,-8.058017727639034e-05
62506,47.91163186053101,0.9991941982272361,560,681,1241,0.0,-0.0008333472224535399,0.999435938759067,-8.058017727639034e-05
62507,47.910798513308556,0.9991941982272361,560,681,1241,0.0,-0.0008333472224535399,0.9993553585817907,-8.058017727639034e-05
62508,47.9099651660861,1.0,560,681,1241,0.0008058017727639033,-0.0008333472224535399,0.9993553585817907,0.0
62509,47.90913181886365,1.0,560,681,1241,0.0,-0.0008333472224535399,0.9993553585817907,0.0
62510,47.908298471641196,1.0,560,681,1241,0.0,-0.0008333472224535399,0.999435938759067,8.058017727639034e-05
62511,47.90746512441874,1.0,560,681,1241,0.0,-0.0008333472224535399,0.9995165189363433,8.058017727639034e-05
62512,47.90663177719629,1.0,560,681,1241,0.0,-0.0008333472224535399,0.9995970991136197,8.058017727639034e-05
62513,47.905798429973835,1.0,560,681,1241,0.0,-0.0008333472224535399,0.999677679290896,8.058017727639034e-05
62514,47.90496508275138,1.0,560,681,1241,0.0,-0.0008333472224535399,0.9997582594681724,8.058017727639034e-05
62515,47.90413173552893,1.0,560,681,1241,0.0,-0.0008333472224535399,0.9998388396454487,8.058017727639034e-05
62516,47.903298388306474,1.0,560,681,1241,0.0,-0.0008333472224535399,0.999919419822725,8.058017727639034e-05
62517,47.90246504108402,1.0,560,681,1241,0.0,-0.0008333472224535399,1.0000000000000013,8.058017727639034e-05
62518,47.90163169386157,1.0,560,681,1241,0.0,-0.0008333472224535399,1.0000000000000013,0.0
62519,47.900798346639114,1.0,560,681,1241,0.0,-0.0008333472224535399,1.0000000000000013,0.0
62520,47.89996499941665,1.0,560,681,1241,0.0,-0.0008333472224606453,1.0000000000000013,0.0
62521,47.8991316521942,1.0,560,681,1241,0.0,-0.0008333472224535399,1.0000000000000013,0.0
62522,47.898298304971746,1.0,560,681,1241,0.0,-0.0008333472224535399,1.0000000000000013,0.0
62523,47.89746495774929,1.0,560,681,1241,0.0,-0.0008333472224535399,1.0000000000000013,0.0
62524,47.89663161052684,1.0,560,681,1241,0.0,-0.0008333472224535399,1.0000000000000013,0.0
62525,47.895798263304386,1.0,560,681,1241,0.0,-0.0008333472224535399,1.0000000000000013,0.0
62526,47.89496491608193,1.0,560,681,1241,0.0,-0.0008333472224535399,1.0000000000000013,0.0
62527,47.89413156885948,1.0,560,681,1241,0.0,-0.0008333472224535399,1.0000000000000013,0.0
62528,47.893298221637025,1.0,560,681,1241,0.0,-0.0008333472224535399,1.0000000000000013,0.0
62529,47.89246487441457,1.0,560,681,1241,0.0,-0.0008333472224535399,1.0000000000000013,0.0
62530,47.89163152719212,1.0,560,681,1241,0.0,-0.0008333472224535399,1.0000000000000013,0.0
62531,47.890798179969664,1.0,560,681,1241,0.0,-0.0008333472224535399,1.0000000000000013,0.0
62532,47.88996483274721,1.0,560,681,1241,0.0,-0.0008333472224535399,1.0000000000000013,0.0
62533,47.88913148552476,1.0,560,681,1241,0.0,-0.0008333472224535399,1.0000000000000013,0.0
62534,47.888298138302304,1.0,560,681,1241,0.0,-0.0008333472224535399,1.0000000000000013,0.0
62535,47.88746479107985,1.0,560,681,1241,0.0,-0.0008333472224535399,1.0000000000000013,0.0
62536,47.8866314438574,1.0,560,681,1241,0.0,-0.0008333472224535399,1.0000000000000013,0.0
62537,47.88579809663494,1.0,560,681,1241,0.0,-0.0008333472224535399,1.0000000000000013,0.0
62538,47.88496474941249,1.0,560,681,1241,0.0,-0.0008333472224535399,1.0000000000000013,0.0
62539,47.884131402190036,1.0,560,681,1241,0.0,-0.0008333472224535399,1.0000000000000013,0.0
62540,47.88329805496758,1.0,560,681,1241,0.0,-0.0008333472224535399,1.0000000000000013,0.0
62541,47.88246470774513,1.0,560,681,1241,0.0,-0.0008333472224535399,1.0000000000000013,0.0
62542,47.881631360522675,1.0,560,681,1241,0.0,-0.0008333472224535399,1.0000000000000013,0.0
62543,47.88079801330022,1.0,560,681,1241,0.0,-0.0008333472224535399,1.0000000000000013,0.0
62544,47.87996466607777,1.0,560,681,1241,0.0,-0.0008333472224535399,1.0000000000000013,0.0
62545,47.879131318855315,1.0,560,681,1241,0.0,-0.0008333472224535399,1.0000000000000013,0.0
62546,47.87829797163286,1.0,560,681,1241,0.0,-0.0008333472224535399,1.0000000000000013,0.0
62547,47.87746462441041,1.0,560,681,1241,0.0,-0.0008333472224535399,1.0000000000000013,0.0
62548,47.876631277187954,1.0,560,681,1241,0.0,-0.0008333472224535399,1.0000000000000013,0.0
62549,47.8757979299655,1.0,560,681,1241,0.0,-0.0008333472224535399,1.0000000000000013,0.0
62550,47.87496458274305,1.0,560,681,1241,0.0,-0.0008333472224535399,1.0000000000000013,0.0
62551,47.87413123552059,1.0,560,681,1241,0.0,-0.0008333472224535399,1.0000000000000013,0.0
62552,47.87329788829814,1.0,560,681,1241,0.0,-0.0008333472224535399,1.0000000000000013,0.0
62553,47.872464541075686,1.0,560,681,1241,0.0,-0.0008333472224535399,1.0000000000000013,0.0
62554,47.87163119385323,1.0,560,681,1241,0.0,-0.0008333472224535399,1.0000000000000013,0.0
62555,47.87079784663078,1.0,560,681,1241,0.0,-0.0008333472224535399,1.0000000000000013,0.0
62556,47.869964499408326,0.9991941982272361,560,681,1241,-0.0008058017727639033,-0.0008333472224535399,0.999919419822725,-8.058017727639034e-05
62557,47.86913115218587,0.9991941982272361,560,681,1241,0.0,-0.0008333472224535399,0.9998388396454487,-8.058017727639034e-05
62558,47.86829780496342,1.0,560,681,1241,0.0008058017727639033,-0.0008333472224535399,0.9998388396454487,0.0
62559,47.867464457740965,1.0,560,681,1241,0.0,-0.0008333472224535399,0.9998388396454487,0.0
62560,47.86663111051851,1.0,560,681,1241,0.0,-0.0008333472224535399,0.9998388396454487,0.0
62561,47.86579776329606,1.0,560,681,1241,0.0,-0.0008333472224535399,0.9998388396454487,0.0
62562,47.864964416073605,1.0,560,681,1241,0.0,-0.0008333472224535399,0.9998388396454487,0.0
62563,47.86413106885115,1.0,560,681,1241,0.0,-0.0008333472224535399,0.9998388396454487,0.0
62564,47.8632977216287,1.0,560,681,1241,0.0,-0.0008333472224535399,0.9998388396454487,0.0
62565,47.86246437440624,1.0,560,681,1241,0.0,-0.0008333472224606453,0.9998388396454487,0.0
62566,47.86163102718378,1.0,560,681,1241,0.0,-0.0008333472224535399,0.999919419822725,8.058017727639034e-05
62567,47.86079767996133,1.0,560,681,1241,0.0,-0.0008333472224535399,1.0000000000000013,8.058017727639034e-05
62568,47.859964332738876,1.0,560,681,1241,0.0,-0.0008333472224535399,1.0000000000000013,0.0
62569,47.85913098551642,1.0,560,681,1241,0.0,-0.0008333472224535399,1.0000000000000013,0.0
62570,47.85829763829397,1.0,560,681,1241,0.0,-0.0008333472224535399,1.0000000000000013,0.0
62571,47.857464291071516,1.0,560,681,1241,0.0,-0.0008333472224535399,1.0000000000000013,0.0
62572,47.85663094384906,1.0,560,681,1241,0.0,-0.0008333472224535399,1.0000000000000013,0.0
62573,47.85579759662661,1.0,560,681,1241,0.0,-0.0008333472224535399,1.0000000000000013,0.0
62574,47.854964249404155,1.0,560,681,1241,0.0,-0.0008333472224535399,1.0000000000000013,0.0
62575,47.8541309021817,1.0,560,681,1241,0.0,-0.0008333472224535399,1.0000000000000013,0.0
62576,47.85329755495925,1.0,560,681,1241,0.0,-0.0008333472224535399,1.0000000000000013,0.0
62577,47.852464207736794,1.0,560,681,1241,0.0,-0.0008333472224535399,1.0000000000000013,0.0
62578,47.85163086051434,1.0,560,681,1241,0.0,-0.0008333472224535399,1.0000000000000013,0.0
62579,47.85079751329189,1.0,560,681,1241,0.0,-0.0008333472224535399,1.0000000000000013,0.0
62580,47.849964166069434,1.0,560,681,1241,0.0,-0.0008333472224535399,1.0000000000000013,0.0
62581,47.84913081884698,1.0,560,681,1241,0.0,-0.0008333472224535399,1.0000000000000013,0.0
62582,47.84829747162453,1.0,560,681,1241,0.0,-0.0008333472224535399,1.0000000000000013,0.0
62583,47.84746412440207,1.0,560,681,1241,0.0,-0.0008333472224535399,1.0000000000000013,0.0
62584,47.84663077717962,1.0,560,681,1241,0.0,-0.0008333472224535399,1.0000000000000013,0.0
62585,47.845797429957166,1.0,560,681,1241,0.0,-0.0008333472224535399,1.0000000000000013,0.0
62586,47.84496408273471,1.0,560,681,1241,0.0,-0.0008333472224535399,1.0000000000000013,0.0
62587,47.84413073551226,1.0,560,681,1241,0.0,-0.0008333472224535399,1.0000000000000013,0.0
62588,47.843297388289805,1.0,560,681,1241,0.0,-0.0008333472224535399,1.0000000000000013,0.0
62589,47.84246404106735,1.0,560,681,1241,0.0,-0.0008333472224535399,1.0000000000000013,0.0
62590,47.8416306938449,1.0,560,681,1241,0.0,-0.0008333472224535399,1.0000000000000013,0.0
62591,47.840797346622445,1.0,560,681,1241,0.0,-0.0008333472224535399,1.0000000000000013,0.0
62592,47.83996399939999,1.0,560,681,1241,0.0,-0.0008333472224535399,1.0000000000000013,0.0
62593,47.83913065217754,1.0,560,681,1241,0.0,-0.0008333472224535399,1.0000000000000013,0.0
62594,47.838297304955084,1.0,560,681,1241,0.0,-0.0008333472224535399,1.0000000000000013,0.0
62595,47.83746395773263,1.0,560,681,1241,0.0,-0.0008333472224535399,1.0000000000000013,0.0
62596,47.83663061051018,1.0,560,681,1241,0.0,-0.0008333472224535399,1.0000000000000013,0.0
62597,47.83579726328772,1.0,560,681,1241,0.0,-0.0008333472224535399,1.0000000000000013,0.0
62598,47.83496391606527,1.0,560,681,1241,0.0,-0.0008333472224535399,1.0000000000000013,0.0
62599,47.834130568842816,0.9991941982272361,560,681,1241,-0.0008058017727639033,-0.0008333472224535399,0.999919419822725,-8.058017727639034e-05
62600,47.83329722162036,1.0,560,681,1241,0.0008058017727639033,-0.0008333472224535399,0.999919419822725,0.0
62601,47.83246387439791,1.0,560,681,1241,0.0,-0.0008333472224535399,0.999919419822725,0.0
62602,47.831630527175456,1.0,560,681,1241,0.0,-0.0008333472224535399,0.999919419822725,0.0
62603,47.830797179953,1.0,560,681,1241,0.0,-0.0008333472224535399,0.999919419822725,0.0
62604,47.82996383273055,1.0,560,681,1241,0.0,-0.0008333472224535399,0.999919419822725,0.0
62605,47.82913048550809,1.0,560,681,1241,0.0,-0.0008333472224606453,0.999919419822725,0.0
62606,47.828297138285635,1.0,560,681,1241,0.0,-0.0008333472224535399,0.999919419822725,0.0
62607,47.82746379106318,1.0,560,681,1241,0.0,-0.0008333472224535399,0.999919419822725,0.0
62608,47.82663044384073,1.0,560,681,1241,0.0,-0.0008333472224535399,0.999919419822725,0.0
62609,47.825797096618274,1.0,560,681,1241,0.0,-0.0008333472224535399,1.0000000000000013,8.058017727639034e-05
62610,47.82496374939582,1.0,560,681,1241,0.0,-0.0008333472224535399,1.0000000000000013,0.0
62611,47.82413040217337,0.9991941982272361,560,681,1241,-0.0008058017727639033,-0.0008333472224535399,0.999919419822725,-8.058017727639034e-05
62612,47.82329705495091,0.9991941982272361,560,681,1241,0.0,-0.0008333472224535399,0.9998388396454487,-8.058017727639034e-05
62613,47.82246370772846,0.9991941982272361,560,681,1241,0.0,-0.0008333472224535399,0.9997582594681724,-8.058017727639034e-05
62614,47.821630360506006,0.9991941982272361,560,681,1241,0.0,-0.0008333472224535399,0.999677679290896,-8.058017727639034e-05
62615,47.82079701328355,0.9983883964544722,560,681,1241,-0.0008058017727639033,-0.0008333472224535399,0.9995165189363433,-0.00016116035455278067
62616,47.8199636660611,0.9983883964544722,560,681,1241,0.0,-0.0008333472224535399,0.9993553585817907,-0.00016116035455278067
62617,47.819130318838646,0.9983883964544722,560,681,1241,0.0,-0.0008333472224535399,0.999194198227238,-0.00016116035455278067
62618,47.81829697161619,0.9991941982272361,560,681,1241,0.0008058017727639033,-0.0008333472224535399,0.9991136180499616,-8.058017727639034e-05
62619,47.81746362439374,0.9991941982272361,560,681,1241,0.0,-0.0008333472224535399,0.9990330378726853,-8.058017727639034e-05
62620,47.816630277171285,0.9991941982272361,560,681,1241,0.0,-0.0008333472224535399,0.998952457695409,-8.058017727639034e-05
62621,47.81579692994883,0.9991941982272361,560,681,1241,0.0,-0.0008333472224535399,0.998952457695409,0.0
62622,47.81496358272638,0.9983883964544722,560,681,1241,-0.0008058017727639033,-0.0008333472224535399,0.9988718775181326,-8.058017727639034e-05
62623,47.814130235503924,0.9991941982272361,560,681,1241,0.0008058017727639033,-0.0008333472224535399,0.9988718775181326,0.0
62624,47.81329688828147,0.9991941982272361,560,681,1241,0.0,-0.0008333472224535399,0.9988718775181326,0.0
62625,47.81246354105902,0.9991941982272361,560,681,1241,0.0,-0.0008333472224535399,0.998952457695409,8.058017727639034e-05
62626,47.811630193836564,0.9991941982272361,560,681,1241,0.0,-0.0008333472224535399,0.9990330378726853,8.058017727639034e-05
62627,47.81079684661411,0.9991941982272361,560,681,1241,0.0,-0.0008333472224535399,0.9991136180499616,8.058017727639034e-05
62628,47.80996349939166,0.9991941982272361,560,681,1241,0.0,-0.0008333472224535399,0.9991136180499616,0.0
62629,47.8091301521692,1.0,560,681,1241,0.0008058017727639033,-0.0008333472224535399,0.999194198227238,8.058017727639034e-05
62630,47.80829680494675,1.0,560,681,1241,0.0,-0.0008333472224535399,0.9992747784045143,8.058017727639034e-05
62631,47.807463457724296,1.0,560,681,1241,0.0,-0.0008333472224535399,0.9993553585817907,8.058017727639034e-05
62632,47.80663011050184,1.0,560,681,1241,0.0,-0.0008333472224535399,0.9995165189363433,0.00016116035455278067
62633,47.80579676327939,1.0,560,681,1241,0.0,-0.0008333472224535399,0.9995970991136197,8.058017727639034e-05
62634,47.804963416056935,1.0,560,681,1241,0.0,-0.0008333472224535399,0.999677679290896,8.058017727639034e-05
62635,47.80413006883448,1.0,560,681,1241,0.0,-0.0008333472224535399,0.9997582594681724,8.058017727639034e-05
62636,47.80329672161203,1.0,560,681,1241,0.0,-0.0008333472224535399,0.9998388396454487,8.058017727639034e-05
62637,47.802463374389575,1.0,560,681,1241,0.0,-0.0008333472224535399,0.999919419822725,8.058017727639034e-05
62638,47.80163002716712,1.0,560,681,1241,0.0,-0.0008333472224535399,1.0000000000000013,8.058017727639034e-05
62639,47.80079667994467,1.0,560,681,1241,0.0,-0.0008333472224535399,1.0000000000000013,0.0
62640,47.799963332722214,1.0,560,681,1241,0.0,-0.0008333472224535399,1.0000000000000013,0.0
62641,47.79912998549976,1.0,560,681,1241,0.0,-0.0008333472224535399,1.0000000000000013,0.0
62642,47.79829663827731,1.0,560,681,1241,0.0,-0.0008333472224535399,1.0000000000000013,0.0
62643,47.797463291054854,1.0,560,681,1241,0.0,-0.0008333472224535399,1.0000000000000013,0.0
62644,47.7966299438324,1.0,560,681,1241,0.0,-0.0008333472224535399,1.0000000000000013,0.0
62645,47.79579659660995,1.0,560,681,1241,0.0,-0.0008333472224535399,1.0000000000000013,0.0
62646,47.79496324938749,1.0,560,681,1241,0.0,-0.0008333472224535399,1.0000000000000013,0.0
62647,47.79412990216504,1.0,560,681,1241,0.0,-0.0008333472224535399,1.0000000000000013,0.0
62648,47.793296554942586,1.0,560,681,1241,0.0,-0.0008333472224535399,1.0000000000000013,0.0
62649,47.79246320772013,1.0,560,681,1241,0.0,-0.0008333472224535399,1.0000000000000013,0.0
62650,47.79162986049767,1.0,560,681,1241,0.0,-0.0008333472224606453,1.0000000000000013,0.0
62651,47.79079651327522,0.9991941982272361,560,681,1241,-0.0008058017727639033,-0.0008333472224535399,0.999919419822725,-8.058017727639034e-05
62652,47.789963166052765,1.0,560,681,1241,0.0008058017727639033,-0.0008333472224535399,0.999919419822725,0.0
62653,47.78912981883031,1.0,560,681,1241,0.0,-0.0008333472224535399,0.999919419822725,0.0
62654,47.78829647160786,1.0,560,681,1241,0.0,-0.0008333472224535399,0.999919419822725,0.0
62655,47.787463124385404,1.0,560,681,1241,0.0,-0.0008333472224535399,0.999919419822725,0.0
62656,47.78662977716295,0.9991941982272361,560,681,1241,-0.0008058017727639033,-0.0008333472224535399,0.9998388396454487,-8.058017727639034e-05
62657,47.7857964299405,0.9991941982272361,560,681,1241,0.0,-0.0008333472224535399,0.9997582594681724,-8.058017727639034e-05
62658,47.78496308271804,0.9991941982272361,560,681,1241,0.0,-0.0008333472224535399,0.999677679290896,-8.058017727639034e-05
62659,47.78412973549559,1.0,560,681,1241,0.0008058017727639033,-0.0008333472224535399,0.999677679290896,0.0
62660,47.783296388273136,1.0,560,681,1241,0.0,-0.0008333472224535399,0.999677679290896,0.0
62661,47.78246304105068,1.0,560,681,1241,0.0,-0.0008333472224535399,0.9997582594681724,8.058017727639034e-05
62662,47.78162969382823,1.0,560,681,1241,0.0,-0.0008333472224535399,0.9997582594681724,0.0
62663,47.780796346605776,1.0,560,681,1241,0.0,-0.0008333472224535399,0.9997582594681724,0.0
62664,47.77996299938332,0.9991941982272361,560,681,1241,-0.0008058017727639033,-0.0008333472224535399,0.999677679290896,-8.058017727639034e-05
62665,47.77912965216087,0.9991941982272361,560,681,1241,0.0,-0.0008333472224535399,0.9995970991136197,-8.058017727639034e-05
62666,47.778296304938415,0.9991941982272361,560,681,1241,0.0,-0.0008333472224535399,0.9995970991136197,0.0
62667,47.77746295771596,0.9991941982272361,560,681,1241,0.0,-0.0008333472224535399,0.9995970991136197,0.0
62668,47.77662961049351,0.9991941982272361,560,681,1241,0.0,-0.0008333472224535399,0.9995970991136197,0.0
62669,47.775796263271054,0.9991941982272361,560,681,1241,0.0,-0.0008333472224535399,0.9995165189363433,-8.058017727639034e-05
62670,47.7749629160486,0.9991941982272361,560,681,1241,0.0,-0.0008333472224535399,0.999435938759067,-8.058017727639034e-05
62671,47.77412956882615,0.9991941982272361,560,681,1241,0.0,-0.0008333472224535399,0.9993553585817907,-8.058017727639034e-05
62672,47.773296221603694,0.9991941982272361,560,681,1241,0.0,-0.0008333472224535399,0.9992747784045143,-8.058017727639034e-05
62673,47.77246287438124,0.9991941982272361,560,681,1241,0.0,-0.0008333472224535399,0.999194198227238,-8.058017727639034e-05
62674,47.77162952715879,0.9991941982272361,560,681,1241,0.0,-0.0008333472224535399,0.999194198227238,0.0
62675,47.77079617993633,0.9991941982272361,560,681,1241,0.0,-0.0008333472224535399,0.999194198227238,0.0
62676,47.76996283271388,1.0,560,681,1241,0.0008058017727639033,-0.0008333472224535399,0.9992747784045143,8.058017727639034e-05
62677,47.769129485491426,1.0,560,681,1241,0.0,-0.0008333472224535399,0.9993553585817907,8.058017727639034e-05
62678,47.76829613826897,1.0,560,681,1241,0.0,-0.0008333472224535399,0.999435938759067,8.058017727639034e-05
62679,47.76746279104652,1.0,560,681,1241,0.0,-0.0008333472224535399,0.9995165189363433,8.058017727639034e-05
62680,47.766629443824066,1.0,560,681,1241,0.0,-0.0008333472224535399,0.9995970991136197,8.058017727639034e-05
62681,47.76579609660161,1.0,560,681,1241,0.0,-0.0008333472224535399,0.999677679290896,8.058017727639034e-05
62682,47.76496274937916,1.0,560,681,1241,0.0,-0.0008333472224535399,0.9997582594681724,8.058017727639034e-05
62683,47.764129402156705,1.0,560,681,1241,0.0,-0.0008333472224535399,0.9998388396454487,8.058017727639034e-05
62684,47.76329605493425,1.0,560,681,1241,0.0,-0.0008333472224535399,0.999919419822725,8.058017727639034e-05
62685,47.7624627077118,1.0,560,681,1241,0.0,-0.0008333472224535399,1.0000000000000013,8.058017727639034e-05
62686,47.761629360489344,1.0,560,681,1241,0.0,-0.0008333472224535399,1.0000000000000013,0.0
62687,47.76079601326689,1.0,560,681,1241,0.0,-0.0008333472224535399,1.0000000000000013,0.0
62688,47.75996266604444,1.0,560,681,1241,0.0,-0.0008333472224535399,1.0000000000000013,0.0
62689,47.75912931882198,1.0,560,681,1241,0.0,-0.0008333472224606453,1.0000000000000013,0.0
62690,47.75829597159952,1.0,560,681,1241,0.0,-0.0008333472224535399,1.0000000000000013,0.0
62691,47.75746262437707,1.0,560,681,1241,0.0,-0.0008333472224535399,1.0000000000000013,0.0
62692,47.756629277154616,1.0,560,681,1241,0.0,-0.0008333472224535399,1.0000000000000013,0.0
62693,47.75579592993216,1.0,560,681,1241,0.0,-0.0008333472224535399,1.0000000000000013,0.0
62694,47.75496258270971,1.0,560,681,1241,0.0,-0.0008333472224535399,1.0000000000000013,0.0
62695,47.754129235487255,1.0,560,681,1241,0.0,-0.0008333472224535399,1.0000000000000013,0.0
62696,47.7532958882648,1.0,560,681,1241,0.0,-0.0008333472224535399,1.0000000000000013,0.0
62697,47.75246254104235,1.0,560,681,1241,0.0,-0.0008333472224535399,1.0000000000000013,0.0
62698,47.751629193819895,1.0,560,681,1241,0.0,-0.0008333472224535399,1.0000000000000013,0.0
62699,47.75079584659744,1.0,560,681,1241,0.0,-0.0008333472224535399,1.0000000000000013,0.0
62700,47.74996249937499,1.0,560,681,1241,0.0,-0.0008333472224535399,1.0000000000000013,0.0
62701,47.749129152152534,1.0,560,681,1241,0.0,-0.0008333472224535399,1.0000000000000013,0.0
62702,47.74829580493008,1.0,560,681,1241,0.0,-0.0008333472224535399,1.0000000000000013,0.0
62703,47.74746245770763,1.0,560,681,1241,0.0,-0.0008333472224535399,1.0000000000000013,0.0
62704,47.74662911048517,1.0,560,681,1241,0.0,-0.0008333472224535399,1.0000000000000013,0.0
62705,47.74579576326272,1.0,560,681,1241,0.0,-0.0008333472224535399,1.0000000000000013,0.0
62706,47.744962416040266,1.0,560,681,1241,0.0,-0.0008333472224535399,1.0000000000000013,0.0
62707,47.74412906881781,1.0,560,681,1241,0.0,-0.0008333472224535399,1.0000000000000013,0.0
62708,47.74329572159536,1.0,560,681,1241,0.0,-0.0008333472224535399,1.0000000000000013,0.0
62709,47.742462374372906,1.0,560,681,1241,0.0,-0.0008333472224535399,1.0000000000000013,0.0
62710,47.74162902715045,1.0,560,681,1241,0.0,-0.0008333472224535399,1.0000000000000013,0.0
62711,47.740795679928,1.0,560,681,1241,0.0,-0.0008333472224535399,1.0000000000000013,0.0
62712,47.739962332705545,1.0,560,681,1241,0.0,-0.0008333472224535399,1.0000000000000013,0.0
62713,47.73912898548309,1.0,560,681,1241,0.0,-0.0008333472224535399,1.0000000000000013,0.0
62714,47.73829563826064,1.0,560,681,1241,0.0,-0.0008333472224535399,1.0000000000000013,0.0
62715,47.737462291038185,1.0,560,681,1241,0.0,-0.0008333472224535399,1.0000000000000013,0.0
62716,47.73662894381573,1.0,560,681,1241,0.0,-0.0008333472224535399,1.0000000000000013,0.0
62717,47.73579559659328,1.0,560,681,1241,0.0,-0.0008333472224535399,1.0000000000000013,0.0
62718,47.734962249370824,1.0,560,681,1241,0.0,-0.0008333472224535399,1.0000000000000013,0.0
62719,47.73412890214837,1.0,560,681,1241,0.0,-0.0008333472224535399,1.0000000000000013,0.0
62720,47.73329555492592,1.0,560,681,1241,0.0,-0.0008333472224535399,1.0000000000000013,0.0
62721,47.73246220770346,1.0,560,681,1241,0.0,-0.0008333472224535399,1.0000000000000013,0.0
62722,47.73162886048101,1.0,560,681,1241,0.0,-0.0008333472224535399,1.0000000000000013,0.0
62723,47.730795513258556,1.0,560,681,1241,0.0,-0.0008333472224535399,1.0000000000000013,0.0
62724,47.7299621660361,1.0,560,681,1241,0.0,-0.0008333472224535399,1.0000000000000013,0.0
62725,47.72912881881365,0.9991941982272361,560,681,1241,-0.0008058017727639033,-0.0008333472224535399,0.999919419822725,-8.058017727639034e-05
62726,47.728295471591196,0.9991941982272361,560,681,1241,0.0,-0.0008333472224535399,0.9998388396454487,-8.058017727639034e-05
62727,47.72746212436874,1.0,560,681,1241,0.0008058017727639033,-0.0008333472224535399,0.9998388396454487,0.0
62728,47.72662877714629,1.0,560,681,1241,0.0,-0.0008333472224535399,0.9998388396454487,0.0
62729,47.725795429923835,1.0,560,681,1241,0.0,-0.0008333472224535399,0.9998388396454487,0.0
62730,47.72496208270138,1.0,560,681,1241,0.0,-0.0008333472224535399,0.9998388396454487,0.0
62731,47.72412873547893,1.0,560,681,1241,0.0,-0.0008333472224535399,0.9998388396454487,0.0
62732,47.723295388256474,0.9991941982272361,560,681,1241,-0.0008058017727639033,-0.0008333472224535399,0.9997582594681724,-8.058017727639034e-05
62733,47.72246204103402,0.9991941982272361,560,681,1241,0.0,-0.0008333472224535399,0.999677679290896,-8.058017727639034e-05
62734,47.72162869381156,0.9991941982272361,560,681,1241,0.0,-0.0008333472224606453,0.9995970991136197,-8.058017727639034e-05
62735,47.72079534658911,0.9991941982272361,560,681,1241,0.0,-0.0008333472224535399,0.9995970991136197,0.0
62736,47.71996199936665,1.0,560,681,1241,0.0008058017727639033,-0.0008333472224535399,0.999677679290896,8.058017727639034e-05
62737,47.7191286521442,1.0,560,681,1241,0.0,-0.0008333472224535399,0.999677679290896,0.0
62738,47.718295304921746,1.0,560,681,1241,0.0,-0.0008333472224535399,0.999677679290896,0.0
62739,47.71746195769929,1.0,560,681,1241,0.0,-0.0008333472224535399,0.999677679290896,0.0
62740,47.71662861047684,1.0,560,681,1241,0.0,-0.0008333472224535399,0.999677679290896,0.0
62741,47.715795263254385,1.0,560,681,1241,0.0,-0.0008333472224535399,0.999677679290896,0.0
62742,47.71496191603193,1.0,560,681,1241,0.0,-0.0008333472224535399,0.9997582594681724,8.058017727639034e-05
62743,47.71412856880948,1.0,560,681,1241,0.0,-0.0008333472224535399,0.9998388396454487,8.058017727639034e-05
62744,47.713295221587025,1.0,560,681,1241,0.0,-0.0008333472224535399,0.999919419822725,8.058017727639034e-05
62745,47.71246187436457,1.0,560,681,1241,0.0,-0.0008333472224535399,1.0000000000000013,8.058017727639034e-05
62746,47.71162852714212,1.0,560,681,1241,0.0,-0.0008333472224535399,1.0000000000000013,0.0
62747,47.710795179919664,1.0,560,681,1241,0.0,-0.0008333472224535399,1.0000000000000013,0.0
62748,47.70996183269721,1.0,560,681,1241,0.0,-0.0008333472224535399,1.0000000000000013,0.0
62749,47.70912848547476,1.0,560,681,1241,0.0,-0.0008333472224535399,1.0000000000000013,0.0
62750,47.7082951382523,1.0,560,681,1241,0.0,-0.0008333472224535399,1.0000000000000013,0.0
62751,47.70746179102985,1.0,560,681,1241,0.0,-0.0008333472224535399,1.0000000000000013,0.0
62752,47.706628443807396,1.0,560,681,1241,0.0,-0.0008333472224535399,1.0000000000000013,0.0
62753,47.70579509658494,1.0,560,681,1241,0.0,-0.0008333472224535399,1.0000000000000013,0.0
62754,47.70496174936249,1.0,560,681,1241,0.0,-0.0008333472224535399,1.0000000000000013,0.0
62755,47.704128402140036,1.0,560,681,1241,0.0,-0.0008333472224535399,1.0000000000000013,0.0
62756,47.70329505491758,1.0,560,681,1241,0.0,-0.0008333472224535399,1.0000000000000013,0.0
62757,47.70246170769513,1.0,560,681,1241,0.0,-0.0008333472224535399,1.0000000000000013,0.0
62758,47.701628360472675,1.0,560,681,1241,0.0,-0.0008333472224535399,1.0000000000000013,0.0
62759,47.70079501325022,1.0,560,681,1241,0.0,-0.0008333472224535399,1.0000000000000013,0.0
62760,47.69996166602777,1.0,560,681,1241,0.0,-0.0008333472224535399,1.0000000000000013,0.0
62761,47.699128318805315,1.0,560,681,1241,0.0,-0.0008333472224535399,1.0000000000000013,0.0
62762,47.69829497158286,1.0,560,681,1241,0.0,-0.0008333472224535399,1.0000000000000013,0.0
62763,47.69746162436041,1.0,560,681,1241,0.0,-0.0008333472224535399,1.0000000000000013,0.0
62764,47.696628277137954,1.0,560,681,1241,0.0,-0.0008333472224535399,1.0000000000000013,0.0
62765,47.6957949299155,1.0,560,681,1241,0.0,-0.0008333472224535399,1.0000000000000013,0.0
62766,47.69496158269305,1.0,560,681,1241,0.0,-0.0008333472224535399,1.0000000000000013,0.0
62767,47.69412823547059,1.0,560,681,1241,0.0,-0.0008333472224535399,1.0000000000000013,0.0
62768,47.69329488824814,1.0,560,681,1241,0.0,-0.0008333472224535399,1.0000000000000013,0.0
62769,47.692461541025686,1.0,560,681,1241,0.0,-0.0008333472224535399,1.0000000000000013,0.0
62770,47.69162819380323,1.0,560,681,1241,0.0,-0.0008333472224535399,1.0000000000000013,0.0
62771,47.69079484658078,1.0,560,681,1241,0.0,-0.0008333472224535399,1.0000000000000013,0.0
62772,47.689961499358326,1.0,560,681,1241,0.0,-0.0008333472224535399,1.0000000000000013,0.0
62773,47.68912815213587,1.0,560,681,1241,0.0,-0.0008333472224535399,1.0000000000000013,0.0
62774,47.68829480491341,1.0,560,681,1241,0.0,-0.0008333472224606453,1.0000000000000013,0.0
62775,47.68746145769096,1.0,560,681,1241,0.0,-0.0008333472224535399,1.0000000000000013,0.0
62776,47.686628110468504,1.0,560,681,1241,0.0,-0.0008333472224535399,1.0000000000000013,0.0
62777,47.68579476324605,1.0,560,681,1241,0.0,-0.0008333472224535399,1.0000000000000013,0.0
62778,47.6849614160236,1.0,560,681,1241,0.0,-0.0008333472224535399,1.0000000000000013,0.0
62779,47.684128068801144,1.0,560,681,1241,0.0,-0.0008333472224535399,1.0000000000000013,0.0
62780,47.68329472157869,1.0,560,681,1241,0.0,-0.0008333472224535399,1.0000000000000013,0.0
62781,47.68246137435624,1.0,560,681,1241,0.0,-0.0008333472224535399,1.0000000000000013,0.0
62782,47.68162802713378,1.0,560,681,1241,0.0,-0.0008333472224535399,1.0000000000000013,0.0
62783,47.68079467991133,1.0,560,681,1241,0.0,-0.0008333472224535399,1.0000000000000013,0.0
62784,47.679961332688876,1.0,560,681,1241,0.0,-0.0008333472224535399,1.0000000000000013,0.0
62785,47.67912798546642,1.0,560,681,1241,0.0,-0.0008333472224535399,1.0000000000000013,0.0
62786,47.67829463824397,1.0,560,681,1241,0.0,-0.0008333472224535399,1.0000000000000013,0.0
62787,47.677461291021515,1.0,560,681,1241,0.0,-0.0008333472224535399,1.0000000000000013,0.0
62788,47.67662794379906,1.0,560,681,1241,0.0,-0.0008333472224535399,1.0000000000000013,0.0
62789,47.67579459657661,1.0,560,681,1241,0.0,-0.0008333472224535399,1.0000000000000013,0.0
62790,47.674961249354155,1.0,560,681,1241,0.0,-0.0008333472224535399,1.0000000000000013,0.0
62791,47.6741279021317,1.0,560,681,1241,0.0,-0.0008333472224535399,1.0000000000000013,0.0
62792,47.67329455490925,1.0,560,681,1241,0.0,-0.0008333472224535399,1.0000000000000013,0.0
62793,47.672461207686794,1.0,560,681,1241,0.0,-0.0008333472224535399,1.0000000000000013,0.0
62794,47.67162786046434,1.0,560,681,1241,0.0,-0.0008333472224535399,1.0000000000000013,0.0
62795,47.67079451324189,1.0,560,681,1241,0.0,-0.0008333472224535399,1.0000000000000013,0.0
62796,47.669961166019434,1.0,560,681,1241,0.0,-0.0008333472224535399,1.0000000000000013,0.0
62797,47.66912781879698,1.0,560,681,1241,0.0,-0.0008333472224535399,1.0000000000000013,0.0
62798,47.66829447157453,1.0,560,681,1241,0.0,-0.0008333472224535399,1.0000000000000013,0.0
62799,47.66746112435207,1.0,560,681,1241,0.0,-0.0008333472224535399,1.0000000000000013,0.0
62800,47.66662777712962,1.0,560,681,1241,0.0,-0.0008333472224535399,1.0000000000000013,0.0
62801,47.665794429907166,1.0,560,681,1241,0.0,-0.0008333472224535399,1.0000000000000013,0.0
62802,47.66496108268471,1.0,560,681,1241,0.0,-0.0008333472224535399,1.0000000000000013,0.0
62803,47.66412773546226,1.0,560,681,1241,0.0,-0.0008333472224535399,1.0000000000000013,0.0
62804,47.663294388239805,1.0,560,681,1241,0.0,-0.0008333472224535399,1.0000000000000013,0.0
62805,47.66246104101735,1.0,560,681,1241,0.0,-0.0008333472224535399,1.0000000000000013,0.0
62806,47.6616276937949,1.0,560,681,1241,0.0,-0.0008333472224535399,1.0000000000000013,0.0
62807,47.660794346572445,1.0,560,681,1241,0.0,-0.0008333472224535399,1.0000000000000013,0.0
62808,47.65996099934999,1.0,560,681,1241,0.0,-0.0008333472224535399,1.0000000000000013,0.0
62809,47.65912765212754,1.0,560,681,1241,0.0,-0.0008333472224535399,1.0000000000000013,0.0
62810,47.658294304905084,1.0,560,681,1241,0.0,-0.0008333472224535399,1.0000000000000013,0.0
62811,47.65746095768263,1.0,560,681,1241,0.0,-0.0008333472224535399,1.0000000000000013,0.0
62812,47.65662761046018,1.0,560,681,1241,0.0,-0.0008333472224535399,1.0000000000000013,0.0
62813,47.65579426323772,1.0,560,681,1241,0.0,-0.0008333472224535399,1.0000000000000013,0.0
62814,47.65496091601527,1.0,560,681,1241,0.0,-0.0008333472224535399,1.0000000000000013,0.0
62815,47.654127568792816,1.0,560,681,1241,0.0,-0.0008333472224535399,1.0000000000000013,0.0
62816,47.65329422157036,1.0,560,681,1241,0.0,-0.0008333472224535399,1.0000000000000013,0.0
62817,47.65246087434791,1.0,560,681,1241,0.0,-0.0008333472224535399,1.0000000000000013,0.0
62818,47.651627527125456,1.0,560,681,1241,0.0,-0.0008333472224535399,1.0000000000000013,0.0
62819,47.650794179902995,1.0,560,681,1241,0.0,-0.0008333472224606453,1.0000000000000013,0.0
62820,47.64996083268054,1.0,560,681,1241,0.0,-0.0008333472224535399,1.0000000000000013,0.0
62821,47.64912748545809,1.0,560,681,1241,0.0,-0.0008333472224535399,1.0000000000000013,0.0
62822,47.648294138235634,1.0,560,681,1241,0.0,-0.0008333472224535399,1.0000000000000013,0.0
62823,47.64746079101318,1.0,560,681,1241,0.0,-0.0008333472224535399,1.0000000000000013,0.0
62824,47.64662744379073,1.0,560,681,1241,0.0,-0.0008333472224535399,1.0000000000000013,0.0
62825,47.645794096568274,1.0,560,681,1241,0.0,-0.0008333472224535399,1.0000000000000013,0.0
62826,47.64496074934582,1.0,560,681,1241,0.0,-0.0008333472224535399,1.0000000000000013,0.0
62827,47.64412740212337,1.0,560,681,1241,0.0,-0.0008333472224535399,1.0000000000000013,0.0
62828,47.64329405490091,1.0,560,681,1241,0.0,-0.0008333472224535399,1.0000000000000013,0.0
62829,47.64246070767846,1.0,560,681,1241,0.0,-0.0008333472224535399,1.0000000000000013,0.0
62830,47.641627360456006,1.0,560,681,1241,0.0,-0.0008333472224535399,1.0000000000000013,0.0
62831,47.64079401323355,1.0,560,681,1241,0.0,-0.0008333472224535399,1.0000000000000013,0.0
62832,47.6399606660111,1.0,560,681,1241,0.0,-0.0008333472224535399,1.0000000000000013,0.0
62833,47.639127318788645,1.0,560,681,1241,0.0,-0.0008333472224535399,1.0000000000000013,0.0
62834,47.63829397156619,1.0,560,681,1241,0.0,-0.0008333472224535399,1.0000000000000013,0.0
62835,47.63746062434374,1.0,560,681,1241,0.0,-0.0008333472224535399,1.0000000000000013,0.0
62836,47.636627277121285,1.0,560,681,1241,0.0,-0.0008333472224535399,1.0000000000000013,0.0
62837,47.63579392989883,1.0,560,681,1241,0.0,-0.0008333472224535399,1.0000000000000013,0.0
62838,47.63496058267638,1.0,560,681,1241,0.0,-0.0008333472224535399,1.0000000000000013,0.0
62839,47.634127235453924,1.0,560,681,1241,0.0,-0.0008333472224535399,1.0000000000000013,0.0
62840,47.63329388823147,1.0,560,681,1241,0.0,-0.0008333472224535399,1.0000000000000013,0.0
62841,47.63246054100902,1.0,560,681,1241,0.0,-0.0008333472224535399,1.0000000000000013,0.0
62842,47.631627193786564,1.0,560,681,1241,0.0,-0.0008333472224535399,1.0000000000000013,0.0
62843,47.63079384656411,1.0,560,681,1241,0.0,-0.0008333472224535399,1.0000000000000013,0.0
62844,47.62996049934166,1.0,560,681,1241,0.0,-0.0008333472224535399,1.0000000000000013,0.0
62845,47.6291271521192,1.0,560,681,1241,0.0,-0.0008333472224535399,1.0000000000000013,0.0
62846,47.62829380489675,1.0,560,681,1241,0.0,-0.0008333472224535399,1.0000000000000013,0.0
62847,47.627460457674296,1.0,560,681,1241,0.0,-0.0008333472224535399,1.0000000000000013,0.0
62848,47.62662711045184,1.0,560,681,1241,0.0,-0.0008333472224535399,1.0000000000000013,0.0
62849,47.62579376322939,1.0,560,681,1241,0.0,-0.0008333472224535399,1.0000000000000013,0.0
62850,47.624960416006935,1.0,560,681,1241,0.0,-0.0008333472224535399,1.0000000000000013,0.0
62851,47.62412706878448,1.0,560,681,1241,0.0,-0.0008333472224535399,1.0000000000000013,0.0
62852,47.62329372156203,1.0,560,681,1241,0.0,-0.0008333472224535399,1.0000000000000013,0.0
62853,47.622460374339575,1.0,560,681,1241,0.0,-0.0008333472224535399,1.0000000000000013,0.0
62854,47.62162702711712,1.0,560,681,1241,0.0,-0.0008333472224535399,1.0000000000000013,0.0
62855,47.62079367989467,1.0,560,681,1241,0.0,-0.0008333472224535399,1.0000000000000013,0.0
62856,47.619960332672214,1.0,560,681,1241,0.0,-0.0008333472224535399,1.0000000000000013,0.0
62857,47.61912698544976,1.0,560,681,1241,0.0,-0.0008333472224535399,1.0000000000000013,0.0
62858,47.61829363822731,1.0,560,681,1241,0.0,-0.0008333472224535399,1.0000000000000013,0.0
62859,47.617460291004846,1.0,560,681,1241,0.0,-0.0008333472224606453,1.0000000000000013,0.0
62860,47.61662694378239,1.0,560,681,1241,0.0,-0.0008333472224535399,1.0000000000000013,0.0
62861,47.61579359655994,1.0,560,681,1241,0.0,-0.0008333472224535399,1.0000000000000013,0.0
62862,47.614960249337486,1.0,560,681,1241,0.0,-0.0008333472224535399,1.0000000000000013,0.0
62863,47.61412690211503,1.0,560,681,1241,0.0,-0.0008333472224535399,1.0000000000000013,0.0
62864,47.61329355489258,1.0,560,681,1241,0.0,-0.0008333472224535399,1.0000000000000013,0.0
62865,47.612460207670125,1.0,560,681,1241,0.0,-0.0008333472224535399,1.0000000000000013,0.0
62866,47.61162686044767,1.0,560,681,1241,0.0,-0.0008333472224535399,1.0000000000000013,0.0
62867,47.61079351322522,1.0,560,681,1241,0.0,-0.0008333472224535399,1.0000000000000013,0.0
62868,47.609960166002764,1.0,560,681,1241,0.0,-0.0008333472224535399,1.0000000000000013,0.0
62869,47.60912681878031,1.0,560,681,1241,0.0,-0.0008333472224535399,1.0000000000000013,0.0
62870,47.60829347155786,1.0,560,681,1241,0.0,-0.0008333472224535399,1.0000000000000013,0.0
62871,47.607460124335404,1.0,560,681,1241,0.0,-0.0008333472224535399,1.0000000000000013,0.0
62872,47.60662677711295,1.0,560,681,1241,0.0,-0.0008333472224535399,1.0000000000000013,0.0
62873,47.6057934298905,1.0,560,681,1241,0.0,-0.0008333472224535399,1.0000000000000013,0.0
62874,47.60496008266804,1.0,560,681,1241,0.0,-0.0008333472224535399,1.0000000000000013,0.0
62875,47.60412673544559,1.0,560,681,1241,0.0,-0.0008333472224535399,1.0000000000000013,0.0
62876,47.603293388223136,1.0,560,681,1241,0.0,-0.0008333472224535399,1.0000000000000013,0.0
62877,47.60246004100068,1.0,560,681,1241,0.0,-0.0008333472224535399,1.0000000000000013,0.0
62878,47.60162669377823,1.0,560,681,1241,0.0,-0.0008333472224535399,1.0000000000000013,0.0
62879,47.600793346555776,1.0,560,681,1241,0.0,-0.0008333472224535399,1.0000000000000013,0.0
62880,47.59995999933332,1.0,560,681,1241,0.0,-0.0008333472224535399,1.0000000000000013,0.0
62881,47.59912665211087,1.0,560,681,1241,0.0,-0.0008333472224535399,1.0000000000000013,0.0
62882,47.598293304888415,1.0,560,681,1241,0.0,-0.0008333472224535399,1.0000000000000013,0.0
62883,47.59745995766596,1.0,560,681,1241,0.0,-0.0008333472224535399,1.0000000000000013,0.0
62884,47.59662661044351,1.0,560,681,1241,0.0,-0.0008333472224535399,1.0000000000000013,0.0
62885,47.595793263221054,1.0,560,681,1241,0.0,-0.0008333472224535399,1.0000000000000013,0.0
62886,47.5949599159986,1.0,560,681,1241,0.0,-0.0008333472224535399,1.0000000000000013,0.0
62887,47.59412656877615,1.0,560,681,1241,0.0,-0.0008333472224535399,1.0000000000000013,0.0
62888,47.593293221553694,1.0,560,681,1241,0.0,-0.0008333472224535399,1.0000000000000013,0.0
62889,47.59245987433124,1.0,560,681,1241,0.0,-0.0008333472224535399,1.0000000000000013,0.0
62890,47.59162652710879,1.0,560,681,1241,0.0,-0.0008333472224535399,1.0000000000000013,0.0
62891,47.59079317988633,1.0,560,681,1241,0.0,-0.0008333472224535399,1.0000000000000013,0.0
62892,47.58995983266388,1.0,560,681,1241,0.0,-0.0008333472224535399,1.0000000000000013,0.0
62893,47.589126485441426,1.0,560,681,1241,0.0,-0.0008333472224535399,1.0000000000000013,0.0
62894,47.58829313821897,1.0,560,681,1241,0.0,-0.0008333472224535399,1.0000000000000013,0.0
62895,47.58745979099652,1.0,560,681,1241,0.0,-0.0008333472224535399,1.0000000000000013,0.0
62896,47.586626443774065,1.0,560,681,1241,0.0,-0.0008333472224535399,1.0000000000000013,0.0
62897,47.58579309655161,1.0,560,681,1241,0.0,-0.0008333472224535399,1.0000000000000013,0.0
62898,47.58495974932916,1.0,560,681,1241,0.0,-0.0008333472224535399,1.0000000000000013,0.0
62899,47.584126402106705,1.0,560,681,1241,0.0,-0.0008333472224535399,1.0000000000000013,0.0
62900,47.58329305488425,1.0,560,681,1241,0.0,-0.0008333472224535399,1.0000000000000013,0.0
62901,47.5824597076618,1.0,560,681,1241,0.0,-0.0008333472224535399,1.0000000000000013,0.0
62902,47.581626360439344,1.0,560,681,1241,0.0,-0.0008333472224535399,1.0000000000000013,0.0
62903,47.58079301321689,1.0,560,681,1241,0.0,-0.0008333472224535399,1.0000000000000013,0.0
62904,47.57995966599443,1.0,560,681,1241,0.0,-0.0008333472224606453,1.0000000000000013,0.0
62905,47.579126318771976,1.0,560,681,1241,0.0,-0.0008333472224535399,1.0000000000000013,0.0
62906,47.57829297154952,1.0,560,681,1241,0.0,-0.0008333472224535399,1.0000000000000013,0.0
62907,47.57745962432707,1.0,560,681,1241,0.0,-0.0008333472224535399,1.0000000000000013,0.0
62908,47.576626277104616,1.0,560,681,1241,0.0,-0.0008333472224535399,1.0000000000000013,0.0
62909,47.57579292988216,1.0,560,681,1241,0.0,-0.0008333472224535399,1.0000000000000013,0.0
62910,47.57495958265971,1.0,560,681,1241,0.0,-0.0008333472224535399,1.0000000000000013,0.0
62911,47.574126235437255,0.9991941982272361,560,681,1241,-0.0008058017727639033,-0.0008333472224535399,0.999919419822725,-8.058017727639034e-05
62912,47.5732928882148,0.9991941982272361,560,681,1241,0.0,-0.0008333472224535399,0.9998388396454487,-8.058017727639034e-05
62913,47.57245954099235,1.0,560,681,1241,0.0008058017727639033,-0.0008333472224535399,0.9998388396454487,0.0
62914,47.571626193769895,1.0,560,681,1241,0.0,-0.0008333472224535399,0.9998388396454487,0.0
62915,47.57079284654744,1.0,560,681,1241,0.0,-0.0008333472224535399,0.9998388396454487,0.0
62916,47.56995949932499,1.0,560,681,1241,0.0,-0.0008333472224535399,0.9998388396454487,0.0
62917,47.569126152102534,1.0,560,681,1241,0.0,-0.0008333472224535399,0.9998388396454487,0.0
62918,47.56829280488008,1.0,560,681,1241,0.0,-0.0008333472224535399,0.9998388396454487,0.0
62919,47.56745945765763,1.0,560,681,1241,0.0,-0.0008333472224535399,0.9998388396454487,0.0
62920,47.56662611043517,1.0,560,681,1241,0.0,-0.0008333472224535399,0.9998388396454487,0.0
62921,47.56579276321272,1.0,560,681,1241,0.0,-0.0008333472224535399,0.999919419822725,8.058017727639034e-05
62922,47.564959415990266,1.0,560,681,1241,0.0,-0.0008333472224535399,1.0000000000000013,8.058017727639034e-05
62923,47.56412606876781,1.0,560,681,1241,0.0,-0.0008333472224535399,1.0000000000000013,0.0
62924,47.56329272154536,1.0,560,681,1241,0.0,-0.0008333472224535399,1.0000000000000013,0.0
62925,47.562459374322906,0.9991941982272361,560,681,1241,-0.0008058017727639033,-0.0008333472224535399,0.999919419822725,-8.058017727639034e-05
62926,47.56162602710045,0.9991941982272361,560,681,1241,0.0,-0.0008333472224535399,0.9998388396454487,-8.058017727639034e-05
62927,47.560792679878,1.0,560,681,1241,0.0008058017727639033,-0.0008333472224535399,0.9998388396454487,0.0
62928,47.559959332655545,1.0,560,681,1241,0.0,-0.0008333472224535399,0.9998388396454487,0.0
62929,47.55912598543309,1.0,560,681,1241,0.0,-0.0008333472224535399,0.9998388396454487,0.0
62930,47.55829263821064,1.0,560,681,1241,0.0,-0.0008333472224535399,0.9998388396454487,0.0
62931,47.557459290988184,1.0,560,681,1241,0.0,-0.0008333472224535399,0.9998388396454487,0.0
62932,47.55662594376573,1.0,560,681,1241,0.0,-0.0008333472224535399,0.9998388396454487,0.0
62933,47.55579259654328,1.0,560,681,1241,0.0,-0.0008333472224535399,0.9998388396454487,0.0
62934,47.554959249320824,1.0,560,681,1241,0.0,-0.0008333472224535399,0.9998388396454487,0.0
62935,47.55412590209837,1.0,560,681,1241,0.0,-0.0008333472224535399,0.999919419822725,8.058017727639034e-05
62936,47.55329255487592,1.0,560,681,1241,0.0,-0.0008333472224535399,1.0000000000000013,8.058017727639034e-05
62937,47.55245920765346,0.9991941982272361,560,681,1241,-0.0008058017727639033,-0.0008333472224535399,0.999919419822725,-8.058017727639034e-05
62938,47.55162586043101,1.0,560,681,1241,0.0008058017727639033,-0.0008333472224535399,0.999919419822725,0.0
62939,47.550792513208556,1.0,560,681,1241,0.0,-0.0008333472224535399,0.999919419822725,0.0
62940,47.5499591659861,1.0,560,681,1241,0.0,-0.0008333472224535399,0.999919419822725,0.0
62941,47.54912581876365,1.0,560,681,1241,0.0,-0.0008333472224535399,0.999919419822725,0.0
62942,47.548292471541195,1.0,560,681,1241,0.0,-0.0008333472224535399,0.999919419822725,0.0
62943,47.547459124318735,1.0,560,681,1241,0.0,-0.0008333472224606453,0.999919419822725,0.0
62944,47.54662577709628,1.0,560,681,1241,0.0,-0.0008333472224535399,0.999919419822725,0.0
62945,47.54579242987383,1.0,560,681,1241,0.0,-0.0008333472224535399,0.999919419822725,0.0
62946,47.544959082651374,1.0,560,681,1241,0.0,-0.0008333472224535399,0.999919419822725,0.0
62947,47.54412573542892,1.0,560,681,1241,0.0,-0.0008333472224535399,1.0000000000000013,8.058017727639034e-05
62948,47.54329238820647,1.0,560,681,1241,0.0,-0.0008333472224535399,1.0000000000000013,0.0
62949,47.54245904098401,1.0,560,681,1241,0.0,-0.0008333472224535399,1.0000000000000013,0.0
62950,47.54162569376156,1.0,560,681,1241,0.0,-0.0008333472224535399,1.0000000000000013,0.0
62951,47.54079234653911,1.0,560,681,1241,0.0,-0.0008333472224535399,1.0000000000000013,0.0
62952,47.53995899931665,1.0,560,681,1241,0.0,-0.0008333472224535399,1.0000000000000013,0.0
62953,47.5391256520942,1.0,560,681,1241,0.0,-0.0008333472224535399,1.0000000000000013,0.0
62954,47.538292304871746,1.0,560,681,1241,0.0,-0.0008333472224535399,1.0000000000000013,0.0
62955,47.53745895764929,1.0,560,681,1241,0.0,-0.0008333472224535399,1.0000000000000013,0.0
62956,47.53662561042684,1.0,560,681,1241,0.0,-0.0008333472224535399,1.0000000000000013,0.0
62957,47.535792263204385,1.0,560,681,1241,0.0,-0.0008333472224535399,1.0000000000000013,0.0
62958,47.53495891598193,0.9991941982272361,560,681,1241,-0.0008058017727639033,-0.0008333472224535399,0.999919419822725,-8.058017727639034e-05
62959,47.53412556875948,0.9991941982272361,560,681,1241,0.0,-0.0008333472224535399,0.9998388396454487,-8.058017727639034e-05
62960,47.533292221537025,0.9991941982272361,560,681,1241,0.0,-0.0008333472224535399,0.9997582594681724,-8.058017727639034e-05
62961,47.53245887431457,1.0,560,681,1241,0.0008058017727639033,-0.0008333472224535399,0.9997582594681724,0.0
62962,47.53162552709212,1.0,560,681,1241,0.0,-0.0008333472224535399,0.9997582594681724,0.0
62963,47.530792179869664,1.0,560,681,1241,0.0,-0.0008333472224535399,0.9997582594681724,0.0
62964,47.52995883264721,1.0,560,681,1241,0.0,-0.0008333472224535399,0.9997582594681724,0.0
62965,47.52912548542476,1.0,560,681,1241,0.0,-0.0008333472224535399,0.9997582594681724,0.0
62966,47.5282921382023,1.0,560,681,1241,0.0,-0.0008333472224535399,0.9997582594681724,0.0
62967,47.52745879097985,1.0,560,681,1241,0.0,-0.0008333472224535399,0.9997582594681724,0.0
62968,47.526625443757396,1.0,560,681,1241,0.0,-0.0008333472224535399,0.9998388396454487,8.058017727639034e-05
62969,47.52579209653494,1.0,560,681,1241,0.0,-0.0008333472224535399,0.999919419822725,8.058017727639034e-05
62970,47.52495874931249,1.0,560,681,1241,0.0,-0.0008333472224535399,1.0000000000000013,8.058017727639034e-05
62971,47.524125402090036,1.0,560,681,1241,0.0,-0.0008333472224535399,1.0000000000000013,0.0
62972,47.52329205486758,1.0,560,681,1241,0.0,-0.0008333472224535399,1.0000000000000013,0.0
62973,47.52245870764513,1.0,560,681,1241,0.0,-0.0008333472224535399,1.0000000000000013,0.0
62974,47.521625360422675,1.0,560,681,1241,0.0,-0.0008333472224535399,1.0000000000000013,0.0
62975,47.52079201320022,1.0,560,681,1241,0.0,-0.0008333472224535399,1.0000000000000013,0.0
62976,47.51995866597777,1.0,560,681,1241,0.0,-0.0008333472224535399,1.0000000000000013,0.0
62977,47.519125318755314,1.0,560,681,1241,0.0,-0.0008333472224535399,1.0000000000000013,0.0
62978,47.51829197153286,1.0,560,681,1241,0.0,-0.0008333472224535399,1.0000000000000013,0.0
62979,47.51745862431041,1.0,560,681,1241,0.0,-0.0008333472224535399,1.0000000000000013,0.0
62980,47.516625277087954,1.0,560,681,1241,0.0,-0.0008333472224535399,1.0000000000000013,0.0
62981,47.5157919298655,1.0,560,681,1241,0.0,-0.0008333472224535399,1.0000000000000013,0.0
62982,47.51495858264305,1.0,560,681,1241,0.0,-0.0008333472224535399,1.0000000000000013,0.0
62983,47.51412523542059,0.9991941982272361,560,681,1241,-0.0008058017727639033,-0.0008333472224535399,0.999919419822725,-8.058017727639034e-05
62984,47.51329188819814,0.9991941982272361,560,681,1241,0.0,-0.0008333472224535399,0.9998388396454487,-8.058017727639034e-05
62985,47.512458540975686,1.0,560,681,1241,0.0008058017727639033,-0.0008333472224535399,0.9998388396454487,0.0
62986,47.51162519375323,1.0,560,681,1241,0.0,-0.0008333472224535399,0.9998388396454487,0.0
62987,47.51079184653078,1.0,560,681,1241,0.0,-0.0008333472224535399,0.9998388396454487,0.0
62988,47.50995849930832,1.0,560,681,1241,0.0,-0.0008333472224606453,0.9998388396454487,0.0
62989,47.509125152085865,1.0,560,681,1241,0.0,-0.0008333472224535399,0.9998388396454487,0.0
62990,47.50829180486341,1.0,560,681,1241,0.0,-0.0008333472224535399,0.9998388396454487,0.0
62991,47.50745845764096,1.0,560,681,1241,0.0,-0.0008333472224535399,0.9998388396454487,0.0
62992,47.506625110418504,1.0,560,681,1241,0.0,-0.0008333472224535399,0.9998388396454487,0.0
62993,47.50579176319605,1.0,560,681,1241,0.0,-0.0008333472224535399,0.999919419822725,8.058017727639034e-05
62994,47.5049584159736,1.0,560,681,1241,0.0,-0.0008333472224535399,1.0000000000000013,8.058017727639034e-05
62995,47.504125068751144,1.0,560,681,1241,0.0,-0.0008333472224535399,1.0000000000000013,0.0
62996,47.50329172152869,1.0,560,681,1241,0.0,-0.0008333472224535399,1.0000000000000013,0.0
62997,47.50245837430624,1.0,560,681,1241,0.0,-0.0008333472224535399,1.0000000000000013,0.0
62998,47.50162502708378,1.0,560,681,1241,0.0,-0.0008333472224535399,1.0000000000000013,0.0
62999,47.50079167986133,1.0,560,681,1241,0.0,-0.0008333472224535399,1.0000000000000013,0.0
63000,47.499958332638876,1.0,560,681,1241,0.0,-0.0008333472224535399,1.0000000000000013,0.0
63001,47.49912498541642,1.0,560,681,1241,0.0,-0.0008333472224535399,1.0000000000000013,0.0
63002,47.49829163819397,1.0,560,681,1241,0.0,-0.0008333472224535399,1.0000000000000013,0.0
63003,47.497458290971515,1.0,560,681,1241,0.0,-0.0008333472224535399,1.0000000000000013,0.0
63004,47.49662494374906,1.0,560,681,1241,0.0,-0.0008333472224535399,1.0000000000000013,0.0
63005,47.49579159652661,1.0,560,681,1241,0.0,-0.0008333472224535399,1.0000000000000013,0.0
63006,47.494958249304155,1.0,560,681,1241,0.0,-0.0008333472224535399,1.0000000000000013,0.0
63007,47.4941249020817,1.0,560,681,1241,0.0,-0.0008333472224535399,1.0000000000000013,0.0
63008,47.49329155485925,1.0,560,681,1241,0.0,-0.0008333472224535399,1.0000000000000013,0.0
63009,47.492458207636794,1.0,560,681,1241,0.0,-0.0008333472224535399,1.0000000000000013,0.0
63010,47.49162486041434,1.0,560,681,1241,0.0,-0.0008333472224535399,1.0000000000000013,0.0
63011,47.49079151319189,1.0,560,681,1241,0.0,-0.0008333472224535399,1.0000000000000013,0.0
63012,47.48995816596943,1.0,560,681,1241,0.0,-0.0008333472224535399,1.0000000000000013,0.0
63013,47.48912481874698,1.0,560,681,1241,0.0,-0.0008333472224535399,1.0000000000000013,0.0
63014,47.488291471524526,1.0,560,681,1241,0.0,-0.0008333472224535399,1.0000000000000013,0.0
63015,47.48745812430207,0.9991941982272361,560,681,1241,-0.0008058017727639033,-0.0008333472224535399,0.999919419822725,-8.058017727639034e-05
63016,47.48662477707962,0.9991941982272361,560,681,1241,0.0,-0.0008333472224535399,0.9998388396454487,-8.058017727639034e-05
63017,47.485791429857166,0.9991941982272361,560,681,1241,0.0,-0.0008333472224535399,0.9997582594681724,-8.058017727639034e-05
63018,47.48495808263471,0.9991941982272361,560,681,1241,0.0,-0.0008333472224535399,0.999677679290896,-8.058017727639034e-05
63019,47.48412473541226,0.9991941982272361,560,681,1241,0.0,-0.0008333472224535399,0.9995970991136197,-8.058017727639034e-05
63020,47.483291388189805,1.0,560,681,1241,0.0008058017727639033,-0.0008333472224535399,0.9995970991136197,0.0
63021,47.48245804096735,1.0,560,681,1241,0.0,-0.0008333472224535399,0.9995970991136197,0.0
63022,47.4816246937449,1.0,560,681,1241,0.0,-0.0008333472224535399,0.9995970991136197,0.0
63023,47.480791346522444,1.0,560,681,1241,0.0,-0.0008333472224535399,0.9995970991136197,0.0
63024,47.47995799929999,1.0,560,681,1241,0.0,-0.0008333472224535399,0.9995970991136197,0.0
63025,47.47912465207754,1.0,560,681,1241,0.0,-0.0008333472224535399,0.999677679290896,8.058017727639034e-05
63026,47.478291304855084,1.0,560,681,1241,0.0,-0.0008333472224535399,0.9997582594681724,8.058017727639034e-05
63027,47.47745795763263,1.0,560,681,1241,0.0,-0.0008333472224535399,0.9998388396454487,8.058017727639034e-05
63028,47.47662461041017,1.0,560,681,1241,0.0,-0.0008333472224606453,0.999919419822725,8.058017727639034e-05
63029,47.475791263187716,1.0,560,681,1241,0.0,-0.0008333472224535399,1.0000000000000013,8.058017727639034e-05
63030,47.47495791596526,0.9991941982272361,560,681,1241,-0.0008058017727639033,-0.0008333472224535399,0.999919419822725,-8.058017727639034e-05
63031,47.47412456874281,0.9991941982272361,560,681,1241,0.0,-0.0008333472224535399,0.9998388396454487,-8.058017727639034e-05
63032,47.473291221520356,1.0,560,681,1241,0.0008058017727639033,-0.0008333472224535399,0.9998388396454487,0.0
63033,47.4724578742979,1.0,560,681,1241,0.0,-0.0008333472224535399,0.9998388396454487,0.0
63034,47.47162452707545,1.0,560,681,1241,0.0,-0.0008333472224535399,0.9998388396454487,0.0
63035,47.470791179852995,1.0,560,681,1241,0.0,-0.0008333472224535399,0.9998388396454487,0.0
63036,47.46995783263054,1.0,560,681,1241,0.0,-0.0008333472224535399,0.9998388396454487,0.0
63037,47.46912448540809,1.0,560,681,1241,0.0,-0.0008333472224535399,0.9998388396454487,0.0
63038,47.468291138185634,1.0,560,681,1241,0.0,-0.0008333472224535399,0.9998388396454487,0.0
63039,47.46745779096318,1.0,560,681,1241,0.0,-0.0008333472224535399,0.9998388396454487,0.0
63040,47.46662444374073,1.0,560,681,1241,0.0,-0.0008333472224535399,0.999919419822725,8.058017727639034e-05
63041,47.465791096518274,1.0,560,681,1241,0.0,-0.0008333472224535399,1.0000000000000013,8.058017727639034e-05
63042,47.46495774929582,1.0,560,681,1241,0.0,-0.0008333472224535399,1.0000000000000013,0.0
63043,47.46412440207337,0.9991941982272361,560,681,1241,-0.0008058017727639033,-0.0008333472224535399,0.999919419822725,-8.058017727639034e-05
63044,47.46329105485091,1.0,560,681,1241,0.0008058017727639033,-0.0008333472224535399,0.999919419822725,0.0
63045,47.46245770762846,1.0,560,681,1241,0.0,-0.0008333472224535399,0.999919419822725,0.0
63046,47.461624360406006,1.0,560,681,1241,0.0,-0.0008333472224535399,0.999919419822725,0.0
63047,47.46079101318355,1.0,560,681,1241,0.0,-0.0008333472224535399,0.999919419822725,0.0
63048,47.4599576659611,1.0,560,681,1241,0.0,-0.0008333472224535399,0.999919419822725,0.0
63049,47.459124318738645,1.0,560,681,1241,0.0,-0.0008333472224535399,0.999919419822725,0.0
63050,47.45829097151619,1.0,560,681,1241,0.0,-0.0008333472224535399,0.999919419822725,0.0
63051,47.45745762429374,1.0,560,681,1241,0.0,-0.0008333472224535399,0.999919419822725,0.0
63052,47.456624277071285,1.0,560,681,1241,0.0,-0.0008333472224535399,0.999919419822725,0.0
63053,47.45579092984883,1.0,560,681,1241,0.0,-0.0008333472224535399,1.0000000000000013,8.058017727639034e-05
63054,47.45495758262638,1.0,560,681,1241,0.0,-0.0008333472224535399,1.0000000000000013,0.0
63055,47.454124235403924,1.0,560,681,1241,0.0,-0.0008333472224535399,1.0000000000000013,0.0
63056,47.45329088818147,1.0,560,681,1241,0.0,-0.0008333472224535399,1.0000000000000013,0.0
63057,47.45245754095902,1.0,560,681,1241,0.0,-0.0008333472224535399,1.0000000000000013,0.0
63058,47.45162419373656,1.0,560,681,1241,0.0,-0.0008333472224535399,1.0000000000000013,0.0
63059,47.45079084651411,1.0,560,681,1241,0.0,-0.0008333472224535399,1.0000000000000013,0.0
63060,47.449957499291656,1.0,560,681,1241,0.0,-0.0008333472224535399,1.0000000000000013,0.0
63061,47.4491241520692,1.0,560,681,1241,0.0,-0.0008333472224535399,1.0000000000000013,0.0
63062,47.44829080484675,1.0,560,681,1241,0.0,-0.0008333472224535399,1.0000000000000013,0.0
63063,47.447457457624296,1.0,560,681,1241,0.0,-0.0008333472224535399,1.0000000000000013,0.0
63064,47.44662411040184,0.9991941982272361,560,681,1241,-0.0008058017727639033,-0.0008333472224535399,0.999919419822725,-8.058017727639034e-05
63065,47.44579076317939,0.9991941982272361,560,681,1241,0.0,-0.0008333472224535399,0.9998388396454487,-8.058017727639034e-05
63066,47.444957415956935,0.9991941982272361,560,681,1241,0.0,-0.0008333472224535399,0.9997582594681724,-8.058017727639034e-05
63067,47.44412406873448,0.9991941982272361,560,681,1241,0.0,-0.0008333472224535399,0.999677679290896,-8.058017727639034e-05
63068,47.44329072151203,0.9991941982272361,560,681,1241,0.0,-0.0008333472224535399,0.9995970991136197,-8.058017727639034e-05
63069,47.442457374289575,0.9991941982272361,560,681,1241,0.0,-0.0008333472224535399,0.9995165189363433,-8.058017727639034e-05
63070,47.44162402706712,0.9991941982272361,560,681,1241,0.0,-0.0008333472224535399,0.999435938759067,-8.058017727639034e-05
63071,47.44079067984467,1.0,560,681,1241,0.0008058017727639033,-0.0008333472224535399,0.999435938759067,0.0
63072,47.439957332622214,1.0,560,681,1241,0.0,-0.0008333472224535399,0.999435938759067,0.0
63073,47.43912398539975,1.0,560,681,1241,0.0,-0.0008333472224606453,0.999435938759067,0.0
63074,47.4382906381773,1.0,560,681,1241,0.0,-0.0008333472224535399,0.9995165189363433,8.058017727639034e-05
63075,47.437457290954846,1.0,560,681,1241,0.0,-0.0008333472224535399,0.9995970991136197,8.058017727639034e-05
63076,47.43662394373239,1.0,560,681,1241,0.0,-0.0008333472224535399,0.999677679290896,8.058017727639034e-05
63077,47.43579059650994,1.0,560,681,1241,0.0,-0.0008333472224535399,0.9997582594681724,8.058017727639034e-05
63078,47.434957249287486,1.0,560,681,1241,0.0,-0.0008333472224535399,0.9998388396454487,8.058017727639034e-05
63079,47.43412390206503,1.0,560,681,1241,0.0,-0.0008333472224535399,0.999919419822725,8.058017727639034e-05
63080,47.43329055484258,1.0,560,681,1241,0.0,-0.0008333472224535399,1.0000000000000013,8.058017727639034e-05
63081,47.432457207620125,1.0,560,681,1241,0.0,-0.0008333472224535399,1.0000000000000013,0.0
63082,47.43162386039767,1.0,560,681,1241,0.0,-0.0008333472224535399,1.0000000000000013,0.0
63083,47.43079051317522,1.0,560,681,1241,0.0,-0.0008333472224535399,1.0000000000000013,0.0
63084,47.429957165952764,1.0,560,681,1241,0.0,-0.0008333472224535399,1.0000000000000013,0.0
63085,47.42912381873031,1.0,560,681,1241,0.0,-0.0008333472224535399,1.0000000000000013,0.0
63086,47.42829047150786,1.0,560,681,1241,0.0,-0.0008333472224535399,1.0000000000000013,0.0
63087,47.427457124285404,1.0,560,681,1241,0.0,-0.0008333472224535399,1.0000000000000013,0.0
63088,47.42662377706295,1.0,560,681,1241,0.0,-0.0008333472224535399,1.0000000000000013,0.0
63089,47.4257904298405,1.0,560,681,1241,0.0,-0.0008333472224535399,1.0000000000000013,0.0
63090,47.42495708261804,1.0,560,681,1241,0.0,-0.0008333472224535399,1.0000000000000013,0.0
63091,47.42412373539559,1.0,560,681,1241,0.0,-0.0008333472224535399,1.0000000000000013,0.0
63092,47.423290388173136,1.0,560,681,1241,0.0,-0.0008333472224535399,1.0000000000000013,0.0
63093,47.42245704095068,1.0,560,681,1241,0.0,-0.0008333472224535399,1.0000000000000013,0.0
63094,47.42162369372823,1.0,560,681,1241,0.0,-0.0008333472224535399,1.0000000000000013,0.0
63095,47.420790346505775,1.0,560,681,1241,0.0,-0.0008333472224535399,1.0000000000000013,0.0
63096,47.41995699928332,1.0,560,681,1241,0.0,-0.0008333472224535399,1.0000000000000013,0.0
63097,47.41912365206087,1.0,560,681,1241,0.0,-0.0008333472224535399,1.0000000000000013,0.0
63098,47.418290304838415,1.0,560,681,1241,0.0,-0.0008333472224535399,1.0000000000000013,0.0
63099,47.41745695761596,1.0,560,681,1241,0.0,-0.0008333472224535399,1.0000000000000013,0.0
63100,47.41662361039351,1.0,560,681,1241,0.0,-0.0008333472224535399,1.0000000000000013,0.0
63101,47.415790263171054,1.0,560,681,1241,0.0,-0.0008333472224535399,1.0000000000000013,0.0
63102,47.4149569159486,1.0,560,681,1241,0.0,-0.0008333472224535399,1.0000000000000013,0.0
63103,47.41412356872615,1.0,560,681,1241,0.0,-0.0008333472224535399,1.0000000000000013,0.0
63104,47.41329022150369,1.0,560,681,1241,0.0,-0.0008333472224535399,1.0000000000000013,0.0
63105,47.41245687428124,1.0,560,681,1241,0.0,-0.0008333472224535399,1.0000000000000013,0.0
63106,47.41162352705879,1.0,560,681,1241,0.0,-0.0008333472224535399,1.0000000000000013,0.0
63107,47.41079017983633,1.0,560,681,1241,0.0,-0.0008333472224535399,1.0000000000000013,0.0
63108,47.40995683261388,1.0,560,681,1241,0.0,-0.0008333472224535399,1.0000000000000013,0.0
63109,47.409123485391426,1.0,560,681,1241,0.0,-0.0008333472224535399,1.0000000000000013,0.0
63110,47.40829013816897,1.0,560,681,1241,0.0,-0.0008333472224535399,1.0000000000000013,0.0
63111,47.40745679094652,1.0,560,681,1241,0.0,-0.0008333472224535399,1.0000000000000013,0.0
63112,47.406623443724065,1.0,560,681,1241,0.0,-0.0008333472224535399,1.0000000000000013,0.0
63113,47.405790096501605,1.0,560,681,1241,0.0,-0.0008333472224606453,1.0000000000000013,0.0
63114,47.40495674927915,1.0,560,681,1241,0.0,-0.0008333472224535399,1.0000000000000013,0.0
63115,47.4041234020567,1.0,560,681,1241,0.0,-0.0008333472224535399,1.0000000000000013,0.0
63116,47.403290054834244,1.0,560,681,1241,0.0,-0.0008333472224535399,1.0000000000000013,0.0
63117,47.40245670761179,1.0,560,681,1241,0.0,-0.0008333472224535399,1.0000000000000013,0.0
63118,47.40162336038934,1.0,560,681,1241,0.0,-0.0008333472224535399,1.0000000000000013,0.0
63119,47.40079001316688,1.0,560,681,1241,0.0,-0.0008333472224535399,1.0000000000000013,0.0
63120,47.39995666594443,1.0,560,681,1241,0.0,-0.0008333472224535399,1.0000000000000013,0.0
63121,47.399123318721976,1.0,560,681,1241,0.0,-0.0008333472224535399,1.0000000000000013,0.0
63122,47.39828997149952,1.0,560,681,1241,0.0,-0.0008333472224535399,1.0000000000000013,0.0
63123,47.39745662427707,1.0,560,681,1241,0.0,-0.0008333472224535399,1.0000000000000013,0.0
63124,47.396623277054616,1.0,560,681,1241,0.0,-0.0008333472224535399,1.0000000000000013,0.0
63125,47.39578992983216,1.0,560,681,1241,0.0,-0.0008333472224535399,1.0000000000000013,0.0
63126,47.39495658260971,1.0,560,681,1241,0.0,-0.0008333472224535399,1.0000000000000013,0.0
63127,47.394123235387255,1.0,560,681,1241,0.0,-0.0008333472224535399,1.0000000000000013,0.0
63128,47.3932898881648,1.0,560,681,1241,0.0,-0.0008333472224535399,1.0000000000000013,0.0
63129,47.39245654094235,1.0,560,681,1241,0.0,-0.0008333472224535399,1.0000000000000013,0.0
63130,47.391623193719894,1.0,560,681,1241,0.0,-0.0008333472224535399,1.0000000000000013,0.0
63131,47.39078984649744,1.0,560,681,1241,0.0,-0.0008333472224535399,1.0000000000000013,0.0
63132,47.38995649927499,1.0,560,681,1241,0.0,-0.0008333472224535399,1.0000000000000013,0.0
63133,47.389123152052534,1.0,560,681,1241,0.0,-0.0008333472224535399,1.0000000000000013,0.0
63134,47.38828980483008,0.9991941982272361,560,681,1241,-0.0008058017727639033,-0.0008333472224535399,0.999919419822725,-8.058017727639034e-05
63135,47.38745645760763,1.0,560,681,1241,0.0008058017727639033,-0.0008333472224535399,0.999919419822725,0.0
63136,47.38662311038517,1.0,560,681,1241,0.0,-0.0008333472224535399,0.999919419822725,0.0
63137,47.38578976316272,1.0,560,681,1241,0.0,-0.0008333472224535399,0.999919419822725,0.0
63138,47.384956415940266,1.0,560,681,1241,0.0,-0.0008333472224535399,0.999919419822725,0.0
63139,47.38412306871781,1.0,560,681,1241,0.0,-0.0008333472224535399,0.999919419822725,0.0
63140,47.38328972149536,1.0,560,681,1241,0.0,-0.0008333472224535399,0.999919419822725,0.0
63141,47.382456374272905,1.0,560,681,1241,0.0,-0.0008333472224535399,0.999919419822725,0.0
63142,47.38162302705045,1.0,560,681,1241,0.0,-0.0008333472224535399,0.999919419822725,0.0
63143,47.380789679828,1.0,560,681,1241,0.0,-0.0008333472224535399,0.999919419822725,0.0
63144,47.379956332605545,1.0,560,681,1241,0.0,-0.0008333472224535399,1.0000000000000013,8.058017727639034e-05
63145,47.37912298538309,1.0,560,681,1241,0.0,-0.0008333472224535399,1.0000000000000013,0.0
63146,47.37828963816064,1.0,560,681,1241,0.0,-0.0008333472224535399,1.0000000000000013,0.0
63147,47.377456290938184,1.0,560,681,1241,0.0,-0.0008333472224535399,1.0000000000000013,0.0
63148,47.37662294371573,1.0,560,681,1241,0.0,-0.0008333472224535399,1.0000000000000013,0.0
63149,47.37578959649328,1.0,560,681,1241,0.0,-0.0008333472224535399,1.0000000000000013,0.0
63150,47.374956249270824,1.0,560,681,1241,0.0,-0.0008333472224535399,1.0000000000000013,0.0
63151,47.37412290204837,1.0,560,681,1241,0.0,-0.0008333472224535399,1.0000000000000013,0.0
63152,47.37328955482592,1.0,560,681,1241,0.0,-0.0008333472224535399,1.0000000000000013,0.0
63153,47.37245620760346,1.0,560,681,1241,0.0,-0.0008333472224535399,1.0000000000000013,0.0
63154,47.37162286038101,1.0,560,681,1241,0.0,-0.0008333472224535399,1.0000000000000013,0.0
63155,47.370789513158556,1.0,560,681,1241,0.0,-0.0008333472224535399,1.0000000000000013,0.0
63156,47.3699561659361,1.0,560,681,1241,0.0,-0.0008333472224535399,1.0000000000000013,0.0
63157,47.36912281871365,1.0,560,681,1241,0.0,-0.0008333472224535399,1.0000000000000013,0.0
63158,47.36828947149119,1.0,560,681,1241,0.0,-0.0008333472224606453,1.0000000000000013,0.0
63159,47.367456124268735,1.0,560,681,1241,0.0,-0.0008333472224535399,1.0000000000000013,0.0
63160,47.36662277704628,1.0,560,681,1241,0.0,-0.0008333472224535399,1.0000000000000013,0.0
63161,47.36578942982383,1.0,560,681,1241,0.0,-0.0008333472224535399,1.0000000000000013,0.0
63162,47.364956082601374,1.0,560,681,1241,0.0,-0.0008333472224535399,1.0000000000000013,0.0
63163,47.36412273537892,1.0,560,681,1241,0.0,-0.0008333472224535399,1.0000000000000013,0.0
63164,47.36328938815647,1.0,560,681,1241,0.0,-0.0008333472224535399,1.0000000000000013,0.0
63165,47.36245604093401,1.0,560,681,1241,0.0,-0.0008333472224535399,1.0000000000000013,0.0
63166,47.36162269371156,1.0,560,681,1241,0.0,-0.0008333472224535399,1.0000000000000013,0.0
63167,47.360789346489106,1.0,560,681,1241,0.0,-0.0008333472224535399,1.0000000000000013,0.0
63168,47.35995599926665,1.0,560,681,1241,0.0,-0.0008333472224535399,1.0000000000000013,0.0
63169,47.3591226520442,1.0,560,681,1241,0.0,-0.0008333472224535399,1.0000000000000013,0.0
63170,47.358289304821746,1.0,560,681,1241,0.0,-0.0008333472224535399,1.0000000000000013,0.0
63171,47.35745595759929,1.0,560,681,1241,0.0,-0.0008333472224535399,1.0000000000000013,0.0
63172,47.35662261037684,1.0,560,681,1241,0.0,-0.0008333472224535399,1.0000000000000013,0.0
63173,47.355789263154385,1.0,560,681,1241,0.0,-0.0008333472224535399,1.0000000000000013,0.0
63174,47.35495591593193,1.0,560,681,1241,0.0,-0.0008333472224535399,1.0000000000000013,0.0
63175,47.35412256870948,1.0,560,681,1241,0.0,-0.0008333472224535399,1.0000000000000013,0.0
63176,47.353289221487024,1.0,560,681,1241,0.0,-0.0008333472224535399,1.0000000000000013,0.0
63177,47.35245587426457,1.0,560,681,1241,0.0,-0.0008333472224535399,1.0000000000000013,0.0
63178,47.35162252704212,1.0,560,681,1241,0.0,-0.0008333472224535399,1.0000000000000013,0.0
63179,47.350789179819664,1.0,560,681,1241,0.0,-0.0008333472224535399,1.0000000000000013,0.0
63180,47.34995583259721,1.0,560,681,1241,0.0,-0.0008333472224535399,1.0000000000000013,0.0
63181,47.34912248537476,1.0,560,681,1241,0.0,-0.0008333472224535399,1.0000000000000013,0.0
63182,47.3482891381523,1.0,560,681,1241,0.0,-0.0008333472224535399,1.0000000000000013,0.0
63183,47.34745579092985,1.0,560,681,1241,0.0,-0.0008333472224535399,1.0000000000000013,0.0
63184,47.346622443707396,1.0,560,681,1241,0.0,-0.0008333472224535399,1.0000000000000013,0.0
63185,47.34578909648494,1.0,560,681,1241,0.0,-0.0008333472224535399,1.0000000000000013,0.0
63186,47.34495574926249,1.0,560,681,1241,0.0,-0.0008333472224535399,1.0000000000000013,0.0
63187,47.344122402040036,1.0,560,681,1241,0.0,-0.0008333472224535399,1.0000000000000013,0.0
63188,47.34328905481758,1.0,560,681,1241,0.0,-0.0008333472224535399,1.0000000000000013,0.0
63189,47.34245570759513,1.0,560,681,1241,0.0,-0.0008333472224535399,1.0000000000000013,0.0
63190,47.341622360372675,1.0,560,681,1241,0.0,-0.0008333472224535399,1.0000000000000013,0.0
63191,47.34078901315022,1.0,560,681,1241,0.0,-0.0008333472224535399,1.0000000000000013,0.0
63192,47.33995566592777,1.0,560,681,1241,0.0,-0.0008333472224535399,1.0000000000000013,0.0
63193,47.339122318705314,1.0,560,681,1241,0.0,-0.0008333472224535399,1.0000000000000013,0.0
63194,47.33828897148286,1.0,560,681,1241,0.0,-0.0008333472224535399,1.0000000000000013,0.0
63195,47.33745562426041,1.0,560,681,1241,0.0,-0.0008333472224535399,1.0000000000000013,0.0
63196,47.336622277037954,1.0,560,681,1241,0.0,-0.0008333472224535399,1.0000000000000013,0.0
63197,47.3357889298155,1.0,560,681,1241,0.0,-0.0008333472224535399,1.0000000000000013,0.0
63198,47.33495558259304,1.0,560,681,1241,0.0,-0.0008333472224606453,1.0000000000000013,0.0
63199,47.334122235370586,1.0,560,681,1241,0.0,-0.0008333472224535399,1.0000000000000013,0.0
63200,47.33328888814813,1.0,560,681,1241,0.0,-0.0008333472224535399,1.0000000000000013,0.0
63201,47.33245554092568,1.0,560,681,1241,0.0,-0.0008333472224535399,1.0000000000000013,0.0
63202,47.331622193703225,1.0,560,681,1241,0.0,-0.0008333472224535399,1.0000000000000013,0.0
63203,47.33078884648077,1.0,560,681,1241,0.0,-0.0008333472224535399,1.0000000000000013,0.0
63204,47.32995549925832,1.0,560,681,1241,0.0,-0.0008333472224535399,1.0000000000000013,0.0
63205,47.329122152035865,1.0,560,681,1241,0.0,-0.0008333472224535399,1.0000000000000013,0.0
63206,47.32828880481341,1.0,560,681,1241,0.0,-0.0008333472224535399,1.0000000000000013,0.0
63207,47.32745545759096,1.0,560,681,1241,0.0,-0.0008333472224535399,1.0000000000000013,0.0
63208,47.326622110368504,1.0,560,681,1241,0.0,-0.0008333472224535399,1.0000000000000013,0.0
63209,47.32578876314605,1.0,560,681,1241,0.0,-0.0008333472224535399,1.0000000000000013,0.0
63210,47.3249554159236,1.0,560,681,1241,0.0,-0.0008333472224535399,1.0000000000000013,0.0
63211,47.32412206870114,1.0,560,681,1241,0.0,-0.0008333472224535399,1.0000000000000013,0.0
63212,47.32328872147869,1.0,560,681,1241,0.0,-0.0008333472224535399,1.0000000000000013,0.0
63213,47.322455374256236,1.0,560,681,1241,0.0,-0.0008333472224535399,1.0000000000000013,0.0
63214,47.32162202703378,1.0,560,681,1241,0.0,-0.0008333472224535399,1.0000000000000013,0.0
63215,47.32078867981133,1.0,560,681,1241,0.0,-0.0008333472224535399,1.0000000000000013,0.0
63216,47.319955332588876,1.0,560,681,1241,0.0,-0.0008333472224535399,1.0000000000000013,0.0
63217,47.31912198536642,1.0,560,681,1241,0.0,-0.0008333472224535399,1.0000000000000013,0.0
63218,47.31828863814397,1.0,560,681,1241,0.0,-0.0008333472224535399,1.0000000000000013,0.0
63219,47.317455290921515,1.0,560,681,1241,0.0,-0.0008333472224535399,1.0000000000000013,0.0
63220,47.31662194369906,1.0,560,681,1241,0.0,-0.0008333472224535399,1.0000000000000013,0.0
63221,47.31578859647661,1.0,560,681,1241,0.0,-0.0008333472224535399,1.0000000000000013,0.0
63222,47.314955249254155,1.0,560,681,1241,0.0,-0.0008333472224535399,1.0000000000000013,0.0
63223,47.3141219020317,1.0,560,681,1241,0.0,-0.0008333472224535399,1.0000000000000013,0.0
63224,47.31328855480925,0.9991941982272361,560,681,1241,-0.0008058017727639033,-0.0008333472224535399,0.999919419822725,-8.058017727639034e-05
63225,47.312455207586794,0.9991941982272361,560,681,1241,0.0,-0.0008333472224535399,0.9998388396454487,-8.058017727639034e-05
63226,47.31162186036434,0.9991941982272361,560,681,1241,0.0,-0.0008333472224535399,0.9997582594681724,-8.058017727639034e-05
63227,47.31078851314189,0.9991941982272361,560,681,1241,0.0,-0.0008333472224535399,0.999677679290896,-8.058017727639034e-05
63228,47.30995516591943,0.9991941982272361,560,681,1241,0.0,-0.0008333472224535399,0.9995970991136197,-8.058017727639034e-05
63229,47.30912181869698,0.9991941982272361,560,681,1241,0.0,-0.0008333472224535399,0.9995165189363433,-8.058017727639034e-05
63230,47.308288471474526,0.9991941982272361,560,681,1241,0.0,-0.0008333472224535399,0.999435938759067,-8.058017727639034e-05
63231,47.30745512425207,0.9991941982272361,560,681,1241,0.0,-0.0008333472224535399,0.9993553585817907,-8.058017727639034e-05
63232,47.30662177702962,1.0,560,681,1241,0.0008058017727639033,-0.0008333472224535399,0.9993553585817907,0.0
63233,47.305788429807166,1.0,560,681,1241,0.0,-0.0008333472224535399,0.9993553585817907,0.0
63234,47.30495508258471,1.0,560,681,1241,0.0,-0.0008333472224535399,0.999435938759067,8.058017727639034e-05
63235,47.30412173536226,1.0,560,681,1241,0.0,-0.0008333472224535399,0.9995165189363433,8.058017727639034e-05
63236,47.303288388139805,1.0,560,681,1241,0.0,-0.0008333472224535399,0.9995970991136197,8.058017727639034e-05
63237,47.30245504091735,0.9991941982272361,560,681,1241,-0.0008058017727639033,-0.0008333472224535399,0.9995970991136197,0.0
63238,47.3016216936949,0.9991941982272361,560,681,1241,0.0,-0.0008333472224535399,0.9995970991136197,0.0
63239,47.300788346472444,0.9991941982272361,560,681,1241,0.0,-0.0008333472224535399,0.9995970991136197,0.0
63240,47.29995499924999,0.9991941982272361,560,681,1241,0.0,-0.0008333472224535399,0.9995970991136197,0.0
63241,47.29912165202754,0.9991941982272361,560,681,1241,0.0,-0.0008333472224535399,0.9995970991136197,0.0
63242,47.298288304805084,1.0,560,681,1241,0.0008058017727639033,-0.0008333472224535399,0.9995970991136197,0.0
63243,47.29745495758262,1.0,560,681,1241,0.0,-0.0008333472224606453,0.9995970991136197,0.0
63244,47.29662161036017,1.0,560,681,1241,0.0,-0.0008333472224535399,0.9995970991136197,0.0
63245,47.295788263137716,1.0,560,681,1241,0.0,-0.0008333472224535399,0.9995970991136197,0.0
63246,47.29495491591526,1.0,560,681,1241,0.0,-0.0008333472224535399,0.9995970991136197,0.0
63247,47.29412156869281,1.0,560,681,1241,0.0,-0.0008333472224535399,0.999677679290896,8.058017727639034e-05
63248,47.293288221470355,1.0,560,681,1241,0.0,-0.0008333472224535399,0.9997582594681724,8.058017727639034e-05
63249,47.2924548742479,1.0,560,681,1241,0.0,-0.0008333472224535399,0.9998388396454487,8.058017727639034e-05
63250,47.29162152702545,1.0,560,681,1241,0.0,-0.0008333472224535399,0.999919419822725,8.058017727639034e-05
63251,47.290788179802995,1.0,560,681,1241,0.0,-0.0008333472224535399,1.0000000000000013,8.058017727639034e-05
63252,47.28995483258054,1.0,560,681,1241,0.0,-0.0008333472224535399,1.0000000000000013,0.0
63253,47.28912148535809,1.0,560,681,1241,0.0,-0.0008333472224535399,1.0000000000000013,0.0
63254,47.288288138135634,1.0,560,681,1241,0.0,-0.0008333472224535399,1.0000000000000013,0.0
63255,47.28745479091318,1.0,560,681,1241,0.0,-0.0008333472224535399,1.0000000000000013,0.0
63256,47.28662144369073,1.0,560,681,1241,0.0,-0.0008333472224535399,1.0000000000000013,0.0
63257,47.28578809646827,1.0,560,681,1241,0.0,-0.0008333472224535399,1.0000000000000013,0.0
63258,47.28495474924582,1.0,560,681,1241,0.0,-0.0008333472224535399,1.0000000000000013,0.0
63259,47.284121402023366,1.0,560,681,1241,0.0,-0.0008333472224535399,1.0000000000000013,0.0
63260,47.28328805480091,1.0,560,681,1241,0.0,-0.0008333472224535399,1.0000000000000013,0.0
63261,47.28245470757846,1.0,560,681,1241,0.0,-0.0008333472224535399,1.0000000000000013,0.0
63262,47.281621360356006,1.0,560,681,1241,0.0,-0.0008333472224535399,1.0000000000000013,0.0
63263,47.28078801313355,1.0,560,681,1241,0.0,-0.0008333472224535399,1.0000000000000013,0.0
63264,47.2799546659111,1.0,560,681,1241,0.0,-0.0008333472224535399,1.0000000000000013,0.0
63265,47.279121318688645,1.0,560,681,1241,0.0,-0.0008333472224535399,1.0000000000000013,0.0
63266,47.27828797146619,1.0,560,681,1241,0.0,-0.0008333472224535399,1.0000000000000013,0.0
63267,47.27745462424374,1.0,560,681,1241,0.0,-0.0008333472224535399,1.0000000000000013,0.0
63268,47.276621277021285,1.0,560,681,1241,0.0,-0.0008333472224535399,1.0000000000000013,0.0
63269,47.27578792979883,1.0,560,681,1241,0.0,-0.0008333472224535399,1.0000000000000013,0.0
63270,47.27495458257638,1.0,560,681,1241,0.0,-0.0008333472224535399,1.0000000000000013,0.0
63271,47.274121235353924,1.0,560,681,1241,0.0,-0.0008333472224535399,1.0000000000000013,0.0
63272,47.27328788813147,1.0,560,681,1241,0.0,-0.0008333472224535399,1.0000000000000013,0.0
63273,47.27245454090902,1.0,560,681,1241,0.0,-0.0008333472224535399,1.0000000000000013,0.0
63274,47.27162119368656,1.0,560,681,1241,0.0,-0.0008333472224535399,1.0000000000000013,0.0
63275,47.27078784646411,1.0,560,681,1241,0.0,-0.0008333472224535399,1.0000000000000013,0.0
63276,47.269954499241656,1.0,560,681,1241,0.0,-0.0008333472224535399,1.0000000000000013,0.0
63277,47.2691211520192,1.0,560,681,1241,0.0,-0.0008333472224535399,1.0000000000000013,0.0
63278,47.26828780479675,1.0,560,681,1241,0.0,-0.0008333472224535399,1.0000000000000013,0.0
63279,47.267454457574296,1.0,560,681,1241,0.0,-0.0008333472224535399,1.0000000000000013,0.0
63280,47.26662111035184,1.0,560,681,1241,0.0,-0.0008333472224535399,1.0000000000000013,0.0
63281,47.26578776312939,1.0,560,681,1241,0.0,-0.0008333472224535399,1.0000000000000013,0.0
63282,47.26495441590693,1.0,560,681,1241,0.0,-0.0008333472224606453,1.0000000000000013,0.0
63283,47.264121068684474,1.0,560,681,1241,0.0,-0.0008333472224535399,1.0000000000000013,0.0
63284,47.26328772146202,1.0,560,681,1241,0.0,-0.0008333472224535399,1.0000000000000013,0.0
63285,47.26245437423957,1.0,560,681,1241,0.0,-0.0008333472224535399,1.0000000000000013,0.0
63286,47.261621027017114,1.0,560,681,1241,0.0,-0.0008333472224535399,1.0000000000000013,0.0
63287,47.26078767979466,1.0,560,681,1241,0.0,-0.0008333472224535399,1.0000000000000013,0.0
63288,47.25995433257221,1.0,560,681,1241,0.0,-0.0008333472224535399,1.0000000000000013,0.0
63289,47.25912098534975,1.0,560,681,1241,0.0,-0.0008333472224535399,1.0000000000000013,0.0
63290,47.2582876381273,1.0,560,681,1241,0.0,-0.0008333472224535399,1.0000000000000013,0.0
63291,47.257454290904846,1.0,560,681,1241,0.0,-0.0008333472224535399,1.0000000000000013,0.0
63292,47.25662094368239,1.0,560,681,1241,0.0,-0.0008333472224535399,1.0000000000000013,0.0
63293,47.25578759645994,1.0,560,681,1241,0.0,-0.0008333472224535399,1.0000000000000013,0.0
63294,47.254954249237485,1.0,560,681,1241,0.0,-0.0008333472224535399,1.0000000000000013,0.0
63295,47.25412090201503,1.0,560,681,1241,0.0,-0.0008333472224535399,1.0000000000000013,0.0
63296,47.25328755479258,1.0,560,681,1241,0.0,-0.0008333472224535399,1.0000000000000013,0.0
63297,47.252454207570125,1.0,560,681,1241,0.0,-0.0008333472224535399,1.0000000000000013,0.0
63298,47.25162086034767,1.0,560,681,1241,0.0,-0.0008333472224535399,1.0000000000000013,0.0
63299,47.25078751312522,1.0,560,681,1241,0.0,-0.0008333472224535399,1.0000000000000013,0.0
63300,47.249954165902764,1.0,560,681,1241,0.0,-0.0008333472224535399,1.0000000000000013,0.0
63301,47.24912081868031,1.0,560,681,1241,0.0,-0.0008333472224535399,1.0000000000000013,0.0
63302,47.24828747145786,1.0,560,681,1241,0.0,-0.0008333472224535399,1.0000000000000013,0.0
63303,47.247454124235404,1.0,560,681,1241,0.0,-0.0008333472224535399,1.0000000000000013,0.0
63304,47.24662077701295,1.0,560,681,1241,0.0,-0.0008333472224535399,1.0000000000000013,0.0
63305,47.2457874297905,1.0,560,681,1241,0.0,-0.0008333472224535399,1.0000000000000013,0.0
63306,47.24495408256804,1.0,560,681,1241,0.0,-0.0008333472224535399,1.0000000000000013,0.0
63307,47.24412073534559,1.0,560,681,1241,0.0,-0.0008333472224535399,1.0000000000000013,0.0
63308,47.243287388123136,1.0,560,681,1241,0.0,-0.0008333472224535399,1.0000000000000013,0.0
63309,47.24245404090068,1.0,560,681,1241,0.0,-0.0008333472224535399,1.0000000000000013,0.0
63310,47.24162069367823,1.0,560,681,1241,0.0,-0.0008333472224535399,1.0000000000000013,0.0
63311,47.240787346455775,1.0,560,681,1241,0.0,-0.0008333472224535399,1.0000000000000013,0.0
63312,47.23995399923332,1.0,560,681,1241,0.0,-0.0008333472224535399,1.0000000000000013,0.0
63313,47.23912065201087,1.0,560,681,1241,0.0,-0.0008333472224535399,1.0000000000000013,0.0
63314,47.238287304788415,1.0,560,681,1241,0.0,-0.0008333472224535399,1.0000000000000013,0.0
63315,47.23745395756596,1.0,560,681,1241,0.0,-0.0008333472224535399,1.0000000000000013,0.0
63316,47.23662061034351,1.0,560,681,1241,0.0,-0.0008333472224535399,1.0000000000000013,0.0
63317,47.235787263121054,1.0,560,681,1241,0.0,-0.0008333472224535399,1.0000000000000013,0.0
63318,47.2349539158986,1.0,560,681,1241,0.0,-0.0008333472224535399,1.0000000000000013,0.0
63319,47.23412056867615,1.0,560,681,1241,0.0,-0.0008333472224535399,1.0000000000000013,0.0
63320,47.23328722145369,0.9991941982272361,560,681,1241,-0.0008058017727639033,-0.0008333472224535399,0.999919419822725,-8.058017727639034e-05
63321,47.23245387423124,0.9991941982272361,560,681,1241,0.0,-0.0008333472224535399,0.9998388396454487,-8.058017727639034e-05
63322,47.231620527008786,0.9991941982272361,560,681,1241,0.0,-0.0008333472224535399,0.9997582594681724,-8.058017727639034e-05
63323,47.23078717978633,1.0,560,681,1241,0.0008058017727639033,-0.0008333472224535399,0.9997582594681724,0.0
63324,47.22995383256388,1.0,560,681,1241,0.0,-0.0008333472224535399,0.9997582594681724,0.0
63325,47.229120485341426,1.0,560,681,1241,0.0,-0.0008333472224535399,0.9997582594681724,0.0
63326,47.22828713811897,1.0,560,681,1241,0.0,-0.0008333472224535399,0.9997582594681724,0.0
63327,47.22745379089651,1.0,560,681,1241,0.0,-0.0008333472224606453,0.9997582594681724,0.0
63328,47.22662044367406,1.0,560,681,1241,0.0,-0.0008333472224535399,0.9997582594681724,0.0
63329,47.225787096451604,1.0,560,681,1241,0.0,-0.0008333472224535399,0.9997582594681724,0.0
63330,47.22495374922915,1.0,560,681,1241,0.0,-0.0008333472224535399,0.9998388396454487,8.058017727639034e-05
63331,47.2241204020067,1.0,560,681,1241,0.0,-0.0008333472224535399,0.999919419822725,8.058017727639034e-05
63332,47.223287054784244,1.0,560,681,1241,0.0,-0.0008333472224535399,1.0000000000000013,8.058017727639034e-05
63333,47.22245370756179,1.0,560,681,1241,0.0,-0.0008333472224535399,1.0000000000000013,0.0
63334,47.22162036033934,0.9991941982272361,560,681,1241,-0.0008058017727639033,-0.0008333472224535399,0.999919419822725,-8.058017727639034e-05
63335,47.22078701311688,0.9991941982272361,560,681,1241,0.0,-0.0008333472224535399,0.9998388396454487,-8.058017727639034e-05
63336,47.21995366589443,0.9991941982272361,560,681,1241,0.0,-0.0008333472224535399,0.9997582594681724,-8.058017727639034e-05
63337,47.219120318671976,0.9991941982272361,560,681,1241,0.0,-0.0008333472224535399,0.999677679290896,-8.058017727639034e-05
63338,47.21828697144952,1.0,560,681,1241,0.0008058017727639033,-0.0008333472224535399,0.999677679290896,0.0
63339,47.21745362422707,1.0,560,681,1241,0.0,-0.0008333472224535399,0.999677679290896,0.0
63340,47.216620277004616,1.0,560,681,1241,0.0,-0.0008333472224535399,0.999677679290896,0.0
63341,47.21578692978216,1.0,560,681,1241,0.0,-0.0008333472224535399,0.999677679290896,0.0
63342,47.21495358255971,1.0,560,681,1241,0.0,-0.0008333472224535399,0.999677679290896,0.0
63343,47.214120235337255,1.0,560,681,1241,0.0,-0.0008333472224535399,0.999677679290896,0.0
63344,47.2132868881148,1.0,560,681,1241,0.0,-0.0008333472224535399,0.9997582594681724,8.058017727639034e-05
63345,47.21245354089235,1.0,560,681,1241,0.0,-0.0008333472224535399,0.9998388396454487,8.058017727639034e-05
63346,47.211620193669894,1.0,560,681,1241,0.0,-0.0008333472224535399,0.999919419822725,8.058017727639034e-05
63347,47.21078684644744,1.0,560,681,1241,0.0,-0.0008333472224535399,1.0000000000000013,8.058017727639034e-05
63348,47.20995349922499,1.0,560,681,1241,0.0,-0.0008333472224535399,1.0000000000000013,0.0
63349,47.209120152002534,1.0,560,681,1241,0.0,-0.0008333472224535399,1.0000000000000013,0.0
63350,47.20828680478008,0.9991941982272361,560,681,1241,-0.0008058017727639033,-0.0008333472224535399,0.999919419822725,-8.058017727639034e-05
63351,47.20745345755763,1.0,560,681,1241,0.0008058017727639033,-0.0008333472224535399,0.999919419822725,0.0
63352,47.20662011033517,1.0,560,681,1241,0.0,-0.0008333472224535399,0.999919419822725,0.0
63353,47.20578676311272,1.0,560,681,1241,0.0,-0.0008333472224535399,0.999919419822725,0.0
63354,47.204953415890266,1.0,560,681,1241,0.0,-0.0008333472224535399,0.999919419822725,0.0
63355,47.20412006866781,1.0,560,681,1241,0.0,-0.0008333472224535399,0.999919419822725,0.0
63356,47.20328672144536,1.0,560,681,1241,0.0,-0.0008333472224535399,0.999919419822725,0.0
63357,47.202453374222905,1.0,560,681,1241,0.0,-0.0008333472224535399,0.999919419822725,0.0
63358,47.20162002700045,1.0,560,681,1241,0.0,-0.0008333472224535399,0.999919419822725,0.0
63359,47.200786679778,1.0,560,681,1241,0.0,-0.0008333472224535399,0.999919419822725,0.0
63360,47.199953332555545,1.0,560,681,1241,0.0,-0.0008333472224535399,1.0000000000000013,8.058017727639034e-05
63361,47.19911998533309,1.0,560,681,1241,0.0,-0.0008333472224535399,1.0000000000000013,0.0
63362,47.19828663811064,1.0,560,681,1241,0.0,-0.0008333472224535399,1.0000000000000013,0.0
63363,47.197453290888184,1.0,560,681,1241,0.0,-0.0008333472224535399,1.0000000000000013,0.0
63364,47.19661994366573,1.0,560,681,1241,0.0,-0.0008333472224535399,1.0000000000000013,0.0
63365,47.19578659644328,1.0,560,681,1241,0.0,-0.0008333472224535399,1.0000000000000013,0.0
63366,47.19495324922082,1.0,560,681,1241,0.0,-0.0008333472224535399,1.0000000000000013,0.0
63367,47.19411990199836,1.0,560,681,1241,0.0,-0.0008333472224606453,1.0000000000000013,0.0
63368,47.19328655477591,1.0,560,681,1241,0.0,-0.0008333472224535399,1.0000000000000013,0.0
63369,47.192453207553456,1.0,560,681,1241,0.0,-0.0008333472224535399,1.0000000000000013,0.0
63370,47.191619860331,1.0,560,681,1241,0.0,-0.0008333472224535399,1.0000000000000013,0.0
63371,47.19078651310855,1.0,560,681,1241,0.0,-0.0008333472224535399,1.0000000000000013,0.0
63372,47.189953165886095,1.0,560,681,1241,0.0,-0.0008333472224535399,1.0000000000000013,0.0
63373,47.18911981866364,1.0,560,681,1241,0.0,-0.0008333472224535399,1.0000000000000013,0.0
63374,47.18828647144119,1.0,560,681,1241,0.0,-0.0008333472224535399,1.0000000000000013,0.0
63375,47.187453124218735,1.0,560,681,1241,0.0,-0.0008333472224535399,1.0000000000000013,0.0
63376,47.18661977699628,1.0,560,681,1241,0.0,-0.0008333472224535399,1.0000000000000013,0.0
63377,47.18578642977383,1.0,560,681,1241,0.0,-0.0008333472224535399,1.0000000000000013,0.0
63378,47.184953082551374,0.9991941982272361,560,681,1241,-0.0008058017727639033,-0.0008333472224535399,0.999919419822725,-8.058017727639034e-05
63379,47.18411973532892,0.9991941982272361,560,681,1241,0.0,-0.0008333472224535399,0.9998388396454487,-8.058017727639034e-05
63380,47.18328638810647,1.0,560,681,1241,0.0008058017727639033,-0.0008333472224535399,0.9998388396454487,0.0
63381,47.18245304088401,1.0,560,681,1241,0.0,-0.0008333472224535399,0.9998388396454487,0.0
63382,47.18161969366156,1.0,560,681,1241,0.0,-0.0008333472224535399,0.9998388396454487,0.0
63383,47.180786346439106,1.0,560,681,1241,0.0,-0.0008333472224535399,0.9998388396454487,0.0
63384,47.17995299921665,1.0,560,681,1241,0.0,-0.0008333472224535399,0.9998388396454487,0.0
63385,47.1791196519942,1.0,560,681,1241,0.0,-0.0008333472224535399,0.9998388396454487,0.0
63386,47.178286304771746,1.0,560,681,1241,0.0,-0.0008333472224535399,0.9998388396454487,0.0
63387,47.17745295754929,1.0,560,681,1241,0.0,-0.0008333472224535399,0.9998388396454487,0.0
63388,47.17661961032684,1.0,560,681,1241,0.0,-0.0008333472224535399,0.999919419822725,8.058017727639034e-05
63389,47.175786263104385,1.0,560,681,1241,0.0,-0.0008333472224535399,1.0000000000000013,8.058017727639034e-05
63390,47.17495291588193,1.0,560,681,1241,0.0,-0.0008333472224535399,1.0000000000000013,0.0
63391,47.17411956865948,1.0,560,681,1241,0.0,-0.0008333472224535399,1.0000000000000013,0.0
63392,47.173286221437024,1.0,560,681,1241,0.0,-0.0008333472224535399,1.0000000000000013,0.0
63393,47.17245287421457,1.0,560,681,1241,0.0,-0.0008333472224535399,1.0000000000000013,0.0
63394,47.17161952699212,1.0,560,681,1241,0.0,-0.0008333472224535399,1.0000000000000013,0.0
63395,47.170786179769664,1.0,560,681,1241,0.0,-0.0008333472224535399,1.0000000000000013,0.0
63396,47.16995283254721,0.9991941982272361,560,681,1241,-0.0008058017727639033,-0.0008333472224535399,0.999919419822725,-8.058017727639034e-05
63397,47.16911948532476,0.9991941982272361,560,681,1241,0.0,-0.0008333472224535399,0.9998388396454487,-8.058017727639034e-05
63398,47.1682861381023,0.9991941982272361,560,681,1241,0.0,-0.0008333472224535399,0.9997582594681724,-8.058017727639034e-05
63399,47.16745279087985,0.9991941982272361,560,681,1241,0.0,-0.0008333472224535399,0.999677679290896,-8.058017727639034e-05
63400,47.166619443657396,0.9991941982272361,560,681,1241,0.0,-0.0008333472224535399,0.9995970991136197,-8.058017727639034e-05
63401,47.16578609643494,1.0,560,681,1241,0.0008058017727639033,-0.0008333472224535399,0.9995970991136197,0.0
63402,47.16495274921249,1.0,560,681,1241,0.0,-0.0008333472224535399,0.9995970991136197,0.0
63403,47.164119401990035,1.0,560,681,1241,0.0,-0.0008333472224535399,0.9995970991136197,0.0
63404,47.16328605476758,1.0,560,681,1241,0.0,-0.0008333472224535399,0.9995970991136197,0.0
63405,47.16245270754513,1.0,560,681,1241,0.0,-0.0008333472224535399,0.9995970991136197,0.0
63406,47.161619360322675,1.0,560,681,1241,0.0,-0.0008333472224535399,0.999677679290896,8.058017727639034e-05
63407,47.16078601310022,1.0,560,681,1241,0.0,-0.0008333472224535399,0.9997582594681724,8.058017727639034e-05
63408,47.15995266587777,1.0,560,681,1241,0.0,-0.0008333472224535399,0.9998388396454487,8.058017727639034e-05
63409,47.159119318655314,1.0,560,681,1241,0.0,-0.0008333472224535399,0.999919419822725,8.058017727639034e-05
63410,47.15828597143286,1.0,560,681,1241,0.0,-0.0008333472224535399,1.0000000000000013,8.058017727639034e-05
63411,47.15745262421041,1.0,560,681,1241,0.0,-0.0008333472224535399,1.0000000000000013,0.0
63412,47.156619276987946,1.0,560,681,1241,0.0,-0.0008333472224606453,1.0000000000000013,0.0
63413,47.15578592976549,1.0,560,681,1241,0.0,-0.0008333472224535399,1.0000000000000013,0.0
63414,47.15495258254304,1.0,560,681,1241,0.0,-0.0008333472224535399,1.0000000000000013,0.0
63415,47.154119235320586,1.0,560,681,1241,0.0,-0.0008333472224535399,1.0000000000000013,0.0
63416,47.15328588809813,1.0,560,681,1241,0.0,-0.0008333472224535399,1.0000000000000013,0.0
63417,47.15245254087568,1.0,560,681,1241,0.0,-0.0008333472224535399,1.0000000000000013,0.0
63418,47.151619193653225,1.0,560,681,1241,0.0,-0.0008333472224535399,1.0000000000000013,0.0
63419,47.15078584643077,1.0,560,681,1241,0.0,-0.0008333472224535399,1.0000000000000013,0.0
63420,47.14995249920832,1.0,560,681,1241,0.0,-0.0008333472224535399,1.0000000000000013,0.0
63421,47.149119151985865,1.0,560,681,1241,0.0,-0.0008333472224535399,1.0000000000000013,0.0
63422,47.14828580476341,1.0,560,681,1241,0.0,-0.0008333472224535399,1.0000000000000013,0.0
63423,47.14745245754096,1.0,560,681,1241,0.0,-0.0008333472224535399,1.0000000000000013,0.0
63424,47.146619110318504,1.0,560,681,1241,0.0,-0.0008333472224535399,1.0000000000000013,0.0
63425,47.14578576309605,1.0,560,681,1241,0.0,-0.0008333472224535399,1.0000000000000013,0.0
63426,47.1449524158736,1.0,560,681,1241,0.0,-0.0008333472224535399,1.0000000000000013,0.0
63427,47.14411906865114,1.0,560,681,1241,0.0,-0.0008333472224535399,1.0000000000000013,0.0
63428,47.14328572142869,1.0,560,681,1241,0.0,-0.0008333472224535399,1.0000000000000013,0.0
63429,47.142452374206236,1.0,560,681,1241,0.0,-0.0008333472224535399,1.0000000000000013,0.0
63430,47.14161902698378,1.0,560,681,1241,0.0,-0.0008333472224535399,1.0000000000000013,0.0
63431,47.14078567976133,1.0,560,681,1241,0.0,-0.0008333472224535399,1.0000000000000013,0.0
63432,47.139952332538876,1.0,560,681,1241,0.0,-0.0008333472224535399,1.0000000000000013,0.0
63433,47.13911898531642,1.0,560,681,1241,0.0,-0.0008333472224535399,1.0000000000000013,0.0
63434,47.13828563809397,1.0,560,681,1241,0.0,-0.0008333472224535399,1.0000000000000013,0.0
63435,47.137452290871515,1.0,560,681,1241,0.0,-0.0008333472224535399,1.0000000000000013,0.0
63436,47.13661894364906,1.0,560,681,1241,0.0,-0.0008333472224535399,1.0000000000000013,0.0
63437,47.13578559642661,1.0,560,681,1241,0.0,-0.0008333472224535399,1.0000000000000013,0.0
63438,47.134952249204154,1.0,560,681,1241,0.0,-0.0008333472224535399,1.0000000000000013,0.0
63439,47.1341189019817,1.0,560,681,1241,0.0,-0.0008333472224535399,1.0000000000000013,0.0
63440,47.13328555475925,1.0,560,681,1241,0.0,-0.0008333472224535399,1.0000000000000013,0.0
63441,47.132452207536794,1.0,560,681,1241,0.0,-0.0008333472224535399,1.0000000000000013,0.0
63442,47.13161886031434,1.0,560,681,1241,0.0,-0.0008333472224535399,1.0000000000000013,0.0
63443,47.13078551309189,1.0,560,681,1241,0.0,-0.0008333472224535399,1.0000000000000013,0.0
63444,47.12995216586943,1.0,560,681,1241,0.0,-0.0008333472224535399,1.0000000000000013,0.0
63445,47.12911881864698,1.0,560,681,1241,0.0,-0.0008333472224535399,1.0000000000000013,0.0
63446,47.128285471424526,1.0,560,681,1241,0.0,-0.0008333472224535399,1.0000000000000013,0.0
63447,47.12745212420207,1.0,560,681,1241,0.0,-0.0008333472224535399,1.0000000000000013,0.0
63448,47.12661877697962,1.0,560,681,1241,0.0,-0.0008333472224535399,1.0000000000000013,0.0
63449,47.125785429757165,1.0,560,681,1241,0.0,-0.0008333472224535399,1.0000000000000013,0.0
63450,47.12495208253471,1.0,560,681,1241,0.0,-0.0008333472224535399,1.0000000000000013,0.0
63451,47.12411873531226,1.0,560,681,1241,0.0,-0.0008333472224535399,1.0000000000000013,0.0
63452,47.1232853880898,1.0,560,681,1241,0.0,-0.0008333472224606453,1.0000000000000013,0.0
63453,47.122452040867344,1.0,560,681,1241,0.0,-0.0008333472224535399,1.0000000000000013,0.0
63454,47.12161869364489,1.0,560,681,1241,0.0,-0.0008333472224535399,1.0000000000000013,0.0
63455,47.12078534642244,1.0,560,681,1241,0.0,-0.0008333472224535399,1.0000000000000013,0.0
63456,47.119951999199984,1.0,560,681,1241,0.0,-0.0008333472224535399,1.0000000000000013,0.0
63457,47.11911865197753,1.0,560,681,1241,0.0,-0.0008333472224535399,1.0000000000000013,0.0
63458,47.11828530475508,1.0,560,681,1241,0.0,-0.0008333472224535399,1.0000000000000013,0.0
63459,47.11745195753262,1.0,560,681,1241,0.0,-0.0008333472224535399,1.0000000000000013,0.0
63460,47.11661861031017,0.9991941982272361,560,681,1241,-0.0008058017727639033,-0.0008333472224535399,0.999919419822725,-8.058017727639034e-05
63461,47.115785263087716,1.0,560,681,1241,0.0008058017727639033,-0.0008333472224535399,0.999919419822725,0.0
63462,47.11495191586526,1.0,560,681,1241,0.0,-0.0008333472224535399,0.999919419822725,0.0
63463,47.11411856864281,1.0,560,681,1241,0.0,-0.0008333472224535399,0.999919419822725,0.0
63464,47.113285221420355,1.0,560,681,1241,0.0,-0.0008333472224535399,0.999919419822725,0.0
63465,47.1124518741979,1.0,560,681,1241,0.0,-0.0008333472224535399,0.999919419822725,0.0
63466,47.11161852697545,1.0,560,681,1241,0.0,-0.0008333472224535399,0.999919419822725,0.0
63467,47.110785179752995,1.0,560,681,1241,0.0,-0.0008333472224535399,0.999919419822725,0.0
63468,47.10995183253054,0.9991941982272361,560,681,1241,-0.0008058017727639033,-0.0008333472224535399,0.9998388396454487,-8.058017727639034e-05
63469,47.10911848530809,0.9991941982272361,560,681,1241,0.0,-0.0008333472224535399,0.9997582594681724,-8.058017727639034e-05
63470,47.108285138085634,0.9991941982272361,560,681,1241,0.0,-0.0008333472224535399,0.9997582594681724,0.0
63471,47.10745179086318,0.9991941982272361,560,681,1241,0.0,-0.0008333472224535399,0.999677679290896,-8.058017727639034e-05
63472,47.10661844364073,0.9983883964544722,560,681,1241,-0.0008058017727639033,-0.0008333472224535399,0.9995165189363433,-0.00016116035455278067
63473,47.10578509641827,0.9983883964544722,560,681,1241,0.0,-0.0008333472224535399,0.9993553585817907,-0.00016116035455278067
63474,47.10495174919582,0.9991941982272361,560,681,1241,0.0008058017727639033,-0.0008333472224535399,0.9992747784045143,-8.058017727639034e-05
63475,47.104118401973366,0.9991941982272361,560,681,1241,0.0,-0.0008333472224535399,0.999194198227238,-8.058017727639034e-05
63476,47.10328505475091,0.9991941982272361,560,681,1241,0.0,-0.0008333472224535399,0.9991136180499616,-8.058017727639034e-05
63477,47.10245170752846,0.9991941982272361,560,681,1241,0.0,-0.0008333472224535399,0.9990330378726853,-8.058017727639034e-05
63478,47.101618360306006,0.9991941982272361,560,681,1241,0.0,-0.0008333472224535399,0.9990330378726853,0.0
63479,47.10078501308355,0.9991941982272361,560,681,1241,0.0,-0.0008333472224535399,0.9990330378726853,0.0
63480,47.0999516658611,0.9991941982272361,560,681,1241,0.0,-0.0008333472224535399,0.9990330378726853,0.0
63481,47.099118318638645,0.9991941982272361,560,681,1241,0.0,-0.0008333472224535399,0.9990330378726853,0.0
63482,47.09828497141619,0.9983883964544722,560,681,1241,-0.0008058017727639033,-0.0008333472224535399,0.9990330378726853,0.0
63483,47.09745162419374,0.9983883964544722,560,681,1241,0.0,-0.0008333472224535399,0.9990330378726853,0.0
63484,47.096618276971284,0.9983883964544722,560,681,1241,0.0,-0.0008333472224535399,0.998952457695409,-8.058017727639034e-05
63485,47.09578492974883,0.9983883964544722,560,681,1241,0.0,-0.0008333472224535399,0.9988718775181326,-8.058017727639034e-05
63486,47.09495158252638,0.9991941982272361,560,681,1241,0.0008058017727639033,-0.0008333472224535399,0.9988718775181326,0.0
63487,47.094118235303924,1.0,560,681,1241,0.0008058017727639033,-0.0008333472224535399,0.998952457695409,8.058017727639034e-05
63488,47.09328488808147,1.0,560,681,1241,0.0,-0.0008333472224535399,0.9990330378726853,8.058017727639034e-05
63489,47.09245154085902,1.0,560,681,1241,0.0,-0.0008333472224535399,0.9991136180499616,8.058017727639034e-05
63490,47.09161819363656,1.0,560,681,1241,0.0,-0.0008333472224535399,0.999194198227238,8.058017727639034e-05
63491,47.09078484641411,1.0,560,681,1241,0.0,-0.0008333472224535399,0.9992747784045143,8.058017727639034e-05
63492,47.089951499191656,1.0,560,681,1241,0.0,-0.0008333472224535399,0.999435938759067,0.00016116035455278067
63493,47.0891181519692,1.0,560,681,1241,0.0,-0.0008333472224535399,0.9995970991136197,0.00016116035455278067
63494,47.08828480474675,1.0,560,681,1241,0.0,-0.0008333472224535399,0.9997582594681724,0.00016116035455278067
63495,47.087451457524296,1.0,560,681,1241,0.0,-0.0008333472224535399,0.999919419822725,0.00016116035455278067
63496,47.08661811030184,1.0,560,681,1241,0.0,-0.0008333472224535399,1.0000000000000013,8.058017727639034e-05
63497,47.08578476307938,1.0,560,681,1241,0.0,-0.0008333472224606453,1.0000000000000013,0.0
63498,47.08495141585693,1.0,560,681,1241,0.0,-0.0008333472224535399,1.0000000000000013,0.0
63499,47.084118068634474,1.0,560,681,1241,0.0,-0.0008333472224535399,1.0000000000000013,0.0
63500,47.08328472141202,0.9991941982272361,560,681,1241,-0.0008058017727639033,-0.0008333472224535399,0.999919419822725,-8.058017727639034e-05
63501,47.08245137418957,1.0,560,681,1241,0.0008058017727639033,-0.0008333472224535399,0.999919419822725,0.0
63502,47.081618026967114,1.0,560,681,1241,0.0,-0.0008333472224535399,0.999919419822725,0.0
63503,47.08078467974466,1.0,560,681,1241,0.0,-0.0008333472224535399,0.999919419822725,0.0
63504,47.07995133252221,1.0,560,681,1241,0.0,-0.0008333472224535399,0.999919419822725,0.0
63505,47.07911798529975,1.0,560,681,1241,0.0,-0.0008333472224535399,0.999919419822725,0.0
63506,47.0782846380773,1.0,560,681,1241,0.0,-0.0008333472224535399,0.999919419822725,0.0
63507,47.077451290854846,1.0,560,681,1241,0.0,-0.0008333472224535399,0.999919419822725,0.0
63508,47.07661794363239,1.0,560,681,1241,0.0,-0.0008333472224535399,0.999919419822725,0.0
63509,47.07578459640994,1.0,560,681,1241,0.0,-0.0008333472224535399,0.999919419822725,0.0
63510,47.074951249187485,1.0,560,681,1241,0.0,-0.0008333472224535399,1.0000000000000013,8.058017727639034e-05
63511,47.07411790196503,1.0,560,681,1241,0.0,-0.0008333472224535399,1.0000000000000013,0.0
63512,47.07328455474258,1.0,560,681,1241,0.0,-0.0008333472224535399,1.0000000000000013,0.0
63513,47.072451207520125,1.0,560,681,1241,0.0,-0.0008333472224535399,1.0000000000000013,0.0
63514,47.07161786029767,1.0,560,681,1241,0.0,-0.0008333472224535399,1.0000000000000013,0.0
63515,47.07078451307522,1.0,560,681,1241,0.0,-0.0008333472224535399,1.0000000000000013,0.0
63516,47.069951165852764,1.0,560,681,1241,0.0,-0.0008333472224535399,1.0000000000000013,0.0
63517,47.06911781863031,1.0,560,681,1241,0.0,-0.0008333472224535399,1.0000000000000013,0.0
63518,47.06828447140786,1.0,560,681,1241,0.0,-0.0008333472224535399,1.0000000000000013,0.0
63519,47.0674511241854,1.0,560,681,1241,0.0,-0.0008333472224535399,1.0000000000000013,0.0
63520,47.06661777696295,1.0,560,681,1241,0.0,-0.0008333472224535399,1.0000000000000013,0.0
63521,47.065784429740496,1.0,560,681,1241,0.0,-0.0008333472224535399,1.0000000000000013,0.0
63522,47.06495108251804,1.0,560,681,1241,0.0,-0.0008333472224535399,1.0000000000000013,0.0
63523,47.06411773529559,1.0,560,681,1241,0.0,-0.0008333472224535399,1.0000000000000013,0.0
63524,47.063284388073136,1.0,560,681,1241,0.0,-0.0008333472224535399,1.0000000000000013,0.0
63525,47.06245104085068,1.0,560,681,1241,0.0,-0.0008333472224535399,1.0000000000000013,0.0
63526,47.06161769362823,1.0,560,681,1241,0.0,-0.0008333472224535399,1.0000000000000013,0.0
63527,47.060784346405775,1.0,560,681,1241,0.0,-0.0008333472224535399,1.0000000000000013,0.0
63528,47.05995099918332,1.0,560,681,1241,0.0,-0.0008333472224535399,1.0000000000000013,0.0
63529,47.05911765196087,1.0,560,681,1241,0.0,-0.0008333472224535399,1.0000000000000013,0.0
63530,47.058284304738415,1.0,560,681,1241,0.0,-0.0008333472224535399,1.0000000000000013,0.0
63531,47.05745095751596,1.0,560,681,1241,0.0,-0.0008333472224535399,1.0000000000000013,0.0
63532,47.05661761029351,1.0,560,681,1241,0.0,-0.0008333472224535399,1.0000000000000013,0.0
63533,47.055784263071054,1.0,560,681,1241,0.0,-0.0008333472224535399,1.0000000000000013,0.0
63534,47.0549509158486,1.0,560,681,1241,0.0,-0.0008333472224535399,1.0000000000000013,0.0
63535,47.05411756862615,1.0,560,681,1241,0.0,-0.0008333472224535399,1.0000000000000013,0.0
63536,47.05328422140369,1.0,560,681,1241,0.0,-0.0008333472224535399,1.0000000000000013,0.0
63537,47.05245087418123,1.0,560,681,1241,0.0,-0.0008333472224606453,1.0000000000000013,0.0
63538,47.05161752695878,1.0,560,681,1241,0.0,-0.0008333472224535399,1.0000000000000013,0.0
63539,47.050784179736326,1.0,560,681,1241,0.0,-0.0008333472224535399,1.0000000000000013,0.0
63540,47.04995083251387,1.0,560,681,1241,0.0,-0.0008333472224535399,1.0000000000000013,0.0
63541,47.04911748529142,1.0,560,681,1241,0.0,-0.0008333472224535399,1.0000000000000013,0.0
63542,47.048284138068965,1.0,560,681,1241,0.0,-0.0008333472224535399,1.0000000000000013,0.0
63543,47.04745079084651,1.0,560,681,1241,0.0,-0.0008333472224535399,1.0000000000000013,0.0
63544,47.04661744362406,0.9991941982272361,560,681,1241,-0.0008058017727639033,-0.0008333472224535399,0.999919419822725,-8.058017727639034e-05
63545,47.045784096401604,0.9991941982272361,560,681,1241,0.0,-0.0008333472224535399,0.9998388396454487,-8.058017727639034e-05
63546,47.04495074917915,0.9991941982272361,560,681,1241,0.0,-0.0008333472224535399,0.9997582594681724,-8.058017727639034e-05
63547,47.0441174019567,0.9991941982272361,560,681,1241,0.0,-0.0008333472224535399,0.999677679290896,-8.058017727639034e-05
63548,47.043284054734244,0.9991941982272361,560,681,1241,0.0,-0.0008333472224535399,0.9995970991136197,-8.058017727639034e-05
63549,47.04245070751179,0.9991941982272361,560,681,1241,0.0,-0.0008333472224535399,0.9995165189363433,-8.058017727639034e-05
63550,47.04161736028934,0.9991941982272361,560,681,1241,0.0,-0.0008333472224535399,0.999435938759067,-8.058017727639034e-05
63551,47.04078401306688,0.9991941982272361,560,681,1241,0.0,-0.0008333472224535399,0.9993553585817907,-8.058017727639034e-05
63552,47.03995066584443,0.9991941982272361,560,681,1241,0.0,-0.0008333472224535399,0.9992747784045143,-8.058017727639034e-05
63553,47.039117318621976,0.9991941982272361,560,681,1241,0.0,-0.0008333472224535399,0.999194198227238,-8.058017727639034e-05
63554,47.03828397139952,1.0,560,681,1241,0.0008058017727639033,-0.0008333472224535399,0.9992747784045143,8.058017727639034e-05
63555,47.03745062417707,1.0,560,681,1241,0.0,-0.0008333472224535399,0.9993553585817907,8.058017727639034e-05
63556,47.036617276954615,1.0,560,681,1241,0.0,-0.0008333472224535399,0.999435938759067,8.058017727639034e-05
63557,47.03578392973216,1.0,560,681,1241,0.0,-0.0008333472224535399,0.9995165189363433,8.058017727639034e-05
63558,47.03495058250971,0.9991941982272361,560,681,1241,-0.0008058017727639033,-0.0008333472224535399,0.9995165189363433,0.0
63559,47.034117235287255,0.9991941982272361,560,681,1241,0.0,-0.0008333472224535399,0.9995165189363433,0.0
63560,47.0332838880648,0.9991941982272361,560,681,1241,0.0,-0.0008333472224535399,0.9995165189363433,0.0
63561,47.03245054084235,1.0,560,681,1241,0.0008058017727639033,-0.0008333472224535399,0.9995970991136197,8.058017727639034e-05
63562,47.031617193619894,1.0,560,681,1241,0.0,-0.0008333472224535399,0.999677679290896,8.058017727639034e-05
63563,47.03078384639744,1.0,560,681,1241,0.0,-0.0008333472224535399,0.9997582594681724,8.058017727639034e-05
63564,47.02995049917499,1.0,560,681,1241,0.0,-0.0008333472224535399,0.9997582594681724,0.0
63565,47.02911715195253,1.0,560,681,1241,0.0,-0.0008333472224535399,0.9997582594681724,0.0
63566,47.02828380473008,1.0,560,681,1241,0.0,-0.0008333472224535399,0.9997582594681724,0.0
63567,47.027450457507626,1.0,560,681,1241,0.0,-0.0008333472224535399,0.9997582594681724,0.0
63568,47.02661711028517,1.0,560,681,1241,0.0,-0.0008333472224535399,0.9998388396454487,8.058017727639034e-05
63569,47.02578376306272,1.0,560,681,1241,0.0,-0.0008333472224535399,0.999919419822725,8.058017727639034e-05
63570,47.024950415840266,1.0,560,681,1241,0.0,-0.0008333472224535399,1.0000000000000013,8.058017727639034e-05
63571,47.02411706861781,1.0,560,681,1241,0.0,-0.0008333472224535399,1.0000000000000013,0.0
63572,47.02328372139536,1.0,560,681,1241,0.0,-0.0008333472224535399,1.0000000000000013,0.0
63573,47.022450374172905,1.0,560,681,1241,0.0,-0.0008333472224535399,1.0000000000000013,0.0
63574,47.02161702695045,1.0,560,681,1241,0.0,-0.0008333472224535399,1.0000000000000013,0.0
63575,47.020783679728,1.0,560,681,1241,0.0,-0.0008333472224535399,1.0000000000000013,0.0
63576,47.019950332505545,1.0,560,681,1241,0.0,-0.0008333472224535399,1.0000000000000013,0.0
63577,47.01911698528309,1.0,560,681,1241,0.0,-0.0008333472224535399,1.0000000000000013,0.0
63578,47.01828363806064,1.0,560,681,1241,0.0,-0.0008333472224535399,1.0000000000000013,0.0
63579,47.017450290838184,1.0,560,681,1241,0.0,-0.0008333472224535399,1.0000000000000013,0.0
63580,47.01661694361573,1.0,560,681,1241,0.0,-0.0008333472224535399,1.0000000000000013,0.0
63581,47.01578359639328,1.0,560,681,1241,0.0,-0.0008333472224535399,1.0000000000000013,0.0
63582,47.014950249170816,1.0,560,681,1241,0.0,-0.0008333472224606453,1.0000000000000013,0.0
63583,47.01411690194836,1.0,560,681,1241,0.0,-0.0008333472224535399,1.0000000000000013,0.0
63584,47.01328355472591,1.0,560,681,1241,0.0,-0.0008333472224535399,1.0000000000000013,0.0
63585,47.012450207503456,1.0,560,681,1241,0.0,-0.0008333472224535399,1.0000000000000013,0.0
63586,47.011616860281,1.0,560,681,1241,0.0,-0.0008333472224535399,1.0000000000000013,0.0
63587,47.01078351305855,1.0,560,681,1241,0.0,-0.0008333472224535399,1.0000000000000013,0.0
63588,47.009950165836095,1.0,560,681,1241,0.0,-0.0008333472224535399,1.0000000000000013,0.0
63589,47.00911681861364,1.0,560,681,1241,0.0,-0.0008333472224535399,1.0000000000000013,0.0
63590,47.00828347139119,1.0,560,681,1241,0.0,-0.0008333472224535399,1.0000000000000013,0.0
63591,47.007450124168734,1.0,560,681,1241,0.0,-0.0008333472224535399,1.0000000000000013,0.0
63592,47.00661677694628,1.0,560,681,1241,0.0,-0.0008333472224535399,1.0000000000000013,0.0
63593,47.00578342972383,1.0,560,681,1241,0.0,-0.0008333472224535399,1.0000000000000013,0.0
63594,47.004950082501374,1.0,560,681,1241,0.0,-0.0008333472224535399,1.0000000000000013,0.0
63595,47.00411673527892,1.0,560,681,1241,0.0,-0.0008333472224535399,1.0000000000000013,0.0
63596,47.00328338805647,1.0,560,681,1241,0.0,-0.0008333472224535399,1.0000000000000013,0.0
63597,47.00245004083401,1.0,560,681,1241,0.0,-0.0008333472224535399,1.0000000000000013,0.0
63598,47.00161669361156,1.0,560,681,1241,0.0,-0.0008333472224535399,1.0000000000000013,0.0
63599,47.000783346389106,1.0,560,681,1241,0.0,-0.0008333472224535399,1.0000000000000013,0.0
63600,46.99994999916665,1.0,560,681,1241,0.0,-0.0008333472224535399,1.0000000000000013,0.0
63601,46.9991166519442,1.0,560,681,1241,0.0,-0.0008333472224535399,1.0000000000000013,0.0
63602,46.998283304721745,1.0,560,681,1241,0.0,-0.0008333472224535399,1.0000000000000013,0.0
63603,46.99744995749929,1.0,560,681,1241,0.0,-0.0008333472224535399,1.0000000000000013,0.0
63604,46.99661661027684,1.0,560,681,1241,0.0,-0.0008333472224535399,1.0000000000000013,0.0
63605,46.995783263054385,1.0,560,681,1241,0.0,-0.0008333472224535399,1.0000000000000013,0.0
63606,46.99494991583193,1.0,560,681,1241,0.0,-0.0008333472224535399,1.0000000000000013,0.0
63607,46.99411656860948,1.0,560,681,1241,0.0,-0.0008333472224535399,1.0000000000000013,0.0
63608,46.993283221387024,1.0,560,681,1241,0.0,-0.0008333472224535399,1.0000000000000013,0.0
63609,46.99244987416457,0.9991941982272361,560,681,1241,-0.0008058017727639033,-0.0008333472224535399,0.999919419822725,-8.058017727639034e-05
63610,46.99161652694212,1.0,560,681,1241,0.0008058017727639033,-0.0008333472224535399,0.999919419822725,0.0
63611,46.990783179719664,1.0,560,681,1241,0.0,-0.0008333472224535399,0.999919419822725,0.0
63612,46.98994983249721,1.0,560,681,1241,0.0,-0.0008333472224535399,0.999919419822725,0.0
63613,46.98911648527476,1.0,560,681,1241,0.0,-0.0008333472224535399,0.999919419822725,0.0
63614,46.9882831380523,1.0,560,681,1241,0.0,-0.0008333472224535399,0.999919419822725,0.0
63615,46.98744979082985,1.0,560,681,1241,0.0,-0.0008333472224535399,0.999919419822725,0.0
63616,46.986616443607396,1.0,560,681,1241,0.0,-0.0008333472224535399,0.999919419822725,0.0
63617,46.98578309638494,1.0,560,681,1241,0.0,-0.0008333472224535399,0.999919419822725,0.0
63618,46.98494974916249,0.9991941982272361,560,681,1241,-0.0008058017727639033,-0.0008333472224535399,0.9998388396454487,-8.058017727639034e-05
63619,46.984116401940035,0.9991941982272361,560,681,1241,0.0,-0.0008333472224535399,0.9998388396454487,0.0
63620,46.98328305471758,0.9991941982272361,560,681,1241,0.0,-0.0008333472224535399,0.9997582594681724,-8.058017727639034e-05
63621,46.98244970749512,0.9991941982272361,560,681,1241,0.0,-0.0008333472224606453,0.999677679290896,-8.058017727639034e-05
63622,46.98161636027267,0.9991941982272361,560,681,1241,0.0,-0.0008333472224535399,0.9995970991136197,-8.058017727639034e-05
63623,46.980783013050214,1.0,560,681,1241,0.0008058017727639033,-0.0008333472224535399,0.9995970991136197,0.0
63624,46.97994966582776,1.0,560,681,1241,0.0,-0.0008333472224535399,0.9995970991136197,0.0
63625,46.97911631860531,1.0,560,681,1241,0.0,-0.0008333472224535399,0.9995970991136197,0.0
63626,46.97828297138285,1.0,560,681,1241,0.0,-0.0008333472224535399,0.9995970991136197,0.0
63627,46.9774496241604,1.0,560,681,1241,0.0,-0.0008333472224535399,0.9995970991136197,0.0
63628,46.976616276937946,1.0,560,681,1241,0.0,-0.0008333472224535399,0.999677679290896,8.058017727639034e-05
63629,46.97578292971549,1.0,560,681,1241,0.0,-0.0008333472224535399,0.9997582594681724,8.058017727639034e-05
63630,46.97494958249304,1.0,560,681,1241,0.0,-0.0008333472224535399,0.9998388396454487,8.058017727639034e-05
63631,46.974116235270586,1.0,560,681,1241,0.0,-0.0008333472224535399,0.999919419822725,8.058017727639034e-05
63632,46.97328288804813,1.0,560,681,1241,0.0,-0.0008333472224535399,1.0000000000000013,8.058017727639034e-05
63633,46.97244954082568,1.0,560,681,1241,0.0,-0.0008333472224535399,1.0000000000000013,0.0
63634,46.971616193603225,1.0,560,681,1241,0.0,-0.0008333472224535399,1.0000000000000013,0.0
63635,46.97078284638077,1.0,560,681,1241,0.0,-0.0008333472224535399,1.0000000000000013,0.0
63636,46.96994949915832,0.9991941982272361,560,681,1241,-0.0008058017727639033,-0.0008333472224535399,0.999919419822725,-8.058017727639034e-05
63637,46.969116151935864,1.0,560,681,1241,0.0008058017727639033,-0.0008333472224535399,0.999919419822725,0.0
63638,46.96828280471341,1.0,560,681,1241,0.0,-0.0008333472224535399,0.999919419822725,0.0
63639,46.96744945749096,1.0,560,681,1241,0.0,-0.0008333472224535399,0.999919419822725,0.0
63640,46.966616110268504,1.0,560,681,1241,0.0,-0.0008333472224535399,0.999919419822725,0.0
63641,46.96578276304605,1.0,560,681,1241,0.0,-0.0008333472224535399,0.999919419822725,0.0
63642,46.9649494158236,1.0,560,681,1241,0.0,-0.0008333472224535399,0.999919419822725,0.0
63643,46.96411606860114,1.0,560,681,1241,0.0,-0.0008333472224535399,0.999919419822725,0.0
63644,46.96328272137869,1.0,560,681,1241,0.0,-0.0008333472224535399,0.999919419822725,0.0
63645,46.962449374156236,1.0,560,681,1241,0.0,-0.0008333472224535399,0.999919419822725,0.0
63646,46.96161602693378,1.0,560,681,1241,0.0,-0.0008333472224535399,1.0000000000000013,8.058017727639034e-05
63647,46.96078267971133,1.0,560,681,1241,0.0,-0.0008333472224535399,1.0000000000000013,0.0
63648,46.959949332488875,1.0,560,681,1241,0.0,-0.0008333472224535399,1.0000000000000013,0.0
63649,46.95911598526642,1.0,560,681,1241,0.0,-0.0008333472224535399,1.0000000000000013,0.0
63650,46.95828263804397,1.0,560,681,1241,0.0,-0.0008333472224535399,1.0000000000000013,0.0
63651,46.957449290821515,1.0,560,681,1241,0.0,-0.0008333472224535399,1.0000000000000013,0.0
63652,46.95661594359906,1.0,560,681,1241,0.0,-0.0008333472224535399,1.0000000000000013,0.0
63653,46.95578259637661,1.0,560,681,1241,0.0,-0.0008333472224535399,1.0000000000000013,0.0
63654,46.954949249154154,1.0,560,681,1241,0.0,-0.0008333472224535399,1.0000000000000013,0.0
63655,46.9541159019317,1.0,560,681,1241,0.0,-0.0008333472224535399,1.0000000000000013,0.0
63656,46.95328255470925,1.0,560,681,1241,0.0,-0.0008333472224535399,1.0000000000000013,0.0
63657,46.952449207486794,1.0,560,681,1241,0.0,-0.0008333472224535399,1.0000000000000013,0.0
63658,46.95161586026434,1.0,560,681,1241,0.0,-0.0008333472224535399,1.0000000000000013,0.0
63659,46.95078251304189,1.0,560,681,1241,0.0,-0.0008333472224535399,1.0000000000000013,0.0
63660,46.94994916581943,1.0,560,681,1241,0.0,-0.0008333472224535399,1.0000000000000013,0.0
63661,46.94911581859698,1.0,560,681,1241,0.0,-0.0008333472224535399,1.0000000000000013,0.0
63662,46.948282471374526,1.0,560,681,1241,0.0,-0.0008333472224535399,1.0000000000000013,0.0
63663,46.94744912415207,0.9991941982272361,560,681,1241,-0.0008058017727639033,-0.0008333472224535399,0.999919419822725,-8.058017727639034e-05
63664,46.94661577692962,1.0,560,681,1241,0.0008058017727639033,-0.0008333472224535399,0.999919419822725,0.0
63665,46.945782429707165,1.0,560,681,1241,0.0,-0.0008333472224535399,0.999919419822725,0.0
63666,46.944949082484705,1.0,560,681,1241,0.0,-0.0008333472224606453,0.999919419822725,0.0
63667,46.94411573526225,1.0,560,681,1241,0.0,-0.0008333472224535399,0.999919419822725,0.0
63668,46.9432823880398,1.0,560,681,1241,0.0,-0.0008333472224535399,0.999919419822725,0.0
63669,46.942449040817344,1.0,560,681,1241,0.0,-0.0008333472224535399,0.999919419822725,0.0
63670,46.94161569359489,1.0,560,681,1241,0.0,-0.0008333472224535399,0.999919419822725,0.0
63671,46.94078234637244,1.0,560,681,1241,0.0,-0.0008333472224535399,0.999919419822725,0.0
63672,46.93994899914998,1.0,560,681,1241,0.0,-0.0008333472224535399,0.999919419822725,0.0
63673,46.93911565192753,1.0,560,681,1241,0.0,-0.0008333472224535399,1.0000000000000013,8.058017727639034e-05
63674,46.938282304705076,1.0,560,681,1241,0.0,-0.0008333472224535399,1.0000000000000013,0.0
63675,46.93744895748262,1.0,560,681,1241,0.0,-0.0008333472224535399,1.0000000000000013,0.0
63676,46.93661561026017,1.0,560,681,1241,0.0,-0.0008333472224535399,1.0000000000000013,0.0
63677,46.935782263037716,1.0,560,681,1241,0.0,-0.0008333472224535399,1.0000000000000013,0.0
63678,46.93494891581526,1.0,560,681,1241,0.0,-0.0008333472224535399,1.0000000000000013,0.0
63679,46.93411556859281,1.0,560,681,1241,0.0,-0.0008333472224535399,1.0000000000000013,0.0
63680,46.933282221370355,1.0,560,681,1241,0.0,-0.0008333472224535399,1.0000000000000013,0.0
63681,46.9324488741479,1.0,560,681,1241,0.0,-0.0008333472224535399,1.0000000000000013,0.0
63682,46.93161552692545,1.0,560,681,1241,0.0,-0.0008333472224535399,1.0000000000000013,0.0
63683,46.930782179702994,1.0,560,681,1241,0.0,-0.0008333472224535399,1.0000000000000013,0.0
63684,46.92994883248054,1.0,560,681,1241,0.0,-0.0008333472224535399,1.0000000000000013,0.0
63685,46.92911548525809,1.0,560,681,1241,0.0,-0.0008333472224535399,1.0000000000000013,0.0
63686,46.928282138035634,1.0,560,681,1241,0.0,-0.0008333472224535399,1.0000000000000013,0.0
63687,46.92744879081318,1.0,560,681,1241,0.0,-0.0008333472224535399,1.0000000000000013,0.0
63688,46.92661544359073,1.0,560,681,1241,0.0,-0.0008333472224535399,1.0000000000000013,0.0
63689,46.92578209636827,1.0,560,681,1241,0.0,-0.0008333472224535399,1.0000000000000013,0.0
63690,46.92494874914582,1.0,560,681,1241,0.0,-0.0008333472224535399,1.0000000000000013,0.0
63691,46.924115401923366,1.0,560,681,1241,0.0,-0.0008333472224535399,1.0000000000000013,0.0
63692,46.92328205470091,0.9991941982272361,560,681,1241,-0.0008058017727639033,-0.0008333472224535399,0.999919419822725,-8.058017727639034e-05
63693,46.92244870747846,0.9991941982272361,560,681,1241,0.0,-0.0008333472224535399,0.9998388396454487,-8.058017727639034e-05
63694,46.921615360256006,0.9991941982272361,560,681,1241,0.0,-0.0008333472224535399,0.9997582594681724,-8.058017727639034e-05
63695,46.92078201303355,1.0,560,681,1241,0.0008058017727639033,-0.0008333472224535399,0.9997582594681724,0.0
63696,46.9199486658111,1.0,560,681,1241,0.0,-0.0008333472224535399,0.9997582594681724,0.0
63697,46.919115318588645,1.0,560,681,1241,0.0,-0.0008333472224535399,0.9997582594681724,0.0
63698,46.91828197136619,1.0,560,681,1241,0.0,-0.0008333472224535399,0.9997582594681724,0.0
63699,46.91744862414374,1.0,560,681,1241,0.0,-0.0008333472224535399,0.9997582594681724,0.0
63700,46.916615276921284,1.0,560,681,1241,0.0,-0.0008333472224535399,0.9997582594681724,0.0
63701,46.91578192969883,1.0,560,681,1241,0.0,-0.0008333472224535399,0.9997582594681724,0.0
63702,46.91494858247638,1.0,560,681,1241,0.0,-0.0008333472224535399,0.9998388396454487,8.058017727639034e-05
63703,46.914115235253924,1.0,560,681,1241,0.0,-0.0008333472224535399,0.999919419822725,8.058017727639034e-05
63704,46.91328188803147,1.0,560,681,1241,0.0,-0.0008333472224535399,1.0000000000000013,8.058017727639034e-05
63705,46.91244854080902,1.0,560,681,1241,0.0,-0.0008333472224535399,1.0000000000000013,0.0
63706,46.911615193586556,1.0,560,681,1241,0.0,-0.0008333472224606453,1.0000000000000013,0.0
63707,46.9107818463641,1.0,560,681,1241,0.0,-0.0008333472224535399,1.0000000000000013,0.0
63708,46.90994849914165,1.0,560,681,1241,0.0,-0.0008333472224535399,1.0000000000000013,0.0
63709,46.909115151919195,1.0,560,681,1241,0.0,-0.0008333472224535399,1.0000000000000013,0.0
63710,46.90828180469674,1.0,560,681,1241,0.0,-0.0008333472224535399,1.0000000000000013,0.0
63711,46.90744845747429,1.0,560,681,1241,0.0,-0.0008333472224535399,1.0000000000000013,0.0
63712,46.906615110251835,1.0,560,681,1241,0.0,-0.0008333472224535399,1.0000000000000013,0.0
63713,46.90578176302938,1.0,560,681,1241,0.0,-0.0008333472224535399,1.0000000000000013,0.0
63714,46.90494841580693,1.0,560,681,1241,0.0,-0.0008333472224535399,1.0000000000000013,0.0
63715,46.904115068584474,1.0,560,681,1241,0.0,-0.0008333472224535399,1.0000000000000013,0.0
63716,46.90328172136202,1.0,560,681,1241,0.0,-0.0008333472224535399,1.0000000000000013,0.0
63717,46.90244837413957,1.0,560,681,1241,0.0,-0.0008333472224535399,1.0000000000000013,0.0
63718,46.90161502691711,0.9991941982272361,560,681,1241,-0.0008058017727639033,-0.0008333472224535399,0.999919419822725,-8.058017727639034e-05
63719,46.90078167969466,1.0,560,681,1241,0.0008058017727639033,-0.0008333472224535399,0.999919419822725,0.0
63720,46.899948332472206,1.0,560,681,1241,0.0,-0.0008333472224535399,0.999919419822725,0.0
63721,46.89911498524975,1.0,560,681,1241,0.0,-0.0008333472224535399,0.999919419822725,0.0
63722,46.8982816380273,1.0,560,681,1241,0.0,-0.0008333472224535399,0.999919419822725,0.0
63723,46.897448290804846,1.0,560,681,1241,0.0,-0.0008333472224535399,0.999919419822725,0.0
63724,46.89661494358239,1.0,560,681,1241,0.0,-0.0008333472224535399,0.999919419822725,0.0
63725,46.89578159635994,1.0,560,681,1241,0.0,-0.0008333472224535399,0.999919419822725,0.0
63726,46.894948249137485,1.0,560,681,1241,0.0,-0.0008333472224535399,0.999919419822725,0.0
63727,46.89411490191503,1.0,560,681,1241,0.0,-0.0008333472224535399,0.999919419822725,0.0
63728,46.89328155469258,1.0,560,681,1241,0.0,-0.0008333472224535399,1.0000000000000013,8.058017727639034e-05
63729,46.892448207470125,1.0,560,681,1241,0.0,-0.0008333472224535399,1.0000000000000013,0.0
63730,46.89161486024767,1.0,560,681,1241,0.0,-0.0008333472224535399,1.0000000000000013,0.0
63731,46.89078151302522,1.0,560,681,1241,0.0,-0.0008333472224535399,1.0000000000000013,0.0
63732,46.889948165802764,1.0,560,681,1241,0.0,-0.0008333472224535399,1.0000000000000013,0.0
63733,46.88911481858031,1.0,560,681,1241,0.0,-0.0008333472224535399,1.0000000000000013,0.0
63734,46.88828147135786,1.0,560,681,1241,0.0,-0.0008333472224535399,1.0000000000000013,0.0
63735,46.8874481241354,1.0,560,681,1241,0.0,-0.0008333472224535399,1.0000000000000013,0.0
63736,46.88661477691295,0.9991941982272361,560,681,1241,-0.0008058017727639033,-0.0008333472224535399,0.999919419822725,-8.058017727639034e-05
63737,46.885781429690496,0.9991941982272361,560,681,1241,0.0,-0.0008333472224535399,0.9998388396454487,-8.058017727639034e-05
63738,46.88494808246804,0.9991941982272361,560,681,1241,0.0,-0.0008333472224535399,0.9997582594681724,-8.058017727639034e-05
63739,46.88411473524559,0.9991941982272361,560,681,1241,0.0,-0.0008333472224535399,0.999677679290896,-8.058017727639034e-05
63740,46.883281388023136,1.0,560,681,1241,0.0008058017727639033,-0.0008333472224535399,0.999677679290896,0.0
63741,46.88244804080068,1.0,560,681,1241,0.0,-0.0008333472224535399,0.999677679290896,0.0
63742,46.88161469357823,1.0,560,681,1241,0.0,-0.0008333472224535399,0.999677679290896,0.0
63743,46.880781346355775,1.0,560,681,1241,0.0,-0.0008333472224535399,0.999677679290896,0.0
63744,46.87994799913332,1.0,560,681,1241,0.0,-0.0008333472224535399,0.999677679290896,0.0
63745,46.87911465191087,1.0,560,681,1241,0.0,-0.0008333472224535399,0.999677679290896,0.0
63746,46.878281304688414,1.0,560,681,1241,0.0,-0.0008333472224535399,0.9997582594681724,8.058017727639034e-05
63747,46.87744795746596,1.0,560,681,1241,0.0,-0.0008333472224535399,0.9998388396454487,8.058017727639034e-05
63748,46.87661461024351,1.0,560,681,1241,0.0,-0.0008333472224535399,0.999919419822725,8.058017727639034e-05
63749,46.875781263021054,1.0,560,681,1241,0.0,-0.0008333472224535399,1.0000000000000013,8.058017727639034e-05
63750,46.8749479157986,1.0,560,681,1241,0.0,-0.0008333472224535399,1.0000000000000013,0.0
63751,46.87411456857614,0.9991941982272361,560,681,1241,-0.0008058017727639033,-0.0008333472224606453,0.999919419822725,-8.058017727639034e-05
63752,46.873281221353686,0.9991941982272361,560,681,1241,0.0,-0.0008333472224535399,0.9998388396454487,-8.058017727639034e-05
63753,46.87244787413123,0.9991941982272361,560,681,1241,0.0,-0.0008333472224535399,0.9997582594681724,-8.058017727639034e-05
63754,46.87161452690878,0.9991941982272361,560,681,1241,0.0,-0.0008333472224535399,0.999677679290896,-8.058017727639034e-05
63755,46.870781179686325,1.0,560,681,1241,0.0008058017727639033,-0.0008333472224535399,0.999677679290896,0.0
63756,46.86994783246387,0.9991941982272361,560,681,1241,-0.0008058017727639033,-0.0008333472224535399,0.9995970991136197,-8.058017727639034e-05
63757,46.86911448524142,0.9991941982272361,560,681,1241,0.0,-0.0008333472224535399,0.9995165189363433,-8.058017727639034e-05
63758,46.868281138018965,1.0,560,681,1241,0.0008058017727639033,-0.0008333472224535399,0.9995165189363433,0.0
63759,46.86744779079651,1.0,560,681,1241,0.0,-0.0008333472224535399,0.9995165189363433,0.0
63760,46.86661444357406,1.0,560,681,1241,0.0,-0.0008333472224535399,0.9995165189363433,0.0
63761,46.865781096351604,1.0,560,681,1241,0.0,-0.0008333472224535399,0.9995970991136197,8.058017727639034e-05
63762,46.86494774912915,1.0,560,681,1241,0.0,-0.0008333472224535399,0.999677679290896,8.058017727639034e-05
63763,46.8641144019067,1.0,560,681,1241,0.0,-0.0008333472224535399,0.9997582594681724,8.058017727639034e-05
63764,46.86328105468424,1.0,560,681,1241,0.0,-0.0008333472224535399,0.9998388396454487,8.058017727639034e-05
63765,46.86244770746179,1.0,560,681,1241,0.0,-0.0008333472224535399,0.9998388396454487,0.0
63766,46.86161436023934,1.0,560,681,1241,0.0,-0.0008333472224535399,0.999919419822725,8.058017727639034e-05
63767,46.86078101301688,1.0,560,681,1241,0.0,-0.0008333472224535399,1.0000000000000013,8.058017727639034e-05
63768,46.85994766579443,1.0,560,681,1241,0.0,-0.0008333472224535399,1.0000000000000013,0.0
63769,46.859114318571976,1.0,560,681,1241,0.0,-0.0008333472224535399,1.0000000000000013,0.0
63770,46.85828097134952,0.9991941982272361,560,681,1241,-0.0008058017727639033,-0.0008333472224535399,0.999919419822725,-8.058017727639034e-05
63771,46.85744762412707,0.9991941982272361,560,681,1241,0.0,-0.0008333472224535399,0.9998388396454487,-8.058017727639034e-05
63772,46.856614276904615,1.0,560,681,1241,0.0008058017727639033,-0.0008333472224535399,0.9998388396454487,0.0
63773,46.85578092968216,1.0,560,681,1241,0.0,-0.0008333472224535399,0.9998388396454487,0.0
63774,46.85494758245971,1.0,560,681,1241,0.0,-0.0008333472224535399,0.9998388396454487,0.0
63775,46.854114235237255,1.0,560,681,1241,0.0,-0.0008333472224535399,0.9998388396454487,0.0
63776,46.8532808880148,1.0,560,681,1241,0.0,-0.0008333472224535399,0.9998388396454487,0.0
63777,46.85244754079235,1.0,560,681,1241,0.0,-0.0008333472224535399,0.9998388396454487,0.0
63778,46.851614193569894,1.0,560,681,1241,0.0,-0.0008333472224535399,0.9998388396454487,0.0
63779,46.85078084634744,1.0,560,681,1241,0.0,-0.0008333472224535399,0.9998388396454487,0.0
63780,46.84994749912499,1.0,560,681,1241,0.0,-0.0008333472224535399,0.999919419822725,8.058017727639034e-05
63781,46.84911415190253,1.0,560,681,1241,0.0,-0.0008333472224535399,1.0000000000000013,8.058017727639034e-05
63782,46.84828080468008,1.0,560,681,1241,0.0,-0.0008333472224535399,1.0000000000000013,0.0
63783,46.847447457457626,1.0,560,681,1241,0.0,-0.0008333472224535399,1.0000000000000013,0.0
63784,46.84661411023517,1.0,560,681,1241,0.0,-0.0008333472224535399,1.0000000000000013,0.0
63785,46.84578076301272,1.0,560,681,1241,0.0,-0.0008333472224535399,1.0000000000000013,0.0
63786,46.844947415790266,1.0,560,681,1241,0.0,-0.0008333472224535399,1.0000000000000013,0.0
63787,46.84411406856781,1.0,560,681,1241,0.0,-0.0008333472224535399,1.0000000000000013,0.0
63788,46.84328072134536,1.0,560,681,1241,0.0,-0.0008333472224535399,1.0000000000000013,0.0
63789,46.842447374122905,1.0,560,681,1241,0.0,-0.0008333472224535399,1.0000000000000013,0.0
63790,46.84161402690045,1.0,560,681,1241,0.0,-0.0008333472224535399,1.0000000000000013,0.0
63791,46.84078067967799,1.0,560,681,1241,0.0,-0.0008333472224606453,1.0000000000000013,0.0
63792,46.83994733245554,1.0,560,681,1241,0.0,-0.0008333472224535399,1.0000000000000013,0.0
63793,46.839113985233084,1.0,560,681,1241,0.0,-0.0008333472224535399,1.0000000000000013,0.0
63794,46.83828063801063,1.0,560,681,1241,0.0,-0.0008333472224535399,1.0000000000000013,0.0
63795,46.83744729078818,1.0,560,681,1241,0.0,-0.0008333472224535399,1.0000000000000013,0.0
63796,46.83661394356572,1.0,560,681,1241,0.0,-0.0008333472224535399,1.0000000000000013,0.0
63797,46.83578059634327,1.0,560,681,1241,0.0,-0.0008333472224535399,1.0000000000000013,0.0
63798,46.834947249120816,1.0,560,681,1241,0.0,-0.0008333472224535399,1.0000000000000013,0.0
63799,46.83411390189836,1.0,560,681,1241,0.0,-0.0008333472224535399,1.0000000000000013,0.0
63800,46.83328055467591,1.0,560,681,1241,0.0,-0.0008333472224535399,1.0000000000000013,0.0
63801,46.832447207453455,1.0,560,681,1241,0.0,-0.0008333472224535399,1.0000000000000013,0.0
63802,46.831613860231,1.0,560,681,1241,0.0,-0.0008333472224535399,1.0000000000000013,0.0
63803,46.83078051300855,1.0,560,681,1241,0.0,-0.0008333472224535399,1.0000000000000013,0.0
63804,46.829947165786095,1.0,560,681,1241,0.0,-0.0008333472224535399,1.0000000000000013,0.0
63805,46.82911381856364,0.9991941982272361,560,681,1241,-0.0008058017727639033,-0.0008333472224535399,0.999919419822725,-8.058017727639034e-05
63806,46.82828047134119,0.9991941982272361,560,681,1241,0.0,-0.0008333472224535399,0.9998388396454487,-8.058017727639034e-05
63807,46.827447124118734,0.9991941982272361,560,681,1241,0.0,-0.0008333472224535399,0.9997582594681724,-8.058017727639034e-05
63808,46.82661377689628,0.9991941982272361,560,681,1241,0.0,-0.0008333472224535399,0.999677679290896,-8.058017727639034e-05
63809,46.82578042967383,0.9991941982272361,560,681,1241,0.0,-0.0008333472224535399,0.9995970991136197,-8.058017727639034e-05
63810,46.824947082451374,0.9991941982272361,560,681,1241,0.0,-0.0008333472224535399,0.9995165189363433,-8.058017727639034e-05
63811,46.82411373522892,1.0,560,681,1241,0.0008058017727639033,-0.0008333472224535399,0.9995165189363433,0.0
63812,46.82328038800647,1.0,560,681,1241,0.0,-0.0008333472224535399,0.9995165189363433,0.0
63813,46.82244704078401,1.0,560,681,1241,0.0,-0.0008333472224535399,0.9995165189363433,0.0
63814,46.82161369356156,1.0,560,681,1241,0.0,-0.0008333472224535399,0.9995165189363433,0.0
63815,46.820780346339106,1.0,560,681,1241,0.0,-0.0008333472224535399,0.9995970991136197,8.058017727639034e-05
63816,46.81994699911665,1.0,560,681,1241,0.0,-0.0008333472224535399,0.999677679290896,8.058017727639034e-05
63817,46.8191136518942,1.0,560,681,1241,0.0,-0.0008333472224535399,0.9997582594681724,8.058017727639034e-05
63818,46.818280304671745,1.0,560,681,1241,0.0,-0.0008333472224535399,0.9998388396454487,8.058017727639034e-05
63819,46.81744695744929,1.0,560,681,1241,0.0,-0.0008333472224535399,0.999919419822725,8.058017727639034e-05
63820,46.81661361022684,1.0,560,681,1241,0.0,-0.0008333472224535399,1.0000000000000013,8.058017727639034e-05
63821,46.815780263004385,1.0,560,681,1241,0.0,-0.0008333472224535399,1.0000000000000013,0.0
63822,46.81494691578193,1.0,560,681,1241,0.0,-0.0008333472224535399,1.0000000000000013,0.0
63823,46.81411356855948,1.0,560,681,1241,0.0,-0.0008333472224535399,1.0000000000000013,0.0
63824,46.813280221337024,1.0,560,681,1241,0.0,-0.0008333472224535399,1.0000000000000013,0.0
63825,46.81244687411457,1.0,560,681,1241,0.0,-0.0008333472224535399,1.0000000000000013,0.0
63826,46.81161352689212,1.0,560,681,1241,0.0,-0.0008333472224535399,1.0000000000000013,0.0
63827,46.81078017966966,1.0,560,681,1241,0.0,-0.0008333472224535399,1.0000000000000013,0.0
63828,46.80994683244721,1.0,560,681,1241,0.0,-0.0008333472224535399,1.0000000000000013,0.0
63829,46.809113485224756,1.0,560,681,1241,0.0,-0.0008333472224535399,1.0000000000000013,0.0
63830,46.8082801380023,1.0,560,681,1241,0.0,-0.0008333472224535399,1.0000000000000013,0.0
63831,46.80744679077985,1.0,560,681,1241,0.0,-0.0008333472224535399,1.0000000000000013,0.0
63832,46.806613443557396,1.0,560,681,1241,0.0,-0.0008333472224535399,1.0000000000000013,0.0
63833,46.80578009633494,1.0,560,681,1241,0.0,-0.0008333472224535399,1.0000000000000013,0.0
63834,46.80494674911249,1.0,560,681,1241,0.0,-0.0008333472224535399,1.0000000000000013,0.0
63835,46.804113401890035,1.0,560,681,1241,0.0,-0.0008333472224535399,1.0000000000000013,0.0
63836,46.803280054667574,1.0,560,681,1241,0.0,-0.0008333472224606453,1.0000000000000013,0.0
63837,46.80244670744512,1.0,560,681,1241,0.0,-0.0008333472224535399,1.0000000000000013,0.0
63838,46.80161336022267,1.0,560,681,1241,0.0,-0.0008333472224535399,1.0000000000000013,0.0
63839,46.800780013000214,1.0,560,681,1241,0.0,-0.0008333472224535399,1.0000000000000013,0.0
63840,46.79994666577776,1.0,560,681,1241,0.0,-0.0008333472224535399,1.0000000000000013,0.0
63841,46.79911331855531,1.0,560,681,1241,0.0,-0.0008333472224535399,1.0000000000000013,0.0
63842,46.79827997133285,1.0,560,681,1241,0.0,-0.0008333472224535399,1.0000000000000013,0.0
63843,46.7974466241104,1.0,560,681,1241,0.0,-0.0008333472224535399,1.0000000000000013,0.0
63844,46.796613276887946,1.0,560,681,1241,0.0,-0.0008333472224535399,1.0000000000000013,0.0
63845,46.79577992966549,1.0,560,681,1241,0.0,-0.0008333472224535399,1.0000000000000013,0.0
63846,46.79494658244304,1.0,560,681,1241,0.0,-0.0008333472224535399,1.0000000000000013,0.0
63847,46.794113235220586,1.0,560,681,1241,0.0,-0.0008333472224535399,1.0000000000000013,0.0
63848,46.79327988799813,1.0,560,681,1241,0.0,-0.0008333472224535399,1.0000000000000013,0.0
63849,46.79244654077568,1.0,560,681,1241,0.0,-0.0008333472224535399,1.0000000000000013,0.0
63850,46.791613193553225,1.0,560,681,1241,0.0,-0.0008333472224535399,1.0000000000000013,0.0
63851,46.79077984633077,1.0,560,681,1241,0.0,-0.0008333472224535399,1.0000000000000013,0.0
63852,46.78994649910832,1.0,560,681,1241,0.0,-0.0008333472224535399,1.0000000000000013,0.0
63853,46.789113151885864,0.9991941982272361,560,681,1241,-0.0008058017727639033,-0.0008333472224535399,0.999919419822725,-8.058017727639034e-05
63854,46.78827980466341,0.9991941982272361,560,681,1241,0.0,-0.0008333472224535399,0.9998388396454487,-8.058017727639034e-05
63855,46.78744645744096,1.0,560,681,1241,0.0008058017727639033,-0.0008333472224535399,0.9998388396454487,0.0
63856,46.786613110218504,1.0,560,681,1241,0.0,-0.0008333472224535399,0.9998388396454487,0.0
63857,46.78577976299605,1.0,560,681,1241,0.0,-0.0008333472224535399,0.9998388396454487,0.0
63858,46.7849464157736,1.0,560,681,1241,0.0,-0.0008333472224535399,0.9998388396454487,0.0
63859,46.78411306855114,0.9991941982272361,560,681,1241,-0.0008058017727639033,-0.0008333472224535399,0.9997582594681724,-8.058017727639034e-05
63860,46.78327972132869,0.9991941982272361,560,681,1241,0.0,-0.0008333472224535399,0.999677679290896,-8.058017727639034e-05
63861,46.782446374106236,0.9991941982272361,560,681,1241,0.0,-0.0008333472224535399,0.9995970991136197,-8.058017727639034e-05
63862,46.78161302688378,0.9991941982272361,560,681,1241,0.0,-0.0008333472224535399,0.9995165189363433,-8.058017727639034e-05
63863,46.78077967966133,1.0,560,681,1241,0.0008058017727639033,-0.0008333472224535399,0.9995970991136197,8.058017727639034e-05
63864,46.779946332438875,1.0,560,681,1241,0.0,-0.0008333472224535399,0.999677679290896,8.058017727639034e-05
63865,46.77911298521642,1.0,560,681,1241,0.0,-0.0008333472224535399,0.999677679290896,0.0
63866,46.77827963799397,1.0,560,681,1241,0.0,-0.0008333472224535399,0.999677679290896,0.0
63867,46.777446290771515,1.0,560,681,1241,0.0,-0.0008333472224535399,0.999677679290896,0.0
63868,46.77661294354906,0.9991941982272361,560,681,1241,-0.0008058017727639033,-0.0008333472224535399,0.9995970991136197,-8.058017727639034e-05
63869,46.77577959632661,1.0,560,681,1241,0.0008058017727639033,-0.0008333472224535399,0.999677679290896,8.058017727639034e-05
63870,46.774946249104154,1.0,560,681,1241,0.0,-0.0008333472224535399,0.9997582594681724,8.058017727639034e-05
63871,46.7741129018817,1.0,560,681,1241,0.0,-0.0008333472224535399,0.9998388396454487,8.058017727639034e-05
63872,46.77327955465925,1.0,560,681,1241,0.0,-0.0008333472224535399,0.999919419822725,8.058017727639034e-05
63873,46.77244620743679,1.0,560,681,1241,0.0,-0.0008333472224535399,0.999919419822725,0.0
63874,46.77161286021434,1.0,560,681,1241,0.0,-0.0008333472224535399,0.999919419822725,0.0
63875,46.77077951299188,1.0,560,681,1241,0.0,-0.0008333472224606453,0.999919419822725,0.0
63876,46.769946165769426,1.0,560,681,1241,0.0,-0.0008333472224535399,0.999919419822725,0.0
63877,46.76911281854697,1.0,560,681,1241,0.0,-0.0008333472224535399,0.999919419822725,0.0
63878,46.76827947132452,1.0,560,681,1241,0.0,-0.0008333472224535399,1.0000000000000013,8.058017727639034e-05
63879,46.767446124102065,1.0,560,681,1241,0.0,-0.0008333472224535399,1.0000000000000013,0.0
63880,46.76661277687961,1.0,560,681,1241,0.0,-0.0008333472224535399,1.0000000000000013,0.0
63881,46.76577942965716,1.0,560,681,1241,0.0,-0.0008333472224535399,1.0000000000000013,0.0
63882,46.764946082434705,1.0,560,681,1241,0.0,-0.0008333472224535399,1.0000000000000013,0.0
63883,46.76411273521225,1.0,560,681,1241,0.0,-0.0008333472224535399,1.0000000000000013,0.0
63884,46.7632793879898,1.0,560,681,1241,0.0,-0.0008333472224535399,1.0000000000000013,0.0
63885,46.762446040767344,1.0,560,681,1241,0.0,-0.0008333472224535399,1.0000000000000013,0.0
63886,46.76161269354489,1.0,560,681,1241,0.0,-0.0008333472224535399,1.0000000000000013,0.0
63887,46.76077934632244,1.0,560,681,1241,0.0,-0.0008333472224535399,1.0000000000000013,0.0
63888,46.75994599909998,1.0,560,681,1241,0.0,-0.0008333472224535399,1.0000000000000013,0.0
63889,46.75911265187753,1.0,560,681,1241,0.0,-0.0008333472224535399,1.0000000000000013,0.0
63890,46.758279304655076,1.0,560,681,1241,0.0,-0.0008333472224535399,1.0000000000000013,0.0
63891,46.75744595743262,0.9991941982272361,560,681,1241,-0.0008058017727639033,-0.0008333472224535399,0.999919419822725,-8.058017727639034e-05
63892,46.75661261021017,1.0,560,681,1241,0.0008058017727639033,-0.0008333472224535399,0.999919419822725,0.0
63893,46.755779262987716,1.0,560,681,1241,0.0,-0.0008333472224535399,0.999919419822725,0.0
63894,46.75494591576526,1.0,560,681,1241,0.0,-0.0008333472224535399,0.999919419822725,0.0
63895,46.75411256854281,1.0,560,681,1241,0.0,-0.0008333472224535399,0.999919419822725,0.0
63896,46.753279221320355,1.0,560,681,1241,0.0,-0.0008333472224535399,0.999919419822725,0.0
63897,46.7524458740979,1.0,560,681,1241,0.0,-0.0008333472224535399,0.999919419822725,0.0
63898,46.75161252687545,0.9991941982272361,560,681,1241,-0.0008058017727639033,-0.0008333472224535399,0.9998388396454487,-8.058017727639034e-05
63899,46.750779179652994,0.9991941982272361,560,681,1241,0.0,-0.0008333472224535399,0.9997582594681724,-8.058017727639034e-05
63900,46.74994583243054,0.9991941982272361,560,681,1241,0.0,-0.0008333472224535399,0.999677679290896,-8.058017727639034e-05
63901,46.74911248520809,0.9991941982272361,560,681,1241,0.0,-0.0008333472224535399,0.999677679290896,0.0
63902,46.748279137985634,0.9991941982272361,560,681,1241,0.0,-0.0008333472224535399,0.9995970991136197,-8.058017727639034e-05
63903,46.74744579076318,1.0,560,681,1241,0.0008058017727639033,-0.0008333472224535399,0.9995970991136197,0.0
63904,46.74661244354073,1.0,560,681,1241,0.0,-0.0008333472224535399,0.9995970991136197,0.0
63905,46.74577909631827,1.0,560,681,1241,0.0,-0.0008333472224535399,0.9995970991136197,0.0
63906,46.74494574909582,1.0,560,681,1241,0.0,-0.0008333472224535399,0.9995970991136197,0.0
63907,46.744112401873366,1.0,560,681,1241,0.0,-0.0008333472224535399,0.9995970991136197,0.0
63908,46.74327905465091,1.0,560,681,1241,0.0,-0.0008333472224535399,0.999677679290896,8.058017727639034e-05
63909,46.74244570742846,1.0,560,681,1241,0.0,-0.0008333472224535399,0.9997582594681724,8.058017727639034e-05
63910,46.741612360206005,1.0,560,681,1241,0.0,-0.0008333472224535399,0.9998388396454487,8.058017727639034e-05
63911,46.74077901298355,1.0,560,681,1241,0.0,-0.0008333472224535399,0.999919419822725,8.058017727639034e-05
63912,46.7399456657611,1.0,560,681,1241,0.0,-0.0008333472224535399,1.0000000000000013,8.058017727639034e-05
63913,46.739112318538645,1.0,560,681,1241,0.0,-0.0008333472224535399,1.0000000000000013,0.0
63914,46.73827897131619,1.0,560,681,1241,0.0,-0.0008333472224535399,1.0000000000000013,0.0
63915,46.73744562409374,1.0,560,681,1241,0.0,-0.0008333472224535399,1.0000000000000013,0.0
63916,46.736612276871284,1.0,560,681,1241,0.0,-0.0008333472224535399,1.0000000000000013,0.0
63917,46.73577892964883,1.0,560,681,1241,0.0,-0.0008333472224535399,1.0000000000000013,0.0
63918,46.73494558242638,1.0,560,681,1241,0.0,-0.0008333472224535399,1.0000000000000013,0.0
63919,46.73411223520392,1.0,560,681,1241,0.0,-0.0008333472224535399,1.0000000000000013,0.0
63920,46.73327888798146,1.0,560,681,1241,0.0,-0.0008333472224606453,1.0000000000000013,0.0
63921,46.73244554075901,1.0,560,681,1241,0.0,-0.0008333472224535399,1.0000000000000013,0.0
63922,46.731612193536556,1.0,560,681,1241,0.0,-0.0008333472224535399,1.0000000000000013,0.0
63923,46.7307788463141,1.0,560,681,1241,0.0,-0.0008333472224535399,1.0000000000000013,0.0
63924,46.72994549909165,1.0,560,681,1241,0.0,-0.0008333472224535399,1.0000000000000013,0.0
63925,46.729112151869195,1.0,560,681,1241,0.0,-0.0008333472224535399,1.0000000000000013,0.0
63926,46.72827880464674,1.0,560,681,1241,0.0,-0.0008333472224535399,1.0000000000000013,0.0
63927,46.72744545742429,1.0,560,681,1241,0.0,-0.0008333472224535399,1.0000000000000013,0.0
63928,46.726612110201835,1.0,560,681,1241,0.0,-0.0008333472224535399,1.0000000000000013,0.0
63929,46.72577876297938,1.0,560,681,1241,0.0,-0.0008333472224535399,1.0000000000000013,0.0
63930,46.72494541575693,1.0,560,681,1241,0.0,-0.0008333472224535399,1.0000000000000013,0.0
63931,46.724112068534474,1.0,560,681,1241,0.0,-0.0008333472224535399,1.0000000000000013,0.0
63932,46.72327872131202,1.0,560,681,1241,0.0,-0.0008333472224535399,1.0000000000000013,0.0
63933,46.72244537408957,1.0,560,681,1241,0.0,-0.0008333472224535399,1.0000000000000013,0.0
63934,46.72161202686711,1.0,560,681,1241,0.0,-0.0008333472224535399,1.0000000000000013,0.0
63935,46.72077867964466,1.0,560,681,1241,0.0,-0.0008333472224535399,1.0000000000000013,0.0
63936,46.719945332422206,1.0,560,681,1241,0.0,-0.0008333472224535399,1.0000000000000013,0.0
63937,46.71911198519975,1.0,560,681,1241,0.0,-0.0008333472224535399,1.0000000000000013,0.0
63938,46.7182786379773,1.0,560,681,1241,0.0,-0.0008333472224535399,1.0000000000000013,0.0
63939,46.717445290754846,1.0,560,681,1241,0.0,-0.0008333472224535399,1.0000000000000013,0.0
63940,46.71661194353239,1.0,560,681,1241,0.0,-0.0008333472224535399,1.0000000000000013,0.0
63941,46.71577859630994,1.0,560,681,1241,0.0,-0.0008333472224535399,1.0000000000000013,0.0
63942,46.714945249087485,1.0,560,681,1241,0.0,-0.0008333472224535399,1.0000000000000013,0.0
63943,46.71411190186503,1.0,560,681,1241,0.0,-0.0008333472224535399,1.0000000000000013,0.0
63944,46.71327855464258,1.0,560,681,1241,0.0,-0.0008333472224535399,1.0000000000000013,0.0
63945,46.712445207420124,1.0,560,681,1241,0.0,-0.0008333472224535399,1.0000000000000013,0.0
63946,46.71161186019767,1.0,560,681,1241,0.0,-0.0008333472224535399,1.0000000000000013,0.0
63947,46.71077851297522,1.0,560,681,1241,0.0,-0.0008333472224535399,1.0000000000000013,0.0
63948,46.709945165752764,1.0,560,681,1241,0.0,-0.0008333472224535399,1.0000000000000013,0.0
63949,46.70911181853031,1.0,560,681,1241,0.0,-0.0008333472224535399,1.0000000000000013,0.0
63950,46.70827847130786,1.0,560,681,1241,0.0,-0.0008333472224535399,1.0000000000000013,0.0
63951,46.7074451240854,1.0,560,681,1241,0.0,-0.0008333472224535399,1.0000000000000013,0.0
63952,46.70661177686295,1.0,560,681,1241,0.0,-0.0008333472224535399,1.0000000000000013,0.0
63953,46.705778429640496,1.0,560,681,1241,0.0,-0.0008333472224535399,1.0000000000000013,0.0
63954,46.70494508241804,1.0,560,681,1241,0.0,-0.0008333472224535399,1.0000000000000013,0.0
63955,46.70411173519559,1.0,560,681,1241,0.0,-0.0008333472224535399,1.0000000000000013,0.0
63956,46.703278387973135,1.0,560,681,1241,0.0,-0.0008333472224535399,1.0000000000000013,0.0
63957,46.70244504075068,1.0,560,681,1241,0.0,-0.0008333472224535399,1.0000000000000013,0.0
63958,46.70161169352823,1.0,560,681,1241,0.0,-0.0008333472224535399,1.0000000000000013,0.0
63959,46.700778346305775,1.0,560,681,1241,0.0,-0.0008333472224535399,1.0000000000000013,0.0
63960,46.699944999083314,1.0,560,681,1241,0.0,-0.0008333472224606453,1.0000000000000013,0.0
63961,46.69911165186086,1.0,560,681,1241,0.0,-0.0008333472224535399,1.0000000000000013,0.0
63962,46.69827830463841,1.0,560,681,1241,0.0,-0.0008333472224535399,1.0000000000000013,0.0
63963,46.697444957415954,1.0,560,681,1241,0.0,-0.0008333472224535399,1.0000000000000013,0.0
63964,46.6966116101935,1.0,560,681,1241,0.0,-0.0008333472224535399,1.0000000000000013,0.0
63965,46.69577826297105,1.0,560,681,1241,0.0,-0.0008333472224535399,1.0000000000000013,0.0
63966,46.69494491574859,1.0,560,681,1241,0.0,-0.0008333472224535399,1.0000000000000013,0.0
63967,46.69411156852614,1.0,560,681,1241,0.0,-0.0008333472224535399,1.0000000000000013,0.0
63968,46.693278221303686,1.0,560,681,1241,0.0,-0.0008333472224535399,1.0000000000000013,0.0
63969,46.69244487408123,1.0,560,681,1241,0.0,-0.0008333472224535399,1.0000000000000013,0.0
63970,46.69161152685878,1.0,560,681,1241,0.0,-0.0008333472224535399,1.0000000000000013,0.0
63971,46.690778179636325,1.0,560,681,1241,0.0,-0.0008333472224535399,1.0000000000000013,0.0
63972,46.68994483241387,1.0,560,681,1241,0.0,-0.0008333472224535399,1.0000000000000013,0.0
63973,46.68911148519142,1.0,560,681,1241,0.0,-0.0008333472224535399,1.0000000000000013,0.0
63974,46.688278137968965,1.0,560,681,1241,0.0,-0.0008333472224535399,1.0000000000000013,0.0
63975,46.68744479074651,1.0,560,681,1241,0.0,-0.0008333472224535399,1.0000000000000013,0.0
63976,46.68661144352406,1.0,560,681,1241,0.0,-0.0008333472224535399,1.0000000000000013,0.0
63977,46.685778096301604,1.0,560,681,1241,0.0,-0.0008333472224535399,1.0000000000000013,0.0
63978,46.68494474907915,1.0,560,681,1241,0.0,-0.0008333472224535399,1.0000000000000013,0.0
63979,46.6841114018567,1.0,560,681,1241,0.0,-0.0008333472224535399,1.0000000000000013,0.0
63980,46.68327805463424,1.0,560,681,1241,0.0,-0.0008333472224535399,1.0000000000000013,0.0
63981,46.68244470741179,1.0,560,681,1241,0.0,-0.0008333472224535399,1.0000000000000013,0.0
63982,46.681611360189336,1.0,560,681,1241,0.0,-0.0008333472224535399,1.0000000000000013,0.0
63983,46.68077801296688,1.0,560,681,1241,0.0,-0.0008333472224535399,1.0000000000000013,0.0
63984,46.67994466574443,1.0,560,681,1241,0.0,-0.0008333472224535399,1.0000000000000013,0.0
63985,46.679111318521976,1.0,560,681,1241,0.0,-0.0008333472224535399,1.0000000000000013,0.0
63986,46.67827797129952,1.0,560,681,1241,0.0,-0.0008333472224535399,1.0000000000000013,0.0
63987,46.67744462407707,1.0,560,681,1241,0.0,-0.0008333472224535399,1.0000000000000013,0.0
63988,46.676611276854615,1.0,560,681,1241,0.0,-0.0008333472224535399,1.0000000000000013,0.0
63989,46.67577792963216,1.0,560,681,1241,0.0,-0.0008333472224535399,1.0000000000000013,0.0
63990,46.67494458240971,1.0,560,681,1241,0.0,-0.0008333472224535399,1.0000000000000013,0.0
63991,46.674111235187254,1.0,560,681,1241,0.0,-0.0008333472224535399,1.0000000000000013,0.0
63992,46.6732778879648,1.0,560,681,1241,0.0,-0.0008333472224535399,1.0000000000000013,0.0
63993,46.67244454074235,1.0,560,681,1241,0.0,-0.0008333472224535399,1.0000000000000013,0.0
63994,46.671611193519894,1.0,560,681,1241,0.0,-0.0008333472224535399,1.0000000000000013,0.0
63995,46.67077784629744,1.0,560,681,1241,0.0,-0.0008333472224535399,1.0000000000000013,0.0
63996,46.66994449907499,1.0,560,681,1241,0.0,-0.0008333472224535399,1.0000000000000013,0.0
63997,46.66911115185253,1.0,560,681,1241,0.0,-0.0008333472224535399,1.0000000000000013,0.0
63998,46.66827780463008,1.0,560,681,1241,0.0,-0.0008333472224535399,1.0000000000000013,0.0
63999,46.667444457407626,1.0,560,681,1241,0.0,-0.0008333472224535399,1.0000000000000013,0.0
64000,46.66661111018517,1.0,560,681,1241,0.0,-0.0008333472224535399,1.0000000000000013,0.0
64001,46.66577776296272,1.0,560,681,1241,0.0,-0.0008333472224535399,1.0000000000000013,0.0
64002,46.664944415740266,1.0,560,681,1241,0.0,-0.0008333472224535399,1.0000000000000013,0.0
64003,46.66411106851781,0.9991941982272361,560,681,1241,-0.0008058017727639033,-0.0008333472224535399,0.999919419822725,-8.058017727639034e-05
64004,46.66327772129536,0.9991941982272361,560,681,1241,0.0,-0.0008333472224535399,0.9998388396454487,-8.058017727639034e-05
64005,46.6624443740729,0.9991941982272361,560,681,1241,0.0,-0.0008333472224606453,0.9997582594681724,-8.058017727639034e-05
64006,46.661611026850444,0.9991941982272361,560,681,1241,0.0,-0.0008333472224535399,0.999677679290896,-8.058017727639034e-05
64007,46.66077767962799,0.9991941982272361,560,681,1241,0.0,-0.0008333472224535399,0.9995970991136197,-8.058017727639034e-05
64008,46.65994433240554,0.9983883964544722,560,681,1241,-0.0008058017727639033,-0.0008333472224535399,0.999435938759067,-0.00016116035455278067
64009,46.659110985183084,0.9991941982272361,560,681,1241,0.0008058017727639033,-0.0008333472224535399,0.9993553585817907,-8.058017727639034e-05
64010,46.65827763796063,0.9991941982272361,560,681,1241,0.0,-0.0008333472224535399,0.9992747784045143,-8.058017727639034e-05
64011,46.65744429073818,0.9991941982272361,560,681,1241,0.0,-0.0008333472224535399,0.999194198227238,-8.058017727639034e-05
64012,46.65661094351572,0.9991941982272361,560,681,1241,0.0,-0.0008333472224535399,0.9991136180499616,-8.058017727639034e-05
64013,46.65577759629327,0.9991941982272361,560,681,1241,0.0,-0.0008333472224535399,0.9991136180499616,0.0
64014,46.654944249070816,1.0,560,681,1241,0.0008058017727639033,-0.0008333472224535399,0.999194198227238,8.058017727639034e-05
64015,46.65411090184836,1.0,560,681,1241,0.0,-0.0008333472224535399,0.9992747784045143,8.058017727639034e-05
64016,46.65327755462591,1.0,560,681,1241,0.0,-0.0008333472224535399,0.9993553585817907,8.058017727639034e-05
64017,46.652444207403455,1.0,560,681,1241,0.0,-0.0008333472224535399,0.999435938759067,8.058017727639034e-05
64018,46.651610860181,1.0,560,681,1241,0.0,-0.0008333472224535399,0.9995970991136197,0.00016116035455278067
64019,46.65077751295855,1.0,560,681,1241,0.0,-0.0008333472224535399,0.999677679290896,8.058017727639034e-05
64020,46.649944165736095,1.0,560,681,1241,0.0,-0.0008333472224535399,0.9997582594681724,8.058017727639034e-05
64021,46.64911081851364,1.0,560,681,1241,0.0,-0.0008333472224535399,0.9998388396454487,8.058017727639034e-05
64022,46.64827747129119,1.0,560,681,1241,0.0,-0.0008333472224535399,0.999919419822725,8.058017727639034e-05
64023,46.647444124068734,1.0,560,681,1241,0.0,-0.0008333472224535399,1.0000000000000013,8.058017727639034e-05
64024,46.64661077684628,1.0,560,681,1241,0.0,-0.0008333472224535399,1.0000000000000013,0.0
64025,46.64577742962383,1.0,560,681,1241,0.0,-0.0008333472224535399,1.0000000000000013,0.0
64026,46.64494408240137,1.0,560,681,1241,0.0,-0.0008333472224535399,1.0000000000000013,0.0
64027,46.64411073517892,1.0,560,681,1241,0.0,-0.0008333472224535399,1.0000000000000013,0.0
64028,46.643277387956466,1.0,560,681,1241,0.0,-0.0008333472224535399,1.0000000000000013,0.0
64029,46.64244404073401,1.0,560,681,1241,0.0,-0.0008333472224535399,1.0000000000000013,0.0
64030,46.64161069351156,1.0,560,681,1241,0.0,-0.0008333472224535399,1.0000000000000013,0.0
64031,46.640777346289106,1.0,560,681,1241,0.0,-0.0008333472224535399,1.0000000000000013,0.0
64032,46.63994399906665,1.0,560,681,1241,0.0,-0.0008333472224535399,1.0000000000000013,0.0
64033,46.6391106518442,1.0,560,681,1241,0.0,-0.0008333472224535399,1.0000000000000013,0.0
64034,46.638277304621745,1.0,560,681,1241,0.0,-0.0008333472224535399,1.0000000000000013,0.0
64035,46.63744395739929,1.0,560,681,1241,0.0,-0.0008333472224535399,1.0000000000000013,0.0
64036,46.63661061017684,1.0,560,681,1241,0.0,-0.0008333472224535399,1.0000000000000013,0.0
64037,46.635777262954385,1.0,560,681,1241,0.0,-0.0008333472224535399,1.0000000000000013,0.0
64038,46.63494391573193,1.0,560,681,1241,0.0,-0.0008333472224535399,1.0000000000000013,0.0
64039,46.63411056850948,1.0,560,681,1241,0.0,-0.0008333472224535399,1.0000000000000013,0.0
64040,46.633277221287024,1.0,560,681,1241,0.0,-0.0008333472224535399,1.0000000000000013,0.0
64041,46.63244387406457,1.0,560,681,1241,0.0,-0.0008333472224535399,1.0000000000000013,0.0
64042,46.63161052684212,1.0,560,681,1241,0.0,-0.0008333472224535399,1.0000000000000013,0.0
64043,46.63077717961966,1.0,560,681,1241,0.0,-0.0008333472224535399,1.0000000000000013,0.0
64044,46.62994383239721,1.0,560,681,1241,0.0,-0.0008333472224535399,1.0000000000000013,0.0
64045,46.62911048517475,1.0,560,681,1241,0.0,-0.0008333472224606453,1.0000000000000013,0.0
64046,46.628277137952296,1.0,560,681,1241,0.0,-0.0008333472224535399,1.0000000000000013,0.0
64047,46.62744379072984,1.0,560,681,1241,0.0,-0.0008333472224535399,1.0000000000000013,0.0
64048,46.62661044350739,1.0,560,681,1241,0.0,-0.0008333472224535399,1.0000000000000013,0.0
64049,46.625777096284935,1.0,560,681,1241,0.0,-0.0008333472224535399,1.0000000000000013,0.0
64050,46.62494374906248,1.0,560,681,1241,0.0,-0.0008333472224535399,1.0000000000000013,0.0
64051,46.62411040184003,1.0,560,681,1241,0.0,-0.0008333472224535399,1.0000000000000013,0.0
64052,46.623277054617574,1.0,560,681,1241,0.0,-0.0008333472224535399,1.0000000000000013,0.0
64053,46.62244370739512,1.0,560,681,1241,0.0,-0.0008333472224535399,1.0000000000000013,0.0
64054,46.62161036017267,1.0,560,681,1241,0.0,-0.0008333472224535399,1.0000000000000013,0.0
64055,46.620777012950214,1.0,560,681,1241,0.0,-0.0008333472224535399,1.0000000000000013,0.0
64056,46.61994366572776,1.0,560,681,1241,0.0,-0.0008333472224535399,1.0000000000000013,0.0
64057,46.61911031850531,1.0,560,681,1241,0.0,-0.0008333472224535399,1.0000000000000013,0.0
64058,46.61827697128285,1.0,560,681,1241,0.0,-0.0008333472224535399,1.0000000000000013,0.0
64059,46.6174436240604,1.0,560,681,1241,0.0,-0.0008333472224535399,1.0000000000000013,0.0
64060,46.616610276837946,1.0,560,681,1241,0.0,-0.0008333472224535399,1.0000000000000013,0.0
64061,46.61577692961549,1.0,560,681,1241,0.0,-0.0008333472224535399,1.0000000000000013,0.0
64062,46.61494358239304,1.0,560,681,1241,0.0,-0.0008333472224535399,1.0000000000000013,0.0
64063,46.614110235170585,1.0,560,681,1241,0.0,-0.0008333472224535399,1.0000000000000013,0.0
64064,46.61327688794813,1.0,560,681,1241,0.0,-0.0008333472224535399,1.0000000000000013,0.0
64065,46.61244354072568,1.0,560,681,1241,0.0,-0.0008333472224535399,1.0000000000000013,0.0
64066,46.611610193503225,1.0,560,681,1241,0.0,-0.0008333472224535399,1.0000000000000013,0.0
64067,46.61077684628077,1.0,560,681,1241,0.0,-0.0008333472224535399,1.0000000000000013,0.0
64068,46.60994349905832,1.0,560,681,1241,0.0,-0.0008333472224535399,1.0000000000000013,0.0
64069,46.609110151835864,1.0,560,681,1241,0.0,-0.0008333472224535399,1.0000000000000013,0.0
64070,46.60827680461341,0.9991941982272361,560,681,1241,-0.0008058017727639033,-0.0008333472224535399,0.999919419822725,-8.058017727639034e-05
64071,46.60744345739096,1.0,560,681,1241,0.0008058017727639033,-0.0008333472224535399,0.999919419822725,0.0
64072,46.6066101101685,1.0,560,681,1241,0.0,-0.0008333472224535399,0.999919419822725,0.0
64073,46.60577676294605,1.0,560,681,1241,0.0,-0.0008333472224535399,0.999919419822725,0.0
64074,46.604943415723596,1.0,560,681,1241,0.0,-0.0008333472224535399,0.999919419822725,0.0
64075,46.60411006850114,1.0,560,681,1241,0.0,-0.0008333472224535399,0.999919419822725,0.0
64076,46.60327672127869,1.0,560,681,1241,0.0,-0.0008333472224535399,0.999919419822725,0.0
64077,46.602443374056236,1.0,560,681,1241,0.0,-0.0008333472224535399,0.999919419822725,0.0
64078,46.60161002683378,1.0,560,681,1241,0.0,-0.0008333472224535399,0.999919419822725,0.0
64079,46.60077667961133,1.0,560,681,1241,0.0,-0.0008333472224535399,0.999919419822725,0.0
64080,46.599943332388875,1.0,560,681,1241,0.0,-0.0008333472224535399,1.0000000000000013,8.058017727639034e-05
64081,46.59910998516642,1.0,560,681,1241,0.0,-0.0008333472224535399,1.0000000000000013,0.0
64082,46.59827663794397,1.0,560,681,1241,0.0,-0.0008333472224535399,1.0000000000000013,0.0
64083,46.597443290721515,1.0,560,681,1241,0.0,-0.0008333472224535399,1.0000000000000013,0.0
64084,46.59660994349906,1.0,560,681,1241,0.0,-0.0008333472224535399,1.0000000000000013,0.0
64085,46.59577659627661,1.0,560,681,1241,0.0,-0.0008333472224535399,1.0000000000000013,0.0
64086,46.594943249054154,1.0,560,681,1241,0.0,-0.0008333472224535399,1.0000000000000013,0.0
64087,46.5941099018317,1.0,560,681,1241,0.0,-0.0008333472224535399,1.0000000000000013,0.0
64088,46.59327655460925,1.0,560,681,1241,0.0,-0.0008333472224535399,1.0000000000000013,0.0
64089,46.59244320738679,1.0,560,681,1241,0.0,-0.0008333472224535399,1.0000000000000013,0.0
64090,46.59160986016433,1.0,560,681,1241,0.0,-0.0008333472224606453,1.0000000000000013,0.0
64091,46.59077651294188,1.0,560,681,1241,0.0,-0.0008333472224535399,1.0000000000000013,0.0
64092,46.589943165719426,1.0,560,681,1241,0.0,-0.0008333472224535399,1.0000000000000013,0.0
64093,46.58910981849697,1.0,560,681,1241,0.0,-0.0008333472224535399,1.0000000000000013,0.0
64094,46.58827647127452,1.0,560,681,1241,0.0,-0.0008333472224535399,1.0000000000000013,0.0
64095,46.587443124052065,1.0,560,681,1241,0.0,-0.0008333472224535399,1.0000000000000013,0.0
64096,46.58660977682961,1.0,560,681,1241,0.0,-0.0008333472224535399,1.0000000000000013,0.0
64097,46.58577642960716,1.0,560,681,1241,0.0,-0.0008333472224535399,1.0000000000000013,0.0
64098,46.584943082384704,1.0,560,681,1241,0.0,-0.0008333472224535399,1.0000000000000013,0.0
64099,46.58410973516225,1.0,560,681,1241,0.0,-0.0008333472224535399,1.0000000000000013,0.0
64100,46.5832763879398,1.0,560,681,1241,0.0,-0.0008333472224535399,1.0000000000000013,0.0
64101,46.582443040717344,1.0,560,681,1241,0.0,-0.0008333472224535399,1.0000000000000013,0.0
64102,46.58160969349489,1.0,560,681,1241,0.0,-0.0008333472224535399,1.0000000000000013,0.0
64103,46.58077634627244,1.0,560,681,1241,0.0,-0.0008333472224535399,1.0000000000000013,0.0
64104,46.57994299904998,1.0,560,681,1241,0.0,-0.0008333472224535399,1.0000000000000013,0.0
64105,46.57910965182753,1.0,560,681,1241,0.0,-0.0008333472224535399,1.0000000000000013,0.0
64106,46.578276304605076,1.0,560,681,1241,0.0,-0.0008333472224535399,1.0000000000000013,0.0
64107,46.57744295738262,1.0,560,681,1241,0.0,-0.0008333472224535399,1.0000000000000013,0.0
64108,46.57660961016017,1.0,560,681,1241,0.0,-0.0008333472224535399,1.0000000000000013,0.0
64109,46.575776262937715,1.0,560,681,1241,0.0,-0.0008333472224535399,1.0000000000000013,0.0
64110,46.57494291571526,1.0,560,681,1241,0.0,-0.0008333472224535399,1.0000000000000013,0.0
64111,46.57410956849281,1.0,560,681,1241,0.0,-0.0008333472224535399,1.0000000000000013,0.0
64112,46.573276221270355,1.0,560,681,1241,0.0,-0.0008333472224535399,1.0000000000000013,0.0
64113,46.5724428740479,1.0,560,681,1241,0.0,-0.0008333472224535399,1.0000000000000013,0.0
64114,46.57160952682545,1.0,560,681,1241,0.0,-0.0008333472224535399,1.0000000000000013,0.0
64115,46.570776179602994,1.0,560,681,1241,0.0,-0.0008333472224535399,1.0000000000000013,0.0
64116,46.56994283238054,1.0,560,681,1241,0.0,-0.0008333472224535399,1.0000000000000013,0.0
64117,46.56910948515809,1.0,560,681,1241,0.0,-0.0008333472224535399,1.0000000000000013,0.0
64118,46.568276137935634,1.0,560,681,1241,0.0,-0.0008333472224535399,1.0000000000000013,0.0
64119,46.56744279071318,0.9991941982272361,560,681,1241,-0.0008058017727639033,-0.0008333472224535399,0.999919419822725,-8.058017727639034e-05
64120,46.56660944349073,1.0,560,681,1241,0.0008058017727639033,-0.0008333472224535399,0.999919419822725,0.0
64121,46.56577609626827,1.0,560,681,1241,0.0,-0.0008333472224535399,0.999919419822725,0.0
64122,46.56494274904582,1.0,560,681,1241,0.0,-0.0008333472224535399,0.999919419822725,0.0
64123,46.564109401823366,1.0,560,681,1241,0.0,-0.0008333472224535399,0.999919419822725,0.0
64124,46.56327605460091,1.0,560,681,1241,0.0,-0.0008333472224535399,0.999919419822725,0.0
64125,46.56244270737846,1.0,560,681,1241,0.0,-0.0008333472224535399,0.999919419822725,0.0
64126,46.561609360156005,1.0,560,681,1241,0.0,-0.0008333472224535399,0.999919419822725,0.0
64127,46.56077601293355,1.0,560,681,1241,0.0,-0.0008333472224535399,0.999919419822725,0.0
64128,46.5599426657111,1.0,560,681,1241,0.0,-0.0008333472224535399,0.999919419822725,0.0
64129,46.559109318488645,1.0,560,681,1241,0.0,-0.0008333472224535399,1.0000000000000013,8.058017727639034e-05
64130,46.558275971266184,1.0,560,681,1241,0.0,-0.0008333472224606453,1.0000000000000013,0.0
64131,46.55744262404373,1.0,560,681,1241,0.0,-0.0008333472224535399,1.0000000000000013,0.0
64132,46.55660927682128,1.0,560,681,1241,0.0,-0.0008333472224535399,1.0000000000000013,0.0
64133,46.55577592959882,1.0,560,681,1241,0.0,-0.0008333472224535399,1.0000000000000013,0.0
64134,46.55494258237637,1.0,560,681,1241,0.0,-0.0008333472224535399,1.0000000000000013,0.0
64135,46.554109235153916,1.0,560,681,1241,0.0,-0.0008333472224535399,1.0000000000000013,0.0
64136,46.55327588793146,1.0,560,681,1241,0.0,-0.0008333472224535399,1.0000000000000013,0.0
64137,46.55244254070901,1.0,560,681,1241,0.0,-0.0008333472224535399,1.0000000000000013,0.0
64138,46.551609193486556,1.0,560,681,1241,0.0,-0.0008333472224535399,1.0000000000000013,0.0
64139,46.5507758462641,1.0,560,681,1241,0.0,-0.0008333472224535399,1.0000000000000013,0.0
64140,46.54994249904165,1.0,560,681,1241,0.0,-0.0008333472224535399,1.0000000000000013,0.0
64141,46.549109151819195,1.0,560,681,1241,0.0,-0.0008333472224535399,1.0000000000000013,0.0
64142,46.54827580459674,1.0,560,681,1241,0.0,-0.0008333472224535399,1.0000000000000013,0.0
64143,46.54744245737429,1.0,560,681,1241,0.0,-0.0008333472224535399,1.0000000000000013,0.0
64144,46.546609110151834,1.0,560,681,1241,0.0,-0.0008333472224535399,1.0000000000000013,0.0
64145,46.54577576292938,0.9991941982272361,560,681,1241,-0.0008058017727639033,-0.0008333472224535399,0.999919419822725,-8.058017727639034e-05
64146,46.54494241570693,0.9983883964544722,560,681,1241,-0.0008058017727639033,-0.0008333472224535399,0.9997582594681724,-0.00016116035455278067
64147,46.544109068484474,1.0,560,681,1241,0.0016116035455278066,-0.0008333472224535399,0.9997582594681724,0.0
64148,46.54327572126202,1.0,560,681,1241,0.0,-0.0008333472224535399,0.9997582594681724,0.0
64149,46.54244237403957,1.0,560,681,1241,0.0,-0.0008333472224535399,0.9997582594681724,0.0
64150,46.54160902681711,1.0,560,681,1241,0.0,-0.0008333472224535399,0.9997582594681724,0.0
64151,46.54077567959466,1.0,560,681,1241,0.0,-0.0008333472224535399,0.9997582594681724,0.0
64152,46.539942332372206,1.0,560,681,1241,0.0,-0.0008333472224535399,0.9997582594681724,0.0
64153,46.53910898514975,1.0,560,681,1241,0.0,-0.0008333472224535399,0.9997582594681724,0.0
64154,46.5382756379273,1.0,560,681,1241,0.0,-0.0008333472224535399,0.9997582594681724,0.0
64155,46.537442290704846,1.0,560,681,1241,0.0,-0.0008333472224535399,0.9998388396454487,8.058017727639034e-05
64156,46.53660894348239,1.0,560,681,1241,0.0,-0.0008333472224535399,1.0000000000000013,0.00016116035455278067
64157,46.53577559625994,1.0,560,681,1241,0.0,-0.0008333472224535399,1.0000000000000013,0.0
64158,46.534942249037485,1.0,560,681,1241,0.0,-0.0008333472224535399,1.0000000000000013,0.0
64159,46.53410890181503,1.0,560,681,1241,0.0,-0.0008333472224535399,1.0000000000000013,0.0
64160,46.53327555459258,1.0,560,681,1241,0.0,-0.0008333472224535399,1.0000000000000013,0.0
64161,46.532442207370124,1.0,560,681,1241,0.0,-0.0008333472224535399,1.0000000000000013,0.0
64162,46.53160886014767,1.0,560,681,1241,0.0,-0.0008333472224535399,1.0000000000000013,0.0
64163,46.53077551292522,1.0,560,681,1241,0.0,-0.0008333472224535399,1.0000000000000013,0.0
64164,46.529942165702764,1.0,560,681,1241,0.0,-0.0008333472224535399,1.0000000000000013,0.0
64165,46.52910881848031,1.0,560,681,1241,0.0,-0.0008333472224535399,1.0000000000000013,0.0
64166,46.52827547125786,1.0,560,681,1241,0.0,-0.0008333472224535399,1.0000000000000013,0.0
64167,46.5274421240354,1.0,560,681,1241,0.0,-0.0008333472224535399,1.0000000000000013,0.0
64168,46.52660877681295,1.0,560,681,1241,0.0,-0.0008333472224535399,1.0000000000000013,0.0
64169,46.525775429590496,1.0,560,681,1241,0.0,-0.0008333472224535399,1.0000000000000013,0.0
64170,46.52494208236804,1.0,560,681,1241,0.0,-0.0008333472224535399,1.0000000000000013,0.0
64171,46.52410873514559,1.0,560,681,1241,0.0,-0.0008333472224535399,1.0000000000000013,0.0
64172,46.523275387923135,1.0,560,681,1241,0.0,-0.0008333472224535399,1.0000000000000013,0.0
64173,46.52244204070068,1.0,560,681,1241,0.0,-0.0008333472224535399,1.0000000000000013,0.0
64174,46.52160869347823,1.0,560,681,1241,0.0,-0.0008333472224535399,1.0000000000000013,0.0
64175,46.52077534625577,1.0,560,681,1241,0.0,-0.0008333472224606453,1.0000000000000013,0.0
64176,46.519941999033314,1.0,560,681,1241,0.0,-0.0008333472224535399,1.0000000000000013,0.0
64177,46.51910865181086,1.0,560,681,1241,0.0,-0.0008333472224535399,1.0000000000000013,0.0
64178,46.51827530458841,1.0,560,681,1241,0.0,-0.0008333472224535399,1.0000000000000013,0.0
64179,46.51744195736595,1.0,560,681,1241,0.0,-0.0008333472224535399,1.0000000000000013,0.0
64180,46.5166086101435,1.0,560,681,1241,0.0,-0.0008333472224535399,1.0000000000000013,0.0
64181,46.515775262921046,1.0,560,681,1241,0.0,-0.0008333472224535399,1.0000000000000013,0.0
64182,46.51494191569859,1.0,560,681,1241,0.0,-0.0008333472224535399,1.0000000000000013,0.0
64183,46.51410856847614,1.0,560,681,1241,0.0,-0.0008333472224535399,1.0000000000000013,0.0
64184,46.513275221253686,1.0,560,681,1241,0.0,-0.0008333472224535399,1.0000000000000013,0.0
64185,46.51244187403123,1.0,560,681,1241,0.0,-0.0008333472224535399,1.0000000000000013,0.0
64186,46.51160852680878,1.0,560,681,1241,0.0,-0.0008333472224535399,1.0000000000000013,0.0
64187,46.510775179586325,1.0,560,681,1241,0.0,-0.0008333472224535399,1.0000000000000013,0.0
64188,46.50994183236387,1.0,560,681,1241,0.0,-0.0008333472224535399,1.0000000000000013,0.0
64189,46.50910848514142,1.0,560,681,1241,0.0,-0.0008333472224535399,1.0000000000000013,0.0
64190,46.508275137918965,1.0,560,681,1241,0.0,-0.0008333472224535399,1.0000000000000013,0.0
64191,46.50744179069651,1.0,560,681,1241,0.0,-0.0008333472224535399,1.0000000000000013,0.0
64192,46.50660844347406,1.0,560,681,1241,0.0,-0.0008333472224535399,1.0000000000000013,0.0
64193,46.505775096251604,1.0,560,681,1241,0.0,-0.0008333472224535399,1.0000000000000013,0.0
64194,46.50494174902915,1.0,560,681,1241,0.0,-0.0008333472224535399,1.0000000000000013,0.0
64195,46.5041084018067,1.0,560,681,1241,0.0,-0.0008333472224535399,1.0000000000000013,0.0
64196,46.50327505458424,1.0,560,681,1241,0.0,-0.0008333472224535399,1.0000000000000013,0.0
64197,46.50244170736179,1.0,560,681,1241,0.0,-0.0008333472224535399,1.0000000000000013,0.0
64198,46.501608360139336,1.0,560,681,1241,0.0,-0.0008333472224535399,1.0000000000000013,0.0
64199,46.50077501291688,1.0,560,681,1241,0.0,-0.0008333472224535399,1.0000000000000013,0.0
64200,46.49994166569443,1.0,560,681,1241,0.0,-0.0008333472224535399,1.0000000000000013,0.0
64201,46.499108318471976,1.0,560,681,1241,0.0,-0.0008333472224535399,1.0000000000000013,0.0
64202,46.49827497124952,0.9991941982272361,560,681,1241,-0.0008058017727639033,-0.0008333472224535399,0.999919419822725,-8.058017727639034e-05
64203,46.49744162402707,0.9991941982272361,560,681,1241,0.0,-0.0008333472224535399,0.9998388396454487,-8.058017727639034e-05
64204,46.496608276804615,0.9991941982272361,560,681,1241,0.0,-0.0008333472224535399,0.9997582594681724,-8.058017727639034e-05
64205,46.49577492958216,0.9991941982272361,560,681,1241,0.0,-0.0008333472224535399,0.999677679290896,-8.058017727639034e-05
64206,46.49494158235971,1.0,560,681,1241,0.0008058017727639033,-0.0008333472224535399,0.999677679290896,0.0
64207,46.494108235137254,1.0,560,681,1241,0.0,-0.0008333472224535399,0.999677679290896,0.0
64208,46.4932748879148,1.0,560,681,1241,0.0,-0.0008333472224535399,0.999677679290896,0.0
64209,46.49244154069235,1.0,560,681,1241,0.0,-0.0008333472224535399,0.999677679290896,0.0
64210,46.491608193469894,1.0,560,681,1241,0.0,-0.0008333472224535399,0.999677679290896,0.0
64211,46.49077484624744,1.0,560,681,1241,0.0,-0.0008333472224535399,0.999677679290896,0.0
64212,46.48994149902499,1.0,560,681,1241,0.0,-0.0008333472224535399,0.9997582594681724,8.058017727639034e-05
64213,46.48910815180253,1.0,560,681,1241,0.0,-0.0008333472224535399,0.9998388396454487,8.058017727639034e-05
64214,46.48827480458007,1.0,560,681,1241,0.0,-0.0008333472224606453,0.999919419822725,8.058017727639034e-05
64215,46.48744145735762,1.0,560,681,1241,0.0,-0.0008333472224535399,1.0000000000000013,8.058017727639034e-05
64216,46.486608110135165,1.0,560,681,1241,0.0,-0.0008333472224535399,1.0000000000000013,0.0
64217,46.48577476291271,1.0,560,681,1241,0.0,-0.0008333472224535399,1.0000000000000013,0.0
64218,46.48494141569026,1.0,560,681,1241,0.0,-0.0008333472224535399,1.0000000000000013,0.0
64219,46.484108068467805,1.0,560,681,1241,0.0,-0.0008333472224535399,1.0000000000000013,0.0
64220,46.48327472124535,1.0,560,681,1241,0.0,-0.0008333472224535399,1.0000000000000013,0.0
64221,46.4824413740229,1.0,560,681,1241,0.0,-0.0008333472224535399,1.0000000000000013,0.0
64222,46.481608026800444,1.0,560,681,1241,0.0,-0.0008333472224535399,1.0000000000000013,0.0
64223,46.48077467957799,1.0,560,681,1241,0.0,-0.0008333472224535399,1.0000000000000013,0.0
64224,46.47994133235554,1.0,560,681,1241,0.0,-0.0008333472224535399,1.0000000000000013,0.0
64225,46.47910798513308,1.0,560,681,1241,0.0,-0.0008333472224535399,1.0000000000000013,0.0
64226,46.47827463791063,1.0,560,681,1241,0.0,-0.0008333472224535399,1.0000000000000013,0.0
64227,46.477441290688176,1.0,560,681,1241,0.0,-0.0008333472224535399,1.0000000000000013,0.0
64228,46.47660794346572,1.0,560,681,1241,0.0,-0.0008333472224535399,1.0000000000000013,0.0
64229,46.47577459624327,1.0,560,681,1241,0.0,-0.0008333472224535399,1.0000000000000013,0.0
64230,46.474941249020816,1.0,560,681,1241,0.0,-0.0008333472224535399,1.0000000000000013,0.0
64231,46.47410790179836,1.0,560,681,1241,0.0,-0.0008333472224535399,1.0000000000000013,0.0
64232,46.47327455457591,1.0,560,681,1241,0.0,-0.0008333472224535399,1.0000000000000013,0.0
64233,46.472441207353455,1.0,560,681,1241,0.0,-0.0008333472224535399,1.0000000000000013,0.0
64234,46.471607860131,1.0,560,681,1241,0.0,-0.0008333472224535399,1.0000000000000013,0.0
64235,46.47077451290855,0.9991941982272361,560,681,1241,-0.0008058017727639033,-0.0008333472224535399,0.999919419822725,-8.058017727639034e-05
64236,46.469941165686095,0.9991941982272361,560,681,1241,0.0,-0.0008333472224535399,0.9998388396454487,-8.058017727639034e-05
64237,46.46910781846364,0.9991941982272361,560,681,1241,0.0,-0.0008333472224535399,0.9997582594681724,-8.058017727639034e-05
64238,46.46827447124119,0.9991941982272361,560,681,1241,0.0,-0.0008333472224535399,0.999677679290896,-8.058017727639034e-05
64239,46.467441124018734,0.9991941982272361,560,681,1241,0.0,-0.0008333472224535399,0.9995970991136197,-8.058017727639034e-05
64240,46.46660777679628,1.0,560,681,1241,0.0008058017727639033,-0.0008333472224535399,0.9995970991136197,0.0
64241,46.46577442957383,1.0,560,681,1241,0.0,-0.0008333472224535399,0.9995970991136197,0.0
64242,46.46494108235137,1.0,560,681,1241,0.0,-0.0008333472224535399,0.9995970991136197,0.0
64243,46.46410773512892,1.0,560,681,1241,0.0,-0.0008333472224535399,0.9995970991136197,0.0
64244,46.463274387906466,1.0,560,681,1241,0.0,-0.0008333472224535399,0.9995970991136197,0.0
64245,46.46244104068401,1.0,560,681,1241,0.0,-0.0008333472224535399,0.999677679290896,8.058017727639034e-05
64246,46.46160769346156,1.0,560,681,1241,0.0,-0.0008333472224535399,0.9997582594681724,8.058017727639034e-05
64247,46.460774346239106,1.0,560,681,1241,0.0,-0.0008333472224535399,0.9998388396454487,8.058017727639034e-05
64248,46.45994099901665,1.0,560,681,1241,0.0,-0.0008333472224535399,0.999919419822725,8.058017727639034e-05
64249,46.4591076517942,1.0,560,681,1241,0.0,-0.0008333472224535399,1.0000000000000013,8.058017727639034e-05
64250,46.458274304571745,1.0,560,681,1241,0.0,-0.0008333472224535399,1.0000000000000013,0.0
64251,46.45744095734929,1.0,560,681,1241,0.0,-0.0008333472224535399,1.0000000000000013,0.0
64252,46.45660761012684,1.0,560,681,1241,0.0,-0.0008333472224535399,1.0000000000000013,0.0
64253,46.455774262904384,1.0,560,681,1241,0.0,-0.0008333472224535399,1.0000000000000013,0.0
64254,46.45494091568193,1.0,560,681,1241,0.0,-0.0008333472224535399,1.0000000000000013,0.0
64255,46.45410756845948,1.0,560,681,1241,0.0,-0.0008333472224535399,1.0000000000000013,0.0
64256,46.453274221237024,1.0,560,681,1241,0.0,-0.0008333472224535399,1.0000000000000013,0.0
64257,46.45244087401457,1.0,560,681,1241,0.0,-0.0008333472224535399,1.0000000000000013,0.0
64258,46.45160752679212,1.0,560,681,1241,0.0,-0.0008333472224535399,1.0000000000000013,0.0
64259,46.450774179569656,0.9991941982272361,560,681,1241,-0.0008058017727639033,-0.0008333472224606453,0.999919419822725,-8.058017727639034e-05
64260,46.4499408323472,0.9991941982272361,560,681,1241,0.0,-0.0008333472224535399,0.9998388396454487,-8.058017727639034e-05
64261,46.44910748512475,0.9991941982272361,560,681,1241,0.0,-0.0008333472224535399,0.9997582594681724,-8.058017727639034e-05
64262,46.448274137902295,1.0,560,681,1241,0.0008058017727639033,-0.0008333472224535399,0.9997582594681724,0.0
64263,46.44744079067984,1.0,560,681,1241,0.0,-0.0008333472224535399,0.9997582594681724,0.0
64264,46.44660744345739,1.0,560,681,1241,0.0,-0.0008333472224535399,0.9997582594681724,0.0
64265,46.445774096234935,1.0,560,681,1241,0.0,-0.0008333472224535399,0.9997582594681724,0.0
64266,46.44494074901248,1.0,560,681,1241,0.0,-0.0008333472224535399,0.9997582594681724,0.0
64267,46.44410740179003,0.9991941982272361,560,681,1241,-0.0008058017727639033,-0.0008333472224535399,0.999677679290896,-8.058017727639034e-05
64268,46.443274054567574,0.9991941982272361,560,681,1241,0.0,-0.0008333472224535399,0.9995970991136197,-8.058017727639034e-05
64269,46.44244070734512,0.9991941982272361,560,681,1241,0.0,-0.0008333472224535399,0.9995970991136197,0.0
64270,46.44160736012267,0.9991941982272361,560,681,1241,0.0,-0.0008333472224535399,0.9995970991136197,0.0
64271,46.440774012900214,1.0,560,681,1241,0.0008058017727639033,-0.0008333472224535399,0.999677679290896,8.058017727639034e-05
64272,46.43994066567776,1.0,560,681,1241,0.0,-0.0008333472224535399,0.999677679290896,0.0
64273,46.43910731845531,1.0,560,681,1241,0.0,-0.0008333472224535399,0.999677679290896,0.0
64274,46.43827397123285,1.0,560,681,1241,0.0,-0.0008333472224535399,0.999677679290896,0.0
64275,46.4374406240104,1.0,560,681,1241,0.0,-0.0008333472224535399,0.999677679290896,0.0
64276,46.436607276787946,1.0,560,681,1241,0.0,-0.0008333472224535399,0.999677679290896,0.0
64277,46.43577392956549,1.0,560,681,1241,0.0,-0.0008333472224535399,0.9997582594681724,8.058017727639034e-05
64278,46.43494058234304,1.0,560,681,1241,0.0,-0.0008333472224535399,0.9998388396454487,8.058017727639034e-05
64279,46.434107235120585,1.0,560,681,1241,0.0,-0.0008333472224535399,0.999919419822725,8.058017727639034e-05
64280,46.43327388789813,0.9991941982272361,560,681,1241,-0.0008058017727639033,-0.0008333472224535399,0.999919419822725,0.0
64281,46.43244054067568,1.0,560,681,1241,0.0008058017727639033,-0.0008333472224535399,0.999919419822725,0.0
64282,46.431607193453225,1.0,560,681,1241,0.0,-0.0008333472224535399,0.999919419822725,0.0
64283,46.43077384623077,1.0,560,681,1241,0.0,-0.0008333472224535399,0.999919419822725,0.0
64284,46.42994049900832,1.0,560,681,1241,0.0,-0.0008333472224535399,0.999919419822725,0.0
64285,46.429107151785864,1.0,560,681,1241,0.0,-0.0008333472224535399,0.999919419822725,0.0
64286,46.42827380456341,1.0,560,681,1241,0.0,-0.0008333472224535399,0.999919419822725,0.0
64287,46.42744045734096,1.0,560,681,1241,0.0,-0.0008333472224535399,0.999919419822725,0.0
64288,46.4266071101185,1.0,560,681,1241,0.0,-0.0008333472224535399,0.999919419822725,0.0
64289,46.42577376289605,1.0,560,681,1241,0.0,-0.0008333472224535399,0.999919419822725,0.0
64290,46.424940415673596,1.0,560,681,1241,0.0,-0.0008333472224535399,1.0000000000000013,8.058017727639034e-05
64291,46.42410706845114,1.0,560,681,1241,0.0,-0.0008333472224535399,1.0000000000000013,0.0
64292,46.42327372122869,1.0,560,681,1241,0.0,-0.0008333472224535399,1.0000000000000013,0.0
64293,46.422440374006236,1.0,560,681,1241,0.0,-0.0008333472224535399,1.0000000000000013,0.0
64294,46.42160702678378,1.0,560,681,1241,0.0,-0.0008333472224535399,1.0000000000000013,0.0
64295,46.42077367956133,1.0,560,681,1241,0.0,-0.0008333472224535399,1.0000000000000013,0.0
64296,46.419940332338875,1.0,560,681,1241,0.0,-0.0008333472224535399,1.0000000000000013,0.0
64297,46.41910698511642,1.0,560,681,1241,0.0,-0.0008333472224535399,1.0000000000000013,0.0
64298,46.41827363789397,1.0,560,681,1241,0.0,-0.0008333472224535399,1.0000000000000013,0.0
64299,46.41744029067151,1.0,560,681,1241,0.0,-0.0008333472224606453,1.0000000000000013,0.0
64300,46.416606943449054,1.0,560,681,1241,0.0,-0.0008333472224535399,1.0000000000000013,0.0
64301,46.4157735962266,1.0,560,681,1241,0.0,-0.0008333472224535399,1.0000000000000013,0.0
64302,46.41494024900415,1.0,560,681,1241,0.0,-0.0008333472224535399,1.0000000000000013,0.0
64303,46.41410690178169,1.0,560,681,1241,0.0,-0.0008333472224535399,1.0000000000000013,0.0
64304,46.41327355455924,1.0,560,681,1241,0.0,-0.0008333472224535399,1.0000000000000013,0.0
64305,46.412440207336786,1.0,560,681,1241,0.0,-0.0008333472224535399,1.0000000000000013,0.0
64306,46.41160686011433,1.0,560,681,1241,0.0,-0.0008333472224535399,1.0000000000000013,0.0
64307,46.41077351289188,1.0,560,681,1241,0.0,-0.0008333472224535399,1.0000000000000013,0.0
64308,46.409940165669425,1.0,560,681,1241,0.0,-0.0008333472224535399,1.0000000000000013,0.0
64309,46.40910681844697,1.0,560,681,1241,0.0,-0.0008333472224535399,1.0000000000000013,0.0
64310,46.40827347122452,1.0,560,681,1241,0.0,-0.0008333472224535399,1.0000000000000013,0.0
64311,46.407440124002065,1.0,560,681,1241,0.0,-0.0008333472224535399,1.0000000000000013,0.0
64312,46.40660677677961,1.0,560,681,1241,0.0,-0.0008333472224535399,1.0000000000000013,0.0
64313,46.40577342955716,1.0,560,681,1241,0.0,-0.0008333472224535399,1.0000000000000013,0.0
64314,46.404940082334704,1.0,560,681,1241,0.0,-0.0008333472224535399,1.0000000000000013,0.0
64315,46.40410673511225,1.0,560,681,1241,0.0,-0.0008333472224535399,1.0000000000000013,0.0
64316,46.4032733878898,1.0,560,681,1241,0.0,-0.0008333472224535399,1.0000000000000013,0.0
64317,46.402440040667344,1.0,560,681,1241,0.0,-0.0008333472224535399,1.0000000000000013,0.0
64318,46.40160669344489,1.0,560,681,1241,0.0,-0.0008333472224535399,1.0000000000000013,0.0
64319,46.40077334622244,1.0,560,681,1241,0.0,-0.0008333472224535399,1.0000000000000013,0.0
64320,46.39993999899998,1.0,560,681,1241,0.0,-0.0008333472224535399,1.0000000000000013,0.0
64321,46.39910665177753,1.0,560,681,1241,0.0,-0.0008333472224535399,1.0000000000000013,0.0
64322,46.398273304555076,1.0,560,681,1241,0.0,-0.0008333472224535399,1.0000000000000013,0.0
64323,46.39743995733262,1.0,560,681,1241,0.0,-0.0008333472224535399,1.0000000000000013,0.0
64324,46.39660661011017,1.0,560,681,1241,0.0,-0.0008333472224535399,1.0000000000000013,0.0
64325,46.395773262887715,1.0,560,681,1241,0.0,-0.0008333472224535399,1.0000000000000013,0.0
64326,46.39493991566526,1.0,560,681,1241,0.0,-0.0008333472224535399,1.0000000000000013,0.0
64327,46.39410656844281,1.0,560,681,1241,0.0,-0.0008333472224535399,1.0000000000000013,0.0
64328,46.393273221220355,1.0,560,681,1241,0.0,-0.0008333472224535399,1.0000000000000013,0.0
64329,46.3924398739979,1.0,560,681,1241,0.0,-0.0008333472224535399,1.0000000000000013,0.0
64330,46.39160652677545,1.0,560,681,1241,0.0,-0.0008333472224535399,1.0000000000000013,0.0
64331,46.390773179552994,1.0,560,681,1241,0.0,-0.0008333472224535399,1.0000000000000013,0.0
64332,46.38993983233054,1.0,560,681,1241,0.0,-0.0008333472224535399,1.0000000000000013,0.0
64333,46.38910648510809,1.0,560,681,1241,0.0,-0.0008333472224535399,1.0000000000000013,0.0
64334,46.38827313788563,1.0,560,681,1241,0.0,-0.0008333472224535399,1.0000000000000013,0.0
64335,46.38743979066318,1.0,560,681,1241,0.0,-0.0008333472224535399,1.0000000000000013,0.0
64336,46.386606443440726,1.0,560,681,1241,0.0,-0.0008333472224535399,1.0000000000000013,0.0
64337,46.38577309621827,1.0,560,681,1241,0.0,-0.0008333472224535399,1.0000000000000013,0.0
64338,46.38493974899582,1.0,560,681,1241,0.0,-0.0008333472224535399,1.0000000000000013,0.0
64339,46.384106401773366,1.0,560,681,1241,0.0,-0.0008333472224535399,1.0000000000000013,0.0
64340,46.38327305455091,1.0,560,681,1241,0.0,-0.0008333472224535399,1.0000000000000013,0.0
64341,46.38243970732846,1.0,560,681,1241,0.0,-0.0008333472224535399,1.0000000000000013,0.0
64342,46.381606360106005,1.0,560,681,1241,0.0,-0.0008333472224535399,1.0000000000000013,0.0
64343,46.38077301288355,1.0,560,681,1241,0.0,-0.0008333472224535399,1.0000000000000013,0.0
64344,46.37993966566109,1.0,560,681,1241,0.0,-0.0008333472224606453,1.0000000000000013,0.0
64345,46.37910631843864,1.0,560,681,1241,0.0,-0.0008333472224535399,1.0000000000000013,0.0
64346,46.378272971216184,1.0,560,681,1241,0.0,-0.0008333472224535399,1.0000000000000013,0.0
64347,46.37743962399373,1.0,560,681,1241,0.0,-0.0008333472224535399,1.0000000000000013,0.0
64348,46.37660627677128,1.0,560,681,1241,0.0,-0.0008333472224535399,1.0000000000000013,0.0
64349,46.37577292954882,1.0,560,681,1241,0.0,-0.0008333472224535399,1.0000000000000013,0.0
64350,46.37493958232637,1.0,560,681,1241,0.0,-0.0008333472224535399,1.0000000000000013,0.0
64351,46.374106235103916,1.0,560,681,1241,0.0,-0.0008333472224535399,1.0000000000000013,0.0
64352,46.37327288788146,1.0,560,681,1241,0.0,-0.0008333472224535399,1.0000000000000013,0.0
64353,46.37243954065901,1.0,560,681,1241,0.0,-0.0008333472224535399,1.0000000000000013,0.0
64354,46.371606193436556,1.0,560,681,1241,0.0,-0.0008333472224535399,1.0000000000000013,0.0
64355,46.3707728462141,1.0,560,681,1241,0.0,-0.0008333472224535399,1.0000000000000013,0.0
64356,46.36993949899165,1.0,560,681,1241,0.0,-0.0008333472224535399,1.0000000000000013,0.0
64357,46.369106151769195,1.0,560,681,1241,0.0,-0.0008333472224535399,1.0000000000000013,0.0
64358,46.36827280454674,1.0,560,681,1241,0.0,-0.0008333472224535399,1.0000000000000013,0.0
64359,46.36743945732429,1.0,560,681,1241,0.0,-0.0008333472224535399,1.0000000000000013,0.0
64360,46.366606110101834,1.0,560,681,1241,0.0,-0.0008333472224535399,1.0000000000000013,0.0
64361,46.36577276287938,1.0,560,681,1241,0.0,-0.0008333472224535399,1.0000000000000013,0.0
64362,46.36493941565693,1.0,560,681,1241,0.0,-0.0008333472224535399,1.0000000000000013,0.0
64363,46.364106068434474,1.0,560,681,1241,0.0,-0.0008333472224535399,1.0000000000000013,0.0
64364,46.36327272121202,1.0,560,681,1241,0.0,-0.0008333472224535399,1.0000000000000013,0.0
64365,46.36243937398957,1.0,560,681,1241,0.0,-0.0008333472224535399,1.0000000000000013,0.0
64366,46.36160602676711,1.0,560,681,1241,0.0,-0.0008333472224535399,1.0000000000000013,0.0
64367,46.36077267954466,1.0,560,681,1241,0.0,-0.0008333472224535399,1.0000000000000013,0.0
64368,46.359939332322206,1.0,560,681,1241,0.0,-0.0008333472224535399,1.0000000000000013,0.0
64369,46.35910598509975,1.0,560,681,1241,0.0,-0.0008333472224535399,1.0000000000000013,0.0
64370,46.3582726378773,1.0,560,681,1241,0.0,-0.0008333472224535399,1.0000000000000013,0.0
64371,46.357439290654845,1.0,560,681,1241,0.0,-0.0008333472224535399,1.0000000000000013,0.0
64372,46.35660594343239,1.0,560,681,1241,0.0,-0.0008333472224535399,1.0000000000000013,0.0
64373,46.35577259620994,1.0,560,681,1241,0.0,-0.0008333472224535399,1.0000000000000013,0.0
64374,46.354939248987485,1.0,560,681,1241,0.0,-0.0008333472224535399,1.0000000000000013,0.0
64375,46.35410590176503,1.0,560,681,1241,0.0,-0.0008333472224535399,1.0000000000000013,0.0
64376,46.35327255454258,1.0,560,681,1241,0.0,-0.0008333472224535399,1.0000000000000013,0.0
64377,46.352439207320124,0.9991941982272361,560,681,1241,-0.0008058017727639033,-0.0008333472224535399,0.999919419822725,-8.058017727639034e-05
64378,46.35160586009767,1.0,560,681,1241,0.0008058017727639033,-0.0008333472224535399,0.999919419822725,0.0
64379,46.35077251287522,1.0,560,681,1241,0.0,-0.0008333472224535399,0.999919419822725,0.0
64380,46.34993916565276,1.0,560,681,1241,0.0,-0.0008333472224535399,0.999919419822725,0.0
64381,46.34910581843031,1.0,560,681,1241,0.0,-0.0008333472224535399,0.999919419822725,0.0
64382,46.348272471207856,1.0,560,681,1241,0.0,-0.0008333472224535399,0.999919419822725,0.0
64383,46.3474391239854,1.0,560,681,1241,0.0,-0.0008333472224535399,0.999919419822725,0.0
64384,46.34660577676294,1.0,560,681,1241,0.0,-0.0008333472224606453,0.999919419822725,0.0
64385,46.34577242954049,1.0,560,681,1241,0.0,-0.0008333472224535399,0.999919419822725,0.0
64386,46.344939082318035,1.0,560,681,1241,0.0,-0.0008333472224535399,0.999919419822725,0.0
64387,46.34410573509558,1.0,560,681,1241,0.0,-0.0008333472224535399,1.0000000000000013,8.058017727639034e-05
64388,46.34327238787313,1.0,560,681,1241,0.0,-0.0008333472224535399,1.0000000000000013,0.0
64389,46.342439040650675,1.0,560,681,1241,0.0,-0.0008333472224535399,1.0000000000000013,0.0
64390,46.34160569342822,1.0,560,681,1241,0.0,-0.0008333472224535399,1.0000000000000013,0.0
64391,46.34077234620577,1.0,560,681,1241,0.0,-0.0008333472224535399,1.0000000000000013,0.0
64392,46.339938998983314,1.0,560,681,1241,0.0,-0.0008333472224535399,1.0000000000000013,0.0
64393,46.33910565176086,1.0,560,681,1241,0.0,-0.0008333472224535399,1.0000000000000013,0.0
64394,46.33827230453841,1.0,560,681,1241,0.0,-0.0008333472224535399,1.0000000000000013,0.0
64395,46.33743895731595,1.0,560,681,1241,0.0,-0.0008333472224535399,1.0000000000000013,0.0
64396,46.3366056100935,1.0,560,681,1241,0.0,-0.0008333472224535399,1.0000000000000013,0.0
64397,46.335772262871046,1.0,560,681,1241,0.0,-0.0008333472224535399,1.0000000000000013,0.0
64398,46.33493891564859,1.0,560,681,1241,0.0,-0.0008333472224535399,1.0000000000000013,0.0
64399,46.33410556842614,1.0,560,681,1241,0.0,-0.0008333472224535399,1.0000000000000013,0.0
64400,46.333272221203686,1.0,560,681,1241,0.0,-0.0008333472224535399,1.0000000000000013,0.0
64401,46.33243887398123,1.0,560,681,1241,0.0,-0.0008333472224535399,1.0000000000000013,0.0
64402,46.33160552675878,1.0,560,681,1241,0.0,-0.0008333472224535399,1.0000000000000013,0.0
64403,46.330772179536325,1.0,560,681,1241,0.0,-0.0008333472224535399,1.0000000000000013,0.0
64404,46.32993883231387,1.0,560,681,1241,0.0,-0.0008333472224535399,1.0000000000000013,0.0
64405,46.32910548509142,1.0,560,681,1241,0.0,-0.0008333472224535399,1.0000000000000013,0.0
64406,46.328272137868964,1.0,560,681,1241,0.0,-0.0008333472224535399,1.0000000000000013,0.0
64407,46.32743879064651,1.0,560,681,1241,0.0,-0.0008333472224535399,1.0000000000000013,0.0
64408,46.32660544342406,1.0,560,681,1241,0.0,-0.0008333472224535399,1.0000000000000013,0.0
64409,46.325772096201604,1.0,560,681,1241,0.0,-0.0008333472224535399,1.0000000000000013,0.0
64410,46.32493874897915,1.0,560,681,1241,0.0,-0.0008333472224535399,1.0000000000000013,0.0
64411,46.3241054017567,1.0,560,681,1241,0.0,-0.0008333472224535399,1.0000000000000013,0.0
64412,46.32327205453424,1.0,560,681,1241,0.0,-0.0008333472224535399,1.0000000000000013,0.0
64413,46.32243870731179,1.0,560,681,1241,0.0,-0.0008333472224535399,1.0000000000000013,0.0
64414,46.321605360089336,1.0,560,681,1241,0.0,-0.0008333472224535399,1.0000000000000013,0.0
64415,46.32077201286688,1.0,560,681,1241,0.0,-0.0008333472224535399,1.0000000000000013,0.0
64416,46.31993866564443,1.0,560,681,1241,0.0,-0.0008333472224535399,1.0000000000000013,0.0
64417,46.319105318421975,1.0,560,681,1241,0.0,-0.0008333472224535399,1.0000000000000013,0.0
64418,46.31827197119952,1.0,560,681,1241,0.0,-0.0008333472224535399,1.0000000000000013,0.0
64419,46.31743862397707,1.0,560,681,1241,0.0,-0.0008333472224535399,1.0000000000000013,0.0
64420,46.316605276754615,1.0,560,681,1241,0.0,-0.0008333472224535399,1.0000000000000013,0.0
64421,46.31577192953216,1.0,560,681,1241,0.0,-0.0008333472224535399,1.0000000000000013,0.0
64422,46.31493858230971,1.0,560,681,1241,0.0,-0.0008333472224535399,1.0000000000000013,0.0
64423,46.314105235087254,1.0,560,681,1241,0.0,-0.0008333472224535399,1.0000000000000013,0.0
64424,46.3132718878648,0.9991941982272361,560,681,1241,-0.0008058017727639033,-0.0008333472224535399,0.999919419822725,-8.058017727639034e-05
64425,46.31243854064235,0.9991941982272361,560,681,1241,0.0,-0.0008333472224535399,0.9998388396454487,-8.058017727639034e-05
64426,46.311605193419894,0.9991941982272361,560,681,1241,0.0,-0.0008333472224535399,0.9997582594681724,-8.058017727639034e-05
64427,46.31077184619744,0.9991941982272361,560,681,1241,0.0,-0.0008333472224535399,0.999677679290896,-8.058017727639034e-05
64428,46.30993849897499,0.9991941982272361,560,681,1241,0.0,-0.0008333472224535399,0.9995970991136197,-8.058017727639034e-05
64429,46.309105151752526,0.9991941982272361,560,681,1241,0.0,-0.0008333472224606453,0.9995165189363433,-8.058017727639034e-05
64430,46.30827180453007,0.9991941982272361,560,681,1241,0.0,-0.0008333472224535399,0.999435938759067,-8.058017727639034e-05
64431,46.30743845730762,0.9991941982272361,560,681,1241,0.0,-0.0008333472224535399,0.9993553585817907,-8.058017727639034e-05
64432,46.306605110085165,0.9991941982272361,560,681,1241,0.0,-0.0008333472224535399,0.9992747784045143,-8.058017727639034e-05
64433,46.30577176286271,0.9991941982272361,560,681,1241,0.0,-0.0008333472224535399,0.999194198227238,-8.058017727639034e-05
64434,46.30493841564026,0.9991941982272361,560,681,1241,0.0,-0.0008333472224535399,0.999194198227238,0.0
64435,46.304105068417805,1.0,560,681,1241,0.0008058017727639033,-0.0008333472224535399,0.9992747784045143,8.058017727639034e-05
64436,46.30327172119535,1.0,560,681,1241,0.0,-0.0008333472224535399,0.9993553585817907,8.058017727639034e-05
64437,46.3024383739729,1.0,560,681,1241,0.0,-0.0008333472224535399,0.999435938759067,8.058017727639034e-05
64438,46.301605026750444,1.0,560,681,1241,0.0,-0.0008333472224535399,0.9995165189363433,8.058017727639034e-05
64439,46.30077167952799,1.0,560,681,1241,0.0,-0.0008333472224535399,0.9995970991136197,8.058017727639034e-05
64440,46.29993833230554,1.0,560,681,1241,0.0,-0.0008333472224535399,0.999677679290896,8.058017727639034e-05
64441,46.29910498508308,1.0,560,681,1241,0.0,-0.0008333472224535399,0.9997582594681724,8.058017727639034e-05
64442,46.29827163786063,1.0,560,681,1241,0.0,-0.0008333472224535399,0.9998388396454487,8.058017727639034e-05
64443,46.297438290638176,1.0,560,681,1241,0.0,-0.0008333472224535399,0.999919419822725,8.058017727639034e-05
64444,46.29660494341572,1.0,560,681,1241,0.0,-0.0008333472224535399,1.0000000000000013,8.058017727639034e-05
64445,46.29577159619327,1.0,560,681,1241,0.0,-0.0008333472224535399,1.0000000000000013,0.0
64446,46.294938248970816,1.0,560,681,1241,0.0,-0.0008333472224535399,1.0000000000000013,0.0
64447,46.29410490174836,1.0,560,681,1241,0.0,-0.0008333472224535399,1.0000000000000013,0.0
64448,46.29327155452591,1.0,560,681,1241,0.0,-0.0008333472224535399,1.0000000000000013,0.0
64449,46.292438207303455,1.0,560,681,1241,0.0,-0.0008333472224535399,1.0000000000000013,0.0
64450,46.291604860081,1.0,560,681,1241,0.0,-0.0008333472224535399,1.0000000000000013,0.0
64451,46.29077151285855,0.9991941982272361,560,681,1241,-0.0008058017727639033,-0.0008333472224535399,0.999919419822725,-8.058017727639034e-05
64452,46.289938165636094,0.9991941982272361,560,681,1241,0.0,-0.0008333472224535399,0.9998388396454487,-8.058017727639034e-05
64453,46.28910481841364,0.9991941982272361,560,681,1241,0.0,-0.0008333472224535399,0.9997582594681724,-8.058017727639034e-05
64454,46.28827147119119,1.0,560,681,1241,0.0008058017727639033,-0.0008333472224535399,0.9997582594681724,0.0
64455,46.287438123968734,1.0,560,681,1241,0.0,-0.0008333472224535399,0.9997582594681724,0.0
64456,46.28660477674628,1.0,560,681,1241,0.0,-0.0008333472224535399,0.9997582594681724,0.0
64457,46.28577142952383,1.0,560,681,1241,0.0,-0.0008333472224535399,0.9997582594681724,0.0
64458,46.28493808230137,1.0,560,681,1241,0.0,-0.0008333472224535399,0.9997582594681724,0.0
64459,46.28410473507892,1.0,560,681,1241,0.0,-0.0008333472224535399,0.9997582594681724,0.0
64460,46.283271387856466,1.0,560,681,1241,0.0,-0.0008333472224535399,0.9997582594681724,0.0
64461,46.28243804063401,1.0,560,681,1241,0.0,-0.0008333472224535399,0.9998388396454487,8.058017727639034e-05
64462,46.28160469341156,1.0,560,681,1241,0.0,-0.0008333472224535399,0.999919419822725,8.058017727639034e-05
64463,46.280771346189105,1.0,560,681,1241,0.0,-0.0008333472224535399,1.0000000000000013,8.058017727639034e-05
64464,46.27993799896665,0.9991941982272361,560,681,1241,-0.0008058017727639033,-0.0008333472224535399,0.999919419822725,-8.058017727639034e-05
64465,46.2791046517442,0.9991941982272361,560,681,1241,0.0,-0.0008333472224535399,0.9998388396454487,-8.058017727639034e-05
64466,46.278271304521745,0.9991941982272361,560,681,1241,0.0,-0.0008333472224535399,0.9997582594681724,-8.058017727639034e-05
64467,46.27743795729929,0.9991941982272361,560,681,1241,0.0,-0.0008333472224535399,0.999677679290896,-8.058017727639034e-05
64468,46.27660461007684,1.0,560,681,1241,0.0008058017727639033,-0.0008333472224535399,0.999677679290896,0.0
64469,46.27577126285438,1.0,560,681,1241,0.0,-0.0008333472224606453,0.999677679290896,0.0
64470,46.274937915631924,1.0,560,681,1241,0.0,-0.0008333472224535399,0.999677679290896,0.0
64471,46.27410456840947,1.0,560,681,1241,0.0,-0.0008333472224535399,0.999677679290896,0.0
64472,46.27327122118702,1.0,560,681,1241,0.0,-0.0008333472224535399,0.999677679290896,0.0
64473,46.27243787396456,1.0,560,681,1241,0.0,-0.0008333472224535399,0.999677679290896,0.0
64474,46.27160452674211,1.0,560,681,1241,0.0,-0.0008333472224535399,0.9997582594681724,8.058017727639034e-05
64475,46.270771179519656,1.0,560,681,1241,0.0,-0.0008333472224535399,0.9998388396454487,8.058017727639034e-05
64476,46.2699378322972,1.0,560,681,1241,0.0,-0.0008333472224535399,0.999919419822725,8.058017727639034e-05
64477,46.26910448507475,1.0,560,681,1241,0.0,-0.0008333472224535399,1.0000000000000013,8.058017727639034e-05
64478,46.268271137852295,1.0,560,681,1241,0.0,-0.0008333472224535399,1.0000000000000013,0.0
64479,46.26743779062984,1.0,560,681,1241,0.0,-0.0008333472224535399,1.0000000000000013,0.0
64480,46.26660444340739,1.0,560,681,1241,0.0,-0.0008333472224535399,1.0000000000000013,0.0
64481,46.265771096184935,1.0,560,681,1241,0.0,-0.0008333472224535399,1.0000000000000013,0.0
64482,46.26493774896248,1.0,560,681,1241,0.0,-0.0008333472224535399,1.0000000000000013,0.0
64483,46.26410440174003,1.0,560,681,1241,0.0,-0.0008333472224535399,1.0000000000000013,0.0
64484,46.263271054517574,1.0,560,681,1241,0.0,-0.0008333472224535399,1.0000000000000013,0.0
64485,46.26243770729512,1.0,560,681,1241,0.0,-0.0008333472224535399,1.0000000000000013,0.0
64486,46.26160436007267,1.0,560,681,1241,0.0,-0.0008333472224535399,1.0000000000000013,0.0
64487,46.26077101285021,1.0,560,681,1241,0.0,-0.0008333472224535399,1.0000000000000013,0.0
64488,46.25993766562776,1.0,560,681,1241,0.0,-0.0008333472224535399,1.0000000000000013,0.0
64489,46.259104318405306,1.0,560,681,1241,0.0,-0.0008333472224535399,1.0000000000000013,0.0
64490,46.25827097118285,1.0,560,681,1241,0.0,-0.0008333472224535399,1.0000000000000013,0.0
64491,46.2574376239604,1.0,560,681,1241,0.0,-0.0008333472224535399,1.0000000000000013,0.0
64492,46.256604276737946,1.0,560,681,1241,0.0,-0.0008333472224535399,1.0000000000000013,0.0
64493,46.25577092951549,1.0,560,681,1241,0.0,-0.0008333472224535399,1.0000000000000013,0.0
64494,46.25493758229304,1.0,560,681,1241,0.0,-0.0008333472224535399,1.0000000000000013,0.0
64495,46.254104235070585,1.0,560,681,1241,0.0,-0.0008333472224535399,1.0000000000000013,0.0
64496,46.25327088784813,1.0,560,681,1241,0.0,-0.0008333472224535399,1.0000000000000013,0.0
64497,46.25243754062568,1.0,560,681,1241,0.0,-0.0008333472224535399,1.0000000000000013,0.0
64498,46.251604193403224,0.9991941982272361,560,681,1241,-0.0008058017727639033,-0.0008333472224535399,0.999919419822725,-8.058017727639034e-05
64499,46.25077084618077,1.0,560,681,1241,0.0008058017727639033,-0.0008333472224535399,0.999919419822725,0.0
64500,46.24993749895832,1.0,560,681,1241,0.0,-0.0008333472224535399,0.999919419822725,0.0
64501,46.249104151735864,1.0,560,681,1241,0.0,-0.0008333472224535399,0.999919419822725,0.0
64502,46.24827080451341,1.0,560,681,1241,0.0,-0.0008333472224535399,0.999919419822725,0.0
64503,46.24743745729096,1.0,560,681,1241,0.0,-0.0008333472224535399,0.999919419822725,0.0
64504,46.2466041100685,1.0,560,681,1241,0.0,-0.0008333472224535399,0.999919419822725,0.0
64505,46.24577076284605,1.0,560,681,1241,0.0,-0.0008333472224535399,0.999919419822725,0.0
64506,46.244937415623596,1.0,560,681,1241,0.0,-0.0008333472224535399,0.999919419822725,0.0
64507,46.24410406840114,1.0,560,681,1241,0.0,-0.0008333472224535399,0.999919419822725,0.0
64508,46.24327072117869,1.0,560,681,1241,0.0,-0.0008333472224535399,1.0000000000000013,8.058017727639034e-05
64509,46.242437373956236,1.0,560,681,1241,0.0,-0.0008333472224535399,1.0000000000000013,0.0
64510,46.24160402673378,1.0,560,681,1241,0.0,-0.0008333472224535399,1.0000000000000013,0.0
64511,46.24077067951133,1.0,560,681,1241,0.0,-0.0008333472224535399,1.0000000000000013,0.0
64512,46.239937332288875,1.0,560,681,1241,0.0,-0.0008333472224535399,1.0000000000000013,0.0
64513,46.23910398506642,1.0,560,681,1241,0.0,-0.0008333472224535399,1.0000000000000013,0.0
64514,46.23827063784396,1.0,560,681,1241,0.0,-0.0008333472224606453,1.0000000000000013,0.0
64515,46.23743729062151,1.0,560,681,1241,0.0,-0.0008333472224535399,1.0000000000000013,0.0
64516,46.236603943399054,1.0,560,681,1241,0.0,-0.0008333472224535399,1.0000000000000013,0.0
64517,46.2357705961766,1.0,560,681,1241,0.0,-0.0008333472224535399,1.0000000000000013,0.0
64518,46.23493724895415,1.0,560,681,1241,0.0,-0.0008333472224535399,1.0000000000000013,0.0
64519,46.23410390173169,1.0,560,681,1241,0.0,-0.0008333472224535399,1.0000000000000013,0.0
64520,46.23327055450924,1.0,560,681,1241,0.0,-0.0008333472224535399,1.0000000000000013,0.0
64521,46.232437207286786,1.0,560,681,1241,0.0,-0.0008333472224535399,1.0000000000000013,0.0
64522,46.23160386006433,1.0,560,681,1241,0.0,-0.0008333472224535399,1.0000000000000013,0.0
64523,46.23077051284188,1.0,560,681,1241,0.0,-0.0008333472224535399,1.0000000000000013,0.0
64524,46.229937165619425,1.0,560,681,1241,0.0,-0.0008333472224535399,1.0000000000000013,0.0
64525,46.22910381839697,1.0,560,681,1241,0.0,-0.0008333472224535399,1.0000000000000013,0.0
64526,46.22827047117452,1.0,560,681,1241,0.0,-0.0008333472224535399,1.0000000000000013,0.0
64527,46.227437123952065,1.0,560,681,1241,0.0,-0.0008333472224535399,1.0000000000000013,0.0
64528,46.22660377672961,1.0,560,681,1241,0.0,-0.0008333472224535399,1.0000000000000013,0.0
64529,46.22577042950716,1.0,560,681,1241,0.0,-0.0008333472224535399,1.0000000000000013,0.0
64530,46.224937082284704,1.0,560,681,1241,0.0,-0.0008333472224535399,1.0000000000000013,0.0
64531,46.22410373506225,1.0,560,681,1241,0.0,-0.0008333472224535399,1.0000000000000013,0.0
64532,46.2232703878398,1.0,560,681,1241,0.0,-0.0008333472224535399,1.0000000000000013,0.0
64533,46.22243704061734,1.0,560,681,1241,0.0,-0.0008333472224535399,1.0000000000000013,0.0
64534,46.22160369339489,1.0,560,681,1241,0.0,-0.0008333472224535399,1.0000000000000013,0.0
64535,46.220770346172436,1.0,560,681,1241,0.0,-0.0008333472224535399,1.0000000000000013,0.0
64536,46.21993699894998,1.0,560,681,1241,0.0,-0.0008333472224535399,1.0000000000000013,0.0
64537,46.21910365172753,1.0,560,681,1241,0.0,-0.0008333472224535399,1.0000000000000013,0.0
64538,46.218270304505076,1.0,560,681,1241,0.0,-0.0008333472224535399,1.0000000000000013,0.0
64539,46.21743695728262,1.0,560,681,1241,0.0,-0.0008333472224535399,1.0000000000000013,0.0
64540,46.21660361006017,1.0,560,681,1241,0.0,-0.0008333472224535399,1.0000000000000013,0.0
64541,46.215770262837715,1.0,560,681,1241,0.0,-0.0008333472224535399,1.0000000000000013,0.0
64542,46.21493691561526,1.0,560,681,1241,0.0,-0.0008333472224535399,1.0000000000000013,0.0
64543,46.21410356839281,1.0,560,681,1241,0.0,-0.0008333472224535399,1.0000000000000013,0.0
64544,46.213270221170355,1.0,560,681,1241,0.0,-0.0008333472224535399,1.0000000000000013,0.0
64545,46.2124368739479,1.0,560,681,1241,0.0,-0.0008333472224535399,1.0000000000000013,0.0
64546,46.21160352672545,1.0,560,681,1241,0.0,-0.0008333472224535399,1.0000000000000013,0.0
64547,46.210770179502994,1.0,560,681,1241,0.0,-0.0008333472224535399,1.0000000000000013,0.0
64548,46.20993683228054,1.0,560,681,1241,0.0,-0.0008333472224535399,1.0000000000000013,0.0
64549,46.20910348505809,1.0,560,681,1241,0.0,-0.0008333472224535399,1.0000000000000013,0.0
64550,46.20827013783563,1.0,560,681,1241,0.0,-0.0008333472224535399,1.0000000000000013,0.0
64551,46.20743679061318,1.0,560,681,1241,0.0,-0.0008333472224535399,1.0000000000000013,0.0
64552,46.206603443390726,1.0,560,681,1241,0.0,-0.0008333472224535399,1.0000000000000013,0.0
64553,46.205770096168266,1.0,560,681,1241,0.0,-0.0008333472224606453,1.0000000000000013,0.0
64554,46.20493674894581,1.0,560,681,1241,0.0,-0.0008333472224535399,1.0000000000000013,0.0
64555,46.20410340172336,1.0,560,681,1241,0.0,-0.0008333472224535399,1.0000000000000013,0.0
64556,46.203270054500905,1.0,560,681,1241,0.0,-0.0008333472224535399,1.0000000000000013,0.0
64557,46.20243670727845,1.0,560,681,1241,0.0,-0.0008333472224535399,1.0000000000000013,0.0
64558,46.201603360056,1.0,560,681,1241,0.0,-0.0008333472224535399,1.0000000000000013,0.0
64559,46.200770012833544,1.0,560,681,1241,0.0,-0.0008333472224535399,1.0000000000000013,0.0
64560,46.19993666561109,1.0,560,681,1241,0.0,-0.0008333472224535399,1.0000000000000013,0.0
64561,46.19910331838864,1.0,560,681,1241,0.0,-0.0008333472224535399,1.0000000000000013,0.0
64562,46.198269971166184,1.0,560,681,1241,0.0,-0.0008333472224535399,1.0000000000000013,0.0
64563,46.19743662394373,1.0,560,681,1241,0.0,-0.0008333472224535399,1.0000000000000013,0.0
64564,46.19660327672128,1.0,560,681,1241,0.0,-0.0008333472224535399,1.0000000000000013,0.0
64565,46.19576992949882,1.0,560,681,1241,0.0,-0.0008333472224535399,1.0000000000000013,0.0
64566,46.19493658227637,1.0,560,681,1241,0.0,-0.0008333472224535399,1.0000000000000013,0.0
64567,46.194103235053916,1.0,560,681,1241,0.0,-0.0008333472224535399,1.0000000000000013,0.0
64568,46.19326988783146,1.0,560,681,1241,0.0,-0.0008333472224535399,1.0000000000000013,0.0
64569,46.19243654060901,1.0,560,681,1241,0.0,-0.0008333472224535399,1.0000000000000013,0.0
64570,46.191603193386555,0.9991941982272361,560,681,1241,-0.0008058017727639033,-0.0008333472224535399,0.999919419822725,-8.058017727639034e-05
64571,46.1907698461641,0.9991941982272361,560,681,1241,0.0,-0.0008333472224535399,0.9998388396454487,-8.058017727639034e-05
64572,46.18993649894165,1.0,560,681,1241,0.0008058017727639033,-0.0008333472224535399,0.9998388396454487,0.0
64573,46.189103151719195,1.0,560,681,1241,0.0,-0.0008333472224535399,0.9998388396454487,0.0
64574,46.18826980449674,1.0,560,681,1241,0.0,-0.0008333472224535399,0.9998388396454487,0.0
64575,46.18743645727429,1.0,560,681,1241,0.0,-0.0008333472224535399,0.9998388396454487,0.0
64576,46.186603110051834,1.0,560,681,1241,0.0,-0.0008333472224535399,0.9998388396454487,0.0
64577,46.18576976282938,1.0,560,681,1241,0.0,-0.0008333472224535399,0.9998388396454487,0.0
64578,46.18493641560693,1.0,560,681,1241,0.0,-0.0008333472224535399,0.9998388396454487,0.0
64579,46.18410306838447,1.0,560,681,1241,0.0,-0.0008333472224535399,0.9998388396454487,0.0
64580,46.18326972116202,1.0,560,681,1241,0.0,-0.0008333472224535399,0.999919419822725,8.058017727639034e-05
64581,46.18243637393957,1.0,560,681,1241,0.0,-0.0008333472224535399,1.0000000000000013,8.058017727639034e-05
64582,46.18160302671711,1.0,560,681,1241,0.0,-0.0008333472224535399,1.0000000000000013,0.0
64583,46.18076967949466,1.0,560,681,1241,0.0,-0.0008333472224535399,1.0000000000000013,0.0
64584,46.179936332272206,1.0,560,681,1241,0.0,-0.0008333472224535399,1.0000000000000013,0.0
64585,46.17910298504975,1.0,560,681,1241,0.0,-0.0008333472224535399,1.0000000000000013,0.0
64586,46.1782696378273,1.0,560,681,1241,0.0,-0.0008333472224535399,1.0000000000000013,0.0
64587,46.177436290604845,1.0,560,681,1241,0.0,-0.0008333472224535399,1.0000000000000013,0.0
64588,46.17660294338239,1.0,560,681,1241,0.0,-0.0008333472224535399,1.0000000000000013,0.0
64589,46.17576959615994,1.0,560,681,1241,0.0,-0.0008333472224535399,1.0000000000000013,0.0
64590,46.174936248937485,1.0,560,681,1241,0.0,-0.0008333472224535399,1.0000000000000013,0.0
64591,46.17410290171503,1.0,560,681,1241,0.0,-0.0008333472224535399,1.0000000000000013,0.0
64592,46.17326955449258,1.0,560,681,1241,0.0,-0.0008333472224535399,1.0000000000000013,0.0
64593,46.172436207270124,1.0,560,681,1241,0.0,-0.0008333472224535399,1.0000000000000013,0.0
64594,46.17160286004767,1.0,560,681,1241,0.0,-0.0008333472224535399,1.0000000000000013,0.0
64595,46.17076951282522,1.0,560,681,1241,0.0,-0.0008333472224535399,1.0000000000000013,0.0
64596,46.16993616560276,1.0,560,681,1241,0.0,-0.0008333472224535399,1.0000000000000013,0.0
64597,46.16910281838031,1.0,560,681,1241,0.0,-0.0008333472224535399,1.0000000000000013,0.0
64598,46.16826947115785,1.0,560,681,1241,0.0,-0.0008333472224606453,1.0000000000000013,0.0
64599,46.167436123935396,1.0,560,681,1241,0.0,-0.0008333472224535399,1.0000000000000013,0.0
64600,46.16660277671294,1.0,560,681,1241,0.0,-0.0008333472224535399,1.0000000000000013,0.0
64601,46.16576942949049,1.0,560,681,1241,0.0,-0.0008333472224535399,1.0000000000000013,0.0
64602,46.164936082268035,0.9991941982272361,560,681,1241,-0.0008058017727639033,-0.0008333472224535399,0.999919419822725,-8.058017727639034e-05
64603,46.16410273504558,0.9991941982272361,560,681,1241,0.0,-0.0008333472224535399,0.9998388396454487,-8.058017727639034e-05
64604,46.16326938782313,0.9991941982272361,560,681,1241,0.0,-0.0008333472224535399,0.9997582594681724,-8.058017727639034e-05
64605,46.162436040600674,0.9991941982272361,560,681,1241,0.0,-0.0008333472224535399,0.999677679290896,-8.058017727639034e-05
64606,46.16160269337822,0.9991941982272361,560,681,1241,0.0,-0.0008333472224535399,0.9995970991136197,-8.058017727639034e-05
64607,46.16076934615577,0.9991941982272361,560,681,1241,0.0,-0.0008333472224535399,0.9995165189363433,-8.058017727639034e-05
64608,46.159935998933314,0.9991941982272361,560,681,1241,0.0,-0.0008333472224535399,0.999435938759067,-8.058017727639034e-05
64609,46.15910265171086,0.9991941982272361,560,681,1241,0.0,-0.0008333472224535399,0.9993553585817907,-8.058017727639034e-05
64610,46.15826930448841,0.9991941982272361,560,681,1241,0.0,-0.0008333472224535399,0.9992747784045143,-8.058017727639034e-05
64611,46.15743595726595,0.9991941982272361,560,681,1241,0.0,-0.0008333472224535399,0.999194198227238,-8.058017727639034e-05
64612,46.1566026100435,1.0,560,681,1241,0.0008058017727639033,-0.0008333472224535399,0.9992747784045143,8.058017727639034e-05
64613,46.155769262821046,1.0,560,681,1241,0.0,-0.0008333472224535399,0.9993553585817907,8.058017727639034e-05
64614,46.15493591559859,1.0,560,681,1241,0.0,-0.0008333472224535399,0.999435938759067,8.058017727639034e-05
64615,46.15410256837614,1.0,560,681,1241,0.0,-0.0008333472224535399,0.9995165189363433,8.058017727639034e-05
64616,46.153269221153685,1.0,560,681,1241,0.0,-0.0008333472224535399,0.9995970991136197,8.058017727639034e-05
64617,46.15243587393123,1.0,560,681,1241,0.0,-0.0008333472224535399,0.999677679290896,8.058017727639034e-05
64618,46.15160252670878,1.0,560,681,1241,0.0,-0.0008333472224535399,0.9997582594681724,8.058017727639034e-05
64619,46.150769179486325,1.0,560,681,1241,0.0,-0.0008333472224535399,0.9998388396454487,8.058017727639034e-05
64620,46.14993583226387,1.0,560,681,1241,0.0,-0.0008333472224535399,0.999919419822725,8.058017727639034e-05
64621,46.14910248504142,1.0,560,681,1241,0.0,-0.0008333472224535399,1.0000000000000013,8.058017727639034e-05
64622,46.148269137818964,0.9983883964544722,560,681,1241,-0.0016116035455278066,-0.0008333472224535399,0.9998388396454487,-0.00016116035455278067
64623,46.14743579059651,0.9991941982272361,560,681,1241,0.0008058017727639033,-0.0008333472224535399,0.9997582594681724,-8.058017727639034e-05
64624,46.14660244337406,1.0,560,681,1241,0.0008058017727639033,-0.0008333472224535399,0.9997582594681724,0.0
64625,46.145769096151604,1.0,560,681,1241,0.0,-0.0008333472224535399,0.9997582594681724,0.0
64626,46.14493574892915,1.0,560,681,1241,0.0,-0.0008333472224535399,0.9997582594681724,0.0
64627,46.1441024017067,1.0,560,681,1241,0.0,-0.0008333472224535399,0.9997582594681724,0.0
64628,46.14326905448424,1.0,560,681,1241,0.0,-0.0008333472224535399,0.9997582594681724,0.0
64629,46.14243570726179,1.0,560,681,1241,0.0,-0.0008333472224535399,0.9997582594681724,0.0
64630,46.141602360039336,1.0,560,681,1241,0.0,-0.0008333472224535399,0.9997582594681724,0.0
64631,46.14076901281688,1.0,560,681,1241,0.0,-0.0008333472224535399,0.9997582594681724,0.0
64632,46.13993566559443,0.9983883964544722,560,681,1241,-0.0016116035455278066,-0.0008333472224535399,0.9997582594681724,0.0
64633,46.139102318371975,1.0,560,681,1241,0.0016116035455278066,-0.0008333472224535399,0.9998388396454487,8.058017727639034e-05
64634,46.13826897114952,1.0,560,681,1241,0.0,-0.0008333472224535399,0.9998388396454487,0.0
64635,46.13743562392707,1.0,560,681,1241,0.0,-0.0008333472224535399,0.9998388396454487,0.0
64636,46.136602276704615,1.0,560,681,1241,0.0,-0.0008333472224535399,0.9998388396454487,0.0
64637,46.13576892948216,1.0,560,681,1241,0.0,-0.0008333472224535399,0.9998388396454487,0.0
64638,46.1349355822597,1.0,560,681,1241,0.0,-0.0008333472224606453,0.9998388396454487,0.0
64639,46.13410223503725,1.0,560,681,1241,0.0,-0.0008333472224535399,0.9998388396454487,0.0
64640,46.13326888781479,1.0,560,681,1241,0.0,-0.0008333472224535399,0.9998388396454487,0.0
64641,46.13243554059234,1.0,560,681,1241,0.0,-0.0008333472224535399,0.9998388396454487,0.0
64642,46.131602193369886,1.0,560,681,1241,0.0,-0.0008333472224535399,1.0000000000000013,0.00016116035455278067
64643,46.13076884614743,1.0,560,681,1241,0.0,-0.0008333472224535399,1.0000000000000013,0.0
64644,46.12993549892498,1.0,560,681,1241,0.0,-0.0008333472224535399,1.0000000000000013,0.0
64645,46.129102151702526,1.0,560,681,1241,0.0,-0.0008333472224535399,1.0000000000000013,0.0
64646,46.12826880448007,1.0,560,681,1241,0.0,-0.0008333472224535399,1.0000000000000013,0.0
64647,46.12743545725762,1.0,560,681,1241,0.0,-0.0008333472224535399,1.0000000000000013,0.0
64648,46.126602110035165,1.0,560,681,1241,0.0,-0.0008333472224535399,1.0000000000000013,0.0
64649,46.12576876281271,1.0,560,681,1241,0.0,-0.0008333472224535399,1.0000000000000013,0.0
64650,46.12493541559026,1.0,560,681,1241,0.0,-0.0008333472224535399,1.0000000000000013,0.0
64651,46.124102068367804,1.0,560,681,1241,0.0,-0.0008333472224535399,1.0000000000000013,0.0
64652,46.12326872114535,1.0,560,681,1241,0.0,-0.0008333472224535399,1.0000000000000013,0.0
64653,46.1224353739229,1.0,560,681,1241,0.0,-0.0008333472224535399,1.0000000000000013,0.0
64654,46.121602026700444,1.0,560,681,1241,0.0,-0.0008333472224535399,1.0000000000000013,0.0
64655,46.12076867947799,0.9991941982272361,560,681,1241,-0.0008058017727639033,-0.0008333472224535399,0.999919419822725,-8.058017727639034e-05
64656,46.11993533225554,0.9991941982272361,560,681,1241,0.0,-0.0008333472224535399,0.9998388396454487,-8.058017727639034e-05
64657,46.11910198503308,0.9991941982272361,560,681,1241,0.0,-0.0008333472224535399,0.9997582594681724,-8.058017727639034e-05
64658,46.11826863781063,0.9991941982272361,560,681,1241,0.0,-0.0008333472224535399,0.999677679290896,-8.058017727639034e-05
64659,46.117435290588176,0.9983883964544722,560,681,1241,-0.0008058017727639033,-0.0008333472224535399,0.9995165189363433,-0.00016116035455278067
64660,46.11660194336572,0.9983883964544722,560,681,1241,0.0,-0.0008333472224535399,0.9993553585817907,-0.00016116035455278067
64661,46.11576859614327,0.9975825946817083,560,681,1241,-0.0008058017727639033,-0.0008333472224535399,0.9991136180499615,-0.00024174053182917098
64662,46.114935248920816,0.9991941982272361,560,681,1241,0.0016116035455278066,-0.0008333472224535399,0.999033037872685,-8.058017727639034e-05
64663,46.11410190169836,0.9991941982272361,560,681,1241,0.0,-0.0008333472224535399,0.9989524576954087,-8.058017727639034e-05
64664,46.11326855447591,1.0,560,681,1241,0.0008058017727639033,-0.0008333472224535399,0.9989524576954087,0.0
64665,46.112435207253455,1.0,560,681,1241,0.0,-0.0008333472224535399,0.999033037872685,8.058017727639034e-05
64666,46.111601860031,1.0,560,681,1241,0.0,-0.0008333472224535399,0.9991136180499615,8.058017727639034e-05
64667,46.11076851280855,1.0,560,681,1241,0.0,-0.0008333472224535399,0.9991941982272378,8.058017727639034e-05
64668,46.109935165586094,1.0,560,681,1241,0.0,-0.0008333472224535399,0.9992747784045142,8.058017727639034e-05
64669,46.10910181836364,1.0,560,681,1241,0.0,-0.0008333472224535399,0.999435938759067,0.00016116035455278067
64670,46.10826847114119,1.0,560,681,1241,0.0,-0.0008333472224535399,0.9995970991136197,0.00016116035455278067
64671,46.107435123918734,1.0,560,681,1241,0.0,-0.0008333472224535399,0.999838839645449,0.00024174053182917098
64672,46.10660177669628,1.0,560,681,1241,0.0,-0.0008333472224535399,0.9999194198227253,8.058017727639034e-05
64673,46.10576842947383,1.0,560,681,1241,0.0,-0.0008333472224535399,1.0000000000000016,8.058017727639034e-05
64674,46.10493508225137,1.0,560,681,1241,0.0,-0.0008333472224535399,1.0000000000000016,0.0
64675,46.10410173502892,1.0,560,681,1241,0.0,-0.0008333472224535399,1.0000000000000016,0.0
64676,46.103268387806466,1.0,560,681,1241,0.0,-0.0008333472224535399,1.0000000000000016,0.0
64677,46.10243504058401,1.0,560,681,1241,0.0,-0.0008333472224535399,1.0000000000000016,0.0
64678,46.10160169336156,1.0,560,681,1241,0.0,-0.0008333472224535399,1.0000000000000016,0.0
64679,46.100768346139105,1.0,560,681,1241,0.0,-0.0008333472224535399,1.0000000000000016,0.0
64680,46.09993499891665,1.0,560,681,1241,0.0,-0.0008333472224535399,1.0000000000000016,0.0
64681,46.0991016516942,1.0,560,681,1241,0.0,-0.0008333472224535399,1.0000000000000016,0.0
64682,46.098268304471745,1.0,560,681,1241,0.0,-0.0008333472224535399,1.0000000000000016,0.0
64683,46.097434957249284,1.0,560,681,1241,0.0,-0.0008333472224606453,1.0000000000000016,0.0
64684,46.09660161002683,1.0,560,681,1241,0.0,-0.0008333472224535399,1.0000000000000016,0.0
64685,46.09576826280438,1.0,560,681,1241,0.0,-0.0008333472224535399,1.0000000000000016,0.0
64686,46.09493491558192,1.0,560,681,1241,0.0,-0.0008333472224535399,1.0000000000000016,0.0
64687,46.09410156835947,1.0,560,681,1241,0.0,-0.0008333472224535399,1.0000000000000016,0.0
64688,46.093268221137016,1.0,560,681,1241,0.0,-0.0008333472224535399,1.0000000000000016,0.0
64689,46.09243487391456,1.0,560,681,1241,0.0,-0.0008333472224535399,1.0000000000000016,0.0
64690,46.09160152669211,1.0,560,681,1241,0.0,-0.0008333472224535399,1.0000000000000016,0.0
64691,46.090768179469656,1.0,560,681,1241,0.0,-0.0008333472224535399,1.0000000000000016,0.0
64692,46.0899348322472,1.0,560,681,1241,0.0,-0.0008333472224535399,1.0000000000000016,0.0
64693,46.08910148502475,1.0,560,681,1241,0.0,-0.0008333472224535399,1.0000000000000016,0.0
64694,46.088268137802295,1.0,560,681,1241,0.0,-0.0008333472224535399,1.0000000000000016,0.0
64695,46.08743479057984,1.0,560,681,1241,0.0,-0.0008333472224535399,1.0000000000000016,0.0
64696,46.08660144335739,1.0,560,681,1241,0.0,-0.0008333472224535399,1.0000000000000016,0.0
64697,46.085768096134935,1.0,560,681,1241,0.0,-0.0008333472224535399,1.0000000000000016,0.0
64698,46.08493474891248,1.0,560,681,1241,0.0,-0.0008333472224535399,1.0000000000000016,0.0
64699,46.08410140169003,1.0,560,681,1241,0.0,-0.0008333472224535399,1.0000000000000016,0.0
64700,46.083268054467574,1.0,560,681,1241,0.0,-0.0008333472224535399,1.0000000000000016,0.0
64701,46.08243470724512,1.0,560,681,1241,0.0,-0.0008333472224535399,1.0000000000000016,0.0
64702,46.08160136002267,1.0,560,681,1241,0.0,-0.0008333472224535399,1.0000000000000016,0.0
64703,46.08076801280021,1.0,560,681,1241,0.0,-0.0008333472224535399,1.0000000000000016,0.0
64704,46.07993466557776,1.0,560,681,1241,0.0,-0.0008333472224535399,1.0000000000000016,0.0
64705,46.079101318355306,1.0,560,681,1241,0.0,-0.0008333472224535399,1.0000000000000016,0.0
64706,46.07826797113285,1.0,560,681,1241,0.0,-0.0008333472224535399,1.0000000000000016,0.0
64707,46.0774346239104,1.0,560,681,1241,0.0,-0.0008333472224535399,1.0000000000000016,0.0
64708,46.076601276687946,1.0,560,681,1241,0.0,-0.0008333472224535399,1.0000000000000016,0.0
64709,46.07576792946549,1.0,560,681,1241,0.0,-0.0008333472224535399,1.0000000000000016,0.0
64710,46.07493458224304,1.0,560,681,1241,0.0,-0.0008333472224535399,1.0000000000000016,0.0
64711,46.074101235020585,0.9991941982272361,560,681,1241,-0.0008058017727639033,-0.0008333472224535399,0.9999194198227253,-8.058017727639034e-05
64712,46.07326788779813,0.9991941982272361,560,681,1241,0.0,-0.0008333472224535399,0.999838839645449,-8.058017727639034e-05
64713,46.07243454057568,0.9991941982272361,560,681,1241,0.0,-0.0008333472224535399,0.9997582594681725,-8.058017727639034e-05
64714,46.071601193353224,0.9991941982272361,560,681,1241,0.0,-0.0008333472224535399,0.9996776792908962,-8.058017727639034e-05
64715,46.07076784613077,0.9991941982272361,560,681,1241,0.0,-0.0008333472224535399,0.9995970991136198,-8.058017727639034e-05
64716,46.06993449890832,0.9991941982272361,560,681,1241,0.0,-0.0008333472224535399,0.9995165189363435,-8.058017727639034e-05
64717,46.069101151685864,0.9991941982272361,560,681,1241,0.0,-0.0008333472224535399,0.9994359387590672,-8.058017727639034e-05
64718,46.06826780446341,0.9991941982272361,560,681,1241,0.0,-0.0008333472224535399,0.9993553585817908,-8.058017727639034e-05
64719,46.06743445724096,0.9991941982272361,560,681,1241,0.0,-0.0008333472224535399,0.9992747784045145,-8.058017727639034e-05
64720,46.0666011100185,1.0,560,681,1241,0.0008058017727639033,-0.0008333472224535399,0.9992747784045145,0.0
64721,46.06576776279605,1.0,560,681,1241,0.0,-0.0008333472224535399,0.9993553585817908,8.058017727639034e-05
64722,46.064934415573596,1.0,560,681,1241,0.0,-0.0008333472224535399,0.9994359387590672,8.058017727639034e-05
64723,46.064101068351135,0.9991941982272361,560,681,1241,-0.0008058017727639033,-0.0008333472224606453,0.9994359387590672,0.0
64724,46.06326772112868,0.9991941982272361,560,681,1241,0.0,-0.0008333472224535399,0.9994359387590672,0.0
64725,46.06243437390623,0.9991941982272361,560,681,1241,0.0,-0.0008333472224535399,0.9994359387590672,0.0
64726,46.061601026683775,0.9991941982272361,560,681,1241,0.0,-0.0008333472224535399,0.9994359387590672,0.0
64727,46.06076767946132,1.0,560,681,1241,0.0008058017727639033,-0.0008333472224535399,0.9995165189363435,8.058017727639034e-05
64728,46.05993433223887,1.0,560,681,1241,0.0,-0.0008333472224535399,0.9995970991136198,8.058017727639034e-05
64729,46.059100985016414,1.0,560,681,1241,0.0,-0.0008333472224535399,0.9996776792908962,8.058017727639034e-05
64730,46.05826763779396,1.0,560,681,1241,0.0,-0.0008333472224535399,0.9996776792908962,0.0
64731,46.05743429057151,1.0,560,681,1241,0.0,-0.0008333472224535399,0.9996776792908962,0.0
64732,46.05660094334905,1.0,560,681,1241,0.0,-0.0008333472224535399,0.9996776792908962,0.0
64733,46.0557675961266,1.0,560,681,1241,0.0,-0.0008333472224535399,0.9997582594681725,8.058017727639034e-05
64734,46.054934248904146,1.0,560,681,1241,0.0,-0.0008333472224535399,0.999838839645449,8.058017727639034e-05
64735,46.05410090168169,1.0,560,681,1241,0.0,-0.0008333472224535399,0.9999194198227253,8.058017727639034e-05
64736,46.05326755445924,1.0,560,681,1241,0.0,-0.0008333472224535399,1.0000000000000016,8.058017727639034e-05
64737,46.052434207236786,1.0,560,681,1241,0.0,-0.0008333472224535399,1.0000000000000016,0.0
64738,46.05160086001433,1.0,560,681,1241,0.0,-0.0008333472224535399,1.0000000000000016,0.0
64739,46.05076751279188,0.9991941982272361,560,681,1241,-0.0008058017727639033,-0.0008333472224535399,0.9999194198227253,-8.058017727639034e-05
64740,46.049934165569425,1.0,560,681,1241,0.0008058017727639033,-0.0008333472224535399,0.9999194198227253,0.0
64741,46.04910081834697,1.0,560,681,1241,0.0,-0.0008333472224535399,0.9999194198227253,0.0
64742,46.04826747112452,1.0,560,681,1241,0.0,-0.0008333472224535399,0.9999194198227253,0.0
64743,46.047434123902065,1.0,560,681,1241,0.0,-0.0008333472224535399,0.9999194198227253,0.0
64744,46.04660077667961,1.0,560,681,1241,0.0,-0.0008333472224535399,0.9999194198227253,0.0
64745,46.04576742945716,1.0,560,681,1241,0.0,-0.0008333472224535399,0.9999194198227253,0.0
64746,46.044934082234704,1.0,560,681,1241,0.0,-0.0008333472224535399,0.9999194198227253,0.0
64747,46.04410073501225,1.0,560,681,1241,0.0,-0.0008333472224535399,0.9999194198227253,0.0
64748,46.0432673877898,1.0,560,681,1241,0.0,-0.0008333472224535399,0.9999194198227253,0.0
64749,46.04243404056734,1.0,560,681,1241,0.0,-0.0008333472224535399,1.0000000000000016,8.058017727639034e-05
64750,46.04160069334489,1.0,560,681,1241,0.0,-0.0008333472224535399,1.0000000000000016,0.0
64751,46.040767346122436,1.0,560,681,1241,0.0,-0.0008333472224535399,1.0000000000000016,0.0
64752,46.03993399889998,1.0,560,681,1241,0.0,-0.0008333472224535399,1.0000000000000016,0.0
64753,46.03910065167753,1.0,560,681,1241,0.0,-0.0008333472224535399,1.0000000000000016,0.0
64754,46.038267304455076,1.0,560,681,1241,0.0,-0.0008333472224535399,1.0000000000000016,0.0
64755,46.03743395723262,1.0,560,681,1241,0.0,-0.0008333472224535399,1.0000000000000016,0.0
64756,46.03660061001017,1.0,560,681,1241,0.0,-0.0008333472224535399,1.0000000000000016,0.0
64757,46.035767262787715,1.0,560,681,1241,0.0,-0.0008333472224535399,1.0000000000000016,0.0
64758,46.03493391556526,1.0,560,681,1241,0.0,-0.0008333472224535399,1.0000000000000016,0.0
64759,46.03410056834281,1.0,560,681,1241,0.0,-0.0008333472224535399,1.0000000000000016,0.0
64760,46.033267221120354,1.0,560,681,1241,0.0,-0.0008333472224535399,1.0000000000000016,0.0
64761,46.0324338738979,1.0,560,681,1241,0.0,-0.0008333472224535399,1.0000000000000016,0.0
64762,46.03160052667545,1.0,560,681,1241,0.0,-0.0008333472224535399,1.0000000000000016,0.0
64763,46.030767179452994,1.0,560,681,1241,0.0,-0.0008333472224535399,1.0000000000000016,0.0
64764,46.02993383223054,1.0,560,681,1241,0.0,-0.0008333472224535399,1.0000000000000016,0.0
64765,46.02910048500809,1.0,560,681,1241,0.0,-0.0008333472224535399,1.0000000000000016,0.0
64766,46.02826713778563,1.0,560,681,1241,0.0,-0.0008333472224535399,1.0000000000000016,0.0
64767,46.02743379056318,1.0,560,681,1241,0.0,-0.0008333472224535399,1.0000000000000016,0.0
64768,46.02660044334072,1.0,560,681,1241,0.0,-0.0008333472224606453,1.0000000000000016,0.0
64769,46.025767096118265,1.0,560,681,1241,0.0,-0.0008333472224535399,1.0000000000000016,0.0
64770,46.02493374889581,1.0,560,681,1241,0.0,-0.0008333472224535399,1.0000000000000016,0.0
64771,46.02410040167336,1.0,560,681,1241,0.0,-0.0008333472224535399,1.0000000000000016,0.0
64772,46.023267054450905,1.0,560,681,1241,0.0,-0.0008333472224535399,1.0000000000000016,0.0
64773,46.02243370722845,1.0,560,681,1241,0.0,-0.0008333472224535399,1.0000000000000016,0.0
64774,46.021600360006,1.0,560,681,1241,0.0,-0.0008333472224535399,1.0000000000000016,0.0
64775,46.020767012783544,1.0,560,681,1241,0.0,-0.0008333472224535399,1.0000000000000016,0.0
64776,46.01993366556109,1.0,560,681,1241,0.0,-0.0008333472224535399,1.0000000000000016,0.0
64777,46.01910031833864,1.0,560,681,1241,0.0,-0.0008333472224535399,1.0000000000000016,0.0
64778,46.018266971116184,1.0,560,681,1241,0.0,-0.0008333472224535399,1.0000000000000016,0.0
64779,46.01743362389373,1.0,560,681,1241,0.0,-0.0008333472224535399,1.0000000000000016,0.0
64780,46.01660027667128,0.9991941982272361,560,681,1241,-0.0008058017727639033,-0.0008333472224535399,0.9999194198227253,-8.058017727639034e-05
64781,46.01576692944882,0.9983883964544722,560,681,1241,-0.0008058017727639033,-0.0008333472224535399,0.9997582594681724,-0.00016116035455278067
64782,46.01493358222637,0.9991941982272361,560,681,1241,0.0008058017727639033,-0.0008333472224535399,0.999677679290896,-8.058017727639034e-05
64783,46.014100235003916,0.9991941982272361,560,681,1241,0.0,-0.0008333472224535399,0.9995970991136197,-8.058017727639034e-05
64784,46.01326688778146,1.0,560,681,1241,0.0008058017727639033,-0.0008333472224535399,0.9995970991136197,0.0
64785,46.01243354055901,1.0,560,681,1241,0.0,-0.0008333472224535399,0.9995970991136197,0.0
64786,46.011600193336555,1.0,560,681,1241,0.0,-0.0008333472224535399,0.9995970991136197,0.0
64787,46.0107668461141,1.0,560,681,1241,0.0,-0.0008333472224535399,0.9995970991136197,0.0
64788,46.00993349889165,1.0,560,681,1241,0.0,-0.0008333472224535399,0.9995970991136197,0.0
64789,46.009100151669195,1.0,560,681,1241,0.0,-0.0008333472224535399,0.9995970991136197,0.0
64790,46.00826680444674,1.0,560,681,1241,0.0,-0.0008333472224535399,0.999677679290896,8.058017727639034e-05
64791,46.00743345722429,1.0,560,681,1241,0.0,-0.0008333472224535399,0.9998388396454487,0.00016116035455278067
64792,46.006600110001834,1.0,560,681,1241,0.0,-0.0008333472224535399,0.999919419822725,8.058017727639034e-05
64793,46.00576676277938,1.0,560,681,1241,0.0,-0.0008333472224535399,1.0000000000000013,8.058017727639034e-05
64794,46.00493341555693,1.0,560,681,1241,0.0,-0.0008333472224535399,1.0000000000000013,0.0
64795,46.00410006833447,1.0,560,681,1241,0.0,-0.0008333472224535399,1.0000000000000013,0.0
64796,46.00326672111202,1.0,560,681,1241,0.0,-0.0008333472224535399,1.0000000000000013,0.0
64797,46.002433373889566,1.0,560,681,1241,0.0,-0.0008333472224535399,1.0000000000000013,0.0
64798,46.00160002666711,1.0,560,681,1241,0.0,-0.0008333472224535399,1.0000000000000013,0.0
64799,46.00076667944466,1.0,560,681,1241,0.0,-0.0008333472224535399,1.0000000000000013,0.0
64800,45.999933332222206,1.0,560,681,1241,0.0,-0.0008333472224535399,1.0000000000000013,0.0
64801,45.99909998499975,1.0,560,681,1241,0.0,-0.0008333472224535399,1.0000000000000013,0.0
64802,45.9982666377773,1.0,560,681,1241,0.0,-0.0008333472224535399,1.0000000000000013,0.0
64803,45.997433290554845,1.0,560,681,1241,0.0,-0.0008333472224535399,1.0000000000000013,0.0
64804,45.99659994333239,0.9991941982272361,560,681,1241,-0.0008058017727639033,-0.0008333472224535399,0.999919419822725,-8.058017727639034e-05
64805,45.99576659610994,0.9991941982272361,560,681,1241,0.0,-0.0008333472224535399,0.9998388396454487,-8.058017727639034e-05
64806,45.99493324888748,0.9983883964544722,560,681,1241,-0.0008058017727639033,-0.0008333472224606453,0.999677679290896,-0.00016116035455278067
64807,45.994099901665024,0.9983883964544722,560,681,1241,0.0,-0.0008333472224535399,0.9995165189363433,-0.00016116035455278067
64808,45.99326655444257,0.9983883964544722,560,681,1241,0.0,-0.0008333472224535399,0.9993553585817907,-0.00016116035455278067
64809,45.99243320722012,0.9983883964544722,560,681,1241,0.0,-0.0008333472224535399,0.999194198227238,-0.00016116035455278067
64810,45.99159985999766,0.9991941982272361,560,681,1241,0.0008058017727639033,-0.0008333472224535399,0.9991136180499616,-8.058017727639034e-05
64811,45.99076651277521,0.9991941982272361,560,681,1241,0.0,-0.0008333472224535399,0.9990330378726853,-8.058017727639034e-05
64812,45.989933165552756,0.9991941982272361,560,681,1241,0.0,-0.0008333472224535399,0.998952457695409,-8.058017727639034e-05
64813,45.9890998183303,0.9991941982272361,560,681,1241,0.0,-0.0008333472224535399,0.9988718775181326,-8.058017727639034e-05
64814,45.98826647110785,1.0,560,681,1241,0.0008058017727639033,-0.0008333472224535399,0.998952457695409,8.058017727639034e-05
64815,45.987433123885396,1.0,560,681,1241,0.0,-0.0008333472224535399,0.9990330378726853,8.058017727639034e-05
64816,45.98659977666294,1.0,560,681,1241,0.0,-0.0008333472224535399,0.999194198227238,0.00016116035455278067
64817,45.98576642944049,1.0,560,681,1241,0.0,-0.0008333472224535399,0.9993553585817907,0.00016116035455278067
64818,45.984933082218035,1.0,560,681,1241,0.0,-0.0008333472224535399,0.9995165189363433,0.00016116035455278067
64819,45.98409973499558,1.0,560,681,1241,0.0,-0.0008333472224535399,0.999677679290896,0.00016116035455278067
64820,45.98326638777313,1.0,560,681,1241,0.0,-0.0008333472224535399,0.9997582594681724,8.058017727639034e-05
64821,45.982433040550674,1.0,560,681,1241,0.0,-0.0008333472224535399,0.9998388396454487,8.058017727639034e-05
64822,45.98159969332822,1.0,560,681,1241,0.0,-0.0008333472224535399,0.999919419822725,8.058017727639034e-05
64823,45.98076634610577,1.0,560,681,1241,0.0,-0.0008333472224535399,1.0000000000000013,8.058017727639034e-05
64824,45.979932998883314,1.0,560,681,1241,0.0,-0.0008333472224535399,1.0000000000000013,0.0
64825,45.97909965166086,1.0,560,681,1241,0.0,-0.0008333472224535399,1.0000000000000013,0.0
64826,45.97826630443841,1.0,560,681,1241,0.0,-0.0008333472224535399,1.0000000000000013,0.0
64827,45.97743295721595,1.0,560,681,1241,0.0,-0.0008333472224535399,1.0000000000000013,0.0
64828,45.9765996099935,0.9991941982272361,560,681,1241,-0.0008058017727639033,-0.0008333472224535399,0.999919419822725,-8.058017727639034e-05
64829,45.975766262771046,1.0,560,681,1241,0.0008058017727639033,-0.0008333472224535399,0.999919419822725,0.0
64830,45.97493291554859,1.0,560,681,1241,0.0,-0.0008333472224535399,0.999919419822725,0.0
64831,45.97409956832614,1.0,560,681,1241,0.0,-0.0008333472224535399,0.999919419822725,0.0
64832,45.973266221103685,1.0,560,681,1241,0.0,-0.0008333472224535399,0.999919419822725,0.0
64833,45.97243287388123,1.0,560,681,1241,0.0,-0.0008333472224535399,0.999919419822725,0.0
64834,45.97159952665878,1.0,560,681,1241,0.0,-0.0008333472224535399,0.999919419822725,0.0
64835,45.970766179436325,1.0,560,681,1241,0.0,-0.0008333472224535399,0.999919419822725,0.0
64836,45.96993283221387,1.0,560,681,1241,0.0,-0.0008333472224535399,0.999919419822725,0.0
64837,45.96909948499142,1.0,560,681,1241,0.0,-0.0008333472224535399,0.999919419822725,0.0
64838,45.968266137768964,1.0,560,681,1241,0.0,-0.0008333472224535399,1.0000000000000013,8.058017727639034e-05
64839,45.96743279054651,1.0,560,681,1241,0.0,-0.0008333472224535399,1.0000000000000013,0.0
64840,45.96659944332406,1.0,560,681,1241,0.0,-0.0008333472224535399,1.0000000000000013,0.0
64841,45.9657660961016,1.0,560,681,1241,0.0,-0.0008333472224535399,1.0000000000000013,0.0
64842,45.96493274887915,1.0,560,681,1241,0.0,-0.0008333472224535399,1.0000000000000013,0.0
64843,45.964099401656696,1.0,560,681,1241,0.0,-0.0008333472224535399,1.0000000000000013,0.0
64844,45.96326605443424,1.0,560,681,1241,0.0,-0.0008333472224535399,1.0000000000000013,0.0
64845,45.96243270721179,1.0,560,681,1241,0.0,-0.0008333472224535399,1.0000000000000013,0.0
64846,45.961599359989336,1.0,560,681,1241,0.0,-0.0008333472224535399,1.0000000000000013,0.0
64847,45.96076601276688,1.0,560,681,1241,0.0,-0.0008333472224535399,1.0000000000000013,0.0
64848,45.95993266554443,1.0,560,681,1241,0.0,-0.0008333472224535399,1.0000000000000013,0.0
64849,45.959099318321975,1.0,560,681,1241,0.0,-0.0008333472224535399,1.0000000000000013,0.0
64850,45.95826597109952,1.0,560,681,1241,0.0,-0.0008333472224535399,1.0000000000000013,0.0
64851,45.95743262387707,1.0,560,681,1241,0.0,-0.0008333472224535399,1.0000000000000013,0.0
64852,45.956599276654615,1.0,560,681,1241,0.0,-0.0008333472224535399,1.0000000000000013,0.0
64853,45.95576592943216,1.0,560,681,1241,0.0,-0.0008333472224535399,1.0000000000000013,0.0
64854,45.9549325822097,1.0,560,681,1241,0.0,-0.0008333472224606453,1.0000000000000013,0.0
64855,45.95409923498725,1.0,560,681,1241,0.0,-0.0008333472224535399,1.0000000000000013,0.0
64856,45.95326588776479,1.0,560,681,1241,0.0,-0.0008333472224535399,1.0000000000000013,0.0
64857,45.95243254054234,1.0,560,681,1241,0.0,-0.0008333472224535399,1.0000000000000013,0.0
64858,45.951599193319886,1.0,560,681,1241,0.0,-0.0008333472224535399,1.0000000000000013,0.0
64859,45.95076584609743,1.0,560,681,1241,0.0,-0.0008333472224535399,1.0000000000000013,0.0
64860,45.94993249887498,1.0,560,681,1241,0.0,-0.0008333472224535399,1.0000000000000013,0.0
64861,45.949099151652526,1.0,560,681,1241,0.0,-0.0008333472224535399,1.0000000000000013,0.0
64862,45.94826580443007,1.0,560,681,1241,0.0,-0.0008333472224535399,1.0000000000000013,0.0
64863,45.94743245720762,1.0,560,681,1241,0.0,-0.0008333472224535399,1.0000000000000013,0.0
64864,45.946599109985165,1.0,560,681,1241,0.0,-0.0008333472224535399,1.0000000000000013,0.0
64865,45.94576576276271,0.9991941982272361,560,681,1241,-0.0008058017727639033,-0.0008333472224535399,0.999919419822725,-8.058017727639034e-05
64866,45.94493241554026,1.0,560,681,1241,0.0008058017727639033,-0.0008333472224535399,0.999919419822725,0.0
64867,45.944099068317804,1.0,560,681,1241,0.0,-0.0008333472224535399,0.999919419822725,0.0
64868,45.94326572109535,1.0,560,681,1241,0.0,-0.0008333472224535399,0.999919419822725,0.0
64869,45.9424323738729,0.9991941982272361,560,681,1241,-0.0008058017727639033,-0.0008333472224535399,0.9998388396454487,-8.058017727639034e-05
64870,45.941599026650444,0.9991941982272361,560,681,1241,0.0,-0.0008333472224535399,0.9997582594681724,-8.058017727639034e-05
64871,45.94076567942799,1.0,560,681,1241,0.0008058017727639033,-0.0008333472224535399,0.9997582594681724,0.0
64872,45.93993233220554,1.0,560,681,1241,0.0,-0.0008333472224535399,0.9997582594681724,0.0
64873,45.93909898498308,1.0,560,681,1241,0.0,-0.0008333472224535399,0.9997582594681724,0.0
64874,45.93826563776063,1.0,560,681,1241,0.0,-0.0008333472224535399,0.9997582594681724,0.0
64875,45.937432290538176,1.0,560,681,1241,0.0,-0.0008333472224535399,0.9998388396454487,8.058017727639034e-05
64876,45.93659894331572,1.0,560,681,1241,0.0,-0.0008333472224535399,0.9998388396454487,0.0
64877,45.93576559609327,1.0,560,681,1241,0.0,-0.0008333472224535399,0.9998388396454487,0.0
64878,45.934932248870815,1.0,560,681,1241,0.0,-0.0008333472224535399,0.9998388396454487,0.0
64879,45.93409890164836,1.0,560,681,1241,0.0,-0.0008333472224535399,0.999919419822725,8.058017727639034e-05
64880,45.93326555442591,1.0,560,681,1241,0.0,-0.0008333472224535399,1.0000000000000013,8.058017727639034e-05
64881,45.932432207203455,1.0,560,681,1241,0.0,-0.0008333472224535399,1.0000000000000013,0.0
64882,45.931598859981,1.0,560,681,1241,0.0,-0.0008333472224535399,1.0000000000000013,0.0
64883,45.93076551275855,1.0,560,681,1241,0.0,-0.0008333472224535399,1.0000000000000013,0.0
64884,45.929932165536094,1.0,560,681,1241,0.0,-0.0008333472224535399,1.0000000000000013,0.0
64885,45.92909881831364,1.0,560,681,1241,0.0,-0.0008333472224535399,1.0000000000000013,0.0
64886,45.92826547109119,1.0,560,681,1241,0.0,-0.0008333472224535399,1.0000000000000013,0.0
64887,45.92743212386873,1.0,560,681,1241,0.0,-0.0008333472224535399,1.0000000000000013,0.0
64888,45.92659877664628,1.0,560,681,1241,0.0,-0.0008333472224535399,1.0000000000000013,0.0
64889,45.925765429423826,1.0,560,681,1241,0.0,-0.0008333472224535399,1.0000000000000013,0.0
64890,45.92493208220137,1.0,560,681,1241,0.0,-0.0008333472224535399,1.0000000000000013,0.0
64891,45.92409873497891,1.0,560,681,1241,0.0,-0.0008333472224606453,1.0000000000000013,0.0
64892,45.92326538775646,1.0,560,681,1241,0.0,-0.0008333472224535399,1.0000000000000013,0.0
64893,45.922432040534005,1.0,560,681,1241,0.0,-0.0008333472224535399,1.0000000000000013,0.0
64894,45.92159869331155,1.0,560,681,1241,0.0,-0.0008333472224535399,1.0000000000000013,0.0
64895,45.9207653460891,1.0,560,681,1241,0.0,-0.0008333472224535399,1.0000000000000013,0.0
64896,45.919931998866645,1.0,560,681,1241,0.0,-0.0008333472224535399,1.0000000000000013,0.0
64897,45.91909865164419,1.0,560,681,1241,0.0,-0.0008333472224535399,1.0000000000000013,0.0
64898,45.91826530442174,1.0,560,681,1241,0.0,-0.0008333472224535399,1.0000000000000013,0.0
64899,45.917431957199284,1.0,560,681,1241,0.0,-0.0008333472224535399,1.0000000000000013,0.0
64900,45.91659860997683,1.0,560,681,1241,0.0,-0.0008333472224535399,1.0000000000000013,0.0
64901,45.91576526275438,1.0,560,681,1241,0.0,-0.0008333472224535399,1.0000000000000013,0.0
64902,45.91493191553192,1.0,560,681,1241,0.0,-0.0008333472224535399,1.0000000000000013,0.0
64903,45.91409856830947,1.0,560,681,1241,0.0,-0.0008333472224535399,1.0000000000000013,0.0
64904,45.913265221087016,1.0,560,681,1241,0.0,-0.0008333472224535399,1.0000000000000013,0.0
64905,45.91243187386456,1.0,560,681,1241,0.0,-0.0008333472224535399,1.0000000000000013,0.0
64906,45.91159852664211,1.0,560,681,1241,0.0,-0.0008333472224535399,1.0000000000000013,0.0
64907,45.910765179419656,1.0,560,681,1241,0.0,-0.0008333472224535399,1.0000000000000013,0.0
64908,45.9099318321972,1.0,560,681,1241,0.0,-0.0008333472224535399,1.0000000000000013,0.0
64909,45.90909848497475,0.9991941982272361,560,681,1241,-0.0008058017727639033,-0.0008333472224535399,0.999919419822725,-8.058017727639034e-05
64910,45.908265137752295,0.9991941982272361,560,681,1241,0.0,-0.0008333472224535399,0.9998388396454487,-8.058017727639034e-05
64911,45.90743179052984,1.0,560,681,1241,0.0008058017727639033,-0.0008333472224535399,0.9998388396454487,0.0
64912,45.90659844330739,1.0,560,681,1241,0.0,-0.0008333472224535399,0.9998388396454487,0.0
64913,45.905765096084934,0.9991941982272361,560,681,1241,-0.0008058017727639033,-0.0008333472224535399,0.9997582594681724,-8.058017727639034e-05
64914,45.90493174886248,0.9991941982272361,560,681,1241,0.0,-0.0008333472224535399,0.999677679290896,-8.058017727639034e-05
64915,45.90409840164003,1.0,560,681,1241,0.0008058017727639033,-0.0008333472224535399,0.999677679290896,0.0
64916,45.903265054417574,1.0,560,681,1241,0.0,-0.0008333472224535399,0.999677679290896,0.0
64917,45.90243170719512,1.0,560,681,1241,0.0,-0.0008333472224535399,0.999677679290896,0.0
64918,45.90159835997267,1.0,560,681,1241,0.0,-0.0008333472224535399,0.999677679290896,0.0
64919,45.90076501275021,1.0,560,681,1241,0.0,-0.0008333472224535399,0.9997582594681724,8.058017727639034e-05
64920,45.89993166552776,1.0,560,681,1241,0.0,-0.0008333472224535399,0.9998388396454487,8.058017727639034e-05
64921,45.899098318305306,1.0,560,681,1241,0.0,-0.0008333472224535399,0.9998388396454487,0.0
64922,45.89826497108285,1.0,560,681,1241,0.0,-0.0008333472224535399,0.9998388396454487,0.0
64923,45.8974316238604,1.0,560,681,1241,0.0,-0.0008333472224535399,0.999919419822725,8.058017727639034e-05
64924,45.896598276637945,1.0,560,681,1241,0.0,-0.0008333472224535399,1.0000000000000013,8.058017727639034e-05
64925,45.89576492941549,1.0,560,681,1241,0.0,-0.0008333472224535399,1.0000000000000013,0.0
64926,45.89493158219304,1.0,560,681,1241,0.0,-0.0008333472224535399,1.0000000000000013,0.0
64927,45.894098234970585,1.0,560,681,1241,0.0,-0.0008333472224535399,1.0000000000000013,0.0
64928,45.89326488774813,1.0,560,681,1241,0.0,-0.0008333472224535399,1.0000000000000013,0.0
64929,45.89243154052568,1.0,560,681,1241,0.0,-0.0008333472224535399,1.0000000000000013,0.0
64930,45.891598193303224,1.0,560,681,1241,0.0,-0.0008333472224535399,1.0000000000000013,0.0
64931,45.89076484608077,1.0,560,681,1241,0.0,-0.0008333472224535399,1.0000000000000013,0.0
64932,45.88993149885832,0.9991941982272361,560,681,1241,-0.0008058017727639033,-0.0008333472224535399,0.999919419822725,-8.058017727639034e-05
64933,45.889098151635864,0.9991941982272361,560,681,1241,0.0,-0.0008333472224535399,0.9998388396454487,-8.058017727639034e-05
64934,45.88826480441341,1.0,560,681,1241,0.0008058017727639033,-0.0008333472224535399,0.9998388396454487,0.0
64935,45.88743145719096,1.0,560,681,1241,0.0,-0.0008333472224535399,0.9998388396454487,0.0
64936,45.8865981099685,1.0,560,681,1241,0.0,-0.0008333472224535399,0.9998388396454487,0.0
64937,45.88576476274605,1.0,560,681,1241,0.0,-0.0008333472224535399,0.9998388396454487,0.0
64938,45.88493141552359,1.0,560,681,1241,0.0,-0.0008333472224606453,0.9998388396454487,0.0
64939,45.884098068301135,0.9991941982272361,560,681,1241,-0.0008058017727639033,-0.0008333472224535399,0.9997582594681724,-8.058017727639034e-05
64940,45.88326472107868,0.9991941982272361,560,681,1241,0.0,-0.0008333472224535399,0.999677679290896,-8.058017727639034e-05
64941,45.88243137385623,0.9991941982272361,560,681,1241,0.0,-0.0008333472224535399,0.9995970991136197,-8.058017727639034e-05
64942,45.881598026633775,0.9991941982272361,560,681,1241,0.0,-0.0008333472224535399,0.9995970991136197,0.0
64943,45.88076467941132,0.9991941982272361,560,681,1241,0.0,-0.0008333472224535399,0.9995970991136197,0.0
64944,45.87993133218887,0.9991941982272361,560,681,1241,0.0,-0.0008333472224535399,0.9995165189363433,-8.058017727639034e-05
64945,45.879097984966414,0.9991941982272361,560,681,1241,0.0,-0.0008333472224535399,0.999435938759067,-8.058017727639034e-05
64946,45.87826463774396,0.9991941982272361,560,681,1241,0.0,-0.0008333472224535399,0.9993553585817907,-8.058017727639034e-05
64947,45.87743129052151,0.9991941982272361,560,681,1241,0.0,-0.0008333472224535399,0.9992747784045143,-8.058017727639034e-05
64948,45.87659794329905,0.9991941982272361,560,681,1241,0.0,-0.0008333472224535399,0.999194198227238,-8.058017727639034e-05
64949,45.8757645960766,0.9991941982272361,560,681,1241,0.0,-0.0008333472224535399,0.999194198227238,0.0
64950,45.874931248854146,0.9991941982272361,560,681,1241,0.0,-0.0008333472224535399,0.999194198227238,0.0
64951,45.87409790163169,0.9991941982272361,560,681,1241,0.0,-0.0008333472224535399,0.999194198227238,0.0
64952,45.87326455440924,0.9991941982272361,560,681,1241,0.0,-0.0008333472224535399,0.999194198227238,0.0
64953,45.872431207186786,0.9991941982272361,560,681,1241,0.0,-0.0008333472224535399,0.999194198227238,0.0
64954,45.87159785996433,1.0,560,681,1241,0.0008058017727639033,-0.0008333472224535399,0.9992747784045143,8.058017727639034e-05
64955,45.87076451274188,1.0,560,681,1241,0.0,-0.0008333472224535399,0.9993553585817907,8.058017727639034e-05
64956,45.869931165519425,1.0,560,681,1241,0.0,-0.0008333472224535399,0.999435938759067,8.058017727639034e-05
64957,45.86909781829697,1.0,560,681,1241,0.0,-0.0008333472224535399,0.9995165189363433,8.058017727639034e-05
64958,45.86826447107452,1.0,560,681,1241,0.0,-0.0008333472224535399,0.9995970991136197,8.058017727639034e-05
64959,45.867431123852064,1.0,560,681,1241,0.0,-0.0008333472224535399,0.999677679290896,8.058017727639034e-05
64960,45.86659777662961,1.0,560,681,1241,0.0,-0.0008333472224535399,0.9997582594681724,8.058017727639034e-05
64961,45.86576442940716,1.0,560,681,1241,0.0,-0.0008333472224535399,0.9998388396454487,8.058017727639034e-05
64962,45.864931082184704,1.0,560,681,1241,0.0,-0.0008333472224535399,0.999919419822725,8.058017727639034e-05
64963,45.86409773496225,1.0,560,681,1241,0.0,-0.0008333472224535399,1.0000000000000013,8.058017727639034e-05
64964,45.8632643877398,1.0,560,681,1241,0.0,-0.0008333472224535399,1.0000000000000013,0.0
64965,45.86243104051734,1.0,560,681,1241,0.0,-0.0008333472224535399,1.0000000000000013,0.0
64966,45.86159769329489,1.0,560,681,1241,0.0,-0.0008333472224535399,1.0000000000000013,0.0
64967,45.860764346072436,1.0,560,681,1241,0.0,-0.0008333472224535399,1.0000000000000013,0.0
64968,45.85993099884998,1.0,560,681,1241,0.0,-0.0008333472224535399,1.0000000000000013,0.0
64969,45.85909765162753,1.0,560,681,1241,0.0,-0.0008333472224535399,1.0000000000000013,0.0
64970,45.858264304405076,1.0,560,681,1241,0.0,-0.0008333472224535399,1.0000000000000013,0.0
64971,45.85743095718262,1.0,560,681,1241,0.0,-0.0008333472224535399,1.0000000000000013,0.0
64972,45.85659760996017,1.0,560,681,1241,0.0,-0.0008333472224535399,1.0000000000000013,0.0
64973,45.855764262737715,1.0,560,681,1241,0.0,-0.0008333472224535399,1.0000000000000013,0.0
64974,45.85493091551526,1.0,560,681,1241,0.0,-0.0008333472224535399,1.0000000000000013,0.0
64975,45.85409756829281,1.0,560,681,1241,0.0,-0.0008333472224535399,1.0000000000000013,0.0
64976,45.85326422107035,1.0,560,681,1241,0.0,-0.0008333472224606453,1.0000000000000013,0.0
64977,45.852430873847894,1.0,560,681,1241,0.0,-0.0008333472224535399,1.0000000000000013,0.0
64978,45.85159752662544,0.9991941982272361,560,681,1241,-0.0008058017727639033,-0.0008333472224535399,0.999919419822725,-8.058017727639034e-05
64979,45.85076417940299,1.0,560,681,1241,0.0008058017727639033,-0.0008333472224535399,0.999919419822725,0.0
64980,45.84993083218053,1.0,560,681,1241,0.0,-0.0008333472224535399,0.999919419822725,0.0
64981,45.84909748495808,1.0,560,681,1241,0.0,-0.0008333472224535399,0.999919419822725,0.0
64982,45.848264137735626,1.0,560,681,1241,0.0,-0.0008333472224535399,0.999919419822725,0.0
64983,45.84743079051317,1.0,560,681,1241,0.0,-0.0008333472224535399,0.999919419822725,0.0
64984,45.84659744329072,1.0,560,681,1241,0.0,-0.0008333472224535399,0.999919419822725,0.0
64985,45.845764096068265,1.0,560,681,1241,0.0,-0.0008333472224535399,0.999919419822725,0.0
64986,45.84493074884581,0.9991941982272361,560,681,1241,-0.0008058017727639033,-0.0008333472224535399,0.9998388396454487,-8.058017727639034e-05
64987,45.84409740162336,1.0,560,681,1241,0.0008058017727639033,-0.0008333472224535399,0.9998388396454487,0.0
64988,45.843264054400905,1.0,560,681,1241,0.0,-0.0008333472224535399,0.999919419822725,8.058017727639034e-05
64989,45.84243070717845,1.0,560,681,1241,0.0,-0.0008333472224535399,0.999919419822725,0.0
64990,45.841597359956,1.0,560,681,1241,0.0,-0.0008333472224535399,0.999919419822725,0.0
64991,45.840764012733544,1.0,560,681,1241,0.0,-0.0008333472224535399,0.999919419822725,0.0
64992,45.83993066551109,1.0,560,681,1241,0.0,-0.0008333472224535399,0.999919419822725,0.0
64993,45.83909731828864,1.0,560,681,1241,0.0,-0.0008333472224535399,0.999919419822725,0.0
64994,45.83826397106618,1.0,560,681,1241,0.0,-0.0008333472224535399,0.999919419822725,0.0
64995,45.83743062384373,1.0,560,681,1241,0.0,-0.0008333472224535399,0.999919419822725,0.0
64996,45.836597276621276,1.0,560,681,1241,0.0,-0.0008333472224535399,1.0000000000000013,8.058017727639034e-05
64997,45.83576392939882,1.0,560,681,1241,0.0,-0.0008333472224535399,1.0000000000000013,0.0
64998,45.83493058217637,1.0,560,681,1241,0.0,-0.0008333472224535399,1.0000000000000013,0.0
64999,45.834097234953916,1.0,560,681,1241,0.0,-0.0008333472224535399,1.0000000000000013,0.0
65000,45.83326388773146,1.0,560,681,1241,0.0,-0.0008333472224535399,1.0000000000000013,0.0
65001,45.83243054050901,1.0,560,681,1241,0.0,-0.0008333472224535399,1.0000000000000013,0.0
65002,45.831597193286555,1.0,560,681,1241,0.0,-0.0008333472224535399,1.0000000000000013,0.0
65003,45.8307638460641,1.0,560,681,1241,0.0,-0.0008333472224535399,1.0000000000000013,0.0
65004,45.82993049884165,1.0,560,681,1241,0.0,-0.0008333472224535399,1.0000000000000013,0.0
65005,45.829097151619195,1.0,560,681,1241,0.0,-0.0008333472224535399,1.0000000000000013,0.0
65006,45.82826380439674,1.0,560,681,1241,0.0,-0.0008333472224535399,1.0000000000000013,0.0
65007,45.82743045717429,1.0,560,681,1241,0.0,-0.0008333472224535399,1.0000000000000013,0.0
65008,45.826597109951834,1.0,560,681,1241,0.0,-0.0008333472224535399,1.0000000000000013,0.0
65009,45.82576376272938,1.0,560,681,1241,0.0,-0.0008333472224535399,1.0000000000000013,0.0
65010,45.82493041550693,1.0,560,681,1241,0.0,-0.0008333472224535399,1.0000000000000013,0.0
65011,45.82409706828447,1.0,560,681,1241,0.0,-0.0008333472224535399,1.0000000000000013,0.0
65012,45.82326372106202,1.0,560,681,1241,0.0,-0.0008333472224535399,1.0000000000000013,0.0
65013,45.822430373839566,1.0,560,681,1241,0.0,-0.0008333472224535399,1.0000000000000013,0.0
65014,45.82159702661711,1.0,560,681,1241,0.0,-0.0008333472224535399,1.0000000000000013,0.0
65015,45.82076367939466,1.0,560,681,1241,0.0,-0.0008333472224535399,1.0000000000000013,0.0
65016,45.819930332172206,1.0,560,681,1241,0.0,-0.0008333472224535399,1.0000000000000013,0.0
65017,45.81909698494975,1.0,560,681,1241,0.0,-0.0008333472224535399,1.0000000000000013,0.0
65018,45.8182636377273,1.0,560,681,1241,0.0,-0.0008333472224535399,1.0000000000000013,0.0
65019,45.817430290504845,1.0,560,681,1241,0.0,-0.0008333472224535399,1.0000000000000013,0.0
65020,45.81659694328239,1.0,560,681,1241,0.0,-0.0008333472224535399,1.0000000000000013,0.0
65021,45.81576359605994,1.0,560,681,1241,0.0,-0.0008333472224535399,1.0000000000000013,0.0
65022,45.814930248837484,1.0,560,681,1241,0.0,-0.0008333472224535399,1.0000000000000013,0.0
65023,45.814096901615024,1.0,560,681,1241,0.0,-0.0008333472224606453,1.0000000000000013,0.0
65024,45.81326355439257,1.0,560,681,1241,0.0,-0.0008333472224535399,1.0000000000000013,0.0
65025,45.81243020717012,1.0,560,681,1241,0.0,-0.0008333472224535399,1.0000000000000013,0.0
65026,45.81159685994766,1.0,560,681,1241,0.0,-0.0008333472224535399,1.0000000000000013,0.0
65027,45.81076351272521,1.0,560,681,1241,0.0,-0.0008333472224535399,1.0000000000000013,0.0
65028,45.809930165502756,1.0,560,681,1241,0.0,-0.0008333472224535399,1.0000000000000013,0.0
65029,45.8090968182803,1.0,560,681,1241,0.0,-0.0008333472224535399,1.0000000000000013,0.0
65030,45.80826347105785,1.0,560,681,1241,0.0,-0.0008333472224535399,1.0000000000000013,0.0
65031,45.807430123835395,1.0,560,681,1241,0.0,-0.0008333472224535399,1.0000000000000013,0.0
65032,45.80659677661294,1.0,560,681,1241,0.0,-0.0008333472224535399,1.0000000000000013,0.0
65033,45.80576342939049,1.0,560,681,1241,0.0,-0.0008333472224535399,1.0000000000000013,0.0
65034,45.804930082168035,1.0,560,681,1241,0.0,-0.0008333472224535399,1.0000000000000013,0.0
65035,45.80409673494558,1.0,560,681,1241,0.0,-0.0008333472224535399,1.0000000000000013,0.0
65036,45.80326338772313,1.0,560,681,1241,0.0,-0.0008333472224535399,1.0000000000000013,0.0
65037,45.802430040500674,1.0,560,681,1241,0.0,-0.0008333472224535399,1.0000000000000013,0.0
65038,45.80159669327822,1.0,560,681,1241,0.0,-0.0008333472224535399,1.0000000000000013,0.0
65039,45.80076334605577,1.0,560,681,1241,0.0,-0.0008333472224535399,1.0000000000000013,0.0
65040,45.79992999883331,1.0,560,681,1241,0.0,-0.0008333472224535399,1.0000000000000013,0.0
65041,45.79909665161086,1.0,560,681,1241,0.0,-0.0008333472224535399,1.0000000000000013,0.0
65042,45.798263304388406,1.0,560,681,1241,0.0,-0.0008333472224535399,1.0000000000000013,0.0
65043,45.79742995716595,1.0,560,681,1241,0.0,-0.0008333472224535399,1.0000000000000013,0.0
65044,45.7965966099435,1.0,560,681,1241,0.0,-0.0008333472224535399,1.0000000000000013,0.0
65045,45.795763262721046,1.0,560,681,1241,0.0,-0.0008333472224535399,1.0000000000000013,0.0
65046,45.79492991549859,1.0,560,681,1241,0.0,-0.0008333472224535399,1.0000000000000013,0.0
65047,45.79409656827614,1.0,560,681,1241,0.0,-0.0008333472224535399,1.0000000000000013,0.0
65048,45.793263221053685,1.0,560,681,1241,0.0,-0.0008333472224535399,1.0000000000000013,0.0
65049,45.79242987383123,1.0,560,681,1241,0.0,-0.0008333472224535399,1.0000000000000013,0.0
65050,45.79159652660878,1.0,560,681,1241,0.0,-0.0008333472224535399,1.0000000000000013,0.0
65051,45.790763179386325,1.0,560,681,1241,0.0,-0.0008333472224535399,1.0000000000000013,0.0
65052,45.78992983216387,1.0,560,681,1241,0.0,-0.0008333472224535399,1.0000000000000013,0.0
65053,45.78909648494142,1.0,560,681,1241,0.0,-0.0008333472224535399,1.0000000000000013,0.0
65054,45.788263137718964,1.0,560,681,1241,0.0,-0.0008333472224535399,1.0000000000000013,0.0
65055,45.78742979049651,1.0,560,681,1241,0.0,-0.0008333472224535399,1.0000000000000013,0.0
65056,45.78659644327406,1.0,560,681,1241,0.0,-0.0008333472224535399,1.0000000000000013,0.0
65057,45.7857630960516,1.0,560,681,1241,0.0,-0.0008333472224535399,1.0000000000000013,0.0
65058,45.78492974882915,1.0,560,681,1241,0.0,-0.0008333472224535399,1.0000000000000013,0.0
65059,45.784096401606696,1.0,560,681,1241,0.0,-0.0008333472224535399,1.0000000000000013,0.0
65060,45.783263054384236,1.0,560,681,1241,0.0,-0.0008333472224606453,1.0000000000000013,0.0
65061,45.78242970716178,1.0,560,681,1241,0.0,-0.0008333472224535399,1.0000000000000013,0.0
65062,45.78159635993933,1.0,560,681,1241,0.0,-0.0008333472224535399,1.0000000000000013,0.0
65063,45.780763012716875,1.0,560,681,1241,0.0,-0.0008333472224535399,1.0000000000000013,0.0
65064,45.77992966549442,1.0,560,681,1241,0.0,-0.0008333472224535399,1.0000000000000013,0.0
65065,45.77909631827197,1.0,560,681,1241,0.0,-0.0008333472224535399,1.0000000000000013,0.0
65066,45.778262971049514,1.0,560,681,1241,0.0,-0.0008333472224535399,1.0000000000000013,0.0
65067,45.77742962382706,1.0,560,681,1241,0.0,-0.0008333472224535399,1.0000000000000013,0.0
65068,45.77659627660461,1.0,560,681,1241,0.0,-0.0008333472224535399,1.0000000000000013,0.0
65069,45.775762929382154,1.0,560,681,1241,0.0,-0.0008333472224535399,1.0000000000000013,0.0
65070,45.7749295821597,1.0,560,681,1241,0.0,-0.0008333472224535399,1.0000000000000013,0.0
65071,45.77409623493725,1.0,560,681,1241,0.0,-0.0008333472224535399,1.0000000000000013,0.0
65072,45.77326288771479,1.0,560,681,1241,0.0,-0.0008333472224535399,1.0000000000000013,0.0
65073,45.77242954049234,0.9991941982272361,560,681,1241,-0.0008058017727639033,-0.0008333472224535399,0.999919419822725,-8.058017727639034e-05
65074,45.771596193269886,0.9991941982272361,560,681,1241,0.0,-0.0008333472224535399,0.9998388396454487,-8.058017727639034e-05
65075,45.77076284604743,1.0,560,681,1241,0.0008058017727639033,-0.0008333472224535399,0.9998388396454487,0.0
65076,45.76992949882498,1.0,560,681,1241,0.0,-0.0008333472224535399,0.9998388396454487,0.0
65077,45.769096151602525,1.0,560,681,1241,0.0,-0.0008333472224535399,0.9998388396454487,0.0
65078,45.76826280438007,1.0,560,681,1241,0.0,-0.0008333472224535399,0.9998388396454487,0.0
65079,45.76742945715762,1.0,560,681,1241,0.0,-0.0008333472224535399,0.9998388396454487,0.0
65080,45.766596109935165,1.0,560,681,1241,0.0,-0.0008333472224535399,0.9998388396454487,0.0
65081,45.76576276271271,1.0,560,681,1241,0.0,-0.0008333472224535399,0.9998388396454487,0.0
65082,45.76492941549026,1.0,560,681,1241,0.0,-0.0008333472224535399,0.9998388396454487,0.0
65083,45.764096068267804,1.0,560,681,1241,0.0,-0.0008333472224535399,0.999919419822725,8.058017727639034e-05
65084,45.76326272104535,1.0,560,681,1241,0.0,-0.0008333472224535399,1.0000000000000013,8.058017727639034e-05
65085,45.7624293738229,1.0,560,681,1241,0.0,-0.0008333472224535399,1.0000000000000013,0.0
65086,45.761596026600444,1.0,560,681,1241,0.0,-0.0008333472224535399,1.0000000000000013,0.0
65087,45.76076267937799,1.0,560,681,1241,0.0,-0.0008333472224535399,1.0000000000000013,0.0
65088,45.75992933215554,1.0,560,681,1241,0.0,-0.0008333472224535399,1.0000000000000013,0.0
65089,45.75909598493308,1.0,560,681,1241,0.0,-0.0008333472224535399,1.0000000000000013,0.0
65090,45.75826263771063,1.0,560,681,1241,0.0,-0.0008333472224535399,1.0000000000000013,0.0
65091,45.757429290488176,1.0,560,681,1241,0.0,-0.0008333472224535399,1.0000000000000013,0.0
65092,45.75659594326572,0.9991941982272361,560,681,1241,-0.0008058017727639033,-0.0008333472224535399,0.999919419822725,-8.058017727639034e-05
65093,45.75576259604327,1.0,560,681,1241,0.0008058017727639033,-0.0008333472224535399,0.999919419822725,0.0
65094,45.754929248820815,1.0,560,681,1241,0.0,-0.0008333472224535399,0.999919419822725,0.0
65095,45.75409590159836,1.0,560,681,1241,0.0,-0.0008333472224535399,0.999919419822725,0.0
65096,45.75326255437591,1.0,560,681,1241,0.0,-0.0008333472224535399,0.999919419822725,0.0
65097,45.752429207153455,1.0,560,681,1241,0.0,-0.0008333472224535399,0.999919419822725,0.0
65098,45.751595859931,1.0,560,681,1241,0.0,-0.0008333472224535399,0.999919419822725,0.0
65099,45.75076251270855,1.0,560,681,1241,0.0,-0.0008333472224535399,0.999919419822725,0.0
65100,45.749929165486094,1.0,560,681,1241,0.0,-0.0008333472224535399,0.999919419822725,0.0
65101,45.74909581826364,1.0,560,681,1241,0.0,-0.0008333472224535399,0.999919419822725,0.0
65102,45.74826247104119,1.0,560,681,1241,0.0,-0.0008333472224535399,1.0000000000000013,8.058017727639034e-05
65103,45.74742912381873,1.0,560,681,1241,0.0,-0.0008333472224535399,1.0000000000000013,0.0
65104,45.74659577659628,1.0,560,681,1241,0.0,-0.0008333472224535399,1.0000000000000013,0.0
65105,45.745762429373826,1.0,560,681,1241,0.0,-0.0008333472224535399,1.0000000000000013,0.0
65106,45.74492908215137,1.0,560,681,1241,0.0,-0.0008333472224535399,1.0000000000000013,0.0
65107,45.74409573492892,1.0,560,681,1241,0.0,-0.0008333472224535399,1.0000000000000013,0.0
65108,45.74326238770646,1.0,560,681,1241,0.0,-0.0008333472224606453,1.0000000000000013,0.0
65109,45.742429040484005,1.0,560,681,1241,0.0,-0.0008333472224535399,1.0000000000000013,0.0
65110,45.74159569326155,1.0,560,681,1241,0.0,-0.0008333472224535399,1.0000000000000013,0.0
65111,45.7407623460391,1.0,560,681,1241,0.0,-0.0008333472224535399,1.0000000000000013,0.0
65112,45.739928998816644,1.0,560,681,1241,0.0,-0.0008333472224535399,1.0000000000000013,0.0
65113,45.73909565159419,1.0,560,681,1241,0.0,-0.0008333472224535399,1.0000000000000013,0.0
65114,45.73826230437174,1.0,560,681,1241,0.0,-0.0008333472224535399,1.0000000000000013,0.0
65115,45.737428957149284,1.0,560,681,1241,0.0,-0.0008333472224535399,1.0000000000000013,0.0
65116,45.73659560992683,1.0,560,681,1241,0.0,-0.0008333472224535399,1.0000000000000013,0.0
65117,45.73576226270438,1.0,560,681,1241,0.0,-0.0008333472224535399,1.0000000000000013,0.0
65118,45.73492891548192,1.0,560,681,1241,0.0,-0.0008333472224535399,1.0000000000000013,0.0
65119,45.73409556825947,1.0,560,681,1241,0.0,-0.0008333472224535399,1.0000000000000013,0.0
65120,45.733262221037016,1.0,560,681,1241,0.0,-0.0008333472224535399,1.0000000000000013,0.0
65121,45.73242887381456,1.0,560,681,1241,0.0,-0.0008333472224535399,1.0000000000000013,0.0
65122,45.73159552659211,1.0,560,681,1241,0.0,-0.0008333472224535399,1.0000000000000013,0.0
65123,45.730762179369655,1.0,560,681,1241,0.0,-0.0008333472224535399,1.0000000000000013,0.0
65124,45.7299288321472,1.0,560,681,1241,0.0,-0.0008333472224535399,1.0000000000000013,0.0
65125,45.72909548492475,1.0,560,681,1241,0.0,-0.0008333472224535399,1.0000000000000013,0.0
65126,45.728262137702295,1.0,560,681,1241,0.0,-0.0008333472224535399,1.0000000000000013,0.0
65127,45.72742879047984,1.0,560,681,1241,0.0,-0.0008333472224535399,1.0000000000000013,0.0
65128,45.72659544325739,1.0,560,681,1241,0.0,-0.0008333472224535399,1.0000000000000013,0.0
65129,45.725762096034934,1.0,560,681,1241,0.0,-0.0008333472224535399,1.0000000000000013,0.0
65130,45.72492874881248,1.0,560,681,1241,0.0,-0.0008333472224535399,1.0000000000000013,0.0
65131,45.72409540159003,1.0,560,681,1241,0.0,-0.0008333472224535399,1.0000000000000013,0.0
65132,45.723262054367574,1.0,560,681,1241,0.0,-0.0008333472224535399,1.0000000000000013,0.0
65133,45.72242870714512,1.0,560,681,1241,0.0,-0.0008333472224535399,1.0000000000000013,0.0
65134,45.72159535992267,1.0,560,681,1241,0.0,-0.0008333472224535399,1.0000000000000013,0.0
65135,45.72076201270021,0.9991941982272361,560,681,1241,-0.0008058017727639033,-0.0008333472224535399,0.999919419822725,-8.058017727639034e-05
65136,45.71992866547776,1.0,560,681,1241,0.0008058017727639033,-0.0008333472224535399,0.999919419822725,0.0
65137,45.719095318255306,1.0,560,681,1241,0.0,-0.0008333472224535399,0.999919419822725,0.0
65138,45.71826197103285,1.0,560,681,1241,0.0,-0.0008333472224535399,0.999919419822725,0.0
65139,45.7174286238104,1.0,560,681,1241,0.0,-0.0008333472224535399,0.999919419822725,0.0
65140,45.716595276587945,1.0,560,681,1241,0.0,-0.0008333472224535399,0.999919419822725,0.0
65141,45.71576192936549,1.0,560,681,1241,0.0,-0.0008333472224535399,0.999919419822725,0.0
65142,45.71492858214304,1.0,560,681,1241,0.0,-0.0008333472224535399,0.999919419822725,0.0
65143,45.714095234920585,1.0,560,681,1241,0.0,-0.0008333472224535399,0.999919419822725,0.0
65144,45.71326188769813,1.0,560,681,1241,0.0,-0.0008333472224535399,0.999919419822725,0.0
65145,45.71242854047567,1.0,560,681,1241,0.0,-0.0008333472224606453,1.0000000000000013,8.058017727639034e-05
65146,45.71159519325322,1.0,560,681,1241,0.0,-0.0008333472224535399,1.0000000000000013,0.0
65147,45.71076184603076,1.0,560,681,1241,0.0,-0.0008333472224535399,1.0000000000000013,0.0
65148,45.70992849880831,1.0,560,681,1241,0.0,-0.0008333472224535399,1.0000000000000013,0.0
65149,45.709095151585856,1.0,560,681,1241,0.0,-0.0008333472224535399,1.0000000000000013,0.0
65150,45.7082618043634,0.9991941982272361,560,681,1241,-0.0008058017727639033,-0.0008333472224535399,0.999919419822725,-8.058017727639034e-05
65151,45.70742845714095,0.9991941982272361,560,681,1241,0.0,-0.0008333472224535399,0.9998388396454487,-8.058017727639034e-05
65152,45.706595109918496,0.9991941982272361,560,681,1241,0.0,-0.0008333472224535399,0.9997582594681724,-8.058017727639034e-05
65153,45.70576176269604,1.0,560,681,1241,0.0008058017727639033,-0.0008333472224535399,0.9997582594681724,0.0
65154,45.70492841547359,1.0,560,681,1241,0.0,-0.0008333472224535399,0.9997582594681724,0.0
65155,45.704095068251135,1.0,560,681,1241,0.0,-0.0008333472224535399,0.9997582594681724,0.0
65156,45.70326172102868,1.0,560,681,1241,0.0,-0.0008333472224535399,0.9997582594681724,0.0
65157,45.70242837380623,1.0,560,681,1241,0.0,-0.0008333472224535399,0.9997582594681724,0.0
65158,45.701595026583774,1.0,560,681,1241,0.0,-0.0008333472224535399,0.9997582594681724,0.0
65159,45.70076167936132,1.0,560,681,1241,0.0,-0.0008333472224535399,0.9997582594681724,0.0
65160,45.69992833213887,1.0,560,681,1241,0.0,-0.0008333472224535399,0.9998388396454487,8.058017727639034e-05
65161,45.699094984916414,1.0,560,681,1241,0.0,-0.0008333472224535399,0.999919419822725,8.058017727639034e-05
65162,45.69826163769396,1.0,560,681,1241,0.0,-0.0008333472224535399,1.0000000000000013,8.058017727639034e-05
65163,45.69742829047151,1.0,560,681,1241,0.0,-0.0008333472224535399,1.0000000000000013,0.0
65164,45.69659494324905,1.0,560,681,1241,0.0,-0.0008333472224535399,1.0000000000000013,0.0
65165,45.6957615960266,1.0,560,681,1241,0.0,-0.0008333472224535399,1.0000000000000013,0.0
65166,45.694928248804146,1.0,560,681,1241,0.0,-0.0008333472224535399,1.0000000000000013,0.0
65167,45.69409490158169,0.9991941982272361,560,681,1241,-0.0008058017727639033,-0.0008333472224535399,0.999919419822725,-8.058017727639034e-05
65168,45.69326155435924,0.9991941982272361,560,681,1241,0.0,-0.0008333472224535399,0.9998388396454487,-8.058017727639034e-05
65169,45.692428207136786,1.0,560,681,1241,0.0008058017727639033,-0.0008333472224535399,0.9998388396454487,0.0
65170,45.69159485991433,1.0,560,681,1241,0.0,-0.0008333472224535399,0.9998388396454487,0.0
65171,45.69076151269188,1.0,560,681,1241,0.0,-0.0008333472224535399,0.9998388396454487,0.0
65172,45.689928165469425,1.0,560,681,1241,0.0,-0.0008333472224535399,0.9998388396454487,0.0
65173,45.68909481824697,1.0,560,681,1241,0.0,-0.0008333472224535399,0.9998388396454487,0.0
65174,45.68826147102452,1.0,560,681,1241,0.0,-0.0008333472224535399,0.9998388396454487,0.0
65175,45.687428123802064,1.0,560,681,1241,0.0,-0.0008333472224535399,0.9998388396454487,0.0
65176,45.68659477657961,1.0,560,681,1241,0.0,-0.0008333472224535399,0.9998388396454487,0.0
65177,45.68576142935716,1.0,560,681,1241,0.0,-0.0008333472224535399,0.999919419822725,8.058017727639034e-05
65178,45.684928082134704,1.0,560,681,1241,0.0,-0.0008333472224535399,1.0000000000000013,8.058017727639034e-05
65179,45.68409473491225,1.0,560,681,1241,0.0,-0.0008333472224535399,1.0000000000000013,0.0
65180,45.6832613876898,1.0,560,681,1241,0.0,-0.0008333472224535399,1.0000000000000013,0.0
65181,45.68242804046734,1.0,560,681,1241,0.0,-0.0008333472224535399,1.0000000000000013,0.0
65182,45.68159469324489,1.0,560,681,1241,0.0,-0.0008333472224535399,1.0000000000000013,0.0
65183,45.680761346022436,1.0,560,681,1241,0.0,-0.0008333472224535399,1.0000000000000013,0.0
65184,45.67992799879998,1.0,560,681,1241,0.0,-0.0008333472224535399,1.0000000000000013,0.0
65185,45.67909465157753,1.0,560,681,1241,0.0,-0.0008333472224535399,1.0000000000000013,0.0
65186,45.678261304355075,1.0,560,681,1241,0.0,-0.0008333472224535399,1.0000000000000013,0.0
65187,45.67742795713262,1.0,560,681,1241,0.0,-0.0008333472224535399,1.0000000000000013,0.0
65188,45.67659460991017,1.0,560,681,1241,0.0,-0.0008333472224535399,1.0000000000000013,0.0
65189,45.675761262687715,1.0,560,681,1241,0.0,-0.0008333472224535399,1.0000000000000013,0.0
65190,45.67492791546526,1.0,560,681,1241,0.0,-0.0008333472224535399,1.0000000000000013,0.0
65191,45.67409456824281,1.0,560,681,1241,0.0,-0.0008333472224535399,1.0000000000000013,0.0
65192,45.673261221020354,1.0,560,681,1241,0.0,-0.0008333472224535399,1.0000000000000013,0.0
65193,45.67242787379789,1.0,560,681,1241,0.0,-0.0008333472224606453,1.0000000000000013,0.0
65194,45.67159452657544,1.0,560,681,1241,0.0,-0.0008333472224535399,1.0000000000000013,0.0
65195,45.670761179352986,1.0,560,681,1241,0.0,-0.0008333472224535399,1.0000000000000013,0.0
65196,45.66992783213053,1.0,560,681,1241,0.0,-0.0008333472224535399,1.0000000000000013,0.0
65197,45.66909448490808,1.0,560,681,1241,0.0,-0.0008333472224535399,1.0000000000000013,0.0
65198,45.668261137685626,1.0,560,681,1241,0.0,-0.0008333472224535399,1.0000000000000013,0.0
65199,45.66742779046317,1.0,560,681,1241,0.0,-0.0008333472224535399,1.0000000000000013,0.0
65200,45.66659444324072,1.0,560,681,1241,0.0,-0.0008333472224535399,1.0000000000000013,0.0
65201,45.665761096018265,1.0,560,681,1241,0.0,-0.0008333472224535399,1.0000000000000013,0.0
65202,45.66492774879581,1.0,560,681,1241,0.0,-0.0008333472224535399,1.0000000000000013,0.0
65203,45.66409440157336,1.0,560,681,1241,0.0,-0.0008333472224535399,1.0000000000000013,0.0
65204,45.663261054350905,1.0,560,681,1241,0.0,-0.0008333472224535399,1.0000000000000013,0.0
65205,45.66242770712845,1.0,560,681,1241,0.0,-0.0008333472224535399,1.0000000000000013,0.0
65206,45.661594359906,1.0,560,681,1241,0.0,-0.0008333472224535399,1.0000000000000013,0.0
65207,45.660761012683544,1.0,560,681,1241,0.0,-0.0008333472224535399,1.0000000000000013,0.0
65208,45.65992766546109,1.0,560,681,1241,0.0,-0.0008333472224535399,1.0000000000000013,0.0
65209,45.65909431823864,1.0,560,681,1241,0.0,-0.0008333472224535399,1.0000000000000013,0.0
65210,45.65826097101618,1.0,560,681,1241,0.0,-0.0008333472224535399,1.0000000000000013,0.0
65211,45.65742762379373,1.0,560,681,1241,0.0,-0.0008333472224535399,1.0000000000000013,0.0
65212,45.656594276571276,1.0,560,681,1241,0.0,-0.0008333472224535399,1.0000000000000013,0.0
65213,45.65576092934882,1.0,560,681,1241,0.0,-0.0008333472224535399,1.0000000000000013,0.0
65214,45.65492758212637,1.0,560,681,1241,0.0,-0.0008333472224535399,1.0000000000000013,0.0
65215,45.654094234903916,1.0,560,681,1241,0.0,-0.0008333472224535399,1.0000000000000013,0.0
65216,45.65326088768146,1.0,560,681,1241,0.0,-0.0008333472224535399,1.0000000000000013,0.0
65217,45.65242754045901,1.0,560,681,1241,0.0,-0.0008333472224535399,1.0000000000000013,0.0
65218,45.651594193236555,1.0,560,681,1241,0.0,-0.0008333472224535399,1.0000000000000013,0.0
65219,45.6507608460141,1.0,560,681,1241,0.0,-0.0008333472224535399,1.0000000000000013,0.0
65220,45.64992749879165,1.0,560,681,1241,0.0,-0.0008333472224535399,1.0000000000000013,0.0
65221,45.649094151569194,1.0,560,681,1241,0.0,-0.0008333472224535399,1.0000000000000013,0.0
65222,45.64826080434674,1.0,560,681,1241,0.0,-0.0008333472224535399,1.0000000000000013,0.0
65223,45.64742745712429,1.0,560,681,1241,0.0,-0.0008333472224535399,1.0000000000000013,0.0
65224,45.646594109901834,1.0,560,681,1241,0.0,-0.0008333472224535399,1.0000000000000013,0.0
65225,45.64576076267938,1.0,560,681,1241,0.0,-0.0008333472224535399,1.0000000000000013,0.0
65226,45.64492741545693,1.0,560,681,1241,0.0,-0.0008333472224535399,1.0000000000000013,0.0
65227,45.64409406823447,1.0,560,681,1241,0.0,-0.0008333472224535399,1.0000000000000013,0.0
65228,45.64326072101202,1.0,560,681,1241,0.0,-0.0008333472224535399,1.0000000000000013,0.0
65229,45.642427373789566,1.0,560,681,1241,0.0,-0.0008333472224535399,1.0000000000000013,0.0
65230,45.641594026567105,1.0,560,681,1241,0.0,-0.0008333472224606453,1.0000000000000013,0.0
65231,45.64076067934465,1.0,560,681,1241,0.0,-0.0008333472224535399,1.0000000000000013,0.0
65232,45.6399273321222,1.0,560,681,1241,0.0,-0.0008333472224535399,1.0000000000000013,0.0
65233,45.639093984899745,1.0,560,681,1241,0.0,-0.0008333472224535399,1.0000000000000013,0.0
65234,45.63826063767729,1.0,560,681,1241,0.0,-0.0008333472224535399,1.0000000000000013,0.0
65235,45.63742729045484,1.0,560,681,1241,0.0,-0.0008333472224535399,1.0000000000000013,0.0
65236,45.636593943232384,1.0,560,681,1241,0.0,-0.0008333472224535399,1.0000000000000013,0.0
65237,45.63576059600993,1.0,560,681,1241,0.0,-0.0008333472224535399,1.0000000000000013,0.0
65238,45.63492724878748,1.0,560,681,1241,0.0,-0.0008333472224535399,1.0000000000000013,0.0
65239,45.63409390156502,1.0,560,681,1241,0.0,-0.0008333472224535399,1.0000000000000013,0.0
65240,45.63326055434257,1.0,560,681,1241,0.0,-0.0008333472224535399,1.0000000000000013,0.0
65241,45.63242720712012,1.0,560,681,1241,0.0,-0.0008333472224535399,1.0000000000000013,0.0
65242,45.63159385989766,1.0,560,681,1241,0.0,-0.0008333472224535399,1.0000000000000013,0.0
65243,45.63076051267521,0.9991941982272361,560,681,1241,-0.0008058017727639033,-0.0008333472224535399,0.999919419822725,-8.058017727639034e-05
65244,45.629927165452756,0.9991941982272361,560,681,1241,0.0,-0.0008333472224535399,0.9998388396454487,-8.058017727639034e-05
65245,45.6290938182303,1.0,560,681,1241,0.0008058017727639033,-0.0008333472224535399,0.9998388396454487,0.0
65246,45.62826047100785,1.0,560,681,1241,0.0,-0.0008333472224535399,0.9998388396454487,0.0
65247,45.627427123785395,1.0,560,681,1241,0.0,-0.0008333472224535399,0.9998388396454487,0.0
65248,45.62659377656294,1.0,560,681,1241,0.0,-0.0008333472224535399,0.9998388396454487,0.0
65249,45.62576042934049,1.0,560,681,1241,0.0,-0.0008333472224535399,0.9998388396454487,0.0
65250,45.624927082118035,1.0,560,681,1241,0.0,-0.0008333472224535399,0.9998388396454487,0.0
65251,45.62409373489558,1.0,560,681,1241,0.0,-0.0008333472224535399,0.9998388396454487,0.0
65252,45.62326038767313,0.9991941982272361,560,681,1241,-0.0008058017727639033,-0.0008333472224535399,0.9997582594681724,-8.058017727639034e-05
65253,45.622427040450674,0.9991941982272361,560,681,1241,0.0,-0.0008333472224535399,0.9997582594681724,0.0
65254,45.62159369322822,0.9991941982272361,560,681,1241,0.0,-0.0008333472224535399,0.9997582594681724,0.0
65255,45.62076034600577,0.9991941982272361,560,681,1241,0.0,-0.0008333472224535399,0.999677679290896,-8.058017727639034e-05
65256,45.61992699878331,0.9991941982272361,560,681,1241,0.0,-0.0008333472224535399,0.9995970991136197,-8.058017727639034e-05
65257,45.61909365156086,1.0,560,681,1241,0.0008058017727639033,-0.0008333472224535399,0.9995970991136197,0.0
65258,45.618260304338406,1.0,560,681,1241,0.0,-0.0008333472224535399,0.9995970991136197,0.0
65259,45.61742695711595,1.0,560,681,1241,0.0,-0.0008333472224535399,0.9995970991136197,0.0
65260,45.6165936098935,1.0,560,681,1241,0.0,-0.0008333472224535399,0.9995970991136197,0.0
65261,45.615760262671046,1.0,560,681,1241,0.0,-0.0008333472224535399,0.9995970991136197,0.0
65262,45.61492691544859,1.0,560,681,1241,0.0,-0.0008333472224535399,0.999677679290896,8.058017727639034e-05
65263,45.61409356822614,1.0,560,681,1241,0.0,-0.0008333472224535399,0.9997582594681724,8.058017727639034e-05
65264,45.613260221003685,1.0,560,681,1241,0.0,-0.0008333472224535399,0.9998388396454487,8.058017727639034e-05
65265,45.61242687378123,1.0,560,681,1241,0.0,-0.0008333472224535399,0.999919419822725,8.058017727639034e-05
65266,45.61159352655878,1.0,560,681,1241,0.0,-0.0008333472224535399,1.0000000000000013,8.058017727639034e-05
65267,45.610760179336324,1.0,560,681,1241,0.0,-0.0008333472224535399,1.0000000000000013,0.0
65268,45.60992683211387,1.0,560,681,1241,0.0,-0.0008333472224535399,1.0000000000000013,0.0
65269,45.60909348489142,1.0,560,681,1241,0.0,-0.0008333472224535399,1.0000000000000013,0.0
65270,45.608260137668964,1.0,560,681,1241,0.0,-0.0008333472224535399,1.0000000000000013,0.0
65271,45.60742679044651,1.0,560,681,1241,0.0,-0.0008333472224535399,1.0000000000000013,0.0
65272,45.60659344322406,1.0,560,681,1241,0.0,-0.0008333472224535399,1.0000000000000013,0.0
65273,45.6057600960016,1.0,560,681,1241,0.0,-0.0008333472224535399,1.0000000000000013,0.0
65274,45.60492674877915,1.0,560,681,1241,0.0,-0.0008333472224535399,1.0000000000000013,0.0
65275,45.604093401556696,0.9991941982272361,560,681,1241,-0.0008058017727639033,-0.0008333472224535399,0.999919419822725,-8.058017727639034e-05
65276,45.60326005433424,0.9991941982272361,560,681,1241,0.0,-0.0008333472224535399,0.9998388396454487,-8.058017727639034e-05
65277,45.60242670711178,1.0,560,681,1241,0.0008058017727639033,-0.0008333472224606453,0.9998388396454487,0.0
65278,45.60159335988933,1.0,560,681,1241,0.0,-0.0008333472224535399,0.9998388396454487,0.0
65279,45.600760012666875,1.0,560,681,1241,0.0,-0.0008333472224535399,0.9998388396454487,0.0
65280,45.59992666544442,1.0,560,681,1241,0.0,-0.0008333472224535399,0.9998388396454487,0.0
65281,45.59909331822197,1.0,560,681,1241,0.0,-0.0008333472224535399,0.9998388396454487,0.0
65282,45.598259970999514,1.0,560,681,1241,0.0,-0.0008333472224535399,0.9998388396454487,0.0
65283,45.59742662377706,1.0,560,681,1241,0.0,-0.0008333472224535399,0.9998388396454487,0.0
65284,45.59659327655461,1.0,560,681,1241,0.0,-0.0008333472224535399,0.9998388396454487,0.0
65285,45.595759929332154,1.0,560,681,1241,0.0,-0.0008333472224535399,0.999919419822725,8.058017727639034e-05
65286,45.5949265821097,1.0,560,681,1241,0.0,-0.0008333472224535399,1.0000000000000013,8.058017727639034e-05
65287,45.59409323488725,1.0,560,681,1241,0.0,-0.0008333472224535399,1.0000000000000013,0.0
65288,45.59325988766479,1.0,560,681,1241,0.0,-0.0008333472224535399,1.0000000000000013,0.0
65289,45.59242654044234,1.0,560,681,1241,0.0,-0.0008333472224535399,1.0000000000000013,0.0
65290,45.591593193219886,1.0,560,681,1241,0.0,-0.0008333472224535399,1.0000000000000013,0.0
65291,45.59075984599743,1.0,560,681,1241,0.0,-0.0008333472224535399,1.0000000000000013,0.0
65292,45.58992649877498,1.0,560,681,1241,0.0,-0.0008333472224535399,1.0000000000000013,0.0
65293,45.589093151552525,1.0,560,681,1241,0.0,-0.0008333472224535399,1.0000000000000013,0.0
65294,45.58825980433007,1.0,560,681,1241,0.0,-0.0008333472224535399,1.0000000000000013,0.0
65295,45.58742645710762,1.0,560,681,1241,0.0,-0.0008333472224535399,1.0000000000000013,0.0
65296,45.586593109885165,1.0,560,681,1241,0.0,-0.0008333472224535399,1.0000000000000013,0.0
65297,45.58575976266271,1.0,560,681,1241,0.0,-0.0008333472224535399,1.0000000000000013,0.0
65298,45.58492641544026,1.0,560,681,1241,0.0,-0.0008333472224535399,1.0000000000000013,0.0
65299,45.584093068217804,1.0,560,681,1241,0.0,-0.0008333472224535399,1.0000000000000013,0.0
65300,45.58325972099535,1.0,560,681,1241,0.0,-0.0008333472224535399,1.0000000000000013,0.0
65301,45.5824263737729,1.0,560,681,1241,0.0,-0.0008333472224535399,1.0000000000000013,0.0
65302,45.58159302655044,1.0,560,681,1241,0.0,-0.0008333472224535399,1.0000000000000013,0.0
65303,45.58075967932799,1.0,560,681,1241,0.0,-0.0008333472224535399,1.0000000000000013,0.0
65304,45.579926332105536,1.0,560,681,1241,0.0,-0.0008333472224535399,1.0000000000000013,0.0
65305,45.57909298488308,1.0,560,681,1241,0.0,-0.0008333472224535399,1.0000000000000013,0.0
65306,45.57825963766063,1.0,560,681,1241,0.0,-0.0008333472224535399,1.0000000000000013,0.0
65307,45.577426290438176,1.0,560,681,1241,0.0,-0.0008333472224535399,1.0000000000000013,0.0
65308,45.57659294321572,1.0,560,681,1241,0.0,-0.0008333472224535399,1.0000000000000013,0.0
65309,45.57575959599327,1.0,560,681,1241,0.0,-0.0008333472224535399,1.0000000000000013,0.0
65310,45.574926248770815,1.0,560,681,1241,0.0,-0.0008333472224535399,1.0000000000000013,0.0
65311,45.57409290154836,1.0,560,681,1241,0.0,-0.0008333472224535399,1.0000000000000013,0.0
65312,45.57325955432591,1.0,560,681,1241,0.0,-0.0008333472224535399,1.0000000000000013,0.0
65313,45.572426207103454,1.0,560,681,1241,0.0,-0.0008333472224535399,1.0000000000000013,0.0
65314,45.571592859880994,0.9991941982272361,560,681,1241,-0.0008058017727639033,-0.0008333472224606453,0.999919419822725,-8.058017727639034e-05
65315,45.57075951265854,1.0,560,681,1241,0.0008058017727639033,-0.0008333472224535399,0.999919419822725,0.0
65316,45.56992616543609,0.9991941982272361,560,681,1241,-0.0008058017727639033,-0.0008333472224535399,0.9998388396454487,-8.058017727639034e-05
65317,45.56909281821363,0.9991941982272361,560,681,1241,0.0,-0.0008333472224535399,0.9997582594681724,-8.058017727639034e-05
65318,45.56825947099118,0.9991941982272361,560,681,1241,0.0,-0.0008333472224535399,0.999677679290896,-8.058017727639034e-05
65319,45.567426123768726,1.0,560,681,1241,0.0008058017727639033,-0.0008333472224535399,0.999677679290896,0.0
65320,45.56659277654627,1.0,560,681,1241,0.0,-0.0008333472224535399,0.999677679290896,0.0
65321,45.56575942932382,1.0,560,681,1241,0.0,-0.0008333472224535399,0.999677679290896,0.0
65322,45.564926082101366,1.0,560,681,1241,0.0,-0.0008333472224535399,0.999677679290896,0.0
65323,45.56409273487891,1.0,560,681,1241,0.0,-0.0008333472224535399,0.999677679290896,0.0
65324,45.56325938765646,1.0,560,681,1241,0.0,-0.0008333472224535399,0.9997582594681724,8.058017727639034e-05
65325,45.562426040434005,1.0,560,681,1241,0.0,-0.0008333472224535399,0.9997582594681724,0.0
65326,45.56159269321155,1.0,560,681,1241,0.0,-0.0008333472224535399,0.9998388396454487,8.058017727639034e-05
65327,45.5607593459891,1.0,560,681,1241,0.0,-0.0008333472224535399,0.999919419822725,8.058017727639034e-05
65328,45.559925998766644,1.0,560,681,1241,0.0,-0.0008333472224535399,1.0000000000000013,8.058017727639034e-05
65329,45.55909265154419,1.0,560,681,1241,0.0,-0.0008333472224535399,1.0000000000000013,0.0
65330,45.55825930432174,1.0,560,681,1241,0.0,-0.0008333472224535399,1.0000000000000013,0.0
65331,45.557425957099284,1.0,560,681,1241,0.0,-0.0008333472224535399,1.0000000000000013,0.0
65332,45.55659260987683,1.0,560,681,1241,0.0,-0.0008333472224535399,1.0000000000000013,0.0
65333,45.55575926265438,1.0,560,681,1241,0.0,-0.0008333472224535399,1.0000000000000013,0.0
65334,45.55492591543192,1.0,560,681,1241,0.0,-0.0008333472224535399,1.0000000000000013,0.0
65335,45.55409256820947,1.0,560,681,1241,0.0,-0.0008333472224535399,1.0000000000000013,0.0
65336,45.553259220987016,1.0,560,681,1241,0.0,-0.0008333472224535399,1.0000000000000013,0.0
65337,45.55242587376456,1.0,560,681,1241,0.0,-0.0008333472224535399,1.0000000000000013,0.0
65338,45.55159252654211,1.0,560,681,1241,0.0,-0.0008333472224535399,1.0000000000000013,0.0
65339,45.550759179319655,1.0,560,681,1241,0.0,-0.0008333472224535399,1.0000000000000013,0.0
65340,45.5499258320972,1.0,560,681,1241,0.0,-0.0008333472224535399,1.0000000000000013,0.0
65341,45.54909248487475,1.0,560,681,1241,0.0,-0.0008333472224535399,1.0000000000000013,0.0
65342,45.548259137652295,1.0,560,681,1241,0.0,-0.0008333472224535399,1.0000000000000013,0.0
65343,45.54742579042984,1.0,560,681,1241,0.0,-0.0008333472224535399,1.0000000000000013,0.0
65344,45.54659244320739,1.0,560,681,1241,0.0,-0.0008333472224535399,1.0000000000000013,0.0
65345,45.545759095984934,1.0,560,681,1241,0.0,-0.0008333472224535399,1.0000000000000013,0.0
65346,45.54492574876248,1.0,560,681,1241,0.0,-0.0008333472224535399,1.0000000000000013,0.0
65347,45.54409240154003,1.0,560,681,1241,0.0,-0.0008333472224535399,1.0000000000000013,0.0
65348,45.54325905431757,1.0,560,681,1241,0.0,-0.0008333472224535399,1.0000000000000013,0.0
65349,45.54242570709512,1.0,560,681,1241,0.0,-0.0008333472224535399,1.0000000000000013,0.0
65350,45.541592359872666,1.0,560,681,1241,0.0,-0.0008333472224535399,1.0000000000000013,0.0
65351,45.54075901265021,1.0,560,681,1241,0.0,-0.0008333472224535399,1.0000000000000013,0.0
65352,45.53992566542776,1.0,560,681,1241,0.0,-0.0008333472224535399,1.0000000000000013,0.0
65353,45.539092318205306,1.0,560,681,1241,0.0,-0.0008333472224535399,1.0000000000000013,0.0
65354,45.53825897098285,1.0,560,681,1241,0.0,-0.0008333472224535399,1.0000000000000013,0.0
65355,45.5374256237604,1.0,560,681,1241,0.0,-0.0008333472224535399,1.0000000000000013,0.0
65356,45.536592276537945,1.0,560,681,1241,0.0,-0.0008333472224535399,1.0000000000000013,0.0
65357,45.53575892931549,1.0,560,681,1241,0.0,-0.0008333472224535399,1.0000000000000013,0.0
65358,45.53492558209304,0.9991941982272361,560,681,1241,-0.0008058017727639033,-0.0008333472224535399,0.999919419822725,-8.058017727639034e-05
65359,45.534092234870585,0.9991941982272361,560,681,1241,0.0,-0.0008333472224535399,0.9998388396454487,-8.058017727639034e-05
65360,45.53325888764813,1.0,560,681,1241,0.0008058017727639033,-0.0008333472224535399,0.9998388396454487,0.0
65361,45.53242554042568,1.0,560,681,1241,0.0,-0.0008333472224535399,0.9998388396454487,0.0
65362,45.53159219320322,1.0,560,681,1241,0.0,-0.0008333472224606453,0.9998388396454487,0.0
65363,45.53075884598076,1.0,560,681,1241,0.0,-0.0008333472224535399,0.9998388396454487,0.0
65364,45.52992549875831,1.0,560,681,1241,0.0,-0.0008333472224535399,0.9998388396454487,0.0
65365,45.529092151535856,1.0,560,681,1241,0.0,-0.0008333472224535399,0.9998388396454487,0.0
65366,45.5282588043134,1.0,560,681,1241,0.0,-0.0008333472224535399,0.9998388396454487,0.0
65367,45.52742545709095,1.0,560,681,1241,0.0,-0.0008333472224535399,0.9998388396454487,0.0
65368,45.526592109868496,1.0,560,681,1241,0.0,-0.0008333472224535399,0.999919419822725,8.058017727639034e-05
65369,45.52575876264604,1.0,560,681,1241,0.0,-0.0008333472224535399,1.0000000000000013,8.058017727639034e-05
65370,45.52492541542359,1.0,560,681,1241,0.0,-0.0008333472224535399,1.0000000000000013,0.0
65371,45.524092068201135,1.0,560,681,1241,0.0,-0.0008333472224535399,1.0000000000000013,0.0
65372,45.52325872097868,1.0,560,681,1241,0.0,-0.0008333472224535399,1.0000000000000013,0.0
65373,45.52242537375623,1.0,560,681,1241,0.0,-0.0008333472224535399,1.0000000000000013,0.0
65374,45.521592026533774,1.0,560,681,1241,0.0,-0.0008333472224535399,1.0000000000000013,0.0
65375,45.52075867931132,1.0,560,681,1241,0.0,-0.0008333472224535399,1.0000000000000013,0.0
65376,45.51992533208887,1.0,560,681,1241,0.0,-0.0008333472224535399,1.0000000000000013,0.0
65377,45.519091984866414,1.0,560,681,1241,0.0,-0.0008333472224535399,1.0000000000000013,0.0
65378,45.51825863764396,1.0,560,681,1241,0.0,-0.0008333472224535399,1.0000000000000013,0.0
65379,45.51742529042151,1.0,560,681,1241,0.0,-0.0008333472224535399,1.0000000000000013,0.0
65380,45.51659194319905,1.0,560,681,1241,0.0,-0.0008333472224535399,1.0000000000000013,0.0
65381,45.5157585959766,1.0,560,681,1241,0.0,-0.0008333472224535399,1.0000000000000013,0.0
65382,45.514925248754146,1.0,560,681,1241,0.0,-0.0008333472224535399,1.0000000000000013,0.0
65383,45.51409190153169,1.0,560,681,1241,0.0,-0.0008333472224535399,1.0000000000000013,0.0
65384,45.51325855430924,1.0,560,681,1241,0.0,-0.0008333472224535399,1.0000000000000013,0.0
65385,45.512425207086785,1.0,560,681,1241,0.0,-0.0008333472224535399,1.0000000000000013,0.0
65386,45.51159185986433,1.0,560,681,1241,0.0,-0.0008333472224535399,1.0000000000000013,0.0
65387,45.51075851264188,1.0,560,681,1241,0.0,-0.0008333472224535399,1.0000000000000013,0.0
65388,45.509925165419425,1.0,560,681,1241,0.0,-0.0008333472224535399,1.0000000000000013,0.0
65389,45.50909181819697,1.0,560,681,1241,0.0,-0.0008333472224535399,1.0000000000000013,0.0
65390,45.50825847097452,1.0,560,681,1241,0.0,-0.0008333472224535399,1.0000000000000013,0.0
65391,45.507425123752064,0.9991941982272361,560,681,1241,-0.0008058017727639033,-0.0008333472224535399,0.999919419822725,-8.058017727639034e-05
65392,45.50659177652961,1.0,560,681,1241,0.0008058017727639033,-0.0008333472224535399,0.999919419822725,0.0
65393,45.50575842930716,1.0,560,681,1241,0.0,-0.0008333472224535399,0.999919419822725,0.0
65394,45.5049250820847,1.0,560,681,1241,0.0,-0.0008333472224535399,0.999919419822725,0.0
65395,45.50409173486225,1.0,560,681,1241,0.0,-0.0008333472224535399,0.999919419822725,0.0
65396,45.5032583876398,1.0,560,681,1241,0.0,-0.0008333472224535399,0.999919419822725,0.0
65397,45.50242504041734,1.0,560,681,1241,0.0,-0.0008333472224535399,0.999919419822725,0.0
65398,45.50159169319489,1.0,560,681,1241,0.0,-0.0008333472224535399,0.999919419822725,0.0
65399,45.50075834597243,1.0,560,681,1241,0.0,-0.0008333472224606453,0.999919419822725,0.0
65400,45.499924998749975,1.0,560,681,1241,0.0,-0.0008333472224535399,0.999919419822725,0.0
65401,45.49909165152752,1.0,560,681,1241,0.0,-0.0008333472224535399,1.0000000000000013,8.058017727639034e-05
65402,45.49825830430507,1.0,560,681,1241,0.0,-0.0008333472224535399,1.0000000000000013,0.0
65403,45.497424957082615,1.0,560,681,1241,0.0,-0.0008333472224535399,1.0000000000000013,0.0
65404,45.49659160986016,1.0,560,681,1241,0.0,-0.0008333472224535399,1.0000000000000013,0.0
65405,45.49575826263771,1.0,560,681,1241,0.0,-0.0008333472224535399,1.0000000000000013,0.0
65406,45.494924915415254,1.0,560,681,1241,0.0,-0.0008333472224535399,1.0000000000000013,0.0
65407,45.4940915681928,1.0,560,681,1241,0.0,-0.0008333472224535399,1.0000000000000013,0.0
65408,45.49325822097035,1.0,560,681,1241,0.0,-0.0008333472224535399,1.0000000000000013,0.0
65409,45.49242487374789,0.9991941982272361,560,681,1241,-0.0008058017727639033,-0.0008333472224535399,0.999919419822725,-8.058017727639034e-05
65410,45.49159152652544,1.0,560,681,1241,0.0008058017727639033,-0.0008333472224535399,0.999919419822725,0.0
65411,45.490758179302986,1.0,560,681,1241,0.0,-0.0008333472224535399,0.999919419822725,0.0
65412,45.48992483208053,1.0,560,681,1241,0.0,-0.0008333472224535399,0.999919419822725,0.0
65413,45.48909148485808,1.0,560,681,1241,0.0,-0.0008333472224535399,0.999919419822725,0.0
65414,45.488258137635626,1.0,560,681,1241,0.0,-0.0008333472224535399,0.999919419822725,0.0
65415,45.48742479041317,1.0,560,681,1241,0.0,-0.0008333472224535399,0.999919419822725,0.0
65416,45.48659144319072,1.0,560,681,1241,0.0,-0.0008333472224535399,0.999919419822725,0.0
65417,45.485758095968265,1.0,560,681,1241,0.0,-0.0008333472224535399,0.999919419822725,0.0
65418,45.48492474874581,1.0,560,681,1241,0.0,-0.0008333472224535399,0.999919419822725,0.0
65419,45.48409140152336,1.0,560,681,1241,0.0,-0.0008333472224535399,1.0000000000000013,8.058017727639034e-05
65420,45.483258054300904,1.0,560,681,1241,0.0,-0.0008333472224535399,1.0000000000000013,0.0
65421,45.48242470707845,1.0,560,681,1241,0.0,-0.0008333472224535399,1.0000000000000013,0.0
65422,45.481591359856,1.0,560,681,1241,0.0,-0.0008333472224535399,1.0000000000000013,0.0
65423,45.480758012633544,1.0,560,681,1241,0.0,-0.0008333472224535399,1.0000000000000013,0.0
65424,45.47992466541109,1.0,560,681,1241,0.0,-0.0008333472224535399,1.0000000000000013,0.0
65425,45.47909131818864,1.0,560,681,1241,0.0,-0.0008333472224535399,1.0000000000000013,0.0
65426,45.47825797096618,1.0,560,681,1241,0.0,-0.0008333472224535399,1.0000000000000013,0.0
65427,45.47742462374373,1.0,560,681,1241,0.0,-0.0008333472224535399,1.0000000000000013,0.0
65428,45.476591276521276,1.0,560,681,1241,0.0,-0.0008333472224535399,1.0000000000000013,0.0
65429,45.47575792929882,1.0,560,681,1241,0.0,-0.0008333472224535399,1.0000000000000013,0.0
65430,45.47492458207637,1.0,560,681,1241,0.0,-0.0008333472224535399,1.0000000000000013,0.0
65431,45.474091234853915,1.0,560,681,1241,0.0,-0.0008333472224535399,1.0000000000000013,0.0
65432,45.47325788763146,1.0,560,681,1241,0.0,-0.0008333472224535399,1.0000000000000013,0.0
65433,45.47242454040901,1.0,560,681,1241,0.0,-0.0008333472224535399,1.0000000000000013,0.0
65434,45.471591193186555,1.0,560,681,1241,0.0,-0.0008333472224535399,1.0000000000000013,0.0
65435,45.4707578459641,1.0,560,681,1241,0.0,-0.0008333472224535399,1.0000000000000013,0.0
65436,45.46992449874165,1.0,560,681,1241,0.0,-0.0008333472224535399,1.0000000000000013,0.0
65437,45.469091151519194,1.0,560,681,1241,0.0,-0.0008333472224535399,1.0000000000000013,0.0
65438,45.46825780429674,1.0,560,681,1241,0.0,-0.0008333472224535399,1.0000000000000013,0.0
65439,45.46742445707429,1.0,560,681,1241,0.0,-0.0008333472224535399,1.0000000000000013,0.0
65440,45.466591109851834,1.0,560,681,1241,0.0,-0.0008333472224535399,1.0000000000000013,0.0
65441,45.46575776262938,1.0,560,681,1241,0.0,-0.0008333472224535399,1.0000000000000013,0.0
65442,45.46492441540693,1.0,560,681,1241,0.0,-0.0008333472224535399,1.0000000000000013,0.0
65443,45.46409106818447,1.0,560,681,1241,0.0,-0.0008333472224535399,1.0000000000000013,0.0
65444,45.46325772096202,1.0,560,681,1241,0.0,-0.0008333472224535399,1.0000000000000013,0.0
65445,45.462424373739566,1.0,560,681,1241,0.0,-0.0008333472224535399,1.0000000000000013,0.0
65446,45.46159102651711,0.9991941982272361,560,681,1241,-0.0008058017727639033,-0.0008333472224535399,0.999919419822725,-8.058017727639034e-05
65447,45.46075767929465,0.9991941982272361,560,681,1241,0.0,-0.0008333472224606453,0.9998388396454487,-8.058017727639034e-05
65448,45.4599243320722,1.0,560,681,1241,0.0008058017727639033,-0.0008333472224535399,0.9998388396454487,0.0
65449,45.459090984849745,1.0,560,681,1241,0.0,-0.0008333472224535399,0.9998388396454487,0.0
65450,45.45825763762729,1.0,560,681,1241,0.0,-0.0008333472224535399,0.9998388396454487,0.0
65451,45.45742429040484,1.0,560,681,1241,0.0,-0.0008333472224535399,0.9998388396454487,0.0
65452,45.456590943182384,1.0,560,681,1241,0.0,-0.0008333472224535399,0.9998388396454487,0.0
65453,45.45575759595993,1.0,560,681,1241,0.0,-0.0008333472224535399,0.9998388396454487,0.0
65454,45.45492424873748,1.0,560,681,1241,0.0,-0.0008333472224535399,0.9998388396454487,0.0
65455,45.45409090151502,1.0,560,681,1241,0.0,-0.0008333472224535399,0.9998388396454487,0.0
65456,45.45325755429257,1.0,560,681,1241,0.0,-0.0008333472224535399,0.999919419822725,8.058017727639034e-05
65457,45.452424207070116,1.0,560,681,1241,0.0,-0.0008333472224535399,1.0000000000000013,8.058017727639034e-05
65458,45.45159085984766,1.0,560,681,1241,0.0,-0.0008333472224535399,1.0000000000000013,0.0
65459,45.45075751262521,1.0,560,681,1241,0.0,-0.0008333472224535399,1.0000000000000013,0.0
65460,45.449924165402756,1.0,560,681,1241,0.0,-0.0008333472224535399,1.0000000000000013,0.0
65461,45.4490908181803,1.0,560,681,1241,0.0,-0.0008333472224535399,1.0000000000000013,0.0
65462,45.44825747095785,1.0,560,681,1241,0.0,-0.0008333472224535399,1.0000000000000013,0.0
65463,45.447424123735395,1.0,560,681,1241,0.0,-0.0008333472224535399,1.0000000000000013,0.0
65464,45.44659077651294,1.0,560,681,1241,0.0,-0.0008333472224535399,1.0000000000000013,0.0
65465,45.44575742929049,1.0,560,681,1241,0.0,-0.0008333472224535399,1.0000000000000013,0.0
65466,45.444924082068034,1.0,560,681,1241,0.0,-0.0008333472224535399,1.0000000000000013,0.0
65467,45.44409073484558,1.0,560,681,1241,0.0,-0.0008333472224535399,1.0000000000000013,0.0
65468,45.44325738762313,1.0,560,681,1241,0.0,-0.0008333472224535399,1.0000000000000013,0.0
65469,45.442424040400674,1.0,560,681,1241,0.0,-0.0008333472224535399,1.0000000000000013,0.0
65470,45.44159069317822,1.0,560,681,1241,0.0,-0.0008333472224535399,1.0000000000000013,0.0
65471,45.44075734595577,1.0,560,681,1241,0.0,-0.0008333472224535399,1.0000000000000013,0.0
65472,45.43992399873331,1.0,560,681,1241,0.0,-0.0008333472224535399,1.0000000000000013,0.0
65473,45.43909065151086,1.0,560,681,1241,0.0,-0.0008333472224535399,1.0000000000000013,0.0
65474,45.438257304288406,0.9991941982272361,560,681,1241,-0.0008058017727639033,-0.0008333472224535399,0.999919419822725,-8.058017727639034e-05
65475,45.43742395706595,1.0,560,681,1241,0.0008058017727639033,-0.0008333472224535399,0.999919419822725,0.0
65476,45.4365906098435,1.0,560,681,1241,0.0,-0.0008333472224535399,0.999919419822725,0.0
65477,45.435757262621046,1.0,560,681,1241,0.0,-0.0008333472224535399,0.999919419822725,0.0
65478,45.43492391539859,1.0,560,681,1241,0.0,-0.0008333472224535399,0.999919419822725,0.0
65479,45.43409056817614,1.0,560,681,1241,0.0,-0.0008333472224535399,0.999919419822725,0.0
65480,45.433257220953685,1.0,560,681,1241,0.0,-0.0008333472224535399,0.999919419822725,0.0
65481,45.43242387373123,1.0,560,681,1241,0.0,-0.0008333472224535399,0.999919419822725,0.0
65482,45.43159052650878,1.0,560,681,1241,0.0,-0.0008333472224535399,0.999919419822725,0.0
65483,45.430757179286324,1.0,560,681,1241,0.0,-0.0008333472224535399,0.999919419822725,0.0
65484,45.429923832063864,1.0,560,681,1241,0.0,-0.0008333472224606453,1.0000000000000013,8.058017727639034e-05
65485,45.42909048484141,1.0,560,681,1241,0.0,-0.0008333472224535399,1.0000000000000013,0.0
65486,45.42825713761896,1.0,560,681,1241,0.0,-0.0008333472224535399,1.0000000000000013,0.0
65487,45.4274237903965,1.0,560,681,1241,0.0,-0.0008333472224535399,1.0000000000000013,0.0
65488,45.42659044317405,1.0,560,681,1241,0.0,-0.0008333472224535399,1.0000000000000013,0.0
65489,45.425757095951596,1.0,560,681,1241,0.0,-0.0008333472224535399,1.0000000000000013,0.0
65490,45.42492374872914,1.0,560,681,1241,0.0,-0.0008333472224535399,1.0000000000000013,0.0
65491,45.42409040150669,1.0,560,681,1241,0.0,-0.0008333472224535399,1.0000000000000013,0.0
65492,45.423257054284235,1.0,560,681,1241,0.0,-0.0008333472224535399,1.0000000000000013,0.0
65493,45.42242370706178,1.0,560,681,1241,0.0,-0.0008333472224535399,1.0000000000000013,0.0
65494,45.42159035983933,1.0,560,681,1241,0.0,-0.0008333472224535399,1.0000000000000013,0.0
65495,45.420757012616875,1.0,560,681,1241,0.0,-0.0008333472224535399,1.0000000000000013,0.0
65496,45.41992366539442,1.0,560,681,1241,0.0,-0.0008333472224535399,1.0000000000000013,0.0
65497,45.41909031817197,1.0,560,681,1241,0.0,-0.0008333472224535399,1.0000000000000013,0.0
65498,45.418256970949514,1.0,560,681,1241,0.0,-0.0008333472224535399,1.0000000000000013,0.0
65499,45.41742362372706,1.0,560,681,1241,0.0,-0.0008333472224535399,1.0000000000000013,0.0
65500,45.41659027650461,1.0,560,681,1241,0.0,-0.0008333472224535399,1.0000000000000013,0.0
65501,45.41575692928215,1.0,560,681,1241,0.0,-0.0008333472224535399,1.0000000000000013,0.0
65502,45.4149235820597,1.0,560,681,1241,0.0,-0.0008333472224535399,1.0000000000000013,0.0
65503,45.414090234837246,1.0,560,681,1241,0.0,-0.0008333472224535399,1.0000000000000013,0.0
65504,45.41325688761479,1.0,560,681,1241,0.0,-0.0008333472224535399,1.0000000000000013,0.0
65505,45.41242354039234,1.0,560,681,1241,0.0,-0.0008333472224535399,1.0000000000000013,0.0
65506,45.411590193169886,1.0,560,681,1241,0.0,-0.0008333472224535399,1.0000000000000013,0.0
65507,45.41075684594743,1.0,560,681,1241,0.0,-0.0008333472224535399,1.0000000000000013,0.0
65508,45.40992349872498,1.0,560,681,1241,0.0,-0.0008333472224535399,1.0000000000000013,0.0
65509,45.409090151502525,1.0,560,681,1241,0.0,-0.0008333472224535399,1.0000000000000013,0.0
65510,45.40825680428007,1.0,560,681,1241,0.0,-0.0008333472224535399,1.0000000000000013,0.0
65511,45.40742345705762,1.0,560,681,1241,0.0,-0.0008333472224535399,1.0000000000000013,0.0
65512,45.406590109835165,1.0,560,681,1241,0.0,-0.0008333472224535399,1.0000000000000013,0.0
65513,45.40575676261271,1.0,560,681,1241,0.0,-0.0008333472224535399,1.0000000000000013,0.0
65514,45.40492341539026,1.0,560,681,1241,0.0,-0.0008333472224535399,1.0000000000000013,0.0
65515,45.404090068167804,1.0,560,681,1241,0.0,-0.0008333472224535399,1.0000000000000013,0.0
65516,45.40325672094535,1.0,560,681,1241,0.0,-0.0008333472224535399,1.0000000000000013,0.0
65517,45.4024233737229,1.0,560,681,1241,0.0,-0.0008333472224535399,1.0000000000000013,0.0
65518,45.40159002650044,1.0,560,681,1241,0.0,-0.0008333472224535399,1.0000000000000013,0.0
65519,45.40075667927799,1.0,560,681,1241,0.0,-0.0008333472224535399,1.0000000000000013,0.0
65520,45.399923332055536,1.0,560,681,1241,0.0,-0.0008333472224535399,1.0000000000000013,0.0
65521,45.39908998483308,1.0,560,681,1241,0.0,-0.0008333472224535399,1.0000000000000013,0.0
65522,45.39825663761063,1.0,560,681,1241,0.0,-0.0008333472224535399,1.0000000000000013,0.0
65523,45.397423290388176,1.0,560,681,1241,0.0,-0.0008333472224535399,1.0000000000000013,0.0
65524,45.39658994316572,1.0,560,681,1241,0.0,-0.0008333472224535399,1.0000000000000013,0.0
65525,45.39575659594327,1.0,560,681,1241,0.0,-0.0008333472224535399,1.0000000000000013,0.0
65526,45.394923248720815,1.0,560,681,1241,0.0,-0.0008333472224535399,1.0000000000000013,0.0
65527,45.39408990149836,1.0,560,681,1241,0.0,-0.0008333472224535399,1.0000000000000013,0.0
65528,45.39325655427591,1.0,560,681,1241,0.0,-0.0008333472224535399,1.0000000000000013,0.0
65529,45.392423207053454,1.0,560,681,1241,0.0,-0.0008333472224535399,1.0000000000000013,0.0
65530,45.391589859831,1.0,560,681,1241,0.0,-0.0008333472224535399,1.0000000000000013,0.0
65531,45.39075651260855,1.0,560,681,1241,0.0,-0.0008333472224535399,1.0000000000000013,0.0
65532,45.38992316538609,1.0,560,681,1241,0.0,-0.0008333472224606453,1.0000000000000013,0.0
65533,45.38908981816363,1.0,560,681,1241,0.0,-0.0008333472224535399,1.0000000000000013,0.0
65534,45.38825647094118,1.0,560,681,1241,0.0,-0.0008333472224535399,1.0000000000000013,0.0
65535,45.387423123718726,1.0,560,681,1241,0.0,-0.0008333472224535399,1.0000000000000013,0.0
65536,45.38658977649627,1.0,560,681,1241,0.0,-0.0008333472224535399,1.0000000000000013,0.0
65537,45.38575642927382,1.0,560,681,1241,0.0,-0.0008333472224535399,1.0000000000000013,0.0
65538,45.384923082051365,1.0,560,681,1241,0.0,-0.0008333472224535399,1.0000000000000013,0.0
65539,45.38408973482891,1.0,560,681,1241,0.0,-0.0008333472224535399,1.0000000000000013,0.0
65540,45.38325638760646,1.0,560,681,1241,0.0,-0.0008333472224535399,1.0000000000000013,0.0
65541,45.382423040384005,1.0,560,681,1241,0.0,-0.0008333472224535399,1.0000000000000013,0.0
65542,45.38158969316155,0.9991941982272361,560,681,1241,-0.0008058017727639033,-0.0008333472224535399,0.999919419822725,-8.058017727639034e-05
65543,45.3807563459391,0.9991941982272361,560,681,1241,0.0,-0.0008333472224535399,0.9998388396454487,-8.058017727639034e-05
65544,45.379922998716644,1.0,560,681,1241,0.0008058017727639033,-0.0008333472224535399,0.9998388396454487,0.0
65545,45.37908965149419,1.0,560,681,1241,0.0,-0.0008333472224535399,0.9998388396454487,0.0
65546,45.37825630427174,1.0,560,681,1241,0.0,-0.0008333472224535399,0.9998388396454487,0.0
65547,45.37742295704928,1.0,560,681,1241,0.0,-0.0008333472224535399,0.9998388396454487,0.0
65548,45.37658960982683,1.0,560,681,1241,0.0,-0.0008333472224535399,0.9998388396454487,0.0
65549,45.375756262604376,1.0,560,681,1241,0.0,-0.0008333472224535399,0.9998388396454487,0.0
65550,45.37492291538192,1.0,560,681,1241,0.0,-0.0008333472224535399,0.9998388396454487,0.0
65551,45.37408956815947,1.0,560,681,1241,0.0,-0.0008333472224535399,0.9998388396454487,0.0
65552,45.373256220937016,1.0,560,681,1241,0.0,-0.0008333472224535399,0.999919419822725,8.058017727639034e-05
65553,45.37242287371456,1.0,560,681,1241,0.0,-0.0008333472224535399,1.0000000000000013,8.058017727639034e-05
65554,45.37158952649211,1.0,560,681,1241,0.0,-0.0008333472224535399,1.0000000000000013,0.0
65555,45.370756179269655,1.0,560,681,1241,0.0,-0.0008333472224535399,1.0000000000000013,0.0
65556,45.3699228320472,1.0,560,681,1241,0.0,-0.0008333472224535399,1.0000000000000013,0.0
65557,45.36908948482475,1.0,560,681,1241,0.0,-0.0008333472224535399,1.0000000000000013,0.0
65558,45.368256137602295,1.0,560,681,1241,0.0,-0.0008333472224535399,1.0000000000000013,0.0
65559,45.36742279037984,0.9991941982272361,560,681,1241,-0.0008058017727639033,-0.0008333472224535399,0.999919419822725,-8.058017727639034e-05
65560,45.36658944315739,1.0,560,681,1241,0.0008058017727639033,-0.0008333472224535399,0.999919419822725,0.0
65561,45.365756095934934,1.0,560,681,1241,0.0,-0.0008333472224535399,0.999919419822725,0.0
65562,45.36492274871248,1.0,560,681,1241,0.0,-0.0008333472224535399,0.999919419822725,0.0
65563,45.36408940149003,1.0,560,681,1241,0.0,-0.0008333472224535399,0.999919419822725,0.0
65564,45.36325605426757,1.0,560,681,1241,0.0,-0.0008333472224535399,0.999919419822725,0.0
65565,45.36242270704512,1.0,560,681,1241,0.0,-0.0008333472224535399,0.999919419822725,0.0
65566,45.361589359822666,1.0,560,681,1241,0.0,-0.0008333472224535399,0.999919419822725,0.0
65567,45.36075601260021,1.0,560,681,1241,0.0,-0.0008333472224535399,0.999919419822725,0.0
65568,45.35992266537776,1.0,560,681,1241,0.0,-0.0008333472224535399,0.999919419822725,0.0
65569,45.3590893181553,1.0,560,681,1241,0.0,-0.0008333472224606453,1.0000000000000013,8.058017727639034e-05
65570,45.358255970932845,0.9991941982272361,560,681,1241,-0.0008058017727639033,-0.0008333472224535399,0.999919419822725,-8.058017727639034e-05
65571,45.35742262371039,0.9991941982272361,560,681,1241,0.0,-0.0008333472224535399,0.9998388396454487,-8.058017727639034e-05
65572,45.35658927648794,1.0,560,681,1241,0.0008058017727639033,-0.0008333472224535399,0.9998388396454487,0.0
65573,45.355755929265484,1.0,560,681,1241,0.0,-0.0008333472224535399,0.9998388396454487,0.0
65574,45.35492258204303,1.0,560,681,1241,0.0,-0.0008333472224535399,0.9998388396454487,0.0
65575,45.35408923482058,1.0,560,681,1241,0.0,-0.0008333472224535399,0.9998388396454487,0.0
65576,45.353255887598124,1.0,560,681,1241,0.0,-0.0008333472224535399,0.9998388396454487,0.0
65577,45.35242254037567,1.0,560,681,1241,0.0,-0.0008333472224535399,0.9998388396454487,0.0
65578,45.35158919315322,1.0,560,681,1241,0.0,-0.0008333472224535399,0.9998388396454487,0.0
65579,45.35075584593076,1.0,560,681,1241,0.0,-0.0008333472224535399,0.9998388396454487,0.0
65580,45.34992249870831,1.0,560,681,1241,0.0,-0.0008333472224535399,0.999919419822725,8.058017727639034e-05
65581,45.349089151485856,1.0,560,681,1241,0.0,-0.0008333472224535399,1.0000000000000013,8.058017727639034e-05
65582,45.3482558042634,1.0,560,681,1241,0.0,-0.0008333472224535399,1.0000000000000013,0.0
65583,45.34742245704095,1.0,560,681,1241,0.0,-0.0008333472224535399,1.0000000000000013,0.0
65584,45.346589109818495,1.0,560,681,1241,0.0,-0.0008333472224535399,1.0000000000000013,0.0
65585,45.34575576259604,1.0,560,681,1241,0.0,-0.0008333472224535399,1.0000000000000013,0.0
65586,45.34492241537359,1.0,560,681,1241,0.0,-0.0008333472224535399,1.0000000000000013,0.0
65587,45.344089068151135,1.0,560,681,1241,0.0,-0.0008333472224535399,1.0000000000000013,0.0
65588,45.34325572092868,1.0,560,681,1241,0.0,-0.0008333472224535399,1.0000000000000013,0.0
65589,45.34242237370623,1.0,560,681,1241,0.0,-0.0008333472224535399,1.0000000000000013,0.0
65590,45.341589026483774,1.0,560,681,1241,0.0,-0.0008333472224535399,1.0000000000000013,0.0
65591,45.34075567926132,1.0,560,681,1241,0.0,-0.0008333472224535399,1.0000000000000013,0.0
65592,45.33992233203887,1.0,560,681,1241,0.0,-0.0008333472224535399,1.0000000000000013,0.0
65593,45.339088984816414,1.0,560,681,1241,0.0,-0.0008333472224535399,1.0000000000000013,0.0
65594,45.33825563759396,1.0,560,681,1241,0.0,-0.0008333472224535399,1.0000000000000013,0.0
65595,45.33742229037151,1.0,560,681,1241,0.0,-0.0008333472224535399,1.0000000000000013,0.0
65596,45.33658894314905,1.0,560,681,1241,0.0,-0.0008333472224535399,1.0000000000000013,0.0
65597,45.3357555959266,1.0,560,681,1241,0.0,-0.0008333472224535399,1.0000000000000013,0.0
65598,45.334922248704146,1.0,560,681,1241,0.0,-0.0008333472224535399,1.0000000000000013,0.0
65599,45.33408890148169,1.0,560,681,1241,0.0,-0.0008333472224535399,1.0000000000000013,0.0
65600,45.33325555425924,1.0,560,681,1241,0.0,-0.0008333472224535399,1.0000000000000013,0.0
65601,45.332422207036785,0.9991941982272361,560,681,1241,-0.0008058017727639033,-0.0008333472224535399,0.999919419822725,-8.058017727639034e-05
65602,45.33158885981433,0.9991941982272361,560,681,1241,0.0,-0.0008333472224535399,0.9998388396454487,-8.058017727639034e-05
65603,45.33075551259188,0.9991941982272361,560,681,1241,0.0,-0.0008333472224535399,0.9997582594681724,-8.058017727639034e-05
65604,45.329922165369425,1.0,560,681,1241,0.0008058017727639033,-0.0008333472224535399,0.9997582594681724,0.0
65605,45.32908881814697,1.0,560,681,1241,0.0,-0.0008333472224535399,0.9997582594681724,0.0
65606,45.32825547092452,1.0,560,681,1241,0.0,-0.0008333472224535399,0.9997582594681724,0.0
65607,45.327422123702064,1.0,560,681,1241,0.0,-0.0008333472224535399,0.9997582594681724,0.0
65608,45.32658877647961,1.0,560,681,1241,0.0,-0.0008333472224535399,0.9997582594681724,0.0
65609,45.32575542925716,1.0,560,681,1241,0.0,-0.0008333472224535399,0.9997582594681724,0.0
65610,45.3249220820347,1.0,560,681,1241,0.0,-0.0008333472224535399,0.9997582594681724,0.0
65611,45.32408873481225,1.0,560,681,1241,0.0,-0.0008333472224535399,0.9998388396454487,8.058017727639034e-05
65612,45.323255387589796,0.9991941982272361,560,681,1241,-0.0008058017727639033,-0.0008333472224535399,0.9998388396454487,0.0
65613,45.32242204036734,0.9991941982272361,560,681,1241,0.0,-0.0008333472224535399,0.9998388396454487,0.0
65614,45.32158869314489,0.9991941982272361,560,681,1241,0.0,-0.0008333472224535399,0.9997582594681724,-8.058017727639034e-05
65615,45.320755345922436,0.9991941982272361,560,681,1241,0.0,-0.0008333472224535399,0.999677679290896,-8.058017727639034e-05
65616,45.319921998699975,0.9991941982272361,560,681,1241,0.0,-0.0008333472224606453,0.9995970991136197,-8.058017727639034e-05
65617,45.31908865147752,1.0,560,681,1241,0.0008058017727639033,-0.0008333472224535399,0.9995970991136197,0.0
65618,45.31825530425507,1.0,560,681,1241,0.0,-0.0008333472224535399,0.9995970991136197,0.0
65619,45.317421957032614,1.0,560,681,1241,0.0,-0.0008333472224535399,0.9995970991136197,0.0
65620,45.31658860981016,1.0,560,681,1241,0.0,-0.0008333472224535399,0.9995970991136197,0.0
65621,45.31575526258771,1.0,560,681,1241,0.0,-0.0008333472224535399,0.9995970991136197,0.0
65622,45.314921915365254,1.0,560,681,1241,0.0,-0.0008333472224535399,0.999677679290896,8.058017727639034e-05
65623,45.3140885681428,1.0,560,681,1241,0.0,-0.0008333472224535399,0.9997582594681724,8.058017727639034e-05
65624,45.31325522092035,1.0,560,681,1241,0.0,-0.0008333472224535399,0.9998388396454487,8.058017727639034e-05
65625,45.31242187369789,1.0,560,681,1241,0.0,-0.0008333472224535399,0.999919419822725,8.058017727639034e-05
65626,45.31158852647544,1.0,560,681,1241,0.0,-0.0008333472224535399,1.0000000000000013,8.058017727639034e-05
65627,45.310755179252986,1.0,560,681,1241,0.0,-0.0008333472224535399,1.0000000000000013,0.0
65628,45.30992183203053,1.0,560,681,1241,0.0,-0.0008333472224535399,1.0000000000000013,0.0
65629,45.30908848480808,1.0,560,681,1241,0.0,-0.0008333472224535399,1.0000000000000013,0.0
65630,45.308255137585626,1.0,560,681,1241,0.0,-0.0008333472224535399,1.0000000000000013,0.0
65631,45.30742179036317,1.0,560,681,1241,0.0,-0.0008333472224535399,1.0000000000000013,0.0
65632,45.30658844314072,1.0,560,681,1241,0.0,-0.0008333472224535399,1.0000000000000013,0.0
65633,45.305755095918265,1.0,560,681,1241,0.0,-0.0008333472224535399,1.0000000000000013,0.0
65634,45.30492174869581,1.0,560,681,1241,0.0,-0.0008333472224535399,1.0000000000000013,0.0
65635,45.30408840147336,1.0,560,681,1241,0.0,-0.0008333472224535399,1.0000000000000013,0.0
65636,45.303255054250904,1.0,560,681,1241,0.0,-0.0008333472224535399,1.0000000000000013,0.0
65637,45.30242170702845,1.0,560,681,1241,0.0,-0.0008333472224535399,1.0000000000000013,0.0
65638,45.301588359806,1.0,560,681,1241,0.0,-0.0008333472224535399,1.0000000000000013,0.0
65639,45.300755012583544,1.0,560,681,1241,0.0,-0.0008333472224535399,1.0000000000000013,0.0
65640,45.29992166536109,1.0,560,681,1241,0.0,-0.0008333472224535399,1.0000000000000013,0.0
65641,45.29908831813864,1.0,560,681,1241,0.0,-0.0008333472224535399,1.0000000000000013,0.0
65642,45.29825497091618,1.0,560,681,1241,0.0,-0.0008333472224535399,1.0000000000000013,0.0
65643,45.29742162369373,0.9991941982272361,560,681,1241,-0.0008058017727639033,-0.0008333472224535399,0.999919419822725,-8.058017727639034e-05
65644,45.296588276471276,1.0,560,681,1241,0.0008058017727639033,-0.0008333472224535399,0.999919419822725,0.0
65645,45.29575492924882,1.0,560,681,1241,0.0,-0.0008333472224535399,0.999919419822725,0.0
65646,45.29492158202637,1.0,560,681,1241,0.0,-0.0008333472224535399,0.999919419822725,0.0
65647,45.294088234803915,1.0,560,681,1241,0.0,-0.0008333472224535399,0.999919419822725,0.0
65648,45.29325488758146,1.0,560,681,1241,0.0,-0.0008333472224535399,0.999919419822725,0.0
65649,45.29242154035901,1.0,560,681,1241,0.0,-0.0008333472224535399,0.999919419822725,0.0
65650,45.291588193136555,1.0,560,681,1241,0.0,-0.0008333472224535399,0.999919419822725,0.0
65651,45.2907548459141,1.0,560,681,1241,0.0,-0.0008333472224535399,0.999919419822725,0.0
65652,45.28992149869165,1.0,560,681,1241,0.0,-0.0008333472224535399,0.999919419822725,0.0
65653,45.28908815146919,1.0,560,681,1241,0.0,-0.0008333472224606453,1.0000000000000013,8.058017727639034e-05
65654,45.28825480424673,1.0,560,681,1241,0.0,-0.0008333472224535399,1.0000000000000013,0.0
65655,45.28742145702428,1.0,560,681,1241,0.0,-0.0008333472224535399,1.0000000000000013,0.0
65656,45.286588109801826,1.0,560,681,1241,0.0,-0.0008333472224535399,1.0000000000000013,0.0
65657,45.28575476257937,1.0,560,681,1241,0.0,-0.0008333472224535399,1.0000000000000013,0.0
65658,45.28492141535692,1.0,560,681,1241,0.0,-0.0008333472224535399,1.0000000000000013,0.0
65659,45.284088068134466,1.0,560,681,1241,0.0,-0.0008333472224535399,1.0000000000000013,0.0
65660,45.28325472091201,1.0,560,681,1241,0.0,-0.0008333472224535399,1.0000000000000013,0.0
65661,45.28242137368956,1.0,560,681,1241,0.0,-0.0008333472224535399,1.0000000000000013,0.0
65662,45.281588026467105,1.0,560,681,1241,0.0,-0.0008333472224535399,1.0000000000000013,0.0
65663,45.28075467924465,1.0,560,681,1241,0.0,-0.0008333472224535399,1.0000000000000013,0.0
65664,45.2799213320222,1.0,560,681,1241,0.0,-0.0008333472224535399,1.0000000000000013,0.0
65665,45.279087984799745,1.0,560,681,1241,0.0,-0.0008333472224535399,1.0000000000000013,0.0
65666,45.27825463757729,1.0,560,681,1241,0.0,-0.0008333472224535399,1.0000000000000013,0.0
65667,45.27742129035484,1.0,560,681,1241,0.0,-0.0008333472224535399,1.0000000000000013,0.0
65668,45.276587943132384,1.0,560,681,1241,0.0,-0.0008333472224535399,1.0000000000000013,0.0
65669,45.27575459590993,1.0,560,681,1241,0.0,-0.0008333472224535399,1.0000000000000013,0.0
65670,45.27492124868748,1.0,560,681,1241,0.0,-0.0008333472224535399,1.0000000000000013,0.0
65671,45.27408790146502,1.0,560,681,1241,0.0,-0.0008333472224535399,1.0000000000000013,0.0
65672,45.27325455424257,1.0,560,681,1241,0.0,-0.0008333472224535399,1.0000000000000013,0.0
65673,45.272421207020116,1.0,560,681,1241,0.0,-0.0008333472224535399,1.0000000000000013,0.0
65674,45.27158785979766,1.0,560,681,1241,0.0,-0.0008333472224535399,1.0000000000000013,0.0
65675,45.27075451257521,0.9991941982272361,560,681,1241,-0.0008058017727639033,-0.0008333472224535399,0.999919419822725,-8.058017727639034e-05
65676,45.269921165352756,0.9991941982272361,560,681,1241,0.0,-0.0008333472224535399,0.9998388396454487,-8.058017727639034e-05
65677,45.2690878181303,0.9991941982272361,560,681,1241,0.0,-0.0008333472224535399,0.9997582594681724,-8.058017727639034e-05
65678,45.26825447090785,0.9991941982272361,560,681,1241,0.0,-0.0008333472224535399,0.999677679290896,-8.058017727639034e-05
65679,45.267421123685395,0.9991941982272361,560,681,1241,0.0,-0.0008333472224535399,0.9995970991136197,-8.058017727639034e-05
65680,45.26658777646294,0.9991941982272361,560,681,1241,0.0,-0.0008333472224535399,0.9995165189363433,-8.058017727639034e-05
65681,45.26575442924049,0.9991941982272361,560,681,1241,0.0,-0.0008333472224535399,0.999435938759067,-8.058017727639034e-05
65682,45.264921082018034,0.9991941982272361,560,681,1241,0.0,-0.0008333472224535399,0.9993553585817907,-8.058017727639034e-05
65683,45.26408773479558,1.0,560,681,1241,0.0008058017727639033,-0.0008333472224535399,0.9993553585817907,0.0
65684,45.26325438757313,1.0,560,681,1241,0.0,-0.0008333472224535399,0.9993553585817907,0.0
65685,45.262421040350674,1.0,560,681,1241,0.0,-0.0008333472224535399,0.999435938759067,8.058017727639034e-05
65686,45.26158769312822,1.0,560,681,1241,0.0,-0.0008333472224535399,0.9995165189363433,8.058017727639034e-05
65687,45.26075434590577,1.0,560,681,1241,0.0,-0.0008333472224535399,0.9995970991136197,8.058017727639034e-05
65688,45.25992099868331,1.0,560,681,1241,0.0,-0.0008333472224535399,0.999677679290896,8.058017727639034e-05
65689,45.25908765146086,1.0,560,681,1241,0.0,-0.0008333472224535399,0.9997582594681724,8.058017727639034e-05
65690,45.258254304238406,1.0,560,681,1241,0.0,-0.0008333472224535399,0.9998388396454487,8.058017727639034e-05
65691,45.25742095701595,1.0,560,681,1241,0.0,-0.0008333472224535399,0.999919419822725,8.058017727639034e-05
65692,45.2565876097935,1.0,560,681,1241,0.0,-0.0008333472224535399,1.0000000000000013,8.058017727639034e-05
65693,45.255754262571045,1.0,560,681,1241,0.0,-0.0008333472224535399,1.0000000000000013,0.0
65694,45.25492091534859,1.0,560,681,1241,0.0,-0.0008333472224535399,1.0000000000000013,0.0
65695,45.25408756812614,1.0,560,681,1241,0.0,-0.0008333472224535399,1.0000000000000013,0.0
65696,45.253254220903685,1.0,560,681,1241,0.0,-0.0008333472224535399,1.0000000000000013,0.0
65697,45.25242087368123,1.0,560,681,1241,0.0,-0.0008333472224535399,1.0000000000000013,0.0
65698,45.25158752645878,1.0,560,681,1241,0.0,-0.0008333472224535399,1.0000000000000013,0.0
65699,45.250754179236324,1.0,560,681,1241,0.0,-0.0008333472224535399,1.0000000000000013,0.0
65700,45.24992083201387,1.0,560,681,1241,0.0,-0.0008333472224535399,1.0000000000000013,0.0
65701,45.24908748479141,1.0,560,681,1241,0.0,-0.0008333472224606453,1.0000000000000013,0.0
65702,45.248254137568956,1.0,560,681,1241,0.0,-0.0008333472224535399,1.0000000000000013,0.0
65703,45.2474207903465,1.0,560,681,1241,0.0,-0.0008333472224535399,1.0000000000000013,0.0
65704,45.24658744312405,1.0,560,681,1241,0.0,-0.0008333472224535399,1.0000000000000013,0.0
65705,45.245754095901596,1.0,560,681,1241,0.0,-0.0008333472224535399,1.0000000000000013,0.0
65706,45.24492074867914,1.0,560,681,1241,0.0,-0.0008333472224535399,1.0000000000000013,0.0
65707,45.24408740145669,1.0,560,681,1241,0.0,-0.0008333472224535399,1.0000000000000013,0.0
65708,45.243254054234235,0.9991941982272361,560,681,1241,-0.0008058017727639033,-0.0008333472224535399,0.999919419822725,-8.058017727639034e-05
65709,45.24242070701178,1.0,560,681,1241,0.0008058017727639033,-0.0008333472224535399,0.999919419822725,0.0
65710,45.24158735978933,1.0,560,681,1241,0.0,-0.0008333472224535399,0.999919419822725,0.0
65711,45.240754012566875,1.0,560,681,1241,0.0,-0.0008333472224535399,0.999919419822725,0.0
65712,45.23992066534442,1.0,560,681,1241,0.0,-0.0008333472224535399,0.999919419822725,0.0
65713,45.23908731812197,1.0,560,681,1241,0.0,-0.0008333472224535399,0.999919419822725,0.0
65714,45.238253970899514,1.0,560,681,1241,0.0,-0.0008333472224535399,0.999919419822725,0.0
65715,45.23742062367706,1.0,560,681,1241,0.0,-0.0008333472224535399,0.999919419822725,0.0
65716,45.23658727645461,1.0,560,681,1241,0.0,-0.0008333472224535399,0.999919419822725,0.0
65717,45.23575392923215,1.0,560,681,1241,0.0,-0.0008333472224535399,0.999919419822725,0.0
65718,45.2349205820097,1.0,560,681,1241,0.0,-0.0008333472224535399,1.0000000000000013,8.058017727639034e-05
65719,45.234087234787246,1.0,560,681,1241,0.0,-0.0008333472224535399,1.0000000000000013,0.0
65720,45.23325388756479,1.0,560,681,1241,0.0,-0.0008333472224535399,1.0000000000000013,0.0
65721,45.23242054034234,1.0,560,681,1241,0.0,-0.0008333472224535399,1.0000000000000013,0.0
65722,45.231587193119886,1.0,560,681,1241,0.0,-0.0008333472224535399,1.0000000000000013,0.0
65723,45.23075384589743,1.0,560,681,1241,0.0,-0.0008333472224535399,1.0000000000000013,0.0
65724,45.22992049867498,1.0,560,681,1241,0.0,-0.0008333472224535399,1.0000000000000013,0.0
65725,45.229087151452525,1.0,560,681,1241,0.0,-0.0008333472224535399,1.0000000000000013,0.0
65726,45.22825380423007,1.0,560,681,1241,0.0,-0.0008333472224535399,1.0000000000000013,0.0
65727,45.22742045700762,1.0,560,681,1241,0.0,-0.0008333472224535399,1.0000000000000013,0.0
65728,45.226587109785164,1.0,560,681,1241,0.0,-0.0008333472224535399,1.0000000000000013,0.0
65729,45.22575376256271,1.0,560,681,1241,0.0,-0.0008333472224535399,1.0000000000000013,0.0
65730,45.22492041534026,1.0,560,681,1241,0.0,-0.0008333472224535399,1.0000000000000013,0.0
65731,45.224087068117804,1.0,560,681,1241,0.0,-0.0008333472224535399,1.0000000000000013,0.0
65732,45.22325372089535,1.0,560,681,1241,0.0,-0.0008333472224535399,1.0000000000000013,0.0
65733,45.2224203736729,1.0,560,681,1241,0.0,-0.0008333472224535399,1.0000000000000013,0.0
65734,45.22158702645044,1.0,560,681,1241,0.0,-0.0008333472224535399,1.0000000000000013,0.0
65735,45.22075367922799,1.0,560,681,1241,0.0,-0.0008333472224535399,1.0000000000000013,0.0
65736,45.219920332005536,1.0,560,681,1241,0.0,-0.0008333472224535399,1.0000000000000013,0.0
65737,45.21908698478308,1.0,560,681,1241,0.0,-0.0008333472224535399,1.0000000000000013,0.0
65738,45.21825363756062,1.0,560,681,1241,0.0,-0.0008333472224606453,1.0000000000000013,0.0
65739,45.21742029033817,1.0,560,681,1241,0.0,-0.0008333472224535399,1.0000000000000013,0.0
65740,45.216586943115715,1.0,560,681,1241,0.0,-0.0008333472224535399,1.0000000000000013,0.0
65741,45.21575359589326,1.0,560,681,1241,0.0,-0.0008333472224535399,1.0000000000000013,0.0
65742,45.21492024867081,1.0,560,681,1241,0.0,-0.0008333472224535399,1.0000000000000013,0.0
65743,45.214086901448354,1.0,560,681,1241,0.0,-0.0008333472224535399,1.0000000000000013,0.0
65744,45.2132535542259,1.0,560,681,1241,0.0,-0.0008333472224535399,1.0000000000000013,0.0
65745,45.21242020700345,1.0,560,681,1241,0.0,-0.0008333472224535399,1.0000000000000013,0.0
65746,45.211586859780994,1.0,560,681,1241,0.0,-0.0008333472224535399,1.0000000000000013,0.0
65747,45.21075351255854,1.0,560,681,1241,0.0,-0.0008333472224535399,1.0000000000000013,0.0
65748,45.20992016533609,1.0,560,681,1241,0.0,-0.0008333472224535399,1.0000000000000013,0.0
65749,45.20908681811363,1.0,560,681,1241,0.0,-0.0008333472224535399,1.0000000000000013,0.0
65750,45.20825347089118,1.0,560,681,1241,0.0,-0.0008333472224535399,1.0000000000000013,0.0
65751,45.207420123668726,1.0,560,681,1241,0.0,-0.0008333472224535399,1.0000000000000013,0.0
65752,45.20658677644627,1.0,560,681,1241,0.0,-0.0008333472224535399,1.0000000000000013,0.0
65753,45.20575342922382,1.0,560,681,1241,0.0,-0.0008333472224535399,1.0000000000000013,0.0
65754,45.204920082001365,1.0,560,681,1241,0.0,-0.0008333472224535399,1.0000000000000013,0.0
65755,45.20408673477891,1.0,560,681,1241,0.0,-0.0008333472224535399,1.0000000000000013,0.0
65756,45.20325338755646,1.0,560,681,1241,0.0,-0.0008333472224535399,1.0000000000000013,0.0
65757,45.202420040334005,1.0,560,681,1241,0.0,-0.0008333472224535399,1.0000000000000013,0.0
65758,45.20158669311155,1.0,560,681,1241,0.0,-0.0008333472224535399,1.0000000000000013,0.0
65759,45.2007533458891,1.0,560,681,1241,0.0,-0.0008333472224535399,1.0000000000000013,0.0
65760,45.199919998666644,1.0,560,681,1241,0.0,-0.0008333472224535399,1.0000000000000013,0.0
65761,45.19908665144419,1.0,560,681,1241,0.0,-0.0008333472224535399,1.0000000000000013,0.0
65762,45.19825330422174,1.0,560,681,1241,0.0,-0.0008333472224535399,1.0000000000000013,0.0
65763,45.19741995699928,1.0,560,681,1241,0.0,-0.0008333472224535399,1.0000000000000013,0.0
65764,45.19658660977683,1.0,560,681,1241,0.0,-0.0008333472224535399,1.0000000000000013,0.0
65765,45.195753262554376,1.0,560,681,1241,0.0,-0.0008333472224535399,1.0000000000000013,0.0
65766,45.19491991533192,1.0,560,681,1241,0.0,-0.0008333472224535399,1.0000000000000013,0.0
65767,45.19408656810947,1.0,560,681,1241,0.0,-0.0008333472224535399,1.0000000000000013,0.0
65768,45.193253220887016,1.0,560,681,1241,0.0,-0.0008333472224535399,1.0000000000000013,0.0
65769,45.19241987366456,1.0,560,681,1241,0.0,-0.0008333472224535399,1.0000000000000013,0.0
65770,45.19158652644211,1.0,560,681,1241,0.0,-0.0008333472224535399,1.0000000000000013,0.0
65771,45.190753179219655,0.9991941982272361,560,681,1241,-0.0008058017727639033,-0.0008333472224535399,0.999919419822725,-8.058017727639034e-05
65772,45.1899198319972,1.0,560,681,1241,0.0008058017727639033,-0.0008333472224535399,0.999919419822725,0.0
65773,45.18908648477475,1.0,560,681,1241,0.0,-0.0008333472224535399,0.999919419822725,0.0
65774,45.188253137552294,1.0,560,681,1241,0.0,-0.0008333472224535399,0.999919419822725,0.0
65775,45.18741979032984,1.0,560,681,1241,0.0,-0.0008333472224535399,0.999919419822725,0.0
65776,45.18658644310739,1.0,560,681,1241,0.0,-0.0008333472224535399,0.999919419822725,0.0
65777,45.185753095884934,1.0,560,681,1241,0.0,-0.0008333472224535399,0.999919419822725,0.0
65778,45.18491974866248,1.0,560,681,1241,0.0,-0.0008333472224535399,0.999919419822725,0.0
65779,45.18408640144003,1.0,560,681,1241,0.0,-0.0008333472224535399,0.999919419822725,0.0
65780,45.18325305421757,1.0,560,681,1241,0.0,-0.0008333472224535399,0.999919419822725,0.0
65781,45.18241970699512,1.0,560,681,1241,0.0,-0.0008333472224535399,1.0000000000000013,8.058017727639034e-05
65782,45.181586359772666,1.0,560,681,1241,0.0,-0.0008333472224535399,1.0000000000000013,0.0
65783,45.18075301255021,1.0,560,681,1241,0.0,-0.0008333472224535399,1.0000000000000013,0.0
65784,45.17991966532776,1.0,560,681,1241,0.0,-0.0008333472224535399,1.0000000000000013,0.0
65785,45.179086318105306,1.0,560,681,1241,0.0,-0.0008333472224535399,1.0000000000000013,0.0
65786,45.178252970882845,1.0,560,681,1241,0.0,-0.0008333472224606453,1.0000000000000013,0.0
65787,45.17741962366039,1.0,560,681,1241,0.0,-0.0008333472224535399,1.0000000000000013,0.0
65788,45.17658627643794,0.9991941982272361,560,681,1241,-0.0008058017727639033,-0.0008333472224535399,0.999919419822725,-8.058017727639034e-05
65789,45.175752929215484,0.9991941982272361,560,681,1241,0.0,-0.0008333472224535399,0.9998388396454487,-8.058017727639034e-05
65790,45.17491958199303,1.0,560,681,1241,0.0008058017727639033,-0.0008333472224535399,0.9998388396454487,0.0
65791,45.17408623477058,1.0,560,681,1241,0.0,-0.0008333472224535399,0.9998388396454487,0.0
65792,45.173252887548124,1.0,560,681,1241,0.0,-0.0008333472224535399,0.9998388396454487,0.0
65793,45.17241954032567,1.0,560,681,1241,0.0,-0.0008333472224535399,0.9998388396454487,0.0
65794,45.17158619310322,0.9991941982272361,560,681,1241,-0.0008058017727639033,-0.0008333472224535399,0.9997582594681724,-8.058017727639034e-05
65795,45.17075284588076,1.0,560,681,1241,0.0008058017727639033,-0.0008333472224535399,0.9997582594681724,0.0
65796,45.16991949865831,1.0,560,681,1241,0.0,-0.0008333472224535399,0.9997582594681724,0.0
65797,45.169086151435856,1.0,560,681,1241,0.0,-0.0008333472224535399,0.9997582594681724,0.0
65798,45.1682528042134,1.0,560,681,1241,0.0,-0.0008333472224535399,0.9998388396454487,8.058017727639034e-05
65799,45.16741945699095,1.0,560,681,1241,0.0,-0.0008333472224535399,0.999919419822725,8.058017727639034e-05
65800,45.166586109768495,1.0,560,681,1241,0.0,-0.0008333472224535399,0.999919419822725,0.0
65801,45.16575276254604,1.0,560,681,1241,0.0,-0.0008333472224535399,0.999919419822725,0.0
65802,45.16491941532359,1.0,560,681,1241,0.0,-0.0008333472224535399,0.999919419822725,0.0
65803,45.164086068101135,1.0,560,681,1241,0.0,-0.0008333472224535399,0.999919419822725,0.0
65804,45.16325272087868,1.0,560,681,1241,0.0,-0.0008333472224535399,1.0000000000000013,8.058017727639034e-05
65805,45.16241937365623,1.0,560,681,1241,0.0,-0.0008333472224535399,1.0000000000000013,0.0
65806,45.161586026433774,1.0,560,681,1241,0.0,-0.0008333472224535399,1.0000000000000013,0.0
65807,45.16075267921132,1.0,560,681,1241,0.0,-0.0008333472224535399,1.0000000000000013,0.0
65808,45.15991933198887,1.0,560,681,1241,0.0,-0.0008333472224535399,1.0000000000000013,0.0
65809,45.15908598476641,1.0,560,681,1241,0.0,-0.0008333472224535399,1.0000000000000013,0.0
65810,45.15825263754396,1.0,560,681,1241,0.0,-0.0008333472224535399,1.0000000000000013,0.0
65811,45.157419290321506,1.0,560,681,1241,0.0,-0.0008333472224535399,1.0000000000000013,0.0
65812,45.15658594309905,1.0,560,681,1241,0.0,-0.0008333472224535399,1.0000000000000013,0.0
65813,45.1557525958766,1.0,560,681,1241,0.0,-0.0008333472224535399,1.0000000000000013,0.0
65814,45.154919248654146,1.0,560,681,1241,0.0,-0.0008333472224535399,1.0000000000000013,0.0
65815,45.15408590143169,1.0,560,681,1241,0.0,-0.0008333472224535399,1.0000000000000013,0.0
65816,45.15325255420924,1.0,560,681,1241,0.0,-0.0008333472224535399,1.0000000000000013,0.0
65817,45.152419206986785,1.0,560,681,1241,0.0,-0.0008333472224535399,1.0000000000000013,0.0
65818,45.15158585976433,1.0,560,681,1241,0.0,-0.0008333472224535399,1.0000000000000013,0.0
65819,45.15075251254188,0.9991941982272361,560,681,1241,-0.0008058017727639033,-0.0008333472224535399,0.999919419822725,-8.058017727639034e-05
65820,45.149919165319425,0.9991941982272361,560,681,1241,0.0,-0.0008333472224535399,0.9998388396454487,-8.058017727639034e-05
65821,45.14908581809697,1.0,560,681,1241,0.0008058017727639033,-0.0008333472224535399,0.9998388396454487,0.0
65822,45.14825247087452,1.0,560,681,1241,0.0,-0.0008333472224535399,0.9998388396454487,0.0
65823,45.14741912365206,1.0,560,681,1241,0.0,-0.0008333472224606453,0.9998388396454487,0.0
65824,45.1465857764296,1.0,560,681,1241,0.0,-0.0008333472224535399,0.9998388396454487,0.0
65825,45.14575242920715,1.0,560,681,1241,0.0,-0.0008333472224535399,0.9998388396454487,0.0
65826,45.144919081984696,1.0,560,681,1241,0.0,-0.0008333472224535399,0.9998388396454487,0.0
65827,45.14408573476224,1.0,560,681,1241,0.0,-0.0008333472224535399,0.9998388396454487,0.0
65828,45.14325238753979,1.0,560,681,1241,0.0,-0.0008333472224535399,0.9998388396454487,0.0
65829,45.142419040317336,1.0,560,681,1241,0.0,-0.0008333472224535399,0.999919419822725,8.058017727639034e-05
65830,45.14158569309488,1.0,560,681,1241,0.0,-0.0008333472224535399,1.0000000000000013,8.058017727639034e-05
65831,45.14075234587243,1.0,560,681,1241,0.0,-0.0008333472224535399,1.0000000000000013,0.0
65832,45.139918998649975,1.0,560,681,1241,0.0,-0.0008333472224535399,1.0000000000000013,0.0
65833,45.13908565142752,1.0,560,681,1241,0.0,-0.0008333472224535399,1.0000000000000013,0.0
65834,45.13825230420507,1.0,560,681,1241,0.0,-0.0008333472224535399,1.0000000000000013,0.0
65835,45.137418956982614,0.9991941982272361,560,681,1241,-0.0008058017727639033,-0.0008333472224535399,0.999919419822725,-8.058017727639034e-05
65836,45.13658560976016,0.9991941982272361,560,681,1241,0.0,-0.0008333472224535399,0.9998388396454487,-8.058017727639034e-05
65837,45.13575226253771,1.0,560,681,1241,0.0008058017727639033,-0.0008333472224535399,0.9998388396454487,0.0
65838,45.134918915315254,1.0,560,681,1241,0.0,-0.0008333472224535399,0.9998388396454487,0.0
65839,45.1340855680928,1.0,560,681,1241,0.0,-0.0008333472224535399,0.9998388396454487,0.0
65840,45.13325222087035,1.0,560,681,1241,0.0,-0.0008333472224535399,0.9998388396454487,0.0
65841,45.13241887364789,0.9991941982272361,560,681,1241,-0.0008058017727639033,-0.0008333472224535399,0.9997582594681724,-8.058017727639034e-05
65842,45.13158552642544,0.9991941982272361,560,681,1241,0.0,-0.0008333472224535399,0.999677679290896,-8.058017727639034e-05
65843,45.130752179202986,0.9991941982272361,560,681,1241,0.0,-0.0008333472224535399,0.9995970991136197,-8.058017727639034e-05
65844,45.12991883198053,1.0,560,681,1241,0.0008058017727639033,-0.0008333472224535399,0.9995970991136197,0.0
65845,45.12908548475808,1.0,560,681,1241,0.0,-0.0008333472224535399,0.999677679290896,8.058017727639034e-05
65846,45.128252137535625,1.0,560,681,1241,0.0,-0.0008333472224535399,0.9997582594681724,8.058017727639034e-05
65847,45.12741879031317,1.0,560,681,1241,0.0,-0.0008333472224535399,0.9997582594681724,0.0
65848,45.12658544309072,1.0,560,681,1241,0.0,-0.0008333472224535399,0.9997582594681724,0.0
65849,45.125752095868265,1.0,560,681,1241,0.0,-0.0008333472224535399,0.9997582594681724,0.0
65850,45.12491874864581,1.0,560,681,1241,0.0,-0.0008333472224535399,0.9997582594681724,0.0
65851,45.12408540142336,1.0,560,681,1241,0.0,-0.0008333472224535399,0.9998388396454487,8.058017727639034e-05
65852,45.123252054200904,1.0,560,681,1241,0.0,-0.0008333472224535399,0.999919419822725,8.058017727639034e-05
65853,45.12241870697845,1.0,560,681,1241,0.0,-0.0008333472224535399,1.0000000000000013,8.058017727639034e-05
65854,45.121585359756,1.0,560,681,1241,0.0,-0.0008333472224535399,1.0000000000000013,0.0
65855,45.12075201253354,0.9991941982272361,560,681,1241,-0.0008058017727639033,-0.0008333472224535399,0.999919419822725,-8.058017727639034e-05
65856,45.11991866531109,0.9991941982272361,560,681,1241,0.0,-0.0008333472224535399,0.9998388396454487,-8.058017727639034e-05
65857,45.119085318088636,0.9991941982272361,560,681,1241,0.0,-0.0008333472224535399,0.9997582594681724,-8.058017727639034e-05
65858,45.11825197086618,0.9991941982272361,560,681,1241,0.0,-0.0008333472224535399,0.999677679290896,-8.058017727639034e-05
65859,45.11741862364373,1.0,560,681,1241,0.0008058017727639033,-0.0008333472224535399,0.999677679290896,0.0
65860,45.116585276421276,1.0,560,681,1241,0.0,-0.0008333472224535399,0.999677679290896,0.0
65861,45.11575192919882,1.0,560,681,1241,0.0,-0.0008333472224535399,0.999677679290896,0.0
65862,45.11491858197637,1.0,560,681,1241,0.0,-0.0008333472224535399,0.999677679290896,0.0
65863,45.114085234753915,1.0,560,681,1241,0.0,-0.0008333472224535399,0.999677679290896,0.0
65864,45.11325188753146,1.0,560,681,1241,0.0,-0.0008333472224535399,0.999677679290896,0.0
65865,45.11241854030901,1.0,560,681,1241,0.0,-0.0008333472224535399,0.9997582594681724,8.058017727639034e-05
65866,45.111585193086555,1.0,560,681,1241,0.0,-0.0008333472224535399,0.9998388396454487,8.058017727639034e-05
65867,45.1107518458641,1.0,560,681,1241,0.0,-0.0008333472224535399,0.999919419822725,8.058017727639034e-05
65868,45.10991849864165,1.0,560,681,1241,0.0,-0.0008333472224535399,1.0000000000000013,8.058017727639034e-05
65869,45.109085151419194,1.0,560,681,1241,0.0,-0.0008333472224535399,1.0000000000000013,0.0
65870,45.10825180419673,1.0,560,681,1241,0.0,-0.0008333472224606453,1.0000000000000013,0.0
65871,45.10741845697428,1.0,560,681,1241,0.0,-0.0008333472224535399,1.0000000000000013,0.0
65872,45.106585109751826,1.0,560,681,1241,0.0,-0.0008333472224535399,1.0000000000000013,0.0
65873,45.10575176252937,1.0,560,681,1241,0.0,-0.0008333472224535399,1.0000000000000013,0.0
65874,45.10491841530692,1.0,560,681,1241,0.0,-0.0008333472224535399,1.0000000000000013,0.0
65875,45.104085068084466,1.0,560,681,1241,0.0,-0.0008333472224535399,1.0000000000000013,0.0
65876,45.10325172086201,1.0,560,681,1241,0.0,-0.0008333472224535399,1.0000000000000013,0.0
65877,45.10241837363956,1.0,560,681,1241,0.0,-0.0008333472224535399,1.0000000000000013,0.0
65878,45.101585026417105,1.0,560,681,1241,0.0,-0.0008333472224535399,1.0000000000000013,0.0
65879,45.10075167919465,1.0,560,681,1241,0.0,-0.0008333472224535399,1.0000000000000013,0.0
65880,45.0999183319722,1.0,560,681,1241,0.0,-0.0008333472224535399,1.0000000000000013,0.0
65881,45.099084984749744,1.0,560,681,1241,0.0,-0.0008333472224535399,1.0000000000000013,0.0
65882,45.09825163752729,1.0,560,681,1241,0.0,-0.0008333472224535399,1.0000000000000013,0.0
65883,45.09741829030484,1.0,560,681,1241,0.0,-0.0008333472224535399,1.0000000000000013,0.0
65884,45.096584943082384,1.0,560,681,1241,0.0,-0.0008333472224535399,1.0000000000000013,0.0
65885,45.09575159585993,1.0,560,681,1241,0.0,-0.0008333472224535399,1.0000000000000013,0.0
65886,45.09491824863748,1.0,560,681,1241,0.0,-0.0008333472224535399,1.0000000000000013,0.0
65887,45.09408490141502,1.0,560,681,1241,0.0,-0.0008333472224535399,1.0000000000000013,0.0
65888,45.09325155419257,1.0,560,681,1241,0.0,-0.0008333472224535399,1.0000000000000013,0.0
65889,45.092418206970116,1.0,560,681,1241,0.0,-0.0008333472224535399,1.0000000000000013,0.0
65890,45.09158485974766,1.0,560,681,1241,0.0,-0.0008333472224535399,1.0000000000000013,0.0
65891,45.09075151252521,1.0,560,681,1241,0.0,-0.0008333472224535399,1.0000000000000013,0.0
65892,45.089918165302755,1.0,560,681,1241,0.0,-0.0008333472224535399,1.0000000000000013,0.0
65893,45.0890848180803,1.0,560,681,1241,0.0,-0.0008333472224535399,1.0000000000000013,0.0
65894,45.08825147085785,1.0,560,681,1241,0.0,-0.0008333472224535399,1.0000000000000013,0.0
65895,45.087418123635395,0.9991941982272361,560,681,1241,-0.0008058017727639033,-0.0008333472224535399,0.999919419822725,-8.058017727639034e-05
65896,45.08658477641294,0.9991941982272361,560,681,1241,0.0,-0.0008333472224535399,0.9998388396454487,-8.058017727639034e-05
65897,45.08575142919049,0.9991941982272361,560,681,1241,0.0,-0.0008333472224535399,0.9997582594681724,-8.058017727639034e-05
65898,45.084918081968034,1.0,560,681,1241,0.0008058017727639033,-0.0008333472224535399,0.9997582594681724,0.0
65899,45.08408473474558,1.0,560,681,1241,0.0,-0.0008333472224535399,0.9997582594681724,0.0
65900,45.08325138752313,1.0,560,681,1241,0.0,-0.0008333472224535399,0.9997582594681724,0.0
65901,45.082418040300674,1.0,560,681,1241,0.0,-0.0008333472224535399,0.9997582594681724,0.0
65902,45.08158469307822,1.0,560,681,1241,0.0,-0.0008333472224535399,0.9997582594681724,0.0
65903,45.08075134585577,1.0,560,681,1241,0.0,-0.0008333472224535399,0.9997582594681724,0.0
65904,45.07991799863331,1.0,560,681,1241,0.0,-0.0008333472224535399,0.9997582594681724,0.0
65905,45.07908465141086,1.0,560,681,1241,0.0,-0.0008333472224535399,0.9998388396454487,8.058017727639034e-05
65906,45.078251304188406,1.0,560,681,1241,0.0,-0.0008333472224535399,0.999919419822725,8.058017727639034e-05
65907,45.07741795696595,1.0,560,681,1241,0.0,-0.0008333472224535399,1.0000000000000013,8.058017727639034e-05
65908,45.07658460974349,1.0,560,681,1241,0.0,-0.0008333472224606453,1.0000000000000013,0.0
65909,45.07575126252104,1.0,560,681,1241,0.0,-0.0008333472224535399,1.0000000000000013,0.0
65910,45.074917915298585,1.0,560,681,1241,0.0,-0.0008333472224535399,1.0000000000000013,0.0
65911,45.07408456807613,1.0,560,681,1241,0.0,-0.0008333472224535399,1.0000000000000013,0.0
65912,45.07325122085368,1.0,560,681,1241,0.0,-0.0008333472224535399,1.0000000000000013,0.0
65913,45.072417873631224,1.0,560,681,1241,0.0,-0.0008333472224535399,1.0000000000000013,0.0
65914,45.07158452640877,1.0,560,681,1241,0.0,-0.0008333472224535399,1.0000000000000013,0.0
65915,45.07075117918632,1.0,560,681,1241,0.0,-0.0008333472224535399,1.0000000000000013,0.0
65916,45.06991783196386,1.0,560,681,1241,0.0,-0.0008333472224535399,1.0000000000000013,0.0
65917,45.06908448474141,1.0,560,681,1241,0.0,-0.0008333472224535399,1.0000000000000013,0.0
65918,45.068251137518956,1.0,560,681,1241,0.0,-0.0008333472224535399,1.0000000000000013,0.0
65919,45.0674177902965,1.0,560,681,1241,0.0,-0.0008333472224535399,1.0000000000000013,0.0
65920,45.06658444307405,1.0,560,681,1241,0.0,-0.0008333472224535399,1.0000000000000013,0.0
65921,45.065751095851596,1.0,560,681,1241,0.0,-0.0008333472224535399,1.0000000000000013,0.0
65922,45.06491774862914,1.0,560,681,1241,0.0,-0.0008333472224535399,1.0000000000000013,0.0
65923,45.06408440140669,1.0,560,681,1241,0.0,-0.0008333472224535399,1.0000000000000013,0.0
65924,45.063251054184235,1.0,560,681,1241,0.0,-0.0008333472224535399,1.0000000000000013,0.0
65925,45.06241770696178,1.0,560,681,1241,0.0,-0.0008333472224535399,1.0000000000000013,0.0
65926,45.06158435973933,1.0,560,681,1241,0.0,-0.0008333472224535399,1.0000000000000013,0.0
65927,45.060751012516874,1.0,560,681,1241,0.0,-0.0008333472224535399,1.0000000000000013,0.0
65928,45.05991766529442,1.0,560,681,1241,0.0,-0.0008333472224535399,1.0000000000000013,0.0
65929,45.05908431807197,1.0,560,681,1241,0.0,-0.0008333472224535399,1.0000000000000013,0.0
65930,45.058250970849514,1.0,560,681,1241,0.0,-0.0008333472224535399,1.0000000000000013,0.0
65931,45.05741762362706,1.0,560,681,1241,0.0,-0.0008333472224535399,1.0000000000000013,0.0
65932,45.05658427640461,0.9991941982272361,560,681,1241,-0.0008058017727639033,-0.0008333472224535399,0.999919419822725,-8.058017727639034e-05
65933,45.05575092918215,0.9983883964544722,560,681,1241,-0.0008058017727639033,-0.0008333472224535399,0.9997582594681724,-0.00016116035455278067
65934,45.0549175819597,1.0,560,681,1241,0.0016116035455278066,-0.0008333472224535399,0.9997582594681724,0.0
65935,45.054084234737246,1.0,560,681,1241,0.0,-0.0008333472224535399,0.9997582594681724,0.0
65936,45.05325088751479,1.0,560,681,1241,0.0,-0.0008333472224535399,0.9997582594681724,0.0
65937,45.05241754029234,1.0,560,681,1241,0.0,-0.0008333472224535399,0.9997582594681724,0.0
65938,45.051584193069885,1.0,560,681,1241,0.0,-0.0008333472224535399,0.9997582594681724,0.0
65939,45.05075084584743,1.0,560,681,1241,0.0,-0.0008333472224535399,0.9997582594681724,0.0
65940,45.04991749862498,1.0,560,681,1241,0.0,-0.0008333472224535399,0.9997582594681724,0.0
65941,45.049084151402525,1.0,560,681,1241,0.0,-0.0008333472224535399,0.9997582594681724,0.0
65942,45.04825080418007,1.0,560,681,1241,0.0,-0.0008333472224535399,0.9998388396454487,8.058017727639034e-05
65943,45.04741745695762,1.0,560,681,1241,0.0,-0.0008333472224535399,1.0000000000000013,0.00016116035455278067
65944,45.046584109735164,1.0,560,681,1241,0.0,-0.0008333472224535399,1.0000000000000013,0.0
65945,45.04575076251271,1.0,560,681,1241,0.0,-0.0008333472224535399,1.0000000000000013,0.0
65946,45.04491741529026,1.0,560,681,1241,0.0,-0.0008333472224535399,1.0000000000000013,0.0
65947,45.044084068067804,1.0,560,681,1241,0.0,-0.0008333472224535399,1.0000000000000013,0.0
65948,45.04325072084535,1.0,560,681,1241,0.0,-0.0008333472224535399,1.0000000000000013,0.0
65949,45.0424173736229,1.0,560,681,1241,0.0,-0.0008333472224535399,1.0000000000000013,0.0
65950,45.04158402640044,1.0,560,681,1241,0.0,-0.0008333472224535399,1.0000000000000013,0.0
65951,45.04075067917799,1.0,560,681,1241,0.0,-0.0008333472224535399,1.0000000000000013,0.0
65952,45.039917331955536,1.0,560,681,1241,0.0,-0.0008333472224535399,1.0000000000000013,0.0
65953,45.03908398473308,1.0,560,681,1241,0.0,-0.0008333472224535399,1.0000000000000013,0.0
65954,45.03825063751063,1.0,560,681,1241,0.0,-0.0008333472224535399,1.0000000000000013,0.0
65955,45.03741729028817,1.0,560,681,1241,0.0,-0.0008333472224606453,1.0000000000000013,0.0
65956,45.036583943065715,1.0,560,681,1241,0.0,-0.0008333472224535399,1.0000000000000013,0.0
65957,45.03575059584326,1.0,560,681,1241,0.0,-0.0008333472224535399,1.0000000000000013,0.0
65958,45.03491724862081,1.0,560,681,1241,0.0,-0.0008333472224535399,1.0000000000000013,0.0
65959,45.034083901398354,1.0,560,681,1241,0.0,-0.0008333472224535399,1.0000000000000013,0.0
65960,45.0332505541759,1.0,560,681,1241,0.0,-0.0008333472224535399,1.0000000000000013,0.0
65961,45.03241720695345,1.0,560,681,1241,0.0,-0.0008333472224535399,1.0000000000000013,0.0
65962,45.03158385973099,0.9991941982272361,560,681,1241,-0.0008058017727639033,-0.0008333472224535399,0.999919419822725,-8.058017727639034e-05
65963,45.03075051250854,0.9991941982272361,560,681,1241,0.0,-0.0008333472224535399,0.9998388396454487,-8.058017727639034e-05
65964,45.029917165286086,1.0,560,681,1241,0.0008058017727639033,-0.0008333472224535399,0.9998388396454487,0.0
65965,45.02908381806363,0.9991941982272361,560,681,1241,-0.0008058017727639033,-0.0008333472224535399,0.9997582594681724,-8.058017727639034e-05
65966,45.02825047084118,0.9991941982272361,560,681,1241,0.0,-0.0008333472224535399,0.999677679290896,-8.058017727639034e-05
65967,45.027417123618726,1.0,560,681,1241,0.0008058017727639033,-0.0008333472224535399,0.999677679290896,0.0
65968,45.02658377639627,1.0,560,681,1241,0.0,-0.0008333472224535399,0.999677679290896,0.0
65969,45.02575042917382,1.0,560,681,1241,0.0,-0.0008333472224535399,0.999677679290896,0.0
65970,45.024917081951365,1.0,560,681,1241,0.0,-0.0008333472224535399,0.999677679290896,0.0
65971,45.02408373472891,1.0,560,681,1241,0.0,-0.0008333472224535399,0.999677679290896,0.0
65972,45.02325038750646,1.0,560,681,1241,0.0,-0.0008333472224535399,0.9997582594681724,8.058017727639034e-05
65973,45.022417040284004,1.0,560,681,1241,0.0,-0.0008333472224535399,0.9998388396454487,8.058017727639034e-05
65974,45.02158369306155,1.0,560,681,1241,0.0,-0.0008333472224535399,0.9998388396454487,0.0
65975,45.0207503458391,1.0,560,681,1241,0.0,-0.0008333472224535399,0.999919419822725,8.058017727639034e-05
65976,45.019916998616644,1.0,560,681,1241,0.0,-0.0008333472224535399,1.0000000000000013,8.058017727639034e-05
65977,45.01908365139419,1.0,560,681,1241,0.0,-0.0008333472224535399,1.0000000000000013,0.0
65978,45.01825030417174,1.0,560,681,1241,0.0,-0.0008333472224535399,1.0000000000000013,0.0
65979,45.01741695694928,1.0,560,681,1241,0.0,-0.0008333472224535399,1.0000000000000013,0.0
65980,45.01658360972683,1.0,560,681,1241,0.0,-0.0008333472224535399,1.0000000000000013,0.0
65981,45.015750262504376,1.0,560,681,1241,0.0,-0.0008333472224535399,1.0000000000000013,0.0
65982,45.01491691528192,1.0,560,681,1241,0.0,-0.0008333472224535399,1.0000000000000013,0.0
65983,45.01408356805947,1.0,560,681,1241,0.0,-0.0008333472224535399,1.0000000000000013,0.0
65984,45.013250220837016,1.0,560,681,1241,0.0,-0.0008333472224535399,1.0000000000000013,0.0
65985,45.01241687361456,1.0,560,681,1241,0.0,-0.0008333472224535399,1.0000000000000013,0.0
65986,45.01158352639211,1.0,560,681,1241,0.0,-0.0008333472224535399,1.0000000000000013,0.0
65987,45.010750179169655,1.0,560,681,1241,0.0,-0.0008333472224535399,1.0000000000000013,0.0
65988,45.0099168319472,1.0,560,681,1241,0.0,-0.0008333472224535399,1.0000000000000013,0.0
65989,45.00908348472475,1.0,560,681,1241,0.0,-0.0008333472224535399,1.0000000000000013,0.0
65990,45.008250137502294,1.0,560,681,1241,0.0,-0.0008333472224535399,1.0000000000000013,0.0
65991,45.00741679027984,1.0,560,681,1241,0.0,-0.0008333472224535399,1.0000000000000013,0.0
65992,45.00658344305738,1.0,560,681,1241,0.0,-0.0008333472224606453,1.0000000000000013,0.0
65993,45.00575009583493,1.0,560,681,1241,0.0,-0.0008333472224535399,1.0000000000000013,0.0
65994,45.00491674861247,1.0,560,681,1241,0.0,-0.0008333472224535399,1.0000000000000013,0.0
65995,45.00408340139002,1.0,560,681,1241,0.0,-0.0008333472224535399,1.0000000000000013,0.0
65996,45.003250054167566,1.0,560,681,1241,0.0,-0.0008333472224535399,1.0000000000000013,0.0
65997,45.00241670694511,1.0,560,681,1241,0.0,-0.0008333472224535399,1.0000000000000013,0.0
65998,45.00158335972266,1.0,560,681,1241,0.0,-0.0008333472224535399,1.0000000000000013,0.0
65999,45.000750012500205,1.0,560,681,1241,0.0,-0.0008333472224535399,1.0000000000000013,0.0
66000,44.99991666527775,1.0,560,681,1241,0.0,-0.0008333472224535399,1.0000000000000013,0.0
66001,44.9990833180553,1.0,560,681,1241,0.0,-0.0008333472224535399,1.0000000000000013,0.0
66002,44.998249970832845,1.0,560,681,1241,0.0,-0.0008333472224535399,1.0000000000000013,0.0
66003,44.99741662361039,1.0,560,681,1241,0.0,-0.0008333472224535399,1.0000000000000013,0.0
66004,44.99658327638794,1.0,560,681,1241,0.0,-0.0008333472224535399,1.0000000000000013,0.0
66005,44.995749929165484,1.0,560,681,1241,0.0,-0.0008333472224535399,1.0000000000000013,0.0
66006,44.99491658194303,1.0,560,681,1241,0.0,-0.0008333472224535399,1.0000000000000013,0.0
66007,44.99408323472058,1.0,560,681,1241,0.0,-0.0008333472224535399,1.0000000000000013,0.0
66008,44.99324988749812,1.0,560,681,1241,0.0,-0.0008333472224535399,1.0000000000000013,0.0
66009,44.99241654027567,1.0,560,681,1241,0.0,-0.0008333472224535399,1.0000000000000013,0.0
66010,44.991583193053216,1.0,560,681,1241,0.0,-0.0008333472224535399,1.0000000000000013,0.0
66011,44.99074984583076,1.0,560,681,1241,0.0,-0.0008333472224535399,1.0000000000000013,0.0
66012,44.98991649860831,1.0,560,681,1241,0.0,-0.0008333472224535399,1.0000000000000013,0.0
66013,44.989083151385856,1.0,560,681,1241,0.0,-0.0008333472224535399,1.0000000000000013,0.0
66014,44.9882498041634,1.0,560,681,1241,0.0,-0.0008333472224535399,1.0000000000000013,0.0
66015,44.98741645694095,1.0,560,681,1241,0.0,-0.0008333472224535399,1.0000000000000013,0.0
66016,44.986583109718495,1.0,560,681,1241,0.0,-0.0008333472224535399,1.0000000000000013,0.0
66017,44.98574976249604,1.0,560,681,1241,0.0,-0.0008333472224535399,1.0000000000000013,0.0
66018,44.98491641527359,1.0,560,681,1241,0.0,-0.0008333472224535399,1.0000000000000013,0.0
66019,44.984083068051135,1.0,560,681,1241,0.0,-0.0008333472224535399,1.0000000000000013,0.0
66020,44.98324972082868,1.0,560,681,1241,0.0,-0.0008333472224535399,1.0000000000000013,0.0
66021,44.98241637360623,1.0,560,681,1241,0.0,-0.0008333472224535399,1.0000000000000013,0.0
66022,44.981583026383774,1.0,560,681,1241,0.0,-0.0008333472224535399,1.0000000000000013,0.0
66023,44.98074967916132,1.0,560,681,1241,0.0,-0.0008333472224535399,1.0000000000000013,0.0
66024,44.97991633193887,1.0,560,681,1241,0.0,-0.0008333472224535399,1.0000000000000013,0.0
66025,44.97908298471641,1.0,560,681,1241,0.0,-0.0008333472224535399,1.0000000000000013,0.0
66026,44.97824963749396,1.0,560,681,1241,0.0,-0.0008333472224535399,1.0000000000000013,0.0
66027,44.977416290271506,1.0,560,681,1241,0.0,-0.0008333472224535399,1.0000000000000013,0.0
66028,44.97658294304905,1.0,560,681,1241,0.0,-0.0008333472224535399,1.0000000000000013,0.0
66029,44.9757495958266,1.0,560,681,1241,0.0,-0.0008333472224535399,1.0000000000000013,0.0
66030,44.974916248604146,0.9991941982272361,560,681,1241,-0.0008058017727639033,-0.0008333472224535399,0.999919419822725,-8.058017727639034e-05
66031,44.97408290138169,1.0,560,681,1241,0.0008058017727639033,-0.0008333472224535399,0.999919419822725,0.0
66032,44.97324955415924,1.0,560,681,1241,0.0,-0.0008333472224535399,0.999919419822725,0.0
66033,44.972416206936785,1.0,560,681,1241,0.0,-0.0008333472224535399,0.999919419822725,0.0
66034,44.97158285971433,1.0,560,681,1241,0.0,-0.0008333472224535399,0.999919419822725,0.0
66035,44.97074951249188,1.0,560,681,1241,0.0,-0.0008333472224535399,0.999919419822725,0.0
66036,44.969916165269424,1.0,560,681,1241,0.0,-0.0008333472224535399,0.999919419822725,0.0
66037,44.96908281804697,1.0,560,681,1241,0.0,-0.0008333472224535399,0.999919419822725,0.0
66038,44.96824947082452,1.0,560,681,1241,0.0,-0.0008333472224535399,0.999919419822725,0.0
66039,44.967416123602064,1.0,560,681,1241,0.0,-0.0008333472224535399,0.999919419822725,0.0
66040,44.9665827763796,1.0,560,681,1241,0.0,-0.0008333472224606453,1.0000000000000013,8.058017727639034e-05
66041,44.96574942915715,1.0,560,681,1241,0.0,-0.0008333472224535399,1.0000000000000013,0.0
66042,44.964916081934696,1.0,560,681,1241,0.0,-0.0008333472224535399,1.0000000000000013,0.0
66043,44.96408273471224,0.9991941982272361,560,681,1241,-0.0008058017727639033,-0.0008333472224535399,0.999919419822725,-8.058017727639034e-05
66044,44.96324938748979,0.9991941982272361,560,681,1241,0.0,-0.0008333472224535399,0.9998388396454487,-8.058017727639034e-05
66045,44.962416040267335,0.9991941982272361,560,681,1241,0.0,-0.0008333472224535399,0.9997582594681724,-8.058017727639034e-05
66046,44.96158269304488,0.9991941982272361,560,681,1241,0.0,-0.0008333472224535399,0.999677679290896,-8.058017727639034e-05
66047,44.96074934582243,1.0,560,681,1241,0.0008058017727639033,-0.0008333472224535399,0.999677679290896,0.0
66048,44.959915998599975,1.0,560,681,1241,0.0,-0.0008333472224535399,0.999677679290896,0.0
66049,44.95908265137752,1.0,560,681,1241,0.0,-0.0008333472224535399,0.999677679290896,0.0
66050,44.95824930415507,1.0,560,681,1241,0.0,-0.0008333472224535399,0.999677679290896,0.0
66051,44.957415956932614,1.0,560,681,1241,0.0,-0.0008333472224535399,0.999677679290896,0.0
66052,44.95658260971016,1.0,560,681,1241,0.0,-0.0008333472224535399,0.999677679290896,0.0
66053,44.95574926248771,1.0,560,681,1241,0.0,-0.0008333472224535399,0.9997582594681724,8.058017727639034e-05
66054,44.95491591526525,1.0,560,681,1241,0.0,-0.0008333472224535399,0.9998388396454487,8.058017727639034e-05
66055,44.9540825680428,1.0,560,681,1241,0.0,-0.0008333472224535399,0.999919419822725,8.058017727639034e-05
66056,44.95324922082035,1.0,560,681,1241,0.0,-0.0008333472224535399,1.0000000000000013,8.058017727639034e-05
66057,44.95241587359789,1.0,560,681,1241,0.0,-0.0008333472224535399,1.0000000000000013,0.0
66058,44.95158252637544,1.0,560,681,1241,0.0,-0.0008333472224535399,1.0000000000000013,0.0
66059,44.950749179152986,1.0,560,681,1241,0.0,-0.0008333472224535399,1.0000000000000013,0.0
66060,44.94991583193053,1.0,560,681,1241,0.0,-0.0008333472224535399,1.0000000000000013,0.0
66061,44.94908248470808,1.0,560,681,1241,0.0,-0.0008333472224535399,1.0000000000000013,0.0
66062,44.948249137485625,1.0,560,681,1241,0.0,-0.0008333472224535399,1.0000000000000013,0.0
66063,44.94741579026317,1.0,560,681,1241,0.0,-0.0008333472224535399,1.0000000000000013,0.0
66064,44.94658244304072,1.0,560,681,1241,0.0,-0.0008333472224535399,1.0000000000000013,0.0
66065,44.945749095818265,1.0,560,681,1241,0.0,-0.0008333472224535399,1.0000000000000013,0.0
66066,44.94491574859581,1.0,560,681,1241,0.0,-0.0008333472224535399,1.0000000000000013,0.0
66067,44.94408240137336,1.0,560,681,1241,0.0,-0.0008333472224535399,1.0000000000000013,0.0
66068,44.943249054150904,1.0,560,681,1241,0.0,-0.0008333472224535399,1.0000000000000013,0.0
66069,44.94241570692845,0.9991941982272361,560,681,1241,-0.0008058017727639033,-0.0008333472224535399,0.999919419822725,-8.058017727639034e-05
66070,44.941582359706,0.9991941982272361,560,681,1241,0.0,-0.0008333472224535399,0.9998388396454487,-8.058017727639034e-05
66071,44.94074901248354,0.9991941982272361,560,681,1241,0.0,-0.0008333472224535399,0.9997582594681724,-8.058017727639034e-05
66072,44.93991566526109,1.0,560,681,1241,0.0008058017727639033,-0.0008333472224535399,0.9997582594681724,0.0
66073,44.939082318038636,1.0,560,681,1241,0.0,-0.0008333472224535399,0.9997582594681724,0.0
66074,44.93824897081618,1.0,560,681,1241,0.0,-0.0008333472224535399,0.9997582594681724,0.0
66075,44.93741562359373,1.0,560,681,1241,0.0,-0.0008333472224535399,0.9997582594681724,0.0
66076,44.936582276371276,1.0,560,681,1241,0.0,-0.0008333472224535399,0.9997582594681724,0.0
66077,44.935748929148815,1.0,560,681,1241,0.0,-0.0008333472224606453,0.9997582594681724,0.0
66078,44.93491558192636,1.0,560,681,1241,0.0,-0.0008333472224535399,0.9997582594681724,0.0
66079,44.93408223470391,1.0,560,681,1241,0.0,-0.0008333472224535399,0.9998388396454487,8.058017727639034e-05
66080,44.933248887481454,1.0,560,681,1241,0.0,-0.0008333472224535399,0.999919419822725,8.058017727639034e-05
66081,44.932415540259,1.0,560,681,1241,0.0,-0.0008333472224535399,1.0000000000000013,8.058017727639034e-05
66082,44.93158219303655,1.0,560,681,1241,0.0,-0.0008333472224535399,1.0000000000000013,0.0
66083,44.930748845814094,1.0,560,681,1241,0.0,-0.0008333472224535399,1.0000000000000013,0.0
66084,44.92991549859164,1.0,560,681,1241,0.0,-0.0008333472224535399,1.0000000000000013,0.0
66085,44.92908215136919,1.0,560,681,1241,0.0,-0.0008333472224535399,1.0000000000000013,0.0
66086,44.92824880414673,1.0,560,681,1241,0.0,-0.0008333472224535399,1.0000000000000013,0.0
66087,44.92741545692428,1.0,560,681,1241,0.0,-0.0008333472224535399,1.0000000000000013,0.0
66088,44.926582109701826,1.0,560,681,1241,0.0,-0.0008333472224535399,1.0000000000000013,0.0
66089,44.92574876247937,1.0,560,681,1241,0.0,-0.0008333472224535399,1.0000000000000013,0.0
66090,44.92491541525692,1.0,560,681,1241,0.0,-0.0008333472224535399,1.0000000000000013,0.0
66091,44.924082068034465,1.0,560,681,1241,0.0,-0.0008333472224535399,1.0000000000000013,0.0
66092,44.92324872081201,1.0,560,681,1241,0.0,-0.0008333472224535399,1.0000000000000013,0.0
66093,44.92241537358956,1.0,560,681,1241,0.0,-0.0008333472224535399,1.0000000000000013,0.0
66094,44.921582026367105,1.0,560,681,1241,0.0,-0.0008333472224535399,1.0000000000000013,0.0
66095,44.92074867914465,1.0,560,681,1241,0.0,-0.0008333472224535399,1.0000000000000013,0.0
66096,44.9199153319222,1.0,560,681,1241,0.0,-0.0008333472224535399,1.0000000000000013,0.0
66097,44.919081984699744,1.0,560,681,1241,0.0,-0.0008333472224535399,1.0000000000000013,0.0
66098,44.91824863747729,1.0,560,681,1241,0.0,-0.0008333472224535399,1.0000000000000013,0.0
66099,44.91741529025484,1.0,560,681,1241,0.0,-0.0008333472224535399,1.0000000000000013,0.0
66100,44.916581943032384,1.0,560,681,1241,0.0,-0.0008333472224535399,1.0000000000000013,0.0
66101,44.91574859580993,1.0,560,681,1241,0.0,-0.0008333472224535399,1.0000000000000013,0.0
66102,44.91491524858748,1.0,560,681,1241,0.0,-0.0008333472224535399,1.0000000000000013,0.0
66103,44.91408190136502,1.0,560,681,1241,0.0,-0.0008333472224535399,1.0000000000000013,0.0
66104,44.91324855414257,1.0,560,681,1241,0.0,-0.0008333472224535399,1.0000000000000013,0.0
66105,44.912415206920116,1.0,560,681,1241,0.0,-0.0008333472224535399,1.0000000000000013,0.0
66106,44.91158185969766,1.0,560,681,1241,0.0,-0.0008333472224535399,1.0000000000000013,0.0
66107,44.91074851247521,1.0,560,681,1241,0.0,-0.0008333472224535399,1.0000000000000013,0.0
66108,44.909915165252755,1.0,560,681,1241,0.0,-0.0008333472224535399,1.0000000000000013,0.0
66109,44.9090818180303,1.0,560,681,1241,0.0,-0.0008333472224535399,1.0000000000000013,0.0
66110,44.90824847080785,1.0,560,681,1241,0.0,-0.0008333472224535399,1.0000000000000013,0.0
66111,44.907415123585395,1.0,560,681,1241,0.0,-0.0008333472224535399,1.0000000000000013,0.0
66112,44.90658177636294,1.0,560,681,1241,0.0,-0.0008333472224535399,1.0000000000000013,0.0
66113,44.90574842914049,1.0,560,681,1241,0.0,-0.0008333472224535399,1.0000000000000013,0.0
66114,44.904915081918034,1.0,560,681,1241,0.0,-0.0008333472224535399,1.0000000000000013,0.0
66115,44.90408173469558,1.0,560,681,1241,0.0,-0.0008333472224535399,1.0000000000000013,0.0
66116,44.90324838747313,1.0,560,681,1241,0.0,-0.0008333472224535399,1.0000000000000013,0.0
66117,44.90241504025067,0.9991941982272361,560,681,1241,-0.0008058017727639033,-0.0008333472224535399,0.999919419822725,-8.058017727639034e-05
66118,44.90158169302822,0.9991941982272361,560,681,1241,0.0,-0.0008333472224535399,0.9998388396454487,-8.058017727639034e-05
66119,44.900748345805766,1.0,560,681,1241,0.0008058017727639033,-0.0008333472224535399,0.9998388396454487,0.0
66120,44.89991499858331,1.0,560,681,1241,0.0,-0.0008333472224535399,0.9998388396454487,0.0
66121,44.89908165136086,1.0,560,681,1241,0.0,-0.0008333472224535399,0.9998388396454487,0.0
66122,44.898248304138406,1.0,560,681,1241,0.0,-0.0008333472224535399,0.9998388396454487,0.0
66123,44.89741495691595,1.0,560,681,1241,0.0,-0.0008333472224535399,0.9998388396454487,0.0
66124,44.8965816096935,1.0,560,681,1241,0.0,-0.0008333472224535399,0.9998388396454487,0.0
66125,44.89574826247104,1.0,560,681,1241,0.0,-0.0008333472224606453,0.9998388396454487,0.0
66126,44.894914915248584,1.0,560,681,1241,0.0,-0.0008333472224535399,0.9998388396454487,0.0
66127,44.89408156802613,1.0,560,681,1241,0.0,-0.0008333472224535399,0.999919419822725,8.058017727639034e-05
66128,44.89324822080368,1.0,560,681,1241,0.0,-0.0008333472224535399,1.0000000000000013,8.058017727639034e-05
66129,44.892414873581224,1.0,560,681,1241,0.0,-0.0008333472224535399,1.0000000000000013,0.0
66130,44.89158152635877,1.0,560,681,1241,0.0,-0.0008333472224535399,1.0000000000000013,0.0
66131,44.89074817913632,1.0,560,681,1241,0.0,-0.0008333472224535399,1.0000000000000013,0.0
66132,44.88991483191386,1.0,560,681,1241,0.0,-0.0008333472224535399,1.0000000000000013,0.0
66133,44.88908148469141,1.0,560,681,1241,0.0,-0.0008333472224535399,1.0000000000000013,0.0
66134,44.888248137468956,1.0,560,681,1241,0.0,-0.0008333472224535399,1.0000000000000013,0.0
66135,44.8874147902465,1.0,560,681,1241,0.0,-0.0008333472224535399,1.0000000000000013,0.0
66136,44.88658144302405,1.0,560,681,1241,0.0,-0.0008333472224535399,1.0000000000000013,0.0
66137,44.885748095801596,1.0,560,681,1241,0.0,-0.0008333472224535399,1.0000000000000013,0.0
66138,44.88491474857914,1.0,560,681,1241,0.0,-0.0008333472224535399,1.0000000000000013,0.0
66139,44.88408140135669,1.0,560,681,1241,0.0,-0.0008333472224535399,1.0000000000000013,0.0
66140,44.883248054134235,1.0,560,681,1241,0.0,-0.0008333472224535399,1.0000000000000013,0.0
66141,44.88241470691178,1.0,560,681,1241,0.0,-0.0008333472224535399,1.0000000000000013,0.0
66142,44.88158135968933,1.0,560,681,1241,0.0,-0.0008333472224535399,1.0000000000000013,0.0
66143,44.880748012466874,1.0,560,681,1241,0.0,-0.0008333472224535399,1.0000000000000013,0.0
66144,44.87991466524442,1.0,560,681,1241,0.0,-0.0008333472224535399,1.0000000000000013,0.0
66145,44.87908131802197,1.0,560,681,1241,0.0,-0.0008333472224535399,1.0000000000000013,0.0
66146,44.878247970799514,1.0,560,681,1241,0.0,-0.0008333472224535399,1.0000000000000013,0.0
66147,44.87741462357706,1.0,560,681,1241,0.0,-0.0008333472224535399,1.0000000000000013,0.0
66148,44.87658127635461,1.0,560,681,1241,0.0,-0.0008333472224535399,1.0000000000000013,0.0
66149,44.87574792913215,1.0,560,681,1241,0.0,-0.0008333472224535399,1.0000000000000013,0.0
66150,44.8749145819097,1.0,560,681,1241,0.0,-0.0008333472224535399,1.0000000000000013,0.0
66151,44.874081234687246,1.0,560,681,1241,0.0,-0.0008333472224535399,1.0000000000000013,0.0
66152,44.87324788746479,1.0,560,681,1241,0.0,-0.0008333472224535399,1.0000000000000013,0.0
66153,44.87241454024234,1.0,560,681,1241,0.0,-0.0008333472224535399,1.0000000000000013,0.0
66154,44.871581193019885,1.0,560,681,1241,0.0,-0.0008333472224535399,1.0000000000000013,0.0
66155,44.87074784579743,0.9991941982272361,560,681,1241,-0.0008058017727639033,-0.0008333472224535399,0.999919419822725,-8.058017727639034e-05
66156,44.86991449857498,0.9991941982272361,560,681,1241,0.0,-0.0008333472224535399,0.9998388396454487,-8.058017727639034e-05
66157,44.869081151352525,1.0,560,681,1241,0.0008058017727639033,-0.0008333472224535399,0.9998388396454487,0.0
66158,44.86824780413007,1.0,560,681,1241,0.0,-0.0008333472224535399,0.9998388396454487,0.0
66159,44.86741445690762,1.0,560,681,1241,0.0,-0.0008333472224535399,0.9998388396454487,0.0
66160,44.866581109685164,1.0,560,681,1241,0.0,-0.0008333472224535399,0.9998388396454487,0.0
66161,44.86574776246271,0.9991941982272361,560,681,1241,-0.0008058017727639033,-0.0008333472224535399,0.9997582594681724,-8.058017727639034e-05
66162,44.86491441524025,0.9991941982272361,560,681,1241,0.0,-0.0008333472224606453,0.999677679290896,-8.058017727639034e-05
66163,44.864081068017796,0.9991941982272361,560,681,1241,0.0,-0.0008333472224535399,0.9995970991136197,-8.058017727639034e-05
66164,44.86324772079534,0.9991941982272361,560,681,1241,0.0,-0.0008333472224535399,0.9995165189363433,-8.058017727639034e-05
66165,44.86241437357289,0.9991941982272361,560,681,1241,0.0,-0.0008333472224535399,0.9995165189363433,0.0
66166,44.861581026350436,0.9991941982272361,560,681,1241,0.0,-0.0008333472224535399,0.9995165189363433,0.0
66167,44.86074767912798,0.9991941982272361,560,681,1241,0.0,-0.0008333472224535399,0.999435938759067,-8.058017727639034e-05
66168,44.85991433190553,0.9991941982272361,560,681,1241,0.0,-0.0008333472224535399,0.9993553585817907,-8.058017727639034e-05
66169,44.859080984683075,1.0,560,681,1241,0.0008058017727639033,-0.0008333472224535399,0.9993553585817907,0.0
66170,44.85824763746062,1.0,560,681,1241,0.0,-0.0008333472224535399,0.9993553585817907,0.0
66171,44.85741429023817,1.0,560,681,1241,0.0,-0.0008333472224535399,0.999435938759067,8.058017727639034e-05
66172,44.856580943015715,1.0,560,681,1241,0.0,-0.0008333472224535399,0.9995165189363433,8.058017727639034e-05
66173,44.85574759579326,1.0,560,681,1241,0.0,-0.0008333472224535399,0.9995970991136197,8.058017727639034e-05
66174,44.85491424857081,1.0,560,681,1241,0.0,-0.0008333472224535399,0.999677679290896,8.058017727639034e-05
66175,44.854080901348354,1.0,560,681,1241,0.0,-0.0008333472224535399,0.9997582594681724,8.058017727639034e-05
66176,44.8532475541259,1.0,560,681,1241,0.0,-0.0008333472224535399,0.9998388396454487,8.058017727639034e-05
66177,44.85241420690345,0.9991941982272361,560,681,1241,-0.0008058017727639033,-0.0008333472224535399,0.9998388396454487,0.0
66178,44.85158085968099,0.9991941982272361,560,681,1241,0.0,-0.0008333472224535399,0.9998388396454487,0.0
66179,44.85074751245854,0.9991941982272361,560,681,1241,0.0,-0.0008333472224535399,0.9997582594681724,-8.058017727639034e-05
66180,44.849914165236086,0.9991941982272361,560,681,1241,0.0,-0.0008333472224535399,0.999677679290896,-8.058017727639034e-05
66181,44.84908081801363,0.9991941982272361,560,681,1241,0.0,-0.0008333472224535399,0.9995970991136197,-8.058017727639034e-05
66182,44.84824747079118,0.9991941982272361,560,681,1241,0.0,-0.0008333472224535399,0.9995165189363433,-8.058017727639034e-05
66183,44.847414123568726,1.0,560,681,1241,0.0008058017727639033,-0.0008333472224535399,0.9995165189363433,0.0
66184,44.84658077634627,1.0,560,681,1241,0.0,-0.0008333472224535399,0.9995165189363433,0.0
66185,44.84574742912382,1.0,560,681,1241,0.0,-0.0008333472224535399,0.9995165189363433,0.0
66186,44.844914081901365,1.0,560,681,1241,0.0,-0.0008333472224535399,0.9995165189363433,0.0
66187,44.84408073467891,1.0,560,681,1241,0.0,-0.0008333472224535399,0.9995970991136197,8.058017727639034e-05
66188,44.84324738745646,1.0,560,681,1241,0.0,-0.0008333472224535399,0.999677679290896,8.058017727639034e-05
66189,44.842414040234004,1.0,560,681,1241,0.0,-0.0008333472224535399,0.9997582594681724,8.058017727639034e-05
66190,44.84158069301155,1.0,560,681,1241,0.0,-0.0008333472224535399,0.9998388396454487,8.058017727639034e-05
66191,44.8407473457891,1.0,560,681,1241,0.0,-0.0008333472224535399,0.999919419822725,8.058017727639034e-05
66192,44.839913998566644,1.0,560,681,1241,0.0,-0.0008333472224535399,1.0000000000000013,8.058017727639034e-05
66193,44.83908065134419,1.0,560,681,1241,0.0,-0.0008333472224535399,1.0000000000000013,0.0
66194,44.83824730412174,1.0,560,681,1241,0.0,-0.0008333472224535399,1.0000000000000013,0.0
66195,44.83741395689928,1.0,560,681,1241,0.0,-0.0008333472224535399,1.0000000000000013,0.0
66196,44.83658060967683,0.9991941982272361,560,681,1241,-0.0008058017727639033,-0.0008333472224535399,0.999919419822725,-8.058017727639034e-05
66197,44.835747262454376,0.9991941982272361,560,681,1241,0.0,-0.0008333472224535399,0.9998388396454487,-8.058017727639034e-05
66198,44.83491391523192,0.9991941982272361,560,681,1241,0.0,-0.0008333472224535399,0.9997582594681724,-8.058017727639034e-05
66199,44.83408056800947,1.0,560,681,1241,0.0008058017727639033,-0.0008333472224535399,0.9997582594681724,0.0
66200,44.833247220787015,1.0,560,681,1241,0.0,-0.0008333472224535399,0.9997582594681724,0.0
66201,44.83241387356456,1.0,560,681,1241,0.0,-0.0008333472224535399,0.9997582594681724,0.0
66202,44.83158052634211,1.0,560,681,1241,0.0,-0.0008333472224535399,0.9997582594681724,0.0
66203,44.830747179119655,1.0,560,681,1241,0.0,-0.0008333472224535399,0.9997582594681724,0.0
66204,44.8299138318972,1.0,560,681,1241,0.0,-0.0008333472224535399,0.9997582594681724,0.0
66205,44.82908048467475,1.0,560,681,1241,0.0,-0.0008333472224535399,0.9997582594681724,0.0
66206,44.828247137452294,1.0,560,681,1241,0.0,-0.0008333472224535399,0.9998388396454487,8.058017727639034e-05
66207,44.82741379022984,1.0,560,681,1241,0.0,-0.0008333472224535399,0.999919419822725,8.058017727639034e-05
66208,44.82658044300739,1.0,560,681,1241,0.0,-0.0008333472224535399,1.0000000000000013,8.058017727639034e-05
66209,44.825747095784926,1.0,560,681,1241,0.0,-0.0008333472224606453,1.0000000000000013,0.0
66210,44.82491374856247,1.0,560,681,1241,0.0,-0.0008333472224535399,1.0000000000000013,0.0
66211,44.82408040134002,1.0,560,681,1241,0.0,-0.0008333472224535399,1.0000000000000013,0.0
66212,44.823247054117566,1.0,560,681,1241,0.0,-0.0008333472224535399,1.0000000000000013,0.0
66213,44.82241370689511,1.0,560,681,1241,0.0,-0.0008333472224535399,1.0000000000000013,0.0
66214,44.82158035967266,1.0,560,681,1241,0.0,-0.0008333472224535399,1.0000000000000013,0.0
66215,44.820747012450205,1.0,560,681,1241,0.0,-0.0008333472224535399,1.0000000000000013,0.0
66216,44.81991366522775,1.0,560,681,1241,0.0,-0.0008333472224535399,1.0000000000000013,0.0
66217,44.8190803180053,1.0,560,681,1241,0.0,-0.0008333472224535399,1.0000000000000013,0.0
66218,44.818246970782845,1.0,560,681,1241,0.0,-0.0008333472224535399,1.0000000000000013,0.0
66219,44.81741362356039,1.0,560,681,1241,0.0,-0.0008333472224535399,1.0000000000000013,0.0
66220,44.81658027633794,1.0,560,681,1241,0.0,-0.0008333472224535399,1.0000000000000013,0.0
66221,44.815746929115484,1.0,560,681,1241,0.0,-0.0008333472224535399,1.0000000000000013,0.0
66222,44.81491358189303,1.0,560,681,1241,0.0,-0.0008333472224535399,1.0000000000000013,0.0
66223,44.81408023467058,1.0,560,681,1241,0.0,-0.0008333472224535399,1.0000000000000013,0.0
66224,44.81324688744812,1.0,560,681,1241,0.0,-0.0008333472224535399,1.0000000000000013,0.0
66225,44.81241354022567,1.0,560,681,1241,0.0,-0.0008333472224535399,1.0000000000000013,0.0
66226,44.811580193003216,1.0,560,681,1241,0.0,-0.0008333472224535399,1.0000000000000013,0.0
66227,44.81074684578076,1.0,560,681,1241,0.0,-0.0008333472224535399,1.0000000000000013,0.0
66228,44.80991349855831,1.0,560,681,1241,0.0,-0.0008333472224535399,1.0000000000000013,0.0
66229,44.809080151335856,1.0,560,681,1241,0.0,-0.0008333472224535399,1.0000000000000013,0.0
66230,44.8082468041134,1.0,560,681,1241,0.0,-0.0008333472224535399,1.0000000000000013,0.0
66231,44.80741345689095,1.0,560,681,1241,0.0,-0.0008333472224535399,1.0000000000000013,0.0
66232,44.806580109668495,0.9991941982272361,560,681,1241,-0.0008058017727639033,-0.0008333472224535399,0.999919419822725,-8.058017727639034e-05
66233,44.80574676244604,0.9991941982272361,560,681,1241,0.0,-0.0008333472224535399,0.9998388396454487,-8.058017727639034e-05
66234,44.80491341522359,0.9991941982272361,560,681,1241,0.0,-0.0008333472224535399,0.9997582594681724,-8.058017727639034e-05
66235,44.804080068001134,0.9991941982272361,560,681,1241,0.0,-0.0008333472224535399,0.999677679290896,-8.058017727639034e-05
66236,44.80324672077868,0.9991941982272361,560,681,1241,0.0,-0.0008333472224535399,0.9995970991136197,-8.058017727639034e-05
66237,44.80241337355623,1.0,560,681,1241,0.0008058017727639033,-0.0008333472224535399,0.9995970991136197,0.0
66238,44.801580026333774,1.0,560,681,1241,0.0,-0.0008333472224535399,0.9995970991136197,0.0
66239,44.80074667911132,1.0,560,681,1241,0.0,-0.0008333472224535399,0.9995970991136197,0.0
66240,44.79991333188887,1.0,560,681,1241,0.0,-0.0008333472224535399,0.9995970991136197,0.0
66241,44.79907998466641,1.0,560,681,1241,0.0,-0.0008333472224535399,0.9995970991136197,0.0
66242,44.79824663744396,1.0,560,681,1241,0.0,-0.0008333472224535399,0.999677679290896,8.058017727639034e-05
66243,44.797413290221506,1.0,560,681,1241,0.0,-0.0008333472224535399,0.9997582594681724,8.058017727639034e-05
66244,44.79657994299905,1.0,560,681,1241,0.0,-0.0008333472224535399,0.9998388396454487,8.058017727639034e-05
66245,44.7957465957766,1.0,560,681,1241,0.0,-0.0008333472224535399,0.999919419822725,8.058017727639034e-05
66246,44.79491324855414,1.0,560,681,1241,0.0,-0.0008333472224606453,1.0000000000000013,8.058017727639034e-05
66247,44.794079901331685,1.0,560,681,1241,0.0,-0.0008333472224535399,1.0000000000000013,0.0
66248,44.79324655410923,0.9991941982272361,560,681,1241,-0.0008058017727639033,-0.0008333472224535399,0.999919419822725,-8.058017727639034e-05
66249,44.79241320688678,0.9991941982272361,560,681,1241,0.0,-0.0008333472224535399,0.9998388396454487,-8.058017727639034e-05
66250,44.791579859664324,1.0,560,681,1241,0.0008058017727639033,-0.0008333472224535399,0.9998388396454487,0.0
66251,44.79074651244187,1.0,560,681,1241,0.0,-0.0008333472224535399,0.9998388396454487,0.0
66252,44.78991316521942,1.0,560,681,1241,0.0,-0.0008333472224535399,0.9998388396454487,0.0
66253,44.789079817996964,1.0,560,681,1241,0.0,-0.0008333472224535399,0.9998388396454487,0.0
66254,44.78824647077451,1.0,560,681,1241,0.0,-0.0008333472224535399,0.9998388396454487,0.0
66255,44.78741312355206,1.0,560,681,1241,0.0,-0.0008333472224535399,0.9998388396454487,0.0
66256,44.7865797763296,1.0,560,681,1241,0.0,-0.0008333472224535399,0.9998388396454487,0.0
66257,44.78574642910715,1.0,560,681,1241,0.0,-0.0008333472224535399,0.9998388396454487,0.0
66258,44.784913081884696,1.0,560,681,1241,0.0,-0.0008333472224535399,0.999919419822725,8.058017727639034e-05
66259,44.78407973466224,1.0,560,681,1241,0.0,-0.0008333472224535399,1.0000000000000013,8.058017727639034e-05
66260,44.78324638743979,1.0,560,681,1241,0.0,-0.0008333472224535399,1.0000000000000013,0.0
66261,44.782413040217335,1.0,560,681,1241,0.0,-0.0008333472224535399,1.0000000000000013,0.0
66262,44.78157969299488,1.0,560,681,1241,0.0,-0.0008333472224535399,1.0000000000000013,0.0
66263,44.78074634577243,1.0,560,681,1241,0.0,-0.0008333472224535399,1.0000000000000013,0.0
66264,44.779912998549975,1.0,560,681,1241,0.0,-0.0008333472224535399,1.0000000000000013,0.0
66265,44.77907965132752,1.0,560,681,1241,0.0,-0.0008333472224535399,1.0000000000000013,0.0
66266,44.77824630410507,1.0,560,681,1241,0.0,-0.0008333472224535399,1.0000000000000013,0.0
66267,44.777412956882614,1.0,560,681,1241,0.0,-0.0008333472224535399,1.0000000000000013,0.0
66268,44.77657960966016,1.0,560,681,1241,0.0,-0.0008333472224535399,1.0000000000000013,0.0
66269,44.77574626243771,1.0,560,681,1241,0.0,-0.0008333472224535399,1.0000000000000013,0.0
66270,44.77491291521525,1.0,560,681,1241,0.0,-0.0008333472224535399,1.0000000000000013,0.0
66271,44.7740795679928,1.0,560,681,1241,0.0,-0.0008333472224535399,1.0000000000000013,0.0
66272,44.773246220770346,1.0,560,681,1241,0.0,-0.0008333472224535399,1.0000000000000013,0.0
66273,44.77241287354789,1.0,560,681,1241,0.0,-0.0008333472224535399,1.0000000000000013,0.0
66274,44.77157952632544,1.0,560,681,1241,0.0,-0.0008333472224535399,1.0000000000000013,0.0
66275,44.770746179102986,1.0,560,681,1241,0.0,-0.0008333472224535399,1.0000000000000013,0.0
66276,44.76991283188053,1.0,560,681,1241,0.0,-0.0008333472224535399,1.0000000000000013,0.0
66277,44.76907948465808,1.0,560,681,1241,0.0,-0.0008333472224535399,1.0000000000000013,0.0
66278,44.768246137435625,1.0,560,681,1241,0.0,-0.0008333472224535399,1.0000000000000013,0.0
66279,44.76741279021317,1.0,560,681,1241,0.0,-0.0008333472224535399,1.0000000000000013,0.0
66280,44.76657944299072,1.0,560,681,1241,0.0,-0.0008333472224535399,1.0000000000000013,0.0
66281,44.765746095768264,1.0,560,681,1241,0.0,-0.0008333472224535399,1.0000000000000013,0.0
66282,44.76491274854581,1.0,560,681,1241,0.0,-0.0008333472224535399,1.0000000000000013,0.0
66283,44.76407940132336,1.0,560,681,1241,0.0,-0.0008333472224535399,1.0000000000000013,0.0
66284,44.763246054100904,1.0,560,681,1241,0.0,-0.0008333472224535399,1.0000000000000013,0.0
66285,44.76241270687845,1.0,560,681,1241,0.0,-0.0008333472224535399,1.0000000000000013,0.0
66286,44.761579359656,1.0,560,681,1241,0.0,-0.0008333472224535399,1.0000000000000013,0.0
66287,44.76074601243354,1.0,560,681,1241,0.0,-0.0008333472224535399,1.0000000000000013,0.0
66288,44.75991266521109,1.0,560,681,1241,0.0,-0.0008333472224535399,1.0000000000000013,0.0
66289,44.759079317988636,1.0,560,681,1241,0.0,-0.0008333472224535399,1.0000000000000013,0.0
66290,44.75824597076618,1.0,560,681,1241,0.0,-0.0008333472224535399,1.0000000000000013,0.0
66291,44.75741262354373,1.0,560,681,1241,0.0,-0.0008333472224535399,1.0000000000000013,0.0
66292,44.756579276321276,1.0,560,681,1241,0.0,-0.0008333472224535399,1.0000000000000013,0.0
66293,44.75574592909882,1.0,560,681,1241,0.0,-0.0008333472224535399,1.0000000000000013,0.0
66294,44.75491258187636,1.0,560,681,1241,0.0,-0.0008333472224606453,1.0000000000000013,0.0
66295,44.75407923465391,1.0,560,681,1241,0.0,-0.0008333472224535399,1.0000000000000013,0.0
66296,44.753245887431454,1.0,560,681,1241,0.0,-0.0008333472224535399,1.0000000000000013,0.0
66297,44.752412540209,1.0,560,681,1241,0.0,-0.0008333472224535399,1.0000000000000013,0.0
66298,44.75157919298655,1.0,560,681,1241,0.0,-0.0008333472224535399,1.0000000000000013,0.0
66299,44.750745845764094,1.0,560,681,1241,0.0,-0.0008333472224535399,1.0000000000000013,0.0
66300,44.74991249854164,1.0,560,681,1241,0.0,-0.0008333472224535399,1.0000000000000013,0.0
66301,44.74907915131919,1.0,560,681,1241,0.0,-0.0008333472224535399,1.0000000000000013,0.0
66302,44.74824580409673,1.0,560,681,1241,0.0,-0.0008333472224535399,1.0000000000000013,0.0
66303,44.74741245687428,1.0,560,681,1241,0.0,-0.0008333472224535399,1.0000000000000013,0.0
66304,44.746579109651826,1.0,560,681,1241,0.0,-0.0008333472224535399,1.0000000000000013,0.0
66305,44.74574576242937,1.0,560,681,1241,0.0,-0.0008333472224535399,1.0000000000000013,0.0
66306,44.74491241520692,1.0,560,681,1241,0.0,-0.0008333472224535399,1.0000000000000013,0.0
66307,44.744079067984465,0.9991941982272361,560,681,1241,-0.0008058017727639033,-0.0008333472224535399,0.999919419822725,-8.058017727639034e-05
66308,44.74324572076201,1.0,560,681,1241,0.0008058017727639033,-0.0008333472224535399,0.999919419822725,0.0
66309,44.74241237353956,1.0,560,681,1241,0.0,-0.0008333472224535399,0.999919419822725,0.0
66310,44.741579026317105,1.0,560,681,1241,0.0,-0.0008333472224535399,0.999919419822725,0.0
66311,44.74074567909465,1.0,560,681,1241,0.0,-0.0008333472224535399,0.999919419822725,0.0
66312,44.7399123318722,1.0,560,681,1241,0.0,-0.0008333472224535399,0.999919419822725,0.0
66313,44.739078984649744,1.0,560,681,1241,0.0,-0.0008333472224535399,0.999919419822725,0.0
66314,44.73824563742729,1.0,560,681,1241,0.0,-0.0008333472224535399,0.999919419822725,0.0
66315,44.73741229020484,1.0,560,681,1241,0.0,-0.0008333472224535399,0.999919419822725,0.0
66316,44.73657894298238,1.0,560,681,1241,0.0,-0.0008333472224535399,0.999919419822725,0.0
66317,44.73574559575993,1.0,560,681,1241,0.0,-0.0008333472224535399,1.0000000000000013,8.058017727639034e-05
66318,44.734912248537476,0.9991941982272361,560,681,1241,-0.0008058017727639033,-0.0008333472224535399,0.999919419822725,-8.058017727639034e-05
66319,44.73407890131502,1.0,560,681,1241,0.0008058017727639033,-0.0008333472224535399,0.999919419822725,0.0
66320,44.73324555409257,1.0,560,681,1241,0.0,-0.0008333472224535399,0.999919419822725,0.0
66321,44.732412206870116,1.0,560,681,1241,0.0,-0.0008333472224535399,0.999919419822725,0.0
66322,44.73157885964766,1.0,560,681,1241,0.0,-0.0008333472224535399,0.999919419822725,0.0
66323,44.73074551242521,1.0,560,681,1241,0.0,-0.0008333472224535399,0.999919419822725,0.0
66324,44.729912165202755,1.0,560,681,1241,0.0,-0.0008333472224535399,0.999919419822725,0.0
66325,44.7290788179803,1.0,560,681,1241,0.0,-0.0008333472224535399,0.999919419822725,0.0
66326,44.72824547075785,1.0,560,681,1241,0.0,-0.0008333472224535399,0.999919419822725,0.0
66327,44.727412123535395,1.0,560,681,1241,0.0,-0.0008333472224535399,0.999919419822725,0.0
66328,44.72657877631294,1.0,560,681,1241,0.0,-0.0008333472224535399,1.0000000000000013,8.058017727639034e-05
66329,44.72574542909049,1.0,560,681,1241,0.0,-0.0008333472224535399,1.0000000000000013,0.0
66330,44.724912081868034,1.0,560,681,1241,0.0,-0.0008333472224535399,1.0000000000000013,0.0
66331,44.72407873464557,1.0,560,681,1241,0.0,-0.0008333472224606453,1.0000000000000013,0.0
66332,44.72324538742312,1.0,560,681,1241,0.0,-0.0008333472224535399,1.0000000000000013,0.0
66333,44.722412040200666,1.0,560,681,1241,0.0,-0.0008333472224535399,1.0000000000000013,0.0
66334,44.72157869297821,1.0,560,681,1241,0.0,-0.0008333472224535399,1.0000000000000013,0.0
66335,44.72074534575576,1.0,560,681,1241,0.0,-0.0008333472224535399,1.0000000000000013,0.0
66336,44.719911998533306,1.0,560,681,1241,0.0,-0.0008333472224535399,1.0000000000000013,0.0
66337,44.71907865131085,1.0,560,681,1241,0.0,-0.0008333472224535399,1.0000000000000013,0.0
66338,44.7182453040884,1.0,560,681,1241,0.0,-0.0008333472224535399,1.0000000000000013,0.0
66339,44.717411956865945,1.0,560,681,1241,0.0,-0.0008333472224535399,1.0000000000000013,0.0
66340,44.71657860964349,1.0,560,681,1241,0.0,-0.0008333472224535399,1.0000000000000013,0.0
66341,44.71574526242104,1.0,560,681,1241,0.0,-0.0008333472224535399,1.0000000000000013,0.0
66342,44.714911915198584,1.0,560,681,1241,0.0,-0.0008333472224535399,1.0000000000000013,0.0
66343,44.71407856797613,1.0,560,681,1241,0.0,-0.0008333472224535399,1.0000000000000013,0.0
66344,44.71324522075368,1.0,560,681,1241,0.0,-0.0008333472224535399,1.0000000000000013,0.0
66345,44.712411873531224,0.9991941982272361,560,681,1241,-0.0008058017727639033,-0.0008333472224535399,0.999919419822725,-8.058017727639034e-05
66346,44.71157852630877,0.9983883964544722,560,681,1241,-0.0008058017727639033,-0.0008333472224535399,0.9997582594681724,-0.00016116035455278067
66347,44.71074517908632,0.9991941982272361,560,681,1241,0.0008058017727639033,-0.0008333472224535399,0.999677679290896,-8.058017727639034e-05
66348,44.70991183186386,1.0,560,681,1241,0.0008058017727639033,-0.0008333472224535399,0.999677679290896,0.0
66349,44.70907848464141,1.0,560,681,1241,0.0,-0.0008333472224535399,0.999677679290896,0.0
66350,44.708245137418956,1.0,560,681,1241,0.0,-0.0008333472224535399,0.999677679290896,0.0
66351,44.7074117901965,1.0,560,681,1241,0.0,-0.0008333472224535399,0.999677679290896,0.0
66352,44.70657844297405,1.0,560,681,1241,0.0,-0.0008333472224535399,0.999677679290896,0.0
66353,44.705745095751595,1.0,560,681,1241,0.0,-0.0008333472224535399,0.999677679290896,0.0
66354,44.70491174852914,1.0,560,681,1241,0.0,-0.0008333472224535399,0.999677679290896,0.0
66355,44.70407840130669,1.0,560,681,1241,0.0,-0.0008333472224535399,0.9997582594681724,8.058017727639034e-05
66356,44.703245054084235,1.0,560,681,1241,0.0,-0.0008333472224535399,0.999919419822725,0.00016116035455278067
66357,44.70241170686178,1.0,560,681,1241,0.0,-0.0008333472224535399,1.0000000000000013,8.058017727639034e-05
66358,44.70157835963933,1.0,560,681,1241,0.0,-0.0008333472224535399,1.0000000000000013,0.0
66359,44.700745012416874,1.0,560,681,1241,0.0,-0.0008333472224535399,1.0000000000000013,0.0
66360,44.69991166519442,1.0,560,681,1241,0.0,-0.0008333472224535399,1.0000000000000013,0.0
66361,44.69907831797197,1.0,560,681,1241,0.0,-0.0008333472224535399,1.0000000000000013,0.0
66362,44.69824497074951,1.0,560,681,1241,0.0,-0.0008333472224535399,1.0000000000000013,0.0
66363,44.69741162352706,1.0,560,681,1241,0.0,-0.0008333472224535399,1.0000000000000013,0.0
66364,44.69657827630461,1.0,560,681,1241,0.0,-0.0008333472224535399,1.0000000000000013,0.0
66365,44.69574492908215,1.0,560,681,1241,0.0,-0.0008333472224535399,1.0000000000000013,0.0
66366,44.6949115818597,1.0,560,681,1241,0.0,-0.0008333472224535399,1.0000000000000013,0.0
66367,44.694078234637246,1.0,560,681,1241,0.0,-0.0008333472224535399,1.0000000000000013,0.0
66368,44.69324488741479,1.0,560,681,1241,0.0,-0.0008333472224535399,1.0000000000000013,0.0
66369,44.69241154019234,1.0,560,681,1241,0.0,-0.0008333472224535399,1.0000000000000013,0.0
66370,44.691578192969885,1.0,560,681,1241,0.0,-0.0008333472224535399,1.0000000000000013,0.0
66371,44.69074484574743,1.0,560,681,1241,0.0,-0.0008333472224535399,1.0000000000000013,0.0
66372,44.68991149852498,1.0,560,681,1241,0.0,-0.0008333472224535399,1.0000000000000013,0.0
66373,44.689078151302525,1.0,560,681,1241,0.0,-0.0008333472224535399,1.0000000000000013,0.0
66374,44.68824480408007,1.0,560,681,1241,0.0,-0.0008333472224535399,1.0000000000000013,0.0
66375,44.68741145685762,1.0,560,681,1241,0.0,-0.0008333472224535399,1.0000000000000013,0.0
66376,44.686578109635164,1.0,560,681,1241,0.0,-0.0008333472224535399,1.0000000000000013,0.0
66377,44.68574476241271,1.0,560,681,1241,0.0,-0.0008333472224535399,1.0000000000000013,0.0
66378,44.68491141519026,1.0,560,681,1241,0.0,-0.0008333472224535399,1.0000000000000013,0.0
66379,44.684078067967796,1.0,560,681,1241,0.0,-0.0008333472224606453,1.0000000000000013,0.0
66380,44.68324472074534,1.0,560,681,1241,0.0,-0.0008333472224535399,1.0000000000000013,0.0
66381,44.68241137352289,1.0,560,681,1241,0.0,-0.0008333472224535399,1.0000000000000013,0.0
66382,44.681578026300436,1.0,560,681,1241,0.0,-0.0008333472224535399,1.0000000000000013,0.0
66383,44.68074467907798,1.0,560,681,1241,0.0,-0.0008333472224535399,1.0000000000000013,0.0
66384,44.67991133185553,1.0,560,681,1241,0.0,-0.0008333472224535399,1.0000000000000013,0.0
66385,44.679077984633075,1.0,560,681,1241,0.0,-0.0008333472224535399,1.0000000000000013,0.0
66386,44.67824463741062,1.0,560,681,1241,0.0,-0.0008333472224535399,1.0000000000000013,0.0
66387,44.67741129018817,1.0,560,681,1241,0.0,-0.0008333472224535399,1.0000000000000013,0.0
66388,44.676577942965714,1.0,560,681,1241,0.0,-0.0008333472224535399,1.0000000000000013,0.0
66389,44.67574459574326,1.0,560,681,1241,0.0,-0.0008333472224535399,1.0000000000000013,0.0
66390,44.67491124852081,1.0,560,681,1241,0.0,-0.0008333472224535399,1.0000000000000013,0.0
66391,44.674077901298354,1.0,560,681,1241,0.0,-0.0008333472224535399,1.0000000000000013,0.0
66392,44.6732445540759,1.0,560,681,1241,0.0,-0.0008333472224535399,1.0000000000000013,0.0
66393,44.67241120685345,1.0,560,681,1241,0.0,-0.0008333472224535399,1.0000000000000013,0.0
66394,44.67157785963099,1.0,560,681,1241,0.0,-0.0008333472224535399,1.0000000000000013,0.0
66395,44.67074451240854,1.0,560,681,1241,0.0,-0.0008333472224535399,1.0000000000000013,0.0
66396,44.669911165186086,1.0,560,681,1241,0.0,-0.0008333472224535399,1.0000000000000013,0.0
66397,44.66907781796363,1.0,560,681,1241,0.0,-0.0008333472224535399,1.0000000000000013,0.0
66398,44.66824447074118,1.0,560,681,1241,0.0,-0.0008333472224535399,1.0000000000000013,0.0
66399,44.667411123518725,1.0,560,681,1241,0.0,-0.0008333472224535399,1.0000000000000013,0.0
66400,44.66657777629627,1.0,560,681,1241,0.0,-0.0008333472224535399,1.0000000000000013,0.0
66401,44.66574442907382,1.0,560,681,1241,0.0,-0.0008333472224535399,1.0000000000000013,0.0
66402,44.664911081851365,1.0,560,681,1241,0.0,-0.0008333472224535399,1.0000000000000013,0.0
66403,44.66407773462891,1.0,560,681,1241,0.0,-0.0008333472224535399,1.0000000000000013,0.0
66404,44.66324438740646,0.9991941982272361,560,681,1241,-0.0008058017727639033,-0.0008333472224535399,0.999919419822725,-8.058017727639034e-05
66405,44.662411040184004,1.0,560,681,1241,0.0008058017727639033,-0.0008333472224535399,0.999919419822725,0.0
66406,44.66157769296155,1.0,560,681,1241,0.0,-0.0008333472224535399,0.999919419822725,0.0
66407,44.6607443457391,1.0,560,681,1241,0.0,-0.0008333472224535399,0.999919419822725,0.0
66408,44.659910998516644,1.0,560,681,1241,0.0,-0.0008333472224535399,0.999919419822725,0.0
66409,44.65907765129419,1.0,560,681,1241,0.0,-0.0008333472224535399,0.999919419822725,0.0
66410,44.65824430407174,1.0,560,681,1241,0.0,-0.0008333472224535399,0.999919419822725,0.0
66411,44.65741095684928,1.0,560,681,1241,0.0,-0.0008333472224535399,0.999919419822725,0.0
66412,44.65657760962683,1.0,560,681,1241,0.0,-0.0008333472224535399,0.999919419822725,0.0
66413,44.655744262404376,1.0,560,681,1241,0.0,-0.0008333472224535399,0.999919419822725,0.0
66414,44.65491091518192,1.0,560,681,1241,0.0,-0.0008333472224535399,1.0000000000000013,8.058017727639034e-05
66415,44.65407756795947,1.0,560,681,1241,0.0,-0.0008333472224535399,1.0000000000000013,0.0
66416,44.65324422073701,1.0,560,681,1241,0.0,-0.0008333472224606453,1.0000000000000013,0.0
66417,44.652410873514555,1.0,560,681,1241,0.0,-0.0008333472224535399,1.0000000000000013,0.0
66418,44.6515775262921,1.0,560,681,1241,0.0,-0.0008333472224535399,1.0000000000000013,0.0
66419,44.65074417906965,1.0,560,681,1241,0.0,-0.0008333472224535399,1.0000000000000013,0.0
66420,44.649910831847194,1.0,560,681,1241,0.0,-0.0008333472224535399,1.0000000000000013,0.0
66421,44.64907748462474,1.0,560,681,1241,0.0,-0.0008333472224535399,1.0000000000000013,0.0
66422,44.64824413740229,1.0,560,681,1241,0.0,-0.0008333472224535399,1.0000000000000013,0.0
66423,44.64741079017983,1.0,560,681,1241,0.0,-0.0008333472224535399,1.0000000000000013,0.0
66424,44.64657744295738,1.0,560,681,1241,0.0,-0.0008333472224535399,1.0000000000000013,0.0
66425,44.645744095734926,1.0,560,681,1241,0.0,-0.0008333472224535399,1.0000000000000013,0.0
66426,44.64491074851247,1.0,560,681,1241,0.0,-0.0008333472224535399,1.0000000000000013,0.0
66427,44.64407740129002,1.0,560,681,1241,0.0,-0.0008333472224535399,1.0000000000000013,0.0
66428,44.643244054067566,1.0,560,681,1241,0.0,-0.0008333472224535399,1.0000000000000013,0.0
66429,44.64241070684511,1.0,560,681,1241,0.0,-0.0008333472224535399,1.0000000000000013,0.0
66430,44.64157735962266,1.0,560,681,1241,0.0,-0.0008333472224535399,1.0000000000000013,0.0
66431,44.640744012400205,1.0,560,681,1241,0.0,-0.0008333472224535399,1.0000000000000013,0.0
66432,44.63991066517775,1.0,560,681,1241,0.0,-0.0008333472224535399,1.0000000000000013,0.0
66433,44.6390773179553,1.0,560,681,1241,0.0,-0.0008333472224535399,1.0000000000000013,0.0
66434,44.638243970732844,0.9991941982272361,560,681,1241,-0.0008058017727639033,-0.0008333472224535399,0.999919419822725,-8.058017727639034e-05
66435,44.63741062351039,0.9991941982272361,560,681,1241,0.0,-0.0008333472224535399,0.9998388396454487,-8.058017727639034e-05
66436,44.63657727628794,0.9991941982272361,560,681,1241,0.0,-0.0008333472224535399,0.9997582594681724,-8.058017727639034e-05
66437,44.635743929065484,0.9991941982272361,560,681,1241,0.0,-0.0008333472224535399,0.999677679290896,-8.058017727639034e-05
66438,44.63491058184303,0.9991941982272361,560,681,1241,0.0,-0.0008333472224535399,0.9995970991136197,-8.058017727639034e-05
66439,44.63407723462058,0.9983883964544722,560,681,1241,-0.0008058017727639033,-0.0008333472224535399,0.999435938759067,-0.00016116035455278067
66440,44.63324388739812,0.9991941982272361,560,681,1241,0.0008058017727639033,-0.0008333472224535399,0.9993553585817907,-8.058017727639034e-05
66441,44.63241054017567,0.9991941982272361,560,681,1241,0.0,-0.0008333472224535399,0.9992747784045143,-8.058017727639034e-05
66442,44.631577192953216,0.9991941982272361,560,681,1241,0.0,-0.0008333472224535399,0.999194198227238,-8.058017727639034e-05
66443,44.63074384573076,0.9991941982272361,560,681,1241,0.0,-0.0008333472224535399,0.9991136180499616,-8.058017727639034e-05
66444,44.62991049850831,0.9991941982272361,560,681,1241,0.0,-0.0008333472224535399,0.9991136180499616,0.0
66445,44.629077151285856,0.9991941982272361,560,681,1241,0.0,-0.0008333472224535399,0.9991136180499616,0.0
66446,44.6282438040634,0.9983883964544722,560,681,1241,-0.0008058017727639033,-0.0008333472224535399,0.9990330378726853,-8.058017727639034e-05
66447,44.62741045684095,0.9991941982272361,560,681,1241,0.0008058017727639033,-0.0008333472224535399,0.9990330378726853,0.0
66448,44.626577109618495,1.0,560,681,1241,0.0008058017727639033,-0.0008333472224535399,0.9991136180499616,8.058017727639034e-05
66449,44.62574376239604,1.0,560,681,1241,0.0,-0.0008333472224535399,0.9992747784045143,0.00016116035455278067
66450,44.62491041517359,1.0,560,681,1241,0.0,-0.0008333472224535399,0.9993553585817907,8.058017727639034e-05
66451,44.624077067951134,1.0,560,681,1241,0.0,-0.0008333472224535399,0.999435938759067,8.058017727639034e-05
66452,44.62324372072868,1.0,560,681,1241,0.0,-0.0008333472224535399,0.9995165189363433,8.058017727639034e-05
66453,44.62241037350623,1.0,560,681,1241,0.0,-0.0008333472224535399,0.9995970991136197,8.058017727639034e-05
66454,44.621577026283774,1.0,560,681,1241,0.0,-0.0008333472224535399,0.999677679290896,8.058017727639034e-05
66455,44.62074367906132,1.0,560,681,1241,0.0,-0.0008333472224535399,0.9997582594681724,8.058017727639034e-05
66456,44.61991033183887,1.0,560,681,1241,0.0,-0.0008333472224535399,0.999919419822725,0.00016116035455278067
66457,44.61907698461641,1.0,560,681,1241,0.0,-0.0008333472224535399,1.0000000000000013,8.058017727639034e-05
66458,44.61824363739396,1.0,560,681,1241,0.0,-0.0008333472224535399,1.0000000000000013,0.0
66459,44.617410290171506,1.0,560,681,1241,0.0,-0.0008333472224535399,1.0000000000000013,0.0
66460,44.61657694294905,1.0,560,681,1241,0.0,-0.0008333472224535399,1.0000000000000013,0.0
66461,44.6157435957266,1.0,560,681,1241,0.0,-0.0008333472224535399,1.0000000000000013,0.0
66462,44.614910248504145,1.0,560,681,1241,0.0,-0.0008333472224535399,1.0000000000000013,0.0
66463,44.61407690128169,1.0,560,681,1241,0.0,-0.0008333472224535399,1.0000000000000013,0.0
66464,44.61324355405923,1.0,560,681,1241,0.0,-0.0008333472224606453,1.0000000000000013,0.0
66465,44.61241020683678,1.0,560,681,1241,0.0,-0.0008333472224535399,1.0000000000000013,0.0
66466,44.611576859614324,1.0,560,681,1241,0.0,-0.0008333472224535399,1.0000000000000013,0.0
66467,44.61074351239187,1.0,560,681,1241,0.0,-0.0008333472224535399,1.0000000000000013,0.0
66468,44.60991016516942,1.0,560,681,1241,0.0,-0.0008333472224535399,1.0000000000000013,0.0
66469,44.60907681794696,0.9991941982272361,560,681,1241,-0.0008058017727639033,-0.0008333472224535399,0.999919419822725,-8.058017727639034e-05
66470,44.60824347072451,0.9991941982272361,560,681,1241,0.0,-0.0008333472224535399,0.9998388396454487,-8.058017727639034e-05
66471,44.607410123502056,0.9991941982272361,560,681,1241,0.0,-0.0008333472224535399,0.9997582594681724,-8.058017727639034e-05
66472,44.6065767762796,1.0,560,681,1241,0.0008058017727639033,-0.0008333472224535399,0.9997582594681724,0.0
66473,44.60574342905715,1.0,560,681,1241,0.0,-0.0008333472224535399,0.9997582594681724,0.0
66474,44.604910081834696,1.0,560,681,1241,0.0,-0.0008333472224535399,0.9997582594681724,0.0
66475,44.60407673461224,1.0,560,681,1241,0.0,-0.0008333472224535399,0.9997582594681724,0.0
66476,44.60324338738979,0.9991941982272361,560,681,1241,-0.0008058017727639033,-0.0008333472224535399,0.999677679290896,-8.058017727639034e-05
66477,44.602410040167335,0.9991941982272361,560,681,1241,0.0,-0.0008333472224535399,0.9995970991136197,-8.058017727639034e-05
66478,44.60157669294488,1.0,560,681,1241,0.0008058017727639033,-0.0008333472224535399,0.9995970991136197,0.0
66479,44.60074334572243,1.0,560,681,1241,0.0,-0.0008333472224535399,0.999677679290896,8.058017727639034e-05
66480,44.599909998499975,0.9991941982272361,560,681,1241,-0.0008058017727639033,-0.0008333472224535399,0.999677679290896,0.0
66481,44.59907665127752,1.0,560,681,1241,0.0008058017727639033,-0.0008333472224535399,0.9997582594681724,8.058017727639034e-05
66482,44.59824330405507,1.0,560,681,1241,0.0,-0.0008333472224535399,0.9997582594681724,0.0
66483,44.597409956832614,1.0,560,681,1241,0.0,-0.0008333472224535399,0.9997582594681724,0.0
66484,44.59657660961016,0.9991941982272361,560,681,1241,-0.0008058017727639033,-0.0008333472224535399,0.999677679290896,-8.058017727639034e-05
66485,44.59574326238771,0.9991941982272361,560,681,1241,0.0,-0.0008333472224535399,0.9995970991136197,-8.058017727639034e-05
66486,44.59490991516525,1.0,560,681,1241,0.0008058017727639033,-0.0008333472224535399,0.999677679290896,8.058017727639034e-05
66487,44.5940765679428,1.0,560,681,1241,0.0,-0.0008333472224535399,0.9997582594681724,8.058017727639034e-05
66488,44.593243220720346,1.0,560,681,1241,0.0,-0.0008333472224535399,0.9997582594681724,0.0
66489,44.59240987349789,1.0,560,681,1241,0.0,-0.0008333472224535399,0.9997582594681724,0.0
66490,44.59157652627544,1.0,560,681,1241,0.0,-0.0008333472224535399,0.9998388396454487,8.058017727639034e-05
66491,44.590743179052986,1.0,560,681,1241,0.0,-0.0008333472224535399,0.9998388396454487,0.0
66492,44.58990983183053,1.0,560,681,1241,0.0,-0.0008333472224535399,0.9998388396454487,0.0
66493,44.58907648460808,1.0,560,681,1241,0.0,-0.0008333472224535399,0.9998388396454487,0.0
66494,44.588243137385625,1.0,560,681,1241,0.0,-0.0008333472224535399,0.999919419822725,8.058017727639034e-05
66495,44.58740979016317,1.0,560,681,1241,0.0,-0.0008333472224535399,1.0000000000000013,8.058017727639034e-05
66496,44.58657644294072,1.0,560,681,1241,0.0,-0.0008333472224535399,1.0000000000000013,0.0
66497,44.585743095718264,1.0,560,681,1241,0.0,-0.0008333472224535399,1.0000000000000013,0.0
66498,44.58490974849581,1.0,560,681,1241,0.0,-0.0008333472224535399,1.0000000000000013,0.0
66499,44.58407640127336,1.0,560,681,1241,0.0,-0.0008333472224535399,1.0000000000000013,0.0
66500,44.583243054050904,1.0,560,681,1241,0.0,-0.0008333472224535399,1.0000000000000013,0.0
66501,44.58240970682844,1.0,560,681,1241,0.0,-0.0008333472224606453,1.0000000000000013,0.0
66502,44.58157635960599,1.0,560,681,1241,0.0,-0.0008333472224535399,1.0000000000000013,0.0
66503,44.580743012383536,1.0,560,681,1241,0.0,-0.0008333472224535399,1.0000000000000013,0.0
66504,44.57990966516108,1.0,560,681,1241,0.0,-0.0008333472224535399,1.0000000000000013,0.0
66505,44.57907631793863,1.0,560,681,1241,0.0,-0.0008333472224535399,1.0000000000000013,0.0
66506,44.578242970716175,1.0,560,681,1241,0.0,-0.0008333472224535399,1.0000000000000013,0.0
66507,44.57740962349372,1.0,560,681,1241,0.0,-0.0008333472224535399,1.0000000000000013,0.0
66508,44.57657627627127,1.0,560,681,1241,0.0,-0.0008333472224535399,1.0000000000000013,0.0
66509,44.575742929048815,1.0,560,681,1241,0.0,-0.0008333472224535399,1.0000000000000013,0.0
66510,44.57490958182636,1.0,560,681,1241,0.0,-0.0008333472224535399,1.0000000000000013,0.0
66511,44.57407623460391,1.0,560,681,1241,0.0,-0.0008333472224535399,1.0000000000000013,0.0
66512,44.573242887381454,1.0,560,681,1241,0.0,-0.0008333472224535399,1.0000000000000013,0.0
66513,44.572409540159,1.0,560,681,1241,0.0,-0.0008333472224535399,1.0000000000000013,0.0
66514,44.57157619293655,1.0,560,681,1241,0.0,-0.0008333472224535399,1.0000000000000013,0.0
66515,44.57074284571409,1.0,560,681,1241,0.0,-0.0008333472224535399,1.0000000000000013,0.0
66516,44.56990949849164,1.0,560,681,1241,0.0,-0.0008333472224535399,1.0000000000000013,0.0
66517,44.569076151269186,1.0,560,681,1241,0.0,-0.0008333472224535399,1.0000000000000013,0.0
66518,44.56824280404673,1.0,560,681,1241,0.0,-0.0008333472224535399,1.0000000000000013,0.0
66519,44.56740945682428,1.0,560,681,1241,0.0,-0.0008333472224535399,1.0000000000000013,0.0
66520,44.566576109601826,1.0,560,681,1241,0.0,-0.0008333472224535399,1.0000000000000013,0.0
66521,44.56574276237937,1.0,560,681,1241,0.0,-0.0008333472224535399,1.0000000000000013,0.0
66522,44.56490941515692,1.0,560,681,1241,0.0,-0.0008333472224535399,1.0000000000000013,0.0
66523,44.564076067934465,1.0,560,681,1241,0.0,-0.0008333472224535399,1.0000000000000013,0.0
66524,44.56324272071201,1.0,560,681,1241,0.0,-0.0008333472224535399,1.0000000000000013,0.0
66525,44.56240937348956,1.0,560,681,1241,0.0,-0.0008333472224535399,1.0000000000000013,0.0
66526,44.561576026267105,1.0,560,681,1241,0.0,-0.0008333472224535399,1.0000000000000013,0.0
66527,44.56074267904465,1.0,560,681,1241,0.0,-0.0008333472224535399,1.0000000000000013,0.0
66528,44.5599093318222,1.0,560,681,1241,0.0,-0.0008333472224535399,1.0000000000000013,0.0
66529,44.559075984599744,1.0,560,681,1241,0.0,-0.0008333472224535399,1.0000000000000013,0.0
66530,44.55824263737729,1.0,560,681,1241,0.0,-0.0008333472224535399,1.0000000000000013,0.0
66531,44.55740929015484,1.0,560,681,1241,0.0,-0.0008333472224535399,1.0000000000000013,0.0
66532,44.55657594293238,1.0,560,681,1241,0.0,-0.0008333472224535399,1.0000000000000013,0.0
66533,44.55574259570993,0.9991941982272361,560,681,1241,-0.0008058017727639033,-0.0008333472224535399,0.999919419822725,-8.058017727639034e-05
66534,44.554909248487476,1.0,560,681,1241,0.0008058017727639033,-0.0008333472224535399,0.999919419822725,0.0
66535,44.55407590126502,1.0,560,681,1241,0.0,-0.0008333472224535399,0.999919419822725,0.0
66536,44.55324255404257,1.0,560,681,1241,0.0,-0.0008333472224535399,0.999919419822725,0.0
66537,44.552409206820116,1.0,560,681,1241,0.0,-0.0008333472224535399,0.999919419822725,0.0
66538,44.55157585959766,1.0,560,681,1241,0.0,-0.0008333472224535399,0.999919419822725,0.0
66539,44.55074251237521,1.0,560,681,1241,0.0,-0.0008333472224535399,0.999919419822725,0.0
66540,44.549909165152755,1.0,560,681,1241,0.0,-0.0008333472224535399,0.999919419822725,0.0
66541,44.5490758179303,1.0,560,681,1241,0.0,-0.0008333472224535399,0.999919419822725,0.0
66542,44.54824247070785,1.0,560,681,1241,0.0,-0.0008333472224535399,0.999919419822725,0.0
66543,44.547409123485394,1.0,560,681,1241,0.0,-0.0008333472224535399,1.0000000000000013,8.058017727639034e-05
66544,44.54657577626294,1.0,560,681,1241,0.0,-0.0008333472224535399,1.0000000000000013,0.0
66545,44.54574242904049,1.0,560,681,1241,0.0,-0.0008333472224535399,1.0000000000000013,0.0
66546,44.544909081818034,1.0,560,681,1241,0.0,-0.0008333472224535399,1.0000000000000013,0.0
66547,44.54407573459558,1.0,560,681,1241,0.0,-0.0008333472224535399,1.0000000000000013,0.0
66548,44.54324238737312,1.0,560,681,1241,0.0,-0.0008333472224606453,1.0000000000000013,0.0
66549,44.542409040150666,1.0,560,681,1241,0.0,-0.0008333472224535399,1.0000000000000013,0.0
66550,44.54157569292821,0.9991941982272361,560,681,1241,-0.0008058017727639033,-0.0008333472224535399,0.999919419822725,-8.058017727639034e-05
66551,44.54074234570576,0.9991941982272361,560,681,1241,0.0,-0.0008333472224535399,0.9998388396454487,-8.058017727639034e-05
66552,44.539908998483305,1.0,560,681,1241,0.0008058017727639033,-0.0008333472224535399,0.9998388396454487,0.0
66553,44.53907565126085,0.9991941982272361,560,681,1241,-0.0008058017727639033,-0.0008333472224535399,0.9997582594681724,-8.058017727639034e-05
66554,44.5382423040384,1.0,560,681,1241,0.0008058017727639033,-0.0008333472224535399,0.9997582594681724,0.0
66555,44.537408956815945,0.9991941982272361,560,681,1241,-0.0008058017727639033,-0.0008333472224535399,0.999677679290896,-8.058017727639034e-05
66556,44.53657560959349,0.9991941982272361,560,681,1241,0.0,-0.0008333472224535399,0.9995970991136197,-8.058017727639034e-05
66557,44.53574226237104,0.9991941982272361,560,681,1241,0.0,-0.0008333472224535399,0.9995165189363433,-8.058017727639034e-05
66558,44.534908915148584,1.0,560,681,1241,0.0008058017727639033,-0.0008333472224535399,0.9995165189363433,0.0
66559,44.53407556792613,1.0,560,681,1241,0.0,-0.0008333472224535399,0.9995165189363433,0.0
66560,44.53324222070368,1.0,560,681,1241,0.0,-0.0008333472224535399,0.9995970991136197,8.058017727639034e-05
66561,44.532408873481224,1.0,560,681,1241,0.0,-0.0008333472224535399,0.999677679290896,8.058017727639034e-05
66562,44.53157552625877,1.0,560,681,1241,0.0,-0.0008333472224535399,0.999677679290896,0.0
66563,44.53074217903632,1.0,560,681,1241,0.0,-0.0008333472224535399,0.9997582594681724,8.058017727639034e-05
66564,44.52990883181386,1.0,560,681,1241,0.0,-0.0008333472224535399,0.9997582594681724,0.0
66565,44.52907548459141,1.0,560,681,1241,0.0,-0.0008333472224535399,0.9998388396454487,8.058017727639034e-05
66566,44.528242137368956,1.0,560,681,1241,0.0,-0.0008333472224535399,0.999919419822725,8.058017727639034e-05
66567,44.5274087901465,1.0,560,681,1241,0.0,-0.0008333472224535399,1.0000000000000013,8.058017727639034e-05
66568,44.52657544292405,0.9991941982272361,560,681,1241,-0.0008058017727639033,-0.0008333472224535399,0.999919419822725,-8.058017727639034e-05
66569,44.525742095701595,0.9991941982272361,560,681,1241,0.0,-0.0008333472224535399,0.9998388396454487,-8.058017727639034e-05
66570,44.52490874847914,0.9991941982272361,560,681,1241,0.0,-0.0008333472224535399,0.9997582594681724,-8.058017727639034e-05
66571,44.52407540125669,1.0,560,681,1241,0.0008058017727639033,-0.0008333472224535399,0.9997582594681724,0.0
66572,44.523242054034235,1.0,560,681,1241,0.0,-0.0008333472224535399,0.9997582594681724,0.0
66573,44.52240870681178,1.0,560,681,1241,0.0,-0.0008333472224535399,0.9997582594681724,0.0
66574,44.52157535958933,1.0,560,681,1241,0.0,-0.0008333472224535399,0.9997582594681724,0.0
66575,44.520742012366874,1.0,560,681,1241,0.0,-0.0008333472224535399,0.9997582594681724,0.0
66576,44.51990866514442,1.0,560,681,1241,0.0,-0.0008333472224535399,0.9997582594681724,0.0
66577,44.51907531792197,1.0,560,681,1241,0.0,-0.0008333472224535399,0.9997582594681724,0.0
66578,44.51824197069951,1.0,560,681,1241,0.0,-0.0008333472224535399,0.9998388396454487,8.058017727639034e-05
66579,44.51740862347706,1.0,560,681,1241,0.0,-0.0008333472224535399,0.999919419822725,8.058017727639034e-05
66580,44.516575276254606,1.0,560,681,1241,0.0,-0.0008333472224535399,1.0000000000000013,8.058017727639034e-05
66581,44.51574192903215,1.0,560,681,1241,0.0,-0.0008333472224535399,1.0000000000000013,0.0
66582,44.5149085818097,1.0,560,681,1241,0.0,-0.0008333472224535399,1.0000000000000013,0.0
66583,44.514075234587246,1.0,560,681,1241,0.0,-0.0008333472224535399,1.0000000000000013,0.0
66584,44.51324188736479,1.0,560,681,1241,0.0,-0.0008333472224535399,1.0000000000000013,0.0
66585,44.51240854014233,1.0,560,681,1241,0.0,-0.0008333472224606453,1.0000000000000013,0.0
66586,44.51157519291988,1.0,560,681,1241,0.0,-0.0008333472224535399,1.0000000000000013,0.0
66587,44.510741845697424,0.9991941982272361,560,681,1241,-0.0008058017727639033,-0.0008333472224535399,0.999919419822725,-8.058017727639034e-05
66588,44.50990849847497,0.9991941982272361,560,681,1241,0.0,-0.0008333472224535399,0.9998388396454487,-8.058017727639034e-05
66589,44.50907515125252,0.9991941982272361,560,681,1241,0.0,-0.0008333472224535399,0.9997582594681724,-8.058017727639034e-05
66590,44.508241804030064,0.9991941982272361,560,681,1241,0.0,-0.0008333472224535399,0.999677679290896,-8.058017727639034e-05
66591,44.50740845680761,0.9991941982272361,560,681,1241,0.0,-0.0008333472224535399,0.9995970991136197,-8.058017727639034e-05
66592,44.50657510958516,1.0,560,681,1241,0.0008058017727639033,-0.0008333472224535399,0.9995970991136197,0.0
66593,44.5057417623627,1.0,560,681,1241,0.0,-0.0008333472224535399,0.9995970991136197,0.0
66594,44.50490841514025,1.0,560,681,1241,0.0,-0.0008333472224535399,0.9995970991136197,0.0
66595,44.504075067917796,1.0,560,681,1241,0.0,-0.0008333472224535399,0.9995970991136197,0.0
66596,44.50324172069534,1.0,560,681,1241,0.0,-0.0008333472224535399,0.9995970991136197,0.0
66597,44.50240837347289,1.0,560,681,1241,0.0,-0.0008333472224535399,0.999677679290896,8.058017727639034e-05
66598,44.501575026250435,1.0,560,681,1241,0.0,-0.0008333472224535399,0.9997582594681724,8.058017727639034e-05
66599,44.50074167902798,1.0,560,681,1241,0.0,-0.0008333472224535399,0.9998388396454487,8.058017727639034e-05
66600,44.49990833180553,1.0,560,681,1241,0.0,-0.0008333472224535399,0.999919419822725,8.058017727639034e-05
66601,44.499074984583075,1.0,560,681,1241,0.0,-0.0008333472224535399,1.0000000000000013,8.058017727639034e-05
66602,44.49824163736062,1.0,560,681,1241,0.0,-0.0008333472224535399,1.0000000000000013,0.0
66603,44.49740829013817,1.0,560,681,1241,0.0,-0.0008333472224535399,1.0000000000000013,0.0
66604,44.496574942915714,1.0,560,681,1241,0.0,-0.0008333472224535399,1.0000000000000013,0.0
66605,44.49574159569326,1.0,560,681,1241,0.0,-0.0008333472224535399,1.0000000000000013,0.0
66606,44.49490824847081,1.0,560,681,1241,0.0,-0.0008333472224535399,1.0000000000000013,0.0
66607,44.494074901248354,1.0,560,681,1241,0.0,-0.0008333472224535399,1.0000000000000013,0.0
66608,44.4932415540259,1.0,560,681,1241,0.0,-0.0008333472224535399,1.0000000000000013,0.0
66609,44.49240820680345,1.0,560,681,1241,0.0,-0.0008333472224535399,1.0000000000000013,0.0
66610,44.49157485958099,1.0,560,681,1241,0.0,-0.0008333472224535399,1.0000000000000013,0.0
66611,44.49074151235854,1.0,560,681,1241,0.0,-0.0008333472224535399,1.0000000000000013,0.0
66612,44.489908165136086,1.0,560,681,1241,0.0,-0.0008333472224535399,1.0000000000000013,0.0
66613,44.48907481791363,1.0,560,681,1241,0.0,-0.0008333472224535399,1.0000000000000013,0.0
66614,44.48824147069118,0.9991941982272361,560,681,1241,-0.0008058017727639033,-0.0008333472224535399,0.999919419822725,-8.058017727639034e-05
66615,44.487408123468725,1.0,560,681,1241,0.0008058017727639033,-0.0008333472224535399,0.999919419822725,0.0
66616,44.48657477624627,1.0,560,681,1241,0.0,-0.0008333472224535399,0.999919419822725,0.0
66617,44.48574142902382,1.0,560,681,1241,0.0,-0.0008333472224535399,0.999919419822725,0.0
66618,44.484908081801365,1.0,560,681,1241,0.0,-0.0008333472224535399,0.999919419822725,0.0
66619,44.48407473457891,1.0,560,681,1241,0.0,-0.0008333472224535399,0.999919419822725,0.0
66620,44.48324138735646,1.0,560,681,1241,0.0,-0.0008333472224535399,0.999919419822725,0.0
66621,44.482408040134004,1.0,560,681,1241,0.0,-0.0008333472224535399,0.999919419822725,0.0
66622,44.48157469291155,1.0,560,681,1241,0.0,-0.0008333472224535399,0.999919419822725,0.0
66623,44.4807413456891,1.0,560,681,1241,0.0,-0.0008333472224535399,0.999919419822725,0.0
66624,44.47990799846664,1.0,560,681,1241,0.0,-0.0008333472224535399,1.0000000000000013,8.058017727639034e-05
66625,44.47907465124419,1.0,560,681,1241,0.0,-0.0008333472224535399,1.0000000000000013,0.0
66626,44.478241304021736,1.0,560,681,1241,0.0,-0.0008333472224535399,1.0000000000000013,0.0
66627,44.47740795679928,1.0,560,681,1241,0.0,-0.0008333472224535399,1.0000000000000013,0.0
66628,44.47657460957683,1.0,560,681,1241,0.0,-0.0008333472224535399,1.0000000000000013,0.0
66629,44.475741262354376,1.0,560,681,1241,0.0,-0.0008333472224535399,1.0000000000000013,0.0
66630,44.47490791513192,1.0,560,681,1241,0.0,-0.0008333472224535399,1.0000000000000013,0.0
66631,44.47407456790947,1.0,560,681,1241,0.0,-0.0008333472224535399,1.0000000000000013,0.0
66632,44.473241220687015,1.0,560,681,1241,0.0,-0.0008333472224535399,1.0000000000000013,0.0
66633,44.472407873464554,1.0,560,681,1241,0.0,-0.0008333472224606453,1.0000000000000013,0.0
66634,44.4715745262421,1.0,560,681,1241,0.0,-0.0008333472224535399,1.0000000000000013,0.0
66635,44.47074117901965,1.0,560,681,1241,0.0,-0.0008333472224535399,1.0000000000000013,0.0
66636,44.469907831797194,1.0,560,681,1241,0.0,-0.0008333472224535399,1.0000000000000013,0.0
66637,44.46907448457474,1.0,560,681,1241,0.0,-0.0008333472224535399,1.0000000000000013,0.0
66638,44.46824113735229,1.0,560,681,1241,0.0,-0.0008333472224535399,1.0000000000000013,0.0
66639,44.46740779012983,1.0,560,681,1241,0.0,-0.0008333472224535399,1.0000000000000013,0.0
66640,44.46657444290738,1.0,560,681,1241,0.0,-0.0008333472224535399,1.0000000000000013,0.0
66641,44.465741095684926,1.0,560,681,1241,0.0,-0.0008333472224535399,1.0000000000000013,0.0
66642,44.46490774846247,1.0,560,681,1241,0.0,-0.0008333472224535399,1.0000000000000013,0.0
66643,44.46407440124002,1.0,560,681,1241,0.0,-0.0008333472224535399,1.0000000000000013,0.0
66644,44.463241054017566,1.0,560,681,1241,0.0,-0.0008333472224535399,1.0000000000000013,0.0
66645,44.46240770679511,1.0,560,681,1241,0.0,-0.0008333472224535399,1.0000000000000013,0.0
66646,44.46157435957266,1.0,560,681,1241,0.0,-0.0008333472224535399,1.0000000000000013,0.0
66647,44.460741012350205,1.0,560,681,1241,0.0,-0.0008333472224535399,1.0000000000000013,0.0
66648,44.45990766512775,1.0,560,681,1241,0.0,-0.0008333472224535399,1.0000000000000013,0.0
66649,44.4590743179053,1.0,560,681,1241,0.0,-0.0008333472224535399,1.0000000000000013,0.0
66650,44.458240970682844,1.0,560,681,1241,0.0,-0.0008333472224535399,1.0000000000000013,0.0
66651,44.45740762346039,1.0,560,681,1241,0.0,-0.0008333472224535399,1.0000000000000013,0.0
66652,44.45657427623794,1.0,560,681,1241,0.0,-0.0008333472224535399,1.0000000000000013,0.0
66653,44.455740929015484,1.0,560,681,1241,0.0,-0.0008333472224535399,1.0000000000000013,0.0
66654,44.45490758179303,1.0,560,681,1241,0.0,-0.0008333472224535399,1.0000000000000013,0.0
66655,44.45407423457058,1.0,560,681,1241,0.0,-0.0008333472224535399,1.0000000000000013,0.0
66656,44.45324088734812,1.0,560,681,1241,0.0,-0.0008333472224535399,1.0000000000000013,0.0
66657,44.45240754012567,1.0,560,681,1241,0.0,-0.0008333472224535399,1.0000000000000013,0.0
66658,44.451574192903216,1.0,560,681,1241,0.0,-0.0008333472224535399,1.0000000000000013,0.0
66659,44.45074084568076,1.0,560,681,1241,0.0,-0.0008333472224535399,1.0000000000000013,0.0
66660,44.44990749845831,1.0,560,681,1241,0.0,-0.0008333472224535399,1.0000000000000013,0.0
66661,44.449074151235855,1.0,560,681,1241,0.0,-0.0008333472224535399,1.0000000000000013,0.0
66662,44.4482408040134,1.0,560,681,1241,0.0,-0.0008333472224535399,1.0000000000000013,0.0
66663,44.44740745679095,1.0,560,681,1241,0.0,-0.0008333472224535399,1.0000000000000013,0.0
66664,44.446574109568495,1.0,560,681,1241,0.0,-0.0008333472224535399,1.0000000000000013,0.0
66665,44.44574076234604,1.0,560,681,1241,0.0,-0.0008333472224535399,1.0000000000000013,0.0
66666,44.44490741512359,1.0,560,681,1241,0.0,-0.0008333472224535399,1.0000000000000013,0.0
66667,44.444074067901134,1.0,560,681,1241,0.0,-0.0008333472224535399,1.0000000000000013,0.0
66668,44.44324072067868,0.9991941982272361,560,681,1241,-0.0008058017727639033,-0.0008333472224535399,0.999919419822725,-8.058017727639034e-05
66669,44.44240737345623,0.9991941982272361,560,681,1241,0.0,-0.0008333472224535399,0.9998388396454487,-8.058017727639034e-05
66670,44.441574026233766,0.9991941982272361,560,681,1241,0.0,-0.0008333472224606453,0.9997582594681724,-8.058017727639034e-05
66671,44.44074067901131,1.0,560,681,1241,0.0008058017727639033,-0.0008333472224535399,0.9997582594681724,0.0
66672,44.43990733178886,1.0,560,681,1241,0.0,-0.0008333472224535399,0.9997582594681724,0.0
66673,44.439073984566406,1.0,560,681,1241,0.0,-0.0008333472224535399,0.9997582594681724,0.0
66674,44.43824063734395,1.0,560,681,1241,0.0,-0.0008333472224535399,0.9997582594681724,0.0
66675,44.4374072901215,1.0,560,681,1241,0.0,-0.0008333472224535399,0.9997582594681724,0.0
66676,44.436573942899045,1.0,560,681,1241,0.0,-0.0008333472224535399,0.9997582594681724,0.0
66677,44.43574059567659,1.0,560,681,1241,0.0,-0.0008333472224535399,0.9997582594681724,0.0
66678,44.43490724845414,1.0,560,681,1241,0.0,-0.0008333472224535399,0.9998388396454487,8.058017727639034e-05
66679,44.434073901231685,1.0,560,681,1241,0.0,-0.0008333472224535399,0.999919419822725,8.058017727639034e-05
66680,44.43324055400923,1.0,560,681,1241,0.0,-0.0008333472224535399,1.0000000000000013,8.058017727639034e-05
66681,44.43240720678678,1.0,560,681,1241,0.0,-0.0008333472224535399,1.0000000000000013,0.0
66682,44.431573859564324,1.0,560,681,1241,0.0,-0.0008333472224535399,1.0000000000000013,0.0
66683,44.43074051234187,1.0,560,681,1241,0.0,-0.0008333472224535399,1.0000000000000013,0.0
66684,44.42990716511942,1.0,560,681,1241,0.0,-0.0008333472224535399,1.0000000000000013,0.0
66685,44.42907381789696,1.0,560,681,1241,0.0,-0.0008333472224535399,1.0000000000000013,0.0
66686,44.42824047067451,1.0,560,681,1241,0.0,-0.0008333472224535399,1.0000000000000013,0.0
66687,44.427407123452056,1.0,560,681,1241,0.0,-0.0008333472224535399,1.0000000000000013,0.0
66688,44.4265737762296,1.0,560,681,1241,0.0,-0.0008333472224535399,1.0000000000000013,0.0
66689,44.42574042900715,1.0,560,681,1241,0.0,-0.0008333472224535399,1.0000000000000013,0.0
66690,44.424907081784696,1.0,560,681,1241,0.0,-0.0008333472224535399,1.0000000000000013,0.0
66691,44.42407373456224,1.0,560,681,1241,0.0,-0.0008333472224535399,1.0000000000000013,0.0
66692,44.42324038733979,1.0,560,681,1241,0.0,-0.0008333472224535399,1.0000000000000013,0.0
66693,44.422407040117335,1.0,560,681,1241,0.0,-0.0008333472224535399,1.0000000000000013,0.0
66694,44.42157369289488,1.0,560,681,1241,0.0,-0.0008333472224535399,1.0000000000000013,0.0
66695,44.42074034567243,1.0,560,681,1241,0.0,-0.0008333472224535399,1.0000000000000013,0.0
66696,44.419906998449974,1.0,560,681,1241,0.0,-0.0008333472224535399,1.0000000000000013,0.0
66697,44.41907365122752,1.0,560,681,1241,0.0,-0.0008333472224535399,1.0000000000000013,0.0
66698,44.41824030400507,1.0,560,681,1241,0.0,-0.0008333472224535399,1.0000000000000013,0.0
66699,44.417406956782614,0.9991941982272361,560,681,1241,-0.0008058017727639033,-0.0008333472224535399,0.999919419822725,-8.058017727639034e-05
66700,44.41657360956016,0.9983883964544722,560,681,1241,-0.0008058017727639033,-0.0008333472224535399,0.9997582594681724,-0.00016116035455278067
66701,44.41574026233771,0.9975825946817083,560,681,1241,-0.0008058017727639033,-0.0008333472224535399,0.9995165189363432,-0.00024174053182917098
66702,44.41490691511525,0.9975825946817083,560,681,1241,0.0,-0.0008333472224535399,0.999274778404514,-0.00024174053182917098
66703,44.4140735678928,1.0,560,681,1241,0.00241740531829171,-0.0008333472224535399,0.999274778404514,0.0
66704,44.413240220670346,1.0,560,681,1241,0.0,-0.0008333472224535399,0.999274778404514,0.0
66705,44.41240687344789,1.0,560,681,1241,0.0,-0.0008333472224535399,0.999274778404514,0.0
66706,44.41157352622544,1.0,560,681,1241,0.0,-0.0008333472224535399,0.999274778404514,0.0
66707,44.410740179002985,1.0,560,681,1241,0.0,-0.0008333472224535399,0.999274778404514,0.0
66708,44.40990683178053,1.0,560,681,1241,0.0,-0.0008333472224535399,0.999274778404514,0.0
66709,44.40907348455808,1.0,560,681,1241,0.0,-0.0008333472224535399,0.9993553585817903,8.058017727639034e-05
66710,44.408240137335625,1.0,560,681,1241,0.0,-0.0008333472224535399,0.999516518936343,0.00016116035455278067
66711,44.40740679011317,1.0,560,681,1241,0.0,-0.0008333472224535399,0.9997582594681722,0.00024174053182917098
66712,44.40657344289072,1.0,560,681,1241,0.0,-0.0008333472224535399,1.0000000000000013,0.00024174053182917098
66713,44.405740095668264,1.0,560,681,1241,0.0,-0.0008333472224535399,1.0000000000000013,0.0
66714,44.40490674844581,1.0,560,681,1241,0.0,-0.0008333472224535399,1.0000000000000013,0.0
66715,44.40407340122336,1.0,560,681,1241,0.0,-0.0008333472224535399,1.0000000000000013,0.0
66716,44.403240054000904,1.0,560,681,1241,0.0,-0.0008333472224535399,1.0000000000000013,0.0
66717,44.40240670677845,1.0,560,681,1241,0.0,-0.0008333472224535399,1.0000000000000013,0.0
66718,44.40157335955599,1.0,560,681,1241,0.0,-0.0008333472224606453,1.0000000000000013,0.0
66719,44.400740012333536,1.0,560,681,1241,0.0,-0.0008333472224535399,1.0000000000000013,0.0
66720,44.39990666511108,1.0,560,681,1241,0.0,-0.0008333472224535399,1.0000000000000013,0.0
66721,44.39907331788863,1.0,560,681,1241,0.0,-0.0008333472224535399,1.0000000000000013,0.0
66722,44.398239970666175,1.0,560,681,1241,0.0,-0.0008333472224535399,1.0000000000000013,0.0
66723,44.39740662344372,0.9991941982272361,560,681,1241,-0.0008058017727639033,-0.0008333472224535399,0.999919419822725,-8.058017727639034e-05
66724,44.39657327622127,1.0,560,681,1241,0.0008058017727639033,-0.0008333472224535399,0.999919419822725,0.0
66725,44.395739928998815,1.0,560,681,1241,0.0,-0.0008333472224535399,0.999919419822725,0.0
66726,44.39490658177636,1.0,560,681,1241,0.0,-0.0008333472224535399,0.999919419822725,0.0
66727,44.39407323455391,1.0,560,681,1241,0.0,-0.0008333472224535399,0.999919419822725,0.0
66728,44.393239887331454,1.0,560,681,1241,0.0,-0.0008333472224535399,0.999919419822725,0.0
66729,44.392406540109,1.0,560,681,1241,0.0,-0.0008333472224535399,0.999919419822725,0.0
66730,44.39157319288655,1.0,560,681,1241,0.0,-0.0008333472224535399,0.999919419822725,0.0
66731,44.39073984566409,1.0,560,681,1241,0.0,-0.0008333472224535399,0.999919419822725,0.0
66732,44.38990649844164,1.0,560,681,1241,0.0,-0.0008333472224535399,0.999919419822725,0.0
66733,44.389073151219186,1.0,560,681,1241,0.0,-0.0008333472224535399,1.0000000000000013,8.058017727639034e-05
66734,44.38823980399673,1.0,560,681,1241,0.0,-0.0008333472224535399,1.0000000000000013,0.0
66735,44.38740645677428,1.0,560,681,1241,0.0,-0.0008333472224535399,1.0000000000000013,0.0
66736,44.386573109551826,1.0,560,681,1241,0.0,-0.0008333472224535399,1.0000000000000013,0.0
66737,44.38573976232937,1.0,560,681,1241,0.0,-0.0008333472224535399,1.0000000000000013,0.0
66738,44.38490641510692,1.0,560,681,1241,0.0,-0.0008333472224535399,1.0000000000000013,0.0
66739,44.384073067884465,1.0,560,681,1241,0.0,-0.0008333472224535399,1.0000000000000013,0.0
66740,44.38323972066201,1.0,560,681,1241,0.0,-0.0008333472224535399,1.0000000000000013,0.0
66741,44.38240637343956,1.0,560,681,1241,0.0,-0.0008333472224535399,1.0000000000000013,0.0
66742,44.381573026217104,1.0,560,681,1241,0.0,-0.0008333472224535399,1.0000000000000013,0.0
66743,44.38073967899465,1.0,560,681,1241,0.0,-0.0008333472224535399,1.0000000000000013,0.0
66744,44.3799063317722,1.0,560,681,1241,0.0,-0.0008333472224535399,1.0000000000000013,0.0
66745,44.379072984549744,1.0,560,681,1241,0.0,-0.0008333472224535399,1.0000000000000013,0.0
66746,44.37823963732729,1.0,560,681,1241,0.0,-0.0008333472224535399,1.0000000000000013,0.0
66747,44.37740629010484,1.0,560,681,1241,0.0,-0.0008333472224535399,1.0000000000000013,0.0
66748,44.37657294288238,1.0,560,681,1241,0.0,-0.0008333472224535399,1.0000000000000013,0.0
66749,44.37573959565993,1.0,560,681,1241,0.0,-0.0008333472224535399,1.0000000000000013,0.0
66750,44.374906248437476,1.0,560,681,1241,0.0,-0.0008333472224535399,1.0000000000000013,0.0
66751,44.37407290121502,1.0,560,681,1241,0.0,-0.0008333472224535399,1.0000000000000013,0.0
66752,44.37323955399257,1.0,560,681,1241,0.0,-0.0008333472224535399,1.0000000000000013,0.0
66753,44.372406206770115,1.0,560,681,1241,0.0,-0.0008333472224535399,1.0000000000000013,0.0
66754,44.37157285954766,1.0,560,681,1241,0.0,-0.0008333472224535399,1.0000000000000013,0.0
66755,44.3707395123252,1.0,560,681,1241,0.0,-0.0008333472224606453,1.0000000000000013,0.0
66756,44.36990616510275,1.0,560,681,1241,0.0,-0.0008333472224535399,1.0000000000000013,0.0
66757,44.369072817880294,1.0,560,681,1241,0.0,-0.0008333472224535399,1.0000000000000013,0.0
66758,44.36823947065784,1.0,560,681,1241,0.0,-0.0008333472224535399,1.0000000000000013,0.0
66759,44.36740612343539,1.0,560,681,1241,0.0,-0.0008333472224535399,1.0000000000000013,0.0
66760,44.366572776212934,1.0,560,681,1241,0.0,-0.0008333472224535399,1.0000000000000013,0.0
66761,44.36573942899048,1.0,560,681,1241,0.0,-0.0008333472224535399,1.0000000000000013,0.0
66762,44.36490608176803,1.0,560,681,1241,0.0,-0.0008333472224535399,1.0000000000000013,0.0
66763,44.36407273454557,1.0,560,681,1241,0.0,-0.0008333472224535399,1.0000000000000013,0.0
66764,44.36323938732312,1.0,560,681,1241,0.0,-0.0008333472224535399,1.0000000000000013,0.0
66765,44.362406040100666,1.0,560,681,1241,0.0,-0.0008333472224535399,1.0000000000000013,0.0
66766,44.36157269287821,1.0,560,681,1241,0.0,-0.0008333472224535399,1.0000000000000013,0.0
66767,44.36073934565576,1.0,560,681,1241,0.0,-0.0008333472224535399,1.0000000000000013,0.0
66768,44.359905998433305,1.0,560,681,1241,0.0,-0.0008333472224535399,1.0000000000000013,0.0
66769,44.35907265121085,1.0,560,681,1241,0.0,-0.0008333472224535399,1.0000000000000013,0.0
66770,44.3582393039884,1.0,560,681,1241,0.0,-0.0008333472224535399,1.0000000000000013,0.0
66771,44.357405956765945,1.0,560,681,1241,0.0,-0.0008333472224535399,1.0000000000000013,0.0
66772,44.35657260954349,1.0,560,681,1241,0.0,-0.0008333472224535399,1.0000000000000013,0.0
66773,44.35573926232104,1.0,560,681,1241,0.0,-0.0008333472224535399,1.0000000000000013,0.0
66774,44.354905915098584,1.0,560,681,1241,0.0,-0.0008333472224535399,1.0000000000000013,0.0
66775,44.35407256787613,1.0,560,681,1241,0.0,-0.0008333472224535399,1.0000000000000013,0.0
66776,44.35323922065368,1.0,560,681,1241,0.0,-0.0008333472224535399,1.0000000000000013,0.0
66777,44.35240587343122,1.0,560,681,1241,0.0,-0.0008333472224535399,1.0000000000000013,0.0
66778,44.35157252620877,1.0,560,681,1241,0.0,-0.0008333472224535399,1.0000000000000013,0.0
66779,44.350739178986316,1.0,560,681,1241,0.0,-0.0008333472224535399,1.0000000000000013,0.0
66780,44.34990583176386,1.0,560,681,1241,0.0,-0.0008333472224535399,1.0000000000000013,0.0
66781,44.34907248454141,0.9991941982272361,560,681,1241,-0.0008058017727639033,-0.0008333472224535399,0.999919419822725,-8.058017727639034e-05
66782,44.348239137318956,0.9991941982272361,560,681,1241,0.0,-0.0008333472224535399,0.9998388396454487,-8.058017727639034e-05
66783,44.3474057900965,0.9991941982272361,560,681,1241,0.0,-0.0008333472224535399,0.9997582594681724,-8.058017727639034e-05
66784,44.34657244287405,1.0,560,681,1241,0.0008058017727639033,-0.0008333472224535399,0.9997582594681724,0.0
66785,44.345739095651595,1.0,560,681,1241,0.0,-0.0008333472224535399,0.9997582594681724,0.0
66786,44.34490574842914,1.0,560,681,1241,0.0,-0.0008333472224535399,0.9997582594681724,0.0
66787,44.34407240120669,1.0,560,681,1241,0.0,-0.0008333472224535399,0.9997582594681724,0.0
66788,44.343239053984234,1.0,560,681,1241,0.0,-0.0008333472224535399,0.9997582594681724,0.0
66789,44.34240570676178,1.0,560,681,1241,0.0,-0.0008333472224535399,0.9997582594681724,0.0
66790,44.34157235953933,1.0,560,681,1241,0.0,-0.0008333472224535399,0.9997582594681724,0.0
66791,44.340739012316874,1.0,560,681,1241,0.0,-0.0008333472224535399,0.9998388396454487,8.058017727639034e-05
66792,44.33990566509442,1.0,560,681,1241,0.0,-0.0008333472224535399,0.999919419822725,8.058017727639034e-05
66793,44.33907231787197,1.0,560,681,1241,0.0,-0.0008333472224535399,1.0000000000000013,8.058017727639034e-05
66794,44.33823897064951,1.0,560,681,1241,0.0,-0.0008333472224535399,1.0000000000000013,0.0
66795,44.33740562342706,1.0,560,681,1241,0.0,-0.0008333472224535399,1.0000000000000013,0.0
66796,44.336572276204606,1.0,560,681,1241,0.0,-0.0008333472224535399,1.0000000000000013,0.0
66797,44.33573892898215,1.0,560,681,1241,0.0,-0.0008333472224535399,1.0000000000000013,0.0
66798,44.3349055817597,1.0,560,681,1241,0.0,-0.0008333472224535399,1.0000000000000013,0.0
66799,44.334072234537246,1.0,560,681,1241,0.0,-0.0008333472224535399,1.0000000000000013,0.0
66800,44.33323888731479,1.0,560,681,1241,0.0,-0.0008333472224535399,1.0000000000000013,0.0
66801,44.33240554009234,1.0,560,681,1241,0.0,-0.0008333472224535399,1.0000000000000013,0.0
66802,44.33157219286988,1.0,560,681,1241,0.0,-0.0008333472224606453,1.0000000000000013,0.0
66803,44.330738845647424,1.0,560,681,1241,0.0,-0.0008333472224535399,1.0000000000000013,0.0
66804,44.32990549842497,1.0,560,681,1241,0.0,-0.0008333472224535399,1.0000000000000013,0.0
66805,44.32907215120252,1.0,560,681,1241,0.0,-0.0008333472224535399,1.0000000000000013,0.0
66806,44.328238803980064,1.0,560,681,1241,0.0,-0.0008333472224535399,1.0000000000000013,0.0
66807,44.32740545675761,1.0,560,681,1241,0.0,-0.0008333472224535399,1.0000000000000013,0.0
66808,44.32657210953516,1.0,560,681,1241,0.0,-0.0008333472224535399,1.0000000000000013,0.0
66809,44.3257387623127,1.0,560,681,1241,0.0,-0.0008333472224535399,1.0000000000000013,0.0
66810,44.32490541509025,1.0,560,681,1241,0.0,-0.0008333472224535399,1.0000000000000013,0.0
66811,44.324072067867796,0.9991941982272361,560,681,1241,-0.0008058017727639033,-0.0008333472224535399,0.999919419822725,-8.058017727639034e-05
66812,44.32323872064534,0.9991941982272361,560,681,1241,0.0,-0.0008333472224535399,0.9998388396454487,-8.058017727639034e-05
66813,44.32240537342289,1.0,560,681,1241,0.0008058017727639033,-0.0008333472224535399,0.9998388396454487,0.0
66814,44.321572026200435,1.0,560,681,1241,0.0,-0.0008333472224535399,0.9998388396454487,0.0
66815,44.32073867897798,1.0,560,681,1241,0.0,-0.0008333472224535399,0.9998388396454487,0.0
66816,44.31990533175553,1.0,560,681,1241,0.0,-0.0008333472224535399,0.9998388396454487,0.0
66817,44.319071984533075,1.0,560,681,1241,0.0,-0.0008333472224535399,0.9998388396454487,0.0
66818,44.31823863731062,1.0,560,681,1241,0.0,-0.0008333472224535399,0.9998388396454487,0.0
66819,44.31740529008817,1.0,560,681,1241,0.0,-0.0008333472224535399,0.9998388396454487,0.0
66820,44.316571942865714,1.0,560,681,1241,0.0,-0.0008333472224535399,0.9998388396454487,0.0
66821,44.31573859564326,1.0,560,681,1241,0.0,-0.0008333472224535399,0.999919419822725,8.058017727639034e-05
66822,44.31490524842081,1.0,560,681,1241,0.0,-0.0008333472224535399,1.0000000000000013,8.058017727639034e-05
66823,44.31407190119835,1.0,560,681,1241,0.0,-0.0008333472224535399,1.0000000000000013,0.0
66824,44.3132385539759,1.0,560,681,1241,0.0,-0.0008333472224535399,1.0000000000000013,0.0
66825,44.312405206753446,1.0,560,681,1241,0.0,-0.0008333472224535399,1.0000000000000013,0.0
66826,44.31157185953099,1.0,560,681,1241,0.0,-0.0008333472224535399,1.0000000000000013,0.0
66827,44.31073851230854,1.0,560,681,1241,0.0,-0.0008333472224535399,1.0000000000000013,0.0
66828,44.309905165086086,1.0,560,681,1241,0.0,-0.0008333472224535399,1.0000000000000013,0.0
66829,44.30907181786363,1.0,560,681,1241,0.0,-0.0008333472224535399,1.0000000000000013,0.0
66830,44.30823847064118,1.0,560,681,1241,0.0,-0.0008333472224535399,1.0000000000000013,0.0
66831,44.307405123418725,1.0,560,681,1241,0.0,-0.0008333472224535399,1.0000000000000013,0.0
66832,44.30657177619627,1.0,560,681,1241,0.0,-0.0008333472224535399,1.0000000000000013,0.0
66833,44.30573842897382,1.0,560,681,1241,0.0,-0.0008333472224535399,1.0000000000000013,0.0
66834,44.304905081751365,1.0,560,681,1241,0.0,-0.0008333472224535399,1.0000000000000013,0.0
66835,44.30407173452891,1.0,560,681,1241,0.0,-0.0008333472224535399,1.0000000000000013,0.0
66836,44.30323838730646,1.0,560,681,1241,0.0,-0.0008333472224535399,1.0000000000000013,0.0
66837,44.302405040084004,1.0,560,681,1241,0.0,-0.0008333472224535399,1.0000000000000013,0.0
66838,44.30157169286155,1.0,560,681,1241,0.0,-0.0008333472224535399,1.0000000000000013,0.0
66839,44.3007383456391,1.0,560,681,1241,0.0,-0.0008333472224535399,1.0000000000000013,0.0
66840,44.299904998416636,1.0,560,681,1241,0.0,-0.0008333472224606453,1.0000000000000013,0.0
66841,44.29907165119418,1.0,560,681,1241,0.0,-0.0008333472224535399,1.0000000000000013,0.0
66842,44.29823830397173,1.0,560,681,1241,0.0,-0.0008333472224535399,1.0000000000000013,0.0
66843,44.297404956749276,1.0,560,681,1241,0.0,-0.0008333472224535399,1.0000000000000013,0.0
66844,44.29657160952682,1.0,560,681,1241,0.0,-0.0008333472224535399,1.0000000000000013,0.0
66845,44.29573826230437,0.9991941982272361,560,681,1241,-0.0008058017727639033,-0.0008333472224535399,0.999919419822725,-8.058017727639034e-05
66846,44.294904915081915,0.9991941982272361,560,681,1241,0.0,-0.0008333472224535399,0.9998388396454487,-8.058017727639034e-05
66847,44.29407156785946,0.9991941982272361,560,681,1241,0.0,-0.0008333472224535399,0.9997582594681724,-8.058017727639034e-05
66848,44.29323822063701,0.9991941982272361,560,681,1241,0.0,-0.0008333472224535399,0.999677679290896,-8.058017727639034e-05
66849,44.292404873414554,0.9991941982272361,560,681,1241,0.0,-0.0008333472224535399,0.9995970991136197,-8.058017727639034e-05
66850,44.2915715261921,1.0,560,681,1241,0.0008058017727639033,-0.0008333472224535399,0.9995970991136197,0.0
66851,44.29073817896965,1.0,560,681,1241,0.0,-0.0008333472224535399,0.9995970991136197,0.0
66852,44.289904831747194,1.0,560,681,1241,0.0,-0.0008333472224535399,0.9995970991136197,0.0
66853,44.28907148452474,0.9991941982272361,560,681,1241,-0.0008058017727639033,-0.0008333472224535399,0.9995165189363433,-8.058017727639034e-05
66854,44.28823813730229,1.0,560,681,1241,0.0008058017727639033,-0.0008333472224535399,0.9995165189363433,0.0
66855,44.28740479007983,1.0,560,681,1241,0.0,-0.0008333472224535399,0.9995970991136197,8.058017727639034e-05
66856,44.28657144285738,1.0,560,681,1241,0.0,-0.0008333472224535399,0.999677679290896,8.058017727639034e-05
66857,44.285738095634926,1.0,560,681,1241,0.0,-0.0008333472224535399,0.9997582594681724,8.058017727639034e-05
66858,44.28490474841247,1.0,560,681,1241,0.0,-0.0008333472224535399,0.9998388396454487,8.058017727639034e-05
66859,44.28407140119002,1.0,560,681,1241,0.0,-0.0008333472224535399,0.999919419822725,8.058017727639034e-05
66860,44.283238053967565,1.0,560,681,1241,0.0,-0.0008333472224535399,0.999919419822725,0.0
66861,44.28240470674511,1.0,560,681,1241,0.0,-0.0008333472224535399,0.999919419822725,0.0
66862,44.28157135952266,1.0,560,681,1241,0.0,-0.0008333472224535399,0.999919419822725,0.0
66863,44.280738012300205,1.0,560,681,1241,0.0,-0.0008333472224535399,1.0000000000000013,8.058017727639034e-05
66864,44.27990466507775,1.0,560,681,1241,0.0,-0.0008333472224535399,1.0000000000000013,0.0
66865,44.2790713178553,1.0,560,681,1241,0.0,-0.0008333472224535399,1.0000000000000013,0.0
66866,44.278237970632844,1.0,560,681,1241,0.0,-0.0008333472224535399,1.0000000000000013,0.0
66867,44.27740462341039,1.0,560,681,1241,0.0,-0.0008333472224535399,1.0000000000000013,0.0
66868,44.27657127618794,1.0,560,681,1241,0.0,-0.0008333472224535399,1.0000000000000013,0.0
66869,44.27573792896548,1.0,560,681,1241,0.0,-0.0008333472224535399,1.0000000000000013,0.0
66870,44.27490458174303,1.0,560,681,1241,0.0,-0.0008333472224535399,1.0000000000000013,0.0
66871,44.27407123452058,1.0,560,681,1241,0.0,-0.0008333472224535399,1.0000000000000013,0.0
66872,44.27323788729812,1.0,560,681,1241,0.0,-0.0008333472224535399,1.0000000000000013,0.0
66873,44.27240454007567,1.0,560,681,1241,0.0,-0.0008333472224535399,1.0000000000000013,0.0
66874,44.271571192853216,1.0,560,681,1241,0.0,-0.0008333472224535399,1.0000000000000013,0.0
66875,44.27073784563076,1.0,560,681,1241,0.0,-0.0008333472224535399,1.0000000000000013,0.0
66876,44.26990449840831,1.0,560,681,1241,0.0,-0.0008333472224535399,1.0000000000000013,0.0
66877,44.269071151185855,1.0,560,681,1241,0.0,-0.0008333472224535399,1.0000000000000013,0.0
66878,44.2682378039634,1.0,560,681,1241,0.0,-0.0008333472224535399,1.0000000000000013,0.0
66879,44.26740445674095,1.0,560,681,1241,0.0,-0.0008333472224535399,1.0000000000000013,0.0
66880,44.266571109518495,1.0,560,681,1241,0.0,-0.0008333472224535399,1.0000000000000013,0.0
66881,44.26573776229604,1.0,560,681,1241,0.0,-0.0008333472224535399,1.0000000000000013,0.0
66882,44.26490441507359,1.0,560,681,1241,0.0,-0.0008333472224535399,1.0000000000000013,0.0
66883,44.264071067851134,1.0,560,681,1241,0.0,-0.0008333472224535399,1.0000000000000013,0.0
66884,44.26323772062868,1.0,560,681,1241,0.0,-0.0008333472224535399,1.0000000000000013,0.0
66885,44.26240437340623,1.0,560,681,1241,0.0,-0.0008333472224535399,1.0000000000000013,0.0
66886,44.26157102618377,1.0,560,681,1241,0.0,-0.0008333472224535399,1.0000000000000013,0.0
66887,44.26073767896131,1.0,560,681,1241,0.0,-0.0008333472224606453,1.0000000000000013,0.0
66888,44.25990433173886,1.0,560,681,1241,0.0,-0.0008333472224535399,1.0000000000000013,0.0
66889,44.259070984516406,1.0,560,681,1241,0.0,-0.0008333472224535399,1.0000000000000013,0.0
66890,44.25823763729395,1.0,560,681,1241,0.0,-0.0008333472224535399,1.0000000000000013,0.0
66891,44.2574042900715,1.0,560,681,1241,0.0,-0.0008333472224535399,1.0000000000000013,0.0
66892,44.256570942849045,1.0,560,681,1241,0.0,-0.0008333472224535399,1.0000000000000013,0.0
66893,44.25573759562659,1.0,560,681,1241,0.0,-0.0008333472224535399,1.0000000000000013,0.0
66894,44.25490424840414,1.0,560,681,1241,0.0,-0.0008333472224535399,1.0000000000000013,0.0
66895,44.254070901181684,1.0,560,681,1241,0.0,-0.0008333472224535399,1.0000000000000013,0.0
66896,44.25323755395923,1.0,560,681,1241,0.0,-0.0008333472224535399,1.0000000000000013,0.0
66897,44.25240420673678,1.0,560,681,1241,0.0,-0.0008333472224535399,1.0000000000000013,0.0
66898,44.251570859514324,1.0,560,681,1241,0.0,-0.0008333472224535399,1.0000000000000013,0.0
66899,44.25073751229187,0.9991941982272361,560,681,1241,-0.0008058017727639033,-0.0008333472224535399,0.999919419822725,-8.058017727639034e-05
66900,44.24990416506942,0.9991941982272361,560,681,1241,0.0,-0.0008333472224535399,0.9998388396454487,-8.058017727639034e-05
66901,44.24907081784696,0.9991941982272361,560,681,1241,0.0,-0.0008333472224535399,0.9997582594681724,-8.058017727639034e-05
66902,44.24823747062451,1.0,560,681,1241,0.0008058017727639033,-0.0008333472224535399,0.9997582594681724,0.0
66903,44.247404123402056,1.0,560,681,1241,0.0,-0.0008333472224535399,0.9997582594681724,0.0
66904,44.2465707761796,1.0,560,681,1241,0.0,-0.0008333472224535399,0.9997582594681724,0.0
66905,44.24573742895715,1.0,560,681,1241,0.0,-0.0008333472224535399,0.9997582594681724,0.0
66906,44.244904081734695,1.0,560,681,1241,0.0,-0.0008333472224535399,0.9997582594681724,0.0
66907,44.24407073451224,1.0,560,681,1241,0.0,-0.0008333472224535399,0.9997582594681724,0.0
66908,44.24323738728979,1.0,560,681,1241,0.0,-0.0008333472224535399,0.9997582594681724,0.0
66909,44.242404040067335,1.0,560,681,1241,0.0,-0.0008333472224535399,0.9998388396454487,8.058017727639034e-05
66910,44.24157069284488,1.0,560,681,1241,0.0,-0.0008333472224535399,0.999919419822725,8.058017727639034e-05
66911,44.24073734562243,1.0,560,681,1241,0.0,-0.0008333472224535399,1.0000000000000013,8.058017727639034e-05
66912,44.239903998399974,1.0,560,681,1241,0.0,-0.0008333472224535399,1.0000000000000013,0.0
66913,44.23907065117752,1.0,560,681,1241,0.0,-0.0008333472224535399,1.0000000000000013,0.0
66914,44.23823730395507,1.0,560,681,1241,0.0,-0.0008333472224535399,1.0000000000000013,0.0
66915,44.237403956732614,0.9991941982272361,560,681,1241,-0.0008058017727639033,-0.0008333472224535399,0.999919419822725,-8.058017727639034e-05
66916,44.23657060951016,0.9991941982272361,560,681,1241,0.0,-0.0008333472224535399,0.9998388396454487,-8.058017727639034e-05
66917,44.23573726228771,1.0,560,681,1241,0.0008058017727639033,-0.0008333472224535399,0.9998388396454487,0.0
66918,44.23490391506525,1.0,560,681,1241,0.0,-0.0008333472224535399,0.9998388396454487,0.0
66919,44.2340705678428,1.0,560,681,1241,0.0,-0.0008333472224535399,0.9998388396454487,0.0
66920,44.233237220620346,1.0,560,681,1241,0.0,-0.0008333472224535399,0.9998388396454487,0.0
66921,44.23240387339789,0.9991941982272361,560,681,1241,-0.0008058017727639033,-0.0008333472224535399,0.9997582594681724,-8.058017727639034e-05
66922,44.23157052617544,1.0,560,681,1241,0.0008058017727639033,-0.0008333472224535399,0.9997582594681724,0.0
66923,44.230737178952985,1.0,560,681,1241,0.0,-0.0008333472224535399,0.9997582594681724,0.0
66924,44.229903831730525,0.9991941982272361,560,681,1241,-0.0008058017727639033,-0.0008333472224606453,0.999677679290896,-8.058017727639034e-05
66925,44.22907048450807,0.9991941982272361,560,681,1241,0.0,-0.0008333472224535399,0.999677679290896,0.0
66926,44.22823713728562,0.9991941982272361,560,681,1241,0.0,-0.0008333472224535399,0.999677679290896,0.0
66927,44.227403790063164,1.0,560,681,1241,0.0008058017727639033,-0.0008333472224535399,0.999677679290896,0.0
66928,44.22657044284071,1.0,560,681,1241,0.0,-0.0008333472224535399,0.999677679290896,0.0
66929,44.22573709561826,1.0,560,681,1241,0.0,-0.0008333472224535399,0.999677679290896,0.0
66930,44.2249037483958,1.0,560,681,1241,0.0,-0.0008333472224535399,0.999677679290896,0.0
66931,44.22407040117335,1.0,560,681,1241,0.0,-0.0008333472224535399,0.9997582594681724,8.058017727639034e-05
66932,44.223237053950896,1.0,560,681,1241,0.0,-0.0008333472224535399,0.9997582594681724,0.0
66933,44.22240370672844,1.0,560,681,1241,0.0,-0.0008333472224535399,0.9997582594681724,0.0
66934,44.22157035950599,1.0,560,681,1241,0.0,-0.0008333472224535399,0.9998388396454487,8.058017727639034e-05
66935,44.220737012283536,0.9991941982272361,560,681,1241,-0.0008058017727639033,-0.0008333472224535399,0.9998388396454487,0.0
66936,44.21990366506108,1.0,560,681,1241,0.0008058017727639033,-0.0008333472224535399,0.999919419822725,8.058017727639034e-05
66937,44.21907031783863,1.0,560,681,1241,0.0,-0.0008333472224535399,0.999919419822725,0.0
66938,44.218236970616175,1.0,560,681,1241,0.0,-0.0008333472224535399,0.999919419822725,0.0
66939,44.21740362339372,1.0,560,681,1241,0.0,-0.0008333472224535399,0.999919419822725,0.0
66940,44.21657027617127,1.0,560,681,1241,0.0,-0.0008333472224535399,0.999919419822725,0.0
66941,44.215736928948814,1.0,560,681,1241,0.0,-0.0008333472224535399,0.999919419822725,0.0
66942,44.21490358172636,1.0,560,681,1241,0.0,-0.0008333472224535399,0.999919419822725,0.0
66943,44.21407023450391,0.9991941982272361,560,681,1241,-0.0008058017727639033,-0.0008333472224535399,0.9998388396454487,-8.058017727639034e-05
66944,44.213236887281454,1.0,560,681,1241,0.0008058017727639033,-0.0008333472224535399,0.9998388396454487,0.0
66945,44.212403540059,1.0,560,681,1241,0.0,-0.0008333472224535399,0.999919419822725,8.058017727639034e-05
66946,44.21157019283655,0.9991941982272361,560,681,1241,-0.0008058017727639033,-0.0008333472224535399,0.9998388396454487,-8.058017727639034e-05
66947,44.21073684561409,1.0,560,681,1241,0.0008058017727639033,-0.0008333472224535399,0.9998388396454487,0.0
66948,44.20990349839164,1.0,560,681,1241,0.0,-0.0008333472224535399,0.9998388396454487,0.0
66949,44.209070151169186,1.0,560,681,1241,0.0,-0.0008333472224535399,0.9998388396454487,0.0
66950,44.20823680394673,1.0,560,681,1241,0.0,-0.0008333472224535399,0.9998388396454487,0.0
66951,44.20740345672428,1.0,560,681,1241,0.0,-0.0008333472224535399,0.9998388396454487,0.0
66952,44.206570109501826,1.0,560,681,1241,0.0,-0.0008333472224535399,0.9998388396454487,0.0
66953,44.20573676227937,1.0,560,681,1241,0.0,-0.0008333472224535399,0.999919419822725,8.058017727639034e-05
66954,44.20490341505692,1.0,560,681,1241,0.0,-0.0008333472224535399,0.999919419822725,0.0
66955,44.204070067834465,1.0,560,681,1241,0.0,-0.0008333472224535399,0.999919419822725,0.0
66956,44.20323672061201,1.0,560,681,1241,0.0,-0.0008333472224535399,1.0000000000000013,8.058017727639034e-05
66957,44.20240337338956,1.0,560,681,1241,0.0,-0.0008333472224535399,1.0000000000000013,0.0
66958,44.201570026167104,1.0,560,681,1241,0.0,-0.0008333472224535399,1.0000000000000013,0.0
66959,44.20073667894465,1.0,560,681,1241,0.0,-0.0008333472224535399,1.0000000000000013,0.0
66960,44.1999033317222,1.0,560,681,1241,0.0,-0.0008333472224535399,1.0000000000000013,0.0
66961,44.199069984499744,1.0,560,681,1241,0.0,-0.0008333472224535399,1.0000000000000013,0.0
66962,44.19823663727729,1.0,560,681,1241,0.0,-0.0008333472224535399,1.0000000000000013,0.0
66963,44.19740329005484,1.0,560,681,1241,0.0,-0.0008333472224535399,1.0000000000000013,0.0
66964,44.19656994283238,1.0,560,681,1241,0.0,-0.0008333472224535399,1.0000000000000013,0.0
66965,44.19573659560993,1.0,560,681,1241,0.0,-0.0008333472224535399,1.0000000000000013,0.0
66966,44.194903248387476,1.0,560,681,1241,0.0,-0.0008333472224535399,1.0000000000000013,0.0
66967,44.19406990116502,1.0,560,681,1241,0.0,-0.0008333472224535399,1.0000000000000013,0.0
66968,44.19323655394257,1.0,560,681,1241,0.0,-0.0008333472224535399,1.0000000000000013,0.0
66969,44.192403206720115,1.0,560,681,1241,0.0,-0.0008333472224535399,1.0000000000000013,0.0
66970,44.19156985949766,1.0,560,681,1241,0.0,-0.0008333472224535399,1.0000000000000013,0.0
66971,44.19073651227521,1.0,560,681,1241,0.0,-0.0008333472224535399,1.0000000000000013,0.0
66972,44.18990316505275,1.0,560,681,1241,0.0,-0.0008333472224606453,1.0000000000000013,0.0
66973,44.189069817830294,1.0,560,681,1241,0.0,-0.0008333472224535399,1.0000000000000013,0.0
66974,44.18823647060784,0.9991941982272361,560,681,1241,-0.0008058017727639033,-0.0008333472224535399,0.999919419822725,-8.058017727639034e-05
66975,44.18740312338539,1.0,560,681,1241,0.0008058017727639033,-0.0008333472224535399,0.999919419822725,0.0
66976,44.18656977616293,1.0,560,681,1241,0.0,-0.0008333472224535399,0.999919419822725,0.0
66977,44.18573642894048,1.0,560,681,1241,0.0,-0.0008333472224535399,0.999919419822725,0.0
66978,44.184903081718026,1.0,560,681,1241,0.0,-0.0008333472224535399,0.999919419822725,0.0
66979,44.18406973449557,1.0,560,681,1241,0.0,-0.0008333472224535399,0.999919419822725,0.0
66980,44.18323638727312,1.0,560,681,1241,0.0,-0.0008333472224535399,0.999919419822725,0.0
66981,44.182403040050666,1.0,560,681,1241,0.0,-0.0008333472224535399,0.999919419822725,0.0
66982,44.18156969282821,1.0,560,681,1241,0.0,-0.0008333472224535399,0.999919419822725,0.0
66983,44.18073634560576,1.0,560,681,1241,0.0,-0.0008333472224535399,0.999919419822725,0.0
66984,44.179902998383305,1.0,560,681,1241,0.0,-0.0008333472224535399,1.0000000000000013,8.058017727639034e-05
66985,44.17906965116085,1.0,560,681,1241,0.0,-0.0008333472224535399,1.0000000000000013,0.0
66986,44.1782363039384,1.0,560,681,1241,0.0,-0.0008333472224535399,1.0000000000000013,0.0
66987,44.177402956715945,1.0,560,681,1241,0.0,-0.0008333472224535399,1.0000000000000013,0.0
66988,44.17656960949349,1.0,560,681,1241,0.0,-0.0008333472224535399,1.0000000000000013,0.0
66989,44.17573626227104,1.0,560,681,1241,0.0,-0.0008333472224535399,1.0000000000000013,0.0
66990,44.174902915048584,1.0,560,681,1241,0.0,-0.0008333472224535399,1.0000000000000013,0.0
66991,44.17406956782613,1.0,560,681,1241,0.0,-0.0008333472224535399,1.0000000000000013,0.0
66992,44.17323622060368,1.0,560,681,1241,0.0,-0.0008333472224535399,1.0000000000000013,0.0
66993,44.17240287338122,1.0,560,681,1241,0.0,-0.0008333472224535399,1.0000000000000013,0.0
66994,44.17156952615877,1.0,560,681,1241,0.0,-0.0008333472224535399,1.0000000000000013,0.0
66995,44.170736178936316,1.0,560,681,1241,0.0,-0.0008333472224535399,1.0000000000000013,0.0
66996,44.16990283171386,1.0,560,681,1241,0.0,-0.0008333472224535399,1.0000000000000013,0.0
66997,44.16906948449141,1.0,560,681,1241,0.0,-0.0008333472224535399,1.0000000000000013,0.0
66998,44.168236137268956,1.0,560,681,1241,0.0,-0.0008333472224535399,1.0000000000000013,0.0
66999,44.1674027900465,1.0,560,681,1241,0.0,-0.0008333472224535399,1.0000000000000013,0.0
67000,44.16656944282405,1.0,560,681,1241,0.0,-0.0008333472224535399,1.0000000000000013,0.0
67001,44.165736095601595,1.0,560,681,1241,0.0,-0.0008333472224535399,1.0000000000000013,0.0
67002,44.16490274837914,1.0,560,681,1241,0.0,-0.0008333472224535399,1.0000000000000013,0.0
67003,44.16406940115669,1.0,560,681,1241,0.0,-0.0008333472224535399,1.0000000000000013,0.0
67004,44.163236053934234,1.0,560,681,1241,0.0,-0.0008333472224535399,1.0000000000000013,0.0
67005,44.16240270671178,1.0,560,681,1241,0.0,-0.0008333472224535399,1.0000000000000013,0.0
67006,44.16156935948933,1.0,560,681,1241,0.0,-0.0008333472224535399,1.0000000000000013,0.0
67007,44.160736012266874,1.0,560,681,1241,0.0,-0.0008333472224535399,1.0000000000000013,0.0
67008,44.15990266504442,1.0,560,681,1241,0.0,-0.0008333472224535399,1.0000000000000013,0.0
67009,44.15906931782196,1.0,560,681,1241,0.0,-0.0008333472224606453,1.0000000000000013,0.0
67010,44.158235970599506,1.0,560,681,1241,0.0,-0.0008333472224535399,1.0000000000000013,0.0
67011,44.15740262337705,1.0,560,681,1241,0.0,-0.0008333472224535399,1.0000000000000013,0.0
67012,44.1565692761546,1.0,560,681,1241,0.0,-0.0008333472224535399,1.0000000000000013,0.0
67013,44.155735928932145,1.0,560,681,1241,0.0,-0.0008333472224535399,1.0000000000000013,0.0
67014,44.15490258170969,1.0,560,681,1241,0.0,-0.0008333472224535399,1.0000000000000013,0.0
67015,44.15406923448724,1.0,560,681,1241,0.0,-0.0008333472224535399,1.0000000000000013,0.0
67016,44.153235887264785,1.0,560,681,1241,0.0,-0.0008333472224535399,1.0000000000000013,0.0
67017,44.15240254004233,0.9991941982272361,560,681,1241,-0.0008058017727639033,-0.0008333472224535399,0.999919419822725,-8.058017727639034e-05
67018,44.15156919281988,0.9991941982272361,560,681,1241,0.0,-0.0008333472224535399,0.9998388396454487,-8.058017727639034e-05
67019,44.150735845597424,0.9991941982272361,560,681,1241,0.0,-0.0008333472224535399,0.9997582594681724,-8.058017727639034e-05
67020,44.14990249837497,0.9991941982272361,560,681,1241,0.0,-0.0008333472224535399,0.999677679290896,-8.058017727639034e-05
67021,44.14906915115252,1.0,560,681,1241,0.0008058017727639033,-0.0008333472224535399,0.999677679290896,0.0
67022,44.14823580393006,0.9991941982272361,560,681,1241,-0.0008058017727639033,-0.0008333472224535399,0.9995970991136197,-8.058017727639034e-05
67023,44.14740245670761,1.0,560,681,1241,0.0008058017727639033,-0.0008333472224535399,0.9995970991136197,0.0
67024,44.146569109485156,1.0,560,681,1241,0.0,-0.0008333472224535399,0.9995970991136197,0.0
67025,44.1457357622627,0.9991941982272361,560,681,1241,-0.0008058017727639033,-0.0008333472224535399,0.9995165189363433,-8.058017727639034e-05
67026,44.14490241504025,1.0,560,681,1241,0.0008058017727639033,-0.0008333472224535399,0.9995165189363433,0.0
67027,44.144069067817796,1.0,560,681,1241,0.0,-0.0008333472224535399,0.9995970991136197,8.058017727639034e-05
67028,44.14323572059534,1.0,560,681,1241,0.0,-0.0008333472224535399,0.999677679290896,8.058017727639034e-05
67029,44.14240237337289,1.0,560,681,1241,0.0,-0.0008333472224535399,0.9997582594681724,8.058017727639034e-05
67030,44.141569026150435,1.0,560,681,1241,0.0,-0.0008333472224535399,0.9998388396454487,8.058017727639034e-05
67031,44.14073567892798,1.0,560,681,1241,0.0,-0.0008333472224535399,0.9998388396454487,0.0
67032,44.13990233170553,1.0,560,681,1241,0.0,-0.0008333472224535399,0.999919419822725,8.058017727639034e-05
67033,44.139068984483075,1.0,560,681,1241,0.0,-0.0008333472224535399,0.999919419822725,0.0
67034,44.13823563726062,1.0,560,681,1241,0.0,-0.0008333472224535399,0.999919419822725,0.0
67035,44.13740229003817,1.0,560,681,1241,0.0,-0.0008333472224535399,1.0000000000000013,8.058017727639034e-05
67036,44.136568942815714,1.0,560,681,1241,0.0,-0.0008333472224535399,1.0000000000000013,0.0
67037,44.13573559559326,1.0,560,681,1241,0.0,-0.0008333472224535399,1.0000000000000013,0.0
67038,44.13490224837081,1.0,560,681,1241,0.0,-0.0008333472224535399,1.0000000000000013,0.0
67039,44.13406890114835,1.0,560,681,1241,0.0,-0.0008333472224535399,1.0000000000000013,0.0
67040,44.1332355539259,1.0,560,681,1241,0.0,-0.0008333472224535399,1.0000000000000013,0.0
67041,44.132402206703446,1.0,560,681,1241,0.0,-0.0008333472224535399,1.0000000000000013,0.0
67042,44.13156885948099,1.0,560,681,1241,0.0,-0.0008333472224535399,1.0000000000000013,0.0
67043,44.13073551225854,1.0,560,681,1241,0.0,-0.0008333472224535399,1.0000000000000013,0.0
67044,44.129902165036086,1.0,560,681,1241,0.0,-0.0008333472224535399,1.0000000000000013,0.0
67045,44.12906881781363,1.0,560,681,1241,0.0,-0.0008333472224535399,1.0000000000000013,0.0
67046,44.12823547059118,0.9991941982272361,560,681,1241,-0.0008058017727639033,-0.0008333472224535399,0.999919419822725,-8.058017727639034e-05
67047,44.127402123368725,0.9991941982272361,560,681,1241,0.0,-0.0008333472224535399,0.9998388396454487,-8.058017727639034e-05
67048,44.12656877614627,0.9991941982272361,560,681,1241,0.0,-0.0008333472224535399,0.9997582594681724,-8.058017727639034e-05
67049,44.12573542892382,0.9991941982272361,560,681,1241,0.0,-0.0008333472224535399,0.999677679290896,-8.058017727639034e-05
67050,44.124902081701364,0.9991941982272361,560,681,1241,0.0,-0.0008333472224535399,0.9995970991136197,-8.058017727639034e-05
67051,44.12406873447891,1.0,560,681,1241,0.0008058017727639033,-0.0008333472224535399,0.9995970991136197,0.0
67052,44.12323538725646,1.0,560,681,1241,0.0,-0.0008333472224535399,0.9995970991136197,0.0
67053,44.122402040034004,1.0,560,681,1241,0.0,-0.0008333472224535399,0.9995970991136197,0.0
67054,44.12156869281155,1.0,560,681,1241,0.0,-0.0008333472224535399,0.9995970991136197,0.0
67055,44.1207353455891,1.0,560,681,1241,0.0,-0.0008333472224535399,0.9995970991136197,0.0
67056,44.11990199836664,1.0,560,681,1241,0.0,-0.0008333472224535399,0.999677679290896,8.058017727639034e-05
67057,44.11906865114418,1.0,560,681,1241,0.0,-0.0008333472224606453,0.9997582594681724,8.058017727639034e-05
67058,44.11823530392173,1.0,560,681,1241,0.0,-0.0008333472224535399,0.9998388396454487,8.058017727639034e-05
67059,44.117401956699275,1.0,560,681,1241,0.0,-0.0008333472224535399,0.999919419822725,8.058017727639034e-05
67060,44.11656860947682,1.0,560,681,1241,0.0,-0.0008333472224535399,1.0000000000000013,8.058017727639034e-05
67061,44.11573526225437,1.0,560,681,1241,0.0,-0.0008333472224535399,1.0000000000000013,0.0
67062,44.114901915031915,1.0,560,681,1241,0.0,-0.0008333472224535399,1.0000000000000013,0.0
67063,44.11406856780946,1.0,560,681,1241,0.0,-0.0008333472224535399,1.0000000000000013,0.0
67064,44.11323522058701,1.0,560,681,1241,0.0,-0.0008333472224535399,1.0000000000000013,0.0
67065,44.112401873364554,1.0,560,681,1241,0.0,-0.0008333472224535399,1.0000000000000013,0.0
67066,44.1115685261421,1.0,560,681,1241,0.0,-0.0008333472224535399,1.0000000000000013,0.0
67067,44.11073517891965,1.0,560,681,1241,0.0,-0.0008333472224535399,1.0000000000000013,0.0
67068,44.109901831697194,1.0,560,681,1241,0.0,-0.0008333472224535399,1.0000000000000013,0.0
67069,44.10906848447474,1.0,560,681,1241,0.0,-0.0008333472224535399,1.0000000000000013,0.0
67070,44.10823513725229,1.0,560,681,1241,0.0,-0.0008333472224535399,1.0000000000000013,0.0
67071,44.10740179002983,1.0,560,681,1241,0.0,-0.0008333472224535399,1.0000000000000013,0.0
67072,44.10656844280738,1.0,560,681,1241,0.0,-0.0008333472224535399,1.0000000000000013,0.0
67073,44.105735095584926,1.0,560,681,1241,0.0,-0.0008333472224535399,1.0000000000000013,0.0
67074,44.10490174836247,1.0,560,681,1241,0.0,-0.0008333472224535399,1.0000000000000013,0.0
67075,44.10406840114002,1.0,560,681,1241,0.0,-0.0008333472224535399,1.0000000000000013,0.0
67076,44.103235053917565,1.0,560,681,1241,0.0,-0.0008333472224535399,1.0000000000000013,0.0
67077,44.10240170669511,0.9991941982272361,560,681,1241,-0.0008058017727639033,-0.0008333472224535399,0.999919419822725,-8.058017727639034e-05
67078,44.10156835947266,0.9991941982272361,560,681,1241,0.0,-0.0008333472224535399,0.9998388396454487,-8.058017727639034e-05
67079,44.100735012250205,1.0,560,681,1241,0.0008058017727639033,-0.0008333472224535399,0.9998388396454487,0.0
67080,44.09990166502775,1.0,560,681,1241,0.0,-0.0008333472224535399,0.9998388396454487,0.0
67081,44.0990683178053,1.0,560,681,1241,0.0,-0.0008333472224535399,0.9998388396454487,0.0
67082,44.098234970582844,1.0,560,681,1241,0.0,-0.0008333472224535399,0.9998388396454487,0.0
67083,44.09740162336039,1.0,560,681,1241,0.0,-0.0008333472224535399,0.9998388396454487,0.0
67084,44.09656827613794,1.0,560,681,1241,0.0,-0.0008333472224535399,0.9998388396454487,0.0
67085,44.09573492891548,1.0,560,681,1241,0.0,-0.0008333472224535399,0.9998388396454487,0.0
67086,44.09490158169303,1.0,560,681,1241,0.0,-0.0008333472224535399,0.9998388396454487,0.0
67087,44.094068234470576,1.0,560,681,1241,0.0,-0.0008333472224535399,0.999919419822725,8.058017727639034e-05
67088,44.09323488724812,1.0,560,681,1241,0.0,-0.0008333472224535399,1.0000000000000013,8.058017727639034e-05
67089,44.09240154002567,1.0,560,681,1241,0.0,-0.0008333472224535399,1.0000000000000013,0.0
67090,44.091568192803216,1.0,560,681,1241,0.0,-0.0008333472224535399,1.0000000000000013,0.0
67091,44.09073484558076,1.0,560,681,1241,0.0,-0.0008333472224535399,1.0000000000000013,0.0
67092,44.08990149835831,1.0,560,681,1241,0.0,-0.0008333472224535399,1.0000000000000013,0.0
67093,44.089068151135855,1.0,560,681,1241,0.0,-0.0008333472224535399,1.0000000000000013,0.0
67094,44.088234803913394,1.0,560,681,1241,0.0,-0.0008333472224606453,1.0000000000000013,0.0
67095,44.08740145669094,1.0,560,681,1241,0.0,-0.0008333472224535399,1.0000000000000013,0.0
67096,44.08656810946849,1.0,560,681,1241,0.0,-0.0008333472224535399,1.0000000000000013,0.0
67097,44.085734762246034,1.0,560,681,1241,0.0,-0.0008333472224535399,1.0000000000000013,0.0
67098,44.08490141502358,1.0,560,681,1241,0.0,-0.0008333472224535399,1.0000000000000013,0.0
67099,44.08406806780113,1.0,560,681,1241,0.0,-0.0008333472224535399,1.0000000000000013,0.0
67100,44.08323472057867,1.0,560,681,1241,0.0,-0.0008333472224535399,1.0000000000000013,0.0
67101,44.08240137335622,1.0,560,681,1241,0.0,-0.0008333472224535399,1.0000000000000013,0.0
67102,44.081568026133766,1.0,560,681,1241,0.0,-0.0008333472224535399,1.0000000000000013,0.0
67103,44.08073467891131,1.0,560,681,1241,0.0,-0.0008333472224535399,1.0000000000000013,0.0
67104,44.07990133168886,1.0,560,681,1241,0.0,-0.0008333472224535399,1.0000000000000013,0.0
67105,44.079067984466406,0.9991941982272361,560,681,1241,-0.0008058017727639033,-0.0008333472224535399,0.999919419822725,-8.058017727639034e-05
67106,44.07823463724395,0.9991941982272361,560,681,1241,0.0,-0.0008333472224535399,0.9998388396454487,-8.058017727639034e-05
67107,44.0774012900215,0.9991941982272361,560,681,1241,0.0,-0.0008333472224535399,0.9997582594681724,-8.058017727639034e-05
67108,44.076567942799045,0.9991941982272361,560,681,1241,0.0,-0.0008333472224535399,0.999677679290896,-8.058017727639034e-05
67109,44.07573459557659,1.0,560,681,1241,0.0008058017727639033,-0.0008333472224535399,0.999677679290896,0.0
67110,44.07490124835414,1.0,560,681,1241,0.0,-0.0008333472224535399,0.999677679290896,0.0
67111,44.074067901131684,1.0,560,681,1241,0.0,-0.0008333472224535399,0.999677679290896,0.0
67112,44.07323455390923,1.0,560,681,1241,0.0,-0.0008333472224535399,0.999677679290896,0.0
67113,44.07240120668678,1.0,560,681,1241,0.0,-0.0008333472224535399,0.999677679290896,0.0
67114,44.071567859464324,1.0,560,681,1241,0.0,-0.0008333472224535399,0.999677679290896,0.0
67115,44.07073451224187,1.0,560,681,1241,0.0,-0.0008333472224535399,0.9997582594681724,8.058017727639034e-05
67116,44.06990116501942,1.0,560,681,1241,0.0,-0.0008333472224535399,0.9998388396454487,8.058017727639034e-05
67117,44.06906781779696,1.0,560,681,1241,0.0,-0.0008333472224535399,0.999919419822725,8.058017727639034e-05
67118,44.06823447057451,1.0,560,681,1241,0.0,-0.0008333472224535399,1.0000000000000013,8.058017727639034e-05
67119,44.067401123352056,1.0,560,681,1241,0.0,-0.0008333472224535399,1.0000000000000013,0.0
67120,44.0665677761296,1.0,560,681,1241,0.0,-0.0008333472224535399,1.0000000000000013,0.0
67121,44.06573442890715,1.0,560,681,1241,0.0,-0.0008333472224535399,1.0000000000000013,0.0
67122,44.064901081684695,1.0,560,681,1241,0.0,-0.0008333472224535399,1.0000000000000013,0.0
67123,44.06406773446224,1.0,560,681,1241,0.0,-0.0008333472224535399,1.0000000000000013,0.0
67124,44.06323438723979,1.0,560,681,1241,0.0,-0.0008333472224535399,1.0000000000000013,0.0
67125,44.062401040017335,1.0,560,681,1241,0.0,-0.0008333472224535399,1.0000000000000013,0.0
67126,44.06156769279488,1.0,560,681,1241,0.0,-0.0008333472224535399,1.0000000000000013,0.0
67127,44.06073434557243,1.0,560,681,1241,0.0,-0.0008333472224535399,1.0000000000000013,0.0
67128,44.059900998349974,1.0,560,681,1241,0.0,-0.0008333472224535399,1.0000000000000013,0.0
67129,44.05906765112752,1.0,560,681,1241,0.0,-0.0008333472224535399,1.0000000000000013,0.0
67130,44.05823430390507,1.0,560,681,1241,0.0,-0.0008333472224535399,1.0000000000000013,0.0
67131,44.05740095668261,1.0,560,681,1241,0.0,-0.0008333472224535399,1.0000000000000013,0.0
67132,44.05656760946016,1.0,560,681,1241,0.0,-0.0008333472224535399,1.0000000000000013,0.0
67133,44.055734262237706,1.0,560,681,1241,0.0,-0.0008333472224535399,1.0000000000000013,0.0
67134,44.05490091501525,1.0,560,681,1241,0.0,-0.0008333472224535399,1.0000000000000013,0.0
67135,44.0540675677928,1.0,560,681,1241,0.0,-0.0008333472224535399,1.0000000000000013,0.0
67136,44.053234220570346,1.0,560,681,1241,0.0,-0.0008333472224535399,1.0000000000000013,0.0
67137,44.05240087334789,1.0,560,681,1241,0.0,-0.0008333472224535399,1.0000000000000013,0.0
67138,44.05156752612544,0.9991941982272361,560,681,1241,-0.0008058017727639033,-0.0008333472224535399,0.999919419822725,-8.058017727639034e-05
67139,44.050734178902985,1.0,560,681,1241,0.0008058017727639033,-0.0008333472224535399,0.999919419822725,0.0
67140,44.04990083168053,0.9991941982272361,560,681,1241,-0.0008058017727639033,-0.0008333472224535399,0.9998388396454487,-8.058017727639034e-05
67141,44.04906748445807,1.0,560,681,1241,0.0008058017727639033,-0.0008333472224606453,0.9998388396454487,0.0
67142,44.04823413723562,1.0,560,681,1241,0.0,-0.0008333472224535399,0.9998388396454487,0.0
67143,44.047400790013164,1.0,560,681,1241,0.0,-0.0008333472224535399,0.9998388396454487,0.0
67144,44.04656744279071,1.0,560,681,1241,0.0,-0.0008333472224535399,0.9998388396454487,0.0
67145,44.04573409556826,1.0,560,681,1241,0.0,-0.0008333472224535399,0.9998388396454487,0.0
67146,44.0449007483458,1.0,560,681,1241,0.0,-0.0008333472224535399,0.9998388396454487,0.0
67147,44.04406740112335,1.0,560,681,1241,0.0,-0.0008333472224535399,0.9998388396454487,0.0
67148,44.043234053900896,1.0,560,681,1241,0.0,-0.0008333472224535399,0.999919419822725,8.058017727639034e-05
67149,44.04240070667844,1.0,560,681,1241,0.0,-0.0008333472224535399,0.999919419822725,0.0
67150,44.04156735945599,1.0,560,681,1241,0.0,-0.0008333472224535399,1.0000000000000013,8.058017727639034e-05
67151,44.040734012233536,1.0,560,681,1241,0.0,-0.0008333472224535399,1.0000000000000013,0.0
67152,44.03990066501108,1.0,560,681,1241,0.0,-0.0008333472224535399,1.0000000000000013,0.0
67153,44.03906731778863,1.0,560,681,1241,0.0,-0.0008333472224535399,1.0000000000000013,0.0
67154,44.038233970566175,1.0,560,681,1241,0.0,-0.0008333472224535399,1.0000000000000013,0.0
67155,44.03740062334372,1.0,560,681,1241,0.0,-0.0008333472224535399,1.0000000000000013,0.0
67156,44.03656727612127,0.9991941982272361,560,681,1241,-0.0008058017727639033,-0.0008333472224535399,0.999919419822725,-8.058017727639034e-05
67157,44.035733928898814,0.9991941982272361,560,681,1241,0.0,-0.0008333472224535399,0.9998388396454487,-8.058017727639034e-05
67158,44.03490058167636,1.0,560,681,1241,0.0008058017727639033,-0.0008333472224535399,0.9998388396454487,0.0
67159,44.03406723445391,1.0,560,681,1241,0.0,-0.0008333472224535399,0.9998388396454487,0.0
67160,44.033233887231454,1.0,560,681,1241,0.0,-0.0008333472224535399,0.9998388396454487,0.0
67161,44.032400540009,1.0,560,681,1241,0.0,-0.0008333472224535399,0.9998388396454487,0.0
67162,44.03156719278655,1.0,560,681,1241,0.0,-0.0008333472224535399,0.9998388396454487,0.0
67163,44.03073384556409,1.0,560,681,1241,0.0,-0.0008333472224535399,0.9998388396454487,0.0
67164,44.02990049834164,1.0,560,681,1241,0.0,-0.0008333472224535399,0.9998388396454487,0.0
67165,44.029067151119186,1.0,560,681,1241,0.0,-0.0008333472224535399,0.9998388396454487,0.0
67166,44.02823380389673,1.0,560,681,1241,0.0,-0.0008333472224535399,0.999919419822725,8.058017727639034e-05
67167,44.02740045667428,1.0,560,681,1241,0.0,-0.0008333472224535399,1.0000000000000013,8.058017727639034e-05
67168,44.026567109451825,1.0,560,681,1241,0.0,-0.0008333472224535399,1.0000000000000013,0.0
67169,44.02573376222937,1.0,560,681,1241,0.0,-0.0008333472224535399,1.0000000000000013,0.0
67170,44.02490041500692,1.0,560,681,1241,0.0,-0.0008333472224535399,1.0000000000000013,0.0
67171,44.024067067784465,0.9991941982272361,560,681,1241,-0.0008058017727639033,-0.0008333472224535399,0.999919419822725,-8.058017727639034e-05
67172,44.02323372056201,0.9991941982272361,560,681,1241,0.0,-0.0008333472224535399,0.9998388396454487,-8.058017727639034e-05
67173,44.02240037333956,0.9991941982272361,560,681,1241,0.0,-0.0008333472224535399,0.9997582594681724,-8.058017727639034e-05
67174,44.021567026117104,0.9991941982272361,560,681,1241,0.0,-0.0008333472224535399,0.999677679290896,-8.058017727639034e-05
67175,44.02073367889465,1.0,560,681,1241,0.0008058017727639033,-0.0008333472224535399,0.999677679290896,0.0
67176,44.0199003316722,1.0,560,681,1241,0.0,-0.0008333472224535399,0.999677679290896,0.0
67177,44.01906698444974,1.0,560,681,1241,0.0,-0.0008333472224535399,0.999677679290896,0.0
67178,44.01823363722728,1.0,560,681,1241,0.0,-0.0008333472224606453,0.999677679290896,0.0
67179,44.01740029000483,1.0,560,681,1241,0.0,-0.0008333472224535399,0.999677679290896,0.0
67180,44.016566942782376,1.0,560,681,1241,0.0,-0.0008333472224535399,0.999677679290896,0.0
67181,44.01573359555992,1.0,560,681,1241,0.0,-0.0008333472224535399,0.9997582594681724,8.058017727639034e-05
67182,44.01490024833747,1.0,560,681,1241,0.0,-0.0008333472224535399,0.9998388396454487,8.058017727639034e-05
67183,44.014066901115015,1.0,560,681,1241,0.0,-0.0008333472224535399,0.999919419822725,8.058017727639034e-05
67184,44.01323355389256,1.0,560,681,1241,0.0,-0.0008333472224535399,1.0000000000000013,8.058017727639034e-05
67185,44.01240020667011,1.0,560,681,1241,0.0,-0.0008333472224535399,1.0000000000000013,0.0
67186,44.011566859447655,1.0,560,681,1241,0.0,-0.0008333472224535399,1.0000000000000013,0.0
67187,44.0107335122252,1.0,560,681,1241,0.0,-0.0008333472224535399,1.0000000000000013,0.0
67188,44.00990016500275,1.0,560,681,1241,0.0,-0.0008333472224535399,1.0000000000000013,0.0
67189,44.009066817780294,1.0,560,681,1241,0.0,-0.0008333472224535399,1.0000000000000013,0.0
67190,44.00823347055784,1.0,560,681,1241,0.0,-0.0008333472224535399,1.0000000000000013,0.0
67191,44.00740012333539,1.0,560,681,1241,0.0,-0.0008333472224535399,1.0000000000000013,0.0
67192,44.00656677611293,1.0,560,681,1241,0.0,-0.0008333472224535399,1.0000000000000013,0.0
67193,44.00573342889048,1.0,560,681,1241,0.0,-0.0008333472224535399,1.0000000000000013,0.0
67194,44.004900081668026,1.0,560,681,1241,0.0,-0.0008333472224535399,1.0000000000000013,0.0
67195,44.00406673444557,0.9991941982272361,560,681,1241,-0.0008058017727639033,-0.0008333472224535399,0.999919419822725,-8.058017727639034e-05
67196,44.00323338722312,0.9991941982272361,560,681,1241,0.0,-0.0008333472224535399,0.9998388396454487,-8.058017727639034e-05
67197,44.002400040000666,0.9991941982272361,560,681,1241,0.0,-0.0008333472224535399,0.9997582594681724,-8.058017727639034e-05
67198,44.00156669277821,0.9991941982272361,560,681,1241,0.0,-0.0008333472224535399,0.999677679290896,-8.058017727639034e-05
67199,44.00073334555576,0.9991941982272361,560,681,1241,0.0,-0.0008333472224535399,0.9995970991136197,-8.058017727639034e-05
67200,43.999899998333305,0.9991941982272361,560,681,1241,0.0,-0.0008333472224535399,0.9995165189363433,-8.058017727639034e-05
67201,43.99906665111085,0.9991941982272361,560,681,1241,0.0,-0.0008333472224535399,0.999435938759067,-8.058017727639034e-05
67202,43.9982333038884,0.9991941982272361,560,681,1241,0.0,-0.0008333472224535399,0.9993553585817907,-8.058017727639034e-05
67203,43.997399956665944,0.9991941982272361,560,681,1241,0.0,-0.0008333472224535399,0.9992747784045143,-8.058017727639034e-05
67204,43.99656660944349,1.0,560,681,1241,0.0008058017727639033,-0.0008333472224535399,0.9992747784045143,0.0
67205,43.99573326222104,1.0,560,681,1241,0.0,-0.0008333472224535399,0.9993553585817907,8.058017727639034e-05
67206,43.994899914998584,1.0,560,681,1241,0.0,-0.0008333472224535399,0.999435938759067,8.058017727639034e-05
67207,43.99406656777613,1.0,560,681,1241,0.0,-0.0008333472224535399,0.9995165189363433,8.058017727639034e-05
67208,43.99323322055368,1.0,560,681,1241,0.0,-0.0008333472224535399,0.9995970991136197,8.058017727639034e-05
67209,43.99239987333122,1.0,560,681,1241,0.0,-0.0008333472224535399,0.999677679290896,8.058017727639034e-05
67210,43.99156652610877,1.0,560,681,1241,0.0,-0.0008333472224535399,0.9997582594681724,8.058017727639034e-05
67211,43.990733178886316,1.0,560,681,1241,0.0,-0.0008333472224535399,0.9998388396454487,8.058017727639034e-05
67212,43.98989983166386,0.9991941982272361,560,681,1241,-0.0008058017727639033,-0.0008333472224535399,0.9998388396454487,0.0
67213,43.98906648444141,1.0,560,681,1241,0.0008058017727639033,-0.0008333472224535399,0.999919419822725,8.058017727639034e-05
67214,43.988233137218955,1.0,560,681,1241,0.0,-0.0008333472224535399,0.999919419822725,0.0
67215,43.9873997899965,1.0,560,681,1241,0.0,-0.0008333472224535399,0.999919419822725,0.0
67216,43.98656644277405,1.0,560,681,1241,0.0,-0.0008333472224535399,0.999919419822725,0.0
67217,43.985733095551595,1.0,560,681,1241,0.0,-0.0008333472224535399,0.999919419822725,0.0
67218,43.98489974832914,1.0,560,681,1241,0.0,-0.0008333472224535399,0.999919419822725,0.0
67219,43.98406640110669,1.0,560,681,1241,0.0,-0.0008333472224535399,0.999919419822725,0.0
67220,43.983233053884234,1.0,560,681,1241,0.0,-0.0008333472224535399,0.999919419822725,0.0
67221,43.98239970666178,1.0,560,681,1241,0.0,-0.0008333472224535399,0.999919419822725,0.0
67222,43.98156635943933,1.0,560,681,1241,0.0,-0.0008333472224535399,1.0000000000000013,8.058017727639034e-05
67223,43.980733012216874,1.0,560,681,1241,0.0,-0.0008333472224535399,1.0000000000000013,0.0
67224,43.97989966499442,1.0,560,681,1241,0.0,-0.0008333472224535399,1.0000000000000013,0.0
67225,43.97906631777197,0.9991941982272361,560,681,1241,-0.0008058017727639033,-0.0008333472224535399,0.999919419822725,-8.058017727639034e-05
67226,43.978232970549506,1.0,560,681,1241,0.0008058017727639033,-0.0008333472224606453,0.999919419822725,0.0
67227,43.97739962332705,1.0,560,681,1241,0.0,-0.0008333472224535399,0.999919419822725,0.0
67228,43.9765662761046,1.0,560,681,1241,0.0,-0.0008333472224535399,0.999919419822725,0.0
67229,43.975732928882145,1.0,560,681,1241,0.0,-0.0008333472224535399,0.999919419822725,0.0
67230,43.97489958165969,1.0,560,681,1241,0.0,-0.0008333472224535399,0.999919419822725,0.0
67231,43.97406623443724,1.0,560,681,1241,0.0,-0.0008333472224535399,0.999919419822725,0.0
67232,43.973232887214785,1.0,560,681,1241,0.0,-0.0008333472224535399,0.999919419822725,0.0
67233,43.97239953999233,1.0,560,681,1241,0.0,-0.0008333472224535399,0.999919419822725,0.0
67234,43.97156619276988,1.0,560,681,1241,0.0,-0.0008333472224535399,0.999919419822725,0.0
67235,43.970732845547424,1.0,560,681,1241,0.0,-0.0008333472224535399,1.0000000000000013,8.058017727639034e-05
67236,43.96989949832497,1.0,560,681,1241,0.0,-0.0008333472224535399,1.0000000000000013,0.0
67237,43.96906615110252,1.0,560,681,1241,0.0,-0.0008333472224535399,1.0000000000000013,0.0
67238,43.96823280388006,1.0,560,681,1241,0.0,-0.0008333472224535399,1.0000000000000013,0.0
67239,43.96739945665761,1.0,560,681,1241,0.0,-0.0008333472224535399,1.0000000000000013,0.0
67240,43.966566109435156,1.0,560,681,1241,0.0,-0.0008333472224535399,1.0000000000000013,0.0
67241,43.9657327622127,1.0,560,681,1241,0.0,-0.0008333472224535399,1.0000000000000013,0.0
67242,43.96489941499025,1.0,560,681,1241,0.0,-0.0008333472224535399,1.0000000000000013,0.0
67243,43.964066067767796,0.9991941982272361,560,681,1241,-0.0008058017727639033,-0.0008333472224535399,0.999919419822725,-8.058017727639034e-05
67244,43.96323272054534,0.9991941982272361,560,681,1241,0.0,-0.0008333472224535399,0.9998388396454487,-8.058017727639034e-05
67245,43.96239937332289,0.9991941982272361,560,681,1241,0.0,-0.0008333472224535399,0.9997582594681724,-8.058017727639034e-05
67246,43.961566026100435,1.0,560,681,1241,0.0008058017727639033,-0.0008333472224535399,0.9997582594681724,0.0
67247,43.96073267887798,1.0,560,681,1241,0.0,-0.0008333472224535399,0.9997582594681724,0.0
67248,43.95989933165553,1.0,560,681,1241,0.0,-0.0008333472224535399,0.9997582594681724,0.0
67249,43.959065984433074,1.0,560,681,1241,0.0,-0.0008333472224535399,0.9997582594681724,0.0
67250,43.95823263721062,1.0,560,681,1241,0.0,-0.0008333472224535399,0.9997582594681724,0.0
67251,43.95739928998817,1.0,560,681,1241,0.0,-0.0008333472224535399,0.9997582594681724,0.0
67252,43.956565942765714,1.0,560,681,1241,0.0,-0.0008333472224535399,0.9997582594681724,0.0
67253,43.95573259554326,1.0,560,681,1241,0.0,-0.0008333472224535399,0.9998388396454487,8.058017727639034e-05
67254,43.95489924832081,1.0,560,681,1241,0.0,-0.0008333472224535399,0.999919419822725,8.058017727639034e-05
67255,43.95406590109835,1.0,560,681,1241,0.0,-0.0008333472224535399,1.0000000000000013,8.058017727639034e-05
67256,43.9532325538759,1.0,560,681,1241,0.0,-0.0008333472224535399,1.0000000000000013,0.0
67257,43.952399206653446,1.0,560,681,1241,0.0,-0.0008333472224535399,1.0000000000000013,0.0
67258,43.95156585943099,1.0,560,681,1241,0.0,-0.0008333472224535399,1.0000000000000013,0.0
67259,43.95073251220854,1.0,560,681,1241,0.0,-0.0008333472224535399,1.0000000000000013,0.0
67260,43.949899164986086,1.0,560,681,1241,0.0,-0.0008333472224535399,1.0000000000000013,0.0
67261,43.94906581776363,1.0,560,681,1241,0.0,-0.0008333472224535399,1.0000000000000013,0.0
67262,43.94823247054118,1.0,560,681,1241,0.0,-0.0008333472224535399,1.0000000000000013,0.0
67263,43.94739912331872,1.0,560,681,1241,0.0,-0.0008333472224606453,1.0000000000000013,0.0
67264,43.946565776096264,1.0,560,681,1241,0.0,-0.0008333472224535399,1.0000000000000013,0.0
67265,43.94573242887381,1.0,560,681,1241,0.0,-0.0008333472224535399,1.0000000000000013,0.0
67266,43.94489908165136,1.0,560,681,1241,0.0,-0.0008333472224535399,1.0000000000000013,0.0
67267,43.944065734428904,1.0,560,681,1241,0.0,-0.0008333472224535399,1.0000000000000013,0.0
67268,43.94323238720645,1.0,560,681,1241,0.0,-0.0008333472224535399,1.0000000000000013,0.0
67269,43.942399039984,1.0,560,681,1241,0.0,-0.0008333472224535399,1.0000000000000013,0.0
67270,43.94156569276154,1.0,560,681,1241,0.0,-0.0008333472224535399,1.0000000000000013,0.0
67271,43.94073234553909,1.0,560,681,1241,0.0,-0.0008333472224535399,1.0000000000000013,0.0
67272,43.939898998316636,1.0,560,681,1241,0.0,-0.0008333472224535399,1.0000000000000013,0.0
67273,43.93906565109418,1.0,560,681,1241,0.0,-0.0008333472224535399,1.0000000000000013,0.0
67274,43.93823230387173,1.0,560,681,1241,0.0,-0.0008333472224535399,1.0000000000000013,0.0
67275,43.937398956649275,1.0,560,681,1241,0.0,-0.0008333472224535399,1.0000000000000013,0.0
67276,43.93656560942682,1.0,560,681,1241,0.0,-0.0008333472224535399,1.0000000000000013,0.0
67277,43.93573226220437,1.0,560,681,1241,0.0,-0.0008333472224535399,1.0000000000000013,0.0
67278,43.934898914981915,1.0,560,681,1241,0.0,-0.0008333472224535399,1.0000000000000013,0.0
67279,43.93406556775946,1.0,560,681,1241,0.0,-0.0008333472224535399,1.0000000000000013,0.0
67280,43.93323222053701,1.0,560,681,1241,0.0,-0.0008333472224535399,1.0000000000000013,0.0
67281,43.932398873314554,1.0,560,681,1241,0.0,-0.0008333472224535399,1.0000000000000013,0.0
67282,43.9315655260921,1.0,560,681,1241,0.0,-0.0008333472224535399,1.0000000000000013,0.0
67283,43.93073217886965,1.0,560,681,1241,0.0,-0.0008333472224535399,1.0000000000000013,0.0
67284,43.92989883164719,1.0,560,681,1241,0.0,-0.0008333472224535399,1.0000000000000013,0.0
67285,43.92906548442474,1.0,560,681,1241,0.0,-0.0008333472224535399,1.0000000000000013,0.0
67286,43.928232137202286,1.0,560,681,1241,0.0,-0.0008333472224535399,1.0000000000000013,0.0
67287,43.92739878997983,1.0,560,681,1241,0.0,-0.0008333472224535399,1.0000000000000013,0.0
67288,43.92656544275738,1.0,560,681,1241,0.0,-0.0008333472224535399,1.0000000000000013,0.0
67289,43.925732095534926,1.0,560,681,1241,0.0,-0.0008333472224535399,1.0000000000000013,0.0
67290,43.92489874831247,1.0,560,681,1241,0.0,-0.0008333472224535399,1.0000000000000013,0.0
67291,43.92406540109002,1.0,560,681,1241,0.0,-0.0008333472224535399,1.0000000000000013,0.0
67292,43.923232053867565,1.0,560,681,1241,0.0,-0.0008333472224535399,1.0000000000000013,0.0
67293,43.92239870664511,1.0,560,681,1241,0.0,-0.0008333472224535399,1.0000000000000013,0.0
67294,43.92156535942266,1.0,560,681,1241,0.0,-0.0008333472224535399,1.0000000000000013,0.0
67295,43.920732012200205,1.0,560,681,1241,0.0,-0.0008333472224535399,1.0000000000000013,0.0
67296,43.91989866497775,1.0,560,681,1241,0.0,-0.0008333472224535399,1.0000000000000013,0.0
67297,43.9190653177553,1.0,560,681,1241,0.0,-0.0008333472224535399,1.0000000000000013,0.0
67298,43.918231970532844,1.0,560,681,1241,0.0,-0.0008333472224535399,1.0000000000000013,0.0
67299,43.91739862331039,1.0,560,681,1241,0.0,-0.0008333472224535399,1.0000000000000013,0.0
67300,43.91656527608794,1.0,560,681,1241,0.0,-0.0008333472224535399,1.0000000000000013,0.0
67301,43.91573192886548,1.0,560,681,1241,0.0,-0.0008333472224535399,1.0000000000000013,0.0
67302,43.91489858164303,1.0,560,681,1241,0.0,-0.0008333472224535399,1.0000000000000013,0.0
67303,43.914065234420576,1.0,560,681,1241,0.0,-0.0008333472224535399,1.0000000000000013,0.0
67304,43.91323188719812,1.0,560,681,1241,0.0,-0.0008333472224535399,1.0000000000000013,0.0
67305,43.91239853997567,1.0,560,681,1241,0.0,-0.0008333472224535399,1.0000000000000013,0.0
67306,43.911565192753216,1.0,560,681,1241,0.0,-0.0008333472224535399,1.0000000000000013,0.0
67307,43.91073184553076,1.0,560,681,1241,0.0,-0.0008333472224535399,1.0000000000000013,0.0
67308,43.90989849830831,1.0,560,681,1241,0.0,-0.0008333472224535399,1.0000000000000013,0.0
67309,43.909065151085855,1.0,560,681,1241,0.0,-0.0008333472224535399,1.0000000000000013,0.0
67310,43.9082318038634,1.0,560,681,1241,0.0,-0.0008333472224535399,1.0000000000000013,0.0
67311,43.90739845664094,1.0,560,681,1241,0.0,-0.0008333472224606453,1.0000000000000013,0.0
67312,43.90656510941849,1.0,560,681,1241,0.0,-0.0008333472224535399,1.0000000000000013,0.0
67313,43.905731762196034,1.0,560,681,1241,0.0,-0.0008333472224535399,1.0000000000000013,0.0
67314,43.90489841497358,0.9991941982272361,560,681,1241,-0.0008058017727639033,-0.0008333472224535399,0.999919419822725,-8.058017727639034e-05
67315,43.90406506775113,0.9991941982272361,560,681,1241,0.0,-0.0008333472224535399,0.9998388396454487,-8.058017727639034e-05
67316,43.90323172052867,1.0,560,681,1241,0.0008058017727639033,-0.0008333472224535399,0.9998388396454487,0.0
67317,43.90239837330622,1.0,560,681,1241,0.0,-0.0008333472224535399,0.9998388396454487,0.0
67318,43.901565026083766,1.0,560,681,1241,0.0,-0.0008333472224535399,0.9998388396454487,0.0
67319,43.90073167886131,1.0,560,681,1241,0.0,-0.0008333472224535399,0.9998388396454487,0.0
67320,43.89989833163886,1.0,560,681,1241,0.0,-0.0008333472224535399,0.9998388396454487,0.0
67321,43.899064984416405,1.0,560,681,1241,0.0,-0.0008333472224535399,0.9998388396454487,0.0
67322,43.89823163719395,1.0,560,681,1241,0.0,-0.0008333472224535399,0.9998388396454487,0.0
67323,43.8973982899715,1.0,560,681,1241,0.0,-0.0008333472224535399,0.9998388396454487,0.0
67324,43.896564942749045,1.0,560,681,1241,0.0,-0.0008333472224535399,0.999919419822725,8.058017727639034e-05
67325,43.89573159552659,1.0,560,681,1241,0.0,-0.0008333472224535399,1.0000000000000013,8.058017727639034e-05
67326,43.89489824830414,1.0,560,681,1241,0.0,-0.0008333472224535399,1.0000000000000013,0.0
67327,43.894064901081684,1.0,560,681,1241,0.0,-0.0008333472224535399,1.0000000000000013,0.0
67328,43.89323155385923,1.0,560,681,1241,0.0,-0.0008333472224535399,1.0000000000000013,0.0
67329,43.89239820663678,1.0,560,681,1241,0.0,-0.0008333472224535399,1.0000000000000013,0.0
67330,43.89156485941432,1.0,560,681,1241,0.0,-0.0008333472224535399,1.0000000000000013,0.0
67331,43.89073151219187,1.0,560,681,1241,0.0,-0.0008333472224535399,1.0000000000000013,0.0
67332,43.889898164969416,1.0,560,681,1241,0.0,-0.0008333472224535399,1.0000000000000013,0.0
67333,43.88906481774696,1.0,560,681,1241,0.0,-0.0008333472224535399,1.0000000000000013,0.0
67334,43.88823147052451,1.0,560,681,1241,0.0,-0.0008333472224535399,1.0000000000000013,0.0
67335,43.887398123302056,1.0,560,681,1241,0.0,-0.0008333472224535399,1.0000000000000013,0.0
67336,43.8865647760796,1.0,560,681,1241,0.0,-0.0008333472224535399,1.0000000000000013,0.0
67337,43.88573142885715,1.0,560,681,1241,0.0,-0.0008333472224535399,1.0000000000000013,0.0
67338,43.884898081634695,1.0,560,681,1241,0.0,-0.0008333472224535399,1.0000000000000013,0.0
67339,43.88406473441224,1.0,560,681,1241,0.0,-0.0008333472224535399,1.0000000000000013,0.0
67340,43.88323138718979,1.0,560,681,1241,0.0,-0.0008333472224535399,1.0000000000000013,0.0
67341,43.882398039967335,1.0,560,681,1241,0.0,-0.0008333472224535399,1.0000000000000013,0.0
67342,43.88156469274488,1.0,560,681,1241,0.0,-0.0008333472224535399,1.0000000000000013,0.0
67343,43.88073134552243,1.0,560,681,1241,0.0,-0.0008333472224535399,1.0000000000000013,0.0
67344,43.879897998299974,1.0,560,681,1241,0.0,-0.0008333472224535399,1.0000000000000013,0.0
67345,43.87906465107752,1.0,560,681,1241,0.0,-0.0008333472224535399,1.0000000000000013,0.0
67346,43.87823130385507,1.0,560,681,1241,0.0,-0.0008333472224535399,1.0000000000000013,0.0
67347,43.87739795663261,1.0,560,681,1241,0.0,-0.0008333472224535399,1.0000000000000013,0.0
67348,43.87656460941015,1.0,560,681,1241,0.0,-0.0008333472224606453,1.0000000000000013,0.0
67349,43.8757312621877,1.0,560,681,1241,0.0,-0.0008333472224535399,1.0000000000000013,0.0
67350,43.874897914965246,1.0,560,681,1241,0.0,-0.0008333472224535399,1.0000000000000013,0.0
67351,43.87406456774279,0.9991941982272361,560,681,1241,-0.0008058017727639033,-0.0008333472224535399,0.999919419822725,-8.058017727639034e-05
67352,43.87323122052034,0.9991941982272361,560,681,1241,0.0,-0.0008333472224535399,0.9998388396454487,-8.058017727639034e-05
67353,43.872397873297885,0.9991941982272361,560,681,1241,0.0,-0.0008333472224535399,0.9997582594681724,-8.058017727639034e-05
67354,43.87156452607543,0.9991941982272361,560,681,1241,0.0,-0.0008333472224535399,0.999677679290896,-8.058017727639034e-05
67355,43.87073117885298,1.0,560,681,1241,0.0008058017727639033,-0.0008333472224535399,0.999677679290896,0.0
67356,43.869897831630524,1.0,560,681,1241,0.0,-0.0008333472224535399,0.999677679290896,0.0
67357,43.86906448440807,1.0,560,681,1241,0.0,-0.0008333472224535399,0.999677679290896,0.0
67358,43.86823113718562,1.0,560,681,1241,0.0,-0.0008333472224535399,0.999677679290896,0.0
67359,43.867397789963164,1.0,560,681,1241,0.0,-0.0008333472224535399,0.999677679290896,0.0
67360,43.86656444274071,1.0,560,681,1241,0.0,-0.0008333472224535399,0.999677679290896,0.0
67361,43.86573109551826,1.0,560,681,1241,0.0,-0.0008333472224535399,0.9997582594681724,8.058017727639034e-05
67362,43.8648977482958,1.0,560,681,1241,0.0,-0.0008333472224535399,0.9998388396454487,8.058017727639034e-05
67363,43.86406440107335,1.0,560,681,1241,0.0,-0.0008333472224535399,0.999919419822725,8.058017727639034e-05
67364,43.863231053850896,1.0,560,681,1241,0.0,-0.0008333472224535399,1.0000000000000013,8.058017727639034e-05
67365,43.86239770662844,1.0,560,681,1241,0.0,-0.0008333472224535399,1.0000000000000013,0.0
67366,43.86156435940599,1.0,560,681,1241,0.0,-0.0008333472224535399,1.0000000000000013,0.0
67367,43.860731012183535,1.0,560,681,1241,0.0,-0.0008333472224535399,1.0000000000000013,0.0
67368,43.85989766496108,1.0,560,681,1241,0.0,-0.0008333472224535399,1.0000000000000013,0.0
67369,43.85906431773863,1.0,560,681,1241,0.0,-0.0008333472224535399,1.0000000000000013,0.0
67370,43.858230970516175,1.0,560,681,1241,0.0,-0.0008333472224535399,1.0000000000000013,0.0
67371,43.85739762329372,1.0,560,681,1241,0.0,-0.0008333472224535399,1.0000000000000013,0.0
67372,43.85656427607127,1.0,560,681,1241,0.0,-0.0008333472224535399,1.0000000000000013,0.0
67373,43.855730928848814,1.0,560,681,1241,0.0,-0.0008333472224535399,1.0000000000000013,0.0
67374,43.85489758162636,0.9991941982272361,560,681,1241,-0.0008058017727639033,-0.0008333472224535399,0.999919419822725,-8.058017727639034e-05
67375,43.85406423440391,0.9991941982272361,560,681,1241,0.0,-0.0008333472224535399,0.9998388396454487,-8.058017727639034e-05
67376,43.853230887181454,0.9991941982272361,560,681,1241,0.0,-0.0008333472224535399,0.9997582594681724,-8.058017727639034e-05
67377,43.852397539959,0.9991941982272361,560,681,1241,0.0,-0.0008333472224535399,0.999677679290896,-8.058017727639034e-05
67378,43.85156419273655,0.9991941982272361,560,681,1241,0.0,-0.0008333472224535399,0.9995970991136197,-8.058017727639034e-05
67379,43.85073084551409,0.9991941982272361,560,681,1241,0.0,-0.0008333472224535399,0.9995165189363433,-8.058017727639034e-05
67380,43.84989749829164,0.9991941982272361,560,681,1241,0.0,-0.0008333472224535399,0.999435938759067,-8.058017727639034e-05
67381,43.849064151069186,0.9991941982272361,560,681,1241,0.0,-0.0008333472224535399,0.9993553585817907,-8.058017727639034e-05
67382,43.84823080384673,0.9991941982272361,560,681,1241,0.0,-0.0008333472224535399,0.9992747784045143,-8.058017727639034e-05
67383,43.84739745662428,1.0,560,681,1241,0.0008058017727639033,-0.0008333472224535399,0.9992747784045143,0.0
67384,43.846564109401825,1.0,560,681,1241,0.0,-0.0008333472224535399,0.9993553585817907,8.058017727639034e-05
67385,43.84573076217937,1.0,560,681,1241,0.0,-0.0008333472224535399,0.999435938759067,8.058017727639034e-05
67386,43.84489741495692,1.0,560,681,1241,0.0,-0.0008333472224535399,0.9995165189363433,8.058017727639034e-05
67387,43.844064067734465,1.0,560,681,1241,0.0,-0.0008333472224535399,0.9995970991136197,8.058017727639034e-05
67388,43.84323072051201,1.0,560,681,1241,0.0,-0.0008333472224535399,0.999677679290896,8.058017727639034e-05
67389,43.84239737328956,1.0,560,681,1241,0.0,-0.0008333472224535399,0.9997582594681724,8.058017727639034e-05
67390,43.841564026067104,1.0,560,681,1241,0.0,-0.0008333472224535399,0.9998388396454487,8.058017727639034e-05
67391,43.84073067884465,1.0,560,681,1241,0.0,-0.0008333472224535399,0.999919419822725,8.058017727639034e-05
67392,43.8398973316222,1.0,560,681,1241,0.0,-0.0008333472224535399,1.0000000000000013,8.058017727639034e-05
67393,43.83906398439974,1.0,560,681,1241,0.0,-0.0008333472224535399,1.0000000000000013,0.0
67394,43.83823063717729,1.0,560,681,1241,0.0,-0.0008333472224535399,1.0000000000000013,0.0
67395,43.837397289954836,1.0,560,681,1241,0.0,-0.0008333472224535399,1.0000000000000013,0.0
67396,43.836563942732376,1.0,560,681,1241,0.0,-0.0008333472224606453,1.0000000000000013,0.0
67397,43.83573059550992,1.0,560,681,1241,0.0,-0.0008333472224535399,1.0000000000000013,0.0
67398,43.83489724828747,1.0,560,681,1241,0.0,-0.0008333472224535399,1.0000000000000013,0.0
67399,43.834063901065015,1.0,560,681,1241,0.0,-0.0008333472224535399,1.0000000000000013,0.0
67400,43.83323055384256,1.0,560,681,1241,0.0,-0.0008333472224535399,1.0000000000000013,0.0
67401,43.83239720662011,1.0,560,681,1241,0.0,-0.0008333472224535399,1.0000000000000013,0.0
67402,43.831563859397654,1.0,560,681,1241,0.0,-0.0008333472224535399,1.0000000000000013,0.0
67403,43.8307305121752,1.0,560,681,1241,0.0,-0.0008333472224535399,1.0000000000000013,0.0
67404,43.82989716495275,1.0,560,681,1241,0.0,-0.0008333472224535399,1.0000000000000013,0.0
67405,43.829063817730294,1.0,560,681,1241,0.0,-0.0008333472224535399,1.0000000000000013,0.0
67406,43.82823047050784,1.0,560,681,1241,0.0,-0.0008333472224535399,1.0000000000000013,0.0
67407,43.82739712328539,1.0,560,681,1241,0.0,-0.0008333472224535399,1.0000000000000013,0.0
67408,43.82656377606293,1.0,560,681,1241,0.0,-0.0008333472224535399,1.0000000000000013,0.0
67409,43.82573042884048,0.9991941982272361,560,681,1241,-0.0008058017727639033,-0.0008333472224535399,0.999919419822725,-8.058017727639034e-05
67410,43.824897081618026,0.9991941982272361,560,681,1241,0.0,-0.0008333472224535399,0.9998388396454487,-8.058017727639034e-05
67411,43.82406373439557,0.9991941982272361,560,681,1241,0.0,-0.0008333472224535399,0.9997582594681724,-8.058017727639034e-05
67412,43.82323038717312,1.0,560,681,1241,0.0008058017727639033,-0.0008333472224535399,0.9997582594681724,0.0
67413,43.822397039950665,1.0,560,681,1241,0.0,-0.0008333472224535399,0.9997582594681724,0.0
67414,43.82156369272821,1.0,560,681,1241,0.0,-0.0008333472224535399,0.9997582594681724,0.0
67415,43.82073034550576,1.0,560,681,1241,0.0,-0.0008333472224535399,0.9997582594681724,0.0
67416,43.819896998283305,1.0,560,681,1241,0.0,-0.0008333472224535399,0.9997582594681724,0.0
67417,43.81906365106085,1.0,560,681,1241,0.0,-0.0008333472224535399,0.9997582594681724,0.0
67418,43.8182303038384,1.0,560,681,1241,0.0,-0.0008333472224535399,0.9997582594681724,0.0
67419,43.817396956615944,1.0,560,681,1241,0.0,-0.0008333472224535399,0.9998388396454487,8.058017727639034e-05
67420,43.81656360939349,1.0,560,681,1241,0.0,-0.0008333472224535399,0.999919419822725,8.058017727639034e-05
67421,43.81573026217104,1.0,560,681,1241,0.0,-0.0008333472224535399,1.0000000000000013,8.058017727639034e-05
67422,43.814896914948584,1.0,560,681,1241,0.0,-0.0008333472224535399,1.0000000000000013,0.0
67423,43.81406356772613,1.0,560,681,1241,0.0,-0.0008333472224535399,1.0000000000000013,0.0
67424,43.81323022050368,1.0,560,681,1241,0.0,-0.0008333472224535399,1.0000000000000013,0.0
67425,43.81239687328122,1.0,560,681,1241,0.0,-0.0008333472224535399,1.0000000000000013,0.0
67426,43.81156352605877,1.0,560,681,1241,0.0,-0.0008333472224535399,1.0000000000000013,0.0
67427,43.810730178836316,1.0,560,681,1241,0.0,-0.0008333472224535399,1.0000000000000013,0.0
67428,43.80989683161386,1.0,560,681,1241,0.0,-0.0008333472224535399,1.0000000000000013,0.0
67429,43.80906348439141,1.0,560,681,1241,0.0,-0.0008333472224535399,1.0000000000000013,0.0
67430,43.808230137168955,1.0,560,681,1241,0.0,-0.0008333472224535399,1.0000000000000013,0.0
67431,43.8073967899465,1.0,560,681,1241,0.0,-0.0008333472224535399,1.0000000000000013,0.0
67432,43.80656344272405,1.0,560,681,1241,0.0,-0.0008333472224535399,1.0000000000000013,0.0
67433,43.80573009550159,1.0,560,681,1241,0.0,-0.0008333472224606453,1.0000000000000013,0.0
67434,43.804896748279134,1.0,560,681,1241,0.0,-0.0008333472224535399,1.0000000000000013,0.0
67435,43.80406340105668,1.0,560,681,1241,0.0,-0.0008333472224535399,1.0000000000000013,0.0
67436,43.80323005383423,1.0,560,681,1241,0.0,-0.0008333472224535399,1.0000000000000013,0.0
67437,43.80239670661177,1.0,560,681,1241,0.0,-0.0008333472224535399,1.0000000000000013,0.0
67438,43.80156335938932,1.0,560,681,1241,0.0,-0.0008333472224535399,1.0000000000000013,0.0
67439,43.800730012166866,1.0,560,681,1241,0.0,-0.0008333472224535399,1.0000000000000013,0.0
67440,43.79989666494441,1.0,560,681,1241,0.0,-0.0008333472224535399,1.0000000000000013,0.0
67441,43.79906331772196,1.0,560,681,1241,0.0,-0.0008333472224535399,1.0000000000000013,0.0
67442,43.798229970499506,1.0,560,681,1241,0.0,-0.0008333472224535399,1.0000000000000013,0.0
67443,43.79739662327705,1.0,560,681,1241,0.0,-0.0008333472224535399,1.0000000000000013,0.0
67444,43.7965632760546,1.0,560,681,1241,0.0,-0.0008333472224535399,1.0000000000000013,0.0
67445,43.795729928832145,1.0,560,681,1241,0.0,-0.0008333472224535399,1.0000000000000013,0.0
67446,43.79489658160969,1.0,560,681,1241,0.0,-0.0008333472224535399,1.0000000000000013,0.0
67447,43.79406323438724,1.0,560,681,1241,0.0,-0.0008333472224535399,1.0000000000000013,0.0
67448,43.793229887164784,1.0,560,681,1241,0.0,-0.0008333472224535399,1.0000000000000013,0.0
67449,43.79239653994233,1.0,560,681,1241,0.0,-0.0008333472224535399,1.0000000000000013,0.0
67450,43.79156319271988,1.0,560,681,1241,0.0,-0.0008333472224535399,1.0000000000000013,0.0
67451,43.790729845497424,0.9991941982272361,560,681,1241,-0.0008058017727639033,-0.0008333472224535399,0.999919419822725,-8.058017727639034e-05
67452,43.78989649827497,1.0,560,681,1241,0.0008058017727639033,-0.0008333472224535399,0.999919419822725,0.0
67453,43.78906315105252,1.0,560,681,1241,0.0,-0.0008333472224535399,0.999919419822725,0.0
67454,43.78822980383006,0.9991941982272361,560,681,1241,-0.0008058017727639033,-0.0008333472224535399,0.9998388396454487,-8.058017727639034e-05
67455,43.78739645660761,0.9983883964544722,560,681,1241,-0.0008058017727639033,-0.0008333472224535399,0.999677679290896,-0.00016116035455278067
67456,43.786563109385156,0.9991941982272361,560,681,1241,0.0008058017727639033,-0.0008333472224535399,0.9995970991136197,-8.058017727639034e-05
67457,43.7857297621627,1.0,560,681,1241,0.0008058017727639033,-0.0008333472224535399,0.9995970991136197,0.0
67458,43.78489641494025,1.0,560,681,1241,0.0,-0.0008333472224535399,0.9995970991136197,0.0
67459,43.784063067717796,1.0,560,681,1241,0.0,-0.0008333472224535399,0.9995970991136197,0.0
67460,43.78322972049534,1.0,560,681,1241,0.0,-0.0008333472224535399,0.9995970991136197,0.0
67461,43.78239637327289,1.0,560,681,1241,0.0,-0.0008333472224535399,0.999677679290896,8.058017727639034e-05
67462,43.781563026050435,1.0,560,681,1241,0.0,-0.0008333472224535399,0.999677679290896,0.0
67463,43.78072967882798,1.0,560,681,1241,0.0,-0.0008333472224535399,0.999677679290896,0.0
67464,43.77989633160553,0.9991941982272361,560,681,1241,-0.0008058017727639033,-0.0008333472224535399,0.999677679290896,0.0
67465,43.779062984383074,1.0,560,681,1241,0.0008058017727639033,-0.0008333472224535399,0.9998388396454487,0.00016116035455278067
67466,43.77822963716062,1.0,560,681,1241,0.0,-0.0008333472224535399,0.999919419822725,8.058017727639034e-05
67467,43.77739628993817,0.9991941982272361,560,681,1241,-0.0008058017727639033,-0.0008333472224535399,0.9998388396454487,-8.058017727639034e-05
67468,43.776562942715714,1.0,560,681,1241,0.0008058017727639033,-0.0008333472224535399,0.9998388396454487,0.0
67469,43.77572959549326,1.0,560,681,1241,0.0,-0.0008333472224535399,0.9998388396454487,0.0
67470,43.77489624827081,1.0,560,681,1241,0.0,-0.0008333472224535399,0.9998388396454487,0.0
67471,43.77406290104835,1.0,560,681,1241,0.0,-0.0008333472224535399,0.9998388396454487,0.0
67472,43.7732295538259,1.0,560,681,1241,0.0,-0.0008333472224535399,0.9998388396454487,0.0
67473,43.772396206603446,1.0,560,681,1241,0.0,-0.0008333472224535399,0.9998388396454487,0.0
67474,43.77156285938099,1.0,560,681,1241,0.0,-0.0008333472224535399,0.999919419822725,8.058017727639034e-05
67475,43.77072951215854,1.0,560,681,1241,0.0,-0.0008333472224535399,0.999919419822725,0.0
67476,43.769896164936085,1.0,560,681,1241,0.0,-0.0008333472224535399,0.999919419822725,0.0
67477,43.76906281771363,1.0,560,681,1241,0.0,-0.0008333472224535399,1.0000000000000013,8.058017727639034e-05
67478,43.76822947049118,1.0,560,681,1241,0.0,-0.0008333472224535399,1.0000000000000013,0.0
67479,43.767396123268725,1.0,560,681,1241,0.0,-0.0008333472224535399,1.0000000000000013,0.0
67480,43.766562776046264,1.0,560,681,1241,0.0,-0.0008333472224606453,1.0000000000000013,0.0
67481,43.76572942882381,1.0,560,681,1241,0.0,-0.0008333472224535399,1.0000000000000013,0.0
67482,43.76489608160136,1.0,560,681,1241,0.0,-0.0008333472224535399,1.0000000000000013,0.0
67483,43.7640627343789,1.0,560,681,1241,0.0,-0.0008333472224535399,1.0000000000000013,0.0
67484,43.76322938715645,1.0,560,681,1241,0.0,-0.0008333472224535399,1.0000000000000013,0.0
67485,43.762396039933996,1.0,560,681,1241,0.0,-0.0008333472224535399,1.0000000000000013,0.0
67486,43.76156269271154,1.0,560,681,1241,0.0,-0.0008333472224535399,1.0000000000000013,0.0
67487,43.76072934548909,1.0,560,681,1241,0.0,-0.0008333472224535399,1.0000000000000013,0.0
67488,43.759895998266636,1.0,560,681,1241,0.0,-0.0008333472224535399,1.0000000000000013,0.0
67489,43.75906265104418,1.0,560,681,1241,0.0,-0.0008333472224535399,1.0000000000000013,0.0
67490,43.75822930382173,1.0,560,681,1241,0.0,-0.0008333472224535399,1.0000000000000013,0.0
67491,43.757395956599275,0.9991941982272361,560,681,1241,-0.0008058017727639033,-0.0008333472224535399,0.999919419822725,-8.058017727639034e-05
67492,43.75656260937682,0.9991941982272361,560,681,1241,0.0,-0.0008333472224535399,0.9998388396454487,-8.058017727639034e-05
67493,43.75572926215437,0.9991941982272361,560,681,1241,0.0,-0.0008333472224535399,0.9997582594681724,-8.058017727639034e-05
67494,43.754895914931915,1.0,560,681,1241,0.0008058017727639033,-0.0008333472224535399,0.9997582594681724,0.0
67495,43.75406256770946,1.0,560,681,1241,0.0,-0.0008333472224535399,0.9997582594681724,0.0
67496,43.75322922048701,1.0,560,681,1241,0.0,-0.0008333472224535399,0.9997582594681724,0.0
67497,43.752395873264554,1.0,560,681,1241,0.0,-0.0008333472224535399,0.9997582594681724,0.0
67498,43.7515625260421,1.0,560,681,1241,0.0,-0.0008333472224535399,0.9997582594681724,0.0
67499,43.75072917881965,0.9991941982272361,560,681,1241,-0.0008058017727639033,-0.0008333472224535399,0.999677679290896,-8.058017727639034e-05
67500,43.74989583159719,0.9991941982272361,560,681,1241,0.0,-0.0008333472224535399,0.9995970991136197,-8.058017727639034e-05
67501,43.74906248437474,0.9991941982272361,560,681,1241,0.0,-0.0008333472224535399,0.9995970991136197,0.0
67502,43.748229137152286,0.9991941982272361,560,681,1241,0.0,-0.0008333472224535399,0.9995970991136197,0.0
67503,43.74739578992983,0.9991941982272361,560,681,1241,0.0,-0.0008333472224535399,0.9995970991136197,0.0
67504,43.74656244270738,0.9991941982272361,560,681,1241,0.0,-0.0008333472224535399,0.9995165189363433,-8.058017727639034e-05
67505,43.745729095484926,0.9991941982272361,560,681,1241,0.0,-0.0008333472224535399,0.999435938759067,-8.058017727639034e-05
67506,43.74489574826247,0.9991941982272361,560,681,1241,0.0,-0.0008333472224535399,0.9993553585817907,-8.058017727639034e-05
67507,43.74406240104002,0.9991941982272361,560,681,1241,0.0,-0.0008333472224535399,0.9992747784045143,-8.058017727639034e-05
67508,43.743229053817565,0.9991941982272361,560,681,1241,0.0,-0.0008333472224535399,0.999194198227238,-8.058017727639034e-05
67509,43.74239570659511,0.9991941982272361,560,681,1241,0.0,-0.0008333472224535399,0.999194198227238,0.0
67510,43.74156235937266,1.0,560,681,1241,0.0008058017727639033,-0.0008333472224535399,0.9992747784045143,8.058017727639034e-05
67511,43.740729012150204,1.0,560,681,1241,0.0,-0.0008333472224535399,0.9993553585817907,8.058017727639034e-05
67512,43.73989566492775,1.0,560,681,1241,0.0,-0.0008333472224535399,0.999435938759067,8.058017727639034e-05
67513,43.7390623177053,1.0,560,681,1241,0.0,-0.0008333472224535399,0.9995165189363433,8.058017727639034e-05
67514,43.738228970482844,1.0,560,681,1241,0.0,-0.0008333472224535399,0.9995970991136197,8.058017727639034e-05
67515,43.73739562326039,1.0,560,681,1241,0.0,-0.0008333472224535399,0.999677679290896,8.058017727639034e-05
67516,43.73656227603794,1.0,560,681,1241,0.0,-0.0008333472224535399,0.9997582594681724,8.058017727639034e-05
67517,43.735728928815476,1.0,560,681,1241,0.0,-0.0008333472224606453,0.9998388396454487,8.058017727639034e-05
67518,43.73489558159302,1.0,560,681,1241,0.0,-0.0008333472224535399,0.999919419822725,8.058017727639034e-05
67519,43.73406223437057,1.0,560,681,1241,0.0,-0.0008333472224535399,1.0000000000000013,8.058017727639034e-05
67520,43.733228887148115,1.0,560,681,1241,0.0,-0.0008333472224535399,1.0000000000000013,0.0
67521,43.73239553992566,1.0,560,681,1241,0.0,-0.0008333472224535399,1.0000000000000013,0.0
67522,43.73156219270321,1.0,560,681,1241,0.0,-0.0008333472224535399,1.0000000000000013,0.0
67523,43.730728845480755,1.0,560,681,1241,0.0,-0.0008333472224535399,1.0000000000000013,0.0
67524,43.7298954982583,1.0,560,681,1241,0.0,-0.0008333472224535399,1.0000000000000013,0.0
67525,43.72906215103585,1.0,560,681,1241,0.0,-0.0008333472224535399,1.0000000000000013,0.0
67526,43.728228803813394,1.0,560,681,1241,0.0,-0.0008333472224535399,1.0000000000000013,0.0
67527,43.72739545659094,1.0,560,681,1241,0.0,-0.0008333472224535399,1.0000000000000013,0.0
67528,43.72656210936849,1.0,560,681,1241,0.0,-0.0008333472224535399,1.0000000000000013,0.0
67529,43.72572876214603,1.0,560,681,1241,0.0,-0.0008333472224535399,1.0000000000000013,0.0
67530,43.72489541492358,1.0,560,681,1241,0.0,-0.0008333472224535399,1.0000000000000013,0.0
67531,43.72406206770113,1.0,560,681,1241,0.0,-0.0008333472224535399,1.0000000000000013,0.0
67532,43.72322872047867,1.0,560,681,1241,0.0,-0.0008333472224535399,1.0000000000000013,0.0
67533,43.72239537325622,1.0,560,681,1241,0.0,-0.0008333472224535399,1.0000000000000013,0.0
67534,43.721562026033766,1.0,560,681,1241,0.0,-0.0008333472224535399,1.0000000000000013,0.0
67535,43.72072867881131,0.9991941982272361,560,681,1241,-0.0008058017727639033,-0.0008333472224535399,0.999919419822725,-8.058017727639034e-05
67536,43.71989533158886,0.9991941982272361,560,681,1241,0.0,-0.0008333472224535399,0.9998388396454487,-8.058017727639034e-05
67537,43.719061984366405,0.9991941982272361,560,681,1241,0.0,-0.0008333472224535399,0.9997582594681724,-8.058017727639034e-05
67538,43.71822863714395,1.0,560,681,1241,0.0008058017727639033,-0.0008333472224535399,0.9997582594681724,0.0
67539,43.7173952899215,1.0,560,681,1241,0.0,-0.0008333472224535399,0.9997582594681724,0.0
67540,43.716561942699045,1.0,560,681,1241,0.0,-0.0008333472224535399,0.9997582594681724,0.0
67541,43.71572859547659,1.0,560,681,1241,0.0,-0.0008333472224535399,0.9997582594681724,0.0
67542,43.71489524825414,1.0,560,681,1241,0.0,-0.0008333472224535399,0.9997582594681724,0.0
67543,43.714061901031684,1.0,560,681,1241,0.0,-0.0008333472224535399,0.9997582594681724,0.0
67544,43.71322855380923,1.0,560,681,1241,0.0,-0.0008333472224535399,0.9997582594681724,0.0
67545,43.71239520658678,1.0,560,681,1241,0.0,-0.0008333472224535399,0.9998388396454487,8.058017727639034e-05
67546,43.71156185936432,1.0,560,681,1241,0.0,-0.0008333472224535399,0.999919419822725,8.058017727639034e-05
67547,43.71072851214187,1.0,560,681,1241,0.0,-0.0008333472224535399,1.0000000000000013,8.058017727639034e-05
67548,43.709895164919416,1.0,560,681,1241,0.0,-0.0008333472224535399,1.0000000000000013,0.0
67549,43.70906181769696,1.0,560,681,1241,0.0,-0.0008333472224535399,1.0000000000000013,0.0
67550,43.70822847047451,1.0,560,681,1241,0.0,-0.0008333472224535399,1.0000000000000013,0.0
67551,43.707395123252056,1.0,560,681,1241,0.0,-0.0008333472224535399,1.0000000000000013,0.0
67552,43.7065617760296,1.0,560,681,1241,0.0,-0.0008333472224535399,1.0000000000000013,0.0
67553,43.70572842880715,1.0,560,681,1241,0.0,-0.0008333472224535399,1.0000000000000013,0.0
67554,43.704895081584695,1.0,560,681,1241,0.0,-0.0008333472224535399,1.0000000000000013,0.0
67555,43.70406173436224,1.0,560,681,1241,0.0,-0.0008333472224535399,1.0000000000000013,0.0
67556,43.70322838713979,1.0,560,681,1241,0.0,-0.0008333472224535399,1.0000000000000013,0.0
67557,43.702395039917334,1.0,560,681,1241,0.0,-0.0008333472224535399,1.0000000000000013,0.0
67558,43.70156169269488,1.0,560,681,1241,0.0,-0.0008333472224535399,1.0000000000000013,0.0
67559,43.70072834547243,1.0,560,681,1241,0.0,-0.0008333472224535399,1.0000000000000013,0.0
67560,43.699894998249974,1.0,560,681,1241,0.0,-0.0008333472224535399,1.0000000000000013,0.0
67561,43.69906165102752,1.0,560,681,1241,0.0,-0.0008333472224535399,1.0000000000000013,0.0
67562,43.69822830380507,1.0,560,681,1241,0.0,-0.0008333472224535399,1.0000000000000013,0.0
67563,43.69739495658261,1.0,560,681,1241,0.0,-0.0008333472224535399,1.0000000000000013,0.0
67564,43.69656160936016,1.0,560,681,1241,0.0,-0.0008333472224535399,1.0000000000000013,0.0
67565,43.6957282621377,1.0,560,681,1241,0.0,-0.0008333472224606453,1.0000000000000013,0.0
67566,43.694894914915245,1.0,560,681,1241,0.0,-0.0008333472224535399,1.0000000000000013,0.0
67567,43.69406156769279,1.0,560,681,1241,0.0,-0.0008333472224535399,1.0000000000000013,0.0
67568,43.69322822047034,1.0,560,681,1241,0.0,-0.0008333472224535399,1.0000000000000013,0.0
67569,43.692394873247885,1.0,560,681,1241,0.0,-0.0008333472224535399,1.0000000000000013,0.0
67570,43.69156152602543,1.0,560,681,1241,0.0,-0.0008333472224535399,1.0000000000000013,0.0
67571,43.69072817880298,0.9991941982272361,560,681,1241,-0.0008058017727639033,-0.0008333472224535399,0.999919419822725,-8.058017727639034e-05
67572,43.689894831580524,1.0,560,681,1241,0.0008058017727639033,-0.0008333472224535399,0.999919419822725,0.0
67573,43.68906148435807,1.0,560,681,1241,0.0,-0.0008333472224535399,0.999919419822725,0.0
67574,43.68822813713562,1.0,560,681,1241,0.0,-0.0008333472224535399,0.999919419822725,0.0
67575,43.687394789913164,1.0,560,681,1241,0.0,-0.0008333472224535399,0.999919419822725,0.0
67576,43.68656144269071,1.0,560,681,1241,0.0,-0.0008333472224535399,0.999919419822725,0.0
67577,43.68572809546826,1.0,560,681,1241,0.0,-0.0008333472224535399,0.999919419822725,0.0
67578,43.6848947482458,1.0,560,681,1241,0.0,-0.0008333472224535399,0.999919419822725,0.0
67579,43.68406140102335,0.9991941982272361,560,681,1241,-0.0008058017727639033,-0.0008333472224535399,0.9998388396454487,-8.058017727639034e-05
67580,43.683228053800896,1.0,560,681,1241,0.0008058017727639033,-0.0008333472224535399,0.9998388396454487,0.0
67581,43.68239470657844,1.0,560,681,1241,0.0,-0.0008333472224535399,0.999919419822725,8.058017727639034e-05
67582,43.68156135935599,1.0,560,681,1241,0.0,-0.0008333472224535399,0.999919419822725,0.0
67583,43.680728012133535,1.0,560,681,1241,0.0,-0.0008333472224535399,0.999919419822725,0.0
67584,43.67989466491108,1.0,560,681,1241,0.0,-0.0008333472224535399,0.999919419822725,0.0
67585,43.67906131768863,1.0,560,681,1241,0.0,-0.0008333472224535399,0.999919419822725,0.0
67586,43.678227970466175,1.0,560,681,1241,0.0,-0.0008333472224535399,0.999919419822725,0.0
67587,43.67739462324372,1.0,560,681,1241,0.0,-0.0008333472224535399,0.999919419822725,0.0
67588,43.67656127602127,1.0,560,681,1241,0.0,-0.0008333472224535399,0.999919419822725,0.0
67589,43.675727928798814,1.0,560,681,1241,0.0,-0.0008333472224535399,1.0000000000000013,8.058017727639034e-05
67590,43.67489458157636,1.0,560,681,1241,0.0,-0.0008333472224535399,1.0000000000000013,0.0
67591,43.67406123435391,1.0,560,681,1241,0.0,-0.0008333472224535399,1.0000000000000013,0.0
67592,43.67322788713145,1.0,560,681,1241,0.0,-0.0008333472224535399,1.0000000000000013,0.0
67593,43.672394539909,1.0,560,681,1241,0.0,-0.0008333472224535399,1.0000000000000013,0.0
67594,43.671561192686546,1.0,560,681,1241,0.0,-0.0008333472224535399,1.0000000000000013,0.0
67595,43.67072784546409,1.0,560,681,1241,0.0,-0.0008333472224535399,1.0000000000000013,0.0
67596,43.66989449824164,1.0,560,681,1241,0.0,-0.0008333472224535399,1.0000000000000013,0.0
67597,43.669061151019186,1.0,560,681,1241,0.0,-0.0008333472224535399,1.0000000000000013,0.0
67598,43.66822780379673,1.0,560,681,1241,0.0,-0.0008333472224535399,1.0000000000000013,0.0
67599,43.66739445657428,1.0,560,681,1241,0.0,-0.0008333472224535399,1.0000000000000013,0.0
67600,43.666561109351825,1.0,560,681,1241,0.0,-0.0008333472224535399,1.0000000000000013,0.0
67601,43.66572776212937,1.0,560,681,1241,0.0,-0.0008333472224535399,1.0000000000000013,0.0
67602,43.66489441490691,1.0,560,681,1241,0.0,-0.0008333472224606453,1.0000000000000013,0.0
67603,43.66406106768446,1.0,560,681,1241,0.0,-0.0008333472224535399,1.0000000000000013,0.0
67604,43.663227720462004,1.0,560,681,1241,0.0,-0.0008333472224535399,1.0000000000000013,0.0
67605,43.66239437323955,1.0,560,681,1241,0.0,-0.0008333472224535399,1.0000000000000013,0.0
67606,43.6615610260171,1.0,560,681,1241,0.0,-0.0008333472224535399,1.0000000000000013,0.0
67607,43.66072767879464,1.0,560,681,1241,0.0,-0.0008333472224535399,1.0000000000000013,0.0
67608,43.65989433157219,1.0,560,681,1241,0.0,-0.0008333472224535399,1.0000000000000013,0.0
67609,43.659060984349736,1.0,560,681,1241,0.0,-0.0008333472224535399,1.0000000000000013,0.0
67610,43.65822763712728,1.0,560,681,1241,0.0,-0.0008333472224535399,1.0000000000000013,0.0
67611,43.65739428990483,1.0,560,681,1241,0.0,-0.0008333472224535399,1.0000000000000013,0.0
67612,43.656560942682376,1.0,560,681,1241,0.0,-0.0008333472224535399,1.0000000000000013,0.0
67613,43.65572759545992,1.0,560,681,1241,0.0,-0.0008333472224535399,1.0000000000000013,0.0
67614,43.65489424823747,1.0,560,681,1241,0.0,-0.0008333472224535399,1.0000000000000013,0.0
67615,43.654060901015015,1.0,560,681,1241,0.0,-0.0008333472224535399,1.0000000000000013,0.0
67616,43.65322755379256,1.0,560,681,1241,0.0,-0.0008333472224535399,1.0000000000000013,0.0
67617,43.65239420657011,1.0,560,681,1241,0.0,-0.0008333472224535399,1.0000000000000013,0.0
67618,43.651560859347654,1.0,560,681,1241,0.0,-0.0008333472224535399,1.0000000000000013,0.0
67619,43.6507275121252,0.9991941982272361,560,681,1241,-0.0008058017727639033,-0.0008333472224535399,0.999919419822725,-8.058017727639034e-05
67620,43.64989416490275,0.9991941982272361,560,681,1241,0.0,-0.0008333472224535399,0.9998388396454487,-8.058017727639034e-05
67621,43.649060817680294,1.0,560,681,1241,0.0008058017727639033,-0.0008333472224535399,0.9998388396454487,0.0
67622,43.64822747045784,1.0,560,681,1241,0.0,-0.0008333472224535399,0.9998388396454487,0.0
67623,43.64739412323539,1.0,560,681,1241,0.0,-0.0008333472224535399,0.9998388396454487,0.0
67624,43.64656077601293,1.0,560,681,1241,0.0,-0.0008333472224535399,0.9998388396454487,0.0
67625,43.64572742879048,1.0,560,681,1241,0.0,-0.0008333472224535399,0.9998388396454487,0.0
67626,43.644894081568026,1.0,560,681,1241,0.0,-0.0008333472224535399,0.9998388396454487,0.0
67627,43.64406073434557,1.0,560,681,1241,0.0,-0.0008333472224535399,0.9998388396454487,0.0
67628,43.64322738712312,1.0,560,681,1241,0.0,-0.0008333472224535399,0.9998388396454487,0.0
67629,43.642394039900665,1.0,560,681,1241,0.0,-0.0008333472224535399,0.999919419822725,8.058017727639034e-05
67630,43.64156069267821,1.0,560,681,1241,0.0,-0.0008333472224535399,1.0000000000000013,8.058017727639034e-05
67631,43.64072734545576,0.9991941982272361,560,681,1241,-0.0008058017727639033,-0.0008333472224535399,0.999919419822725,-8.058017727639034e-05
67632,43.639893998233305,0.9991941982272361,560,681,1241,0.0,-0.0008333472224535399,0.9998388396454487,-8.058017727639034e-05
67633,43.63906065101085,0.9991941982272361,560,681,1241,0.0,-0.0008333472224535399,0.9997582594681724,-8.058017727639034e-05
67634,43.6382273037884,0.9991941982272361,560,681,1241,0.0,-0.0008333472224535399,0.999677679290896,-8.058017727639034e-05
67635,43.637393956565944,0.9991941982272361,560,681,1241,0.0,-0.0008333472224535399,0.9995970991136197,-8.058017727639034e-05
67636,43.63656060934349,1.0,560,681,1241,0.0008058017727639033,-0.0008333472224535399,0.9995970991136197,0.0
67637,43.63572726212104,1.0,560,681,1241,0.0,-0.0008333472224535399,0.9995970991136197,0.0
67638,43.63489391489858,1.0,560,681,1241,0.0,-0.0008333472224535399,0.9995970991136197,0.0
67639,43.63406056767613,1.0,560,681,1241,0.0,-0.0008333472224535399,0.9995970991136197,0.0
67640,43.633227220453676,1.0,560,681,1241,0.0,-0.0008333472224535399,0.9995970991136197,0.0
67641,43.63239387323122,1.0,560,681,1241,0.0,-0.0008333472224535399,0.999677679290896,8.058017727639034e-05
67642,43.63156052600877,1.0,560,681,1241,0.0,-0.0008333472224535399,0.9997582594681724,8.058017727639034e-05
67643,43.630727178786316,1.0,560,681,1241,0.0,-0.0008333472224535399,0.9998388396454487,8.058017727639034e-05
67644,43.62989383156386,1.0,560,681,1241,0.0,-0.0008333472224535399,0.999919419822725,8.058017727639034e-05
67645,43.62906048434141,0.9991941982272361,560,681,1241,-0.0008058017727639033,-0.0008333472224535399,0.999919419822725,0.0
67646,43.628227137118955,1.0,560,681,1241,0.0008058017727639033,-0.0008333472224535399,0.999919419822725,0.0
67647,43.6273937898965,1.0,560,681,1241,0.0,-0.0008333472224535399,0.999919419822725,0.0
67648,43.62656044267405,1.0,560,681,1241,0.0,-0.0008333472224535399,0.999919419822725,0.0
67649,43.625727095451595,1.0,560,681,1241,0.0,-0.0008333472224535399,0.999919419822725,0.0
67650,43.624893748229134,1.0,560,681,1241,0.0,-0.0008333472224606453,0.999919419822725,0.0
67651,43.62406040100668,1.0,560,681,1241,0.0,-0.0008333472224535399,0.999919419822725,0.0
67652,43.62322705378423,1.0,560,681,1241,0.0,-0.0008333472224535399,0.999919419822725,0.0
67653,43.62239370656177,1.0,560,681,1241,0.0,-0.0008333472224535399,0.999919419822725,0.0
67654,43.62156035933932,1.0,560,681,1241,0.0,-0.0008333472224535399,0.999919419822725,0.0
67655,43.620727012116866,1.0,560,681,1241,0.0,-0.0008333472224535399,1.0000000000000013,8.058017727639034e-05
67656,43.61989366489441,1.0,560,681,1241,0.0,-0.0008333472224535399,1.0000000000000013,0.0
67657,43.61906031767196,1.0,560,681,1241,0.0,-0.0008333472224535399,1.0000000000000013,0.0
67658,43.618226970449506,1.0,560,681,1241,0.0,-0.0008333472224535399,1.0000000000000013,0.0
67659,43.61739362322705,1.0,560,681,1241,0.0,-0.0008333472224535399,1.0000000000000013,0.0
67660,43.6165602760046,1.0,560,681,1241,0.0,-0.0008333472224535399,1.0000000000000013,0.0
67661,43.615726928782145,1.0,560,681,1241,0.0,-0.0008333472224535399,1.0000000000000013,0.0
67662,43.61489358155969,1.0,560,681,1241,0.0,-0.0008333472224535399,1.0000000000000013,0.0
67663,43.61406023433724,1.0,560,681,1241,0.0,-0.0008333472224535399,1.0000000000000013,0.0
67664,43.613226887114784,1.0,560,681,1241,0.0,-0.0008333472224535399,1.0000000000000013,0.0
67665,43.61239353989233,1.0,560,681,1241,0.0,-0.0008333472224535399,1.0000000000000013,0.0
67666,43.61156019266988,1.0,560,681,1241,0.0,-0.0008333472224535399,1.0000000000000013,0.0
67667,43.610726845447424,1.0,560,681,1241,0.0,-0.0008333472224535399,1.0000000000000013,0.0
67668,43.60989349822497,1.0,560,681,1241,0.0,-0.0008333472224535399,1.0000000000000013,0.0
67669,43.60906015100252,1.0,560,681,1241,0.0,-0.0008333472224535399,1.0000000000000013,0.0
67670,43.60822680378006,1.0,560,681,1241,0.0,-0.0008333472224535399,1.0000000000000013,0.0
67671,43.60739345655761,1.0,560,681,1241,0.0,-0.0008333472224535399,1.0000000000000013,0.0
67672,43.606560109335156,1.0,560,681,1241,0.0,-0.0008333472224535399,1.0000000000000013,0.0
67673,43.6057267621127,1.0,560,681,1241,0.0,-0.0008333472224535399,1.0000000000000013,0.0
67674,43.60489341489025,1.0,560,681,1241,0.0,-0.0008333472224535399,1.0000000000000013,0.0
67675,43.604060067667795,1.0,560,681,1241,0.0,-0.0008333472224535399,1.0000000000000013,0.0
67676,43.60322672044534,1.0,560,681,1241,0.0,-0.0008333472224535399,1.0000000000000013,0.0
67677,43.60239337322289,1.0,560,681,1241,0.0,-0.0008333472224535399,1.0000000000000013,0.0
67678,43.601560026000435,1.0,560,681,1241,0.0,-0.0008333472224535399,1.0000000000000013,0.0
67679,43.60072667877798,1.0,560,681,1241,0.0,-0.0008333472224535399,1.0000000000000013,0.0
67680,43.59989333155553,1.0,560,681,1241,0.0,-0.0008333472224535399,1.0000000000000013,0.0
67681,43.599059984333074,1.0,560,681,1241,0.0,-0.0008333472224535399,1.0000000000000013,0.0
67682,43.59822663711062,1.0,560,681,1241,0.0,-0.0008333472224535399,1.0000000000000013,0.0
67683,43.59739328988817,1.0,560,681,1241,0.0,-0.0008333472224535399,1.0000000000000013,0.0
67684,43.59655994266571,1.0,560,681,1241,0.0,-0.0008333472224535399,1.0000000000000013,0.0
67685,43.59572659544326,1.0,560,681,1241,0.0,-0.0008333472224535399,1.0000000000000013,0.0
67686,43.59489324822081,1.0,560,681,1241,0.0,-0.0008333472224535399,1.0000000000000013,0.0
67687,43.594059900998346,1.0,560,681,1241,0.0,-0.0008333472224606453,1.0000000000000013,0.0
67688,43.59322655377589,1.0,560,681,1241,0.0,-0.0008333472224535399,1.0000000000000013,0.0
67689,43.59239320655344,1.0,560,681,1241,0.0,-0.0008333472224535399,1.0000000000000013,0.0
67690,43.591559859330985,1.0,560,681,1241,0.0,-0.0008333472224535399,1.0000000000000013,0.0
67691,43.59072651210853,1.0,560,681,1241,0.0,-0.0008333472224535399,1.0000000000000013,0.0
67692,43.58989316488608,1.0,560,681,1241,0.0,-0.0008333472224535399,1.0000000000000013,0.0
67693,43.589059817663625,1.0,560,681,1241,0.0,-0.0008333472224535399,1.0000000000000013,0.0
67694,43.58822647044117,1.0,560,681,1241,0.0,-0.0008333472224535399,1.0000000000000013,0.0
67695,43.58739312321872,1.0,560,681,1241,0.0,-0.0008333472224535399,1.0000000000000013,0.0
67696,43.586559775996264,1.0,560,681,1241,0.0,-0.0008333472224535399,1.0000000000000013,0.0
67697,43.58572642877381,1.0,560,681,1241,0.0,-0.0008333472224535399,1.0000000000000013,0.0
67698,43.58489308155136,1.0,560,681,1241,0.0,-0.0008333472224535399,1.0000000000000013,0.0
67699,43.5840597343289,1.0,560,681,1241,0.0,-0.0008333472224535399,1.0000000000000013,0.0
67700,43.58322638710645,0.9991941982272361,560,681,1241,-0.0008058017727639033,-0.0008333472224535399,0.999919419822725,-8.058017727639034e-05
67701,43.582393039883996,0.9991941982272361,560,681,1241,0.0,-0.0008333472224535399,0.9998388396454487,-8.058017727639034e-05
67702,43.58155969266154,1.0,560,681,1241,0.0008058017727639033,-0.0008333472224535399,0.9998388396454487,0.0
67703,43.58072634543909,1.0,560,681,1241,0.0,-0.0008333472224535399,0.9998388396454487,0.0
67704,43.579892998216636,1.0,560,681,1241,0.0,-0.0008333472224535399,0.9998388396454487,0.0
67705,43.57905965099418,1.0,560,681,1241,0.0,-0.0008333472224535399,0.9998388396454487,0.0
67706,43.57822630377173,1.0,560,681,1241,0.0,-0.0008333472224535399,0.9998388396454487,0.0
67707,43.577392956549275,1.0,560,681,1241,0.0,-0.0008333472224535399,0.9998388396454487,0.0
67708,43.57655960932682,1.0,560,681,1241,0.0,-0.0008333472224535399,0.9998388396454487,0.0
67709,43.57572626210437,1.0,560,681,1241,0.0,-0.0008333472224535399,0.9998388396454487,0.0
67710,43.574892914881914,1.0,560,681,1241,0.0,-0.0008333472224535399,0.999919419822725,8.058017727639034e-05
67711,43.57405956765946,1.0,560,681,1241,0.0,-0.0008333472224535399,1.0000000000000013,8.058017727639034e-05
67712,43.57322622043701,1.0,560,681,1241,0.0,-0.0008333472224535399,1.0000000000000013,0.0
67713,43.572392873214554,1.0,560,681,1241,0.0,-0.0008333472224535399,1.0000000000000013,0.0
67714,43.5715595259921,1.0,560,681,1241,0.0,-0.0008333472224535399,1.0000000000000013,0.0
67715,43.57072617876965,1.0,560,681,1241,0.0,-0.0008333472224535399,1.0000000000000013,0.0
67716,43.56989283154719,1.0,560,681,1241,0.0,-0.0008333472224535399,1.0000000000000013,0.0
67717,43.56905948432474,1.0,560,681,1241,0.0,-0.0008333472224535399,1.0000000000000013,0.0
67718,43.568226137102286,1.0,560,681,1241,0.0,-0.0008333472224535399,1.0000000000000013,0.0
67719,43.56739278987983,0.9991941982272361,560,681,1241,-0.0008058017727639033,-0.0008333472224535399,0.999919419822725,-8.058017727639034e-05
67720,43.56655944265738,0.9991941982272361,560,681,1241,0.0,-0.0008333472224535399,0.9998388396454487,-8.058017727639034e-05
67721,43.565726095434925,1.0,560,681,1241,0.0008058017727639033,-0.0008333472224535399,0.9998388396454487,0.0
67722,43.56489274821247,1.0,560,681,1241,0.0,-0.0008333472224535399,0.9998388396454487,0.0
67723,43.56405940099002,1.0,560,681,1241,0.0,-0.0008333472224535399,0.9998388396454487,0.0
67724,43.563226053767565,1.0,560,681,1241,0.0,-0.0008333472224535399,0.9998388396454487,0.0
67725,43.56239270654511,1.0,560,681,1241,0.0,-0.0008333472224535399,0.9998388396454487,0.0
67726,43.56155935932266,1.0,560,681,1241,0.0,-0.0008333472224535399,0.9998388396454487,0.0
67727,43.560726012100204,1.0,560,681,1241,0.0,-0.0008333472224535399,0.9998388396454487,0.0
67728,43.55989266487775,1.0,560,681,1241,0.0,-0.0008333472224535399,0.9998388396454487,0.0
67729,43.5590593176553,1.0,560,681,1241,0.0,-0.0008333472224535399,0.999919419822725,8.058017727639034e-05
67730,43.558225970432844,1.0,560,681,1241,0.0,-0.0008333472224535399,1.0000000000000013,8.058017727639034e-05
67731,43.55739262321039,1.0,560,681,1241,0.0,-0.0008333472224535399,1.0000000000000013,0.0
67732,43.55655927598794,1.0,560,681,1241,0.0,-0.0008333472224535399,1.0000000000000013,0.0
67733,43.55572592876548,1.0,560,681,1241,0.0,-0.0008333472224535399,1.0000000000000013,0.0
67734,43.55489258154302,1.0,560,681,1241,0.0,-0.0008333472224606453,1.0000000000000013,0.0
67735,43.55405923432057,1.0,560,681,1241,0.0,-0.0008333472224535399,1.0000000000000013,0.0
67736,43.553225887098115,1.0,560,681,1241,0.0,-0.0008333472224535399,1.0000000000000013,0.0
67737,43.55239253987566,1.0,560,681,1241,0.0,-0.0008333472224535399,1.0000000000000013,0.0
67738,43.55155919265321,1.0,560,681,1241,0.0,-0.0008333472224535399,1.0000000000000013,0.0
67739,43.550725845430755,1.0,560,681,1241,0.0,-0.0008333472224535399,1.0000000000000013,0.0
67740,43.5498924982083,1.0,560,681,1241,0.0,-0.0008333472224535399,1.0000000000000013,0.0
67741,43.54905915098585,0.9991941982272361,560,681,1241,-0.0008058017727639033,-0.0008333472224535399,0.999919419822725,-8.058017727639034e-05
67742,43.548225803763394,0.9991941982272361,560,681,1241,0.0,-0.0008333472224535399,0.9998388396454487,-8.058017727639034e-05
67743,43.54739245654094,0.9991941982272361,560,681,1241,0.0,-0.0008333472224535399,0.9997582594681724,-8.058017727639034e-05
67744,43.54655910931849,0.9991941982272361,560,681,1241,0.0,-0.0008333472224535399,0.999677679290896,-8.058017727639034e-05
67745,43.54572576209603,1.0,560,681,1241,0.0008058017727639033,-0.0008333472224535399,0.999677679290896,0.0
67746,43.54489241487358,1.0,560,681,1241,0.0,-0.0008333472224535399,0.999677679290896,0.0
67747,43.544059067651126,1.0,560,681,1241,0.0,-0.0008333472224535399,0.999677679290896,0.0
67748,43.54322572042867,1.0,560,681,1241,0.0,-0.0008333472224535399,0.999677679290896,0.0
67749,43.54239237320622,1.0,560,681,1241,0.0,-0.0008333472224535399,0.999677679290896,0.0
67750,43.541559025983766,1.0,560,681,1241,0.0,-0.0008333472224535399,0.999677679290896,0.0
67751,43.54072567876131,1.0,560,681,1241,0.0,-0.0008333472224535399,0.9997582594681724,8.058017727639034e-05
67752,43.53989233153886,1.0,560,681,1241,0.0,-0.0008333472224535399,0.9998388396454487,8.058017727639034e-05
67753,43.539058984316405,1.0,560,681,1241,0.0,-0.0008333472224535399,0.999919419822725,8.058017727639034e-05
67754,43.53822563709395,1.0,560,681,1241,0.0,-0.0008333472224535399,1.0000000000000013,8.058017727639034e-05
67755,43.5373922898715,1.0,560,681,1241,0.0,-0.0008333472224535399,1.0000000000000013,0.0
67756,43.536558942649044,1.0,560,681,1241,0.0,-0.0008333472224535399,1.0000000000000013,0.0
67757,43.53572559542659,1.0,560,681,1241,0.0,-0.0008333472224535399,1.0000000000000013,0.0
67758,43.53489224820414,1.0,560,681,1241,0.0,-0.0008333472224535399,1.0000000000000013,0.0
67759,43.534058900981684,1.0,560,681,1241,0.0,-0.0008333472224535399,1.0000000000000013,0.0
67760,43.53322555375923,1.0,560,681,1241,0.0,-0.0008333472224535399,1.0000000000000013,0.0
67761,43.53239220653678,1.0,560,681,1241,0.0,-0.0008333472224535399,1.0000000000000013,0.0
67762,43.53155885931432,1.0,560,681,1241,0.0,-0.0008333472224535399,1.0000000000000013,0.0
67763,43.53072551209187,1.0,560,681,1241,0.0,-0.0008333472224535399,1.0000000000000013,0.0
67764,43.529892164869416,1.0,560,681,1241,0.0,-0.0008333472224535399,1.0000000000000013,0.0
67765,43.52905881764696,1.0,560,681,1241,0.0,-0.0008333472224535399,1.0000000000000013,0.0
67766,43.52822547042451,1.0,560,681,1241,0.0,-0.0008333472224535399,1.0000000000000013,0.0
67767,43.527392123202056,1.0,560,681,1241,0.0,-0.0008333472224535399,1.0000000000000013,0.0
67768,43.5265587759796,1.0,560,681,1241,0.0,-0.0008333472224535399,1.0000000000000013,0.0
67769,43.52572542875715,1.0,560,681,1241,0.0,-0.0008333472224535399,1.0000000000000013,0.0
67770,43.524892081534695,1.0,560,681,1241,0.0,-0.0008333472224535399,1.0000000000000013,0.0
67771,43.52405873431224,0.9991941982272361,560,681,1241,-0.0008058017727639033,-0.0008333472224535399,0.999919419822725,-8.058017727639034e-05
67772,43.52322538708978,0.9991941982272361,560,681,1241,0.0,-0.0008333472224606453,0.9998388396454487,-8.058017727639034e-05
67773,43.52239203986733,0.9991941982272361,560,681,1241,0.0,-0.0008333472224535399,0.9997582594681724,-8.058017727639034e-05
67774,43.521558692644874,0.9991941982272361,560,681,1241,0.0,-0.0008333472224535399,0.999677679290896,-8.058017727639034e-05
67775,43.52072534542242,1.0,560,681,1241,0.0008058017727639033,-0.0008333472224535399,0.999677679290896,0.0
67776,43.51989199819997,0.9991941982272361,560,681,1241,-0.0008058017727639033,-0.0008333472224535399,0.9995970991136197,-8.058017727639034e-05
67777,43.51905865097751,0.9991941982272361,560,681,1241,0.0,-0.0008333472224535399,0.9995165189363433,-8.058017727639034e-05
67778,43.51822530375506,0.9991941982272361,560,681,1241,0.0,-0.0008333472224535399,0.999435938759067,-8.058017727639034e-05
67779,43.517391956532606,0.9991941982272361,560,681,1241,0.0,-0.0008333472224535399,0.9993553585817907,-8.058017727639034e-05
67780,43.51655860931015,0.9991941982272361,560,681,1241,0.0,-0.0008333472224535399,0.9992747784045143,-8.058017727639034e-05
67781,43.5157252620877,0.9991941982272361,560,681,1241,0.0,-0.0008333472224535399,0.9992747784045143,0.0
67782,43.514891914865245,1.0,560,681,1241,0.0008058017727639033,-0.0008333472224535399,0.9993553585817907,8.058017727639034e-05
67783,43.51405856764279,1.0,560,681,1241,0.0,-0.0008333472224535399,0.999435938759067,8.058017727639034e-05
67784,43.51322522042034,0.9991941982272361,560,681,1241,-0.0008058017727639033,-0.0008333472224535399,0.999435938759067,0.0
67785,43.512391873197885,0.9991941982272361,560,681,1241,0.0,-0.0008333472224535399,0.9993553585817907,-8.058017727639034e-05
67786,43.51155852597543,1.0,560,681,1241,0.0008058017727639033,-0.0008333472224535399,0.999435938759067,8.058017727639034e-05
67787,43.51072517875298,1.0,560,681,1241,0.0,-0.0008333472224535399,0.9995165189363433,8.058017727639034e-05
67788,43.509891831530524,1.0,560,681,1241,0.0,-0.0008333472224535399,0.9995970991136197,8.058017727639034e-05
67789,43.50905848430807,0.9991941982272361,560,681,1241,-0.0008058017727639033,-0.0008333472224535399,0.9995970991136197,0.0
67790,43.50822513708562,1.0,560,681,1241,0.0008058017727639033,-0.0008333472224535399,0.999677679290896,8.058017727639034e-05
67791,43.50739178986316,1.0,560,681,1241,0.0,-0.0008333472224535399,0.9997582594681724,8.058017727639034e-05
67792,43.50655844264071,1.0,560,681,1241,0.0,-0.0008333472224535399,0.9997582594681724,0.0
67793,43.505725095418256,1.0,560,681,1241,0.0,-0.0008333472224535399,0.9997582594681724,0.0
67794,43.5048917481958,1.0,560,681,1241,0.0,-0.0008333472224535399,0.9998388396454487,8.058017727639034e-05
67795,43.50405840097335,1.0,560,681,1241,0.0,-0.0008333472224535399,0.999919419822725,8.058017727639034e-05
67796,43.503225053750896,1.0,560,681,1241,0.0,-0.0008333472224535399,0.999919419822725,0.0
67797,43.50239170652844,1.0,560,681,1241,0.0,-0.0008333472224535399,0.999919419822725,0.0
67798,43.50155835930599,1.0,560,681,1241,0.0,-0.0008333472224535399,0.999919419822725,0.0
67799,43.500725012083535,1.0,560,681,1241,0.0,-0.0008333472224535399,1.0000000000000013,8.058017727639034e-05
67800,43.49989166486108,1.0,560,681,1241,0.0,-0.0008333472224535399,1.0000000000000013,0.0
67801,43.49905831763863,1.0,560,681,1241,0.0,-0.0008333472224535399,1.0000000000000013,0.0
67802,43.498224970416175,1.0,560,681,1241,0.0,-0.0008333472224535399,1.0000000000000013,0.0
67803,43.49739162319372,1.0,560,681,1241,0.0,-0.0008333472224535399,1.0000000000000013,0.0
67804,43.49655827597127,1.0,560,681,1241,0.0,-0.0008333472224535399,1.0000000000000013,0.0
67805,43.495724928748814,1.0,560,681,1241,0.0,-0.0008333472224535399,1.0000000000000013,0.0
67806,43.49489158152636,1.0,560,681,1241,0.0,-0.0008333472224535399,1.0000000000000013,0.0
67807,43.49405823430391,1.0,560,681,1241,0.0,-0.0008333472224535399,1.0000000000000013,0.0
67808,43.49322488708145,1.0,560,681,1241,0.0,-0.0008333472224535399,1.0000000000000013,0.0
67809,43.492391539859,0.9991941982272361,560,681,1241,-0.0008058017727639033,-0.0008333472224535399,0.999919419822725,-8.058017727639034e-05
67810,43.491558192636546,0.9991941982272361,560,681,1241,0.0,-0.0008333472224535399,0.9998388396454487,-8.058017727639034e-05
67811,43.49072484541409,0.9991941982272361,560,681,1241,0.0,-0.0008333472224535399,0.9997582594681724,-8.058017727639034e-05
67812,43.48989149819164,0.9991941982272361,560,681,1241,0.0,-0.0008333472224535399,0.999677679290896,-8.058017727639034e-05
67813,43.489058150969186,1.0,560,681,1241,0.0008058017727639033,-0.0008333472224535399,0.999677679290896,0.0
67814,43.48822480374673,0.9991941982272361,560,681,1241,-0.0008058017727639033,-0.0008333472224535399,0.9995970991136197,-8.058017727639034e-05
67815,43.48739145652428,0.9991941982272361,560,681,1241,0.0,-0.0008333472224535399,0.9995165189363433,-8.058017727639034e-05
67816,43.486558109301825,0.9991941982272361,560,681,1241,0.0,-0.0008333472224535399,0.999435938759067,-8.058017727639034e-05
67817,43.48572476207937,0.9991941982272361,560,681,1241,0.0,-0.0008333472224535399,0.9993553585817907,-8.058017727639034e-05
67818,43.48489141485692,1.0,560,681,1241,0.0008058017727639033,-0.0008333472224535399,0.9993553585817907,0.0
67819,43.48405806763446,1.0,560,681,1241,0.0,-0.0008333472224606453,0.999435938759067,8.058017727639034e-05
67820,43.483224720412004,1.0,560,681,1241,0.0,-0.0008333472224535399,0.9995165189363433,8.058017727639034e-05
67821,43.48239137318955,1.0,560,681,1241,0.0,-0.0008333472224535399,0.9995970991136197,8.058017727639034e-05
67822,43.4815580259671,1.0,560,681,1241,0.0,-0.0008333472224535399,0.999677679290896,8.058017727639034e-05
67823,43.48072467874464,1.0,560,681,1241,0.0,-0.0008333472224535399,0.999677679290896,0.0
67824,43.47989133152219,1.0,560,681,1241,0.0,-0.0008333472224535399,0.9997582594681724,8.058017727639034e-05
67825,43.479057984299736,1.0,560,681,1241,0.0,-0.0008333472224535399,0.9998388396454487,8.058017727639034e-05
67826,43.47822463707728,1.0,560,681,1241,0.0,-0.0008333472224535399,0.999919419822725,8.058017727639034e-05
67827,43.47739128985483,1.0,560,681,1241,0.0,-0.0008333472224535399,1.0000000000000013,8.058017727639034e-05
67828,43.476557942632375,1.0,560,681,1241,0.0,-0.0008333472224535399,1.0000000000000013,0.0
67829,43.47572459540992,1.0,560,681,1241,0.0,-0.0008333472224535399,1.0000000000000013,0.0
67830,43.47489124818747,1.0,560,681,1241,0.0,-0.0008333472224535399,1.0000000000000013,0.0
67831,43.474057900965015,1.0,560,681,1241,0.0,-0.0008333472224535399,1.0000000000000013,0.0
67832,43.47322455374256,1.0,560,681,1241,0.0,-0.0008333472224535399,1.0000000000000013,0.0
67833,43.47239120652011,1.0,560,681,1241,0.0,-0.0008333472224535399,1.0000000000000013,0.0
67834,43.471557859297654,1.0,560,681,1241,0.0,-0.0008333472224535399,1.0000000000000013,0.0
67835,43.4707245120752,1.0,560,681,1241,0.0,-0.0008333472224535399,1.0000000000000013,0.0
67836,43.46989116485275,1.0,560,681,1241,0.0,-0.0008333472224535399,1.0000000000000013,0.0
67837,43.46905781763029,1.0,560,681,1241,0.0,-0.0008333472224535399,1.0000000000000013,0.0
67838,43.46822447040784,1.0,560,681,1241,0.0,-0.0008333472224535399,1.0000000000000013,0.0
67839,43.46739112318539,1.0,560,681,1241,0.0,-0.0008333472224535399,1.0000000000000013,0.0
67840,43.46655777596293,1.0,560,681,1241,0.0,-0.0008333472224535399,1.0000000000000013,0.0
67841,43.46572442874048,1.0,560,681,1241,0.0,-0.0008333472224535399,1.0000000000000013,0.0
67842,43.464891081518026,1.0,560,681,1241,0.0,-0.0008333472224535399,1.0000000000000013,0.0
67843,43.46405773429557,1.0,560,681,1241,0.0,-0.0008333472224535399,1.0000000000000013,0.0
67844,43.46322438707312,1.0,560,681,1241,0.0,-0.0008333472224535399,1.0000000000000013,0.0
67845,43.462391039850665,1.0,560,681,1241,0.0,-0.0008333472224535399,1.0000000000000013,0.0
67846,43.46155769262821,1.0,560,681,1241,0.0,-0.0008333472224535399,1.0000000000000013,0.0
67847,43.46072434540576,1.0,560,681,1241,0.0,-0.0008333472224535399,1.0000000000000013,0.0
67848,43.459890998183305,0.9991941982272361,560,681,1241,-0.0008058017727639033,-0.0008333472224535399,0.999919419822725,-8.058017727639034e-05
67849,43.45905765096085,0.9991941982272361,560,681,1241,0.0,-0.0008333472224535399,0.9998388396454487,-8.058017727639034e-05
67850,43.4582243037384,0.9991941982272361,560,681,1241,0.0,-0.0008333472224535399,0.9997582594681724,-8.058017727639034e-05
67851,43.457390956515944,1.0,560,681,1241,0.0008058017727639033,-0.0008333472224535399,0.9997582594681724,0.0
67852,43.45655760929349,0.9991941982272361,560,681,1241,-0.0008058017727639033,-0.0008333472224535399,0.999677679290896,-8.058017727639034e-05
67853,43.45572426207104,0.9991941982272361,560,681,1241,0.0,-0.0008333472224535399,0.9995970991136197,-8.058017727639034e-05
67854,43.45489091484858,1.0,560,681,1241,0.0008058017727639033,-0.0008333472224535399,0.9995970991136197,0.0
67855,43.45405756762613,1.0,560,681,1241,0.0,-0.0008333472224535399,0.9995970991136197,0.0
67856,43.45322422040367,0.9991941982272361,560,681,1241,-0.0008058017727639033,-0.0008333472224606453,0.9995165189363433,-8.058017727639034e-05
67857,43.452390873181216,0.9991941982272361,560,681,1241,0.0,-0.0008333472224535399,0.999435938759067,-8.058017727639034e-05
67858,43.45155752595876,1.0,560,681,1241,0.0008058017727639033,-0.0008333472224535399,0.9995165189363433,8.058017727639034e-05
67859,43.45072417873631,1.0,560,681,1241,0.0,-0.0008333472224535399,0.9995970991136197,8.058017727639034e-05
67860,43.449890831513855,1.0,560,681,1241,0.0,-0.0008333472224535399,0.999677679290896,8.058017727639034e-05
67861,43.4490574842914,1.0,560,681,1241,0.0,-0.0008333472224535399,0.999677679290896,0.0
67862,43.44822413706895,1.0,560,681,1241,0.0,-0.0008333472224535399,0.9997582594681724,8.058017727639034e-05
67863,43.447390789846494,1.0,560,681,1241,0.0,-0.0008333472224535399,0.9998388396454487,8.058017727639034e-05
67864,43.44655744262404,1.0,560,681,1241,0.0,-0.0008333472224535399,0.9998388396454487,0.0
67865,43.44572409540159,1.0,560,681,1241,0.0,-0.0008333472224535399,0.9998388396454487,0.0
67866,43.444890748179134,1.0,560,681,1241,0.0,-0.0008333472224535399,0.999919419822725,8.058017727639034e-05
67867,43.44405740095668,1.0,560,681,1241,0.0,-0.0008333472224535399,1.0000000000000013,8.058017727639034e-05
67868,43.44322405373423,1.0,560,681,1241,0.0,-0.0008333472224535399,1.0000000000000013,0.0
67869,43.44239070651177,1.0,560,681,1241,0.0,-0.0008333472224535399,1.0000000000000013,0.0
67870,43.44155735928932,1.0,560,681,1241,0.0,-0.0008333472224535399,1.0000000000000013,0.0
67871,43.440724012066866,1.0,560,681,1241,0.0,-0.0008333472224535399,1.0000000000000013,0.0
67872,43.43989066484441,1.0,560,681,1241,0.0,-0.0008333472224535399,1.0000000000000013,0.0
67873,43.43905731762196,1.0,560,681,1241,0.0,-0.0008333472224535399,1.0000000000000013,0.0
67874,43.438223970399505,1.0,560,681,1241,0.0,-0.0008333472224535399,1.0000000000000013,0.0
67875,43.43739062317705,1.0,560,681,1241,0.0,-0.0008333472224535399,1.0000000000000013,0.0
67876,43.4365572759546,1.0,560,681,1241,0.0,-0.0008333472224535399,1.0000000000000013,0.0
67877,43.435723928732145,1.0,560,681,1241,0.0,-0.0008333472224535399,1.0000000000000013,0.0
67878,43.43489058150969,1.0,560,681,1241,0.0,-0.0008333472224535399,1.0000000000000013,0.0
67879,43.43405723428724,1.0,560,681,1241,0.0,-0.0008333472224535399,1.0000000000000013,0.0
67880,43.433223887064784,1.0,560,681,1241,0.0,-0.0008333472224535399,1.0000000000000013,0.0
67881,43.43239053984233,1.0,560,681,1241,0.0,-0.0008333472224535399,1.0000000000000013,0.0
67882,43.43155719261988,1.0,560,681,1241,0.0,-0.0008333472224535399,1.0000000000000013,0.0
67883,43.430723845397424,1.0,560,681,1241,0.0,-0.0008333472224535399,1.0000000000000013,0.0
67884,43.42989049817497,1.0,560,681,1241,0.0,-0.0008333472224535399,1.0000000000000013,0.0
67885,43.42905715095252,1.0,560,681,1241,0.0,-0.0008333472224535399,1.0000000000000013,0.0
67886,43.42822380373006,1.0,560,681,1241,0.0,-0.0008333472224535399,1.0000000000000013,0.0
67887,43.42739045650761,1.0,560,681,1241,0.0,-0.0008333472224535399,1.0000000000000013,0.0
67888,43.426557109285156,1.0,560,681,1241,0.0,-0.0008333472224535399,1.0000000000000013,0.0
67889,43.4257237620627,1.0,560,681,1241,0.0,-0.0008333472224535399,1.0000000000000013,0.0
67890,43.42489041484025,1.0,560,681,1241,0.0,-0.0008333472224535399,1.0000000000000013,0.0
67891,43.424057067617795,1.0,560,681,1241,0.0,-0.0008333472224535399,1.0000000000000013,0.0
67892,43.42322372039534,1.0,560,681,1241,0.0,-0.0008333472224535399,1.0000000000000013,0.0
67893,43.42239037317289,1.0,560,681,1241,0.0,-0.0008333472224535399,1.0000000000000013,0.0
67894,43.421557025950435,1.0,560,681,1241,0.0,-0.0008333472224535399,1.0000000000000013,0.0
67895,43.42072367872798,0.9991941982272361,560,681,1241,-0.0008058017727639033,-0.0008333472224535399,0.999919419822725,-8.058017727639034e-05
67896,43.41989033150553,0.9991941982272361,560,681,1241,0.0,-0.0008333472224535399,0.9998388396454487,-8.058017727639034e-05
67897,43.419056984283074,0.9991941982272361,560,681,1241,0.0,-0.0008333472224535399,0.9997582594681724,-8.058017727639034e-05
67898,43.41822363706062,0.9991941982272361,560,681,1241,0.0,-0.0008333472224535399,0.999677679290896,-8.058017727639034e-05
67899,43.41739028983817,0.9983883964544722,560,681,1241,-0.0008058017727639033,-0.0008333472224535399,0.9995165189363433,-0.00016116035455278067
67900,43.41655694261571,0.9991941982272361,560,681,1241,0.0008058017727639033,-0.0008333472224535399,0.999435938759067,-8.058017727639034e-05
67901,43.41572359539326,1.0,560,681,1241,0.0008058017727639033,-0.0008333472224535399,0.999435938759067,0.0
67902,43.414890248170806,0.9991941982272361,560,681,1241,-0.0008058017727639033,-0.0008333472224535399,0.9993553585817907,-8.058017727639034e-05
67903,43.41405690094835,1.0,560,681,1241,0.0008058017727639033,-0.0008333472224535399,0.9993553585817907,0.0
67904,43.41322355372589,1.0,560,681,1241,0.0,-0.0008333472224606453,0.9993553585817907,0.0
67905,43.41239020650344,1.0,560,681,1241,0.0,-0.0008333472224535399,0.999435938759067,8.058017727639034e-05
67906,43.411556859280985,1.0,560,681,1241,0.0,-0.0008333472224535399,0.9995165189363433,8.058017727639034e-05
67907,43.41072351205853,1.0,560,681,1241,0.0,-0.0008333472224535399,0.9995970991136197,8.058017727639034e-05
67908,43.40989016483608,0.9991941982272361,560,681,1241,-0.0008058017727639033,-0.0008333472224535399,0.9995970991136197,0.0
67909,43.409056817613624,0.9991941982272361,560,681,1241,0.0,-0.0008333472224535399,0.999677679290896,8.058017727639034e-05
67910,43.40822347039117,0.9991941982272361,560,681,1241,0.0,-0.0008333472224535399,0.999677679290896,0.0
67911,43.40739012316872,0.9991941982272361,560,681,1241,0.0,-0.0008333472224535399,0.9995970991136197,-8.058017727639034e-05
67912,43.406556775946264,0.9991941982272361,560,681,1241,0.0,-0.0008333472224535399,0.9995970991136197,0.0
67913,43.40572342872381,0.9991941982272361,560,681,1241,0.0,-0.0008333472224535399,0.9995165189363433,-8.058017727639034e-05
67914,43.40489008150136,0.9991941982272361,560,681,1241,0.0,-0.0008333472224535399,0.999435938759067,-8.058017727639034e-05
67915,43.4040567342789,1.0,560,681,1241,0.0008058017727639033,-0.0008333472224535399,0.999435938759067,0.0
67916,43.40322338705645,1.0,560,681,1241,0.0,-0.0008333472224535399,0.999435938759067,0.0
67917,43.402390039833996,1.0,560,681,1241,0.0,-0.0008333472224535399,0.999435938759067,0.0
67918,43.40155669261154,1.0,560,681,1241,0.0,-0.0008333472224535399,0.9995165189363433,8.058017727639034e-05
67919,43.40072334538909,1.0,560,681,1241,0.0,-0.0008333472224535399,0.9995970991136197,8.058017727639034e-05
67920,43.399889998166636,1.0,560,681,1241,0.0,-0.0008333472224535399,0.999677679290896,8.058017727639034e-05
67921,43.39905665094418,1.0,560,681,1241,0.0,-0.0008333472224535399,0.9997582594681724,8.058017727639034e-05
67922,43.39822330372173,1.0,560,681,1241,0.0,-0.0008333472224535399,0.9998388396454487,8.058017727639034e-05
67923,43.397389956499275,1.0,560,681,1241,0.0,-0.0008333472224535399,0.999919419822725,8.058017727639034e-05
67924,43.39655660927682,1.0,560,681,1241,0.0,-0.0008333472224535399,1.0000000000000013,8.058017727639034e-05
67925,43.39572326205437,1.0,560,681,1241,0.0,-0.0008333472224535399,1.0000000000000013,0.0
67926,43.394889914831914,1.0,560,681,1241,0.0,-0.0008333472224535399,1.0000000000000013,0.0
67927,43.39405656760946,1.0,560,681,1241,0.0,-0.0008333472224535399,1.0000000000000013,0.0
67928,43.39322322038701,1.0,560,681,1241,0.0,-0.0008333472224535399,1.0000000000000013,0.0
67929,43.392389873164554,1.0,560,681,1241,0.0,-0.0008333472224535399,1.0000000000000013,0.0
67930,43.3915565259421,1.0,560,681,1241,0.0,-0.0008333472224535399,1.0000000000000013,0.0
67931,43.39072317871965,1.0,560,681,1241,0.0,-0.0008333472224535399,1.0000000000000013,0.0
67932,43.38988983149719,1.0,560,681,1241,0.0,-0.0008333472224535399,1.0000000000000013,0.0
67933,43.38905648427474,1.0,560,681,1241,0.0,-0.0008333472224535399,1.0000000000000013,0.0
67934,43.388223137052286,1.0,560,681,1241,0.0,-0.0008333472224535399,1.0000000000000013,0.0
67935,43.38738978982983,1.0,560,681,1241,0.0,-0.0008333472224535399,1.0000000000000013,0.0
67936,43.38655644260738,1.0,560,681,1241,0.0,-0.0008333472224535399,1.0000000000000013,0.0
67937,43.385723095384925,1.0,560,681,1241,0.0,-0.0008333472224535399,1.0000000000000013,0.0
67938,43.38488974816247,1.0,560,681,1241,0.0,-0.0008333472224535399,1.0000000000000013,0.0
67939,43.38405640094002,1.0,560,681,1241,0.0,-0.0008333472224535399,1.0000000000000013,0.0
67940,43.383223053717565,1.0,560,681,1241,0.0,-0.0008333472224535399,1.0000000000000013,0.0
67941,43.382389706495104,1.0,560,681,1241,0.0,-0.0008333472224606453,1.0000000000000013,0.0
67942,43.38155635927265,1.0,560,681,1241,0.0,-0.0008333472224535399,1.0000000000000013,0.0
67943,43.3807230120502,1.0,560,681,1241,0.0,-0.0008333472224535399,1.0000000000000013,0.0
67944,43.37988966482774,0.9991941982272361,560,681,1241,-0.0008058017727639033,-0.0008333472224535399,0.999919419822725,-8.058017727639034e-05
67945,43.37905631760529,0.9983883964544722,560,681,1241,-0.0008058017727639033,-0.0008333472224535399,0.9997582594681724,-0.00016116035455278067
67946,43.378222970382836,0.9983883964544722,560,681,1241,0.0,-0.0008333472224535399,0.9995970991136197,-0.00016116035455278067
67947,43.37738962316038,0.9983883964544722,560,681,1241,0.0,-0.0008333472224535399,0.999435938759067,-0.00016116035455278067
67948,43.37655627593793,0.9991941982272361,560,681,1241,0.0008058017727639033,-0.0008333472224535399,0.9993553585817907,-8.058017727639034e-05
67949,43.375722928715476,0.9991941982272361,560,681,1241,0.0,-0.0008333472224535399,0.9992747784045143,-8.058017727639034e-05
67950,43.37488958149302,1.0,560,681,1241,0.0008058017727639033,-0.0008333472224535399,0.9992747784045143,0.0
67951,43.37405623427057,1.0,560,681,1241,0.0,-0.0008333472224535399,0.9992747784045143,0.0
67952,43.373222887048115,0.9991941982272361,560,681,1241,-0.0008058017727639033,-0.0008333472224535399,0.999194198227238,-8.058017727639034e-05
67953,43.37238953982566,0.9991941982272361,560,681,1241,0.0,-0.0008333472224535399,0.9991136180499616,-8.058017727639034e-05
67954,43.37155619260321,0.9991941982272361,560,681,1241,0.0,-0.0008333472224535399,0.9991136180499616,0.0
67955,43.370722845380755,0.9991941982272361,560,681,1241,0.0,-0.0008333472224535399,0.999194198227238,8.058017727639034e-05
67956,43.3698894981583,1.0,560,681,1241,0.0008058017727639033,-0.0008333472224535399,0.9993553585817907,0.00016116035455278067
67957,43.36905615093585,1.0,560,681,1241,0.0,-0.0008333472224535399,0.9995165189363433,0.00016116035455278067
67958,43.368222803713394,1.0,560,681,1241,0.0,-0.0008333472224535399,0.9995970991136197,8.058017727639034e-05
67959,43.36738945649094,1.0,560,681,1241,0.0,-0.0008333472224535399,0.999677679290896,8.058017727639034e-05
67960,43.36655610926849,1.0,560,681,1241,0.0,-0.0008333472224535399,0.999677679290896,0.0
67961,43.36572276204603,1.0,560,681,1241,0.0,-0.0008333472224535399,0.999677679290896,0.0
67962,43.36488941482358,1.0,560,681,1241,0.0,-0.0008333472224535399,0.9997582594681724,8.058017727639034e-05
67963,43.364056067601126,1.0,560,681,1241,0.0,-0.0008333472224535399,0.9998388396454487,8.058017727639034e-05
67964,43.36322272037867,1.0,560,681,1241,0.0,-0.0008333472224535399,0.999919419822725,8.058017727639034e-05
67965,43.36238937315622,1.0,560,681,1241,0.0,-0.0008333472224535399,1.0000000000000013,8.058017727639034e-05
67966,43.361556025933766,0.9991941982272361,560,681,1241,-0.0008058017727639033,-0.0008333472224535399,0.999919419822725,-8.058017727639034e-05
67967,43.36072267871131,0.9991941982272361,560,681,1241,0.0,-0.0008333472224535399,0.9998388396454487,-8.058017727639034e-05
67968,43.35988933148886,1.0,560,681,1241,0.0008058017727639033,-0.0008333472224535399,0.9998388396454487,0.0
67969,43.359055984266405,1.0,560,681,1241,0.0,-0.0008333472224535399,0.9998388396454487,0.0
67970,43.35822263704395,1.0,560,681,1241,0.0,-0.0008333472224535399,0.9998388396454487,0.0
67971,43.3573892898215,1.0,560,681,1241,0.0,-0.0008333472224535399,0.9998388396454487,0.0
67972,43.356555942599044,1.0,560,681,1241,0.0,-0.0008333472224535399,0.9998388396454487,0.0
67973,43.35572259537659,1.0,560,681,1241,0.0,-0.0008333472224535399,0.9998388396454487,0.0
67974,43.35488924815414,1.0,560,681,1241,0.0,-0.0008333472224535399,0.9998388396454487,0.0
67975,43.354055900931684,1.0,560,681,1241,0.0,-0.0008333472224535399,0.9998388396454487,0.0
67976,43.35322255370923,1.0,560,681,1241,0.0,-0.0008333472224535399,0.999919419822725,8.058017727639034e-05
67977,43.35238920648678,1.0,560,681,1241,0.0,-0.0008333472224535399,1.0000000000000013,8.058017727639034e-05
67978,43.35155585926432,1.0,560,681,1241,0.0,-0.0008333472224535399,1.0000000000000013,0.0
67979,43.35072251204187,1.0,560,681,1241,0.0,-0.0008333472224535399,1.0000000000000013,0.0
67980,43.349889164819416,1.0,560,681,1241,0.0,-0.0008333472224535399,1.0000000000000013,0.0
67981,43.34905581759696,1.0,560,681,1241,0.0,-0.0008333472224535399,1.0000000000000013,0.0
67982,43.34822247037451,1.0,560,681,1241,0.0,-0.0008333472224535399,1.0000000000000013,0.0
67983,43.347389123152055,1.0,560,681,1241,0.0,-0.0008333472224535399,1.0000000000000013,0.0
67984,43.3465557759296,1.0,560,681,1241,0.0,-0.0008333472224535399,1.0000000000000013,0.0
67985,43.34572242870715,1.0,560,681,1241,0.0,-0.0008333472224535399,1.0000000000000013,0.0
67986,43.344889081484695,1.0,560,681,1241,0.0,-0.0008333472224535399,1.0000000000000013,0.0
67987,43.34405573426224,1.0,560,681,1241,0.0,-0.0008333472224535399,1.0000000000000013,0.0
67988,43.34322238703979,1.0,560,681,1241,0.0,-0.0008333472224535399,1.0000000000000013,0.0
67989,43.34238903981733,1.0,560,681,1241,0.0,-0.0008333472224606453,1.0000000000000013,0.0
67990,43.34155569259487,1.0,560,681,1241,0.0,-0.0008333472224535399,1.0000000000000013,0.0
67991,43.34072234537242,1.0,560,681,1241,0.0,-0.0008333472224535399,1.0000000000000013,0.0
67992,43.339888998149966,0.9991941982272361,560,681,1241,-0.0008058017727639033,-0.0008333472224535399,0.999919419822725,-8.058017727639034e-05
67993,43.33905565092751,0.9991941982272361,560,681,1241,0.0,-0.0008333472224535399,0.9998388396454487,-8.058017727639034e-05
67994,43.33822230370506,1.0,560,681,1241,0.0008058017727639033,-0.0008333472224535399,0.9998388396454487,0.0
67995,43.337388956482606,1.0,560,681,1241,0.0,-0.0008333472224535399,0.9998388396454487,0.0
67996,43.33655560926015,1.0,560,681,1241,0.0,-0.0008333472224535399,0.9998388396454487,0.0
67997,43.3357222620377,1.0,560,681,1241,0.0,-0.0008333472224535399,0.9998388396454487,0.0
67998,43.334888914815245,1.0,560,681,1241,0.0,-0.0008333472224535399,0.9998388396454487,0.0
67999,43.33405556759279,1.0,560,681,1241,0.0,-0.0008333472224535399,0.9998388396454487,0.0
68000,43.33322222037034,1.0,560,681,1241,0.0,-0.0008333472224535399,0.9998388396454487,0.0
68001,43.332388873147885,1.0,560,681,1241,0.0,-0.0008333472224535399,0.9998388396454487,0.0
68002,43.33155552592543,1.0,560,681,1241,0.0,-0.0008333472224535399,0.999919419822725,8.058017727639034e-05
68003,43.33072217870298,1.0,560,681,1241,0.0,-0.0008333472224535399,1.0000000000000013,8.058017727639034e-05
68004,43.329888831480524,1.0,560,681,1241,0.0,-0.0008333472224535399,1.0000000000000013,0.0
68005,43.32905548425807,1.0,560,681,1241,0.0,-0.0008333472224535399,1.0000000000000013,0.0
68006,43.32822213703562,1.0,560,681,1241,0.0,-0.0008333472224535399,1.0000000000000013,0.0
68007,43.32738878981316,1.0,560,681,1241,0.0,-0.0008333472224535399,1.0000000000000013,0.0
68008,43.32655544259071,1.0,560,681,1241,0.0,-0.0008333472224535399,1.0000000000000013,0.0
68009,43.325722095368256,1.0,560,681,1241,0.0,-0.0008333472224535399,1.0000000000000013,0.0
68010,43.3248887481458,1.0,560,681,1241,0.0,-0.0008333472224535399,1.0000000000000013,0.0
68011,43.32405540092335,0.9991941982272361,560,681,1241,-0.0008058017727639033,-0.0008333472224535399,0.999919419822725,-8.058017727639034e-05
68012,43.323222053700896,0.9991941982272361,560,681,1241,0.0,-0.0008333472224535399,0.9998388396454487,-8.058017727639034e-05
68013,43.32238870647844,0.9991941982272361,560,681,1241,0.0,-0.0008333472224535399,0.9997582594681724,-8.058017727639034e-05
68014,43.32155535925599,1.0,560,681,1241,0.0008058017727639033,-0.0008333472224535399,0.9997582594681724,0.0
68015,43.320722012033535,1.0,560,681,1241,0.0,-0.0008333472224535399,0.9997582594681724,0.0
68016,43.31988866481108,1.0,560,681,1241,0.0,-0.0008333472224535399,0.9997582594681724,0.0
68017,43.31905531758863,1.0,560,681,1241,0.0,-0.0008333472224535399,0.9997582594681724,0.0
68018,43.318221970366174,1.0,560,681,1241,0.0,-0.0008333472224535399,0.9997582594681724,0.0
68019,43.31738862314372,1.0,560,681,1241,0.0,-0.0008333472224535399,0.9997582594681724,0.0
68020,43.31655527592127,1.0,560,681,1241,0.0,-0.0008333472224535399,0.9997582594681724,0.0
68021,43.315721928698814,0.9991941982272361,560,681,1241,-0.0008058017727639033,-0.0008333472224535399,0.9997582594681724,0.0
68022,43.31488858147636,0.9991941982272361,560,681,1241,0.0,-0.0008333472224535399,0.9997582594681724,0.0
68023,43.31405523425391,1.0,560,681,1241,0.0008058017727639033,-0.0008333472224535399,0.9998388396454487,8.058017727639034e-05
68024,43.31322188703145,1.0,560,681,1241,0.0,-0.0008333472224535399,0.9998388396454487,0.0
68025,43.312388539809,1.0,560,681,1241,0.0,-0.0008333472224535399,0.9998388396454487,0.0
68026,43.31155519258654,1.0,560,681,1241,0.0,-0.0008333472224606453,0.9998388396454487,0.0
68027,43.310721845364085,1.0,560,681,1241,0.0,-0.0008333472224535399,0.9998388396454487,0.0
68028,43.30988849814163,1.0,560,681,1241,0.0,-0.0008333472224535399,0.9998388396454487,0.0
68029,43.30905515091918,1.0,560,681,1241,0.0,-0.0008333472224535399,0.9998388396454487,0.0
68030,43.308221803696725,1.0,560,681,1241,0.0,-0.0008333472224535399,0.9998388396454487,0.0
68031,43.30738845647427,1.0,560,681,1241,0.0,-0.0008333472224535399,0.999919419822725,8.058017727639034e-05
68032,43.30655510925182,1.0,560,681,1241,0.0,-0.0008333472224535399,1.0000000000000013,8.058017727639034e-05
68033,43.305721762029364,1.0,560,681,1241,0.0,-0.0008333472224535399,1.0000000000000013,0.0
68034,43.30488841480691,1.0,560,681,1241,0.0,-0.0008333472224535399,1.0000000000000013,0.0
68035,43.30405506758446,1.0,560,681,1241,0.0,-0.0008333472224535399,1.0000000000000013,0.0
68036,43.303221720362004,0.9991941982272361,560,681,1241,-0.0008058017727639033,-0.0008333472224535399,0.999919419822725,-8.058017727639034e-05
68037,43.30238837313955,0.9991941982272361,560,681,1241,0.0,-0.0008333472224535399,0.9998388396454487,-8.058017727639034e-05
68038,43.3015550259171,0.9983883964544722,560,681,1241,-0.0008058017727639033,-0.0008333472224535399,0.999677679290896,-0.00016116035455278067
68039,43.30072167869464,0.9991941982272361,560,681,1241,0.0008058017727639033,-0.0008333472224535399,0.9995970991136197,-8.058017727639034e-05
68040,43.29988833147219,0.9991941982272361,560,681,1241,0.0,-0.0008333472224535399,0.9995165189363433,-8.058017727639034e-05
68041,43.299054984249736,0.9991941982272361,560,681,1241,0.0,-0.0008333472224535399,0.999435938759067,-8.058017727639034e-05
68042,43.29822163702728,1.0,560,681,1241,0.0008058017727639033,-0.0008333472224535399,0.999435938759067,0.0
68043,43.29738828980483,1.0,560,681,1241,0.0,-0.0008333472224535399,0.999435938759067,0.0
68044,43.296554942582375,1.0,560,681,1241,0.0,-0.0008333472224535399,0.999435938759067,0.0
68045,43.29572159535992,1.0,560,681,1241,0.0,-0.0008333472224535399,0.999435938759067,0.0
68046,43.29488824813747,1.0,560,681,1241,0.0,-0.0008333472224535399,0.9995165189363433,8.058017727639034e-05
68047,43.294054900915015,1.0,560,681,1241,0.0,-0.0008333472224535399,0.9995970991136197,8.058017727639034e-05
68048,43.29322155369256,1.0,560,681,1241,0.0,-0.0008333472224535399,0.9997582594681724,0.00016116035455278067
68049,43.29238820647011,1.0,560,681,1241,0.0,-0.0008333472224535399,0.9998388396454487,8.058017727639034e-05
68050,43.291554859247654,1.0,560,681,1241,0.0,-0.0008333472224535399,0.999919419822725,8.058017727639034e-05
68051,43.2907215120252,1.0,560,681,1241,0.0,-0.0008333472224535399,1.0000000000000013,8.058017727639034e-05
68052,43.28988816480275,1.0,560,681,1241,0.0,-0.0008333472224535399,1.0000000000000013,0.0
68053,43.28905481758029,1.0,560,681,1241,0.0,-0.0008333472224535399,1.0000000000000013,0.0
68054,43.28822147035784,1.0,560,681,1241,0.0,-0.0008333472224535399,1.0000000000000013,0.0
68055,43.287388123135386,1.0,560,681,1241,0.0,-0.0008333472224535399,1.0000000000000013,0.0
68056,43.28655477591293,0.9991941982272361,560,681,1241,-0.0008058017727639033,-0.0008333472224535399,0.999919419822725,-8.058017727639034e-05
68057,43.28572142869048,0.9991941982272361,560,681,1241,0.0,-0.0008333472224535399,0.9998388396454487,-8.058017727639034e-05
68058,43.284888081468026,0.9991941982272361,560,681,1241,0.0,-0.0008333472224535399,0.9997582594681724,-8.058017727639034e-05
68059,43.28405473424557,0.9991941982272361,560,681,1241,0.0,-0.0008333472224535399,0.999677679290896,-8.058017727639034e-05
68060,43.28322138702312,0.9991941982272361,560,681,1241,0.0,-0.0008333472224535399,0.9995970991136197,-8.058017727639034e-05
68061,43.282388039800665,1.0,560,681,1241,0.0008058017727639033,-0.0008333472224535399,0.9995970991136197,0.0
68062,43.28155469257821,1.0,560,681,1241,0.0,-0.0008333472224535399,0.9995970991136197,0.0
68063,43.28072134535576,1.0,560,681,1241,0.0,-0.0008333472224535399,0.9995970991136197,0.0
68064,43.279887998133304,1.0,560,681,1241,0.0,-0.0008333472224535399,0.9995970991136197,0.0
68065,43.27905465091085,1.0,560,681,1241,0.0,-0.0008333472224535399,0.9995970991136197,0.0
68066,43.2782213036884,1.0,560,681,1241,0.0,-0.0008333472224535399,0.999677679290896,8.058017727639034e-05
68067,43.277387956465944,1.0,560,681,1241,0.0,-0.0008333472224535399,0.9997582594681724,8.058017727639034e-05
68068,43.27655460924349,1.0,560,681,1241,0.0,-0.0008333472224535399,0.9998388396454487,8.058017727639034e-05
68069,43.27572126202104,1.0,560,681,1241,0.0,-0.0008333472224535399,0.999919419822725,8.058017727639034e-05
68070,43.27488791479858,1.0,560,681,1241,0.0,-0.0008333472224535399,1.0000000000000013,8.058017727639034e-05
68071,43.27405456757613,1.0,560,681,1241,0.0,-0.0008333472224535399,1.0000000000000013,0.0
68072,43.273221220353676,1.0,560,681,1241,0.0,-0.0008333472224535399,1.0000000000000013,0.0
68073,43.272387873131215,1.0,560,681,1241,0.0,-0.0008333472224606453,1.0000000000000013,0.0
68074,43.27155452590876,1.0,560,681,1241,0.0,-0.0008333472224535399,1.0000000000000013,0.0
68075,43.27072117868631,1.0,560,681,1241,0.0,-0.0008333472224535399,1.0000000000000013,0.0
68076,43.269887831463855,1.0,560,681,1241,0.0,-0.0008333472224535399,1.0000000000000013,0.0
68077,43.2690544842414,1.0,560,681,1241,0.0,-0.0008333472224535399,1.0000000000000013,0.0
68078,43.26822113701895,1.0,560,681,1241,0.0,-0.0008333472224535399,1.0000000000000013,0.0
68079,43.267387789796494,0.9991941982272361,560,681,1241,-0.0008058017727639033,-0.0008333472224535399,0.999919419822725,-8.058017727639034e-05
68080,43.26655444257404,0.9991941982272361,560,681,1241,0.0,-0.0008333472224535399,0.9998388396454487,-8.058017727639034e-05
68081,43.26572109535159,1.0,560,681,1241,0.0008058017727639033,-0.0008333472224535399,0.9998388396454487,0.0
68082,43.264887748129134,1.0,560,681,1241,0.0,-0.0008333472224535399,0.9998388396454487,0.0
68083,43.26405440090668,1.0,560,681,1241,0.0,-0.0008333472224535399,0.9998388396454487,0.0
68084,43.26322105368423,1.0,560,681,1241,0.0,-0.0008333472224535399,0.9998388396454487,0.0
68085,43.26238770646177,1.0,560,681,1241,0.0,-0.0008333472224535399,0.9998388396454487,0.0
68086,43.26155435923932,1.0,560,681,1241,0.0,-0.0008333472224535399,0.9998388396454487,0.0
68087,43.260721012016866,1.0,560,681,1241,0.0,-0.0008333472224535399,0.9998388396454487,0.0
68088,43.25988766479441,1.0,560,681,1241,0.0,-0.0008333472224535399,0.9998388396454487,0.0
68089,43.25905431757196,1.0,560,681,1241,0.0,-0.0008333472224535399,0.999919419822725,8.058017727639034e-05
68090,43.258220970349505,1.0,560,681,1241,0.0,-0.0008333472224535399,1.0000000000000013,8.058017727639034e-05
68091,43.25738762312705,1.0,560,681,1241,0.0,-0.0008333472224535399,1.0000000000000013,0.0
68092,43.2565542759046,1.0,560,681,1241,0.0,-0.0008333472224535399,1.0000000000000013,0.0
68093,43.255720928682145,1.0,560,681,1241,0.0,-0.0008333472224535399,1.0000000000000013,0.0
68094,43.25488758145969,1.0,560,681,1241,0.0,-0.0008333472224535399,1.0000000000000013,0.0
68095,43.25405423423724,1.0,560,681,1241,0.0,-0.0008333472224535399,1.0000000000000013,0.0
68096,43.253220887014784,1.0,560,681,1241,0.0,-0.0008333472224535399,1.0000000000000013,0.0
68097,43.25238753979233,1.0,560,681,1241,0.0,-0.0008333472224535399,1.0000000000000013,0.0
68098,43.25155419256988,1.0,560,681,1241,0.0,-0.0008333472224535399,1.0000000000000013,0.0
68099,43.25072084534742,1.0,560,681,1241,0.0,-0.0008333472224535399,1.0000000000000013,0.0
68100,43.24988749812497,1.0,560,681,1241,0.0,-0.0008333472224535399,1.0000000000000013,0.0
68101,43.249054150902516,1.0,560,681,1241,0.0,-0.0008333472224535399,1.0000000000000013,0.0
68102,43.24822080368006,1.0,560,681,1241,0.0,-0.0008333472224535399,1.0000000000000013,0.0
68103,43.24738745645761,1.0,560,681,1241,0.0,-0.0008333472224535399,1.0000000000000013,0.0
68104,43.246554109235156,1.0,560,681,1241,0.0,-0.0008333472224535399,1.0000000000000013,0.0
68105,43.2457207620127,1.0,560,681,1241,0.0,-0.0008333472224535399,1.0000000000000013,0.0
68106,43.24488741479025,1.0,560,681,1241,0.0,-0.0008333472224535399,1.0000000000000013,0.0
68107,43.244054067567795,1.0,560,681,1241,0.0,-0.0008333472224535399,1.0000000000000013,0.0
68108,43.24322072034534,1.0,560,681,1241,0.0,-0.0008333472224535399,1.0000000000000013,0.0
68109,43.24238737312289,1.0,560,681,1241,0.0,-0.0008333472224535399,1.0000000000000013,0.0
68110,43.24155402590043,1.0,560,681,1241,0.0,-0.0008333472224606453,1.0000000000000013,0.0
68111,43.240720678677974,1.0,560,681,1241,0.0,-0.0008333472224535399,1.0000000000000013,0.0
68112,43.23988733145552,1.0,560,681,1241,0.0,-0.0008333472224535399,1.0000000000000013,0.0
68113,43.23905398423307,1.0,560,681,1241,0.0,-0.0008333472224535399,1.0000000000000013,0.0
68114,43.23822063701061,1.0,560,681,1241,0.0,-0.0008333472224535399,1.0000000000000013,0.0
68115,43.23738728978816,1.0,560,681,1241,0.0,-0.0008333472224535399,1.0000000000000013,0.0
68116,43.236553942565706,1.0,560,681,1241,0.0,-0.0008333472224535399,1.0000000000000013,0.0
68117,43.23572059534325,1.0,560,681,1241,0.0,-0.0008333472224535399,1.0000000000000013,0.0
68118,43.2348872481208,1.0,560,681,1241,0.0,-0.0008333472224535399,1.0000000000000013,0.0
68119,43.234053900898346,0.9991941982272361,560,681,1241,-0.0008058017727639033,-0.0008333472224535399,0.999919419822725,-8.058017727639034e-05
68120,43.23322055367589,0.9991941982272361,560,681,1241,0.0,-0.0008333472224535399,0.9998388396454487,-8.058017727639034e-05
68121,43.23238720645344,0.9991941982272361,560,681,1241,0.0,-0.0008333472224535399,0.9997582594681724,-8.058017727639034e-05
68122,43.231553859230985,0.9991941982272361,560,681,1241,0.0,-0.0008333472224535399,0.999677679290896,-8.058017727639034e-05
68123,43.23072051200853,1.0,560,681,1241,0.0008058017727639033,-0.0008333472224535399,0.999677679290896,0.0
68124,43.22988716478608,1.0,560,681,1241,0.0,-0.0008333472224535399,0.999677679290896,0.0
68125,43.229053817563624,1.0,560,681,1241,0.0,-0.0008333472224535399,0.999677679290896,0.0
68126,43.22822047034117,1.0,560,681,1241,0.0,-0.0008333472224535399,0.999677679290896,0.0
68127,43.22738712311872,1.0,560,681,1241,0.0,-0.0008333472224535399,0.999677679290896,0.0
68128,43.226553775896264,1.0,560,681,1241,0.0,-0.0008333472224535399,0.999677679290896,0.0
68129,43.22572042867381,1.0,560,681,1241,0.0,-0.0008333472224535399,0.9997582594681724,8.058017727639034e-05
68130,43.22488708145136,1.0,560,681,1241,0.0,-0.0008333472224535399,0.9998388396454487,8.058017727639034e-05
68131,43.2240537342289,1.0,560,681,1241,0.0,-0.0008333472224535399,0.999919419822725,8.058017727639034e-05
68132,43.22322038700645,1.0,560,681,1241,0.0,-0.0008333472224535399,1.0000000000000013,8.058017727639034e-05
68133,43.222387039783996,0.9991941982272361,560,681,1241,-0.0008058017727639033,-0.0008333472224535399,0.999919419822725,-8.058017727639034e-05
68134,43.22155369256154,1.0,560,681,1241,0.0008058017727639033,-0.0008333472224535399,0.999919419822725,0.0
68135,43.22072034533909,1.0,560,681,1241,0.0,-0.0008333472224535399,0.999919419822725,0.0
68136,43.219886998116635,1.0,560,681,1241,0.0,-0.0008333472224535399,0.999919419822725,0.0
68137,43.21905365089418,1.0,560,681,1241,0.0,-0.0008333472224535399,0.999919419822725,0.0
68138,43.21822030367173,1.0,560,681,1241,0.0,-0.0008333472224535399,0.999919419822725,0.0
68139,43.217386956449275,1.0,560,681,1241,0.0,-0.0008333472224535399,0.999919419822725,0.0
68140,43.21655360922682,1.0,560,681,1241,0.0,-0.0008333472224535399,0.999919419822725,0.0
68141,43.21572026200437,0.9991941982272361,560,681,1241,-0.0008058017727639033,-0.0008333472224535399,0.9998388396454487,-8.058017727639034e-05
68142,43.214886914781914,0.9991941982272361,560,681,1241,0.0,-0.0008333472224535399,0.9997582594681724,-8.058017727639034e-05
68143,43.21405356755946,1.0,560,681,1241,0.0008058017727639033,-0.0008333472224535399,0.9998388396454487,8.058017727639034e-05
68144,43.21322022033701,1.0,560,681,1241,0.0,-0.0008333472224535399,0.9998388396454487,0.0
68145,43.21238687311455,1.0,560,681,1241,0.0,-0.0008333472224535399,0.9998388396454487,0.0
68146,43.2115535258921,1.0,560,681,1241,0.0,-0.0008333472224535399,0.9998388396454487,0.0
68147,43.210720178669646,1.0,560,681,1241,0.0,-0.0008333472224535399,0.9998388396454487,0.0
68148,43.20988683144719,1.0,560,681,1241,0.0,-0.0008333472224535399,0.9998388396454487,0.0
68149,43.20905348422474,1.0,560,681,1241,0.0,-0.0008333472224535399,0.9998388396454487,0.0
68150,43.208220137002286,1.0,560,681,1241,0.0,-0.0008333472224535399,0.9998388396454487,0.0
68151,43.20738678977983,1.0,560,681,1241,0.0,-0.0008333472224535399,0.999919419822725,8.058017727639034e-05
68152,43.20655344255738,1.0,560,681,1241,0.0,-0.0008333472224535399,1.0000000000000013,8.058017727639034e-05
68153,43.205720095334925,1.0,560,681,1241,0.0,-0.0008333472224535399,1.0000000000000013,0.0
68154,43.20488674811247,1.0,560,681,1241,0.0,-0.0008333472224535399,1.0000000000000013,0.0
68155,43.20405340089002,1.0,560,681,1241,0.0,-0.0008333472224535399,1.0000000000000013,0.0
68156,43.203220053667565,0.9991941982272361,560,681,1241,-0.0008058017727639033,-0.0008333472224535399,0.999919419822725,-8.058017727639034e-05
68157,43.20238670644511,1.0,560,681,1241,0.0008058017727639033,-0.0008333472224535399,0.999919419822725,0.0
68158,43.20155335922265,1.0,560,681,1241,0.0,-0.0008333472224606453,0.999919419822725,0.0
68159,43.2007200120002,0.9991941982272361,560,681,1241,-0.0008058017727639033,-0.0008333472224535399,0.9998388396454487,-8.058017727639034e-05
68160,43.19988666477774,0.9991941982272361,560,681,1241,0.0,-0.0008333472224535399,0.9997582594681724,-8.058017727639034e-05
68161,43.19905331755529,1.0,560,681,1241,0.0008058017727639033,-0.0008333472224535399,0.9997582594681724,0.0
68162,43.198219970332836,1.0,560,681,1241,0.0,-0.0008333472224535399,0.9997582594681724,0.0
68163,43.19738662311038,1.0,560,681,1241,0.0,-0.0008333472224535399,0.9997582594681724,0.0
68164,43.19655327588793,1.0,560,681,1241,0.0,-0.0008333472224535399,0.9997582594681724,0.0
68165,43.195719928665476,1.0,560,681,1241,0.0,-0.0008333472224535399,0.9997582594681724,0.0
68166,43.19488658144302,1.0,560,681,1241,0.0,-0.0008333472224535399,0.9998388396454487,8.058017727639034e-05
68167,43.19405323422057,1.0,560,681,1241,0.0,-0.0008333472224535399,0.9998388396454487,0.0
68168,43.193219886998115,1.0,560,681,1241,0.0,-0.0008333472224535399,0.9998388396454487,0.0
68169,43.19238653977566,1.0,560,681,1241,0.0,-0.0008333472224535399,0.999919419822725,8.058017727639034e-05
68170,43.19155319255321,1.0,560,681,1241,0.0,-0.0008333472224535399,1.0000000000000013,8.058017727639034e-05
68171,43.190719845330754,1.0,560,681,1241,0.0,-0.0008333472224535399,1.0000000000000013,0.0
68172,43.1898864981083,1.0,560,681,1241,0.0,-0.0008333472224535399,1.0000000000000013,0.0
68173,43.18905315088585,1.0,560,681,1241,0.0,-0.0008333472224535399,1.0000000000000013,0.0
68174,43.188219803663394,1.0,560,681,1241,0.0,-0.0008333472224535399,1.0000000000000013,0.0
68175,43.18738645644094,1.0,560,681,1241,0.0,-0.0008333472224535399,1.0000000000000013,0.0
68176,43.18655310921849,1.0,560,681,1241,0.0,-0.0008333472224535399,1.0000000000000013,0.0
68177,43.18571976199603,1.0,560,681,1241,0.0,-0.0008333472224535399,1.0000000000000013,0.0
68178,43.18488641477358,1.0,560,681,1241,0.0,-0.0008333472224535399,1.0000000000000013,0.0
68179,43.184053067551126,1.0,560,681,1241,0.0,-0.0008333472224535399,1.0000000000000013,0.0
68180,43.18321972032867,1.0,560,681,1241,0.0,-0.0008333472224535399,1.0000000000000013,0.0
68181,43.18238637310622,1.0,560,681,1241,0.0,-0.0008333472224535399,1.0000000000000013,0.0
68182,43.181553025883765,1.0,560,681,1241,0.0,-0.0008333472224535399,1.0000000000000013,0.0
68183,43.18071967866131,1.0,560,681,1241,0.0,-0.0008333472224535399,1.0000000000000013,0.0
68184,43.17988633143886,1.0,560,681,1241,0.0,-0.0008333472224535399,1.0000000000000013,0.0
68185,43.179052984216405,1.0,560,681,1241,0.0,-0.0008333472224535399,1.0000000000000013,0.0
68186,43.17821963699395,1.0,560,681,1241,0.0,-0.0008333472224535399,1.0000000000000013,0.0
68187,43.1773862897715,1.0,560,681,1241,0.0,-0.0008333472224535399,1.0000000000000013,0.0
68188,43.176552942549044,1.0,560,681,1241,0.0,-0.0008333472224535399,1.0000000000000013,0.0
68189,43.17571959532659,1.0,560,681,1241,0.0,-0.0008333472224535399,1.0000000000000013,0.0
68190,43.17488624810414,1.0,560,681,1241,0.0,-0.0008333472224535399,1.0000000000000013,0.0
68191,43.174052900881684,1.0,560,681,1241,0.0,-0.0008333472224535399,1.0000000000000013,0.0
68192,43.17321955365923,1.0,560,681,1241,0.0,-0.0008333472224535399,1.0000000000000013,0.0
68193,43.17238620643678,1.0,560,681,1241,0.0,-0.0008333472224535399,1.0000000000000013,0.0
68194,43.17155285921432,1.0,560,681,1241,0.0,-0.0008333472224535399,1.0000000000000013,0.0
68195,43.17071951199186,1.0,560,681,1241,0.0,-0.0008333472224606453,1.0000000000000013,0.0
68196,43.16988616476941,1.0,560,681,1241,0.0,-0.0008333472224535399,1.0000000000000013,0.0
68197,43.169052817546955,1.0,560,681,1241,0.0,-0.0008333472224535399,1.0000000000000013,0.0
68198,43.1682194703245,1.0,560,681,1241,0.0,-0.0008333472224535399,1.0000000000000013,0.0
68199,43.16738612310205,1.0,560,681,1241,0.0,-0.0008333472224535399,1.0000000000000013,0.0
68200,43.166552775879595,1.0,560,681,1241,0.0,-0.0008333472224535399,1.0000000000000013,0.0
68201,43.16571942865714,1.0,560,681,1241,0.0,-0.0008333472224535399,1.0000000000000013,0.0
68202,43.16488608143469,1.0,560,681,1241,0.0,-0.0008333472224535399,1.0000000000000013,0.0
68203,43.164052734212234,1.0,560,681,1241,0.0,-0.0008333472224535399,1.0000000000000013,0.0
68204,43.16321938698978,1.0,560,681,1241,0.0,-0.0008333472224535399,1.0000000000000013,0.0
68205,43.16238603976733,1.0,560,681,1241,0.0,-0.0008333472224535399,1.0000000000000013,0.0
68206,43.16155269254487,1.0,560,681,1241,0.0,-0.0008333472224535399,1.0000000000000013,0.0
68207,43.16071934532242,1.0,560,681,1241,0.0,-0.0008333472224535399,1.0000000000000013,0.0
68208,43.159885998099966,1.0,560,681,1241,0.0,-0.0008333472224535399,1.0000000000000013,0.0
68209,43.15905265087751,1.0,560,681,1241,0.0,-0.0008333472224535399,1.0000000000000013,0.0
68210,43.15821930365506,0.9991941982272361,560,681,1241,-0.0008058017727639033,-0.0008333472224535399,0.999919419822725,-8.058017727639034e-05
68211,43.157385956432606,0.9983883964544722,560,681,1241,-0.0008058017727639033,-0.0008333472224535399,0.9997582594681724,-0.00016116035455278067
68212,43.15655260921015,0.9983883964544722,560,681,1241,0.0,-0.0008333472224535399,0.9995970991136197,-0.00016116035455278067
68213,43.1557192619877,0.9983883964544722,560,681,1241,0.0,-0.0008333472224535399,0.999435938759067,-0.00016116035455278067
68214,43.154885914765245,0.9991941982272361,560,681,1241,0.0008058017727639033,-0.0008333472224535399,0.9993553585817907,-8.058017727639034e-05
68215,43.15405256754279,1.0,560,681,1241,0.0008058017727639033,-0.0008333472224535399,0.9993553585817907,0.0
68216,43.15321922032034,1.0,560,681,1241,0.0,-0.0008333472224535399,0.9993553585817907,0.0
68217,43.152385873097884,1.0,560,681,1241,0.0,-0.0008333472224535399,0.9993553585817907,0.0
68218,43.15155252587543,1.0,560,681,1241,0.0,-0.0008333472224535399,0.9993553585817907,0.0
68219,43.15071917865298,1.0,560,681,1241,0.0,-0.0008333472224535399,0.9993553585817907,0.0
68220,43.149885831430524,1.0,560,681,1241,0.0,-0.0008333472224535399,0.999435938759067,8.058017727639034e-05
68221,43.14905248420807,1.0,560,681,1241,0.0,-0.0008333472224535399,0.9995970991136197,0.00016116035455278067
68222,43.14821913698562,1.0,560,681,1241,0.0,-0.0008333472224535399,0.9997582594681724,0.00016116035455278067
68223,43.14738578976316,1.0,560,681,1241,0.0,-0.0008333472224535399,0.999919419822725,0.00016116035455278067
68224,43.14655244254071,1.0,560,681,1241,0.0,-0.0008333472224535399,1.0000000000000013,8.058017727639034e-05
68225,43.145719095318256,1.0,560,681,1241,0.0,-0.0008333472224535399,1.0000000000000013,0.0
68226,43.1448857480958,1.0,560,681,1241,0.0,-0.0008333472224535399,1.0000000000000013,0.0
68227,43.14405240087335,1.0,560,681,1241,0.0,-0.0008333472224535399,1.0000000000000013,0.0
68228,43.143219053650895,1.0,560,681,1241,0.0,-0.0008333472224535399,1.0000000000000013,0.0
68229,43.14238570642844,1.0,560,681,1241,0.0,-0.0008333472224535399,1.0000000000000013,0.0
68230,43.14155235920599,1.0,560,681,1241,0.0,-0.0008333472224535399,1.0000000000000013,0.0
68231,43.140719011983535,1.0,560,681,1241,0.0,-0.0008333472224535399,1.0000000000000013,0.0
68232,43.13988566476108,1.0,560,681,1241,0.0,-0.0008333472224535399,1.0000000000000013,0.0
68233,43.13905231753863,1.0,560,681,1241,0.0,-0.0008333472224535399,1.0000000000000013,0.0
68234,43.138218970316174,0.9991941982272361,560,681,1241,-0.0008058017727639033,-0.0008333472224535399,0.999919419822725,-8.058017727639034e-05
68235,43.13738562309372,0.9991941982272361,560,681,1241,0.0,-0.0008333472224535399,0.9998388396454487,-8.058017727639034e-05
68236,43.13655227587127,0.9991941982272361,560,681,1241,0.0,-0.0008333472224535399,0.9997582594681724,-8.058017727639034e-05
68237,43.135718928648814,0.9991941982272361,560,681,1241,0.0,-0.0008333472224535399,0.999677679290896,-8.058017727639034e-05
68238,43.13488558142636,1.0,560,681,1241,0.0008058017727639033,-0.0008333472224535399,0.999677679290896,0.0
68239,43.13405223420391,1.0,560,681,1241,0.0,-0.0008333472224535399,0.999677679290896,0.0
68240,43.13321888698145,1.0,560,681,1241,0.0,-0.0008333472224535399,0.999677679290896,0.0
68241,43.132385539759,1.0,560,681,1241,0.0,-0.0008333472224535399,0.999677679290896,0.0
68242,43.131552192536546,1.0,560,681,1241,0.0,-0.0008333472224535399,0.999677679290896,0.0
68243,43.130718845314085,1.0,560,681,1241,0.0,-0.0008333472224606453,0.999677679290896,0.0
68244,43.12988549809163,1.0,560,681,1241,0.0,-0.0008333472224535399,0.9997582594681724,8.058017727639034e-05
68245,43.12905215086918,1.0,560,681,1241,0.0,-0.0008333472224535399,0.9998388396454487,8.058017727639034e-05
68246,43.128218803646725,1.0,560,681,1241,0.0,-0.0008333472224535399,0.999919419822725,8.058017727639034e-05
68247,43.12738545642427,1.0,560,681,1241,0.0,-0.0008333472224535399,1.0000000000000013,8.058017727639034e-05
68248,43.12655210920182,1.0,560,681,1241,0.0,-0.0008333472224535399,1.0000000000000013,0.0
68249,43.125718761979364,1.0,560,681,1241,0.0,-0.0008333472224535399,1.0000000000000013,0.0
68250,43.12488541475691,1.0,560,681,1241,0.0,-0.0008333472224535399,1.0000000000000013,0.0
68251,43.12405206753446,0.9991941982272361,560,681,1241,-0.0008058017727639033,-0.0008333472224535399,0.999919419822725,-8.058017727639034e-05
68252,43.123218720312,0.9991941982272361,560,681,1241,0.0,-0.0008333472224535399,0.9998388396454487,-8.058017727639034e-05
68253,43.12238537308955,0.9983883964544722,560,681,1241,-0.0008058017727639033,-0.0008333472224535399,0.999677679290896,-0.00016116035455278067
68254,43.121552025867096,0.9983883964544722,560,681,1241,0.0,-0.0008333472224535399,0.9995165189363433,-0.00016116035455278067
68255,43.12071867864464,0.9991941982272361,560,681,1241,0.0008058017727639033,-0.0008333472224535399,0.999435938759067,-8.058017727639034e-05
68256,43.11988533142219,0.9991941982272361,560,681,1241,0.0,-0.0008333472224535399,0.9993553585817907,-8.058017727639034e-05
68257,43.119051984199736,1.0,560,681,1241,0.0008058017727639033,-0.0008333472224535399,0.9993553585817907,0.0
68258,43.11821863697728,1.0,560,681,1241,0.0,-0.0008333472224535399,0.9993553585817907,0.0
68259,43.11738528975483,0.9991941982272361,560,681,1241,-0.0008058017727639033,-0.0008333472224535399,0.9992747784045143,-8.058017727639034e-05
68260,43.116551942532375,0.9983883964544722,560,681,1241,-0.0008058017727639033,-0.0008333472224535399,0.9991136180499616,-0.00016116035455278067
68261,43.11571859530992,0.9983883964544722,560,681,1241,0.0,-0.0008333472224535399,0.9990330378726853,-8.058017727639034e-05
68262,43.11488524808747,0.9991941982272361,560,681,1241,0.0008058017727639033,-0.0008333472224535399,0.9990330378726853,0.0
68263,43.114051900865014,0.9991941982272361,560,681,1241,0.0,-0.0008333472224535399,0.9991136180499616,8.058017727639034e-05
68264,43.11321855364256,0.9991941982272361,560,681,1241,0.0,-0.0008333472224535399,0.999194198227238,8.058017727639034e-05
68265,43.11238520642011,1.0,560,681,1241,0.0008058017727639033,-0.0008333472224535399,0.9992747784045143,8.058017727639034e-05
68266,43.111551859197654,1.0,560,681,1241,0.0,-0.0008333472224535399,0.9993553585817907,8.058017727639034e-05
68267,43.1107185119752,1.0,560,681,1241,0.0,-0.0008333472224535399,0.9993553585817907,0.0
68268,43.10988516475275,1.0,560,681,1241,0.0,-0.0008333472224535399,0.9993553585817907,0.0
68269,43.10905181753029,1.0,560,681,1241,0.0,-0.0008333472224535399,0.999435938759067,8.058017727639034e-05
68270,43.10821847030784,1.0,560,681,1241,0.0,-0.0008333472224535399,0.9995970991136197,0.00016116035455278067
68271,43.107385123085386,1.0,560,681,1241,0.0,-0.0008333472224535399,0.9997582594681724,0.00016116035455278067
68272,43.10655177586293,1.0,560,681,1241,0.0,-0.0008333472224535399,0.9998388396454487,8.058017727639034e-05
68273,43.10571842864048,1.0,560,681,1241,0.0,-0.0008333472224535399,0.999919419822725,8.058017727639034e-05
68274,43.104885081418026,1.0,560,681,1241,0.0,-0.0008333472224535399,1.0000000000000013,8.058017727639034e-05
68275,43.10405173419557,1.0,560,681,1241,0.0,-0.0008333472224535399,1.0000000000000013,0.0
68276,43.10321838697312,1.0,560,681,1241,0.0,-0.0008333472224535399,1.0000000000000013,0.0
68277,43.102385039750665,1.0,560,681,1241,0.0,-0.0008333472224535399,1.0000000000000013,0.0
68278,43.10155169252821,1.0,560,681,1241,0.0,-0.0008333472224535399,1.0000000000000013,0.0
68279,43.10071834530576,1.0,560,681,1241,0.0,-0.0008333472224535399,1.0000000000000013,0.0
68280,43.0998849980833,1.0,560,681,1241,0.0,-0.0008333472224606453,1.0000000000000013,0.0
68281,43.099051650860844,1.0,560,681,1241,0.0,-0.0008333472224535399,1.0000000000000013,0.0
68282,43.09821830363839,1.0,560,681,1241,0.0,-0.0008333472224535399,1.0000000000000013,0.0
68283,43.09738495641594,0.9991941982272361,560,681,1241,-0.0008058017727639033,-0.0008333472224535399,0.999919419822725,-8.058017727639034e-05
68284,43.09655160919348,0.9991941982272361,560,681,1241,0.0,-0.0008333472224535399,0.9998388396454487,-8.058017727639034e-05
68285,43.09571826197103,0.9991941982272361,560,681,1241,0.0,-0.0008333472224535399,0.9997582594681724,-8.058017727639034e-05
68286,43.094884914748576,1.0,560,681,1241,0.0008058017727639033,-0.0008333472224535399,0.9997582594681724,0.0
68287,43.09405156752612,1.0,560,681,1241,0.0,-0.0008333472224535399,0.9997582594681724,0.0
68288,43.09321822030367,1.0,560,681,1241,0.0,-0.0008333472224535399,0.9997582594681724,0.0
68289,43.092384873081215,1.0,560,681,1241,0.0,-0.0008333472224535399,0.9997582594681724,0.0
68290,43.09155152585876,1.0,560,681,1241,0.0,-0.0008333472224535399,0.9997582594681724,0.0
68291,43.09071817863631,1.0,560,681,1241,0.0,-0.0008333472224535399,0.9997582594681724,0.0
68292,43.089884831413855,1.0,560,681,1241,0.0,-0.0008333472224535399,0.9997582594681724,0.0
68293,43.0890514841914,1.0,560,681,1241,0.0,-0.0008333472224535399,0.9998388396454487,8.058017727639034e-05
68294,43.08821813696895,1.0,560,681,1241,0.0,-0.0008333472224535399,0.999919419822725,8.058017727639034e-05
68295,43.087384789746494,1.0,560,681,1241,0.0,-0.0008333472224535399,1.0000000000000013,8.058017727639034e-05
68296,43.08655144252404,1.0,560,681,1241,0.0,-0.0008333472224535399,1.0000000000000013,0.0
68297,43.08571809530159,1.0,560,681,1241,0.0,-0.0008333472224535399,1.0000000000000013,0.0
68298,43.08488474807913,1.0,560,681,1241,0.0,-0.0008333472224535399,1.0000000000000013,0.0
68299,43.08405140085668,1.0,560,681,1241,0.0,-0.0008333472224535399,1.0000000000000013,0.0
68300,43.083218053634226,1.0,560,681,1241,0.0,-0.0008333472224535399,1.0000000000000013,0.0
68301,43.08238470641177,1.0,560,681,1241,0.0,-0.0008333472224535399,1.0000000000000013,0.0
68302,43.08155135918932,1.0,560,681,1241,0.0,-0.0008333472224535399,1.0000000000000013,0.0
68303,43.080718011966866,1.0,560,681,1241,0.0,-0.0008333472224535399,1.0000000000000013,0.0
68304,43.07988466474441,1.0,560,681,1241,0.0,-0.0008333472224535399,1.0000000000000013,0.0
68305,43.07905131752196,1.0,560,681,1241,0.0,-0.0008333472224535399,1.0000000000000013,0.0
68306,43.078217970299505,1.0,560,681,1241,0.0,-0.0008333472224535399,1.0000000000000013,0.0
68307,43.07738462307705,1.0,560,681,1241,0.0,-0.0008333472224535399,1.0000000000000013,0.0
68308,43.0765512758546,1.0,560,681,1241,0.0,-0.0008333472224535399,1.0000000000000013,0.0
68309,43.075717928632145,1.0,560,681,1241,0.0,-0.0008333472224535399,1.0000000000000013,0.0
68310,43.07488458140969,1.0,560,681,1241,0.0,-0.0008333472224535399,1.0000000000000013,0.0
68311,43.07405123418724,1.0,560,681,1241,0.0,-0.0008333472224535399,1.0000000000000013,0.0
68312,43.073217886964784,1.0,560,681,1241,0.0,-0.0008333472224535399,1.0000000000000013,0.0
68313,43.07238453974233,1.0,560,681,1241,0.0,-0.0008333472224535399,1.0000000000000013,0.0
68314,43.07155119251988,0.9991941982272361,560,681,1241,-0.0008058017727639033,-0.0008333472224535399,0.999919419822725,-8.058017727639034e-05
68315,43.07071784529742,0.9991941982272361,560,681,1241,0.0,-0.0008333472224535399,0.9998388396454487,-8.058017727639034e-05
68316,43.06988449807497,0.9991941982272361,560,681,1241,0.0,-0.0008333472224535399,0.9997582594681724,-8.058017727639034e-05
68317,43.069051150852516,0.9991941982272361,560,681,1241,0.0,-0.0008333472224535399,0.999677679290896,-8.058017727639034e-05
68318,43.06821780363006,0.9991941982272361,560,681,1241,0.0,-0.0008333472224535399,0.9995970991136197,-8.058017727639034e-05
68319,43.06738445640761,0.9991941982272361,560,681,1241,0.0,-0.0008333472224535399,0.9995165189363433,-8.058017727639034e-05
68320,43.066551109185156,0.9991941982272361,560,681,1241,0.0,-0.0008333472224535399,0.999435938759067,-8.058017727639034e-05
68321,43.0657177619627,0.9991941982272361,560,681,1241,0.0,-0.0008333472224535399,0.9993553585817907,-8.058017727639034e-05
68322,43.06488441474025,0.9991941982272361,560,681,1241,0.0,-0.0008333472224535399,0.9992747784045143,-8.058017727639034e-05
68323,43.064051067517795,0.9991941982272361,560,681,1241,0.0,-0.0008333472224535399,0.999194198227238,-8.058017727639034e-05
68324,43.06321772029534,0.9991941982272361,560,681,1241,0.0,-0.0008333472224535399,0.999194198227238,0.0
68325,43.06238437307289,1.0,560,681,1241,0.0008058017727639033,-0.0008333472224535399,0.9992747784045143,8.058017727639034e-05
68326,43.061551025850434,1.0,560,681,1241,0.0,-0.0008333472224535399,0.9993553585817907,8.058017727639034e-05
68327,43.06071767862798,1.0,560,681,1241,0.0,-0.0008333472224535399,0.999435938759067,8.058017727639034e-05
68328,43.05988433140552,1.0,560,681,1241,0.0,-0.0008333472224606453,0.9995165189363433,8.058017727639034e-05
68329,43.05905098418307,0.9991941982272361,560,681,1241,-0.0008058017727639033,-0.0008333472224535399,0.9995165189363433,0.0
68330,43.05821763696061,0.9991941982272361,560,681,1241,0.0,-0.0008333472224535399,0.9995165189363433,0.0
68331,43.05738428973816,0.9991941982272361,560,681,1241,0.0,-0.0008333472224535399,0.9995165189363433,0.0
68332,43.056550942515706,0.9991941982272361,560,681,1241,0.0,-0.0008333472224535399,0.9995165189363433,0.0
68333,43.05571759529325,1.0,560,681,1241,0.0008058017727639033,-0.0008333472224535399,0.9995970991136197,8.058017727639034e-05
68334,43.0548842480708,1.0,560,681,1241,0.0,-0.0008333472224535399,0.999677679290896,8.058017727639034e-05
68335,43.054050900848345,1.0,560,681,1241,0.0,-0.0008333472224535399,0.999677679290896,0.0
68336,43.05321755362589,1.0,560,681,1241,0.0,-0.0008333472224535399,0.999677679290896,0.0
68337,43.05238420640344,1.0,560,681,1241,0.0,-0.0008333472224535399,0.999677679290896,0.0
68338,43.051550859180985,1.0,560,681,1241,0.0,-0.0008333472224535399,0.999677679290896,0.0
68339,43.05071751195853,1.0,560,681,1241,0.0,-0.0008333472224535399,0.9997582594681724,8.058017727639034e-05
68340,43.04988416473608,1.0,560,681,1241,0.0,-0.0008333472224535399,0.9998388396454487,8.058017727639034e-05
68341,43.049050817513624,1.0,560,681,1241,0.0,-0.0008333472224535399,0.999919419822725,8.058017727639034e-05
68342,43.04821747029117,1.0,560,681,1241,0.0,-0.0008333472224535399,1.0000000000000013,8.058017727639034e-05
68343,43.04738412306872,1.0,560,681,1241,0.0,-0.0008333472224535399,1.0000000000000013,0.0
68344,43.04655077584626,1.0,560,681,1241,0.0,-0.0008333472224535399,1.0000000000000013,0.0
68345,43.04571742862381,1.0,560,681,1241,0.0,-0.0008333472224535399,1.0000000000000013,0.0
68346,43.04488408140136,1.0,560,681,1241,0.0,-0.0008333472224535399,1.0000000000000013,0.0
68347,43.0440507341789,1.0,560,681,1241,0.0,-0.0008333472224535399,1.0000000000000013,0.0
68348,43.04321738695645,1.0,560,681,1241,0.0,-0.0008333472224535399,1.0000000000000013,0.0
68349,43.042384039733996,1.0,560,681,1241,0.0,-0.0008333472224535399,1.0000000000000013,0.0
68350,43.04155069251154,1.0,560,681,1241,0.0,-0.0008333472224535399,1.0000000000000013,0.0
68351,43.04071734528909,1.0,560,681,1241,0.0,-0.0008333472224535399,1.0000000000000013,0.0
68352,43.039883998066635,1.0,560,681,1241,0.0,-0.0008333472224535399,1.0000000000000013,0.0
68353,43.03905065084418,1.0,560,681,1241,0.0,-0.0008333472224535399,1.0000000000000013,0.0
68354,43.03821730362173,1.0,560,681,1241,0.0,-0.0008333472224535399,1.0000000000000013,0.0
68355,43.037383956399275,1.0,560,681,1241,0.0,-0.0008333472224535399,1.0000000000000013,0.0
68356,43.03655060917682,0.9991941982272361,560,681,1241,-0.0008058017727639033,-0.0008333472224535399,0.999919419822725,-8.058017727639034e-05
68357,43.03571726195437,0.9991941982272361,560,681,1241,0.0,-0.0008333472224535399,0.9998388396454487,-8.058017727639034e-05
68358,43.034883914731914,0.9991941982272361,560,681,1241,0.0,-0.0008333472224535399,0.9997582594681724,-8.058017727639034e-05
68359,43.03405056750946,0.9991941982272361,560,681,1241,0.0,-0.0008333472224535399,0.999677679290896,-8.058017727639034e-05
68360,43.03321722028701,1.0,560,681,1241,0.0008058017727639033,-0.0008333472224535399,0.999677679290896,0.0
68361,43.03238387306455,1.0,560,681,1241,0.0,-0.0008333472224535399,0.999677679290896,0.0
68362,43.0315505258421,1.0,560,681,1241,0.0,-0.0008333472224535399,0.999677679290896,0.0
68363,43.030717178619646,1.0,560,681,1241,0.0,-0.0008333472224535399,0.999677679290896,0.0
68364,43.02988383139719,1.0,560,681,1241,0.0,-0.0008333472224535399,0.999677679290896,0.0
68365,43.02905048417473,0.9991941982272361,560,681,1241,-0.0008058017727639033,-0.0008333472224606453,0.9995970991136197,-8.058017727639034e-05
68366,43.02821713695228,0.9991941982272361,560,681,1241,0.0,-0.0008333472224535399,0.9995970991136197,0.0
68367,43.027383789729825,0.9991941982272361,560,681,1241,0.0,-0.0008333472224535399,0.9995970991136197,0.0
68368,43.02655044250737,0.9991941982272361,560,681,1241,0.0,-0.0008333472224535399,0.9995970991136197,0.0
68369,43.02571709528492,0.9991941982272361,560,681,1241,0.0,-0.0008333472224535399,0.9995970991136197,0.0
68370,43.024883748062464,0.9991941982272361,560,681,1241,0.0,-0.0008333472224535399,0.9995165189363433,-8.058017727639034e-05
68371,43.02405040084001,0.9991941982272361,560,681,1241,0.0,-0.0008333472224535399,0.999435938759067,-8.058017727639034e-05
68372,43.02321705361756,1.0,560,681,1241,0.0008058017727639033,-0.0008333472224535399,0.999435938759067,0.0
68373,43.022383706395104,1.0,560,681,1241,0.0,-0.0008333472224535399,0.999435938759067,0.0
68374,43.02155035917265,1.0,560,681,1241,0.0,-0.0008333472224535399,0.999435938759067,0.0
68375,43.0207170119502,1.0,560,681,1241,0.0,-0.0008333472224535399,0.9995165189363433,8.058017727639034e-05
68376,43.01988366472774,1.0,560,681,1241,0.0,-0.0008333472224535399,0.9995970991136197,8.058017727639034e-05
68377,43.01905031750529,1.0,560,681,1241,0.0,-0.0008333472224535399,0.999677679290896,8.058017727639034e-05
68378,43.018216970282836,1.0,560,681,1241,0.0,-0.0008333472224535399,0.9997582594681724,8.058017727639034e-05
68379,43.01738362306038,1.0,560,681,1241,0.0,-0.0008333472224535399,0.9998388396454487,8.058017727639034e-05
68380,43.01655027583793,1.0,560,681,1241,0.0,-0.0008333472224535399,0.999919419822725,8.058017727639034e-05
68381,43.015716928615475,1.0,560,681,1241,0.0,-0.0008333472224535399,1.0000000000000013,8.058017727639034e-05
68382,43.01488358139302,1.0,560,681,1241,0.0,-0.0008333472224535399,1.0000000000000013,0.0
68383,43.01405023417057,1.0,560,681,1241,0.0,-0.0008333472224535399,1.0000000000000013,0.0
68384,43.013216886948115,1.0,560,681,1241,0.0,-0.0008333472224535399,1.0000000000000013,0.0
68385,43.01238353972566,1.0,560,681,1241,0.0,-0.0008333472224535399,1.0000000000000013,0.0
68386,43.01155019250321,1.0,560,681,1241,0.0,-0.0008333472224535399,1.0000000000000013,0.0
68387,43.010716845280754,1.0,560,681,1241,0.0,-0.0008333472224535399,1.0000000000000013,0.0
68388,43.0098834980583,1.0,560,681,1241,0.0,-0.0008333472224535399,1.0000000000000013,0.0
68389,43.00905015083585,1.0,560,681,1241,0.0,-0.0008333472224535399,1.0000000000000013,0.0
68390,43.008216803613394,1.0,560,681,1241,0.0,-0.0008333472224535399,1.0000000000000013,0.0
68391,43.00738345639094,1.0,560,681,1241,0.0,-0.0008333472224535399,1.0000000000000013,0.0
68392,43.00655010916849,1.0,560,681,1241,0.0,-0.0008333472224535399,1.0000000000000013,0.0
68393,43.00571676194603,1.0,560,681,1241,0.0,-0.0008333472224535399,1.0000000000000013,0.0
68394,43.00488341472358,1.0,560,681,1241,0.0,-0.0008333472224535399,1.0000000000000013,0.0
68395,43.004050067501126,1.0,560,681,1241,0.0,-0.0008333472224535399,1.0000000000000013,0.0
68396,43.00321672027867,1.0,560,681,1241,0.0,-0.0008333472224535399,1.0000000000000013,0.0
68397,43.00238337305622,1.0,560,681,1241,0.0,-0.0008333472224535399,1.0000000000000013,0.0
68398,43.001550025833765,1.0,560,681,1241,0.0,-0.0008333472224535399,1.0000000000000013,0.0
68399,43.00071667861131,1.0,560,681,1241,0.0,-0.0008333472224535399,1.0000000000000013,0.0
68400,42.99988333138886,1.0,560,681,1241,0.0,-0.0008333472224535399,1.0000000000000013,0.0
68401,42.999049984166405,1.0,560,681,1241,0.0,-0.0008333472224535399,1.0000000000000013,0.0
68402,42.99821663694395,1.0,560,681,1241,0.0,-0.0008333472224535399,1.0000000000000013,0.0
68403,42.9973832897215,1.0,560,681,1241,0.0,-0.0008333472224535399,1.0000000000000013,0.0
68404,42.996549942499044,1.0,560,681,1241,0.0,-0.0008333472224535399,1.0000000000000013,0.0
68405,42.99571659527659,1.0,560,681,1241,0.0,-0.0008333472224535399,1.0000000000000013,0.0
68406,42.99488324805414,1.0,560,681,1241,0.0,-0.0008333472224535399,1.0000000000000013,0.0
68407,42.99404990083168,0.9991941982272361,560,681,1241,-0.0008058017727639033,-0.0008333472224535399,0.999919419822725,-8.058017727639034e-05
68408,42.99321655360923,0.9991941982272361,560,681,1241,0.0,-0.0008333472224535399,0.9998388396454487,-8.058017727639034e-05
68409,42.992383206386776,0.9991941982272361,560,681,1241,0.0,-0.0008333472224535399,0.9997582594681724,-8.058017727639034e-05
68410,42.99154985916432,0.9991941982272361,560,681,1241,0.0,-0.0008333472224535399,0.999677679290896,-8.058017727639034e-05
68411,42.99071651194187,0.9991941982272361,560,681,1241,0.0,-0.0008333472224535399,0.9995970991136197,-8.058017727639034e-05
68412,42.98988316471941,0.9991941982272361,560,681,1241,0.0,-0.0008333472224606453,0.9995165189363433,-8.058017727639034e-05
68413,42.989049817496955,0.9991941982272361,560,681,1241,0.0,-0.0008333472224535399,0.999435938759067,-8.058017727639034e-05
68414,42.9882164702745,0.9991941982272361,560,681,1241,0.0,-0.0008333472224535399,0.9993553585817907,-8.058017727639034e-05
68415,42.98738312305205,0.9991941982272361,560,681,1241,0.0,-0.0008333472224535399,0.9992747784045143,-8.058017727639034e-05
68416,42.986549775829594,1.0,560,681,1241,0.0008058017727639033,-0.0008333472224535399,0.9992747784045143,0.0
68417,42.98571642860714,1.0,560,681,1241,0.0,-0.0008333472224535399,0.9993553585817907,8.058017727639034e-05
68418,42.98488308138469,0.9991941982272361,560,681,1241,-0.0008058017727639033,-0.0008333472224535399,0.9993553585817907,0.0
68419,42.984049734162234,0.9991941982272361,560,681,1241,0.0,-0.0008333472224535399,0.9993553585817907,0.0
68420,42.98321638693978,1.0,560,681,1241,0.0008058017727639033,-0.0008333472224535399,0.999435938759067,8.058017727639034e-05
68421,42.98238303971733,0.9991941982272361,560,681,1241,-0.0008058017727639033,-0.0008333472224535399,0.999435938759067,0.0
68422,42.98154969249487,1.0,560,681,1241,0.0008058017727639033,-0.0008333472224535399,0.9995165189363433,8.058017727639034e-05
68423,42.98071634527242,1.0,560,681,1241,0.0,-0.0008333472224535399,0.9995970991136197,8.058017727639034e-05
68424,42.979882998049966,1.0,560,681,1241,0.0,-0.0008333472224535399,0.999677679290896,8.058017727639034e-05
68425,42.97904965082751,0.9991941982272361,560,681,1241,-0.0008058017727639033,-0.0008333472224535399,0.999677679290896,0.0
68426,42.97821630360506,1.0,560,681,1241,0.0008058017727639033,-0.0008333472224535399,0.999677679290896,0.0
68427,42.977382956382606,1.0,560,681,1241,0.0,-0.0008333472224535399,0.999677679290896,0.0
68428,42.97654960916015,1.0,560,681,1241,0.0,-0.0008333472224535399,0.9997582594681724,8.058017727639034e-05
68429,42.9757162619377,1.0,560,681,1241,0.0,-0.0008333472224535399,0.9998388396454487,8.058017727639034e-05
68430,42.974882914715245,1.0,560,681,1241,0.0,-0.0008333472224535399,0.9998388396454487,0.0
68431,42.97404956749279,1.0,560,681,1241,0.0,-0.0008333472224535399,0.999919419822725,8.058017727639034e-05
68432,42.97321622027034,1.0,560,681,1241,0.0,-0.0008333472224535399,0.999919419822725,0.0
68433,42.972382873047884,1.0,560,681,1241,0.0,-0.0008333472224535399,0.999919419822725,0.0
68434,42.97154952582543,1.0,560,681,1241,0.0,-0.0008333472224535399,0.999919419822725,0.0
68435,42.97071617860298,1.0,560,681,1241,0.0,-0.0008333472224535399,1.0000000000000013,8.058017727639034e-05
68436,42.969882831380524,1.0,560,681,1241,0.0,-0.0008333472224535399,1.0000000000000013,0.0
68437,42.96904948415807,1.0,560,681,1241,0.0,-0.0008333472224535399,1.0000000000000013,0.0
68438,42.96821613693562,1.0,560,681,1241,0.0,-0.0008333472224535399,1.0000000000000013,0.0
68439,42.96738278971316,1.0,560,681,1241,0.0,-0.0008333472224535399,1.0000000000000013,0.0
68440,42.96654944249071,1.0,560,681,1241,0.0,-0.0008333472224535399,1.0000000000000013,0.0
68441,42.965716095268256,1.0,560,681,1241,0.0,-0.0008333472224535399,1.0000000000000013,0.0
68442,42.9648827480458,1.0,560,681,1241,0.0,-0.0008333472224535399,1.0000000000000013,0.0
68443,42.96404940082335,1.0,560,681,1241,0.0,-0.0008333472224535399,1.0000000000000013,0.0
68444,42.963216053600895,1.0,560,681,1241,0.0,-0.0008333472224535399,1.0000000000000013,0.0
68445,42.96238270637844,1.0,560,681,1241,0.0,-0.0008333472224535399,1.0000000000000013,0.0
68446,42.96154935915599,1.0,560,681,1241,0.0,-0.0008333472224535399,1.0000000000000013,0.0
68447,42.960716011933535,1.0,560,681,1241,0.0,-0.0008333472224535399,1.0000000000000013,0.0
68448,42.95988266471108,1.0,560,681,1241,0.0,-0.0008333472224535399,1.0000000000000013,0.0
68449,42.95904931748862,1.0,560,681,1241,0.0,-0.0008333472224606453,1.0000000000000013,0.0
68450,42.95821597026617,1.0,560,681,1241,0.0,-0.0008333472224535399,1.0000000000000013,0.0
68451,42.95738262304371,1.0,560,681,1241,0.0,-0.0008333472224535399,1.0000000000000013,0.0
68452,42.95654927582126,1.0,560,681,1241,0.0,-0.0008333472224535399,1.0000000000000013,0.0
68453,42.955715928598806,1.0,560,681,1241,0.0,-0.0008333472224535399,1.0000000000000013,0.0
68454,42.95488258137635,1.0,560,681,1241,0.0,-0.0008333472224535399,1.0000000000000013,0.0
68455,42.9540492341539,1.0,560,681,1241,0.0,-0.0008333472224535399,1.0000000000000013,0.0
68456,42.953215886931446,1.0,560,681,1241,0.0,-0.0008333472224535399,1.0000000000000013,0.0
68457,42.95238253970899,1.0,560,681,1241,0.0,-0.0008333472224535399,1.0000000000000013,0.0
68458,42.95154919248654,1.0,560,681,1241,0.0,-0.0008333472224535399,1.0000000000000013,0.0
68459,42.950715845264085,0.9991941982272361,560,681,1241,-0.0008058017727639033,-0.0008333472224535399,0.999919419822725,-8.058017727639034e-05
68460,42.94988249804163,1.0,560,681,1241,0.0008058017727639033,-0.0008333472224535399,0.999919419822725,0.0
68461,42.94904915081918,1.0,560,681,1241,0.0,-0.0008333472224535399,0.999919419822725,0.0
68462,42.948215803596725,1.0,560,681,1241,0.0,-0.0008333472224535399,0.999919419822725,0.0
68463,42.94738245637427,1.0,560,681,1241,0.0,-0.0008333472224535399,0.999919419822725,0.0
68464,42.94654910915182,1.0,560,681,1241,0.0,-0.0008333472224535399,0.999919419822725,0.0
68465,42.945715761929364,1.0,560,681,1241,0.0,-0.0008333472224535399,0.999919419822725,0.0
68466,42.94488241470691,1.0,560,681,1241,0.0,-0.0008333472224535399,0.999919419822725,0.0
68467,42.94404906748446,1.0,560,681,1241,0.0,-0.0008333472224535399,0.999919419822725,0.0
68468,42.943215720262,1.0,560,681,1241,0.0,-0.0008333472224535399,0.999919419822725,0.0
68469,42.94238237303955,1.0,560,681,1241,0.0,-0.0008333472224535399,1.0000000000000013,8.058017727639034e-05
68470,42.941549025817096,1.0,560,681,1241,0.0,-0.0008333472224535399,1.0000000000000013,0.0
68471,42.94071567859464,1.0,560,681,1241,0.0,-0.0008333472224535399,1.0000000000000013,0.0
68472,42.93988233137219,1.0,560,681,1241,0.0,-0.0008333472224535399,1.0000000000000013,0.0
68473,42.939048984149736,1.0,560,681,1241,0.0,-0.0008333472224535399,1.0000000000000013,0.0
68474,42.93821563692728,1.0,560,681,1241,0.0,-0.0008333472224535399,1.0000000000000013,0.0
68475,42.93738228970483,1.0,560,681,1241,0.0,-0.0008333472224535399,1.0000000000000013,0.0
68476,42.936548942482375,0.9991941982272361,560,681,1241,-0.0008058017727639033,-0.0008333472224535399,0.999919419822725,-8.058017727639034e-05
68477,42.93571559525992,0.9991941982272361,560,681,1241,0.0,-0.0008333472224535399,0.9998388396454487,-8.058017727639034e-05
68478,42.93488224803747,0.9991941982272361,560,681,1241,0.0,-0.0008333472224535399,0.9997582594681724,-8.058017727639034e-05
68479,42.934048900815014,1.0,560,681,1241,0.0008058017727639033,-0.0008333472224535399,0.9997582594681724,0.0
68480,42.93321555359256,1.0,560,681,1241,0.0,-0.0008333472224535399,0.9997582594681724,0.0
68481,42.93238220637011,1.0,560,681,1241,0.0,-0.0008333472224535399,0.9997582594681724,0.0
68482,42.931548859147654,1.0,560,681,1241,0.0,-0.0008333472224535399,0.9997582594681724,0.0
68483,42.9307155119252,1.0,560,681,1241,0.0,-0.0008333472224535399,0.9997582594681724,0.0
68484,42.92988216470275,1.0,560,681,1241,0.0,-0.0008333472224535399,0.9997582594681724,0.0
68485,42.92904881748029,1.0,560,681,1241,0.0,-0.0008333472224535399,0.9997582594681724,0.0
68486,42.92821547025784,1.0,560,681,1241,0.0,-0.0008333472224535399,0.9998388396454487,8.058017727639034e-05
68487,42.927382123035386,1.0,560,681,1241,0.0,-0.0008333472224535399,0.999919419822725,8.058017727639034e-05
68488,42.92654877581293,1.0,560,681,1241,0.0,-0.0008333472224535399,1.0000000000000013,8.058017727639034e-05
68489,42.92571542859048,1.0,560,681,1241,0.0,-0.0008333472224535399,1.0000000000000013,0.0
68490,42.924882081368025,1.0,560,681,1241,0.0,-0.0008333472224535399,1.0000000000000013,0.0
68491,42.92404873414557,1.0,560,681,1241,0.0,-0.0008333472224535399,1.0000000000000013,0.0
68492,42.92321538692312,1.0,560,681,1241,0.0,-0.0008333472224535399,1.0000000000000013,0.0
68493,42.922382039700665,1.0,560,681,1241,0.0,-0.0008333472224535399,1.0000000000000013,0.0
68494,42.92154869247821,1.0,560,681,1241,0.0,-0.0008333472224535399,1.0000000000000013,0.0
68495,42.92071534525576,1.0,560,681,1241,0.0,-0.0008333472224535399,1.0000000000000013,0.0
68496,42.919881998033304,1.0,560,681,1241,0.0,-0.0008333472224535399,1.0000000000000013,0.0
68497,42.91904865081084,1.0,560,681,1241,0.0,-0.0008333472224606453,1.0000000000000013,0.0
68498,42.91821530358839,1.0,560,681,1241,0.0,-0.0008333472224535399,1.0000000000000013,0.0
68499,42.917381956365936,1.0,560,681,1241,0.0,-0.0008333472224535399,1.0000000000000013,0.0
68500,42.91654860914348,1.0,560,681,1241,0.0,-0.0008333472224535399,1.0000000000000013,0.0
68501,42.91571526192103,1.0,560,681,1241,0.0,-0.0008333472224535399,1.0000000000000013,0.0
68502,42.914881914698576,0.9991941982272361,560,681,1241,-0.0008058017727639033,-0.0008333472224535399,0.999919419822725,-8.058017727639034e-05
68503,42.91404856747612,0.9991941982272361,560,681,1241,0.0,-0.0008333472224535399,0.9998388396454487,-8.058017727639034e-05
68504,42.91321522025367,0.9991941982272361,560,681,1241,0.0,-0.0008333472224535399,0.9997582594681724,-8.058017727639034e-05
68505,42.912381873031215,0.9991941982272361,560,681,1241,0.0,-0.0008333472224535399,0.999677679290896,-8.058017727639034e-05
68506,42.91154852580876,0.9991941982272361,560,681,1241,0.0,-0.0008333472224535399,0.9995970991136197,-8.058017727639034e-05
68507,42.91071517858631,0.9991941982272361,560,681,1241,0.0,-0.0008333472224535399,0.9995165189363433,-8.058017727639034e-05
68508,42.909881831363855,0.9991941982272361,560,681,1241,0.0,-0.0008333472224535399,0.999435938759067,-8.058017727639034e-05
68509,42.9090484841414,1.0,560,681,1241,0.0008058017727639033,-0.0008333472224535399,0.999435938759067,0.0
68510,42.90821513691895,1.0,560,681,1241,0.0,-0.0008333472224535399,0.999435938759067,0.0
68511,42.907381789696494,1.0,560,681,1241,0.0,-0.0008333472224535399,0.999435938759067,0.0
68512,42.90654844247404,1.0,560,681,1241,0.0,-0.0008333472224535399,0.9995165189363433,8.058017727639034e-05
68513,42.90571509525159,1.0,560,681,1241,0.0,-0.0008333472224535399,0.9995970991136197,8.058017727639034e-05
68514,42.90488174802913,1.0,560,681,1241,0.0,-0.0008333472224535399,0.999677679290896,8.058017727639034e-05
68515,42.90404840080668,1.0,560,681,1241,0.0,-0.0008333472224535399,0.9997582594681724,8.058017727639034e-05
68516,42.903215053584226,1.0,560,681,1241,0.0,-0.0008333472224535399,0.9998388396454487,8.058017727639034e-05
68517,42.90238170636177,1.0,560,681,1241,0.0,-0.0008333472224535399,0.999919419822725,8.058017727639034e-05
68518,42.90154835913932,1.0,560,681,1241,0.0,-0.0008333472224535399,1.0000000000000013,8.058017727639034e-05
68519,42.900715011916866,1.0,560,681,1241,0.0,-0.0008333472224535399,1.0000000000000013,0.0
68520,42.89988166469441,1.0,560,681,1241,0.0,-0.0008333472224535399,1.0000000000000013,0.0
68521,42.89904831747196,1.0,560,681,1241,0.0,-0.0008333472224535399,1.0000000000000013,0.0
68522,42.898214970249505,1.0,560,681,1241,0.0,-0.0008333472224535399,1.0000000000000013,0.0
68523,42.89738162302705,1.0,560,681,1241,0.0,-0.0008333472224535399,1.0000000000000013,0.0
68524,42.8965482758046,1.0,560,681,1241,0.0,-0.0008333472224535399,1.0000000000000013,0.0
68525,42.895714928582144,1.0,560,681,1241,0.0,-0.0008333472224535399,1.0000000000000013,0.0
68526,42.89488158135969,1.0,560,681,1241,0.0,-0.0008333472224535399,1.0000000000000013,0.0
68527,42.89404823413724,1.0,560,681,1241,0.0,-0.0008333472224535399,1.0000000000000013,0.0
68528,42.893214886914784,1.0,560,681,1241,0.0,-0.0008333472224535399,1.0000000000000013,0.0
68529,42.89238153969233,1.0,560,681,1241,0.0,-0.0008333472224535399,1.0000000000000013,0.0
68530,42.89154819246988,1.0,560,681,1241,0.0,-0.0008333472224535399,1.0000000000000013,0.0
68531,42.89071484524742,0.9991941982272361,560,681,1241,-0.0008058017727639033,-0.0008333472224535399,0.999919419822725,-8.058017727639034e-05
68532,42.88988149802497,0.9991941982272361,560,681,1241,0.0,-0.0008333472224535399,0.9998388396454487,-8.058017727639034e-05
68533,42.889048150802516,0.9991941982272361,560,681,1241,0.0,-0.0008333472224535399,0.9997582594681724,-8.058017727639034e-05
68534,42.888214803580055,0.9991941982272361,560,681,1241,0.0,-0.0008333472224606453,0.999677679290896,-8.058017727639034e-05
68535,42.8873814563576,1.0,560,681,1241,0.0008058017727639033,-0.0008333472224535399,0.999677679290896,0.0
68536,42.88654810913515,1.0,560,681,1241,0.0,-0.0008333472224535399,0.999677679290896,0.0
68537,42.885714761912695,1.0,560,681,1241,0.0,-0.0008333472224535399,0.999677679290896,0.0
68538,42.88488141469024,1.0,560,681,1241,0.0,-0.0008333472224535399,0.999677679290896,0.0
68539,42.88404806746779,1.0,560,681,1241,0.0,-0.0008333472224535399,0.999677679290896,0.0
68540,42.883214720245334,1.0,560,681,1241,0.0,-0.0008333472224535399,0.999677679290896,0.0
68541,42.88238137302288,1.0,560,681,1241,0.0,-0.0008333472224535399,0.9997582594681724,8.058017727639034e-05
68542,42.88154802580043,1.0,560,681,1241,0.0,-0.0008333472224535399,0.9998388396454487,8.058017727639034e-05
68543,42.880714678577974,1.0,560,681,1241,0.0,-0.0008333472224535399,0.999919419822725,8.058017727639034e-05
68544,42.87988133135552,1.0,560,681,1241,0.0,-0.0008333472224535399,1.0000000000000013,8.058017727639034e-05
68545,42.87904798413307,1.0,560,681,1241,0.0,-0.0008333472224535399,1.0000000000000013,0.0
68546,42.87821463691061,1.0,560,681,1241,0.0,-0.0008333472224535399,1.0000000000000013,0.0
68547,42.87738128968816,1.0,560,681,1241,0.0,-0.0008333472224535399,1.0000000000000013,0.0
68548,42.876547942465706,1.0,560,681,1241,0.0,-0.0008333472224535399,1.0000000000000013,0.0
68549,42.87571459524325,1.0,560,681,1241,0.0,-0.0008333472224535399,1.0000000000000013,0.0
68550,42.8748812480208,1.0,560,681,1241,0.0,-0.0008333472224535399,1.0000000000000013,0.0
68551,42.874047900798345,1.0,560,681,1241,0.0,-0.0008333472224535399,1.0000000000000013,0.0
68552,42.87321455357589,1.0,560,681,1241,0.0,-0.0008333472224535399,1.0000000000000013,0.0
68553,42.87238120635344,1.0,560,681,1241,0.0,-0.0008333472224535399,1.0000000000000013,0.0
68554,42.871547859130985,1.0,560,681,1241,0.0,-0.0008333472224535399,1.0000000000000013,0.0
68555,42.87071451190853,1.0,560,681,1241,0.0,-0.0008333472224535399,1.0000000000000013,0.0
68556,42.86988116468608,1.0,560,681,1241,0.0,-0.0008333472224535399,1.0000000000000013,0.0
68557,42.869047817463624,1.0,560,681,1241,0.0,-0.0008333472224535399,1.0000000000000013,0.0
68558,42.86821447024117,1.0,560,681,1241,0.0,-0.0008333472224535399,1.0000000000000013,0.0
68559,42.86738112301872,1.0,560,681,1241,0.0,-0.0008333472224535399,1.0000000000000013,0.0
68560,42.86654777579626,1.0,560,681,1241,0.0,-0.0008333472224535399,1.0000000000000013,0.0
68561,42.86571442857381,1.0,560,681,1241,0.0,-0.0008333472224535399,1.0000000000000013,0.0
68562,42.864881081351356,1.0,560,681,1241,0.0,-0.0008333472224535399,1.0000000000000013,0.0
68563,42.8640477341289,1.0,560,681,1241,0.0,-0.0008333472224535399,1.0000000000000013,0.0
68564,42.86321438690645,1.0,560,681,1241,0.0,-0.0008333472224535399,1.0000000000000013,0.0
68565,42.862381039683996,1.0,560,681,1241,0.0,-0.0008333472224535399,1.0000000000000013,0.0
68566,42.86154769246154,1.0,560,681,1241,0.0,-0.0008333472224535399,1.0000000000000013,0.0
68567,42.86071434523909,1.0,560,681,1241,0.0,-0.0008333472224535399,1.0000000000000013,0.0
68568,42.859880998016635,1.0,560,681,1241,0.0,-0.0008333472224535399,1.0000000000000013,0.0
68569,42.85904765079418,1.0,560,681,1241,0.0,-0.0008333472224535399,1.0000000000000013,0.0
68570,42.85821430357173,1.0,560,681,1241,0.0,-0.0008333472224535399,1.0000000000000013,0.0
68571,42.857380956349274,1.0,560,681,1241,0.0,-0.0008333472224535399,1.0000000000000013,0.0
68572,42.85654760912682,1.0,560,681,1241,0.0,-0.0008333472224535399,1.0000000000000013,0.0
68573,42.85571426190437,1.0,560,681,1241,0.0,-0.0008333472224535399,1.0000000000000013,0.0
68574,42.854880914681914,1.0,560,681,1241,0.0,-0.0008333472224535399,1.0000000000000013,0.0
68575,42.85404756745946,1.0,560,681,1241,0.0,-0.0008333472224535399,1.0000000000000013,0.0
68576,42.85321422023701,1.0,560,681,1241,0.0,-0.0008333472224535399,1.0000000000000013,0.0
68577,42.85238087301455,1.0,560,681,1241,0.0,-0.0008333472224535399,1.0000000000000013,0.0
68578,42.8515475257921,1.0,560,681,1241,0.0,-0.0008333472224535399,1.0000000000000013,0.0
68579,42.850714178569646,1.0,560,681,1241,0.0,-0.0008333472224535399,1.0000000000000013,0.0
68580,42.84988083134719,0.9991941982272361,560,681,1241,-0.0008058017727639033,-0.0008333472224535399,0.999919419822725,-8.058017727639034e-05
68581,42.84904748412474,0.9991941982272361,560,681,1241,0.0,-0.0008333472224535399,0.9998388396454487,-8.058017727639034e-05
68582,42.84821413690228,0.9991941982272361,560,681,1241,0.0,-0.0008333472224606453,0.9997582594681724,-8.058017727639034e-05
68583,42.847380789679825,0.9991941982272361,560,681,1241,0.0,-0.0008333472224535399,0.999677679290896,-8.058017727639034e-05
68584,42.84654744245737,1.0,560,681,1241,0.0008058017727639033,-0.0008333472224535399,0.999677679290896,0.0
68585,42.84571409523492,1.0,560,681,1241,0.0,-0.0008333472224535399,0.999677679290896,0.0
68586,42.844880748012464,1.0,560,681,1241,0.0,-0.0008333472224535399,0.999677679290896,0.0
68587,42.84404740079001,1.0,560,681,1241,0.0,-0.0008333472224535399,0.999677679290896,0.0
68588,42.84321405356756,1.0,560,681,1241,0.0,-0.0008333472224535399,0.999677679290896,0.0
68589,42.842380706345104,1.0,560,681,1241,0.0,-0.0008333472224535399,0.999677679290896,0.0
68590,42.84154735912265,1.0,560,681,1241,0.0,-0.0008333472224535399,0.9997582594681724,8.058017727639034e-05
68591,42.8407140119002,1.0,560,681,1241,0.0,-0.0008333472224535399,0.9998388396454487,8.058017727639034e-05
68592,42.83988066467774,1.0,560,681,1241,0.0,-0.0008333472224535399,0.999919419822725,8.058017727639034e-05
68593,42.83904731745529,1.0,560,681,1241,0.0,-0.0008333472224535399,1.0000000000000013,8.058017727639034e-05
68594,42.838213970232836,1.0,560,681,1241,0.0,-0.0008333472224535399,1.0000000000000013,0.0
68595,42.83738062301038,1.0,560,681,1241,0.0,-0.0008333472224535399,1.0000000000000013,0.0
68596,42.83654727578793,0.9991941982272361,560,681,1241,-0.0008058017727639033,-0.0008333472224535399,0.999919419822725,-8.058017727639034e-05
68597,42.835713928565475,1.0,560,681,1241,0.0008058017727639033,-0.0008333472224535399,0.999919419822725,0.0
68598,42.83488058134302,1.0,560,681,1241,0.0,-0.0008333472224535399,0.999919419822725,0.0
68599,42.83404723412057,1.0,560,681,1241,0.0,-0.0008333472224535399,0.999919419822725,0.0
68600,42.833213886898115,1.0,560,681,1241,0.0,-0.0008333472224535399,0.999919419822725,0.0
68601,42.83238053967566,1.0,560,681,1241,0.0,-0.0008333472224535399,0.999919419822725,0.0
68602,42.83154719245321,1.0,560,681,1241,0.0,-0.0008333472224535399,0.999919419822725,0.0
68603,42.830713845230754,1.0,560,681,1241,0.0,-0.0008333472224535399,0.999919419822725,0.0
68604,42.8298804980083,1.0,560,681,1241,0.0,-0.0008333472224535399,0.999919419822725,0.0
68605,42.82904715078585,0.9991941982272361,560,681,1241,-0.0008058017727639033,-0.0008333472224535399,0.9998388396454487,-8.058017727639034e-05
68606,42.82821380356339,0.9991941982272361,560,681,1241,0.0,-0.0008333472224535399,0.9998388396454487,0.0
68607,42.82738045634094,1.0,560,681,1241,0.0008058017727639033,-0.0008333472224535399,0.9998388396454487,0.0
68608,42.826547109118486,1.0,560,681,1241,0.0,-0.0008333472224535399,0.9998388396454487,0.0
68609,42.82571376189603,1.0,560,681,1241,0.0,-0.0008333472224535399,0.9998388396454487,0.0
68610,42.82488041467358,1.0,560,681,1241,0.0,-0.0008333472224535399,0.9998388396454487,0.0
68611,42.824047067451126,1.0,560,681,1241,0.0,-0.0008333472224535399,0.9998388396454487,0.0
68612,42.82321372022867,1.0,560,681,1241,0.0,-0.0008333472224535399,0.9998388396454487,0.0
68613,42.82238037300622,1.0,560,681,1241,0.0,-0.0008333472224535399,0.9998388396454487,0.0
68614,42.821547025783765,1.0,560,681,1241,0.0,-0.0008333472224535399,0.9998388396454487,0.0
68615,42.82071367856131,1.0,560,681,1241,0.0,-0.0008333472224535399,0.999919419822725,8.058017727639034e-05
68616,42.81988033133886,1.0,560,681,1241,0.0,-0.0008333472224535399,1.0000000000000013,8.058017727639034e-05
68617,42.819046984116405,0.9991941982272361,560,681,1241,-0.0008058017727639033,-0.0008333472224535399,0.999919419822725,-8.058017727639034e-05
68618,42.81821363689395,0.9991941982272361,560,681,1241,0.0,-0.0008333472224535399,0.9998388396454487,-8.058017727639034e-05
68619,42.81738028967149,0.9991941982272361,560,681,1241,0.0,-0.0008333472224606453,0.9997582594681724,-8.058017727639034e-05
68620,42.81654694244904,0.9991941982272361,560,681,1241,0.0,-0.0008333472224535399,0.999677679290896,-8.058017727639034e-05
68621,42.81571359522658,0.9991941982272361,560,681,1241,0.0,-0.0008333472224535399,0.9995970991136197,-8.058017727639034e-05
68622,42.81488024800413,0.9991941982272361,560,681,1241,0.0,-0.0008333472224535399,0.9995165189363433,-8.058017727639034e-05
68623,42.814046900781676,0.9983883964544722,560,681,1241,-0.0008058017727639033,-0.0008333472224535399,0.9993553585817907,-0.00016116035455278067
68624,42.81321355355922,0.9991941982272361,560,681,1241,0.0008058017727639033,-0.0008333472224535399,0.9992747784045143,-8.058017727639034e-05
68625,42.81238020633677,1.0,560,681,1241,0.0008058017727639033,-0.0008333472224535399,0.9992747784045143,0.0
68626,42.811546859114316,0.9991941982272361,560,681,1241,-0.0008058017727639033,-0.0008333472224535399,0.999194198227238,-8.058017727639034e-05
68627,42.81071351189186,0.9991941982272361,560,681,1241,0.0,-0.0008333472224535399,0.999194198227238,0.0
68628,42.80988016466941,0.9991941982272361,560,681,1241,0.0,-0.0008333472224535399,0.999194198227238,0.0
68629,42.809046817446955,0.9991941982272361,560,681,1241,0.0,-0.0008333472224535399,0.999194198227238,0.0
68630,42.8082134702245,0.9991941982272361,560,681,1241,0.0,-0.0008333472224535399,0.999194198227238,0.0
68631,42.80738012300205,1.0,560,681,1241,0.0008058017727639033,-0.0008333472224535399,0.9992747784045143,8.058017727639034e-05
68632,42.806546775779594,1.0,560,681,1241,0.0,-0.0008333472224535399,0.9993553585817907,8.058017727639034e-05
68633,42.80571342855714,1.0,560,681,1241,0.0,-0.0008333472224535399,0.9995165189363433,0.00016116035455278067
68634,42.80488008133469,1.0,560,681,1241,0.0,-0.0008333472224535399,0.9995970991136197,8.058017727639034e-05
68635,42.804046734112234,1.0,560,681,1241,0.0,-0.0008333472224535399,0.9995970991136197,0.0
68636,42.80321338688978,1.0,560,681,1241,0.0,-0.0008333472224535399,0.999677679290896,8.058017727639034e-05
68637,42.80238003966733,1.0,560,681,1241,0.0,-0.0008333472224535399,0.9997582594681724,8.058017727639034e-05
68638,42.80154669244487,1.0,560,681,1241,0.0,-0.0008333472224535399,0.9998388396454487,8.058017727639034e-05
68639,42.80071334522242,1.0,560,681,1241,0.0,-0.0008333472224535399,0.999919419822725,8.058017727639034e-05
68640,42.799879997999966,1.0,560,681,1241,0.0,-0.0008333472224535399,1.0000000000000013,8.058017727639034e-05
68641,42.79904665077751,1.0,560,681,1241,0.0,-0.0008333472224535399,1.0000000000000013,0.0
68642,42.79821330355506,1.0,560,681,1241,0.0,-0.0008333472224535399,1.0000000000000013,0.0
68643,42.797379956332605,1.0,560,681,1241,0.0,-0.0008333472224535399,1.0000000000000013,0.0
68644,42.79654660911015,1.0,560,681,1241,0.0,-0.0008333472224535399,1.0000000000000013,0.0
68645,42.7957132618877,1.0,560,681,1241,0.0,-0.0008333472224535399,1.0000000000000013,0.0
68646,42.794879914665245,0.9991941982272361,560,681,1241,-0.0008058017727639033,-0.0008333472224535399,0.999919419822725,-8.058017727639034e-05
68647,42.79404656744279,0.9991941982272361,560,681,1241,0.0,-0.0008333472224535399,0.9998388396454487,-8.058017727639034e-05
68648,42.79321322022034,0.9991941982272361,560,681,1241,0.0,-0.0008333472224535399,0.9997582594681724,-8.058017727639034e-05
68649,42.792379872997884,1.0,560,681,1241,0.0008058017727639033,-0.0008333472224535399,0.9997582594681724,0.0
68650,42.79154652577543,1.0,560,681,1241,0.0,-0.0008333472224535399,0.9997582594681724,0.0
68651,42.79071317855298,1.0,560,681,1241,0.0,-0.0008333472224535399,0.9997582594681724,0.0
68652,42.78987983133052,1.0,560,681,1241,0.0,-0.0008333472224535399,0.9997582594681724,0.0
68653,42.78904648410807,1.0,560,681,1241,0.0,-0.0008333472224535399,0.9997582594681724,0.0
68654,42.78821313688562,1.0,560,681,1241,0.0,-0.0008333472224535399,0.9997582594681724,0.0
68655,42.78737978966316,1.0,560,681,1241,0.0,-0.0008333472224535399,0.9997582594681724,0.0
68656,42.78654644244071,1.0,560,681,1241,0.0,-0.0008333472224535399,0.9998388396454487,8.058017727639034e-05
68657,42.785713095218256,1.0,560,681,1241,0.0,-0.0008333472224535399,0.999919419822725,8.058017727639034e-05
68658,42.7848797479958,1.0,560,681,1241,0.0,-0.0008333472224535399,1.0000000000000013,8.058017727639034e-05
68659,42.78404640077335,1.0,560,681,1241,0.0,-0.0008333472224535399,1.0000000000000013,0.0
68660,42.783213053550895,1.0,560,681,1241,0.0,-0.0008333472224535399,1.0000000000000013,0.0
68661,42.78237970632844,1.0,560,681,1241,0.0,-0.0008333472224535399,1.0000000000000013,0.0
68662,42.78154635910599,1.0,560,681,1241,0.0,-0.0008333472224535399,1.0000000000000013,0.0
68663,42.780713011883535,1.0,560,681,1241,0.0,-0.0008333472224535399,1.0000000000000013,0.0
68664,42.77987966466108,1.0,560,681,1241,0.0,-0.0008333472224535399,1.0000000000000013,0.0
68665,42.77904631743863,1.0,560,681,1241,0.0,-0.0008333472224535399,1.0000000000000013,0.0
68666,42.77821297021617,1.0,560,681,1241,0.0,-0.0008333472224606453,1.0000000000000013,0.0
68667,42.77737962299371,1.0,560,681,1241,0.0,-0.0008333472224535399,1.0000000000000013,0.0
68668,42.77654627577126,1.0,560,681,1241,0.0,-0.0008333472224535399,1.0000000000000013,0.0
68669,42.775712928548806,1.0,560,681,1241,0.0,-0.0008333472224535399,1.0000000000000013,0.0
68670,42.77487958132635,1.0,560,681,1241,0.0,-0.0008333472224535399,1.0000000000000013,0.0
68671,42.7740462341039,1.0,560,681,1241,0.0,-0.0008333472224535399,1.0000000000000013,0.0
68672,42.773212886881446,1.0,560,681,1241,0.0,-0.0008333472224535399,1.0000000000000013,0.0
68673,42.77237953965899,1.0,560,681,1241,0.0,-0.0008333472224535399,1.0000000000000013,0.0
68674,42.77154619243654,1.0,560,681,1241,0.0,-0.0008333472224535399,1.0000000000000013,0.0
68675,42.770712845214085,1.0,560,681,1241,0.0,-0.0008333472224535399,1.0000000000000013,0.0
68676,42.76987949799163,1.0,560,681,1241,0.0,-0.0008333472224535399,1.0000000000000013,0.0
68677,42.76904615076918,1.0,560,681,1241,0.0,-0.0008333472224535399,1.0000000000000013,0.0
68678,42.768212803546724,1.0,560,681,1241,0.0,-0.0008333472224535399,1.0000000000000013,0.0
68679,42.76737945632427,1.0,560,681,1241,0.0,-0.0008333472224535399,1.0000000000000013,0.0
68680,42.76654610910182,1.0,560,681,1241,0.0,-0.0008333472224535399,1.0000000000000013,0.0
68681,42.765712761879364,1.0,560,681,1241,0.0,-0.0008333472224535399,1.0000000000000013,0.0
68682,42.76487941465691,1.0,560,681,1241,0.0,-0.0008333472224535399,1.0000000000000013,0.0
68683,42.76404606743446,1.0,560,681,1241,0.0,-0.0008333472224535399,1.0000000000000013,0.0
68684,42.763212720212,1.0,560,681,1241,0.0,-0.0008333472224535399,1.0000000000000013,0.0
68685,42.76237937298955,1.0,560,681,1241,0.0,-0.0008333472224535399,1.0000000000000013,0.0
68686,42.761546025767096,1.0,560,681,1241,0.0,-0.0008333472224535399,1.0000000000000013,0.0
68687,42.76071267854464,1.0,560,681,1241,0.0,-0.0008333472224535399,1.0000000000000013,0.0
68688,42.75987933132219,1.0,560,681,1241,0.0,-0.0008333472224535399,1.0000000000000013,0.0
68689,42.759045984099735,0.9991941982272361,560,681,1241,-0.0008058017727639033,-0.0008333472224535399,0.999919419822725,-8.058017727639034e-05
68690,42.75821263687728,0.9991941982272361,560,681,1241,0.0,-0.0008333472224535399,0.9998388396454487,-8.058017727639034e-05
68691,42.75737928965483,1.0,560,681,1241,0.0008058017727639033,-0.0008333472224535399,0.9998388396454487,0.0
68692,42.756545942432375,1.0,560,681,1241,0.0,-0.0008333472224535399,0.9998388396454487,0.0
68693,42.75571259520992,1.0,560,681,1241,0.0,-0.0008333472224535399,0.9998388396454487,0.0
68694,42.75487924798747,1.0,560,681,1241,0.0,-0.0008333472224535399,0.9998388396454487,0.0
68695,42.754045900765014,1.0,560,681,1241,0.0,-0.0008333472224535399,0.9998388396454487,0.0
68696,42.75321255354256,1.0,560,681,1241,0.0,-0.0008333472224535399,0.9998388396454487,0.0
68697,42.75237920632011,1.0,560,681,1241,0.0,-0.0008333472224535399,0.9998388396454487,0.0
68698,42.751545859097654,1.0,560,681,1241,0.0,-0.0008333472224535399,0.9998388396454487,0.0
68699,42.7507125118752,1.0,560,681,1241,0.0,-0.0008333472224535399,0.999919419822725,8.058017727639034e-05
68700,42.74987916465275,1.0,560,681,1241,0.0,-0.0008333472224535399,1.0000000000000013,8.058017727639034e-05
68701,42.74904581743029,1.0,560,681,1241,0.0,-0.0008333472224535399,1.0000000000000013,0.0
68702,42.74821247020784,1.0,560,681,1241,0.0,-0.0008333472224535399,1.0000000000000013,0.0
68703,42.747379122985386,1.0,560,681,1241,0.0,-0.0008333472224535399,1.0000000000000013,0.0
68704,42.746545775762925,1.0,560,681,1241,0.0,-0.0008333472224606453,1.0000000000000013,0.0
68705,42.74571242854047,1.0,560,681,1241,0.0,-0.0008333472224535399,1.0000000000000013,0.0
68706,42.74487908131802,1.0,560,681,1241,0.0,-0.0008333472224535399,1.0000000000000013,0.0
68707,42.744045734095565,1.0,560,681,1241,0.0,-0.0008333472224535399,1.0000000000000013,0.0
68708,42.74321238687311,1.0,560,681,1241,0.0,-0.0008333472224535399,1.0000000000000013,0.0
68709,42.74237903965066,1.0,560,681,1241,0.0,-0.0008333472224535399,1.0000000000000013,0.0
68710,42.741545692428204,1.0,560,681,1241,0.0,-0.0008333472224535399,1.0000000000000013,0.0
68711,42.74071234520575,0.9991941982272361,560,681,1241,-0.0008058017727639033,-0.0008333472224535399,0.999919419822725,-8.058017727639034e-05
68712,42.7398789979833,0.9983883964544722,560,681,1241,-0.0008058017727639033,-0.0008333472224535399,0.9997582594681724,-0.00016116035455278067
68713,42.73904565076084,0.9991941982272361,560,681,1241,0.0008058017727639033,-0.0008333472224535399,0.999677679290896,-8.058017727639034e-05
68714,42.73821230353839,1.0,560,681,1241,0.0008058017727639033,-0.0008333472224535399,0.999677679290896,0.0
68715,42.737378956315936,1.0,560,681,1241,0.0,-0.0008333472224535399,0.999677679290896,0.0
68716,42.73654560909348,1.0,560,681,1241,0.0,-0.0008333472224535399,0.999677679290896,0.0
68717,42.73571226187103,1.0,560,681,1241,0.0,-0.0008333472224535399,0.999677679290896,0.0
68718,42.734878914648576,1.0,560,681,1241,0.0,-0.0008333472224535399,0.999677679290896,0.0
68719,42.73404556742612,1.0,560,681,1241,0.0,-0.0008333472224535399,0.999677679290896,0.0
68720,42.73321222020367,1.0,560,681,1241,0.0,-0.0008333472224535399,0.999677679290896,0.0
68721,42.732378872981215,1.0,560,681,1241,0.0,-0.0008333472224535399,0.9997582594681724,8.058017727639034e-05
68722,42.73154552575876,1.0,560,681,1241,0.0,-0.0008333472224535399,0.999919419822725,0.00016116035455278067
68723,42.73071217853631,1.0,560,681,1241,0.0,-0.0008333472224535399,1.0000000000000013,8.058017727639034e-05
68724,42.729878831313854,1.0,560,681,1241,0.0,-0.0008333472224535399,1.0000000000000013,0.0
68725,42.7290454840914,1.0,560,681,1241,0.0,-0.0008333472224535399,1.0000000000000013,0.0
68726,42.72821213686895,1.0,560,681,1241,0.0,-0.0008333472224535399,1.0000000000000013,0.0
68727,42.727378789646494,0.9991941982272361,560,681,1241,-0.0008058017727639033,-0.0008333472224535399,0.999919419822725,-8.058017727639034e-05
68728,42.72654544242404,0.9991941982272361,560,681,1241,0.0,-0.0008333472224535399,0.9998388396454487,-8.058017727639034e-05
68729,42.72571209520159,0.9991941982272361,560,681,1241,0.0,-0.0008333472224535399,0.9997582594681724,-8.058017727639034e-05
68730,42.72487874797913,0.9991941982272361,560,681,1241,0.0,-0.0008333472224535399,0.999677679290896,-8.058017727639034e-05
68731,42.72404540075668,0.9991941982272361,560,681,1241,0.0,-0.0008333472224535399,0.9995970991136197,-8.058017727639034e-05
68732,42.723212053534226,0.9991941982272361,560,681,1241,0.0,-0.0008333472224535399,0.9995165189363433,-8.058017727639034e-05
68733,42.72237870631177,1.0,560,681,1241,0.0008058017727639033,-0.0008333472224535399,0.9995165189363433,0.0
68734,42.72154535908932,1.0,560,681,1241,0.0,-0.0008333472224535399,0.9995165189363433,0.0
68735,42.720712011866866,1.0,560,681,1241,0.0,-0.0008333472224535399,0.9995165189363433,0.0
68736,42.71987866464441,1.0,560,681,1241,0.0,-0.0008333472224535399,0.9995165189363433,0.0
68737,42.71904531742196,1.0,560,681,1241,0.0,-0.0008333472224535399,0.9995970991136197,8.058017727639034e-05
68738,42.718211970199505,1.0,560,681,1241,0.0,-0.0008333472224535399,0.999677679290896,8.058017727639034e-05
68739,42.71737862297705,1.0,560,681,1241,0.0,-0.0008333472224535399,0.9997582594681724,8.058017727639034e-05
68740,42.7165452757546,1.0,560,681,1241,0.0,-0.0008333472224535399,0.9998388396454487,8.058017727639034e-05
68741,42.715711928532144,1.0,560,681,1241,0.0,-0.0008333472224535399,0.999919419822725,8.058017727639034e-05
68742,42.71487858130969,1.0,560,681,1241,0.0,-0.0008333472224535399,1.0000000000000013,8.058017727639034e-05
68743,42.71404523408724,1.0,560,681,1241,0.0,-0.0008333472224535399,1.0000000000000013,0.0
68744,42.713211886864784,1.0,560,681,1241,0.0,-0.0008333472224535399,1.0000000000000013,0.0
68745,42.71237853964233,0.9991941982272361,560,681,1241,-0.0008058017727639033,-0.0008333472224535399,0.999919419822725,-8.058017727639034e-05
68746,42.71154519241988,0.9991941982272361,560,681,1241,0.0,-0.0008333472224535399,0.9998388396454487,-8.058017727639034e-05
68747,42.71071184519742,0.9991941982272361,560,681,1241,0.0,-0.0008333472224535399,0.9997582594681724,-8.058017727639034e-05
68748,42.70987849797497,0.9983883964544722,560,681,1241,-0.0008058017727639033,-0.0008333472224535399,0.9995970991136197,-0.00016116035455278067
68749,42.709045150752516,1.0,560,681,1241,0.0016116035455278066,-0.0008333472224535399,0.9995970991136197,0.0
68750,42.70821180353006,1.0,560,681,1241,0.0,-0.0008333472224535399,0.9995970991136197,0.0
68751,42.7073784563076,1.0,560,681,1241,0.0,-0.0008333472224606453,0.9995970991136197,0.0
68752,42.70654510908515,1.0,560,681,1241,0.0,-0.0008333472224535399,0.9995970991136197,0.0
68753,42.705711761862695,1.0,560,681,1241,0.0,-0.0008333472224535399,0.9995970991136197,0.0
68754,42.70487841464024,1.0,560,681,1241,0.0,-0.0008333472224535399,0.9995970991136197,0.0
68755,42.70404506741779,1.0,560,681,1241,0.0,-0.0008333472224535399,0.999677679290896,8.058017727639034e-05
68756,42.703211720195334,1.0,560,681,1241,0.0,-0.0008333472224535399,0.9997582594681724,8.058017727639034e-05
68757,42.70237837297288,1.0,560,681,1241,0.0,-0.0008333472224535399,0.9998388396454487,8.058017727639034e-05
68758,42.70154502575043,1.0,560,681,1241,0.0,-0.0008333472224535399,1.0000000000000013,0.00016116035455278067
68759,42.70071167852797,1.0,560,681,1241,0.0,-0.0008333472224535399,1.0000000000000013,0.0
68760,42.69987833130552,1.0,560,681,1241,0.0,-0.0008333472224535399,1.0000000000000013,0.0
68761,42.699044984083066,1.0,560,681,1241,0.0,-0.0008333472224535399,1.0000000000000013,0.0
68762,42.69821163686061,1.0,560,681,1241,0.0,-0.0008333472224535399,1.0000000000000013,0.0
68763,42.69737828963816,1.0,560,681,1241,0.0,-0.0008333472224535399,1.0000000000000013,0.0
68764,42.696544942415706,1.0,560,681,1241,0.0,-0.0008333472224535399,1.0000000000000013,0.0
68765,42.69571159519325,1.0,560,681,1241,0.0,-0.0008333472224535399,1.0000000000000013,0.0
68766,42.6948782479708,1.0,560,681,1241,0.0,-0.0008333472224535399,1.0000000000000013,0.0
68767,42.694044900748345,1.0,560,681,1241,0.0,-0.0008333472224535399,1.0000000000000013,0.0
68768,42.69321155352589,1.0,560,681,1241,0.0,-0.0008333472224535399,1.0000000000000013,0.0
68769,42.69237820630344,1.0,560,681,1241,0.0,-0.0008333472224535399,1.0000000000000013,0.0
68770,42.691544859080985,1.0,560,681,1241,0.0,-0.0008333472224535399,1.0000000000000013,0.0
68771,42.69071151185853,1.0,560,681,1241,0.0,-0.0008333472224535399,1.0000000000000013,0.0
68772,42.68987816463608,1.0,560,681,1241,0.0,-0.0008333472224535399,1.0000000000000013,0.0
68773,42.689044817413624,1.0,560,681,1241,0.0,-0.0008333472224535399,1.0000000000000013,0.0
68774,42.68821147019117,1.0,560,681,1241,0.0,-0.0008333472224535399,1.0000000000000013,0.0
68775,42.68737812296872,1.0,560,681,1241,0.0,-0.0008333472224535399,1.0000000000000013,0.0
68776,42.68654477574626,1.0,560,681,1241,0.0,-0.0008333472224535399,1.0000000000000013,0.0
68777,42.68571142852381,1.0,560,681,1241,0.0,-0.0008333472224535399,1.0000000000000013,0.0
68778,42.684878081301356,1.0,560,681,1241,0.0,-0.0008333472224535399,1.0000000000000013,0.0
68779,42.6840447340789,1.0,560,681,1241,0.0,-0.0008333472224535399,1.0000000000000013,0.0
68780,42.68321138685645,1.0,560,681,1241,0.0,-0.0008333472224535399,1.0000000000000013,0.0
68781,42.682378039633996,1.0,560,681,1241,0.0,-0.0008333472224535399,1.0000000000000013,0.0
68782,42.68154469241154,1.0,560,681,1241,0.0,-0.0008333472224535399,1.0000000000000013,0.0
68783,42.68071134518909,1.0,560,681,1241,0.0,-0.0008333472224535399,1.0000000000000013,0.0
68784,42.679877997966635,1.0,560,681,1241,0.0,-0.0008333472224535399,1.0000000000000013,0.0
68785,42.67904465074418,1.0,560,681,1241,0.0,-0.0008333472224535399,1.0000000000000013,0.0
68786,42.67821130352173,1.0,560,681,1241,0.0,-0.0008333472224535399,1.0000000000000013,0.0
68787,42.677377956299274,1.0,560,681,1241,0.0,-0.0008333472224535399,1.0000000000000013,0.0
68788,42.676544609076814,1.0,560,681,1241,0.0,-0.0008333472224606453,1.0000000000000013,0.0
68789,42.67571126185436,1.0,560,681,1241,0.0,-0.0008333472224535399,1.0000000000000013,0.0
68790,42.67487791463191,1.0,560,681,1241,0.0,-0.0008333472224535399,1.0000000000000013,0.0
68791,42.67404456740945,1.0,560,681,1241,0.0,-0.0008333472224535399,1.0000000000000013,0.0
68792,42.673211220187,1.0,560,681,1241,0.0,-0.0008333472224535399,1.0000000000000013,0.0
68793,42.672377872964546,1.0,560,681,1241,0.0,-0.0008333472224535399,1.0000000000000013,0.0
68794,42.67154452574209,1.0,560,681,1241,0.0,-0.0008333472224535399,1.0000000000000013,0.0
68795,42.67071117851964,1.0,560,681,1241,0.0,-0.0008333472224535399,1.0000000000000013,0.0
68796,42.669877831297185,1.0,560,681,1241,0.0,-0.0008333472224535399,1.0000000000000013,0.0
68797,42.66904448407473,0.9991941982272361,560,681,1241,-0.0008058017727639033,-0.0008333472224535399,0.999919419822725,-8.058017727639034e-05
68798,42.66821113685228,0.9991941982272361,560,681,1241,0.0,-0.0008333472224535399,0.9998388396454487,-8.058017727639034e-05
68799,42.667377789629825,1.0,560,681,1241,0.0008058017727639033,-0.0008333472224535399,0.9998388396454487,0.0
68800,42.66654444240737,1.0,560,681,1241,0.0,-0.0008333472224535399,0.9998388396454487,0.0
68801,42.66571109518492,1.0,560,681,1241,0.0,-0.0008333472224535399,0.9998388396454487,0.0
68802,42.664877747962464,1.0,560,681,1241,0.0,-0.0008333472224535399,0.9998388396454487,0.0
68803,42.66404440074001,1.0,560,681,1241,0.0,-0.0008333472224535399,0.9998388396454487,0.0
68804,42.66321105351756,1.0,560,681,1241,0.0,-0.0008333472224535399,0.9998388396454487,0.0
68805,42.6623777062951,1.0,560,681,1241,0.0,-0.0008333472224535399,0.9998388396454487,0.0
68806,42.66154435907265,1.0,560,681,1241,0.0,-0.0008333472224535399,0.9998388396454487,0.0
68807,42.660711011850196,1.0,560,681,1241,0.0,-0.0008333472224535399,0.999919419822725,8.058017727639034e-05
68808,42.65987766462774,0.9991941982272361,560,681,1241,-0.0008058017727639033,-0.0008333472224535399,0.999919419822725,0.0
68809,42.65904431740529,0.9991941982272361,560,681,1241,0.0,-0.0008333472224535399,0.9998388396454487,-8.058017727639034e-05
68810,42.658210970182836,1.0,560,681,1241,0.0008058017727639033,-0.0008333472224535399,0.9998388396454487,0.0
68811,42.65737762296038,1.0,560,681,1241,0.0,-0.0008333472224535399,0.9998388396454487,0.0
68812,42.65654427573793,1.0,560,681,1241,0.0,-0.0008333472224535399,0.9998388396454487,0.0
68813,42.655710928515475,0.9991941982272361,560,681,1241,-0.0008058017727639033,-0.0008333472224535399,0.9997582594681724,-8.058017727639034e-05
68814,42.65487758129302,0.9991941982272361,560,681,1241,0.0,-0.0008333472224535399,0.999677679290896,-8.058017727639034e-05
68815,42.65404423407057,0.9991941982272361,560,681,1241,0.0,-0.0008333472224535399,0.9995970991136197,-8.058017727639034e-05
68816,42.653210886848115,0.9991941982272361,560,681,1241,0.0,-0.0008333472224535399,0.9995165189363433,-8.058017727639034e-05
68817,42.65237753962566,0.9991941982272361,560,681,1241,0.0,-0.0008333472224535399,0.999435938759067,-8.058017727639034e-05
68818,42.65154419240321,1.0,560,681,1241,0.0008058017727639033,-0.0008333472224535399,0.9995165189363433,8.058017727639034e-05
68819,42.650710845180754,1.0,560,681,1241,0.0,-0.0008333472224535399,0.9995970991136197,8.058017727639034e-05
68820,42.6498774979583,1.0,560,681,1241,0.0,-0.0008333472224535399,0.9995970991136197,0.0
68821,42.64904415073585,1.0,560,681,1241,0.0,-0.0008333472224535399,0.9995970991136197,0.0
68822,42.64821080351339,1.0,560,681,1241,0.0,-0.0008333472224535399,0.9995970991136197,0.0
68823,42.64737745629094,1.0,560,681,1241,0.0,-0.0008333472224535399,0.999677679290896,8.058017727639034e-05
68824,42.646544109068486,1.0,560,681,1241,0.0,-0.0008333472224535399,0.9997582594681724,8.058017727639034e-05
68825,42.64571076184603,1.0,560,681,1241,0.0,-0.0008333472224535399,0.9998388396454487,8.058017727639034e-05
68826,42.64487741462358,1.0,560,681,1241,0.0,-0.0008333472224535399,0.999919419822725,8.058017727639034e-05
68827,42.644044067401126,1.0,560,681,1241,0.0,-0.0008333472224535399,1.0000000000000013,8.058017727639034e-05
68828,42.64321072017867,0.9991941982272361,560,681,1241,-0.0008058017727639033,-0.0008333472224535399,0.999919419822725,-8.058017727639034e-05
68829,42.64237737295622,1.0,560,681,1241,0.0008058017727639033,-0.0008333472224535399,0.999919419822725,0.0
68830,42.641544025733765,1.0,560,681,1241,0.0,-0.0008333472224535399,0.999919419822725,0.0
68831,42.64071067851131,1.0,560,681,1241,0.0,-0.0008333472224535399,0.999919419822725,0.0
68832,42.63987733128886,1.0,560,681,1241,0.0,-0.0008333472224535399,0.999919419822725,0.0
68833,42.639043984066404,1.0,560,681,1241,0.0,-0.0008333472224535399,0.999919419822725,0.0
68834,42.63821063684395,1.0,560,681,1241,0.0,-0.0008333472224535399,0.999919419822725,0.0
68835,42.6373772896215,1.0,560,681,1241,0.0,-0.0008333472224535399,0.999919419822725,0.0
68836,42.63654394239904,1.0,560,681,1241,0.0,-0.0008333472224606453,0.999919419822725,0.0
68837,42.63571059517658,1.0,560,681,1241,0.0,-0.0008333472224535399,0.999919419822725,0.0
68838,42.63487724795413,1.0,560,681,1241,0.0,-0.0008333472224535399,1.0000000000000013,8.058017727639034e-05
68839,42.634043900731676,1.0,560,681,1241,0.0,-0.0008333472224535399,1.0000000000000013,0.0
68840,42.63321055350922,1.0,560,681,1241,0.0,-0.0008333472224535399,1.0000000000000013,0.0
68841,42.63237720628677,1.0,560,681,1241,0.0,-0.0008333472224535399,1.0000000000000013,0.0
68842,42.631543859064315,1.0,560,681,1241,0.0,-0.0008333472224535399,1.0000000000000013,0.0
68843,42.63071051184186,1.0,560,681,1241,0.0,-0.0008333472224535399,1.0000000000000013,0.0
68844,42.62987716461941,1.0,560,681,1241,0.0,-0.0008333472224535399,1.0000000000000013,0.0
68845,42.629043817396955,1.0,560,681,1241,0.0,-0.0008333472224535399,1.0000000000000013,0.0
68846,42.6282104701745,1.0,560,681,1241,0.0,-0.0008333472224535399,1.0000000000000013,0.0
68847,42.62737712295205,1.0,560,681,1241,0.0,-0.0008333472224535399,1.0000000000000013,0.0
68848,42.626543775729594,1.0,560,681,1241,0.0,-0.0008333472224535399,1.0000000000000013,0.0
68849,42.62571042850714,1.0,560,681,1241,0.0,-0.0008333472224535399,1.0000000000000013,0.0
68850,42.62487708128469,1.0,560,681,1241,0.0,-0.0008333472224535399,1.0000000000000013,0.0
68851,42.624043734062234,1.0,560,681,1241,0.0,-0.0008333472224535399,1.0000000000000013,0.0
68852,42.62321038683978,1.0,560,681,1241,0.0,-0.0008333472224535399,1.0000000000000013,0.0
68853,42.62237703961733,1.0,560,681,1241,0.0,-0.0008333472224535399,1.0000000000000013,0.0
68854,42.62154369239487,1.0,560,681,1241,0.0,-0.0008333472224535399,1.0000000000000013,0.0
68855,42.62071034517242,1.0,560,681,1241,0.0,-0.0008333472224535399,1.0000000000000013,0.0
68856,42.619876997949966,1.0,560,681,1241,0.0,-0.0008333472224535399,1.0000000000000013,0.0
68857,42.61904365072751,1.0,560,681,1241,0.0,-0.0008333472224535399,1.0000000000000013,0.0
68858,42.61821030350506,1.0,560,681,1241,0.0,-0.0008333472224535399,1.0000000000000013,0.0
68859,42.617376956282605,1.0,560,681,1241,0.0,-0.0008333472224535399,1.0000000000000013,0.0
68860,42.61654360906015,1.0,560,681,1241,0.0,-0.0008333472224535399,1.0000000000000013,0.0
68861,42.6157102618377,1.0,560,681,1241,0.0,-0.0008333472224535399,1.0000000000000013,0.0
68862,42.614876914615245,1.0,560,681,1241,0.0,-0.0008333472224535399,1.0000000000000013,0.0
68863,42.61404356739279,1.0,560,681,1241,0.0,-0.0008333472224535399,1.0000000000000013,0.0
68864,42.61321022017034,1.0,560,681,1241,0.0,-0.0008333472224535399,1.0000000000000013,0.0
68865,42.612376872947884,1.0,560,681,1241,0.0,-0.0008333472224535399,1.0000000000000013,0.0
68866,42.61154352572543,1.0,560,681,1241,0.0,-0.0008333472224535399,1.0000000000000013,0.0
68867,42.61071017850298,1.0,560,681,1241,0.0,-0.0008333472224535399,1.0000000000000013,0.0
68868,42.60987683128052,1.0,560,681,1241,0.0,-0.0008333472224535399,1.0000000000000013,0.0
68869,42.60904348405807,0.9991941982272361,560,681,1241,-0.0008058017727639033,-0.0008333472224535399,0.999919419822725,-8.058017727639034e-05
68870,42.608210136835616,0.9991941982272361,560,681,1241,0.0,-0.0008333472224535399,0.9998388396454487,-8.058017727639034e-05
68871,42.60737678961316,0.9991941982272361,560,681,1241,0.0,-0.0008333472224535399,0.9997582594681724,-8.058017727639034e-05
68872,42.60654344239071,1.0,560,681,1241,0.0008058017727639033,-0.0008333472224535399,0.9997582594681724,0.0
68873,42.60571009516825,1.0,560,681,1241,0.0,-0.0008333472224606453,0.9997582594681724,0.0
68874,42.604876747945795,1.0,560,681,1241,0.0,-0.0008333472224535399,0.9997582594681724,0.0
68875,42.60404340072334,1.0,560,681,1241,0.0,-0.0008333472224535399,0.9997582594681724,0.0
68876,42.60321005350089,1.0,560,681,1241,0.0,-0.0008333472224535399,0.9997582594681724,0.0
68877,42.602376706278434,1.0,560,681,1241,0.0,-0.0008333472224535399,0.9997582594681724,0.0
68878,42.60154335905598,1.0,560,681,1241,0.0,-0.0008333472224535399,0.9997582594681724,0.0
68879,42.60071001183353,1.0,560,681,1241,0.0,-0.0008333472224535399,0.9998388396454487,8.058017727639034e-05
68880,42.599876664611074,1.0,560,681,1241,0.0,-0.0008333472224535399,0.999919419822725,8.058017727639034e-05
68881,42.59904331738862,1.0,560,681,1241,0.0,-0.0008333472224535399,1.0000000000000013,8.058017727639034e-05
68882,42.59820997016617,1.0,560,681,1241,0.0,-0.0008333472224535399,1.0000000000000013,0.0
68883,42.59737662294371,1.0,560,681,1241,0.0,-0.0008333472224535399,1.0000000000000013,0.0
68884,42.59654327572126,1.0,560,681,1241,0.0,-0.0008333472224535399,1.0000000000000013,0.0
68885,42.595709928498806,1.0,560,681,1241,0.0,-0.0008333472224535399,1.0000000000000013,0.0
68886,42.59487658127635,1.0,560,681,1241,0.0,-0.0008333472224535399,1.0000000000000013,0.0
68887,42.5940432340539,1.0,560,681,1241,0.0,-0.0008333472224535399,1.0000000000000013,0.0
68888,42.593209886831445,1.0,560,681,1241,0.0,-0.0008333472224535399,1.0000000000000013,0.0
68889,42.59237653960899,1.0,560,681,1241,0.0,-0.0008333472224535399,1.0000000000000013,0.0
68890,42.59154319238654,0.9991941982272361,560,681,1241,-0.0008058017727639033,-0.0008333472224535399,0.999919419822725,-8.058017727639034e-05
68891,42.590709845164085,0.9991941982272361,560,681,1241,0.0,-0.0008333472224535399,0.9998388396454487,-8.058017727639034e-05
68892,42.58987649794163,0.9991941982272361,560,681,1241,0.0,-0.0008333472224535399,0.9997582594681724,-8.058017727639034e-05
68893,42.58904315071918,0.9991941982272361,560,681,1241,0.0,-0.0008333472224535399,0.999677679290896,-8.058017727639034e-05
68894,42.588209803496724,1.0,560,681,1241,0.0008058017727639033,-0.0008333472224535399,0.999677679290896,0.0
68895,42.58737645627427,1.0,560,681,1241,0.0,-0.0008333472224535399,0.999677679290896,0.0
68896,42.58654310905182,1.0,560,681,1241,0.0,-0.0008333472224535399,0.999677679290896,0.0
68897,42.585709761829364,1.0,560,681,1241,0.0,-0.0008333472224535399,0.999677679290896,0.0
68898,42.58487641460691,1.0,560,681,1241,0.0,-0.0008333472224535399,0.999677679290896,0.0
68899,42.58404306738446,1.0,560,681,1241,0.0,-0.0008333472224535399,0.999677679290896,0.0
68900,42.583209720162,1.0,560,681,1241,0.0,-0.0008333472224535399,0.9997582594681724,8.058017727639034e-05
68901,42.58237637293955,1.0,560,681,1241,0.0,-0.0008333472224535399,0.9998388396454487,8.058017727639034e-05
68902,42.581543025717096,1.0,560,681,1241,0.0,-0.0008333472224535399,0.999919419822725,8.058017727639034e-05
68903,42.58070967849464,1.0,560,681,1241,0.0,-0.0008333472224535399,1.0000000000000013,8.058017727639034e-05
68904,42.57987633127219,1.0,560,681,1241,0.0,-0.0008333472224535399,1.0000000000000013,0.0
68905,42.579042984049735,1.0,560,681,1241,0.0,-0.0008333472224535399,1.0000000000000013,0.0
68906,42.57820963682728,1.0,560,681,1241,0.0,-0.0008333472224535399,1.0000000000000013,0.0
68907,42.57737628960483,1.0,560,681,1241,0.0,-0.0008333472224535399,1.0000000000000013,0.0
68908,42.576542942382375,1.0,560,681,1241,0.0,-0.0008333472224535399,1.0000000000000013,0.0
68909,42.57570959515992,1.0,560,681,1241,0.0,-0.0008333472224535399,1.0000000000000013,0.0
68910,42.57487624793747,1.0,560,681,1241,0.0,-0.0008333472224535399,1.0000000000000013,0.0
68911,42.574042900715014,1.0,560,681,1241,0.0,-0.0008333472224535399,1.0000000000000013,0.0
68912,42.57320955349256,1.0,560,681,1241,0.0,-0.0008333472224535399,1.0000000000000013,0.0
68913,42.57237620627011,1.0,560,681,1241,0.0,-0.0008333472224535399,1.0000000000000013,0.0
68914,42.57154285904765,1.0,560,681,1241,0.0,-0.0008333472224535399,1.0000000000000013,0.0
68915,42.5707095118252,1.0,560,681,1241,0.0,-0.0008333472224535399,1.0000000000000013,0.0
68916,42.569876164602746,1.0,560,681,1241,0.0,-0.0008333472224535399,1.0000000000000013,0.0
68917,42.56904281738029,1.0,560,681,1241,0.0,-0.0008333472224535399,1.0000000000000013,0.0
68918,42.56820947015784,1.0,560,681,1241,0.0,-0.0008333472224535399,1.0000000000000013,0.0
68919,42.567376122935386,1.0,560,681,1241,0.0,-0.0008333472224535399,1.0000000000000013,0.0
68920,42.56654277571293,1.0,560,681,1241,0.0,-0.0008333472224535399,1.0000000000000013,0.0
68921,42.56570942849047,1.0,560,681,1241,0.0,-0.0008333472224606453,1.0000000000000013,0.0
68922,42.56487608126802,1.0,560,681,1241,0.0,-0.0008333472224535399,1.0000000000000013,0.0
68923,42.564042734045564,1.0,560,681,1241,0.0,-0.0008333472224535399,1.0000000000000013,0.0
68924,42.56320938682311,1.0,560,681,1241,0.0,-0.0008333472224535399,1.0000000000000013,0.0
68925,42.56237603960066,1.0,560,681,1241,0.0,-0.0008333472224535399,1.0000000000000013,0.0
68926,42.561542692378204,1.0,560,681,1241,0.0,-0.0008333472224535399,1.0000000000000013,0.0
68927,42.56070934515575,1.0,560,681,1241,0.0,-0.0008333472224535399,1.0000000000000013,0.0
68928,42.5598759979333,1.0,560,681,1241,0.0,-0.0008333472224535399,1.0000000000000013,0.0
68929,42.55904265071084,1.0,560,681,1241,0.0,-0.0008333472224535399,1.0000000000000013,0.0
68930,42.55820930348839,1.0,560,681,1241,0.0,-0.0008333472224535399,1.0000000000000013,0.0
68931,42.557375956265936,1.0,560,681,1241,0.0,-0.0008333472224535399,1.0000000000000013,0.0
68932,42.55654260904348,1.0,560,681,1241,0.0,-0.0008333472224535399,1.0000000000000013,0.0
68933,42.55570926182103,1.0,560,681,1241,0.0,-0.0008333472224535399,1.0000000000000013,0.0
68934,42.554875914598576,1.0,560,681,1241,0.0,-0.0008333472224535399,1.0000000000000013,0.0
68935,42.55404256737612,1.0,560,681,1241,0.0,-0.0008333472224535399,1.0000000000000013,0.0
68936,42.55320922015367,1.0,560,681,1241,0.0,-0.0008333472224535399,1.0000000000000013,0.0
68937,42.552375872931215,1.0,560,681,1241,0.0,-0.0008333472224535399,1.0000000000000013,0.0
68938,42.55154252570876,1.0,560,681,1241,0.0,-0.0008333472224535399,1.0000000000000013,0.0
68939,42.55070917848631,1.0,560,681,1241,0.0,-0.0008333472224535399,1.0000000000000013,0.0
68940,42.549875831263854,1.0,560,681,1241,0.0,-0.0008333472224535399,1.0000000000000013,0.0
68941,42.5490424840414,1.0,560,681,1241,0.0,-0.0008333472224535399,1.0000000000000013,0.0
68942,42.54820913681895,1.0,560,681,1241,0.0,-0.0008333472224535399,1.0000000000000013,0.0
68943,42.547375789596494,1.0,560,681,1241,0.0,-0.0008333472224535399,1.0000000000000013,0.0
68944,42.54654244237404,1.0,560,681,1241,0.0,-0.0008333472224535399,1.0000000000000013,0.0
68945,42.54570909515159,1.0,560,681,1241,0.0,-0.0008333472224535399,1.0000000000000013,0.0
68946,42.54487574792913,1.0,560,681,1241,0.0,-0.0008333472224535399,1.0000000000000013,0.0
68947,42.54404240070668,1.0,560,681,1241,0.0,-0.0008333472224535399,1.0000000000000013,0.0
68948,42.543209053484226,1.0,560,681,1241,0.0,-0.0008333472224535399,1.0000000000000013,0.0
68949,42.54237570626177,1.0,560,681,1241,0.0,-0.0008333472224535399,1.0000000000000013,0.0
68950,42.54154235903932,1.0,560,681,1241,0.0,-0.0008333472224535399,1.0000000000000013,0.0
68951,42.540709011816865,1.0,560,681,1241,0.0,-0.0008333472224535399,1.0000000000000013,0.0
68952,42.53987566459441,1.0,560,681,1241,0.0,-0.0008333472224535399,1.0000000000000013,0.0
68953,42.53904231737196,1.0,560,681,1241,0.0,-0.0008333472224535399,1.0000000000000013,0.0
68954,42.538208970149505,1.0,560,681,1241,0.0,-0.0008333472224535399,1.0000000000000013,0.0
68955,42.53737562292705,1.0,560,681,1241,0.0,-0.0008333472224535399,1.0000000000000013,0.0
68956,42.5365422757046,1.0,560,681,1241,0.0,-0.0008333472224535399,1.0000000000000013,0.0
68957,42.535708928482144,0.9991941982272361,560,681,1241,-0.0008058017727639033,-0.0008333472224535399,0.999919419822725,-8.058017727639034e-05
68958,42.53487558125968,1.0,560,681,1241,0.0008058017727639033,-0.0008333472224606453,0.999919419822725,0.0
68959,42.53404223403723,1.0,560,681,1241,0.0,-0.0008333472224535399,0.999919419822725,0.0
68960,42.533208886814776,1.0,560,681,1241,0.0,-0.0008333472224535399,0.999919419822725,0.0
68961,42.53237553959232,1.0,560,681,1241,0.0,-0.0008333472224535399,0.999919419822725,0.0
68962,42.53154219236987,1.0,560,681,1241,0.0,-0.0008333472224535399,0.999919419822725,0.0
68963,42.530708845147416,1.0,560,681,1241,0.0,-0.0008333472224535399,0.999919419822725,0.0
68964,42.52987549792496,1.0,560,681,1241,0.0,-0.0008333472224535399,0.999919419822725,0.0
68965,42.52904215070251,1.0,560,681,1241,0.0,-0.0008333472224535399,0.999919419822725,0.0
68966,42.528208803480055,1.0,560,681,1241,0.0,-0.0008333472224535399,0.999919419822725,0.0
68967,42.5273754562576,1.0,560,681,1241,0.0,-0.0008333472224535399,1.0000000000000013,8.058017727639034e-05
68968,42.52654210903515,1.0,560,681,1241,0.0,-0.0008333472224535399,1.0000000000000013,0.0
68969,42.525708761812695,1.0,560,681,1241,0.0,-0.0008333472224535399,1.0000000000000013,0.0
68970,42.52487541459024,1.0,560,681,1241,0.0,-0.0008333472224535399,1.0000000000000013,0.0
68971,42.52404206736779,1.0,560,681,1241,0.0,-0.0008333472224535399,1.0000000000000013,0.0
68972,42.523208720145334,0.9991941982272361,560,681,1241,-0.0008058017727639033,-0.0008333472224535399,0.999919419822725,-8.058017727639034e-05
68973,42.52237537292288,0.9991941982272361,560,681,1241,0.0,-0.0008333472224535399,0.9998388396454487,-8.058017727639034e-05
68974,42.52154202570043,1.0,560,681,1241,0.0008058017727639033,-0.0008333472224535399,0.9998388396454487,0.0
68975,42.52070867847797,1.0,560,681,1241,0.0,-0.0008333472224535399,0.9998388396454487,0.0
68976,42.51987533125552,1.0,560,681,1241,0.0,-0.0008333472224535399,0.9998388396454487,0.0
68977,42.519041984033066,1.0,560,681,1241,0.0,-0.0008333472224535399,0.9998388396454487,0.0
68978,42.51820863681061,1.0,560,681,1241,0.0,-0.0008333472224535399,0.9998388396454487,0.0
68979,42.51737528958816,1.0,560,681,1241,0.0,-0.0008333472224535399,0.9998388396454487,0.0
68980,42.516541942365706,1.0,560,681,1241,0.0,-0.0008333472224535399,0.9998388396454487,0.0
68981,42.51570859514325,1.0,560,681,1241,0.0,-0.0008333472224535399,0.9998388396454487,0.0
68982,42.5148752479208,1.0,560,681,1241,0.0,-0.0008333472224535399,0.999919419822725,8.058017727639034e-05
68983,42.514041900698345,1.0,560,681,1241,0.0,-0.0008333472224535399,1.0000000000000013,8.058017727639034e-05
68984,42.51320855347589,1.0,560,681,1241,0.0,-0.0008333472224535399,1.0000000000000013,0.0
68985,42.51237520625344,1.0,560,681,1241,0.0,-0.0008333472224535399,1.0000000000000013,0.0
68986,42.511541859030984,1.0,560,681,1241,0.0,-0.0008333472224535399,1.0000000000000013,0.0
68987,42.51070851180853,1.0,560,681,1241,0.0,-0.0008333472224535399,1.0000000000000013,0.0
68988,42.50987516458608,1.0,560,681,1241,0.0,-0.0008333472224535399,1.0000000000000013,0.0
68989,42.509041817363624,1.0,560,681,1241,0.0,-0.0008333472224535399,1.0000000000000013,0.0
68990,42.50820847014117,1.0,560,681,1241,0.0,-0.0008333472224535399,1.0000000000000013,0.0
68991,42.50737512291872,1.0,560,681,1241,0.0,-0.0008333472224535399,1.0000000000000013,0.0
68992,42.50654177569626,1.0,560,681,1241,0.0,-0.0008333472224535399,1.0000000000000013,0.0
68993,42.50570842847381,1.0,560,681,1241,0.0,-0.0008333472224535399,1.0000000000000013,0.0
68994,42.504875081251356,1.0,560,681,1241,0.0,-0.0008333472224535399,1.0000000000000013,0.0
68995,42.5040417340289,1.0,560,681,1241,0.0,-0.0008333472224535399,1.0000000000000013,0.0
68996,42.50320838680645,1.0,560,681,1241,0.0,-0.0008333472224535399,1.0000000000000013,0.0
68997,42.502375039583995,1.0,560,681,1241,0.0,-0.0008333472224535399,1.0000000000000013,0.0
68998,42.50154169236154,1.0,560,681,1241,0.0,-0.0008333472224535399,1.0000000000000013,0.0
68999,42.50070834513909,1.0,560,681,1241,0.0,-0.0008333472224535399,1.0000000000000013,0.0
69000,42.499874997916635,1.0,560,681,1241,0.0,-0.0008333472224535399,1.0000000000000013,0.0
69001,42.49904165069418,1.0,560,681,1241,0.0,-0.0008333472224535399,1.0000000000000013,0.0
69002,42.49820830347173,1.0,560,681,1241,0.0,-0.0008333472224535399,1.0000000000000013,0.0
69003,42.497374956249274,0.9991941982272361,560,681,1241,-0.0008058017727639033,-0.0008333472224535399,0.999919419822725,-8.058017727639034e-05
69004,42.49654160902682,1.0,560,681,1241,0.0008058017727639033,-0.0008333472224535399,0.999919419822725,0.0
69005,42.49570826180436,1.0,560,681,1241,0.0,-0.0008333472224606453,0.999919419822725,0.0
69006,42.49487491458191,1.0,560,681,1241,0.0,-0.0008333472224535399,0.999919419822725,0.0
69007,42.49404156735945,1.0,560,681,1241,0.0,-0.0008333472224535399,0.999919419822725,0.0
69008,42.493208220137,1.0,560,681,1241,0.0,-0.0008333472224535399,0.999919419822725,0.0
69009,42.492374872914546,1.0,560,681,1241,0.0,-0.0008333472224535399,0.999919419822725,0.0
69010,42.49154152569209,1.0,560,681,1241,0.0,-0.0008333472224535399,0.999919419822725,0.0
69011,42.49070817846964,1.0,560,681,1241,0.0,-0.0008333472224535399,0.999919419822725,0.0
69012,42.489874831247185,1.0,560,681,1241,0.0,-0.0008333472224535399,0.999919419822725,0.0
69013,42.48904148402473,1.0,560,681,1241,0.0,-0.0008333472224535399,1.0000000000000013,8.058017727639034e-05
69014,42.48820813680228,1.0,560,681,1241,0.0,-0.0008333472224535399,1.0000000000000013,0.0
69015,42.487374789579825,1.0,560,681,1241,0.0,-0.0008333472224535399,1.0000000000000013,0.0
69016,42.48654144235737,1.0,560,681,1241,0.0,-0.0008333472224535399,1.0000000000000013,0.0
69017,42.48570809513492,1.0,560,681,1241,0.0,-0.0008333472224535399,1.0000000000000013,0.0
69018,42.484874747912464,1.0,560,681,1241,0.0,-0.0008333472224535399,1.0000000000000013,0.0
69019,42.48404140069001,1.0,560,681,1241,0.0,-0.0008333472224535399,1.0000000000000013,0.0
69020,42.48320805346756,1.0,560,681,1241,0.0,-0.0008333472224535399,1.0000000000000013,0.0
69021,42.4823747062451,1.0,560,681,1241,0.0,-0.0008333472224535399,1.0000000000000013,0.0
69022,42.48154135902265,1.0,560,681,1241,0.0,-0.0008333472224535399,1.0000000000000013,0.0
69023,42.480708011800196,1.0,560,681,1241,0.0,-0.0008333472224535399,1.0000000000000013,0.0
69024,42.47987466457774,1.0,560,681,1241,0.0,-0.0008333472224535399,1.0000000000000013,0.0
69025,42.47904131735529,1.0,560,681,1241,0.0,-0.0008333472224535399,1.0000000000000013,0.0
69026,42.478207970132836,1.0,560,681,1241,0.0,-0.0008333472224535399,1.0000000000000013,0.0
69027,42.47737462291038,1.0,560,681,1241,0.0,-0.0008333472224535399,1.0000000000000013,0.0
69028,42.47654127568793,1.0,560,681,1241,0.0,-0.0008333472224535399,1.0000000000000013,0.0
69029,42.475707928465475,1.0,560,681,1241,0.0,-0.0008333472224535399,1.0000000000000013,0.0
69030,42.47487458124302,1.0,560,681,1241,0.0,-0.0008333472224535399,1.0000000000000013,0.0
69031,42.47404123402057,1.0,560,681,1241,0.0,-0.0008333472224535399,1.0000000000000013,0.0
69032,42.473207886798114,1.0,560,681,1241,0.0,-0.0008333472224535399,1.0000000000000013,0.0
69033,42.47237453957566,1.0,560,681,1241,0.0,-0.0008333472224535399,1.0000000000000013,0.0
69034,42.47154119235321,1.0,560,681,1241,0.0,-0.0008333472224535399,1.0000000000000013,0.0
69035,42.470707845130754,1.0,560,681,1241,0.0,-0.0008333472224535399,1.0000000000000013,0.0
69036,42.4698744979083,1.0,560,681,1241,0.0,-0.0008333472224535399,1.0000000000000013,0.0
69037,42.46904115068585,1.0,560,681,1241,0.0,-0.0008333472224535399,1.0000000000000013,0.0
69038,42.46820780346339,1.0,560,681,1241,0.0,-0.0008333472224535399,1.0000000000000013,0.0
69039,42.46737445624094,1.0,560,681,1241,0.0,-0.0008333472224535399,1.0000000000000013,0.0
69040,42.466541109018486,1.0,560,681,1241,0.0,-0.0008333472224535399,1.0000000000000013,0.0
69041,42.46570776179603,1.0,560,681,1241,0.0,-0.0008333472224535399,1.0000000000000013,0.0
69042,42.46487441457357,1.0,560,681,1241,0.0,-0.0008333472224606453,1.0000000000000013,0.0
69043,42.46404106735112,1.0,560,681,1241,0.0,-0.0008333472224535399,1.0000000000000013,0.0
69044,42.463207720128665,1.0,560,681,1241,0.0,-0.0008333472224535399,1.0000000000000013,0.0
69045,42.46237437290621,1.0,560,681,1241,0.0,-0.0008333472224535399,1.0000000000000013,0.0
69046,42.46154102568376,0.9991941982272361,560,681,1241,-0.0008058017727639033,-0.0008333472224535399,0.999919419822725,-8.058017727639034e-05
69047,42.460707678461304,0.9991941982272361,560,681,1241,0.0,-0.0008333472224535399,0.9998388396454487,-8.058017727639034e-05
69048,42.45987433123885,0.9991941982272361,560,681,1241,0.0,-0.0008333472224535399,0.9997582594681724,-8.058017727639034e-05
69049,42.4590409840164,0.9991941982272361,560,681,1241,0.0,-0.0008333472224535399,0.999677679290896,-8.058017727639034e-05
69050,42.458207636793944,0.9991941982272361,560,681,1241,0.0,-0.0008333472224535399,0.9995970991136197,-8.058017727639034e-05
69051,42.45737428957149,0.9991941982272361,560,681,1241,0.0,-0.0008333472224535399,0.9995165189363433,-8.058017727639034e-05
69052,42.45654094234904,0.9991941982272361,560,681,1241,0.0,-0.0008333472224535399,0.999435938759067,-8.058017727639034e-05
69053,42.45570759512658,0.9991941982272361,560,681,1241,0.0,-0.0008333472224535399,0.9993553585817907,-8.058017727639034e-05
69054,42.45487424790413,0.9991941982272361,560,681,1241,0.0,-0.0008333472224535399,0.9992747784045143,-8.058017727639034e-05
69055,42.454040900681676,0.9991941982272361,560,681,1241,0.0,-0.0008333472224535399,0.999194198227238,-8.058017727639034e-05
69056,42.45320755345922,1.0,560,681,1241,0.0008058017727639033,-0.0008333472224535399,0.9992747784045143,8.058017727639034e-05
69057,42.45237420623677,1.0,560,681,1241,0.0,-0.0008333472224535399,0.9993553585817907,8.058017727639034e-05
69058,42.451540859014315,1.0,560,681,1241,0.0,-0.0008333472224535399,0.999435938759067,8.058017727639034e-05
69059,42.45070751179186,1.0,560,681,1241,0.0,-0.0008333472224535399,0.9995165189363433,8.058017727639034e-05
69060,42.44987416456941,1.0,560,681,1241,0.0,-0.0008333472224535399,0.9995970991136197,8.058017727639034e-05
69061,42.449040817346955,1.0,560,681,1241,0.0,-0.0008333472224535399,0.999677679290896,8.058017727639034e-05
69062,42.4482074701245,1.0,560,681,1241,0.0,-0.0008333472224535399,0.9997582594681724,8.058017727639034e-05
69063,42.44737412290205,1.0,560,681,1241,0.0,-0.0008333472224535399,0.9998388396454487,8.058017727639034e-05
69064,42.446540775679594,1.0,560,681,1241,0.0,-0.0008333472224535399,0.999919419822725,8.058017727639034e-05
69065,42.44570742845714,1.0,560,681,1241,0.0,-0.0008333472224535399,1.0000000000000013,8.058017727639034e-05
69066,42.44487408123469,1.0,560,681,1241,0.0,-0.0008333472224535399,1.0000000000000013,0.0
69067,42.44404073401223,0.9991941982272361,560,681,1241,-0.0008058017727639033,-0.0008333472224535399,0.999919419822725,-8.058017727639034e-05
69068,42.44320738678978,0.9983883964544722,560,681,1241,-0.0008058017727639033,-0.0008333472224535399,0.9997582594681724,-0.00016116035455278067
69069,42.442374039567326,0.9991941982272361,560,681,1241,0.0008058017727639033,-0.0008333472224535399,0.999677679290896,-8.058017727639034e-05
69070,42.44154069234487,0.9991941982272361,560,681,1241,0.0,-0.0008333472224535399,0.9995970991136197,-8.058017727639034e-05
69071,42.44070734512242,0.9991941982272361,560,681,1241,0.0,-0.0008333472224535399,0.9995165189363433,-8.058017727639034e-05
69072,42.439873997899966,0.9991941982272361,560,681,1241,0.0,-0.0008333472224535399,0.999435938759067,-8.058017727639034e-05
69073,42.43904065067751,0.9991941982272361,560,681,1241,0.0,-0.0008333472224535399,0.9993553585817907,-8.058017727639034e-05
69074,42.43820730345506,0.9991941982272361,560,681,1241,0.0,-0.0008333472224535399,0.9992747784045143,-8.058017727639034e-05
69075,42.437373956232605,1.0,560,681,1241,0.0008058017727639033,-0.0008333472224535399,0.9992747784045143,0.0
69076,42.43654060901015,1.0,560,681,1241,0.0,-0.0008333472224535399,0.9992747784045143,0.0
69077,42.4357072617877,1.0,560,681,1241,0.0,-0.0008333472224535399,0.9993553585817907,8.058017727639034e-05
69078,42.434873914565244,1.0,560,681,1241,0.0,-0.0008333472224535399,0.9995165189363433,0.00016116035455278067
69079,42.43404056734279,1.0,560,681,1241,0.0,-0.0008333472224535399,0.9995970991136197,8.058017727639034e-05
69080,42.43320722012034,1.0,560,681,1241,0.0,-0.0008333472224535399,0.999677679290896,8.058017727639034e-05
69081,42.432373872897884,1.0,560,681,1241,0.0,-0.0008333472224535399,0.9997582594681724,8.058017727639034e-05
69082,42.43154052567543,1.0,560,681,1241,0.0,-0.0008333472224535399,0.9998388396454487,8.058017727639034e-05
69083,42.43070717845298,1.0,560,681,1241,0.0,-0.0008333472224535399,0.999919419822725,8.058017727639034e-05
69084,42.42987383123052,1.0,560,681,1241,0.0,-0.0008333472224535399,1.0000000000000013,8.058017727639034e-05
69085,42.42904048400807,1.0,560,681,1241,0.0,-0.0008333472224535399,1.0000000000000013,0.0
69086,42.428207136785616,1.0,560,681,1241,0.0,-0.0008333472224535399,1.0000000000000013,0.0
69087,42.42737378956316,1.0,560,681,1241,0.0,-0.0008333472224535399,1.0000000000000013,0.0
69088,42.42654044234071,1.0,560,681,1241,0.0,-0.0008333472224535399,1.0000000000000013,0.0
69089,42.425707095118256,1.0,560,681,1241,0.0,-0.0008333472224535399,1.0000000000000013,0.0
69090,42.424873747895795,1.0,560,681,1241,0.0,-0.0008333472224606453,1.0000000000000013,0.0
69091,42.42404040067334,1.0,560,681,1241,0.0,-0.0008333472224535399,1.0000000000000013,0.0
69092,42.42320705345089,1.0,560,681,1241,0.0,-0.0008333472224535399,1.0000000000000013,0.0
69093,42.422373706228434,0.9991941982272361,560,681,1241,-0.0008058017727639033,-0.0008333472224535399,0.999919419822725,-8.058017727639034e-05
69094,42.42154035900598,1.0,560,681,1241,0.0008058017727639033,-0.0008333472224535399,0.999919419822725,0.0
69095,42.42070701178353,1.0,560,681,1241,0.0,-0.0008333472224535399,0.999919419822725,0.0
69096,42.419873664561074,1.0,560,681,1241,0.0,-0.0008333472224535399,0.999919419822725,0.0
69097,42.41904031733862,1.0,560,681,1241,0.0,-0.0008333472224535399,0.999919419822725,0.0
69098,42.41820697011617,1.0,560,681,1241,0.0,-0.0008333472224535399,0.999919419822725,0.0
69099,42.41737362289371,1.0,560,681,1241,0.0,-0.0008333472224535399,0.999919419822725,0.0
69100,42.41654027567126,1.0,560,681,1241,0.0,-0.0008333472224535399,0.999919419822725,0.0
69101,42.415706928448806,1.0,560,681,1241,0.0,-0.0008333472224535399,0.999919419822725,0.0
69102,42.41487358122635,1.0,560,681,1241,0.0,-0.0008333472224535399,0.999919419822725,0.0
69103,42.4140402340039,1.0,560,681,1241,0.0,-0.0008333472224535399,1.0000000000000013,8.058017727639034e-05
69104,42.413206886781445,1.0,560,681,1241,0.0,-0.0008333472224535399,1.0000000000000013,0.0
69105,42.41237353955899,1.0,560,681,1241,0.0,-0.0008333472224535399,1.0000000000000013,0.0
69106,42.41154019233654,1.0,560,681,1241,0.0,-0.0008333472224535399,1.0000000000000013,0.0
69107,42.410706845114085,1.0,560,681,1241,0.0,-0.0008333472224535399,1.0000000000000013,0.0
69108,42.40987349789163,1.0,560,681,1241,0.0,-0.0008333472224535399,1.0000000000000013,0.0
69109,42.40904015066918,1.0,560,681,1241,0.0,-0.0008333472224535399,1.0000000000000013,0.0
69110,42.408206803446724,1.0,560,681,1241,0.0,-0.0008333472224535399,1.0000000000000013,0.0
69111,42.40737345622427,1.0,560,681,1241,0.0,-0.0008333472224535399,1.0000000000000013,0.0
69112,42.40654010900182,1.0,560,681,1241,0.0,-0.0008333472224535399,1.0000000000000013,0.0
69113,42.40570676177936,1.0,560,681,1241,0.0,-0.0008333472224535399,1.0000000000000013,0.0
69114,42.40487341455691,1.0,560,681,1241,0.0,-0.0008333472224535399,1.0000000000000013,0.0
69115,42.404040067334456,1.0,560,681,1241,0.0,-0.0008333472224535399,1.0000000000000013,0.0
69116,42.403206720112,1.0,560,681,1241,0.0,-0.0008333472224535399,1.0000000000000013,0.0
69117,42.40237337288955,1.0,560,681,1241,0.0,-0.0008333472224535399,1.0000000000000013,0.0
69118,42.401540025667096,1.0,560,681,1241,0.0,-0.0008333472224535399,1.0000000000000013,0.0
69119,42.40070667844464,0.9991941982272361,560,681,1241,-0.0008058017727639033,-0.0008333472224535399,0.999919419822725,-8.058017727639034e-05
69120,42.39987333122219,0.9991941982272361,560,681,1241,0.0,-0.0008333472224535399,0.9998388396454487,-8.058017727639034e-05
69121,42.399039983999735,1.0,560,681,1241,0.0008058017727639033,-0.0008333472224535399,0.9998388396454487,0.0
69122,42.39820663677728,0.9991941982272361,560,681,1241,-0.0008058017727639033,-0.0008333472224535399,0.9997582594681724,-8.058017727639034e-05
69123,42.39737328955483,0.9991941982272361,560,681,1241,0.0,-0.0008333472224535399,0.999677679290896,-8.058017727639034e-05
69124,42.396539942332375,0.9991941982272361,560,681,1241,0.0,-0.0008333472224535399,0.9995970991136197,-8.058017727639034e-05
69125,42.39570659510992,1.0,560,681,1241,0.0008058017727639033,-0.0008333472224535399,0.9995970991136197,0.0
69126,42.39487324788747,1.0,560,681,1241,0.0,-0.0008333472224535399,0.9995970991136197,0.0
69127,42.39403990066501,1.0,560,681,1241,0.0,-0.0008333472224606453,0.9995970991136197,0.0
69128,42.39320655344255,1.0,560,681,1241,0.0,-0.0008333472224535399,0.9995970991136197,0.0
69129,42.3923732062201,1.0,560,681,1241,0.0,-0.0008333472224535399,0.999677679290896,8.058017727639034e-05
69130,42.391539858997646,1.0,560,681,1241,0.0,-0.0008333472224535399,0.9997582594681724,8.058017727639034e-05
69131,42.39070651177519,1.0,560,681,1241,0.0,-0.0008333472224535399,0.9997582594681724,0.0
69132,42.38987316455274,1.0,560,681,1241,0.0,-0.0008333472224535399,0.9998388396454487,8.058017727639034e-05
69133,42.389039817330286,1.0,560,681,1241,0.0,-0.0008333472224535399,0.999919419822725,8.058017727639034e-05
69134,42.38820647010783,1.0,560,681,1241,0.0,-0.0008333472224535399,1.0000000000000013,8.058017727639034e-05
69135,42.38737312288538,1.0,560,681,1241,0.0,-0.0008333472224535399,1.0000000000000013,0.0
69136,42.386539775662925,1.0,560,681,1241,0.0,-0.0008333472224535399,1.0000000000000013,0.0
69137,42.38570642844047,1.0,560,681,1241,0.0,-0.0008333472224535399,1.0000000000000013,0.0
69138,42.38487308121802,1.0,560,681,1241,0.0,-0.0008333472224535399,1.0000000000000013,0.0
69139,42.384039733995564,1.0,560,681,1241,0.0,-0.0008333472224535399,1.0000000000000013,0.0
69140,42.38320638677311,1.0,560,681,1241,0.0,-0.0008333472224535399,1.0000000000000013,0.0
69141,42.38237303955066,1.0,560,681,1241,0.0,-0.0008333472224535399,1.0000000000000013,0.0
69142,42.381539692328204,1.0,560,681,1241,0.0,-0.0008333472224535399,1.0000000000000013,0.0
69143,42.38070634510575,1.0,560,681,1241,0.0,-0.0008333472224535399,1.0000000000000013,0.0
69144,42.3798729978833,1.0,560,681,1241,0.0,-0.0008333472224535399,1.0000000000000013,0.0
69145,42.37903965066084,1.0,560,681,1241,0.0,-0.0008333472224535399,1.0000000000000013,0.0
69146,42.37820630343839,1.0,560,681,1241,0.0,-0.0008333472224535399,1.0000000000000013,0.0
69147,42.377372956215936,1.0,560,681,1241,0.0,-0.0008333472224535399,1.0000000000000013,0.0
69148,42.37653960899348,1.0,560,681,1241,0.0,-0.0008333472224535399,1.0000000000000013,0.0
69149,42.37570626177103,1.0,560,681,1241,0.0,-0.0008333472224535399,1.0000000000000013,0.0
69150,42.374872914548575,1.0,560,681,1241,0.0,-0.0008333472224535399,1.0000000000000013,0.0
69151,42.37403956732612,1.0,560,681,1241,0.0,-0.0008333472224535399,1.0000000000000013,0.0
69152,42.37320622010367,1.0,560,681,1241,0.0,-0.0008333472224535399,1.0000000000000013,0.0
69153,42.372372872881215,1.0,560,681,1241,0.0,-0.0008333472224535399,1.0000000000000013,0.0
69154,42.37153952565876,1.0,560,681,1241,0.0,-0.0008333472224535399,1.0000000000000013,0.0
69155,42.37070617843631,1.0,560,681,1241,0.0,-0.0008333472224535399,1.0000000000000013,0.0
69156,42.369872831213854,1.0,560,681,1241,0.0,-0.0008333472224535399,1.0000000000000013,0.0
69157,42.3690394839914,0.9991941982272361,560,681,1241,-0.0008058017727639033,-0.0008333472224535399,0.999919419822725,-8.058017727639034e-05
69158,42.36820613676895,0.9991941982272361,560,681,1241,0.0,-0.0008333472224535399,0.9998388396454487,-8.058017727639034e-05
69159,42.36737278954649,0.9991941982272361,560,681,1241,0.0,-0.0008333472224535399,0.9997582594681724,-8.058017727639034e-05
69160,42.36653944232404,1.0,560,681,1241,0.0008058017727639033,-0.0008333472224535399,0.9997582594681724,0.0
69161,42.36570609510159,1.0,560,681,1241,0.0,-0.0008333472224535399,0.9997582594681724,0.0
69162,42.36487274787913,1.0,560,681,1241,0.0,-0.0008333472224535399,0.9997582594681724,0.0
69163,42.36403940065668,1.0,560,681,1241,0.0,-0.0008333472224535399,0.9997582594681724,0.0
69164,42.363206053434226,1.0,560,681,1241,0.0,-0.0008333472224535399,0.9997582594681724,0.0
69165,42.36237270621177,1.0,560,681,1241,0.0,-0.0008333472224535399,0.9997582594681724,0.0
69166,42.36153935898932,1.0,560,681,1241,0.0,-0.0008333472224535399,0.9997582594681724,0.0
69167,42.360706011766865,1.0,560,681,1241,0.0,-0.0008333472224535399,0.9998388396454487,8.058017727639034e-05
69168,42.35987266454441,1.0,560,681,1241,0.0,-0.0008333472224535399,0.999919419822725,8.058017727639034e-05
69169,42.35903931732196,1.0,560,681,1241,0.0,-0.0008333472224535399,1.0000000000000013,8.058017727639034e-05
69170,42.358205970099505,1.0,560,681,1241,0.0,-0.0008333472224535399,1.0000000000000013,0.0
69171,42.35737262287705,1.0,560,681,1241,0.0,-0.0008333472224535399,1.0000000000000013,0.0
69172,42.3565392756546,1.0,560,681,1241,0.0,-0.0008333472224535399,1.0000000000000013,0.0
69173,42.355705928432144,1.0,560,681,1241,0.0,-0.0008333472224535399,1.0000000000000013,0.0
69174,42.35487258120969,1.0,560,681,1241,0.0,-0.0008333472224535399,1.0000000000000013,0.0
69175,42.35403923398723,1.0,560,681,1241,0.0,-0.0008333472224606453,1.0000000000000013,0.0
69176,42.353205886764776,1.0,560,681,1241,0.0,-0.0008333472224535399,1.0000000000000013,0.0
69177,42.35237253954232,1.0,560,681,1241,0.0,-0.0008333472224535399,1.0000000000000013,0.0
69178,42.35153919231987,1.0,560,681,1241,0.0,-0.0008333472224535399,1.0000000000000013,0.0
69179,42.350705845097416,1.0,560,681,1241,0.0,-0.0008333472224535399,1.0000000000000013,0.0
69180,42.34987249787496,1.0,560,681,1241,0.0,-0.0008333472224535399,1.0000000000000013,0.0
69181,42.34903915065251,1.0,560,681,1241,0.0,-0.0008333472224535399,1.0000000000000013,0.0
69182,42.348205803430055,1.0,560,681,1241,0.0,-0.0008333472224535399,1.0000000000000013,0.0
69183,42.3473724562076,1.0,560,681,1241,0.0,-0.0008333472224535399,1.0000000000000013,0.0
69184,42.34653910898515,1.0,560,681,1241,0.0,-0.0008333472224535399,1.0000000000000013,0.0
69185,42.345705761762694,1.0,560,681,1241,0.0,-0.0008333472224535399,1.0000000000000013,0.0
69186,42.34487241454024,1.0,560,681,1241,0.0,-0.0008333472224535399,1.0000000000000013,0.0
69187,42.34403906731779,1.0,560,681,1241,0.0,-0.0008333472224535399,1.0000000000000013,0.0
69188,42.343205720095334,1.0,560,681,1241,0.0,-0.0008333472224535399,1.0000000000000013,0.0
69189,42.34237237287288,1.0,560,681,1241,0.0,-0.0008333472224535399,1.0000000000000013,0.0
69190,42.34153902565043,1.0,560,681,1241,0.0,-0.0008333472224535399,1.0000000000000013,0.0
69191,42.34070567842797,1.0,560,681,1241,0.0,-0.0008333472224535399,1.0000000000000013,0.0
69192,42.33987233120552,1.0,560,681,1241,0.0,-0.0008333472224535399,1.0000000000000013,0.0
69193,42.339038983983066,1.0,560,681,1241,0.0,-0.0008333472224535399,1.0000000000000013,0.0
69194,42.33820563676061,1.0,560,681,1241,0.0,-0.0008333472224535399,1.0000000000000013,0.0
69195,42.33737228953816,1.0,560,681,1241,0.0,-0.0008333472224535399,1.0000000000000013,0.0
69196,42.336538942315705,1.0,560,681,1241,0.0,-0.0008333472224535399,1.0000000000000013,0.0
69197,42.33570559509325,1.0,560,681,1241,0.0,-0.0008333472224535399,1.0000000000000013,0.0
69198,42.3348722478708,1.0,560,681,1241,0.0,-0.0008333472224535399,1.0000000000000013,0.0
69199,42.334038900648345,1.0,560,681,1241,0.0,-0.0008333472224535399,1.0000000000000013,0.0
69200,42.33320555342589,1.0,560,681,1241,0.0,-0.0008333472224535399,1.0000000000000013,0.0
69201,42.33237220620344,1.0,560,681,1241,0.0,-0.0008333472224535399,1.0000000000000013,0.0
69202,42.331538858980984,1.0,560,681,1241,0.0,-0.0008333472224535399,1.0000000000000013,0.0
69203,42.33070551175853,1.0,560,681,1241,0.0,-0.0008333472224535399,1.0000000000000013,0.0
69204,42.32987216453608,1.0,560,681,1241,0.0,-0.0008333472224535399,1.0000000000000013,0.0
69205,42.329038817313624,1.0,560,681,1241,0.0,-0.0008333472224535399,1.0000000000000013,0.0
69206,42.32820547009117,1.0,560,681,1241,0.0,-0.0008333472224535399,1.0000000000000013,0.0
69207,42.32737212286872,1.0,560,681,1241,0.0,-0.0008333472224535399,1.0000000000000013,0.0
69208,42.32653877564626,1.0,560,681,1241,0.0,-0.0008333472224535399,1.0000000000000013,0.0
69209,42.32570542842381,1.0,560,681,1241,0.0,-0.0008333472224535399,1.0000000000000013,0.0
69210,42.324872081201356,1.0,560,681,1241,0.0,-0.0008333472224535399,1.0000000000000013,0.0
69211,42.3240387339789,1.0,560,681,1241,0.0,-0.0008333472224535399,1.0000000000000013,0.0
69212,42.32320538675644,1.0,560,681,1241,0.0,-0.0008333472224606453,1.0000000000000013,0.0
69213,42.32237203953399,1.0,560,681,1241,0.0,-0.0008333472224535399,1.0000000000000013,0.0
69214,42.321538692311535,1.0,560,681,1241,0.0,-0.0008333472224535399,1.0000000000000013,0.0
69215,42.32070534508908,1.0,560,681,1241,0.0,-0.0008333472224535399,1.0000000000000013,0.0
69216,42.31987199786663,1.0,560,681,1241,0.0,-0.0008333472224535399,1.0000000000000013,0.0
69217,42.319038650644174,1.0,560,681,1241,0.0,-0.0008333472224535399,1.0000000000000013,0.0
69218,42.31820530342172,1.0,560,681,1241,0.0,-0.0008333472224535399,1.0000000000000013,0.0
69219,42.31737195619927,1.0,560,681,1241,0.0,-0.0008333472224535399,1.0000000000000013,0.0
69220,42.31653860897681,1.0,560,681,1241,0.0,-0.0008333472224535399,1.0000000000000013,0.0
69221,42.31570526175436,1.0,560,681,1241,0.0,-0.0008333472224535399,1.0000000000000013,0.0
69222,42.314871914531906,1.0,560,681,1241,0.0,-0.0008333472224535399,1.0000000000000013,0.0
69223,42.31403856730945,0.9991941982272361,560,681,1241,-0.0008058017727639033,-0.0008333472224535399,0.999919419822725,-8.058017727639034e-05
69224,42.313205220087,0.9991941982272361,560,681,1241,0.0,-0.0008333472224535399,0.9998388396454487,-8.058017727639034e-05
69225,42.312371872864546,1.0,560,681,1241,0.0008058017727639033,-0.0008333472224535399,0.9998388396454487,0.0
69226,42.31153852564209,1.0,560,681,1241,0.0,-0.0008333472224535399,0.9998388396454487,0.0
69227,42.31070517841964,1.0,560,681,1241,0.0,-0.0008333472224535399,0.9998388396454487,0.0
69228,42.309871831197185,1.0,560,681,1241,0.0,-0.0008333472224535399,0.9998388396454487,0.0
69229,42.30903848397473,1.0,560,681,1241,0.0,-0.0008333472224535399,0.9998388396454487,0.0
69230,42.30820513675228,1.0,560,681,1241,0.0,-0.0008333472224535399,0.9998388396454487,0.0
69231,42.307371789529824,1.0,560,681,1241,0.0,-0.0008333472224535399,0.9998388396454487,0.0
69232,42.30653844230737,1.0,560,681,1241,0.0,-0.0008333472224535399,0.9998388396454487,0.0
69233,42.30570509508492,1.0,560,681,1241,0.0,-0.0008333472224535399,0.999919419822725,8.058017727639034e-05
69234,42.304871747862464,1.0,560,681,1241,0.0,-0.0008333472224535399,1.0000000000000013,8.058017727639034e-05
69235,42.30403840064001,1.0,560,681,1241,0.0,-0.0008333472224535399,1.0000000000000013,0.0
69236,42.30320505341756,1.0,560,681,1241,0.0,-0.0008333472224535399,1.0000000000000013,0.0
69237,42.3023717061951,1.0,560,681,1241,0.0,-0.0008333472224535399,1.0000000000000013,0.0
69238,42.30153835897265,1.0,560,681,1241,0.0,-0.0008333472224535399,1.0000000000000013,0.0
69239,42.300705011750196,1.0,560,681,1241,0.0,-0.0008333472224535399,1.0000000000000013,0.0
69240,42.29987166452774,1.0,560,681,1241,0.0,-0.0008333472224535399,1.0000000000000013,0.0
69241,42.29903831730529,1.0,560,681,1241,0.0,-0.0008333472224535399,1.0000000000000013,0.0
69242,42.298204970082836,1.0,560,681,1241,0.0,-0.0008333472224535399,1.0000000000000013,0.0
69243,42.29737162286038,1.0,560,681,1241,0.0,-0.0008333472224535399,1.0000000000000013,0.0
69244,42.29653827563793,1.0,560,681,1241,0.0,-0.0008333472224535399,1.0000000000000013,0.0
69245,42.295704928415475,1.0,560,681,1241,0.0,-0.0008333472224535399,1.0000000000000013,0.0
69246,42.29487158119302,1.0,560,681,1241,0.0,-0.0008333472224535399,1.0000000000000013,0.0
69247,42.29403823397057,1.0,560,681,1241,0.0,-0.0008333472224535399,1.0000000000000013,0.0
69248,42.293204886748114,1.0,560,681,1241,0.0,-0.0008333472224535399,1.0000000000000013,0.0
69249,42.29237153952566,1.0,560,681,1241,0.0,-0.0008333472224535399,1.0000000000000013,0.0
69250,42.29153819230321,1.0,560,681,1241,0.0,-0.0008333472224535399,1.0000000000000013,0.0
69251,42.290704845080754,1.0,560,681,1241,0.0,-0.0008333472224535399,1.0000000000000013,0.0
69252,42.2898714978583,1.0,560,681,1241,0.0,-0.0008333472224535399,1.0000000000000013,0.0
69253,42.28903815063585,1.0,560,681,1241,0.0,-0.0008333472224535399,1.0000000000000013,0.0
69254,42.28820480341339,1.0,560,681,1241,0.0,-0.0008333472224535399,1.0000000000000013,0.0
69255,42.28737145619094,1.0,560,681,1241,0.0,-0.0008333472224535399,1.0000000000000013,0.0
69256,42.286538108968486,1.0,560,681,1241,0.0,-0.0008333472224535399,1.0000000000000013,0.0
69257,42.28570476174603,1.0,560,681,1241,0.0,-0.0008333472224535399,1.0000000000000013,0.0
69258,42.28487141452358,1.0,560,681,1241,0.0,-0.0008333472224535399,1.0000000000000013,0.0
69259,42.284038067301125,1.0,560,681,1241,0.0,-0.0008333472224535399,1.0000000000000013,0.0
69260,42.283204720078665,1.0,560,681,1241,0.0,-0.0008333472224606453,1.0000000000000013,0.0
69261,42.28237137285621,1.0,560,681,1241,0.0,-0.0008333472224535399,1.0000000000000013,0.0
69262,42.28153802563376,1.0,560,681,1241,0.0,-0.0008333472224535399,1.0000000000000013,0.0
69263,42.280704678411304,1.0,560,681,1241,0.0,-0.0008333472224535399,1.0000000000000013,0.0
69264,42.27987133118885,1.0,560,681,1241,0.0,-0.0008333472224535399,1.0000000000000013,0.0
69265,42.2790379839664,1.0,560,681,1241,0.0,-0.0008333472224535399,1.0000000000000013,0.0
69266,42.27820463674394,1.0,560,681,1241,0.0,-0.0008333472224535399,1.0000000000000013,0.0
69267,42.27737128952149,1.0,560,681,1241,0.0,-0.0008333472224535399,1.0000000000000013,0.0
69268,42.276537942299036,0.9991941982272361,560,681,1241,-0.0008058017727639033,-0.0008333472224535399,0.999919419822725,-8.058017727639034e-05
69269,42.27570459507658,0.9991941982272361,560,681,1241,0.0,-0.0008333472224535399,0.9998388396454487,-8.058017727639034e-05
69270,42.27487124785413,0.9991941982272361,560,681,1241,0.0,-0.0008333472224535399,0.9997582594681724,-8.058017727639034e-05
69271,42.274037900631676,1.0,560,681,1241,0.0008058017727639033,-0.0008333472224535399,0.9997582594681724,0.0
69272,42.27320455340922,1.0,560,681,1241,0.0,-0.0008333472224535399,0.9997582594681724,0.0
69273,42.27237120618677,1.0,560,681,1241,0.0,-0.0008333472224535399,0.9997582594681724,0.0
69274,42.271537858964315,1.0,560,681,1241,0.0,-0.0008333472224535399,0.9997582594681724,0.0
69275,42.27070451174186,1.0,560,681,1241,0.0,-0.0008333472224535399,0.9997582594681724,0.0
69276,42.26987116451941,0.9991941982272361,560,681,1241,-0.0008058017727639033,-0.0008333472224535399,0.999677679290896,-8.058017727639034e-05
69277,42.269037817296955,1.0,560,681,1241,0.0008058017727639033,-0.0008333472224535399,0.999677679290896,0.0
69278,42.2682044700745,1.0,560,681,1241,0.0,-0.0008333472224535399,0.9997582594681724,8.058017727639034e-05
69279,42.26737112285205,1.0,560,681,1241,0.0,-0.0008333472224535399,0.9998388396454487,8.058017727639034e-05
69280,42.266537775629594,1.0,560,681,1241,0.0,-0.0008333472224535399,0.999919419822725,8.058017727639034e-05
69281,42.26570442840714,1.0,560,681,1241,0.0,-0.0008333472224535399,0.999919419822725,0.0
69282,42.26487108118469,1.0,560,681,1241,0.0,-0.0008333472224535399,0.999919419822725,0.0
69283,42.26403773396223,1.0,560,681,1241,0.0,-0.0008333472224535399,0.999919419822725,0.0
69284,42.26320438673978,1.0,560,681,1241,0.0,-0.0008333472224535399,0.999919419822725,0.0
69285,42.262371039517326,1.0,560,681,1241,0.0,-0.0008333472224535399,0.999919419822725,0.0
69286,42.26153769229487,1.0,560,681,1241,0.0,-0.0008333472224535399,1.0000000000000013,8.058017727639034e-05
69287,42.26070434507242,1.0,560,681,1241,0.0,-0.0008333472224535399,1.0000000000000013,0.0
69288,42.259870997849966,1.0,560,681,1241,0.0,-0.0008333472224535399,1.0000000000000013,0.0
69289,42.25903765062751,1.0,560,681,1241,0.0,-0.0008333472224535399,1.0000000000000013,0.0
69290,42.25820430340506,1.0,560,681,1241,0.0,-0.0008333472224535399,1.0000000000000013,0.0
69291,42.257370956182605,1.0,560,681,1241,0.0,-0.0008333472224535399,1.0000000000000013,0.0
69292,42.25653760896015,1.0,560,681,1241,0.0,-0.0008333472224535399,1.0000000000000013,0.0
69293,42.2557042617377,1.0,560,681,1241,0.0,-0.0008333472224535399,1.0000000000000013,0.0
69294,42.254870914515244,1.0,560,681,1241,0.0,-0.0008333472224535399,1.0000000000000013,0.0
69295,42.25403756729279,1.0,560,681,1241,0.0,-0.0008333472224535399,1.0000000000000013,0.0
69296,42.25320422007034,1.0,560,681,1241,0.0,-0.0008333472224535399,1.0000000000000013,0.0
69297,42.25237087284788,1.0,560,681,1241,0.0,-0.0008333472224606453,1.0000000000000013,0.0
69298,42.25153752562542,1.0,560,681,1241,0.0,-0.0008333472224535399,1.0000000000000013,0.0
69299,42.25070417840297,1.0,560,681,1241,0.0,-0.0008333472224535399,1.0000000000000013,0.0
69300,42.249870831180516,1.0,560,681,1241,0.0,-0.0008333472224535399,1.0000000000000013,0.0
69301,42.24903748395806,1.0,560,681,1241,0.0,-0.0008333472224535399,1.0000000000000013,0.0
69302,42.24820413673561,1.0,560,681,1241,0.0,-0.0008333472224535399,1.0000000000000013,0.0
69303,42.247370789513155,1.0,560,681,1241,0.0,-0.0008333472224535399,1.0000000000000013,0.0
69304,42.2465374422907,0.9991941982272361,560,681,1241,-0.0008058017727639033,-0.0008333472224535399,0.999919419822725,-8.058017727639034e-05
69305,42.24570409506825,1.0,560,681,1241,0.0008058017727639033,-0.0008333472224535399,0.999919419822725,0.0
69306,42.244870747845795,1.0,560,681,1241,0.0,-0.0008333472224535399,0.999919419822725,0.0
69307,42.24403740062334,1.0,560,681,1241,0.0,-0.0008333472224535399,0.999919419822725,0.0
69308,42.24320405340089,1.0,560,681,1241,0.0,-0.0008333472224535399,0.999919419822725,0.0
69309,42.242370706178434,1.0,560,681,1241,0.0,-0.0008333472224535399,0.999919419822725,0.0
69310,42.24153735895598,1.0,560,681,1241,0.0,-0.0008333472224535399,0.999919419822725,0.0
69311,42.24070401173353,1.0,560,681,1241,0.0,-0.0008333472224535399,0.999919419822725,0.0
69312,42.23987066451107,1.0,560,681,1241,0.0,-0.0008333472224535399,0.999919419822725,0.0
69313,42.23903731728862,1.0,560,681,1241,0.0,-0.0008333472224535399,0.999919419822725,0.0
69314,42.23820397006617,1.0,560,681,1241,0.0,-0.0008333472224535399,1.0000000000000013,8.058017727639034e-05
69315,42.23737062284371,1.0,560,681,1241,0.0,-0.0008333472224535399,1.0000000000000013,0.0
69316,42.23653727562126,1.0,560,681,1241,0.0,-0.0008333472224535399,1.0000000000000013,0.0
69317,42.235703928398806,1.0,560,681,1241,0.0,-0.0008333472224535399,1.0000000000000013,0.0
69318,42.23487058117635,1.0,560,681,1241,0.0,-0.0008333472224535399,1.0000000000000013,0.0
69319,42.2340372339539,1.0,560,681,1241,0.0,-0.0008333472224535399,1.0000000000000013,0.0
69320,42.233203886731445,1.0,560,681,1241,0.0,-0.0008333472224535399,1.0000000000000013,0.0
69321,42.23237053950899,1.0,560,681,1241,0.0,-0.0008333472224535399,1.0000000000000013,0.0
69322,42.23153719228654,0.9991941982272361,560,681,1241,-0.0008058017727639033,-0.0008333472224535399,0.999919419822725,-8.058017727639034e-05
69323,42.230703845064085,0.9991941982272361,560,681,1241,0.0,-0.0008333472224535399,0.9998388396454487,-8.058017727639034e-05
69324,42.22987049784163,1.0,560,681,1241,0.0008058017727639033,-0.0008333472224535399,0.9998388396454487,0.0
69325,42.22903715061918,1.0,560,681,1241,0.0,-0.0008333472224535399,0.9998388396454487,0.0
69326,42.228203803396724,1.0,560,681,1241,0.0,-0.0008333472224535399,0.9998388396454487,0.0
69327,42.22737045617427,1.0,560,681,1241,0.0,-0.0008333472224535399,0.9998388396454487,0.0
69328,42.22653710895182,1.0,560,681,1241,0.0,-0.0008333472224535399,0.9998388396454487,0.0
69329,42.22570376172936,1.0,560,681,1241,0.0,-0.0008333472224535399,0.9998388396454487,0.0
69330,42.22487041450691,1.0,560,681,1241,0.0,-0.0008333472224535399,0.9998388396454487,0.0
69331,42.224037067284456,1.0,560,681,1241,0.0,-0.0008333472224535399,0.9998388396454487,0.0
69332,42.223203720062,1.0,560,681,1241,0.0,-0.0008333472224535399,0.999919419822725,8.058017727639034e-05
69333,42.22237037283955,1.0,560,681,1241,0.0,-0.0008333472224535399,1.0000000000000013,8.058017727639034e-05
69334,42.221537025617096,0.9991941982272361,560,681,1241,-0.0008058017727639033,-0.0008333472224535399,0.999919419822725,-8.058017727639034e-05
69335,42.22070367839464,0.9991941982272361,560,681,1241,0.0,-0.0008333472224535399,0.9998388396454487,-8.058017727639034e-05
69336,42.21987033117219,1.0,560,681,1241,0.0008058017727639033,-0.0008333472224535399,0.9998388396454487,0.0
69337,42.219036983949735,1.0,560,681,1241,0.0,-0.0008333472224535399,0.9998388396454487,0.0
69338,42.21820363672728,1.0,560,681,1241,0.0,-0.0008333472224535399,0.9998388396454487,0.0
69339,42.21737028950483,1.0,560,681,1241,0.0,-0.0008333472224535399,0.9998388396454487,0.0
69340,42.216536942282374,1.0,560,681,1241,0.0,-0.0008333472224535399,0.9998388396454487,0.0
69341,42.21570359505992,1.0,560,681,1241,0.0,-0.0008333472224535399,0.9998388396454487,0.0
69342,42.21487024783747,1.0,560,681,1241,0.0,-0.0008333472224535399,0.9998388396454487,0.0
69343,42.214036900615014,1.0,560,681,1241,0.0,-0.0008333472224535399,0.9998388396454487,0.0
69344,42.21320355339255,1.0,560,681,1241,0.0,-0.0008333472224606453,0.999919419822725,8.058017727639034e-05
69345,42.2123702061701,1.0,560,681,1241,0.0,-0.0008333472224535399,1.0000000000000013,8.058017727639034e-05
69346,42.211536858947646,1.0,560,681,1241,0.0,-0.0008333472224535399,1.0000000000000013,0.0
69347,42.21070351172519,1.0,560,681,1241,0.0,-0.0008333472224535399,1.0000000000000013,0.0
69348,42.20987016450274,1.0,560,681,1241,0.0,-0.0008333472224535399,1.0000000000000013,0.0
69349,42.209036817280285,1.0,560,681,1241,0.0,-0.0008333472224535399,1.0000000000000013,0.0
69350,42.20820347005783,1.0,560,681,1241,0.0,-0.0008333472224535399,1.0000000000000013,0.0
69351,42.20737012283538,1.0,560,681,1241,0.0,-0.0008333472224535399,1.0000000000000013,0.0
69352,42.206536775612925,1.0,560,681,1241,0.0,-0.0008333472224535399,1.0000000000000013,0.0
69353,42.20570342839047,1.0,560,681,1241,0.0,-0.0008333472224535399,1.0000000000000013,0.0
69354,42.20487008116802,1.0,560,681,1241,0.0,-0.0008333472224535399,1.0000000000000013,0.0
69355,42.204036733945564,1.0,560,681,1241,0.0,-0.0008333472224535399,1.0000000000000013,0.0
69356,42.20320338672311,1.0,560,681,1241,0.0,-0.0008333472224535399,1.0000000000000013,0.0
69357,42.20237003950066,1.0,560,681,1241,0.0,-0.0008333472224535399,1.0000000000000013,0.0
69358,42.201536692278204,1.0,560,681,1241,0.0,-0.0008333472224535399,1.0000000000000013,0.0
69359,42.20070334505575,1.0,560,681,1241,0.0,-0.0008333472224535399,1.0000000000000013,0.0
69360,42.1998699978333,0.9991941982272361,560,681,1241,-0.0008058017727639033,-0.0008333472224535399,0.999919419822725,-8.058017727639034e-05
69361,42.19903665061084,0.9991941982272361,560,681,1241,0.0,-0.0008333472224535399,0.9998388396454487,-8.058017727639034e-05
69362,42.19820330338839,1.0,560,681,1241,0.0008058017727639033,-0.0008333472224535399,0.9998388396454487,0.0
69363,42.197369956165936,1.0,560,681,1241,0.0,-0.0008333472224535399,0.9998388396454487,0.0
69364,42.19653660894348,1.0,560,681,1241,0.0,-0.0008333472224535399,0.9998388396454487,0.0
69365,42.19570326172103,1.0,560,681,1241,0.0,-0.0008333472224535399,0.9998388396454487,0.0
69366,42.194869914498575,1.0,560,681,1241,0.0,-0.0008333472224535399,0.9998388396454487,0.0
69367,42.19403656727612,1.0,560,681,1241,0.0,-0.0008333472224535399,0.9998388396454487,0.0
69368,42.19320322005367,0.9991941982272361,560,681,1241,-0.0008058017727639033,-0.0008333472224535399,0.9997582594681724,-8.058017727639034e-05
69369,42.192369872831215,1.0,560,681,1241,0.0008058017727639033,-0.0008333472224535399,0.9997582594681724,0.0
69370,42.19153652560876,0.9991941982272361,560,681,1241,-0.0008058017727639033,-0.0008333472224535399,0.9997582594681724,0.0
69371,42.19070317838631,0.9991941982272361,560,681,1241,0.0,-0.0008333472224535399,0.9997582594681724,0.0
69372,42.189869831163854,1.0,560,681,1241,0.0008058017727639033,-0.0008333472224535399,0.9997582594681724,0.0
69373,42.1890364839414,1.0,560,681,1241,0.0,-0.0008333472224535399,0.9997582594681724,0.0
69374,42.18820313671895,1.0,560,681,1241,0.0,-0.0008333472224535399,0.9997582594681724,0.0
69375,42.18736978949649,1.0,560,681,1241,0.0,-0.0008333472224535399,0.9997582594681724,0.0
69376,42.18653644227404,1.0,560,681,1241,0.0,-0.0008333472224535399,0.9997582594681724,0.0
69377,42.185703095051586,1.0,560,681,1241,0.0,-0.0008333472224535399,0.9997582594681724,0.0
69378,42.18486974782913,1.0,560,681,1241,0.0,-0.0008333472224535399,0.9998388396454487,8.058017727639034e-05
69379,42.18403640060668,1.0,560,681,1241,0.0,-0.0008333472224535399,0.9998388396454487,0.0
69380,42.183203053384226,0.9991941982272361,560,681,1241,-0.0008058017727639033,-0.0008333472224535399,0.9998388396454487,0.0
69381,42.182369706161765,1.0,560,681,1241,0.0008058017727639033,-0.0008333472224606453,0.999919419822725,8.058017727639034e-05
69382,42.18153635893931,1.0,560,681,1241,0.0,-0.0008333472224535399,0.999919419822725,0.0
69383,42.18070301171686,1.0,560,681,1241,0.0,-0.0008333472224535399,0.999919419822725,0.0
69384,42.179869664494404,1.0,560,681,1241,0.0,-0.0008333472224535399,0.999919419822725,0.0
69385,42.17903631727195,1.0,560,681,1241,0.0,-0.0008333472224535399,0.999919419822725,0.0
69386,42.1782029700495,1.0,560,681,1241,0.0,-0.0008333472224535399,0.999919419822725,0.0
69387,42.177369622827044,1.0,560,681,1241,0.0,-0.0008333472224535399,0.999919419822725,0.0
69388,42.17653627560459,1.0,560,681,1241,0.0,-0.0008333472224535399,0.999919419822725,0.0
69389,42.17570292838214,1.0,560,681,1241,0.0,-0.0008333472224535399,0.999919419822725,0.0
69390,42.17486958115968,1.0,560,681,1241,0.0,-0.0008333472224535399,1.0000000000000013,8.058017727639034e-05
69391,42.17403623393723,1.0,560,681,1241,0.0,-0.0008333472224535399,1.0000000000000013,0.0
69392,42.173202886714776,1.0,560,681,1241,0.0,-0.0008333472224535399,1.0000000000000013,0.0
69393,42.17236953949232,1.0,560,681,1241,0.0,-0.0008333472224535399,1.0000000000000013,0.0
69394,42.17153619226987,1.0,560,681,1241,0.0,-0.0008333472224535399,1.0000000000000013,0.0
69395,42.170702845047416,1.0,560,681,1241,0.0,-0.0008333472224535399,1.0000000000000013,0.0
69396,42.16986949782496,1.0,560,681,1241,0.0,-0.0008333472224535399,1.0000000000000013,0.0
69397,42.16903615060251,1.0,560,681,1241,0.0,-0.0008333472224535399,1.0000000000000013,0.0
69398,42.168202803380055,1.0,560,681,1241,0.0,-0.0008333472224535399,1.0000000000000013,0.0
69399,42.1673694561576,1.0,560,681,1241,0.0,-0.0008333472224535399,1.0000000000000013,0.0
69400,42.16653610893515,1.0,560,681,1241,0.0,-0.0008333472224535399,1.0000000000000013,0.0
69401,42.165702761712694,1.0,560,681,1241,0.0,-0.0008333472224535399,1.0000000000000013,0.0
69402,42.16486941449024,1.0,560,681,1241,0.0,-0.0008333472224535399,1.0000000000000013,0.0
69403,42.16403606726779,1.0,560,681,1241,0.0,-0.0008333472224535399,1.0000000000000013,0.0
69404,42.163202720045334,1.0,560,681,1241,0.0,-0.0008333472224535399,1.0000000000000013,0.0
69405,42.16236937282288,1.0,560,681,1241,0.0,-0.0008333472224535399,1.0000000000000013,0.0
69406,42.16153602560043,1.0,560,681,1241,0.0,-0.0008333472224535399,1.0000000000000013,0.0
69407,42.16070267837797,1.0,560,681,1241,0.0,-0.0008333472224535399,1.0000000000000013,0.0
69408,42.15986933115552,1.0,560,681,1241,0.0,-0.0008333472224535399,1.0000000000000013,0.0
69409,42.159035983933066,1.0,560,681,1241,0.0,-0.0008333472224535399,1.0000000000000013,0.0
69410,42.15820263671061,1.0,560,681,1241,0.0,-0.0008333472224535399,1.0000000000000013,0.0
69411,42.15736928948816,0.9991941982272361,560,681,1241,-0.0008058017727639033,-0.0008333472224535399,0.999919419822725,-8.058017727639034e-05
69412,42.156535942265705,0.9991941982272361,560,681,1241,0.0,-0.0008333472224535399,0.9998388396454487,-8.058017727639034e-05
69413,42.15570259504325,0.9991941982272361,560,681,1241,0.0,-0.0008333472224535399,0.9997582594681724,-8.058017727639034e-05
69414,42.1548692478208,0.9991941982272361,560,681,1241,0.0,-0.0008333472224535399,0.999677679290896,-8.058017727639034e-05
69415,42.154035900598345,0.9991941982272361,560,681,1241,0.0,-0.0008333472224535399,0.9995970991136197,-8.058017727639034e-05
69416,42.15320255337589,0.9991941982272361,560,681,1241,0.0,-0.0008333472224535399,0.9995165189363433,-8.058017727639034e-05
69417,42.15236920615344,0.9991941982272361,560,681,1241,0.0,-0.0008333472224535399,0.999435938759067,-8.058017727639034e-05
69418,42.151535858930984,0.9991941982272361,560,681,1241,0.0,-0.0008333472224535399,0.9993553585817907,-8.058017727639034e-05
69419,42.15070251170853,0.9991941982272361,560,681,1241,0.0,-0.0008333472224535399,0.9992747784045143,-8.058017727639034e-05
69420,42.14986916448608,1.0,560,681,1241,0.0008058017727639033,-0.0008333472224535399,0.9992747784045143,0.0
69421,42.14903581726362,1.0,560,681,1241,0.0,-0.0008333472224535399,0.9993553585817907,8.058017727639034e-05
69422,42.14820247004117,1.0,560,681,1241,0.0,-0.0008333472224535399,0.999435938759067,8.058017727639034e-05
69423,42.147369122818716,1.0,560,681,1241,0.0,-0.0008333472224535399,0.9995165189363433,8.058017727639034e-05
69424,42.14653577559626,1.0,560,681,1241,0.0,-0.0008333472224535399,0.9995970991136197,8.058017727639034e-05
69425,42.14570242837381,1.0,560,681,1241,0.0,-0.0008333472224535399,0.999677679290896,8.058017727639034e-05
69426,42.144869081151356,1.0,560,681,1241,0.0,-0.0008333472224535399,0.9997582594681724,8.058017727639034e-05
69427,42.1440357339289,1.0,560,681,1241,0.0,-0.0008333472224535399,0.9998388396454487,8.058017727639034e-05
69428,42.14320238670645,1.0,560,681,1241,0.0,-0.0008333472224535399,0.999919419822725,8.058017727639034e-05
69429,42.14236903948399,1.0,560,681,1241,0.0,-0.0008333472224606453,1.0000000000000013,8.058017727639034e-05
69430,42.141535692261535,1.0,560,681,1241,0.0,-0.0008333472224535399,1.0000000000000013,0.0
69431,42.14070234503908,1.0,560,681,1241,0.0,-0.0008333472224535399,1.0000000000000013,0.0
69432,42.13986899781663,1.0,560,681,1241,0.0,-0.0008333472224535399,1.0000000000000013,0.0
69433,42.139035650594174,1.0,560,681,1241,0.0,-0.0008333472224535399,1.0000000000000013,0.0
69434,42.13820230337172,1.0,560,681,1241,0.0,-0.0008333472224535399,1.0000000000000013,0.0
69435,42.13736895614927,1.0,560,681,1241,0.0,-0.0008333472224535399,1.0000000000000013,0.0
69436,42.13653560892681,1.0,560,681,1241,0.0,-0.0008333472224535399,1.0000000000000013,0.0
69437,42.13570226170436,1.0,560,681,1241,0.0,-0.0008333472224535399,1.0000000000000013,0.0
69438,42.134868914481906,1.0,560,681,1241,0.0,-0.0008333472224535399,1.0000000000000013,0.0
69439,42.13403556725945,1.0,560,681,1241,0.0,-0.0008333472224535399,1.0000000000000013,0.0
69440,42.133202220037,1.0,560,681,1241,0.0,-0.0008333472224535399,1.0000000000000013,0.0
69441,42.132368872814546,1.0,560,681,1241,0.0,-0.0008333472224535399,1.0000000000000013,0.0
69442,42.13153552559209,1.0,560,681,1241,0.0,-0.0008333472224535399,1.0000000000000013,0.0
69443,42.13070217836964,1.0,560,681,1241,0.0,-0.0008333472224535399,1.0000000000000013,0.0
69444,42.129868831147185,1.0,560,681,1241,0.0,-0.0008333472224535399,1.0000000000000013,0.0
69445,42.12903548392473,1.0,560,681,1241,0.0,-0.0008333472224535399,1.0000000000000013,0.0
69446,42.12820213670228,1.0,560,681,1241,0.0,-0.0008333472224535399,1.0000000000000013,0.0
69447,42.127368789479824,1.0,560,681,1241,0.0,-0.0008333472224535399,1.0000000000000013,0.0
69448,42.12653544225737,1.0,560,681,1241,0.0,-0.0008333472224535399,1.0000000000000013,0.0
69449,42.12570209503492,1.0,560,681,1241,0.0,-0.0008333472224535399,1.0000000000000013,0.0
69450,42.124868747812464,1.0,560,681,1241,0.0,-0.0008333472224535399,1.0000000000000013,0.0
69451,42.12403540059001,1.0,560,681,1241,0.0,-0.0008333472224535399,1.0000000000000013,0.0
69452,42.12320205336756,1.0,560,681,1241,0.0,-0.0008333472224535399,1.0000000000000013,0.0
69453,42.1223687061451,1.0,560,681,1241,0.0,-0.0008333472224535399,1.0000000000000013,0.0
69454,42.12153535892265,1.0,560,681,1241,0.0,-0.0008333472224535399,1.0000000000000013,0.0
69455,42.120702011700196,1.0,560,681,1241,0.0,-0.0008333472224535399,1.0000000000000013,0.0
69456,42.11986866447774,1.0,560,681,1241,0.0,-0.0008333472224535399,1.0000000000000013,0.0
69457,42.11903531725529,1.0,560,681,1241,0.0,-0.0008333472224535399,1.0000000000000013,0.0
69458,42.118201970032835,1.0,560,681,1241,0.0,-0.0008333472224535399,1.0000000000000013,0.0
69459,42.11736862281038,1.0,560,681,1241,0.0,-0.0008333472224535399,1.0000000000000013,0.0
69460,42.11653527558793,1.0,560,681,1241,0.0,-0.0008333472224535399,1.0000000000000013,0.0
69461,42.115701928365475,1.0,560,681,1241,0.0,-0.0008333472224535399,1.0000000000000013,0.0
69462,42.11486858114302,1.0,560,681,1241,0.0,-0.0008333472224535399,1.0000000000000013,0.0
69463,42.11403523392057,1.0,560,681,1241,0.0,-0.0008333472224535399,1.0000000000000013,0.0
69464,42.113201886698114,1.0,560,681,1241,0.0,-0.0008333472224535399,1.0000000000000013,0.0
69465,42.11236853947566,1.0,560,681,1241,0.0,-0.0008333472224535399,1.0000000000000013,0.0
69466,42.1115351922532,1.0,560,681,1241,0.0,-0.0008333472224606453,1.0000000000000013,0.0
69467,42.110701845030746,1.0,560,681,1241,0.0,-0.0008333472224535399,1.0000000000000013,0.0
69468,42.10986849780829,1.0,560,681,1241,0.0,-0.0008333472224535399,1.0000000000000013,0.0
69469,42.10903515058584,1.0,560,681,1241,0.0,-0.0008333472224535399,1.0000000000000013,0.0
69470,42.108201803363386,1.0,560,681,1241,0.0,-0.0008333472224535399,1.0000000000000013,0.0
69471,42.10736845614093,1.0,560,681,1241,0.0,-0.0008333472224535399,1.0000000000000013,0.0
69472,42.10653510891848,1.0,560,681,1241,0.0,-0.0008333472224535399,1.0000000000000013,0.0
69473,42.105701761696025,1.0,560,681,1241,0.0,-0.0008333472224535399,1.0000000000000013,0.0
69474,42.10486841447357,1.0,560,681,1241,0.0,-0.0008333472224535399,1.0000000000000013,0.0
69475,42.10403506725112,1.0,560,681,1241,0.0,-0.0008333472224535399,1.0000000000000013,0.0
69476,42.103201720028665,1.0,560,681,1241,0.0,-0.0008333472224535399,1.0000000000000013,0.0
69477,42.10236837280621,1.0,560,681,1241,0.0,-0.0008333472224535399,1.0000000000000013,0.0
69478,42.10153502558376,1.0,560,681,1241,0.0,-0.0008333472224535399,1.0000000000000013,0.0
69479,42.100701678361304,1.0,560,681,1241,0.0,-0.0008333472224535399,1.0000000000000013,0.0
69480,42.09986833113885,1.0,560,681,1241,0.0,-0.0008333472224535399,1.0000000000000013,0.0
69481,42.0990349839164,0.9991941982272361,560,681,1241,-0.0008058017727639033,-0.0008333472224535399,0.999919419822725,-8.058017727639034e-05
69482,42.09820163669394,0.9991941982272361,560,681,1241,0.0,-0.0008333472224535399,0.9998388396454487,-8.058017727639034e-05
69483,42.09736828947149,0.9991941982272361,560,681,1241,0.0,-0.0008333472224535399,0.9997582594681724,-8.058017727639034e-05
69484,42.096534942249036,0.9991941982272361,560,681,1241,0.0,-0.0008333472224535399,0.999677679290896,-8.058017727639034e-05
69485,42.09570159502658,0.9991941982272361,560,681,1241,0.0,-0.0008333472224535399,0.9995970991136197,-8.058017727639034e-05
69486,42.09486824780413,1.0,560,681,1241,0.0008058017727639033,-0.0008333472224535399,0.9995970991136197,0.0
69487,42.094034900581676,1.0,560,681,1241,0.0,-0.0008333472224535399,0.9995970991136197,0.0
69488,42.09320155335922,1.0,560,681,1241,0.0,-0.0008333472224535399,0.9995970991136197,0.0
69489,42.09236820613677,1.0,560,681,1241,0.0,-0.0008333472224535399,0.9995970991136197,0.0
69490,42.091534858914315,1.0,560,681,1241,0.0,-0.0008333472224535399,0.9995970991136197,0.0
69491,42.09070151169186,1.0,560,681,1241,0.0,-0.0008333472224535399,0.999677679290896,8.058017727639034e-05
69492,42.08986816446941,1.0,560,681,1241,0.0,-0.0008333472224535399,0.9997582594681724,8.058017727639034e-05
69493,42.089034817246954,1.0,560,681,1241,0.0,-0.0008333472224535399,0.9998388396454487,8.058017727639034e-05
69494,42.0882014700245,0.9991941982272361,560,681,1241,-0.0008058017727639033,-0.0008333472224535399,0.9998388396454487,0.0
69495,42.08736812280205,0.9991941982272361,560,681,1241,0.0,-0.0008333472224535399,0.9998388396454487,0.0
69496,42.086534775579594,0.9991941982272361,560,681,1241,0.0,-0.0008333472224535399,0.9997582594681724,-8.058017727639034e-05
69497,42.08570142835714,1.0,560,681,1241,0.0008058017727639033,-0.0008333472224535399,0.9997582594681724,0.0
69498,42.08486808113469,1.0,560,681,1241,0.0,-0.0008333472224535399,0.9997582594681724,0.0
69499,42.08403473391223,1.0,560,681,1241,0.0,-0.0008333472224535399,0.9997582594681724,0.0
69500,42.08320138668978,1.0,560,681,1241,0.0,-0.0008333472224535399,0.9997582594681724,0.0
69501,42.082368039467326,1.0,560,681,1241,0.0,-0.0008333472224535399,0.9997582594681724,0.0
69502,42.08153469224487,1.0,560,681,1241,0.0,-0.0008333472224535399,0.9997582594681724,0.0
69503,42.08070134502242,1.0,560,681,1241,0.0,-0.0008333472224535399,0.9997582594681724,0.0
69504,42.079867997799965,1.0,560,681,1241,0.0,-0.0008333472224535399,0.9998388396454487,8.058017727639034e-05
69505,42.07903465057751,1.0,560,681,1241,0.0,-0.0008333472224535399,0.999919419822725,8.058017727639034e-05
69506,42.07820130335506,1.0,560,681,1241,0.0,-0.0008333472224535399,1.0000000000000013,8.058017727639034e-05
69507,42.077367956132605,1.0,560,681,1241,0.0,-0.0008333472224535399,1.0000000000000013,0.0
69508,42.07653460891015,1.0,560,681,1241,0.0,-0.0008333472224535399,1.0000000000000013,0.0
69509,42.0757012616877,1.0,560,681,1241,0.0,-0.0008333472224535399,1.0000000000000013,0.0
69510,42.074867914465244,1.0,560,681,1241,0.0,-0.0008333472224535399,1.0000000000000013,0.0
69511,42.07403456724279,1.0,560,681,1241,0.0,-0.0008333472224535399,1.0000000000000013,0.0
69512,42.07320122002034,1.0,560,681,1241,0.0,-0.0008333472224535399,1.0000000000000013,0.0
69513,42.072367872797884,1.0,560,681,1241,0.0,-0.0008333472224535399,1.0000000000000013,0.0
69514,42.07153452557542,0.9983883964544722,560,681,1241,-0.0016116035455278066,-0.0008333472224606453,0.9998388396454487,-0.00016116035455278067
69515,42.07070117835297,0.9991941982272361,560,681,1241,0.0008058017727639033,-0.0008333472224535399,0.9997582594681724,-8.058017727639034e-05
69516,42.069867831130516,0.9991941982272361,560,681,1241,0.0,-0.0008333472224535399,0.999677679290896,-8.058017727639034e-05
69517,42.06903448390806,1.0,560,681,1241,0.0008058017727639033,-0.0008333472224535399,0.999677679290896,0.0
69518,42.06820113668561,1.0,560,681,1241,0.0,-0.0008333472224535399,0.999677679290896,0.0
69519,42.067367789463155,1.0,560,681,1241,0.0,-0.0008333472224535399,0.999677679290896,0.0
69520,42.0665344422407,1.0,560,681,1241,0.0,-0.0008333472224535399,0.999677679290896,0.0
69521,42.06570109501825,1.0,560,681,1241,0.0,-0.0008333472224535399,0.999677679290896,0.0
69522,42.064867747795795,1.0,560,681,1241,0.0,-0.0008333472224535399,0.999677679290896,0.0
69523,42.06403440057334,1.0,560,681,1241,0.0,-0.0008333472224535399,0.999677679290896,0.0
69524,42.06320105335089,1.0,560,681,1241,0.0,-0.0008333472224535399,0.9998388396454487,0.00016116035455278067
69525,42.062367706128434,0.9983883964544722,560,681,1241,-0.0016116035455278066,-0.0008333472224535399,0.9997582594681724,-8.058017727639034e-05
69526,42.06153435890598,0.9991941982272361,560,681,1241,0.0008058017727639033,-0.0008333472224535399,0.9997582594681724,0.0
69527,42.06070101168353,1.0,560,681,1241,0.0008058017727639033,-0.0008333472224535399,0.9997582594681724,0.0
69528,42.05986766446107,1.0,560,681,1241,0.0,-0.0008333472224535399,0.9997582594681724,0.0
69529,42.05903431723862,1.0,560,681,1241,0.0,-0.0008333472224535399,0.9997582594681724,0.0
69530,42.058200970016166,1.0,560,681,1241,0.0,-0.0008333472224535399,0.9997582594681724,0.0
69531,42.05736762279371,1.0,560,681,1241,0.0,-0.0008333472224535399,0.9997582594681724,0.0
69532,42.05653427557126,0.9991941982272361,560,681,1241,-0.0008058017727639033,-0.0008333472224535399,0.999677679290896,-8.058017727639034e-05
69533,42.055700928348806,0.9991941982272361,560,681,1241,0.0,-0.0008333472224535399,0.9995970991136197,-8.058017727639034e-05
69534,42.05486758112635,0.9991941982272361,560,681,1241,0.0,-0.0008333472224535399,0.9995165189363433,-8.058017727639034e-05
69535,42.0540342339039,0.9991941982272361,560,681,1241,0.0,-0.0008333472224535399,0.9995970991136197,8.058017727639034e-05
69536,42.053200886681445,0.9991941982272361,560,681,1241,0.0,-0.0008333472224535399,0.9995970991136197,0.0
69537,42.05236753945899,1.0,560,681,1241,0.0008058017727639033,-0.0008333472224535399,0.9995970991136197,0.0
69538,42.05153419223654,1.0,560,681,1241,0.0,-0.0008333472224535399,0.9995970991136197,0.0
69539,42.050700845014084,1.0,560,681,1241,0.0,-0.0008333472224535399,0.9995970991136197,0.0
69540,42.04986749779163,1.0,560,681,1241,0.0,-0.0008333472224535399,0.9995970991136197,0.0
69541,42.04903415056918,1.0,560,681,1241,0.0,-0.0008333472224535399,0.9995970991136197,0.0
69542,42.048200803346724,1.0,560,681,1241,0.0,-0.0008333472224535399,0.999677679290896,8.058017727639034e-05
69543,42.04736745612427,1.0,560,681,1241,0.0,-0.0008333472224535399,0.9997582594681724,8.058017727639034e-05
69544,42.04653410890182,0.9991941982272361,560,681,1241,-0.0008058017727639033,-0.0008333472224535399,0.9997582594681724,0.0
69545,42.04570076167936,1.0,560,681,1241,0.0008058017727639033,-0.0008333472224535399,0.9998388396454487,8.058017727639034e-05
69546,42.04486741445691,1.0,560,681,1241,0.0,-0.0008333472224535399,0.999919419822725,8.058017727639034e-05
69547,42.044034067234456,1.0,560,681,1241,0.0,-0.0008333472224535399,0.999919419822725,0.0
69548,42.043200720012,1.0,560,681,1241,0.0,-0.0008333472224535399,0.999919419822725,0.0
69549,42.04236737278955,1.0,560,681,1241,0.0,-0.0008333472224535399,0.999919419822725,0.0
69550,42.041534025567096,1.0,560,681,1241,0.0,-0.0008333472224535399,0.999919419822725,0.0
69551,42.040700678344635,1.0,560,681,1241,0.0,-0.0008333472224606453,0.999919419822725,0.0
69552,42.03986733112218,1.0,560,681,1241,0.0,-0.0008333472224535399,0.999919419822725,0.0
69553,42.03903398389973,1.0,560,681,1241,0.0,-0.0008333472224535399,0.999919419822725,0.0
69554,42.038200636677274,1.0,560,681,1241,0.0,-0.0008333472224535399,1.0000000000000013,8.058017727639034e-05
69555,42.03736728945482,1.0,560,681,1241,0.0,-0.0008333472224535399,1.0000000000000013,0.0
69556,42.03653394223237,1.0,560,681,1241,0.0,-0.0008333472224535399,1.0000000000000013,0.0
69557,42.035700595009914,1.0,560,681,1241,0.0,-0.0008333472224535399,1.0000000000000013,0.0
69558,42.03486724778746,1.0,560,681,1241,0.0,-0.0008333472224535399,1.0000000000000013,0.0
69559,42.03403390056501,1.0,560,681,1241,0.0,-0.0008333472224535399,1.0000000000000013,0.0
69560,42.03320055334255,1.0,560,681,1241,0.0,-0.0008333472224535399,1.0000000000000013,0.0
69561,42.0323672061201,1.0,560,681,1241,0.0,-0.0008333472224535399,1.0000000000000013,0.0
69562,42.031533858897646,1.0,560,681,1241,0.0,-0.0008333472224535399,1.0000000000000013,0.0
69563,42.03070051167519,1.0,560,681,1241,0.0,-0.0008333472224535399,1.0000000000000013,0.0
69564,42.02986716445274,1.0,560,681,1241,0.0,-0.0008333472224535399,1.0000000000000013,0.0
69565,42.029033817230285,1.0,560,681,1241,0.0,-0.0008333472224535399,1.0000000000000013,0.0
69566,42.02820047000783,1.0,560,681,1241,0.0,-0.0008333472224535399,1.0000000000000013,0.0
69567,42.02736712278538,1.0,560,681,1241,0.0,-0.0008333472224535399,1.0000000000000013,0.0
69568,42.026533775562925,1.0,560,681,1241,0.0,-0.0008333472224535399,1.0000000000000013,0.0
69569,42.02570042834047,1.0,560,681,1241,0.0,-0.0008333472224535399,1.0000000000000013,0.0
69570,42.02486708111802,1.0,560,681,1241,0.0,-0.0008333472224535399,1.0000000000000013,0.0
69571,42.024033733895564,1.0,560,681,1241,0.0,-0.0008333472224535399,1.0000000000000013,0.0
69572,42.02320038667311,1.0,560,681,1241,0.0,-0.0008333472224535399,1.0000000000000013,0.0
69573,42.02236703945066,1.0,560,681,1241,0.0,-0.0008333472224535399,1.0000000000000013,0.0
69574,42.0215336922282,1.0,560,681,1241,0.0,-0.0008333472224535399,1.0000000000000013,0.0
69575,42.02070034500575,1.0,560,681,1241,0.0,-0.0008333472224535399,1.0000000000000013,0.0
69576,42.019866997783296,1.0,560,681,1241,0.0,-0.0008333472224535399,1.0000000000000013,0.0
69577,42.01903365056084,1.0,560,681,1241,0.0,-0.0008333472224535399,1.0000000000000013,0.0
69578,42.01820030333839,1.0,560,681,1241,0.0,-0.0008333472224535399,1.0000000000000013,0.0
69579,42.017366956115936,1.0,560,681,1241,0.0,-0.0008333472224535399,1.0000000000000013,0.0
69580,42.01653360889348,1.0,560,681,1241,0.0,-0.0008333472224535399,1.0000000000000013,0.0
69581,42.01570026167103,1.0,560,681,1241,0.0,-0.0008333472224535399,1.0000000000000013,0.0
69582,42.014866914448575,1.0,560,681,1241,0.0,-0.0008333472224535399,1.0000000000000013,0.0
69583,42.01403356722612,1.0,560,681,1241,0.0,-0.0008333472224535399,1.0000000000000013,0.0
69584,42.01320022000367,1.0,560,681,1241,0.0,-0.0008333472224535399,1.0000000000000013,0.0
69585,42.012366872781215,1.0,560,681,1241,0.0,-0.0008333472224535399,1.0000000000000013,0.0
69586,42.01153352555876,1.0,560,681,1241,0.0,-0.0008333472224535399,1.0000000000000013,0.0
69587,42.01070017833631,1.0,560,681,1241,0.0,-0.0008333472224535399,1.0000000000000013,0.0
69588,42.009866831113854,1.0,560,681,1241,0.0,-0.0008333472224535399,1.0000000000000013,0.0
69589,42.0090334838914,1.0,560,681,1241,0.0,-0.0008333472224535399,1.0000000000000013,0.0
69590,42.00820013666895,1.0,560,681,1241,0.0,-0.0008333472224535399,1.0000000000000013,0.0
69591,42.00736678944649,1.0,560,681,1241,0.0,-0.0008333472224535399,1.0000000000000013,0.0
69592,42.00653344222404,1.0,560,681,1241,0.0,-0.0008333472224535399,1.0000000000000013,0.0
69593,42.005700095001586,1.0,560,681,1241,0.0,-0.0008333472224535399,1.0000000000000013,0.0
69594,42.00486674777913,1.0,560,681,1241,0.0,-0.0008333472224535399,1.0000000000000013,0.0
69595,42.00403340055668,1.0,560,681,1241,0.0,-0.0008333472224535399,1.0000000000000013,0.0
69596,42.003200053334226,0.9991941982272361,560,681,1241,-0.0008058017727639033,-0.0008333472224535399,0.999919419822725,-8.058017727639034e-05
69597,42.00236670611177,0.9991941982272361,560,681,1241,0.0,-0.0008333472224535399,0.9998388396454487,-8.058017727639034e-05
69598,42.00153335888931,1.0,560,681,1241,0.0008058017727639033,-0.0008333472224606453,0.9998388396454487,0.0
69599,42.00070001166686,1.0,560,681,1241,0.0,-0.0008333472224535399,0.9998388396454487,0.0
69600,41.99986666444441,1.0,560,681,1241,0.0,-0.0008333472224464344,0.9998388396454487,0.0
69601,41.99903331722195,1.0,560,681,1241,0.0,-0.0008333472224606453,0.9998388396454487,0.0
69602,41.9981999699995,1.0,560,681,1241,0.0,-0.0008333472224535399,0.9998388396454487,0.0
69603,41.997366622777044,1.0,560,681,1241,0.0,-0.0008333472224535399,0.9998388396454487,0.0
69604,41.99653327555459,1.0,560,681,1241,0.0,-0.0008333472224535399,0.9998388396454487,0.0
69605,41.99569992833214,0.9991941982272361,560,681,1241,-0.0008058017727639033,-0.0008333472224535399,0.9997582594681724,-8.058017727639034e-05
69606,41.99486658110968,1.0,560,681,1241,0.0008058017727639033,-0.0008333472224535399,0.9998388396454487,8.058017727639034e-05
69607,41.99403323388723,1.0,560,681,1241,0.0,-0.0008333472224535399,0.999919419822725,8.058017727639034e-05
69608,41.993199886664776,1.0,560,681,1241,0.0,-0.0008333472224535399,0.999919419822725,0.0
69609,41.99236653944232,1.0,560,681,1241,0.0,-0.0008333472224535399,0.999919419822725,0.0
69610,41.99153319221987,0.9991941982272361,560,681,1241,-0.0008058017727639033,-0.0008333472224535399,0.9998388396454487,-8.058017727639034e-05
69611,41.990699844997415,0.9991941982272361,560,681,1241,0.0,-0.0008333472224535399,0.9997582594681724,-8.058017727639034e-05
69612,41.98986649777496,0.9983883964544722,560,681,1241,-0.0008058017727639033,-0.0008333472224535399,0.9995970991136197,-0.00016116035455278067
69613,41.98903315055251,0.9983883964544722,560,681,1241,0.0,-0.0008333472224535399,0.999435938759067,-0.00016116035455278067
69614,41.988199803330055,0.9983883964544722,560,681,1241,0.0,-0.0008333472224535399,0.9992747784045143,-0.00016116035455278067
69615,41.9873664561076,0.9991941982272361,560,681,1241,0.0008058017727639033,-0.0008333472224535399,0.9992747784045143,0.0
69616,41.98653310888515,0.9991941982272361,560,681,1241,0.0,-0.0008333472224535399,0.999194198227238,-8.058017727639034e-05
69617,41.985699761662694,0.9991941982272361,560,681,1241,0.0,-0.0008333472224535399,0.9991136180499616,-8.058017727639034e-05
69618,41.98486641444024,0.9991941982272361,560,681,1241,0.0,-0.0008333472224535399,0.9990330378726853,-8.058017727639034e-05
69619,41.98403306721779,0.9991941982272361,560,681,1241,0.0,-0.0008333472224535399,0.998952457695409,-8.058017727639034e-05
69620,41.98319971999533,0.9991941982272361,560,681,1241,0.0,-0.0008333472224535399,0.998952457695409,0.0
69621,41.98236637277288,0.9991941982272361,560,681,1241,0.0,-0.0008333472224535399,0.998952457695409,0.0
69622,41.981533025550426,0.9991941982272361,560,681,1241,0.0,-0.0008333472224535399,0.9990330378726853,8.058017727639034e-05
69623,41.98069967832797,1.0,560,681,1241,0.0008058017727639033,-0.0008333472224535399,0.999194198227238,0.00016116035455278067
69624,41.97986633110552,1.0,560,681,1241,0.0,-0.0008333472224535399,0.9993553585817907,0.00016116035455278067
69625,41.979032983883066,1.0,560,681,1241,0.0,-0.0008333472224535399,0.999435938759067,8.058017727639034e-05
69626,41.97819963666061,1.0,560,681,1241,0.0,-0.0008333472224535399,0.9995165189363433,8.058017727639034e-05
69627,41.97736628943816,1.0,560,681,1241,0.0,-0.0008333472224535399,0.9995970991136197,8.058017727639034e-05
69628,41.976532942215705,1.0,560,681,1241,0.0,-0.0008333472224535399,0.999677679290896,8.058017727639034e-05
69629,41.97569959499325,1.0,560,681,1241,0.0,-0.0008333472224535399,0.9997582594681724,8.058017727639034e-05
69630,41.9748662477708,1.0,560,681,1241,0.0,-0.0008333472224535399,0.9998388396454487,8.058017727639034e-05
69631,41.974032900548345,1.0,560,681,1241,0.0,-0.0008333472224535399,0.999919419822725,8.058017727639034e-05
69632,41.97319955332589,1.0,560,681,1241,0.0,-0.0008333472224535399,1.0000000000000013,8.058017727639034e-05
69633,41.97236620610343,1.0,560,681,1241,0.0,-0.0008333472224606453,1.0000000000000013,0.0
69634,41.97153285888098,1.0,560,681,1241,0.0,-0.0008333472224535399,1.0000000000000013,0.0
69635,41.97069951165852,1.0,560,681,1241,0.0,-0.0008333472224535399,1.0000000000000013,0.0
69636,41.96986616443607,1.0,560,681,1241,0.0,-0.0008333472224535399,1.0000000000000013,0.0
69637,41.969032817213616,1.0,560,681,1241,0.0,-0.0008333472224535399,1.0000000000000013,0.0
69638,41.96819946999116,1.0,560,681,1241,0.0,-0.0008333472224535399,1.0000000000000013,0.0
69639,41.96736612276871,1.0,560,681,1241,0.0,-0.0008333472224535399,1.0000000000000013,0.0
69640,41.966532775546256,1.0,560,681,1241,0.0,-0.0008333472224535399,1.0000000000000013,0.0
69641,41.9656994283238,1.0,560,681,1241,0.0,-0.0008333472224535399,1.0000000000000013,0.0
69642,41.96486608110135,1.0,560,681,1241,0.0,-0.0008333472224535399,1.0000000000000013,0.0
69643,41.964032733878895,1.0,560,681,1241,0.0,-0.0008333472224535399,1.0000000000000013,0.0
69644,41.96319938665644,1.0,560,681,1241,0.0,-0.0008333472224535399,1.0000000000000013,0.0
69645,41.96236603943399,0.9991941982272361,560,681,1241,-0.0008058017727639033,-0.0008333472224535399,0.999919419822725,-8.058017727639034e-05
69646,41.961532692211534,0.9991941982272361,560,681,1241,0.0,-0.0008333472224535399,0.9998388396454487,-8.058017727639034e-05
69647,41.96069934498908,0.9991941982272361,560,681,1241,0.0,-0.0008333472224535399,0.9997582594681724,-8.058017727639034e-05
69648,41.95986599776663,0.9991941982272361,560,681,1241,0.0,-0.0008333472224535399,0.999677679290896,-8.058017727639034e-05
69649,41.959032650544174,0.9991941982272361,560,681,1241,0.0,-0.0008333472224535399,0.9995970991136197,-8.058017727639034e-05
69650,41.95819930332172,0.9991941982272361,560,681,1241,0.0,-0.0008333472224535399,0.9995165189363433,-8.058017727639034e-05
69651,41.95736595609927,0.9991941982272361,560,681,1241,0.0,-0.0008333472224535399,0.999435938759067,-8.058017727639034e-05
69652,41.95653260887681,1.0,560,681,1241,0.0008058017727639033,-0.0008333472224535399,0.999435938759067,0.0
69653,41.95569926165436,1.0,560,681,1241,0.0,-0.0008333472224535399,0.999435938759067,0.0
69654,41.954865914431906,1.0,560,681,1241,0.0,-0.0008333472224535399,0.999435938759067,0.0
69655,41.95403256720945,1.0,560,681,1241,0.0,-0.0008333472224535399,0.9995165189363433,8.058017727639034e-05
69656,41.953199219987,1.0,560,681,1241,0.0,-0.0008333472224535399,0.9995970991136197,8.058017727639034e-05
69657,41.952365872764545,1.0,560,681,1241,0.0,-0.0008333472224535399,0.999677679290896,8.058017727639034e-05
69658,41.95153252554209,1.0,560,681,1241,0.0,-0.0008333472224535399,0.9997582594681724,8.058017727639034e-05
69659,41.95069917831964,1.0,560,681,1241,0.0,-0.0008333472224535399,0.9998388396454487,8.058017727639034e-05
69660,41.949865831097185,1.0,560,681,1241,0.0,-0.0008333472224535399,0.999919419822725,8.058017727639034e-05
69661,41.94903248387473,1.0,560,681,1241,0.0,-0.0008333472224535399,1.0000000000000013,8.058017727639034e-05
69662,41.94819913665228,1.0,560,681,1241,0.0,-0.0008333472224535399,1.0000000000000013,0.0
69663,41.947365789429824,1.0,560,681,1241,0.0,-0.0008333472224535399,1.0000000000000013,0.0
69664,41.94653244220737,1.0,560,681,1241,0.0,-0.0008333472224535399,1.0000000000000013,0.0
69665,41.94569909498492,1.0,560,681,1241,0.0,-0.0008333472224535399,1.0000000000000013,0.0
69666,41.944865747762464,1.0,560,681,1241,0.0,-0.0008333472224535399,1.0000000000000013,0.0
69667,41.94403240054001,1.0,560,681,1241,0.0,-0.0008333472224535399,1.0000000000000013,0.0
69668,41.94319905331756,1.0,560,681,1241,0.0,-0.0008333472224535399,1.0000000000000013,0.0
69669,41.9423657060951,1.0,560,681,1241,0.0,-0.0008333472224535399,1.0000000000000013,0.0
69670,41.94153235887265,1.0,560,681,1241,0.0,-0.0008333472224535399,1.0000000000000013,0.0
69671,41.940699011650196,1.0,560,681,1241,0.0,-0.0008333472224535399,1.0000000000000013,0.0
69672,41.93986566442774,1.0,560,681,1241,0.0,-0.0008333472224535399,1.0000000000000013,0.0
69673,41.93903231720529,1.0,560,681,1241,0.0,-0.0008333472224535399,1.0000000000000013,0.0
69674,41.938198969982835,1.0,560,681,1241,0.0,-0.0008333472224535399,1.0000000000000013,0.0
69675,41.93736562276038,1.0,560,681,1241,0.0,-0.0008333472224535399,1.0000000000000013,0.0
69676,41.93653227553793,1.0,560,681,1241,0.0,-0.0008333472224535399,1.0000000000000013,0.0
69677,41.935698928315475,1.0,560,681,1241,0.0,-0.0008333472224535399,1.0000000000000013,0.0
69678,41.93486558109302,1.0,560,681,1241,0.0,-0.0008333472224535399,1.0000000000000013,0.0
69679,41.93403223387057,1.0,560,681,1241,0.0,-0.0008333472224535399,1.0000000000000013,0.0
69680,41.933198886648114,1.0,560,681,1241,0.0,-0.0008333472224535399,1.0000000000000013,0.0
69681,41.93236553942566,1.0,560,681,1241,0.0,-0.0008333472224535399,1.0000000000000013,0.0
69682,41.93153219220321,1.0,560,681,1241,0.0,-0.0008333472224535399,1.0000000000000013,0.0
69683,41.93069884498075,1.0,560,681,1241,0.0,-0.0008333472224535399,1.0000000000000013,0.0
69684,41.9298654977583,1.0,560,681,1241,0.0,-0.0008333472224535399,1.0000000000000013,0.0
69685,41.929032150535846,1.0,560,681,1241,0.0,-0.0008333472224535399,1.0000000000000013,0.0
69686,41.928198803313386,1.0,560,681,1241,0.0,-0.0008333472224606453,1.0000000000000013,0.0
69687,41.92736545609093,1.0,560,681,1241,0.0,-0.0008333472224535399,1.0000000000000013,0.0
69688,41.92653210886848,1.0,560,681,1241,0.0,-0.0008333472224535399,1.0000000000000013,0.0
69689,41.925698761646025,1.0,560,681,1241,0.0,-0.0008333472224535399,1.0000000000000013,0.0
69690,41.92486541442357,1.0,560,681,1241,0.0,-0.0008333472224535399,1.0000000000000013,0.0
69691,41.92403206720112,1.0,560,681,1241,0.0,-0.0008333472224535399,1.0000000000000013,0.0
69692,41.923198719978664,1.0,560,681,1241,0.0,-0.0008333472224535399,1.0000000000000013,0.0
69693,41.92236537275621,1.0,560,681,1241,0.0,-0.0008333472224535399,1.0000000000000013,0.0
69694,41.92153202553376,1.0,560,681,1241,0.0,-0.0008333472224535399,1.0000000000000013,0.0
69695,41.920698678311304,0.9991941982272361,560,681,1241,-0.0008058017727639033,-0.0008333472224535399,0.999919419822725,-8.058017727639034e-05
69696,41.91986533108885,0.9991941982272361,560,681,1241,0.0,-0.0008333472224535399,0.9998388396454487,-8.058017727639034e-05
69697,41.9190319838664,0.9991941982272361,560,681,1241,0.0,-0.0008333472224535399,0.9997582594681724,-8.058017727639034e-05
69698,41.91819863664394,1.0,560,681,1241,0.0008058017727639033,-0.0008333472224535399,0.9997582594681724,0.0
69699,41.91736528942149,1.0,560,681,1241,0.0,-0.0008333472224535399,0.9997582594681724,0.0
69700,41.916531942199036,1.0,560,681,1241,0.0,-0.0008333472224535399,0.9997582594681724,0.0
69701,41.91569859497658,1.0,560,681,1241,0.0,-0.0008333472224535399,0.9997582594681724,0.0
69702,41.91486524775413,1.0,560,681,1241,0.0,-0.0008333472224535399,0.9997582594681724,0.0
69703,41.914031900531675,0.9991941982272361,560,681,1241,-0.0008058017727639033,-0.0008333472224535399,0.999677679290896,-8.058017727639034e-05
69704,41.91319855330922,1.0,560,681,1241,0.0008058017727639033,-0.0008333472224535399,0.999677679290896,0.0
69705,41.91236520608677,1.0,560,681,1241,0.0,-0.0008333472224535399,0.9997582594681724,8.058017727639034e-05
69706,41.911531858864315,1.0,560,681,1241,0.0,-0.0008333472224535399,0.9998388396454487,8.058017727639034e-05
69707,41.91069851164186,1.0,560,681,1241,0.0,-0.0008333472224535399,0.999919419822725,8.058017727639034e-05
69708,41.90986516441941,1.0,560,681,1241,0.0,-0.0008333472224535399,0.999919419822725,0.0
69709,41.909031817196954,1.0,560,681,1241,0.0,-0.0008333472224535399,0.999919419822725,0.0
69710,41.9081984699745,1.0,560,681,1241,0.0,-0.0008333472224535399,0.999919419822725,0.0
69711,41.90736512275205,0.9991941982272361,560,681,1241,-0.0008058017727639033,-0.0008333472224535399,0.9998388396454487,-8.058017727639034e-05
69712,41.906531775529594,0.9991941982272361,560,681,1241,0.0,-0.0008333472224535399,0.9997582594681724,-8.058017727639034e-05
69713,41.90569842830714,0.9991941982272361,560,681,1241,0.0,-0.0008333472224535399,0.9997582594681724,0.0
69714,41.90486508108469,0.9991941982272361,560,681,1241,0.0,-0.0008333472224535399,0.999677679290896,-8.058017727639034e-05
69715,41.90403173386223,0.9991941982272361,560,681,1241,0.0,-0.0008333472224535399,0.9995970991136197,-8.058017727639034e-05
69716,41.90319838663978,0.9991941982272361,560,681,1241,0.0,-0.0008333472224535399,0.9995165189363433,-8.058017727639034e-05
69717,41.902365039417326,1.0,560,681,1241,0.0008058017727639033,-0.0008333472224535399,0.9995165189363433,0.0
69718,41.901531692194865,1.0,560,681,1241,0.0,-0.0008333472224606453,0.9995165189363433,0.0
69719,41.90069834497241,1.0,560,681,1241,0.0,-0.0008333472224535399,0.9995165189363433,0.0
69720,41.89986499774996,1.0,560,681,1241,0.0,-0.0008333472224535399,0.9995165189363433,0.0
69721,41.899031650527505,1.0,560,681,1241,0.0,-0.0008333472224535399,0.9995970991136197,8.058017727639034e-05
69722,41.89819830330505,1.0,560,681,1241,0.0,-0.0008333472224535399,0.999677679290896,8.058017727639034e-05
69723,41.8973649560826,1.0,560,681,1241,0.0,-0.0008333472224535399,0.9997582594681724,8.058017727639034e-05
69724,41.896531608860144,1.0,560,681,1241,0.0,-0.0008333472224535399,0.9998388396454487,8.058017727639034e-05
69725,41.89569826163769,1.0,560,681,1241,0.0,-0.0008333472224535399,0.999919419822725,8.058017727639034e-05
69726,41.89486491441524,1.0,560,681,1241,0.0,-0.0008333472224535399,1.0000000000000013,8.058017727639034e-05
69727,41.89403156719278,1.0,560,681,1241,0.0,-0.0008333472224535399,1.0000000000000013,0.0
69728,41.89319821997033,1.0,560,681,1241,0.0,-0.0008333472224535399,1.0000000000000013,0.0
69729,41.892364872747876,1.0,560,681,1241,0.0,-0.0008333472224535399,1.0000000000000013,0.0
69730,41.89153152552542,1.0,560,681,1241,0.0,-0.0008333472224535399,1.0000000000000013,0.0
69731,41.89069817830297,0.9991941982272361,560,681,1241,-0.0008058017727639033,-0.0008333472224535399,0.999919419822725,-8.058017727639034e-05
69732,41.889864831080516,0.9991941982272361,560,681,1241,0.0,-0.0008333472224535399,0.9998388396454487,-8.058017727639034e-05
69733,41.88903148385806,0.9991941982272361,560,681,1241,0.0,-0.0008333472224535399,0.9997582594681724,-8.058017727639034e-05
69734,41.88819813663561,1.0,560,681,1241,0.0008058017727639033,-0.0008333472224535399,0.9997582594681724,0.0
69735,41.887364789413155,0.9991941982272361,560,681,1241,-0.0008058017727639033,-0.0008333472224535399,0.999677679290896,-8.058017727639034e-05
69736,41.8865314421907,0.9991941982272361,560,681,1241,0.0,-0.0008333472224535399,0.9995970991136197,-8.058017727639034e-05
69737,41.88569809496825,0.9991941982272361,560,681,1241,0.0,-0.0008333472224535399,0.9995165189363433,-8.058017727639034e-05
69738,41.884864747745794,1.0,560,681,1241,0.0008058017727639033,-0.0008333472224535399,0.9995165189363433,0.0
69739,41.88403140052334,1.0,560,681,1241,0.0,-0.0008333472224535399,0.9995165189363433,0.0
69740,41.88319805330089,1.0,560,681,1241,0.0,-0.0008333472224535399,0.9995165189363433,0.0
69741,41.882364706078434,1.0,560,681,1241,0.0,-0.0008333472224535399,0.9995970991136197,8.058017727639034e-05
69742,41.88153135885598,1.0,560,681,1241,0.0,-0.0008333472224535399,0.999677679290896,8.058017727639034e-05
69743,41.88069801163353,1.0,560,681,1241,0.0,-0.0008333472224535399,0.9997582594681724,8.058017727639034e-05
69744,41.87986466441107,1.0,560,681,1241,0.0,-0.0008333472224535399,0.9997582594681724,0.0
69745,41.87903131718862,1.0,560,681,1241,0.0,-0.0008333472224535399,0.9998388396454487,8.058017727639034e-05
69746,41.878197969966166,1.0,560,681,1241,0.0,-0.0008333472224535399,0.999919419822725,8.058017727639034e-05
69747,41.87736462274371,1.0,560,681,1241,0.0,-0.0008333472224535399,1.0000000000000013,8.058017727639034e-05
69748,41.87653127552126,1.0,560,681,1241,0.0,-0.0008333472224535399,1.0000000000000013,0.0
69749,41.875697928298806,1.0,560,681,1241,0.0,-0.0008333472224535399,1.0000000000000013,0.0
69750,41.87486458107635,1.0,560,681,1241,0.0,-0.0008333472224535399,1.0000000000000013,0.0
69751,41.8740312338539,1.0,560,681,1241,0.0,-0.0008333472224535399,1.0000000000000013,0.0
69752,41.873197886631445,1.0,560,681,1241,0.0,-0.0008333472224535399,1.0000000000000013,0.0
69753,41.87236453940899,1.0,560,681,1241,0.0,-0.0008333472224535399,1.0000000000000013,0.0
69754,41.87153119218654,0.9991941982272361,560,681,1241,-0.0008058017727639033,-0.0008333472224535399,0.999919419822725,-8.058017727639034e-05
69755,41.870697844964084,0.9991941982272361,560,681,1241,0.0,-0.0008333472224535399,0.9998388396454487,-8.058017727639034e-05
69756,41.86986449774163,1.0,560,681,1241,0.0008058017727639033,-0.0008333472224535399,0.9998388396454487,0.0
69757,41.86903115051918,1.0,560,681,1241,0.0,-0.0008333472224535399,0.9998388396454487,0.0
69758,41.868197803296724,0.9991941982272361,560,681,1241,-0.0008058017727639033,-0.0008333472224535399,0.9997582594681724,-8.058017727639034e-05
69759,41.86736445607427,0.9991941982272361,560,681,1241,0.0,-0.0008333472224535399,0.999677679290896,-8.058017727639034e-05
69760,41.86653110885182,1.0,560,681,1241,0.0008058017727639033,-0.0008333472224535399,0.999677679290896,0.0
69761,41.86569776162936,1.0,560,681,1241,0.0,-0.0008333472224535399,0.999677679290896,0.0
69762,41.86486441440691,1.0,560,681,1241,0.0,-0.0008333472224535399,0.999677679290896,0.0
69763,41.864031067184456,1.0,560,681,1241,0.0,-0.0008333472224535399,0.999677679290896,0.0
69764,41.863197719962,1.0,560,681,1241,0.0,-0.0008333472224535399,0.9997582594681724,8.058017727639034e-05
69765,41.86236437273955,1.0,560,681,1241,0.0,-0.0008333472224535399,0.9998388396454487,8.058017727639034e-05
69766,41.861531025517095,1.0,560,681,1241,0.0,-0.0008333472224535399,0.9998388396454487,0.0
69767,41.86069767829464,1.0,560,681,1241,0.0,-0.0008333472224535399,0.9998388396454487,0.0
69768,41.85986433107219,1.0,560,681,1241,0.0,-0.0008333472224535399,0.999919419822725,8.058017727639034e-05
69769,41.859030983849735,1.0,560,681,1241,0.0,-0.0008333472224535399,1.0000000000000013,8.058017727639034e-05
69770,41.85819763662728,1.0,560,681,1241,0.0,-0.0008333472224535399,1.0000000000000013,0.0
69771,41.85736428940482,1.0,560,681,1241,0.0,-0.0008333472224606453,1.0000000000000013,0.0
69772,41.85653094218237,1.0,560,681,1241,0.0,-0.0008333472224535399,1.0000000000000013,0.0
69773,41.85569759495991,1.0,560,681,1241,0.0,-0.0008333472224535399,1.0000000000000013,0.0
69774,41.85486424773746,1.0,560,681,1241,0.0,-0.0008333472224535399,1.0000000000000013,0.0
69775,41.854030900515006,1.0,560,681,1241,0.0,-0.0008333472224535399,1.0000000000000013,0.0
69776,41.85319755329255,1.0,560,681,1241,0.0,-0.0008333472224535399,1.0000000000000013,0.0
69777,41.8523642060701,1.0,560,681,1241,0.0,-0.0008333472224535399,1.0000000000000013,0.0
69778,41.851530858847646,1.0,560,681,1241,0.0,-0.0008333472224535399,1.0000000000000013,0.0
69779,41.85069751162519,1.0,560,681,1241,0.0,-0.0008333472224535399,1.0000000000000013,0.0
69780,41.84986416440274,1.0,560,681,1241,0.0,-0.0008333472224535399,1.0000000000000013,0.0
69781,41.849030817180285,1.0,560,681,1241,0.0,-0.0008333472224535399,1.0000000000000013,0.0
69782,41.84819746995783,1.0,560,681,1241,0.0,-0.0008333472224535399,1.0000000000000013,0.0
69783,41.84736412273538,1.0,560,681,1241,0.0,-0.0008333472224535399,1.0000000000000013,0.0
69784,41.846530775512925,1.0,560,681,1241,0.0,-0.0008333472224535399,1.0000000000000013,0.0
69785,41.84569742829047,1.0,560,681,1241,0.0,-0.0008333472224535399,1.0000000000000013,0.0
69786,41.84486408106802,1.0,560,681,1241,0.0,-0.0008333472224535399,1.0000000000000013,0.0
69787,41.844030733845564,1.0,560,681,1241,0.0,-0.0008333472224535399,1.0000000000000013,0.0
69788,41.84319738662311,1.0,560,681,1241,0.0,-0.0008333472224535399,1.0000000000000013,0.0
69789,41.84236403940066,1.0,560,681,1241,0.0,-0.0008333472224535399,1.0000000000000013,0.0
69790,41.8415306921782,1.0,560,681,1241,0.0,-0.0008333472224535399,1.0000000000000013,0.0
69791,41.84069734495575,1.0,560,681,1241,0.0,-0.0008333472224535399,1.0000000000000013,0.0
69792,41.839863997733296,1.0,560,681,1241,0.0,-0.0008333472224535399,1.0000000000000013,0.0
69793,41.83903065051084,1.0,560,681,1241,0.0,-0.0008333472224535399,1.0000000000000013,0.0
69794,41.83819730328839,1.0,560,681,1241,0.0,-0.0008333472224535399,1.0000000000000013,0.0
69795,41.837363956065936,1.0,560,681,1241,0.0,-0.0008333472224535399,1.0000000000000013,0.0
69796,41.83653060884348,0.9991941982272361,560,681,1241,-0.0008058017727639033,-0.0008333472224535399,0.999919419822725,-8.058017727639034e-05
69797,41.83569726162103,0.9991941982272361,560,681,1241,0.0,-0.0008333472224535399,0.9998388396454487,-8.058017727639034e-05
69798,41.834863914398575,0.9991941982272361,560,681,1241,0.0,-0.0008333472224535399,0.9997582594681724,-8.058017727639034e-05
69799,41.83403056717612,0.9991941982272361,560,681,1241,0.0,-0.0008333472224535399,0.999677679290896,-8.058017727639034e-05
69800,41.83319721995367,0.9983883964544722,560,681,1241,-0.0008058017727639033,-0.0008333472224535399,0.9995165189363433,-0.00016116035455278067
69801,41.832363872731214,1.0,560,681,1241,0.0016116035455278066,-0.0008333472224535399,0.9995165189363433,0.0
69802,41.831530525508754,1.0,560,681,1241,0.0,-0.0008333472224606453,0.9995165189363433,0.0
69803,41.8306971782863,1.0,560,681,1241,0.0,-0.0008333472224535399,0.9995165189363433,0.0
69804,41.82986383106385,1.0,560,681,1241,0.0,-0.0008333472224535399,0.9995165189363433,0.0
69805,41.82903048384139,1.0,560,681,1241,0.0,-0.0008333472224535399,0.9995165189363433,0.0
69806,41.82819713661894,1.0,560,681,1241,0.0,-0.0008333472224535399,0.9995970991136197,8.058017727639034e-05
69807,41.827363789396486,1.0,560,681,1241,0.0,-0.0008333472224535399,0.999677679290896,8.058017727639034e-05
69808,41.82653044217403,1.0,560,681,1241,0.0,-0.0008333472224535399,0.9997582594681724,8.058017727639034e-05
69809,41.82569709495158,1.0,560,681,1241,0.0,-0.0008333472224535399,0.9998388396454487,8.058017727639034e-05
69810,41.824863747729125,1.0,560,681,1241,0.0,-0.0008333472224535399,1.0000000000000013,0.00016116035455278067
69811,41.82403040050667,1.0,560,681,1241,0.0,-0.0008333472224535399,1.0000000000000013,0.0
69812,41.82319705328422,1.0,560,681,1241,0.0,-0.0008333472224535399,1.0000000000000013,0.0
69813,41.822363706061765,1.0,560,681,1241,0.0,-0.0008333472224535399,1.0000000000000013,0.0
69814,41.82153035883931,1.0,560,681,1241,0.0,-0.0008333472224535399,1.0000000000000013,0.0
69815,41.82069701161686,1.0,560,681,1241,0.0,-0.0008333472224535399,1.0000000000000013,0.0
69816,41.819863664394404,1.0,560,681,1241,0.0,-0.0008333472224535399,1.0000000000000013,0.0
69817,41.81903031717195,1.0,560,681,1241,0.0,-0.0008333472224535399,1.0000000000000013,0.0
69818,41.8181969699495,1.0,560,681,1241,0.0,-0.0008333472224535399,1.0000000000000013,0.0
69819,41.81736362272704,1.0,560,681,1241,0.0,-0.0008333472224535399,1.0000000000000013,0.0
69820,41.81653027550459,1.0,560,681,1241,0.0,-0.0008333472224535399,1.0000000000000013,0.0
69821,41.81569692828214,1.0,560,681,1241,0.0,-0.0008333472224535399,1.0000000000000013,0.0
69822,41.81486358105968,1.0,560,681,1241,0.0,-0.0008333472224535399,1.0000000000000013,0.0
69823,41.81403023383723,1.0,560,681,1241,0.0,-0.0008333472224535399,1.0000000000000013,0.0
69824,41.813196886614776,1.0,560,681,1241,0.0,-0.0008333472224535399,1.0000000000000013,0.0
69825,41.81236353939232,1.0,560,681,1241,0.0,-0.0008333472224535399,1.0000000000000013,0.0
69826,41.81153019216987,1.0,560,681,1241,0.0,-0.0008333472224535399,1.0000000000000013,0.0
69827,41.810696844947415,1.0,560,681,1241,0.0,-0.0008333472224535399,1.0000000000000013,0.0
69828,41.80986349772496,1.0,560,681,1241,0.0,-0.0008333472224535399,1.0000000000000013,0.0
69829,41.80903015050251,1.0,560,681,1241,0.0,-0.0008333472224535399,1.0000000000000013,0.0
69830,41.808196803280055,1.0,560,681,1241,0.0,-0.0008333472224535399,1.0000000000000013,0.0
69831,41.8073634560576,1.0,560,681,1241,0.0,-0.0008333472224535399,1.0000000000000013,0.0
69832,41.80653010883515,1.0,560,681,1241,0.0,-0.0008333472224535399,1.0000000000000013,0.0
69833,41.805696761612694,1.0,560,681,1241,0.0,-0.0008333472224535399,1.0000000000000013,0.0
69834,41.80486341439024,1.0,560,681,1241,0.0,-0.0008333472224535399,1.0000000000000013,0.0
69835,41.80403006716779,1.0,560,681,1241,0.0,-0.0008333472224535399,1.0000000000000013,0.0
69836,41.80319671994533,1.0,560,681,1241,0.0,-0.0008333472224535399,1.0000000000000013,0.0
69837,41.80236337272288,1.0,560,681,1241,0.0,-0.0008333472224535399,1.0000000000000013,0.0
69838,41.801530025500426,1.0,560,681,1241,0.0,-0.0008333472224535399,1.0000000000000013,0.0
69839,41.80069667827797,1.0,560,681,1241,0.0,-0.0008333472224535399,1.0000000000000013,0.0
69840,41.79986333105552,1.0,560,681,1241,0.0,-0.0008333472224535399,1.0000000000000013,0.0
69841,41.799029983833066,1.0,560,681,1241,0.0,-0.0008333472224535399,1.0000000000000013,0.0
69842,41.79819663661061,1.0,560,681,1241,0.0,-0.0008333472224535399,1.0000000000000013,0.0
69843,41.79736328938816,1.0,560,681,1241,0.0,-0.0008333472224535399,1.0000000000000013,0.0
69844,41.796529942165705,1.0,560,681,1241,0.0,-0.0008333472224535399,1.0000000000000013,0.0
69845,41.79569659494325,1.0,560,681,1241,0.0,-0.0008333472224535399,1.0000000000000013,0.0
69846,41.7948632477208,1.0,560,681,1241,0.0,-0.0008333472224535399,1.0000000000000013,0.0
69847,41.794029900498344,1.0,560,681,1241,0.0,-0.0008333472224535399,1.0000000000000013,0.0
69848,41.79319655327589,1.0,560,681,1241,0.0,-0.0008333472224535399,1.0000000000000013,0.0
69849,41.79236320605344,1.0,560,681,1241,0.0,-0.0008333472224535399,1.0000000000000013,0.0
69850,41.791529858830984,1.0,560,681,1241,0.0,-0.0008333472224535399,1.0000000000000013,0.0
69851,41.79069651160853,1.0,560,681,1241,0.0,-0.0008333472224535399,1.0000000000000013,0.0
69852,41.78986316438608,1.0,560,681,1241,0.0,-0.0008333472224535399,1.0000000000000013,0.0
69853,41.78902981716362,1.0,560,681,1241,0.0,-0.0008333472224535399,1.0000000000000013,0.0
69854,41.78819646994117,1.0,560,681,1241,0.0,-0.0008333472224535399,1.0000000000000013,0.0
69855,41.78736312271871,1.0,560,681,1241,0.0,-0.0008333472224606453,1.0000000000000013,0.0
69856,41.786529775496255,0.9991941982272361,560,681,1241,-0.0008058017727639033,-0.0008333472224535399,0.999919419822725,-8.058017727639034e-05
69857,41.7856964282738,1.0,560,681,1241,0.0008058017727639033,-0.0008333472224535399,0.999919419822725,0.0
69858,41.78486308105135,1.0,560,681,1241,0.0,-0.0008333472224535399,0.999919419822725,0.0
69859,41.784029733828895,1.0,560,681,1241,0.0,-0.0008333472224535399,0.999919419822725,0.0
69860,41.78319638660644,1.0,560,681,1241,0.0,-0.0008333472224535399,0.999919419822725,0.0
69861,41.78236303938399,1.0,560,681,1241,0.0,-0.0008333472224535399,0.999919419822725,0.0
69862,41.781529692161534,1.0,560,681,1241,0.0,-0.0008333472224535399,0.999919419822725,0.0
69863,41.78069634493908,1.0,560,681,1241,0.0,-0.0008333472224535399,0.999919419822725,0.0
69864,41.77986299771663,1.0,560,681,1241,0.0,-0.0008333472224535399,0.999919419822725,0.0
69865,41.779029650494174,1.0,560,681,1241,0.0,-0.0008333472224535399,0.999919419822725,0.0
69866,41.77819630327172,0.9991941982272361,560,681,1241,-0.0008058017727639033,-0.0008333472224535399,0.999919419822725,0.0
69867,41.77736295604927,0.9991941982272361,560,681,1241,0.0,-0.0008333472224535399,0.9998388396454487,-8.058017727639034e-05
69868,41.77652960882681,1.0,560,681,1241,0.0008058017727639033,-0.0008333472224535399,0.9998388396454487,0.0
69869,41.77569626160436,1.0,560,681,1241,0.0,-0.0008333472224535399,0.9998388396454487,0.0
69870,41.774862914381906,1.0,560,681,1241,0.0,-0.0008333472224535399,0.9998388396454487,0.0
69871,41.77402956715945,1.0,560,681,1241,0.0,-0.0008333472224535399,0.9998388396454487,0.0
69872,41.773196219937,1.0,560,681,1241,0.0,-0.0008333472224535399,0.9998388396454487,0.0
69873,41.772362872714545,1.0,560,681,1241,0.0,-0.0008333472224535399,0.9998388396454487,0.0
69874,41.77152952549209,1.0,560,681,1241,0.0,-0.0008333472224535399,0.9998388396454487,0.0
69875,41.77069617826964,1.0,560,681,1241,0.0,-0.0008333472224535399,0.9998388396454487,0.0
69876,41.769862831047185,1.0,560,681,1241,0.0,-0.0008333472224535399,0.999919419822725,8.058017727639034e-05
69877,41.76902948382473,1.0,560,681,1241,0.0,-0.0008333472224535399,1.0000000000000013,8.058017727639034e-05
69878,41.76819613660228,1.0,560,681,1241,0.0,-0.0008333472224535399,1.0000000000000013,0.0
69879,41.767362789379824,0.9991941982272361,560,681,1241,-0.0008058017727639033,-0.0008333472224535399,0.999919419822725,-8.058017727639034e-05
69880,41.76652944215737,1.0,560,681,1241,0.0008058017727639033,-0.0008333472224535399,0.999919419822725,0.0
69881,41.76569609493492,1.0,560,681,1241,0.0,-0.0008333472224535399,0.999919419822725,0.0
69882,41.76486274771246,1.0,560,681,1241,0.0,-0.0008333472224535399,0.999919419822725,0.0
69883,41.76402940049001,1.0,560,681,1241,0.0,-0.0008333472224535399,0.999919419822725,0.0
69884,41.763196053267556,1.0,560,681,1241,0.0,-0.0008333472224535399,0.999919419822725,0.0
69885,41.7623627060451,1.0,560,681,1241,0.0,-0.0008333472224535399,0.999919419822725,0.0
69886,41.76152935882265,1.0,560,681,1241,0.0,-0.0008333472224535399,0.999919419822725,0.0
69887,41.76069601160019,0.9991941982272361,560,681,1241,-0.0008058017727639033,-0.0008333472224606453,0.9998388396454487,-8.058017727639034e-05
69888,41.759862664377735,1.0,560,681,1241,0.0008058017727639033,-0.0008333472224535399,0.9998388396454487,0.0
69889,41.75902931715528,1.0,560,681,1241,0.0,-0.0008333472224535399,0.999919419822725,8.058017727639034e-05
69890,41.75819596993283,1.0,560,681,1241,0.0,-0.0008333472224535399,0.999919419822725,0.0
69891,41.757362622710374,1.0,560,681,1241,0.0,-0.0008333472224535399,0.999919419822725,0.0
69892,41.75652927548792,1.0,560,681,1241,0.0,-0.0008333472224535399,0.999919419822725,0.0
69893,41.75569592826547,1.0,560,681,1241,0.0,-0.0008333472224535399,0.999919419822725,0.0
69894,41.754862581043014,1.0,560,681,1241,0.0,-0.0008333472224535399,0.999919419822725,0.0
69895,41.75402923382056,1.0,560,681,1241,0.0,-0.0008333472224535399,0.999919419822725,0.0
69896,41.75319588659811,1.0,560,681,1241,0.0,-0.0008333472224535399,0.999919419822725,0.0
69897,41.75236253937565,1.0,560,681,1241,0.0,-0.0008333472224535399,1.0000000000000013,8.058017727639034e-05
69898,41.7515291921532,1.0,560,681,1241,0.0,-0.0008333472224535399,1.0000000000000013,0.0
69899,41.750695844930746,1.0,560,681,1241,0.0,-0.0008333472224535399,1.0000000000000013,0.0
69900,41.74986249770829,1.0,560,681,1241,0.0,-0.0008333472224535399,1.0000000000000013,0.0
69901,41.74902915048584,1.0,560,681,1241,0.0,-0.0008333472224535399,1.0000000000000013,0.0
69902,41.748195803263386,1.0,560,681,1241,0.0,-0.0008333472224535399,1.0000000000000013,0.0
69903,41.74736245604093,1.0,560,681,1241,0.0,-0.0008333472224535399,1.0000000000000013,0.0
69904,41.74652910881848,1.0,560,681,1241,0.0,-0.0008333472224535399,1.0000000000000013,0.0
69905,41.745695761596025,1.0,560,681,1241,0.0,-0.0008333472224535399,1.0000000000000013,0.0
69906,41.74486241437357,1.0,560,681,1241,0.0,-0.0008333472224535399,1.0000000000000013,0.0
69907,41.74402906715112,1.0,560,681,1241,0.0,-0.0008333472224535399,1.0000000000000013,0.0
69908,41.743195719928664,1.0,560,681,1241,0.0,-0.0008333472224535399,1.0000000000000013,0.0
69909,41.74236237270621,0.9991941982272361,560,681,1241,-0.0008058017727639033,-0.0008333472224535399,0.999919419822725,-8.058017727639034e-05
69910,41.74152902548376,1.0,560,681,1241,0.0008058017727639033,-0.0008333472224535399,0.999919419822725,0.0
69911,41.740695678261304,1.0,560,681,1241,0.0,-0.0008333472224535399,0.999919419822725,0.0
69912,41.73986233103885,1.0,560,681,1241,0.0,-0.0008333472224535399,0.999919419822725,0.0
69913,41.7390289838164,1.0,560,681,1241,0.0,-0.0008333472224535399,0.999919419822725,0.0
69914,41.73819563659394,1.0,560,681,1241,0.0,-0.0008333472224535399,0.999919419822725,0.0
69915,41.73736228937149,1.0,560,681,1241,0.0,-0.0008333472224535399,0.999919419822725,0.0
69916,41.736528942149036,1.0,560,681,1241,0.0,-0.0008333472224535399,0.999919419822725,0.0
69917,41.73569559492658,1.0,560,681,1241,0.0,-0.0008333472224535399,0.999919419822725,0.0
69918,41.73486224770413,1.0,560,681,1241,0.0,-0.0008333472224535399,0.999919419822725,0.0
69919,41.734028900481675,1.0,560,681,1241,0.0,-0.0008333472224535399,1.0000000000000013,8.058017727639034e-05
69920,41.73319555325922,1.0,560,681,1241,0.0,-0.0008333472224535399,1.0000000000000013,0.0
69921,41.73236220603677,1.0,560,681,1241,0.0,-0.0008333472224535399,1.0000000000000013,0.0
69922,41.731528858814315,1.0,560,681,1241,0.0,-0.0008333472224535399,1.0000000000000013,0.0
69923,41.73069551159186,1.0,560,681,1241,0.0,-0.0008333472224535399,1.0000000000000013,0.0
69924,41.72986216436941,1.0,560,681,1241,0.0,-0.0008333472224535399,1.0000000000000013,0.0
69925,41.729028817146954,1.0,560,681,1241,0.0,-0.0008333472224535399,1.0000000000000013,0.0
69926,41.7281954699245,1.0,560,681,1241,0.0,-0.0008333472224535399,1.0000000000000013,0.0
69927,41.72736212270205,1.0,560,681,1241,0.0,-0.0008333472224535399,1.0000000000000013,0.0
69928,41.72652877547959,1.0,560,681,1241,0.0,-0.0008333472224535399,1.0000000000000013,0.0
69929,41.72569542825714,1.0,560,681,1241,0.0,-0.0008333472224535399,1.0000000000000013,0.0
69930,41.724862081034686,1.0,560,681,1241,0.0,-0.0008333472224535399,1.0000000000000013,0.0
69931,41.72402873381223,1.0,560,681,1241,0.0,-0.0008333472224535399,1.0000000000000013,0.0
69932,41.72319538658978,1.0,560,681,1241,0.0,-0.0008333472224535399,1.0000000000000013,0.0
69933,41.722362039367326,1.0,560,681,1241,0.0,-0.0008333472224535399,1.0000000000000013,0.0
69934,41.72152869214487,1.0,560,681,1241,0.0,-0.0008333472224535399,1.0000000000000013,0.0
69935,41.72069534492242,1.0,560,681,1241,0.0,-0.0008333472224535399,1.0000000000000013,0.0
69936,41.719861997699965,1.0,560,681,1241,0.0,-0.0008333472224535399,1.0000000000000013,0.0
69937,41.71902865047751,1.0,560,681,1241,0.0,-0.0008333472224535399,1.0000000000000013,0.0
69938,41.71819530325506,1.0,560,681,1241,0.0,-0.0008333472224535399,1.0000000000000013,0.0
69939,41.717361956032605,1.0,560,681,1241,0.0,-0.0008333472224535399,1.0000000000000013,0.0
69940,41.716528608810144,1.0,560,681,1241,0.0,-0.0008333472224606453,1.0000000000000013,0.0
69941,41.71569526158769,1.0,560,681,1241,0.0,-0.0008333472224535399,1.0000000000000013,0.0
69942,41.71486191436524,1.0,560,681,1241,0.0,-0.0008333472224535399,1.0000000000000013,0.0
69943,41.71402856714278,1.0,560,681,1241,0.0,-0.0008333472224535399,1.0000000000000013,0.0
69944,41.71319521992033,1.0,560,681,1241,0.0,-0.0008333472224535399,1.0000000000000013,0.0
69945,41.712361872697876,1.0,560,681,1241,0.0,-0.0008333472224535399,1.0000000000000013,0.0
69946,41.71152852547542,1.0,560,681,1241,0.0,-0.0008333472224535399,1.0000000000000013,0.0
69947,41.71069517825297,1.0,560,681,1241,0.0,-0.0008333472224535399,1.0000000000000013,0.0
69948,41.709861831030516,1.0,560,681,1241,0.0,-0.0008333472224535399,1.0000000000000013,0.0
69949,41.70902848380806,1.0,560,681,1241,0.0,-0.0008333472224535399,1.0000000000000013,0.0
69950,41.70819513658561,1.0,560,681,1241,0.0,-0.0008333472224535399,1.0000000000000013,0.0
69951,41.707361789363155,1.0,560,681,1241,0.0,-0.0008333472224535399,1.0000000000000013,0.0
69952,41.7065284421407,1.0,560,681,1241,0.0,-0.0008333472224535399,1.0000000000000013,0.0
69953,41.70569509491825,1.0,560,681,1241,0.0,-0.0008333472224535399,1.0000000000000013,0.0
69954,41.704861747695794,1.0,560,681,1241,0.0,-0.0008333472224535399,1.0000000000000013,0.0
69955,41.70402840047334,1.0,560,681,1241,0.0,-0.0008333472224535399,1.0000000000000013,0.0
69956,41.70319505325089,1.0,560,681,1241,0.0,-0.0008333472224535399,1.0000000000000013,0.0
69957,41.702361706028434,1.0,560,681,1241,0.0,-0.0008333472224535399,1.0000000000000013,0.0
69958,41.70152835880598,1.0,560,681,1241,0.0,-0.0008333472224535399,1.0000000000000013,0.0
69959,41.70069501158353,1.0,560,681,1241,0.0,-0.0008333472224535399,1.0000000000000013,0.0
69960,41.69986166436107,1.0,560,681,1241,0.0,-0.0008333472224535399,1.0000000000000013,0.0
69961,41.69902831713862,0.9991941982272361,560,681,1241,-0.0008058017727639033,-0.0008333472224535399,0.999919419822725,-8.058017727639034e-05
69962,41.698194969916166,0.9991941982272361,560,681,1241,0.0,-0.0008333472224535399,0.9998388396454487,-8.058017727639034e-05
69963,41.69736162269371,1.0,560,681,1241,0.0008058017727639033,-0.0008333472224535399,0.9998388396454487,0.0
69964,41.69652827547126,1.0,560,681,1241,0.0,-0.0008333472224535399,0.9998388396454487,0.0
69965,41.695694928248805,1.0,560,681,1241,0.0,-0.0008333472224535399,0.9998388396454487,0.0
69966,41.69486158102635,1.0,560,681,1241,0.0,-0.0008333472224535399,0.9998388396454487,0.0
69967,41.6940282338039,0.9991941982272361,560,681,1241,-0.0008058017727639033,-0.0008333472224535399,0.9997582594681724,-8.058017727639034e-05
69968,41.693194886581445,0.9991941982272361,560,681,1241,0.0,-0.0008333472224535399,0.999677679290896,-8.058017727639034e-05
69969,41.69236153935899,0.9991941982272361,560,681,1241,0.0,-0.0008333472224535399,0.9995970991136197,-8.058017727639034e-05
69970,41.69152819213654,1.0,560,681,1241,0.0008058017727639033,-0.0008333472224535399,0.9995970991136197,0.0
69971,41.690694844914084,1.0,560,681,1241,0.0,-0.0008333472224535399,0.999677679290896,8.058017727639034e-05
69972,41.68986149769162,1.0,560,681,1241,0.0,-0.0008333472224606453,0.9997582594681724,8.058017727639034e-05
69973,41.68902815046917,1.0,560,681,1241,0.0,-0.0008333472224535399,0.9997582594681724,0.0
69974,41.688194803246716,1.0,560,681,1241,0.0,-0.0008333472224535399,0.9997582594681724,0.0
69975,41.68736145602426,1.0,560,681,1241,0.0,-0.0008333472224535399,0.9997582594681724,0.0
69976,41.68652810880181,1.0,560,681,1241,0.0,-0.0008333472224535399,0.9997582594681724,0.0
69977,41.685694761579356,1.0,560,681,1241,0.0,-0.0008333472224535399,0.9998388396454487,8.058017727639034e-05
69978,41.6848614143569,1.0,560,681,1241,0.0,-0.0008333472224535399,0.999919419822725,8.058017727639034e-05
69979,41.68402806713445,1.0,560,681,1241,0.0,-0.0008333472224535399,1.0000000000000013,8.058017727639034e-05
69980,41.683194719911995,0.9991941982272361,560,681,1241,-0.0008058017727639033,-0.0008333472224535399,0.999919419822725,-8.058017727639034e-05
69981,41.68236137268954,0.9991941982272361,560,681,1241,0.0,-0.0008333472224535399,0.9998388396454487,-8.058017727639034e-05
69982,41.68152802546709,0.9991941982272361,560,681,1241,0.0,-0.0008333472224535399,0.9997582594681724,-8.058017727639034e-05
69983,41.680694678244635,0.9991941982272361,560,681,1241,0.0,-0.0008333472224535399,0.999677679290896,-8.058017727639034e-05
69984,41.67986133102218,0.9991941982272361,560,681,1241,0.0,-0.0008333472224535399,0.9995970991136197,-8.058017727639034e-05
69985,41.67902798379973,0.9991941982272361,560,681,1241,0.0,-0.0008333472224535399,0.9995165189363433,-8.058017727639034e-05
69986,41.678194636577274,0.9991941982272361,560,681,1241,0.0,-0.0008333472224535399,0.999435938759067,-8.058017727639034e-05
69987,41.67736128935482,0.9991941982272361,560,681,1241,0.0,-0.0008333472224535399,0.9993553585817907,-8.058017727639034e-05
69988,41.67652794213237,0.9991941982272361,560,681,1241,0.0,-0.0008333472224535399,0.9992747784045143,-8.058017727639034e-05
69989,41.67569459490991,0.9983883964544722,560,681,1241,-0.0008058017727639033,-0.0008333472224535399,0.9991136180499616,-0.00016116035455278067
69990,41.67486124768746,0.9983883964544722,560,681,1241,0.0,-0.0008333472224535399,0.9990330378726853,-8.058017727639034e-05
69991,41.674027900465006,0.9991941982272361,560,681,1241,0.0008058017727639033,-0.0008333472224535399,0.9990330378726853,0.0
69992,41.67319455324255,0.9983883964544722,560,681,1241,-0.0008058017727639033,-0.0008333472224535399,0.998952457695409,-8.058017727639034e-05
69993,41.6723612060201,0.9991941982272361,560,681,1241,0.0008058017727639033,-0.0008333472224535399,0.998952457695409,0.0
69994,41.671527858797646,0.9991941982272361,560,681,1241,0.0,-0.0008333472224535399,0.998952457695409,0.0
69995,41.67069451157519,0.9991941982272361,560,681,1241,0.0,-0.0008333472224535399,0.998952457695409,0.0
69996,41.66986116435274,0.9991941982272361,560,681,1241,0.0,-0.0008333472224535399,0.998952457695409,0.0
69997,41.669027817130285,1.0,560,681,1241,0.0008058017727639033,-0.0008333472224535399,0.9990330378726853,8.058017727639034e-05
69998,41.66819446990783,1.0,560,681,1241,0.0,-0.0008333472224535399,0.9991136180499616,8.058017727639034e-05
69999,41.66736112268538,1.0,560,681,1241,0.0,-0.0008333472224535399,0.9992747784045143,0.00016116035455278067
70000,41.666527775462924,1.0,560,681,1241,0.0,-0.0008333472224535399,0.999435938759067,0.00016116035455278067
70001,41.66569442824047,1.0,560,681,1241,0.0,-0.0008333472224535399,0.9995165189363433,8.058017727639034e-05
70002,41.66486108101802,1.0,560,681,1241,0.0,-0.0008333472224535399,0.999677679290896,0.00016116035455278067
70003,41.664027733795564,1.0,560,681,1241,0.0,-0.0008333472224535399,0.9997582594681724,8.058017727639034e-05
70004,41.66319438657311,1.0,560,681,1241,0.0,-0.0008333472224535399,0.9998388396454487,8.058017727639034e-05
70005,41.66236103935066,0.9991941982272361,560,681,1241,-0.0008058017727639033,-0.0008333472224535399,0.9998388396454487,0.0
70006,41.6615276921282,0.9983883964544722,560,681,1241,-0.0008058017727639033,-0.0008333472224535399,0.9997582594681724,-8.058017727639034e-05
70007,41.66069434490575,0.9991941982272361,560,681,1241,0.0008058017727639033,-0.0008333472224535399,0.999677679290896,-8.058017727639034e-05
70008,41.659860997683296,0.9991941982272361,560,681,1241,0.0,-0.0008333472224535399,0.9995970991136197,-8.058017727639034e-05
70009,41.65902765046084,0.9991941982272361,560,681,1241,0.0,-0.0008333472224535399,0.9995165189363433,-8.058017727639034e-05
70010,41.65819430323839,0.9991941982272361,560,681,1241,0.0,-0.0008333472224535399,0.999435938759067,-8.058017727639034e-05
70011,41.657360956015935,0.9991941982272361,560,681,1241,0.0,-0.0008333472224535399,0.9993553585817907,-8.058017727639034e-05
70012,41.65652760879348,0.9991941982272361,560,681,1241,0.0,-0.0008333472224535399,0.9992747784045143,-8.058017727639034e-05
70013,41.65569426157103,1.0,560,681,1241,0.0008058017727639033,-0.0008333472224535399,0.9992747784045143,0.0
70014,41.654860914348575,1.0,560,681,1241,0.0,-0.0008333472224535399,0.9992747784045143,0.0
70015,41.65402756712612,1.0,560,681,1241,0.0,-0.0008333472224535399,0.9993553585817907,8.058017727639034e-05
70016,41.65319421990367,1.0,560,681,1241,0.0,-0.0008333472224535399,0.9995165189363433,0.00016116035455278067
70017,41.652360872681214,1.0,560,681,1241,0.0,-0.0008333472224535399,0.9995970991136197,8.058017727639034e-05
70018,41.65152752545876,1.0,560,681,1241,0.0,-0.0008333472224535399,0.999677679290896,8.058017727639034e-05
70019,41.65069417823631,1.0,560,681,1241,0.0,-0.0008333472224535399,0.9997582594681724,8.058017727639034e-05
70020,41.649860831013854,1.0,560,681,1241,0.0,-0.0008333472224535399,0.9998388396454487,8.058017727639034e-05
70021,41.6490274837914,1.0,560,681,1241,0.0,-0.0008333472224535399,0.999919419822725,8.058017727639034e-05
70022,41.64819413656895,1.0,560,681,1241,0.0,-0.0008333472224535399,1.0000000000000013,8.058017727639034e-05
70023,41.64736078934649,1.0,560,681,1241,0.0,-0.0008333472224535399,1.0000000000000013,0.0
70024,41.64652744212404,1.0,560,681,1241,0.0,-0.0008333472224535399,1.0000000000000013,0.0
70025,41.64569409490158,1.0,560,681,1241,0.0,-0.0008333472224606453,1.0000000000000013,0.0
70026,41.644860747679125,1.0,560,681,1241,0.0,-0.0008333472224535399,1.0000000000000013,0.0
70027,41.64402740045667,1.0,560,681,1241,0.0,-0.0008333472224535399,1.0000000000000013,0.0
70028,41.64319405323422,1.0,560,681,1241,0.0,-0.0008333472224535399,1.0000000000000013,0.0
70029,41.642360706011765,1.0,560,681,1241,0.0,-0.0008333472224535399,1.0000000000000013,0.0
70030,41.64152735878931,1.0,560,681,1241,0.0,-0.0008333472224535399,1.0000000000000013,0.0
70031,41.64069401156686,1.0,560,681,1241,0.0,-0.0008333472224535399,1.0000000000000013,0.0
70032,41.639860664344404,1.0,560,681,1241,0.0,-0.0008333472224535399,1.0000000000000013,0.0
70033,41.63902731712195,1.0,560,681,1241,0.0,-0.0008333472224535399,1.0000000000000013,0.0
70034,41.6381939698995,1.0,560,681,1241,0.0,-0.0008333472224535399,1.0000000000000013,0.0
70035,41.63736062267704,1.0,560,681,1241,0.0,-0.0008333472224535399,1.0000000000000013,0.0
70036,41.63652727545459,1.0,560,681,1241,0.0,-0.0008333472224535399,1.0000000000000013,0.0
70037,41.635693928232136,1.0,560,681,1241,0.0,-0.0008333472224535399,1.0000000000000013,0.0
70038,41.63486058100968,1.0,560,681,1241,0.0,-0.0008333472224535399,1.0000000000000013,0.0
70039,41.63402723378723,1.0,560,681,1241,0.0,-0.0008333472224535399,1.0000000000000013,0.0
70040,41.633193886564776,1.0,560,681,1241,0.0,-0.0008333472224535399,1.0000000000000013,0.0
70041,41.63236053934232,1.0,560,681,1241,0.0,-0.0008333472224535399,1.0000000000000013,0.0
70042,41.63152719211987,1.0,560,681,1241,0.0,-0.0008333472224535399,1.0000000000000013,0.0
70043,41.630693844897415,1.0,560,681,1241,0.0,-0.0008333472224535399,1.0000000000000013,0.0
70044,41.62986049767496,1.0,560,681,1241,0.0,-0.0008333472224535399,1.0000000000000013,0.0
70045,41.62902715045251,1.0,560,681,1241,0.0,-0.0008333472224535399,1.0000000000000013,0.0
70046,41.628193803230054,1.0,560,681,1241,0.0,-0.0008333472224535399,1.0000000000000013,0.0
70047,41.6273604560076,1.0,560,681,1241,0.0,-0.0008333472224535399,1.0000000000000013,0.0
70048,41.62652710878515,0.9991941982272361,560,681,1241,-0.0008058017727639033,-0.0008333472224535399,0.999919419822725,-8.058017727639034e-05
70049,41.625693761562694,0.9991941982272361,560,681,1241,0.0,-0.0008333472224535399,0.9998388396454487,-8.058017727639034e-05
70050,41.62486041434024,1.0,560,681,1241,0.0008058017727639033,-0.0008333472224535399,0.9998388396454487,0.0
70051,41.62402706711779,1.0,560,681,1241,0.0,-0.0008333472224535399,0.9998388396454487,0.0
70052,41.62319371989533,1.0,560,681,1241,0.0,-0.0008333472224535399,0.9998388396454487,0.0
70053,41.62236037267288,1.0,560,681,1241,0.0,-0.0008333472224535399,0.9998388396454487,0.0
70054,41.621527025450426,1.0,560,681,1241,0.0,-0.0008333472224535399,0.9998388396454487,0.0
70055,41.62069367822797,0.9991941982272361,560,681,1241,-0.0008058017727639033,-0.0008333472224535399,0.9997582594681724,-8.058017727639034e-05
70056,41.61986033100551,0.9991941982272361,560,681,1241,0.0,-0.0008333472224606453,0.999677679290896,-8.058017727639034e-05
70057,41.61902698378306,0.9991941982272361,560,681,1241,0.0,-0.0008333472224535399,0.9995970991136197,-8.058017727639034e-05
70058,41.618193636560605,1.0,560,681,1241,0.0008058017727639033,-0.0008333472224535399,0.999677679290896,8.058017727639034e-05
70059,41.61736028933815,1.0,560,681,1241,0.0,-0.0008333472224535399,0.9997582594681724,8.058017727639034e-05
70060,41.6165269421157,1.0,560,681,1241,0.0,-0.0008333472224535399,0.9997582594681724,0.0
70061,41.615693594893244,1.0,560,681,1241,0.0,-0.0008333472224535399,0.9997582594681724,0.0
70062,41.61486024767079,1.0,560,681,1241,0.0,-0.0008333472224535399,0.9997582594681724,0.0
70063,41.61402690044834,1.0,560,681,1241,0.0,-0.0008333472224535399,0.9997582594681724,0.0
70064,41.613193553225884,0.9991941982272361,560,681,1241,-0.0008058017727639033,-0.0008333472224535399,0.999677679290896,-8.058017727639034e-05
70065,41.61236020600343,0.9991941982272361,560,681,1241,0.0,-0.0008333472224535399,0.999677679290896,0.0
70066,41.61152685878098,0.9991941982272361,560,681,1241,0.0,-0.0008333472224535399,0.999677679290896,0.0
70067,41.61069351155852,1.0,560,681,1241,0.0008058017727639033,-0.0008333472224535399,0.9997582594681724,8.058017727639034e-05
70068,41.60986016433607,1.0,560,681,1241,0.0,-0.0008333472224535399,0.9997582594681724,0.0
70069,41.609026817113616,1.0,560,681,1241,0.0,-0.0008333472224535399,0.9997582594681724,0.0
70070,41.60819346989116,1.0,560,681,1241,0.0,-0.0008333472224535399,0.9997582594681724,0.0
70071,41.60736012266871,1.0,560,681,1241,0.0,-0.0008333472224535399,0.9997582594681724,0.0
70072,41.606526775446255,1.0,560,681,1241,0.0,-0.0008333472224535399,0.9997582594681724,0.0
70073,41.6056934282238,1.0,560,681,1241,0.0,-0.0008333472224535399,0.9997582594681724,0.0
70074,41.60486008100135,1.0,560,681,1241,0.0,-0.0008333472224535399,0.9998388396454487,8.058017727639034e-05
70075,41.604026733778895,1.0,560,681,1241,0.0,-0.0008333472224535399,0.999919419822725,8.058017727639034e-05
70076,41.60319338655644,1.0,560,681,1241,0.0,-0.0008333472224535399,1.0000000000000013,8.058017727639034e-05
70077,41.60236003933399,1.0,560,681,1241,0.0,-0.0008333472224535399,1.0000000000000013,0.0
70078,41.601526692111534,1.0,560,681,1241,0.0,-0.0008333472224535399,1.0000000000000013,0.0
70079,41.60069334488908,1.0,560,681,1241,0.0,-0.0008333472224535399,1.0000000000000013,0.0
70080,41.59985999766663,1.0,560,681,1241,0.0,-0.0008333472224535399,1.0000000000000013,0.0
70081,41.59902665044417,1.0,560,681,1241,0.0,-0.0008333472224535399,1.0000000000000013,0.0
70082,41.59819330322172,1.0,560,681,1241,0.0,-0.0008333472224535399,1.0000000000000013,0.0
70083,41.597359955999266,1.0,560,681,1241,0.0,-0.0008333472224535399,1.0000000000000013,0.0
70084,41.59652660877681,1.0,560,681,1241,0.0,-0.0008333472224535399,1.0000000000000013,0.0
70085,41.59569326155436,1.0,560,681,1241,0.0,-0.0008333472224535399,1.0000000000000013,0.0
70086,41.594859914331906,0.9991941982272361,560,681,1241,-0.0008058017727639033,-0.0008333472224535399,0.999919419822725,-8.058017727639034e-05
70087,41.59402656710945,0.9991941982272361,560,681,1241,0.0,-0.0008333472224535399,0.9998388396454487,-8.058017727639034e-05
70088,41.593193219887,1.0,560,681,1241,0.0008058017727639033,-0.0008333472224535399,0.9998388396454487,0.0
70089,41.592359872664545,1.0,560,681,1241,0.0,-0.0008333472224535399,0.9998388396454487,0.0
70090,41.59152652544209,1.0,560,681,1241,0.0,-0.0008333472224535399,0.9998388396454487,0.0
70091,41.59069317821964,0.9991941982272361,560,681,1241,-0.0008058017727639033,-0.0008333472224535399,0.9997582594681724,-8.058017727639034e-05
70092,41.589859830997185,0.9983883964544722,560,681,1241,-0.0008058017727639033,-0.0008333472224535399,0.9995970991136197,-0.00016116035455278067
70093,41.58902648377473,0.9983883964544722,560,681,1241,0.0,-0.0008333472224535399,0.999435938759067,-0.00016116035455278067
70094,41.58819313655228,1.0,560,681,1241,0.0016116035455278066,-0.0008333472224535399,0.999435938759067,0.0
70095,41.587359789329824,1.0,560,681,1241,0.0,-0.0008333472224535399,0.999435938759067,0.0
70096,41.58652644210737,1.0,560,681,1241,0.0,-0.0008333472224535399,0.9995165189363433,8.058017727639034e-05
70097,41.58569309488492,1.0,560,681,1241,0.0,-0.0008333472224535399,0.9995970991136197,8.058017727639034e-05
70098,41.58485974766246,1.0,560,681,1241,0.0,-0.0008333472224535399,0.9995970991136197,0.0
70099,41.58402640044001,1.0,560,681,1241,0.0,-0.0008333472224535399,0.9995970991136197,0.0
70100,41.583193053217556,1.0,560,681,1241,0.0,-0.0008333472224535399,0.9995970991136197,0.0
70101,41.5823597059951,1.0,560,681,1241,0.0,-0.0008333472224535399,0.999677679290896,8.058017727639034e-05
70102,41.58152635877265,1.0,560,681,1241,0.0,-0.0008333472224535399,0.9998388396454487,0.00016116035455278067
70103,41.580693011550196,1.0,560,681,1241,0.0,-0.0008333472224535399,1.0000000000000013,0.00016116035455278067
70104,41.57985966432774,1.0,560,681,1241,0.0,-0.0008333472224535399,1.0000000000000013,0.0
70105,41.57902631710529,1.0,560,681,1241,0.0,-0.0008333472224535399,1.0000000000000013,0.0
70106,41.578192969882835,0.9991941982272361,560,681,1241,-0.0008058017727639033,-0.0008333472224535399,0.999919419822725,-8.058017727639034e-05
70107,41.57735962266038,1.0,560,681,1241,0.0008058017727639033,-0.0008333472224535399,0.999919419822725,0.0
70108,41.57652627543793,1.0,560,681,1241,0.0,-0.0008333472224535399,0.999919419822725,0.0
70109,41.57569292821547,1.0,560,681,1241,0.0,-0.0008333472224606453,0.999919419822725,0.0
70110,41.574859580993014,1.0,560,681,1241,0.0,-0.0008333472224535399,0.999919419822725,0.0
70111,41.57402623377056,1.0,560,681,1241,0.0,-0.0008333472224535399,0.999919419822725,0.0
70112,41.57319288654811,0.9991941982272361,560,681,1241,-0.0008058017727639033,-0.0008333472224535399,0.9998388396454487,-8.058017727639034e-05
70113,41.57235953932565,0.9991941982272361,560,681,1241,0.0,-0.0008333472224535399,0.9997582594681724,-8.058017727639034e-05
70114,41.5715261921032,0.9991941982272361,560,681,1241,0.0,-0.0008333472224535399,0.999677679290896,-8.058017727639034e-05
70115,41.570692844880746,0.9991941982272361,560,681,1241,0.0,-0.0008333472224535399,0.9995970991136197,-8.058017727639034e-05
70116,41.56985949765829,0.9991941982272361,560,681,1241,0.0,-0.0008333472224535399,0.9995970991136197,0.0
70117,41.56902615043584,1.0,560,681,1241,0.0008058017727639033,-0.0008333472224535399,0.9995970991136197,0.0
70118,41.568192803213385,1.0,560,681,1241,0.0,-0.0008333472224535399,0.9995970991136197,0.0
70119,41.56735945599093,1.0,560,681,1241,0.0,-0.0008333472224535399,0.9995970991136197,0.0
70120,41.56652610876848,1.0,560,681,1241,0.0,-0.0008333472224535399,0.9995970991136197,0.0
70121,41.565692761546025,1.0,560,681,1241,0.0,-0.0008333472224535399,0.9995970991136197,0.0
70122,41.56485941432357,1.0,560,681,1241,0.0,-0.0008333472224535399,0.999677679290896,8.058017727639034e-05
70123,41.56402606710112,1.0,560,681,1241,0.0,-0.0008333472224535399,0.9997582594681724,8.058017727639034e-05
70124,41.563192719878664,1.0,560,681,1241,0.0,-0.0008333472224535399,0.9998388396454487,8.058017727639034e-05
70125,41.56235937265621,1.0,560,681,1241,0.0,-0.0008333472224535399,0.999919419822725,8.058017727639034e-05
70126,41.56152602543376,1.0,560,681,1241,0.0,-0.0008333472224535399,1.0000000000000013,8.058017727639034e-05
70127,41.5606926782113,1.0,560,681,1241,0.0,-0.0008333472224535399,1.0000000000000013,0.0
70128,41.55985933098885,0.9991941982272361,560,681,1241,-0.0008058017727639033,-0.0008333472224535399,0.999919419822725,-8.058017727639034e-05
70129,41.5590259837664,1.0,560,681,1241,0.0008058017727639033,-0.0008333472224535399,0.999919419822725,0.0
70130,41.55819263654394,1.0,560,681,1241,0.0,-0.0008333472224535399,0.999919419822725,0.0
70131,41.55735928932149,1.0,560,681,1241,0.0,-0.0008333472224535399,0.999919419822725,0.0
70132,41.556525942099036,1.0,560,681,1241,0.0,-0.0008333472224535399,0.999919419822725,0.0
70133,41.55569259487658,1.0,560,681,1241,0.0,-0.0008333472224535399,0.999919419822725,0.0
70134,41.55485924765413,1.0,560,681,1241,0.0,-0.0008333472224535399,0.999919419822725,0.0
70135,41.554025900431675,1.0,560,681,1241,0.0,-0.0008333472224535399,0.999919419822725,0.0
70136,41.55319255320922,1.0,560,681,1241,0.0,-0.0008333472224535399,0.999919419822725,0.0
70137,41.55235920598677,1.0,560,681,1241,0.0,-0.0008333472224535399,0.999919419822725,0.0
70138,41.551525858764315,1.0,560,681,1241,0.0,-0.0008333472224535399,1.0000000000000013,8.058017727639034e-05
70139,41.55069251154186,1.0,560,681,1241,0.0,-0.0008333472224535399,1.0000000000000013,0.0
70140,41.54985916431941,1.0,560,681,1241,0.0,-0.0008333472224535399,1.0000000000000013,0.0
70141,41.54902581709695,1.0,560,681,1241,0.0,-0.0008333472224606453,1.0000000000000013,0.0
70142,41.54819246987449,1.0,560,681,1241,0.0,-0.0008333472224535399,1.0000000000000013,0.0
70143,41.54735912265204,0.9991941982272361,560,681,1241,-0.0008058017727639033,-0.0008333472224535399,0.999919419822725,-8.058017727639034e-05
70144,41.546525775429586,1.0,560,681,1241,0.0008058017727639033,-0.0008333472224535399,0.999919419822725,0.0
70145,41.54569242820713,1.0,560,681,1241,0.0,-0.0008333472224535399,0.999919419822725,0.0
70146,41.54485908098468,1.0,560,681,1241,0.0,-0.0008333472224535399,0.999919419822725,0.0
70147,41.544025733762226,1.0,560,681,1241,0.0,-0.0008333472224535399,0.999919419822725,0.0
70148,41.54319238653977,1.0,560,681,1241,0.0,-0.0008333472224535399,0.999919419822725,0.0
70149,41.54235903931732,1.0,560,681,1241,0.0,-0.0008333472224535399,0.999919419822725,0.0
70150,41.541525692094865,1.0,560,681,1241,0.0,-0.0008333472224535399,0.999919419822725,0.0
70151,41.54069234487241,0.9991941982272361,560,681,1241,-0.0008058017727639033,-0.0008333472224535399,0.9998388396454487,-8.058017727639034e-05
70152,41.53985899764996,0.9991941982272361,560,681,1241,0.0,-0.0008333472224535399,0.9997582594681724,-8.058017727639034e-05
70153,41.539025650427504,0.9991941982272361,560,681,1241,0.0,-0.0008333472224535399,0.9997582594681724,0.0
70154,41.53819230320505,0.9991941982272361,560,681,1241,0.0,-0.0008333472224535399,0.999677679290896,-8.058017727639034e-05
70155,41.5373589559826,0.9991941982272361,560,681,1241,0.0,-0.0008333472224535399,0.9995970991136197,-8.058017727639034e-05
70156,41.536525608760144,1.0,560,681,1241,0.0008058017727639033,-0.0008333472224535399,0.9995970991136197,0.0
70157,41.53569226153769,1.0,560,681,1241,0.0,-0.0008333472224535399,0.9995970991136197,0.0
70158,41.53485891431524,1.0,560,681,1241,0.0,-0.0008333472224535399,0.9995970991136197,0.0
70159,41.53402556709278,1.0,560,681,1241,0.0,-0.0008333472224535399,0.9995970991136197,0.0
70160,41.53319221987033,1.0,560,681,1241,0.0,-0.0008333472224535399,0.9995970991136197,0.0
70161,41.532358872647876,1.0,560,681,1241,0.0,-0.0008333472224535399,0.999677679290896,8.058017727639034e-05
70162,41.53152552542542,1.0,560,681,1241,0.0,-0.0008333472224535399,0.9997582594681724,8.058017727639034e-05
70163,41.53069217820297,1.0,560,681,1241,0.0,-0.0008333472224535399,0.9998388396454487,8.058017727639034e-05
70164,41.529858830980515,1.0,560,681,1241,0.0,-0.0008333472224535399,0.999919419822725,8.058017727639034e-05
70165,41.52902548375806,1.0,560,681,1241,0.0,-0.0008333472224535399,1.0000000000000013,8.058017727639034e-05
70166,41.52819213653561,1.0,560,681,1241,0.0,-0.0008333472224535399,1.0000000000000013,0.0
70167,41.527358789313155,1.0,560,681,1241,0.0,-0.0008333472224535399,1.0000000000000013,0.0
70168,41.5265254420907,1.0,560,681,1241,0.0,-0.0008333472224535399,1.0000000000000013,0.0
70169,41.52569209486825,1.0,560,681,1241,0.0,-0.0008333472224535399,1.0000000000000013,0.0
70170,41.524858747645794,1.0,560,681,1241,0.0,-0.0008333472224535399,1.0000000000000013,0.0
70171,41.52402540042334,1.0,560,681,1241,0.0,-0.0008333472224535399,1.0000000000000013,0.0
70172,41.52319205320089,1.0,560,681,1241,0.0,-0.0008333472224535399,1.0000000000000013,0.0
70173,41.522358705978434,1.0,560,681,1241,0.0,-0.0008333472224535399,1.0000000000000013,0.0
70174,41.52152535875598,1.0,560,681,1241,0.0,-0.0008333472224535399,1.0000000000000013,0.0
70175,41.52069201153353,1.0,560,681,1241,0.0,-0.0008333472224535399,1.0000000000000013,0.0
70176,41.51985866431107,1.0,560,681,1241,0.0,-0.0008333472224535399,1.0000000000000013,0.0
70177,41.51902531708862,0.9991941982272361,560,681,1241,-0.0008058017727639033,-0.0008333472224535399,0.999919419822725,-8.058017727639034e-05
70178,41.518191969866166,0.9991941982272361,560,681,1241,0.0,-0.0008333472224535399,0.9998388396454487,-8.058017727639034e-05
70179,41.51735862264371,0.9991941982272361,560,681,1241,0.0,-0.0008333472224535399,0.9997582594681724,-8.058017727639034e-05
70180,41.51652527542126,1.0,560,681,1241,0.0008058017727639033,-0.0008333472224535399,0.9997582594681724,0.0
70181,41.515691928198805,1.0,560,681,1241,0.0,-0.0008333472224535399,0.9997582594681724,0.0
70182,41.51485858097635,1.0,560,681,1241,0.0,-0.0008333472224535399,0.9997582594681724,0.0
70183,41.5140252337539,1.0,560,681,1241,0.0,-0.0008333472224535399,0.9997582594681724,0.0
70184,41.513191886531445,1.0,560,681,1241,0.0,-0.0008333472224535399,0.9997582594681724,0.0
70185,41.51235853930899,1.0,560,681,1241,0.0,-0.0008333472224535399,0.9997582594681724,0.0
70186,41.51152519208654,1.0,560,681,1241,0.0,-0.0008333472224535399,0.9997582594681724,0.0
70187,41.510691844864084,1.0,560,681,1241,0.0,-0.0008333472224535399,0.9998388396454487,8.058017727639034e-05
70188,41.50985849764163,1.0,560,681,1241,0.0,-0.0008333472224535399,0.999919419822725,8.058017727639034e-05
70189,41.50902515041918,1.0,560,681,1241,0.0,-0.0008333472224535399,1.0000000000000013,8.058017727639034e-05
70190,41.50819180319672,1.0,560,681,1241,0.0,-0.0008333472224535399,1.0000000000000013,0.0
70191,41.50735845597427,1.0,560,681,1241,0.0,-0.0008333472224535399,1.0000000000000013,0.0
70192,41.506525108751816,1.0,560,681,1241,0.0,-0.0008333472224535399,1.0000000000000013,0.0
70193,41.50569176152936,1.0,560,681,1241,0.0,-0.0008333472224535399,1.0000000000000013,0.0
70194,41.5048584143069,1.0,560,681,1241,0.0,-0.0008333472224606453,1.0000000000000013,0.0
70195,41.50402506708445,1.0,560,681,1241,0.0,-0.0008333472224535399,1.0000000000000013,0.0
70196,41.503191719861995,0.9991941982272361,560,681,1241,-0.0008058017727639033,-0.0008333472224535399,0.999919419822725,-8.058017727639034e-05
70197,41.50235837263954,1.0,560,681,1241,0.0008058017727639033,-0.0008333472224535399,0.999919419822725,0.0
70198,41.50152502541709,1.0,560,681,1241,0.0,-0.0008333472224535399,0.999919419822725,0.0
70199,41.500691678194634,0.9991941982272361,560,681,1241,-0.0008058017727639033,-0.0008333472224535399,0.9998388396454487,-8.058017727639034e-05
70200,41.49985833097218,1.0,560,681,1241,0.0008058017727639033,-0.0008333472224535399,0.9998388396454487,0.0
70201,41.49902498374973,1.0,560,681,1241,0.0,-0.0008333472224535399,0.9998388396454487,0.0
70202,41.498191636527274,1.0,560,681,1241,0.0,-0.0008333472224535399,0.9998388396454487,0.0
70203,41.49735828930482,1.0,560,681,1241,0.0,-0.0008333472224535399,0.9998388396454487,0.0
70204,41.49652494208237,1.0,560,681,1241,0.0,-0.0008333472224535399,0.9998388396454487,0.0
70205,41.49569159485991,1.0,560,681,1241,0.0,-0.0008333472224535399,0.9998388396454487,0.0
70206,41.49485824763746,1.0,560,681,1241,0.0,-0.0008333472224535399,0.999919419822725,8.058017727639034e-05
70207,41.494024900415006,1.0,560,681,1241,0.0,-0.0008333472224535399,0.999919419822725,0.0
70208,41.49319155319255,1.0,560,681,1241,0.0,-0.0008333472224535399,0.999919419822725,0.0
70209,41.4923582059701,1.0,560,681,1241,0.0,-0.0008333472224535399,1.0000000000000013,8.058017727639034e-05
70210,41.491524858747646,1.0,560,681,1241,0.0,-0.0008333472224535399,1.0000000000000013,0.0
70211,41.49069151152519,0.9991941982272361,560,681,1241,-0.0008058017727639033,-0.0008333472224535399,0.999919419822725,-8.058017727639034e-05
70212,41.48985816430274,1.0,560,681,1241,0.0008058017727639033,-0.0008333472224535399,0.999919419822725,0.0
70213,41.489024817080285,1.0,560,681,1241,0.0,-0.0008333472224535399,0.999919419822725,0.0
70214,41.48819146985783,1.0,560,681,1241,0.0,-0.0008333472224535399,0.999919419822725,0.0
70215,41.48735812263538,1.0,560,681,1241,0.0,-0.0008333472224535399,0.999919419822725,0.0
70216,41.486524775412924,1.0,560,681,1241,0.0,-0.0008333472224535399,0.999919419822725,0.0
70217,41.48569142819047,1.0,560,681,1241,0.0,-0.0008333472224535399,0.999919419822725,0.0
70218,41.48485808096802,1.0,560,681,1241,0.0,-0.0008333472224535399,0.999919419822725,0.0
70219,41.484024733745564,1.0,560,681,1241,0.0,-0.0008333472224535399,0.999919419822725,0.0
70220,41.48319138652311,1.0,560,681,1241,0.0,-0.0008333472224535399,0.999919419822725,0.0
70221,41.48235803930066,1.0,560,681,1241,0.0,-0.0008333472224535399,1.0000000000000013,8.058017727639034e-05
70222,41.4815246920782,1.0,560,681,1241,0.0,-0.0008333472224535399,1.0000000000000013,0.0
70223,41.48069134485575,1.0,560,681,1241,0.0,-0.0008333472224535399,1.0000000000000013,0.0
70224,41.479857997633296,1.0,560,681,1241,0.0,-0.0008333472224535399,1.0000000000000013,0.0
70225,41.47902465041084,1.0,560,681,1241,0.0,-0.0008333472224535399,1.0000000000000013,0.0
70226,41.47819130318838,1.0,560,681,1241,0.0,-0.0008333472224606453,1.0000000000000013,0.0
70227,41.47735795596593,1.0,560,681,1241,0.0,-0.0008333472224535399,1.0000000000000013,0.0
70228,41.476524608743475,1.0,560,681,1241,0.0,-0.0008333472224535399,1.0000000000000013,0.0
70229,41.47569126152102,1.0,560,681,1241,0.0,-0.0008333472224535399,1.0000000000000013,0.0
70230,41.47485791429857,1.0,560,681,1241,0.0,-0.0008333472224535399,1.0000000000000013,0.0
70231,41.474024567076114,0.9991941982272361,560,681,1241,-0.0008058017727639033,-0.0008333472224535399,0.999919419822725,-8.058017727639034e-05
70232,41.47319121985366,0.9991941982272361,560,681,1241,0.0,-0.0008333472224535399,0.9998388396454487,-8.058017727639034e-05
70233,41.47235787263121,0.9991941982272361,560,681,1241,0.0,-0.0008333472224535399,0.9997582594681724,-8.058017727639034e-05
70234,41.47152452540875,0.9991941982272361,560,681,1241,0.0,-0.0008333472224535399,0.999677679290896,-8.058017727639034e-05
70235,41.4706911781863,0.9991941982272361,560,681,1241,0.0,-0.0008333472224535399,0.9995970991136197,-8.058017727639034e-05
70236,41.469857830963846,0.9991941982272361,560,681,1241,0.0,-0.0008333472224535399,0.9995165189363433,-8.058017727639034e-05
70237,41.46902448374139,0.9991941982272361,560,681,1241,0.0,-0.0008333472224535399,0.999435938759067,-8.058017727639034e-05
70238,41.46819113651894,0.9991941982272361,560,681,1241,0.0,-0.0008333472224535399,0.9993553585817907,-8.058017727639034e-05
70239,41.467357789296486,1.0,560,681,1241,0.0008058017727639033,-0.0008333472224535399,0.9993553585817907,0.0
70240,41.46652444207403,1.0,560,681,1241,0.0,-0.0008333472224535399,0.9993553585817907,0.0
70241,41.46569109485158,1.0,560,681,1241,0.0,-0.0008333472224535399,0.999435938759067,8.058017727639034e-05
70242,41.464857747629125,1.0,560,681,1241,0.0,-0.0008333472224535399,0.9995165189363433,8.058017727639034e-05
70243,41.46402440040667,1.0,560,681,1241,0.0,-0.0008333472224535399,0.9995970991136197,8.058017727639034e-05
70244,41.46319105318422,1.0,560,681,1241,0.0,-0.0008333472224535399,0.999677679290896,8.058017727639034e-05
70245,41.462357705961765,1.0,560,681,1241,0.0,-0.0008333472224535399,0.9997582594681724,8.058017727639034e-05
70246,41.46152435873931,1.0,560,681,1241,0.0,-0.0008333472224535399,0.9998388396454487,8.058017727639034e-05
70247,41.46069101151686,1.0,560,681,1241,0.0,-0.0008333472224535399,0.999919419822725,8.058017727639034e-05
70248,41.459857664294404,1.0,560,681,1241,0.0,-0.0008333472224535399,1.0000000000000013,8.058017727639034e-05
70249,41.45902431707195,1.0,560,681,1241,0.0,-0.0008333472224535399,1.0000000000000013,0.0
70250,41.4581909698495,1.0,560,681,1241,0.0,-0.0008333472224535399,1.0000000000000013,0.0
70251,41.45735762262704,1.0,560,681,1241,0.0,-0.0008333472224535399,1.0000000000000013,0.0
70252,41.45652427540459,1.0,560,681,1241,0.0,-0.0008333472224535399,1.0000000000000013,0.0
70253,41.455690928182136,1.0,560,681,1241,0.0,-0.0008333472224535399,1.0000000000000013,0.0
70254,41.45485758095968,1.0,560,681,1241,0.0,-0.0008333472224535399,1.0000000000000013,0.0
70255,41.45402423373723,1.0,560,681,1241,0.0,-0.0008333472224535399,1.0000000000000013,0.0
70256,41.453190886514776,1.0,560,681,1241,0.0,-0.0008333472224535399,1.0000000000000013,0.0
70257,41.45235753929232,1.0,560,681,1241,0.0,-0.0008333472224535399,1.0000000000000013,0.0
70258,41.45152419206987,1.0,560,681,1241,0.0,-0.0008333472224535399,1.0000000000000013,0.0
70259,41.450690844847415,1.0,560,681,1241,0.0,-0.0008333472224535399,1.0000000000000013,0.0
70260,41.44985749762496,1.0,560,681,1241,0.0,-0.0008333472224535399,1.0000000000000013,0.0
70261,41.44902415040251,1.0,560,681,1241,0.0,-0.0008333472224535399,1.0000000000000013,0.0
70262,41.448190803180054,1.0,560,681,1241,0.0,-0.0008333472224535399,1.0000000000000013,0.0
70263,41.4473574559576,1.0,560,681,1241,0.0,-0.0008333472224535399,1.0000000000000013,0.0
70264,41.44652410873515,1.0,560,681,1241,0.0,-0.0008333472224535399,1.0000000000000013,0.0
70265,41.445690761512694,1.0,560,681,1241,0.0,-0.0008333472224535399,1.0000000000000013,0.0
70266,41.44485741429024,1.0,560,681,1241,0.0,-0.0008333472224535399,1.0000000000000013,0.0
70267,41.44402406706779,1.0,560,681,1241,0.0,-0.0008333472224535399,1.0000000000000013,0.0
70268,41.44319071984533,1.0,560,681,1241,0.0,-0.0008333472224535399,1.0000000000000013,0.0
70269,41.44235737262288,1.0,560,681,1241,0.0,-0.0008333472224535399,1.0000000000000013,0.0
70270,41.441524025400426,1.0,560,681,1241,0.0,-0.0008333472224535399,1.0000000000000013,0.0
70271,41.44069067817797,1.0,560,681,1241,0.0,-0.0008333472224535399,1.0000000000000013,0.0
70272,41.43985733095552,1.0,560,681,1241,0.0,-0.0008333472224535399,1.0000000000000013,0.0
70273,41.439023983733065,1.0,560,681,1241,0.0,-0.0008333472224535399,1.0000000000000013,0.0
70274,41.43819063651061,1.0,560,681,1241,0.0,-0.0008333472224535399,1.0000000000000013,0.0
70275,41.43735728928816,1.0,560,681,1241,0.0,-0.0008333472224535399,1.0000000000000013,0.0
70276,41.436523942065705,1.0,560,681,1241,0.0,-0.0008333472224535399,1.0000000000000013,0.0
70277,41.43569059484325,1.0,560,681,1241,0.0,-0.0008333472224535399,1.0000000000000013,0.0
70278,41.4348572476208,1.0,560,681,1241,0.0,-0.0008333472224535399,1.0000000000000013,0.0
70279,41.43402390039834,1.0,560,681,1241,0.0,-0.0008333472224606453,1.0000000000000013,0.0
70280,41.43319055317588,1.0,560,681,1241,0.0,-0.0008333472224535399,1.0000000000000013,0.0
70281,41.43235720595343,1.0,560,681,1241,0.0,-0.0008333472224535399,1.0000000000000013,0.0
70282,41.431523858730976,1.0,560,681,1241,0.0,-0.0008333472224535399,1.0000000000000013,0.0
70283,41.43069051150852,1.0,560,681,1241,0.0,-0.0008333472224535399,1.0000000000000013,0.0
70284,41.42985716428607,1.0,560,681,1241,0.0,-0.0008333472224535399,1.0000000000000013,0.0
70285,41.429023817063616,1.0,560,681,1241,0.0,-0.0008333472224535399,1.0000000000000013,0.0
70286,41.42819046984116,1.0,560,681,1241,0.0,-0.0008333472224535399,1.0000000000000013,0.0
70287,41.42735712261871,1.0,560,681,1241,0.0,-0.0008333472224535399,1.0000000000000013,0.0
70288,41.426523775396255,0.9991941982272361,560,681,1241,-0.0008058017727639033,-0.0008333472224535399,0.999919419822725,-8.058017727639034e-05
70289,41.4256904281738,0.9991941982272361,560,681,1241,0.0,-0.0008333472224535399,0.9998388396454487,-8.058017727639034e-05
70290,41.42485708095135,0.9991941982272361,560,681,1241,0.0,-0.0008333472224535399,0.9997582594681724,-8.058017727639034e-05
70291,41.424023733728895,0.9991941982272361,560,681,1241,0.0,-0.0008333472224535399,0.999677679290896,-8.058017727639034e-05
70292,41.42319038650644,1.0,560,681,1241,0.0008058017727639033,-0.0008333472224535399,0.999677679290896,0.0
70293,41.42235703928399,0.9991941982272361,560,681,1241,-0.0008058017727639033,-0.0008333472224535399,0.9995970991136197,-8.058017727639034e-05
70294,41.421523692061534,0.9991941982272361,560,681,1241,0.0,-0.0008333472224535399,0.9995165189363433,-8.058017727639034e-05
70295,41.42069034483908,0.9991941982272361,560,681,1241,0.0,-0.0008333472224535399,0.999435938759067,-8.058017727639034e-05
70296,41.41985699761663,0.9991941982272361,560,681,1241,0.0,-0.0008333472224535399,0.9993553585817907,-8.058017727639034e-05
70297,41.41902365039417,1.0,560,681,1241,0.0008058017727639033,-0.0008333472224535399,0.9993553585817907,0.0
70298,41.41819030317172,1.0,560,681,1241,0.0,-0.0008333472224535399,0.999435938759067,8.058017727639034e-05
70299,41.417356955949266,1.0,560,681,1241,0.0,-0.0008333472224535399,0.9995165189363433,8.058017727639034e-05
70300,41.41652360872681,1.0,560,681,1241,0.0,-0.0008333472224535399,0.9995970991136197,8.058017727639034e-05
70301,41.41569026150436,1.0,560,681,1241,0.0,-0.0008333472224535399,0.999677679290896,8.058017727639034e-05
70302,41.414856914281906,1.0,560,681,1241,0.0,-0.0008333472224535399,0.999677679290896,0.0
70303,41.41402356705945,1.0,560,681,1241,0.0,-0.0008333472224535399,0.9997582594681724,8.058017727639034e-05
70304,41.413190219837,1.0,560,681,1241,0.0,-0.0008333472224535399,0.9998388396454487,8.058017727639034e-05
70305,41.412356872614545,1.0,560,681,1241,0.0,-0.0008333472224535399,0.999919419822725,8.058017727639034e-05
70306,41.41152352539209,1.0,560,681,1241,0.0,-0.0008333472224535399,1.0000000000000013,8.058017727639034e-05
70307,41.41069017816964,1.0,560,681,1241,0.0,-0.0008333472224535399,1.0000000000000013,0.0
70308,41.409856830947184,1.0,560,681,1241,0.0,-0.0008333472224535399,1.0000000000000013,0.0
70309,41.40902348372473,1.0,560,681,1241,0.0,-0.0008333472224535399,1.0000000000000013,0.0
70310,41.40819013650228,1.0,560,681,1241,0.0,-0.0008333472224535399,1.0000000000000013,0.0
70311,41.40735678927982,1.0,560,681,1241,0.0,-0.0008333472224606453,1.0000000000000013,0.0
70312,41.40652344205736,1.0,560,681,1241,0.0,-0.0008333472224535399,1.0000000000000013,0.0
70313,41.40569009483491,1.0,560,681,1241,0.0,-0.0008333472224535399,1.0000000000000013,0.0
70314,41.404856747612456,1.0,560,681,1241,0.0,-0.0008333472224535399,1.0000000000000013,0.0
70315,41.40402340039,1.0,560,681,1241,0.0,-0.0008333472224535399,1.0000000000000013,0.0
70316,41.40319005316755,1.0,560,681,1241,0.0,-0.0008333472224535399,1.0000000000000013,0.0
70317,41.402356705945095,1.0,560,681,1241,0.0,-0.0008333472224535399,1.0000000000000013,0.0
70318,41.40152335872264,1.0,560,681,1241,0.0,-0.0008333472224535399,1.0000000000000013,0.0
70319,41.40069001150019,1.0,560,681,1241,0.0,-0.0008333472224535399,1.0000000000000013,0.0
70320,41.399856664277735,1.0,560,681,1241,0.0,-0.0008333472224535399,1.0000000000000013,0.0
70321,41.39902331705528,1.0,560,681,1241,0.0,-0.0008333472224535399,1.0000000000000013,0.0
70322,41.39818996983283,1.0,560,681,1241,0.0,-0.0008333472224535399,1.0000000000000013,0.0
70323,41.397356622610374,1.0,560,681,1241,0.0,-0.0008333472224535399,1.0000000000000013,0.0
70324,41.39652327538792,1.0,560,681,1241,0.0,-0.0008333472224535399,1.0000000000000013,0.0
70325,41.39568992816547,1.0,560,681,1241,0.0,-0.0008333472224535399,1.0000000000000013,0.0
70326,41.394856580943014,1.0,560,681,1241,0.0,-0.0008333472224535399,1.0000000000000013,0.0
70327,41.39402323372056,1.0,560,681,1241,0.0,-0.0008333472224535399,1.0000000000000013,0.0
70328,41.39318988649811,1.0,560,681,1241,0.0,-0.0008333472224535399,1.0000000000000013,0.0
70329,41.39235653927565,1.0,560,681,1241,0.0,-0.0008333472224535399,1.0000000000000013,0.0
70330,41.3915231920532,1.0,560,681,1241,0.0,-0.0008333472224535399,1.0000000000000013,0.0
70331,41.390689844830746,1.0,560,681,1241,0.0,-0.0008333472224535399,1.0000000000000013,0.0
70332,41.38985649760829,1.0,560,681,1241,0.0,-0.0008333472224535399,1.0000000000000013,0.0
70333,41.38902315038584,1.0,560,681,1241,0.0,-0.0008333472224535399,1.0000000000000013,0.0
70334,41.388189803163385,1.0,560,681,1241,0.0,-0.0008333472224535399,1.0000000000000013,0.0
70335,41.38735645594093,1.0,560,681,1241,0.0,-0.0008333472224535399,1.0000000000000013,0.0
70336,41.38652310871848,1.0,560,681,1241,0.0,-0.0008333472224535399,1.0000000000000013,0.0
70337,41.385689761496025,1.0,560,681,1241,0.0,-0.0008333472224535399,1.0000000000000013,0.0
70338,41.38485641427357,1.0,560,681,1241,0.0,-0.0008333472224535399,1.0000000000000013,0.0
70339,41.38402306705112,1.0,560,681,1241,0.0,-0.0008333472224535399,1.0000000000000013,0.0
70340,41.383189719828664,1.0,560,681,1241,0.0,-0.0008333472224535399,1.0000000000000013,0.0
70341,41.38235637260621,1.0,560,681,1241,0.0,-0.0008333472224535399,1.0000000000000013,0.0
70342,41.38152302538376,1.0,560,681,1241,0.0,-0.0008333472224535399,1.0000000000000013,0.0
70343,41.3806896781613,1.0,560,681,1241,0.0,-0.0008333472224535399,1.0000000000000013,0.0
70344,41.37985633093885,1.0,560,681,1241,0.0,-0.0008333472224535399,1.0000000000000013,0.0
70345,41.379022983716396,1.0,560,681,1241,0.0,-0.0008333472224535399,1.0000000000000013,0.0
70346,41.37818963649394,1.0,560,681,1241,0.0,-0.0008333472224535399,1.0000000000000013,0.0
70347,41.37735628927149,1.0,560,681,1241,0.0,-0.0008333472224535399,1.0000000000000013,0.0
70348,41.376522942049036,1.0,560,681,1241,0.0,-0.0008333472224535399,1.0000000000000013,0.0
70349,41.37568959482658,1.0,560,681,1241,0.0,-0.0008333472224535399,1.0000000000000013,0.0
70350,41.37485624760413,1.0,560,681,1241,0.0,-0.0008333472224535399,1.0000000000000013,0.0
70351,41.374022900381675,1.0,560,681,1241,0.0,-0.0008333472224535399,1.0000000000000013,0.0
70352,41.37318955315922,1.0,560,681,1241,0.0,-0.0008333472224535399,1.0000000000000013,0.0
70353,41.37235620593677,1.0,560,681,1241,0.0,-0.0008333472224535399,1.0000000000000013,0.0
70354,41.371522858714314,1.0,560,681,1241,0.0,-0.0008333472224535399,1.0000000000000013,0.0
70355,41.37068951149186,1.0,560,681,1241,0.0,-0.0008333472224535399,1.0000000000000013,0.0
70356,41.36985616426941,1.0,560,681,1241,0.0,-0.0008333472224535399,1.0000000000000013,0.0
70357,41.369022817046954,1.0,560,681,1241,0.0,-0.0008333472224535399,1.0000000000000013,0.0
70358,41.3681894698245,1.0,560,681,1241,0.0,-0.0008333472224535399,1.0000000000000013,0.0
70359,41.36735612260205,1.0,560,681,1241,0.0,-0.0008333472224535399,1.0000000000000013,0.0
70360,41.36652277537959,0.9991941982272361,560,681,1241,-0.0008058017727639033,-0.0008333472224535399,0.999919419822725,-8.058017727639034e-05
70361,41.36568942815714,1.0,560,681,1241,0.0008058017727639033,-0.0008333472224535399,0.999919419822725,0.0
70362,41.364856080934686,1.0,560,681,1241,0.0,-0.0008333472224535399,0.999919419822725,0.0
70363,41.36402273371223,1.0,560,681,1241,0.0,-0.0008333472224535399,0.999919419822725,0.0
70364,41.36318938648977,1.0,560,681,1241,0.0,-0.0008333472224606453,0.999919419822725,0.0
70365,41.36235603926732,1.0,560,681,1241,0.0,-0.0008333472224535399,0.999919419822725,0.0
70366,41.361522692044865,1.0,560,681,1241,0.0,-0.0008333472224535399,0.999919419822725,0.0
70367,41.36068934482241,1.0,560,681,1241,0.0,-0.0008333472224535399,0.999919419822725,0.0
70368,41.35985599759996,1.0,560,681,1241,0.0,-0.0008333472224535399,0.999919419822725,0.0
70369,41.359022650377504,1.0,560,681,1241,0.0,-0.0008333472224535399,0.999919419822725,0.0
70370,41.35818930315505,1.0,560,681,1241,0.0,-0.0008333472224535399,1.0000000000000013,8.058017727639034e-05
70371,41.3573559559326,1.0,560,681,1241,0.0,-0.0008333472224535399,1.0000000000000013,0.0
70372,41.356522608710144,1.0,560,681,1241,0.0,-0.0008333472224535399,1.0000000000000013,0.0
70373,41.35568926148769,1.0,560,681,1241,0.0,-0.0008333472224535399,1.0000000000000013,0.0
70374,41.35485591426524,1.0,560,681,1241,0.0,-0.0008333472224535399,1.0000000000000013,0.0
70375,41.35402256704278,1.0,560,681,1241,0.0,-0.0008333472224535399,1.0000000000000013,0.0
70376,41.35318921982033,1.0,560,681,1241,0.0,-0.0008333472224535399,1.0000000000000013,0.0
70377,41.352355872597876,1.0,560,681,1241,0.0,-0.0008333472224535399,1.0000000000000013,0.0
70378,41.35152252537542,1.0,560,681,1241,0.0,-0.0008333472224535399,1.0000000000000013,0.0
70379,41.35068917815297,1.0,560,681,1241,0.0,-0.0008333472224535399,1.0000000000000013,0.0
70380,41.349855830930515,1.0,560,681,1241,0.0,-0.0008333472224535399,1.0000000000000013,0.0
70381,41.34902248370806,1.0,560,681,1241,0.0,-0.0008333472224535399,1.0000000000000013,0.0
70382,41.34818913648561,1.0,560,681,1241,0.0,-0.0008333472224535399,1.0000000000000013,0.0
70383,41.347355789263155,1.0,560,681,1241,0.0,-0.0008333472224535399,1.0000000000000013,0.0
70384,41.3465224420407,1.0,560,681,1241,0.0,-0.0008333472224535399,1.0000000000000013,0.0
70385,41.34568909481825,1.0,560,681,1241,0.0,-0.0008333472224535399,1.0000000000000013,0.0
70386,41.344855747595794,1.0,560,681,1241,0.0,-0.0008333472224535399,1.0000000000000013,0.0
70387,41.34402240037334,1.0,560,681,1241,0.0,-0.0008333472224535399,1.0000000000000013,0.0
70388,41.34318905315089,1.0,560,681,1241,0.0,-0.0008333472224535399,1.0000000000000013,0.0
70389,41.34235570592843,0.9991941982272361,560,681,1241,-0.0008058017727639033,-0.0008333472224535399,0.999919419822725,-8.058017727639034e-05
70390,41.34152235870598,1.0,560,681,1241,0.0008058017727639033,-0.0008333472224535399,0.999919419822725,0.0
70391,41.340689011483526,1.0,560,681,1241,0.0,-0.0008333472224535399,0.999919419822725,0.0
70392,41.33985566426107,1.0,560,681,1241,0.0,-0.0008333472224535399,0.999919419822725,0.0
70393,41.33902231703862,1.0,560,681,1241,0.0,-0.0008333472224535399,0.999919419822725,0.0
70394,41.338188969816166,1.0,560,681,1241,0.0,-0.0008333472224535399,0.999919419822725,0.0
70395,41.337355622593705,1.0,560,681,1241,0.0,-0.0008333472224606453,0.999919419822725,0.0
70396,41.33652227537125,1.0,560,681,1241,0.0,-0.0008333472224535399,0.999919419822725,0.0
70397,41.3356889281488,1.0,560,681,1241,0.0,-0.0008333472224535399,0.999919419822725,0.0
70398,41.334855580926344,1.0,560,681,1241,0.0,-0.0008333472224535399,0.999919419822725,0.0
70399,41.33402223370389,0.9991941982272361,560,681,1241,-0.0008058017727639033,-0.0008333472224535399,0.999919419822725,0.0
70400,41.33318888648144,0.9991941982272361,560,681,1241,0.0,-0.0008333472224535399,0.9998388396454487,-8.058017727639034e-05
70401,41.332355539258984,1.0,560,681,1241,0.0008058017727639033,-0.0008333472224535399,0.9998388396454487,0.0
70402,41.33152219203653,1.0,560,681,1241,0.0,-0.0008333472224535399,0.9998388396454487,0.0
70403,41.33068884481408,1.0,560,681,1241,0.0,-0.0008333472224535399,0.9998388396454487,0.0
70404,41.32985549759162,1.0,560,681,1241,0.0,-0.0008333472224535399,0.9998388396454487,0.0
70405,41.32902215036917,1.0,560,681,1241,0.0,-0.0008333472224535399,0.9998388396454487,0.0
70406,41.328188803146716,1.0,560,681,1241,0.0,-0.0008333472224535399,0.9998388396454487,0.0
70407,41.32735545592426,1.0,560,681,1241,0.0,-0.0008333472224535399,0.9998388396454487,0.0
70408,41.32652210870181,1.0,560,681,1241,0.0,-0.0008333472224535399,0.9998388396454487,0.0
70409,41.325688761479356,0.9991941982272361,560,681,1241,-0.0008058017727639033,-0.0008333472224535399,0.9998388396454487,0.0
70410,41.3248554142569,0.9991941982272361,560,681,1241,0.0,-0.0008333472224535399,0.9998388396454487,0.0
70411,41.32402206703445,0.9991941982272361,560,681,1241,0.0,-0.0008333472224535399,0.9997582594681724,-8.058017727639034e-05
70412,41.323188719811995,1.0,560,681,1241,0.0008058017727639033,-0.0008333472224535399,0.9997582594681724,0.0
70413,41.32235537258954,1.0,560,681,1241,0.0,-0.0008333472224535399,0.9997582594681724,0.0
70414,41.32152202536709,0.9991941982272361,560,681,1241,-0.0008058017727639033,-0.0008333472224535399,0.999677679290896,-8.058017727639034e-05
70415,41.320688678144634,0.9991941982272361,560,681,1241,0.0,-0.0008333472224535399,0.9995970991136197,-8.058017727639034e-05
70416,41.31985533092218,0.9991941982272361,560,681,1241,0.0,-0.0008333472224535399,0.9995165189363433,-8.058017727639034e-05
70417,41.31902198369973,0.9991941982272361,560,681,1241,0.0,-0.0008333472224535399,0.999435938759067,-8.058017727639034e-05
70418,41.318188636477274,0.9991941982272361,560,681,1241,0.0,-0.0008333472224535399,0.9993553585817907,-8.058017727639034e-05
70419,41.31735528925482,0.9991941982272361,560,681,1241,0.0,-0.0008333472224535399,0.9993553585817907,0.0
70420,41.31652194203237,0.9991941982272361,560,681,1241,0.0,-0.0008333472224535399,0.9993553585817907,0.0
70421,41.31568859480991,1.0,560,681,1241,0.0008058017727639033,-0.0008333472224535399,0.999435938759067,8.058017727639034e-05
70422,41.31485524758746,1.0,560,681,1241,0.0,-0.0008333472224535399,0.999435938759067,0.0
70423,41.314021900365006,1.0,560,681,1241,0.0,-0.0008333472224535399,0.999435938759067,0.0
70424,41.31318855314255,1.0,560,681,1241,0.0,-0.0008333472224535399,0.9995165189363433,8.058017727639034e-05
70425,41.3123552059201,1.0,560,681,1241,0.0,-0.0008333472224535399,0.9995970991136197,8.058017727639034e-05
70426,41.311521858697645,1.0,560,681,1241,0.0,-0.0008333472224535399,0.999677679290896,8.058017727639034e-05
70427,41.31068851147519,1.0,560,681,1241,0.0,-0.0008333472224535399,0.9997582594681724,8.058017727639034e-05
70428,41.30985516425274,1.0,560,681,1241,0.0,-0.0008333472224535399,0.9998388396454487,8.058017727639034e-05
70429,41.309021817030285,1.0,560,681,1241,0.0,-0.0008333472224535399,0.999919419822725,8.058017727639034e-05
70430,41.30818846980783,1.0,560,681,1241,0.0,-0.0008333472224535399,1.0000000000000013,8.058017727639034e-05
70431,41.30735512258538,1.0,560,681,1241,0.0,-0.0008333472224535399,1.0000000000000013,0.0
70432,41.306521775362924,1.0,560,681,1241,0.0,-0.0008333472224535399,1.0000000000000013,0.0
70433,41.30568842814047,1.0,560,681,1241,0.0,-0.0008333472224535399,1.0000000000000013,0.0
70434,41.30485508091802,1.0,560,681,1241,0.0,-0.0008333472224535399,1.0000000000000013,0.0
70435,41.30402173369556,1.0,560,681,1241,0.0,-0.0008333472224535399,1.0000000000000013,0.0
70436,41.30318838647311,1.0,560,681,1241,0.0,-0.0008333472224535399,1.0000000000000013,0.0
70437,41.302355039250656,1.0,560,681,1241,0.0,-0.0008333472224535399,1.0000000000000013,0.0
70438,41.3015216920282,1.0,560,681,1241,0.0,-0.0008333472224535399,1.0000000000000013,0.0
70439,41.30068834480575,1.0,560,681,1241,0.0,-0.0008333472224535399,1.0000000000000013,0.0
70440,41.299854997583296,1.0,560,681,1241,0.0,-0.0008333472224535399,1.0000000000000013,0.0
70441,41.29902165036084,1.0,560,681,1241,0.0,-0.0008333472224535399,1.0000000000000013,0.0
70442,41.29818830313839,1.0,560,681,1241,0.0,-0.0008333472224535399,1.0000000000000013,0.0
70443,41.297354955915935,1.0,560,681,1241,0.0,-0.0008333472224535399,1.0000000000000013,0.0
70444,41.29652160869348,1.0,560,681,1241,0.0,-0.0008333472224535399,1.0000000000000013,0.0
70445,41.29568826147103,1.0,560,681,1241,0.0,-0.0008333472224535399,1.0000000000000013,0.0
70446,41.294854914248575,1.0,560,681,1241,0.0,-0.0008333472224535399,1.0000000000000013,0.0
70447,41.29402156702612,1.0,560,681,1241,0.0,-0.0008333472224535399,1.0000000000000013,0.0
70448,41.29318821980366,1.0,560,681,1241,0.0,-0.0008333472224606453,1.0000000000000013,0.0
70449,41.29235487258121,1.0,560,681,1241,0.0,-0.0008333472224535399,1.0000000000000013,0.0
70450,41.29152152535875,1.0,560,681,1241,0.0,-0.0008333472224535399,1.0000000000000013,0.0
70451,41.2906881781363,1.0,560,681,1241,0.0,-0.0008333472224535399,1.0000000000000013,0.0
70452,41.289854830913846,1.0,560,681,1241,0.0,-0.0008333472224535399,1.0000000000000013,0.0
70453,41.28902148369139,1.0,560,681,1241,0.0,-0.0008333472224535399,1.0000000000000013,0.0
70454,41.28818813646894,1.0,560,681,1241,0.0,-0.0008333472224535399,1.0000000000000013,0.0
70455,41.287354789246486,1.0,560,681,1241,0.0,-0.0008333472224535399,1.0000000000000013,0.0
70456,41.28652144202403,1.0,560,681,1241,0.0,-0.0008333472224535399,1.0000000000000013,0.0
70457,41.28568809480158,1.0,560,681,1241,0.0,-0.0008333472224535399,1.0000000000000013,0.0
70458,41.284854747579125,1.0,560,681,1241,0.0,-0.0008333472224535399,1.0000000000000013,0.0
70459,41.28402140035667,1.0,560,681,1241,0.0,-0.0008333472224535399,1.0000000000000013,0.0
70460,41.28318805313422,1.0,560,681,1241,0.0,-0.0008333472224535399,1.0000000000000013,0.0
70461,41.282354705911764,1.0,560,681,1241,0.0,-0.0008333472224535399,1.0000000000000013,0.0
70462,41.28152135868931,1.0,560,681,1241,0.0,-0.0008333472224535399,1.0000000000000013,0.0
70463,41.28068801146686,1.0,560,681,1241,0.0,-0.0008333472224535399,1.0000000000000013,0.0
70464,41.279854664244404,1.0,560,681,1241,0.0,-0.0008333472224535399,1.0000000000000013,0.0
70465,41.27902131702195,1.0,560,681,1241,0.0,-0.0008333472224535399,1.0000000000000013,0.0
70466,41.2781879697995,1.0,560,681,1241,0.0,-0.0008333472224535399,1.0000000000000013,0.0
70467,41.27735462257704,1.0,560,681,1241,0.0,-0.0008333472224535399,1.0000000000000013,0.0
70468,41.27652127535459,1.0,560,681,1241,0.0,-0.0008333472224535399,1.0000000000000013,0.0
70469,41.275687928132136,1.0,560,681,1241,0.0,-0.0008333472224535399,1.0000000000000013,0.0
70470,41.27485458090968,1.0,560,681,1241,0.0,-0.0008333472224535399,1.0000000000000013,0.0
70471,41.27402123368723,0.9991941982272361,560,681,1241,-0.0008058017727639033,-0.0008333472224535399,0.999919419822725,-8.058017727639034e-05
70472,41.273187886464775,0.9991941982272361,560,681,1241,0.0,-0.0008333472224535399,0.9998388396454487,-8.058017727639034e-05
70473,41.27235453924232,1.0,560,681,1241,0.0008058017727639033,-0.0008333472224535399,0.9998388396454487,0.0
70474,41.27152119201987,1.0,560,681,1241,0.0,-0.0008333472224535399,0.9998388396454487,0.0
70475,41.270687844797415,1.0,560,681,1241,0.0,-0.0008333472224535399,0.9998388396454487,0.0
70476,41.26985449757496,1.0,560,681,1241,0.0,-0.0008333472224535399,0.9998388396454487,0.0
70477,41.26902115035251,1.0,560,681,1241,0.0,-0.0008333472224535399,0.9998388396454487,0.0
70478,41.268187803130054,1.0,560,681,1241,0.0,-0.0008333472224535399,0.9998388396454487,0.0
70479,41.2673544559076,0.9991941982272361,560,681,1241,-0.0008058017727639033,-0.0008333472224535399,0.9997582594681724,-8.058017727639034e-05
70480,41.26652110868514,0.9991941982272361,560,681,1241,0.0,-0.0008333472224606453,0.999677679290896,-8.058017727639034e-05
70481,41.26568776146269,1.0,560,681,1241,0.0008058017727639033,-0.0008333472224535399,0.9997582594681724,8.058017727639034e-05
70482,41.26485441424023,1.0,560,681,1241,0.0,-0.0008333472224535399,0.9998388396454487,8.058017727639034e-05
70483,41.26402106701778,1.0,560,681,1241,0.0,-0.0008333472224535399,0.9998388396454487,0.0
70484,41.263187719795326,1.0,560,681,1241,0.0,-0.0008333472224535399,0.9998388396454487,0.0
70485,41.26235437257287,1.0,560,681,1241,0.0,-0.0008333472224535399,0.9998388396454487,0.0
70486,41.26152102535042,1.0,560,681,1241,0.0,-0.0008333472224535399,0.9998388396454487,0.0
70487,41.260687678127965,1.0,560,681,1241,0.0,-0.0008333472224535399,0.9998388396454487,0.0
70488,41.25985433090551,1.0,560,681,1241,0.0,-0.0008333472224535399,0.9998388396454487,0.0
70489,41.25902098368306,1.0,560,681,1241,0.0,-0.0008333472224535399,0.999919419822725,8.058017727639034e-05
70490,41.258187636460605,1.0,560,681,1241,0.0,-0.0008333472224535399,1.0000000000000013,8.058017727639034e-05
70491,41.25735428923815,1.0,560,681,1241,0.0,-0.0008333472224535399,1.0000000000000013,0.0
70492,41.2565209420157,1.0,560,681,1241,0.0,-0.0008333472224535399,1.0000000000000013,0.0
70493,41.255687594793244,1.0,560,681,1241,0.0,-0.0008333472224535399,1.0000000000000013,0.0
70494,41.25485424757079,1.0,560,681,1241,0.0,-0.0008333472224535399,1.0000000000000013,0.0
70495,41.25402090034834,1.0,560,681,1241,0.0,-0.0008333472224535399,1.0000000000000013,0.0
70496,41.25318755312588,1.0,560,681,1241,0.0,-0.0008333472224535399,1.0000000000000013,0.0
70497,41.25235420590343,1.0,560,681,1241,0.0,-0.0008333472224535399,1.0000000000000013,0.0
70498,41.251520858680976,1.0,560,681,1241,0.0,-0.0008333472224535399,1.0000000000000013,0.0
70499,41.25068751145852,1.0,560,681,1241,0.0,-0.0008333472224535399,1.0000000000000013,0.0
70500,41.24985416423607,1.0,560,681,1241,0.0,-0.0008333472224535399,1.0000000000000013,0.0
70501,41.249020817013616,1.0,560,681,1241,0.0,-0.0008333472224535399,1.0000000000000013,0.0
70502,41.24818746979116,1.0,560,681,1241,0.0,-0.0008333472224535399,1.0000000000000013,0.0
70503,41.24735412256871,0.9991941982272361,560,681,1241,-0.0008058017727639033,-0.0008333472224535399,0.999919419822725,-8.058017727639034e-05
70504,41.246520775346255,0.9991941982272361,560,681,1241,0.0,-0.0008333472224535399,0.9998388396454487,-8.058017727639034e-05
70505,41.2456874281238,0.9991941982272361,560,681,1241,0.0,-0.0008333472224535399,0.9997582594681724,-8.058017727639034e-05
70506,41.24485408090135,0.9991941982272361,560,681,1241,0.0,-0.0008333472224535399,0.999677679290896,-8.058017727639034e-05
70507,41.244020733678894,0.9991941982272361,560,681,1241,0.0,-0.0008333472224535399,0.9995970991136197,-8.058017727639034e-05
70508,41.24318738645644,0.9991941982272361,560,681,1241,0.0,-0.0008333472224535399,0.9995165189363433,-8.058017727639034e-05
70509,41.24235403923399,0.9991941982272361,560,681,1241,0.0,-0.0008333472224535399,0.999435938759067,-8.058017727639034e-05
70510,41.241520692011534,1.0,560,681,1241,0.0008058017727639033,-0.0008333472224535399,0.999435938759067,0.0
70511,41.24068734478908,1.0,560,681,1241,0.0,-0.0008333472224535399,0.999435938759067,0.0
70512,41.23985399756663,1.0,560,681,1241,0.0,-0.0008333472224535399,0.999435938759067,0.0
70513,41.23902065034417,1.0,560,681,1241,0.0,-0.0008333472224535399,0.9995165189363433,8.058017727639034e-05
70514,41.23818730312172,1.0,560,681,1241,0.0,-0.0008333472224535399,0.9995970991136197,8.058017727639034e-05
70515,41.237353955899266,1.0,560,681,1241,0.0,-0.0008333472224535399,0.999677679290896,8.058017727639034e-05
70516,41.23652060867681,1.0,560,681,1241,0.0,-0.0008333472224535399,0.9997582594681724,8.058017727639034e-05
70517,41.23568726145436,0.9991941982272361,560,681,1241,-0.0008058017727639033,-0.0008333472224535399,0.9997582594681724,0.0
70518,41.234853914231905,1.0,560,681,1241,0.0008058017727639033,-0.0008333472224535399,0.9998388396454487,8.058017727639034e-05
70519,41.23402056700945,1.0,560,681,1241,0.0,-0.0008333472224535399,0.999919419822725,8.058017727639034e-05
70520,41.233187219787,1.0,560,681,1241,0.0,-0.0008333472224535399,0.999919419822725,0.0
70521,41.232353872564545,1.0,560,681,1241,0.0,-0.0008333472224535399,0.999919419822725,0.0
70522,41.23152052534209,1.0,560,681,1241,0.0,-0.0008333472224535399,0.999919419822725,0.0
70523,41.23068717811964,1.0,560,681,1241,0.0,-0.0008333472224535399,0.999919419822725,0.0
70524,41.229853830897184,1.0,560,681,1241,0.0,-0.0008333472224535399,0.999919419822725,0.0
70525,41.22902048367473,0.9991941982272361,560,681,1241,-0.0008058017727639033,-0.0008333472224535399,0.9998388396454487,-8.058017727639034e-05
70526,41.22818713645228,0.9991941982272361,560,681,1241,0.0,-0.0008333472224535399,0.9997582594681724,-8.058017727639034e-05
70527,41.227353789229824,1.0,560,681,1241,0.0008058017727639033,-0.0008333472224535399,0.9998388396454487,8.058017727639034e-05
70528,41.22652044200737,1.0,560,681,1241,0.0,-0.0008333472224535399,0.9998388396454487,0.0
70529,41.22568709478492,1.0,560,681,1241,0.0,-0.0008333472224535399,0.9998388396454487,0.0
70530,41.22485374756246,1.0,560,681,1241,0.0,-0.0008333472224535399,0.9998388396454487,0.0
70531,41.22402040034001,1.0,560,681,1241,0.0,-0.0008333472224535399,0.9998388396454487,0.0
70532,41.223187053117556,0.9991941982272361,560,681,1241,-0.0008058017727639033,-0.0008333472224535399,0.9997582594681724,-8.058017727639034e-05
70533,41.222353705895095,0.9991941982272361,560,681,1241,0.0,-0.0008333472224606453,0.999677679290896,-8.058017727639034e-05
70534,41.22152035867264,0.9991941982272361,560,681,1241,0.0,-0.0008333472224535399,0.9995970991136197,-8.058017727639034e-05
70535,41.22068701145019,0.9991941982272361,560,681,1241,0.0,-0.0008333472224535399,0.9995970991136197,0.0
70536,41.219853664227735,1.0,560,681,1241,0.0008058017727639033,-0.0008333472224535399,0.999677679290896,8.058017727639034e-05
70537,41.21902031700528,1.0,560,681,1241,0.0,-0.0008333472224535399,0.999677679290896,0.0
70538,41.21818696978283,1.0,560,681,1241,0.0,-0.0008333472224535399,0.999677679290896,0.0
70539,41.217353622560374,1.0,560,681,1241,0.0,-0.0008333472224535399,0.999677679290896,0.0
70540,41.21652027533792,1.0,560,681,1241,0.0,-0.0008333472224535399,0.999677679290896,0.0
70541,41.21568692811547,1.0,560,681,1241,0.0,-0.0008333472224535399,0.999677679290896,0.0
70542,41.21485358089301,1.0,560,681,1241,0.0,-0.0008333472224535399,0.9997582594681724,8.058017727639034e-05
70543,41.21402023367056,1.0,560,681,1241,0.0,-0.0008333472224535399,0.9998388396454487,8.058017727639034e-05
70544,41.213186886448106,1.0,560,681,1241,0.0,-0.0008333472224535399,0.999919419822725,8.058017727639034e-05
70545,41.21235353922565,1.0,560,681,1241,0.0,-0.0008333472224535399,1.0000000000000013,8.058017727639034e-05
70546,41.2115201920032,1.0,560,681,1241,0.0,-0.0008333472224535399,1.0000000000000013,0.0
70547,41.210686844780746,1.0,560,681,1241,0.0,-0.0008333472224535399,1.0000000000000013,0.0
70548,41.20985349755829,1.0,560,681,1241,0.0,-0.0008333472224535399,1.0000000000000013,0.0
70549,41.20902015033584,1.0,560,681,1241,0.0,-0.0008333472224535399,1.0000000000000013,0.0
70550,41.208186803113385,1.0,560,681,1241,0.0,-0.0008333472224535399,1.0000000000000013,0.0
70551,41.20735345589093,1.0,560,681,1241,0.0,-0.0008333472224535399,1.0000000000000013,0.0
70552,41.20652010866848,1.0,560,681,1241,0.0,-0.0008333472224535399,1.0000000000000013,0.0
70553,41.205686761446024,1.0,560,681,1241,0.0,-0.0008333472224535399,1.0000000000000013,0.0
70554,41.20485341422357,1.0,560,681,1241,0.0,-0.0008333472224535399,1.0000000000000013,0.0
70555,41.20402006700112,0.9991941982272361,560,681,1241,-0.0008058017727639033,-0.0008333472224535399,0.999919419822725,-8.058017727639034e-05
70556,41.203186719778664,0.9991941982272361,560,681,1241,0.0,-0.0008333472224535399,0.9998388396454487,-8.058017727639034e-05
70557,41.20235337255621,0.9991941982272361,560,681,1241,0.0,-0.0008333472224535399,0.9997582594681724,-8.058017727639034e-05
70558,41.20152002533376,1.0,560,681,1241,0.0008058017727639033,-0.0008333472224535399,0.9997582594681724,0.0
70559,41.2006866781113,1.0,560,681,1241,0.0,-0.0008333472224535399,0.9997582594681724,0.0
70560,41.19985333088885,1.0,560,681,1241,0.0,-0.0008333472224535399,0.9997582594681724,0.0
70561,41.199019983666396,1.0,560,681,1241,0.0,-0.0008333472224535399,0.9997582594681724,0.0
70562,41.19818663644394,1.0,560,681,1241,0.0,-0.0008333472224535399,0.9997582594681724,0.0
70563,41.19735328922149,1.0,560,681,1241,0.0,-0.0008333472224535399,0.9997582594681724,0.0
70564,41.196519941999036,1.0,560,681,1241,0.0,-0.0008333472224535399,0.9997582594681724,0.0
70565,41.195686594776575,1.0,560,681,1241,0.0,-0.0008333472224606453,0.9998388396454487,8.058017727639034e-05
70566,41.19485324755412,1.0,560,681,1241,0.0,-0.0008333472224535399,0.999919419822725,8.058017727639034e-05
70567,41.19401990033167,1.0,560,681,1241,0.0,-0.0008333472224535399,1.0000000000000013,8.058017727639034e-05
70568,41.193186553109214,1.0,560,681,1241,0.0,-0.0008333472224535399,1.0000000000000013,0.0
70569,41.19235320588676,1.0,560,681,1241,0.0,-0.0008333472224535399,1.0000000000000013,0.0
70570,41.19151985866431,1.0,560,681,1241,0.0,-0.0008333472224535399,1.0000000000000013,0.0
70571,41.190686511441854,1.0,560,681,1241,0.0,-0.0008333472224535399,1.0000000000000013,0.0
70572,41.1898531642194,1.0,560,681,1241,0.0,-0.0008333472224535399,1.0000000000000013,0.0
70573,41.18901981699695,1.0,560,681,1241,0.0,-0.0008333472224535399,1.0000000000000013,0.0
70574,41.18818646977449,1.0,560,681,1241,0.0,-0.0008333472224535399,1.0000000000000013,0.0
70575,41.18735312255204,1.0,560,681,1241,0.0,-0.0008333472224535399,1.0000000000000013,0.0
70576,41.186519775329586,1.0,560,681,1241,0.0,-0.0008333472224535399,1.0000000000000013,0.0
70577,41.18568642810713,1.0,560,681,1241,0.0,-0.0008333472224535399,1.0000000000000013,0.0
70578,41.18485308088468,1.0,560,681,1241,0.0,-0.0008333472224535399,1.0000000000000013,0.0
70579,41.184019733662225,1.0,560,681,1241,0.0,-0.0008333472224535399,1.0000000000000013,0.0
70580,41.18318638643977,1.0,560,681,1241,0.0,-0.0008333472224535399,1.0000000000000013,0.0
70581,41.18235303921732,1.0,560,681,1241,0.0,-0.0008333472224535399,1.0000000000000013,0.0
70582,41.181519691994865,1.0,560,681,1241,0.0,-0.0008333472224535399,1.0000000000000013,0.0
70583,41.18068634477241,1.0,560,681,1241,0.0,-0.0008333472224535399,1.0000000000000013,0.0
70584,41.17985299754996,1.0,560,681,1241,0.0,-0.0008333472224535399,1.0000000000000013,0.0
70585,41.179019650327504,1.0,560,681,1241,0.0,-0.0008333472224535399,1.0000000000000013,0.0
70586,41.17818630310505,1.0,560,681,1241,0.0,-0.0008333472224535399,1.0000000000000013,0.0
70587,41.1773529558826,1.0,560,681,1241,0.0,-0.0008333472224535399,1.0000000000000013,0.0
70588,41.17651960866014,1.0,560,681,1241,0.0,-0.0008333472224535399,1.0000000000000013,0.0
70589,41.17568626143769,1.0,560,681,1241,0.0,-0.0008333472224535399,1.0000000000000013,0.0
70590,41.174852914215236,1.0,560,681,1241,0.0,-0.0008333472224535399,1.0000000000000013,0.0
70591,41.17401956699278,1.0,560,681,1241,0.0,-0.0008333472224535399,1.0000000000000013,0.0
70592,41.17318621977033,1.0,560,681,1241,0.0,-0.0008333472224535399,1.0000000000000013,0.0
70593,41.172352872547876,1.0,560,681,1241,0.0,-0.0008333472224535399,1.0000000000000013,0.0
70594,41.17151952532542,1.0,560,681,1241,0.0,-0.0008333472224535399,1.0000000000000013,0.0
70595,41.17068617810297,1.0,560,681,1241,0.0,-0.0008333472224535399,1.0000000000000013,0.0
70596,41.169852830880515,1.0,560,681,1241,0.0,-0.0008333472224535399,1.0000000000000013,0.0
70597,41.16901948365806,1.0,560,681,1241,0.0,-0.0008333472224535399,1.0000000000000013,0.0
70598,41.16818613643561,1.0,560,681,1241,0.0,-0.0008333472224535399,1.0000000000000013,0.0
70599,41.167352789213155,0.9991941982272361,560,681,1241,-0.0008058017727639033,-0.0008333472224535399,0.999919419822725,-8.058017727639034e-05
70600,41.1665194419907,0.9991941982272361,560,681,1241,0.0,-0.0008333472224535399,0.9998388396454487,-8.058017727639034e-05
70601,41.16568609476825,0.9991941982272361,560,681,1241,0.0,-0.0008333472224535399,0.9997582594681724,-8.058017727639034e-05
70602,41.164852747545794,0.9991941982272361,560,681,1241,0.0,-0.0008333472224535399,0.999677679290896,-8.058017727639034e-05
70603,41.16401940032334,0.9991941982272361,560,681,1241,0.0,-0.0008333472224535399,0.9995970991136197,-8.058017727639034e-05
70604,41.16318605310089,1.0,560,681,1241,0.0008058017727639033,-0.0008333472224535399,0.9995970991136197,0.0
70605,41.16235270587843,1.0,560,681,1241,0.0,-0.0008333472224535399,0.9995970991136197,0.0
70606,41.16151935865598,1.0,560,681,1241,0.0,-0.0008333472224535399,0.9995970991136197,0.0
70607,41.160686011433526,1.0,560,681,1241,0.0,-0.0008333472224535399,0.9995970991136197,0.0
70608,41.15985266421107,1.0,560,681,1241,0.0,-0.0008333472224535399,0.9995970991136197,0.0
70609,41.15901931698862,1.0,560,681,1241,0.0,-0.0008333472224535399,0.999677679290896,8.058017727639034e-05
70610,41.158185969766166,1.0,560,681,1241,0.0,-0.0008333472224535399,0.9997582594681724,8.058017727639034e-05
70611,41.15735262254371,1.0,560,681,1241,0.0,-0.0008333472224535399,0.9998388396454487,8.058017727639034e-05
70612,41.15651927532126,0.9991941982272361,560,681,1241,-0.0008058017727639033,-0.0008333472224535399,0.9998388396454487,0.0
70613,41.155685928098805,0.9991941982272361,560,681,1241,0.0,-0.0008333472224535399,0.9998388396454487,0.0
70614,41.15485258087635,0.9991941982272361,560,681,1241,0.0,-0.0008333472224535399,0.9997582594681724,-8.058017727639034e-05
70615,41.1540192336539,0.9991941982272361,560,681,1241,0.0,-0.0008333472224535399,0.999677679290896,-8.058017727639034e-05
70616,41.153185886431444,0.9991941982272361,560,681,1241,0.0,-0.0008333472224535399,0.9995970991136197,-8.058017727639034e-05
70617,41.15235253920899,0.9991941982272361,560,681,1241,0.0,-0.0008333472224535399,0.9995165189363433,-8.058017727639034e-05
70618,41.15151919198653,0.9991941982272361,560,681,1241,0.0,-0.0008333472224606453,0.999435938759067,-8.058017727639034e-05
70619,41.15068584476408,0.9991941982272361,560,681,1241,0.0,-0.0008333472224535399,0.9993553585817907,-8.058017727639034e-05
70620,41.14985249754162,0.9991941982272361,560,681,1241,0.0,-0.0008333472224535399,0.9992747784045143,-8.058017727639034e-05
70621,41.14901915031917,1.0,560,681,1241,0.0008058017727639033,-0.0008333472224535399,0.9992747784045143,0.0
70622,41.148185803096716,1.0,560,681,1241,0.0,-0.0008333472224535399,0.9993553585817907,8.058017727639034e-05
70623,41.14735245587426,0.9991941982272361,560,681,1241,-0.0008058017727639033,-0.0008333472224535399,0.9993553585817907,0.0
70624,41.14651910865181,0.9991941982272361,560,681,1241,0.0,-0.0008333472224535399,0.9993553585817907,0.0
70625,41.145685761429355,1.0,560,681,1241,0.0008058017727639033,-0.0008333472224535399,0.999435938759067,8.058017727639034e-05
70626,41.1448524142069,1.0,560,681,1241,0.0,-0.0008333472224535399,0.9995165189363433,8.058017727639034e-05
70627,41.14401906698445,1.0,560,681,1241,0.0,-0.0008333472224535399,0.9995970991136197,8.058017727639034e-05
70628,41.143185719761995,1.0,560,681,1241,0.0,-0.0008333472224535399,0.999677679290896,8.058017727639034e-05
70629,41.14235237253954,1.0,560,681,1241,0.0,-0.0008333472224535399,0.9997582594681724,8.058017727639034e-05
70630,41.14151902531709,1.0,560,681,1241,0.0,-0.0008333472224535399,0.9998388396454487,8.058017727639034e-05
70631,41.140685678094634,1.0,560,681,1241,0.0,-0.0008333472224535399,0.9998388396454487,0.0
70632,41.13985233087218,1.0,560,681,1241,0.0,-0.0008333472224535399,0.9998388396454487,0.0
70633,41.13901898364973,1.0,560,681,1241,0.0,-0.0008333472224535399,0.999919419822725,8.058017727639034e-05
70634,41.13818563642727,1.0,560,681,1241,0.0,-0.0008333472224535399,1.0000000000000013,8.058017727639034e-05
70635,41.13735228920482,1.0,560,681,1241,0.0,-0.0008333472224535399,1.0000000000000013,0.0
70636,41.13651894198237,1.0,560,681,1241,0.0,-0.0008333472224535399,1.0000000000000013,0.0
70637,41.13568559475991,1.0,560,681,1241,0.0,-0.0008333472224535399,1.0000000000000013,0.0
70638,41.13485224753746,1.0,560,681,1241,0.0,-0.0008333472224535399,1.0000000000000013,0.0
70639,41.134018900315006,1.0,560,681,1241,0.0,-0.0008333472224535399,1.0000000000000013,0.0
70640,41.13318555309255,1.0,560,681,1241,0.0,-0.0008333472224535399,1.0000000000000013,0.0
70641,41.1323522058701,1.0,560,681,1241,0.0,-0.0008333472224535399,1.0000000000000013,0.0
70642,41.131518858647645,1.0,560,681,1241,0.0,-0.0008333472224535399,1.0000000000000013,0.0
70643,41.13068551142519,1.0,560,681,1241,0.0,-0.0008333472224535399,1.0000000000000013,0.0
70644,41.12985216420274,1.0,560,681,1241,0.0,-0.0008333472224535399,1.0000000000000013,0.0
70645,41.129018816980285,1.0,560,681,1241,0.0,-0.0008333472224535399,1.0000000000000013,0.0
70646,41.12818546975783,1.0,560,681,1241,0.0,-0.0008333472224535399,1.0000000000000013,0.0
70647,41.12735212253538,1.0,560,681,1241,0.0,-0.0008333472224535399,1.0000000000000013,0.0
70648,41.126518775312924,1.0,560,681,1241,0.0,-0.0008333472224535399,1.0000000000000013,0.0
70649,41.12568542809047,1.0,560,681,1241,0.0,-0.0008333472224535399,1.0000000000000013,0.0
70650,41.12485208086801,1.0,560,681,1241,0.0,-0.0008333472224606453,1.0000000000000013,0.0
70651,41.124018733645556,1.0,560,681,1241,0.0,-0.0008333472224535399,1.0000000000000013,0.0
70652,41.1231853864231,1.0,560,681,1241,0.0,-0.0008333472224535399,1.0000000000000013,0.0
70653,41.12235203920065,1.0,560,681,1241,0.0,-0.0008333472224535399,1.0000000000000013,0.0
70654,41.121518691978196,0.9991941982272361,560,681,1241,-0.0008058017727639033,-0.0008333472224535399,0.999919419822725,-8.058017727639034e-05
70655,41.12068534475574,0.9991941982272361,560,681,1241,0.0,-0.0008333472224535399,0.9998388396454487,-8.058017727639034e-05
70656,41.11985199753329,1.0,560,681,1241,0.0008058017727639033,-0.0008333472224535399,0.9998388396454487,0.0
70657,41.119018650310835,1.0,560,681,1241,0.0,-0.0008333472224535399,0.9998388396454487,0.0
70658,41.11818530308838,1.0,560,681,1241,0.0,-0.0008333472224535399,0.9998388396454487,0.0
70659,41.11735195586593,1.0,560,681,1241,0.0,-0.0008333472224535399,0.9998388396454487,0.0
70660,41.116518608643474,1.0,560,681,1241,0.0,-0.0008333472224535399,0.9998388396454487,0.0
70661,41.11568526142102,1.0,560,681,1241,0.0,-0.0008333472224535399,0.9998388396454487,0.0
70662,41.11485191419857,1.0,560,681,1241,0.0,-0.0008333472224535399,0.9998388396454487,0.0
70663,41.114018566976114,1.0,560,681,1241,0.0,-0.0008333472224535399,0.9998388396454487,0.0
70664,41.11318521975366,1.0,560,681,1241,0.0,-0.0008333472224535399,0.999919419822725,8.058017727639034e-05
70665,41.11235187253121,1.0,560,681,1241,0.0,-0.0008333472224535399,1.0000000000000013,8.058017727639034e-05
70666,41.11151852530875,1.0,560,681,1241,0.0,-0.0008333472224535399,1.0000000000000013,0.0
70667,41.1106851780863,1.0,560,681,1241,0.0,-0.0008333472224535399,1.0000000000000013,0.0
70668,41.109851830863846,1.0,560,681,1241,0.0,-0.0008333472224535399,1.0000000000000013,0.0
70669,41.10901848364139,1.0,560,681,1241,0.0,-0.0008333472224535399,1.0000000000000013,0.0
70670,41.10818513641894,0.9991941982272361,560,681,1241,-0.0008058017727639033,-0.0008333472224535399,0.999919419822725,-8.058017727639034e-05
70671,41.107351789196485,1.0,560,681,1241,0.0008058017727639033,-0.0008333472224535399,0.999919419822725,0.0
70672,41.10651844197403,1.0,560,681,1241,0.0,-0.0008333472224535399,0.999919419822725,0.0
70673,41.10568509475158,1.0,560,681,1241,0.0,-0.0008333472224535399,0.999919419822725,0.0
70674,41.104851747529125,1.0,560,681,1241,0.0,-0.0008333472224535399,0.999919419822725,0.0
70675,41.10401840030667,1.0,560,681,1241,0.0,-0.0008333472224535399,0.999919419822725,0.0
70676,41.10318505308422,1.0,560,681,1241,0.0,-0.0008333472224535399,0.999919419822725,0.0
70677,41.102351705861764,1.0,560,681,1241,0.0,-0.0008333472224535399,0.999919419822725,0.0
70678,41.10151835863931,1.0,560,681,1241,0.0,-0.0008333472224535399,0.999919419822725,0.0
70679,41.10068501141686,1.0,560,681,1241,0.0,-0.0008333472224535399,0.999919419822725,0.0
70680,41.099851664194404,1.0,560,681,1241,0.0,-0.0008333472224535399,1.0000000000000013,8.058017727639034e-05
70681,41.09901831697195,1.0,560,681,1241,0.0,-0.0008333472224535399,1.0000000000000013,0.0
70682,41.0981849697495,1.0,560,681,1241,0.0,-0.0008333472224535399,1.0000000000000013,0.0
70683,41.09735162252704,1.0,560,681,1241,0.0,-0.0008333472224535399,1.0000000000000013,0.0
70684,41.09651827530459,1.0,560,681,1241,0.0,-0.0008333472224535399,1.0000000000000013,0.0
70685,41.095684928082136,1.0,560,681,1241,0.0,-0.0008333472224535399,1.0000000000000013,0.0
70686,41.09485158085968,1.0,560,681,1241,0.0,-0.0008333472224535399,1.0000000000000013,0.0
70687,41.09401823363723,1.0,560,681,1241,0.0,-0.0008333472224535399,1.0000000000000013,0.0
70688,41.093184886414775,1.0,560,681,1241,0.0,-0.0008333472224535399,1.0000000000000013,0.0
70689,41.09235153919232,1.0,560,681,1241,0.0,-0.0008333472224535399,1.0000000000000013,0.0
70690,41.09151819196987,0.9991941982272361,560,681,1241,-0.0008058017727639033,-0.0008333472224535399,0.999919419822725,-8.058017727639034e-05
70691,41.090684844747415,0.9991941982272361,560,681,1241,0.0,-0.0008333472224535399,0.9998388396454487,-8.058017727639034e-05
70692,41.08985149752496,0.9991941982272361,560,681,1241,0.0,-0.0008333472224535399,0.9997582594681724,-8.058017727639034e-05
70693,41.08901815030251,0.9991941982272361,560,681,1241,0.0,-0.0008333472224535399,0.999677679290896,-8.058017727639034e-05
70694,41.088184803080054,0.9991941982272361,560,681,1241,0.0,-0.0008333472224535399,0.9995970991136197,-8.058017727639034e-05
70695,41.0873514558576,0.9991941982272361,560,681,1241,0.0,-0.0008333472224535399,0.9995165189363433,-8.058017727639034e-05
70696,41.08651810863515,0.9991941982272361,560,681,1241,0.0,-0.0008333472224535399,0.999435938759067,-8.058017727639034e-05
70697,41.08568476141269,1.0,560,681,1241,0.0008058017727639033,-0.0008333472224535399,0.999435938759067,0.0
70698,41.08485141419024,1.0,560,681,1241,0.0,-0.0008333472224535399,0.999435938759067,0.0
70699,41.084018066967786,1.0,560,681,1241,0.0,-0.0008333472224535399,0.999435938759067,0.0
70700,41.08318471974533,1.0,560,681,1241,0.0,-0.0008333472224535399,0.9995165189363433,8.058017727639034e-05
70701,41.08235137252288,1.0,560,681,1241,0.0,-0.0008333472224535399,0.9995970991136197,8.058017727639034e-05
70702,41.081518025300426,1.0,560,681,1241,0.0,-0.0008333472224535399,0.999677679290896,8.058017727639034e-05
70703,41.080684678077965,1.0,560,681,1241,0.0,-0.0008333472224606453,0.9997582594681724,8.058017727639034e-05
70704,41.07985133085551,1.0,560,681,1241,0.0,-0.0008333472224535399,0.9998388396454487,8.058017727639034e-05
70705,41.07901798363306,1.0,560,681,1241,0.0,-0.0008333472224535399,0.999919419822725,8.058017727639034e-05
70706,41.078184636410604,1.0,560,681,1241,0.0,-0.0008333472224535399,1.0000000000000013,8.058017727639034e-05
70707,41.07735128918815,1.0,560,681,1241,0.0,-0.0008333472224535399,1.0000000000000013,0.0
70708,41.0765179419657,1.0,560,681,1241,0.0,-0.0008333472224535399,1.0000000000000013,0.0
70709,41.075684594743244,1.0,560,681,1241,0.0,-0.0008333472224535399,1.0000000000000013,0.0
70710,41.07485124752079,1.0,560,681,1241,0.0,-0.0008333472224535399,1.0000000000000013,0.0
70711,41.07401790029834,1.0,560,681,1241,0.0,-0.0008333472224535399,1.0000000000000013,0.0
70712,41.07318455307588,1.0,560,681,1241,0.0,-0.0008333472224535399,1.0000000000000013,0.0
70713,41.07235120585343,1.0,560,681,1241,0.0,-0.0008333472224535399,1.0000000000000013,0.0
70714,41.071517858630976,1.0,560,681,1241,0.0,-0.0008333472224535399,1.0000000000000013,0.0
70715,41.07068451140852,1.0,560,681,1241,0.0,-0.0008333472224535399,1.0000000000000013,0.0
70716,41.06985116418607,1.0,560,681,1241,0.0,-0.0008333472224535399,1.0000000000000013,0.0
70717,41.069017816963616,1.0,560,681,1241,0.0,-0.0008333472224535399,1.0000000000000013,0.0
70718,41.06818446974116,1.0,560,681,1241,0.0,-0.0008333472224535399,1.0000000000000013,0.0
70719,41.06735112251871,1.0,560,681,1241,0.0,-0.0008333472224535399,1.0000000000000013,0.0
70720,41.066517775296255,1.0,560,681,1241,0.0,-0.0008333472224535399,1.0000000000000013,0.0
70721,41.0656844280738,1.0,560,681,1241,0.0,-0.0008333472224535399,1.0000000000000013,0.0
70722,41.06485108085135,1.0,560,681,1241,0.0,-0.0008333472224535399,1.0000000000000013,0.0
70723,41.064017733628894,1.0,560,681,1241,0.0,-0.0008333472224535399,1.0000000000000013,0.0
70724,41.06318438640644,1.0,560,681,1241,0.0,-0.0008333472224535399,1.0000000000000013,0.0
70725,41.06235103918399,1.0,560,681,1241,0.0,-0.0008333472224535399,1.0000000000000013,0.0
70726,41.061517691961534,1.0,560,681,1241,0.0,-0.0008333472224535399,1.0000000000000013,0.0
70727,41.06068434473908,1.0,560,681,1241,0.0,-0.0008333472224535399,1.0000000000000013,0.0
70728,41.05985099751663,1.0,560,681,1241,0.0,-0.0008333472224535399,1.0000000000000013,0.0
70729,41.05901765029417,1.0,560,681,1241,0.0,-0.0008333472224535399,1.0000000000000013,0.0
70730,41.05818430307172,0.9991941982272361,560,681,1241,-0.0008058017727639033,-0.0008333472224535399,0.999919419822725,-8.058017727639034e-05
70731,41.057350955849266,0.9991941982272361,560,681,1241,0.0,-0.0008333472224535399,0.9998388396454487,-8.058017727639034e-05
70732,41.05651760862681,0.9991941982272361,560,681,1241,0.0,-0.0008333472224535399,0.9997582594681724,-8.058017727639034e-05
70733,41.05568426140436,0.9991941982272361,560,681,1241,0.0,-0.0008333472224535399,0.999677679290896,-8.058017727639034e-05
70734,41.0548509141819,0.9991941982272361,560,681,1241,0.0,-0.0008333472224606453,0.9995970991136197,-8.058017727639034e-05
70735,41.054017566959445,0.9991941982272361,560,681,1241,0.0,-0.0008333472224535399,0.9995165189363433,-8.058017727639034e-05
70736,41.05318421973699,0.9991941982272361,560,681,1241,0.0,-0.0008333472224535399,0.999435938759067,-8.058017727639034e-05
70737,41.05235087251454,0.9983883964544722,560,681,1241,-0.0008058017727639033,-0.0008333472224535399,0.9992747784045143,-0.00016116035455278067
70738,41.051517525292084,0.9983883964544722,560,681,1241,0.0,-0.0008333472224535399,0.9991136180499616,-0.00016116035455278067
70739,41.05068417806963,0.9983883964544722,560,681,1241,0.0,-0.0008333472224535399,0.998952457695409,-0.00016116035455278067
70740,41.04985083084718,0.9983883964544722,560,681,1241,0.0,-0.0008333472224535399,0.9988718775181326,-8.058017727639034e-05
70741,41.04901748362472,0.9991941982272361,560,681,1241,0.0008058017727639033,-0.0008333472224535399,0.9988718775181326,0.0
70742,41.04818413640227,0.9991941982272361,560,681,1241,0.0,-0.0008333472224535399,0.9988718775181326,0.0
70743,41.047350789179816,0.9991941982272361,560,681,1241,0.0,-0.0008333472224535399,0.9988718775181326,0.0
70744,41.04651744195736,1.0,560,681,1241,0.0008058017727639033,-0.0008333472224535399,0.998952457695409,8.058017727639034e-05
70745,41.04568409473491,1.0,560,681,1241,0.0,-0.0008333472224535399,0.9990330378726853,8.058017727639034e-05
70746,41.044850747512456,1.0,560,681,1241,0.0,-0.0008333472224535399,0.9991136180499616,8.058017727639034e-05
70747,41.04401740029,1.0,560,681,1241,0.0,-0.0008333472224535399,0.9992747784045143,0.00016116035455278067
70748,41.04318405306755,1.0,560,681,1241,0.0,-0.0008333472224535399,0.999435938759067,0.00016116035455278067
70749,41.042350705845095,1.0,560,681,1241,0.0,-0.0008333472224535399,0.9995970991136197,0.00016116035455278067
70750,41.04151735862264,0.9991941982272361,560,681,1241,-0.0008058017727639033,-0.0008333472224535399,0.999677679290896,8.058017727639034e-05
70751,41.04068401140019,0.9991941982272361,560,681,1241,0.0,-0.0008333472224535399,0.999677679290896,0.0
70752,41.039850664177735,0.9991941982272361,560,681,1241,0.0,-0.0008333472224535399,0.999677679290896,0.0
70753,41.03901731695528,0.9991941982272361,560,681,1241,0.0,-0.0008333472224535399,0.999677679290896,0.0
70754,41.03818396973283,0.9991941982272361,560,681,1241,0.0,-0.0008333472224535399,0.9995970991136197,-8.058017727639034e-05
70755,41.037350622510374,1.0,560,681,1241,0.0008058017727639033,-0.0008333472224535399,0.9995970991136197,0.0
70756,41.03651727528792,1.0,560,681,1241,0.0,-0.0008333472224535399,0.9995970991136197,0.0
70757,41.03568392806547,1.0,560,681,1241,0.0,-0.0008333472224535399,0.9995970991136197,0.0
70758,41.03485058084301,1.0,560,681,1241,0.0,-0.0008333472224535399,0.9995970991136197,0.0
70759,41.03401723362056,1.0,560,681,1241,0.0,-0.0008333472224535399,0.9995970991136197,0.0
70760,41.033183886398106,1.0,560,681,1241,0.0,-0.0008333472224535399,0.999677679290896,8.058017727639034e-05
70761,41.03235053917565,1.0,560,681,1241,0.0,-0.0008333472224535399,0.9997582594681724,8.058017727639034e-05
70762,41.0315171919532,1.0,560,681,1241,0.0,-0.0008333472224535399,0.9998388396454487,8.058017727639034e-05
70763,41.030683844730746,1.0,560,681,1241,0.0,-0.0008333472224535399,0.999919419822725,8.058017727639034e-05
70764,41.02985049750829,1.0,560,681,1241,0.0,-0.0008333472224535399,1.0000000000000013,8.058017727639034e-05
70765,41.02901715028584,1.0,560,681,1241,0.0,-0.0008333472224535399,1.0000000000000013,0.0
70766,41.028183803063385,1.0,560,681,1241,0.0,-0.0008333472224535399,1.0000000000000013,0.0
70767,41.02735045584093,1.0,560,681,1241,0.0,-0.0008333472224535399,1.0000000000000013,0.0
70768,41.02651710861848,1.0,560,681,1241,0.0,-0.0008333472224535399,1.0000000000000013,0.0
70769,41.025683761396024,1.0,560,681,1241,0.0,-0.0008333472224535399,1.0000000000000013,0.0
70770,41.02485041417357,1.0,560,681,1241,0.0,-0.0008333472224535399,1.0000000000000013,0.0
70771,41.02401706695112,1.0,560,681,1241,0.0,-0.0008333472224535399,1.0000000000000013,0.0
70772,41.023183719728664,1.0,560,681,1241,0.0,-0.0008333472224535399,1.0000000000000013,0.0
70773,41.02235037250621,1.0,560,681,1241,0.0,-0.0008333472224535399,1.0000000000000013,0.0
70774,41.02151702528376,0.9991941982272361,560,681,1241,-0.0008058017727639033,-0.0008333472224535399,0.999919419822725,-8.058017727639034e-05
70775,41.0206836780613,0.9991941982272361,560,681,1241,0.0,-0.0008333472224535399,0.9998388396454487,-8.058017727639034e-05
70776,41.01985033083885,0.9991941982272361,560,681,1241,0.0,-0.0008333472224535399,0.9997582594681724,-8.058017727639034e-05
70777,41.019016983616396,0.9991941982272361,560,681,1241,0.0,-0.0008333472224535399,0.999677679290896,-8.058017727639034e-05
70778,41.01818363639394,0.9991941982272361,560,681,1241,0.0,-0.0008333472224535399,0.9995970991136197,-8.058017727639034e-05
70779,41.01735028917149,0.9991941982272361,560,681,1241,0.0,-0.0008333472224535399,0.9995165189363433,-8.058017727639034e-05
70780,41.016516941949035,0.9991941982272361,560,681,1241,0.0,-0.0008333472224535399,0.999435938759067,-8.058017727639034e-05
70781,41.01568359472658,1.0,560,681,1241,0.0008058017727639033,-0.0008333472224535399,0.999435938759067,0.0
70782,41.01485024750413,1.0,560,681,1241,0.0,-0.0008333472224535399,0.999435938759067,0.0
70783,41.014016900281675,1.0,560,681,1241,0.0,-0.0008333472224535399,0.999435938759067,0.0
70784,41.01318355305922,1.0,560,681,1241,0.0,-0.0008333472224535399,0.9995165189363433,8.058017727639034e-05
70785,41.01235020583677,1.0,560,681,1241,0.0,-0.0008333472224535399,0.9995970991136197,8.058017727639034e-05
70786,41.011516858614314,1.0,560,681,1241,0.0,-0.0008333472224535399,0.999677679290896,8.058017727639034e-05
70787,41.01068351139185,1.0,560,681,1241,0.0,-0.0008333472224606453,0.9997582594681724,8.058017727639034e-05
70788,41.0098501641694,1.0,560,681,1241,0.0,-0.0008333472224535399,0.9998388396454487,8.058017727639034e-05
70789,41.00901681694695,1.0,560,681,1241,0.0,-0.0008333472224535399,0.999919419822725,8.058017727639034e-05
70790,41.00818346972449,1.0,560,681,1241,0.0,-0.0008333472224535399,1.0000000000000013,8.058017727639034e-05
70791,41.00735012250204,1.0,560,681,1241,0.0,-0.0008333472224535399,1.0000000000000013,0.0
70792,41.006516775279586,1.0,560,681,1241,0.0,-0.0008333472224535399,1.0000000000000013,0.0
70793,41.00568342805713,1.0,560,681,1241,0.0,-0.0008333472224535399,1.0000000000000013,0.0
70794,41.00485008083468,1.0,560,681,1241,0.0,-0.0008333472224535399,1.0000000000000013,0.0
70795,41.004016733612225,1.0,560,681,1241,0.0,-0.0008333472224535399,1.0000000000000013,0.0
70796,41.00318338638977,1.0,560,681,1241,0.0,-0.0008333472224535399,1.0000000000000013,0.0
70797,41.00235003916732,1.0,560,681,1241,0.0,-0.0008333472224535399,1.0000000000000013,0.0
70798,41.001516691944865,1.0,560,681,1241,0.0,-0.0008333472224535399,1.0000000000000013,0.0
70799,41.00068334472241,1.0,560,681,1241,0.0,-0.0008333472224535399,1.0000000000000013,0.0
70800,40.99984999749996,1.0,560,681,1241,0.0,-0.0008333472224535399,1.0000000000000013,0.0
70801,40.999016650277504,1.0,560,681,1241,0.0,-0.0008333472224535399,1.0000000000000013,0.0
70802,40.99818330305505,1.0,560,681,1241,0.0,-0.0008333472224535399,1.0000000000000013,0.0
70803,40.9973499558326,1.0,560,681,1241,0.0,-0.0008333472224535399,1.0000000000000013,0.0
70804,40.99651660861014,1.0,560,681,1241,0.0,-0.0008333472224535399,1.0000000000000013,0.0
70805,40.99568326138769,1.0,560,681,1241,0.0,-0.0008333472224535399,1.0000000000000013,0.0
70806,40.994849914165236,1.0,560,681,1241,0.0,-0.0008333472224535399,1.0000000000000013,0.0
70807,40.99401656694278,1.0,560,681,1241,0.0,-0.0008333472224535399,1.0000000000000013,0.0
70808,40.99318321972033,1.0,560,681,1241,0.0,-0.0008333472224535399,1.0000000000000013,0.0
70809,40.992349872497876,1.0,560,681,1241,0.0,-0.0008333472224535399,1.0000000000000013,0.0
70810,40.99151652527542,0.9991941982272361,560,681,1241,-0.0008058017727639033,-0.0008333472224535399,0.999919419822725,-8.058017727639034e-05
70811,40.99068317805297,1.0,560,681,1241,0.0008058017727639033,-0.0008333472224535399,0.999919419822725,0.0
70812,40.989849830830515,1.0,560,681,1241,0.0,-0.0008333472224535399,0.999919419822725,0.0
70813,40.98901648360806,1.0,560,681,1241,0.0,-0.0008333472224535399,0.999919419822725,0.0
70814,40.98818313638561,1.0,560,681,1241,0.0,-0.0008333472224535399,0.999919419822725,0.0
70815,40.987349789163154,1.0,560,681,1241,0.0,-0.0008333472224535399,0.999919419822725,0.0
70816,40.9865164419407,1.0,560,681,1241,0.0,-0.0008333472224535399,0.999919419822725,0.0
70817,40.98568309471825,1.0,560,681,1241,0.0,-0.0008333472224535399,0.999919419822725,0.0
70818,40.984849747495794,1.0,560,681,1241,0.0,-0.0008333472224535399,0.999919419822725,0.0
70819,40.98401640027333,1.0,560,681,1241,0.0,-0.0008333472224606453,0.999919419822725,0.0
70820,40.98318305305088,1.0,560,681,1241,0.0,-0.0008333472224535399,1.0000000000000013,8.058017727639034e-05
70821,40.982349705828426,1.0,560,681,1241,0.0,-0.0008333472224535399,1.0000000000000013,0.0
70822,40.98151635860597,1.0,560,681,1241,0.0,-0.0008333472224535399,1.0000000000000013,0.0
70823,40.98068301138352,1.0,560,681,1241,0.0,-0.0008333472224535399,1.0000000000000013,0.0
70824,40.979849664161065,1.0,560,681,1241,0.0,-0.0008333472224535399,1.0000000000000013,0.0
70825,40.97901631693861,1.0,560,681,1241,0.0,-0.0008333472224535399,1.0000000000000013,0.0
70826,40.97818296971616,1.0,560,681,1241,0.0,-0.0008333472224535399,1.0000000000000013,0.0
70827,40.977349622493705,1.0,560,681,1241,0.0,-0.0008333472224535399,1.0000000000000013,0.0
70828,40.97651627527125,1.0,560,681,1241,0.0,-0.0008333472224535399,1.0000000000000013,0.0
70829,40.9756829280488,1.0,560,681,1241,0.0,-0.0008333472224535399,1.0000000000000013,0.0
70830,40.974849580826344,1.0,560,681,1241,0.0,-0.0008333472224535399,1.0000000000000013,0.0
70831,40.97401623360389,1.0,560,681,1241,0.0,-0.0008333472224535399,1.0000000000000013,0.0
70832,40.97318288638144,1.0,560,681,1241,0.0,-0.0008333472224535399,1.0000000000000013,0.0
70833,40.972349539158984,1.0,560,681,1241,0.0,-0.0008333472224535399,1.0000000000000013,0.0
70834,40.97151619193653,1.0,560,681,1241,0.0,-0.0008333472224535399,1.0000000000000013,0.0
70835,40.97068284471408,1.0,560,681,1241,0.0,-0.0008333472224535399,1.0000000000000013,0.0
70836,40.96984949749162,1.0,560,681,1241,0.0,-0.0008333472224535399,1.0000000000000013,0.0
70837,40.96901615026917,1.0,560,681,1241,0.0,-0.0008333472224535399,1.0000000000000013,0.0
70838,40.968182803046716,1.0,560,681,1241,0.0,-0.0008333472224535399,1.0000000000000013,0.0
70839,40.96734945582426,1.0,560,681,1241,0.0,-0.0008333472224535399,1.0000000000000013,0.0
70840,40.96651610860181,1.0,560,681,1241,0.0,-0.0008333472224535399,1.0000000000000013,0.0
70841,40.965682761379355,1.0,560,681,1241,0.0,-0.0008333472224535399,1.0000000000000013,0.0
70842,40.9648494141569,1.0,560,681,1241,0.0,-0.0008333472224535399,1.0000000000000013,0.0
70843,40.96401606693445,1.0,560,681,1241,0.0,-0.0008333472224535399,1.0000000000000013,0.0
70844,40.963182719711995,1.0,560,681,1241,0.0,-0.0008333472224535399,1.0000000000000013,0.0
70845,40.96234937248954,1.0,560,681,1241,0.0,-0.0008333472224535399,1.0000000000000013,0.0
70846,40.96151602526709,1.0,560,681,1241,0.0,-0.0008333472224535399,1.0000000000000013,0.0
70847,40.960682678044634,1.0,560,681,1241,0.0,-0.0008333472224535399,1.0000000000000013,0.0
70848,40.95984933082218,1.0,560,681,1241,0.0,-0.0008333472224535399,1.0000000000000013,0.0
70849,40.95901598359973,1.0,560,681,1241,0.0,-0.0008333472224535399,1.0000000000000013,0.0
70850,40.95818263637727,1.0,560,681,1241,0.0,-0.0008333472224535399,1.0000000000000013,0.0
70851,40.95734928915482,1.0,560,681,1241,0.0,-0.0008333472224535399,1.0000000000000013,0.0
70852,40.956515941932366,1.0,560,681,1241,0.0,-0.0008333472224535399,1.0000000000000013,0.0
70853,40.95568259470991,1.0,560,681,1241,0.0,-0.0008333472224535399,1.0000000000000013,0.0
70854,40.95484924748746,1.0,560,681,1241,0.0,-0.0008333472224535399,1.0000000000000013,0.0
70855,40.954015900265006,1.0,560,681,1241,0.0,-0.0008333472224535399,1.0000000000000013,0.0
70856,40.95318255304255,1.0,560,681,1241,0.0,-0.0008333472224535399,1.0000000000000013,0.0
70857,40.9523492058201,1.0,560,681,1241,0.0,-0.0008333472224535399,1.0000000000000013,0.0
70858,40.951515858597645,1.0,560,681,1241,0.0,-0.0008333472224535399,1.0000000000000013,0.0
70859,40.95068251137519,1.0,560,681,1241,0.0,-0.0008333472224535399,1.0000000000000013,0.0
70860,40.94984916415274,1.0,560,681,1241,0.0,-0.0008333472224535399,1.0000000000000013,0.0
70861,40.949015816930284,1.0,560,681,1241,0.0,-0.0008333472224535399,1.0000000000000013,0.0
70862,40.94818246970783,1.0,560,681,1241,0.0,-0.0008333472224535399,1.0000000000000013,0.0
70863,40.94734912248538,1.0,560,681,1241,0.0,-0.0008333472224535399,1.0000000000000013,0.0
70864,40.946515775262924,0.9991941982272361,560,681,1241,-0.0008058017727639033,-0.0008333472224535399,0.999919419822725,-8.058017727639034e-05
70865,40.94568242804047,0.9991941982272361,560,681,1241,0.0,-0.0008333472224535399,0.9998388396454487,-8.058017727639034e-05
70866,40.94484908081802,0.9991941982272361,560,681,1241,0.0,-0.0008333472224535399,0.9997582594681724,-8.058017727639034e-05
70867,40.94401573359556,1.0,560,681,1241,0.0008058017727639033,-0.0008333472224535399,0.9997582594681724,0.0
70868,40.94318238637311,1.0,560,681,1241,0.0,-0.0008333472224535399,0.9997582594681724,0.0
70869,40.942349039150656,1.0,560,681,1241,0.0,-0.0008333472224535399,0.9997582594681724,0.0
70870,40.9415156919282,1.0,560,681,1241,0.0,-0.0008333472224535399,0.9997582594681724,0.0
70871,40.94068234470575,1.0,560,681,1241,0.0,-0.0008333472224535399,0.9997582594681724,0.0
70872,40.93984899748329,1.0,560,681,1241,0.0,-0.0008333472224606453,0.9997582594681724,0.0
70873,40.939015650260835,1.0,560,681,1241,0.0,-0.0008333472224535399,0.9997582594681724,0.0
70874,40.93818230303838,1.0,560,681,1241,0.0,-0.0008333472224535399,0.9998388396454487,8.058017727639034e-05
70875,40.93734895581593,1.0,560,681,1241,0.0,-0.0008333472224535399,0.999919419822725,8.058017727639034e-05
70876,40.936515608593474,1.0,560,681,1241,0.0,-0.0008333472224535399,1.0000000000000013,8.058017727639034e-05
70877,40.93568226137102,1.0,560,681,1241,0.0,-0.0008333472224535399,1.0000000000000013,0.0
70878,40.93484891414857,1.0,560,681,1241,0.0,-0.0008333472224535399,1.0000000000000013,0.0
70879,40.934015566926114,1.0,560,681,1241,0.0,-0.0008333472224535399,1.0000000000000013,0.0
70880,40.93318221970366,1.0,560,681,1241,0.0,-0.0008333472224535399,1.0000000000000013,0.0
70881,40.93234887248121,1.0,560,681,1241,0.0,-0.0008333472224535399,1.0000000000000013,0.0
70882,40.93151552525875,1.0,560,681,1241,0.0,-0.0008333472224535399,1.0000000000000013,0.0
70883,40.9306821780363,1.0,560,681,1241,0.0,-0.0008333472224535399,1.0000000000000013,0.0
70884,40.929848830813846,1.0,560,681,1241,0.0,-0.0008333472224535399,1.0000000000000013,0.0
70885,40.92901548359139,1.0,560,681,1241,0.0,-0.0008333472224535399,1.0000000000000013,0.0
70886,40.92818213636894,1.0,560,681,1241,0.0,-0.0008333472224535399,1.0000000000000013,0.0
70887,40.927348789146485,1.0,560,681,1241,0.0,-0.0008333472224535399,1.0000000000000013,0.0
70888,40.92651544192403,1.0,560,681,1241,0.0,-0.0008333472224535399,1.0000000000000013,0.0
70889,40.92568209470158,1.0,560,681,1241,0.0,-0.0008333472224535399,1.0000000000000013,0.0
70890,40.924848747479125,1.0,560,681,1241,0.0,-0.0008333472224535399,1.0000000000000013,0.0
70891,40.92401540025667,1.0,560,681,1241,0.0,-0.0008333472224535399,1.0000000000000013,0.0
70892,40.92318205303422,1.0,560,681,1241,0.0,-0.0008333472224535399,1.0000000000000013,0.0
70893,40.922348705811764,1.0,560,681,1241,0.0,-0.0008333472224535399,1.0000000000000013,0.0
70894,40.92151535858931,1.0,560,681,1241,0.0,-0.0008333472224535399,1.0000000000000013,0.0
70895,40.92068201136686,1.0,560,681,1241,0.0,-0.0008333472224535399,1.0000000000000013,0.0
70896,40.9198486641444,1.0,560,681,1241,0.0,-0.0008333472224535399,1.0000000000000013,0.0
70897,40.91901531692195,1.0,560,681,1241,0.0,-0.0008333472224535399,1.0000000000000013,0.0
70898,40.918181969699496,1.0,560,681,1241,0.0,-0.0008333472224535399,1.0000000000000013,0.0
70899,40.91734862247704,1.0,560,681,1241,0.0,-0.0008333472224535399,1.0000000000000013,0.0
70900,40.91651527525459,1.0,560,681,1241,0.0,-0.0008333472224535399,1.0000000000000013,0.0
70901,40.915681928032136,1.0,560,681,1241,0.0,-0.0008333472224535399,1.0000000000000013,0.0
70902,40.91484858080968,1.0,560,681,1241,0.0,-0.0008333472224535399,1.0000000000000013,0.0
70903,40.91401523358723,1.0,560,681,1241,0.0,-0.0008333472224535399,1.0000000000000013,0.0
70904,40.91318188636477,1.0,560,681,1241,0.0,-0.0008333472224606453,1.0000000000000013,0.0
70905,40.912348539142315,1.0,560,681,1241,0.0,-0.0008333472224535399,1.0000000000000013,0.0
70906,40.91151519191986,1.0,560,681,1241,0.0,-0.0008333472224535399,1.0000000000000013,0.0
70907,40.91068184469741,1.0,560,681,1241,0.0,-0.0008333472224535399,1.0000000000000013,0.0
70908,40.909848497474954,0.9991941982272361,560,681,1241,-0.0008058017727639033,-0.0008333472224535399,0.999919419822725,-8.058017727639034e-05
70909,40.9090151502525,0.9991941982272361,560,681,1241,0.0,-0.0008333472224535399,0.9998388396454487,-8.058017727639034e-05
70910,40.90818180303005,1.0,560,681,1241,0.0008058017727639033,-0.0008333472224535399,0.9998388396454487,0.0
70911,40.90734845580759,1.0,560,681,1241,0.0,-0.0008333472224535399,0.9998388396454487,0.0
70912,40.90651510858514,1.0,560,681,1241,0.0,-0.0008333472224535399,0.9998388396454487,0.0
70913,40.905681761362686,1.0,560,681,1241,0.0,-0.0008333472224535399,0.9998388396454487,0.0
70914,40.90484841414023,1.0,560,681,1241,0.0,-0.0008333472224535399,0.9998388396454487,0.0
70915,40.90401506691778,1.0,560,681,1241,0.0,-0.0008333472224535399,0.9998388396454487,0.0
70916,40.903181719695326,1.0,560,681,1241,0.0,-0.0008333472224535399,0.9998388396454487,0.0
70917,40.90234837247287,1.0,560,681,1241,0.0,-0.0008333472224535399,0.9998388396454487,0.0
70918,40.90151502525042,1.0,560,681,1241,0.0,-0.0008333472224535399,0.999919419822725,8.058017727639034e-05
70919,40.900681678027965,1.0,560,681,1241,0.0,-0.0008333472224535399,1.0000000000000013,8.058017727639034e-05
70920,40.89984833080551,1.0,560,681,1241,0.0,-0.0008333472224535399,1.0000000000000013,0.0
70921,40.89901498358306,1.0,560,681,1241,0.0,-0.0008333472224535399,1.0000000000000013,0.0
70922,40.898181636360604,1.0,560,681,1241,0.0,-0.0008333472224535399,1.0000000000000013,0.0
70923,40.89734828913815,1.0,560,681,1241,0.0,-0.0008333472224535399,1.0000000000000013,0.0
70924,40.8965149419157,1.0,560,681,1241,0.0,-0.0008333472224535399,1.0000000000000013,0.0
70925,40.895681594693244,1.0,560,681,1241,0.0,-0.0008333472224535399,1.0000000000000013,0.0
70926,40.89484824747079,1.0,560,681,1241,0.0,-0.0008333472224535399,1.0000000000000013,0.0
70927,40.89401490024834,1.0,560,681,1241,0.0,-0.0008333472224535399,1.0000000000000013,0.0
70928,40.89318155302588,1.0,560,681,1241,0.0,-0.0008333472224535399,1.0000000000000013,0.0
70929,40.89234820580343,1.0,560,681,1241,0.0,-0.0008333472224535399,1.0000000000000013,0.0
70930,40.891514858580976,1.0,560,681,1241,0.0,-0.0008333472224535399,1.0000000000000013,0.0
70931,40.89068151135852,1.0,560,681,1241,0.0,-0.0008333472224535399,1.0000000000000013,0.0
70932,40.88984816413607,1.0,560,681,1241,0.0,-0.0008333472224535399,1.0000000000000013,0.0
70933,40.889014816913615,1.0,560,681,1241,0.0,-0.0008333472224535399,1.0000000000000013,0.0
70934,40.88818146969116,1.0,560,681,1241,0.0,-0.0008333472224535399,1.0000000000000013,0.0
70935,40.88734812246871,1.0,560,681,1241,0.0,-0.0008333472224535399,1.0000000000000013,0.0
70936,40.886514775246255,1.0,560,681,1241,0.0,-0.0008333472224535399,1.0000000000000013,0.0
70937,40.8856814280238,1.0,560,681,1241,0.0,-0.0008333472224535399,1.0000000000000013,0.0
70938,40.88484808080135,1.0,560,681,1241,0.0,-0.0008333472224535399,1.0000000000000013,0.0
70939,40.884014733578894,1.0,560,681,1241,0.0,-0.0008333472224535399,1.0000000000000013,0.0
70940,40.88318138635644,1.0,560,681,1241,0.0,-0.0008333472224535399,1.0000000000000013,0.0
70941,40.88234803913399,1.0,560,681,1241,0.0,-0.0008333472224535399,1.0000000000000013,0.0
70942,40.88151469191153,1.0,560,681,1241,0.0,-0.0008333472224535399,1.0000000000000013,0.0
70943,40.88068134468908,1.0,560,681,1241,0.0,-0.0008333472224535399,1.0000000000000013,0.0
70944,40.87984799746663,1.0,560,681,1241,0.0,-0.0008333472224535399,1.0000000000000013,0.0
70945,40.87901465024417,1.0,560,681,1241,0.0,-0.0008333472224535399,1.0000000000000013,0.0
70946,40.87818130302172,1.0,560,681,1241,0.0,-0.0008333472224535399,1.0000000000000013,0.0
70947,40.877347955799266,1.0,560,681,1241,0.0,-0.0008333472224535399,1.0000000000000013,0.0
70948,40.87651460857681,1.0,560,681,1241,0.0,-0.0008333472224535399,1.0000000000000013,0.0
70949,40.87568126135436,1.0,560,681,1241,0.0,-0.0008333472224535399,1.0000000000000013,0.0
70950,40.874847914131905,1.0,560,681,1241,0.0,-0.0008333472224535399,1.0000000000000013,0.0
70951,40.87401456690945,1.0,560,681,1241,0.0,-0.0008333472224535399,1.0000000000000013,0.0
70952,40.873181219687,1.0,560,681,1241,0.0,-0.0008333472224535399,1.0000000000000013,0.0
70953,40.872347872464545,1.0,560,681,1241,0.0,-0.0008333472224535399,1.0000000000000013,0.0
70954,40.87151452524209,1.0,560,681,1241,0.0,-0.0008333472224535399,1.0000000000000013,0.0
70955,40.87068117801964,1.0,560,681,1241,0.0,-0.0008333472224535399,1.0000000000000013,0.0
70956,40.869847830797184,1.0,560,681,1241,0.0,-0.0008333472224535399,1.0000000000000013,0.0
70957,40.86901448357472,1.0,560,681,1241,0.0,-0.0008333472224606453,1.0000000000000013,0.0
70958,40.86818113635227,1.0,560,681,1241,0.0,-0.0008333472224535399,1.0000000000000013,0.0
70959,40.867347789129816,1.0,560,681,1241,0.0,-0.0008333472224535399,1.0000000000000013,0.0
70960,40.86651444190736,1.0,560,681,1241,0.0,-0.0008333472224535399,1.0000000000000013,0.0
70961,40.86568109468491,1.0,560,681,1241,0.0,-0.0008333472224535399,1.0000000000000013,0.0
70962,40.864847747462456,1.0,560,681,1241,0.0,-0.0008333472224535399,1.0000000000000013,0.0
70963,40.86401440024,1.0,560,681,1241,0.0,-0.0008333472224535399,1.0000000000000013,0.0
70964,40.86318105301755,1.0,560,681,1241,0.0,-0.0008333472224535399,1.0000000000000013,0.0
70965,40.862347705795095,1.0,560,681,1241,0.0,-0.0008333472224535399,1.0000000000000013,0.0
70966,40.86151435857264,1.0,560,681,1241,0.0,-0.0008333472224535399,1.0000000000000013,0.0
70967,40.86068101135019,1.0,560,681,1241,0.0,-0.0008333472224535399,1.0000000000000013,0.0
70968,40.859847664127734,1.0,560,681,1241,0.0,-0.0008333472224535399,1.0000000000000013,0.0
70969,40.85901431690528,1.0,560,681,1241,0.0,-0.0008333472224535399,1.0000000000000013,0.0
70970,40.85818096968283,1.0,560,681,1241,0.0,-0.0008333472224535399,1.0000000000000013,0.0
70971,40.857347622460374,1.0,560,681,1241,0.0,-0.0008333472224535399,1.0000000000000013,0.0
70972,40.85651427523792,1.0,560,681,1241,0.0,-0.0008333472224535399,1.0000000000000013,0.0
70973,40.85568092801547,1.0,560,681,1241,0.0,-0.0008333472224535399,1.0000000000000013,0.0
70974,40.85484758079301,1.0,560,681,1241,0.0,-0.0008333472224535399,1.0000000000000013,0.0
70975,40.85401423357056,1.0,560,681,1241,0.0,-0.0008333472224535399,1.0000000000000013,0.0
70976,40.853180886348106,1.0,560,681,1241,0.0,-0.0008333472224535399,1.0000000000000013,0.0
70977,40.85234753912565,1.0,560,681,1241,0.0,-0.0008333472224535399,1.0000000000000013,0.0
70978,40.8515141919032,1.0,560,681,1241,0.0,-0.0008333472224535399,1.0000000000000013,0.0
70979,40.850680844680745,1.0,560,681,1241,0.0,-0.0008333472224535399,1.0000000000000013,0.0
70980,40.84984749745829,1.0,560,681,1241,0.0,-0.0008333472224535399,1.0000000000000013,0.0
70981,40.84901415023584,1.0,560,681,1241,0.0,-0.0008333472224535399,1.0000000000000013,0.0
70982,40.848180803013385,1.0,560,681,1241,0.0,-0.0008333472224535399,1.0000000000000013,0.0
70983,40.84734745579093,1.0,560,681,1241,0.0,-0.0008333472224535399,1.0000000000000013,0.0
70984,40.84651410856848,1.0,560,681,1241,0.0,-0.0008333472224535399,1.0000000000000013,0.0
70985,40.845680761346024,1.0,560,681,1241,0.0,-0.0008333472224535399,1.0000000000000013,0.0
70986,40.84484741412357,1.0,560,681,1241,0.0,-0.0008333472224535399,1.0000000000000013,0.0
70987,40.84401406690112,1.0,560,681,1241,0.0,-0.0008333472224535399,1.0000000000000013,0.0
70988,40.84318071967866,1.0,560,681,1241,0.0,-0.0008333472224606453,1.0000000000000013,0.0
70989,40.8423473724562,1.0,560,681,1241,0.0,-0.0008333472224535399,1.0000000000000013,0.0
70990,40.84151402523375,1.0,560,681,1241,0.0,-0.0008333472224535399,1.0000000000000013,0.0
70991,40.840680678011296,1.0,560,681,1241,0.0,-0.0008333472224535399,1.0000000000000013,0.0
70992,40.83984733078884,1.0,560,681,1241,0.0,-0.0008333472224535399,1.0000000000000013,0.0
70993,40.83901398356639,1.0,560,681,1241,0.0,-0.0008333472224535399,1.0000000000000013,0.0
70994,40.838180636343935,1.0,560,681,1241,0.0,-0.0008333472224535399,1.0000000000000013,0.0
70995,40.83734728912148,1.0,560,681,1241,0.0,-0.0008333472224535399,1.0000000000000013,0.0
70996,40.83651394189903,1.0,560,681,1241,0.0,-0.0008333472224535399,1.0000000000000013,0.0
70997,40.835680594676575,1.0,560,681,1241,0.0,-0.0008333472224535399,1.0000000000000013,0.0
70998,40.83484724745412,1.0,560,681,1241,0.0,-0.0008333472224535399,1.0000000000000013,0.0
70999,40.83401390023167,1.0,560,681,1241,0.0,-0.0008333472224535399,1.0000000000000013,0.0
71000,40.833180553009214,0.9991941982272361,560,681,1241,-0.0008058017727639033,-0.0008333472224535399,0.999919419822725,-8.058017727639034e-05
71001,40.83234720578676,1.0,560,681,1241,0.0008058017727639033,-0.0008333472224535399,0.999919419822725,0.0
71002,40.83151385856431,1.0,560,681,1241,0.0,-0.0008333472224535399,0.999919419822725,0.0
71003,40.83068051134185,1.0,560,681,1241,0.0,-0.0008333472224535399,0.999919419822725,0.0
71004,40.8298471641194,1.0,560,681,1241,0.0,-0.0008333472224535399,0.999919419822725,0.0
71005,40.829013816896946,1.0,560,681,1241,0.0,-0.0008333472224535399,0.999919419822725,0.0
71006,40.82818046967449,0.9991941982272361,560,681,1241,-0.0008058017727639033,-0.0008333472224535399,0.9998388396454487,-8.058017727639034e-05
71007,40.82734712245204,0.9991941982272361,560,681,1241,0.0,-0.0008333472224535399,0.9997582594681724,-8.058017727639034e-05
71008,40.826513775229586,0.9991941982272361,560,681,1241,0.0,-0.0008333472224535399,0.999677679290896,-8.058017727639034e-05
71009,40.82568042800713,0.9991941982272361,560,681,1241,0.0,-0.0008333472224535399,0.9995970991136197,-8.058017727639034e-05
71010,40.82484708078468,0.9991941982272361,560,681,1241,0.0,-0.0008333472224535399,0.9995970991136197,0.0
71011,40.824013733562225,1.0,560,681,1241,0.0008058017727639033,-0.0008333472224535399,0.9995970991136197,0.0
71012,40.82318038633977,1.0,560,681,1241,0.0,-0.0008333472224535399,0.9995970991136197,0.0
71013,40.82234703911732,1.0,560,681,1241,0.0,-0.0008333472224535399,0.9995970991136197,0.0
71014,40.821513691894864,1.0,560,681,1241,0.0,-0.0008333472224535399,0.9995970991136197,0.0
71015,40.82068034467241,1.0,560,681,1241,0.0,-0.0008333472224535399,0.9995970991136197,0.0
71016,40.81984699744996,1.0,560,681,1241,0.0,-0.0008333472224535399,0.999677679290896,8.058017727639034e-05
71017,40.819013650227504,1.0,560,681,1241,0.0,-0.0008333472224535399,0.9997582594681724,8.058017727639034e-05
71018,40.81818030300505,1.0,560,681,1241,0.0,-0.0008333472224535399,0.9998388396454487,8.058017727639034e-05
71019,40.8173469557826,1.0,560,681,1241,0.0,-0.0008333472224535399,0.999919419822725,8.058017727639034e-05
71020,40.81651360856014,1.0,560,681,1241,0.0,-0.0008333472224535399,1.0000000000000013,8.058017727639034e-05
71021,40.81568026133769,1.0,560,681,1241,0.0,-0.0008333472224535399,1.0000000000000013,0.0
71022,40.814846914115236,1.0,560,681,1241,0.0,-0.0008333472224535399,1.0000000000000013,0.0
71023,40.81401356689278,1.0,560,681,1241,0.0,-0.0008333472224535399,1.0000000000000013,0.0
71024,40.81318021967033,1.0,560,681,1241,0.0,-0.0008333472224535399,1.0000000000000013,0.0
71025,40.812346872447876,1.0,560,681,1241,0.0,-0.0008333472224535399,1.0000000000000013,0.0
71026,40.81151352522542,1.0,560,681,1241,0.0,-0.0008333472224535399,1.0000000000000013,0.0
71027,40.81068017800297,1.0,560,681,1241,0.0,-0.0008333472224535399,1.0000000000000013,0.0
71028,40.809846830780515,0.9991941982272361,560,681,1241,-0.0008058017727639033,-0.0008333472224535399,0.999919419822725,-8.058017727639034e-05
71029,40.80901348355806,0.9991941982272361,560,681,1241,0.0,-0.0008333472224535399,0.9998388396454487,-8.058017727639034e-05
71030,40.80818013633561,0.9991941982272361,560,681,1241,0.0,-0.0008333472224535399,0.9997582594681724,-8.058017727639034e-05
71031,40.807346789113154,0.9983883964544722,560,681,1241,-0.0008058017727639033,-0.0008333472224535399,0.9995970991136197,-0.00016116035455278067
71032,40.8065134418907,0.9983883964544722,560,681,1241,0.0,-0.0008333472224535399,0.999435938759067,-0.00016116035455278067
71033,40.80568009466825,0.9991941982272361,560,681,1241,0.0008058017727639033,-0.0008333472224535399,0.9993553585817907,-8.058017727639034e-05
71034,40.804846747445794,0.9983883964544722,560,681,1241,-0.0008058017727639033,-0.0008333472224535399,0.999194198227238,-0.00016116035455278067
71035,40.80401340022334,1.0,560,681,1241,0.0016116035455278066,-0.0008333472224535399,0.999194198227238,0.0
71036,40.80318005300089,1.0,560,681,1241,0.0,-0.0008333472224535399,0.999194198227238,0.0
71037,40.80234670577843,0.9991941982272361,560,681,1241,-0.0008058017727639033,-0.0008333472224535399,0.9991136180499616,-8.058017727639034e-05
71038,40.80151335855598,1.0,560,681,1241,0.0008058017727639033,-0.0008333472224535399,0.999194198227238,8.058017727639034e-05
71039,40.800680011333526,0.9991941982272361,560,681,1241,-0.0008058017727639033,-0.0008333472224535399,0.999194198227238,0.0
71040,40.79984666411107,0.9991941982272361,560,681,1241,0.0,-0.0008333472224535399,0.999194198227238,0.0
71041,40.79901331688861,0.9991941982272361,560,681,1241,0.0,-0.0008333472224606453,0.9992747784045143,8.058017727639034e-05
71042,40.79817996966616,0.9983883964544722,560,681,1241,-0.0008058017727639033,-0.0008333472224535399,0.9992747784045143,0.0
71043,40.797346622443705,0.9991941982272361,560,681,1241,0.0008058017727639033,-0.0008333472224535399,0.9992747784045143,0.0
71044,40.79651327522125,0.9991941982272361,560,681,1241,0.0,-0.0008333472224535399,0.9993553585817907,8.058017727639034e-05
71045,40.7956799279988,0.9991941982272361,560,681,1241,0.0,-0.0008333472224535399,0.9992747784045143,-8.058017727639034e-05
71046,40.794846580776344,0.9991941982272361,560,681,1241,0.0,-0.0008333472224535399,0.999194198227238,-8.058017727639034e-05
71047,40.79401323355389,1.0,560,681,1241,0.0008058017727639033,-0.0008333472224535399,0.9992747784045143,8.058017727639034e-05
71048,40.79317988633144,1.0,560,681,1241,0.0,-0.0008333472224535399,0.9992747784045143,0.0
71049,40.79234653910898,1.0,560,681,1241,0.0,-0.0008333472224535399,0.9993553585817907,8.058017727639034e-05
71050,40.79151319188653,1.0,560,681,1241,0.0,-0.0008333472224535399,0.999435938759067,8.058017727639034e-05
71051,40.790679844664076,1.0,560,681,1241,0.0,-0.0008333472224535399,0.9995165189363433,8.058017727639034e-05
71052,40.78984649744162,1.0,560,681,1241,0.0,-0.0008333472224535399,0.999677679290896,0.00016116035455278067
71053,40.78901315021917,1.0,560,681,1241,0.0,-0.0008333472224535399,0.9997582594681724,8.058017727639034e-05
71054,40.788179802996716,1.0,560,681,1241,0.0,-0.0008333472224535399,0.9998388396454487,8.058017727639034e-05
71055,40.78734645577426,1.0,560,681,1241,0.0,-0.0008333472224535399,0.999919419822725,8.058017727639034e-05
71056,40.78651310855181,1.0,560,681,1241,0.0,-0.0008333472224535399,1.0000000000000013,8.058017727639034e-05
71057,40.785679761329355,1.0,560,681,1241,0.0,-0.0008333472224535399,1.0000000000000013,0.0
71058,40.7848464141069,1.0,560,681,1241,0.0,-0.0008333472224535399,1.0000000000000013,0.0
71059,40.78401306688445,1.0,560,681,1241,0.0,-0.0008333472224535399,1.0000000000000013,0.0
71060,40.783179719661995,1.0,560,681,1241,0.0,-0.0008333472224535399,1.0000000000000013,0.0
71061,40.78234637243954,1.0,560,681,1241,0.0,-0.0008333472224535399,1.0000000000000013,0.0
71062,40.78151302521709,1.0,560,681,1241,0.0,-0.0008333472224535399,1.0000000000000013,0.0
71063,40.780679677994634,1.0,560,681,1241,0.0,-0.0008333472224535399,1.0000000000000013,0.0
71064,40.77984633077218,1.0,560,681,1241,0.0,-0.0008333472224535399,1.0000000000000013,0.0
71065,40.77901298354973,1.0,560,681,1241,0.0,-0.0008333472224535399,1.0000000000000013,0.0
71066,40.77817963632727,1.0,560,681,1241,0.0,-0.0008333472224535399,1.0000000000000013,0.0
71067,40.77734628910482,1.0,560,681,1241,0.0,-0.0008333472224535399,1.0000000000000013,0.0
71068,40.776512941882366,1.0,560,681,1241,0.0,-0.0008333472224535399,1.0000000000000013,0.0
71069,40.77567959465991,1.0,560,681,1241,0.0,-0.0008333472224535399,1.0000000000000013,0.0
71070,40.77484624743746,1.0,560,681,1241,0.0,-0.0008333472224535399,1.0000000000000013,0.0
71071,40.774012900215006,1.0,560,681,1241,0.0,-0.0008333472224535399,1.0000000000000013,0.0
71072,40.77317955299255,1.0,560,681,1241,0.0,-0.0008333472224535399,1.0000000000000013,0.0
71073,40.77234620577009,1.0,560,681,1241,0.0,-0.0008333472224606453,1.0000000000000013,0.0
71074,40.77151285854764,1.0,560,681,1241,0.0,-0.0008333472224535399,1.0000000000000013,0.0
71075,40.770679511325184,1.0,560,681,1241,0.0,-0.0008333472224535399,1.0000000000000013,0.0
71076,40.76984616410273,1.0,560,681,1241,0.0,-0.0008333472224535399,1.0000000000000013,0.0
71077,40.76901281688028,1.0,560,681,1241,0.0,-0.0008333472224535399,1.0000000000000013,0.0
71078,40.768179469657824,1.0,560,681,1241,0.0,-0.0008333472224535399,1.0000000000000013,0.0
71079,40.76734612243537,1.0,560,681,1241,0.0,-0.0008333472224535399,1.0000000000000013,0.0
71080,40.76651277521292,1.0,560,681,1241,0.0,-0.0008333472224535399,1.0000000000000013,0.0
71081,40.76567942799046,0.9991941982272361,560,681,1241,-0.0008058017727639033,-0.0008333472224535399,0.999919419822725,-8.058017727639034e-05
71082,40.76484608076801,0.9991941982272361,560,681,1241,0.0,-0.0008333472224535399,0.9998388396454487,-8.058017727639034e-05
71083,40.764012733545556,0.9991941982272361,560,681,1241,0.0,-0.0008333472224535399,0.9997582594681724,-8.058017727639034e-05
71084,40.7631793863231,0.9991941982272361,560,681,1241,0.0,-0.0008333472224535399,0.999677679290896,-8.058017727639034e-05
71085,40.76234603910065,0.9991941982272361,560,681,1241,0.0,-0.0008333472224535399,0.9995970991136197,-8.058017727639034e-05
71086,40.761512691878195,0.9991941982272361,560,681,1241,0.0,-0.0008333472224535399,0.9995165189363433,-8.058017727639034e-05
71087,40.76067934465574,0.9991941982272361,560,681,1241,0.0,-0.0008333472224535399,0.999435938759067,-8.058017727639034e-05
71088,40.75984599743329,1.0,560,681,1241,0.0008058017727639033,-0.0008333472224535399,0.999435938759067,0.0
71089,40.759012650210835,1.0,560,681,1241,0.0,-0.0008333472224535399,0.999435938759067,0.0
71090,40.75817930298838,1.0,560,681,1241,0.0,-0.0008333472224535399,0.999435938759067,0.0
71091,40.75734595576593,1.0,560,681,1241,0.0,-0.0008333472224535399,0.9995165189363433,8.058017727639034e-05
71092,40.756512608543474,1.0,560,681,1241,0.0,-0.0008333472224535399,0.9995970991136197,8.058017727639034e-05
71093,40.75567926132102,1.0,560,681,1241,0.0,-0.0008333472224535399,0.999677679290896,8.058017727639034e-05
71094,40.75484591409857,1.0,560,681,1241,0.0,-0.0008333472224535399,0.9997582594681724,8.058017727639034e-05
71095,40.75401256687611,1.0,560,681,1241,0.0,-0.0008333472224535399,0.9998388396454487,8.058017727639034e-05
71096,40.75317921965366,1.0,560,681,1241,0.0,-0.0008333472224535399,0.999919419822725,8.058017727639034e-05
71097,40.752345872431206,1.0,560,681,1241,0.0,-0.0008333472224535399,1.0000000000000013,8.058017727639034e-05
71098,40.75151252520875,1.0,560,681,1241,0.0,-0.0008333472224535399,1.0000000000000013,0.0
71099,40.7506791779863,1.0,560,681,1241,0.0,-0.0008333472224535399,1.0000000000000013,0.0
71100,40.749845830763846,1.0,560,681,1241,0.0,-0.0008333472224535399,1.0000000000000013,0.0
71101,40.74901248354139,1.0,560,681,1241,0.0,-0.0008333472224535399,1.0000000000000013,0.0
71102,40.74817913631894,1.0,560,681,1241,0.0,-0.0008333472224535399,1.0000000000000013,0.0
71103,40.747345789096485,1.0,560,681,1241,0.0,-0.0008333472224535399,1.0000000000000013,0.0
71104,40.74651244187403,1.0,560,681,1241,0.0,-0.0008333472224535399,1.0000000000000013,0.0
71105,40.74567909465158,1.0,560,681,1241,0.0,-0.0008333472224535399,1.0000000000000013,0.0
71106,40.744845747429125,1.0,560,681,1241,0.0,-0.0008333472224535399,1.0000000000000013,0.0
71107,40.74401240020667,1.0,560,681,1241,0.0,-0.0008333472224535399,1.0000000000000013,0.0
71108,40.74317905298422,1.0,560,681,1241,0.0,-0.0008333472224535399,1.0000000000000013,0.0
71109,40.742345705761764,1.0,560,681,1241,0.0,-0.0008333472224535399,1.0000000000000013,0.0
71110,40.74151235853931,1.0,560,681,1241,0.0,-0.0008333472224535399,1.0000000000000013,0.0
71111,40.74067901131686,1.0,560,681,1241,0.0,-0.0008333472224535399,1.0000000000000013,0.0
71112,40.7398456640944,1.0,560,681,1241,0.0,-0.0008333472224535399,1.0000000000000013,0.0
71113,40.73901231687195,1.0,560,681,1241,0.0,-0.0008333472224535399,1.0000000000000013,0.0
71114,40.738178969649496,1.0,560,681,1241,0.0,-0.0008333472224535399,1.0000000000000013,0.0
71115,40.73734562242704,1.0,560,681,1241,0.0,-0.0008333472224535399,1.0000000000000013,0.0
71116,40.73651227520459,1.0,560,681,1241,0.0,-0.0008333472224535399,1.0000000000000013,0.0
71117,40.735678927982136,1.0,560,681,1241,0.0,-0.0008333472224535399,1.0000000000000013,0.0
71118,40.73484558075968,1.0,560,681,1241,0.0,-0.0008333472224535399,1.0000000000000013,0.0
71119,40.73401223353723,1.0,560,681,1241,0.0,-0.0008333472224535399,1.0000000000000013,0.0
71120,40.733178886314775,1.0,560,681,1241,0.0,-0.0008333472224535399,1.0000000000000013,0.0
71121,40.73234553909232,1.0,560,681,1241,0.0,-0.0008333472224535399,1.0000000000000013,0.0
71122,40.73151219186987,1.0,560,681,1241,0.0,-0.0008333472224535399,1.0000000000000013,0.0
71123,40.730678844647414,1.0,560,681,1241,0.0,-0.0008333472224535399,1.0000000000000013,0.0
71124,40.72984549742496,1.0,560,681,1241,0.0,-0.0008333472224535399,1.0000000000000013,0.0
71125,40.72901215020251,1.0,560,681,1241,0.0,-0.0008333472224535399,1.0000000000000013,0.0
71126,40.72817880298005,1.0,560,681,1241,0.0,-0.0008333472224606453,1.0000000000000013,0.0
71127,40.72734545575759,1.0,560,681,1241,0.0,-0.0008333472224535399,1.0000000000000013,0.0
71128,40.72651210853514,1.0,560,681,1241,0.0,-0.0008333472224535399,1.0000000000000013,0.0
71129,40.725678761312686,1.0,560,681,1241,0.0,-0.0008333472224535399,1.0000000000000013,0.0
71130,40.72484541409023,1.0,560,681,1241,0.0,-0.0008333472224535399,1.0000000000000013,0.0
71131,40.72401206686778,1.0,560,681,1241,0.0,-0.0008333472224535399,1.0000000000000013,0.0
71132,40.723178719645325,1.0,560,681,1241,0.0,-0.0008333472224535399,1.0000000000000013,0.0
71133,40.72234537242287,1.0,560,681,1241,0.0,-0.0008333472224535399,1.0000000000000013,0.0
71134,40.72151202520042,1.0,560,681,1241,0.0,-0.0008333472224535399,1.0000000000000013,0.0
71135,40.720678677977965,1.0,560,681,1241,0.0,-0.0008333472224535399,1.0000000000000013,0.0
71136,40.71984533075551,1.0,560,681,1241,0.0,-0.0008333472224535399,1.0000000000000013,0.0
71137,40.71901198353306,1.0,560,681,1241,0.0,-0.0008333472224535399,1.0000000000000013,0.0
71138,40.718178636310604,1.0,560,681,1241,0.0,-0.0008333472224535399,1.0000000000000013,0.0
71139,40.71734528908815,1.0,560,681,1241,0.0,-0.0008333472224535399,1.0000000000000013,0.0
71140,40.7165119418657,1.0,560,681,1241,0.0,-0.0008333472224535399,1.0000000000000013,0.0
71141,40.715678594643244,1.0,560,681,1241,0.0,-0.0008333472224535399,1.0000000000000013,0.0
71142,40.71484524742079,1.0,560,681,1241,0.0,-0.0008333472224535399,1.0000000000000013,0.0
71143,40.71401190019834,1.0,560,681,1241,0.0,-0.0008333472224535399,1.0000000000000013,0.0
71144,40.71317855297588,1.0,560,681,1241,0.0,-0.0008333472224535399,1.0000000000000013,0.0
71145,40.71234520575343,1.0,560,681,1241,0.0,-0.0008333472224535399,1.0000000000000013,0.0
71146,40.711511858530976,1.0,560,681,1241,0.0,-0.0008333472224535399,1.0000000000000013,0.0
71147,40.71067851130852,1.0,560,681,1241,0.0,-0.0008333472224535399,1.0000000000000013,0.0
71148,40.70984516408607,1.0,560,681,1241,0.0,-0.0008333472224535399,1.0000000000000013,0.0
71149,40.709011816863615,1.0,560,681,1241,0.0,-0.0008333472224535399,1.0000000000000013,0.0
71150,40.70817846964116,1.0,560,681,1241,0.0,-0.0008333472224535399,1.0000000000000013,0.0
71151,40.70734512241871,1.0,560,681,1241,0.0,-0.0008333472224535399,1.0000000000000013,0.0
71152,40.706511775196255,1.0,560,681,1241,0.0,-0.0008333472224535399,1.0000000000000013,0.0
71153,40.7056784279738,1.0,560,681,1241,0.0,-0.0008333472224535399,1.0000000000000013,0.0
71154,40.70484508075135,0.9991941982272361,560,681,1241,-0.0008058017727639033,-0.0008333472224535399,0.999919419822725,-8.058017727639034e-05
71155,40.704011733528894,0.9991941982272361,560,681,1241,0.0,-0.0008333472224535399,0.9998388396454487,-8.058017727639034e-05
71156,40.70317838630644,0.9991941982272361,560,681,1241,0.0,-0.0008333472224535399,0.9997582594681724,-8.058017727639034e-05
71157,40.70234503908399,0.9991941982272361,560,681,1241,0.0,-0.0008333472224535399,0.999677679290896,-8.058017727639034e-05
71158,40.701511691861526,0.9991941982272361,560,681,1241,0.0,-0.0008333472224606453,0.9995970991136197,-8.058017727639034e-05
71159,40.70067834463907,0.9991941982272361,560,681,1241,0.0,-0.0008333472224535399,0.9995165189363433,-8.058017727639034e-05
71160,40.69984499741662,0.9991941982272361,560,681,1241,0.0,-0.0008333472224535399,0.999435938759067,-8.058017727639034e-05
71161,40.699011650194166,1.0,560,681,1241,0.0008058017727639033,-0.0008333472224535399,0.999435938759067,0.0
71162,40.69817830297171,1.0,560,681,1241,0.0,-0.0008333472224535399,0.999435938759067,0.0
71163,40.69734495574926,1.0,560,681,1241,0.0,-0.0008333472224535399,0.999435938759067,0.0
71164,40.696511608526805,1.0,560,681,1241,0.0,-0.0008333472224535399,0.9995165189363433,8.058017727639034e-05
71165,40.69567826130435,1.0,560,681,1241,0.0,-0.0008333472224535399,0.9995970991136197,8.058017727639034e-05
71166,40.6948449140819,1.0,560,681,1241,0.0,-0.0008333472224535399,0.999677679290896,8.058017727639034e-05
71167,40.694011566859444,1.0,560,681,1241,0.0,-0.0008333472224535399,0.9997582594681724,8.058017727639034e-05
71168,40.69317821963699,1.0,560,681,1241,0.0,-0.0008333472224535399,0.9998388396454487,8.058017727639034e-05
71169,40.69234487241454,0.9991941982272361,560,681,1241,-0.0008058017727639033,-0.0008333472224535399,0.9998388396454487,0.0
71170,40.691511525192084,0.9991941982272361,560,681,1241,0.0,-0.0008333472224535399,0.9998388396454487,0.0
71171,40.69067817796963,0.9991941982272361,560,681,1241,0.0,-0.0008333472224535399,0.9997582594681724,-8.058017727639034e-05
71172,40.68984483074718,0.9991941982272361,560,681,1241,0.0,-0.0008333472224535399,0.999677679290896,-8.058017727639034e-05
71173,40.68901148352472,0.9991941982272361,560,681,1241,0.0,-0.0008333472224535399,0.9995970991136197,-8.058017727639034e-05
71174,40.68817813630227,0.9991941982272361,560,681,1241,0.0,-0.0008333472224535399,0.9995165189363433,-8.058017727639034e-05
71175,40.687344789079816,0.9991941982272361,560,681,1241,0.0,-0.0008333472224535399,0.999435938759067,-8.058017727639034e-05
71176,40.68651144185736,0.9991941982272361,560,681,1241,0.0,-0.0008333472224535399,0.9993553585817907,-8.058017727639034e-05
71177,40.68567809463491,1.0,560,681,1241,0.0008058017727639033,-0.0008333472224535399,0.9993553585817907,0.0
71178,40.684844747412455,1.0,560,681,1241,0.0,-0.0008333472224535399,0.9993553585817907,0.0
71179,40.68401140019,1.0,560,681,1241,0.0,-0.0008333472224535399,0.999435938759067,8.058017727639034e-05
71180,40.68317805296755,1.0,560,681,1241,0.0,-0.0008333472224535399,0.9995165189363433,8.058017727639034e-05
71181,40.682344705745095,1.0,560,681,1241,0.0,-0.0008333472224535399,0.9995970991136197,8.058017727639034e-05
71182,40.68151135852264,1.0,560,681,1241,0.0,-0.0008333472224535399,0.999677679290896,8.058017727639034e-05
71183,40.68067801130019,1.0,560,681,1241,0.0,-0.0008333472224535399,0.9997582594681724,8.058017727639034e-05
71184,40.679844664077734,0.9991941982272361,560,681,1241,-0.0008058017727639033,-0.0008333472224535399,0.9997582594681724,0.0
71185,40.67901131685528,1.0,560,681,1241,0.0008058017727639033,-0.0008333472224535399,0.9998388396454487,8.058017727639034e-05
71186,40.67817796963283,1.0,560,681,1241,0.0,-0.0008333472224535399,0.999919419822725,8.058017727639034e-05
71187,40.677344622410374,1.0,560,681,1241,0.0,-0.0008333472224535399,0.999919419822725,0.0
71188,40.67651127518792,1.0,560,681,1241,0.0,-0.0008333472224535399,0.999919419822725,0.0
71189,40.67567792796547,1.0,560,681,1241,0.0,-0.0008333472224535399,0.999919419822725,0.0
71190,40.67484458074301,1.0,560,681,1241,0.0,-0.0008333472224535399,0.999919419822725,0.0
71191,40.67401123352056,1.0,560,681,1241,0.0,-0.0008333472224535399,0.999919419822725,0.0
71192,40.673177886298106,1.0,560,681,1241,0.0,-0.0008333472224535399,0.999919419822725,0.0
71193,40.67234453907565,1.0,560,681,1241,0.0,-0.0008333472224535399,0.999919419822725,0.0
71194,40.6715111918532,1.0,560,681,1241,0.0,-0.0008333472224535399,1.0000000000000013,8.058017727639034e-05
71195,40.670677844630745,1.0,560,681,1241,0.0,-0.0008333472224535399,1.0000000000000013,0.0
71196,40.66984449740829,1.0,560,681,1241,0.0,-0.0008333472224535399,1.0000000000000013,0.0
71197,40.66901115018584,1.0,560,681,1241,0.0,-0.0008333472224535399,1.0000000000000013,0.0
71198,40.668177802963385,1.0,560,681,1241,0.0,-0.0008333472224535399,1.0000000000000013,0.0
71199,40.66734445574093,1.0,560,681,1241,0.0,-0.0008333472224535399,1.0000000000000013,0.0
71200,40.66651110851848,1.0,560,681,1241,0.0,-0.0008333472224535399,1.0000000000000013,0.0
71201,40.665677761296024,1.0,560,681,1241,0.0,-0.0008333472224535399,1.0000000000000013,0.0
71202,40.66484441407357,1.0,560,681,1241,0.0,-0.0008333472224535399,1.0000000000000013,0.0
71203,40.66401106685112,1.0,560,681,1241,0.0,-0.0008333472224535399,1.0000000000000013,0.0
71204,40.66317771962866,1.0,560,681,1241,0.0,-0.0008333472224535399,1.0000000000000013,0.0
71205,40.66234437240621,1.0,560,681,1241,0.0,-0.0008333472224535399,1.0000000000000013,0.0
71206,40.661511025183756,1.0,560,681,1241,0.0,-0.0008333472224535399,1.0000000000000013,0.0
71207,40.6606776779613,0.9991941982272361,560,681,1241,-0.0008058017727639033,-0.0008333472224535399,0.999919419822725,-8.058017727639034e-05
71208,40.65984433073885,0.9991941982272361,560,681,1241,0.0,-0.0008333472224535399,0.9998388396454487,-8.058017727639034e-05
71209,40.659010983516396,1.0,560,681,1241,0.0008058017727639033,-0.0008333472224535399,0.9998388396454487,0.0
71210,40.65817763629394,1.0,560,681,1241,0.0,-0.0008333472224535399,0.9998388396454487,0.0
71211,40.65734428907148,1.0,560,681,1241,0.0,-0.0008333472224606453,0.9998388396454487,0.0
71212,40.65651094184903,1.0,560,681,1241,0.0,-0.0008333472224535399,0.9998388396454487,0.0
71213,40.655677594626574,1.0,560,681,1241,0.0,-0.0008333472224535399,0.9998388396454487,0.0
71214,40.65484424740412,0.9991941982272361,560,681,1241,-0.0008058017727639033,-0.0008333472224535399,0.9997582594681724,-8.058017727639034e-05
71215,40.65401090018167,0.9983883964544722,560,681,1241,-0.0008058017727639033,-0.0008333472224535399,0.9995970991136197,-0.00016116035455278067
71216,40.653177552959214,0.9983883964544722,560,681,1241,0.0,-0.0008333472224535399,0.999435938759067,-0.00016116035455278067
71217,40.65234420573676,0.9983883964544722,560,681,1241,0.0,-0.0008333472224535399,0.9993553585817907,-8.058017727639034e-05
71218,40.65151085851431,1.0,560,681,1241,0.0016116035455278066,-0.0008333472224535399,0.999435938759067,8.058017727639034e-05
71219,40.65067751129185,0.9991941982272361,560,681,1241,-0.0008058017727639033,-0.0008333472224535399,0.9993553585817907,-8.058017727639034e-05
71220,40.6498441640694,0.9991941982272361,560,681,1241,0.0,-0.0008333472224535399,0.9992747784045143,-8.058017727639034e-05
71221,40.649010816846946,0.9991941982272361,560,681,1241,0.0,-0.0008333472224535399,0.999194198227238,-8.058017727639034e-05
71222,40.64817746962449,0.9991941982272361,560,681,1241,0.0,-0.0008333472224535399,0.9991136180499616,-8.058017727639034e-05
71223,40.64734412240204,0.9991941982272361,560,681,1241,0.0,-0.0008333472224535399,0.9990330378726853,-8.058017727639034e-05
71224,40.646510775179586,0.9991941982272361,560,681,1241,0.0,-0.0008333472224535399,0.9990330378726853,0.0
71225,40.64567742795713,0.9991941982272361,560,681,1241,0.0,-0.0008333472224535399,0.9991136180499616,8.058017727639034e-05
71226,40.64484408073468,0.9991941982272361,560,681,1241,0.0,-0.0008333472224535399,0.999194198227238,8.058017727639034e-05
71227,40.644010733512225,0.9991941982272361,560,681,1241,0.0,-0.0008333472224535399,0.9992747784045143,8.058017727639034e-05
71228,40.64317738628977,0.9991941982272361,560,681,1241,0.0,-0.0008333472224535399,0.999194198227238,-8.058017727639034e-05
71229,40.64234403906732,0.9991941982272361,560,681,1241,0.0,-0.0008333472224535399,0.999194198227238,0.0
71230,40.641510691844864,0.9991941982272361,560,681,1241,0.0,-0.0008333472224535399,0.999194198227238,0.0
71231,40.64067734462241,1.0,560,681,1241,0.0008058017727639033,-0.0008333472224535399,0.9992747784045143,8.058017727639034e-05
71232,40.63984399739996,1.0,560,681,1241,0.0,-0.0008333472224535399,0.9993553585817907,8.058017727639034e-05
71233,40.639010650177504,1.0,560,681,1241,0.0,-0.0008333472224535399,0.999435938759067,8.058017727639034e-05
71234,40.63817730295505,1.0,560,681,1241,0.0,-0.0008333472224535399,0.9995165189363433,8.058017727639034e-05
71235,40.6373439557326,1.0,560,681,1241,0.0,-0.0008333472224535399,0.9995970991136197,8.058017727639034e-05
71236,40.63651060851014,0.9991941982272361,560,681,1241,-0.0008058017727639033,-0.0008333472224535399,0.9995970991136197,0.0
71237,40.63567726128769,0.9991941982272361,560,681,1241,0.0,-0.0008333472224535399,0.9995970991136197,0.0
71238,40.634843914065236,1.0,560,681,1241,0.0008058017727639033,-0.0008333472224535399,0.999677679290896,8.058017727639034e-05
71239,40.63401056684278,1.0,560,681,1241,0.0,-0.0008333472224535399,0.9997582594681724,8.058017727639034e-05
71240,40.63317721962033,1.0,560,681,1241,0.0,-0.0008333472224535399,0.9998388396454487,8.058017727639034e-05
71241,40.632343872397875,1.0,560,681,1241,0.0,-0.0008333472224535399,0.9998388396454487,0.0
71242,40.63151052517542,1.0,560,681,1241,0.0,-0.0008333472224535399,0.9998388396454487,0.0
71243,40.63067717795296,1.0,560,681,1241,0.0,-0.0008333472224606453,0.9998388396454487,0.0
71244,40.62984383073051,1.0,560,681,1241,0.0,-0.0008333472224535399,0.9998388396454487,0.0
71245,40.629010483508054,1.0,560,681,1241,0.0,-0.0008333472224535399,0.9998388396454487,0.0
71246,40.6281771362856,1.0,560,681,1241,0.0,-0.0008333472224535399,0.999919419822725,8.058017727639034e-05
71247,40.62734378906315,1.0,560,681,1241,0.0,-0.0008333472224535399,1.0000000000000013,8.058017727639034e-05
71248,40.62651044184069,1.0,560,681,1241,0.0,-0.0008333472224535399,1.0000000000000013,0.0
71249,40.62567709461824,1.0,560,681,1241,0.0,-0.0008333472224535399,1.0000000000000013,0.0
71250,40.624843747395786,1.0,560,681,1241,0.0,-0.0008333472224535399,1.0000000000000013,0.0
71251,40.62401040017333,1.0,560,681,1241,0.0,-0.0008333472224535399,1.0000000000000013,0.0
71252,40.62317705295088,1.0,560,681,1241,0.0,-0.0008333472224535399,1.0000000000000013,0.0
71253,40.622343705728426,1.0,560,681,1241,0.0,-0.0008333472224535399,1.0000000000000013,0.0
71254,40.62151035850597,1.0,560,681,1241,0.0,-0.0008333472224535399,1.0000000000000013,0.0
71255,40.62067701128352,1.0,560,681,1241,0.0,-0.0008333472224535399,1.0000000000000013,0.0
71256,40.619843664061065,1.0,560,681,1241,0.0,-0.0008333472224535399,1.0000000000000013,0.0
71257,40.61901031683861,0.9991941982272361,560,681,1241,-0.0008058017727639033,-0.0008333472224535399,0.999919419822725,-8.058017727639034e-05
71258,40.61817696961616,0.9991941982272361,560,681,1241,0.0,-0.0008333472224535399,0.9998388396454487,-8.058017727639034e-05
71259,40.617343622393705,1.0,560,681,1241,0.0008058017727639033,-0.0008333472224535399,0.9998388396454487,0.0
71260,40.61651027517125,1.0,560,681,1241,0.0,-0.0008333472224535399,0.9998388396454487,0.0
71261,40.6156769279488,1.0,560,681,1241,0.0,-0.0008333472224535399,0.9998388396454487,0.0
71262,40.614843580726344,0.9991941982272361,560,681,1241,-0.0008058017727639033,-0.0008333472224535399,0.9997582594681724,-8.058017727639034e-05
71263,40.61401023350389,0.9991941982272361,560,681,1241,0.0,-0.0008333472224535399,0.999677679290896,-8.058017727639034e-05
71264,40.61317688628144,0.9991941982272361,560,681,1241,0.0,-0.0008333472224535399,0.9995970991136197,-8.058017727639034e-05
71265,40.61234353905898,1.0,560,681,1241,0.0008058017727639033,-0.0008333472224535399,0.9995970991136197,0.0
71266,40.61151019183653,1.0,560,681,1241,0.0,-0.0008333472224535399,0.9995970991136197,0.0
71267,40.610676844614076,1.0,560,681,1241,0.0,-0.0008333472224535399,0.999677679290896,8.058017727639034e-05
71268,40.60984349739162,1.0,560,681,1241,0.0,-0.0008333472224535399,0.9997582594681724,8.058017727639034e-05
71269,40.60901015016917,1.0,560,681,1241,0.0,-0.0008333472224535399,0.9997582594681724,0.0
71270,40.608176802946716,1.0,560,681,1241,0.0,-0.0008333472224535399,0.9997582594681724,0.0
71271,40.60734345572426,1.0,560,681,1241,0.0,-0.0008333472224535399,0.9997582594681724,0.0
71272,40.60651010850181,1.0,560,681,1241,0.0,-0.0008333472224535399,0.9998388396454487,8.058017727639034e-05
71273,40.605676761279355,1.0,560,681,1241,0.0,-0.0008333472224535399,0.999919419822725,8.058017727639034e-05
71274,40.6048434140569,1.0,560,681,1241,0.0,-0.0008333472224535399,1.0000000000000013,8.058017727639034e-05
71275,40.60401006683445,1.0,560,681,1241,0.0,-0.0008333472224535399,1.0000000000000013,0.0
71276,40.603176719611994,1.0,560,681,1241,0.0,-0.0008333472224535399,1.0000000000000013,0.0
71277,40.60234337238954,1.0,560,681,1241,0.0,-0.0008333472224535399,1.0000000000000013,0.0
71278,40.60151002516709,1.0,560,681,1241,0.0,-0.0008333472224535399,1.0000000000000013,0.0
71279,40.600676677944634,1.0,560,681,1241,0.0,-0.0008333472224535399,1.0000000000000013,0.0
71280,40.59984333072218,1.0,560,681,1241,0.0,-0.0008333472224535399,1.0000000000000013,0.0
71281,40.59900998349973,1.0,560,681,1241,0.0,-0.0008333472224535399,1.0000000000000013,0.0
71282,40.59817663627727,1.0,560,681,1241,0.0,-0.0008333472224535399,1.0000000000000013,0.0
71283,40.59734328905482,1.0,560,681,1241,0.0,-0.0008333472224535399,1.0000000000000013,0.0
71284,40.596509941832366,1.0,560,681,1241,0.0,-0.0008333472224535399,1.0000000000000013,0.0
71285,40.59567659460991,1.0,560,681,1241,0.0,-0.0008333472224535399,1.0000000000000013,0.0
71286,40.59484324738746,1.0,560,681,1241,0.0,-0.0008333472224535399,1.0000000000000013,0.0
71287,40.594009900165005,1.0,560,681,1241,0.0,-0.0008333472224535399,1.0000000000000013,0.0
71288,40.59317655294255,1.0,560,681,1241,0.0,-0.0008333472224535399,1.0000000000000013,0.0
71289,40.5923432057201,1.0,560,681,1241,0.0,-0.0008333472224535399,1.0000000000000013,0.0
71290,40.591509858497645,1.0,560,681,1241,0.0,-0.0008333472224535399,1.0000000000000013,0.0
71291,40.59067651127519,1.0,560,681,1241,0.0,-0.0008333472224535399,1.0000000000000013,0.0
71292,40.58984316405274,1.0,560,681,1241,0.0,-0.0008333472224535399,1.0000000000000013,0.0
71293,40.589009816830284,1.0,560,681,1241,0.0,-0.0008333472224535399,1.0000000000000013,0.0
71294,40.58817646960783,1.0,560,681,1241,0.0,-0.0008333472224535399,1.0000000000000013,0.0
71295,40.58734312238538,1.0,560,681,1241,0.0,-0.0008333472224535399,1.0000000000000013,0.0
71296,40.58650977516292,1.0,560,681,1241,0.0,-0.0008333472224606453,1.0000000000000013,0.0
71297,40.58567642794046,1.0,560,681,1241,0.0,-0.0008333472224535399,1.0000000000000013,0.0
71298,40.58484308071801,1.0,560,681,1241,0.0,-0.0008333472224535399,1.0000000000000013,0.0
71299,40.584009733495556,1.0,560,681,1241,0.0,-0.0008333472224535399,1.0000000000000013,0.0
71300,40.5831763862731,1.0,560,681,1241,0.0,-0.0008333472224535399,1.0000000000000013,0.0
71301,40.58234303905065,1.0,560,681,1241,0.0,-0.0008333472224535399,1.0000000000000013,0.0
71302,40.581509691828195,1.0,560,681,1241,0.0,-0.0008333472224535399,1.0000000000000013,0.0
71303,40.58067634460574,1.0,560,681,1241,0.0,-0.0008333472224535399,1.0000000000000013,0.0
71304,40.57984299738329,1.0,560,681,1241,0.0,-0.0008333472224535399,1.0000000000000013,0.0
71305,40.579009650160835,1.0,560,681,1241,0.0,-0.0008333472224535399,1.0000000000000013,0.0
71306,40.57817630293838,1.0,560,681,1241,0.0,-0.0008333472224535399,1.0000000000000013,0.0
71307,40.57734295571593,1.0,560,681,1241,0.0,-0.0008333472224535399,1.0000000000000013,0.0
71308,40.576509608493474,1.0,560,681,1241,0.0,-0.0008333472224535399,1.0000000000000013,0.0
71309,40.57567626127102,1.0,560,681,1241,0.0,-0.0008333472224535399,1.0000000000000013,0.0
71310,40.57484291404857,1.0,560,681,1241,0.0,-0.0008333472224535399,1.0000000000000013,0.0
71311,40.57400956682611,1.0,560,681,1241,0.0,-0.0008333472224535399,1.0000000000000013,0.0
71312,40.57317621960366,1.0,560,681,1241,0.0,-0.0008333472224535399,1.0000000000000013,0.0
71313,40.572342872381206,1.0,560,681,1241,0.0,-0.0008333472224535399,1.0000000000000013,0.0
71314,40.57150952515875,1.0,560,681,1241,0.0,-0.0008333472224535399,1.0000000000000013,0.0
71315,40.5706761779363,1.0,560,681,1241,0.0,-0.0008333472224535399,1.0000000000000013,0.0
71316,40.569842830713846,1.0,560,681,1241,0.0,-0.0008333472224535399,1.0000000000000013,0.0
71317,40.56900948349139,1.0,560,681,1241,0.0,-0.0008333472224535399,1.0000000000000013,0.0
71318,40.56817613626894,1.0,560,681,1241,0.0,-0.0008333472224535399,1.0000000000000013,0.0
71319,40.567342789046485,1.0,560,681,1241,0.0,-0.0008333472224535399,1.0000000000000013,0.0
71320,40.56650944182403,1.0,560,681,1241,0.0,-0.0008333472224535399,1.0000000000000013,0.0
71321,40.56567609460158,1.0,560,681,1241,0.0,-0.0008333472224535399,1.0000000000000013,0.0
71322,40.564842747379124,1.0,560,681,1241,0.0,-0.0008333472224535399,1.0000000000000013,0.0
71323,40.56400940015667,1.0,560,681,1241,0.0,-0.0008333472224535399,1.0000000000000013,0.0
71324,40.56317605293422,1.0,560,681,1241,0.0,-0.0008333472224535399,1.0000000000000013,0.0
71325,40.562342705711764,1.0,560,681,1241,0.0,-0.0008333472224535399,1.0000000000000013,0.0
71326,40.56150935848931,1.0,560,681,1241,0.0,-0.0008333472224535399,1.0000000000000013,0.0
71327,40.56067601126685,1.0,560,681,1241,0.0,-0.0008333472224606453,1.0000000000000013,0.0
71328,40.559842664044396,1.0,560,681,1241,0.0,-0.0008333472224535399,1.0000000000000013,0.0
71329,40.55900931682194,1.0,560,681,1241,0.0,-0.0008333472224535399,1.0000000000000013,0.0
71330,40.55817596959949,1.0,560,681,1241,0.0,-0.0008333472224535399,1.0000000000000013,0.0
71331,40.557342622377035,1.0,560,681,1241,0.0,-0.0008333472224535399,1.0000000000000013,0.0
71332,40.55650927515458,1.0,560,681,1241,0.0,-0.0008333472224535399,1.0000000000000013,0.0
71333,40.55567592793213,0.9991941982272361,560,681,1241,-0.0008058017727639033,-0.0008333472224535399,0.999919419822725,-8.058017727639034e-05
71334,40.554842580709675,0.9991941982272361,560,681,1241,0.0,-0.0008333472224535399,0.9998388396454487,-8.058017727639034e-05
71335,40.55400923348722,0.9991941982272361,560,681,1241,0.0,-0.0008333472224535399,0.9997582594681724,-8.058017727639034e-05
71336,40.55317588626477,0.9991941982272361,560,681,1241,0.0,-0.0008333472224535399,0.999677679290896,-8.058017727639034e-05
71337,40.552342539042314,0.9991941982272361,560,681,1241,0.0,-0.0008333472224535399,0.9995970991136197,-8.058017727639034e-05
71338,40.55150919181986,0.9991941982272361,560,681,1241,0.0,-0.0008333472224535399,0.9995165189363433,-8.058017727639034e-05
71339,40.55067584459741,0.9991941982272361,560,681,1241,0.0,-0.0008333472224535399,0.999435938759067,-8.058017727639034e-05
71340,40.549842497374954,1.0,560,681,1241,0.0008058017727639033,-0.0008333472224535399,0.999435938759067,0.0
71341,40.5490091501525,1.0,560,681,1241,0.0,-0.0008333472224535399,0.999435938759067,0.0
71342,40.54817580293005,1.0,560,681,1241,0.0,-0.0008333472224535399,0.999435938759067,0.0
71343,40.54734245570759,1.0,560,681,1241,0.0,-0.0008333472224535399,0.9995165189363433,8.058017727639034e-05
71344,40.54650910848514,1.0,560,681,1241,0.0,-0.0008333472224535399,0.9995970991136197,8.058017727639034e-05
71345,40.545675761262686,1.0,560,681,1241,0.0,-0.0008333472224535399,0.999677679290896,8.058017727639034e-05
71346,40.54484241404023,1.0,560,681,1241,0.0,-0.0008333472224535399,0.9997582594681724,8.058017727639034e-05
71347,40.54400906681778,1.0,560,681,1241,0.0,-0.0008333472224535399,0.9998388396454487,8.058017727639034e-05
71348,40.543175719595325,1.0,560,681,1241,0.0,-0.0008333472224535399,0.999919419822725,8.058017727639034e-05
71349,40.54234237237287,1.0,560,681,1241,0.0,-0.0008333472224535399,1.0000000000000013,8.058017727639034e-05
71350,40.54150902515042,1.0,560,681,1241,0.0,-0.0008333472224535399,1.0000000000000013,0.0
71351,40.540675677927965,1.0,560,681,1241,0.0,-0.0008333472224535399,1.0000000000000013,0.0
71352,40.53984233070551,1.0,560,681,1241,0.0,-0.0008333472224535399,1.0000000000000013,0.0
71353,40.53900898348306,1.0,560,681,1241,0.0,-0.0008333472224535399,1.0000000000000013,0.0
71354,40.538175636260604,1.0,560,681,1241,0.0,-0.0008333472224535399,1.0000000000000013,0.0
71355,40.53734228903815,1.0,560,681,1241,0.0,-0.0008333472224535399,1.0000000000000013,0.0
71356,40.5365089418157,1.0,560,681,1241,0.0,-0.0008333472224535399,1.0000000000000013,0.0
71357,40.53567559459324,1.0,560,681,1241,0.0,-0.0008333472224535399,1.0000000000000013,0.0
71358,40.53484224737079,1.0,560,681,1241,0.0,-0.0008333472224535399,1.0000000000000013,0.0
71359,40.534008900148336,1.0,560,681,1241,0.0,-0.0008333472224535399,1.0000000000000013,0.0
71360,40.53317555292588,1.0,560,681,1241,0.0,-0.0008333472224535399,1.0000000000000013,0.0
71361,40.53234220570343,1.0,560,681,1241,0.0,-0.0008333472224535399,1.0000000000000013,0.0
71362,40.531508858480976,0.9991941982272361,560,681,1241,-0.0008058017727639033,-0.0008333472224535399,0.999919419822725,-8.058017727639034e-05
71363,40.53067551125852,0.9991941982272361,560,681,1241,0.0,-0.0008333472224535399,0.9998388396454487,-8.058017727639034e-05
71364,40.52984216403607,1.0,560,681,1241,0.0008058017727639033,-0.0008333472224535399,0.9998388396454487,0.0
71365,40.529008816813615,1.0,560,681,1241,0.0,-0.0008333472224535399,0.9998388396454487,0.0
71366,40.52817546959116,1.0,560,681,1241,0.0,-0.0008333472224535399,0.9998388396454487,0.0
71367,40.52734212236871,1.0,560,681,1241,0.0,-0.0008333472224535399,0.9998388396454487,0.0
71368,40.526508775146254,1.0,560,681,1241,0.0,-0.0008333472224535399,0.9998388396454487,0.0
71369,40.5256754279238,1.0,560,681,1241,0.0,-0.0008333472224535399,0.9998388396454487,0.0
71370,40.52484208070135,1.0,560,681,1241,0.0,-0.0008333472224535399,0.9998388396454487,0.0
71371,40.524008733478894,1.0,560,681,1241,0.0,-0.0008333472224535399,0.9998388396454487,0.0
71372,40.52317538625644,1.0,560,681,1241,0.0,-0.0008333472224535399,0.999919419822725,8.058017727639034e-05
71373,40.52234203903399,0.9991941982272361,560,681,1241,-0.0008058017727639033,-0.0008333472224535399,0.999919419822725,0.0
71374,40.52150869181153,1.0,560,681,1241,0.0008058017727639033,-0.0008333472224535399,0.999919419822725,0.0
71375,40.52067534458908,1.0,560,681,1241,0.0,-0.0008333472224535399,0.999919419822725,0.0
71376,40.519841997366626,1.0,560,681,1241,0.0,-0.0008333472224535399,0.999919419822725,0.0
71377,40.51900865014417,1.0,560,681,1241,0.0,-0.0008333472224535399,0.999919419822725,0.0
71378,40.51817530292172,1.0,560,681,1241,0.0,-0.0008333472224535399,0.999919419822725,0.0
71379,40.517341955699266,1.0,560,681,1241,0.0,-0.0008333472224535399,0.999919419822725,0.0
71380,40.516508608476805,0.9991941982272361,560,681,1241,-0.0008058017727639033,-0.0008333472224606453,0.9998388396454487,-8.058017727639034e-05
71381,40.51567526125435,0.9991941982272361,560,681,1241,0.0,-0.0008333472224535399,0.9997582594681724,-8.058017727639034e-05
71382,40.5148419140319,1.0,560,681,1241,0.0008058017727639033,-0.0008333472224535399,0.9997582594681724,0.0
71383,40.514008566809444,1.0,560,681,1241,0.0,-0.0008333472224535399,0.9998388396454487,8.058017727639034e-05
71384,40.51317521958699,1.0,560,681,1241,0.0,-0.0008333472224535399,0.9998388396454487,0.0
71385,40.51234187236454,1.0,560,681,1241,0.0,-0.0008333472224535399,0.9998388396454487,0.0
71386,40.511508525142084,1.0,560,681,1241,0.0,-0.0008333472224535399,0.9998388396454487,0.0
71387,40.51067517791963,1.0,560,681,1241,0.0,-0.0008333472224535399,0.9998388396454487,0.0
71388,40.50984183069718,1.0,560,681,1241,0.0,-0.0008333472224535399,0.9998388396454487,0.0
71389,40.50900848347472,1.0,560,681,1241,0.0,-0.0008333472224535399,0.9998388396454487,0.0
71390,40.50817513625227,1.0,560,681,1241,0.0,-0.0008333472224535399,0.999919419822725,8.058017727639034e-05
71391,40.507341789029816,1.0,560,681,1241,0.0,-0.0008333472224535399,1.0000000000000013,8.058017727639034e-05
71392,40.50650844180736,1.0,560,681,1241,0.0,-0.0008333472224535399,1.0000000000000013,0.0
71393,40.50567509458491,1.0,560,681,1241,0.0,-0.0008333472224535399,1.0000000000000013,0.0
71394,40.504841747362455,1.0,560,681,1241,0.0,-0.0008333472224535399,1.0000000000000013,0.0
71395,40.50400840014,1.0,560,681,1241,0.0,-0.0008333472224535399,1.0000000000000013,0.0
71396,40.50317505291755,1.0,560,681,1241,0.0,-0.0008333472224535399,1.0000000000000013,0.0
71397,40.502341705695095,1.0,560,681,1241,0.0,-0.0008333472224535399,1.0000000000000013,0.0
71398,40.50150835847264,1.0,560,681,1241,0.0,-0.0008333472224535399,1.0000000000000013,0.0
71399,40.50067501125019,1.0,560,681,1241,0.0,-0.0008333472224535399,1.0000000000000013,0.0
71400,40.499841664027734,1.0,560,681,1241,0.0,-0.0008333472224535399,1.0000000000000013,0.0
71401,40.49900831680528,1.0,560,681,1241,0.0,-0.0008333472224535399,1.0000000000000013,0.0
71402,40.49817496958283,1.0,560,681,1241,0.0,-0.0008333472224535399,1.0000000000000013,0.0
71403,40.49734162236037,1.0,560,681,1241,0.0,-0.0008333472224535399,1.0000000000000013,0.0
71404,40.49650827513792,1.0,560,681,1241,0.0,-0.0008333472224535399,1.0000000000000013,0.0
71405,40.495674927915466,1.0,560,681,1241,0.0,-0.0008333472224535399,1.0000000000000013,0.0
71406,40.49484158069301,0.9991941982272361,560,681,1241,-0.0008058017727639033,-0.0008333472224535399,0.999919419822725,-8.058017727639034e-05
71407,40.49400823347056,0.9991941982272361,560,681,1241,0.0,-0.0008333472224535399,0.9998388396454487,-8.058017727639034e-05
71408,40.493174886248106,1.0,560,681,1241,0.0008058017727639033,-0.0008333472224535399,0.9998388396454487,0.0
71409,40.49234153902565,1.0,560,681,1241,0.0,-0.0008333472224535399,0.9998388396454487,0.0
71410,40.4915081918032,1.0,560,681,1241,0.0,-0.0008333472224535399,0.9998388396454487,0.0
71411,40.490674844580745,1.0,560,681,1241,0.0,-0.0008333472224535399,0.9998388396454487,0.0
71412,40.489841497358285,1.0,560,681,1241,0.0,-0.0008333472224606453,0.9998388396454487,0.0
71413,40.48900815013583,1.0,560,681,1241,0.0,-0.0008333472224535399,0.9998388396454487,0.0
71414,40.48817480291338,1.0,560,681,1241,0.0,-0.0008333472224535399,0.9998388396454487,0.0
71415,40.487341455690924,1.0,560,681,1241,0.0,-0.0008333472224535399,0.9998388396454487,0.0
71416,40.48650810846847,1.0,560,681,1241,0.0,-0.0008333472224535399,0.999919419822725,8.058017727639034e-05
71417,40.48567476124602,1.0,560,681,1241,0.0,-0.0008333472224535399,1.0000000000000013,8.058017727639034e-05
71418,40.48484141402356,1.0,560,681,1241,0.0,-0.0008333472224535399,1.0000000000000013,0.0
71419,40.48400806680111,1.0,560,681,1241,0.0,-0.0008333472224535399,1.0000000000000013,0.0
71420,40.483174719578656,1.0,560,681,1241,0.0,-0.0008333472224535399,1.0000000000000013,0.0
71421,40.4823413723562,1.0,560,681,1241,0.0,-0.0008333472224535399,1.0000000000000013,0.0
71422,40.48150802513375,1.0,560,681,1241,0.0,-0.0008333472224535399,1.0000000000000013,0.0
71423,40.480674677911296,1.0,560,681,1241,0.0,-0.0008333472224535399,1.0000000000000013,0.0
71424,40.47984133068884,1.0,560,681,1241,0.0,-0.0008333472224535399,1.0000000000000013,0.0
71425,40.47900798346639,1.0,560,681,1241,0.0,-0.0008333472224535399,1.0000000000000013,0.0
71426,40.478174636243935,1.0,560,681,1241,0.0,-0.0008333472224535399,1.0000000000000013,0.0
71427,40.47734128902148,1.0,560,681,1241,0.0,-0.0008333472224535399,1.0000000000000013,0.0
71428,40.47650794179903,1.0,560,681,1241,0.0,-0.0008333472224535399,1.0000000000000013,0.0
71429,40.475674594576574,1.0,560,681,1241,0.0,-0.0008333472224535399,1.0000000000000013,0.0
71430,40.47484124735412,1.0,560,681,1241,0.0,-0.0008333472224535399,1.0000000000000013,0.0
71431,40.47400790013167,1.0,560,681,1241,0.0,-0.0008333472224535399,1.0000000000000013,0.0
71432,40.473174552909214,1.0,560,681,1241,0.0,-0.0008333472224535399,1.0000000000000013,0.0
71433,40.47234120568676,1.0,560,681,1241,0.0,-0.0008333472224535399,1.0000000000000013,0.0
71434,40.47150785846431,1.0,560,681,1241,0.0,-0.0008333472224535399,1.0000000000000013,0.0
71435,40.47067451124185,1.0,560,681,1241,0.0,-0.0008333472224535399,1.0000000000000013,0.0
71436,40.4698411640194,1.0,560,681,1241,0.0,-0.0008333472224535399,1.0000000000000013,0.0
71437,40.469007816796946,1.0,560,681,1241,0.0,-0.0008333472224535399,1.0000000000000013,0.0
71438,40.46817446957449,1.0,560,681,1241,0.0,-0.0008333472224535399,1.0000000000000013,0.0
71439,40.46734112235204,1.0,560,681,1241,0.0,-0.0008333472224535399,1.0000000000000013,0.0
71440,40.466507775129585,1.0,560,681,1241,0.0,-0.0008333472224535399,1.0000000000000013,0.0
71441,40.46567442790713,1.0,560,681,1241,0.0,-0.0008333472224535399,1.0000000000000013,0.0
71442,40.46484108068468,1.0,560,681,1241,0.0,-0.0008333472224535399,1.0000000000000013,0.0
71443,40.464007733462225,1.0,560,681,1241,0.0,-0.0008333472224535399,1.0000000000000013,0.0
71444,40.46317438623977,1.0,560,681,1241,0.0,-0.0008333472224535399,1.0000000000000013,0.0
71445,40.46234103901732,1.0,560,681,1241,0.0,-0.0008333472224535399,1.0000000000000013,0.0
71446,40.461507691794864,1.0,560,681,1241,0.0,-0.0008333472224535399,1.0000000000000013,0.0
71447,40.46067434457241,1.0,560,681,1241,0.0,-0.0008333472224535399,1.0000000000000013,0.0
71448,40.45984099734996,1.0,560,681,1241,0.0,-0.0008333472224535399,1.0000000000000013,0.0
71449,40.4590076501275,1.0,560,681,1241,0.0,-0.0008333472224535399,1.0000000000000013,0.0
71450,40.45817430290505,1.0,560,681,1241,0.0,-0.0008333472224535399,1.0000000000000013,0.0
71451,40.4573409556826,1.0,560,681,1241,0.0,-0.0008333472224535399,1.0000000000000013,0.0
71452,40.45650760846014,1.0,560,681,1241,0.0,-0.0008333472224535399,1.0000000000000013,0.0
71453,40.45567426123769,1.0,560,681,1241,0.0,-0.0008333472224535399,1.0000000000000013,0.0
71454,40.454840914015236,1.0,560,681,1241,0.0,-0.0008333472224535399,1.0000000000000013,0.0
71455,40.45400756679278,1.0,560,681,1241,0.0,-0.0008333472224535399,1.0000000000000013,0.0
71456,40.45317421957033,1.0,560,681,1241,0.0,-0.0008333472224535399,1.0000000000000013,0.0
71457,40.452340872347875,0.9991941982272361,560,681,1241,-0.0008058017727639033,-0.0008333472224535399,0.999919419822725,-8.058017727639034e-05
71458,40.45150752512542,0.9991941982272361,560,681,1241,0.0,-0.0008333472224535399,0.9998388396454487,-8.058017727639034e-05
71459,40.45067417790297,0.9991941982272361,560,681,1241,0.0,-0.0008333472224535399,0.9997582594681724,-8.058017727639034e-05
71460,40.449840830680515,1.0,560,681,1241,0.0008058017727639033,-0.0008333472224535399,0.9997582594681724,0.0
71461,40.44900748345806,1.0,560,681,1241,0.0,-0.0008333472224535399,0.9997582594681724,0.0
71462,40.44817413623561,1.0,560,681,1241,0.0,-0.0008333472224535399,0.9997582594681724,0.0
71463,40.447340789013154,1.0,560,681,1241,0.0,-0.0008333472224535399,0.9997582594681724,0.0
71464,40.4465074417907,1.0,560,681,1241,0.0,-0.0008333472224535399,0.9997582594681724,0.0
71465,40.44567409456824,1.0,560,681,1241,0.0,-0.0008333472224606453,0.9997582594681724,0.0
71466,40.444840747345786,1.0,560,681,1241,0.0,-0.0008333472224535399,0.9997582594681724,0.0
71467,40.44400740012333,1.0,560,681,1241,0.0,-0.0008333472224535399,0.9998388396454487,8.058017727639034e-05
71468,40.44317405290088,1.0,560,681,1241,0.0,-0.0008333472224535399,0.999919419822725,8.058017727639034e-05
71469,40.442340705678426,0.9991941982272361,560,681,1241,-0.0008058017727639033,-0.0008333472224535399,0.999919419822725,0.0
71470,40.44150735845597,0.9991941982272361,560,681,1241,0.0,-0.0008333472224535399,0.9998388396454487,-8.058017727639034e-05
71471,40.44067401123352,0.9991941982272361,560,681,1241,0.0,-0.0008333472224535399,0.9997582594681724,-8.058017727639034e-05
71472,40.439840664011065,0.9983883964544722,560,681,1241,-0.0008058017727639033,-0.0008333472224535399,0.9995970991136197,-0.00016116035455278067
71473,40.43900731678861,0.9983883964544722,560,681,1241,0.0,-0.0008333472224535399,0.999435938759067,-0.00016116035455278067
71474,40.43817396956616,0.9991941982272361,560,681,1241,0.0008058017727639033,-0.0008333472224535399,0.9993553585817907,-8.058017727639034e-05
71475,40.437340622343704,1.0,560,681,1241,0.0008058017727639033,-0.0008333472224535399,0.9993553585817907,0.0
71476,40.43650727512125,1.0,560,681,1241,0.0,-0.0008333472224535399,0.9993553585817907,0.0
71477,40.4356739278988,1.0,560,681,1241,0.0,-0.0008333472224535399,0.9993553585817907,0.0
71478,40.434840580676344,1.0,560,681,1241,0.0,-0.0008333472224535399,0.9993553585817907,0.0
71479,40.43400723345389,1.0,560,681,1241,0.0,-0.0008333472224535399,0.999435938759067,8.058017727639034e-05
71480,40.43317388623144,1.0,560,681,1241,0.0,-0.0008333472224535399,0.9995165189363433,8.058017727639034e-05
71481,40.43234053900898,1.0,560,681,1241,0.0,-0.0008333472224535399,0.9995970991136197,8.058017727639034e-05
71482,40.43150719178653,1.0,560,681,1241,0.0,-0.0008333472224535399,0.9997582594681724,0.00016116035455278067
71483,40.430673844564076,1.0,560,681,1241,0.0,-0.0008333472224535399,0.999919419822725,0.00016116035455278067
71484,40.42984049734162,1.0,560,681,1241,0.0,-0.0008333472224535399,1.0000000000000013,8.058017727639034e-05
71485,40.42900715011917,1.0,560,681,1241,0.0,-0.0008333472224535399,1.0000000000000013,0.0
71486,40.428173802896715,1.0,560,681,1241,0.0,-0.0008333472224535399,1.0000000000000013,0.0
71487,40.42734045567426,1.0,560,681,1241,0.0,-0.0008333472224535399,1.0000000000000013,0.0
71488,40.42650710845181,1.0,560,681,1241,0.0,-0.0008333472224535399,1.0000000000000013,0.0
71489,40.425673761229355,1.0,560,681,1241,0.0,-0.0008333472224535399,1.0000000000000013,0.0
71490,40.4248404140069,1.0,560,681,1241,0.0,-0.0008333472224535399,1.0000000000000013,0.0
71491,40.42400706678445,1.0,560,681,1241,0.0,-0.0008333472224535399,1.0000000000000013,0.0
71492,40.423173719561994,1.0,560,681,1241,0.0,-0.0008333472224535399,1.0000000000000013,0.0
71493,40.42234037233954,1.0,560,681,1241,0.0,-0.0008333472224535399,1.0000000000000013,0.0
71494,40.42150702511709,1.0,560,681,1241,0.0,-0.0008333472224535399,1.0000000000000013,0.0
71495,40.420673677894634,0.9991941982272361,560,681,1241,-0.0008058017727639033,-0.0008333472224535399,0.999919419822725,-8.058017727639034e-05
71496,40.41984033067218,0.9991941982272361,560,681,1241,0.0,-0.0008333472224535399,0.9998388396454487,-8.058017727639034e-05
71497,40.41900698344972,1.0,560,681,1241,0.0008058017727639033,-0.0008333472224606453,0.9998388396454487,0.0
71498,40.418173636227266,1.0,560,681,1241,0.0,-0.0008333472224535399,0.9998388396454487,0.0
71499,40.41734028900481,1.0,560,681,1241,0.0,-0.0008333472224535399,0.9998388396454487,0.0
71500,40.41650694178236,1.0,560,681,1241,0.0,-0.0008333472224535399,0.9998388396454487,0.0
71501,40.415673594559905,1.0,560,681,1241,0.0,-0.0008333472224535399,0.9998388396454487,0.0
71502,40.41484024733745,1.0,560,681,1241,0.0,-0.0008333472224535399,0.9998388396454487,0.0
71503,40.414006900115,0.9991941982272361,560,681,1241,-0.0008058017727639033,-0.0008333472224535399,0.9997582594681724,-8.058017727639034e-05
71504,40.413173552892545,0.9991941982272361,560,681,1241,0.0,-0.0008333472224535399,0.999677679290896,-8.058017727639034e-05
71505,40.41234020567009,0.9991941982272361,560,681,1241,0.0,-0.0008333472224535399,0.999677679290896,0.0
71506,40.41150685844764,0.9991941982272361,560,681,1241,0.0,-0.0008333472224535399,0.999677679290896,0.0
71507,40.410673511225184,0.9991941982272361,560,681,1241,0.0,-0.0008333472224535399,0.9995970991136197,-8.058017727639034e-05
71508,40.40984016400273,0.9991941982272361,560,681,1241,0.0,-0.0008333472224535399,0.9995165189363433,-8.058017727639034e-05
71509,40.40900681678028,0.9991941982272361,560,681,1241,0.0,-0.0008333472224535399,0.999435938759067,-8.058017727639034e-05
71510,40.40817346955782,0.9991941982272361,560,681,1241,0.0,-0.0008333472224535399,0.9993553585817907,-8.058017727639034e-05
71511,40.40734012233537,0.9991941982272361,560,681,1241,0.0,-0.0008333472224535399,0.9992747784045143,-8.058017727639034e-05
71512,40.406506775112916,0.9983883964544722,560,681,1241,-0.0008058017727639033,-0.0008333472224535399,0.9991136180499616,-0.00016116035455278067
71513,40.40567342789046,0.9983883964544722,560,681,1241,0.0,-0.0008333472224535399,0.9990330378726853,-8.058017727639034e-05
71514,40.40484008066801,0.9991941982272361,560,681,1241,0.0008058017727639033,-0.0008333472224535399,0.9990330378726853,0.0
71515,40.404006733445556,0.9991941982272361,560,681,1241,0.0,-0.0008333472224535399,0.9990330378726853,0.0
71516,40.4031733862231,0.9991941982272361,560,681,1241,0.0,-0.0008333472224535399,0.9990330378726853,0.0
71517,40.40234003900065,0.9991941982272361,560,681,1241,0.0,-0.0008333472224535399,0.9990330378726853,0.0
71518,40.401506691778195,0.9991941982272361,560,681,1241,0.0,-0.0008333472224535399,0.9990330378726853,0.0
71519,40.40067334455574,0.9991941982272361,560,681,1241,0.0,-0.0008333472224535399,0.9990330378726853,0.0
71520,40.39983999733329,1.0,560,681,1241,0.0008058017727639033,-0.0008333472224535399,0.9991136180499616,8.058017727639034e-05
71521,40.399006650110834,1.0,560,681,1241,0.0,-0.0008333472224535399,0.999194198227238,8.058017727639034e-05
71522,40.39817330288838,1.0,560,681,1241,0.0,-0.0008333472224535399,0.9993553585817907,0.00016116035455278067
71523,40.39733995566593,1.0,560,681,1241,0.0,-0.0008333472224535399,0.9995165189363433,0.00016116035455278067
71524,40.396506608443474,1.0,560,681,1241,0.0,-0.0008333472224535399,0.9995970991136197,8.058017727639034e-05
71525,40.39567326122102,1.0,560,681,1241,0.0,-0.0008333472224535399,0.999677679290896,8.058017727639034e-05
71526,40.39483991399857,1.0,560,681,1241,0.0,-0.0008333472224535399,0.9997582594681724,8.058017727639034e-05
71527,40.39400656677611,1.0,560,681,1241,0.0,-0.0008333472224535399,0.9998388396454487,8.058017727639034e-05
71528,40.39317321955366,1.0,560,681,1241,0.0,-0.0008333472224535399,0.999919419822725,8.058017727639034e-05
71529,40.392339872331206,1.0,560,681,1241,0.0,-0.0008333472224535399,1.0000000000000013,8.058017727639034e-05
71530,40.39150652510875,0.9991941982272361,560,681,1241,-0.0008058017727639033,-0.0008333472224535399,0.999919419822725,-8.058017727639034e-05
71531,40.3906731778863,1.0,560,681,1241,0.0008058017727639033,-0.0008333472224535399,0.999919419822725,0.0
71532,40.389839830663846,1.0,560,681,1241,0.0,-0.0008333472224535399,0.999919419822725,0.0
71533,40.38900648344139,1.0,560,681,1241,0.0,-0.0008333472224535399,0.999919419822725,0.0
71534,40.38817313621894,0.9991941982272361,560,681,1241,-0.0008058017727639033,-0.0008333472224535399,0.9998388396454487,-8.058017727639034e-05
71535,40.387339788996485,1.0,560,681,1241,0.0008058017727639033,-0.0008333472224535399,0.9998388396454487,0.0
71536,40.38650644177403,1.0,560,681,1241,0.0,-0.0008333472224535399,0.9998388396454487,0.0
71537,40.38567309455158,1.0,560,681,1241,0.0,-0.0008333472224535399,0.9998388396454487,0.0
71538,40.384839747329124,1.0,560,681,1241,0.0,-0.0008333472224535399,0.9998388396454487,0.0
71539,40.38400640010667,1.0,560,681,1241,0.0,-0.0008333472224535399,0.9998388396454487,0.0
71540,40.38317305288422,1.0,560,681,1241,0.0,-0.0008333472224535399,0.999919419822725,8.058017727639034e-05
71541,40.382339705661764,1.0,560,681,1241,0.0,-0.0008333472224535399,0.999919419822725,0.0
71542,40.38150635843931,1.0,560,681,1241,0.0,-0.0008333472224535399,0.999919419822725,0.0
71543,40.38067301121686,1.0,560,681,1241,0.0,-0.0008333472224535399,0.999919419822725,0.0
71544,40.3798396639944,1.0,560,681,1241,0.0,-0.0008333472224535399,1.0000000000000013,8.058017727639034e-05
71545,40.37900631677195,1.0,560,681,1241,0.0,-0.0008333472224535399,1.0000000000000013,0.0
71546,40.378172969549496,1.0,560,681,1241,0.0,-0.0008333472224535399,1.0000000000000013,0.0
71547,40.37733962232704,1.0,560,681,1241,0.0,-0.0008333472224535399,1.0000000000000013,0.0
71548,40.37650627510459,1.0,560,681,1241,0.0,-0.0008333472224535399,1.0000000000000013,0.0
71549,40.375672927882135,1.0,560,681,1241,0.0,-0.0008333472224535399,1.0000000000000013,0.0
71550,40.374839580659675,1.0,560,681,1241,0.0,-0.0008333472224606453,1.0000000000000013,0.0
71551,40.37400623343722,1.0,560,681,1241,0.0,-0.0008333472224535399,1.0000000000000013,0.0
71552,40.37317288621477,1.0,560,681,1241,0.0,-0.0008333472224535399,1.0000000000000013,0.0
71553,40.372339538992314,1.0,560,681,1241,0.0,-0.0008333472224535399,1.0000000000000013,0.0
71554,40.37150619176986,1.0,560,681,1241,0.0,-0.0008333472224535399,1.0000000000000013,0.0
71555,40.37067284454741,1.0,560,681,1241,0.0,-0.0008333472224535399,1.0000000000000013,0.0
71556,40.36983949732495,1.0,560,681,1241,0.0,-0.0008333472224535399,1.0000000000000013,0.0
71557,40.3690061501025,1.0,560,681,1241,0.0,-0.0008333472224535399,1.0000000000000013,0.0
71558,40.368172802880046,1.0,560,681,1241,0.0,-0.0008333472224535399,1.0000000000000013,0.0
71559,40.36733945565759,1.0,560,681,1241,0.0,-0.0008333472224535399,1.0000000000000013,0.0
71560,40.36650610843514,1.0,560,681,1241,0.0,-0.0008333472224535399,1.0000000000000013,0.0
71561,40.365672761212686,1.0,560,681,1241,0.0,-0.0008333472224535399,1.0000000000000013,0.0
71562,40.36483941399023,1.0,560,681,1241,0.0,-0.0008333472224535399,1.0000000000000013,0.0
71563,40.36400606676778,1.0,560,681,1241,0.0,-0.0008333472224535399,1.0000000000000013,0.0
71564,40.363172719545325,0.9991941982272361,560,681,1241,-0.0008058017727639033,-0.0008333472224535399,0.999919419822725,-8.058017727639034e-05
71565,40.36233937232287,0.9983883964544722,560,681,1241,-0.0008058017727639033,-0.0008333472224535399,0.9997582594681724,-0.00016116035455278067
71566,40.36150602510042,0.9991941982272361,560,681,1241,0.0008058017727639033,-0.0008333472224535399,0.999677679290896,-8.058017727639034e-05
71567,40.360672677877965,0.9991941982272361,560,681,1241,0.0,-0.0008333472224535399,0.9995970991136197,-8.058017727639034e-05
71568,40.35983933065551,1.0,560,681,1241,0.0008058017727639033,-0.0008333472224535399,0.9995970991136197,0.0
71569,40.35900598343306,1.0,560,681,1241,0.0,-0.0008333472224535399,0.9995970991136197,0.0
71570,40.358172636210604,0.9991941982272361,560,681,1241,-0.0008058017727639033,-0.0008333472224535399,0.9995165189363433,-8.058017727639034e-05
71571,40.35733928898815,0.9991941982272361,560,681,1241,0.0,-0.0008333472224535399,0.999435938759067,-8.058017727639034e-05
71572,40.3565059417657,0.9991941982272361,560,681,1241,0.0,-0.0008333472224535399,0.9993553585817907,-8.058017727639034e-05
71573,40.35567259454324,1.0,560,681,1241,0.0008058017727639033,-0.0008333472224535399,0.9993553585817907,0.0
71574,40.35483924732079,1.0,560,681,1241,0.0,-0.0008333472224535399,0.999435938759067,8.058017727639034e-05
71575,40.354005900098336,1.0,560,681,1241,0.0,-0.0008333472224535399,0.9995970991136197,0.00016116035455278067
71576,40.35317255287588,1.0,560,681,1241,0.0,-0.0008333472224535399,0.999677679290896,8.058017727639034e-05
71577,40.35233920565343,1.0,560,681,1241,0.0,-0.0008333472224535399,0.9997582594681724,8.058017727639034e-05
71578,40.351505858430976,1.0,560,681,1241,0.0,-0.0008333472224535399,0.9997582594681724,0.0
71579,40.35067251120852,1.0,560,681,1241,0.0,-0.0008333472224535399,0.9997582594681724,0.0
71580,40.34983916398607,1.0,560,681,1241,0.0,-0.0008333472224535399,0.9998388396454487,8.058017727639034e-05
71581,40.349005816763615,1.0,560,681,1241,0.0,-0.0008333472224535399,0.999919419822725,8.058017727639034e-05
71582,40.348172469541154,1.0,560,681,1241,0.0,-0.0008333472224606453,1.0000000000000013,8.058017727639034e-05
71583,40.3473391223187,1.0,560,681,1241,0.0,-0.0008333472224535399,1.0000000000000013,0.0
71584,40.34650577509625,1.0,560,681,1241,0.0,-0.0008333472224535399,1.0000000000000013,0.0
71585,40.345672427873794,0.9991941982272361,560,681,1241,-0.0008058017727639033,-0.0008333472224535399,0.999919419822725,-8.058017727639034e-05
71586,40.34483908065134,0.9991941982272361,560,681,1241,0.0,-0.0008333472224535399,0.9998388396454487,-8.058017727639034e-05
71587,40.34400573342889,0.9991941982272361,560,681,1241,0.0,-0.0008333472224535399,0.9997582594681724,-8.058017727639034e-05
71588,40.34317238620643,1.0,560,681,1241,0.0008058017727639033,-0.0008333472224535399,0.9997582594681724,0.0
71589,40.34233903898398,1.0,560,681,1241,0.0,-0.0008333472224535399,0.9997582594681724,0.0
71590,40.341505691761526,1.0,560,681,1241,0.0,-0.0008333472224535399,0.9997582594681724,0.0
71591,40.34067234453907,1.0,560,681,1241,0.0,-0.0008333472224535399,0.9997582594681724,0.0
71592,40.33983899731662,1.0,560,681,1241,0.0,-0.0008333472224535399,0.9997582594681724,0.0
71593,40.339005650094165,1.0,560,681,1241,0.0,-0.0008333472224535399,0.9997582594681724,0.0
71594,40.33817230287171,1.0,560,681,1241,0.0,-0.0008333472224535399,0.9997582594681724,0.0
71595,40.33733895564926,1.0,560,681,1241,0.0,-0.0008333472224535399,0.9998388396454487,8.058017727639034e-05
71596,40.336505608426805,1.0,560,681,1241,0.0,-0.0008333472224535399,0.999919419822725,8.058017727639034e-05
71597,40.33567226120435,0.9991941982272361,560,681,1241,-0.0008058017727639033,-0.0008333472224535399,0.999919419822725,0.0
71598,40.3348389139819,0.9991941982272361,560,681,1241,0.0,-0.0008333472224535399,0.9998388396454487,-8.058017727639034e-05
71599,40.334005566759444,0.9991941982272361,560,681,1241,0.0,-0.0008333472224535399,0.9997582594681724,-8.058017727639034e-05
71600,40.33317221953699,0.9991941982272361,560,681,1241,0.0,-0.0008333472224535399,0.999677679290896,-8.058017727639034e-05
71601,40.33233887231454,0.9991941982272361,560,681,1241,0.0,-0.0008333472224535399,0.9995970991136197,-8.058017727639034e-05
71602,40.33150552509208,0.9983883964544722,560,681,1241,-0.0008058017727639033,-0.0008333472224535399,0.999435938759067,-0.00016116035455278067
71603,40.33067217786963,0.9983883964544722,560,681,1241,0.0,-0.0008333472224535399,0.9992747784045143,-0.00016116035455278067
71604,40.32983883064718,0.9991941982272361,560,681,1241,0.0008058017727639033,-0.0008333472224535399,0.999194198227238,-8.058017727639034e-05
71605,40.32900548342472,0.9983883964544722,560,681,1241,-0.0008058017727639033,-0.0008333472224535399,0.9990330378726853,-0.00016116035455278067
71606,40.32817213620227,1.0,560,681,1241,0.0016116035455278066,-0.0008333472224535399,0.9990330378726853,0.0
71607,40.327338788979816,1.0,560,681,1241,0.0,-0.0008333472224535399,0.9991136180499616,8.058017727639034e-05
71608,40.32650544175736,1.0,560,681,1241,0.0,-0.0008333472224535399,0.999194198227238,8.058017727639034e-05
71609,40.32567209453491,1.0,560,681,1241,0.0,-0.0008333472224535399,0.9992747784045143,8.058017727639034e-05
71610,40.324838747312455,1.0,560,681,1241,0.0,-0.0008333472224535399,0.9993553585817907,8.058017727639034e-05
71611,40.32400540009,0.9991941982272361,560,681,1241,-0.0008058017727639033,-0.0008333472224535399,0.9993553585817907,0.0
71612,40.32317205286755,0.9991941982272361,560,681,1241,0.0,-0.0008333472224535399,0.999435938759067,8.058017727639034e-05
71613,40.322338705645095,0.9991941982272361,560,681,1241,0.0,-0.0008333472224535399,0.9995165189363433,8.058017727639034e-05
71614,40.32150535842264,1.0,560,681,1241,0.0008058017727639033,-0.0008333472224535399,0.9995970991136197,8.058017727639034e-05
71615,40.32067201120019,1.0,560,681,1241,0.0,-0.0008333472224535399,0.9997582594681724,0.00016116035455278067
71616,40.319838663977734,1.0,560,681,1241,0.0,-0.0008333472224535399,0.9997582594681724,0.0
71617,40.31900531675528,1.0,560,681,1241,0.0,-0.0008333472224535399,0.9997582594681724,0.0
71618,40.31817196953283,1.0,560,681,1241,0.0,-0.0008333472224535399,0.9997582594681724,0.0
71619,40.31733862231037,1.0,560,681,1241,0.0,-0.0008333472224535399,0.9997582594681724,0.0
71620,40.31650527508792,1.0,560,681,1241,0.0,-0.0008333472224535399,0.9997582594681724,0.0
71621,40.315671927865466,1.0,560,681,1241,0.0,-0.0008333472224535399,0.9998388396454487,8.058017727639034e-05
71622,40.31483858064301,1.0,560,681,1241,0.0,-0.0008333472224535399,0.999919419822725,8.058017727639034e-05
71623,40.31400523342056,1.0,560,681,1241,0.0,-0.0008333472224535399,1.0000000000000013,8.058017727639034e-05
71624,40.313171886198106,1.0,560,681,1241,0.0,-0.0008333472224535399,1.0000000000000013,0.0
71625,40.31233853897565,1.0,560,681,1241,0.0,-0.0008333472224535399,1.0000000000000013,0.0
71626,40.3115051917532,1.0,560,681,1241,0.0,-0.0008333472224535399,1.0000000000000013,0.0
71627,40.310671844530745,1.0,560,681,1241,0.0,-0.0008333472224535399,1.0000000000000013,0.0
71628,40.30983849730829,1.0,560,681,1241,0.0,-0.0008333472224535399,1.0000000000000013,0.0
71629,40.30900515008584,1.0,560,681,1241,0.0,-0.0008333472224535399,1.0000000000000013,0.0
71630,40.308171802863384,1.0,560,681,1241,0.0,-0.0008333472224535399,1.0000000000000013,0.0
71631,40.30733845564093,1.0,560,681,1241,0.0,-0.0008333472224535399,1.0000000000000013,0.0
71632,40.30650510841848,1.0,560,681,1241,0.0,-0.0008333472224535399,1.0000000000000013,0.0
71633,40.305671761196024,1.0,560,681,1241,0.0,-0.0008333472224535399,1.0000000000000013,0.0
71634,40.30483841397357,1.0,560,681,1241,0.0,-0.0008333472224535399,1.0000000000000013,0.0
71635,40.30400506675111,1.0,560,681,1241,0.0,-0.0008333472224606453,1.0000000000000013,0.0
71636,40.303171719528656,1.0,560,681,1241,0.0,-0.0008333472224535399,1.0000000000000013,0.0
71637,40.3023383723062,1.0,560,681,1241,0.0,-0.0008333472224535399,1.0000000000000013,0.0
71638,40.30150502508375,1.0,560,681,1241,0.0,-0.0008333472224535399,1.0000000000000013,0.0
71639,40.300671677861295,1.0,560,681,1241,0.0,-0.0008333472224535399,1.0000000000000013,0.0
71640,40.29983833063884,1.0,560,681,1241,0.0,-0.0008333472224535399,1.0000000000000013,0.0
71641,40.29900498341639,1.0,560,681,1241,0.0,-0.0008333472224535399,1.0000000000000013,0.0
71642,40.298171636193935,1.0,560,681,1241,0.0,-0.0008333472224535399,1.0000000000000013,0.0
71643,40.29733828897148,1.0,560,681,1241,0.0,-0.0008333472224535399,1.0000000000000013,0.0
71644,40.29650494174903,1.0,560,681,1241,0.0,-0.0008333472224535399,1.0000000000000013,0.0
71645,40.295671594526574,1.0,560,681,1241,0.0,-0.0008333472224535399,1.0000000000000013,0.0
71646,40.29483824730412,1.0,560,681,1241,0.0,-0.0008333472224535399,1.0000000000000013,0.0
71647,40.29400490008167,0.9991941982272361,560,681,1241,-0.0008058017727639033,-0.0008333472224535399,0.999919419822725,-8.058017727639034e-05
71648,40.293171552859214,0.9991941982272361,560,681,1241,0.0,-0.0008333472224535399,0.9998388396454487,-8.058017727639034e-05
71649,40.29233820563676,0.9991941982272361,560,681,1241,0.0,-0.0008333472224535399,0.9997582594681724,-8.058017727639034e-05
71650,40.29150485841431,0.9991941982272361,560,681,1241,0.0,-0.0008333472224535399,0.999677679290896,-8.058017727639034e-05
71651,40.29067151119185,0.9991941982272361,560,681,1241,0.0,-0.0008333472224535399,0.9995970991136197,-8.058017727639034e-05
71652,40.2898381639694,0.9991941982272361,560,681,1241,0.0,-0.0008333472224535399,0.9995165189363433,-8.058017727639034e-05
71653,40.289004816746946,0.9991941982272361,560,681,1241,0.0,-0.0008333472224535399,0.999435938759067,-8.058017727639034e-05
71654,40.28817146952449,0.9991941982272361,560,681,1241,0.0,-0.0008333472224535399,0.9993553585817907,-8.058017727639034e-05
71655,40.28733812230204,0.9991941982272361,560,681,1241,0.0,-0.0008333472224535399,0.9992747784045143,-8.058017727639034e-05
71656,40.286504775079585,0.9991941982272361,560,681,1241,0.0,-0.0008333472224535399,0.999194198227238,-8.058017727639034e-05
71657,40.28567142785713,0.9991941982272361,560,681,1241,0.0,-0.0008333472224535399,0.999194198227238,0.0
71658,40.28483808063468,1.0,560,681,1241,0.0008058017727639033,-0.0008333472224535399,0.9992747784045143,8.058017727639034e-05
71659,40.284004733412225,1.0,560,681,1241,0.0,-0.0008333472224535399,0.9993553585817907,8.058017727639034e-05
71660,40.28317138618977,1.0,560,681,1241,0.0,-0.0008333472224535399,0.999435938759067,8.058017727639034e-05
71661,40.28233803896732,1.0,560,681,1241,0.0,-0.0008333472224535399,0.9995165189363433,8.058017727639034e-05
71662,40.281504691744864,1.0,560,681,1241,0.0,-0.0008333472224535399,0.9995970991136197,8.058017727639034e-05
71663,40.28067134452241,1.0,560,681,1241,0.0,-0.0008333472224535399,0.999677679290896,8.058017727639034e-05
71664,40.27983799729996,1.0,560,681,1241,0.0,-0.0008333472224535399,0.9997582594681724,8.058017727639034e-05
71665,40.2790046500775,1.0,560,681,1241,0.0,-0.0008333472224535399,0.9998388396454487,8.058017727639034e-05
71666,40.27817130285504,1.0,560,681,1241,0.0,-0.0008333472224606453,0.999919419822725,8.058017727639034e-05
71667,40.27733795563259,1.0,560,681,1241,0.0,-0.0008333472224535399,1.0000000000000013,8.058017727639034e-05
71668,40.276504608410136,1.0,560,681,1241,0.0,-0.0008333472224535399,1.0000000000000013,0.0
71669,40.27567126118768,1.0,560,681,1241,0.0,-0.0008333472224535399,1.0000000000000013,0.0
71670,40.27483791396523,1.0,560,681,1241,0.0,-0.0008333472224535399,1.0000000000000013,0.0
71671,40.274004566742775,1.0,560,681,1241,0.0,-0.0008333472224535399,1.0000000000000013,0.0
71672,40.27317121952032,1.0,560,681,1241,0.0,-0.0008333472224535399,1.0000000000000013,0.0
71673,40.27233787229787,1.0,560,681,1241,0.0,-0.0008333472224535399,1.0000000000000013,0.0
71674,40.271504525075414,1.0,560,681,1241,0.0,-0.0008333472224535399,1.0000000000000013,0.0
71675,40.27067117785296,1.0,560,681,1241,0.0,-0.0008333472224535399,1.0000000000000013,0.0
71676,40.26983783063051,1.0,560,681,1241,0.0,-0.0008333472224535399,1.0000000000000013,0.0
71677,40.269004483408054,1.0,560,681,1241,0.0,-0.0008333472224535399,1.0000000000000013,0.0
71678,40.2681711361856,0.9991941982272361,560,681,1241,-0.0008058017727639033,-0.0008333472224535399,0.999919419822725,-8.058017727639034e-05
71679,40.26733778896315,1.0,560,681,1241,0.0008058017727639033,-0.0008333472224535399,0.999919419822725,0.0
71680,40.26650444174069,1.0,560,681,1241,0.0,-0.0008333472224535399,0.999919419822725,0.0
71681,40.26567109451824,1.0,560,681,1241,0.0,-0.0008333472224535399,0.999919419822725,0.0
71682,40.264837747295786,1.0,560,681,1241,0.0,-0.0008333472224535399,0.999919419822725,0.0
71683,40.26400440007333,1.0,560,681,1241,0.0,-0.0008333472224535399,0.999919419822725,0.0
71684,40.26317105285088,1.0,560,681,1241,0.0,-0.0008333472224535399,0.999919419822725,0.0
71685,40.262337705628426,1.0,560,681,1241,0.0,-0.0008333472224535399,0.999919419822725,0.0
71686,40.26150435840597,1.0,560,681,1241,0.0,-0.0008333472224535399,0.999919419822725,0.0
71687,40.26067101118352,1.0,560,681,1241,0.0,-0.0008333472224535399,0.999919419822725,0.0
71688,40.259837663961065,1.0,560,681,1241,0.0,-0.0008333472224535399,1.0000000000000013,8.058017727639034e-05
71689,40.25900431673861,1.0,560,681,1241,0.0,-0.0008333472224535399,1.0000000000000013,0.0
71690,40.25817096951616,1.0,560,681,1241,0.0,-0.0008333472224535399,1.0000000000000013,0.0
71691,40.257337622293704,1.0,560,681,1241,0.0,-0.0008333472224535399,1.0000000000000013,0.0
71692,40.25650427507125,1.0,560,681,1241,0.0,-0.0008333472224535399,1.0000000000000013,0.0
71693,40.2556709278488,1.0,560,681,1241,0.0,-0.0008333472224535399,1.0000000000000013,0.0
71694,40.254837580626344,1.0,560,681,1241,0.0,-0.0008333472224535399,1.0000000000000013,0.0
71695,40.25400423340389,1.0,560,681,1241,0.0,-0.0008333472224535399,1.0000000000000013,0.0
71696,40.25317088618144,1.0,560,681,1241,0.0,-0.0008333472224535399,1.0000000000000013,0.0
71697,40.25233753895898,1.0,560,681,1241,0.0,-0.0008333472224535399,1.0000000000000013,0.0
71698,40.25150419173653,1.0,560,681,1241,0.0,-0.0008333472224535399,1.0000000000000013,0.0
71699,40.250670844514076,1.0,560,681,1241,0.0,-0.0008333472224535399,1.0000000000000013,0.0
71700,40.24983749729162,1.0,560,681,1241,0.0,-0.0008333472224535399,1.0000000000000013,0.0
71701,40.24900415006917,1.0,560,681,1241,0.0,-0.0008333472224535399,1.0000000000000013,0.0
71702,40.248170802846715,1.0,560,681,1241,0.0,-0.0008333472224535399,1.0000000000000013,0.0
71703,40.24733745562426,1.0,560,681,1241,0.0,-0.0008333472224535399,1.0000000000000013,0.0
71704,40.24650410840181,1.0,560,681,1241,0.0,-0.0008333472224535399,1.0000000000000013,0.0
71705,40.245670761179355,0.9991941982272361,560,681,1241,-0.0008058017727639033,-0.0008333472224535399,0.999919419822725,-8.058017727639034e-05
71706,40.2448374139569,0.9991941982272361,560,681,1241,0.0,-0.0008333472224535399,0.9998388396454487,-8.058017727639034e-05
71707,40.24400406673445,0.9991941982272361,560,681,1241,0.0,-0.0008333472224535399,0.9997582594681724,-8.058017727639034e-05
71708,40.243170719511994,1.0,560,681,1241,0.0008058017727639033,-0.0008333472224535399,0.9997582594681724,0.0
71709,40.24233737228954,1.0,560,681,1241,0.0,-0.0008333472224535399,0.9997582594681724,0.0
71710,40.24150402506709,1.0,560,681,1241,0.0,-0.0008333472224535399,0.9997582594681724,0.0
71711,40.24067067784463,1.0,560,681,1241,0.0,-0.0008333472224535399,0.9997582594681724,0.0
71712,40.23983733062218,1.0,560,681,1241,0.0,-0.0008333472224535399,0.9997582594681724,0.0
71713,40.239003983399726,1.0,560,681,1241,0.0,-0.0008333472224535399,0.9997582594681724,0.0
71714,40.23817063617727,1.0,560,681,1241,0.0,-0.0008333472224535399,0.9997582594681724,0.0
71715,40.23733728895482,1.0,560,681,1241,0.0,-0.0008333472224535399,0.9998388396454487,8.058017727639034e-05
71716,40.236503941732366,1.0,560,681,1241,0.0,-0.0008333472224535399,0.999919419822725,8.058017727639034e-05
71717,40.23567059450991,1.0,560,681,1241,0.0,-0.0008333472224535399,1.0000000000000013,8.058017727639034e-05
71718,40.23483724728746,1.0,560,681,1241,0.0,-0.0008333472224535399,1.0000000000000013,0.0
71719,40.234003900065,1.0,560,681,1241,0.0,-0.0008333472224606453,1.0000000000000013,0.0
71720,40.233170552842545,1.0,560,681,1241,0.0,-0.0008333472224535399,1.0000000000000013,0.0
71721,40.23233720562009,1.0,560,681,1241,0.0,-0.0008333472224535399,1.0000000000000013,0.0
71722,40.23150385839764,1.0,560,681,1241,0.0,-0.0008333472224535399,1.0000000000000013,0.0
71723,40.230670511175184,1.0,560,681,1241,0.0,-0.0008333472224535399,1.0000000000000013,0.0
71724,40.22983716395273,1.0,560,681,1241,0.0,-0.0008333472224535399,1.0000000000000013,0.0
71725,40.22900381673028,1.0,560,681,1241,0.0,-0.0008333472224535399,1.0000000000000013,0.0
71726,40.22817046950782,1.0,560,681,1241,0.0,-0.0008333472224535399,1.0000000000000013,0.0
71727,40.22733712228537,1.0,560,681,1241,0.0,-0.0008333472224535399,1.0000000000000013,0.0
71728,40.226503775062916,1.0,560,681,1241,0.0,-0.0008333472224535399,1.0000000000000013,0.0
71729,40.22567042784046,1.0,560,681,1241,0.0,-0.0008333472224535399,1.0000000000000013,0.0
71730,40.22483708061801,1.0,560,681,1241,0.0,-0.0008333472224535399,1.0000000000000013,0.0
71731,40.224003733395556,1.0,560,681,1241,0.0,-0.0008333472224535399,1.0000000000000013,0.0
71732,40.2231703861731,1.0,560,681,1241,0.0,-0.0008333472224535399,1.0000000000000013,0.0
71733,40.22233703895065,1.0,560,681,1241,0.0,-0.0008333472224535399,1.0000000000000013,0.0
71734,40.221503691728195,1.0,560,681,1241,0.0,-0.0008333472224535399,1.0000000000000013,0.0
71735,40.22067034450574,1.0,560,681,1241,0.0,-0.0008333472224535399,1.0000000000000013,0.0
71736,40.21983699728329,1.0,560,681,1241,0.0,-0.0008333472224535399,1.0000000000000013,0.0
71737,40.219003650060834,1.0,560,681,1241,0.0,-0.0008333472224535399,1.0000000000000013,0.0
71738,40.21817030283838,1.0,560,681,1241,0.0,-0.0008333472224535399,1.0000000000000013,0.0
71739,40.21733695561593,1.0,560,681,1241,0.0,-0.0008333472224535399,1.0000000000000013,0.0
71740,40.216503608393474,1.0,560,681,1241,0.0,-0.0008333472224535399,1.0000000000000013,0.0
71741,40.21567026117102,1.0,560,681,1241,0.0,-0.0008333472224535399,1.0000000000000013,0.0
71742,40.21483691394857,1.0,560,681,1241,0.0,-0.0008333472224535399,1.0000000000000013,0.0
71743,40.21400356672611,1.0,560,681,1241,0.0,-0.0008333472224535399,1.0000000000000013,0.0
71744,40.21317021950366,1.0,560,681,1241,0.0,-0.0008333472224535399,1.0000000000000013,0.0
71745,40.212336872281206,1.0,560,681,1241,0.0,-0.0008333472224535399,1.0000000000000013,0.0
71746,40.21150352505875,1.0,560,681,1241,0.0,-0.0008333472224535399,1.0000000000000013,0.0
71747,40.2106701778363,1.0,560,681,1241,0.0,-0.0008333472224535399,1.0000000000000013,0.0
71748,40.209836830613845,1.0,560,681,1241,0.0,-0.0008333472224535399,1.0000000000000013,0.0
71749,40.20900348339139,1.0,560,681,1241,0.0,-0.0008333472224535399,1.0000000000000013,0.0
71750,40.20817013616894,1.0,560,681,1241,0.0,-0.0008333472224535399,1.0000000000000013,0.0
71751,40.20733678894648,1.0,560,681,1241,0.0,-0.0008333472224606453,1.0000000000000013,0.0
71752,40.206503441724024,1.0,560,681,1241,0.0,-0.0008333472224535399,1.0000000000000013,0.0
71753,40.20567009450157,1.0,560,681,1241,0.0,-0.0008333472224535399,1.0000000000000013,0.0
71754,40.20483674727912,1.0,560,681,1241,0.0,-0.0008333472224535399,1.0000000000000013,0.0
71755,40.20400340005666,1.0,560,681,1241,0.0,-0.0008333472224535399,1.0000000000000013,0.0
71756,40.20317005283421,1.0,560,681,1241,0.0,-0.0008333472224535399,1.0000000000000013,0.0
71757,40.202336705611756,1.0,560,681,1241,0.0,-0.0008333472224535399,1.0000000000000013,0.0
71758,40.2015033583893,1.0,560,681,1241,0.0,-0.0008333472224535399,1.0000000000000013,0.0
71759,40.20067001116685,1.0,560,681,1241,0.0,-0.0008333472224535399,1.0000000000000013,0.0
71760,40.199836663944396,1.0,560,681,1241,0.0,-0.0008333472224535399,1.0000000000000013,0.0
71761,40.19900331672194,1.0,560,681,1241,0.0,-0.0008333472224535399,1.0000000000000013,0.0
71762,40.19816996949949,1.0,560,681,1241,0.0,-0.0008333472224535399,1.0000000000000013,0.0
71763,40.197336622277035,1.0,560,681,1241,0.0,-0.0008333472224535399,1.0000000000000013,0.0
71764,40.19650327505458,1.0,560,681,1241,0.0,-0.0008333472224535399,1.0000000000000013,0.0
71765,40.19566992783213,1.0,560,681,1241,0.0,-0.0008333472224535399,1.0000000000000013,0.0
71766,40.194836580609675,0.9991941982272361,560,681,1241,-0.0008058017727639033,-0.0008333472224535399,0.999919419822725,-8.058017727639034e-05
71767,40.19400323338722,0.9991941982272361,560,681,1241,0.0,-0.0008333472224535399,0.9998388396454487,-8.058017727639034e-05
71768,40.19316988616477,1.0,560,681,1241,0.0008058017727639033,-0.0008333472224535399,0.9998388396454487,0.0
71769,40.192336538942314,1.0,560,681,1241,0.0,-0.0008333472224535399,0.9998388396454487,0.0
71770,40.19150319171986,1.0,560,681,1241,0.0,-0.0008333472224535399,0.9998388396454487,0.0
71771,40.19066984449741,1.0,560,681,1241,0.0,-0.0008333472224535399,0.9998388396454487,0.0
71772,40.18983649727495,1.0,560,681,1241,0.0,-0.0008333472224535399,0.9998388396454487,0.0
71773,40.1890031500525,1.0,560,681,1241,0.0,-0.0008333472224535399,0.9998388396454487,0.0
71774,40.188169802830046,1.0,560,681,1241,0.0,-0.0008333472224535399,0.9998388396454487,0.0
71775,40.18733645560759,1.0,560,681,1241,0.0,-0.0008333472224535399,0.9998388396454487,0.0
71776,40.18650310838514,1.0,560,681,1241,0.0,-0.0008333472224535399,0.999919419822725,8.058017727639034e-05
71777,40.185669761162686,1.0,560,681,1241,0.0,-0.0008333472224535399,1.0000000000000013,8.058017727639034e-05
71778,40.18483641394023,1.0,560,681,1241,0.0,-0.0008333472224535399,1.0000000000000013,0.0
71779,40.18400306671778,1.0,560,681,1241,0.0,-0.0008333472224535399,1.0000000000000013,0.0
71780,40.183169719495325,1.0,560,681,1241,0.0,-0.0008333472224535399,1.0000000000000013,0.0
71781,40.18233637227287,1.0,560,681,1241,0.0,-0.0008333472224535399,1.0000000000000013,0.0
71782,40.18150302505042,1.0,560,681,1241,0.0,-0.0008333472224535399,1.0000000000000013,0.0
71783,40.180669677827964,0.9991941982272361,560,681,1241,-0.0008058017727639033,-0.0008333472224535399,0.999919419822725,-8.058017727639034e-05
71784,40.17983633060551,1.0,560,681,1241,0.0008058017727639033,-0.0008333472224535399,0.999919419822725,0.0
71785,40.17900298338306,1.0,560,681,1241,0.0,-0.0008333472224535399,0.999919419822725,0.0
71786,40.178169636160604,1.0,560,681,1241,0.0,-0.0008333472224535399,0.999919419822725,0.0
71787,40.17733628893815,1.0,560,681,1241,0.0,-0.0008333472224535399,0.999919419822725,0.0
71788,40.1765029417157,1.0,560,681,1241,0.0,-0.0008333472224535399,0.999919419822725,0.0
71789,40.17566959449324,1.0,560,681,1241,0.0,-0.0008333472224535399,0.999919419822725,0.0
71790,40.17483624727079,1.0,560,681,1241,0.0,-0.0008333472224535399,0.999919419822725,0.0
71791,40.174002900048336,1.0,560,681,1241,0.0,-0.0008333472224535399,0.999919419822725,0.0
71792,40.17316955282588,1.0,560,681,1241,0.0,-0.0008333472224535399,0.999919419822725,0.0
71793,40.17233620560343,1.0,560,681,1241,0.0,-0.0008333472224535399,1.0000000000000013,8.058017727639034e-05
71794,40.171502858380975,1.0,560,681,1241,0.0,-0.0008333472224535399,1.0000000000000013,0.0
71795,40.17066951115852,1.0,560,681,1241,0.0,-0.0008333472224535399,1.0000000000000013,0.0
71796,40.16983616393607,1.0,560,681,1241,0.0,-0.0008333472224535399,1.0000000000000013,0.0
71797,40.169002816713615,1.0,560,681,1241,0.0,-0.0008333472224535399,1.0000000000000013,0.0
71798,40.16816946949116,1.0,560,681,1241,0.0,-0.0008333472224535399,1.0000000000000013,0.0
71799,40.16733612226871,1.0,560,681,1241,0.0,-0.0008333472224535399,1.0000000000000013,0.0
71800,40.166502775046254,1.0,560,681,1241,0.0,-0.0008333472224535399,1.0000000000000013,0.0
71801,40.1656694278238,1.0,560,681,1241,0.0,-0.0008333472224535399,1.0000000000000013,0.0
71802,40.16483608060135,1.0,560,681,1241,0.0,-0.0008333472224535399,1.0000000000000013,0.0
71803,40.164002733378894,1.0,560,681,1241,0.0,-0.0008333472224535399,1.0000000000000013,0.0
71804,40.16316938615643,1.0,560,681,1241,0.0,-0.0008333472224606453,1.0000000000000013,0.0
71805,40.16233603893398,1.0,560,681,1241,0.0,-0.0008333472224535399,1.0000000000000013,0.0
71806,40.161502691711526,1.0,560,681,1241,0.0,-0.0008333472224535399,1.0000000000000013,0.0
71807,40.16066934448907,1.0,560,681,1241,0.0,-0.0008333472224535399,1.0000000000000013,0.0
71808,40.15983599726662,1.0,560,681,1241,0.0,-0.0008333472224535399,1.0000000000000013,0.0
71809,40.159002650044165,1.0,560,681,1241,0.0,-0.0008333472224535399,1.0000000000000013,0.0
71810,40.15816930282171,1.0,560,681,1241,0.0,-0.0008333472224535399,1.0000000000000013,0.0
71811,40.15733595559926,1.0,560,681,1241,0.0,-0.0008333472224535399,1.0000000000000013,0.0
71812,40.156502608376805,1.0,560,681,1241,0.0,-0.0008333472224535399,1.0000000000000013,0.0
71813,40.15566926115435,1.0,560,681,1241,0.0,-0.0008333472224535399,1.0000000000000013,0.0
71814,40.1548359139319,1.0,560,681,1241,0.0,-0.0008333472224535399,1.0000000000000013,0.0
71815,40.154002566709444,1.0,560,681,1241,0.0,-0.0008333472224535399,1.0000000000000013,0.0
71816,40.15316921948699,1.0,560,681,1241,0.0,-0.0008333472224535399,1.0000000000000013,0.0
71817,40.15233587226454,1.0,560,681,1241,0.0,-0.0008333472224535399,1.0000000000000013,0.0
71818,40.15150252504208,1.0,560,681,1241,0.0,-0.0008333472224535399,1.0000000000000013,0.0
71819,40.15066917781963,1.0,560,681,1241,0.0,-0.0008333472224535399,1.0000000000000013,0.0
71820,40.149835830597176,1.0,560,681,1241,0.0,-0.0008333472224535399,1.0000000000000013,0.0
71821,40.14900248337472,1.0,560,681,1241,0.0,-0.0008333472224535399,1.0000000000000013,0.0
71822,40.14816913615227,1.0,560,681,1241,0.0,-0.0008333472224535399,1.0000000000000013,0.0
71823,40.147335788929816,0.9991941982272361,560,681,1241,-0.0008058017727639033,-0.0008333472224535399,0.999919419822725,-8.058017727639034e-05
71824,40.14650244170736,0.9991941982272361,560,681,1241,0.0,-0.0008333472224535399,0.9998388396454487,-8.058017727639034e-05
71825,40.14566909448491,0.9991941982272361,560,681,1241,0.0,-0.0008333472224535399,0.9997582594681724,-8.058017727639034e-05
71826,40.144835747262455,0.9991941982272361,560,681,1241,0.0,-0.0008333472224535399,0.999677679290896,-8.058017727639034e-05
71827,40.14400240004,0.9991941982272361,560,681,1241,0.0,-0.0008333472224535399,0.9995970991136197,-8.058017727639034e-05
71828,40.14316905281755,0.9991941982272361,560,681,1241,0.0,-0.0008333472224535399,0.9995165189363433,-8.058017727639034e-05
71829,40.142335705595094,0.9991941982272361,560,681,1241,0.0,-0.0008333472224535399,0.999435938759067,-8.058017727639034e-05
71830,40.14150235837264,1.0,560,681,1241,0.0008058017727639033,-0.0008333472224535399,0.999435938759067,0.0
71831,40.14066901115019,1.0,560,681,1241,0.0,-0.0008333472224535399,0.999435938759067,0.0
71832,40.139835663927734,1.0,560,681,1241,0.0,-0.0008333472224535399,0.999435938759067,0.0
71833,40.13900231670528,1.0,560,681,1241,0.0,-0.0008333472224535399,0.9995165189363433,8.058017727639034e-05
71834,40.13816896948283,1.0,560,681,1241,0.0,-0.0008333472224535399,0.9995970991136197,8.058017727639034e-05
71835,40.13733562226037,1.0,560,681,1241,0.0,-0.0008333472224535399,0.999677679290896,8.058017727639034e-05
71836,40.13650227503791,1.0,560,681,1241,0.0,-0.0008333472224606453,0.9997582594681724,8.058017727639034e-05
71837,40.13566892781546,1.0,560,681,1241,0.0,-0.0008333472224535399,0.9998388396454487,8.058017727639034e-05
71838,40.134835580593005,1.0,560,681,1241,0.0,-0.0008333472224535399,0.999919419822725,8.058017727639034e-05
71839,40.13400223337055,1.0,560,681,1241,0.0,-0.0008333472224535399,1.0000000000000013,8.058017727639034e-05
71840,40.1331688861481,1.0,560,681,1241,0.0,-0.0008333472224535399,1.0000000000000013,0.0
71841,40.132335538925645,1.0,560,681,1241,0.0,-0.0008333472224535399,1.0000000000000013,0.0
71842,40.13150219170319,1.0,560,681,1241,0.0,-0.0008333472224535399,1.0000000000000013,0.0
71843,40.13066884448074,1.0,560,681,1241,0.0,-0.0008333472224535399,1.0000000000000013,0.0
71844,40.129835497258284,1.0,560,681,1241,0.0,-0.0008333472224535399,1.0000000000000013,0.0
71845,40.12900215003583,1.0,560,681,1241,0.0,-0.0008333472224535399,1.0000000000000013,0.0
71846,40.12816880281338,1.0,560,681,1241,0.0,-0.0008333472224535399,1.0000000000000013,0.0
71847,40.127335455590924,0.9991941982272361,560,681,1241,-0.0008058017727639033,-0.0008333472224535399,0.999919419822725,-8.058017727639034e-05
71848,40.12650210836847,1.0,560,681,1241,0.0008058017727639033,-0.0008333472224535399,0.999919419822725,0.0
71849,40.12566876114602,1.0,560,681,1241,0.0,-0.0008333472224535399,0.999919419822725,0.0
71850,40.12483541392356,1.0,560,681,1241,0.0,-0.0008333472224535399,0.999919419822725,0.0
71851,40.12400206670111,1.0,560,681,1241,0.0,-0.0008333472224535399,0.999919419822725,0.0
71852,40.123168719478656,1.0,560,681,1241,0.0,-0.0008333472224535399,0.999919419822725,0.0
71853,40.1223353722562,1.0,560,681,1241,0.0,-0.0008333472224535399,0.999919419822725,0.0
71854,40.12150202503375,1.0,560,681,1241,0.0,-0.0008333472224535399,0.999919419822725,0.0
71855,40.120668677811295,1.0,560,681,1241,0.0,-0.0008333472224535399,0.999919419822725,0.0
71856,40.11983533058884,1.0,560,681,1241,0.0,-0.0008333472224535399,0.999919419822725,0.0
71857,40.11900198336639,0.9991941982272361,560,681,1241,-0.0008058017727639033,-0.0008333472224535399,0.999919419822725,0.0
71858,40.118168636143935,0.9991941982272361,560,681,1241,0.0,-0.0008333472224535399,0.9998388396454487,-8.058017727639034e-05
71859,40.11733528892148,0.9991941982272361,560,681,1241,0.0,-0.0008333472224535399,0.9997582594681724,-8.058017727639034e-05
71860,40.11650194169903,0.9991941982272361,560,681,1241,0.0,-0.0008333472224535399,0.999677679290896,-8.058017727639034e-05
71861,40.115668594476574,1.0,560,681,1241,0.0008058017727639033,-0.0008333472224535399,0.999677679290896,0.0
71862,40.11483524725412,1.0,560,681,1241,0.0,-0.0008333472224535399,0.999677679290896,0.0
71863,40.11400190003167,1.0,560,681,1241,0.0,-0.0008333472224535399,0.999677679290896,0.0
71864,40.11316855280921,1.0,560,681,1241,0.0,-0.0008333472224535399,0.999677679290896,0.0
71865,40.11233520558676,1.0,560,681,1241,0.0,-0.0008333472224535399,0.999677679290896,0.0
71866,40.111501858364306,1.0,560,681,1241,0.0,-0.0008333472224535399,0.999677679290896,0.0
71867,40.11066851114185,1.0,560,681,1241,0.0,-0.0008333472224535399,0.9997582594681724,8.058017727639034e-05
71868,40.1098351639194,1.0,560,681,1241,0.0,-0.0008333472224535399,0.9998388396454487,8.058017727639034e-05
71869,40.109001816696946,1.0,560,681,1241,0.0,-0.0008333472224535399,0.999919419822725,8.058017727639034e-05
71870,40.10816846947449,1.0,560,681,1241,0.0,-0.0008333472224535399,1.0000000000000013,8.058017727639034e-05
71871,40.10733512225204,1.0,560,681,1241,0.0,-0.0008333472224535399,1.0000000000000013,0.0
71872,40.106501775029585,1.0,560,681,1241,0.0,-0.0008333472224535399,1.0000000000000013,0.0
71873,40.10566842780713,1.0,560,681,1241,0.0,-0.0008333472224535399,1.0000000000000013,0.0
71874,40.10483508058468,1.0,560,681,1241,0.0,-0.0008333472224535399,1.0000000000000013,0.0
71875,40.104001733362225,1.0,560,681,1241,0.0,-0.0008333472224535399,1.0000000000000013,0.0
71876,40.10316838613977,1.0,560,681,1241,0.0,-0.0008333472224535399,1.0000000000000013,0.0
71877,40.10233503891732,1.0,560,681,1241,0.0,-0.0008333472224535399,1.0000000000000013,0.0
71878,40.101501691694864,1.0,560,681,1241,0.0,-0.0008333472224535399,1.0000000000000013,0.0
71879,40.10066834447241,1.0,560,681,1241,0.0,-0.0008333472224535399,1.0000000000000013,0.0
71880,40.09983499724996,0.9991941982272361,560,681,1241,-0.0008058017727639033,-0.0008333472224535399,0.999919419822725,-8.058017727639034e-05
71881,40.0990016500275,0.9991941982272361,560,681,1241,0.0,-0.0008333472224535399,0.9998388396454487,-8.058017727639034e-05
71882,40.09816830280505,0.9991941982272361,560,681,1241,0.0,-0.0008333472224535399,0.9997582594681724,-8.058017727639034e-05
71883,40.097334955582596,1.0,560,681,1241,0.0008058017727639033,-0.0008333472224535399,0.9997582594681724,0.0
71884,40.09650160836014,1.0,560,681,1241,0.0,-0.0008333472224535399,0.9997582594681724,0.0
71885,40.09566826113769,1.0,560,681,1241,0.0,-0.0008333472224535399,0.9997582594681724,0.0
71886,40.094834913915236,1.0,560,681,1241,0.0,-0.0008333472224535399,0.9997582594681724,0.0
71887,40.09400156669278,1.0,560,681,1241,0.0,-0.0008333472224535399,0.9997582594681724,0.0
71888,40.09316821947033,1.0,560,681,1241,0.0,-0.0008333472224535399,0.9997582594681724,0.0
71889,40.09233487224787,1.0,560,681,1241,0.0,-0.0008333472224606453,0.9997582594681724,0.0
71890,40.091501525025414,1.0,560,681,1241,0.0,-0.0008333472224535399,0.9998388396454487,8.058017727639034e-05
71891,40.09066817780296,1.0,560,681,1241,0.0,-0.0008333472224535399,0.999919419822725,8.058017727639034e-05
71892,40.08983483058051,1.0,560,681,1241,0.0,-0.0008333472224535399,1.0000000000000013,8.058017727639034e-05
71893,40.089001483358054,1.0,560,681,1241,0.0,-0.0008333472224535399,1.0000000000000013,0.0
71894,40.0881681361356,1.0,560,681,1241,0.0,-0.0008333472224535399,1.0000000000000013,0.0
71895,40.08733478891315,1.0,560,681,1241,0.0,-0.0008333472224535399,1.0000000000000013,0.0
71896,40.08650144169069,1.0,560,681,1241,0.0,-0.0008333472224535399,1.0000000000000013,0.0
71897,40.08566809446824,1.0,560,681,1241,0.0,-0.0008333472224535399,1.0000000000000013,0.0
71898,40.084834747245786,1.0,560,681,1241,0.0,-0.0008333472224535399,1.0000000000000013,0.0
71899,40.08400140002333,1.0,560,681,1241,0.0,-0.0008333472224535399,1.0000000000000013,0.0
71900,40.08316805280088,1.0,560,681,1241,0.0,-0.0008333472224535399,1.0000000000000013,0.0
71901,40.082334705578425,1.0,560,681,1241,0.0,-0.0008333472224535399,1.0000000000000013,0.0
71902,40.08150135835597,1.0,560,681,1241,0.0,-0.0008333472224535399,1.0000000000000013,0.0
71903,40.08066801113352,1.0,560,681,1241,0.0,-0.0008333472224535399,1.0000000000000013,0.0
71904,40.079834663911065,0.9991941982272361,560,681,1241,-0.0008058017727639033,-0.0008333472224535399,0.999919419822725,-8.058017727639034e-05
71905,40.07900131668861,0.9991941982272361,560,681,1241,0.0,-0.0008333472224535399,0.9998388396454487,-8.058017727639034e-05
71906,40.07816796946616,1.0,560,681,1241,0.0008058017727639033,-0.0008333472224535399,0.9998388396454487,0.0
71907,40.077334622243704,1.0,560,681,1241,0.0,-0.0008333472224535399,0.9998388396454487,0.0
71908,40.07650127502125,1.0,560,681,1241,0.0,-0.0008333472224535399,0.9998388396454487,0.0
71909,40.0756679277988,1.0,560,681,1241,0.0,-0.0008333472224535399,0.9998388396454487,0.0
71910,40.07483458057634,0.9991941982272361,560,681,1241,-0.0008058017727639033,-0.0008333472224535399,0.9997582594681724,-8.058017727639034e-05
71911,40.07400123335389,1.0,560,681,1241,0.0008058017727639033,-0.0008333472224535399,0.9997582594681724,0.0
71912,40.073167886131436,1.0,560,681,1241,0.0,-0.0008333472224535399,0.9997582594681724,0.0
71913,40.07233453890898,1.0,560,681,1241,0.0,-0.0008333472224535399,0.9997582594681724,0.0
71914,40.07150119168653,1.0,560,681,1241,0.0,-0.0008333472224535399,0.9998388396454487,8.058017727639034e-05
71915,40.070667844464076,1.0,560,681,1241,0.0,-0.0008333472224535399,0.999919419822725,8.058017727639034e-05
71916,40.06983449724162,1.0,560,681,1241,0.0,-0.0008333472224535399,0.999919419822725,0.0
71917,40.06900115001917,1.0,560,681,1241,0.0,-0.0008333472224535399,0.999919419822725,0.0
71918,40.068167802796715,1.0,560,681,1241,0.0,-0.0008333472224535399,0.999919419822725,0.0
71919,40.06733445557426,1.0,560,681,1241,0.0,-0.0008333472224535399,0.999919419822725,0.0
71920,40.0665011083518,1.0,560,681,1241,0.0,-0.0008333472224606453,1.0000000000000013,8.058017727639034e-05
71921,40.06566776112935,1.0,560,681,1241,0.0,-0.0008333472224535399,1.0000000000000013,0.0
71922,40.064834413906894,1.0,560,681,1241,0.0,-0.0008333472224535399,1.0000000000000013,0.0
71923,40.06400106668444,1.0,560,681,1241,0.0,-0.0008333472224535399,1.0000000000000013,0.0
71924,40.06316771946199,1.0,560,681,1241,0.0,-0.0008333472224535399,1.0000000000000013,0.0
71925,40.06233437223953,1.0,560,681,1241,0.0,-0.0008333472224535399,1.0000000000000013,0.0
71926,40.06150102501708,1.0,560,681,1241,0.0,-0.0008333472224535399,1.0000000000000013,0.0
71927,40.060667677794626,1.0,560,681,1241,0.0,-0.0008333472224535399,1.0000000000000013,0.0
71928,40.05983433057217,1.0,560,681,1241,0.0,-0.0008333472224535399,1.0000000000000013,0.0
71929,40.05900098334972,1.0,560,681,1241,0.0,-0.0008333472224535399,1.0000000000000013,0.0
71930,40.058167636127266,1.0,560,681,1241,0.0,-0.0008333472224535399,1.0000000000000013,0.0
71931,40.05733428890481,1.0,560,681,1241,0.0,-0.0008333472224535399,1.0000000000000013,0.0
71932,40.05650094168236,1.0,560,681,1241,0.0,-0.0008333472224535399,1.0000000000000013,0.0
71933,40.055667594459905,1.0,560,681,1241,0.0,-0.0008333472224535399,1.0000000000000013,0.0
71934,40.05483424723745,1.0,560,681,1241,0.0,-0.0008333472224535399,1.0000000000000013,0.0
71935,40.054000900015,1.0,560,681,1241,0.0,-0.0008333472224535399,1.0000000000000013,0.0
71936,40.053167552792544,1.0,560,681,1241,0.0,-0.0008333472224535399,1.0000000000000013,0.0
71937,40.05233420557009,0.9991941982272361,560,681,1241,-0.0008058017727639033,-0.0008333472224535399,0.999919419822725,-8.058017727639034e-05
71938,40.05150085834764,0.9991941982272361,560,681,1241,0.0,-0.0008333472224535399,0.9998388396454487,-8.058017727639034e-05
71939,40.050667511125184,1.0,560,681,1241,0.0008058017727639033,-0.0008333472224535399,0.9998388396454487,0.0
71940,40.04983416390273,1.0,560,681,1241,0.0,-0.0008333472224535399,0.9998388396454487,0.0
71941,40.04900081668028,1.0,560,681,1241,0.0,-0.0008333472224535399,0.9998388396454487,0.0
71942,40.04816746945782,1.0,560,681,1241,0.0,-0.0008333472224535399,0.9998388396454487,0.0
71943,40.04733412223537,1.0,560,681,1241,0.0,-0.0008333472224535399,0.9998388396454487,0.0
71944,40.046500775012916,1.0,560,681,1241,0.0,-0.0008333472224535399,0.9998388396454487,0.0
71945,40.04566742779046,1.0,560,681,1241,0.0,-0.0008333472224535399,0.9998388396454487,0.0
71946,40.04483408056801,1.0,560,681,1241,0.0,-0.0008333472224535399,0.9998388396454487,0.0
71947,40.044000733345555,1.0,560,681,1241,0.0,-0.0008333472224535399,0.999919419822725,8.058017727639034e-05
71948,40.0431673861231,1.0,560,681,1241,0.0,-0.0008333472224535399,1.0000000000000013,8.058017727639034e-05
71949,40.04233403890065,1.0,560,681,1241,0.0,-0.0008333472224535399,1.0000000000000013,0.0
71950,40.041500691678195,1.0,560,681,1241,0.0,-0.0008333472224535399,1.0000000000000013,0.0
71951,40.04066734445574,0.9991941982272361,560,681,1241,-0.0008058017727639033,-0.0008333472224535399,0.999919419822725,-8.058017727639034e-05
71952,40.03983399723329,0.9991941982272361,560,681,1241,0.0,-0.0008333472224535399,0.9998388396454487,-8.058017727639034e-05
71953,40.039000650010834,0.9991941982272361,560,681,1241,0.0,-0.0008333472224535399,0.9997582594681724,-8.058017727639034e-05
71954,40.03816730278838,0.9991941982272361,560,681,1241,0.0,-0.0008333472224535399,0.999677679290896,-8.058017727639034e-05
71955,40.03733395556593,0.9991941982272361,560,681,1241,0.0,-0.0008333472224535399,0.9995970991136197,-8.058017727639034e-05
71956,40.036500608343474,0.9991941982272361,560,681,1241,0.0,-0.0008333472224535399,0.9995165189363433,-8.058017727639034e-05
71957,40.03566726112102,0.9991941982272361,560,681,1241,0.0,-0.0008333472224535399,0.999435938759067,-8.058017727639034e-05
71958,40.03483391389857,0.9991941982272361,560,681,1241,0.0,-0.0008333472224535399,0.9993553585817907,-8.058017727639034e-05
71959,40.03400056667611,0.9991941982272361,560,681,1241,0.0,-0.0008333472224535399,0.9992747784045143,-8.058017727639034e-05
71960,40.03316721945366,0.9991941982272361,560,681,1241,0.0,-0.0008333472224535399,0.999194198227238,-8.058017727639034e-05
71961,40.032333872231206,0.9991941982272361,560,681,1241,0.0,-0.0008333472224535399,0.999194198227238,0.0
71962,40.03150052500875,1.0,560,681,1241,0.0008058017727639033,-0.0008333472224535399,0.9992747784045143,8.058017727639034e-05
71963,40.0306671777863,1.0,560,681,1241,0.0,-0.0008333472224535399,0.9993553585817907,8.058017727639034e-05
71964,40.029833830563845,1.0,560,681,1241,0.0,-0.0008333472224535399,0.999435938759067,8.058017727639034e-05
71965,40.02900048334139,1.0,560,681,1241,0.0,-0.0008333472224535399,0.9995165189363433,8.058017727639034e-05
71966,40.02816713611894,1.0,560,681,1241,0.0,-0.0008333472224535399,0.9995970991136197,8.058017727639034e-05
71967,40.027333788896485,1.0,560,681,1241,0.0,-0.0008333472224535399,0.999677679290896,8.058017727639034e-05
71968,40.02650044167403,1.0,560,681,1241,0.0,-0.0008333472224535399,0.9997582594681724,8.058017727639034e-05
71969,40.02566709445158,1.0,560,681,1241,0.0,-0.0008333472224535399,0.9998388396454487,8.058017727639034e-05
71970,40.024833747229124,1.0,560,681,1241,0.0,-0.0008333472224535399,0.999919419822725,8.058017727639034e-05
71971,40.02400040000667,1.0,560,681,1241,0.0,-0.0008333472224535399,1.0000000000000013,8.058017727639034e-05
71972,40.02316705278422,1.0,560,681,1241,0.0,-0.0008333472224535399,1.0000000000000013,0.0
71973,40.022333705561756,1.0,560,681,1241,0.0,-0.0008333472224606453,1.0000000000000013,0.0
71974,40.0215003583393,1.0,560,681,1241,0.0,-0.0008333472224535399,1.0000000000000013,0.0
71975,40.02066701111685,1.0,560,681,1241,0.0,-0.0008333472224535399,1.0000000000000013,0.0
71976,40.019833663894396,1.0,560,681,1241,0.0,-0.0008333472224535399,1.0000000000000013,0.0
71977,40.01900031667194,1.0,560,681,1241,0.0,-0.0008333472224535399,1.0000000000000013,0.0
71978,40.01816696944949,1.0,560,681,1241,0.0,-0.0008333472224535399,1.0000000000000013,0.0
71979,40.017333622227035,1.0,560,681,1241,0.0,-0.0008333472224535399,1.0000000000000013,0.0
71980,40.01650027500458,1.0,560,681,1241,0.0,-0.0008333472224535399,1.0000000000000013,0.0
71981,40.01566692778213,1.0,560,681,1241,0.0,-0.0008333472224535399,1.0000000000000013,0.0
71982,40.014833580559674,1.0,560,681,1241,0.0,-0.0008333472224535399,1.0000000000000013,0.0
71983,40.01400023333722,1.0,560,681,1241,0.0,-0.0008333472224535399,1.0000000000000013,0.0
71984,40.01316688611477,1.0,560,681,1241,0.0,-0.0008333472224535399,1.0000000000000013,0.0
71985,40.012333538892314,1.0,560,681,1241,0.0,-0.0008333472224535399,1.0000000000000013,0.0
71986,40.01150019166986,1.0,560,681,1241,0.0,-0.0008333472224535399,1.0000000000000013,0.0
71987,40.01066684444741,1.0,560,681,1241,0.0,-0.0008333472224535399,1.0000000000000013,0.0
71988,40.00983349722495,1.0,560,681,1241,0.0,-0.0008333472224535399,1.0000000000000013,0.0
71989,40.0090001500025,1.0,560,681,1241,0.0,-0.0008333472224535399,1.0000000000000013,0.0
71990,40.008166802780046,1.0,560,681,1241,0.0,-0.0008333472224535399,1.0000000000000013,0.0
71991,40.00733345555759,1.0,560,681,1241,0.0,-0.0008333472224535399,1.0000000000000013,0.0
71992,40.00650010833514,1.0,560,681,1241,0.0,-0.0008333472224535399,1.0000000000000013,0.0
71993,40.005666761112685,1.0,560,681,1241,0.0,-0.0008333472224535399,1.0000000000000013,0.0
71994,40.00483341389023,1.0,560,681,1241,0.0,-0.0008333472224535399,1.0000000000000013,0.0
71995,40.00400006666778,0.9991941982272361,560,681,1241,-0.0008058017727639033,-0.0008333472224535399,0.999919419822725,-8.058017727639034e-05
71996,40.003166719445325,0.9991941982272361,560,681,1241,0.0,-0.0008333472224535399,0.9998388396454487,-8.058017727639034e-05
71997,40.00233337222287,0.9991941982272361,560,681,1241,0.0,-0.0008333472224535399,0.9997582594681724,-8.058017727639034e-05
71998,40.00150002500042,0.9991941982272361,560,681,1241,0.0,-0.0008333472224535399,0.999677679290896,-8.058017727639034e-05
71999,40.000666677777964,0.9991941982272361,560,681,1241,0.0,-0.0008333472224535399,0.9995970991136197,-8.058017727639034e-05
72000,39.99983333055551,1.0,560,681,1241,0.0008058017727639033,-0.0008333472224535399,0.9995970991136197,0.0
72001,39.99899998333306,1.0,560,681,1241,0.0,-0.0008333472224535399,0.9995970991136197,0.0
72002,39.998166636110604,1.0,560,681,1241,0.0,-0.0008333472224535399,0.9995970991136197,0.0
72003,39.99733328888815,1.0,560,681,1241,0.0,-0.0008333472224535399,0.9995970991136197,0.0
72004,39.9964999416657,1.0,560,681,1241,0.0,-0.0008333472224535399,0.9995970991136197,0.0
72005,39.995666594443236,1.0,560,681,1241,0.0,-0.0008333472224606453,0.999677679290896,8.058017727639034e-05
72006,39.99483324722078,1.0,560,681,1241,0.0,-0.0008333472224535399,0.9997582594681724,8.058017727639034e-05
72007,39.99399989999833,1.0,560,681,1241,0.0,-0.0008333472224535399,0.9998388396454487,8.058017727639034e-05
72008,39.993166552775875,1.0,560,681,1241,0.0,-0.0008333472224535399,0.999919419822725,8.058017727639034e-05
72009,39.99233320555342,1.0,560,681,1241,0.0,-0.0008333472224535399,1.0000000000000013,8.058017727639034e-05
72010,39.99149985833097,1.0,560,681,1241,0.0,-0.0008333472224535399,1.0000000000000013,0.0
72011,39.990666511108515,1.0,560,681,1241,0.0,-0.0008333472224535399,1.0000000000000013,0.0
72012,39.98983316388606,1.0,560,681,1241,0.0,-0.0008333472224535399,1.0000000000000013,0.0
72013,39.98899981666361,1.0,560,681,1241,0.0,-0.0008333472224535399,1.0000000000000013,0.0
72014,39.988166469441154,0.9991941982272361,560,681,1241,-0.0008058017727639033,-0.0008333472224535399,0.999919419822725,-8.058017727639034e-05
72015,39.9873331222187,0.9991941982272361,560,681,1241,0.0,-0.0008333472224535399,0.9998388396454487,-8.058017727639034e-05
72016,39.98649977499625,0.9991941982272361,560,681,1241,0.0,-0.0008333472224535399,0.9997582594681724,-8.058017727639034e-05
72017,39.98566642777379,0.9991941982272361,560,681,1241,0.0,-0.0008333472224535399,0.999677679290896,-8.058017727639034e-05
72018,39.98483308055134,0.9991941982272361,560,681,1241,0.0,-0.0008333472224535399,0.9995970991136197,-8.058017727639034e-05
72019,39.983999733328886,0.9991941982272361,560,681,1241,0.0,-0.0008333472224535399,0.9995165189363433,-8.058017727639034e-05
72020,39.98316638610643,0.9991941982272361,560,681,1241,0.0,-0.0008333472224535399,0.999435938759067,-8.058017727639034e-05
72021,39.98233303888398,1.0,560,681,1241,0.0008058017727639033,-0.0008333472224535399,0.999435938759067,0.0
72022,39.981499691661526,1.0,560,681,1241,0.0,-0.0008333472224535399,0.999435938759067,0.0
72023,39.98066634443907,1.0,560,681,1241,0.0,-0.0008333472224535399,0.999435938759067,0.0
72024,39.97983299721662,1.0,560,681,1241,0.0,-0.0008333472224535399,0.9995165189363433,8.058017727639034e-05
72025,39.978999649994165,1.0,560,681,1241,0.0,-0.0008333472224535399,0.9995970991136197,8.058017727639034e-05
72026,39.97816630277171,1.0,560,681,1241,0.0,-0.0008333472224535399,0.999677679290896,8.058017727639034e-05
72027,39.97733295554926,0.9991941982272361,560,681,1241,-0.0008058017727639033,-0.0008333472224535399,0.999677679290896,0.0
72028,39.976499608326804,0.9991941982272361,560,681,1241,0.0,-0.0008333472224535399,0.999677679290896,0.0
72029,39.97566626110435,0.9991941982272361,560,681,1241,0.0,-0.0008333472224535399,0.999677679290896,0.0
72030,39.9748329138819,0.9991941982272361,560,681,1241,0.0,-0.0008333472224535399,0.999677679290896,0.0
72031,39.973999566659444,0.9991941982272361,560,681,1241,0.0,-0.0008333472224535399,0.9995970991136197,-8.058017727639034e-05
72032,39.97316621943699,0.9991941982272361,560,681,1241,0.0,-0.0008333472224535399,0.9995165189363433,-8.058017727639034e-05
72033,39.97233287221454,1.0,560,681,1241,0.0008058017727639033,-0.0008333472224535399,0.9995165189363433,0.0
72034,39.97149952499208,0.9991941982272361,560,681,1241,-0.0008058017727639033,-0.0008333472224535399,0.999435938759067,-8.058017727639034e-05
72035,39.97066617776963,0.9991941982272361,560,681,1241,0.0,-0.0008333472224535399,0.9993553585817907,-8.058017727639034e-05
72036,39.969832830547176,1.0,560,681,1241,0.0008058017727639033,-0.0008333472224535399,0.9993553585817907,0.0
72037,39.96899948332472,1.0,560,681,1241,0.0,-0.0008333472224535399,0.999435938759067,8.058017727639034e-05
72038,39.96816613610227,1.0,560,681,1241,0.0,-0.0008333472224535399,0.9995165189363433,8.058017727639034e-05
72039,39.967332788879816,1.0,560,681,1241,0.0,-0.0008333472224535399,0.9995970991136197,8.058017727639034e-05
72040,39.96649944165736,1.0,560,681,1241,0.0,-0.0008333472224535399,0.999677679290896,8.058017727639034e-05
72041,39.96566609443491,1.0,560,681,1241,0.0,-0.0008333472224535399,0.9997582594681724,8.058017727639034e-05
72042,39.964832747212455,1.0,560,681,1241,0.0,-0.0008333472224535399,0.9998388396454487,8.058017727639034e-05
72043,39.96399939999,1.0,560,681,1241,0.0,-0.0008333472224535399,0.9998388396454487,0.0
72044,39.96316605276755,1.0,560,681,1241,0.0,-0.0008333472224535399,0.999919419822725,8.058017727639034e-05
72045,39.962332705545094,1.0,560,681,1241,0.0,-0.0008333472224535399,1.0000000000000013,8.058017727639034e-05
72046,39.96149935832264,1.0,560,681,1241,0.0,-0.0008333472224535399,1.0000000000000013,0.0
72047,39.96066601110019,1.0,560,681,1241,0.0,-0.0008333472224535399,1.0000000000000013,0.0
72048,39.959832663877734,1.0,560,681,1241,0.0,-0.0008333472224535399,1.0000000000000013,0.0
72049,39.95899931665528,1.0,560,681,1241,0.0,-0.0008333472224535399,1.0000000000000013,0.0
72050,39.95816596943283,1.0,560,681,1241,0.0,-0.0008333472224535399,1.0000000000000013,0.0
72051,39.95733262221037,1.0,560,681,1241,0.0,-0.0008333472224535399,1.0000000000000013,0.0
72052,39.95649927498792,0.9991941982272361,560,681,1241,-0.0008058017727639033,-0.0008333472224535399,0.999919419822725,-8.058017727639034e-05
72053,39.955665927765466,0.9991941982272361,560,681,1241,0.0,-0.0008333472224535399,0.9998388396454487,-8.058017727639034e-05
72054,39.95483258054301,1.0,560,681,1241,0.0008058017727639033,-0.0008333472224535399,0.9998388396454487,0.0
72055,39.95399923332056,1.0,560,681,1241,0.0,-0.0008333472224535399,0.9998388396454487,0.0
72056,39.953165886098105,1.0,560,681,1241,0.0,-0.0008333472224535399,0.9998388396454487,0.0
72057,39.95233253887565,1.0,560,681,1241,0.0,-0.0008333472224535399,0.9998388396454487,0.0
72058,39.95149919165319,1.0,560,681,1241,0.0,-0.0008333472224606453,0.9998388396454487,0.0
72059,39.95066584443074,1.0,560,681,1241,0.0,-0.0008333472224535399,0.9998388396454487,0.0
72060,39.949832497208284,1.0,560,681,1241,0.0,-0.0008333472224535399,0.9998388396454487,0.0
72061,39.94899914998583,1.0,560,681,1241,0.0,-0.0008333472224535399,0.9998388396454487,0.0
72062,39.94816580276338,0.9991941982272361,560,681,1241,-0.0008058017727639033,-0.0008333472224535399,0.9998388396454487,0.0
72063,39.94733245554092,0.9991941982272361,560,681,1241,0.0,-0.0008333472224535399,0.9998388396454487,0.0
72064,39.94649910831847,1.0,560,681,1241,0.0008058017727639033,-0.0008333472224535399,0.9998388396454487,0.0
72065,39.945665761096016,1.0,560,681,1241,0.0,-0.0008333472224535399,0.9998388396454487,0.0
72066,39.94483241387356,1.0,560,681,1241,0.0,-0.0008333472224535399,0.9998388396454487,0.0
72067,39.94399906665111,1.0,560,681,1241,0.0,-0.0008333472224535399,0.9998388396454487,0.0
72068,39.943165719428656,1.0,560,681,1241,0.0,-0.0008333472224535399,0.9998388396454487,0.0
72069,39.9423323722062,1.0,560,681,1241,0.0,-0.0008333472224535399,0.9998388396454487,0.0
72070,39.94149902498375,1.0,560,681,1241,0.0,-0.0008333472224535399,0.9998388396454487,0.0
72071,39.940665677761295,0.9991941982272361,560,681,1241,-0.0008058017727639033,-0.0008333472224535399,0.9997582594681724,-8.058017727639034e-05
72072,39.93983233053884,0.9991941982272361,560,681,1241,0.0,-0.0008333472224535399,0.9997582594681724,0.0
72073,39.93899898331639,0.9991941982272361,560,681,1241,0.0,-0.0008333472224535399,0.9997582594681724,0.0
72074,39.938165636093935,0.9991941982272361,560,681,1241,0.0,-0.0008333472224535399,0.999677679290896,-8.058017727639034e-05
72075,39.93733228887148,0.9991941982272361,560,681,1241,0.0,-0.0008333472224535399,0.9995970991136197,-8.058017727639034e-05
72076,39.93649894164903,0.9991941982272361,560,681,1241,0.0,-0.0008333472224535399,0.9995165189363433,-8.058017727639034e-05
72077,39.935665594426574,0.9991941982272361,560,681,1241,0.0,-0.0008333472224535399,0.999435938759067,-8.058017727639034e-05
72078,39.93483224720412,0.9991941982272361,560,681,1241,0.0,-0.0008333472224535399,0.9993553585817907,-8.058017727639034e-05
72079,39.93399889998167,0.9991941982272361,560,681,1241,0.0,-0.0008333472224535399,0.9992747784045143,-8.058017727639034e-05
72080,39.93316555275921,1.0,560,681,1241,0.0008058017727639033,-0.0008333472224535399,0.9992747784045143,0.0
72081,39.93233220553676,1.0,560,681,1241,0.0,-0.0008333472224535399,0.9993553585817907,8.058017727639034e-05
72082,39.931498858314306,1.0,560,681,1241,0.0,-0.0008333472224535399,0.999435938759067,8.058017727639034e-05
72083,39.93066551109185,1.0,560,681,1241,0.0,-0.0008333472224535399,0.9995165189363433,8.058017727639034e-05
72084,39.9298321638694,1.0,560,681,1241,0.0,-0.0008333472224535399,0.9995970991136197,8.058017727639034e-05
72085,39.928998816646946,0.9991941982272361,560,681,1241,-0.0008058017727639033,-0.0008333472224535399,0.9995970991136197,0.0
72086,39.92816546942449,0.9991941982272361,560,681,1241,0.0,-0.0008333472224535399,0.9995970991136197,0.0
72087,39.92733212220204,0.9991941982272361,560,681,1241,0.0,-0.0008333472224535399,0.9995970991136197,0.0
72088,39.926498774979585,0.9991941982272361,560,681,1241,0.0,-0.0008333472224535399,0.9995970991136197,0.0
72089,39.92566542775713,0.9991941982272361,560,681,1241,0.0,-0.0008333472224535399,0.9995970991136197,0.0
72090,39.92483208053467,0.9991941982272361,560,681,1241,0.0,-0.0008333472224606453,0.9995165189363433,-8.058017727639034e-05
72091,39.92399873331222,0.9991941982272361,560,681,1241,0.0,-0.0008333472224535399,0.999435938759067,-8.058017727639034e-05
72092,39.923165386089764,1.0,560,681,1241,0.0008058017727639033,-0.0008333472224535399,0.999435938759067,0.0
72093,39.92233203886731,1.0,560,681,1241,0.0,-0.0008333472224535399,0.999435938759067,0.0
72094,39.92149869164486,1.0,560,681,1241,0.0,-0.0008333472224535399,0.999435938759067,0.0
72095,39.9206653444224,1.0,560,681,1241,0.0,-0.0008333472224535399,0.9995165189363433,8.058017727639034e-05
72096,39.91983199719995,0.9991941982272361,560,681,1241,-0.0008058017727639033,-0.0008333472224535399,0.9995165189363433,0.0
72097,39.918998649977496,1.0,560,681,1241,0.0008058017727639033,-0.0008333472224535399,0.9995970991136197,8.058017727639034e-05
72098,39.91816530275504,1.0,560,681,1241,0.0,-0.0008333472224535399,0.999677679290896,8.058017727639034e-05
72099,39.91733195553259,1.0,560,681,1241,0.0,-0.0008333472224535399,0.9997582594681724,8.058017727639034e-05
72100,39.916498608310135,1.0,560,681,1241,0.0,-0.0008333472224535399,0.9998388396454487,8.058017727639034e-05
72101,39.91566526108768,1.0,560,681,1241,0.0,-0.0008333472224535399,0.999919419822725,8.058017727639034e-05
72102,39.91483191386523,1.0,560,681,1241,0.0,-0.0008333472224535399,0.999919419822725,0.0
72103,39.913998566642775,1.0,560,681,1241,0.0,-0.0008333472224535399,0.999919419822725,0.0
72104,39.91316521942032,1.0,560,681,1241,0.0,-0.0008333472224535399,0.999919419822725,0.0
72105,39.91233187219787,1.0,560,681,1241,0.0,-0.0008333472224535399,0.999919419822725,0.0
72106,39.911498524975414,1.0,560,681,1241,0.0,-0.0008333472224535399,1.0000000000000013,8.058017727639034e-05
72107,39.91066517775296,1.0,560,681,1241,0.0,-0.0008333472224535399,1.0000000000000013,0.0
72108,39.90983183053051,1.0,560,681,1241,0.0,-0.0008333472224535399,1.0000000000000013,0.0
72109,39.90899848330805,1.0,560,681,1241,0.0,-0.0008333472224535399,1.0000000000000013,0.0
72110,39.9081651360856,1.0,560,681,1241,0.0,-0.0008333472224535399,1.0000000000000013,0.0
72111,39.90733178886315,1.0,560,681,1241,0.0,-0.0008333472224535399,1.0000000000000013,0.0
72112,39.90649844164069,1.0,560,681,1241,0.0,-0.0008333472224535399,1.0000000000000013,0.0
72113,39.90566509441824,1.0,560,681,1241,0.0,-0.0008333472224535399,1.0000000000000013,0.0
72114,39.904831747195786,1.0,560,681,1241,0.0,-0.0008333472224535399,1.0000000000000013,0.0
72115,39.90399839997333,1.0,560,681,1241,0.0,-0.0008333472224535399,1.0000000000000013,0.0
72116,39.90316505275088,0.9991941982272361,560,681,1241,-0.0008058017727639033,-0.0008333472224535399,0.999919419822725,-8.058017727639034e-05
72117,39.902331705528425,1.0,560,681,1241,0.0008058017727639033,-0.0008333472224535399,0.999919419822725,0.0
72118,39.90149835830597,1.0,560,681,1241,0.0,-0.0008333472224535399,0.999919419822725,0.0
72119,39.90066501108352,1.0,560,681,1241,0.0,-0.0008333472224535399,0.999919419822725,0.0
72120,39.899831663861065,1.0,560,681,1241,0.0,-0.0008333472224535399,0.999919419822725,0.0
72121,39.89899831663861,1.0,560,681,1241,0.0,-0.0008333472224535399,0.999919419822725,0.0
72122,39.89816496941616,1.0,560,681,1241,0.0,-0.0008333472224535399,0.999919419822725,0.0
72123,39.897331622193704,1.0,560,681,1241,0.0,-0.0008333472224535399,0.999919419822725,0.0
72124,39.89649827497125,1.0,560,681,1241,0.0,-0.0008333472224535399,0.999919419822725,0.0
72125,39.8956649277488,1.0,560,681,1241,0.0,-0.0008333472224535399,0.999919419822725,0.0
72126,39.89483158052634,1.0,560,681,1241,0.0,-0.0008333472224535399,1.0000000000000013,8.058017727639034e-05
72127,39.89399823330389,1.0,560,681,1241,0.0,-0.0008333472224535399,1.0000000000000013,0.0
72128,39.893164886081436,1.0,560,681,1241,0.0,-0.0008333472224535399,1.0000000000000013,0.0
72129,39.89233153885898,1.0,560,681,1241,0.0,-0.0008333472224535399,1.0000000000000013,0.0
72130,39.89149819163653,1.0,560,681,1241,0.0,-0.0008333472224535399,1.0000000000000013,0.0
72131,39.890664844414076,1.0,560,681,1241,0.0,-0.0008333472224535399,1.0000000000000013,0.0
72132,39.88983149719162,1.0,560,681,1241,0.0,-0.0008333472224535399,1.0000000000000013,0.0
72133,39.88899814996917,1.0,560,681,1241,0.0,-0.0008333472224535399,1.0000000000000013,0.0
72134,39.888164802746715,1.0,560,681,1241,0.0,-0.0008333472224535399,1.0000000000000013,0.0
72135,39.88733145552426,1.0,560,681,1241,0.0,-0.0008333472224535399,1.0000000000000013,0.0
72136,39.88649810830181,1.0,560,681,1241,0.0,-0.0008333472224535399,1.0000000000000013,0.0
72137,39.885664761079354,1.0,560,681,1241,0.0,-0.0008333472224535399,1.0000000000000013,0.0
72138,39.8848314138569,1.0,560,681,1241,0.0,-0.0008333472224535399,1.0000000000000013,0.0
72139,39.88399806663445,1.0,560,681,1241,0.0,-0.0008333472224535399,1.0000000000000013,0.0
72140,39.883164719411994,1.0,560,681,1241,0.0,-0.0008333472224535399,1.0000000000000013,0.0
72141,39.88233137218954,1.0,560,681,1241,0.0,-0.0008333472224535399,1.0000000000000013,0.0
72142,39.88149802496709,1.0,560,681,1241,0.0,-0.0008333472224535399,1.0000000000000013,0.0
72143,39.880664677744626,1.0,560,681,1241,0.0,-0.0008333472224606453,1.0000000000000013,0.0
72144,39.87983133052217,1.0,560,681,1241,0.0,-0.0008333472224535399,1.0000000000000013,0.0
72145,39.87899798329972,1.0,560,681,1241,0.0,-0.0008333472224535399,1.0000000000000013,0.0
72146,39.878164636077265,1.0,560,681,1241,0.0,-0.0008333472224535399,1.0000000000000013,0.0
72147,39.87733128885481,0.9991941982272361,560,681,1241,-0.0008058017727639033,-0.0008333472224535399,0.999919419822725,-8.058017727639034e-05
72148,39.87649794163236,0.9991941982272361,560,681,1241,0.0,-0.0008333472224535399,0.9998388396454487,-8.058017727639034e-05
72149,39.875664594409905,1.0,560,681,1241,0.0008058017727639033,-0.0008333472224535399,0.9998388396454487,0.0
72150,39.87483124718745,0.9991941982272361,560,681,1241,-0.0008058017727639033,-0.0008333472224535399,0.9997582594681724,-8.058017727639034e-05
72151,39.873997899965,1.0,560,681,1241,0.0008058017727639033,-0.0008333472224535399,0.9997582594681724,0.0
72152,39.873164552742544,1.0,560,681,1241,0.0,-0.0008333472224535399,0.9997582594681724,0.0
72153,39.87233120552009,1.0,560,681,1241,0.0,-0.0008333472224535399,0.9997582594681724,0.0
72154,39.87149785829764,1.0,560,681,1241,0.0,-0.0008333472224535399,0.9997582594681724,0.0
72155,39.870664511075184,1.0,560,681,1241,0.0,-0.0008333472224535399,0.9997582594681724,0.0
72156,39.86983116385273,1.0,560,681,1241,0.0,-0.0008333472224535399,0.9997582594681724,0.0
72157,39.86899781663028,1.0,560,681,1241,0.0,-0.0008333472224535399,0.9998388396454487,8.058017727639034e-05
72158,39.86816446940782,1.0,560,681,1241,0.0,-0.0008333472224535399,0.999919419822725,8.058017727639034e-05
72159,39.86733112218537,1.0,560,681,1241,0.0,-0.0008333472224535399,0.999919419822725,0.0
72160,39.866497774962916,1.0,560,681,1241,0.0,-0.0008333472224535399,1.0000000000000013,8.058017727639034e-05
72161,39.86566442774046,1.0,560,681,1241,0.0,-0.0008333472224535399,1.0000000000000013,0.0
72162,39.86483108051801,1.0,560,681,1241,0.0,-0.0008333472224535399,1.0000000000000013,0.0
72163,39.863997733295555,0.9991941982272361,560,681,1241,-0.0008058017727639033,-0.0008333472224535399,0.999919419822725,-8.058017727639034e-05
72164,39.8631643860731,0.9991941982272361,560,681,1241,0.0,-0.0008333472224535399,0.9998388396454487,-8.058017727639034e-05
72165,39.86233103885065,0.9991941982272361,560,681,1241,0.0,-0.0008333472224535399,0.9997582594681724,-8.058017727639034e-05
72166,39.861497691628195,0.9991941982272361,560,681,1241,0.0,-0.0008333472224535399,0.999677679290896,-8.058017727639034e-05
72167,39.86066434440574,0.9991941982272361,560,681,1241,0.0,-0.0008333472224535399,0.9995970991136197,-8.058017727639034e-05
72168,39.85983099718329,0.9991941982272361,560,681,1241,0.0,-0.0008333472224535399,0.9995165189363433,-8.058017727639034e-05
72169,39.858997649960834,1.0,560,681,1241,0.0008058017727639033,-0.0008333472224535399,0.9995165189363433,0.0
72170,39.85816430273838,1.0,560,681,1241,0.0,-0.0008333472224535399,0.9995165189363433,0.0
72171,39.85733095551593,1.0,560,681,1241,0.0,-0.0008333472224535399,0.9995165189363433,0.0
72172,39.85649760829347,1.0,560,681,1241,0.0,-0.0008333472224535399,0.9995165189363433,0.0
72173,39.85566426107102,1.0,560,681,1241,0.0,-0.0008333472224535399,0.9995970991136197,8.058017727639034e-05
72174,39.854830913848566,1.0,560,681,1241,0.0,-0.0008333472224535399,0.999677679290896,8.058017727639034e-05
72175,39.853997566626106,1.0,560,681,1241,0.0,-0.0008333472224606453,0.9997582594681724,8.058017727639034e-05
72176,39.85316421940365,1.0,560,681,1241,0.0,-0.0008333472224535399,0.9998388396454487,8.058017727639034e-05
72177,39.8523308721812,1.0,560,681,1241,0.0,-0.0008333472224535399,0.999919419822725,8.058017727639034e-05
72178,39.851497524958745,1.0,560,681,1241,0.0,-0.0008333472224535399,1.0000000000000013,8.058017727639034e-05
72179,39.85066417773629,1.0,560,681,1241,0.0,-0.0008333472224535399,1.0000000000000013,0.0
72180,39.84983083051384,1.0,560,681,1241,0.0,-0.0008333472224535399,1.0000000000000013,0.0
72181,39.848997483291384,1.0,560,681,1241,0.0,-0.0008333472224535399,1.0000000000000013,0.0
72182,39.84816413606893,1.0,560,681,1241,0.0,-0.0008333472224535399,1.0000000000000013,0.0
72183,39.84733078884648,1.0,560,681,1241,0.0,-0.0008333472224535399,1.0000000000000013,0.0
72184,39.846497441624024,1.0,560,681,1241,0.0,-0.0008333472224535399,1.0000000000000013,0.0
72185,39.84566409440157,1.0,560,681,1241,0.0,-0.0008333472224535399,1.0000000000000013,0.0
72186,39.84483074717912,1.0,560,681,1241,0.0,-0.0008333472224535399,1.0000000000000013,0.0
72187,39.84399739995666,1.0,560,681,1241,0.0,-0.0008333472224535399,1.0000000000000013,0.0
72188,39.84316405273421,1.0,560,681,1241,0.0,-0.0008333472224535399,1.0000000000000013,0.0
72189,39.842330705511756,1.0,560,681,1241,0.0,-0.0008333472224535399,1.0000000000000013,0.0
72190,39.8414973582893,1.0,560,681,1241,0.0,-0.0008333472224535399,1.0000000000000013,0.0
72191,39.84066401106685,1.0,560,681,1241,0.0,-0.0008333472224535399,1.0000000000000013,0.0
72192,39.839830663844396,1.0,560,681,1241,0.0,-0.0008333472224535399,1.0000000000000013,0.0
72193,39.83899731662194,1.0,560,681,1241,0.0,-0.0008333472224535399,1.0000000000000013,0.0
72194,39.83816396939949,1.0,560,681,1241,0.0,-0.0008333472224535399,1.0000000000000013,0.0
72195,39.837330622177035,1.0,560,681,1241,0.0,-0.0008333472224535399,1.0000000000000013,0.0
72196,39.83649727495458,1.0,560,681,1241,0.0,-0.0008333472224535399,1.0000000000000013,0.0
72197,39.83566392773213,1.0,560,681,1241,0.0,-0.0008333472224535399,1.0000000000000013,0.0
72198,39.834830580509674,1.0,560,681,1241,0.0,-0.0008333472224535399,1.0000000000000013,0.0
72199,39.83399723328722,1.0,560,681,1241,0.0,-0.0008333472224535399,1.0000000000000013,0.0
72200,39.83316388606477,1.0,560,681,1241,0.0,-0.0008333472224535399,1.0000000000000013,0.0
72201,39.832330538842314,1.0,560,681,1241,0.0,-0.0008333472224535399,1.0000000000000013,0.0
72202,39.83149719161986,1.0,560,681,1241,0.0,-0.0008333472224535399,1.0000000000000013,0.0
72203,39.83066384439741,0.9991941982272361,560,681,1241,-0.0008058017727639033,-0.0008333472224535399,0.999919419822725,-8.058017727639034e-05
72204,39.82983049717495,0.9991941982272361,560,681,1241,0.0,-0.0008333472224535399,0.9998388396454487,-8.058017727639034e-05
72205,39.8289971499525,1.0,560,681,1241,0.0008058017727639033,-0.0008333472224535399,0.9998388396454487,0.0
72206,39.828163802730046,0.9991941982272361,560,681,1241,-0.0008058017727639033,-0.0008333472224535399,0.9997582594681724,-8.058017727639034e-05
72207,39.82733045550759,0.9991941982272361,560,681,1241,0.0,-0.0008333472224535399,0.999677679290896,-8.058017727639034e-05
72208,39.82649710828514,1.0,560,681,1241,0.0008058017727639033,-0.0008333472224535399,0.999677679290896,0.0
72209,39.825663761062685,1.0,560,681,1241,0.0,-0.0008333472224535399,0.999677679290896,0.0
72210,39.82483041384023,1.0,560,681,1241,0.0,-0.0008333472224535399,0.999677679290896,0.0
72211,39.82399706661778,1.0,560,681,1241,0.0,-0.0008333472224535399,0.999677679290896,0.0
72212,39.823163719395325,1.0,560,681,1241,0.0,-0.0008333472224535399,0.999677679290896,0.0
72213,39.82233037217287,1.0,560,681,1241,0.0,-0.0008333472224535399,0.9997582594681724,8.058017727639034e-05
72214,39.82149702495042,1.0,560,681,1241,0.0,-0.0008333472224535399,0.9998388396454487,8.058017727639034e-05
72215,39.820663677727964,1.0,560,681,1241,0.0,-0.0008333472224535399,0.9998388396454487,0.0
72216,39.81983033050551,1.0,560,681,1241,0.0,-0.0008333472224535399,0.999919419822725,8.058017727639034e-05
72217,39.81899698328306,1.0,560,681,1241,0.0,-0.0008333472224535399,1.0000000000000013,8.058017727639034e-05
72218,39.8181636360606,1.0,560,681,1241,0.0,-0.0008333472224535399,1.0000000000000013,0.0
72219,39.81733028883815,1.0,560,681,1241,0.0,-0.0008333472224535399,1.0000000000000013,0.0
72220,39.816496941615696,1.0,560,681,1241,0.0,-0.0008333472224535399,1.0000000000000013,0.0
72221,39.81566359439324,1.0,560,681,1241,0.0,-0.0008333472224535399,1.0000000000000013,0.0
72222,39.81483024717079,1.0,560,681,1241,0.0,-0.0008333472224535399,1.0000000000000013,0.0
72223,39.813996899948336,1.0,560,681,1241,0.0,-0.0008333472224535399,1.0000000000000013,0.0
72224,39.81316355272588,1.0,560,681,1241,0.0,-0.0008333472224535399,1.0000000000000013,0.0
72225,39.81233020550343,1.0,560,681,1241,0.0,-0.0008333472224535399,1.0000000000000013,0.0
72226,39.811496858280975,1.0,560,681,1241,0.0,-0.0008333472224535399,1.0000000000000013,0.0
72227,39.81066351105852,1.0,560,681,1241,0.0,-0.0008333472224535399,1.0000000000000013,0.0
72228,39.80983016383606,1.0,560,681,1241,0.0,-0.0008333472224606453,1.0000000000000013,0.0
72229,39.80899681661361,1.0,560,681,1241,0.0,-0.0008333472224535399,1.0000000000000013,0.0
72230,39.808163469391154,1.0,560,681,1241,0.0,-0.0008333472224535399,1.0000000000000013,0.0
72231,39.8073301221687,0.9991941982272361,560,681,1241,-0.0008058017727639033,-0.0008333472224535399,0.999919419822725,-8.058017727639034e-05
72232,39.80649677494625,0.9991941982272361,560,681,1241,0.0,-0.0008333472224535399,0.9998388396454487,-8.058017727639034e-05
72233,39.80566342772379,0.9991941982272361,560,681,1241,0.0,-0.0008333472224535399,0.9997582594681724,-8.058017727639034e-05
72234,39.80483008050134,0.9991941982272361,560,681,1241,0.0,-0.0008333472224535399,0.999677679290896,-8.058017727639034e-05
72235,39.803996733278886,0.9991941982272361,560,681,1241,0.0,-0.0008333472224535399,0.9995970991136197,-8.058017727639034e-05
72236,39.80316338605643,0.9991941982272361,560,681,1241,0.0,-0.0008333472224535399,0.9995165189363433,-8.058017727639034e-05
72237,39.80233003883398,0.9991941982272361,560,681,1241,0.0,-0.0008333472224535399,0.999435938759067,-8.058017727639034e-05
72238,39.801496691611526,1.0,560,681,1241,0.0008058017727639033,-0.0008333472224535399,0.999435938759067,0.0
72239,39.80066334438907,1.0,560,681,1241,0.0,-0.0008333472224535399,0.999435938759067,0.0
72240,39.79982999716662,1.0,560,681,1241,0.0,-0.0008333472224535399,0.999435938759067,0.0
72241,39.798996649944165,1.0,560,681,1241,0.0,-0.0008333472224535399,0.9995165189363433,8.058017727639034e-05
72242,39.79816330272171,1.0,560,681,1241,0.0,-0.0008333472224535399,0.9995970991136197,8.058017727639034e-05
72243,39.79732995549926,1.0,560,681,1241,0.0,-0.0008333472224535399,0.999677679290896,8.058017727639034e-05
72244,39.796496608276804,1.0,560,681,1241,0.0,-0.0008333472224535399,0.9997582594681724,8.058017727639034e-05
72245,39.79566326105435,1.0,560,681,1241,0.0,-0.0008333472224535399,0.9998388396454487,8.058017727639034e-05
72246,39.7948299138319,1.0,560,681,1241,0.0,-0.0008333472224535399,0.999919419822725,8.058017727639034e-05
72247,39.793996566609444,1.0,560,681,1241,0.0,-0.0008333472224535399,1.0000000000000013,8.058017727639034e-05
72248,39.79316321938699,1.0,560,681,1241,0.0,-0.0008333472224535399,1.0000000000000013,0.0
72249,39.79232987216454,1.0,560,681,1241,0.0,-0.0008333472224535399,1.0000000000000013,0.0
72250,39.79149652494208,1.0,560,681,1241,0.0,-0.0008333472224535399,1.0000000000000013,0.0
72251,39.79066317771963,1.0,560,681,1241,0.0,-0.0008333472224535399,1.0000000000000013,0.0
72252,39.789829830497176,1.0,560,681,1241,0.0,-0.0008333472224535399,1.0000000000000013,0.0
72253,39.78899648327472,1.0,560,681,1241,0.0,-0.0008333472224535399,1.0000000000000013,0.0
72254,39.78816313605227,1.0,560,681,1241,0.0,-0.0008333472224535399,1.0000000000000013,0.0
72255,39.787329788829815,1.0,560,681,1241,0.0,-0.0008333472224535399,1.0000000000000013,0.0
72256,39.78649644160736,1.0,560,681,1241,0.0,-0.0008333472224535399,1.0000000000000013,0.0
72257,39.78566309438491,1.0,560,681,1241,0.0,-0.0008333472224535399,1.0000000000000013,0.0
72258,39.784829747162455,1.0,560,681,1241,0.0,-0.0008333472224535399,1.0000000000000013,0.0
72259,39.783996399939994,1.0,560,681,1241,0.0,-0.0008333472224606453,1.0000000000000013,0.0
72260,39.78316305271754,1.0,560,681,1241,0.0,-0.0008333472224535399,1.0000000000000013,0.0
72261,39.78232970549509,1.0,560,681,1241,0.0,-0.0008333472224535399,1.0000000000000013,0.0
72262,39.78149635827263,1.0,560,681,1241,0.0,-0.0008333472224535399,1.0000000000000013,0.0
72263,39.78066301105018,1.0,560,681,1241,0.0,-0.0008333472224535399,1.0000000000000013,0.0
72264,39.77982966382773,0.9991941982272361,560,681,1241,-0.0008058017727639033,-0.0008333472224535399,0.999919419822725,-8.058017727639034e-05
72265,39.77899631660527,0.9991941982272361,560,681,1241,0.0,-0.0008333472224535399,0.9998388396454487,-8.058017727639034e-05
72266,39.77816296938282,0.9991941982272361,560,681,1241,0.0,-0.0008333472224535399,0.9997582594681724,-8.058017727639034e-05
72267,39.777329622160366,0.9991941982272361,560,681,1241,0.0,-0.0008333472224535399,0.999677679290896,-8.058017727639034e-05
72268,39.77649627493791,0.9991941982272361,560,681,1241,0.0,-0.0008333472224535399,0.9995970991136197,-8.058017727639034e-05
72269,39.77566292771546,0.9991941982272361,560,681,1241,0.0,-0.0008333472224535399,0.9995165189363433,-8.058017727639034e-05
72270,39.774829580493005,1.0,560,681,1241,0.0008058017727639033,-0.0008333472224535399,0.9995165189363433,0.0
72271,39.77399623327055,1.0,560,681,1241,0.0,-0.0008333472224535399,0.9995165189363433,0.0
72272,39.7731628860481,1.0,560,681,1241,0.0,-0.0008333472224535399,0.9995165189363433,0.0
72273,39.772329538825645,1.0,560,681,1241,0.0,-0.0008333472224535399,0.9995165189363433,0.0
72274,39.77149619160319,1.0,560,681,1241,0.0,-0.0008333472224535399,0.9995970991136197,8.058017727639034e-05
72275,39.77066284438074,1.0,560,681,1241,0.0,-0.0008333472224535399,0.999677679290896,8.058017727639034e-05
72276,39.769829497158284,1.0,560,681,1241,0.0,-0.0008333472224535399,0.9997582594681724,8.058017727639034e-05
72277,39.76899614993583,0.9991941982272361,560,681,1241,-0.0008058017727639033,-0.0008333472224535399,0.9997582594681724,0.0
72278,39.76816280271338,1.0,560,681,1241,0.0008058017727639033,-0.0008333472224535399,0.9998388396454487,8.058017727639034e-05
72279,39.76732945549092,1.0,560,681,1241,0.0,-0.0008333472224535399,0.999919419822725,8.058017727639034e-05
72280,39.76649610826847,1.0,560,681,1241,0.0,-0.0008333472224535399,0.999919419822725,0.0
72281,39.765662761046016,1.0,560,681,1241,0.0,-0.0008333472224535399,0.999919419822725,0.0
72282,39.76482941382356,1.0,560,681,1241,0.0,-0.0008333472224535399,0.999919419822725,0.0
72283,39.76399606660111,1.0,560,681,1241,0.0,-0.0008333472224535399,0.999919419822725,0.0
72284,39.763162719378656,1.0,560,681,1241,0.0,-0.0008333472224535399,0.999919419822725,0.0
72285,39.7623293721562,1.0,560,681,1241,0.0,-0.0008333472224535399,0.999919419822725,0.0
72286,39.76149602493375,0.9991941982272361,560,681,1241,-0.0008058017727639033,-0.0008333472224535399,0.9998388396454487,-8.058017727639034e-05
72287,39.760662677711295,1.0,560,681,1241,0.0008058017727639033,-0.0008333472224535399,0.999919419822725,8.058017727639034e-05
72288,39.75982933048884,1.0,560,681,1241,0.0,-0.0008333472224535399,0.999919419822725,0.0
72289,39.75899598326639,1.0,560,681,1241,0.0,-0.0008333472224535399,0.999919419822725,0.0
72290,39.758162636043934,1.0,560,681,1241,0.0,-0.0008333472224535399,0.999919419822725,0.0
72291,39.75732928882148,1.0,560,681,1241,0.0,-0.0008333472224535399,0.999919419822725,0.0
72292,39.75649594159903,1.0,560,681,1241,0.0,-0.0008333472224535399,0.999919419822725,0.0
72293,39.755662594376574,1.0,560,681,1241,0.0,-0.0008333472224535399,0.999919419822725,0.0
72294,39.75482924715412,1.0,560,681,1241,0.0,-0.0008333472224535399,0.999919419822725,0.0
72295,39.75399589993167,1.0,560,681,1241,0.0,-0.0008333472224535399,0.999919419822725,0.0
72296,39.75316255270921,1.0,560,681,1241,0.0,-0.0008333472224535399,1.0000000000000013,8.058017727639034e-05
72297,39.75232920548676,1.0,560,681,1241,0.0,-0.0008333472224535399,1.0000000000000013,0.0
72298,39.751495858264306,1.0,560,681,1241,0.0,-0.0008333472224535399,1.0000000000000013,0.0
72299,39.75066251104185,1.0,560,681,1241,0.0,-0.0008333472224535399,1.0000000000000013,0.0
72300,39.7498291638194,1.0,560,681,1241,0.0,-0.0008333472224535399,1.0000000000000013,0.0
72301,39.748995816596945,1.0,560,681,1241,0.0,-0.0008333472224535399,1.0000000000000013,0.0
72302,39.74816246937449,0.9991941982272361,560,681,1241,-0.0008058017727639033,-0.0008333472224535399,0.999919419822725,-8.058017727639034e-05
72303,39.74732912215204,1.0,560,681,1241,0.0008058017727639033,-0.0008333472224535399,0.999919419822725,0.0
72304,39.746495774929585,1.0,560,681,1241,0.0,-0.0008333472224535399,0.999919419822725,0.0
72305,39.74566242770713,1.0,560,681,1241,0.0,-0.0008333472224535399,0.999919419822725,0.0
72306,39.74482908048468,1.0,560,681,1241,0.0,-0.0008333472224535399,0.999919419822725,0.0
72307,39.743995733262224,1.0,560,681,1241,0.0,-0.0008333472224535399,0.999919419822725,0.0
72308,39.74316238603977,1.0,560,681,1241,0.0,-0.0008333472224535399,0.999919419822725,0.0
72309,39.74232903881732,1.0,560,681,1241,0.0,-0.0008333472224535399,0.999919419822725,0.0
72310,39.741495691594864,1.0,560,681,1241,0.0,-0.0008333472224535399,0.999919419822725,0.0
72311,39.74066234437241,1.0,560,681,1241,0.0,-0.0008333472224535399,0.999919419822725,0.0
72312,39.73982899714995,1.0,560,681,1241,0.0,-0.0008333472224606453,1.0000000000000013,8.058017727639034e-05
72313,39.738995649927496,1.0,560,681,1241,0.0,-0.0008333472224535399,1.0000000000000013,0.0
72314,39.73816230270504,1.0,560,681,1241,0.0,-0.0008333472224535399,1.0000000000000013,0.0
72315,39.73732895548259,1.0,560,681,1241,0.0,-0.0008333472224535399,1.0000000000000013,0.0
72316,39.736495608260135,1.0,560,681,1241,0.0,-0.0008333472224535399,1.0000000000000013,0.0
72317,39.73566226103768,1.0,560,681,1241,0.0,-0.0008333472224535399,1.0000000000000013,0.0
72318,39.73482891381523,1.0,560,681,1241,0.0,-0.0008333472224535399,1.0000000000000013,0.0
72319,39.733995566592775,1.0,560,681,1241,0.0,-0.0008333472224535399,1.0000000000000013,0.0
72320,39.73316221937032,1.0,560,681,1241,0.0,-0.0008333472224535399,1.0000000000000013,0.0
72321,39.73232887214787,1.0,560,681,1241,0.0,-0.0008333472224535399,1.0000000000000013,0.0
72322,39.731495524925414,1.0,560,681,1241,0.0,-0.0008333472224535399,1.0000000000000013,0.0
72323,39.73066217770296,1.0,560,681,1241,0.0,-0.0008333472224535399,1.0000000000000013,0.0
72324,39.72982883048051,1.0,560,681,1241,0.0,-0.0008333472224535399,1.0000000000000013,0.0
72325,39.72899548325805,1.0,560,681,1241,0.0,-0.0008333472224535399,1.0000000000000013,0.0
72326,39.7281621360356,1.0,560,681,1241,0.0,-0.0008333472224535399,1.0000000000000013,0.0
72327,39.727328788813146,0.9991941982272361,560,681,1241,-0.0008058017727639033,-0.0008333472224535399,0.999919419822725,-8.058017727639034e-05
72328,39.72649544159069,0.9991941982272361,560,681,1241,0.0,-0.0008333472224535399,0.9998388396454487,-8.058017727639034e-05
72329,39.72566209436824,0.9991941982272361,560,681,1241,0.0,-0.0008333472224535399,0.9997582594681724,-8.058017727639034e-05
72330,39.724828747145786,0.9991941982272361,560,681,1241,0.0,-0.0008333472224535399,0.999677679290896,-8.058017727639034e-05
72331,39.72399539992333,0.9991941982272361,560,681,1241,0.0,-0.0008333472224535399,0.9995970991136197,-8.058017727639034e-05
72332,39.72316205270088,0.9991941982272361,560,681,1241,0.0,-0.0008333472224535399,0.9995165189363433,-8.058017727639034e-05
72333,39.722328705478425,1.0,560,681,1241,0.0008058017727639033,-0.0008333472224535399,0.9995165189363433,0.0
72334,39.72149535825597,1.0,560,681,1241,0.0,-0.0008333472224535399,0.9995165189363433,0.0
72335,39.72066201103352,1.0,560,681,1241,0.0,-0.0008333472224535399,0.9995165189363433,0.0
72336,39.719828663811064,1.0,560,681,1241,0.0,-0.0008333472224535399,0.9995165189363433,0.0
72337,39.71899531658861,1.0,560,681,1241,0.0,-0.0008333472224535399,0.9995970991136197,8.058017727639034e-05
72338,39.71816196936616,1.0,560,681,1241,0.0,-0.0008333472224535399,0.999677679290896,8.058017727639034e-05
72339,39.717328622143704,1.0,560,681,1241,0.0,-0.0008333472224535399,0.9997582594681724,8.058017727639034e-05
72340,39.71649527492125,1.0,560,681,1241,0.0,-0.0008333472224535399,0.9998388396454487,8.058017727639034e-05
72341,39.7156619276988,1.0,560,681,1241,0.0,-0.0008333472224535399,0.999919419822725,8.058017727639034e-05
72342,39.71482858047634,1.0,560,681,1241,0.0,-0.0008333472224535399,1.0000000000000013,8.058017727639034e-05
72343,39.71399523325389,0.9991941982272361,560,681,1241,-0.0008058017727639033,-0.0008333472224535399,0.999919419822725,-8.058017727639034e-05
72344,39.71316188603143,1.0,560,681,1241,0.0008058017727639033,-0.0008333472224606453,0.999919419822725,0.0
72345,39.712328538808976,1.0,560,681,1241,0.0,-0.0008333472224535399,0.999919419822725,0.0
72346,39.71149519158652,1.0,560,681,1241,0.0,-0.0008333472224535399,0.999919419822725,0.0
72347,39.71066184436407,1.0,560,681,1241,0.0,-0.0008333472224535399,0.999919419822725,0.0
72348,39.709828497141615,1.0,560,681,1241,0.0,-0.0008333472224535399,0.999919419822725,0.0
72349,39.70899514991916,1.0,560,681,1241,0.0,-0.0008333472224535399,0.999919419822725,0.0
72350,39.70816180269671,1.0,560,681,1241,0.0,-0.0008333472224535399,0.999919419822725,0.0
72351,39.707328455474254,1.0,560,681,1241,0.0,-0.0008333472224535399,0.999919419822725,0.0
72352,39.7064951082518,1.0,560,681,1241,0.0,-0.0008333472224535399,0.999919419822725,0.0
72353,39.70566176102935,1.0,560,681,1241,0.0,-0.0008333472224535399,1.0000000000000013,8.058017727639034e-05
72354,39.704828413806894,1.0,560,681,1241,0.0,-0.0008333472224535399,1.0000000000000013,0.0
72355,39.70399506658444,1.0,560,681,1241,0.0,-0.0008333472224535399,1.0000000000000013,0.0
72356,39.70316171936199,1.0,560,681,1241,0.0,-0.0008333472224535399,1.0000000000000013,0.0
72357,39.70232837213953,1.0,560,681,1241,0.0,-0.0008333472224535399,1.0000000000000013,0.0
72358,39.70149502491708,1.0,560,681,1241,0.0,-0.0008333472224535399,1.0000000000000013,0.0
72359,39.700661677694626,1.0,560,681,1241,0.0,-0.0008333472224535399,1.0000000000000013,0.0
72360,39.69982833047217,1.0,560,681,1241,0.0,-0.0008333472224535399,1.0000000000000013,0.0
72361,39.69899498324972,0.9991941982272361,560,681,1241,-0.0008058017727639033,-0.0008333472224535399,0.999919419822725,-8.058017727639034e-05
72362,39.698161636027265,1.0,560,681,1241,0.0008058017727639033,-0.0008333472224535399,0.999919419822725,0.0
72363,39.69732828880481,1.0,560,681,1241,0.0,-0.0008333472224535399,0.999919419822725,0.0
72364,39.69649494158236,1.0,560,681,1241,0.0,-0.0008333472224535399,0.999919419822725,0.0
72365,39.695661594359905,1.0,560,681,1241,0.0,-0.0008333472224535399,0.999919419822725,0.0
72366,39.69482824713745,1.0,560,681,1241,0.0,-0.0008333472224535399,0.999919419822725,0.0
72367,39.693994899915,1.0,560,681,1241,0.0,-0.0008333472224535399,0.999919419822725,0.0
72368,39.693161552692544,1.0,560,681,1241,0.0,-0.0008333472224535399,0.999919419822725,0.0
72369,39.69232820547009,1.0,560,681,1241,0.0,-0.0008333472224535399,0.999919419822725,0.0
72370,39.69149485824764,1.0,560,681,1241,0.0,-0.0008333472224535399,0.999919419822725,0.0
72371,39.69066151102518,1.0,560,681,1241,0.0,-0.0008333472224535399,1.0000000000000013,8.058017727639034e-05
72372,39.68982816380273,1.0,560,681,1241,0.0,-0.0008333472224535399,1.0000000000000013,0.0
72373,39.688994816580276,1.0,560,681,1241,0.0,-0.0008333472224535399,1.0000000000000013,0.0
72374,39.68816146935782,1.0,560,681,1241,0.0,-0.0008333472224535399,1.0000000000000013,0.0
72375,39.68732812213537,1.0,560,681,1241,0.0,-0.0008333472224535399,1.0000000000000013,0.0
72376,39.686494774912916,1.0,560,681,1241,0.0,-0.0008333472224535399,1.0000000000000013,0.0
72377,39.68566142769046,1.0,560,681,1241,0.0,-0.0008333472224535399,1.0000000000000013,0.0
72378,39.68482808046801,1.0,560,681,1241,0.0,-0.0008333472224535399,1.0000000000000013,0.0
72379,39.683994733245555,1.0,560,681,1241,0.0,-0.0008333472224535399,1.0000000000000013,0.0
72380,39.6831613860231,1.0,560,681,1241,0.0,-0.0008333472224535399,1.0000000000000013,0.0
72381,39.68232803880065,1.0,560,681,1241,0.0,-0.0008333472224535399,1.0000000000000013,0.0
72382,39.681494691578195,1.0,560,681,1241,0.0,-0.0008333472224535399,1.0000000000000013,0.0
72383,39.68066134435574,1.0,560,681,1241,0.0,-0.0008333472224535399,1.0000000000000013,0.0
72384,39.67982799713329,1.0,560,681,1241,0.0,-0.0008333472224535399,1.0000000000000013,0.0
72385,39.678994649910834,1.0,560,681,1241,0.0,-0.0008333472224535399,1.0000000000000013,0.0
72386,39.67816130268838,1.0,560,681,1241,0.0,-0.0008333472224535399,1.0000000000000013,0.0
72387,39.67732795546593,1.0,560,681,1241,0.0,-0.0008333472224535399,1.0000000000000013,0.0
72388,39.67649460824347,1.0,560,681,1241,0.0,-0.0008333472224535399,1.0000000000000013,0.0
72389,39.67566126102102,1.0,560,681,1241,0.0,-0.0008333472224535399,1.0000000000000013,0.0
72390,39.674827913798566,1.0,560,681,1241,0.0,-0.0008333472224535399,1.0000000000000013,0.0
72391,39.67399456657611,1.0,560,681,1241,0.0,-0.0008333472224535399,1.0000000000000013,0.0
72392,39.67316121935366,1.0,560,681,1241,0.0,-0.0008333472224535399,1.0000000000000013,0.0
72393,39.672327872131206,1.0,560,681,1241,0.0,-0.0008333472224535399,1.0000000000000013,0.0
72394,39.67149452490875,1.0,560,681,1241,0.0,-0.0008333472224535399,1.0000000000000013,0.0
72395,39.6706611776863,1.0,560,681,1241,0.0,-0.0008333472224535399,1.0000000000000013,0.0
72396,39.669827830463845,1.0,560,681,1241,0.0,-0.0008333472224535399,1.0000000000000013,0.0
72397,39.668994483241384,1.0,560,681,1241,0.0,-0.0008333472224606453,1.0000000000000013,0.0
72398,39.66816113601893,1.0,560,681,1241,0.0,-0.0008333472224535399,1.0000000000000013,0.0
72399,39.66732778879648,1.0,560,681,1241,0.0,-0.0008333472224535399,1.0000000000000013,0.0
72400,39.666494441574024,1.0,560,681,1241,0.0,-0.0008333472224535399,1.0000000000000013,0.0
72401,39.66566109435157,1.0,560,681,1241,0.0,-0.0008333472224535399,1.0000000000000013,0.0
72402,39.66482774712912,1.0,560,681,1241,0.0,-0.0008333472224535399,1.0000000000000013,0.0
72403,39.66399439990666,1.0,560,681,1241,0.0,-0.0008333472224535399,1.0000000000000013,0.0
72404,39.66316105268421,1.0,560,681,1241,0.0,-0.0008333472224535399,1.0000000000000013,0.0
72405,39.662327705461756,1.0,560,681,1241,0.0,-0.0008333472224535399,1.0000000000000013,0.0
72406,39.6614943582393,1.0,560,681,1241,0.0,-0.0008333472224535399,1.0000000000000013,0.0
72407,39.66066101101685,1.0,560,681,1241,0.0,-0.0008333472224535399,1.0000000000000013,0.0
72408,39.659827663794395,1.0,560,681,1241,0.0,-0.0008333472224535399,1.0000000000000013,0.0
72409,39.65899431657194,1.0,560,681,1241,0.0,-0.0008333472224535399,1.0000000000000013,0.0
72410,39.65816096934949,1.0,560,681,1241,0.0,-0.0008333472224535399,1.0000000000000013,0.0
72411,39.657327622127035,1.0,560,681,1241,0.0,-0.0008333472224535399,1.0000000000000013,0.0
72412,39.65649427490458,0.9991941982272361,560,681,1241,-0.0008058017727639033,-0.0008333472224535399,0.999919419822725,-8.058017727639034e-05
72413,39.65566092768213,1.0,560,681,1241,0.0008058017727639033,-0.0008333472224535399,0.999919419822725,0.0
72414,39.654827580459674,1.0,560,681,1241,0.0,-0.0008333472224535399,0.999919419822725,0.0
72415,39.65399423323722,1.0,560,681,1241,0.0,-0.0008333472224535399,0.999919419822725,0.0
72416,39.65316088601477,1.0,560,681,1241,0.0,-0.0008333472224535399,0.999919419822725,0.0
72417,39.65232753879231,1.0,560,681,1241,0.0,-0.0008333472224535399,0.999919419822725,0.0
72418,39.65149419156986,1.0,560,681,1241,0.0,-0.0008333472224535399,0.999919419822725,0.0
72419,39.65066084434741,1.0,560,681,1241,0.0,-0.0008333472224535399,0.999919419822725,0.0
72420,39.64982749712495,1.0,560,681,1241,0.0,-0.0008333472224535399,0.999919419822725,0.0
72421,39.6489941499025,1.0,560,681,1241,0.0,-0.0008333472224535399,0.999919419822725,0.0
72422,39.648160802680046,1.0,560,681,1241,0.0,-0.0008333472224535399,1.0000000000000013,8.058017727639034e-05
72423,39.64732745545759,1.0,560,681,1241,0.0,-0.0008333472224535399,1.0000000000000013,0.0
72424,39.64649410823514,1.0,560,681,1241,0.0,-0.0008333472224535399,1.0000000000000013,0.0
72425,39.645660761012685,1.0,560,681,1241,0.0,-0.0008333472224535399,1.0000000000000013,0.0
72426,39.64482741379023,1.0,560,681,1241,0.0,-0.0008333472224535399,1.0000000000000013,0.0
72427,39.64399406656778,1.0,560,681,1241,0.0,-0.0008333472224535399,1.0000000000000013,0.0
72428,39.643160719345325,0.9991941982272361,560,681,1241,-0.0008058017727639033,-0.0008333472224535399,0.999919419822725,-8.058017727639034e-05
72429,39.642327372122864,0.9991941982272361,560,681,1241,0.0,-0.0008333472224606453,0.9998388396454487,-8.058017727639034e-05
72430,39.64149402490041,0.9991941982272361,560,681,1241,0.0,-0.0008333472224535399,0.9997582594681724,-8.058017727639034e-05
72431,39.64066067767796,1.0,560,681,1241,0.0008058017727639033,-0.0008333472224535399,0.9997582594681724,0.0
72432,39.6398273304555,1.0,560,681,1241,0.0,-0.0008333472224535399,0.9997582594681724,0.0
72433,39.63899398323305,1.0,560,681,1241,0.0,-0.0008333472224535399,0.9997582594681724,0.0
72434,39.638160636010596,1.0,560,681,1241,0.0,-0.0008333472224535399,0.9997582594681724,0.0
72435,39.63732728878814,1.0,560,681,1241,0.0,-0.0008333472224535399,0.9997582594681724,0.0
72436,39.63649394156569,1.0,560,681,1241,0.0,-0.0008333472224535399,0.9997582594681724,0.0
72437,39.635660594343236,0.9991941982272361,560,681,1241,-0.0008058017727639033,-0.0008333472224535399,0.999677679290896,-8.058017727639034e-05
72438,39.63482724712078,1.0,560,681,1241,0.0008058017727639033,-0.0008333472224535399,0.9997582594681724,8.058017727639034e-05
72439,39.63399389989833,1.0,560,681,1241,0.0,-0.0008333472224535399,0.9998388396454487,8.058017727639034e-05
72440,39.633160552675875,1.0,560,681,1241,0.0,-0.0008333472224535399,0.999919419822725,8.058017727639034e-05
72441,39.63232720545342,1.0,560,681,1241,0.0,-0.0008333472224535399,0.999919419822725,0.0
72442,39.63149385823097,1.0,560,681,1241,0.0,-0.0008333472224535399,0.999919419822725,0.0
72443,39.630660511008514,1.0,560,681,1241,0.0,-0.0008333472224535399,0.999919419822725,0.0
72444,39.62982716378606,1.0,560,681,1241,0.0,-0.0008333472224535399,0.999919419822725,0.0
72445,39.62899381656361,1.0,560,681,1241,0.0,-0.0008333472224535399,0.999919419822725,0.0
72446,39.628160469341154,1.0,560,681,1241,0.0,-0.0008333472224535399,0.999919419822725,0.0
72447,39.6273271221187,1.0,560,681,1241,0.0,-0.0008333472224535399,1.0000000000000013,8.058017727639034e-05
72448,39.62649377489625,0.9991941982272361,560,681,1241,-0.0008058017727639033,-0.0008333472224535399,0.999919419822725,-8.058017727639034e-05
72449,39.62566042767379,1.0,560,681,1241,0.0008058017727639033,-0.0008333472224535399,0.999919419822725,0.0
72450,39.62482708045134,1.0,560,681,1241,0.0,-0.0008333472224535399,0.999919419822725,0.0
72451,39.623993733228886,1.0,560,681,1241,0.0,-0.0008333472224535399,0.999919419822725,0.0
72452,39.62316038600643,1.0,560,681,1241,0.0,-0.0008333472224535399,0.999919419822725,0.0
72453,39.62232703878398,1.0,560,681,1241,0.0,-0.0008333472224535399,0.999919419822725,0.0
72454,39.621493691561525,1.0,560,681,1241,0.0,-0.0008333472224535399,0.999919419822725,0.0
72455,39.62066034433907,1.0,560,681,1241,0.0,-0.0008333472224535399,0.999919419822725,0.0
72456,39.61982699711662,1.0,560,681,1241,0.0,-0.0008333472224535399,0.999919419822725,0.0
72457,39.618993649894165,0.9991941982272361,560,681,1241,-0.0008058017727639033,-0.0008333472224535399,0.9998388396454487,-8.058017727639034e-05
72458,39.61816030267171,0.9991941982272361,560,681,1241,0.0,-0.0008333472224535399,0.9998388396454487,0.0
72459,39.61732695544926,1.0,560,681,1241,0.0008058017727639033,-0.0008333472224535399,0.9998388396454487,0.0
72460,39.616493608226804,1.0,560,681,1241,0.0,-0.0008333472224535399,0.9998388396454487,0.0
72461,39.61566026100435,1.0,560,681,1241,0.0,-0.0008333472224535399,0.9998388396454487,0.0
72462,39.6148269137819,1.0,560,681,1241,0.0,-0.0008333472224535399,0.9998388396454487,0.0
72463,39.613993566559444,1.0,560,681,1241,0.0,-0.0008333472224535399,0.9998388396454487,0.0
72464,39.61316021933699,1.0,560,681,1241,0.0,-0.0008333472224535399,0.9998388396454487,0.0
72465,39.61232687211454,1.0,560,681,1241,0.0,-0.0008333472224535399,0.9998388396454487,0.0
72466,39.61149352489208,1.0,560,681,1241,0.0,-0.0008333472224535399,0.9998388396454487,0.0
72467,39.61066017766963,1.0,560,681,1241,0.0,-0.0008333472224535399,0.999919419822725,8.058017727639034e-05
72468,39.609826830447176,1.0,560,681,1241,0.0,-0.0008333472224535399,1.0000000000000013,8.058017727639034e-05
72469,39.60899348322472,1.0,560,681,1241,0.0,-0.0008333472224535399,1.0000000000000013,0.0
72470,39.60816013600227,1.0,560,681,1241,0.0,-0.0008333472224535399,1.0000000000000013,0.0
72471,39.607326788779815,1.0,560,681,1241,0.0,-0.0008333472224535399,1.0000000000000013,0.0
72472,39.60649344155736,1.0,560,681,1241,0.0,-0.0008333472224535399,1.0000000000000013,0.0
72473,39.60566009433491,1.0,560,681,1241,0.0,-0.0008333472224535399,1.0000000000000013,0.0
72474,39.604826747112455,1.0,560,681,1241,0.0,-0.0008333472224535399,1.0000000000000013,0.0
72475,39.60399339989,1.0,560,681,1241,0.0,-0.0008333472224535399,1.0000000000000013,0.0
72476,39.60316005266755,1.0,560,681,1241,0.0,-0.0008333472224535399,1.0000000000000013,0.0
72477,39.602326705445094,1.0,560,681,1241,0.0,-0.0008333472224535399,1.0000000000000013,0.0
72478,39.60149335822264,1.0,560,681,1241,0.0,-0.0008333472224535399,1.0000000000000013,0.0
72479,39.60066001100019,1.0,560,681,1241,0.0,-0.0008333472224535399,1.0000000000000013,0.0
72480,39.59982666377773,1.0,560,681,1241,0.0,-0.0008333472224535399,1.0000000000000013,0.0
72481,39.59899331655528,1.0,560,681,1241,0.0,-0.0008333472224535399,1.0000000000000013,0.0
72482,39.59815996933282,1.0,560,681,1241,0.0,-0.0008333472224606453,1.0000000000000013,0.0
72483,39.597326622110366,1.0,560,681,1241,0.0,-0.0008333472224535399,1.0000000000000013,0.0
72484,39.59649327488791,0.9991941982272361,560,681,1241,-0.0008058017727639033,-0.0008333472224535399,0.999919419822725,-8.058017727639034e-05
72485,39.59565992766546,0.9991941982272361,560,681,1241,0.0,-0.0008333472224535399,0.9998388396454487,-8.058017727639034e-05
72486,39.594826580443005,0.9991941982272361,560,681,1241,0.0,-0.0008333472224535399,0.9997582594681724,-8.058017727639034e-05
72487,39.59399323322055,0.9991941982272361,560,681,1241,0.0,-0.0008333472224535399,0.999677679290896,-8.058017727639034e-05
72488,39.5931598859981,0.9991941982272361,560,681,1241,0.0,-0.0008333472224535399,0.9995970991136197,-8.058017727639034e-05
72489,39.592326538775644,0.9991941982272361,560,681,1241,0.0,-0.0008333472224535399,0.9995165189363433,-8.058017727639034e-05
72490,39.59149319155319,0.9991941982272361,560,681,1241,0.0,-0.0008333472224535399,0.999435938759067,-8.058017727639034e-05
72491,39.59065984433074,0.9991941982272361,560,681,1241,0.0,-0.0008333472224535399,0.9993553585817907,-8.058017727639034e-05
72492,39.589826497108284,0.9991941982272361,560,681,1241,0.0,-0.0008333472224535399,0.9992747784045143,-8.058017727639034e-05
72493,39.58899314988583,1.0,560,681,1241,0.0008058017727639033,-0.0008333472224535399,0.9992747784045143,0.0
72494,39.58815980266338,1.0,560,681,1241,0.0,-0.0008333472224535399,0.9993553585817907,8.058017727639034e-05
72495,39.58732645544092,1.0,560,681,1241,0.0,-0.0008333472224535399,0.999435938759067,8.058017727639034e-05
72496,39.58649310821847,1.0,560,681,1241,0.0,-0.0008333472224535399,0.9995165189363433,8.058017727639034e-05
72497,39.585659760996016,1.0,560,681,1241,0.0,-0.0008333472224535399,0.9995970991136197,8.058017727639034e-05
72498,39.58482641377356,1.0,560,681,1241,0.0,-0.0008333472224535399,0.999677679290896,8.058017727639034e-05
72499,39.58399306655111,1.0,560,681,1241,0.0,-0.0008333472224535399,0.9997582594681724,8.058017727639034e-05
72500,39.583159719328656,1.0,560,681,1241,0.0,-0.0008333472224535399,0.9998388396454487,8.058017727639034e-05
72501,39.5823263721062,1.0,560,681,1241,0.0,-0.0008333472224535399,0.999919419822725,8.058017727639034e-05
72502,39.58149302488375,1.0,560,681,1241,0.0,-0.0008333472224535399,1.0000000000000013,8.058017727639034e-05
72503,39.580659677661295,1.0,560,681,1241,0.0,-0.0008333472224535399,1.0000000000000013,0.0
72504,39.57982633043884,1.0,560,681,1241,0.0,-0.0008333472224535399,1.0000000000000013,0.0
72505,39.57899298321639,1.0,560,681,1241,0.0,-0.0008333472224535399,1.0000000000000013,0.0
72506,39.578159635993934,1.0,560,681,1241,0.0,-0.0008333472224535399,1.0000000000000013,0.0
72507,39.57732628877148,1.0,560,681,1241,0.0,-0.0008333472224535399,1.0000000000000013,0.0
72508,39.57649294154903,1.0,560,681,1241,0.0,-0.0008333472224535399,1.0000000000000013,0.0
72509,39.575659594326574,1.0,560,681,1241,0.0,-0.0008333472224535399,1.0000000000000013,0.0
72510,39.57482624710412,0.9991941982272361,560,681,1241,-0.0008058017727639033,-0.0008333472224535399,0.999919419822725,-8.058017727639034e-05
72511,39.57399289988167,0.9991941982272361,560,681,1241,0.0,-0.0008333472224535399,0.9998388396454487,-8.058017727639034e-05
72512,39.57315955265921,0.9991941982272361,560,681,1241,0.0,-0.0008333472224535399,0.9997582594681724,-8.058017727639034e-05
72513,39.57232620543676,0.9991941982272361,560,681,1241,0.0,-0.0008333472224535399,0.999677679290896,-8.058017727639034e-05
72514,39.5714928582143,0.9991941982272361,560,681,1241,0.0,-0.0008333472224606453,0.9995970991136197,-8.058017727639034e-05
72515,39.570659510991845,1.0,560,681,1241,0.0008058017727639033,-0.0008333472224535399,0.9995970991136197,0.0
72516,39.56982616376939,1.0,560,681,1241,0.0,-0.0008333472224535399,0.9995970991136197,0.0
72517,39.56899281654694,1.0,560,681,1241,0.0,-0.0008333472224535399,0.9995970991136197,0.0
72518,39.568159469324485,1.0,560,681,1241,0.0,-0.0008333472224535399,0.9995970991136197,0.0
72519,39.56732612210203,1.0,560,681,1241,0.0,-0.0008333472224535399,0.9995970991136197,0.0
72520,39.56649277487958,1.0,560,681,1241,0.0,-0.0008333472224535399,0.999677679290896,8.058017727639034e-05
72521,39.565659427657124,1.0,560,681,1241,0.0,-0.0008333472224535399,0.9997582594681724,8.058017727639034e-05
72522,39.56482608043467,1.0,560,681,1241,0.0,-0.0008333472224535399,0.9998388396454487,8.058017727639034e-05
72523,39.56399273321222,1.0,560,681,1241,0.0,-0.0008333472224535399,0.999919419822725,8.058017727639034e-05
72524,39.56315938598976,1.0,560,681,1241,0.0,-0.0008333472224535399,1.0000000000000013,8.058017727639034e-05
72525,39.56232603876731,1.0,560,681,1241,0.0,-0.0008333472224535399,1.0000000000000013,0.0
72526,39.561492691544856,0.9991941982272361,560,681,1241,-0.0008058017727639033,-0.0008333472224535399,0.999919419822725,-8.058017727639034e-05
72527,39.5606593443224,0.9991941982272361,560,681,1241,0.0,-0.0008333472224535399,0.9998388396454487,-8.058017727639034e-05
72528,39.55982599709995,0.9991941982272361,560,681,1241,0.0,-0.0008333472224535399,0.9997582594681724,-8.058017727639034e-05
72529,39.558992649877496,1.0,560,681,1241,0.0008058017727639033,-0.0008333472224535399,0.9997582594681724,0.0
72530,39.55815930265504,0.9991941982272361,560,681,1241,-0.0008058017727639033,-0.0008333472224535399,0.999677679290896,-8.058017727639034e-05
72531,39.55732595543259,0.9991941982272361,560,681,1241,0.0,-0.0008333472224535399,0.9995970991136197,-8.058017727639034e-05
72532,39.556492608210135,0.9991941982272361,560,681,1241,0.0,-0.0008333472224535399,0.9995165189363433,-8.058017727639034e-05
72533,39.55565926098768,1.0,560,681,1241,0.0008058017727639033,-0.0008333472224535399,0.9995165189363433,0.0
72534,39.55482591376523,1.0,560,681,1241,0.0,-0.0008333472224535399,0.9995165189363433,0.0
72535,39.553992566542775,1.0,560,681,1241,0.0,-0.0008333472224535399,0.9995165189363433,0.0
72536,39.55315921932032,0.9991941982272361,560,681,1241,-0.0008058017727639033,-0.0008333472224535399,0.9995165189363433,0.0
72537,39.55232587209787,1.0,560,681,1241,0.0008058017727639033,-0.0008333472224535399,0.9995970991136197,8.058017727639034e-05
72538,39.551492524875414,1.0,560,681,1241,0.0,-0.0008333472224535399,0.999677679290896,8.058017727639034e-05
72539,39.55065917765296,1.0,560,681,1241,0.0,-0.0008333472224535399,0.999677679290896,0.0
72540,39.54982583043051,1.0,560,681,1241,0.0,-0.0008333472224535399,0.9997582594681724,8.058017727639034e-05
72541,39.54899248320805,1.0,560,681,1241,0.0,-0.0008333472224535399,0.9998388396454487,8.058017727639034e-05
72542,39.5481591359856,1.0,560,681,1241,0.0,-0.0008333472224535399,0.999919419822725,8.058017727639034e-05
72543,39.547325788763146,1.0,560,681,1241,0.0,-0.0008333472224535399,0.999919419822725,0.0
72544,39.54649244154069,1.0,560,681,1241,0.0,-0.0008333472224535399,0.999919419822725,0.0
72545,39.54565909431824,1.0,560,681,1241,0.0,-0.0008333472224535399,0.999919419822725,0.0
72546,39.544825747095786,1.0,560,681,1241,0.0,-0.0008333472224535399,1.0000000000000013,8.058017727639034e-05
72547,39.54399239987333,1.0,560,681,1241,0.0,-0.0008333472224535399,1.0000000000000013,0.0
72548,39.54315905265088,1.0,560,681,1241,0.0,-0.0008333472224535399,1.0000000000000013,0.0
72549,39.542325705428425,1.0,560,681,1241,0.0,-0.0008333472224535399,1.0000000000000013,0.0
72550,39.54149235820597,1.0,560,681,1241,0.0,-0.0008333472224535399,1.0000000000000013,0.0
72551,39.54065901098352,1.0,560,681,1241,0.0,-0.0008333472224535399,1.0000000000000013,0.0
72552,39.539825663761064,1.0,560,681,1241,0.0,-0.0008333472224535399,1.0000000000000013,0.0
72553,39.53899231653861,1.0,560,681,1241,0.0,-0.0008333472224535399,1.0000000000000013,0.0
72554,39.53815896931616,1.0,560,681,1241,0.0,-0.0008333472224535399,1.0000000000000013,0.0
72555,39.537325622093704,1.0,560,681,1241,0.0,-0.0008333472224535399,1.0000000000000013,0.0
72556,39.53649227487125,1.0,560,681,1241,0.0,-0.0008333472224535399,1.0000000000000013,0.0
72557,39.5356589276488,1.0,560,681,1241,0.0,-0.0008333472224535399,1.0000000000000013,0.0
72558,39.53482558042634,1.0,560,681,1241,0.0,-0.0008333472224535399,1.0000000000000013,0.0
72559,39.53399223320389,1.0,560,681,1241,0.0,-0.0008333472224535399,1.0000000000000013,0.0
72560,39.533158885981436,1.0,560,681,1241,0.0,-0.0008333472224535399,1.0000000000000013,0.0
72561,39.53232553875898,1.0,560,681,1241,0.0,-0.0008333472224535399,1.0000000000000013,0.0
72562,39.53149219153653,1.0,560,681,1241,0.0,-0.0008333472224535399,1.0000000000000013,0.0
72563,39.530658844314075,1.0,560,681,1241,0.0,-0.0008333472224535399,1.0000000000000013,0.0
72564,39.52982549709162,1.0,560,681,1241,0.0,-0.0008333472224535399,1.0000000000000013,0.0
72565,39.52899214986917,1.0,560,681,1241,0.0,-0.0008333472224535399,1.0000000000000013,0.0
72566,39.528158802646715,0.9991941982272361,560,681,1241,-0.0008058017727639033,-0.0008333472224535399,0.999919419822725,-8.058017727639034e-05
72567,39.527325455424254,0.9991941982272361,560,681,1241,0.0,-0.0008333472224606453,0.9998388396454487,-8.058017727639034e-05
72568,39.5264921082018,1.0,560,681,1241,0.0008058017727639033,-0.0008333472224535399,0.9998388396454487,0.0
72569,39.52565876097935,1.0,560,681,1241,0.0,-0.0008333472224535399,0.9998388396454487,0.0
72570,39.52482541375689,1.0,560,681,1241,0.0,-0.0008333472224535399,0.9998388396454487,0.0
72571,39.52399206653444,1.0,560,681,1241,0.0,-0.0008333472224535399,0.9998388396454487,0.0
72572,39.523158719311986,1.0,560,681,1241,0.0,-0.0008333472224535399,0.9998388396454487,0.0
72573,39.52232537208953,1.0,560,681,1241,0.0,-0.0008333472224535399,0.9998388396454487,0.0
72574,39.52149202486708,1.0,560,681,1241,0.0,-0.0008333472224535399,0.9998388396454487,0.0
72575,39.520658677644626,0.9991941982272361,560,681,1241,-0.0008058017727639033,-0.0008333472224535399,0.9997582594681724,-8.058017727639034e-05
72576,39.51982533042217,0.9983883964544722,560,681,1241,-0.0008058017727639033,-0.0008333472224535399,0.999677679290896,-8.058017727639034e-05
72577,39.51899198319972,1.0,560,681,1241,0.0016116035455278066,-0.0008333472224535399,0.9997582594681724,8.058017727639034e-05
72578,39.518158635977265,1.0,560,681,1241,0.0,-0.0008333472224535399,0.9997582594681724,0.0
72579,39.51732528875481,1.0,560,681,1241,0.0,-0.0008333472224535399,0.9997582594681724,0.0
72580,39.51649194153236,1.0,560,681,1241,0.0,-0.0008333472224535399,0.9997582594681724,0.0
72581,39.515658594309905,1.0,560,681,1241,0.0,-0.0008333472224535399,0.9997582594681724,0.0
72582,39.51482524708745,1.0,560,681,1241,0.0,-0.0008333472224535399,0.9997582594681724,0.0
72583,39.513991899865,1.0,560,681,1241,0.0,-0.0008333472224535399,0.9997582594681724,0.0
72584,39.513158552642544,1.0,560,681,1241,0.0,-0.0008333472224535399,0.9997582594681724,0.0
72585,39.51232520542009,0.9991941982272361,560,681,1241,-0.0008058017727639033,-0.0008333472224535399,0.9997582594681724,0.0
72586,39.51149185819764,1.0,560,681,1241,0.0008058017727639033,-0.0008333472224535399,0.999919419822725,0.00016116035455278067
72587,39.51065851097518,1.0,560,681,1241,0.0,-0.0008333472224535399,0.999919419822725,0.0
72588,39.50982516375273,1.0,560,681,1241,0.0,-0.0008333472224535399,0.999919419822725,0.0
72589,39.508991816530276,1.0,560,681,1241,0.0,-0.0008333472224535399,0.999919419822725,0.0
72590,39.50815846930782,1.0,560,681,1241,0.0,-0.0008333472224535399,0.999919419822725,0.0
72591,39.50732512208537,1.0,560,681,1241,0.0,-0.0008333472224535399,0.999919419822725,0.0
72592,39.506491774862916,1.0,560,681,1241,0.0,-0.0008333472224535399,0.999919419822725,0.0
72593,39.50565842764046,1.0,560,681,1241,0.0,-0.0008333472224535399,0.999919419822725,0.0
72594,39.50482508041801,1.0,560,681,1241,0.0,-0.0008333472224535399,0.999919419822725,0.0
72595,39.503991733195555,1.0,560,681,1241,0.0,-0.0008333472224535399,1.0000000000000013,8.058017727639034e-05
72596,39.5031583859731,1.0,560,681,1241,0.0,-0.0008333472224535399,1.0000000000000013,0.0
72597,39.50232503875065,1.0,560,681,1241,0.0,-0.0008333472224535399,1.0000000000000013,0.0
72598,39.50149169152819,1.0,560,681,1241,0.0,-0.0008333472224606453,1.0000000000000013,0.0
72599,39.500658344305734,1.0,560,681,1241,0.0,-0.0008333472224535399,1.0000000000000013,0.0
72600,39.49982499708328,1.0,560,681,1241,0.0,-0.0008333472224535399,1.0000000000000013,0.0
72601,39.49899164986083,0.9991941982272361,560,681,1241,-0.0008058017727639033,-0.0008333472224535399,0.999919419822725,-8.058017727639034e-05
72602,39.49815830263837,0.9983883964544722,560,681,1241,-0.0008058017727639033,-0.0008333472224535399,0.9997582594681724,-0.00016116035455278067
72603,39.49732495541592,0.9991941982272361,560,681,1241,0.0008058017727639033,-0.0008333472224535399,0.999677679290896,-8.058017727639034e-05
72604,39.496491608193466,0.9991941982272361,560,681,1241,0.0,-0.0008333472224535399,0.9995970991136197,-8.058017727639034e-05
72605,39.49565826097101,0.9991941982272361,560,681,1241,0.0,-0.0008333472224535399,0.9995165189363433,-8.058017727639034e-05
72606,39.49482491374856,0.9991941982272361,560,681,1241,0.0,-0.0008333472224535399,0.999435938759067,-8.058017727639034e-05
72607,39.493991566526105,1.0,560,681,1241,0.0008058017727639033,-0.0008333472224535399,0.999435938759067,0.0
72608,39.49315821930365,1.0,560,681,1241,0.0,-0.0008333472224535399,0.999435938759067,0.0
72609,39.4923248720812,1.0,560,681,1241,0.0,-0.0008333472224535399,0.999435938759067,0.0
72610,39.491491524858745,1.0,560,681,1241,0.0,-0.0008333472224535399,0.999435938759067,0.0
72611,39.49065817763629,1.0,560,681,1241,0.0,-0.0008333472224535399,0.9995165189363433,8.058017727639034e-05
72612,39.48982483041384,1.0,560,681,1241,0.0,-0.0008333472224535399,0.999677679290896,0.00016116035455278067
72613,39.488991483191384,1.0,560,681,1241,0.0,-0.0008333472224535399,0.9997582594681724,8.058017727639034e-05
72614,39.48815813596893,1.0,560,681,1241,0.0,-0.0008333472224535399,0.9998388396454487,8.058017727639034e-05
72615,39.48732478874648,1.0,560,681,1241,0.0,-0.0008333472224535399,0.999919419822725,8.058017727639034e-05
72616,39.486491441524024,1.0,560,681,1241,0.0,-0.0008333472224535399,1.0000000000000013,8.058017727639034e-05
72617,39.48565809430157,1.0,560,681,1241,0.0,-0.0008333472224535399,1.0000000000000013,0.0
72618,39.48482474707912,1.0,560,681,1241,0.0,-0.0008333472224535399,1.0000000000000013,0.0
72619,39.48399139985666,0.9983883964544722,560,681,1241,-0.0016116035455278066,-0.0008333472224535399,0.9998388396454487,-0.00016116035455278067
72620,39.48315805263421,1.0,560,681,1241,0.0016116035455278066,-0.0008333472224535399,0.9998388396454487,0.0
72621,39.482324705411756,1.0,560,681,1241,0.0,-0.0008333472224535399,0.9998388396454487,0.0
72622,39.4814913581893,1.0,560,681,1241,0.0,-0.0008333472224535399,0.9998388396454487,0.0
72623,39.48065801096685,1.0,560,681,1241,0.0,-0.0008333472224535399,0.9998388396454487,0.0
72624,39.479824663744395,1.0,560,681,1241,0.0,-0.0008333472224535399,0.9998388396454487,0.0
72625,39.47899131652194,1.0,560,681,1241,0.0,-0.0008333472224535399,0.9998388396454487,0.0
72626,39.47815796929949,1.0,560,681,1241,0.0,-0.0008333472224535399,0.9998388396454487,0.0
72627,39.477324622077035,1.0,560,681,1241,0.0,-0.0008333472224535399,0.9998388396454487,0.0
72628,39.47649127485458,1.0,560,681,1241,0.0,-0.0008333472224535399,0.9998388396454487,0.0
72629,39.47565792763213,1.0,560,681,1241,0.0,-0.0008333472224535399,1.0000000000000013,0.00016116035455278067
72630,39.474824580409674,1.0,560,681,1241,0.0,-0.0008333472224535399,1.0000000000000013,0.0
72631,39.47399123318722,1.0,560,681,1241,0.0,-0.0008333472224535399,1.0000000000000013,0.0
72632,39.47315788596477,1.0,560,681,1241,0.0,-0.0008333472224535399,1.0000000000000013,0.0
72633,39.47232453874231,1.0,560,681,1241,0.0,-0.0008333472224535399,1.0000000000000013,0.0
72634,39.47149119151986,1.0,560,681,1241,0.0,-0.0008333472224535399,1.0000000000000013,0.0
72635,39.470657844297406,1.0,560,681,1241,0.0,-0.0008333472224535399,1.0000000000000013,0.0
72636,39.46982449707495,1.0,560,681,1241,0.0,-0.0008333472224535399,1.0000000000000013,0.0
72637,39.4689911498525,0.9991941982272361,560,681,1241,-0.0008058017727639033,-0.0008333472224535399,0.999919419822725,-8.058017727639034e-05
72638,39.468157802630046,1.0,560,681,1241,0.0008058017727639033,-0.0008333472224535399,0.999919419822725,0.0
72639,39.46732445540759,1.0,560,681,1241,0.0,-0.0008333472224535399,0.999919419822725,0.0
72640,39.46649110818514,1.0,560,681,1241,0.0,-0.0008333472224535399,0.999919419822725,0.0
72641,39.465657760962685,1.0,560,681,1241,0.0,-0.0008333472224535399,0.999919419822725,0.0
72642,39.46482441374023,1.0,560,681,1241,0.0,-0.0008333472224535399,0.999919419822725,0.0
72643,39.46399106651778,1.0,560,681,1241,0.0,-0.0008333472224535399,0.999919419822725,0.0
72644,39.463157719295324,1.0,560,681,1241,0.0,-0.0008333472224535399,0.999919419822725,0.0
72645,39.46232437207287,1.0,560,681,1241,0.0,-0.0008333472224535399,0.999919419822725,0.0
72646,39.46149102485042,1.0,560,681,1241,0.0,-0.0008333472224535399,0.999919419822725,0.0
72647,39.460657677627964,1.0,560,681,1241,0.0,-0.0008333472224535399,1.0000000000000013,8.058017727639034e-05
72648,39.45982433040551,1.0,560,681,1241,0.0,-0.0008333472224535399,1.0000000000000013,0.0
72649,39.45899098318306,1.0,560,681,1241,0.0,-0.0008333472224535399,1.0000000000000013,0.0
72650,39.4581576359606,1.0,560,681,1241,0.0,-0.0008333472224535399,1.0000000000000013,0.0
72651,39.45732428873814,1.0,560,681,1241,0.0,-0.0008333472224606453,1.0000000000000013,0.0
72652,39.45649094151569,1.0,560,681,1241,0.0,-0.0008333472224535399,1.0000000000000013,0.0
72653,39.455657594293235,1.0,560,681,1241,0.0,-0.0008333472224535399,1.0000000000000013,0.0
72654,39.45482424707078,1.0,560,681,1241,0.0,-0.0008333472224535399,1.0000000000000013,0.0
72655,39.45399089984833,1.0,560,681,1241,0.0,-0.0008333472224535399,1.0000000000000013,0.0
72656,39.453157552625875,1.0,560,681,1241,0.0,-0.0008333472224535399,1.0000000000000013,0.0
72657,39.45232420540342,1.0,560,681,1241,0.0,-0.0008333472224535399,1.0000000000000013,0.0
72658,39.45149085818097,1.0,560,681,1241,0.0,-0.0008333472224535399,1.0000000000000013,0.0
72659,39.450657510958514,1.0,560,681,1241,0.0,-0.0008333472224535399,1.0000000000000013,0.0
72660,39.44982416373606,0.9991941982272361,560,681,1241,-0.0008058017727639033,-0.0008333472224535399,0.999919419822725,-8.058017727639034e-05
72661,39.44899081651361,0.9991941982272361,560,681,1241,0.0,-0.0008333472224535399,0.9998388396454487,-8.058017727639034e-05
72662,39.448157469291154,1.0,560,681,1241,0.0008058017727639033,-0.0008333472224535399,0.9998388396454487,0.0
72663,39.4473241220687,1.0,560,681,1241,0.0,-0.0008333472224535399,0.9998388396454487,0.0
72664,39.44649077484625,1.0,560,681,1241,0.0,-0.0008333472224535399,0.9998388396454487,0.0
72665,39.44565742762379,1.0,560,681,1241,0.0,-0.0008333472224535399,0.9998388396454487,0.0
72666,39.44482408040134,1.0,560,681,1241,0.0,-0.0008333472224535399,0.9998388396454487,0.0
72667,39.443990733178886,1.0,560,681,1241,0.0,-0.0008333472224535399,0.9998388396454487,0.0
72668,39.44315738595643,1.0,560,681,1241,0.0,-0.0008333472224535399,0.9998388396454487,0.0
72669,39.44232403873398,1.0,560,681,1241,0.0,-0.0008333472224535399,0.9998388396454487,0.0
72670,39.441490691511525,1.0,560,681,1241,0.0,-0.0008333472224535399,0.999919419822725,8.058017727639034e-05
72671,39.44065734428907,0.9991941982272361,560,681,1241,-0.0008058017727639033,-0.0008333472224535399,0.999919419822725,0.0
72672,39.43982399706662,1.0,560,681,1241,0.0008058017727639033,-0.0008333472224535399,0.999919419822725,0.0
72673,39.438990649844165,1.0,560,681,1241,0.0,-0.0008333472224535399,0.999919419822725,0.0
72674,39.43815730262171,1.0,560,681,1241,0.0,-0.0008333472224535399,0.999919419822725,0.0
72675,39.43732395539926,1.0,560,681,1241,0.0,-0.0008333472224535399,0.999919419822725,0.0
72676,39.436490608176804,1.0,560,681,1241,0.0,-0.0008333472224535399,0.999919419822725,0.0
72677,39.43565726095435,1.0,560,681,1241,0.0,-0.0008333472224535399,0.999919419822725,0.0
72678,39.4348239137319,1.0,560,681,1241,0.0,-0.0008333472224535399,0.999919419822725,0.0
72679,39.43399056650944,1.0,560,681,1241,0.0,-0.0008333472224535399,0.999919419822725,0.0
72680,39.43315721928699,1.0,560,681,1241,0.0,-0.0008333472224535399,0.999919419822725,0.0
72681,39.432323872064536,1.0,560,681,1241,0.0,-0.0008333472224535399,1.0000000000000013,8.058017727639034e-05
72682,39.43149052484208,1.0,560,681,1241,0.0,-0.0008333472224535399,1.0000000000000013,0.0
72683,39.43065717761962,1.0,560,681,1241,0.0,-0.0008333472224606453,1.0000000000000013,0.0
72684,39.42982383039717,1.0,560,681,1241,0.0,-0.0008333472224535399,1.0000000000000013,0.0
72685,39.428990483174715,1.0,560,681,1241,0.0,-0.0008333472224535399,1.0000000000000013,0.0
72686,39.42815713595226,1.0,560,681,1241,0.0,-0.0008333472224535399,1.0000000000000013,0.0
72687,39.42732378872981,1.0,560,681,1241,0.0,-0.0008333472224535399,1.0000000000000013,0.0
72688,39.426490441507354,1.0,560,681,1241,0.0,-0.0008333472224535399,1.0000000000000013,0.0
72689,39.4256570942849,1.0,560,681,1241,0.0,-0.0008333472224535399,1.0000000000000013,0.0
72690,39.42482374706245,1.0,560,681,1241,0.0,-0.0008333472224535399,1.0000000000000013,0.0
72691,39.423990399839994,1.0,560,681,1241,0.0,-0.0008333472224535399,1.0000000000000013,0.0
72692,39.42315705261754,1.0,560,681,1241,0.0,-0.0008333472224535399,1.0000000000000013,0.0
72693,39.42232370539509,1.0,560,681,1241,0.0,-0.0008333472224535399,1.0000000000000013,0.0
72694,39.42149035817263,1.0,560,681,1241,0.0,-0.0008333472224535399,1.0000000000000013,0.0
72695,39.42065701095018,1.0,560,681,1241,0.0,-0.0008333472224535399,1.0000000000000013,0.0
72696,39.419823663727726,1.0,560,681,1241,0.0,-0.0008333472224535399,1.0000000000000013,0.0
72697,39.41899031650527,1.0,560,681,1241,0.0,-0.0008333472224535399,1.0000000000000013,0.0
72698,39.41815696928282,1.0,560,681,1241,0.0,-0.0008333472224535399,1.0000000000000013,0.0
72699,39.417323622060366,1.0,560,681,1241,0.0,-0.0008333472224535399,1.0000000000000013,0.0
72700,39.41649027483791,1.0,560,681,1241,0.0,-0.0008333472224535399,1.0000000000000013,0.0
72701,39.41565692761546,1.0,560,681,1241,0.0,-0.0008333472224535399,1.0000000000000013,0.0
72702,39.414823580393005,1.0,560,681,1241,0.0,-0.0008333472224535399,1.0000000000000013,0.0
72703,39.41399023317055,1.0,560,681,1241,0.0,-0.0008333472224535399,1.0000000000000013,0.0
72704,39.4131568859481,1.0,560,681,1241,0.0,-0.0008333472224535399,1.0000000000000013,0.0
72705,39.412323538725644,1.0,560,681,1241,0.0,-0.0008333472224535399,1.0000000000000013,0.0
72706,39.41149019150319,1.0,560,681,1241,0.0,-0.0008333472224535399,1.0000000000000013,0.0
72707,39.41065684428074,1.0,560,681,1241,0.0,-0.0008333472224535399,1.0000000000000013,0.0
72708,39.409823497058284,1.0,560,681,1241,0.0,-0.0008333472224535399,1.0000000000000013,0.0
72709,39.40899014983583,1.0,560,681,1241,0.0,-0.0008333472224535399,1.0000000000000013,0.0
72710,39.40815680261338,1.0,560,681,1241,0.0,-0.0008333472224535399,1.0000000000000013,0.0
72711,39.40732345539092,1.0,560,681,1241,0.0,-0.0008333472224535399,1.0000000000000013,0.0
72712,39.40649010816847,1.0,560,681,1241,0.0,-0.0008333472224535399,1.0000000000000013,0.0
72713,39.405656760946016,1.0,560,681,1241,0.0,-0.0008333472224535399,1.0000000000000013,0.0
72714,39.40482341372356,0.9983883964544722,560,681,1241,-0.0016116035455278066,-0.0008333472224535399,0.9998388396454487,-0.00016116035455278067
72715,39.40399006650111,0.9983883964544722,560,681,1241,0.0,-0.0008333472224535399,0.999677679290896,-0.00016116035455278067
72716,39.403156719278655,0.9991941982272361,560,681,1241,0.0008058017727639033,-0.0008333472224535399,0.9995970991136197,-8.058017727639034e-05
72717,39.4023233720562,0.9983883964544722,560,681,1241,-0.0008058017727639033,-0.0008333472224535399,0.999435938759067,-0.00016116035455278067
72718,39.40149002483375,0.9983883964544722,560,681,1241,0.0,-0.0008333472224535399,0.9992747784045143,-0.00016116035455278067
72719,39.400656677611295,0.9991941982272361,560,681,1241,0.0008058017727639033,-0.0008333472224535399,0.999194198227238,-8.058017727639034e-05
72720,39.39982333038884,1.0,560,681,1241,0.0008058017727639033,-0.0008333472224535399,0.999194198227238,0.0
72721,39.39898998316639,1.0,560,681,1241,0.0,-0.0008333472224535399,0.999194198227238,0.0
72722,39.398156635943934,1.0,560,681,1241,0.0,-0.0008333472224535399,0.999194198227238,0.0
72723,39.39732328872148,1.0,560,681,1241,0.0,-0.0008333472224535399,0.999194198227238,0.0
72724,39.39648994149903,1.0,560,681,1241,0.0,-0.0008333472224535399,0.9993553585817907,0.00016116035455278067
72725,39.39565659427657,1.0,560,681,1241,0.0,-0.0008333472224535399,0.9995165189363433,0.00016116035455278067
72726,39.39482324705412,1.0,560,681,1241,0.0,-0.0008333472224535399,0.9995970991136197,8.058017727639034e-05
72727,39.393989899831666,1.0,560,681,1241,0.0,-0.0008333472224535399,0.9997582594681724,0.00016116035455278067
72728,39.39315655260921,1.0,560,681,1241,0.0,-0.0008333472224535399,0.999919419822725,0.00016116035455278067
72729,39.39232320538676,1.0,560,681,1241,0.0,-0.0008333472224535399,1.0000000000000013,8.058017727639034e-05
72730,39.391489858164306,1.0,560,681,1241,0.0,-0.0008333472224535399,1.0000000000000013,0.0
72731,39.39065651094185,1.0,560,681,1241,0.0,-0.0008333472224535399,1.0000000000000013,0.0
72732,39.3898231637194,1.0,560,681,1241,0.0,-0.0008333472224535399,1.0000000000000013,0.0
72733,39.388989816496945,1.0,560,681,1241,0.0,-0.0008333472224535399,1.0000000000000013,0.0
72734,39.38815646927449,1.0,560,681,1241,0.0,-0.0008333472224535399,1.0000000000000013,0.0
72735,39.38732312205204,1.0,560,681,1241,0.0,-0.0008333472224535399,1.0000000000000013,0.0
72736,39.38648977482958,1.0,560,681,1241,0.0,-0.0008333472224606453,1.0000000000000013,0.0
72737,39.385656427607124,1.0,560,681,1241,0.0,-0.0008333472224535399,1.0000000000000013,0.0
72738,39.38482308038467,1.0,560,681,1241,0.0,-0.0008333472224535399,1.0000000000000013,0.0
72739,39.38398973316222,1.0,560,681,1241,0.0,-0.0008333472224535399,1.0000000000000013,0.0
72740,39.38315638593976,1.0,560,681,1241,0.0,-0.0008333472224535399,1.0000000000000013,0.0
72741,39.38232303871731,1.0,560,681,1241,0.0,-0.0008333472224535399,1.0000000000000013,0.0
72742,39.381489691494856,1.0,560,681,1241,0.0,-0.0008333472224535399,1.0000000000000013,0.0
72743,39.3806563442724,1.0,560,681,1241,0.0,-0.0008333472224535399,1.0000000000000013,0.0
72744,39.37982299704995,1.0,560,681,1241,0.0,-0.0008333472224535399,1.0000000000000013,0.0
72745,39.378989649827496,1.0,560,681,1241,0.0,-0.0008333472224535399,1.0000000000000013,0.0
72746,39.37815630260504,1.0,560,681,1241,0.0,-0.0008333472224535399,1.0000000000000013,0.0
72747,39.37732295538259,1.0,560,681,1241,0.0,-0.0008333472224535399,1.0000000000000013,0.0
72748,39.376489608160135,1.0,560,681,1241,0.0,-0.0008333472224535399,1.0000000000000013,0.0
72749,39.37565626093768,1.0,560,681,1241,0.0,-0.0008333472224535399,1.0000000000000013,0.0
72750,39.37482291371523,1.0,560,681,1241,0.0,-0.0008333472224535399,1.0000000000000013,0.0
72751,39.373989566492774,1.0,560,681,1241,0.0,-0.0008333472224535399,1.0000000000000013,0.0
72752,39.37315621927032,1.0,560,681,1241,0.0,-0.0008333472224535399,1.0000000000000013,0.0
72753,39.37232287204787,1.0,560,681,1241,0.0,-0.0008333472224535399,1.0000000000000013,0.0
72754,39.371489524825414,1.0,560,681,1241,0.0,-0.0008333472224535399,1.0000000000000013,0.0
72755,39.37065617760296,1.0,560,681,1241,0.0,-0.0008333472224535399,1.0000000000000013,0.0
72756,39.36982283038051,1.0,560,681,1241,0.0,-0.0008333472224535399,1.0000000000000013,0.0
72757,39.36898948315805,1.0,560,681,1241,0.0,-0.0008333472224535399,1.0000000000000013,0.0
72758,39.3681561359356,1.0,560,681,1241,0.0,-0.0008333472224535399,1.0000000000000013,0.0
72759,39.367322788713146,1.0,560,681,1241,0.0,-0.0008333472224535399,1.0000000000000013,0.0
72760,39.36648944149069,1.0,560,681,1241,0.0,-0.0008333472224535399,1.0000000000000013,0.0
72761,39.36565609426824,1.0,560,681,1241,0.0,-0.0008333472224535399,1.0000000000000013,0.0
72762,39.364822747045785,1.0,560,681,1241,0.0,-0.0008333472224535399,1.0000000000000013,0.0
72763,39.36398939982333,1.0,560,681,1241,0.0,-0.0008333472224535399,1.0000000000000013,0.0
72764,39.36315605260088,0.9991941982272361,560,681,1241,-0.0008058017727639033,-0.0008333472224535399,0.999919419822725,-8.058017727639034e-05
72765,39.362322705378425,1.0,560,681,1241,0.0008058017727639033,-0.0008333472224535399,0.999919419822725,0.0
72766,39.36148935815597,1.0,560,681,1241,0.0,-0.0008333472224535399,0.999919419822725,0.0
72767,39.36065601093352,1.0,560,681,1241,0.0,-0.0008333472224535399,0.999919419822725,0.0
72768,39.35982266371106,1.0,560,681,1241,0.0,-0.0008333472224606453,0.999919419822725,0.0
72769,39.3589893164886,1.0,560,681,1241,0.0,-0.0008333472224535399,0.999919419822725,0.0
72770,39.35815596926615,1.0,560,681,1241,0.0,-0.0008333472224535399,0.999919419822725,0.0
72771,39.3573226220437,1.0,560,681,1241,0.0,-0.0008333472224535399,0.999919419822725,0.0
72772,39.35648927482124,1.0,560,681,1241,0.0,-0.0008333472224535399,0.999919419822725,0.0
72773,39.35565592759879,1.0,560,681,1241,0.0,-0.0008333472224535399,0.999919419822725,0.0
72774,39.354822580376336,0.9991941982272361,560,681,1241,-0.0008058017727639033,-0.0008333472224535399,0.999919419822725,0.0
72775,39.35398923315388,1.0,560,681,1241,0.0008058017727639033,-0.0008333472224535399,0.999919419822725,0.0
72776,39.35315588593143,1.0,560,681,1241,0.0,-0.0008333472224535399,0.999919419822725,0.0
72777,39.352322538708975,1.0,560,681,1241,0.0,-0.0008333472224535399,0.999919419822725,0.0
72778,39.35148919148652,1.0,560,681,1241,0.0,-0.0008333472224535399,0.999919419822725,0.0
72779,39.35065584426407,1.0,560,681,1241,0.0,-0.0008333472224535399,0.999919419822725,0.0
72780,39.349822497041615,1.0,560,681,1241,0.0,-0.0008333472224535399,0.999919419822725,0.0
72781,39.34898914981916,1.0,560,681,1241,0.0,-0.0008333472224535399,0.999919419822725,0.0
72782,39.34815580259671,1.0,560,681,1241,0.0,-0.0008333472224535399,0.999919419822725,0.0
72783,39.347322455374254,0.9991941982272361,560,681,1241,-0.0008058017727639033,-0.0008333472224535399,0.9998388396454487,-8.058017727639034e-05
72784,39.3464891081518,1.0,560,681,1241,0.0008058017727639033,-0.0008333472224535399,0.999919419822725,8.058017727639034e-05
72785,39.34565576092935,1.0,560,681,1241,0.0,-0.0008333472224535399,0.999919419822725,0.0
72786,39.34482241370689,1.0,560,681,1241,0.0,-0.0008333472224535399,0.999919419822725,0.0
72787,39.34398906648444,1.0,560,681,1241,0.0,-0.0008333472224535399,0.999919419822725,0.0
72788,39.343155719261986,1.0,560,681,1241,0.0,-0.0008333472224535399,0.999919419822725,0.0
72789,39.34232237203953,1.0,560,681,1241,0.0,-0.0008333472224535399,0.999919419822725,0.0
72790,39.34148902481708,1.0,560,681,1241,0.0,-0.0008333472224535399,0.999919419822725,0.0
72791,39.340655677594626,0.9991941982272361,560,681,1241,-0.0008058017727639033,-0.0008333472224535399,0.9998388396454487,-8.058017727639034e-05
72792,39.33982233037217,1.0,560,681,1241,0.0008058017727639033,-0.0008333472224535399,0.9998388396454487,0.0
72793,39.33898898314972,0.9991941982272361,560,681,1241,-0.0008058017727639033,-0.0008333472224535399,0.9998388396454487,0.0
72794,39.338155635927265,1.0,560,681,1241,0.0008058017727639033,-0.0008333472224535399,0.9998388396454487,0.0
72795,39.33732228870481,1.0,560,681,1241,0.0,-0.0008333472224535399,0.9998388396454487,0.0
72796,39.33648894148236,0.9991941982272361,560,681,1241,-0.0008058017727639033,-0.0008333472224535399,0.9997582594681724,-8.058017727639034e-05
72797,39.335655594259904,0.9991941982272361,560,681,1241,0.0,-0.0008333472224535399,0.999677679290896,-8.058017727639034e-05
72798,39.33482224703745,0.9991941982272361,560,681,1241,0.0,-0.0008333472224535399,0.9995970991136197,-8.058017727639034e-05
72799,39.333988899815,0.9991941982272361,560,681,1241,0.0,-0.0008333472224535399,0.9995165189363433,-8.058017727639034e-05
72800,39.333155552592544,1.0,560,681,1241,0.0008058017727639033,-0.0008333472224535399,0.9995165189363433,0.0
72801,39.33232220537009,1.0,560,681,1241,0.0,-0.0008333472224535399,0.9995970991136197,8.058017727639034e-05
72802,39.33148885814764,1.0,560,681,1241,0.0,-0.0008333472224535399,0.9995970991136197,0.0
72803,39.33065551092518,1.0,560,681,1241,0.0,-0.0008333472224535399,0.999677679290896,8.058017727639034e-05
72804,39.32982216370273,1.0,560,681,1241,0.0,-0.0008333472224535399,0.999677679290896,0.0
72805,39.328988816480276,1.0,560,681,1241,0.0,-0.0008333472224535399,0.999677679290896,0.0
72806,39.32815546925782,1.0,560,681,1241,0.0,-0.0008333472224535399,0.9997582594681724,8.058017727639034e-05
72807,39.32732212203537,1.0,560,681,1241,0.0,-0.0008333472224535399,0.9998388396454487,8.058017727639034e-05
72808,39.326488774812915,1.0,560,681,1241,0.0,-0.0008333472224535399,0.999919419822725,8.058017727639034e-05
72809,39.32565542759046,1.0,560,681,1241,0.0,-0.0008333472224535399,1.0000000000000013,8.058017727639034e-05
72810,39.32482208036801,1.0,560,681,1241,0.0,-0.0008333472224535399,1.0000000000000013,0.0
72811,39.323988733145555,1.0,560,681,1241,0.0,-0.0008333472224535399,1.0000000000000013,0.0
72812,39.3231553859231,1.0,560,681,1241,0.0,-0.0008333472224535399,1.0000000000000013,0.0
72813,39.32232203870065,1.0,560,681,1241,0.0,-0.0008333472224535399,1.0000000000000013,0.0
72814,39.321488691478194,1.0,560,681,1241,0.0,-0.0008333472224535399,1.0000000000000013,0.0
72815,39.32065534425574,1.0,560,681,1241,0.0,-0.0008333472224535399,1.0000000000000013,0.0
72816,39.31982199703329,1.0,560,681,1241,0.0,-0.0008333472224535399,1.0000000000000013,0.0
72817,39.318988649810834,1.0,560,681,1241,0.0,-0.0008333472224535399,1.0000000000000013,0.0
72818,39.31815530258838,1.0,560,681,1241,0.0,-0.0008333472224535399,1.0000000000000013,0.0
72819,39.31732195536593,1.0,560,681,1241,0.0,-0.0008333472224535399,1.0000000000000013,0.0
72820,39.31648860814347,1.0,560,681,1241,0.0,-0.0008333472224535399,1.0000000000000013,0.0
72821,39.31565526092101,0.9975825946817083,560,681,1241,-0.00241740531829171,-0.0008333472224606453,0.9997582594681722,-0.00024174053182917098
72822,39.31482191369856,1.0,560,681,1241,0.00241740531829171,-0.0008333472224535399,0.9997582594681722,0.0
72823,39.313988566476105,1.0,560,681,1241,0.0,-0.0008333472224535399,0.9997582594681722,0.0
72824,39.31315521925365,1.0,560,681,1241,0.0,-0.0008333472224535399,0.9997582594681722,0.0
72825,39.3123218720312,1.0,560,681,1241,0.0,-0.0008333472224535399,0.9997582594681722,0.0
72826,39.311488524808745,1.0,560,681,1241,0.0,-0.0008333472224535399,0.9997582594681722,0.0
72827,39.31065517758629,0.9991941982272361,560,681,1241,-0.0008058017727639033,-0.0008333472224535399,0.9996776792908959,-8.058017727639034e-05
72828,39.30982183036384,1.0,560,681,1241,0.0008058017727639033,-0.0008333472224535399,0.9996776792908959,0.0
72829,39.308988483141384,1.0,560,681,1241,0.0,-0.0008333472224535399,0.9996776792908959,0.0
72830,39.30815513591893,1.0,560,681,1241,0.0,-0.0008333472224535399,0.9996776792908959,0.0
72831,39.30732178869648,1.0,560,681,1241,0.0,-0.0008333472224535399,0.999919419822725,0.00024174053182917098
72832,39.30648844147402,1.0,560,681,1241,0.0,-0.0008333472224535399,0.999919419822725,0.0
72833,39.30565509425157,1.0,560,681,1241,0.0,-0.0008333472224535399,0.999919419822725,0.0
72834,39.304821747029116,1.0,560,681,1241,0.0,-0.0008333472224535399,0.999919419822725,0.0
72835,39.30398839980666,1.0,560,681,1241,0.0,-0.0008333472224535399,0.999919419822725,0.0
72836,39.30315505258421,1.0,560,681,1241,0.0,-0.0008333472224535399,0.999919419822725,0.0
72837,39.302321705361756,1.0,560,681,1241,0.0,-0.0008333472224535399,1.0000000000000013,8.058017727639034e-05
72838,39.3014883581393,1.0,560,681,1241,0.0,-0.0008333472224535399,1.0000000000000013,0.0
72839,39.30065501091685,1.0,560,681,1241,0.0,-0.0008333472224535399,1.0000000000000013,0.0
72840,39.299821663694395,1.0,560,681,1241,0.0,-0.0008333472224535399,1.0000000000000013,0.0
72841,39.29898831647194,1.0,560,681,1241,0.0,-0.0008333472224535399,1.0000000000000013,0.0
72842,39.29815496924949,1.0,560,681,1241,0.0,-0.0008333472224535399,1.0000000000000013,0.0
72843,39.297321622027034,1.0,560,681,1241,0.0,-0.0008333472224535399,1.0000000000000013,0.0
72844,39.29648827480458,1.0,560,681,1241,0.0,-0.0008333472224535399,1.0000000000000013,0.0
72845,39.29565492758213,1.0,560,681,1241,0.0,-0.0008333472224535399,1.0000000000000013,0.0
72846,39.294821580359674,1.0,560,681,1241,0.0,-0.0008333472224535399,1.0000000000000013,0.0
72847,39.29398823313722,1.0,560,681,1241,0.0,-0.0008333472224535399,1.0000000000000013,0.0
72848,39.29315488591477,1.0,560,681,1241,0.0,-0.0008333472224535399,1.0000000000000013,0.0
72849,39.29232153869231,1.0,560,681,1241,0.0,-0.0008333472224535399,1.0000000000000013,0.0
72850,39.29148819146986,1.0,560,681,1241,0.0,-0.0008333472224535399,1.0000000000000013,0.0
72851,39.290654844247406,1.0,560,681,1241,0.0,-0.0008333472224535399,1.0000000000000013,0.0
72852,39.289821497024946,1.0,560,681,1241,0.0,-0.0008333472224606453,1.0000000000000013,0.0
72853,39.28898814980249,1.0,560,681,1241,0.0,-0.0008333472224535399,1.0000000000000013,0.0
72854,39.28815480258004,1.0,560,681,1241,0.0,-0.0008333472224535399,1.0000000000000013,0.0
72855,39.287321455357585,1.0,560,681,1241,0.0,-0.0008333472224535399,1.0000000000000013,0.0
72856,39.28648810813513,0.9991941982272361,560,681,1241,-0.0008058017727639033,-0.0008333472224535399,0.999919419822725,-8.058017727639034e-05
72857,39.28565476091268,1.0,560,681,1241,0.0008058017727639033,-0.0008333472224535399,0.999919419822725,0.0
72858,39.284821413690224,1.0,560,681,1241,0.0,-0.0008333472224535399,0.999919419822725,0.0
72859,39.28398806646777,1.0,560,681,1241,0.0,-0.0008333472224535399,0.999919419822725,0.0
72860,39.28315471924532,1.0,560,681,1241,0.0,-0.0008333472224535399,0.999919419822725,0.0
72861,39.282321372022864,1.0,560,681,1241,0.0,-0.0008333472224535399,0.999919419822725,0.0
72862,39.28148802480041,1.0,560,681,1241,0.0,-0.0008333472224535399,0.999919419822725,0.0
72863,39.28065467757796,1.0,560,681,1241,0.0,-0.0008333472224535399,0.999919419822725,0.0
72864,39.2798213303555,1.0,560,681,1241,0.0,-0.0008333472224535399,0.999919419822725,0.0
72865,39.27898798313305,1.0,560,681,1241,0.0,-0.0008333472224535399,0.999919419822725,0.0
72866,39.278154635910596,1.0,560,681,1241,0.0,-0.0008333472224535399,1.0000000000000013,8.058017727639034e-05
72867,39.27732128868814,1.0,560,681,1241,0.0,-0.0008333472224535399,1.0000000000000013,0.0
72868,39.27648794146569,1.0,560,681,1241,0.0,-0.0008333472224535399,1.0000000000000013,0.0
72869,39.275654594243235,1.0,560,681,1241,0.0,-0.0008333472224535399,1.0000000000000013,0.0
72870,39.27482124702078,1.0,560,681,1241,0.0,-0.0008333472224535399,1.0000000000000013,0.0
72871,39.27398789979833,0.9991941982272361,560,681,1241,-0.0008058017727639033,-0.0008333472224535399,0.999919419822725,-8.058017727639034e-05
72872,39.273154552575875,0.9991941982272361,560,681,1241,0.0,-0.0008333472224535399,0.9998388396454487,-8.058017727639034e-05
72873,39.27232120535342,1.0,560,681,1241,0.0008058017727639033,-0.0008333472224535399,0.9998388396454487,0.0
72874,39.27148785813097,1.0,560,681,1241,0.0,-0.0008333472224535399,0.9998388396454487,0.0
72875,39.270654510908514,1.0,560,681,1241,0.0,-0.0008333472224535399,0.9998388396454487,0.0
72876,39.26982116368606,1.0,560,681,1241,0.0,-0.0008333472224535399,0.9998388396454487,0.0
72877,39.26898781646361,1.0,560,681,1241,0.0,-0.0008333472224535399,0.9998388396454487,0.0
72878,39.26815446924115,1.0,560,681,1241,0.0,-0.0008333472224535399,0.9998388396454487,0.0
72879,39.2673211220187,1.0,560,681,1241,0.0,-0.0008333472224535399,0.9998388396454487,0.0
72880,39.266487774796246,0.9991941982272361,560,681,1241,-0.0008058017727639033,-0.0008333472224535399,0.9997582594681724,-8.058017727639034e-05
72881,39.26565442757379,1.0,560,681,1241,0.0008058017727639033,-0.0008333472224535399,0.9998388396454487,8.058017727639034e-05
72882,39.26482108035134,1.0,560,681,1241,0.0,-0.0008333472224535399,0.999919419822725,8.058017727639034e-05
72883,39.263987733128886,1.0,560,681,1241,0.0,-0.0008333472224535399,0.999919419822725,0.0
72884,39.26315438590643,1.0,560,681,1241,0.0,-0.0008333472224535399,0.999919419822725,0.0
72885,39.26232103868398,1.0,560,681,1241,0.0,-0.0008333472224535399,0.999919419822725,0.0
72886,39.261487691461525,1.0,560,681,1241,0.0,-0.0008333472224535399,0.999919419822725,0.0
72887,39.26065434423907,1.0,560,681,1241,0.0,-0.0008333472224535399,0.999919419822725,0.0
72888,39.25982099701662,0.9991941982272361,560,681,1241,-0.0008058017727639033,-0.0008333472224535399,0.9998388396454487,-8.058017727639034e-05
72889,39.258987649794165,0.9991941982272361,560,681,1241,0.0,-0.0008333472224535399,0.9997582594681724,-8.058017727639034e-05
72890,39.25815430257171,0.9991941982272361,560,681,1241,0.0,-0.0008333472224535399,0.9997582594681724,0.0
72891,39.25732095534926,0.9991941982272361,560,681,1241,0.0,-0.0008333472224535399,0.999677679290896,-8.058017727639034e-05
72892,39.256487608126804,0.9991941982272361,560,681,1241,0.0,-0.0008333472224535399,0.9995970991136197,-8.058017727639034e-05
72893,39.25565426090435,0.9991941982272361,560,681,1241,0.0,-0.0008333472224535399,0.9995165189363433,-8.058017727639034e-05
72894,39.2548209136819,0.9991941982272361,560,681,1241,0.0,-0.0008333472224535399,0.999435938759067,-8.058017727639034e-05
72895,39.25398756645944,1.0,560,681,1241,0.0008058017727639033,-0.0008333472224535399,0.999435938759067,0.0
72896,39.25315421923699,0.9991941982272361,560,681,1241,-0.0008058017727639033,-0.0008333472224535399,0.9993553585817907,-8.058017727639034e-05
72897,39.252320872014536,0.9991941982272361,560,681,1241,0.0,-0.0008333472224535399,0.9992747784045143,-8.058017727639034e-05
72898,39.25148752479208,0.9991941982272361,560,681,1241,0.0,-0.0008333472224535399,0.9992747784045143,0.0
72899,39.25065417756963,0.9991941982272361,560,681,1241,0.0,-0.0008333472224535399,0.9992747784045143,0.0
72900,39.249820830347176,0.9991941982272361,560,681,1241,0.0,-0.0008333472224535399,0.9992747784045143,0.0
72901,39.24898748312472,0.9991941982272361,560,681,1241,0.0,-0.0008333472224535399,0.9992747784045143,0.0
72902,39.24815413590227,0.9991941982272361,560,681,1241,0.0,-0.0008333472224535399,0.9992747784045143,0.0
72903,39.247320788679815,0.9983883964544722,560,681,1241,-0.0008058017727639033,-0.0008333472224535399,0.999194198227238,-8.058017727639034e-05
72904,39.24648744145736,0.9991941982272361,560,681,1241,0.0008058017727639033,-0.0008333472224535399,0.999194198227238,0.0
72905,39.2456540942349,0.9991941982272361,560,681,1241,0.0,-0.0008333472224606453,0.9991136180499616,-8.058017727639034e-05
72906,39.24482074701245,0.9991941982272361,560,681,1241,0.0,-0.0008333472224535399,0.9991136180499616,0.0
72907,39.243987399789994,1.0,560,681,1241,0.0008058017727639033,-0.0008333472224535399,0.999194198227238,8.058017727639034e-05
72908,39.24315405256754,0.9991941982272361,560,681,1241,-0.0008058017727639033,-0.0008333472224535399,0.999194198227238,0.0
72909,39.24232070534509,0.9991941982272361,560,681,1241,0.0,-0.0008333472224535399,0.999194198227238,0.0
72910,39.24148735812263,1.0,560,681,1241,0.0008058017727639033,-0.0008333472224535399,0.9992747784045143,8.058017727639034e-05
72911,39.24065401090018,1.0,560,681,1241,0.0,-0.0008333472224535399,0.9993553585817907,8.058017727639034e-05
72912,39.239820663677726,1.0,560,681,1241,0.0,-0.0008333472224535399,0.999435938759067,8.058017727639034e-05
72913,39.23898731645527,1.0,560,681,1241,0.0,-0.0008333472224535399,0.9995970991136197,0.00016116035455278067
72914,39.23815396923282,1.0,560,681,1241,0.0,-0.0008333472224535399,0.999677679290896,8.058017727639034e-05
72915,39.237320622010365,1.0,560,681,1241,0.0,-0.0008333472224535399,0.9997582594681724,8.058017727639034e-05
72916,39.23648727478791,1.0,560,681,1241,0.0,-0.0008333472224535399,0.9998388396454487,8.058017727639034e-05
72917,39.23565392756546,1.0,560,681,1241,0.0,-0.0008333472224535399,0.9998388396454487,0.0
72918,39.234820580343005,1.0,560,681,1241,0.0,-0.0008333472224535399,0.999919419822725,8.058017727639034e-05
72919,39.23398723312055,1.0,560,681,1241,0.0,-0.0008333472224535399,1.0000000000000013,8.058017727639034e-05
72920,39.2331538858981,1.0,560,681,1241,0.0,-0.0008333472224535399,1.0000000000000013,0.0
72921,39.232320538675644,1.0,560,681,1241,0.0,-0.0008333472224535399,1.0000000000000013,0.0
72922,39.23148719145319,1.0,560,681,1241,0.0,-0.0008333472224535399,1.0000000000000013,0.0
72923,39.23065384423074,1.0,560,681,1241,0.0,-0.0008333472224535399,1.0000000000000013,0.0
72924,39.229820497008284,1.0,560,681,1241,0.0,-0.0008333472224535399,1.0000000000000013,0.0
72925,39.22898714978583,1.0,560,681,1241,0.0,-0.0008333472224535399,1.0000000000000013,0.0
72926,39.22815380256338,0.9991941982272361,560,681,1241,-0.0008058017727639033,-0.0008333472224535399,0.999919419822725,-8.058017727639034e-05
72927,39.22732045534092,0.9991941982272361,560,681,1241,0.0,-0.0008333472224535399,0.9998388396454487,-8.058017727639034e-05
72928,39.22648710811847,0.9983883964544722,560,681,1241,-0.0008058017727639033,-0.0008333472224535399,0.999677679290896,-0.00016116035455278067
72929,39.225653760896016,0.9991941982272361,560,681,1241,0.0008058017727639033,-0.0008333472224535399,0.9995970991136197,-8.058017727639034e-05
72930,39.22482041367356,1.0,560,681,1241,0.0008058017727639033,-0.0008333472224535399,0.9995970991136197,0.0
72931,39.22398706645111,1.0,560,681,1241,0.0,-0.0008333472224535399,0.9995970991136197,0.0
72932,39.223153719228655,1.0,560,681,1241,0.0,-0.0008333472224535399,0.9995970991136197,0.0
72933,39.2223203720062,1.0,560,681,1241,0.0,-0.0008333472224535399,0.9995970991136197,0.0
72934,39.22148702478375,1.0,560,681,1241,0.0,-0.0008333472224535399,0.9995970991136197,0.0
72935,39.220653677561295,1.0,560,681,1241,0.0,-0.0008333472224535399,0.9995970991136197,0.0
72936,39.21982033033884,1.0,560,681,1241,0.0,-0.0008333472224535399,0.999677679290896,8.058017727639034e-05
72937,39.21898698311638,1.0,560,681,1241,0.0,-0.0008333472224606453,0.9997582594681724,8.058017727639034e-05
72938,39.21815363589393,1.0,560,681,1241,0.0,-0.0008333472224535399,0.999919419822725,0.00016116035455278067
72939,39.21732028867147,1.0,560,681,1241,0.0,-0.0008333472224535399,1.0000000000000013,8.058017727639034e-05
72940,39.21648694144902,1.0,560,681,1241,0.0,-0.0008333472224535399,1.0000000000000013,0.0
72941,39.215653594226566,1.0,560,681,1241,0.0,-0.0008333472224535399,1.0000000000000013,0.0
72942,39.21482024700411,1.0,560,681,1241,0.0,-0.0008333472224535399,1.0000000000000013,0.0
72943,39.21398689978166,1.0,560,681,1241,0.0,-0.0008333472224535399,1.0000000000000013,0.0
72944,39.213153552559206,1.0,560,681,1241,0.0,-0.0008333472224535399,1.0000000000000013,0.0
72945,39.21232020533675,1.0,560,681,1241,0.0,-0.0008333472224535399,1.0000000000000013,0.0
72946,39.2114868581143,1.0,560,681,1241,0.0,-0.0008333472224535399,1.0000000000000013,0.0
72947,39.210653510891845,0.9991941982272361,560,681,1241,-0.0008058017727639033,-0.0008333472224535399,0.999919419822725,-8.058017727639034e-05
72948,39.20982016366939,0.9991941982272361,560,681,1241,0.0,-0.0008333472224535399,0.9998388396454487,-8.058017727639034e-05
72949,39.20898681644694,0.9991941982272361,560,681,1241,0.0,-0.0008333472224535399,0.9997582594681724,-8.058017727639034e-05
72950,39.208153469224484,0.9991941982272361,560,681,1241,0.0,-0.0008333472224535399,0.999677679290896,-8.058017727639034e-05
72951,39.20732012200203,0.9991941982272361,560,681,1241,0.0,-0.0008333472224535399,0.9995970991136197,-8.058017727639034e-05
72952,39.20648677477958,1.0,560,681,1241,0.0008058017727639033,-0.0008333472224535399,0.9995970991136197,0.0
72953,39.205653427557124,1.0,560,681,1241,0.0,-0.0008333472224535399,0.9995970991136197,0.0
72954,39.20482008033467,1.0,560,681,1241,0.0,-0.0008333472224535399,0.9995970991136197,0.0
72955,39.20398673311222,1.0,560,681,1241,0.0,-0.0008333472224535399,0.9995970991136197,0.0
72956,39.20315338588976,1.0,560,681,1241,0.0,-0.0008333472224535399,0.9995970991136197,0.0
72957,39.20232003866731,1.0,560,681,1241,0.0,-0.0008333472224535399,0.999677679290896,8.058017727639034e-05
72958,39.201486691444856,1.0,560,681,1241,0.0,-0.0008333472224535399,0.9997582594681724,8.058017727639034e-05
72959,39.2006533442224,1.0,560,681,1241,0.0,-0.0008333472224535399,0.9998388396454487,8.058017727639034e-05
72960,39.19981999699995,1.0,560,681,1241,0.0,-0.0008333472224535399,0.999919419822725,8.058017727639034e-05
72961,39.198986649777495,1.0,560,681,1241,0.0,-0.0008333472224535399,1.0000000000000013,8.058017727639034e-05
72962,39.19815330255504,1.0,560,681,1241,0.0,-0.0008333472224535399,1.0000000000000013,0.0
72963,39.19731995533259,1.0,560,681,1241,0.0,-0.0008333472224535399,1.0000000000000013,0.0
72964,39.196486608110135,1.0,560,681,1241,0.0,-0.0008333472224535399,1.0000000000000013,0.0
72965,39.19565326088768,1.0,560,681,1241,0.0,-0.0008333472224535399,1.0000000000000013,0.0
72966,39.19481991366523,1.0,560,681,1241,0.0,-0.0008333472224535399,1.0000000000000013,0.0
72967,39.193986566442774,1.0,560,681,1241,0.0,-0.0008333472224535399,1.0000000000000013,0.0
72968,39.19315321922032,1.0,560,681,1241,0.0,-0.0008333472224535399,1.0000000000000013,0.0
72969,39.19231987199787,1.0,560,681,1241,0.0,-0.0008333472224535399,1.0000000000000013,0.0
72970,39.191486524775414,1.0,560,681,1241,0.0,-0.0008333472224535399,1.0000000000000013,0.0
72971,39.19065317755296,1.0,560,681,1241,0.0,-0.0008333472224535399,1.0000000000000013,0.0
72972,39.18981983033051,1.0,560,681,1241,0.0,-0.0008333472224535399,1.0000000000000013,0.0
72973,39.18898648310805,1.0,560,681,1241,0.0,-0.0008333472224535399,1.0000000000000013,0.0
72974,39.1881531358856,1.0,560,681,1241,0.0,-0.0008333472224535399,1.0000000000000013,0.0
72975,39.187319788663146,1.0,560,681,1241,0.0,-0.0008333472224535399,1.0000000000000013,0.0
72976,39.18648644144069,1.0,560,681,1241,0.0,-0.0008333472224535399,1.0000000000000013,0.0
72977,39.18565309421824,1.0,560,681,1241,0.0,-0.0008333472224535399,1.0000000000000013,0.0
72978,39.184819746995785,1.0,560,681,1241,0.0,-0.0008333472224535399,1.0000000000000013,0.0
72979,39.18398639977333,1.0,560,681,1241,0.0,-0.0008333472224535399,1.0000000000000013,0.0
72980,39.18315305255088,1.0,560,681,1241,0.0,-0.0008333472224535399,1.0000000000000013,0.0
72981,39.182319705328425,1.0,560,681,1241,0.0,-0.0008333472224535399,1.0000000000000013,0.0
72982,39.18148635810597,1.0,560,681,1241,0.0,-0.0008333472224535399,1.0000000000000013,0.0
72983,39.18065301088352,1.0,560,681,1241,0.0,-0.0008333472224535399,1.0000000000000013,0.0
72984,39.179819663661064,1.0,560,681,1241,0.0,-0.0008333472224535399,1.0000000000000013,0.0
72985,39.17898631643861,1.0,560,681,1241,0.0,-0.0008333472224535399,1.0000000000000013,0.0
72986,39.17815296921616,1.0,560,681,1241,0.0,-0.0008333472224535399,1.0000000000000013,0.0
72987,39.1773196219937,1.0,560,681,1241,0.0,-0.0008333472224535399,1.0000000000000013,0.0
72988,39.17648627477125,1.0,560,681,1241,0.0,-0.0008333472224535399,1.0000000000000013,0.0
72989,39.175652927548796,1.0,560,681,1241,0.0,-0.0008333472224535399,1.0000000000000013,0.0
72990,39.174819580326336,1.0,560,681,1241,0.0,-0.0008333472224606453,1.0000000000000013,0.0
72991,39.17398623310388,1.0,560,681,1241,0.0,-0.0008333472224535399,1.0000000000000013,0.0
72992,39.17315288588143,1.0,560,681,1241,0.0,-0.0008333472224535399,1.0000000000000013,0.0
72993,39.172319538658975,1.0,560,681,1241,0.0,-0.0008333472224535399,1.0000000000000013,0.0
72994,39.17148619143652,0.9991941982272361,560,681,1241,-0.0008058017727639033,-0.0008333472224535399,0.999919419822725,-8.058017727639034e-05
72995,39.17065284421407,0.9991941982272361,560,681,1241,0.0,-0.0008333472224535399,0.9998388396454487,-8.058017727639034e-05
72996,39.169819496991614,0.9975825946817083,560,681,1241,-0.0016116035455278066,-0.0008333472224535399,0.9995970991136195,-0.00024174053182917098
72997,39.16898614976916,0.9975825946817083,560,681,1241,0.0,-0.0008333472224535399,0.9993553585817903,-0.00024174053182917098
72998,39.16815280254671,0.9967767929089444,560,681,1241,-0.0008058017727639033,-0.0008333472224535399,0.9990330378726847,-0.00032232070910556134
72999,39.167319455324254,0.9975825946817083,560,681,1241,0.0008058017727639033,-0.0008333472224535399,0.9987912973408555,-0.00024174053182917098
73000,39.1664861081018,0.9975825946817083,560,681,1241,0.0,-0.0008333472224535399,0.9985495568090264,-0.00024174053182917098
73001,39.16565276087935,0.9975825946817083,560,681,1241,0.0,-0.0008333472224535399,0.9983078162771971,-0.00024174053182917098
73002,39.16481941365689,0.9975825946817083,560,681,1241,0.0,-0.0008333472224535399,0.9980660757453679,-0.00024174053182917098
73003,39.16398606643444,0.9983883964544722,560,681,1241,0.0008058017727639033,-0.0008333472224535399,0.997904915390815,-0.00016116035455278067
73004,39.163152719211986,0.9991941982272361,560,681,1241,0.0008058017727639033,-0.0008333472224535399,0.997904915390815,0.0
73005,39.16231937198953,0.9983883964544722,560,681,1241,-0.0008058017727639033,-0.0008333472224535399,0.9978243352135386,-8.058017727639034e-05
73006,39.16148602476708,0.9983883964544722,560,681,1241,0.0,-0.0008333472224535399,0.9979049153908152,8.058017727639034e-05
73007,39.160652677544626,1.0,560,681,1241,0.0016116035455278066,-0.0008333472224535399,0.9981466559226444,0.00024174053182917098
73008,39.15981933032217,1.0,560,681,1241,0.0,-0.0008333472224535399,0.9984689766317499,0.00032232070910556134
73009,39.15898598309972,1.0,560,681,1241,0.0,-0.0008333472224535399,0.9987107171635792,0.00024174053182917098
73010,39.158152635877265,1.0,560,681,1241,0.0,-0.0008333472224535399,0.9989524576954084,0.00024174053182917098
73011,39.15731928865481,1.0,560,681,1241,0.0,-0.0008333472224535399,0.9991941982272377,0.00024174053182917098
73012,39.15648594143236,1.0,560,681,1241,0.0,-0.0008333472224535399,0.9994359387590668,0.00024174053182917098
73013,39.155652594209904,0.9991941982272361,560,681,1241,-0.0008058017727639033,-0.0008333472224535399,0.9995165189363433,8.058017727639034e-05
73014,39.15481924698745,1.0,560,681,1241,0.0008058017727639033,-0.0008333472224535399,0.9995970991136197,8.058017727639034e-05
73015,39.153985899765,1.0,560,681,1241,0.0,-0.0008333472224535399,0.9997582594681724,0.00016116035455278067
73016,39.153152552542544,1.0,560,681,1241,0.0,-0.0008333472224535399,0.999919419822725,0.00016116035455278067
73017,39.15231920532009,1.0,560,681,1241,0.0,-0.0008333472224535399,0.999919419822725,0.0
73018,39.15148585809764,1.0,560,681,1241,0.0,-0.0008333472224535399,0.999919419822725,0.0
73019,39.15065251087518,1.0,560,681,1241,0.0,-0.0008333472224535399,0.999919419822725,0.0
73020,39.14981916365273,1.0,560,681,1241,0.0,-0.0008333472224535399,0.999919419822725,0.0
73021,39.148985816430276,1.0,560,681,1241,0.0,-0.0008333472224535399,0.999919419822725,0.0
73022,39.148152469207815,0.9991941982272361,560,681,1241,-0.0008058017727639033,-0.0008333472224606453,0.9998388396454487,-8.058017727639034e-05
73023,39.14731912198536,0.9991941982272361,560,681,1241,0.0,-0.0008333472224535399,0.9998388396454487,0.0
73024,39.14648577476291,1.0,560,681,1241,0.0008058017727639033,-0.0008333472224535399,0.9998388396454487,0.0
73025,39.145652427540455,1.0,560,681,1241,0.0,-0.0008333472224535399,0.9998388396454487,0.0
73026,39.144819080318,1.0,560,681,1241,0.0,-0.0008333472224535399,0.9998388396454487,0.0
73027,39.14398573309555,1.0,560,681,1241,0.0,-0.0008333472224535399,0.9998388396454487,0.0
73028,39.143152385873094,1.0,560,681,1241,0.0,-0.0008333472224535399,0.9998388396454487,0.0
73029,39.14231903865064,1.0,560,681,1241,0.0,-0.0008333472224535399,0.9998388396454487,0.0
73030,39.14148569142819,1.0,560,681,1241,0.0,-0.0008333472224535399,0.9998388396454487,0.0
73031,39.14065234420573,1.0,560,681,1241,0.0,-0.0008333472224535399,0.9998388396454487,0.0
73032,39.13981899698328,1.0,560,681,1241,0.0,-0.0008333472224535399,0.999919419822725,8.058017727639034e-05
73033,39.138985649760826,1.0,560,681,1241,0.0,-0.0008333472224535399,1.0000000000000013,8.058017727639034e-05
73034,39.13815230253837,1.0,560,681,1241,0.0,-0.0008333472224535399,1.0000000000000013,0.0
73035,39.13731895531592,1.0,560,681,1241,0.0,-0.0008333472224535399,1.0000000000000013,0.0
73036,39.136485608093466,1.0,560,681,1241,0.0,-0.0008333472224535399,1.0000000000000013,0.0
73037,39.13565226087101,1.0,560,681,1241,0.0,-0.0008333472224535399,1.0000000000000013,0.0
73038,39.13481891364856,1.0,560,681,1241,0.0,-0.0008333472224535399,1.0000000000000013,0.0
73039,39.133985566426105,1.0,560,681,1241,0.0,-0.0008333472224535399,1.0000000000000013,0.0
73040,39.13315221920365,1.0,560,681,1241,0.0,-0.0008333472224535399,1.0000000000000013,0.0
73041,39.1323188719812,1.0,560,681,1241,0.0,-0.0008333472224535399,1.0000000000000013,0.0
73042,39.131485524758745,1.0,560,681,1241,0.0,-0.0008333472224535399,1.0000000000000013,0.0
73043,39.13065217753629,1.0,560,681,1241,0.0,-0.0008333472224535399,1.0000000000000013,0.0
73044,39.12981883031384,1.0,560,681,1241,0.0,-0.0008333472224535399,1.0000000000000013,0.0
73045,39.128985483091384,1.0,560,681,1241,0.0,-0.0008333472224535399,1.0000000000000013,0.0
73046,39.12815213586893,1.0,560,681,1241,0.0,-0.0008333472224535399,1.0000000000000013,0.0
73047,39.12731878864648,1.0,560,681,1241,0.0,-0.0008333472224535399,1.0000000000000013,0.0
73048,39.12648544142402,1.0,560,681,1241,0.0,-0.0008333472224535399,1.0000000000000013,0.0
73049,39.12565209420157,1.0,560,681,1241,0.0,-0.0008333472224535399,1.0000000000000013,0.0
73050,39.124818746979116,1.0,560,681,1241,0.0,-0.0008333472224535399,1.0000000000000013,0.0
73051,39.12398539975666,1.0,560,681,1241,0.0,-0.0008333472224535399,1.0000000000000013,0.0
73052,39.12315205253421,1.0,560,681,1241,0.0,-0.0008333472224535399,1.0000000000000013,0.0
73053,39.122318705311756,1.0,560,681,1241,0.0,-0.0008333472224535399,1.0000000000000013,0.0
73054,39.1214853580893,1.0,560,681,1241,0.0,-0.0008333472224535399,1.0000000000000013,0.0
73055,39.12065201086685,1.0,560,681,1241,0.0,-0.0008333472224535399,1.0000000000000013,0.0
73056,39.119818663644395,1.0,560,681,1241,0.0,-0.0008333472224535399,1.0000000000000013,0.0
73057,39.11898531642194,1.0,560,681,1241,0.0,-0.0008333472224535399,1.0000000000000013,0.0
73058,39.11815196919949,1.0,560,681,1241,0.0,-0.0008333472224535399,1.0000000000000013,0.0
73059,39.117318621977034,1.0,560,681,1241,0.0,-0.0008333472224535399,1.0000000000000013,0.0
73060,39.11648527475458,1.0,560,681,1241,0.0,-0.0008333472224535399,1.0000000000000013,0.0
73061,39.11565192753213,1.0,560,681,1241,0.0,-0.0008333472224535399,1.0000000000000013,0.0
73062,39.114818580309674,1.0,560,681,1241,0.0,-0.0008333472224535399,1.0000000000000013,0.0
73063,39.11398523308722,1.0,560,681,1241,0.0,-0.0008333472224535399,1.0000000000000013,0.0
73064,39.11315188586477,1.0,560,681,1241,0.0,-0.0008333472224535399,1.0000000000000013,0.0
73065,39.11231853864231,1.0,560,681,1241,0.0,-0.0008333472224535399,1.0000000000000013,0.0
73066,39.11148519141986,1.0,560,681,1241,0.0,-0.0008333472224535399,1.0000000000000013,0.0
73067,39.110651844197406,1.0,560,681,1241,0.0,-0.0008333472224535399,1.0000000000000013,0.0
73068,39.10981849697495,1.0,560,681,1241,0.0,-0.0008333472224535399,1.0000000000000013,0.0
73069,39.1089851497525,1.0,560,681,1241,0.0,-0.0008333472224535399,1.0000000000000013,0.0
73070,39.108151802530045,1.0,560,681,1241,0.0,-0.0008333472224535399,1.0000000000000013,0.0
73071,39.10731845530759,1.0,560,681,1241,0.0,-0.0008333472224535399,1.0000000000000013,0.0
73072,39.10648510808514,0.9991941982272361,560,681,1241,-0.0008058017727639033,-0.0008333472224535399,0.999919419822725,-8.058017727639034e-05
73073,39.105651760862685,0.9991941982272361,560,681,1241,0.0,-0.0008333472224535399,0.9998388396454487,-8.058017727639034e-05
73074,39.10481841364023,0.9991941982272361,560,681,1241,0.0,-0.0008333472224535399,0.9997582594681724,-8.058017727639034e-05
73075,39.10398506641777,0.9991941982272361,560,681,1241,0.0,-0.0008333472224606453,0.999677679290896,-8.058017727639034e-05
73076,39.10315171919532,0.9991941982272361,560,681,1241,0.0,-0.0008333472224535399,0.9995970991136197,-8.058017727639034e-05
73077,39.10231837197286,0.9991941982272361,560,681,1241,0.0,-0.0008333472224535399,0.9995165189363433,-8.058017727639034e-05
73078,39.10148502475041,0.9983883964544722,560,681,1241,-0.0008058017727639033,-0.0008333472224535399,0.9993553585817907,-0.00016116035455278067
73079,39.10065167752796,0.9991941982272361,560,681,1241,0.0008058017727639033,-0.0008333472224535399,0.9992747784045143,-8.058017727639034e-05
73080,39.0998183303055,0.9991941982272361,560,681,1241,0.0,-0.0008333472224535399,0.999194198227238,-8.058017727639034e-05
73081,39.09898498308305,0.9991941982272361,560,681,1241,0.0,-0.0008333472224535399,0.9991136180499616,-8.058017727639034e-05
73082,39.098151635860596,0.9991941982272361,560,681,1241,0.0,-0.0008333472224535399,0.9991136180499616,0.0
73083,39.09731828863814,1.0,560,681,1241,0.0008058017727639033,-0.0008333472224535399,0.999194198227238,8.058017727639034e-05
73084,39.09648494141569,1.0,560,681,1241,0.0,-0.0008333472224535399,0.9992747784045143,8.058017727639034e-05
73085,39.095651594193235,1.0,560,681,1241,0.0,-0.0008333472224535399,0.9993553585817907,8.058017727639034e-05
73086,39.09481824697078,1.0,560,681,1241,0.0,-0.0008333472224535399,0.999435938759067,8.058017727639034e-05
73087,39.09398489974833,1.0,560,681,1241,0.0,-0.0008333472224535399,0.9995165189363433,8.058017727639034e-05
73088,39.093151552525875,1.0,560,681,1241,0.0,-0.0008333472224535399,0.999677679290896,0.00016116035455278067
73089,39.09231820530342,1.0,560,681,1241,0.0,-0.0008333472224535399,0.9997582594681724,8.058017727639034e-05
73090,39.09148485808097,1.0,560,681,1241,0.0,-0.0008333472224535399,0.9998388396454487,8.058017727639034e-05
73091,39.090651510858514,1.0,560,681,1241,0.0,-0.0008333472224535399,0.999919419822725,8.058017727639034e-05
73092,39.08981816363606,1.0,560,681,1241,0.0,-0.0008333472224535399,1.0000000000000013,8.058017727639034e-05
73093,39.08898481641361,1.0,560,681,1241,0.0,-0.0008333472224535399,1.0000000000000013,0.0
73094,39.08815146919115,1.0,560,681,1241,0.0,-0.0008333472224535399,1.0000000000000013,0.0
73095,39.0873181219687,0.9991941982272361,560,681,1241,-0.0008058017727639033,-0.0008333472224535399,0.999919419822725,-8.058017727639034e-05
73096,39.086484774746246,0.9991941982272361,560,681,1241,0.0,-0.0008333472224535399,0.9998388396454487,-8.058017727639034e-05
73097,39.08565142752379,0.9991941982272361,560,681,1241,0.0,-0.0008333472224535399,0.9997582594681724,-8.058017727639034e-05
73098,39.08481808030134,1.0,560,681,1241,0.0008058017727639033,-0.0008333472224535399,0.9997582594681724,0.0
73099,39.083984733078886,1.0,560,681,1241,0.0,-0.0008333472224535399,0.9997582594681724,0.0
73100,39.08315138585643,1.0,560,681,1241,0.0,-0.0008333472224535399,0.9997582594681724,0.0
73101,39.08231803863398,1.0,560,681,1241,0.0,-0.0008333472224535399,0.9997582594681724,0.0
73102,39.081484691411525,1.0,560,681,1241,0.0,-0.0008333472224535399,0.9997582594681724,0.0
73103,39.08065134418907,0.9991941982272361,560,681,1241,-0.0008058017727639033,-0.0008333472224535399,0.999677679290896,-8.058017727639034e-05
73104,39.07981799696662,0.9991941982272361,560,681,1241,0.0,-0.0008333472224535399,0.9995970991136197,-8.058017727639034e-05
73105,39.078984649744164,0.9991941982272361,560,681,1241,0.0,-0.0008333472224535399,0.9995970991136197,0.0
73106,39.07815130252171,0.9991941982272361,560,681,1241,0.0,-0.0008333472224535399,0.9995970991136197,0.0
73107,39.07731795529925,0.9991941982272361,560,681,1241,0.0,-0.0008333472224606453,0.9995970991136197,0.0
73108,39.0764846080768,1.0,560,681,1241,0.0008058017727639033,-0.0008333472224535399,0.9995970991136197,0.0
73109,39.07565126085434,1.0,560,681,1241,0.0,-0.0008333472224535399,0.9995970991136197,0.0
73110,39.07481791363189,0.9991941982272361,560,681,1241,-0.0008058017727639033,-0.0008333472224535399,0.9995165189363433,-8.058017727639034e-05
73111,39.073984566409436,0.9991941982272361,560,681,1241,0.0,-0.0008333472224535399,0.999435938759067,-8.058017727639034e-05
73112,39.07315121918698,0.9991941982272361,560,681,1241,0.0,-0.0008333472224535399,0.9993553585817907,-8.058017727639034e-05
73113,39.07231787196453,0.9991941982272361,560,681,1241,0.0,-0.0008333472224535399,0.9993553585817907,0.0
73114,39.071484524742075,0.9991941982272361,560,681,1241,0.0,-0.0008333472224535399,0.9993553585817907,0.0
73115,39.07065117751962,0.9991941982272361,560,681,1241,0.0,-0.0008333472224535399,0.9993553585817907,0.0
73116,39.06981783029717,0.9983883964544722,560,681,1241,-0.0008058017727639033,-0.0008333472224535399,0.9992747784045143,-8.058017727639034e-05
73117,39.068984483074715,0.9983883964544722,560,681,1241,0.0,-0.0008333472224535399,0.999194198227238,-8.058017727639034e-05
73118,39.06815113585226,0.9983883964544722,560,681,1241,0.0,-0.0008333472224535399,0.9990330378726853,-0.00016116035455278067
73119,39.06731778862981,0.9991941982272361,560,681,1241,0.0008058017727639033,-0.0008333472224535399,0.998952457695409,-8.058017727639034e-05
73120,39.066484441407354,0.9991941982272361,560,681,1241,0.0,-0.0008333472224535399,0.998952457695409,0.0
73121,39.0656510941849,1.0,560,681,1241,0.0008058017727639033,-0.0008333472224535399,0.9990330378726853,8.058017727639034e-05
73122,39.06481774696245,1.0,560,681,1241,0.0,-0.0008333472224535399,0.9991136180499616,8.058017727639034e-05
73123,39.063984399739994,1.0,560,681,1241,0.0,-0.0008333472224535399,0.999194198227238,8.058017727639034e-05
73124,39.06315105251754,1.0,560,681,1241,0.0,-0.0008333472224535399,0.9992747784045143,8.058017727639034e-05
73125,39.06231770529509,1.0,560,681,1241,0.0,-0.0008333472224535399,0.9993553585817907,8.058017727639034e-05
73126,39.06148435807263,1.0,560,681,1241,0.0,-0.0008333472224535399,0.9995165189363433,0.00016116035455278067
73127,39.06065101085018,1.0,560,681,1241,0.0,-0.0008333472224535399,0.999677679290896,0.00016116035455278067
73128,39.059817663627726,1.0,560,681,1241,0.0,-0.0008333472224535399,0.9998388396454487,0.00016116035455278067
73129,39.05898431640527,1.0,560,681,1241,0.0,-0.0008333472224535399,0.999919419822725,8.058017727639034e-05
73130,39.05815096918282,1.0,560,681,1241,0.0,-0.0008333472224535399,1.0000000000000013,8.058017727639034e-05
73131,39.057317621960365,1.0,560,681,1241,0.0,-0.0008333472224535399,1.0000000000000013,0.0
73132,39.05648427473791,1.0,560,681,1241,0.0,-0.0008333472224535399,1.0000000000000013,0.0
73133,39.05565092751546,1.0,560,681,1241,0.0,-0.0008333472224535399,1.0000000000000013,0.0
73134,39.054817580293005,1.0,560,681,1241,0.0,-0.0008333472224535399,1.0000000000000013,0.0
73135,39.05398423307055,0.9991941982272361,560,681,1241,-0.0008058017727639033,-0.0008333472224535399,0.999919419822725,-8.058017727639034e-05
73136,39.0531508858481,0.9991941982272361,560,681,1241,0.0,-0.0008333472224535399,0.9998388396454487,-8.058017727639034e-05
73137,39.052317538625644,0.9991941982272361,560,681,1241,0.0,-0.0008333472224535399,0.9997582594681724,-8.058017727639034e-05
73138,39.05148419140319,0.9991941982272361,560,681,1241,0.0,-0.0008333472224535399,0.999677679290896,-8.058017727639034e-05
73139,39.05065084418074,1.0,560,681,1241,0.0008058017727639033,-0.0008333472224535399,0.999677679290896,0.0
73140,39.04981749695828,1.0,560,681,1241,0.0,-0.0008333472224535399,0.999677679290896,0.0
73141,39.04898414973583,1.0,560,681,1241,0.0,-0.0008333472224535399,0.999677679290896,0.0
73142,39.048150802513376,1.0,560,681,1241,0.0,-0.0008333472224535399,0.999677679290896,0.0
73143,39.04731745529092,1.0,560,681,1241,0.0,-0.0008333472224535399,0.999677679290896,0.0
73144,39.04648410806847,1.0,560,681,1241,0.0,-0.0008333472224535399,0.999677679290896,0.0
73145,39.045650760846016,1.0,560,681,1241,0.0,-0.0008333472224535399,0.9997582594681724,8.058017727639034e-05
73146,39.04481741362356,1.0,560,681,1241,0.0,-0.0008333472224535399,0.9998388396454487,8.058017727639034e-05
73147,39.04398406640111,1.0,560,681,1241,0.0,-0.0008333472224535399,0.999919419822725,8.058017727639034e-05
73148,39.043150719178655,1.0,560,681,1241,0.0,-0.0008333472224535399,1.0000000000000013,8.058017727639034e-05
73149,39.0423173719562,1.0,560,681,1241,0.0,-0.0008333472224535399,1.0000000000000013,0.0
73150,39.04148402473375,1.0,560,681,1241,0.0,-0.0008333472224535399,1.0000000000000013,0.0
73151,39.040650677511294,1.0,560,681,1241,0.0,-0.0008333472224535399,1.0000000000000013,0.0
73152,39.03981733028884,1.0,560,681,1241,0.0,-0.0008333472224535399,1.0000000000000013,0.0
73153,39.03898398306639,1.0,560,681,1241,0.0,-0.0008333472224535399,1.0000000000000013,0.0
73154,39.038150635843934,1.0,560,681,1241,0.0,-0.0008333472224535399,1.0000000000000013,0.0
73155,39.03731728862148,1.0,560,681,1241,0.0,-0.0008333472224535399,1.0000000000000013,0.0
73156,39.03648394139903,1.0,560,681,1241,0.0,-0.0008333472224535399,1.0000000000000013,0.0
73157,39.03565059417657,1.0,560,681,1241,0.0,-0.0008333472224535399,1.0000000000000013,0.0
73158,39.03481724695412,1.0,560,681,1241,0.0,-0.0008333472224535399,1.0000000000000013,0.0
73159,39.033983899731666,1.0,560,681,1241,0.0,-0.0008333472224535399,1.0000000000000013,0.0
73160,39.033150552509206,1.0,560,681,1241,0.0,-0.0008333472224606453,1.0000000000000013,0.0
73161,39.03231720528675,1.0,560,681,1241,0.0,-0.0008333472224535399,1.0000000000000013,0.0
73162,39.0314838580643,1.0,560,681,1241,0.0,-0.0008333472224535399,1.0000000000000013,0.0
73163,39.030650510841845,1.0,560,681,1241,0.0,-0.0008333472224535399,1.0000000000000013,0.0
73164,39.02981716361939,1.0,560,681,1241,0.0,-0.0008333472224535399,1.0000000000000013,0.0
73165,39.02898381639694,1.0,560,681,1241,0.0,-0.0008333472224535399,1.0000000000000013,0.0
73166,39.028150469174484,0.9991941982272361,560,681,1241,-0.0008058017727639033,-0.0008333472224535399,0.999919419822725,-8.058017727639034e-05
73167,39.02731712195203,0.9991941982272361,560,681,1241,0.0,-0.0008333472224535399,0.9998388396454487,-8.058017727639034e-05
73168,39.02648377472958,0.9991941982272361,560,681,1241,0.0,-0.0008333472224535399,0.9997582594681724,-8.058017727639034e-05
73169,39.025650427507124,0.9991941982272361,560,681,1241,0.0,-0.0008333472224535399,0.999677679290896,-8.058017727639034e-05
73170,39.02481708028467,0.9991941982272361,560,681,1241,0.0,-0.0008333472224535399,0.9995970991136197,-8.058017727639034e-05
73171,39.02398373306222,0.9991941982272361,560,681,1241,0.0,-0.0008333472224535399,0.9995165189363433,-8.058017727639034e-05
73172,39.02315038583976,0.9991941982272361,560,681,1241,0.0,-0.0008333472224535399,0.999435938759067,-8.058017727639034e-05
73173,39.02231703861731,0.9991941982272361,560,681,1241,0.0,-0.0008333472224535399,0.9993553585817907,-8.058017727639034e-05
73174,39.021483691394856,1.0,560,681,1241,0.0008058017727639033,-0.0008333472224535399,0.9993553585817907,0.0
73175,39.0206503441724,1.0,560,681,1241,0.0,-0.0008333472224535399,0.9993553585817907,0.0
73176,39.01981699694995,1.0,560,681,1241,0.0,-0.0008333472224535399,0.999435938759067,8.058017727639034e-05
73177,39.018983649727495,1.0,560,681,1241,0.0,-0.0008333472224535399,0.9995165189363433,8.058017727639034e-05
73178,39.01815030250504,1.0,560,681,1241,0.0,-0.0008333472224535399,0.9995970991136197,8.058017727639034e-05
73179,39.01731695528259,1.0,560,681,1241,0.0,-0.0008333472224535399,0.999677679290896,8.058017727639034e-05
73180,39.016483608060135,1.0,560,681,1241,0.0,-0.0008333472224535399,0.9997582594681724,8.058017727639034e-05
73181,39.01565026083768,1.0,560,681,1241,0.0,-0.0008333472224535399,0.9998388396454487,8.058017727639034e-05
73182,39.01481691361523,1.0,560,681,1241,0.0,-0.0008333472224535399,0.999919419822725,8.058017727639034e-05
73183,39.013983566392774,1.0,560,681,1241,0.0,-0.0008333472224535399,1.0000000000000013,8.058017727639034e-05
73184,39.01315021917032,0.9991941982272361,560,681,1241,-0.0008058017727639033,-0.0008333472224535399,0.999919419822725,-8.058017727639034e-05
73185,39.01231687194787,0.9991941982272361,560,681,1241,0.0,-0.0008333472224535399,0.9998388396454487,-8.058017727639034e-05
73186,39.01148352472541,1.0,560,681,1241,0.0008058017727639033,-0.0008333472224535399,0.9998388396454487,0.0
73187,39.01065017750296,1.0,560,681,1241,0.0,-0.0008333472224535399,0.9998388396454487,0.0
73188,39.009816830280506,0.9983883964544722,560,681,1241,-0.0016116035455278066,-0.0008333472224535399,0.999677679290896,-0.00016116035455278067
73189,39.00898348305805,0.9991941982272361,560,681,1241,0.0008058017727639033,-0.0008333472224535399,0.9995970991136197,-8.058017727639034e-05
73190,39.0081501358356,0.9991941982272361,560,681,1241,0.0,-0.0008333472224535399,0.9995165189363433,-8.058017727639034e-05
73191,39.00731678861314,0.9975825946817083,560,681,1241,-0.0016116035455278066,-0.0008333472224606453,0.9992747784045142,-0.00024174053182917098
73192,39.006483441390685,0.9983883964544722,560,681,1241,0.0008058017727639033,-0.0008333472224535399,0.9991136180499612,-0.00016116035455278067
73193,39.00565009416823,0.9983883964544722,560,681,1241,0.0,-0.0008333472224535399,0.9989524576954085,-0.00016116035455278067
73194,39.00481674694578,0.9991941982272361,560,681,1241,0.0008058017727639033,-0.0008333472224535399,0.9989524576954085,0.0
73195,39.003983399723325,1.0,560,681,1241,0.0008058017727639033,-0.0008333472224535399,0.9990330378726849,8.058017727639034e-05
73196,39.00315005250087,1.0,560,681,1241,0.0,-0.0008333472224535399,0.9990330378726849,0.0
73197,39.00231670527842,1.0,560,681,1241,0.0,-0.0008333472224535399,0.9990330378726849,0.0
73198,39.001483358055964,1.0,560,681,1241,0.0,-0.0008333472224535399,0.9991941982272377,0.00016116035455278067
73199,39.00065001083351,1.0,560,681,1241,0.0,-0.0008333472224535399,0.999274778404514,8.058017727639034e-05
73200,38.99981666361106,1.0,560,681,1241,0.0,-0.0008333472224535399,0.9993553585817903,8.058017727639034e-05
73201,38.9989833163886,1.0,560,681,1241,0.0,-0.0008333472224535399,0.9995970991136195,0.00024174053182917098
73202,38.99814996916615,0.9991941982272361,560,681,1241,-0.0008058017727639033,-0.0008333472224535399,0.999677679290896,8.058017727639034e-05
73203,38.997316621943696,1.0,560,681,1241,0.0008058017727639033,-0.0008333472224535399,0.9998388396454487,0.00016116035455278067
73204,38.99648327472124,1.0,560,681,1241,0.0,-0.0008333472224535399,0.999919419822725,8.058017727639034e-05
73205,38.99564992749879,1.0,560,681,1241,0.0,-0.0008333472224535399,0.999919419822725,0.0
73206,38.994816580276336,1.0,560,681,1241,0.0,-0.0008333472224535399,0.999919419822725,0.0
73207,38.99398323305388,1.0,560,681,1241,0.0,-0.0008333472224535399,0.999919419822725,0.0
73208,38.99314988583143,1.0,560,681,1241,0.0,-0.0008333472224535399,0.999919419822725,0.0
73209,38.992316538608975,1.0,560,681,1241,0.0,-0.0008333472224535399,0.999919419822725,0.0
73210,38.99148319138652,0.9991941982272361,560,681,1241,-0.0008058017727639033,-0.0008333472224535399,0.9998388396454487,-8.058017727639034e-05
73211,38.99064984416407,0.9991941982272361,560,681,1241,0.0,-0.0008333472224535399,0.9997582594681724,-8.058017727639034e-05
73212,38.989816496941614,0.9991941982272361,560,681,1241,0.0,-0.0008333472224535399,0.9997582594681724,0.0
73213,38.98898314971916,0.9991941982272361,560,681,1241,0.0,-0.0008333472224535399,0.999677679290896,-8.058017727639034e-05
73214,38.98814980249671,0.9991941982272361,560,681,1241,0.0,-0.0008333472224535399,0.9995970991136197,-8.058017727639034e-05
73215,38.987316455274254,0.9991941982272361,560,681,1241,0.0,-0.0008333472224535399,0.9995165189363433,-8.058017727639034e-05
73216,38.9864831080518,1.0,560,681,1241,0.0008058017727639033,-0.0008333472224535399,0.9995165189363433,0.0
73217,38.98564976082935,1.0,560,681,1241,0.0,-0.0008333472224535399,0.9995165189363433,0.0
73218,38.98481641360689,1.0,560,681,1241,0.0,-0.0008333472224535399,0.9995165189363433,0.0
73219,38.98398306638444,1.0,560,681,1241,0.0,-0.0008333472224535399,0.9995165189363433,0.0
73220,38.983149719161986,1.0,560,681,1241,0.0,-0.0008333472224535399,0.9995970991136197,8.058017727639034e-05
73221,38.98231637193953,1.0,560,681,1241,0.0,-0.0008333472224535399,0.999677679290896,8.058017727639034e-05
73222,38.98148302471708,1.0,560,681,1241,0.0,-0.0008333472224535399,0.9997582594681724,8.058017727639034e-05
73223,38.980649677494625,1.0,560,681,1241,0.0,-0.0008333472224535399,0.9998388396454487,8.058017727639034e-05
73224,38.97981633027217,1.0,560,681,1241,0.0,-0.0008333472224535399,0.999919419822725,8.058017727639034e-05
73225,38.97898298304972,1.0,560,681,1241,0.0,-0.0008333472224535399,1.0000000000000013,8.058017727639034e-05
73226,38.978149635827265,1.0,560,681,1241,0.0,-0.0008333472224535399,1.0000000000000013,0.0
73227,38.97731628860481,1.0,560,681,1241,0.0,-0.0008333472224535399,1.0000000000000013,0.0
73228,38.97648294138236,1.0,560,681,1241,0.0,-0.0008333472224535399,1.0000000000000013,0.0
73229,38.975649594159904,1.0,560,681,1241,0.0,-0.0008333472224535399,1.0000000000000013,0.0
73230,38.97481624693745,1.0,560,681,1241,0.0,-0.0008333472224535399,1.0000000000000013,0.0
73231,38.973982899715,1.0,560,681,1241,0.0,-0.0008333472224535399,1.0000000000000013,0.0
73232,38.97314955249254,1.0,560,681,1241,0.0,-0.0008333472224535399,1.0000000000000013,0.0
73233,38.97231620527009,1.0,560,681,1241,0.0,-0.0008333472224535399,1.0000000000000013,0.0
73234,38.97148285804764,1.0,560,681,1241,0.0,-0.0008333472224535399,1.0000000000000013,0.0
73235,38.97064951082518,1.0,560,681,1241,0.0,-0.0008333472224535399,1.0000000000000013,0.0
73236,38.96981616360273,1.0,560,681,1241,0.0,-0.0008333472224535399,1.0000000000000013,0.0
73237,38.968982816380276,1.0,560,681,1241,0.0,-0.0008333472224535399,1.0000000000000013,0.0
73238,38.96814946915782,1.0,560,681,1241,0.0,-0.0008333472224535399,1.0000000000000013,0.0
73239,38.96731612193537,1.0,560,681,1241,0.0,-0.0008333472224535399,1.0000000000000013,0.0
73240,38.966482774712915,1.0,560,681,1241,0.0,-0.0008333472224535399,1.0000000000000013,0.0
73241,38.96564942749046,1.0,560,681,1241,0.0,-0.0008333472224535399,1.0000000000000013,0.0
73242,38.96481608026801,1.0,560,681,1241,0.0,-0.0008333472224535399,1.0000000000000013,0.0
73243,38.963982733045555,1.0,560,681,1241,0.0,-0.0008333472224535399,1.0000000000000013,0.0
73244,38.963149385823094,1.0,560,681,1241,0.0,-0.0008333472224606453,1.0000000000000013,0.0
73245,38.96231603860064,1.0,560,681,1241,0.0,-0.0008333472224535399,1.0000000000000013,0.0
73246,38.96148269137819,1.0,560,681,1241,0.0,-0.0008333472224535399,1.0000000000000013,0.0
73247,38.96064934415573,1.0,560,681,1241,0.0,-0.0008333472224535399,1.0000000000000013,0.0
73248,38.95981599693328,1.0,560,681,1241,0.0,-0.0008333472224535399,1.0000000000000013,0.0
73249,38.958982649710826,1.0,560,681,1241,0.0,-0.0008333472224535399,1.0000000000000013,0.0
73250,38.95814930248837,1.0,560,681,1241,0.0,-0.0008333472224535399,1.0000000000000013,0.0
73251,38.95731595526592,1.0,560,681,1241,0.0,-0.0008333472224535399,1.0000000000000013,0.0
73252,38.956482608043466,1.0,560,681,1241,0.0,-0.0008333472224535399,1.0000000000000013,0.0
73253,38.95564926082101,1.0,560,681,1241,0.0,-0.0008333472224535399,1.0000000000000013,0.0
73254,38.95481591359856,1.0,560,681,1241,0.0,-0.0008333472224535399,1.0000000000000013,0.0
73255,38.953982566376105,1.0,560,681,1241,0.0,-0.0008333472224535399,1.0000000000000013,0.0
73256,38.95314921915365,1.0,560,681,1241,0.0,-0.0008333472224535399,1.0000000000000013,0.0
73257,38.9523158719312,1.0,560,681,1241,0.0,-0.0008333472224535399,1.0000000000000013,0.0
73258,38.951482524708744,1.0,560,681,1241,0.0,-0.0008333472224535399,1.0000000000000013,0.0
73259,38.95064917748629,1.0,560,681,1241,0.0,-0.0008333472224535399,1.0000000000000013,0.0
73260,38.94981583026384,1.0,560,681,1241,0.0,-0.0008333472224535399,1.0000000000000013,0.0
73261,38.948982483041384,0.9991941982272361,560,681,1241,-0.0008058017727639033,-0.0008333472224535399,0.999919419822725,-8.058017727639034e-05
73262,38.94814913581893,0.9991941982272361,560,681,1241,0.0,-0.0008333472224535399,0.9998388396454487,-8.058017727639034e-05
73263,38.94731578859648,0.9991941982272361,560,681,1241,0.0,-0.0008333472224535399,0.9997582594681724,-8.058017727639034e-05
73264,38.94648244137402,0.9991941982272361,560,681,1241,0.0,-0.0008333472224535399,0.999677679290896,-8.058017727639034e-05
73265,38.94564909415157,1.0,560,681,1241,0.0008058017727639033,-0.0008333472224535399,0.999677679290896,0.0
73266,38.944815746929116,1.0,560,681,1241,0.0,-0.0008333472224535399,0.999677679290896,0.0
73267,38.94398239970666,1.0,560,681,1241,0.0,-0.0008333472224535399,0.999677679290896,0.0
73268,38.94314905248421,0.9991941982272361,560,681,1241,-0.0008058017727639033,-0.0008333472224535399,0.9995970991136197,-8.058017727639034e-05
73269,38.942315705261755,1.0,560,681,1241,0.0008058017727639033,-0.0008333472224535399,0.9995970991136197,0.0
73270,38.9414823580393,1.0,560,681,1241,0.0,-0.0008333472224535399,0.9995970991136197,0.0
73271,38.94064901081685,1.0,560,681,1241,0.0,-0.0008333472224535399,0.999677679290896,8.058017727639034e-05
73272,38.939815663594395,1.0,560,681,1241,0.0,-0.0008333472224535399,0.9997582594681724,8.058017727639034e-05
73273,38.93898231637194,1.0,560,681,1241,0.0,-0.0008333472224535399,0.9998388396454487,8.058017727639034e-05
73274,38.93814896914949,1.0,560,681,1241,0.0,-0.0008333472224535399,0.999919419822725,8.058017727639034e-05
73275,38.937315621927034,1.0,560,681,1241,0.0,-0.0008333472224535399,0.999919419822725,0.0
73276,38.936482274704574,1.0,560,681,1241,0.0,-0.0008333472224606453,0.999919419822725,0.0
73277,38.93564892748212,1.0,560,681,1241,0.0,-0.0008333472224535399,0.999919419822725,0.0
73278,38.93481558025967,1.0,560,681,1241,0.0,-0.0008333472224535399,1.0000000000000013,8.058017727639034e-05
73279,38.93398223303721,1.0,560,681,1241,0.0,-0.0008333472224535399,1.0000000000000013,0.0
73280,38.93314888581476,1.0,560,681,1241,0.0,-0.0008333472224535399,1.0000000000000013,0.0
73281,38.932315538592306,1.0,560,681,1241,0.0,-0.0008333472224535399,1.0000000000000013,0.0
73282,38.93148219136985,1.0,560,681,1241,0.0,-0.0008333472224535399,1.0000000000000013,0.0
73283,38.9306488441474,1.0,560,681,1241,0.0,-0.0008333472224535399,1.0000000000000013,0.0
73284,38.929815496924945,0.9991941982272361,560,681,1241,-0.0008058017727639033,-0.0008333472224535399,0.999919419822725,-8.058017727639034e-05
73285,38.92898214970249,0.9991941982272361,560,681,1241,0.0,-0.0008333472224535399,0.9998388396454487,-8.058017727639034e-05
73286,38.92814880248004,1.0,560,681,1241,0.0008058017727639033,-0.0008333472224535399,0.9998388396454487,0.0
73287,38.927315455257585,0.9991941982272361,560,681,1241,-0.0008058017727639033,-0.0008333472224535399,0.9997582594681724,-8.058017727639034e-05
73288,38.92648210803513,0.9991941982272361,560,681,1241,0.0,-0.0008333472224535399,0.999677679290896,-8.058017727639034e-05
73289,38.92564876081268,0.9991941982272361,560,681,1241,0.0,-0.0008333472224535399,0.9995970991136197,-8.058017727639034e-05
73290,38.924815413590224,0.9991941982272361,560,681,1241,0.0,-0.0008333472224535399,0.9995165189363433,-8.058017727639034e-05
73291,38.92398206636777,1.0,560,681,1241,0.0008058017727639033,-0.0008333472224535399,0.9995165189363433,0.0
73292,38.92314871914532,1.0,560,681,1241,0.0,-0.0008333472224535399,0.9995165189363433,0.0
73293,38.92231537192286,1.0,560,681,1241,0.0,-0.0008333472224535399,0.9995165189363433,0.0
73294,38.92148202470041,1.0,560,681,1241,0.0,-0.0008333472224535399,0.9995970991136197,8.058017727639034e-05
73295,38.920648677477956,1.0,560,681,1241,0.0,-0.0008333472224535399,0.999677679290896,8.058017727639034e-05
73296,38.9198153302555,1.0,560,681,1241,0.0,-0.0008333472224535399,0.999677679290896,0.0
73297,38.91898198303305,1.0,560,681,1241,0.0,-0.0008333472224535399,0.9997582594681724,8.058017727639034e-05
73298,38.918148635810596,1.0,560,681,1241,0.0,-0.0008333472224535399,0.9998388396454487,8.058017727639034e-05
73299,38.91731528858814,1.0,560,681,1241,0.0,-0.0008333472224535399,0.999919419822725,8.058017727639034e-05
73300,38.91648194136569,1.0,560,681,1241,0.0,-0.0008333472224535399,1.0000000000000013,8.058017727639034e-05
73301,38.915648594143235,1.0,560,681,1241,0.0,-0.0008333472224535399,1.0000000000000013,0.0
73302,38.91481524692078,1.0,560,681,1241,0.0,-0.0008333472224535399,1.0000000000000013,0.0
73303,38.91398189969833,1.0,560,681,1241,0.0,-0.0008333472224535399,1.0000000000000013,0.0
73304,38.913148552475874,1.0,560,681,1241,0.0,-0.0008333472224535399,1.0000000000000013,0.0
73305,38.91231520525342,1.0,560,681,1241,0.0,-0.0008333472224535399,1.0000000000000013,0.0
73306,38.91148185803097,1.0,560,681,1241,0.0,-0.0008333472224535399,1.0000000000000013,0.0
73307,38.910648510808514,1.0,560,681,1241,0.0,-0.0008333472224535399,1.0000000000000013,0.0
73308,38.90981516358606,1.0,560,681,1241,0.0,-0.0008333472224535399,1.0000000000000013,0.0
73309,38.90898181636361,1.0,560,681,1241,0.0,-0.0008333472224535399,1.0000000000000013,0.0
73310,38.90814846914115,1.0,560,681,1241,0.0,-0.0008333472224535399,1.0000000000000013,0.0
73311,38.9073151219187,1.0,560,681,1241,0.0,-0.0008333472224535399,1.0000000000000013,0.0
73312,38.906481774696246,1.0,560,681,1241,0.0,-0.0008333472224535399,1.0000000000000013,0.0
73313,38.90564842747379,1.0,560,681,1241,0.0,-0.0008333472224535399,1.0000000000000013,0.0
73314,38.90481508025134,1.0,560,681,1241,0.0,-0.0008333472224535399,1.0000000000000013,0.0
73315,38.903981733028886,0.9991941982272361,560,681,1241,-0.0008058017727639033,-0.0008333472224535399,0.999919419822725,-8.058017727639034e-05
73316,38.90314838580643,1.0,560,681,1241,0.0008058017727639033,-0.0008333472224535399,0.999919419822725,0.0
73317,38.90231503858398,0.9991941982272361,560,681,1241,-0.0008058017727639033,-0.0008333472224535399,0.9998388396454487,-8.058017727639034e-05
73318,38.901481691361525,0.9991941982272361,560,681,1241,0.0,-0.0008333472224535399,0.9997582594681724,-8.058017727639034e-05
73319,38.90064834413907,1.0,560,681,1241,0.0008058017727639033,-0.0008333472224535399,0.9997582594681724,0.0
73320,38.89981499691662,1.0,560,681,1241,0.0,-0.0008333472224535399,0.9997582594681724,0.0
73321,38.898981649694164,1.0,560,681,1241,0.0,-0.0008333472224535399,0.9997582594681724,0.0
73322,38.89814830247171,1.0,560,681,1241,0.0,-0.0008333472224535399,0.9997582594681724,0.0
73323,38.89731495524926,1.0,560,681,1241,0.0,-0.0008333472224535399,0.9997582594681724,0.0
73324,38.896481608026804,1.0,560,681,1241,0.0,-0.0008333472224535399,0.9997582594681724,0.0
73325,38.89564826080435,1.0,560,681,1241,0.0,-0.0008333472224535399,0.9998388396454487,8.058017727639034e-05
73326,38.8948149135819,1.0,560,681,1241,0.0,-0.0008333472224535399,0.9998388396454487,0.0
73327,38.89398156635944,0.9991941982272361,560,681,1241,-0.0008058017727639033,-0.0008333472224535399,0.9998388396454487,0.0
73328,38.89314821913699,1.0,560,681,1241,0.0008058017727639033,-0.0008333472224535399,0.999919419822725,8.058017727639034e-05
73329,38.89231487191453,1.0,560,681,1241,0.0,-0.0008333472224606453,0.999919419822725,0.0
73330,38.891481524692075,1.0,560,681,1241,0.0,-0.0008333472224535399,0.999919419822725,0.0
73331,38.89064817746962,1.0,560,681,1241,0.0,-0.0008333472224535399,0.999919419822725,0.0
73332,38.88981483024717,0.9991941982272361,560,681,1241,-0.0008058017727639033,-0.0008333472224535399,0.9998388396454487,-8.058017727639034e-05
73333,38.888981483024715,1.0,560,681,1241,0.0008058017727639033,-0.0008333472224535399,0.9998388396454487,0.0
73334,38.88814813580226,1.0,560,681,1241,0.0,-0.0008333472224535399,0.9998388396454487,0.0
73335,38.88731478857981,1.0,560,681,1241,0.0,-0.0008333472224535399,0.9998388396454487,0.0
73336,38.886481441357354,1.0,560,681,1241,0.0,-0.0008333472224535399,0.9998388396454487,0.0
73337,38.8856480941349,1.0,560,681,1241,0.0,-0.0008333472224535399,0.999919419822725,8.058017727639034e-05
73338,38.88481474691245,1.0,560,681,1241,0.0,-0.0008333472224535399,0.999919419822725,0.0
73339,38.88398139968999,1.0,560,681,1241,0.0,-0.0008333472224535399,0.999919419822725,0.0
73340,38.88314805246754,1.0,560,681,1241,0.0,-0.0008333472224535399,0.999919419822725,0.0
73341,38.882314705245086,1.0,560,681,1241,0.0,-0.0008333472224535399,0.999919419822725,0.0
73342,38.88148135802263,1.0,560,681,1241,0.0,-0.0008333472224535399,1.0000000000000013,8.058017727639034e-05
73343,38.88064801080018,1.0,560,681,1241,0.0,-0.0008333472224535399,1.0000000000000013,0.0
73344,38.879814663577726,1.0,560,681,1241,0.0,-0.0008333472224535399,1.0000000000000013,0.0
73345,38.87898131635527,1.0,560,681,1241,0.0,-0.0008333472224535399,1.0000000000000013,0.0
73346,38.87814796913282,0.9991941982272361,560,681,1241,-0.0008058017727639033,-0.0008333472224535399,0.999919419822725,-8.058017727639034e-05
73347,38.877314621910365,0.9991941982272361,560,681,1241,0.0,-0.0008333472224535399,0.9998388396454487,-8.058017727639034e-05
73348,38.87648127468791,0.9991941982272361,560,681,1241,0.0,-0.0008333472224535399,0.9997582594681724,-8.058017727639034e-05
73349,38.87564792746546,0.9991941982272361,560,681,1241,0.0,-0.0008333472224535399,0.999677679290896,-8.058017727639034e-05
73350,38.874814580243005,0.9991941982272361,560,681,1241,0.0,-0.0008333472224535399,0.9995970991136197,-8.058017727639034e-05
73351,38.87398123302055,0.9991941982272361,560,681,1241,0.0,-0.0008333472224535399,0.9995165189363433,-8.058017727639034e-05
73352,38.8731478857981,1.0,560,681,1241,0.0008058017727639033,-0.0008333472224535399,0.9995165189363433,0.0
73353,38.872314538575644,1.0,560,681,1241,0.0,-0.0008333472224535399,0.9995165189363433,0.0
73354,38.87148119135319,1.0,560,681,1241,0.0,-0.0008333472224535399,0.9995165189363433,0.0
73355,38.87064784413074,0.9991941982272361,560,681,1241,-0.0008058017727639033,-0.0008333472224535399,0.999435938759067,-8.058017727639034e-05
73356,38.86981449690828,0.9991941982272361,560,681,1241,0.0,-0.0008333472224535399,0.999435938759067,0.0
73357,38.86898114968583,1.0,560,681,1241,0.0008058017727639033,-0.0008333472224535399,0.9995165189363433,8.058017727639034e-05
73358,38.868147802463376,1.0,560,681,1241,0.0,-0.0008333472224535399,0.9995970991136197,8.058017727639034e-05
73359,38.86731445524092,1.0,560,681,1241,0.0,-0.0008333472224535399,0.999677679290896,8.058017727639034e-05
73360,38.86648110801847,1.0,560,681,1241,0.0,-0.0008333472224535399,0.9997582594681724,8.058017727639034e-05
73361,38.86564776079601,1.0,560,681,1241,0.0,-0.0008333472224606453,0.9998388396454487,8.058017727639034e-05
73362,38.864814413573555,1.0,560,681,1241,0.0,-0.0008333472224535399,0.9998388396454487,0.0
73363,38.8639810663511,1.0,560,681,1241,0.0,-0.0008333472224535399,0.9998388396454487,0.0
73364,38.86314771912865,1.0,560,681,1241,0.0,-0.0008333472224535399,0.9998388396454487,0.0
73365,38.862314371906194,0.9991941982272361,560,681,1241,-0.0008058017727639033,-0.0008333472224535399,0.9998388396454487,0.0
73366,38.86148102468374,1.0,560,681,1241,0.0008058017727639033,-0.0008333472224535399,0.999919419822725,8.058017727639034e-05
73367,38.86064767746129,1.0,560,681,1241,0.0,-0.0008333472224535399,0.999919419822725,0.0
73368,38.859814330238834,1.0,560,681,1241,0.0,-0.0008333472224535399,0.999919419822725,0.0
73369,38.85898098301638,1.0,560,681,1241,0.0,-0.0008333472224535399,0.999919419822725,0.0
73370,38.85814763579393,0.9991941982272361,560,681,1241,-0.0008058017727639033,-0.0008333472224535399,0.9998388396454487,-8.058017727639034e-05
73371,38.85731428857147,0.9991941982272361,560,681,1241,0.0,-0.0008333472224535399,0.9997582594681724,-8.058017727639034e-05
73372,38.85648094134902,1.0,560,681,1241,0.0008058017727639033,-0.0008333472224535399,0.9997582594681724,0.0
73373,38.855647594126566,1.0,560,681,1241,0.0,-0.0008333472224535399,0.9997582594681724,0.0
73374,38.85481424690411,1.0,560,681,1241,0.0,-0.0008333472224535399,0.9997582594681724,0.0
73375,38.85398089968166,1.0,560,681,1241,0.0,-0.0008333472224535399,0.9998388396454487,8.058017727639034e-05
73376,38.853147552459205,1.0,560,681,1241,0.0,-0.0008333472224535399,0.9998388396454487,0.0
73377,38.85231420523675,1.0,560,681,1241,0.0,-0.0008333472224535399,0.9998388396454487,0.0
73378,38.8514808580143,1.0,560,681,1241,0.0,-0.0008333472224535399,0.9998388396454487,0.0
73379,38.850647510791845,1.0,560,681,1241,0.0,-0.0008333472224535399,0.9998388396454487,0.0
73380,38.84981416356939,1.0,560,681,1241,0.0,-0.0008333472224535399,0.999919419822725,8.058017727639034e-05
73381,38.84898081634694,1.0,560,681,1241,0.0,-0.0008333472224535399,1.0000000000000013,8.058017727639034e-05
73382,38.848147469124484,1.0,560,681,1241,0.0,-0.0008333472224535399,1.0000000000000013,0.0
73383,38.84731412190203,1.0,560,681,1241,0.0,-0.0008333472224535399,1.0000000000000013,0.0
73384,38.84648077467958,1.0,560,681,1241,0.0,-0.0008333472224535399,1.0000000000000013,0.0
73385,38.84564742745712,1.0,560,681,1241,0.0,-0.0008333472224535399,1.0000000000000013,0.0
73386,38.84481408023467,1.0,560,681,1241,0.0,-0.0008333472224535399,1.0000000000000013,0.0
73387,38.843980733012216,1.0,560,681,1241,0.0,-0.0008333472224535399,1.0000000000000013,0.0
73388,38.84314738578976,1.0,560,681,1241,0.0,-0.0008333472224535399,1.0000000000000013,0.0
73389,38.84231403856731,1.0,560,681,1241,0.0,-0.0008333472224535399,1.0000000000000013,0.0
73390,38.841480691344856,1.0,560,681,1241,0.0,-0.0008333472224535399,1.0000000000000013,0.0
73391,38.8406473441224,1.0,560,681,1241,0.0,-0.0008333472224535399,1.0000000000000013,0.0
73392,38.83981399689995,1.0,560,681,1241,0.0,-0.0008333472224535399,1.0000000000000013,0.0
73393,38.838980649677495,1.0,560,681,1241,0.0,-0.0008333472224535399,1.0000000000000013,0.0
73394,38.83814730245504,1.0,560,681,1241,0.0,-0.0008333472224535399,1.0000000000000013,0.0
73395,38.83731395523259,1.0,560,681,1241,0.0,-0.0008333472224535399,1.0000000000000013,0.0
73396,38.836480608010135,1.0,560,681,1241,0.0,-0.0008333472224535399,1.0000000000000013,0.0
73397,38.83564726078768,0.9991941982272361,560,681,1241,-0.0008058017727639033,-0.0008333472224535399,0.999919419822725,-8.058017727639034e-05
73398,38.83481391356523,0.9991941982272361,560,681,1241,0.0,-0.0008333472224535399,0.9998388396454487,-8.058017727639034e-05
73399,38.833980566342774,0.9991941982272361,560,681,1241,0.0,-0.0008333472224535399,0.9997582594681724,-8.058017727639034e-05
73400,38.83314721912032,0.9991941982272361,560,681,1241,0.0,-0.0008333472224535399,0.999677679290896,-8.058017727639034e-05
73401,38.83231387189787,0.9991941982272361,560,681,1241,0.0,-0.0008333472224535399,0.9995970991136197,-8.058017727639034e-05
73402,38.83148052467541,0.9991941982272361,560,681,1241,0.0,-0.0008333472224535399,0.9995165189363433,-8.058017727639034e-05
73403,38.83064717745296,0.9991941982272361,560,681,1241,0.0,-0.0008333472224535399,0.999435938759067,-8.058017727639034e-05
73404,38.829813830230506,0.9991941982272361,560,681,1241,0.0,-0.0008333472224535399,0.9993553585817907,-8.058017727639034e-05
73405,38.82898048300805,0.9991941982272361,560,681,1241,0.0,-0.0008333472224535399,0.9992747784045143,-8.058017727639034e-05
73406,38.8281471357856,0.9991941982272361,560,681,1241,0.0,-0.0008333472224535399,0.999194198227238,-8.058017727639034e-05
73407,38.827313788563146,1.0,560,681,1241,0.0008058017727639033,-0.0008333472224535399,0.9992747784045143,8.058017727639034e-05
73408,38.82648044134069,1.0,560,681,1241,0.0,-0.0008333472224535399,0.9993553585817907,8.058017727639034e-05
73409,38.82564709411824,1.0,560,681,1241,0.0,-0.0008333472224535399,0.999435938759067,8.058017727639034e-05
73410,38.824813746895785,1.0,560,681,1241,0.0,-0.0008333472224535399,0.9995165189363433,8.058017727639034e-05
73411,38.82398039967333,1.0,560,681,1241,0.0,-0.0008333472224535399,0.9995970991136197,8.058017727639034e-05
73412,38.82314705245088,1.0,560,681,1241,0.0,-0.0008333472224535399,0.999677679290896,8.058017727639034e-05
73413,38.822313705228424,1.0,560,681,1241,0.0,-0.0008333472224535399,0.9997582594681724,8.058017727639034e-05
73414,38.821480358005964,1.0,560,681,1241,0.0,-0.0008333472224606453,0.9998388396454487,8.058017727639034e-05
73415,38.82064701078351,1.0,560,681,1241,0.0,-0.0008333472224535399,0.999919419822725,8.058017727639034e-05
73416,38.81981366356106,0.9983883964544722,560,681,1241,-0.0016116035455278066,-0.0008333472224535399,0.9998388396454487,-8.058017727639034e-05
73417,38.8189803163386,0.9991941982272361,560,681,1241,0.0008058017727639033,-0.0008333472224535399,0.9997582594681724,-8.058017727639034e-05
73418,38.81814696911615,1.0,560,681,1241,0.0008058017727639033,-0.0008333472224535399,0.9997582594681724,0.0
73419,38.817313621893696,1.0,560,681,1241,0.0,-0.0008333472224535399,0.9997582594681724,0.0
73420,38.81648027467124,1.0,560,681,1241,0.0,-0.0008333472224535399,0.9997582594681724,0.0
73421,38.81564692744879,1.0,560,681,1241,0.0,-0.0008333472224535399,0.9997582594681724,0.0
73422,38.814813580226335,1.0,560,681,1241,0.0,-0.0008333472224535399,0.9997582594681724,0.0
73423,38.81398023300388,1.0,560,681,1241,0.0,-0.0008333472224535399,0.9997582594681724,0.0
73424,38.81314688578143,1.0,560,681,1241,0.0,-0.0008333472224535399,0.9997582594681724,0.0
73425,38.812313538558975,1.0,560,681,1241,0.0,-0.0008333472224535399,0.9997582594681724,0.0
73426,38.81148019133652,1.0,560,681,1241,0.0,-0.0008333472224535399,0.999919419822725,0.00016116035455278067
73427,38.81064684411407,1.0,560,681,1241,0.0,-0.0008333472224535399,1.0000000000000013,8.058017727639034e-05
73428,38.809813496891614,1.0,560,681,1241,0.0,-0.0008333472224535399,1.0000000000000013,0.0
73429,38.80898014966916,1.0,560,681,1241,0.0,-0.0008333472224535399,1.0000000000000013,0.0
73430,38.80814680244671,1.0,560,681,1241,0.0,-0.0008333472224535399,1.0000000000000013,0.0
73431,38.807313455224254,1.0,560,681,1241,0.0,-0.0008333472224535399,1.0000000000000013,0.0
73432,38.8064801080018,1.0,560,681,1241,0.0,-0.0008333472224535399,1.0000000000000013,0.0
73433,38.80564676077935,1.0,560,681,1241,0.0,-0.0008333472224535399,1.0000000000000013,0.0
73434,38.80481341355689,1.0,560,681,1241,0.0,-0.0008333472224535399,1.0000000000000013,0.0
73435,38.80398006633444,1.0,560,681,1241,0.0,-0.0008333472224535399,1.0000000000000013,0.0
73436,38.803146719111986,1.0,560,681,1241,0.0,-0.0008333472224535399,1.0000000000000013,0.0
73437,38.80231337188953,1.0,560,681,1241,0.0,-0.0008333472224535399,1.0000000000000013,0.0
73438,38.80148002466708,1.0,560,681,1241,0.0,-0.0008333472224535399,1.0000000000000013,0.0
73439,38.800646677444625,1.0,560,681,1241,0.0,-0.0008333472224535399,1.0000000000000013,0.0
73440,38.79981333022217,1.0,560,681,1241,0.0,-0.0008333472224535399,1.0000000000000013,0.0
73441,38.79897998299972,1.0,560,681,1241,0.0,-0.0008333472224535399,1.0000000000000013,0.0
73442,38.798146635777265,1.0,560,681,1241,0.0,-0.0008333472224535399,1.0000000000000013,0.0
73443,38.79731328855481,1.0,560,681,1241,0.0,-0.0008333472224535399,1.0000000000000013,0.0
73444,38.79647994133236,1.0,560,681,1241,0.0,-0.0008333472224535399,1.0000000000000013,0.0
73445,38.795646594109904,1.0,560,681,1241,0.0,-0.0008333472224535399,1.0000000000000013,0.0
73446,38.79481324688744,1.0,560,681,1241,0.0,-0.0008333472224606453,1.0000000000000013,0.0
73447,38.79397989966499,1.0,560,681,1241,0.0,-0.0008333472224535399,1.0000000000000013,0.0
73448,38.793146552442536,1.0,560,681,1241,0.0,-0.0008333472224535399,1.0000000000000013,0.0
73449,38.79231320522008,1.0,560,681,1241,0.0,-0.0008333472224535399,1.0000000000000013,0.0
73450,38.79147985799763,1.0,560,681,1241,0.0,-0.0008333472224535399,1.0000000000000013,0.0
73451,38.790646510775176,1.0,560,681,1241,0.0,-0.0008333472224535399,1.0000000000000013,0.0
73452,38.78981316355272,1.0,560,681,1241,0.0,-0.0008333472224535399,1.0000000000000013,0.0
73453,38.78897981633027,1.0,560,681,1241,0.0,-0.0008333472224535399,1.0000000000000013,0.0
73454,38.788146469107815,1.0,560,681,1241,0.0,-0.0008333472224535399,1.0000000000000013,0.0
73455,38.78731312188536,1.0,560,681,1241,0.0,-0.0008333472224535399,1.0000000000000013,0.0
73456,38.78647977466291,1.0,560,681,1241,0.0,-0.0008333472224535399,1.0000000000000013,0.0
73457,38.785646427440454,1.0,560,681,1241,0.0,-0.0008333472224535399,1.0000000000000013,0.0
73458,38.784813080218,1.0,560,681,1241,0.0,-0.0008333472224535399,1.0000000000000013,0.0
73459,38.78397973299555,1.0,560,681,1241,0.0,-0.0008333472224535399,1.0000000000000013,0.0
73460,38.783146385773094,1.0,560,681,1241,0.0,-0.0008333472224535399,1.0000000000000013,0.0
73461,38.78231303855064,1.0,560,681,1241,0.0,-0.0008333472224535399,1.0000000000000013,0.0
73462,38.78147969132819,1.0,560,681,1241,0.0,-0.0008333472224535399,1.0000000000000013,0.0
73463,38.78064634410573,1.0,560,681,1241,0.0,-0.0008333472224535399,1.0000000000000013,0.0
73464,38.77981299688328,1.0,560,681,1241,0.0,-0.0008333472224535399,1.0000000000000013,0.0
73465,38.778979649660826,1.0,560,681,1241,0.0,-0.0008333472224535399,1.0000000000000013,0.0
73466,38.77814630243837,1.0,560,681,1241,0.0,-0.0008333472224535399,1.0000000000000013,0.0
73467,38.77731295521592,0.9991941982272361,560,681,1241,-0.0008058017727639033,-0.0008333472224535399,0.999919419822725,-8.058017727639034e-05
73468,38.776479607993465,1.0,560,681,1241,0.0008058017727639033,-0.0008333472224535399,0.999919419822725,0.0
73469,38.77564626077101,1.0,560,681,1241,0.0,-0.0008333472224535399,0.999919419822725,0.0
73470,38.77481291354856,0.9991941982272361,560,681,1241,-0.0008058017727639033,-0.0008333472224535399,0.9998388396454487,-8.058017727639034e-05
73471,38.773979566326105,1.0,560,681,1241,0.0008058017727639033,-0.0008333472224535399,0.9998388396454487,0.0
73472,38.77314621910365,1.0,560,681,1241,0.0,-0.0008333472224535399,0.9998388396454487,0.0
73473,38.7723128718812,0.9991941982272361,560,681,1241,-0.0008058017727639033,-0.0008333472224535399,0.9997582594681724,-8.058017727639034e-05
73474,38.771479524658744,0.9991941982272361,560,681,1241,0.0,-0.0008333472224535399,0.999677679290896,-8.058017727639034e-05
73475,38.77064617743629,1.0,560,681,1241,0.0008058017727639033,-0.0008333472224535399,0.999677679290896,0.0
73476,38.76981283021384,1.0,560,681,1241,0.0,-0.0008333472224535399,0.999677679290896,0.0
73477,38.768979482991384,1.0,560,681,1241,0.0,-0.0008333472224535399,0.9997582594681724,8.058017727639034e-05
73478,38.76814613576893,0.9991941982272361,560,681,1241,-0.0008058017727639033,-0.0008333472224535399,0.999677679290896,-8.058017727639034e-05
73479,38.76731278854648,0.9991941982272361,560,681,1241,0.0,-0.0008333472224535399,0.9995970991136197,-8.058017727639034e-05
73480,38.76647944132402,1.0,560,681,1241,0.0008058017727639033,-0.0008333472224535399,0.999677679290896,8.058017727639034e-05
73481,38.76564609410157,1.0,560,681,1241,0.0,-0.0008333472224535399,0.999677679290896,0.0
73482,38.764812746879116,1.0,560,681,1241,0.0,-0.0008333472224535399,0.999677679290896,0.0
73483,38.76397939965666,0.9991941982272361,560,681,1241,-0.0008058017727639033,-0.0008333472224535399,0.999677679290896,0.0
73484,38.76314605243421,0.9991941982272361,560,681,1241,0.0,-0.0008333472224535399,0.999677679290896,0.0
73485,38.762312705211755,1.0,560,681,1241,0.0008058017727639033,-0.0008333472224535399,0.999677679290896,0.0
73486,38.7614793579893,1.0,560,681,1241,0.0,-0.0008333472224535399,0.999677679290896,0.0
73487,38.76064601076685,1.0,560,681,1241,0.0,-0.0008333472224535399,0.999677679290896,0.0
73488,38.759812663544395,1.0,560,681,1241,0.0,-0.0008333472224535399,0.9997582594681724,8.058017727639034e-05
73489,38.75897931632194,1.0,560,681,1241,0.0,-0.0008333472224535399,0.9998388396454487,8.058017727639034e-05
73490,38.75814596909949,1.0,560,681,1241,0.0,-0.0008333472224535399,0.9998388396454487,0.0
73491,38.757312621877034,1.0,560,681,1241,0.0,-0.0008333472224535399,0.9998388396454487,0.0
73492,38.75647927465458,1.0,560,681,1241,0.0,-0.0008333472224535399,0.9998388396454487,0.0
73493,38.75564592743213,1.0,560,681,1241,0.0,-0.0008333472224535399,0.999919419822725,8.058017727639034e-05
73494,38.75481258020967,1.0,560,681,1241,0.0,-0.0008333472224535399,1.0000000000000013,8.058017727639034e-05
73495,38.75397923298722,1.0,560,681,1241,0.0,-0.0008333472224535399,1.0000000000000013,0.0
73496,38.753145885764766,1.0,560,681,1241,0.0,-0.0008333472224535399,1.0000000000000013,0.0
73497,38.75231253854231,0.9991941982272361,560,681,1241,-0.0008058017727639033,-0.0008333472224535399,0.999919419822725,-8.058017727639034e-05
73498,38.75147919131986,0.9991941982272361,560,681,1241,0.0,-0.0008333472224535399,0.9998388396454487,-8.058017727639034e-05
73499,38.7506458440974,0.9991941982272361,560,681,1241,0.0,-0.0008333472224606453,0.9997582594681724,-8.058017727639034e-05
73500,38.749812496874945,0.9991941982272361,560,681,1241,0.0,-0.0008333472224535399,0.999677679290896,-8.058017727639034e-05
73501,38.74897914965249,0.9991941982272361,560,681,1241,0.0,-0.0008333472224535399,0.9995970991136197,-8.058017727639034e-05
73502,38.74814580243004,1.0,560,681,1241,0.0008058017727639033,-0.0008333472224535399,0.9995970991136197,0.0
73503,38.747312455207584,1.0,560,681,1241,0.0,-0.0008333472224535399,0.9995970991136197,0.0
73504,38.74647910798513,1.0,560,681,1241,0.0,-0.0008333472224535399,0.9995970991136197,0.0
73505,38.74564576076268,1.0,560,681,1241,0.0,-0.0008333472224535399,0.9995970991136197,0.0
73506,38.744812413540224,1.0,560,681,1241,0.0,-0.0008333472224535399,0.9995970991136197,0.0
73507,38.74397906631777,1.0,560,681,1241,0.0,-0.0008333472224535399,0.999677679290896,8.058017727639034e-05
73508,38.74314571909532,1.0,560,681,1241,0.0,-0.0008333472224535399,0.9997582594681724,8.058017727639034e-05
73509,38.74231237187286,1.0,560,681,1241,0.0,-0.0008333472224535399,0.9998388396454487,8.058017727639034e-05
73510,38.74147902465041,1.0,560,681,1241,0.0,-0.0008333472224535399,0.999919419822725,8.058017727639034e-05
73511,38.740645677427956,1.0,560,681,1241,0.0,-0.0008333472224535399,1.0000000000000013,8.058017727639034e-05
73512,38.7398123302055,1.0,560,681,1241,0.0,-0.0008333472224535399,1.0000000000000013,0.0
73513,38.73897898298305,1.0,560,681,1241,0.0,-0.0008333472224535399,1.0000000000000013,0.0
73514,38.738145635760596,1.0,560,681,1241,0.0,-0.0008333472224535399,1.0000000000000013,0.0
73515,38.73731228853814,1.0,560,681,1241,0.0,-0.0008333472224535399,1.0000000000000013,0.0
73516,38.73647894131569,1.0,560,681,1241,0.0,-0.0008333472224535399,1.0000000000000013,0.0
73517,38.735645594093235,1.0,560,681,1241,0.0,-0.0008333472224535399,1.0000000000000013,0.0
73518,38.73481224687078,1.0,560,681,1241,0.0,-0.0008333472224535399,1.0000000000000013,0.0
73519,38.73397889964833,1.0,560,681,1241,0.0,-0.0008333472224535399,1.0000000000000013,0.0
73520,38.733145552425874,1.0,560,681,1241,0.0,-0.0008333472224535399,1.0000000000000013,0.0
73521,38.73231220520342,1.0,560,681,1241,0.0,-0.0008333472224535399,1.0000000000000013,0.0
73522,38.73147885798097,1.0,560,681,1241,0.0,-0.0008333472224535399,1.0000000000000013,0.0
73523,38.730645510758514,1.0,560,681,1241,0.0,-0.0008333472224535399,1.0000000000000013,0.0
73524,38.72981216353606,1.0,560,681,1241,0.0,-0.0008333472224535399,1.0000000000000013,0.0
73525,38.72897881631361,1.0,560,681,1241,0.0,-0.0008333472224535399,1.0000000000000013,0.0
73526,38.72814546909115,1.0,560,681,1241,0.0,-0.0008333472224535399,1.0000000000000013,0.0
73527,38.7273121218687,1.0,560,681,1241,0.0,-0.0008333472224535399,1.0000000000000013,0.0
73528,38.726478774646246,1.0,560,681,1241,0.0,-0.0008333472224535399,1.0000000000000013,0.0
73529,38.72564542742379,1.0,560,681,1241,0.0,-0.0008333472224535399,1.0000000000000013,0.0
73530,38.72481208020133,1.0,560,681,1241,0.0,-0.0008333472224606453,1.0000000000000013,0.0
73531,38.72397873297888,1.0,560,681,1241,0.0,-0.0008333472224535399,1.0000000000000013,0.0
73532,38.723145385756425,1.0,560,681,1241,0.0,-0.0008333472224535399,1.0000000000000013,0.0
73533,38.72231203853397,1.0,560,681,1241,0.0,-0.0008333472224535399,1.0000000000000013,0.0
73534,38.72147869131152,1.0,560,681,1241,0.0,-0.0008333472224535399,1.0000000000000013,0.0
73535,38.720645344089064,1.0,560,681,1241,0.0,-0.0008333472224535399,1.0000000000000013,0.0
73536,38.71981199686661,1.0,560,681,1241,0.0,-0.0008333472224535399,1.0000000000000013,0.0
73537,38.71897864964416,1.0,560,681,1241,0.0,-0.0008333472224535399,1.0000000000000013,0.0
73538,38.7181453024217,0.9991941982272361,560,681,1241,-0.0008058017727639033,-0.0008333472224535399,0.999919419822725,-8.058017727639034e-05
73539,38.71731195519925,0.9991941982272361,560,681,1241,0.0,-0.0008333472224535399,0.9998388396454487,-8.058017727639034e-05
73540,38.716478607976796,0.9991941982272361,560,681,1241,0.0,-0.0008333472224535399,0.9997582594681724,-8.058017727639034e-05
73541,38.71564526075434,1.0,560,681,1241,0.0008058017727639033,-0.0008333472224535399,0.9997582594681724,0.0
73542,38.71481191353189,0.9991941982272361,560,681,1241,-0.0008058017727639033,-0.0008333472224535399,0.999677679290896,-8.058017727639034e-05
73543,38.713978566309436,1.0,560,681,1241,0.0008058017727639033,-0.0008333472224535399,0.999677679290896,0.0
73544,38.71314521908698,0.9991941982272361,560,681,1241,-0.0008058017727639033,-0.0008333472224535399,0.9995970991136197,-8.058017727639034e-05
73545,38.71231187186453,1.0,560,681,1241,0.0008058017727639033,-0.0008333472224535399,0.9995970991136197,0.0
73546,38.711478524642075,0.9991941982272361,560,681,1241,-0.0008058017727639033,-0.0008333472224535399,0.9995165189363433,-8.058017727639034e-05
73547,38.71064517741962,0.9991941982272361,560,681,1241,0.0,-0.0008333472224535399,0.999435938759067,-8.058017727639034e-05
73548,38.70981183019717,0.9991941982272361,560,681,1241,0.0,-0.0008333472224535399,0.999435938759067,0.0
73549,38.708978482974715,0.9991941982272361,560,681,1241,0.0,-0.0008333472224535399,0.999435938759067,0.0
73550,38.70814513575226,0.9991941982272361,560,681,1241,0.0,-0.0008333472224535399,0.999435938759067,0.0
73551,38.70731178852981,0.9991941982272361,560,681,1241,0.0,-0.0008333472224535399,0.9993553585817907,-8.058017727639034e-05
73552,38.706478441307354,0.9991941982272361,560,681,1241,0.0,-0.0008333472224535399,0.9993553585817907,0.0
73553,38.7056450940849,0.9991941982272361,560,681,1241,0.0,-0.0008333472224535399,0.9992747784045143,-8.058017727639034e-05
73554,38.70481174686245,0.9991941982272361,560,681,1241,0.0,-0.0008333472224535399,0.9992747784045143,0.0
73555,38.70397839963999,0.9991941982272361,560,681,1241,0.0,-0.0008333472224535399,0.999194198227238,-8.058017727639034e-05
73556,38.70314505241754,0.9991941982272361,560,681,1241,0.0,-0.0008333472224535399,0.999194198227238,0.0
73557,38.702311705195086,1.0,560,681,1241,0.0008058017727639033,-0.0008333472224535399,0.9992747784045143,8.058017727639034e-05
73558,38.70147835797263,1.0,560,681,1241,0.0,-0.0008333472224535399,0.9993553585817907,8.058017727639034e-05
73559,38.70064501075018,1.0,560,681,1241,0.0,-0.0008333472224535399,0.999435938759067,8.058017727639034e-05
73560,38.699811663527726,1.0,560,681,1241,0.0,-0.0008333472224535399,0.9995165189363433,8.058017727639034e-05
73561,38.69897831630527,1.0,560,681,1241,0.0,-0.0008333472224535399,0.9995970991136197,8.058017727639034e-05
73562,38.69814496908282,1.0,560,681,1241,0.0,-0.0008333472224535399,0.999677679290896,8.058017727639034e-05
73563,38.697311621860365,1.0,560,681,1241,0.0,-0.0008333472224535399,0.9997582594681724,8.058017727639034e-05
73564,38.69647827463791,1.0,560,681,1241,0.0,-0.0008333472224535399,0.9998388396454487,8.058017727639034e-05
73565,38.69564492741546,1.0,560,681,1241,0.0,-0.0008333472224535399,0.999919419822725,8.058017727639034e-05
73566,38.694811580193004,1.0,560,681,1241,0.0,-0.0008333472224535399,1.0000000000000013,8.058017727639034e-05
73567,38.69397823297055,1.0,560,681,1241,0.0,-0.0008333472224535399,1.0000000000000013,0.0
73568,38.6931448857481,1.0,560,681,1241,0.0,-0.0008333472224535399,1.0000000000000013,0.0
73569,38.692311538525644,1.0,560,681,1241,0.0,-0.0008333472224535399,1.0000000000000013,0.0
73570,38.69147819130319,1.0,560,681,1241,0.0,-0.0008333472224535399,1.0000000000000013,0.0
73571,38.69064484408074,1.0,560,681,1241,0.0,-0.0008333472224535399,1.0000000000000013,0.0
73572,38.68981149685828,1.0,560,681,1241,0.0,-0.0008333472224535399,1.0000000000000013,0.0
73573,38.68897814963583,1.0,560,681,1241,0.0,-0.0008333472224535399,1.0000000000000013,0.0
73574,38.688144802413376,1.0,560,681,1241,0.0,-0.0008333472224535399,1.0000000000000013,0.0
73575,38.68731145519092,1.0,560,681,1241,0.0,-0.0008333472224535399,1.0000000000000013,0.0
73576,38.68647810796847,1.0,560,681,1241,0.0,-0.0008333472224535399,1.0000000000000013,0.0
73577,38.685644760746015,1.0,560,681,1241,0.0,-0.0008333472224535399,1.0000000000000013,0.0
73578,38.68481141352356,1.0,560,681,1241,0.0,-0.0008333472224535399,1.0000000000000013,0.0
73579,38.68397806630111,1.0,560,681,1241,0.0,-0.0008333472224535399,1.0000000000000013,0.0
73580,38.683144719078655,1.0,560,681,1241,0.0,-0.0008333472224535399,1.0000000000000013,0.0
73581,38.6823113718562,1.0,560,681,1241,0.0,-0.0008333472224535399,1.0000000000000013,0.0
73582,38.68147802463375,1.0,560,681,1241,0.0,-0.0008333472224535399,1.0000000000000013,0.0
73583,38.68064467741129,1.0,560,681,1241,0.0,-0.0008333472224606453,1.0000000000000013,0.0
73584,38.67981133018883,1.0,560,681,1241,0.0,-0.0008333472224535399,1.0000000000000013,0.0
73585,38.67897798296638,1.0,560,681,1241,0.0,-0.0008333472224535399,1.0000000000000013,0.0
73586,38.67814463574393,1.0,560,681,1241,0.0,-0.0008333472224535399,1.0000000000000013,0.0
73587,38.67731128852147,1.0,560,681,1241,0.0,-0.0008333472224535399,1.0000000000000013,0.0
73588,38.67647794129902,1.0,560,681,1241,0.0,-0.0008333472224535399,1.0000000000000013,0.0
73589,38.675644594076566,1.0,560,681,1241,0.0,-0.0008333472224535399,1.0000000000000013,0.0
73590,38.67481124685411,1.0,560,681,1241,0.0,-0.0008333472224535399,1.0000000000000013,0.0
73591,38.67397789963166,1.0,560,681,1241,0.0,-0.0008333472224535399,1.0000000000000013,0.0
73592,38.673144552409205,1.0,560,681,1241,0.0,-0.0008333472224535399,1.0000000000000013,0.0
73593,38.67231120518675,1.0,560,681,1241,0.0,-0.0008333472224535399,1.0000000000000013,0.0
73594,38.6714778579643,1.0,560,681,1241,0.0,-0.0008333472224535399,1.0000000000000013,0.0
73595,38.670644510741845,1.0,560,681,1241,0.0,-0.0008333472224535399,1.0000000000000013,0.0
73596,38.66981116351939,1.0,560,681,1241,0.0,-0.0008333472224535399,1.0000000000000013,0.0
73597,38.66897781629694,1.0,560,681,1241,0.0,-0.0008333472224535399,1.0000000000000013,0.0
73598,38.668144469074484,1.0,560,681,1241,0.0,-0.0008333472224535399,1.0000000000000013,0.0
73599,38.66731112185203,1.0,560,681,1241,0.0,-0.0008333472224535399,1.0000000000000013,0.0
73600,38.66647777462958,1.0,560,681,1241,0.0,-0.0008333472224535399,1.0000000000000013,0.0
73601,38.66564442740712,1.0,560,681,1241,0.0,-0.0008333472224535399,1.0000000000000013,0.0
73602,38.66481108018467,0.9991941982272361,560,681,1241,-0.0008058017727639033,-0.0008333472224535399,0.999919419822725,-8.058017727639034e-05
73603,38.663977732962216,0.9991941982272361,560,681,1241,0.0,-0.0008333472224535399,0.9998388396454487,-8.058017727639034e-05
73604,38.66314438573976,1.0,560,681,1241,0.0008058017727639033,-0.0008333472224535399,0.9998388396454487,0.0
73605,38.66231103851731,0.9991941982272361,560,681,1241,-0.0008058017727639033,-0.0008333472224535399,0.9997582594681724,-8.058017727639034e-05
73606,38.661477691294856,1.0,560,681,1241,0.0008058017727639033,-0.0008333472224535399,0.9997582594681724,0.0
73607,38.6606443440724,1.0,560,681,1241,0.0,-0.0008333472224535399,0.9997582594681724,0.0
73608,38.65981099684995,1.0,560,681,1241,0.0,-0.0008333472224535399,0.9997582594681724,0.0
73609,38.658977649627495,1.0,560,681,1241,0.0,-0.0008333472224535399,0.9997582594681724,0.0
73610,38.65814430240504,1.0,560,681,1241,0.0,-0.0008333472224535399,0.9997582594681724,0.0
73611,38.65731095518259,1.0,560,681,1241,0.0,-0.0008333472224535399,0.9997582594681724,0.0
73612,38.656477607960134,1.0,560,681,1241,0.0,-0.0008333472224535399,0.9998388396454487,8.058017727639034e-05
73613,38.65564426073768,1.0,560,681,1241,0.0,-0.0008333472224535399,0.999919419822725,8.058017727639034e-05
73614,38.65481091351523,0.9991941982272361,560,681,1241,-0.0008058017727639033,-0.0008333472224535399,0.9998388396454487,-8.058017727639034e-05
73615,38.65397756629277,1.0,560,681,1241,0.0008058017727639033,-0.0008333472224606453,0.999919419822725,8.058017727639034e-05
73616,38.65314421907031,1.0,560,681,1241,0.0,-0.0008333472224535399,0.999919419822725,0.0
73617,38.65231087184786,1.0,560,681,1241,0.0,-0.0008333472224535399,0.999919419822725,0.0
73618,38.651477524625406,1.0,560,681,1241,0.0,-0.0008333472224535399,0.999919419822725,0.0
73619,38.65064417740295,0.9991941982272361,560,681,1241,-0.0008058017727639033,-0.0008333472224535399,0.9998388396454487,-8.058017727639034e-05
73620,38.6498108301805,1.0,560,681,1241,0.0008058017727639033,-0.0008333472224535399,0.9998388396454487,0.0
73621,38.648977482958045,1.0,560,681,1241,0.0,-0.0008333472224535399,0.9998388396454487,0.0
73622,38.64814413573559,1.0,560,681,1241,0.0,-0.0008333472224535399,0.9998388396454487,0.0
73623,38.64731078851314,1.0,560,681,1241,0.0,-0.0008333472224535399,0.9998388396454487,0.0
73624,38.646477441290685,1.0,560,681,1241,0.0,-0.0008333472224535399,0.999919419822725,8.058017727639034e-05
73625,38.64564409406823,1.0,560,681,1241,0.0,-0.0008333472224535399,0.999919419822725,0.0
73626,38.64481074684578,1.0,560,681,1241,0.0,-0.0008333472224535399,0.999919419822725,0.0
73627,38.643977399623324,1.0,560,681,1241,0.0,-0.0008333472224535399,0.999919419822725,0.0
73628,38.64314405240087,1.0,560,681,1241,0.0,-0.0008333472224535399,0.999919419822725,0.0
73629,38.64231070517842,1.0,560,681,1241,0.0,-0.0008333472224535399,1.0000000000000013,8.058017727639034e-05
73630,38.641477357955964,1.0,560,681,1241,0.0,-0.0008333472224535399,1.0000000000000013,0.0
73631,38.64064401073351,1.0,560,681,1241,0.0,-0.0008333472224535399,1.0000000000000013,0.0
73632,38.63981066351106,1.0,560,681,1241,0.0,-0.0008333472224535399,1.0000000000000013,0.0
73633,38.6389773162886,1.0,560,681,1241,0.0,-0.0008333472224535399,1.0000000000000013,0.0
73634,38.63814396906615,1.0,560,681,1241,0.0,-0.0008333472224535399,1.0000000000000013,0.0
73635,38.637310621843696,1.0,560,681,1241,0.0,-0.0008333472224535399,1.0000000000000013,0.0
73636,38.63647727462124,1.0,560,681,1241,0.0,-0.0008333472224535399,1.0000000000000013,0.0
73637,38.63564392739879,1.0,560,681,1241,0.0,-0.0008333472224535399,1.0000000000000013,0.0
73638,38.634810580176335,1.0,560,681,1241,0.0,-0.0008333472224535399,1.0000000000000013,0.0
73639,38.63397723295388,1.0,560,681,1241,0.0,-0.0008333472224535399,1.0000000000000013,0.0
73640,38.63314388573143,1.0,560,681,1241,0.0,-0.0008333472224535399,1.0000000000000013,0.0
73641,38.632310538508975,1.0,560,681,1241,0.0,-0.0008333472224535399,1.0000000000000013,0.0
73642,38.63147719128652,1.0,560,681,1241,0.0,-0.0008333472224535399,1.0000000000000013,0.0
73643,38.63064384406407,1.0,560,681,1241,0.0,-0.0008333472224535399,1.0000000000000013,0.0
73644,38.629810496841614,1.0,560,681,1241,0.0,-0.0008333472224535399,1.0000000000000013,0.0
73645,38.62897714961916,1.0,560,681,1241,0.0,-0.0008333472224535399,1.0000000000000013,0.0
73646,38.62814380239671,1.0,560,681,1241,0.0,-0.0008333472224535399,1.0000000000000013,0.0
73647,38.62731045517425,1.0,560,681,1241,0.0,-0.0008333472224535399,1.0000000000000013,0.0
73648,38.6264771079518,1.0,560,681,1241,0.0,-0.0008333472224535399,1.0000000000000013,0.0
73649,38.625643760729346,1.0,560,681,1241,0.0,-0.0008333472224535399,1.0000000000000013,0.0
73650,38.62481041350689,1.0,560,681,1241,0.0,-0.0008333472224535399,1.0000000000000013,0.0
73651,38.62397706628444,1.0,560,681,1241,0.0,-0.0008333472224535399,1.0000000000000013,0.0
73652,38.623143719061986,1.0,560,681,1241,0.0,-0.0008333472224535399,1.0000000000000013,0.0
73653,38.62231037183953,1.0,560,681,1241,0.0,-0.0008333472224535399,1.0000000000000013,0.0
73654,38.62147702461708,1.0,560,681,1241,0.0,-0.0008333472224535399,1.0000000000000013,0.0
73655,38.620643677394625,1.0,560,681,1241,0.0,-0.0008333472224535399,1.0000000000000013,0.0
73656,38.61981033017217,1.0,560,681,1241,0.0,-0.0008333472224535399,1.0000000000000013,0.0
73657,38.61897698294972,1.0,560,681,1241,0.0,-0.0008333472224535399,1.0000000000000013,0.0
73658,38.618143635727264,1.0,560,681,1241,0.0,-0.0008333472224535399,1.0000000000000013,0.0
73659,38.61731028850481,1.0,560,681,1241,0.0,-0.0008333472224535399,1.0000000000000013,0.0
73660,38.61647694128236,1.0,560,681,1241,0.0,-0.0008333472224535399,1.0000000000000013,0.0
73661,38.615643594059904,1.0,560,681,1241,0.0,-0.0008333472224535399,1.0000000000000013,0.0
73662,38.61481024683745,1.0,560,681,1241,0.0,-0.0008333472224535399,1.0000000000000013,0.0
73663,38.613976899615,1.0,560,681,1241,0.0,-0.0008333472224535399,1.0000000000000013,0.0
73664,38.61314355239254,1.0,560,681,1241,0.0,-0.0008333472224535399,1.0000000000000013,0.0
73665,38.61231020517009,1.0,560,681,1241,0.0,-0.0008333472224535399,1.0000000000000013,0.0
73666,38.611476857947636,1.0,560,681,1241,0.0,-0.0008333472224535399,1.0000000000000013,0.0
73667,38.61064351072518,1.0,560,681,1241,0.0,-0.0008333472224535399,1.0000000000000013,0.0
73668,38.60981016350272,1.0,560,681,1241,0.0,-0.0008333472224606453,1.0000000000000013,0.0
73669,38.60897681628027,1.0,560,681,1241,0.0,-0.0008333472224535399,1.0000000000000013,0.0
73670,38.608143469057815,1.0,560,681,1241,0.0,-0.0008333472224535399,1.0000000000000013,0.0
73671,38.60731012183536,1.0,560,681,1241,0.0,-0.0008333472224535399,1.0000000000000013,0.0
73672,38.60647677461291,1.0,560,681,1241,0.0,-0.0008333472224535399,1.0000000000000013,0.0
73673,38.605643427390454,1.0,560,681,1241,0.0,-0.0008333472224535399,1.0000000000000013,0.0
73674,38.604810080168,1.0,560,681,1241,0.0,-0.0008333472224535399,1.0000000000000013,0.0
73675,38.60397673294555,1.0,560,681,1241,0.0,-0.0008333472224535399,1.0000000000000013,0.0
73676,38.603143385723094,1.0,560,681,1241,0.0,-0.0008333472224535399,1.0000000000000013,0.0
73677,38.60231003850064,1.0,560,681,1241,0.0,-0.0008333472224535399,1.0000000000000013,0.0
73678,38.60147669127819,1.0,560,681,1241,0.0,-0.0008333472224535399,1.0000000000000013,0.0
73679,38.60064334405573,1.0,560,681,1241,0.0,-0.0008333472224535399,1.0000000000000013,0.0
73680,38.59980999683328,1.0,560,681,1241,0.0,-0.0008333472224535399,1.0000000000000013,0.0
73681,38.598976649610826,1.0,560,681,1241,0.0,-0.0008333472224535399,1.0000000000000013,0.0
73682,38.59814330238837,1.0,560,681,1241,0.0,-0.0008333472224535399,1.0000000000000013,0.0
73683,38.59730995516592,1.0,560,681,1241,0.0,-0.0008333472224535399,1.0000000000000013,0.0
73684,38.596476607943465,1.0,560,681,1241,0.0,-0.0008333472224535399,1.0000000000000013,0.0
73685,38.59564326072101,1.0,560,681,1241,0.0,-0.0008333472224535399,1.0000000000000013,0.0
73686,38.59480991349856,1.0,560,681,1241,0.0,-0.0008333472224535399,1.0000000000000013,0.0
73687,38.593976566276105,1.0,560,681,1241,0.0,-0.0008333472224535399,1.0000000000000013,0.0
73688,38.59314321905365,1.0,560,681,1241,0.0,-0.0008333472224535399,1.0000000000000013,0.0
73689,38.5923098718312,1.0,560,681,1241,0.0,-0.0008333472224535399,1.0000000000000013,0.0
73690,38.591476524608744,1.0,560,681,1241,0.0,-0.0008333472224535399,1.0000000000000013,0.0
73691,38.59064317738629,1.0,560,681,1241,0.0,-0.0008333472224535399,1.0000000000000013,0.0
73692,38.58980983016384,1.0,560,681,1241,0.0,-0.0008333472224535399,1.0000000000000013,0.0
73693,38.58897648294138,1.0,560,681,1241,0.0,-0.0008333472224535399,1.0000000000000013,0.0
73694,38.58814313571893,1.0,560,681,1241,0.0,-0.0008333472224535399,1.0000000000000013,0.0
73695,38.587309788496476,0.9991941982272361,560,681,1241,-0.0008058017727639033,-0.0008333472224535399,0.999919419822725,-8.058017727639034e-05
73696,38.58647644127402,0.9991941982272361,560,681,1241,0.0,-0.0008333472224535399,0.9998388396454487,-8.058017727639034e-05
73697,38.58564309405157,1.0,560,681,1241,0.0008058017727639033,-0.0008333472224535399,0.9998388396454487,0.0
73698,38.584809746829116,1.0,560,681,1241,0.0,-0.0008333472224535399,0.9998388396454487,0.0
73699,38.58397639960666,1.0,560,681,1241,0.0,-0.0008333472224535399,0.9998388396454487,0.0
73700,38.5831430523842,0.9991941982272361,560,681,1241,-0.0008058017727639033,-0.0008333472224606453,0.9997582594681724,-8.058017727639034e-05
73701,38.58230970516175,0.9991941982272361,560,681,1241,0.0,-0.0008333472224535399,0.999677679290896,-8.058017727639034e-05
73702,38.581476357939295,1.0,560,681,1241,0.0008058017727639033,-0.0008333472224535399,0.999677679290896,0.0
73703,38.58064301071684,1.0,560,681,1241,0.0,-0.0008333472224535399,0.999677679290896,0.0
73704,38.57980966349439,0.9991941982272361,560,681,1241,-0.0008058017727639033,-0.0008333472224535399,0.9995970991136197,-8.058017727639034e-05
73705,38.578976316271934,1.0,560,681,1241,0.0008058017727639033,-0.0008333472224535399,0.999677679290896,8.058017727639034e-05
73706,38.57814296904948,1.0,560,681,1241,0.0,-0.0008333472224535399,0.9997582594681724,8.058017727639034e-05
73707,38.57730962182703,1.0,560,681,1241,0.0,-0.0008333472224535399,0.9997582594681724,0.0
73708,38.57647627460457,1.0,560,681,1241,0.0,-0.0008333472224535399,0.9997582594681724,0.0
73709,38.57564292738212,1.0,560,681,1241,0.0,-0.0008333472224535399,0.9997582594681724,0.0
73710,38.574809580159666,1.0,560,681,1241,0.0,-0.0008333472224535399,0.9998388396454487,8.058017727639034e-05
73711,38.57397623293721,1.0,560,681,1241,0.0,-0.0008333472224535399,0.999919419822725,8.058017727639034e-05
73712,38.57314288571476,1.0,560,681,1241,0.0,-0.0008333472224535399,0.999919419822725,0.0
73713,38.572309538492306,1.0,560,681,1241,0.0,-0.0008333472224535399,0.999919419822725,0.0
73714,38.57147619126985,1.0,560,681,1241,0.0,-0.0008333472224535399,1.0000000000000013,8.058017727639034e-05
73715,38.5706428440474,1.0,560,681,1241,0.0,-0.0008333472224535399,1.0000000000000013,0.0
73716,38.569809496824945,1.0,560,681,1241,0.0,-0.0008333472224535399,1.0000000000000013,0.0
73717,38.56897614960249,1.0,560,681,1241,0.0,-0.0008333472224535399,1.0000000000000013,0.0
73718,38.56814280238004,1.0,560,681,1241,0.0,-0.0008333472224535399,1.0000000000000013,0.0
73719,38.567309455157584,1.0,560,681,1241,0.0,-0.0008333472224535399,1.0000000000000013,0.0
73720,38.56647610793513,0.9983883964544722,560,681,1241,-0.0016116035455278066,-0.0008333472224535399,0.9998388396454487,-0.00016116035455278067
73721,38.56564276071268,0.9983883964544722,560,681,1241,0.0,-0.0008333472224535399,0.999677679290896,-0.00016116035455278067
73722,38.564809413490224,1.0,560,681,1241,0.0016116035455278066,-0.0008333472224535399,0.999677679290896,0.0
73723,38.56397606626777,1.0,560,681,1241,0.0,-0.0008333472224535399,0.999677679290896,0.0
73724,38.56314271904532,1.0,560,681,1241,0.0,-0.0008333472224535399,0.999677679290896,0.0
73725,38.56230937182286,1.0,560,681,1241,0.0,-0.0008333472224535399,0.999677679290896,0.0
73726,38.56147602460041,1.0,560,681,1241,0.0,-0.0008333472224535399,0.999677679290896,0.0
73727,38.560642677377956,1.0,560,681,1241,0.0,-0.0008333472224535399,0.999677679290896,0.0
73728,38.5598093301555,1.0,560,681,1241,0.0,-0.0008333472224535399,0.999677679290896,0.0
73729,38.55897598293305,0.9991941982272361,560,681,1241,-0.0008058017727639033,-0.0008333472224535399,0.9995970991136197,-8.058017727639034e-05
73730,38.558142635710595,1.0,560,681,1241,0.0008058017727639033,-0.0008333472224535399,0.9997582594681724,0.00016116035455278067
73731,38.55730928848814,1.0,560,681,1241,0.0,-0.0008333472224535399,0.999919419822725,0.00016116035455278067
73732,38.55647594126569,1.0,560,681,1241,0.0,-0.0008333472224535399,0.999919419822725,0.0
73733,38.555642594043235,1.0,560,681,1241,0.0,-0.0008333472224535399,0.999919419822725,0.0
73734,38.55480924682078,1.0,560,681,1241,0.0,-0.0008333472224535399,0.999919419822725,0.0
73735,38.55397589959833,1.0,560,681,1241,0.0,-0.0008333472224535399,0.999919419822725,0.0
73736,38.553142552375874,1.0,560,681,1241,0.0,-0.0008333472224535399,0.999919419822725,0.0
73737,38.55230920515342,1.0,560,681,1241,0.0,-0.0008333472224535399,0.999919419822725,0.0
73738,38.55147585793097,1.0,560,681,1241,0.0,-0.0008333472224535399,0.999919419822725,0.0
73739,38.550642510708514,1.0,560,681,1241,0.0,-0.0008333472224535399,1.0000000000000013,8.058017727639034e-05
73740,38.54980916348606,1.0,560,681,1241,0.0,-0.0008333472224535399,1.0000000000000013,0.0
73741,38.54897581626361,1.0,560,681,1241,0.0,-0.0008333472224535399,1.0000000000000013,0.0
73742,38.54814246904115,1.0,560,681,1241,0.0,-0.0008333472224535399,1.0000000000000013,0.0
73743,38.5473091218187,0.9991941982272361,560,681,1241,-0.0008058017727639033,-0.0008333472224535399,0.999919419822725,-8.058017727639034e-05
73744,38.546475774596246,0.9991941982272361,560,681,1241,0.0,-0.0008333472224535399,0.9998388396454487,-8.058017727639034e-05
73745,38.54564242737379,0.9991941982272361,560,681,1241,0.0,-0.0008333472224535399,0.9997582594681724,-8.058017727639034e-05
73746,38.54480908015134,0.9991941982272361,560,681,1241,0.0,-0.0008333472224535399,0.999677679290896,-8.058017727639034e-05
73747,38.543975732928885,1.0,560,681,1241,0.0008058017727639033,-0.0008333472224535399,0.999677679290896,0.0
73748,38.54314238570643,1.0,560,681,1241,0.0,-0.0008333472224535399,0.999677679290896,0.0
73749,38.54230903848398,1.0,560,681,1241,0.0,-0.0008333472224535399,0.999677679290896,0.0
73750,38.541475691261525,1.0,560,681,1241,0.0,-0.0008333472224535399,0.999677679290896,0.0
73751,38.54064234403907,1.0,560,681,1241,0.0,-0.0008333472224535399,0.999677679290896,0.0
73752,38.53980899681662,1.0,560,681,1241,0.0,-0.0008333472224535399,0.999677679290896,0.0
73753,38.53897564959416,0.9991941982272361,560,681,1241,-0.0008058017727639033,-0.0008333472224606453,0.999677679290896,0.0
73754,38.5381423023717,1.0,560,681,1241,0.0008058017727639033,-0.0008333472224535399,0.9997582594681724,8.058017727639034e-05
73755,38.53730895514925,1.0,560,681,1241,0.0,-0.0008333472224535399,0.9998388396454487,8.058017727639034e-05
73756,38.536475607926796,1.0,560,681,1241,0.0,-0.0008333472224535399,0.999919419822725,8.058017727639034e-05
73757,38.53564226070434,1.0,560,681,1241,0.0,-0.0008333472224535399,0.999919419822725,0.0
73758,38.53480891348189,0.9991941982272361,560,681,1241,-0.0008058017727639033,-0.0008333472224535399,0.9998388396454487,-8.058017727639034e-05
73759,38.533975566259436,1.0,560,681,1241,0.0008058017727639033,-0.0008333472224535399,0.9998388396454487,0.0
73760,38.53314221903698,1.0,560,681,1241,0.0,-0.0008333472224535399,0.9998388396454487,0.0
73761,38.53230887181453,1.0,560,681,1241,0.0,-0.0008333472224535399,0.9998388396454487,0.0
73762,38.531475524592075,1.0,560,681,1241,0.0,-0.0008333472224535399,0.9998388396454487,0.0
73763,38.53064217736962,1.0,560,681,1241,0.0,-0.0008333472224535399,0.999919419822725,8.058017727639034e-05
73764,38.52980883014717,1.0,560,681,1241,0.0,-0.0008333472224535399,0.999919419822725,0.0
73765,38.528975482924714,1.0,560,681,1241,0.0,-0.0008333472224535399,0.999919419822725,0.0
73766,38.52814213570226,1.0,560,681,1241,0.0,-0.0008333472224535399,0.999919419822725,0.0
73767,38.52730878847981,1.0,560,681,1241,0.0,-0.0008333472224535399,0.999919419822725,0.0
73768,38.526475441257354,1.0,560,681,1241,0.0,-0.0008333472224535399,1.0000000000000013,8.058017727639034e-05
73769,38.5256420940349,1.0,560,681,1241,0.0,-0.0008333472224535399,1.0000000000000013,0.0
73770,38.52480874681245,1.0,560,681,1241,0.0,-0.0008333472224535399,1.0000000000000013,0.0
73771,38.52397539958999,1.0,560,681,1241,0.0,-0.0008333472224535399,1.0000000000000013,0.0
73772,38.52314205236754,1.0,560,681,1241,0.0,-0.0008333472224535399,1.0000000000000013,0.0
73773,38.522308705145086,1.0,560,681,1241,0.0,-0.0008333472224535399,1.0000000000000013,0.0
73774,38.52147535792263,1.0,560,681,1241,0.0,-0.0008333472224535399,1.0000000000000013,0.0
73775,38.52064201070018,1.0,560,681,1241,0.0,-0.0008333472224535399,1.0000000000000013,0.0
73776,38.519808663477725,1.0,560,681,1241,0.0,-0.0008333472224535399,1.0000000000000013,0.0
73777,38.51897531625527,1.0,560,681,1241,0.0,-0.0008333472224535399,1.0000000000000013,0.0
73778,38.51814196903282,1.0,560,681,1241,0.0,-0.0008333472224535399,1.0000000000000013,0.0
73779,38.517308621810365,1.0,560,681,1241,0.0,-0.0008333472224535399,1.0000000000000013,0.0
73780,38.51647527458791,1.0,560,681,1241,0.0,-0.0008333472224535399,1.0000000000000013,0.0
73781,38.51564192736546,1.0,560,681,1241,0.0,-0.0008333472224535399,1.0000000000000013,0.0
73782,38.514808580143004,1.0,560,681,1241,0.0,-0.0008333472224535399,1.0000000000000013,0.0
73783,38.51397523292055,1.0,560,681,1241,0.0,-0.0008333472224535399,1.0000000000000013,0.0
73784,38.51314188569809,0.9991941982272361,560,681,1241,-0.0008058017727639033,-0.0008333472224606453,0.999919419822725,-8.058017727639034e-05
73785,38.51230853847564,0.9991941982272361,560,681,1241,0.0,-0.0008333472224535399,0.9998388396454487,-8.058017727639034e-05
73786,38.51147519125318,0.9991941982272361,560,681,1241,0.0,-0.0008333472224535399,0.9997582594681724,-8.058017727639034e-05
73787,38.51064184403073,0.9983883964544722,560,681,1241,-0.0008058017727639033,-0.0008333472224535399,0.9995970991136197,-0.00016116035455278067
73788,38.509808496808276,0.9991941982272361,560,681,1241,0.0008058017727639033,-0.0008333472224535399,0.9995165189363433,-8.058017727639034e-05
73789,38.50897514958582,1.0,560,681,1241,0.0008058017727639033,-0.0008333472224535399,0.9995165189363433,0.0
73790,38.50814180236337,1.0,560,681,1241,0.0,-0.0008333472224535399,0.9995165189363433,0.0
73791,38.507308455140915,1.0,560,681,1241,0.0,-0.0008333472224535399,0.9995165189363433,0.0
73792,38.50647510791846,1.0,560,681,1241,0.0,-0.0008333472224535399,0.9995165189363433,0.0
73793,38.50564176069601,1.0,560,681,1241,0.0,-0.0008333472224535399,0.9995165189363433,0.0
73794,38.504808413473555,1.0,560,681,1241,0.0,-0.0008333472224535399,0.9995970991136197,8.058017727639034e-05
73795,38.5039750662511,1.0,560,681,1241,0.0,-0.0008333472224535399,0.999677679290896,8.058017727639034e-05
73796,38.50314171902865,1.0,560,681,1241,0.0,-0.0008333472224535399,0.9997582594681724,8.058017727639034e-05
73797,38.502308371806194,1.0,560,681,1241,0.0,-0.0008333472224535399,0.999919419822725,0.00016116035455278067
73798,38.50147502458374,0.9991941982272361,560,681,1241,-0.0008058017727639033,-0.0008333472224535399,0.999919419822725,0.0
73799,38.50064167736129,0.9991941982272361,560,681,1241,0.0,-0.0008333472224535399,0.9998388396454487,-8.058017727639034e-05
73800,38.49980833013883,0.9991941982272361,560,681,1241,0.0,-0.0008333472224535399,0.9997582594681724,-8.058017727639034e-05
73801,38.49897498291638,0.9991941982272361,560,681,1241,0.0,-0.0008333472224535399,0.999677679290896,-8.058017727639034e-05
73802,38.498141635693926,0.9991941982272361,560,681,1241,0.0,-0.0008333472224535399,0.9995970991136197,-8.058017727639034e-05
73803,38.49730828847147,1.0,560,681,1241,0.0008058017727639033,-0.0008333472224535399,0.9995970991136197,0.0
73804,38.49647494124902,1.0,560,681,1241,0.0,-0.0008333472224535399,0.9995970991136197,0.0
73805,38.495641594026566,1.0,560,681,1241,0.0,-0.0008333472224535399,0.9995970991136197,0.0
73806,38.49480824680411,0.9991941982272361,560,681,1241,-0.0008058017727639033,-0.0008333472224535399,0.9995165189363433,-8.058017727639034e-05
73807,38.49397489958166,0.9983883964544722,560,681,1241,-0.0008058017727639033,-0.0008333472224535399,0.9993553585817907,-0.00016116035455278067
73808,38.493141552359205,0.9983883964544722,560,681,1241,0.0,-0.0008333472224535399,0.9992747784045143,-8.058017727639034e-05
73809,38.49230820513675,0.9991941982272361,560,681,1241,0.0008058017727639033,-0.0008333472224535399,0.9992747784045143,0.0
73810,38.4914748579143,1.0,560,681,1241,0.0008058017727639033,-0.0008333472224535399,0.9993553585817907,8.058017727639034e-05
73811,38.490641510691844,1.0,560,681,1241,0.0,-0.0008333472224535399,0.999435938759067,8.058017727639034e-05
73812,38.48980816346939,1.0,560,681,1241,0.0,-0.0008333472224535399,0.9995165189363433,8.058017727639034e-05
73813,38.48897481624694,1.0,560,681,1241,0.0,-0.0008333472224535399,0.9995165189363433,0.0
73814,38.488141469024484,1.0,560,681,1241,0.0,-0.0008333472224535399,0.9995165189363433,0.0
73815,38.48730812180203,0.9983883964544722,560,681,1241,-0.0016116035455278066,-0.0008333472224535399,0.9993553585817907,-0.00016116035455278067
73816,38.48647477457958,0.9983883964544722,560,681,1241,0.0,-0.0008333472224535399,0.9992747784045143,-8.058017727639034e-05
73817,38.48564142735712,0.9983883964544722,560,681,1241,0.0,-0.0008333472224535399,0.9992747784045143,0.0
73818,38.48480808013467,0.9983883964544722,560,681,1241,0.0,-0.0008333472224535399,0.9992747784045143,0.0
73819,38.483974732912216,0.9983883964544722,560,681,1241,0.0,-0.0008333472224535399,0.999194198227238,-8.058017727639034e-05
73820,38.48314138568976,0.9983883964544722,560,681,1241,0.0,-0.0008333472224535399,0.9990330378726853,-0.00016116035455278067
73821,38.48230803846731,0.9991941982272361,560,681,1241,0.0008058017727639033,-0.0008333472224535399,0.998952457695409,-8.058017727639034e-05
73822,38.481474691244856,0.9991941982272361,560,681,1241,0.0,-0.0008333472224535399,0.9988718775181326,-8.058017727639034e-05
73823,38.4806413440224,0.9991941982272361,560,681,1241,0.0,-0.0008333472224535399,0.9987912973408563,-8.058017727639034e-05
73824,38.47980799679995,0.9991941982272361,560,681,1241,0.0,-0.0008333472224535399,0.9987107171635798,-8.058017727639034e-05
73825,38.478974649577495,0.9991941982272361,560,681,1241,0.0,-0.0008333472224535399,0.9987912973408563,8.058017727639034e-05
73826,38.47814130235504,0.9991941982272361,560,681,1241,0.0,-0.0008333472224535399,0.9988718775181326,8.058017727639034e-05
73827,38.47730795513259,0.9991941982272361,560,681,1241,0.0,-0.0008333472224535399,0.998952457695409,8.058017727639034e-05
73828,38.476474607910134,0.9991941982272361,560,681,1241,0.0,-0.0008333472224535399,0.9990330378726853,8.058017727639034e-05
73829,38.47564126068768,1.0,560,681,1241,0.0008058017727639033,-0.0008333472224535399,0.999194198227238,0.00016116035455278067
73830,38.47480791346523,1.0,560,681,1241,0.0,-0.0008333472224535399,0.9993553585817907,0.00016116035455278067
73831,38.473974566242774,1.0,560,681,1241,0.0,-0.0008333472224535399,0.999435938759067,8.058017727639034e-05
73832,38.47314121902032,1.0,560,681,1241,0.0,-0.0008333472224535399,0.9995165189363433,8.058017727639034e-05
73833,38.47230787179787,1.0,560,681,1241,0.0,-0.0008333472224535399,0.9995970991136197,8.058017727639034e-05
73834,38.47147452457541,1.0,560,681,1241,0.0,-0.0008333472224535399,0.999677679290896,8.058017727639034e-05
73835,38.47064117735296,0.9991941982272361,560,681,1241,-0.0008058017727639033,-0.0008333472224535399,0.999677679290896,0.0
73836,38.469807830130506,0.9991941982272361,560,681,1241,0.0,-0.0008333472224535399,0.999677679290896,0.0
73837,38.468974482908045,1.0,560,681,1241,0.0008058017727639033,-0.0008333472224606453,0.9997582594681724,8.058017727639034e-05
73838,38.46814113568559,1.0,560,681,1241,0.0,-0.0008333472224535399,0.9998388396454487,8.058017727639034e-05
73839,38.46730778846314,1.0,560,681,1241,0.0,-0.0008333472224535399,0.9998388396454487,0.0
73840,38.466474441240685,1.0,560,681,1241,0.0,-0.0008333472224535399,0.9998388396454487,0.0
73841,38.46564109401823,1.0,560,681,1241,0.0,-0.0008333472224535399,0.9998388396454487,0.0
73842,38.46480774679578,0.9991941982272361,560,681,1241,-0.0008058017727639033,-0.0008333472224535399,0.9997582594681724,-8.058017727639034e-05
73843,38.463974399573324,0.9991941982272361,560,681,1241,0.0,-0.0008333472224535399,0.999677679290896,-8.058017727639034e-05
73844,38.46314105235087,0.9991941982272361,560,681,1241,0.0,-0.0008333472224535399,0.9995970991136197,-8.058017727639034e-05
73845,38.46230770512842,0.9991941982272361,560,681,1241,0.0,-0.0008333472224535399,0.9995970991136197,0.0
73846,38.46147435790596,0.9991941982272361,560,681,1241,0.0,-0.0008333472224535399,0.9995970991136197,0.0
73847,38.46064101068351,0.9991941982272361,560,681,1241,0.0,-0.0008333472224535399,0.9995165189363433,-8.058017727639034e-05
73848,38.459807663461056,0.9991941982272361,560,681,1241,0.0,-0.0008333472224535399,0.999435938759067,-8.058017727639034e-05
73849,38.4589743162386,0.9991941982272361,560,681,1241,0.0,-0.0008333472224535399,0.9993553585817907,-8.058017727639034e-05
73850,38.45814096901615,0.9991941982272361,560,681,1241,0.0,-0.0008333472224535399,0.9992747784045143,-8.058017727639034e-05
73851,38.457307621793696,1.0,560,681,1241,0.0008058017727639033,-0.0008333472224535399,0.9992747784045143,0.0
73852,38.45647427457124,1.0,560,681,1241,0.0,-0.0008333472224535399,0.9993553585817907,8.058017727639034e-05
73853,38.45564092734879,1.0,560,681,1241,0.0,-0.0008333472224535399,0.999435938759067,8.058017727639034e-05
73854,38.454807580126335,1.0,560,681,1241,0.0,-0.0008333472224535399,0.9995165189363433,8.058017727639034e-05
73855,38.45397423290388,1.0,560,681,1241,0.0,-0.0008333472224535399,0.9995970991136197,8.058017727639034e-05
73856,38.45314088568143,1.0,560,681,1241,0.0,-0.0008333472224535399,0.999677679290896,8.058017727639034e-05
73857,38.452307538458975,1.0,560,681,1241,0.0,-0.0008333472224535399,0.9997582594681724,8.058017727639034e-05
73858,38.45147419123652,1.0,560,681,1241,0.0,-0.0008333472224535399,0.9998388396454487,8.058017727639034e-05
73859,38.45064084401407,1.0,560,681,1241,0.0,-0.0008333472224535399,0.999919419822725,8.058017727639034e-05
73860,38.449807496791614,1.0,560,681,1241,0.0,-0.0008333472224535399,1.0000000000000013,8.058017727639034e-05
73861,38.44897414956916,1.0,560,681,1241,0.0,-0.0008333472224535399,1.0000000000000013,0.0
73862,38.44814080234671,0.9991941982272361,560,681,1241,-0.0008058017727639033,-0.0008333472224535399,0.999919419822725,-8.058017727639034e-05
73863,38.44730745512425,0.9991941982272361,560,681,1241,0.0,-0.0008333472224535399,0.9998388396454487,-8.058017727639034e-05
73864,38.4464741079018,0.9991941982272361,560,681,1241,0.0,-0.0008333472224535399,0.9997582594681724,-8.058017727639034e-05
73865,38.445640760679346,0.9991941982272361,560,681,1241,0.0,-0.0008333472224535399,0.999677679290896,-8.058017727639034e-05
73866,38.44480741345689,0.9991941982272361,560,681,1241,0.0,-0.0008333472224535399,0.9995970991136197,-8.058017727639034e-05
73867,38.44397406623444,0.9991941982272361,560,681,1241,0.0,-0.0008333472224535399,0.9995165189363433,-8.058017727639034e-05
73868,38.443140719011986,0.9991941982272361,560,681,1241,0.0,-0.0008333472224535399,0.999435938759067,-8.058017727639034e-05
73869,38.442307371789525,0.9991941982272361,560,681,1241,0.0,-0.0008333472224606453,0.9993553585817907,-8.058017727639034e-05
73870,38.44147402456707,0.9991941982272361,560,681,1241,0.0,-0.0008333472224535399,0.9992747784045143,-8.058017727639034e-05
73871,38.44064067734462,0.9991941982272361,560,681,1241,0.0,-0.0008333472224535399,0.999194198227238,-8.058017727639034e-05
73872,38.439807330122164,0.9991941982272361,560,681,1241,0.0,-0.0008333472224535399,0.999194198227238,0.0
73873,38.43897398289971,0.9991941982272361,560,681,1241,0.0,-0.0008333472224535399,0.999194198227238,0.0
73874,38.43814063567726,0.9991941982272361,560,681,1241,0.0,-0.0008333472224535399,0.999194198227238,0.0
73875,38.437307288454804,0.9991941982272361,560,681,1241,0.0,-0.0008333472224535399,0.999194198227238,0.0
73876,38.43647394123235,0.9991941982272361,560,681,1241,0.0,-0.0008333472224535399,0.999194198227238,0.0
73877,38.4356405940099,0.9991941982272361,560,681,1241,0.0,-0.0008333472224535399,0.999194198227238,0.0
73878,38.43480724678744,0.9991941982272361,560,681,1241,0.0,-0.0008333472224535399,0.999194198227238,0.0
73879,38.43397389956499,0.9991941982272361,560,681,1241,0.0,-0.0008333472224535399,0.999194198227238,0.0
73880,38.433140552342536,0.9991941982272361,560,681,1241,0.0,-0.0008333472224535399,0.999194198227238,0.0
73881,38.43230720512008,1.0,560,681,1241,0.0008058017727639033,-0.0008333472224535399,0.9992747784045143,8.058017727639034e-05
73882,38.43147385789763,1.0,560,681,1241,0.0,-0.0008333472224535399,0.9993553585817907,8.058017727639034e-05
73883,38.430640510675175,1.0,560,681,1241,0.0,-0.0008333472224535399,0.999435938759067,8.058017727639034e-05
73884,38.42980716345272,1.0,560,681,1241,0.0,-0.0008333472224535399,0.9995165189363433,8.058017727639034e-05
73885,38.42897381623027,1.0,560,681,1241,0.0,-0.0008333472224535399,0.9995970991136197,8.058017727639034e-05
73886,38.428140469007815,1.0,560,681,1241,0.0,-0.0008333472224535399,0.999677679290896,8.058017727639034e-05
73887,38.42730712178536,1.0,560,681,1241,0.0,-0.0008333472224535399,0.9997582594681724,8.058017727639034e-05
73888,38.42647377456291,1.0,560,681,1241,0.0,-0.0008333472224535399,0.9998388396454487,8.058017727639034e-05
73889,38.425640427340454,1.0,560,681,1241,0.0,-0.0008333472224535399,0.999919419822725,8.058017727639034e-05
73890,38.424807080118,1.0,560,681,1241,0.0,-0.0008333472224535399,1.0000000000000013,8.058017727639034e-05
73891,38.42397373289555,1.0,560,681,1241,0.0,-0.0008333472224535399,1.0000000000000013,0.0
73892,38.42314038567309,1.0,560,681,1241,0.0,-0.0008333472224535399,1.0000000000000013,0.0
73893,38.42230703845064,1.0,560,681,1241,0.0,-0.0008333472224535399,1.0000000000000013,0.0
73894,38.42147369122819,1.0,560,681,1241,0.0,-0.0008333472224535399,1.0000000000000013,0.0
73895,38.42064034400573,1.0,560,681,1241,0.0,-0.0008333472224535399,1.0000000000000013,0.0
73896,38.41980699678328,1.0,560,681,1241,0.0,-0.0008333472224535399,1.0000000000000013,0.0
73897,38.418973649560826,1.0,560,681,1241,0.0,-0.0008333472224535399,1.0000000000000013,0.0
73898,38.41814030233837,1.0,560,681,1241,0.0,-0.0008333472224535399,1.0000000000000013,0.0
73899,38.41730695511592,1.0,560,681,1241,0.0,-0.0008333472224535399,1.0000000000000013,0.0
73900,38.416473607893465,1.0,560,681,1241,0.0,-0.0008333472224535399,1.0000000000000013,0.0
73901,38.41564026067101,1.0,560,681,1241,0.0,-0.0008333472224535399,1.0000000000000013,0.0
73902,38.41480691344856,1.0,560,681,1241,0.0,-0.0008333472224535399,1.0000000000000013,0.0
73903,38.413973566226105,1.0,560,681,1241,0.0,-0.0008333472224535399,1.0000000000000013,0.0
73904,38.41314021900365,1.0,560,681,1241,0.0,-0.0008333472224535399,1.0000000000000013,0.0
73905,38.4123068717812,1.0,560,681,1241,0.0,-0.0008333472224535399,1.0000000000000013,0.0
73906,38.411473524558744,1.0,560,681,1241,0.0,-0.0008333472224535399,1.0000000000000013,0.0
73907,38.41064017733629,1.0,560,681,1241,0.0,-0.0008333472224535399,1.0000000000000013,0.0
73908,38.40980683011384,1.0,560,681,1241,0.0,-0.0008333472224535399,1.0000000000000013,0.0
73909,38.40897348289138,1.0,560,681,1241,0.0,-0.0008333472224535399,1.0000000000000013,0.0
73910,38.40814013566893,1.0,560,681,1241,0.0,-0.0008333472224535399,1.0000000000000013,0.0
73911,38.407306788446476,1.0,560,681,1241,0.0,-0.0008333472224535399,1.0000000000000013,0.0
73912,38.40647344122402,1.0,560,681,1241,0.0,-0.0008333472224535399,1.0000000000000013,0.0
73913,38.40564009400157,1.0,560,681,1241,0.0,-0.0008333472224535399,1.0000000000000013,0.0
73914,38.404806746779116,0.9991941982272361,560,681,1241,-0.0008058017727639033,-0.0008333472224535399,0.999919419822725,-8.058017727639034e-05
73915,38.40397339955666,0.9991941982272361,560,681,1241,0.0,-0.0008333472224535399,0.9998388396454487,-8.058017727639034e-05
73916,38.40314005233421,1.0,560,681,1241,0.0008058017727639033,-0.0008333472224535399,0.9998388396454487,0.0
73917,38.402306705111755,1.0,560,681,1241,0.0,-0.0008333472224535399,0.9998388396454487,0.0
73918,38.4014733578893,1.0,560,681,1241,0.0,-0.0008333472224535399,0.9998388396454487,0.0
73919,38.40064001066685,1.0,560,681,1241,0.0,-0.0008333472224535399,0.9998388396454487,0.0
73920,38.399806663444394,0.9991941982272361,560,681,1241,-0.0008058017727639033,-0.0008333472224535399,0.9997582594681724,-8.058017727639034e-05
73921,38.39897331622194,1.0,560,681,1241,0.0008058017727639033,-0.0008333472224535399,0.9997582594681724,0.0
73922,38.39813996899948,1.0,560,681,1241,0.0,-0.0008333472224606453,0.9997582594681724,0.0
73923,38.39730662177703,1.0,560,681,1241,0.0,-0.0008333472224535399,0.9997582594681724,0.0
73924,38.39647327455457,1.0,560,681,1241,0.0,-0.0008333472224535399,0.9998388396454487,8.058017727639034e-05
73925,38.39563992733212,1.0,560,681,1241,0.0,-0.0008333472224535399,0.999919419822725,8.058017727639034e-05
73926,38.394806580109666,1.0,560,681,1241,0.0,-0.0008333472224535399,0.999919419822725,0.0
73927,38.39397323288721,1.0,560,681,1241,0.0,-0.0008333472224535399,0.999919419822725,0.0
73928,38.39313988566476,1.0,560,681,1241,0.0,-0.0008333472224535399,0.999919419822725,0.0
73929,38.392306538442305,1.0,560,681,1241,0.0,-0.0008333472224535399,0.999919419822725,0.0
73930,38.39147319121985,1.0,560,681,1241,0.0,-0.0008333472224535399,1.0000000000000013,8.058017727639034e-05
73931,38.3906398439974,1.0,560,681,1241,0.0,-0.0008333472224535399,1.0000000000000013,0.0
73932,38.389806496774945,1.0,560,681,1241,0.0,-0.0008333472224535399,1.0000000000000013,0.0
73933,38.38897314955249,1.0,560,681,1241,0.0,-0.0008333472224535399,1.0000000000000013,0.0
73934,38.38813980233004,1.0,560,681,1241,0.0,-0.0008333472224535399,1.0000000000000013,0.0
73935,38.387306455107584,1.0,560,681,1241,0.0,-0.0008333472224535399,1.0000000000000013,0.0
73936,38.38647310788513,1.0,560,681,1241,0.0,-0.0008333472224535399,1.0000000000000013,0.0
73937,38.38563976066268,1.0,560,681,1241,0.0,-0.0008333472224535399,1.0000000000000013,0.0
73938,38.384806413440224,1.0,560,681,1241,0.0,-0.0008333472224535399,1.0000000000000013,0.0
73939,38.38397306621777,1.0,560,681,1241,0.0,-0.0008333472224535399,1.0000000000000013,0.0
73940,38.38313971899532,1.0,560,681,1241,0.0,-0.0008333472224535399,1.0000000000000013,0.0
73941,38.38230637177286,1.0,560,681,1241,0.0,-0.0008333472224535399,1.0000000000000013,0.0
73942,38.38147302455041,1.0,560,681,1241,0.0,-0.0008333472224535399,1.0000000000000013,0.0
73943,38.380639677327956,1.0,560,681,1241,0.0,-0.0008333472224535399,1.0000000000000013,0.0
73944,38.3798063301055,1.0,560,681,1241,0.0,-0.0008333472224535399,1.0000000000000013,0.0
73945,38.37897298288305,1.0,560,681,1241,0.0,-0.0008333472224535399,1.0000000000000013,0.0
73946,38.378139635660595,1.0,560,681,1241,0.0,-0.0008333472224535399,1.0000000000000013,0.0
73947,38.37730628843814,1.0,560,681,1241,0.0,-0.0008333472224535399,1.0000000000000013,0.0
73948,38.37647294121569,1.0,560,681,1241,0.0,-0.0008333472224535399,1.0000000000000013,0.0
73949,38.375639593993235,1.0,560,681,1241,0.0,-0.0008333472224535399,1.0000000000000013,0.0
73950,38.37480624677078,1.0,560,681,1241,0.0,-0.0008333472224535399,1.0000000000000013,0.0
73951,38.37397289954833,1.0,560,681,1241,0.0,-0.0008333472224535399,1.0000000000000013,0.0
73952,38.373139552325874,1.0,560,681,1241,0.0,-0.0008333472224535399,1.0000000000000013,0.0
73953,38.37230620510342,1.0,560,681,1241,0.0,-0.0008333472224535399,1.0000000000000013,0.0
73954,38.37147285788096,1.0,560,681,1241,0.0,-0.0008333472224606453,1.0000000000000013,0.0
73955,38.370639510658506,1.0,560,681,1241,0.0,-0.0008333472224535399,1.0000000000000013,0.0
73956,38.36980616343605,1.0,560,681,1241,0.0,-0.0008333472224535399,1.0000000000000013,0.0
73957,38.3689728162136,1.0,560,681,1241,0.0,-0.0008333472224535399,1.0000000000000013,0.0
73958,38.368139468991146,1.0,560,681,1241,0.0,-0.0008333472224535399,1.0000000000000013,0.0
73959,38.36730612176869,1.0,560,681,1241,0.0,-0.0008333472224535399,1.0000000000000013,0.0
73960,38.36647277454624,1.0,560,681,1241,0.0,-0.0008333472224535399,1.0000000000000013,0.0
73961,38.365639427323785,1.0,560,681,1241,0.0,-0.0008333472224535399,1.0000000000000013,0.0
73962,38.36480608010133,1.0,560,681,1241,0.0,-0.0008333472224535399,1.0000000000000013,0.0
73963,38.36397273287888,1.0,560,681,1241,0.0,-0.0008333472224535399,1.0000000000000013,0.0
73964,38.363139385656424,1.0,560,681,1241,0.0,-0.0008333472224535399,1.0000000000000013,0.0
73965,38.36230603843397,1.0,560,681,1241,0.0,-0.0008333472224535399,1.0000000000000013,0.0
73966,38.36147269121152,1.0,560,681,1241,0.0,-0.0008333472224535399,1.0000000000000013,0.0
73967,38.360639343989064,1.0,560,681,1241,0.0,-0.0008333472224535399,1.0000000000000013,0.0
73968,38.35980599676661,1.0,560,681,1241,0.0,-0.0008333472224535399,1.0000000000000013,0.0
73969,38.35897264954416,1.0,560,681,1241,0.0,-0.0008333472224535399,1.0000000000000013,0.0
73970,38.3581393023217,1.0,560,681,1241,0.0,-0.0008333472224535399,1.0000000000000013,0.0
73971,38.35730595509925,1.0,560,681,1241,0.0,-0.0008333472224535399,1.0000000000000013,0.0
73972,38.356472607876796,1.0,560,681,1241,0.0,-0.0008333472224535399,1.0000000000000013,0.0
73973,38.35563926065434,1.0,560,681,1241,0.0,-0.0008333472224535399,1.0000000000000013,0.0
73974,38.35480591343189,1.0,560,681,1241,0.0,-0.0008333472224535399,1.0000000000000013,0.0
73975,38.353972566209436,1.0,560,681,1241,0.0,-0.0008333472224535399,1.0000000000000013,0.0
73976,38.35313921898698,1.0,560,681,1241,0.0,-0.0008333472224535399,1.0000000000000013,0.0
73977,38.35230587176453,1.0,560,681,1241,0.0,-0.0008333472224535399,1.0000000000000013,0.0
73978,38.351472524542075,1.0,560,681,1241,0.0,-0.0008333472224535399,1.0000000000000013,0.0
73979,38.35063917731962,1.0,560,681,1241,0.0,-0.0008333472224535399,1.0000000000000013,0.0
73980,38.34980583009717,1.0,560,681,1241,0.0,-0.0008333472224535399,1.0000000000000013,0.0
73981,38.348972482874714,1.0,560,681,1241,0.0,-0.0008333472224535399,1.0000000000000013,0.0
73982,38.34813913565226,1.0,560,681,1241,0.0,-0.0008333472224535399,1.0000000000000013,0.0
73983,38.34730578842981,1.0,560,681,1241,0.0,-0.0008333472224535399,1.0000000000000013,0.0
73984,38.346472441207354,1.0,560,681,1241,0.0,-0.0008333472224535399,1.0000000000000013,0.0
73985,38.3456390939849,1.0,560,681,1241,0.0,-0.0008333472224535399,1.0000000000000013,0.0
73986,38.34480574676245,1.0,560,681,1241,0.0,-0.0008333472224535399,1.0000000000000013,0.0
73987,38.34397239953999,1.0,560,681,1241,0.0,-0.0008333472224535399,1.0000000000000013,0.0
73988,38.34313905231754,0.9991941982272361,560,681,1241,-0.0008058017727639033,-0.0008333472224535399,0.999919419822725,-8.058017727639034e-05
73989,38.342305705095086,0.9991941982272361,560,681,1241,0.0,-0.0008333472224535399,0.9998388396454487,-8.058017727639034e-05
73990,38.34147235787263,0.9991941982272361,560,681,1241,0.0,-0.0008333472224535399,0.9997582594681724,-8.058017727639034e-05
73991,38.34063901065018,0.9991941982272361,560,681,1241,0.0,-0.0008333472224535399,0.999677679290896,-8.058017727639034e-05
73992,38.339805663427725,1.0,560,681,1241,0.0008058017727639033,-0.0008333472224535399,0.999677679290896,0.0
73993,38.33897231620527,1.0,560,681,1241,0.0,-0.0008333472224535399,0.999677679290896,0.0
73994,38.33813896898282,1.0,560,681,1241,0.0,-0.0008333472224535399,0.999677679290896,0.0
73995,38.337305621760365,1.0,560,681,1241,0.0,-0.0008333472224535399,0.999677679290896,0.0
73996,38.33647227453791,1.0,560,681,1241,0.0,-0.0008333472224535399,0.999677679290896,0.0
73997,38.33563892731546,1.0,560,681,1241,0.0,-0.0008333472224535399,0.999677679290896,0.0
73998,38.334805580093004,1.0,560,681,1241,0.0,-0.0008333472224535399,0.9997582594681724,8.058017727639034e-05
73999,38.33397223287055,1.0,560,681,1241,0.0,-0.0008333472224535399,0.9998388396454487,8.058017727639034e-05
74000,38.3331388856481,1.0,560,681,1241,0.0,-0.0008333472224535399,0.999919419822725,8.058017727639034e-05
74001,38.33230553842564,1.0,560,681,1241,0.0,-0.0008333472224535399,1.0000000000000013,8.058017727639034e-05
74002,38.33147219120319,1.0,560,681,1241,0.0,-0.0008333472224535399,1.0000000000000013,0.0
74003,38.330638843980736,1.0,560,681,1241,0.0,-0.0008333472224535399,1.0000000000000013,0.0
74004,38.32980549675828,1.0,560,681,1241,0.0,-0.0008333472224535399,1.0000000000000013,0.0
74005,38.32897214953583,1.0,560,681,1241,0.0,-0.0008333472224535399,1.0000000000000013,0.0
74006,38.328138802313376,1.0,560,681,1241,0.0,-0.0008333472224535399,1.0000000000000013,0.0
74007,38.327305455090915,1.0,560,681,1241,0.0,-0.0008333472224606453,1.0000000000000013,0.0
74008,38.32647210786846,1.0,560,681,1241,0.0,-0.0008333472224535399,1.0000000000000013,0.0
74009,38.32563876064601,1.0,560,681,1241,0.0,-0.0008333472224535399,1.0000000000000013,0.0
74010,38.324805413423555,1.0,560,681,1241,0.0,-0.0008333472224535399,1.0000000000000013,0.0
74011,38.3239720662011,1.0,560,681,1241,0.0,-0.0008333472224535399,1.0000000000000013,0.0
74012,38.32313871897865,1.0,560,681,1241,0.0,-0.0008333472224535399,1.0000000000000013,0.0
74013,38.322305371756194,1.0,560,681,1241,0.0,-0.0008333472224535399,1.0000000000000013,0.0
74014,38.32147202453374,1.0,560,681,1241,0.0,-0.0008333472224535399,1.0000000000000013,0.0
74015,38.32063867731129,1.0,560,681,1241,0.0,-0.0008333472224535399,1.0000000000000013,0.0
74016,38.31980533008883,1.0,560,681,1241,0.0,-0.0008333472224535399,1.0000000000000013,0.0
74017,38.31897198286638,1.0,560,681,1241,0.0,-0.0008333472224535399,1.0000000000000013,0.0
74018,38.318138635643926,1.0,560,681,1241,0.0,-0.0008333472224535399,1.0000000000000013,0.0
74019,38.31730528842147,1.0,560,681,1241,0.0,-0.0008333472224535399,1.0000000000000013,0.0
74020,38.31647194119902,1.0,560,681,1241,0.0,-0.0008333472224535399,1.0000000000000013,0.0
74021,38.315638593976566,1.0,560,681,1241,0.0,-0.0008333472224535399,1.0000000000000013,0.0
74022,38.31480524675411,1.0,560,681,1241,0.0,-0.0008333472224535399,1.0000000000000013,0.0
74023,38.31397189953166,1.0,560,681,1241,0.0,-0.0008333472224535399,1.0000000000000013,0.0
74024,38.313138552309205,1.0,560,681,1241,0.0,-0.0008333472224535399,1.0000000000000013,0.0
74025,38.31230520508675,1.0,560,681,1241,0.0,-0.0008333472224535399,1.0000000000000013,0.0
74026,38.3114718578643,1.0,560,681,1241,0.0,-0.0008333472224535399,1.0000000000000013,0.0
74027,38.310638510641844,1.0,560,681,1241,0.0,-0.0008333472224535399,1.0000000000000013,0.0
74028,38.30980516341939,1.0,560,681,1241,0.0,-0.0008333472224535399,1.0000000000000013,0.0
74029,38.30897181619694,1.0,560,681,1241,0.0,-0.0008333472224535399,1.0000000000000013,0.0
74030,38.308138468974484,1.0,560,681,1241,0.0,-0.0008333472224535399,1.0000000000000013,0.0
74031,38.30730512175203,1.0,560,681,1241,0.0,-0.0008333472224535399,1.0000000000000013,0.0
74032,38.30647177452958,1.0,560,681,1241,0.0,-0.0008333472224535399,1.0000000000000013,0.0
74033,38.30563842730712,1.0,560,681,1241,0.0,-0.0008333472224535399,1.0000000000000013,0.0
74034,38.30480508008467,1.0,560,681,1241,0.0,-0.0008333472224535399,1.0000000000000013,0.0
74035,38.303971732862216,1.0,560,681,1241,0.0,-0.0008333472224535399,1.0000000000000013,0.0
74036,38.30313838563976,1.0,560,681,1241,0.0,-0.0008333472224535399,1.0000000000000013,0.0
74037,38.30230503841731,1.0,560,681,1241,0.0,-0.0008333472224535399,1.0000000000000013,0.0
74038,38.301471691194855,1.0,560,681,1241,0.0,-0.0008333472224535399,1.0000000000000013,0.0
74039,38.300638343972395,1.0,560,681,1241,0.0,-0.0008333472224606453,1.0000000000000013,0.0
74040,38.29980499674994,1.0,560,681,1241,0.0,-0.0008333472224535399,1.0000000000000013,0.0
74041,38.29897164952749,1.0,560,681,1241,0.0,-0.0008333472224535399,1.0000000000000013,0.0
74042,38.298138302305034,1.0,560,681,1241,0.0,-0.0008333472224535399,1.0000000000000013,0.0
74043,38.29730495508258,1.0,560,681,1241,0.0,-0.0008333472224535399,1.0000000000000013,0.0
74044,38.29647160786013,1.0,560,681,1241,0.0,-0.0008333472224535399,1.0000000000000013,0.0
74045,38.29563826063767,1.0,560,681,1241,0.0,-0.0008333472224535399,1.0000000000000013,0.0
74046,38.29480491341522,1.0,560,681,1241,0.0,-0.0008333472224535399,1.0000000000000013,0.0
74047,38.293971566192766,1.0,560,681,1241,0.0,-0.0008333472224535399,1.0000000000000013,0.0
74048,38.29313821897031,1.0,560,681,1241,0.0,-0.0008333472224535399,1.0000000000000013,0.0
74049,38.29230487174786,1.0,560,681,1241,0.0,-0.0008333472224535399,1.0000000000000013,0.0
74050,38.291471524525406,1.0,560,681,1241,0.0,-0.0008333472224535399,1.0000000000000013,0.0
74051,38.29063817730295,1.0,560,681,1241,0.0,-0.0008333472224535399,1.0000000000000013,0.0
74052,38.2898048300805,1.0,560,681,1241,0.0,-0.0008333472224535399,1.0000000000000013,0.0
74053,38.288971482858045,1.0,560,681,1241,0.0,-0.0008333472224535399,1.0000000000000013,0.0
74054,38.28813813563559,1.0,560,681,1241,0.0,-0.0008333472224535399,1.0000000000000013,0.0
74055,38.28730478841314,1.0,560,681,1241,0.0,-0.0008333472224535399,1.0000000000000013,0.0
74056,38.286471441190685,1.0,560,681,1241,0.0,-0.0008333472224535399,1.0000000000000013,0.0
74057,38.28563809396823,1.0,560,681,1241,0.0,-0.0008333472224535399,1.0000000000000013,0.0
74058,38.28480474674578,1.0,560,681,1241,0.0,-0.0008333472224535399,1.0000000000000013,0.0
74059,38.283971399523324,1.0,560,681,1241,0.0,-0.0008333472224535399,1.0000000000000013,0.0
74060,38.28313805230087,1.0,560,681,1241,0.0,-0.0008333472224535399,1.0000000000000013,0.0
74061,38.28230470507842,1.0,560,681,1241,0.0,-0.0008333472224535399,1.0000000000000013,0.0
74062,38.28147135785596,1.0,560,681,1241,0.0,-0.0008333472224535399,1.0000000000000013,0.0
74063,38.28063801063351,1.0,560,681,1241,0.0,-0.0008333472224535399,1.0000000000000013,0.0
74064,38.279804663411056,0.9991941982272361,560,681,1241,-0.0008058017727639033,-0.0008333472224535399,0.999919419822725,-8.058017727639034e-05
74065,38.2789713161886,0.9991941982272361,560,681,1241,0.0,-0.0008333472224535399,0.9998388396454487,-8.058017727639034e-05
74066,38.27813796896615,0.9991941982272361,560,681,1241,0.0,-0.0008333472224535399,0.9997582594681724,-8.058017727639034e-05
74067,38.277304621743696,0.9991941982272361,560,681,1241,0.0,-0.0008333472224535399,0.999677679290896,-8.058017727639034e-05
74068,38.27647127452124,0.9991941982272361,560,681,1241,0.0,-0.0008333472224535399,0.9995970991136197,-8.058017727639034e-05
74069,38.27563792729879,0.9991941982272361,560,681,1241,0.0,-0.0008333472224535399,0.9995165189363433,-8.058017727639034e-05
74070,38.274804580076335,0.9991941982272361,560,681,1241,0.0,-0.0008333472224535399,0.999435938759067,-8.058017727639034e-05
74071,38.27397123285388,0.9991941982272361,560,681,1241,0.0,-0.0008333472224535399,0.9993553585817907,-8.058017727639034e-05
74072,38.27313788563143,0.9991941982272361,560,681,1241,0.0,-0.0008333472224535399,0.9992747784045143,-8.058017727639034e-05
74073,38.272304538408974,1.0,560,681,1241,0.0008058017727639033,-0.0008333472224535399,0.9992747784045143,0.0
74074,38.27147119118652,1.0,560,681,1241,0.0,-0.0008333472224535399,0.9993553585817907,8.058017727639034e-05
74075,38.27063784396407,1.0,560,681,1241,0.0,-0.0008333472224535399,0.999435938759067,8.058017727639034e-05
74076,38.269804496741614,1.0,560,681,1241,0.0,-0.0008333472224535399,0.9995165189363433,8.058017727639034e-05
74077,38.26897114951916,1.0,560,681,1241,0.0,-0.0008333472224535399,0.9995970991136197,8.058017727639034e-05
74078,38.26813780229671,1.0,560,681,1241,0.0,-0.0008333472224535399,0.999677679290896,8.058017727639034e-05
74079,38.26730445507425,1.0,560,681,1241,0.0,-0.0008333472224535399,0.9997582594681724,8.058017727639034e-05
74080,38.2664711078518,1.0,560,681,1241,0.0,-0.0008333472224535399,0.9998388396454487,8.058017727639034e-05
74081,38.265637760629346,1.0,560,681,1241,0.0,-0.0008333472224535399,0.999919419822725,8.058017727639034e-05
74082,38.26480441340689,1.0,560,681,1241,0.0,-0.0008333472224535399,1.0000000000000013,8.058017727639034e-05
74083,38.26397106618444,1.0,560,681,1241,0.0,-0.0008333472224535399,1.0000000000000013,0.0
74084,38.263137718961985,1.0,560,681,1241,0.0,-0.0008333472224535399,1.0000000000000013,0.0
74085,38.26230437173953,1.0,560,681,1241,0.0,-0.0008333472224535399,1.0000000000000013,0.0
74086,38.26147102451708,1.0,560,681,1241,0.0,-0.0008333472224535399,1.0000000000000013,0.0
74087,38.260637677294625,1.0,560,681,1241,0.0,-0.0008333472224535399,1.0000000000000013,0.0
74088,38.25980433007217,1.0,560,681,1241,0.0,-0.0008333472224535399,1.0000000000000013,0.0
74089,38.25897098284972,1.0,560,681,1241,0.0,-0.0008333472224535399,1.0000000000000013,0.0
74090,38.258137635627264,1.0,560,681,1241,0.0,-0.0008333472224535399,1.0000000000000013,0.0
74091,38.25730428840481,1.0,560,681,1241,0.0,-0.0008333472224535399,1.0000000000000013,0.0
74092,38.25647094118235,1.0,560,681,1241,0.0,-0.0008333472224606453,1.0000000000000013,0.0
74093,38.2556375939599,1.0,560,681,1241,0.0,-0.0008333472224535399,1.0000000000000013,0.0
74094,38.25480424673744,1.0,560,681,1241,0.0,-0.0008333472224535399,1.0000000000000013,0.0
74095,38.25397089951499,1.0,560,681,1241,0.0,-0.0008333472224535399,1.0000000000000013,0.0
74096,38.253137552292536,1.0,560,681,1241,0.0,-0.0008333472224535399,1.0000000000000013,0.0
74097,38.25230420507008,1.0,560,681,1241,0.0,-0.0008333472224535399,1.0000000000000013,0.0
74098,38.25147085784763,1.0,560,681,1241,0.0,-0.0008333472224535399,1.0000000000000013,0.0
74099,38.250637510625175,1.0,560,681,1241,0.0,-0.0008333472224535399,1.0000000000000013,0.0
74100,38.24980416340272,1.0,560,681,1241,0.0,-0.0008333472224535399,1.0000000000000013,0.0
74101,38.24897081618027,0.9983883964544722,560,681,1241,-0.0016116035455278066,-0.0008333472224535399,0.9998388396454487,-0.00016116035455278067
74102,38.248137468957815,0.9983883964544722,560,681,1241,0.0,-0.0008333472224535399,0.999677679290896,-0.00016116035455278067
74103,38.24730412173536,0.9983883964544722,560,681,1241,0.0,-0.0008333472224535399,0.9995165189363433,-0.00016116035455278067
74104,38.24647077451291,0.9983883964544722,560,681,1241,0.0,-0.0008333472224535399,0.9993553585817907,-0.00016116035455278067
74105,38.245637427290454,0.9991941982272361,560,681,1241,0.0008058017727639033,-0.0008333472224535399,0.9992747784045143,-8.058017727639034e-05
74106,38.244804080068,0.9991941982272361,560,681,1241,0.0,-0.0008333472224535399,0.999194198227238,-8.058017727639034e-05
74107,38.24397073284555,0.9991941982272361,560,681,1241,0.0,-0.0008333472224535399,0.9991136180499616,-8.058017727639034e-05
74108,38.24313738562309,0.9991941982272361,560,681,1241,0.0,-0.0008333472224535399,0.9990330378726853,-8.058017727639034e-05
74109,38.24230403840064,0.9983883964544722,560,681,1241,-0.0008058017727639033,-0.0008333472224535399,0.9988718775181326,-0.00016116035455278067
74110,38.241470691178186,0.9983883964544722,560,681,1241,0.0,-0.0008333472224535399,0.9987107171635798,-0.00016116035455278067
74111,38.24063734395573,0.9991941982272361,560,681,1241,0.0008058017727639033,-0.0008333472224535399,0.9987912973408563,8.058017727639034e-05
74112,38.23980399673328,0.9991941982272361,560,681,1241,0.0,-0.0008333472224535399,0.9988718775181326,8.058017727639034e-05
74113,38.238970649510826,1.0,560,681,1241,0.0008058017727639033,-0.0008333472224535399,0.9990330378726853,0.00016116035455278067
74114,38.23813730228837,1.0,560,681,1241,0.0,-0.0008333472224535399,0.999194198227238,0.00016116035455278067
74115,38.23730395506592,0.9991941982272361,560,681,1241,-0.0008058017727639033,-0.0008333472224535399,0.999194198227238,0.0
74116,38.236470607843465,0.9991941982272361,560,681,1241,0.0,-0.0008333472224535399,0.999194198227238,0.0
74117,38.23563726062101,0.9991941982272361,560,681,1241,0.0,-0.0008333472224535399,0.999194198227238,0.0
74118,38.23480391339856,0.9991941982272361,560,681,1241,0.0,-0.0008333472224535399,0.999194198227238,0.0
74119,38.233970566176104,0.9991941982272361,560,681,1241,0.0,-0.0008333472224535399,0.9992747784045143,8.058017727639034e-05
74120,38.23313721895365,0.9991941982272361,560,681,1241,0.0,-0.0008333472224535399,0.9993553585817907,8.058017727639034e-05
74121,38.2323038717312,0.9991941982272361,560,681,1241,0.0,-0.0008333472224535399,0.9993553585817907,0.0
74122,38.231470524508744,1.0,560,681,1241,0.0008058017727639033,-0.0008333472224535399,0.999435938759067,8.058017727639034e-05
74123,38.23063717728628,1.0,560,681,1241,0.0,-0.0008333472224606453,0.999435938759067,0.0
74124,38.22980383006383,1.0,560,681,1241,0.0,-0.0008333472224535399,0.999435938759067,0.0
74125,38.228970482841376,0.9991941982272361,560,681,1241,-0.0008058017727639033,-0.0008333472224535399,0.999435938759067,0.0
74126,38.22813713561892,0.9991941982272361,560,681,1241,0.0,-0.0008333472224535399,0.999435938759067,0.0
74127,38.22730378839647,1.0,560,681,1241,0.0008058017727639033,-0.0008333472224535399,0.9995165189363433,8.058017727639034e-05
74128,38.226470441174015,0.9991941982272361,560,681,1241,-0.0008058017727639033,-0.0008333472224535399,0.9995165189363433,0.0
74129,38.22563709395156,0.9991941982272361,560,681,1241,0.0,-0.0008333472224535399,0.9995165189363433,0.0
74130,38.22480374672911,0.9991941982272361,560,681,1241,0.0,-0.0008333472224535399,0.9995165189363433,0.0
74131,38.223970399506655,0.9991941982272361,560,681,1241,0.0,-0.0008333472224535399,0.9995165189363433,0.0
74132,38.2231370522842,1.0,560,681,1241,0.0008058017727639033,-0.0008333472224535399,0.9995165189363433,0.0
74133,38.22230370506175,1.0,560,681,1241,0.0,-0.0008333472224535399,0.9995165189363433,0.0
74134,38.221470357839294,1.0,560,681,1241,0.0,-0.0008333472224535399,0.9995165189363433,0.0
74135,38.22063701061684,1.0,560,681,1241,0.0,-0.0008333472224535399,0.9995970991136197,8.058017727639034e-05
74136,38.21980366339439,1.0,560,681,1241,0.0,-0.0008333472224535399,0.999677679290896,8.058017727639034e-05
74137,38.218970316171934,1.0,560,681,1241,0.0,-0.0008333472224535399,0.999677679290896,0.0
74138,38.21813696894948,1.0,560,681,1241,0.0,-0.0008333472224535399,0.9997582594681724,8.058017727639034e-05
74139,38.21730362172703,1.0,560,681,1241,0.0,-0.0008333472224535399,0.9998388396454487,8.058017727639034e-05
74140,38.21647027450457,1.0,560,681,1241,0.0,-0.0008333472224535399,0.999919419822725,8.058017727639034e-05
74141,38.21563692728212,1.0,560,681,1241,0.0,-0.0008333472224535399,1.0000000000000013,8.058017727639034e-05
74142,38.214803580059666,1.0,560,681,1241,0.0,-0.0008333472224535399,1.0000000000000013,0.0
74143,38.21397023283721,1.0,560,681,1241,0.0,-0.0008333472224535399,1.0000000000000013,0.0
74144,38.21313688561476,1.0,560,681,1241,0.0,-0.0008333472224535399,1.0000000000000013,0.0
74145,38.212303538392305,1.0,560,681,1241,0.0,-0.0008333472224535399,1.0000000000000013,0.0
74146,38.21147019116985,1.0,560,681,1241,0.0,-0.0008333472224535399,1.0000000000000013,0.0
74147,38.2106368439474,1.0,560,681,1241,0.0,-0.0008333472224535399,1.0000000000000013,0.0
74148,38.209803496724945,1.0,560,681,1241,0.0,-0.0008333472224535399,1.0000000000000013,0.0
74149,38.20897014950249,1.0,560,681,1241,0.0,-0.0008333472224535399,1.0000000000000013,0.0
74150,38.20813680228004,1.0,560,681,1241,0.0,-0.0008333472224535399,1.0000000000000013,0.0
74151,38.207303455057584,1.0,560,681,1241,0.0,-0.0008333472224535399,1.0000000000000013,0.0
74152,38.20647010783513,1.0,560,681,1241,0.0,-0.0008333472224535399,1.0000000000000013,0.0
74153,38.20563676061268,1.0,560,681,1241,0.0,-0.0008333472224535399,1.0000000000000013,0.0
74154,38.20480341339022,1.0,560,681,1241,0.0,-0.0008333472224535399,1.0000000000000013,0.0
74155,38.20397006616777,1.0,560,681,1241,0.0,-0.0008333472224535399,1.0000000000000013,0.0
74156,38.203136718945316,1.0,560,681,1241,0.0,-0.0008333472224535399,1.0000000000000013,0.0
74157,38.20230337172286,1.0,560,681,1241,0.0,-0.0008333472224535399,1.0000000000000013,0.0
74158,38.20147002450041,1.0,560,681,1241,0.0,-0.0008333472224535399,1.0000000000000013,0.0
74159,38.200636677277956,1.0,560,681,1241,0.0,-0.0008333472224535399,1.0000000000000013,0.0
74160,38.1998033300555,1.0,560,681,1241,0.0,-0.0008333472224535399,1.0000000000000013,0.0
74161,38.19896998283305,0.9991941982272361,560,681,1241,-0.0008058017727639033,-0.0008333472224535399,0.999919419822725,-8.058017727639034e-05
74162,38.198136635610595,1.0,560,681,1241,0.0008058017727639033,-0.0008333472224535399,0.999919419822725,0.0
74163,38.19730328838814,1.0,560,681,1241,0.0,-0.0008333472224535399,0.999919419822725,0.0
74164,38.19646994116569,1.0,560,681,1241,0.0,-0.0008333472224535399,0.999919419822725,0.0
74165,38.195636593943235,1.0,560,681,1241,0.0,-0.0008333472224535399,0.999919419822725,0.0
74166,38.19480324672078,1.0,560,681,1241,0.0,-0.0008333472224535399,0.999919419822725,0.0
74167,38.19396989949833,1.0,560,681,1241,0.0,-0.0008333472224535399,0.999919419822725,0.0
74168,38.193136552275874,1.0,560,681,1241,0.0,-0.0008333472224535399,0.999919419822725,0.0
74169,38.19230320505342,1.0,560,681,1241,0.0,-0.0008333472224535399,0.999919419822725,0.0
74170,38.19146985783097,1.0,560,681,1241,0.0,-0.0008333472224535399,0.999919419822725,0.0
74171,38.19063651060851,1.0,560,681,1241,0.0,-0.0008333472224535399,1.0000000000000013,8.058017727639034e-05
74172,38.18980316338606,1.0,560,681,1241,0.0,-0.0008333472224535399,1.0000000000000013,0.0
74173,38.188969816163606,1.0,560,681,1241,0.0,-0.0008333472224535399,1.0000000000000013,0.0
74174,38.18813646894115,1.0,560,681,1241,0.0,-0.0008333472224535399,1.0000000000000013,0.0
74175,38.1873031217187,1.0,560,681,1241,0.0,-0.0008333472224535399,1.0000000000000013,0.0
74176,38.18646977449624,1.0,560,681,1241,0.0,-0.0008333472224606453,1.0000000000000013,0.0
74177,38.185636427273785,1.0,560,681,1241,0.0,-0.0008333472224535399,1.0000000000000013,0.0
74178,38.18480308005133,1.0,560,681,1241,0.0,-0.0008333472224535399,1.0000000000000013,0.0
74179,38.18396973282888,1.0,560,681,1241,0.0,-0.0008333472224535399,1.0000000000000013,0.0
74180,38.183136385606424,1.0,560,681,1241,0.0,-0.0008333472224535399,1.0000000000000013,0.0
74181,38.18230303838397,1.0,560,681,1241,0.0,-0.0008333472224535399,1.0000000000000013,0.0
74182,38.18146969116152,1.0,560,681,1241,0.0,-0.0008333472224535399,1.0000000000000013,0.0
74183,38.180636343939064,1.0,560,681,1241,0.0,-0.0008333472224535399,1.0000000000000013,0.0
74184,38.17980299671661,1.0,560,681,1241,0.0,-0.0008333472224535399,1.0000000000000013,0.0
74185,38.17896964949416,1.0,560,681,1241,0.0,-0.0008333472224535399,1.0000000000000013,0.0
74186,38.1781363022717,1.0,560,681,1241,0.0,-0.0008333472224535399,1.0000000000000013,0.0
74187,38.17730295504925,1.0,560,681,1241,0.0,-0.0008333472224535399,1.0000000000000013,0.0
74188,38.176469607826796,1.0,560,681,1241,0.0,-0.0008333472224535399,1.0000000000000013,0.0
74189,38.17563626060434,1.0,560,681,1241,0.0,-0.0008333472224535399,1.0000000000000013,0.0
74190,38.17480291338189,1.0,560,681,1241,0.0,-0.0008333472224535399,1.0000000000000013,0.0
74191,38.173969566159435,1.0,560,681,1241,0.0,-0.0008333472224535399,1.0000000000000013,0.0
74192,38.17313621893698,1.0,560,681,1241,0.0,-0.0008333472224535399,1.0000000000000013,0.0
74193,38.17230287171453,1.0,560,681,1241,0.0,-0.0008333472224535399,1.0000000000000013,0.0
74194,38.171469524492075,1.0,560,681,1241,0.0,-0.0008333472224535399,1.0000000000000013,0.0
74195,38.17063617726962,1.0,560,681,1241,0.0,-0.0008333472224535399,1.0000000000000013,0.0
74196,38.16980283004717,1.0,560,681,1241,0.0,-0.0008333472224535399,1.0000000000000013,0.0
74197,38.168969482824714,1.0,560,681,1241,0.0,-0.0008333472224535399,1.0000000000000013,0.0
74198,38.16813613560226,1.0,560,681,1241,0.0,-0.0008333472224535399,1.0000000000000013,0.0
74199,38.16730278837981,1.0,560,681,1241,0.0,-0.0008333472224535399,1.0000000000000013,0.0
74200,38.16646944115735,1.0,560,681,1241,0.0,-0.0008333472224535399,1.0000000000000013,0.0
74201,38.1656360939349,1.0,560,681,1241,0.0,-0.0008333472224535399,1.0000000000000013,0.0
74202,38.164802746712446,1.0,560,681,1241,0.0,-0.0008333472224535399,1.0000000000000013,0.0
74203,38.16396939948999,1.0,560,681,1241,0.0,-0.0008333472224535399,1.0000000000000013,0.0
74204,38.16313605226754,1.0,560,681,1241,0.0,-0.0008333472224535399,1.0000000000000013,0.0
74205,38.162302705045086,1.0,560,681,1241,0.0,-0.0008333472224535399,1.0000000000000013,0.0
74206,38.16146935782263,0.9991941982272361,560,681,1241,-0.0008058017727639033,-0.0008333472224535399,0.999919419822725,-8.058017727639034e-05
74207,38.16063601060018,1.0,560,681,1241,0.0008058017727639033,-0.0008333472224535399,0.999919419822725,0.0
74208,38.15980266337772,1.0,560,681,1241,0.0,-0.0008333472224606453,0.999919419822725,0.0
74209,38.158969316155265,1.0,560,681,1241,0.0,-0.0008333472224535399,0.999919419822725,0.0
74210,38.15813596893281,1.0,560,681,1241,0.0,-0.0008333472224535399,0.999919419822725,0.0
74211,38.15730262171036,1.0,560,681,1241,0.0,-0.0008333472224535399,0.999919419822725,0.0
74212,38.156469274487904,1.0,560,681,1241,0.0,-0.0008333472224535399,0.999919419822725,0.0
74213,38.15563592726545,1.0,560,681,1241,0.0,-0.0008333472224535399,0.999919419822725,0.0
74214,38.154802580043,1.0,560,681,1241,0.0,-0.0008333472224535399,0.999919419822725,0.0
74215,38.15396923282054,1.0,560,681,1241,0.0,-0.0008333472224535399,0.999919419822725,0.0
74216,38.15313588559809,1.0,560,681,1241,0.0,-0.0008333472224535399,1.0000000000000013,8.058017727639034e-05
74217,38.152302538375636,1.0,560,681,1241,0.0,-0.0008333472224535399,1.0000000000000013,0.0
74218,38.15146919115318,1.0,560,681,1241,0.0,-0.0008333472224535399,1.0000000000000013,0.0
74219,38.15063584393073,1.0,560,681,1241,0.0,-0.0008333472224535399,1.0000000000000013,0.0
74220,38.149802496708276,1.0,560,681,1241,0.0,-0.0008333472224535399,1.0000000000000013,0.0
74221,38.14896914948582,1.0,560,681,1241,0.0,-0.0008333472224535399,1.0000000000000013,0.0
74222,38.14813580226337,0.9991941982272361,560,681,1241,-0.0008058017727639033,-0.0008333472224535399,0.999919419822725,-8.058017727639034e-05
74223,38.147302455040915,1.0,560,681,1241,0.0008058017727639033,-0.0008333472224535399,0.999919419822725,0.0
74224,38.14646910781846,0.9991941982272361,560,681,1241,-0.0008058017727639033,-0.0008333472224535399,0.9998388396454487,-8.058017727639034e-05
74225,38.14563576059601,1.0,560,681,1241,0.0008058017727639033,-0.0008333472224535399,0.9998388396454487,0.0
74226,38.144802413373554,1.0,560,681,1241,0.0,-0.0008333472224535399,0.9998388396454487,0.0
74227,38.1439690661511,1.0,560,681,1241,0.0,-0.0008333472224535399,0.9998388396454487,0.0
74228,38.14313571892865,1.0,560,681,1241,0.0,-0.0008333472224535399,0.9998388396454487,0.0
74229,38.142302371706194,0.9991941982272361,560,681,1241,-0.0008058017727639033,-0.0008333472224535399,0.9997582594681724,-8.058017727639034e-05
74230,38.14146902448374,1.0,560,681,1241,0.0008058017727639033,-0.0008333472224535399,0.9997582594681724,0.0
74231,38.14063567726129,1.0,560,681,1241,0.0,-0.0008333472224535399,0.9997582594681724,0.0
74232,38.13980233003883,1.0,560,681,1241,0.0,-0.0008333472224535399,0.9998388396454487,8.058017727639034e-05
74233,38.13896898281638,1.0,560,681,1241,0.0,-0.0008333472224535399,0.9998388396454487,0.0
74234,38.138135635593926,1.0,560,681,1241,0.0,-0.0008333472224535399,0.999919419822725,8.058017727639034e-05
74235,38.13730228837147,1.0,560,681,1241,0.0,-0.0008333472224535399,0.999919419822725,0.0
74236,38.13646894114902,1.0,560,681,1241,0.0,-0.0008333472224535399,0.999919419822725,0.0
74237,38.135635593926565,1.0,560,681,1241,0.0,-0.0008333472224535399,0.999919419822725,0.0
74238,38.13480224670411,1.0,560,681,1241,0.0,-0.0008333472224535399,0.999919419822725,0.0
74239,38.13396889948166,0.9991941982272361,560,681,1241,-0.0008058017727639033,-0.0008333472224535399,0.999919419822725,0.0
74240,38.133135552259205,1.0,560,681,1241,0.0008058017727639033,-0.0008333472224535399,0.999919419822725,0.0
74241,38.13230220503675,1.0,560,681,1241,0.0,-0.0008333472224535399,0.999919419822725,0.0
74242,38.1314688578143,1.0,560,681,1241,0.0,-0.0008333472224535399,0.999919419822725,0.0
74243,38.130635510591844,1.0,560,681,1241,0.0,-0.0008333472224535399,0.999919419822725,0.0
74244,38.12980216336939,1.0,560,681,1241,0.0,-0.0008333472224535399,0.999919419822725,0.0
74245,38.12896881614694,1.0,560,681,1241,0.0,-0.0008333472224535399,0.999919419822725,0.0
74246,38.128135468924484,1.0,560,681,1241,0.0,-0.0008333472224535399,0.999919419822725,0.0
74247,38.12730212170203,1.0,560,681,1241,0.0,-0.0008333472224535399,0.999919419822725,0.0
74248,38.12646877447958,1.0,560,681,1241,0.0,-0.0008333472224535399,0.999919419822725,0.0
74249,38.12563542725712,0.9991941982272361,560,681,1241,-0.0008058017727639033,-0.0008333472224535399,0.999919419822725,0.0
74250,38.12480208003467,0.9991941982272361,560,681,1241,0.0,-0.0008333472224535399,0.9998388396454487,-8.058017727639034e-05
74251,38.123968732812216,1.0,560,681,1241,0.0008058017727639033,-0.0008333472224535399,0.9998388396454487,0.0
74252,38.12313538558976,1.0,560,681,1241,0.0,-0.0008333472224535399,0.9998388396454487,0.0
74253,38.12230203836731,1.0,560,681,1241,0.0,-0.0008333472224535399,0.9998388396454487,0.0
74254,38.121468691144855,1.0,560,681,1241,0.0,-0.0008333472224535399,0.9998388396454487,0.0
74255,38.1206353439224,1.0,560,681,1241,0.0,-0.0008333472224535399,0.9998388396454487,0.0
74256,38.11980199669995,0.9983883964544722,560,681,1241,-0.0016116035455278066,-0.0008333472224535399,0.999677679290896,-0.00016116035455278067
74257,38.118968649477495,0.9991941982272361,560,681,1241,0.0008058017727639033,-0.0008333472224535399,0.9995970991136197,-8.058017727639034e-05
74258,38.11813530225504,0.9991941982272361,560,681,1241,0.0,-0.0008333472224535399,0.9995165189363433,-8.058017727639034e-05
74259,38.11730195503259,0.9991941982272361,560,681,1241,0.0,-0.0008333472224535399,0.9995165189363433,0.0
74260,38.116468607810134,1.0,560,681,1241,0.0008058017727639033,-0.0008333472224535399,0.9995970991136197,8.058017727639034e-05
74261,38.11563526058767,1.0,560,681,1241,0.0,-0.0008333472224606453,0.9995970991136197,0.0
74262,38.11480191336522,1.0,560,681,1241,0.0,-0.0008333472224535399,0.9995970991136197,0.0
74263,38.113968566142766,1.0,560,681,1241,0.0,-0.0008333472224535399,0.9995970991136197,0.0
74264,38.11313521892031,1.0,560,681,1241,0.0,-0.0008333472224535399,0.9995970991136197,0.0
74265,38.11230187169786,1.0,560,681,1241,0.0,-0.0008333472224535399,0.9995970991136197,0.0
74266,38.111468524475406,1.0,560,681,1241,0.0,-0.0008333472224535399,0.9997582594681724,0.00016116035455278067
74267,38.11063517725295,1.0,560,681,1241,0.0,-0.0008333472224535399,0.9998388396454487,8.058017727639034e-05
74268,38.1098018300305,1.0,560,681,1241,0.0,-0.0008333472224535399,0.999919419822725,8.058017727639034e-05
74269,38.108968482808045,1.0,560,681,1241,0.0,-0.0008333472224535399,1.0000000000000013,8.058017727639034e-05
74270,38.10813513558559,1.0,560,681,1241,0.0,-0.0008333472224535399,1.0000000000000013,0.0
74271,38.10730178836314,1.0,560,681,1241,0.0,-0.0008333472224535399,1.0000000000000013,0.0
74272,38.106468441140684,1.0,560,681,1241,0.0,-0.0008333472224535399,1.0000000000000013,0.0
74273,38.10563509391823,1.0,560,681,1241,0.0,-0.0008333472224535399,1.0000000000000013,0.0
74274,38.10480174669578,1.0,560,681,1241,0.0,-0.0008333472224535399,1.0000000000000013,0.0
74275,38.103968399473324,1.0,560,681,1241,0.0,-0.0008333472224535399,1.0000000000000013,0.0
74276,38.10313505225087,1.0,560,681,1241,0.0,-0.0008333472224535399,1.0000000000000013,0.0
74277,38.10230170502842,1.0,560,681,1241,0.0,-0.0008333472224535399,1.0000000000000013,0.0
74278,38.10146835780596,1.0,560,681,1241,0.0,-0.0008333472224535399,1.0000000000000013,0.0
74279,38.10063501058351,0.9991941982272361,560,681,1241,-0.0008058017727639033,-0.0008333472224535399,0.999919419822725,-8.058017727639034e-05
74280,38.099801663361056,1.0,560,681,1241,0.0008058017727639033,-0.0008333472224535399,0.999919419822725,0.0
74281,38.0989683161386,0.9991941982272361,560,681,1241,-0.0008058017727639033,-0.0008333472224535399,0.9998388396454487,-8.058017727639034e-05
74282,38.09813496891615,1.0,560,681,1241,0.0008058017727639033,-0.0008333472224535399,0.9998388396454487,0.0
74283,38.097301621693695,1.0,560,681,1241,0.0,-0.0008333472224535399,0.9998388396454487,0.0
74284,38.09646827447124,1.0,560,681,1241,0.0,-0.0008333472224535399,0.9998388396454487,0.0
74285,38.09563492724879,1.0,560,681,1241,0.0,-0.0008333472224535399,0.9998388396454487,0.0
74286,38.094801580026335,1.0,560,681,1241,0.0,-0.0008333472224535399,0.9998388396454487,0.0
74287,38.09396823280388,1.0,560,681,1241,0.0,-0.0008333472224535399,0.9998388396454487,0.0
74288,38.09313488558143,1.0,560,681,1241,0.0,-0.0008333472224535399,0.9998388396454487,0.0
74289,38.092301538358974,1.0,560,681,1241,0.0,-0.0008333472224535399,0.999919419822725,8.058017727639034e-05
74290,38.09146819113652,1.0,560,681,1241,0.0,-0.0008333472224535399,0.999919419822725,0.0
74291,38.09063484391407,1.0,560,681,1241,0.0,-0.0008333472224535399,1.0000000000000013,8.058017727639034e-05
74292,38.089801496691614,1.0,560,681,1241,0.0,-0.0008333472224535399,1.0000000000000013,0.0
74293,38.08896814946915,1.0,560,681,1241,0.0,-0.0008333472224606453,1.0000000000000013,0.0
74294,38.0881348022467,1.0,560,681,1241,0.0,-0.0008333472224535399,1.0000000000000013,0.0
74295,38.087301455024246,1.0,560,681,1241,0.0,-0.0008333472224535399,1.0000000000000013,0.0
74296,38.08646810780179,1.0,560,681,1241,0.0,-0.0008333472224535399,1.0000000000000013,0.0
74297,38.08563476057934,1.0,560,681,1241,0.0,-0.0008333472224535399,1.0000000000000013,0.0
74298,38.084801413356885,1.0,560,681,1241,0.0,-0.0008333472224535399,1.0000000000000013,0.0
74299,38.08396806613443,1.0,560,681,1241,0.0,-0.0008333472224535399,1.0000000000000013,0.0
74300,38.08313471891198,1.0,560,681,1241,0.0,-0.0008333472224535399,1.0000000000000013,0.0
74301,38.082301371689525,1.0,560,681,1241,0.0,-0.0008333472224535399,1.0000000000000013,0.0
74302,38.08146802446707,1.0,560,681,1241,0.0,-0.0008333472224535399,1.0000000000000013,0.0
74303,38.08063467724462,1.0,560,681,1241,0.0,-0.0008333472224535399,1.0000000000000013,0.0
74304,38.079801330022164,0.9991941982272361,560,681,1241,-0.0008058017727639033,-0.0008333472224535399,0.999919419822725,-8.058017727639034e-05
74305,38.07896798279971,1.0,560,681,1241,0.0008058017727639033,-0.0008333472224535399,0.999919419822725,0.0
74306,38.07813463557726,1.0,560,681,1241,0.0,-0.0008333472224535399,0.999919419822725,0.0
74307,38.0773012883548,1.0,560,681,1241,0.0,-0.0008333472224535399,0.999919419822725,0.0
74308,38.07646794113235,1.0,560,681,1241,0.0,-0.0008333472224535399,0.999919419822725,0.0
74309,38.075634593909896,1.0,560,681,1241,0.0,-0.0008333472224535399,0.999919419822725,0.0
74310,38.07480124668744,1.0,560,681,1241,0.0,-0.0008333472224535399,0.999919419822725,0.0
74311,38.07396789946499,1.0,560,681,1241,0.0,-0.0008333472224535399,0.999919419822725,0.0
74312,38.073134552242536,1.0,560,681,1241,0.0,-0.0008333472224535399,0.999919419822725,0.0
74313,38.07230120502008,1.0,560,681,1241,0.0,-0.0008333472224535399,0.999919419822725,0.0
74314,38.07146785779763,1.0,560,681,1241,0.0,-0.0008333472224535399,1.0000000000000013,8.058017727639034e-05
74315,38.070634510575175,1.0,560,681,1241,0.0,-0.0008333472224535399,1.0000000000000013,0.0
74316,38.06980116335272,1.0,560,681,1241,0.0,-0.0008333472224535399,1.0000000000000013,0.0
74317,38.06896781613027,1.0,560,681,1241,0.0,-0.0008333472224535399,1.0000000000000013,0.0
74318,38.068134468907814,1.0,560,681,1241,0.0,-0.0008333472224535399,1.0000000000000013,0.0
74319,38.06730112168536,0.9991941982272361,560,681,1241,-0.0008058017727639033,-0.0008333472224535399,0.999919419822725,-8.058017727639034e-05
74320,38.06646777446291,1.0,560,681,1241,0.0008058017727639033,-0.0008333472224535399,0.999919419822725,0.0
74321,38.065634427240454,0.9991941982272361,560,681,1241,-0.0008058017727639033,-0.0008333472224535399,0.9998388396454487,-8.058017727639034e-05
74322,38.064801080018,0.9991941982272361,560,681,1241,0.0,-0.0008333472224535399,0.9997582594681724,-8.058017727639034e-05
74323,38.06396773279555,0.9991941982272361,560,681,1241,0.0,-0.0008333472224535399,0.999677679290896,-8.058017727639034e-05
74324,38.06313438557309,1.0,560,681,1241,0.0008058017727639033,-0.0008333472224535399,0.999677679290896,0.0
74325,38.06230103835064,1.0,560,681,1241,0.0,-0.0008333472224535399,0.999677679290896,0.0
74326,38.061467691128186,1.0,560,681,1241,0.0,-0.0008333472224535399,0.999677679290896,0.0
74327,38.06063434390573,1.0,560,681,1241,0.0,-0.0008333472224535399,0.999677679290896,0.0
74328,38.05980099668328,1.0,560,681,1241,0.0,-0.0008333472224535399,0.999677679290896,0.0
74329,38.058967649460826,1.0,560,681,1241,0.0,-0.0008333472224535399,0.9997582594681724,8.058017727639034e-05
74330,38.05813430223837,1.0,560,681,1241,0.0,-0.0008333472224535399,0.9997582594681724,0.0
74331,38.05730095501592,1.0,560,681,1241,0.0,-0.0008333472224535399,0.9998388396454487,8.058017727639034e-05
74332,38.056467607793465,1.0,560,681,1241,0.0,-0.0008333472224535399,0.999919419822725,8.058017727639034e-05
74333,38.05563426057101,1.0,560,681,1241,0.0,-0.0008333472224535399,1.0000000000000013,8.058017727639034e-05
74334,38.05480091334856,1.0,560,681,1241,0.0,-0.0008333472224535399,1.0000000000000013,0.0
74335,38.053967566126104,1.0,560,681,1241,0.0,-0.0008333472224535399,1.0000000000000013,0.0
74336,38.05313421890365,1.0,560,681,1241,0.0,-0.0008333472224535399,1.0000000000000013,0.0
74337,38.0523008716812,1.0,560,681,1241,0.0,-0.0008333472224535399,1.0000000000000013,0.0
74338,38.051467524458744,1.0,560,681,1241,0.0,-0.0008333472224535399,1.0000000000000013,0.0
74339,38.05063417723629,1.0,560,681,1241,0.0,-0.0008333472224535399,1.0000000000000013,0.0
74340,38.04980083001384,1.0,560,681,1241,0.0,-0.0008333472224535399,1.0000000000000013,0.0
74341,38.04896748279138,1.0,560,681,1241,0.0,-0.0008333472224535399,1.0000000000000013,0.0
74342,38.04813413556893,0.9991941982272361,560,681,1241,-0.0008058017727639033,-0.0008333472224535399,0.999919419822725,-8.058017727639034e-05
74343,38.047300788346476,0.9991941982272361,560,681,1241,0.0,-0.0008333472224535399,0.9998388396454487,-8.058017727639034e-05
74344,38.04646744112402,0.9991941982272361,560,681,1241,0.0,-0.0008333472224535399,0.9997582594681724,-8.058017727639034e-05
74345,38.04563409390157,1.0,560,681,1241,0.0008058017727639033,-0.0008333472224535399,0.9997582594681724,0.0
74346,38.04480074667911,0.9991941982272361,560,681,1241,-0.0008058017727639033,-0.0008333472224606453,0.999677679290896,-8.058017727639034e-05
74347,38.043967399456655,0.9991941982272361,560,681,1241,0.0,-0.0008333472224535399,0.9995970991136197,-8.058017727639034e-05
74348,38.0431340522342,0.9991941982272361,560,681,1241,0.0,-0.0008333472224535399,0.9995165189363433,-8.058017727639034e-05
74349,38.04230070501175,0.9991941982272361,560,681,1241,0.0,-0.0008333472224535399,0.999435938759067,-8.058017727639034e-05
74350,38.041467357789294,0.9991941982272361,560,681,1241,0.0,-0.0008333472224535399,0.9993553585817907,-8.058017727639034e-05
74351,38.04063401056684,0.9991941982272361,560,681,1241,0.0,-0.0008333472224535399,0.9992747784045143,-8.058017727639034e-05
74352,38.03980066334439,0.9991941982272361,560,681,1241,0.0,-0.0008333472224535399,0.9992747784045143,0.0
74353,38.03896731612193,0.9991941982272361,560,681,1241,0.0,-0.0008333472224535399,0.9992747784045143,0.0
74354,38.03813396889948,1.0,560,681,1241,0.0008058017727639033,-0.0008333472224535399,0.9993553585817907,8.058017727639034e-05
74355,38.037300621677026,1.0,560,681,1241,0.0,-0.0008333472224535399,0.9993553585817907,0.0
74356,38.03646727445457,1.0,560,681,1241,0.0,-0.0008333472224535399,0.999435938759067,8.058017727639034e-05
74357,38.03563392723212,1.0,560,681,1241,0.0,-0.0008333472224535399,0.9995165189363433,8.058017727639034e-05
74358,38.034800580009666,1.0,560,681,1241,0.0,-0.0008333472224535399,0.9995970991136197,8.058017727639034e-05
74359,38.03396723278721,1.0,560,681,1241,0.0,-0.0008333472224535399,0.999677679290896,8.058017727639034e-05
74360,38.03313388556476,1.0,560,681,1241,0.0,-0.0008333472224535399,0.9997582594681724,8.058017727639034e-05
74361,38.032300538342305,1.0,560,681,1241,0.0,-0.0008333472224535399,0.9998388396454487,8.058017727639034e-05
74362,38.03146719111985,1.0,560,681,1241,0.0,-0.0008333472224535399,0.999919419822725,8.058017727639034e-05
74363,38.0306338438974,1.0,560,681,1241,0.0,-0.0008333472224535399,1.0000000000000013,8.058017727639034e-05
74364,38.029800496674945,1.0,560,681,1241,0.0,-0.0008333472224535399,1.0000000000000013,0.0
74365,38.02896714945249,1.0,560,681,1241,0.0,-0.0008333472224535399,1.0000000000000013,0.0
74366,38.02813380223004,1.0,560,681,1241,0.0,-0.0008333472224535399,1.0000000000000013,0.0
74367,38.027300455007584,1.0,560,681,1241,0.0,-0.0008333472224535399,1.0000000000000013,0.0
74368,38.02646710778513,1.0,560,681,1241,0.0,-0.0008333472224535399,1.0000000000000013,0.0
74369,38.02563376056268,1.0,560,681,1241,0.0,-0.0008333472224535399,1.0000000000000013,0.0
74370,38.02480041334022,1.0,560,681,1241,0.0,-0.0008333472224535399,1.0000000000000013,0.0
74371,38.02396706611777,1.0,560,681,1241,0.0,-0.0008333472224535399,1.0000000000000013,0.0
74372,38.023133718895316,1.0,560,681,1241,0.0,-0.0008333472224535399,1.0000000000000013,0.0
74373,38.02230037167286,1.0,560,681,1241,0.0,-0.0008333472224535399,1.0000000000000013,0.0
74374,38.02146702445041,1.0,560,681,1241,0.0,-0.0008333472224535399,1.0000000000000013,0.0
74375,38.020633677227956,1.0,560,681,1241,0.0,-0.0008333472224535399,1.0000000000000013,0.0
74376,38.0198003300055,0.9991941982272361,560,681,1241,-0.0008058017727639033,-0.0008333472224535399,0.999919419822725,-8.058017727639034e-05
74377,38.01896698278305,1.0,560,681,1241,0.0008058017727639033,-0.0008333472224535399,0.999919419822725,0.0
74378,38.01813363556059,1.0,560,681,1241,0.0,-0.0008333472224606453,0.999919419822725,0.0
74379,38.017300288338134,1.0,560,681,1241,0.0,-0.0008333472224535399,0.999919419822725,0.0
74380,38.01646694111568,1.0,560,681,1241,0.0,-0.0008333472224535399,0.999919419822725,0.0
74381,38.01563359389323,1.0,560,681,1241,0.0,-0.0008333472224535399,0.999919419822725,0.0
74382,38.014800246670774,1.0,560,681,1241,0.0,-0.0008333472224535399,0.999919419822725,0.0
74383,38.01396689944832,1.0,560,681,1241,0.0,-0.0008333472224535399,0.999919419822725,0.0
74384,38.01313355222587,1.0,560,681,1241,0.0,-0.0008333472224535399,0.999919419822725,0.0
74385,38.01230020500341,1.0,560,681,1241,0.0,-0.0008333472224535399,0.999919419822725,0.0
74386,38.01146685778096,1.0,560,681,1241,0.0,-0.0008333472224535399,1.0000000000000013,8.058017727639034e-05
74387,38.010633510558506,1.0,560,681,1241,0.0,-0.0008333472224535399,1.0000000000000013,0.0
74388,38.00980016333605,1.0,560,681,1241,0.0,-0.0008333472224535399,1.0000000000000013,0.0
74389,38.0089668161136,1.0,560,681,1241,0.0,-0.0008333472224535399,1.0000000000000013,0.0
74390,38.008133468891145,1.0,560,681,1241,0.0,-0.0008333472224535399,1.0000000000000013,0.0
74391,38.00730012166869,1.0,560,681,1241,0.0,-0.0008333472224535399,1.0000000000000013,0.0
74392,38.00646677444624,1.0,560,681,1241,0.0,-0.0008333472224535399,1.0000000000000013,0.0
74393,38.005633427223785,1.0,560,681,1241,0.0,-0.0008333472224535399,1.0000000000000013,0.0
74394,38.00480008000133,1.0,560,681,1241,0.0,-0.0008333472224535399,1.0000000000000013,0.0
74395,38.00396673277888,1.0,560,681,1241,0.0,-0.0008333472224535399,1.0000000000000013,0.0
74396,38.003133385556424,1.0,560,681,1241,0.0,-0.0008333472224535399,1.0000000000000013,0.0
74397,38.00230003833397,1.0,560,681,1241,0.0,-0.0008333472224535399,1.0000000000000013,0.0
74398,38.00146669111152,1.0,560,681,1241,0.0,-0.0008333472224535399,1.0000000000000013,0.0
74399,38.000633343889064,1.0,560,681,1241,0.0,-0.0008333472224535399,1.0000000000000013,0.0
74400,37.99979999666661,1.0,560,681,1241,0.0,-0.0008333472224535399,1.0000000000000013,0.0
74401,37.99896664944416,1.0,560,681,1241,0.0,-0.0008333472224535399,1.0000000000000013,0.0
74402,37.9981333022217,1.0,560,681,1241,0.0,-0.0008333472224535399,1.0000000000000013,0.0
74403,37.99729995499925,1.0,560,681,1241,0.0,-0.0008333472224535399,1.0000000000000013,0.0
74404,37.996466607776796,1.0,560,681,1241,0.0,-0.0008333472224535399,1.0000000000000013,0.0
74405,37.99563326055434,1.0,560,681,1241,0.0,-0.0008333472224535399,1.0000000000000013,0.0
74406,37.99479991333189,1.0,560,681,1241,0.0,-0.0008333472224535399,1.0000000000000013,0.0
74407,37.993966566109435,1.0,560,681,1241,0.0,-0.0008333472224535399,1.0000000000000013,0.0
74408,37.99313321888698,1.0,560,681,1241,0.0,-0.0008333472224535399,1.0000000000000013,0.0
74409,37.99229987166453,1.0,560,681,1241,0.0,-0.0008333472224535399,1.0000000000000013,0.0
74410,37.991466524442075,1.0,560,681,1241,0.0,-0.0008333472224535399,1.0000000000000013,0.0
74411,37.99063317721962,1.0,560,681,1241,0.0,-0.0008333472224535399,1.0000000000000013,0.0
74412,37.98979982999717,1.0,560,681,1241,0.0,-0.0008333472224535399,1.0000000000000013,0.0
74413,37.988966482774714,1.0,560,681,1241,0.0,-0.0008333472224535399,1.0000000000000013,0.0
74414,37.98813313555226,1.0,560,681,1241,0.0,-0.0008333472224535399,1.0000000000000013,0.0
74415,37.98729978832981,1.0,560,681,1241,0.0,-0.0008333472224535399,1.0000000000000013,0.0
74416,37.98646644110735,1.0,560,681,1241,0.0,-0.0008333472224535399,1.0000000000000013,0.0
74417,37.9856330938849,1.0,560,681,1241,0.0,-0.0008333472224535399,1.0000000000000013,0.0
74418,37.984799746662446,1.0,560,681,1241,0.0,-0.0008333472224535399,1.0000000000000013,0.0
74419,37.98396639943999,1.0,560,681,1241,0.0,-0.0008333472224535399,1.0000000000000013,0.0
74420,37.98313305221754,1.0,560,681,1241,0.0,-0.0008333472224535399,1.0000000000000013,0.0
74421,37.982299704995086,1.0,560,681,1241,0.0,-0.0008333472224535399,1.0000000000000013,0.0
74422,37.98146635777263,1.0,560,681,1241,0.0,-0.0008333472224535399,1.0000000000000013,0.0
74423,37.98063301055018,1.0,560,681,1241,0.0,-0.0008333472224535399,1.0000000000000013,0.0
74424,37.979799663327725,1.0,560,681,1241,0.0,-0.0008333472224535399,1.0000000000000013,0.0
74425,37.97896631610527,1.0,560,681,1241,0.0,-0.0008333472224535399,1.0000000000000013,0.0
74426,37.97813296888282,1.0,560,681,1241,0.0,-0.0008333472224535399,1.0000000000000013,0.0
74427,37.977299621660364,1.0,560,681,1241,0.0,-0.0008333472224535399,1.0000000000000013,0.0
74428,37.97646627443791,0.9991941982272361,560,681,1241,-0.0008058017727639033,-0.0008333472224535399,0.999919419822725,-8.058017727639034e-05
74429,37.97563292721546,0.9991941982272361,560,681,1241,0.0,-0.0008333472224535399,0.9998388396454487,-8.058017727639034e-05
74430,37.974799579993,0.9991941982272361,560,681,1241,0.0,-0.0008333472224606453,0.9997582594681724,-8.058017727639034e-05
74431,37.97396623277054,0.9991941982272361,560,681,1241,0.0,-0.0008333472224535399,0.999677679290896,-8.058017727639034e-05
74432,37.97313288554809,0.9991941982272361,560,681,1241,0.0,-0.0008333472224535399,0.9995970991136197,-8.058017727639034e-05
74433,37.972299538325636,1.0,560,681,1241,0.0008058017727639033,-0.0008333472224535399,0.9995970991136197,0.0
74434,37.97146619110318,1.0,560,681,1241,0.0,-0.0008333472224535399,0.9995970991136197,0.0
74435,37.97063284388073,1.0,560,681,1241,0.0,-0.0008333472224535399,0.9995970991136197,0.0
74436,37.969799496658275,1.0,560,681,1241,0.0,-0.0008333472224535399,0.9995970991136197,0.0
74437,37.96896614943582,1.0,560,681,1241,0.0,-0.0008333472224535399,0.9995970991136197,0.0
74438,37.96813280221337,1.0,560,681,1241,0.0,-0.0008333472224535399,0.999677679290896,8.058017727639034e-05
74439,37.967299454990915,1.0,560,681,1241,0.0,-0.0008333472224535399,0.9997582594681724,8.058017727639034e-05
74440,37.96646610776846,1.0,560,681,1241,0.0,-0.0008333472224535399,0.9998388396454487,8.058017727639034e-05
74441,37.96563276054601,1.0,560,681,1241,0.0,-0.0008333472224535399,0.999919419822725,8.058017727639034e-05
74442,37.964799413323554,0.9991941982272361,560,681,1241,-0.0008058017727639033,-0.0008333472224535399,0.999919419822725,0.0
74443,37.9639660661011,0.9983883964544722,560,681,1241,-0.0008058017727639033,-0.0008333472224535399,0.9997582594681724,-0.00016116035455278067
74444,37.96313271887865,0.9991941982272361,560,681,1241,0.0008058017727639033,-0.0008333472224535399,0.999677679290896,-8.058017727639034e-05
74445,37.962299371656194,0.9991941982272361,560,681,1241,0.0,-0.0008333472224535399,0.9995970991136197,-8.058017727639034e-05
74446,37.96146602443374,0.9991941982272361,560,681,1241,0.0,-0.0008333472224535399,0.9995165189363433,-8.058017727639034e-05
74447,37.96063267721129,0.9991941982272361,560,681,1241,0.0,-0.0008333472224535399,0.999435938759067,-8.058017727639034e-05
74448,37.95979932998883,1.0,560,681,1241,0.0008058017727639033,-0.0008333472224535399,0.999435938759067,0.0
74449,37.95896598276638,1.0,560,681,1241,0.0,-0.0008333472224535399,0.999435938759067,0.0
74450,37.958132635543926,1.0,560,681,1241,0.0,-0.0008333472224535399,0.999435938759067,0.0
74451,37.95729928832147,1.0,560,681,1241,0.0,-0.0008333472224535399,0.999435938759067,0.0
74452,37.95646594109902,1.0,560,681,1241,0.0,-0.0008333472224535399,0.9995165189363433,8.058017727639034e-05
74453,37.955632593876565,1.0,560,681,1241,0.0,-0.0008333472224535399,0.999677679290896,0.00016116035455278067
74454,37.95479924665411,1.0,560,681,1241,0.0,-0.0008333472224535399,0.9997582594681724,8.058017727639034e-05
74455,37.95396589943166,1.0,560,681,1241,0.0,-0.0008333472224535399,0.9998388396454487,8.058017727639034e-05
74456,37.953132552209205,1.0,560,681,1241,0.0,-0.0008333472224535399,0.999919419822725,8.058017727639034e-05
74457,37.95229920498675,1.0,560,681,1241,0.0,-0.0008333472224535399,1.0000000000000013,8.058017727639034e-05
74458,37.9514658577643,1.0,560,681,1241,0.0,-0.0008333472224535399,1.0000000000000013,0.0
74459,37.950632510541844,1.0,560,681,1241,0.0,-0.0008333472224535399,1.0000000000000013,0.0
74460,37.94979916331939,1.0,560,681,1241,0.0,-0.0008333472224535399,1.0000000000000013,0.0
74461,37.94896581609694,1.0,560,681,1241,0.0,-0.0008333472224535399,1.0000000000000013,0.0
74462,37.948132468874476,1.0,560,681,1241,0.0,-0.0008333472224606453,1.0000000000000013,0.0
74463,37.94729912165202,1.0,560,681,1241,0.0,-0.0008333472224535399,1.0000000000000013,0.0
74464,37.94646577442957,1.0,560,681,1241,0.0,-0.0008333472224535399,1.0000000000000013,0.0
74465,37.945632427207116,1.0,560,681,1241,0.0,-0.0008333472224535399,1.0000000000000013,0.0
74466,37.94479907998466,1.0,560,681,1241,0.0,-0.0008333472224535399,1.0000000000000013,0.0
74467,37.94396573276221,1.0,560,681,1241,0.0,-0.0008333472224535399,1.0000000000000013,0.0
74468,37.943132385539755,1.0,560,681,1241,0.0,-0.0008333472224535399,1.0000000000000013,0.0
74469,37.9422990383173,1.0,560,681,1241,0.0,-0.0008333472224535399,1.0000000000000013,0.0
74470,37.94146569109485,1.0,560,681,1241,0.0,-0.0008333472224535399,1.0000000000000013,0.0
74471,37.940632343872394,1.0,560,681,1241,0.0,-0.0008333472224535399,1.0000000000000013,0.0
74472,37.93979899664994,1.0,560,681,1241,0.0,-0.0008333472224535399,1.0000000000000013,0.0
74473,37.93896564942749,1.0,560,681,1241,0.0,-0.0008333472224535399,1.0000000000000013,0.0
74474,37.938132302205034,1.0,560,681,1241,0.0,-0.0008333472224535399,1.0000000000000013,0.0
74475,37.93729895498258,1.0,560,681,1241,0.0,-0.0008333472224535399,1.0000000000000013,0.0
74476,37.93646560776013,1.0,560,681,1241,0.0,-0.0008333472224535399,1.0000000000000013,0.0
74477,37.93563226053767,1.0,560,681,1241,0.0,-0.0008333472224535399,1.0000000000000013,0.0
74478,37.93479891331522,1.0,560,681,1241,0.0,-0.0008333472224535399,1.0000000000000013,0.0
74479,37.933965566092766,1.0,560,681,1241,0.0,-0.0008333472224535399,1.0000000000000013,0.0
74480,37.93313221887031,0.9991941982272361,560,681,1241,-0.0008058017727639033,-0.0008333472224535399,0.999919419822725,-8.058017727639034e-05
74481,37.93229887164786,0.9991941982272361,560,681,1241,0.0,-0.0008333472224535399,0.9998388396454487,-8.058017727639034e-05
74482,37.931465524425406,0.9991941982272361,560,681,1241,0.0,-0.0008333472224535399,0.9997582594681724,-8.058017727639034e-05
74483,37.93063217720295,0.9991941982272361,560,681,1241,0.0,-0.0008333472224535399,0.999677679290896,-8.058017727639034e-05
74484,37.9297988299805,0.9991941982272361,560,681,1241,0.0,-0.0008333472224535399,0.9995970991136197,-8.058017727639034e-05
74485,37.928965482758045,1.0,560,681,1241,0.0008058017727639033,-0.0008333472224535399,0.9995970991136197,0.0
74486,37.92813213553559,1.0,560,681,1241,0.0,-0.0008333472224535399,0.9995970991136197,0.0
74487,37.92729878831314,1.0,560,681,1241,0.0,-0.0008333472224535399,0.9995970991136197,0.0
74488,37.926465441090684,1.0,560,681,1241,0.0,-0.0008333472224535399,0.9995970991136197,0.0
74489,37.92563209386823,1.0,560,681,1241,0.0,-0.0008333472224535399,0.9995970991136197,0.0
74490,37.92479874664578,0.9991941982272361,560,681,1241,-0.0008058017727639033,-0.0008333472224535399,0.9995970991136197,0.0
74491,37.923965399423324,0.9991941982272361,560,681,1241,0.0,-0.0008333472224535399,0.9995970991136197,0.0
74492,37.92313205220087,0.9991941982272361,560,681,1241,0.0,-0.0008333472224535399,0.9995970991136197,0.0
74493,37.92229870497842,0.9991941982272361,560,681,1241,0.0,-0.0008333472224535399,0.9995970991136197,0.0
74494,37.92146535775596,0.9991941982272361,560,681,1241,0.0,-0.0008333472224535399,0.9995970991136197,0.0
74495,37.92063201053351,0.9991941982272361,560,681,1241,0.0,-0.0008333472224535399,0.9995165189363433,-8.058017727639034e-05
74496,37.919798663311056,1.0,560,681,1241,0.0008058017727639033,-0.0008333472224535399,0.9995165189363433,0.0
74497,37.9189653160886,1.0,560,681,1241,0.0,-0.0008333472224535399,0.9995165189363433,0.0
74498,37.91813196886615,1.0,560,681,1241,0.0,-0.0008333472224535399,0.9995165189363433,0.0
74499,37.917298621643695,1.0,560,681,1241,0.0,-0.0008333472224535399,0.9995165189363433,0.0
74500,37.91646527442124,1.0,560,681,1241,0.0,-0.0008333472224535399,0.9995970991136197,8.058017727639034e-05
74501,37.91563192719879,1.0,560,681,1241,0.0,-0.0008333472224535399,0.999677679290896,8.058017727639034e-05
74502,37.914798579976335,1.0,560,681,1241,0.0,-0.0008333472224535399,0.9997582594681724,8.058017727639034e-05
74503,37.91396523275388,1.0,560,681,1241,0.0,-0.0008333472224535399,0.9998388396454487,8.058017727639034e-05
74504,37.91313188553143,1.0,560,681,1241,0.0,-0.0008333472224535399,0.999919419822725,8.058017727639034e-05
74505,37.912298538308974,1.0,560,681,1241,0.0,-0.0008333472224535399,1.0000000000000013,8.058017727639034e-05
74506,37.91146519108652,1.0,560,681,1241,0.0,-0.0008333472224535399,1.0000000000000013,0.0
74507,37.91063184386407,1.0,560,681,1241,0.0,-0.0008333472224535399,1.0000000000000013,0.0
74508,37.90979849664161,1.0,560,681,1241,0.0,-0.0008333472224535399,1.0000000000000013,0.0
74509,37.90896514941916,1.0,560,681,1241,0.0,-0.0008333472224535399,1.0000000000000013,0.0
74510,37.908131802196706,1.0,560,681,1241,0.0,-0.0008333472224535399,1.0000000000000013,0.0
74511,37.90729845497425,0.9991941982272361,560,681,1241,-0.0008058017727639033,-0.0008333472224535399,0.999919419822725,-8.058017727639034e-05
74512,37.9064651077518,0.9991941982272361,560,681,1241,0.0,-0.0008333472224535399,0.9998388396454487,-8.058017727639034e-05
74513,37.905631760529346,0.9991941982272361,560,681,1241,0.0,-0.0008333472224535399,0.9997582594681724,-8.058017727639034e-05
74514,37.90479841330689,0.9991941982272361,560,681,1241,0.0,-0.0008333472224535399,0.999677679290896,-8.058017727639034e-05
74515,37.90396506608443,1.0,560,681,1241,0.0008058017727639033,-0.0008333472224606453,0.999677679290896,0.0
74516,37.90313171886198,1.0,560,681,1241,0.0,-0.0008333472224535399,0.999677679290896,0.0
74517,37.902298371639525,1.0,560,681,1241,0.0,-0.0008333472224535399,0.999677679290896,0.0
74518,37.90146502441707,1.0,560,681,1241,0.0,-0.0008333472224535399,0.999677679290896,0.0
74519,37.90063167719462,1.0,560,681,1241,0.0,-0.0008333472224535399,0.999677679290896,0.0
74520,37.899798329972164,1.0,560,681,1241,0.0,-0.0008333472224535399,0.999677679290896,0.0
74521,37.89896498274971,0.9991941982272361,560,681,1241,-0.0008058017727639033,-0.0008333472224535399,0.999677679290896,0.0
74522,37.89813163552726,1.0,560,681,1241,0.0008058017727639033,-0.0008333472224535399,0.9997582594681724,8.058017727639034e-05
74523,37.8972982883048,1.0,560,681,1241,0.0,-0.0008333472224535399,0.9998388396454487,8.058017727639034e-05
74524,37.89646494108235,1.0,560,681,1241,0.0,-0.0008333472224535399,0.999919419822725,8.058017727639034e-05
74525,37.895631593859896,1.0,560,681,1241,0.0,-0.0008333472224535399,0.999919419822725,0.0
74526,37.89479824663744,0.9991941982272361,560,681,1241,-0.0008058017727639033,-0.0008333472224535399,0.9998388396454487,-8.058017727639034e-05
74527,37.89396489941499,0.9991941982272361,560,681,1241,0.0,-0.0008333472224535399,0.9997582594681724,-8.058017727639034e-05
74528,37.893131552192536,0.9991941982272361,560,681,1241,0.0,-0.0008333472224535399,0.999677679290896,-8.058017727639034e-05
74529,37.89229820497008,0.9991941982272361,560,681,1241,0.0,-0.0008333472224535399,0.9995970991136197,-8.058017727639034e-05
74530,37.89146485774763,0.9983883964544722,560,681,1241,-0.0008058017727639033,-0.0008333472224535399,0.999435938759067,-0.00016116035455278067
74531,37.890631510525175,0.9983883964544722,560,681,1241,0.0,-0.0008333472224535399,0.9993553585817907,-8.058017727639034e-05
74532,37.88979816330272,0.9991941982272361,560,681,1241,0.0008058017727639033,-0.0008333472224535399,0.9992747784045143,-8.058017727639034e-05
74533,37.88896481608027,0.9991941982272361,560,681,1241,0.0,-0.0008333472224535399,0.999194198227238,-8.058017727639034e-05
74534,37.888131468857814,1.0,560,681,1241,0.0008058017727639033,-0.0008333472224535399,0.999194198227238,0.0
74535,37.88729812163536,1.0,560,681,1241,0.0,-0.0008333472224535399,0.999194198227238,0.0
74536,37.88646477441291,1.0,560,681,1241,0.0,-0.0008333472224535399,0.9992747784045143,8.058017727639034e-05
74537,37.885631427190454,1.0,560,681,1241,0.0,-0.0008333472224535399,0.9993553585817907,8.058017727639034e-05
74538,37.884798079968,1.0,560,681,1241,0.0,-0.0008333472224535399,0.999435938759067,8.058017727639034e-05
74539,37.88396473274555,1.0,560,681,1241,0.0,-0.0008333472224535399,0.9995165189363433,8.058017727639034e-05
74540,37.88313138552309,1.0,560,681,1241,0.0,-0.0008333472224535399,0.999677679290896,0.00016116035455278067
74541,37.88229803830064,1.0,560,681,1241,0.0,-0.0008333472224535399,0.9998388396454487,0.00016116035455278067
74542,37.881464691078186,1.0,560,681,1241,0.0,-0.0008333472224535399,0.999919419822725,8.058017727639034e-05
74543,37.88063134385573,1.0,560,681,1241,0.0,-0.0008333472224535399,1.0000000000000013,8.058017727639034e-05
74544,37.87979799663328,1.0,560,681,1241,0.0,-0.0008333472224535399,1.0000000000000013,0.0
74545,37.878964649410825,1.0,560,681,1241,0.0,-0.0008333472224535399,1.0000000000000013,0.0
74546,37.87813130218837,0.9991941982272361,560,681,1241,-0.0008058017727639033,-0.0008333472224535399,0.999919419822725,-8.058017727639034e-05
74547,37.87729795496591,0.9991941982272361,560,681,1241,0.0,-0.0008333472224606453,0.9998388396454487,-8.058017727639034e-05
74548,37.87646460774346,0.9991941982272361,560,681,1241,0.0,-0.0008333472224535399,0.9997582594681724,-8.058017727639034e-05
74549,37.875631260521004,0.9983883964544722,560,681,1241,-0.0008058017727639033,-0.0008333472224535399,0.9995970991136197,-0.00016116035455278067
74550,37.87479791329855,1.0,560,681,1241,0.0016116035455278066,-0.0008333472224535399,0.9995970991136197,0.0
74551,37.8739645660761,1.0,560,681,1241,0.0,-0.0008333472224535399,0.9995970991136197,0.0
74552,37.87313121885364,1.0,560,681,1241,0.0,-0.0008333472224535399,0.9995970991136197,0.0
74553,37.87229787163119,1.0,560,681,1241,0.0,-0.0008333472224535399,0.9995970991136197,0.0
74554,37.87146452440874,0.9991941982272361,560,681,1241,-0.0008058017727639033,-0.0008333472224535399,0.9995165189363433,-8.058017727639034e-05
74555,37.87063117718628,0.9991941982272361,560,681,1241,0.0,-0.0008333472224535399,0.999435938759067,-8.058017727639034e-05
74556,37.86979782996383,1.0,560,681,1241,0.0008058017727639033,-0.0008333472224535399,0.9995165189363433,8.058017727639034e-05
74557,37.868964482741376,1.0,560,681,1241,0.0,-0.0008333472224535399,0.9995970991136197,8.058017727639034e-05
74558,37.86813113551892,1.0,560,681,1241,0.0,-0.0008333472224535399,0.999677679290896,8.058017727639034e-05
74559,37.86729778829647,1.0,560,681,1241,0.0,-0.0008333472224535399,0.9998388396454487,0.00016116035455278067
74560,37.866464441074015,1.0,560,681,1241,0.0,-0.0008333472224535399,0.9998388396454487,0.0
74561,37.86563109385156,1.0,560,681,1241,0.0,-0.0008333472224535399,0.9998388396454487,0.0
74562,37.86479774662911,1.0,560,681,1241,0.0,-0.0008333472224535399,0.9998388396454487,0.0
74563,37.863964399406655,1.0,560,681,1241,0.0,-0.0008333472224535399,0.9998388396454487,0.0
74564,37.8631310521842,1.0,560,681,1241,0.0,-0.0008333472224535399,0.999919419822725,8.058017727639034e-05
74565,37.86229770496175,1.0,560,681,1241,0.0,-0.0008333472224535399,1.0000000000000013,8.058017727639034e-05
74566,37.861464357739294,1.0,560,681,1241,0.0,-0.0008333472224535399,1.0000000000000013,0.0
74567,37.86063101051684,1.0,560,681,1241,0.0,-0.0008333472224535399,1.0000000000000013,0.0
74568,37.85979766329439,1.0,560,681,1241,0.0,-0.0008333472224535399,1.0000000000000013,0.0
74569,37.85896431607193,1.0,560,681,1241,0.0,-0.0008333472224535399,1.0000000000000013,0.0
74570,37.85813096884948,1.0,560,681,1241,0.0,-0.0008333472224535399,1.0000000000000013,0.0
74571,37.857297621627026,1.0,560,681,1241,0.0,-0.0008333472224535399,1.0000000000000013,0.0
74572,37.85646427440457,1.0,560,681,1241,0.0,-0.0008333472224535399,1.0000000000000013,0.0
74573,37.85563092718212,0.9991941982272361,560,681,1241,-0.0008058017727639033,-0.0008333472224535399,0.999919419822725,-8.058017727639034e-05
74574,37.854797579959666,0.9991941982272361,560,681,1241,0.0,-0.0008333472224535399,0.9998388396454487,-8.058017727639034e-05
74575,37.85396423273721,1.0,560,681,1241,0.0008058017727639033,-0.0008333472224535399,0.9998388396454487,0.0
74576,37.85313088551476,1.0,560,681,1241,0.0,-0.0008333472224535399,0.9998388396454487,0.0
74577,37.852297538292305,1.0,560,681,1241,0.0,-0.0008333472224535399,0.9998388396454487,0.0
74578,37.85146419106985,1.0,560,681,1241,0.0,-0.0008333472224535399,0.9998388396454487,0.0
74579,37.8506308438474,1.0,560,681,1241,0.0,-0.0008333472224535399,0.9998388396454487,0.0
74580,37.849797496624944,1.0,560,681,1241,0.0,-0.0008333472224535399,0.9998388396454487,0.0
74581,37.84896414940249,0.9991941982272361,560,681,1241,-0.0008058017727639033,-0.0008333472224535399,0.9997582594681724,-8.058017727639034e-05
74582,37.84813080218004,1.0,560,681,1241,0.0008058017727639033,-0.0008333472224535399,0.9997582594681724,0.0
74583,37.847297454957584,1.0,560,681,1241,0.0,-0.0008333472224535399,0.9998388396454487,8.058017727639034e-05
74584,37.84646410773513,1.0,560,681,1241,0.0,-0.0008333472224535399,0.999919419822725,8.058017727639034e-05
74585,37.84563076051268,1.0,560,681,1241,0.0,-0.0008333472224535399,0.999919419822725,0.0
74586,37.84479741329022,1.0,560,681,1241,0.0,-0.0008333472224535399,0.999919419822725,0.0
74587,37.84396406606777,1.0,560,681,1241,0.0,-0.0008333472224535399,0.999919419822725,0.0
74588,37.843130718845316,1.0,560,681,1241,0.0,-0.0008333472224535399,0.999919419822725,0.0
74589,37.84229737162286,1.0,560,681,1241,0.0,-0.0008333472224535399,0.999919419822725,0.0
74590,37.84146402440041,1.0,560,681,1241,0.0,-0.0008333472224535399,0.999919419822725,0.0
74591,37.840630677177955,0.9991941982272361,560,681,1241,-0.0008058017727639033,-0.0008333472224535399,0.999919419822725,0.0
74592,37.8397973299555,0.9991941982272361,560,681,1241,0.0,-0.0008333472224535399,0.9998388396454487,-8.058017727639034e-05
74593,37.83896398273305,0.9991941982272361,560,681,1241,0.0,-0.0008333472224535399,0.9997582594681724,-8.058017727639034e-05
74594,37.838130635510595,0.9991941982272361,560,681,1241,0.0,-0.0008333472224535399,0.999677679290896,-8.058017727639034e-05
74595,37.83729728828814,0.9991941982272361,560,681,1241,0.0,-0.0008333472224535399,0.9995970991136197,-8.058017727639034e-05
74596,37.83646394106569,1.0,560,681,1241,0.0008058017727639033,-0.0008333472224535399,0.9995970991136197,0.0
74597,37.835630593843234,1.0,560,681,1241,0.0,-0.0008333472224535399,0.9995970991136197,0.0
74598,37.83479724662078,1.0,560,681,1241,0.0,-0.0008333472224535399,0.9995970991136197,0.0
74599,37.83396389939833,1.0,560,681,1241,0.0,-0.0008333472224535399,0.9995970991136197,0.0
74600,37.83313055217587,1.0,560,681,1241,0.0,-0.0008333472224606453,0.9995970991136197,0.0
74601,37.83229720495341,1.0,560,681,1241,0.0,-0.0008333472224535399,0.999677679290896,8.058017727639034e-05
74602,37.83146385773096,1.0,560,681,1241,0.0,-0.0008333472224535399,0.9997582594681724,8.058017727639034e-05
74603,37.830630510508506,1.0,560,681,1241,0.0,-0.0008333472224535399,0.9998388396454487,8.058017727639034e-05
74604,37.82979716328605,1.0,560,681,1241,0.0,-0.0008333472224535399,0.999919419822725,8.058017727639034e-05
74605,37.8289638160636,1.0,560,681,1241,0.0,-0.0008333472224535399,1.0000000000000013,8.058017727639034e-05
74606,37.828130468841145,1.0,560,681,1241,0.0,-0.0008333472224535399,1.0000000000000013,0.0
74607,37.82729712161869,1.0,560,681,1241,0.0,-0.0008333472224535399,1.0000000000000013,0.0
74608,37.82646377439624,1.0,560,681,1241,0.0,-0.0008333472224535399,1.0000000000000013,0.0
74609,37.825630427173785,1.0,560,681,1241,0.0,-0.0008333472224535399,1.0000000000000013,0.0
74610,37.82479707995133,1.0,560,681,1241,0.0,-0.0008333472224535399,1.0000000000000013,0.0
74611,37.82396373272888,1.0,560,681,1241,0.0,-0.0008333472224535399,1.0000000000000013,0.0
74612,37.823130385506424,1.0,560,681,1241,0.0,-0.0008333472224535399,1.0000000000000013,0.0
74613,37.82229703828397,1.0,560,681,1241,0.0,-0.0008333472224535399,1.0000000000000013,0.0
74614,37.82146369106152,1.0,560,681,1241,0.0,-0.0008333472224535399,1.0000000000000013,0.0
74615,37.82063034383906,1.0,560,681,1241,0.0,-0.0008333472224535399,1.0000000000000013,0.0
74616,37.81979699661661,1.0,560,681,1241,0.0,-0.0008333472224535399,1.0000000000000013,0.0
74617,37.818963649394156,1.0,560,681,1241,0.0,-0.0008333472224535399,1.0000000000000013,0.0
74618,37.8181303021717,1.0,560,681,1241,0.0,-0.0008333472224535399,1.0000000000000013,0.0
74619,37.81729695494925,1.0,560,681,1241,0.0,-0.0008333472224535399,1.0000000000000013,0.0
74620,37.816463607726796,1.0,560,681,1241,0.0,-0.0008333472224535399,1.0000000000000013,0.0
74621,37.81563026050434,1.0,560,681,1241,0.0,-0.0008333472224535399,1.0000000000000013,0.0
74622,37.81479691328189,1.0,560,681,1241,0.0,-0.0008333472224535399,1.0000000000000013,0.0
74623,37.813963566059435,1.0,560,681,1241,0.0,-0.0008333472224535399,1.0000000000000013,0.0
74624,37.81313021883698,1.0,560,681,1241,0.0,-0.0008333472224535399,1.0000000000000013,0.0
74625,37.81229687161453,1.0,560,681,1241,0.0,-0.0008333472224535399,1.0000000000000013,0.0
74626,37.811463524392074,1.0,560,681,1241,0.0,-0.0008333472224535399,1.0000000000000013,0.0
74627,37.81063017716962,1.0,560,681,1241,0.0,-0.0008333472224535399,1.0000000000000013,0.0
74628,37.80979682994717,1.0,560,681,1241,0.0,-0.0008333472224535399,1.0000000000000013,0.0
74629,37.808963482724714,1.0,560,681,1241,0.0,-0.0008333472224535399,1.0000000000000013,0.0
74630,37.80813013550226,1.0,560,681,1241,0.0,-0.0008333472224535399,1.0000000000000013,0.0
74631,37.80729678827981,1.0,560,681,1241,0.0,-0.0008333472224535399,1.0000000000000013,0.0
74632,37.806463441057346,1.0,560,681,1241,0.0,-0.0008333472224606453,1.0000000000000013,0.0
74633,37.80563009383489,1.0,560,681,1241,0.0,-0.0008333472224535399,1.0000000000000013,0.0
74634,37.80479674661244,1.0,560,681,1241,0.0,-0.0008333472224535399,1.0000000000000013,0.0
74635,37.803963399389986,1.0,560,681,1241,0.0,-0.0008333472224535399,1.0000000000000013,0.0
74636,37.80313005216753,1.0,560,681,1241,0.0,-0.0008333472224535399,1.0000000000000013,0.0
74637,37.80229670494508,1.0,560,681,1241,0.0,-0.0008333472224535399,1.0000000000000013,0.0
74638,37.801463357722625,1.0,560,681,1241,0.0,-0.0008333472224535399,1.0000000000000013,0.0
74639,37.80063001050017,1.0,560,681,1241,0.0,-0.0008333472224535399,1.0000000000000013,0.0
74640,37.79979666327772,1.0,560,681,1241,0.0,-0.0008333472224535399,1.0000000000000013,0.0
74641,37.798963316055264,1.0,560,681,1241,0.0,-0.0008333472224535399,1.0000000000000013,0.0
74642,37.79812996883281,1.0,560,681,1241,0.0,-0.0008333472224535399,1.0000000000000013,0.0
74643,37.79729662161036,1.0,560,681,1241,0.0,-0.0008333472224535399,1.0000000000000013,0.0
74644,37.796463274387904,1.0,560,681,1241,0.0,-0.0008333472224535399,1.0000000000000013,0.0
74645,37.79562992716545,1.0,560,681,1241,0.0,-0.0008333472224535399,1.0000000000000013,0.0
74646,37.794796579943,1.0,560,681,1241,0.0,-0.0008333472224535399,1.0000000000000013,0.0
74647,37.79396323272054,1.0,560,681,1241,0.0,-0.0008333472224535399,1.0000000000000013,0.0
74648,37.79312988549809,1.0,560,681,1241,0.0,-0.0008333472224535399,1.0000000000000013,0.0
74649,37.792296538275636,1.0,560,681,1241,0.0,-0.0008333472224535399,1.0000000000000013,0.0
74650,37.79146319105318,1.0,560,681,1241,0.0,-0.0008333472224535399,1.0000000000000013,0.0
74651,37.79062984383073,1.0,560,681,1241,0.0,-0.0008333472224535399,1.0000000000000013,0.0
74652,37.789796496608275,1.0,560,681,1241,0.0,-0.0008333472224535399,1.0000000000000013,0.0
74653,37.78896314938582,1.0,560,681,1241,0.0,-0.0008333472224535399,1.0000000000000013,0.0
74654,37.78812980216337,1.0,560,681,1241,0.0,-0.0008333472224535399,1.0000000000000013,0.0
74655,37.787296454940915,1.0,560,681,1241,0.0,-0.0008333472224535399,1.0000000000000013,0.0
74656,37.78646310771846,1.0,560,681,1241,0.0,-0.0008333472224535399,1.0000000000000013,0.0
74657,37.78562976049601,1.0,560,681,1241,0.0,-0.0008333472224535399,1.0000000000000013,0.0
74658,37.784796413273554,1.0,560,681,1241,0.0,-0.0008333472224535399,1.0000000000000013,0.0
74659,37.7839630660511,1.0,560,681,1241,0.0,-0.0008333472224535399,1.0000000000000013,0.0
74660,37.78312971882865,1.0,560,681,1241,0.0,-0.0008333472224535399,1.0000000000000013,0.0
74661,37.78229637160619,1.0,560,681,1241,0.0,-0.0008333472224535399,1.0000000000000013,0.0
74662,37.78146302438374,1.0,560,681,1241,0.0,-0.0008333472224535399,1.0000000000000013,0.0
74663,37.780629677161286,1.0,560,681,1241,0.0,-0.0008333472224535399,1.0000000000000013,0.0
74664,37.77979632993883,1.0,560,681,1241,0.0,-0.0008333472224535399,1.0000000000000013,0.0
74665,37.77896298271638,0.9991941982272361,560,681,1241,-0.0008058017727639033,-0.0008333472224535399,0.999919419822725,-8.058017727639034e-05
74666,37.778129635493926,1.0,560,681,1241,0.0008058017727639033,-0.0008333472224535399,0.999919419822725,0.0
74667,37.77729628827147,1.0,560,681,1241,0.0,-0.0008333472224535399,0.999919419822725,0.0
74668,37.77646294104902,1.0,560,681,1241,0.0,-0.0008333472224535399,0.999919419822725,0.0
74669,37.775629593826565,1.0,560,681,1241,0.0,-0.0008333472224535399,0.999919419822725,0.0
74670,37.77479624660411,1.0,560,681,1241,0.0,-0.0008333472224535399,0.999919419822725,0.0
74671,37.77396289938166,1.0,560,681,1241,0.0,-0.0008333472224535399,0.999919419822725,0.0
74672,37.773129552159205,1.0,560,681,1241,0.0,-0.0008333472224535399,0.999919419822725,0.0
74673,37.77229620493675,1.0,560,681,1241,0.0,-0.0008333472224535399,0.999919419822725,0.0
74674,37.7714628577143,1.0,560,681,1241,0.0,-0.0008333472224535399,0.999919419822725,0.0
74675,37.770629510491844,1.0,560,681,1241,0.0,-0.0008333472224535399,1.0000000000000013,8.058017727639034e-05
74676,37.76979616326939,1.0,560,681,1241,0.0,-0.0008333472224535399,1.0000000000000013,0.0
74677,37.76896281604694,1.0,560,681,1241,0.0,-0.0008333472224535399,1.0000000000000013,0.0
74678,37.76812946882448,1.0,560,681,1241,0.0,-0.0008333472224535399,1.0000000000000013,0.0
74679,37.76729612160203,1.0,560,681,1241,0.0,-0.0008333472224535399,1.0000000000000013,0.0
74680,37.766462774379576,0.9991941982272361,560,681,1241,-0.0008058017727639033,-0.0008333472224535399,0.999919419822725,-8.058017727639034e-05
74681,37.76562942715712,0.9991941982272361,560,681,1241,0.0,-0.0008333472224535399,0.9998388396454487,-8.058017727639034e-05
74682,37.76479607993467,0.9991941982272361,560,681,1241,0.0,-0.0008333472224535399,0.9997582594681724,-8.058017727639034e-05
74683,37.763962732712216,0.9991941982272361,560,681,1241,0.0,-0.0008333472224535399,0.999677679290896,-8.058017727639034e-05
74684,37.76312938548976,0.9991941982272361,560,681,1241,0.0,-0.0008333472224535399,0.9995970991136197,-8.058017727639034e-05
74685,37.7622960382673,0.9991941982272361,560,681,1241,0.0,-0.0008333472224606453,0.9995165189363433,-8.058017727639034e-05
74686,37.76146269104485,0.9991941982272361,560,681,1241,0.0,-0.0008333472224535399,0.999435938759067,-8.058017727639034e-05
74687,37.760629343822394,1.0,560,681,1241,0.0008058017727639033,-0.0008333472224535399,0.999435938759067,0.0
74688,37.75979599659994,1.0,560,681,1241,0.0,-0.0008333472224535399,0.999435938759067,0.0
74689,37.75896264937749,0.9991941982272361,560,681,1241,-0.0008058017727639033,-0.0008333472224535399,0.9993553585817907,-8.058017727639034e-05
74690,37.758129302155034,0.9991941982272361,560,681,1241,0.0,-0.0008333472224535399,0.9993553585817907,0.0
74691,37.75729595493258,0.9991941982272361,560,681,1241,0.0,-0.0008333472224535399,0.9993553585817907,0.0
74692,37.75646260771013,0.9991941982272361,560,681,1241,0.0,-0.0008333472224535399,0.9993553585817907,0.0
74693,37.75562926048767,0.9991941982272361,560,681,1241,0.0,-0.0008333472224535399,0.9993553585817907,0.0
74694,37.75479591326522,1.0,560,681,1241,0.0008058017727639033,-0.0008333472224535399,0.999435938759067,8.058017727639034e-05
74695,37.753962566042766,1.0,560,681,1241,0.0,-0.0008333472224535399,0.9995165189363433,8.058017727639034e-05
74696,37.75312921882031,1.0,560,681,1241,0.0,-0.0008333472224535399,0.9995970991136197,8.058017727639034e-05
74697,37.75229587159786,1.0,560,681,1241,0.0,-0.0008333472224535399,0.9995970991136197,0.0
74698,37.751462524375405,1.0,560,681,1241,0.0,-0.0008333472224535399,0.9995970991136197,0.0
74699,37.75062917715295,1.0,560,681,1241,0.0,-0.0008333472224535399,0.999677679290896,8.058017727639034e-05
74700,37.7497958299305,1.0,560,681,1241,0.0,-0.0008333472224535399,0.9997582594681724,8.058017727639034e-05
74701,37.748962482708045,1.0,560,681,1241,0.0,-0.0008333472224535399,0.9998388396454487,8.058017727639034e-05
74702,37.74812913548559,0.9991941982272361,560,681,1241,-0.0008058017727639033,-0.0008333472224535399,0.9998388396454487,0.0
74703,37.74729578826314,0.9991941982272361,560,681,1241,0.0,-0.0008333472224535399,0.9998388396454487,0.0
74704,37.746462441040684,0.9991941982272361,560,681,1241,0.0,-0.0008333472224535399,0.9997582594681724,-8.058017727639034e-05
74705,37.74562909381823,0.9991941982272361,560,681,1241,0.0,-0.0008333472224535399,0.999677679290896,-8.058017727639034e-05
74706,37.74479574659578,1.0,560,681,1241,0.0008058017727639033,-0.0008333472224535399,0.999677679290896,0.0
74707,37.74396239937332,1.0,560,681,1241,0.0,-0.0008333472224535399,0.999677679290896,0.0
74708,37.74312905215087,1.0,560,681,1241,0.0,-0.0008333472224535399,0.999677679290896,0.0
74709,37.74229570492842,1.0,560,681,1241,0.0,-0.0008333472224535399,0.999677679290896,0.0
74710,37.74146235770596,1.0,560,681,1241,0.0,-0.0008333472224535399,0.999677679290896,0.0
74711,37.74062901048351,1.0,560,681,1241,0.0,-0.0008333472224535399,0.999677679290896,0.0
74712,37.739795663261056,1.0,560,681,1241,0.0,-0.0008333472224535399,0.9997582594681724,8.058017727639034e-05
74713,37.7389623160386,1.0,560,681,1241,0.0,-0.0008333472224535399,0.9998388396454487,8.058017727639034e-05
74714,37.73812896881615,1.0,560,681,1241,0.0,-0.0008333472224535399,0.999919419822725,8.058017727639034e-05
74715,37.737295621593695,1.0,560,681,1241,0.0,-0.0008333472224535399,1.0000000000000013,8.058017727639034e-05
74716,37.736462274371235,1.0,560,681,1241,0.0,-0.0008333472224606453,1.0000000000000013,0.0
74717,37.73562892714878,1.0,560,681,1241,0.0,-0.0008333472224535399,1.0000000000000013,0.0
74718,37.73479557992633,1.0,560,681,1241,0.0,-0.0008333472224535399,1.0000000000000013,0.0
74719,37.733962232703874,1.0,560,681,1241,0.0,-0.0008333472224535399,1.0000000000000013,0.0
74720,37.73312888548142,1.0,560,681,1241,0.0,-0.0008333472224535399,1.0000000000000013,0.0
74721,37.73229553825897,1.0,560,681,1241,0.0,-0.0008333472224535399,1.0000000000000013,0.0
74722,37.73146219103651,1.0,560,681,1241,0.0,-0.0008333472224535399,1.0000000000000013,0.0
74723,37.73062884381406,1.0,560,681,1241,0.0,-0.0008333472224535399,1.0000000000000013,0.0
74724,37.729795496591606,1.0,560,681,1241,0.0,-0.0008333472224535399,1.0000000000000013,0.0
74725,37.72896214936915,1.0,560,681,1241,0.0,-0.0008333472224535399,1.0000000000000013,0.0
74726,37.7281288021467,1.0,560,681,1241,0.0,-0.0008333472224535399,1.0000000000000013,0.0
74727,37.727295454924246,1.0,560,681,1241,0.0,-0.0008333472224535399,1.0000000000000013,0.0
74728,37.72646210770179,1.0,560,681,1241,0.0,-0.0008333472224535399,1.0000000000000013,0.0
74729,37.72562876047934,1.0,560,681,1241,0.0,-0.0008333472224535399,1.0000000000000013,0.0
74730,37.724795413256885,1.0,560,681,1241,0.0,-0.0008333472224535399,1.0000000000000013,0.0
74731,37.72396206603443,1.0,560,681,1241,0.0,-0.0008333472224535399,1.0000000000000013,0.0
74732,37.72312871881198,1.0,560,681,1241,0.0,-0.0008333472224535399,1.0000000000000013,0.0
74733,37.722295371589524,1.0,560,681,1241,0.0,-0.0008333472224535399,1.0000000000000013,0.0
74734,37.72146202436707,1.0,560,681,1241,0.0,-0.0008333472224535399,1.0000000000000013,0.0
74735,37.72062867714462,1.0,560,681,1241,0.0,-0.0008333472224535399,1.0000000000000013,0.0
74736,37.719795329922164,0.9991941982272361,560,681,1241,-0.0008058017727639033,-0.0008333472224535399,0.999919419822725,-8.058017727639034e-05
74737,37.71896198269971,0.9991941982272361,560,681,1241,0.0,-0.0008333472224535399,0.9998388396454487,-8.058017727639034e-05
74738,37.71812863547726,0.9991941982272361,560,681,1241,0.0,-0.0008333472224535399,0.9997582594681724,-8.058017727639034e-05
74739,37.7172952882548,1.0,560,681,1241,0.0008058017727639033,-0.0008333472224535399,0.9997582594681724,0.0
74740,37.71646194103235,1.0,560,681,1241,0.0,-0.0008333472224535399,0.9997582594681724,0.0
74741,37.715628593809896,1.0,560,681,1241,0.0,-0.0008333472224535399,0.9997582594681724,0.0
74742,37.71479524658744,1.0,560,681,1241,0.0,-0.0008333472224535399,0.9997582594681724,0.0
74743,37.71396189936499,1.0,560,681,1241,0.0,-0.0008333472224535399,0.9997582594681724,0.0
74744,37.713128552142535,1.0,560,681,1241,0.0,-0.0008333472224535399,0.9997582594681724,0.0
74745,37.71229520492008,1.0,560,681,1241,0.0,-0.0008333472224535399,0.9997582594681724,0.0
74746,37.71146185769763,1.0,560,681,1241,0.0,-0.0008333472224535399,0.9998388396454487,8.058017727639034e-05
74747,37.710628510475175,1.0,560,681,1241,0.0,-0.0008333472224535399,0.999919419822725,8.058017727639034e-05
74748,37.70979516325272,1.0,560,681,1241,0.0,-0.0008333472224535399,1.0000000000000013,8.058017727639034e-05
74749,37.70896181603027,1.0,560,681,1241,0.0,-0.0008333472224535399,1.0000000000000013,0.0
74750,37.708128468807814,1.0,560,681,1241,0.0,-0.0008333472224535399,1.0000000000000013,0.0
74751,37.70729512158536,1.0,560,681,1241,0.0,-0.0008333472224535399,1.0000000000000013,0.0
74752,37.70646177436291,1.0,560,681,1241,0.0,-0.0008333472224535399,1.0000000000000013,0.0
74753,37.705628427140454,1.0,560,681,1241,0.0,-0.0008333472224535399,1.0000000000000013,0.0
74754,37.704795079918,0.9991941982272361,560,681,1241,-0.0008058017727639033,-0.0008333472224535399,0.999919419822725,-8.058017727639034e-05
74755,37.70396173269555,1.0,560,681,1241,0.0008058017727639033,-0.0008333472224535399,0.999919419822725,0.0
74756,37.70312838547309,1.0,560,681,1241,0.0,-0.0008333472224535399,0.999919419822725,0.0
74757,37.70229503825064,0.9991941982272361,560,681,1241,-0.0008058017727639033,-0.0008333472224535399,0.9998388396454487,-8.058017727639034e-05
74758,37.701461691028186,1.0,560,681,1241,0.0008058017727639033,-0.0008333472224535399,0.9998388396454487,0.0
74759,37.70062834380573,1.0,560,681,1241,0.0,-0.0008333472224535399,0.9998388396454487,0.0
74760,37.69979499658328,1.0,560,681,1241,0.0,-0.0008333472224535399,0.9998388396454487,0.0
74761,37.698961649360825,1.0,560,681,1241,0.0,-0.0008333472224535399,0.9998388396454487,0.0
74762,37.69812830213837,1.0,560,681,1241,0.0,-0.0008333472224535399,0.9998388396454487,0.0
74763,37.69729495491592,1.0,560,681,1241,0.0,-0.0008333472224535399,0.9998388396454487,0.0
74764,37.696461607693465,1.0,560,681,1241,0.0,-0.0008333472224535399,0.999919419822725,8.058017727639034e-05
74765,37.69562826047101,1.0,560,681,1241,0.0,-0.0008333472224535399,0.999919419822725,0.0
74766,37.69479491324856,1.0,560,681,1241,0.0,-0.0008333472224535399,0.999919419822725,0.0
74767,37.693961566026104,1.0,560,681,1241,0.0,-0.0008333472224535399,1.0000000000000013,8.058017727639034e-05
74768,37.69312821880365,1.0,560,681,1241,0.0,-0.0008333472224535399,1.0000000000000013,0.0
74769,37.69229487158119,1.0,560,681,1241,0.0,-0.0008333472224606453,1.0000000000000013,0.0
74770,37.691461524358736,0.9991941982272361,560,681,1241,-0.0008058017727639033,-0.0008333472224535399,0.999919419822725,-8.058017727639034e-05
74771,37.69062817713628,0.9991941982272361,560,681,1241,0.0,-0.0008333472224535399,0.9998388396454487,-8.058017727639034e-05
74772,37.68979482991383,0.9991941982272361,560,681,1241,0.0,-0.0008333472224535399,0.9997582594681724,-8.058017727639034e-05
74773,37.688961482691376,1.0,560,681,1241,0.0008058017727639033,-0.0008333472224535399,0.9997582594681724,0.0
74774,37.68812813546892,1.0,560,681,1241,0.0,-0.0008333472224535399,0.9997582594681724,0.0
74775,37.68729478824647,1.0,560,681,1241,0.0,-0.0008333472224535399,0.9997582594681724,0.0
74776,37.686461441024015,0.9991941982272361,560,681,1241,-0.0008058017727639033,-0.0008333472224535399,0.999677679290896,-8.058017727639034e-05
74777,37.68562809380156,0.9991941982272361,560,681,1241,0.0,-0.0008333472224535399,0.9995970991136197,-8.058017727639034e-05
74778,37.68479474657911,0.9991941982272361,560,681,1241,0.0,-0.0008333472224535399,0.9995165189363433,-8.058017727639034e-05
74779,37.683961399356654,0.9991941982272361,560,681,1241,0.0,-0.0008333472224535399,0.999435938759067,-8.058017727639034e-05
74780,37.6831280521342,1.0,560,681,1241,0.0008058017727639033,-0.0008333472224535399,0.9995165189363433,8.058017727639034e-05
74781,37.68229470491175,1.0,560,681,1241,0.0,-0.0008333472224535399,0.9995970991136197,8.058017727639034e-05
74782,37.681461357689294,1.0,560,681,1241,0.0,-0.0008333472224535399,0.999677679290896,8.058017727639034e-05
74783,37.68062801046684,1.0,560,681,1241,0.0,-0.0008333472224535399,0.999677679290896,0.0
74784,37.67979466324439,1.0,560,681,1241,0.0,-0.0008333472224535399,0.999677679290896,0.0
74785,37.67896131602193,1.0,560,681,1241,0.0,-0.0008333472224535399,0.999677679290896,0.0
74786,37.67812796879948,1.0,560,681,1241,0.0,-0.0008333472224535399,0.9997582594681724,8.058017727639034e-05
74787,37.677294621577026,1.0,560,681,1241,0.0,-0.0008333472224535399,0.9998388396454487,8.058017727639034e-05
74788,37.67646127435457,1.0,560,681,1241,0.0,-0.0008333472224535399,0.999919419822725,8.058017727639034e-05
74789,37.67562792713212,0.9991941982272361,560,681,1241,-0.0008058017727639033,-0.0008333472224535399,0.999919419822725,0.0
74790,37.674794579909666,1.0,560,681,1241,0.0008058017727639033,-0.0008333472224535399,0.999919419822725,0.0
74791,37.67396123268721,1.0,560,681,1241,0.0,-0.0008333472224535399,0.999919419822725,0.0
74792,37.67312788546476,0.9991941982272361,560,681,1241,-0.0008058017727639033,-0.0008333472224535399,0.9998388396454487,-8.058017727639034e-05
74793,37.672294538242305,0.9983883964544722,560,681,1241,-0.0008058017727639033,-0.0008333472224535399,0.999677679290896,-0.00016116035455278067
74794,37.67146119101985,0.9991941982272361,560,681,1241,0.0008058017727639033,-0.0008333472224535399,0.9995970991136197,-8.058017727639034e-05
74795,37.6706278437974,1.0,560,681,1241,0.0008058017727639033,-0.0008333472224535399,0.9995970991136197,0.0
74796,37.669794496574944,1.0,560,681,1241,0.0,-0.0008333472224535399,0.9995970991136197,0.0
74797,37.66896114935249,1.0,560,681,1241,0.0,-0.0008333472224535399,0.9995970991136197,0.0
74798,37.66812780213004,1.0,560,681,1241,0.0,-0.0008333472224535399,0.9995970991136197,0.0
74799,37.667294454907584,1.0,560,681,1241,0.0,-0.0008333472224535399,0.999677679290896,8.058017727639034e-05
74800,37.66646110768513,1.0,560,681,1241,0.0,-0.0008333472224535399,0.999677679290896,0.0
74801,37.66562776046267,1.0,560,681,1241,0.0,-0.0008333472224606453,0.999677679290896,0.0
74802,37.664794413240216,1.0,560,681,1241,0.0,-0.0008333472224535399,0.9997582594681724,8.058017727639034e-05
74803,37.66396106601776,1.0,560,681,1241,0.0,-0.0008333472224535399,0.999919419822725,0.00016116035455278067
74804,37.66312771879531,1.0,560,681,1241,0.0,-0.0008333472224535399,1.0000000000000013,8.058017727639034e-05
74805,37.662294371572855,1.0,560,681,1241,0.0,-0.0008333472224535399,1.0000000000000013,0.0
74806,37.6614610243504,1.0,560,681,1241,0.0,-0.0008333472224535399,1.0000000000000013,0.0
74807,37.66062767712795,1.0,560,681,1241,0.0,-0.0008333472224535399,1.0000000000000013,0.0
74808,37.659794329905495,1.0,560,681,1241,0.0,-0.0008333472224535399,1.0000000000000013,0.0
74809,37.65896098268304,1.0,560,681,1241,0.0,-0.0008333472224535399,1.0000000000000013,0.0
74810,37.65812763546059,1.0,560,681,1241,0.0,-0.0008333472224535399,1.0000000000000013,0.0
74811,37.657294288238134,1.0,560,681,1241,0.0,-0.0008333472224535399,1.0000000000000013,0.0
74812,37.65646094101568,1.0,560,681,1241,0.0,-0.0008333472224535399,1.0000000000000013,0.0
74813,37.65562759379323,1.0,560,681,1241,0.0,-0.0008333472224535399,1.0000000000000013,0.0
74814,37.65479424657077,1.0,560,681,1241,0.0,-0.0008333472224535399,1.0000000000000013,0.0
74815,37.65396089934832,1.0,560,681,1241,0.0,-0.0008333472224535399,1.0000000000000013,0.0
74816,37.653127552125866,1.0,560,681,1241,0.0,-0.0008333472224535399,1.0000000000000013,0.0
74817,37.65229420490341,1.0,560,681,1241,0.0,-0.0008333472224535399,1.0000000000000013,0.0
74818,37.65146085768096,1.0,560,681,1241,0.0,-0.0008333472224535399,1.0000000000000013,0.0
74819,37.650627510458506,1.0,560,681,1241,0.0,-0.0008333472224535399,1.0000000000000013,0.0
74820,37.64979416323605,1.0,560,681,1241,0.0,-0.0008333472224535399,1.0000000000000013,0.0
74821,37.6489608160136,1.0,560,681,1241,0.0,-0.0008333472224535399,1.0000000000000013,0.0
74822,37.648127468791145,1.0,560,681,1241,0.0,-0.0008333472224535399,1.0000000000000013,0.0
74823,37.64729412156869,1.0,560,681,1241,0.0,-0.0008333472224535399,1.0000000000000013,0.0
74824,37.64646077434624,1.0,560,681,1241,0.0,-0.0008333472224535399,1.0000000000000013,0.0
74825,37.645627427123785,1.0,560,681,1241,0.0,-0.0008333472224535399,1.0000000000000013,0.0
74826,37.64479407990133,0.9991941982272361,560,681,1241,-0.0008058017727639033,-0.0008333472224535399,0.999919419822725,-8.058017727639034e-05
74827,37.64396073267888,0.9991941982272361,560,681,1241,0.0,-0.0008333472224535399,0.9998388396454487,-8.058017727639034e-05
74828,37.643127385456424,1.0,560,681,1241,0.0008058017727639033,-0.0008333472224535399,0.9998388396454487,0.0
74829,37.64229403823397,1.0,560,681,1241,0.0,-0.0008333472224535399,0.9998388396454487,0.0
74830,37.64146069101152,1.0,560,681,1241,0.0,-0.0008333472224535399,0.9998388396454487,0.0
74831,37.64062734378906,1.0,560,681,1241,0.0,-0.0008333472224535399,0.9998388396454487,0.0
74832,37.63979399656661,1.0,560,681,1241,0.0,-0.0008333472224535399,0.9998388396454487,0.0
74833,37.638960649344156,1.0,560,681,1241,0.0,-0.0008333472224535399,0.9998388396454487,0.0
74834,37.6381273021217,1.0,560,681,1241,0.0,-0.0008333472224535399,0.9998388396454487,0.0
74835,37.63729395489925,1.0,560,681,1241,0.0,-0.0008333472224535399,0.9998388396454487,0.0
74836,37.636460607676796,1.0,560,681,1241,0.0,-0.0008333472224535399,0.999919419822725,8.058017727639034e-05
74837,37.63562726045434,1.0,560,681,1241,0.0,-0.0008333472224535399,1.0000000000000013,8.058017727639034e-05
74838,37.63479391323189,1.0,560,681,1241,0.0,-0.0008333472224535399,1.0000000000000013,0.0
74839,37.633960566009435,1.0,560,681,1241,0.0,-0.0008333472224535399,1.0000000000000013,0.0
74840,37.63312721878698,1.0,560,681,1241,0.0,-0.0008333472224535399,1.0000000000000013,0.0
74841,37.63229387156453,1.0,560,681,1241,0.0,-0.0008333472224535399,1.0000000000000013,0.0
74842,37.631460524342074,1.0,560,681,1241,0.0,-0.0008333472224535399,1.0000000000000013,0.0
74843,37.63062717711962,1.0,560,681,1241,0.0,-0.0008333472224535399,1.0000000000000013,0.0
74844,37.62979382989717,1.0,560,681,1241,0.0,-0.0008333472224535399,1.0000000000000013,0.0
74845,37.628960482674714,1.0,560,681,1241,0.0,-0.0008333472224535399,1.0000000000000013,0.0
74846,37.62812713545226,1.0,560,681,1241,0.0,-0.0008333472224535399,1.0000000000000013,0.0
74847,37.62729378822981,1.0,560,681,1241,0.0,-0.0008333472224535399,1.0000000000000013,0.0
74848,37.62646044100735,1.0,560,681,1241,0.0,-0.0008333472224535399,1.0000000000000013,0.0
74849,37.6256270937849,1.0,560,681,1241,0.0,-0.0008333472224535399,1.0000000000000013,0.0
74850,37.624793746562446,1.0,560,681,1241,0.0,-0.0008333472224535399,1.0000000000000013,0.0
74851,37.62396039933999,1.0,560,681,1241,0.0,-0.0008333472224535399,1.0000000000000013,0.0
74852,37.62312705211754,1.0,560,681,1241,0.0,-0.0008333472224535399,1.0000000000000013,0.0
74853,37.622293704895085,1.0,560,681,1241,0.0,-0.0008333472224535399,1.0000000000000013,0.0
74854,37.621460357672625,1.0,560,681,1241,0.0,-0.0008333472224606453,1.0000000000000013,0.0
74855,37.62062701045017,0.9991941982272361,560,681,1241,-0.0008058017727639033,-0.0008333472224535399,0.999919419822725,-8.058017727639034e-05
74856,37.61979366322772,1.0,560,681,1241,0.0008058017727639033,-0.0008333472224535399,0.999919419822725,0.0
74857,37.618960316005264,1.0,560,681,1241,0.0,-0.0008333472224535399,0.999919419822725,0.0
74858,37.61812696878281,1.0,560,681,1241,0.0,-0.0008333472224535399,0.999919419822725,0.0
74859,37.61729362156036,1.0,560,681,1241,0.0,-0.0008333472224535399,0.999919419822725,0.0
74860,37.6164602743379,1.0,560,681,1241,0.0,-0.0008333472224535399,0.999919419822725,0.0
74861,37.61562692711545,1.0,560,681,1241,0.0,-0.0008333472224535399,0.999919419822725,0.0
74862,37.614793579892996,1.0,560,681,1241,0.0,-0.0008333472224535399,0.999919419822725,0.0
74863,37.61396023267054,0.9991941982272361,560,681,1241,-0.0008058017727639033,-0.0008333472224535399,0.9998388396454487,-8.058017727639034e-05
74864,37.61312688544809,1.0,560,681,1241,0.0008058017727639033,-0.0008333472224535399,0.9998388396454487,0.0
74865,37.612293538225636,1.0,560,681,1241,0.0,-0.0008333472224535399,0.999919419822725,8.058017727639034e-05
74866,37.61146019100318,1.0,560,681,1241,0.0,-0.0008333472224535399,0.999919419822725,0.0
74867,37.61062684378073,1.0,560,681,1241,0.0,-0.0008333472224535399,0.999919419822725,0.0
74868,37.609793496558275,1.0,560,681,1241,0.0,-0.0008333472224535399,0.999919419822725,0.0
74869,37.60896014933582,1.0,560,681,1241,0.0,-0.0008333472224535399,0.999919419822725,0.0
74870,37.60812680211337,1.0,560,681,1241,0.0,-0.0008333472224535399,0.999919419822725,0.0
74871,37.607293454890915,1.0,560,681,1241,0.0,-0.0008333472224535399,0.999919419822725,0.0
74872,37.60646010766846,1.0,560,681,1241,0.0,-0.0008333472224535399,0.999919419822725,0.0
74873,37.60562676044601,1.0,560,681,1241,0.0,-0.0008333472224535399,1.0000000000000013,8.058017727639034e-05
74874,37.604793413223554,1.0,560,681,1241,0.0,-0.0008333472224535399,1.0000000000000013,0.0
74875,37.6039600660011,1.0,560,681,1241,0.0,-0.0008333472224535399,1.0000000000000013,0.0
74876,37.60312671877865,1.0,560,681,1241,0.0,-0.0008333472224535399,1.0000000000000013,0.0
74877,37.60229337155619,1.0,560,681,1241,0.0,-0.0008333472224535399,1.0000000000000013,0.0
74878,37.60146002433374,1.0,560,681,1241,0.0,-0.0008333472224535399,1.0000000000000013,0.0
74879,37.600626677111286,1.0,560,681,1241,0.0,-0.0008333472224535399,1.0000000000000013,0.0
74880,37.59979332988883,1.0,560,681,1241,0.0,-0.0008333472224535399,1.0000000000000013,0.0
74881,37.59895998266638,1.0,560,681,1241,0.0,-0.0008333472224535399,1.0000000000000013,0.0
74882,37.598126635443926,1.0,560,681,1241,0.0,-0.0008333472224535399,1.0000000000000013,0.0
74883,37.59729328822147,1.0,560,681,1241,0.0,-0.0008333472224535399,1.0000000000000013,0.0
74884,37.59645994099902,1.0,560,681,1241,0.0,-0.0008333472224535399,1.0000000000000013,0.0
74885,37.595626593776565,1.0,560,681,1241,0.0,-0.0008333472224535399,1.0000000000000013,0.0
74886,37.594793246554104,1.0,560,681,1241,0.0,-0.0008333472224606453,1.0000000000000013,0.0
74887,37.59395989933165,1.0,560,681,1241,0.0,-0.0008333472224535399,1.0000000000000013,0.0
74888,37.5931265521092,1.0,560,681,1241,0.0,-0.0008333472224535399,1.0000000000000013,0.0
74889,37.592293204886744,1.0,560,681,1241,0.0,-0.0008333472224535399,1.0000000000000013,0.0
74890,37.59145985766429,1.0,560,681,1241,0.0,-0.0008333472224535399,1.0000000000000013,0.0
74891,37.59062651044184,1.0,560,681,1241,0.0,-0.0008333472224535399,1.0000000000000013,0.0
74892,37.58979316321938,1.0,560,681,1241,0.0,-0.0008333472224535399,1.0000000000000013,0.0
74893,37.58895981599693,1.0,560,681,1241,0.0,-0.0008333472224535399,1.0000000000000013,0.0
74894,37.588126468774476,1.0,560,681,1241,0.0,-0.0008333472224535399,1.0000000000000013,0.0
74895,37.58729312155202,1.0,560,681,1241,0.0,-0.0008333472224535399,1.0000000000000013,0.0
74896,37.58645977432957,1.0,560,681,1241,0.0,-0.0008333472224535399,1.0000000000000013,0.0
74897,37.585626427107115,1.0,560,681,1241,0.0,-0.0008333472224535399,1.0000000000000013,0.0
74898,37.58479307988466,0.9991941982272361,560,681,1241,-0.0008058017727639033,-0.0008333472224535399,0.999919419822725,-8.058017727639034e-05
74899,37.58395973266221,0.9991941982272361,560,681,1241,0.0,-0.0008333472224535399,0.9998388396454487,-8.058017727639034e-05
74900,37.583126385439755,0.9991941982272361,560,681,1241,0.0,-0.0008333472224535399,0.9997582594681724,-8.058017727639034e-05
74901,37.5822930382173,0.9991941982272361,560,681,1241,0.0,-0.0008333472224535399,0.999677679290896,-8.058017727639034e-05
74902,37.58145969099485,0.9991941982272361,560,681,1241,0.0,-0.0008333472224535399,0.9995970991136197,-8.058017727639034e-05
74903,37.580626343772394,0.9991941982272361,560,681,1241,0.0,-0.0008333472224535399,0.9995165189363433,-8.058017727639034e-05
74904,37.57979299654994,0.9991941982272361,560,681,1241,0.0,-0.0008333472224535399,0.999435938759067,-8.058017727639034e-05
74905,37.57895964932749,0.9991941982272361,560,681,1241,0.0,-0.0008333472224535399,0.9993553585817907,-8.058017727639034e-05
74906,37.578126302105034,1.0,560,681,1241,0.0008058017727639033,-0.0008333472224535399,0.9993553585817907,0.0
74907,37.57729295488258,1.0,560,681,1241,0.0,-0.0008333472224535399,0.9993553585817907,0.0
74908,37.57645960766013,1.0,560,681,1241,0.0,-0.0008333472224535399,0.999435938759067,8.058017727639034e-05
74909,37.57562626043767,1.0,560,681,1241,0.0,-0.0008333472224535399,0.9995165189363433,8.058017727639034e-05
74910,37.57479291321522,1.0,560,681,1241,0.0,-0.0008333472224535399,0.9995970991136197,8.058017727639034e-05
74911,37.573959565992766,1.0,560,681,1241,0.0,-0.0008333472224535399,0.999677679290896,8.058017727639034e-05
74912,37.57312621877031,1.0,560,681,1241,0.0,-0.0008333472224535399,0.9997582594681724,8.058017727639034e-05
74913,37.57229287154786,0.9991941982272361,560,681,1241,-0.0008058017727639033,-0.0008333472224535399,0.9997582594681724,0.0
74914,37.571459524325405,0.9991941982272361,560,681,1241,0.0,-0.0008333472224535399,0.9997582594681724,0.0
74915,37.57062617710295,0.9991941982272361,560,681,1241,0.0,-0.0008333472224535399,0.9997582594681724,0.0
74916,37.5697928298805,0.9991941982272361,560,681,1241,0.0,-0.0008333472224535399,0.999677679290896,-8.058017727639034e-05
74917,37.568959482658045,1.0,560,681,1241,0.0008058017727639033,-0.0008333472224535399,0.999677679290896,0.0
74918,37.56812613543559,1.0,560,681,1241,0.0,-0.0008333472224535399,0.999677679290896,0.0
74919,37.56729278821314,1.0,560,681,1241,0.0,-0.0008333472224535399,0.999677679290896,0.0
74920,37.566459440990684,1.0,560,681,1241,0.0,-0.0008333472224535399,0.999677679290896,0.0
74921,37.56562609376823,1.0,560,681,1241,0.0,-0.0008333472224535399,0.999677679290896,0.0
74922,37.56479274654578,0.9991941982272361,560,681,1241,-0.0008058017727639033,-0.0008333472224535399,0.9995970991136197,-8.058017727639034e-05
74923,37.56395939932332,1.0,560,681,1241,0.0008058017727639033,-0.0008333472224535399,0.999677679290896,8.058017727639034e-05
74924,37.56312605210087,1.0,560,681,1241,0.0,-0.0008333472224535399,0.9997582594681724,8.058017727639034e-05
74925,37.562292704878416,1.0,560,681,1241,0.0,-0.0008333472224535399,0.9998388396454487,8.058017727639034e-05
74926,37.56145935765596,1.0,560,681,1241,0.0,-0.0008333472224535399,0.999919419822725,8.058017727639034e-05
74927,37.56062601043351,1.0,560,681,1241,0.0,-0.0008333472224535399,0.999919419822725,0.0
74928,37.559792663211056,1.0,560,681,1241,0.0,-0.0008333472224535399,0.999919419822725,0.0
74929,37.5589593159886,1.0,560,681,1241,0.0,-0.0008333472224535399,0.999919419822725,0.0
74930,37.55812596876615,1.0,560,681,1241,0.0,-0.0008333472224535399,0.999919419822725,0.0
74931,37.557292621543695,1.0,560,681,1241,0.0,-0.0008333472224535399,0.999919419822725,0.0
74932,37.55645927432124,1.0,560,681,1241,0.0,-0.0008333472224535399,1.0000000000000013,8.058017727639034e-05
74933,37.55562592709879,1.0,560,681,1241,0.0,-0.0008333472224535399,1.0000000000000013,0.0
74934,37.554792579876334,1.0,560,681,1241,0.0,-0.0008333472224535399,1.0000000000000013,0.0
74935,37.55395923265388,1.0,560,681,1241,0.0,-0.0008333472224535399,1.0000000000000013,0.0
74936,37.55312588543143,1.0,560,681,1241,0.0,-0.0008333472224535399,1.0000000000000013,0.0
74937,37.552292538208974,1.0,560,681,1241,0.0,-0.0008333472224535399,1.0000000000000013,0.0
74938,37.55145919098652,0.9991941982272361,560,681,1241,-0.0008058017727639033,-0.0008333472224535399,0.999919419822725,-8.058017727639034e-05
74939,37.55062584376406,0.9991941982272361,560,681,1241,0.0,-0.0008333472224606453,0.9998388396454487,-8.058017727639034e-05
74940,37.549792496541606,1.0,560,681,1241,0.0008058017727639033,-0.0008333472224535399,0.9998388396454487,0.0
74941,37.54895914931915,1.0,560,681,1241,0.0,-0.0008333472224535399,0.9998388396454487,0.0
74942,37.5481258020967,1.0,560,681,1241,0.0,-0.0008333472224535399,0.9998388396454487,0.0
74943,37.547292454874245,1.0,560,681,1241,0.0,-0.0008333472224535399,0.9998388396454487,0.0
74944,37.54645910765179,1.0,560,681,1241,0.0,-0.0008333472224535399,0.9998388396454487,0.0
74945,37.54562576042934,1.0,560,681,1241,0.0,-0.0008333472224535399,0.9998388396454487,0.0
74946,37.544792413206885,1.0,560,681,1241,0.0,-0.0008333472224535399,0.9998388396454487,0.0
74947,37.54395906598443,1.0,560,681,1241,0.0,-0.0008333472224535399,0.9998388396454487,0.0
74948,37.54312571876198,1.0,560,681,1241,0.0,-0.0008333472224535399,0.999919419822725,8.058017727639034e-05
74949,37.542292371539524,1.0,560,681,1241,0.0,-0.0008333472224535399,1.0000000000000013,8.058017727639034e-05
74950,37.54145902431707,1.0,560,681,1241,0.0,-0.0008333472224535399,1.0000000000000013,0.0
74951,37.54062567709462,1.0,560,681,1241,0.0,-0.0008333472224535399,1.0000000000000013,0.0
74952,37.539792329872164,1.0,560,681,1241,0.0,-0.0008333472224535399,1.0000000000000013,0.0
74953,37.53895898264971,1.0,560,681,1241,0.0,-0.0008333472224535399,1.0000000000000013,0.0
74954,37.53812563542726,1.0,560,681,1241,0.0,-0.0008333472224535399,1.0000000000000013,0.0
74955,37.5372922882048,1.0,560,681,1241,0.0,-0.0008333472224535399,1.0000000000000013,0.0
74956,37.53645894098235,1.0,560,681,1241,0.0,-0.0008333472224535399,1.0000000000000013,0.0
74957,37.535625593759896,1.0,560,681,1241,0.0,-0.0008333472224535399,1.0000000000000013,0.0
74958,37.53479224653744,1.0,560,681,1241,0.0,-0.0008333472224535399,1.0000000000000013,0.0
74959,37.53395889931499,0.9991941982272361,560,681,1241,-0.0008058017727639033,-0.0008333472224535399,0.999919419822725,-8.058017727639034e-05
74960,37.533125552092535,1.0,560,681,1241,0.0008058017727639033,-0.0008333472224535399,0.999919419822725,0.0
74961,37.53229220487008,1.0,560,681,1241,0.0,-0.0008333472224535399,0.999919419822725,0.0
74962,37.53145885764763,1.0,560,681,1241,0.0,-0.0008333472224535399,0.999919419822725,0.0
74963,37.530625510425175,1.0,560,681,1241,0.0,-0.0008333472224535399,0.999919419822725,0.0
74964,37.52979216320272,1.0,560,681,1241,0.0,-0.0008333472224535399,0.999919419822725,0.0
74965,37.52895881598027,1.0,560,681,1241,0.0,-0.0008333472224535399,0.999919419822725,0.0
74966,37.528125468757814,1.0,560,681,1241,0.0,-0.0008333472224535399,0.999919419822725,0.0
74967,37.52729212153536,1.0,560,681,1241,0.0,-0.0008333472224535399,0.999919419822725,0.0
74968,37.52645877431291,1.0,560,681,1241,0.0,-0.0008333472224535399,0.999919419822725,0.0
74969,37.52562542709045,1.0,560,681,1241,0.0,-0.0008333472224535399,1.0000000000000013,8.058017727639034e-05
74970,37.524792079868,1.0,560,681,1241,0.0,-0.0008333472224535399,1.0000000000000013,0.0
74971,37.52395873264554,1.0,560,681,1241,0.0,-0.0008333472224606453,1.0000000000000013,0.0
74972,37.523125385423086,1.0,560,681,1241,0.0,-0.0008333472224535399,1.0000000000000013,0.0
74973,37.52229203820063,1.0,560,681,1241,0.0,-0.0008333472224535399,1.0000000000000013,0.0
74974,37.52145869097818,1.0,560,681,1241,0.0,-0.0008333472224535399,1.0000000000000013,0.0
74975,37.520625343755725,1.0,560,681,1241,0.0,-0.0008333472224535399,1.0000000000000013,0.0
74976,37.51979199653327,1.0,560,681,1241,0.0,-0.0008333472224535399,1.0000000000000013,0.0
74977,37.51895864931082,1.0,560,681,1241,0.0,-0.0008333472224535399,1.0000000000000013,0.0
74978,37.518125302088364,1.0,560,681,1241,0.0,-0.0008333472224535399,1.0000000000000013,0.0
74979,37.51729195486591,1.0,560,681,1241,0.0,-0.0008333472224535399,1.0000000000000013,0.0
74980,37.51645860764346,1.0,560,681,1241,0.0,-0.0008333472224535399,1.0000000000000013,0.0
74981,37.515625260421004,1.0,560,681,1241,0.0,-0.0008333472224535399,1.0000000000000013,0.0
74982,37.51479191319855,1.0,560,681,1241,0.0,-0.0008333472224535399,1.0000000000000013,0.0
74983,37.5139585659761,1.0,560,681,1241,0.0,-0.0008333472224535399,1.0000000000000013,0.0
74984,37.51312521875364,1.0,560,681,1241,0.0,-0.0008333472224535399,1.0000000000000013,0.0
74985,37.51229187153119,1.0,560,681,1241,0.0,-0.0008333472224535399,1.0000000000000013,0.0
74986,37.511458524308736,1.0,560,681,1241,0.0,-0.0008333472224535399,1.0000000000000013,0.0
74987,37.51062517708628,1.0,560,681,1241,0.0,-0.0008333472224535399,1.0000000000000013,0.0
74988,37.50979182986383,0.9991941982272361,560,681,1241,-0.0008058017727639033,-0.0008333472224535399,0.999919419822725,-8.058017727639034e-05
74989,37.508958482641376,0.9991941982272361,560,681,1241,0.0,-0.0008333472224535399,0.9998388396454487,-8.058017727639034e-05
74990,37.50812513541892,0.9991941982272361,560,681,1241,0.0,-0.0008333472224535399,0.9997582594681724,-8.058017727639034e-05
74991,37.50729178819647,0.9991941982272361,560,681,1241,0.0,-0.0008333472224535399,0.999677679290896,-8.058017727639034e-05
74992,37.506458440974015,0.9991941982272361,560,681,1241,0.0,-0.0008333472224535399,0.9995970991136197,-8.058017727639034e-05
74993,37.50562509375156,0.9983883964544722,560,681,1241,-0.0008058017727639033,-0.0008333472224535399,0.999435938759067,-0.00016116035455278067
74994,37.50479174652911,0.9983883964544722,560,681,1241,0.0,-0.0008333472224535399,0.9992747784045143,-0.00016116035455278067
74995,37.503958399306654,0.9983883964544722,560,681,1241,0.0,-0.0008333472224535399,0.9991136180499616,-0.00016116035455278067
74996,37.5031250520842,0.9991941982272361,560,681,1241,0.0008058017727639033,-0.0008333472224535399,0.9990330378726853,-8.058017727639034e-05
74997,37.50229170486175,1.0,560,681,1241,0.0008058017727639033,-0.0008333472224535399,0.9990330378726853,0.0
74998,37.501458357639294,1.0,560,681,1241,0.0,-0.0008333472224535399,0.9991136180499616,8.058017727639034e-05
74999,37.50062501041684,1.0,560,681,1241,0.0,-0.0008333472224535399,0.999194198227238,8.058017727639034e-05
75000,37.49979166319439,1.0,560,681,1241,0.0,-0.0008333472224535399,0.9992747784045143,8.058017727639034e-05
75001,37.49895831597193,1.0,560,681,1241,0.0,-0.0008333472224535399,0.9993553585817907,8.058017727639034e-05
75002,37.49812496874948,1.0,560,681,1241,0.0,-0.0008333472224535399,0.999435938759067,8.058017727639034e-05
75003,37.497291621527026,1.0,560,681,1241,0.0,-0.0008333472224535399,0.9995970991136197,0.00016116035455278067
75004,37.49645827430457,1.0,560,681,1241,0.0,-0.0008333472224535399,0.9997582594681724,0.00016116035455278067
75005,37.49562492708212,1.0,560,681,1241,0.0,-0.0008333472224535399,0.999919419822725,0.00016116035455278067
75006,37.494791579859665,1.0,560,681,1241,0.0,-0.0008333472224535399,1.0000000000000013,8.058017727639034e-05
75007,37.49395823263721,1.0,560,681,1241,0.0,-0.0008333472224535399,1.0000000000000013,0.0
75008,37.49312488541476,1.0,560,681,1241,0.0,-0.0008333472224535399,1.0000000000000013,0.0
75009,37.492291538192305,1.0,560,681,1241,0.0,-0.0008333472224535399,1.0000000000000013,0.0
75010,37.49145819096985,0.9991941982272361,560,681,1241,-0.0008058017727639033,-0.0008333472224535399,0.999919419822725,-8.058017727639034e-05
75011,37.4906248437474,0.9991941982272361,560,681,1241,0.0,-0.0008333472224535399,0.9998388396454487,-8.058017727639034e-05
75012,37.489791496524944,0.9991941982272361,560,681,1241,0.0,-0.0008333472224535399,0.9997582594681724,-8.058017727639034e-05
75013,37.48895814930249,0.9991941982272361,560,681,1241,0.0,-0.0008333472224535399,0.999677679290896,-8.058017727639034e-05
75014,37.48812480208004,0.9991941982272361,560,681,1241,0.0,-0.0008333472224535399,0.9995970991136197,-8.058017727639034e-05
75015,37.48729145485758,0.9991941982272361,560,681,1241,0.0,-0.0008333472224535399,0.9995165189363433,-8.058017727639034e-05
75016,37.48645810763513,0.9991941982272361,560,681,1241,0.0,-0.0008333472224535399,0.999435938759067,-8.058017727639034e-05
75017,37.485624760412676,0.9983883964544722,560,681,1241,-0.0008058017727639033,-0.0008333472224535399,0.9992747784045143,-0.00016116035455278067
75018,37.48479141319022,0.9983883964544722,560,681,1241,0.0,-0.0008333472224535399,0.9991136180499616,-0.00016116035455278067
75019,37.48395806596777,0.9983883964544722,560,681,1241,0.0,-0.0008333472224535399,0.998952457695409,-0.00016116035455278067
75020,37.483124718745316,0.9983883964544722,560,681,1241,0.0,-0.0008333472224535399,0.9988718775181326,-8.058017727639034e-05
75021,37.48229137152286,0.9991941982272361,560,681,1241,0.0008058017727639033,-0.0008333472224535399,0.9988718775181326,0.0
75022,37.48145802430041,0.9991941982272361,560,681,1241,0.0,-0.0008333472224535399,0.9988718775181326,0.0
75023,37.480624677077955,1.0,560,681,1241,0.0008058017727639033,-0.0008333472224535399,0.998952457695409,8.058017727639034e-05
75024,37.479791329855495,1.0,560,681,1241,0.0,-0.0008333472224606453,0.9990330378726853,8.058017727639034e-05
75025,37.47895798263304,1.0,560,681,1241,0.0,-0.0008333472224535399,0.9991136180499616,8.058017727639034e-05
75026,37.47812463541059,1.0,560,681,1241,0.0,-0.0008333472224535399,0.999194198227238,8.058017727639034e-05
75027,37.477291288188134,1.0,560,681,1241,0.0,-0.0008333472224535399,0.9993553585817907,0.00016116035455278067
75028,37.47645794096568,1.0,560,681,1241,0.0,-0.0008333472224535399,0.9995165189363433,0.00016116035455278067
75029,37.47562459374323,1.0,560,681,1241,0.0,-0.0008333472224535399,0.999677679290896,0.00016116035455278067
75030,37.47479124652077,0.9983883964544722,560,681,1241,-0.0016116035455278066,-0.0008333472224535399,0.999677679290896,0.0
75031,37.47395789929832,0.9991941982272361,560,681,1241,0.0008058017727639033,-0.0008333472224535399,0.999677679290896,0.0
75032,37.473124552075866,0.9991941982272361,560,681,1241,0.0,-0.0008333472224535399,0.999677679290896,0.0
75033,37.47229120485341,1.0,560,681,1241,0.0008058017727639033,-0.0008333472224535399,0.999677679290896,0.0
75034,37.47145785763096,1.0,560,681,1241,0.0,-0.0008333472224535399,0.999677679290896,0.0
75035,37.470624510408506,1.0,560,681,1241,0.0,-0.0008333472224535399,0.999677679290896,0.0
75036,37.46979116318605,1.0,560,681,1241,0.0,-0.0008333472224535399,0.999677679290896,0.0
75037,37.4689578159636,1.0,560,681,1241,0.0,-0.0008333472224535399,0.999677679290896,0.0
75038,37.468124468741145,1.0,560,681,1241,0.0,-0.0008333472224535399,0.999677679290896,0.0
75039,37.46729112151869,1.0,560,681,1241,0.0,-0.0008333472224535399,0.999677679290896,0.0
75040,37.46645777429624,1.0,560,681,1241,0.0,-0.0008333472224535399,0.9998388396454487,0.00016116035455278067
75041,37.465624427073784,1.0,560,681,1241,0.0,-0.0008333472224535399,0.999919419822725,8.058017727639034e-05
75042,37.46479107985133,1.0,560,681,1241,0.0,-0.0008333472224535399,1.0000000000000013,8.058017727639034e-05
75043,37.46395773262888,1.0,560,681,1241,0.0,-0.0008333472224535399,1.0000000000000013,0.0
75044,37.463124385406424,1.0,560,681,1241,0.0,-0.0008333472224535399,1.0000000000000013,0.0
75045,37.46229103818397,1.0,560,681,1241,0.0,-0.0008333472224535399,1.0000000000000013,0.0
75046,37.46145769096152,1.0,560,681,1241,0.0,-0.0008333472224535399,1.0000000000000013,0.0
75047,37.46062434373906,1.0,560,681,1241,0.0,-0.0008333472224535399,1.0000000000000013,0.0
75048,37.45979099651661,1.0,560,681,1241,0.0,-0.0008333472224535399,1.0000000000000013,0.0
75049,37.458957649294156,1.0,560,681,1241,0.0,-0.0008333472224535399,1.0000000000000013,0.0
75050,37.4581243020717,1.0,560,681,1241,0.0,-0.0008333472224535399,1.0000000000000013,0.0
75051,37.45729095484925,1.0,560,681,1241,0.0,-0.0008333472224535399,1.0000000000000013,0.0
75052,37.456457607626795,1.0,560,681,1241,0.0,-0.0008333472224535399,1.0000000000000013,0.0
75053,37.45562426040434,1.0,560,681,1241,0.0,-0.0008333472224535399,1.0000000000000013,0.0
75054,37.45479091318189,1.0,560,681,1241,0.0,-0.0008333472224535399,1.0000000000000013,0.0
75055,37.45395756595943,1.0,560,681,1241,0.0,-0.0008333472224606453,1.0000000000000013,0.0
75056,37.453124218736974,1.0,560,681,1241,0.0,-0.0008333472224535399,1.0000000000000013,0.0
75057,37.45229087151452,1.0,560,681,1241,0.0,-0.0008333472224535399,1.0000000000000013,0.0
75058,37.45145752429207,1.0,560,681,1241,0.0,-0.0008333472224535399,1.0000000000000013,0.0
75059,37.45062417706961,1.0,560,681,1241,0.0,-0.0008333472224535399,1.0000000000000013,0.0
75060,37.44979082984716,1.0,560,681,1241,0.0,-0.0008333472224535399,1.0000000000000013,0.0
75061,37.44895748262471,1.0,560,681,1241,0.0,-0.0008333472224535399,1.0000000000000013,0.0
75062,37.44812413540225,1.0,560,681,1241,0.0,-0.0008333472224535399,1.0000000000000013,0.0
75063,37.4472907881798,1.0,560,681,1241,0.0,-0.0008333472224535399,1.0000000000000013,0.0
75064,37.446457440957346,1.0,560,681,1241,0.0,-0.0008333472224535399,1.0000000000000013,0.0
75065,37.44562409373489,1.0,560,681,1241,0.0,-0.0008333472224535399,1.0000000000000013,0.0
75066,37.44479074651244,1.0,560,681,1241,0.0,-0.0008333472224535399,1.0000000000000013,0.0
75067,37.443957399289985,1.0,560,681,1241,0.0,-0.0008333472224535399,1.0000000000000013,0.0
75068,37.44312405206753,0.9991941982272361,560,681,1241,-0.0008058017727639033,-0.0008333472224535399,0.999919419822725,-8.058017727639034e-05
75069,37.44229070484508,0.9991941982272361,560,681,1241,0.0,-0.0008333472224535399,0.9998388396454487,-8.058017727639034e-05
75070,37.441457357622625,1.0,560,681,1241,0.0008058017727639033,-0.0008333472224535399,0.9998388396454487,0.0
75071,37.44062401040017,1.0,560,681,1241,0.0,-0.0008333472224535399,0.9998388396454487,0.0
75072,37.43979066317772,1.0,560,681,1241,0.0,-0.0008333472224535399,0.9998388396454487,0.0
75073,37.438957315955264,1.0,560,681,1241,0.0,-0.0008333472224535399,0.9998388396454487,0.0
75074,37.43812396873281,1.0,560,681,1241,0.0,-0.0008333472224535399,0.9998388396454487,0.0
75075,37.43729062151036,1.0,560,681,1241,0.0,-0.0008333472224535399,0.9998388396454487,0.0
75076,37.4364572742879,1.0,560,681,1241,0.0,-0.0008333472224535399,0.9998388396454487,0.0
75077,37.43562392706545,1.0,560,681,1241,0.0,-0.0008333472224535399,0.9998388396454487,0.0
75078,37.434790579842996,1.0,560,681,1241,0.0,-0.0008333472224535399,0.999919419822725,8.058017727639034e-05
75079,37.43395723262054,1.0,560,681,1241,0.0,-0.0008333472224535399,1.0000000000000013,8.058017727639034e-05
75080,37.43312388539809,1.0,560,681,1241,0.0,-0.0008333472224535399,1.0000000000000013,0.0
75081,37.432290538175636,1.0,560,681,1241,0.0,-0.0008333472224535399,1.0000000000000013,0.0
75082,37.43145719095318,1.0,560,681,1241,0.0,-0.0008333472224535399,1.0000000000000013,0.0
75083,37.43062384373073,0.9991941982272361,560,681,1241,-0.0008058017727639033,-0.0008333472224535399,0.999919419822725,-8.058017727639034e-05
75084,37.429790496508275,1.0,560,681,1241,0.0008058017727639033,-0.0008333472224535399,0.999919419822725,0.0
75085,37.42895714928582,1.0,560,681,1241,0.0,-0.0008333472224535399,0.999919419822725,0.0
75086,37.42812380206337,1.0,560,681,1241,0.0,-0.0008333472224535399,0.999919419822725,0.0
75087,37.427290454840914,1.0,560,681,1241,0.0,-0.0008333472224535399,0.999919419822725,0.0
75088,37.42645710761846,0.9991941982272361,560,681,1241,-0.0008058017727639033,-0.0008333472224535399,0.9998388396454487,-8.058017727639034e-05
75089,37.42562376039601,0.9991941982272361,560,681,1241,0.0,-0.0008333472224535399,0.9997582594681724,-8.058017727639034e-05
75090,37.424790413173554,0.9991941982272361,560,681,1241,0.0,-0.0008333472224535399,0.999677679290896,-8.058017727639034e-05
75091,37.4239570659511,0.9991941982272361,560,681,1241,0.0,-0.0008333472224535399,0.9995970991136197,-8.058017727639034e-05
75092,37.42312371872865,0.9983883964544722,560,681,1241,-0.0008058017727639033,-0.0008333472224535399,0.999435938759067,-0.00016116035455278067
75093,37.42229037150619,0.9975825946817083,560,681,1241,-0.0008058017727639033,-0.0008333472224535399,0.9992747784045142,-0.00016116035455278067
75094,37.42145702428374,0.9975825946817083,560,681,1241,0.0,-0.0008333472224535399,0.9990330378726849,-0.00024174053182917098
75095,37.420623677061286,0.9975825946817083,560,681,1241,0.0,-0.0008333472224535399,0.9987912973408557,-0.00024174053182917098
75096,37.41979032983883,0.9975825946817083,560,681,1241,0.0,-0.0008333472224535399,0.9985495568090265,-0.00024174053182917098
75097,37.41895698261638,0.9975825946817083,560,681,1241,0.0,-0.0008333472224535399,0.9983078162771972,-0.00024174053182917098
75098,37.418123635393925,0.9975825946817083,560,681,1241,0.0,-0.0008333472224535399,0.9981466559226444,-0.00016116035455278067
75099,37.41729028817147,0.9983883964544722,560,681,1241,0.0008058017727639033,-0.0008333472224535399,0.9980660757453681,-8.058017727639034e-05
75100,37.41645694094902,0.9983883964544722,560,681,1241,0.0,-0.0008333472224535399,0.9979854955680917,-8.058017727639034e-05
75101,37.415623593726565,0.9991941982272361,560,681,1241,0.0008058017727639033,-0.0008333472224535399,0.9979854955680917,0.0
75102,37.41479024650411,1.0,560,681,1241,0.0008058017727639033,-0.0008333472224535399,0.9981466559226444,0.00016116035455278067
75103,37.41395689928166,1.0,560,681,1241,0.0,-0.0008333472224535399,0.9983883964544736,0.00024174053182917098
75104,37.413123552059204,1.0,560,681,1241,0.0,-0.0008333472224535399,0.9986301369863029,0.00024174053182917098
75105,37.41229020483675,1.0,560,681,1241,0.0,-0.0008333472224535399,0.998871877518132,0.00024174053182917098
75106,37.4114568576143,1.0,560,681,1241,0.0,-0.0008333472224535399,0.9991136180499612,0.00024174053182917098
75107,37.410623510391844,1.0,560,681,1241,0.0,-0.0008333472224535399,0.9993553585817905,0.00024174053182917098
75108,37.40979016316938,1.0,560,681,1241,0.0,-0.0008333472224606453,0.9995970991136197,0.00024174053182917098
75109,37.40895681594693,1.0,560,681,1241,0.0,-0.0008333472224535399,0.9997582594681724,0.00016116035455278067
75110,37.408123468724476,1.0,560,681,1241,0.0,-0.0008333472224535399,0.999919419822725,0.00016116035455278067
75111,37.40729012150202,1.0,560,681,1241,0.0,-0.0008333472224535399,1.0000000000000013,8.058017727639034e-05
75112,37.40645677427957,1.0,560,681,1241,0.0,-0.0008333472224535399,1.0000000000000013,0.0
75113,37.405623427057115,1.0,560,681,1241,0.0,-0.0008333472224535399,1.0000000000000013,0.0
75114,37.40479007983466,1.0,560,681,1241,0.0,-0.0008333472224535399,1.0000000000000013,0.0
75115,37.40395673261221,1.0,560,681,1241,0.0,-0.0008333472224535399,1.0000000000000013,0.0
75116,37.403123385389755,1.0,560,681,1241,0.0,-0.0008333472224535399,1.0000000000000013,0.0
75117,37.4022900381673,1.0,560,681,1241,0.0,-0.0008333472224535399,1.0000000000000013,0.0
75118,37.40145669094485,0.9991941982272361,560,681,1241,-0.0008058017727639033,-0.0008333472224535399,0.999919419822725,-8.058017727639034e-05
75119,37.400623343722394,0.9991941982272361,560,681,1241,0.0,-0.0008333472224535399,0.9998388396454487,-8.058017727639034e-05
75120,37.39978999649994,0.9991941982272361,560,681,1241,0.0,-0.0008333472224535399,0.9997582594681724,-8.058017727639034e-05
75121,37.39895664927749,1.0,560,681,1241,0.0008058017727639033,-0.0008333472224535399,0.9997582594681724,0.0
75122,37.39812330205503,1.0,560,681,1241,0.0,-0.0008333472224535399,0.9997582594681724,0.0
75123,37.39728995483258,1.0,560,681,1241,0.0,-0.0008333472224535399,0.9997582594681724,0.0
75124,37.396456607610126,1.0,560,681,1241,0.0,-0.0008333472224535399,0.9997582594681724,0.0
75125,37.39562326038767,1.0,560,681,1241,0.0,-0.0008333472224535399,0.9997582594681724,0.0
75126,37.39478991316522,1.0,560,681,1241,0.0,-0.0008333472224535399,0.9997582594681724,0.0
75127,37.393956565942766,1.0,560,681,1241,0.0,-0.0008333472224535399,0.9997582594681724,0.0
75128,37.39312321872031,1.0,560,681,1241,0.0,-0.0008333472224535399,0.9998388396454487,8.058017727639034e-05
75129,37.39228987149786,1.0,560,681,1241,0.0,-0.0008333472224535399,0.999919419822725,8.058017727639034e-05
75130,37.391456524275405,1.0,560,681,1241,0.0,-0.0008333472224535399,1.0000000000000013,8.058017727639034e-05
75131,37.39062317705295,0.9991941982272361,560,681,1241,-0.0008058017727639033,-0.0008333472224535399,0.999919419822725,-8.058017727639034e-05
75132,37.3897898298305,0.9991941982272361,560,681,1241,0.0,-0.0008333472224535399,0.9998388396454487,-8.058017727639034e-05
75133,37.388956482608044,1.0,560,681,1241,0.0008058017727639033,-0.0008333472224535399,0.9998388396454487,0.0
75134,37.38812313538559,1.0,560,681,1241,0.0,-0.0008333472224535399,0.9998388396454487,0.0
75135,37.38728978816314,1.0,560,681,1241,0.0,-0.0008333472224535399,0.9998388396454487,0.0
75136,37.386456440940684,1.0,560,681,1241,0.0,-0.0008333472224535399,0.9998388396454487,0.0
75137,37.38562309371823,1.0,560,681,1241,0.0,-0.0008333472224535399,0.9998388396454487,0.0
75138,37.38478974649578,1.0,560,681,1241,0.0,-0.0008333472224535399,0.9998388396454487,0.0
75139,37.38395639927332,0.9991941982272361,560,681,1241,-0.0008058017727639033,-0.0008333472224535399,0.9997582594681724,-8.058017727639034e-05
75140,37.38312305205086,0.9991941982272361,560,681,1241,0.0,-0.0008333472224606453,0.999677679290896,-8.058017727639034e-05
75141,37.38228970482841,1.0,560,681,1241,0.0008058017727639033,-0.0008333472224535399,0.9997582594681724,8.058017727639034e-05
75142,37.381456357605956,1.0,560,681,1241,0.0,-0.0008333472224535399,0.9998388396454487,8.058017727639034e-05
75143,37.3806230103835,1.0,560,681,1241,0.0,-0.0008333472224535399,0.9998388396454487,0.0
75144,37.37978966316105,1.0,560,681,1241,0.0,-0.0008333472224535399,0.9998388396454487,0.0
75145,37.378956315938595,1.0,560,681,1241,0.0,-0.0008333472224535399,0.9998388396454487,0.0
75146,37.37812296871614,1.0,560,681,1241,0.0,-0.0008333472224535399,0.9998388396454487,0.0
75147,37.37728962149369,1.0,560,681,1241,0.0,-0.0008333472224535399,0.9998388396454487,0.0
75148,37.376456274271234,1.0,560,681,1241,0.0,-0.0008333472224535399,0.9998388396454487,0.0
75149,37.37562292704878,1.0,560,681,1241,0.0,-0.0008333472224535399,0.999919419822725,8.058017727639034e-05
75150,37.37478957982633,0.9991941982272361,560,681,1241,-0.0008058017727639033,-0.0008333472224535399,0.999919419822725,0.0
75151,37.373956232603874,1.0,560,681,1241,0.0008058017727639033,-0.0008333472224535399,0.999919419822725,0.0
75152,37.37312288538142,1.0,560,681,1241,0.0,-0.0008333472224535399,0.999919419822725,0.0
75153,37.37228953815897,1.0,560,681,1241,0.0,-0.0008333472224535399,0.999919419822725,0.0
75154,37.37145619093651,0.9991941982272361,560,681,1241,-0.0008058017727639033,-0.0008333472224535399,0.9998388396454487,-8.058017727639034e-05
75155,37.37062284371406,1.0,560,681,1241,0.0008058017727639033,-0.0008333472224535399,0.9998388396454487,0.0
75156,37.369789496491606,0.9991941982272361,560,681,1241,-0.0008058017727639033,-0.0008333472224535399,0.9997582594681724,-8.058017727639034e-05
75157,37.36895614926915,0.9991941982272361,560,681,1241,0.0,-0.0008333472224535399,0.999677679290896,-8.058017727639034e-05
75158,37.3681228020467,0.9991941982272361,560,681,1241,0.0,-0.0008333472224535399,0.9995970991136197,-8.058017727639034e-05
75159,37.367289454824245,0.9991941982272361,560,681,1241,0.0,-0.0008333472224535399,0.9995165189363433,-8.058017727639034e-05
75160,37.36645610760179,0.9991941982272361,560,681,1241,0.0,-0.0008333472224535399,0.9995165189363433,0.0
75161,37.36562276037934,0.9991941982272361,560,681,1241,0.0,-0.0008333472224535399,0.999435938759067,-8.058017727639034e-05
75162,37.364789413156885,0.9991941982272361,560,681,1241,0.0,-0.0008333472224535399,0.9993553585817907,-8.058017727639034e-05
75163,37.36395606593443,0.9991941982272361,560,681,1241,0.0,-0.0008333472224535399,0.9992747784045143,-8.058017727639034e-05
75164,37.36312271871198,0.9991941982272361,560,681,1241,0.0,-0.0008333472224535399,0.9992747784045143,0.0
75165,37.362289371489524,0.9991941982272361,560,681,1241,0.0,-0.0008333472224535399,0.999194198227238,-8.058017727639034e-05
75166,37.36145602426707,0.9991941982272361,560,681,1241,0.0,-0.0008333472224535399,0.999194198227238,0.0
75167,37.36062267704462,0.9991941982272361,560,681,1241,0.0,-0.0008333472224535399,0.999194198227238,0.0
75168,37.35978932982216,0.9983883964544722,560,681,1241,-0.0008058017727639033,-0.0008333472224535399,0.9991136180499616,-8.058017727639034e-05
75169,37.35895598259971,0.9975825946817083,560,681,1241,-0.0008058017727639033,-0.0008333472224535399,0.9989524576954087,-0.00016116035455278067
75170,37.358122635377256,0.9991941982272361,560,681,1241,0.0016116035455278066,-0.0008333472224535399,0.9989524576954087,0.0
75171,37.3572892881548,1.0,560,681,1241,0.0008058017727639033,-0.0008333472224535399,0.999033037872685,8.058017727639034e-05
75172,37.35645594093235,1.0,560,681,1241,0.0,-0.0008333472224535399,0.9991136180499615,8.058017727639034e-05
75173,37.355622593709896,1.0,560,681,1241,0.0,-0.0008333472224535399,0.9991941982272378,8.058017727639034e-05
75174,37.35478924648744,1.0,560,681,1241,0.0,-0.0008333472224535399,0.9992747784045142,8.058017727639034e-05
75175,37.35395589926499,1.0,560,681,1241,0.0,-0.0008333472224535399,0.9993553585817905,8.058017727639034e-05
75176,37.353122552042535,1.0,560,681,1241,0.0,-0.0008333472224535399,0.9994359387590668,8.058017727639034e-05
75177,37.35228920482008,1.0,560,681,1241,0.0,-0.0008333472224535399,0.9995165189363432,8.058017727639034e-05
75178,37.35145585759763,1.0,560,681,1241,0.0,-0.0008333472224535399,0.999677679290896,0.00016116035455278067
75179,37.350622510375175,1.0,560,681,1241,0.0,-0.0008333472224535399,0.9999194198227253,0.00024174053182917098
75180,37.34978916315272,1.0,560,681,1241,0.0,-0.0008333472224535399,1.0000000000000016,8.058017727639034e-05
75181,37.34895581593027,1.0,560,681,1241,0.0,-0.0008333472224535399,1.0000000000000016,0.0
75182,37.348122468707814,1.0,560,681,1241,0.0,-0.0008333472224535399,1.0000000000000016,0.0
75183,37.34728912148536,1.0,560,681,1241,0.0,-0.0008333472224535399,1.0000000000000016,0.0
75184,37.34645577426291,1.0,560,681,1241,0.0,-0.0008333472224535399,1.0000000000000016,0.0
75185,37.34562242704045,0.9991941982272361,560,681,1241,-0.0008058017727639033,-0.0008333472224535399,0.9999194198227253,-8.058017727639034e-05
75186,37.344789079818,1.0,560,681,1241,0.0008058017727639033,-0.0008333472224535399,0.9999194198227253,0.0
75187,37.343955732595546,1.0,560,681,1241,0.0,-0.0008333472224535399,0.9999194198227253,0.0
75188,37.34312238537309,1.0,560,681,1241,0.0,-0.0008333472224535399,0.9999194198227253,0.0
75189,37.34228903815064,1.0,560,681,1241,0.0,-0.0008333472224535399,0.9999194198227253,0.0
75190,37.341455690928186,1.0,560,681,1241,0.0,-0.0008333472224535399,0.9999194198227253,0.0
75191,37.34062234370573,1.0,560,681,1241,0.0,-0.0008333472224535399,0.9999194198227253,0.0
75192,37.33978899648328,0.9991941982272361,560,681,1241,-0.0008058017727639033,-0.0008333472224535399,0.999838839645449,-8.058017727639034e-05
75193,37.33895564926082,0.9991941982272361,560,681,1241,0.0,-0.0008333472224606453,0.9997582594681725,-8.058017727639034e-05
75194,37.338122302038364,0.9991941982272361,560,681,1241,0.0,-0.0008333472224535399,0.9996776792908962,-8.058017727639034e-05
75195,37.33728895481591,1.0,560,681,1241,0.0008058017727639033,-0.0008333472224535399,0.9997582594681725,8.058017727639034e-05
75196,37.33645560759346,1.0,560,681,1241,0.0,-0.0008333472224535399,0.9997582594681725,0.0
75197,37.335622260371004,1.0,560,681,1241,0.0,-0.0008333472224535399,0.9997582594681725,0.0
75198,37.33478891314855,1.0,560,681,1241,0.0,-0.0008333472224535399,0.9997582594681725,0.0
75199,37.3339555659261,1.0,560,681,1241,0.0,-0.0008333472224535399,0.9997582594681725,0.0
75200,37.33312221870364,1.0,560,681,1241,0.0,-0.0008333472224535399,0.9997582594681725,0.0
75201,37.33228887148119,1.0,560,681,1241,0.0,-0.0008333472224535399,0.9997582594681725,0.0
75202,37.331455524258736,1.0,560,681,1241,0.0,-0.0008333472224535399,0.999838839645449,8.058017727639034e-05
75203,37.33062217703628,1.0,560,681,1241,0.0,-0.0008333472224535399,0.9999194198227253,8.058017727639034e-05
75204,37.32978882981383,1.0,560,681,1241,0.0,-0.0008333472224535399,1.0000000000000016,8.058017727639034e-05
75205,37.328955482591375,1.0,560,681,1241,0.0,-0.0008333472224535399,1.0000000000000016,0.0
75206,37.32812213536892,1.0,560,681,1241,0.0,-0.0008333472224535399,1.0000000000000016,0.0
75207,37.32728878814647,1.0,560,681,1241,0.0,-0.0008333472224535399,1.0000000000000016,0.0
75208,37.326455440924015,0.9991941982272361,560,681,1241,-0.0008058017727639033,-0.0008333472224535399,0.9999194198227253,-8.058017727639034e-05
75209,37.32562209370156,0.9991941982272361,560,681,1241,0.0,-0.0008333472224535399,0.999838839645449,-8.058017727639034e-05
75210,37.32478874647911,0.9991941982272361,560,681,1241,0.0,-0.0008333472224535399,0.9997582594681725,-8.058017727639034e-05
75211,37.323955399256654,0.9991941982272361,560,681,1241,0.0,-0.0008333472224535399,0.9996776792908962,-8.058017727639034e-05
75212,37.3231220520342,1.0,560,681,1241,0.0008058017727639033,-0.0008333472224535399,0.9996776792908962,0.0
75213,37.32228870481175,1.0,560,681,1241,0.0,-0.0008333472224535399,0.9996776792908962,0.0
75214,37.321455357589294,1.0,560,681,1241,0.0,-0.0008333472224535399,0.9996776792908962,0.0
75215,37.32062201036684,1.0,560,681,1241,0.0,-0.0008333472224535399,0.9996776792908962,0.0
75216,37.31978866314439,1.0,560,681,1241,0.0,-0.0008333472224535399,0.9996776792908962,0.0
75217,37.31895531592193,1.0,560,681,1241,0.0,-0.0008333472224535399,0.9996776792908962,0.0
75218,37.31812196869948,1.0,560,681,1241,0.0,-0.0008333472224535399,0.9997582594681725,8.058017727639034e-05
75219,37.317288621477026,1.0,560,681,1241,0.0,-0.0008333472224535399,0.999838839645449,8.058017727639034e-05
75220,37.31645527425457,1.0,560,681,1241,0.0,-0.0008333472224535399,0.9999194198227253,8.058017727639034e-05
75221,37.31562192703212,0.9991941982272361,560,681,1241,-0.0008058017727639033,-0.0008333472224535399,0.9999194198227253,0.0
75222,37.314788579809665,1.0,560,681,1241,0.0008058017727639033,-0.0008333472224535399,0.9999194198227253,0.0
75223,37.31395523258721,1.0,560,681,1241,0.0,-0.0008333472224535399,0.9999194198227253,0.0
75224,37.31312188536476,1.0,560,681,1241,0.0,-0.0008333472224535399,0.9999194198227253,0.0
75225,37.3122885381423,1.0,560,681,1241,0.0,-0.0008333472224606453,0.9999194198227253,0.0
75226,37.311455190919844,1.0,560,681,1241,0.0,-0.0008333472224535399,0.9999194198227253,0.0
75227,37.31062184369739,0.9991941982272361,560,681,1241,-0.0008058017727639033,-0.0008333472224535399,0.999838839645449,-8.058017727639034e-05
75228,37.30978849647494,0.9991941982272361,560,681,1241,0.0,-0.0008333472224535399,0.9997582594681725,-8.058017727639034e-05
75229,37.30895514925248,0.9991941982272361,560,681,1241,0.0,-0.0008333472224535399,0.9996776792908962,-8.058017727639034e-05
75230,37.30812180203003,0.9991941982272361,560,681,1241,0.0,-0.0008333472224535399,0.9995970991136198,-8.058017727639034e-05
75231,37.307288454807576,1.0,560,681,1241,0.0008058017727639033,-0.0008333472224535399,0.9996776792908962,8.058017727639034e-05
75232,37.30645510758512,1.0,560,681,1241,0.0,-0.0008333472224535399,0.9996776792908962,0.0
75233,37.30562176036267,1.0,560,681,1241,0.0,-0.0008333472224535399,0.9996776792908962,0.0
75234,37.304788413140216,1.0,560,681,1241,0.0,-0.0008333472224535399,0.9996776792908962,0.0
75235,37.30395506591776,1.0,560,681,1241,0.0,-0.0008333472224535399,0.9996776792908962,0.0
75236,37.30312171869531,1.0,560,681,1241,0.0,-0.0008333472224535399,0.9996776792908962,0.0
75237,37.302288371472855,0.9991941982272361,560,681,1241,-0.0008058017727639033,-0.0008333472224535399,0.9996776792908962,0.0
75238,37.3014550242504,0.9991941982272361,560,681,1241,0.0,-0.0008333472224535399,0.9996776792908962,0.0
75239,37.30062167702795,1.0,560,681,1241,0.0008058017727639033,-0.0008333472224535399,0.9997582594681725,8.058017727639034e-05
75240,37.299788329805494,1.0,560,681,1241,0.0,-0.0008333472224535399,0.999838839645449,8.058017727639034e-05
75241,37.29895498258304,1.0,560,681,1241,0.0,-0.0008333472224535399,0.999838839645449,0.0
75242,37.29812163536059,1.0,560,681,1241,0.0,-0.0008333472224535399,0.999838839645449,0.0
75243,37.297288288138134,1.0,560,681,1241,0.0,-0.0008333472224535399,0.999838839645449,0.0
75244,37.29645494091568,0.9991941982272361,560,681,1241,-0.0008058017727639033,-0.0008333472224535399,0.9997582594681725,-8.058017727639034e-05
75245,37.29562159369323,0.9991941982272361,560,681,1241,0.0,-0.0008333472224535399,0.9996776792908962,-8.058017727639034e-05
75246,37.29478824647077,0.9991941982272361,560,681,1241,0.0,-0.0008333472224535399,0.9995970991136198,-8.058017727639034e-05
75247,37.29395489924832,0.9991941982272361,560,681,1241,0.0,-0.0008333472224535399,0.9995970991136198,0.0
75248,37.293121552025866,0.9991941982272361,560,681,1241,0.0,-0.0008333472224535399,0.9995970991136198,0.0
75249,37.29228820480341,1.0,560,681,1241,0.0008058017727639033,-0.0008333472224535399,0.9995970991136198,0.0
75250,37.29145485758096,1.0,560,681,1241,0.0,-0.0008333472224535399,0.9995970991136198,0.0
75251,37.290621510358505,1.0,560,681,1241,0.0,-0.0008333472224535399,0.9995970991136198,0.0
75252,37.28978816313605,1.0,560,681,1241,0.0,-0.0008333472224535399,0.9995970991136198,0.0
75253,37.2889548159136,1.0,560,681,1241,0.0,-0.0008333472224535399,0.9995970991136198,0.0
75254,37.288121468691145,1.0,560,681,1241,0.0,-0.0008333472224535399,0.9996776792908962,8.058017727639034e-05
75255,37.28728812146869,1.0,560,681,1241,0.0,-0.0008333472224535399,0.9997582594681725,8.058017727639034e-05
75256,37.28645477424624,1.0,560,681,1241,0.0,-0.0008333472224535399,0.999838839645449,8.058017727639034e-05
75257,37.285621427023784,1.0,560,681,1241,0.0,-0.0008333472224535399,0.9999194198227253,8.058017727639034e-05
75258,37.28478807980133,1.0,560,681,1241,0.0,-0.0008333472224535399,1.0000000000000016,8.058017727639034e-05
75259,37.28395473257888,1.0,560,681,1241,0.0,-0.0008333472224535399,1.0000000000000016,0.0
75260,37.283121385356424,1.0,560,681,1241,0.0,-0.0008333472224535399,1.0000000000000016,0.0
75261,37.28228803813397,1.0,560,681,1241,0.0,-0.0008333472224535399,1.0000000000000016,0.0
75262,37.28145469091152,1.0,560,681,1241,0.0,-0.0008333472224535399,1.0000000000000016,0.0
75263,37.28062134368906,1.0,560,681,1241,0.0,-0.0008333472224535399,1.0000000000000016,0.0
75264,37.27978799646661,1.0,560,681,1241,0.0,-0.0008333472224535399,1.0000000000000016,0.0
75265,37.278954649244156,1.0,560,681,1241,0.0,-0.0008333472224535399,1.0000000000000016,0.0
75266,37.2781213020217,1.0,560,681,1241,0.0,-0.0008333472224535399,1.0000000000000016,0.0
75267,37.27728795479925,1.0,560,681,1241,0.0,-0.0008333472224535399,1.0000000000000016,0.0
75268,37.276454607576795,1.0,560,681,1241,0.0,-0.0008333472224535399,1.0000000000000016,0.0
75269,37.27562126035434,1.0,560,681,1241,0.0,-0.0008333472224535399,1.0000000000000016,0.0
75270,37.27478791313189,1.0,560,681,1241,0.0,-0.0008333472224535399,1.0000000000000016,0.0
75271,37.273954565909435,1.0,560,681,1241,0.0,-0.0008333472224535399,1.0000000000000016,0.0
75272,37.27312121868698,1.0,560,681,1241,0.0,-0.0008333472224535399,1.0000000000000016,0.0
75273,37.27228787146453,1.0,560,681,1241,0.0,-0.0008333472224535399,1.0000000000000016,0.0
75274,37.271454524242074,1.0,560,681,1241,0.0,-0.0008333472224535399,1.0000000000000016,0.0
75275,37.27062117701962,1.0,560,681,1241,0.0,-0.0008333472224535399,1.0000000000000016,0.0
75276,37.26978782979717,1.0,560,681,1241,0.0,-0.0008333472224535399,1.0000000000000016,0.0
75277,37.26895448257471,1.0,560,681,1241,0.0,-0.0008333472224535399,1.0000000000000016,0.0
75278,37.26812113535225,1.0,560,681,1241,0.0,-0.0008333472224606453,1.0000000000000016,0.0
75279,37.2672877881298,1.0,560,681,1241,0.0,-0.0008333472224535399,1.0000000000000016,0.0
75280,37.266454440907346,1.0,560,681,1241,0.0,-0.0008333472224535399,1.0000000000000016,0.0
75281,37.26562109368489,1.0,560,681,1241,0.0,-0.0008333472224535399,1.0000000000000016,0.0
75282,37.26478774646244,1.0,560,681,1241,0.0,-0.0008333472224535399,1.0000000000000016,0.0
75283,37.263954399239985,1.0,560,681,1241,0.0,-0.0008333472224535399,1.0000000000000016,0.0
75284,37.26312105201753,0.9991941982272361,560,681,1241,-0.0008058017727639033,-0.0008333472224535399,0.9999194198227253,-8.058017727639034e-05
75285,37.26228770479508,0.9991941982272361,560,681,1241,0.0,-0.0008333472224535399,0.999838839645449,-8.058017727639034e-05
75286,37.261454357572624,0.9991941982272361,560,681,1241,0.0,-0.0008333472224535399,0.9997582594681725,-8.058017727639034e-05
75287,37.26062101035017,0.9991941982272361,560,681,1241,0.0,-0.0008333472224535399,0.9996776792908962,-8.058017727639034e-05
75288,37.25978766312772,0.9991941982272361,560,681,1241,0.0,-0.0008333472224535399,0.9995970991136198,-8.058017727639034e-05
75289,37.258954315905264,1.0,560,681,1241,0.0008058017727639033,-0.0008333472224535399,0.9995970991136198,0.0
75290,37.25812096868281,1.0,560,681,1241,0.0,-0.0008333472224535399,0.9995970991136198,0.0
75291,37.25728762146036,0.9991941982272361,560,681,1241,-0.0008058017727639033,-0.0008333472224535399,0.9995165189363435,-8.058017727639034e-05
75292,37.2564542742379,0.9991941982272361,560,681,1241,0.0,-0.0008333472224535399,0.9994359387590672,-8.058017727639034e-05
75293,37.25562092701545,1.0,560,681,1241,0.0008058017727639033,-0.0008333472224535399,0.9994359387590672,0.0
75294,37.254787579792996,1.0,560,681,1241,0.0,-0.0008333472224535399,0.9995165189363435,8.058017727639034e-05
75295,37.25395423257054,1.0,560,681,1241,0.0,-0.0008333472224535399,0.9995970991136198,8.058017727639034e-05
75296,37.25312088534809,1.0,560,681,1241,0.0,-0.0008333472224535399,0.9996776792908962,8.058017727639034e-05
75297,37.252287538125636,1.0,560,681,1241,0.0,-0.0008333472224535399,0.9997582594681725,8.058017727639034e-05
75298,37.25145419090318,1.0,560,681,1241,0.0,-0.0008333472224535399,0.999838839645449,8.058017727639034e-05
75299,37.25062084368073,1.0,560,681,1241,0.0,-0.0008333472224535399,0.999838839645449,0.0
75300,37.249787496458275,1.0,560,681,1241,0.0,-0.0008333472224535399,0.999838839645449,0.0
75301,37.24895414923582,1.0,560,681,1241,0.0,-0.0008333472224535399,0.9999194198227253,8.058017727639034e-05
75302,37.24812080201337,1.0,560,681,1241,0.0,-0.0008333472224535399,1.0000000000000016,8.058017727639034e-05
75303,37.247287454790914,1.0,560,681,1241,0.0,-0.0008333472224535399,1.0000000000000016,0.0
75304,37.24645410756846,1.0,560,681,1241,0.0,-0.0008333472224535399,1.0000000000000016,0.0
75305,37.24562076034601,1.0,560,681,1241,0.0,-0.0008333472224535399,1.0000000000000016,0.0
75306,37.244787413123554,1.0,560,681,1241,0.0,-0.0008333472224535399,1.0000000000000016,0.0
75307,37.2439540659011,1.0,560,681,1241,0.0,-0.0008333472224535399,1.0000000000000016,0.0
75308,37.24312071867865,1.0,560,681,1241,0.0,-0.0008333472224535399,1.0000000000000016,0.0
75309,37.24228737145619,1.0,560,681,1241,0.0,-0.0008333472224535399,1.0000000000000016,0.0
75310,37.24145402423373,1.0,560,681,1241,0.0,-0.0008333472224606453,1.0000000000000016,0.0
75311,37.24062067701128,1.0,560,681,1241,0.0,-0.0008333472224535399,1.0000000000000016,0.0
75312,37.239787329788825,1.0,560,681,1241,0.0,-0.0008333472224535399,1.0000000000000016,0.0
75313,37.23895398256637,1.0,560,681,1241,0.0,-0.0008333472224535399,1.0000000000000016,0.0
75314,37.23812063534392,1.0,560,681,1241,0.0,-0.0008333472224535399,1.0000000000000016,0.0
75315,37.237287288121465,1.0,560,681,1241,0.0,-0.0008333472224535399,1.0000000000000016,0.0
75316,37.23645394089901,1.0,560,681,1241,0.0,-0.0008333472224535399,1.0000000000000016,0.0
75317,37.23562059367656,1.0,560,681,1241,0.0,-0.0008333472224535399,1.0000000000000016,0.0
75318,37.234787246454104,1.0,560,681,1241,0.0,-0.0008333472224535399,1.0000000000000016,0.0
75319,37.23395389923165,1.0,560,681,1241,0.0,-0.0008333472224535399,1.0000000000000016,0.0
75320,37.2331205520092,1.0,560,681,1241,0.0,-0.0008333472224535399,1.0000000000000016,0.0
75321,37.23228720478674,0.9991941982272361,560,681,1241,-0.0008058017727639033,-0.0008333472224535399,0.9999194198227253,-8.058017727639034e-05
75322,37.23145385756429,0.9991941982272361,560,681,1241,0.0,-0.0008333472224535399,0.999838839645449,-8.058017727639034e-05
75323,37.230620510341836,0.9991941982272361,560,681,1241,0.0,-0.0008333472224535399,0.9997582594681725,-8.058017727639034e-05
75324,37.22978716311938,1.0,560,681,1241,0.0008058017727639033,-0.0008333472224535399,0.9997582594681725,0.0
75325,37.22895381589693,1.0,560,681,1241,0.0,-0.0008333472224535399,0.9997582594681725,0.0
75326,37.228120468674476,1.0,560,681,1241,0.0,-0.0008333472224535399,0.9997582594681725,0.0
75327,37.22728712145202,0.9991941982272361,560,681,1241,-0.0008058017727639033,-0.0008333472224535399,0.9996776792908962,-8.058017727639034e-05
75328,37.22645377422957,0.9991941982272361,560,681,1241,0.0,-0.0008333472224535399,0.9995970991136198,-8.058017727639034e-05
75329,37.225620427007115,0.9991941982272361,560,681,1241,0.0,-0.0008333472224535399,0.9995165189363435,-8.058017727639034e-05
75330,37.22478707978466,1.0,560,681,1241,0.0008058017727639033,-0.0008333472224535399,0.9995165189363435,0.0
75331,37.22395373256221,1.0,560,681,1241,0.0,-0.0008333472224535399,0.9995970991136198,8.058017727639034e-05
75332,37.223120385339755,1.0,560,681,1241,0.0,-0.0008333472224535399,0.9996776792908962,8.058017727639034e-05
75333,37.2222870381173,1.0,560,681,1241,0.0,-0.0008333472224535399,0.9997582594681725,8.058017727639034e-05
75334,37.22145369089485,1.0,560,681,1241,0.0,-0.0008333472224535399,0.9997582594681725,0.0
75335,37.220620343672394,1.0,560,681,1241,0.0,-0.0008333472224535399,0.9997582594681725,0.0
75336,37.21978699644994,1.0,560,681,1241,0.0,-0.0008333472224535399,0.9997582594681725,0.0
75337,37.21895364922749,1.0,560,681,1241,0.0,-0.0008333472224535399,0.999838839645449,8.058017727639034e-05
75338,37.21812030200503,1.0,560,681,1241,0.0,-0.0008333472224535399,0.9999194198227253,8.058017727639034e-05
75339,37.21728695478258,1.0,560,681,1241,0.0,-0.0008333472224535399,1.0000000000000016,8.058017727639034e-05
75340,37.216453607560126,1.0,560,681,1241,0.0,-0.0008333472224535399,1.0000000000000016,0.0
75341,37.21562026033767,0.9991941982272361,560,681,1241,-0.0008058017727639033,-0.0008333472224535399,0.9999194198227253,-8.058017727639034e-05
75342,37.21478691311522,1.0,560,681,1241,0.0008058017727639033,-0.0008333472224535399,0.9999194198227253,0.0
75343,37.213953565892766,1.0,560,681,1241,0.0,-0.0008333472224535399,0.9999194198227253,0.0
75344,37.21312021867031,1.0,560,681,1241,0.0,-0.0008333472224535399,0.9999194198227253,0.0
75345,37.21228687144786,1.0,560,681,1241,0.0,-0.0008333472224535399,0.9999194198227253,0.0
75346,37.211453524225405,0.9991941982272361,560,681,1241,-0.0008058017727639033,-0.0008333472224535399,0.999838839645449,-8.058017727639034e-05
75347,37.21062017700295,0.9991941982272361,560,681,1241,0.0,-0.0008333472224535399,0.9997582594681725,-8.058017727639034e-05
75348,37.2097868297805,1.0,560,681,1241,0.0008058017727639033,-0.0008333472224535399,0.9997582594681725,0.0
75349,37.208953482558044,0.9991941982272361,560,681,1241,-0.0008058017727639033,-0.0008333472224535399,0.9996776792908962,-8.058017727639034e-05
75350,37.20812013533559,0.9991941982272361,560,681,1241,0.0,-0.0008333472224535399,0.9995970991136198,-8.058017727639034e-05
75351,37.20728678811314,0.9991941982272361,560,681,1241,0.0,-0.0008333472224535399,0.9995970991136198,0.0
75352,37.206453440890684,1.0,560,681,1241,0.0008058017727639033,-0.0008333472224535399,0.9995970991136198,0.0
75353,37.20562009366823,1.0,560,681,1241,0.0,-0.0008333472224535399,0.9995970991136198,0.0
75354,37.20478674644578,1.0,560,681,1241,0.0,-0.0008333472224535399,0.9995970991136198,0.0
75355,37.20395339922332,1.0,560,681,1241,0.0,-0.0008333472224535399,0.9995970991136198,0.0
75356,37.20312005200087,1.0,560,681,1241,0.0,-0.0008333472224535399,0.9996776792908962,8.058017727639034e-05
75357,37.202286704778416,1.0,560,681,1241,0.0,-0.0008333472224535399,0.9997582594681725,8.058017727639034e-05
75358,37.20145335755596,1.0,560,681,1241,0.0,-0.0008333472224535399,0.9997582594681725,0.0
75359,37.20062001033351,1.0,560,681,1241,0.0,-0.0008333472224535399,0.999838839645449,8.058017727639034e-05
75360,37.199786663111055,1.0,560,681,1241,0.0,-0.0008333472224535399,0.9999194198227253,8.058017727639034e-05
75361,37.1989533158886,1.0,560,681,1241,0.0,-0.0008333472224535399,1.0000000000000016,8.058017727639034e-05
75362,37.19811996866614,1.0,560,681,1241,0.0,-0.0008333472224606453,1.0000000000000016,0.0
75363,37.19728662144369,1.0,560,681,1241,0.0,-0.0008333472224535399,1.0000000000000016,0.0
75364,37.196453274221234,1.0,560,681,1241,0.0,-0.0008333472224535399,1.0000000000000016,0.0
75365,37.19561992699878,1.0,560,681,1241,0.0,-0.0008333472224535399,1.0000000000000016,0.0
75366,37.19478657977633,1.0,560,681,1241,0.0,-0.0008333472224535399,1.0000000000000016,0.0
75367,37.19395323255387,1.0,560,681,1241,0.0,-0.0008333472224535399,1.0000000000000016,0.0
75368,37.19311988533142,1.0,560,681,1241,0.0,-0.0008333472224535399,1.0000000000000016,0.0
75369,37.19228653810897,1.0,560,681,1241,0.0,-0.0008333472224535399,1.0000000000000016,0.0
75370,37.19145319088651,1.0,560,681,1241,0.0,-0.0008333472224535399,1.0000000000000016,0.0
75371,37.19061984366406,1.0,560,681,1241,0.0,-0.0008333472224535399,1.0000000000000016,0.0
75372,37.189786496441606,1.0,560,681,1241,0.0,-0.0008333472224535399,1.0000000000000016,0.0
75373,37.18895314921915,1.0,560,681,1241,0.0,-0.0008333472224535399,1.0000000000000016,0.0
75374,37.1881198019967,1.0,560,681,1241,0.0,-0.0008333472224535399,1.0000000000000016,0.0
75375,37.187286454774245,1.0,560,681,1241,0.0,-0.0008333472224535399,1.0000000000000016,0.0
75376,37.18645310755179,1.0,560,681,1241,0.0,-0.0008333472224535399,1.0000000000000016,0.0
75377,37.18561976032934,1.0,560,681,1241,0.0,-0.0008333472224535399,1.0000000000000016,0.0
75378,37.184786413106885,1.0,560,681,1241,0.0,-0.0008333472224535399,1.0000000000000016,0.0
75379,37.18395306588443,1.0,560,681,1241,0.0,-0.0008333472224535399,1.0000000000000016,0.0
75380,37.18311971866198,1.0,560,681,1241,0.0,-0.0008333472224535399,1.0000000000000016,0.0
75381,37.182286371439524,1.0,560,681,1241,0.0,-0.0008333472224535399,1.0000000000000016,0.0
75382,37.18145302421707,1.0,560,681,1241,0.0,-0.0008333472224535399,1.0000000000000016,0.0
75383,37.18061967699462,0.9991941982272361,560,681,1241,-0.0008058017727639033,-0.0008333472224535399,0.9999194198227253,-8.058017727639034e-05
75384,37.17978632977216,0.9991941982272361,560,681,1241,0.0,-0.0008333472224535399,0.999838839645449,-8.058017727639034e-05
75385,37.17895298254971,0.9991941982272361,560,681,1241,0.0,-0.0008333472224535399,0.9997582594681725,-8.058017727639034e-05
75386,37.178119635327256,0.9991941982272361,560,681,1241,0.0,-0.0008333472224535399,0.9996776792908962,-8.058017727639034e-05
75387,37.1772862881048,1.0,560,681,1241,0.0008058017727639033,-0.0008333472224535399,0.9996776792908962,0.0
75388,37.17645294088235,0.9991941982272361,560,681,1241,-0.0008058017727639033,-0.0008333472224535399,0.9995970991136198,-8.058017727639034e-05
75389,37.175619593659896,0.9991941982272361,560,681,1241,0.0,-0.0008333472224535399,0.9995165189363435,-8.058017727639034e-05
75390,37.17478624643744,0.9991941982272361,560,681,1241,0.0,-0.0008333472224535399,0.9994359387590672,-8.058017727639034e-05
75391,37.17395289921499,1.0,560,681,1241,0.0008058017727639033,-0.0008333472224535399,0.9994359387590672,0.0
75392,37.173119551992535,1.0,560,681,1241,0.0,-0.0008333472224535399,0.9994359387590672,0.0
75393,37.17228620477008,0.9991941982272361,560,681,1241,-0.0008058017727639033,-0.0008333472224535399,0.9994359387590672,0.0
75394,37.17145285754762,0.9991941982272361,560,681,1241,0.0,-0.0008333472224606453,0.9994359387590672,0.0
75395,37.17061951032517,0.9991941982272361,560,681,1241,0.0,-0.0008333472224535399,0.9994359387590672,0.0
75396,37.169786163102714,0.9991941982272361,560,681,1241,0.0,-0.0008333472224535399,0.9994359387590672,0.0
75397,37.16895281588026,0.9991941982272361,560,681,1241,0.0,-0.0008333472224535399,0.9993553585817908,-8.058017727639034e-05
75398,37.16811946865781,0.9991941982272361,560,681,1241,0.0,-0.0008333472224535399,0.9993553585817908,0.0
75399,37.16728612143535,0.9991941982272361,560,681,1241,0.0,-0.0008333472224535399,0.9993553585817908,0.0
75400,37.1664527742129,0.9991941982272361,560,681,1241,0.0,-0.0008333472224535399,0.9993553585817908,0.0
75401,37.165619426990446,1.0,560,681,1241,0.0008058017727639033,-0.0008333472224535399,0.9993553585817908,0.0
75402,37.16478607976799,1.0,560,681,1241,0.0,-0.0008333472224535399,0.9993553585817908,0.0
75403,37.16395273254554,1.0,560,681,1241,0.0,-0.0008333472224535399,0.9994359387590672,8.058017727639034e-05
75404,37.163119385323085,1.0,560,681,1241,0.0,-0.0008333472224535399,0.9995165189363435,8.058017727639034e-05
75405,37.16228603810063,1.0,560,681,1241,0.0,-0.0008333472224535399,0.9995970991136198,8.058017727639034e-05
75406,37.16145269087818,1.0,560,681,1241,0.0,-0.0008333472224535399,0.9996776792908962,8.058017727639034e-05
75407,37.160619343655725,0.9991941982272361,560,681,1241,-0.0008058017727639033,-0.0008333472224535399,0.9996776792908962,0.0
75408,37.15978599643327,0.9991941982272361,560,681,1241,0.0,-0.0008333472224535399,0.9996776792908962,0.0
75409,37.15895264921082,0.9991941982272361,560,681,1241,0.0,-0.0008333472224535399,0.9996776792908962,0.0
75410,37.158119301988364,1.0,560,681,1241,0.0008058017727639033,-0.0008333472224535399,0.9997582594681725,8.058017727639034e-05
75411,37.15728595476591,1.0,560,681,1241,0.0,-0.0008333472224535399,0.9997582594681725,0.0
75412,37.15645260754346,1.0,560,681,1241,0.0,-0.0008333472224535399,0.9997582594681725,0.0
75413,37.155619260321004,1.0,560,681,1241,0.0,-0.0008333472224535399,0.9997582594681725,0.0
75414,37.15478591309855,1.0,560,681,1241,0.0,-0.0008333472224535399,0.9997582594681725,0.0
75415,37.1539525658761,1.0,560,681,1241,0.0,-0.0008333472224535399,0.9997582594681725,0.0
75416,37.15311921865364,1.0,560,681,1241,0.0,-0.0008333472224535399,0.9997582594681725,0.0
75417,37.15228587143119,1.0,560,681,1241,0.0,-0.0008333472224535399,0.999838839645449,8.058017727639034e-05
75418,37.151452524208736,1.0,560,681,1241,0.0,-0.0008333472224535399,0.9999194198227253,8.058017727639034e-05
75419,37.15061917698628,1.0,560,681,1241,0.0,-0.0008333472224535399,1.0000000000000016,8.058017727639034e-05
75420,37.14978582976383,1.0,560,681,1241,0.0,-0.0008333472224535399,1.0000000000000016,0.0
75421,37.148952482541375,1.0,560,681,1241,0.0,-0.0008333472224535399,1.0000000000000016,0.0
75422,37.14811913531892,1.0,560,681,1241,0.0,-0.0008333472224535399,1.0000000000000016,0.0
75423,37.14728578809647,1.0,560,681,1241,0.0,-0.0008333472224535399,1.0000000000000016,0.0
75424,37.146452440874015,1.0,560,681,1241,0.0,-0.0008333472224535399,1.0000000000000016,0.0
75425,37.14561909365156,1.0,560,681,1241,0.0,-0.0008333472224535399,1.0000000000000016,0.0
75426,37.14478574642911,1.0,560,681,1241,0.0,-0.0008333472224535399,1.0000000000000016,0.0
75427,37.143952399206654,1.0,560,681,1241,0.0,-0.0008333472224535399,1.0000000000000016,0.0
75428,37.1431190519842,0.9991941982272361,560,681,1241,-0.0008058017727639033,-0.0008333472224535399,0.9999194198227253,-8.058017727639034e-05
75429,37.14228570476175,0.9991941982272361,560,681,1241,0.0,-0.0008333472224535399,0.999838839645449,-8.058017727639034e-05
75430,37.14145235753929,0.9991941982272361,560,681,1241,0.0,-0.0008333472224535399,0.9997582594681725,-8.058017727639034e-05
75431,37.14061901031684,0.9991941982272361,560,681,1241,0.0,-0.0008333472224535399,0.9996776792908962,-8.058017727639034e-05
75432,37.139785663094386,0.9991941982272361,560,681,1241,0.0,-0.0008333472224535399,0.9995970991136198,-8.058017727639034e-05
75433,37.13895231587193,0.9991941982272361,560,681,1241,0.0,-0.0008333472224535399,0.9995165189363435,-8.058017727639034e-05
75434,37.13811896864948,0.9991941982272361,560,681,1241,0.0,-0.0008333472224535399,0.9994359387590672,-8.058017727639034e-05
75435,37.137285621427026,0.9991941982272361,560,681,1241,0.0,-0.0008333472224535399,0.9993553585817908,-8.058017727639034e-05
75436,37.13645227420457,0.9991941982272361,560,681,1241,0.0,-0.0008333472224535399,0.9992747784045145,-8.058017727639034e-05
75437,37.13561892698212,0.9983883964544722,560,681,1241,-0.0008058017727639033,-0.0008333472224535399,0.9991136180499616,-0.00016116035455278067
75438,37.134785579759665,0.9975825946817083,560,681,1241,-0.0008058017727639033,-0.0008333472224535399,0.9989524576954087,-0.00016116035455278067
75439,37.13395223253721,0.9983883964544722,560,681,1241,0.0008058017727639033,-0.0008333472224535399,0.9988718775181322,-8.058017727639034e-05
75440,37.13311888531476,0.9991941982272361,560,681,1241,0.0008058017727639033,-0.0008333472224535399,0.9988718775181322,0.0
75441,37.132285538092304,0.9991941982272361,560,681,1241,0.0,-0.0008333472224535399,0.9988718775181322,0.0
75442,37.13145219086985,0.9991941982272361,560,681,1241,0.0,-0.0008333472224535399,0.9988718775181322,0.0
75443,37.1306188436474,0.9991941982272361,560,681,1241,0.0,-0.0008333472224535399,0.9988718775181322,0.0
75444,37.129785496424944,0.9991941982272361,560,681,1241,0.0,-0.0008333472224535399,0.9988718775181322,0.0
75445,37.12895214920249,0.9991941982272361,560,681,1241,0.0,-0.0008333472224535399,0.9988718775181322,0.0
75446,37.12811880198004,0.9991941982272361,560,681,1241,0.0,-0.0008333472224535399,0.9988718775181322,0.0
75447,37.127285454757576,0.9991941982272361,560,681,1241,0.0,-0.0008333472224606453,0.9989524576954085,8.058017727639034e-05
75448,37.12645210753512,0.9991941982272361,560,681,1241,0.0,-0.0008333472224535399,0.9991136180499615,0.00016116035455278067
75449,37.12561876031267,0.9991941982272361,560,681,1241,0.0,-0.0008333472224535399,0.999194198227238,8.058017727639034e-05
75450,37.124785413090216,0.9991941982272361,560,681,1241,0.0,-0.0008333472224535399,0.999194198227238,0.0
75451,37.12395206586776,0.9991941982272361,560,681,1241,0.0,-0.0008333472224535399,0.999194198227238,0.0
75452,37.12311871864531,0.9991941982272361,560,681,1241,0.0,-0.0008333472224535399,0.999194198227238,0.0
75453,37.122285371422855,0.9983883964544722,560,681,1241,-0.0008058017727639033,-0.0008333472224535399,0.9991136180499616,-8.058017727639034e-05
75454,37.1214520242004,0.9991941982272361,560,681,1241,0.0008058017727639033,-0.0008333472224535399,0.9991136180499616,0.0
75455,37.12061867697795,0.9991941982272361,560,681,1241,0.0,-0.0008333472224535399,0.9991136180499616,0.0
75456,37.119785329755494,1.0,560,681,1241,0.0008058017727639033,-0.0008333472224535399,0.999194198227238,8.058017727639034e-05
75457,37.11895198253304,1.0,560,681,1241,0.0,-0.0008333472224535399,0.9992747784045143,8.058017727639034e-05
75458,37.11811863531059,1.0,560,681,1241,0.0,-0.0008333472224535399,0.9993553585817907,8.058017727639034e-05
75459,37.117285288088134,0.9991941982272361,560,681,1241,-0.0008058017727639033,-0.0008333472224535399,0.9993553585817907,0.0
75460,37.11645194086568,1.0,560,681,1241,0.0008058017727639033,-0.0008333472224535399,0.999435938759067,8.058017727639034e-05
75461,37.11561859364323,1.0,560,681,1241,0.0,-0.0008333472224535399,0.9995165189363433,8.058017727639034e-05
75462,37.11478524642077,1.0,560,681,1241,0.0,-0.0008333472224535399,0.9995970991136197,8.058017727639034e-05
75463,37.11395189919832,1.0,560,681,1241,0.0,-0.0008333472224535399,0.9997582594681724,0.00016116035455278067
75464,37.113118551975866,1.0,560,681,1241,0.0,-0.0008333472224535399,0.9998388396454487,8.058017727639034e-05
75465,37.11228520475341,1.0,560,681,1241,0.0,-0.0008333472224535399,0.999919419822725,8.058017727639034e-05
75466,37.11145185753096,1.0,560,681,1241,0.0,-0.0008333472224535399,0.999919419822725,0.0
75467,37.110618510308505,1.0,560,681,1241,0.0,-0.0008333472224535399,0.999919419822725,0.0
75468,37.10978516308605,0.9991941982272361,560,681,1241,-0.0008058017727639033,-0.0008333472224535399,0.9998388396454487,-8.058017727639034e-05
75469,37.1089518158636,0.9991941982272361,560,681,1241,0.0,-0.0008333472224535399,0.9998388396454487,0.0
75470,37.108118468641145,0.9991941982272361,560,681,1241,0.0,-0.0008333472224535399,0.9997582594681724,-8.058017727639034e-05
75471,37.10728512141869,0.9991941982272361,560,681,1241,0.0,-0.0008333472224535399,0.999677679290896,-8.058017727639034e-05
75472,37.10645177419624,1.0,560,681,1241,0.0008058017727639033,-0.0008333472224535399,0.999677679290896,0.0
75473,37.105618426973784,1.0,560,681,1241,0.0,-0.0008333472224535399,0.999677679290896,0.0
75474,37.10478507975133,1.0,560,681,1241,0.0,-0.0008333472224535399,0.999677679290896,0.0
75475,37.10395173252888,1.0,560,681,1241,0.0,-0.0008333472224535399,0.999677679290896,0.0
75476,37.10311838530642,1.0,560,681,1241,0.0,-0.0008333472224535399,0.999677679290896,0.0
75477,37.10228503808397,1.0,560,681,1241,0.0,-0.0008333472224535399,0.999677679290896,0.0
75478,37.101451690861516,1.0,560,681,1241,0.0,-0.0008333472224535399,0.9997582594681724,8.058017727639034e-05
75479,37.100618343639056,1.0,560,681,1241,0.0,-0.0008333472224606453,0.9998388396454487,8.058017727639034e-05
75480,37.0997849964166,1.0,560,681,1241,0.0,-0.0008333472224535399,0.999919419822725,8.058017727639034e-05
75481,37.09895164919415,1.0,560,681,1241,0.0,-0.0008333472224535399,1.0000000000000013,8.058017727639034e-05
75482,37.098118301971695,1.0,560,681,1241,0.0,-0.0008333472224535399,1.0000000000000013,0.0
75483,37.09728495474924,0.9991941982272361,560,681,1241,-0.0008058017727639033,-0.0008333472224535399,0.999919419822725,-8.058017727639034e-05
75484,37.09645160752679,0.9991941982272361,560,681,1241,0.0,-0.0008333472224535399,0.9998388396454487,-8.058017727639034e-05
75485,37.095618260304335,0.9991941982272361,560,681,1241,0.0,-0.0008333472224535399,0.9997582594681724,-8.058017727639034e-05
75486,37.09478491308188,0.9991941982272361,560,681,1241,0.0,-0.0008333472224535399,0.999677679290896,-8.058017727639034e-05
75487,37.09395156585943,0.9991941982272361,560,681,1241,0.0,-0.0008333472224535399,0.9995970991136197,-8.058017727639034e-05
75488,37.093118218636974,0.9991941982272361,560,681,1241,0.0,-0.0008333472224535399,0.9995165189363433,-8.058017727639034e-05
75489,37.09228487141452,0.9991941982272361,560,681,1241,0.0,-0.0008333472224535399,0.999435938759067,-8.058017727639034e-05
75490,37.09145152419207,1.0,560,681,1241,0.0008058017727639033,-0.0008333472224535399,0.999435938759067,0.0
75491,37.09061817696961,1.0,560,681,1241,0.0,-0.0008333472224535399,0.999435938759067,0.0
75492,37.08978482974716,1.0,560,681,1241,0.0,-0.0008333472224535399,0.999435938759067,0.0
75493,37.088951482524706,1.0,560,681,1241,0.0,-0.0008333472224535399,0.9995165189363433,8.058017727639034e-05
75494,37.08811813530225,1.0,560,681,1241,0.0,-0.0008333472224535399,0.9995970991136197,8.058017727639034e-05
75495,37.0872847880798,1.0,560,681,1241,0.0,-0.0008333472224535399,0.999677679290896,8.058017727639034e-05
75496,37.086451440857346,1.0,560,681,1241,0.0,-0.0008333472224535399,0.9997582594681724,8.058017727639034e-05
75497,37.08561809363489,1.0,560,681,1241,0.0,-0.0008333472224535399,0.9998388396454487,8.058017727639034e-05
75498,37.08478474641244,1.0,560,681,1241,0.0,-0.0008333472224535399,0.999919419822725,8.058017727639034e-05
75499,37.083951399189985,1.0,560,681,1241,0.0,-0.0008333472224535399,1.0000000000000013,8.058017727639034e-05
75500,37.08311805196753,1.0,560,681,1241,0.0,-0.0008333472224535399,1.0000000000000013,0.0
75501,37.08228470474508,1.0,560,681,1241,0.0,-0.0008333472224535399,1.0000000000000013,0.0
75502,37.081451357522624,1.0,560,681,1241,0.0,-0.0008333472224535399,1.0000000000000013,0.0
75503,37.08061801030017,1.0,560,681,1241,0.0,-0.0008333472224535399,1.0000000000000013,0.0
75504,37.07978466307772,1.0,560,681,1241,0.0,-0.0008333472224535399,1.0000000000000013,0.0
75505,37.078951315855264,1.0,560,681,1241,0.0,-0.0008333472224535399,1.0000000000000013,0.0
75506,37.07811796863281,1.0,560,681,1241,0.0,-0.0008333472224535399,1.0000000000000013,0.0
75507,37.07728462141036,1.0,560,681,1241,0.0,-0.0008333472224535399,1.0000000000000013,0.0
75508,37.0764512741879,1.0,560,681,1241,0.0,-0.0008333472224535399,1.0000000000000013,0.0
75509,37.07561792696545,1.0,560,681,1241,0.0,-0.0008333472224535399,1.0000000000000013,0.0
75510,37.074784579742996,1.0,560,681,1241,0.0,-0.0008333472224535399,1.0000000000000013,0.0
75511,37.07395123252054,1.0,560,681,1241,0.0,-0.0008333472224535399,1.0000000000000013,0.0
75512,37.07311788529809,1.0,560,681,1241,0.0,-0.0008333472224535399,1.0000000000000013,0.0
75513,37.072284538075635,1.0,560,681,1241,0.0,-0.0008333472224535399,1.0000000000000013,0.0
75514,37.07145119085318,1.0,560,681,1241,0.0,-0.0008333472224535399,1.0000000000000013,0.0
75515,37.07061784363073,1.0,560,681,1241,0.0,-0.0008333472224535399,1.0000000000000013,0.0
75516,37.069784496408275,1.0,560,681,1241,0.0,-0.0008333472224535399,1.0000000000000013,0.0
75517,37.06895114918582,1.0,560,681,1241,0.0,-0.0008333472224535399,1.0000000000000013,0.0
75518,37.06811780196337,0.9991941982272361,560,681,1241,-0.0008058017727639033,-0.0008333472224535399,0.999919419822725,-8.058017727639034e-05
75519,37.067284454740914,1.0,560,681,1241,0.0008058017727639033,-0.0008333472224535399,0.999919419822725,0.0
75520,37.06645110751846,1.0,560,681,1241,0.0,-0.0008333472224535399,0.999919419822725,0.0
75521,37.06561776029601,1.0,560,681,1241,0.0,-0.0008333472224535399,0.999919419822725,0.0
75522,37.06478441307355,1.0,560,681,1241,0.0,-0.0008333472224535399,0.999919419822725,0.0
75523,37.0639510658511,1.0,560,681,1241,0.0,-0.0008333472224535399,0.999919419822725,0.0
75524,37.06311771862865,1.0,560,681,1241,0.0,-0.0008333472224535399,0.999919419822725,0.0
75525,37.06228437140619,0.9991941982272361,560,681,1241,-0.0008058017727639033,-0.0008333472224535399,0.9998388396454487,-8.058017727639034e-05
75526,37.06145102418374,0.9991941982272361,560,681,1241,0.0,-0.0008333472224535399,0.9997582594681724,-8.058017727639034e-05
75527,37.060617676961286,0.9991941982272361,560,681,1241,0.0,-0.0008333472224535399,0.999677679290896,-8.058017727639034e-05
75528,37.05978432973883,0.9991941982272361,560,681,1241,0.0,-0.0008333472224535399,0.999677679290896,0.0
75529,37.05895098251638,0.9991941982272361,560,681,1241,0.0,-0.0008333472224535399,0.9995970991136197,-8.058017727639034e-05
75530,37.058117635293925,0.9991941982272361,560,681,1241,0.0,-0.0008333472224535399,0.9995165189363433,-8.058017727639034e-05
75531,37.05728428807147,1.0,560,681,1241,0.0008058017727639033,-0.0008333472224535399,0.9995165189363433,0.0
75532,37.05645094084901,1.0,560,681,1241,0.0,-0.0008333472224606453,0.9995165189363433,0.0
75533,37.05561759362656,1.0,560,681,1241,0.0,-0.0008333472224535399,0.9995165189363433,0.0
75534,37.054784246404104,1.0,560,681,1241,0.0,-0.0008333472224535399,0.9995165189363433,0.0
75535,37.05395089918165,1.0,560,681,1241,0.0,-0.0008333472224535399,0.9995970991136197,8.058017727639034e-05
75536,37.0531175519592,1.0,560,681,1241,0.0,-0.0008333472224535399,0.999677679290896,8.058017727639034e-05
75537,37.05228420473674,1.0,560,681,1241,0.0,-0.0008333472224535399,0.9997582594681724,8.058017727639034e-05
75538,37.05145085751429,1.0,560,681,1241,0.0,-0.0008333472224535399,0.9998388396454487,8.058017727639034e-05
75539,37.050617510291836,1.0,560,681,1241,0.0,-0.0008333472224535399,0.999919419822725,8.058017727639034e-05
75540,37.04978416306938,1.0,560,681,1241,0.0,-0.0008333472224535399,1.0000000000000013,8.058017727639034e-05
75541,37.04895081584693,1.0,560,681,1241,0.0,-0.0008333472224535399,1.0000000000000013,0.0
75542,37.048117468624476,1.0,560,681,1241,0.0,-0.0008333472224535399,1.0000000000000013,0.0
75543,37.04728412140202,1.0,560,681,1241,0.0,-0.0008333472224535399,1.0000000000000013,0.0
75544,37.04645077417957,1.0,560,681,1241,0.0,-0.0008333472224535399,1.0000000000000013,0.0
75545,37.045617426957115,1.0,560,681,1241,0.0,-0.0008333472224535399,1.0000000000000013,0.0
75546,37.04478407973466,1.0,560,681,1241,0.0,-0.0008333472224535399,1.0000000000000013,0.0
75547,37.04395073251221,1.0,560,681,1241,0.0,-0.0008333472224535399,1.0000000000000013,0.0
75548,37.043117385289754,1.0,560,681,1241,0.0,-0.0008333472224535399,1.0000000000000013,0.0
75549,37.0422840380673,1.0,560,681,1241,0.0,-0.0008333472224535399,1.0000000000000013,0.0
75550,37.04145069084485,1.0,560,681,1241,0.0,-0.0008333472224535399,1.0000000000000013,0.0
75551,37.040617343622394,1.0,560,681,1241,0.0,-0.0008333472224535399,1.0000000000000013,0.0
75552,37.03978399639994,1.0,560,681,1241,0.0,-0.0008333472224535399,1.0000000000000013,0.0
75553,37.03895064917749,1.0,560,681,1241,0.0,-0.0008333472224535399,1.0000000000000013,0.0
75554,37.03811730195503,1.0,560,681,1241,0.0,-0.0008333472224535399,1.0000000000000013,0.0
75555,37.03728395473258,0.9991941982272361,560,681,1241,-0.0008058017727639033,-0.0008333472224535399,0.999919419822725,-8.058017727639034e-05
75556,37.036450607510126,0.9991941982272361,560,681,1241,0.0,-0.0008333472224535399,0.9998388396454487,-8.058017727639034e-05
75557,37.03561726028767,1.0,560,681,1241,0.0008058017727639033,-0.0008333472224535399,0.9998388396454487,0.0
75558,37.03478391306522,1.0,560,681,1241,0.0,-0.0008333472224535399,0.9998388396454487,0.0
75559,37.033950565842765,1.0,560,681,1241,0.0,-0.0008333472224535399,0.9998388396454487,0.0
75560,37.03311721862031,0.9991941982272361,560,681,1241,-0.0008058017727639033,-0.0008333472224535399,0.9997582594681724,-8.058017727639034e-05
75561,37.03228387139786,0.9991941982272361,560,681,1241,0.0,-0.0008333472224535399,0.999677679290896,-8.058017727639034e-05
75562,37.031450524175405,0.9991941982272361,560,681,1241,0.0,-0.0008333472224535399,0.9995970991136197,-8.058017727639034e-05
75563,37.03061717695295,1.0,560,681,1241,0.0008058017727639033,-0.0008333472224535399,0.9995970991136197,0.0
75564,37.02978382973049,1.0,560,681,1241,0.0,-0.0008333472224606453,0.9995970991136197,0.0
75565,37.02895048250804,1.0,560,681,1241,0.0,-0.0008333472224535399,0.999677679290896,8.058017727639034e-05
75566,37.028117135285584,1.0,560,681,1241,0.0,-0.0008333472224535399,0.9997582594681724,8.058017727639034e-05
75567,37.02728378806313,1.0,560,681,1241,0.0,-0.0008333472224535399,0.9997582594681724,0.0
75568,37.02645044084068,1.0,560,681,1241,0.0,-0.0008333472224535399,0.9997582594681724,0.0
75569,37.02561709361822,1.0,560,681,1241,0.0,-0.0008333472224535399,0.9997582594681724,0.0
75570,37.02478374639577,1.0,560,681,1241,0.0,-0.0008333472224535399,0.9998388396454487,8.058017727639034e-05
75571,37.023950399173316,1.0,560,681,1241,0.0,-0.0008333472224535399,0.999919419822725,8.058017727639034e-05
75572,37.02311705195086,1.0,560,681,1241,0.0,-0.0008333472224535399,1.0000000000000013,8.058017727639034e-05
75573,37.02228370472841,1.0,560,681,1241,0.0,-0.0008333472224535399,1.0000000000000013,0.0
75574,37.021450357505955,1.0,560,681,1241,0.0,-0.0008333472224535399,1.0000000000000013,0.0
75575,37.0206170102835,1.0,560,681,1241,0.0,-0.0008333472224535399,1.0000000000000013,0.0
75576,37.01978366306105,1.0,560,681,1241,0.0,-0.0008333472224535399,1.0000000000000013,0.0
75577,37.018950315838595,1.0,560,681,1241,0.0,-0.0008333472224535399,1.0000000000000013,0.0
75578,37.01811696861614,1.0,560,681,1241,0.0,-0.0008333472224535399,1.0000000000000013,0.0
75579,37.01728362139369,1.0,560,681,1241,0.0,-0.0008333472224535399,1.0000000000000013,0.0
75580,37.016450274171234,1.0,560,681,1241,0.0,-0.0008333472224535399,1.0000000000000013,0.0
75581,37.01561692694878,1.0,560,681,1241,0.0,-0.0008333472224535399,1.0000000000000013,0.0
75582,37.01478357972633,1.0,560,681,1241,0.0,-0.0008333472224535399,1.0000000000000013,0.0
75583,37.01395023250387,1.0,560,681,1241,0.0,-0.0008333472224535399,1.0000000000000013,0.0
75584,37.01311688528142,1.0,560,681,1241,0.0,-0.0008333472224535399,1.0000000000000013,0.0
75585,37.012283538058966,1.0,560,681,1241,0.0,-0.0008333472224535399,1.0000000000000013,0.0
75586,37.01145019083651,1.0,560,681,1241,0.0,-0.0008333472224535399,1.0000000000000013,0.0
75587,37.01061684361406,1.0,560,681,1241,0.0,-0.0008333472224535399,1.0000000000000013,0.0
75588,37.009783496391606,1.0,560,681,1241,0.0,-0.0008333472224535399,1.0000000000000013,0.0
75589,37.00895014916915,1.0,560,681,1241,0.0,-0.0008333472224535399,1.0000000000000013,0.0
75590,37.0081168019467,1.0,560,681,1241,0.0,-0.0008333472224535399,1.0000000000000013,0.0
75591,37.007283454724245,1.0,560,681,1241,0.0,-0.0008333472224535399,1.0000000000000013,0.0
75592,37.00645010750179,1.0,560,681,1241,0.0,-0.0008333472224535399,1.0000000000000013,0.0
75593,37.00561676027934,1.0,560,681,1241,0.0,-0.0008333472224535399,1.0000000000000013,0.0
75594,37.004783413056884,1.0,560,681,1241,0.0,-0.0008333472224535399,1.0000000000000013,0.0
75595,37.00395006583443,1.0,560,681,1241,0.0,-0.0008333472224535399,1.0000000000000013,0.0
75596,37.00311671861198,1.0,560,681,1241,0.0,-0.0008333472224535399,1.0000000000000013,0.0
75597,37.002283371389524,1.0,560,681,1241,0.0,-0.0008333472224535399,1.0000000000000013,0.0
75598,37.00145002416707,1.0,560,681,1241,0.0,-0.0008333472224535399,1.0000000000000013,0.0
75599,37.00061667694462,1.0,560,681,1241,0.0,-0.0008333472224535399,1.0000000000000013,0.0
75600,36.99978332972216,1.0,560,681,1241,0.0,-0.0008333472224535399,1.0000000000000013,0.0
75601,36.99894998249971,1.0,560,681,1241,0.0,-0.0008333472224535399,1.0000000000000013,0.0
75602,36.998116635277256,1.0,560,681,1241,0.0,-0.0008333472224535399,1.0000000000000013,0.0
75603,36.9972832880548,1.0,560,681,1241,0.0,-0.0008333472224535399,1.0000000000000013,0.0
75604,36.99644994083235,1.0,560,681,1241,0.0,-0.0008333472224535399,1.0000000000000013,0.0
75605,36.995616593609896,1.0,560,681,1241,0.0,-0.0008333472224535399,1.0000000000000013,0.0
75606,36.99478324638744,1.0,560,681,1241,0.0,-0.0008333472224535399,1.0000000000000013,0.0
75607,36.99394989916499,1.0,560,681,1241,0.0,-0.0008333472224535399,1.0000000000000013,0.0
75608,36.993116551942535,1.0,560,681,1241,0.0,-0.0008333472224535399,1.0000000000000013,0.0
75609,36.99228320472008,1.0,560,681,1241,0.0,-0.0008333472224535399,1.0000000000000013,0.0
75610,36.99144985749763,1.0,560,681,1241,0.0,-0.0008333472224535399,1.0000000000000013,0.0
75611,36.990616510275174,1.0,560,681,1241,0.0,-0.0008333472224535399,1.0000000000000013,0.0
75612,36.98978316305272,1.0,560,681,1241,0.0,-0.0008333472224535399,1.0000000000000013,0.0
75613,36.98894981583027,1.0,560,681,1241,0.0,-0.0008333472224535399,1.0000000000000013,0.0
75614,36.988116468607814,1.0,560,681,1241,0.0,-0.0008333472224535399,1.0000000000000013,0.0
75615,36.98728312138536,1.0,560,681,1241,0.0,-0.0008333472224535399,1.0000000000000013,0.0
75616,36.98644977416291,1.0,560,681,1241,0.0,-0.0008333472224535399,1.0000000000000013,0.0
75617,36.985616426940446,1.0,560,681,1241,0.0,-0.0008333472224606453,1.0000000000000013,0.0
75618,36.98478307971799,1.0,560,681,1241,0.0,-0.0008333472224535399,1.0000000000000013,0.0
75619,36.98394973249554,1.0,560,681,1241,0.0,-0.0008333472224535399,1.0000000000000013,0.0
75620,36.983116385273085,1.0,560,681,1241,0.0,-0.0008333472224535399,1.0000000000000013,0.0
75621,36.98228303805063,1.0,560,681,1241,0.0,-0.0008333472224535399,1.0000000000000013,0.0
75622,36.98144969082818,1.0,560,681,1241,0.0,-0.0008333472224535399,1.0000000000000013,0.0
75623,36.980616343605725,1.0,560,681,1241,0.0,-0.0008333472224535399,1.0000000000000013,0.0
75624,36.97978299638327,1.0,560,681,1241,0.0,-0.0008333472224535399,1.0000000000000013,0.0
75625,36.97894964916082,1.0,560,681,1241,0.0,-0.0008333472224535399,1.0000000000000013,0.0
75626,36.978116301938364,1.0,560,681,1241,0.0,-0.0008333472224535399,1.0000000000000013,0.0
75627,36.97728295471591,1.0,560,681,1241,0.0,-0.0008333472224535399,1.0000000000000013,0.0
75628,36.97644960749346,0.9991941982272361,560,681,1241,-0.0008058017727639033,-0.0008333472224535399,0.999919419822725,-8.058017727639034e-05
75629,36.975616260271,0.9991941982272361,560,681,1241,0.0,-0.0008333472224535399,0.9998388396454487,-8.058017727639034e-05
75630,36.97478291304855,0.9991941982272361,560,681,1241,0.0,-0.0008333472224535399,0.9997582594681724,-8.058017727639034e-05
75631,36.973949565826096,0.9991941982272361,560,681,1241,0.0,-0.0008333472224535399,0.999677679290896,-8.058017727639034e-05
75632,36.97311621860364,1.0,560,681,1241,0.0008058017727639033,-0.0008333472224535399,0.999677679290896,0.0
75633,36.97228287138119,1.0,560,681,1241,0.0,-0.0008333472224535399,0.999677679290896,0.0
75634,36.971449524158736,0.9991941982272361,560,681,1241,-0.0008058017727639033,-0.0008333472224535399,0.9995970991136197,-8.058017727639034e-05
75635,36.97061617693628,1.0,560,681,1241,0.0008058017727639033,-0.0008333472224535399,0.9995970991136197,0.0
75636,36.96978282971383,1.0,560,681,1241,0.0,-0.0008333472224535399,0.9995970991136197,0.0
75637,36.968949482491375,1.0,560,681,1241,0.0,-0.0008333472224535399,0.9995970991136197,0.0
75638,36.96811613526892,1.0,560,681,1241,0.0,-0.0008333472224535399,0.999677679290896,8.058017727639034e-05
75639,36.96728278804647,1.0,560,681,1241,0.0,-0.0008333472224535399,0.9997582594681724,8.058017727639034e-05
75640,36.966449440824015,1.0,560,681,1241,0.0,-0.0008333472224535399,0.9998388396454487,8.058017727639034e-05
75641,36.96561609360156,1.0,560,681,1241,0.0,-0.0008333472224535399,0.999919419822725,8.058017727639034e-05
75642,36.96478274637911,1.0,560,681,1241,0.0,-0.0008333472224535399,0.999919419822725,0.0
75643,36.963949399156654,1.0,560,681,1241,0.0,-0.0008333472224535399,0.999919419822725,0.0
75644,36.9631160519342,1.0,560,681,1241,0.0,-0.0008333472224535399,1.0000000000000013,8.058017727639034e-05
75645,36.96228270471175,1.0,560,681,1241,0.0,-0.0008333472224535399,1.0000000000000013,0.0
75646,36.96144935748929,0.9991941982272361,560,681,1241,-0.0008058017727639033,-0.0008333472224535399,0.999919419822725,-8.058017727639034e-05
75647,36.96061601026684,0.9991941982272361,560,681,1241,0.0,-0.0008333472224535399,0.9998388396454487,-8.058017727639034e-05
75648,36.95978266304438,0.9991941982272361,560,681,1241,0.0,-0.0008333472224606453,0.9997582594681724,-8.058017727639034e-05
75649,36.958949315821926,0.9991941982272361,560,681,1241,0.0,-0.0008333472224535399,0.999677679290896,-8.058017727639034e-05
75650,36.95811596859947,1.0,560,681,1241,0.0008058017727639033,-0.0008333472224535399,0.999677679290896,0.0
75651,36.95728262137702,1.0,560,681,1241,0.0,-0.0008333472224535399,0.999677679290896,0.0
75652,36.956449274154565,1.0,560,681,1241,0.0,-0.0008333472224535399,0.999677679290896,0.0
75653,36.95561592693211,1.0,560,681,1241,0.0,-0.0008333472224535399,0.999677679290896,0.0
75654,36.95478257970966,1.0,560,681,1241,0.0,-0.0008333472224535399,0.999677679290896,0.0
75655,36.953949232487204,1.0,560,681,1241,0.0,-0.0008333472224535399,0.999677679290896,0.0
75656,36.95311588526475,1.0,560,681,1241,0.0,-0.0008333472224535399,0.9997582594681724,8.058017727639034e-05
75657,36.9522825380423,1.0,560,681,1241,0.0,-0.0008333472224535399,0.9998388396454487,8.058017727639034e-05
75658,36.951449190819844,1.0,560,681,1241,0.0,-0.0008333472224535399,0.999919419822725,8.058017727639034e-05
75659,36.95061584359739,1.0,560,681,1241,0.0,-0.0008333472224535399,1.0000000000000013,8.058017727639034e-05
75660,36.94978249637494,1.0,560,681,1241,0.0,-0.0008333472224535399,1.0000000000000013,0.0
75661,36.94894914915248,1.0,560,681,1241,0.0,-0.0008333472224535399,1.0000000000000013,0.0
75662,36.94811580193003,1.0,560,681,1241,0.0,-0.0008333472224535399,1.0000000000000013,0.0
75663,36.947282454707576,1.0,560,681,1241,0.0,-0.0008333472224535399,1.0000000000000013,0.0
75664,36.94644910748512,1.0,560,681,1241,0.0,-0.0008333472224535399,1.0000000000000013,0.0
75665,36.94561576026267,1.0,560,681,1241,0.0,-0.0008333472224535399,1.0000000000000013,0.0
75666,36.944782413040215,1.0,560,681,1241,0.0,-0.0008333472224535399,1.0000000000000013,0.0
75667,36.94394906581776,1.0,560,681,1241,0.0,-0.0008333472224535399,1.0000000000000013,0.0
75668,36.94311571859531,1.0,560,681,1241,0.0,-0.0008333472224535399,1.0000000000000013,0.0
75669,36.942282371372855,1.0,560,681,1241,0.0,-0.0008333472224535399,1.0000000000000013,0.0
75670,36.9414490241504,0.9991941982272361,560,681,1241,-0.0008058017727639033,-0.0008333472224535399,0.999919419822725,-8.058017727639034e-05
75671,36.94061567692795,0.9983883964544722,560,681,1241,-0.0008058017727639033,-0.0008333472224535399,0.9997582594681724,-0.00016116035455278067
75672,36.939782329705494,0.9983883964544722,560,681,1241,0.0,-0.0008333472224535399,0.9995970991136197,-0.00016116035455278067
75673,36.93894898248304,0.9983883964544722,560,681,1241,0.0,-0.0008333472224535399,0.999435938759067,-0.00016116035455278067
75674,36.93811563526059,0.9983883964544722,560,681,1241,0.0,-0.0008333472224535399,0.9992747784045143,-0.00016116035455278067
75675,36.93728228803813,0.9983883964544722,560,681,1241,0.0,-0.0008333472224535399,0.9991136180499616,-0.00016116035455278067
75676,36.93644894081568,0.9983883964544722,560,681,1241,0.0,-0.0008333472224535399,0.998952457695409,-0.00016116035455278067
75677,36.935615593593226,0.9991941982272361,560,681,1241,0.0008058017727639033,-0.0008333472224535399,0.9988718775181326,-8.058017727639034e-05
75678,36.93478224637077,1.0,560,681,1241,0.0008058017727639033,-0.0008333472224535399,0.9988718775181326,0.0
75679,36.93394889914832,1.0,560,681,1241,0.0,-0.0008333472224535399,0.9988718775181326,0.0
75680,36.933115551925866,1.0,560,681,1241,0.0,-0.0008333472224535399,0.998952457695409,8.058017727639034e-05
75681,36.93228220470341,1.0,560,681,1241,0.0,-0.0008333472224535399,0.9991136180499616,0.00016116035455278067
75682,36.93144885748096,1.0,560,681,1241,0.0,-0.0008333472224535399,0.9992747784045143,0.00016116035455278067
75683,36.930615510258505,1.0,560,681,1241,0.0,-0.0008333472224535399,0.999435938759067,0.00016116035455278067
75684,36.92978216303605,1.0,560,681,1241,0.0,-0.0008333472224535399,0.9995970991136197,0.00016116035455278067
75685,36.9289488158136,1.0,560,681,1241,0.0,-0.0008333472224535399,0.9997582594681724,0.00016116035455278067
75686,36.928115468591145,1.0,560,681,1241,0.0,-0.0008333472224535399,0.999919419822725,0.00016116035455278067
75687,36.92728212136869,1.0,560,681,1241,0.0,-0.0008333472224535399,1.0000000000000013,8.058017727639034e-05
75688,36.92644877414624,1.0,560,681,1241,0.0,-0.0008333472224535399,1.0000000000000013,0.0
75689,36.925615426923784,1.0,560,681,1241,0.0,-0.0008333472224535399,1.0000000000000013,0.0
75690,36.92478207970133,1.0,560,681,1241,0.0,-0.0008333472224535399,1.0000000000000013,0.0
75691,36.92394873247888,1.0,560,681,1241,0.0,-0.0008333472224535399,1.0000000000000013,0.0
75692,36.92311538525642,1.0,560,681,1241,0.0,-0.0008333472224535399,1.0000000000000013,0.0
75693,36.92228203803397,1.0,560,681,1241,0.0,-0.0008333472224535399,1.0000000000000013,0.0
75694,36.921448690811516,1.0,560,681,1241,0.0,-0.0008333472224535399,1.0000000000000013,0.0
75695,36.92061534358906,1.0,560,681,1241,0.0,-0.0008333472224535399,1.0000000000000013,0.0
75696,36.91978199636661,1.0,560,681,1241,0.0,-0.0008333472224535399,1.0000000000000013,0.0
75697,36.918948649144156,1.0,560,681,1241,0.0,-0.0008333472224535399,1.0000000000000013,0.0
75698,36.9181153019217,1.0,560,681,1241,0.0,-0.0008333472224535399,1.0000000000000013,0.0
75699,36.91728195469925,1.0,560,681,1241,0.0,-0.0008333472224535399,1.0000000000000013,0.0
75700,36.916448607476795,1.0,560,681,1241,0.0,-0.0008333472224535399,1.0000000000000013,0.0
75701,36.915615260254334,1.0,560,681,1241,0.0,-0.0008333472224606453,1.0000000000000013,0.0
75702,36.91478191303188,1.0,560,681,1241,0.0,-0.0008333472224535399,1.0000000000000013,0.0
75703,36.91394856580943,1.0,560,681,1241,0.0,-0.0008333472224535399,1.0000000000000013,0.0
75704,36.913115218586974,1.0,560,681,1241,0.0,-0.0008333472224535399,1.0000000000000013,0.0
75705,36.91228187136452,1.0,560,681,1241,0.0,-0.0008333472224535399,1.0000000000000013,0.0
75706,36.91144852414207,1.0,560,681,1241,0.0,-0.0008333472224535399,1.0000000000000013,0.0
75707,36.91061517691961,1.0,560,681,1241,0.0,-0.0008333472224535399,1.0000000000000013,0.0
75708,36.90978182969716,0.9991941982272361,560,681,1241,-0.0008058017727639033,-0.0008333472224535399,0.999919419822725,-8.058017727639034e-05
75709,36.908948482474706,0.9991941982272361,560,681,1241,0.0,-0.0008333472224535399,0.9998388396454487,-8.058017727639034e-05
75710,36.90811513525225,0.9983883964544722,560,681,1241,-0.0008058017727639033,-0.0008333472224535399,0.999677679290896,-0.00016116035455278067
75711,36.9072817880298,0.9991941982272361,560,681,1241,0.0008058017727639033,-0.0008333472224535399,0.9995970991136197,-8.058017727639034e-05
75712,36.906448440807345,0.9991941982272361,560,681,1241,0.0,-0.0008333472224535399,0.9995165189363433,-8.058017727639034e-05
75713,36.90561509358489,0.9991941982272361,560,681,1241,0.0,-0.0008333472224535399,0.999435938759067,-8.058017727639034e-05
75714,36.90478174636244,0.9991941982272361,560,681,1241,0.0,-0.0008333472224535399,0.9993553585817907,-8.058017727639034e-05
75715,36.903948399139985,0.9991941982272361,560,681,1241,0.0,-0.0008333472224535399,0.9992747784045143,-8.058017727639034e-05
75716,36.90311505191753,0.9991941982272361,560,681,1241,0.0,-0.0008333472224535399,0.999194198227238,-8.058017727639034e-05
75717,36.90228170469508,1.0,560,681,1241,0.0008058017727639033,-0.0008333472224535399,0.999194198227238,0.0
75718,36.901448357472624,1.0,560,681,1241,0.0,-0.0008333472224535399,0.9992747784045143,8.058017727639034e-05
75719,36.90061501025017,1.0,560,681,1241,0.0,-0.0008333472224535399,0.9993553585817907,8.058017727639034e-05
75720,36.89978166302772,1.0,560,681,1241,0.0,-0.0008333472224535399,0.9995165189363433,0.00016116035455278067
75721,36.898948315805264,1.0,560,681,1241,0.0,-0.0008333472224535399,0.9995970991136197,8.058017727639034e-05
75722,36.89811496858281,1.0,560,681,1241,0.0,-0.0008333472224535399,0.999677679290896,8.058017727639034e-05
75723,36.89728162136036,0.9991941982272361,560,681,1241,-0.0008058017727639033,-0.0008333472224535399,0.999677679290896,0.0
75724,36.8964482741379,0.9991941982272361,560,681,1241,0.0,-0.0008333472224535399,0.999677679290896,0.0
75725,36.89561492691545,0.9991941982272361,560,681,1241,0.0,-0.0008333472224535399,0.999677679290896,0.0
75726,36.894781579692996,0.9991941982272361,560,681,1241,0.0,-0.0008333472224535399,0.999677679290896,0.0
75727,36.89394823247054,0.9991941982272361,560,681,1241,0.0,-0.0008333472224535399,0.9995970991136197,-8.058017727639034e-05
75728,36.89311488524809,0.9991941982272361,560,681,1241,0.0,-0.0008333472224535399,0.9995165189363433,-8.058017727639034e-05
75729,36.892281538025635,0.9991941982272361,560,681,1241,0.0,-0.0008333472224535399,0.999435938759067,-8.058017727639034e-05
75730,36.89144819080318,0.9991941982272361,560,681,1241,0.0,-0.0008333472224535399,0.9993553585817907,-8.058017727639034e-05
75731,36.89061484358073,0.9983883964544722,560,681,1241,-0.0008058017727639033,-0.0008333472224535399,0.999194198227238,-0.00016116035455278067
75732,36.889781496358275,0.9983883964544722,560,681,1241,0.0,-0.0008333472224535399,0.9990330378726853,-0.00016116035455278067
75733,36.888948149135814,1.0,560,681,1241,0.0016116035455278066,-0.0008333472224606453,0.9991136180499616,8.058017727639034e-05
75734,36.88811480191336,1.0,560,681,1241,0.0,-0.0008333472224535399,0.999194198227238,8.058017727639034e-05
75735,36.88728145469091,1.0,560,681,1241,0.0,-0.0008333472224535399,0.9992747784045143,8.058017727639034e-05
75736,36.88644810746845,1.0,560,681,1241,0.0,-0.0008333472224535399,0.9993553585817907,8.058017727639034e-05
75737,36.885614760246,1.0,560,681,1241,0.0,-0.0008333472224535399,0.999435938759067,8.058017727639034e-05
75738,36.884781413023546,1.0,560,681,1241,0.0,-0.0008333472224535399,0.9995165189363433,8.058017727639034e-05
75739,36.88394806580109,1.0,560,681,1241,0.0,-0.0008333472224535399,0.9995970991136197,8.058017727639034e-05
75740,36.88311471857864,1.0,560,681,1241,0.0,-0.0008333472224535399,0.999677679290896,8.058017727639034e-05
75741,36.882281371356186,0.9991941982272361,560,681,1241,-0.0008058017727639033,-0.0008333472224535399,0.9997582594681724,8.058017727639034e-05
75742,36.88144802413373,0.9991941982272361,560,681,1241,0.0,-0.0008333472224535399,0.9998388396454487,8.058017727639034e-05
75743,36.88061467691128,0.9991941982272361,560,681,1241,0.0,-0.0008333472224535399,0.9997582594681724,-8.058017727639034e-05
75744,36.879781329688825,1.0,560,681,1241,0.0008058017727639033,-0.0008333472224535399,0.9997582594681724,0.0
75745,36.87894798246637,1.0,560,681,1241,0.0,-0.0008333472224535399,0.9997582594681724,0.0
75746,36.87811463524392,1.0,560,681,1241,0.0,-0.0008333472224535399,0.9997582594681724,0.0
75747,36.877281288021464,1.0,560,681,1241,0.0,-0.0008333472224535399,0.9997582594681724,0.0
75748,36.87644794079901,1.0,560,681,1241,0.0,-0.0008333472224535399,0.9997582594681724,0.0
75749,36.87561459357656,1.0,560,681,1241,0.0,-0.0008333472224535399,0.9997582594681724,0.0
75750,36.874781246354104,1.0,560,681,1241,0.0,-0.0008333472224535399,0.9997582594681724,0.0
75751,36.87394789913165,0.9991941982272361,560,681,1241,-0.0008058017727639033,-0.0008333472224535399,0.9997582594681724,0.0
75752,36.8731145519092,0.9991941982272361,560,681,1241,0.0,-0.0008333472224535399,0.9997582594681724,0.0
75753,36.87228120468674,1.0,560,681,1241,0.0008058017727639033,-0.0008333472224535399,0.9998388396454487,8.058017727639034e-05
75754,36.87144785746429,1.0,560,681,1241,0.0,-0.0008333472224535399,0.9998388396454487,0.0
75755,36.870614510241836,1.0,560,681,1241,0.0,-0.0008333472224535399,0.9998388396454487,0.0
75756,36.86978116301938,1.0,560,681,1241,0.0,-0.0008333472224535399,0.9998388396454487,0.0
75757,36.86894781579693,1.0,560,681,1241,0.0,-0.0008333472224535399,0.9998388396454487,0.0
75758,36.868114468574475,1.0,560,681,1241,0.0,-0.0008333472224535399,0.9998388396454487,0.0
75759,36.86728112135202,1.0,560,681,1241,0.0,-0.0008333472224535399,0.9998388396454487,0.0
75760,36.86644777412957,1.0,560,681,1241,0.0,-0.0008333472224535399,0.9998388396454487,0.0
75761,36.865614426907115,1.0,560,681,1241,0.0,-0.0008333472224535399,0.999919419822725,8.058017727639034e-05
75762,36.86478107968466,1.0,560,681,1241,0.0,-0.0008333472224535399,1.0000000000000013,8.058017727639034e-05
75763,36.86394773246221,1.0,560,681,1241,0.0,-0.0008333472224535399,1.0000000000000013,0.0
75764,36.863114385239754,1.0,560,681,1241,0.0,-0.0008333472224535399,1.0000000000000013,0.0
75765,36.8622810380173,1.0,560,681,1241,0.0,-0.0008333472224535399,1.0000000000000013,0.0
75766,36.86144769079485,1.0,560,681,1241,0.0,-0.0008333472224535399,1.0000000000000013,0.0
75767,36.860614343572394,1.0,560,681,1241,0.0,-0.0008333472224535399,1.0000000000000013,0.0
75768,36.85978099634994,1.0,560,681,1241,0.0,-0.0008333472224535399,1.0000000000000013,0.0
75769,36.85894764912749,1.0,560,681,1241,0.0,-0.0008333472224535399,1.0000000000000013,0.0
75770,36.85811430190503,1.0,560,681,1241,0.0,-0.0008333472224535399,1.0000000000000013,0.0
75771,36.85728095468258,1.0,560,681,1241,0.0,-0.0008333472224535399,1.0000000000000013,0.0
75772,36.856447607460126,0.9991941982272361,560,681,1241,-0.0008058017727639033,-0.0008333472224535399,0.999919419822725,-8.058017727639034e-05
75773,36.85561426023767,0.9983883964544722,560,681,1241,-0.0008058017727639033,-0.0008333472224535399,0.9997582594681724,-0.00016116035455278067
75774,36.85478091301522,1.0,560,681,1241,0.0016116035455278066,-0.0008333472224535399,0.9997582594681724,0.0
75775,36.853947565792765,1.0,560,681,1241,0.0,-0.0008333472224535399,0.9997582594681724,0.0
75776,36.85311421857031,1.0,560,681,1241,0.0,-0.0008333472224535399,0.9997582594681724,0.0
75777,36.85228087134786,1.0,560,681,1241,0.0,-0.0008333472224535399,0.9997582594681724,0.0
75778,36.851447524125405,1.0,560,681,1241,0.0,-0.0008333472224535399,0.9997582594681724,0.0
75779,36.85061417690295,1.0,560,681,1241,0.0,-0.0008333472224535399,0.9997582594681724,0.0
75780,36.8497808296805,1.0,560,681,1241,0.0,-0.0008333472224535399,0.9997582594681724,0.0
75781,36.848947482458044,1.0,560,681,1241,0.0,-0.0008333472224535399,0.9997582594681724,0.0
75782,36.84811413523559,1.0,560,681,1241,0.0,-0.0008333472224535399,0.9998388396454487,8.058017727639034e-05
75783,36.84728078801314,1.0,560,681,1241,0.0,-0.0008333472224535399,1.0000000000000013,0.00016116035455278067
75784,36.84644744079068,1.0,560,681,1241,0.0,-0.0008333472224535399,1.0000000000000013,0.0
75785,36.84561409356823,1.0,560,681,1241,0.0,-0.0008333472224535399,1.0000000000000013,0.0
75786,36.84478074634577,1.0,560,681,1241,0.0,-0.0008333472224606453,1.0000000000000013,0.0
75787,36.843947399123316,1.0,560,681,1241,0.0,-0.0008333472224535399,1.0000000000000013,0.0
75788,36.84311405190086,1.0,560,681,1241,0.0,-0.0008333472224535399,1.0000000000000013,0.0
75789,36.84228070467841,1.0,560,681,1241,0.0,-0.0008333472224535399,1.0000000000000013,0.0
75790,36.841447357455955,1.0,560,681,1241,0.0,-0.0008333472224535399,1.0000000000000013,0.0
75791,36.8406140102335,1.0,560,681,1241,0.0,-0.0008333472224535399,1.0000000000000013,0.0
75792,36.83978066301105,0.9991941982272361,560,681,1241,-0.0008058017727639033,-0.0008333472224535399,0.999919419822725,-8.058017727639034e-05
75793,36.838947315788594,0.9983883964544722,560,681,1241,-0.0008058017727639033,-0.0008333472224535399,0.9997582594681724,-0.00016116035455278067
75794,36.83811396856614,0.9991941982272361,560,681,1241,0.0008058017727639033,-0.0008333472224535399,0.999677679290896,-8.058017727639034e-05
75795,36.83728062134369,0.9991941982272361,560,681,1241,0.0,-0.0008333472224535399,0.9995970991136197,-8.058017727639034e-05
75796,36.836447274121234,0.9991941982272361,560,681,1241,0.0,-0.0008333472224535399,0.9995165189363433,-8.058017727639034e-05
75797,36.83561392689878,0.9991941982272361,560,681,1241,0.0,-0.0008333472224535399,0.999435938759067,-8.058017727639034e-05
75798,36.83478057967633,0.9991941982272361,560,681,1241,0.0,-0.0008333472224535399,0.9993553585817907,-8.058017727639034e-05
75799,36.83394723245387,0.9991941982272361,560,681,1241,0.0,-0.0008333472224535399,0.9992747784045143,-8.058017727639034e-05
75800,36.83311388523142,0.9991941982272361,560,681,1241,0.0,-0.0008333472224535399,0.999194198227238,-8.058017727639034e-05
75801,36.832280538008966,1.0,560,681,1241,0.0008058017727639033,-0.0008333472224535399,0.999194198227238,0.0
75802,36.83144719078651,1.0,560,681,1241,0.0,-0.0008333472224535399,0.9992747784045143,8.058017727639034e-05
75803,36.83061384356406,1.0,560,681,1241,0.0,-0.0008333472224535399,0.999435938759067,0.00016116035455278067
75804,36.829780496341606,1.0,560,681,1241,0.0,-0.0008333472224535399,0.9995165189363433,8.058017727639034e-05
75805,36.82894714911915,1.0,560,681,1241,0.0,-0.0008333472224535399,0.9995970991136197,8.058017727639034e-05
75806,36.8281138018967,0.9991941982272361,560,681,1241,-0.0008058017727639033,-0.0008333472224535399,0.9995970991136197,0.0
75807,36.827280454674245,0.9991941982272361,560,681,1241,0.0,-0.0008333472224535399,0.9995970991136197,0.0
75808,36.82644710745179,0.9991941982272361,560,681,1241,0.0,-0.0008333472224535399,0.9995970991136197,0.0
75809,36.82561376022934,0.9991941982272361,560,681,1241,0.0,-0.0008333472224535399,0.9995970991136197,0.0
75810,36.824780413006884,0.9991941982272361,560,681,1241,0.0,-0.0008333472224535399,0.9995970991136197,0.0
75811,36.82394706578443,0.9991941982272361,560,681,1241,0.0,-0.0008333472224535399,0.9995165189363433,-8.058017727639034e-05
75812,36.82311371856198,0.9991941982272361,560,681,1241,0.0,-0.0008333472224535399,0.999435938759067,-8.058017727639034e-05
75813,36.822280371339524,1.0,560,681,1241,0.0008058017727639033,-0.0008333472224535399,0.999435938759067,0.0
75814,36.82144702411707,1.0,560,681,1241,0.0,-0.0008333472224535399,0.999435938759067,0.0
75815,36.82061367689462,1.0,560,681,1241,0.0,-0.0008333472224535399,0.999435938759067,0.0
75816,36.81978032967216,1.0,560,681,1241,0.0,-0.0008333472224535399,0.9995165189363433,8.058017727639034e-05
75817,36.81894698244971,1.0,560,681,1241,0.0,-0.0008333472224535399,0.9995970991136197,8.058017727639034e-05
75818,36.81811363522725,1.0,560,681,1241,0.0,-0.0008333472224606453,0.999677679290896,8.058017727639034e-05
75819,36.817280288004795,1.0,560,681,1241,0.0,-0.0008333472224535399,0.9997582594681724,8.058017727639034e-05
75820,36.81644694078234,1.0,560,681,1241,0.0,-0.0008333472224535399,0.9998388396454487,8.058017727639034e-05
75821,36.81561359355989,0.9991941982272361,560,681,1241,-0.0008058017727639033,-0.0008333472224535399,0.9998388396454487,0.0
75822,36.814780246337435,1.0,560,681,1241,0.0008058017727639033,-0.0008333472224535399,0.999919419822725,8.058017727639034e-05
75823,36.81394689911498,1.0,560,681,1241,0.0,-0.0008333472224535399,0.999919419822725,0.0
75824,36.81311355189253,1.0,560,681,1241,0.0,-0.0008333472224535399,0.999919419822725,0.0
75825,36.812280204670074,1.0,560,681,1241,0.0,-0.0008333472224535399,0.999919419822725,0.0
75826,36.81144685744762,1.0,560,681,1241,0.0,-0.0008333472224535399,0.999919419822725,0.0
75827,36.81061351022517,1.0,560,681,1241,0.0,-0.0008333472224535399,0.999919419822725,0.0
75828,36.80978016300271,1.0,560,681,1241,0.0,-0.0008333472224535399,0.999919419822725,0.0
75829,36.80894681578026,1.0,560,681,1241,0.0,-0.0008333472224535399,0.999919419822725,0.0
75830,36.808113468557806,1.0,560,681,1241,0.0,-0.0008333472224535399,0.999919419822725,0.0
75831,36.80728012133535,1.0,560,681,1241,0.0,-0.0008333472224535399,1.0000000000000013,8.058017727639034e-05
75832,36.8064467741129,1.0,560,681,1241,0.0,-0.0008333472224535399,1.0000000000000013,0.0
75833,36.805613426890446,1.0,560,681,1241,0.0,-0.0008333472224535399,1.0000000000000013,0.0
75834,36.80478007966799,1.0,560,681,1241,0.0,-0.0008333472224535399,1.0000000000000013,0.0
75835,36.80394673244554,1.0,560,681,1241,0.0,-0.0008333472224535399,1.0000000000000013,0.0
75836,36.803113385223085,1.0,560,681,1241,0.0,-0.0008333472224535399,1.0000000000000013,0.0
75837,36.80228003800063,1.0,560,681,1241,0.0,-0.0008333472224535399,1.0000000000000013,0.0
75838,36.80144669077818,1.0,560,681,1241,0.0,-0.0008333472224535399,1.0000000000000013,0.0
75839,36.800613343555725,1.0,560,681,1241,0.0,-0.0008333472224535399,1.0000000000000013,0.0
75840,36.79977999633327,1.0,560,681,1241,0.0,-0.0008333472224535399,1.0000000000000013,0.0
75841,36.79894664911082,1.0,560,681,1241,0.0,-0.0008333472224535399,1.0000000000000013,0.0
75842,36.798113301888364,1.0,560,681,1241,0.0,-0.0008333472224535399,1.0000000000000013,0.0
75843,36.79727995466591,1.0,560,681,1241,0.0,-0.0008333472224535399,1.0000000000000013,0.0
75844,36.79644660744346,0.9991941982272361,560,681,1241,-0.0008058017727639033,-0.0008333472224535399,0.999919419822725,-8.058017727639034e-05
75845,36.795613260221,1.0,560,681,1241,0.0008058017727639033,-0.0008333472224535399,0.999919419822725,0.0
75846,36.79477991299855,1.0,560,681,1241,0.0,-0.0008333472224535399,0.999919419822725,0.0
75847,36.793946565776096,1.0,560,681,1241,0.0,-0.0008333472224535399,0.999919419822725,0.0
75848,36.79311321855364,1.0,560,681,1241,0.0,-0.0008333472224535399,0.999919419822725,0.0
75849,36.79227987133119,1.0,560,681,1241,0.0,-0.0008333472224535399,0.999919419822725,0.0
75850,36.791446524108736,1.0,560,681,1241,0.0,-0.0008333472224535399,0.999919419822725,0.0
75851,36.79061317688628,1.0,560,681,1241,0.0,-0.0008333472224535399,0.999919419822725,0.0
75852,36.78977982966383,1.0,560,681,1241,0.0,-0.0008333472224535399,0.999919419822725,0.0
75853,36.788946482441375,1.0,560,681,1241,0.0,-0.0008333472224535399,0.999919419822725,0.0
75854,36.78811313521892,1.0,560,681,1241,0.0,-0.0008333472224535399,1.0000000000000013,8.058017727639034e-05
75855,36.78727978799647,1.0,560,681,1241,0.0,-0.0008333472224535399,1.0000000000000013,0.0
75856,36.786446440774014,1.0,560,681,1241,0.0,-0.0008333472224535399,1.0000000000000013,0.0
75857,36.78561309355156,1.0,560,681,1241,0.0,-0.0008333472224535399,1.0000000000000013,0.0
75858,36.78477974632911,1.0,560,681,1241,0.0,-0.0008333472224535399,1.0000000000000013,0.0
75859,36.783946399106654,1.0,560,681,1241,0.0,-0.0008333472224535399,1.0000000000000013,0.0
75860,36.7831130518842,1.0,560,681,1241,0.0,-0.0008333472224535399,1.0000000000000013,0.0
75861,36.78227970466175,1.0,560,681,1241,0.0,-0.0008333472224535399,1.0000000000000013,0.0
75862,36.78144635743929,1.0,560,681,1241,0.0,-0.0008333472224535399,1.0000000000000013,0.0
75863,36.78061301021684,1.0,560,681,1241,0.0,-0.0008333472224535399,1.0000000000000013,0.0
75864,36.779779662994386,1.0,560,681,1241,0.0,-0.0008333472224535399,1.0000000000000013,0.0
75865,36.77894631577193,1.0,560,681,1241,0.0,-0.0008333472224535399,1.0000000000000013,0.0
75866,36.77811296854948,1.0,560,681,1241,0.0,-0.0008333472224535399,1.0000000000000013,0.0
75867,36.777279621327025,1.0,560,681,1241,0.0,-0.0008333472224535399,1.0000000000000013,0.0
75868,36.77644627410457,1.0,560,681,1241,0.0,-0.0008333472224535399,1.0000000000000013,0.0
75869,36.77561292688212,1.0,560,681,1241,0.0,-0.0008333472224535399,1.0000000000000013,0.0
75870,36.774779579659665,1.0,560,681,1241,0.0,-0.0008333472224535399,1.0000000000000013,0.0
75871,36.773946232437204,1.0,560,681,1241,0.0,-0.0008333472224606453,1.0000000000000013,0.0
75872,36.77311288521475,1.0,560,681,1241,0.0,-0.0008333472224535399,1.0000000000000013,0.0
75873,36.7722795379923,1.0,560,681,1241,0.0,-0.0008333472224535399,1.0000000000000013,0.0
75874,36.771446190769844,1.0,560,681,1241,0.0,-0.0008333472224535399,1.0000000000000013,0.0
75875,36.77061284354739,1.0,560,681,1241,0.0,-0.0008333472224535399,1.0000000000000013,0.0
75876,36.76977949632494,1.0,560,681,1241,0.0,-0.0008333472224535399,1.0000000000000013,0.0
75877,36.76894614910248,1.0,560,681,1241,0.0,-0.0008333472224535399,1.0000000000000013,0.0
75878,36.76811280188003,1.0,560,681,1241,0.0,-0.0008333472224535399,1.0000000000000013,0.0
75879,36.767279454657576,1.0,560,681,1241,0.0,-0.0008333472224535399,1.0000000000000013,0.0
75880,36.76644610743512,1.0,560,681,1241,0.0,-0.0008333472224535399,1.0000000000000013,0.0
75881,36.76561276021267,1.0,560,681,1241,0.0,-0.0008333472224535399,1.0000000000000013,0.0
75882,36.764779412990215,1.0,560,681,1241,0.0,-0.0008333472224535399,1.0000000000000013,0.0
75883,36.76394606576776,1.0,560,681,1241,0.0,-0.0008333472224535399,1.0000000000000013,0.0
75884,36.76311271854531,1.0,560,681,1241,0.0,-0.0008333472224535399,1.0000000000000013,0.0
75885,36.762279371322855,1.0,560,681,1241,0.0,-0.0008333472224535399,1.0000000000000013,0.0
75886,36.7614460241004,1.0,560,681,1241,0.0,-0.0008333472224535399,1.0000000000000013,0.0
75887,36.76061267687795,1.0,560,681,1241,0.0,-0.0008333472224535399,1.0000000000000013,0.0
75888,36.759779329655494,1.0,560,681,1241,0.0,-0.0008333472224535399,1.0000000000000013,0.0
75889,36.75894598243304,1.0,560,681,1241,0.0,-0.0008333472224535399,1.0000000000000013,0.0
75890,36.75811263521059,1.0,560,681,1241,0.0,-0.0008333472224535399,1.0000000000000013,0.0
75891,36.75727928798813,1.0,560,681,1241,0.0,-0.0008333472224535399,1.0000000000000013,0.0
75892,36.75644594076568,1.0,560,681,1241,0.0,-0.0008333472224535399,1.0000000000000013,0.0
75893,36.755612593543226,1.0,560,681,1241,0.0,-0.0008333472224535399,1.0000000000000013,0.0
75894,36.75477924632077,1.0,560,681,1241,0.0,-0.0008333472224535399,1.0000000000000013,0.0
75895,36.75394589909832,1.0,560,681,1241,0.0,-0.0008333472224535399,1.0000000000000013,0.0
75896,36.753112551875866,1.0,560,681,1241,0.0,-0.0008333472224535399,1.0000000000000013,0.0
75897,36.75227920465341,1.0,560,681,1241,0.0,-0.0008333472224535399,1.0000000000000013,0.0
75898,36.75144585743096,1.0,560,681,1241,0.0,-0.0008333472224535399,1.0000000000000013,0.0
75899,36.750612510208505,1.0,560,681,1241,0.0,-0.0008333472224535399,1.0000000000000013,0.0
75900,36.74977916298605,1.0,560,681,1241,0.0,-0.0008333472224535399,1.0000000000000013,0.0
75901,36.7489458157636,1.0,560,681,1241,0.0,-0.0008333472224535399,1.0000000000000013,0.0
75902,36.748112468541144,1.0,560,681,1241,0.0,-0.0008333472224535399,1.0000000000000013,0.0
75903,36.747279121318684,1.0,560,681,1241,0.0,-0.0008333472224606453,1.0000000000000013,0.0
75904,36.74644577409623,0.9991941982272361,560,681,1241,-0.0008058017727639033,-0.0008333472224535399,0.999919419822725,-8.058017727639034e-05
75905,36.74561242687378,0.9983883964544722,560,681,1241,-0.0008058017727639033,-0.0008333472224535399,0.9997582594681724,-0.00016116035455278067
75906,36.74477907965132,0.9991941982272361,560,681,1241,0.0008058017727639033,-0.0008333472224535399,0.999677679290896,-8.058017727639034e-05
75907,36.74394573242887,0.9991941982272361,560,681,1241,0.0,-0.0008333472224535399,0.9995970991136197,-8.058017727639034e-05
75908,36.743112385206416,0.9991941982272361,560,681,1241,0.0,-0.0008333472224535399,0.9995165189363433,-8.058017727639034e-05
75909,36.74227903798396,0.9991941982272361,560,681,1241,0.0,-0.0008333472224535399,0.999435938759067,-8.058017727639034e-05
75910,36.74144569076151,1.0,560,681,1241,0.0008058017727639033,-0.0008333472224535399,0.999435938759067,0.0
75911,36.740612343539055,0.9991941982272361,560,681,1241,-0.0008058017727639033,-0.0008333472224535399,0.9993553585817907,-8.058017727639034e-05
75912,36.7397789963166,0.9991941982272361,560,681,1241,0.0,-0.0008333472224535399,0.9992747784045143,-8.058017727639034e-05
75913,36.73894564909415,1.0,560,681,1241,0.0008058017727639033,-0.0008333472224535399,0.9992747784045143,0.0
75914,36.738112301871695,1.0,560,681,1241,0.0,-0.0008333472224535399,0.9993553585817907,8.058017727639034e-05
75915,36.73727895464924,1.0,560,681,1241,0.0,-0.0008333472224535399,0.9995165189363433,0.00016116035455278067
75916,36.73644560742679,1.0,560,681,1241,0.0,-0.0008333472224535399,0.9995970991136197,8.058017727639034e-05
75917,36.735612260204334,1.0,560,681,1241,0.0,-0.0008333472224535399,0.999677679290896,8.058017727639034e-05
75918,36.73477891298188,1.0,560,681,1241,0.0,-0.0008333472224535399,0.9997582594681724,8.058017727639034e-05
75919,36.73394556575943,1.0,560,681,1241,0.0,-0.0008333472224535399,0.9998388396454487,8.058017727639034e-05
75920,36.733112218536974,1.0,560,681,1241,0.0,-0.0008333472224535399,0.9998388396454487,0.0
75921,36.73227887131452,1.0,560,681,1241,0.0,-0.0008333472224535399,0.999919419822725,8.058017727639034e-05
75922,36.73144552409207,1.0,560,681,1241,0.0,-0.0008333472224535399,1.0000000000000013,8.058017727639034e-05
75923,36.73061217686961,1.0,560,681,1241,0.0,-0.0008333472224535399,1.0000000000000013,0.0
75924,36.72977882964716,1.0,560,681,1241,0.0,-0.0008333472224535399,1.0000000000000013,0.0
75925,36.728945482424706,1.0,560,681,1241,0.0,-0.0008333472224535399,1.0000000000000013,0.0
75926,36.72811213520225,1.0,560,681,1241,0.0,-0.0008333472224535399,1.0000000000000013,0.0
75927,36.7272787879798,1.0,560,681,1241,0.0,-0.0008333472224535399,1.0000000000000013,0.0
75928,36.726445440757345,1.0,560,681,1241,0.0,-0.0008333472224535399,1.0000000000000013,0.0
75929,36.72561209353489,1.0,560,681,1241,0.0,-0.0008333472224535399,1.0000000000000013,0.0
75930,36.72477874631244,1.0,560,681,1241,0.0,-0.0008333472224535399,1.0000000000000013,0.0
75931,36.723945399089985,1.0,560,681,1241,0.0,-0.0008333472224535399,1.0000000000000013,0.0
75932,36.72311205186753,1.0,560,681,1241,0.0,-0.0008333472224535399,1.0000000000000013,0.0
75933,36.72227870464508,1.0,560,681,1241,0.0,-0.0008333472224535399,1.0000000000000013,0.0
75934,36.721445357422624,1.0,560,681,1241,0.0,-0.0008333472224535399,1.0000000000000013,0.0
75935,36.72061201020017,1.0,560,681,1241,0.0,-0.0008333472224535399,1.0000000000000013,0.0
75936,36.71977866297772,1.0,560,681,1241,0.0,-0.0008333472224535399,1.0000000000000013,0.0
75937,36.71894531575526,1.0,560,681,1241,0.0,-0.0008333472224535399,1.0000000000000013,0.0
75938,36.71811196853281,1.0,560,681,1241,0.0,-0.0008333472224535399,1.0000000000000013,0.0
75939,36.717278621310356,1.0,560,681,1241,0.0,-0.0008333472224535399,1.0000000000000013,0.0
75940,36.7164452740879,1.0,560,681,1241,0.0,-0.0008333472224535399,1.0000000000000013,0.0
75941,36.71561192686545,1.0,560,681,1241,0.0,-0.0008333472224535399,1.0000000000000013,0.0
75942,36.714778579642996,1.0,560,681,1241,0.0,-0.0008333472224535399,1.0000000000000013,0.0
75943,36.71394523242054,0.9991941982272361,560,681,1241,-0.0008058017727639033,-0.0008333472224535399,0.999919419822725,-8.058017727639034e-05
75944,36.71311188519809,0.9991941982272361,560,681,1241,0.0,-0.0008333472224535399,0.9998388396454487,-8.058017727639034e-05
75945,36.712278537975635,0.9991941982272361,560,681,1241,0.0,-0.0008333472224535399,0.9997582594681724,-8.058017727639034e-05
75946,36.71144519075318,0.9983883964544722,560,681,1241,-0.0008058017727639033,-0.0008333472224535399,0.9995970991136197,-0.00016116035455278067
75947,36.71061184353073,0.9991941982272361,560,681,1241,0.0008058017727639033,-0.0008333472224535399,0.9995165189363433,-8.058017727639034e-05
75948,36.709778496308274,0.9991941982272361,560,681,1241,0.0,-0.0008333472224535399,0.999435938759067,-8.058017727639034e-05
75949,36.70894514908582,1.0,560,681,1241,0.0008058017727639033,-0.0008333472224535399,0.999435938759067,0.0
75950,36.70811180186337,1.0,560,681,1241,0.0,-0.0008333472224535399,0.999435938759067,0.0
75951,36.707278454640914,1.0,560,681,1241,0.0,-0.0008333472224535399,0.999435938759067,0.0
75952,36.70644510741846,1.0,560,681,1241,0.0,-0.0008333472224535399,0.999435938759067,0.0
75953,36.70561176019601,1.0,560,681,1241,0.0,-0.0008333472224535399,0.9995165189363433,8.058017727639034e-05
75954,36.70477841297355,1.0,560,681,1241,0.0,-0.0008333472224535399,0.9995970991136197,8.058017727639034e-05
75955,36.7039450657511,1.0,560,681,1241,0.0,-0.0008333472224535399,0.999677679290896,8.058017727639034e-05
75956,36.70311171852864,1.0,560,681,1241,0.0,-0.0008333472224606453,0.9998388396454487,0.00016116035455278067
75957,36.702278371306186,0.9991941982272361,560,681,1241,-0.0008058017727639033,-0.0008333472224535399,0.9998388396454487,0.0
75958,36.70144502408373,0.9991941982272361,560,681,1241,0.0,-0.0008333472224535399,0.9998388396454487,0.0
75959,36.70061167686128,0.9991941982272361,560,681,1241,0.0,-0.0008333472224535399,0.9997582594681724,-8.058017727639034e-05
75960,36.699778329638825,0.9991941982272361,560,681,1241,0.0,-0.0008333472224535399,0.999677679290896,-8.058017727639034e-05
75961,36.69894498241637,0.9991941982272361,560,681,1241,0.0,-0.0008333472224535399,0.9995970991136197,-8.058017727639034e-05
75962,36.69811163519392,1.0,560,681,1241,0.0008058017727639033,-0.0008333472224535399,0.9995970991136197,0.0
75963,36.697278287971464,1.0,560,681,1241,0.0,-0.0008333472224535399,0.9995970991136197,0.0
75964,36.69644494074901,0.9991941982272361,560,681,1241,-0.0008058017727639033,-0.0008333472224535399,0.9995165189363433,-8.058017727639034e-05
75965,36.69561159352656,0.9991941982272361,560,681,1241,0.0,-0.0008333472224535399,0.999435938759067,-8.058017727639034e-05
75966,36.694778246304104,1.0,560,681,1241,0.0008058017727639033,-0.0008333472224535399,0.999435938759067,0.0
75967,36.69394489908165,1.0,560,681,1241,0.0,-0.0008333472224535399,0.9995165189363433,8.058017727639034e-05
75968,36.6931115518592,1.0,560,681,1241,0.0,-0.0008333472224535399,0.9995970991136197,8.058017727639034e-05
75969,36.69227820463674,1.0,560,681,1241,0.0,-0.0008333472224535399,0.999677679290896,8.058017727639034e-05
75970,36.69144485741429,1.0,560,681,1241,0.0,-0.0008333472224535399,0.9997582594681724,8.058017727639034e-05
75971,36.690611510191836,1.0,560,681,1241,0.0,-0.0008333472224535399,0.9998388396454487,8.058017727639034e-05
75972,36.68977816296938,1.0,560,681,1241,0.0,-0.0008333472224535399,0.9998388396454487,0.0
75973,36.68894481574693,1.0,560,681,1241,0.0,-0.0008333472224535399,0.9998388396454487,0.0
75974,36.688111468524475,1.0,560,681,1241,0.0,-0.0008333472224535399,0.999919419822725,8.058017727639034e-05
75975,36.68727812130202,1.0,560,681,1241,0.0,-0.0008333472224535399,1.0000000000000013,8.058017727639034e-05
75976,36.68644477407957,1.0,560,681,1241,0.0,-0.0008333472224535399,1.0000000000000013,0.0
75977,36.685611426857115,1.0,560,681,1241,0.0,-0.0008333472224535399,1.0000000000000013,0.0
75978,36.68477807963466,1.0,560,681,1241,0.0,-0.0008333472224535399,1.0000000000000013,0.0
75979,36.68394473241221,1.0,560,681,1241,0.0,-0.0008333472224535399,1.0000000000000013,0.0
75980,36.683111385189754,0.9991941982272361,560,681,1241,-0.0008058017727639033,-0.0008333472224535399,0.999919419822725,-8.058017727639034e-05
75981,36.6822780379673,0.9991941982272361,560,681,1241,0.0,-0.0008333472224535399,0.9998388396454487,-8.058017727639034e-05
75982,36.68144469074485,1.0,560,681,1241,0.0008058017727639033,-0.0008333472224535399,0.9998388396454487,0.0
75983,36.68061134352239,1.0,560,681,1241,0.0,-0.0008333472224535399,0.9998388396454487,0.0
75984,36.67977799629994,1.0,560,681,1241,0.0,-0.0008333472224535399,0.9998388396454487,0.0
75985,36.678944649077486,1.0,560,681,1241,0.0,-0.0008333472224535399,0.9998388396454487,0.0
75986,36.67811130185503,1.0,560,681,1241,0.0,-0.0008333472224535399,0.9998388396454487,0.0
75987,36.67727795463257,1.0,560,681,1241,0.0,-0.0008333472224606453,0.9998388396454487,0.0
75988,36.67644460741012,1.0,560,681,1241,0.0,-0.0008333472224535399,0.9998388396454487,0.0
75989,36.675611260187665,1.0,560,681,1241,0.0,-0.0008333472224535399,0.9998388396454487,0.0
75990,36.67477791296521,1.0,560,681,1241,0.0,-0.0008333472224535399,0.999919419822725,8.058017727639034e-05
75991,36.67394456574276,1.0,560,681,1241,0.0,-0.0008333472224535399,1.0000000000000013,8.058017727639034e-05
75992,36.673111218520305,0.9983883964544722,560,681,1241,-0.0016116035455278066,-0.0008333472224535399,0.9998388396454487,-0.00016116035455278067
75993,36.67227787129785,0.9991941982272361,560,681,1241,0.0008058017727639033,-0.0008333472224535399,0.9997582594681724,-8.058017727639034e-05
75994,36.6714445240754,1.0,560,681,1241,0.0008058017727639033,-0.0008333472224535399,0.9997582594681724,0.0
75995,36.670611176852944,1.0,560,681,1241,0.0,-0.0008333472224535399,0.9997582594681724,0.0
75996,36.66977782963049,1.0,560,681,1241,0.0,-0.0008333472224535399,0.9997582594681724,0.0
75997,36.66894448240804,1.0,560,681,1241,0.0,-0.0008333472224535399,0.9997582594681724,0.0
75998,36.66811113518558,1.0,560,681,1241,0.0,-0.0008333472224535399,0.9997582594681724,0.0
75999,36.66727778796313,1.0,560,681,1241,0.0,-0.0008333472224535399,0.9997582594681724,0.0
76000,36.666444440740676,1.0,560,681,1241,0.0,-0.0008333472224535399,0.9997582594681724,0.0
76001,36.66561109351822,1.0,560,681,1241,0.0,-0.0008333472224535399,0.9997582594681724,0.0
76002,36.66477774629577,1.0,560,681,1241,0.0,-0.0008333472224535399,0.999919419822725,0.00016116035455278067
76003,36.663944399073316,1.0,560,681,1241,0.0,-0.0008333472224535399,1.0000000000000013,8.058017727639034e-05
76004,36.66311105185086,1.0,560,681,1241,0.0,-0.0008333472224535399,1.0000000000000013,0.0
76005,36.66227770462841,1.0,560,681,1241,0.0,-0.0008333472224535399,1.0000000000000013,0.0
76006,36.661444357405955,1.0,560,681,1241,0.0,-0.0008333472224535399,1.0000000000000013,0.0
76007,36.6606110101835,1.0,560,681,1241,0.0,-0.0008333472224535399,1.0000000000000013,0.0
76008,36.65977766296105,1.0,560,681,1241,0.0,-0.0008333472224535399,1.0000000000000013,0.0
76009,36.658944315738594,1.0,560,681,1241,0.0,-0.0008333472224535399,1.0000000000000013,0.0
76010,36.65811096851614,1.0,560,681,1241,0.0,-0.0008333472224535399,1.0000000000000013,0.0
76011,36.65727762129369,1.0,560,681,1241,0.0,-0.0008333472224535399,1.0000000000000013,0.0
76012,36.656444274071234,1.0,560,681,1241,0.0,-0.0008333472224535399,1.0000000000000013,0.0
76013,36.65561092684878,1.0,560,681,1241,0.0,-0.0008333472224535399,1.0000000000000013,0.0
76014,36.65477757962633,1.0,560,681,1241,0.0,-0.0008333472224535399,1.0000000000000013,0.0
76015,36.65394423240387,1.0,560,681,1241,0.0,-0.0008333472224535399,1.0000000000000013,0.0
76016,36.65311088518142,1.0,560,681,1241,0.0,-0.0008333472224535399,1.0000000000000013,0.0
76017,36.652277537958966,1.0,560,681,1241,0.0,-0.0008333472224535399,1.0000000000000013,0.0
76018,36.65144419073651,1.0,560,681,1241,0.0,-0.0008333472224535399,1.0000000000000013,0.0
76019,36.65061084351406,0.9991941982272361,560,681,1241,-0.0008058017727639033,-0.0008333472224535399,0.999919419822725,-8.058017727639034e-05
76020,36.649777496291605,0.9991941982272361,560,681,1241,0.0,-0.0008333472224535399,0.9998388396454487,-8.058017727639034e-05
76021,36.64894414906915,0.9991941982272361,560,681,1241,0.0,-0.0008333472224535399,0.9997582594681724,-8.058017727639034e-05
76022,36.6481108018467,0.9991941982272361,560,681,1241,0.0,-0.0008333472224535399,0.999677679290896,-8.058017727639034e-05
76023,36.647277454624245,0.9991941982272361,560,681,1241,0.0,-0.0008333472224535399,0.9995970991136197,-8.058017727639034e-05
76024,36.64644410740179,1.0,560,681,1241,0.0008058017727639033,-0.0008333472224535399,0.9995970991136197,0.0
76025,36.64561076017934,1.0,560,681,1241,0.0,-0.0008333472224535399,0.9995970991136197,0.0
76026,36.644777412956884,1.0,560,681,1241,0.0,-0.0008333472224535399,0.9995970991136197,0.0
76027,36.64394406573443,1.0,560,681,1241,0.0,-0.0008333472224535399,0.9995970991136197,0.0
76028,36.64311071851198,1.0,560,681,1241,0.0,-0.0008333472224535399,0.9995970991136197,0.0
76029,36.642277371289524,1.0,560,681,1241,0.0,-0.0008333472224535399,0.999677679290896,8.058017727639034e-05
76030,36.64144402406707,1.0,560,681,1241,0.0,-0.0008333472224535399,0.9997582594681724,8.058017727639034e-05
76031,36.64061067684462,1.0,560,681,1241,0.0,-0.0008333472224535399,0.9998388396454487,8.058017727639034e-05
76032,36.63977732962216,1.0,560,681,1241,0.0,-0.0008333472224535399,0.999919419822725,8.058017727639034e-05
76033,36.63894398239971,1.0,560,681,1241,0.0,-0.0008333472224535399,1.0000000000000013,8.058017727639034e-05
76034,36.638110635177256,1.0,560,681,1241,0.0,-0.0008333472224535399,1.0000000000000013,0.0
76035,36.6372772879548,1.0,560,681,1241,0.0,-0.0008333472224535399,1.0000000000000013,0.0
76036,36.63644394073235,1.0,560,681,1241,0.0,-0.0008333472224535399,1.0000000000000013,0.0
76037,36.635610593509895,1.0,560,681,1241,0.0,-0.0008333472224535399,1.0000000000000013,0.0
76038,36.63477724628744,1.0,560,681,1241,0.0,-0.0008333472224535399,1.0000000000000013,0.0
76039,36.63394389906499,1.0,560,681,1241,0.0,-0.0008333472224535399,1.0000000000000013,0.0
76040,36.63311055184253,1.0,560,681,1241,0.0,-0.0008333472224606453,1.0000000000000013,0.0
76041,36.632277204620074,1.0,560,681,1241,0.0,-0.0008333472224535399,1.0000000000000013,0.0
76042,36.63144385739762,1.0,560,681,1241,0.0,-0.0008333472224535399,1.0000000000000013,0.0
76043,36.63061051017517,1.0,560,681,1241,0.0,-0.0008333472224535399,1.0000000000000013,0.0
76044,36.62977716295271,1.0,560,681,1241,0.0,-0.0008333472224535399,1.0000000000000013,0.0
76045,36.62894381573026,1.0,560,681,1241,0.0,-0.0008333472224535399,1.0000000000000013,0.0
76046,36.628110468507806,1.0,560,681,1241,0.0,-0.0008333472224535399,1.0000000000000013,0.0
76047,36.62727712128535,1.0,560,681,1241,0.0,-0.0008333472224535399,1.0000000000000013,0.0
76048,36.6264437740629,1.0,560,681,1241,0.0,-0.0008333472224535399,1.0000000000000013,0.0
76049,36.625610426840446,1.0,560,681,1241,0.0,-0.0008333472224535399,1.0000000000000013,0.0
76050,36.62477707961799,1.0,560,681,1241,0.0,-0.0008333472224535399,1.0000000000000013,0.0
76051,36.62394373239554,1.0,560,681,1241,0.0,-0.0008333472224535399,1.0000000000000013,0.0
76052,36.623110385173085,1.0,560,681,1241,0.0,-0.0008333472224535399,1.0000000000000013,0.0
76053,36.62227703795063,1.0,560,681,1241,0.0,-0.0008333472224535399,1.0000000000000013,0.0
76054,36.62144369072818,1.0,560,681,1241,0.0,-0.0008333472224535399,1.0000000000000013,0.0
76055,36.620610343505724,1.0,560,681,1241,0.0,-0.0008333472224535399,1.0000000000000013,0.0
76056,36.61977699628327,1.0,560,681,1241,0.0,-0.0008333472224535399,1.0000000000000013,0.0
76057,36.61894364906082,0.9991941982272361,560,681,1241,-0.0008058017727639033,-0.0008333472224535399,0.999919419822725,-8.058017727639034e-05
76058,36.618110301838364,1.0,560,681,1241,0.0008058017727639033,-0.0008333472224535399,0.999919419822725,0.0
76059,36.61727695461591,1.0,560,681,1241,0.0,-0.0008333472224535399,0.999919419822725,0.0
76060,36.61644360739346,1.0,560,681,1241,0.0,-0.0008333472224535399,0.999919419822725,0.0
76061,36.615610260171,1.0,560,681,1241,0.0,-0.0008333472224535399,0.999919419822725,0.0
76062,36.61477691294855,1.0,560,681,1241,0.0,-0.0008333472224535399,0.999919419822725,0.0
76063,36.613943565726096,1.0,560,681,1241,0.0,-0.0008333472224535399,0.999919419822725,0.0
76064,36.61311021850364,0.9991941982272361,560,681,1241,-0.0008058017727639033,-0.0008333472224535399,0.9998388396454487,-8.058017727639034e-05
76065,36.61227687128119,0.9991941982272361,560,681,1241,0.0,-0.0008333472224535399,0.9997582594681724,-8.058017727639034e-05
76066,36.611443524058735,0.9991941982272361,560,681,1241,0.0,-0.0008333472224535399,0.999677679290896,-8.058017727639034e-05
76067,36.61061017683628,0.9991941982272361,560,681,1241,0.0,-0.0008333472224535399,0.999677679290896,0.0
76068,36.60977682961383,0.9991941982272361,560,681,1241,0.0,-0.0008333472224535399,0.9995970991136197,-8.058017727639034e-05
76069,36.608943482391375,0.9991941982272361,560,681,1241,0.0,-0.0008333472224535399,0.9995165189363433,-8.058017727639034e-05
76070,36.60811013516892,1.0,560,681,1241,0.0008058017727639033,-0.0008333472224535399,0.9995165189363433,0.0
76071,36.60727678794647,1.0,560,681,1241,0.0,-0.0008333472224535399,0.9995165189363433,0.0
76072,36.60644344072401,1.0,560,681,1241,0.0,-0.0008333472224606453,0.9995165189363433,0.0
76073,36.605610093501554,1.0,560,681,1241,0.0,-0.0008333472224535399,0.9995165189363433,0.0
76074,36.6047767462791,1.0,560,681,1241,0.0,-0.0008333472224535399,0.9995970991136197,8.058017727639034e-05
76075,36.60394339905665,1.0,560,681,1241,0.0,-0.0008333472224535399,0.999677679290896,8.058017727639034e-05
76076,36.60311005183419,1.0,560,681,1241,0.0,-0.0008333472224535399,0.9997582594681724,8.058017727639034e-05
76077,36.60227670461174,1.0,560,681,1241,0.0,-0.0008333472224535399,0.9998388396454487,8.058017727639034e-05
76078,36.601443357389286,1.0,560,681,1241,0.0,-0.0008333472224535399,0.999919419822725,8.058017727639034e-05
76079,36.60061001016683,1.0,560,681,1241,0.0,-0.0008333472224535399,1.0000000000000013,8.058017727639034e-05
76080,36.59977666294438,1.0,560,681,1241,0.0,-0.0008333472224535399,1.0000000000000013,0.0
76081,36.598943315721925,1.0,560,681,1241,0.0,-0.0008333472224535399,1.0000000000000013,0.0
76082,36.59810996849947,1.0,560,681,1241,0.0,-0.0008333472224535399,1.0000000000000013,0.0
76083,36.59727662127702,1.0,560,681,1241,0.0,-0.0008333472224535399,1.0000000000000013,0.0
76084,36.596443274054565,1.0,560,681,1241,0.0,-0.0008333472224535399,1.0000000000000013,0.0
76085,36.59560992683211,1.0,560,681,1241,0.0,-0.0008333472224535399,1.0000000000000013,0.0
76086,36.59477657960966,1.0,560,681,1241,0.0,-0.0008333472224535399,1.0000000000000013,0.0
76087,36.593943232387204,1.0,560,681,1241,0.0,-0.0008333472224535399,1.0000000000000013,0.0
76088,36.59310988516475,1.0,560,681,1241,0.0,-0.0008333472224535399,1.0000000000000013,0.0
76089,36.5922765379423,1.0,560,681,1241,0.0,-0.0008333472224535399,1.0000000000000013,0.0
76090,36.59144319071984,0.9991941982272361,560,681,1241,-0.0008058017727639033,-0.0008333472224535399,0.999919419822725,-8.058017727639034e-05
76091,36.59060984349739,0.9991941982272361,560,681,1241,0.0,-0.0008333472224535399,0.9998388396454487,-8.058017727639034e-05
76092,36.589776496274936,0.9991941982272361,560,681,1241,0.0,-0.0008333472224535399,0.9997582594681724,-8.058017727639034e-05
76093,36.58894314905248,0.9991941982272361,560,681,1241,0.0,-0.0008333472224535399,0.999677679290896,-8.058017727639034e-05
76094,36.58810980183003,1.0,560,681,1241,0.0008058017727639033,-0.0008333472224535399,0.999677679290896,0.0
76095,36.587276454607576,1.0,560,681,1241,0.0,-0.0008333472224535399,0.999677679290896,0.0
76096,36.58644310738512,1.0,560,681,1241,0.0,-0.0008333472224535399,0.999677679290896,0.0
76097,36.58560976016267,1.0,560,681,1241,0.0,-0.0008333472224535399,0.999677679290896,0.0
76098,36.584776412940215,1.0,560,681,1241,0.0,-0.0008333472224535399,0.999677679290896,0.0
76099,36.58394306571776,1.0,560,681,1241,0.0,-0.0008333472224535399,0.999677679290896,0.0
76100,36.58310971849531,1.0,560,681,1241,0.0,-0.0008333472224535399,0.9997582594681724,8.058017727639034e-05
76101,36.582276371272854,1.0,560,681,1241,0.0,-0.0008333472224535399,0.9998388396454487,8.058017727639034e-05
76102,36.5814430240504,1.0,560,681,1241,0.0,-0.0008333472224535399,0.999919419822725,8.058017727639034e-05
76103,36.58060967682795,1.0,560,681,1241,0.0,-0.0008333472224535399,1.0000000000000013,8.058017727639034e-05
76104,36.579776329605494,1.0,560,681,1241,0.0,-0.0008333472224535399,1.0000000000000013,0.0
76105,36.57894298238304,1.0,560,681,1241,0.0,-0.0008333472224535399,1.0000000000000013,0.0
76106,36.57810963516059,1.0,560,681,1241,0.0,-0.0008333472224535399,1.0000000000000013,0.0
76107,36.57727628793813,1.0,560,681,1241,0.0,-0.0008333472224535399,1.0000000000000013,0.0
76108,36.57644294071568,1.0,560,681,1241,0.0,-0.0008333472224535399,1.0000000000000013,0.0
76109,36.575609593493226,1.0,560,681,1241,0.0,-0.0008333472224535399,1.0000000000000013,0.0
76110,36.57477624627077,1.0,560,681,1241,0.0,-0.0008333472224535399,1.0000000000000013,0.0
76111,36.57394289904832,1.0,560,681,1241,0.0,-0.0008333472224535399,1.0000000000000013,0.0
76112,36.573109551825866,1.0,560,681,1241,0.0,-0.0008333472224535399,1.0000000000000013,0.0
76113,36.57227620460341,1.0,560,681,1241,0.0,-0.0008333472224535399,1.0000000000000013,0.0
76114,36.57144285738096,1.0,560,681,1241,0.0,-0.0008333472224535399,1.0000000000000013,0.0
76115,36.570609510158505,1.0,560,681,1241,0.0,-0.0008333472224535399,1.0000000000000013,0.0
76116,36.56977616293605,1.0,560,681,1241,0.0,-0.0008333472224535399,1.0000000000000013,0.0
76117,36.5689428157136,1.0,560,681,1241,0.0,-0.0008333472224535399,1.0000000000000013,0.0
76118,36.568109468491144,1.0,560,681,1241,0.0,-0.0008333472224535399,1.0000000000000013,0.0
76119,36.56727612126869,1.0,560,681,1241,0.0,-0.0008333472224535399,1.0000000000000013,0.0
76120,36.56644277404624,1.0,560,681,1241,0.0,-0.0008333472224535399,1.0000000000000013,0.0
76121,36.565609426823784,1.0,560,681,1241,0.0,-0.0008333472224535399,1.0000000000000013,0.0
76122,36.56477607960133,1.0,560,681,1241,0.0,-0.0008333472224535399,1.0000000000000013,0.0
76123,36.56394273237888,1.0,560,681,1241,0.0,-0.0008333472224535399,1.0000000000000013,0.0
76124,36.56310938515642,1.0,560,681,1241,0.0,-0.0008333472224535399,1.0000000000000013,0.0
76125,36.56227603793396,1.0,560,681,1241,0.0,-0.0008333472224606453,1.0000000000000013,0.0
76126,36.56144269071151,1.0,560,681,1241,0.0,-0.0008333472224535399,1.0000000000000013,0.0
76127,36.560609343489055,1.0,560,681,1241,0.0,-0.0008333472224535399,1.0000000000000013,0.0
76128,36.5597759962666,1.0,560,681,1241,0.0,-0.0008333472224535399,1.0000000000000013,0.0
76129,36.55894264904415,0.9991941982272361,560,681,1241,-0.0008058017727639033,-0.0008333472224535399,0.999919419822725,-8.058017727639034e-05
76130,36.558109301821695,0.9991941982272361,560,681,1241,0.0,-0.0008333472224535399,0.9998388396454487,-8.058017727639034e-05
76131,36.55727595459924,0.9991941982272361,560,681,1241,0.0,-0.0008333472224535399,0.9997582594681724,-8.058017727639034e-05
76132,36.55644260737679,0.9991941982272361,560,681,1241,0.0,-0.0008333472224535399,0.999677679290896,-8.058017727639034e-05
76133,36.555609260154334,0.9991941982272361,560,681,1241,0.0,-0.0008333472224535399,0.9995970991136197,-8.058017727639034e-05
76134,36.55477591293188,0.9991941982272361,560,681,1241,0.0,-0.0008333472224535399,0.9995165189363433,-8.058017727639034e-05
76135,36.55394256570943,0.9991941982272361,560,681,1241,0.0,-0.0008333472224535399,0.999435938759067,-8.058017727639034e-05
76136,36.55310921848697,1.0,560,681,1241,0.0008058017727639033,-0.0008333472224535399,0.999435938759067,0.0
76137,36.55227587126452,1.0,560,681,1241,0.0,-0.0008333472224535399,0.999435938759067,0.0
76138,36.551442524042066,1.0,560,681,1241,0.0,-0.0008333472224535399,0.999435938759067,0.0
76139,36.55060917681961,1.0,560,681,1241,0.0,-0.0008333472224535399,0.9995165189363433,8.058017727639034e-05
76140,36.54977582959716,1.0,560,681,1241,0.0,-0.0008333472224535399,0.9995970991136197,8.058017727639034e-05
76141,36.548942482374706,1.0,560,681,1241,0.0,-0.0008333472224535399,0.999677679290896,8.058017727639034e-05
76142,36.54810913515225,1.0,560,681,1241,0.0,-0.0008333472224535399,0.9997582594681724,8.058017727639034e-05
76143,36.5472757879298,1.0,560,681,1241,0.0,-0.0008333472224535399,0.9998388396454487,8.058017727639034e-05
76144,36.546442440707345,1.0,560,681,1241,0.0,-0.0008333472224535399,0.999919419822725,8.058017727639034e-05
76145,36.54560909348489,1.0,560,681,1241,0.0,-0.0008333472224535399,1.0000000000000013,8.058017727639034e-05
76146,36.54477574626244,1.0,560,681,1241,0.0,-0.0008333472224535399,1.0000000000000013,0.0
76147,36.543942399039985,0.9991941982272361,560,681,1241,-0.0008058017727639033,-0.0008333472224535399,0.999919419822725,-8.058017727639034e-05
76148,36.54310905181753,0.9991941982272361,560,681,1241,0.0,-0.0008333472224535399,0.9998388396454487,-8.058017727639034e-05
76149,36.54227570459508,0.9991941982272361,560,681,1241,0.0,-0.0008333472224535399,0.9997582594681724,-8.058017727639034e-05
76150,36.541442357372624,0.9991941982272361,560,681,1241,0.0,-0.0008333472224535399,0.999677679290896,-8.058017727639034e-05
76151,36.54060901015017,1.0,560,681,1241,0.0008058017727639033,-0.0008333472224535399,0.999677679290896,0.0
76152,36.53977566292772,1.0,560,681,1241,0.0,-0.0008333472224535399,0.999677679290896,0.0
76153,36.53894231570526,1.0,560,681,1241,0.0,-0.0008333472224535399,0.999677679290896,0.0
76154,36.53810896848281,1.0,560,681,1241,0.0,-0.0008333472224535399,0.999677679290896,0.0
76155,36.537275621260356,1.0,560,681,1241,0.0,-0.0008333472224535399,0.999677679290896,0.0
76156,36.5364422740379,1.0,560,681,1241,0.0,-0.0008333472224535399,0.999677679290896,0.0
76157,36.53560892681544,0.9991941982272361,560,681,1241,-0.0008058017727639033,-0.0008333472224606453,0.999677679290896,0.0
76158,36.53477557959299,0.9991941982272361,560,681,1241,0.0,-0.0008333472224535399,0.999677679290896,0.0
76159,36.533942232370535,0.9991941982272361,560,681,1241,0.0,-0.0008333472224535399,0.999677679290896,0.0
76160,36.53310888514808,1.0,560,681,1241,0.0008058017727639033,-0.0008333472224535399,0.9997582594681724,8.058017727639034e-05
76161,36.53227553792563,1.0,560,681,1241,0.0,-0.0008333472224535399,0.9997582594681724,0.0
76162,36.531442190703174,1.0,560,681,1241,0.0,-0.0008333472224535399,0.9997582594681724,0.0
76163,36.53060884348072,1.0,560,681,1241,0.0,-0.0008333472224535399,0.9997582594681724,0.0
76164,36.52977549625827,1.0,560,681,1241,0.0,-0.0008333472224535399,0.9997582594681724,0.0
76165,36.528942149035814,1.0,560,681,1241,0.0,-0.0008333472224535399,0.9997582594681724,0.0
76166,36.52810880181336,1.0,560,681,1241,0.0,-0.0008333472224535399,0.9997582594681724,0.0
76167,36.52727545459091,1.0,560,681,1241,0.0,-0.0008333472224535399,0.9998388396454487,8.058017727639034e-05
76168,36.52644210736845,1.0,560,681,1241,0.0,-0.0008333472224535399,0.999919419822725,8.058017727639034e-05
76169,36.525608760146,1.0,560,681,1241,0.0,-0.0008333472224535399,1.0000000000000013,8.058017727639034e-05
76170,36.524775412923546,1.0,560,681,1241,0.0,-0.0008333472224535399,1.0000000000000013,0.0
76171,36.52394206570109,1.0,560,681,1241,0.0,-0.0008333472224535399,1.0000000000000013,0.0
76172,36.52310871847864,1.0,560,681,1241,0.0,-0.0008333472224535399,1.0000000000000013,0.0
76173,36.522275371256185,1.0,560,681,1241,0.0,-0.0008333472224535399,1.0000000000000013,0.0
76174,36.52144202403373,1.0,560,681,1241,0.0,-0.0008333472224535399,1.0000000000000013,0.0
76175,36.52060867681128,1.0,560,681,1241,0.0,-0.0008333472224535399,1.0000000000000013,0.0
76176,36.519775329588825,1.0,560,681,1241,0.0,-0.0008333472224535399,1.0000000000000013,0.0
76177,36.51894198236637,1.0,560,681,1241,0.0,-0.0008333472224535399,1.0000000000000013,0.0
76178,36.51810863514392,1.0,560,681,1241,0.0,-0.0008333472224535399,1.0000000000000013,0.0
76179,36.517275287921464,1.0,560,681,1241,0.0,-0.0008333472224535399,1.0000000000000013,0.0
76180,36.51644194069901,1.0,560,681,1241,0.0,-0.0008333472224535399,1.0000000000000013,0.0
76181,36.51560859347656,1.0,560,681,1241,0.0,-0.0008333472224535399,1.0000000000000013,0.0
76182,36.5147752462541,1.0,560,681,1241,0.0,-0.0008333472224535399,1.0000000000000013,0.0
76183,36.51394189903165,1.0,560,681,1241,0.0,-0.0008333472224535399,1.0000000000000013,0.0
76184,36.5131085518092,1.0,560,681,1241,0.0,-0.0008333472224535399,1.0000000000000013,0.0
76185,36.51227520458674,0.9991941982272361,560,681,1241,-0.0008058017727639033,-0.0008333472224535399,0.999919419822725,-8.058017727639034e-05
76186,36.51144185736429,1.0,560,681,1241,0.0008058017727639033,-0.0008333472224535399,0.999919419822725,0.0
76187,36.510608510141836,1.0,560,681,1241,0.0,-0.0008333472224535399,0.999919419822725,0.0
76188,36.50977516291938,1.0,560,681,1241,0.0,-0.0008333472224535399,0.999919419822725,0.0
76189,36.50894181569693,1.0,560,681,1241,0.0,-0.0008333472224535399,0.999919419822725,0.0
76190,36.508108468474475,1.0,560,681,1241,0.0,-0.0008333472224535399,0.999919419822725,0.0
76191,36.50727512125202,1.0,560,681,1241,0.0,-0.0008333472224535399,0.999919419822725,0.0
76192,36.50644177402957,1.0,560,681,1241,0.0,-0.0008333472224535399,0.999919419822725,0.0
76193,36.505608426807115,1.0,560,681,1241,0.0,-0.0008333472224535399,0.999919419822725,0.0
76194,36.50477507958466,1.0,560,681,1241,0.0,-0.0008333472224535399,0.999919419822725,0.0
76195,36.50394173236221,1.0,560,681,1241,0.0,-0.0008333472224535399,1.0000000000000013,8.058017727639034e-05
76196,36.503108385139754,1.0,560,681,1241,0.0,-0.0008333472224535399,1.0000000000000013,0.0
76197,36.5022750379173,1.0,560,681,1241,0.0,-0.0008333472224535399,1.0000000000000013,0.0
76198,36.50144169069485,1.0,560,681,1241,0.0,-0.0008333472224535399,1.0000000000000013,0.0
76199,36.50060834347239,1.0,560,681,1241,0.0,-0.0008333472224535399,1.0000000000000013,0.0
76200,36.49977499624994,1.0,560,681,1241,0.0,-0.0008333472224535399,1.0000000000000013,0.0
76201,36.498941649027486,1.0,560,681,1241,0.0,-0.0008333472224535399,1.0000000000000013,0.0
76202,36.49810830180503,1.0,560,681,1241,0.0,-0.0008333472224535399,1.0000000000000013,0.0
76203,36.49727495458258,1.0,560,681,1241,0.0,-0.0008333472224535399,1.0000000000000013,0.0
76204,36.496441607360126,1.0,560,681,1241,0.0,-0.0008333472224535399,1.0000000000000013,0.0
76205,36.49560826013767,1.0,560,681,1241,0.0,-0.0008333472224535399,1.0000000000000013,0.0
76206,36.49477491291522,1.0,560,681,1241,0.0,-0.0008333472224535399,1.0000000000000013,0.0
76207,36.493941565692765,1.0,560,681,1241,0.0,-0.0008333472224535399,1.0000000000000013,0.0
76208,36.49310821847031,1.0,560,681,1241,0.0,-0.0008333472224535399,1.0000000000000013,0.0
76209,36.49227487124786,1.0,560,681,1241,0.0,-0.0008333472224535399,1.0000000000000013,0.0
76210,36.4914415240254,1.0,560,681,1241,0.0,-0.0008333472224606453,1.0000000000000013,0.0
76211,36.490608176802944,1.0,560,681,1241,0.0,-0.0008333472224535399,1.0000000000000013,0.0
76212,36.48977482958049,1.0,560,681,1241,0.0,-0.0008333472224535399,1.0000000000000013,0.0
76213,36.48894148235804,1.0,560,681,1241,0.0,-0.0008333472224535399,1.0000000000000013,0.0
76214,36.48810813513558,1.0,560,681,1241,0.0,-0.0008333472224535399,1.0000000000000013,0.0
76215,36.48727478791313,1.0,560,681,1241,0.0,-0.0008333472224535399,1.0000000000000013,0.0
76216,36.486441440690676,1.0,560,681,1241,0.0,-0.0008333472224535399,1.0000000000000013,0.0
76217,36.48560809346822,1.0,560,681,1241,0.0,-0.0008333472224535399,1.0000000000000013,0.0
76218,36.48477474624577,1.0,560,681,1241,0.0,-0.0008333472224535399,1.0000000000000013,0.0
76219,36.483941399023315,1.0,560,681,1241,0.0,-0.0008333472224535399,1.0000000000000013,0.0
76220,36.48310805180086,1.0,560,681,1241,0.0,-0.0008333472224535399,1.0000000000000013,0.0
76221,36.48227470457841,1.0,560,681,1241,0.0,-0.0008333472224535399,1.0000000000000013,0.0
76222,36.481441357355955,1.0,560,681,1241,0.0,-0.0008333472224535399,1.0000000000000013,0.0
76223,36.4806080101335,1.0,560,681,1241,0.0,-0.0008333472224535399,1.0000000000000013,0.0
76224,36.47977466291105,1.0,560,681,1241,0.0,-0.0008333472224535399,1.0000000000000013,0.0
76225,36.478941315688594,1.0,560,681,1241,0.0,-0.0008333472224535399,1.0000000000000013,0.0
76226,36.47810796846614,1.0,560,681,1241,0.0,-0.0008333472224535399,1.0000000000000013,0.0
76227,36.47727462124369,1.0,560,681,1241,0.0,-0.0008333472224535399,1.0000000000000013,0.0
76228,36.476441274021234,1.0,560,681,1241,0.0,-0.0008333472224535399,1.0000000000000013,0.0
76229,36.47560792679878,1.0,560,681,1241,0.0,-0.0008333472224535399,1.0000000000000013,0.0
76230,36.47477457957633,1.0,560,681,1241,0.0,-0.0008333472224535399,1.0000000000000013,0.0
76231,36.47394123235387,1.0,560,681,1241,0.0,-0.0008333472224535399,1.0000000000000013,0.0
76232,36.47310788513142,1.0,560,681,1241,0.0,-0.0008333472224535399,1.0000000000000013,0.0
76233,36.472274537908966,1.0,560,681,1241,0.0,-0.0008333472224535399,1.0000000000000013,0.0
76234,36.47144119068651,1.0,560,681,1241,0.0,-0.0008333472224535399,1.0000000000000013,0.0
76235,36.47060784346406,1.0,560,681,1241,0.0,-0.0008333472224535399,1.0000000000000013,0.0
76236,36.469774496241605,1.0,560,681,1241,0.0,-0.0008333472224535399,1.0000000000000013,0.0
76237,36.46894114901915,1.0,560,681,1241,0.0,-0.0008333472224535399,1.0000000000000013,0.0
76238,36.4681078017967,1.0,560,681,1241,0.0,-0.0008333472224535399,1.0000000000000013,0.0
76239,36.467274454574245,1.0,560,681,1241,0.0,-0.0008333472224535399,1.0000000000000013,0.0
76240,36.46644110735179,1.0,560,681,1241,0.0,-0.0008333472224535399,1.0000000000000013,0.0
76241,36.46560776012934,1.0,560,681,1241,0.0,-0.0008333472224535399,1.0000000000000013,0.0
76242,36.46477441290688,1.0,560,681,1241,0.0,-0.0008333472224606453,1.0000000000000013,0.0
76243,36.46394106568442,1.0,560,681,1241,0.0,-0.0008333472224535399,1.0000000000000013,0.0
76244,36.46310771846197,0.9991941982272361,560,681,1241,-0.0008058017727639033,-0.0008333472224535399,0.999919419822725,-8.058017727639034e-05
76245,36.462274371239516,1.0,560,681,1241,0.0008058017727639033,-0.0008333472224535399,0.999919419822725,0.0
76246,36.46144102401706,1.0,560,681,1241,0.0,-0.0008333472224535399,0.999919419822725,0.0
76247,36.46060767679461,1.0,560,681,1241,0.0,-0.0008333472224535399,0.999919419822725,0.0
76248,36.459774329572156,1.0,560,681,1241,0.0,-0.0008333472224535399,0.999919419822725,0.0
76249,36.4589409823497,1.0,560,681,1241,0.0,-0.0008333472224535399,0.999919419822725,0.0
76250,36.45810763512725,1.0,560,681,1241,0.0,-0.0008333472224535399,0.999919419822725,0.0
76251,36.457274287904795,1.0,560,681,1241,0.0,-0.0008333472224535399,0.999919419822725,0.0
76252,36.45644094068234,1.0,560,681,1241,0.0,-0.0008333472224535399,0.999919419822725,0.0
76253,36.45560759345989,1.0,560,681,1241,0.0,-0.0008333472224535399,0.999919419822725,0.0
76254,36.454774246237434,1.0,560,681,1241,0.0,-0.0008333472224535399,1.0000000000000013,8.058017727639034e-05
76255,36.45394089901498,1.0,560,681,1241,0.0,-0.0008333472224535399,1.0000000000000013,0.0
76256,36.45310755179253,1.0,560,681,1241,0.0,-0.0008333472224535399,1.0000000000000013,0.0
76257,36.452274204570074,1.0,560,681,1241,0.0,-0.0008333472224535399,1.0000000000000013,0.0
76258,36.45144085734762,1.0,560,681,1241,0.0,-0.0008333472224535399,1.0000000000000013,0.0
76259,36.45060751012517,1.0,560,681,1241,0.0,-0.0008333472224535399,1.0000000000000013,0.0
76260,36.44977416290271,1.0,560,681,1241,0.0,-0.0008333472224535399,1.0000000000000013,0.0
76261,36.44894081568026,1.0,560,681,1241,0.0,-0.0008333472224535399,1.0000000000000013,0.0
76262,36.448107468457806,1.0,560,681,1241,0.0,-0.0008333472224535399,1.0000000000000013,0.0
76263,36.44727412123535,0.9991941982272361,560,681,1241,-0.0008058017727639033,-0.0008333472224535399,0.999919419822725,-8.058017727639034e-05
76264,36.4464407740129,1.0,560,681,1241,0.0008058017727639033,-0.0008333472224535399,0.999919419822725,0.0
76265,36.445607426790446,1.0,560,681,1241,0.0,-0.0008333472224535399,0.999919419822725,0.0
76266,36.44477407956799,1.0,560,681,1241,0.0,-0.0008333472224535399,0.999919419822725,0.0
76267,36.44394073234554,1.0,560,681,1241,0.0,-0.0008333472224535399,0.999919419822725,0.0
76268,36.443107385123085,1.0,560,681,1241,0.0,-0.0008333472224535399,0.999919419822725,0.0
76269,36.44227403790063,1.0,560,681,1241,0.0,-0.0008333472224535399,0.999919419822725,0.0
76270,36.44144069067818,1.0,560,681,1241,0.0,-0.0008333472224535399,0.999919419822725,0.0
76271,36.440607343455724,1.0,560,681,1241,0.0,-0.0008333472224535399,0.999919419822725,0.0
76272,36.43977399623327,1.0,560,681,1241,0.0,-0.0008333472224535399,0.999919419822725,0.0
76273,36.43894064901082,1.0,560,681,1241,0.0,-0.0008333472224535399,1.0000000000000013,8.058017727639034e-05
76274,36.438107301788364,1.0,560,681,1241,0.0,-0.0008333472224535399,1.0000000000000013,0.0
76275,36.43727395456591,1.0,560,681,1241,0.0,-0.0008333472224535399,1.0000000000000013,0.0
76276,36.43644060734346,1.0,560,681,1241,0.0,-0.0008333472224535399,1.0000000000000013,0.0
76277,36.435607260121,1.0,560,681,1241,0.0,-0.0008333472224535399,1.0000000000000013,0.0
76278,36.43477391289855,1.0,560,681,1241,0.0,-0.0008333472224535399,1.0000000000000013,0.0
76279,36.433940565676096,0.9991941982272361,560,681,1241,-0.0008058017727639033,-0.0008333472224535399,0.999919419822725,-8.058017727639034e-05
76280,36.43310721845364,0.9983883964544722,560,681,1241,-0.0008058017727639033,-0.0008333472224535399,0.9997582594681724,-0.00016116035455278067
76281,36.43227387123119,0.9991941982272361,560,681,1241,0.0008058017727639033,-0.0008333472224535399,0.999677679290896,-8.058017727639034e-05
76282,36.431440524008735,1.0,560,681,1241,0.0008058017727639033,-0.0008333472224535399,0.999677679290896,0.0
76283,36.43060717678628,1.0,560,681,1241,0.0,-0.0008333472224535399,0.999677679290896,0.0
76284,36.42977382956383,1.0,560,681,1241,0.0,-0.0008333472224535399,0.999677679290896,0.0
76285,36.428940482341375,1.0,560,681,1241,0.0,-0.0008333472224535399,0.999677679290896,0.0
76286,36.42810713511892,1.0,560,681,1241,0.0,-0.0008333472224535399,0.999677679290896,0.0
76287,36.42727378789647,1.0,560,681,1241,0.0,-0.0008333472224535399,0.999677679290896,0.0
76288,36.426440440674014,1.0,560,681,1241,0.0,-0.0008333472224535399,0.999677679290896,0.0
76289,36.42560709345156,1.0,560,681,1241,0.0,-0.0008333472224535399,0.9997582594681724,8.058017727639034e-05
76290,36.42477374622911,1.0,560,681,1241,0.0,-0.0008333472224535399,0.999919419822725,0.00016116035455278067
76291,36.42394039900665,1.0,560,681,1241,0.0,-0.0008333472224535399,1.0000000000000013,8.058017727639034e-05
76292,36.4231070517842,0.9991941982272361,560,681,1241,-0.0008058017727639033,-0.0008333472224535399,0.999919419822725,-8.058017727639034e-05
76293,36.422273704561746,1.0,560,681,1241,0.0008058017727639033,-0.0008333472224535399,0.999919419822725,0.0
76294,36.421440357339286,1.0,560,681,1241,0.0,-0.0008333472224606453,0.999919419822725,0.0
76295,36.42060701011683,0.9991941982272361,560,681,1241,-0.0008058017727639033,-0.0008333472224535399,0.9998388396454487,-8.058017727639034e-05
76296,36.41977366289438,0.9991941982272361,560,681,1241,0.0,-0.0008333472224535399,0.9997582594681724,-8.058017727639034e-05
76297,36.418940315671925,0.9991941982272361,560,681,1241,0.0,-0.0008333472224535399,0.999677679290896,-8.058017727639034e-05
76298,36.41810696844947,1.0,560,681,1241,0.0008058017727639033,-0.0008333472224535399,0.999677679290896,0.0
76299,36.41727362122702,0.9991941982272361,560,681,1241,-0.0008058017727639033,-0.0008333472224535399,0.9995970991136197,-8.058017727639034e-05
76300,36.416440274004565,1.0,560,681,1241,0.0008058017727639033,-0.0008333472224535399,0.9995970991136197,0.0
76301,36.41560692678211,1.0,560,681,1241,0.0,-0.0008333472224535399,0.9995970991136197,0.0
76302,36.41477357955966,1.0,560,681,1241,0.0,-0.0008333472224535399,0.999677679290896,8.058017727639034e-05
76303,36.413940232337204,1.0,560,681,1241,0.0,-0.0008333472224535399,0.999677679290896,0.0
76304,36.41310688511475,1.0,560,681,1241,0.0,-0.0008333472224535399,0.999677679290896,0.0
76305,36.4122735378923,1.0,560,681,1241,0.0,-0.0008333472224535399,0.9997582594681724,8.058017727639034e-05
76306,36.41144019066984,1.0,560,681,1241,0.0,-0.0008333472224535399,0.9998388396454487,8.058017727639034e-05
76307,36.41060684344739,1.0,560,681,1241,0.0,-0.0008333472224535399,0.999919419822725,8.058017727639034e-05
76308,36.409773496224936,1.0,560,681,1241,0.0,-0.0008333472224535399,0.999919419822725,0.0
76309,36.40894014900248,1.0,560,681,1241,0.0,-0.0008333472224535399,1.0000000000000013,8.058017727639034e-05
76310,36.40810680178003,1.0,560,681,1241,0.0,-0.0008333472224535399,1.0000000000000013,0.0
76311,36.407273454557576,1.0,560,681,1241,0.0,-0.0008333472224535399,1.0000000000000013,0.0
76312,36.40644010733512,1.0,560,681,1241,0.0,-0.0008333472224535399,1.0000000000000013,0.0
76313,36.40560676011267,1.0,560,681,1241,0.0,-0.0008333472224535399,1.0000000000000013,0.0
76314,36.404773412890215,1.0,560,681,1241,0.0,-0.0008333472224535399,1.0000000000000013,0.0
76315,36.40394006566776,1.0,560,681,1241,0.0,-0.0008333472224535399,1.0000000000000013,0.0
76316,36.40310671844531,1.0,560,681,1241,0.0,-0.0008333472224535399,1.0000000000000013,0.0
76317,36.402273371222854,1.0,560,681,1241,0.0,-0.0008333472224535399,1.0000000000000013,0.0
76318,36.4014400240004,1.0,560,681,1241,0.0,-0.0008333472224535399,1.0000000000000013,0.0
76319,36.40060667677795,1.0,560,681,1241,0.0,-0.0008333472224535399,1.0000000000000013,0.0
76320,36.399773329555494,1.0,560,681,1241,0.0,-0.0008333472224535399,1.0000000000000013,0.0
76321,36.39893998233304,1.0,560,681,1241,0.0,-0.0008333472224535399,1.0000000000000013,0.0
76322,36.39810663511059,0.9991941982272361,560,681,1241,-0.0008058017727639033,-0.0008333472224535399,0.999919419822725,-8.058017727639034e-05
76323,36.39727328788813,0.9991941982272361,560,681,1241,0.0,-0.0008333472224535399,0.9998388396454487,-8.058017727639034e-05
76324,36.39643994066568,1.0,560,681,1241,0.0008058017727639033,-0.0008333472224535399,0.9998388396454487,0.0
76325,36.395606593443226,1.0,560,681,1241,0.0,-0.0008333472224535399,0.9998388396454487,0.0
76326,36.394773246220765,1.0,560,681,1241,0.0,-0.0008333472224606453,0.9998388396454487,0.0
76327,36.39393989899831,1.0,560,681,1241,0.0,-0.0008333472224535399,0.9998388396454487,0.0
76328,36.39310655177586,1.0,560,681,1241,0.0,-0.0008333472224535399,0.9998388396454487,0.0
76329,36.392273204553405,1.0,560,681,1241,0.0,-0.0008333472224535399,0.9998388396454487,0.0
76330,36.39143985733095,1.0,560,681,1241,0.0,-0.0008333472224535399,0.9998388396454487,0.0
76331,36.3906065101085,0.9991941982272361,560,681,1241,-0.0008058017727639033,-0.0008333472224535399,0.9997582594681724,-8.058017727639034e-05
76332,36.389773162886044,0.9991941982272361,560,681,1241,0.0,-0.0008333472224535399,0.9997582594681724,0.0
76333,36.38893981566359,1.0,560,681,1241,0.0008058017727639033,-0.0008333472224535399,0.9998388396454487,8.058017727639034e-05
76334,36.38810646844114,1.0,560,681,1241,0.0,-0.0008333472224535399,0.9998388396454487,0.0
76335,36.38727312121868,1.0,560,681,1241,0.0,-0.0008333472224535399,0.9998388396454487,0.0
76336,36.38643977399623,1.0,560,681,1241,0.0,-0.0008333472224535399,0.9998388396454487,0.0
76337,36.385606426773776,1.0,560,681,1241,0.0,-0.0008333472224535399,0.9998388396454487,0.0
76338,36.38477307955132,1.0,560,681,1241,0.0,-0.0008333472224535399,0.9998388396454487,0.0
76339,36.38393973232887,1.0,560,681,1241,0.0,-0.0008333472224535399,0.9998388396454487,0.0
76340,36.383106385106416,1.0,560,681,1241,0.0,-0.0008333472224535399,0.9998388396454487,0.0
76341,36.38227303788396,1.0,560,681,1241,0.0,-0.0008333472224535399,0.999919419822725,8.058017727639034e-05
76342,36.38143969066151,1.0,560,681,1241,0.0,-0.0008333472224535399,1.0000000000000013,8.058017727639034e-05
76343,36.380606343439055,1.0,560,681,1241,0.0,-0.0008333472224535399,1.0000000000000013,0.0
76344,36.3797729962166,1.0,560,681,1241,0.0,-0.0008333472224535399,1.0000000000000013,0.0
76345,36.37893964899415,1.0,560,681,1241,0.0,-0.0008333472224535399,1.0000000000000013,0.0
76346,36.378106301771695,1.0,560,681,1241,0.0,-0.0008333472224535399,1.0000000000000013,0.0
76347,36.37727295454924,1.0,560,681,1241,0.0,-0.0008333472224535399,1.0000000000000013,0.0
76348,36.37643960732679,1.0,560,681,1241,0.0,-0.0008333472224535399,1.0000000000000013,0.0
76349,36.375606260104334,1.0,560,681,1241,0.0,-0.0008333472224535399,1.0000000000000013,0.0
76350,36.37477291288188,0.9991941982272361,560,681,1241,-0.0008058017727639033,-0.0008333472224535399,0.999919419822725,-8.058017727639034e-05
76351,36.37393956565943,0.9991941982272361,560,681,1241,0.0,-0.0008333472224535399,0.9998388396454487,-8.058017727639034e-05
76352,36.37310621843697,0.9991941982272361,560,681,1241,0.0,-0.0008333472224535399,0.9997582594681724,-8.058017727639034e-05
76353,36.37227287121452,0.9991941982272361,560,681,1241,0.0,-0.0008333472224535399,0.999677679290896,-8.058017727639034e-05
76354,36.371439523992066,0.9991941982272361,560,681,1241,0.0,-0.0008333472224535399,0.9995970991136197,-8.058017727639034e-05
76355,36.37060617676961,1.0,560,681,1241,0.0008058017727639033,-0.0008333472224535399,0.9995970991136197,0.0
76356,36.36977282954716,1.0,560,681,1241,0.0,-0.0008333472224535399,0.9995970991136197,0.0
76357,36.368939482324706,1.0,560,681,1241,0.0,-0.0008333472224535399,0.9995970991136197,0.0
76358,36.36810613510225,1.0,560,681,1241,0.0,-0.0008333472224535399,0.9995970991136197,0.0
76359,36.3672727878798,1.0,560,681,1241,0.0,-0.0008333472224535399,0.9995970991136197,0.0
76360,36.366439440657345,1.0,560,681,1241,0.0,-0.0008333472224535399,0.999677679290896,8.058017727639034e-05
76361,36.36560609343489,1.0,560,681,1241,0.0,-0.0008333472224535399,0.9997582594681724,8.058017727639034e-05
76362,36.36477274621244,1.0,560,681,1241,0.0,-0.0008333472224535399,0.9998388396454487,8.058017727639034e-05
76363,36.363939398989984,1.0,560,681,1241,0.0,-0.0008333472224535399,0.999919419822725,8.058017727639034e-05
76364,36.36310605176753,1.0,560,681,1241,0.0,-0.0008333472224535399,1.0000000000000013,8.058017727639034e-05
76365,36.36227270454508,1.0,560,681,1241,0.0,-0.0008333472224535399,1.0000000000000013,0.0
76366,36.361439357322624,1.0,560,681,1241,0.0,-0.0008333472224535399,1.0000000000000013,0.0
76367,36.36060601010017,1.0,560,681,1241,0.0,-0.0008333472224535399,1.0000000000000013,0.0
76368,36.35977266287772,1.0,560,681,1241,0.0,-0.0008333472224535399,1.0000000000000013,0.0
76369,36.35893931565526,1.0,560,681,1241,0.0,-0.0008333472224535399,1.0000000000000013,0.0
76370,36.35810596843281,1.0,560,681,1241,0.0,-0.0008333472224535399,1.0000000000000013,0.0
76371,36.357272621210356,1.0,560,681,1241,0.0,-0.0008333472224535399,1.0000000000000013,0.0
76372,36.3564392739879,0.9991941982272361,560,681,1241,-0.0008058017727639033,-0.0008333472224535399,0.999919419822725,-8.058017727639034e-05
76373,36.35560592676545,1.0,560,681,1241,0.0008058017727639033,-0.0008333472224535399,0.999919419822725,0.0
76374,36.354772579542995,1.0,560,681,1241,0.0,-0.0008333472224535399,0.999919419822725,0.0
76375,36.35393923232054,1.0,560,681,1241,0.0,-0.0008333472224535399,0.999919419822725,0.0
76376,36.35310588509809,1.0,560,681,1241,0.0,-0.0008333472224535399,0.999919419822725,0.0
76377,36.352272537875635,1.0,560,681,1241,0.0,-0.0008333472224535399,0.999919419822725,0.0
76378,36.35143919065318,1.0,560,681,1241,0.0,-0.0008333472224535399,0.999919419822725,0.0
76379,36.35060584343072,1.0,560,681,1241,0.0,-0.0008333472224606453,0.999919419822725,0.0
76380,36.34977249620827,1.0,560,681,1241,0.0,-0.0008333472224535399,0.999919419822725,0.0
76381,36.348939148985814,1.0,560,681,1241,0.0,-0.0008333472224535399,0.999919419822725,0.0
76382,36.34810580176336,1.0,560,681,1241,0.0,-0.0008333472224535399,1.0000000000000013,8.058017727639034e-05
76383,36.34727245454091,1.0,560,681,1241,0.0,-0.0008333472224535399,1.0000000000000013,0.0
76384,36.34643910731845,1.0,560,681,1241,0.0,-0.0008333472224535399,1.0000000000000013,0.0
76385,36.345605760096,1.0,560,681,1241,0.0,-0.0008333472224535399,1.0000000000000013,0.0
76386,36.344772412873546,1.0,560,681,1241,0.0,-0.0008333472224535399,1.0000000000000013,0.0
76387,36.34393906565109,1.0,560,681,1241,0.0,-0.0008333472224535399,1.0000000000000013,0.0
76388,36.34310571842864,1.0,560,681,1241,0.0,-0.0008333472224535399,1.0000000000000013,0.0
76389,36.342272371206185,1.0,560,681,1241,0.0,-0.0008333472224535399,1.0000000000000013,0.0
76390,36.34143902398373,1.0,560,681,1241,0.0,-0.0008333472224535399,1.0000000000000013,0.0
76391,36.34060567676128,1.0,560,681,1241,0.0,-0.0008333472224535399,1.0000000000000013,0.0
76392,36.339772329538825,1.0,560,681,1241,0.0,-0.0008333472224535399,1.0000000000000013,0.0
76393,36.33893898231637,1.0,560,681,1241,0.0,-0.0008333472224535399,1.0000000000000013,0.0
76394,36.33810563509392,1.0,560,681,1241,0.0,-0.0008333472224535399,1.0000000000000013,0.0
76395,36.337272287871464,1.0,560,681,1241,0.0,-0.0008333472224535399,1.0000000000000013,0.0
76396,36.33643894064901,1.0,560,681,1241,0.0,-0.0008333472224535399,1.0000000000000013,0.0
76397,36.33560559342656,1.0,560,681,1241,0.0,-0.0008333472224535399,1.0000000000000013,0.0
76398,36.3347722462041,1.0,560,681,1241,0.0,-0.0008333472224535399,1.0000000000000013,0.0
76399,36.33393889898165,1.0,560,681,1241,0.0,-0.0008333472224535399,1.0000000000000013,0.0
76400,36.333105551759196,1.0,560,681,1241,0.0,-0.0008333472224535399,1.0000000000000013,0.0
76401,36.33227220453674,1.0,560,681,1241,0.0,-0.0008333472224535399,1.0000000000000013,0.0
76402,36.33143885731429,1.0,560,681,1241,0.0,-0.0008333472224535399,1.0000000000000013,0.0
76403,36.330605510091836,1.0,560,681,1241,0.0,-0.0008333472224535399,1.0000000000000013,0.0
76404,36.32977216286938,1.0,560,681,1241,0.0,-0.0008333472224535399,1.0000000000000013,0.0
76405,36.32893881564693,1.0,560,681,1241,0.0,-0.0008333472224535399,1.0000000000000013,0.0
76406,36.328105468424475,1.0,560,681,1241,0.0,-0.0008333472224535399,1.0000000000000013,0.0
76407,36.32727212120202,0.9991941982272361,560,681,1241,-0.0008058017727639033,-0.0008333472224535399,0.999919419822725,-8.058017727639034e-05
76408,36.32643877397957,0.9991941982272361,560,681,1241,0.0,-0.0008333472224535399,0.9998388396454487,-8.058017727639034e-05
76409,36.325605426757114,0.9991941982272361,560,681,1241,0.0,-0.0008333472224535399,0.9997582594681724,-8.058017727639034e-05
76410,36.32477207953466,0.9991941982272361,560,681,1241,0.0,-0.0008333472224535399,0.999677679290896,-8.058017727639034e-05
76411,36.3239387323122,0.9991941982272361,560,681,1241,0.0,-0.0008333472224606453,0.9995970991136197,-8.058017727639034e-05
76412,36.32310538508975,0.9991941982272361,560,681,1241,0.0,-0.0008333472224535399,0.9995165189363433,-8.058017727639034e-05
76413,36.32227203786729,0.9991941982272361,560,681,1241,0.0,-0.0008333472224535399,0.999435938759067,-8.058017727639034e-05
76414,36.32143869064484,1.0,560,681,1241,0.0008058017727639033,-0.0008333472224535399,0.999435938759067,0.0
76415,36.320605343422386,1.0,560,681,1241,0.0,-0.0008333472224535399,0.999435938759067,0.0
76416,36.31977199619993,1.0,560,681,1241,0.0,-0.0008333472224535399,0.999435938759067,0.0
76417,36.31893864897748,1.0,560,681,1241,0.0,-0.0008333472224535399,0.9995165189363433,8.058017727639034e-05
76418,36.318105301755025,1.0,560,681,1241,0.0,-0.0008333472224535399,0.9995970991136197,8.058017727639034e-05
76419,36.31727195453257,1.0,560,681,1241,0.0,-0.0008333472224535399,0.999677679290896,8.058017727639034e-05
76420,36.31643860731012,0.9991941982272361,560,681,1241,-0.0008058017727639033,-0.0008333472224535399,0.999677679290896,0.0
76421,36.315605260087665,0.9991941982272361,560,681,1241,0.0,-0.0008333472224535399,0.999677679290896,0.0
76422,36.31477191286521,1.0,560,681,1241,0.0008058017727639033,-0.0008333472224535399,0.9997582594681724,8.058017727639034e-05
76423,36.31393856564276,1.0,560,681,1241,0.0,-0.0008333472224535399,0.9998388396454487,8.058017727639034e-05
76424,36.313105218420304,1.0,560,681,1241,0.0,-0.0008333472224535399,0.9998388396454487,0.0
76425,36.31227187119785,1.0,560,681,1241,0.0,-0.0008333472224535399,0.9998388396454487,0.0
76426,36.3114385239754,0.9991941982272361,560,681,1241,-0.0008058017727639033,-0.0008333472224535399,0.9997582594681724,-8.058017727639034e-05
76427,36.310605176752944,0.9991941982272361,560,681,1241,0.0,-0.0008333472224535399,0.999677679290896,-8.058017727639034e-05
76428,36.30977182953049,0.9991941982272361,560,681,1241,0.0,-0.0008333472224535399,0.9995970991136197,-8.058017727639034e-05
76429,36.30893848230804,0.9991941982272361,560,681,1241,0.0,-0.0008333472224535399,0.9995165189363433,-8.058017727639034e-05
76430,36.30810513508558,0.9991941982272361,560,681,1241,0.0,-0.0008333472224535399,0.9995165189363433,0.0
76431,36.30727178786313,0.9983883964544722,560,681,1241,-0.0008058017727639033,-0.0008333472224535399,0.999435938759067,-8.058017727639034e-05
76432,36.306438440640676,0.9983883964544722,560,681,1241,0.0,-0.0008333472224535399,0.9992747784045143,-0.00016116035455278067
76433,36.30560509341822,0.9991941982272361,560,681,1241,0.0008058017727639033,-0.0008333472224535399,0.999194198227238,-8.058017727639034e-05
76434,36.30477174619577,0.9983883964544722,560,681,1241,-0.0008058017727639033,-0.0008333472224535399,0.9990330378726853,-0.00016116035455278067
76435,36.303938398973315,1.0,560,681,1241,0.0016116035455278066,-0.0008333472224535399,0.9990330378726853,0.0
76436,36.30310505175086,1.0,560,681,1241,0.0,-0.0008333472224535399,0.9991136180499616,8.058017727639034e-05
76437,36.30227170452841,1.0,560,681,1241,0.0,-0.0008333472224535399,0.999194198227238,8.058017727639034e-05
76438,36.301438357305955,1.0,560,681,1241,0.0,-0.0008333472224535399,0.9992747784045143,8.058017727639034e-05
76439,36.3006050100835,1.0,560,681,1241,0.0,-0.0008333472224535399,0.9993553585817907,8.058017727639034e-05
76440,36.29977166286105,1.0,560,681,1241,0.0,-0.0008333472224535399,0.999435938759067,8.058017727639034e-05
76441,36.298938315638594,1.0,560,681,1241,0.0,-0.0008333472224535399,0.9995970991136197,0.00016116035455278067
76442,36.29810496841614,1.0,560,681,1241,0.0,-0.0008333472224535399,0.9997582594681724,0.00016116035455278067
76443,36.29727162119369,1.0,560,681,1241,0.0,-0.0008333472224535399,0.9998388396454487,8.058017727639034e-05
76444,36.29643827397123,1.0,560,681,1241,0.0,-0.0008333472224535399,1.0000000000000013,0.00016116035455278067
76445,36.29560492674878,1.0,560,681,1241,0.0,-0.0008333472224535399,1.0000000000000013,0.0
76446,36.294771579526326,1.0,560,681,1241,0.0,-0.0008333472224535399,1.0000000000000013,0.0
76447,36.29393823230387,1.0,560,681,1241,0.0,-0.0008333472224535399,1.0000000000000013,0.0
76448,36.29310488508142,1.0,560,681,1241,0.0,-0.0008333472224535399,1.0000000000000013,0.0
76449,36.292271537858966,1.0,560,681,1241,0.0,-0.0008333472224535399,1.0000000000000013,0.0
76450,36.29143819063651,1.0,560,681,1241,0.0,-0.0008333472224535399,1.0000000000000013,0.0
76451,36.29060484341406,1.0,560,681,1241,0.0,-0.0008333472224535399,1.0000000000000013,0.0
76452,36.289771496191605,1.0,560,681,1241,0.0,-0.0008333472224535399,1.0000000000000013,0.0
76453,36.28893814896915,1.0,560,681,1241,0.0,-0.0008333472224535399,1.0000000000000013,0.0
76454,36.2881048017467,1.0,560,681,1241,0.0,-0.0008333472224535399,1.0000000000000013,0.0
76455,36.287271454524245,1.0,560,681,1241,0.0,-0.0008333472224535399,1.0000000000000013,0.0
76456,36.28643810730179,1.0,560,681,1241,0.0,-0.0008333472224535399,1.0000000000000013,0.0
76457,36.28560476007934,1.0,560,681,1241,0.0,-0.0008333472224535399,1.0000000000000013,0.0
76458,36.284771412856884,0.9991941982272361,560,681,1241,-0.0008058017727639033,-0.0008333472224535399,0.999919419822725,-8.058017727639034e-05
76459,36.28393806563443,0.9991941982272361,560,681,1241,0.0,-0.0008333472224535399,0.9998388396454487,-8.058017727639034e-05
76460,36.28310471841198,0.9991941982272361,560,681,1241,0.0,-0.0008333472224535399,0.9997582594681724,-8.058017727639034e-05
76461,36.28227137118952,1.0,560,681,1241,0.0008058017727639033,-0.0008333472224535399,0.9997582594681724,0.0
76462,36.28143802396707,1.0,560,681,1241,0.0,-0.0008333472224535399,0.9997582594681724,0.0
76463,36.280604676744616,1.0,560,681,1241,0.0,-0.0008333472224535399,0.9997582594681724,0.0
76464,36.279771329522156,1.0,560,681,1241,0.0,-0.0008333472224606453,0.9997582594681724,0.0
76465,36.2789379822997,1.0,560,681,1241,0.0,-0.0008333472224535399,0.9997582594681724,0.0
76466,36.27810463507725,1.0,560,681,1241,0.0,-0.0008333472224535399,0.9997582594681724,0.0
76467,36.277271287854795,1.0,560,681,1241,0.0,-0.0008333472224535399,0.9997582594681724,0.0
76468,36.27643794063234,1.0,560,681,1241,0.0,-0.0008333472224535399,0.9998388396454487,8.058017727639034e-05
76469,36.27560459340989,1.0,560,681,1241,0.0,-0.0008333472224535399,0.999919419822725,8.058017727639034e-05
76470,36.274771246187434,1.0,560,681,1241,0.0,-0.0008333472224535399,1.0000000000000013,8.058017727639034e-05
76471,36.27393789896498,1.0,560,681,1241,0.0,-0.0008333472224535399,1.0000000000000013,0.0
76472,36.27310455174253,1.0,560,681,1241,0.0,-0.0008333472224535399,1.0000000000000013,0.0
76473,36.272271204520074,1.0,560,681,1241,0.0,-0.0008333472224535399,1.0000000000000013,0.0
76474,36.27143785729762,1.0,560,681,1241,0.0,-0.0008333472224535399,1.0000000000000013,0.0
76475,36.27060451007517,1.0,560,681,1241,0.0,-0.0008333472224535399,1.0000000000000013,0.0
76476,36.26977116285271,1.0,560,681,1241,0.0,-0.0008333472224535399,1.0000000000000013,0.0
76477,36.26893781563026,1.0,560,681,1241,0.0,-0.0008333472224535399,1.0000000000000013,0.0
76478,36.268104468407806,1.0,560,681,1241,0.0,-0.0008333472224535399,1.0000000000000013,0.0
76479,36.26727112118535,1.0,560,681,1241,0.0,-0.0008333472224535399,1.0000000000000013,0.0
76480,36.2664377739629,1.0,560,681,1241,0.0,-0.0008333472224535399,1.0000000000000013,0.0
76481,36.265604426740445,1.0,560,681,1241,0.0,-0.0008333472224535399,1.0000000000000013,0.0
76482,36.26477107951799,1.0,560,681,1241,0.0,-0.0008333472224535399,1.0000000000000013,0.0
76483,36.26393773229554,1.0,560,681,1241,0.0,-0.0008333472224535399,1.0000000000000013,0.0
76484,36.263104385073085,1.0,560,681,1241,0.0,-0.0008333472224535399,1.0000000000000013,0.0
76485,36.26227103785063,1.0,560,681,1241,0.0,-0.0008333472224535399,1.0000000000000013,0.0
76486,36.26143769062818,1.0,560,681,1241,0.0,-0.0008333472224535399,1.0000000000000013,0.0
76487,36.260604343405724,1.0,560,681,1241,0.0,-0.0008333472224535399,1.0000000000000013,0.0
76488,36.25977099618327,1.0,560,681,1241,0.0,-0.0008333472224535399,1.0000000000000013,0.0
76489,36.25893764896082,1.0,560,681,1241,0.0,-0.0008333472224535399,1.0000000000000013,0.0
76490,36.25810430173836,1.0,560,681,1241,0.0,-0.0008333472224535399,1.0000000000000013,0.0
76491,36.25727095451591,1.0,560,681,1241,0.0,-0.0008333472224535399,1.0000000000000013,0.0
76492,36.256437607293456,0.9991941982272361,560,681,1241,-0.0008058017727639033,-0.0008333472224535399,0.999919419822725,-8.058017727639034e-05
76493,36.255604260071,0.9991941982272361,560,681,1241,0.0,-0.0008333472224535399,0.9998388396454487,-8.058017727639034e-05
76494,36.25477091284855,1.0,560,681,1241,0.0008058017727639033,-0.0008333472224535399,0.9998388396454487,0.0
76495,36.253937565626096,0.9991941982272361,560,681,1241,-0.0008058017727639033,-0.0008333472224535399,0.9997582594681724,-8.058017727639034e-05
76496,36.253104218403635,0.9991941982272361,560,681,1241,0.0,-0.0008333472224606453,0.999677679290896,-8.058017727639034e-05
76497,36.25227087118118,1.0,560,681,1241,0.0008058017727639033,-0.0008333472224535399,0.999677679290896,0.0
76498,36.25143752395873,1.0,560,681,1241,0.0,-0.0008333472224535399,0.999677679290896,0.0
76499,36.250604176736275,1.0,560,681,1241,0.0,-0.0008333472224535399,0.999677679290896,0.0
76500,36.24977082951382,1.0,560,681,1241,0.0,-0.0008333472224535399,0.999677679290896,0.0
76501,36.24893748229137,1.0,560,681,1241,0.0,-0.0008333472224535399,0.999677679290896,0.0
76502,36.248104135068914,1.0,560,681,1241,0.0,-0.0008333472224535399,0.9997582594681724,8.058017727639034e-05
76503,36.24727078784646,1.0,560,681,1241,0.0,-0.0008333472224535399,0.9998388396454487,8.058017727639034e-05
76504,36.24643744062401,1.0,560,681,1241,0.0,-0.0008333472224535399,0.9998388396454487,0.0
76505,36.24560409340155,1.0,560,681,1241,0.0,-0.0008333472224535399,0.999919419822725,8.058017727639034e-05
76506,36.2447707461791,1.0,560,681,1241,0.0,-0.0008333472224535399,1.0000000000000013,8.058017727639034e-05
76507,36.243937398956646,1.0,560,681,1241,0.0,-0.0008333472224535399,1.0000000000000013,0.0
76508,36.24310405173419,1.0,560,681,1241,0.0,-0.0008333472224535399,1.0000000000000013,0.0
76509,36.24227070451174,1.0,560,681,1241,0.0,-0.0008333472224535399,1.0000000000000013,0.0
76510,36.241437357289286,0.9991941982272361,560,681,1241,-0.0008058017727639033,-0.0008333472224535399,0.999919419822725,-8.058017727639034e-05
76511,36.24060401006683,0.9991941982272361,560,681,1241,0.0,-0.0008333472224535399,0.9998388396454487,-8.058017727639034e-05
76512,36.23977066284438,0.9991941982272361,560,681,1241,0.0,-0.0008333472224535399,0.9997582594681724,-8.058017727639034e-05
76513,36.238937315621925,1.0,560,681,1241,0.0008058017727639033,-0.0008333472224535399,0.9997582594681724,0.0
76514,36.23810396839947,1.0,560,681,1241,0.0,-0.0008333472224535399,0.9997582594681724,0.0
76515,36.23727062117702,1.0,560,681,1241,0.0,-0.0008333472224535399,0.9997582594681724,0.0
76516,36.236437273954564,0.9991941982272361,560,681,1241,-0.0008058017727639033,-0.0008333472224535399,0.999677679290896,-8.058017727639034e-05
76517,36.23560392673211,1.0,560,681,1241,0.0008058017727639033,-0.0008333472224535399,0.999677679290896,0.0
76518,36.23477057950966,1.0,560,681,1241,0.0,-0.0008333472224535399,0.999677679290896,0.0
76519,36.233937232287204,1.0,560,681,1241,0.0,-0.0008333472224535399,0.999677679290896,0.0
76520,36.23310388506475,1.0,560,681,1241,0.0,-0.0008333472224535399,0.9997582594681724,8.058017727639034e-05
76521,36.2322705378423,1.0,560,681,1241,0.0,-0.0008333472224535399,0.9998388396454487,8.058017727639034e-05
76522,36.23143719061984,1.0,560,681,1241,0.0,-0.0008333472224535399,0.999919419822725,8.058017727639034e-05
76523,36.23060384339739,1.0,560,681,1241,0.0,-0.0008333472224535399,0.999919419822725,0.0
76524,36.229770496174936,1.0,560,681,1241,0.0,-0.0008333472224535399,0.999919419822725,0.0
76525,36.22893714895248,0.9991941982272361,560,681,1241,-0.0008058017727639033,-0.0008333472224535399,0.9998388396454487,-8.058017727639034e-05
76526,36.22810380173003,0.9991941982272361,560,681,1241,0.0,-0.0008333472224535399,0.9998388396454487,0.0
76527,36.227270454507575,0.9991941982272361,560,681,1241,0.0,-0.0008333472224535399,0.9997582594681724,-8.058017727639034e-05
76528,36.22643710728512,0.9991941982272361,560,681,1241,0.0,-0.0008333472224535399,0.999677679290896,-8.058017727639034e-05
76529,36.22560376006267,1.0,560,681,1241,0.0008058017727639033,-0.0008333472224535399,0.999677679290896,0.0
76530,36.224770412840215,1.0,560,681,1241,0.0,-0.0008333472224535399,0.999677679290896,0.0
76531,36.22393706561776,1.0,560,681,1241,0.0,-0.0008333472224535399,0.999677679290896,0.0
76532,36.22310371839531,1.0,560,681,1241,0.0,-0.0008333472224535399,0.999677679290896,0.0
76533,36.222270371172854,1.0,560,681,1241,0.0,-0.0008333472224535399,0.999677679290896,0.0
76534,36.2214370239504,1.0,560,681,1241,0.0,-0.0008333472224535399,0.999677679290896,0.0
76535,36.22060367672795,1.0,560,681,1241,0.0,-0.0008333472224535399,0.9997582594681724,8.058017727639034e-05
76536,36.219770329505494,1.0,560,681,1241,0.0,-0.0008333472224535399,0.9998388396454487,8.058017727639034e-05
76537,36.21893698228304,1.0,560,681,1241,0.0,-0.0008333472224535399,0.999919419822725,8.058017727639034e-05
76538,36.21810363506059,1.0,560,681,1241,0.0,-0.0008333472224535399,1.0000000000000013,8.058017727639034e-05
76539,36.21727028783813,0.9991941982272361,560,681,1241,-0.0008058017727639033,-0.0008333472224535399,0.999919419822725,-8.058017727639034e-05
76540,36.21643694061568,1.0,560,681,1241,0.0008058017727639033,-0.0008333472224535399,0.999919419822725,0.0
76541,36.215603593393226,1.0,560,681,1241,0.0,-0.0008333472224535399,0.999919419822725,0.0
76542,36.21477024617077,1.0,560,681,1241,0.0,-0.0008333472224535399,0.999919419822725,0.0
76543,36.21393689894832,1.0,560,681,1241,0.0,-0.0008333472224535399,0.999919419822725,0.0
76544,36.213103551725865,1.0,560,681,1241,0.0,-0.0008333472224535399,0.999919419822725,0.0
76545,36.21227020450341,1.0,560,681,1241,0.0,-0.0008333472224535399,0.999919419822725,0.0
76546,36.21143685728096,1.0,560,681,1241,0.0,-0.0008333472224535399,0.999919419822725,0.0
76547,36.210603510058505,1.0,560,681,1241,0.0,-0.0008333472224535399,0.999919419822725,0.0
76548,36.20977016283605,1.0,560,681,1241,0.0,-0.0008333472224535399,0.999919419822725,0.0
76549,36.20893681561359,0.9991941982272361,560,681,1241,-0.0008058017727639033,-0.0008333472224606453,0.999919419822725,0.0
76550,36.20810346839114,0.9991941982272361,560,681,1241,0.0,-0.0008333472224535399,0.9998388396454487,-8.058017727639034e-05
76551,36.20727012116868,0.9991941982272361,560,681,1241,0.0,-0.0008333472224535399,0.9997582594681724,-8.058017727639034e-05
76552,36.20643677394623,1.0,560,681,1241,0.0008058017727639033,-0.0008333472224535399,0.9997582594681724,0.0
76553,36.205603426723776,1.0,560,681,1241,0.0,-0.0008333472224535399,0.9997582594681724,0.0
76554,36.20477007950132,1.0,560,681,1241,0.0,-0.0008333472224535399,0.9997582594681724,0.0
76555,36.20393673227887,1.0,560,681,1241,0.0,-0.0008333472224535399,0.9997582594681724,0.0
76556,36.203103385056416,1.0,560,681,1241,0.0,-0.0008333472224535399,0.9997582594681724,0.0
76557,36.20227003783396,1.0,560,681,1241,0.0,-0.0008333472224535399,0.9997582594681724,0.0
76558,36.20143669061151,1.0,560,681,1241,0.0,-0.0008333472224535399,0.9997582594681724,0.0
76559,36.200603343389055,1.0,560,681,1241,0.0,-0.0008333472224535399,0.9998388396454487,8.058017727639034e-05
76560,36.1997699961666,1.0,560,681,1241,0.0,-0.0008333472224535399,0.999919419822725,8.058017727639034e-05
76561,36.19893664894415,1.0,560,681,1241,0.0,-0.0008333472224535399,1.0000000000000013,8.058017727639034e-05
76562,36.198103301721694,1.0,560,681,1241,0.0,-0.0008333472224535399,1.0000000000000013,0.0
76563,36.19726995449924,1.0,560,681,1241,0.0,-0.0008333472224535399,1.0000000000000013,0.0
76564,36.19643660727679,1.0,560,681,1241,0.0,-0.0008333472224535399,1.0000000000000013,0.0
76565,36.195603260054334,1.0,560,681,1241,0.0,-0.0008333472224535399,1.0000000000000013,0.0
76566,36.19476991283188,1.0,560,681,1241,0.0,-0.0008333472224535399,1.0000000000000013,0.0
76567,36.19393656560943,1.0,560,681,1241,0.0,-0.0008333472224535399,1.0000000000000013,0.0
76568,36.19310321838697,1.0,560,681,1241,0.0,-0.0008333472224535399,1.0000000000000013,0.0
76569,36.19226987116452,1.0,560,681,1241,0.0,-0.0008333472224535399,1.0000000000000013,0.0
76570,36.191436523942066,1.0,560,681,1241,0.0,-0.0008333472224535399,1.0000000000000013,0.0
76571,36.19060317671961,1.0,560,681,1241,0.0,-0.0008333472224535399,1.0000000000000013,0.0
76572,36.18976982949716,1.0,560,681,1241,0.0,-0.0008333472224535399,1.0000000000000013,0.0
76573,36.188936482274705,1.0,560,681,1241,0.0,-0.0008333472224535399,1.0000000000000013,0.0
76574,36.18810313505225,1.0,560,681,1241,0.0,-0.0008333472224535399,1.0000000000000013,0.0
76575,36.1872697878298,1.0,560,681,1241,0.0,-0.0008333472224535399,1.0000000000000013,0.0
76576,36.186436440607345,1.0,560,681,1241,0.0,-0.0008333472224535399,1.0000000000000013,0.0
76577,36.18560309338489,1.0,560,681,1241,0.0,-0.0008333472224535399,1.0000000000000013,0.0
76578,36.18476974616244,1.0,560,681,1241,0.0,-0.0008333472224535399,1.0000000000000013,0.0
76579,36.183936398939984,1.0,560,681,1241,0.0,-0.0008333472224535399,1.0000000000000013,0.0
76580,36.183103051717524,1.0,560,681,1241,0.0,-0.0008333472224606453,1.0000000000000013,0.0
76581,36.18226970449507,1.0,560,681,1241,0.0,-0.0008333472224535399,1.0000000000000013,0.0
76582,36.18143635727262,1.0,560,681,1241,0.0,-0.0008333472224535399,1.0000000000000013,0.0
76583,36.18060301005016,1.0,560,681,1241,0.0,-0.0008333472224535399,1.0000000000000013,0.0
76584,36.17976966282771,1.0,560,681,1241,0.0,-0.0008333472224535399,1.0000000000000013,0.0
76585,36.178936315605256,1.0,560,681,1241,0.0,-0.0008333472224535399,1.0000000000000013,0.0
76586,36.1781029683828,1.0,560,681,1241,0.0,-0.0008333472224535399,1.0000000000000013,0.0
76587,36.17726962116035,1.0,560,681,1241,0.0,-0.0008333472224535399,1.0000000000000013,0.0
76588,36.176436273937895,1.0,560,681,1241,0.0,-0.0008333472224535399,1.0000000000000013,0.0
76589,36.17560292671544,0.9983883964544722,560,681,1241,-0.0016116035455278066,-0.0008333472224535399,0.9998388396454487,-0.00016116035455278067
76590,36.17476957949299,0.9991941982272361,560,681,1241,0.0008058017727639033,-0.0008333472224535399,0.9997582594681724,-8.058017727639034e-05
76591,36.173936232270535,0.9991941982272361,560,681,1241,0.0,-0.0008333472224535399,0.999677679290896,-8.058017727639034e-05
76592,36.17310288504808,1.0,560,681,1241,0.0008058017727639033,-0.0008333472224535399,0.999677679290896,0.0
76593,36.17226953782563,1.0,560,681,1241,0.0,-0.0008333472224535399,0.999677679290896,0.0
76594,36.171436190603174,1.0,560,681,1241,0.0,-0.0008333472224535399,0.999677679290896,0.0
76595,36.17060284338072,0.9991941982272361,560,681,1241,-0.0008058017727639033,-0.0008333472224535399,0.9995970991136197,-8.058017727639034e-05
76596,36.16976949615827,0.9991941982272361,560,681,1241,0.0,-0.0008333472224535399,0.9995165189363433,-8.058017727639034e-05
76597,36.16893614893581,0.9991941982272361,560,681,1241,0.0,-0.0008333472224535399,0.999435938759067,-8.058017727639034e-05
76598,36.16810280171336,1.0,560,681,1241,0.0008058017727639033,-0.0008333472224535399,0.999435938759067,0.0
76599,36.167269454490906,1.0,560,681,1241,0.0,-0.0008333472224535399,0.9995970991136197,0.00016116035455278067
76600,36.16643610726845,1.0,560,681,1241,0.0,-0.0008333472224535399,0.999677679290896,8.058017727639034e-05
76601,36.165602760046,1.0,560,681,1241,0.0,-0.0008333472224535399,0.9997582594681724,8.058017727639034e-05
76602,36.164769412823546,1.0,560,681,1241,0.0,-0.0008333472224535399,0.9997582594681724,0.0
76603,36.16393606560109,1.0,560,681,1241,0.0,-0.0008333472224535399,0.9997582594681724,0.0
76604,36.16310271837864,1.0,560,681,1241,0.0,-0.0008333472224535399,0.9997582594681724,0.0
76605,36.162269371156185,1.0,560,681,1241,0.0,-0.0008333472224535399,0.9998388396454487,8.058017727639034e-05
76606,36.16143602393373,1.0,560,681,1241,0.0,-0.0008333472224535399,0.999919419822725,8.058017727639034e-05
76607,36.16060267671128,1.0,560,681,1241,0.0,-0.0008333472224535399,1.0000000000000013,8.058017727639034e-05
76608,36.159769329488824,1.0,560,681,1241,0.0,-0.0008333472224535399,1.0000000000000013,0.0
76609,36.15893598226637,1.0,560,681,1241,0.0,-0.0008333472224535399,1.0000000000000013,0.0
76610,36.15810263504392,1.0,560,681,1241,0.0,-0.0008333472224535399,1.0000000000000013,0.0
76611,36.157269287821464,1.0,560,681,1241,0.0,-0.0008333472224535399,1.0000000000000013,0.0
76612,36.15643594059901,1.0,560,681,1241,0.0,-0.0008333472224535399,1.0000000000000013,0.0
76613,36.15560259337656,1.0,560,681,1241,0.0,-0.0008333472224535399,1.0000000000000013,0.0
76614,36.1547692461541,1.0,560,681,1241,0.0,-0.0008333472224535399,1.0000000000000013,0.0
76615,36.15393589893165,1.0,560,681,1241,0.0,-0.0008333472224535399,1.0000000000000013,0.0
76616,36.153102551709196,1.0,560,681,1241,0.0,-0.0008333472224535399,1.0000000000000013,0.0
76617,36.15226920448674,1.0,560,681,1241,0.0,-0.0008333472224535399,1.0000000000000013,0.0
76618,36.15143585726429,1.0,560,681,1241,0.0,-0.0008333472224535399,1.0000000000000013,0.0
76619,36.150602510041836,1.0,560,681,1241,0.0,-0.0008333472224535399,1.0000000000000013,0.0
76620,36.14976916281938,1.0,560,681,1241,0.0,-0.0008333472224535399,1.0000000000000013,0.0
76621,36.14893581559693,1.0,560,681,1241,0.0,-0.0008333472224535399,1.0000000000000013,0.0
76622,36.148102468374475,1.0,560,681,1241,0.0,-0.0008333472224535399,1.0000000000000013,0.0
76623,36.14726912115202,1.0,560,681,1241,0.0,-0.0008333472224535399,1.0000000000000013,0.0
76624,36.14643577392957,1.0,560,681,1241,0.0,-0.0008333472224535399,1.0000000000000013,0.0
76625,36.145602426707114,1.0,560,681,1241,0.0,-0.0008333472224535399,1.0000000000000013,0.0
76626,36.14476907948466,1.0,560,681,1241,0.0,-0.0008333472224535399,1.0000000000000013,0.0
76627,36.14393573226221,1.0,560,681,1241,0.0,-0.0008333472224535399,1.0000000000000013,0.0
76628,36.143102385039754,1.0,560,681,1241,0.0,-0.0008333472224535399,1.0000000000000013,0.0
76629,36.1422690378173,1.0,560,681,1241,0.0,-0.0008333472224535399,1.0000000000000013,0.0
76630,36.14143569059485,1.0,560,681,1241,0.0,-0.0008333472224535399,1.0000000000000013,0.0
76631,36.14060234337239,1.0,560,681,1241,0.0,-0.0008333472224535399,1.0000000000000013,0.0
76632,36.13976899614994,1.0,560,681,1241,0.0,-0.0008333472224535399,1.0000000000000013,0.0
76633,36.13893564892748,1.0,560,681,1241,0.0,-0.0008333472224606453,1.0000000000000013,0.0
76634,36.138102301705025,1.0,560,681,1241,0.0,-0.0008333472224535399,1.0000000000000013,0.0
76635,36.13726895448257,1.0,560,681,1241,0.0,-0.0008333472224535399,1.0000000000000013,0.0
76636,36.13643560726012,1.0,560,681,1241,0.0,-0.0008333472224535399,1.0000000000000013,0.0
76637,36.135602260037665,1.0,560,681,1241,0.0,-0.0008333472224535399,1.0000000000000013,0.0
76638,36.13476891281521,1.0,560,681,1241,0.0,-0.0008333472224535399,1.0000000000000013,0.0
76639,36.13393556559276,1.0,560,681,1241,0.0,-0.0008333472224535399,1.0000000000000013,0.0
76640,36.133102218370304,1.0,560,681,1241,0.0,-0.0008333472224535399,1.0000000000000013,0.0
76641,36.13226887114785,1.0,560,681,1241,0.0,-0.0008333472224535399,1.0000000000000013,0.0
76642,36.1314355239254,1.0,560,681,1241,0.0,-0.0008333472224535399,1.0000000000000013,0.0
76643,36.13060217670294,1.0,560,681,1241,0.0,-0.0008333472224535399,1.0000000000000013,0.0
76644,36.12976882948049,1.0,560,681,1241,0.0,-0.0008333472224535399,1.0000000000000013,0.0
76645,36.128935482258036,1.0,560,681,1241,0.0,-0.0008333472224535399,1.0000000000000013,0.0
76646,36.12810213503558,1.0,560,681,1241,0.0,-0.0008333472224535399,1.0000000000000013,0.0
76647,36.12726878781313,1.0,560,681,1241,0.0,-0.0008333472224535399,1.0000000000000013,0.0
76648,36.126435440590676,1.0,560,681,1241,0.0,-0.0008333472224535399,1.0000000000000013,0.0
76649,36.12560209336822,1.0,560,681,1241,0.0,-0.0008333472224535399,1.0000000000000013,0.0
76650,36.12476874614577,1.0,560,681,1241,0.0,-0.0008333472224535399,1.0000000000000013,0.0
76651,36.123935398923315,0.9991941982272361,560,681,1241,-0.0008058017727639033,-0.0008333472224535399,0.999919419822725,-8.058017727639034e-05
76652,36.12310205170086,0.9991941982272361,560,681,1241,0.0,-0.0008333472224535399,0.9998388396454487,-8.058017727639034e-05
76653,36.12226870447841,1.0,560,681,1241,0.0008058017727639033,-0.0008333472224535399,0.9998388396454487,0.0
76654,36.121435357255955,1.0,560,681,1241,0.0,-0.0008333472224535399,0.9998388396454487,0.0
76655,36.1206020100335,1.0,560,681,1241,0.0,-0.0008333472224535399,0.9998388396454487,0.0
76656,36.11976866281105,1.0,560,681,1241,0.0,-0.0008333472224535399,0.9998388396454487,0.0
76657,36.118935315588594,1.0,560,681,1241,0.0,-0.0008333472224535399,0.9998388396454487,0.0
76658,36.11810196836614,1.0,560,681,1241,0.0,-0.0008333472224535399,0.9998388396454487,0.0
76659,36.11726862114369,1.0,560,681,1241,0.0,-0.0008333472224535399,0.9998388396454487,0.0
76660,36.11643527392123,0.9991941982272361,560,681,1241,-0.0008058017727639033,-0.0008333472224535399,0.9997582594681724,-8.058017727639034e-05
76661,36.11560192669878,0.9991941982272361,560,681,1241,0.0,-0.0008333472224535399,0.9997582594681724,0.0
76662,36.114768579476326,0.9991941982272361,560,681,1241,0.0,-0.0008333472224535399,0.9997582594681724,0.0
76663,36.11393523225387,1.0,560,681,1241,0.0008058017727639033,-0.0008333472224535399,0.9997582594681724,0.0
76664,36.11310188503142,1.0,560,681,1241,0.0,-0.0008333472224535399,0.9997582594681724,0.0
76665,36.11226853780896,0.9991941982272361,560,681,1241,-0.0008058017727639033,-0.0008333472224606453,0.999677679290896,-8.058017727639034e-05
76666,36.111435190586505,0.9991941982272361,560,681,1241,0.0,-0.0008333472224535399,0.9995970991136197,-8.058017727639034e-05
76667,36.11060184336405,1.0,560,681,1241,0.0008058017727639033,-0.0008333472224535399,0.9995970991136197,0.0
76668,36.1097684961416,1.0,560,681,1241,0.0,-0.0008333472224535399,0.9995970991136197,0.0
76669,36.108935148919144,1.0,560,681,1241,0.0,-0.0008333472224535399,0.9995970991136197,0.0
76670,36.10810180169669,1.0,560,681,1241,0.0,-0.0008333472224535399,0.999677679290896,8.058017727639034e-05
76671,36.10726845447424,1.0,560,681,1241,0.0,-0.0008333472224535399,0.9997582594681724,8.058017727639034e-05
76672,36.106435107251784,1.0,560,681,1241,0.0,-0.0008333472224535399,0.9998388396454487,8.058017727639034e-05
76673,36.10560176002933,1.0,560,681,1241,0.0,-0.0008333472224535399,0.9998388396454487,0.0
76674,36.10476841280688,1.0,560,681,1241,0.0,-0.0008333472224535399,0.9998388396454487,0.0
76675,36.10393506558442,1.0,560,681,1241,0.0,-0.0008333472224535399,0.999919419822725,8.058017727639034e-05
76676,36.10310171836197,1.0,560,681,1241,0.0,-0.0008333472224535399,1.0000000000000013,8.058017727639034e-05
76677,36.102268371139516,1.0,560,681,1241,0.0,-0.0008333472224535399,1.0000000000000013,0.0
76678,36.10143502391706,1.0,560,681,1241,0.0,-0.0008333472224535399,1.0000000000000013,0.0
76679,36.10060167669461,0.9991941982272361,560,681,1241,-0.0008058017727639033,-0.0008333472224535399,0.999919419822725,-8.058017727639034e-05
76680,36.099768329472155,0.9991941982272361,560,681,1241,0.0,-0.0008333472224535399,0.9998388396454487,-8.058017727639034e-05
76681,36.0989349822497,0.9991941982272361,560,681,1241,0.0,-0.0008333472224535399,0.9997582594681724,-8.058017727639034e-05
76682,36.09810163502725,0.9991941982272361,560,681,1241,0.0,-0.0008333472224535399,0.999677679290896,-8.058017727639034e-05
76683,36.097268287804795,1.0,560,681,1241,0.0008058017727639033,-0.0008333472224535399,0.999677679290896,0.0
76684,36.09643494058234,1.0,560,681,1241,0.0,-0.0008333472224535399,0.999677679290896,0.0
76685,36.09560159335989,0.9991941982272361,560,681,1241,-0.0008058017727639033,-0.0008333472224535399,0.9995970991136197,-8.058017727639034e-05
76686,36.094768246137434,0.9991941982272361,560,681,1241,0.0,-0.0008333472224535399,0.9995165189363433,-8.058017727639034e-05
76687,36.09393489891498,1.0,560,681,1241,0.0008058017727639033,-0.0008333472224535399,0.9995165189363433,0.0
76688,36.09310155169253,1.0,560,681,1241,0.0,-0.0008333472224535399,0.9995165189363433,0.0
76689,36.092268204470074,1.0,560,681,1241,0.0,-0.0008333472224535399,0.9995970991136197,8.058017727639034e-05
76690,36.09143485724762,1.0,560,681,1241,0.0,-0.0008333472224535399,0.999677679290896,8.058017727639034e-05
76691,36.09060151002517,0.9991941982272361,560,681,1241,-0.0008058017727639033,-0.0008333472224535399,0.999677679290896,0.0
76692,36.08976816280271,1.0,560,681,1241,0.0008058017727639033,-0.0008333472224535399,0.9997582594681724,8.058017727639034e-05
76693,36.08893481558026,1.0,560,681,1241,0.0,-0.0008333472224535399,0.9997582594681724,0.0
76694,36.088101468357806,1.0,560,681,1241,0.0,-0.0008333472224535399,0.9997582594681724,0.0
76695,36.08726812113535,1.0,560,681,1241,0.0,-0.0008333472224535399,0.9998388396454487,8.058017727639034e-05
76696,36.0864347739129,1.0,560,681,1241,0.0,-0.0008333472224535399,0.999919419822725,8.058017727639034e-05
76697,36.085601426690445,1.0,560,681,1241,0.0,-0.0008333472224535399,0.999919419822725,0.0
76698,36.08476807946799,1.0,560,681,1241,0.0,-0.0008333472224535399,0.999919419822725,0.0
76699,36.08393473224554,1.0,560,681,1241,0.0,-0.0008333472224535399,0.999919419822725,0.0
76700,36.083101385023085,1.0,560,681,1241,0.0,-0.0008333472224535399,0.999919419822725,0.0
76701,36.08226803780063,1.0,560,681,1241,0.0,-0.0008333472224535399,1.0000000000000013,8.058017727639034e-05
76702,36.08143469057818,1.0,560,681,1241,0.0,-0.0008333472224535399,1.0000000000000013,0.0
76703,36.080601343355724,1.0,560,681,1241,0.0,-0.0008333472224535399,1.0000000000000013,0.0
76704,36.07976799613327,1.0,560,681,1241,0.0,-0.0008333472224535399,1.0000000000000013,0.0
76705,36.07893464891082,1.0,560,681,1241,0.0,-0.0008333472224535399,1.0000000000000013,0.0
76706,36.07810130168836,1.0,560,681,1241,0.0,-0.0008333472224535399,1.0000000000000013,0.0
76707,36.07726795446591,1.0,560,681,1241,0.0,-0.0008333472224535399,1.0000000000000013,0.0
76708,36.076434607243456,1.0,560,681,1241,0.0,-0.0008333472224535399,1.0000000000000013,0.0
76709,36.075601260021,1.0,560,681,1241,0.0,-0.0008333472224535399,1.0000000000000013,0.0
76710,36.07476791279855,1.0,560,681,1241,0.0,-0.0008333472224535399,1.0000000000000013,0.0
76711,36.073934565576096,1.0,560,681,1241,0.0,-0.0008333472224535399,1.0000000000000013,0.0
76712,36.07310121835364,1.0,560,681,1241,0.0,-0.0008333472224535399,1.0000000000000013,0.0
76713,36.07226787113119,1.0,560,681,1241,0.0,-0.0008333472224535399,1.0000000000000013,0.0
76714,36.071434523908735,1.0,560,681,1241,0.0,-0.0008333472224535399,1.0000000000000013,0.0
76715,36.07060117668628,1.0,560,681,1241,0.0,-0.0008333472224535399,1.0000000000000013,0.0
76716,36.06976782946383,1.0,560,681,1241,0.0,-0.0008333472224535399,1.0000000000000013,0.0
76717,36.068934482241374,1.0,560,681,1241,0.0,-0.0008333472224535399,1.0000000000000013,0.0
76718,36.068101135018914,1.0,560,681,1241,0.0,-0.0008333472224606453,1.0000000000000013,0.0
76719,36.06726778779646,1.0,560,681,1241,0.0,-0.0008333472224535399,1.0000000000000013,0.0
76720,36.06643444057401,1.0,560,681,1241,0.0,-0.0008333472224535399,1.0000000000000013,0.0
76721,36.06560109335155,1.0,560,681,1241,0.0,-0.0008333472224535399,1.0000000000000013,0.0
76722,36.0647677461291,1.0,560,681,1241,0.0,-0.0008333472224535399,1.0000000000000013,0.0
76723,36.063934398906646,1.0,560,681,1241,0.0,-0.0008333472224535399,1.0000000000000013,0.0
76724,36.06310105168419,1.0,560,681,1241,0.0,-0.0008333472224535399,1.0000000000000013,0.0
76725,36.06226770446174,1.0,560,681,1241,0.0,-0.0008333472224535399,1.0000000000000013,0.0
76726,36.061434357239285,1.0,560,681,1241,0.0,-0.0008333472224535399,1.0000000000000013,0.0
76727,36.06060101001683,1.0,560,681,1241,0.0,-0.0008333472224535399,1.0000000000000013,0.0
76728,36.05976766279438,1.0,560,681,1241,0.0,-0.0008333472224535399,1.0000000000000013,0.0
76729,36.058934315571925,1.0,560,681,1241,0.0,-0.0008333472224535399,1.0000000000000013,0.0
76730,36.05810096834947,1.0,560,681,1241,0.0,-0.0008333472224535399,1.0000000000000013,0.0
76731,36.05726762112702,1.0,560,681,1241,0.0,-0.0008333472224535399,1.0000000000000013,0.0
76732,36.056434273904564,1.0,560,681,1241,0.0,-0.0008333472224535399,1.0000000000000013,0.0
76733,36.05560092668211,1.0,560,681,1241,0.0,-0.0008333472224535399,1.0000000000000013,0.0
76734,36.05476757945966,1.0,560,681,1241,0.0,-0.0008333472224535399,1.0000000000000013,0.0
76735,36.053934232237204,1.0,560,681,1241,0.0,-0.0008333472224535399,1.0000000000000013,0.0
76736,36.05310088501475,1.0,560,681,1241,0.0,-0.0008333472224535399,1.0000000000000013,0.0
76737,36.0522675377923,1.0,560,681,1241,0.0,-0.0008333472224535399,1.0000000000000013,0.0
76738,36.05143419056984,1.0,560,681,1241,0.0,-0.0008333472224535399,1.0000000000000013,0.0
76739,36.05060084334739,1.0,560,681,1241,0.0,-0.0008333472224535399,1.0000000000000013,0.0
76740,36.049767496124936,1.0,560,681,1241,0.0,-0.0008333472224535399,1.0000000000000013,0.0
76741,36.04893414890248,1.0,560,681,1241,0.0,-0.0008333472224535399,1.0000000000000013,0.0
76742,36.04810080168003,1.0,560,681,1241,0.0,-0.0008333472224535399,1.0000000000000013,0.0
76743,36.047267454457575,1.0,560,681,1241,0.0,-0.0008333472224535399,1.0000000000000013,0.0
76744,36.04643410723512,1.0,560,681,1241,0.0,-0.0008333472224535399,1.0000000000000013,0.0
76745,36.04560076001267,1.0,560,681,1241,0.0,-0.0008333472224535399,1.0000000000000013,0.0
76746,36.044767412790215,1.0,560,681,1241,0.0,-0.0008333472224535399,1.0000000000000013,0.0
76747,36.04393406556776,1.0,560,681,1241,0.0,-0.0008333472224535399,1.0000000000000013,0.0
76748,36.04310071834531,1.0,560,681,1241,0.0,-0.0008333472224535399,1.0000000000000013,0.0
76749,36.042267371122854,1.0,560,681,1241,0.0,-0.0008333472224535399,1.0000000000000013,0.0
76750,36.04143402390039,0.9991941982272361,560,681,1241,-0.0008058017727639033,-0.0008333472224606453,0.999919419822725,-8.058017727639034e-05
76751,36.04060067667794,0.9991941982272361,560,681,1241,0.0,-0.0008333472224535399,0.9998388396454487,-8.058017727639034e-05
76752,36.039767329455486,0.9991941982272361,560,681,1241,0.0,-0.0008333472224535399,0.9997582594681724,-8.058017727639034e-05
76753,36.03893398223303,0.9991941982272361,560,681,1241,0.0,-0.0008333472224535399,0.999677679290896,-8.058017727639034e-05
76754,36.03810063501058,0.9991941982272361,560,681,1241,0.0,-0.0008333472224535399,0.9995970991136197,-8.058017727639034e-05
76755,36.037267287788126,1.0,560,681,1241,0.0008058017727639033,-0.0008333472224535399,0.9995970991136197,0.0
76756,36.03643394056567,0.9991941982272361,560,681,1241,-0.0008058017727639033,-0.0008333472224535399,0.9995165189363433,-8.058017727639034e-05
76757,36.03560059334322,0.9991941982272361,560,681,1241,0.0,-0.0008333472224535399,0.999435938759067,-8.058017727639034e-05
76758,36.034767246120765,0.9991941982272361,560,681,1241,0.0,-0.0008333472224535399,0.9993553585817907,-8.058017727639034e-05
76759,36.03393389889831,0.9991941982272361,560,681,1241,0.0,-0.0008333472224535399,0.9992747784045143,-8.058017727639034e-05
76760,36.03310055167586,1.0,560,681,1241,0.0008058017727639033,-0.0008333472224535399,0.9993553585817907,8.058017727639034e-05
76761,36.032267204453404,1.0,560,681,1241,0.0,-0.0008333472224535399,0.999435938759067,8.058017727639034e-05
76762,36.03143385723095,1.0,560,681,1241,0.0,-0.0008333472224535399,0.9995165189363433,8.058017727639034e-05
76763,36.0306005100085,1.0,560,681,1241,0.0,-0.0008333472224535399,0.9995970991136197,8.058017727639034e-05
76764,36.029767162786044,1.0,560,681,1241,0.0,-0.0008333472224535399,0.999677679290896,8.058017727639034e-05
76765,36.02893381556359,1.0,560,681,1241,0.0,-0.0008333472224535399,0.999677679290896,0.0
76766,36.02810046834114,1.0,560,681,1241,0.0,-0.0008333472224535399,0.9997582594681724,8.058017727639034e-05
76767,36.02726712111868,1.0,560,681,1241,0.0,-0.0008333472224535399,0.9998388396454487,8.058017727639034e-05
76768,36.02643377389623,1.0,560,681,1241,0.0,-0.0008333472224535399,0.999919419822725,8.058017727639034e-05
76769,36.025600426673776,1.0,560,681,1241,0.0,-0.0008333472224535399,1.0000000000000013,8.058017727639034e-05
76770,36.02476707945132,1.0,560,681,1241,0.0,-0.0008333472224535399,1.0000000000000013,0.0
76771,36.02393373222887,1.0,560,681,1241,0.0,-0.0008333472224535399,1.0000000000000013,0.0
76772,36.023100385006416,1.0,560,681,1241,0.0,-0.0008333472224535399,1.0000000000000013,0.0
76773,36.02226703778396,1.0,560,681,1241,0.0,-0.0008333472224535399,1.0000000000000013,0.0
76774,36.02143369056151,1.0,560,681,1241,0.0,-0.0008333472224535399,1.0000000000000013,0.0
76775,36.020600343339055,1.0,560,681,1241,0.0,-0.0008333472224535399,1.0000000000000013,0.0
76776,36.0197669961166,1.0,560,681,1241,0.0,-0.0008333472224535399,1.0000000000000013,0.0
76777,36.01893364889415,1.0,560,681,1241,0.0,-0.0008333472224535399,1.0000000000000013,0.0
76778,36.018100301671694,1.0,560,681,1241,0.0,-0.0008333472224535399,1.0000000000000013,0.0
76779,36.01726695444924,1.0,560,681,1241,0.0,-0.0008333472224535399,1.0000000000000013,0.0
76780,36.01643360722679,1.0,560,681,1241,0.0,-0.0008333472224535399,1.0000000000000013,0.0
76781,36.015600260004334,1.0,560,681,1241,0.0,-0.0008333472224535399,1.0000000000000013,0.0
76782,36.01476691278188,1.0,560,681,1241,0.0,-0.0008333472224535399,1.0000000000000013,0.0
76783,36.01393356555943,0.9991941982272361,560,681,1241,-0.0008058017727639033,-0.0008333472224535399,0.999919419822725,-8.058017727639034e-05
76784,36.01310021833697,0.9991941982272361,560,681,1241,0.0,-0.0008333472224535399,0.9998388396454487,-8.058017727639034e-05
76785,36.01226687111452,0.9991941982272361,560,681,1241,0.0,-0.0008333472224535399,0.9997582594681724,-8.058017727639034e-05
76786,36.011433523892066,1.0,560,681,1241,0.0008058017727639033,-0.0008333472224535399,0.9997582594681724,0.0
76787,36.01060017666961,1.0,560,681,1241,0.0,-0.0008333472224535399,0.9997582594681724,0.0
76788,36.00976682944716,1.0,560,681,1241,0.0,-0.0008333472224535399,0.9997582594681724,0.0
76789,36.008933482224705,1.0,560,681,1241,0.0,-0.0008333472224535399,0.9997582594681724,0.0
76790,36.00810013500225,1.0,560,681,1241,0.0,-0.0008333472224535399,0.9997582594681724,0.0
76791,36.0072667877798,1.0,560,681,1241,0.0,-0.0008333472224535399,0.9997582594681724,0.0
76792,36.006433440557345,1.0,560,681,1241,0.0,-0.0008333472224535399,0.9997582594681724,0.0
76793,36.00560009333489,1.0,560,681,1241,0.0,-0.0008333472224535399,0.9998388396454487,8.058017727639034e-05
76794,36.00476674611244,1.0,560,681,1241,0.0,-0.0008333472224535399,0.999919419822725,8.058017727639034e-05
76795,36.003933398889984,1.0,560,681,1241,0.0,-0.0008333472224535399,1.0000000000000013,8.058017727639034e-05
76796,36.00310005166753,1.0,560,681,1241,0.0,-0.0008333472224535399,1.0000000000000013,0.0
76797,36.00226670444508,1.0,560,681,1241,0.0,-0.0008333472224535399,1.0000000000000013,0.0
76798,36.00143335722262,1.0,560,681,1241,0.0,-0.0008333472224535399,1.0000000000000013,0.0
76799,36.00060001000017,1.0,560,681,1241,0.0,-0.0008333472224535399,1.0000000000000013,0.0
76800,35.999766662777716,1.0,560,681,1241,0.0,-0.0008333472224535399,1.0000000000000013,0.0
76801,35.99893331555526,1.0,560,681,1241,0.0,-0.0008333472224535399,1.0000000000000013,0.0
76802,35.99809996833281,0.9991941982272361,560,681,1241,-0.0008058017727639033,-0.0008333472224535399,0.999919419822725,-8.058017727639034e-05
76803,35.99726662111035,1.0,560,681,1241,0.0008058017727639033,-0.0008333472224606453,0.999919419822725,0.0
76804,35.996433273887895,1.0,560,681,1241,0.0,-0.0008333472224535399,0.999919419822725,0.0
76805,35.99559992666544,1.0,560,681,1241,0.0,-0.0008333472224535399,0.999919419822725,0.0
76806,35.99476657944299,1.0,560,681,1241,0.0,-0.0008333472224535399,0.999919419822725,0.0
76807,35.993933232220535,1.0,560,681,1241,0.0,-0.0008333472224535399,0.999919419822725,0.0
76808,35.99309988499808,1.0,560,681,1241,0.0,-0.0008333472224535399,0.999919419822725,0.0
76809,35.99226653777563,1.0,560,681,1241,0.0,-0.0008333472224535399,0.999919419822725,0.0
76810,35.991433190553174,0.9991941982272361,560,681,1241,-0.0008058017727639033,-0.0008333472224535399,0.9998388396454487,-8.058017727639034e-05
76811,35.99059984333072,1.0,560,681,1241,0.0008058017727639033,-0.0008333472224535399,0.9998388396454487,0.0
76812,35.98976649610827,1.0,560,681,1241,0.0,-0.0008333472224535399,0.999919419822725,8.058017727639034e-05
76813,35.98893314888581,1.0,560,681,1241,0.0,-0.0008333472224535399,0.999919419822725,0.0
76814,35.98809980166336,0.9991941982272361,560,681,1241,-0.0008058017727639033,-0.0008333472224535399,0.9998388396454487,-8.058017727639034e-05
76815,35.987266454440906,0.9991941982272361,560,681,1241,0.0,-0.0008333472224535399,0.9997582594681724,-8.058017727639034e-05
76816,35.98643310721845,0.9983883964544722,560,681,1241,-0.0008058017727639033,-0.0008333472224535399,0.9995970991136197,-0.00016116035455278067
76817,35.985599759996,0.9991941982272361,560,681,1241,0.0008058017727639033,-0.0008333472224535399,0.9995165189363433,-8.058017727639034e-05
76818,35.984766412773546,0.9991941982272361,560,681,1241,0.0,-0.0008333472224535399,0.999435938759067,-8.058017727639034e-05
76819,35.98393306555109,0.9991941982272361,560,681,1241,0.0,-0.0008333472224535399,0.9993553585817907,-8.058017727639034e-05
76820,35.98309971832864,1.0,560,681,1241,0.0008058017727639033,-0.0008333472224535399,0.999435938759067,8.058017727639034e-05
76821,35.982266371106185,0.9991941982272361,560,681,1241,-0.0008058017727639033,-0.0008333472224535399,0.9993553585817907,-8.058017727639034e-05
76822,35.98143302388373,1.0,560,681,1241,0.0008058017727639033,-0.0008333472224535399,0.9993553585817907,0.0
76823,35.98059967666128,1.0,560,681,1241,0.0,-0.0008333472224535399,0.9993553585817907,0.0
76824,35.979766329438824,1.0,560,681,1241,0.0,-0.0008333472224535399,0.999435938759067,8.058017727639034e-05
76825,35.97893298221637,1.0,560,681,1241,0.0,-0.0008333472224535399,0.9995165189363433,8.058017727639034e-05
76826,35.97809963499392,0.9991941982272361,560,681,1241,-0.0008058017727639033,-0.0008333472224535399,0.9995970991136197,8.058017727639034e-05
76827,35.977266287771464,1.0,560,681,1241,0.0008058017727639033,-0.0008333472224535399,0.999677679290896,8.058017727639034e-05
76828,35.97643294054901,1.0,560,681,1241,0.0,-0.0008333472224535399,0.9997582594681724,8.058017727639034e-05
76829,35.97559959332656,1.0,560,681,1241,0.0,-0.0008333472224535399,0.9998388396454487,8.058017727639034e-05
76830,35.9747662461041,1.0,560,681,1241,0.0,-0.0008333472224535399,0.9998388396454487,0.0
76831,35.97393289888165,1.0,560,681,1241,0.0,-0.0008333472224535399,0.999919419822725,8.058017727639034e-05
76832,35.973099551659196,1.0,560,681,1241,0.0,-0.0008333472224535399,0.999919419822725,0.0
76833,35.97226620443674,1.0,560,681,1241,0.0,-0.0008333472224535399,0.999919419822725,0.0
76834,35.97143285721429,1.0,560,681,1241,0.0,-0.0008333472224535399,0.999919419822725,0.0
76835,35.97059950999183,1.0,560,681,1241,0.0,-0.0008333472224606453,0.999919419822725,0.0
76836,35.969766162769375,1.0,560,681,1241,0.0,-0.0008333472224535399,1.0000000000000013,8.058017727639034e-05
76837,35.96893281554692,1.0,560,681,1241,0.0,-0.0008333472224535399,1.0000000000000013,0.0
76838,35.96809946832447,1.0,560,681,1241,0.0,-0.0008333472224535399,1.0000000000000013,0.0
76839,35.967266121102014,1.0,560,681,1241,0.0,-0.0008333472224535399,1.0000000000000013,0.0
76840,35.96643277387956,1.0,560,681,1241,0.0,-0.0008333472224535399,1.0000000000000013,0.0
76841,35.96559942665711,1.0,560,681,1241,0.0,-0.0008333472224535399,1.0000000000000013,0.0
76842,35.96476607943465,1.0,560,681,1241,0.0,-0.0008333472224535399,1.0000000000000013,0.0
76843,35.9639327322122,1.0,560,681,1241,0.0,-0.0008333472224535399,1.0000000000000013,0.0
76844,35.96309938498975,1.0,560,681,1241,0.0,-0.0008333472224535399,1.0000000000000013,0.0
76845,35.96226603776729,1.0,560,681,1241,0.0,-0.0008333472224535399,1.0000000000000013,0.0
76846,35.96143269054484,1.0,560,681,1241,0.0,-0.0008333472224535399,1.0000000000000013,0.0
76847,35.960599343322386,1.0,560,681,1241,0.0,-0.0008333472224535399,1.0000000000000013,0.0
76848,35.95976599609993,1.0,560,681,1241,0.0,-0.0008333472224535399,1.0000000000000013,0.0
76849,35.95893264887748,1.0,560,681,1241,0.0,-0.0008333472224535399,1.0000000000000013,0.0
76850,35.958099301655025,1.0,560,681,1241,0.0,-0.0008333472224535399,1.0000000000000013,0.0
76851,35.95726595443257,1.0,560,681,1241,0.0,-0.0008333472224535399,1.0000000000000013,0.0
76852,35.95643260721012,1.0,560,681,1241,0.0,-0.0008333472224535399,1.0000000000000013,0.0
76853,35.955599259987665,1.0,560,681,1241,0.0,-0.0008333472224535399,1.0000000000000013,0.0
76854,35.95476591276521,1.0,560,681,1241,0.0,-0.0008333472224535399,1.0000000000000013,0.0
76855,35.95393256554276,1.0,560,681,1241,0.0,-0.0008333472224535399,1.0000000000000013,0.0
76856,35.953099218320304,1.0,560,681,1241,0.0,-0.0008333472224535399,1.0000000000000013,0.0
76857,35.95226587109785,1.0,560,681,1241,0.0,-0.0008333472224535399,1.0000000000000013,0.0
76858,35.9514325238754,1.0,560,681,1241,0.0,-0.0008333472224535399,1.0000000000000013,0.0
76859,35.95059917665294,1.0,560,681,1241,0.0,-0.0008333472224535399,1.0000000000000013,0.0
76860,35.94976582943049,1.0,560,681,1241,0.0,-0.0008333472224535399,1.0000000000000013,0.0
76861,35.948932482208036,1.0,560,681,1241,0.0,-0.0008333472224535399,1.0000000000000013,0.0
76862,35.94809913498558,1.0,560,681,1241,0.0,-0.0008333472224535399,1.0000000000000013,0.0
76863,35.94726578776313,1.0,560,681,1241,0.0,-0.0008333472224535399,1.0000000000000013,0.0
76864,35.946432440540676,1.0,560,681,1241,0.0,-0.0008333472224535399,1.0000000000000013,0.0
76865,35.94559909331822,1.0,560,681,1241,0.0,-0.0008333472224535399,1.0000000000000013,0.0
76866,35.94476574609577,1.0,560,681,1241,0.0,-0.0008333472224535399,1.0000000000000013,0.0
76867,35.943932398873315,1.0,560,681,1241,0.0,-0.0008333472224535399,1.0000000000000013,0.0
76868,35.94309905165086,1.0,560,681,1241,0.0,-0.0008333472224535399,1.0000000000000013,0.0
76869,35.94226570442841,1.0,560,681,1241,0.0,-0.0008333472224535399,1.0000000000000013,0.0
76870,35.941432357205954,1.0,560,681,1241,0.0,-0.0008333472224535399,1.0000000000000013,0.0
76871,35.9405990099835,1.0,560,681,1241,0.0,-0.0008333472224535399,1.0000000000000013,0.0
76872,35.93976566276105,1.0,560,681,1241,0.0,-0.0008333472224535399,1.0000000000000013,0.0
76873,35.938932315538594,1.0,560,681,1241,0.0,-0.0008333472224535399,1.0000000000000013,0.0
76874,35.93809896831614,1.0,560,681,1241,0.0,-0.0008333472224535399,1.0000000000000013,0.0
76875,35.93726562109369,1.0,560,681,1241,0.0,-0.0008333472224535399,1.0000000000000013,0.0
76876,35.93643227387123,1.0,560,681,1241,0.0,-0.0008333472224535399,1.0000000000000013,0.0
76877,35.93559892664878,1.0,560,681,1241,0.0,-0.0008333472224535399,1.0000000000000013,0.0
76878,35.934765579426326,1.0,560,681,1241,0.0,-0.0008333472224535399,1.0000000000000013,0.0
76879,35.93393223220387,1.0,560,681,1241,0.0,-0.0008333472224535399,1.0000000000000013,0.0
76880,35.93309888498142,1.0,560,681,1241,0.0,-0.0008333472224535399,1.0000000000000013,0.0
76881,35.932265537758965,1.0,560,681,1241,0.0,-0.0008333472224535399,1.0000000000000013,0.0
76882,35.93143219053651,1.0,560,681,1241,0.0,-0.0008333472224535399,1.0000000000000013,0.0
76883,35.93059884331406,1.0,560,681,1241,0.0,-0.0008333472224535399,1.0000000000000013,0.0
76884,35.929765496091605,1.0,560,681,1241,0.0,-0.0008333472224535399,1.0000000000000013,0.0
76885,35.92893214886915,1.0,560,681,1241,0.0,-0.0008333472224535399,1.0000000000000013,0.0
76886,35.9280988016467,1.0,560,681,1241,0.0,-0.0008333472224535399,1.0000000000000013,0.0
76887,35.927265454424244,1.0,560,681,1241,0.0,-0.0008333472224535399,1.0000000000000013,0.0
76888,35.926432107201784,0.9991941982272361,560,681,1241,-0.0008058017727639033,-0.0008333472224606453,0.999919419822725,-8.058017727639034e-05
76889,35.92559875997933,0.9991941982272361,560,681,1241,0.0,-0.0008333472224535399,0.9998388396454487,-8.058017727639034e-05
76890,35.92476541275688,0.9991941982272361,560,681,1241,0.0,-0.0008333472224535399,0.9997582594681724,-8.058017727639034e-05
76891,35.92393206553442,0.9991941982272361,560,681,1241,0.0,-0.0008333472224535399,0.999677679290896,-8.058017727639034e-05
76892,35.92309871831197,1.0,560,681,1241,0.0008058017727639033,-0.0008333472224535399,0.999677679290896,0.0
76893,35.922265371089516,1.0,560,681,1241,0.0,-0.0008333472224535399,0.999677679290896,0.0
76894,35.92143202386706,1.0,560,681,1241,0.0,-0.0008333472224535399,0.999677679290896,0.0
76895,35.92059867664461,1.0,560,681,1241,0.0,-0.0008333472224535399,0.999677679290896,0.0
76896,35.919765329422155,1.0,560,681,1241,0.0,-0.0008333472224535399,0.999677679290896,0.0
76897,35.9189319821997,1.0,560,681,1241,0.0,-0.0008333472224535399,0.999677679290896,0.0
76898,35.91809863497725,1.0,560,681,1241,0.0,-0.0008333472224535399,0.9997582594681724,8.058017727639034e-05
76899,35.917265287754795,1.0,560,681,1241,0.0,-0.0008333472224535399,0.9998388396454487,8.058017727639034e-05
76900,35.91643194053234,1.0,560,681,1241,0.0,-0.0008333472224535399,0.999919419822725,8.058017727639034e-05
76901,35.91559859330989,1.0,560,681,1241,0.0,-0.0008333472224535399,1.0000000000000013,8.058017727639034e-05
76902,35.914765246087434,1.0,560,681,1241,0.0,-0.0008333472224535399,1.0000000000000013,0.0
76903,35.91393189886498,0.9991941982272361,560,681,1241,-0.0008058017727639033,-0.0008333472224535399,0.999919419822725,-8.058017727639034e-05
76904,35.91309855164253,0.9991941982272361,560,681,1241,0.0,-0.0008333472224535399,0.9998388396454487,-8.058017727639034e-05
76905,35.91226520442007,1.0,560,681,1241,0.0008058017727639033,-0.0008333472224535399,0.9998388396454487,0.0
76906,35.91143185719762,1.0,560,681,1241,0.0,-0.0008333472224535399,0.9998388396454487,0.0
76907,35.910598509975166,1.0,560,681,1241,0.0,-0.0008333472224535399,0.9998388396454487,0.0
76908,35.90976516275271,1.0,560,681,1241,0.0,-0.0008333472224535399,0.9998388396454487,0.0
76909,35.90893181553026,1.0,560,681,1241,0.0,-0.0008333472224535399,0.9998388396454487,0.0
76910,35.908098468307806,1.0,560,681,1241,0.0,-0.0008333472224535399,0.9998388396454487,0.0
76911,35.90726512108535,1.0,560,681,1241,0.0,-0.0008333472224535399,0.9998388396454487,0.0
76912,35.9064317738629,1.0,560,681,1241,0.0,-0.0008333472224535399,0.9998388396454487,0.0
76913,35.905598426640445,1.0,560,681,1241,0.0,-0.0008333472224535399,0.999919419822725,8.058017727639034e-05
76914,35.90476507941799,1.0,560,681,1241,0.0,-0.0008333472224535399,1.0000000000000013,8.058017727639034e-05
76915,35.90393173219554,1.0,560,681,1241,0.0,-0.0008333472224535399,1.0000000000000013,0.0
76916,35.903098384973084,0.9991941982272361,560,681,1241,-0.0008058017727639033,-0.0008333472224535399,0.999919419822725,-8.058017727639034e-05
76917,35.90226503775063,1.0,560,681,1241,0.0008058017727639033,-0.0008333472224535399,0.999919419822725,0.0
76918,35.90143169052818,0.9991941982272361,560,681,1241,-0.0008058017727639033,-0.0008333472224535399,0.9998388396454487,-8.058017727639034e-05
76919,35.90059834330572,0.9991941982272361,560,681,1241,0.0,-0.0008333472224606453,0.9997582594681724,-8.058017727639034e-05
76920,35.89976499608326,0.9991941982272361,560,681,1241,0.0,-0.0008333472224535399,0.999677679290896,-8.058017727639034e-05
76921,35.89893164886081,0.9991941982272361,560,681,1241,0.0,-0.0008333472224535399,0.9995970991136197,-8.058017727639034e-05
76922,35.898098301638356,1.0,560,681,1241,0.0008058017727639033,-0.0008333472224535399,0.9995970991136197,0.0
76923,35.8972649544159,1.0,560,681,1241,0.0,-0.0008333472224535399,0.9995970991136197,0.0
76924,35.89643160719345,1.0,560,681,1241,0.0,-0.0008333472224535399,0.9995970991136197,0.0
76925,35.895598259970996,1.0,560,681,1241,0.0,-0.0008333472224535399,0.9995970991136197,0.0
76926,35.89476491274854,1.0,560,681,1241,0.0,-0.0008333472224535399,0.999677679290896,8.058017727639034e-05
76927,35.89393156552609,1.0,560,681,1241,0.0,-0.0008333472224535399,0.999677679290896,0.0
76928,35.893098218303635,1.0,560,681,1241,0.0,-0.0008333472224535399,0.9997582594681724,8.058017727639034e-05
76929,35.89226487108118,1.0,560,681,1241,0.0,-0.0008333472224535399,0.9998388396454487,8.058017727639034e-05
76930,35.89143152385873,1.0,560,681,1241,0.0,-0.0008333472224535399,0.999919419822725,8.058017727639034e-05
76931,35.890598176636274,1.0,560,681,1241,0.0,-0.0008333472224535399,1.0000000000000013,8.058017727639034e-05
76932,35.88976482941382,1.0,560,681,1241,0.0,-0.0008333472224535399,1.0000000000000013,0.0
76933,35.88893148219137,1.0,560,681,1241,0.0,-0.0008333472224535399,1.0000000000000013,0.0
76934,35.888098134968914,1.0,560,681,1241,0.0,-0.0008333472224535399,1.0000000000000013,0.0
76935,35.88726478774646,1.0,560,681,1241,0.0,-0.0008333472224535399,1.0000000000000013,0.0
76936,35.88643144052401,1.0,560,681,1241,0.0,-0.0008333472224535399,1.0000000000000013,0.0
76937,35.88559809330155,1.0,560,681,1241,0.0,-0.0008333472224535399,1.0000000000000013,0.0
76938,35.8847647460791,1.0,560,681,1241,0.0,-0.0008333472224535399,1.0000000000000013,0.0
76939,35.883931398856646,0.9991941982272361,560,681,1241,-0.0008058017727639033,-0.0008333472224535399,0.999919419822725,-8.058017727639034e-05
76940,35.88309805163419,0.9983883964544722,560,681,1241,-0.0008058017727639033,-0.0008333472224535399,0.9997582594681724,-0.00016116035455278067
76941,35.88226470441174,1.0,560,681,1241,0.0016116035455278066,-0.0008333472224535399,0.9997582594681724,0.0
76942,35.881431357189285,1.0,560,681,1241,0.0,-0.0008333472224535399,0.9997582594681724,0.0
76943,35.88059800996683,1.0,560,681,1241,0.0,-0.0008333472224535399,0.9997582594681724,0.0
76944,35.87976466274438,1.0,560,681,1241,0.0,-0.0008333472224535399,0.9997582594681724,0.0
76945,35.878931315521925,1.0,560,681,1241,0.0,-0.0008333472224535399,0.9997582594681724,0.0
76946,35.87809796829947,1.0,560,681,1241,0.0,-0.0008333472224535399,0.9997582594681724,0.0
76947,35.87726462107702,0.9991941982272361,560,681,1241,-0.0008058017727639033,-0.0008333472224535399,0.999677679290896,-8.058017727639034e-05
76948,35.876431273854564,0.9991941982272361,560,681,1241,0.0,-0.0008333472224535399,0.9995970991136197,-8.058017727639034e-05
76949,35.87559792663211,0.9991941982272361,560,681,1241,0.0,-0.0008333472224535399,0.9995970991136197,0.0
76950,35.87476457940966,0.9991941982272361,560,681,1241,0.0,-0.0008333472224535399,0.999677679290896,8.058017727639034e-05
76951,35.8739312321872,0.9991941982272361,560,681,1241,0.0,-0.0008333472224535399,0.9995970991136197,-8.058017727639034e-05
76952,35.87309788496475,1.0,560,681,1241,0.0008058017727639033,-0.0008333472224535399,0.9995970991136197,0.0
76953,35.872264537742296,1.0,560,681,1241,0.0,-0.0008333472224535399,0.9995970991136197,0.0
76954,35.87143119051984,1.0,560,681,1241,0.0,-0.0008333472224535399,0.9995970991136197,0.0
76955,35.87059784329739,1.0,560,681,1241,0.0,-0.0008333472224535399,0.9995970991136197,0.0
76956,35.869764496074936,0.9991941982272361,560,681,1241,-0.0008058017727639033,-0.0008333472224535399,0.9995165189363433,-8.058017727639034e-05
76957,35.86893114885248,0.9991941982272361,560,681,1241,0.0,-0.0008333472224535399,0.9995165189363433,0.0
76958,35.86809780163003,1.0,560,681,1241,0.0008058017727639033,-0.0008333472224535399,0.9995970991136197,8.058017727639034e-05
76959,35.867264454407575,1.0,560,681,1241,0.0,-0.0008333472224535399,0.999677679290896,8.058017727639034e-05
76960,35.86643110718512,1.0,560,681,1241,0.0,-0.0008333472224535399,0.9997582594681724,8.058017727639034e-05
76961,35.86559775996267,1.0,560,681,1241,0.0,-0.0008333472224535399,0.9998388396454487,8.058017727639034e-05
76962,35.864764412740215,1.0,560,681,1241,0.0,-0.0008333472224535399,0.9998388396454487,0.0
76963,35.86393106551776,1.0,560,681,1241,0.0,-0.0008333472224535399,0.9998388396454487,0.0
76964,35.86309771829531,1.0,560,681,1241,0.0,-0.0008333472224535399,0.9998388396454487,0.0
76965,35.862264371072854,1.0,560,681,1241,0.0,-0.0008333472224535399,0.9998388396454487,0.0
76966,35.8614310238504,1.0,560,681,1241,0.0,-0.0008333472224535399,0.999919419822725,8.058017727639034e-05
76967,35.86059767662795,1.0,560,681,1241,0.0,-0.0008333472224535399,1.0000000000000013,8.058017727639034e-05
76968,35.85976432940549,1.0,560,681,1241,0.0,-0.0008333472224535399,1.0000000000000013,0.0
76969,35.85893098218304,1.0,560,681,1241,0.0,-0.0008333472224535399,1.0000000000000013,0.0
76970,35.858097634960586,1.0,560,681,1241,0.0,-0.0008333472224535399,1.0000000000000013,0.0
76971,35.85726428773813,1.0,560,681,1241,0.0,-0.0008333472224535399,1.0000000000000013,0.0
76972,35.85643094051567,1.0,560,681,1241,0.0,-0.0008333472224606453,1.0000000000000013,0.0
76973,35.85559759329322,1.0,560,681,1241,0.0,-0.0008333472224535399,1.0000000000000013,0.0
76974,35.854764246070765,1.0,560,681,1241,0.0,-0.0008333472224535399,1.0000000000000013,0.0
76975,35.85393089884831,1.0,560,681,1241,0.0,-0.0008333472224535399,1.0000000000000013,0.0
76976,35.85309755162586,1.0,560,681,1241,0.0,-0.0008333472224535399,1.0000000000000013,0.0
76977,35.852264204403404,1.0,560,681,1241,0.0,-0.0008333472224535399,1.0000000000000013,0.0
76978,35.85143085718095,1.0,560,681,1241,0.0,-0.0008333472224535399,1.0000000000000013,0.0
76979,35.8505975099585,1.0,560,681,1241,0.0,-0.0008333472224535399,1.0000000000000013,0.0
76980,35.849764162736044,1.0,560,681,1241,0.0,-0.0008333472224535399,1.0000000000000013,0.0
76981,35.84893081551359,1.0,560,681,1241,0.0,-0.0008333472224535399,1.0000000000000013,0.0
76982,35.84809746829114,1.0,560,681,1241,0.0,-0.0008333472224535399,1.0000000000000013,0.0
76983,35.84726412106868,1.0,560,681,1241,0.0,-0.0008333472224535399,1.0000000000000013,0.0
76984,35.84643077384623,1.0,560,681,1241,0.0,-0.0008333472224535399,1.0000000000000013,0.0
76985,35.845597426623776,1.0,560,681,1241,0.0,-0.0008333472224535399,1.0000000000000013,0.0
76986,35.84476407940132,1.0,560,681,1241,0.0,-0.0008333472224535399,1.0000000000000013,0.0
76987,35.84393073217887,1.0,560,681,1241,0.0,-0.0008333472224535399,1.0000000000000013,0.0
76988,35.843097384956415,1.0,560,681,1241,0.0,-0.0008333472224535399,1.0000000000000013,0.0
76989,35.84226403773396,1.0,560,681,1241,0.0,-0.0008333472224535399,1.0000000000000013,0.0
76990,35.84143069051151,1.0,560,681,1241,0.0,-0.0008333472224535399,1.0000000000000013,0.0
76991,35.840597343289055,1.0,560,681,1241,0.0,-0.0008333472224535399,1.0000000000000013,0.0
76992,35.8397639960666,1.0,560,681,1241,0.0,-0.0008333472224535399,1.0000000000000013,0.0
76993,35.83893064884415,1.0,560,681,1241,0.0,-0.0008333472224535399,1.0000000000000013,0.0
76994,35.838097301621694,1.0,560,681,1241,0.0,-0.0008333472224535399,1.0000000000000013,0.0
76995,35.83726395439924,1.0,560,681,1241,0.0,-0.0008333472224535399,1.0000000000000013,0.0
76996,35.83643060717679,1.0,560,681,1241,0.0,-0.0008333472224535399,1.0000000000000013,0.0
76997,35.83559725995433,1.0,560,681,1241,0.0,-0.0008333472224535399,1.0000000000000013,0.0
76998,35.83476391273188,1.0,560,681,1241,0.0,-0.0008333472224535399,1.0000000000000013,0.0
76999,35.83393056550943,0.9991941982272361,560,681,1241,-0.0008058017727639033,-0.0008333472224535399,0.999919419822725,-8.058017727639034e-05
77000,35.83309721828697,0.9983883964544722,560,681,1241,-0.0008058017727639033,-0.0008333472224535399,0.9997582594681724,-0.00016116035455278067
77001,35.83226387106452,0.9991941982272361,560,681,1241,0.0008058017727639033,-0.0008333472224535399,0.999677679290896,-8.058017727639034e-05
77002,35.831430523842066,1.0,560,681,1241,0.0008058017727639033,-0.0008333472224535399,0.999677679290896,0.0
77003,35.83059717661961,1.0,560,681,1241,0.0,-0.0008333472224535399,0.999677679290896,0.0
77004,35.82976382939715,1.0,560,681,1241,0.0,-0.0008333472224606453,0.999677679290896,0.0
77005,35.8289304821747,0.9991941982272361,560,681,1241,-0.0008058017727639033,-0.0008333472224535399,0.9995970991136197,-8.058017727639034e-05
77006,35.828097134952245,1.0,560,681,1241,0.0008058017727639033,-0.0008333472224535399,0.9995970991136197,0.0
77007,35.82726378772979,1.0,560,681,1241,0.0,-0.0008333472224535399,0.9995970991136197,0.0
77008,35.82643044050734,1.0,560,681,1241,0.0,-0.0008333472224535399,0.9995970991136197,0.0
77009,35.825597093284884,1.0,560,681,1241,0.0,-0.0008333472224535399,0.999677679290896,8.058017727639034e-05
77010,35.82476374606243,1.0,560,681,1241,0.0,-0.0008333472224535399,0.9998388396454487,0.00016116035455278067
77011,35.82393039883998,1.0,560,681,1241,0.0,-0.0008333472224535399,0.999919419822725,8.058017727639034e-05
77012,35.82309705161752,1.0,560,681,1241,0.0,-0.0008333472224535399,0.999919419822725,0.0
77013,35.82226370439507,1.0,560,681,1241,0.0,-0.0008333472224535399,0.999919419822725,0.0
77014,35.821430357172616,1.0,560,681,1241,0.0,-0.0008333472224535399,0.999919419822725,0.0
77015,35.82059700995016,0.9991941982272361,560,681,1241,-0.0008058017727639033,-0.0008333472224535399,0.999919419822725,0.0
77016,35.81976366272771,0.9991941982272361,560,681,1241,0.0,-0.0008333472224535399,0.9998388396454487,-8.058017727639034e-05
77017,35.818930315505256,0.9991941982272361,560,681,1241,0.0,-0.0008333472224535399,0.9997582594681724,-8.058017727639034e-05
77018,35.8180969682828,0.9991941982272361,560,681,1241,0.0,-0.0008333472224535399,0.999677679290896,-8.058017727639034e-05
77019,35.81726362106035,0.9991941982272361,560,681,1241,0.0,-0.0008333472224535399,0.9995970991136197,-8.058017727639034e-05
77020,35.816430273837895,0.9991941982272361,560,681,1241,0.0,-0.0008333472224535399,0.9995165189363433,-8.058017727639034e-05
77021,35.81559692661544,0.9991941982272361,560,681,1241,0.0,-0.0008333472224535399,0.999435938759067,-8.058017727639034e-05
77022,35.81476357939299,0.9991941982272361,560,681,1241,0.0,-0.0008333472224535399,0.9993553585817907,-8.058017727639034e-05
77023,35.813930232170534,0.9991941982272361,560,681,1241,0.0,-0.0008333472224535399,0.9992747784045143,-8.058017727639034e-05
77024,35.81309688494808,0.9991941982272361,560,681,1241,0.0,-0.0008333472224535399,0.999194198227238,-8.058017727639034e-05
77025,35.81226353772563,0.9991941982272361,560,681,1241,0.0,-0.0008333472224535399,0.999194198227238,0.0
77026,35.811430190503174,0.9991941982272361,560,681,1241,0.0,-0.0008333472224535399,0.999194198227238,0.0
77027,35.81059684328072,0.9983883964544722,560,681,1241,-0.0008058017727639033,-0.0008333472224535399,0.9991136180499616,-8.058017727639034e-05
77028,35.80976349605827,0.9983883964544722,560,681,1241,0.0,-0.0008333472224535399,0.9990330378726853,-8.058017727639034e-05
77029,35.80893014883581,0.9991941982272361,560,681,1241,0.0008058017727639033,-0.0008333472224535399,0.9990330378726853,0.0
77030,35.80809680161336,0.9991941982272361,560,681,1241,0.0,-0.0008333472224535399,0.9990330378726853,0.0
77031,35.807263454390906,0.9991941982272361,560,681,1241,0.0,-0.0008333472224535399,0.9990330378726853,0.0
77032,35.80643010716845,1.0,560,681,1241,0.0008058017727639033,-0.0008333472224535399,0.9991136180499616,8.058017727639034e-05
77033,35.805596759946,1.0,560,681,1241,0.0,-0.0008333472224535399,0.999194198227238,8.058017727639034e-05
77034,35.804763412723545,1.0,560,681,1241,0.0,-0.0008333472224535399,0.9992747784045143,8.058017727639034e-05
77035,35.80393006550109,1.0,560,681,1241,0.0,-0.0008333472224535399,0.9993553585817907,8.058017727639034e-05
77036,35.80309671827864,1.0,560,681,1241,0.0,-0.0008333472224535399,0.999435938759067,8.058017727639034e-05
77037,35.802263371056185,1.0,560,681,1241,0.0,-0.0008333472224535399,0.9995970991136197,0.00016116035455278067
77038,35.80143002383373,1.0,560,681,1241,0.0,-0.0008333472224535399,0.9997582594681724,0.00016116035455278067
77039,35.80059667661128,1.0,560,681,1241,0.0,-0.0008333472224535399,0.9998388396454487,8.058017727639034e-05
77040,35.799763329388824,1.0,560,681,1241,0.0,-0.0008333472224535399,0.999919419822725,8.058017727639034e-05
77041,35.79892998216637,1.0,560,681,1241,0.0,-0.0008333472224535399,1.0000000000000013,8.058017727639034e-05
77042,35.79809663494392,1.0,560,681,1241,0.0,-0.0008333472224535399,1.0000000000000013,0.0
77043,35.797263287721464,1.0,560,681,1241,0.0,-0.0008333472224535399,1.0000000000000013,0.0
77044,35.79642994049901,1.0,560,681,1241,0.0,-0.0008333472224535399,1.0000000000000013,0.0
77045,35.79559659327656,1.0,560,681,1241,0.0,-0.0008333472224535399,1.0000000000000013,0.0
77046,35.7947632460541,1.0,560,681,1241,0.0,-0.0008333472224535399,1.0000000000000013,0.0
77047,35.79392989883165,1.0,560,681,1241,0.0,-0.0008333472224535399,1.0000000000000013,0.0
77048,35.793096551609196,1.0,560,681,1241,0.0,-0.0008333472224535399,1.0000000000000013,0.0
77049,35.79226320438674,0.9991941982272361,560,681,1241,-0.0008058017727639033,-0.0008333472224535399,0.999919419822725,-8.058017727639034e-05
77050,35.79142985716429,1.0,560,681,1241,0.0008058017727639033,-0.0008333472224535399,0.999919419822725,0.0
77051,35.790596509941835,1.0,560,681,1241,0.0,-0.0008333472224535399,0.999919419822725,0.0
77052,35.78976316271938,1.0,560,681,1241,0.0,-0.0008333472224535399,0.999919419822725,0.0
77053,35.78892981549693,0.9991941982272361,560,681,1241,-0.0008058017727639033,-0.0008333472224535399,0.9998388396454487,-8.058017727639034e-05
77054,35.788096468274475,0.9983883964544722,560,681,1241,-0.0008058017727639033,-0.0008333472224535399,0.999677679290896,-0.00016116035455278067
77055,35.78726312105202,0.9991941982272361,560,681,1241,0.0008058017727639033,-0.0008333472224535399,0.9995970991136197,-8.058017727639034e-05
77056,35.78642977382957,0.9991941982272361,560,681,1241,0.0,-0.0008333472224535399,0.9995165189363433,-8.058017727639034e-05
77057,35.78559642660711,0.9991941982272361,560,681,1241,0.0,-0.0008333472224606453,0.999435938759067,-8.058017727639034e-05
77058,35.78476307938465,0.9991941982272361,560,681,1241,0.0,-0.0008333472224535399,0.9993553585817907,-8.058017727639034e-05
77059,35.7839297321622,0.9983883964544722,560,681,1241,-0.0008058017727639033,-0.0008333472224535399,0.9992747784045143,-8.058017727639034e-05
77060,35.783096384939746,0.9983883964544722,560,681,1241,0.0,-0.0008333472224535399,0.9991136180499616,-0.00016116035455278067
77061,35.78226303771729,0.9991941982272361,560,681,1241,0.0008058017727639033,-0.0008333472224535399,0.9990330378726853,-8.058017727639034e-05
77062,35.78142969049484,0.9983883964544722,560,681,1241,-0.0008058017727639033,-0.0008333472224535399,0.9988718775181326,-0.00016116035455278067
77063,35.780596343272386,0.9983883964544722,560,681,1241,0.0,-0.0008333472224535399,0.9987912973408563,-8.058017727639034e-05
77064,35.77976299604993,0.9991941982272361,560,681,1241,0.0008058017727639033,-0.0008333472224535399,0.9988718775181326,8.058017727639034e-05
77065,35.77892964882748,0.9991941982272361,560,681,1241,0.0,-0.0008333472224535399,0.9988718775181326,0.0
77066,35.778096301605025,0.9991941982272361,560,681,1241,0.0,-0.0008333472224535399,0.9988718775181326,0.0
77067,35.77726295438257,0.9991941982272361,560,681,1241,0.0,-0.0008333472224535399,0.9988718775181326,0.0
77068,35.77642960716012,0.9991941982272361,560,681,1241,0.0,-0.0008333472224535399,0.9988718775181326,0.0
77069,35.775596259937664,1.0,560,681,1241,0.0008058017727639033,-0.0008333472224535399,0.9990330378726853,0.00016116035455278067
77070,35.77476291271521,1.0,560,681,1241,0.0,-0.0008333472224535399,0.999194198227238,0.00016116035455278067
77071,35.77392956549276,1.0,560,681,1241,0.0,-0.0008333472224535399,0.9992747784045143,8.058017727639034e-05
77072,35.773096218270304,1.0,560,681,1241,0.0,-0.0008333472224535399,0.999435938759067,0.00016116035455278067
77073,35.77226287104785,1.0,560,681,1241,0.0,-0.0008333472224535399,0.9995970991136197,0.00016116035455278067
77074,35.7714295238254,1.0,560,681,1241,0.0,-0.0008333472224535399,0.999677679290896,8.058017727639034e-05
77075,35.77059617660294,1.0,560,681,1241,0.0,-0.0008333472224535399,0.9997582594681724,8.058017727639034e-05
77076,35.76976282938049,1.0,560,681,1241,0.0,-0.0008333472224535399,0.9998388396454487,8.058017727639034e-05
77077,35.768929482158036,1.0,560,681,1241,0.0,-0.0008333472224535399,0.999919419822725,8.058017727639034e-05
77078,35.76809613493558,1.0,560,681,1241,0.0,-0.0008333472224535399,1.0000000000000013,8.058017727639034e-05
77079,35.76726278771313,1.0,560,681,1241,0.0,-0.0008333472224535399,1.0000000000000013,0.0
77080,35.766429440490676,1.0,560,681,1241,0.0,-0.0008333472224535399,1.0000000000000013,0.0
77081,35.76559609326822,1.0,560,681,1241,0.0,-0.0008333472224535399,1.0000000000000013,0.0
77082,35.76476274604577,1.0,560,681,1241,0.0,-0.0008333472224535399,1.0000000000000013,0.0
77083,35.763929398823315,1.0,560,681,1241,0.0,-0.0008333472224535399,1.0000000000000013,0.0
77084,35.76309605160086,1.0,560,681,1241,0.0,-0.0008333472224535399,1.0000000000000013,0.0
77085,35.76226270437841,1.0,560,681,1241,0.0,-0.0008333472224535399,1.0000000000000013,0.0
77086,35.761429357155954,1.0,560,681,1241,0.0,-0.0008333472224535399,1.0000000000000013,0.0
77087,35.7605960099335,1.0,560,681,1241,0.0,-0.0008333472224535399,1.0000000000000013,0.0
77088,35.75976266271105,1.0,560,681,1241,0.0,-0.0008333472224535399,1.0000000000000013,0.0
77089,35.75892931548859,1.0,560,681,1241,0.0,-0.0008333472224606453,1.0000000000000013,0.0
77090,35.75809596826613,1.0,560,681,1241,0.0,-0.0008333472224535399,1.0000000000000013,0.0
77091,35.75726262104368,1.0,560,681,1241,0.0,-0.0008333472224535399,1.0000000000000013,0.0
77092,35.756429273821226,1.0,560,681,1241,0.0,-0.0008333472224535399,1.0000000000000013,0.0
77093,35.75559592659877,1.0,560,681,1241,0.0,-0.0008333472224535399,1.0000000000000013,0.0
77094,35.75476257937632,1.0,560,681,1241,0.0,-0.0008333472224535399,1.0000000000000013,0.0
77095,35.753929232153865,1.0,560,681,1241,0.0,-0.0008333472224535399,1.0000000000000013,0.0
77096,35.75309588493141,1.0,560,681,1241,0.0,-0.0008333472224535399,1.0000000000000013,0.0
77097,35.75226253770896,1.0,560,681,1241,0.0,-0.0008333472224535399,1.0000000000000013,0.0
77098,35.751429190486505,1.0,560,681,1241,0.0,-0.0008333472224535399,1.0000000000000013,0.0
77099,35.75059584326405,1.0,560,681,1241,0.0,-0.0008333472224535399,1.0000000000000013,0.0
77100,35.7497624960416,1.0,560,681,1241,0.0,-0.0008333472224535399,1.0000000000000013,0.0
77101,35.748929148819144,1.0,560,681,1241,0.0,-0.0008333472224535399,1.0000000000000013,0.0
77102,35.74809580159669,1.0,560,681,1241,0.0,-0.0008333472224535399,1.0000000000000013,0.0
77103,35.74726245437424,1.0,560,681,1241,0.0,-0.0008333472224535399,1.0000000000000013,0.0
77104,35.74642910715178,1.0,560,681,1241,0.0,-0.0008333472224535399,1.0000000000000013,0.0
77105,35.74559575992933,1.0,560,681,1241,0.0,-0.0008333472224535399,1.0000000000000013,0.0
77106,35.744762412706876,1.0,560,681,1241,0.0,-0.0008333472224535399,1.0000000000000013,0.0
77107,35.74392906548442,1.0,560,681,1241,0.0,-0.0008333472224535399,1.0000000000000013,0.0
77108,35.74309571826197,1.0,560,681,1241,0.0,-0.0008333472224535399,1.0000000000000013,0.0
77109,35.742262371039516,1.0,560,681,1241,0.0,-0.0008333472224535399,1.0000000000000013,0.0
77110,35.74142902381706,1.0,560,681,1241,0.0,-0.0008333472224535399,1.0000000000000013,0.0
77111,35.74059567659461,1.0,560,681,1241,0.0,-0.0008333472224535399,1.0000000000000013,0.0
77112,35.739762329372155,1.0,560,681,1241,0.0,-0.0008333472224535399,1.0000000000000013,0.0
77113,35.7389289821497,1.0,560,681,1241,0.0,-0.0008333472224535399,1.0000000000000013,0.0
77114,35.73809563492725,1.0,560,681,1241,0.0,-0.0008333472224535399,1.0000000000000013,0.0
77115,35.737262287704795,1.0,560,681,1241,0.0,-0.0008333472224535399,1.0000000000000013,0.0
77116,35.73642894048234,1.0,560,681,1241,0.0,-0.0008333472224535399,1.0000000000000013,0.0
77117,35.73559559325989,1.0,560,681,1241,0.0,-0.0008333472224535399,1.0000000000000013,0.0
77118,35.734762246037434,1.0,560,681,1241,0.0,-0.0008333472224535399,1.0000000000000013,0.0
77119,35.73392889881498,1.0,560,681,1241,0.0,-0.0008333472224535399,1.0000000000000013,0.0
77120,35.73309555159253,1.0,560,681,1241,0.0,-0.0008333472224535399,1.0000000000000013,0.0
77121,35.73226220437007,1.0,560,681,1241,0.0,-0.0008333472224535399,1.0000000000000013,0.0
77122,35.73142885714762,1.0,560,681,1241,0.0,-0.0008333472224535399,1.0000000000000013,0.0
77123,35.730595509925166,1.0,560,681,1241,0.0,-0.0008333472224535399,1.0000000000000013,0.0
77124,35.72976216270271,1.0,560,681,1241,0.0,-0.0008333472224535399,1.0000000000000013,0.0
77125,35.72892881548026,1.0,560,681,1241,0.0,-0.0008333472224535399,1.0000000000000013,0.0
77126,35.728095468257806,1.0,560,681,1241,0.0,-0.0008333472224535399,1.0000000000000013,0.0
77127,35.72726212103535,0.9991941982272361,560,681,1241,-0.0008058017727639033,-0.0008333472224535399,0.999919419822725,-8.058017727639034e-05
77128,35.7264287738129,1.0,560,681,1241,0.0008058017727639033,-0.0008333472224535399,0.999919419822725,0.0
77129,35.725595426590445,1.0,560,681,1241,0.0,-0.0008333472224535399,0.999919419822725,0.0
77130,35.72476207936799,1.0,560,681,1241,0.0,-0.0008333472224535399,0.999919419822725,0.0
77131,35.72392873214554,1.0,560,681,1241,0.0,-0.0008333472224535399,0.999919419822725,0.0
77132,35.723095384923084,1.0,560,681,1241,0.0,-0.0008333472224535399,0.999919419822725,0.0
77133,35.72226203770063,1.0,560,681,1241,0.0,-0.0008333472224535399,0.999919419822725,0.0
77134,35.72142869047818,1.0,560,681,1241,0.0,-0.0008333472224535399,0.999919419822725,0.0
77135,35.720595343255724,1.0,560,681,1241,0.0,-0.0008333472224535399,0.999919419822725,0.0
77136,35.71976199603327,1.0,560,681,1241,0.0,-0.0008333472224535399,0.999919419822725,0.0
77137,35.71892864881082,1.0,560,681,1241,0.0,-0.0008333472224535399,1.0000000000000013,8.058017727639034e-05
77138,35.71809530158836,1.0,560,681,1241,0.0,-0.0008333472224535399,1.0000000000000013,0.0
77139,35.71726195436591,1.0,560,681,1241,0.0,-0.0008333472224535399,1.0000000000000013,0.0
77140,35.716428607143456,1.0,560,681,1241,0.0,-0.0008333472224535399,1.0000000000000013,0.0
77141,35.715595259921,1.0,560,681,1241,0.0,-0.0008333472224535399,1.0000000000000013,0.0
77142,35.71476191269854,1.0,560,681,1241,0.0,-0.0008333472224606453,1.0000000000000013,0.0
77143,35.71392856547609,1.0,560,681,1241,0.0,-0.0008333472224535399,1.0000000000000013,0.0
77144,35.713095218253635,1.0,560,681,1241,0.0,-0.0008333472224535399,1.0000000000000013,0.0
77145,35.71226187103118,1.0,560,681,1241,0.0,-0.0008333472224535399,1.0000000000000013,0.0
77146,35.71142852380873,0.9991941982272361,560,681,1241,-0.0008058017727639033,-0.0008333472224535399,0.999919419822725,-8.058017727639034e-05
77147,35.710595176586274,0.9991941982272361,560,681,1241,0.0,-0.0008333472224535399,0.9998388396454487,-8.058017727639034e-05
77148,35.70976182936382,0.9991941982272361,560,681,1241,0.0,-0.0008333472224535399,0.9997582594681724,-8.058017727639034e-05
77149,35.70892848214137,0.9991941982272361,560,681,1241,0.0,-0.0008333472224535399,0.999677679290896,-8.058017727639034e-05
77150,35.70809513491891,0.9991941982272361,560,681,1241,0.0,-0.0008333472224535399,0.9995970991136197,-8.058017727639034e-05
77151,35.70726178769646,1.0,560,681,1241,0.0008058017727639033,-0.0008333472224535399,0.9995970991136197,0.0
77152,35.706428440474006,1.0,560,681,1241,0.0,-0.0008333472224535399,0.9995970991136197,0.0
77153,35.70559509325155,1.0,560,681,1241,0.0,-0.0008333472224535399,0.9995970991136197,0.0
77154,35.7047617460291,1.0,560,681,1241,0.0,-0.0008333472224535399,0.9995970991136197,0.0
77155,35.703928398806646,1.0,560,681,1241,0.0,-0.0008333472224535399,0.9995970991136197,0.0
77156,35.70309505158419,1.0,560,681,1241,0.0,-0.0008333472224535399,0.999677679290896,8.058017727639034e-05
77157,35.70226170436174,1.0,560,681,1241,0.0,-0.0008333472224535399,0.9997582594681724,8.058017727639034e-05
77158,35.701428357139285,1.0,560,681,1241,0.0,-0.0008333472224535399,0.9998388396454487,8.058017727639034e-05
77159,35.70059500991683,1.0,560,681,1241,0.0,-0.0008333472224535399,0.999919419822725,8.058017727639034e-05
77160,35.69976166269438,1.0,560,681,1241,0.0,-0.0008333472224535399,1.0000000000000013,8.058017727639034e-05
77161,35.698928315471925,1.0,560,681,1241,0.0,-0.0008333472224535399,1.0000000000000013,0.0
77162,35.69809496824947,1.0,560,681,1241,0.0,-0.0008333472224535399,1.0000000000000013,0.0
77163,35.69726162102702,1.0,560,681,1241,0.0,-0.0008333472224535399,1.0000000000000013,0.0
77164,35.696428273804564,1.0,560,681,1241,0.0,-0.0008333472224535399,1.0000000000000013,0.0
77165,35.69559492658211,1.0,560,681,1241,0.0,-0.0008333472224535399,1.0000000000000013,0.0
77166,35.69476157935966,1.0,560,681,1241,0.0,-0.0008333472224535399,1.0000000000000013,0.0
77167,35.6939282321372,1.0,560,681,1241,0.0,-0.0008333472224535399,1.0000000000000013,0.0
77168,35.69309488491475,1.0,560,681,1241,0.0,-0.0008333472224535399,1.0000000000000013,0.0
77169,35.692261537692296,1.0,560,681,1241,0.0,-0.0008333472224535399,1.0000000000000013,0.0
77170,35.69142819046984,1.0,560,681,1241,0.0,-0.0008333472224535399,1.0000000000000013,0.0
77171,35.69059484324739,1.0,560,681,1241,0.0,-0.0008333472224535399,1.0000000000000013,0.0
77172,35.689761496024936,1.0,560,681,1241,0.0,-0.0008333472224535399,1.0000000000000013,0.0
77173,35.68892814880248,1.0,560,681,1241,0.0,-0.0008333472224535399,1.0000000000000013,0.0
77174,35.68809480158002,1.0,560,681,1241,0.0,-0.0008333472224606453,1.0000000000000013,0.0
77175,35.68726145435757,1.0,560,681,1241,0.0,-0.0008333472224535399,1.0000000000000013,0.0
77176,35.686428107135114,1.0,560,681,1241,0.0,-0.0008333472224535399,1.0000000000000013,0.0
77177,35.68559475991266,1.0,560,681,1241,0.0,-0.0008333472224535399,1.0000000000000013,0.0
77178,35.68476141269021,1.0,560,681,1241,0.0,-0.0008333472224535399,1.0000000000000013,0.0
77179,35.683928065467754,0.9991941982272361,560,681,1241,-0.0008058017727639033,-0.0008333472224535399,0.999919419822725,-8.058017727639034e-05
77180,35.6830947182453,1.0,560,681,1241,0.0008058017727639033,-0.0008333472224535399,0.999919419822725,0.0
77181,35.68226137102285,1.0,560,681,1241,0.0,-0.0008333472224535399,0.999919419822725,0.0
77182,35.68142802380039,1.0,560,681,1241,0.0,-0.0008333472224535399,0.999919419822725,0.0
77183,35.68059467657794,0.9991941982272361,560,681,1241,-0.0008058017727639033,-0.0008333472224535399,0.9998388396454487,-8.058017727639034e-05
77184,35.679761329355486,0.9991941982272361,560,681,1241,0.0,-0.0008333472224535399,0.9997582594681724,-8.058017727639034e-05
77185,35.67892798213303,1.0,560,681,1241,0.0008058017727639033,-0.0008333472224535399,0.9997582594681724,0.0
77186,35.67809463491058,1.0,560,681,1241,0.0,-0.0008333472224535399,0.9997582594681724,0.0
77187,35.677261287688125,1.0,560,681,1241,0.0,-0.0008333472224535399,0.9997582594681724,0.0
77188,35.67642794046567,1.0,560,681,1241,0.0,-0.0008333472224535399,0.9997582594681724,0.0
77189,35.67559459324322,1.0,560,681,1241,0.0,-0.0008333472224535399,0.9998388396454487,8.058017727639034e-05
77190,35.674761246020765,1.0,560,681,1241,0.0,-0.0008333472224535399,0.9998388396454487,0.0
77191,35.67392789879831,1.0,560,681,1241,0.0,-0.0008333472224535399,0.9998388396454487,0.0
77192,35.67309455157586,1.0,560,681,1241,0.0,-0.0008333472224535399,0.9998388396454487,0.0
77193,35.672261204353404,1.0,560,681,1241,0.0,-0.0008333472224535399,0.999919419822725,8.058017727639034e-05
77194,35.67142785713095,1.0,560,681,1241,0.0,-0.0008333472224535399,1.0000000000000013,8.058017727639034e-05
77195,35.6705945099085,1.0,560,681,1241,0.0,-0.0008333472224535399,1.0000000000000013,0.0
77196,35.669761162686044,1.0,560,681,1241,0.0,-0.0008333472224535399,1.0000000000000013,0.0
77197,35.66892781546359,1.0,560,681,1241,0.0,-0.0008333472224535399,1.0000000000000013,0.0
77198,35.66809446824114,1.0,560,681,1241,0.0,-0.0008333472224535399,1.0000000000000013,0.0
77199,35.66726112101868,1.0,560,681,1241,0.0,-0.0008333472224535399,1.0000000000000013,0.0
77200,35.66642777379623,1.0,560,681,1241,0.0,-0.0008333472224535399,1.0000000000000013,0.0
77201,35.665594426573776,1.0,560,681,1241,0.0,-0.0008333472224535399,1.0000000000000013,0.0
77202,35.66476107935132,1.0,560,681,1241,0.0,-0.0008333472224535399,1.0000000000000013,0.0
77203,35.66392773212887,1.0,560,681,1241,0.0,-0.0008333472224535399,1.0000000000000013,0.0
77204,35.663094384906415,1.0,560,681,1241,0.0,-0.0008333472224535399,1.0000000000000013,0.0
77205,35.66226103768396,1.0,560,681,1241,0.0,-0.0008333472224535399,1.0000000000000013,0.0
77206,35.66142769046151,1.0,560,681,1241,0.0,-0.0008333472224535399,1.0000000000000013,0.0
77207,35.660594343239055,1.0,560,681,1241,0.0,-0.0008333472224535399,1.0000000000000013,0.0
77208,35.6597609960166,1.0,560,681,1241,0.0,-0.0008333472224535399,1.0000000000000013,0.0
77209,35.65892764879415,1.0,560,681,1241,0.0,-0.0008333472224535399,1.0000000000000013,0.0
77210,35.658094301571694,1.0,560,681,1241,0.0,-0.0008333472224535399,1.0000000000000013,0.0
77211,35.65726095434924,1.0,560,681,1241,0.0,-0.0008333472224535399,1.0000000000000013,0.0
77212,35.65642760712679,1.0,560,681,1241,0.0,-0.0008333472224535399,1.0000000000000013,0.0
77213,35.65559425990433,1.0,560,681,1241,0.0,-0.0008333472224535399,1.0000000000000013,0.0
77214,35.65476091268188,1.0,560,681,1241,0.0,-0.0008333472224535399,1.0000000000000013,0.0
77215,35.653927565459426,1.0,560,681,1241,0.0,-0.0008333472224535399,1.0000000000000013,0.0
77216,35.65309421823697,1.0,560,681,1241,0.0,-0.0008333472224535399,1.0000000000000013,0.0
77217,35.65226087101452,1.0,560,681,1241,0.0,-0.0008333472224535399,1.0000000000000013,0.0
77218,35.651427523792066,1.0,560,681,1241,0.0,-0.0008333472224535399,1.0000000000000013,0.0
77219,35.65059417656961,0.9991941982272361,560,681,1241,-0.0008058017727639033,-0.0008333472224535399,0.999919419822725,-8.058017727639034e-05
77220,35.64976082934716,0.9991941982272361,560,681,1241,0.0,-0.0008333472224535399,0.9998388396454487,-8.058017727639034e-05
77221,35.648927482124705,0.9991941982272361,560,681,1241,0.0,-0.0008333472224535399,0.9997582594681724,-8.058017727639034e-05
77222,35.64809413490225,0.9991941982272361,560,681,1241,0.0,-0.0008333472224535399,0.999677679290896,-8.058017727639034e-05
77223,35.6472607876798,0.9991941982272361,560,681,1241,0.0,-0.0008333472224535399,0.9995970991136197,-8.058017727639034e-05
77224,35.646427440457344,0.9991941982272361,560,681,1241,0.0,-0.0008333472224535399,0.9995165189363433,-8.058017727639034e-05
77225,35.64559409323489,0.9991941982272361,560,681,1241,0.0,-0.0008333472224535399,0.999435938759067,-8.058017727639034e-05
77226,35.64476074601243,1.0,560,681,1241,0.0008058017727639033,-0.0008333472224606453,0.999435938759067,0.0
77227,35.64392739878998,1.0,560,681,1241,0.0,-0.0008333472224535399,0.999435938759067,0.0
77228,35.64309405156752,1.0,560,681,1241,0.0,-0.0008333472224535399,0.999435938759067,0.0
77229,35.64226070434507,0.9991941982272361,560,681,1241,-0.0008058017727639033,-0.0008333472224535399,0.999435938759067,0.0
77230,35.641427357122616,0.9991941982272361,560,681,1241,0.0,-0.0008333472224535399,0.999435938759067,0.0
77231,35.64059400990016,0.9991941982272361,560,681,1241,0.0,-0.0008333472224535399,0.999435938759067,0.0
77232,35.63976066267771,0.9991941982272361,560,681,1241,0.0,-0.0008333472224535399,0.999435938759067,0.0
77233,35.638927315455255,0.9991941982272361,560,681,1241,0.0,-0.0008333472224535399,0.999435938759067,0.0
77234,35.6380939682328,0.9983883964544722,560,681,1241,-0.0008058017727639033,-0.0008333472224535399,0.9993553585817907,-8.058017727639034e-05
77235,35.63726062101035,0.9991941982272361,560,681,1241,0.0008058017727639033,-0.0008333472224535399,0.9993553585817907,0.0
77236,35.636427273787895,0.9991941982272361,560,681,1241,0.0,-0.0008333472224535399,0.9992747784045143,-8.058017727639034e-05
77237,35.63559392656544,1.0,560,681,1241,0.0008058017727639033,-0.0008333472224535399,0.9992747784045143,0.0
77238,35.63476057934299,1.0,560,681,1241,0.0,-0.0008333472224535399,0.9992747784045143,0.0
77239,35.633927232120534,1.0,560,681,1241,0.0,-0.0008333472224535399,0.9993553585817907,8.058017727639034e-05
77240,35.63309388489808,1.0,560,681,1241,0.0,-0.0008333472224535399,0.999435938759067,8.058017727639034e-05
77241,35.63226053767563,1.0,560,681,1241,0.0,-0.0008333472224535399,0.9995165189363433,8.058017727639034e-05
77242,35.631427190453174,1.0,560,681,1241,0.0,-0.0008333472224535399,0.9995970991136197,8.058017727639034e-05
77243,35.63059384323072,1.0,560,681,1241,0.0,-0.0008333472224535399,0.999677679290896,8.058017727639034e-05
77244,35.62976049600827,1.0,560,681,1241,0.0,-0.0008333472224535399,0.9998388396454487,0.00016116035455278067
77245,35.62892714878581,1.0,560,681,1241,0.0,-0.0008333472224535399,0.999919419822725,8.058017727639034e-05
77246,35.62809380156336,1.0,560,681,1241,0.0,-0.0008333472224535399,1.0000000000000013,8.058017727639034e-05
77247,35.627260454340906,1.0,560,681,1241,0.0,-0.0008333472224535399,1.0000000000000013,0.0
77248,35.62642710711845,1.0,560,681,1241,0.0,-0.0008333472224535399,1.0000000000000013,0.0
77249,35.625593759896,1.0,560,681,1241,0.0,-0.0008333472224535399,1.0000000000000013,0.0
77250,35.624760412673545,0.9991941982272361,560,681,1241,-0.0008058017727639033,-0.0008333472224535399,0.999919419822725,-8.058017727639034e-05
77251,35.62392706545109,0.9983883964544722,560,681,1241,-0.0008058017727639033,-0.0008333472224535399,0.9997582594681724,-0.00016116035455278067
77252,35.62309371822864,0.9983883964544722,560,681,1241,0.0,-0.0008333472224535399,0.9995970991136197,-0.00016116035455278067
77253,35.622260371006185,0.9991941982272361,560,681,1241,0.0008058017727639033,-0.0008333472224535399,0.9995165189363433,-8.058017727639034e-05
77254,35.62142702378373,0.9991941982272361,560,681,1241,0.0,-0.0008333472224535399,0.999435938759067,-8.058017727639034e-05
77255,35.62059367656128,0.9991941982272361,560,681,1241,0.0,-0.0008333472224535399,0.9993553585817907,-8.058017727639034e-05
77256,35.619760329338824,0.9991941982272361,560,681,1241,0.0,-0.0008333472224535399,0.9992747784045143,-8.058017727639034e-05
77257,35.61892698211637,0.9991941982272361,560,681,1241,0.0,-0.0008333472224535399,0.999194198227238,-8.058017727639034e-05
77258,35.61809363489391,0.9991941982272361,560,681,1241,0.0,-0.0008333472224606453,0.9991136180499616,-8.058017727639034e-05
77259,35.617260287671456,0.9991941982272361,560,681,1241,0.0,-0.0008333472224535399,0.9990330378726853,-8.058017727639034e-05
77260,35.616426940449,0.9991941982272361,560,681,1241,0.0,-0.0008333472224535399,0.9990330378726853,0.0
77261,35.61559359322655,1.0,560,681,1241,0.0008058017727639033,-0.0008333472224535399,0.999194198227238,0.00016116035455278067
77262,35.614760246004096,0.9991941982272361,560,681,1241,-0.0008058017727639033,-0.0008333472224535399,0.9992747784045143,8.058017727639034e-05
77263,35.61392689878164,0.9991941982272361,560,681,1241,0.0,-0.0008333472224535399,0.9992747784045143,0.0
77264,35.61309355155919,0.9991941982272361,560,681,1241,0.0,-0.0008333472224535399,0.9992747784045143,0.0
77265,35.612260204336735,0.9991941982272361,560,681,1241,0.0,-0.0008333472224535399,0.9992747784045143,0.0
77266,35.61142685711428,0.9991941982272361,560,681,1241,0.0,-0.0008333472224535399,0.9992747784045143,0.0
77267,35.61059350989183,0.9991941982272361,560,681,1241,0.0,-0.0008333472224535399,0.9992747784045143,0.0
77268,35.609760162669374,0.9991941982272361,560,681,1241,0.0,-0.0008333472224535399,0.9992747784045143,0.0
77269,35.60892681544692,1.0,560,681,1241,0.0008058017727639033,-0.0008333472224535399,0.9993553585817907,8.058017727639034e-05
77270,35.60809346822447,1.0,560,681,1241,0.0,-0.0008333472224535399,0.999435938759067,8.058017727639034e-05
77271,35.607260121002014,1.0,560,681,1241,0.0,-0.0008333472224535399,0.999435938759067,0.0
77272,35.60642677377956,1.0,560,681,1241,0.0,-0.0008333472224535399,0.9995165189363433,8.058017727639034e-05
77273,35.60559342655711,1.0,560,681,1241,0.0,-0.0008333472224535399,0.9995970991136197,8.058017727639034e-05
77274,35.60476007933465,1.0,560,681,1241,0.0,-0.0008333472224535399,0.999677679290896,8.058017727639034e-05
77275,35.6039267321122,1.0,560,681,1241,0.0,-0.0008333472224535399,0.9997582594681724,8.058017727639034e-05
77276,35.603093384889746,1.0,560,681,1241,0.0,-0.0008333472224535399,0.9998388396454487,8.058017727639034e-05
77277,35.60226003766729,1.0,560,681,1241,0.0,-0.0008333472224535399,0.999919419822725,8.058017727639034e-05
77278,35.60142669044484,1.0,560,681,1241,0.0,-0.0008333472224535399,1.0000000000000013,8.058017727639034e-05
77279,35.600593343222386,1.0,560,681,1241,0.0,-0.0008333472224535399,1.0000000000000013,0.0
77280,35.59975999599993,0.9991941982272361,560,681,1241,-0.0008058017727639033,-0.0008333472224535399,0.999919419822725,-8.058017727639034e-05
77281,35.59892664877748,1.0,560,681,1241,0.0008058017727639033,-0.0008333472224535399,0.999919419822725,0.0
77282,35.598093301555025,1.0,560,681,1241,0.0,-0.0008333472224535399,0.999919419822725,0.0
77283,35.59725995433257,1.0,560,681,1241,0.0,-0.0008333472224535399,0.999919419822725,0.0
77284,35.59642660711012,1.0,560,681,1241,0.0,-0.0008333472224535399,0.999919419822725,0.0
77285,35.595593259887664,1.0,560,681,1241,0.0,-0.0008333472224535399,0.999919419822725,0.0
77286,35.59475991266521,1.0,560,681,1241,0.0,-0.0008333472224535399,0.999919419822725,0.0
77287,35.59392656544276,1.0,560,681,1241,0.0,-0.0008333472224535399,0.999919419822725,0.0
77288,35.593093218220304,1.0,560,681,1241,0.0,-0.0008333472224535399,0.999919419822725,0.0
77289,35.59225987099785,1.0,560,681,1241,0.0,-0.0008333472224535399,0.999919419822725,0.0
77290,35.5914265237754,1.0,560,681,1241,0.0,-0.0008333472224535399,1.0000000000000013,8.058017727639034e-05
77291,35.59059317655294,1.0,560,681,1241,0.0,-0.0008333472224535399,1.0000000000000013,0.0
77292,35.58975982933049,0.9991941982272361,560,681,1241,-0.0008058017727639033,-0.0008333472224535399,0.999919419822725,-8.058017727639034e-05
77293,35.588926482108036,1.0,560,681,1241,0.0008058017727639033,-0.0008333472224535399,0.999919419822725,0.0
77294,35.58809313488558,1.0,560,681,1241,0.0,-0.0008333472224535399,0.999919419822725,0.0
77295,35.58725978766313,1.0,560,681,1241,0.0,-0.0008333472224535399,0.999919419822725,0.0
77296,35.586426440440675,1.0,560,681,1241,0.0,-0.0008333472224535399,0.999919419822725,0.0
77297,35.58559309321822,0.9991941982272361,560,681,1241,-0.0008058017727639033,-0.0008333472224535399,0.9998388396454487,-8.058017727639034e-05
77298,35.58475974599577,1.0,560,681,1241,0.0008058017727639033,-0.0008333472224535399,0.9998388396454487,0.0
77299,35.583926398773315,1.0,560,681,1241,0.0,-0.0008333472224535399,0.9998388396454487,0.0
77300,35.58309305155086,1.0,560,681,1241,0.0,-0.0008333472224535399,0.9998388396454487,0.0
77301,35.58225970432841,1.0,560,681,1241,0.0,-0.0008333472224535399,0.9998388396454487,0.0
77302,35.581426357105954,1.0,560,681,1241,0.0,-0.0008333472224535399,0.999919419822725,8.058017727639034e-05
77303,35.5805930098835,1.0,560,681,1241,0.0,-0.0008333472224535399,0.999919419822725,0.0
77304,35.57975966266105,1.0,560,681,1241,0.0,-0.0008333472224535399,0.999919419822725,0.0
77305,35.57892631543859,1.0,560,681,1241,0.0,-0.0008333472224535399,0.999919419822725,0.0
77306,35.57809296821614,1.0,560,681,1241,0.0,-0.0008333472224535399,0.999919419822725,0.0
77307,35.577259620993686,1.0,560,681,1241,0.0,-0.0008333472224535399,1.0000000000000013,8.058017727639034e-05
77308,35.57642627377123,0.9991941982272361,560,681,1241,-0.0008058017727639033,-0.0008333472224535399,0.999919419822725,-8.058017727639034e-05
77309,35.57559292654878,0.9991941982272361,560,681,1241,0.0,-0.0008333472224535399,0.9998388396454487,-8.058017727639034e-05
77310,35.574759579326326,0.9991941982272361,560,681,1241,0.0,-0.0008333472224535399,0.9997582594681724,-8.058017727639034e-05
77311,35.573926232103865,0.9991941982272361,560,681,1241,0.0,-0.0008333472224606453,0.999677679290896,-8.058017727639034e-05
77312,35.57309288488141,0.9991941982272361,560,681,1241,0.0,-0.0008333472224535399,0.9995970991136197,-8.058017727639034e-05
77313,35.57225953765896,0.9991941982272361,560,681,1241,0.0,-0.0008333472224535399,0.9995165189363433,-8.058017727639034e-05
77314,35.571426190436505,0.9991941982272361,560,681,1241,0.0,-0.0008333472224535399,0.999435938759067,-8.058017727639034e-05
77315,35.57059284321405,0.9991941982272361,560,681,1241,0.0,-0.0008333472224535399,0.9993553585817907,-8.058017727639034e-05
77316,35.5697594959916,0.9991941982272361,560,681,1241,0.0,-0.0008333472224535399,0.9992747784045143,-8.058017727639034e-05
77317,35.568926148769144,0.9991941982272361,560,681,1241,0.0,-0.0008333472224535399,0.999194198227238,-8.058017727639034e-05
77318,35.56809280154669,0.9983883964544722,560,681,1241,-0.0008058017727639033,-0.0008333472224535399,0.9991136180499616,-8.058017727639034e-05
77319,35.56725945432424,0.9983883964544722,560,681,1241,0.0,-0.0008333472224535399,0.9990330378726853,-8.058017727639034e-05
77320,35.56642610710178,0.9983883964544722,560,681,1241,0.0,-0.0008333472224535399,0.998952457695409,-8.058017727639034e-05
77321,35.56559275987933,0.9991941982272361,560,681,1241,0.0008058017727639033,-0.0008333472224535399,0.998952457695409,0.0
77322,35.564759412656876,0.9991941982272361,560,681,1241,0.0,-0.0008333472224535399,0.998952457695409,0.0
77323,35.56392606543442,0.9991941982272361,560,681,1241,0.0,-0.0008333472224535399,0.998952457695409,0.0
77324,35.56309271821197,0.9991941982272361,560,681,1241,0.0,-0.0008333472224535399,0.998952457695409,0.0
77325,35.562259370989516,1.0,560,681,1241,0.0008058017727639033,-0.0008333472224535399,0.9990330378726853,8.058017727639034e-05
77326,35.56142602376706,1.0,560,681,1241,0.0,-0.0008333472224535399,0.9991136180499616,8.058017727639034e-05
77327,35.56059267654461,1.0,560,681,1241,0.0,-0.0008333472224535399,0.999194198227238,8.058017727639034e-05
77328,35.559759329322155,1.0,560,681,1241,0.0,-0.0008333472224535399,0.9993553585817907,0.00016116035455278067
77329,35.5589259820997,0.9991941982272361,560,681,1241,-0.0008058017727639033,-0.0008333472224535399,0.999435938759067,8.058017727639034e-05
77330,35.55809263487725,0.9991941982272361,560,681,1241,0.0,-0.0008333472224535399,0.9995165189363433,8.058017727639034e-05
77331,35.557259287654794,1.0,560,681,1241,0.0008058017727639033,-0.0008333472224535399,0.9995970991136197,8.058017727639034e-05
77332,35.55642594043234,1.0,560,681,1241,0.0,-0.0008333472224535399,0.999677679290896,8.058017727639034e-05
77333,35.55559259320989,1.0,560,681,1241,0.0,-0.0008333472224535399,0.9997582594681724,8.058017727639034e-05
77334,35.554759245987434,1.0,560,681,1241,0.0,-0.0008333472224535399,0.9998388396454487,8.058017727639034e-05
77335,35.55392589876498,1.0,560,681,1241,0.0,-0.0008333472224535399,0.9998388396454487,0.0
77336,35.55309255154253,1.0,560,681,1241,0.0,-0.0008333472224535399,0.9998388396454487,0.0
77337,35.55225920432007,0.9991941982272361,560,681,1241,-0.0008058017727639033,-0.0008333472224535399,0.9997582594681724,-8.058017727639034e-05
77338,35.55142585709762,1.0,560,681,1241,0.0008058017727639033,-0.0008333472224535399,0.9997582594681724,0.0
77339,35.550592509875166,1.0,560,681,1241,0.0,-0.0008333472224535399,0.9998388396454487,8.058017727639034e-05
77340,35.54975916265271,1.0,560,681,1241,0.0,-0.0008333472224535399,0.999919419822725,8.058017727639034e-05
77341,35.54892581543026,1.0,560,681,1241,0.0,-0.0008333472224535399,0.999919419822725,0.0
77342,35.548092468207805,1.0,560,681,1241,0.0,-0.0008333472224535399,0.999919419822725,0.0
77343,35.547259120985345,1.0,560,681,1241,0.0,-0.0008333472224606453,0.999919419822725,0.0
77344,35.54642577376289,1.0,560,681,1241,0.0,-0.0008333472224535399,0.999919419822725,0.0
77345,35.54559242654044,1.0,560,681,1241,0.0,-0.0008333472224535399,0.999919419822725,0.0
77346,35.544759079317984,1.0,560,681,1241,0.0,-0.0008333472224535399,0.999919419822725,0.0
77347,35.54392573209553,1.0,560,681,1241,0.0,-0.0008333472224535399,1.0000000000000013,8.058017727639034e-05
77348,35.54309238487308,1.0,560,681,1241,0.0,-0.0008333472224535399,1.0000000000000013,0.0
77349,35.542259037650624,1.0,560,681,1241,0.0,-0.0008333472224535399,1.0000000000000013,0.0
77350,35.54142569042817,1.0,560,681,1241,0.0,-0.0008333472224535399,1.0000000000000013,0.0
77351,35.54059234320572,0.9991941982272361,560,681,1241,-0.0008058017727639033,-0.0008333472224535399,0.999919419822725,-8.058017727639034e-05
77352,35.53975899598326,1.0,560,681,1241,0.0008058017727639033,-0.0008333472224535399,0.999919419822725,0.0
77353,35.53892564876081,1.0,560,681,1241,0.0,-0.0008333472224535399,0.999919419822725,0.0
77354,35.538092301538356,1.0,560,681,1241,0.0,-0.0008333472224535399,0.999919419822725,0.0
77355,35.5372589543159,1.0,560,681,1241,0.0,-0.0008333472224535399,0.999919419822725,0.0
77356,35.53642560709345,1.0,560,681,1241,0.0,-0.0008333472224535399,0.999919419822725,0.0
77357,35.535592259870995,1.0,560,681,1241,0.0,-0.0008333472224535399,0.999919419822725,0.0
77358,35.53475891264854,1.0,560,681,1241,0.0,-0.0008333472224535399,0.999919419822725,0.0
77359,35.53392556542609,1.0,560,681,1241,0.0,-0.0008333472224535399,0.999919419822725,0.0
77360,35.533092218203635,1.0,560,681,1241,0.0,-0.0008333472224535399,0.999919419822725,0.0
77361,35.53225887098118,1.0,560,681,1241,0.0,-0.0008333472224535399,1.0000000000000013,8.058017727639034e-05
77362,35.53142552375873,1.0,560,681,1241,0.0,-0.0008333472224535399,1.0000000000000013,0.0
77363,35.530592176536274,1.0,560,681,1241,0.0,-0.0008333472224535399,1.0000000000000013,0.0
77364,35.52975882931382,1.0,560,681,1241,0.0,-0.0008333472224535399,1.0000000000000013,0.0
77365,35.52892548209137,1.0,560,681,1241,0.0,-0.0008333472224535399,1.0000000000000013,0.0
77366,35.52809213486891,1.0,560,681,1241,0.0,-0.0008333472224535399,1.0000000000000013,0.0
77367,35.52725878764646,1.0,560,681,1241,0.0,-0.0008333472224535399,1.0000000000000013,0.0
77368,35.526425440424006,1.0,560,681,1241,0.0,-0.0008333472224535399,1.0000000000000013,0.0
77369,35.52559209320155,1.0,560,681,1241,0.0,-0.0008333472224535399,1.0000000000000013,0.0
77370,35.5247587459791,1.0,560,681,1241,0.0,-0.0008333472224535399,1.0000000000000013,0.0
77371,35.523925398756646,1.0,560,681,1241,0.0,-0.0008333472224535399,1.0000000000000013,0.0
77372,35.52309205153419,1.0,560,681,1241,0.0,-0.0008333472224535399,1.0000000000000013,0.0
77373,35.52225870431174,1.0,560,681,1241,0.0,-0.0008333472224535399,1.0000000000000013,0.0
77374,35.521425357089285,1.0,560,681,1241,0.0,-0.0008333472224535399,1.0000000000000013,0.0
77375,35.52059200986683,1.0,560,681,1241,0.0,-0.0008333472224535399,1.0000000000000013,0.0
77376,35.51975866264438,1.0,560,681,1241,0.0,-0.0008333472224535399,1.0000000000000013,0.0
77377,35.518925315421924,1.0,560,681,1241,0.0,-0.0008333472224535399,1.0000000000000013,0.0
77378,35.51809196819947,1.0,560,681,1241,0.0,-0.0008333472224535399,1.0000000000000013,0.0
77379,35.51725862097702,1.0,560,681,1241,0.0,-0.0008333472224535399,1.0000000000000013,0.0
77380,35.516425273754564,1.0,560,681,1241,0.0,-0.0008333472224535399,1.0000000000000013,0.0
77381,35.51559192653211,1.0,560,681,1241,0.0,-0.0008333472224535399,1.0000000000000013,0.0
77382,35.51475857930966,1.0,560,681,1241,0.0,-0.0008333472224535399,1.0000000000000013,0.0
77383,35.5139252320872,0.9991941982272361,560,681,1241,-0.0008058017727639033,-0.0008333472224535399,0.999919419822725,-8.058017727639034e-05
77384,35.51309188486475,1.0,560,681,1241,0.0008058017727639033,-0.0008333472224535399,0.999919419822725,0.0
77385,35.512258537642296,1.0,560,681,1241,0.0,-0.0008333472224535399,0.999919419822725,0.0
77386,35.51142519041984,1.0,560,681,1241,0.0,-0.0008333472224535399,0.999919419822725,0.0
77387,35.51059184319739,1.0,560,681,1241,0.0,-0.0008333472224535399,0.999919419822725,0.0
77388,35.509758495974935,1.0,560,681,1241,0.0,-0.0008333472224535399,0.999919419822725,0.0
77389,35.50892514875248,1.0,560,681,1241,0.0,-0.0008333472224535399,0.999919419822725,0.0
77390,35.50809180153003,1.0,560,681,1241,0.0,-0.0008333472224535399,0.999919419822725,0.0
77391,35.507258454307575,1.0,560,681,1241,0.0,-0.0008333472224535399,0.999919419822725,0.0
77392,35.50642510708512,1.0,560,681,1241,0.0,-0.0008333472224535399,0.999919419822725,0.0
77393,35.50559175986267,1.0,560,681,1241,0.0,-0.0008333472224535399,1.0000000000000013,8.058017727639034e-05
77394,35.504758412640214,0.9983883964544722,560,681,1241,-0.0016116035455278066,-0.0008333472224535399,0.9998388396454487,-0.00016116035455278067
77395,35.50392506541776,0.9975825946817083,560,681,1241,-0.0008058017727639033,-0.0008333472224535399,0.9995970991136195,-0.00024174053182917098
77396,35.5030917181953,0.9975825946817083,560,681,1241,0.0,-0.0008333472224606453,0.9993553585817903,-0.00024174053182917098
77397,35.50225837097285,0.9983883964544722,560,681,1241,0.0008058017727639033,-0.0008333472224535399,0.9991941982272377,-0.00016116035455278067
77398,35.50142502375039,0.9983883964544722,560,681,1241,0.0,-0.0008333472224535399,0.9990330378726849,-0.00016116035455278067
77399,35.50059167652794,0.9991941982272361,560,681,1241,0.0008058017727639033,-0.0008333472224535399,0.9989524576954085,-8.058017727639034e-05
77400,35.499758329305486,0.9991941982272361,560,681,1241,0.0,-0.0008333472224535399,0.9988718775181322,-8.058017727639034e-05
77401,35.49892498208303,1.0,560,681,1241,0.0008058017727639033,-0.0008333472224535399,0.9988718775181322,0.0
77402,35.49809163486058,1.0,560,681,1241,0.0,-0.0008333472224535399,0.9988718775181322,0.0
77403,35.497258287638125,1.0,560,681,1241,0.0,-0.0008333472224535399,0.9988718775181322,0.0
77404,35.49642494041567,1.0,560,681,1241,0.0,-0.0008333472224535399,0.9990330378726849,0.00016116035455278067
77405,35.49559159319322,1.0,560,681,1241,0.0,-0.0008333472224535399,0.9992747784045142,0.00024174053182917098
77406,35.494758245970765,1.0,560,681,1241,0.0,-0.0008333472224535399,0.9995165189363433,0.00024174053182917098
77407,35.49392489874831,1.0,560,681,1241,0.0,-0.0008333472224535399,0.999677679290896,0.00016116035455278067
77408,35.49309155152586,1.0,560,681,1241,0.0,-0.0008333472224535399,0.9998388396454487,0.00016116035455278067
77409,35.492258204303404,1.0,560,681,1241,0.0,-0.0008333472224535399,0.999919419822725,8.058017727639034e-05
77410,35.49142485708095,1.0,560,681,1241,0.0,-0.0008333472224535399,1.0000000000000013,8.058017727639034e-05
77411,35.4905915098585,1.0,560,681,1241,0.0,-0.0008333472224535399,1.0000000000000013,0.0
77412,35.48975816263604,1.0,560,681,1241,0.0,-0.0008333472224535399,1.0000000000000013,0.0
77413,35.48892481541359,1.0,560,681,1241,0.0,-0.0008333472224535399,1.0000000000000013,0.0
77414,35.488091468191136,1.0,560,681,1241,0.0,-0.0008333472224535399,1.0000000000000013,0.0
77415,35.48725812096868,1.0,560,681,1241,0.0,-0.0008333472224535399,1.0000000000000013,0.0
77416,35.48642477374623,1.0,560,681,1241,0.0,-0.0008333472224535399,1.0000000000000013,0.0
77417,35.485591426523776,1.0,560,681,1241,0.0,-0.0008333472224535399,1.0000000000000013,0.0
77418,35.48475807930132,1.0,560,681,1241,0.0,-0.0008333472224535399,1.0000000000000013,0.0
77419,35.48392473207887,1.0,560,681,1241,0.0,-0.0008333472224535399,1.0000000000000013,0.0
77420,35.483091384856415,1.0,560,681,1241,0.0,-0.0008333472224535399,1.0000000000000013,0.0
77421,35.48225803763396,1.0,560,681,1241,0.0,-0.0008333472224535399,1.0000000000000013,0.0
77422,35.48142469041151,1.0,560,681,1241,0.0,-0.0008333472224535399,1.0000000000000013,0.0
77423,35.480591343189054,1.0,560,681,1241,0.0,-0.0008333472224535399,1.0000000000000013,0.0
77424,35.4797579959666,1.0,560,681,1241,0.0,-0.0008333472224535399,1.0000000000000013,0.0
77425,35.47892464874415,1.0,560,681,1241,0.0,-0.0008333472224535399,1.0000000000000013,0.0
77426,35.478091301521694,1.0,560,681,1241,0.0,-0.0008333472224535399,1.0000000000000013,0.0
77427,35.47725795429924,1.0,560,681,1241,0.0,-0.0008333472224535399,1.0000000000000013,0.0
77428,35.47642460707678,1.0,560,681,1241,0.0,-0.0008333472224606453,1.0000000000000013,0.0
77429,35.475591259854326,1.0,560,681,1241,0.0,-0.0008333472224535399,1.0000000000000013,0.0
77430,35.47475791263187,1.0,560,681,1241,0.0,-0.0008333472224535399,1.0000000000000013,0.0
77431,35.47392456540942,1.0,560,681,1241,0.0,-0.0008333472224535399,1.0000000000000013,0.0
77432,35.473091218186966,1.0,560,681,1241,0.0,-0.0008333472224535399,1.0000000000000013,0.0
77433,35.47225787096451,1.0,560,681,1241,0.0,-0.0008333472224535399,1.0000000000000013,0.0
77434,35.47142452374206,1.0,560,681,1241,0.0,-0.0008333472224535399,1.0000000000000013,0.0
77435,35.470591176519605,1.0,560,681,1241,0.0,-0.0008333472224535399,1.0000000000000013,0.0
77436,35.46975782929715,1.0,560,681,1241,0.0,-0.0008333472224535399,1.0000000000000013,0.0
77437,35.4689244820747,1.0,560,681,1241,0.0,-0.0008333472224535399,1.0000000000000013,0.0
77438,35.468091134852244,1.0,560,681,1241,0.0,-0.0008333472224535399,1.0000000000000013,0.0
77439,35.46725778762979,1.0,560,681,1241,0.0,-0.0008333472224535399,1.0000000000000013,0.0
77440,35.46642444040734,1.0,560,681,1241,0.0,-0.0008333472224535399,1.0000000000000013,0.0
77441,35.465591093184884,1.0,560,681,1241,0.0,-0.0008333472224535399,1.0000000000000013,0.0
77442,35.46475774596243,1.0,560,681,1241,0.0,-0.0008333472224535399,1.0000000000000013,0.0
77443,35.46392439873998,0.9991941982272361,560,681,1241,-0.0008058017727639033,-0.0008333472224535399,0.999919419822725,-8.058017727639034e-05
77444,35.46309105151752,1.0,560,681,1241,0.0008058017727639033,-0.0008333472224535399,0.999919419822725,0.0
77445,35.46225770429507,0.9991941982272361,560,681,1241,-0.0008058017727639033,-0.0008333472224535399,0.9998388396454487,-8.058017727639034e-05
77446,35.461424357072616,0.9991941982272361,560,681,1241,0.0,-0.0008333472224535399,0.9997582594681724,-8.058017727639034e-05
77447,35.46059100985016,1.0,560,681,1241,0.0008058017727639033,-0.0008333472224535399,0.9997582594681724,0.0
77448,35.45975766262771,1.0,560,681,1241,0.0,-0.0008333472224535399,0.9997582594681724,0.0
77449,35.458924315405255,1.0,560,681,1241,0.0,-0.0008333472224535399,0.9997582594681724,0.0
77450,35.4580909681828,1.0,560,681,1241,0.0,-0.0008333472224535399,0.9997582594681724,0.0
77451,35.45725762096035,1.0,560,681,1241,0.0,-0.0008333472224535399,0.9997582594681724,0.0
77452,35.456424273737895,1.0,560,681,1241,0.0,-0.0008333472224535399,0.9997582594681724,0.0
77453,35.45559092651544,1.0,560,681,1241,0.0,-0.0008333472224535399,0.9998388396454487,8.058017727639034e-05
77454,35.45475757929299,1.0,560,681,1241,0.0,-0.0008333472224535399,0.9998388396454487,0.0
77455,35.453924232070534,1.0,560,681,1241,0.0,-0.0008333472224535399,0.999919419822725,8.058017727639034e-05
77456,35.45309088484808,1.0,560,681,1241,0.0,-0.0008333472224535399,1.0000000000000013,8.058017727639034e-05
77457,35.45225753762563,1.0,560,681,1241,0.0,-0.0008333472224535399,1.0000000000000013,0.0
77458,35.45142419040317,1.0,560,681,1241,0.0,-0.0008333472224535399,1.0000000000000013,0.0
77459,35.45059084318072,1.0,560,681,1241,0.0,-0.0008333472224535399,1.0000000000000013,0.0
77460,35.449757495958266,1.0,560,681,1241,0.0,-0.0008333472224535399,1.0000000000000013,0.0
77461,35.44892414873581,1.0,560,681,1241,0.0,-0.0008333472224535399,1.0000000000000013,0.0
77462,35.44809080151336,0.9991941982272361,560,681,1241,-0.0008058017727639033,-0.0008333472224535399,0.999919419822725,-8.058017727639034e-05
77463,35.447257454290906,0.9991941982272361,560,681,1241,0.0,-0.0008333472224535399,0.9998388396454487,-8.058017727639034e-05
77464,35.44642410706845,0.9991941982272361,560,681,1241,0.0,-0.0008333472224535399,0.9997582594681724,-8.058017727639034e-05
77465,35.445590759846,1.0,560,681,1241,0.0008058017727639033,-0.0008333472224535399,0.9997582594681724,0.0
77466,35.444757412623545,1.0,560,681,1241,0.0,-0.0008333472224535399,0.9997582594681724,0.0
77467,35.44392406540109,1.0,560,681,1241,0.0,-0.0008333472224535399,0.9997582594681724,0.0
77468,35.44309071817864,1.0,560,681,1241,0.0,-0.0008333472224535399,0.9997582594681724,0.0
77469,35.442257370956185,1.0,560,681,1241,0.0,-0.0008333472224535399,0.9997582594681724,0.0
77470,35.44142402373373,1.0,560,681,1241,0.0,-0.0008333472224535399,0.9997582594681724,0.0
77471,35.44059067651128,0.9991941982272361,560,681,1241,-0.0008058017727639033,-0.0008333472224535399,0.999677679290896,-8.058017727639034e-05
77472,35.439757329288824,1.0,560,681,1241,0.0008058017727639033,-0.0008333472224535399,0.9997582594681724,8.058017727639034e-05
77473,35.43892398206637,1.0,560,681,1241,0.0,-0.0008333472224535399,0.9998388396454487,8.058017727639034e-05
77474,35.43809063484392,1.0,560,681,1241,0.0,-0.0008333472224535399,0.999919419822725,8.058017727639034e-05
77475,35.43725728762146,1.0,560,681,1241,0.0,-0.0008333472224535399,0.999919419822725,0.0
77476,35.43642394039901,1.0,560,681,1241,0.0,-0.0008333472224535399,0.999919419822725,0.0
77477,35.435590593176556,1.0,560,681,1241,0.0,-0.0008333472224535399,0.999919419822725,0.0
77478,35.4347572459541,1.0,560,681,1241,0.0,-0.0008333472224535399,0.999919419822725,0.0
77479,35.43392389873165,1.0,560,681,1241,0.0,-0.0008333472224535399,0.999919419822725,0.0
77480,35.433090551509196,1.0,560,681,1241,0.0,-0.0008333472224535399,0.999919419822725,0.0
77481,35.432257204286735,1.0,560,681,1241,0.0,-0.0008333472224606453,1.0000000000000013,8.058017727639034e-05
77482,35.43142385706428,1.0,560,681,1241,0.0,-0.0008333472224535399,1.0000000000000013,0.0
77483,35.43059050984183,1.0,560,681,1241,0.0,-0.0008333472224535399,1.0000000000000013,0.0
77484,35.429757162619374,1.0,560,681,1241,0.0,-0.0008333472224535399,1.0000000000000013,0.0
77485,35.42892381539692,1.0,560,681,1241,0.0,-0.0008333472224535399,1.0000000000000013,0.0
77486,35.42809046817447,1.0,560,681,1241,0.0,-0.0008333472224535399,1.0000000000000013,0.0
77487,35.427257120952014,1.0,560,681,1241,0.0,-0.0008333472224535399,1.0000000000000013,0.0
77488,35.42642377372956,1.0,560,681,1241,0.0,-0.0008333472224535399,1.0000000000000013,0.0
77489,35.42559042650711,1.0,560,681,1241,0.0,-0.0008333472224535399,1.0000000000000013,0.0
77490,35.42475707928465,1.0,560,681,1241,0.0,-0.0008333472224535399,1.0000000000000013,0.0
77491,35.4239237320622,1.0,560,681,1241,0.0,-0.0008333472224535399,1.0000000000000013,0.0
77492,35.423090384839746,1.0,560,681,1241,0.0,-0.0008333472224535399,1.0000000000000013,0.0
77493,35.42225703761729,1.0,560,681,1241,0.0,-0.0008333472224535399,1.0000000000000013,0.0
77494,35.42142369039484,1.0,560,681,1241,0.0,-0.0008333472224535399,1.0000000000000013,0.0
77495,35.420590343172385,1.0,560,681,1241,0.0,-0.0008333472224535399,1.0000000000000013,0.0
77496,35.41975699594993,1.0,560,681,1241,0.0,-0.0008333472224535399,1.0000000000000013,0.0
77497,35.41892364872748,1.0,560,681,1241,0.0,-0.0008333472224535399,1.0000000000000013,0.0
77498,35.418090301505025,1.0,560,681,1241,0.0,-0.0008333472224535399,1.0000000000000013,0.0
77499,35.41725695428257,1.0,560,681,1241,0.0,-0.0008333472224535399,1.0000000000000013,0.0
77500,35.41642360706012,1.0,560,681,1241,0.0,-0.0008333472224535399,1.0000000000000013,0.0
77501,35.415590259837664,1.0,560,681,1241,0.0,-0.0008333472224535399,1.0000000000000013,0.0
77502,35.41475691261521,1.0,560,681,1241,0.0,-0.0008333472224535399,1.0000000000000013,0.0
77503,35.41392356539276,1.0,560,681,1241,0.0,-0.0008333472224535399,1.0000000000000013,0.0
77504,35.413090218170304,1.0,560,681,1241,0.0,-0.0008333472224535399,1.0000000000000013,0.0
77505,35.41225687094785,1.0,560,681,1241,0.0,-0.0008333472224535399,1.0000000000000013,0.0
77506,35.4114235237254,1.0,560,681,1241,0.0,-0.0008333472224535399,1.0000000000000013,0.0
77507,35.41059017650294,1.0,560,681,1241,0.0,-0.0008333472224535399,1.0000000000000013,0.0
77508,35.40975682928049,1.0,560,681,1241,0.0,-0.0008333472224535399,1.0000000000000013,0.0
77509,35.408923482058036,1.0,560,681,1241,0.0,-0.0008333472224535399,1.0000000000000013,0.0
77510,35.40809013483558,1.0,560,681,1241,0.0,-0.0008333472224535399,1.0000000000000013,0.0
77511,35.40725678761313,1.0,560,681,1241,0.0,-0.0008333472224535399,1.0000000000000013,0.0
77512,35.40642344039067,1.0,560,681,1241,0.0,-0.0008333472224606453,1.0000000000000013,0.0
77513,35.405590093168215,1.0,560,681,1241,0.0,-0.0008333472224535399,1.0000000000000013,0.0
77514,35.40475674594576,1.0,560,681,1241,0.0,-0.0008333472224535399,1.0000000000000013,0.0
77515,35.40392339872331,1.0,560,681,1241,0.0,-0.0008333472224535399,1.0000000000000013,0.0
77516,35.403090051500854,1.0,560,681,1241,0.0,-0.0008333472224535399,1.0000000000000013,0.0
77517,35.4022567042784,0.9991941982272361,560,681,1241,-0.0008058017727639033,-0.0008333472224535399,0.999919419822725,-8.058017727639034e-05
77518,35.40142335705595,0.9991941982272361,560,681,1241,0.0,-0.0008333472224535399,0.9998388396454487,-8.058017727639034e-05
77519,35.40059000983349,0.9991941982272361,560,681,1241,0.0,-0.0008333472224535399,0.9997582594681724,-8.058017727639034e-05
77520,35.39975666261104,0.9983883964544722,560,681,1241,-0.0008058017727639033,-0.0008333472224535399,0.9995970991136197,-0.00016116035455278067
77521,35.398923315388586,0.9991941982272361,560,681,1241,0.0008058017727639033,-0.0008333472224535399,0.9995165189363433,-8.058017727639034e-05
77522,35.39808996816613,0.9991941982272361,560,681,1241,0.0,-0.0008333472224535399,0.999435938759067,-8.058017727639034e-05
77523,35.39725662094368,0.9983883964544722,560,681,1241,-0.0008058017727639033,-0.0008333472224535399,0.9992747784045143,-0.00016116035455278067
77524,35.396423273721226,0.9991941982272361,560,681,1241,0.0008058017727639033,-0.0008333472224535399,0.999194198227238,-8.058017727639034e-05
77525,35.39558992649877,0.9991941982272361,560,681,1241,0.0,-0.0008333472224535399,0.9991136180499616,-8.058017727639034e-05
77526,35.39475657927632,0.9991941982272361,560,681,1241,0.0,-0.0008333472224535399,0.9990330378726853,-8.058017727639034e-05
77527,35.393923232053865,1.0,560,681,1241,0.0008058017727639033,-0.0008333472224535399,0.9991136180499616,8.058017727639034e-05
77528,35.39308988483141,1.0,560,681,1241,0.0,-0.0008333472224535399,0.999194198227238,8.058017727639034e-05
77529,35.39225653760896,1.0,560,681,1241,0.0,-0.0008333472224535399,0.9992747784045143,8.058017727639034e-05
77530,35.391423190386504,1.0,560,681,1241,0.0,-0.0008333472224535399,0.999435938759067,0.00016116035455278067
77531,35.39058984316405,1.0,560,681,1241,0.0,-0.0008333472224535399,0.9995165189363433,8.058017727639034e-05
77532,35.3897564959416,1.0,560,681,1241,0.0,-0.0008333472224535399,0.9995970991136197,8.058017727639034e-05
77533,35.388923148719144,0.9991941982272361,560,681,1241,-0.0008058017727639033,-0.0008333472224535399,0.999677679290896,8.058017727639034e-05
77534,35.38808980149669,0.9991941982272361,560,681,1241,0.0,-0.0008333472224535399,0.999677679290896,0.0
77535,35.38725645427424,0.9991941982272361,560,681,1241,0.0,-0.0008333472224535399,0.999677679290896,0.0
77536,35.38642310705178,0.9991941982272361,560,681,1241,0.0,-0.0008333472224535399,0.999677679290896,0.0
77537,35.38558975982933,1.0,560,681,1241,0.0008058017727639033,-0.0008333472224535399,0.999677679290896,0.0
77538,35.384756412606876,1.0,560,681,1241,0.0,-0.0008333472224535399,0.999677679290896,0.0
77539,35.38392306538442,1.0,560,681,1241,0.0,-0.0008333472224535399,0.999677679290896,0.0
77540,35.38308971816197,1.0,560,681,1241,0.0,-0.0008333472224535399,0.999677679290896,0.0
77541,35.382256370939515,1.0,560,681,1241,0.0,-0.0008333472224535399,0.999677679290896,0.0
77542,35.38142302371706,1.0,560,681,1241,0.0,-0.0008333472224535399,0.999677679290896,0.0
77543,35.38058967649461,1.0,560,681,1241,0.0,-0.0008333472224535399,0.9997582594681724,8.058017727639034e-05
77544,35.379756329272155,1.0,560,681,1241,0.0,-0.0008333472224535399,0.9998388396454487,8.058017727639034e-05
77545,35.3789229820497,1.0,560,681,1241,0.0,-0.0008333472224535399,0.999919419822725,8.058017727639034e-05
77546,35.37808963482725,1.0,560,681,1241,0.0,-0.0008333472224535399,1.0000000000000013,8.058017727639034e-05
77547,35.377256287604794,1.0,560,681,1241,0.0,-0.0008333472224535399,1.0000000000000013,0.0
77548,35.37642294038234,1.0,560,681,1241,0.0,-0.0008333472224535399,1.0000000000000013,0.0
77549,35.37558959315989,1.0,560,681,1241,0.0,-0.0008333472224535399,1.0000000000000013,0.0
77550,35.374756245937434,1.0,560,681,1241,0.0,-0.0008333472224535399,1.0000000000000013,0.0
77551,35.37392289871498,1.0,560,681,1241,0.0,-0.0008333472224535399,1.0000000000000013,0.0
77552,35.37308955149253,1.0,560,681,1241,0.0,-0.0008333472224535399,1.0000000000000013,0.0
77553,35.37225620427007,1.0,560,681,1241,0.0,-0.0008333472224535399,1.0000000000000013,0.0
77554,35.37142285704762,1.0,560,681,1241,0.0,-0.0008333472224535399,1.0000000000000013,0.0
77555,35.370589509825166,1.0,560,681,1241,0.0,-0.0008333472224535399,1.0000000000000013,0.0
77556,35.36975616260271,1.0,560,681,1241,0.0,-0.0008333472224535399,1.0000000000000013,0.0
77557,35.36892281538026,1.0,560,681,1241,0.0,-0.0008333472224535399,1.0000000000000013,0.0
77558,35.368089468157805,1.0,560,681,1241,0.0,-0.0008333472224535399,1.0000000000000013,0.0
77559,35.36725612093535,1.0,560,681,1241,0.0,-0.0008333472224535399,1.0000000000000013,0.0
77560,35.3664227737129,1.0,560,681,1241,0.0,-0.0008333472224535399,1.0000000000000013,0.0
77561,35.365589426490445,1.0,560,681,1241,0.0,-0.0008333472224535399,1.0000000000000013,0.0
77562,35.36475607926799,1.0,560,681,1241,0.0,-0.0008333472224535399,1.0000000000000013,0.0
77563,35.36392273204554,1.0,560,681,1241,0.0,-0.0008333472224535399,1.0000000000000013,0.0
77564,35.363089384823084,1.0,560,681,1241,0.0,-0.0008333472224535399,1.0000000000000013,0.0
77565,35.36225603760062,1.0,560,681,1241,0.0,-0.0008333472224606453,1.0000000000000013,0.0
77566,35.36142269037817,1.0,560,681,1241,0.0,-0.0008333472224535399,1.0000000000000013,0.0
77567,35.360589343155716,1.0,560,681,1241,0.0,-0.0008333472224535399,1.0000000000000013,0.0
77568,35.35975599593326,1.0,560,681,1241,0.0,-0.0008333472224535399,1.0000000000000013,0.0
77569,35.35892264871081,1.0,560,681,1241,0.0,-0.0008333472224535399,1.0000000000000013,0.0
77570,35.358089301488356,1.0,560,681,1241,0.0,-0.0008333472224535399,1.0000000000000013,0.0
77571,35.3572559542659,1.0,560,681,1241,0.0,-0.0008333472224535399,1.0000000000000013,0.0
77572,35.35642260704345,1.0,560,681,1241,0.0,-0.0008333472224535399,1.0000000000000013,0.0
77573,35.355589259820995,0.9991941982272361,560,681,1241,-0.0008058017727639033,-0.0008333472224535399,0.999919419822725,-8.058017727639034e-05
77574,35.35475591259854,1.0,560,681,1241,0.0008058017727639033,-0.0008333472224535399,0.999919419822725,0.0
77575,35.35392256537609,1.0,560,681,1241,0.0,-0.0008333472224535399,0.999919419822725,0.0
77576,35.353089218153634,1.0,560,681,1241,0.0,-0.0008333472224535399,0.999919419822725,0.0
77577,35.35225587093118,1.0,560,681,1241,0.0,-0.0008333472224535399,0.999919419822725,0.0
77578,35.35142252370873,1.0,560,681,1241,0.0,-0.0008333472224535399,0.999919419822725,0.0
77579,35.350589176486274,1.0,560,681,1241,0.0,-0.0008333472224535399,0.999919419822725,0.0
77580,35.34975582926382,1.0,560,681,1241,0.0,-0.0008333472224535399,0.999919419822725,0.0
77581,35.34892248204137,1.0,560,681,1241,0.0,-0.0008333472224535399,0.999919419822725,0.0
77582,35.34808913481891,0.9991941982272361,560,681,1241,-0.0008058017727639033,-0.0008333472224535399,0.9998388396454487,-8.058017727639034e-05
77583,35.34725578759646,0.9991941982272361,560,681,1241,0.0,-0.0008333472224535399,0.9998388396454487,0.0
77584,35.346422440374006,0.9991941982272361,560,681,1241,0.0,-0.0008333472224535399,0.9997582594681724,-8.058017727639034e-05
77585,35.34558909315155,0.9991941982272361,560,681,1241,0.0,-0.0008333472224535399,0.999677679290896,-8.058017727639034e-05
77586,35.3447557459291,1.0,560,681,1241,0.0008058017727639033,-0.0008333472224535399,0.999677679290896,0.0
77587,35.343922398706646,1.0,560,681,1241,0.0,-0.0008333472224535399,0.999677679290896,0.0
77588,35.34308905148419,1.0,560,681,1241,0.0,-0.0008333472224535399,0.999677679290896,0.0
77589,35.34225570426174,1.0,560,681,1241,0.0,-0.0008333472224535399,0.999677679290896,0.0
77590,35.341422357039285,1.0,560,681,1241,0.0,-0.0008333472224535399,0.999677679290896,0.0
77591,35.34058900981683,0.9991941982272361,560,681,1241,-0.0008058017727639033,-0.0008333472224535399,0.9995970991136197,-8.058017727639034e-05
77592,35.33975566259438,0.9991941982272361,560,681,1241,0.0,-0.0008333472224535399,0.9995970991136197,0.0
77593,35.338922315371924,0.9991941982272361,560,681,1241,0.0,-0.0008333472224535399,0.9995970991136197,0.0
77594,35.33808896814947,0.9991941982272361,560,681,1241,0.0,-0.0008333472224535399,0.9995970991136197,0.0
77595,35.33725562092702,1.0,560,681,1241,0.0008058017727639033,-0.0008333472224535399,0.999677679290896,8.058017727639034e-05
77596,35.336422273704564,1.0,560,681,1241,0.0,-0.0008333472224535399,0.999677679290896,0.0
77597,35.3355889264821,1.0,560,681,1241,0.0,-0.0008333472224606453,0.999677679290896,0.0
77598,35.33475557925965,1.0,560,681,1241,0.0,-0.0008333472224535399,0.999677679290896,0.0
77599,35.333922232037196,1.0,560,681,1241,0.0,-0.0008333472224535399,0.999677679290896,0.0
77600,35.33308888481474,1.0,560,681,1241,0.0,-0.0008333472224535399,0.999677679290896,0.0
77601,35.33225553759229,1.0,560,681,1241,0.0,-0.0008333472224535399,0.9997582594681724,8.058017727639034e-05
77602,35.331422190369835,1.0,560,681,1241,0.0,-0.0008333472224535399,0.9998388396454487,8.058017727639034e-05
77603,35.33058884314738,1.0,560,681,1241,0.0,-0.0008333472224535399,0.999919419822725,8.058017727639034e-05
77604,35.32975549592493,1.0,560,681,1241,0.0,-0.0008333472224535399,1.0000000000000013,8.058017727639034e-05
77605,35.328922148702475,1.0,560,681,1241,0.0,-0.0008333472224535399,1.0000000000000013,0.0
77606,35.32808880148002,1.0,560,681,1241,0.0,-0.0008333472224535399,1.0000000000000013,0.0
77607,35.32725545425757,1.0,560,681,1241,0.0,-0.0008333472224535399,1.0000000000000013,0.0
77608,35.326422107035114,1.0,560,681,1241,0.0,-0.0008333472224535399,1.0000000000000013,0.0
77609,35.32558875981266,0.9991941982272361,560,681,1241,-0.0008058017727639033,-0.0008333472224535399,0.999919419822725,-8.058017727639034e-05
77610,35.32475541259021,0.9991941982272361,560,681,1241,0.0,-0.0008333472224535399,0.9998388396454487,-8.058017727639034e-05
77611,35.32392206536775,0.9991941982272361,560,681,1241,0.0,-0.0008333472224535399,0.9997582594681724,-8.058017727639034e-05
77612,35.3230887181453,1.0,560,681,1241,0.0008058017727639033,-0.0008333472224535399,0.9997582594681724,0.0
77613,35.322255370922846,1.0,560,681,1241,0.0,-0.0008333472224535399,0.9997582594681724,0.0
77614,35.32142202370039,1.0,560,681,1241,0.0,-0.0008333472224535399,0.9997582594681724,0.0
77615,35.32058867647794,0.9991941982272361,560,681,1241,-0.0008058017727639033,-0.0008333472224535399,0.999677679290896,-8.058017727639034e-05
77616,35.319755329255486,1.0,560,681,1241,0.0008058017727639033,-0.0008333472224535399,0.999677679290896,0.0
77617,35.31892198203303,1.0,560,681,1241,0.0,-0.0008333472224535399,0.999677679290896,0.0
77618,35.31808863481058,1.0,560,681,1241,0.0,-0.0008333472224535399,0.999677679290896,0.0
77619,35.317255287588125,1.0,560,681,1241,0.0,-0.0008333472224535399,0.9997582594681724,8.058017727639034e-05
77620,35.31642194036567,1.0,560,681,1241,0.0,-0.0008333472224535399,0.9998388396454487,8.058017727639034e-05
77621,35.31558859314322,1.0,560,681,1241,0.0,-0.0008333472224535399,0.999919419822725,8.058017727639034e-05
77622,35.314755245920765,1.0,560,681,1241,0.0,-0.0008333472224535399,0.999919419822725,0.0
77623,35.31392189869831,1.0,560,681,1241,0.0,-0.0008333472224535399,0.999919419822725,0.0
77624,35.31308855147586,1.0,560,681,1241,0.0,-0.0008333472224535399,0.999919419822725,0.0
77625,35.312255204253404,1.0,560,681,1241,0.0,-0.0008333472224535399,1.0000000000000013,8.058017727639034e-05
77626,35.31142185703095,1.0,560,681,1241,0.0,-0.0008333472224535399,1.0000000000000013,0.0
77627,35.3105885098085,1.0,560,681,1241,0.0,-0.0008333472224535399,1.0000000000000013,0.0
77628,35.30975516258604,1.0,560,681,1241,0.0,-0.0008333472224535399,1.0000000000000013,0.0
77629,35.30892181536359,1.0,560,681,1241,0.0,-0.0008333472224535399,1.0000000000000013,0.0
77630,35.308088468141136,1.0,560,681,1241,0.0,-0.0008333472224535399,1.0000000000000013,0.0
77631,35.30725512091868,1.0,560,681,1241,0.0,-0.0008333472224535399,1.0000000000000013,0.0
77632,35.30642177369623,1.0,560,681,1241,0.0,-0.0008333472224535399,1.0000000000000013,0.0
77633,35.305588426473776,1.0,560,681,1241,0.0,-0.0008333472224535399,1.0000000000000013,0.0
77634,35.30475507925132,1.0,560,681,1241,0.0,-0.0008333472224535399,1.0000000000000013,0.0
77635,35.30392173202887,1.0,560,681,1241,0.0,-0.0008333472224535399,1.0000000000000013,0.0
77636,35.303088384806415,1.0,560,681,1241,0.0,-0.0008333472224535399,1.0000000000000013,0.0
77637,35.30225503758396,0.9991941982272361,560,681,1241,-0.0008058017727639033,-0.0008333472224535399,0.999919419822725,-8.058017727639034e-05
77638,35.30142169036151,1.0,560,681,1241,0.0008058017727639033,-0.0008333472224535399,0.999919419822725,0.0
77639,35.300588343139054,1.0,560,681,1241,0.0,-0.0008333472224535399,0.999919419822725,0.0
77640,35.2997549959166,1.0,560,681,1241,0.0,-0.0008333472224535399,0.999919419822725,0.0
77641,35.29892164869415,1.0,560,681,1241,0.0,-0.0008333472224535399,0.999919419822725,0.0
77642,35.298088301471694,1.0,560,681,1241,0.0,-0.0008333472224535399,0.999919419822725,0.0
77643,35.29725495424924,0.9991941982272361,560,681,1241,-0.0008058017727639033,-0.0008333472224535399,0.9998388396454487,-8.058017727639034e-05
77644,35.29642160702679,0.9991941982272361,560,681,1241,0.0,-0.0008333472224535399,0.9997582594681724,-8.058017727639034e-05
77645,35.29558825980433,0.9991941982272361,560,681,1241,0.0,-0.0008333472224535399,0.999677679290896,-8.058017727639034e-05
77646,35.29475491258188,0.9991941982272361,560,681,1241,0.0,-0.0008333472224535399,0.9995970991136197,-8.058017727639034e-05
77647,35.293921565359426,0.9991941982272361,560,681,1241,0.0,-0.0008333472224535399,0.9995970991136197,0.0
77648,35.29308821813697,0.9983883964544722,560,681,1241,-0.0008058017727639033,-0.0008333472224535399,0.999435938759067,-0.00016116035455278067
77649,35.29225487091452,0.9983883964544722,560,681,1241,0.0,-0.0008333472224535399,0.9992747784045143,-0.00016116035455278067
77650,35.29142152369206,0.9983883964544722,560,681,1241,0.0,-0.0008333472224606453,0.9991136180499616,-0.00016116035455278067
77651,35.290588176469605,0.9983883964544722,560,681,1241,0.0,-0.0008333472224535399,0.998952457695409,-0.00016116035455278067
77652,35.28975482924715,0.9983883964544722,560,681,1241,0.0,-0.0008333472224535399,0.9987912973408563,-0.00016116035455278067
77653,35.2889214820247,0.9983883964544722,560,681,1241,0.0,-0.0008333472224535399,0.9987107171635798,-8.058017727639034e-05
77654,35.288088134802244,0.9991941982272361,560,681,1241,0.0008058017727639033,-0.0008333472224535399,0.9987107171635798,0.0
77655,35.28725478757979,0.9983883964544722,560,681,1241,-0.0008058017727639033,-0.0008333472224535399,0.9986301369863035,-8.058017727639034e-05
77656,35.28642144035734,0.9983883964544722,560,681,1241,0.0,-0.0008333472224535399,0.9985495568090272,-8.058017727639034e-05
77657,35.28558809313488,0.9991941982272361,560,681,1241,0.0008058017727639033,-0.0008333472224535399,0.9985495568090272,0.0
77658,35.28475474591243,0.9991941982272361,560,681,1241,0.0,-0.0008333472224535399,0.9986301369863035,8.058017727639034e-05
77659,35.28392139868998,0.9991941982272361,560,681,1241,0.0,-0.0008333472224535399,0.9987107171635798,8.058017727639034e-05
77660,35.28308805146752,0.9991941982272361,560,681,1241,0.0,-0.0008333472224535399,0.9987912973408563,8.058017727639034e-05
77661,35.28225470424507,0.9991941982272361,560,681,1241,0.0,-0.0008333472224535399,0.9988718775181326,8.058017727639034e-05
77662,35.281421357022616,0.9991941982272361,560,681,1241,0.0,-0.0008333472224535399,0.998952457695409,8.058017727639034e-05
77663,35.28058800980016,0.9991941982272361,560,681,1241,0.0,-0.0008333472224535399,0.9990330378726853,8.058017727639034e-05
77664,35.27975466257771,1.0,560,681,1241,0.0008058017727639033,-0.0008333472224535399,0.9991136180499616,8.058017727639034e-05
77665,35.278921315355255,1.0,560,681,1241,0.0,-0.0008333472224535399,0.9992747784045143,0.00016116035455278067
77666,35.2780879681328,1.0,560,681,1241,0.0,-0.0008333472224535399,0.999435938759067,0.00016116035455278067
77667,35.27725462091035,1.0,560,681,1241,0.0,-0.0008333472224535399,0.9995165189363433,8.058017727639034e-05
77668,35.276421273687895,1.0,560,681,1241,0.0,-0.0008333472224535399,0.9995970991136197,8.058017727639034e-05
77669,35.27558792646544,1.0,560,681,1241,0.0,-0.0008333472224535399,0.999677679290896,8.058017727639034e-05
77670,35.27475457924299,1.0,560,681,1241,0.0,-0.0008333472224535399,0.9997582594681724,8.058017727639034e-05
77671,35.273921232020534,1.0,560,681,1241,0.0,-0.0008333472224535399,0.9998388396454487,8.058017727639034e-05
77672,35.27308788479808,1.0,560,681,1241,0.0,-0.0008333472224535399,0.999919419822725,8.058017727639034e-05
77673,35.27225453757563,0.9991941982272361,560,681,1241,-0.0008058017727639033,-0.0008333472224535399,0.999919419822725,0.0
77674,35.27142119035317,1.0,560,681,1241,0.0008058017727639033,-0.0008333472224535399,0.999919419822725,0.0
77675,35.27058784313072,1.0,560,681,1241,0.0,-0.0008333472224535399,0.999919419822725,0.0
77676,35.269754495908266,1.0,560,681,1241,0.0,-0.0008333472224535399,0.999919419822725,0.0
77677,35.26892114868581,1.0,560,681,1241,0.0,-0.0008333472224535399,0.999919419822725,0.0
77678,35.26808780146336,0.9991941982272361,560,681,1241,-0.0008058017727639033,-0.0008333472224535399,0.9998388396454487,-8.058017727639034e-05
77679,35.267254454240906,0.9991941982272361,560,681,1241,0.0,-0.0008333472224535399,0.9997582594681724,-8.058017727639034e-05
77680,35.26642110701845,0.9991941982272361,560,681,1241,0.0,-0.0008333472224535399,0.999677679290896,-8.058017727639034e-05
77681,35.265587759796,1.0,560,681,1241,0.0008058017727639033,-0.0008333472224535399,0.999677679290896,0.0
77682,35.26475441257354,1.0,560,681,1241,0.0,-0.0008333472224606453,0.999677679290896,0.0
77683,35.263921065351084,1.0,560,681,1241,0.0,-0.0008333472224535399,0.9997582594681724,8.058017727639034e-05
77684,35.26308771812863,1.0,560,681,1241,0.0,-0.0008333472224535399,0.9997582594681724,0.0
77685,35.26225437090618,1.0,560,681,1241,0.0,-0.0008333472224535399,0.9997582594681724,0.0
77686,35.261421023683724,1.0,560,681,1241,0.0,-0.0008333472224535399,0.9997582594681724,0.0
77687,35.26058767646127,1.0,560,681,1241,0.0,-0.0008333472224535399,0.9997582594681724,0.0
77688,35.25975432923882,1.0,560,681,1241,0.0,-0.0008333472224535399,0.9998388396454487,8.058017727639034e-05
77689,35.25892098201636,1.0,560,681,1241,0.0,-0.0008333472224535399,0.999919419822725,8.058017727639034e-05
77690,35.25808763479391,1.0,560,681,1241,0.0,-0.0008333472224535399,1.0000000000000013,8.058017727639034e-05
77691,35.257254287571456,1.0,560,681,1241,0.0,-0.0008333472224535399,1.0000000000000013,0.0
77692,35.256420940349,1.0,560,681,1241,0.0,-0.0008333472224535399,1.0000000000000013,0.0
77693,35.25558759312655,0.9991941982272361,560,681,1241,-0.0008058017727639033,-0.0008333472224535399,0.999919419822725,-8.058017727639034e-05
77694,35.254754245904095,0.9991941982272361,560,681,1241,0.0,-0.0008333472224535399,0.9998388396454487,-8.058017727639034e-05
77695,35.25392089868164,0.9991941982272361,560,681,1241,0.0,-0.0008333472224535399,0.9997582594681724,-8.058017727639034e-05
77696,35.25308755145919,1.0,560,681,1241,0.0008058017727639033,-0.0008333472224535399,0.9997582594681724,0.0
77697,35.252254204236735,1.0,560,681,1241,0.0,-0.0008333472224535399,0.9997582594681724,0.0
77698,35.25142085701428,1.0,560,681,1241,0.0,-0.0008333472224535399,0.9997582594681724,0.0
77699,35.25058750979183,1.0,560,681,1241,0.0,-0.0008333472224535399,0.9997582594681724,0.0
77700,35.249754162569374,1.0,560,681,1241,0.0,-0.0008333472224535399,0.9997582594681724,0.0
77701,35.24892081534692,1.0,560,681,1241,0.0,-0.0008333472224535399,0.9997582594681724,0.0
77702,35.24808746812447,1.0,560,681,1241,0.0,-0.0008333472224535399,0.9997582594681724,0.0
77703,35.247254120902014,1.0,560,681,1241,0.0,-0.0008333472224535399,0.9998388396454487,8.058017727639034e-05
77704,35.24642077367956,1.0,560,681,1241,0.0,-0.0008333472224535399,0.999919419822725,8.058017727639034e-05
77705,35.24558742645711,1.0,560,681,1241,0.0,-0.0008333472224535399,1.0000000000000013,8.058017727639034e-05
77706,35.24475407923465,0.9991941982272361,560,681,1241,-0.0008058017727639033,-0.0008333472224535399,0.999919419822725,-8.058017727639034e-05
77707,35.2439207320122,0.9991941982272361,560,681,1241,0.0,-0.0008333472224535399,0.9998388396454487,-8.058017727639034e-05
77708,35.243087384789746,0.9991941982272361,560,681,1241,0.0,-0.0008333472224535399,0.9997582594681724,-8.058017727639034e-05
77709,35.24225403756729,1.0,560,681,1241,0.0008058017727639033,-0.0008333472224535399,0.9997582594681724,0.0
77710,35.24142069034484,1.0,560,681,1241,0.0,-0.0008333472224535399,0.9997582594681724,0.0
77711,35.240587343122385,1.0,560,681,1241,0.0,-0.0008333472224535399,0.9997582594681724,0.0
77712,35.23975399589993,1.0,560,681,1241,0.0,-0.0008333472224535399,0.9997582594681724,0.0
77713,35.23892064867748,1.0,560,681,1241,0.0,-0.0008333472224535399,0.9997582594681724,0.0
77714,35.238087301455025,1.0,560,681,1241,0.0,-0.0008333472224535399,0.9997582594681724,0.0
77715,35.23725395423257,1.0,560,681,1241,0.0,-0.0008333472224535399,0.9997582594681724,0.0
77716,35.23642060701012,1.0,560,681,1241,0.0,-0.0008333472224535399,0.9998388396454487,8.058017727639034e-05
77717,35.235587259787664,1.0,560,681,1241,0.0,-0.0008333472224535399,0.999919419822725,8.058017727639034e-05
77718,35.23475391256521,1.0,560,681,1241,0.0,-0.0008333472224535399,1.0000000000000013,8.058017727639034e-05
77719,35.23392056534276,1.0,560,681,1241,0.0,-0.0008333472224535399,1.0000000000000013,0.0
77720,35.2330872181203,1.0,560,681,1241,0.0,-0.0008333472224535399,1.0000000000000013,0.0
77721,35.23225387089785,1.0,560,681,1241,0.0,-0.0008333472224535399,1.0000000000000013,0.0
77722,35.231420523675396,1.0,560,681,1241,0.0,-0.0008333472224535399,1.0000000000000013,0.0
77723,35.23058717645294,1.0,560,681,1241,0.0,-0.0008333472224535399,1.0000000000000013,0.0
77724,35.22975382923049,1.0,560,681,1241,0.0,-0.0008333472224535399,1.0000000000000013,0.0
77725,35.228920482008036,1.0,560,681,1241,0.0,-0.0008333472224535399,1.0000000000000013,0.0
77726,35.22808713478558,1.0,560,681,1241,0.0,-0.0008333472224535399,1.0000000000000013,0.0
77727,35.22725378756313,1.0,560,681,1241,0.0,-0.0008333472224535399,1.0000000000000013,0.0
77728,35.226420440340675,0.9991941982272361,560,681,1241,-0.0008058017727639033,-0.0008333472224535399,0.999919419822725,-8.058017727639034e-05
77729,35.22558709311822,1.0,560,681,1241,0.0008058017727639033,-0.0008333472224535399,0.999919419822725,0.0
77730,35.22475374589577,1.0,560,681,1241,0.0,-0.0008333472224535399,0.999919419822725,0.0
77731,35.223920398673314,1.0,560,681,1241,0.0,-0.0008333472224535399,0.999919419822725,0.0
77732,35.22308705145086,1.0,560,681,1241,0.0,-0.0008333472224535399,0.999919419822725,0.0
77733,35.22225370422841,1.0,560,681,1241,0.0,-0.0008333472224535399,0.999919419822725,0.0
77734,35.221420357005954,1.0,560,681,1241,0.0,-0.0008333472224535399,0.999919419822725,0.0
77735,35.22058700978349,1.0,560,681,1241,0.0,-0.0008333472224606453,0.999919419822725,0.0
77736,35.21975366256104,1.0,560,681,1241,0.0,-0.0008333472224535399,0.999919419822725,0.0
77737,35.218920315338586,1.0,560,681,1241,0.0,-0.0008333472224535399,0.999919419822725,0.0
77738,35.21808696811613,1.0,560,681,1241,0.0,-0.0008333472224535399,1.0000000000000013,8.058017727639034e-05
77739,35.21725362089368,1.0,560,681,1241,0.0,-0.0008333472224535399,1.0000000000000013,0.0
77740,35.216420273671226,1.0,560,681,1241,0.0,-0.0008333472224535399,1.0000000000000013,0.0
77741,35.21558692644877,1.0,560,681,1241,0.0,-0.0008333472224535399,1.0000000000000013,0.0
77742,35.21475357922632,1.0,560,681,1241,0.0,-0.0008333472224535399,1.0000000000000013,0.0
77743,35.213920232003865,1.0,560,681,1241,0.0,-0.0008333472224535399,1.0000000000000013,0.0
77744,35.21308688478141,1.0,560,681,1241,0.0,-0.0008333472224535399,1.0000000000000013,0.0
77745,35.21225353755896,1.0,560,681,1241,0.0,-0.0008333472224535399,1.0000000000000013,0.0
77746,35.211420190336504,1.0,560,681,1241,0.0,-0.0008333472224535399,1.0000000000000013,0.0
77747,35.21058684311405,1.0,560,681,1241,0.0,-0.0008333472224535399,1.0000000000000013,0.0
77748,35.2097534958916,1.0,560,681,1241,0.0,-0.0008333472224535399,1.0000000000000013,0.0
77749,35.208920148669144,1.0,560,681,1241,0.0,-0.0008333472224535399,1.0000000000000013,0.0
77750,35.20808680144669,1.0,560,681,1241,0.0,-0.0008333472224535399,1.0000000000000013,0.0
77751,35.20725345422424,1.0,560,681,1241,0.0,-0.0008333472224535399,1.0000000000000013,0.0
77752,35.20642010700178,1.0,560,681,1241,0.0,-0.0008333472224535399,1.0000000000000013,0.0
77753,35.20558675977933,1.0,560,681,1241,0.0,-0.0008333472224535399,1.0000000000000013,0.0
77754,35.204753412556876,1.0,560,681,1241,0.0,-0.0008333472224535399,1.0000000000000013,0.0
77755,35.20392006533442,1.0,560,681,1241,0.0,-0.0008333472224535399,1.0000000000000013,0.0
77756,35.20308671811197,1.0,560,681,1241,0.0,-0.0008333472224535399,1.0000000000000013,0.0
77757,35.202253370889515,1.0,560,681,1241,0.0,-0.0008333472224535399,1.0000000000000013,0.0
77758,35.20142002366706,1.0,560,681,1241,0.0,-0.0008333472224535399,1.0000000000000013,0.0
77759,35.20058667644461,1.0,560,681,1241,0.0,-0.0008333472224535399,1.0000000000000013,0.0
77760,35.199753329222155,1.0,560,681,1241,0.0,-0.0008333472224535399,1.0000000000000013,0.0
77761,35.1989199819997,1.0,560,681,1241,0.0,-0.0008333472224535399,1.0000000000000013,0.0
77762,35.19808663477725,1.0,560,681,1241,0.0,-0.0008333472224535399,1.0000000000000013,0.0
77763,35.197253287554794,1.0,560,681,1241,0.0,-0.0008333472224535399,1.0000000000000013,0.0
77764,35.19641994033234,1.0,560,681,1241,0.0,-0.0008333472224535399,1.0000000000000013,0.0
77765,35.19558659310989,1.0,560,681,1241,0.0,-0.0008333472224535399,1.0000000000000013,0.0
77766,35.19475324588743,1.0,560,681,1241,0.0,-0.0008333472224535399,1.0000000000000013,0.0
77767,35.19391989866497,1.0,560,681,1241,0.0,-0.0008333472224606453,1.0000000000000013,0.0
77768,35.19308655144252,1.0,560,681,1241,0.0,-0.0008333472224535399,1.0000000000000013,0.0
77769,35.192253204220066,1.0,560,681,1241,0.0,-0.0008333472224535399,1.0000000000000013,0.0
77770,35.19141985699761,0.9991941982272361,560,681,1241,-0.0008058017727639033,-0.0008333472224535399,0.999919419822725,-8.058017727639034e-05
77771,35.19058650977516,1.0,560,681,1241,0.0008058017727639033,-0.0008333472224535399,0.999919419822725,0.0
77772,35.189753162552705,1.0,560,681,1241,0.0,-0.0008333472224535399,0.999919419822725,0.0
77773,35.18891981533025,1.0,560,681,1241,0.0,-0.0008333472224535399,0.999919419822725,0.0
77774,35.1880864681078,1.0,560,681,1241,0.0,-0.0008333472224535399,0.999919419822725,0.0
77775,35.187253120885345,1.0,560,681,1241,0.0,-0.0008333472224535399,0.999919419822725,0.0
77776,35.18641977366289,1.0,560,681,1241,0.0,-0.0008333472224535399,0.999919419822725,0.0
77777,35.18558642644044,1.0,560,681,1241,0.0,-0.0008333472224535399,0.999919419822725,0.0
77778,35.184753079217984,1.0,560,681,1241,0.0,-0.0008333472224535399,0.999919419822725,0.0
77779,35.18391973199553,1.0,560,681,1241,0.0,-0.0008333472224535399,0.999919419822725,0.0
77780,35.18308638477308,1.0,560,681,1241,0.0,-0.0008333472224535399,1.0000000000000013,8.058017727639034e-05
77781,35.18225303755062,1.0,560,681,1241,0.0,-0.0008333472224535399,1.0000000000000013,0.0
77782,35.18141969032817,1.0,560,681,1241,0.0,-0.0008333472224535399,1.0000000000000013,0.0
77783,35.180586343105716,1.0,560,681,1241,0.0,-0.0008333472224535399,1.0000000000000013,0.0
77784,35.17975299588326,1.0,560,681,1241,0.0,-0.0008333472224535399,1.0000000000000013,0.0
77785,35.17891964866081,1.0,560,681,1241,0.0,-0.0008333472224535399,1.0000000000000013,0.0
77786,35.178086301438356,1.0,560,681,1241,0.0,-0.0008333472224535399,1.0000000000000013,0.0
77787,35.1772529542159,1.0,560,681,1241,0.0,-0.0008333472224535399,1.0000000000000013,0.0
77788,35.17641960699345,1.0,560,681,1241,0.0,-0.0008333472224535399,1.0000000000000013,0.0
77789,35.175586259770995,1.0,560,681,1241,0.0,-0.0008333472224535399,1.0000000000000013,0.0
77790,35.17475291254854,1.0,560,681,1241,0.0,-0.0008333472224535399,1.0000000000000013,0.0
77791,35.17391956532609,1.0,560,681,1241,0.0,-0.0008333472224535399,1.0000000000000013,0.0
77792,35.173086218103634,1.0,560,681,1241,0.0,-0.0008333472224535399,1.0000000000000013,0.0
77793,35.17225287088118,1.0,560,681,1241,0.0,-0.0008333472224535399,1.0000000000000013,0.0
77794,35.17141952365873,0.9991941982272361,560,681,1241,-0.0008058017727639033,-0.0008333472224535399,0.999919419822725,-8.058017727639034e-05
77795,35.170586176436274,0.9991941982272361,560,681,1241,0.0,-0.0008333472224535399,0.9998388396454487,-8.058017727639034e-05
77796,35.16975282921382,0.9991941982272361,560,681,1241,0.0,-0.0008333472224535399,0.9997582594681724,-8.058017727639034e-05
77797,35.16891948199137,1.0,560,681,1241,0.0008058017727639033,-0.0008333472224535399,0.9997582594681724,0.0
77798,35.16808613476891,1.0,560,681,1241,0.0,-0.0008333472224535399,0.9997582594681724,0.0
77799,35.16725278754646,1.0,560,681,1241,0.0,-0.0008333472224535399,0.9997582594681724,0.0
77800,35.166419440324006,1.0,560,681,1241,0.0,-0.0008333472224535399,0.9997582594681724,0.0
77801,35.16558609310155,1.0,560,681,1241,0.0,-0.0008333472224535399,0.9997582594681724,0.0
77802,35.1647527458791,1.0,560,681,1241,0.0,-0.0008333472224535399,0.9997582594681724,0.0
77803,35.163919398656645,1.0,560,681,1241,0.0,-0.0008333472224535399,0.9997582594681724,0.0
77804,35.16308605143419,1.0,560,681,1241,0.0,-0.0008333472224535399,0.9998388396454487,8.058017727639034e-05
77805,35.16225270421174,1.0,560,681,1241,0.0,-0.0008333472224535399,0.999919419822725,8.058017727639034e-05
77806,35.161419356989285,1.0,560,681,1241,0.0,-0.0008333472224535399,1.0000000000000013,8.058017727639034e-05
77807,35.16058600976683,1.0,560,681,1241,0.0,-0.0008333472224535399,1.0000000000000013,0.0
77808,35.15975266254438,1.0,560,681,1241,0.0,-0.0008333472224535399,1.0000000000000013,0.0
77809,35.158919315321924,1.0,560,681,1241,0.0,-0.0008333472224535399,1.0000000000000013,0.0
77810,35.15808596809947,1.0,560,681,1241,0.0,-0.0008333472224535399,1.0000000000000013,0.0
77811,35.15725262087702,1.0,560,681,1241,0.0,-0.0008333472224535399,1.0000000000000013,0.0
77812,35.15641927365456,1.0,560,681,1241,0.0,-0.0008333472224535399,1.0000000000000013,0.0
77813,35.15558592643211,1.0,560,681,1241,0.0,-0.0008333472224535399,1.0000000000000013,0.0
77814,35.15475257920966,1.0,560,681,1241,0.0,-0.0008333472224535399,1.0000000000000013,0.0
77815,35.1539192319872,1.0,560,681,1241,0.0,-0.0008333472224535399,1.0000000000000013,0.0
77816,35.15308588476475,1.0,560,681,1241,0.0,-0.0008333472224535399,1.0000000000000013,0.0
77817,35.152252537542296,1.0,560,681,1241,0.0,-0.0008333472224535399,1.0000000000000013,0.0
77818,35.15141919031984,1.0,560,681,1241,0.0,-0.0008333472224535399,1.0000000000000013,0.0
77819,35.15058584309739,1.0,560,681,1241,0.0,-0.0008333472224535399,1.0000000000000013,0.0
77820,35.14975249587493,1.0,560,681,1241,0.0,-0.0008333472224606453,1.0000000000000013,0.0
77821,35.148919148652475,1.0,560,681,1241,0.0,-0.0008333472224535399,1.0000000000000013,0.0
77822,35.14808580143002,1.0,560,681,1241,0.0,-0.0008333472224535399,1.0000000000000013,0.0
77823,35.14725245420757,1.0,560,681,1241,0.0,-0.0008333472224535399,1.0000000000000013,0.0
77824,35.146419106985114,1.0,560,681,1241,0.0,-0.0008333472224535399,1.0000000000000013,0.0
77825,35.14558575976266,1.0,560,681,1241,0.0,-0.0008333472224535399,1.0000000000000013,0.0
77826,35.14475241254021,1.0,560,681,1241,0.0,-0.0008333472224535399,1.0000000000000013,0.0
77827,35.14391906531775,1.0,560,681,1241,0.0,-0.0008333472224535399,1.0000000000000013,0.0
77828,35.1430857180953,1.0,560,681,1241,0.0,-0.0008333472224535399,1.0000000000000013,0.0
77829,35.142252370872846,1.0,560,681,1241,0.0,-0.0008333472224535399,1.0000000000000013,0.0
77830,35.14141902365039,0.9991941982272361,560,681,1241,-0.0008058017727639033,-0.0008333472224535399,0.999919419822725,-8.058017727639034e-05
77831,35.14058567642794,1.0,560,681,1241,0.0008058017727639033,-0.0008333472224535399,0.999919419822725,0.0
77832,35.139752329205486,1.0,560,681,1241,0.0,-0.0008333472224535399,0.999919419822725,0.0
77833,35.13891898198303,1.0,560,681,1241,0.0,-0.0008333472224535399,0.999919419822725,0.0
77834,35.13808563476058,1.0,560,681,1241,0.0,-0.0008333472224535399,0.999919419822725,0.0
77835,35.137252287538125,1.0,560,681,1241,0.0,-0.0008333472224535399,0.999919419822725,0.0
77836,35.13641894031567,1.0,560,681,1241,0.0,-0.0008333472224535399,0.999919419822725,0.0
77837,35.13558559309322,1.0,560,681,1241,0.0,-0.0008333472224535399,0.999919419822725,0.0
77838,35.134752245870764,1.0,560,681,1241,0.0,-0.0008333472224535399,0.999919419822725,0.0
77839,35.13391889864831,1.0,560,681,1241,0.0,-0.0008333472224535399,0.999919419822725,0.0
77840,35.13308555142586,1.0,560,681,1241,0.0,-0.0008333472224535399,1.0000000000000013,8.058017727639034e-05
77841,35.132252204203404,1.0,560,681,1241,0.0,-0.0008333472224535399,1.0000000000000013,0.0
77842,35.13141885698095,1.0,560,681,1241,0.0,-0.0008333472224535399,1.0000000000000013,0.0
77843,35.1305855097585,1.0,560,681,1241,0.0,-0.0008333472224535399,1.0000000000000013,0.0
77844,35.12975216253604,1.0,560,681,1241,0.0,-0.0008333472224535399,1.0000000000000013,0.0
77845,35.12891881531359,1.0,560,681,1241,0.0,-0.0008333472224535399,1.0000000000000013,0.0
77846,35.128085468091136,1.0,560,681,1241,0.0,-0.0008333472224535399,1.0000000000000013,0.0
77847,35.12725212086868,1.0,560,681,1241,0.0,-0.0008333472224535399,1.0000000000000013,0.0
77848,35.12641877364623,1.0,560,681,1241,0.0,-0.0008333472224535399,1.0000000000000013,0.0
77849,35.125585426423775,1.0,560,681,1241,0.0,-0.0008333472224535399,1.0000000000000013,0.0
77850,35.12475207920132,1.0,560,681,1241,0.0,-0.0008333472224535399,1.0000000000000013,0.0
77851,35.12391873197886,1.0,560,681,1241,0.0,-0.0008333472224606453,1.0000000000000013,0.0
77852,35.12308538475641,1.0,560,681,1241,0.0,-0.0008333472224535399,1.0000000000000013,0.0
77853,35.122252037533954,1.0,560,681,1241,0.0,-0.0008333472224535399,1.0000000000000013,0.0
77854,35.1214186903115,1.0,560,681,1241,0.0,-0.0008333472224535399,1.0000000000000013,0.0
77855,35.12058534308905,1.0,560,681,1241,0.0,-0.0008333472224535399,1.0000000000000013,0.0
77856,35.119751995866594,1.0,560,681,1241,0.0,-0.0008333472224535399,1.0000000000000013,0.0
77857,35.11891864864414,1.0,560,681,1241,0.0,-0.0008333472224535399,1.0000000000000013,0.0
77858,35.11808530142169,1.0,560,681,1241,0.0,-0.0008333472224535399,1.0000000000000013,0.0
77859,35.11725195419923,1.0,560,681,1241,0.0,-0.0008333472224535399,1.0000000000000013,0.0
77860,35.11641860697678,1.0,560,681,1241,0.0,-0.0008333472224535399,1.0000000000000013,0.0
77861,35.115585259754326,1.0,560,681,1241,0.0,-0.0008333472224535399,1.0000000000000013,0.0
77862,35.11475191253187,1.0,560,681,1241,0.0,-0.0008333472224535399,1.0000000000000013,0.0
77863,35.11391856530942,1.0,560,681,1241,0.0,-0.0008333472224535399,1.0000000000000013,0.0
77864,35.113085218086965,1.0,560,681,1241,0.0,-0.0008333472224535399,1.0000000000000013,0.0
77865,35.11225187086451,1.0,560,681,1241,0.0,-0.0008333472224535399,1.0000000000000013,0.0
77866,35.11141852364206,0.9991941982272361,560,681,1241,-0.0008058017727639033,-0.0008333472224535399,0.999919419822725,-8.058017727639034e-05
77867,35.110585176419605,1.0,560,681,1241,0.0008058017727639033,-0.0008333472224535399,0.999919419822725,0.0
77868,35.10975182919715,0.9991941982272361,560,681,1241,-0.0008058017727639033,-0.0008333472224535399,0.9998388396454487,-8.058017727639034e-05
77869,35.1089184819747,0.9991941982272361,560,681,1241,0.0,-0.0008333472224535399,0.9997582594681724,-8.058017727639034e-05
77870,35.108085134752244,0.9991941982272361,560,681,1241,0.0,-0.0008333472224535399,0.999677679290896,-8.058017727639034e-05
77871,35.10725178752979,0.9991941982272361,560,681,1241,0.0,-0.0008333472224535399,0.9995970991136197,-8.058017727639034e-05
77872,35.10641844030734,1.0,560,681,1241,0.0008058017727639033,-0.0008333472224535399,0.9995970991136197,0.0
77873,35.10558509308488,1.0,560,681,1241,0.0,-0.0008333472224535399,0.9995970991136197,0.0
77874,35.10475174586243,1.0,560,681,1241,0.0,-0.0008333472224535399,0.9995970991136197,0.0
77875,35.103918398639976,1.0,560,681,1241,0.0,-0.0008333472224535399,0.9995970991136197,0.0
77876,35.10308505141752,1.0,560,681,1241,0.0,-0.0008333472224535399,0.999677679290896,8.058017727639034e-05
77877,35.10225170419507,1.0,560,681,1241,0.0,-0.0008333472224535399,0.999677679290896,0.0
77878,35.101418356972616,1.0,560,681,1241,0.0,-0.0008333472224535399,0.9997582594681724,8.058017727639034e-05
77879,35.10058500975016,1.0,560,681,1241,0.0,-0.0008333472224535399,0.9998388396454487,8.058017727639034e-05
77880,35.09975166252771,1.0,560,681,1241,0.0,-0.0008333472224535399,0.999919419822725,8.058017727639034e-05
77881,35.098918315305255,1.0,560,681,1241,0.0,-0.0008333472224535399,1.0000000000000013,8.058017727639034e-05
77882,35.0980849680828,1.0,560,681,1241,0.0,-0.0008333472224535399,1.0000000000000013,0.0
77883,35.09725162086035,1.0,560,681,1241,0.0,-0.0008333472224535399,1.0000000000000013,0.0
77884,35.096418273637894,1.0,560,681,1241,0.0,-0.0008333472224535399,1.0000000000000013,0.0
77885,35.09558492641544,1.0,560,681,1241,0.0,-0.0008333472224535399,1.0000000000000013,0.0
77886,35.09475157919299,1.0,560,681,1241,0.0,-0.0008333472224535399,1.0000000000000013,0.0
77887,35.093918231970534,1.0,560,681,1241,0.0,-0.0008333472224535399,1.0000000000000013,0.0
77888,35.09308488474808,1.0,560,681,1241,0.0,-0.0008333472224535399,1.0000000000000013,0.0
77889,35.09225153752563,0.9991941982272361,560,681,1241,-0.0008058017727639033,-0.0008333472224535399,0.999919419822725,-8.058017727639034e-05
77890,35.09141819030317,1.0,560,681,1241,0.0008058017727639033,-0.0008333472224535399,0.999919419822725,0.0
77891,35.09058484308072,0.9991941982272361,560,681,1241,-0.0008058017727639033,-0.0008333472224535399,0.9998388396454487,-8.058017727639034e-05
77892,35.089751495858266,0.9991941982272361,560,681,1241,0.0,-0.0008333472224535399,0.9997582594681724,-8.058017727639034e-05
77893,35.08891814863581,1.0,560,681,1241,0.0008058017727639033,-0.0008333472224535399,0.9997582594681724,0.0
77894,35.08808480141336,1.0,560,681,1241,0.0,-0.0008333472224535399,0.9997582594681724,0.0
77895,35.087251454190906,1.0,560,681,1241,0.0,-0.0008333472224535399,0.9997582594681724,0.0
77896,35.08641810696845,1.0,560,681,1241,0.0,-0.0008333472224535399,0.9997582594681724,0.0
77897,35.085584759746,1.0,560,681,1241,0.0,-0.0008333472224535399,0.9997582594681724,0.0
77898,35.084751412523545,1.0,560,681,1241,0.0,-0.0008333472224535399,0.9997582594681724,0.0
77899,35.08391806530109,1.0,560,681,1241,0.0,-0.0008333472224535399,0.9998388396454487,8.058017727639034e-05
77900,35.08308471807864,1.0,560,681,1241,0.0,-0.0008333472224535399,0.9998388396454487,0.0
77901,35.082251370856184,1.0,560,681,1241,0.0,-0.0008333472224535399,0.999919419822725,8.058017727639034e-05
77902,35.08141802363373,1.0,560,681,1241,0.0,-0.0008333472224535399,1.0000000000000013,8.058017727639034e-05
77903,35.08058467641128,1.0,560,681,1241,0.0,-0.0008333472224535399,1.0000000000000013,0.0
77904,35.07975132918882,1.0,560,681,1241,0.0,-0.0008333472224606453,1.0000000000000013,0.0
77905,35.07891798196636,1.0,560,681,1241,0.0,-0.0008333472224535399,1.0000000000000013,0.0
77906,35.07808463474391,1.0,560,681,1241,0.0,-0.0008333472224535399,1.0000000000000013,0.0
77907,35.077251287521456,1.0,560,681,1241,0.0,-0.0008333472224535399,1.0000000000000013,0.0
77908,35.076417940299,1.0,560,681,1241,0.0,-0.0008333472224535399,1.0000000000000013,0.0
77909,35.07558459307655,1.0,560,681,1241,0.0,-0.0008333472224535399,1.0000000000000013,0.0
77910,35.074751245854095,1.0,560,681,1241,0.0,-0.0008333472224535399,1.0000000000000013,0.0
77911,35.07391789863164,1.0,560,681,1241,0.0,-0.0008333472224535399,1.0000000000000013,0.0
77912,35.07308455140919,1.0,560,681,1241,0.0,-0.0008333472224535399,1.0000000000000013,0.0
77913,35.072251204186735,1.0,560,681,1241,0.0,-0.0008333472224535399,1.0000000000000013,0.0
77914,35.07141785696428,1.0,560,681,1241,0.0,-0.0008333472224535399,1.0000000000000013,0.0
77915,35.07058450974183,1.0,560,681,1241,0.0,-0.0008333472224535399,1.0000000000000013,0.0
77916,35.069751162519374,1.0,560,681,1241,0.0,-0.0008333472224535399,1.0000000000000013,0.0
77917,35.06891781529692,1.0,560,681,1241,0.0,-0.0008333472224535399,1.0000000000000013,0.0
77918,35.06808446807447,1.0,560,681,1241,0.0,-0.0008333472224535399,1.0000000000000013,0.0
77919,35.06725112085201,1.0,560,681,1241,0.0,-0.0008333472224535399,1.0000000000000013,0.0
77920,35.06641777362956,1.0,560,681,1241,0.0,-0.0008333472224535399,1.0000000000000013,0.0
77921,35.065584426407106,0.9991941982272361,560,681,1241,-0.0008058017727639033,-0.0008333472224535399,0.999919419822725,-8.058017727639034e-05
77922,35.06475107918465,1.0,560,681,1241,0.0008058017727639033,-0.0008333472224535399,0.999919419822725,0.0
77923,35.0639177319622,1.0,560,681,1241,0.0,-0.0008333472224535399,0.999919419822725,0.0
77924,35.063084384739746,1.0,560,681,1241,0.0,-0.0008333472224535399,0.999919419822725,0.0
77925,35.06225103751729,1.0,560,681,1241,0.0,-0.0008333472224535399,0.999919419822725,0.0
77926,35.06141769029484,1.0,560,681,1241,0.0,-0.0008333472224535399,0.999919419822725,0.0
77927,35.060584343072385,1.0,560,681,1241,0.0,-0.0008333472224535399,0.999919419822725,0.0
77928,35.05975099584993,1.0,560,681,1241,0.0,-0.0008333472224535399,0.999919419822725,0.0
77929,35.05891764862748,1.0,560,681,1241,0.0,-0.0008333472224535399,0.999919419822725,0.0
77930,35.058084301405025,1.0,560,681,1241,0.0,-0.0008333472224535399,0.999919419822725,0.0
77931,35.05725095418257,1.0,560,681,1241,0.0,-0.0008333472224535399,1.0000000000000013,8.058017727639034e-05
77932,35.05641760696012,1.0,560,681,1241,0.0,-0.0008333472224535399,1.0000000000000013,0.0
77933,35.055584259737664,1.0,560,681,1241,0.0,-0.0008333472224535399,1.0000000000000013,0.0
77934,35.05475091251521,1.0,560,681,1241,0.0,-0.0008333472224535399,1.0000000000000013,0.0
77935,35.05391756529276,1.0,560,681,1241,0.0,-0.0008333472224535399,1.0000000000000013,0.0
77936,35.053084218070296,1.0,560,681,1241,0.0,-0.0008333472224606453,1.0000000000000013,0.0
77937,35.05225087084784,1.0,560,681,1241,0.0,-0.0008333472224535399,1.0000000000000013,0.0
77938,35.05141752362539,1.0,560,681,1241,0.0,-0.0008333472224535399,1.0000000000000013,0.0
77939,35.050584176402936,1.0,560,681,1241,0.0,-0.0008333472224535399,1.0000000000000013,0.0
77940,35.04975082918048,1.0,560,681,1241,0.0,-0.0008333472224535399,1.0000000000000013,0.0
77941,35.04891748195803,1.0,560,681,1241,0.0,-0.0008333472224535399,1.0000000000000013,0.0
77942,35.048084134735575,1.0,560,681,1241,0.0,-0.0008333472224535399,1.0000000000000013,0.0
77943,35.04725078751312,1.0,560,681,1241,0.0,-0.0008333472224535399,1.0000000000000013,0.0
77944,35.04641744029067,1.0,560,681,1241,0.0,-0.0008333472224535399,1.0000000000000013,0.0
77945,35.045584093068214,1.0,560,681,1241,0.0,-0.0008333472224535399,1.0000000000000013,0.0
77946,35.04475074584576,1.0,560,681,1241,0.0,-0.0008333472224535399,1.0000000000000013,0.0
77947,35.04391739862331,1.0,560,681,1241,0.0,-0.0008333472224535399,1.0000000000000013,0.0
77948,35.043084051400854,1.0,560,681,1241,0.0,-0.0008333472224535399,1.0000000000000013,0.0
77949,35.0422507041784,1.0,560,681,1241,0.0,-0.0008333472224535399,1.0000000000000013,0.0
77950,35.04141735695595,1.0,560,681,1241,0.0,-0.0008333472224535399,1.0000000000000013,0.0
77951,35.04058400973349,1.0,560,681,1241,0.0,-0.0008333472224535399,1.0000000000000013,0.0
77952,35.03975066251104,1.0,560,681,1241,0.0,-0.0008333472224535399,1.0000000000000013,0.0
77953,35.038917315288586,1.0,560,681,1241,0.0,-0.0008333472224535399,1.0000000000000013,0.0
77954,35.03808396806613,1.0,560,681,1241,0.0,-0.0008333472224535399,1.0000000000000013,0.0
77955,35.03725062084368,1.0,560,681,1241,0.0,-0.0008333472224535399,1.0000000000000013,0.0
77956,35.036417273621225,1.0,560,681,1241,0.0,-0.0008333472224535399,1.0000000000000013,0.0
77957,35.03558392639877,1.0,560,681,1241,0.0,-0.0008333472224535399,1.0000000000000013,0.0
77958,35.03475057917632,1.0,560,681,1241,0.0,-0.0008333472224535399,1.0000000000000013,0.0
77959,35.033917231953865,1.0,560,681,1241,0.0,-0.0008333472224535399,1.0000000000000013,0.0
77960,35.03308388473141,1.0,560,681,1241,0.0,-0.0008333472224535399,1.0000000000000013,0.0
77961,35.03225053750896,1.0,560,681,1241,0.0,-0.0008333472224535399,1.0000000000000013,0.0
77962,35.031417190286504,1.0,560,681,1241,0.0,-0.0008333472224535399,1.0000000000000013,0.0
77963,35.03058384306405,1.0,560,681,1241,0.0,-0.0008333472224535399,1.0000000000000013,0.0
77964,35.0297504958416,1.0,560,681,1241,0.0,-0.0008333472224535399,1.0000000000000013,0.0
77965,35.02891714861914,1.0,560,681,1241,0.0,-0.0008333472224535399,1.0000000000000013,0.0
77966,35.02808380139669,1.0,560,681,1241,0.0,-0.0008333472224535399,1.0000000000000013,0.0
77967,35.027250454174236,1.0,560,681,1241,0.0,-0.0008333472224535399,1.0000000000000013,0.0
77968,35.02641710695178,1.0,560,681,1241,0.0,-0.0008333472224535399,1.0000000000000013,0.0
77969,35.02558375972933,1.0,560,681,1241,0.0,-0.0008333472224535399,1.0000000000000013,0.0
77970,35.024750412506876,1.0,560,681,1241,0.0,-0.0008333472224535399,1.0000000000000013,0.0
77971,35.02391706528442,1.0,560,681,1241,0.0,-0.0008333472224535399,1.0000000000000013,0.0
77972,35.02308371806197,1.0,560,681,1241,0.0,-0.0008333472224535399,1.0000000000000013,0.0
77973,35.022250370839515,1.0,560,681,1241,0.0,-0.0008333472224535399,1.0000000000000013,0.0
77974,35.02141702361706,1.0,560,681,1241,0.0,-0.0008333472224535399,1.0000000000000013,0.0
77975,35.02058367639461,1.0,560,681,1241,0.0,-0.0008333472224535399,1.0000000000000013,0.0
77976,35.019750329172155,1.0,560,681,1241,0.0,-0.0008333472224535399,1.0000000000000013,0.0
77977,35.0189169819497,1.0,560,681,1241,0.0,-0.0008333472224535399,1.0000000000000013,0.0
77978,35.01808363472725,1.0,560,681,1241,0.0,-0.0008333472224535399,1.0000000000000013,0.0
77979,35.017250287504794,1.0,560,681,1241,0.0,-0.0008333472224535399,1.0000000000000013,0.0
77980,35.01641694028234,1.0,560,681,1241,0.0,-0.0008333472224535399,1.0000000000000013,0.0
77981,35.01558359305989,1.0,560,681,1241,0.0,-0.0008333472224535399,1.0000000000000013,0.0
77982,35.01475024583743,1.0,560,681,1241,0.0,-0.0008333472224535399,1.0000000000000013,0.0
77983,35.01391689861498,1.0,560,681,1241,0.0,-0.0008333472224535399,1.0000000000000013,0.0
77984,35.013083551392526,1.0,560,681,1241,0.0,-0.0008333472224535399,1.0000000000000013,0.0
77985,35.01225020417007,1.0,560,681,1241,0.0,-0.0008333472224535399,1.0000000000000013,0.0
77986,35.01141685694762,1.0,560,681,1241,0.0,-0.0008333472224535399,1.0000000000000013,0.0
77987,35.010583509725166,1.0,560,681,1241,0.0,-0.0008333472224535399,1.0000000000000013,0.0
77988,35.00975016250271,1.0,560,681,1241,0.0,-0.0008333472224535399,1.0000000000000013,0.0
77989,35.00891681528025,1.0,560,681,1241,0.0,-0.0008333472224606453,1.0000000000000013,0.0
77990,35.0080834680578,1.0,560,681,1241,0.0,-0.0008333472224535399,1.0000000000000013,0.0
77991,35.007250120835344,1.0,560,681,1241,0.0,-0.0008333472224535399,1.0000000000000013,0.0
77992,35.00641677361289,1.0,560,681,1241,0.0,-0.0008333472224535399,1.0000000000000013,0.0
77993,35.00558342639044,0.9991941982272361,560,681,1241,-0.0008058017727639033,-0.0008333472224535399,0.999919419822725,-8.058017727639034e-05
77994,35.004750079167984,0.9991941982272361,560,681,1241,0.0,-0.0008333472224535399,0.9998388396454487,-8.058017727639034e-05
77995,35.00391673194553,1.0,560,681,1241,0.0008058017727639033,-0.0008333472224535399,0.9998388396454487,0.0
77996,35.00308338472308,1.0,560,681,1241,0.0,-0.0008333472224535399,0.9998388396454487,0.0
77997,35.00225003750062,1.0,560,681,1241,0.0,-0.0008333472224535399,0.9998388396454487,0.0
77998,35.00141669027817,1.0,560,681,1241,0.0,-0.0008333472224535399,0.9998388396454487,0.0
77999,35.000583343055716,0.9991941982272361,560,681,1241,-0.0008058017727639033,-0.0008333472224535399,0.9997582594681724,-8.058017727639034e-05
78000,34.99974999583326,0.9991941982272361,560,681,1241,0.0,-0.0008333472224535399,0.999677679290896,-8.058017727639034e-05
78001,34.99891664861081,0.9983883964544722,560,681,1241,-0.0008058017727639033,-0.0008333472224535399,0.9995165189363433,-0.00016116035455278067
78002,34.998083301388355,0.9991941982272361,560,681,1241,0.0008058017727639033,-0.0008333472224535399,0.999435938759067,-8.058017727639034e-05
78003,34.9972499541659,0.9991941982272361,560,681,1241,0.0,-0.0008333472224535399,0.999435938759067,0.0
78004,34.99641660694345,0.9991941982272361,560,681,1241,0.0,-0.0008333472224535399,0.999435938759067,0.0
78005,34.995583259720995,1.0,560,681,1241,0.0008058017727639033,-0.0008333472224535399,0.999435938759067,0.0
78006,34.99474991249854,1.0,560,681,1241,0.0,-0.0008333472224535399,0.999435938759067,0.0
78007,34.99391656527609,0.9991941982272361,560,681,1241,-0.0008058017727639033,-0.0008333472224535399,0.9993553585817907,-8.058017727639034e-05
78008,34.993083218053634,0.9991941982272361,560,681,1241,0.0,-0.0008333472224535399,0.9992747784045143,-8.058017727639034e-05
78009,34.99224987083118,0.9991941982272361,560,681,1241,0.0,-0.0008333472224535399,0.9992747784045143,0.0
78010,34.99141652360873,0.9991941982272361,560,681,1241,0.0,-0.0008333472224535399,0.9992747784045143,0.0
78011,34.990583176386274,1.0,560,681,1241,0.0008058017727639033,-0.0008333472224535399,0.999435938759067,0.00016116035455278067
78012,34.98974982916382,1.0,560,681,1241,0.0,-0.0008333472224535399,0.9995165189363433,8.058017727639034e-05
78013,34.98891648194137,0.9991941982272361,560,681,1241,-0.0008058017727639033,-0.0008333472224535399,0.9995165189363433,0.0
78014,34.98808313471891,0.9991941982272361,560,681,1241,0.0,-0.0008333472224535399,0.9995165189363433,0.0
78015,34.98724978749646,0.9991941982272361,560,681,1241,0.0,-0.0008333472224535399,0.999435938759067,-8.058017727639034e-05
78016,34.986416440274006,0.9991941982272361,560,681,1241,0.0,-0.0008333472224535399,0.9993553585817907,-8.058017727639034e-05
78017,34.98558309305155,0.9991941982272361,560,681,1241,0.0,-0.0008333472224535399,0.9993553585817907,0.0
78018,34.9847497458291,1.0,560,681,1241,0.0008058017727639033,-0.0008333472224535399,0.999435938759067,8.058017727639034e-05
78019,34.983916398606645,1.0,560,681,1241,0.0,-0.0008333472224535399,0.9995165189363433,8.058017727639034e-05
78020,34.98308305138419,1.0,560,681,1241,0.0,-0.0008333472224535399,0.9995970991136197,8.058017727639034e-05
78021,34.98224970416173,1.0,560,681,1241,0.0,-0.0008333472224606453,0.9995970991136197,0.0
78022,34.98141635693928,1.0,560,681,1241,0.0,-0.0008333472224535399,0.9995970991136197,0.0
78023,34.980583009716824,1.0,560,681,1241,0.0,-0.0008333472224535399,0.999677679290896,8.058017727639034e-05
78024,34.97974966249437,1.0,560,681,1241,0.0,-0.0008333472224535399,0.9997582594681724,8.058017727639034e-05
78025,34.97891631527192,1.0,560,681,1241,0.0,-0.0008333472224535399,0.9998388396454487,8.058017727639034e-05
78026,34.97808296804946,1.0,560,681,1241,0.0,-0.0008333472224535399,0.999919419822725,8.058017727639034e-05
78027,34.97724962082701,1.0,560,681,1241,0.0,-0.0008333472224535399,1.0000000000000013,8.058017727639034e-05
78028,34.976416273604556,1.0,560,681,1241,0.0,-0.0008333472224535399,1.0000000000000013,0.0
78029,34.9755829263821,1.0,560,681,1241,0.0,-0.0008333472224535399,1.0000000000000013,0.0
78030,34.97474957915965,1.0,560,681,1241,0.0,-0.0008333472224535399,1.0000000000000013,0.0
78031,34.973916231937196,1.0,560,681,1241,0.0,-0.0008333472224535399,1.0000000000000013,0.0
78032,34.97308288471474,1.0,560,681,1241,0.0,-0.0008333472224535399,1.0000000000000013,0.0
78033,34.97224953749229,1.0,560,681,1241,0.0,-0.0008333472224535399,1.0000000000000013,0.0
78034,34.971416190269835,1.0,560,681,1241,0.0,-0.0008333472224535399,1.0000000000000013,0.0
78035,34.97058284304738,1.0,560,681,1241,0.0,-0.0008333472224535399,1.0000000000000013,0.0
78036,34.96974949582493,1.0,560,681,1241,0.0,-0.0008333472224535399,1.0000000000000013,0.0
78037,34.968916148602474,1.0,560,681,1241,0.0,-0.0008333472224535399,1.0000000000000013,0.0
78038,34.96808280138002,1.0,560,681,1241,0.0,-0.0008333472224535399,1.0000000000000013,0.0
78039,34.96724945415757,1.0,560,681,1241,0.0,-0.0008333472224535399,1.0000000000000013,0.0
78040,34.966416106935114,1.0,560,681,1241,0.0,-0.0008333472224535399,1.0000000000000013,0.0
78041,34.96558275971266,1.0,560,681,1241,0.0,-0.0008333472224535399,1.0000000000000013,0.0
78042,34.96474941249021,1.0,560,681,1241,0.0,-0.0008333472224535399,1.0000000000000013,0.0
78043,34.96391606526775,1.0,560,681,1241,0.0,-0.0008333472224535399,1.0000000000000013,0.0
78044,34.9630827180453,1.0,560,681,1241,0.0,-0.0008333472224535399,1.0000000000000013,0.0
78045,34.962249370822846,1.0,560,681,1241,0.0,-0.0008333472224535399,1.0000000000000013,0.0
78046,34.96141602360039,1.0,560,681,1241,0.0,-0.0008333472224535399,1.0000000000000013,0.0
78047,34.96058267637794,1.0,560,681,1241,0.0,-0.0008333472224535399,1.0000000000000013,0.0
78048,34.959749329155485,1.0,560,681,1241,0.0,-0.0008333472224535399,1.0000000000000013,0.0
78049,34.95891598193303,1.0,560,681,1241,0.0,-0.0008333472224535399,1.0000000000000013,0.0
78050,34.95808263471058,1.0,560,681,1241,0.0,-0.0008333472224535399,1.0000000000000013,0.0
78051,34.957249287488125,1.0,560,681,1241,0.0,-0.0008333472224535399,1.0000000000000013,0.0
78052,34.95641594026567,1.0,560,681,1241,0.0,-0.0008333472224535399,1.0000000000000013,0.0
78053,34.95558259304322,0.9991941982272361,560,681,1241,-0.0008058017727639033,-0.0008333472224535399,0.999919419822725,-8.058017727639034e-05
78054,34.954749245820764,1.0,560,681,1241,0.0008058017727639033,-0.0008333472224535399,0.999919419822725,0.0
78055,34.95391589859831,0.9991941982272361,560,681,1241,-0.0008058017727639033,-0.0008333472224535399,0.9998388396454487,-8.058017727639034e-05
78056,34.95308255137586,0.9991941982272361,560,681,1241,0.0,-0.0008333472224535399,0.9997582594681724,-8.058017727639034e-05
78057,34.952249204153404,0.9991941982272361,560,681,1241,0.0,-0.0008333472224535399,0.999677679290896,-8.058017727639034e-05
78058,34.95141585693095,1.0,560,681,1241,0.0008058017727639033,-0.0008333472224535399,0.999677679290896,0.0
78059,34.9505825097085,1.0,560,681,1241,0.0,-0.0008333472224535399,0.999677679290896,0.0
78060,34.94974916248604,1.0,560,681,1241,0.0,-0.0008333472224535399,0.999677679290896,0.0
78061,34.94891581526359,1.0,560,681,1241,0.0,-0.0008333472224535399,0.999677679290896,0.0
78062,34.948082468041136,1.0,560,681,1241,0.0,-0.0008333472224535399,0.999677679290896,0.0
78063,34.94724912081868,1.0,560,681,1241,0.0,-0.0008333472224535399,0.9997582594681724,8.058017727639034e-05
78064,34.94641577359623,1.0,560,681,1241,0.0,-0.0008333472224535399,0.9997582594681724,0.0
78065,34.945582426373775,1.0,560,681,1241,0.0,-0.0008333472224535399,0.9998388396454487,8.058017727639034e-05
78066,34.94474907915132,1.0,560,681,1241,0.0,-0.0008333472224535399,0.999919419822725,8.058017727639034e-05
78067,34.94391573192887,1.0,560,681,1241,0.0,-0.0008333472224535399,1.0000000000000013,8.058017727639034e-05
78068,34.943082384706415,1.0,560,681,1241,0.0,-0.0008333472224535399,1.0000000000000013,0.0
78069,34.94224903748396,0.9991941982272361,560,681,1241,-0.0008058017727639033,-0.0008333472224535399,0.999919419822725,-8.058017727639034e-05
78070,34.94141569026151,1.0,560,681,1241,0.0008058017727639033,-0.0008333472224535399,0.999919419822725,0.0
78071,34.940582343039054,1.0,560,681,1241,0.0,-0.0008333472224535399,0.999919419822725,0.0
78072,34.9397489958166,0.9991941982272361,560,681,1241,-0.0008058017727639033,-0.0008333472224535399,0.9998388396454487,-8.058017727639034e-05
78073,34.93891564859415,0.9991941982272361,560,681,1241,0.0,-0.0008333472224535399,0.9997582594681724,-8.058017727639034e-05
78074,34.938082301371686,0.9983883964544722,560,681,1241,-0.0008058017727639033,-0.0008333472224606453,0.9995970991136197,-0.00016116035455278067
78075,34.93724895414923,0.9983883964544722,560,681,1241,0.0,-0.0008333472224535399,0.999435938759067,-0.00016116035455278067
78076,34.93641560692678,0.9975825946817083,560,681,1241,-0.0008058017727639033,-0.0008333472224535399,0.9991941982272378,-0.00024174053182917098
78077,34.935582259704326,0.9983883964544722,560,681,1241,0.0008058017727639033,-0.0008333472224535399,0.9990330378726849,-0.00016116035455278067
78078,34.93474891248187,0.9983883964544722,560,681,1241,0.0,-0.0008333472224535399,0.9988718775181322,-0.00016116035455278067
78079,34.93391556525942,0.9983883964544722,560,681,1241,0.0,-0.0008333472224535399,0.9987912973408559,-8.058017727639034e-05
78080,34.933082218036965,0.9991941982272361,560,681,1241,0.0008058017727639033,-0.0008333472224535399,0.9987107171635795,-8.058017727639034e-05
78081,34.93224887081451,0.9991941982272361,560,681,1241,0.0,-0.0008333472224535399,0.9986301369863032,-8.058017727639034e-05
78082,34.93141552359206,0.9991941982272361,560,681,1241,0.0,-0.0008333472224535399,0.9986301369863032,0.0
78083,34.930582176369604,1.0,560,681,1241,0.0008058017727639033,-0.0008333472224535399,0.9987107171635795,8.058017727639034e-05
78084,34.92974882914715,1.0,560,681,1241,0.0,-0.0008333472224535399,0.9988718775181322,0.00016116035455278067
78085,34.9289154819247,1.0,560,681,1241,0.0,-0.0008333472224535399,0.9990330378726849,0.00016116035455278067
78086,34.928082134702244,1.0,560,681,1241,0.0,-0.0008333472224535399,0.9992747784045142,0.00024174053182917098
78087,34.92724878747979,1.0,560,681,1241,0.0,-0.0008333472224535399,0.999435938759067,0.00016116035455278067
78088,34.92641544025734,1.0,560,681,1241,0.0,-0.0008333472224535399,0.9995970991136197,0.00016116035455278067
78089,34.92558209303488,1.0,560,681,1241,0.0,-0.0008333472224535399,0.9997582594681724,0.00016116035455278067
78090,34.92474874581243,1.0,560,681,1241,0.0,-0.0008333472224535399,0.9998388396454487,8.058017727639034e-05
78091,34.923915398589976,1.0,560,681,1241,0.0,-0.0008333472224535399,0.999919419822725,8.058017727639034e-05
78092,34.92308205136752,1.0,560,681,1241,0.0,-0.0008333472224535399,1.0000000000000013,8.058017727639034e-05
78093,34.92224870414507,1.0,560,681,1241,0.0,-0.0008333472224535399,1.0000000000000013,0.0
78094,34.921415356922616,1.0,560,681,1241,0.0,-0.0008333472224535399,1.0000000000000013,0.0
78095,34.92058200970016,1.0,560,681,1241,0.0,-0.0008333472224535399,1.0000000000000013,0.0
78096,34.91974866247771,1.0,560,681,1241,0.0,-0.0008333472224535399,1.0000000000000013,0.0
78097,34.918915315255255,1.0,560,681,1241,0.0,-0.0008333472224535399,1.0000000000000013,0.0
78098,34.9180819680328,1.0,560,681,1241,0.0,-0.0008333472224535399,1.0000000000000013,0.0
78099,34.91724862081035,1.0,560,681,1241,0.0,-0.0008333472224535399,1.0000000000000013,0.0
78100,34.916415273587894,1.0,560,681,1241,0.0,-0.0008333472224535399,1.0000000000000013,0.0
78101,34.91558192636544,1.0,560,681,1241,0.0,-0.0008333472224535399,1.0000000000000013,0.0
78102,34.91474857914299,1.0,560,681,1241,0.0,-0.0008333472224535399,1.0000000000000013,0.0
78103,34.913915231920534,1.0,560,681,1241,0.0,-0.0008333472224535399,1.0000000000000013,0.0
78104,34.91308188469808,1.0,560,681,1241,0.0,-0.0008333472224535399,1.0000000000000013,0.0
78105,34.91224853747563,1.0,560,681,1241,0.0,-0.0008333472224535399,1.0000000000000013,0.0
78106,34.911415190253166,1.0,560,681,1241,0.0,-0.0008333472224606453,1.0000000000000013,0.0
78107,34.91058184303071,1.0,560,681,1241,0.0,-0.0008333472224535399,1.0000000000000013,0.0
78108,34.90974849580826,1.0,560,681,1241,0.0,-0.0008333472224535399,1.0000000000000013,0.0
78109,34.908915148585805,1.0,560,681,1241,0.0,-0.0008333472224535399,1.0000000000000013,0.0
78110,34.90808180136335,1.0,560,681,1241,0.0,-0.0008333472224535399,1.0000000000000013,0.0
78111,34.9072484541409,1.0,560,681,1241,0.0,-0.0008333472224535399,1.0000000000000013,0.0
78112,34.906415106918445,1.0,560,681,1241,0.0,-0.0008333472224535399,1.0000000000000013,0.0
78113,34.90558175969599,1.0,560,681,1241,0.0,-0.0008333472224535399,1.0000000000000013,0.0
78114,34.90474841247354,1.0,560,681,1241,0.0,-0.0008333472224535399,1.0000000000000013,0.0
78115,34.903915065251084,0.9983883964544722,560,681,1241,-0.0016116035455278066,-0.0008333472224535399,0.9998388396454487,-0.00016116035455278067
78116,34.90308171802863,0.9983883964544722,560,681,1241,0.0,-0.0008333472224535399,0.999677679290896,-0.00016116035455278067
78117,34.90224837080618,0.9991941982272361,560,681,1241,0.0008058017727639033,-0.0008333472224535399,0.9995970991136197,-8.058017727639034e-05
78118,34.90141502358372,0.9991941982272361,560,681,1241,0.0,-0.0008333472224535399,0.9995165189363433,-8.058017727639034e-05
78119,34.90058167636127,0.9991941982272361,560,681,1241,0.0,-0.0008333472224535399,0.999435938759067,-8.058017727639034e-05
78120,34.899748329138816,0.9991941982272361,560,681,1241,0.0,-0.0008333472224535399,0.9993553585817907,-8.058017727639034e-05
78121,34.89891498191636,0.9991941982272361,560,681,1241,0.0,-0.0008333472224535399,0.9992747784045143,-8.058017727639034e-05
78122,34.89808163469391,0.9991941982272361,560,681,1241,0.0,-0.0008333472224535399,0.999194198227238,-8.058017727639034e-05
78123,34.897248287471456,1.0,560,681,1241,0.0008058017727639033,-0.0008333472224535399,0.999194198227238,0.0
78124,34.896414940249,1.0,560,681,1241,0.0,-0.0008333472224535399,0.999194198227238,0.0
78125,34.89558159302655,1.0,560,681,1241,0.0,-0.0008333472224535399,0.9993553585817907,0.00016116035455278067
78126,34.894748245804095,1.0,560,681,1241,0.0,-0.0008333472224535399,0.9995165189363433,0.00016116035455278067
78127,34.89391489858164,1.0,560,681,1241,0.0,-0.0008333472224535399,0.9995970991136197,8.058017727639034e-05
78128,34.89308155135919,1.0,560,681,1241,0.0,-0.0008333472224535399,0.999677679290896,8.058017727639034e-05
78129,34.892248204136735,1.0,560,681,1241,0.0,-0.0008333472224535399,0.9997582594681724,8.058017727639034e-05
78130,34.89141485691428,1.0,560,681,1241,0.0,-0.0008333472224535399,0.9998388396454487,8.058017727639034e-05
78131,34.89058150969183,1.0,560,681,1241,0.0,-0.0008333472224535399,0.999919419822725,8.058017727639034e-05
78132,34.889748162469374,1.0,560,681,1241,0.0,-0.0008333472224535399,1.0000000000000013,8.058017727639034e-05
78133,34.88891481524692,1.0,560,681,1241,0.0,-0.0008333472224535399,1.0000000000000013,0.0
78134,34.88808146802447,1.0,560,681,1241,0.0,-0.0008333472224535399,1.0000000000000013,0.0
78135,34.88724812080201,1.0,560,681,1241,0.0,-0.0008333472224535399,1.0000000000000013,0.0
78136,34.88641477357956,1.0,560,681,1241,0.0,-0.0008333472224535399,1.0000000000000013,0.0
78137,34.885581426357106,1.0,560,681,1241,0.0,-0.0008333472224535399,1.0000000000000013,0.0
78138,34.88474807913465,1.0,560,681,1241,0.0,-0.0008333472224535399,1.0000000000000013,0.0
78139,34.8839147319122,0.9991941982272361,560,681,1241,-0.0008058017727639033,-0.0008333472224535399,0.999919419822725,-8.058017727639034e-05
78140,34.883081384689746,0.9991941982272361,560,681,1241,0.0,-0.0008333472224535399,0.9998388396454487,-8.058017727639034e-05
78141,34.88224803746729,0.9991941982272361,560,681,1241,0.0,-0.0008333472224535399,0.9997582594681724,-8.058017727639034e-05
78142,34.88141469024484,1.0,560,681,1241,0.0008058017727639033,-0.0008333472224535399,0.9997582594681724,0.0
78143,34.880581343022385,1.0,560,681,1241,0.0,-0.0008333472224535399,0.9997582594681724,0.0
78144,34.87974799579993,1.0,560,681,1241,0.0,-0.0008333472224535399,0.9997582594681724,0.0
78145,34.87891464857748,1.0,560,681,1241,0.0,-0.0008333472224535399,0.9997582594681724,0.0
78146,34.878081301355024,1.0,560,681,1241,0.0,-0.0008333472224535399,0.9997582594681724,0.0
78147,34.87724795413257,1.0,560,681,1241,0.0,-0.0008333472224535399,0.9997582594681724,0.0
78148,34.87641460691012,1.0,560,681,1241,0.0,-0.0008333472224535399,0.9997582594681724,0.0
78149,34.875581259687664,0.9991941982272361,560,681,1241,-0.0008058017727639033,-0.0008333472224535399,0.9997582594681724,0.0
78150,34.87474791246521,1.0,560,681,1241,0.0008058017727639033,-0.0008333472224535399,0.9998388396454487,8.058017727639034e-05
78151,34.87391456524276,0.9991941982272361,560,681,1241,-0.0008058017727639033,-0.0008333472224535399,0.9998388396454487,0.0
78152,34.8730812180203,0.9991941982272361,560,681,1241,0.0,-0.0008333472224535399,0.9997582594681724,-8.058017727639034e-05
78153,34.87224787079785,0.9983883964544722,560,681,1241,-0.0008058017727639033,-0.0008333472224535399,0.9995970991136197,-0.00016116035455278067
78154,34.871414523575396,0.9991941982272361,560,681,1241,0.0008058017727639033,-0.0008333472224535399,0.9995165189363433,-8.058017727639034e-05
78155,34.87058117635294,0.9991941982272361,560,681,1241,0.0,-0.0008333472224535399,0.999435938759067,-8.058017727639034e-05
78156,34.86974782913049,0.9983883964544722,560,681,1241,-0.0008058017727639033,-0.0008333472224535399,0.9992747784045143,-0.00016116035455278067
78157,34.868914481908035,0.9983883964544722,560,681,1241,0.0,-0.0008333472224535399,0.9991136180499616,-0.00016116035455278067
78158,34.868081134685575,0.9991941982272361,560,681,1241,0.0008058017727639033,-0.0008333472224606453,0.9990330378726853,-8.058017727639034e-05
78159,34.86724778746312,0.9991941982272361,560,681,1241,0.0,-0.0008333472224535399,0.9990330378726853,0.0
78160,34.86641444024067,0.9991941982272361,560,681,1241,0.0,-0.0008333472224535399,0.998952457695409,-8.058017727639034e-05
78161,34.865581093018214,1.0,560,681,1241,0.0008058017727639033,-0.0008333472224535399,0.9990330378726853,8.058017727639034e-05
78162,34.86474774579576,0.9991941982272361,560,681,1241,-0.0008058017727639033,-0.0008333472224535399,0.9990330378726853,0.0
78163,34.86391439857331,0.9991941982272361,560,681,1241,0.0,-0.0008333472224535399,0.9991136180499616,8.058017727639034e-05
78164,34.863081051350854,1.0,560,681,1241,0.0008058017727639033,-0.0008333472224535399,0.999194198227238,8.058017727639034e-05
78165,34.8622477041284,1.0,560,681,1241,0.0,-0.0008333472224535399,0.9992747784045143,8.058017727639034e-05
78166,34.86141435690595,1.0,560,681,1241,0.0,-0.0008333472224535399,0.999435938759067,0.00016116035455278067
78167,34.86058100968349,1.0,560,681,1241,0.0,-0.0008333472224535399,0.9995970991136197,0.00016116035455278067
78168,34.85974766246104,1.0,560,681,1241,0.0,-0.0008333472224535399,0.999677679290896,8.058017727639034e-05
78169,34.858914315238586,1.0,560,681,1241,0.0,-0.0008333472224535399,0.9997582594681724,8.058017727639034e-05
78170,34.85808096801613,1.0,560,681,1241,0.0,-0.0008333472224535399,0.9998388396454487,8.058017727639034e-05
78171,34.85724762079368,1.0,560,681,1241,0.0,-0.0008333472224535399,0.9998388396454487,0.0
78172,34.856414273571225,1.0,560,681,1241,0.0,-0.0008333472224535399,0.999919419822725,8.058017727639034e-05
78173,34.85558092634877,1.0,560,681,1241,0.0,-0.0008333472224535399,1.0000000000000013,8.058017727639034e-05
78174,34.85474757912632,0.9991941982272361,560,681,1241,-0.0008058017727639033,-0.0008333472224535399,0.999919419822725,-8.058017727639034e-05
78175,34.853914231903865,0.9991941982272361,560,681,1241,0.0,-0.0008333472224535399,0.9998388396454487,-8.058017727639034e-05
78176,34.85308088468141,0.9991941982272361,560,681,1241,0.0,-0.0008333472224535399,0.9997582594681724,-8.058017727639034e-05
78177,34.85224753745896,0.9991941982272361,560,681,1241,0.0,-0.0008333472224535399,0.999677679290896,-8.058017727639034e-05
78178,34.851414190236504,1.0,560,681,1241,0.0008058017727639033,-0.0008333472224535399,0.999677679290896,0.0
78179,34.85058084301405,1.0,560,681,1241,0.0,-0.0008333472224535399,0.999677679290896,0.0
78180,34.8497474957916,1.0,560,681,1241,0.0,-0.0008333472224535399,0.999677679290896,0.0
78181,34.84891414856914,1.0,560,681,1241,0.0,-0.0008333472224535399,0.999677679290896,0.0
78182,34.84808080134669,1.0,560,681,1241,0.0,-0.0008333472224535399,0.999677679290896,0.0
78183,34.847247454124236,0.9991941982272361,560,681,1241,-0.0008058017727639033,-0.0008333472224535399,0.9995970991136197,-8.058017727639034e-05
78184,34.84641410690178,0.9991941982272361,560,681,1241,0.0,-0.0008333472224535399,0.9995970991136197,0.0
78185,34.84558075967933,0.9991941982272361,560,681,1241,0.0,-0.0008333472224535399,0.9995970991136197,0.0
78186,34.844747412456876,1.0,560,681,1241,0.0008058017727639033,-0.0008333472224535399,0.999677679290896,8.058017727639034e-05
78187,34.84391406523442,1.0,560,681,1241,0.0,-0.0008333472224535399,0.9997582594681724,8.058017727639034e-05
78188,34.84308071801197,1.0,560,681,1241,0.0,-0.0008333472224535399,0.9997582594681724,0.0
78189,34.842247370789515,0.9991941982272361,560,681,1241,-0.0008058017727639033,-0.0008333472224535399,0.999677679290896,-8.058017727639034e-05
78190,34.841414023567054,0.9991941982272361,560,681,1241,0.0,-0.0008333472224606453,0.9995970991136197,-8.058017727639034e-05
78191,34.8405806763446,0.9991941982272361,560,681,1241,0.0,-0.0008333472224535399,0.9995165189363433,-8.058017727639034e-05
78192,34.83974732912215,0.9991941982272361,560,681,1241,0.0,-0.0008333472224535399,0.999435938759067,-8.058017727639034e-05
78193,34.838913981899694,0.9991941982272361,560,681,1241,0.0,-0.0008333472224535399,0.999435938759067,0.0
78194,34.83808063467724,1.0,560,681,1241,0.0008058017727639033,-0.0008333472224535399,0.9995165189363433,8.058017727639034e-05
78195,34.83724728745479,1.0,560,681,1241,0.0,-0.0008333472224535399,0.9995970991136197,8.058017727639034e-05
78196,34.83641394023233,1.0,560,681,1241,0.0,-0.0008333472224535399,0.9995970991136197,0.0
78197,34.83558059300988,1.0,560,681,1241,0.0,-0.0008333472224535399,0.9995970991136197,0.0
78198,34.834747245787426,1.0,560,681,1241,0.0,-0.0008333472224535399,0.9995970991136197,0.0
78199,34.83391389856497,1.0,560,681,1241,0.0,-0.0008333472224535399,0.999677679290896,8.058017727639034e-05
78200,34.83308055134252,1.0,560,681,1241,0.0,-0.0008333472224535399,0.9997582594681724,8.058017727639034e-05
78201,34.832247204120065,1.0,560,681,1241,0.0,-0.0008333472224535399,0.9998388396454487,8.058017727639034e-05
78202,34.83141385689761,0.9991941982272361,560,681,1241,-0.0008058017727639033,-0.0008333472224535399,0.9998388396454487,0.0
78203,34.83058050967516,1.0,560,681,1241,0.0008058017727639033,-0.0008333472224535399,0.999919419822725,8.058017727639034e-05
78204,34.829747162452705,1.0,560,681,1241,0.0,-0.0008333472224535399,0.999919419822725,0.0
78205,34.82891381523025,1.0,560,681,1241,0.0,-0.0008333472224535399,0.999919419822725,0.0
78206,34.8280804680078,1.0,560,681,1241,0.0,-0.0008333472224535399,0.999919419822725,0.0
78207,34.827247120785344,1.0,560,681,1241,0.0,-0.0008333472224535399,0.999919419822725,0.0
78208,34.82641377356289,1.0,560,681,1241,0.0,-0.0008333472224535399,0.999919419822725,0.0
78209,34.82558042634044,1.0,560,681,1241,0.0,-0.0008333472224535399,0.999919419822725,0.0
78210,34.824747079117984,1.0,560,681,1241,0.0,-0.0008333472224535399,0.999919419822725,0.0
78211,34.82391373189553,1.0,560,681,1241,0.0,-0.0008333472224535399,0.999919419822725,0.0
78212,34.82308038467308,0.9991941982272361,560,681,1241,-0.0008058017727639033,-0.0008333472224535399,0.999919419822725,0.0
78213,34.82224703745062,0.9991941982272361,560,681,1241,0.0,-0.0008333472224535399,0.9998388396454487,-8.058017727639034e-05
78214,34.82141369022817,0.9991941982272361,560,681,1241,0.0,-0.0008333472224535399,0.9997582594681724,-8.058017727639034e-05
78215,34.820580343005716,0.9991941982272361,560,681,1241,0.0,-0.0008333472224535399,0.999677679290896,-8.058017727639034e-05
78216,34.81974699578326,0.9991941982272361,560,681,1241,0.0,-0.0008333472224535399,0.9995970991136197,-8.058017727639034e-05
78217,34.81891364856081,1.0,560,681,1241,0.0008058017727639033,-0.0008333472224535399,0.9995970991136197,0.0
78218,34.818080301338355,1.0,560,681,1241,0.0,-0.0008333472224535399,0.9995970991136197,0.0
78219,34.8172469541159,1.0,560,681,1241,0.0,-0.0008333472224535399,0.9995970991136197,0.0
78220,34.81641360689345,1.0,560,681,1241,0.0,-0.0008333472224535399,0.9995970991136197,0.0
78221,34.815580259670995,1.0,560,681,1241,0.0,-0.0008333472224535399,0.9995970991136197,0.0
78222,34.81474691244854,1.0,560,681,1241,0.0,-0.0008333472224535399,0.999677679290896,8.058017727639034e-05
78223,34.81391356522609,1.0,560,681,1241,0.0,-0.0008333472224535399,0.9997582594681724,8.058017727639034e-05
78224,34.813080218003634,0.9991941982272361,560,681,1241,-0.0008058017727639033,-0.0008333472224535399,0.9997582594681724,0.0
78225,34.81224687078118,0.9991941982272361,560,681,1241,0.0,-0.0008333472224535399,0.9997582594681724,0.0
78226,34.81141352355873,0.9991941982272361,560,681,1241,0.0,-0.0008333472224535399,0.9997582594681724,0.0
78227,34.81058017633627,0.9991941982272361,560,681,1241,0.0,-0.0008333472224535399,0.999677679290896,-8.058017727639034e-05
78228,34.80974682911382,0.9991941982272361,560,681,1241,0.0,-0.0008333472224535399,0.9995970991136197,-8.058017727639034e-05
78229,34.808913481891366,0.9991941982272361,560,681,1241,0.0,-0.0008333472224535399,0.9995165189363433,-8.058017727639034e-05
78230,34.80808013466891,1.0,560,681,1241,0.0008058017727639033,-0.0008333472224535399,0.9995165189363433,0.0
78231,34.80724678744646,1.0,560,681,1241,0.0,-0.0008333472224535399,0.9995165189363433,0.0
78232,34.806413440224006,1.0,560,681,1241,0.0,-0.0008333472224535399,0.9995165189363433,0.0
78233,34.80558009300155,1.0,560,681,1241,0.0,-0.0008333472224535399,0.9995165189363433,0.0
78234,34.8047467457791,1.0,560,681,1241,0.0,-0.0008333472224535399,0.9995970991136197,8.058017727639034e-05
78235,34.803913398556645,1.0,560,681,1241,0.0,-0.0008333472224535399,0.999677679290896,8.058017727639034e-05
78236,34.80308005133419,1.0,560,681,1241,0.0,-0.0008333472224535399,0.9997582594681724,8.058017727639034e-05
78237,34.80224670411174,1.0,560,681,1241,0.0,-0.0008333472224535399,0.9998388396454487,8.058017727639034e-05
78238,34.801413356889285,1.0,560,681,1241,0.0,-0.0008333472224535399,0.999919419822725,8.058017727639034e-05
78239,34.80058000966683,1.0,560,681,1241,0.0,-0.0008333472224535399,1.0000000000000013,8.058017727639034e-05
78240,34.79974666244438,1.0,560,681,1241,0.0,-0.0008333472224535399,1.0000000000000013,0.0
78241,34.798913315221924,1.0,560,681,1241,0.0,-0.0008333472224535399,1.0000000000000013,0.0
78242,34.79807996799947,1.0,560,681,1241,0.0,-0.0008333472224535399,1.0000000000000013,0.0
78243,34.79724662077701,1.0,560,681,1241,0.0,-0.0008333472224606453,1.0000000000000013,0.0
78244,34.796413273554556,1.0,560,681,1241,0.0,-0.0008333472224535399,1.0000000000000013,0.0
78245,34.7955799263321,1.0,560,681,1241,0.0,-0.0008333472224535399,1.0000000000000013,0.0
78246,34.79474657910965,1.0,560,681,1241,0.0,-0.0008333472224535399,1.0000000000000013,0.0
78247,34.793913231887196,1.0,560,681,1241,0.0,-0.0008333472224535399,1.0000000000000013,0.0
78248,34.79307988466474,1.0,560,681,1241,0.0,-0.0008333472224535399,1.0000000000000013,0.0
78249,34.79224653744229,1.0,560,681,1241,0.0,-0.0008333472224535399,1.0000000000000013,0.0
78250,34.791413190219835,1.0,560,681,1241,0.0,-0.0008333472224535399,1.0000000000000013,0.0
78251,34.79057984299738,1.0,560,681,1241,0.0,-0.0008333472224535399,1.0000000000000013,0.0
78252,34.78974649577493,1.0,560,681,1241,0.0,-0.0008333472224535399,1.0000000000000013,0.0
78253,34.788913148552474,1.0,560,681,1241,0.0,-0.0008333472224535399,1.0000000000000013,0.0
78254,34.78807980133002,1.0,560,681,1241,0.0,-0.0008333472224535399,1.0000000000000013,0.0
78255,34.78724645410757,0.9991941982272361,560,681,1241,-0.0008058017727639033,-0.0008333472224535399,0.999919419822725,-8.058017727639034e-05
78256,34.786413106885114,0.9991941982272361,560,681,1241,0.0,-0.0008333472224535399,0.9998388396454487,-8.058017727639034e-05
78257,34.78557975966266,0.9991941982272361,560,681,1241,0.0,-0.0008333472224535399,0.9997582594681724,-8.058017727639034e-05
78258,34.78474641244021,0.9991941982272361,560,681,1241,0.0,-0.0008333472224535399,0.999677679290896,-8.058017727639034e-05
78259,34.78391306521775,0.9991941982272361,560,681,1241,0.0,-0.0008333472224535399,0.9995970991136197,-8.058017727639034e-05
78260,34.7830797179953,1.0,560,681,1241,0.0008058017727639033,-0.0008333472224535399,0.9995970991136197,0.0
78261,34.782246370772846,1.0,560,681,1241,0.0,-0.0008333472224535399,0.9995970991136197,0.0
78262,34.78141302355039,1.0,560,681,1241,0.0,-0.0008333472224535399,0.9995970991136197,0.0
78263,34.78057967632794,0.9991941982272361,560,681,1241,-0.0008058017727639033,-0.0008333472224535399,0.9995165189363433,-8.058017727639034e-05
78264,34.779746329105485,1.0,560,681,1241,0.0008058017727639033,-0.0008333472224535399,0.9995165189363433,0.0
78265,34.77891298188303,1.0,560,681,1241,0.0,-0.0008333472224535399,0.9995970991136197,8.058017727639034e-05
78266,34.77807963466058,1.0,560,681,1241,0.0,-0.0008333472224535399,0.999677679290896,8.058017727639034e-05
78267,34.777246287438125,1.0,560,681,1241,0.0,-0.0008333472224535399,0.9997582594681724,8.058017727639034e-05
78268,34.77641294021567,1.0,560,681,1241,0.0,-0.0008333472224535399,0.9998388396454487,8.058017727639034e-05
78269,34.77557959299322,1.0,560,681,1241,0.0,-0.0008333472224535399,0.999919419822725,8.058017727639034e-05
78270,34.774746245770764,1.0,560,681,1241,0.0,-0.0008333472224535399,0.999919419822725,0.0
78271,34.77391289854831,1.0,560,681,1241,0.0,-0.0008333472224535399,0.999919419822725,0.0
78272,34.77307955132586,1.0,560,681,1241,0.0,-0.0008333472224535399,0.999919419822725,0.0
78273,34.7722462041034,1.0,560,681,1241,0.0,-0.0008333472224535399,1.0000000000000013,8.058017727639034e-05
78274,34.77141285688095,1.0,560,681,1241,0.0,-0.0008333472224535399,1.0000000000000013,0.0
78275,34.77057950965849,1.0,560,681,1241,0.0,-0.0008333472224606453,1.0000000000000013,0.0
78276,34.769746162436036,1.0,560,681,1241,0.0,-0.0008333472224535399,1.0000000000000013,0.0
78277,34.76891281521358,0.9991941982272361,560,681,1241,-0.0008058017727639033,-0.0008333472224535399,0.999919419822725,-8.058017727639034e-05
78278,34.76807946799113,0.9991941982272361,560,681,1241,0.0,-0.0008333472224535399,0.9998388396454487,-8.058017727639034e-05
78279,34.767246120768675,0.9991941982272361,560,681,1241,0.0,-0.0008333472224535399,0.9997582594681724,-8.058017727639034e-05
78280,34.76641277354622,0.9991941982272361,560,681,1241,0.0,-0.0008333472224535399,0.999677679290896,-8.058017727639034e-05
78281,34.76557942632377,0.9991941982272361,560,681,1241,0.0,-0.0008333472224535399,0.9995970991136197,-8.058017727639034e-05
78282,34.764746079101315,0.9991941982272361,560,681,1241,0.0,-0.0008333472224535399,0.9995165189363433,-8.058017727639034e-05
78283,34.76391273187886,0.9991941982272361,560,681,1241,0.0,-0.0008333472224535399,0.999435938759067,-8.058017727639034e-05
78284,34.76307938465641,1.0,560,681,1241,0.0008058017727639033,-0.0008333472224535399,0.999435938759067,0.0
78285,34.762246037433954,1.0,560,681,1241,0.0,-0.0008333472224535399,0.999435938759067,0.0
78286,34.7614126902115,1.0,560,681,1241,0.0,-0.0008333472224535399,0.999435938759067,0.0
78287,34.76057934298905,0.9991941982272361,560,681,1241,-0.0008058017727639033,-0.0008333472224535399,0.999435938759067,0.0
78288,34.75974599576659,0.9991941982272361,560,681,1241,0.0,-0.0008333472224535399,0.999435938759067,0.0
78289,34.75891264854414,0.9991941982272361,560,681,1241,0.0,-0.0008333472224535399,0.999435938759067,0.0
78290,34.758079301321686,0.9991941982272361,560,681,1241,0.0,-0.0008333472224535399,0.999435938759067,0.0
78291,34.75724595409923,0.9991941982272361,560,681,1241,0.0,-0.0008333472224535399,0.999435938759067,0.0
78292,34.75641260687678,0.9991941982272361,560,681,1241,0.0,-0.0008333472224535399,0.999435938759067,0.0
78293,34.755579259654326,1.0,560,681,1241,0.0008058017727639033,-0.0008333472224535399,0.9995165189363433,8.058017727639034e-05
78294,34.75474591243187,1.0,560,681,1241,0.0,-0.0008333472224535399,0.9995165189363433,0.0
78295,34.75391256520942,1.0,560,681,1241,0.0,-0.0008333472224535399,0.9995165189363433,0.0
78296,34.753079217986965,1.0,560,681,1241,0.0,-0.0008333472224535399,0.9995165189363433,0.0
78297,34.75224587076451,0.9991941982272361,560,681,1241,-0.0008058017727639033,-0.0008333472224535399,0.9995165189363433,0.0
78298,34.75141252354206,1.0,560,681,1241,0.0008058017727639033,-0.0008333472224535399,0.9995970991136197,8.058017727639034e-05
78299,34.750579176319604,1.0,560,681,1241,0.0,-0.0008333472224535399,0.999677679290896,8.058017727639034e-05
78300,34.74974582909715,1.0,560,681,1241,0.0,-0.0008333472224535399,0.9997582594681724,8.058017727639034e-05
78301,34.7489124818747,0.9983883964544722,560,681,1241,-0.0016116035455278066,-0.0008333472224535399,0.999677679290896,-8.058017727639034e-05
78302,34.748079134652244,0.9983883964544722,560,681,1241,0.0,-0.0008333472224535399,0.9995970991136197,-8.058017727639034e-05
78303,34.74724578742979,0.9983883964544722,560,681,1241,0.0,-0.0008333472224535399,0.999435938759067,-0.00016116035455278067
78304,34.74641244020734,0.9983883964544722,560,681,1241,0.0,-0.0008333472224535399,0.9992747784045143,-0.00016116035455278067
78305,34.74557909298488,0.9983883964544722,560,681,1241,0.0,-0.0008333472224535399,0.9991136180499616,-0.00016116035455278067
78306,34.74474574576243,0.9991941982272361,560,681,1241,0.0008058017727639033,-0.0008333472224535399,0.9990330378726853,-8.058017727639034e-05
78307,34.743912398539976,1.0,560,681,1241,0.0008058017727639033,-0.0008333472224535399,0.9991136180499616,8.058017727639034e-05
78308,34.74307905131752,1.0,560,681,1241,0.0,-0.0008333472224535399,0.9991136180499616,0.0
78309,34.74224570409507,1.0,560,681,1241,0.0,-0.0008333472224535399,0.9991136180499616,0.0
78310,34.741412356872615,1.0,560,681,1241,0.0,-0.0008333472224535399,0.9991136180499616,0.0
78311,34.74057900965016,1.0,560,681,1241,0.0,-0.0008333472224535399,0.9992747784045143,0.00016116035455278067
78312,34.73974566242771,1.0,560,681,1241,0.0,-0.0008333472224535399,0.999435938759067,0.00016116035455278067
78313,34.738912315205255,1.0,560,681,1241,0.0,-0.0008333472224535399,0.9995970991136197,0.00016116035455278067
78314,34.7380789679828,1.0,560,681,1241,0.0,-0.0008333472224535399,0.9997582594681724,0.00016116035455278067
78315,34.73724562076035,1.0,560,681,1241,0.0,-0.0008333472224535399,0.999919419822725,0.00016116035455278067
78316,34.736412273537894,1.0,560,681,1241,0.0,-0.0008333472224535399,1.0000000000000013,8.058017727639034e-05
78317,34.73557892631544,1.0,560,681,1241,0.0,-0.0008333472224535399,1.0000000000000013,0.0
78318,34.73474557909299,1.0,560,681,1241,0.0,-0.0008333472224535399,1.0000000000000013,0.0
78319,34.733912231870534,1.0,560,681,1241,0.0,-0.0008333472224535399,1.0000000000000013,0.0
78320,34.73307888464808,1.0,560,681,1241,0.0,-0.0008333472224535399,1.0000000000000013,0.0
78321,34.73224553742563,1.0,560,681,1241,0.0,-0.0008333472224535399,1.0000000000000013,0.0
78322,34.73141219020317,1.0,560,681,1241,0.0,-0.0008333472224535399,1.0000000000000013,0.0
78323,34.73057884298072,1.0,560,681,1241,0.0,-0.0008333472224535399,1.0000000000000013,0.0
78324,34.729745495758266,1.0,560,681,1241,0.0,-0.0008333472224535399,1.0000000000000013,0.0
78325,34.72891214853581,1.0,560,681,1241,0.0,-0.0008333472224535399,1.0000000000000013,0.0
78326,34.72807880131336,1.0,560,681,1241,0.0,-0.0008333472224535399,1.0000000000000013,0.0
78327,34.727245454090905,1.0,560,681,1241,0.0,-0.0008333472224535399,1.0000000000000013,0.0
78328,34.726412106868445,1.0,560,681,1241,0.0,-0.0008333472224606453,1.0000000000000013,0.0
78329,34.72557875964599,1.0,560,681,1241,0.0,-0.0008333472224535399,1.0000000000000013,0.0
78330,34.72474541242354,1.0,560,681,1241,0.0,-0.0008333472224535399,1.0000000000000013,0.0
78331,34.723912065201084,1.0,560,681,1241,0.0,-0.0008333472224535399,1.0000000000000013,0.0
78332,34.72307871797863,1.0,560,681,1241,0.0,-0.0008333472224535399,1.0000000000000013,0.0
78333,34.72224537075618,1.0,560,681,1241,0.0,-0.0008333472224535399,1.0000000000000013,0.0
78334,34.72141202353372,1.0,560,681,1241,0.0,-0.0008333472224535399,1.0000000000000013,0.0
78335,34.72057867631127,1.0,560,681,1241,0.0,-0.0008333472224535399,1.0000000000000013,0.0
78336,34.719745329088816,1.0,560,681,1241,0.0,-0.0008333472224535399,1.0000000000000013,0.0
78337,34.71891198186636,1.0,560,681,1241,0.0,-0.0008333472224535399,1.0000000000000013,0.0
78338,34.71807863464391,1.0,560,681,1241,0.0,-0.0008333472224535399,1.0000000000000013,0.0
78339,34.717245287421456,1.0,560,681,1241,0.0,-0.0008333472224535399,1.0000000000000013,0.0
78340,34.716411940199,1.0,560,681,1241,0.0,-0.0008333472224535399,1.0000000000000013,0.0
78341,34.71557859297655,1.0,560,681,1241,0.0,-0.0008333472224535399,1.0000000000000013,0.0
78342,34.714745245754095,1.0,560,681,1241,0.0,-0.0008333472224535399,1.0000000000000013,0.0
78343,34.71391189853164,1.0,560,681,1241,0.0,-0.0008333472224535399,1.0000000000000013,0.0
78344,34.71307855130919,1.0,560,681,1241,0.0,-0.0008333472224535399,1.0000000000000013,0.0
78345,34.712245204086734,0.9991941982272361,560,681,1241,-0.0008058017727639033,-0.0008333472224535399,0.999919419822725,-8.058017727639034e-05
78346,34.71141185686428,0.9991941982272361,560,681,1241,0.0,-0.0008333472224535399,0.9998388396454487,-8.058017727639034e-05
78347,34.71057850964183,0.9991941982272361,560,681,1241,0.0,-0.0008333472224535399,0.9997582594681724,-8.058017727639034e-05
78348,34.709745162419374,1.0,560,681,1241,0.0008058017727639033,-0.0008333472224535399,0.9997582594681724,0.0
78349,34.70891181519692,1.0,560,681,1241,0.0,-0.0008333472224535399,0.9997582594681724,0.0
78350,34.70807846797447,1.0,560,681,1241,0.0,-0.0008333472224535399,0.9997582594681724,0.0
78351,34.70724512075201,1.0,560,681,1241,0.0,-0.0008333472224535399,0.9997582594681724,0.0
78352,34.70641177352956,1.0,560,681,1241,0.0,-0.0008333472224535399,0.9997582594681724,0.0
78353,34.705578426307106,1.0,560,681,1241,0.0,-0.0008333472224535399,0.9997582594681724,0.0
78354,34.70474507908465,1.0,560,681,1241,0.0,-0.0008333472224535399,0.9997582594681724,0.0
78355,34.7039117318622,1.0,560,681,1241,0.0,-0.0008333472224535399,0.9998388396454487,8.058017727639034e-05
78356,34.703078384639745,1.0,560,681,1241,0.0,-0.0008333472224535399,0.999919419822725,8.058017727639034e-05
78357,34.70224503741729,1.0,560,681,1241,0.0,-0.0008333472224535399,1.0000000000000013,8.058017727639034e-05
78358,34.70141169019484,1.0,560,681,1241,0.0,-0.0008333472224535399,1.0000000000000013,0.0
78359,34.700578342972385,1.0,560,681,1241,0.0,-0.0008333472224535399,1.0000000000000013,0.0
78360,34.699744995749924,1.0,560,681,1241,0.0,-0.0008333472224606453,1.0000000000000013,0.0
78361,34.69891164852747,1.0,560,681,1241,0.0,-0.0008333472224535399,1.0000000000000013,0.0
78362,34.69807830130502,1.0,560,681,1241,0.0,-0.0008333472224535399,1.0000000000000013,0.0
78363,34.697244954082564,1.0,560,681,1241,0.0,-0.0008333472224535399,1.0000000000000013,0.0
78364,34.69641160686011,1.0,560,681,1241,0.0,-0.0008333472224535399,1.0000000000000013,0.0
78365,34.69557825963766,1.0,560,681,1241,0.0,-0.0008333472224535399,1.0000000000000013,0.0
78366,34.6947449124152,1.0,560,681,1241,0.0,-0.0008333472224535399,1.0000000000000013,0.0
78367,34.69391156519275,1.0,560,681,1241,0.0,-0.0008333472224535399,1.0000000000000013,0.0
78368,34.693078217970296,1.0,560,681,1241,0.0,-0.0008333472224535399,1.0000000000000013,0.0
78369,34.69224487074784,1.0,560,681,1241,0.0,-0.0008333472224535399,1.0000000000000013,0.0
78370,34.69141152352539,1.0,560,681,1241,0.0,-0.0008333472224535399,1.0000000000000013,0.0
78371,34.690578176302935,1.0,560,681,1241,0.0,-0.0008333472224535399,1.0000000000000013,0.0
78372,34.68974482908048,1.0,560,681,1241,0.0,-0.0008333472224535399,1.0000000000000013,0.0
78373,34.68891148185803,1.0,560,681,1241,0.0,-0.0008333472224535399,1.0000000000000013,0.0
78374,34.688078134635575,1.0,560,681,1241,0.0,-0.0008333472224535399,1.0000000000000013,0.0
78375,34.68724478741312,1.0,560,681,1241,0.0,-0.0008333472224535399,1.0000000000000013,0.0
78376,34.68641144019067,1.0,560,681,1241,0.0,-0.0008333472224535399,1.0000000000000013,0.0
78377,34.685578092968214,1.0,560,681,1241,0.0,-0.0008333472224535399,1.0000000000000013,0.0
78378,34.68474474574576,1.0,560,681,1241,0.0,-0.0008333472224535399,1.0000000000000013,0.0
78379,34.68391139852331,1.0,560,681,1241,0.0,-0.0008333472224535399,1.0000000000000013,0.0
78380,34.68307805130085,1.0,560,681,1241,0.0,-0.0008333472224535399,1.0000000000000013,0.0
78381,34.6822447040784,1.0,560,681,1241,0.0,-0.0008333472224535399,1.0000000000000013,0.0
78382,34.681411356855946,1.0,560,681,1241,0.0,-0.0008333472224535399,1.0000000000000013,0.0
78383,34.68057800963349,1.0,560,681,1241,0.0,-0.0008333472224535399,1.0000000000000013,0.0
78384,34.67974466241104,1.0,560,681,1241,0.0,-0.0008333472224535399,1.0000000000000013,0.0
78385,34.678911315188586,1.0,560,681,1241,0.0,-0.0008333472224535399,1.0000000000000013,0.0
78386,34.67807796796613,1.0,560,681,1241,0.0,-0.0008333472224535399,1.0000000000000013,0.0
78387,34.67724462074368,1.0,560,681,1241,0.0,-0.0008333472224535399,1.0000000000000013,0.0
78388,34.676411273521225,1.0,560,681,1241,0.0,-0.0008333472224535399,1.0000000000000013,0.0
78389,34.67557792629877,1.0,560,681,1241,0.0,-0.0008333472224535399,1.0000000000000013,0.0
78390,34.67474457907632,1.0,560,681,1241,0.0,-0.0008333472224535399,1.0000000000000013,0.0
78391,34.673911231853864,0.9991941982272361,560,681,1241,-0.0008058017727639033,-0.0008333472224535399,0.999919419822725,-8.058017727639034e-05
78392,34.67307788463141,1.0,560,681,1241,0.0008058017727639033,-0.0008333472224535399,0.999919419822725,0.0
78393,34.67224453740896,1.0,560,681,1241,0.0,-0.0008333472224535399,0.999919419822725,0.0
78394,34.671411190186504,1.0,560,681,1241,0.0,-0.0008333472224535399,0.999919419822725,0.0
78395,34.67057784296405,1.0,560,681,1241,0.0,-0.0008333472224535399,0.999919419822725,0.0
78396,34.6697444957416,1.0,560,681,1241,0.0,-0.0008333472224535399,0.999919419822725,0.0
78397,34.66891114851914,1.0,560,681,1241,0.0,-0.0008333472224535399,0.999919419822725,0.0
78398,34.66807780129669,1.0,560,681,1241,0.0,-0.0008333472224535399,0.999919419822725,0.0
78399,34.667244454074236,1.0,560,681,1241,0.0,-0.0008333472224535399,0.999919419822725,0.0
78400,34.66641110685178,1.0,560,681,1241,0.0,-0.0008333472224535399,0.999919419822725,0.0
78401,34.66557775962933,1.0,560,681,1241,0.0,-0.0008333472224535399,1.0000000000000013,8.058017727639034e-05
78402,34.664744412406876,1.0,560,681,1241,0.0,-0.0008333472224535399,1.0000000000000013,0.0
78403,34.66391106518442,1.0,560,681,1241,0.0,-0.0008333472224535399,1.0000000000000013,0.0
78404,34.66307771796197,1.0,560,681,1241,0.0,-0.0008333472224535399,1.0000000000000013,0.0
78405,34.662244370739515,0.9991941982272361,560,681,1241,-0.0008058017727639033,-0.0008333472224535399,0.999919419822725,-8.058017727639034e-05
78406,34.66141102351706,0.9991941982272361,560,681,1241,0.0,-0.0008333472224535399,0.9998388396454487,-8.058017727639034e-05
78407,34.66057767629461,0.9991941982272361,560,681,1241,0.0,-0.0008333472224535399,0.9997582594681724,-8.058017727639034e-05
78408,34.659744329072154,0.9991941982272361,560,681,1241,0.0,-0.0008333472224535399,0.999677679290896,-8.058017727639034e-05
78409,34.6589109818497,0.9991941982272361,560,681,1241,0.0,-0.0008333472224535399,0.9995970991136197,-8.058017727639034e-05
78410,34.65807763462725,1.0,560,681,1241,0.0008058017727639033,-0.0008333472224535399,0.9995970991136197,0.0
78411,34.657244287404794,1.0,560,681,1241,0.0,-0.0008333472224535399,0.9995970991136197,0.0
78412,34.65641094018234,1.0,560,681,1241,0.0,-0.0008333472224535399,0.9995970991136197,0.0
78413,34.65557759295988,1.0,560,681,1241,0.0,-0.0008333472224606453,0.9995970991136197,0.0
78414,34.654744245737426,0.9991941982272361,560,681,1241,-0.0008058017727639033,-0.0008333472224535399,0.9995165189363433,-8.058017727639034e-05
78415,34.65391089851497,0.9991941982272361,560,681,1241,0.0,-0.0008333472224535399,0.9995165189363433,0.0
78416,34.65307755129252,1.0,560,681,1241,0.0008058017727639033,-0.0008333472224535399,0.9995970991136197,8.058017727639034e-05
78417,34.652244204070065,1.0,560,681,1241,0.0,-0.0008333472224535399,0.999677679290896,8.058017727639034e-05
78418,34.65141085684761,1.0,560,681,1241,0.0,-0.0008333472224535399,0.9997582594681724,8.058017727639034e-05
78419,34.65057750962516,1.0,560,681,1241,0.0,-0.0008333472224535399,0.9998388396454487,8.058017727639034e-05
78420,34.649744162402705,1.0,560,681,1241,0.0,-0.0008333472224535399,0.9998388396454487,0.0
78421,34.64891081518025,1.0,560,681,1241,0.0,-0.0008333472224535399,0.9998388396454487,0.0
78422,34.6480774679578,1.0,560,681,1241,0.0,-0.0008333472224535399,0.9998388396454487,0.0
78423,34.647244120735344,1.0,560,681,1241,0.0,-0.0008333472224535399,0.9998388396454487,0.0
78424,34.64641077351289,1.0,560,681,1241,0.0,-0.0008333472224535399,0.999919419822725,8.058017727639034e-05
78425,34.64557742629044,1.0,560,681,1241,0.0,-0.0008333472224535399,1.0000000000000013,8.058017727639034e-05
78426,34.64474407906798,1.0,560,681,1241,0.0,-0.0008333472224535399,1.0000000000000013,0.0
78427,34.64391073184553,1.0,560,681,1241,0.0,-0.0008333472224535399,1.0000000000000013,0.0
78428,34.643077384623076,1.0,560,681,1241,0.0,-0.0008333472224535399,1.0000000000000013,0.0
78429,34.64224403740062,1.0,560,681,1241,0.0,-0.0008333472224535399,1.0000000000000013,0.0
78430,34.64141069017817,1.0,560,681,1241,0.0,-0.0008333472224535399,1.0000000000000013,0.0
78431,34.640577342955716,1.0,560,681,1241,0.0,-0.0008333472224535399,1.0000000000000013,0.0
78432,34.63974399573326,1.0,560,681,1241,0.0,-0.0008333472224535399,1.0000000000000013,0.0
78433,34.63891064851081,1.0,560,681,1241,0.0,-0.0008333472224535399,1.0000000000000013,0.0
78434,34.638077301288355,1.0,560,681,1241,0.0,-0.0008333472224535399,1.0000000000000013,0.0
78435,34.6372439540659,0.9991941982272361,560,681,1241,-0.0008058017727639033,-0.0008333472224535399,0.999919419822725,-8.058017727639034e-05
78436,34.63641060684345,1.0,560,681,1241,0.0008058017727639033,-0.0008333472224535399,0.999919419822725,0.0
78437,34.635577259620995,1.0,560,681,1241,0.0,-0.0008333472224535399,0.999919419822725,0.0
78438,34.63474391239854,1.0,560,681,1241,0.0,-0.0008333472224535399,0.999919419822725,0.0
78439,34.63391056517609,1.0,560,681,1241,0.0,-0.0008333472224535399,0.999919419822725,0.0
78440,34.633077217953634,0.9991941982272361,560,681,1241,-0.0008058017727639033,-0.0008333472224535399,0.9998388396454487,-8.058017727639034e-05
78441,34.63224387073118,0.9991941982272361,560,681,1241,0.0,-0.0008333472224535399,0.9997582594681724,-8.058017727639034e-05
78442,34.63141052350873,1.0,560,681,1241,0.0008058017727639033,-0.0008333472224535399,0.9997582594681724,0.0
78443,34.63057717628627,1.0,560,681,1241,0.0,-0.0008333472224535399,0.9997582594681724,0.0
78444,34.62974382906381,1.0,560,681,1241,0.0,-0.0008333472224606453,0.9997582594681724,0.0
78445,34.62891048184136,1.0,560,681,1241,0.0,-0.0008333472224535399,0.9998388396454487,8.058017727639034e-05
78446,34.628077134618906,1.0,560,681,1241,0.0,-0.0008333472224535399,0.9998388396454487,0.0
78447,34.62724378739645,1.0,560,681,1241,0.0,-0.0008333472224535399,0.9998388396454487,0.0
78448,34.626410440174,1.0,560,681,1241,0.0,-0.0008333472224535399,0.9998388396454487,0.0
78449,34.625577092951545,1.0,560,681,1241,0.0,-0.0008333472224535399,0.9998388396454487,0.0
78450,34.62474374572909,1.0,560,681,1241,0.0,-0.0008333472224535399,0.999919419822725,8.058017727639034e-05
78451,34.62391039850664,1.0,560,681,1241,0.0,-0.0008333472224535399,1.0000000000000013,8.058017727639034e-05
78452,34.623077051284184,1.0,560,681,1241,0.0,-0.0008333472224535399,1.0000000000000013,0.0
78453,34.62224370406173,1.0,560,681,1241,0.0,-0.0008333472224535399,1.0000000000000013,0.0
78454,34.62141035683928,1.0,560,681,1241,0.0,-0.0008333472224535399,1.0000000000000013,0.0
78455,34.620577009616824,1.0,560,681,1241,0.0,-0.0008333472224535399,1.0000000000000013,0.0
78456,34.61974366239437,1.0,560,681,1241,0.0,-0.0008333472224535399,1.0000000000000013,0.0
78457,34.61891031517192,1.0,560,681,1241,0.0,-0.0008333472224535399,1.0000000000000013,0.0
78458,34.61807696794946,1.0,560,681,1241,0.0,-0.0008333472224535399,1.0000000000000013,0.0
78459,34.61724362072701,1.0,560,681,1241,0.0,-0.0008333472224535399,1.0000000000000013,0.0
78460,34.616410273504556,1.0,560,681,1241,0.0,-0.0008333472224535399,1.0000000000000013,0.0
78461,34.6155769262821,1.0,560,681,1241,0.0,-0.0008333472224535399,1.0000000000000013,0.0
78462,34.61474357905965,1.0,560,681,1241,0.0,-0.0008333472224535399,1.0000000000000013,0.0
78463,34.613910231837195,1.0,560,681,1241,0.0,-0.0008333472224535399,1.0000000000000013,0.0
78464,34.61307688461474,1.0,560,681,1241,0.0,-0.0008333472224535399,1.0000000000000013,0.0
78465,34.61224353739229,1.0,560,681,1241,0.0,-0.0008333472224535399,1.0000000000000013,0.0
78466,34.611410190169835,0.9991941982272361,560,681,1241,-0.0008058017727639033,-0.0008333472224535399,0.999919419822725,-8.058017727639034e-05
78467,34.61057684294738,0.9991941982272361,560,681,1241,0.0,-0.0008333472224535399,0.9998388396454487,-8.058017727639034e-05
78468,34.60974349572493,0.9991941982272361,560,681,1241,0.0,-0.0008333472224535399,0.9997582594681724,-8.058017727639034e-05
78469,34.608910148502474,0.9991941982272361,560,681,1241,0.0,-0.0008333472224535399,0.999677679290896,-8.058017727639034e-05
78470,34.60807680128002,0.9991941982272361,560,681,1241,0.0,-0.0008333472224535399,0.9995970991136197,-8.058017727639034e-05
78471,34.60724345405757,1.0,560,681,1241,0.0008058017727639033,-0.0008333472224535399,0.9995970991136197,0.0
78472,34.60641010683511,1.0,560,681,1241,0.0,-0.0008333472224535399,0.9995970991136197,0.0
78473,34.60557675961266,1.0,560,681,1241,0.0,-0.0008333472224535399,0.9995970991136197,0.0
78474,34.60474341239021,1.0,560,681,1241,0.0,-0.0008333472224535399,0.9995970991136197,0.0
78475,34.60391006516775,1.0,560,681,1241,0.0,-0.0008333472224535399,0.9995970991136197,0.0
78476,34.6030767179453,1.0,560,681,1241,0.0,-0.0008333472224535399,0.999677679290896,8.058017727639034e-05
78477,34.602243370722846,1.0,560,681,1241,0.0,-0.0008333472224535399,0.9997582594681724,8.058017727639034e-05
78478,34.60141002350039,1.0,560,681,1241,0.0,-0.0008333472224535399,0.9998388396454487,8.058017727639034e-05
78479,34.60057667627794,1.0,560,681,1241,0.0,-0.0008333472224535399,0.999919419822725,8.058017727639034e-05
78480,34.599743329055485,1.0,560,681,1241,0.0,-0.0008333472224535399,1.0000000000000013,8.058017727639034e-05
78481,34.59890998183303,1.0,560,681,1241,0.0,-0.0008333472224535399,1.0000000000000013,0.0
78482,34.59807663461058,1.0,560,681,1241,0.0,-0.0008333472224535399,1.0000000000000013,0.0
78483,34.597243287388125,1.0,560,681,1241,0.0,-0.0008333472224535399,1.0000000000000013,0.0
78484,34.59640994016567,1.0,560,681,1241,0.0,-0.0008333472224535399,1.0000000000000013,0.0
78485,34.59557659294322,1.0,560,681,1241,0.0,-0.0008333472224535399,1.0000000000000013,0.0
78486,34.594743245720764,0.9991941982272361,560,681,1241,-0.0008058017727639033,-0.0008333472224535399,0.999919419822725,-8.058017727639034e-05
78487,34.59390989849831,1.0,560,681,1241,0.0008058017727639033,-0.0008333472224535399,0.999919419822725,0.0
78488,34.59307655127586,1.0,560,681,1241,0.0,-0.0008333472224535399,0.999919419822725,0.0
78489,34.5922432040534,1.0,560,681,1241,0.0,-0.0008333472224535399,0.999919419822725,0.0
78490,34.59140985683095,1.0,560,681,1241,0.0,-0.0008333472224535399,0.999919419822725,0.0
78491,34.590576509608496,1.0,560,681,1241,0.0,-0.0008333472224535399,0.999919419822725,0.0
78492,34.58974316238604,1.0,560,681,1241,0.0,-0.0008333472224535399,0.999919419822725,0.0
78493,34.58890981516359,1.0,560,681,1241,0.0,-0.0008333472224535399,0.999919419822725,0.0
78494,34.588076467941136,1.0,560,681,1241,0.0,-0.0008333472224535399,0.999919419822725,0.0
78495,34.58724312071868,1.0,560,681,1241,0.0,-0.0008333472224535399,0.999919419822725,0.0
78496,34.58640977349623,1.0,560,681,1241,0.0,-0.0008333472224535399,1.0000000000000013,8.058017727639034e-05
78497,34.58557642627377,1.0,560,681,1241,0.0,-0.0008333472224606453,1.0000000000000013,0.0
78498,34.584743079051314,1.0,560,681,1241,0.0,-0.0008333472224535399,1.0000000000000013,0.0
78499,34.58390973182886,1.0,560,681,1241,0.0,-0.0008333472224535399,1.0000000000000013,0.0
78500,34.58307638460641,1.0,560,681,1241,0.0,-0.0008333472224535399,1.0000000000000013,0.0
78501,34.582243037383954,1.0,560,681,1241,0.0,-0.0008333472224535399,1.0000000000000013,0.0
78502,34.5814096901615,1.0,560,681,1241,0.0,-0.0008333472224535399,1.0000000000000013,0.0
78503,34.58057634293905,1.0,560,681,1241,0.0,-0.0008333472224535399,1.0000000000000013,0.0
78504,34.57974299571659,1.0,560,681,1241,0.0,-0.0008333472224535399,1.0000000000000013,0.0
78505,34.57890964849414,1.0,560,681,1241,0.0,-0.0008333472224535399,1.0000000000000013,0.0
78506,34.578076301271686,1.0,560,681,1241,0.0,-0.0008333472224535399,1.0000000000000013,0.0
78507,34.57724295404923,1.0,560,681,1241,0.0,-0.0008333472224535399,1.0000000000000013,0.0
78508,34.57640960682678,1.0,560,681,1241,0.0,-0.0008333472224535399,1.0000000000000013,0.0
78509,34.575576259604325,1.0,560,681,1241,0.0,-0.0008333472224535399,1.0000000000000013,0.0
78510,34.57474291238187,0.9991941982272361,560,681,1241,-0.0008058017727639033,-0.0008333472224535399,0.999919419822725,-8.058017727639034e-05
78511,34.57390956515942,0.9991941982272361,560,681,1241,0.0,-0.0008333472224535399,0.9998388396454487,-8.058017727639034e-05
78512,34.573076217936965,0.9991941982272361,560,681,1241,0.0,-0.0008333472224535399,0.9997582594681724,-8.058017727639034e-05
78513,34.57224287071451,1.0,560,681,1241,0.0008058017727639033,-0.0008333472224535399,0.9997582594681724,0.0
78514,34.57140952349206,1.0,560,681,1241,0.0,-0.0008333472224535399,0.9997582594681724,0.0
78515,34.570576176269604,1.0,560,681,1241,0.0,-0.0008333472224535399,0.9997582594681724,0.0
78516,34.56974282904715,1.0,560,681,1241,0.0,-0.0008333472224535399,0.9997582594681724,0.0
78517,34.5689094818247,1.0,560,681,1241,0.0,-0.0008333472224535399,0.9997582594681724,0.0
78518,34.568076134602244,1.0,560,681,1241,0.0,-0.0008333472224535399,0.9997582594681724,0.0
78519,34.56724278737979,1.0,560,681,1241,0.0,-0.0008333472224535399,0.9997582594681724,0.0
78520,34.56640944015734,0.9991941982272361,560,681,1241,-0.0008058017727639033,-0.0008333472224535399,0.9997582594681724,0.0
78521,34.56557609293488,0.9991941982272361,560,681,1241,0.0,-0.0008333472224535399,0.9997582594681724,0.0
78522,34.56474274571243,0.9983883964544722,560,681,1241,-0.0008058017727639033,-0.0008333472224535399,0.999677679290896,-8.058017727639034e-05
78523,34.563909398489976,0.9983883964544722,560,681,1241,0.0,-0.0008333472224535399,0.9995165189363433,-0.00016116035455278067
78524,34.56307605126752,0.9991941982272361,560,681,1241,0.0008058017727639033,-0.0008333472224535399,0.999435938759067,-8.058017727639034e-05
78525,34.56224270404507,0.9991941982272361,560,681,1241,0.0,-0.0008333472224535399,0.9993553585817907,-8.058017727639034e-05
78526,34.561409356822615,1.0,560,681,1241,0.0008058017727639033,-0.0008333472224535399,0.9993553585817907,0.0
78527,34.56057600960016,1.0,560,681,1241,0.0,-0.0008333472224535399,0.9993553585817907,0.0
78528,34.55974266237771,1.0,560,681,1241,0.0,-0.0008333472224535399,0.9993553585817907,0.0
78529,34.55890931515525,1.0,560,681,1241,0.0,-0.0008333472224606453,0.9993553585817907,0.0
78530,34.558075967932794,1.0,560,681,1241,0.0,-0.0008333472224535399,0.999435938759067,8.058017727639034e-05
78531,34.55724262071034,1.0,560,681,1241,0.0,-0.0008333472224535399,0.9995165189363433,8.058017727639034e-05
78532,34.55640927348789,1.0,560,681,1241,0.0,-0.0008333472224535399,0.999677679290896,0.00016116035455278067
78533,34.55557592626543,1.0,560,681,1241,0.0,-0.0008333472224535399,0.9998388396454487,0.00016116035455278067
78534,34.55474257904298,1.0,560,681,1241,0.0,-0.0008333472224535399,0.999919419822725,8.058017727639034e-05
78535,34.553909231820526,1.0,560,681,1241,0.0,-0.0008333472224535399,1.0000000000000013,8.058017727639034e-05
78536,34.55307588459807,0.9983883964544722,560,681,1241,-0.0016116035455278066,-0.0008333472224535399,0.9998388396454487,-0.00016116035455278067
78537,34.55224253737562,0.9991941982272361,560,681,1241,0.0008058017727639033,-0.0008333472224535399,0.9997582594681724,-8.058017727639034e-05
78538,34.551409190153166,0.9991941982272361,560,681,1241,0.0,-0.0008333472224535399,0.999677679290896,-8.058017727639034e-05
78539,34.55057584293071,0.9991941982272361,560,681,1241,0.0,-0.0008333472224535399,0.9995970991136197,-8.058017727639034e-05
78540,34.54974249570826,0.9991941982272361,560,681,1241,0.0,-0.0008333472224535399,0.9995165189363433,-8.058017727639034e-05
78541,34.548909148485805,0.9991941982272361,560,681,1241,0.0,-0.0008333472224535399,0.999435938759067,-8.058017727639034e-05
78542,34.54807580126335,0.9991941982272361,560,681,1241,0.0,-0.0008333472224535399,0.9993553585817907,-8.058017727639034e-05
78543,34.5472424540409,1.0,560,681,1241,0.0008058017727639033,-0.0008333472224535399,0.9993553585817907,0.0
78544,34.546409106818444,1.0,560,681,1241,0.0,-0.0008333472224535399,0.9993553585817907,0.0
78545,34.54557575959599,1.0,560,681,1241,0.0,-0.0008333472224535399,0.9993553585817907,0.0
78546,34.54474241237354,1.0,560,681,1241,0.0,-0.0008333472224535399,0.9995165189363433,0.00016116035455278067
78547,34.543909065151084,0.9991941982272361,560,681,1241,-0.0008058017727639033,-0.0008333472224535399,0.9995165189363433,0.0
78548,34.54307571792863,0.9991941982272361,560,681,1241,0.0,-0.0008333472224535399,0.9995165189363433,0.0
78549,34.54224237070618,0.9991941982272361,560,681,1241,0.0,-0.0008333472224535399,0.9995165189363433,0.0
78550,34.54140902348372,0.9991941982272361,560,681,1241,0.0,-0.0008333472224535399,0.9995165189363433,0.0
78551,34.54057567626127,0.9991941982272361,560,681,1241,0.0,-0.0008333472224535399,0.9995165189363433,0.0
78552,34.539742329038816,1.0,560,681,1241,0.0008058017727639033,-0.0008333472224535399,0.9995970991136197,8.058017727639034e-05
78553,34.53890898181636,0.9991941982272361,560,681,1241,-0.0008058017727639033,-0.0008333472224535399,0.9995165189363433,-8.058017727639034e-05
78554,34.53807563459391,0.9991941982272361,560,681,1241,0.0,-0.0008333472224535399,0.999435938759067,-8.058017727639034e-05
78555,34.537242287371456,0.9983883964544722,560,681,1241,-0.0008058017727639033,-0.0008333472224535399,0.9992747784045143,-0.00016116035455278067
78556,34.536408940149,0.9983883964544722,560,681,1241,0.0,-0.0008333472224535399,0.9991136180499616,-0.00016116035455278067
78557,34.53557559292655,0.9975825946817083,560,681,1241,-0.0008058017727639033,-0.0008333472224535399,0.9989524576954087,-0.00016116035455278067
78558,34.534742245704095,0.9975825946817083,560,681,1241,0.0,-0.0008333472224535399,0.9987912973408559,-0.00016116035455278067
78559,34.53390889848164,0.9983883964544722,560,681,1241,0.0008058017727639033,-0.0008333472224535399,0.9987107171635795,-8.058017727639034e-05
78560,34.53307555125919,0.9967767929089444,560,681,1241,-0.0016116035455278066,-0.0008333472224535399,0.9984689766317503,-0.00024174053182917098
78561,34.532242204036734,0.9975825946817083,560,681,1241,0.0008058017727639033,-0.0008333472224535399,0.9983078162771974,-0.00016116035455278067
78562,34.53140885681428,0.9975825946817083,560,681,1241,0.0,-0.0008333472224535399,0.9980660757453682,-0.00024174053182917098
78563,34.53057550959183,0.9975825946817083,560,681,1241,0.0,-0.0008333472224535399,0.9979049153908154,-0.00016116035455278067
78564,34.529742162369374,0.9975825946817083,560,681,1241,0.0,-0.0008333472224535399,0.9977437550362624,-0.00016116035455278067
78565,34.52890881514692,0.9983883964544722,560,681,1241,0.0008058017727639033,-0.0008333472224535399,0.9977437550362623,0.0
78566,34.52807546792447,0.9983883964544722,560,681,1241,0.0,-0.0008333472224535399,0.9977437550362623,0.0
78567,34.52724212070201,0.9991941982272361,560,681,1241,0.0008058017727639033,-0.0008333472224535399,0.9979049153908152,0.00016116035455278067
78568,34.52640877347956,0.9991941982272361,560,681,1241,0.0,-0.0008333472224535399,0.9980660757453681,0.00016116035455278067
78569,34.525575426257106,0.9991941982272361,560,681,1241,0.0,-0.0008333472224535399,0.9981466559226444,8.058017727639034e-05
78570,34.52474207903465,1.0,560,681,1241,0.0008058017727639033,-0.0008333472224535399,0.9984689766317499,0.00032232070910556134
78571,34.5239087318122,0.9991941982272361,560,681,1241,-0.0008058017727639033,-0.0008333472224535399,0.9986301369863029,0.00016116035455278067
78572,34.523075384589745,1.0,560,681,1241,0.0008058017727639033,-0.0008333472224535399,0.998871877518132,0.00024174053182917098
78573,34.52224203736729,1.0,560,681,1241,0.0,-0.0008333472224535399,0.9991136180499612,0.00024174053182917098
78574,34.52140869014484,1.0,560,681,1241,0.0,-0.0008333472224535399,0.9993553585817905,0.00024174053182917098
78575,34.520575342922385,1.0,560,681,1241,0.0,-0.0008333472224535399,0.9995165189363433,0.00016116035455278067
78576,34.51974199569993,1.0,560,681,1241,0.0,-0.0008333472224535399,0.999677679290896,0.00016116035455278067
78577,34.51890864847748,1.0,560,681,1241,0.0,-0.0008333472224535399,0.9997582594681724,8.058017727639034e-05
78578,34.518075301255024,1.0,560,681,1241,0.0,-0.0008333472224535399,0.9998388396454487,8.058017727639034e-05
78579,34.51724195403257,1.0,560,681,1241,0.0,-0.0008333472224535399,0.999919419822725,8.058017727639034e-05
78580,34.51640860681012,1.0,560,681,1241,0.0,-0.0008333472224535399,0.999919419822725,0.0
78581,34.51557525958766,1.0,560,681,1241,0.0,-0.0008333472224535399,1.0000000000000013,8.058017727639034e-05
78582,34.5147419123652,0.9991941982272361,560,681,1241,-0.0008058017727639033,-0.0008333472224606453,0.999919419822725,-8.058017727639034e-05
78583,34.51390856514275,0.9991941982272361,560,681,1241,0.0,-0.0008333472224535399,0.9998388396454487,-8.058017727639034e-05
78584,34.513075217920296,0.9991941982272361,560,681,1241,0.0,-0.0008333472224535399,0.9997582594681724,-8.058017727639034e-05
78585,34.51224187069784,0.9983883964544722,560,681,1241,-0.0008058017727639033,-0.0008333472224535399,0.9995970991136197,-0.00016116035455278067
78586,34.51140852347539,0.9983883964544722,560,681,1241,0.0,-0.0008333472224535399,0.999435938759067,-0.00016116035455278067
78587,34.510575176252935,0.9983883964544722,560,681,1241,0.0,-0.0008333472224535399,0.9992747784045143,-0.00016116035455278067
78588,34.50974182903048,0.9983883964544722,560,681,1241,0.0,-0.0008333472224535399,0.9991136180499616,-0.00016116035455278067
78589,34.50890848180803,0.9991941982272361,560,681,1241,0.0008058017727639033,-0.0008333472224535399,0.9990330378726853,-8.058017727639034e-05
78590,34.508075134585575,0.9991941982272361,560,681,1241,0.0,-0.0008333472224535399,0.998952457695409,-8.058017727639034e-05
78591,34.50724178736312,0.9991941982272361,560,681,1241,0.0,-0.0008333472224535399,0.9988718775181326,-8.058017727639034e-05
78592,34.50640844014067,0.9991941982272361,560,681,1241,0.0,-0.0008333472224535399,0.9988718775181326,0.0
78593,34.505575092918214,1.0,560,681,1241,0.0008058017727639033,-0.0008333472224535399,0.998952457695409,8.058017727639034e-05
78594,34.50474174569576,1.0,560,681,1241,0.0,-0.0008333472224535399,0.9990330378726853,8.058017727639034e-05
78595,34.50390839847331,1.0,560,681,1241,0.0,-0.0008333472224535399,0.999194198227238,0.00016116035455278067
78596,34.50307505125085,1.0,560,681,1241,0.0,-0.0008333472224535399,0.9993553585817907,0.00016116035455278067
78597,34.5022417040284,1.0,560,681,1241,0.0,-0.0008333472224535399,0.9995165189363433,0.00016116035455278067
78598,34.501408356805946,1.0,560,681,1241,0.0,-0.0008333472224535399,0.999677679290896,0.00016116035455278067
78599,34.50057500958349,1.0,560,681,1241,0.0,-0.0008333472224535399,0.9997582594681724,8.058017727639034e-05
78600,34.49974166236104,0.9991941982272361,560,681,1241,-0.0008058017727639033,-0.0008333472224535399,0.9997582594681724,0.0
78601,34.498908315138586,1.0,560,681,1241,0.0008058017727639033,-0.0008333472224535399,0.9998388396454487,8.058017727639034e-05
78602,34.49807496791613,1.0,560,681,1241,0.0,-0.0008333472224535399,0.999919419822725,8.058017727639034e-05
78603,34.49724162069368,1.0,560,681,1241,0.0,-0.0008333472224535399,0.999919419822725,0.0
78604,34.496408273471225,1.0,560,681,1241,0.0,-0.0008333472224535399,0.999919419822725,0.0
78605,34.49557492624877,1.0,560,681,1241,0.0,-0.0008333472224535399,0.999919419822725,0.0
78606,34.49474157902632,1.0,560,681,1241,0.0,-0.0008333472224535399,0.999919419822725,0.0
78607,34.493908231803864,1.0,560,681,1241,0.0,-0.0008333472224535399,0.999919419822725,0.0
78608,34.49307488458141,1.0,560,681,1241,0.0,-0.0008333472224535399,0.999919419822725,0.0
78609,34.49224153735896,0.9991941982272361,560,681,1241,-0.0008058017727639033,-0.0008333472224535399,0.9998388396454487,-8.058017727639034e-05
78610,34.491408190136504,0.9991941982272361,560,681,1241,0.0,-0.0008333472224535399,0.9998388396454487,0.0
78611,34.49057484291405,0.9991941982272361,560,681,1241,0.0,-0.0008333472224535399,0.9997582594681724,-8.058017727639034e-05
78612,34.4897414956916,0.9991941982272361,560,681,1241,0.0,-0.0008333472224535399,0.999677679290896,-8.058017727639034e-05
78613,34.48890814846914,0.9991941982272361,560,681,1241,0.0,-0.0008333472224535399,0.9995970991136197,-8.058017727639034e-05
78614,34.48807480124668,1.0,560,681,1241,0.0008058017727639033,-0.0008333472224606453,0.9995970991136197,0.0
78615,34.48724145402423,1.0,560,681,1241,0.0,-0.0008333472224535399,0.9995970991136197,0.0
78616,34.486408106801775,1.0,560,681,1241,0.0,-0.0008333472224535399,0.9995970991136197,0.0
78617,34.48557475957932,1.0,560,681,1241,0.0,-0.0008333472224535399,0.9995970991136197,0.0
78618,34.48474141235687,1.0,560,681,1241,0.0,-0.0008333472224535399,0.9995970991136197,0.0
78619,34.483908065134415,1.0,560,681,1241,0.0,-0.0008333472224535399,0.999677679290896,8.058017727639034e-05
78620,34.48307471791196,1.0,560,681,1241,0.0,-0.0008333472224535399,0.9997582594681724,8.058017727639034e-05
78621,34.48224137068951,1.0,560,681,1241,0.0,-0.0008333472224535399,0.9998388396454487,8.058017727639034e-05
78622,34.481408023467054,1.0,560,681,1241,0.0,-0.0008333472224535399,0.999919419822725,8.058017727639034e-05
78623,34.4805746762446,1.0,560,681,1241,0.0,-0.0008333472224535399,1.0000000000000013,8.058017727639034e-05
78624,34.47974132902215,1.0,560,681,1241,0.0,-0.0008333472224535399,1.0000000000000013,0.0
78625,34.47890798179969,1.0,560,681,1241,0.0,-0.0008333472224535399,1.0000000000000013,0.0
78626,34.47807463457724,1.0,560,681,1241,0.0,-0.0008333472224535399,1.0000000000000013,0.0
78627,34.477241287354786,1.0,560,681,1241,0.0,-0.0008333472224535399,1.0000000000000013,0.0
78628,34.47640794013233,1.0,560,681,1241,0.0,-0.0008333472224535399,1.0000000000000013,0.0
78629,34.47557459290988,1.0,560,681,1241,0.0,-0.0008333472224535399,1.0000000000000013,0.0
78630,34.474741245687426,1.0,560,681,1241,0.0,-0.0008333472224535399,1.0000000000000013,0.0
78631,34.47390789846497,1.0,560,681,1241,0.0,-0.0008333472224535399,1.0000000000000013,0.0
78632,34.47307455124252,1.0,560,681,1241,0.0,-0.0008333472224535399,1.0000000000000013,0.0
78633,34.472241204020065,1.0,560,681,1241,0.0,-0.0008333472224535399,1.0000000000000013,0.0
78634,34.47140785679761,1.0,560,681,1241,0.0,-0.0008333472224535399,1.0000000000000013,0.0
78635,34.47057450957516,1.0,560,681,1241,0.0,-0.0008333472224535399,1.0000000000000013,0.0
78636,34.469741162352705,1.0,560,681,1241,0.0,-0.0008333472224535399,1.0000000000000013,0.0
78637,34.46890781513025,1.0,560,681,1241,0.0,-0.0008333472224535399,1.0000000000000013,0.0
78638,34.4680744679078,1.0,560,681,1241,0.0,-0.0008333472224535399,1.0000000000000013,0.0
78639,34.467241120685344,1.0,560,681,1241,0.0,-0.0008333472224535399,1.0000000000000013,0.0
78640,34.46640777346289,1.0,560,681,1241,0.0,-0.0008333472224535399,1.0000000000000013,0.0
78641,34.46557442624044,1.0,560,681,1241,0.0,-0.0008333472224535399,1.0000000000000013,0.0
78642,34.46474107901798,1.0,560,681,1241,0.0,-0.0008333472224535399,1.0000000000000013,0.0
78643,34.46390773179553,1.0,560,681,1241,0.0,-0.0008333472224535399,1.0000000000000013,0.0
78644,34.463074384573076,1.0,560,681,1241,0.0,-0.0008333472224535399,1.0000000000000013,0.0
78645,34.46224103735062,1.0,560,681,1241,0.0,-0.0008333472224535399,1.0000000000000013,0.0
78646,34.46140769012817,1.0,560,681,1241,0.0,-0.0008333472224535399,1.0000000000000013,0.0
78647,34.460574342905716,1.0,560,681,1241,0.0,-0.0008333472224535399,1.0000000000000013,0.0
78648,34.45974099568326,1.0,560,681,1241,0.0,-0.0008333472224535399,1.0000000000000013,0.0
78649,34.45890764846081,1.0,560,681,1241,0.0,-0.0008333472224535399,1.0000000000000013,0.0
78650,34.458074301238355,1.0,560,681,1241,0.0,-0.0008333472224535399,1.0000000000000013,0.0
78651,34.4572409540159,1.0,560,681,1241,0.0,-0.0008333472224535399,1.0000000000000013,0.0
78652,34.45640760679345,1.0,560,681,1241,0.0,-0.0008333472224535399,1.0000000000000013,0.0
78653,34.455574259570994,1.0,560,681,1241,0.0,-0.0008333472224535399,1.0000000000000013,0.0
78654,34.45474091234854,1.0,560,681,1241,0.0,-0.0008333472224535399,1.0000000000000013,0.0
78655,34.45390756512609,1.0,560,681,1241,0.0,-0.0008333472224535399,1.0000000000000013,0.0
78656,34.453074217903634,1.0,560,681,1241,0.0,-0.0008333472224535399,1.0000000000000013,0.0
78657,34.45224087068118,1.0,560,681,1241,0.0,-0.0008333472224535399,1.0000000000000013,0.0
78658,34.45140752345873,1.0,560,681,1241,0.0,-0.0008333472224535399,1.0000000000000013,0.0
78659,34.45057417623627,1.0,560,681,1241,0.0,-0.0008333472224535399,1.0000000000000013,0.0
78660,34.44974082901382,1.0,560,681,1241,0.0,-0.0008333472224535399,1.0000000000000013,0.0
78661,34.448907481791366,1.0,560,681,1241,0.0,-0.0008333472224535399,1.0000000000000013,0.0
78662,34.44807413456891,1.0,560,681,1241,0.0,-0.0008333472224535399,1.0000000000000013,0.0
78663,34.44724078734646,1.0,560,681,1241,0.0,-0.0008333472224535399,1.0000000000000013,0.0
78664,34.446407440124005,1.0,560,681,1241,0.0,-0.0008333472224535399,1.0000000000000013,0.0
78665,34.44557409290155,0.9991941982272361,560,681,1241,-0.0008058017727639033,-0.0008333472224535399,0.999919419822725,-8.058017727639034e-05
78666,34.4447407456791,1.0,560,681,1241,0.0008058017727639033,-0.0008333472224535399,0.999919419822725,0.0
78667,34.44390739845664,1.0,560,681,1241,0.0,-0.0008333472224606453,0.999919419822725,0.0
78668,34.443074051234184,1.0,560,681,1241,0.0,-0.0008333472224535399,0.999919419822725,0.0
78669,34.44224070401173,1.0,560,681,1241,0.0,-0.0008333472224535399,0.999919419822725,0.0
78670,34.44140735678928,1.0,560,681,1241,0.0,-0.0008333472224535399,0.999919419822725,0.0
78671,34.440574009566824,1.0,560,681,1241,0.0,-0.0008333472224535399,0.999919419822725,0.0
78672,34.43974066234437,1.0,560,681,1241,0.0,-0.0008333472224535399,0.999919419822725,0.0
78673,34.43890731512192,1.0,560,681,1241,0.0,-0.0008333472224535399,0.999919419822725,0.0
78674,34.43807396789946,1.0,560,681,1241,0.0,-0.0008333472224535399,0.999919419822725,0.0
78675,34.43724062067701,1.0,560,681,1241,0.0,-0.0008333472224535399,1.0000000000000013,8.058017727639034e-05
78676,34.436407273454556,1.0,560,681,1241,0.0,-0.0008333472224535399,1.0000000000000013,0.0
78677,34.4355739262321,1.0,560,681,1241,0.0,-0.0008333472224535399,1.0000000000000013,0.0
78678,34.43474057900965,1.0,560,681,1241,0.0,-0.0008333472224535399,1.0000000000000013,0.0
78679,34.433907231787195,0.9991941982272361,560,681,1241,-0.0008058017727639033,-0.0008333472224535399,0.999919419822725,-8.058017727639034e-05
78680,34.43307388456474,1.0,560,681,1241,0.0008058017727639033,-0.0008333472224535399,0.999919419822725,0.0
78681,34.43224053734229,1.0,560,681,1241,0.0,-0.0008333472224535399,0.999919419822725,0.0
78682,34.431407190119835,1.0,560,681,1241,0.0,-0.0008333472224535399,0.999919419822725,0.0
78683,34.43057384289738,1.0,560,681,1241,0.0,-0.0008333472224535399,0.999919419822725,0.0
78684,34.42974049567493,1.0,560,681,1241,0.0,-0.0008333472224535399,0.999919419822725,0.0
78685,34.428907148452474,1.0,560,681,1241,0.0,-0.0008333472224535399,0.999919419822725,0.0
78686,34.42807380123002,1.0,560,681,1241,0.0,-0.0008333472224535399,0.999919419822725,0.0
78687,34.42724045400757,1.0,560,681,1241,0.0,-0.0008333472224535399,0.999919419822725,0.0
78688,34.42640710678511,1.0,560,681,1241,0.0,-0.0008333472224535399,0.999919419822725,0.0
78689,34.42557375956266,1.0,560,681,1241,0.0,-0.0008333472224535399,1.0000000000000013,8.058017727639034e-05
78690,34.424740412340206,1.0,560,681,1241,0.0,-0.0008333472224535399,1.0000000000000013,0.0
78691,34.42390706511775,1.0,560,681,1241,0.0,-0.0008333472224535399,1.0000000000000013,0.0
78692,34.4230737178953,1.0,560,681,1241,0.0,-0.0008333472224535399,1.0000000000000013,0.0
78693,34.422240370672846,1.0,560,681,1241,0.0,-0.0008333472224535399,1.0000000000000013,0.0
78694,34.42140702345039,1.0,560,681,1241,0.0,-0.0008333472224535399,1.0000000000000013,0.0
78695,34.42057367622794,1.0,560,681,1241,0.0,-0.0008333472224535399,1.0000000000000013,0.0
78696,34.419740329005485,0.9991941982272361,560,681,1241,-0.0008058017727639033,-0.0008333472224535399,0.999919419822725,-8.058017727639034e-05
78697,34.41890698178303,0.9991941982272361,560,681,1241,0.0,-0.0008333472224535399,0.9998388396454487,-8.058017727639034e-05
78698,34.41807363456058,0.9991941982272361,560,681,1241,0.0,-0.0008333472224535399,0.9997582594681724,-8.058017727639034e-05
78699,34.41724028733812,1.0,560,681,1241,0.0008058017727639033,-0.0008333472224606453,0.9997582594681724,0.0
78700,34.416406940115664,1.0,560,681,1241,0.0,-0.0008333472224535399,0.9997582594681724,0.0
78701,34.41557359289321,1.0,560,681,1241,0.0,-0.0008333472224535399,0.9997582594681724,0.0
78702,34.41474024567076,1.0,560,681,1241,0.0,-0.0008333472224535399,0.9997582594681724,0.0
78703,34.4139068984483,0.9991941982272361,560,681,1241,-0.0008058017727639033,-0.0008333472224535399,0.999677679290896,-8.058017727639034e-05
78704,34.41307355122585,0.9991941982272361,560,681,1241,0.0,-0.0008333472224535399,0.9995970991136197,-8.058017727639034e-05
78705,34.412240204003396,0.9991941982272361,560,681,1241,0.0,-0.0008333472224535399,0.9995165189363433,-8.058017727639034e-05
78706,34.41140685678094,0.9991941982272361,560,681,1241,0.0,-0.0008333472224535399,0.9995165189363433,0.0
78707,34.41057350955849,0.9991941982272361,560,681,1241,0.0,-0.0008333472224535399,0.9995165189363433,0.0
78708,34.409740162336035,0.9991941982272361,560,681,1241,0.0,-0.0008333472224535399,0.9995165189363433,0.0
78709,34.40890681511358,1.0,560,681,1241,0.0008058017727639033,-0.0008333472224535399,0.9995165189363433,0.0
78710,34.40807346789113,1.0,560,681,1241,0.0,-0.0008333472224535399,0.9995165189363433,0.0
78711,34.407240120668675,1.0,560,681,1241,0.0,-0.0008333472224535399,0.9995165189363433,0.0
78712,34.40640677344622,0.9991941982272361,560,681,1241,-0.0008058017727639033,-0.0008333472224535399,0.999435938759067,-8.058017727639034e-05
78713,34.40557342622377,0.9991941982272361,560,681,1241,0.0,-0.0008333472224535399,0.999435938759067,0.0
78714,34.404740079001314,0.9991941982272361,560,681,1241,0.0,-0.0008333472224535399,0.999435938759067,0.0
78715,34.40390673177886,1.0,560,681,1241,0.0008058017727639033,-0.0008333472224535399,0.9995165189363433,8.058017727639034e-05
78716,34.40307338455641,1.0,560,681,1241,0.0,-0.0008333472224535399,0.9995970991136197,8.058017727639034e-05
78717,34.402240037333954,1.0,560,681,1241,0.0,-0.0008333472224535399,0.999677679290896,8.058017727639034e-05
78718,34.4014066901115,1.0,560,681,1241,0.0,-0.0008333472224535399,0.9997582594681724,8.058017727639034e-05
78719,34.40057334288905,1.0,560,681,1241,0.0,-0.0008333472224535399,0.9997582594681724,0.0
78720,34.39973999566659,1.0,560,681,1241,0.0,-0.0008333472224535399,0.9997582594681724,0.0
78721,34.39890664844414,1.0,560,681,1241,0.0,-0.0008333472224535399,0.9997582594681724,0.0
78722,34.398073301221686,1.0,560,681,1241,0.0,-0.0008333472224535399,0.9998388396454487,8.058017727639034e-05
78723,34.39723995399923,1.0,560,681,1241,0.0,-0.0008333472224535399,0.999919419822725,8.058017727639034e-05
78724,34.39640660677678,1.0,560,681,1241,0.0,-0.0008333472224535399,1.0000000000000013,8.058017727639034e-05
78725,34.395573259554325,1.0,560,681,1241,0.0,-0.0008333472224535399,1.0000000000000013,0.0
78726,34.39473991233187,1.0,560,681,1241,0.0,-0.0008333472224535399,1.0000000000000013,0.0
78727,34.39390656510942,0.9991941982272361,560,681,1241,-0.0008058017727639033,-0.0008333472224535399,0.999919419822725,-8.058017727639034e-05
78728,34.393073217886965,1.0,560,681,1241,0.0008058017727639033,-0.0008333472224535399,0.999919419822725,0.0
78729,34.39223987066451,1.0,560,681,1241,0.0,-0.0008333472224535399,0.999919419822725,0.0
78730,34.39140652344206,1.0,560,681,1241,0.0,-0.0008333472224535399,0.999919419822725,0.0
78731,34.390573176219604,1.0,560,681,1241,0.0,-0.0008333472224535399,0.999919419822725,0.0
78732,34.38973982899715,1.0,560,681,1241,0.0,-0.0008333472224535399,0.999919419822725,0.0
78733,34.3889064817747,1.0,560,681,1241,0.0,-0.0008333472224535399,0.999919419822725,0.0
78734,34.38807313455224,1.0,560,681,1241,0.0,-0.0008333472224535399,0.999919419822725,0.0
78735,34.38723978732979,1.0,560,681,1241,0.0,-0.0008333472224535399,0.999919419822725,0.0
78736,34.386406440107336,1.0,560,681,1241,0.0,-0.0008333472224535399,0.999919419822725,0.0
78737,34.38557309288488,1.0,560,681,1241,0.0,-0.0008333472224535399,1.0000000000000013,8.058017727639034e-05
78738,34.38473974566243,1.0,560,681,1241,0.0,-0.0008333472224535399,1.0000000000000013,0.0
78739,34.383906398439976,1.0,560,681,1241,0.0,-0.0008333472224535399,1.0000000000000013,0.0
78740,34.38307305121752,0.9991941982272361,560,681,1241,-0.0008058017727639033,-0.0008333472224535399,0.999919419822725,-8.058017727639034e-05
78741,34.38223970399507,0.9991941982272361,560,681,1241,0.0,-0.0008333472224535399,0.9998388396454487,-8.058017727639034e-05
78742,34.381406356772615,0.9991941982272361,560,681,1241,0.0,-0.0008333472224535399,0.9997582594681724,-8.058017727639034e-05
78743,34.38057300955016,0.9991941982272361,560,681,1241,0.0,-0.0008333472224535399,0.999677679290896,-8.058017727639034e-05
78744,34.37973966232771,1.0,560,681,1241,0.0008058017727639033,-0.0008333472224535399,0.999677679290896,0.0
78745,34.378906315105255,1.0,560,681,1241,0.0,-0.0008333472224535399,0.999677679290896,0.0
78746,34.3780729678828,1.0,560,681,1241,0.0,-0.0008333472224535399,0.999677679290896,0.0
78747,34.37723962066035,1.0,560,681,1241,0.0,-0.0008333472224535399,0.999677679290896,0.0
78748,34.376406273437894,1.0,560,681,1241,0.0,-0.0008333472224535399,0.999677679290896,0.0
78749,34.37557292621544,1.0,560,681,1241,0.0,-0.0008333472224535399,0.999677679290896,0.0
78750,34.37473957899299,1.0,560,681,1241,0.0,-0.0008333472224535399,0.9997582594681724,8.058017727639034e-05
78751,34.37390623177053,1.0,560,681,1241,0.0,-0.0008333472224535399,0.9998388396454487,8.058017727639034e-05
78752,34.37307288454807,1.0,560,681,1241,0.0,-0.0008333472224606453,0.999919419822725,8.058017727639034e-05
78753,34.37223953732562,1.0,560,681,1241,0.0,-0.0008333472224535399,1.0000000000000013,8.058017727639034e-05
78754,34.371406190103166,1.0,560,681,1241,0.0,-0.0008333472224535399,1.0000000000000013,0.0
78755,34.37057284288071,1.0,560,681,1241,0.0,-0.0008333472224535399,1.0000000000000013,0.0
78756,34.36973949565826,1.0,560,681,1241,0.0,-0.0008333472224535399,1.0000000000000013,0.0
78757,34.368906148435805,1.0,560,681,1241,0.0,-0.0008333472224535399,1.0000000000000013,0.0
78758,34.36807280121335,1.0,560,681,1241,0.0,-0.0008333472224535399,1.0000000000000013,0.0
78759,34.3672394539909,1.0,560,681,1241,0.0,-0.0008333472224535399,1.0000000000000013,0.0
78760,34.366406106768444,0.9991941982272361,560,681,1241,-0.0008058017727639033,-0.0008333472224535399,0.999919419822725,-8.058017727639034e-05
78761,34.36557275954599,0.9991941982272361,560,681,1241,0.0,-0.0008333472224535399,0.9998388396454487,-8.058017727639034e-05
78762,34.36473941232354,0.9991941982272361,560,681,1241,0.0,-0.0008333472224535399,0.9997582594681724,-8.058017727639034e-05
78763,34.363906065101084,1.0,560,681,1241,0.0008058017727639033,-0.0008333472224535399,0.9997582594681724,0.0
78764,34.36307271787863,1.0,560,681,1241,0.0,-0.0008333472224535399,0.9997582594681724,0.0
78765,34.36223937065618,1.0,560,681,1241,0.0,-0.0008333472224535399,0.9997582594681724,0.0
78766,34.36140602343372,1.0,560,681,1241,0.0,-0.0008333472224535399,0.9997582594681724,0.0
78767,34.36057267621127,1.0,560,681,1241,0.0,-0.0008333472224535399,0.9997582594681724,0.0
78768,34.359739328988816,1.0,560,681,1241,0.0,-0.0008333472224535399,0.9997582594681724,0.0
78769,34.35890598176636,1.0,560,681,1241,0.0,-0.0008333472224535399,0.9997582594681724,0.0
78770,34.35807263454391,1.0,560,681,1241,0.0,-0.0008333472224535399,0.9998388396454487,8.058017727639034e-05
78771,34.357239287321455,1.0,560,681,1241,0.0,-0.0008333472224535399,0.999919419822725,8.058017727639034e-05
78772,34.356405940099,1.0,560,681,1241,0.0,-0.0008333472224535399,1.0000000000000013,8.058017727639034e-05
78773,34.35557259287655,1.0,560,681,1241,0.0,-0.0008333472224535399,1.0000000000000013,0.0
78774,34.354739245654095,1.0,560,681,1241,0.0,-0.0008333472224535399,1.0000000000000013,0.0
78775,34.35390589843164,1.0,560,681,1241,0.0,-0.0008333472224535399,1.0000000000000013,0.0
78776,34.35307255120919,0.9991941982272361,560,681,1241,-0.0008058017727639033,-0.0008333472224535399,0.999919419822725,-8.058017727639034e-05
78777,34.352239203986734,0.9991941982272361,560,681,1241,0.0,-0.0008333472224535399,0.9998388396454487,-8.058017727639034e-05
78778,34.35140585676428,1.0,560,681,1241,0.0008058017727639033,-0.0008333472224535399,0.9998388396454487,0.0
78779,34.35057250954183,1.0,560,681,1241,0.0,-0.0008333472224535399,0.9998388396454487,0.0
78780,34.34973916231937,1.0,560,681,1241,0.0,-0.0008333472224535399,0.9998388396454487,0.0
78781,34.34890581509692,1.0,560,681,1241,0.0,-0.0008333472224535399,0.9998388396454487,0.0
78782,34.348072467874466,1.0,560,681,1241,0.0,-0.0008333472224535399,0.9998388396454487,0.0
78783,34.347239120652006,1.0,560,681,1241,0.0,-0.0008333472224606453,0.9998388396454487,0.0
78784,34.34640577342955,1.0,560,681,1241,0.0,-0.0008333472224535399,0.9998388396454487,0.0
78785,34.3455724262071,1.0,560,681,1241,0.0,-0.0008333472224535399,0.9998388396454487,0.0
78786,34.344739078984645,1.0,560,681,1241,0.0,-0.0008333472224535399,0.999919419822725,8.058017727639034e-05
78787,34.34390573176219,1.0,560,681,1241,0.0,-0.0008333472224535399,1.0000000000000013,8.058017727639034e-05
78788,34.34307238453974,1.0,560,681,1241,0.0,-0.0008333472224535399,1.0000000000000013,0.0
78789,34.342239037317285,1.0,560,681,1241,0.0,-0.0008333472224535399,1.0000000000000013,0.0
78790,34.34140569009483,1.0,560,681,1241,0.0,-0.0008333472224535399,1.0000000000000013,0.0
78791,34.34057234287238,1.0,560,681,1241,0.0,-0.0008333472224535399,1.0000000000000013,0.0
78792,34.339738995649924,1.0,560,681,1241,0.0,-0.0008333472224535399,1.0000000000000013,0.0
78793,34.33890564842747,1.0,560,681,1241,0.0,-0.0008333472224535399,1.0000000000000013,0.0
78794,34.33807230120502,1.0,560,681,1241,0.0,-0.0008333472224535399,1.0000000000000013,0.0
78795,34.33723895398256,1.0,560,681,1241,0.0,-0.0008333472224535399,1.0000000000000013,0.0
78796,34.33640560676011,1.0,560,681,1241,0.0,-0.0008333472224535399,1.0000000000000013,0.0
78797,34.335572259537656,1.0,560,681,1241,0.0,-0.0008333472224535399,1.0000000000000013,0.0
78798,34.3347389123152,1.0,560,681,1241,0.0,-0.0008333472224535399,1.0000000000000013,0.0
78799,34.33390556509275,1.0,560,681,1241,0.0,-0.0008333472224535399,1.0000000000000013,0.0
78800,34.333072217870296,1.0,560,681,1241,0.0,-0.0008333472224535399,1.0000000000000013,0.0
78801,34.33223887064784,1.0,560,681,1241,0.0,-0.0008333472224535399,1.0000000000000013,0.0
78802,34.33140552342539,1.0,560,681,1241,0.0,-0.0008333472224535399,1.0000000000000013,0.0
78803,34.330572176202935,1.0,560,681,1241,0.0,-0.0008333472224535399,1.0000000000000013,0.0
78804,34.32973882898048,1.0,560,681,1241,0.0,-0.0008333472224535399,1.0000000000000013,0.0
78805,34.32890548175803,1.0,560,681,1241,0.0,-0.0008333472224535399,1.0000000000000013,0.0
78806,34.328072134535574,1.0,560,681,1241,0.0,-0.0008333472224535399,1.0000000000000013,0.0
78807,34.32723878731312,1.0,560,681,1241,0.0,-0.0008333472224535399,1.0000000000000013,0.0
78808,34.32640544009067,0.9991941982272361,560,681,1241,-0.0008058017727639033,-0.0008333472224535399,0.999919419822725,-8.058017727639034e-05
78809,34.325572092868214,0.9991941982272361,560,681,1241,0.0,-0.0008333472224535399,0.9998388396454487,-8.058017727639034e-05
78810,34.32473874564576,0.9991941982272361,560,681,1241,0.0,-0.0008333472224535399,0.9997582594681724,-8.058017727639034e-05
78811,34.32390539842331,0.9991941982272361,560,681,1241,0.0,-0.0008333472224535399,0.999677679290896,-8.058017727639034e-05
78812,34.32307205120085,1.0,560,681,1241,0.0008058017727639033,-0.0008333472224535399,0.999677679290896,0.0
78813,34.3222387039784,1.0,560,681,1241,0.0,-0.0008333472224535399,0.999677679290896,0.0
78814,34.321405356755946,1.0,560,681,1241,0.0,-0.0008333472224535399,0.999677679290896,0.0
78815,34.32057200953349,1.0,560,681,1241,0.0,-0.0008333472224535399,0.999677679290896,0.0
78816,34.31973866231104,1.0,560,681,1241,0.0,-0.0008333472224535399,0.999677679290896,0.0
78817,34.318905315088585,1.0,560,681,1241,0.0,-0.0008333472224535399,0.999677679290896,0.0
78818,34.31807196786613,0.9991941982272361,560,681,1241,-0.0008058017727639033,-0.0008333472224535399,0.999677679290896,0.0
78819,34.31723862064368,1.0,560,681,1241,0.0008058017727639033,-0.0008333472224535399,0.9997582594681724,8.058017727639034e-05
78820,34.316405273421225,1.0,560,681,1241,0.0,-0.0008333472224535399,0.9998388396454487,8.058017727639034e-05
78821,34.31557192619877,1.0,560,681,1241,0.0,-0.0008333472224535399,0.999919419822725,8.058017727639034e-05
78822,34.31473857897632,1.0,560,681,1241,0.0,-0.0008333472224535399,0.999919419822725,0.0
78823,34.313905231753864,1.0,560,681,1241,0.0,-0.0008333472224535399,0.999919419822725,0.0
78824,34.31307188453141,1.0,560,681,1241,0.0,-0.0008333472224535399,0.999919419822725,0.0
78825,34.31223853730896,1.0,560,681,1241,0.0,-0.0008333472224535399,0.999919419822725,0.0
78826,34.311405190086504,1.0,560,681,1241,0.0,-0.0008333472224535399,0.999919419822725,0.0
78827,34.31057184286405,0.9991941982272361,560,681,1241,-0.0008058017727639033,-0.0008333472224535399,0.9998388396454487,-8.058017727639034e-05
78828,34.3097384956416,1.0,560,681,1241,0.0008058017727639033,-0.0008333472224535399,0.999919419822725,8.058017727639034e-05
78829,34.30890514841914,0.9983883964544722,560,681,1241,-0.0016116035455278066,-0.0008333472224535399,0.9997582594681724,-0.00016116035455278067
78830,34.30807180119669,0.9983883964544722,560,681,1241,0.0,-0.0008333472224535399,0.9995970991136197,-0.00016116035455278067
78831,34.307238453974236,0.9991941982272361,560,681,1241,0.0008058017727639033,-0.0008333472224535399,0.9995165189363433,-8.058017727639034e-05
78832,34.30640510675178,1.0,560,681,1241,0.0008058017727639033,-0.0008333472224535399,0.9995165189363433,0.0
78833,34.30557175952933,1.0,560,681,1241,0.0,-0.0008333472224535399,0.9995165189363433,0.0
78834,34.304738412306875,1.0,560,681,1241,0.0,-0.0008333472224535399,0.9995165189363433,0.0
78835,34.30390506508442,1.0,560,681,1241,0.0,-0.0008333472224535399,0.9995165189363433,0.0
78836,34.30307171786196,1.0,560,681,1241,0.0,-0.0008333472224606453,0.9995165189363433,0.0
78837,34.30223837063951,1.0,560,681,1241,0.0,-0.0008333472224535399,0.9995970991136197,8.058017727639034e-05
78838,34.301405023417054,0.9991941982272361,560,681,1241,-0.0008058017727639033,-0.0008333472224535399,0.9995165189363433,-8.058017727639034e-05
78839,34.3005716761946,0.9983883964544722,560,681,1241,-0.0008058017727639033,-0.0008333472224535399,0.9995165189363433,0.0
78840,34.29973832897215,0.9975825946817083,560,681,1241,-0.0008058017727639033,-0.0008333472224535399,0.999435938759067,-8.058017727639034e-05
78841,34.29890498174969,0.9983883964544722,560,681,1241,0.0008058017727639033,-0.0008333472224535399,0.9993553585817907,-8.058017727639034e-05
78842,34.29807163452724,0.9983883964544722,560,681,1241,0.0,-0.0008333472224535399,0.999194198227238,-0.00016116035455278067
78843,34.297238287304786,0.9983883964544722,560,681,1241,0.0,-0.0008333472224535399,0.9990330378726853,-0.00016116035455278067
78844,34.29640494008233,0.9991941982272361,560,681,1241,0.0008058017727639033,-0.0008333472224535399,0.998952457695409,-8.058017727639034e-05
78845,34.29557159285988,0.9991941982272361,560,681,1241,0.0,-0.0008333472224535399,0.9988718775181326,-8.058017727639034e-05
78846,34.294738245637426,0.9991941982272361,560,681,1241,0.0,-0.0008333472224535399,0.9987912973408563,-8.058017727639034e-05
78847,34.29390489841497,0.9991941982272361,560,681,1241,0.0,-0.0008333472224535399,0.9987107171635798,-8.058017727639034e-05
78848,34.29307155119252,0.9991941982272361,560,681,1241,0.0,-0.0008333472224535399,0.9987107171635798,0.0
78849,34.292238203970065,0.9991941982272361,560,681,1241,0.0,-0.0008333472224535399,0.9987912973408563,8.058017727639034e-05
78850,34.29140485674761,0.9991941982272361,560,681,1241,0.0,-0.0008333472224535399,0.9989524576954091,0.00016116035455278067
78851,34.29057150952516,0.9991941982272361,560,681,1241,0.0,-0.0008333472224535399,0.9990330378726856,8.058017727639034e-05
78852,34.289738162302704,0.9991941982272361,560,681,1241,0.0,-0.0008333472224535399,0.999113618049962,8.058017727639034e-05
78853,34.28890481508025,0.9991941982272361,560,681,1241,0.0,-0.0008333472224535399,0.9991941982272383,8.058017727639034e-05
78854,34.2880714678578,1.0,560,681,1241,0.0008058017727639033,-0.0008333472224535399,0.9992747784045146,8.058017727639034e-05
78855,34.287238120635344,1.0,560,681,1241,0.0,-0.0008333472224535399,0.999355358581791,8.058017727639034e-05
78856,34.28640477341289,1.0,560,681,1241,0.0,-0.0008333472224535399,0.9994359387590673,8.058017727639034e-05
78857,34.28557142619044,1.0,560,681,1241,0.0,-0.0008333472224535399,0.9995165189363437,8.058017727639034e-05
78858,34.28473807896798,1.0,560,681,1241,0.0,-0.0008333472224535399,0.99959709911362,8.058017727639034e-05
78859,34.28390473174553,1.0,560,681,1241,0.0,-0.0008333472224535399,0.9996776792908963,8.058017727639034e-05
78860,34.283071384523076,1.0,560,681,1241,0.0,-0.0008333472224535399,0.9997582594681728,8.058017727639034e-05
78861,34.28223803730062,1.0,560,681,1241,0.0,-0.0008333472224535399,0.9998388396454491,8.058017727639034e-05
78862,34.28140469007817,1.0,560,681,1241,0.0,-0.0008333472224535399,0.9999194198227255,8.058017727639034e-05
78863,34.280571342855715,1.0,560,681,1241,0.0,-0.0008333472224535399,1.0000000000000018,8.058017727639034e-05
78864,34.27973799563326,1.0,560,681,1241,0.0,-0.0008333472224535399,1.0000000000000018,0.0
78865,34.27890464841081,1.0,560,681,1241,0.0,-0.0008333472224535399,1.0000000000000018,0.0
78866,34.278071301188355,1.0,560,681,1241,0.0,-0.0008333472224535399,1.0000000000000018,0.0
78867,34.2772379539659,1.0,560,681,1241,0.0,-0.0008333472224535399,1.0000000000000018,0.0
78868,34.27640460674344,1.0,560,681,1241,0.0,-0.0008333472224606453,1.0000000000000018,0.0
78869,34.27557125952099,1.0,560,681,1241,0.0,-0.0008333472224535399,1.0000000000000018,0.0
78870,34.274737912298534,1.0,560,681,1241,0.0,-0.0008333472224535399,1.0000000000000018,0.0
78871,34.27390456507608,1.0,560,681,1241,0.0,-0.0008333472224535399,1.0000000000000018,0.0
78872,34.27307121785363,1.0,560,681,1241,0.0,-0.0008333472224535399,1.0000000000000018,0.0
78873,34.27223787063117,1.0,560,681,1241,0.0,-0.0008333472224535399,1.0000000000000018,0.0
78874,34.27140452340872,1.0,560,681,1241,0.0,-0.0008333472224535399,1.0000000000000018,0.0
78875,34.270571176186266,1.0,560,681,1241,0.0,-0.0008333472224535399,1.0000000000000018,0.0
78876,34.26973782896381,1.0,560,681,1241,0.0,-0.0008333472224535399,1.0000000000000018,0.0
78877,34.26890448174136,1.0,560,681,1241,0.0,-0.0008333472224535399,1.0000000000000018,0.0
78878,34.268071134518905,0.9991941982272361,560,681,1241,-0.0008058017727639033,-0.0008333472224535399,0.9999194198227255,-8.058017727639034e-05
78879,34.26723778729645,1.0,560,681,1241,0.0008058017727639033,-0.0008333472224535399,0.9999194198227255,0.0
78880,34.266404440074,1.0,560,681,1241,0.0,-0.0008333472224535399,0.9999194198227255,0.0
78881,34.265571092851545,1.0,560,681,1241,0.0,-0.0008333472224535399,0.9999194198227255,0.0
78882,34.26473774562909,1.0,560,681,1241,0.0,-0.0008333472224535399,0.9999194198227255,0.0
78883,34.26390439840664,1.0,560,681,1241,0.0,-0.0008333472224535399,0.9999194198227255,0.0
78884,34.263071051184184,1.0,560,681,1241,0.0,-0.0008333472224535399,0.9999194198227255,0.0
78885,34.26223770396173,1.0,560,681,1241,0.0,-0.0008333472224535399,0.9999194198227255,0.0
78886,34.26140435673928,1.0,560,681,1241,0.0,-0.0008333472224535399,0.9999194198227255,0.0
78887,34.26057100951682,1.0,560,681,1241,0.0,-0.0008333472224535399,0.9999194198227255,0.0
78888,34.25973766229437,0.9991941982272361,560,681,1241,-0.0008058017727639033,-0.0008333472224535399,0.9999194198227255,0.0
78889,34.258904315071916,1.0,560,681,1241,0.0008058017727639033,-0.0008333472224535399,0.9999194198227255,0.0
78890,34.25807096784946,1.0,560,681,1241,0.0,-0.0008333472224535399,0.9999194198227255,0.0
78891,34.25723762062701,1.0,560,681,1241,0.0,-0.0008333472224535399,0.9999194198227255,0.0
78892,34.256404273404556,1.0,560,681,1241,0.0,-0.0008333472224535399,0.9999194198227255,0.0
78893,34.2555709261821,1.0,560,681,1241,0.0,-0.0008333472224535399,0.9999194198227255,0.0
78894,34.25473757895965,1.0,560,681,1241,0.0,-0.0008333472224535399,0.9999194198227255,0.0
78895,34.253904231737195,1.0,560,681,1241,0.0,-0.0008333472224535399,0.9999194198227255,0.0
78896,34.25307088451474,1.0,560,681,1241,0.0,-0.0008333472224535399,0.9999194198227255,0.0
78897,34.25223753729229,1.0,560,681,1241,0.0,-0.0008333472224535399,0.9999194198227255,0.0
78898,34.251404190069834,1.0,560,681,1241,0.0,-0.0008333472224535399,1.0000000000000018,8.058017727639034e-05
78899,34.25057084284738,1.0,560,681,1241,0.0,-0.0008333472224535399,1.0000000000000018,0.0
78900,34.24973749562493,0.9991941982272361,560,681,1241,-0.0008058017727639033,-0.0008333472224535399,0.9999194198227255,-8.058017727639034e-05
78901,34.248904148402474,0.9991941982272361,560,681,1241,0.0,-0.0008333472224535399,0.9998388396454491,-8.058017727639034e-05
78902,34.24807080118002,0.9991941982272361,560,681,1241,0.0,-0.0008333472224535399,0.9997582594681728,-8.058017727639034e-05
78903,34.24723745395757,0.9991941982272361,560,681,1241,0.0,-0.0008333472224535399,0.9996776792908963,-8.058017727639034e-05
78904,34.24640410673511,0.9991941982272361,560,681,1241,0.0,-0.0008333472224535399,0.99959709911362,-8.058017727639034e-05
78905,34.24557075951266,1.0,560,681,1241,0.0008058017727639033,-0.0008333472224535399,0.99959709911362,0.0
78906,34.244737412290206,1.0,560,681,1241,0.0,-0.0008333472224535399,0.99959709911362,0.0
78907,34.24390406506775,1.0,560,681,1241,0.0,-0.0008333472224535399,0.99959709911362,0.0
78908,34.2430707178453,1.0,560,681,1241,0.0,-0.0008333472224535399,0.99959709911362,0.0
78909,34.242237370622846,1.0,560,681,1241,0.0,-0.0008333472224535399,0.99959709911362,0.0
78910,34.24140402340039,1.0,560,681,1241,0.0,-0.0008333472224535399,0.9996776792908963,8.058017727639034e-05
78911,34.24057067617794,1.0,560,681,1241,0.0,-0.0008333472224535399,0.9997582594681728,8.058017727639034e-05
78912,34.239737328955485,1.0,560,681,1241,0.0,-0.0008333472224535399,0.9998388396454491,8.058017727639034e-05
78913,34.23890398173303,1.0,560,681,1241,0.0,-0.0008333472224535399,0.9999194198227255,8.058017727639034e-05
78914,34.23807063451058,1.0,560,681,1241,0.0,-0.0008333472224535399,1.0000000000000018,8.058017727639034e-05
78915,34.237237287288124,1.0,560,681,1241,0.0,-0.0008333472224535399,1.0000000000000018,0.0
78916,34.23640394006567,1.0,560,681,1241,0.0,-0.0008333472224535399,1.0000000000000018,0.0
78917,34.23557059284322,1.0,560,681,1241,0.0,-0.0008333472224535399,1.0000000000000018,0.0
78918,34.234737245620764,0.9991941982272361,560,681,1241,-0.0008058017727639033,-0.0008333472224535399,0.9999194198227255,-8.058017727639034e-05
78919,34.23390389839831,0.9991941982272361,560,681,1241,0.0,-0.0008333472224535399,0.9998388396454491,-8.058017727639034e-05
78920,34.23307055117586,1.0,560,681,1241,0.0008058017727639033,-0.0008333472224535399,0.9998388396454491,0.0
78921,34.232237203953396,1.0,560,681,1241,0.0,-0.0008333472224606453,0.9998388396454491,0.0
78922,34.23140385673094,1.0,560,681,1241,0.0,-0.0008333472224535399,0.9998388396454491,0.0
78923,34.23057050950849,1.0,560,681,1241,0.0,-0.0008333472224535399,0.9998388396454491,0.0
78924,34.229737162286035,1.0,560,681,1241,0.0,-0.0008333472224535399,0.9998388396454491,0.0
78925,34.22890381506358,1.0,560,681,1241,0.0,-0.0008333472224535399,0.9998388396454491,0.0
78926,34.22807046784113,1.0,560,681,1241,0.0,-0.0008333472224535399,0.9998388396454491,0.0
78927,34.227237120618675,1.0,560,681,1241,0.0,-0.0008333472224535399,0.9998388396454491,0.0
78928,34.22640377339622,1.0,560,681,1241,0.0,-0.0008333472224535399,0.9999194198227255,8.058017727639034e-05
78929,34.22557042617377,1.0,560,681,1241,0.0,-0.0008333472224535399,1.0000000000000018,8.058017727639034e-05
78930,34.224737078951314,1.0,560,681,1241,0.0,-0.0008333472224535399,1.0000000000000018,0.0
78931,34.22390373172886,1.0,560,681,1241,0.0,-0.0008333472224535399,1.0000000000000018,0.0
78932,34.22307038450641,1.0,560,681,1241,0.0,-0.0008333472224535399,1.0000000000000018,0.0
78933,34.22223703728395,1.0,560,681,1241,0.0,-0.0008333472224535399,1.0000000000000018,0.0
78934,34.2214036900615,0.9991941982272361,560,681,1241,-0.0008058017727639033,-0.0008333472224535399,0.9999194198227255,-8.058017727639034e-05
78935,34.220570342839046,0.9991941982272361,560,681,1241,0.0,-0.0008333472224535399,0.9998388396454491,-8.058017727639034e-05
78936,34.21973699561659,0.9983883964544722,560,681,1241,-0.0008058017727639033,-0.0008333472224535399,0.9996776792908963,-0.00016116035455278067
78937,34.21890364839414,0.9991941982272361,560,681,1241,0.0008058017727639033,-0.0008333472224535399,0.99959709911362,-8.058017727639034e-05
78938,34.218070301171686,0.9991941982272361,560,681,1241,0.0,-0.0008333472224535399,0.9995165189363437,-8.058017727639034e-05
78939,34.21723695394923,0.9991941982272361,560,681,1241,0.0,-0.0008333472224535399,0.9994359387590673,-8.058017727639034e-05
78940,34.21640360672678,0.9991941982272361,560,681,1241,0.0,-0.0008333472224535399,0.999355358581791,-8.058017727639034e-05
78941,34.215570259504325,1.0,560,681,1241,0.0008058017727639033,-0.0008333472224535399,0.999355358581791,0.0
78942,34.21473691228187,1.0,560,681,1241,0.0,-0.0008333472224535399,0.999355358581791,0.0
78943,34.21390356505942,1.0,560,681,1241,0.0,-0.0008333472224535399,0.999355358581791,0.0
78944,34.213070217836965,1.0,560,681,1241,0.0,-0.0008333472224535399,0.9994359387590673,8.058017727639034e-05
78945,34.21223687061451,1.0,560,681,1241,0.0,-0.0008333472224535399,0.9995165189363437,8.058017727639034e-05
78946,34.21140352339206,1.0,560,681,1241,0.0,-0.0008333472224535399,0.9996776792908963,0.00016116035455278067
78947,34.210570176169604,1.0,560,681,1241,0.0,-0.0008333472224535399,0.9997582594681728,8.058017727639034e-05
78948,34.20973682894715,1.0,560,681,1241,0.0,-0.0008333472224535399,0.9998388396454491,8.058017727639034e-05
78949,34.2089034817247,1.0,560,681,1241,0.0,-0.0008333472224535399,0.9999194198227255,8.058017727639034e-05
78950,34.20807013450224,1.0,560,681,1241,0.0,-0.0008333472224535399,1.0000000000000018,8.058017727639034e-05
78951,34.20723678727979,1.0,560,681,1241,0.0,-0.0008333472224535399,1.0000000000000018,0.0
78952,34.206403440057336,1.0,560,681,1241,0.0,-0.0008333472224535399,1.0000000000000018,0.0
78953,34.205570092834876,1.0,560,681,1241,0.0,-0.0008333472224606453,1.0000000000000018,0.0
78954,34.20473674561242,1.0,560,681,1241,0.0,-0.0008333472224535399,1.0000000000000018,0.0
78955,34.20390339838997,1.0,560,681,1241,0.0,-0.0008333472224535399,1.0000000000000018,0.0
78956,34.203070051167515,1.0,560,681,1241,0.0,-0.0008333472224535399,1.0000000000000018,0.0
78957,34.20223670394506,1.0,560,681,1241,0.0,-0.0008333472224535399,1.0000000000000018,0.0
78958,34.20140335672261,1.0,560,681,1241,0.0,-0.0008333472224535399,1.0000000000000018,0.0
78959,34.200570009500154,0.9991941982272361,560,681,1241,-0.0008058017727639033,-0.0008333472224535399,0.9999194198227255,-8.058017727639034e-05
78960,34.1997366622777,0.9991941982272361,560,681,1241,0.0,-0.0008333472224535399,0.9998388396454491,-8.058017727639034e-05
78961,34.19890331505525,0.9991941982272361,560,681,1241,0.0,-0.0008333472224535399,0.9997582594681728,-8.058017727639034e-05
78962,34.198069967832794,1.0,560,681,1241,0.0008058017727639033,-0.0008333472224535399,0.9997582594681728,0.0
78963,34.19723662061034,1.0,560,681,1241,0.0,-0.0008333472224535399,0.9997582594681728,0.0
78964,34.19640327338789,1.0,560,681,1241,0.0,-0.0008333472224535399,0.9997582594681728,0.0
78965,34.19556992616543,1.0,560,681,1241,0.0,-0.0008333472224535399,0.9997582594681728,0.0
78966,34.19473657894298,1.0,560,681,1241,0.0,-0.0008333472224535399,0.9997582594681728,0.0
78967,34.193903231720526,1.0,560,681,1241,0.0,-0.0008333472224535399,0.9997582594681728,0.0
78968,34.19306988449807,1.0,560,681,1241,0.0,-0.0008333472224535399,0.9997582594681728,0.0
78969,34.19223653727562,1.0,560,681,1241,0.0,-0.0008333472224535399,0.9998388396454491,8.058017727639034e-05
78970,34.191403190053165,1.0,560,681,1241,0.0,-0.0008333472224535399,0.9999194198227255,8.058017727639034e-05
78971,34.19056984283071,1.0,560,681,1241,0.0,-0.0008333472224535399,1.0000000000000018,8.058017727639034e-05
78972,34.18973649560826,0.9991941982272361,560,681,1241,-0.0008058017727639033,-0.0008333472224535399,0.9999194198227255,-8.058017727639034e-05
78973,34.188903148385805,0.9983883964544722,560,681,1241,-0.0008058017727639033,-0.0008333472224535399,0.9997582594681728,-0.00016116035455278067
78974,34.18806980116335,0.9983883964544722,560,681,1241,0.0,-0.0008333472224535399,0.99959709911362,-0.00016116035455278067
78975,34.1872364539409,0.9991941982272361,560,681,1241,0.0008058017727639033,-0.0008333472224535399,0.9995165189363437,-8.058017727639034e-05
78976,34.186403106718444,0.9991941982272361,560,681,1241,0.0,-0.0008333472224535399,0.9994359387590673,-8.058017727639034e-05
78977,34.18556975949599,0.9991941982272361,560,681,1241,0.0,-0.0008333472224535399,0.999355358581791,-8.058017727639034e-05
78978,34.18473641227354,0.9991941982272361,560,681,1241,0.0,-0.0008333472224535399,0.9992747784045146,-8.058017727639034e-05
78979,34.183903065051084,1.0,560,681,1241,0.0008058017727639033,-0.0008333472224535399,0.9992747784045146,0.0
78980,34.18306971782863,1.0,560,681,1241,0.0,-0.0008333472224535399,0.9992747784045146,0.0
78981,34.18223637060618,1.0,560,681,1241,0.0,-0.0008333472224535399,0.9992747784045146,0.0
78982,34.18140302338372,1.0,560,681,1241,0.0,-0.0008333472224535399,0.999355358581791,8.058017727639034e-05
78983,34.18056967616127,1.0,560,681,1241,0.0,-0.0008333472224535399,0.9995165189363437,0.00016116035455278067
78984,34.179736328938816,1.0,560,681,1241,0.0,-0.0008333472224535399,0.9996776792908963,0.00016116035455278067
78985,34.17890298171636,1.0,560,681,1241,0.0,-0.0008333472224535399,0.9997582594681728,8.058017727639034e-05
78986,34.17806963449391,1.0,560,681,1241,0.0,-0.0008333472224535399,0.9998388396454491,8.058017727639034e-05
78987,34.177236287271455,1.0,560,681,1241,0.0,-0.0008333472224535399,0.9999194198227255,8.058017727639034e-05
78988,34.176402940049,1.0,560,681,1241,0.0,-0.0008333472224535399,1.0000000000000018,8.058017727639034e-05
78989,34.17556959282655,1.0,560,681,1241,0.0,-0.0008333472224535399,1.0000000000000018,0.0
78990,34.174736245604095,1.0,560,681,1241,0.0,-0.0008333472224535399,1.0000000000000018,0.0
78991,34.17390289838164,1.0,560,681,1241,0.0,-0.0008333472224535399,1.0000000000000018,0.0
78992,34.17306955115919,1.0,560,681,1241,0.0,-0.0008333472224535399,1.0000000000000018,0.0
78993,34.172236203936734,1.0,560,681,1241,0.0,-0.0008333472224535399,1.0000000000000018,0.0
78994,34.17140285671428,1.0,560,681,1241,0.0,-0.0008333472224535399,1.0000000000000018,0.0
78995,34.17056950949183,1.0,560,681,1241,0.0,-0.0008333472224535399,1.0000000000000018,0.0
78996,34.16973616226937,1.0,560,681,1241,0.0,-0.0008333472224535399,1.0000000000000018,0.0
78997,34.16890281504692,1.0,560,681,1241,0.0,-0.0008333472224535399,1.0000000000000018,0.0
78998,34.168069467824466,1.0,560,681,1241,0.0,-0.0008333472224535399,1.0000000000000018,0.0
78999,34.16723612060201,1.0,560,681,1241,0.0,-0.0008333472224535399,1.0000000000000018,0.0
79000,34.16640277337956,1.0,560,681,1241,0.0,-0.0008333472224535399,1.0000000000000018,0.0
79001,34.165569426157106,1.0,560,681,1241,0.0,-0.0008333472224535399,1.0000000000000018,0.0
79002,34.16473607893465,1.0,560,681,1241,0.0,-0.0008333472224535399,1.0000000000000018,0.0
79003,34.1639027317122,1.0,560,681,1241,0.0,-0.0008333472224535399,1.0000000000000018,0.0
79004,34.163069384489745,1.0,560,681,1241,0.0,-0.0008333472224535399,1.0000000000000018,0.0
79005,34.16223603726729,1.0,560,681,1241,0.0,-0.0008333472224535399,1.0000000000000018,0.0
79006,34.16140269004483,1.0,560,681,1241,0.0,-0.0008333472224606453,1.0000000000000018,0.0
79007,34.16056934282238,1.0,560,681,1241,0.0,-0.0008333472224535399,1.0000000000000018,0.0
79008,34.159735995599924,1.0,560,681,1241,0.0,-0.0008333472224535399,1.0000000000000018,0.0
79009,34.15890264837747,1.0,560,681,1241,0.0,-0.0008333472224535399,1.0000000000000018,0.0
79010,34.15806930115502,1.0,560,681,1241,0.0,-0.0008333472224535399,1.0000000000000018,0.0
79011,34.15723595393256,1.0,560,681,1241,0.0,-0.0008333472224535399,1.0000000000000018,0.0
79012,34.15640260671011,1.0,560,681,1241,0.0,-0.0008333472224535399,1.0000000000000018,0.0
79013,34.155569259487656,1.0,560,681,1241,0.0,-0.0008333472224535399,1.0000000000000018,0.0
79014,34.1547359122652,1.0,560,681,1241,0.0,-0.0008333472224535399,1.0000000000000018,0.0
79015,34.15390256504275,1.0,560,681,1241,0.0,-0.0008333472224535399,1.0000000000000018,0.0
79016,34.153069217820295,1.0,560,681,1241,0.0,-0.0008333472224535399,1.0000000000000018,0.0
79017,34.15223587059784,1.0,560,681,1241,0.0,-0.0008333472224535399,1.0000000000000018,0.0
79018,34.15140252337539,1.0,560,681,1241,0.0,-0.0008333472224535399,1.0000000000000018,0.0
79019,34.150569176152935,1.0,560,681,1241,0.0,-0.0008333472224535399,1.0000000000000018,0.0
79020,34.14973582893048,1.0,560,681,1241,0.0,-0.0008333472224535399,1.0000000000000018,0.0
79021,34.14890248170803,1.0,560,681,1241,0.0,-0.0008333472224535399,1.0000000000000018,0.0
79022,34.148069134485574,1.0,560,681,1241,0.0,-0.0008333472224535399,1.0000000000000018,0.0
79023,34.14723578726312,1.0,560,681,1241,0.0,-0.0008333472224535399,1.0000000000000018,0.0
79024,34.14640244004067,0.9991941982272361,560,681,1241,-0.0008058017727639033,-0.0008333472224535399,0.9999194198227255,-8.058017727639034e-05
79025,34.145569092818214,0.9991941982272361,560,681,1241,0.0,-0.0008333472224535399,0.9998388396454491,-8.058017727639034e-05
79026,34.14473574559576,1.0,560,681,1241,0.0008058017727639033,-0.0008333472224535399,0.9998388396454491,0.0
79027,34.14390239837331,1.0,560,681,1241,0.0,-0.0008333472224535399,0.9998388396454491,0.0
79028,34.14306905115085,1.0,560,681,1241,0.0,-0.0008333472224535399,0.9998388396454491,0.0
79029,34.1422357039284,1.0,560,681,1241,0.0,-0.0008333472224535399,0.9998388396454491,0.0
79030,34.141402356705946,1.0,560,681,1241,0.0,-0.0008333472224535399,0.9998388396454491,0.0
79031,34.14056900948349,1.0,560,681,1241,0.0,-0.0008333472224535399,0.9998388396454491,0.0
79032,34.13973566226104,1.0,560,681,1241,0.0,-0.0008333472224535399,0.9998388396454491,0.0
79033,34.138902315038585,1.0,560,681,1241,0.0,-0.0008333472224535399,0.9998388396454491,0.0
79034,34.13806896781613,1.0,560,681,1241,0.0,-0.0008333472224535399,0.9999194198227255,8.058017727639034e-05
79035,34.13723562059368,1.0,560,681,1241,0.0,-0.0008333472224535399,1.0000000000000018,8.058017727639034e-05
79036,34.136402273371225,1.0,560,681,1241,0.0,-0.0008333472224535399,1.0000000000000018,0.0
79037,34.13556892614877,1.0,560,681,1241,0.0,-0.0008333472224535399,1.0000000000000018,0.0
79038,34.13473557892631,1.0,560,681,1241,0.0,-0.0008333472224606453,1.0000000000000018,0.0
79039,34.13390223170386,1.0,560,681,1241,0.0,-0.0008333472224535399,1.0000000000000018,0.0
79040,34.1330688844814,1.0,560,681,1241,0.0,-0.0008333472224535399,1.0000000000000018,0.0
79041,34.13223553725895,1.0,560,681,1241,0.0,-0.0008333472224535399,1.0000000000000018,0.0
79042,34.131402190036496,1.0,560,681,1241,0.0,-0.0008333472224535399,1.0000000000000018,0.0
79043,34.13056884281404,1.0,560,681,1241,0.0,-0.0008333472224535399,1.0000000000000018,0.0
79044,34.12973549559159,1.0,560,681,1241,0.0,-0.0008333472224535399,1.0000000000000018,0.0
79045,34.128902148369136,1.0,560,681,1241,0.0,-0.0008333472224535399,1.0000000000000018,0.0
79046,34.12806880114668,1.0,560,681,1241,0.0,-0.0008333472224535399,1.0000000000000018,0.0
79047,34.12723545392423,1.0,560,681,1241,0.0,-0.0008333472224535399,1.0000000000000018,0.0
79048,34.126402106701775,1.0,560,681,1241,0.0,-0.0008333472224535399,1.0000000000000018,0.0
79049,34.12556875947932,1.0,560,681,1241,0.0,-0.0008333472224535399,1.0000000000000018,0.0
79050,34.12473541225687,1.0,560,681,1241,0.0,-0.0008333472224535399,1.0000000000000018,0.0
79051,34.123902065034414,1.0,560,681,1241,0.0,-0.0008333472224535399,1.0000000000000018,0.0
79052,34.12306871781196,1.0,560,681,1241,0.0,-0.0008333472224535399,1.0000000000000018,0.0
79053,34.12223537058951,1.0,560,681,1241,0.0,-0.0008333472224535399,1.0000000000000018,0.0
79054,34.121402023367054,1.0,560,681,1241,0.0,-0.0008333472224535399,1.0000000000000018,0.0
79055,34.1205686761446,1.0,560,681,1241,0.0,-0.0008333472224535399,1.0000000000000018,0.0
79056,34.11973532892215,1.0,560,681,1241,0.0,-0.0008333472224535399,1.0000000000000018,0.0
79057,34.11890198169969,1.0,560,681,1241,0.0,-0.0008333472224535399,1.0000000000000018,0.0
79058,34.11806863447724,1.0,560,681,1241,0.0,-0.0008333472224535399,1.0000000000000018,0.0
79059,34.117235287254786,1.0,560,681,1241,0.0,-0.0008333472224535399,1.0000000000000018,0.0
79060,34.11640194003233,1.0,560,681,1241,0.0,-0.0008333472224535399,1.0000000000000018,0.0
79061,34.11556859280988,1.0,560,681,1241,0.0,-0.0008333472224535399,1.0000000000000018,0.0
79062,34.114735245587426,1.0,560,681,1241,0.0,-0.0008333472224535399,1.0000000000000018,0.0
79063,34.11390189836497,1.0,560,681,1241,0.0,-0.0008333472224535399,1.0000000000000018,0.0
79064,34.11306855114252,0.9991941982272361,560,681,1241,-0.0008058017727639033,-0.0008333472224535399,0.9999194198227255,-8.058017727639034e-05
79065,34.112235203920065,1.0,560,681,1241,0.0008058017727639033,-0.0008333472224535399,0.9999194198227255,0.0
79066,34.11140185669761,1.0,560,681,1241,0.0,-0.0008333472224535399,0.9999194198227255,0.0
79067,34.11056850947516,1.0,560,681,1241,0.0,-0.0008333472224535399,0.9999194198227255,0.0
79068,34.109735162252704,1.0,560,681,1241,0.0,-0.0008333472224535399,0.9999194198227255,0.0
79069,34.10890181503025,1.0,560,681,1241,0.0,-0.0008333472224535399,0.9999194198227255,0.0
79070,34.1080684678078,1.0,560,681,1241,0.0,-0.0008333472224535399,0.9999194198227255,0.0
79071,34.107235120585344,1.0,560,681,1241,0.0,-0.0008333472224535399,0.9999194198227255,0.0
79072,34.10640177336289,1.0,560,681,1241,0.0,-0.0008333472224535399,0.9999194198227255,0.0
79073,34.10556842614044,1.0,560,681,1241,0.0,-0.0008333472224535399,0.9999194198227255,0.0
79074,34.10473507891798,1.0,560,681,1241,0.0,-0.0008333472224535399,1.0000000000000018,8.058017727639034e-05
79075,34.10390173169553,1.0,560,681,1241,0.0,-0.0008333472224535399,1.0000000000000018,0.0
79076,34.103068384473076,1.0,560,681,1241,0.0,-0.0008333472224535399,1.0000000000000018,0.0
79077,34.10223503725062,1.0,560,681,1241,0.0,-0.0008333472224535399,1.0000000000000018,0.0
79078,34.10140169002817,1.0,560,681,1241,0.0,-0.0008333472224535399,1.0000000000000018,0.0
79079,34.100568342805715,1.0,560,681,1241,0.0,-0.0008333472224535399,1.0000000000000018,0.0
79080,34.09973499558326,0.9991941982272361,560,681,1241,-0.0008058017727639033,-0.0008333472224535399,0.9999194198227255,-8.058017727639034e-05
79081,34.09890164836081,0.9991941982272361,560,681,1241,0.0,-0.0008333472224535399,0.9998388396454491,-8.058017727639034e-05
79082,34.098068301138355,1.0,560,681,1241,0.0008058017727639033,-0.0008333472224535399,0.9998388396454491,0.0
79083,34.0972349539159,1.0,560,681,1241,0.0,-0.0008333472224535399,0.9998388396454491,0.0
79084,34.09640160669345,1.0,560,681,1241,0.0,-0.0008333472224535399,0.9998388396454491,0.0
79085,34.095568259470994,1.0,560,681,1241,0.0,-0.0008333472224535399,0.9998388396454491,0.0
79086,34.09473491224854,1.0,560,681,1241,0.0,-0.0008333472224535399,0.9998388396454491,0.0
79087,34.09390156502609,1.0,560,681,1241,0.0,-0.0008333472224535399,0.9998388396454491,0.0
79088,34.09306821780363,1.0,560,681,1241,0.0,-0.0008333472224535399,0.9998388396454491,0.0
79089,34.09223487058118,1.0,560,681,1241,0.0,-0.0008333472224535399,0.9998388396454491,0.0
79090,34.09140152335872,1.0,560,681,1241,0.0,-0.0008333472224606453,0.9999194198227255,8.058017727639034e-05
79091,34.090568176136266,1.0,560,681,1241,0.0,-0.0008333472224535399,1.0000000000000018,8.058017727639034e-05
79092,34.08973482891381,1.0,560,681,1241,0.0,-0.0008333472224535399,1.0000000000000018,0.0
79093,34.08890148169136,0.9991941982272361,560,681,1241,-0.0008058017727639033,-0.0008333472224535399,0.9999194198227255,-8.058017727639034e-05
79094,34.088068134468905,0.9991941982272361,560,681,1241,0.0,-0.0008333472224535399,0.9998388396454491,-8.058017727639034e-05
79095,34.08723478724645,0.9991941982272361,560,681,1241,0.0,-0.0008333472224535399,0.9997582594681728,-8.058017727639034e-05
79096,34.086401440024,0.9983883964544722,560,681,1241,-0.0008058017727639033,-0.0008333472224535399,0.99959709911362,-0.00016116035455278067
79097,34.085568092801545,0.9983883964544722,560,681,1241,0.0,-0.0008333472224535399,0.9994359387590673,-0.00016116035455278067
79098,34.08473474557909,0.9975825946817083,560,681,1241,-0.0008058017727639033,-0.0008333472224535399,0.9991941982272381,-0.00024174053182917098
79099,34.08390139835664,0.9983883964544722,560,681,1241,0.0008058017727639033,-0.0008333472224535399,0.9990330378726853,-0.00016116035455278067
79100,34.083068051134184,1.0,560,681,1241,0.0016116035455278066,-0.0008333472224535399,0.9990330378726853,0.0
79101,34.08223470391173,1.0,560,681,1241,0.0,-0.0008333472224535399,0.9990330378726853,0.0
79102,34.08140135668928,1.0,560,681,1241,0.0,-0.0008333472224535399,0.9990330378726853,0.0
79103,34.08056800946682,1.0,560,681,1241,0.0,-0.0008333472224535399,0.9991136180499616,8.058017727639034e-05
79104,34.07973466224437,1.0,560,681,1241,0.0,-0.0008333472224535399,0.999194198227238,8.058017727639034e-05
79105,34.078901315021916,1.0,560,681,1241,0.0,-0.0008333472224535399,0.9992747784045143,8.058017727639034e-05
79106,34.07806796779946,1.0,560,681,1241,0.0,-0.0008333472224535399,0.999435938759067,0.00016116035455278067
79107,34.07723462057701,1.0,560,681,1241,0.0,-0.0008333472224535399,0.9995970991136197,0.00016116035455278067
79108,34.076401273354556,1.0,560,681,1241,0.0,-0.0008333472224535399,0.999838839645449,0.00024174053182917098
79109,34.0755679261321,1.0,560,681,1241,0.0,-0.0008333472224535399,1.0000000000000018,0.00016116035455278067
79110,34.07473457890965,1.0,560,681,1241,0.0,-0.0008333472224535399,1.0000000000000018,0.0
79111,34.073901231687195,1.0,560,681,1241,0.0,-0.0008333472224535399,1.0000000000000018,0.0
79112,34.07306788446474,1.0,560,681,1241,0.0,-0.0008333472224535399,1.0000000000000018,0.0
79113,34.07223453724229,1.0,560,681,1241,0.0,-0.0008333472224535399,1.0000000000000018,0.0
79114,34.071401190019834,1.0,560,681,1241,0.0,-0.0008333472224535399,1.0000000000000018,0.0
79115,34.07056784279738,1.0,560,681,1241,0.0,-0.0008333472224535399,1.0000000000000018,0.0
79116,34.06973449557493,1.0,560,681,1241,0.0,-0.0008333472224535399,1.0000000000000018,0.0
79117,34.068901148352474,1.0,560,681,1241,0.0,-0.0008333472224535399,1.0000000000000018,0.0
79118,34.06806780113002,1.0,560,681,1241,0.0,-0.0008333472224535399,1.0000000000000018,0.0
79119,34.06723445390757,1.0,560,681,1241,0.0,-0.0008333472224535399,1.0000000000000018,0.0
79120,34.06640110668511,0.9991941982272361,560,681,1241,-0.0008058017727639033,-0.0008333472224535399,0.9999194198227255,-8.058017727639034e-05
79121,34.06556775946266,0.9991941982272361,560,681,1241,0.0,-0.0008333472224535399,0.9998388396454491,-8.058017727639034e-05
79122,34.0647344122402,0.9991941982272361,560,681,1241,0.0,-0.0008333472224606453,0.9997582594681728,-8.058017727639034e-05
79123,34.063901065017745,0.9991941982272361,560,681,1241,0.0,-0.0008333472224535399,0.9996776792908963,-8.058017727639034e-05
79124,34.06306771779529,1.0,560,681,1241,0.0008058017727639033,-0.0008333472224535399,0.9996776792908963,0.0
79125,34.06223437057284,1.0,560,681,1241,0.0,-0.0008333472224535399,0.9996776792908963,0.0
79126,34.061401023350385,1.0,560,681,1241,0.0,-0.0008333472224535399,0.9996776792908963,0.0
79127,34.06056767612793,1.0,560,681,1241,0.0,-0.0008333472224535399,0.9996776792908963,0.0
79128,34.05973432890548,1.0,560,681,1241,0.0,-0.0008333472224535399,0.9996776792908963,0.0
79129,34.058900981683024,1.0,560,681,1241,0.0,-0.0008333472224535399,0.9996776792908963,0.0
79130,34.05806763446057,1.0,560,681,1241,0.0,-0.0008333472224535399,0.9997582594681728,8.058017727639034e-05
79131,34.05723428723812,1.0,560,681,1241,0.0,-0.0008333472224535399,0.9998388396454491,8.058017727639034e-05
79132,34.05640094001566,1.0,560,681,1241,0.0,-0.0008333472224535399,0.9999194198227255,8.058017727639034e-05
79133,34.05556759279321,0.9991941982272361,560,681,1241,-0.0008058017727639033,-0.0008333472224535399,0.9999194198227255,0.0
79134,34.05473424557076,0.9991941982272361,560,681,1241,0.0,-0.0008333472224535399,0.9998388396454491,-8.058017727639034e-05
79135,34.0539008983483,0.9991941982272361,560,681,1241,0.0,-0.0008333472224535399,0.9997582594681728,-8.058017727639034e-05
79136,34.05306755112585,0.9991941982272361,560,681,1241,0.0,-0.0008333472224535399,0.9996776792908963,-8.058017727639034e-05
79137,34.052234203903396,0.9991941982272361,560,681,1241,0.0,-0.0008333472224535399,0.99959709911362,-8.058017727639034e-05
79138,34.05140085668094,0.9991941982272361,560,681,1241,0.0,-0.0008333472224535399,0.9995165189363437,-8.058017727639034e-05
79139,34.05056750945849,0.9991941982272361,560,681,1241,0.0,-0.0008333472224535399,0.9994359387590673,-8.058017727639034e-05
79140,34.049734162236035,0.9983883964544722,560,681,1241,-0.0008058017727639033,-0.0008333472224535399,0.9992747784045146,-0.00016116035455278067
79141,34.04890081501358,0.9991941982272361,560,681,1241,0.0008058017727639033,-0.0008333472224535399,0.9991941982272383,-8.058017727639034e-05
79142,34.04806746779113,1.0,560,681,1241,0.0008058017727639033,-0.0008333472224535399,0.9991941982272383,0.0
79143,34.047234120568675,0.9991941982272361,560,681,1241,-0.0008058017727639033,-0.0008333472224535399,0.9991941982272383,0.0
79144,34.04640077334622,0.9991941982272361,560,681,1241,0.0,-0.0008333472224535399,0.9991941982272383,0.0
79145,34.04556742612377,0.9991941982272361,560,681,1241,0.0,-0.0008333472224535399,0.9991941982272383,0.0
79146,34.044734078901314,0.9991941982272361,560,681,1241,0.0,-0.0008333472224535399,0.9991941982272383,0.0
79147,34.04390073167886,1.0,560,681,1241,0.0008058017727639033,-0.0008333472224535399,0.9992747784045146,8.058017727639034e-05
79148,34.04306738445641,1.0,560,681,1241,0.0,-0.0008333472224535399,0.999355358581791,8.058017727639034e-05
79149,34.04223403723395,1.0,560,681,1241,0.0,-0.0008333472224535399,0.9994359387590673,8.058017727639034e-05
79150,34.0414006900115,1.0,560,681,1241,0.0,-0.0008333472224535399,0.99959709911362,0.00016116035455278067
79151,34.040567342789046,1.0,560,681,1241,0.0,-0.0008333472224535399,0.9996776792908963,8.058017727639034e-05
79152,34.03973399556659,1.0,560,681,1241,0.0,-0.0008333472224535399,0.9996776792908963,0.0
79153,34.03890064834414,1.0,560,681,1241,0.0,-0.0008333472224535399,0.9997582594681728,8.058017727639034e-05
79154,34.038067301121686,1.0,560,681,1241,0.0,-0.0008333472224535399,0.9998388396454491,8.058017727639034e-05
79155,34.03723395389923,1.0,560,681,1241,0.0,-0.0008333472224535399,0.9999194198227255,8.058017727639034e-05
79156,34.03640060667678,1.0,560,681,1241,0.0,-0.0008333472224535399,1.0000000000000018,8.058017727639034e-05
79157,34.035567259454325,1.0,560,681,1241,0.0,-0.0008333472224535399,1.0000000000000018,0.0
79158,34.03473391223187,1.0,560,681,1241,0.0,-0.0008333472224535399,1.0000000000000018,0.0
79159,34.03390056500942,1.0,560,681,1241,0.0,-0.0008333472224535399,1.0000000000000018,0.0
79160,34.033067217786964,1.0,560,681,1241,0.0,-0.0008333472224535399,1.0000000000000018,0.0
79161,34.03223387056451,1.0,560,681,1241,0.0,-0.0008333472224535399,1.0000000000000018,0.0
79162,34.03140052334206,1.0,560,681,1241,0.0,-0.0008333472224535399,1.0000000000000018,0.0
79163,34.030567176119604,1.0,560,681,1241,0.0,-0.0008333472224535399,1.0000000000000018,0.0
79164,34.02973382889715,1.0,560,681,1241,0.0,-0.0008333472224535399,1.0000000000000018,0.0
79165,34.0289004816747,1.0,560,681,1241,0.0,-0.0008333472224535399,1.0000000000000018,0.0
79166,34.02806713445224,1.0,560,681,1241,0.0,-0.0008333472224535399,1.0000000000000018,0.0
79167,34.02723378722979,1.0,560,681,1241,0.0,-0.0008333472224535399,1.0000000000000018,0.0
79168,34.026400440007336,1.0,560,681,1241,0.0,-0.0008333472224535399,1.0000000000000018,0.0
79169,34.02556709278488,1.0,560,681,1241,0.0,-0.0008333472224535399,1.0000000000000018,0.0
79170,34.02473374556243,1.0,560,681,1241,0.0,-0.0008333472224535399,1.0000000000000018,0.0
79171,34.023900398339975,1.0,560,681,1241,0.0,-0.0008333472224535399,1.0000000000000018,0.0
79172,34.02306705111752,1.0,560,681,1241,0.0,-0.0008333472224535399,1.0000000000000018,0.0
79173,34.02223370389507,1.0,560,681,1241,0.0,-0.0008333472224535399,1.0000000000000018,0.0
79174,34.021400356672615,1.0,560,681,1241,0.0,-0.0008333472224535399,1.0000000000000018,0.0
79175,34.020567009450154,1.0,560,681,1241,0.0,-0.0008333472224606453,1.0000000000000018,0.0
79176,34.0197336622277,1.0,560,681,1241,0.0,-0.0008333472224535399,1.0000000000000018,0.0
79177,34.01890031500525,0.9991941982272361,560,681,1241,-0.0008058017727639033,-0.0008333472224535399,0.9999194198227255,-8.058017727639034e-05
79178,34.018066967782794,0.9991941982272361,560,681,1241,0.0,-0.0008333472224535399,0.9998388396454491,-8.058017727639034e-05
79179,34.01723362056034,0.9991941982272361,560,681,1241,0.0,-0.0008333472224535399,0.9997582594681728,-8.058017727639034e-05
79180,34.01640027333789,0.9991941982272361,560,681,1241,0.0,-0.0008333472224535399,0.9996776792908963,-8.058017727639034e-05
79181,34.01556692611543,0.9991941982272361,560,681,1241,0.0,-0.0008333472224535399,0.99959709911362,-8.058017727639034e-05
79182,34.01473357889298,0.9991941982272361,560,681,1241,0.0,-0.0008333472224535399,0.9995165189363437,-8.058017727639034e-05
79183,34.013900231670526,0.9991941982272361,560,681,1241,0.0,-0.0008333472224535399,0.9994359387590673,-8.058017727639034e-05
79184,34.01306688444807,1.0,560,681,1241,0.0008058017727639033,-0.0008333472224535399,0.9994359387590673,0.0
79185,34.01223353722562,0.9991941982272361,560,681,1241,-0.0008058017727639033,-0.0008333472224535399,0.999355358581791,-8.058017727639034e-05
79186,34.011400190003165,0.9991941982272361,560,681,1241,0.0,-0.0008333472224535399,0.9992747784045146,-8.058017727639034e-05
79187,34.01056684278071,0.9991941982272361,560,681,1241,0.0,-0.0008333472224535399,0.9992747784045146,0.0
79188,34.00973349555826,1.0,560,681,1241,0.0008058017727639033,-0.0008333472224535399,0.999355358581791,8.058017727639034e-05
79189,34.008900148335805,1.0,560,681,1241,0.0,-0.0008333472224535399,0.9994359387590673,8.058017727639034e-05
79190,34.00806680111335,1.0,560,681,1241,0.0,-0.0008333472224535399,0.9995165189363437,8.058017727639034e-05
79191,34.0072334538909,1.0,560,681,1241,0.0,-0.0008333472224535399,0.99959709911362,8.058017727639034e-05
79192,34.006400106668444,1.0,560,681,1241,0.0,-0.0008333472224535399,0.9996776792908963,8.058017727639034e-05
79193,34.00556675944599,1.0,560,681,1241,0.0,-0.0008333472224535399,0.9997582594681728,8.058017727639034e-05
79194,34.00473341222354,0.9991941982272361,560,681,1241,-0.0008058017727639033,-0.0008333472224535399,0.9996776792908963,-8.058017727639034e-05
79195,34.00390006500108,0.9991941982272361,560,681,1241,0.0,-0.0008333472224535399,0.9996776792908963,0.0
79196,34.00306671777863,1.0,560,681,1241,0.0008058017727639033,-0.0008333472224535399,0.9997582594681728,8.058017727639034e-05
79197,34.002233370556176,1.0,560,681,1241,0.0,-0.0008333472224535399,0.9998388396454491,8.058017727639034e-05
79198,34.00140002333372,0.9991941982272361,560,681,1241,-0.0008058017727639033,-0.0008333472224535399,0.9997582594681728,-8.058017727639034e-05
79199,34.00056667611127,0.9991941982272361,560,681,1241,0.0,-0.0008333472224535399,0.9996776792908963,-8.058017727639034e-05
79200,33.999733328888816,0.9991941982272361,560,681,1241,0.0,-0.0008333472224535399,0.99959709911362,-8.058017727639034e-05
79201,33.99889998166636,0.9991941982272361,560,681,1241,0.0,-0.0008333472224535399,0.9995165189363437,-8.058017727639034e-05
79202,33.9980666344439,0.9991941982272361,560,681,1241,0.0,-0.0008333472224606453,0.9994359387590673,-8.058017727639034e-05
79203,33.99723328722145,0.9991941982272361,560,681,1241,0.0,-0.0008333472224535399,0.999355358581791,-8.058017727639034e-05
79204,33.996399939998994,0.9991941982272361,560,681,1241,0.0,-0.0008333472224535399,0.999355358581791,0.0
79205,33.99556659277654,1.0,560,681,1241,0.0008058017727639033,-0.0008333472224535399,0.9994359387590673,8.058017727639034e-05
79206,33.99473324555409,1.0,560,681,1241,0.0,-0.0008333472224535399,0.9994359387590673,0.0
79207,33.993899898331634,1.0,560,681,1241,0.0,-0.0008333472224535399,0.9994359387590673,0.0
79208,33.99306655110918,1.0,560,681,1241,0.0,-0.0008333472224535399,0.9995165189363437,8.058017727639034e-05
79209,33.99223320388673,1.0,560,681,1241,0.0,-0.0008333472224535399,0.99959709911362,8.058017727639034e-05
79210,33.99139985666427,1.0,560,681,1241,0.0,-0.0008333472224535399,0.9996776792908963,8.058017727639034e-05
79211,33.99056650944182,1.0,560,681,1241,0.0,-0.0008333472224535399,0.9997582594681728,8.058017727639034e-05
79212,33.989733162219366,1.0,560,681,1241,0.0,-0.0008333472224535399,0.9998388396454491,8.058017727639034e-05
79213,33.98889981499691,1.0,560,681,1241,0.0,-0.0008333472224535399,0.9999194198227255,8.058017727639034e-05
79214,33.98806646777446,1.0,560,681,1241,0.0,-0.0008333472224535399,1.0000000000000018,8.058017727639034e-05
79215,33.987233120552006,1.0,560,681,1241,0.0,-0.0008333472224535399,1.0000000000000018,0.0
79216,33.98639977332955,1.0,560,681,1241,0.0,-0.0008333472224535399,1.0000000000000018,0.0
79217,33.9855664261071,1.0,560,681,1241,0.0,-0.0008333472224535399,1.0000000000000018,0.0
79218,33.984733078884645,1.0,560,681,1241,0.0,-0.0008333472224535399,1.0000000000000018,0.0
79219,33.98389973166219,1.0,560,681,1241,0.0,-0.0008333472224535399,1.0000000000000018,0.0
79220,33.98306638443974,0.9991941982272361,560,681,1241,-0.0008058017727639033,-0.0008333472224535399,0.9999194198227255,-8.058017727639034e-05
79221,33.982233037217284,0.9991941982272361,560,681,1241,0.0,-0.0008333472224535399,0.9998388396454491,-8.058017727639034e-05
79222,33.98139968999483,0.9991941982272361,560,681,1241,0.0,-0.0008333472224535399,0.9997582594681728,-8.058017727639034e-05
79223,33.98056634277238,0.9991941982272361,560,681,1241,0.0,-0.0008333472224535399,0.9996776792908963,-8.058017727639034e-05
79224,33.979732995549924,0.9991941982272361,560,681,1241,0.0,-0.0008333472224535399,0.99959709911362,-8.058017727639034e-05
79225,33.97889964832747,1.0,560,681,1241,0.0008058017727639033,-0.0008333472224535399,0.99959709911362,0.0
79226,33.97806630110502,1.0,560,681,1241,0.0,-0.0008333472224535399,0.99959709911362,0.0
79227,33.97723295388256,1.0,560,681,1241,0.0,-0.0008333472224535399,0.99959709911362,0.0
79228,33.97639960666011,1.0,560,681,1241,0.0,-0.0008333472224535399,0.99959709911362,0.0
79229,33.975566259437656,1.0,560,681,1241,0.0,-0.0008333472224535399,0.99959709911362,0.0
79230,33.9747329122152,1.0,560,681,1241,0.0,-0.0008333472224535399,0.9996776792908963,8.058017727639034e-05
79231,33.97389956499275,1.0,560,681,1241,0.0,-0.0008333472224535399,0.9997582594681728,8.058017727639034e-05
79232,33.973066217770295,0.9991941982272361,560,681,1241,-0.0008058017727639033,-0.0008333472224535399,0.9997582594681728,0.0
79233,33.97223287054784,0.9991941982272361,560,681,1241,0.0,-0.0008333472224535399,0.9997582594681728,0.0
79234,33.97139952332539,0.9991941982272361,560,681,1241,0.0,-0.0008333472224535399,0.9997582594681728,0.0
79235,33.970566176102935,0.9991941982272361,560,681,1241,0.0,-0.0008333472224535399,0.9996776792908963,-8.058017727639034e-05
79236,33.96973282888048,1.0,560,681,1241,0.0008058017727639033,-0.0008333472224535399,0.9996776792908963,0.0
79237,33.96889948165803,1.0,560,681,1241,0.0,-0.0008333472224535399,0.9996776792908963,0.0
79238,33.968066134435574,1.0,560,681,1241,0.0,-0.0008333472224535399,0.9996776792908963,0.0
79239,33.96723278721312,1.0,560,681,1241,0.0,-0.0008333472224535399,0.9996776792908963,0.0
79240,33.96639943999067,1.0,560,681,1241,0.0,-0.0008333472224535399,0.9996776792908963,0.0
79241,33.96556609276821,1.0,560,681,1241,0.0,-0.0008333472224535399,0.9996776792908963,0.0
79242,33.96473274554576,1.0,560,681,1241,0.0,-0.0008333472224535399,0.9997582594681728,8.058017727639034e-05
79243,33.963899398323306,1.0,560,681,1241,0.0,-0.0008333472224535399,0.9998388396454491,8.058017727639034e-05
79244,33.96306605110085,1.0,560,681,1241,0.0,-0.0008333472224535399,0.9999194198227255,8.058017727639034e-05
79245,33.9622327038784,1.0,560,681,1241,0.0,-0.0008333472224535399,1.0000000000000018,8.058017727639034e-05
79246,33.961399356655946,1.0,560,681,1241,0.0,-0.0008333472224535399,1.0000000000000018,0.0
79247,33.96056600943349,1.0,560,681,1241,0.0,-0.0008333472224535399,1.0000000000000018,0.0
79248,33.95973266221104,1.0,560,681,1241,0.0,-0.0008333472224535399,1.0000000000000018,0.0
79249,33.958899314988585,1.0,560,681,1241,0.0,-0.0008333472224535399,1.0000000000000018,0.0
79250,33.95806596776613,1.0,560,681,1241,0.0,-0.0008333472224535399,1.0000000000000018,0.0
79251,33.95723262054368,1.0,560,681,1241,0.0,-0.0008333472224535399,1.0000000000000018,0.0
79252,33.956399273321225,1.0,560,681,1241,0.0,-0.0008333472224535399,1.0000000000000018,0.0
79253,33.95556592609877,1.0,560,681,1241,0.0,-0.0008333472224535399,1.0000000000000018,0.0
79254,33.95473257887632,1.0,560,681,1241,0.0,-0.0008333472224535399,1.0000000000000018,0.0
79255,33.953899231653864,1.0,560,681,1241,0.0,-0.0008333472224535399,1.0000000000000018,0.0
79256,33.95306588443141,1.0,560,681,1241,0.0,-0.0008333472224535399,1.0000000000000018,0.0
79257,33.95223253720896,1.0,560,681,1241,0.0,-0.0008333472224535399,1.0000000000000018,0.0
79258,33.9513991899865,0.9991941982272361,560,681,1241,-0.0008058017727639033,-0.0008333472224535399,0.9999194198227255,-8.058017727639034e-05
79259,33.95056584276405,0.9983883964544722,560,681,1241,-0.0008058017727639033,-0.0008333472224535399,0.9997582594681728,-0.00016116035455278067
79260,33.949732495541596,0.9991941982272361,560,681,1241,0.0008058017727639033,-0.0008333472224535399,0.9996776792908963,-8.058017727639034e-05
79261,33.94889914831914,0.9991941982272361,560,681,1241,0.0,-0.0008333472224535399,0.99959709911362,-8.058017727639034e-05
79262,33.94806580109669,1.0,560,681,1241,0.0008058017727639033,-0.0008333472224535399,0.99959709911362,0.0
79263,33.947232453874236,1.0,560,681,1241,0.0,-0.0008333472224535399,0.99959709911362,0.0
79264,33.94639910665178,1.0,560,681,1241,0.0,-0.0008333472224535399,0.99959709911362,0.0
79265,33.94556575942932,1.0,560,681,1241,0.0,-0.0008333472224606453,0.99959709911362,0.0
79266,33.94473241220687,0.9991941982272361,560,681,1241,-0.0008058017727639033,-0.0008333472224535399,0.9995165189363437,-8.058017727639034e-05
79267,33.943899064984414,0.9991941982272361,560,681,1241,0.0,-0.0008333472224535399,0.9994359387590673,-8.058017727639034e-05
79268,33.94306571776196,1.0,560,681,1241,0.0008058017727639033,-0.0008333472224535399,0.9995165189363437,8.058017727639034e-05
79269,33.94223237053951,1.0,560,681,1241,0.0,-0.0008333472224535399,0.9996776792908963,0.00016116035455278067
79270,33.941399023317054,1.0,560,681,1241,0.0,-0.0008333472224535399,0.9997582594681728,8.058017727639034e-05
79271,33.9405656760946,1.0,560,681,1241,0.0,-0.0008333472224535399,0.9998388396454491,8.058017727639034e-05
79272,33.93973232887215,1.0,560,681,1241,0.0,-0.0008333472224535399,0.9998388396454491,0.0
79273,33.93889898164969,1.0,560,681,1241,0.0,-0.0008333472224535399,0.9998388396454491,0.0
79274,33.93806563442724,1.0,560,681,1241,0.0,-0.0008333472224535399,0.9998388396454491,0.0
79275,33.937232287204786,1.0,560,681,1241,0.0,-0.0008333472224535399,0.9998388396454491,0.0
79276,33.93639893998233,1.0,560,681,1241,0.0,-0.0008333472224535399,0.9999194198227255,8.058017727639034e-05
79277,33.93556559275988,1.0,560,681,1241,0.0,-0.0008333472224535399,1.0000000000000018,8.058017727639034e-05
79278,33.934732245537425,1.0,560,681,1241,0.0,-0.0008333472224535399,1.0000000000000018,0.0
79279,33.93389889831497,1.0,560,681,1241,0.0,-0.0008333472224535399,1.0000000000000018,0.0
79280,33.93306555109252,1.0,560,681,1241,0.0,-0.0008333472224535399,1.0000000000000018,0.0
79281,33.932232203870065,1.0,560,681,1241,0.0,-0.0008333472224535399,1.0000000000000018,0.0
79282,33.93139885664761,1.0,560,681,1241,0.0,-0.0008333472224535399,1.0000000000000018,0.0
79283,33.93056550942516,1.0,560,681,1241,0.0,-0.0008333472224535399,1.0000000000000018,0.0
79284,33.929732162202704,1.0,560,681,1241,0.0,-0.0008333472224535399,1.0000000000000018,0.0
79285,33.92889881498025,1.0,560,681,1241,0.0,-0.0008333472224535399,1.0000000000000018,0.0
79286,33.92806546775779,1.0,560,681,1241,0.0,-0.0008333472224606453,1.0000000000000018,0.0
79287,33.927232120535336,1.0,560,681,1241,0.0,-0.0008333472224535399,1.0000000000000018,0.0
79288,33.92639877331288,1.0,560,681,1241,0.0,-0.0008333472224535399,1.0000000000000018,0.0
79289,33.92556542609043,1.0,560,681,1241,0.0,-0.0008333472224535399,1.0000000000000018,0.0
79290,33.924732078867976,1.0,560,681,1241,0.0,-0.0008333472224535399,1.0000000000000018,0.0
79291,33.92389873164552,1.0,560,681,1241,0.0,-0.0008333472224535399,1.0000000000000018,0.0
79292,33.92306538442307,1.0,560,681,1241,0.0,-0.0008333472224535399,1.0000000000000018,0.0
79293,33.922232037200615,1.0,560,681,1241,0.0,-0.0008333472224535399,1.0000000000000018,0.0
79294,33.92139868997816,1.0,560,681,1241,0.0,-0.0008333472224535399,1.0000000000000018,0.0
79295,33.92056534275571,1.0,560,681,1241,0.0,-0.0008333472224535399,1.0000000000000018,0.0
79296,33.919731995533255,1.0,560,681,1241,0.0,-0.0008333472224535399,1.0000000000000018,0.0
79297,33.9188986483108,1.0,560,681,1241,0.0,-0.0008333472224535399,1.0000000000000018,0.0
79298,33.91806530108835,1.0,560,681,1241,0.0,-0.0008333472224535399,1.0000000000000018,0.0
79299,33.917231953865894,1.0,560,681,1241,0.0,-0.0008333472224535399,1.0000000000000018,0.0
79300,33.91639860664344,1.0,560,681,1241,0.0,-0.0008333472224535399,1.0000000000000018,0.0
79301,33.91556525942099,1.0,560,681,1241,0.0,-0.0008333472224535399,1.0000000000000018,0.0
79302,33.91473191219853,1.0,560,681,1241,0.0,-0.0008333472224535399,1.0000000000000018,0.0
79303,33.91389856497608,1.0,560,681,1241,0.0,-0.0008333472224535399,1.0000000000000018,0.0
79304,33.913065217753626,1.0,560,681,1241,0.0,-0.0008333472224535399,1.0000000000000018,0.0
79305,33.91223187053117,1.0,560,681,1241,0.0,-0.0008333472224535399,1.0000000000000018,0.0
79306,33.91139852330872,1.0,560,681,1241,0.0,-0.0008333472224535399,1.0000000000000018,0.0
79307,33.910565176086266,1.0,560,681,1241,0.0,-0.0008333472224535399,1.0000000000000018,0.0
79308,33.90973182886381,1.0,560,681,1241,0.0,-0.0008333472224535399,1.0000000000000018,0.0
79309,33.90889848164136,1.0,560,681,1241,0.0,-0.0008333472224535399,1.0000000000000018,0.0
79310,33.908065134418905,1.0,560,681,1241,0.0,-0.0008333472224535399,1.0000000000000018,0.0
79311,33.90723178719645,1.0,560,681,1241,0.0,-0.0008333472224535399,1.0000000000000018,0.0
79312,33.906398439974,1.0,560,681,1241,0.0,-0.0008333472224535399,1.0000000000000018,0.0
79313,33.905565092751544,1.0,560,681,1241,0.0,-0.0008333472224535399,1.0000000000000018,0.0
79314,33.90473174552909,1.0,560,681,1241,0.0,-0.0008333472224535399,1.0000000000000018,0.0
79315,33.90389839830664,1.0,560,681,1241,0.0,-0.0008333472224535399,1.0000000000000018,0.0
79316,33.903065051084184,1.0,560,681,1241,0.0,-0.0008333472224535399,1.0000000000000018,0.0
79317,33.90223170386173,1.0,560,681,1241,0.0,-0.0008333472224535399,1.0000000000000018,0.0
79318,33.90139835663928,1.0,560,681,1241,0.0,-0.0008333472224535399,1.0000000000000018,0.0
79319,33.90056500941682,1.0,560,681,1241,0.0,-0.0008333472224535399,1.0000000000000018,0.0
79320,33.89973166219437,1.0,560,681,1241,0.0,-0.0008333472224535399,1.0000000000000018,0.0
79321,33.898898314971916,1.0,560,681,1241,0.0,-0.0008333472224535399,1.0000000000000018,0.0
79322,33.89806496774946,1.0,560,681,1241,0.0,-0.0008333472224535399,1.0000000000000018,0.0
79323,33.89723162052701,1.0,560,681,1241,0.0,-0.0008333472224535399,1.0000000000000018,0.0
79324,33.896398273304555,1.0,560,681,1241,0.0,-0.0008333472224535399,1.0000000000000018,0.0
79325,33.8955649260821,1.0,560,681,1241,0.0,-0.0008333472224535399,1.0000000000000018,0.0
79326,33.89473157885965,1.0,560,681,1241,0.0,-0.0008333472224535399,1.0000000000000018,0.0
79327,33.893898231637195,1.0,560,681,1241,0.0,-0.0008333472224535399,1.0000000000000018,0.0
79328,33.89306488441474,1.0,560,681,1241,0.0,-0.0008333472224535399,1.0000000000000018,0.0
79329,33.89223153719229,1.0,560,681,1241,0.0,-0.0008333472224535399,1.0000000000000018,0.0
79330,33.891398189969834,1.0,560,681,1241,0.0,-0.0008333472224535399,1.0000000000000018,0.0
79331,33.89056484274738,1.0,560,681,1241,0.0,-0.0008333472224535399,1.0000000000000018,0.0
79332,33.88973149552493,1.0,560,681,1241,0.0,-0.0008333472224535399,1.0000000000000018,0.0
79333,33.888898148302474,1.0,560,681,1241,0.0,-0.0008333472224535399,1.0000000000000018,0.0
79334,33.88806480108002,1.0,560,681,1241,0.0,-0.0008333472224535399,1.0000000000000018,0.0
79335,33.88723145385757,1.0,560,681,1241,0.0,-0.0008333472224535399,1.0000000000000018,0.0
79336,33.88639810663511,1.0,560,681,1241,0.0,-0.0008333472224535399,1.0000000000000018,0.0
79337,33.88556475941266,0.9991941982272361,560,681,1241,-0.0008058017727639033,-0.0008333472224535399,0.9999194198227255,-8.058017727639034e-05
79338,33.884731412190206,0.9991941982272361,560,681,1241,0.0,-0.0008333472224535399,0.9998388396454491,-8.058017727639034e-05
79339,33.88389806496775,0.9991941982272361,560,681,1241,0.0,-0.0008333472224535399,0.9997582594681728,-8.058017727639034e-05
79340,33.8830647177453,1.0,560,681,1241,0.0008058017727639033,-0.0008333472224535399,0.9997582594681728,0.0
79341,33.882231370522845,1.0,560,681,1241,0.0,-0.0008333472224535399,0.9997582594681728,0.0
79342,33.88139802330039,1.0,560,681,1241,0.0,-0.0008333472224535399,0.9997582594681728,0.0
79343,33.88056467607794,1.0,560,681,1241,0.0,-0.0008333472224535399,0.9997582594681728,0.0
79344,33.879731328855485,1.0,560,681,1241,0.0,-0.0008333472224535399,0.9997582594681728,0.0
79345,33.87889798163303,1.0,560,681,1241,0.0,-0.0008333472224535399,0.9997582594681728,0.0
79346,33.87806463441058,1.0,560,681,1241,0.0,-0.0008333472224535399,0.9997582594681728,0.0
79347,33.877231287188124,1.0,560,681,1241,0.0,-0.0008333472224535399,0.9998388396454491,8.058017727639034e-05
79348,33.87639793996567,1.0,560,681,1241,0.0,-0.0008333472224535399,0.9999194198227255,8.058017727639034e-05
79349,33.87556459274322,1.0,560,681,1241,0.0,-0.0008333472224535399,1.0000000000000018,8.058017727639034e-05
79350,33.874731245520756,1.0,560,681,1241,0.0,-0.0008333472224606453,1.0000000000000018,0.0
79351,33.8738978982983,1.0,560,681,1241,0.0,-0.0008333472224535399,1.0000000000000018,0.0
79352,33.87306455107585,1.0,560,681,1241,0.0,-0.0008333472224535399,1.0000000000000018,0.0
79353,33.872231203853396,0.9991941982272361,560,681,1241,-0.0008058017727639033,-0.0008333472224535399,0.9999194198227255,-8.058017727639034e-05
79354,33.87139785663094,0.9983883964544722,560,681,1241,-0.0008058017727639033,-0.0008333472224535399,0.9997582594681728,-0.00016116035455278067
79355,33.87056450940849,0.9991941982272361,560,681,1241,0.0008058017727639033,-0.0008333472224535399,0.9996776792908963,-8.058017727639034e-05
79356,33.869731162186035,0.9991941982272361,560,681,1241,0.0,-0.0008333472224535399,0.99959709911362,-8.058017727639034e-05
79357,33.86889781496358,1.0,560,681,1241,0.0008058017727639033,-0.0008333472224535399,0.99959709911362,0.0
79358,33.86806446774113,1.0,560,681,1241,0.0,-0.0008333472224535399,0.99959709911362,0.0
79359,33.867231120518674,1.0,560,681,1241,0.0,-0.0008333472224535399,0.99959709911362,0.0
79360,33.86639777329622,1.0,560,681,1241,0.0,-0.0008333472224535399,0.99959709911362,0.0
79361,33.86556442607377,1.0,560,681,1241,0.0,-0.0008333472224535399,0.99959709911362,0.0
79362,33.864731078851314,1.0,560,681,1241,0.0,-0.0008333472224535399,0.99959709911362,0.0
79363,33.86389773162886,1.0,560,681,1241,0.0,-0.0008333472224535399,0.9996776792908963,8.058017727639034e-05
79364,33.86306438440641,1.0,560,681,1241,0.0,-0.0008333472224535399,0.9998388396454491,0.00016116035455278067
79365,33.86223103718395,1.0,560,681,1241,0.0,-0.0008333472224535399,0.9999194198227255,8.058017727639034e-05
79366,33.8613976899615,1.0,560,681,1241,0.0,-0.0008333472224535399,1.0000000000000018,8.058017727639034e-05
79367,33.860564342739046,1.0,560,681,1241,0.0,-0.0008333472224535399,1.0000000000000018,0.0
79368,33.85973099551659,1.0,560,681,1241,0.0,-0.0008333472224535399,1.0000000000000018,0.0
79369,33.85889764829414,0.9991941982272361,560,681,1241,-0.0008058017727639033,-0.0008333472224535399,0.9999194198227255,-8.058017727639034e-05
79370,33.858064301071686,1.0,560,681,1241,0.0008058017727639033,-0.0008333472224535399,0.9999194198227255,0.0
79371,33.857230953849225,1.0,560,681,1241,0.0,-0.0008333472224606453,0.9999194198227255,0.0
79372,33.85639760662677,0.9991941982272361,560,681,1241,-0.0008058017727639033,-0.0008333472224535399,0.9998388396454491,-8.058017727639034e-05
79373,33.85556425940432,0.9991941982272361,560,681,1241,0.0,-0.0008333472224535399,0.9997582594681728,-8.058017727639034e-05
79374,33.854730912181864,1.0,560,681,1241,0.0008058017727639033,-0.0008333472224535399,0.9997582594681728,0.0
79375,33.85389756495941,1.0,560,681,1241,0.0,-0.0008333472224535399,0.9997582594681728,0.0
79376,33.85306421773696,0.9991941982272361,560,681,1241,-0.0008058017727639033,-0.0008333472224535399,0.9996776792908963,-8.058017727639034e-05
79377,33.852230870514504,0.9991941982272361,560,681,1241,0.0,-0.0008333472224535399,0.99959709911362,-8.058017727639034e-05
79378,33.85139752329205,1.0,560,681,1241,0.0008058017727639033,-0.0008333472224535399,0.99959709911362,0.0
79379,33.8505641760696,1.0,560,681,1241,0.0,-0.0008333472224535399,0.9996776792908963,8.058017727639034e-05
79380,33.84973082884714,1.0,560,681,1241,0.0,-0.0008333472224535399,0.9996776792908963,0.0
79381,33.84889748162469,1.0,560,681,1241,0.0,-0.0008333472224535399,0.9996776792908963,0.0
79382,33.848064134402236,1.0,560,681,1241,0.0,-0.0008333472224535399,0.9997582594681728,8.058017727639034e-05
79383,33.84723078717978,1.0,560,681,1241,0.0,-0.0008333472224535399,0.9998388396454491,8.058017727639034e-05
79384,33.84639743995733,1.0,560,681,1241,0.0,-0.0008333472224535399,0.9998388396454491,0.0
79385,33.845564092734875,1.0,560,681,1241,0.0,-0.0008333472224535399,0.9998388396454491,0.0
79386,33.84473074551242,1.0,560,681,1241,0.0,-0.0008333472224535399,0.9999194198227255,8.058017727639034e-05
79387,33.84389739828997,1.0,560,681,1241,0.0,-0.0008333472224535399,1.0000000000000018,8.058017727639034e-05
79388,33.843064051067515,1.0,560,681,1241,0.0,-0.0008333472224535399,1.0000000000000018,0.0
79389,33.84223070384506,1.0,560,681,1241,0.0,-0.0008333472224535399,1.0000000000000018,0.0
79390,33.84139735662261,1.0,560,681,1241,0.0,-0.0008333472224535399,1.0000000000000018,0.0
79391,33.840564009400154,1.0,560,681,1241,0.0,-0.0008333472224535399,1.0000000000000018,0.0
79392,33.8397306621777,1.0,560,681,1241,0.0,-0.0008333472224535399,1.0000000000000018,0.0
79393,33.83889731495525,1.0,560,681,1241,0.0,-0.0008333472224535399,1.0000000000000018,0.0
79394,33.83806396773279,1.0,560,681,1241,0.0,-0.0008333472224535399,1.0000000000000018,0.0
79395,33.83723062051034,1.0,560,681,1241,0.0,-0.0008333472224535399,1.0000000000000018,0.0
79396,33.836397273287886,1.0,560,681,1241,0.0,-0.0008333472224535399,1.0000000000000018,0.0
79397,33.83556392606543,1.0,560,681,1241,0.0,-0.0008333472224535399,1.0000000000000018,0.0
79398,33.83473057884298,1.0,560,681,1241,0.0,-0.0008333472224535399,1.0000000000000018,0.0
79399,33.833897231620526,1.0,560,681,1241,0.0,-0.0008333472224535399,1.0000000000000018,0.0
79400,33.83306388439807,0.9991941982272361,560,681,1241,-0.0008058017727639033,-0.0008333472224535399,0.9999194198227255,-8.058017727639034e-05
79401,33.83223053717562,0.9991941982272361,560,681,1241,0.0,-0.0008333472224535399,0.9998388396454491,-8.058017727639034e-05
79402,33.831397189953165,0.9991941982272361,560,681,1241,0.0,-0.0008333472224535399,0.9997582594681728,-8.058017727639034e-05
79403,33.83056384273071,0.9991941982272361,560,681,1241,0.0,-0.0008333472224535399,0.9996776792908963,-8.058017727639034e-05
79404,33.82973049550826,0.9991941982272361,560,681,1241,0.0,-0.0008333472224535399,0.99959709911362,-8.058017727639034e-05
79405,33.828897148285805,0.9991941982272361,560,681,1241,0.0,-0.0008333472224535399,0.9995165189363437,-8.058017727639034e-05
79406,33.82806380106335,0.9991941982272361,560,681,1241,0.0,-0.0008333472224535399,0.9994359387590673,-8.058017727639034e-05
79407,33.8272304538409,0.9991941982272361,560,681,1241,0.0,-0.0008333472224535399,0.999355358581791,-8.058017727639034e-05
79408,33.826397106618444,0.9991941982272361,560,681,1241,0.0,-0.0008333472224535399,0.9992747784045146,-8.058017727639034e-05
79409,33.82556375939599,0.9991941982272361,560,681,1241,0.0,-0.0008333472224535399,0.9991941982272383,-8.058017727639034e-05
79410,33.82473041217354,0.9991941982272361,560,681,1241,0.0,-0.0008333472224535399,0.9991941982272383,0.0
79411,33.82389706495108,0.9991941982272361,560,681,1241,0.0,-0.0008333472224535399,0.9991941982272383,0.0
79412,33.82306371772863,0.9991941982272361,560,681,1241,0.0,-0.0008333472224535399,0.9991941982272383,0.0
79413,33.822230370506176,0.9991941982272361,560,681,1241,0.0,-0.0008333472224535399,0.9991941982272383,0.0
79414,33.82139702328372,1.0,560,681,1241,0.0008058017727639033,-0.0008333472224535399,0.9992747784045146,8.058017727639034e-05
79415,33.82056367606127,0.9991941982272361,560,681,1241,-0.0008058017727639033,-0.0008333472224535399,0.9992747784045146,0.0
79416,33.819730328838816,1.0,560,681,1241,0.0008058017727639033,-0.0008333472224535399,0.999355358581791,8.058017727639034e-05
79417,33.81889698161636,0.9991941982272361,560,681,1241,-0.0008058017727639033,-0.0008333472224535399,0.999355358581791,0.0
79418,33.81806363439391,0.9991941982272361,560,681,1241,0.0,-0.0008333472224535399,0.999355358581791,0.0
79419,33.817230287171455,0.9991941982272361,560,681,1241,0.0,-0.0008333472224535399,0.999355358581791,0.0
79420,33.816396939949,0.9983883964544722,560,681,1241,-0.0008058017727639033,-0.0008333472224535399,0.9992747784045146,-8.058017727639034e-05
79421,33.81556359272655,0.9983883964544722,560,681,1241,0.0,-0.0008333472224535399,0.9991941982272383,-8.058017727639034e-05
79422,33.814730245504094,0.9983883964544722,560,681,1241,0.0,-0.0008333472224535399,0.999113618049962,-8.058017727639034e-05
79423,33.81389689828164,0.9991941982272361,560,681,1241,0.0008058017727639033,-0.0008333472224535399,0.999113618049962,0.0
79424,33.81306355105919,1.0,560,681,1241,0.0008058017727639033,-0.0008333472224535399,0.999113618049962,0.0
79425,33.812230203836734,1.0,560,681,1241,0.0,-0.0008333472224535399,0.9991941982272383,8.058017727639034e-05
79426,33.81139685661428,1.0,560,681,1241,0.0,-0.0008333472224535399,0.9991941982272383,0.0
79427,33.81056350939183,1.0,560,681,1241,0.0,-0.0008333472224535399,0.9992747784045146,8.058017727639034e-05
79428,33.80973016216937,1.0,560,681,1241,0.0,-0.0008333472224535399,0.999355358581791,8.058017727639034e-05
79429,33.80889681494692,1.0,560,681,1241,0.0,-0.0008333472224535399,0.9994359387590673,8.058017727639034e-05
79430,33.808063467724466,1.0,560,681,1241,0.0,-0.0008333472224535399,0.99959709911362,0.00016116035455278067
79431,33.80723012050201,1.0,560,681,1241,0.0,-0.0008333472224535399,0.9997582594681728,0.00016116035455278067
79432,33.80639677327956,1.0,560,681,1241,0.0,-0.0008333472224535399,0.9999194198227255,0.00016116035455278067
79433,33.805563426057105,1.0,560,681,1241,0.0,-0.0008333472224535399,1.0000000000000018,8.058017727639034e-05
79434,33.80473007883465,1.0,560,681,1241,0.0,-0.0008333472224535399,1.0000000000000018,0.0
79435,33.80389673161219,1.0,560,681,1241,0.0,-0.0008333472224606453,1.0000000000000018,0.0
79436,33.80306338438974,1.0,560,681,1241,0.0,-0.0008333472224535399,1.0000000000000018,0.0
79437,33.802230037167284,0.9991941982272361,560,681,1241,-0.0008058017727639033,-0.0008333472224535399,0.9999194198227255,-8.058017727639034e-05
79438,33.80139668994483,1.0,560,681,1241,0.0008058017727639033,-0.0008333472224535399,0.9999194198227255,0.0
79439,33.80056334272238,1.0,560,681,1241,0.0,-0.0008333472224535399,0.9999194198227255,0.0
79440,33.79972999549992,1.0,560,681,1241,0.0,-0.0008333472224535399,0.9999194198227255,0.0
79441,33.79889664827747,1.0,560,681,1241,0.0,-0.0008333472224535399,0.9999194198227255,0.0
79442,33.798063301055016,1.0,560,681,1241,0.0,-0.0008333472224535399,0.9999194198227255,0.0
79443,33.79722995383256,1.0,560,681,1241,0.0,-0.0008333472224535399,0.9999194198227255,0.0
79444,33.79639660661011,1.0,560,681,1241,0.0,-0.0008333472224535399,0.9999194198227255,0.0
79445,33.795563259387656,1.0,560,681,1241,0.0,-0.0008333472224535399,0.9999194198227255,0.0
79446,33.7947299121652,1.0,560,681,1241,0.0,-0.0008333472224535399,0.9999194198227255,0.0
79447,33.79389656494275,1.0,560,681,1241,0.0,-0.0008333472224535399,1.0000000000000018,8.058017727639034e-05
79448,33.793063217720295,0.9991941982272361,560,681,1241,-0.0008058017727639033,-0.0008333472224535399,0.9999194198227255,-8.058017727639034e-05
79449,33.79222987049784,0.9991941982272361,560,681,1241,0.0,-0.0008333472224535399,0.9998388396454491,-8.058017727639034e-05
79450,33.79139652327539,0.9991941982272361,560,681,1241,0.0,-0.0008333472224535399,0.9997582594681728,-8.058017727639034e-05
79451,33.790563176052935,1.0,560,681,1241,0.0008058017727639033,-0.0008333472224535399,0.9997582594681728,0.0
79452,33.78972982883048,0.9991941982272361,560,681,1241,-0.0008058017727639033,-0.0008333472224535399,0.9996776792908963,-8.058017727639034e-05
79453,33.78889648160803,1.0,560,681,1241,0.0008058017727639033,-0.0008333472224535399,0.9996776792908963,0.0
79454,33.788063134385574,1.0,560,681,1241,0.0,-0.0008333472224535399,0.9996776792908963,0.0
79455,33.78722978716312,1.0,560,681,1241,0.0,-0.0008333472224535399,0.9996776792908963,0.0
79456,33.78639643994066,1.0,560,681,1241,0.0,-0.0008333472224606453,0.9996776792908963,0.0
79457,33.785563092718206,1.0,560,681,1241,0.0,-0.0008333472224535399,0.9996776792908963,0.0
79458,33.78472974549575,1.0,560,681,1241,0.0,-0.0008333472224535399,0.9997582594681728,8.058017727639034e-05
79459,33.7838963982733,1.0,560,681,1241,0.0,-0.0008333472224535399,0.9998388396454491,8.058017727639034e-05
79460,33.783063051050846,1.0,560,681,1241,0.0,-0.0008333472224535399,0.9999194198227255,8.058017727639034e-05
79461,33.78222970382839,1.0,560,681,1241,0.0,-0.0008333472224535399,0.9999194198227255,0.0
79462,33.78139635660594,1.0,560,681,1241,0.0,-0.0008333472224535399,1.0000000000000018,8.058017727639034e-05
79463,33.780563009383485,1.0,560,681,1241,0.0,-0.0008333472224535399,1.0000000000000018,0.0
79464,33.77972966216103,1.0,560,681,1241,0.0,-0.0008333472224535399,1.0000000000000018,0.0
79465,33.77889631493858,1.0,560,681,1241,0.0,-0.0008333472224535399,1.0000000000000018,0.0
79466,33.778062967716124,1.0,560,681,1241,0.0,-0.0008333472224535399,1.0000000000000018,0.0
79467,33.77722962049367,1.0,560,681,1241,0.0,-0.0008333472224535399,1.0000000000000018,0.0
79468,33.77639627327122,1.0,560,681,1241,0.0,-0.0008333472224535399,1.0000000000000018,0.0
79469,33.775562926048764,1.0,560,681,1241,0.0,-0.0008333472224535399,1.0000000000000018,0.0
79470,33.77472957882631,1.0,560,681,1241,0.0,-0.0008333472224535399,1.0000000000000018,0.0
79471,33.77389623160386,1.0,560,681,1241,0.0,-0.0008333472224535399,1.0000000000000018,0.0
79472,33.7730628843814,1.0,560,681,1241,0.0,-0.0008333472224535399,1.0000000000000018,0.0
79473,33.77222953715895,1.0,560,681,1241,0.0,-0.0008333472224535399,1.0000000000000018,0.0
79474,33.771396189936496,1.0,560,681,1241,0.0,-0.0008333472224535399,1.0000000000000018,0.0
79475,33.77056284271404,1.0,560,681,1241,0.0,-0.0008333472224535399,1.0000000000000018,0.0
79476,33.76972949549159,1.0,560,681,1241,0.0,-0.0008333472224535399,1.0000000000000018,0.0
79477,33.768896148269135,1.0,560,681,1241,0.0,-0.0008333472224535399,1.0000000000000018,0.0
79478,33.76806280104668,1.0,560,681,1241,0.0,-0.0008333472224535399,1.0000000000000018,0.0
79479,33.76722945382423,1.0,560,681,1241,0.0,-0.0008333472224535399,1.0000000000000018,0.0
79480,33.766396106601775,1.0,560,681,1241,0.0,-0.0008333472224535399,1.0000000000000018,0.0
79481,33.76556275937932,1.0,560,681,1241,0.0,-0.0008333472224535399,1.0000000000000018,0.0
79482,33.76472941215687,1.0,560,681,1241,0.0,-0.0008333472224535399,1.0000000000000018,0.0
79483,33.763896064934414,1.0,560,681,1241,0.0,-0.0008333472224535399,1.0000000000000018,0.0
79484,33.76306271771196,1.0,560,681,1241,0.0,-0.0008333472224535399,1.0000000000000018,0.0
79485,33.76222937048951,1.0,560,681,1241,0.0,-0.0008333472224535399,1.0000000000000018,0.0
79486,33.761396023267054,1.0,560,681,1241,0.0,-0.0008333472224535399,1.0000000000000018,0.0
79487,33.7605626760446,1.0,560,681,1241,0.0,-0.0008333472224535399,1.0000000000000018,0.0
79488,33.75972932882215,1.0,560,681,1241,0.0,-0.0008333472224535399,1.0000000000000018,0.0
79489,33.75889598159969,1.0,560,681,1241,0.0,-0.0008333472224535399,1.0000000000000018,0.0
79490,33.75806263437724,1.0,560,681,1241,0.0,-0.0008333472224535399,1.0000000000000018,0.0
79491,33.757229287154786,1.0,560,681,1241,0.0,-0.0008333472224535399,1.0000000000000018,0.0
79492,33.75639593993233,1.0,560,681,1241,0.0,-0.0008333472224535399,1.0000000000000018,0.0
79493,33.75556259270988,0.9991941982272361,560,681,1241,-0.0008058017727639033,-0.0008333472224535399,0.9999194198227255,-8.058017727639034e-05
79494,33.754729245487425,0.9991941982272361,560,681,1241,0.0,-0.0008333472224535399,0.9998388396454491,-8.058017727639034e-05
79495,33.75389589826497,0.9991941982272361,560,681,1241,0.0,-0.0008333472224535399,0.9997582594681728,-8.058017727639034e-05
79496,33.75306255104252,1.0,560,681,1241,0.0008058017727639033,-0.0008333472224535399,0.9997582594681728,0.0
79497,33.752229203820065,1.0,560,681,1241,0.0,-0.0008333472224535399,0.9997582594681728,0.0
79498,33.75139585659761,1.0,560,681,1241,0.0,-0.0008333472224535399,0.9997582594681728,0.0
79499,33.75056250937516,0.9991941982272361,560,681,1241,-0.0008058017727639033,-0.0008333472224535399,0.9996776792908963,-8.058017727639034e-05
79500,33.749729162152704,0.9991941982272361,560,681,1241,0.0,-0.0008333472224535399,0.99959709911362,-8.058017727639034e-05
79501,33.74889581493025,0.9991941982272361,560,681,1241,0.0,-0.0008333472224535399,0.9995165189363437,-8.058017727639034e-05
79502,33.7480624677078,1.0,560,681,1241,0.0008058017727639033,-0.0008333472224535399,0.9995165189363437,0.0
79503,33.74722912048534,1.0,560,681,1241,0.0,-0.0008333472224535399,0.99959709911362,8.058017727639034e-05
79504,33.74639577326289,1.0,560,681,1241,0.0,-0.0008333472224535399,0.9996776792908963,8.058017727639034e-05
79505,33.745562426040436,1.0,560,681,1241,0.0,-0.0008333472224535399,0.9997582594681728,8.058017727639034e-05
79506,33.74472907881798,1.0,560,681,1241,0.0,-0.0008333472224535399,0.9997582594681728,0.0
79507,33.74389573159553,1.0,560,681,1241,0.0,-0.0008333472224535399,0.9997582594681728,0.0
79508,33.743062384373076,1.0,560,681,1241,0.0,-0.0008333472224535399,0.9997582594681728,0.0
79509,33.74222903715062,1.0,560,681,1241,0.0,-0.0008333472224535399,0.9998388396454491,8.058017727639034e-05
79510,33.74139568992817,1.0,560,681,1241,0.0,-0.0008333472224535399,0.9999194198227255,8.058017727639034e-05
79511,33.740562342705715,1.0,560,681,1241,0.0,-0.0008333472224535399,1.0000000000000018,8.058017727639034e-05
79512,33.73972899548326,1.0,560,681,1241,0.0,-0.0008333472224535399,1.0000000000000018,0.0
79513,33.73889564826081,1.0,560,681,1241,0.0,-0.0008333472224535399,1.0000000000000018,0.0
79514,33.738062301038354,1.0,560,681,1241,0.0,-0.0008333472224535399,1.0000000000000018,0.0
79515,33.7372289538159,1.0,560,681,1241,0.0,-0.0008333472224535399,1.0000000000000018,0.0
79516,33.73639560659345,1.0,560,681,1241,0.0,-0.0008333472224535399,1.0000000000000018,0.0
79517,33.735562259370994,1.0,560,681,1241,0.0,-0.0008333472224535399,1.0000000000000018,0.0
79518,33.73472891214854,1.0,560,681,1241,0.0,-0.0008333472224535399,1.0000000000000018,0.0
79519,33.73389556492608,1.0,560,681,1241,0.0,-0.0008333472224606453,1.0000000000000018,0.0
79520,33.733062217703626,1.0,560,681,1241,0.0,-0.0008333472224535399,1.0000000000000018,0.0
79521,33.73222887048117,1.0,560,681,1241,0.0,-0.0008333472224535399,1.0000000000000018,0.0
79522,33.73139552325872,1.0,560,681,1241,0.0,-0.0008333472224535399,1.0000000000000018,0.0
79523,33.730562176036265,1.0,560,681,1241,0.0,-0.0008333472224535399,1.0000000000000018,0.0
79524,33.72972882881381,1.0,560,681,1241,0.0,-0.0008333472224535399,1.0000000000000018,0.0
79525,33.72889548159136,0.9991941982272361,560,681,1241,-0.0008058017727639033,-0.0008333472224535399,0.9999194198227255,-8.058017727639034e-05
79526,33.728062134368905,1.0,560,681,1241,0.0008058017727639033,-0.0008333472224535399,0.9999194198227255,0.0
79527,33.72722878714645,1.0,560,681,1241,0.0,-0.0008333472224535399,0.9999194198227255,0.0
79528,33.726395439924,1.0,560,681,1241,0.0,-0.0008333472224535399,0.9999194198227255,0.0
79529,33.725562092701544,1.0,560,681,1241,0.0,-0.0008333472224535399,0.9999194198227255,0.0
79530,33.72472874547909,1.0,560,681,1241,0.0,-0.0008333472224535399,0.9999194198227255,0.0
79531,33.72389539825664,1.0,560,681,1241,0.0,-0.0008333472224535399,0.9999194198227255,0.0
79532,33.723062051034184,1.0,560,681,1241,0.0,-0.0008333472224535399,0.9999194198227255,0.0
79533,33.72222870381173,1.0,560,681,1241,0.0,-0.0008333472224535399,0.9999194198227255,0.0
79534,33.72139535658928,1.0,560,681,1241,0.0,-0.0008333472224535399,0.9999194198227255,0.0
79535,33.72056200936682,1.0,560,681,1241,0.0,-0.0008333472224535399,1.0000000000000018,8.058017727639034e-05
79536,33.71972866214437,1.0,560,681,1241,0.0,-0.0008333472224535399,1.0000000000000018,0.0
79537,33.718895314921916,1.0,560,681,1241,0.0,-0.0008333472224535399,1.0000000000000018,0.0
79538,33.71806196769946,1.0,560,681,1241,0.0,-0.0008333472224535399,1.0000000000000018,0.0
79539,33.71722862047701,1.0,560,681,1241,0.0,-0.0008333472224535399,1.0000000000000018,0.0
79540,33.716395273254555,1.0,560,681,1241,0.0,-0.0008333472224535399,1.0000000000000018,0.0
79541,33.715561926032095,1.0,560,681,1241,0.0,-0.0008333472224606453,1.0000000000000018,0.0
79542,33.71472857880964,1.0,560,681,1241,0.0,-0.0008333472224535399,1.0000000000000018,0.0
79543,33.71389523158719,1.0,560,681,1241,0.0,-0.0008333472224535399,1.0000000000000018,0.0
79544,33.713061884364734,1.0,560,681,1241,0.0,-0.0008333472224535399,1.0000000000000018,0.0
79545,33.71222853714228,1.0,560,681,1241,0.0,-0.0008333472224535399,1.0000000000000018,0.0
79546,33.71139518991983,1.0,560,681,1241,0.0,-0.0008333472224535399,1.0000000000000018,0.0
79547,33.71056184269737,1.0,560,681,1241,0.0,-0.0008333472224535399,1.0000000000000018,0.0
79548,33.70972849547492,1.0,560,681,1241,0.0,-0.0008333472224535399,1.0000000000000018,0.0
79549,33.708895148252466,1.0,560,681,1241,0.0,-0.0008333472224535399,1.0000000000000018,0.0
79550,33.70806180103001,1.0,560,681,1241,0.0,-0.0008333472224535399,1.0000000000000018,0.0
79551,33.70722845380756,1.0,560,681,1241,0.0,-0.0008333472224535399,1.0000000000000018,0.0
79552,33.706395106585106,1.0,560,681,1241,0.0,-0.0008333472224535399,1.0000000000000018,0.0
79553,33.70556175936265,1.0,560,681,1241,0.0,-0.0008333472224535399,1.0000000000000018,0.0
79554,33.7047284121402,1.0,560,681,1241,0.0,-0.0008333472224535399,1.0000000000000018,0.0
79555,33.703895064917745,1.0,560,681,1241,0.0,-0.0008333472224535399,1.0000000000000018,0.0
79556,33.70306171769529,1.0,560,681,1241,0.0,-0.0008333472224535399,1.0000000000000018,0.0
79557,33.70222837047284,1.0,560,681,1241,0.0,-0.0008333472224535399,1.0000000000000018,0.0
79558,33.701395023250384,1.0,560,681,1241,0.0,-0.0008333472224535399,1.0000000000000018,0.0
79559,33.70056167602793,1.0,560,681,1241,0.0,-0.0008333472224535399,1.0000000000000018,0.0
79560,33.69972832880548,1.0,560,681,1241,0.0,-0.0008333472224535399,1.0000000000000018,0.0
79561,33.698894981583024,1.0,560,681,1241,0.0,-0.0008333472224535399,1.0000000000000018,0.0
79562,33.69806163436057,1.0,560,681,1241,0.0,-0.0008333472224535399,1.0000000000000018,0.0
79563,33.69722828713812,1.0,560,681,1241,0.0,-0.0008333472224535399,1.0000000000000018,0.0
79564,33.69639493991566,1.0,560,681,1241,0.0,-0.0008333472224535399,1.0000000000000018,0.0
79565,33.69556159269321,1.0,560,681,1241,0.0,-0.0008333472224535399,1.0000000000000018,0.0
79566,33.694728245470756,1.0,560,681,1241,0.0,-0.0008333472224535399,1.0000000000000018,0.0
79567,33.6938948982483,1.0,560,681,1241,0.0,-0.0008333472224535399,1.0000000000000018,0.0
79568,33.69306155102585,1.0,560,681,1241,0.0,-0.0008333472224535399,1.0000000000000018,0.0
79569,33.692228203803396,1.0,560,681,1241,0.0,-0.0008333472224535399,1.0000000000000018,0.0
79570,33.69139485658094,1.0,560,681,1241,0.0,-0.0008333472224535399,1.0000000000000018,0.0
79571,33.69056150935849,1.0,560,681,1241,0.0,-0.0008333472224535399,1.0000000000000018,0.0
79572,33.689728162136035,1.0,560,681,1241,0.0,-0.0008333472224535399,1.0000000000000018,0.0
79573,33.68889481491358,1.0,560,681,1241,0.0,-0.0008333472224535399,1.0000000000000018,0.0
79574,33.68806146769113,1.0,560,681,1241,0.0,-0.0008333472224535399,1.0000000000000018,0.0
79575,33.687228120468674,1.0,560,681,1241,0.0,-0.0008333472224535399,1.0000000000000018,0.0
79576,33.68639477324622,1.0,560,681,1241,0.0,-0.0008333472224535399,1.0000000000000018,0.0
79577,33.68556142602377,1.0,560,681,1241,0.0,-0.0008333472224535399,1.0000000000000018,0.0
79578,33.684728078801314,1.0,560,681,1241,0.0,-0.0008333472224535399,1.0000000000000018,0.0
79579,33.68389473157886,0.9991941982272361,560,681,1241,-0.0008058017727639033,-0.0008333472224535399,0.9999194198227255,-8.058017727639034e-05
79580,33.68306138435641,0.9991941982272361,560,681,1241,0.0,-0.0008333472224535399,0.9998388396454491,-8.058017727639034e-05
79581,33.68222803713395,0.9991941982272361,560,681,1241,0.0,-0.0008333472224535399,0.9997582594681728,-8.058017727639034e-05
79582,33.6813946899115,1.0,560,681,1241,0.0008058017727639033,-0.0008333472224535399,0.9997582594681728,0.0
79583,33.680561342689046,1.0,560,681,1241,0.0,-0.0008333472224535399,0.9997582594681728,0.0
79584,33.67972799546659,1.0,560,681,1241,0.0,-0.0008333472224535399,0.9997582594681728,0.0
79585,33.67889464824414,1.0,560,681,1241,0.0,-0.0008333472224535399,0.9997582594681728,0.0
79586,33.678061301021685,1.0,560,681,1241,0.0,-0.0008333472224535399,0.9997582594681728,0.0
79587,33.67722795379923,1.0,560,681,1241,0.0,-0.0008333472224535399,0.9997582594681728,0.0
79588,33.67639460657678,1.0,560,681,1241,0.0,-0.0008333472224535399,0.9997582594681728,0.0
79589,33.675561259354325,1.0,560,681,1241,0.0,-0.0008333472224535399,0.9998388396454491,8.058017727639034e-05
79590,33.67472791213187,1.0,560,681,1241,0.0,-0.0008333472224535399,0.9999194198227255,8.058017727639034e-05
79591,33.67389456490942,1.0,560,681,1241,0.0,-0.0008333472224535399,1.0000000000000018,8.058017727639034e-05
79592,33.673061217686964,1.0,560,681,1241,0.0,-0.0008333472224535399,1.0000000000000018,0.0
79593,33.67222787046451,1.0,560,681,1241,0.0,-0.0008333472224535399,1.0000000000000018,0.0
79594,33.67139452324206,1.0,560,681,1241,0.0,-0.0008333472224535399,1.0000000000000018,0.0
79595,33.6705611760196,1.0,560,681,1241,0.0,-0.0008333472224535399,1.0000000000000018,0.0
79596,33.66972782879715,1.0,560,681,1241,0.0,-0.0008333472224535399,1.0000000000000018,0.0
79597,33.668894481574696,1.0,560,681,1241,0.0,-0.0008333472224535399,1.0000000000000018,0.0
79598,33.66806113435224,1.0,560,681,1241,0.0,-0.0008333472224535399,1.0000000000000018,0.0
79599,33.66722778712979,1.0,560,681,1241,0.0,-0.0008333472224535399,1.0000000000000018,0.0
79600,33.666394439907336,0.9991941982272361,560,681,1241,-0.0008058017727639033,-0.0008333472224535399,0.9999194198227255,-8.058017727639034e-05
79601,33.66556109268488,1.0,560,681,1241,0.0008058017727639033,-0.0008333472224535399,0.9999194198227255,0.0
79602,33.66472774546243,1.0,560,681,1241,0.0,-0.0008333472224535399,0.9999194198227255,0.0
79603,33.663894398239975,1.0,560,681,1241,0.0,-0.0008333472224535399,0.9999194198227255,0.0
79604,33.663061051017515,1.0,560,681,1241,0.0,-0.0008333472224606453,0.9999194198227255,0.0
79605,33.66222770379506,0.9991941982272361,560,681,1241,-0.0008058017727639033,-0.0008333472224535399,0.9998388396454491,-8.058017727639034e-05
79606,33.66139435657261,0.9991941982272361,560,681,1241,0.0,-0.0008333472224535399,0.9997582594681728,-8.058017727639034e-05
79607,33.660561009350154,0.9991941982272361,560,681,1241,0.0,-0.0008333472224535399,0.9996776792908963,-8.058017727639034e-05
79608,33.6597276621277,0.9983883964544722,560,681,1241,-0.0008058017727639033,-0.0008333472224535399,0.9995165189363437,-0.00016116035455278067
79609,33.65889431490525,0.9975825946817083,560,681,1241,-0.0008058017727639033,-0.0008333472224535399,0.9992747784045145,-0.00024174053182917098
79610,33.65806096768279,0.9991941982272361,560,681,1241,0.0016116035455278066,-0.0008333472224535399,0.9992747784045145,0.0
79611,33.65722762046034,0.9991941982272361,560,681,1241,0.0,-0.0008333472224535399,0.9991941982272381,-8.058017727639034e-05
79612,33.656394273237886,0.9991941982272361,560,681,1241,0.0,-0.0008333472224535399,0.9991136180499618,-8.058017727639034e-05
79613,33.65556092601543,0.9991941982272361,560,681,1241,0.0,-0.0008333472224535399,0.9990330378726855,-8.058017727639034e-05
79614,33.65472757879298,0.9983883964544722,560,681,1241,-0.0008058017727639033,-0.0008333472224535399,0.9988718775181326,-0.00016116035455278067
79615,33.653894231570526,0.9983883964544722,560,681,1241,0.0,-0.0008333472224535399,0.9987912973408563,-8.058017727639034e-05
79616,33.65306088434807,1.0,560,681,1241,0.0016116035455278066,-0.0008333472224535399,0.9988718775181326,8.058017727639034e-05
79617,33.65222753712562,1.0,560,681,1241,0.0,-0.0008333472224535399,0.998952457695409,8.058017727639034e-05
79618,33.651394189903165,1.0,560,681,1241,0.0,-0.0008333472224535399,0.9991136180499616,0.00016116035455278067
79619,33.65056084268071,1.0,560,681,1241,0.0,-0.0008333472224535399,0.9993553585817908,0.00024174053182917098
79620,33.64972749545826,1.0,560,681,1241,0.0,-0.0008333472224535399,0.9994359387590672,8.058017727639034e-05
79621,33.648894148235804,1.0,560,681,1241,0.0,-0.0008333472224535399,0.9995165189363435,8.058017727639034e-05
79622,33.64806080101335,1.0,560,681,1241,0.0,-0.0008333472224535399,0.9995970991136198,8.058017727639034e-05
79623,33.6472274537909,1.0,560,681,1241,0.0,-0.0008333472224535399,0.9996776792908962,8.058017727639034e-05
79624,33.646394106568444,1.0,560,681,1241,0.0,-0.0008333472224535399,0.9998388396454491,0.00016116035455278067
79625,33.64556075934598,1.0,560,681,1241,0.0,-0.0008333472224606453,1.0000000000000018,0.00016116035455278067
79626,33.64472741212353,1.0,560,681,1241,0.0,-0.0008333472224535399,1.0000000000000018,0.0
79627,33.643894064901076,1.0,560,681,1241,0.0,-0.0008333472224535399,1.0000000000000018,0.0
79628,33.64306071767862,1.0,560,681,1241,0.0,-0.0008333472224535399,1.0000000000000018,0.0
79629,33.64222737045617,1.0,560,681,1241,0.0,-0.0008333472224535399,1.0000000000000018,0.0
79630,33.641394023233715,1.0,560,681,1241,0.0,-0.0008333472224535399,1.0000000000000018,0.0
79631,33.64056067601126,1.0,560,681,1241,0.0,-0.0008333472224535399,1.0000000000000018,0.0
79632,33.63972732878881,0.9991941982272361,560,681,1241,-0.0008058017727639033,-0.0008333472224535399,0.9999194198227255,-8.058017727639034e-05
79633,33.638893981566355,1.0,560,681,1241,0.0008058017727639033,-0.0008333472224535399,0.9999194198227255,0.0
79634,33.6380606343439,1.0,560,681,1241,0.0,-0.0008333472224535399,0.9999194198227255,0.0
79635,33.63722728712145,1.0,560,681,1241,0.0,-0.0008333472224535399,0.9999194198227255,0.0
79636,33.636393939898994,1.0,560,681,1241,0.0,-0.0008333472224535399,0.9999194198227255,0.0
79637,33.63556059267654,1.0,560,681,1241,0.0,-0.0008333472224535399,0.9999194198227255,0.0
79638,33.63472724545409,1.0,560,681,1241,0.0,-0.0008333472224535399,0.9999194198227255,0.0
79639,33.633893898231634,1.0,560,681,1241,0.0,-0.0008333472224535399,0.9999194198227255,0.0
79640,33.63306055100918,1.0,560,681,1241,0.0,-0.0008333472224535399,0.9999194198227255,0.0
79641,33.63222720378673,1.0,560,681,1241,0.0,-0.0008333472224535399,0.9999194198227255,0.0
79642,33.63139385656427,1.0,560,681,1241,0.0,-0.0008333472224535399,1.0000000000000018,8.058017727639034e-05
79643,33.63056050934182,1.0,560,681,1241,0.0,-0.0008333472224535399,1.0000000000000018,0.0
79644,33.629727162119366,1.0,560,681,1241,0.0,-0.0008333472224535399,1.0000000000000018,0.0
79645,33.62889381489691,1.0,560,681,1241,0.0,-0.0008333472224535399,1.0000000000000018,0.0
79646,33.62806046767446,0.9991941982272361,560,681,1241,-0.0008058017727639033,-0.0008333472224535399,0.9999194198227255,-8.058017727639034e-05
79647,33.627227120452005,0.9991941982272361,560,681,1241,0.0,-0.0008333472224535399,0.9998388396454491,-8.058017727639034e-05
79648,33.62639377322955,0.9991941982272361,560,681,1241,0.0,-0.0008333472224535399,0.9997582594681728,-8.058017727639034e-05
79649,33.6255604260071,0.9991941982272361,560,681,1241,0.0,-0.0008333472224535399,0.9996776792908963,-8.058017727639034e-05
79650,33.624727078784645,0.9991941982272361,560,681,1241,0.0,-0.0008333472224535399,0.99959709911362,-8.058017727639034e-05
79651,33.62389373156219,0.9991941982272361,560,681,1241,0.0,-0.0008333472224535399,0.9995165189363437,-8.058017727639034e-05
79652,33.62306038433974,1.0,560,681,1241,0.0008058017727639033,-0.0008333472224535399,0.9995165189363437,0.0
79653,33.622227037117284,1.0,560,681,1241,0.0,-0.0008333472224535399,0.9995165189363437,0.0
79654,33.62139368989483,1.0,560,681,1241,0.0,-0.0008333472224535399,0.9995165189363437,0.0
79655,33.62056034267238,1.0,560,681,1241,0.0,-0.0008333472224535399,0.9995165189363437,0.0
79656,33.61972699544992,1.0,560,681,1241,0.0,-0.0008333472224535399,0.99959709911362,8.058017727639034e-05
79657,33.61889364822747,0.9991941982272361,560,681,1241,-0.0008058017727639033,-0.0008333472224535399,0.99959709911362,0.0
79658,33.618060301005016,0.9991941982272361,560,681,1241,0.0,-0.0008333472224535399,0.99959709911362,0.0
79659,33.61722695378256,0.9991941982272361,560,681,1241,0.0,-0.0008333472224535399,0.99959709911362,0.0
79660,33.61639360656011,0.9991941982272361,560,681,1241,0.0,-0.0008333472224535399,0.99959709911362,0.0
79661,33.615560259337656,1.0,560,681,1241,0.0008058017727639033,-0.0008333472224535399,0.9996776792908963,8.058017727639034e-05
79662,33.6147269121152,1.0,560,681,1241,0.0,-0.0008333472224535399,0.9996776792908963,0.0
79663,33.61389356489275,1.0,560,681,1241,0.0,-0.0008333472224535399,0.9996776792908963,0.0
79664,33.613060217670295,0.9991941982272361,560,681,1241,-0.0008058017727639033,-0.0008333472224535399,0.99959709911362,-8.058017727639034e-05
79665,33.61222687044784,1.0,560,681,1241,0.0008058017727639033,-0.0008333472224535399,0.99959709911362,0.0
79666,33.61139352322539,1.0,560,681,1241,0.0,-0.0008333472224535399,0.99959709911362,0.0
79667,33.610560176002934,1.0,560,681,1241,0.0,-0.0008333472224535399,0.9996776792908963,8.058017727639034e-05
79668,33.60972682878048,1.0,560,681,1241,0.0,-0.0008333472224535399,0.9997582594681728,8.058017727639034e-05
79669,33.60889348155803,1.0,560,681,1241,0.0,-0.0008333472224535399,0.9998388396454491,8.058017727639034e-05
79670,33.608060134335574,1.0,560,681,1241,0.0,-0.0008333472224535399,0.9999194198227255,8.058017727639034e-05
79671,33.60722678711312,1.0,560,681,1241,0.0,-0.0008333472224535399,0.9999194198227255,0.0
79672,33.60639343989067,1.0,560,681,1241,0.0,-0.0008333472224535399,0.9999194198227255,0.0
79673,33.60556009266821,1.0,560,681,1241,0.0,-0.0008333472224535399,0.9999194198227255,0.0
79674,33.60472674544576,1.0,560,681,1241,0.0,-0.0008333472224535399,1.0000000000000018,8.058017727639034e-05
79675,33.603893398223306,1.0,560,681,1241,0.0,-0.0008333472224535399,1.0000000000000018,0.0
79676,33.60306005100085,1.0,560,681,1241,0.0,-0.0008333472224535399,1.0000000000000018,0.0
79677,33.6022267037784,1.0,560,681,1241,0.0,-0.0008333472224535399,1.0000000000000018,0.0
79678,33.601393356555946,1.0,560,681,1241,0.0,-0.0008333472224535399,1.0000000000000018,0.0
79679,33.60056000933349,1.0,560,681,1241,0.0,-0.0008333472224535399,1.0000000000000018,0.0
79680,33.59972666211104,1.0,560,681,1241,0.0,-0.0008333472224535399,1.0000000000000018,0.0
79681,33.598893314888585,1.0,560,681,1241,0.0,-0.0008333472224535399,1.0000000000000018,0.0
79682,33.59805996766613,1.0,560,681,1241,0.0,-0.0008333472224535399,1.0000000000000018,0.0
79683,33.59722662044368,0.9991941982272361,560,681,1241,-0.0008058017727639033,-0.0008333472224535399,0.9999194198227255,-8.058017727639034e-05
79684,33.596393273221224,0.9991941982272361,560,681,1241,0.0,-0.0008333472224535399,0.9998388396454491,-8.058017727639034e-05
79685,33.59555992599877,0.9983883964544722,560,681,1241,-0.0008058017727639033,-0.0008333472224535399,0.9996776792908963,-0.00016116035455278067
79686,33.59472657877632,0.9983883964544722,560,681,1241,0.0,-0.0008333472224535399,0.9995165189363437,-0.00016116035455278067
79687,33.593893231553864,1.0,560,681,1241,0.0016116035455278066,-0.0008333472224535399,0.9995165189363437,0.0
79688,33.59305988433141,1.0,560,681,1241,0.0,-0.0008333472224535399,0.9995165189363437,0.0
79689,33.59222653710895,1.0,560,681,1241,0.0,-0.0008333472224606453,0.9995165189363437,0.0
79690,33.591393189886496,0.9991941982272361,560,681,1241,-0.0008058017727639033,-0.0008333472224535399,0.9994359387590673,-8.058017727639034e-05
79691,33.59055984266404,1.0,560,681,1241,0.0008058017727639033,-0.0008333472224535399,0.9994359387590673,0.0
79692,33.58972649544159,1.0,560,681,1241,0.0,-0.0008333472224535399,0.9994359387590673,0.0
79693,33.588893148219135,0.9991941982272361,560,681,1241,-0.0008058017727639033,-0.0008333472224535399,0.9994359387590673,0.0
79694,33.58805980099668,1.0,560,681,1241,0.0008058017727639033,-0.0008333472224535399,0.9995165189363437,8.058017727639034e-05
79695,33.58722645377423,1.0,560,681,1241,0.0,-0.0008333472224535399,0.9996776792908963,0.00016116035455278067
79696,33.586393106551775,1.0,560,681,1241,0.0,-0.0008333472224535399,0.9998388396454491,0.00016116035455278067
79697,33.58555975932932,0.9991941982272361,560,681,1241,-0.0008058017727639033,-0.0008333472224535399,0.9997582594681728,-8.058017727639034e-05
79698,33.58472641210687,0.9991941982272361,560,681,1241,0.0,-0.0008333472224535399,0.9996776792908963,-8.058017727639034e-05
79699,33.583893064884414,0.9991941982272361,560,681,1241,0.0,-0.0008333472224535399,0.99959709911362,-8.058017727639034e-05
79700,33.58305971766196,0.9991941982272361,560,681,1241,0.0,-0.0008333472224535399,0.99959709911362,0.0
79701,33.58222637043951,1.0,560,681,1241,0.0008058017727639033,-0.0008333472224535399,0.99959709911362,0.0
79702,33.58139302321705,1.0,560,681,1241,0.0,-0.0008333472224535399,0.99959709911362,0.0
79703,33.5805596759946,1.0,560,681,1241,0.0,-0.0008333472224535399,0.9996776792908963,8.058017727639034e-05
79704,33.579726328772146,1.0,560,681,1241,0.0,-0.0008333472224535399,0.9996776792908963,0.0
79705,33.57889298154969,1.0,560,681,1241,0.0,-0.0008333472224535399,0.9996776792908963,0.0
79706,33.57805963432724,1.0,560,681,1241,0.0,-0.0008333472224535399,0.9996776792908963,0.0
79707,33.577226287104786,1.0,560,681,1241,0.0,-0.0008333472224535399,0.9997582594681728,8.058017727639034e-05
79708,33.57639293988233,1.0,560,681,1241,0.0,-0.0008333472224535399,0.9998388396454491,8.058017727639034e-05
79709,33.57555959265988,1.0,560,681,1241,0.0,-0.0008333472224535399,0.9999194198227255,8.058017727639034e-05
79710,33.57472624543742,1.0,560,681,1241,0.0,-0.0008333472224606453,1.0000000000000018,8.058017727639034e-05
79711,33.573892898214964,1.0,560,681,1241,0.0,-0.0008333472224535399,1.0000000000000018,0.0
79712,33.57305955099251,1.0,560,681,1241,0.0,-0.0008333472224535399,1.0000000000000018,0.0
79713,33.57222620377006,0.9991941982272361,560,681,1241,-0.0008058017727639033,-0.0008333472224535399,0.9999194198227255,-8.058017727639034e-05
79714,33.571392856547604,0.9983883964544722,560,681,1241,-0.0008058017727639033,-0.0008333472224535399,0.9997582594681728,-0.00016116035455278067
79715,33.57055950932515,0.9983883964544722,560,681,1241,0.0,-0.0008333472224535399,0.99959709911362,-0.00016116035455278067
79716,33.5697261621027,0.9983883964544722,560,681,1241,0.0,-0.0008333472224535399,0.9994359387590673,-0.00016116035455278067
79717,33.56889281488024,0.9983883964544722,560,681,1241,0.0,-0.0008333472224535399,0.9992747784045146,-0.00016116035455278067
79718,33.56805946765779,0.9991941982272361,560,681,1241,0.0008058017727639033,-0.0008333472224535399,0.9991941982272383,-8.058017727639034e-05
79719,33.567226120435336,0.9991941982272361,560,681,1241,0.0,-0.0008333472224535399,0.999113618049962,-8.058017727639034e-05
79720,33.56639277321288,0.9983883964544722,560,681,1241,-0.0008058017727639033,-0.0008333472224535399,0.9989524576954093,-0.00016116035455278067
79721,33.56555942599043,0.9983883964544722,560,681,1241,0.0,-0.0008333472224535399,0.9987912973408566,-0.00016116035455278067
79722,33.564726078767976,0.9991941982272361,560,681,1241,0.0008058017727639033,-0.0008333472224535399,0.9987107171635803,-8.058017727639034e-05
79723,33.56389273154552,0.9983883964544722,560,681,1241,-0.0008058017727639033,-0.0008333472224535399,0.9986301369863039,-8.058017727639034e-05
79724,33.56305938432307,0.9991941982272361,560,681,1241,0.0008058017727639033,-0.0008333472224535399,0.9987107171635803,8.058017727639034e-05
79725,33.562226037100615,1.0,560,681,1241,0.0008058017727639033,-0.0008333472224535399,0.9988718775181329,0.00016116035455278067
79726,33.56139268987816,1.0,560,681,1241,0.0,-0.0008333472224535399,0.9990330378726856,0.00016116035455278067
79727,33.56055934265571,1.0,560,681,1241,0.0,-0.0008333472224535399,0.9991941982272383,0.00016116035455278067
79728,33.559725995433254,1.0,560,681,1241,0.0,-0.0008333472224535399,0.9992747784045146,8.058017727639034e-05
79729,33.5588926482108,1.0,560,681,1241,0.0,-0.0008333472224535399,0.999355358581791,8.058017727639034e-05
79730,33.55805930098835,1.0,560,681,1241,0.0,-0.0008333472224535399,0.9995165189363437,0.00016116035455278067
79731,33.557225953765894,1.0,560,681,1241,0.0,-0.0008333472224535399,0.9996776792908963,0.00016116035455278067
79732,33.55639260654344,1.0,560,681,1241,0.0,-0.0008333472224535399,0.9997582594681728,8.058017727639034e-05
79733,33.55555925932099,1.0,560,681,1241,0.0,-0.0008333472224535399,0.9999194198227255,0.00016116035455278067
79734,33.55472591209853,0.9991941982272361,560,681,1241,-0.0008058017727639033,-0.0008333472224535399,0.9999194198227255,0.0
79735,33.55389256487608,0.9991941982272361,560,681,1241,0.0,-0.0008333472224535399,0.9998388396454491,-8.058017727639034e-05
79736,33.553059217653626,0.9991941982272361,560,681,1241,0.0,-0.0008333472224535399,0.9997582594681728,-8.058017727639034e-05
79737,33.55222587043117,1.0,560,681,1241,0.0008058017727639033,-0.0008333472224535399,0.9997582594681728,0.0
79738,33.55139252320872,1.0,560,681,1241,0.0,-0.0008333472224535399,0.9997582594681728,0.0
79739,33.550559175986265,1.0,560,681,1241,0.0,-0.0008333472224535399,0.9997582594681728,0.0
79740,33.54972582876381,1.0,560,681,1241,0.0,-0.0008333472224535399,0.9997582594681728,0.0
79741,33.54889248154136,0.9991941982272361,560,681,1241,-0.0008058017727639033,-0.0008333472224535399,0.9996776792908963,-8.058017727639034e-05
79742,33.548059134318905,0.9991941982272361,560,681,1241,0.0,-0.0008333472224535399,0.99959709911362,-8.058017727639034e-05
79743,33.54722578709645,0.9991941982272361,560,681,1241,0.0,-0.0008333472224535399,0.9995165189363437,-8.058017727639034e-05
79744,33.546392439874,0.9991941982272361,560,681,1241,0.0,-0.0008333472224535399,0.9995165189363437,0.0
79745,33.545559092651544,0.9991941982272361,560,681,1241,0.0,-0.0008333472224535399,0.9995165189363437,0.0
79746,33.54472574542909,1.0,560,681,1241,0.0008058017727639033,-0.0008333472224535399,0.99959709911362,8.058017727639034e-05
79747,33.54389239820664,1.0,560,681,1241,0.0,-0.0008333472224535399,0.99959709911362,0.0
79748,33.54305905098418,1.0,560,681,1241,0.0,-0.0008333472224535399,0.99959709911362,0.0
79749,33.54222570376173,1.0,560,681,1241,0.0,-0.0008333472224535399,0.99959709911362,0.0
79750,33.541392356539276,1.0,560,681,1241,0.0,-0.0008333472224535399,0.99959709911362,0.0
79751,33.54055900931682,1.0,560,681,1241,0.0,-0.0008333472224535399,0.9996776792908963,8.058017727639034e-05
79752,33.53972566209437,1.0,560,681,1241,0.0,-0.0008333472224535399,0.9997582594681728,8.058017727639034e-05
79753,33.538892314871916,1.0,560,681,1241,0.0,-0.0008333472224535399,0.9998388396454491,8.058017727639034e-05
79754,33.53805896764946,0.9991941982272361,560,681,1241,-0.0008058017727639033,-0.0008333472224535399,0.9998388396454491,0.0
79755,33.53722562042701,0.9991941982272361,560,681,1241,0.0,-0.0008333472224535399,0.9998388396454491,0.0
79756,33.536392273204555,1.0,560,681,1241,0.0008058017727639033,-0.0008333472224535399,0.9998388396454491,0.0
79757,33.5355589259821,1.0,560,681,1241,0.0,-0.0008333472224535399,0.9998388396454491,0.0
79758,33.53472557875965,1.0,560,681,1241,0.0,-0.0008333472224535399,0.9998388396454491,0.0
79759,33.533892231537195,0.9991941982272361,560,681,1241,-0.0008058017727639033,-0.0008333472224535399,0.9997582594681728,-8.058017727639034e-05
79760,33.53305888431474,1.0,560,681,1241,0.0008058017727639033,-0.0008333472224535399,0.9997582594681728,0.0
79761,33.53222553709229,1.0,560,681,1241,0.0,-0.0008333472224535399,0.9997582594681728,0.0
79762,33.531392189869834,1.0,560,681,1241,0.0,-0.0008333472224535399,0.9997582594681728,0.0
79763,33.53055884264738,1.0,560,681,1241,0.0,-0.0008333472224535399,0.9997582594681728,0.0
79764,33.52972549542493,1.0,560,681,1241,0.0,-0.0008333472224535399,0.9998388396454491,8.058017727639034e-05
79765,33.52889214820247,1.0,560,681,1241,0.0,-0.0008333472224535399,0.9999194198227255,8.058017727639034e-05
79766,33.52805880098002,1.0,560,681,1241,0.0,-0.0008333472224535399,0.9999194198227255,0.0
79767,33.527225453757566,1.0,560,681,1241,0.0,-0.0008333472224535399,0.9999194198227255,0.0
79768,33.52639210653511,1.0,560,681,1241,0.0,-0.0008333472224535399,0.9999194198227255,0.0
79769,33.52555875931266,1.0,560,681,1241,0.0,-0.0008333472224535399,1.0000000000000018,8.058017727639034e-05
79770,33.524725412090206,1.0,560,681,1241,0.0,-0.0008333472224535399,1.0000000000000018,0.0
79771,33.52389206486775,1.0,560,681,1241,0.0,-0.0008333472224535399,1.0000000000000018,0.0
79772,33.5230587176453,1.0,560,681,1241,0.0,-0.0008333472224535399,1.0000000000000018,0.0
79773,33.522225370422845,1.0,560,681,1241,0.0,-0.0008333472224535399,1.0000000000000018,0.0
79774,33.521392023200384,1.0,560,681,1241,0.0,-0.0008333472224606453,1.0000000000000018,0.0
79775,33.52055867597793,1.0,560,681,1241,0.0,-0.0008333472224535399,1.0000000000000018,0.0
79776,33.51972532875548,1.0,560,681,1241,0.0,-0.0008333472224535399,1.0000000000000018,0.0
79777,33.518891981533024,1.0,560,681,1241,0.0,-0.0008333472224535399,1.0000000000000018,0.0
79778,33.51805863431057,1.0,560,681,1241,0.0,-0.0008333472224535399,1.0000000000000018,0.0
79779,33.51722528708812,0.9983883964544722,560,681,1241,-0.0016116035455278066,-0.0008333472224535399,0.9998388396454491,-0.00016116035455278067
79780,33.51639193986566,0.9991941982272361,560,681,1241,0.0008058017727639033,-0.0008333472224535399,0.9997582594681728,-8.058017727639034e-05
79781,33.51555859264321,1.0,560,681,1241,0.0008058017727639033,-0.0008333472224535399,0.9997582594681728,0.0
79782,33.514725245420756,1.0,560,681,1241,0.0,-0.0008333472224535399,0.9997582594681728,0.0
79783,33.5138918981983,1.0,560,681,1241,0.0,-0.0008333472224535399,0.9997582594681728,0.0
79784,33.51305855097585,1.0,560,681,1241,0.0,-0.0008333472224535399,0.9997582594681728,0.0
79785,33.512225203753395,1.0,560,681,1241,0.0,-0.0008333472224535399,0.9997582594681728,0.0
79786,33.51139185653094,0.9991941982272361,560,681,1241,-0.0008058017727639033,-0.0008333472224535399,0.9996776792908963,-8.058017727639034e-05
79787,33.51055850930849,0.9991941982272361,560,681,1241,0.0,-0.0008333472224535399,0.99959709911362,-8.058017727639034e-05
79788,33.509725162086035,0.9991941982272361,560,681,1241,0.0,-0.0008333472224535399,0.9995165189363437,-8.058017727639034e-05
79789,33.50889181486358,0.9991941982272361,560,681,1241,0.0,-0.0008333472224535399,0.99959709911362,8.058017727639034e-05
79790,33.50805846764113,0.9991941982272361,560,681,1241,0.0,-0.0008333472224535399,0.99959709911362,0.0
79791,33.507225120418674,1.0,560,681,1241,0.0008058017727639033,-0.0008333472224535399,0.99959709911362,0.0
79792,33.50639177319622,1.0,560,681,1241,0.0,-0.0008333472224535399,0.99959709911362,0.0
79793,33.50555842597377,1.0,560,681,1241,0.0,-0.0008333472224535399,0.99959709911362,0.0
79794,33.504725078751314,1.0,560,681,1241,0.0,-0.0008333472224535399,0.99959709911362,0.0
79795,33.50389173152885,1.0,560,681,1241,0.0,-0.0008333472224606453,0.99959709911362,0.0
79796,33.5030583843064,1.0,560,681,1241,0.0,-0.0008333472224535399,0.9996776792908963,8.058017727639034e-05
79797,33.502225037083946,1.0,560,681,1241,0.0,-0.0008333472224535399,0.9997582594681728,8.058017727639034e-05
79798,33.50139168986149,1.0,560,681,1241,0.0,-0.0008333472224535399,0.9998388396454491,8.058017727639034e-05
79799,33.50055834263904,1.0,560,681,1241,0.0,-0.0008333472224535399,0.9999194198227255,8.058017727639034e-05
79800,33.499724995416585,1.0,560,681,1241,0.0,-0.0008333472224535399,1.0000000000000018,8.058017727639034e-05
79801,33.49889164819413,1.0,560,681,1241,0.0,-0.0008333472224535399,1.0000000000000018,0.0
79802,33.49805830097168,1.0,560,681,1241,0.0,-0.0008333472224535399,1.0000000000000018,0.0
79803,33.497224953749225,1.0,560,681,1241,0.0,-0.0008333472224535399,1.0000000000000018,0.0
79804,33.49639160652677,1.0,560,681,1241,0.0,-0.0008333472224535399,1.0000000000000018,0.0
79805,33.49555825930432,1.0,560,681,1241,0.0,-0.0008333472224535399,1.0000000000000018,0.0
79806,33.494724912081864,1.0,560,681,1241,0.0,-0.0008333472224535399,1.0000000000000018,0.0
79807,33.49389156485941,1.0,560,681,1241,0.0,-0.0008333472224535399,1.0000000000000018,0.0
79808,33.49305821763696,1.0,560,681,1241,0.0,-0.0008333472224535399,1.0000000000000018,0.0
79809,33.4922248704145,1.0,560,681,1241,0.0,-0.0008333472224535399,1.0000000000000018,0.0
79810,33.49139152319205,1.0,560,681,1241,0.0,-0.0008333472224535399,1.0000000000000018,0.0
79811,33.490558175969596,1.0,560,681,1241,0.0,-0.0008333472224535399,1.0000000000000018,0.0
79812,33.48972482874714,1.0,560,681,1241,0.0,-0.0008333472224535399,1.0000000000000018,0.0
79813,33.48889148152469,1.0,560,681,1241,0.0,-0.0008333472224535399,1.0000000000000018,0.0
79814,33.488058134302236,1.0,560,681,1241,0.0,-0.0008333472224535399,1.0000000000000018,0.0
79815,33.48722478707978,1.0,560,681,1241,0.0,-0.0008333472224535399,1.0000000000000018,0.0
79816,33.48639143985733,1.0,560,681,1241,0.0,-0.0008333472224535399,1.0000000000000018,0.0
79817,33.485558092634875,1.0,560,681,1241,0.0,-0.0008333472224535399,1.0000000000000018,0.0
79818,33.48472474541242,1.0,560,681,1241,0.0,-0.0008333472224535399,1.0000000000000018,0.0
79819,33.48389139818997,1.0,560,681,1241,0.0,-0.0008333472224535399,1.0000000000000018,0.0
79820,33.483058050967514,1.0,560,681,1241,0.0,-0.0008333472224535399,1.0000000000000018,0.0
79821,33.48222470374506,1.0,560,681,1241,0.0,-0.0008333472224535399,1.0000000000000018,0.0
79822,33.48139135652261,1.0,560,681,1241,0.0,-0.0008333472224535399,1.0000000000000018,0.0
79823,33.480558009300154,1.0,560,681,1241,0.0,-0.0008333472224535399,1.0000000000000018,0.0
79824,33.4797246620777,1.0,560,681,1241,0.0,-0.0008333472224535399,1.0000000000000018,0.0
79825,33.47889131485525,1.0,560,681,1241,0.0,-0.0008333472224535399,1.0000000000000018,0.0
79826,33.47805796763279,1.0,560,681,1241,0.0,-0.0008333472224535399,1.0000000000000018,0.0
79827,33.47722462041034,1.0,560,681,1241,0.0,-0.0008333472224535399,1.0000000000000018,0.0
79828,33.476391273187886,1.0,560,681,1241,0.0,-0.0008333472224535399,1.0000000000000018,0.0
79829,33.47555792596543,1.0,560,681,1241,0.0,-0.0008333472224535399,1.0000000000000018,0.0
79830,33.47472457874298,1.0,560,681,1241,0.0,-0.0008333472224535399,1.0000000000000018,0.0
79831,33.473891231520525,1.0,560,681,1241,0.0,-0.0008333472224535399,1.0000000000000018,0.0
79832,33.47305788429807,1.0,560,681,1241,0.0,-0.0008333472224535399,1.0000000000000018,0.0
79833,33.47222453707562,1.0,560,681,1241,0.0,-0.0008333472224535399,1.0000000000000018,0.0
79834,33.471391189853165,1.0,560,681,1241,0.0,-0.0008333472224535399,1.0000000000000018,0.0
79835,33.47055784263071,1.0,560,681,1241,0.0,-0.0008333472224535399,1.0000000000000018,0.0
79836,33.46972449540826,1.0,560,681,1241,0.0,-0.0008333472224535399,1.0000000000000018,0.0
79837,33.468891148185804,1.0,560,681,1241,0.0,-0.0008333472224535399,1.0000000000000018,0.0
79838,33.46805780096335,1.0,560,681,1241,0.0,-0.0008333472224535399,1.0000000000000018,0.0
79839,33.4672244537409,1.0,560,681,1241,0.0,-0.0008333472224535399,1.0000000000000018,0.0
79840,33.466391106518444,1.0,560,681,1241,0.0,-0.0008333472224535399,1.0000000000000018,0.0
79841,33.46555775929599,1.0,560,681,1241,0.0,-0.0008333472224535399,1.0000000000000018,0.0
79842,33.46472441207354,1.0,560,681,1241,0.0,-0.0008333472224535399,1.0000000000000018,0.0
79843,33.46389106485108,1.0,560,681,1241,0.0,-0.0008333472224535399,1.0000000000000018,0.0
79844,33.46305771762863,0.9991941982272361,560,681,1241,-0.0008058017727639033,-0.0008333472224535399,0.9999194198227255,-8.058017727639034e-05
79845,33.462224370406176,0.9991941982272361,560,681,1241,0.0,-0.0008333472224535399,0.9998388396454491,-8.058017727639034e-05
79846,33.46139102318372,1.0,560,681,1241,0.0008058017727639033,-0.0008333472224535399,0.9998388396454491,0.0
79847,33.46055767596127,1.0,560,681,1241,0.0,-0.0008333472224535399,0.9998388396454491,0.0
79848,33.459724328738815,1.0,560,681,1241,0.0,-0.0008333472224535399,0.9998388396454491,0.0
79849,33.45889098151636,1.0,560,681,1241,0.0,-0.0008333472224535399,0.9998388396454491,0.0
79850,33.45805763429391,1.0,560,681,1241,0.0,-0.0008333472224535399,0.9998388396454491,0.0
79851,33.457224287071455,0.9991941982272361,560,681,1241,-0.0008058017727639033,-0.0008333472224535399,0.9997582594681728,-8.058017727639034e-05
79852,33.456390939849,0.9991941982272361,560,681,1241,0.0,-0.0008333472224535399,0.9996776792908963,-8.058017727639034e-05
79853,33.45555759262655,1.0,560,681,1241,0.0008058017727639033,-0.0008333472224535399,0.9996776792908963,0.0
79854,33.454724245404094,1.0,560,681,1241,0.0,-0.0008333472224535399,0.9997582594681728,8.058017727639034e-05
79855,33.45389089818164,1.0,560,681,1241,0.0,-0.0008333472224535399,0.9998388396454491,8.058017727639034e-05
79856,33.45305755095919,1.0,560,681,1241,0.0,-0.0008333472224535399,0.9998388396454491,0.0
79857,33.45222420373673,1.0,560,681,1241,0.0,-0.0008333472224535399,0.9998388396454491,0.0
79858,33.45139085651427,1.0,560,681,1241,0.0,-0.0008333472224606453,0.9998388396454491,0.0
79859,33.45055750929182,1.0,560,681,1241,0.0,-0.0008333472224535399,0.9998388396454491,0.0
79860,33.449724162069366,1.0,560,681,1241,0.0,-0.0008333472224535399,0.9998388396454491,0.0
79861,33.44889081484691,1.0,560,681,1241,0.0,-0.0008333472224535399,0.9999194198227255,8.058017727639034e-05
79862,33.44805746762446,1.0,560,681,1241,0.0,-0.0008333472224535399,1.0000000000000018,8.058017727639034e-05
79863,33.447224120402005,1.0,560,681,1241,0.0,-0.0008333472224535399,1.0000000000000018,0.0
79864,33.44639077317955,0.9991941982272361,560,681,1241,-0.0008058017727639033,-0.0008333472224535399,0.9999194198227255,-8.058017727639034e-05
79865,33.4455574259571,1.0,560,681,1241,0.0008058017727639033,-0.0008333472224535399,0.9999194198227255,0.0
79866,33.444724078734644,1.0,560,681,1241,0.0,-0.0008333472224535399,0.9999194198227255,0.0
79867,33.44389073151219,1.0,560,681,1241,0.0,-0.0008333472224535399,0.9999194198227255,0.0
79868,33.44305738428974,1.0,560,681,1241,0.0,-0.0008333472224535399,0.9999194198227255,0.0
79869,33.442224037067284,1.0,560,681,1241,0.0,-0.0008333472224535399,0.9999194198227255,0.0
79870,33.44139068984483,0.9983883964544722,560,681,1241,-0.0016116035455278066,-0.0008333472224535399,0.9997582594681728,-0.00016116035455278067
79871,33.44055734262238,0.9983883964544722,560,681,1241,0.0,-0.0008333472224535399,0.99959709911362,-0.00016116035455278067
79872,33.43972399539992,0.9983883964544722,560,681,1241,0.0,-0.0008333472224535399,0.9994359387590673,-0.00016116035455278067
79873,33.43889064817747,0.9983883964544722,560,681,1241,0.0,-0.0008333472224535399,0.9992747784045146,-0.00016116035455278067
79874,33.438057300955016,0.9983883964544722,560,681,1241,0.0,-0.0008333472224535399,0.9991941982272383,-8.058017727639034e-05
79875,33.43722395373256,0.9967767929089444,560,681,1241,-0.0016116035455278066,-0.0008333472224535399,0.9988718775181328,-0.00032232070910556134
79876,33.43639060651011,0.9975825946817083,560,681,1241,0.0008058017727639033,-0.0008333472224535399,0.9986301369863035,-0.00024174053182917098
79877,33.435557259287656,0.9975825946817083,560,681,1241,0.0,-0.0008333472224535399,0.9983883964544743,-0.00024174053182917098
79878,33.4347239120652,0.9975825946817083,560,681,1241,0.0,-0.0008333472224535399,0.9981466559226451,-0.00024174053182917098
79879,33.43389056484274,0.9991941982272361,560,681,1241,0.0016116035455278066,-0.0008333472224606453,0.9980660757453688,-8.058017727639034e-05
79880,33.43305721762029,0.9991941982272361,560,681,1241,0.0,-0.0008333472224535399,0.9981466559226451,8.058017727639034e-05
79881,33.432223870397834,0.9991941982272361,560,681,1241,0.0,-0.0008333472224535399,0.9982272360999215,8.058017727639034e-05
79882,33.43139052317538,0.9991941982272361,560,681,1241,0.0,-0.0008333472224535399,0.9983078162771978,8.058017727639034e-05
79883,33.43055717595293,1.0,560,681,1241,0.0008058017727639033,-0.0008333472224535399,0.9984689766317505,0.00016116035455278067
79884,33.429723828730474,1.0,560,681,1241,0.0,-0.0008333472224535399,0.9986301369863032,0.00016116035455278067
79885,33.42889048150802,1.0,560,681,1241,0.0,-0.0008333472224535399,0.9989524576954087,0.00032232070910556134
79886,33.42805713428557,1.0,560,681,1241,0.0,-0.0008333472224535399,0.999194198227238,0.00024174053182917098
79887,33.42722378706311,1.0,560,681,1241,0.0,-0.0008333472224535399,0.9994359387590672,0.00024174053182917098
79888,33.42639043984066,0.9991941982272361,560,681,1241,-0.0008058017727639033,-0.0008333472224535399,0.99959709911362,0.00016116035455278067
79889,33.425557092618206,0.9991941982272361,560,681,1241,0.0,-0.0008333472224535399,0.99959709911362,0.0
79890,33.42472374539575,1.0,560,681,1241,0.0008058017727639033,-0.0008333472224535399,0.9996776792908963,8.058017727639034e-05
79891,33.4238903981733,1.0,560,681,1241,0.0,-0.0008333472224535399,0.9997582594681728,8.058017727639034e-05
79892,33.423057050950845,1.0,560,681,1241,0.0,-0.0008333472224535399,0.9998388396454491,8.058017727639034e-05
79893,33.42222370372839,1.0,560,681,1241,0.0,-0.0008333472224535399,0.9998388396454491,0.0
79894,33.42139035650594,1.0,560,681,1241,0.0,-0.0008333472224535399,0.9998388396454491,0.0
79895,33.420557009283485,1.0,560,681,1241,0.0,-0.0008333472224535399,0.9998388396454491,0.0
79896,33.41972366206103,1.0,560,681,1241,0.0,-0.0008333472224535399,0.9998388396454491,0.0
79897,33.41889031483858,1.0,560,681,1241,0.0,-0.0008333472224535399,0.9998388396454491,0.0
79898,33.418056967616124,1.0,560,681,1241,0.0,-0.0008333472224535399,0.9999194198227255,8.058017727639034e-05
79899,33.41722362039367,0.9991941982272361,560,681,1241,-0.0008058017727639033,-0.0008333472224535399,0.9999194198227255,0.0
79900,33.41639027317122,1.0,560,681,1241,0.0008058017727639033,-0.0008333472224535399,0.9999194198227255,0.0
79901,33.41555692594876,1.0,560,681,1241,0.0,-0.0008333472224535399,0.9999194198227255,0.0
79902,33.41472357872631,1.0,560,681,1241,0.0,-0.0008333472224535399,0.9999194198227255,0.0
79903,33.413890231503856,1.0,560,681,1241,0.0,-0.0008333472224535399,0.9999194198227255,0.0
79904,33.4130568842814,1.0,560,681,1241,0.0,-0.0008333472224535399,0.9999194198227255,0.0
79905,33.41222353705895,0.9991941982272361,560,681,1241,-0.0008058017727639033,-0.0008333472224535399,0.9998388396454491,-8.058017727639034e-05
79906,33.411390189836496,0.9991941982272361,560,681,1241,0.0,-0.0008333472224535399,0.9997582594681728,-8.058017727639034e-05
79907,33.41055684261404,1.0,560,681,1241,0.0008058017727639033,-0.0008333472224535399,0.9997582594681728,0.0
79908,33.40972349539159,1.0,560,681,1241,0.0,-0.0008333472224535399,0.9997582594681728,0.0
79909,33.408890148169135,1.0,560,681,1241,0.0,-0.0008333472224535399,0.9998388396454491,8.058017727639034e-05
79910,33.40805680094668,1.0,560,681,1241,0.0,-0.0008333472224535399,0.9998388396454491,0.0
79911,33.40722345372423,1.0,560,681,1241,0.0,-0.0008333472224535399,0.9998388396454491,0.0
79912,33.406390106501775,1.0,560,681,1241,0.0,-0.0008333472224535399,0.9998388396454491,0.0
79913,33.40555675927932,0.9991941982272361,560,681,1241,-0.0008058017727639033,-0.0008333472224535399,0.9997582594681728,-8.058017727639034e-05
79914,33.40472341205687,1.0,560,681,1241,0.0008058017727639033,-0.0008333472224535399,0.9997582594681728,0.0
79915,33.403890064834414,1.0,560,681,1241,0.0,-0.0008333472224535399,0.9998388396454491,8.058017727639034e-05
79916,33.40305671761196,1.0,560,681,1241,0.0,-0.0008333472224535399,0.9999194198227255,8.058017727639034e-05
79917,33.40222337038951,1.0,560,681,1241,0.0,-0.0008333472224535399,0.9999194198227255,0.0
79918,33.40139002316705,1.0,560,681,1241,0.0,-0.0008333472224535399,0.9999194198227255,0.0
79919,33.4005566759446,1.0,560,681,1241,0.0,-0.0008333472224535399,0.9999194198227255,0.0
79920,33.399723328722146,0.9991941982272361,560,681,1241,-0.0008058017727639033,-0.0008333472224535399,0.9998388396454491,-8.058017727639034e-05
79921,33.39888998149969,0.9991941982272361,560,681,1241,0.0,-0.0008333472224535399,0.9997582594681728,-8.058017727639034e-05
79922,33.39805663427724,0.9991941982272361,560,681,1241,0.0,-0.0008333472224535399,0.9996776792908963,-8.058017727639034e-05
79923,33.397223287054786,0.9991941982272361,560,681,1241,0.0,-0.0008333472224535399,0.9996776792908963,0.0
79924,33.39638993983233,1.0,560,681,1241,0.0008058017727639033,-0.0008333472224535399,0.9996776792908963,0.0
79925,33.39555659260988,1.0,560,681,1241,0.0,-0.0008333472224535399,0.9996776792908963,0.0
79926,33.394723245387425,1.0,560,681,1241,0.0,-0.0008333472224535399,0.9996776792908963,0.0
79927,33.39388989816497,1.0,560,681,1241,0.0,-0.0008333472224535399,0.9996776792908963,0.0
79928,33.39305655094252,1.0,560,681,1241,0.0,-0.0008333472224535399,0.9996776792908963,0.0
79929,33.392223203720064,1.0,560,681,1241,0.0,-0.0008333472224535399,0.9996776792908963,0.0
79930,33.39138985649761,0.9991941982272361,560,681,1241,-0.0008058017727639033,-0.0008333472224535399,0.9996776792908963,0.0
79931,33.39055650927516,0.9991941982272361,560,681,1241,0.0,-0.0008333472224535399,0.9996776792908963,0.0
79932,33.389723162052704,0.9991941982272361,560,681,1241,0.0,-0.0008333472224535399,0.9996776792908963,0.0
79933,33.38888981483025,0.9991941982272361,560,681,1241,0.0,-0.0008333472224535399,0.9996776792908963,0.0
79934,33.3880564676078,1.0,560,681,1241,0.0008058017727639033,-0.0008333472224535399,0.9996776792908963,0.0
79935,33.38722312038534,1.0,560,681,1241,0.0,-0.0008333472224535399,0.9996776792908963,0.0
79936,33.38638977316289,1.0,560,681,1241,0.0,-0.0008333472224535399,0.9996776792908963,0.0
79937,33.385556425940436,1.0,560,681,1241,0.0,-0.0008333472224535399,0.9996776792908963,0.0
79938,33.38472307871798,1.0,560,681,1241,0.0,-0.0008333472224535399,0.9996776792908963,0.0
79939,33.38388973149553,1.0,560,681,1241,0.0,-0.0008333472224535399,0.9996776792908963,0.0
79940,33.383056384273075,1.0,560,681,1241,0.0,-0.0008333472224535399,0.9997582594681728,8.058017727639034e-05
79941,33.38222303705062,1.0,560,681,1241,0.0,-0.0008333472224535399,0.9998388396454491,8.058017727639034e-05
79942,33.38138968982817,1.0,560,681,1241,0.0,-0.0008333472224535399,0.9999194198227255,8.058017727639034e-05
79943,33.38055634260571,1.0,560,681,1241,0.0,-0.0008333472224606453,1.0000000000000018,8.058017727639034e-05
79944,33.379722995383254,1.0,560,681,1241,0.0,-0.0008333472224535399,1.0000000000000018,0.0
79945,33.3788896481608,1.0,560,681,1241,0.0,-0.0008333472224535399,1.0000000000000018,0.0
79946,33.37805630093835,1.0,560,681,1241,0.0,-0.0008333472224535399,1.0000000000000018,0.0
79947,33.37722295371589,1.0,560,681,1241,0.0,-0.0008333472224535399,1.0000000000000018,0.0
79948,33.37638960649344,1.0,560,681,1241,0.0,-0.0008333472224535399,1.0000000000000018,0.0
79949,33.37555625927099,1.0,560,681,1241,0.0,-0.0008333472224535399,1.0000000000000018,0.0
79950,33.37472291204853,1.0,560,681,1241,0.0,-0.0008333472224535399,1.0000000000000018,0.0
79951,33.37388956482608,1.0,560,681,1241,0.0,-0.0008333472224535399,1.0000000000000018,0.0
79952,33.373056217603626,0.9991941982272361,560,681,1241,-0.0008058017727639033,-0.0008333472224535399,0.9999194198227255,-8.058017727639034e-05
79953,33.37222287038117,0.9991941982272361,560,681,1241,0.0,-0.0008333472224535399,0.9998388396454491,-8.058017727639034e-05
79954,33.37138952315872,0.9991941982272361,560,681,1241,0.0,-0.0008333472224535399,0.9997582594681728,-8.058017727639034e-05
79955,33.370556175936265,0.9991941982272361,560,681,1241,0.0,-0.0008333472224535399,0.9996776792908963,-8.058017727639034e-05
79956,33.36972282871381,0.9991941982272361,560,681,1241,0.0,-0.0008333472224535399,0.99959709911362,-8.058017727639034e-05
79957,33.36888948149136,1.0,560,681,1241,0.0008058017727639033,-0.0008333472224535399,0.99959709911362,0.0
79958,33.368056134268905,0.9991941982272361,560,681,1241,-0.0008058017727639033,-0.0008333472224535399,0.9995165189363437,-8.058017727639034e-05
79959,33.36722278704645,0.9991941982272361,560,681,1241,0.0,-0.0008333472224535399,0.9994359387590673,-8.058017727639034e-05
79960,33.366389439824,0.9991941982272361,560,681,1241,0.0,-0.0008333472224535399,0.999355358581791,-8.058017727639034e-05
79961,33.365556092601544,0.9991941982272361,560,681,1241,0.0,-0.0008333472224535399,0.9992747784045146,-8.058017727639034e-05
79962,33.36472274537909,0.9983883964544722,560,681,1241,-0.0008058017727639033,-0.0008333472224535399,0.9991941982272383,-8.058017727639034e-05
79963,33.36388939815664,0.9983883964544722,560,681,1241,0.0,-0.0008333472224535399,0.999113618049962,-8.058017727639034e-05
79964,33.363056050934176,0.9983883964544722,560,681,1241,0.0,-0.0008333472224606453,0.9990330378726856,-8.058017727639034e-05
79965,33.36222270371172,0.9975825946817083,560,681,1241,-0.0008058017727639033,-0.0008333472224535399,0.9988718775181328,-0.00016116035455278067
79966,33.36138935648927,0.9975825946817083,560,681,1241,0.0,-0.0008333472224535399,0.9987107171635798,-0.00016116035455278067
79967,33.360556009266816,0.9983883964544722,560,681,1241,0.0008058017727639033,-0.0008333472224535399,0.9985495568090272,-0.00016116035455278067
79968,33.35972266204436,0.9991941982272361,560,681,1241,0.0008058017727639033,-0.0008333472224535399,0.9985495568090272,0.0
79969,33.35888931482191,1.0,560,681,1241,0.0008058017727639033,-0.0008333472224535399,0.9986301369863035,8.058017727639034e-05
79970,33.358055967599455,1.0,560,681,1241,0.0,-0.0008333472224535399,0.9987107171635798,8.058017727639034e-05
79971,33.357222620377,0.9991941982272361,560,681,1241,-0.0008058017727639033,-0.0008333472224535399,0.9987107171635798,0.0
79972,33.35638927315455,0.9991941982272361,560,681,1241,0.0,-0.0008333472224535399,0.9987912973408563,8.058017727639034e-05
79973,33.355555925932094,0.9991941982272361,560,681,1241,0.0,-0.0008333472224535399,0.9988718775181326,8.058017727639034e-05
79974,33.35472257870964,0.9991941982272361,560,681,1241,0.0,-0.0008333472224535399,0.998952457695409,8.058017727639034e-05
79975,33.35388923148719,0.9991941982272361,560,681,1241,0.0,-0.0008333472224535399,0.9991136180499618,0.00016116035455278067
79976,33.353055884264734,0.9991941982272361,560,681,1241,0.0,-0.0008333472224535399,0.9992747784045146,0.00016116035455278067
79977,33.35222253704228,0.9991941982272361,560,681,1241,0.0,-0.0008333472224535399,0.999355358581791,8.058017727639034e-05
79978,33.35138918981983,0.9991941982272361,560,681,1241,0.0,-0.0008333472224535399,0.999355358581791,0.0
79979,33.35055584259737,1.0,560,681,1241,0.0008058017727639033,-0.0008333472224535399,0.999355358581791,0.0
79980,33.34972249537492,1.0,560,681,1241,0.0,-0.0008333472224535399,0.999355358581791,0.0
79981,33.348889148152466,1.0,560,681,1241,0.0,-0.0008333472224535399,0.9994359387590673,8.058017727639034e-05
79982,33.34805580093001,1.0,560,681,1241,0.0,-0.0008333472224535399,0.9995165189363437,8.058017727639034e-05
79983,33.34722245370756,1.0,560,681,1241,0.0,-0.0008333472224535399,0.99959709911362,8.058017727639034e-05
79984,33.346389106485105,1.0,560,681,1241,0.0,-0.0008333472224535399,0.9996776792908963,8.058017727639034e-05
79985,33.34555575926265,1.0,560,681,1241,0.0,-0.0008333472224535399,0.9997582594681728,8.058017727639034e-05
79986,33.3447224120402,1.0,560,681,1241,0.0,-0.0008333472224535399,0.9998388396454491,8.058017727639034e-05
79987,33.343889064817745,1.0,560,681,1241,0.0,-0.0008333472224535399,0.9999194198227255,8.058017727639034e-05
79988,33.34305571759529,1.0,560,681,1241,0.0,-0.0008333472224535399,1.0000000000000018,8.058017727639034e-05
79989,33.34222237037284,1.0,560,681,1241,0.0,-0.0008333472224535399,1.0000000000000018,0.0
79990,33.341389023150384,1.0,560,681,1241,0.0,-0.0008333472224535399,1.0000000000000018,0.0
79991,33.34055567592793,1.0,560,681,1241,0.0,-0.0008333472224535399,1.0000000000000018,0.0
79992,33.33972232870548,1.0,560,681,1241,0.0,-0.0008333472224535399,1.0000000000000018,0.0
79993,33.338888981483024,1.0,560,681,1241,0.0,-0.0008333472224535399,1.0000000000000018,0.0
79994,33.33805563426057,1.0,560,681,1241,0.0,-0.0008333472224535399,1.0000000000000018,0.0
79995,33.33722228703812,1.0,560,681,1241,0.0,-0.0008333472224535399,1.0000000000000018,0.0
79996,33.33638893981566,1.0,560,681,1241,0.0,-0.0008333472224535399,1.0000000000000018,0.0
79997,33.33555559259321,1.0,560,681,1241,0.0,-0.0008333472224535399,1.0000000000000018,0.0
79998,33.334722245370756,1.0,560,681,1241,0.0,-0.0008333472224535399,1.0000000000000018,0.0
79999,33.3338888981483,1.0,560,681,1241,0.0,-0.0008333472224535399,1.0000000000000018,0.0
80000,33.33305555092585,1.0,560,681,1241,0.0,-0.0008333472224535399,1.0000000000000018,0.0
80001,33.332222203703395,1.0,560,681,1241,0.0,-0.0008333472224535399,1.0000000000000018,0.0
80002,33.33138885648094,1.0,560,681,1241,0.0,-0.0008333472224535399,1.0000000000000018,0.0
80003,33.33055550925849,1.0,560,681,1241,0.0,-0.0008333472224535399,1.0000000000000018,0.0
80004,33.329722162036035,1.0,560,681,1241,0.0,-0.0008333472224535399,1.0000000000000018,0.0
80005,33.32888881481358,1.0,560,681,1241,0.0,-0.0008333472224535399,1.0000000000000018,0.0
80006,33.32805546759113,1.0,560,681,1241,0.0,-0.0008333472224535399,1.0000000000000018,0.0
80007,33.327222120368674,1.0,560,681,1241,0.0,-0.0008333472224535399,1.0000000000000018,0.0
80008,33.32638877314622,1.0,560,681,1241,0.0,-0.0008333472224535399,1.0000000000000018,0.0
80009,33.32555542592377,1.0,560,681,1241,0.0,-0.0008333472224535399,1.0000000000000018,0.0
80010,33.32472207870131,1.0,560,681,1241,0.0,-0.0008333472224535399,1.0000000000000018,0.0
80011,33.32388873147886,1.0,560,681,1241,0.0,-0.0008333472224535399,1.0000000000000018,0.0
80012,33.323055384256406,1.0,560,681,1241,0.0,-0.0008333472224535399,1.0000000000000018,0.0
80013,33.32222203703395,1.0,560,681,1241,0.0,-0.0008333472224535399,1.0000000000000018,0.0
80014,33.3213886898115,1.0,560,681,1241,0.0,-0.0008333472224535399,1.0000000000000018,0.0
80015,33.320555342589046,1.0,560,681,1241,0.0,-0.0008333472224535399,1.0000000000000018,0.0
80016,33.31972199536659,1.0,560,681,1241,0.0,-0.0008333472224535399,1.0000000000000018,0.0
80017,33.31888864814414,1.0,560,681,1241,0.0,-0.0008333472224535399,1.0000000000000018,0.0
80018,33.318055300921685,1.0,560,681,1241,0.0,-0.0008333472224535399,1.0000000000000018,0.0
80019,33.31722195369923,1.0,560,681,1241,0.0,-0.0008333472224535399,1.0000000000000018,0.0
80020,33.31638860647678,1.0,560,681,1241,0.0,-0.0008333472224535399,1.0000000000000018,0.0
80021,33.315555259254324,1.0,560,681,1241,0.0,-0.0008333472224535399,1.0000000000000018,0.0
80022,33.31472191203187,1.0,560,681,1241,0.0,-0.0008333472224535399,1.0000000000000018,0.0
80023,33.31388856480942,1.0,560,681,1241,0.0,-0.0008333472224535399,1.0000000000000018,0.0
80024,33.313055217586964,1.0,560,681,1241,0.0,-0.0008333472224535399,1.0000000000000018,0.0
80025,33.31222187036451,1.0,560,681,1241,0.0,-0.0008333472224535399,1.0000000000000018,0.0
80026,33.31138852314206,1.0,560,681,1241,0.0,-0.0008333472224535399,1.0000000000000018,0.0
80027,33.3105551759196,1.0,560,681,1241,0.0,-0.0008333472224535399,1.0000000000000018,0.0
80028,33.30972182869714,1.0,560,681,1241,0.0,-0.0008333472224606453,1.0000000000000018,0.0
80029,33.30888848147469,1.0,560,681,1241,0.0,-0.0008333472224535399,1.0000000000000018,0.0
80030,33.308055134252236,1.0,560,681,1241,0.0,-0.0008333472224535399,1.0000000000000018,0.0
80031,33.30722178702978,1.0,560,681,1241,0.0,-0.0008333472224535399,1.0000000000000018,0.0
80032,33.30638843980733,1.0,560,681,1241,0.0,-0.0008333472224535399,1.0000000000000018,0.0
80033,33.305555092584875,1.0,560,681,1241,0.0,-0.0008333472224535399,1.0000000000000018,0.0
80034,33.30472174536242,1.0,560,681,1241,0.0,-0.0008333472224535399,1.0000000000000018,0.0
80035,33.30388839813997,1.0,560,681,1241,0.0,-0.0008333472224535399,1.0000000000000018,0.0
80036,33.303055050917514,1.0,560,681,1241,0.0,-0.0008333472224535399,1.0000000000000018,0.0
80037,33.30222170369506,1.0,560,681,1241,0.0,-0.0008333472224535399,1.0000000000000018,0.0
80038,33.30138835647261,0.9991941982272361,560,681,1241,-0.0008058017727639033,-0.0008333472224535399,0.9999194198227255,-8.058017727639034e-05
80039,33.300555009250154,0.9991941982272361,560,681,1241,0.0,-0.0008333472224535399,0.9998388396454491,-8.058017727639034e-05
80040,33.2997216620277,1.0,560,681,1241,0.0008058017727639033,-0.0008333472224535399,0.9998388396454491,0.0
80041,33.29888831480525,1.0,560,681,1241,0.0,-0.0008333472224535399,0.9998388396454491,0.0
80042,33.29805496758279,1.0,560,681,1241,0.0,-0.0008333472224535399,0.9998388396454491,0.0
80043,33.29722162036034,1.0,560,681,1241,0.0,-0.0008333472224535399,0.9998388396454491,0.0
80044,33.296388273137886,1.0,560,681,1241,0.0,-0.0008333472224535399,0.9998388396454491,0.0
80045,33.29555492591543,1.0,560,681,1241,0.0,-0.0008333472224535399,0.9998388396454491,0.0
80046,33.29472157869298,1.0,560,681,1241,0.0,-0.0008333472224535399,0.9998388396454491,0.0
80047,33.293888231470525,1.0,560,681,1241,0.0,-0.0008333472224535399,0.9998388396454491,0.0
80048,33.29305488424807,1.0,560,681,1241,0.0,-0.0008333472224535399,0.9999194198227255,8.058017727639034e-05
80049,33.29222153702561,1.0,560,681,1241,0.0,-0.0008333472224606453,1.0000000000000018,8.058017727639034e-05
80050,33.29138818980316,1.0,560,681,1241,0.0,-0.0008333472224535399,1.0000000000000018,0.0
80051,33.290554842580704,1.0,560,681,1241,0.0,-0.0008333472224535399,1.0000000000000018,0.0
80052,33.28972149535825,1.0,560,681,1241,0.0,-0.0008333472224535399,1.0000000000000018,0.0
80053,33.2888881481358,1.0,560,681,1241,0.0,-0.0008333472224535399,1.0000000000000018,0.0
80054,33.28805480091334,1.0,560,681,1241,0.0,-0.0008333472224535399,1.0000000000000018,0.0
80055,33.28722145369089,1.0,560,681,1241,0.0,-0.0008333472224535399,1.0000000000000018,0.0
80056,33.286388106468436,1.0,560,681,1241,0.0,-0.0008333472224535399,1.0000000000000018,0.0
80057,33.28555475924598,1.0,560,681,1241,0.0,-0.0008333472224535399,1.0000000000000018,0.0
80058,33.28472141202353,0.9991941982272361,560,681,1241,-0.0008058017727639033,-0.0008333472224535399,0.9999194198227255,-8.058017727639034e-05
80059,33.283888064801076,0.9991941982272361,560,681,1241,0.0,-0.0008333472224535399,0.9998388396454491,-8.058017727639034e-05
80060,33.28305471757862,0.9991941982272361,560,681,1241,0.0,-0.0008333472224535399,0.9997582594681728,-8.058017727639034e-05
80061,33.28222137035617,0.9991941982272361,560,681,1241,0.0,-0.0008333472224535399,0.9996776792908963,-8.058017727639034e-05
80062,33.281388023133715,0.9991941982272361,560,681,1241,0.0,-0.0008333472224535399,0.99959709911362,-8.058017727639034e-05
80063,33.28055467591126,0.9991941982272361,560,681,1241,0.0,-0.0008333472224535399,0.9995165189363437,-8.058017727639034e-05
80064,33.27972132868881,1.0,560,681,1241,0.0008058017727639033,-0.0008333472224535399,0.9995165189363437,0.0
80065,33.278887981466355,1.0,560,681,1241,0.0,-0.0008333472224535399,0.9995165189363437,0.0
80066,33.2780546342439,1.0,560,681,1241,0.0,-0.0008333472224535399,0.9995165189363437,0.0
80067,33.27722128702145,1.0,560,681,1241,0.0,-0.0008333472224535399,0.9995165189363437,0.0
80068,33.276387939798994,1.0,560,681,1241,0.0,-0.0008333472224535399,0.99959709911362,8.058017727639034e-05
80069,33.27555459257654,1.0,560,681,1241,0.0,-0.0008333472224535399,0.9996776792908963,8.058017727639034e-05
80070,33.27472124535409,1.0,560,681,1241,0.0,-0.0008333472224535399,0.9997582594681728,8.058017727639034e-05
80071,33.27388789813163,0.9991941982272361,560,681,1241,-0.0008058017727639033,-0.0008333472224535399,0.9997582594681728,0.0
80072,33.27305455090918,1.0,560,681,1241,0.0008058017727639033,-0.0008333472224535399,0.9998388396454491,8.058017727639034e-05
80073,33.272221203686726,1.0,560,681,1241,0.0,-0.0008333472224535399,0.9999194198227255,8.058017727639034e-05
80074,33.27138785646427,1.0,560,681,1241,0.0,-0.0008333472224535399,0.9999194198227255,0.0
80075,33.27055450924182,1.0,560,681,1241,0.0,-0.0008333472224535399,0.9999194198227255,0.0
80076,33.269721162019366,1.0,560,681,1241,0.0,-0.0008333472224535399,0.9999194198227255,0.0
80077,33.26888781479691,1.0,560,681,1241,0.0,-0.0008333472224535399,0.9999194198227255,0.0
80078,33.26805446757446,1.0,560,681,1241,0.0,-0.0008333472224535399,0.9999194198227255,0.0
80079,33.267221120352005,1.0,560,681,1241,0.0,-0.0008333472224535399,0.9999194198227255,0.0
80080,33.26638777312955,1.0,560,681,1241,0.0,-0.0008333472224535399,0.9999194198227255,0.0
80081,33.2655544259071,1.0,560,681,1241,0.0,-0.0008333472224535399,1.0000000000000018,8.058017727639034e-05
80082,33.264721078684644,1.0,560,681,1241,0.0,-0.0008333472224535399,1.0000000000000018,0.0
80083,33.26388773146219,1.0,560,681,1241,0.0,-0.0008333472224535399,1.0000000000000018,0.0
80084,33.26305438423974,1.0,560,681,1241,0.0,-0.0008333472224535399,1.0000000000000018,0.0
80085,33.262221037017284,1.0,560,681,1241,0.0,-0.0008333472224535399,1.0000000000000018,0.0
80086,33.26138768979483,1.0,560,681,1241,0.0,-0.0008333472224535399,1.0000000000000018,0.0
80087,33.26055434257238,1.0,560,681,1241,0.0,-0.0008333472224535399,1.0000000000000018,0.0
80088,33.25972099534992,1.0,560,681,1241,0.0,-0.0008333472224535399,1.0000000000000018,0.0
80089,33.25888764812747,1.0,560,681,1241,0.0,-0.0008333472224535399,1.0000000000000018,0.0
80090,33.258054300905016,1.0,560,681,1241,0.0,-0.0008333472224535399,1.0000000000000018,0.0
80091,33.25722095368256,0.9983883964544722,560,681,1241,-0.0016116035455278066,-0.0008333472224535399,0.9998388396454491,-0.00016116035455278067
80092,33.25638760646011,0.9991941982272361,560,681,1241,0.0008058017727639033,-0.0008333472224535399,0.9997582594681728,-8.058017727639034e-05
80093,33.255554259237655,0.9991941982272361,560,681,1241,0.0,-0.0008333472224535399,0.9996776792908963,-8.058017727639034e-05
80094,33.2547209120152,0.9991941982272361,560,681,1241,0.0,-0.0008333472224535399,0.99959709911362,-8.058017727639034e-05
80095,33.25388756479275,1.0,560,681,1241,0.0008058017727639033,-0.0008333472224535399,0.99959709911362,0.0
80096,33.253054217570295,1.0,560,681,1241,0.0,-0.0008333472224535399,0.99959709911362,0.0
80097,33.25222087034784,1.0,560,681,1241,0.0,-0.0008333472224535399,0.99959709911362,0.0
80098,33.25138752312539,0.9991941982272361,560,681,1241,-0.0008058017727639033,-0.0008333472224535399,0.9995165189363437,-8.058017727639034e-05
80099,33.250554175902934,1.0,560,681,1241,0.0008058017727639033,-0.0008333472224535399,0.9995165189363437,0.0
80100,33.24972082868048,1.0,560,681,1241,0.0,-0.0008333472224535399,0.9995165189363437,0.0
80101,33.24888748145803,1.0,560,681,1241,0.0,-0.0008333472224535399,0.9996776792908963,0.00016116035455278067
80102,33.24805413423557,1.0,560,681,1241,0.0,-0.0008333472224535399,0.9997582594681728,8.058017727639034e-05
80103,33.24722078701312,1.0,560,681,1241,0.0,-0.0008333472224535399,0.9998388396454491,8.058017727639034e-05
80104,33.24638743979067,1.0,560,681,1241,0.0,-0.0008333472224535399,0.9999194198227255,8.058017727639034e-05
80105,33.24555409256821,0.9991941982272361,560,681,1241,-0.0008058017727639033,-0.0008333472224535399,0.9998388396454491,-8.058017727639034e-05
80106,33.24472074534576,0.9991941982272361,560,681,1241,0.0,-0.0008333472224535399,0.9997582594681728,-8.058017727639034e-05
80107,33.243887398123306,0.9983883964544722,560,681,1241,-0.0008058017727639033,-0.0008333472224535399,0.99959709911362,-0.00016116035455278067
80108,33.24305405090085,0.9983883964544722,560,681,1241,0.0,-0.0008333472224535399,0.9995165189363437,-8.058017727639034e-05
80109,33.2422207036784,0.9991941982272361,560,681,1241,0.0008058017727639033,-0.0008333472224535399,0.9994359387590673,-8.058017727639034e-05
80110,33.241387356455945,1.0,560,681,1241,0.0008058017727639033,-0.0008333472224535399,0.9994359387590673,0.0
80111,33.24055400923349,1.0,560,681,1241,0.0,-0.0008333472224535399,0.9994359387590673,0.0
80112,33.23972066201103,1.0,560,681,1241,0.0,-0.0008333472224606453,0.9994359387590673,0.0
80113,33.23888731478858,1.0,560,681,1241,0.0,-0.0008333472224535399,0.9994359387590673,0.0
80114,33.238053967566124,1.0,560,681,1241,0.0,-0.0008333472224535399,0.9994359387590673,0.0
80115,33.23722062034367,1.0,560,681,1241,0.0,-0.0008333472224535399,0.9995165189363437,8.058017727639034e-05
80116,33.23638727312122,0.9991941982272361,560,681,1241,-0.0008058017727639033,-0.0008333472224535399,0.9995165189363437,0.0
80117,33.23555392589876,0.9991941982272361,560,681,1241,0.0,-0.0008333472224535399,0.99959709911362,8.058017727639034e-05
80118,33.23472057867631,0.9991941982272361,560,681,1241,0.0,-0.0008333472224535399,0.9996776792908963,8.058017727639034e-05
80119,33.233887231453856,0.9991941982272361,560,681,1241,0.0,-0.0008333472224535399,0.9996776792908963,0.0
80120,33.2330538842314,1.0,560,681,1241,0.0008058017727639033,-0.0008333472224535399,0.9996776792908963,0.0
80121,33.23222053700895,1.0,560,681,1241,0.0,-0.0008333472224535399,0.9996776792908963,0.0
80122,33.231387189786496,1.0,560,681,1241,0.0,-0.0008333472224535399,0.9996776792908963,0.0
80123,33.23055384256404,1.0,560,681,1241,0.0,-0.0008333472224535399,0.9996776792908963,0.0
80124,33.22972049534159,1.0,560,681,1241,0.0,-0.0008333472224535399,0.9996776792908963,0.0
80125,33.228887148119135,1.0,560,681,1241,0.0,-0.0008333472224535399,0.9996776792908963,0.0
80126,33.22805380089668,1.0,560,681,1241,0.0,-0.0008333472224535399,0.9997582594681728,8.058017727639034e-05
80127,33.22722045367423,1.0,560,681,1241,0.0,-0.0008333472224535399,0.9998388396454491,8.058017727639034e-05
80128,33.226387106451774,1.0,560,681,1241,0.0,-0.0008333472224535399,0.9999194198227255,8.058017727639034e-05
80129,33.22555375922932,1.0,560,681,1241,0.0,-0.0008333472224535399,1.0000000000000018,8.058017727639034e-05
80130,33.22472041200687,1.0,560,681,1241,0.0,-0.0008333472224535399,1.0000000000000018,0.0
80131,33.223887064784414,1.0,560,681,1241,0.0,-0.0008333472224535399,1.0000000000000018,0.0
80132,33.22305371756196,1.0,560,681,1241,0.0,-0.0008333472224535399,1.0000000000000018,0.0
80133,33.22222037033951,1.0,560,681,1241,0.0,-0.0008333472224535399,1.0000000000000018,0.0
80134,33.221387023117046,1.0,560,681,1241,0.0,-0.0008333472224606453,1.0000000000000018,0.0
80135,33.22055367589459,1.0,560,681,1241,0.0,-0.0008333472224535399,1.0000000000000018,0.0
80136,33.21972032867214,1.0,560,681,1241,0.0,-0.0008333472224535399,1.0000000000000018,0.0
80137,33.218886981449685,0.9991941982272361,560,681,1241,-0.0008058017727639033,-0.0008333472224535399,0.9999194198227255,-8.058017727639034e-05
80138,33.21805363422723,0.9991941982272361,560,681,1241,0.0,-0.0008333472224535399,0.9998388396454491,-8.058017727639034e-05
80139,33.21722028700478,0.9991941982272361,560,681,1241,0.0,-0.0008333472224535399,0.9997582594681728,-8.058017727639034e-05
80140,33.216386939782325,0.9983883964544722,560,681,1241,-0.0008058017727639033,-0.0008333472224535399,0.99959709911362,-0.00016116035455278067
80141,33.21555359255987,0.9991941982272361,560,681,1241,0.0008058017727639033,-0.0008333472224535399,0.9995165189363437,-8.058017727639034e-05
80142,33.21472024533742,1.0,560,681,1241,0.0008058017727639033,-0.0008333472224535399,0.9995165189363437,0.0
80143,33.213886898114964,1.0,560,681,1241,0.0,-0.0008333472224535399,0.9995165189363437,0.0
80144,33.21305355089251,1.0,560,681,1241,0.0,-0.0008333472224535399,0.9995165189363437,0.0
80145,33.21222020367006,1.0,560,681,1241,0.0,-0.0008333472224535399,0.9995165189363437,0.0
80146,33.211386856447604,1.0,560,681,1241,0.0,-0.0008333472224535399,0.9995165189363437,0.0
80147,33.21055350922515,1.0,560,681,1241,0.0,-0.0008333472224535399,0.99959709911362,8.058017727639034e-05
80148,33.2097201620027,1.0,560,681,1241,0.0,-0.0008333472224535399,0.9996776792908963,8.058017727639034e-05
80149,33.20888681478024,1.0,560,681,1241,0.0,-0.0008333472224535399,0.9997582594681728,8.058017727639034e-05
80150,33.20805346755779,1.0,560,681,1241,0.0,-0.0008333472224535399,0.9999194198227255,0.00016116035455278067
80151,33.207220120335336,1.0,560,681,1241,0.0,-0.0008333472224535399,1.0000000000000018,8.058017727639034e-05
80152,33.20638677311288,1.0,560,681,1241,0.0,-0.0008333472224535399,1.0000000000000018,0.0
80153,33.20555342589043,1.0,560,681,1241,0.0,-0.0008333472224535399,1.0000000000000018,0.0
80154,33.204720078667975,0.9991941982272361,560,681,1241,-0.0008058017727639033,-0.0008333472224535399,0.9999194198227255,-8.058017727639034e-05
80155,33.20388673144552,0.9991941982272361,560,681,1241,0.0,-0.0008333472224535399,0.9998388396454491,-8.058017727639034e-05
80156,33.20305338422307,0.9991941982272361,560,681,1241,0.0,-0.0008333472224535399,0.9997582594681728,-8.058017727639034e-05
80157,33.202220037000615,1.0,560,681,1241,0.0008058017727639033,-0.0008333472224535399,0.9997582594681728,0.0
80158,33.20138668977816,1.0,560,681,1241,0.0,-0.0008333472224535399,0.9997582594681728,0.0
80159,33.20055334255571,1.0,560,681,1241,0.0,-0.0008333472224535399,0.9997582594681728,0.0
80160,33.199719995333254,1.0,560,681,1241,0.0,-0.0008333472224535399,0.9997582594681728,0.0
80161,33.1988866481108,1.0,560,681,1241,0.0,-0.0008333472224535399,0.9997582594681728,0.0
80162,33.19805330088835,1.0,560,681,1241,0.0,-0.0008333472224535399,0.9997582594681728,0.0
80163,33.19721995366589,1.0,560,681,1241,0.0,-0.0008333472224535399,0.9997582594681728,0.0
80164,33.19638660644344,1.0,560,681,1241,0.0,-0.0008333472224535399,0.9998388396454491,8.058017727639034e-05
80165,33.195553259220986,1.0,560,681,1241,0.0,-0.0008333472224535399,0.9999194198227255,8.058017727639034e-05
80166,33.19471991199853,0.9991941982272361,560,681,1241,-0.0008058017727639033,-0.0008333472224535399,0.9999194198227255,0.0
80167,33.19388656477608,0.9991941982272361,560,681,1241,0.0,-0.0008333472224535399,0.9998388396454491,-8.058017727639034e-05
80168,33.193053217553626,0.9991941982272361,560,681,1241,0.0,-0.0008333472224535399,0.9997582594681728,-8.058017727639034e-05
80169,33.19221987033117,0.9991941982272361,560,681,1241,0.0,-0.0008333472224535399,0.9996776792908963,-8.058017727639034e-05
80170,33.19138652310872,0.9991941982272361,560,681,1241,0.0,-0.0008333472224535399,0.99959709911362,-8.058017727639034e-05
80171,33.190553175886265,0.9991941982272361,560,681,1241,0.0,-0.0008333472224535399,0.9995165189363437,-8.058017727639034e-05
80172,33.18971982866381,0.9983883964544722,560,681,1241,-0.0008058017727639033,-0.0008333472224535399,0.999355358581791,-0.00016116035455278067
80173,33.18888648144136,0.9983883964544722,560,681,1241,0.0,-0.0008333472224535399,0.9991941982272383,-0.00016116035455278067
80174,33.188053134218904,0.9983883964544722,560,681,1241,0.0,-0.0008333472224535399,0.9990330378726856,-0.00016116035455278067
80175,33.18721978699645,0.9983883964544722,560,681,1241,0.0,-0.0008333472224535399,0.9988718775181329,-0.00016116035455278067
80176,33.186386439774,1.0,560,681,1241,0.0016116035455278066,-0.0008333472224535399,0.9989524576954093,8.058017727639034e-05
80177,33.185553092551544,1.0,560,681,1241,0.0,-0.0008333472224535399,0.9990330378726856,8.058017727639034e-05
80178,33.18471974532909,1.0,560,681,1241,0.0,-0.0008333472224535399,0.999113618049962,8.058017727639034e-05
80179,33.18388639810664,1.0,560,681,1241,0.0,-0.0008333472224535399,0.9991941982272383,8.058017727639034e-05
80180,33.18305305088418,1.0,560,681,1241,0.0,-0.0008333472224535399,0.9992747784045146,8.058017727639034e-05
80181,33.18221970366173,1.0,560,681,1241,0.0,-0.0008333472224535399,0.999355358581791,8.058017727639034e-05
80182,33.181386356439276,1.0,560,681,1241,0.0,-0.0008333472224535399,0.9995165189363437,0.00016116035455278067
80183,33.18055300921682,1.0,560,681,1241,0.0,-0.0008333472224535399,0.9996776792908963,0.00016116035455278067
80184,33.17971966199437,0.9991941982272361,560,681,1241,-0.0008058017727639033,-0.0008333472224535399,0.9997582594681728,8.058017727639034e-05
80185,33.178886314771916,0.9991941982272361,560,681,1241,0.0,-0.0008333472224535399,0.9998388396454491,8.058017727639034e-05
80186,33.17805296754946,0.9991941982272361,560,681,1241,0.0,-0.0008333472224535399,0.9997582594681728,-8.058017727639034e-05
80187,33.17721962032701,0.9991941982272361,560,681,1241,0.0,-0.0008333472224535399,0.9996776792908963,-8.058017727639034e-05
80188,33.176386273104555,0.9991941982272361,560,681,1241,0.0,-0.0008333472224535399,0.99959709911362,-8.058017727639034e-05
80189,33.1755529258821,1.0,560,681,1241,0.0008058017727639033,-0.0008333472224535399,0.99959709911362,0.0
80190,33.17471957865965,1.0,560,681,1241,0.0,-0.0008333472224535399,0.99959709911362,0.0
80191,33.173886231437194,1.0,560,681,1241,0.0,-0.0008333472224535399,0.99959709911362,0.0
80192,33.17305288421474,1.0,560,681,1241,0.0,-0.0008333472224535399,0.99959709911362,0.0
80193,33.17221953699229,1.0,560,681,1241,0.0,-0.0008333472224535399,0.99959709911362,0.0
80194,33.171386189769834,0.9991941982272361,560,681,1241,-0.0008058017727639033,-0.0008333472224535399,0.99959709911362,0.0
80195,33.17055284254738,0.9991941982272361,560,681,1241,0.0,-0.0008333472224535399,0.99959709911362,0.0
80196,33.16971949532493,1.0,560,681,1241,0.0008058017727639033,-0.0008333472224535399,0.9996776792908963,8.058017727639034e-05
80197,33.168886148102466,1.0,560,681,1241,0.0,-0.0008333472224606453,0.9997582594681728,8.058017727639034e-05
80198,33.16805280088001,1.0,560,681,1241,0.0,-0.0008333472224535399,0.9998388396454491,8.058017727639034e-05
80199,33.16721945365756,1.0,560,681,1241,0.0,-0.0008333472224535399,0.9998388396454491,0.0
80200,33.166386106435105,1.0,560,681,1241,0.0,-0.0008333472224535399,0.9998388396454491,0.0
80201,33.16555275921265,1.0,560,681,1241,0.0,-0.0008333472224535399,0.9998388396454491,0.0
80202,33.1647194119902,1.0,560,681,1241,0.0,-0.0008333472224535399,0.9998388396454491,0.0
80203,33.163886064767745,1.0,560,681,1241,0.0,-0.0008333472224535399,0.9998388396454491,0.0
80204,33.16305271754529,1.0,560,681,1241,0.0,-0.0008333472224535399,0.9999194198227255,8.058017727639034e-05
80205,33.16221937032284,1.0,560,681,1241,0.0,-0.0008333472224535399,1.0000000000000018,8.058017727639034e-05
80206,33.161386023100384,1.0,560,681,1241,0.0,-0.0008333472224535399,1.0000000000000018,0.0
80207,33.16055267587793,1.0,560,681,1241,0.0,-0.0008333472224535399,1.0000000000000018,0.0
80208,33.15971932865548,1.0,560,681,1241,0.0,-0.0008333472224535399,1.0000000000000018,0.0
80209,33.15888598143302,1.0,560,681,1241,0.0,-0.0008333472224535399,1.0000000000000018,0.0
80210,33.15805263421057,1.0,560,681,1241,0.0,-0.0008333472224535399,1.0000000000000018,0.0
80211,33.157219286988116,1.0,560,681,1241,0.0,-0.0008333472224535399,1.0000000000000018,0.0
80212,33.15638593976566,0.9991941982272361,560,681,1241,-0.0008058017727639033,-0.0008333472224535399,0.9999194198227255,-8.058017727639034e-05
80213,33.15555259254321,1.0,560,681,1241,0.0008058017727639033,-0.0008333472224535399,0.9999194198227255,0.0
80214,33.154719245320756,0.9991941982272361,560,681,1241,-0.0008058017727639033,-0.0008333472224535399,0.9998388396454491,-8.058017727639034e-05
80215,33.1538858980983,1.0,560,681,1241,0.0008058017727639033,-0.0008333472224535399,0.9998388396454491,0.0
80216,33.15305255087585,1.0,560,681,1241,0.0,-0.0008333472224535399,0.9998388396454491,0.0
80217,33.152219203653395,1.0,560,681,1241,0.0,-0.0008333472224535399,0.9998388396454491,0.0
80218,33.151385856430934,0.9991941982272361,560,681,1241,-0.0008058017727639033,-0.0008333472224606453,0.9997582594681728,-8.058017727639034e-05
80219,33.15055250920848,1.0,560,681,1241,0.0008058017727639033,-0.0008333472224535399,0.9997582594681728,0.0
80220,33.14971916198603,1.0,560,681,1241,0.0,-0.0008333472224535399,0.9997582594681728,0.0
80221,33.148885814763574,0.9991941982272361,560,681,1241,-0.0008058017727639033,-0.0008333472224535399,0.9996776792908963,-8.058017727639034e-05
80222,33.14805246754112,0.9991941982272361,560,681,1241,0.0,-0.0008333472224535399,0.9996776792908963,0.0
80223,33.14721912031867,0.9991941982272361,560,681,1241,0.0,-0.0008333472224535399,0.99959709911362,-8.058017727639034e-05
80224,33.14638577309621,0.9991941982272361,560,681,1241,0.0,-0.0008333472224535399,0.99959709911362,0.0
80225,33.14555242587376,1.0,560,681,1241,0.0008058017727639033,-0.0008333472224535399,0.99959709911362,0.0
80226,33.144719078651306,1.0,560,681,1241,0.0,-0.0008333472224535399,0.99959709911362,0.0
80227,33.14388573142885,1.0,560,681,1241,0.0,-0.0008333472224535399,0.99959709911362,0.0
80228,33.1430523842064,1.0,560,681,1241,0.0,-0.0008333472224535399,0.9996776792908963,8.058017727639034e-05
80229,33.142219036983946,1.0,560,681,1241,0.0,-0.0008333472224535399,0.9996776792908963,0.0
80230,33.14138568976149,1.0,560,681,1241,0.0,-0.0008333472224535399,0.9996776792908963,0.0
80231,33.14055234253904,1.0,560,681,1241,0.0,-0.0008333472224535399,0.9997582594681728,8.058017727639034e-05
80232,33.139718995316585,1.0,560,681,1241,0.0,-0.0008333472224535399,0.9998388396454491,8.058017727639034e-05
80233,33.13888564809413,1.0,560,681,1241,0.0,-0.0008333472224535399,0.9999194198227255,8.058017727639034e-05
80234,33.13805230087168,1.0,560,681,1241,0.0,-0.0008333472224535399,1.0000000000000018,8.058017727639034e-05
80235,33.137218953649224,1.0,560,681,1241,0.0,-0.0008333472224535399,1.0000000000000018,0.0
80236,33.13638560642677,1.0,560,681,1241,0.0,-0.0008333472224535399,1.0000000000000018,0.0
80237,33.13555225920432,0.9991941982272361,560,681,1241,-0.0008058017727639033,-0.0008333472224535399,0.9999194198227255,-8.058017727639034e-05
80238,33.134718911981864,0.9991941982272361,560,681,1241,0.0,-0.0008333472224535399,0.9998388396454491,-8.058017727639034e-05
80239,33.13388556475941,0.9991941982272361,560,681,1241,0.0,-0.0008333472224535399,0.9997582594681728,-8.058017727639034e-05
80240,33.13305221753696,0.9991941982272361,560,681,1241,0.0,-0.0008333472224535399,0.9996776792908963,-8.058017727639034e-05
80241,33.1322188703145,0.9991941982272361,560,681,1241,0.0,-0.0008333472224535399,0.99959709911362,-8.058017727639034e-05
80242,33.13138552309205,0.9991941982272361,560,681,1241,0.0,-0.0008333472224535399,0.9995165189363437,-8.058017727639034e-05
80243,33.130552175869596,0.9991941982272361,560,681,1241,0.0,-0.0008333472224535399,0.9994359387590673,-8.058017727639034e-05
80244,33.12971882864714,1.0,560,681,1241,0.0008058017727639033,-0.0008333472224535399,0.9994359387590673,0.0
80245,33.12888548142469,1.0,560,681,1241,0.0,-0.0008333472224535399,0.9994359387590673,0.0
80246,33.128052134202235,1.0,560,681,1241,0.0,-0.0008333472224535399,0.9994359387590673,0.0
80247,33.12721878697978,1.0,560,681,1241,0.0,-0.0008333472224535399,0.9995165189363437,8.058017727639034e-05
80248,33.12638543975733,1.0,560,681,1241,0.0,-0.0008333472224535399,0.99959709911362,8.058017727639034e-05
80249,33.125552092534875,1.0,560,681,1241,0.0,-0.0008333472224535399,0.9996776792908963,8.058017727639034e-05
80250,33.12471874531242,1.0,560,681,1241,0.0,-0.0008333472224535399,0.9997582594681728,8.058017727639034e-05
80251,33.12388539808997,1.0,560,681,1241,0.0,-0.0008333472224535399,0.9998388396454491,8.058017727639034e-05
80252,33.123052050867514,1.0,560,681,1241,0.0,-0.0008333472224535399,0.9999194198227255,8.058017727639034e-05
80253,33.12221870364506,1.0,560,681,1241,0.0,-0.0008333472224535399,1.0000000000000018,8.058017727639034e-05
80254,33.12138535642261,1.0,560,681,1241,0.0,-0.0008333472224535399,1.0000000000000018,0.0
80255,33.12055200920015,0.9991941982272361,560,681,1241,-0.0008058017727639033,-0.0008333472224535399,0.9999194198227255,-8.058017727639034e-05
80256,33.1197186619777,0.9991941982272361,560,681,1241,0.0,-0.0008333472224535399,0.9998388396454491,-8.058017727639034e-05
80257,33.118885314755246,0.9991941982272361,560,681,1241,0.0,-0.0008333472224535399,0.9997582594681728,-8.058017727639034e-05
80258,33.11805196753279,0.9991941982272361,560,681,1241,0.0,-0.0008333472224535399,0.9996776792908963,-8.058017727639034e-05
80259,33.11721862031034,0.9983883964544722,560,681,1241,-0.0008058017727639033,-0.0008333472224535399,0.9995165189363437,-0.00016116035455278067
80260,33.116385273087886,0.9991941982272361,560,681,1241,0.0008058017727639033,-0.0008333472224535399,0.9994359387590673,-8.058017727639034e-05
80261,33.11555192586543,0.9991941982272361,560,681,1241,0.0,-0.0008333472224535399,0.999355358581791,-8.058017727639034e-05
80262,33.11471857864298,0.9991941982272361,560,681,1241,0.0,-0.0008333472224535399,0.9992747784045146,-8.058017727639034e-05
80263,33.113885231420525,1.0,560,681,1241,0.0008058017727639033,-0.0008333472224535399,0.9992747784045146,0.0
80264,33.11305188419807,0.9991941982272361,560,681,1241,-0.0008058017727639033,-0.0008333472224535399,0.9991941982272383,-8.058017727639034e-05
80265,33.11221853697562,0.9991941982272361,560,681,1241,0.0,-0.0008333472224535399,0.9991941982272383,0.0
80266,33.111385189753165,0.9991941982272361,560,681,1241,0.0,-0.0008333472224535399,0.9991941982272383,0.0
80267,33.11055184253071,0.9991941982272361,560,681,1241,0.0,-0.0008333472224535399,0.9991941982272383,0.0
80268,33.10971849530826,0.9991941982272361,560,681,1241,0.0,-0.0008333472224535399,0.9991941982272383,0.0
80269,33.108885148085804,1.0,560,681,1241,0.0008058017727639033,-0.0008333472224535399,0.999355358581791,0.00016116035455278067
80270,33.10805180086335,1.0,560,681,1241,0.0,-0.0008333472224535399,0.9994359387590673,8.058017727639034e-05
80271,33.1072184536409,1.0,560,681,1241,0.0,-0.0008333472224535399,0.9995165189363437,8.058017727639034e-05
80272,33.10638510641844,1.0,560,681,1241,0.0,-0.0008333472224535399,0.99959709911362,8.058017727639034e-05
80273,33.10555175919599,1.0,560,681,1241,0.0,-0.0008333472224535399,0.99959709911362,0.0
80274,33.104718411973536,0.9991941982272361,560,681,1241,-0.0008058017727639033,-0.0008333472224535399,0.99959709911362,0.0
80275,33.10388506475108,1.0,560,681,1241,0.0008058017727639033,-0.0008333472224535399,0.9996776792908963,8.058017727639034e-05
80276,33.10305171752863,1.0,560,681,1241,0.0,-0.0008333472224535399,0.9997582594681728,8.058017727639034e-05
80277,33.102218370306176,1.0,560,681,1241,0.0,-0.0008333472224535399,0.9998388396454491,8.058017727639034e-05
80278,33.10138502308372,1.0,560,681,1241,0.0,-0.0008333472224535399,0.9999194198227255,8.058017727639034e-05
80279,33.10055167586127,1.0,560,681,1241,0.0,-0.0008333472224535399,0.9999194198227255,0.0
80280,33.099718328638815,1.0,560,681,1241,0.0,-0.0008333472224535399,0.9999194198227255,0.0
80281,33.09888498141636,1.0,560,681,1241,0.0,-0.0008333472224535399,0.9999194198227255,0.0
80282,33.0980516341939,1.0,560,681,1241,0.0,-0.0008333472224606453,0.9999194198227255,0.0
80283,33.09721828697145,0.9991941982272361,560,681,1241,-0.0008058017727639033,-0.0008333472224535399,0.9998388396454491,-8.058017727639034e-05
80284,33.096384939748994,0.9991941982272361,560,681,1241,0.0,-0.0008333472224535399,0.9998388396454491,0.0
80285,33.09555159252654,0.9991941982272361,560,681,1241,0.0,-0.0008333472224535399,0.9997582594681728,-8.058017727639034e-05
80286,33.09471824530409,1.0,560,681,1241,0.0008058017727639033,-0.0008333472224535399,0.9997582594681728,0.0
80287,33.09388489808163,1.0,560,681,1241,0.0,-0.0008333472224535399,0.9997582594681728,0.0
80288,33.09305155085918,0.9991941982272361,560,681,1241,-0.0008058017727639033,-0.0008333472224535399,0.9996776792908963,-8.058017727639034e-05
80289,33.092218203636726,0.9983883964544722,560,681,1241,-0.0008058017727639033,-0.0008333472224535399,0.9995165189363437,-0.00016116035455278067
80290,33.09138485641427,0.9983883964544722,560,681,1241,0.0,-0.0008333472224535399,0.999355358581791,-0.00016116035455278067
80291,33.09055150919182,0.9983883964544722,560,681,1241,0.0,-0.0008333472224535399,0.9991941982272383,-0.00016116035455278067
80292,33.089718161969365,0.9991941982272361,560,681,1241,0.0008058017727639033,-0.0008333472224535399,0.999113618049962,-8.058017727639034e-05
80293,33.08888481474691,0.9991941982272361,560,681,1241,0.0,-0.0008333472224535399,0.999113618049962,0.0
80294,33.08805146752446,1.0,560,681,1241,0.0008058017727639033,-0.0008333472224535399,0.9991941982272383,8.058017727639034e-05
80295,33.087218120302005,1.0,560,681,1241,0.0,-0.0008333472224535399,0.9992747784045146,8.058017727639034e-05
80296,33.08638477307955,1.0,560,681,1241,0.0,-0.0008333472224535399,0.9992747784045146,0.0
80297,33.0855514258571,1.0,560,681,1241,0.0,-0.0008333472224535399,0.9992747784045146,0.0
80298,33.084718078634644,1.0,560,681,1241,0.0,-0.0008333472224535399,0.999355358581791,8.058017727639034e-05
80299,33.08388473141219,1.0,560,681,1241,0.0,-0.0008333472224535399,0.9995165189363437,0.00016116035455278067
80300,33.08305138418974,1.0,560,681,1241,0.0,-0.0008333472224535399,0.9996776792908963,0.00016116035455278067
80301,33.082218036967284,1.0,560,681,1241,0.0,-0.0008333472224535399,0.9998388396454491,0.00016116035455278067
80302,33.08138468974483,1.0,560,681,1241,0.0,-0.0008333472224535399,0.9999194198227255,8.058017727639034e-05
80303,33.08055134252237,1.0,560,681,1241,0.0,-0.0008333472224606453,1.0000000000000018,8.058017727639034e-05
80304,33.079717995299916,1.0,560,681,1241,0.0,-0.0008333472224535399,1.0000000000000018,0.0
80305,33.07888464807746,1.0,560,681,1241,0.0,-0.0008333472224535399,1.0000000000000018,0.0
80306,33.07805130085501,1.0,560,681,1241,0.0,-0.0008333472224535399,1.0000000000000018,0.0
80307,33.077217953632555,1.0,560,681,1241,0.0,-0.0008333472224535399,1.0000000000000018,0.0
80308,33.0763846064101,1.0,560,681,1241,0.0,-0.0008333472224535399,1.0000000000000018,0.0
80309,33.07555125918765,1.0,560,681,1241,0.0,-0.0008333472224535399,1.0000000000000018,0.0
80310,33.074717911965195,1.0,560,681,1241,0.0,-0.0008333472224535399,1.0000000000000018,0.0
80311,33.07388456474274,1.0,560,681,1241,0.0,-0.0008333472224535399,1.0000000000000018,0.0
80312,33.07305121752029,1.0,560,681,1241,0.0,-0.0008333472224535399,1.0000000000000018,0.0
80313,33.072217870297834,1.0,560,681,1241,0.0,-0.0008333472224535399,1.0000000000000018,0.0
80314,33.07138452307538,1.0,560,681,1241,0.0,-0.0008333472224535399,1.0000000000000018,0.0
80315,33.07055117585293,1.0,560,681,1241,0.0,-0.0008333472224535399,1.0000000000000018,0.0
80316,33.06971782863047,1.0,560,681,1241,0.0,-0.0008333472224535399,1.0000000000000018,0.0
80317,33.06888448140802,1.0,560,681,1241,0.0,-0.0008333472224535399,1.0000000000000018,0.0
80318,33.068051134185566,1.0,560,681,1241,0.0,-0.0008333472224535399,1.0000000000000018,0.0
80319,33.06721778696311,1.0,560,681,1241,0.0,-0.0008333472224535399,1.0000000000000018,0.0
80320,33.06638443974066,1.0,560,681,1241,0.0,-0.0008333472224535399,1.0000000000000018,0.0
80321,33.065551092518206,1.0,560,681,1241,0.0,-0.0008333472224535399,1.0000000000000018,0.0
80322,33.06471774529575,1.0,560,681,1241,0.0,-0.0008333472224535399,1.0000000000000018,0.0
80323,33.0638843980733,1.0,560,681,1241,0.0,-0.0008333472224535399,1.0000000000000018,0.0
80324,33.063051050850845,1.0,560,681,1241,0.0,-0.0008333472224535399,1.0000000000000018,0.0
80325,33.06221770362839,1.0,560,681,1241,0.0,-0.0008333472224535399,1.0000000000000018,0.0
80326,33.06138435640594,1.0,560,681,1241,0.0,-0.0008333472224535399,1.0000000000000018,0.0
80327,33.060551009183484,1.0,560,681,1241,0.0,-0.0008333472224535399,1.0000000000000018,0.0
80328,33.05971766196103,1.0,560,681,1241,0.0,-0.0008333472224535399,1.0000000000000018,0.0
80329,33.05888431473858,1.0,560,681,1241,0.0,-0.0008333472224535399,1.0000000000000018,0.0
80330,33.058050967516124,1.0,560,681,1241,0.0,-0.0008333472224535399,1.0000000000000018,0.0
80331,33.05721762029367,1.0,560,681,1241,0.0,-0.0008333472224535399,1.0000000000000018,0.0
80332,33.05638427307122,1.0,560,681,1241,0.0,-0.0008333472224535399,1.0000000000000018,0.0
80333,33.05555092584876,1.0,560,681,1241,0.0,-0.0008333472224535399,1.0000000000000018,0.0
80334,33.05471757862631,1.0,560,681,1241,0.0,-0.0008333472224535399,1.0000000000000018,0.0
80335,33.053884231403856,1.0,560,681,1241,0.0,-0.0008333472224535399,1.0000000000000018,0.0
80336,33.0530508841814,1.0,560,681,1241,0.0,-0.0008333472224535399,1.0000000000000018,0.0
80337,33.05221753695895,0.9991941982272361,560,681,1241,-0.0008058017727639033,-0.0008333472224535399,0.9999194198227255,-8.058017727639034e-05
80338,33.051384189736496,0.9991941982272361,560,681,1241,0.0,-0.0008333472224535399,0.9998388396454491,-8.058017727639034e-05
80339,33.05055084251404,0.9991941982272361,560,681,1241,0.0,-0.0008333472224535399,0.9997582594681728,-8.058017727639034e-05
80340,33.04971749529159,1.0,560,681,1241,0.0008058017727639033,-0.0008333472224535399,0.9997582594681728,0.0
80341,33.048884148069135,1.0,560,681,1241,0.0,-0.0008333472224535399,0.9997582594681728,0.0
80342,33.04805080084668,1.0,560,681,1241,0.0,-0.0008333472224535399,0.9997582594681728,0.0
80343,33.04721745362423,1.0,560,681,1241,0.0,-0.0008333472224535399,0.9997582594681728,0.0
80344,33.046384106401774,1.0,560,681,1241,0.0,-0.0008333472224535399,0.9997582594681728,0.0
80345,33.04555075917932,1.0,560,681,1241,0.0,-0.0008333472224535399,0.9997582594681728,0.0
80346,33.04471741195687,1.0,560,681,1241,0.0,-0.0008333472224535399,0.9997582594681728,0.0
80347,33.043884064734414,1.0,560,681,1241,0.0,-0.0008333472224535399,0.9998388396454491,8.058017727639034e-05
80348,33.04305071751196,1.0,560,681,1241,0.0,-0.0008333472224535399,0.9999194198227255,8.058017727639034e-05
80349,33.04221737028951,1.0,560,681,1241,0.0,-0.0008333472224535399,1.0000000000000018,8.058017727639034e-05
80350,33.04138402306705,1.0,560,681,1241,0.0,-0.0008333472224535399,1.0000000000000018,0.0
80351,33.0405506758446,1.0,560,681,1241,0.0,-0.0008333472224535399,1.0000000000000018,0.0
80352,33.039717328622146,1.0,560,681,1241,0.0,-0.0008333472224535399,1.0000000000000018,0.0
80353,33.03888398139969,1.0,560,681,1241,0.0,-0.0008333472224535399,1.0000000000000018,0.0
80354,33.03805063417724,1.0,560,681,1241,0.0,-0.0008333472224535399,1.0000000000000018,0.0
80355,33.037217286954785,1.0,560,681,1241,0.0,-0.0008333472224535399,1.0000000000000018,0.0
80356,33.03638393973233,1.0,560,681,1241,0.0,-0.0008333472224535399,1.0000000000000018,0.0
80357,33.03555059250988,1.0,560,681,1241,0.0,-0.0008333472224535399,1.0000000000000018,0.0
80358,33.034717245287425,1.0,560,681,1241,0.0,-0.0008333472224535399,1.0000000000000018,0.0
80359,33.03388389806497,1.0,560,681,1241,0.0,-0.0008333472224535399,1.0000000000000018,0.0
80360,33.03305055084252,1.0,560,681,1241,0.0,-0.0008333472224535399,1.0000000000000018,0.0
80361,33.032217203620064,1.0,560,681,1241,0.0,-0.0008333472224535399,1.0000000000000018,0.0
80362,33.03138385639761,1.0,560,681,1241,0.0,-0.0008333472224535399,1.0000000000000018,0.0
80363,33.03055050917516,1.0,560,681,1241,0.0,-0.0008333472224535399,1.0000000000000018,0.0
80364,33.0297171619527,1.0,560,681,1241,0.0,-0.0008333472224535399,1.0000000000000018,0.0
80365,33.02888381473025,1.0,560,681,1241,0.0,-0.0008333472224535399,1.0000000000000018,0.0
80366,33.028050467507796,1.0,560,681,1241,0.0,-0.0008333472224535399,1.0000000000000018,0.0
80367,33.027217120285336,1.0,560,681,1241,0.0,-0.0008333472224606453,1.0000000000000018,0.0
80368,33.02638377306288,1.0,560,681,1241,0.0,-0.0008333472224535399,1.0000000000000018,0.0
80369,33.02555042584043,1.0,560,681,1241,0.0,-0.0008333472224535399,1.0000000000000018,0.0
80370,33.024717078617975,1.0,560,681,1241,0.0,-0.0008333472224535399,1.0000000000000018,0.0
80371,33.02388373139552,1.0,560,681,1241,0.0,-0.0008333472224535399,1.0000000000000018,0.0
80372,33.02305038417307,1.0,560,681,1241,0.0,-0.0008333472224535399,1.0000000000000018,0.0
80373,33.022217036950614,1.0,560,681,1241,0.0,-0.0008333472224535399,1.0000000000000018,0.0
80374,33.02138368972816,1.0,560,681,1241,0.0,-0.0008333472224535399,1.0000000000000018,0.0
80375,33.02055034250571,1.0,560,681,1241,0.0,-0.0008333472224535399,1.0000000000000018,0.0
80376,33.019716995283254,1.0,560,681,1241,0.0,-0.0008333472224535399,1.0000000000000018,0.0
80377,33.0188836480608,1.0,560,681,1241,0.0,-0.0008333472224535399,1.0000000000000018,0.0
80378,33.01805030083835,1.0,560,681,1241,0.0,-0.0008333472224535399,1.0000000000000018,0.0
80379,33.01721695361589,1.0,560,681,1241,0.0,-0.0008333472224535399,1.0000000000000018,0.0
80380,33.01638360639344,1.0,560,681,1241,0.0,-0.0008333472224535399,1.0000000000000018,0.0
80381,33.015550259170986,1.0,560,681,1241,0.0,-0.0008333472224535399,1.0000000000000018,0.0
80382,33.01471691194853,1.0,560,681,1241,0.0,-0.0008333472224535399,1.0000000000000018,0.0
80383,33.01388356472608,1.0,560,681,1241,0.0,-0.0008333472224535399,1.0000000000000018,0.0
80384,33.013050217503626,1.0,560,681,1241,0.0,-0.0008333472224535399,1.0000000000000018,0.0
80385,33.01221687028117,1.0,560,681,1241,0.0,-0.0008333472224535399,1.0000000000000018,0.0
80386,33.01138352305872,1.0,560,681,1241,0.0,-0.0008333472224535399,1.0000000000000018,0.0
80387,33.010550175836265,1.0,560,681,1241,0.0,-0.0008333472224535399,1.0000000000000018,0.0
80388,33.009716828613804,1.0,560,681,1241,0.0,-0.0008333472224606453,1.0000000000000018,0.0
80389,33.00888348139135,1.0,560,681,1241,0.0,-0.0008333472224535399,1.0000000000000018,0.0
80390,33.0080501341689,1.0,560,681,1241,0.0,-0.0008333472224535399,1.0000000000000018,0.0
80391,33.007216786946444,1.0,560,681,1241,0.0,-0.0008333472224535399,1.0000000000000018,0.0
80392,33.00638343972399,1.0,560,681,1241,0.0,-0.0008333472224535399,1.0000000000000018,0.0
80393,33.00555009250154,0.9991941982272361,560,681,1241,-0.0008058017727639033,-0.0008333472224535399,0.9999194198227255,-8.058017727639034e-05
80394,33.00471674527908,0.9991941982272361,560,681,1241,0.0,-0.0008333472224535399,0.9998388396454491,-8.058017727639034e-05
80395,33.00388339805663,0.9991941982272361,560,681,1241,0.0,-0.0008333472224535399,0.9997582594681728,-8.058017727639034e-05
80396,33.003050050834176,0.9991941982272361,560,681,1241,0.0,-0.0008333472224535399,0.9996776792908963,-8.058017727639034e-05
80397,33.00221670361172,0.9991941982272361,560,681,1241,0.0,-0.0008333472224535399,0.99959709911362,-8.058017727639034e-05
80398,33.00138335638927,0.9983883964544722,560,681,1241,-0.0008058017727639033,-0.0008333472224535399,0.9994359387590673,-0.00016116035455278067
80399,33.000550009166815,0.9983883964544722,560,681,1241,0.0,-0.0008333472224535399,0.9992747784045146,-0.00016116035455278067
80400,32.99971666194436,0.9983883964544722,560,681,1241,0.0,-0.0008333472224535399,0.999113618049962,-0.00016116035455278067
80401,32.99888331472191,0.9983883964544722,560,681,1241,0.0,-0.0008333472224535399,0.9989524576954093,-0.00016116035455278067
80402,32.998049967499455,0.9983883964544722,560,681,1241,0.0,-0.0008333472224535399,0.9987912973408566,-0.00016116035455278067
80403,32.997216620277,0.9983883964544722,560,681,1241,0.0,-0.0008333472224535399,0.9987107171635803,-8.058017727639034e-05
80404,32.99638327305455,0.9991941982272361,560,681,1241,0.0008058017727639033,-0.0008333472224535399,0.9987107171635803,0.0
80405,32.995549925832094,0.9991941982272361,560,681,1241,0.0,-0.0008333472224535399,0.9987107171635803,0.0
80406,32.99471657860964,0.9983883964544722,560,681,1241,-0.0008058017727639033,-0.0008333472224535399,0.9986301369863039,-8.058017727639034e-05
80407,32.99388323138719,0.9983883964544722,560,681,1241,0.0,-0.0008333472224535399,0.9985495568090276,-8.058017727639034e-05
80408,32.99304988416473,0.9975825946817083,560,681,1241,-0.0008058017727639033,-0.0008333472224535399,0.9984689766317512,-8.058017727639034e-05
80409,32.99221653694228,0.9983883964544722,560,681,1241,0.0008058017727639033,-0.0008333472224535399,0.9984689766317512,0.0
80410,32.991383189719826,0.9983883964544722,560,681,1241,0.0,-0.0008333472224535399,0.9984689766317512,0.0
80411,32.99054984249737,0.9991941982272361,560,681,1241,0.0008058017727639033,-0.0008333472224535399,0.9985495568090276,8.058017727639034e-05
80412,32.98971649527492,0.9991941982272361,560,681,1241,0.0,-0.0008333472224535399,0.9986301369863039,8.058017727639034e-05
80413,32.988883148052466,0.9991941982272361,560,681,1241,0.0,-0.0008333472224535399,0.9987107171635803,8.058017727639034e-05
80414,32.98804980083001,0.9991941982272361,560,681,1241,0.0,-0.0008333472224535399,0.9987107171635803,0.0
80415,32.98721645360756,1.0,560,681,1241,0.0008058017727639033,-0.0008333472224535399,0.9987912973408566,8.058017727639034e-05
80416,32.986383106385105,1.0,560,681,1241,0.0,-0.0008333472224535399,0.9989524576954093,0.00016116035455278067
80417,32.98554975916265,1.0,560,681,1241,0.0,-0.0008333472224535399,0.999113618049962,0.00016116035455278067
80418,32.9847164119402,1.0,560,681,1241,0.0,-0.0008333472224535399,0.9993553585817911,0.00024174053182917098
80419,32.983883064717745,1.0,560,681,1241,0.0,-0.0008333472224535399,0.9995165189363441,0.00016116035455278067
80420,32.98304971749529,1.0,560,681,1241,0.0,-0.0008333472224535399,0.9996776792908968,0.00016116035455278067
80421,32.98221637027284,1.0,560,681,1241,0.0,-0.0008333472224535399,0.9997582594681731,8.058017727639034e-05
80422,32.981383023050384,1.0,560,681,1241,0.0,-0.0008333472224535399,0.9998388396454494,8.058017727639034e-05
80423,32.98054967582793,1.0,560,681,1241,0.0,-0.0008333472224535399,0.9999194198227258,8.058017727639034e-05
80424,32.97971632860548,1.0,560,681,1241,0.0,-0.0008333472224535399,1.0000000000000022,8.058017727639034e-05
80425,32.97888298138302,1.0,560,681,1241,0.0,-0.0008333472224535399,1.0000000000000022,0.0
80426,32.97804963416057,0.9991941982272361,560,681,1241,-0.0008058017727639033,-0.0008333472224535399,0.9999194198227258,-8.058017727639034e-05
80427,32.977216286938116,1.0,560,681,1241,0.0008058017727639033,-0.0008333472224535399,0.9999194198227258,0.0
80428,32.97638293971566,1.0,560,681,1241,0.0,-0.0008333472224535399,0.9999194198227258,0.0
80429,32.97554959249321,0.9991941982272361,560,681,1241,-0.0008058017727639033,-0.0008333472224535399,0.9998388396454494,-8.058017727639034e-05
80430,32.974716245270756,0.9983883964544722,560,681,1241,-0.0008058017727639033,-0.0008333472224535399,0.9996776792908968,-0.00016116035455278067
80431,32.9738828980483,0.9991941982272361,560,681,1241,0.0008058017727639033,-0.0008333472224535399,0.9995970991136204,-8.058017727639034e-05
80432,32.97304955082585,1.0,560,681,1241,0.0008058017727639033,-0.0008333472224535399,0.9995970991136204,0.0
80433,32.972216203603395,0.9991941982272361,560,681,1241,-0.0008058017727639033,-0.0008333472224535399,0.9995165189363441,-8.058017727639034e-05
80434,32.97138285638094,0.9991941982272361,560,681,1241,0.0,-0.0008333472224535399,0.9994359387590677,-8.058017727639034e-05
80435,32.97054950915849,0.9991941982272361,560,681,1241,0.0,-0.0008333472224535399,0.9993553585817914,-8.058017727639034e-05
80436,32.969716161936034,1.0,560,681,1241,0.0008058017727639033,-0.0008333472224535399,0.9994359387590677,8.058017727639034e-05
80437,32.96888281471358,1.0,560,681,1241,0.0,-0.0008333472224535399,0.9994359387590677,0.0
80438,32.96804946749113,0.9991941982272361,560,681,1241,-0.0008058017727639033,-0.0008333472224535399,0.9993553585817914,-8.058017727639034e-05
80439,32.967216120268674,0.9991941982272361,560,681,1241,0.0,-0.0008333472224535399,0.9993553585817914,0.0
80440,32.96638277304622,0.9991941982272361,560,681,1241,0.0,-0.0008333472224535399,0.9994359387590677,8.058017727639034e-05
80441,32.96554942582377,0.9991941982272361,560,681,1241,0.0,-0.0008333472224535399,0.9994359387590677,0.0
80442,32.96471607860131,0.9991941982272361,560,681,1241,0.0,-0.0008333472224535399,0.9993553585817914,-8.058017727639034e-05
80443,32.96388273137886,0.9991941982272361,560,681,1241,0.0,-0.0008333472224535399,0.9993553585817914,0.0
80444,32.963049384156406,1.0,560,681,1241,0.0008058017727639033,-0.0008333472224535399,0.9994359387590677,8.058017727639034e-05
80445,32.96221603693395,1.0,560,681,1241,0.0,-0.0008333472224535399,0.9995165189363441,8.058017727639034e-05
80446,32.9613826897115,1.0,560,681,1241,0.0,-0.0008333472224535399,0.9995165189363441,0.0
80447,32.960549342489045,1.0,560,681,1241,0.0,-0.0008333472224535399,0.9995165189363441,0.0
80448,32.95971599526659,1.0,560,681,1241,0.0,-0.0008333472224535399,0.9995970991136204,8.058017727639034e-05
80449,32.95888264804414,1.0,560,681,1241,0.0,-0.0008333472224535399,0.9996776792908968,8.058017727639034e-05
80450,32.958049300821685,1.0,560,681,1241,0.0,-0.0008333472224535399,0.9997582594681731,8.058017727639034e-05
80451,32.957215953599224,1.0,560,681,1241,0.0,-0.0008333472224606453,0.9998388396454494,8.058017727639034e-05
80452,32.95638260637677,1.0,560,681,1241,0.0,-0.0008333472224535399,0.9999194198227258,8.058017727639034e-05
80453,32.95554925915432,1.0,560,681,1241,0.0,-0.0008333472224535399,1.0000000000000022,8.058017727639034e-05
80454,32.954715911931864,0.9983883964544722,560,681,1241,-0.0016116035455278066,-0.0008333472224535399,0.9998388396454494,-0.00016116035455278067
80455,32.95388256470941,0.9991941982272361,560,681,1241,0.0008058017727639033,-0.0008333472224535399,0.9997582594681731,-8.058017727639034e-05
80456,32.95304921748696,0.9991941982272361,560,681,1241,0.0,-0.0008333472224535399,0.9996776792908968,-8.058017727639034e-05
80457,32.9522158702645,0.9991941982272361,560,681,1241,0.0,-0.0008333472224535399,0.9995970991136204,-8.058017727639034e-05
80458,32.95138252304205,0.9991941982272361,560,681,1241,0.0,-0.0008333472224535399,0.9995165189363441,-8.058017727639034e-05
80459,32.950549175819596,0.9991941982272361,560,681,1241,0.0,-0.0008333472224535399,0.9994359387590677,-8.058017727639034e-05
80460,32.94971582859714,0.9983883964544722,560,681,1241,-0.0008058017727639033,-0.0008333472224535399,0.9992747784045151,-0.00016116035455278067
80461,32.94888248137469,0.9983883964544722,560,681,1241,0.0,-0.0008333472224535399,0.9991136180499623,-0.00016116035455278067
80462,32.948049134152235,0.9975825946817083,560,681,1241,-0.0008058017727639033,-0.0008333472224535399,0.9988718775181331,-0.00024174053182917098
80463,32.94721578692978,0.9991941982272361,560,681,1241,0.0016116035455278066,-0.0008333472224535399,0.9987912973408568,-8.058017727639034e-05
80464,32.94638243970733,0.9991941982272361,560,681,1241,0.0,-0.0008333472224535399,0.9988718775181333,8.058017727639034e-05
80465,32.945549092484875,1.0,560,681,1241,0.0008058017727639033,-0.0008333472224535399,0.9989524576954096,8.058017727639034e-05
80466,32.94471574526242,1.0,560,681,1241,0.0,-0.0008333472224535399,0.9990330378726859,8.058017727639034e-05
80467,32.94388239803997,1.0,560,681,1241,0.0,-0.0008333472224535399,0.9991136180499623,8.058017727639034e-05
80468,32.943049050817514,1.0,560,681,1241,0.0,-0.0008333472224535399,0.9991941982272387,8.058017727639034e-05
80469,32.94221570359506,0.9991941982272361,560,681,1241,-0.0008058017727639033,-0.0008333472224535399,0.9991941982272387,0.0
80470,32.94138235637261,0.9991941982272361,560,681,1241,0.0,-0.0008333472224535399,0.9992747784045151,8.058017727639034e-05
80471,32.94054900915015,1.0,560,681,1241,0.0008058017727639033,-0.0008333472224535399,0.9994359387590677,0.00016116035455278067
80472,32.9397156619277,1.0,560,681,1241,0.0,-0.0008333472224535399,0.9996776792908969,0.00024174053182917098
80473,32.93888231470524,1.0,560,681,1241,0.0,-0.0008333472224606453,0.9997582594681733,8.058017727639034e-05
80474,32.938048967482786,1.0,560,681,1241,0.0,-0.0008333472224535399,0.9998388396454496,8.058017727639034e-05
80475,32.93721562026033,1.0,560,681,1241,0.0,-0.0008333472224535399,0.9998388396454496,0.0
80476,32.93638227303788,1.0,560,681,1241,0.0,-0.0008333472224535399,0.9998388396454496,0.0
80477,32.935548925815425,1.0,560,681,1241,0.0,-0.0008333472224535399,0.9998388396454496,0.0
80478,32.93471557859297,1.0,560,681,1241,0.0,-0.0008333472224535399,0.9998388396454496,0.0
80479,32.93388223137052,1.0,560,681,1241,0.0,-0.0008333472224535399,0.9999194198227259,8.058017727639034e-05
80480,32.933048884148064,1.0,560,681,1241,0.0,-0.0008333472224535399,1.0000000000000022,8.058017727639034e-05
80481,32.93221553692561,0.9991941982272361,560,681,1241,-0.0008058017727639033,-0.0008333472224535399,0.9999194198227259,-8.058017727639034e-05
80482,32.93138218970316,0.9991941982272361,560,681,1241,0.0,-0.0008333472224535399,0.9998388396454496,-8.058017727639034e-05
80483,32.930548842480704,0.9991941982272361,560,681,1241,0.0,-0.0008333472224535399,0.9997582594681733,-8.058017727639034e-05
80484,32.92971549525825,1.0,560,681,1241,0.0008058017727639033,-0.0008333472224535399,0.9997582594681733,0.0
80485,32.9288821480358,0.9991941982272361,560,681,1241,-0.0008058017727639033,-0.0008333472224535399,0.9996776792908969,-8.058017727639034e-05
80486,32.92804880081334,1.0,560,681,1241,0.0008058017727639033,-0.0008333472224535399,0.9996776792908969,0.0
80487,32.92721545359089,1.0,560,681,1241,0.0,-0.0008333472224535399,0.9996776792908969,0.0
80488,32.926382106368436,1.0,560,681,1241,0.0,-0.0008333472224535399,0.9996776792908969,0.0
80489,32.92554875914598,1.0,560,681,1241,0.0,-0.0008333472224535399,0.9996776792908969,0.0
80490,32.92471541192353,1.0,560,681,1241,0.0,-0.0008333472224535399,0.9996776792908969,0.0
80491,32.923882064701075,1.0,560,681,1241,0.0,-0.0008333472224535399,0.9997582594681733,8.058017727639034e-05
80492,32.92304871747862,1.0,560,681,1241,0.0,-0.0008333472224535399,0.9998388396454496,8.058017727639034e-05
80493,32.92221537025617,1.0,560,681,1241,0.0,-0.0008333472224535399,0.9999194198227259,8.058017727639034e-05
80494,32.921382023033715,1.0,560,681,1241,0.0,-0.0008333472224535399,0.9999194198227259,0.0
80495,32.92054867581126,1.0,560,681,1241,0.0,-0.0008333472224535399,1.0000000000000022,8.058017727639034e-05
80496,32.91971532858881,1.0,560,681,1241,0.0,-0.0008333472224535399,1.0000000000000022,0.0
80497,32.918881981366354,1.0,560,681,1241,0.0,-0.0008333472224535399,1.0000000000000022,0.0
80498,32.9180486341439,1.0,560,681,1241,0.0,-0.0008333472224535399,1.0000000000000022,0.0
80499,32.91721528692145,1.0,560,681,1241,0.0,-0.0008333472224535399,1.0000000000000022,0.0
80500,32.916381939698994,1.0,560,681,1241,0.0,-0.0008333472224535399,1.0000000000000022,0.0
80501,32.91554859247654,1.0,560,681,1241,0.0,-0.0008333472224535399,1.0000000000000022,0.0
80502,32.91471524525409,1.0,560,681,1241,0.0,-0.0008333472224535399,1.0000000000000022,0.0
80503,32.91388189803163,0.9991941982272361,560,681,1241,-0.0008058017727639033,-0.0008333472224535399,0.9999194198227259,-8.058017727639034e-05
80504,32.91304855080918,1.0,560,681,1241,0.0008058017727639033,-0.0008333472224535399,0.9999194198227259,0.0
80505,32.912215203586726,1.0,560,681,1241,0.0,-0.0008333472224535399,0.9999194198227259,0.0
80506,32.91138185636427,1.0,560,681,1241,0.0,-0.0008333472224535399,0.9999194198227259,0.0
80507,32.91054850914182,1.0,560,681,1241,0.0,-0.0008333472224535399,0.9999194198227259,0.0
80508,32.909715161919365,1.0,560,681,1241,0.0,-0.0008333472224535399,0.9999194198227259,0.0
80509,32.90888181469691,1.0,560,681,1241,0.0,-0.0008333472224535399,0.9999194198227259,0.0
80510,32.90804846747446,1.0,560,681,1241,0.0,-0.0008333472224535399,0.9999194198227259,0.0
80511,32.907215120252005,1.0,560,681,1241,0.0,-0.0008333472224535399,0.9999194198227259,0.0
80512,32.90638177302955,1.0,560,681,1241,0.0,-0.0008333472224535399,0.9999194198227259,0.0
80513,32.9055484258071,1.0,560,681,1241,0.0,-0.0008333472224535399,1.0000000000000022,8.058017727639034e-05
80514,32.904715078584644,1.0,560,681,1241,0.0,-0.0008333472224535399,1.0000000000000022,0.0
80515,32.90388173136219,1.0,560,681,1241,0.0,-0.0008333472224535399,1.0000000000000022,0.0
80516,32.90304838413974,1.0,560,681,1241,0.0,-0.0008333472224535399,1.0000000000000022,0.0
80517,32.90221503691728,1.0,560,681,1241,0.0,-0.0008333472224535399,1.0000000000000022,0.0
80518,32.90138168969483,1.0,560,681,1241,0.0,-0.0008333472224535399,1.0000000000000022,0.0
80519,32.900548342472376,1.0,560,681,1241,0.0,-0.0008333472224535399,1.0000000000000022,0.0
80520,32.89971499524992,1.0,560,681,1241,0.0,-0.0008333472224535399,1.0000000000000022,0.0
80521,32.89888164802747,1.0,560,681,1241,0.0,-0.0008333472224535399,1.0000000000000022,0.0
80522,32.898048300805016,1.0,560,681,1241,0.0,-0.0008333472224535399,1.0000000000000022,0.0
80523,32.89721495358256,1.0,560,681,1241,0.0,-0.0008333472224535399,1.0000000000000022,0.0
80524,32.89638160636011,0.9991941982272361,560,681,1241,-0.0008058017727639033,-0.0008333472224535399,0.9999194198227259,-8.058017727639034e-05
80525,32.895548259137655,0.9991941982272361,560,681,1241,0.0,-0.0008333472224535399,0.9998388396454496,-8.058017727639034e-05
80526,32.8947149119152,1.0,560,681,1241,0.0008058017727639033,-0.0008333472224535399,0.9998388396454496,0.0
80527,32.89388156469275,1.0,560,681,1241,0.0,-0.0008333472224535399,0.9998388396454496,0.0
80528,32.893048217470295,1.0,560,681,1241,0.0,-0.0008333472224535399,0.9998388396454496,0.0
80529,32.89221487024784,1.0,560,681,1241,0.0,-0.0008333472224535399,0.9998388396454496,0.0
80530,32.89138152302539,1.0,560,681,1241,0.0,-0.0008333472224535399,0.9998388396454496,0.0
80531,32.890548175802934,1.0,560,681,1241,0.0,-0.0008333472224535399,0.9998388396454496,0.0
80532,32.88971482858048,1.0,560,681,1241,0.0,-0.0008333472224535399,0.9998388396454496,0.0
80533,32.88888148135803,1.0,560,681,1241,0.0,-0.0008333472224535399,0.9998388396454496,0.0
80534,32.88804813413557,1.0,560,681,1241,0.0,-0.0008333472224535399,0.9999194198227259,8.058017727639034e-05
80535,32.88721478691312,1.0,560,681,1241,0.0,-0.0008333472224535399,1.0000000000000022,8.058017727639034e-05
80536,32.88638143969066,1.0,560,681,1241,0.0,-0.0008333472224606453,1.0000000000000022,0.0
80537,32.885548092468206,1.0,560,681,1241,0.0,-0.0008333472224535399,1.0000000000000022,0.0
80538,32.88471474524575,1.0,560,681,1241,0.0,-0.0008333472224535399,1.0000000000000022,0.0
80539,32.8838813980233,1.0,560,681,1241,0.0,-0.0008333472224535399,1.0000000000000022,0.0
80540,32.883048050800845,1.0,560,681,1241,0.0,-0.0008333472224535399,1.0000000000000022,0.0
80541,32.88221470357839,1.0,560,681,1241,0.0,-0.0008333472224535399,1.0000000000000022,0.0
80542,32.88138135635594,1.0,560,681,1241,0.0,-0.0008333472224535399,1.0000000000000022,0.0
80543,32.880548009133484,1.0,560,681,1241,0.0,-0.0008333472224535399,1.0000000000000022,0.0
80544,32.87971466191103,1.0,560,681,1241,0.0,-0.0008333472224535399,1.0000000000000022,0.0
80545,32.87888131468858,1.0,560,681,1241,0.0,-0.0008333472224535399,1.0000000000000022,0.0
80546,32.878047967466124,1.0,560,681,1241,0.0,-0.0008333472224535399,1.0000000000000022,0.0
80547,32.87721462024367,1.0,560,681,1241,0.0,-0.0008333472224535399,1.0000000000000022,0.0
80548,32.87638127302122,1.0,560,681,1241,0.0,-0.0008333472224535399,1.0000000000000022,0.0
80549,32.87554792579876,1.0,560,681,1241,0.0,-0.0008333472224535399,1.0000000000000022,0.0
80550,32.87471457857631,1.0,560,681,1241,0.0,-0.0008333472224535399,1.0000000000000022,0.0
80551,32.873881231353856,1.0,560,681,1241,0.0,-0.0008333472224535399,1.0000000000000022,0.0
80552,32.8730478841314,1.0,560,681,1241,0.0,-0.0008333472224535399,1.0000000000000022,0.0
80553,32.87221453690895,1.0,560,681,1241,0.0,-0.0008333472224535399,1.0000000000000022,0.0
80554,32.871381189686495,1.0,560,681,1241,0.0,-0.0008333472224535399,1.0000000000000022,0.0
80555,32.87054784246404,1.0,560,681,1241,0.0,-0.0008333472224535399,1.0000000000000022,0.0
80556,32.86971449524159,1.0,560,681,1241,0.0,-0.0008333472224535399,1.0000000000000022,0.0
80557,32.86888114801913,1.0,560,681,1241,0.0,-0.0008333472224606453,1.0000000000000022,0.0
80558,32.868047800796674,1.0,560,681,1241,0.0,-0.0008333472224535399,1.0000000000000022,0.0
80559,32.86721445357422,1.0,560,681,1241,0.0,-0.0008333472224535399,1.0000000000000022,0.0
80560,32.86638110635177,1.0,560,681,1241,0.0,-0.0008333472224535399,1.0000000000000022,0.0
80561,32.86554775912931,1.0,560,681,1241,0.0,-0.0008333472224535399,1.0000000000000022,0.0
80562,32.86471441190686,1.0,560,681,1241,0.0,-0.0008333472224535399,1.0000000000000022,0.0
80563,32.863881064684406,1.0,560,681,1241,0.0,-0.0008333472224535399,1.0000000000000022,0.0
80564,32.86304771746195,1.0,560,681,1241,0.0,-0.0008333472224535399,1.0000000000000022,0.0
80565,32.8622143702395,1.0,560,681,1241,0.0,-0.0008333472224535399,1.0000000000000022,0.0
80566,32.861381023017046,1.0,560,681,1241,0.0,-0.0008333472224535399,1.0000000000000022,0.0
80567,32.86054767579459,1.0,560,681,1241,0.0,-0.0008333472224535399,1.0000000000000022,0.0
80568,32.85971432857214,1.0,560,681,1241,0.0,-0.0008333472224535399,1.0000000000000022,0.0
80569,32.858880981349685,1.0,560,681,1241,0.0,-0.0008333472224535399,1.0000000000000022,0.0
80570,32.85804763412723,1.0,560,681,1241,0.0,-0.0008333472224535399,1.0000000000000022,0.0
80571,32.85721428690478,1.0,560,681,1241,0.0,-0.0008333472224535399,1.0000000000000022,0.0
80572,32.856380939682325,1.0,560,681,1241,0.0,-0.0008333472224535399,1.0000000000000022,0.0
80573,32.85554759245987,1.0,560,681,1241,0.0,-0.0008333472224535399,1.0000000000000022,0.0
80574,32.85471424523742,1.0,560,681,1241,0.0,-0.0008333472224535399,1.0000000000000022,0.0
80575,32.853880898014964,1.0,560,681,1241,0.0,-0.0008333472224535399,1.0000000000000022,0.0
80576,32.85304755079251,1.0,560,681,1241,0.0,-0.0008333472224535399,1.0000000000000022,0.0
80577,32.85221420357006,1.0,560,681,1241,0.0,-0.0008333472224535399,1.0000000000000022,0.0
80578,32.8513808563476,1.0,560,681,1241,0.0,-0.0008333472224535399,1.0000000000000022,0.0
80579,32.85054750912515,1.0,560,681,1241,0.0,-0.0008333472224535399,1.0000000000000022,0.0
80580,32.849714161902696,1.0,560,681,1241,0.0,-0.0008333472224535399,1.0000000000000022,0.0
80581,32.84888081468024,1.0,560,681,1241,0.0,-0.0008333472224535399,1.0000000000000022,0.0
80582,32.84804746745779,1.0,560,681,1241,0.0,-0.0008333472224535399,1.0000000000000022,0.0
80583,32.847214120235336,1.0,560,681,1241,0.0,-0.0008333472224535399,1.0000000000000022,0.0
80584,32.84638077301288,1.0,560,681,1241,0.0,-0.0008333472224535399,1.0000000000000022,0.0
80585,32.84554742579043,1.0,560,681,1241,0.0,-0.0008333472224535399,1.0000000000000022,0.0
80586,32.844714078567975,1.0,560,681,1241,0.0,-0.0008333472224535399,1.0000000000000022,0.0
80587,32.84388073134552,1.0,560,681,1241,0.0,-0.0008333472224535399,1.0000000000000022,0.0
80588,32.84304738412307,1.0,560,681,1241,0.0,-0.0008333472224535399,1.0000000000000022,0.0
80589,32.842214036900614,0.9991941982272361,560,681,1241,-0.0008058017727639033,-0.0008333472224535399,0.9999194198227259,-8.058017727639034e-05
80590,32.84138068967816,1.0,560,681,1241,0.0008058017727639033,-0.0008333472224535399,0.9999194198227259,0.0
80591,32.84054734245571,1.0,560,681,1241,0.0,-0.0008333472224535399,0.9999194198227259,0.0
80592,32.839713995233254,1.0,560,681,1241,0.0,-0.0008333472224535399,0.9999194198227259,0.0
80593,32.8388806480108,1.0,560,681,1241,0.0,-0.0008333472224535399,0.9999194198227259,0.0
80594,32.83804730078835,1.0,560,681,1241,0.0,-0.0008333472224535399,0.9999194198227259,0.0
80595,32.83721395356589,1.0,560,681,1241,0.0,-0.0008333472224535399,0.9999194198227259,0.0
80596,32.83638060634344,1.0,560,681,1241,0.0,-0.0008333472224535399,0.9999194198227259,0.0
80597,32.835547259120986,1.0,560,681,1241,0.0,-0.0008333472224535399,0.9999194198227259,0.0
80598,32.83471391189853,1.0,560,681,1241,0.0,-0.0008333472224535399,0.9999194198227259,0.0
80599,32.83388056467608,1.0,560,681,1241,0.0,-0.0008333472224535399,1.0000000000000022,8.058017727639034e-05
80600,32.833047217453625,1.0,560,681,1241,0.0,-0.0008333472224535399,1.0000000000000022,0.0
80601,32.83221387023117,1.0,560,681,1241,0.0,-0.0008333472224535399,1.0000000000000022,0.0
80602,32.83138052300872,1.0,560,681,1241,0.0,-0.0008333472224535399,1.0000000000000022,0.0
80603,32.830547175786265,1.0,560,681,1241,0.0,-0.0008333472224535399,1.0000000000000022,0.0
80604,32.82971382856381,1.0,560,681,1241,0.0,-0.0008333472224535399,1.0000000000000022,0.0
80605,32.82888048134136,1.0,560,681,1241,0.0,-0.0008333472224535399,1.0000000000000022,0.0
80606,32.828047134118904,1.0,560,681,1241,0.0,-0.0008333472224535399,1.0000000000000022,0.0
80607,32.82721378689645,1.0,560,681,1241,0.0,-0.0008333472224535399,1.0000000000000022,0.0
80608,32.826380439674,1.0,560,681,1241,0.0,-0.0008333472224535399,1.0000000000000022,0.0
80609,32.825547092451544,1.0,560,681,1241,0.0,-0.0008333472224535399,1.0000000000000022,0.0
80610,32.82471374522909,1.0,560,681,1241,0.0,-0.0008333472224535399,1.0000000000000022,0.0
80611,32.82388039800664,0.9991941982272361,560,681,1241,-0.0008058017727639033,-0.0008333472224535399,0.9999194198227259,-8.058017727639034e-05
80612,32.82304705078418,1.0,560,681,1241,0.0008058017727639033,-0.0008333472224535399,0.9999194198227259,0.0
80613,32.82221370356173,1.0,560,681,1241,0.0,-0.0008333472224535399,0.9999194198227259,0.0
80614,32.821380356339276,1.0,560,681,1241,0.0,-0.0008333472224535399,0.9999194198227259,0.0
80615,32.82054700911682,1.0,560,681,1241,0.0,-0.0008333472224535399,0.9999194198227259,0.0
80616,32.81971366189437,1.0,560,681,1241,0.0,-0.0008333472224535399,0.9999194198227259,0.0
80617,32.818880314671915,1.0,560,681,1241,0.0,-0.0008333472224535399,0.9999194198227259,0.0
80618,32.81804696744946,1.0,560,681,1241,0.0,-0.0008333472224535399,0.9999194198227259,0.0
80619,32.81721362022701,1.0,560,681,1241,0.0,-0.0008333472224535399,0.9999194198227259,0.0
80620,32.816380273004555,1.0,560,681,1241,0.0,-0.0008333472224535399,0.9999194198227259,0.0
80621,32.815546925782094,1.0,560,681,1241,0.0,-0.0008333472224606453,1.0000000000000022,8.058017727639034e-05
80622,32.81471357855964,1.0,560,681,1241,0.0,-0.0008333472224535399,1.0000000000000022,0.0
80623,32.81388023133719,1.0,560,681,1241,0.0,-0.0008333472224535399,1.0000000000000022,0.0
80624,32.81304688411473,1.0,560,681,1241,0.0,-0.0008333472224535399,1.0000000000000022,0.0
80625,32.81221353689228,1.0,560,681,1241,0.0,-0.0008333472224535399,1.0000000000000022,0.0
80626,32.811380189669826,0.9991941982272361,560,681,1241,-0.0008058017727639033,-0.0008333472224535399,0.9999194198227259,-8.058017727639034e-05
80627,32.81054684244737,0.9991941982272361,560,681,1241,0.0,-0.0008333472224535399,0.9998388396454496,-8.058017727639034e-05
80628,32.80971349522492,1.0,560,681,1241,0.0008058017727639033,-0.0008333472224535399,0.9998388396454496,0.0
80629,32.808880148002466,1.0,560,681,1241,0.0,-0.0008333472224535399,0.9998388396454496,0.0
80630,32.80804680078001,1.0,560,681,1241,0.0,-0.0008333472224535399,0.9998388396454496,0.0
80631,32.80721345355756,1.0,560,681,1241,0.0,-0.0008333472224535399,0.9998388396454496,0.0
80632,32.806380106335105,1.0,560,681,1241,0.0,-0.0008333472224535399,0.9998388396454496,0.0
80633,32.80554675911265,1.0,560,681,1241,0.0,-0.0008333472224535399,0.9998388396454496,0.0
80634,32.8047134118902,1.0,560,681,1241,0.0,-0.0008333472224535399,0.9998388396454496,0.0
80635,32.803880064667744,1.0,560,681,1241,0.0,-0.0008333472224535399,0.9998388396454496,0.0
80636,32.80304671744529,1.0,560,681,1241,0.0,-0.0008333472224535399,0.9999194198227259,8.058017727639034e-05
80637,32.80221337022284,1.0,560,681,1241,0.0,-0.0008333472224535399,1.0000000000000022,8.058017727639034e-05
80638,32.801380023000384,1.0,560,681,1241,0.0,-0.0008333472224535399,1.0000000000000022,0.0
80639,32.80054667577793,1.0,560,681,1241,0.0,-0.0008333472224535399,1.0000000000000022,0.0
80640,32.79971332855548,1.0,560,681,1241,0.0,-0.0008333472224535399,1.0000000000000022,0.0
80641,32.79887998133302,1.0,560,681,1241,0.0,-0.0008333472224535399,1.0000000000000022,0.0
80642,32.79804663411056,1.0,560,681,1241,0.0,-0.0008333472224606453,1.0000000000000022,0.0
80643,32.79721328688811,1.0,560,681,1241,0.0,-0.0008333472224535399,1.0000000000000022,0.0
80644,32.796379939665655,1.0,560,681,1241,0.0,-0.0008333472224535399,1.0000000000000022,0.0
80645,32.7955465924432,1.0,560,681,1241,0.0,-0.0008333472224535399,1.0000000000000022,0.0
80646,32.79471324522075,1.0,560,681,1241,0.0,-0.0008333472224535399,1.0000000000000022,0.0
80647,32.793879897998295,1.0,560,681,1241,0.0,-0.0008333472224535399,1.0000000000000022,0.0
80648,32.79304655077584,1.0,560,681,1241,0.0,-0.0008333472224535399,1.0000000000000022,0.0
80649,32.79221320355339,1.0,560,681,1241,0.0,-0.0008333472224535399,1.0000000000000022,0.0
80650,32.791379856330934,1.0,560,681,1241,0.0,-0.0008333472224535399,1.0000000000000022,0.0
80651,32.79054650910848,1.0,560,681,1241,0.0,-0.0008333472224535399,1.0000000000000022,0.0
80652,32.78971316188603,1.0,560,681,1241,0.0,-0.0008333472224535399,1.0000000000000022,0.0
80653,32.788879814663574,1.0,560,681,1241,0.0,-0.0008333472224535399,1.0000000000000022,0.0
80654,32.78804646744112,1.0,560,681,1241,0.0,-0.0008333472224535399,1.0000000000000022,0.0
80655,32.78721312021867,1.0,560,681,1241,0.0,-0.0008333472224535399,1.0000000000000022,0.0
80656,32.78637977299621,1.0,560,681,1241,0.0,-0.0008333472224535399,1.0000000000000022,0.0
80657,32.78554642577376,1.0,560,681,1241,0.0,-0.0008333472224535399,1.0000000000000022,0.0
80658,32.784713078551306,1.0,560,681,1241,0.0,-0.0008333472224535399,1.0000000000000022,0.0
80659,32.78387973132885,1.0,560,681,1241,0.0,-0.0008333472224535399,1.0000000000000022,0.0
80660,32.7830463841064,1.0,560,681,1241,0.0,-0.0008333472224535399,1.0000000000000022,0.0
80661,32.782213036883945,1.0,560,681,1241,0.0,-0.0008333472224535399,1.0000000000000022,0.0
80662,32.78137968966149,1.0,560,681,1241,0.0,-0.0008333472224535399,1.0000000000000022,0.0
80663,32.78054634243904,1.0,560,681,1241,0.0,-0.0008333472224535399,1.0000000000000022,0.0
80664,32.779712995216585,1.0,560,681,1241,0.0,-0.0008333472224535399,1.0000000000000022,0.0
80665,32.77887964799413,1.0,560,681,1241,0.0,-0.0008333472224535399,1.0000000000000022,0.0
80666,32.77804630077168,0.9991941982272361,560,681,1241,-0.0008058017727639033,-0.0008333472224535399,0.9999194198227259,-8.058017727639034e-05
80667,32.777212953549224,0.9991941982272361,560,681,1241,0.0,-0.0008333472224535399,0.9998388396454496,-8.058017727639034e-05
80668,32.77637960632677,0.9991941982272361,560,681,1241,0.0,-0.0008333472224535399,0.9997582594681733,-8.058017727639034e-05
80669,32.77554625910432,1.0,560,681,1241,0.0008058017727639033,-0.0008333472224535399,0.9997582594681733,0.0
80670,32.77471291188186,0.9991941982272361,560,681,1241,-0.0008058017727639033,-0.0008333472224535399,0.9996776792908969,-8.058017727639034e-05
80671,32.77387956465941,0.9991941982272361,560,681,1241,0.0,-0.0008333472224535399,0.9995970991136206,-8.058017727639034e-05
80672,32.773046217436956,0.9991941982272361,560,681,1241,0.0,-0.0008333472224535399,0.9995165189363442,-8.058017727639034e-05
80673,32.7722128702145,0.9991941982272361,560,681,1241,0.0,-0.0008333472224535399,0.9994359387590679,-8.058017727639034e-05
80674,32.77137952299205,0.9991941982272361,560,681,1241,0.0,-0.0008333472224535399,0.9993553585817916,-8.058017727639034e-05
80675,32.770546175769596,0.9991941982272361,560,681,1241,0.0,-0.0008333472224535399,0.9992747784045152,-8.058017727639034e-05
80676,32.76971282854714,1.0,560,681,1241,0.0008058017727639033,-0.0008333472224535399,0.9993553585817916,8.058017727639034e-05
80677,32.76887948132469,1.0,560,681,1241,0.0,-0.0008333472224535399,0.9994359387590679,8.058017727639034e-05
80678,32.768046134102235,1.0,560,681,1241,0.0,-0.0008333472224535399,0.9995165189363442,8.058017727639034e-05
80679,32.76721278687978,1.0,560,681,1241,0.0,-0.0008333472224535399,0.9995165189363442,0.0
80680,32.76637943965733,1.0,560,681,1241,0.0,-0.0008333472224535399,0.9995970991136206,8.058017727639034e-05
80681,32.765546092434874,1.0,560,681,1241,0.0,-0.0008333472224535399,0.9996776792908969,8.058017727639034e-05
80682,32.76471274521242,1.0,560,681,1241,0.0,-0.0008333472224535399,0.9997582594681733,8.058017727639034e-05
80683,32.76387939798997,1.0,560,681,1241,0.0,-0.0008333472224535399,0.9998388396454496,8.058017727639034e-05
80684,32.763046050767514,1.0,560,681,1241,0.0,-0.0008333472224535399,0.9999194198227259,8.058017727639034e-05
80685,32.76221270354506,1.0,560,681,1241,0.0,-0.0008333472224535399,1.0000000000000022,8.058017727639034e-05
80686,32.76137935632261,1.0,560,681,1241,0.0,-0.0008333472224535399,1.0000000000000022,0.0
80687,32.76054600910015,1.0,560,681,1241,0.0,-0.0008333472224535399,1.0000000000000022,0.0
80688,32.7597126618777,1.0,560,681,1241,0.0,-0.0008333472224535399,1.0000000000000022,0.0
80689,32.758879314655246,1.0,560,681,1241,0.0,-0.0008333472224535399,1.0000000000000022,0.0
80690,32.75804596743279,1.0,560,681,1241,0.0,-0.0008333472224535399,1.0000000000000022,0.0
80691,32.75721262021034,1.0,560,681,1241,0.0,-0.0008333472224535399,1.0000000000000022,0.0
80692,32.756379272987886,1.0,560,681,1241,0.0,-0.0008333472224535399,1.0000000000000022,0.0
80693,32.75554592576543,1.0,560,681,1241,0.0,-0.0008333472224535399,1.0000000000000022,0.0
80694,32.75471257854298,1.0,560,681,1241,0.0,-0.0008333472224535399,1.0000000000000022,0.0
80695,32.753879231320525,1.0,560,681,1241,0.0,-0.0008333472224535399,1.0000000000000022,0.0
80696,32.75304588409807,1.0,560,681,1241,0.0,-0.0008333472224535399,1.0000000000000022,0.0
80697,32.75221253687562,1.0,560,681,1241,0.0,-0.0008333472224535399,1.0000000000000022,0.0
80698,32.751379189653164,1.0,560,681,1241,0.0,-0.0008333472224535399,1.0000000000000022,0.0
80699,32.75054584243071,1.0,560,681,1241,0.0,-0.0008333472224535399,1.0000000000000022,0.0
80700,32.74971249520826,1.0,560,681,1241,0.0,-0.0008333472224535399,1.0000000000000022,0.0
80701,32.748879147985804,1.0,560,681,1241,0.0,-0.0008333472224535399,1.0000000000000022,0.0
80702,32.74804580076335,1.0,560,681,1241,0.0,-0.0008333472224535399,1.0000000000000022,0.0
80703,32.7472124535409,1.0,560,681,1241,0.0,-0.0008333472224535399,1.0000000000000022,0.0
80704,32.74637910631844,0.9991941982272361,560,681,1241,-0.0008058017727639033,-0.0008333472224535399,0.9999194198227259,-8.058017727639034e-05
80705,32.74554575909599,0.9983883964544722,560,681,1241,-0.0008058017727639033,-0.0008333472224535399,0.9997582594681731,-0.00016116035455278067
80706,32.74471241187353,0.9991941982272361,560,681,1241,0.0008058017727639033,-0.0008333472224606453,0.9996776792908968,-8.058017727639034e-05
80707,32.743879064651075,0.9991941982272361,560,681,1241,0.0,-0.0008333472224535399,0.9995970991136204,-8.058017727639034e-05
80708,32.74304571742862,0.9991941982272361,560,681,1241,0.0,-0.0008333472224535399,0.9995165189363441,-8.058017727639034e-05
80709,32.74221237020617,1.0,560,681,1241,0.0008058017727639033,-0.0008333472224535399,0.9995165189363441,0.0
80710,32.741379022983715,1.0,560,681,1241,0.0,-0.0008333472224535399,0.9995165189363441,0.0
80711,32.74054567576126,1.0,560,681,1241,0.0,-0.0008333472224535399,0.9995165189363441,0.0
80712,32.73971232853881,0.9991941982272361,560,681,1241,-0.0008058017727639033,-0.0008333472224535399,0.9994359387590677,-8.058017727639034e-05
80713,32.738878981316354,0.9991941982272361,560,681,1241,0.0,-0.0008333472224535399,0.9993553585817914,-8.058017727639034e-05
80714,32.7380456340939,0.9983883964544722,560,681,1241,-0.0008058017727639033,-0.0008333472224535399,0.9992747784045151,-8.058017727639034e-05
80715,32.73721228687145,0.9975825946817083,560,681,1241,-0.0008058017727639033,-0.0008333472224535399,0.9991941982272387,-8.058017727639034e-05
80716,32.73637893964899,0.9983883964544722,560,681,1241,0.0008058017727639033,-0.0008333472224535399,0.9991136180499623,-8.058017727639034e-05
80717,32.73554559242654,0.9991941982272361,560,681,1241,0.0008058017727639033,-0.0008333472224535399,0.9991136180499623,0.0
80718,32.734712245204086,0.9991941982272361,560,681,1241,0.0,-0.0008333472224535399,0.9991136180499623,0.0
80719,32.73387889798163,0.9991941982272361,560,681,1241,0.0,-0.0008333472224535399,0.9990330378726859,-8.058017727639034e-05
80720,32.73304555075918,0.9991941982272361,560,681,1241,0.0,-0.0008333472224535399,0.9989524576954096,-8.058017727639034e-05
80721,32.732212203536726,0.9991941982272361,560,681,1241,0.0,-0.0008333472224535399,0.9988718775181333,-8.058017727639034e-05
80722,32.73137885631427,0.9991941982272361,560,681,1241,0.0,-0.0008333472224535399,0.9988718775181333,0.0
80723,32.73054550909182,0.9991941982272361,560,681,1241,0.0,-0.0008333472224535399,0.9988718775181333,0.0
80724,32.729712161869365,0.9991941982272361,560,681,1241,0.0,-0.0008333472224535399,0.9989524576954096,8.058017727639034e-05
80725,32.72887881464691,0.9991941982272361,560,681,1241,0.0,-0.0008333472224535399,0.9991136180499625,0.00016116035455278067
80726,32.72804546742446,1.0,560,681,1241,0.0008058017727639033,-0.0008333472224535399,0.9992747784045154,0.00016116035455278067
80727,32.727212120202,1.0,560,681,1241,0.0,-0.0008333472224606453,0.9993553585817917,8.058017727639034e-05
80728,32.726378772979544,1.0,560,681,1241,0.0,-0.0008333472224535399,0.9994359387590681,8.058017727639034e-05
80729,32.72554542575709,1.0,560,681,1241,0.0,-0.0008333472224535399,0.9995165189363444,8.058017727639034e-05
80730,32.72471207853464,1.0,560,681,1241,0.0,-0.0008333472224535399,0.9995970991136207,8.058017727639034e-05
80731,32.72387873131218,1.0,560,681,1241,0.0,-0.0008333472224535399,0.9996776792908971,8.058017727639034e-05
80732,32.72304538408973,1.0,560,681,1241,0.0,-0.0008333472224535399,0.9997582594681734,8.058017727639034e-05
80733,32.722212036867276,1.0,560,681,1241,0.0,-0.0008333472224535399,0.9998388396454498,8.058017727639034e-05
80734,32.72137868964482,0.9991941982272361,560,681,1241,-0.0008058017727639033,-0.0008333472224535399,0.9998388396454498,0.0
80735,32.72054534242237,1.0,560,681,1241,0.0008058017727639033,-0.0008333472224535399,0.9999194198227261,8.058017727639034e-05
80736,32.719711995199916,1.0,560,681,1241,0.0,-0.0008333472224535399,0.9999194198227261,0.0
80737,32.71887864797746,1.0,560,681,1241,0.0,-0.0008333472224535399,0.9999194198227261,0.0
80738,32.71804530075501,1.0,560,681,1241,0.0,-0.0008333472224535399,0.9999194198227261,0.0
80739,32.717211953532555,1.0,560,681,1241,0.0,-0.0008333472224535399,0.9999194198227261,0.0
80740,32.7163786063101,1.0,560,681,1241,0.0,-0.0008333472224535399,0.9999194198227261,0.0
80741,32.71554525908765,1.0,560,681,1241,0.0,-0.0008333472224535399,0.9999194198227261,0.0
80742,32.714711911865194,1.0,560,681,1241,0.0,-0.0008333472224535399,0.9999194198227261,0.0
80743,32.71387856464274,1.0,560,681,1241,0.0,-0.0008333472224535399,0.9999194198227261,0.0
80744,32.71304521742029,1.0,560,681,1241,0.0,-0.0008333472224535399,1.0000000000000024,8.058017727639034e-05
80745,32.712211870197834,1.0,560,681,1241,0.0,-0.0008333472224535399,1.0000000000000024,0.0
80746,32.71137852297538,1.0,560,681,1241,0.0,-0.0008333472224535399,1.0000000000000024,0.0
80747,32.71054517575293,1.0,560,681,1241,0.0,-0.0008333472224535399,1.0000000000000024,0.0
80748,32.70971182853047,1.0,560,681,1241,0.0,-0.0008333472224535399,1.0000000000000024,0.0
80749,32.70887848130802,1.0,560,681,1241,0.0,-0.0008333472224535399,1.0000000000000024,0.0
80750,32.708045134085566,1.0,560,681,1241,0.0,-0.0008333472224535399,1.0000000000000024,0.0
80751,32.70721178686311,1.0,560,681,1241,0.0,-0.0008333472224535399,1.0000000000000024,0.0
80752,32.70637843964066,1.0,560,681,1241,0.0,-0.0008333472224535399,1.0000000000000024,0.0
80753,32.705545092418205,1.0,560,681,1241,0.0,-0.0008333472224535399,1.0000000000000024,0.0
80754,32.70471174519575,1.0,560,681,1241,0.0,-0.0008333472224535399,1.0000000000000024,0.0
80755,32.7038783979733,1.0,560,681,1241,0.0,-0.0008333472224535399,1.0000000000000024,0.0
80756,32.703045050750845,1.0,560,681,1241,0.0,-0.0008333472224535399,1.0000000000000024,0.0
80757,32.70221170352839,1.0,560,681,1241,0.0,-0.0008333472224535399,1.0000000000000024,0.0
80758,32.70137835630594,0.9991941982272361,560,681,1241,-0.0008058017727639033,-0.0008333472224535399,0.9999194198227261,-8.058017727639034e-05
80759,32.700545009083484,1.0,560,681,1241,0.0008058017727639033,-0.0008333472224535399,0.9999194198227261,0.0
80760,32.69971166186103,1.0,560,681,1241,0.0,-0.0008333472224535399,0.9999194198227261,0.0
80761,32.69887831463858,1.0,560,681,1241,0.0,-0.0008333472224535399,0.9999194198227261,0.0
80762,32.69804496741612,0.9991941982272361,560,681,1241,-0.0008058017727639033,-0.0008333472224535399,0.9998388396454498,-8.058017727639034e-05
80763,32.69721162019367,0.9991941982272361,560,681,1241,0.0,-0.0008333472224535399,0.9997582594681734,-8.058017727639034e-05
80764,32.69637827297122,0.9991941982272361,560,681,1241,0.0,-0.0008333472224535399,0.9996776792908971,-8.058017727639034e-05
80765,32.69554492574876,1.0,560,681,1241,0.0008058017727639033,-0.0008333472224535399,0.9996776792908971,0.0
80766,32.69471157852631,1.0,560,681,1241,0.0,-0.0008333472224535399,0.9996776792908971,0.0
80767,32.693878231303856,1.0,560,681,1241,0.0,-0.0008333472224535399,0.9996776792908971,0.0
80768,32.6930448840814,1.0,560,681,1241,0.0,-0.0008333472224535399,0.9997582594681734,8.058017727639034e-05
80769,32.69221153685895,1.0,560,681,1241,0.0,-0.0008333472224535399,0.9997582594681734,0.0
80770,32.691378189636495,1.0,560,681,1241,0.0,-0.0008333472224535399,0.9997582594681734,0.0
80771,32.69054484241404,1.0,560,681,1241,0.0,-0.0008333472224535399,0.9997582594681734,0.0
80772,32.68971149519159,1.0,560,681,1241,0.0,-0.0008333472224535399,0.9998388396454498,8.058017727639034e-05
80773,32.688878147969135,1.0,560,681,1241,0.0,-0.0008333472224535399,0.9999194198227261,8.058017727639034e-05
80774,32.68804480074668,1.0,560,681,1241,0.0,-0.0008333472224535399,1.0000000000000024,8.058017727639034e-05
80775,32.68721145352423,1.0,560,681,1241,0.0,-0.0008333472224535399,1.0000000000000024,0.0
80776,32.686378106301774,1.0,560,681,1241,0.0,-0.0008333472224535399,1.0000000000000024,0.0
80777,32.68554475907932,1.0,560,681,1241,0.0,-0.0008333472224535399,1.0000000000000024,0.0
80778,32.68471141185687,1.0,560,681,1241,0.0,-0.0008333472224535399,1.0000000000000024,0.0
80779,32.68387806463441,1.0,560,681,1241,0.0,-0.0008333472224535399,1.0000000000000024,0.0
80780,32.68304471741196,1.0,560,681,1241,0.0,-0.0008333472224535399,1.0000000000000024,0.0
80781,32.682211370189506,1.0,560,681,1241,0.0,-0.0008333472224535399,1.0000000000000024,0.0
80782,32.68137802296705,1.0,560,681,1241,0.0,-0.0008333472224535399,1.0000000000000024,0.0
80783,32.6805446757446,1.0,560,681,1241,0.0,-0.0008333472224535399,1.0000000000000024,0.0
80784,32.679711328522146,1.0,560,681,1241,0.0,-0.0008333472224535399,1.0000000000000024,0.0
80785,32.67887798129969,1.0,560,681,1241,0.0,-0.0008333472224535399,1.0000000000000024,0.0
80786,32.67804463407724,1.0,560,681,1241,0.0,-0.0008333472224535399,1.0000000000000024,0.0
80787,32.677211286854785,1.0,560,681,1241,0.0,-0.0008333472224535399,1.0000000000000024,0.0
80788,32.67637793963233,1.0,560,681,1241,0.0,-0.0008333472224535399,1.0000000000000024,0.0
80789,32.67554459240988,1.0,560,681,1241,0.0,-0.0008333472224535399,1.0000000000000024,0.0
80790,32.67471124518742,1.0,560,681,1241,0.0,-0.0008333472224606453,1.0000000000000024,0.0
80791,32.673877897964964,0.9991941982272361,560,681,1241,-0.0008058017727639033,-0.0008333472224535399,0.9999194198227261,-8.058017727639034e-05
80792,32.67304455074251,1.0,560,681,1241,0.0008058017727639033,-0.0008333472224535399,0.9999194198227261,0.0
80793,32.67221120352006,1.0,560,681,1241,0.0,-0.0008333472224535399,0.9999194198227261,0.0
80794,32.6713778562976,1.0,560,681,1241,0.0,-0.0008333472224535399,0.9999194198227261,0.0
80795,32.67054450907515,1.0,560,681,1241,0.0,-0.0008333472224535399,0.9999194198227261,0.0
80796,32.669711161852696,1.0,560,681,1241,0.0,-0.0008333472224535399,0.9999194198227261,0.0
80797,32.66887781463024,1.0,560,681,1241,0.0,-0.0008333472224535399,0.9999194198227261,0.0
80798,32.66804446740779,1.0,560,681,1241,0.0,-0.0008333472224535399,0.9999194198227261,0.0
80799,32.667211120185335,1.0,560,681,1241,0.0,-0.0008333472224535399,0.9999194198227261,0.0
80800,32.66637777296288,1.0,560,681,1241,0.0,-0.0008333472224535399,0.9999194198227261,0.0
80801,32.66554442574043,1.0,560,681,1241,0.0,-0.0008333472224535399,1.0000000000000024,8.058017727639034e-05
80802,32.664711078517975,1.0,560,681,1241,0.0,-0.0008333472224535399,1.0000000000000024,0.0
80803,32.66387773129552,1.0,560,681,1241,0.0,-0.0008333472224535399,1.0000000000000024,0.0
80804,32.66304438407307,1.0,560,681,1241,0.0,-0.0008333472224535399,1.0000000000000024,0.0
80805,32.662211036850614,1.0,560,681,1241,0.0,-0.0008333472224535399,1.0000000000000024,0.0
80806,32.66137768962816,1.0,560,681,1241,0.0,-0.0008333472224535399,1.0000000000000024,0.0
80807,32.66054434240571,0.9991941982272361,560,681,1241,-0.0008058017727639033,-0.0008333472224535399,0.9999194198227261,-8.058017727639034e-05
80808,32.659710995183254,0.9991941982272361,560,681,1241,0.0,-0.0008333472224535399,0.9998388396454498,-8.058017727639034e-05
80809,32.6588776479608,1.0,560,681,1241,0.0008058017727639033,-0.0008333472224535399,0.9998388396454498,0.0
80810,32.65804430073835,0.9991941982272361,560,681,1241,-0.0008058017727639033,-0.0008333472224535399,0.9997582594681734,-8.058017727639034e-05
80811,32.657210953515886,0.9991941982272361,560,681,1241,0.0,-0.0008333472224606453,0.9996776792908971,-8.058017727639034e-05
80812,32.65637760629343,1.0,560,681,1241,0.0008058017727639033,-0.0008333472224535399,0.9996776792908971,0.0
80813,32.65554425907098,0.9991941982272361,560,681,1241,-0.0008058017727639033,-0.0008333472224535399,0.9995970991136207,-8.058017727639034e-05
80814,32.654710911848525,0.9991941982272361,560,681,1241,0.0,-0.0008333472224535399,0.9995165189363444,-8.058017727639034e-05
80815,32.65387756462607,0.9991941982272361,560,681,1241,0.0,-0.0008333472224535399,0.9994359387590681,-8.058017727639034e-05
80816,32.65304421740362,1.0,560,681,1241,0.0008058017727639033,-0.0008333472224535399,0.9994359387590681,0.0
80817,32.652210870181165,1.0,560,681,1241,0.0,-0.0008333472224535399,0.9995165189363444,8.058017727639034e-05
80818,32.65137752295871,0.9991941982272361,560,681,1241,-0.0008058017727639033,-0.0008333472224535399,0.9995165189363444,0.0
80819,32.65054417573626,0.9991941982272361,560,681,1241,0.0,-0.0008333472224535399,0.9994359387590681,-8.058017727639034e-05
80820,32.649710828513804,0.9991941982272361,560,681,1241,0.0,-0.0008333472224535399,0.9994359387590681,0.0
80821,32.64887748129135,0.9991941982272361,560,681,1241,0.0,-0.0008333472224535399,0.9994359387590681,0.0
80822,32.6480441340689,0.9991941982272361,560,681,1241,0.0,-0.0008333472224535399,0.9993553585817917,-8.058017727639034e-05
80823,32.64721078684644,0.9991941982272361,560,681,1241,0.0,-0.0008333472224535399,0.9993553585817917,0.0
80824,32.64637743962399,0.9991941982272361,560,681,1241,0.0,-0.0008333472224535399,0.9993553585817917,0.0
80825,32.645544092401536,0.9991941982272361,560,681,1241,0.0,-0.0008333472224535399,0.9993553585817917,0.0
80826,32.64471074517908,0.9991941982272361,560,681,1241,0.0,-0.0008333472224535399,0.9992747784045154,-8.058017727639034e-05
80827,32.64387739795663,0.9991941982272361,560,681,1241,0.0,-0.0008333472224535399,0.999194198227239,-8.058017727639034e-05
80828,32.643044050734176,0.9991941982272361,560,681,1241,0.0,-0.0008333472224535399,0.999194198227239,0.0
80829,32.64221070351172,0.9991941982272361,560,681,1241,0.0,-0.0008333472224535399,0.999194198227239,0.0
80830,32.64137735628927,0.9991941982272361,560,681,1241,0.0,-0.0008333472224535399,0.999194198227239,0.0
80831,32.640544009066815,0.9991941982272361,560,681,1241,0.0,-0.0008333472224535399,0.999194198227239,0.0
80832,32.63971066184436,0.9991941982272361,560,681,1241,0.0,-0.0008333472224535399,0.999194198227239,0.0
80833,32.63887731462191,1.0,560,681,1241,0.0008058017727639033,-0.0008333472224535399,0.9992747784045154,8.058017727639034e-05
80834,32.638043967399454,1.0,560,681,1241,0.0,-0.0008333472224535399,0.9993553585817917,8.058017727639034e-05
80835,32.637210620177,1.0,560,681,1241,0.0,-0.0008333472224535399,0.9994359387590681,8.058017727639034e-05
80836,32.63637727295455,1.0,560,681,1241,0.0,-0.0008333472224535399,0.9995165189363444,8.058017727639034e-05
80837,32.635543925732094,1.0,560,681,1241,0.0,-0.0008333472224535399,0.9995970991136207,8.058017727639034e-05
80838,32.63471057850964,1.0,560,681,1241,0.0,-0.0008333472224535399,0.9996776792908971,8.058017727639034e-05
80839,32.63387723128719,1.0,560,681,1241,0.0,-0.0008333472224535399,0.9997582594681734,8.058017727639034e-05
80840,32.63304388406473,0.9991941982272361,560,681,1241,-0.0008058017727639033,-0.0008333472224535399,0.9997582594681734,0.0
80841,32.63221053684228,0.9991941982272361,560,681,1241,0.0,-0.0008333472224535399,0.9997582594681734,0.0
80842,32.631377189619826,1.0,560,681,1241,0.0008058017727639033,-0.0008333472224535399,0.9998388396454498,8.058017727639034e-05
80843,32.63054384239737,1.0,560,681,1241,0.0,-0.0008333472224535399,0.9998388396454498,0.0
80844,32.62971049517492,1.0,560,681,1241,0.0,-0.0008333472224535399,0.9998388396454498,0.0
80845,32.628877147952466,1.0,560,681,1241,0.0,-0.0008333472224535399,0.9998388396454498,0.0
80846,32.62804380073001,1.0,560,681,1241,0.0,-0.0008333472224535399,0.9998388396454498,0.0
80847,32.62721045350756,1.0,560,681,1241,0.0,-0.0008333472224535399,0.9998388396454498,0.0
80848,32.626377106285105,1.0,560,681,1241,0.0,-0.0008333472224535399,0.9998388396454498,0.0
80849,32.62554375906265,1.0,560,681,1241,0.0,-0.0008333472224535399,0.9998388396454498,0.0
80850,32.6247104118402,1.0,560,681,1241,0.0,-0.0008333472224535399,0.9999194198227261,8.058017727639034e-05
80851,32.623877064617744,1.0,560,681,1241,0.0,-0.0008333472224535399,1.0000000000000024,8.058017727639034e-05
80852,32.62304371739529,1.0,560,681,1241,0.0,-0.0008333472224535399,1.0000000000000024,0.0
80853,32.62221037017284,1.0,560,681,1241,0.0,-0.0008333472224535399,1.0000000000000024,0.0
80854,32.621377022950384,1.0,560,681,1241,0.0,-0.0008333472224535399,1.0000000000000024,0.0
80855,32.62054367572793,0.9991941982272361,560,681,1241,-0.0008058017727639033,-0.0008333472224535399,0.9999194198227261,-8.058017727639034e-05
80856,32.61971032850548,0.9991941982272361,560,681,1241,0.0,-0.0008333472224535399,0.9998388396454498,-8.058017727639034e-05
80857,32.61887698128302,0.9991941982272361,560,681,1241,0.0,-0.0008333472224535399,0.9997582594681734,-8.058017727639034e-05
80858,32.61804363406057,1.0,560,681,1241,0.0008058017727639033,-0.0008333472224535399,0.9997582594681734,0.0
80859,32.617210286838116,1.0,560,681,1241,0.0,-0.0008333472224535399,0.9997582594681734,0.0
80860,32.61637693961566,1.0,560,681,1241,0.0,-0.0008333472224535399,0.9997582594681734,0.0
80861,32.61554359239321,0.9991941982272361,560,681,1241,-0.0008058017727639033,-0.0008333472224535399,0.9996776792908971,-8.058017727639034e-05
80862,32.614710245170755,1.0,560,681,1241,0.0008058017727639033,-0.0008333472224535399,0.9996776792908971,0.0
80863,32.6138768979483,1.0,560,681,1241,0.0,-0.0008333472224535399,0.9996776792908971,0.0
80864,32.61304355072585,1.0,560,681,1241,0.0,-0.0008333472224535399,0.9996776792908971,0.0
80865,32.612210203503395,1.0,560,681,1241,0.0,-0.0008333472224535399,0.9997582594681734,8.058017727639034e-05
80866,32.61137685628094,1.0,560,681,1241,0.0,-0.0008333472224535399,0.9998388396454498,8.058017727639034e-05
80867,32.61054350905849,1.0,560,681,1241,0.0,-0.0008333472224535399,0.9999194198227261,8.058017727639034e-05
80868,32.609710161836034,1.0,560,681,1241,0.0,-0.0008333472224535399,0.9999194198227261,0.0
80869,32.60887681461358,1.0,560,681,1241,0.0,-0.0008333472224535399,0.9999194198227261,0.0
80870,32.60804346739113,1.0,560,681,1241,0.0,-0.0008333472224535399,0.9999194198227261,0.0
80871,32.60721012016867,1.0,560,681,1241,0.0,-0.0008333472224535399,1.0000000000000024,8.058017727639034e-05
80872,32.60637677294622,0.9991941982272361,560,681,1241,-0.0008058017727639033,-0.0008333472224535399,0.9999194198227261,-8.058017727639034e-05
80873,32.605543425723766,1.0,560,681,1241,0.0008058017727639033,-0.0008333472224535399,0.9999194198227261,0.0
80874,32.60471007850131,0.9991941982272361,560,681,1241,-0.0008058017727639033,-0.0008333472224535399,0.9998388396454498,-8.058017727639034e-05
80875,32.60387673127885,0.9991941982272361,560,681,1241,0.0,-0.0008333472224606453,0.9997582594681734,-8.058017727639034e-05
80876,32.6030433840564,0.9991941982272361,560,681,1241,0.0,-0.0008333472224535399,0.9996776792908971,-8.058017727639034e-05
80877,32.602210036833945,0.9991941982272361,560,681,1241,0.0,-0.0008333472224535399,0.9995970991136207,-8.058017727639034e-05
80878,32.60137668961149,1.0,560,681,1241,0.0008058017727639033,-0.0008333472224535399,0.9995970991136207,0.0
80879,32.60054334238904,1.0,560,681,1241,0.0,-0.0008333472224535399,0.9995970991136207,0.0
80880,32.599709995166585,1.0,560,681,1241,0.0,-0.0008333472224535399,0.9995970991136207,0.0
80881,32.59887664794413,1.0,560,681,1241,0.0,-0.0008333472224535399,0.9995970991136207,0.0
80882,32.59804330072168,1.0,560,681,1241,0.0,-0.0008333472224535399,0.9996776792908971,8.058017727639034e-05
80883,32.597209953499224,1.0,560,681,1241,0.0,-0.0008333472224535399,0.9996776792908971,0.0
80884,32.59637660627677,1.0,560,681,1241,0.0,-0.0008333472224535399,0.9997582594681734,8.058017727639034e-05
80885,32.59554325905432,1.0,560,681,1241,0.0,-0.0008333472224535399,0.9998388396454498,8.058017727639034e-05
80886,32.59470991183186,1.0,560,681,1241,0.0,-0.0008333472224535399,0.9999194198227261,8.058017727639034e-05
80887,32.59387656460941,1.0,560,681,1241,0.0,-0.0008333472224535399,1.0000000000000024,8.058017727639034e-05
80888,32.593043217386956,1.0,560,681,1241,0.0,-0.0008333472224535399,1.0000000000000024,0.0
80889,32.5922098701645,1.0,560,681,1241,0.0,-0.0008333472224535399,1.0000000000000024,0.0
80890,32.59137652294205,1.0,560,681,1241,0.0,-0.0008333472224535399,1.0000000000000024,0.0
80891,32.590543175719596,1.0,560,681,1241,0.0,-0.0008333472224535399,1.0000000000000024,0.0
80892,32.58970982849714,1.0,560,681,1241,0.0,-0.0008333472224535399,1.0000000000000024,0.0
80893,32.58887648127469,1.0,560,681,1241,0.0,-0.0008333472224535399,1.0000000000000024,0.0
80894,32.588043134052235,1.0,560,681,1241,0.0,-0.0008333472224535399,1.0000000000000024,0.0
80895,32.58720978682978,0.9991941982272361,560,681,1241,-0.0008058017727639033,-0.0008333472224535399,0.9999194198227261,-8.058017727639034e-05
80896,32.58637643960732,0.9991941982272361,560,681,1241,0.0,-0.0008333472224606453,0.9998388396454498,-8.058017727639034e-05
80897,32.58554309238487,0.9991941982272361,560,681,1241,0.0,-0.0008333472224535399,0.9997582594681734,-8.058017727639034e-05
80898,32.584709745162414,0.9991941982272361,560,681,1241,0.0,-0.0008333472224535399,0.9996776792908971,-8.058017727639034e-05
80899,32.58387639793996,0.9991941982272361,560,681,1241,0.0,-0.0008333472224535399,0.9995970991136207,-8.058017727639034e-05
80900,32.58304305071751,0.9991941982272361,560,681,1241,0.0,-0.0008333472224535399,0.9995165189363444,-8.058017727639034e-05
80901,32.58220970349505,0.9991941982272361,560,681,1241,0.0,-0.0008333472224535399,0.9994359387590681,-8.058017727639034e-05
80902,32.5813763562726,0.9991941982272361,560,681,1241,0.0,-0.0008333472224535399,0.9993553585817917,-8.058017727639034e-05
80903,32.580543009050146,0.9991941982272361,560,681,1241,0.0,-0.0008333472224535399,0.9992747784045154,-8.058017727639034e-05
80904,32.57970966182769,0.9991941982272361,560,681,1241,0.0,-0.0008333472224535399,0.999194198227239,-8.058017727639034e-05
80905,32.57887631460524,0.9991941982272361,560,681,1241,0.0,-0.0008333472224535399,0.999194198227239,0.0
80906,32.578042967382785,0.9991941982272361,560,681,1241,0.0,-0.0008333472224535399,0.999194198227239,0.0
80907,32.57720962016033,1.0,560,681,1241,0.0008058017727639033,-0.0008333472224535399,0.9992747784045154,8.058017727639034e-05
80908,32.57637627293788,1.0,560,681,1241,0.0,-0.0008333472224535399,0.9993553585817917,8.058017727639034e-05
80909,32.575542925715425,1.0,560,681,1241,0.0,-0.0008333472224535399,0.9994359387590681,8.058017727639034e-05
80910,32.57470957849297,1.0,560,681,1241,0.0,-0.0008333472224535399,0.9995165189363444,8.058017727639034e-05
80911,32.57387623127052,1.0,560,681,1241,0.0,-0.0008333472224535399,0.9995970991136207,8.058017727639034e-05
80912,32.573042884048064,1.0,560,681,1241,0.0,-0.0008333472224535399,0.9996776792908971,8.058017727639034e-05
80913,32.57220953682561,1.0,560,681,1241,0.0,-0.0008333472224535399,0.9997582594681734,8.058017727639034e-05
80914,32.57137618960316,1.0,560,681,1241,0.0,-0.0008333472224535399,0.9998388396454498,8.058017727639034e-05
80915,32.5705428423807,1.0,560,681,1241,0.0,-0.0008333472224535399,0.9999194198227261,8.058017727639034e-05
80916,32.56970949515825,1.0,560,681,1241,0.0,-0.0008333472224535399,1.0000000000000024,8.058017727639034e-05
80917,32.568876147935796,1.0,560,681,1241,0.0,-0.0008333472224535399,1.0000000000000024,0.0
80918,32.56804280071334,1.0,560,681,1241,0.0,-0.0008333472224535399,1.0000000000000024,0.0
80919,32.56720945349089,1.0,560,681,1241,0.0,-0.0008333472224535399,1.0000000000000024,0.0
80920,32.566376106268436,1.0,560,681,1241,0.0,-0.0008333472224535399,1.0000000000000024,0.0
80921,32.56554275904598,1.0,560,681,1241,0.0,-0.0008333472224535399,1.0000000000000024,0.0
80922,32.56470941182353,1.0,560,681,1241,0.0,-0.0008333472224535399,1.0000000000000024,0.0
80923,32.563876064601075,1.0,560,681,1241,0.0,-0.0008333472224535399,1.0000000000000024,0.0
80924,32.56304271737862,1.0,560,681,1241,0.0,-0.0008333472224535399,1.0000000000000024,0.0
80925,32.56220937015617,1.0,560,681,1241,0.0,-0.0008333472224535399,1.0000000000000024,0.0
80926,32.561376022933715,1.0,560,681,1241,0.0,-0.0008333472224535399,1.0000000000000024,0.0
80927,32.56054267571126,1.0,560,681,1241,0.0,-0.0008333472224535399,1.0000000000000024,0.0
80928,32.55970932848881,1.0,560,681,1241,0.0,-0.0008333472224535399,1.0000000000000024,0.0
80929,32.558875981266354,1.0,560,681,1241,0.0,-0.0008333472224535399,1.0000000000000024,0.0
80930,32.5580426340439,1.0,560,681,1241,0.0,-0.0008333472224535399,1.0000000000000024,0.0
80931,32.55720928682145,1.0,560,681,1241,0.0,-0.0008333472224535399,1.0000000000000024,0.0
80932,32.55637593959899,0.9991941982272361,560,681,1241,-0.0008058017727639033,-0.0008333472224535399,0.9999194198227261,-8.058017727639034e-05
80933,32.55554259237654,1.0,560,681,1241,0.0008058017727639033,-0.0008333472224535399,0.9999194198227261,0.0
80934,32.554709245154086,0.9991941982272361,560,681,1241,-0.0008058017727639033,-0.0008333472224535399,0.9998388396454498,-8.058017727639034e-05
80935,32.55387589793163,1.0,560,681,1241,0.0008058017727639033,-0.0008333472224535399,0.9998388396454498,0.0
80936,32.55304255070918,1.0,560,681,1241,0.0,-0.0008333472224535399,0.9998388396454498,0.0
80937,32.552209203486726,1.0,560,681,1241,0.0,-0.0008333472224535399,0.9998388396454498,0.0
80938,32.55137585626427,1.0,560,681,1241,0.0,-0.0008333472224535399,0.9998388396454498,0.0
80939,32.55054250904182,0.9991941982272361,560,681,1241,-0.0008058017727639033,-0.0008333472224535399,0.9997582594681734,-8.058017727639034e-05
80940,32.549709161819365,1.0,560,681,1241,0.0008058017727639033,-0.0008333472224535399,0.9997582594681734,0.0
80941,32.54887581459691,1.0,560,681,1241,0.0,-0.0008333472224535399,0.9997582594681734,0.0
80942,32.54804246737446,1.0,560,681,1241,0.0,-0.0008333472224535399,0.9998388396454498,8.058017727639034e-05
80943,32.547209120152004,1.0,560,681,1241,0.0,-0.0008333472224535399,0.9998388396454498,0.0
80944,32.54637577292955,1.0,560,681,1241,0.0,-0.0008333472224535399,0.9999194198227261,8.058017727639034e-05
80945,32.5455424257071,1.0,560,681,1241,0.0,-0.0008333472224535399,0.9999194198227261,0.0
80946,32.544709078484644,1.0,560,681,1241,0.0,-0.0008333472224535399,0.9999194198227261,0.0
80947,32.54387573126219,1.0,560,681,1241,0.0,-0.0008333472224535399,0.9999194198227261,0.0
80948,32.54304238403974,1.0,560,681,1241,0.0,-0.0008333472224535399,0.9999194198227261,0.0
80949,32.54220903681728,1.0,560,681,1241,0.0,-0.0008333472224535399,1.0000000000000024,8.058017727639034e-05
80950,32.54137568959483,1.0,560,681,1241,0.0,-0.0008333472224535399,1.0000000000000024,0.0
80951,32.540542342372376,1.0,560,681,1241,0.0,-0.0008333472224535399,1.0000000000000024,0.0
80952,32.53970899514992,0.9991941982272361,560,681,1241,-0.0008058017727639033,-0.0008333472224535399,0.9999194198227261,-8.058017727639034e-05
80953,32.53887564792747,0.9991941982272361,560,681,1241,0.0,-0.0008333472224535399,0.9998388396454498,-8.058017727639034e-05
80954,32.538042300705015,0.9991941982272361,560,681,1241,0.0,-0.0008333472224535399,0.9997582594681734,-8.058017727639034e-05
80955,32.53720895348256,1.0,560,681,1241,0.0008058017727639033,-0.0008333472224535399,0.9997582594681734,0.0
80956,32.53637560626011,1.0,560,681,1241,0.0,-0.0008333472224535399,0.9997582594681734,0.0
80957,32.535542259037655,1.0,560,681,1241,0.0,-0.0008333472224535399,0.9997582594681734,0.0
80958,32.5347089118152,1.0,560,681,1241,0.0,-0.0008333472224535399,0.9997582594681734,0.0
80959,32.53387556459275,1.0,560,681,1241,0.0,-0.0008333472224535399,0.9997582594681734,0.0
80960,32.53304221737029,1.0,560,681,1241,0.0,-0.0008333472224606453,0.9997582594681734,0.0
80961,32.532208870147834,0.9983883964544722,560,681,1241,-0.0016116035455278066,-0.0008333472224535399,0.9995970991136207,-0.00016116035455278067
80962,32.53137552292538,0.9991941982272361,560,681,1241,0.0008058017727639033,-0.0008333472224535399,0.9995970991136207,0.0
80963,32.53054217570293,0.9991941982272361,560,681,1241,0.0,-0.0008333472224535399,0.9995970991136207,0.0
80964,32.52970882848047,0.9991941982272361,560,681,1241,0.0,-0.0008333472224535399,0.9995970991136207,0.0
80965,32.52887548125802,1.0,560,681,1241,0.0008058017727639033,-0.0008333472224535399,0.9995970991136207,0.0
80966,32.528042134035566,1.0,560,681,1241,0.0,-0.0008333472224535399,0.9995970991136207,0.0
80967,32.52720878681311,1.0,560,681,1241,0.0,-0.0008333472224535399,0.9995970991136207,0.0
80968,32.52637543959066,0.9991941982272361,560,681,1241,-0.0008058017727639033,-0.0008333472224535399,0.9995165189363444,-8.058017727639034e-05
80969,32.525542092368205,1.0,560,681,1241,0.0008058017727639033,-0.0008333472224535399,0.9995165189363444,0.0
80970,32.52470874514575,1.0,560,681,1241,0.0,-0.0008333472224535399,0.9995165189363444,0.0
80971,32.5238753979233,1.0,560,681,1241,0.0,-0.0008333472224535399,0.9996776792908971,0.00016116035455278067
80972,32.523042050700845,1.0,560,681,1241,0.0,-0.0008333472224535399,0.9997582594681734,8.058017727639034e-05
80973,32.52220870347839,1.0,560,681,1241,0.0,-0.0008333472224535399,0.9998388396454498,8.058017727639034e-05
80974,32.52137535625594,1.0,560,681,1241,0.0,-0.0008333472224535399,0.9999194198227261,8.058017727639034e-05
80975,32.520542009033484,1.0,560,681,1241,0.0,-0.0008333472224535399,0.9999194198227261,0.0
80976,32.51970866181103,1.0,560,681,1241,0.0,-0.0008333472224535399,0.9999194198227261,0.0
80977,32.51887531458858,1.0,560,681,1241,0.0,-0.0008333472224535399,0.9999194198227261,0.0
80978,32.51804196736612,1.0,560,681,1241,0.0,-0.0008333472224535399,1.0000000000000024,8.058017727639034e-05
80979,32.51720862014367,1.0,560,681,1241,0.0,-0.0008333472224535399,1.0000000000000024,0.0
80980,32.516375272921216,1.0,560,681,1241,0.0,-0.0008333472224535399,1.0000000000000024,0.0
80981,32.515541925698756,1.0,560,681,1241,0.0,-0.0008333472224606453,1.0000000000000024,0.0
80982,32.5147085784763,1.0,560,681,1241,0.0,-0.0008333472224535399,1.0000000000000024,0.0
80983,32.51387523125385,1.0,560,681,1241,0.0,-0.0008333472224535399,1.0000000000000024,0.0
80984,32.513041884031395,1.0,560,681,1241,0.0,-0.0008333472224535399,1.0000000000000024,0.0
80985,32.51220853680894,1.0,560,681,1241,0.0,-0.0008333472224535399,1.0000000000000024,0.0
80986,32.51137518958649,1.0,560,681,1241,0.0,-0.0008333472224535399,1.0000000000000024,0.0
80987,32.510541842364034,1.0,560,681,1241,0.0,-0.0008333472224535399,1.0000000000000024,0.0
80988,32.50970849514158,0.9991941982272361,560,681,1241,-0.0008058017727639033,-0.0008333472224535399,0.9999194198227261,-8.058017727639034e-05
80989,32.50887514791913,0.9991941982272361,560,681,1241,0.0,-0.0008333472224535399,0.9998388396454498,-8.058017727639034e-05
80990,32.508041800696674,1.0,560,681,1241,0.0008058017727639033,-0.0008333472224535399,0.9998388396454498,0.0
80991,32.50720845347422,1.0,560,681,1241,0.0,-0.0008333472224535399,0.9998388396454498,0.0
80992,32.50637510625177,0.9991941982272361,560,681,1241,-0.0008058017727639033,-0.0008333472224535399,0.9997582594681734,-8.058017727639034e-05
80993,32.50554175902931,0.9991941982272361,560,681,1241,0.0,-0.0008333472224535399,0.9996776792908971,-8.058017727639034e-05
80994,32.50470841180686,0.9991941982272361,560,681,1241,0.0,-0.0008333472224535399,0.9995970991136207,-8.058017727639034e-05
80995,32.503875064584406,0.9991941982272361,560,681,1241,0.0,-0.0008333472224535399,0.9995165189363444,-8.058017727639034e-05
80996,32.50304171736195,1.0,560,681,1241,0.0008058017727639033,-0.0008333472224535399,0.9995165189363444,0.0
80997,32.5022083701395,1.0,560,681,1241,0.0,-0.0008333472224535399,0.9995165189363444,0.0
80998,32.501375022917045,1.0,560,681,1241,0.0,-0.0008333472224535399,0.9995970991136207,8.058017727639034e-05
80999,32.50054167569459,1.0,560,681,1241,0.0,-0.0008333472224535399,0.9996776792908971,8.058017727639034e-05
81000,32.49970832847214,1.0,560,681,1241,0.0,-0.0008333472224535399,0.9996776792908971,0.0
81001,32.498874981249685,1.0,560,681,1241,0.0,-0.0008333472224535399,0.9996776792908971,0.0
81002,32.49804163402723,1.0,560,681,1241,0.0,-0.0008333472224535399,0.9997582594681734,8.058017727639034e-05
81003,32.49720828680478,1.0,560,681,1241,0.0,-0.0008333472224535399,0.9998388396454498,8.058017727639034e-05
81004,32.496374939582324,1.0,560,681,1241,0.0,-0.0008333472224535399,0.9999194198227261,8.058017727639034e-05
81005,32.49554159235987,1.0,560,681,1241,0.0,-0.0008333472224535399,1.0000000000000024,8.058017727639034e-05
81006,32.49470824513742,1.0,560,681,1241,0.0,-0.0008333472224535399,1.0000000000000024,0.0
81007,32.493874897914964,1.0,560,681,1241,0.0,-0.0008333472224535399,1.0000000000000024,0.0
81008,32.49304155069251,1.0,560,681,1241,0.0,-0.0008333472224535399,1.0000000000000024,0.0
81009,32.49220820347006,0.9991941982272361,560,681,1241,-0.0008058017727639033,-0.0008333472224535399,0.9999194198227261,-8.058017727639034e-05
81010,32.4913748562476,1.0,560,681,1241,0.0008058017727639033,-0.0008333472224535399,0.9999194198227261,0.0
81011,32.49054150902515,1.0,560,681,1241,0.0,-0.0008333472224535399,0.9999194198227261,0.0
81012,32.489708161802696,1.0,560,681,1241,0.0,-0.0008333472224535399,0.9999194198227261,0.0
81013,32.48887481458024,0.9991941982272361,560,681,1241,-0.0008058017727639033,-0.0008333472224535399,0.9998388396454498,-8.058017727639034e-05
81014,32.48804146735779,0.9991941982272361,560,681,1241,0.0,-0.0008333472224535399,0.9997582594681734,-8.058017727639034e-05
81015,32.487208120135335,0.9975825946817083,560,681,1241,-0.0016116035455278066,-0.0008333472224535399,0.9995165189363442,-0.00024174053182917098
81016,32.48637477291288,0.9983883964544722,560,681,1241,0.0008058017727639033,-0.0008333472224535399,0.9993553585817914,-0.00016116035455278067
81017,32.48554142569043,0.9991941982272361,560,681,1241,0.0008058017727639033,-0.0008333472224535399,0.9992747784045151,-8.058017727639034e-05
81018,32.484708078467975,1.0,560,681,1241,0.0008058017727639033,-0.0008333472224535399,0.9992747784045151,0.0
81019,32.48387473124552,0.9991941982272361,560,681,1241,-0.0008058017727639033,-0.0008333472224535399,0.9992747784045151,0.0
81020,32.48304138402307,0.9991941982272361,560,681,1241,0.0,-0.0008333472224535399,0.9991941982272387,-8.058017727639034e-05
81021,32.482208036800614,1.0,560,681,1241,0.0008058017727639033,-0.0008333472224535399,0.9991941982272387,0.0
81022,32.48137468957816,0.9991941982272361,560,681,1241,-0.0008058017727639033,-0.0008333472224535399,0.9991136180499623,-8.058017727639034e-05
81023,32.48054134235571,0.9991941982272361,560,681,1241,0.0,-0.0008333472224535399,0.9991136180499623,0.0
81024,32.47970799513325,1.0,560,681,1241,0.0008058017727639033,-0.0008333472224535399,0.9991941982272387,8.058017727639034e-05
81025,32.4788746479108,1.0,560,681,1241,0.0,-0.0008333472224535399,0.9994359387590679,0.00024174053182917098
81026,32.478041300688346,1.0,560,681,1241,0.0,-0.0008333472224535399,0.9995970991136207,0.00016116035455278067
81027,32.47720795346589,1.0,560,681,1241,0.0,-0.0008333472224535399,0.9996776792908971,8.058017727639034e-05
81028,32.47637460624344,1.0,560,681,1241,0.0,-0.0008333472224535399,0.9996776792908971,0.0
81029,32.475541259020986,1.0,560,681,1241,0.0,-0.0008333472224535399,0.9997582594681734,8.058017727639034e-05
81030,32.47470791179853,1.0,560,681,1241,0.0,-0.0008333472224535399,0.9998388396454498,8.058017727639034e-05
81031,32.47387456457608,1.0,560,681,1241,0.0,-0.0008333472224535399,0.9998388396454498,0.0
81032,32.473041217353625,1.0,560,681,1241,0.0,-0.0008333472224535399,0.9999194198227261,8.058017727639034e-05
81033,32.47220787013117,1.0,560,681,1241,0.0,-0.0008333472224535399,1.0000000000000024,8.058017727639034e-05
81034,32.47137452290872,1.0,560,681,1241,0.0,-0.0008333472224535399,1.0000000000000024,0.0
81035,32.470541175686265,1.0,560,681,1241,0.0,-0.0008333472224535399,1.0000000000000024,0.0
81036,32.46970782846381,1.0,560,681,1241,0.0,-0.0008333472224535399,1.0000000000000024,0.0
81037,32.46887448124136,1.0,560,681,1241,0.0,-0.0008333472224535399,1.0000000000000024,0.0
81038,32.468041134018904,1.0,560,681,1241,0.0,-0.0008333472224535399,1.0000000000000024,0.0
81039,32.46720778679645,1.0,560,681,1241,0.0,-0.0008333472224535399,1.0000000000000024,0.0
81040,32.466374439574,1.0,560,681,1241,0.0,-0.0008333472224535399,1.0000000000000024,0.0
81041,32.46554109235154,1.0,560,681,1241,0.0,-0.0008333472224535399,1.0000000000000024,0.0
81042,32.46470774512909,1.0,560,681,1241,0.0,-0.0008333472224535399,1.0000000000000024,0.0
81043,32.463874397906636,1.0,560,681,1241,0.0,-0.0008333472224535399,1.0000000000000024,0.0
81044,32.463041050684176,1.0,560,681,1241,0.0,-0.0008333472224606453,1.0000000000000024,0.0
81045,32.46220770346172,1.0,560,681,1241,0.0,-0.0008333472224535399,1.0000000000000024,0.0
81046,32.46137435623927,1.0,560,681,1241,0.0,-0.0008333472224535399,1.0000000000000024,0.0
81047,32.460541009016815,1.0,560,681,1241,0.0,-0.0008333472224535399,1.0000000000000024,0.0
81048,32.45970766179436,1.0,560,681,1241,0.0,-0.0008333472224535399,1.0000000000000024,0.0
81049,32.45887431457191,1.0,560,681,1241,0.0,-0.0008333472224535399,1.0000000000000024,0.0
81050,32.458040967349454,1.0,560,681,1241,0.0,-0.0008333472224535399,1.0000000000000024,0.0
81051,32.457207620127,1.0,560,681,1241,0.0,-0.0008333472224535399,1.0000000000000024,0.0
81052,32.45637427290455,1.0,560,681,1241,0.0,-0.0008333472224535399,1.0000000000000024,0.0
81053,32.455540925682094,1.0,560,681,1241,0.0,-0.0008333472224535399,1.0000000000000024,0.0
81054,32.45470757845964,1.0,560,681,1241,0.0,-0.0008333472224535399,1.0000000000000024,0.0
81055,32.45387423123719,0.9991941982272361,560,681,1241,-0.0008058017727639033,-0.0008333472224535399,0.9999194198227261,-8.058017727639034e-05
81056,32.45304088401473,1.0,560,681,1241,0.0008058017727639033,-0.0008333472224535399,0.9999194198227261,0.0
81057,32.45220753679228,1.0,560,681,1241,0.0,-0.0008333472224535399,0.9999194198227261,0.0
81058,32.451374189569826,1.0,560,681,1241,0.0,-0.0008333472224535399,0.9999194198227261,0.0
81059,32.45054084234737,0.9991941982272361,560,681,1241,-0.0008058017727639033,-0.0008333472224535399,0.9998388396454498,-8.058017727639034e-05
81060,32.44970749512492,1.0,560,681,1241,0.0008058017727639033,-0.0008333472224535399,0.9998388396454498,0.0
81061,32.448874147902465,1.0,560,681,1241,0.0,-0.0008333472224535399,0.9998388396454498,0.0
81062,32.44804080068001,1.0,560,681,1241,0.0,-0.0008333472224535399,0.9998388396454498,0.0
81063,32.44720745345756,1.0,560,681,1241,0.0,-0.0008333472224535399,0.9998388396454498,0.0
81064,32.446374106235105,1.0,560,681,1241,0.0,-0.0008333472224535399,0.9998388396454498,0.0
81065,32.44554075901265,1.0,560,681,1241,0.0,-0.0008333472224535399,0.9999194198227261,8.058017727639034e-05
81066,32.44470741179019,1.0,560,681,1241,0.0,-0.0008333472224606453,0.9999194198227261,0.0
81067,32.44387406456774,0.9991941982272361,560,681,1241,-0.0008058017727639033,-0.0008333472224535399,0.9998388396454498,-8.058017727639034e-05
81068,32.44304071734528,0.9983883964544722,560,681,1241,-0.0008058017727639033,-0.0008333472224535399,0.9996776792908971,-0.00016116035455278067
81069,32.44220737012283,1.0,560,681,1241,0.0016116035455278066,-0.0008333472224535399,0.9997582594681734,8.058017727639034e-05
81070,32.441374022900376,1.0,560,681,1241,0.0,-0.0008333472224535399,0.9997582594681734,0.0
81071,32.44054067567792,1.0,560,681,1241,0.0,-0.0008333472224535399,0.9997582594681734,0.0
81072,32.43970732845547,1.0,560,681,1241,0.0,-0.0008333472224535399,0.9997582594681734,0.0
81073,32.438873981233016,1.0,560,681,1241,0.0,-0.0008333472224535399,0.9997582594681734,0.0
81074,32.43804063401056,1.0,560,681,1241,0.0,-0.0008333472224535399,0.9997582594681734,0.0
81075,32.43720728678811,1.0,560,681,1241,0.0,-0.0008333472224535399,0.9997582594681734,0.0
81076,32.436373939565655,1.0,560,681,1241,0.0,-0.0008333472224535399,0.9997582594681734,0.0
81077,32.4355405923432,1.0,560,681,1241,0.0,-0.0008333472224535399,0.9998388396454498,8.058017727639034e-05
81078,32.43470724512075,1.0,560,681,1241,0.0,-0.0008333472224535399,1.0000000000000024,0.00016116035455278067
81079,32.433873897898295,0.9991941982272361,560,681,1241,-0.0008058017727639033,-0.0008333472224535399,0.9999194198227261,-8.058017727639034e-05
81080,32.43304055067584,0.9991941982272361,560,681,1241,0.0,-0.0008333472224535399,0.9998388396454498,-8.058017727639034e-05
81081,32.43220720345339,1.0,560,681,1241,0.0008058017727639033,-0.0008333472224535399,0.9998388396454498,0.0
81082,32.431373856230934,1.0,560,681,1241,0.0,-0.0008333472224535399,0.9998388396454498,0.0
81083,32.43054050900848,1.0,560,681,1241,0.0,-0.0008333472224535399,0.9998388396454498,0.0
81084,32.42970716178603,0.9991941982272361,560,681,1241,-0.0008058017727639033,-0.0008333472224535399,0.9997582594681734,-8.058017727639034e-05
81085,32.42887381456357,0.9991941982272361,560,681,1241,0.0,-0.0008333472224535399,0.9996776792908971,-8.058017727639034e-05
81086,32.42804046734112,1.0,560,681,1241,0.0008058017727639033,-0.0008333472224535399,0.9996776792908971,0.0
81087,32.427207120118666,1.0,560,681,1241,0.0,-0.0008333472224535399,0.9996776792908971,0.0
81088,32.42637377289621,1.0,560,681,1241,0.0,-0.0008333472224535399,0.9996776792908971,0.0
81089,32.42554042567376,1.0,560,681,1241,0.0,-0.0008333472224535399,0.9997582594681734,8.058017727639034e-05
81090,32.424707078451306,1.0,560,681,1241,0.0,-0.0008333472224535399,0.9998388396454498,8.058017727639034e-05
81091,32.42387373122885,1.0,560,681,1241,0.0,-0.0008333472224535399,0.9998388396454498,0.0
81092,32.4230403840064,1.0,560,681,1241,0.0,-0.0008333472224535399,0.9998388396454498,0.0
81093,32.422207036783945,1.0,560,681,1241,0.0,-0.0008333472224535399,0.9998388396454498,0.0
81094,32.42137368956149,1.0,560,681,1241,0.0,-0.0008333472224535399,0.9999194198227261,8.058017727639034e-05
81095,32.42054034233904,1.0,560,681,1241,0.0,-0.0008333472224535399,1.0000000000000024,8.058017727639034e-05
81096,32.419706995116584,1.0,560,681,1241,0.0,-0.0008333472224535399,1.0000000000000024,0.0
81097,32.41887364789413,1.0,560,681,1241,0.0,-0.0008333472224535399,1.0000000000000024,0.0
81098,32.41804030067168,1.0,560,681,1241,0.0,-0.0008333472224535399,1.0000000000000024,0.0
81099,32.417206953449224,1.0,560,681,1241,0.0,-0.0008333472224535399,1.0000000000000024,0.0
81100,32.41637360622677,1.0,560,681,1241,0.0,-0.0008333472224535399,1.0000000000000024,0.0
81101,32.41554025900432,1.0,560,681,1241,0.0,-0.0008333472224535399,1.0000000000000024,0.0
81102,32.41470691178186,1.0,560,681,1241,0.0,-0.0008333472224535399,1.0000000000000024,0.0
81103,32.41387356455941,1.0,560,681,1241,0.0,-0.0008333472224535399,1.0000000000000024,0.0
81104,32.413040217336956,1.0,560,681,1241,0.0,-0.0008333472224535399,1.0000000000000024,0.0
81105,32.4122068701145,1.0,560,681,1241,0.0,-0.0008333472224535399,1.0000000000000024,0.0
81106,32.41137352289205,1.0,560,681,1241,0.0,-0.0008333472224535399,1.0000000000000024,0.0
81107,32.410540175669595,1.0,560,681,1241,0.0,-0.0008333472224535399,1.0000000000000024,0.0
81108,32.40970682844714,1.0,560,681,1241,0.0,-0.0008333472224535399,1.0000000000000024,0.0
81109,32.40887348122469,1.0,560,681,1241,0.0,-0.0008333472224535399,1.0000000000000024,0.0
81110,32.408040134002235,0.9991941982272361,560,681,1241,-0.0008058017727639033,-0.0008333472224535399,0.9999194198227261,-8.058017727639034e-05
81111,32.40720678677978,1.0,560,681,1241,0.0008058017727639033,-0.0008333472224535399,0.9999194198227261,0.0
81112,32.40637343955733,1.0,560,681,1241,0.0,-0.0008333472224535399,0.9999194198227261,0.0
81113,32.405540092334874,1.0,560,681,1241,0.0,-0.0008333472224535399,0.9999194198227261,0.0
81114,32.40470674511242,1.0,560,681,1241,0.0,-0.0008333472224535399,0.9999194198227261,0.0
81115,32.40387339788997,1.0,560,681,1241,0.0,-0.0008333472224535399,0.9999194198227261,0.0
81116,32.403040050667514,1.0,560,681,1241,0.0,-0.0008333472224535399,0.9999194198227261,0.0
81117,32.40220670344506,1.0,560,681,1241,0.0,-0.0008333472224535399,0.9999194198227261,0.0
81118,32.40137335622261,1.0,560,681,1241,0.0,-0.0008333472224535399,0.9999194198227261,0.0
81119,32.40054000900015,1.0,560,681,1241,0.0,-0.0008333472224535399,0.9999194198227261,0.0
81120,32.3997066617777,1.0,560,681,1241,0.0,-0.0008333472224535399,1.0000000000000024,8.058017727639034e-05
81121,32.398873314555246,1.0,560,681,1241,0.0,-0.0008333472224535399,1.0000000000000024,0.0
81122,32.39803996733279,1.0,560,681,1241,0.0,-0.0008333472224535399,1.0000000000000024,0.0
81123,32.39720662011034,1.0,560,681,1241,0.0,-0.0008333472224535399,1.0000000000000024,0.0
81124,32.396373272887885,0.9991941982272361,560,681,1241,-0.0008058017727639033,-0.0008333472224535399,0.9999194198227261,-8.058017727639034e-05
81125,32.39553992566543,0.9991941982272361,560,681,1241,0.0,-0.0008333472224535399,0.9998388396454498,-8.058017727639034e-05
81126,32.39470657844298,0.9991941982272361,560,681,1241,0.0,-0.0008333472224535399,0.9997582594681734,-8.058017727639034e-05
81127,32.393873231220525,0.9991941982272361,560,681,1241,0.0,-0.0008333472224535399,0.9996776792908971,-8.058017727639034e-05
81128,32.39303988399807,0.9991941982272361,560,681,1241,0.0,-0.0008333472224535399,0.9995970991136207,-8.058017727639034e-05
81129,32.39220653677561,0.9991941982272361,560,681,1241,0.0,-0.0008333472224606453,0.9995165189363444,-8.058017727639034e-05
81130,32.39137318955316,1.0,560,681,1241,0.0008058017727639033,-0.0008333472224535399,0.9995165189363444,0.0
81131,32.3905398423307,1.0,560,681,1241,0.0,-0.0008333472224535399,0.9995165189363444,0.0
81132,32.38970649510825,1.0,560,681,1241,0.0,-0.0008333472224535399,0.9995165189363444,0.0
81133,32.388873147885796,1.0,560,681,1241,0.0,-0.0008333472224535399,0.9995165189363444,0.0
81134,32.38803980066334,1.0,560,681,1241,0.0,-0.0008333472224535399,0.9995970991136207,8.058017727639034e-05
81135,32.38720645344089,1.0,560,681,1241,0.0,-0.0008333472224535399,0.9996776792908971,8.058017727639034e-05
81136,32.386373106218436,1.0,560,681,1241,0.0,-0.0008333472224535399,0.9997582594681734,8.058017727639034e-05
81137,32.38553975899598,0.9983883964544722,560,681,1241,-0.0016116035455278066,-0.0008333472224535399,0.9996776792908971,-8.058017727639034e-05
81138,32.38470641177353,0.9991941982272361,560,681,1241,0.0008058017727639033,-0.0008333472224535399,0.9996776792908971,0.0
81139,32.383873064551075,0.9991941982272361,560,681,1241,0.0,-0.0008333472224535399,0.9996776792908971,0.0
81140,32.38303971732862,0.9991941982272361,560,681,1241,0.0,-0.0008333472224535399,0.9995970991136207,-8.058017727639034e-05
81141,32.38220637010617,0.9991941982272361,560,681,1241,0.0,-0.0008333472224535399,0.9995165189363444,-8.058017727639034e-05
81142,32.381373022883714,0.9991941982272361,560,681,1241,0.0,-0.0008333472224535399,0.9994359387590681,-8.058017727639034e-05
81143,32.38053967566126,0.9991941982272361,560,681,1241,0.0,-0.0008333472224535399,0.9993553585817917,-8.058017727639034e-05
81144,32.37970632843881,0.9991941982272361,560,681,1241,0.0,-0.0008333472224535399,0.9992747784045154,-8.058017727639034e-05
81145,32.378872981216354,0.9991941982272361,560,681,1241,0.0,-0.0008333472224535399,0.999194198227239,-8.058017727639034e-05
81146,32.3780396339939,1.0,560,681,1241,0.0008058017727639033,-0.0008333472224535399,0.999194198227239,0.0
81147,32.37720628677145,1.0,560,681,1241,0.0,-0.0008333472224535399,0.9993553585817917,0.00016116035455278067
81148,32.37637293954899,1.0,560,681,1241,0.0,-0.0008333472224535399,0.9994359387590681,8.058017727639034e-05
81149,32.37553959232654,1.0,560,681,1241,0.0,-0.0008333472224535399,0.9995165189363444,8.058017727639034e-05
81150,32.37470624510408,1.0,560,681,1241,0.0,-0.0008333472224606453,0.9995970991136207,8.058017727639034e-05
81151,32.373872897881625,0.9991941982272361,560,681,1241,-0.0008058017727639033,-0.0008333472224535399,0.9995970991136207,0.0
81152,32.37303955065917,0.9991941982272361,560,681,1241,0.0,-0.0008333472224535399,0.9995970991136207,0.0
81153,32.37220620343672,0.9983883964544722,560,681,1241,-0.0008058017727639033,-0.0008333472224535399,0.9995165189363444,-8.058017727639034e-05
81154,32.371372856214265,0.9983883964544722,560,681,1241,0.0,-0.0008333472224535399,0.9994359387590681,-8.058017727639034e-05
81155,32.37053950899181,0.9983883964544722,560,681,1241,0.0,-0.0008333472224535399,0.9993553585817917,-8.058017727639034e-05
81156,32.36970616176936,0.9991941982272361,560,681,1241,0.0008058017727639033,-0.0008333472224535399,0.9992747784045154,-8.058017727639034e-05
81157,32.368872814546904,0.9991941982272361,560,681,1241,0.0,-0.0008333472224535399,0.999194198227239,-8.058017727639034e-05
81158,32.36803946732445,0.9991941982272361,560,681,1241,0.0,-0.0008333472224535399,0.9991136180499627,-8.058017727639034e-05
81159,32.367206120102,1.0,560,681,1241,0.0008058017727639033,-0.0008333472224535399,0.9991136180499627,0.0
81160,32.366372772879544,1.0,560,681,1241,0.0,-0.0008333472224535399,0.9991136180499627,0.0
81161,32.36553942565709,1.0,560,681,1241,0.0,-0.0008333472224535399,0.999194198227239,8.058017727639034e-05
81162,32.36470607843464,1.0,560,681,1241,0.0,-0.0008333472224535399,0.9992747784045154,8.058017727639034e-05
81163,32.36387273121218,0.9991941982272361,560,681,1241,-0.0008058017727639033,-0.0008333472224535399,0.9993553585817917,8.058017727639034e-05
81164,32.36303938398973,0.9991941982272361,560,681,1241,0.0,-0.0008333472224535399,0.9994359387590681,8.058017727639034e-05
81165,32.362206036767276,0.9991941982272361,560,681,1241,0.0,-0.0008333472224535399,0.9995165189363444,8.058017727639034e-05
81166,32.36137268954482,1.0,560,681,1241,0.0008058017727639033,-0.0008333472224535399,0.9995970991136207,8.058017727639034e-05
81167,32.36053934232237,0.9991941982272361,560,681,1241,-0.0008058017727639033,-0.0008333472224535399,0.9995970991136207,0.0
81168,32.359705995099915,1.0,560,681,1241,0.0008058017727639033,-0.0008333472224535399,0.9996776792908971,8.058017727639034e-05
81169,32.35887264787746,1.0,560,681,1241,0.0,-0.0008333472224535399,0.9996776792908971,0.0
81170,32.35803930065501,1.0,560,681,1241,0.0,-0.0008333472224535399,0.9996776792908971,0.0
81171,32.357205953432555,1.0,560,681,1241,0.0,-0.0008333472224535399,0.9996776792908971,0.0
81172,32.3563726062101,1.0,560,681,1241,0.0,-0.0008333472224535399,0.9996776792908971,0.0
81173,32.35553925898765,1.0,560,681,1241,0.0,-0.0008333472224535399,0.9997582594681734,8.058017727639034e-05
81174,32.354705911765194,1.0,560,681,1241,0.0,-0.0008333472224535399,0.9998388396454498,8.058017727639034e-05
81175,32.35387256454274,1.0,560,681,1241,0.0,-0.0008333472224535399,0.9999194198227261,8.058017727639034e-05
81176,32.35303921732029,1.0,560,681,1241,0.0,-0.0008333472224535399,0.9999194198227261,0.0
81177,32.35220587009783,1.0,560,681,1241,0.0,-0.0008333472224535399,1.0000000000000024,8.058017727639034e-05
81178,32.35137252287538,1.0,560,681,1241,0.0,-0.0008333472224535399,1.0000000000000024,0.0
81179,32.350539175652926,1.0,560,681,1241,0.0,-0.0008333472224535399,1.0000000000000024,0.0
81180,32.34970582843047,1.0,560,681,1241,0.0,-0.0008333472224535399,1.0000000000000024,0.0
81181,32.34887248120802,1.0,560,681,1241,0.0,-0.0008333472224535399,1.0000000000000024,0.0
81182,32.348039133985566,1.0,560,681,1241,0.0,-0.0008333472224535399,1.0000000000000024,0.0
81183,32.34720578676311,1.0,560,681,1241,0.0,-0.0008333472224535399,1.0000000000000024,0.0
81184,32.34637243954066,1.0,560,681,1241,0.0,-0.0008333472224535399,1.0000000000000024,0.0
81185,32.345539092318205,0.9991941982272361,560,681,1241,-0.0008058017727639033,-0.0008333472224535399,0.9999194198227261,-8.058017727639034e-05
81186,32.34470574509575,0.9991941982272361,560,681,1241,0.0,-0.0008333472224535399,0.9998388396454498,-8.058017727639034e-05
81187,32.3438723978733,1.0,560,681,1241,0.0008058017727639033,-0.0008333472224535399,0.9998388396454498,0.0
81188,32.343039050650845,1.0,560,681,1241,0.0,-0.0008333472224535399,0.9998388396454498,0.0
81189,32.34220570342839,1.0,560,681,1241,0.0,-0.0008333472224535399,0.9998388396454498,0.0
81190,32.34137235620594,1.0,560,681,1241,0.0,-0.0008333472224535399,0.9998388396454498,0.0
81191,32.340539008983484,1.0,560,681,1241,0.0,-0.0008333472224535399,0.9998388396454498,0.0
81192,32.33970566176103,1.0,560,681,1241,0.0,-0.0008333472224535399,0.9998388396454498,0.0
81193,32.33887231453858,1.0,560,681,1241,0.0,-0.0008333472224535399,0.9998388396454498,0.0
81194,32.33803896731612,1.0,560,681,1241,0.0,-0.0008333472224535399,0.9998388396454498,0.0
81195,32.33720562009367,0.9991941982272361,560,681,1241,-0.0008058017727639033,-0.0008333472224535399,0.9998388396454498,0.0
81196,32.336372272871216,0.9991941982272361,560,681,1241,0.0,-0.0008333472224535399,0.9998388396454498,0.0
81197,32.33553892564876,0.9991941982272361,560,681,1241,0.0,-0.0008333472224535399,0.9997582594681734,-8.058017727639034e-05
81198,32.33470557842631,1.0,560,681,1241,0.0008058017727639033,-0.0008333472224535399,0.9997582594681734,0.0
81199,32.333872231203856,0.9991941982272361,560,681,1241,-0.0008058017727639033,-0.0008333472224535399,0.9996776792908971,-8.058017727639034e-05
81200,32.3330388839814,0.9991941982272361,560,681,1241,0.0,-0.0008333472224535399,0.9995970991136207,-8.058017727639034e-05
81201,32.33220553675895,0.9991941982272361,560,681,1241,0.0,-0.0008333472224535399,0.9995165189363444,-8.058017727639034e-05
81202,32.331372189536495,1.0,560,681,1241,0.0008058017727639033,-0.0008333472224535399,0.9995165189363444,0.0
81203,32.33053884231404,1.0,560,681,1241,0.0,-0.0008333472224535399,0.9995165189363444,0.0
81204,32.32970549509159,1.0,560,681,1241,0.0,-0.0008333472224535399,0.9995165189363444,0.0
81205,32.328872147869134,0.9991941982272361,560,681,1241,-0.0008058017727639033,-0.0008333472224535399,0.9995165189363444,0.0
81206,32.32803880064668,0.9991941982272361,560,681,1241,0.0,-0.0008333472224535399,0.9995165189363444,0.0
81207,32.32720545342423,0.9991941982272361,560,681,1241,0.0,-0.0008333472224535399,0.9995165189363444,0.0
81208,32.326372106201774,0.9991941982272361,560,681,1241,0.0,-0.0008333472224535399,0.9994359387590681,-8.058017727639034e-05
81209,32.32553875897932,1.0,560,681,1241,0.0008058017727639033,-0.0008333472224535399,0.9995165189363444,8.058017727639034e-05
81210,32.32470541175687,1.0,560,681,1241,0.0,-0.0008333472224535399,0.9995970991136207,8.058017727639034e-05
81211,32.32387206453441,1.0,560,681,1241,0.0,-0.0008333472224535399,0.9996776792908971,8.058017727639034e-05
81212,32.32303871731196,1.0,560,681,1241,0.0,-0.0008333472224535399,0.9996776792908971,0.0
81213,32.322205370089506,1.0,560,681,1241,0.0,-0.0008333472224535399,0.9996776792908971,0.0
81214,32.321372022867045,1.0,560,681,1241,0.0,-0.0008333472224606453,0.9996776792908971,0.0
81215,32.32053867564459,1.0,560,681,1241,0.0,-0.0008333472224535399,0.9997582594681734,8.058017727639034e-05
81216,32.31970532842214,1.0,560,681,1241,0.0,-0.0008333472224535399,0.9998388396454498,8.058017727639034e-05
81217,32.318871981199685,1.0,560,681,1241,0.0,-0.0008333472224535399,0.9999194198227261,8.058017727639034e-05
81218,32.31803863397723,1.0,560,681,1241,0.0,-0.0008333472224535399,1.0000000000000024,8.058017727639034e-05
81219,32.31720528675478,1.0,560,681,1241,0.0,-0.0008333472224535399,1.0000000000000024,0.0
81220,32.316371939532324,1.0,560,681,1241,0.0,-0.0008333472224535399,1.0000000000000024,0.0
81221,32.31553859230987,1.0,560,681,1241,0.0,-0.0008333472224535399,1.0000000000000024,0.0
81222,32.31470524508742,1.0,560,681,1241,0.0,-0.0008333472224535399,1.0000000000000024,0.0
81223,32.31387189786496,1.0,560,681,1241,0.0,-0.0008333472224535399,1.0000000000000024,0.0
81224,32.31303855064251,0.9991941982272361,560,681,1241,-0.0008058017727639033,-0.0008333472224535399,0.9999194198227261,-8.058017727639034e-05
81225,32.312205203420056,0.9991941982272361,560,681,1241,0.0,-0.0008333472224535399,0.9998388396454498,-8.058017727639034e-05
81226,32.3113718561976,1.0,560,681,1241,0.0008058017727639033,-0.0008333472224535399,0.9998388396454498,0.0
81227,32.31053850897515,1.0,560,681,1241,0.0,-0.0008333472224535399,0.9998388396454498,0.0
81228,32.309705161752696,1.0,560,681,1241,0.0,-0.0008333472224535399,0.9998388396454498,0.0
81229,32.30887181453024,1.0,560,681,1241,0.0,-0.0008333472224535399,0.9998388396454498,0.0
81230,32.30803846730779,1.0,560,681,1241,0.0,-0.0008333472224535399,0.9998388396454498,0.0
81231,32.307205120085335,1.0,560,681,1241,0.0,-0.0008333472224535399,0.9998388396454498,0.0
81232,32.30637177286288,1.0,560,681,1241,0.0,-0.0008333472224535399,0.9998388396454498,0.0
81233,32.30553842564043,1.0,560,681,1241,0.0,-0.0008333472224535399,0.9998388396454498,0.0
81234,32.304705078417975,1.0,560,681,1241,0.0,-0.0008333472224535399,0.9999194198227261,8.058017727639034e-05
81235,32.303871731195514,1.0,560,681,1241,0.0,-0.0008333472224606453,1.0000000000000024,8.058017727639034e-05
81236,32.30303838397306,0.9991941982272361,560,681,1241,-0.0008058017727639033,-0.0008333472224535399,0.9999194198227261,-8.058017727639034e-05
81237,32.30220503675061,0.9991941982272361,560,681,1241,0.0,-0.0008333472224535399,0.9998388396454498,-8.058017727639034e-05
81238,32.30137168952815,0.9991941982272361,560,681,1241,0.0,-0.0008333472224535399,0.9997582594681734,-8.058017727639034e-05
81239,32.3005383423057,0.9991941982272361,560,681,1241,0.0,-0.0008333472224535399,0.9996776792908971,-8.058017727639034e-05
81240,32.299704995083246,0.9991941982272361,560,681,1241,0.0,-0.0008333472224535399,0.9995970991136207,-8.058017727639034e-05
81241,32.29887164786079,1.0,560,681,1241,0.0008058017727639033,-0.0008333472224535399,0.9995970991136207,0.0
81242,32.29803830063834,1.0,560,681,1241,0.0,-0.0008333472224535399,0.9995970991136207,0.0
81243,32.297204953415886,1.0,560,681,1241,0.0,-0.0008333472224535399,0.9995970991136207,0.0
81244,32.29637160619343,1.0,560,681,1241,0.0,-0.0008333472224535399,0.9995970991136207,0.0
81245,32.29553825897098,1.0,560,681,1241,0.0,-0.0008333472224535399,0.9995970991136207,0.0
81246,32.294704911748525,1.0,560,681,1241,0.0,-0.0008333472224535399,0.9996776792908971,8.058017727639034e-05
81247,32.29387156452607,1.0,560,681,1241,0.0,-0.0008333472224535399,0.9997582594681734,8.058017727639034e-05
81248,32.29303821730362,1.0,560,681,1241,0.0,-0.0008333472224535399,0.9998388396454498,8.058017727639034e-05
81249,32.292204870081164,1.0,560,681,1241,0.0,-0.0008333472224535399,0.9999194198227261,8.058017727639034e-05
81250,32.29137152285871,1.0,560,681,1241,0.0,-0.0008333472224535399,1.0000000000000024,8.058017727639034e-05
81251,32.29053817563626,1.0,560,681,1241,0.0,-0.0008333472224535399,1.0000000000000024,0.0
81252,32.289704828413804,1.0,560,681,1241,0.0,-0.0008333472224535399,1.0000000000000024,0.0
81253,32.28887148119135,1.0,560,681,1241,0.0,-0.0008333472224535399,1.0000000000000024,0.0
81254,32.2880381339689,1.0,560,681,1241,0.0,-0.0008333472224535399,1.0000000000000024,0.0
81255,32.28720478674644,1.0,560,681,1241,0.0,-0.0008333472224535399,1.0000000000000024,0.0
81256,32.28637143952399,1.0,560,681,1241,0.0,-0.0008333472224535399,1.0000000000000024,0.0
81257,32.285538092301536,0.9991941982272361,560,681,1241,-0.0008058017727639033,-0.0008333472224535399,0.9999194198227261,-8.058017727639034e-05
81258,32.28470474507908,1.0,560,681,1241,0.0008058017727639033,-0.0008333472224535399,0.9999194198227261,0.0
81259,32.28387139785663,1.0,560,681,1241,0.0,-0.0008333472224535399,0.9999194198227261,0.0
81260,32.283038050634175,1.0,560,681,1241,0.0,-0.0008333472224535399,0.9999194198227261,0.0
81261,32.28220470341172,1.0,560,681,1241,0.0,-0.0008333472224535399,0.9999194198227261,0.0
81262,32.28137135618927,1.0,560,681,1241,0.0,-0.0008333472224535399,0.9999194198227261,0.0
81263,32.280538008966815,1.0,560,681,1241,0.0,-0.0008333472224535399,0.9999194198227261,0.0
81264,32.27970466174436,1.0,560,681,1241,0.0,-0.0008333472224535399,0.9999194198227261,0.0
81265,32.27887131452191,1.0,560,681,1241,0.0,-0.0008333472224535399,0.9999194198227261,0.0
81266,32.278037967299454,1.0,560,681,1241,0.0,-0.0008333472224535399,0.9999194198227261,0.0
81267,32.277204620077,1.0,560,681,1241,0.0,-0.0008333472224535399,1.0000000000000024,8.058017727639034e-05
81268,32.27637127285455,1.0,560,681,1241,0.0,-0.0008333472224535399,1.0000000000000024,0.0
81269,32.275537925632094,1.0,560,681,1241,0.0,-0.0008333472224535399,1.0000000000000024,0.0
81270,32.27470457840964,0.9991941982272361,560,681,1241,-0.0008058017727639033,-0.0008333472224535399,0.9999194198227261,-8.058017727639034e-05
81271,32.27387123118719,0.9991941982272361,560,681,1241,0.0,-0.0008333472224535399,0.9998388396454498,-8.058017727639034e-05
81272,32.27303788396473,0.9991941982272361,560,681,1241,0.0,-0.0008333472224535399,0.9997582594681734,-8.058017727639034e-05
81273,32.27220453674228,0.9991941982272361,560,681,1241,0.0,-0.0008333472224535399,0.9996776792908971,-8.058017727639034e-05
81274,32.271371189519826,0.9991941982272361,560,681,1241,0.0,-0.0008333472224535399,0.9995970991136207,-8.058017727639034e-05
81275,32.27053784229737,1.0,560,681,1241,0.0008058017727639033,-0.0008333472224535399,0.9995970991136207,0.0
81276,32.26970449507492,1.0,560,681,1241,0.0,-0.0008333472224535399,0.9995970991136207,0.0
81277,32.268871147852465,1.0,560,681,1241,0.0,-0.0008333472224535399,0.9995970991136207,0.0
81278,32.26803780063001,1.0,560,681,1241,0.0,-0.0008333472224535399,0.9995970991136207,0.0
81279,32.26720445340756,1.0,560,681,1241,0.0,-0.0008333472224535399,0.9995970991136207,0.0
81280,32.266371106185105,1.0,560,681,1241,0.0,-0.0008333472224535399,0.9996776792908971,8.058017727639034e-05
81281,32.26553775896265,1.0,560,681,1241,0.0,-0.0008333472224535399,0.9997582594681734,8.058017727639034e-05
81282,32.2647044117402,1.0,560,681,1241,0.0,-0.0008333472224535399,0.9998388396454498,8.058017727639034e-05
81283,32.263871064517744,0.9991941982272361,560,681,1241,-0.0008058017727639033,-0.0008333472224535399,0.9998388396454498,0.0
81284,32.26303771729529,1.0,560,681,1241,0.0008058017727639033,-0.0008333472224535399,0.9999194198227261,8.058017727639034e-05
81285,32.26220437007284,1.0,560,681,1241,0.0,-0.0008333472224535399,0.9999194198227261,0.0
81286,32.26137102285038,1.0,560,681,1241,0.0,-0.0008333472224535399,0.9999194198227261,0.0
81287,32.26053767562793,1.0,560,681,1241,0.0,-0.0008333472224535399,0.9999194198227261,0.0
81288,32.259704328405476,1.0,560,681,1241,0.0,-0.0008333472224535399,0.9999194198227261,0.0
81289,32.25887098118302,1.0,560,681,1241,0.0,-0.0008333472224535399,0.9999194198227261,0.0
81290,32.25803763396057,1.0,560,681,1241,0.0,-0.0008333472224535399,0.9999194198227261,0.0
81291,32.257204286738116,1.0,560,681,1241,0.0,-0.0008333472224535399,0.9999194198227261,0.0
81292,32.25637093951566,1.0,560,681,1241,0.0,-0.0008333472224535399,0.9999194198227261,0.0
81293,32.25553759229321,1.0,560,681,1241,0.0,-0.0008333472224535399,1.0000000000000024,8.058017727639034e-05
81294,32.254704245070755,1.0,560,681,1241,0.0,-0.0008333472224535399,1.0000000000000024,0.0
81295,32.2538708978483,1.0,560,681,1241,0.0,-0.0008333472224535399,1.0000000000000024,0.0
81296,32.25303755062585,1.0,560,681,1241,0.0,-0.0008333472224535399,1.0000000000000024,0.0
81297,32.252204203403394,1.0,560,681,1241,0.0,-0.0008333472224535399,1.0000000000000024,0.0
81298,32.25137085618094,0.9991941982272361,560,681,1241,-0.0008058017727639033,-0.0008333472224535399,0.9999194198227261,-8.058017727639034e-05
81299,32.25053750895848,0.9991941982272361,560,681,1241,0.0,-0.0008333472224606453,0.9998388396454498,-8.058017727639034e-05
81300,32.24970416173603,0.9991941982272361,560,681,1241,0.0,-0.0008333472224535399,0.9997582594681734,-8.058017727639034e-05
81301,32.24887081451357,0.9991941982272361,560,681,1241,0.0,-0.0008333472224535399,0.9996776792908971,-8.058017727639034e-05
81302,32.24803746729112,1.0,560,681,1241,0.0008058017727639033,-0.0008333472224535399,0.9996776792908971,0.0
81303,32.247204120068666,1.0,560,681,1241,0.0,-0.0008333472224535399,0.9996776792908971,0.0
81304,32.24637077284621,1.0,560,681,1241,0.0,-0.0008333472224535399,0.9996776792908971,0.0
81305,32.24553742562376,1.0,560,681,1241,0.0,-0.0008333472224535399,0.9996776792908971,0.0
81306,32.244704078401305,1.0,560,681,1241,0.0,-0.0008333472224535399,0.9996776792908971,0.0
81307,32.24387073117885,0.9991941982272361,560,681,1241,-0.0008058017727639033,-0.0008333472224535399,0.9995970991136207,-8.058017727639034e-05
81308,32.2430373839564,0.9991941982272361,560,681,1241,0.0,-0.0008333472224535399,0.9995970991136207,0.0
81309,32.242204036733945,0.9991941982272361,560,681,1241,0.0,-0.0008333472224535399,0.9995970991136207,0.0
81310,32.24137068951149,0.9991941982272361,560,681,1241,0.0,-0.0008333472224535399,0.9995970991136207,0.0
81311,32.24053734228904,0.9991941982272361,560,681,1241,0.0,-0.0008333472224535399,0.9995970991136207,0.0
81312,32.239703995066584,1.0,560,681,1241,0.0008058017727639033,-0.0008333472224535399,0.9995970991136207,0.0
81313,32.23887064784413,1.0,560,681,1241,0.0,-0.0008333472224535399,0.9995970991136207,0.0
81314,32.23803730062168,1.0,560,681,1241,0.0,-0.0008333472224535399,0.9995970991136207,0.0
81315,32.237203953399224,1.0,560,681,1241,0.0,-0.0008333472224535399,0.9995970991136207,0.0
81316,32.23637060617677,1.0,560,681,1241,0.0,-0.0008333472224535399,0.9995970991136207,0.0
81317,32.23553725895432,1.0,560,681,1241,0.0,-0.0008333472224535399,0.9996776792908971,8.058017727639034e-05
81318,32.23470391173186,1.0,560,681,1241,0.0,-0.0008333472224535399,0.9997582594681734,8.058017727639034e-05
81319,32.23387056450941,1.0,560,681,1241,0.0,-0.0008333472224535399,0.9998388396454498,8.058017727639034e-05
81320,32.23303721728695,1.0,560,681,1241,0.0,-0.0008333472224606453,0.9999194198227261,8.058017727639034e-05
81321,32.232203870064495,1.0,560,681,1241,0.0,-0.0008333472224535399,1.0000000000000024,8.058017727639034e-05
81322,32.23137052284204,1.0,560,681,1241,0.0,-0.0008333472224535399,1.0000000000000024,0.0
81323,32.23053717561959,1.0,560,681,1241,0.0,-0.0008333472224535399,1.0000000000000024,0.0
81324,32.229703828397135,1.0,560,681,1241,0.0,-0.0008333472224535399,1.0000000000000024,0.0
81325,32.22887048117468,1.0,560,681,1241,0.0,-0.0008333472224535399,1.0000000000000024,0.0
81326,32.22803713395223,1.0,560,681,1241,0.0,-0.0008333472224535399,1.0000000000000024,0.0
81327,32.227203786729774,0.9991941982272361,560,681,1241,-0.0008058017727639033,-0.0008333472224535399,0.9999194198227261,-8.058017727639034e-05
81328,32.22637043950732,0.9991941982272361,560,681,1241,0.0,-0.0008333472224535399,0.9998388396454498,-8.058017727639034e-05
81329,32.22553709228487,0.9991941982272361,560,681,1241,0.0,-0.0008333472224535399,0.9997582594681734,-8.058017727639034e-05
81330,32.22470374506241,0.9991941982272361,560,681,1241,0.0,-0.0008333472224535399,0.9996776792908971,-8.058017727639034e-05
81331,32.22387039783996,0.9983883964544722,560,681,1241,-0.0008058017727639033,-0.0008333472224535399,0.9995165189363444,-0.00016116035455278067
81332,32.223037050617506,0.9983883964544722,560,681,1241,0.0,-0.0008333472224535399,0.9993553585817917,-0.00016116035455278067
81333,32.22220370339505,0.9991941982272361,560,681,1241,0.0008058017727639033,-0.0008333472224535399,0.9992747784045154,-8.058017727639034e-05
81334,32.2213703561726,0.9991941982272361,560,681,1241,0.0,-0.0008333472224535399,0.999194198227239,-8.058017727639034e-05
81335,32.220537008950146,0.9991941982272361,560,681,1241,0.0,-0.0008333472224535399,0.9991136180499627,-8.058017727639034e-05
81336,32.21970366172769,1.0,560,681,1241,0.0008058017727639033,-0.0008333472224535399,0.9991136180499627,0.0
81337,32.21887031450524,1.0,560,681,1241,0.0,-0.0008333472224535399,0.999194198227239,8.058017727639034e-05
81338,32.218036967282785,1.0,560,681,1241,0.0,-0.0008333472224535399,0.9992747784045154,8.058017727639034e-05
81339,32.21720362006033,1.0,560,681,1241,0.0,-0.0008333472224535399,0.9993553585817917,8.058017727639034e-05
81340,32.21637027283788,1.0,560,681,1241,0.0,-0.0008333472224535399,0.9994359387590681,8.058017727639034e-05
81341,32.215536925615424,1.0,560,681,1241,0.0,-0.0008333472224535399,0.9995970991136207,0.00016116035455278067
81342,32.21470357839297,1.0,560,681,1241,0.0,-0.0008333472224535399,0.9997582594681734,0.00016116035455278067
81343,32.21387023117052,1.0,560,681,1241,0.0,-0.0008333472224535399,0.9998388396454498,8.058017727639034e-05
81344,32.213036883948064,1.0,560,681,1241,0.0,-0.0008333472224535399,0.9999194198227261,8.058017727639034e-05
81345,32.21220353672561,1.0,560,681,1241,0.0,-0.0008333472224535399,1.0000000000000024,8.058017727639034e-05
81346,32.21137018950316,1.0,560,681,1241,0.0,-0.0008333472224535399,1.0000000000000024,0.0
81347,32.2105368422807,0.9991941982272361,560,681,1241,-0.0008058017727639033,-0.0008333472224535399,0.9999194198227261,-8.058017727639034e-05
81348,32.20970349505825,0.9991941982272361,560,681,1241,0.0,-0.0008333472224535399,0.9998388396454498,-8.058017727639034e-05
81349,32.208870147835796,0.9983883964544722,560,681,1241,-0.0008058017727639033,-0.0008333472224535399,0.9996776792908971,-0.00016116035455278067
81350,32.20803680061334,0.9991941982272361,560,681,1241,0.0008058017727639033,-0.0008333472224535399,0.9995970991136207,-8.058017727639034e-05
81351,32.20720345339089,0.9991941982272361,560,681,1241,0.0,-0.0008333472224535399,0.9995165189363444,-8.058017727639034e-05
81352,32.206370106168436,0.9991941982272361,560,681,1241,0.0,-0.0008333472224535399,0.9994359387590681,-8.058017727639034e-05
81353,32.20553675894598,1.0,560,681,1241,0.0008058017727639033,-0.0008333472224535399,0.9994359387590681,0.0
81354,32.20470341172353,1.0,560,681,1241,0.0,-0.0008333472224535399,0.9994359387590681,0.0
81355,32.203870064501075,1.0,560,681,1241,0.0,-0.0008333472224535399,0.9994359387590681,0.0
81356,32.20303671727862,1.0,560,681,1241,0.0,-0.0008333472224535399,0.9994359387590681,0.0
81357,32.20220337005617,1.0,560,681,1241,0.0,-0.0008333472224535399,0.9995165189363444,8.058017727639034e-05
81358,32.201370022833714,1.0,560,681,1241,0.0,-0.0008333472224535399,0.9995970991136207,8.058017727639034e-05
81359,32.20053667561126,1.0,560,681,1241,0.0,-0.0008333472224535399,0.9997582594681734,0.00016116035455278067
81360,32.19970332838881,1.0,560,681,1241,0.0,-0.0008333472224535399,0.9998388396454498,8.058017727639034e-05
81361,32.198869981166354,1.0,560,681,1241,0.0,-0.0008333472224535399,0.9999194198227261,8.058017727639034e-05
81362,32.1980366339439,1.0,560,681,1241,0.0,-0.0008333472224535399,1.0000000000000024,8.058017727639034e-05
81363,32.19720328672145,1.0,560,681,1241,0.0,-0.0008333472224535399,1.0000000000000024,0.0
81364,32.19636993949899,1.0,560,681,1241,0.0,-0.0008333472224535399,1.0000000000000024,0.0
81365,32.19553659227654,1.0,560,681,1241,0.0,-0.0008333472224535399,1.0000000000000024,0.0
81366,32.194703245054086,1.0,560,681,1241,0.0,-0.0008333472224535399,1.0000000000000024,0.0
81367,32.19386989783163,1.0,560,681,1241,0.0,-0.0008333472224535399,1.0000000000000024,0.0
81368,32.19303655060918,1.0,560,681,1241,0.0,-0.0008333472224535399,1.0000000000000024,0.0
81369,32.192203203386725,1.0,560,681,1241,0.0,-0.0008333472224535399,1.0000000000000024,0.0
81370,32.19136985616427,1.0,560,681,1241,0.0,-0.0008333472224535399,1.0000000000000024,0.0
81371,32.19053650894182,0.9991941982272361,560,681,1241,-0.0008058017727639033,-0.0008333472224535399,0.9999194198227261,-8.058017727639034e-05
81372,32.189703161719365,0.9991941982272361,560,681,1241,0.0,-0.0008333472224535399,0.9998388396454498,-8.058017727639034e-05
81373,32.18886981449691,0.9991941982272361,560,681,1241,0.0,-0.0008333472224535399,0.9997582594681734,-8.058017727639034e-05
81374,32.18803646727446,0.9983883964544722,560,681,1241,-0.0008058017727639033,-0.0008333472224535399,0.9995970991136207,-0.00016116035455278067
81375,32.187203120052004,1.0,560,681,1241,0.0016116035455278066,-0.0008333472224535399,0.9995970991136207,0.0
81376,32.18636977282955,1.0,560,681,1241,0.0,-0.0008333472224535399,0.9995970991136207,0.0
81377,32.1855364256071,1.0,560,681,1241,0.0,-0.0008333472224535399,0.9995970991136207,0.0
81378,32.18470307838464,1.0,560,681,1241,0.0,-0.0008333472224535399,0.9995970991136207,0.0
81379,32.18386973116219,1.0,560,681,1241,0.0,-0.0008333472224535399,0.9995970991136207,0.0
81380,32.183036383939736,1.0,560,681,1241,0.0,-0.0008333472224535399,0.9995970991136207,0.0
81381,32.18220303671728,1.0,560,681,1241,0.0,-0.0008333472224535399,0.9996776792908971,8.058017727639034e-05
81382,32.18136968949483,1.0,560,681,1241,0.0,-0.0008333472224535399,0.9997582594681734,8.058017727639034e-05
81383,32.18053634227237,1.0,560,681,1241,0.0,-0.0008333472224606453,0.9998388396454498,8.058017727639034e-05
81384,32.179702995049915,1.0,560,681,1241,0.0,-0.0008333472224535399,1.0000000000000024,0.00016116035455278067
81385,32.17886964782746,1.0,560,681,1241,0.0,-0.0008333472224535399,1.0000000000000024,0.0
81386,32.17803630060501,1.0,560,681,1241,0.0,-0.0008333472224535399,1.0000000000000024,0.0
81387,32.177202953382555,1.0,560,681,1241,0.0,-0.0008333472224535399,1.0000000000000024,0.0
81388,32.1763696061601,1.0,560,681,1241,0.0,-0.0008333472224535399,1.0000000000000024,0.0
81389,32.17553625893765,1.0,560,681,1241,0.0,-0.0008333472224535399,1.0000000000000024,0.0
81390,32.174702911715194,1.0,560,681,1241,0.0,-0.0008333472224535399,1.0000000000000024,0.0
81391,32.17386956449274,1.0,560,681,1241,0.0,-0.0008333472224535399,1.0000000000000024,0.0
81392,32.17303621727029,1.0,560,681,1241,0.0,-0.0008333472224535399,1.0000000000000024,0.0
81393,32.17220287004783,1.0,560,681,1241,0.0,-0.0008333472224535399,1.0000000000000024,0.0
81394,32.17136952282538,1.0,560,681,1241,0.0,-0.0008333472224535399,1.0000000000000024,0.0
81395,32.170536175602926,1.0,560,681,1241,0.0,-0.0008333472224535399,1.0000000000000024,0.0
81396,32.16970282838047,1.0,560,681,1241,0.0,-0.0008333472224535399,1.0000000000000024,0.0
81397,32.16886948115802,1.0,560,681,1241,0.0,-0.0008333472224535399,1.0000000000000024,0.0
81398,32.168036133935566,1.0,560,681,1241,0.0,-0.0008333472224535399,1.0000000000000024,0.0
81399,32.16720278671311,1.0,560,681,1241,0.0,-0.0008333472224535399,1.0000000000000024,0.0
81400,32.16636943949066,1.0,560,681,1241,0.0,-0.0008333472224535399,1.0000000000000024,0.0
81401,32.165536092268205,1.0,560,681,1241,0.0,-0.0008333472224535399,1.0000000000000024,0.0
81402,32.16470274504575,1.0,560,681,1241,0.0,-0.0008333472224535399,1.0000000000000024,0.0
81403,32.1638693978233,1.0,560,681,1241,0.0,-0.0008333472224535399,1.0000000000000024,0.0
81404,32.163036050600844,1.0,560,681,1241,0.0,-0.0008333472224535399,1.0000000000000024,0.0
81405,32.162202703378384,1.0,560,681,1241,0.0,-0.0008333472224606453,1.0000000000000024,0.0
81406,32.16136935615593,1.0,560,681,1241,0.0,-0.0008333472224535399,1.0000000000000024,0.0
81407,32.16053600893348,1.0,560,681,1241,0.0,-0.0008333472224535399,1.0000000000000024,0.0
81408,32.15970266171102,1.0,560,681,1241,0.0,-0.0008333472224535399,1.0000000000000024,0.0
81409,32.15886931448857,1.0,560,681,1241,0.0,-0.0008333472224535399,1.0000000000000024,0.0
81410,32.158035967266116,1.0,560,681,1241,0.0,-0.0008333472224535399,1.0000000000000024,0.0
81411,32.15720262004366,1.0,560,681,1241,0.0,-0.0008333472224535399,1.0000000000000024,0.0
81412,32.15636927282121,1.0,560,681,1241,0.0,-0.0008333472224535399,1.0000000000000024,0.0
81413,32.155535925598755,1.0,560,681,1241,0.0,-0.0008333472224535399,1.0000000000000024,0.0
81414,32.1547025783763,1.0,560,681,1241,0.0,-0.0008333472224535399,1.0000000000000024,0.0
81415,32.15386923115385,1.0,560,681,1241,0.0,-0.0008333472224535399,1.0000000000000024,0.0
81416,32.153035883931395,1.0,560,681,1241,0.0,-0.0008333472224535399,1.0000000000000024,0.0
81417,32.15220253670894,1.0,560,681,1241,0.0,-0.0008333472224535399,1.0000000000000024,0.0
81418,32.15136918948649,1.0,560,681,1241,0.0,-0.0008333472224535399,1.0000000000000024,0.0
81419,32.150535842264034,1.0,560,681,1241,0.0,-0.0008333472224535399,1.0000000000000024,0.0
81420,32.14970249504158,1.0,560,681,1241,0.0,-0.0008333472224535399,1.0000000000000024,0.0
81421,32.14886914781913,1.0,560,681,1241,0.0,-0.0008333472224535399,1.0000000000000024,0.0
81422,32.14803580059667,1.0,560,681,1241,0.0,-0.0008333472224535399,1.0000000000000024,0.0
81423,32.14720245337422,1.0,560,681,1241,0.0,-0.0008333472224535399,1.0000000000000024,0.0
81424,32.14636910615177,1.0,560,681,1241,0.0,-0.0008333472224535399,1.0000000000000024,0.0
81425,32.14553575892931,1.0,560,681,1241,0.0,-0.0008333472224535399,1.0000000000000024,0.0
81426,32.14470241170686,1.0,560,681,1241,0.0,-0.0008333472224535399,1.0000000000000024,0.0
81427,32.143869064484406,1.0,560,681,1241,0.0,-0.0008333472224535399,1.0000000000000024,0.0
81428,32.14303571726195,1.0,560,681,1241,0.0,-0.0008333472224535399,1.0000000000000024,0.0
81429,32.1422023700395,1.0,560,681,1241,0.0,-0.0008333472224535399,1.0000000000000024,0.0
81430,32.141369022817045,1.0,560,681,1241,0.0,-0.0008333472224535399,1.0000000000000024,0.0
81431,32.14053567559459,1.0,560,681,1241,0.0,-0.0008333472224535399,1.0000000000000024,0.0
81432,32.13970232837214,0.9991941982272361,560,681,1241,-0.0008058017727639033,-0.0008333472224535399,0.9999194198227261,-8.058017727639034e-05
81433,32.138868981149685,0.9991941982272361,560,681,1241,0.0,-0.0008333472224535399,0.9998388396454498,-8.058017727639034e-05
81434,32.13803563392723,1.0,560,681,1241,0.0008058017727639033,-0.0008333472224535399,0.9998388396454498,0.0
81435,32.13720228670478,1.0,560,681,1241,0.0,-0.0008333472224535399,0.9998388396454498,0.0
81436,32.136368939482324,1.0,560,681,1241,0.0,-0.0008333472224535399,0.9998388396454498,0.0
81437,32.13553559225987,1.0,560,681,1241,0.0,-0.0008333472224535399,0.9998388396454498,0.0
81438,32.13470224503742,1.0,560,681,1241,0.0,-0.0008333472224535399,0.9998388396454498,0.0
81439,32.13386889781496,1.0,560,681,1241,0.0,-0.0008333472224535399,0.9998388396454498,0.0
81440,32.13303555059251,1.0,560,681,1241,0.0,-0.0008333472224535399,0.9998388396454498,0.0
81441,32.132202203370056,1.0,560,681,1241,0.0,-0.0008333472224535399,0.9998388396454498,0.0
81442,32.1313688561476,1.0,560,681,1241,0.0,-0.0008333472224535399,0.9999194198227261,8.058017727639034e-05
81443,32.13053550892515,1.0,560,681,1241,0.0,-0.0008333472224535399,1.0000000000000024,8.058017727639034e-05
81444,32.129702161702696,1.0,560,681,1241,0.0,-0.0008333472224535399,1.0000000000000024,0.0
81445,32.12886881448024,0.9991941982272361,560,681,1241,-0.0008058017727639033,-0.0008333472224535399,0.9999194198227261,-8.058017727639034e-05
81446,32.12803546725779,0.9991941982272361,560,681,1241,0.0,-0.0008333472224535399,0.9998388396454498,-8.058017727639034e-05
81447,32.127202120035335,0.9991941982272361,560,681,1241,0.0,-0.0008333472224535399,0.9997582594681734,-8.058017727639034e-05
81448,32.12636877281288,0.9991941982272361,560,681,1241,0.0,-0.0008333472224535399,0.9996776792908971,-8.058017727639034e-05
81449,32.12553542559043,0.9983883964544722,560,681,1241,-0.0008058017727639033,-0.0008333472224535399,0.9995165189363444,-0.00016116035455278067
81450,32.124702078367974,0.9991941982272361,560,681,1241,0.0008058017727639033,-0.0008333472224535399,0.9994359387590681,-8.058017727639034e-05
81451,32.12386873114552,0.9991941982272361,560,681,1241,0.0,-0.0008333472224535399,0.9993553585817917,-8.058017727639034e-05
81452,32.12303538392307,1.0,560,681,1241,0.0008058017727639033,-0.0008333472224535399,0.9993553585817917,0.0
81453,32.122202036700614,1.0,560,681,1241,0.0,-0.0008333472224535399,0.9993553585817917,0.0
81454,32.12136868947816,1.0,560,681,1241,0.0,-0.0008333472224535399,0.9993553585817917,0.0
81455,32.12053534225571,1.0,560,681,1241,0.0,-0.0008333472224535399,0.9994359387590681,8.058017727639034e-05
81456,32.11970199503325,1.0,560,681,1241,0.0,-0.0008333472224535399,0.9995165189363444,8.058017727639034e-05
81457,32.1188686478108,1.0,560,681,1241,0.0,-0.0008333472224535399,0.9995970991136207,8.058017727639034e-05
81458,32.118035300588346,1.0,560,681,1241,0.0,-0.0008333472224535399,0.9996776792908971,8.058017727639034e-05
81459,32.11720195336589,1.0,560,681,1241,0.0,-0.0008333472224535399,0.9998388396454498,0.00016116035455278067
81460,32.11636860614344,0.9991941982272361,560,681,1241,-0.0008058017727639033,-0.0008333472224535399,0.9998388396454498,0.0
81461,32.115535258920985,0.9991941982272361,560,681,1241,0.0,-0.0008333472224535399,0.9998388396454498,0.0
81462,32.11470191169853,0.9991941982272361,560,681,1241,0.0,-0.0008333472224535399,0.9997582594681734,-8.058017727639034e-05
81463,32.11386856447608,0.9991941982272361,560,681,1241,0.0,-0.0008333472224535399,0.9996776792908971,-8.058017727639034e-05
81464,32.113035217253625,0.9991941982272361,560,681,1241,0.0,-0.0008333472224535399,0.9995970991136207,-8.058017727639034e-05
81465,32.11220187003117,1.0,560,681,1241,0.0008058017727639033,-0.0008333472224535399,0.9995970991136207,0.0
81466,32.11136852280872,0.9991941982272361,560,681,1241,-0.0008058017727639033,-0.0008333472224535399,0.9995165189363444,-8.058017727639034e-05
81467,32.110535175586264,0.9991941982272361,560,681,1241,0.0,-0.0008333472224535399,0.9994359387590681,-8.058017727639034e-05
81468,32.109701828363804,0.9991941982272361,560,681,1241,0.0,-0.0008333472224606453,0.9993553585817917,-8.058017727639034e-05
81469,32.10886848114135,0.9991941982272361,560,681,1241,0.0,-0.0008333472224535399,0.9992747784045154,-8.058017727639034e-05
81470,32.1080351339189,1.0,560,681,1241,0.0008058017727639033,-0.0008333472224535399,0.9993553585817917,8.058017727639034e-05
81471,32.10720178669644,1.0,560,681,1241,0.0,-0.0008333472224535399,0.9994359387590681,8.058017727639034e-05
81472,32.10636843947399,1.0,560,681,1241,0.0,-0.0008333472224535399,0.9995165189363444,8.058017727639034e-05
81473,32.105535092251536,1.0,560,681,1241,0.0,-0.0008333472224535399,0.9995970991136207,8.058017727639034e-05
81474,32.10470174502908,1.0,560,681,1241,0.0,-0.0008333472224535399,0.9996776792908971,8.058017727639034e-05
81475,32.10386839780663,1.0,560,681,1241,0.0,-0.0008333472224535399,0.9996776792908971,0.0
81476,32.103035050584175,1.0,560,681,1241,0.0,-0.0008333472224535399,0.9997582594681734,8.058017727639034e-05
81477,32.10220170336172,1.0,560,681,1241,0.0,-0.0008333472224535399,0.9998388396454498,8.058017727639034e-05
81478,32.10136835613927,1.0,560,681,1241,0.0,-0.0008333472224535399,0.9999194198227261,8.058017727639034e-05
81479,32.100535008916815,0.9991941982272361,560,681,1241,-0.0008058017727639033,-0.0008333472224535399,0.9999194198227261,0.0
81480,32.09970166169436,0.9983883964544722,560,681,1241,-0.0008058017727639033,-0.0008333472224535399,0.9997582594681734,-0.00016116035455278067
81481,32.09886831447191,0.9991941982272361,560,681,1241,0.0008058017727639033,-0.0008333472224535399,0.9996776792908971,-8.058017727639034e-05
81482,32.098034967249454,0.9991941982272361,560,681,1241,0.0,-0.0008333472224535399,0.9995970991136207,-8.058017727639034e-05
81483,32.097201620027,0.9991941982272361,560,681,1241,0.0,-0.0008333472224535399,0.9995165189363444,-8.058017727639034e-05
81484,32.09636827280455,0.9991941982272361,560,681,1241,0.0,-0.0008333472224535399,0.9994359387590681,-8.058017727639034e-05
81485,32.09553492558209,0.9991941982272361,560,681,1241,0.0,-0.0008333472224535399,0.9993553585817917,-8.058017727639034e-05
81486,32.09470157835964,0.9991941982272361,560,681,1241,0.0,-0.0008333472224535399,0.9992747784045154,-8.058017727639034e-05
81487,32.093868231137186,0.9991941982272361,560,681,1241,0.0,-0.0008333472224535399,0.999194198227239,-8.058017727639034e-05
81488,32.09303488391473,0.9991941982272361,560,681,1241,0.0,-0.0008333472224535399,0.9991136180499627,-8.058017727639034e-05
81489,32.09220153669227,0.9991941982272361,560,681,1241,0.0,-0.0008333472224606453,0.9991136180499627,0.0
81490,32.09136818946982,1.0,560,681,1241,0.0008058017727639033,-0.0008333472224535399,0.9992747784045154,0.00016116035455278067
81491,32.090534842247365,0.9991941982272361,560,681,1241,-0.0008058017727639033,-0.0008333472224535399,0.9992747784045154,0.0
81492,32.08970149502491,0.9991941982272361,560,681,1241,0.0,-0.0008333472224535399,0.9992747784045154,0.0
81493,32.08886814780246,0.9991941982272361,560,681,1241,0.0,-0.0008333472224535399,0.9992747784045154,0.0
81494,32.088034800580004,0.9991941982272361,560,681,1241,0.0,-0.0008333472224535399,0.9992747784045154,0.0
81495,32.08720145335755,1.0,560,681,1241,0.0008058017727639033,-0.0008333472224535399,0.9993553585817917,8.058017727639034e-05
81496,32.0863681061351,1.0,560,681,1241,0.0,-0.0008333472224535399,0.9994359387590681,8.058017727639034e-05
81497,32.085534758912644,1.0,560,681,1241,0.0,-0.0008333472224535399,0.9995165189363444,8.058017727639034e-05
81498,32.08470141169019,1.0,560,681,1241,0.0,-0.0008333472224535399,0.9995970991136207,8.058017727639034e-05
81499,32.08386806446774,1.0,560,681,1241,0.0,-0.0008333472224535399,0.9996776792908971,8.058017727639034e-05
81500,32.08303471724528,1.0,560,681,1241,0.0,-0.0008333472224535399,0.9996776792908971,0.0
81501,32.08220137002283,0.9991941982272361,560,681,1241,-0.0008058017727639033,-0.0008333472224535399,0.9996776792908971,0.0
81502,32.081368022800376,0.9991941982272361,560,681,1241,0.0,-0.0008333472224535399,0.9996776792908971,0.0
81503,32.08053467557792,1.0,560,681,1241,0.0008058017727639033,-0.0008333472224535399,0.9997582594681734,8.058017727639034e-05
81504,32.07970132835547,1.0,560,681,1241,0.0,-0.0008333472224535399,0.9998388396454498,8.058017727639034e-05
81505,32.078867981133016,1.0,560,681,1241,0.0,-0.0008333472224535399,0.9998388396454498,0.0
81506,32.07803463391056,1.0,560,681,1241,0.0,-0.0008333472224535399,0.9998388396454498,0.0
81507,32.07720128668811,1.0,560,681,1241,0.0,-0.0008333472224535399,0.9998388396454498,0.0
81508,32.076367939465655,1.0,560,681,1241,0.0,-0.0008333472224535399,0.9998388396454498,0.0
81509,32.0755345922432,1.0,560,681,1241,0.0,-0.0008333472224535399,0.9998388396454498,0.0
81510,32.07470124502075,1.0,560,681,1241,0.0,-0.0008333472224535399,0.9998388396454498,0.0
81511,32.073867897798294,0.9983883964544722,560,681,1241,-0.0016116035455278066,-0.0008333472224535399,0.9997582594681734,-8.058017727639034e-05
81512,32.07303455057584,0.9983883964544722,560,681,1241,0.0,-0.0008333472224535399,0.9996776792908971,-8.058017727639034e-05
81513,32.07220120335339,0.9991941982272361,560,681,1241,0.0008058017727639033,-0.0008333472224535399,0.9995970991136207,-8.058017727639034e-05
81514,32.071367856130934,1.0,560,681,1241,0.0008058017727639033,-0.0008333472224535399,0.9995970991136207,0.0
81515,32.07053450890848,1.0,560,681,1241,0.0,-0.0008333472224535399,0.9995970991136207,0.0
81516,32.06970116168603,1.0,560,681,1241,0.0,-0.0008333472224535399,0.9995970991136207,0.0
81517,32.06886781446357,1.0,560,681,1241,0.0,-0.0008333472224535399,0.9995970991136207,0.0
81518,32.06803446724112,0.9991941982272361,560,681,1241,-0.0008058017727639033,-0.0008333472224535399,0.9995165189363444,-8.058017727639034e-05
81519,32.067201120018666,1.0,560,681,1241,0.0008058017727639033,-0.0008333472224535399,0.9995165189363444,0.0
81520,32.06636777279621,1.0,560,681,1241,0.0,-0.0008333472224535399,0.9995165189363444,0.0
81521,32.06553442557376,1.0,560,681,1241,0.0,-0.0008333472224535399,0.9996776792908971,0.00016116035455278067
81522,32.064701078351305,1.0,560,681,1241,0.0,-0.0008333472224535399,0.9998388396454498,0.00016116035455278067
81523,32.06386773112885,1.0,560,681,1241,0.0,-0.0008333472224535399,0.9999194198227261,8.058017727639034e-05
81524,32.0630343839064,1.0,560,681,1241,0.0,-0.0008333472224535399,0.9999194198227261,0.0
81525,32.062201036683945,0.9991941982272361,560,681,1241,-0.0008058017727639033,-0.0008333472224535399,0.9998388396454498,-8.058017727639034e-05
81526,32.06136768946149,0.9991941982272361,560,681,1241,0.0,-0.0008333472224535399,0.9997582594681734,-8.058017727639034e-05
81527,32.06053434223904,0.9991941982272361,560,681,1241,0.0,-0.0008333472224535399,0.9996776792908971,-8.058017727639034e-05
81528,32.059700995016584,0.9991941982272361,560,681,1241,0.0,-0.0008333472224535399,0.9996776792908971,0.0
81529,32.05886764779413,0.9983883964544722,560,681,1241,-0.0008058017727639033,-0.0008333472224535399,0.9995165189363444,-0.00016116035455278067
81530,32.05803430057168,0.9991941982272361,560,681,1241,0.0008058017727639033,-0.0008333472224535399,0.9994359387590681,-8.058017727639034e-05
81531,32.05720095334922,0.9991941982272361,560,681,1241,0.0,-0.0008333472224535399,0.9993553585817917,-8.058017727639034e-05
81532,32.05636760612677,0.9991941982272361,560,681,1241,0.0,-0.0008333472224535399,0.9992747784045154,-8.058017727639034e-05
81533,32.055534258904316,0.9991941982272361,560,681,1241,0.0,-0.0008333472224535399,0.999194198227239,-8.058017727639034e-05
81534,32.05470091168186,0.9991941982272361,560,681,1241,0.0,-0.0008333472224535399,0.9991136180499627,-8.058017727639034e-05
81535,32.05386756445941,0.9991941982272361,560,681,1241,0.0,-0.0008333472224535399,0.9991136180499627,0.0
81536,32.053034217236956,1.0,560,681,1241,0.0008058017727639033,-0.0008333472224535399,0.999194198227239,8.058017727639034e-05
81537,32.0522008700145,1.0,560,681,1241,0.0,-0.0008333472224535399,0.9992747784045154,8.058017727639034e-05
81538,32.05136752279205,1.0,560,681,1241,0.0,-0.0008333472224535399,0.9993553585817917,8.058017727639034e-05
81539,32.050534175569595,1.0,560,681,1241,0.0,-0.0008333472224535399,0.9995165189363444,0.00016116035455278067
81540,32.04970082834714,1.0,560,681,1241,0.0,-0.0008333472224535399,0.9995970991136207,8.058017727639034e-05
81541,32.04886748112469,1.0,560,681,1241,0.0,-0.0008333472224535399,0.9996776792908971,8.058017727639034e-05
81542,32.048034133902235,1.0,560,681,1241,0.0,-0.0008333472224535399,0.9997582594681734,8.058017727639034e-05
81543,32.04720078667978,1.0,560,681,1241,0.0,-0.0008333472224535399,0.9998388396454498,8.058017727639034e-05
81544,32.04636743945733,1.0,560,681,1241,0.0,-0.0008333472224535399,0.9999194198227261,8.058017727639034e-05
81545,32.045534092234874,1.0,560,681,1241,0.0,-0.0008333472224535399,1.0000000000000024,8.058017727639034e-05
81546,32.04470074501242,1.0,560,681,1241,0.0,-0.0008333472224535399,1.0000000000000024,0.0
81547,32.04386739778997,1.0,560,681,1241,0.0,-0.0008333472224535399,1.0000000000000024,0.0
81548,32.04303405056751,1.0,560,681,1241,0.0,-0.0008333472224535399,1.0000000000000024,0.0
81549,32.04220070334506,1.0,560,681,1241,0.0,-0.0008333472224535399,1.0000000000000024,0.0
81550,32.041367356122606,1.0,560,681,1241,0.0,-0.0008333472224535399,1.0000000000000024,0.0
81551,32.04053400890015,1.0,560,681,1241,0.0,-0.0008333472224535399,1.0000000000000024,0.0
81552,32.0397006616777,0.9991941982272361,560,681,1241,-0.0008058017727639033,-0.0008333472224535399,0.9999194198227261,-8.058017727639034e-05
81553,32.03886731445524,0.9991941982272361,560,681,1241,0.0,-0.0008333472224606453,0.9998388396454498,-8.058017727639034e-05
81554,32.038033967232785,0.9991941982272361,560,681,1241,0.0,-0.0008333472224535399,0.9997582594681734,-8.058017727639034e-05
81555,32.03720062001033,0.9991941982272361,560,681,1241,0.0,-0.0008333472224535399,0.9996776792908971,-8.058017727639034e-05
81556,32.03636727278788,0.9991941982272361,560,681,1241,0.0,-0.0008333472224535399,0.9995970991136207,-8.058017727639034e-05
81557,32.035533925565424,1.0,560,681,1241,0.0008058017727639033,-0.0008333472224535399,0.9995970991136207,0.0
81558,32.03470057834297,1.0,560,681,1241,0.0,-0.0008333472224535399,0.9995970991136207,0.0
81559,32.03386723112052,1.0,560,681,1241,0.0,-0.0008333472224535399,0.9995970991136207,0.0
81560,32.033033883898064,1.0,560,681,1241,0.0,-0.0008333472224535399,0.9995970991136207,0.0
81561,32.03220053667561,1.0,560,681,1241,0.0,-0.0008333472224535399,0.9995970991136207,0.0
81562,32.03136718945316,1.0,560,681,1241,0.0,-0.0008333472224535399,0.9996776792908971,8.058017727639034e-05
81563,32.0305338422307,1.0,560,681,1241,0.0,-0.0008333472224535399,0.9997582594681734,8.058017727639034e-05
81564,32.02970049500825,1.0,560,681,1241,0.0,-0.0008333472224535399,0.9998388396454498,8.058017727639034e-05
81565,32.028867147785796,1.0,560,681,1241,0.0,-0.0008333472224535399,0.9999194198227261,8.058017727639034e-05
81566,32.02803380056334,1.0,560,681,1241,0.0,-0.0008333472224535399,1.0000000000000024,8.058017727639034e-05
81567,32.02720045334089,1.0,560,681,1241,0.0,-0.0008333472224535399,1.0000000000000024,0.0
81568,32.026367106118435,1.0,560,681,1241,0.0,-0.0008333472224535399,1.0000000000000024,0.0
81569,32.02553375889598,1.0,560,681,1241,0.0,-0.0008333472224535399,1.0000000000000024,0.0
81570,32.02470041167353,1.0,560,681,1241,0.0,-0.0008333472224535399,1.0000000000000024,0.0
81571,32.023867064451075,1.0,560,681,1241,0.0,-0.0008333472224535399,1.0000000000000024,0.0
81572,32.02303371722862,1.0,560,681,1241,0.0,-0.0008333472224535399,1.0000000000000024,0.0
81573,32.02220037000617,1.0,560,681,1241,0.0,-0.0008333472224535399,1.0000000000000024,0.0
81574,32.02136702278371,1.0,560,681,1241,0.0,-0.0008333472224606453,1.0000000000000024,0.0
81575,32.02053367556125,1.0,560,681,1241,0.0,-0.0008333472224535399,1.0000000000000024,0.0
81576,32.0197003283388,1.0,560,681,1241,0.0,-0.0008333472224535399,1.0000000000000024,0.0
81577,32.018866981116346,1.0,560,681,1241,0.0,-0.0008333472224535399,1.0000000000000024,0.0
81578,32.01803363389389,1.0,560,681,1241,0.0,-0.0008333472224535399,1.0000000000000024,0.0
81579,32.01720028667144,1.0,560,681,1241,0.0,-0.0008333472224535399,1.0000000000000024,0.0
81580,32.016366939448986,1.0,560,681,1241,0.0,-0.0008333472224535399,1.0000000000000024,0.0
81581,32.01553359222653,1.0,560,681,1241,0.0,-0.0008333472224535399,1.0000000000000024,0.0
81582,32.01470024500408,1.0,560,681,1241,0.0,-0.0008333472224535399,1.0000000000000024,0.0
81583,32.013866897781625,0.9991941982272361,560,681,1241,-0.0008058017727639033,-0.0008333472224535399,0.9999194198227261,-8.058017727639034e-05
81584,32.01303355055917,0.9991941982272361,560,681,1241,0.0,-0.0008333472224535399,0.9998388396454498,-8.058017727639034e-05
81585,32.01220020333672,0.9991941982272361,560,681,1241,0.0,-0.0008333472224535399,0.9997582594681734,-8.058017727639034e-05
81586,32.011366856114265,1.0,560,681,1241,0.0008058017727639033,-0.0008333472224535399,0.9997582594681734,0.0
81587,32.01053350889181,1.0,560,681,1241,0.0,-0.0008333472224535399,0.9997582594681734,0.0
81588,32.00970016166936,1.0,560,681,1241,0.0,-0.0008333472224535399,0.9997582594681734,0.0
81589,32.008866814446904,0.9991941982272361,560,681,1241,-0.0008058017727639033,-0.0008333472224535399,0.9996776792908971,-8.058017727639034e-05
81590,32.00803346722445,0.9991941982272361,560,681,1241,0.0,-0.0008333472224535399,0.9995970991136207,-8.058017727639034e-05
81591,32.007200120002,0.9991941982272361,560,681,1241,0.0,-0.0008333472224535399,0.9995165189363444,-8.058017727639034e-05
81592,32.00636677277954,0.9991941982272361,560,681,1241,0.0,-0.0008333472224535399,0.9994359387590681,-8.058017727639034e-05
81593,32.00553342555709,0.9991941982272361,560,681,1241,0.0,-0.0008333472224535399,0.9994359387590681,0.0
81594,32.004700078334636,0.9983883964544722,560,681,1241,-0.0008058017727639033,-0.0008333472224535399,0.9993553585817917,-8.058017727639034e-05
81595,32.00386673111218,0.9991941982272361,560,681,1241,0.0008058017727639033,-0.0008333472224535399,0.9993553585817917,0.0
81596,32.00303338388973,0.9991941982272361,560,681,1241,0.0,-0.0008333472224535399,0.9992747784045154,-8.058017727639034e-05
81597,32.002200036667276,0.9991941982272361,560,681,1241,0.0,-0.0008333472224535399,0.999194198227239,-8.058017727639034e-05
81598,32.00136668944482,0.9991941982272361,560,681,1241,0.0,-0.0008333472224535399,0.9991136180499627,-8.058017727639034e-05
81599,32.00053334222237,0.9983883964544722,560,681,1241,-0.0008058017727639033,-0.0008333472224535399,0.9990330378726864,-8.058017727639034e-05
81600,31.999699994999915,0.9991941982272361,560,681,1241,0.0008058017727639033,-0.0008333472224535399,0.9990330378726864,0.0
81601,31.99886664777746,0.9991941982272361,560,681,1241,0.0,-0.0008333472224535399,0.9990330378726864,0.0
81602,31.998033300555008,0.9991941982272361,560,681,1241,0.0,-0.0008333472224535399,0.9990330378726864,0.0
81603,31.997199953332554,0.9991941982272361,560,681,1241,0.0,-0.0008333472224535399,0.9990330378726864,0.0
81604,31.9963666061101,0.9991941982272361,560,681,1241,0.0,-0.0008333472224535399,0.9991136180499627,8.058017727639034e-05
81605,31.995533258887647,1.0,560,681,1241,0.0008058017727639033,-0.0008333472224535399,0.999194198227239,8.058017727639034e-05
81606,31.994699911665194,1.0,560,681,1241,0.0,-0.0008333472224535399,0.9992747784045154,8.058017727639034e-05
81607,31.99386656444274,1.0,560,681,1241,0.0,-0.0008333472224535399,0.9993553585817917,8.058017727639034e-05
81608,31.993033217220287,1.0,560,681,1241,0.0,-0.0008333472224535399,0.9994359387590681,8.058017727639034e-05
81609,31.992199869997833,1.0,560,681,1241,0.0,-0.0008333472224535399,0.9995970991136207,0.00016116035455278067
81610,31.99136652277538,0.9991941982272361,560,681,1241,-0.0008058017727639033,-0.0008333472224535399,0.9995970991136207,0.0
81611,31.990533175552926,0.9991941982272361,560,681,1241,0.0,-0.0008333472224535399,0.9995970991136207,0.0
81612,31.989699828330473,0.9991941982272361,560,681,1241,0.0,-0.0008333472224535399,0.9995970991136207,0.0
81613,31.98886648110802,1.0,560,681,1241,0.0008058017727639033,-0.0008333472224535399,0.9996776792908971,8.058017727639034e-05
81614,31.988033133885565,1.0,560,681,1241,0.0,-0.0008333472224535399,0.9997582594681734,8.058017727639034e-05
81615,31.987199786663112,1.0,560,681,1241,0.0,-0.0008333472224535399,0.9997582594681734,0.0
81616,31.986366439440655,1.0,560,681,1241,0.0,-0.0008333472224570926,0.9997582594681734,0.0
81617,31.9855330922182,1.0,560,681,1241,0.0,-0.0008333472224535399,0.9997582594681734,0.0
81618,31.984699744995748,1.0,560,681,1241,0.0,-0.0008333472224535399,0.9997582594681734,0.0
81619,31.983866397773294,1.0,560,681,1241,0.0,-0.0008333472224535399,0.9997582594681734,0.0
81620,31.98303305055084,1.0,560,681,1241,0.0,-0.0008333472224535399,0.9998388396454498,8.058017727639034e-05
81621,31.982199703328387,1.0,560,681,1241,0.0,-0.0008333472224535399,0.9999194198227261,8.058017727639034e-05
81622,31.981366356105934,1.0,560,681,1241,0.0,-0.0008333472224535399,1.0000000000000024,8.058017727639034e-05
81623,31.98053300888348,1.0,560,681,1241,0.0,-0.0008333472224535399,1.0000000000000024,0.0
81624,31.979699661661027,1.0,560,681,1241,0.0,-0.0008333472224535399,1.0000000000000024,0.0
81625,31.978866314438573,1.0,560,681,1241,0.0,-0.0008333472224535399,1.0000000000000024,0.0
81626,31.97803296721612,1.0,560,681,1241,0.0,-0.0008333472224535399,1.0000000000000024,0.0
81627,31.977199619993666,1.0,560,681,1241,0.0,-0.0008333472224535399,1.0000000000000024,0.0
81628,31.976366272771212,1.0,560,681,1241,0.0,-0.0008333472224535399,1.0000000000000024,0.0
81629,31.97553292554876,1.0,560,681,1241,0.0,-0.0008333472224535399,1.0000000000000024,0.0
81630,31.974699578326305,0.9991941982272361,560,681,1241,-0.0008058017727639033,-0.0008333472224535399,0.9999194198227261,-8.058017727639034e-05
81631,31.97386623110385,0.9991941982272361,560,681,1241,0.0,-0.0008333472224535399,0.9998388396454498,-8.058017727639034e-05
81632,31.973032883881398,1.0,560,681,1241,0.0008058017727639033,-0.0008333472224535399,0.9998388396454498,0.0
81633,31.972199536658945,1.0,560,681,1241,0.0,-0.0008333472224535399,0.9998388396454498,0.0
81634,31.97136618943649,1.0,560,681,1241,0.0,-0.0008333472224535399,0.9998388396454498,0.0
81635,31.970532842214038,1.0,560,681,1241,0.0,-0.0008333472224535399,0.9998388396454498,0.0
81636,31.969699494991584,1.0,560,681,1241,0.0,-0.0008333472224535399,0.9998388396454498,0.0
81637,31.96886614776913,1.0,560,681,1241,0.0,-0.0008333472224535399,0.9998388396454498,0.0
81638,31.968032800546673,1.0,560,681,1241,0.0,-0.0008333472224570926,0.9998388396454498,0.0
81639,31.96719945332422,0.9991941982272361,560,681,1241,-0.0008058017727639033,-0.0008333472224535399,0.9997582594681734,-8.058017727639034e-05
81640,31.966366106101766,0.9991941982272361,560,681,1241,0.0,-0.0008333472224535399,0.9997582594681734,0.0
81641,31.965532758879313,0.9991941982272361,560,681,1241,0.0,-0.0008333472224535399,0.9997582594681734,0.0
81642,31.96469941165686,0.9991941982272361,560,681,1241,0.0,-0.0008333472224535399,0.9996776792908971,-8.058017727639034e-05
81643,31.963866064434406,1.0,560,681,1241,0.0008058017727639033,-0.0008333472224535399,0.9996776792908971,0.0
81644,31.963032717211952,1.0,560,681,1241,0.0,-0.0008333472224535399,0.9996776792908971,0.0
81645,31.9621993699895,1.0,560,681,1241,0.0,-0.0008333472224535399,0.9996776792908971,0.0
81646,31.961366022767045,1.0,560,681,1241,0.0,-0.0008333472224535399,0.9996776792908971,0.0
81647,31.96053267554459,1.0,560,681,1241,0.0,-0.0008333472224535399,0.9996776792908971,0.0
81648,31.959699328322138,1.0,560,681,1241,0.0,-0.0008333472224535399,0.9996776792908971,0.0
81649,31.958865981099684,1.0,560,681,1241,0.0,-0.0008333472224535399,0.9997582594681734,8.058017727639034e-05
81650,31.95803263387723,1.0,560,681,1241,0.0,-0.0008333472224535399,0.9998388396454498,8.058017727639034e-05
81651,31.957199286654777,0.9991941982272361,560,681,1241,-0.0008058017727639033,-0.0008333472224535399,0.9998388396454498,0.0
81652,31.956365939432324,0.9991941982272361,560,681,1241,0.0,-0.0008333472224535399,0.9998388396454498,0.0
81653,31.95553259220987,0.9991941982272361,560,681,1241,0.0,-0.0008333472224535399,0.9997582594681734,-8.058017727639034e-05
81654,31.954699244987417,0.9991941982272361,560,681,1241,0.0,-0.0008333472224535399,0.9996776792908971,-8.058017727639034e-05
81655,31.953865897764963,1.0,560,681,1241,0.0008058017727639033,-0.0008333472224535399,0.9996776792908971,0.0
81656,31.95303255054251,1.0,560,681,1241,0.0,-0.0008333472224535399,0.9996776792908971,0.0
81657,31.952199203320056,1.0,560,681,1241,0.0,-0.0008333472224535399,0.9996776792908971,0.0
81658,31.951365856097603,1.0,560,681,1241,0.0,-0.0008333472224535399,0.9996776792908971,0.0
81659,31.950532508875146,1.0,560,681,1241,0.0,-0.0008333472224570926,0.9996776792908971,0.0
81660,31.949699161652692,1.0,560,681,1241,0.0,-0.0008333472224535399,0.9996776792908971,0.0
81661,31.94886581443024,1.0,560,681,1241,0.0,-0.0008333472224535399,0.9997582594681734,8.058017727639034e-05
81662,31.948032467207785,1.0,560,681,1241,0.0,-0.0008333472224535399,0.9998388396454498,8.058017727639034e-05
81663,31.94719911998533,1.0,560,681,1241,0.0,-0.0008333472224535399,0.9999194198227261,8.058017727639034e-05
81664,31.946365772762878,0.9991941982272361,560,681,1241,-0.0008058017727639033,-0.0008333472224535399,0.9999194198227261,0.0
81665,31.945532425540424,0.9991941982272361,560,681,1241,0.0,-0.0008333472224535399,0.9998388396454498,-8.058017727639034e-05
81666,31.94469907831797,1.0,560,681,1241,0.0008058017727639033,-0.0008333472224535399,0.9998388396454498,0.0
81667,31.943865731095517,1.0,560,681,1241,0.0,-0.0008333472224535399,0.9998388396454498,0.0
81668,31.943032383873064,1.0,560,681,1241,0.0,-0.0008333472224535399,0.9998388396454498,0.0
81669,31.94219903665061,1.0,560,681,1241,0.0,-0.0008333472224535399,0.9998388396454498,0.0
81670,31.941365689428157,1.0,560,681,1241,0.0,-0.0008333472224535399,0.9998388396454498,0.0
81671,31.940532342205703,1.0,560,681,1241,0.0,-0.0008333472224535399,0.9998388396454498,0.0
81672,31.93969899498325,1.0,560,681,1241,0.0,-0.0008333472224535399,0.9998388396454498,0.0
81673,31.938865647760796,1.0,560,681,1241,0.0,-0.0008333472224535399,0.9998388396454498,0.0
81674,31.938032300538342,1.0,560,681,1241,0.0,-0.0008333472224535399,0.9999194198227261,8.058017727639034e-05
81675,31.93719895331589,1.0,560,681,1241,0.0,-0.0008333472224535399,1.0000000000000024,8.058017727639034e-05
81676,31.936365606093435,1.0,560,681,1241,0.0,-0.0008333472224535399,1.0000000000000024,0.0
81677,31.935532258870982,1.0,560,681,1241,0.0,-0.0008333472224535399,1.0000000000000024,0.0
81678,31.93469891164853,1.0,560,681,1241,0.0,-0.0008333472224535399,1.0000000000000024,0.0
81679,31.933865564426075,1.0,560,681,1241,0.0,-0.0008333472224535399,1.0000000000000024,0.0
81680,31.933032217203618,1.0,560,681,1241,0.0,-0.0008333472224570926,1.0000000000000024,0.0
81681,31.932198869981164,1.0,560,681,1241,0.0,-0.0008333472224535399,1.0000000000000024,0.0
81682,31.93136552275871,0.9991941982272361,560,681,1241,-0.0008058017727639033,-0.0008333472224535399,0.9999194198227261,-8.058017727639034e-05
81683,31.930532175536257,1.0,560,681,1241,0.0008058017727639033,-0.0008333472224535399,0.9999194198227261,0.0
81684,31.929698828313803,1.0,560,681,1241,0.0,-0.0008333472224535399,0.9999194198227261,0.0
81685,31.92886548109135,1.0,560,681,1241,0.0,-0.0008333472224535399,0.9999194198227261,0.0
81686,31.928032133868896,1.0,560,681,1241,0.0,-0.0008333472224535399,0.9999194198227261,0.0
81687,31.927198786646443,1.0,560,681,1241,0.0,-0.0008333472224535399,0.9999194198227261,0.0
81688,31.92636543942399,1.0,560,681,1241,0.0,-0.0008333472224535399,0.9999194198227261,0.0
81689,31.925532092201536,1.0,560,681,1241,0.0,-0.0008333472224535399,0.9999194198227261,0.0
81690,31.924698744979082,0.9991941982272361,560,681,1241,-0.0008058017727639033,-0.0008333472224535399,0.9998388396454498,-8.058017727639034e-05
81691,31.92386539775663,0.9991941982272361,560,681,1241,0.0,-0.0008333472224535399,0.9997582594681734,-8.058017727639034e-05
81692,31.923032050534175,1.0,560,681,1241,0.0008058017727639033,-0.0008333472224535399,0.9998388396454498,8.058017727639034e-05
81693,31.92219870331172,0.9991941982272361,560,681,1241,-0.0008058017727639033,-0.0008333472224535399,0.9997582594681734,-8.058017727639034e-05
81694,31.921365356089268,0.9991941982272361,560,681,1241,0.0,-0.0008333472224535399,0.9996776792908971,-8.058017727639034e-05
81695,31.920532008866815,0.9991941982272361,560,681,1241,0.0,-0.0008333472224535399,0.9995970991136207,-8.058017727639034e-05
81696,31.91969866164436,1.0,560,681,1241,0.0008058017727639033,-0.0008333472224535399,0.9995970991136207,0.0
81697,31.918865314421907,1.0,560,681,1241,0.0,-0.0008333472224535399,0.9995970991136207,0.0
81698,31.918031967199454,1.0,560,681,1241,0.0,-0.0008333472224535399,0.9995970991136207,0.0
81699,31.917198619977,1.0,560,681,1241,0.0,-0.0008333472224535399,0.9995970991136207,0.0
81700,31.916365272754547,1.0,560,681,1241,0.0,-0.0008333472224535399,0.9996776792908971,8.058017727639034e-05
81701,31.91553192553209,1.0,560,681,1241,0.0,-0.0008333472224570926,0.9997582594681734,8.058017727639034e-05
81702,31.914698578309636,1.0,560,681,1241,0.0,-0.0008333472224535399,0.9997582594681734,0.0
81703,31.913865231087183,1.0,560,681,1241,0.0,-0.0008333472224535399,0.9998388396454498,8.058017727639034e-05
81704,31.91303188386473,1.0,560,681,1241,0.0,-0.0008333472224535399,0.9999194198227261,8.058017727639034e-05
81705,31.912198536642276,1.0,560,681,1241,0.0,-0.0008333472224535399,1.0000000000000024,8.058017727639034e-05
81706,31.911365189419822,1.0,560,681,1241,0.0,-0.0008333472224535399,1.0000000000000024,0.0
81707,31.91053184219737,1.0,560,681,1241,0.0,-0.0008333472224535399,1.0000000000000024,0.0
81708,31.909698494974915,0.9991941982272361,560,681,1241,-0.0008058017727639033,-0.0008333472224535399,0.9999194198227261,-8.058017727639034e-05
81709,31.90886514775246,0.9991941982272361,560,681,1241,0.0,-0.0008333472224535399,0.9998388396454498,-8.058017727639034e-05
81710,31.908031800530008,0.9991941982272361,560,681,1241,0.0,-0.0008333472224535399,0.9997582594681734,-8.058017727639034e-05
81711,31.907198453307554,0.9991941982272361,560,681,1241,0.0,-0.0008333472224535399,0.9996776792908971,-8.058017727639034e-05
81712,31.9063651060851,1.0,560,681,1241,0.0008058017727639033,-0.0008333472224535399,0.9996776792908971,0.0
81713,31.905531758862647,0.9991941982272361,560,681,1241,-0.0008058017727639033,-0.0008333472224535399,0.9995970991136207,-8.058017727639034e-05
81714,31.904698411640194,0.9991941982272361,560,681,1241,0.0,-0.0008333472224535399,0.9995165189363444,-8.058017727639034e-05
81715,31.90386506441774,1.0,560,681,1241,0.0008058017727639033,-0.0008333472224535399,0.9995165189363444,0.0
81716,31.903031717195287,1.0,560,681,1241,0.0,-0.0008333472224535399,0.9995165189363444,0.0
81717,31.902198369972833,0.9991941982272361,560,681,1241,-0.0008058017727639033,-0.0008333472224535399,0.9994359387590681,-8.058017727639034e-05
81718,31.90136502275038,1.0,560,681,1241,0.0008058017727639033,-0.0008333472224535399,0.9995165189363444,8.058017727639034e-05
81719,31.900531675527926,1.0,560,681,1241,0.0,-0.0008333472224535399,0.9995970991136207,8.058017727639034e-05
81720,31.899698328305472,1.0,560,681,1241,0.0,-0.0008333472224535399,0.9996776792908971,8.058017727639034e-05
81721,31.89886498108302,1.0,560,681,1241,0.0,-0.0008333472224535399,0.9997582594681734,8.058017727639034e-05
81722,31.898031633860562,1.0,560,681,1241,0.0,-0.0008333472224570926,0.9997582594681734,0.0
81723,31.89719828663811,1.0,560,681,1241,0.0,-0.0008333472224535399,0.9998388396454498,8.058017727639034e-05
81724,31.896364939415655,1.0,560,681,1241,0.0,-0.0008333472224535399,0.9999194198227261,8.058017727639034e-05
81725,31.8955315921932,1.0,560,681,1241,0.0,-0.0008333472224535399,0.9999194198227261,0.0
81726,31.894698244970748,1.0,560,681,1241,0.0,-0.0008333472224535399,0.9999194198227261,0.0
81727,31.893864897748294,1.0,560,681,1241,0.0,-0.0008333472224535399,1.0000000000000024,8.058017727639034e-05
81728,31.89303155052584,1.0,560,681,1241,0.0,-0.0008333472224535399,1.0000000000000024,0.0
81729,31.892198203303387,1.0,560,681,1241,0.0,-0.0008333472224535399,1.0000000000000024,0.0
81730,31.891364856080934,1.0,560,681,1241,0.0,-0.0008333472224535399,1.0000000000000024,0.0
81731,31.89053150885848,1.0,560,681,1241,0.0,-0.0008333472224535399,1.0000000000000024,0.0
81732,31.889698161636026,1.0,560,681,1241,0.0,-0.0008333472224535399,1.0000000000000024,0.0
81733,31.888864814413573,1.0,560,681,1241,0.0,-0.0008333472224535399,1.0000000000000024,0.0
81734,31.88803146719112,1.0,560,681,1241,0.0,-0.0008333472224535399,1.0000000000000024,0.0
81735,31.887198119968666,1.0,560,681,1241,0.0,-0.0008333472224535399,1.0000000000000024,0.0
81736,31.886364772746212,1.0,560,681,1241,0.0,-0.0008333472224535399,1.0000000000000024,0.0
81737,31.88553142552376,1.0,560,681,1241,0.0,-0.0008333472224535399,1.0000000000000024,0.0
81738,31.884698078301305,1.0,560,681,1241,0.0,-0.0008333472224535399,1.0000000000000024,0.0
81739,31.88386473107885,1.0,560,681,1241,0.0,-0.0008333472224535399,1.0000000000000024,0.0
81740,31.883031383856398,1.0,560,681,1241,0.0,-0.0008333472224535399,1.0000000000000024,0.0
81741,31.882198036633945,1.0,560,681,1241,0.0,-0.0008333472224535399,1.0000000000000024,0.0
81742,31.88136468941149,1.0,560,681,1241,0.0,-0.0008333472224535399,1.0000000000000024,0.0
81743,31.880531342189034,1.0,560,681,1241,0.0,-0.0008333472224570926,1.0000000000000024,0.0
81744,31.87969799496658,1.0,560,681,1241,0.0,-0.0008333472224535399,1.0000000000000024,0.0
81745,31.878864647744127,0.9991941982272361,560,681,1241,-0.0008058017727639033,-0.0008333472224535399,0.9999194198227261,-8.058017727639034e-05
81746,31.878031300521673,0.9991941982272361,560,681,1241,0.0,-0.0008333472224535399,0.9998388396454498,-8.058017727639034e-05
81747,31.87719795329922,0.9991941982272361,560,681,1241,0.0,-0.0008333472224535399,0.9997582594681734,-8.058017727639034e-05
81748,31.876364606076766,1.0,560,681,1241,0.0008058017727639033,-0.0008333472224535399,0.9997582594681734,0.0
81749,31.875531258854313,1.0,560,681,1241,0.0,-0.0008333472224535399,0.9997582594681734,0.0
81750,31.87469791163186,1.0,560,681,1241,0.0,-0.0008333472224535399,0.9997582594681734,0.0
81751,31.873864564409406,1.0,560,681,1241,0.0,-0.0008333472224535399,0.9997582594681734,0.0
81752,31.873031217186952,1.0,560,681,1241,0.0,-0.0008333472224535399,0.9997582594681734,0.0
81753,31.8721978699645,1.0,560,681,1241,0.0,-0.0008333472224535399,0.9997582594681734,0.0
81754,31.871364522742045,1.0,560,681,1241,0.0,-0.0008333472224535399,0.9997582594681734,0.0
81755,31.87053117551959,1.0,560,681,1241,0.0,-0.0008333472224535399,0.9998388396454498,8.058017727639034e-05
81756,31.869697828297138,1.0,560,681,1241,0.0,-0.0008333472224535399,0.9999194198227261,8.058017727639034e-05
81757,31.868864481074684,1.0,560,681,1241,0.0,-0.0008333472224535399,1.0000000000000024,8.058017727639034e-05
81758,31.86803113385223,1.0,560,681,1241,0.0,-0.0008333472224535399,1.0000000000000024,0.0
81759,31.867197786629777,1.0,560,681,1241,0.0,-0.0008333472224535399,1.0000000000000024,0.0
81760,31.866364439407324,1.0,560,681,1241,0.0,-0.0008333472224535399,1.0000000000000024,0.0
81761,31.86553109218487,1.0,560,681,1241,0.0,-0.0008333472224535399,1.0000000000000024,0.0
81762,31.864697744962417,1.0,560,681,1241,0.0,-0.0008333472224535399,1.0000000000000024,0.0
81763,31.863864397739963,0.9991941982272361,560,681,1241,-0.0008058017727639033,-0.0008333472224535399,0.9999194198227261,-8.058017727639034e-05
81764,31.86303105051751,1.0,560,681,1241,0.0008058017727639033,-0.0008333472224535399,0.9999194198227261,0.0
81765,31.862197703295053,0.9991941982272361,560,681,1241,-0.0008058017727639033,-0.0008333472224570926,0.9998388396454498,-8.058017727639034e-05
81766,31.8613643560726,0.9991941982272361,560,681,1241,0.0,-0.0008333472224535399,0.9997582594681734,-8.058017727639034e-05
81767,31.860531008850145,0.9991941982272361,560,681,1241,0.0,-0.0008333472224535399,0.9996776792908971,-8.058017727639034e-05
81768,31.859697661627692,0.9983883964544722,560,681,1241,-0.0008058017727639033,-0.0008333472224535399,0.9995165189363444,-0.00016116035455278067
81769,31.85886431440524,0.9983883964544722,560,681,1241,0.0,-0.0008333472224535399,0.9993553585817917,-0.00016116035455278067
81770,31.858030967182785,0.9991941982272361,560,681,1241,0.0008058017727639033,-0.0008333472224535399,0.9992747784045154,-8.058017727639034e-05
81771,31.85719761996033,0.9991941982272361,560,681,1241,0.0,-0.0008333472224535399,0.999194198227239,-8.058017727639034e-05
81772,31.856364272737878,1.0,560,681,1241,0.0008058017727639033,-0.0008333472224535399,0.999194198227239,0.0
81773,31.855530925515424,0.9991941982272361,560,681,1241,-0.0008058017727639033,-0.0008333472224535399,0.999194198227239,0.0
81774,31.85469757829297,0.9991941982272361,560,681,1241,0.0,-0.0008333472224535399,0.9991136180499627,-8.058017727639034e-05
81775,31.853864231070517,0.9991941982272361,560,681,1241,0.0,-0.0008333472224535399,0.9991136180499627,0.0
81776,31.853030883848064,0.9991941982272361,560,681,1241,0.0,-0.0008333472224535399,0.9991136180499627,0.0
81777,31.85219753662561,1.0,560,681,1241,0.0008058017727639033,-0.0008333472224535399,0.999194198227239,8.058017727639034e-05
81778,31.851364189403157,1.0,560,681,1241,0.0,-0.0008333472224535399,0.9993553585817917,0.00016116035455278067
81779,31.850530842180703,1.0,560,681,1241,0.0,-0.0008333472224535399,0.9995165189363444,0.00016116035455278067
81780,31.84969749495825,1.0,560,681,1241,0.0,-0.0008333472224535399,0.9995970991136207,8.058017727639034e-05
81781,31.848864147735796,1.0,560,681,1241,0.0,-0.0008333472224535399,0.9996776792908971,8.058017727639034e-05
81782,31.848030800513342,1.0,560,681,1241,0.0,-0.0008333472224535399,0.9996776792908971,0.0
81783,31.84719745329089,1.0,560,681,1241,0.0,-0.0008333472224535399,0.9997582594681734,8.058017727639034e-05
81784,31.846364106068435,1.0,560,681,1241,0.0,-0.0008333472224535399,0.9998388396454498,8.058017727639034e-05
81785,31.84553075884598,1.0,560,681,1241,0.0,-0.0008333472224535399,0.9999194198227261,8.058017727639034e-05
81786,31.844697411623525,1.0,560,681,1241,0.0,-0.0008333472224570926,1.0000000000000024,8.058017727639034e-05
81787,31.84386406440107,1.0,560,681,1241,0.0,-0.0008333472224535399,1.0000000000000024,0.0
81788,31.843030717178618,0.9991941982272361,560,681,1241,-0.0008058017727639033,-0.0008333472224535399,0.9999194198227261,-8.058017727639034e-05
81789,31.842197369956164,1.0,560,681,1241,0.0008058017727639033,-0.0008333472224535399,0.9999194198227261,0.0
81790,31.84136402273371,1.0,560,681,1241,0.0,-0.0008333472224535399,0.9999194198227261,0.0
81791,31.840530675511257,1.0,560,681,1241,0.0,-0.0008333472224535399,0.9999194198227261,0.0
81792,31.839697328288803,1.0,560,681,1241,0.0,-0.0008333472224535399,0.9999194198227261,0.0
81793,31.83886398106635,1.0,560,681,1241,0.0,-0.0008333472224535399,0.9999194198227261,0.0
81794,31.838030633843896,1.0,560,681,1241,0.0,-0.0008333472224535399,0.9999194198227261,0.0
81795,31.837197286621443,0.9991941982272361,560,681,1241,-0.0008058017727639033,-0.0008333472224535399,0.9998388396454498,-8.058017727639034e-05
81796,31.83636393939899,1.0,560,681,1241,0.0008058017727639033,-0.0008333472224535399,0.9998388396454498,0.0
81797,31.835530592176536,1.0,560,681,1241,0.0,-0.0008333472224535399,0.9998388396454498,0.0
81798,31.834697244954082,1.0,560,681,1241,0.0,-0.0008333472224535399,0.9999194198227261,8.058017727639034e-05
81799,31.83386389773163,1.0,560,681,1241,0.0,-0.0008333472224535399,0.9999194198227261,0.0
81800,31.833030550509175,1.0,560,681,1241,0.0,-0.0008333472224535399,0.9999194198227261,0.0
81801,31.83219720328672,0.9991941982272361,560,681,1241,-0.0008058017727639033,-0.0008333472224535399,0.9998388396454498,-8.058017727639034e-05
81802,31.831363856064268,0.9991941982272361,560,681,1241,0.0,-0.0008333472224535399,0.9997582594681734,-8.058017727639034e-05
81803,31.830530508841814,0.9991941982272361,560,681,1241,0.0,-0.0008333472224535399,0.9996776792908971,-8.058017727639034e-05
81804,31.82969716161936,1.0,560,681,1241,0.0008058017727639033,-0.0008333472224535399,0.9996776792908971,0.0
81805,31.828863814396907,1.0,560,681,1241,0.0,-0.0008333472224535399,0.9997582594681734,8.058017727639034e-05
81806,31.828030467174454,1.0,560,681,1241,0.0,-0.0008333472224535399,0.9997582594681734,0.0
81807,31.827197119951997,1.0,560,681,1241,0.0,-0.0008333472224570926,0.9997582594681734,0.0
81808,31.826363772729543,1.0,560,681,1241,0.0,-0.0008333472224535399,0.9997582594681734,0.0
81809,31.82553042550709,1.0,560,681,1241,0.0,-0.0008333472224535399,0.9997582594681734,0.0
81810,31.824697078284636,1.0,560,681,1241,0.0,-0.0008333472224535399,0.9997582594681734,0.0
81811,31.823863731062183,1.0,560,681,1241,0.0,-0.0008333472224535399,0.9998388396454498,8.058017727639034e-05
81812,31.82303038383973,1.0,560,681,1241,0.0,-0.0008333472224535399,0.9999194198227261,8.058017727639034e-05
81813,31.822197036617276,1.0,560,681,1241,0.0,-0.0008333472224535399,1.0000000000000024,8.058017727639034e-05
81814,31.821363689394822,1.0,560,681,1241,0.0,-0.0008333472224535399,1.0000000000000024,0.0
81815,31.82053034217237,0.9991941982272361,560,681,1241,-0.0008058017727639033,-0.0008333472224535399,0.9999194198227261,-8.058017727639034e-05
81816,31.819696994949915,0.9991941982272361,560,681,1241,0.0,-0.0008333472224535399,0.9998388396454498,-8.058017727639034e-05
81817,31.81886364772746,0.9991941982272361,560,681,1241,0.0,-0.0008333472224535399,0.9997582594681734,-8.058017727639034e-05
81818,31.818030300505008,0.9991941982272361,560,681,1241,0.0,-0.0008333472224535399,0.9996776792908971,-8.058017727639034e-05
81819,31.817196953282554,1.0,560,681,1241,0.0008058017727639033,-0.0008333472224535399,0.9996776792908971,0.0
81820,31.8163636060601,1.0,560,681,1241,0.0,-0.0008333472224535399,0.9996776792908971,0.0
81821,31.815530258837647,1.0,560,681,1241,0.0,-0.0008333472224535399,0.9996776792908971,0.0
81822,31.814696911615194,1.0,560,681,1241,0.0,-0.0008333472224535399,0.9996776792908971,0.0
81823,31.81386356439274,1.0,560,681,1241,0.0,-0.0008333472224535399,0.9996776792908971,0.0
81824,31.813030217170287,1.0,560,681,1241,0.0,-0.0008333472224535399,0.9996776792908971,0.0
81825,31.812196869947833,1.0,560,681,1241,0.0,-0.0008333472224535399,0.9997582594681734,8.058017727639034e-05
81826,31.81136352272538,1.0,560,681,1241,0.0,-0.0008333472224535399,0.9998388396454498,8.058017727639034e-05
81827,31.810530175502926,1.0,560,681,1241,0.0,-0.0008333472224535399,0.9999194198227261,8.058017727639034e-05
81828,31.80969682828047,1.0,560,681,1241,0.0,-0.0008333472224570926,1.0000000000000024,8.058017727639034e-05
81829,31.808863481058015,1.0,560,681,1241,0.0,-0.0008333472224535399,1.0000000000000024,0.0
81830,31.80803013383556,1.0,560,681,1241,0.0,-0.0008333472224535399,1.0000000000000024,0.0
81831,31.80719678661311,1.0,560,681,1241,0.0,-0.0008333472224535399,1.0000000000000024,0.0
81832,31.806363439390655,1.0,560,681,1241,0.0,-0.0008333472224535399,1.0000000000000024,0.0
81833,31.8055300921682,0.9991941982272361,560,681,1241,-0.0008058017727639033,-0.0008333472224535399,0.9999194198227261,-8.058017727639034e-05
81834,31.804696744945748,0.9975825946817083,560,681,1241,-0.0016116035455278066,-0.0008333472224535399,0.9996776792908969,-0.00024174053182917098
81835,31.803863397723294,0.9975825946817083,560,681,1241,0.0,-0.0008333472224535399,0.9994359387590677,-0.00024174053182917098
81836,31.80303005050084,0.9983883964544722,560,681,1241,0.0008058017727639033,-0.0008333472224535399,0.9992747784045151,-0.00016116035455278067
81837,31.802196703278387,0.9991941982272361,560,681,1241,0.0008058017727639033,-0.0008333472224535399,0.9991941982272387,-8.058017727639034e-05
81838,31.801363356055933,0.9991941982272361,560,681,1241,0.0,-0.0008333472224535399,0.9991136180499623,-8.058017727639034e-05
81839,31.80053000883348,0.9991941982272361,560,681,1241,0.0,-0.0008333472224535399,0.9990330378726859,-8.058017727639034e-05
81840,31.799696661611026,0.9991941982272361,560,681,1241,0.0,-0.0008333472224535399,0.9989524576954096,-8.058017727639034e-05
81841,31.798863314388573,1.0,560,681,1241,0.0008058017727639033,-0.0008333472224535399,0.9989524576954096,0.0
81842,31.79802996716612,0.9991941982272361,560,681,1241,-0.0008058017727639033,-0.0008333472224535399,0.9988718775181333,-8.058017727639034e-05
81843,31.797196619943666,0.9991941982272361,560,681,1241,0.0,-0.0008333472224535399,0.9988718775181333,0.0
81844,31.796363272721212,0.9991941982272361,560,681,1241,0.0,-0.0008333472224535399,0.9990330378726862,0.00016116035455278067
81845,31.79552992549876,0.9991941982272361,560,681,1241,0.0,-0.0008333472224535399,0.999194198227239,0.00016116035455278067
81846,31.794696578276305,1.0,560,681,1241,0.0008058017727639033,-0.0008333472224535399,0.9993553585817917,0.00016116035455278067
81847,31.79386323105385,1.0,560,681,1241,0.0,-0.0008333472224535399,0.9994359387590681,8.058017727639034e-05
81848,31.793029883831398,1.0,560,681,1241,0.0,-0.0008333472224535399,0.9995165189363444,8.058017727639034e-05
81849,31.79219653660894,1.0,560,681,1241,0.0,-0.0008333472224570926,0.9995970991136207,8.058017727639034e-05
81850,31.791363189386487,1.0,560,681,1241,0.0,-0.0008333472224535399,0.9996776792908971,8.058017727639034e-05
81851,31.790529842164034,1.0,560,681,1241,0.0,-0.0008333472224535399,0.9996776792908971,0.0
81852,31.78969649494158,1.0,560,681,1241,0.0,-0.0008333472224535399,0.9997582594681734,8.058017727639034e-05
81853,31.788863147719127,1.0,560,681,1241,0.0,-0.0008333472224535399,0.9998388396454498,8.058017727639034e-05
81854,31.788029800496673,1.0,560,681,1241,0.0,-0.0008333472224535399,0.9999194198227261,8.058017727639034e-05
81855,31.78719645327422,1.0,560,681,1241,0.0,-0.0008333472224535399,1.0000000000000024,8.058017727639034e-05
81856,31.786363106051766,0.9991941982272361,560,681,1241,-0.0008058017727639033,-0.0008333472224535399,0.9999194198227261,-8.058017727639034e-05
81857,31.785529758829313,1.0,560,681,1241,0.0008058017727639033,-0.0008333472224535399,0.9999194198227261,0.0
81858,31.78469641160686,1.0,560,681,1241,0.0,-0.0008333472224535399,0.9999194198227261,0.0
81859,31.783863064384406,1.0,560,681,1241,0.0,-0.0008333472224535399,0.9999194198227261,0.0
81860,31.783029717161952,1.0,560,681,1241,0.0,-0.0008333472224535399,0.9999194198227261,0.0
81861,31.7821963699395,1.0,560,681,1241,0.0,-0.0008333472224535399,0.9999194198227261,0.0
81862,31.781363022717045,1.0,560,681,1241,0.0,-0.0008333472224535399,0.9999194198227261,0.0
81863,31.78052967549459,1.0,560,681,1241,0.0,-0.0008333472224535399,0.9999194198227261,0.0
81864,31.779696328272138,1.0,560,681,1241,0.0,-0.0008333472224535399,0.9999194198227261,0.0
81865,31.778862981049684,1.0,560,681,1241,0.0,-0.0008333472224535399,0.9999194198227261,0.0
81866,31.77802963382723,1.0,560,681,1241,0.0,-0.0008333472224535399,1.0000000000000024,8.058017727639034e-05
81867,31.777196286604777,1.0,560,681,1241,0.0,-0.0008333472224535399,1.0000000000000024,0.0
81868,31.776362939382324,1.0,560,681,1241,0.0,-0.0008333472224535399,1.0000000000000024,0.0
81869,31.77552959215987,1.0,560,681,1241,0.0,-0.0008333472224535399,1.0000000000000024,0.0
81870,31.774696244937417,1.0,560,681,1241,0.0,-0.0008333472224535399,1.0000000000000024,0.0
81871,31.77386289771496,1.0,560,681,1241,0.0,-0.0008333472224570926,1.0000000000000024,0.0
81872,31.773029550492506,1.0,560,681,1241,0.0,-0.0008333472224535399,1.0000000000000024,0.0
81873,31.772196203270052,1.0,560,681,1241,0.0,-0.0008333472224535399,1.0000000000000024,0.0
81874,31.7713628560476,1.0,560,681,1241,0.0,-0.0008333472224535399,1.0000000000000024,0.0
81875,31.770529508825145,1.0,560,681,1241,0.0,-0.0008333472224535399,1.0000000000000024,0.0
81876,31.769696161602692,1.0,560,681,1241,0.0,-0.0008333472224535399,1.0000000000000024,0.0
81877,31.76886281438024,1.0,560,681,1241,0.0,-0.0008333472224535399,1.0000000000000024,0.0
81878,31.768029467157785,1.0,560,681,1241,0.0,-0.0008333472224535399,1.0000000000000024,0.0
81879,31.76719611993533,1.0,560,681,1241,0.0,-0.0008333472224535399,1.0000000000000024,0.0
81880,31.766362772712878,1.0,560,681,1241,0.0,-0.0008333472224535399,1.0000000000000024,0.0
81881,31.765529425490424,1.0,560,681,1241,0.0,-0.0008333472224535399,1.0000000000000024,0.0
81882,31.76469607826797,1.0,560,681,1241,0.0,-0.0008333472224535399,1.0000000000000024,0.0
81883,31.763862731045517,1.0,560,681,1241,0.0,-0.0008333472224535399,1.0000000000000024,0.0
81884,31.763029383823064,1.0,560,681,1241,0.0,-0.0008333472224535399,1.0000000000000024,0.0
81885,31.76219603660061,1.0,560,681,1241,0.0,-0.0008333472224535399,1.0000000000000024,0.0
81886,31.761362689378156,1.0,560,681,1241,0.0,-0.0008333472224535399,1.0000000000000024,0.0
81887,31.760529342155703,1.0,560,681,1241,0.0,-0.0008333472224535399,1.0000000000000024,0.0
81888,31.75969599493325,1.0,560,681,1241,0.0,-0.0008333472224535399,1.0000000000000024,0.0
81889,31.758862647710796,1.0,560,681,1241,0.0,-0.0008333472224535399,1.0000000000000024,0.0
81890,31.758029300488342,1.0,560,681,1241,0.0,-0.0008333472224535399,1.0000000000000024,0.0
81891,31.75719595326589,1.0,560,681,1241,0.0,-0.0008333472224535399,1.0000000000000024,0.0
81892,31.75636260604343,1.0,560,681,1241,0.0,-0.0008333472224570926,1.0000000000000024,0.0
81893,31.755529258820978,1.0,560,681,1241,0.0,-0.0008333472224535399,1.0000000000000024,0.0
81894,31.754695911598525,0.9991941982272361,560,681,1241,-0.0008058017727639033,-0.0008333472224535399,0.9999194198227261,-8.058017727639034e-05
81895,31.75386256437607,1.0,560,681,1241,0.0008058017727639033,-0.0008333472224535399,0.9999194198227261,0.0
81896,31.753029217153617,1.0,560,681,1241,0.0,-0.0008333472224535399,0.9999194198227261,0.0
81897,31.752195869931164,1.0,560,681,1241,0.0,-0.0008333472224535399,0.9999194198227261,0.0
81898,31.75136252270871,0.9991941982272361,560,681,1241,-0.0008058017727639033,-0.0008333472224535399,0.9998388396454498,-8.058017727639034e-05
81899,31.750529175486257,0.9983883964544722,560,681,1241,-0.0008058017727639033,-0.0008333472224535399,0.9996776792908971,-0.00016116035455278067
81900,31.749695828263803,1.0,560,681,1241,0.0016116035455278066,-0.0008333472224535399,0.9996776792908971,0.0
81901,31.74886248104135,1.0,560,681,1241,0.0,-0.0008333472224535399,0.9996776792908971,0.0
81902,31.748029133818896,1.0,560,681,1241,0.0,-0.0008333472224535399,0.9996776792908971,0.0
81903,31.747195786596443,1.0,560,681,1241,0.0,-0.0008333472224535399,0.9996776792908971,0.0
81904,31.74636243937399,1.0,560,681,1241,0.0,-0.0008333472224535399,0.9997582594681734,8.058017727639034e-05
81905,31.745529092151536,1.0,560,681,1241,0.0,-0.0008333472224535399,0.9997582594681734,0.0
81906,31.744695744929082,1.0,560,681,1241,0.0,-0.0008333472224535399,0.9997582594681734,0.0
81907,31.74386239770663,1.0,560,681,1241,0.0,-0.0008333472224535399,0.9997582594681734,0.0
81908,31.743029050484175,1.0,560,681,1241,0.0,-0.0008333472224535399,0.9998388396454498,8.058017727639034e-05
81909,31.74219570326172,1.0,560,681,1241,0.0,-0.0008333472224535399,1.0000000000000024,0.00016116035455278067
81910,31.741362356039268,1.0,560,681,1241,0.0,-0.0008333472224535399,1.0000000000000024,0.0
81911,31.740529008816814,1.0,560,681,1241,0.0,-0.0008333472224535399,1.0000000000000024,0.0
81912,31.73969566159436,1.0,560,681,1241,0.0,-0.0008333472224535399,1.0000000000000024,0.0
81913,31.738862314371904,1.0,560,681,1241,0.0,-0.0008333472224570926,1.0000000000000024,0.0
81914,31.73802896714945,1.0,560,681,1241,0.0,-0.0008333472224535399,1.0000000000000024,0.0
81915,31.737195619926997,1.0,560,681,1241,0.0,-0.0008333472224535399,1.0000000000000024,0.0
81916,31.736362272704543,1.0,560,681,1241,0.0,-0.0008333472224535399,1.0000000000000024,0.0
81917,31.73552892548209,1.0,560,681,1241,0.0,-0.0008333472224535399,1.0000000000000024,0.0
81918,31.734695578259636,1.0,560,681,1241,0.0,-0.0008333472224535399,1.0000000000000024,0.0
81919,31.733862231037183,1.0,560,681,1241,0.0,-0.0008333472224535399,1.0000000000000024,0.0
81920,31.73302888381473,1.0,560,681,1241,0.0,-0.0008333472224535399,1.0000000000000024,0.0
81921,31.732195536592275,1.0,560,681,1241,0.0,-0.0008333472224535399,1.0000000000000024,0.0
81922,31.731362189369822,1.0,560,681,1241,0.0,-0.0008333472224535399,1.0000000000000024,0.0
81923,31.73052884214737,1.0,560,681,1241,0.0,-0.0008333472224535399,1.0000000000000024,0.0
81924,31.729695494924915,1.0,560,681,1241,0.0,-0.0008333472224535399,1.0000000000000024,0.0
81925,31.72886214770246,0.9991941982272361,560,681,1241,-0.0008058017727639033,-0.0008333472224535399,0.9999194198227261,-8.058017727639034e-05
81926,31.728028800480008,0.9991941982272361,560,681,1241,0.0,-0.0008333472224535399,0.9998388396454498,-8.058017727639034e-05
81927,31.727195453257554,0.9991941982272361,560,681,1241,0.0,-0.0008333472224535399,0.9997582594681734,-8.058017727639034e-05
81928,31.7263621060351,1.0,560,681,1241,0.0008058017727639033,-0.0008333472224535399,0.9997582594681734,0.0
81929,31.725528758812647,1.0,560,681,1241,0.0,-0.0008333472224535399,0.9997582594681734,0.0
81930,31.724695411590194,1.0,560,681,1241,0.0,-0.0008333472224535399,0.9997582594681734,0.0
81931,31.72386206436774,1.0,560,681,1241,0.0,-0.0008333472224535399,0.9997582594681734,0.0
81932,31.723028717145286,1.0,560,681,1241,0.0,-0.0008333472224535399,0.9997582594681734,0.0
81933,31.722195369922833,1.0,560,681,1241,0.0,-0.0008333472224535399,0.9997582594681734,0.0
81934,31.721362022700376,1.0,560,681,1241,0.0,-0.0008333472224570926,0.9997582594681734,0.0
81935,31.720528675477922,1.0,560,681,1241,0.0,-0.0008333472224535399,0.9998388396454498,8.058017727639034e-05
81936,31.71969532825547,1.0,560,681,1241,0.0,-0.0008333472224535399,0.9999194198227261,8.058017727639034e-05
81937,31.718861981033015,1.0,560,681,1241,0.0,-0.0008333472224535399,1.0000000000000024,8.058017727639034e-05
81938,31.71802863381056,1.0,560,681,1241,0.0,-0.0008333472224535399,1.0000000000000024,0.0
81939,31.717195286588108,1.0,560,681,1241,0.0,-0.0008333472224535399,1.0000000000000024,0.0
81940,31.716361939365655,1.0,560,681,1241,0.0,-0.0008333472224535399,1.0000000000000024,0.0
81941,31.7155285921432,1.0,560,681,1241,0.0,-0.0008333472224535399,1.0000000000000024,0.0
81942,31.714695244920748,1.0,560,681,1241,0.0,-0.0008333472224535399,1.0000000000000024,0.0
81943,31.713861897698294,1.0,560,681,1241,0.0,-0.0008333472224535399,1.0000000000000024,0.0
81944,31.71302855047584,1.0,560,681,1241,0.0,-0.0008333472224535399,1.0000000000000024,0.0
81945,31.712195203253387,1.0,560,681,1241,0.0,-0.0008333472224535399,1.0000000000000024,0.0
81946,31.711361856030933,1.0,560,681,1241,0.0,-0.0008333472224535399,1.0000000000000024,0.0
81947,31.71052850880848,1.0,560,681,1241,0.0,-0.0008333472224535399,1.0000000000000024,0.0
81948,31.709695161586026,1.0,560,681,1241,0.0,-0.0008333472224535399,1.0000000000000024,0.0
81949,31.708861814363573,1.0,560,681,1241,0.0,-0.0008333472224535399,1.0000000000000024,0.0
81950,31.70802846714112,1.0,560,681,1241,0.0,-0.0008333472224535399,1.0000000000000024,0.0
81951,31.707195119918666,1.0,560,681,1241,0.0,-0.0008333472224535399,1.0000000000000024,0.0
81952,31.706361772696212,1.0,560,681,1241,0.0,-0.0008333472224535399,1.0000000000000024,0.0
81953,31.70552842547376,1.0,560,681,1241,0.0,-0.0008333472224535399,1.0000000000000024,0.0
81954,31.704695078251305,1.0,560,681,1241,0.0,-0.0008333472224535399,1.0000000000000024,0.0
81955,31.703861731028848,1.0,560,681,1241,0.0,-0.0008333472224570926,1.0000000000000024,0.0
81956,31.703028383806394,1.0,560,681,1241,0.0,-0.0008333472224535399,1.0000000000000024,0.0
81957,31.70219503658394,1.0,560,681,1241,0.0,-0.0008333472224535399,1.0000000000000024,0.0
81958,31.701361689361487,1.0,560,681,1241,0.0,-0.0008333472224535399,1.0000000000000024,0.0
81959,31.700528342139034,1.0,560,681,1241,0.0,-0.0008333472224535399,1.0000000000000024,0.0
81960,31.69969499491658,1.0,560,681,1241,0.0,-0.0008333472224535399,1.0000000000000024,0.0
81961,31.698861647694127,1.0,560,681,1241,0.0,-0.0008333472224535399,1.0000000000000024,0.0
81962,31.698028300471673,1.0,560,681,1241,0.0,-0.0008333472224535399,1.0000000000000024,0.0
81963,31.69719495324922,1.0,560,681,1241,0.0,-0.0008333472224535399,1.0000000000000024,0.0
81964,31.696361606026766,1.0,560,681,1241,0.0,-0.0008333472224535399,1.0000000000000024,0.0
81965,31.695528258804313,1.0,560,681,1241,0.0,-0.0008333472224535399,1.0000000000000024,0.0
81966,31.69469491158186,1.0,560,681,1241,0.0,-0.0008333472224535399,1.0000000000000024,0.0
81967,31.693861564359405,1.0,560,681,1241,0.0,-0.0008333472224535399,1.0000000000000024,0.0
81968,31.693028217136952,1.0,560,681,1241,0.0,-0.0008333472224535399,1.0000000000000024,0.0
81969,31.6921948699145,1.0,560,681,1241,0.0,-0.0008333472224535399,1.0000000000000024,0.0
81970,31.691361522692045,1.0,560,681,1241,0.0,-0.0008333472224535399,1.0000000000000024,0.0
81971,31.69052817546959,1.0,560,681,1241,0.0,-0.0008333472224535399,1.0000000000000024,0.0
81972,31.689694828247138,1.0,560,681,1241,0.0,-0.0008333472224535399,1.0000000000000024,0.0
81973,31.688861481024684,1.0,560,681,1241,0.0,-0.0008333472224535399,1.0000000000000024,0.0
81974,31.68802813380223,1.0,560,681,1241,0.0,-0.0008333472224535399,1.0000000000000024,0.0
81975,31.687194786579777,1.0,560,681,1241,0.0,-0.0008333472224535399,1.0000000000000024,0.0
81976,31.68636143935732,1.0,560,681,1241,0.0,-0.0008333472224570926,1.0000000000000024,0.0
81977,31.685528092134867,1.0,560,681,1241,0.0,-0.0008333472224535399,1.0000000000000024,0.0
81978,31.684694744912413,1.0,560,681,1241,0.0,-0.0008333472224535399,1.0000000000000024,0.0
81979,31.68386139768996,1.0,560,681,1241,0.0,-0.0008333472224535399,1.0000000000000024,0.0
81980,31.683028050467506,1.0,560,681,1241,0.0,-0.0008333472224535399,1.0000000000000024,0.0
81981,31.682194703245052,1.0,560,681,1241,0.0,-0.0008333472224535399,1.0000000000000024,0.0
81982,31.6813613560226,1.0,560,681,1241,0.0,-0.0008333472224535399,1.0000000000000024,0.0
81983,31.680528008800145,1.0,560,681,1241,0.0,-0.0008333472224535399,1.0000000000000024,0.0
81984,31.67969466157769,1.0,560,681,1241,0.0,-0.0008333472224535399,1.0000000000000024,0.0
81985,31.678861314355238,0.9991941982272361,560,681,1241,-0.0008058017727639033,-0.0008333472224535399,0.9999194198227261,-8.058017727639034e-05
81986,31.678027967132785,0.9991941982272361,560,681,1241,0.0,-0.0008333472224535399,0.9998388396454498,-8.058017727639034e-05
81987,31.67719461991033,0.9991941982272361,560,681,1241,0.0,-0.0008333472224535399,0.9997582594681734,-8.058017727639034e-05
81988,31.676361272687878,0.9991941982272361,560,681,1241,0.0,-0.0008333472224535399,0.9996776792908971,-8.058017727639034e-05
81989,31.675527925465424,0.9991941982272361,560,681,1241,0.0,-0.0008333472224535399,0.9995970991136207,-8.058017727639034e-05
81990,31.67469457824297,0.9991941982272361,560,681,1241,0.0,-0.0008333472224535399,0.9995165189363444,-8.058017727639034e-05
81991,31.673861231020517,1.0,560,681,1241,0.0008058017727639033,-0.0008333472224535399,0.9995165189363444,0.0
81992,31.673027883798063,1.0,560,681,1241,0.0,-0.0008333472224535399,0.9995165189363444,0.0
81993,31.67219453657561,1.0,560,681,1241,0.0,-0.0008333472224535399,0.9995165189363444,0.0
81994,31.671361189353156,1.0,560,681,1241,0.0,-0.0008333472224535399,0.9995165189363444,0.0
81995,31.670527842130703,1.0,560,681,1241,0.0,-0.0008333472224535399,0.9995970991136207,8.058017727639034e-05
81996,31.66969449490825,1.0,560,681,1241,0.0,-0.0008333472224535399,0.9996776792908971,8.058017727639034e-05
81997,31.668861147685796,1.0,560,681,1241,0.0,-0.0008333472224535399,0.9997582594681734,8.058017727639034e-05
81998,31.66802780046334,1.0,560,681,1241,0.0,-0.0008333472224570926,0.9998388396454498,8.058017727639034e-05
81999,31.667194453240885,1.0,560,681,1241,0.0,-0.0008333472224535399,0.9999194198227261,8.058017727639034e-05
82000,31.66636110601843,1.0,560,681,1241,0.0,-0.0008333472224535399,1.0000000000000024,8.058017727639034e-05
82001,31.665527758795978,1.0,560,681,1241,0.0,-0.0008333472224535399,1.0000000000000024,0.0
82002,31.664694411573524,0.9991941982272361,560,681,1241,-0.0008058017727639033,-0.0008333472224535399,0.9999194198227261,-8.058017727639034e-05
82003,31.66386106435107,0.9991941982272361,560,681,1241,0.0,-0.0008333472224535399,0.9998388396454498,-8.058017727639034e-05
82004,31.663027717128617,0.9991941982272361,560,681,1241,0.0,-0.0008333472224535399,0.9997582594681734,-8.058017727639034e-05
82005,31.662194369906164,0.9991941982272361,560,681,1241,0.0,-0.0008333472224535399,0.9996776792908971,-8.058017727639034e-05
82006,31.66136102268371,1.0,560,681,1241,0.0008058017727639033,-0.0008333472224535399,0.9996776792908971,0.0
82007,31.660527675461257,1.0,560,681,1241,0.0,-0.0008333472224535399,0.9996776792908971,0.0
82008,31.659694328238803,1.0,560,681,1241,0.0,-0.0008333472224535399,0.9996776792908971,0.0
82009,31.65886098101635,1.0,560,681,1241,0.0,-0.0008333472224535399,0.9996776792908971,0.0
82010,31.658027633793896,1.0,560,681,1241,0.0,-0.0008333472224535399,0.9996776792908971,0.0
82011,31.657194286571443,1.0,560,681,1241,0.0,-0.0008333472224535399,0.9996776792908971,0.0
82012,31.65636093934899,1.0,560,681,1241,0.0,-0.0008333472224535399,0.9997582594681734,8.058017727639034e-05
82013,31.655527592126536,1.0,560,681,1241,0.0,-0.0008333472224535399,0.9998388396454498,8.058017727639034e-05
82014,31.654694244904082,1.0,560,681,1241,0.0,-0.0008333472224535399,0.9999194198227261,8.058017727639034e-05
82015,31.65386089768163,1.0,560,681,1241,0.0,-0.0008333472224535399,1.0000000000000024,8.058017727639034e-05
82016,31.653027550459175,1.0,560,681,1241,0.0,-0.0008333472224535399,1.0000000000000024,0.0
82017,31.65219420323672,1.0,560,681,1241,0.0,-0.0008333472224535399,1.0000000000000024,0.0
82018,31.651360856014268,0.9991941982272361,560,681,1241,-0.0008058017727639033,-0.0008333472224535399,0.9999194198227261,-8.058017727639034e-05
82019,31.65052750879181,0.9991941982272361,560,681,1241,0.0,-0.0008333472224570926,0.9998388396454498,-8.058017727639034e-05
82020,31.649694161569357,0.9991941982272361,560,681,1241,0.0,-0.0008333472224535399,0.9997582594681734,-8.058017727639034e-05
82021,31.648860814346904,0.9991941982272361,560,681,1241,0.0,-0.0008333472224535399,0.9996776792908971,-8.058017727639034e-05
82022,31.64802746712445,1.0,560,681,1241,0.0008058017727639033,-0.0008333472224535399,0.9996776792908971,0.0
82023,31.647194119901997,1.0,560,681,1241,0.0,-0.0008333472224535399,0.9996776792908971,0.0
82024,31.646360772679543,1.0,560,681,1241,0.0,-0.0008333472224535399,0.9996776792908971,0.0
82025,31.64552742545709,1.0,560,681,1241,0.0,-0.0008333472224535399,0.9996776792908971,0.0
82026,31.644694078234636,1.0,560,681,1241,0.0,-0.0008333472224535399,0.9996776792908971,0.0
82027,31.643860731012182,1.0,560,681,1241,0.0,-0.0008333472224535399,0.9996776792908971,0.0
82028,31.64302738378973,1.0,560,681,1241,0.0,-0.0008333472224535399,0.9997582594681734,8.058017727639034e-05
82029,31.642194036567275,1.0,560,681,1241,0.0,-0.0008333472224535399,0.9998388396454498,8.058017727639034e-05
82030,31.641360689344822,1.0,560,681,1241,0.0,-0.0008333472224535399,0.9999194198227261,8.058017727639034e-05
82031,31.64052734212237,1.0,560,681,1241,0.0,-0.0008333472224535399,1.0000000000000024,8.058017727639034e-05
82032,31.639693994899915,1.0,560,681,1241,0.0,-0.0008333472224535399,1.0000000000000024,0.0
82033,31.63886064767746,1.0,560,681,1241,0.0,-0.0008333472224535399,1.0000000000000024,0.0
82034,31.638027300455008,1.0,560,681,1241,0.0,-0.0008333472224535399,1.0000000000000024,0.0
82035,31.637193953232554,1.0,560,681,1241,0.0,-0.0008333472224535399,1.0000000000000024,0.0
82036,31.6363606060101,1.0,560,681,1241,0.0,-0.0008333472224535399,1.0000000000000024,0.0
82037,31.635527258787647,1.0,560,681,1241,0.0,-0.0008333472224535399,1.0000000000000024,0.0
82038,31.634693911565194,1.0,560,681,1241,0.0,-0.0008333472224535399,1.0000000000000024,0.0
82039,31.63386056434274,1.0,560,681,1241,0.0,-0.0008333472224535399,1.0000000000000024,0.0
82040,31.633027217120283,1.0,560,681,1241,0.0,-0.0008333472224570926,1.0000000000000024,0.0
82041,31.63219386989783,1.0,560,681,1241,0.0,-0.0008333472224535399,1.0000000000000024,0.0
82042,31.631360522675376,1.0,560,681,1241,0.0,-0.0008333472224535399,1.0000000000000024,0.0
82043,31.630527175452922,1.0,560,681,1241,0.0,-0.0008333472224535399,1.0000000000000024,0.0
82044,31.62969382823047,1.0,560,681,1241,0.0,-0.0008333472224535399,1.0000000000000024,0.0
82045,31.628860481008015,1.0,560,681,1241,0.0,-0.0008333472224535399,1.0000000000000024,0.0
82046,31.62802713378556,1.0,560,681,1241,0.0,-0.0008333472224535399,1.0000000000000024,0.0
82047,31.627193786563108,1.0,560,681,1241,0.0,-0.0008333472224535399,1.0000000000000024,0.0
82048,31.626360439340655,1.0,560,681,1241,0.0,-0.0008333472224535399,1.0000000000000024,0.0
82049,31.6255270921182,1.0,560,681,1241,0.0,-0.0008333472224535399,1.0000000000000024,0.0
82050,31.624693744895747,1.0,560,681,1241,0.0,-0.0008333472224535399,1.0000000000000024,0.0
82051,31.623860397673294,1.0,560,681,1241,0.0,-0.0008333472224535399,1.0000000000000024,0.0
82052,31.62302705045084,1.0,560,681,1241,0.0,-0.0008333472224535399,1.0000000000000024,0.0
82053,31.622193703228387,1.0,560,681,1241,0.0,-0.0008333472224535399,1.0000000000000024,0.0
82054,31.621360356005933,0.9991941982272361,560,681,1241,-0.0008058017727639033,-0.0008333472224535399,0.9999194198227261,-8.058017727639034e-05
82055,31.62052700878348,1.0,560,681,1241,0.0008058017727639033,-0.0008333472224535399,0.9999194198227261,0.0
82056,31.619693661561026,1.0,560,681,1241,0.0,-0.0008333472224535399,0.9999194198227261,0.0
82057,31.618860314338573,1.0,560,681,1241,0.0,-0.0008333472224535399,0.9999194198227261,0.0
82058,31.61802696711612,1.0,560,681,1241,0.0,-0.0008333472224535399,0.9999194198227261,0.0
82059,31.617193619893666,1.0,560,681,1241,0.0,-0.0008333472224535399,0.9999194198227261,0.0
82060,31.616360272671212,1.0,560,681,1241,0.0,-0.0008333472224535399,0.9999194198227261,0.0
82061,31.615526925448755,1.0,560,681,1241,0.0,-0.0008333472224570926,0.9999194198227261,0.0
82062,31.6146935782263,1.0,560,681,1241,0.0,-0.0008333472224535399,0.9999194198227261,0.0
82063,31.613860231003848,0.9991941982272361,560,681,1241,-0.0008058017727639033,-0.0008333472224535399,0.9998388396454498,-8.058017727639034e-05
82064,31.613026883781394,1.0,560,681,1241,0.0008058017727639033,-0.0008333472224535399,0.9999194198227261,8.058017727639034e-05
82065,31.61219353655894,0.9991941982272361,560,681,1241,-0.0008058017727639033,-0.0008333472224535399,0.9998388396454498,-8.058017727639034e-05
82066,31.611360189336487,0.9991941982272361,560,681,1241,0.0,-0.0008333472224535399,0.9997582594681734,-8.058017727639034e-05
82067,31.610526842114034,0.9991941982272361,560,681,1241,0.0,-0.0008333472224535399,0.9996776792908971,-8.058017727639034e-05
82068,31.60969349489158,0.9991941982272361,560,681,1241,0.0,-0.0008333472224535399,0.9995970991136207,-8.058017727639034e-05
82069,31.608860147669127,0.9991941982272361,560,681,1241,0.0,-0.0008333472224535399,0.9995165189363444,-8.058017727639034e-05
82070,31.608026800446673,0.9991941982272361,560,681,1241,0.0,-0.0008333472224535399,0.9994359387590681,-8.058017727639034e-05
82071,31.60719345322422,0.9991941982272361,560,681,1241,0.0,-0.0008333472224535399,0.9993553585817917,-8.058017727639034e-05
82072,31.606360106001766,1.0,560,681,1241,0.0008058017727639033,-0.0008333472224535399,0.9993553585817917,0.0
82073,31.605526758779313,1.0,560,681,1241,0.0,-0.0008333472224535399,0.9994359387590681,8.058017727639034e-05
82074,31.60469341155686,1.0,560,681,1241,0.0,-0.0008333472224535399,0.9994359387590681,0.0
82075,31.603860064334405,1.0,560,681,1241,0.0,-0.0008333472224535399,0.9995165189363444,8.058017727639034e-05
82076,31.603026717111952,1.0,560,681,1241,0.0,-0.0008333472224535399,0.9995970991136207,8.058017727639034e-05
82077,31.6021933698895,1.0,560,681,1241,0.0,-0.0008333472224535399,0.9996776792908971,8.058017727639034e-05
82078,31.601360022667045,1.0,560,681,1241,0.0,-0.0008333472224535399,0.9997582594681734,8.058017727639034e-05
82079,31.60052667544459,1.0,560,681,1241,0.0,-0.0008333472224535399,0.9998388396454498,8.058017727639034e-05
82080,31.599693328222138,1.0,560,681,1241,0.0,-0.0008333472224535399,0.9999194198227261,8.058017727639034e-05
82081,31.598859980999684,1.0,560,681,1241,0.0,-0.0008333472224535399,1.0000000000000024,8.058017727639034e-05
82082,31.598026633777227,1.0,560,681,1241,0.0,-0.0008333472224570926,1.0000000000000024,0.0
82083,31.597193286554774,1.0,560,681,1241,0.0,-0.0008333472224535399,1.0000000000000024,0.0
82084,31.59635993933232,1.0,560,681,1241,0.0,-0.0008333472224535399,1.0000000000000024,0.0
82085,31.595526592109866,1.0,560,681,1241,0.0,-0.0008333472224535399,1.0000000000000024,0.0
82086,31.594693244887413,1.0,560,681,1241,0.0,-0.0008333472224535399,1.0000000000000024,0.0
82087,31.59385989766496,1.0,560,681,1241,0.0,-0.0008333472224535399,1.0000000000000024,0.0
82088,31.593026550442506,1.0,560,681,1241,0.0,-0.0008333472224535399,1.0000000000000024,0.0
82089,31.592193203220052,1.0,560,681,1241,0.0,-0.0008333472224535399,1.0000000000000024,0.0
82090,31.5913598559976,1.0,560,681,1241,0.0,-0.0008333472224535399,1.0000000000000024,0.0
82091,31.590526508775145,1.0,560,681,1241,0.0,-0.0008333472224535399,1.0000000000000024,0.0
82092,31.58969316155269,1.0,560,681,1241,0.0,-0.0008333472224535399,1.0000000000000024,0.0
82093,31.588859814330238,1.0,560,681,1241,0.0,-0.0008333472224535399,1.0000000000000024,0.0
82094,31.588026467107785,1.0,560,681,1241,0.0,-0.0008333472224535399,1.0000000000000024,0.0
82095,31.58719311988533,1.0,560,681,1241,0.0,-0.0008333472224535399,1.0000000000000024,0.0
82096,31.586359772662878,1.0,560,681,1241,0.0,-0.0008333472224535399,1.0000000000000024,0.0
82097,31.585526425440424,1.0,560,681,1241,0.0,-0.0008333472224535399,1.0000000000000024,0.0
82098,31.58469307821797,1.0,560,681,1241,0.0,-0.0008333472224535399,1.0000000000000024,0.0
82099,31.583859730995517,1.0,560,681,1241,0.0,-0.0008333472224535399,1.0000000000000024,0.0
82100,31.583026383773063,1.0,560,681,1241,0.0,-0.0008333472224535399,1.0000000000000024,0.0
82101,31.58219303655061,1.0,560,681,1241,0.0,-0.0008333472224535399,1.0000000000000024,0.0
82102,31.581359689328156,1.0,560,681,1241,0.0,-0.0008333472224535399,1.0000000000000024,0.0
82103,31.580526342105703,1.0,560,681,1241,0.0,-0.0008333472224535399,1.0000000000000024,0.0
82104,31.579692994883246,1.0,560,681,1241,0.0,-0.0008333472224570926,1.0000000000000024,0.0
82105,31.578859647660792,1.0,560,681,1241,0.0,-0.0008333472224535399,1.0000000000000024,0.0
82106,31.57802630043834,1.0,560,681,1241,0.0,-0.0008333472224535399,1.0000000000000024,0.0
82107,31.577192953215885,0.9991941982272361,560,681,1241,-0.0008058017727639033,-0.0008333472224535399,0.9999194198227261,-8.058017727639034e-05
82108,31.57635960599343,0.9991941982272361,560,681,1241,0.0,-0.0008333472224535399,0.9998388396454498,-8.058017727639034e-05
82109,31.575526258770978,1.0,560,681,1241,0.0008058017727639033,-0.0008333472224535399,0.9998388396454498,0.0
82110,31.574692911548524,1.0,560,681,1241,0.0,-0.0008333472224535399,0.9998388396454498,0.0
82111,31.57385956432607,1.0,560,681,1241,0.0,-0.0008333472224535399,0.9998388396454498,0.0
82112,31.573026217103617,1.0,560,681,1241,0.0,-0.0008333472224535399,0.9998388396454498,0.0
82113,31.572192869881164,1.0,560,681,1241,0.0,-0.0008333472224535399,0.9998388396454498,0.0
82114,31.57135952265871,1.0,560,681,1241,0.0,-0.0008333472224535399,0.9998388396454498,0.0
82115,31.570526175436257,1.0,560,681,1241,0.0,-0.0008333472224535399,0.9998388396454498,0.0
82116,31.569692828213803,1.0,560,681,1241,0.0,-0.0008333472224535399,0.9998388396454498,0.0
82117,31.56885948099135,0.9991941982272361,560,681,1241,-0.0008058017727639033,-0.0008333472224535399,0.9998388396454498,0.0
82118,31.568026133768896,1.0,560,681,1241,0.0008058017727639033,-0.0008333472224535399,0.9999194198227261,8.058017727639034e-05
82119,31.567192786546443,1.0,560,681,1241,0.0,-0.0008333472224535399,0.9999194198227261,0.0
82120,31.56635943932399,1.0,560,681,1241,0.0,-0.0008333472224535399,0.9999194198227261,0.0
82121,31.565526092101535,0.9991941982272361,560,681,1241,-0.0008058017727639033,-0.0008333472224535399,0.9998388396454498,-8.058017727639034e-05
82122,31.564692744879082,1.0,560,681,1241,0.0008058017727639033,-0.0008333472224535399,0.9998388396454498,0.0
82123,31.56385939765663,1.0,560,681,1241,0.0,-0.0008333472224535399,0.9998388396454498,0.0
82124,31.563026050434175,1.0,560,681,1241,0.0,-0.0008333472224535399,0.9998388396454498,0.0
82125,31.562192703211718,1.0,560,681,1241,0.0,-0.0008333472224570926,0.9998388396454498,0.0
82126,31.561359355989264,1.0,560,681,1241,0.0,-0.0008333472224535399,0.9998388396454498,0.0
82127,31.56052600876681,1.0,560,681,1241,0.0,-0.0008333472224535399,0.9999194198227261,8.058017727639034e-05
82128,31.559692661544357,1.0,560,681,1241,0.0,-0.0008333472224535399,0.9999194198227261,0.0
82129,31.558859314321904,0.9991941982272361,560,681,1241,-0.0008058017727639033,-0.0008333472224535399,0.9998388396454498,-8.058017727639034e-05
82130,31.55802596709945,0.9991941982272361,560,681,1241,0.0,-0.0008333472224535399,0.9997582594681734,-8.058017727639034e-05
82131,31.557192619876997,0.9991941982272361,560,681,1241,0.0,-0.0008333472224535399,0.9997582594681734,0.0
82132,31.556359272654543,0.9991941982272361,560,681,1241,0.0,-0.0008333472224535399,0.9996776792908971,-8.058017727639034e-05
82133,31.55552592543209,0.9991941982272361,560,681,1241,0.0,-0.0008333472224535399,0.9995970991136207,-8.058017727639034e-05
82134,31.554692578209636,1.0,560,681,1241,0.0008058017727639033,-0.0008333472224535399,0.9995970991136207,0.0
82135,31.553859230987182,1.0,560,681,1241,0.0,-0.0008333472224535399,0.9995970991136207,0.0
82136,31.55302588376473,0.9991941982272361,560,681,1241,-0.0008058017727639033,-0.0008333472224535399,0.9995165189363444,-8.058017727639034e-05
82137,31.552192536542275,0.9991941982272361,560,681,1241,0.0,-0.0008333472224535399,0.9994359387590681,-8.058017727639034e-05
82138,31.55135918931982,0.9991941982272361,560,681,1241,0.0,-0.0008333472224535399,0.9993553585817917,-8.058017727639034e-05
82139,31.550525842097368,0.9991941982272361,560,681,1241,0.0,-0.0008333472224535399,0.9993553585817917,0.0
82140,31.549692494874915,0.9991941982272361,560,681,1241,0.0,-0.0008333472224535399,0.9993553585817917,0.0
82141,31.54885914765246,0.9991941982272361,560,681,1241,0.0,-0.0008333472224535399,0.9993553585817917,0.0
82142,31.548025800430008,1.0,560,681,1241,0.0008058017727639033,-0.0008333472224535399,0.9994359387590681,8.058017727639034e-05
82143,31.547192453207554,1.0,560,681,1241,0.0,-0.0008333472224535399,0.9995165189363444,8.058017727639034e-05
82144,31.5463591059851,0.9991941982272361,560,681,1241,-0.0008058017727639033,-0.0008333472224535399,0.9994359387590681,-8.058017727639034e-05
82145,31.545525758762647,1.0,560,681,1241,0.0008058017727639033,-0.0008333472224535399,0.9994359387590681,0.0
82146,31.54469241154019,1.0,560,681,1241,0.0,-0.0008333472224570926,0.9995165189363444,8.058017727639034e-05
82147,31.543859064317736,1.0,560,681,1241,0.0,-0.0008333472224535399,0.9995970991136207,8.058017727639034e-05
82148,31.543025717095283,1.0,560,681,1241,0.0,-0.0008333472224535399,0.9996776792908971,8.058017727639034e-05
82149,31.54219236987283,1.0,560,681,1241,0.0,-0.0008333472224535399,0.9997582594681734,8.058017727639034e-05
82150,31.541359022650376,1.0,560,681,1241,0.0,-0.0008333472224535399,0.9998388396454498,8.058017727639034e-05
82151,31.540525675427922,1.0,560,681,1241,0.0,-0.0008333472224535399,0.9999194198227261,8.058017727639034e-05
82152,31.53969232820547,1.0,560,681,1241,0.0,-0.0008333472224535399,0.9999194198227261,0.0
82153,31.538858980983015,1.0,560,681,1241,0.0,-0.0008333472224535399,0.9999194198227261,0.0
82154,31.53802563376056,1.0,560,681,1241,0.0,-0.0008333472224535399,1.0000000000000024,8.058017727639034e-05
82155,31.537192286538108,1.0,560,681,1241,0.0,-0.0008333472224535399,1.0000000000000024,0.0
82156,31.536358939315654,1.0,560,681,1241,0.0,-0.0008333472224535399,1.0000000000000024,0.0
82157,31.5355255920932,1.0,560,681,1241,0.0,-0.0008333472224535399,1.0000000000000024,0.0
82158,31.534692244870747,1.0,560,681,1241,0.0,-0.0008333472224535399,1.0000000000000024,0.0
82159,31.533858897648294,1.0,560,681,1241,0.0,-0.0008333472224535399,1.0000000000000024,0.0
82160,31.53302555042584,1.0,560,681,1241,0.0,-0.0008333472224535399,1.0000000000000024,0.0
82161,31.532192203203387,1.0,560,681,1241,0.0,-0.0008333472224535399,1.0000000000000024,0.0
82162,31.531358855980933,1.0,560,681,1241,0.0,-0.0008333472224535399,1.0000000000000024,0.0
82163,31.53052550875848,0.9991941982272361,560,681,1241,-0.0008058017727639033,-0.0008333472224535399,0.9999194198227261,-8.058017727639034e-05
82164,31.529692161536026,0.9991941982272361,560,681,1241,0.0,-0.0008333472224535399,0.9998388396454498,-8.058017727639034e-05
82165,31.528858814313573,1.0,560,681,1241,0.0008058017727639033,-0.0008333472224535399,0.9998388396454498,0.0
82166,31.52802546709112,1.0,560,681,1241,0.0,-0.0008333472224535399,0.9998388396454498,0.0
82167,31.527192119868662,0.9991941982272361,560,681,1241,-0.0008058017727639033,-0.0008333472224570926,0.9997582594681734,-8.058017727639034e-05
82168,31.52635877264621,0.9991941982272361,560,681,1241,0.0,-0.0008333472224535399,0.9996776792908971,-8.058017727639034e-05
82169,31.525525425423755,0.9991941982272361,560,681,1241,0.0,-0.0008333472224535399,0.9995970991136207,-8.058017727639034e-05
82170,31.5246920782013,1.0,560,681,1241,0.0008058017727639033,-0.0008333472224535399,0.9995970991136207,0.0
82171,31.523858730978848,1.0,560,681,1241,0.0,-0.0008333472224535399,0.9995970991136207,0.0
82172,31.523025383756394,1.0,560,681,1241,0.0,-0.0008333472224535399,0.9995970991136207,0.0
82173,31.52219203653394,1.0,560,681,1241,0.0,-0.0008333472224535399,0.9996776792908971,8.058017727639034e-05
82174,31.521358689311487,1.0,560,681,1241,0.0,-0.0008333472224535399,0.9997582594681734,8.058017727639034e-05
82175,31.520525342089034,1.0,560,681,1241,0.0,-0.0008333472224535399,0.9997582594681734,0.0
82176,31.51969199486658,0.9991941982272361,560,681,1241,-0.0008058017727639033,-0.0008333472224535399,0.9996776792908971,-8.058017727639034e-05
82177,31.518858647644127,0.9991941982272361,560,681,1241,0.0,-0.0008333472224535399,0.9996776792908971,0.0
82178,31.518025300421673,0.9991941982272361,560,681,1241,0.0,-0.0008333472224535399,0.9996776792908971,0.0
82179,31.51719195319922,0.9991941982272361,560,681,1241,0.0,-0.0008333472224535399,0.9996776792908971,0.0
82180,31.516358605976766,0.9991941982272361,560,681,1241,0.0,-0.0008333472224535399,0.9995970991136207,-8.058017727639034e-05
82181,31.515525258754312,0.9991941982272361,560,681,1241,0.0,-0.0008333472224535399,0.9995165189363444,-8.058017727639034e-05
82182,31.51469191153186,0.9991941982272361,560,681,1241,0.0,-0.0008333472224535399,0.9994359387590681,-8.058017727639034e-05
82183,31.513858564309405,0.9991941982272361,560,681,1241,0.0,-0.0008333472224535399,0.9993553585817917,-8.058017727639034e-05
82184,31.513025217086952,1.0,560,681,1241,0.0008058017727639033,-0.0008333472224535399,0.9993553585817917,0.0
82185,31.5121918698645,1.0,560,681,1241,0.0,-0.0008333472224535399,0.9993553585817917,0.0
82186,31.511358522642045,1.0,560,681,1241,0.0,-0.0008333472224535399,0.9994359387590681,8.058017727639034e-05
82187,31.51052517541959,1.0,560,681,1241,0.0,-0.0008333472224535399,0.9995165189363444,8.058017727639034e-05
82188,31.509691828197134,1.0,560,681,1241,0.0,-0.0008333472224570926,0.9995970991136207,8.058017727639034e-05
82189,31.50885848097468,1.0,560,681,1241,0.0,-0.0008333472224535399,0.9996776792908971,8.058017727639034e-05
82190,31.508025133752227,1.0,560,681,1241,0.0,-0.0008333472224535399,0.9997582594681734,8.058017727639034e-05
82191,31.507191786529773,1.0,560,681,1241,0.0,-0.0008333472224535399,0.9998388396454498,8.058017727639034e-05
82192,31.50635843930732,1.0,560,681,1241,0.0,-0.0008333472224535399,0.9999194198227261,8.058017727639034e-05
82193,31.505525092084866,1.0,560,681,1241,0.0,-0.0008333472224535399,1.0000000000000024,8.058017727639034e-05
82194,31.504691744862413,1.0,560,681,1241,0.0,-0.0008333472224535399,1.0000000000000024,0.0
82195,31.50385839763996,1.0,560,681,1241,0.0,-0.0008333472224535399,1.0000000000000024,0.0
82196,31.503025050417506,0.9991941982272361,560,681,1241,-0.0008058017727639033,-0.0008333472224535399,0.9999194198227261,-8.058017727639034e-05
82197,31.502191703195052,0.9991941982272361,560,681,1241,0.0,-0.0008333472224535399,0.9998388396454498,-8.058017727639034e-05
82198,31.5013583559726,0.9991941982272361,560,681,1241,0.0,-0.0008333472224535399,0.9997582594681734,-8.058017727639034e-05
82199,31.500525008750145,0.9991941982272361,560,681,1241,0.0,-0.0008333472224535399,0.9996776792908971,-8.058017727639034e-05
82200,31.49969166152769,1.0,560,681,1241,0.0008058017727639033,-0.0008333472224535399,0.9996776792908971,0.0
82201,31.498858314305238,1.0,560,681,1241,0.0,-0.0008333472224535399,0.9996776792908971,0.0
82202,31.498024967082785,1.0,560,681,1241,0.0,-0.0008333472224535399,0.9996776792908971,0.0
82203,31.49719161986033,1.0,560,681,1241,0.0,-0.0008333472224535399,0.9996776792908971,0.0
82204,31.496358272637877,1.0,560,681,1241,0.0,-0.0008333472224535399,0.9996776792908971,0.0
82205,31.495524925415424,1.0,560,681,1241,0.0,-0.0008333472224535399,0.9996776792908971,0.0
82206,31.49469157819297,1.0,560,681,1241,0.0,-0.0008333472224535399,0.9997582594681734,8.058017727639034e-05
82207,31.493858230970517,0.9991941982272361,560,681,1241,-0.0008058017727639033,-0.0008333472224535399,0.9997582594681734,0.0
82208,31.493024883748063,0.9991941982272361,560,681,1241,0.0,-0.0008333472224535399,0.9997582594681734,0.0
82209,31.492191536525606,0.9983883964544722,560,681,1241,-0.0008058017727639033,-0.0008333472224570926,0.9996776792908971,-8.058017727639034e-05
82210,31.491358189303153,0.9983883964544722,560,681,1241,0.0,-0.0008333472224535399,0.9995165189363444,-0.00016116035455278067
82211,31.4905248420807,0.9991941982272361,560,681,1241,0.0008058017727639033,-0.0008333472224535399,0.9994359387590681,-8.058017727639034e-05
82212,31.489691494858246,1.0,560,681,1241,0.0008058017727639033,-0.0008333472224535399,0.9994359387590681,0.0
82213,31.488858147635792,1.0,560,681,1241,0.0,-0.0008333472224535399,0.9994359387590681,0.0
82214,31.48802480041334,1.0,560,681,1241,0.0,-0.0008333472224535399,0.9994359387590681,0.0
82215,31.487191453190885,1.0,560,681,1241,0.0,-0.0008333472224535399,0.9994359387590681,0.0
82216,31.48635810596843,1.0,560,681,1241,0.0,-0.0008333472224535399,0.9994359387590681,0.0
82217,31.485524758745978,1.0,560,681,1241,0.0,-0.0008333472224535399,0.9995165189363444,8.058017727639034e-05
82218,31.484691411523524,1.0,560,681,1241,0.0,-0.0008333472224535399,0.9995970991136207,8.058017727639034e-05
82219,31.48385806430107,1.0,560,681,1241,0.0,-0.0008333472224535399,0.9997582594681734,0.00016116035455278067
82220,31.483024717078617,1.0,560,681,1241,0.0,-0.0008333472224535399,0.9999194198227261,0.00016116035455278067
82221,31.482191369856164,1.0,560,681,1241,0.0,-0.0008333472224535399,1.0000000000000024,8.058017727639034e-05
82222,31.48135802263371,1.0,560,681,1241,0.0,-0.0008333472224535399,1.0000000000000024,0.0
82223,31.480524675411257,1.0,560,681,1241,0.0,-0.0008333472224535399,1.0000000000000024,0.0
82224,31.479691328188803,1.0,560,681,1241,0.0,-0.0008333472224535399,1.0000000000000024,0.0
82225,31.47885798096635,1.0,560,681,1241,0.0,-0.0008333472224535399,1.0000000000000024,0.0
82226,31.478024633743896,1.0,560,681,1241,0.0,-0.0008333472224535399,1.0000000000000024,0.0
82227,31.477191286521442,1.0,560,681,1241,0.0,-0.0008333472224535399,1.0000000000000024,0.0
82228,31.47635793929899,1.0,560,681,1241,0.0,-0.0008333472224535399,1.0000000000000024,0.0
82229,31.475524592076535,1.0,560,681,1241,0.0,-0.0008333472224535399,1.0000000000000024,0.0
82230,31.474691244854082,1.0,560,681,1241,0.0,-0.0008333472224535399,1.0000000000000024,0.0
82231,31.473857897631625,0.9983883964544722,560,681,1241,-0.0016116035455278066,-0.0008333472224570926,0.9998388396454498,-0.00016116035455278067
82232,31.47302455040917,0.9991941982272361,560,681,1241,0.0008058017727639033,-0.0008333472224535399,0.9997582594681734,-8.058017727639034e-05
82233,31.472191203186718,0.9983883964544722,560,681,1241,-0.0008058017727639033,-0.0008333472224535399,0.9995970991136207,-0.00016116035455278067
82234,31.471357855964264,0.9983883964544722,560,681,1241,0.0,-0.0008333472224535399,0.9994359387590681,-0.00016116035455278067
82235,31.47052450874181,1.0,560,681,1241,0.0016116035455278066,-0.0008333472224535399,0.9994359387590681,0.0
82236,31.469691161519357,1.0,560,681,1241,0.0,-0.0008333472224535399,0.9994359387590681,0.0
82237,31.468857814296904,1.0,560,681,1241,0.0,-0.0008333472224535399,0.9994359387590681,0.0
82238,31.46802446707445,1.0,560,681,1241,0.0,-0.0008333472224535399,0.9994359387590681,0.0
82239,31.467191119851996,1.0,560,681,1241,0.0,-0.0008333472224535399,0.9994359387590681,0.0
82240,31.466357772629543,1.0,560,681,1241,0.0,-0.0008333472224535399,0.9994359387590681,0.0
82241,31.46552442540709,1.0,560,681,1241,0.0,-0.0008333472224535399,0.9995970991136207,0.00016116035455278067
82242,31.464691078184636,1.0,560,681,1241,0.0,-0.0008333472224535399,0.9996776792908971,8.058017727639034e-05
82243,31.463857730962182,1.0,560,681,1241,0.0,-0.0008333472224535399,0.9998388396454498,0.00016116035455278067
82244,31.46302438373973,1.0,560,681,1241,0.0,-0.0008333472224535399,1.0000000000000024,0.00016116035455278067
82245,31.462191036517275,1.0,560,681,1241,0.0,-0.0008333472224535399,1.0000000000000024,0.0
82246,31.46135768929482,1.0,560,681,1241,0.0,-0.0008333472224535399,1.0000000000000024,0.0
82247,31.460524342072368,1.0,560,681,1241,0.0,-0.0008333472224535399,1.0000000000000024,0.0
82248,31.459690994849915,1.0,560,681,1241,0.0,-0.0008333472224535399,1.0000000000000024,0.0
82249,31.45885764762746,1.0,560,681,1241,0.0,-0.0008333472224535399,1.0000000000000024,0.0
82250,31.458024300405008,1.0,560,681,1241,0.0,-0.0008333472224535399,1.0000000000000024,0.0
82251,31.457190953182554,1.0,560,681,1241,0.0,-0.0008333472224535399,1.0000000000000024,0.0
82252,31.456357605960097,1.0,560,681,1241,0.0,-0.0008333472224570926,1.0000000000000024,0.0
82253,31.455524258737643,1.0,560,681,1241,0.0,-0.0008333472224535399,1.0000000000000024,0.0
82254,31.45469091151519,1.0,560,681,1241,0.0,-0.0008333472224535399,1.0000000000000024,0.0
82255,31.453857564292736,1.0,560,681,1241,0.0,-0.0008333472224535399,1.0000000000000024,0.0
82256,31.453024217070283,1.0,560,681,1241,0.0,-0.0008333472224535399,1.0000000000000024,0.0
82257,31.45219086984783,0.9991941982272361,560,681,1241,-0.0008058017727639033,-0.0008333472224535399,0.9999194198227261,-8.058017727639034e-05
82258,31.451357522625376,0.9991941982272361,560,681,1241,0.0,-0.0008333472224535399,0.9998388396454498,-8.058017727639034e-05
82259,31.450524175402922,1.0,560,681,1241,0.0008058017727639033,-0.0008333472224535399,0.9998388396454498,0.0
82260,31.44969082818047,0.9991941982272361,560,681,1241,-0.0008058017727639033,-0.0008333472224535399,0.9997582594681734,-8.058017727639034e-05
82261,31.448857480958015,0.9991941982272361,560,681,1241,0.0,-0.0008333472224535399,0.9996776792908971,-8.058017727639034e-05
82262,31.44802413373556,1.0,560,681,1241,0.0008058017727639033,-0.0008333472224535399,0.9996776792908971,0.0
82263,31.447190786513108,1.0,560,681,1241,0.0,-0.0008333472224535399,0.9996776792908971,0.0
82264,31.446357439290654,1.0,560,681,1241,0.0,-0.0008333472224535399,0.9996776792908971,0.0
82265,31.4455240920682,1.0,560,681,1241,0.0,-0.0008333472224535399,0.9996776792908971,0.0
82266,31.444690744845747,1.0,560,681,1241,0.0,-0.0008333472224535399,0.9996776792908971,0.0
82267,31.443857397623294,0.9991941982272361,560,681,1241,-0.0008058017727639033,-0.0008333472224535399,0.9996776792908971,0.0
82268,31.44302405040084,0.9991941982272361,560,681,1241,0.0,-0.0008333472224535399,0.9996776792908971,0.0
82269,31.442190703178387,0.9991941982272361,560,681,1241,0.0,-0.0008333472224535399,0.9995970991136207,-8.058017727639034e-05
82270,31.441357355955933,0.9991941982272361,560,681,1241,0.0,-0.0008333472224535399,0.9995970991136207,0.0
82271,31.44052400873348,1.0,560,681,1241,0.0008058017727639033,-0.0008333472224535399,0.9996776792908971,8.058017727639034e-05
82272,31.439690661511026,1.0,560,681,1241,0.0,-0.0008333472224535399,0.9996776792908971,0.0
82273,31.43885731428857,1.0,560,681,1241,0.0,-0.0008333472224570926,0.9996776792908971,0.0
82274,31.438023967066115,1.0,560,681,1241,0.0,-0.0008333472224535399,0.9996776792908971,0.0
82275,31.437190619843662,1.0,560,681,1241,0.0,-0.0008333472224535399,0.9996776792908971,0.0
82276,31.43635727262121,1.0,560,681,1241,0.0,-0.0008333472224535399,0.9996776792908971,0.0
82277,31.435523925398755,0.9991941982272361,560,681,1241,-0.0008058017727639033,-0.0008333472224535399,0.9996776792908971,0.0
82278,31.4346905781763,0.9991941982272361,560,681,1241,0.0,-0.0008333472224535399,0.9996776792908971,0.0
82279,31.433857230953848,0.9991941982272361,560,681,1241,0.0,-0.0008333472224535399,0.9996776792908971,0.0
82280,31.433023883731394,1.0,560,681,1241,0.0008058017727639033,-0.0008333472224535399,0.9997582594681734,8.058017727639034e-05
82281,31.43219053650894,1.0,560,681,1241,0.0,-0.0008333472224535399,0.9997582594681734,0.0
82282,31.431357189286487,1.0,560,681,1241,0.0,-0.0008333472224535399,0.9997582594681734,0.0
82283,31.430523842064034,1.0,560,681,1241,0.0,-0.0008333472224535399,0.9997582594681734,0.0
82284,31.42969049484158,0.9991941982272361,560,681,1241,-0.0008058017727639033,-0.0008333472224535399,0.9996776792908971,-8.058017727639034e-05
82285,31.428857147619127,0.9991941982272361,560,681,1241,0.0,-0.0008333472224535399,0.9995970991136207,-8.058017727639034e-05
82286,31.428023800396673,0.9991941982272361,560,681,1241,0.0,-0.0008333472224535399,0.9995165189363444,-8.058017727639034e-05
82287,31.42719045317422,0.9991941982272361,560,681,1241,0.0,-0.0008333472224535399,0.9995165189363444,0.0
82288,31.426357105951766,0.9991941982272361,560,681,1241,0.0,-0.0008333472224535399,0.9995165189363444,0.0
82289,31.425523758729312,0.9991941982272361,560,681,1241,0.0,-0.0008333472224535399,0.9995165189363444,0.0
82290,31.42469041150686,0.9991941982272361,560,681,1241,0.0,-0.0008333472224535399,0.9994359387590681,-8.058017727639034e-05
82291,31.423857064284405,1.0,560,681,1241,0.0008058017727639033,-0.0008333472224535399,0.9994359387590681,0.0
82292,31.42302371706195,1.0,560,681,1241,0.0,-0.0008333472224535399,0.9994359387590681,0.0
82293,31.422190369839498,0.9991941982272361,560,681,1241,-0.0008058017727639033,-0.0008333472224535399,0.9993553585817917,-8.058017727639034e-05
82294,31.42135702261704,0.9991941982272361,560,681,1241,0.0,-0.0008333472224570926,0.9993553585817917,0.0
82295,31.420523675394588,0.9991941982272361,560,681,1241,0.0,-0.0008333472224535399,0.9993553585817917,0.0
82296,31.419690328172134,0.9991941982272361,560,681,1241,0.0,-0.0008333472224535399,0.9993553585817917,0.0
82297,31.41885698094968,0.9991941982272361,560,681,1241,0.0,-0.0008333472224535399,0.9993553585817917,0.0
82298,31.418023633727227,0.9991941982272361,560,681,1241,0.0,-0.0008333472224535399,0.9993553585817917,0.0
82299,31.417190286504773,0.9991941982272361,560,681,1241,0.0,-0.0008333472224535399,0.9993553585817917,0.0
82300,31.41635693928232,0.9991941982272361,560,681,1241,0.0,-0.0008333472224535399,0.9993553585817917,0.0
82301,31.415523592059866,0.9991941982272361,560,681,1241,0.0,-0.0008333472224535399,0.9992747784045154,-8.058017727639034e-05
82302,31.414690244837413,0.9991941982272361,560,681,1241,0.0,-0.0008333472224535399,0.999194198227239,-8.058017727639034e-05
82303,31.41385689761496,0.9991941982272361,560,681,1241,0.0,-0.0008333472224535399,0.999194198227239,0.0
82304,31.413023550392506,0.9991941982272361,560,681,1241,0.0,-0.0008333472224535399,0.999194198227239,0.0
82305,31.412190203170052,0.9991941982272361,560,681,1241,0.0,-0.0008333472224535399,0.999194198227239,0.0
82306,31.4113568559476,1.0,560,681,1241,0.0008058017727639033,-0.0008333472224535399,0.9992747784045154,8.058017727639034e-05
82307,31.410523508725145,1.0,560,681,1241,0.0,-0.0008333472224535399,0.9993553585817917,8.058017727639034e-05
82308,31.40969016150269,0.9991941982272361,560,681,1241,-0.0008058017727639033,-0.0008333472224535399,0.9993553585817917,0.0
82309,31.408856814280238,0.9991941982272361,560,681,1241,0.0,-0.0008333472224535399,0.9993553585817917,0.0
82310,31.408023467057784,0.9991941982272361,560,681,1241,0.0,-0.0008333472224535399,0.9993553585817917,0.0
82311,31.40719011983533,1.0,560,681,1241,0.0008058017727639033,-0.0008333472224535399,0.9994359387590681,8.058017727639034e-05
82312,31.406356772612877,1.0,560,681,1241,0.0,-0.0008333472224535399,0.9995165189363444,8.058017727639034e-05
82313,31.405523425390424,0.9991941982272361,560,681,1241,-0.0008058017727639033,-0.0008333472224535399,0.9995165189363444,0.0
82314,31.40469007816797,0.9991941982272361,560,681,1241,0.0,-0.0008333472224535399,0.9995165189363444,0.0
82315,31.403856730945513,0.9991941982272361,560,681,1241,0.0,-0.0008333472224570926,0.9995165189363444,0.0
82316,31.40302338372306,0.9991941982272361,560,681,1241,0.0,-0.0008333472224535399,0.9994359387590681,-8.058017727639034e-05
82317,31.402190036500606,0.9991941982272361,560,681,1241,0.0,-0.0008333472224535399,0.9993553585817917,-8.058017727639034e-05
82318,31.401356689278153,0.9983883964544722,560,681,1241,-0.0008058017727639033,-0.0008333472224535399,0.9992747784045154,-8.058017727639034e-05
82319,31.4005233420557,0.9983883964544722,560,681,1241,0.0,-0.0008333472224535399,0.999194198227239,-8.058017727639034e-05
82320,31.399689994833246,0.9991941982272361,560,681,1241,0.0008058017727639033,-0.0008333472224535399,0.999194198227239,0.0
82321,31.398856647610792,0.9991941982272361,560,681,1241,0.0,-0.0008333472224535399,0.9991136180499627,-8.058017727639034e-05
82322,31.39802330038834,0.9991941982272361,560,681,1241,0.0,-0.0008333472224535399,0.9990330378726864,-8.058017727639034e-05
82323,31.397189953165885,0.9991941982272361,560,681,1241,0.0,-0.0008333472224535399,0.9990330378726864,0.0
82324,31.39635660594343,0.9983883964544722,560,681,1241,-0.0008058017727639033,-0.0008333472224535399,0.99895245769541,-8.058017727639034e-05
82325,31.395523258720978,0.9991941982272361,560,681,1241,0.0008058017727639033,-0.0008333472224535399,0.99895245769541,0.0
82326,31.394689911498524,0.9991941982272361,560,681,1241,0.0,-0.0008333472224535399,0.99895245769541,0.0
82327,31.39385656427607,1.0,560,681,1241,0.0008058017727639033,-0.0008333472224535399,0.9990330378726864,8.058017727639034e-05
82328,31.393023217053617,1.0,560,681,1241,0.0,-0.0008333472224535399,0.999194198227239,0.00016116035455278067
82329,31.392189869831164,1.0,560,681,1241,0.0,-0.0008333472224535399,0.9993553585817917,0.00016116035455278067
82330,31.39135652260871,0.9983883964544722,560,681,1241,-0.0016116035455278066,-0.0008333472224535399,0.9992747784045154,-8.058017727639034e-05
82331,31.390523175386257,0.9991941982272361,560,681,1241,0.0008058017727639033,-0.0008333472224535399,0.9992747784045154,0.0
82332,31.389689828163803,1.0,560,681,1241,0.0008058017727639033,-0.0008333472224535399,0.9993553585817917,8.058017727639034e-05
82333,31.38885648094135,1.0,560,681,1241,0.0,-0.0008333472224535399,0.9994359387590681,8.058017727639034e-05
82334,31.388023133718896,1.0,560,681,1241,0.0,-0.0008333472224535399,0.9995970991136207,0.00016116035455278067
82335,31.387189786496442,1.0,560,681,1241,0.0,-0.0008333472224535399,0.9996776792908971,8.058017727639034e-05
82336,31.38635643927399,1.0,560,681,1241,0.0,-0.0008333472224535399,0.9997582594681734,8.058017727639034e-05
82337,31.385523092051532,1.0,560,681,1241,0.0,-0.0008333472224570926,0.9997582594681734,0.0
82338,31.38468974482908,1.0,560,681,1241,0.0,-0.0008333472224535399,0.9997582594681734,0.0
82339,31.383856397606625,1.0,560,681,1241,0.0,-0.0008333472224535399,0.9997582594681734,0.0
82340,31.38302305038417,1.0,560,681,1241,0.0,-0.0008333472224535399,0.9999194198227261,0.00016116035455278067
82341,31.382189703161718,1.0,560,681,1241,0.0,-0.0008333472224535399,1.0000000000000024,8.058017727639034e-05
82342,31.381356355939264,1.0,560,681,1241,0.0,-0.0008333472224535399,1.0000000000000024,0.0
82343,31.38052300871681,0.9991941982272361,560,681,1241,-0.0008058017727639033,-0.0008333472224535399,0.9999194198227261,-8.058017727639034e-05
82344,31.379689661494357,0.9991941982272361,560,681,1241,0.0,-0.0008333472224535399,0.9998388396454498,-8.058017727639034e-05
82345,31.378856314271903,0.9991941982272361,560,681,1241,0.0,-0.0008333472224535399,0.9997582594681734,-8.058017727639034e-05
82346,31.37802296704945,1.0,560,681,1241,0.0008058017727639033,-0.0008333472224535399,0.9997582594681734,0.0
82347,31.377189619826996,1.0,560,681,1241,0.0,-0.0008333472224535399,0.9997582594681734,0.0
82348,31.376356272604543,1.0,560,681,1241,0.0,-0.0008333472224535399,0.9997582594681734,0.0
82349,31.37552292538209,1.0,560,681,1241,0.0,-0.0008333472224535399,0.9997582594681734,0.0
82350,31.374689578159636,1.0,560,681,1241,0.0,-0.0008333472224535399,0.9997582594681734,0.0
82351,31.373856230937182,1.0,560,681,1241,0.0,-0.0008333472224535399,0.9997582594681734,0.0
82352,31.37302288371473,1.0,560,681,1241,0.0,-0.0008333472224535399,0.9997582594681734,0.0
82353,31.372189536492275,1.0,560,681,1241,0.0,-0.0008333472224535399,0.9998388396454498,8.058017727639034e-05
82354,31.37135618926982,1.0,560,681,1241,0.0,-0.0008333472224535399,0.9999194198227261,8.058017727639034e-05
82355,31.370522842047368,1.0,560,681,1241,0.0,-0.0008333472224535399,1.0000000000000024,8.058017727639034e-05
82356,31.369689494824915,1.0,560,681,1241,0.0,-0.0008333472224535399,1.0000000000000024,0.0
82357,31.36885614760246,1.0,560,681,1241,0.0,-0.0008333472224535399,1.0000000000000024,0.0
82358,31.368022800380004,1.0,560,681,1241,0.0,-0.0008333472224570926,1.0000000000000024,0.0
82359,31.36718945315755,1.0,560,681,1241,0.0,-0.0008333472224535399,1.0000000000000024,0.0
82360,31.366356105935097,1.0,560,681,1241,0.0,-0.0008333472224535399,1.0000000000000024,0.0
82361,31.365522758712643,1.0,560,681,1241,0.0,-0.0008333472224535399,1.0000000000000024,0.0
82362,31.36468941149019,1.0,560,681,1241,0.0,-0.0008333472224535399,1.0000000000000024,0.0
82363,31.363856064267736,1.0,560,681,1241,0.0,-0.0008333472224535399,1.0000000000000024,0.0
82364,31.363022717045283,0.9991941982272361,560,681,1241,-0.0008058017727639033,-0.0008333472224535399,0.9999194198227261,-8.058017727639034e-05
82365,31.36218936982283,0.9975825946817083,560,681,1241,-0.0016116035455278066,-0.0008333472224535399,0.9996776792908969,-0.00024174053182917098
82366,31.361356022600376,0.9975825946817083,560,681,1241,0.0,-0.0008333472224535399,0.9994359387590677,-0.00024174053182917098
82367,31.360522675377922,0.9983883964544722,560,681,1241,0.0008058017727639033,-0.0008333472224535399,0.9992747784045151,-0.00016116035455278067
82368,31.35968932815547,0.9983883964544722,560,681,1241,0.0,-0.0008333472224535399,0.9991136180499623,-0.00016116035455278067
82369,31.358855980933015,0.9991941982272361,560,681,1241,0.0008058017727639033,-0.0008333472224535399,0.9990330378726859,-8.058017727639034e-05
82370,31.35802263371056,1.0,560,681,1241,0.0008058017727639033,-0.0008333472224535399,0.9990330378726859,0.0
82371,31.357189286488108,1.0,560,681,1241,0.0,-0.0008333472224535399,0.9990330378726859,0.0
82372,31.356355939265654,1.0,560,681,1241,0.0,-0.0008333472224535399,0.9990330378726859,0.0
82373,31.3555225920432,1.0,560,681,1241,0.0,-0.0008333472224535399,0.9990330378726859,0.0
82374,31.354689244820747,1.0,560,681,1241,0.0,-0.0008333472224535399,0.9991136180499623,8.058017727639034e-05
82375,31.353855897598294,1.0,560,681,1241,0.0,-0.0008333472224535399,0.9993553585817916,0.00024174053182917098
82376,31.35302255037584,1.0,560,681,1241,0.0,-0.0008333472224535399,0.9995970991136207,0.00024174053182917098
82377,31.352189203153387,1.0,560,681,1241,0.0,-0.0008333472224535399,0.9997582594681734,0.00016116035455278067
82378,31.351355855930933,1.0,560,681,1241,0.0,-0.0008333472224535399,0.9999194198227261,0.00016116035455278067
82379,31.350522508708476,1.0,560,681,1241,0.0,-0.0008333472224570926,1.0000000000000024,8.058017727639034e-05
82380,31.349689161486022,1.0,560,681,1241,0.0,-0.0008333472224535399,1.0000000000000024,0.0
82381,31.34885581426357,1.0,560,681,1241,0.0,-0.0008333472224535399,1.0000000000000024,0.0
82382,31.348022467041115,1.0,560,681,1241,0.0,-0.0008333472224535399,1.0000000000000024,0.0
82383,31.347189119818662,1.0,560,681,1241,0.0,-0.0008333472224535399,1.0000000000000024,0.0
82384,31.34635577259621,1.0,560,681,1241,0.0,-0.0008333472224535399,1.0000000000000024,0.0
82385,31.345522425373755,1.0,560,681,1241,0.0,-0.0008333472224535399,1.0000000000000024,0.0
82386,31.3446890781513,1.0,560,681,1241,0.0,-0.0008333472224535399,1.0000000000000024,0.0
82387,31.343855730928848,0.9991941982272361,560,681,1241,-0.0008058017727639033,-0.0008333472224535399,0.9999194198227261,-8.058017727639034e-05
82388,31.343022383706394,1.0,560,681,1241,0.0008058017727639033,-0.0008333472224535399,0.9999194198227261,0.0
82389,31.34218903648394,1.0,560,681,1241,0.0,-0.0008333472224535399,0.9999194198227261,0.0
82390,31.341355689261487,1.0,560,681,1241,0.0,-0.0008333472224535399,0.9999194198227261,0.0
82391,31.340522342039034,1.0,560,681,1241,0.0,-0.0008333472224535399,0.9999194198227261,0.0
82392,31.33968899481658,1.0,560,681,1241,0.0,-0.0008333472224535399,0.9999194198227261,0.0
82393,31.338855647594126,1.0,560,681,1241,0.0,-0.0008333472224535399,0.9999194198227261,0.0
82394,31.338022300371673,1.0,560,681,1241,0.0,-0.0008333472224535399,0.9999194198227261,0.0
82395,31.33718895314922,1.0,560,681,1241,0.0,-0.0008333472224535399,0.9999194198227261,0.0
82396,31.336355605926766,1.0,560,681,1241,0.0,-0.0008333472224535399,0.9999194198227261,0.0
82397,31.335522258704312,1.0,560,681,1241,0.0,-0.0008333472224535399,1.0000000000000024,8.058017727639034e-05
82398,31.33468891148186,1.0,560,681,1241,0.0,-0.0008333472224535399,1.0000000000000024,0.0
82399,31.333855564259405,1.0,560,681,1241,0.0,-0.0008333472224535399,1.0000000000000024,0.0
82400,31.333022217036948,1.0,560,681,1241,0.0,-0.0008333472224570926,1.0000000000000024,0.0
82401,31.332188869814495,1.0,560,681,1241,0.0,-0.0008333472224535399,1.0000000000000024,0.0
82402,31.33135552259204,1.0,560,681,1241,0.0,-0.0008333472224535399,1.0000000000000024,0.0
82403,31.330522175369588,1.0,560,681,1241,0.0,-0.0008333472224535399,1.0000000000000024,0.0
82404,31.329688828147134,1.0,560,681,1241,0.0,-0.0008333472224535399,1.0000000000000024,0.0
82405,31.32885548092468,1.0,560,681,1241,0.0,-0.0008333472224535399,1.0000000000000024,0.0
82406,31.328022133702227,1.0,560,681,1241,0.0,-0.0008333472224535399,1.0000000000000024,0.0
82407,31.327188786479773,1.0,560,681,1241,0.0,-0.0008333472224535399,1.0000000000000024,0.0
82408,31.32635543925732,1.0,560,681,1241,0.0,-0.0008333472224535399,1.0000000000000024,0.0
82409,31.325522092034866,1.0,560,681,1241,0.0,-0.0008333472224535399,1.0000000000000024,0.0
82410,31.324688744812413,1.0,560,681,1241,0.0,-0.0008333472224535399,1.0000000000000024,0.0
82411,31.32385539758996,0.9991941982272361,560,681,1241,-0.0008058017727639033,-0.0008333472224535399,0.9999194198227261,-8.058017727639034e-05
82412,31.323022050367506,0.9991941982272361,560,681,1241,0.0,-0.0008333472224535399,0.9998388396454498,-8.058017727639034e-05
82413,31.322188703145052,0.9991941982272361,560,681,1241,0.0,-0.0008333472224535399,0.9997582594681734,-8.058017727639034e-05
82414,31.3213553559226,1.0,560,681,1241,0.0008058017727639033,-0.0008333472224535399,0.9997582594681734,0.0
82415,31.320522008700145,0.9991941982272361,560,681,1241,-0.0008058017727639033,-0.0008333472224535399,0.9996776792908971,-8.058017727639034e-05
82416,31.31968866147769,1.0,560,681,1241,0.0008058017727639033,-0.0008333472224535399,0.9996776792908971,0.0
82417,31.318855314255238,1.0,560,681,1241,0.0,-0.0008333472224535399,0.9996776792908971,0.0
82418,31.318021967032784,1.0,560,681,1241,0.0,-0.0008333472224535399,0.9996776792908971,0.0
82419,31.31718861981033,1.0,560,681,1241,0.0,-0.0008333472224535399,0.9996776792908971,0.0
82420,31.316355272587877,1.0,560,681,1241,0.0,-0.0008333472224535399,0.9996776792908971,0.0
82421,31.31552192536542,0.9991941982272361,560,681,1241,-0.0008058017727639033,-0.0008333472224570926,0.9996776792908971,0.0
82422,31.314688578142967,0.9991941982272361,560,681,1241,0.0,-0.0008333472224535399,0.9996776792908971,0.0
82423,31.313855230920513,0.9991941982272361,560,681,1241,0.0,-0.0008333472224535399,0.9996776792908971,0.0
82424,31.31302188369806,0.9991941982272361,560,681,1241,0.0,-0.0008333472224535399,0.9995970991136207,-8.058017727639034e-05
82425,31.312188536475606,0.9991941982272361,560,681,1241,0.0,-0.0008333472224535399,0.9995970991136207,0.0
82426,31.311355189253153,1.0,560,681,1241,0.0008058017727639033,-0.0008333472224535399,0.9995970991136207,0.0
82427,31.3105218420307,1.0,560,681,1241,0.0,-0.0008333472224535399,0.9995970991136207,0.0
82428,31.309688494808245,1.0,560,681,1241,0.0,-0.0008333472224535399,0.9995970991136207,0.0
82429,31.308855147585792,1.0,560,681,1241,0.0,-0.0008333472224535399,0.9995970991136207,0.0
82430,31.30802180036334,1.0,560,681,1241,0.0,-0.0008333472224535399,0.9995970991136207,0.0
82431,31.307188453140885,1.0,560,681,1241,0.0,-0.0008333472224535399,0.9996776792908971,8.058017727639034e-05
82432,31.30635510591843,1.0,560,681,1241,0.0,-0.0008333472224535399,0.9997582594681734,8.058017727639034e-05
82433,31.305521758695978,1.0,560,681,1241,0.0,-0.0008333472224535399,0.9998388396454498,8.058017727639034e-05
82434,31.304688411473524,1.0,560,681,1241,0.0,-0.0008333472224535399,0.9999194198227261,8.058017727639034e-05
82435,31.30385506425107,1.0,560,681,1241,0.0,-0.0008333472224535399,1.0000000000000024,8.058017727639034e-05
82436,31.303021717028617,1.0,560,681,1241,0.0,-0.0008333472224535399,1.0000000000000024,0.0
82437,31.302188369806164,1.0,560,681,1241,0.0,-0.0008333472224535399,1.0000000000000024,0.0
82438,31.30135502258371,1.0,560,681,1241,0.0,-0.0008333472224535399,1.0000000000000024,0.0
82439,31.300521675361257,1.0,560,681,1241,0.0,-0.0008333472224535399,1.0000000000000024,0.0
82440,31.299688328138803,1.0,560,681,1241,0.0,-0.0008333472224535399,1.0000000000000024,0.0
82441,31.29885498091635,1.0,560,681,1241,0.0,-0.0008333472224535399,1.0000000000000024,0.0
82442,31.298021633693892,1.0,560,681,1241,0.0,-0.0008333472224570926,1.0000000000000024,0.0
82443,31.29718828647144,1.0,560,681,1241,0.0,-0.0008333472224535399,1.0000000000000024,0.0
82444,31.296354939248985,1.0,560,681,1241,0.0,-0.0008333472224535399,1.0000000000000024,0.0
82445,31.29552159202653,1.0,560,681,1241,0.0,-0.0008333472224535399,1.0000000000000024,0.0
82446,31.294688244804078,1.0,560,681,1241,0.0,-0.0008333472224535399,1.0000000000000024,0.0
82447,31.293854897581625,1.0,560,681,1241,0.0,-0.0008333472224535399,1.0000000000000024,0.0
82448,31.29302155035917,1.0,560,681,1241,0.0,-0.0008333472224535399,1.0000000000000024,0.0
82449,31.292188203136718,0.9991941982272361,560,681,1241,-0.0008058017727639033,-0.0008333472224535399,0.9999194198227261,-8.058017727639034e-05
82450,31.291354855914264,1.0,560,681,1241,0.0008058017727639033,-0.0008333472224535399,0.9999194198227261,0.0
82451,31.29052150869181,0.9991941982272361,560,681,1241,-0.0008058017727639033,-0.0008333472224535399,0.9998388396454498,-8.058017727639034e-05
82452,31.289688161469357,1.0,560,681,1241,0.0008058017727639033,-0.0008333472224535399,0.9998388396454498,0.0
82453,31.288854814246903,1.0,560,681,1241,0.0,-0.0008333472224535399,0.9998388396454498,0.0
82454,31.28802146702445,1.0,560,681,1241,0.0,-0.0008333472224535399,0.9998388396454498,0.0
82455,31.287188119801996,1.0,560,681,1241,0.0,-0.0008333472224535399,0.9998388396454498,0.0
82456,31.286354772579543,1.0,560,681,1241,0.0,-0.0008333472224535399,0.9998388396454498,0.0
82457,31.28552142535709,1.0,560,681,1241,0.0,-0.0008333472224535399,0.9998388396454498,0.0
82458,31.284688078134636,1.0,560,681,1241,0.0,-0.0008333472224535399,0.9998388396454498,0.0
82459,31.283854730912182,1.0,560,681,1241,0.0,-0.0008333472224535399,0.9999194198227261,8.058017727639034e-05
82460,31.28302138368973,1.0,560,681,1241,0.0,-0.0008333472224535399,0.9999194198227261,0.0
82461,31.282188036467275,0.9991941982272361,560,681,1241,-0.0008058017727639033,-0.0008333472224535399,0.9999194198227261,0.0
82462,31.28135468924482,0.9991941982272361,560,681,1241,0.0,-0.0008333472224535399,0.9998388396454498,-8.058017727639034e-05
82463,31.280521342022368,1.0,560,681,1241,0.0008058017727639033,-0.0008333472224535399,0.9998388396454498,0.0
82464,31.27968799479991,1.0,560,681,1241,0.0,-0.0008333472224570926,0.9998388396454498,0.0
82465,31.278854647577457,1.0,560,681,1241,0.0,-0.0008333472224535399,0.9998388396454498,0.0
82466,31.278021300355004,1.0,560,681,1241,0.0,-0.0008333472224535399,0.9998388396454498,0.0
82467,31.27718795313255,1.0,560,681,1241,0.0,-0.0008333472224535399,0.9998388396454498,0.0
82468,31.276354605910097,1.0,560,681,1241,0.0,-0.0008333472224535399,0.9998388396454498,0.0
82469,31.275521258687643,1.0,560,681,1241,0.0,-0.0008333472224535399,0.9998388396454498,0.0
82470,31.27468791146519,1.0,560,681,1241,0.0,-0.0008333472224535399,0.9998388396454498,0.0
82471,31.273854564242736,1.0,560,681,1241,0.0,-0.0008333472224535399,0.9999194198227261,8.058017727639034e-05
82472,31.273021217020283,0.9991941982272361,560,681,1241,-0.0008058017727639033,-0.0008333472224535399,0.9999194198227261,0.0
82473,31.27218786979783,0.9991941982272361,560,681,1241,0.0,-0.0008333472224535399,0.9998388396454498,-8.058017727639034e-05
82474,31.271354522575376,0.9991941982272361,560,681,1241,0.0,-0.0008333472224535399,0.9997582594681734,-8.058017727639034e-05
82475,31.270521175352922,0.9991941982272361,560,681,1241,0.0,-0.0008333472224535399,0.9996776792908971,-8.058017727639034e-05
82476,31.26968782813047,0.9991941982272361,560,681,1241,0.0,-0.0008333472224535399,0.9995970991136207,-8.058017727639034e-05
82477,31.268854480908015,1.0,560,681,1241,0.0008058017727639033,-0.0008333472224535399,0.9995970991136207,0.0
82478,31.26802113368556,1.0,560,681,1241,0.0,-0.0008333472224535399,0.9995970991136207,0.0
82479,31.267187786463108,1.0,560,681,1241,0.0,-0.0008333472224535399,0.9995970991136207,0.0
82480,31.266354439240654,1.0,560,681,1241,0.0,-0.0008333472224535399,0.9995970991136207,0.0
82481,31.2655210920182,1.0,560,681,1241,0.0,-0.0008333472224535399,0.9995970991136207,0.0
82482,31.264687744795747,1.0,560,681,1241,0.0,-0.0008333472224535399,0.9996776792908971,8.058017727639034e-05
82483,31.263854397573294,1.0,560,681,1241,0.0,-0.0008333472224535399,0.9997582594681734,8.058017727639034e-05
82484,31.26302105035084,0.9991941982272361,560,681,1241,-0.0008058017727639033,-0.0008333472224535399,0.9997582594681734,0.0
82485,31.262187703128383,1.0,560,681,1241,0.0008058017727639033,-0.0008333472224570926,0.9998388396454498,8.058017727639034e-05
82486,31.26135435590593,1.0,560,681,1241,0.0,-0.0008333472224535399,0.9999194198227261,8.058017727639034e-05
82487,31.260521008683476,1.0,560,681,1241,0.0,-0.0008333472224535399,0.9999194198227261,0.0
82488,31.259687661461022,1.0,560,681,1241,0.0,-0.0008333472224535399,0.9999194198227261,0.0
82489,31.25885431423857,1.0,560,681,1241,0.0,-0.0008333472224535399,0.9999194198227261,0.0
82490,31.258020967016115,0.9991941982272361,560,681,1241,-0.0008058017727639033,-0.0008333472224535399,0.9998388396454498,-8.058017727639034e-05
82491,31.257187619793662,0.9991941982272361,560,681,1241,0.0,-0.0008333472224535399,0.9997582594681734,-8.058017727639034e-05
82492,31.25635427257121,0.9991941982272361,560,681,1241,0.0,-0.0008333472224535399,0.9996776792908971,-8.058017727639034e-05
82493,31.255520925348755,0.9991941982272361,560,681,1241,0.0,-0.0008333472224535399,0.9995970991136207,-8.058017727639034e-05
82494,31.2546875781263,0.9983883964544722,560,681,1241,-0.0008058017727639033,-0.0008333472224535399,0.9995165189363444,-8.058017727639034e-05
82495,31.253854230903848,0.9991941982272361,560,681,1241,0.0008058017727639033,-0.0008333472224535399,0.9994359387590681,-8.058017727639034e-05
82496,31.253020883681394,0.9983883964544722,560,681,1241,-0.0008058017727639033,-0.0008333472224535399,0.9992747784045154,-0.00016116035455278067
82497,31.25218753645894,0.9983883964544722,560,681,1241,0.0,-0.0008333472224535399,0.9991136180499627,-0.00016116035455278067
82498,31.251354189236487,0.9983883964544722,560,681,1241,0.0,-0.0008333472224535399,0.99895245769541,-0.00016116035455278067
82499,31.250520842014033,0.9991941982272361,560,681,1241,0.0008058017727639033,-0.0008333472224535399,0.9988718775181337,-8.058017727639034e-05
82500,31.24968749479158,0.9991941982272361,560,681,1241,0.0,-0.0008333472224535399,0.9988718775181337,0.0
82501,31.248854147569126,1.0,560,681,1241,0.0008058017727639033,-0.0008333472224535399,0.99895245769541,8.058017727639034e-05
82502,31.248020800346673,1.0,560,681,1241,0.0,-0.0008333472224535399,0.9990330378726864,8.058017727639034e-05
82503,31.24718745312422,1.0,560,681,1241,0.0,-0.0008333472224535399,0.9991136180499627,8.058017727639034e-05
82504,31.246354105901766,1.0,560,681,1241,0.0,-0.0008333472224535399,0.9992747784045154,0.00016116035455278067
82505,31.245520758679312,0.9983883964544722,560,681,1241,-0.0016116035455278066,-0.0008333472224535399,0.999194198227239,-8.058017727639034e-05
82506,31.244687411456855,0.9983883964544722,560,681,1241,0.0,-0.0008333472224570926,0.999194198227239,0.0
82507,31.2438540642344,1.0,560,681,1241,0.0016116035455278066,-0.0008333472224535399,0.9993553585817917,0.00016116035455278067
82508,31.243020717011948,1.0,560,681,1241,0.0,-0.0008333472224535399,0.9995165189363444,0.00016116035455278067
82509,31.242187369789495,1.0,560,681,1241,0.0,-0.0008333472224535399,0.9995970991136207,8.058017727639034e-05
82510,31.24135402256704,0.9991941982272361,560,681,1241,-0.0008058017727639033,-0.0008333472224535399,0.9995970991136207,0.0
82511,31.240520675344587,0.9991941982272361,560,681,1241,0.0,-0.0008333472224535399,0.9995165189363444,-8.058017727639034e-05
82512,31.239687328122134,0.9991941982272361,560,681,1241,0.0,-0.0008333472224535399,0.9994359387590681,-8.058017727639034e-05
82513,31.23885398089968,1.0,560,681,1241,0.0008058017727639033,-0.0008333472224535399,0.9994359387590681,0.0
82514,31.238020633677227,1.0,560,681,1241,0.0,-0.0008333472224535399,0.9994359387590681,0.0
82515,31.237187286454773,1.0,560,681,1241,0.0,-0.0008333472224535399,0.9995970991136207,0.00016116035455278067
82516,31.23635393923232,1.0,560,681,1241,0.0,-0.0008333472224535399,0.9997582594681734,0.00016116035455278067
82517,31.235520592009866,1.0,560,681,1241,0.0,-0.0008333472224535399,0.9997582594681734,0.0
82518,31.234687244787413,1.0,560,681,1241,0.0,-0.0008333472224535399,0.9997582594681734,0.0
82519,31.23385389756496,1.0,560,681,1241,0.0,-0.0008333472224535399,0.9997582594681734,0.0
82520,31.233020550342506,1.0,560,681,1241,0.0,-0.0008333472224535399,0.9998388396454498,8.058017727639034e-05
82521,31.232187203120052,1.0,560,681,1241,0.0,-0.0008333472224535399,0.9999194198227261,8.058017727639034e-05
82522,31.2313538558976,0.9991941982272361,560,681,1241,-0.0008058017727639033,-0.0008333472224535399,0.9999194198227261,0.0
82523,31.230520508675145,1.0,560,681,1241,0.0008058017727639033,-0.0008333472224535399,0.9999194198227261,0.0
82524,31.22968716145269,1.0,560,681,1241,0.0,-0.0008333472224535399,0.9999194198227261,0.0
82525,31.228853814230238,1.0,560,681,1241,0.0,-0.0008333472224535399,0.9999194198227261,0.0
82526,31.228020467007784,0.9991941982272361,560,681,1241,-0.0008058017727639033,-0.0008333472224535399,0.9998388396454498,-8.058017727639034e-05
82527,31.227187119785327,1.0,560,681,1241,0.0008058017727639033,-0.0008333472224570926,0.9998388396454498,0.0
82528,31.226353772562874,1.0,560,681,1241,0.0,-0.0008333472224535399,0.9998388396454498,0.0
82529,31.22552042534042,1.0,560,681,1241,0.0,-0.0008333472224535399,0.9998388396454498,0.0
82530,31.224687078117967,1.0,560,681,1241,0.0,-0.0008333472224535399,0.9998388396454498,0.0
82531,31.223853730895513,1.0,560,681,1241,0.0,-0.0008333472224535399,0.9998388396454498,0.0
82532,31.22302038367306,1.0,560,681,1241,0.0,-0.0008333472224535399,0.9999194198227261,8.058017727639034e-05
82533,31.222187036450606,1.0,560,681,1241,0.0,-0.0008333472224535399,0.9999194198227261,0.0
82534,31.221353689228152,1.0,560,681,1241,0.0,-0.0008333472224535399,0.9999194198227261,0.0
82535,31.2205203420057,1.0,560,681,1241,0.0,-0.0008333472224535399,0.9999194198227261,0.0
82536,31.219686994783245,1.0,560,681,1241,0.0,-0.0008333472224535399,1.0000000000000024,8.058017727639034e-05
82537,31.218853647560792,1.0,560,681,1241,0.0,-0.0008333472224535399,1.0000000000000024,0.0
82538,31.21802030033834,1.0,560,681,1241,0.0,-0.0008333472224535399,1.0000000000000024,0.0
82539,31.217186953115885,1.0,560,681,1241,0.0,-0.0008333472224535399,1.0000000000000024,0.0
82540,31.21635360589343,0.9991941982272361,560,681,1241,-0.0008058017727639033,-0.0008333472224535399,0.9999194198227261,-8.058017727639034e-05
82541,31.215520258670978,1.0,560,681,1241,0.0008058017727639033,-0.0008333472224535399,0.9999194198227261,0.0
82542,31.214686911448524,1.0,560,681,1241,0.0,-0.0008333472224535399,0.9999194198227261,0.0
82543,31.21385356422607,0.9991941982272361,560,681,1241,-0.0008058017727639033,-0.0008333472224535399,0.9998388396454498,-8.058017727639034e-05
82544,31.213020217003617,0.9983883964544722,560,681,1241,-0.0008058017727639033,-0.0008333472224535399,0.9996776792908971,-0.00016116035455278067
82545,31.212186869781164,0.9991941982272361,560,681,1241,0.0008058017727639033,-0.0008333472224535399,0.9995970991136207,-8.058017727639034e-05
82546,31.21135352255871,0.9991941982272361,560,681,1241,0.0,-0.0008333472224535399,0.9995165189363444,-8.058017727639034e-05
82547,31.210520175336256,0.9991941982272361,560,681,1241,0.0,-0.0008333472224535399,0.9994359387590681,-8.058017727639034e-05
82548,31.2096868281138,1.0,560,681,1241,0.0008058017727639033,-0.0008333472224570926,0.9994359387590681,0.0
82549,31.208853480891346,1.0,560,681,1241,0.0,-0.0008333472224535399,0.9994359387590681,0.0
82550,31.208020133668892,0.9991941982272361,560,681,1241,-0.0008058017727639033,-0.0008333472224535399,0.9994359387590681,0.0
82551,31.20718678644644,0.9991941982272361,560,681,1241,0.0,-0.0008333472224535399,0.9993553585817917,-8.058017727639034e-05
82552,31.206353439223985,0.9991941982272361,560,681,1241,0.0,-0.0008333472224535399,0.9992747784045154,-8.058017727639034e-05
82553,31.20552009200153,0.9991941982272361,560,681,1241,0.0,-0.0008333472224535399,0.9992747784045154,0.0
82554,31.204686744779078,0.9991941982272361,560,681,1241,0.0,-0.0008333472224535399,0.9993553585817917,8.058017727639034e-05
82555,31.203853397556625,0.9991941982272361,560,681,1241,0.0,-0.0008333472224535399,0.9993553585817917,0.0
82556,31.20302005033417,0.9991941982272361,560,681,1241,0.0,-0.0008333472224535399,0.9993553585817917,0.0
82557,31.202186703111717,1.0,560,681,1241,0.0008058017727639033,-0.0008333472224535399,0.9994359387590681,8.058017727639034e-05
82558,31.201353355889264,1.0,560,681,1241,0.0,-0.0008333472224535399,0.9994359387590681,0.0
82559,31.20052000866681,1.0,560,681,1241,0.0,-0.0008333472224535399,0.9994359387590681,0.0
82560,31.199686661444357,1.0,560,681,1241,0.0,-0.0008333472224535399,0.9995165189363444,8.058017727639034e-05
82561,31.198853314221903,1.0,560,681,1241,0.0,-0.0008333472224535399,0.9995970991136207,8.058017727639034e-05
82562,31.19801996699945,1.0,560,681,1241,0.0,-0.0008333472224535399,0.9996776792908971,8.058017727639034e-05
82563,31.197186619776996,1.0,560,681,1241,0.0,-0.0008333472224535399,0.9997582594681734,8.058017727639034e-05
82564,31.196353272554543,1.0,560,681,1241,0.0,-0.0008333472224535399,0.9998388396454498,8.058017727639034e-05
82565,31.19551992533209,1.0,560,681,1241,0.0,-0.0008333472224535399,0.9999194198227261,8.058017727639034e-05
82566,31.194686578109636,1.0,560,681,1241,0.0,-0.0008333472224535399,1.0000000000000024,8.058017727639034e-05
82567,31.193853230887182,1.0,560,681,1241,0.0,-0.0008333472224535399,1.0000000000000024,0.0
82568,31.19301988366473,1.0,560,681,1241,0.0,-0.0008333472224535399,1.0000000000000024,0.0
82569,31.192186536442275,1.0,560,681,1241,0.0,-0.0008333472224535399,1.0000000000000024,0.0
82570,31.191353189219818,1.0,560,681,1241,0.0,-0.0008333472224570926,1.0000000000000024,0.0
82571,31.190519841997364,1.0,560,681,1241,0.0,-0.0008333472224535399,1.0000000000000024,0.0
82572,31.18968649477491,1.0,560,681,1241,0.0,-0.0008333472224535399,1.0000000000000024,0.0
82573,31.188853147552457,1.0,560,681,1241,0.0,-0.0008333472224535399,1.0000000000000024,0.0
82574,31.188019800330004,1.0,560,681,1241,0.0,-0.0008333472224535399,1.0000000000000024,0.0
82575,31.18718645310755,1.0,560,681,1241,0.0,-0.0008333472224535399,1.0000000000000024,0.0
82576,31.186353105885097,0.9991941982272361,560,681,1241,-0.0008058017727639033,-0.0008333472224535399,0.9999194198227261,-8.058017727639034e-05
82577,31.185519758662643,0.9991941982272361,560,681,1241,0.0,-0.0008333472224535399,0.9998388396454498,-8.058017727639034e-05
82578,31.18468641144019,0.9991941982272361,560,681,1241,0.0,-0.0008333472224535399,0.9997582594681734,-8.058017727639034e-05
82579,31.183853064217736,0.9991941982272361,560,681,1241,0.0,-0.0008333472224535399,0.9996776792908971,-8.058017727639034e-05
82580,31.183019716995283,1.0,560,681,1241,0.0008058017727639033,-0.0008333472224535399,0.9996776792908971,0.0
82581,31.18218636977283,1.0,560,681,1241,0.0,-0.0008333472224535399,0.9996776792908971,0.0
82582,31.181353022550375,1.0,560,681,1241,0.0,-0.0008333472224535399,0.9996776792908971,0.0
82583,31.180519675327922,1.0,560,681,1241,0.0,-0.0008333472224535399,0.9996776792908971,0.0
82584,31.17968632810547,1.0,560,681,1241,0.0,-0.0008333472224535399,0.9996776792908971,0.0
82585,31.178852980883015,1.0,560,681,1241,0.0,-0.0008333472224535399,0.9996776792908971,0.0
82586,31.17801963366056,1.0,560,681,1241,0.0,-0.0008333472224535399,0.9997582594681734,8.058017727639034e-05
82587,31.177186286438108,0.9991941982272361,560,681,1241,-0.0008058017727639033,-0.0008333472224535399,0.9997582594681734,0.0
82588,31.176352939215654,0.9991941982272361,560,681,1241,0.0,-0.0008333472224535399,0.9997582594681734,0.0
82589,31.1755195919932,1.0,560,681,1241,0.0008058017727639033,-0.0008333472224535399,0.9998388396454498,8.058017727639034e-05
82590,31.174686244770747,1.0,560,681,1241,0.0,-0.0008333472224535399,0.9998388396454498,0.0
82591,31.17385289754829,1.0,560,681,1241,0.0,-0.0008333472224570926,0.9998388396454498,0.0
82592,31.173019550325836,1.0,560,681,1241,0.0,-0.0008333472224535399,0.9998388396454498,0.0
82593,31.172186203103383,1.0,560,681,1241,0.0,-0.0008333472224535399,0.9998388396454498,0.0
82594,31.17135285588093,1.0,560,681,1241,0.0,-0.0008333472224535399,0.9998388396454498,0.0
82595,31.170519508658476,1.0,560,681,1241,0.0,-0.0008333472224535399,0.9998388396454498,0.0
82596,31.169686161436022,1.0,560,681,1241,0.0,-0.0008333472224535399,0.9998388396454498,0.0
82597,31.16885281421357,1.0,560,681,1241,0.0,-0.0008333472224535399,0.9999194198227261,8.058017727639034e-05
82598,31.168019466991115,1.0,560,681,1241,0.0,-0.0008333472224535399,1.0000000000000024,8.058017727639034e-05
82599,31.16718611976866,1.0,560,681,1241,0.0,-0.0008333472224535399,1.0000000000000024,0.0
82600,31.166352772546208,0.9991941982272361,560,681,1241,-0.0008058017727639033,-0.0008333472224535399,0.9999194198227261,-8.058017727639034e-05
82601,31.165519425323755,0.9991941982272361,560,681,1241,0.0,-0.0008333472224535399,0.9998388396454498,-8.058017727639034e-05
82602,31.1646860781013,0.9991941982272361,560,681,1241,0.0,-0.0008333472224535399,0.9997582594681734,-8.058017727639034e-05
82603,31.163852730878848,0.9991941982272361,560,681,1241,0.0,-0.0008333472224535399,0.9996776792908971,-8.058017727639034e-05
82604,31.163019383656394,0.9991941982272361,560,681,1241,0.0,-0.0008333472224535399,0.9995970991136207,-8.058017727639034e-05
82605,31.16218603643394,0.9991941982272361,560,681,1241,0.0,-0.0008333472224535399,0.9995165189363444,-8.058017727639034e-05
82606,31.161352689211487,1.0,560,681,1241,0.0008058017727639033,-0.0008333472224535399,0.9995165189363444,0.0
82607,31.160519341989033,0.9991941982272361,560,681,1241,-0.0008058017727639033,-0.0008333472224535399,0.9994359387590681,-8.058017727639034e-05
82608,31.15968599476658,0.9991941982272361,560,681,1241,0.0,-0.0008333472224535399,0.9993553585817917,-8.058017727639034e-05
82609,31.158852647544126,0.9991941982272361,560,681,1241,0.0,-0.0008333472224535399,0.9992747784045154,-8.058017727639034e-05
82610,31.158019300321673,0.9991941982272361,560,681,1241,0.0,-0.0008333472224535399,0.9992747784045154,0.0
82611,31.15718595309922,0.9991941982272361,560,681,1241,0.0,-0.0008333472224535399,0.9992747784045154,0.0
82612,31.156352605876762,0.9983883964544722,560,681,1241,-0.0008058017727639033,-0.0008333472224570926,0.999194198227239,-8.058017727639034e-05
82613,31.15551925865431,1.0,560,681,1241,0.0016116035455278066,-0.0008333472224535399,0.9992747784045154,8.058017727639034e-05
82614,31.154685911431855,1.0,560,681,1241,0.0,-0.0008333472224535399,0.9993553585817917,8.058017727639034e-05
82615,31.1538525642094,1.0,560,681,1241,0.0,-0.0008333472224535399,0.9994359387590681,8.058017727639034e-05
82616,31.153019216986948,1.0,560,681,1241,0.0,-0.0008333472224535399,0.9994359387590681,0.0
82617,31.152185869764494,1.0,560,681,1241,0.0,-0.0008333472224535399,0.9995165189363444,8.058017727639034e-05
82618,31.15135252254204,1.0,560,681,1241,0.0,-0.0008333472224535399,0.9995970991136207,8.058017727639034e-05
82619,31.150519175319587,1.0,560,681,1241,0.0,-0.0008333472224535399,0.9996776792908971,8.058017727639034e-05
82620,31.149685828097134,1.0,560,681,1241,0.0,-0.0008333472224535399,0.9997582594681734,8.058017727639034e-05
82621,31.14885248087468,1.0,560,681,1241,0.0,-0.0008333472224535399,0.9998388396454498,8.058017727639034e-05
82622,31.148019133652227,1.0,560,681,1241,0.0,-0.0008333472224535399,1.0000000000000024,0.00016116035455278067
82623,31.147185786429773,1.0,560,681,1241,0.0,-0.0008333472224535399,1.0000000000000024,0.0
82624,31.14635243920732,1.0,560,681,1241,0.0,-0.0008333472224535399,1.0000000000000024,0.0
82625,31.145519091984866,0.9991941982272361,560,681,1241,-0.0008058017727639033,-0.0008333472224535399,0.9999194198227261,-8.058017727639034e-05
82626,31.144685744762413,1.0,560,681,1241,0.0008058017727639033,-0.0008333472224535399,0.9999194198227261,0.0
82627,31.14385239753996,1.0,560,681,1241,0.0,-0.0008333472224535399,0.9999194198227261,0.0
82628,31.143019050317506,1.0,560,681,1241,0.0,-0.0008333472224535399,0.9999194198227261,0.0
82629,31.142185703095052,1.0,560,681,1241,0.0,-0.0008333472224535399,0.9999194198227261,0.0
82630,31.1413523558726,1.0,560,681,1241,0.0,-0.0008333472224535399,0.9999194198227261,0.0
82631,31.140519008650145,1.0,560,681,1241,0.0,-0.0008333472224535399,0.9999194198227261,0.0
82632,31.13968566142769,0.9991941982272361,560,681,1241,-0.0008058017727639033,-0.0008333472224535399,0.9998388396454498,-8.058017727639034e-05
82633,31.138852314205234,0.9991941982272361,560,681,1241,0.0,-0.0008333472224570926,0.9997582594681734,-8.058017727639034e-05
82634,31.13801896698278,0.9991941982272361,560,681,1241,0.0,-0.0008333472224535399,0.9996776792908971,-8.058017727639034e-05
82635,31.137185619760327,0.9991941982272361,560,681,1241,0.0,-0.0008333472224535399,0.9996776792908971,0.0
82636,31.136352272537874,0.9991941982272361,560,681,1241,0.0,-0.0008333472224535399,0.9995970991136207,-8.058017727639034e-05
82637,31.13551892531542,0.9991941982272361,560,681,1241,0.0,-0.0008333472224535399,0.9995165189363444,-8.058017727639034e-05
82638,31.134685578092967,1.0,560,681,1241,0.0008058017727639033,-0.0008333472224535399,0.9995165189363444,0.0
82639,31.133852230870513,1.0,560,681,1241,0.0,-0.0008333472224535399,0.9995165189363444,0.0
82640,31.13301888364806,1.0,560,681,1241,0.0,-0.0008333472224535399,0.9995165189363444,0.0
82641,31.132185536425606,1.0,560,681,1241,0.0,-0.0008333472224535399,0.9995165189363444,0.0
82642,31.131352189203152,1.0,560,681,1241,0.0,-0.0008333472224535399,0.9995970991136207,8.058017727639034e-05
82643,31.1305188419807,1.0,560,681,1241,0.0,-0.0008333472224535399,0.9996776792908971,8.058017727639034e-05
82644,31.129685494758245,1.0,560,681,1241,0.0,-0.0008333472224535399,0.9997582594681734,8.058017727639034e-05
82645,31.12885214753579,1.0,560,681,1241,0.0,-0.0008333472224535399,0.9998388396454498,8.058017727639034e-05
82646,31.12801880031334,1.0,560,681,1241,0.0,-0.0008333472224535399,0.9999194198227261,8.058017727639034e-05
82647,31.127185453090885,1.0,560,681,1241,0.0,-0.0008333472224535399,1.0000000000000024,8.058017727639034e-05
82648,31.12635210586843,1.0,560,681,1241,0.0,-0.0008333472224535399,1.0000000000000024,0.0
82649,31.125518758645978,0.9991941982272361,560,681,1241,-0.0008058017727639033,-0.0008333472224535399,0.9999194198227261,-8.058017727639034e-05
82650,31.124685411423524,0.9991941982272361,560,681,1241,0.0,-0.0008333472224535399,0.9998388396454498,-8.058017727639034e-05
82651,31.12385206420107,1.0,560,681,1241,0.0008058017727639033,-0.0008333472224535399,0.9998388396454498,0.0
82652,31.123018716978617,1.0,560,681,1241,0.0,-0.0008333472224535399,0.9998388396454498,0.0
82653,31.122185369756163,1.0,560,681,1241,0.0,-0.0008333472224535399,0.9998388396454498,0.0
82654,31.121352022533706,1.0,560,681,1241,0.0,-0.0008333472224570926,0.9998388396454498,0.0
82655,31.120518675311253,1.0,560,681,1241,0.0,-0.0008333472224535399,0.9998388396454498,0.0
82656,31.1196853280888,1.0,560,681,1241,0.0,-0.0008333472224535399,0.9998388396454498,0.0
82657,31.118851980866346,1.0,560,681,1241,0.0,-0.0008333472224535399,0.9998388396454498,0.0
82658,31.118018633643892,1.0,560,681,1241,0.0,-0.0008333472224535399,0.9998388396454498,0.0
82659,31.11718528642144,1.0,560,681,1241,0.0,-0.0008333472224535399,0.9999194198227261,8.058017727639034e-05
82660,31.116351939198985,1.0,560,681,1241,0.0,-0.0008333472224535399,1.0000000000000024,8.058017727639034e-05
82661,31.11551859197653,1.0,560,681,1241,0.0,-0.0008333472224535399,1.0000000000000024,0.0
82662,31.114685244754078,1.0,560,681,1241,0.0,-0.0008333472224535399,1.0000000000000024,0.0
82663,31.113851897531625,0.9991941982272361,560,681,1241,-0.0008058017727639033,-0.0008333472224535399,0.9999194198227261,-8.058017727639034e-05
82664,31.11301855030917,0.9991941982272361,560,681,1241,0.0,-0.0008333472224535399,0.9998388396454498,-8.058017727639034e-05
82665,31.112185203086717,0.9991941982272361,560,681,1241,0.0,-0.0008333472224535399,0.9997582594681734,-8.058017727639034e-05
82666,31.111351855864264,0.9991941982272361,560,681,1241,0.0,-0.0008333472224535399,0.9996776792908971,-8.058017727639034e-05
82667,31.11051850864181,0.9991941982272361,560,681,1241,0.0,-0.0008333472224535399,0.9995970991136207,-8.058017727639034e-05
82668,31.109685161419357,0.9991941982272361,560,681,1241,0.0,-0.0008333472224535399,0.9995165189363444,-8.058017727639034e-05
82669,31.108851814196903,0.9983883964544722,560,681,1241,-0.0008058017727639033,-0.0008333472224535399,0.9993553585817917,-0.00016116035455278067
82670,31.10801846697445,0.9983883964544722,560,681,1241,0.0,-0.0008333472224535399,0.999194198227239,-0.00016116035455278067
82671,31.107185119751996,0.9983883964544722,560,681,1241,0.0,-0.0008333472224535399,0.9990330378726864,-0.00016116035455278067
82672,31.106351772529543,0.9983883964544722,560,681,1241,0.0,-0.0008333472224535399,0.9988718775181337,-0.00016116035455278067
82673,31.10551842530709,0.9983883964544722,560,681,1241,0.0,-0.0008333472224535399,0.9987912973408573,-8.058017727639034e-05
82674,31.104685078084636,0.9991941982272361,560,681,1241,0.0008058017727639033,-0.0008333472224535399,0.9987912973408573,0.0
82675,31.10385173086218,0.9991941982272361,560,681,1241,0.0,-0.0008333472224570926,0.9987912973408573,0.0
82676,31.103018383639725,0.9991941982272361,560,681,1241,0.0,-0.0008333472224535399,0.9987912973408573,0.0
82677,31.10218503641727,1.0,560,681,1241,0.0008058017727639033,-0.0008333472224535399,0.9988718775181337,8.058017727639034e-05
82678,31.101351689194818,1.0,560,681,1241,0.0,-0.0008333472224535399,0.99895245769541,8.058017727639034e-05
82679,31.100518341972364,1.0,560,681,1241,0.0,-0.0008333472224535399,0.9991136180499627,0.00016116035455278067
82680,31.09968499474991,1.0,560,681,1241,0.0,-0.0008333472224535399,0.9992747784045154,0.00016116035455278067
82681,31.098851647527457,1.0,560,681,1241,0.0,-0.0008333472224535399,0.9994359387590681,0.00016116035455278067
82682,31.098018300305004,1.0,560,681,1241,0.0,-0.0008333472224535399,0.9995970991136207,0.00016116035455278067
82683,31.09718495308255,1.0,560,681,1241,0.0,-0.0008333472224535399,0.9997582594681734,0.00016116035455278067
82684,31.096351605860097,1.0,560,681,1241,0.0,-0.0008333472224535399,0.9998388396454498,8.058017727639034e-05
82685,31.095518258637643,0.9991941982272361,560,681,1241,-0.0008058017727639033,-0.0008333472224535399,0.9998388396454498,0.0
82686,31.09468491141519,1.0,560,681,1241,0.0008058017727639033,-0.0008333472224535399,0.9999194198227261,8.058017727639034e-05
82687,31.093851564192736,1.0,560,681,1241,0.0,-0.0008333472224535399,0.9999194198227261,0.0
82688,31.093018216970282,1.0,560,681,1241,0.0,-0.0008333472224535399,0.9999194198227261,0.0
82689,31.09218486974783,1.0,560,681,1241,0.0,-0.0008333472224535399,0.9999194198227261,0.0
82690,31.091351522525375,1.0,560,681,1241,0.0,-0.0008333472224535399,0.9999194198227261,0.0
82691,31.090518175302922,1.0,560,681,1241,0.0,-0.0008333472224535399,0.9999194198227261,0.0
82692,31.08968482808047,1.0,560,681,1241,0.0,-0.0008333472224535399,0.9999194198227261,0.0
82693,31.088851480858015,1.0,560,681,1241,0.0,-0.0008333472224535399,0.9999194198227261,0.0
82694,31.08801813363556,1.0,560,681,1241,0.0,-0.0008333472224535399,0.9999194198227261,0.0
82695,31.087184786413108,1.0,560,681,1241,0.0,-0.0008333472224535399,1.0000000000000024,8.058017727639034e-05
82696,31.086351439190654,1.0,560,681,1241,0.0,-0.0008333472224535399,1.0000000000000024,0.0
82697,31.085518091968197,0.9991941982272361,560,681,1241,-0.0008058017727639033,-0.0008333472224570926,0.9999194198227261,-8.058017727639034e-05
82698,31.084684744745744,1.0,560,681,1241,0.0008058017727639033,-0.0008333472224535399,0.9999194198227261,0.0
82699,31.08385139752329,1.0,560,681,1241,0.0,-0.0008333472224535399,0.9999194198227261,0.0
82700,31.083018050300836,1.0,560,681,1241,0.0,-0.0008333472224535399,0.9999194198227261,0.0
82701,31.082184703078383,1.0,560,681,1241,0.0,-0.0008333472224535399,0.9999194198227261,0.0
82702,31.08135135585593,0.9991941982272361,560,681,1241,-0.0008058017727639033,-0.0008333472224535399,0.9998388396454498,-8.058017727639034e-05
82703,31.080518008633476,0.9983883964544722,560,681,1241,-0.0008058017727639033,-0.0008333472224535399,0.9996776792908971,-0.00016116035455278067
82704,31.079684661411022,0.9983883964544722,560,681,1241,0.0,-0.0008333472224535399,0.9995165189363444,-0.00016116035455278067
82705,31.07885131418857,0.9983883964544722,560,681,1241,0.0,-0.0008333472224535399,0.9993553585817917,-0.00016116035455278067
82706,31.078017966966115,0.9983883964544722,560,681,1241,0.0,-0.0008333472224535399,0.999194198227239,-0.00016116035455278067
82707,31.07718461974366,0.9983883964544722,560,681,1241,0.0,-0.0008333472224535399,0.9991136180499627,-8.058017727639034e-05
82708,31.076351272521208,0.9983883964544722,560,681,1241,0.0,-0.0008333472224535399,0.99895245769541,-0.00016116035455278067
82709,31.075517925298755,0.9983883964544722,560,681,1241,0.0,-0.0008333472224535399,0.9987912973408573,-0.00016116035455278067
82710,31.0746845780763,0.9983883964544722,560,681,1241,0.0,-0.0008333472224535399,0.9986301369863047,-0.00016116035455278067
82711,31.073851230853847,0.9991941982272361,560,681,1241,0.0008058017727639033,-0.0008333472224535399,0.9985495568090282,-8.058017727639034e-05
82712,31.073017883631394,1.0,560,681,1241,0.0008058017727639033,-0.0008333472224535399,0.9986301369863047,8.058017727639034e-05
82713,31.07218453640894,1.0,560,681,1241,0.0,-0.0008333472224535399,0.9987912973408573,0.00016116035455278067
82714,31.071351189186487,1.0,560,681,1241,0.0,-0.0008333472224535399,0.99895245769541,0.00016116035455278067
82715,31.070517841964033,1.0,560,681,1241,0.0,-0.0008333472224535399,0.9991136180499627,0.00016116035455278067
82716,31.06968449474158,1.0,560,681,1241,0.0,-0.0008333472224535399,0.9992747784045154,0.00016116035455278067
82717,31.068851147519126,0.9991941982272361,560,681,1241,-0.0008058017727639033,-0.0008333472224535399,0.9993553585817917,8.058017727639034e-05
82718,31.06801780029667,0.9991941982272361,560,681,1241,0.0,-0.0008333472224570926,0.9994359387590681,8.058017727639034e-05
82719,31.067184453074216,0.9991941982272361,560,681,1241,0.0,-0.0008333472224535399,0.9995165189363444,8.058017727639034e-05
82720,31.066351105851762,0.9991941982272361,560,681,1241,0.0,-0.0008333472224535399,0.9995970991136207,8.058017727639034e-05
82721,31.06551775862931,1.0,560,681,1241,0.0008058017727639033,-0.0008333472224535399,0.9996776792908971,8.058017727639034e-05
82722,31.064684411406855,1.0,560,681,1241,0.0,-0.0008333472224535399,0.9996776792908971,0.0
82723,31.0638510641844,1.0,560,681,1241,0.0,-0.0008333472224535399,0.9996776792908971,0.0
82724,31.063017716961948,1.0,560,681,1241,0.0,-0.0008333472224535399,0.9996776792908971,0.0
82725,31.062184369739494,1.0,560,681,1241,0.0,-0.0008333472224535399,0.9996776792908971,0.0
82726,31.06135102251704,0.9991941982272361,560,681,1241,-0.0008058017727639033,-0.0008333472224535399,0.9995970991136207,-8.058017727639034e-05
82727,31.060517675294587,0.9983883964544722,560,681,1241,-0.0008058017727639033,-0.0008333472224535399,0.9995165189363444,-8.058017727639034e-05
82728,31.059684328072134,0.9991941982272361,560,681,1241,0.0008058017727639033,-0.0008333472224535399,0.9995165189363444,0.0
82729,31.05885098084968,0.9991941982272361,560,681,1241,0.0,-0.0008333472224535399,0.9995165189363444,0.0
82730,31.058017633627227,0.9983883964544722,560,681,1241,-0.0008058017727639033,-0.0008333472224535399,0.9994359387590681,-8.058017727639034e-05
82731,31.057184286404773,0.9983883964544722,560,681,1241,0.0,-0.0008333472224535399,0.9992747784045154,-0.00016116035455278067
82732,31.05635093918232,0.9983883964544722,560,681,1241,0.0,-0.0008333472224535399,0.9991136180499627,-0.00016116035455278067
82733,31.055517591959866,0.9991941982272361,560,681,1241,0.0008058017727639033,-0.0008333472224535399,0.9990330378726864,-8.058017727639034e-05
82734,31.054684244737413,0.9991941982272361,560,681,1241,0.0,-0.0008333472224535399,0.99895245769541,-8.058017727639034e-05
82735,31.05385089751496,0.9991941982272361,560,681,1241,0.0,-0.0008333472224535399,0.9988718775181337,-8.058017727639034e-05
82736,31.053017550292505,1.0,560,681,1241,0.0008058017727639033,-0.0008333472224535399,0.99895245769541,8.058017727639034e-05
82737,31.052184203070052,1.0,560,681,1241,0.0,-0.0008333472224535399,0.9991136180499627,0.00016116035455278067
82738,31.0513508558476,1.0,560,681,1241,0.0,-0.0008333472224535399,0.999194198227239,8.058017727639034e-05
82739,31.05051750862514,1.0,560,681,1241,0.0,-0.0008333472224570926,0.9992747784045154,8.058017727639034e-05
82740,31.049684161402688,1.0,560,681,1241,0.0,-0.0008333472224535399,0.9994359387590681,0.00016116035455278067
82741,31.048850814180234,1.0,560,681,1241,0.0,-0.0008333472224535399,0.9995970991136207,0.00016116035455278067
82742,31.04801746695778,1.0,560,681,1241,0.0,-0.0008333472224535399,0.9997582594681734,0.00016116035455278067
82743,31.047184119735327,1.0,560,681,1241,0.0,-0.0008333472224535399,0.9998388396454498,8.058017727639034e-05
82744,31.046350772512874,1.0,560,681,1241,0.0,-0.0008333472224535399,0.9999194198227261,8.058017727639034e-05
82745,31.04551742529042,1.0,560,681,1241,0.0,-0.0008333472224535399,1.0000000000000024,8.058017727639034e-05
82746,31.044684078067966,1.0,560,681,1241,0.0,-0.0008333472224535399,1.0000000000000024,0.0
82747,31.043850730845513,1.0,560,681,1241,0.0,-0.0008333472224535399,1.0000000000000024,0.0
82748,31.04301738362306,1.0,560,681,1241,0.0,-0.0008333472224535399,1.0000000000000024,0.0
82749,31.042184036400606,1.0,560,681,1241,0.0,-0.0008333472224535399,1.0000000000000024,0.0
82750,31.041350689178152,1.0,560,681,1241,0.0,-0.0008333472224535399,1.0000000000000024,0.0
82751,31.0405173419557,1.0,560,681,1241,0.0,-0.0008333472224535399,1.0000000000000024,0.0
82752,31.039683994733245,1.0,560,681,1241,0.0,-0.0008333472224535399,1.0000000000000024,0.0
82753,31.03885064751079,1.0,560,681,1241,0.0,-0.0008333472224535399,1.0000000000000024,0.0
82754,31.038017300288338,1.0,560,681,1241,0.0,-0.0008333472224535399,1.0000000000000024,0.0
82755,31.037183953065885,0.9991941982272361,560,681,1241,-0.0008058017727639033,-0.0008333472224535399,0.9999194198227261,-8.058017727639034e-05
82756,31.03635060584343,0.9991941982272361,560,681,1241,0.0,-0.0008333472224535399,0.9998388396454498,-8.058017727639034e-05
82757,31.035517258620978,0.9991941982272361,560,681,1241,0.0,-0.0008333472224535399,0.9997582594681734,-8.058017727639034e-05
82758,31.034683911398524,0.9983883964544722,560,681,1241,-0.0008058017727639033,-0.0008333472224535399,0.9995970991136207,-0.00016116035455278067
82759,31.03385056417607,0.9975825946817083,560,681,1241,-0.0008058017727639033,-0.0008333472224535399,0.9993553585817916,-0.00024174053182917098
82760,31.033017216953613,0.9975825946817083,560,681,1241,0.0,-0.0008333472224570926,0.9991136180499623,-0.00024174053182917098
82761,31.03218386973116,0.9983883964544722,560,681,1241,0.0008058017727639033,-0.0008333472224535399,0.9989524576954096,-0.00016116035455278067
82762,31.031350522508706,0.9991941982272361,560,681,1241,0.0008058017727639033,-0.0008333472224535399,0.9988718775181333,-8.058017727639034e-05
82763,31.030517175286253,0.9983883964544722,560,681,1241,-0.0008058017727639033,-0.0008333472224535399,0.9987107171635806,-0.00016116035455278067
82764,31.0296838280638,0.9991941982272361,560,681,1241,0.0008058017727639033,-0.0008333472224535399,0.9986301369863042,-8.058017727639034e-05
82765,31.028850480841346,0.9991941982272361,560,681,1241,0.0,-0.0008333472224535399,0.9986301369863042,0.0
82766,31.028017133618892,0.9991941982272361,560,681,1241,0.0,-0.0008333472224535399,0.9986301369863042,0.0
82767,31.02718378639644,0.9991941982272361,560,681,1241,0.0,-0.0008333472224535399,0.9986301369863042,0.0
82768,31.026350439173985,1.0,560,681,1241,0.0008058017727639033,-0.0008333472224535399,0.9987912973408569,0.00016116035455278067
82769,31.02551709195153,1.0,560,681,1241,0.0,-0.0008333472224535399,0.9990330378726862,0.00024174053182917098
82770,31.024683744729078,1.0,560,681,1241,0.0,-0.0008333472224535399,0.9992747784045154,0.00024174053182917098
82771,31.023850397506624,1.0,560,681,1241,0.0,-0.0008333472224535399,0.9994359387590681,0.00016116035455278067
82772,31.02301705028417,1.0,560,681,1241,0.0,-0.0008333472224535399,0.9995165189363444,8.058017727639034e-05
82773,31.022183703061717,1.0,560,681,1241,0.0,-0.0008333472224535399,0.9996776792908971,0.00016116035455278067
82774,31.021350355839264,1.0,560,681,1241,0.0,-0.0008333472224535399,0.9997582594681734,8.058017727639034e-05
82775,31.02051700861681,1.0,560,681,1241,0.0,-0.0008333472224535399,0.9998388396454498,8.058017727639034e-05
82776,31.019683661394357,1.0,560,681,1241,0.0,-0.0008333472224535399,0.9999194198227261,8.058017727639034e-05
82777,31.018850314171903,1.0,560,681,1241,0.0,-0.0008333472224535399,1.0000000000000024,8.058017727639034e-05
82778,31.01801696694945,1.0,560,681,1241,0.0,-0.0008333472224535399,1.0000000000000024,0.0
82779,31.017183619726996,1.0,560,681,1241,0.0,-0.0008333472224535399,1.0000000000000024,0.0
82780,31.016350272504543,1.0,560,681,1241,0.0,-0.0008333472224535399,1.0000000000000024,0.0
82781,31.015516925282085,1.0,560,681,1241,0.0,-0.0008333472224570926,1.0000000000000024,0.0
82782,31.014683578059632,1.0,560,681,1241,0.0,-0.0008333472224535399,1.0000000000000024,0.0
82783,31.01385023083718,1.0,560,681,1241,0.0,-0.0008333472224535399,1.0000000000000024,0.0
82784,31.013016883614725,1.0,560,681,1241,0.0,-0.0008333472224535399,1.0000000000000024,0.0
82785,31.01218353639227,1.0,560,681,1241,0.0,-0.0008333472224535399,1.0000000000000024,0.0
82786,31.011350189169818,1.0,560,681,1241,0.0,-0.0008333472224535399,1.0000000000000024,0.0
82787,31.010516841947364,0.9991941982272361,560,681,1241,-0.0008058017727639033,-0.0008333472224535399,0.9999194198227261,-8.058017727639034e-05
82788,31.00968349472491,1.0,560,681,1241,0.0008058017727639033,-0.0008333472224535399,0.9999194198227261,0.0
82789,31.008850147502457,1.0,560,681,1241,0.0,-0.0008333472224535399,0.9999194198227261,0.0
82790,31.008016800280004,1.0,560,681,1241,0.0,-0.0008333472224535399,0.9999194198227261,0.0
82791,31.00718345305755,1.0,560,681,1241,0.0,-0.0008333472224535399,0.9999194198227261,0.0
82792,31.006350105835097,0.9991941982272361,560,681,1241,-0.0008058017727639033,-0.0008333472224535399,0.9998388396454498,-8.058017727639034e-05
82793,31.005516758612643,0.9991941982272361,560,681,1241,0.0,-0.0008333472224535399,0.9997582594681734,-8.058017727639034e-05
82794,31.00468341139019,0.9991941982272361,560,681,1241,0.0,-0.0008333472224535399,0.9996776792908971,-8.058017727639034e-05
82795,31.003850064167736,0.9991941982272361,560,681,1241,0.0,-0.0008333472224535399,0.9995970991136207,-8.058017727639034e-05
82796,31.003016716945282,1.0,560,681,1241,0.0008058017727639033,-0.0008333472224535399,0.9995970991136207,0.0
82797,31.00218336972283,1.0,560,681,1241,0.0,-0.0008333472224535399,0.9996776792908971,8.058017727639034e-05
82798,31.001350022500375,1.0,560,681,1241,0.0,-0.0008333472224535399,0.9996776792908971,0.0
82799,31.00051667527792,1.0,560,681,1241,0.0,-0.0008333472224535399,0.9996776792908971,0.0
82800,30.999683328055468,1.0,560,681,1241,0.0,-0.0008333472224535399,0.9996776792908971,0.0
82801,30.998849980833015,1.0,560,681,1241,0.0,-0.0008333472224535399,0.9996776792908971,0.0
82802,30.99801663361056,0.9991941982272361,560,681,1241,-0.0008058017727639033,-0.0008333472224535399,0.9996776792908971,0.0
82803,30.997183286388104,1.0,560,681,1241,0.0008058017727639033,-0.0008333472224570926,0.9997582594681734,8.058017727639034e-05
82804,30.99634993916565,0.9991941982272361,560,681,1241,-0.0008058017727639033,-0.0008333472224535399,0.9997582594681734,0.0
82805,30.995516591943197,0.9983883964544722,560,681,1241,-0.0008058017727639033,-0.0008333472224535399,0.9996776792908971,-8.058017727639034e-05
82806,30.994683244720743,0.9983883964544722,560,681,1241,0.0,-0.0008333472224535399,0.9995165189363444,-0.00016116035455278067
82807,30.99384989749829,0.9991941982272361,560,681,1241,0.0008058017727639033,-0.0008333472224535399,0.9994359387590681,-8.058017727639034e-05
82808,30.993016550275836,1.0,560,681,1241,0.0008058017727639033,-0.0008333472224535399,0.9994359387590681,0.0
82809,30.992183203053383,1.0,560,681,1241,0.0,-0.0008333472224535399,0.9994359387590681,0.0
82810,30.99134985583093,1.0,560,681,1241,0.0,-0.0008333472224535399,0.9994359387590681,0.0
82811,30.990516508608476,0.9991941982272361,560,681,1241,-0.0008058017727639033,-0.0008333472224535399,0.9993553585817917,-8.058017727639034e-05
82812,30.989683161386022,0.9991941982272361,560,681,1241,0.0,-0.0008333472224535399,0.9993553585817917,0.0
82813,30.98884981416357,0.9991941982272361,560,681,1241,0.0,-0.0008333472224535399,0.9992747784045154,-8.058017727639034e-05
82814,30.988016466941115,1.0,560,681,1241,0.0008058017727639033,-0.0008333472224535399,0.9993553585817917,8.058017727639034e-05
82815,30.98718311971866,1.0,560,681,1241,0.0,-0.0008333472224535399,0.9995165189363444,0.00016116035455278067
82816,30.986349772496208,1.0,560,681,1241,0.0,-0.0008333472224535399,0.9996776792908971,0.00016116035455278067
82817,30.985516425273754,0.9991941982272361,560,681,1241,-0.0008058017727639033,-0.0008333472224535399,0.9996776792908971,0.0
82818,30.9846830780513,0.9991941982272361,560,681,1241,0.0,-0.0008333472224535399,0.9995970991136207,-8.058017727639034e-05
82819,30.983849730828847,0.9991941982272361,560,681,1241,0.0,-0.0008333472224535399,0.9995165189363444,-8.058017727639034e-05
82820,30.983016383606394,0.9991941982272361,560,681,1241,0.0,-0.0008333472224535399,0.9994359387590681,-8.058017727639034e-05
82821,30.98218303638394,1.0,560,681,1241,0.0008058017727639033,-0.0008333472224535399,0.9995165189363444,8.058017727639034e-05
82822,30.981349689161487,1.0,560,681,1241,0.0,-0.0008333472224535399,0.9995970991136207,8.058017727639034e-05
82823,30.980516341939033,1.0,560,681,1241,0.0,-0.0008333472224535399,0.9996776792908971,8.058017727639034e-05
82824,30.979682994716576,1.0,560,681,1241,0.0,-0.0008333472224570926,0.9996776792908971,0.0
82825,30.978849647494123,1.0,560,681,1241,0.0,-0.0008333472224535399,0.9996776792908971,0.0
82826,30.97801630027167,1.0,560,681,1241,0.0,-0.0008333472224535399,0.9996776792908971,0.0
82827,30.977182953049216,1.0,560,681,1241,0.0,-0.0008333472224535399,0.9997582594681734,8.058017727639034e-05
82828,30.976349605826762,0.9991941982272361,560,681,1241,-0.0008058017727639033,-0.0008333472224535399,0.9997582594681734,0.0
82829,30.97551625860431,0.9991941982272361,560,681,1241,0.0,-0.0008333472224535399,0.9997582594681734,0.0
82830,30.974682911381855,0.9991941982272361,560,681,1241,0.0,-0.0008333472224535399,0.9997582594681734,0.0
82831,30.9738495641594,0.9991941982272361,560,681,1241,0.0,-0.0008333472224535399,0.9996776792908971,-8.058017727639034e-05
82832,30.973016216936948,0.9991941982272361,560,681,1241,0.0,-0.0008333472224535399,0.9995970991136207,-8.058017727639034e-05
82833,30.972182869714494,0.9991941982272361,560,681,1241,0.0,-0.0008333472224535399,0.9995165189363444,-8.058017727639034e-05
82834,30.97134952249204,1.0,560,681,1241,0.0008058017727639033,-0.0008333472224535399,0.9995165189363444,0.0
82835,30.970516175269587,1.0,560,681,1241,0.0,-0.0008333472224535399,0.9995165189363444,0.0
82836,30.969682828047134,1.0,560,681,1241,0.0,-0.0008333472224535399,0.9995165189363444,0.0
82837,30.96884948082468,0.9991941982272361,560,681,1241,-0.0008058017727639033,-0.0008333472224535399,0.9994359387590681,-8.058017727639034e-05
82838,30.968016133602227,1.0,560,681,1241,0.0008058017727639033,-0.0008333472224535399,0.9995165189363444,8.058017727639034e-05
82839,30.967182786379773,1.0,560,681,1241,0.0,-0.0008333472224535399,0.9995970991136207,8.058017727639034e-05
82840,30.96634943915732,1.0,560,681,1241,0.0,-0.0008333472224535399,0.9996776792908971,8.058017727639034e-05
82841,30.965516091934866,1.0,560,681,1241,0.0,-0.0008333472224535399,0.9997582594681734,8.058017727639034e-05
82842,30.964682744712412,1.0,560,681,1241,0.0,-0.0008333472224535399,0.9998388396454498,8.058017727639034e-05
82843,30.96384939748996,1.0,560,681,1241,0.0,-0.0008333472224535399,0.9999194198227261,8.058017727639034e-05
82844,30.963016050267505,1.0,560,681,1241,0.0,-0.0008333472224535399,0.9999194198227261,0.0
82845,30.96218270304505,1.0,560,681,1241,0.0,-0.0008333472224570926,0.9999194198227261,0.0
82846,30.961349355822595,1.0,560,681,1241,0.0,-0.0008333472224535399,0.9999194198227261,0.0
82847,30.96051600860014,1.0,560,681,1241,0.0,-0.0008333472224535399,1.0000000000000024,8.058017727639034e-05
82848,30.959682661377688,1.0,560,681,1241,0.0,-0.0008333472224535399,1.0000000000000024,0.0
82849,30.958849314155234,1.0,560,681,1241,0.0,-0.0008333472224535399,1.0000000000000024,0.0
82850,30.95801596693278,1.0,560,681,1241,0.0,-0.0008333472224535399,1.0000000000000024,0.0
82851,30.957182619710327,1.0,560,681,1241,0.0,-0.0008333472224535399,1.0000000000000024,0.0
82852,30.956349272487873,1.0,560,681,1241,0.0,-0.0008333472224535399,1.0000000000000024,0.0
82853,30.95551592526542,1.0,560,681,1241,0.0,-0.0008333472224535399,1.0000000000000024,0.0
82854,30.954682578042966,1.0,560,681,1241,0.0,-0.0008333472224535399,1.0000000000000024,0.0
82855,30.953849230820513,1.0,560,681,1241,0.0,-0.0008333472224535399,1.0000000000000024,0.0
82856,30.95301588359806,1.0,560,681,1241,0.0,-0.0008333472224535399,1.0000000000000024,0.0
82857,30.952182536375606,1.0,560,681,1241,0.0,-0.0008333472224535399,1.0000000000000024,0.0
82858,30.951349189153152,1.0,560,681,1241,0.0,-0.0008333472224535399,1.0000000000000024,0.0
82859,30.9505158419307,1.0,560,681,1241,0.0,-0.0008333472224535399,1.0000000000000024,0.0
82860,30.949682494708245,1.0,560,681,1241,0.0,-0.0008333472224535399,1.0000000000000024,0.0
82861,30.94884914748579,1.0,560,681,1241,0.0,-0.0008333472224535399,1.0000000000000024,0.0
82862,30.948015800263338,1.0,560,681,1241,0.0,-0.0008333472224535399,1.0000000000000024,0.0
82863,30.947182453040885,1.0,560,681,1241,0.0,-0.0008333472224535399,1.0000000000000024,0.0
82864,30.94634910581843,0.9991941982272361,560,681,1241,-0.0008058017727639033,-0.0008333472224535399,0.9999194198227261,-8.058017727639034e-05
82865,30.945515758595977,1.0,560,681,1241,0.0008058017727639033,-0.0008333472224535399,0.9999194198227261,0.0
82866,30.94468241137352,1.0,560,681,1241,0.0,-0.0008333472224570926,0.9999194198227261,0.0
82867,30.943849064151067,1.0,560,681,1241,0.0,-0.0008333472224535399,0.9999194198227261,0.0
82868,30.943015716928613,1.0,560,681,1241,0.0,-0.0008333472224535399,0.9999194198227261,0.0
82869,30.94218236970616,1.0,560,681,1241,0.0,-0.0008333472224535399,0.9999194198227261,0.0
82870,30.941349022483706,1.0,560,681,1241,0.0,-0.0008333472224535399,0.9999194198227261,0.0
82871,30.940515675261253,1.0,560,681,1241,0.0,-0.0008333472224535399,0.9999194198227261,0.0
82872,30.9396823280388,1.0,560,681,1241,0.0,-0.0008333472224535399,0.9999194198227261,0.0
82873,30.938848980816346,1.0,560,681,1241,0.0,-0.0008333472224535399,0.9999194198227261,0.0
82874,30.938015633593892,1.0,560,681,1241,0.0,-0.0008333472224535399,1.0000000000000024,8.058017727639034e-05
82875,30.93718228637144,1.0,560,681,1241,0.0,-0.0008333472224535399,1.0000000000000024,0.0
82876,30.936348939148985,1.0,560,681,1241,0.0,-0.0008333472224535399,1.0000000000000024,0.0
82877,30.93551559192653,1.0,560,681,1241,0.0,-0.0008333472224535399,1.0000000000000024,0.0
82878,30.934682244704078,1.0,560,681,1241,0.0,-0.0008333472224535399,1.0000000000000024,0.0
82879,30.933848897481624,1.0,560,681,1241,0.0,-0.0008333472224535399,1.0000000000000024,0.0
82880,30.93301555025917,1.0,560,681,1241,0.0,-0.0008333472224535399,1.0000000000000024,0.0
82881,30.932182203036717,1.0,560,681,1241,0.0,-0.0008333472224535399,1.0000000000000024,0.0
82882,30.931348855814264,1.0,560,681,1241,0.0,-0.0008333472224535399,1.0000000000000024,0.0
82883,30.93051550859181,0.9991941982272361,560,681,1241,-0.0008058017727639033,-0.0008333472224535399,0.9999194198227261,-8.058017727639034e-05
82884,30.929682161369357,0.9991941982272361,560,681,1241,0.0,-0.0008333472224535399,0.9998388396454498,-8.058017727639034e-05
82885,30.928848814146903,0.9991941982272361,560,681,1241,0.0,-0.0008333472224535399,0.9997582594681734,-8.058017727639034e-05
82886,30.92801546692445,0.9991941982272361,560,681,1241,0.0,-0.0008333472224535399,0.9996776792908971,-8.058017727639034e-05
82887,30.927182119701992,0.9991941982272361,560,681,1241,0.0,-0.0008333472224570926,0.9995970991136207,-8.058017727639034e-05
82888,30.92634877247954,0.9991941982272361,560,681,1241,0.0,-0.0008333472224535399,0.9995165189363444,-8.058017727639034e-05
82889,30.925515425257085,0.9991941982272361,560,681,1241,0.0,-0.0008333472224535399,0.9994359387590681,-8.058017727639034e-05
82890,30.924682078034632,1.0,560,681,1241,0.0008058017727639033,-0.0008333472224535399,0.9994359387590681,0.0
82891,30.92384873081218,1.0,560,681,1241,0.0,-0.0008333472224535399,0.9994359387590681,0.0
82892,30.923015383589725,1.0,560,681,1241,0.0,-0.0008333472224535399,0.9994359387590681,0.0
82893,30.92218203636727,1.0,560,681,1241,0.0,-0.0008333472224535399,0.9995165189363444,8.058017727639034e-05
82894,30.921348689144818,1.0,560,681,1241,0.0,-0.0008333472224535399,0.9995970991136207,8.058017727639034e-05
82895,30.920515341922364,1.0,560,681,1241,0.0,-0.0008333472224535399,0.9996776792908971,8.058017727639034e-05
82896,30.91968199469991,0.9991941982272361,560,681,1241,-0.0008058017727639033,-0.0008333472224535399,0.9996776792908971,0.0
82897,30.918848647477457,0.9983883964544722,560,681,1241,-0.0008058017727639033,-0.0008333472224535399,0.9995970991136207,-8.058017727639034e-05
82898,30.918015300255004,0.9983883964544722,560,681,1241,0.0,-0.0008333472224535399,0.9995165189363444,-8.058017727639034e-05
82899,30.91718195303255,0.9983883964544722,560,681,1241,0.0,-0.0008333472224535399,0.9994359387590681,-8.058017727639034e-05
82900,30.916348605810096,1.0,560,681,1241,0.0016116035455278066,-0.0008333472224535399,0.9994359387590681,0.0
82901,30.915515258587643,1.0,560,681,1241,0.0,-0.0008333472224535399,0.9994359387590681,0.0
82902,30.91468191136519,1.0,560,681,1241,0.0,-0.0008333472224535399,0.9994359387590681,0.0
82903,30.913848564142736,1.0,560,681,1241,0.0,-0.0008333472224535399,0.9994359387590681,0.0
82904,30.913015216920282,1.0,560,681,1241,0.0,-0.0008333472224535399,0.9994359387590681,0.0
82905,30.91218186969783,1.0,560,681,1241,0.0,-0.0008333472224535399,0.9994359387590681,0.0
82906,30.911348522475375,1.0,560,681,1241,0.0,-0.0008333472224535399,0.9995165189363444,8.058017727639034e-05
82907,30.91051517525292,1.0,560,681,1241,0.0,-0.0008333472224535399,0.9996776792908971,0.00016116035455278067
82908,30.909681828030465,1.0,560,681,1241,0.0,-0.0008333472224570926,0.9998388396454498,0.00016116035455278067
82909,30.90884848080801,1.0,560,681,1241,0.0,-0.0008333472224535399,1.0000000000000024,0.00016116035455278067
82910,30.908015133585558,1.0,560,681,1241,0.0,-0.0008333472224535399,1.0000000000000024,0.0
82911,30.907181786363104,1.0,560,681,1241,0.0,-0.0008333472224535399,1.0000000000000024,0.0
82912,30.90634843914065,1.0,560,681,1241,0.0,-0.0008333472224535399,1.0000000000000024,0.0
82913,30.905515091918197,1.0,560,681,1241,0.0,-0.0008333472224535399,1.0000000000000024,0.0
82914,30.904681744695743,1.0,560,681,1241,0.0,-0.0008333472224535399,1.0000000000000024,0.0
82915,30.90384839747329,1.0,560,681,1241,0.0,-0.0008333472224535399,1.0000000000000024,0.0
82916,30.903015050250836,1.0,560,681,1241,0.0,-0.0008333472224535399,1.0000000000000024,0.0
82917,30.902181703028383,1.0,560,681,1241,0.0,-0.0008333472224535399,1.0000000000000024,0.0
82918,30.90134835580593,1.0,560,681,1241,0.0,-0.0008333472224535399,1.0000000000000024,0.0
82919,30.900515008583476,1.0,560,681,1241,0.0,-0.0008333472224535399,1.0000000000000024,0.0
82920,30.899681661361022,1.0,560,681,1241,0.0,-0.0008333472224535399,1.0000000000000024,0.0
82921,30.89884831413857,1.0,560,681,1241,0.0,-0.0008333472224535399,1.0000000000000024,0.0
82922,30.898014966916115,1.0,560,681,1241,0.0,-0.0008333472224535399,1.0000000000000024,0.0
82923,30.89718161969366,1.0,560,681,1241,0.0,-0.0008333472224535399,1.0000000000000024,0.0
82924,30.896348272471208,1.0,560,681,1241,0.0,-0.0008333472224535399,1.0000000000000024,0.0
82925,30.895514925248754,1.0,560,681,1241,0.0,-0.0008333472224535399,1.0000000000000024,0.0
82926,30.8946815780263,1.0,560,681,1241,0.0,-0.0008333472224535399,1.0000000000000024,0.0
82927,30.893848230803847,1.0,560,681,1241,0.0,-0.0008333472224535399,1.0000000000000024,0.0
82928,30.893014883581394,1.0,560,681,1241,0.0,-0.0008333472224535399,1.0000000000000024,0.0
82929,30.89218153635894,1.0,560,681,1241,0.0,-0.0008333472224535399,1.0000000000000024,0.0
82930,30.891348189136483,1.0,560,681,1241,0.0,-0.0008333472224570926,1.0000000000000024,0.0
82931,30.89051484191403,1.0,560,681,1241,0.0,-0.0008333472224535399,1.0000000000000024,0.0
82932,30.889681494691576,1.0,560,681,1241,0.0,-0.0008333472224535399,1.0000000000000024,0.0
82933,30.888848147469123,1.0,560,681,1241,0.0,-0.0008333472224535399,1.0000000000000024,0.0
82934,30.88801480024667,1.0,560,681,1241,0.0,-0.0008333472224535399,1.0000000000000024,0.0
82935,30.887181453024215,1.0,560,681,1241,0.0,-0.0008333472224535399,1.0000000000000024,0.0
82936,30.886348105801762,1.0,560,681,1241,0.0,-0.0008333472224535399,1.0000000000000024,0.0
82937,30.88551475857931,1.0,560,681,1241,0.0,-0.0008333472224535399,1.0000000000000024,0.0
82938,30.884681411356855,1.0,560,681,1241,0.0,-0.0008333472224535399,1.0000000000000024,0.0
82939,30.8838480641344,1.0,560,681,1241,0.0,-0.0008333472224535399,1.0000000000000024,0.0
82940,30.883014716911948,1.0,560,681,1241,0.0,-0.0008333472224535399,1.0000000000000024,0.0
82941,30.882181369689494,1.0,560,681,1241,0.0,-0.0008333472224535399,1.0000000000000024,0.0
82942,30.88134802246704,1.0,560,681,1241,0.0,-0.0008333472224535399,1.0000000000000024,0.0
82943,30.880514675244587,0.9991941982272361,560,681,1241,-0.0008058017727639033,-0.0008333472224535399,0.9999194198227261,-8.058017727639034e-05
82944,30.879681328022134,0.9991941982272361,560,681,1241,0.0,-0.0008333472224535399,0.9998388396454498,-8.058017727639034e-05
82945,30.87884798079968,1.0,560,681,1241,0.0008058017727639033,-0.0008333472224535399,0.9998388396454498,0.0
82946,30.878014633577227,1.0,560,681,1241,0.0,-0.0008333472224535399,0.9998388396454498,0.0
82947,30.877181286354773,1.0,560,681,1241,0.0,-0.0008333472224535399,0.9998388396454498,0.0
82948,30.87634793913232,1.0,560,681,1241,0.0,-0.0008333472224535399,0.9998388396454498,0.0
82949,30.875514591909866,1.0,560,681,1241,0.0,-0.0008333472224535399,0.9998388396454498,0.0
82950,30.874681244687412,1.0,560,681,1241,0.0,-0.0008333472224535399,0.9998388396454498,0.0
82951,30.873847897464955,1.0,560,681,1241,0.0,-0.0008333472224570926,0.9998388396454498,0.0
82952,30.8730145502425,1.0,560,681,1241,0.0,-0.0008333472224535399,0.9998388396454498,0.0
82953,30.872181203020048,1.0,560,681,1241,0.0,-0.0008333472224535399,0.9999194198227261,8.058017727639034e-05
82954,30.871347855797595,1.0,560,681,1241,0.0,-0.0008333472224535399,1.0000000000000024,8.058017727639034e-05
82955,30.87051450857514,1.0,560,681,1241,0.0,-0.0008333472224535399,1.0000000000000024,0.0
82956,30.869681161352688,1.0,560,681,1241,0.0,-0.0008333472224535399,1.0000000000000024,0.0
82957,30.868847814130234,0.9991941982272361,560,681,1241,-0.0008058017727639033,-0.0008333472224535399,0.9999194198227261,-8.058017727639034e-05
82958,30.86801446690778,0.9991941982272361,560,681,1241,0.0,-0.0008333472224535399,0.9998388396454498,-8.058017727639034e-05
82959,30.867181119685327,0.9991941982272361,560,681,1241,0.0,-0.0008333472224535399,0.9997582594681734,-8.058017727639034e-05
82960,30.866347772462873,1.0,560,681,1241,0.0008058017727639033,-0.0008333472224535399,0.9997582594681734,0.0
82961,30.86551442524042,1.0,560,681,1241,0.0,-0.0008333472224535399,0.9997582594681734,0.0
82962,30.864681078017966,1.0,560,681,1241,0.0,-0.0008333472224535399,0.9997582594681734,0.0
82963,30.863847730795513,1.0,560,681,1241,0.0,-0.0008333472224535399,0.9997582594681734,0.0
82964,30.86301438357306,1.0,560,681,1241,0.0,-0.0008333472224535399,0.9997582594681734,0.0
82965,30.862181036350606,0.9991941982272361,560,681,1241,-0.0008058017727639033,-0.0008333472224535399,0.9996776792908971,-8.058017727639034e-05
82966,30.861347689128152,1.0,560,681,1241,0.0008058017727639033,-0.0008333472224535399,0.9996776792908971,0.0
82967,30.8605143419057,1.0,560,681,1241,0.0,-0.0008333472224535399,0.9997582594681734,8.058017727639034e-05
82968,30.859680994683245,1.0,560,681,1241,0.0,-0.0008333472224535399,0.9998388396454498,8.058017727639034e-05
82969,30.85884764746079,1.0,560,681,1241,0.0,-0.0008333472224535399,0.9999194198227261,8.058017727639034e-05
82970,30.858014300238338,1.0,560,681,1241,0.0,-0.0008333472224535399,0.9999194198227261,0.0
82971,30.857180953015884,1.0,560,681,1241,0.0,-0.0008333472224535399,0.9999194198227261,0.0
82972,30.856347605793427,1.0,560,681,1241,0.0,-0.0008333472224570926,0.9999194198227261,0.0
82973,30.855514258570974,1.0,560,681,1241,0.0,-0.0008333472224535399,0.9999194198227261,0.0
82974,30.85468091134852,1.0,560,681,1241,0.0,-0.0008333472224535399,0.9999194198227261,0.0
82975,30.853847564126067,1.0,560,681,1241,0.0,-0.0008333472224535399,1.0000000000000024,8.058017727639034e-05
82976,30.853014216903613,1.0,560,681,1241,0.0,-0.0008333472224535399,1.0000000000000024,0.0
82977,30.85218086968116,1.0,560,681,1241,0.0,-0.0008333472224535399,1.0000000000000024,0.0
82978,30.851347522458706,1.0,560,681,1241,0.0,-0.0008333472224535399,1.0000000000000024,0.0
82979,30.850514175236253,1.0,560,681,1241,0.0,-0.0008333472224535399,1.0000000000000024,0.0
82980,30.8496808280138,1.0,560,681,1241,0.0,-0.0008333472224535399,1.0000000000000024,0.0
82981,30.848847480791346,1.0,560,681,1241,0.0,-0.0008333472224535399,1.0000000000000024,0.0
82982,30.848014133568892,1.0,560,681,1241,0.0,-0.0008333472224535399,1.0000000000000024,0.0
82983,30.84718078634644,1.0,560,681,1241,0.0,-0.0008333472224535399,1.0000000000000024,0.0
82984,30.846347439123985,1.0,560,681,1241,0.0,-0.0008333472224535399,1.0000000000000024,0.0
82985,30.84551409190153,1.0,560,681,1241,0.0,-0.0008333472224535399,1.0000000000000024,0.0
82986,30.844680744679078,1.0,560,681,1241,0.0,-0.0008333472224535399,1.0000000000000024,0.0
82987,30.843847397456624,1.0,560,681,1241,0.0,-0.0008333472224535399,1.0000000000000024,0.0
82988,30.84301405023417,1.0,560,681,1241,0.0,-0.0008333472224535399,1.0000000000000024,0.0
82989,30.842180703011717,1.0,560,681,1241,0.0,-0.0008333472224535399,1.0000000000000024,0.0
82990,30.841347355789264,1.0,560,681,1241,0.0,-0.0008333472224535399,1.0000000000000024,0.0
82991,30.84051400856681,1.0,560,681,1241,0.0,-0.0008333472224535399,1.0000000000000024,0.0
82992,30.839680661344357,1.0,560,681,1241,0.0,-0.0008333472224535399,1.0000000000000024,0.0
82993,30.8388473141219,1.0,560,681,1241,0.0,-0.0008333472224570926,1.0000000000000024,0.0
82994,30.838013966899446,1.0,560,681,1241,0.0,-0.0008333472224535399,1.0000000000000024,0.0
82995,30.837180619676992,1.0,560,681,1241,0.0,-0.0008333472224535399,1.0000000000000024,0.0
82996,30.83634727245454,1.0,560,681,1241,0.0,-0.0008333472224535399,1.0000000000000024,0.0
82997,30.835513925232085,1.0,560,681,1241,0.0,-0.0008333472224535399,1.0000000000000024,0.0
82998,30.834680578009632,0.9991941982272361,560,681,1241,-0.0008058017727639033,-0.0008333472224535399,0.9999194198227261,-8.058017727639034e-05
82999,30.83384723078718,1.0,560,681,1241,0.0008058017727639033,-0.0008333472224535399,0.9999194198227261,0.0
83000,30.833013883564725,1.0,560,681,1241,0.0,-0.0008333472224535399,0.9999194198227261,0.0
83001,30.83218053634227,1.0,560,681,1241,0.0,-0.0008333472224535399,0.9999194198227261,0.0
83002,30.831347189119818,1.0,560,681,1241,0.0,-0.0008333472224535399,0.9999194198227261,0.0
83003,30.830513841897364,1.0,560,681,1241,0.0,-0.0008333472224535399,0.9999194198227261,0.0
83004,30.82968049467491,1.0,560,681,1241,0.0,-0.0008333472224535399,0.9999194198227261,0.0
83005,30.828847147452457,1.0,560,681,1241,0.0,-0.0008333472224535399,0.9999194198227261,0.0
83006,30.828013800230003,1.0,560,681,1241,0.0,-0.0008333472224535399,0.9999194198227261,0.0
83007,30.82718045300755,1.0,560,681,1241,0.0,-0.0008333472224535399,0.9999194198227261,0.0
83008,30.826347105785096,1.0,560,681,1241,0.0,-0.0008333472224535399,1.0000000000000024,8.058017727639034e-05
83009,30.825513758562643,0.9991941982272361,560,681,1241,-0.0008058017727639033,-0.0008333472224535399,0.9999194198227261,-8.058017727639034e-05
83010,30.82468041134019,1.0,560,681,1241,0.0008058017727639033,-0.0008333472224535399,0.9999194198227261,0.0
83011,30.823847064117736,0.9991941982272361,560,681,1241,-0.0008058017727639033,-0.0008333472224535399,0.9998388396454498,-8.058017727639034e-05
83012,30.823013716895282,1.0,560,681,1241,0.0008058017727639033,-0.0008333472224535399,0.9998388396454498,0.0
83013,30.82218036967283,0.9991941982272361,560,681,1241,-0.0008058017727639033,-0.0008333472224535399,0.9997582594681734,-8.058017727639034e-05
83014,30.82134702245037,0.9983883964544722,560,681,1241,-0.0008058017727639033,-0.0008333472224570926,0.9995970991136207,-0.00016116035455278067
83015,30.820513675227918,0.9983883964544722,560,681,1241,0.0,-0.0008333472224535399,0.9994359387590681,-0.00016116035455278067
83016,30.819680328005465,0.9991941982272361,560,681,1241,0.0008058017727639033,-0.0008333472224535399,0.9993553585817917,-8.058017727639034e-05
83017,30.81884698078301,0.9991941982272361,560,681,1241,0.0,-0.0008333472224535399,0.9992747784045154,-8.058017727639034e-05
83018,30.818013633560557,0.9991941982272361,560,681,1241,0.0,-0.0008333472224535399,0.999194198227239,-8.058017727639034e-05
83019,30.817180286338104,0.9983883964544722,560,681,1241,-0.0008058017727639033,-0.0008333472224535399,0.9991136180499627,-8.058017727639034e-05
83020,30.81634693911565,0.9983883964544722,560,681,1241,0.0,-0.0008333472224535399,0.99895245769541,-0.00016116035455278067
83021,30.815513591893197,0.9991941982272361,560,681,1241,0.0008058017727639033,-0.0008333472224535399,0.99895245769541,0.0
83022,30.814680244670743,0.9991941982272361,560,681,1241,0.0,-0.0008333472224535399,0.9988718775181337,-8.058017727639034e-05
83023,30.81384689744829,1.0,560,681,1241,0.0008058017727639033,-0.0008333472224535399,0.99895245769541,8.058017727639034e-05
83024,30.813013550225836,1.0,560,681,1241,0.0,-0.0008333472224535399,0.9991136180499627,0.00016116035455278067
83025,30.812180203003383,1.0,560,681,1241,0.0,-0.0008333472224535399,0.9992747784045154,0.00016116035455278067
83026,30.81134685578093,0.9991941982272361,560,681,1241,-0.0008058017727639033,-0.0008333472224535399,0.9992747784045154,0.0
83027,30.810513508558476,0.9991941982272361,560,681,1241,0.0,-0.0008333472224535399,0.9992747784045154,0.0
83028,30.809680161336022,0.9991941982272361,560,681,1241,0.0,-0.0008333472224535399,0.9992747784045154,0.0
83029,30.80884681411357,1.0,560,681,1241,0.0008058017727639033,-0.0008333472224535399,0.9994359387590681,0.00016116035455278067
83030,30.808013466891115,1.0,560,681,1241,0.0,-0.0008333472224535399,0.9995970991136207,0.00016116035455278067
83031,30.80718011966866,1.0,560,681,1241,0.0,-0.0008333472224535399,0.9996776792908971,8.058017727639034e-05
83032,30.806346772446208,1.0,560,681,1241,0.0,-0.0008333472224535399,0.9997582594681734,8.058017727639034e-05
83033,30.805513425223754,1.0,560,681,1241,0.0,-0.0008333472224535399,0.9997582594681734,0.0
83034,30.8046800780013,1.0,560,681,1241,0.0,-0.0008333472224535399,0.9997582594681734,0.0
83035,30.803846730778847,1.0,560,681,1241,0.0,-0.0008333472224535399,0.9997582594681734,0.0
83036,30.80301338355639,1.0,560,681,1241,0.0,-0.0008333472224570926,0.9998388396454498,8.058017727639034e-05
83037,30.802180036333937,1.0,560,681,1241,0.0,-0.0008333472224535399,0.9999194198227261,8.058017727639034e-05
83038,30.801346689111483,1.0,560,681,1241,0.0,-0.0008333472224535399,1.0000000000000024,8.058017727639034e-05
83039,30.80051334188903,0.9991941982272361,560,681,1241,-0.0008058017727639033,-0.0008333472224535399,0.9999194198227261,-8.058017727639034e-05
83040,30.799679994666576,0.9983883964544722,560,681,1241,-0.0008058017727639033,-0.0008333472224535399,0.9997582594681734,-0.00016116035455278067
83041,30.798846647444122,0.9991941982272361,560,681,1241,0.0008058017727639033,-0.0008333472224535399,0.9996776792908971,-8.058017727639034e-05
83042,30.79801330022167,0.9991941982272361,560,681,1241,0.0,-0.0008333472224535399,0.9995970991136207,-8.058017727639034e-05
83043,30.797179952999215,1.0,560,681,1241,0.0008058017727639033,-0.0008333472224535399,0.9995970991136207,0.0
83044,30.796346605776762,1.0,560,681,1241,0.0,-0.0008333472224535399,0.9995970991136207,0.0
83045,30.79551325855431,1.0,560,681,1241,0.0,-0.0008333472224535399,0.9995970991136207,0.0
83046,30.794679911331855,1.0,560,681,1241,0.0,-0.0008333472224535399,0.9995970991136207,0.0
83047,30.7938465641094,1.0,560,681,1241,0.0,-0.0008333472224535399,0.9995970991136207,0.0
83048,30.793013216886948,1.0,560,681,1241,0.0,-0.0008333472224535399,0.9995970991136207,0.0
83049,30.792179869664494,1.0,560,681,1241,0.0,-0.0008333472224535399,0.9996776792908971,8.058017727639034e-05
83050,30.79134652244204,1.0,560,681,1241,0.0,-0.0008333472224535399,0.9998388396454498,0.00016116035455278067
83051,30.790513175219587,0.9991941982272361,560,681,1241,-0.0008058017727639033,-0.0008333472224535399,0.9998388396454498,0.0
83052,30.789679827997134,0.9983883964544722,560,681,1241,-0.0008058017727639033,-0.0008333472224535399,0.9997582594681734,-8.058017727639034e-05
83053,30.78884648077468,0.9991941982272361,560,681,1241,0.0008058017727639033,-0.0008333472224535399,0.9996776792908971,-8.058017727639034e-05
83054,30.788013133552226,0.9991941982272361,560,681,1241,0.0,-0.0008333472224535399,0.9995970991136207,-8.058017727639034e-05
83055,30.787179786329773,1.0,560,681,1241,0.0008058017727639033,-0.0008333472224535399,0.9995970991136207,0.0
83056,30.78634643910732,1.0,560,681,1241,0.0,-0.0008333472224535399,0.9995970991136207,0.0
83057,30.785513091884862,0.9991941982272361,560,681,1241,-0.0008058017727639033,-0.0008333472224570926,0.9995165189363444,-8.058017727639034e-05
83058,30.78467974466241,1.0,560,681,1241,0.0008058017727639033,-0.0008333472224535399,0.9995165189363444,0.0
83059,30.783846397439955,1.0,560,681,1241,0.0,-0.0008333472224535399,0.9995165189363444,0.0
83060,30.7830130502175,1.0,560,681,1241,0.0,-0.0008333472224535399,0.9995165189363444,0.0
83061,30.782179702995048,1.0,560,681,1241,0.0,-0.0008333472224535399,0.9995970991136207,8.058017727639034e-05
83062,30.781346355772595,1.0,560,681,1241,0.0,-0.0008333472224535399,0.9997582594681734,0.00016116035455278067
83063,30.78051300855014,1.0,560,681,1241,0.0,-0.0008333472224535399,0.9998388396454498,8.058017727639034e-05
83064,30.779679661327688,1.0,560,681,1241,0.0,-0.0008333472224535399,0.9999194198227261,8.058017727639034e-05
83065,30.778846314105234,1.0,560,681,1241,0.0,-0.0008333472224535399,0.9999194198227261,0.0
83066,30.77801296688278,1.0,560,681,1241,0.0,-0.0008333472224535399,0.9999194198227261,0.0
83067,30.777179619660327,1.0,560,681,1241,0.0,-0.0008333472224535399,1.0000000000000024,8.058017727639034e-05
83068,30.776346272437873,1.0,560,681,1241,0.0,-0.0008333472224535399,1.0000000000000024,0.0
83069,30.77551292521542,1.0,560,681,1241,0.0,-0.0008333472224535399,1.0000000000000024,0.0
83070,30.774679577992966,1.0,560,681,1241,0.0,-0.0008333472224535399,1.0000000000000024,0.0
83071,30.773846230770513,1.0,560,681,1241,0.0,-0.0008333472224535399,1.0000000000000024,0.0
83072,30.77301288354806,1.0,560,681,1241,0.0,-0.0008333472224535399,1.0000000000000024,0.0
83073,30.772179536325606,1.0,560,681,1241,0.0,-0.0008333472224535399,1.0000000000000024,0.0
83074,30.771346189103152,1.0,560,681,1241,0.0,-0.0008333472224535399,1.0000000000000024,0.0
83075,30.7705128418807,1.0,560,681,1241,0.0,-0.0008333472224535399,1.0000000000000024,0.0
83076,30.769679494658245,1.0,560,681,1241,0.0,-0.0008333472224535399,1.0000000000000024,0.0
83077,30.76884614743579,1.0,560,681,1241,0.0,-0.0008333472224535399,1.0000000000000024,0.0
83078,30.768012800213334,0.9991941982272361,560,681,1241,-0.0008058017727639033,-0.0008333472224570926,0.9999194198227261,-8.058017727639034e-05
83079,30.76717945299088,0.9991941982272361,560,681,1241,0.0,-0.0008333472224535399,0.9998388396454498,-8.058017727639034e-05
83080,30.766346105768427,1.0,560,681,1241,0.0008058017727639033,-0.0008333472224535399,0.9998388396454498,0.0
83081,30.765512758545974,1.0,560,681,1241,0.0,-0.0008333472224535399,0.9998388396454498,0.0
83082,30.76467941132352,1.0,560,681,1241,0.0,-0.0008333472224535399,0.9998388396454498,0.0
83083,30.763846064101067,1.0,560,681,1241,0.0,-0.0008333472224535399,0.9998388396454498,0.0
83084,30.763012716878613,1.0,560,681,1241,0.0,-0.0008333472224535399,0.9998388396454498,0.0
83085,30.76217936965616,1.0,560,681,1241,0.0,-0.0008333472224535399,0.9998388396454498,0.0
83086,30.761346022433706,1.0,560,681,1241,0.0,-0.0008333472224535399,0.9998388396454498,0.0
83087,30.760512675211253,1.0,560,681,1241,0.0,-0.0008333472224535399,0.9998388396454498,0.0
83088,30.7596793279888,1.0,560,681,1241,0.0,-0.0008333472224535399,0.9999194198227261,8.058017727639034e-05
83089,30.758845980766345,1.0,560,681,1241,0.0,-0.0008333472224535399,1.0000000000000024,8.058017727639034e-05
83090,30.758012633543892,1.0,560,681,1241,0.0,-0.0008333472224535399,1.0000000000000024,0.0
83091,30.75717928632144,1.0,560,681,1241,0.0,-0.0008333472224535399,1.0000000000000024,0.0
83092,30.756345939098985,1.0,560,681,1241,0.0,-0.0008333472224535399,1.0000000000000024,0.0
83093,30.75551259187653,1.0,560,681,1241,0.0,-0.0008333472224535399,1.0000000000000024,0.0
83094,30.754679244654078,1.0,560,681,1241,0.0,-0.0008333472224535399,1.0000000000000024,0.0
83095,30.753845897431624,1.0,560,681,1241,0.0,-0.0008333472224535399,1.0000000000000024,0.0
83096,30.75301255020917,0.9991941982272361,560,681,1241,-0.0008058017727639033,-0.0008333472224535399,0.9999194198227261,-8.058017727639034e-05
83097,30.752179202986717,0.9991941982272361,560,681,1241,0.0,-0.0008333472224535399,0.9998388396454498,-8.058017727639034e-05
83098,30.751345855764264,1.0,560,681,1241,0.0008058017727639033,-0.0008333472224535399,0.9998388396454498,0.0
83099,30.750512508541807,1.0,560,681,1241,0.0,-0.0008333472224570926,0.9998388396454498,0.0
83100,30.749679161319353,1.0,560,681,1241,0.0,-0.0008333472224535399,0.9998388396454498,0.0
83101,30.7488458140969,1.0,560,681,1241,0.0,-0.0008333472224535399,0.9998388396454498,0.0
83102,30.748012466874446,1.0,560,681,1241,0.0,-0.0008333472224535399,0.9998388396454498,0.0
83103,30.747179119651992,1.0,560,681,1241,0.0,-0.0008333472224535399,0.9998388396454498,0.0
83104,30.74634577242954,1.0,560,681,1241,0.0,-0.0008333472224535399,0.9998388396454498,0.0
83105,30.745512425207085,0.9991941982272361,560,681,1241,-0.0008058017727639033,-0.0008333472224535399,0.9997582594681734,-8.058017727639034e-05
83106,30.74467907798463,0.9991941982272361,560,681,1241,0.0,-0.0008333472224535399,0.9997582594681734,0.0
83107,30.743845730762178,1.0,560,681,1241,0.0008058017727639033,-0.0008333472224535399,0.9998388396454498,8.058017727639034e-05
83108,30.743012383539725,0.9991941982272361,560,681,1241,-0.0008058017727639033,-0.0008333472224535399,0.9997582594681734,-8.058017727639034e-05
83109,30.74217903631727,0.9991941982272361,560,681,1241,0.0,-0.0008333472224535399,0.9996776792908971,-8.058017727639034e-05
83110,30.741345689094818,1.0,560,681,1241,0.0008058017727639033,-0.0008333472224535399,0.9996776792908971,0.0
83111,30.740512341872364,1.0,560,681,1241,0.0,-0.0008333472224535399,0.9996776792908971,0.0
83112,30.73967899464991,1.0,560,681,1241,0.0,-0.0008333472224535399,0.9996776792908971,0.0
83113,30.738845647427457,1.0,560,681,1241,0.0,-0.0008333472224535399,0.9996776792908971,0.0
83114,30.738012300205003,1.0,560,681,1241,0.0,-0.0008333472224535399,0.9996776792908971,0.0
83115,30.73717895298255,1.0,560,681,1241,0.0,-0.0008333472224535399,0.9997582594681734,8.058017727639034e-05
83116,30.736345605760096,1.0,560,681,1241,0.0,-0.0008333472224535399,0.9998388396454498,8.058017727639034e-05
83117,30.735512258537643,1.0,560,681,1241,0.0,-0.0008333472224535399,0.9998388396454498,0.0
83118,30.73467891131519,1.0,560,681,1241,0.0,-0.0008333472224535399,0.9999194198227261,8.058017727639034e-05
83119,30.733845564092736,1.0,560,681,1241,0.0,-0.0008333472224535399,1.0000000000000024,8.058017727639034e-05
83120,30.73301221687028,1.0,560,681,1241,0.0,-0.0008333472224570926,1.0000000000000024,0.0
83121,30.732178869647825,1.0,560,681,1241,0.0,-0.0008333472224535399,1.0000000000000024,0.0
83122,30.73134552242537,0.9991941982272361,560,681,1241,-0.0008058017727639033,-0.0008333472224535399,0.9999194198227261,-8.058017727639034e-05
83123,30.730512175202918,1.0,560,681,1241,0.0008058017727639033,-0.0008333472224535399,0.9999194198227261,0.0
83124,30.729678827980464,1.0,560,681,1241,0.0,-0.0008333472224535399,0.9999194198227261,0.0
83125,30.72884548075801,1.0,560,681,1241,0.0,-0.0008333472224535399,0.9999194198227261,0.0
83126,30.728012133535557,1.0,560,681,1241,0.0,-0.0008333472224535399,0.9999194198227261,0.0
83127,30.727178786313104,1.0,560,681,1241,0.0,-0.0008333472224535399,0.9999194198227261,0.0
83128,30.72634543909065,1.0,560,681,1241,0.0,-0.0008333472224535399,0.9999194198227261,0.0
83129,30.725512091868197,1.0,560,681,1241,0.0,-0.0008333472224535399,0.9999194198227261,0.0
83130,30.724678744645743,1.0,560,681,1241,0.0,-0.0008333472224535399,0.9999194198227261,0.0
83131,30.72384539742329,0.9991941982272361,560,681,1241,-0.0008058017727639033,-0.0008333472224535399,0.9998388396454498,-8.058017727639034e-05
83132,30.723012050200836,0.9991941982272361,560,681,1241,0.0,-0.0008333472224535399,0.9998388396454498,0.0
83133,30.722178702978383,1.0,560,681,1241,0.0008058017727639033,-0.0008333472224535399,0.9998388396454498,0.0
83134,30.72134535575593,1.0,560,681,1241,0.0,-0.0008333472224535399,0.9998388396454498,0.0
83135,30.720512008533476,0.9991941982272361,560,681,1241,-0.0008058017727639033,-0.0008333472224535399,0.9997582594681734,-8.058017727639034e-05
83136,30.719678661311022,0.9991941982272361,560,681,1241,0.0,-0.0008333472224535399,0.9996776792908971,-8.058017727639034e-05
83137,30.71884531408857,0.9991941982272361,560,681,1241,0.0,-0.0008333472224535399,0.9995970991136207,-8.058017727639034e-05
83138,30.718011966866115,0.9983883964544722,560,681,1241,-0.0008058017727639033,-0.0008333472224535399,0.9994359387590681,-0.00016116035455278067
83139,30.71717861964366,0.9975825946817083,560,681,1241,-0.0008058017727639033,-0.0008333472224535399,0.9991941982272389,-0.00024174053182917098
83140,30.716345272421208,0.9975825946817083,560,681,1241,0.0,-0.0008333472224535399,0.9989524576954096,-0.00024174053182917098
83141,30.71551192519875,0.9983883964544722,560,681,1241,0.0008058017727639033,-0.0008333472224570926,0.9988718775181333,-8.058017727639034e-05
83142,30.714678577976297,0.9983883964544722,560,681,1241,0.0,-0.0008333472224535399,0.9987912973408569,-8.058017727639034e-05
83143,30.713845230753844,0.9983883964544722,560,681,1241,0.0,-0.0008333472224535399,0.9986301369863042,-0.00016116035455278067
83144,30.71301188353139,0.9983883964544722,560,681,1241,0.0,-0.0008333472224535399,0.9984689766317516,-0.00016116035455278067
83145,30.712178536308937,0.9983883964544722,560,681,1241,0.0,-0.0008333472224535399,0.9983883964544752,-8.058017727639034e-05
83146,30.711345189086483,0.9983883964544722,560,681,1241,0.0,-0.0008333472224535399,0.9983078162771989,-8.058017727639034e-05
83147,30.71051184186403,0.9983883964544722,560,681,1241,0.0,-0.0008333472224535399,0.9982272360999225,-8.058017727639034e-05
83148,30.709678494641576,0.9975825946817083,560,681,1241,-0.0008058017727639033,-0.0008333472224535399,0.9981466559226462,-8.058017727639034e-05
83149,30.708845147419122,0.9975825946817083,560,681,1241,0.0,-0.0008333472224535399,0.9981466559226462,0.0
83150,30.70801180019667,0.9983883964544722,560,681,1241,0.0008058017727639033,-0.0008333472224535399,0.9982272360999227,8.058017727639034e-05
83151,30.707178452974215,0.9983883964544722,560,681,1241,0.0,-0.0008333472224535399,0.9982272360999225,0.0
83152,30.706345105751762,0.9983883964544722,560,681,1241,0.0,-0.0008333472224535399,0.9982272360999225,0.0
83153,30.70551175852931,0.9991941982272361,560,681,1241,0.0008058017727639033,-0.0008333472224535399,0.9983078162771989,8.058017727639034e-05
83154,30.704678411306855,0.9991941982272361,560,681,1241,0.0,-0.0008333472224535399,0.9983883964544752,8.058017727639034e-05
83155,30.7038450640844,1.0,560,681,1241,0.0008058017727639033,-0.0008333472224535399,0.9985495568090279,0.00016116035455278067
83156,30.703011716861948,1.0,560,681,1241,0.0,-0.0008333472224535399,0.9987107171635806,0.00016116035455278067
83157,30.702178369639494,1.0,560,681,1241,0.0,-0.0008333472224535399,0.9988718775181333,0.00016116035455278067
83158,30.70134502241704,1.0,560,681,1241,0.0,-0.0008333472224535399,0.9991136180499625,0.00024174053182917098
83159,30.700511675194587,1.0,560,681,1241,0.0,-0.0008333472224535399,0.9993553585817917,0.00024174053182917098
83160,30.699678327972133,1.0,560,681,1241,0.0,-0.0008333472224535399,0.9995165189363444,0.00016116035455278067
83161,30.69884498074968,1.0,560,681,1241,0.0,-0.0008333472224535399,0.9996776792908971,0.00016116035455278067
83162,30.698011633527226,1.0,560,681,1241,0.0,-0.0008333472224535399,0.9998388396454498,0.00016116035455278067
83163,30.69717828630477,1.0,560,681,1241,0.0,-0.0008333472224570926,0.9999194198227261,8.058017727639034e-05
83164,30.696344939082316,1.0,560,681,1241,0.0,-0.0008333472224535399,1.0000000000000024,8.058017727639034e-05
83165,30.695511591859862,1.0,560,681,1241,0.0,-0.0008333472224535399,1.0000000000000024,0.0
83166,30.69467824463741,1.0,560,681,1241,0.0,-0.0008333472224535399,1.0000000000000024,0.0
83167,30.693844897414955,1.0,560,681,1241,0.0,-0.0008333472224535399,1.0000000000000024,0.0
83168,30.6930115501925,1.0,560,681,1241,0.0,-0.0008333472224535399,1.0000000000000024,0.0
83169,30.692178202970048,1.0,560,681,1241,0.0,-0.0008333472224535399,1.0000000000000024,0.0
83170,30.691344855747595,1.0,560,681,1241,0.0,-0.0008333472224535399,1.0000000000000024,0.0
83171,30.69051150852514,1.0,560,681,1241,0.0,-0.0008333472224535399,1.0000000000000024,0.0
83172,30.689678161302687,1.0,560,681,1241,0.0,-0.0008333472224535399,1.0000000000000024,0.0
83173,30.688844814080234,1.0,560,681,1241,0.0,-0.0008333472224535399,1.0000000000000024,0.0
83174,30.68801146685778,1.0,560,681,1241,0.0,-0.0008333472224535399,1.0000000000000024,0.0
83175,30.687178119635327,1.0,560,681,1241,0.0,-0.0008333472224535399,1.0000000000000024,0.0
83176,30.686344772412873,1.0,560,681,1241,0.0,-0.0008333472224535399,1.0000000000000024,0.0
83177,30.68551142519042,1.0,560,681,1241,0.0,-0.0008333472224535399,1.0000000000000024,0.0
83178,30.684678077967966,1.0,560,681,1241,0.0,-0.0008333472224535399,1.0000000000000024,0.0
83179,30.683844730745513,1.0,560,681,1241,0.0,-0.0008333472224535399,1.0000000000000024,0.0
83180,30.68301138352306,1.0,560,681,1241,0.0,-0.0008333472224535399,1.0000000000000024,0.0
83181,30.682178036300606,0.9983883964544722,560,681,1241,-0.0016116035455278066,-0.0008333472224535399,0.9998388396454498,-0.00016116035455278067
83182,30.681344689078152,0.9983883964544722,560,681,1241,0.0,-0.0008333472224535399,0.9996776792908971,-0.00016116035455278067
83183,30.6805113418557,0.9991941982272361,560,681,1241,0.0008058017727639033,-0.0008333472224535399,0.9995970991136207,-8.058017727639034e-05
83184,30.67967799463324,1.0,560,681,1241,0.0008058017727639033,-0.0008333472224570926,0.9995970991136207,0.0
83185,30.678844647410788,1.0,560,681,1241,0.0,-0.0008333472224535399,0.9995970991136207,0.0
83186,30.678011300188334,1.0,560,681,1241,0.0,-0.0008333472224535399,0.9995970991136207,0.0
83187,30.67717795296588,1.0,560,681,1241,0.0,-0.0008333472224535399,0.9995970991136207,0.0
83188,30.676344605743427,1.0,560,681,1241,0.0,-0.0008333472224535399,0.9995970991136207,0.0
83189,30.675511258520974,1.0,560,681,1241,0.0,-0.0008333472224535399,0.9995970991136207,0.0
83190,30.67467791129852,1.0,560,681,1241,0.0,-0.0008333472224535399,0.9995970991136207,0.0
83191,30.673844564076067,0.9991941982272361,560,681,1241,-0.0008058017727639033,-0.0008333472224535399,0.9996776792908971,8.058017727639034e-05
83192,30.673011216853613,0.9991941982272361,560,681,1241,0.0,-0.0008333472224535399,0.9997582594681734,8.058017727639034e-05
83193,30.67217786963116,0.9991941982272361,560,681,1241,0.0,-0.0008333472224535399,0.9997582594681734,0.0
83194,30.671344522408706,0.9991941982272361,560,681,1241,0.0,-0.0008333472224535399,0.9996776792908971,-8.058017727639034e-05
83195,30.670511175186252,0.9991941982272361,560,681,1241,0.0,-0.0008333472224535399,0.9995970991136207,-8.058017727639034e-05
83196,30.6696778279638,1.0,560,681,1241,0.0008058017727639033,-0.0008333472224535399,0.9995970991136207,0.0
83197,30.668844480741345,1.0,560,681,1241,0.0,-0.0008333472224535399,0.9995970991136207,0.0
83198,30.668011133518892,1.0,560,681,1241,0.0,-0.0008333472224535399,0.9995970991136207,0.0
83199,30.66717778629644,0.9991941982272361,560,681,1241,-0.0008058017727639033,-0.0008333472224535399,0.9995165189363444,-8.058017727639034e-05
83200,30.666344439073985,0.9991941982272361,560,681,1241,0.0,-0.0008333472224535399,0.9994359387590681,-8.058017727639034e-05
83201,30.66551109185153,1.0,560,681,1241,0.0008058017727639033,-0.0008333472224535399,0.9995165189363444,8.058017727639034e-05
83202,30.664677744629078,1.0,560,681,1241,0.0,-0.0008333472224535399,0.9995970991136207,8.058017727639034e-05
83203,30.663844397406624,1.0,560,681,1241,0.0,-0.0008333472224535399,0.9996776792908971,8.058017727639034e-05
83204,30.66301105018417,1.0,560,681,1241,0.0,-0.0008333472224535399,0.9997582594681734,8.058017727639034e-05
83205,30.662177702961714,0.9991941982272361,560,681,1241,-0.0008058017727639033,-0.0008333472224570926,0.9997582594681734,0.0
83206,30.66134435573926,1.0,560,681,1241,0.0008058017727639033,-0.0008333472224535399,0.9997582594681734,0.0
83207,30.660511008516806,1.0,560,681,1241,0.0,-0.0008333472224535399,0.9997582594681734,0.0
83208,30.659677661294353,0.9991941982272361,560,681,1241,-0.0008058017727639033,-0.0008333472224535399,0.9996776792908971,-8.058017727639034e-05
83209,30.6588443140719,0.9991941982272361,560,681,1241,0.0,-0.0008333472224535399,0.9996776792908971,0.0
83210,30.658010966849446,1.0,560,681,1241,0.0008058017727639033,-0.0008333472224535399,0.9997582594681734,8.058017727639034e-05
83211,30.657177619626992,0.9991941982272361,560,681,1241,-0.0008058017727639033,-0.0008333472224535399,0.9996776792908971,-8.058017727639034e-05
83212,30.65634427240454,0.9991941982272361,560,681,1241,0.0,-0.0008333472224535399,0.9995970991136207,-8.058017727639034e-05
83213,30.655510925182085,0.9983883964544722,560,681,1241,-0.0008058017727639033,-0.0008333472224535399,0.9994359387590681,-0.00016116035455278067
83214,30.65467757795963,0.9983883964544722,560,681,1241,0.0,-0.0008333472224535399,0.9992747784045154,-0.00016116035455278067
83215,30.653844230737178,0.9991941982272361,560,681,1241,0.0008058017727639033,-0.0008333472224535399,0.9992747784045154,0.0
83216,30.653010883514725,1.0,560,681,1241,0.0008058017727639033,-0.0008333472224535399,0.9992747784045154,0.0
83217,30.65217753629227,1.0,560,681,1241,0.0,-0.0008333472224535399,0.9992747784045154,0.0
83218,30.651344189069818,0.9991941982272361,560,681,1241,-0.0008058017727639033,-0.0008333472224535399,0.9992747784045154,0.0
83219,30.650510841847364,0.9991941982272361,560,681,1241,0.0,-0.0008333472224535399,0.9992747784045154,0.0
83220,30.64967749462491,0.9983883964544722,560,681,1241,-0.0008058017727639033,-0.0008333472224535399,0.9991136180499627,-0.00016116035455278067
83221,30.648844147402457,0.9983883964544722,560,681,1241,0.0,-0.0008333472224535399,0.9990330378726864,-8.058017727639034e-05
83222,30.648010800180003,0.9991941982272361,560,681,1241,0.0008058017727639033,-0.0008333472224535399,0.9990330378726864,0.0
83223,30.64717745295755,0.9991941982272361,560,681,1241,0.0,-0.0008333472224535399,0.9991136180499627,8.058017727639034e-05
83224,30.646344105735096,0.9991941982272361,560,681,1241,0.0,-0.0008333472224535399,0.999194198227239,8.058017727639034e-05
83225,30.645510758512643,0.9983883964544722,560,681,1241,-0.0008058017727639033,-0.0008333472224535399,0.9991136180499627,-8.058017727639034e-05
83226,30.644677411290186,0.9983883964544722,560,681,1241,0.0,-0.0008333472224570926,0.99895245769541,-0.00016116035455278067
83227,30.643844064067732,0.9991941982272361,560,681,1241,0.0008058017727639033,-0.0008333472224535399,0.9988718775181337,-8.058017727639034e-05
83228,30.64301071684528,1.0,560,681,1241,0.0008058017727639033,-0.0008333472224535399,0.99895245769541,8.058017727639034e-05
83229,30.642177369622825,1.0,560,681,1241,0.0,-0.0008333472224535399,0.9990330378726864,8.058017727639034e-05
83230,30.64134402240037,1.0,560,681,1241,0.0,-0.0008333472224535399,0.999194198227239,0.00016116035455278067
83231,30.640510675177918,1.0,560,681,1241,0.0,-0.0008333472224535399,0.9993553585817917,0.00016116035455278067
83232,30.639677327955464,1.0,560,681,1241,0.0,-0.0008333472224535399,0.9994359387590681,8.058017727639034e-05
83233,30.63884398073301,1.0,560,681,1241,0.0,-0.0008333472224535399,0.9995165189363444,8.058017727639034e-05
83234,30.638010633510557,1.0,560,681,1241,0.0,-0.0008333472224535399,0.9995970991136207,8.058017727639034e-05
83235,30.637177286288104,1.0,560,681,1241,0.0,-0.0008333472224535399,0.9997582594681734,0.00016116035455278067
83236,30.63634393906565,1.0,560,681,1241,0.0,-0.0008333472224535399,0.9999194198227261,0.00016116035455278067
83237,30.635510591843197,1.0,560,681,1241,0.0,-0.0008333472224535399,1.0000000000000024,8.058017727639034e-05
83238,30.634677244620743,0.9991941982272361,560,681,1241,-0.0008058017727639033,-0.0008333472224535399,0.9999194198227261,-8.058017727639034e-05
83239,30.63384389739829,0.9991941982272361,560,681,1241,0.0,-0.0008333472224535399,0.9998388396454498,-8.058017727639034e-05
83240,30.633010550175836,0.9991941982272361,560,681,1241,0.0,-0.0008333472224535399,0.9997582594681734,-8.058017727639034e-05
83241,30.632177202953383,0.9991941982272361,560,681,1241,0.0,-0.0008333472224535399,0.9996776792908971,-8.058017727639034e-05
83242,30.63134385573093,0.9991941982272361,560,681,1241,0.0,-0.0008333472224535399,0.9995970991136207,-8.058017727639034e-05
83243,30.630510508508475,0.9991941982272361,560,681,1241,0.0,-0.0008333472224535399,0.9995165189363444,-8.058017727639034e-05
83244,30.629677161286022,0.9983883964544722,560,681,1241,-0.0008058017727639033,-0.0008333472224535399,0.9993553585817917,-0.00016116035455278067
83245,30.62884381406357,0.9983883964544722,560,681,1241,0.0,-0.0008333472224535399,0.999194198227239,-0.00016116035455278067
83246,30.628010466841115,0.9983883964544722,560,681,1241,0.0,-0.0008333472224535399,0.9990330378726864,-0.00016116035455278067
83247,30.627177119618658,0.9967767929089444,560,681,1241,-0.0016116035455278066,-0.0008333472224570926,0.9987107171635807,-0.00032232070910556134
83248,30.626343772396204,0.9975825946817083,560,681,1241,0.0008058017727639033,-0.0008333472224535399,0.9985495568090279,-0.00016116035455278067
83249,30.62551042517375,0.9967767929089444,560,681,1241,-0.0008058017727639033,-0.0008333472224535399,0.9983078162771987,-0.00024174053182917098
83250,30.624677077951297,0.9967767929089444,560,681,1241,0.0,-0.0008333472224535399,0.9980660757453694,-0.00024174053182917098
83251,30.623843730728844,0.9975825946817083,560,681,1241,0.0008058017727639033,-0.0008333472224535399,0.9979049153908166,-0.00016116035455278067
83252,30.62301038350639,0.9975825946817083,560,681,1241,0.0,-0.0008333472224535399,0.9977437550362638,-0.00016116035455278067
83253,30.622177036283937,0.9975825946817083,560,681,1241,0.0,-0.0008333472224535399,0.9975825946817108,-0.00016116035455278067
83254,30.621343689061483,0.9975825946817083,560,681,1241,0.0,-0.0008333472224535399,0.9975020145044343,-8.058017727639034e-05
83255,30.62051034183903,0.9983883964544722,560,681,1241,0.0008058017727639033,-0.0008333472224535399,0.9975020145044343,0.0
83256,30.619676994616576,0.9983883964544722,560,681,1241,0.0,-0.0008333472224535399,0.9975020145044343,0.0
83257,30.618843647394122,0.9983883964544722,560,681,1241,0.0,-0.0008333472224535399,0.9976631748589873,0.00016116035455278067
83258,30.61801030017167,0.9983883964544722,560,681,1241,0.0,-0.0008333472224535399,0.9977437550362636,8.058017727639034e-05
83259,30.617176952949215,0.9983883964544722,560,681,1241,0.0,-0.0008333472224535399,0.9979049153908163,0.00016116035455278067
83260,30.61634360572676,0.9983883964544722,560,681,1241,0.0,-0.0008333472224535399,0.998066075745369,0.00016116035455278067
83261,30.615510258504308,1.0,560,681,1241,0.0016116035455278066,-0.0008333472224535399,0.9983078162771981,0.00024174053182917098
83262,30.614676911281855,1.0,560,681,1241,0.0,-0.0008333472224535399,0.9985495568090273,0.00024174053182917098
83263,30.6138435640594,1.0,560,681,1241,0.0,-0.0008333472224535399,0.9987912973408566,0.00024174053182917098
83264,30.613010216836948,1.0,560,681,1241,0.0,-0.0008333472224535399,0.9990330378726858,0.00024174053182917098
83265,30.612176869614494,1.0,560,681,1241,0.0,-0.0008333472224535399,0.9991941982272387,0.00016116035455278067
83266,30.61134352239204,1.0,560,681,1241,0.0,-0.0008333472224535399,0.9993553585817914,0.00016116035455278067
83267,30.610510175169587,1.0,560,681,1241,0.0,-0.0008333472224535399,0.9995165189363441,0.00016116035455278067
83268,30.609676827947133,1.0,560,681,1241,0.0,-0.0008333472224535399,0.9996776792908968,0.00016116035455278067
83269,30.608843480724676,1.0,560,681,1241,0.0,-0.0008333472224570926,0.9998388396454494,0.00016116035455278067
83270,30.608010133502223,1.0,560,681,1241,0.0,-0.0008333472224535399,1.0000000000000022,0.00016116035455278067
83271,30.60717678627977,1.0,560,681,1241,0.0,-0.0008333472224535399,1.0000000000000022,0.0
83272,30.606343439057316,0.9991941982272361,560,681,1241,-0.0008058017727639033,-0.0008333472224535399,0.9999194198227258,-8.058017727639034e-05
83273,30.605510091834862,0.9991941982272361,560,681,1241,0.0,-0.0008333472224535399,0.9998388396454494,-8.058017727639034e-05
83274,30.60467674461241,1.0,560,681,1241,0.0008058017727639033,-0.0008333472224535399,0.9998388396454494,0.0
83275,30.603843397389955,1.0,560,681,1241,0.0,-0.0008333472224535399,0.9998388396454494,0.0
83276,30.6030100501675,0.9991941982272361,560,681,1241,-0.0008058017727639033,-0.0008333472224535399,0.9997582594681731,-8.058017727639034e-05
83277,30.602176702945048,0.9991941982272361,560,681,1241,0.0,-0.0008333472224535399,0.9996776792908968,-8.058017727639034e-05
83278,30.601343355722594,0.9991941982272361,560,681,1241,0.0,-0.0008333472224535399,0.9995970991136204,-8.058017727639034e-05
83279,30.60051000850014,1.0,560,681,1241,0.0008058017727639033,-0.0008333472224535399,0.9995970991136204,0.0
83280,30.599676661277687,1.0,560,681,1241,0.0,-0.0008333472224535399,0.9995970991136204,0.0
83281,30.598843314055234,1.0,560,681,1241,0.0,-0.0008333472224535399,0.9995970991136204,0.0
83282,30.59800996683278,1.0,560,681,1241,0.0,-0.0008333472224535399,0.9996776792908968,8.058017727639034e-05
83283,30.597176619610327,1.0,560,681,1241,0.0,-0.0008333472224535399,0.9997582594681731,8.058017727639034e-05
83284,30.596343272387873,1.0,560,681,1241,0.0,-0.0008333472224535399,0.9997582594681731,0.0
83285,30.59550992516542,1.0,560,681,1241,0.0,-0.0008333472224535399,0.9997582594681731,0.0
83286,30.594676577942966,1.0,560,681,1241,0.0,-0.0008333472224535399,0.9998388396454494,8.058017727639034e-05
83287,30.593843230720513,0.9991941982272361,560,681,1241,-0.0008058017727639033,-0.0008333472224535399,0.9998388396454494,0.0
83288,30.59300988349806,1.0,560,681,1241,0.0008058017727639033,-0.0008333472224535399,0.9999194198227258,8.058017727639034e-05
83289,30.592176536275606,1.0,560,681,1241,0.0,-0.0008333472224535399,0.9999194198227258,0.0
83290,30.59134318905315,1.0,560,681,1241,0.0,-0.0008333472224570926,0.9999194198227258,0.0
83291,30.590509841830695,1.0,560,681,1241,0.0,-0.0008333472224535399,0.9999194198227258,0.0
83292,30.58967649460824,1.0,560,681,1241,0.0,-0.0008333472224535399,0.9999194198227258,0.0
83293,30.588843147385788,1.0,560,681,1241,0.0,-0.0008333472224535399,0.9999194198227258,0.0
83294,30.588009800163334,1.0,560,681,1241,0.0,-0.0008333472224535399,0.9999194198227258,0.0
83295,30.58717645294088,1.0,560,681,1241,0.0,-0.0008333472224535399,0.9999194198227258,0.0
83296,30.586343105718427,1.0,560,681,1241,0.0,-0.0008333472224535399,0.9999194198227258,0.0
83297,30.585509758495974,1.0,560,681,1241,0.0,-0.0008333472224535399,1.0000000000000022,8.058017727639034e-05
83298,30.58467641127352,1.0,560,681,1241,0.0,-0.0008333472224535399,1.0000000000000022,0.0
83299,30.583843064051067,1.0,560,681,1241,0.0,-0.0008333472224535399,1.0000000000000022,0.0
83300,30.583009716828613,1.0,560,681,1241,0.0,-0.0008333472224535399,1.0000000000000022,0.0
83301,30.58217636960616,1.0,560,681,1241,0.0,-0.0008333472224535399,1.0000000000000022,0.0
83302,30.581343022383706,1.0,560,681,1241,0.0,-0.0008333472224535399,1.0000000000000022,0.0
83303,30.580509675161252,1.0,560,681,1241,0.0,-0.0008333472224535399,1.0000000000000022,0.0
83304,30.5796763279388,1.0,560,681,1241,0.0,-0.0008333472224535399,1.0000000000000022,0.0
83305,30.578842980716345,1.0,560,681,1241,0.0,-0.0008333472224535399,1.0000000000000022,0.0
83306,30.578009633493892,1.0,560,681,1241,0.0,-0.0008333472224535399,1.0000000000000022,0.0
83307,30.57717628627144,1.0,560,681,1241,0.0,-0.0008333472224535399,1.0000000000000022,0.0
83308,30.576342939048985,1.0,560,681,1241,0.0,-0.0008333472224535399,1.0000000000000022,0.0
83309,30.57550959182653,1.0,560,681,1241,0.0,-0.0008333472224535399,1.0000000000000022,0.0
83310,30.574676244604078,0.9991941982272361,560,681,1241,-0.0008058017727639033,-0.0008333472224535399,0.9999194198227258,-8.058017727639034e-05
83311,30.57384289738162,0.9991941982272361,560,681,1241,0.0,-0.0008333472224570926,0.9998388396454494,-8.058017727639034e-05
83312,30.573009550159167,0.9991941982272361,560,681,1241,0.0,-0.0008333472224535399,0.9997582594681731,-8.058017727639034e-05
83313,30.572176202936713,1.0,560,681,1241,0.0008058017727639033,-0.0008333472224535399,0.9997582594681731,0.0
83314,30.57134285571426,1.0,560,681,1241,0.0,-0.0008333472224535399,0.9997582594681731,0.0
83315,30.570509508491806,1.0,560,681,1241,0.0,-0.0008333472224535399,0.9997582594681731,0.0
83316,30.569676161269353,1.0,560,681,1241,0.0,-0.0008333472224535399,0.9997582594681731,0.0
83317,30.5688428140469,0.9991941982272361,560,681,1241,-0.0008058017727639033,-0.0008333472224535399,0.9996776792908968,-8.058017727639034e-05
83318,30.568009466824446,0.9991941982272361,560,681,1241,0.0,-0.0008333472224535399,0.9995970991136204,-8.058017727639034e-05
83319,30.567176119601992,0.9991941982272361,560,681,1241,0.0,-0.0008333472224535399,0.9995165189363441,-8.058017727639034e-05
83320,30.56634277237954,1.0,560,681,1241,0.0008058017727639033,-0.0008333472224535399,0.9995970991136204,8.058017727639034e-05
83321,30.565509425157085,1.0,560,681,1241,0.0,-0.0008333472224535399,0.9996776792908968,8.058017727639034e-05
83322,30.56467607793463,1.0,560,681,1241,0.0,-0.0008333472224535399,0.9997582594681731,8.058017727639034e-05
83323,30.563842730712178,1.0,560,681,1241,0.0,-0.0008333472224535399,0.9997582594681731,0.0
83324,30.563009383489725,1.0,560,681,1241,0.0,-0.0008333472224535399,0.9997582594681731,0.0
83325,30.56217603626727,1.0,560,681,1241,0.0,-0.0008333472224535399,0.9997582594681731,0.0
83326,30.561342689044817,1.0,560,681,1241,0.0,-0.0008333472224535399,0.9997582594681731,0.0
83327,30.560509341822364,1.0,560,681,1241,0.0,-0.0008333472224535399,0.9998388396454494,8.058017727639034e-05
83328,30.55967599459991,1.0,560,681,1241,0.0,-0.0008333472224535399,0.9999194198227258,8.058017727639034e-05
83329,30.558842647377457,1.0,560,681,1241,0.0,-0.0008333472224535399,1.0000000000000022,8.058017727639034e-05
83330,30.558009300155003,0.9991941982272361,560,681,1241,-0.0008058017727639033,-0.0008333472224535399,0.9999194198227258,-8.058017727639034e-05
83331,30.55717595293255,0.9983883964544722,560,681,1241,-0.0008058017727639033,-0.0008333472224535399,0.9997582594681731,-0.00016116035455278067
83332,30.556342605710093,0.9983883964544722,560,681,1241,0.0,-0.0008333472224570926,0.9995970991136204,-0.00016116035455278067
83333,30.55550925848764,0.9983883964544722,560,681,1241,0.0,-0.0008333472224535399,0.9994359387590677,-0.00016116035455278067
83334,30.554675911265186,0.9983883964544722,560,681,1241,0.0,-0.0008333472224535399,0.9992747784045151,-0.00016116035455278067
83335,30.553842564042732,0.9991941982272361,560,681,1241,0.0008058017727639033,-0.0008333472224535399,0.9991941982272387,-8.058017727639034e-05
83336,30.55300921682028,0.9991941982272361,560,681,1241,0.0,-0.0008333472224535399,0.9991136180499623,-8.058017727639034e-05
83337,30.552175869597825,0.9991941982272361,560,681,1241,0.0,-0.0008333472224535399,0.9990330378726859,-8.058017727639034e-05
83338,30.55134252237537,0.9991941982272361,560,681,1241,0.0,-0.0008333472224535399,0.9989524576954096,-8.058017727639034e-05
83339,30.550509175152918,0.9991941982272361,560,681,1241,0.0,-0.0008333472224535399,0.9988718775181333,-8.058017727639034e-05
83340,30.549675827930464,0.9991941982272361,560,681,1241,0.0,-0.0008333472224535399,0.9988718775181333,0.0
83341,30.54884248070801,0.9991941982272361,560,681,1241,0.0,-0.0008333472224535399,0.9989524576954096,8.058017727639034e-05
83342,30.548009133485557,1.0,560,681,1241,0.0008058017727639033,-0.0008333472224535399,0.9991136180499623,0.00016116035455278067
83343,30.547175786263104,1.0,560,681,1241,0.0,-0.0008333472224535399,0.9992747784045151,0.00016116035455278067
83344,30.54634243904065,1.0,560,681,1241,0.0,-0.0008333472224535399,0.9994359387590677,0.00016116035455278067
83345,30.545509091818197,1.0,560,681,1241,0.0,-0.0008333472224535399,0.9995165189363441,8.058017727639034e-05
83346,30.544675744595743,0.9991941982272361,560,681,1241,-0.0008058017727639033,-0.0008333472224535399,0.9995165189363441,0.0
83347,30.54384239737329,0.9991941982272361,560,681,1241,0.0,-0.0008333472224535399,0.9995165189363441,0.0
83348,30.543009050150836,0.9991941982272361,560,681,1241,0.0,-0.0008333472224535399,0.9995165189363441,0.0
83349,30.542175702928382,1.0,560,681,1241,0.0008058017727639033,-0.0008333472224535399,0.9995970991136204,8.058017727639034e-05
83350,30.54134235570593,1.0,560,681,1241,0.0,-0.0008333472224535399,0.9996776792908968,8.058017727639034e-05
83351,30.540509008483475,1.0,560,681,1241,0.0,-0.0008333472224535399,0.9997582594681731,8.058017727639034e-05
83352,30.539675661261022,1.0,560,681,1241,0.0,-0.0008333472224535399,0.9997582594681731,0.0
83353,30.538842314038565,1.0,560,681,1241,0.0,-0.0008333472224570926,0.9997582594681731,0.0
83354,30.53800896681611,1.0,560,681,1241,0.0,-0.0008333472224535399,0.9997582594681731,0.0
83355,30.537175619593658,1.0,560,681,1241,0.0,-0.0008333472224535399,0.9997582594681731,0.0
83356,30.536342272371204,1.0,560,681,1241,0.0,-0.0008333472224535399,0.9998388396454494,8.058017727639034e-05
83357,30.53550892514875,1.0,560,681,1241,0.0,-0.0008333472224535399,0.9999194198227258,8.058017727639034e-05
83358,30.534675577926297,1.0,560,681,1241,0.0,-0.0008333472224535399,1.0000000000000022,8.058017727639034e-05
83359,30.533842230703844,1.0,560,681,1241,0.0,-0.0008333472224535399,1.0000000000000022,0.0
83360,30.53300888348139,0.9991941982272361,560,681,1241,-0.0008058017727639033,-0.0008333472224535399,0.9999194198227258,-8.058017727639034e-05
83361,30.532175536258936,1.0,560,681,1241,0.0008058017727639033,-0.0008333472224535399,0.9999194198227258,0.0
83362,30.531342189036483,0.9991941982272361,560,681,1241,-0.0008058017727639033,-0.0008333472224535399,0.9998388396454494,-8.058017727639034e-05
83363,30.53050884181403,0.9991941982272361,560,681,1241,0.0,-0.0008333472224535399,0.9997582594681731,-8.058017727639034e-05
83364,30.529675494591576,1.0,560,681,1241,0.0008058017727639033,-0.0008333472224535399,0.9997582594681731,0.0
83365,30.528842147369122,1.0,560,681,1241,0.0,-0.0008333472224535399,0.9997582594681731,0.0
83366,30.52800880014667,1.0,560,681,1241,0.0,-0.0008333472224535399,0.9997582594681731,0.0
83367,30.527175452924215,1.0,560,681,1241,0.0,-0.0008333472224535399,0.9997582594681731,0.0
83368,30.52634210570176,1.0,560,681,1241,0.0,-0.0008333472224535399,0.9997582594681731,0.0
83369,30.525508758479308,1.0,560,681,1241,0.0,-0.0008333472224535399,0.9997582594681731,0.0
83370,30.524675411256855,1.0,560,681,1241,0.0,-0.0008333472224535399,0.9998388396454494,8.058017727639034e-05
83371,30.5238420640344,1.0,560,681,1241,0.0,-0.0008333472224535399,0.9998388396454494,0.0
83372,30.523008716811947,1.0,560,681,1241,0.0,-0.0008333472224535399,0.9999194198227258,8.058017727639034e-05
83373,30.522175369589494,1.0,560,681,1241,0.0,-0.0008333472224535399,1.0000000000000022,8.058017727639034e-05
83374,30.521342022367037,1.0,560,681,1241,0.0,-0.0008333472224570926,1.0000000000000022,0.0
83375,30.520508675144583,1.0,560,681,1241,0.0,-0.0008333472224535399,1.0000000000000022,0.0
83376,30.51967532792213,1.0,560,681,1241,0.0,-0.0008333472224535399,1.0000000000000022,0.0
83377,30.518841980699676,1.0,560,681,1241,0.0,-0.0008333472224535399,1.0000000000000022,0.0
83378,30.518008633477223,1.0,560,681,1241,0.0,-0.0008333472224535399,1.0000000000000022,0.0
83379,30.51717528625477,1.0,560,681,1241,0.0,-0.0008333472224535399,1.0000000000000022,0.0
83380,30.516341939032316,1.0,560,681,1241,0.0,-0.0008333472224535399,1.0000000000000022,0.0
83381,30.515508591809862,1.0,560,681,1241,0.0,-0.0008333472224535399,1.0000000000000022,0.0
83382,30.51467524458741,1.0,560,681,1241,0.0,-0.0008333472224535399,1.0000000000000022,0.0
83383,30.513841897364955,1.0,560,681,1241,0.0,-0.0008333472224535399,1.0000000000000022,0.0
83384,30.5130085501425,1.0,560,681,1241,0.0,-0.0008333472224535399,1.0000000000000022,0.0
83385,30.512175202920048,1.0,560,681,1241,0.0,-0.0008333472224535399,1.0000000000000022,0.0
83386,30.511341855697594,1.0,560,681,1241,0.0,-0.0008333472224535399,1.0000000000000022,0.0
83387,30.51050850847514,1.0,560,681,1241,0.0,-0.0008333472224535399,1.0000000000000022,0.0
83388,30.509675161252687,1.0,560,681,1241,0.0,-0.0008333472224535399,1.0000000000000022,0.0
83389,30.508841814030234,1.0,560,681,1241,0.0,-0.0008333472224535399,1.0000000000000022,0.0
83390,30.50800846680778,1.0,560,681,1241,0.0,-0.0008333472224535399,1.0000000000000022,0.0
83391,30.507175119585327,0.9991941982272361,560,681,1241,-0.0008058017727639033,-0.0008333472224535399,0.9999194198227258,-8.058017727639034e-05
83392,30.506341772362873,0.9991941982272361,560,681,1241,0.0,-0.0008333472224535399,0.9998388396454494,-8.058017727639034e-05
83393,30.50550842514042,0.9991941982272361,560,681,1241,0.0,-0.0008333472224535399,0.9997582594681731,-8.058017727639034e-05
83394,30.504675077917966,0.9991941982272361,560,681,1241,0.0,-0.0008333472224535399,0.9996776792908968,-8.058017727639034e-05
83395,30.503841730695513,0.9983883964544722,560,681,1241,-0.0008058017727639033,-0.0008333472224535399,0.9995165189363441,-0.00016116035455278067
83396,30.503008383473055,1.0,560,681,1241,0.0016116035455278066,-0.0008333472224570926,0.9995165189363441,0.0
83397,30.502175036250602,1.0,560,681,1241,0.0,-0.0008333472224535399,0.9995165189363441,0.0
83398,30.50134168902815,1.0,560,681,1241,0.0,-0.0008333472224535399,0.9995165189363441,0.0
83399,30.500508341805695,1.0,560,681,1241,0.0,-0.0008333472224535399,0.9995165189363441,0.0
83400,30.49967499458324,0.9991941982272361,560,681,1241,-0.0008058017727639033,-0.0008333472224535399,0.9994359387590677,-8.058017727639034e-05
83401,30.498841647360788,1.0,560,681,1241,0.0008058017727639033,-0.0008333472224535399,0.9995165189363441,8.058017727639034e-05
83402,30.498008300138334,1.0,560,681,1241,0.0,-0.0008333472224535399,0.9995970991136204,8.058017727639034e-05
83403,30.49717495291588,0.9991941982272361,560,681,1241,-0.0008058017727639033,-0.0008333472224535399,0.9995970991136204,0.0
83404,30.496341605693427,0.9991941982272361,560,681,1241,0.0,-0.0008333472224535399,0.9995970991136204,0.0
83405,30.495508258470974,0.9991941982272361,560,681,1241,0.0,-0.0008333472224535399,0.9996776792908968,8.058017727639034e-05
83406,30.49467491124852,0.9983883964544722,560,681,1241,-0.0008058017727639033,-0.0008333472224535399,0.9995165189363441,-0.00016116035455278067
83407,30.493841564026066,0.9991941982272361,560,681,1241,0.0008058017727639033,-0.0008333472224535399,0.9994359387590677,-8.058017727639034e-05
83408,30.493008216803613,0.9991941982272361,560,681,1241,0.0,-0.0008333472224535399,0.9993553585817914,-8.058017727639034e-05
83409,30.49217486958116,1.0,560,681,1241,0.0008058017727639033,-0.0008333472224535399,0.9993553585817914,0.0
83410,30.491341522358706,1.0,560,681,1241,0.0,-0.0008333472224535399,0.9994359387590677,8.058017727639034e-05
83411,30.490508175136252,1.0,560,681,1241,0.0,-0.0008333472224535399,0.9994359387590677,0.0
83412,30.4896748279138,1.0,560,681,1241,0.0,-0.0008333472224535399,0.9994359387590677,0.0
83413,30.488841480691345,0.9991941982272361,560,681,1241,-0.0008058017727639033,-0.0008333472224535399,0.9994359387590677,0.0
83414,30.48800813346889,0.9991941982272361,560,681,1241,0.0,-0.0008333472224535399,0.9994359387590677,0.0
83415,30.487174786246438,1.0,560,681,1241,0.0008058017727639033,-0.0008333472224535399,0.9995165189363441,8.058017727639034e-05
83416,30.486341439023985,1.0,560,681,1241,0.0,-0.0008333472224535399,0.9996776792908968,0.00016116035455278067
83417,30.485508091801528,1.0,560,681,1241,0.0,-0.0008333472224570926,0.9997582594681731,8.058017727639034e-05
83418,30.484674744579074,0.9991941982272361,560,681,1241,-0.0008058017727639033,-0.0008333472224535399,0.9997582594681731,0.0
83419,30.48384139735662,0.9991941982272361,560,681,1241,0.0,-0.0008333472224535399,0.9996776792908968,-8.058017727639034e-05
83420,30.483008050134167,0.9991941982272361,560,681,1241,0.0,-0.0008333472224535399,0.9995970991136204,-8.058017727639034e-05
83421,30.482174702911713,0.9991941982272361,560,681,1241,0.0,-0.0008333472224535399,0.9995165189363441,-8.058017727639034e-05
83422,30.48134135568926,0.9983883964544722,560,681,1241,-0.0008058017727639033,-0.0008333472224535399,0.9993553585817914,-0.00016116035455278067
83423,30.480508008466806,0.9991941982272361,560,681,1241,0.0008058017727639033,-0.0008333472224535399,0.9993553585817914,0.0
83424,30.479674661244353,0.9991941982272361,560,681,1241,0.0,-0.0008333472224535399,0.9993553585817914,0.0
83425,30.4788413140219,0.9991941982272361,560,681,1241,0.0,-0.0008333472224535399,0.9992747784045151,-8.058017727639034e-05
83426,30.478007966799446,1.0,560,681,1241,0.0008058017727639033,-0.0008333472224535399,0.9992747784045151,0.0
83427,30.477174619576992,1.0,560,681,1241,0.0,-0.0008333472224535399,0.9992747784045151,0.0
83428,30.47634127235454,1.0,560,681,1241,0.0,-0.0008333472224535399,0.9993553585817914,8.058017727639034e-05
83429,30.475507925132085,1.0,560,681,1241,0.0,-0.0008333472224535399,0.9994359387590677,8.058017727639034e-05
83430,30.47467457790963,1.0,560,681,1241,0.0,-0.0008333472224535399,0.9995165189363441,8.058017727639034e-05
83431,30.473841230687178,1.0,560,681,1241,0.0,-0.0008333472224535399,0.9995970991136204,8.058017727639034e-05
83432,30.473007883464724,1.0,560,681,1241,0.0,-0.0008333472224535399,0.9997582594681731,0.00016116035455278067
83433,30.47217453624227,1.0,560,681,1241,0.0,-0.0008333472224535399,0.9998388396454494,8.058017727639034e-05
83434,30.471341189019817,1.0,560,681,1241,0.0,-0.0008333472224535399,0.9999194198227258,8.058017727639034e-05
83435,30.470507841797364,1.0,560,681,1241,0.0,-0.0008333472224535399,1.0000000000000022,8.058017727639034e-05
83436,30.46967449457491,1.0,560,681,1241,0.0,-0.0008333472224535399,1.0000000000000022,0.0
83437,30.468841147352457,1.0,560,681,1241,0.0,-0.0008333472224535399,1.0000000000000022,0.0
83438,30.46800780013,1.0,560,681,1241,0.0,-0.0008333472224570926,1.0000000000000022,0.0
83439,30.467174452907546,1.0,560,681,1241,0.0,-0.0008333472224535399,1.0000000000000022,0.0
83440,30.466341105685093,1.0,560,681,1241,0.0,-0.0008333472224535399,1.0000000000000022,0.0
83441,30.46550775846264,1.0,560,681,1241,0.0,-0.0008333472224535399,1.0000000000000022,0.0
83442,30.464674411240185,1.0,560,681,1241,0.0,-0.0008333472224535399,1.0000000000000022,0.0
83443,30.463841064017732,1.0,560,681,1241,0.0,-0.0008333472224535399,1.0000000000000022,0.0
83444,30.46300771679528,1.0,560,681,1241,0.0,-0.0008333472224535399,1.0000000000000022,0.0
83445,30.462174369572825,1.0,560,681,1241,0.0,-0.0008333472224535399,1.0000000000000022,0.0
83446,30.46134102235037,1.0,560,681,1241,0.0,-0.0008333472224535399,1.0000000000000022,0.0
83447,30.460507675127918,1.0,560,681,1241,0.0,-0.0008333472224535399,1.0000000000000022,0.0
83448,30.459674327905464,1.0,560,681,1241,0.0,-0.0008333472224535399,1.0000000000000022,0.0
83449,30.45884098068301,1.0,560,681,1241,0.0,-0.0008333472224535399,1.0000000000000022,0.0
83450,30.458007633460557,1.0,560,681,1241,0.0,-0.0008333472224535399,1.0000000000000022,0.0
83451,30.457174286238104,1.0,560,681,1241,0.0,-0.0008333472224535399,1.0000000000000022,0.0
83452,30.45634093901565,1.0,560,681,1241,0.0,-0.0008333472224535399,1.0000000000000022,0.0
83453,30.455507591793197,1.0,560,681,1241,0.0,-0.0008333472224535399,1.0000000000000022,0.0
83454,30.454674244570743,1.0,560,681,1241,0.0,-0.0008333472224535399,1.0000000000000022,0.0
83455,30.45384089734829,1.0,560,681,1241,0.0,-0.0008333472224535399,1.0000000000000022,0.0
83456,30.453007550125836,1.0,560,681,1241,0.0,-0.0008333472224535399,1.0000000000000022,0.0
83457,30.452174202903382,1.0,560,681,1241,0.0,-0.0008333472224535399,1.0000000000000022,0.0
83458,30.45134085568093,1.0,560,681,1241,0.0,-0.0008333472224535399,1.0000000000000022,0.0
83459,30.45050750845847,1.0,560,681,1241,0.0,-0.0008333472224570926,1.0000000000000022,0.0
83460,30.449674161236018,1.0,560,681,1241,0.0,-0.0008333472224535399,1.0000000000000022,0.0
83461,30.448840814013565,1.0,560,681,1241,0.0,-0.0008333472224535399,1.0000000000000022,0.0
83462,30.44800746679111,1.0,560,681,1241,0.0,-0.0008333472224535399,1.0000000000000022,0.0
83463,30.447174119568658,1.0,560,681,1241,0.0,-0.0008333472224535399,1.0000000000000022,0.0
83464,30.446340772346204,1.0,560,681,1241,0.0,-0.0008333472224535399,1.0000000000000022,0.0
83465,30.44550742512375,0.9991941982272361,560,681,1241,-0.0008058017727639033,-0.0008333472224535399,0.9999194198227258,-8.058017727639034e-05
83466,30.444674077901297,0.9991941982272361,560,681,1241,0.0,-0.0008333472224535399,0.9998388396454494,-8.058017727639034e-05
83467,30.443840730678843,0.9991941982272361,560,681,1241,0.0,-0.0008333472224535399,0.9997582594681731,-8.058017727639034e-05
83468,30.44300738345639,0.9991941982272361,560,681,1241,0.0,-0.0008333472224535399,0.9996776792908968,-8.058017727639034e-05
83469,30.442174036233936,0.9991941982272361,560,681,1241,0.0,-0.0008333472224535399,0.9995970991136204,-8.058017727639034e-05
83470,30.441340689011483,0.9991941982272361,560,681,1241,0.0,-0.0008333472224535399,0.9995165189363441,-8.058017727639034e-05
83471,30.44050734178903,0.9991941982272361,560,681,1241,0.0,-0.0008333472224535399,0.9994359387590677,-8.058017727639034e-05
83472,30.439673994566576,1.0,560,681,1241,0.0008058017727639033,-0.0008333472224535399,0.9994359387590677,0.0
83473,30.438840647344122,0.9991941982272361,560,681,1241,-0.0008058017727639033,-0.0008333472224535399,0.9993553585817914,-8.058017727639034e-05
83474,30.43800730012167,0.9991941982272361,560,681,1241,0.0,-0.0008333472224535399,0.9992747784045151,-8.058017727639034e-05
83475,30.437173952899215,0.9991941982272361,560,681,1241,0.0,-0.0008333472224535399,0.9992747784045151,0.0
83476,30.43634060567676,0.9991941982272361,560,681,1241,0.0,-0.0008333472224535399,0.9992747784045151,0.0
83477,30.435507258454308,1.0,560,681,1241,0.0008058017727639033,-0.0008333472224535399,0.9993553585817914,8.058017727639034e-05
83478,30.434673911231855,1.0,560,681,1241,0.0,-0.0008333472224535399,0.9994359387590677,8.058017727639034e-05
83479,30.4338405640094,1.0,560,681,1241,0.0,-0.0008333472224535399,0.9995165189363441,8.058017727639034e-05
83480,30.433007216786944,1.0,560,681,1241,0.0,-0.0008333472224570926,0.9995970991136204,8.058017727639034e-05
83481,30.43217386956449,1.0,560,681,1241,0.0,-0.0008333472224535399,0.9996776792908968,8.058017727639034e-05
83482,30.431340522342037,0.9991941982272361,560,681,1241,-0.0008058017727639033,-0.0008333472224535399,0.9995970991136204,-8.058017727639034e-05
83483,30.430507175119583,1.0,560,681,1241,0.0008058017727639033,-0.0008333472224535399,0.9996776792908968,8.058017727639034e-05
83484,30.42967382789713,1.0,560,681,1241,0.0,-0.0008333472224535399,0.9997582594681731,8.058017727639034e-05
83485,30.428840480674676,1.0,560,681,1241,0.0,-0.0008333472224535399,0.9998388396454494,8.058017727639034e-05
83486,30.428007133452223,1.0,560,681,1241,0.0,-0.0008333472224535399,0.9999194198227258,8.058017727639034e-05
83487,30.42717378622977,1.0,560,681,1241,0.0,-0.0008333472224535399,0.9999194198227258,0.0
83488,30.426340439007316,1.0,560,681,1241,0.0,-0.0008333472224535399,0.9999194198227258,0.0
83489,30.425507091784862,1.0,560,681,1241,0.0,-0.0008333472224535399,0.9999194198227258,0.0
83490,30.42467374456241,1.0,560,681,1241,0.0,-0.0008333472224535399,0.9999194198227258,0.0
83491,30.423840397339955,1.0,560,681,1241,0.0,-0.0008333472224535399,0.9999194198227258,0.0
83492,30.4230070501175,1.0,560,681,1241,0.0,-0.0008333472224535399,1.0000000000000022,8.058017727639034e-05
83493,30.422173702895048,1.0,560,681,1241,0.0,-0.0008333472224535399,1.0000000000000022,0.0
83494,30.421340355672594,1.0,560,681,1241,0.0,-0.0008333472224535399,1.0000000000000022,0.0
83495,30.42050700845014,1.0,560,681,1241,0.0,-0.0008333472224535399,1.0000000000000022,0.0
83496,30.419673661227687,1.0,560,681,1241,0.0,-0.0008333472224535399,1.0000000000000022,0.0
83497,30.418840314005234,1.0,560,681,1241,0.0,-0.0008333472224535399,1.0000000000000022,0.0
83498,30.41800696678278,1.0,560,681,1241,0.0,-0.0008333472224535399,1.0000000000000022,0.0
83499,30.417173619560327,1.0,560,681,1241,0.0,-0.0008333472224535399,1.0000000000000022,0.0
83500,30.416340272337873,1.0,560,681,1241,0.0,-0.0008333472224535399,1.0000000000000022,0.0
83501,30.41550692511542,1.0,560,681,1241,0.0,-0.0008333472224535399,1.0000000000000022,0.0
83502,30.414673577892962,1.0,560,681,1241,0.0,-0.0008333472224570926,1.0000000000000022,0.0
83503,30.41384023067051,1.0,560,681,1241,0.0,-0.0008333472224535399,1.0000000000000022,0.0
83504,30.413006883448055,0.9991941982272361,560,681,1241,-0.0008058017727639033,-0.0008333472224535399,0.9999194198227258,-8.058017727639034e-05
83505,30.412173536225602,0.9991941982272361,560,681,1241,0.0,-0.0008333472224535399,0.9998388396454494,-8.058017727639034e-05
83506,30.41134018900315,0.9991941982272361,560,681,1241,0.0,-0.0008333472224535399,0.9997582594681731,-8.058017727639034e-05
83507,30.410506841780695,0.9991941982272361,560,681,1241,0.0,-0.0008333472224535399,0.9996776792908968,-8.058017727639034e-05
83508,30.40967349455824,1.0,560,681,1241,0.0008058017727639033,-0.0008333472224535399,0.9996776792908968,0.0
83509,30.408840147335788,0.9991941982272361,560,681,1241,-0.0008058017727639033,-0.0008333472224535399,0.9995970991136204,-8.058017727639034e-05
83510,30.408006800113334,0.9991941982272361,560,681,1241,0.0,-0.0008333472224535399,0.9995165189363441,-8.058017727639034e-05
83511,30.40717345289088,0.9991941982272361,560,681,1241,0.0,-0.0008333472224535399,0.9994359387590677,-8.058017727639034e-05
83512,30.406340105668427,0.9991941982272361,560,681,1241,0.0,-0.0008333472224535399,0.9993553585817914,-8.058017727639034e-05
83513,30.405506758445974,1.0,560,681,1241,0.0008058017727639033,-0.0008333472224535399,0.9993553585817914,0.0
83514,30.40467341122352,1.0,560,681,1241,0.0,-0.0008333472224535399,0.9994359387590677,8.058017727639034e-05
83515,30.403840064001066,1.0,560,681,1241,0.0,-0.0008333472224535399,0.9995165189363441,8.058017727639034e-05
83516,30.403006716778613,0.9991941982272361,560,681,1241,-0.0008058017727639033,-0.0008333472224535399,0.9995165189363441,0.0
83517,30.40217336955616,0.9991941982272361,560,681,1241,0.0,-0.0008333472224535399,0.9995165189363441,0.0
83518,30.401340022333706,1.0,560,681,1241,0.0008058017727639033,-0.0008333472224535399,0.9995165189363441,0.0
83519,30.400506675111252,0.9991941982272361,560,681,1241,-0.0008058017727639033,-0.0008333472224535399,0.9995165189363441,0.0
83520,30.3996733278888,0.9991941982272361,560,681,1241,0.0,-0.0008333472224535399,0.9995165189363441,0.0
83521,30.398839980666345,1.0,560,681,1241,0.0008058017727639033,-0.0008333472224535399,0.9995970991136204,8.058017727639034e-05
83522,30.39800663344389,1.0,560,681,1241,0.0,-0.0008333472224535399,0.9996776792908968,8.058017727639034e-05
83523,30.397173286221435,1.0,560,681,1241,0.0,-0.0008333472224570926,0.9996776792908968,0.0
83524,30.39633993899898,1.0,560,681,1241,0.0,-0.0008333472224535399,0.9996776792908968,0.0
83525,30.395506591776527,1.0,560,681,1241,0.0,-0.0008333472224535399,0.9996776792908968,0.0
83526,30.394673244554074,1.0,560,681,1241,0.0,-0.0008333472224535399,0.9997582594681731,8.058017727639034e-05
83527,30.39383989733162,1.0,560,681,1241,0.0,-0.0008333472224535399,0.9998388396454494,8.058017727639034e-05
83528,30.393006550109167,1.0,560,681,1241,0.0,-0.0008333472224535399,0.9998388396454494,0.0
83529,30.392173202886713,0.9991941982272361,560,681,1241,-0.0008058017727639033,-0.0008333472224535399,0.9998388396454494,0.0
83530,30.39133985566426,0.9991941982272361,560,681,1241,0.0,-0.0008333472224535399,0.9998388396454494,0.0
83531,30.390506508441806,1.0,560,681,1241,0.0008058017727639033,-0.0008333472224535399,0.9998388396454494,0.0
83532,30.389673161219353,1.0,560,681,1241,0.0,-0.0008333472224535399,0.9998388396454494,0.0
83533,30.3888398139969,1.0,560,681,1241,0.0,-0.0008333472224535399,0.9998388396454494,0.0
83534,30.388006466774446,1.0,560,681,1241,0.0,-0.0008333472224535399,0.9998388396454494,0.0
83535,30.387173119551992,1.0,560,681,1241,0.0,-0.0008333472224535399,0.9998388396454494,0.0
83536,30.38633977232954,1.0,560,681,1241,0.0,-0.0008333472224535399,0.9998388396454494,0.0
83537,30.385506425107085,1.0,560,681,1241,0.0,-0.0008333472224535399,0.9998388396454494,0.0
83538,30.38467307788463,1.0,560,681,1241,0.0,-0.0008333472224535399,0.9998388396454494,0.0
83539,30.383839730662178,1.0,560,681,1241,0.0,-0.0008333472224535399,0.9999194198227258,8.058017727639034e-05
83540,30.383006383439724,1.0,560,681,1241,0.0,-0.0008333472224535399,1.0000000000000022,8.058017727639034e-05
83541,30.38217303621727,1.0,560,681,1241,0.0,-0.0008333472224535399,1.0000000000000022,0.0
83542,30.381339688994817,1.0,560,681,1241,0.0,-0.0008333472224535399,1.0000000000000022,0.0
83543,30.380506341772364,1.0,560,681,1241,0.0,-0.0008333472224535399,1.0000000000000022,0.0
83544,30.379672994549907,1.0,560,681,1241,0.0,-0.0008333472224570926,1.0000000000000022,0.0
83545,30.378839647327453,0.9991941982272361,560,681,1241,-0.0008058017727639033,-0.0008333472224535399,0.9999194198227258,-8.058017727639034e-05
83546,30.378006300105,0.9991941982272361,560,681,1241,0.0,-0.0008333472224535399,0.9998388396454494,-8.058017727639034e-05
83547,30.377172952882546,0.9991941982272361,560,681,1241,0.0,-0.0008333472224535399,0.9997582594681731,-8.058017727639034e-05
83548,30.376339605660093,1.0,560,681,1241,0.0008058017727639033,-0.0008333472224535399,0.9997582594681731,0.0
83549,30.37550625843764,1.0,560,681,1241,0.0,-0.0008333472224535399,0.9997582594681731,0.0
83550,30.374672911215185,1.0,560,681,1241,0.0,-0.0008333472224535399,0.9997582594681731,0.0
83551,30.373839563992732,1.0,560,681,1241,0.0,-0.0008333472224535399,0.9997582594681731,0.0
83552,30.37300621677028,1.0,560,681,1241,0.0,-0.0008333472224535399,0.9997582594681731,0.0
83553,30.372172869547825,1.0,560,681,1241,0.0,-0.0008333472224535399,0.9997582594681731,0.0
83554,30.37133952232537,1.0,560,681,1241,0.0,-0.0008333472224535399,0.9997582594681731,0.0
83555,30.370506175102918,1.0,560,681,1241,0.0,-0.0008333472224535399,0.9998388396454494,8.058017727639034e-05
83556,30.369672827880464,1.0,560,681,1241,0.0,-0.0008333472224535399,0.9999194198227258,8.058017727639034e-05
83557,30.36883948065801,1.0,560,681,1241,0.0,-0.0008333472224535399,1.0000000000000022,8.058017727639034e-05
83558,30.368006133435557,1.0,560,681,1241,0.0,-0.0008333472224535399,1.0000000000000022,0.0
83559,30.367172786213104,1.0,560,681,1241,0.0,-0.0008333472224535399,1.0000000000000022,0.0
83560,30.36633943899065,1.0,560,681,1241,0.0,-0.0008333472224535399,1.0000000000000022,0.0
83561,30.365506091768196,1.0,560,681,1241,0.0,-0.0008333472224535399,1.0000000000000022,0.0
83562,30.364672744545743,1.0,560,681,1241,0.0,-0.0008333472224535399,1.0000000000000022,0.0
83563,30.36383939732329,1.0,560,681,1241,0.0,-0.0008333472224535399,1.0000000000000022,0.0
83564,30.363006050100836,1.0,560,681,1241,0.0,-0.0008333472224535399,1.0000000000000022,0.0
83565,30.36217270287838,1.0,560,681,1241,0.0,-0.0008333472224570926,1.0000000000000022,0.0
83566,30.361339355655925,1.0,560,681,1241,0.0,-0.0008333472224535399,1.0000000000000022,0.0
83567,30.36050600843347,1.0,560,681,1241,0.0,-0.0008333472224535399,1.0000000000000022,0.0
83568,30.359672661211018,1.0,560,681,1241,0.0,-0.0008333472224535399,1.0000000000000022,0.0
83569,30.358839313988565,0.9991941982272361,560,681,1241,-0.0008058017727639033,-0.0008333472224535399,0.9999194198227258,-8.058017727639034e-05
83570,30.35800596676611,0.9991941982272361,560,681,1241,0.0,-0.0008333472224535399,0.9998388396454494,-8.058017727639034e-05
83571,30.357172619543658,1.0,560,681,1241,0.0008058017727639033,-0.0008333472224535399,0.9998388396454494,0.0
83572,30.356339272321204,1.0,560,681,1241,0.0,-0.0008333472224535399,0.9998388396454494,0.0
83573,30.35550592509875,1.0,560,681,1241,0.0,-0.0008333472224535399,0.9998388396454494,0.0
83574,30.354672577876297,1.0,560,681,1241,0.0,-0.0008333472224535399,0.9998388396454494,0.0
83575,30.353839230653843,1.0,560,681,1241,0.0,-0.0008333472224535399,0.9998388396454494,0.0
83576,30.35300588343139,1.0,560,681,1241,0.0,-0.0008333472224535399,0.9998388396454494,0.0
83577,30.352172536208936,1.0,560,681,1241,0.0,-0.0008333472224535399,0.9998388396454494,0.0
83578,30.351339188986483,0.9991941982272361,560,681,1241,-0.0008058017727639033,-0.0008333472224535399,0.9997582594681731,-8.058017727639034e-05
83579,30.35050584176403,0.9983883964544722,560,681,1241,-0.0008058017727639033,-0.0008333472224535399,0.9996776792908968,-8.058017727639034e-05
83580,30.349672494541576,0.9983883964544722,560,681,1241,0.0,-0.0008333472224535399,0.9995970991136204,-8.058017727639034e-05
83581,30.348839147319122,0.9991941982272361,560,681,1241,0.0008058017727639033,-0.0008333472224535399,0.9995165189363441,-8.058017727639034e-05
83582,30.34800580009667,1.0,560,681,1241,0.0008058017727639033,-0.0008333472224535399,0.9995165189363441,0.0
83583,30.347172452874215,1.0,560,681,1241,0.0,-0.0008333472224535399,0.9995165189363441,0.0
83584,30.34633910565176,1.0,560,681,1241,0.0,-0.0008333472224535399,0.9995165189363441,0.0
83585,30.345505758429308,1.0,560,681,1241,0.0,-0.0008333472224535399,0.9995165189363441,0.0
83586,30.34467241120685,0.9991941982272361,560,681,1241,-0.0008058017727639033,-0.0008333472224570926,0.9994359387590677,-8.058017727639034e-05
83587,30.343839063984397,0.9991941982272361,560,681,1241,0.0,-0.0008333472224535399,0.9993553585817914,-8.058017727639034e-05
83588,30.343005716761944,0.9991941982272361,560,681,1241,0.0,-0.0008333472224535399,0.9993553585817914,0.0
83589,30.34217236953949,0.9991941982272361,560,681,1241,0.0,-0.0008333472224535399,0.9994359387590677,8.058017727639034e-05
83590,30.341339022317037,0.9991941982272361,560,681,1241,0.0,-0.0008333472224535399,0.9995165189363441,8.058017727639034e-05
83591,30.340505675094583,0.9991941982272361,560,681,1241,0.0,-0.0008333472224535399,0.9995165189363441,0.0
83592,30.33967232787213,1.0,560,681,1241,0.0008058017727639033,-0.0008333472224535399,0.9995165189363441,0.0
83593,30.338838980649676,1.0,560,681,1241,0.0,-0.0008333472224535399,0.9995165189363441,0.0
83594,30.338005633427223,1.0,560,681,1241,0.0,-0.0008333472224535399,0.9995165189363441,0.0
83595,30.33717228620477,1.0,560,681,1241,0.0,-0.0008333472224535399,0.9995165189363441,0.0
83596,30.336338938982315,1.0,560,681,1241,0.0,-0.0008333472224535399,0.9995970991136204,8.058017727639034e-05
83597,30.335505591759862,0.9991941982272361,560,681,1241,-0.0008058017727639033,-0.0008333472224535399,0.9995970991136204,0.0
83598,30.33467224453741,0.9991941982272361,560,681,1241,0.0,-0.0008333472224535399,0.9995970991136204,0.0
83599,30.333838897314955,0.9991941982272361,560,681,1241,0.0,-0.0008333472224535399,0.9995970991136204,0.0
83600,30.3330055500925,0.9991941982272361,560,681,1241,0.0,-0.0008333472224535399,0.9995970991136204,0.0
83601,30.332172202870048,0.9991941982272361,560,681,1241,0.0,-0.0008333472224535399,0.9995970991136204,0.0
83602,30.331338855647594,0.9991941982272361,560,681,1241,0.0,-0.0008333472224535399,0.9995165189363441,-8.058017727639034e-05
83603,30.33050550842514,0.9991941982272361,560,681,1241,0.0,-0.0008333472224535399,0.9994359387590677,-8.058017727639034e-05
83604,30.329672161202687,0.9991941982272361,560,681,1241,0.0,-0.0008333472224535399,0.9993553585817914,-8.058017727639034e-05
83605,30.328838813980234,0.9991941982272361,560,681,1241,0.0,-0.0008333472224535399,0.9992747784045151,-8.058017727639034e-05
83606,30.32800546675778,0.9991941982272361,560,681,1241,0.0,-0.0008333472224535399,0.9991941982272387,-8.058017727639034e-05
83607,30.327172119535323,0.9991941982272361,560,681,1241,0.0,-0.0008333472224570926,0.9991941982272387,0.0
83608,30.32633877231287,0.9975825946817083,560,681,1241,-0.0016116035455278066,-0.0008333472224535399,0.9990330378726858,-0.00016116035455278067
83609,30.325505425090416,0.9975825946817083,560,681,1241,0.0,-0.0008333472224535399,0.9988718775181329,-0.00016116035455278067
83610,30.324672077867962,0.9991941982272361,560,681,1241,0.0016116035455278066,-0.0008333472224535399,0.9988718775181329,0.0
83611,30.32383873064551,0.9991941982272361,560,681,1241,0.0,-0.0008333472224535399,0.9988718775181329,0.0
83612,30.323005383423055,0.9991941982272361,560,681,1241,0.0,-0.0008333472224535399,0.9988718775181329,0.0
83613,30.3221720362006,1.0,560,681,1241,0.0008058017727639033,-0.0008333472224535399,0.9989524576954093,8.058017727639034e-05
83614,30.321338688978148,1.0,560,681,1241,0.0,-0.0008333472224535399,0.9990330378726856,8.058017727639034e-05
83615,30.320505341755695,0.9991941982272361,560,681,1241,-0.0008058017727639033,-0.0008333472224535399,0.9990330378726856,0.0
83616,30.31967199453324,0.9991941982272361,560,681,1241,0.0,-0.0008333472224535399,0.9990330378726856,0.0
83617,30.318838647310788,0.9991941982272361,560,681,1241,0.0,-0.0008333472224535399,0.9990330378726856,0.0
83618,30.318005300088334,0.9991941982272361,560,681,1241,0.0,-0.0008333472224535399,0.9991941982272385,0.00016116035455278067
83619,30.31717195286588,0.9983883964544722,560,681,1241,-0.0008058017727639033,-0.0008333472224535399,0.9992747784045148,8.058017727639034e-05
83620,30.316338605643427,0.9983883964544722,560,681,1241,0.0,-0.0008333472224535399,0.9991941982272383,-8.058017727639034e-05
83621,30.315505258420973,0.9991941982272361,560,681,1241,0.0008058017727639033,-0.0008333472224535399,0.9991941982272383,0.0
83622,30.31467191119852,0.9991941982272361,560,681,1241,0.0,-0.0008333472224535399,0.9991941982272383,0.0
83623,30.313838563976066,0.9991941982272361,560,681,1241,0.0,-0.0008333472224535399,0.999113618049962,-8.058017727639034e-05
83624,30.313005216753613,0.9991941982272361,560,681,1241,0.0,-0.0008333472224535399,0.9990330378726856,-8.058017727639034e-05
83625,30.31217186953116,0.9991941982272361,560,681,1241,0.0,-0.0008333472224535399,0.9990330378726856,0.0
83626,30.311338522308706,1.0,560,681,1241,0.0008058017727639033,-0.0008333472224535399,0.999113618049962,8.058017727639034e-05
83627,30.310505175086252,1.0,560,681,1241,0.0,-0.0008333472224535399,0.9991941982272383,8.058017727639034e-05
83628,30.3096718278638,1.0,560,681,1241,0.0,-0.0008333472224535399,0.9992747784045146,8.058017727639034e-05
83629,30.30883848064134,1.0,560,681,1241,0.0,-0.0008333472224570926,0.9994359387590673,0.00016116035455278067
83630,30.308005133418888,0.9983883964544722,560,681,1241,-0.0016116035455278066,-0.0008333472224535399,0.9994359387590673,0.0
83631,30.307171786196434,0.9983883964544722,560,681,1241,0.0,-0.0008333472224535399,0.999355358581791,-8.058017727639034e-05
83632,30.30633843897398,0.9975825946817083,560,681,1241,-0.0008058017727639033,-0.0008333472224535399,0.9991941982272381,-0.00016116035455278067
83633,30.305505091751527,0.9975825946817083,560,681,1241,0.0,-0.0008333472224535399,0.9990330378726853,-0.00016116035455278067
83634,30.304671744529074,0.9991941982272361,560,681,1241,0.0016116035455278066,-0.0008333472224535399,0.9990330378726853,0.0
83635,30.30383839730662,0.9991941982272361,560,681,1241,0.0,-0.0008333472224535399,0.9990330378726853,0.0
83636,30.303005050084167,0.9991941982272361,560,681,1241,0.0,-0.0008333472224535399,0.998952457695409,-8.058017727639034e-05
83637,30.302171702861713,0.9991941982272361,560,681,1241,0.0,-0.0008333472224535399,0.9988718775181326,-8.058017727639034e-05
83638,30.30133835563926,0.9991941982272361,560,681,1241,0.0,-0.0008333472224535399,0.9987912973408563,-8.058017727639034e-05
83639,30.300505008416806,1.0,560,681,1241,0.0008058017727639033,-0.0008333472224535399,0.9987912973408563,0.0
83640,30.299671661194353,1.0,560,681,1241,0.0,-0.0008333472224535399,0.998952457695409,0.00016116035455278067
83641,30.2988383139719,1.0,560,681,1241,0.0,-0.0008333472224535399,0.9991136180499616,0.00016116035455278067
83642,30.298004966749446,1.0,560,681,1241,0.0,-0.0008333472224535399,0.9993553585817908,0.00024174053182917098
83643,30.297171619526992,1.0,560,681,1241,0.0,-0.0008333472224535399,0.99959709911362,0.00024174053182917098
83644,30.29633827230454,1.0,560,681,1241,0.0,-0.0008333472224535399,0.9996776792908963,8.058017727639034e-05
83645,30.295504925082085,1.0,560,681,1241,0.0,-0.0008333472224535399,0.9997582594681728,8.058017727639034e-05
83646,30.29467157785963,1.0,560,681,1241,0.0,-0.0008333472224535399,0.9998388396454491,8.058017727639034e-05
83647,30.293838230637178,1.0,560,681,1241,0.0,-0.0008333472224535399,0.9999194198227255,8.058017727639034e-05
83648,30.293004883414724,1.0,560,681,1241,0.0,-0.0008333472224535399,1.0000000000000018,8.058017727639034e-05
83649,30.29217153619227,1.0,560,681,1241,0.0,-0.0008333472224535399,1.0000000000000018,0.0
83650,30.291338188969814,1.0,560,681,1241,0.0,-0.0008333472224570926,1.0000000000000018,0.0
83651,30.29050484174736,0.9991941982272361,560,681,1241,-0.0008058017727639033,-0.0008333472224535399,0.9999194198227255,-8.058017727639034e-05
83652,30.289671494524907,1.0,560,681,1241,0.0008058017727639033,-0.0008333472224535399,0.9999194198227255,0.0
83653,30.288838147302453,1.0,560,681,1241,0.0,-0.0008333472224535399,0.9999194198227255,0.0
83654,30.28800480008,1.0,560,681,1241,0.0,-0.0008333472224535399,0.9999194198227255,0.0
83655,30.287171452857546,1.0,560,681,1241,0.0,-0.0008333472224535399,0.9999194198227255,0.0
83656,30.286338105635092,1.0,560,681,1241,0.0,-0.0008333472224535399,0.9999194198227255,0.0
83657,30.28550475841264,1.0,560,681,1241,0.0,-0.0008333472224535399,0.9999194198227255,0.0
83658,30.284671411190185,1.0,560,681,1241,0.0,-0.0008333472224535399,0.9999194198227255,0.0
83659,30.283838063967732,1.0,560,681,1241,0.0,-0.0008333472224535399,0.9999194198227255,0.0
83660,30.28300471674528,0.9991941982272361,560,681,1241,-0.0008058017727639033,-0.0008333472224535399,0.9998388396454491,-8.058017727639034e-05
83661,30.282171369522825,0.9983883964544722,560,681,1241,-0.0008058017727639033,-0.0008333472224535399,0.9997582594681728,-8.058017727639034e-05
83662,30.28133802230037,0.9983883964544722,560,681,1241,0.0,-0.0008333472224535399,0.99959709911362,-0.00016116035455278067
83663,30.280504675077918,0.9983883964544722,560,681,1241,0.0,-0.0008333472224535399,0.9994359387590673,-0.00016116035455278067
83664,30.279671327855464,0.9983883964544722,560,681,1241,0.0,-0.0008333472224535399,0.9992747784045146,-0.00016116035455278067
83665,30.27883798063301,0.9983883964544722,560,681,1241,0.0,-0.0008333472224535399,0.999113618049962,-0.00016116035455278067
83666,30.278004633410557,0.9983883964544722,560,681,1241,0.0,-0.0008333472224535399,0.9989524576954093,-0.00016116035455278067
83667,30.277171286188103,1.0,560,681,1241,0.0016116035455278066,-0.0008333472224535399,0.9989524576954093,0.0
83668,30.27633793896565,1.0,560,681,1241,0.0,-0.0008333472224535399,0.9989524576954093,0.0
83669,30.275504591743196,1.0,560,681,1241,0.0,-0.0008333472224535399,0.9989524576954093,0.0
83670,30.274671244520743,0.9991941982272361,560,681,1241,-0.0008058017727639033,-0.0008333472224535399,0.9989524576954093,0.0
83671,30.273837897298286,0.9991941982272361,560,681,1241,0.0,-0.0008333472224570926,0.9990330378726856,8.058017727639034e-05
83672,30.273004550075832,0.9991941982272361,560,681,1241,0.0,-0.0008333472224535399,0.999113618049962,8.058017727639034e-05
83673,30.27217120285338,0.9991941982272361,560,681,1241,0.0,-0.0008333472224535399,0.9991941982272383,8.058017727639034e-05
83674,30.271337855630925,1.0,560,681,1241,0.0008058017727639033,-0.0008333472224535399,0.999355358581791,0.00016116035455278067
83675,30.27050450840847,1.0,560,681,1241,0.0,-0.0008333472224535399,0.9995165189363437,0.00016116035455278067
83676,30.269671161186018,1.0,560,681,1241,0.0,-0.0008333472224535399,0.9996776792908963,0.00016116035455278067
83677,30.268837813963565,1.0,560,681,1241,0.0,-0.0008333472224535399,0.9996776792908963,0.0
83678,30.26800446674111,1.0,560,681,1241,0.0,-0.0008333472224535399,0.9996776792908963,0.0
83679,30.267171119518657,1.0,560,681,1241,0.0,-0.0008333472224535399,0.9996776792908963,0.0
83680,30.266337772296204,1.0,560,681,1241,0.0,-0.0008333472224535399,0.9997582594681728,8.058017727639034e-05
83681,30.26550442507375,0.9991941982272361,560,681,1241,-0.0008058017727639033,-0.0008333472224535399,0.9997582594681728,0.0
83682,30.264671077851297,0.9983883964544722,560,681,1241,-0.0008058017727639033,-0.0008333472224535399,0.9996776792908963,-8.058017727639034e-05
83683,30.263837730628843,0.9983883964544722,560,681,1241,0.0,-0.0008333472224535399,0.99959709911362,-8.058017727639034e-05
83684,30.26300438340639,0.9983883964544722,560,681,1241,0.0,-0.0008333472224535399,0.9994359387590673,-0.00016116035455278067
83685,30.262171036183936,0.9991941982272361,560,681,1241,0.0008058017727639033,-0.0008333472224535399,0.999355358581791,-8.058017727639034e-05
83686,30.261337688961483,0.9991941982272361,560,681,1241,0.0,-0.0008333472224535399,0.9992747784045146,-8.058017727639034e-05
83687,30.26050434173903,0.9991941982272361,560,681,1241,0.0,-0.0008333472224535399,0.9991941982272383,-8.058017727639034e-05
83688,30.259670994516576,1.0,560,681,1241,0.0008058017727639033,-0.0008333472224535399,0.9991941982272383,0.0
83689,30.258837647294122,1.0,560,681,1241,0.0,-0.0008333472224535399,0.9991941982272383,0.0
83690,30.25800430007167,1.0,560,681,1241,0.0,-0.0008333472224535399,0.9991941982272383,0.0
83691,30.257170952849215,1.0,560,681,1241,0.0,-0.0008333472224535399,0.9992747784045146,8.058017727639034e-05
83692,30.256337605626758,1.0,560,681,1241,0.0,-0.0008333472224570926,0.9994359387590673,0.00016116035455278067
83693,30.255504258404304,1.0,560,681,1241,0.0,-0.0008333472224535399,0.99959709911362,0.00016116035455278067
83694,30.25467091118185,1.0,560,681,1241,0.0,-0.0008333472224535399,0.9997582594681728,0.00016116035455278067
83695,30.253837563959397,1.0,560,681,1241,0.0,-0.0008333472224535399,0.9998388396454491,8.058017727639034e-05
83696,30.253004216736944,1.0,560,681,1241,0.0,-0.0008333472224535399,0.9999194198227255,8.058017727639034e-05
83697,30.25217086951449,0.9991941982272361,560,681,1241,-0.0008058017727639033,-0.0008333472224535399,0.9999194198227255,0.0
83698,30.251337522292037,0.9991941982272361,560,681,1241,0.0,-0.0008333472224535399,0.9998388396454491,-8.058017727639034e-05
83699,30.250504175069583,0.9991941982272361,560,681,1241,0.0,-0.0008333472224535399,0.9997582594681728,-8.058017727639034e-05
83700,30.24967082784713,0.9991941982272361,560,681,1241,0.0,-0.0008333472224535399,0.9996776792908963,-8.058017727639034e-05
83701,30.248837480624676,0.9991941982272361,560,681,1241,0.0,-0.0008333472224535399,0.99959709911362,-8.058017727639034e-05
83702,30.248004133402222,0.9991941982272361,560,681,1241,0.0,-0.0008333472224535399,0.9995165189363437,-8.058017727639034e-05
83703,30.24717078617977,0.9991941982272361,560,681,1241,0.0,-0.0008333472224535399,0.9994359387590673,-8.058017727639034e-05
83704,30.246337438957315,0.9991941982272361,560,681,1241,0.0,-0.0008333472224535399,0.999355358581791,-8.058017727639034e-05
83705,30.245504091734862,0.9991941982272361,560,681,1241,0.0,-0.0008333472224535399,0.9992747784045146,-8.058017727639034e-05
83706,30.24467074451241,0.9991941982272361,560,681,1241,0.0,-0.0008333472224535399,0.9991941982272383,-8.058017727639034e-05
83707,30.243837397289955,1.0,560,681,1241,0.0008058017727639033,-0.0008333472224535399,0.9992747784045146,8.058017727639034e-05
83708,30.2430040500675,1.0,560,681,1241,0.0,-0.0008333472224535399,0.999355358581791,8.058017727639034e-05
83709,30.242170702845048,1.0,560,681,1241,0.0,-0.0008333472224535399,0.9994359387590673,8.058017727639034e-05
83710,30.241337355622594,1.0,560,681,1241,0.0,-0.0008333472224535399,0.9995165189363437,8.058017727639034e-05
83711,30.24050400840014,1.0,560,681,1241,0.0,-0.0008333472224535399,0.99959709911362,8.058017727639034e-05
83712,30.239670661177687,1.0,560,681,1241,0.0,-0.0008333472224535399,0.9996776792908963,8.058017727639034e-05
83713,30.23883731395523,1.0,560,681,1241,0.0,-0.0008333472224570926,0.9997582594681728,8.058017727639034e-05
83714,30.238003966732776,1.0,560,681,1241,0.0,-0.0008333472224535399,0.9998388396454491,8.058017727639034e-05
83715,30.237170619510323,1.0,560,681,1241,0.0,-0.0008333472224535399,0.9999194198227255,8.058017727639034e-05
83716,30.23633727228787,1.0,560,681,1241,0.0,-0.0008333472224535399,1.0000000000000018,8.058017727639034e-05
83717,30.235503925065416,1.0,560,681,1241,0.0,-0.0008333472224535399,1.0000000000000018,0.0
83718,30.234670577842962,1.0,560,681,1241,0.0,-0.0008333472224535399,1.0000000000000018,0.0
83719,30.23383723062051,1.0,560,681,1241,0.0,-0.0008333472224535399,1.0000000000000018,0.0
83720,30.233003883398055,1.0,560,681,1241,0.0,-0.0008333472224535399,1.0000000000000018,0.0
83721,30.2321705361756,1.0,560,681,1241,0.0,-0.0008333472224535399,1.0000000000000018,0.0
83722,30.231337188953148,1.0,560,681,1241,0.0,-0.0008333472224535399,1.0000000000000018,0.0
83723,30.230503841730695,1.0,560,681,1241,0.0,-0.0008333472224535399,1.0000000000000018,0.0
83724,30.22967049450824,1.0,560,681,1241,0.0,-0.0008333472224535399,1.0000000000000018,0.0
83725,30.228837147285788,0.9991941982272361,560,681,1241,-0.0008058017727639033,-0.0008333472224535399,0.9999194198227255,-8.058017727639034e-05
83726,30.228003800063334,0.9991941982272361,560,681,1241,0.0,-0.0008333472224535399,0.9998388396454491,-8.058017727639034e-05
83727,30.22717045284088,0.9991941982272361,560,681,1241,0.0,-0.0008333472224535399,0.9997582594681728,-8.058017727639034e-05
83728,30.226337105618427,0.9991941982272361,560,681,1241,0.0,-0.0008333472224535399,0.9996776792908963,-8.058017727639034e-05
83729,30.225503758395973,1.0,560,681,1241,0.0008058017727639033,-0.0008333472224535399,0.9996776792908963,0.0
83730,30.22467041117352,1.0,560,681,1241,0.0,-0.0008333472224535399,0.9996776792908963,0.0
83731,30.223837063951066,1.0,560,681,1241,0.0,-0.0008333472224535399,0.9996776792908963,0.0
83732,30.223003716728613,1.0,560,681,1241,0.0,-0.0008333472224535399,0.9996776792908963,0.0
83733,30.22217036950616,1.0,560,681,1241,0.0,-0.0008333472224535399,0.9996776792908963,0.0
83734,30.221337022283706,1.0,560,681,1241,0.0,-0.0008333472224535399,0.9996776792908963,0.0
83735,30.22050367506125,1.0,560,681,1241,0.0,-0.0008333472224570926,0.9997582594681728,8.058017727639034e-05
83736,30.219670327838795,1.0,560,681,1241,0.0,-0.0008333472224535399,0.9998388396454491,8.058017727639034e-05
83737,30.21883698061634,1.0,560,681,1241,0.0,-0.0008333472224535399,0.9999194198227255,8.058017727639034e-05
83738,30.218003633393888,1.0,560,681,1241,0.0,-0.0008333472224535399,1.0000000000000018,8.058017727639034e-05
83739,30.217170286171434,1.0,560,681,1241,0.0,-0.0008333472224535399,1.0000000000000018,0.0
83740,30.21633693894898,1.0,560,681,1241,0.0,-0.0008333472224535399,1.0000000000000018,0.0
83741,30.215503591726527,1.0,560,681,1241,0.0,-0.0008333472224535399,1.0000000000000018,0.0
83742,30.214670244504074,1.0,560,681,1241,0.0,-0.0008333472224535399,1.0000000000000018,0.0
83743,30.21383689728162,0.9991941982272361,560,681,1241,-0.0008058017727639033,-0.0008333472224535399,0.9999194198227255,-8.058017727639034e-05
83744,30.213003550059167,0.9983883964544722,560,681,1241,-0.0008058017727639033,-0.0008333472224535399,0.9997582594681728,-0.00016116035455278067
83745,30.212170202836713,0.9991941982272361,560,681,1241,0.0008058017727639033,-0.0008333472224535399,0.9996776792908963,-8.058017727639034e-05
83746,30.21133685561426,0.9991941982272361,560,681,1241,0.0,-0.0008333472224535399,0.99959709911362,-8.058017727639034e-05
83747,30.210503508391806,0.9991941982272361,560,681,1241,0.0,-0.0008333472224535399,0.9995165189363437,-8.058017727639034e-05
83748,30.209670161169353,0.9991941982272361,560,681,1241,0.0,-0.0008333472224535399,0.9994359387590673,-8.058017727639034e-05
83749,30.2088368139469,0.9991941982272361,560,681,1241,0.0,-0.0008333472224535399,0.999355358581791,-8.058017727639034e-05
83750,30.208003466724445,0.9975825946817083,560,681,1241,-0.0016116035455278066,-0.0008333472224535399,0.9991136180499618,-0.00024174053182917098
83751,30.207170119501992,0.9975825946817083,560,681,1241,0.0,-0.0008333472224535399,0.9988718775181326,-0.00024174053182917098
83752,30.20633677227954,0.9967767929089444,560,681,1241,-0.0008058017727639033,-0.0008333472224535399,0.998549556809027,-0.00032232070910556134
83753,30.205503425057085,0.9967767929089444,560,681,1241,0.0,-0.0008333472224535399,0.9983078162771978,-0.00024174053182917098
83754,30.20467007783463,0.9967767929089444,560,681,1241,0.0,-0.0008333472224535399,0.9981466559226451,-0.00016116035455278067
83755,30.203836730612178,0.9975825946817083,560,681,1241,0.0008058017727639033,-0.0008333472224535399,0.9979854955680922,-0.00016116035455278067
83756,30.20300338338972,0.9975825946817083,560,681,1241,0.0,-0.0008333472224570926,0.9978243352135394,-0.00016116035455278067
83757,30.202170036167267,0.9975825946817083,560,681,1241,0.0,-0.0008333472224535399,0.9976631748589865,-0.00016116035455278067
83758,30.201336688944814,0.9983883964544722,560,681,1241,0.0008058017727639033,-0.0008333472224535399,0.99758259468171,-8.058017727639034e-05
83759,30.20050334172236,0.9983883964544722,560,681,1241,0.0,-0.0008333472224535399,0.9975020145044337,-8.058017727639034e-05
83760,30.199669994499907,0.9983883964544722,560,681,1241,0.0,-0.0008333472224535399,0.9975825946817102,8.058017727639034e-05
83761,30.198836647277453,0.9983883964544722,560,681,1241,0.0,-0.0008333472224535399,0.9976631748589865,8.058017727639034e-05
83762,30.198003300055,0.9983883964544722,560,681,1241,0.0,-0.0008333472224535399,0.9978243352135392,0.00016116035455278067
83763,30.197169952832546,0.9983883964544722,560,681,1241,0.0,-0.0008333472224535399,0.9979854955680919,0.00016116035455278067
83764,30.196336605610092,0.9983883964544722,560,681,1241,0.0,-0.0008333472224535399,0.9981466559226446,0.00016116035455278067
83765,30.19550325838764,0.9991941982272361,560,681,1241,0.0008058017727639033,-0.0008333472224535399,0.9983078162771974,0.00016116035455278067
83766,30.194669911165185,0.9991941982272361,560,681,1241,0.0,-0.0008333472224535399,0.9984689766317503,0.00016116035455278067
83767,30.19383656394273,0.9991941982272361,560,681,1241,0.0,-0.0008333472224535399,0.9986301369863032,0.00016116035455278067
83768,30.193003216720278,0.9991941982272361,560,681,1241,0.0,-0.0008333472224535399,0.9987107171635795,8.058017727639034e-05
83769,30.192169869497825,0.9991941982272361,560,681,1241,0.0,-0.0008333472224535399,0.9987912973408559,8.058017727639034e-05
83770,30.19133652227537,0.9991941982272361,560,681,1241,0.0,-0.0008333472224535399,0.9988718775181322,8.058017727639034e-05
83771,30.190503175052918,1.0,560,681,1241,0.0008058017727639033,-0.0008333472224535399,0.9990330378726849,0.00016116035455278067
83772,30.189669827830464,1.0,560,681,1241,0.0,-0.0008333472224535399,0.9991941982272377,0.00016116035455278067
83773,30.18883648060801,0.9991941982272361,560,681,1241,-0.0008058017727639033,-0.0008333472224535399,0.999274778404514,8.058017727639034e-05
83774,30.188003133385557,0.9991941982272361,560,681,1241,0.0,-0.0008333472224535399,0.9993553585817903,8.058017727639034e-05
83775,30.187169786163103,0.9991941982272361,560,681,1241,0.0,-0.0008333472224535399,0.9993553585817903,0.0
83776,30.18633643894065,0.9991941982272361,560,681,1241,0.0,-0.0008333472224535399,0.9993553585817903,0.0
83777,30.185503091718193,0.9983883964544722,560,681,1241,-0.0008058017727639033,-0.0008333472224570926,0.999274778404514,-8.058017727639034e-05
83778,30.18466974449574,0.9983883964544722,560,681,1241,0.0,-0.0008333472224535399,0.9991941982272377,-8.058017727639034e-05
83779,30.183836397273286,0.9983883964544722,560,681,1241,0.0,-0.0008333472224535399,0.9991136180499612,-8.058017727639034e-05
83780,30.183003050050832,0.9983883964544722,560,681,1241,0.0,-0.0008333472224535399,0.9990330378726849,-8.058017727639034e-05
83781,30.18216970282838,0.9975825946817083,560,681,1241,-0.0008058017727639033,-0.0008333472224535399,0.9987912973408557,-0.00024174053182917098
83782,30.181336355605925,0.9983883964544722,560,681,1241,0.0008058017727639033,-0.0008333472224535399,0.9986301369863029,-0.00016116035455278067
83783,30.18050300838347,0.9983883964544722,560,681,1241,0.0,-0.0008333472224535399,0.9985495568090265,-8.058017727639034e-05
83784,30.179669661161018,0.9991941982272361,560,681,1241,0.0008058017727639033,-0.0008333472224535399,0.9985495568090265,0.0
83785,30.178836313938564,0.9991941982272361,560,681,1241,0.0,-0.0008333472224535399,0.9985495568090265,0.0
83786,30.17800296671611,0.9991941982272361,560,681,1241,0.0,-0.0008333472224535399,0.9985495568090265,0.0
83787,30.177169619493657,1.0,560,681,1241,0.0008058017727639033,-0.0008333472224535399,0.9987107171635792,0.00016116035455278067
83788,30.176336272271204,1.0,560,681,1241,0.0,-0.0008333472224535399,0.9988718775181319,0.00016116035455278067
83789,30.17550292504875,1.0,560,681,1241,0.0,-0.0008333472224535399,0.9990330378726846,0.00016116035455278067
83790,30.174669577826297,0.9991941982272361,560,681,1241,-0.0008058017727639033,-0.0008333472224535399,0.9991136180499609,8.058017727639034e-05
83791,30.173836230603843,0.9991941982272361,560,681,1241,0.0,-0.0008333472224535399,0.9992747784045137,0.00016116035455278067
83792,30.17300288338139,0.9991941982272361,560,681,1241,0.0,-0.0008333472224535399,0.9993553585817903,8.058017727639034e-05
83793,30.172169536158936,0.9991941982272361,560,681,1241,0.0,-0.0008333472224535399,0.9994359387590667,8.058017727639034e-05
83794,30.171336188936483,1.0,560,681,1241,0.0008058017727639033,-0.0008333472224535399,0.999516518936343,8.058017727639034e-05
83795,30.17050284171403,1.0,560,681,1241,0.0,-0.0008333472224535399,0.9995970991136194,8.058017727639034e-05
83796,30.169669494491576,1.0,560,681,1241,0.0,-0.0008333472224535399,0.9996776792908957,8.058017727639034e-05
83797,30.168836147269122,1.0,560,681,1241,0.0,-0.0008333472224535399,0.9996776792908957,0.0
83798,30.168002800046665,0.9991941982272361,560,681,1241,-0.0008058017727639033,-0.0008333472224570926,0.9995970991136194,-8.058017727639034e-05
83799,30.16716945282421,0.9991941982272361,560,681,1241,0.0,-0.0008333472224535399,0.999516518936343,-8.058017727639034e-05
83800,30.166336105601758,1.0,560,681,1241,0.0008058017727639033,-0.0008333472224535399,0.9995970991136194,8.058017727639034e-05
83801,30.165502758379304,1.0,560,681,1241,0.0,-0.0008333472224535399,0.9996776792908957,8.058017727639034e-05
83802,30.16466941115685,1.0,560,681,1241,0.0,-0.0008333472224535399,0.999758259468172,8.058017727639034e-05
83803,30.163836063934397,1.0,560,681,1241,0.0,-0.0008333472224535399,0.9998388396454484,8.058017727639034e-05
83804,30.163002716711944,1.0,560,681,1241,0.0,-0.0008333472224535399,0.9998388396454484,0.0
83805,30.16216936948949,1.0,560,681,1241,0.0,-0.0008333472224535399,0.9998388396454484,0.0
83806,30.161336022267037,1.0,560,681,1241,0.0,-0.0008333472224535399,0.9998388396454484,0.0
83807,30.160502675044583,1.0,560,681,1241,0.0,-0.0008333472224535399,0.9998388396454484,0.0
83808,30.15966932782213,1.0,560,681,1241,0.0,-0.0008333472224535399,0.9999194198227247,8.058017727639034e-05
83809,30.158835980599676,1.0,560,681,1241,0.0,-0.0008333472224535399,1.000000000000001,8.058017727639034e-05
83810,30.158002633377222,1.0,560,681,1241,0.0,-0.0008333472224535399,1.000000000000001,0.0
83811,30.15716928615477,1.0,560,681,1241,0.0,-0.0008333472224535399,1.000000000000001,0.0
83812,30.156335938932315,1.0,560,681,1241,0.0,-0.0008333472224535399,1.000000000000001,0.0
83813,30.155502591709862,1.0,560,681,1241,0.0,-0.0008333472224535399,1.000000000000001,0.0
83814,30.15466924448741,1.0,560,681,1241,0.0,-0.0008333472224535399,1.000000000000001,0.0
83815,30.153835897264955,1.0,560,681,1241,0.0,-0.0008333472224535399,1.000000000000001,0.0
83816,30.1530025500425,1.0,560,681,1241,0.0,-0.0008333472224535399,1.000000000000001,0.0
83817,30.152169202820048,1.0,560,681,1241,0.0,-0.0008333472224535399,1.000000000000001,0.0
83818,30.151335855597594,1.0,560,681,1241,0.0,-0.0008333472224535399,1.000000000000001,0.0
83819,30.150502508375137,1.0,560,681,1241,0.0,-0.0008333472224570926,1.000000000000001,0.0
83820,30.149669161152683,1.0,560,681,1241,0.0,-0.0008333472224535399,1.000000000000001,0.0
83821,30.14883581393023,1.0,560,681,1241,0.0,-0.0008333472224535399,1.000000000000001,0.0
83822,30.148002466707776,0.9991941982272361,560,681,1241,-0.0008058017727639033,-0.0008333472224535399,0.9999194198227247,-8.058017727639034e-05
83823,30.147169119485323,0.9991941982272361,560,681,1241,0.0,-0.0008333472224535399,0.9998388396454484,-8.058017727639034e-05
83824,30.14633577226287,0.9991941982272361,560,681,1241,0.0,-0.0008333472224535399,0.999758259468172,-8.058017727639034e-05
83825,30.145502425040416,0.9991941982272361,560,681,1241,0.0,-0.0008333472224535399,0.9996776792908957,-8.058017727639034e-05
83826,30.144669077817962,0.9991941982272361,560,681,1241,0.0,-0.0008333472224535399,0.9995970991136194,-8.058017727639034e-05
83827,30.14383573059551,0.9991941982272361,560,681,1241,0.0,-0.0008333472224535399,0.999516518936343,-8.058017727639034e-05
83828,30.143002383373055,1.0,560,681,1241,0.0008058017727639033,-0.0008333472224535399,0.999516518936343,0.0
83829,30.1421690361506,0.9991941982272361,560,681,1241,-0.0008058017727639033,-0.0008333472224535399,0.9994359387590667,-8.058017727639034e-05
83830,30.141335688928148,0.9991941982272361,560,681,1241,0.0,-0.0008333472224535399,0.9993553585817903,-8.058017727639034e-05
83831,30.140502341705695,0.9991941982272361,560,681,1241,0.0,-0.0008333472224535399,0.999274778404514,-8.058017727639034e-05
83832,30.13966899448324,0.9991941982272361,560,681,1241,0.0,-0.0008333472224535399,0.999274778404514,0.0
83833,30.138835647260787,0.9991941982272361,560,681,1241,0.0,-0.0008333472224535399,0.999274778404514,0.0
83834,30.138002300038334,1.0,560,681,1241,0.0008058017727639033,-0.0008333472224535399,0.9993553585817903,8.058017727639034e-05
83835,30.13716895281588,0.9991941982272361,560,681,1241,-0.0008058017727639033,-0.0008333472224535399,0.9993553585817903,0.0
83836,30.136335605593427,0.9991941982272361,560,681,1241,0.0,-0.0008333472224535399,0.9993553585817903,0.0
83837,30.135502258370973,0.9991941982272361,560,681,1241,0.0,-0.0008333472224535399,0.9993553585817903,0.0
83838,30.13466891114852,0.9975825946817083,560,681,1241,-0.0016116035455278066,-0.0008333472224535399,0.9991136180499611,-0.00024174053182917098
83839,30.133835563926066,0.9983883964544722,560,681,1241,0.0008058017727639033,-0.0008333472224535399,0.9990330378726846,-8.058017727639034e-05
83840,30.13300221670361,0.9983883964544722,560,681,1241,0.0,-0.0008333472224570926,0.9989524576954082,-8.058017727639034e-05
83841,30.132168869481156,0.9983883964544722,560,681,1241,0.0,-0.0008333472224535399,0.9988718775181319,-8.058017727639034e-05
83842,30.131335522258702,0.9975825946817083,560,681,1241,-0.0008058017727639033,-0.0008333472224535399,0.998710717163579,-0.00016116035455278067
83843,30.13050217503625,0.9975825946817083,560,681,1241,0.0,-0.0008333472224535399,0.9985495568090261,-0.00016116035455278067
83844,30.129668827813795,1.0,560,681,1241,0.00241740531829171,-0.0008333472224535399,0.9985495568090261,0.0
83845,30.12883548059134,1.0,560,681,1241,0.0,-0.0008333472224535399,0.9986301369863024,8.058017727639034e-05
83846,30.128002133368888,0.9991941982272361,560,681,1241,-0.0008058017727639033,-0.0008333472224535399,0.9986301369863024,0.0
83847,30.127168786146434,1.0,560,681,1241,0.0008058017727639033,-0.0008333472224535399,0.9987107171635788,8.058017727639034e-05
83848,30.12633543892398,1.0,560,681,1241,0.0,-0.0008333472224535399,0.9989524576954081,0.00024174053182917098
83849,30.125502091701527,1.0,560,681,1241,0.0,-0.0008333472224535399,0.9991136180499609,0.00016116035455278067
83850,30.124668744479074,1.0,560,681,1241,0.0,-0.0008333472224535399,0.9992747784045136,0.00016116035455278067
83851,30.12383539725662,1.0,560,681,1241,0.0,-0.0008333472224535399,0.9994359387590663,0.00016116035455278067
83852,30.123002050034167,1.0,560,681,1241,0.0,-0.0008333472224535399,0.9996776792908955,0.00024174053182917098
83853,30.122168702811713,0.9991941982272361,560,681,1241,-0.0008058017727639033,-0.0008333472224535399,0.9998388396454484,0.00016116035455278067
83854,30.12133535558926,0.9991941982272361,560,681,1241,0.0,-0.0008333472224535399,0.999758259468172,-8.058017727639034e-05
83855,30.120502008366806,0.9991941982272361,560,681,1241,0.0,-0.0008333472224535399,0.9996776792908957,-8.058017727639034e-05
83856,30.119668661144352,0.9991941982272361,560,681,1241,0.0,-0.0008333472224535399,0.9996776792908957,0.0
83857,30.1188353139219,1.0,560,681,1241,0.0008058017727639033,-0.0008333472224535399,0.9996776792908957,0.0
83858,30.118001966699445,1.0,560,681,1241,0.0,-0.0008333472224535399,0.9996776792908957,0.0
83859,30.117168619476992,0.9991941982272361,560,681,1241,-0.0008058017727639033,-0.0008333472224535399,0.9995970991136194,-8.058017727639034e-05
83860,30.11633527225454,0.9991941982272361,560,681,1241,0.0,-0.0008333472224535399,0.999516518936343,-8.058017727639034e-05
83861,30.115501925032085,0.9991941982272361,560,681,1241,0.0,-0.0008333472224535399,0.9994359387590667,-8.058017727639034e-05
83862,30.114668577809628,0.9991941982272361,560,681,1241,0.0,-0.0008333472224570926,0.9993553585817903,-8.058017727639034e-05
83863,30.113835230587174,1.0,560,681,1241,0.0008058017727639033,-0.0008333472224535399,0.9994359387590667,8.058017727639034e-05
83864,30.11300188336472,1.0,560,681,1241,0.0,-0.0008333472224535399,0.999516518936343,8.058017727639034e-05
83865,30.112168536142267,1.0,560,681,1241,0.0,-0.0008333472224535399,0.9995970991136194,8.058017727639034e-05
83866,30.111335188919814,1.0,560,681,1241,0.0,-0.0008333472224535399,0.9996776792908957,8.058017727639034e-05
83867,30.11050184169736,1.0,560,681,1241,0.0,-0.0008333472224535399,0.9996776792908957,0.0
83868,30.109668494474906,1.0,560,681,1241,0.0,-0.0008333472224535399,0.9996776792908957,0.0
83869,30.108835147252453,1.0,560,681,1241,0.0,-0.0008333472224535399,0.999758259468172,8.058017727639034e-05
83870,30.10800180003,1.0,560,681,1241,0.0,-0.0008333472224535399,0.9998388396454484,8.058017727639034e-05
83871,30.107168452807546,1.0,560,681,1241,0.0,-0.0008333472224535399,0.9999194198227247,8.058017727639034e-05
83872,30.106335105585092,1.0,560,681,1241,0.0,-0.0008333472224535399,1.000000000000001,8.058017727639034e-05
83873,30.10550175836264,1.0,560,681,1241,0.0,-0.0008333472224535399,1.000000000000001,0.0
83874,30.104668411140185,1.0,560,681,1241,0.0,-0.0008333472224535399,1.000000000000001,0.0
83875,30.10383506391773,0.9991941982272361,560,681,1241,-0.0008058017727639033,-0.0008333472224535399,0.9999194198227247,-8.058017727639034e-05
83876,30.103001716695278,0.9991941982272361,560,681,1241,0.0,-0.0008333472224535399,0.9998388396454484,-8.058017727639034e-05
83877,30.102168369472825,0.9991941982272361,560,681,1241,0.0,-0.0008333472224535399,0.999758259468172,-8.058017727639034e-05
83878,30.10133502225037,0.9991941982272361,560,681,1241,0.0,-0.0008333472224535399,0.9996776792908957,-8.058017727639034e-05
83879,30.100501675027918,1.0,560,681,1241,0.0008058017727639033,-0.0008333472224535399,0.9996776792908957,0.0
83880,30.099668327805464,0.9991941982272361,560,681,1241,-0.0008058017727639033,-0.0008333472224535399,0.9995970991136194,-8.058017727639034e-05
83881,30.09883498058301,0.9991941982272361,560,681,1241,0.0,-0.0008333472224535399,0.999516518936343,-8.058017727639034e-05
83882,30.098001633360557,0.9991941982272361,560,681,1241,0.0,-0.0008333472224535399,0.9994359387590667,-8.058017727639034e-05
83883,30.0971682861381,0.9991941982272361,560,681,1241,0.0,-0.0008333472224570926,0.9993553585817903,-8.058017727639034e-05
83884,30.096334938915646,0.9991941982272361,560,681,1241,0.0,-0.0008333472224535399,0.999274778404514,-8.058017727639034e-05
83885,30.095501591693193,0.9991941982272361,560,681,1241,0.0,-0.0008333472224535399,0.999274778404514,0.0
83886,30.09466824447074,0.9991941982272361,560,681,1241,0.0,-0.0008333472224535399,0.999274778404514,0.0
83887,30.093834897248286,0.9991941982272361,560,681,1241,0.0,-0.0008333472224535399,0.999274778404514,0.0
83888,30.093001550025832,1.0,560,681,1241,0.0008058017727639033,-0.0008333472224535399,0.9993553585817903,8.058017727639034e-05
83889,30.09216820280338,1.0,560,681,1241,0.0,-0.0008333472224535399,0.9993553585817903,0.0
83890,30.091334855580925,1.0,560,681,1241,0.0,-0.0008333472224535399,0.9994359387590667,8.058017727639034e-05
83891,30.09050150835847,0.9991941982272361,560,681,1241,-0.0008058017727639033,-0.0008333472224535399,0.9994359387590667,0.0
83892,30.089668161136018,0.9991941982272361,560,681,1241,0.0,-0.0008333472224535399,0.9994359387590667,0.0
83893,30.088834813913564,0.9991941982272361,560,681,1241,0.0,-0.0008333472224535399,0.9994359387590667,0.0
83894,30.08800146669111,0.9991941982272361,560,681,1241,0.0,-0.0008333472224535399,0.9994359387590667,0.0
83895,30.087168119468657,1.0,560,681,1241,0.0008058017727639033,-0.0008333472224535399,0.999516518936343,8.058017727639034e-05
83896,30.086334772246204,1.0,560,681,1241,0.0,-0.0008333472224535399,0.9995970991136194,8.058017727639034e-05
83897,30.08550142502375,1.0,560,681,1241,0.0,-0.0008333472224535399,0.9996776792908957,8.058017727639034e-05
83898,30.084668077801297,1.0,560,681,1241,0.0,-0.0008333472224535399,0.9996776792908957,0.0
83899,30.083834730578843,1.0,560,681,1241,0.0,-0.0008333472224535399,0.9996776792908957,0.0
83900,30.08300138335639,1.0,560,681,1241,0.0,-0.0008333472224535399,0.9996776792908957,0.0
83901,30.082168036133936,1.0,560,681,1241,0.0,-0.0008333472224535399,0.999758259468172,8.058017727639034e-05
83902,30.081334688911483,1.0,560,681,1241,0.0,-0.0008333472224535399,0.9998388396454484,8.058017727639034e-05
83903,30.08050134168903,1.0,560,681,1241,0.0,-0.0008333472224535399,0.9999194198227247,8.058017727639034e-05
83904,30.079667994466572,1.0,560,681,1241,0.0,-0.0008333472224570926,1.000000000000001,8.058017727639034e-05
83905,30.07883464724412,1.0,560,681,1241,0.0,-0.0008333472224535399,1.000000000000001,0.0
83906,30.078001300021665,1.0,560,681,1241,0.0,-0.0008333472224535399,1.000000000000001,0.0
83907,30.07716795279921,1.0,560,681,1241,0.0,-0.0008333472224535399,1.000000000000001,0.0
83908,30.076334605576758,1.0,560,681,1241,0.0,-0.0008333472224535399,1.000000000000001,0.0
83909,30.075501258354304,1.0,560,681,1241,0.0,-0.0008333472224535399,1.000000000000001,0.0
83910,30.07466791113185,1.0,560,681,1241,0.0,-0.0008333472224535399,1.000000000000001,0.0
83911,30.073834563909397,1.0,560,681,1241,0.0,-0.0008333472224535399,1.000000000000001,0.0
83912,30.073001216686944,0.9991941982272361,560,681,1241,-0.0008058017727639033,-0.0008333472224535399,0.9999194198227247,-8.058017727639034e-05
83913,30.07216786946449,0.9991941982272361,560,681,1241,0.0,-0.0008333472224535399,0.9998388396454484,-8.058017727639034e-05
83914,30.071334522242037,0.9991941982272361,560,681,1241,0.0,-0.0008333472224535399,0.999758259468172,-8.058017727639034e-05
83915,30.070501175019583,0.9991941982272361,560,681,1241,0.0,-0.0008333472224535399,0.9996776792908957,-8.058017727639034e-05
83916,30.06966782779713,0.9983883964544722,560,681,1241,-0.0008058017727639033,-0.0008333472224535399,0.999516518936343,-0.00016116035455278067
83917,30.068834480574676,0.9983883964544722,560,681,1241,0.0,-0.0008333472224535399,0.9993553585817903,-0.00016116035455278067
83918,30.068001133352222,0.9991941982272361,560,681,1241,0.0008058017727639033,-0.0008333472224535399,0.999274778404514,-8.058017727639034e-05
83919,30.06716778612977,0.9991941982272361,560,681,1241,0.0,-0.0008333472224535399,0.9991941982272377,-8.058017727639034e-05
83920,30.066334438907315,0.9991941982272361,560,681,1241,0.0,-0.0008333472224535399,0.9991136180499612,-8.058017727639034e-05
83921,30.06550109168486,0.9991941982272361,560,681,1241,0.0,-0.0008333472224535399,0.9990330378726849,-8.058017727639034e-05
83922,30.064667744462408,1.0,560,681,1241,0.0008058017727639033,-0.0008333472224535399,0.9991136180499612,8.058017727639034e-05
83923,30.063834397239955,1.0,560,681,1241,0.0,-0.0008333472224535399,0.9991941982272377,8.058017727639034e-05
83924,30.0630010500175,1.0,560,681,1241,0.0,-0.0008333472224535399,0.999274778404514,8.058017727639034e-05
83925,30.062167702795044,1.0,560,681,1241,0.0,-0.0008333472224570926,0.9993553585817903,8.058017727639034e-05
83926,30.06133435557259,0.9991941982272361,560,681,1241,-0.0008058017727639033,-0.0008333472224535399,0.9994359387590667,8.058017727639034e-05
83927,30.060501008350137,1.0,560,681,1241,0.0008058017727639033,-0.0008333472224535399,0.9995970991136194,0.00016116035455278067
83928,30.059667661127683,1.0,560,681,1241,0.0,-0.0008333472224535399,0.9996776792908957,8.058017727639034e-05
83929,30.05883431390523,1.0,560,681,1241,0.0,-0.0008333472224535399,0.999758259468172,8.058017727639034e-05
83930,30.058000966682776,1.0,560,681,1241,0.0,-0.0008333472224535399,0.9998388396454484,8.058017727639034e-05
83931,30.057167619460323,1.0,560,681,1241,0.0,-0.0008333472224535399,0.9999194198227247,8.058017727639034e-05
83932,30.05633427223787,1.0,560,681,1241,0.0,-0.0008333472224535399,0.9999194198227247,0.0
83933,30.055500925015416,1.0,560,681,1241,0.0,-0.0008333472224535399,0.9999194198227247,0.0
83934,30.054667577792962,1.0,560,681,1241,0.0,-0.0008333472224535399,0.9999194198227247,0.0
83935,30.05383423057051,1.0,560,681,1241,0.0,-0.0008333472224535399,0.9999194198227247,0.0
83936,30.053000883348055,1.0,560,681,1241,0.0,-0.0008333472224535399,1.000000000000001,8.058017727639034e-05
83937,30.0521675361256,1.0,560,681,1241,0.0,-0.0008333472224535399,1.000000000000001,0.0
83938,30.051334188903148,1.0,560,681,1241,0.0,-0.0008333472224535399,1.000000000000001,0.0
83939,30.050500841680694,1.0,560,681,1241,0.0,-0.0008333472224535399,1.000000000000001,0.0
83940,30.04966749445824,0.9991941982272361,560,681,1241,-0.0008058017727639033,-0.0008333472224535399,0.9999194198227247,-8.058017727639034e-05
83941,30.048834147235787,0.9991941982272361,560,681,1241,0.0,-0.0008333472224535399,0.9998388396454484,-8.058017727639034e-05
83942,30.048000800013334,0.9991941982272361,560,681,1241,0.0,-0.0008333472224535399,0.999758259468172,-8.058017727639034e-05
83943,30.04716745279088,0.9991941982272361,560,681,1241,0.0,-0.0008333472224535399,0.9996776792908957,-8.058017727639034e-05
83944,30.046334105568427,1.0,560,681,1241,0.0008058017727639033,-0.0008333472224535399,0.9996776792908957,0.0
83945,30.045500758345973,1.0,560,681,1241,0.0,-0.0008333472224535399,0.9996776792908957,0.0
83946,30.044667411123516,1.0,560,681,1241,0.0,-0.0008333472224570926,0.9996776792908957,0.0
83947,30.043834063901063,1.0,560,681,1241,0.0,-0.0008333472224535399,0.9996776792908957,0.0
83948,30.04300071667861,1.0,560,681,1241,0.0,-0.0008333472224535399,0.9996776792908957,0.0
83949,30.042167369456156,1.0,560,681,1241,0.0,-0.0008333472224535399,0.9996776792908957,0.0
83950,30.041334022233702,1.0,560,681,1241,0.0,-0.0008333472224535399,0.999758259468172,8.058017727639034e-05
83951,30.04050067501125,1.0,560,681,1241,0.0,-0.0008333472224535399,0.9998388396454484,8.058017727639034e-05
83952,30.039667327788795,1.0,560,681,1241,0.0,-0.0008333472224535399,0.9999194198227247,8.058017727639034e-05
83953,30.03883398056634,1.0,560,681,1241,0.0,-0.0008333472224535399,1.000000000000001,8.058017727639034e-05
83954,30.038000633343888,1.0,560,681,1241,0.0,-0.0008333472224535399,1.000000000000001,0.0
83955,30.037167286121434,1.0,560,681,1241,0.0,-0.0008333472224535399,1.000000000000001,0.0
83956,30.03633393889898,1.0,560,681,1241,0.0,-0.0008333472224535399,1.000000000000001,0.0
83957,30.035500591676527,1.0,560,681,1241,0.0,-0.0008333472224535399,1.000000000000001,0.0
83958,30.034667244454074,1.0,560,681,1241,0.0,-0.0008333472224535399,1.000000000000001,0.0
83959,30.03383389723162,1.0,560,681,1241,0.0,-0.0008333472224535399,1.000000000000001,0.0
83960,30.033000550009167,1.0,560,681,1241,0.0,-0.0008333472224535399,1.000000000000001,0.0
83961,30.032167202786713,1.0,560,681,1241,0.0,-0.0008333472224535399,1.000000000000001,0.0
83962,30.03133385556426,1.0,560,681,1241,0.0,-0.0008333472224535399,1.000000000000001,0.0
83963,30.030500508341806,1.0,560,681,1241,0.0,-0.0008333472224535399,1.000000000000001,0.0
83964,30.029667161119352,0.9991941982272361,560,681,1241,-0.0008058017727639033,-0.0008333472224535399,0.9999194198227247,-8.058017727639034e-05
83965,30.0288338138969,1.0,560,681,1241,0.0008058017727639033,-0.0008333472224535399,0.9999194198227247,0.0
83966,30.028000466674445,1.0,560,681,1241,0.0,-0.0008333472224535399,0.9999194198227247,0.0
83967,30.027167119451992,1.0,560,681,1241,0.0,-0.0008333472224535399,0.9999194198227247,0.0
83968,30.026333772229535,1.0,560,681,1241,0.0,-0.0008333472224570926,0.9999194198227247,0.0
83969,30.02550042500708,1.0,560,681,1241,0.0,-0.0008333472224535399,0.9999194198227247,0.0
83970,30.024667077784628,1.0,560,681,1241,0.0,-0.0008333472224535399,0.9999194198227247,0.0
83971,30.023833730562174,1.0,560,681,1241,0.0,-0.0008333472224535399,0.9999194198227247,0.0
83972,30.02300038333972,1.0,560,681,1241,0.0,-0.0008333472224535399,0.9999194198227247,0.0
83973,30.022167036117267,0.9991941982272361,560,681,1241,-0.0008058017727639033,-0.0008333472224535399,0.9998388396454484,-8.058017727639034e-05
83974,30.021333688894813,0.9991941982272361,560,681,1241,0.0,-0.0008333472224535399,0.9998388396454484,0.0
83975,30.02050034167236,0.9991941982272361,560,681,1241,0.0,-0.0008333472224535399,0.999758259468172,-8.058017727639034e-05
83976,30.019666994449906,0.9991941982272361,560,681,1241,0.0,-0.0008333472224535399,0.9996776792908957,-8.058017727639034e-05
83977,30.018833647227453,0.9991941982272361,560,681,1241,0.0,-0.0008333472224535399,0.9995970991136194,-8.058017727639034e-05
83978,30.018000300005,0.9991941982272361,560,681,1241,0.0,-0.0008333472224535399,0.999516518936343,-8.058017727639034e-05
83979,30.017166952782546,0.9991941982272361,560,681,1241,0.0,-0.0008333472224535399,0.9994359387590667,-8.058017727639034e-05
83980,30.016333605560092,0.9991941982272361,560,681,1241,0.0,-0.0008333472224535399,0.9993553585817903,-8.058017727639034e-05
83981,30.01550025833764,1.0,560,681,1241,0.0008058017727639033,-0.0008333472224535399,0.9993553585817903,0.0
83982,30.014666911115185,0.9991941982272361,560,681,1241,-0.0008058017727639033,-0.0008333472224535399,0.999274778404514,-8.058017727639034e-05
83983,30.01383356389273,0.9991941982272361,560,681,1241,0.0,-0.0008333472224535399,0.999274778404514,0.0
83984,30.013000216670278,0.9991941982272361,560,681,1241,0.0,-0.0008333472224535399,0.999274778404514,0.0
83985,30.012166869447825,0.9991941982272361,560,681,1241,0.0,-0.0008333472224535399,0.999274778404514,0.0
83986,30.01133352222537,0.9991941982272361,560,681,1241,0.0,-0.0008333472224535399,0.999274778404514,0.0
83987,30.010500175002917,0.9991941982272361,560,681,1241,0.0,-0.0008333472224535399,0.999274778404514,0.0
83988,30.009666827780464,0.9991941982272361,560,681,1241,0.0,-0.0008333472224535399,0.999274778404514,0.0
83989,30.008833480558007,1.0,560,681,1241,0.0008058017727639033,-0.0008333472224570926,0.9993553585817903,8.058017727639034e-05
83990,30.008000133335553,1.0,560,681,1241,0.0,-0.0008333472224535399,0.9994359387590667,8.058017727639034e-05
83991,30.0071667861131,1.0,560,681,1241,0.0,-0.0008333472224535399,0.9994359387590667,0.0
83992,30.006333438890646,1.0,560,681,1241,0.0,-0.0008333472224535399,0.999516518936343,8.058017727639034e-05
83993,30.005500091668193,1.0,560,681,1241,0.0,-0.0008333472224535399,0.9995970991136194,8.058017727639034e-05
83994,30.00466674444574,1.0,560,681,1241,0.0,-0.0008333472224535399,0.9996776792908957,8.058017727639034e-05
83995,30.003833397223286,1.0,560,681,1241,0.0,-0.0008333472224535399,0.999758259468172,8.058017727639034e-05
83996,30.003000050000832,0.9991941982272361,560,681,1241,-0.0008058017727639033,-0.0008333472224535399,0.999758259468172,0.0
83997,30.00216670277838,0.9991941982272361,560,681,1241,0.0,-0.0008333472224535399,0.999758259468172,0.0
83998,30.001333355555925,0.9991941982272361,560,681,1241,0.0,-0.0008333472224535399,0.999758259468172,0.0
83999,30.00050000833347,0.9991941982272361,560,681,1241,0.0,-0.0008333472224535399,0.9996776792908957,-8.058017727639034e-05
84000,29.999666661111018,0.9991941982272361,560,681,1241,0.0,-0.0008333472224535399,0.9995970991136194,-8.058017727639034e-05
84001,29.998833313888564,0.9991941982272361,560,681,1241,0.0,-0.0008333472224535399,0.999516518936343,-8.058017727639034e-05
84002,29.99799996666611,1.0,560,681,1241,0.0008058017727639033,-0.0008333472224535399,0.999516518936343,0.0
84003,29.997166619443657,1.0,560,681,1241,0.0,-0.0008333472224535399,0.999516518936343,0.0
84004,29.996333272221204,1.0,560,681,1241,0.0,-0.0008333472224535399,0.999516518936343,0.0
84005,29.99549992499875,1.0,560,681,1241,0.0,-0.0008333472224535399,0.999516518936343,0.0
84006,29.994666577776297,1.0,560,681,1241,0.0,-0.0008333472224535399,0.9995970991136194,8.058017727639034e-05
84007,29.993833230553843,1.0,560,681,1241,0.0,-0.0008333472224535399,0.9996776792908957,8.058017727639034e-05
84008,29.99299988333139,1.0,560,681,1241,0.0,-0.0008333472224535399,0.999758259468172,8.058017727639034e-05
84009,29.992166536108936,1.0,560,681,1241,0.0,-0.0008333472224535399,0.9998388396454484,8.058017727639034e-05
84010,29.99133318888648,1.0,560,681,1241,0.0,-0.0008333472224570926,0.9999194198227247,8.058017727639034e-05
84011,29.990499841664025,1.0,560,681,1241,0.0,-0.0008333472224535399,1.000000000000001,8.058017727639034e-05
84012,29.989666494441572,1.0,560,681,1241,0.0,-0.0008333472224535399,1.000000000000001,0.0
84013,29.98883314721912,1.0,560,681,1241,0.0,-0.0008333472224535399,1.000000000000001,0.0
84014,29.987999799996665,1.0,560,681,1241,0.0,-0.0008333472224535399,1.000000000000001,0.0
84015,29.98716645277421,1.0,560,681,1241,0.0,-0.0008333472224535399,1.000000000000001,0.0
84016,29.986333105551758,1.0,560,681,1241,0.0,-0.0008333472224535399,1.000000000000001,0.0
84017,29.985499758329304,1.0,560,681,1241,0.0,-0.0008333472224535399,1.000000000000001,0.0
84018,29.98466641110685,1.0,560,681,1241,0.0,-0.0008333472224535399,1.000000000000001,0.0
84019,29.983833063884397,0.9991941982272361,560,681,1241,-0.0008058017727639033,-0.0008333472224535399,0.9999194198227247,-8.058017727639034e-05
84020,29.982999716661944,0.9991941982272361,560,681,1241,0.0,-0.0008333472224535399,0.9998388396454484,-8.058017727639034e-05
84021,29.98216636943949,0.9991941982272361,560,681,1241,0.0,-0.0008333472224535399,0.999758259468172,-8.058017727639034e-05
84022,29.981333022217036,0.9991941982272361,560,681,1241,0.0,-0.0008333472224535399,0.9996776792908957,-8.058017727639034e-05
84023,29.980499674994583,0.9991941982272361,560,681,1241,0.0,-0.0008333472224535399,0.9995970991136194,-8.058017727639034e-05
84024,29.97966632777213,0.9991941982272361,560,681,1241,0.0,-0.0008333472224535399,0.999516518936343,-8.058017727639034e-05
84025,29.978832980549676,0.9991941982272361,560,681,1241,0.0,-0.0008333472224535399,0.9994359387590667,-8.058017727639034e-05
84026,29.977999633327222,0.9991941982272361,560,681,1241,0.0,-0.0008333472224535399,0.9993553585817903,-8.058017727639034e-05
84027,29.97716628610477,0.9991941982272361,560,681,1241,0.0,-0.0008333472224535399,0.999274778404514,-8.058017727639034e-05
84028,29.976332938882315,1.0,560,681,1241,0.0008058017727639033,-0.0008333472224535399,0.999274778404514,0.0
84029,29.97549959165986,1.0,560,681,1241,0.0,-0.0008333472224535399,0.9993553585817903,8.058017727639034e-05
84030,29.974666244437408,1.0,560,681,1241,0.0,-0.0008333472224535399,0.9994359387590667,8.058017727639034e-05
84031,29.97383289721495,1.0,560,681,1241,0.0,-0.0008333472224570926,0.999516518936343,8.058017727639034e-05
84032,29.972999549992497,0.9991941982272361,560,681,1241,-0.0008058017727639033,-0.0008333472224535399,0.999516518936343,0.0
84033,29.972166202770044,0.9991941982272361,560,681,1241,0.0,-0.0008333472224535399,0.999516518936343,0.0
84034,29.97133285554759,0.9991941982272361,560,681,1241,0.0,-0.0008333472224535399,0.999516518936343,0.0
84035,29.970499508325137,1.0,560,681,1241,0.0008058017727639033,-0.0008333472224535399,0.9995970991136194,8.058017727639034e-05
84036,29.969666161102683,0.9991941982272361,560,681,1241,-0.0008058017727639033,-0.0008333472224535399,0.9995970991136194,0.0
84037,29.96883281388023,0.9991941982272361,560,681,1241,0.0,-0.0008333472224535399,0.9995970991136194,0.0
84038,29.967999466657776,0.9991941982272361,560,681,1241,0.0,-0.0008333472224535399,0.999516518936343,-8.058017727639034e-05
84039,29.967166119435323,0.9991941982272361,560,681,1241,0.0,-0.0008333472224535399,0.9994359387590667,-8.058017727639034e-05
84040,29.96633277221287,1.0,560,681,1241,0.0008058017727639033,-0.0008333472224535399,0.9994359387590667,0.0
84041,29.965499424990416,0.9991941982272361,560,681,1241,-0.0008058017727639033,-0.0008333472224535399,0.9993553585817903,-8.058017727639034e-05
84042,29.964666077767962,0.9983883964544722,560,681,1241,-0.0008058017727639033,-0.0008333472224535399,0.999274778404514,-8.058017727639034e-05
84043,29.96383273054551,0.9983883964544722,560,681,1241,0.0,-0.0008333472224535399,0.9991941982272377,-8.058017727639034e-05
84044,29.962999383323055,0.9983883964544722,560,681,1241,0.0,-0.0008333472224535399,0.9991136180499612,-8.058017727639034e-05
84045,29.9621660361006,0.9983883964544722,560,681,1241,0.0,-0.0008333472224535399,0.9989524576954085,-0.00016116035455278067
84046,29.961332688878148,0.9983883964544722,560,681,1241,0.0,-0.0008333472224535399,0.9988718775181322,-8.058017727639034e-05
84047,29.960499341655694,0.9991941982272361,560,681,1241,0.0008058017727639033,-0.0008333472224535399,0.9988718775181322,0.0
84048,29.95966599443324,0.9991941982272361,560,681,1241,0.0,-0.0008333472224535399,0.9988718775181322,0.0
84049,29.958832647210787,0.9991941982272361,560,681,1241,0.0,-0.0008333472224535399,0.9988718775181322,0.0
84050,29.957999299988334,0.9991941982272361,560,681,1241,0.0,-0.0008333472224535399,0.9987912973408559,-8.058017727639034e-05
84051,29.95716595276588,0.9991941982272361,560,681,1241,0.0,-0.0008333472224535399,0.9987912973408559,0.0
84052,29.956332605543423,1.0,560,681,1241,0.0008058017727639033,-0.0008333472224570926,0.9989524576954085,0.00016116035455278067
84053,29.95549925832097,1.0,560,681,1241,0.0,-0.0008333472224535399,0.9991136180499612,0.00016116035455278067
84054,29.954665911098516,1.0,560,681,1241,0.0,-0.0008333472224535399,0.999274778404514,0.00016116035455278067
84055,29.953832563876063,1.0,560,681,1241,0.0,-0.0008333472224535399,0.9994359387590667,0.00016116035455278067
84056,29.95299921665361,1.0,560,681,1241,0.0,-0.0008333472224535399,0.9995970991136194,0.00016116035455278067
84057,29.952165869431155,1.0,560,681,1241,0.0,-0.0008333472224535399,0.9996776792908957,8.058017727639034e-05
84058,29.951332522208702,1.0,560,681,1241,0.0,-0.0008333472224535399,0.999758259468172,8.058017727639034e-05
84059,29.95049917498625,1.0,560,681,1241,0.0,-0.0008333472224535399,0.9998388396454484,8.058017727639034e-05
84060,29.949665827763795,1.0,560,681,1241,0.0,-0.0008333472224535399,0.9999194198227247,8.058017727639034e-05
84061,29.94883248054134,1.0,560,681,1241,0.0,-0.0008333472224535399,1.000000000000001,8.058017727639034e-05
84062,29.947999133318888,1.0,560,681,1241,0.0,-0.0008333472224535399,1.000000000000001,0.0
84063,29.947165786096434,1.0,560,681,1241,0.0,-0.0008333472224535399,1.000000000000001,0.0
84064,29.94633243887398,1.0,560,681,1241,0.0,-0.0008333472224535399,1.000000000000001,0.0
84065,29.945499091651527,1.0,560,681,1241,0.0,-0.0008333472224535399,1.000000000000001,0.0
84066,29.944665744429074,1.0,560,681,1241,0.0,-0.0008333472224535399,1.000000000000001,0.0
84067,29.94383239720662,1.0,560,681,1241,0.0,-0.0008333472224535399,1.000000000000001,0.0
84068,29.942999049984167,1.0,560,681,1241,0.0,-0.0008333472224535399,1.000000000000001,0.0
84069,29.942165702761713,1.0,560,681,1241,0.0,-0.0008333472224535399,1.000000000000001,0.0
84070,29.94133235553926,1.0,560,681,1241,0.0,-0.0008333472224535399,1.000000000000001,0.0
84071,29.940499008316806,1.0,560,681,1241,0.0,-0.0008333472224535399,1.000000000000001,0.0
84072,29.939665661094352,1.0,560,681,1241,0.0,-0.0008333472224535399,1.000000000000001,0.0
84073,29.938832313871895,1.0,560,681,1241,0.0,-0.0008333472224570926,1.000000000000001,0.0
84074,29.93799896664944,1.0,560,681,1241,0.0,-0.0008333472224535399,1.000000000000001,0.0
84075,29.937165619426988,1.0,560,681,1241,0.0,-0.0008333472224535399,1.000000000000001,0.0
84076,29.936332272204535,1.0,560,681,1241,0.0,-0.0008333472224535399,1.000000000000001,0.0
84077,29.93549892498208,1.0,560,681,1241,0.0,-0.0008333472224535399,1.000000000000001,0.0
84078,29.934665577759628,1.0,560,681,1241,0.0,-0.0008333472224535399,1.000000000000001,0.0
84079,29.933832230537174,1.0,560,681,1241,0.0,-0.0008333472224535399,1.000000000000001,0.0
84080,29.93299888331472,1.0,560,681,1241,0.0,-0.0008333472224535399,1.000000000000001,0.0
84081,29.932165536092267,1.0,560,681,1241,0.0,-0.0008333472224535399,1.000000000000001,0.0
84082,29.931332188869813,1.0,560,681,1241,0.0,-0.0008333472224535399,1.000000000000001,0.0
84083,29.93049884164736,1.0,560,681,1241,0.0,-0.0008333472224535399,1.000000000000001,0.0
84084,29.929665494424906,1.0,560,681,1241,0.0,-0.0008333472224535399,1.000000000000001,0.0
84085,29.928832147202453,1.0,560,681,1241,0.0,-0.0008333472224535399,1.000000000000001,0.0
84086,29.92799879998,1.0,560,681,1241,0.0,-0.0008333472224535399,1.000000000000001,0.0
84087,29.927165452757546,1.0,560,681,1241,0.0,-0.0008333472224535399,1.000000000000001,0.0
84088,29.926332105535092,1.0,560,681,1241,0.0,-0.0008333472224535399,1.000000000000001,0.0
84089,29.92549875831264,1.0,560,681,1241,0.0,-0.0008333472224535399,1.000000000000001,0.0
84090,29.924665411090185,1.0,560,681,1241,0.0,-0.0008333472224535399,1.000000000000001,0.0
84091,29.92383206386773,1.0,560,681,1241,0.0,-0.0008333472224535399,1.000000000000001,0.0
84092,29.922998716645278,1.0,560,681,1241,0.0,-0.0008333472224535399,1.000000000000001,0.0
84093,29.922165369422824,1.0,560,681,1241,0.0,-0.0008333472224535399,1.000000000000001,0.0
84094,29.92133202220037,1.0,560,681,1241,0.0,-0.0008333472224535399,1.000000000000001,0.0
84095,29.920498674977914,1.0,560,681,1241,0.0,-0.0008333472224570926,1.000000000000001,0.0
84096,29.91966532775546,1.0,560,681,1241,0.0,-0.0008333472224535399,1.000000000000001,0.0
84097,29.918831980533007,1.0,560,681,1241,0.0,-0.0008333472224535399,1.000000000000001,0.0
84098,29.917998633310553,0.9991941982272361,560,681,1241,-0.0008058017727639033,-0.0008333472224535399,0.9999194198227247,-8.058017727639034e-05
84099,29.9171652860881,1.0,560,681,1241,0.0008058017727639033,-0.0008333472224535399,0.9999194198227247,0.0
84100,29.916331938865646,1.0,560,681,1241,0.0,-0.0008333472224535399,0.9999194198227247,0.0
84101,29.915498591643193,1.0,560,681,1241,0.0,-0.0008333472224535399,0.9999194198227247,0.0
84102,29.91466524442074,1.0,560,681,1241,0.0,-0.0008333472224535399,0.9999194198227247,0.0
84103,29.913831897198286,1.0,560,681,1241,0.0,-0.0008333472224535399,0.9999194198227247,0.0
84104,29.912998549975832,1.0,560,681,1241,0.0,-0.0008333472224535399,0.9999194198227247,0.0
84105,29.91216520275338,1.0,560,681,1241,0.0,-0.0008333472224535399,0.9999194198227247,0.0
84106,29.911331855530925,1.0,560,681,1241,0.0,-0.0008333472224535399,0.9999194198227247,0.0
84107,29.91049850830847,1.0,560,681,1241,0.0,-0.0008333472224535399,0.9999194198227247,0.0
84108,29.909665161086018,1.0,560,681,1241,0.0,-0.0008333472224535399,1.000000000000001,8.058017727639034e-05
84109,29.908831813863564,1.0,560,681,1241,0.0,-0.0008333472224535399,1.000000000000001,0.0
84110,29.90799846664111,1.0,560,681,1241,0.0,-0.0008333472224535399,1.000000000000001,0.0
84111,29.907165119418657,1.0,560,681,1241,0.0,-0.0008333472224535399,1.000000000000001,0.0
84112,29.906331772196204,0.9991941982272361,560,681,1241,-0.0008058017727639033,-0.0008333472224535399,0.9999194198227247,-8.058017727639034e-05
84113,29.90549842497375,0.9991941982272361,560,681,1241,0.0,-0.0008333472224535399,0.9998388396454484,-8.058017727639034e-05
84114,29.904665077751297,1.0,560,681,1241,0.0008058017727639033,-0.0008333472224535399,0.9998388396454484,0.0
84115,29.903831730528843,1.0,560,681,1241,0.0,-0.0008333472224535399,0.9998388396454484,0.0
84116,29.902998383306386,1.0,560,681,1241,0.0,-0.0008333472224570926,0.9998388396454484,0.0
84117,29.902165036083932,0.9991941982272361,560,681,1241,-0.0008058017727639033,-0.0008333472224535399,0.999758259468172,-8.058017727639034e-05
84118,29.90133168886148,0.9983883964544722,560,681,1241,-0.0008058017727639033,-0.0008333472224535399,0.9995970991136194,-0.00016116035455278067
84119,29.900498341639025,1.0,560,681,1241,0.0016116035455278066,-0.0008333472224535399,0.9995970991136194,0.0
84120,29.89966499441657,1.0,560,681,1241,0.0,-0.0008333472224535399,0.9995970991136194,0.0
84121,29.89883164719412,1.0,560,681,1241,0.0,-0.0008333472224535399,0.9995970991136194,0.0
84122,29.897998299971665,0.9991941982272361,560,681,1241,-0.0008058017727639033,-0.0008333472224535399,0.9995970991136194,0.0
84123,29.89716495274921,0.9991941982272361,560,681,1241,0.0,-0.0008333472224535399,0.9995970991136194,0.0
84124,29.896331605526758,0.9983883964544722,560,681,1241,-0.0008058017727639033,-0.0008333472224535399,0.9994359387590667,-0.00016116035455278067
84125,29.895498258304304,0.9983883964544722,560,681,1241,0.0,-0.0008333472224535399,0.999274778404514,-0.00016116035455278067
84126,29.89466491108185,0.9975825946817083,560,681,1241,-0.0008058017727639033,-0.0008333472224535399,0.9990330378726847,-0.00024174053182917098
84127,29.893831563859397,0.9975825946817083,560,681,1241,0.0,-0.0008333472224535399,0.9988718775181319,-0.00016116035455278067
84128,29.892998216636943,0.9983883964544722,560,681,1241,0.0008058017727639033,-0.0008333472224535399,0.9988718775181319,0.0
84129,29.89216486941449,1.0,560,681,1241,0.0016116035455278066,-0.0008333472224535399,0.9988718775181319,0.0
84130,29.891331522192036,1.0,560,681,1241,0.0,-0.0008333472224535399,0.9988718775181319,0.0
84131,29.890498174969583,1.0,560,681,1241,0.0,-0.0008333472224535399,0.9988718775181319,0.0
84132,29.88966482774713,1.0,560,681,1241,0.0,-0.0008333472224535399,0.9989524576954082,8.058017727639034e-05
84133,29.888831480524676,1.0,560,681,1241,0.0,-0.0008333472224535399,0.9990330378726846,8.058017727639034e-05
84134,29.887998133302222,1.0,560,681,1241,0.0,-0.0008333472224535399,0.9991941982272372,0.00016116035455278067
84135,29.88716478607977,1.0,560,681,1241,0.0,-0.0008333472224535399,0.9993553585817899,0.00016116035455278067
84136,29.886331438857315,1.0,560,681,1241,0.0,-0.0008333472224535399,0.9995970991136192,0.00024174053182917098
84137,29.885498091634858,1.0,560,681,1241,0.0,-0.0008333472224570926,0.9998388396454484,0.00024174053182917098
84138,29.884664744412405,1.0,560,681,1241,0.0,-0.0008333472224535399,1.000000000000001,0.00016116035455278067
84139,29.88383139718995,1.0,560,681,1241,0.0,-0.0008333472224535399,1.000000000000001,0.0
84140,29.882998049967497,1.0,560,681,1241,0.0,-0.0008333472224535399,1.000000000000001,0.0
84141,29.882164702745044,1.0,560,681,1241,0.0,-0.0008333472224535399,1.000000000000001,0.0
84142,29.88133135552259,1.0,560,681,1241,0.0,-0.0008333472224535399,1.000000000000001,0.0
84143,29.880498008300137,0.9991941982272361,560,681,1241,-0.0008058017727639033,-0.0008333472224535399,0.9999194198227247,-8.058017727639034e-05
84144,29.879664661077683,0.9991941982272361,560,681,1241,0.0,-0.0008333472224535399,0.9998388396454484,-8.058017727639034e-05
84145,29.87883131385523,0.9991941982272361,560,681,1241,0.0,-0.0008333472224535399,0.999758259468172,-8.058017727639034e-05
84146,29.877997966632776,0.9991941982272361,560,681,1241,0.0,-0.0008333472224535399,0.9996776792908957,-8.058017727639034e-05
84147,29.877164619410323,0.9991941982272361,560,681,1241,0.0,-0.0008333472224535399,0.9995970991136194,-8.058017727639034e-05
84148,29.87633127218787,0.9991941982272361,560,681,1241,0.0,-0.0008333472224535399,0.999516518936343,-8.058017727639034e-05
84149,29.875497924965416,0.9991941982272361,560,681,1241,0.0,-0.0008333472224535399,0.9994359387590667,-8.058017727639034e-05
84150,29.874664577742962,0.9991941982272361,560,681,1241,0.0,-0.0008333472224535399,0.9993553585817903,-8.058017727639034e-05
84151,29.87383123052051,0.9991941982272361,560,681,1241,0.0,-0.0008333472224535399,0.999274778404514,-8.058017727639034e-05
84152,29.872997883298055,0.9991941982272361,560,681,1241,0.0,-0.0008333472224535399,0.9991941982272377,-8.058017727639034e-05
84153,29.8721645360756,1.0,560,681,1241,0.0008058017727639033,-0.0008333472224535399,0.999274778404514,8.058017727639034e-05
84154,29.871331188853148,1.0,560,681,1241,0.0,-0.0008333472224535399,0.9993553585817903,8.058017727639034e-05
84155,29.870497841630694,1.0,560,681,1241,0.0,-0.0008333472224535399,0.9994359387590667,8.058017727639034e-05
84156,29.86966449440824,1.0,560,681,1241,0.0,-0.0008333472224535399,0.999516518936343,8.058017727639034e-05
84157,29.868831147185787,1.0,560,681,1241,0.0,-0.0008333472224535399,0.9995970991136194,8.058017727639034e-05
84158,29.86799779996333,1.0,560,681,1241,0.0,-0.0008333472224570926,0.9996776792908957,8.058017727639034e-05
84159,29.867164452740877,1.0,560,681,1241,0.0,-0.0008333472224535399,0.999758259468172,8.058017727639034e-05
84160,29.866331105518423,1.0,560,681,1241,0.0,-0.0008333472224535399,0.9998388396454484,8.058017727639034e-05
84161,29.86549775829597,1.0,560,681,1241,0.0,-0.0008333472224535399,0.9999194198227247,8.058017727639034e-05
84162,29.864664411073516,1.0,560,681,1241,0.0,-0.0008333472224535399,1.000000000000001,8.058017727639034e-05
84163,29.863831063851062,1.0,560,681,1241,0.0,-0.0008333472224535399,1.000000000000001,0.0
84164,29.86299771662861,1.0,560,681,1241,0.0,-0.0008333472224535399,1.000000000000001,0.0
84165,29.862164369406155,1.0,560,681,1241,0.0,-0.0008333472224535399,1.000000000000001,0.0
84166,29.861331022183702,1.0,560,681,1241,0.0,-0.0008333472224535399,1.000000000000001,0.0
84167,29.86049767496125,1.0,560,681,1241,0.0,-0.0008333472224535399,1.000000000000001,0.0
84168,29.859664327738795,1.0,560,681,1241,0.0,-0.0008333472224535399,1.000000000000001,0.0
84169,29.85883098051634,1.0,560,681,1241,0.0,-0.0008333472224535399,1.000000000000001,0.0
84170,29.857997633293888,1.0,560,681,1241,0.0,-0.0008333472224535399,1.000000000000001,0.0
84171,29.857164286071434,1.0,560,681,1241,0.0,-0.0008333472224535399,1.000000000000001,0.0
84172,29.85633093884898,1.0,560,681,1241,0.0,-0.0008333472224535399,1.000000000000001,0.0
84173,29.855497591626527,1.0,560,681,1241,0.0,-0.0008333472224535399,1.000000000000001,0.0
84174,29.854664244404074,1.0,560,681,1241,0.0,-0.0008333472224535399,1.000000000000001,0.0
84175,29.85383089718162,0.9991941982272361,560,681,1241,-0.0008058017727639033,-0.0008333472224535399,0.9999194198227247,-8.058017727639034e-05
84176,29.852997549959166,0.9991941982272361,560,681,1241,0.0,-0.0008333472224535399,0.9998388396454484,-8.058017727639034e-05
84177,29.852164202736713,0.9991941982272361,560,681,1241,0.0,-0.0008333472224535399,0.999758259468172,-8.058017727639034e-05
84178,29.85133085551426,0.9991941982272361,560,681,1241,0.0,-0.0008333472224535399,0.9996776792908957,-8.058017727639034e-05
84179,29.850497508291802,0.9991941982272361,560,681,1241,0.0,-0.0008333472224570926,0.9995970991136194,-8.058017727639034e-05
84180,29.84966416106935,0.9991941982272361,560,681,1241,0.0,-0.0008333472224535399,0.999516518936343,-8.058017727639034e-05
84181,29.848830813846895,1.0,560,681,1241,0.0008058017727639033,-0.0008333472224535399,0.999516518936343,0.0
84182,29.84799746662444,1.0,560,681,1241,0.0,-0.0008333472224535399,0.999516518936343,0.0
84183,29.847164119401988,1.0,560,681,1241,0.0,-0.0008333472224535399,0.999516518936343,0.0
84184,29.846330772179535,1.0,560,681,1241,0.0,-0.0008333472224535399,0.999516518936343,0.0
84185,29.84549742495708,1.0,560,681,1241,0.0,-0.0008333472224535399,0.9995970991136194,8.058017727639034e-05
84186,29.844664077734627,1.0,560,681,1241,0.0,-0.0008333472224535399,0.9996776792908957,8.058017727639034e-05
84187,29.843830730512174,1.0,560,681,1241,0.0,-0.0008333472224535399,0.999758259468172,8.058017727639034e-05
84188,29.84299738328972,1.0,560,681,1241,0.0,-0.0008333472224535399,0.9998388396454484,8.058017727639034e-05
84189,29.842164036067267,1.0,560,681,1241,0.0,-0.0008333472224535399,0.9999194198227247,8.058017727639034e-05
84190,29.841330688844813,1.0,560,681,1241,0.0,-0.0008333472224535399,1.000000000000001,8.058017727639034e-05
84191,29.84049734162236,1.0,560,681,1241,0.0,-0.0008333472224535399,1.000000000000001,0.0
84192,29.839663994399906,1.0,560,681,1241,0.0,-0.0008333472224535399,1.000000000000001,0.0
84193,29.838830647177453,1.0,560,681,1241,0.0,-0.0008333472224535399,1.000000000000001,0.0
84194,29.837997299955,1.0,560,681,1241,0.0,-0.0008333472224535399,1.000000000000001,0.0
84195,29.837163952732546,1.0,560,681,1241,0.0,-0.0008333472224535399,1.000000000000001,0.0
84196,29.836330605510092,1.0,560,681,1241,0.0,-0.0008333472224535399,1.000000000000001,0.0
84197,29.83549725828764,1.0,560,681,1241,0.0,-0.0008333472224535399,1.000000000000001,0.0
84198,29.834663911065185,0.9991941982272361,560,681,1241,-0.0008058017727639033,-0.0008333472224535399,0.9999194198227247,-8.058017727639034e-05
84199,29.83383056384273,1.0,560,681,1241,0.0008058017727639033,-0.0008333472224535399,0.9999194198227247,0.0
84200,29.832997216620278,1.0,560,681,1241,0.0,-0.0008333472224535399,0.9999194198227247,0.0
84201,29.83216386939782,1.0,560,681,1241,0.0,-0.0008333472224570926,0.9999194198227247,0.0
84202,29.831330522175367,1.0,560,681,1241,0.0,-0.0008333472224535399,0.9999194198227247,0.0
84203,29.830497174952914,1.0,560,681,1241,0.0,-0.0008333472224535399,0.9999194198227247,0.0
84204,29.82966382773046,1.0,560,681,1241,0.0,-0.0008333472224535399,0.9999194198227247,0.0
84205,29.828830480508007,1.0,560,681,1241,0.0,-0.0008333472224535399,0.9999194198227247,0.0
84206,29.827997133285553,1.0,560,681,1241,0.0,-0.0008333472224535399,0.9999194198227247,0.0
84207,29.8271637860631,1.0,560,681,1241,0.0,-0.0008333472224535399,0.9999194198227247,0.0
84208,29.826330438840646,1.0,560,681,1241,0.0,-0.0008333472224535399,1.000000000000001,8.058017727639034e-05
84209,29.825497091618193,1.0,560,681,1241,0.0,-0.0008333472224535399,1.000000000000001,0.0
84210,29.82466374439574,1.0,560,681,1241,0.0,-0.0008333472224535399,1.000000000000001,0.0
84211,29.823830397173285,1.0,560,681,1241,0.0,-0.0008333472224535399,1.000000000000001,0.0
84212,29.822997049950832,1.0,560,681,1241,0.0,-0.0008333472224535399,1.000000000000001,0.0
84213,29.82216370272838,1.0,560,681,1241,0.0,-0.0008333472224535399,1.000000000000001,0.0
84214,29.821330355505925,0.9991941982272361,560,681,1241,-0.0008058017727639033,-0.0008333472224535399,0.9999194198227247,-8.058017727639034e-05
84215,29.82049700828347,0.9991941982272361,560,681,1241,0.0,-0.0008333472224535399,0.9998388396454484,-8.058017727639034e-05
84216,29.819663661061018,1.0,560,681,1241,0.0008058017727639033,-0.0008333472224535399,0.9998388396454484,0.0
84217,29.818830313838564,0.9991941982272361,560,681,1241,-0.0008058017727639033,-0.0008333472224535399,0.999758259468172,-8.058017727639034e-05
84218,29.81799696661611,0.9991941982272361,560,681,1241,0.0,-0.0008333472224535399,0.9996776792908957,-8.058017727639034e-05
84219,29.817163619393657,0.9991941982272361,560,681,1241,0.0,-0.0008333472224535399,0.9995970991136194,-8.058017727639034e-05
84220,29.816330272171204,0.9991941982272361,560,681,1241,0.0,-0.0008333472224535399,0.999516518936343,-8.058017727639034e-05
84221,29.81549692494875,1.0,560,681,1241,0.0008058017727639033,-0.0008333472224535399,0.999516518936343,0.0
84222,29.814663577726293,1.0,560,681,1241,0.0,-0.0008333472224570926,0.999516518936343,0.0
84223,29.81383023050384,0.9991941982272361,560,681,1241,-0.0008058017727639033,-0.0008333472224535399,0.9994359387590667,-8.058017727639034e-05
84224,29.812996883281386,0.9991941982272361,560,681,1241,0.0,-0.0008333472224535399,0.9994359387590667,0.0
84225,29.812163536058932,0.9991941982272361,560,681,1241,0.0,-0.0008333472224535399,0.9994359387590667,0.0
84226,29.81133018883648,0.9991941982272361,560,681,1241,0.0,-0.0008333472224535399,0.9993553585817903,-8.058017727639034e-05
84227,29.810496841614025,1.0,560,681,1241,0.0008058017727639033,-0.0008333472224535399,0.9994359387590667,8.058017727639034e-05
84228,29.80966349439157,0.9983883964544722,560,681,1241,-0.0016116035455278066,-0.0008333472224535399,0.9993553585817903,-8.058017727639034e-05
84229,29.808830147169118,0.9983883964544722,560,681,1241,0.0,-0.0008333472224535399,0.999274778404514,-8.058017727639034e-05
84230,29.807996799946665,0.9983883964544722,560,681,1241,0.0,-0.0008333472224535399,0.9991941982272377,-8.058017727639034e-05
84231,29.80716345272421,0.9991941982272361,560,681,1241,0.0008058017727639033,-0.0008333472224535399,0.9991136180499612,-8.058017727639034e-05
84232,29.806330105501758,0.9983883964544722,560,681,1241,-0.0008058017727639033,-0.0008333472224535399,0.9989524576954085,-0.00016116035455278067
84233,29.805496758279304,0.9983883964544722,560,681,1241,0.0,-0.0008333472224535399,0.9988718775181322,-8.058017727639034e-05
84234,29.80466341105685,1.0,560,681,1241,0.0016116035455278066,-0.0008333472224535399,0.9989524576954085,8.058017727639034e-05
84235,29.803830063834397,1.0,560,681,1241,0.0,-0.0008333472224535399,0.9990330378726849,8.058017727639034e-05
84236,29.802996716611943,1.0,560,681,1241,0.0,-0.0008333472224535399,0.9991136180499612,8.058017727639034e-05
84237,29.80216336938949,1.0,560,681,1241,0.0,-0.0008333472224535399,0.9991136180499612,0.0
84238,29.801330022167036,1.0,560,681,1241,0.0,-0.0008333472224535399,0.999274778404514,0.00016116035455278067
84239,29.800496674944583,0.9991941982272361,560,681,1241,-0.0008058017727639033,-0.0008333472224535399,0.9993553585817903,8.058017727639034e-05
84240,29.79966332772213,0.9991941982272361,560,681,1241,0.0,-0.0008333472224535399,0.9994359387590667,8.058017727639034e-05
84241,29.798829980499676,1.0,560,681,1241,0.0008058017727639033,-0.0008333472224535399,0.999516518936343,8.058017727639034e-05
84242,29.797996633277222,1.0,560,681,1241,0.0,-0.0008333472224535399,0.9996776792908957,0.00016116035455278067
84243,29.797163286054765,1.0,560,681,1241,0.0,-0.0008333472224570926,0.9998388396454484,0.00016116035455278067
84244,29.79632993883231,1.0,560,681,1241,0.0,-0.0008333472224535399,0.9998388396454484,0.0
84245,29.795496591609858,1.0,560,681,1241,0.0,-0.0008333472224535399,0.9998388396454484,0.0
84246,29.794663244387404,0.9991941982272361,560,681,1241,-0.0008058017727639033,-0.0008333472224535399,0.999758259468172,-8.058017727639034e-05
84247,29.79382989716495,1.0,560,681,1241,0.0008058017727639033,-0.0008333472224535399,0.999758259468172,0.0
84248,29.792996549942497,1.0,560,681,1241,0.0,-0.0008333472224535399,0.999758259468172,0.0
84249,29.792163202720044,1.0,560,681,1241,0.0,-0.0008333472224535399,0.9998388396454484,8.058017727639034e-05
84250,29.79132985549759,1.0,560,681,1241,0.0,-0.0008333472224535399,0.9999194198227247,8.058017727639034e-05
84251,29.790496508275137,1.0,560,681,1241,0.0,-0.0008333472224535399,0.9999194198227247,0.0
84252,29.789663161052683,1.0,560,681,1241,0.0,-0.0008333472224535399,0.9999194198227247,0.0
84253,29.78882981383023,1.0,560,681,1241,0.0,-0.0008333472224535399,0.9999194198227247,0.0
84254,29.787996466607776,1.0,560,681,1241,0.0,-0.0008333472224535399,0.9999194198227247,0.0
84255,29.787163119385323,0.9991941982272361,560,681,1241,-0.0008058017727639033,-0.0008333472224535399,0.9998388396454484,-8.058017727639034e-05
84256,29.78632977216287,1.0,560,681,1241,0.0008058017727639033,-0.0008333472224535399,0.9999194198227247,8.058017727639034e-05
84257,29.785496424940415,1.0,560,681,1241,0.0,-0.0008333472224535399,0.9999194198227247,0.0
84258,29.784663077717962,1.0,560,681,1241,0.0,-0.0008333472224535399,0.9999194198227247,0.0
84259,29.78382973049551,1.0,560,681,1241,0.0,-0.0008333472224535399,0.9999194198227247,0.0
84260,29.782996383273055,1.0,560,681,1241,0.0,-0.0008333472224535399,0.9999194198227247,0.0
84261,29.7821630360506,1.0,560,681,1241,0.0,-0.0008333472224535399,0.9999194198227247,0.0
84262,29.781329688828148,1.0,560,681,1241,0.0,-0.0008333472224535399,0.9999194198227247,0.0
84263,29.780496341605694,1.0,560,681,1241,0.0,-0.0008333472224535399,0.9999194198227247,0.0
84264,29.779662994383237,1.0,560,681,1241,0.0,-0.0008333472224570926,0.9999194198227247,0.0
84265,29.778829647160784,0.9991941982272361,560,681,1241,-0.0008058017727639033,-0.0008333472224535399,0.9999194198227247,0.0
84266,29.77799629993833,1.0,560,681,1241,0.0008058017727639033,-0.0008333472224535399,0.9999194198227247,0.0
84267,29.777162952715877,1.0,560,681,1241,0.0,-0.0008333472224535399,0.9999194198227247,0.0
84268,29.776329605493423,1.0,560,681,1241,0.0,-0.0008333472224535399,0.9999194198227247,0.0
84269,29.77549625827097,1.0,560,681,1241,0.0,-0.0008333472224535399,0.9999194198227247,0.0
84270,29.774662911048516,1.0,560,681,1241,0.0,-0.0008333472224535399,0.9999194198227247,0.0
84271,29.773829563826062,1.0,560,681,1241,0.0,-0.0008333472224535399,0.9999194198227247,0.0
84272,29.77299621660361,1.0,560,681,1241,0.0,-0.0008333472224535399,0.9999194198227247,0.0
84273,29.772162869381155,1.0,560,681,1241,0.0,-0.0008333472224535399,0.9999194198227247,0.0
84274,29.7713295221587,1.0,560,681,1241,0.0,-0.0008333472224535399,0.9999194198227247,0.0
84275,29.77049617493625,1.0,560,681,1241,0.0,-0.0008333472224535399,1.000000000000001,8.058017727639034e-05
84276,29.769662827713795,1.0,560,681,1241,0.0,-0.0008333472224535399,1.000000000000001,0.0
84277,29.76882948049134,1.0,560,681,1241,0.0,-0.0008333472224535399,1.000000000000001,0.0
84278,29.767996133268888,1.0,560,681,1241,0.0,-0.0008333472224535399,1.000000000000001,0.0
84279,29.767162786046434,1.0,560,681,1241,0.0,-0.0008333472224535399,1.000000000000001,0.0
84280,29.76632943882398,1.0,560,681,1241,0.0,-0.0008333472224535399,1.000000000000001,0.0
84281,29.765496091601527,1.0,560,681,1241,0.0,-0.0008333472224535399,1.000000000000001,0.0
84282,29.764662744379073,1.0,560,681,1241,0.0,-0.0008333472224535399,1.000000000000001,0.0
84283,29.76382939715662,1.0,560,681,1241,0.0,-0.0008333472224535399,1.000000000000001,0.0
84284,29.762996049934166,1.0,560,681,1241,0.0,-0.0008333472224535399,1.000000000000001,0.0
84285,29.76216270271171,1.0,560,681,1241,0.0,-0.0008333472224570926,1.000000000000001,0.0
84286,29.761329355489256,1.0,560,681,1241,0.0,-0.0008333472224535399,1.000000000000001,0.0
84287,29.760496008266802,1.0,560,681,1241,0.0,-0.0008333472224535399,1.000000000000001,0.0
84288,29.75966266104435,1.0,560,681,1241,0.0,-0.0008333472224535399,1.000000000000001,0.0
84289,29.758829313821895,1.0,560,681,1241,0.0,-0.0008333472224535399,1.000000000000001,0.0
84290,29.75799596659944,1.0,560,681,1241,0.0,-0.0008333472224535399,1.000000000000001,0.0
84291,29.757162619376988,1.0,560,681,1241,0.0,-0.0008333472224535399,1.000000000000001,0.0
84292,29.756329272154534,0.9991941982272361,560,681,1241,-0.0008058017727639033,-0.0008333472224535399,0.9999194198227247,-8.058017727639034e-05
84293,29.75549592493208,0.9991941982272361,560,681,1241,0.0,-0.0008333472224535399,0.9998388396454484,-8.058017727639034e-05
84294,29.754662577709627,0.9991941982272361,560,681,1241,0.0,-0.0008333472224535399,0.999758259468172,-8.058017727639034e-05
84295,29.753829230487174,0.9991941982272361,560,681,1241,0.0,-0.0008333472224535399,0.9996776792908957,-8.058017727639034e-05
84296,29.75299588326472,0.9983883964544722,560,681,1241,-0.0008058017727639033,-0.0008333472224535399,0.999516518936343,-0.00016116035455278067
84297,29.752162536042267,1.0,560,681,1241,0.0016116035455278066,-0.0008333472224535399,0.999516518936343,0.0
84298,29.751329188819813,1.0,560,681,1241,0.0,-0.0008333472224535399,0.999516518936343,0.0
84299,29.75049584159736,1.0,560,681,1241,0.0,-0.0008333472224535399,0.999516518936343,0.0
84300,29.749662494374906,1.0,560,681,1241,0.0,-0.0008333472224535399,0.999516518936343,0.0
84301,29.748829147152453,1.0,560,681,1241,0.0,-0.0008333472224535399,0.999516518936343,0.0
84302,29.74799579993,1.0,560,681,1241,0.0,-0.0008333472224535399,0.9995970991136194,8.058017727639034e-05
84303,29.747162452707546,1.0,560,681,1241,0.0,-0.0008333472224535399,0.9996776792908957,8.058017727639034e-05
84304,29.746329105485092,1.0,560,681,1241,0.0,-0.0008333472224535399,0.999758259468172,8.058017727639034e-05
84305,29.74549575826264,1.0,560,681,1241,0.0,-0.0008333472224535399,0.9998388396454484,8.058017727639034e-05
84306,29.74466241104018,1.0,560,681,1241,0.0,-0.0008333472224570926,1.000000000000001,0.00016116035455278067
84307,29.743829063817728,1.0,560,681,1241,0.0,-0.0008333472224535399,1.000000000000001,0.0
84308,29.742995716595274,1.0,560,681,1241,0.0,-0.0008333472224535399,1.000000000000001,0.0
84309,29.74216236937282,1.0,560,681,1241,0.0,-0.0008333472224535399,1.000000000000001,0.0
84310,29.741329022150367,1.0,560,681,1241,0.0,-0.0008333472224535399,1.000000000000001,0.0
84311,29.740495674927914,1.0,560,681,1241,0.0,-0.0008333472224535399,1.000000000000001,0.0
84312,29.73966232770546,1.0,560,681,1241,0.0,-0.0008333472224535399,1.000000000000001,0.0
84313,29.738828980483007,1.0,560,681,1241,0.0,-0.0008333472224535399,1.000000000000001,0.0
84314,29.737995633260553,1.0,560,681,1241,0.0,-0.0008333472224535399,1.000000000000001,0.0
84315,29.7371622860381,1.0,560,681,1241,0.0,-0.0008333472224535399,1.000000000000001,0.0
84316,29.736328938815646,1.0,560,681,1241,0.0,-0.0008333472224535399,1.000000000000001,0.0
84317,29.735495591593192,1.0,560,681,1241,0.0,-0.0008333472224535399,1.000000000000001,0.0
84318,29.73466224437074,1.0,560,681,1241,0.0,-0.0008333472224535399,1.000000000000001,0.0
84319,29.733828897148285,1.0,560,681,1241,0.0,-0.0008333472224535399,1.000000000000001,0.0
84320,29.732995549925832,0.9991941982272361,560,681,1241,-0.0008058017727639033,-0.0008333472224535399,0.9999194198227247,-8.058017727639034e-05
84321,29.73216220270338,0.9991941982272361,560,681,1241,0.0,-0.0008333472224535399,0.9998388396454484,-8.058017727639034e-05
84322,29.731328855480925,0.9991941982272361,560,681,1241,0.0,-0.0008333472224535399,0.999758259468172,-8.058017727639034e-05
84323,29.73049550825847,0.9991941982272361,560,681,1241,0.0,-0.0008333472224535399,0.9996776792908957,-8.058017727639034e-05
84324,29.729662161036018,1.0,560,681,1241,0.0008058017727639033,-0.0008333472224535399,0.9996776792908957,0.0
84325,29.728828813813564,0.9991941982272361,560,681,1241,-0.0008058017727639033,-0.0008333472224535399,0.9995970991136194,-8.058017727639034e-05
84326,29.72799546659111,0.9991941982272361,560,681,1241,0.0,-0.0008333472224535399,0.999516518936343,-8.058017727639034e-05
84327,29.727162119368657,0.9991941982272361,560,681,1241,0.0,-0.0008333472224535399,0.9994359387590667,-8.058017727639034e-05
84328,29.7263287721462,0.9991941982272361,560,681,1241,0.0,-0.0008333472224570926,0.9993553585817903,-8.058017727639034e-05
84329,29.725495424923746,0.9983883964544722,560,681,1241,-0.0008058017727639033,-0.0008333472224535399,0.9991941982272377,-0.00016116035455278067
84330,29.724662077701293,0.9983883964544722,560,681,1241,0.0,-0.0008333472224535399,0.9991136180499612,-8.058017727639034e-05
84331,29.72382873047884,0.9991941982272361,560,681,1241,0.0008058017727639033,-0.0008333472224535399,0.9991136180499612,0.0
84332,29.722995383256386,0.9991941982272361,560,681,1241,0.0,-0.0008333472224535399,0.9991136180499612,0.0
84333,29.722162036033932,0.9991941982272361,560,681,1241,0.0,-0.0008333472224535399,0.9991136180499612,0.0
84334,29.72132868881148,0.9991941982272361,560,681,1241,0.0,-0.0008333472224535399,0.9990330378726849,-8.058017727639034e-05
84335,29.720495341589025,0.9983883964544722,560,681,1241,-0.0008058017727639033,-0.0008333472224535399,0.9989524576954085,-8.058017727639034e-05
84336,29.71966199436657,0.9975825946817083,560,681,1241,-0.0008058017727639033,-0.0008333472224535399,0.9987912973408557,-0.00016116035455278067
84337,29.718828647144118,0.9983883964544722,560,681,1241,0.0008058017727639033,-0.0008333472224535399,0.9987107171635792,-8.058017727639034e-05
84338,29.717995299921665,1.0,560,681,1241,0.0016116035455278066,-0.0008333472224535399,0.9987912973408555,8.058017727639034e-05
84339,29.71716195269921,1.0,560,681,1241,0.0,-0.0008333472224535399,0.9989524576954082,0.00016116035455278067
84340,29.716328605476757,0.9983883964544722,560,681,1241,-0.0016116035455278066,-0.0008333472224535399,0.9989524576954082,0.0
84341,29.715495258254304,0.9991941982272361,560,681,1241,0.0008058017727639033,-0.0008333472224535399,0.9989524576954082,0.0
84342,29.71466191103185,0.9991941982272361,560,681,1241,0.0,-0.0008333472224535399,0.9989524576954082,0.0
84343,29.713828563809397,0.9991941982272361,560,681,1241,0.0,-0.0008333472224535399,0.9989524576954082,0.0
84344,29.712995216586943,0.9991941982272361,560,681,1241,0.0,-0.0008333472224535399,0.9989524576954082,0.0
84345,29.71216186936449,0.9991941982272361,560,681,1241,0.0,-0.0008333472224535399,0.9990330378726846,8.058017727639034e-05
84346,29.711328522142036,0.9991941982272361,560,681,1241,0.0,-0.0008333472224535399,0.9991941982272374,0.00016116035455278067
84347,29.710495174919583,0.9991941982272361,560,681,1241,0.0,-0.0008333472224535399,0.999274778404514,8.058017727639034e-05
84348,29.70966182769713,0.9983883964544722,560,681,1241,-0.0008058017727639033,-0.0008333472224535399,0.9991136180499612,-0.00016116035455278067
84349,29.708828480474672,0.9983883964544722,560,681,1241,0.0,-0.0008333472224570926,0.9989524576954085,-0.00016116035455278067
84350,29.70799513325222,0.9991941982272361,560,681,1241,0.0008058017727639033,-0.0008333472224535399,0.9990330378726849,8.058017727639034e-05
84351,29.707161786029765,0.9991941982272361,560,681,1241,0.0,-0.0008333472224535399,0.9990330378726849,0.0
84352,29.70632843880731,0.9991941982272361,560,681,1241,0.0,-0.0008333472224535399,0.9990330378726849,0.0
84353,29.705495091584858,0.9991941982272361,560,681,1241,0.0,-0.0008333472224535399,0.9990330378726849,0.0
84354,29.704661744362404,0.9991941982272361,560,681,1241,0.0,-0.0008333472224535399,0.9990330378726849,0.0
84355,29.70382839713995,0.9983883964544722,560,681,1241,-0.0008058017727639033,-0.0008333472224535399,0.9989524576954085,-8.058017727639034e-05
84356,29.702995049917497,0.9983883964544722,560,681,1241,0.0,-0.0008333472224535399,0.9988718775181322,-8.058017727639034e-05
84357,29.702161702695044,0.9975825946817083,560,681,1241,-0.0008058017727639033,-0.0008333472224535399,0.9987107171635794,-0.00016116035455278067
84358,29.70132835547259,0.9975825946817083,560,681,1241,0.0,-0.0008333472224535399,0.9986301369863029,-8.058017727639034e-05
84359,29.700495008250137,0.9975825946817083,560,681,1241,0.0,-0.0008333472224535399,0.9985495568090265,-8.058017727639034e-05
84360,29.699661661027683,0.9983883964544722,560,681,1241,0.0008058017727639033,-0.0008333472224535399,0.9984689766317502,-8.058017727639034e-05
84361,29.69882831380523,0.9991941982272361,560,681,1241,0.0008058017727639033,-0.0008333472224535399,0.9984689766317502,0.0
84362,29.697994966582776,0.9991941982272361,560,681,1241,0.0,-0.0008333472224535399,0.9984689766317502,0.0
84363,29.697161619360323,0.9983883964544722,560,681,1241,-0.0008058017727639033,-0.0008333472224535399,0.9983883964544737,-8.058017727639034e-05
84364,29.69632827213787,0.9975825946817083,560,681,1241,-0.0008058017727639033,-0.0008333472224535399,0.9982272360999209,-0.00016116035455278067
84365,29.695494924915415,0.9983883964544722,560,681,1241,0.0008058017727639033,-0.0008333472224535399,0.9982272360999207,0.0
84366,29.694661577692962,0.9983883964544722,560,681,1241,0.0,-0.0008333472224535399,0.9982272360999207,0.0
84367,29.69382823047051,0.9991941982272361,560,681,1241,0.0008058017727639033,-0.0008333472224535399,0.9983883964544736,0.00016116035455278067
84368,29.692994883248055,0.9991941982272361,560,681,1241,0.0,-0.0008333472224535399,0.9985495568090265,0.00016116035455278067
84369,29.6921615360256,0.9991941982272361,560,681,1241,0.0,-0.0008333472224535399,0.9987107171635794,0.00016116035455278067
84370,29.691328188803144,0.9991941982272361,560,681,1241,0.0,-0.0008333472224570926,0.9987912973408559,8.058017727639034e-05
84371,29.69049484158069,0.9991941982272361,560,681,1241,0.0,-0.0008333472224535399,0.9987912973408559,0.0
84372,29.689661494358237,0.9991941982272361,560,681,1241,0.0,-0.0008333472224535399,0.9987912973408559,0.0
84373,29.688828147135784,0.9991941982272361,560,681,1241,0.0,-0.0008333472224535399,0.9988718775181322,8.058017727639034e-05
84374,29.68799479991333,0.9983883964544722,560,681,1241,-0.0008058017727639033,-0.0008333472224535399,0.9989524576954087,8.058017727639034e-05
84375,29.687161452690876,0.9983883964544722,560,681,1241,0.0,-0.0008333472224535399,0.9989524576954085,0.0
84376,29.686328105468423,0.9991941982272361,560,681,1241,0.0008058017727639033,-0.0008333472224535399,0.9990330378726849,8.058017727639034e-05
84377,29.68549475824597,0.9991941982272361,560,681,1241,0.0,-0.0008333472224535399,0.9990330378726849,0.0
84378,29.684661411023516,0.9991941982272361,560,681,1241,0.0,-0.0008333472224535399,0.9990330378726849,0.0
84379,29.683828063801062,1.0,560,681,1241,0.0008058017727639033,-0.0008333472224535399,0.9991136180499612,8.058017727639034e-05
84380,29.68299471657861,1.0,560,681,1241,0.0,-0.0008333472224535399,0.9991941982272377,8.058017727639034e-05
84381,29.682161369356155,1.0,560,681,1241,0.0,-0.0008333472224535399,0.999274778404514,8.058017727639034e-05
84382,29.6813280221337,1.0,560,681,1241,0.0,-0.0008333472224535399,0.9993553585817903,8.058017727639034e-05
84383,29.680494674911248,1.0,560,681,1241,0.0,-0.0008333472224535399,0.9994359387590667,8.058017727639034e-05
84384,29.679661327688795,1.0,560,681,1241,0.0,-0.0008333472224535399,0.9995970991136194,0.00016116035455278067
84385,29.67882798046634,1.0,560,681,1241,0.0,-0.0008333472224535399,0.999758259468172,0.00016116035455278067
84386,29.677994633243888,1.0,560,681,1241,0.0,-0.0008333472224535399,0.9998388396454484,8.058017727639034e-05
84387,29.677161286021434,1.0,560,681,1241,0.0,-0.0008333472224535399,0.9999194198227247,8.058017727639034e-05
84388,29.67632793879898,1.0,560,681,1241,0.0,-0.0008333472224535399,1.000000000000001,8.058017727639034e-05
84389,29.675494591576527,1.0,560,681,1241,0.0,-0.0008333472224535399,1.000000000000001,0.0
84390,29.674661244354073,1.0,560,681,1241,0.0,-0.0008333472224535399,1.000000000000001,0.0
84391,29.673827897131616,1.0,560,681,1241,0.0,-0.0008333472224570926,1.000000000000001,0.0
84392,29.672994549909163,1.0,560,681,1241,0.0,-0.0008333472224535399,1.000000000000001,0.0
84393,29.67216120268671,1.0,560,681,1241,0.0,-0.0008333472224535399,1.000000000000001,0.0
84394,29.671327855464256,1.0,560,681,1241,0.0,-0.0008333472224535399,1.000000000000001,0.0
84395,29.670494508241802,1.0,560,681,1241,0.0,-0.0008333472224535399,1.000000000000001,0.0
84396,29.66966116101935,1.0,560,681,1241,0.0,-0.0008333472224535399,1.000000000000001,0.0
84397,29.668827813796895,1.0,560,681,1241,0.0,-0.0008333472224535399,1.000000000000001,0.0
84398,29.66799446657444,1.0,560,681,1241,0.0,-0.0008333472224535399,1.000000000000001,0.0
84399,29.667161119351988,1.0,560,681,1241,0.0,-0.0008333472224535399,1.000000000000001,0.0
84400,29.666327772129534,1.0,560,681,1241,0.0,-0.0008333472224535399,1.000000000000001,0.0
84401,29.66549442490708,1.0,560,681,1241,0.0,-0.0008333472224535399,1.000000000000001,0.0
84402,29.664661077684627,1.0,560,681,1241,0.0,-0.0008333472224535399,1.000000000000001,0.0
84403,29.663827730462174,1.0,560,681,1241,0.0,-0.0008333472224535399,1.000000000000001,0.0
84404,29.66299438323972,1.0,560,681,1241,0.0,-0.0008333472224535399,1.000000000000001,0.0
84405,29.662161036017267,1.0,560,681,1241,0.0,-0.0008333472224535399,1.000000000000001,0.0
84406,29.661327688794813,1.0,560,681,1241,0.0,-0.0008333472224535399,1.000000000000001,0.0
84407,29.66049434157236,1.0,560,681,1241,0.0,-0.0008333472224535399,1.000000000000001,0.0
84408,29.659660994349906,1.0,560,681,1241,0.0,-0.0008333472224535399,1.000000000000001,0.0
84409,29.658827647127453,1.0,560,681,1241,0.0,-0.0008333472224535399,1.000000000000001,0.0
84410,29.657994299905,1.0,560,681,1241,0.0,-0.0008333472224535399,1.000000000000001,0.0
84411,29.657160952682545,1.0,560,681,1241,0.0,-0.0008333472224535399,1.000000000000001,0.0
84412,29.65632760546009,1.0,560,681,1241,0.0,-0.0008333472224570926,1.000000000000001,0.0
84413,29.655494258237635,1.0,560,681,1241,0.0,-0.0008333472224535399,1.000000000000001,0.0
84414,29.65466091101518,1.0,560,681,1241,0.0,-0.0008333472224535399,1.000000000000001,0.0
84415,29.653827563792728,1.0,560,681,1241,0.0,-0.0008333472224535399,1.000000000000001,0.0
84416,29.652994216570274,1.0,560,681,1241,0.0,-0.0008333472224535399,1.000000000000001,0.0
84417,29.65216086934782,1.0,560,681,1241,0.0,-0.0008333472224535399,1.000000000000001,0.0
84418,29.651327522125367,1.0,560,681,1241,0.0,-0.0008333472224535399,1.000000000000001,0.0
84419,29.650494174902914,0.9991941982272361,560,681,1241,-0.0008058017727639033,-0.0008333472224535399,0.9999194198227247,-8.058017727639034e-05
84420,29.64966082768046,1.0,560,681,1241,0.0008058017727639033,-0.0008333472224535399,0.9999194198227247,0.0
84421,29.648827480458007,1.0,560,681,1241,0.0,-0.0008333472224535399,0.9999194198227247,0.0
84422,29.647994133235553,1.0,560,681,1241,0.0,-0.0008333472224535399,0.9999194198227247,0.0
84423,29.6471607860131,0.9991941982272361,560,681,1241,-0.0008058017727639033,-0.0008333472224535399,0.9998388396454484,-8.058017727639034e-05
84424,29.646327438790646,0.9991941982272361,560,681,1241,0.0,-0.0008333472224535399,0.999758259468172,-8.058017727639034e-05
84425,29.645494091568192,0.9991941982272361,560,681,1241,0.0,-0.0008333472224535399,0.9996776792908957,-8.058017727639034e-05
84426,29.64466074434574,0.9983883964544722,560,681,1241,-0.0008058017727639033,-0.0008333472224535399,0.999516518936343,-0.00016116035455278067
84427,29.643827397123285,0.9983883964544722,560,681,1241,0.0,-0.0008333472224535399,0.9993553585817903,-0.00016116035455278067
84428,29.64299404990083,0.9991941982272361,560,681,1241,0.0008058017727639033,-0.0008333472224535399,0.999274778404514,-8.058017727639034e-05
84429,29.642160702678378,1.0,560,681,1241,0.0008058017727639033,-0.0008333472224535399,0.9993553585817903,8.058017727639034e-05
84430,29.641327355455925,0.9991941982272361,560,681,1241,-0.0008058017727639033,-0.0008333472224535399,0.999274778404514,-8.058017727639034e-05
84431,29.64049400823347,0.9983883964544722,560,681,1241,-0.0008058017727639033,-0.0008333472224535399,0.9991136180499612,-0.00016116035455278067
84432,29.639660661011018,0.9991941982272361,560,681,1241,0.0008058017727639033,-0.0008333472224535399,0.9990330378726849,-8.058017727639034e-05
84433,29.638827313788564,0.9991941982272361,560,681,1241,0.0,-0.0008333472224535399,0.9990330378726849,0.0
84434,29.637993966566107,0.9983883964544722,560,681,1241,-0.0008058017727639033,-0.0008333472224570926,0.9989524576954085,-8.058017727639034e-05
84435,29.637160619343653,0.9983883964544722,560,681,1241,0.0,-0.0008333472224535399,0.9988718775181322,-8.058017727639034e-05
84436,29.6363272721212,0.9983883964544722,560,681,1241,0.0,-0.0008333472224535399,0.9988718775181322,0.0
84437,29.635493924898746,0.9983883964544722,560,681,1241,0.0,-0.0008333472224535399,0.9988718775181322,0.0
84438,29.634660577676293,0.9983883964544722,560,681,1241,0.0,-0.0008333472224535399,0.9987912973408559,-8.058017727639034e-05
84439,29.63382723045384,0.9983883964544722,560,681,1241,0.0,-0.0008333472224535399,0.9986301369863032,-0.00016116035455278067
84440,29.632993883231386,0.9983883964544722,560,681,1241,0.0,-0.0008333472224535399,0.9985495568090268,-8.058017727639034e-05
84441,29.632160536008932,0.9983883964544722,560,681,1241,0.0,-0.0008333472224535399,0.9985495568090268,0.0
84442,29.63132718878648,0.9991941982272361,560,681,1241,0.0008058017727639033,-0.0008333472224535399,0.9985495568090268,0.0
84443,29.630493841564025,0.9991941982272361,560,681,1241,0.0,-0.0008333472224535399,0.9985495568090268,0.0
84444,29.62966049434157,1.0,560,681,1241,0.0008058017727639033,-0.0008333472224535399,0.9987107171635795,0.00016116035455278067
84445,29.628827147119118,1.0,560,681,1241,0.0,-0.0008333472224535399,0.9988718775181322,0.00016116035455278067
84446,29.627993799896664,1.0,560,681,1241,0.0,-0.0008333472224535399,0.9990330378726849,0.00016116035455278067
84447,29.62716045267421,0.9991941982272361,560,681,1241,-0.0008058017727639033,-0.0008333472224535399,0.9991136180499612,8.058017727639034e-05
84448,29.626327105451757,0.9991941982272361,560,681,1241,0.0,-0.0008333472224535399,0.9991941982272377,8.058017727639034e-05
84449,29.625493758229304,0.9991941982272361,560,681,1241,0.0,-0.0008333472224535399,0.999274778404514,8.058017727639034e-05
84450,29.62466041100685,1.0,560,681,1241,0.0008058017727639033,-0.0008333472224535399,0.9994359387590667,0.00016116035455278067
84451,29.623827063784397,1.0,560,681,1241,0.0,-0.0008333472224535399,0.9995970991136194,0.00016116035455278067
84452,29.622993716561943,1.0,560,681,1241,0.0,-0.0008333472224535399,0.9996776792908957,8.058017727639034e-05
84453,29.62216036933949,0.9991941982272361,560,681,1241,-0.0008058017727639033,-0.0008333472224535399,0.9996776792908957,0.0
84454,29.621327022117036,0.9991941982272361,560,681,1241,0.0,-0.0008333472224535399,0.9995970991136194,-8.058017727639034e-05
84455,29.62049367489458,1.0,560,681,1241,0.0008058017727639033,-0.0008333472224570926,0.9995970991136194,0.0
84456,29.619660327672126,1.0,560,681,1241,0.0,-0.0008333472224535399,0.9995970991136194,0.0
84457,29.618826980449672,1.0,560,681,1241,0.0,-0.0008333472224535399,0.9996776792908957,8.058017727639034e-05
84458,29.61799363322722,0.9991941982272361,560,681,1241,-0.0008058017727639033,-0.0008333472224535399,0.9996776792908957,0.0
84459,29.617160286004765,1.0,560,681,1241,0.0008058017727639033,-0.0008333472224535399,0.999758259468172,8.058017727639034e-05
84460,29.61632693878231,1.0,560,681,1241,0.0,-0.0008333472224535399,0.999758259468172,0.0
84461,29.615493591559858,1.0,560,681,1241,0.0,-0.0008333472224535399,0.999758259468172,0.0
84462,29.614660244337404,1.0,560,681,1241,0.0,-0.0008333472224535399,0.999758259468172,0.0
84463,29.61382689711495,1.0,560,681,1241,0.0,-0.0008333472224535399,0.9998388396454484,8.058017727639034e-05
84464,29.612993549892497,1.0,560,681,1241,0.0,-0.0008333472224535399,0.9999194198227247,8.058017727639034e-05
84465,29.612160202670044,1.0,560,681,1241,0.0,-0.0008333472224535399,0.9999194198227247,0.0
84466,29.61132685544759,1.0,560,681,1241,0.0,-0.0008333472224535399,0.9999194198227247,0.0
84467,29.610493508225137,1.0,560,681,1241,0.0,-0.0008333472224535399,0.9999194198227247,0.0
84468,29.609660161002683,1.0,560,681,1241,0.0,-0.0008333472224535399,1.000000000000001,8.058017727639034e-05
84469,29.60882681378023,1.0,560,681,1241,0.0,-0.0008333472224535399,1.000000000000001,0.0
84470,29.607993466557776,1.0,560,681,1241,0.0,-0.0008333472224535399,1.000000000000001,0.0
84471,29.607160119335322,1.0,560,681,1241,0.0,-0.0008333472224535399,1.000000000000001,0.0
84472,29.60632677211287,1.0,560,681,1241,0.0,-0.0008333472224535399,1.000000000000001,0.0
84473,29.605493424890415,1.0,560,681,1241,0.0,-0.0008333472224535399,1.000000000000001,0.0
84474,29.604660077667962,1.0,560,681,1241,0.0,-0.0008333472224535399,1.000000000000001,0.0
84475,29.60382673044551,1.0,560,681,1241,0.0,-0.0008333472224535399,1.000000000000001,0.0
84476,29.60299338322305,1.0,560,681,1241,0.0,-0.0008333472224570926,1.000000000000001,0.0
84477,29.602160036000598,1.0,560,681,1241,0.0,-0.0008333472224535399,1.000000000000001,0.0
84478,29.601326688778144,1.0,560,681,1241,0.0,-0.0008333472224535399,1.000000000000001,0.0
84479,29.60049334155569,1.0,560,681,1241,0.0,-0.0008333472224535399,1.000000000000001,0.0
84480,29.599659994333237,1.0,560,681,1241,0.0,-0.0008333472224535399,1.000000000000001,0.0
84481,29.598826647110783,0.9991941982272361,560,681,1241,-0.0008058017727639033,-0.0008333472224535399,0.9999194198227247,-8.058017727639034e-05
84482,29.59799329988833,0.9991941982272361,560,681,1241,0.0,-0.0008333472224535399,0.9998388396454484,-8.058017727639034e-05
84483,29.597159952665876,0.9983883964544722,560,681,1241,-0.0008058017727639033,-0.0008333472224535399,0.9996776792908957,-0.00016116035455278067
84484,29.596326605443423,0.9991941982272361,560,681,1241,0.0008058017727639033,-0.0008333472224535399,0.9995970991136194,-8.058017727639034e-05
84485,29.59549325822097,0.9991941982272361,560,681,1241,0.0,-0.0008333472224535399,0.999516518936343,-8.058017727639034e-05
84486,29.594659910998516,1.0,560,681,1241,0.0008058017727639033,-0.0008333472224535399,0.999516518936343,0.0
84487,29.593826563776062,1.0,560,681,1241,0.0,-0.0008333472224535399,0.999516518936343,0.0
84488,29.59299321655361,1.0,560,681,1241,0.0,-0.0008333472224535399,0.999516518936343,0.0
84489,29.592159869331155,1.0,560,681,1241,0.0,-0.0008333472224535399,0.999516518936343,0.0
84490,29.5913265221087,1.0,560,681,1241,0.0,-0.0008333472224535399,0.999516518936343,0.0
84491,29.590493174886248,1.0,560,681,1241,0.0,-0.0008333472224535399,0.9995970991136194,8.058017727639034e-05
84492,29.589659827663795,1.0,560,681,1241,0.0,-0.0008333472224535399,0.9996776792908957,8.058017727639034e-05
84493,29.58882648044134,1.0,560,681,1241,0.0,-0.0008333472224535399,0.9998388396454484,0.00016116035455278067
84494,29.587993133218887,1.0,560,681,1241,0.0,-0.0008333472224535399,0.9999194198227247,8.058017727639034e-05
84495,29.587159785996434,1.0,560,681,1241,0.0,-0.0008333472224535399,1.000000000000001,8.058017727639034e-05
84496,29.58632643877398,1.0,560,681,1241,0.0,-0.0008333472224535399,1.000000000000001,0.0
84497,29.585493091551523,1.0,560,681,1241,0.0,-0.0008333472224570926,1.000000000000001,0.0
84498,29.58465974432907,1.0,560,681,1241,0.0,-0.0008333472224535399,1.000000000000001,0.0
84499,29.583826397106616,1.0,560,681,1241,0.0,-0.0008333472224535399,1.000000000000001,0.0
84500,29.582993049884163,0.9983883964544722,560,681,1241,-0.0016116035455278066,-0.0008333472224535399,0.9998388396454484,-0.00016116035455278067
84501,29.58215970266171,0.9991941982272361,560,681,1241,0.0008058017727639033,-0.0008333472224535399,0.999758259468172,-8.058017727639034e-05
84502,29.581326355439256,0.9991941982272361,560,681,1241,0.0,-0.0008333472224535399,0.9996776792908957,-8.058017727639034e-05
84503,29.580493008216802,0.9991941982272361,560,681,1241,0.0,-0.0008333472224535399,0.9995970991136194,-8.058017727639034e-05
84504,29.57965966099435,0.9991941982272361,560,681,1241,0.0,-0.0008333472224535399,0.999516518936343,-8.058017727639034e-05
84505,29.578826313771895,0.9991941982272361,560,681,1241,0.0,-0.0008333472224535399,0.9994359387590667,-8.058017727639034e-05
84506,29.57799296654944,1.0,560,681,1241,0.0008058017727639033,-0.0008333472224535399,0.9994359387590667,0.0
84507,29.577159619326988,1.0,560,681,1241,0.0,-0.0008333472224535399,0.9994359387590667,0.0
84508,29.576326272104534,1.0,560,681,1241,0.0,-0.0008333472224535399,0.9994359387590667,0.0
84509,29.57549292488208,0.9991941982272361,560,681,1241,-0.0008058017727639033,-0.0008333472224535399,0.9993553585817903,-8.058017727639034e-05
84510,29.574659577659627,0.9983883964544722,560,681,1241,-0.0008058017727639033,-0.0008333472224535399,0.9993553585817903,0.0
84511,29.573826230437174,0.9983883964544722,560,681,1241,0.0,-0.0008333472224535399,0.999274778404514,-8.058017727639034e-05
84512,29.57299288321472,0.9975825946817083,560,681,1241,-0.0008058017727639033,-0.0008333472224535399,0.9991136180499611,-0.00016116035455278067
84513,29.572159535992267,0.9975825946817083,560,681,1241,0.0,-0.0008333472224535399,0.9989524576954082,-0.00016116035455278067
84514,29.571326188769813,0.9983883964544722,560,681,1241,0.0008058017727639033,-0.0008333472224535399,0.9988718775181319,-8.058017727639034e-05
84515,29.57049284154736,0.9983883964544722,560,681,1241,0.0,-0.0008333472224535399,0.9987912973408555,-8.058017727639034e-05
84516,29.569659494324906,0.9983883964544722,560,681,1241,0.0,-0.0008333472224535399,0.9986301369863029,-0.00016116035455278067
84517,29.568826147102452,0.9983883964544722,560,681,1241,0.0,-0.0008333472224535399,0.9984689766317502,-0.00016116035455278067
84518,29.567992799879995,0.9983883964544722,560,681,1241,0.0,-0.0008333472224570926,0.9983078162771974,-0.00016116035455278067
84519,29.567159452657542,0.9983883964544722,560,681,1241,0.0,-0.0008333472224535399,0.9982272360999211,-8.058017727639034e-05
84520,29.56632610543509,0.9991941982272361,560,681,1241,0.0008058017727639033,-0.0008333472224535399,0.9983078162771974,8.058017727639034e-05
84521,29.565492758212635,0.9991941982272361,560,681,1241,0.0,-0.0008333472224535399,0.9983883964544737,8.058017727639034e-05
84522,29.56465941099018,0.9983883964544722,560,681,1241,-0.0008058017727639033,-0.0008333472224535399,0.9984689766317503,8.058017727639034e-05
84523,29.563826063767728,0.9983883964544722,560,681,1241,0.0,-0.0008333472224535399,0.9985495568090267,8.058017727639034e-05
84524,29.562992716545274,0.9983883964544722,560,681,1241,0.0,-0.0008333472224535399,0.9985495568090265,0.0
84525,29.56215936932282,0.9983883964544722,560,681,1241,0.0,-0.0008333472224535399,0.9985495568090265,0.0
84526,29.561326022100367,0.9991941982272361,560,681,1241,0.0008058017727639033,-0.0008333472224535399,0.9986301369863029,8.058017727639034e-05
84527,29.560492674877914,0.9983883964544722,560,681,1241,-0.0008058017727639033,-0.0008333472224535399,0.9986301369863029,0.0
84528,29.55965932765546,0.9983883964544722,560,681,1241,0.0,-0.0008333472224535399,0.9986301369863029,0.0
84529,29.558825980433006,0.9991941982272361,560,681,1241,0.0008058017727639033,-0.0008333472224535399,0.9987107171635792,8.058017727639034e-05
84530,29.557992633210553,0.9991941982272361,560,681,1241,0.0,-0.0008333472224535399,0.9987107171635792,0.0
84531,29.5571592859881,0.9991941982272361,560,681,1241,0.0,-0.0008333472224535399,0.9987107171635792,0.0
84532,29.556325938765646,0.9991941982272361,560,681,1241,0.0,-0.0008333472224535399,0.9987912973408555,8.058017727639034e-05
84533,29.555492591543192,0.9991941982272361,560,681,1241,0.0,-0.0008333472224535399,0.9988718775181319,8.058017727639034e-05
84534,29.55465924432074,0.9991941982272361,560,681,1241,0.0,-0.0008333472224535399,0.9989524576954082,8.058017727639034e-05
84535,29.553825897098285,0.9991941982272361,560,681,1241,0.0,-0.0008333472224535399,0.9990330378726846,8.058017727639034e-05
84536,29.55299254987583,1.0,560,681,1241,0.0008058017727639033,-0.0008333472224535399,0.9991136180499609,8.058017727639034e-05
84537,29.552159202653378,1.0,560,681,1241,0.0,-0.0008333472224535399,0.9992747784045136,0.00016116035455278067
84538,29.551325855430925,1.0,560,681,1241,0.0,-0.0008333472224535399,0.9994359387590663,0.00016116035455278067
84539,29.550492508208468,1.0,560,681,1241,0.0,-0.0008333472224570926,0.9995165189363426,8.058017727639034e-05
84540,29.549659160986014,1.0,560,681,1241,0.0,-0.0008333472224535399,0.9995970991136189,8.058017727639034e-05
84541,29.54882581376356,0.9991941982272361,560,681,1241,-0.0008058017727639033,-0.0008333472224535399,0.9995970991136189,0.0
84542,29.547992466541107,0.9991941982272361,560,681,1241,0.0,-0.0008333472224535399,0.9995970991136189,0.0
84543,29.547159119318653,0.9991941982272361,560,681,1241,0.0,-0.0008333472224535399,0.9995970991136189,0.0
84544,29.5463257720962,0.9991941982272361,560,681,1241,0.0,-0.0008333472224535399,0.9995970991136189,0.0
84545,29.545492424873746,0.9991941982272361,560,681,1241,0.0,-0.0008333472224535399,0.9995970991136189,0.0
84546,29.544659077651293,0.9991941982272361,560,681,1241,0.0,-0.0008333472224535399,0.9995165189363426,-8.058017727639034e-05
84547,29.54382573042884,0.9991941982272361,560,681,1241,0.0,-0.0008333472224535399,0.9994359387590663,-8.058017727639034e-05
84548,29.542992383206386,0.9991941982272361,560,681,1241,0.0,-0.0008333472224535399,0.9993553585817899,-8.058017727639034e-05
84549,29.542159035983932,0.9983883964544722,560,681,1241,-0.0008058017727639033,-0.0008333472224535399,0.9991941982272372,-0.00016116035455278067
84550,29.54132568876148,0.9983883964544722,560,681,1241,0.0,-0.0008333472224535399,0.9990330378726846,-0.00016116035455278067
84551,29.540492341539025,0.9983883964544722,560,681,1241,0.0,-0.0008333472224535399,0.9989524576954082,-8.058017727639034e-05
84552,29.53965899431657,0.9991941982272361,560,681,1241,0.0008058017727639033,-0.0008333472224535399,0.9989524576954082,0.0
84553,29.538825647094118,0.9975825946817083,560,681,1241,-0.0016116035455278066,-0.0008333472224535399,0.9987912973408554,-0.00016116035455278067
84554,29.537992299871664,0.9975825946817083,560,681,1241,0.0,-0.0008333472224535399,0.9986301369863024,-0.00016116035455278067
84555,29.53715895264921,0.9983883964544722,560,681,1241,0.0008058017727639033,-0.0008333472224535399,0.9985495568090261,-8.058017727639034e-05
84556,29.536325605426757,0.9983883964544722,560,681,1241,0.0,-0.0008333472224535399,0.9984689766317498,-8.058017727639034e-05
84557,29.535492258204304,0.9975825946817083,560,681,1241,-0.0008058017727639033,-0.0008333472224535399,0.9983078162771969,-0.00016116035455278067
84558,29.53465891098185,0.9983883964544722,560,681,1241,0.0008058017727639033,-0.0008333472224535399,0.9982272360999204,-8.058017727639034e-05
84559,29.533825563759397,0.9983883964544722,560,681,1241,0.0,-0.0008333472224535399,0.9982272360999204,0.0
84560,29.532992216536943,0.9975825946817083,560,681,1241,-0.0008058017727639033,-0.0008333472224535399,0.9981466559226441,-8.058017727639034e-05
84561,29.532158869314486,0.9983883964544722,560,681,1241,0.0008058017727639033,-0.0008333472224570926,0.9981466559226441,0.0
84562,29.531325522092033,0.9991941982272361,560,681,1241,0.0008058017727639033,-0.0008333472224535399,0.9981466559226441,0.0
84563,29.53049217486958,0.9991941982272361,560,681,1241,0.0,-0.0008333472224535399,0.9983078162771969,0.00016116035455278067
84564,29.529658827647125,0.9991941982272361,560,681,1241,0.0,-0.0008333472224535399,0.9984689766317498,0.00016116035455278067
84565,29.528825480424672,0.9991941982272361,560,681,1241,0.0,-0.0008333472224535399,0.9985495568090261,8.058017727639034e-05
84566,29.52799213320222,1.0,560,681,1241,0.0008058017727639033,-0.0008333472224535399,0.9987107171635788,0.00016116035455278067
84567,29.527158785979765,1.0,560,681,1241,0.0,-0.0008333472224535399,0.9989524576954081,0.00024174053182917098
84568,29.52632543875731,1.0,560,681,1241,0.0,-0.0008333472224535399,0.9991136180499609,0.00016116035455278067
84569,29.525492091534858,1.0,560,681,1241,0.0,-0.0008333472224535399,0.9992747784045136,0.00016116035455278067
84570,29.524658744312404,1.0,560,681,1241,0.0,-0.0008333472224535399,0.9995165189363429,0.00024174053182917098
84571,29.52382539708995,1.0,560,681,1241,0.0,-0.0008333472224535399,0.9996776792908957,0.00016116035455278067
84572,29.522992049867497,1.0,560,681,1241,0.0,-0.0008333472224535399,0.999758259468172,8.058017727639034e-05
84573,29.522158702645044,1.0,560,681,1241,0.0,-0.0008333472224535399,0.9998388396454484,8.058017727639034e-05
84574,29.52132535542259,1.0,560,681,1241,0.0,-0.0008333472224535399,0.9999194198227247,8.058017727639034e-05
84575,29.520492008200137,1.0,560,681,1241,0.0,-0.0008333472224535399,1.000000000000001,8.058017727639034e-05
84576,29.519658660977683,1.0,560,681,1241,0.0,-0.0008333472224535399,1.000000000000001,0.0
84577,29.51882531375523,1.0,560,681,1241,0.0,-0.0008333472224535399,1.000000000000001,0.0
84578,29.517991966532776,1.0,560,681,1241,0.0,-0.0008333472224535399,1.000000000000001,0.0
84579,29.517158619310322,1.0,560,681,1241,0.0,-0.0008333472224535399,1.000000000000001,0.0
84580,29.51632527208787,1.0,560,681,1241,0.0,-0.0008333472224535399,1.000000000000001,0.0
84581,29.515491924865415,1.0,560,681,1241,0.0,-0.0008333472224535399,1.000000000000001,0.0
84582,29.514658577642958,1.0,560,681,1241,0.0,-0.0008333472224570926,1.000000000000001,0.0
84583,29.513825230420505,1.0,560,681,1241,0.0,-0.0008333472224535399,1.000000000000001,0.0
84584,29.51299188319805,1.0,560,681,1241,0.0,-0.0008333472224535399,1.000000000000001,0.0
84585,29.512158535975598,1.0,560,681,1241,0.0,-0.0008333472224535399,1.000000000000001,0.0
84586,29.511325188753144,1.0,560,681,1241,0.0,-0.0008333472224535399,1.000000000000001,0.0
84587,29.51049184153069,1.0,560,681,1241,0.0,-0.0008333472224535399,1.000000000000001,0.0
84588,29.509658494308237,1.0,560,681,1241,0.0,-0.0008333472224535399,1.000000000000001,0.0
84589,29.508825147085783,1.0,560,681,1241,0.0,-0.0008333472224535399,1.000000000000001,0.0
84590,29.50799179986333,0.9991941982272361,560,681,1241,-0.0008058017727639033,-0.0008333472224535399,0.9999194198227247,-8.058017727639034e-05
84591,29.507158452640876,0.9983883964544722,560,681,1241,-0.0008058017727639033,-0.0008333472224535399,0.999758259468172,-0.00016116035455278067
84592,29.506325105418423,0.9983883964544722,560,681,1241,0.0,-0.0008333472224535399,0.9995970991136194,-0.00016116035455278067
84593,29.50549175819597,0.9991941982272361,560,681,1241,0.0008058017727639033,-0.0008333472224535399,0.999516518936343,-8.058017727639034e-05
84594,29.504658410973516,0.9991941982272361,560,681,1241,0.0,-0.0008333472224535399,0.9994359387590667,-8.058017727639034e-05
84595,29.503825063751062,1.0,560,681,1241,0.0008058017727639033,-0.0008333472224535399,0.9994359387590667,0.0
84596,29.50299171652861,1.0,560,681,1241,0.0,-0.0008333472224535399,0.9994359387590667,0.0
84597,29.502158369306155,1.0,560,681,1241,0.0,-0.0008333472224535399,0.9994359387590667,0.0
84598,29.5013250220837,1.0,560,681,1241,0.0,-0.0008333472224535399,0.9994359387590667,0.0
84599,29.500491674861248,1.0,560,681,1241,0.0,-0.0008333472224535399,0.9994359387590667,0.0
84600,29.499658327638794,1.0,560,681,1241,0.0,-0.0008333472224535399,0.999516518936343,8.058017727639034e-05
84601,29.49882498041634,1.0,560,681,1241,0.0,-0.0008333472224535399,0.9996776792908957,0.00016116035455278067
84602,29.497991633193887,1.0,560,681,1241,0.0,-0.0008333472224535399,0.9998388396454484,0.00016116035455278067
84603,29.49715828597143,1.0,560,681,1241,0.0,-0.0008333472224570926,0.9999194198227247,8.058017727639034e-05
84604,29.496324938748977,1.0,560,681,1241,0.0,-0.0008333472224535399,1.000000000000001,8.058017727639034e-05
84605,29.495491591526523,1.0,560,681,1241,0.0,-0.0008333472224535399,1.000000000000001,0.0
84606,29.49465824430407,1.0,560,681,1241,0.0,-0.0008333472224535399,1.000000000000001,0.0
84607,29.493824897081616,1.0,560,681,1241,0.0,-0.0008333472224535399,1.000000000000001,0.0
84608,29.492991549859163,1.0,560,681,1241,0.0,-0.0008333472224535399,1.000000000000001,0.0
84609,29.49215820263671,0.9991941982272361,560,681,1241,-0.0008058017727639033,-0.0008333472224535399,0.9999194198227247,-8.058017727639034e-05
84610,29.491324855414256,0.9991941982272361,560,681,1241,0.0,-0.0008333472224535399,0.9998388396454484,-8.058017727639034e-05
84611,29.490491508191802,0.9991941982272361,560,681,1241,0.0,-0.0008333472224535399,0.999758259468172,-8.058017727639034e-05
84612,29.48965816096935,1.0,560,681,1241,0.0008058017727639033,-0.0008333472224535399,0.999758259468172,0.0
84613,29.488824813746895,1.0,560,681,1241,0.0,-0.0008333472224535399,0.999758259468172,0.0
84614,29.48799146652444,0.9991941982272361,560,681,1241,-0.0008058017727639033,-0.0008333472224535399,0.9996776792908957,-8.058017727639034e-05
84615,29.487158119301988,0.9991941982272361,560,681,1241,0.0,-0.0008333472224535399,0.9995970991136194,-8.058017727639034e-05
84616,29.486324772079534,0.9983883964544722,560,681,1241,-0.0008058017727639033,-0.0008333472224535399,0.9994359387590667,-0.00016116035455278067
84617,29.48549142485708,0.9983883964544722,560,681,1241,0.0,-0.0008333472224535399,0.999274778404514,-0.00016116035455278067
84618,29.484658077634627,0.9983883964544722,560,681,1241,0.0,-0.0008333472224535399,0.9991136180499612,-0.00016116035455278067
84619,29.483824730412174,0.9983883964544722,560,681,1241,0.0,-0.0008333472224535399,0.9990330378726849,-8.058017727639034e-05
84620,29.48299138318972,0.9983883964544722,560,681,1241,0.0,-0.0008333472224535399,0.9989524576954085,-8.058017727639034e-05
84621,29.482158035967267,0.9975825946817083,560,681,1241,-0.0008058017727639033,-0.0008333472224535399,0.9987912973408557,-0.00016116035455278067
84622,29.481324688744813,0.9975825946817083,560,681,1241,0.0,-0.0008333472224535399,0.9985495568090265,-0.00024174053182917098
84623,29.48049134152236,0.9991941982272361,560,681,1241,0.0016116035455278066,-0.0008333472224535399,0.9984689766317502,-8.058017727639034e-05
84624,29.479657994299902,1.0,560,681,1241,0.0008058017727639033,-0.0008333472224570926,0.9985495568090265,8.058017727639034e-05
84625,29.47882464707745,1.0,560,681,1241,0.0,-0.0008333472224535399,0.9986301369863029,8.058017727639034e-05
84626,29.477991299854995,1.0,560,681,1241,0.0,-0.0008333472224535399,0.9987912973408555,0.00016116035455278067
84627,29.477157952632542,1.0,560,681,1241,0.0,-0.0008333472224535399,0.9989524576954082,0.00016116035455278067
84628,29.47632460541009,1.0,560,681,1241,0.0,-0.0008333472224535399,0.9991136180499609,0.00016116035455278067
84629,29.475491258187635,1.0,560,681,1241,0.0,-0.0008333472224535399,0.9992747784045136,0.00016116035455278067
84630,29.47465791096518,0.9991941982272361,560,681,1241,-0.0008058017727639033,-0.0008333472224535399,0.9993553585817899,8.058017727639034e-05
84631,29.473824563742728,1.0,560,681,1241,0.0008058017727639033,-0.0008333472224535399,0.9995970991136192,0.00024174053182917098
84632,29.472991216520274,1.0,560,681,1241,0.0,-0.0008333472224535399,0.9998388396454484,0.00024174053182917098
84633,29.47215786929782,1.0,560,681,1241,0.0,-0.0008333472224535399,0.9999194198227247,8.058017727639034e-05
84634,29.471324522075367,1.0,560,681,1241,0.0,-0.0008333472224535399,0.9999194198227247,0.0
84635,29.470491174852913,1.0,560,681,1241,0.0,-0.0008333472224535399,0.9999194198227247,0.0
84636,29.46965782763046,1.0,560,681,1241,0.0,-0.0008333472224535399,0.9999194198227247,0.0
84637,29.468824480408006,1.0,560,681,1241,0.0,-0.0008333472224535399,0.9999194198227247,0.0
84638,29.467991133185553,1.0,560,681,1241,0.0,-0.0008333472224535399,0.9999194198227247,0.0
84639,29.4671577859631,1.0,560,681,1241,0.0,-0.0008333472224535399,0.9999194198227247,0.0
84640,29.466324438740646,1.0,560,681,1241,0.0,-0.0008333472224535399,1.000000000000001,8.058017727639034e-05
84641,29.465491091518192,1.0,560,681,1241,0.0,-0.0008333472224535399,1.000000000000001,0.0
84642,29.46465774429574,1.0,560,681,1241,0.0,-0.0008333472224535399,1.000000000000001,0.0
84643,29.463824397073285,1.0,560,681,1241,0.0,-0.0008333472224535399,1.000000000000001,0.0
84644,29.46299104985083,1.0,560,681,1241,0.0,-0.0008333472224535399,1.000000000000001,0.0
84645,29.462157702628375,1.0,560,681,1241,0.0,-0.0008333472224570926,1.000000000000001,0.0
84646,29.46132435540592,1.0,560,681,1241,0.0,-0.0008333472224535399,1.000000000000001,0.0
84647,29.460491008183467,1.0,560,681,1241,0.0,-0.0008333472224535399,1.000000000000001,0.0
84648,29.459657660961014,1.0,560,681,1241,0.0,-0.0008333472224535399,1.000000000000001,0.0
84649,29.45882431373856,1.0,560,681,1241,0.0,-0.0008333472224535399,1.000000000000001,0.0
84650,29.457990966516107,1.0,560,681,1241,0.0,-0.0008333472224535399,1.000000000000001,0.0
84651,29.457157619293653,0.9991941982272361,560,681,1241,-0.0008058017727639033,-0.0008333472224535399,0.9999194198227247,-8.058017727639034e-05
84652,29.4563242720712,0.9991941982272361,560,681,1241,0.0,-0.0008333472224535399,0.9998388396454484,-8.058017727639034e-05
84653,29.455490924848746,1.0,560,681,1241,0.0008058017727639033,-0.0008333472224535399,0.9998388396454484,0.0
84654,29.454657577626293,1.0,560,681,1241,0.0,-0.0008333472224535399,0.9998388396454484,0.0
84655,29.45382423040384,1.0,560,681,1241,0.0,-0.0008333472224535399,0.9998388396454484,0.0
84656,29.452990883181386,1.0,560,681,1241,0.0,-0.0008333472224535399,0.9998388396454484,0.0
84657,29.452157535958932,0.9991941982272361,560,681,1241,-0.0008058017727639033,-0.0008333472224535399,0.999758259468172,-8.058017727639034e-05
84658,29.45132418873648,0.9983883964544722,560,681,1241,-0.0008058017727639033,-0.0008333472224535399,0.9995970991136194,-0.00016116035455278067
84659,29.450490841514025,0.9983883964544722,560,681,1241,0.0,-0.0008333472224535399,0.9994359387590667,-0.00016116035455278067
84660,29.44965749429157,0.9983883964544722,560,681,1241,0.0,-0.0008333472224535399,0.999274778404514,-0.00016116035455278067
84661,29.448824147069118,0.9983883964544722,560,681,1241,0.0,-0.0008333472224535399,0.9991941982272377,-8.058017727639034e-05
84662,29.447990799846664,0.9983883964544722,560,681,1241,0.0,-0.0008333472224535399,0.9991136180499612,-8.058017727639034e-05
84663,29.44715745262421,0.9975825946817083,560,681,1241,-0.0008058017727639033,-0.0008333472224535399,0.998871877518132,-0.00024174053182917098
84664,29.446324105401757,0.9983883964544722,560,681,1241,0.0008058017727639033,-0.0008333472224535399,0.9987107171635792,-0.00016116035455278067
84665,29.445490758179304,0.9975825946817083,560,681,1241,-0.0008058017727639033,-0.0008333472224535399,0.9984689766317499,-0.00024174053182917098
84666,29.44465741095685,0.9983883964544722,560,681,1241,0.0008058017727639033,-0.0008333472224535399,0.9983078162771971,-0.00016116035455278067
84667,29.443824063734393,0.9983883964544722,560,681,1241,0.0,-0.0008333472224570926,0.9982272360999207,-8.058017727639034e-05
84668,29.44299071651194,0.9983883964544722,560,681,1241,0.0,-0.0008333472224535399,0.9982272360999207,0.0
84669,29.442157369289486,0.9991941982272361,560,681,1241,0.0008058017727639033,-0.0008333472224535399,0.9983078162771971,8.058017727639034e-05
84670,29.441324022067032,1.0,560,681,1241,0.0008058017727639033,-0.0008333472224535399,0.9984689766317498,0.00016116035455278067
84671,29.44049067484458,1.0,560,681,1241,0.0,-0.0008333472224535399,0.9986301369863024,0.00016116035455278067
84672,29.439657327622125,1.0,560,681,1241,0.0,-0.0008333472224535399,0.9987912973408551,0.00016116035455278067
84673,29.438823980399672,1.0,560,681,1241,0.0,-0.0008333472224535399,0.9990330378726844,0.00024174053182917098
84674,29.43799063317722,1.0,560,681,1241,0.0,-0.0008333472224535399,0.9991941982272372,0.00016116035455278067
84675,29.437157285954765,1.0,560,681,1241,0.0,-0.0008333472224535399,0.9994359387590664,0.00024174053182917098
84676,29.43632393873231,0.9991941982272361,560,681,1241,-0.0008058017727639033,-0.0008333472224535399,0.999516518936343,8.058017727639034e-05
84677,29.435490591509858,0.9983883964544722,560,681,1241,-0.0008058017727639033,-0.0008333472224535399,0.999516518936343,0.0
84678,29.434657244287404,0.9991941982272361,560,681,1241,0.0008058017727639033,-0.0008333472224535399,0.9995970991136194,8.058017727639034e-05
84679,29.43382389706495,0.9991941982272361,560,681,1241,0.0,-0.0008333472224535399,0.9995970991136194,0.0
84680,29.432990549842497,1.0,560,681,1241,0.0008058017727639033,-0.0008333472224535399,0.9995970991136194,0.0
84681,29.432157202620044,1.0,560,681,1241,0.0,-0.0008333472224535399,0.9995970991136194,0.0
84682,29.43132385539759,1.0,560,681,1241,0.0,-0.0008333472224535399,0.9995970991136194,0.0
84683,29.430490508175136,1.0,560,681,1241,0.0,-0.0008333472224535399,0.9995970991136194,0.0
84684,29.429657160952683,1.0,560,681,1241,0.0,-0.0008333472224535399,0.9995970991136194,0.0
84685,29.42882381373023,1.0,560,681,1241,0.0,-0.0008333472224535399,0.9995970991136194,0.0
84686,29.427990466507776,1.0,560,681,1241,0.0,-0.0008333472224535399,0.9996776792908957,8.058017727639034e-05
84687,29.427157119285322,1.0,560,681,1241,0.0,-0.0008333472224535399,0.9998388396454484,0.00016116035455278067
84688,29.426323772062865,1.0,560,681,1241,0.0,-0.0008333472224570926,0.9999194198227247,8.058017727639034e-05
84689,29.42549042484041,1.0,560,681,1241,0.0,-0.0008333472224535399,1.000000000000001,8.058017727639034e-05
84690,29.424657077617958,1.0,560,681,1241,0.0,-0.0008333472224535399,1.000000000000001,0.0
84691,29.423823730395505,1.0,560,681,1241,0.0,-0.0008333472224535399,1.000000000000001,0.0
84692,29.42299038317305,0.9991941982272361,560,681,1241,-0.0008058017727639033,-0.0008333472224535399,0.9999194198227247,-8.058017727639034e-05
84693,29.422157035950598,1.0,560,681,1241,0.0008058017727639033,-0.0008333472224535399,0.9999194198227247,0.0
84694,29.421323688728144,1.0,560,681,1241,0.0,-0.0008333472224535399,0.9999194198227247,0.0
84695,29.42049034150569,0.9991941982272361,560,681,1241,-0.0008058017727639033,-0.0008333472224535399,0.9998388396454484,-8.058017727639034e-05
84696,29.419656994283237,1.0,560,681,1241,0.0008058017727639033,-0.0008333472224535399,0.9998388396454484,0.0
84697,29.418823647060783,1.0,560,681,1241,0.0,-0.0008333472224535399,0.9998388396454484,0.0
84698,29.41799029983833,1.0,560,681,1241,0.0,-0.0008333472224535399,0.9998388396454484,0.0
84699,29.417156952615876,1.0,560,681,1241,0.0,-0.0008333472224535399,0.9998388396454484,0.0
84700,29.416323605393423,1.0,560,681,1241,0.0,-0.0008333472224535399,0.9998388396454484,0.0
84701,29.41549025817097,1.0,560,681,1241,0.0,-0.0008333472224535399,0.9998388396454484,0.0
84702,29.414656910948516,1.0,560,681,1241,0.0,-0.0008333472224535399,0.9999194198227247,8.058017727639034e-05
84703,29.413823563726062,1.0,560,681,1241,0.0,-0.0008333472224535399,0.9999194198227247,0.0
84704,29.41299021650361,1.0,560,681,1241,0.0,-0.0008333472224535399,0.9999194198227247,0.0
84705,29.412156869281155,1.0,560,681,1241,0.0,-0.0008333472224535399,1.000000000000001,8.058017727639034e-05
84706,29.4113235220587,1.0,560,681,1241,0.0,-0.0008333472224535399,1.000000000000001,0.0
84707,29.410490174836248,1.0,560,681,1241,0.0,-0.0008333472224535399,1.000000000000001,0.0
84708,29.409656827613794,1.0,560,681,1241,0.0,-0.0008333472224535399,1.000000000000001,0.0
84709,29.408823480391337,1.0,560,681,1241,0.0,-0.0008333472224570926,1.000000000000001,0.0
84710,29.407990133168884,1.0,560,681,1241,0.0,-0.0008333472224535399,1.000000000000001,0.0
84711,29.40715678594643,1.0,560,681,1241,0.0,-0.0008333472224535399,1.000000000000001,0.0
84712,29.406323438723977,1.0,560,681,1241,0.0,-0.0008333472224535399,1.000000000000001,0.0
84713,29.405490091501523,1.0,560,681,1241,0.0,-0.0008333472224535399,1.000000000000001,0.0
84714,29.40465674427907,1.0,560,681,1241,0.0,-0.0008333472224535399,1.000000000000001,0.0
84715,29.403823397056616,1.0,560,681,1241,0.0,-0.0008333472224535399,1.000000000000001,0.0
84716,29.402990049834163,1.0,560,681,1241,0.0,-0.0008333472224535399,1.000000000000001,0.0
84717,29.40215670261171,1.0,560,681,1241,0.0,-0.0008333472224535399,1.000000000000001,0.0
84718,29.401323355389255,1.0,560,681,1241,0.0,-0.0008333472224535399,1.000000000000001,0.0
84719,29.400490008166802,1.0,560,681,1241,0.0,-0.0008333472224535399,1.000000000000001,0.0
84720,29.39965666094435,1.0,560,681,1241,0.0,-0.0008333472224535399,1.000000000000001,0.0
84721,29.398823313721895,1.0,560,681,1241,0.0,-0.0008333472224535399,1.000000000000001,0.0
84722,29.39798996649944,1.0,560,681,1241,0.0,-0.0008333472224535399,1.000000000000001,0.0
84723,29.397156619276988,1.0,560,681,1241,0.0,-0.0008333472224535399,1.000000000000001,0.0
84724,29.396323272054534,1.0,560,681,1241,0.0,-0.0008333472224535399,1.000000000000001,0.0
84725,29.39548992483208,1.0,560,681,1241,0.0,-0.0008333472224535399,1.000000000000001,0.0
84726,29.394656577609627,1.0,560,681,1241,0.0,-0.0008333472224535399,1.000000000000001,0.0
84727,29.393823230387174,0.9991941982272361,560,681,1241,-0.0008058017727639033,-0.0008333472224535399,0.9999194198227247,-8.058017727639034e-05
84728,29.39298988316472,0.9991941982272361,560,681,1241,0.0,-0.0008333472224535399,0.9998388396454484,-8.058017727639034e-05
84729,29.392156535942267,1.0,560,681,1241,0.0008058017727639033,-0.0008333472224535399,0.9998388396454484,0.0
84730,29.39132318871981,1.0,560,681,1241,0.0,-0.0008333472224570926,0.9998388396454484,0.0
84731,29.390489841497356,1.0,560,681,1241,0.0,-0.0008333472224535399,0.9998388396454484,0.0
84732,29.389656494274902,1.0,560,681,1241,0.0,-0.0008333472224535399,0.9998388396454484,0.0
84733,29.38882314705245,1.0,560,681,1241,0.0,-0.0008333472224535399,0.9998388396454484,0.0
84734,29.387989799829995,1.0,560,681,1241,0.0,-0.0008333472224535399,0.9998388396454484,0.0
84735,29.38715645260754,1.0,560,681,1241,0.0,-0.0008333472224535399,0.9998388396454484,0.0
84736,29.386323105385088,1.0,560,681,1241,0.0,-0.0008333472224535399,0.9998388396454484,0.0
84737,29.385489758162635,1.0,560,681,1241,0.0,-0.0008333472224535399,0.9999194198227247,8.058017727639034e-05
84738,29.38465641094018,1.0,560,681,1241,0.0,-0.0008333472224535399,1.000000000000001,8.058017727639034e-05
84739,29.383823063717728,1.0,560,681,1241,0.0,-0.0008333472224535399,1.000000000000001,0.0
84740,29.382989716495274,0.9991941982272361,560,681,1241,-0.0008058017727639033,-0.0008333472224535399,0.9999194198227247,-8.058017727639034e-05
84741,29.38215636927282,1.0,560,681,1241,0.0008058017727639033,-0.0008333472224535399,0.9999194198227247,0.0
84742,29.381323022050367,1.0,560,681,1241,0.0,-0.0008333472224535399,0.9999194198227247,0.0
84743,29.380489674827913,1.0,560,681,1241,0.0,-0.0008333472224535399,0.9999194198227247,0.0
84744,29.37965632760546,0.9991941982272361,560,681,1241,-0.0008058017727639033,-0.0008333472224535399,0.9998388396454484,-8.058017727639034e-05
84745,29.378822980383006,0.9991941982272361,560,681,1241,0.0,-0.0008333472224535399,0.999758259468172,-8.058017727639034e-05
84746,29.377989633160553,0.9991941982272361,560,681,1241,0.0,-0.0008333472224535399,0.9996776792908957,-8.058017727639034e-05
84747,29.3771562859381,0.9991941982272361,560,681,1241,0.0,-0.0008333472224535399,0.9995970991136194,-8.058017727639034e-05
84748,29.376322938715646,0.9991941982272361,560,681,1241,0.0,-0.0008333472224535399,0.999516518936343,-8.058017727639034e-05
84749,29.375489591493192,0.9991941982272361,560,681,1241,0.0,-0.0008333472224535399,0.9994359387590667,-8.058017727639034e-05
84750,29.37465624427074,0.9991941982272361,560,681,1241,0.0,-0.0008333472224535399,0.9994359387590667,0.0
84751,29.37382289704828,1.0,560,681,1241,0.0008058017727639033,-0.0008333472224570926,0.9994359387590667,0.0
84752,29.372989549825828,1.0,560,681,1241,0.0,-0.0008333472224535399,0.9994359387590667,0.0
84753,29.372156202603374,1.0,560,681,1241,0.0,-0.0008333472224535399,0.9994359387590667,0.0
84754,29.37132285538092,1.0,560,681,1241,0.0,-0.0008333472224535399,0.999516518936343,8.058017727639034e-05
84755,29.370489508158467,1.0,560,681,1241,0.0,-0.0008333472224535399,0.9995970991136194,8.058017727639034e-05
84756,29.369656160936014,1.0,560,681,1241,0.0,-0.0008333472224535399,0.9996776792908957,8.058017727639034e-05
84757,29.36882281371356,1.0,560,681,1241,0.0,-0.0008333472224535399,0.999758259468172,8.058017727639034e-05
84758,29.367989466491107,1.0,560,681,1241,0.0,-0.0008333472224535399,0.9998388396454484,8.058017727639034e-05
84759,29.367156119268653,1.0,560,681,1241,0.0,-0.0008333472224535399,0.9999194198227247,8.058017727639034e-05
84760,29.3663227720462,1.0,560,681,1241,0.0,-0.0008333472224535399,1.000000000000001,8.058017727639034e-05
84761,29.365489424823746,1.0,560,681,1241,0.0,-0.0008333472224535399,1.000000000000001,0.0
84762,29.364656077601293,1.0,560,681,1241,0.0,-0.0008333472224535399,1.000000000000001,0.0
84763,29.36382273037884,1.0,560,681,1241,0.0,-0.0008333472224535399,1.000000000000001,0.0
84764,29.362989383156386,0.9975825946817083,560,681,1241,-0.00241740531829171,-0.0008333472224535399,0.9997582594681719,-0.00024174053182917098
84765,29.362156035933932,0.9975825946817083,560,681,1241,0.0,-0.0008333472224535399,0.9995165189363426,-0.00024174053182917098
84766,29.36132268871148,0.9983883964544722,560,681,1241,0.0008058017727639033,-0.0008333472224535399,0.9993553585817899,-0.00016116035455278067
84767,29.360489341489025,0.9975825946817083,560,681,1241,-0.0008058017727639033,-0.0008333472224535399,0.9991136180499607,-0.00024174053182917098
84768,29.35965599426657,0.9967767929089444,560,681,1241,-0.0008058017727639033,-0.0008333472224535399,0.9987912973408551,-0.00032232070910556134
84769,29.358822647044118,0.9975825946817083,560,681,1241,0.0008058017727639033,-0.0008333472224535399,0.9985495568090259,-0.00024174053182917098
84770,29.357989299821664,0.9975825946817083,560,681,1241,0.0,-0.0008333472224535399,0.9983078162771968,-0.00024174053182917098
84771,29.35715595259921,0.9975825946817083,560,681,1241,0.0,-0.0008333472224535399,0.9980660757453675,-0.00024174053182917098
84772,29.356322605376754,0.9975825946817083,560,681,1241,0.0,-0.0008333472224570926,0.9978243352135383,-0.00024174053182917098
84773,29.3554892581543,0.9967767929089444,560,681,1241,-0.0008058017727639033,-0.0008333472224535399,0.9975020145044328,-0.00032232070910556134
84774,29.354655910931847,0.9967767929089444,560,681,1241,0.0,-0.0008333472224535399,0.9974214343271564,-8.058017727639034e-05
84775,29.353822563709393,0.9967767929089444,560,681,1241,0.0,-0.0008333472224535399,0.99734085414988,-8.058017727639034e-05
84776,29.35298921648694,0.9975825946817083,560,681,1241,0.0008058017727639033,-0.0008333472224535399,0.9972602739726035,-8.058017727639034e-05
84777,29.352155869264486,0.9983883964544722,560,681,1241,0.0008058017727639033,-0.0008333472224535399,0.99734085414988,8.058017727639034e-05
84778,29.351322522042032,0.9983883964544722,560,681,1241,0.0,-0.0008333472224535399,0.9975020145044328,0.00016116035455278067
84779,29.35048917481958,0.9991941982272361,560,681,1241,0.0008058017727639033,-0.0008333472224535399,0.9976631748589856,0.00016116035455278067
84780,29.349655827597125,0.9983883964544722,560,681,1241,-0.0008058017727639033,-0.0008333472224535399,0.9977437550362621,8.058017727639034e-05
84781,29.348822480374672,0.9983883964544722,560,681,1241,0.0,-0.0008333472224535399,0.9978243352135385,8.058017727639034e-05
84782,29.34798913315222,0.9983883964544722,560,681,1241,0.0,-0.0008333472224535399,0.9979049153908148,8.058017727639034e-05
84783,29.347155785929765,0.9983883964544722,560,681,1241,0.0,-0.0008333472224535399,0.9980660757453675,0.00016116035455278067
84784,29.34632243870731,0.9983883964544722,560,681,1241,0.0,-0.0008333472224535399,0.9982272360999203,0.00016116035455278067
84785,29.345489091484858,0.9983883964544722,560,681,1241,0.0,-0.0008333472224535399,0.9983883964544729,0.00016116035455278067
84786,29.344655744262404,0.9983883964544722,560,681,1241,0.0,-0.0008333472224535399,0.9984689766317493,8.058017727639034e-05
84787,29.34382239703995,0.9967767929089444,560,681,1241,-0.0016116035455278066,-0.0008333472224535399,0.9983078162771963,-0.00016116035455278067
84788,29.342989049817497,0.9959709911361805,560,681,1241,-0.0008058017727639033,-0.0008333472224535399,0.9980660757453673,-0.00024174053182917098
84789,29.342155702595043,0.9959709911361805,560,681,1241,0.0,-0.0008333472224535399,0.9977437550362618,-0.00032232070910556134
84790,29.34132235537259,0.9967767929089444,560,681,1241,0.0008058017727639033,-0.0008333472224535399,0.997582594681709,-0.00016116035455278067
84791,29.340489008150136,0.9967767929089444,560,681,1241,0.0,-0.0008333472224535399,0.9974214343271562,-0.00016116035455278067
84792,29.339655660927683,0.9959709911361805,560,681,1241,-0.0008058017727639033,-0.0008333472224535399,0.9971796937953272,-0.00024174053182917098
84793,29.33882231370523,0.9959709911361805,560,681,1241,0.0,-0.0008333472224535399,0.9969379532634981,-0.00024174053182917098
84794,29.337988966482772,0.9959709911361805,560,681,1241,0.0,-0.0008333472224570926,0.9966962127316691,-0.00024174053182917098
84795,29.33715561926032,0.9959709911361805,560,681,1241,0.0,-0.0008333472224535399,0.9964544721998401,-0.00024174053182917098
84796,29.336322272037865,0.9967767929089444,560,681,1241,0.0008058017727639033,-0.0008333472224535399,0.9962933118452874,-0.00016116035455278067
84797,29.33548892481541,0.9975825946817083,560,681,1241,0.0008058017727639033,-0.0008333472224535399,0.9963738920225638,8.058017727639034e-05
84798,29.334655577592958,0.9975825946817083,560,681,1241,0.0,-0.0008333472224535399,0.9965350523771164,0.00016116035455278067
84799,29.333822230370505,0.9983883964544722,560,681,1241,0.0008058017727639033,-0.0008333472224535399,0.9967767929089456,0.00024174053182917098
84800,29.33298888314805,0.9983883964544722,560,681,1241,0.0,-0.0008333472224535399,0.9969379532634983,0.00016116035455278067
84801,29.332155535925597,0.9983883964544722,560,681,1241,0.0,-0.0008333472224535399,0.997099113618051,0.00016116035455278067
84802,29.331322188703144,0.9975825946817083,560,681,1241,-0.0008058017727639033,-0.0008333472224535399,0.9972602739726038,0.00016116035455278067
84803,29.33048884148069,0.9975825946817083,560,681,1241,0.0,-0.0008333472224535399,0.9974214343271564,0.00016116035455278067
84804,29.329655494258237,0.9983883964544722,560,681,1241,0.0008058017727639033,-0.0008333472224535399,0.9976631748589855,0.00024174053182917098
84805,29.328822147035783,0.9983883964544722,560,681,1241,0.0,-0.0008333472224535399,0.9979049153908145,0.00024174053182917098
84806,29.32798879981333,0.9983883964544722,560,681,1241,0.0,-0.0008333472224535399,0.9980660757453672,0.00016116035455278067
84807,29.327155452590876,0.9983883964544722,560,681,1241,0.0,-0.0008333472224535399,0.9981466559226435,8.058017727639034e-05
84808,29.326322105368423,0.9983883964544722,560,681,1241,0.0,-0.0008333472224535399,0.9982272360999198,8.058017727639034e-05
84809,29.32548875814597,0.9983883964544722,560,681,1241,0.0,-0.0008333472224535399,0.9982272360999197,0.0
84810,29.324655410923516,0.9983883964544722,560,681,1241,0.0,-0.0008333472224535399,0.9982272360999197,0.0
84811,29.323822063701062,0.9983883964544722,560,681,1241,0.0,-0.0008333472224535399,0.9982272360999197,0.0
84812,29.32298871647861,0.9983883964544722,560,681,1241,0.0,-0.0008333472224535399,0.9983078162771962,8.058017727639034e-05
84813,29.322155369256155,0.9991941982272361,560,681,1241,0.0008058017727639033,-0.0008333472224535399,0.998468976631749,0.00016116035455278067
84814,29.3213220220337,0.9991941982272361,560,681,1241,0.0,-0.0008333472224535399,0.9985495568090255,8.058017727639034e-05
84815,29.320488674811244,0.9991941982272361,560,681,1241,0.0,-0.0008333472224570926,0.9986301369863018,8.058017727639034e-05
84816,29.31965532758879,0.9991941982272361,560,681,1241,0.0,-0.0008333472224535399,0.9987107171635781,8.058017727639034e-05
84817,29.318821980366337,1.0,560,681,1241,0.0008058017727639033,-0.0008333472224535399,0.9988718775181308,0.00016116035455278067
84818,29.317988633143884,1.0,560,681,1241,0.0,-0.0008333472224535399,0.9990330378726835,0.00016116035455278067
84819,29.31715528592143,1.0,560,681,1241,0.0,-0.0008333472224535399,0.9991941982272362,0.00016116035455278067
84820,29.316321938698977,1.0,560,681,1241,0.0,-0.0008333472224535399,0.9993553585817889,0.00016116035455278067
84821,29.315488591476523,1.0,560,681,1241,0.0,-0.0008333472224535399,0.9995165189363415,0.00016116035455278067
84822,29.31465524425407,1.0,560,681,1241,0.0,-0.0008333472224535399,0.9996776792908942,0.00016116035455278067
84823,29.313821897031616,1.0,560,681,1241,0.0,-0.0008333472224535399,0.9997582594681707,8.058017727639034e-05
84824,29.312988549809162,1.0,560,681,1241,0.0,-0.0008333472224535399,0.999838839645447,8.058017727639034e-05
84825,29.31215520258671,0.9991941982272361,560,681,1241,-0.0008058017727639033,-0.0008333472224535399,0.999838839645447,0.0
84826,29.311321855364255,0.9983883964544722,560,681,1241,-0.0008058017727639033,-0.0008333472224535399,0.9997582594681707,-8.058017727639034e-05
84827,29.310488508141802,0.9983883964544722,560,681,1241,0.0,-0.0008333472224535399,0.9995970991136179,-0.00016116035455278067
84828,29.30965516091935,0.9983883964544722,560,681,1241,0.0,-0.0008333472224535399,0.9994359387590652,-0.00016116035455278067
84829,29.308821813696895,0.9983883964544722,560,681,1241,0.0,-0.0008333472224535399,0.9992747784045125,-0.00016116035455278067
84830,29.30798846647444,0.9991941982272361,560,681,1241,0.0008058017727639033,-0.0008333472224535399,0.9991941982272362,-8.058017727639034e-05
84831,29.307155119251988,0.9991941982272361,560,681,1241,0.0,-0.0008333472224535399,0.9991136180499598,-8.058017727639034e-05
84832,29.306321772029534,0.9991941982272361,560,681,1241,0.0,-0.0008333472224535399,0.9990330378726835,-8.058017727639034e-05
84833,29.30548842480708,0.9983883964544722,560,681,1241,-0.0008058017727639033,-0.0008333472224535399,0.9988718775181308,-0.00016116035455278067
84834,29.304655077584627,0.9991941982272361,560,681,1241,0.0008058017727639033,-0.0008333472224535399,0.9987912973408545,-8.058017727639034e-05
84835,29.303821730362174,1.0,560,681,1241,0.0008058017727639033,-0.0008333472224535399,0.9988718775181308,8.058017727639034e-05
84836,29.302988383139716,1.0,560,681,1241,0.0,-0.0008333472224570926,0.9990330378726835,0.00016116035455278067
84837,29.302155035917263,0.9991941982272361,560,681,1241,-0.0008058017727639033,-0.0008333472224535399,0.9991136180499598,8.058017727639034e-05
84838,29.30132168869481,0.9991941982272361,560,681,1241,0.0,-0.0008333472224535399,0.9991941982272362,8.058017727639034e-05
84839,29.300488341472356,0.9991941982272361,560,681,1241,0.0,-0.0008333472224535399,0.9992747784045125,8.058017727639034e-05
84840,29.299654994249902,0.9991941982272361,560,681,1241,0.0,-0.0008333472224535399,0.9992747784045125,0.0
84841,29.29882164702745,0.9991941982272361,560,681,1241,0.0,-0.0008333472224535399,0.9992747784045125,0.0
84842,29.297988299804995,1.0,560,681,1241,0.0008058017727639033,-0.0008333472224535399,0.9993553585817889,8.058017727639034e-05
84843,29.29715495258254,1.0,560,681,1241,0.0,-0.0008333472224535399,0.9995165189363415,0.00016116035455278067
84844,29.296321605360088,1.0,560,681,1241,0.0,-0.0008333472224535399,0.9995970991136179,8.058017727639034e-05
84845,29.295488258137635,1.0,560,681,1241,0.0,-0.0008333472224535399,0.9995970991136179,0.0
84846,29.29465491091518,1.0,560,681,1241,0.0,-0.0008333472224535399,0.9995970991136179,0.0
84847,29.293821563692727,1.0,560,681,1241,0.0,-0.0008333472224535399,0.9996776792908942,8.058017727639034e-05
84848,29.292988216470274,1.0,560,681,1241,0.0,-0.0008333472224535399,0.9997582594681707,8.058017727639034e-05
84849,29.29215486924782,1.0,560,681,1241,0.0,-0.0008333472224535399,0.999838839645447,8.058017727639034e-05
84850,29.291321522025367,1.0,560,681,1241,0.0,-0.0008333472224535399,0.9999194198227233,8.058017727639034e-05
84851,29.290488174802913,1.0,560,681,1241,0.0,-0.0008333472224535399,0.9999999999999997,8.058017727639034e-05
84852,29.28965482758046,1.0,560,681,1241,0.0,-0.0008333472224535399,0.9999999999999997,0.0
84853,29.288821480358006,1.0,560,681,1241,0.0,-0.0008333472224535399,0.9999999999999997,0.0
84854,29.287988133135553,1.0,560,681,1241,0.0,-0.0008333472224535399,0.9999999999999997,0.0
84855,29.2871547859131,1.0,560,681,1241,0.0,-0.0008333472224535399,0.9999999999999997,0.0
84856,29.286321438690646,0.9991941982272361,560,681,1241,-0.0008058017727639033,-0.0008333472224535399,0.9999194198227233,-8.058017727639034e-05
84857,29.28548809146819,0.9991941982272361,560,681,1241,0.0,-0.0008333472224570926,0.999838839645447,-8.058017727639034e-05
84858,29.284654744245735,0.9983883964544722,560,681,1241,-0.0008058017727639033,-0.0008333472224535399,0.9996776792908942,-0.00016116035455278067
84859,29.28382139702328,0.9983883964544722,560,681,1241,0.0,-0.0008333472224535399,0.9995165189363415,-0.00016116035455278067
84860,29.282988049800828,0.9991941982272361,560,681,1241,0.0008058017727639033,-0.0008333472224535399,0.9994359387590652,-8.058017727639034e-05
84861,29.282154702578374,0.9991941982272361,560,681,1241,0.0,-0.0008333472224535399,0.9993553585817889,-8.058017727639034e-05
84862,29.28132135535592,0.9991941982272361,560,681,1241,0.0,-0.0008333472224535399,0.9992747784045125,-8.058017727639034e-05
84863,29.280488008133467,0.9991941982272361,560,681,1241,0.0,-0.0008333472224535399,0.9991941982272362,-8.058017727639034e-05
84864,29.279654660911014,0.9991941982272361,560,681,1241,0.0,-0.0008333472224535399,0.9991136180499598,-8.058017727639034e-05
84865,29.27882131368856,0.9991941982272361,560,681,1241,0.0,-0.0008333472224535399,0.9990330378726835,-8.058017727639034e-05
84866,29.277987966466107,0.9991941982272361,560,681,1241,0.0,-0.0008333472224535399,0.9990330378726835,0.0
84867,29.277154619243653,1.0,560,681,1241,0.0008058017727639033,-0.0008333472224535399,0.9991136180499598,8.058017727639034e-05
84868,29.2763212720212,1.0,560,681,1241,0.0,-0.0008333472224535399,0.9992747784045125,0.00016116035455278067
84869,29.275487924798746,1.0,560,681,1241,0.0,-0.0008333472224535399,0.9994359387590652,0.00016116035455278067
84870,29.274654577576293,1.0,560,681,1241,0.0,-0.0008333472224535399,0.9995165189363415,8.058017727639034e-05
84871,29.27382123035384,1.0,560,681,1241,0.0,-0.0008333472224535399,0.9995970991136179,8.058017727639034e-05
84872,29.272987883131385,1.0,560,681,1241,0.0,-0.0008333472224535399,0.9996776792908942,8.058017727639034e-05
84873,29.272154535908932,1.0,560,681,1241,0.0,-0.0008333472224535399,0.9997582594681707,8.058017727639034e-05
84874,29.27132118868648,1.0,560,681,1241,0.0,-0.0008333472224535399,0.999838839645447,8.058017727639034e-05
84875,29.270487841464025,1.0,560,681,1241,0.0,-0.0008333472224535399,0.9999194198227233,8.058017727639034e-05
84876,29.26965449424157,1.0,560,681,1241,0.0,-0.0008333472224535399,0.9999999999999997,8.058017727639034e-05
84877,29.268821147019118,1.0,560,681,1241,0.0,-0.0008333472224535399,0.9999999999999997,0.0
84878,29.26798779979666,1.0,560,681,1241,0.0,-0.0008333472224570926,0.9999999999999997,0.0
84879,29.267154452574207,1.0,560,681,1241,0.0,-0.0008333472224535399,0.9999999999999997,0.0
84880,29.266321105351754,1.0,560,681,1241,0.0,-0.0008333472224535399,0.9999999999999997,0.0
84881,29.2654877581293,1.0,560,681,1241,0.0,-0.0008333472224535399,0.9999999999999997,0.0
84882,29.264654410906846,1.0,560,681,1241,0.0,-0.0008333472224535399,0.9999999999999997,0.0
84883,29.263821063684393,1.0,560,681,1241,0.0,-0.0008333472224535399,0.9999999999999997,0.0
84884,29.26298771646194,0.9991941982272361,560,681,1241,-0.0008058017727639033,-0.0008333472224535399,0.9999194198227233,-8.058017727639034e-05
84885,29.262154369239486,0.9991941982272361,560,681,1241,0.0,-0.0008333472224535399,0.999838839645447,-8.058017727639034e-05
84886,29.261321022017032,0.9991941982272361,560,681,1241,0.0,-0.0008333472224535399,0.9997582594681707,-8.058017727639034e-05
84887,29.26048767479458,0.9991941982272361,560,681,1241,0.0,-0.0008333472224535399,0.9996776792908942,-8.058017727639034e-05
84888,29.259654327572125,1.0,560,681,1241,0.0008058017727639033,-0.0008333472224535399,0.9996776792908942,0.0
84889,29.25882098034967,1.0,560,681,1241,0.0,-0.0008333472224535399,0.9996776792908942,0.0
84890,29.257987633127218,1.0,560,681,1241,0.0,-0.0008333472224535399,0.9996776792908942,0.0
84891,29.257154285904765,1.0,560,681,1241,0.0,-0.0008333472224535399,0.9996776792908942,0.0
84892,29.25632093868231,1.0,560,681,1241,0.0,-0.0008333472224535399,0.9996776792908942,0.0
84893,29.255487591459858,1.0,560,681,1241,0.0,-0.0008333472224535399,0.9996776792908942,0.0
84894,29.254654244237404,1.0,560,681,1241,0.0,-0.0008333472224535399,0.9997582594681707,8.058017727639034e-05
84895,29.25382089701495,1.0,560,681,1241,0.0,-0.0008333472224535399,0.999838839645447,8.058017727639034e-05
84896,29.252987549792497,1.0,560,681,1241,0.0,-0.0008333472224535399,0.9999194198227233,8.058017727639034e-05
84897,29.252154202570043,1.0,560,681,1241,0.0,-0.0008333472224535399,0.9999999999999997,8.058017727639034e-05
84898,29.25132085534759,1.0,560,681,1241,0.0,-0.0008333472224535399,0.9999999999999997,0.0
84899,29.250487508125136,1.0,560,681,1241,0.0,-0.0008333472224535399,0.9999999999999997,0.0
84900,29.24965416090268,1.0,560,681,1241,0.0,-0.0008333472224570926,0.9999999999999997,0.0
84901,29.248820813680226,1.0,560,681,1241,0.0,-0.0008333472224535399,0.9999999999999997,0.0
84902,29.247987466457772,1.0,560,681,1241,0.0,-0.0008333472224535399,0.9999999999999997,0.0
84903,29.24715411923532,1.0,560,681,1241,0.0,-0.0008333472224535399,0.9999999999999997,0.0
84904,29.246320772012865,1.0,560,681,1241,0.0,-0.0008333472224535399,0.9999999999999997,0.0
84905,29.24548742479041,1.0,560,681,1241,0.0,-0.0008333472224535399,0.9999999999999997,0.0
84906,29.244654077567958,0.9991941982272361,560,681,1241,-0.0008058017727639033,-0.0008333472224535399,0.9999194198227233,-8.058017727639034e-05
84907,29.243820730345504,0.9991941982272361,560,681,1241,0.0,-0.0008333472224535399,0.999838839645447,-8.058017727639034e-05
84908,29.24298738312305,0.9991941982272361,560,681,1241,0.0,-0.0008333472224535399,0.9997582594681707,-8.058017727639034e-05
84909,29.242154035900597,0.9991941982272361,560,681,1241,0.0,-0.0008333472224535399,0.9996776792908942,-8.058017727639034e-05
84910,29.241320688678144,0.9983883964544722,560,681,1241,-0.0008058017727639033,-0.0008333472224535399,0.9995165189363415,-0.00016116035455278067
84911,29.24048734145569,0.9983883964544722,560,681,1241,0.0,-0.0008333472224535399,0.9993553585817889,-0.00016116035455278067
84912,29.239653994233237,0.9983883964544722,560,681,1241,0.0,-0.0008333472224535399,0.9991941982272362,-0.00016116035455278067
84913,29.238820647010783,0.9983883964544722,560,681,1241,0.0,-0.0008333472224535399,0.9990330378726835,-0.00016116035455278067
84914,29.23798729978833,0.9983883964544722,560,681,1241,0.0,-0.0008333472224535399,0.9988718775181308,-0.00016116035455278067
84915,29.237153952565876,0.9983883964544722,560,681,1241,0.0,-0.0008333472224535399,0.9987107171635781,-0.00016116035455278067
84916,29.236320605343423,0.9991941982272361,560,681,1241,0.0008058017727639033,-0.0008333472224535399,0.9987107171635781,0.0
84917,29.23548725812097,0.9991941982272361,560,681,1241,0.0,-0.0008333472224535399,0.9987107171635781,0.0
84918,29.234653910898516,0.9991941982272361,560,681,1241,0.0,-0.0008333472224535399,0.9987107171635781,0.0
84919,29.233820563676062,0.9991941982272361,560,681,1241,0.0,-0.0008333472224535399,0.9987107171635781,0.0
84920,29.23298721645361,0.9991941982272361,560,681,1241,0.0,-0.0008333472224535399,0.9987912973408545,8.058017727639034e-05
84921,29.23215386923115,0.9991941982272361,560,681,1241,0.0,-0.0008333472224570926,0.9988718775181308,8.058017727639034e-05
84922,29.231320522008698,0.9991941982272361,560,681,1241,0.0,-0.0008333472224535399,0.9989524576954072,8.058017727639034e-05
84923,29.230487174786244,1.0,560,681,1241,0.0008058017727639033,-0.0008333472224535399,0.9991136180499598,0.00016116035455278067
84924,29.22965382756379,0.9991941982272361,560,681,1241,-0.0008058017727639033,-0.0008333472224535399,0.9991941982272362,8.058017727639034e-05
84925,29.228820480341337,0.9991941982272361,560,681,1241,0.0,-0.0008333472224535399,0.9992747784045125,8.058017727639034e-05
84926,29.227987133118884,0.9991941982272361,560,681,1241,0.0,-0.0008333472224535399,0.9992747784045125,0.0
84927,29.22715378589643,0.9991941982272361,560,681,1241,0.0,-0.0008333472224535399,0.9992747784045125,0.0
84928,29.226320438673977,0.9991941982272361,560,681,1241,0.0,-0.0008333472224535399,0.9992747784045125,0.0
84929,29.225487091451523,0.9991941982272361,560,681,1241,0.0,-0.0008333472224535399,0.9992747784045125,0.0
84930,29.22465374422907,0.9991941982272361,560,681,1241,0.0,-0.0008333472224535399,0.9992747784045125,0.0
84931,29.223820397006616,0.9991941982272361,560,681,1241,0.0,-0.0008333472224535399,0.9992747784045125,0.0
84932,29.222987049784162,0.9991941982272361,560,681,1241,0.0,-0.0008333472224535399,0.9992747784045125,0.0
84933,29.22215370256171,0.9991941982272361,560,681,1241,0.0,-0.0008333472224535399,0.9991941982272362,-8.058017727639034e-05
84934,29.221320355339255,0.9991941982272361,560,681,1241,0.0,-0.0008333472224535399,0.9991941982272362,0.0
84935,29.2204870081168,0.9983883964544722,560,681,1241,-0.0008058017727639033,-0.0008333472224535399,0.9991136180499598,-8.058017727639034e-05
84936,29.21965366089435,0.9983883964544722,560,681,1241,0.0,-0.0008333472224535399,0.9990330378726835,-8.058017727639034e-05
84937,29.218820313671895,0.9983883964544722,560,681,1241,0.0,-0.0008333472224535399,0.9989524576954072,-8.058017727639034e-05
84938,29.21798696644944,0.9983883964544722,560,681,1241,0.0,-0.0008333472224535399,0.9988718775181308,-8.058017727639034e-05
84939,29.217153619226988,0.9983883964544722,560,681,1241,0.0,-0.0008333472224535399,0.9987912973408545,-8.058017727639034e-05
84940,29.216320272004534,0.9975825946817083,560,681,1241,-0.0008058017727639033,-0.0008333472224535399,0.9986301369863015,-0.00016116035455278067
84941,29.21548692478208,0.9975825946817083,560,681,1241,0.0,-0.0008333472224535399,0.9984689766317487,-0.00016116035455278067
84942,29.214653577559623,0.9983883964544722,560,681,1241,0.0008058017727639033,-0.0008333472224570926,0.9983883964544724,-8.058017727639034e-05
84943,29.21382023033717,0.9983883964544722,560,681,1241,0.0,-0.0008333472224535399,0.998307816277196,-8.058017727639034e-05
84944,29.212986883114716,0.9975825946817083,560,681,1241,-0.0008058017727639033,-0.0008333472224535399,0.9981466559226432,-0.00016116035455278067
84945,29.212153535892263,0.9975825946817083,560,681,1241,0.0,-0.0008333472224535399,0.9980660757453667,-8.058017727639034e-05
84946,29.21132018866981,0.9975825946817083,560,681,1241,0.0,-0.0008333472224535399,0.9979854955680902,-8.058017727639034e-05
84947,29.210486841447356,0.9975825946817083,560,681,1241,0.0,-0.0008333472224535399,0.9979049153908139,-8.058017727639034e-05
84948,29.209653494224902,0.9975825946817083,560,681,1241,0.0,-0.0008333472224535399,0.9978243352135376,-8.058017727639034e-05
84949,29.20882014700245,0.9983883964544722,560,681,1241,0.0008058017727639033,-0.0008333472224535399,0.9978243352135376,0.0
84950,29.207986799779995,0.9983883964544722,560,681,1241,0.0,-0.0008333472224535399,0.9979049153908142,8.058017727639034e-05
84951,29.20715345255754,0.9983883964544722,560,681,1241,0.0,-0.0008333472224535399,0.9979854955680905,8.058017727639034e-05
84952,29.206320105335088,0.9983883964544722,560,681,1241,0.0,-0.0008333472224535399,0.9979854955680902,0.0
84953,29.205486758112635,0.9983883964544722,560,681,1241,0.0,-0.0008333472224535399,0.9979854955680902,0.0
84954,29.20465341089018,0.9983883964544722,560,681,1241,0.0,-0.0008333472224535399,0.9980660757453668,8.058017727639034e-05
84955,29.203820063667727,0.9983883964544722,560,681,1241,0.0,-0.0008333472224535399,0.9981466559226432,8.058017727639034e-05
84956,29.202986716445274,0.9983883964544722,560,681,1241,0.0,-0.0008333472224535399,0.9982272360999195,8.058017727639034e-05
84957,29.20215336922282,0.9983883964544722,560,681,1241,0.0,-0.0008333472224535399,0.9983078162771959,8.058017727639034e-05
84958,29.201320022000367,0.9975825946817083,560,681,1241,-0.0008058017727639033,-0.0008333472224535399,0.9983078162771959,0.0
84959,29.200486674777913,0.9967767929089444,560,681,1241,-0.0008058017727639033,-0.0008333472224535399,0.998146655922643,-0.00016116035455278067
84960,29.19965332755546,0.9967767929089444,560,681,1241,0.0,-0.0008333472224535399,0.9979854955680902,-0.00016116035455278067
84961,29.198819980333006,0.9975825946817083,560,681,1241,0.0008058017727639033,-0.0008333472224535399,0.9979049153908139,-8.058017727639034e-05
84962,29.197986633110553,0.9967767929089444,560,681,1241,-0.0008058017727639033,-0.0008333472224535399,0.9977437550362612,-0.00016116035455278067
84963,29.197153285888096,0.9975825946817083,560,681,1241,0.0008058017727639033,-0.0008333472224570926,0.9976631748589849,-8.058017727639034e-05
84964,29.196319938665642,0.9975825946817083,560,681,1241,0.0,-0.0008333472224535399,0.9975825946817085,-8.058017727639034e-05
84965,29.19548659144319,0.9983883964544722,560,681,1241,0.0008058017727639033,-0.0008333472224535399,0.9975825946817085,0.0
84966,29.194653244220735,0.9991941982272361,560,681,1241,0.0008058017727639033,-0.0008333472224535399,0.9976631748589849,8.058017727639034e-05
84967,29.19381989699828,0.9991941982272361,560,681,1241,0.0,-0.0008333472224535399,0.9977437550362612,8.058017727639034e-05
84968,29.192986549775828,0.9991941982272361,560,681,1241,0.0,-0.0008333472224535399,0.9979049153908142,0.00016116035455278067
84969,29.192153202553374,1.0,560,681,1241,0.0008058017727639033,-0.0008333472224535399,0.9982272360999197,0.00032232070910556134
84970,29.19131985533092,1.0,560,681,1241,0.0,-0.0008333472224535399,0.9985495568090252,0.00032232070910556134
84971,29.190486508108467,1.0,560,681,1241,0.0,-0.0008333472224535399,0.9987912973408545,0.00024174053182917098
84972,29.189653160886014,1.0,560,681,1241,0.0,-0.0008333472224535399,0.99911361804996,0.00032232070910556134
84973,29.18881981366356,1.0,560,681,1241,0.0,-0.0008333472224535399,0.9993553585817893,0.00024174053182917098
84974,29.187986466441107,1.0,560,681,1241,0.0,-0.0008333472224535399,0.9995970991136185,0.00024174053182917098
84975,29.187153119218653,1.0,560,681,1241,0.0,-0.0008333472224535399,0.9997582594681713,0.00016116035455278067
84976,29.1863197719962,1.0,560,681,1241,0.0,-0.0008333472224535399,0.9998388396454476,8.058017727639034e-05
84977,29.185486424773746,1.0,560,681,1241,0.0,-0.0008333472224535399,0.999919419822724,8.058017727639034e-05
84978,29.184653077551292,1.0,560,681,1241,0.0,-0.0008333472224535399,1.0000000000000004,8.058017727639034e-05
84979,29.18381973032884,1.0,560,681,1241,0.0,-0.0008333472224535399,1.0000000000000004,0.0
84980,29.182986383106385,1.0,560,681,1241,0.0,-0.0008333472224535399,1.0000000000000004,0.0
84981,29.182153035883932,1.0,560,681,1241,0.0,-0.0008333472224535399,1.0000000000000004,0.0
84982,29.18131968866148,1.0,560,681,1241,0.0,-0.0008333472224535399,1.0000000000000004,0.0
84983,29.180486341439025,1.0,560,681,1241,0.0,-0.0008333472224535399,1.0000000000000004,0.0
84984,29.179652994216568,1.0,560,681,1241,0.0,-0.0008333472224570926,1.0000000000000004,0.0
84985,29.178819646994114,1.0,560,681,1241,0.0,-0.0008333472224535399,1.0000000000000004,0.0
84986,29.17798629977166,1.0,560,681,1241,0.0,-0.0008333472224535399,1.0000000000000004,0.0
84987,29.177152952549207,0.9991941982272361,560,681,1241,-0.0008058017727639033,-0.0008333472224535399,0.999919419822724,-8.058017727639034e-05
84988,29.176319605326754,0.9991941982272361,560,681,1241,0.0,-0.0008333472224535399,0.9998388396454476,-8.058017727639034e-05
84989,29.1754862581043,0.9991941982272361,560,681,1241,0.0,-0.0008333472224535399,0.9997582594681713,-8.058017727639034e-05
84990,29.174652910881846,0.9991941982272361,560,681,1241,0.0,-0.0008333472224535399,0.999677679290895,-8.058017727639034e-05
84991,29.173819563659393,0.9991941982272361,560,681,1241,0.0,-0.0008333472224535399,0.9995970991136186,-8.058017727639034e-05
84992,29.17298621643694,0.9991941982272361,560,681,1241,0.0,-0.0008333472224535399,0.9995165189363423,-8.058017727639034e-05
84993,29.172152869214486,0.9991941982272361,560,681,1241,0.0,-0.0008333472224535399,0.9994359387590659,-8.058017727639034e-05
84994,29.171319521992032,1.0,560,681,1241,0.0008058017727639033,-0.0008333472224535399,0.9994359387590659,0.0
84995,29.17048617476958,1.0,560,681,1241,0.0,-0.0008333472224535399,0.9994359387590659,0.0
84996,29.169652827547125,1.0,560,681,1241,0.0,-0.0008333472224535399,0.9994359387590659,0.0
84997,29.16881948032467,1.0,560,681,1241,0.0,-0.0008333472224535399,0.9995165189363423,8.058017727639034e-05
84998,29.167986133102218,1.0,560,681,1241,0.0,-0.0008333472224535399,0.9995970991136186,8.058017727639034e-05
84999,29.167152785879765,1.0,560,681,1241,0.0,-0.0008333472224535399,0.999677679290895,8.058017727639034e-05
85000,29.16631943865731,1.0,560,681,1241,0.0,-0.0008333472224535399,0.9997582594681713,8.058017727639034e-05
85001,29.165486091434857,1.0,560,681,1241,0.0,-0.0008333472224535399,0.9998388396454476,8.058017727639034e-05
85002,29.164652744212404,1.0,560,681,1241,0.0,-0.0008333472224535399,0.999919419822724,8.058017727639034e-05
85003,29.16381939698995,0.9991941982272361,560,681,1241,-0.0008058017727639033,-0.0008333472224535399,0.999919419822724,0.0
85004,29.162986049767497,0.9991941982272361,560,681,1241,0.0,-0.0008333472224535399,0.9998388396454476,-8.058017727639034e-05
85005,29.16215270254504,0.9983883964544722,560,681,1241,-0.0008058017727639033,-0.0008333472224570926,0.999677679290895,-0.00016116035455278067
85006,29.161319355322586,0.9983883964544722,560,681,1241,0.0,-0.0008333472224535399,0.9995165189363423,-0.00016116035455278067
85007,29.160486008100133,0.9983883964544722,560,681,1241,0.0,-0.0008333472224535399,0.9993553585817896,-0.00016116035455278067
85008,29.15965266087768,0.9975825946817083,560,681,1241,-0.0008058017727639033,-0.0008333472224535399,0.9991136180499604,-0.00024174053182917098
85009,29.158819313655226,0.9975825946817083,560,681,1241,0.0,-0.0008333472224535399,0.9988718775181311,-0.00024174053182917098
85010,29.157985966432772,0.9975825946817083,560,681,1241,0.0,-0.0008333472224535399,0.998630136986302,-0.00024174053182917098
85011,29.15715261921032,0.9983883964544722,560,681,1241,0.0008058017727639033,-0.0008333472224535399,0.998468976631749,-0.00016116035455278067
85012,29.156319271987865,0.9991941982272361,560,681,1241,0.0008058017727639033,-0.0008333472224535399,0.9983883964544727,-8.058017727639034e-05
85013,29.15548592476541,0.9991941982272361,560,681,1241,0.0,-0.0008333472224535399,0.9983883964544727,0.0
85014,29.154652577542958,0.9991941982272361,560,681,1241,0.0,-0.0008333472224535399,0.9983883964544727,0.0
85015,29.153819230320504,0.9991941982272361,560,681,1241,0.0,-0.0008333472224535399,0.998468976631749,8.058017727639034e-05
85016,29.15298588309805,1.0,560,681,1241,0.0008058017727639033,-0.0008333472224535399,0.9986301369863018,0.00016116035455278067
85017,29.152152535875597,1.0,560,681,1241,0.0,-0.0008333472224535399,0.9987912973408545,0.00016116035455278067
85018,29.151319188653144,1.0,560,681,1241,0.0,-0.0008333472224535399,0.9990330378726837,0.00024174053182917098
85019,29.15048584143069,1.0,560,681,1241,0.0,-0.0008333472224535399,0.9992747784045128,0.00024174053182917098
85020,29.149652494208237,1.0,560,681,1241,0.0,-0.0008333472224535399,0.9995165189363421,0.00024174053182917098
85021,29.148819146985783,1.0,560,681,1241,0.0,-0.0008333472224535399,0.999677679290895,0.00016116035455278067
85022,29.14798579976333,1.0,560,681,1241,0.0,-0.0008333472224535399,0.9997582594681713,8.058017727639034e-05
85023,29.147152452540876,1.0,560,681,1241,0.0,-0.0008333472224535399,0.9998388396454476,8.058017727639034e-05
85024,29.146319105318423,1.0,560,681,1241,0.0,-0.0008333472224535399,0.999919419822724,8.058017727639034e-05
85025,29.14548575809597,1.0,560,681,1241,0.0,-0.0008333472224535399,1.0000000000000004,8.058017727639034e-05
85026,29.144652410873515,1.0,560,681,1241,0.0,-0.0008333472224535399,1.0000000000000004,0.0
85027,29.14381906365106,1.0,560,681,1241,0.0,-0.0008333472224570926,1.0000000000000004,0.0
85028,29.142985716428605,1.0,560,681,1241,0.0,-0.0008333472224535399,1.0000000000000004,0.0
85029,29.14215236920615,1.0,560,681,1241,0.0,-0.0008333472224535399,1.0000000000000004,0.0
85030,29.141319021983698,0.9991941982272361,560,681,1241,-0.0008058017727639033,-0.0008333472224535399,0.999919419822724,-8.058017727639034e-05
85031,29.140485674761244,0.9991941982272361,560,681,1241,0.0,-0.0008333472224535399,0.9998388396454476,-8.058017727639034e-05
85032,29.13965232753879,1.0,560,681,1241,0.0008058017727639033,-0.0008333472224535399,0.9998388396454476,0.0
85033,29.138818980316337,0.9991941982272361,560,681,1241,-0.0008058017727639033,-0.0008333472224535399,0.9997582594681713,-8.058017727639034e-05
85034,29.137985633093884,0.9991941982272361,560,681,1241,0.0,-0.0008333472224535399,0.999677679290895,-8.058017727639034e-05
85035,29.13715228587143,0.9991941982272361,560,681,1241,0.0,-0.0008333472224535399,0.9995970991136186,-8.058017727639034e-05
85036,29.136318938648976,1.0,560,681,1241,0.0008058017727639033,-0.0008333472224535399,0.9995970991136186,0.0
85037,29.135485591426523,1.0,560,681,1241,0.0,-0.0008333472224535399,0.9995970991136186,0.0
85038,29.13465224420407,1.0,560,681,1241,0.0,-0.0008333472224535399,0.9995970991136186,0.0
85039,29.133818896981616,1.0,560,681,1241,0.0,-0.0008333472224535399,0.9995970991136186,0.0
85040,29.132985549759162,1.0,560,681,1241,0.0,-0.0008333472224535399,0.999677679290895,8.058017727639034e-05
85041,29.13215220253671,1.0,560,681,1241,0.0,-0.0008333472224535399,0.9997582594681713,8.058017727639034e-05
85042,29.131318855314255,1.0,560,681,1241,0.0,-0.0008333472224535399,0.9997582594681713,0.0
85043,29.1304855080918,1.0,560,681,1241,0.0,-0.0008333472224535399,0.9998388396454476,8.058017727639034e-05
85044,29.129652160869348,1.0,560,681,1241,0.0,-0.0008333472224535399,0.999919419822724,8.058017727639034e-05
85045,29.128818813646895,1.0,560,681,1241,0.0,-0.0008333472224535399,1.0000000000000004,8.058017727639034e-05
85046,29.12798546642444,1.0,560,681,1241,0.0,-0.0008333472224535399,1.0000000000000004,0.0
85047,29.127152119201988,1.0,560,681,1241,0.0,-0.0008333472224535399,1.0000000000000004,0.0
85048,29.12631877197953,1.0,560,681,1241,0.0,-0.0008333472224570926,1.0000000000000004,0.0
85049,29.125485424757077,1.0,560,681,1241,0.0,-0.0008333472224535399,1.0000000000000004,0.0
85050,29.124652077534623,0.9991941982272361,560,681,1241,-0.0008058017727639033,-0.0008333472224535399,0.999919419822724,-8.058017727639034e-05
85051,29.12381873031217,0.9991941982272361,560,681,1241,0.0,-0.0008333472224535399,0.9998388396454476,-8.058017727639034e-05
85052,29.122985383089716,0.9991941982272361,560,681,1241,0.0,-0.0008333472224535399,0.9997582594681713,-8.058017727639034e-05
85053,29.122152035867263,0.9991941982272361,560,681,1241,0.0,-0.0008333472224535399,0.999677679290895,-8.058017727639034e-05
85054,29.12131868864481,0.9991941982272361,560,681,1241,0.0,-0.0008333472224535399,0.9995970991136186,-8.058017727639034e-05
85055,29.120485341422356,0.9991941982272361,560,681,1241,0.0,-0.0008333472224535399,0.9995165189363423,-8.058017727639034e-05
85056,29.119651994199902,0.9983883964544722,560,681,1241,-0.0008058017727639033,-0.0008333472224535399,0.9993553585817896,-0.00016116035455278067
85057,29.11881864697745,0.9991941982272361,560,681,1241,0.0008058017727639033,-0.0008333472224535399,0.9992747784045133,-8.058017727639034e-05
85058,29.117985299754995,0.9991941982272361,560,681,1241,0.0,-0.0008333472224535399,0.9991941982272369,-8.058017727639034e-05
85059,29.11715195253254,0.9991941982272361,560,681,1241,0.0,-0.0008333472224535399,0.9991136180499606,-8.058017727639034e-05
85060,29.116318605310088,0.9991941982272361,560,681,1241,0.0,-0.0008333472224535399,0.9991136180499606,0.0
85061,29.115485258087634,0.9991941982272361,560,681,1241,0.0,-0.0008333472224535399,0.9991136180499606,0.0
85062,29.11465191086518,0.9991941982272361,560,681,1241,0.0,-0.0008333472224535399,0.9991136180499606,0.0
85063,29.113818563642727,0.9991941982272361,560,681,1241,0.0,-0.0008333472224535399,0.9991136180499606,0.0
85064,29.112985216420274,0.9991941982272361,560,681,1241,0.0,-0.0008333472224535399,0.9991136180499606,0.0
85065,29.11215186919782,1.0,560,681,1241,0.0008058017727639033,-0.0008333472224535399,0.9991941982272369,8.058017727639034e-05
85066,29.111318521975367,1.0,560,681,1241,0.0,-0.0008333472224535399,0.9993553585817896,0.00016116035455278067
85067,29.110485174752913,1.0,560,681,1241,0.0,-0.0008333472224535399,0.9994359387590659,8.058017727639034e-05
85068,29.10965182753046,1.0,560,681,1241,0.0,-0.0008333472224535399,0.9995165189363423,8.058017727639034e-05
85069,29.108818480308003,1.0,560,681,1241,0.0,-0.0008333472224570926,0.9995970991136186,8.058017727639034e-05
85070,29.10798513308555,1.0,560,681,1241,0.0,-0.0008333472224535399,0.999677679290895,8.058017727639034e-05
85071,29.107151785863095,1.0,560,681,1241,0.0,-0.0008333472224535399,0.9997582594681713,8.058017727639034e-05
85072,29.106318438640642,1.0,560,681,1241,0.0,-0.0008333472224535399,0.9998388396454476,8.058017727639034e-05
85073,29.10548509141819,0.9991941982272361,560,681,1241,-0.0008058017727639033,-0.0008333472224535399,0.9998388396454476,0.0
85074,29.104651744195735,0.9991941982272361,560,681,1241,0.0,-0.0008333472224535399,0.9998388396454476,0.0
85075,29.10381839697328,0.9991941982272361,560,681,1241,0.0,-0.0008333472224535399,0.9997582594681713,-8.058017727639034e-05
85076,29.102985049750828,0.9991941982272361,560,681,1241,0.0,-0.0008333472224535399,0.999677679290895,-8.058017727639034e-05
85077,29.102151702528374,0.9991941982272361,560,681,1241,0.0,-0.0008333472224535399,0.9995970991136186,-8.058017727639034e-05
85078,29.10131835530592,0.9991941982272361,560,681,1241,0.0,-0.0008333472224535399,0.9995165189363423,-8.058017727639034e-05
85079,29.100485008083467,0.9991941982272361,560,681,1241,0.0,-0.0008333472224535399,0.9994359387590659,-8.058017727639034e-05
85080,29.099651660861014,0.9991941982272361,560,681,1241,0.0,-0.0008333472224535399,0.9993553585817896,-8.058017727639034e-05
85081,29.09881831363856,0.9991941982272361,560,681,1241,0.0,-0.0008333472224535399,0.9992747784045133,-8.058017727639034e-05
85082,29.097984966416107,1.0,560,681,1241,0.0008058017727639033,-0.0008333472224535399,0.9992747784045133,0.0
85083,29.097151619193653,1.0,560,681,1241,0.0,-0.0008333472224535399,0.9993553585817896,8.058017727639034e-05
85084,29.0963182719712,1.0,560,681,1241,0.0,-0.0008333472224535399,0.9994359387590659,8.058017727639034e-05
85085,29.095484924748746,1.0,560,681,1241,0.0,-0.0008333472224535399,0.9995165189363423,8.058017727639034e-05
85086,29.094651577526292,1.0,560,681,1241,0.0,-0.0008333472224535399,0.9995970991136186,8.058017727639034e-05
85087,29.09381823030384,1.0,560,681,1241,0.0,-0.0008333472224535399,0.999677679290895,8.058017727639034e-05
85088,29.092984883081385,1.0,560,681,1241,0.0,-0.0008333472224535399,0.9997582594681713,8.058017727639034e-05
85089,29.09215153585893,0.9983883964544722,560,681,1241,-0.0016116035455278066,-0.0008333472224535399,0.999677679290895,-8.058017727639034e-05
85090,29.091318188636475,0.9983883964544722,560,681,1241,0.0,-0.0008333472224570926,0.9995970991136186,-8.058017727639034e-05
85091,29.09048484141402,0.9991941982272361,560,681,1241,0.0008058017727639033,-0.0008333472224535399,0.9995970991136186,0.0
85092,29.089651494191568,0.9991941982272361,560,681,1241,0.0,-0.0008333472224535399,0.9995165189363423,-8.058017727639034e-05
85093,29.088818146969114,0.9991941982272361,560,681,1241,0.0,-0.0008333472224535399,0.9994359387590659,-8.058017727639034e-05
85094,29.08798479974666,0.9991941982272361,560,681,1241,0.0,-0.0008333472224535399,0.9993553585817896,-8.058017727639034e-05
85095,29.087151452524207,0.9991941982272361,560,681,1241,0.0,-0.0008333472224535399,0.9992747784045133,-8.058017727639034e-05
85096,29.086318105301753,0.9991941982272361,560,681,1241,0.0,-0.0008333472224535399,0.9991941982272369,-8.058017727639034e-05
85097,29.0854847580793,0.9991941982272361,560,681,1241,0.0,-0.0008333472224535399,0.9991136180499606,-8.058017727639034e-05
85098,29.084651410856846,1.0,560,681,1241,0.0008058017727639033,-0.0008333472224535399,0.9991136180499606,0.0
85099,29.083818063634393,0.9991941982272361,560,681,1241,-0.0008058017727639033,-0.0008333472224535399,0.9991941982272369,8.058017727639034e-05
85100,29.08298471641194,1.0,560,681,1241,0.0008058017727639033,-0.0008333472224535399,0.9993553585817896,0.00016116035455278067
85101,29.082151369189486,0.9991941982272361,560,681,1241,-0.0008058017727639033,-0.0008333472224535399,0.9993553585817896,0.0
85102,29.081318021967032,0.9991941982272361,560,681,1241,0.0,-0.0008333472224535399,0.9993553585817896,0.0
85103,29.08048467474458,1.0,560,681,1241,0.0008058017727639033,-0.0008333472224535399,0.9994359387590659,8.058017727639034e-05
85104,29.079651327522125,1.0,560,681,1241,0.0,-0.0008333472224535399,0.9995165189363423,8.058017727639034e-05
85105,29.07881798029967,1.0,560,681,1241,0.0,-0.0008333472224535399,0.9995970991136186,8.058017727639034e-05
85106,29.077984633077218,1.0,560,681,1241,0.0,-0.0008333472224535399,0.999677679290895,8.058017727639034e-05
85107,29.077151285854764,0.9991941982272361,560,681,1241,-0.0008058017727639033,-0.0008333472224535399,0.999677679290895,0.0
85108,29.07631793863231,0.9991941982272361,560,681,1241,0.0,-0.0008333472224535399,0.9995970991136186,-8.058017727639034e-05
85109,29.075484591409857,0.9983883964544722,560,681,1241,-0.0008058017727639033,-0.0008333472224535399,0.9995165189363423,-8.058017727639034e-05
85110,29.074651244187404,0.9991941982272361,560,681,1241,0.0008058017727639033,-0.0008333472224535399,0.9994359387590659,-8.058017727639034e-05
85111,29.073817896964947,0.9983883964544722,560,681,1241,-0.0008058017727639033,-0.0008333472224570926,0.9993553585817896,-8.058017727639034e-05
85112,29.072984549742493,0.9983883964544722,560,681,1241,0.0,-0.0008333472224535399,0.9992747784045133,-8.058017727639034e-05
85113,29.07215120252004,0.9983883964544722,560,681,1241,0.0,-0.0008333472224535399,0.9991136180499606,-0.00016116035455278067
85114,29.071317855297586,0.9975825946817083,560,681,1241,-0.0008058017727639033,-0.0008333472224535399,0.9988718775181313,-0.00024174053182917098
85115,29.070484508075133,0.9975825946817083,560,681,1241,0.0,-0.0008333472224535399,0.9986301369863021,-0.00024174053182917098
85116,29.06965116085268,0.9975825946817083,560,681,1241,0.0,-0.0008333472224535399,0.9983883964544729,-0.00024174053182917098
85117,29.068817813630226,0.9983883964544722,560,681,1241,0.0008058017727639033,-0.0008333472224535399,0.9983078162771963,-8.058017727639034e-05
85118,29.067984466407772,0.9983883964544722,560,681,1241,0.0,-0.0008333472224535399,0.99822723609992,-8.058017727639034e-05
85119,29.06715111918532,0.9983883964544722,560,681,1241,0.0,-0.0008333472224535399,0.99822723609992,0.0
85120,29.066317771962865,0.9983883964544722,560,681,1241,0.0,-0.0008333472224535399,0.9981466559226437,-8.058017727639034e-05
85121,29.06548442474041,0.9983883964544722,560,681,1241,0.0,-0.0008333472224535399,0.9981466559226437,0.0
85122,29.064651077517958,0.9983883964544722,560,681,1241,0.0,-0.0008333472224535399,0.9981466559226437,0.0
85123,29.063817730295504,0.9983883964544722,560,681,1241,0.0,-0.0008333472224535399,0.9981466559226437,0.0
85124,29.06298438307305,0.9975825946817083,560,681,1241,-0.0008058017727639033,-0.0008333472224535399,0.9981466559226437,0.0
85125,29.062151035850597,0.9975825946817083,560,681,1241,0.0,-0.0008333472224535399,0.9981466559226437,0.0
85126,29.061317688628144,0.9975825946817083,560,681,1241,0.0,-0.0008333472224535399,0.9981466559226437,0.0
85127,29.06048434140569,0.9975825946817083,560,681,1241,0.0,-0.0008333472224535399,0.9980660757453673,-8.058017727639034e-05
85128,29.059650994183237,0.9975825946817083,560,681,1241,0.0,-0.0008333472224535399,0.997985495568091,-8.058017727639034e-05
85129,29.058817646960783,0.9975825946817083,560,681,1241,0.0,-0.0008333472224535399,0.9979049153908146,-8.058017727639034e-05
85130,29.05798429973833,0.9975825946817083,560,681,1241,0.0,-0.0008333472224535399,0.9978243352135383,-8.058017727639034e-05
85131,29.057150952515876,0.9975825946817083,560,681,1241,0.0,-0.0008333472224535399,0.997743755036262,-8.058017727639034e-05
85132,29.056317605293422,0.9975825946817083,560,681,1241,0.0,-0.0008333472224535399,0.9976631748589856,-8.058017727639034e-05
85133,29.055484258070965,0.9975825946817083,560,681,1241,0.0,-0.0008333472224570926,0.9975825946817093,-8.058017727639034e-05
85134,29.054650910848512,0.9975825946817083,560,681,1241,0.0,-0.0008333472224535399,0.9975825946817093,0.0
85135,29.05381756362606,0.9975825946817083,560,681,1241,0.0,-0.0008333472224535399,0.9975825946817093,0.0
85136,29.052984216403605,0.9975825946817083,560,681,1241,0.0,-0.0008333472224535399,0.9975825946817093,0.0
85137,29.05215086918115,0.9975825946817083,560,681,1241,0.0,-0.0008333472224535399,0.9975825946817093,0.0
85138,29.051317521958698,0.9975825946817083,560,681,1241,0.0,-0.0008333472224535399,0.9975825946817093,0.0
85139,29.050484174736244,0.9975825946817083,560,681,1241,0.0,-0.0008333472224535399,0.9975825946817093,0.0
85140,29.04965082751379,0.9967767929089444,560,681,1241,-0.0008058017727639033,-0.0008333472224535399,0.9975020145044329,-8.058017727639034e-05
85141,29.048817480291337,0.9975825946817083,560,681,1241,0.0008058017727639033,-0.0008333472224535399,0.9975020145044329,0.0
85142,29.047984133068883,0.9975825946817083,560,681,1241,0.0,-0.0008333472224535399,0.9975020145044329,0.0
85143,29.04715078584643,0.9975825946817083,560,681,1241,0.0,-0.0008333472224535399,0.9975020145044329,0.0
85144,29.046317438623976,0.9975825946817083,560,681,1241,0.0,-0.0008333472224535399,0.9975020145044329,0.0
85145,29.045484091401523,0.9975825946817083,560,681,1241,0.0,-0.0008333472224535399,0.9975020145044329,0.0
85146,29.04465074417907,0.9975825946817083,560,681,1241,0.0,-0.0008333472224535399,0.9975020145044329,0.0
85147,29.043817396956616,0.9983883964544722,560,681,1241,0.0008058017727639033,-0.0008333472224535399,0.9975825946817094,8.058017727639034e-05
85148,29.042984049734162,0.9975825946817083,560,681,1241,-0.0008058017727639033,-0.0008333472224535399,0.9975825946817094,0.0
85149,29.04215070251171,0.9983883964544722,560,681,1241,0.0008058017727639033,-0.0008333472224535399,0.9976631748589858,8.058017727639034e-05
85150,29.041317355289255,0.9983883964544722,560,681,1241,0.0,-0.0008333472224535399,0.9978243352135385,0.00016116035455278067
85151,29.0404840080668,0.9983883964544722,560,681,1241,0.0,-0.0008333472224535399,0.9979049153908148,8.058017727639034e-05
85152,29.039650660844348,0.9983883964544722,560,681,1241,0.0,-0.0008333472224535399,0.9979854955680911,8.058017727639034e-05
85153,29.038817313621895,0.9983883964544722,560,681,1241,0.0,-0.0008333472224535399,0.9980660757453675,8.058017727639034e-05
85154,29.037983966399437,0.9983883964544722,560,681,1241,0.0,-0.0008333472224570926,0.9981466559226438,8.058017727639034e-05
85155,29.037150619176984,0.9991941982272361,560,681,1241,0.0008058017727639033,-0.0008333472224535399,0.9983078162771968,0.00016116035455278067
85156,29.03631727195453,0.9991941982272361,560,681,1241,0.0,-0.0008333472224535399,0.9984689766317496,0.00016116035455278067
85157,29.035483924732077,1.0,560,681,1241,0.0008058017727639033,-0.0008333472224535399,0.9986301369863024,0.00016116035455278067
85158,29.034650577509623,1.0,560,681,1241,0.0,-0.0008333472224535399,0.9988718775181317,0.00024174053182917098
85159,29.03381723028717,1.0,560,681,1241,0.0,-0.0008333472224535399,0.9990330378726846,0.00016116035455278067
85160,29.032983883064716,1.0,560,681,1241,0.0,-0.0008333472224535399,0.9991941982272372,0.00016116035455278067
85161,29.032150535842263,1.0,560,681,1241,0.0,-0.0008333472224535399,0.9993553585817899,0.00016116035455278067
85162,29.03131718861981,1.0,560,681,1241,0.0,-0.0008333472224535399,0.9995165189363426,0.00016116035455278067
85163,29.030483841397356,1.0,560,681,1241,0.0,-0.0008333472224535399,0.9996776792908953,0.00016116035455278067
85164,29.029650494174902,1.0,560,681,1241,0.0,-0.0008333472224535399,0.9998388396454481,0.00016116035455278067
85165,29.02881714695245,1.0,560,681,1241,0.0,-0.0008333472224535399,0.9999194198227244,8.058017727639034e-05
85166,29.027983799729995,0.9991941982272361,560,681,1241,-0.0008058017727639033,-0.0008333472224535399,0.9999194198227244,0.0
85167,29.02715045250754,1.0,560,681,1241,0.0008058017727639033,-0.0008333472224535399,0.9999194198227244,0.0
85168,29.026317105285088,1.0,560,681,1241,0.0,-0.0008333472224535399,0.9999194198227244,0.0
85169,29.025483758062634,1.0,560,681,1241,0.0,-0.0008333472224535399,0.9999194198227244,0.0
85170,29.02465041084018,1.0,560,681,1241,0.0,-0.0008333472224535399,0.9999194198227244,0.0
85171,29.023817063617727,1.0,560,681,1241,0.0,-0.0008333472224535399,0.9999194198227244,0.0
85172,29.022983716395274,1.0,560,681,1241,0.0,-0.0008333472224535399,0.9999194198227244,0.0
85173,29.02215036917282,1.0,560,681,1241,0.0,-0.0008333472224535399,0.9999194198227244,0.0
85174,29.021317021950367,1.0,560,681,1241,0.0,-0.0008333472224535399,0.9999194198227244,0.0
85175,29.02048367472791,1.0,560,681,1241,0.0,-0.0008333472224570926,0.9999194198227244,0.0
85176,29.019650327505456,1.0,560,681,1241,0.0,-0.0008333472224535399,1.0000000000000007,8.058017727639034e-05
85177,29.018816980283002,0.9991941982272361,560,681,1241,-0.0008058017727639033,-0.0008333472224535399,0.9999194198227244,-8.058017727639034e-05
85178,29.01798363306055,0.9991941982272361,560,681,1241,0.0,-0.0008333472224535399,0.9998388396454481,-8.058017727639034e-05
85179,29.017150285838095,0.9991941982272361,560,681,1241,0.0,-0.0008333472224535399,0.9997582594681717,-8.058017727639034e-05
85180,29.016316938615642,0.9991941982272361,560,681,1241,0.0,-0.0008333472224535399,0.9996776792908953,-8.058017727639034e-05
85181,29.01548359139319,0.9991941982272361,560,681,1241,0.0,-0.0008333472224535399,0.9995970991136189,-8.058017727639034e-05
85182,29.014650244170735,0.9991941982272361,560,681,1241,0.0,-0.0008333472224535399,0.9995165189363426,-8.058017727639034e-05
85183,29.01381689694828,0.9991941982272361,560,681,1241,0.0,-0.0008333472224535399,0.9994359387590663,-8.058017727639034e-05
85184,29.012983549725828,0.9983883964544722,560,681,1241,-0.0008058017727639033,-0.0008333472224535399,0.9992747784045136,-0.00016116035455278067
85185,29.012150202503374,0.9983883964544722,560,681,1241,0.0,-0.0008333472224535399,0.9991136180499609,-0.00016116035455278067
85186,29.01131685528092,0.9991941982272361,560,681,1241,0.0008058017727639033,-0.0008333472224535399,0.9990330378726846,-8.058017727639034e-05
85187,29.010483508058467,1.0,560,681,1241,0.0008058017727639033,-0.0008333472224535399,0.9991136180499609,8.058017727639034e-05
85188,29.009650160836014,0.9991941982272361,560,681,1241,-0.0008058017727639033,-0.0008333472224535399,0.9991136180499609,0.0
85189,29.00881681361356,0.9991941982272361,560,681,1241,0.0,-0.0008333472224535399,0.9991136180499609,0.0
85190,29.007983466391106,1.0,560,681,1241,0.0008058017727639033,-0.0008333472224535399,0.9991941982272372,8.058017727639034e-05
85191,29.007150119168653,1.0,560,681,1241,0.0,-0.0008333472224535399,0.9992747784045136,8.058017727639034e-05
85192,29.0063167719462,1.0,560,681,1241,0.0,-0.0008333472224535399,0.9993553585817899,8.058017727639034e-05
85193,29.005483424723746,1.0,560,681,1241,0.0,-0.0008333472224535399,0.9994359387590663,8.058017727639034e-05
85194,29.004650077501292,1.0,560,681,1241,0.0,-0.0008333472224535399,0.9995970991136189,0.00016116035455278067
85195,29.00381673027884,1.0,560,681,1241,0.0,-0.0008333472224535399,0.9997582594681717,0.00016116035455278067
85196,29.00298338305638,1.0,560,681,1241,0.0,-0.0008333472224570926,0.9998388396454481,8.058017727639034e-05
85197,29.002150035833928,0.9991941982272361,560,681,1241,-0.0008058017727639033,-0.0008333472224535399,0.9997582594681717,-8.058017727639034e-05
85198,29.001316688611475,0.9991941982272361,560,681,1241,0.0,-0.0008333472224535399,0.9997582594681717,0.0
85199,29.00048334138902,1.0,560,681,1241,0.0008058017727639033,-0.0008333472224535399,0.9998388396454481,8.058017727639034e-05
85200,28.999649994166568,1.0,560,681,1241,0.0,-0.0008333472224535399,0.9998388396454481,0.0
85201,28.998816646944114,1.0,560,681,1241,0.0,-0.0008333472224535399,0.9998388396454481,0.0
85202,28.99798329972166,1.0,560,681,1241,0.0,-0.0008333472224535399,0.9998388396454481,0.0
85203,28.997149952499207,1.0,560,681,1241,0.0,-0.0008333472224535399,0.9998388396454481,0.0
85204,28.996316605276753,1.0,560,681,1241,0.0,-0.0008333472224535399,0.9998388396454481,0.0
85205,28.9954832580543,1.0,560,681,1241,0.0,-0.0008333472224535399,0.9998388396454481,0.0
85206,28.994649910831846,0.9991941982272361,560,681,1241,-0.0008058017727639033,-0.0008333472224535399,0.9997582594681717,-8.058017727639034e-05
85207,28.993816563609393,1.0,560,681,1241,0.0008058017727639033,-0.0008333472224535399,0.9998388396454481,8.058017727639034e-05
85208,28.99298321638694,1.0,560,681,1241,0.0,-0.0008333472224535399,0.9999194198227244,8.058017727639034e-05
85209,28.992149869164486,1.0,560,681,1241,0.0,-0.0008333472224535399,0.9999194198227244,0.0
85210,28.991316521942032,1.0,560,681,1241,0.0,-0.0008333472224535399,0.9999194198227244,0.0
85211,28.99048317471958,1.0,560,681,1241,0.0,-0.0008333472224535399,0.9999194198227244,0.0
85212,28.989649827497125,1.0,560,681,1241,0.0,-0.0008333472224535399,0.9999194198227244,0.0
85213,28.98881648027467,1.0,560,681,1241,0.0,-0.0008333472224535399,0.9999194198227244,0.0
85214,28.987983133052218,1.0,560,681,1241,0.0,-0.0008333472224535399,0.9999194198227244,0.0
85215,28.987149785829764,1.0,560,681,1241,0.0,-0.0008333472224535399,0.9999194198227244,0.0
85216,28.98631643860731,1.0,560,681,1241,0.0,-0.0008333472224535399,1.0000000000000007,8.058017727639034e-05
85217,28.985483091384854,1.0,560,681,1241,0.0,-0.0008333472224570926,1.0000000000000007,0.0
85218,28.9846497441624,1.0,560,681,1241,0.0,-0.0008333472224535399,1.0000000000000007,0.0
85219,28.983816396939947,1.0,560,681,1241,0.0,-0.0008333472224535399,1.0000000000000007,0.0
85220,28.982983049717493,1.0,560,681,1241,0.0,-0.0008333472224535399,1.0000000000000007,0.0
85221,28.98214970249504,1.0,560,681,1241,0.0,-0.0008333472224535399,1.0000000000000007,0.0
85222,28.981316355272586,1.0,560,681,1241,0.0,-0.0008333472224535399,1.0000000000000007,0.0
85223,28.980483008050133,1.0,560,681,1241,0.0,-0.0008333472224535399,1.0000000000000007,0.0
85224,28.97964966082768,1.0,560,681,1241,0.0,-0.0008333472224535399,1.0000000000000007,0.0
85225,28.978816313605225,1.0,560,681,1241,0.0,-0.0008333472224535399,1.0000000000000007,0.0
85226,28.977982966382772,0.9991941982272361,560,681,1241,-0.0008058017727639033,-0.0008333472224535399,0.9999194198227244,-8.058017727639034e-05
85227,28.97714961916032,1.0,560,681,1241,0.0008058017727639033,-0.0008333472224535399,0.9999194198227244,0.0
85228,28.976316271937865,0.9991941982272361,560,681,1241,-0.0008058017727639033,-0.0008333472224535399,0.9998388396454481,-8.058017727639034e-05
85229,28.97548292471541,1.0,560,681,1241,0.0008058017727639033,-0.0008333472224535399,0.9998388396454481,0.0
85230,28.974649577492958,1.0,560,681,1241,0.0,-0.0008333472224535399,0.9998388396454481,0.0
85231,28.973816230270504,1.0,560,681,1241,0.0,-0.0008333472224535399,0.9998388396454481,0.0
85232,28.97298288304805,0.9991941982272361,560,681,1241,-0.0008058017727639033,-0.0008333472224535399,0.9997582594681717,-8.058017727639034e-05
85233,28.972149535825597,0.9983883964544722,560,681,1241,-0.0008058017727639033,-0.0008333472224535399,0.9995970991136189,-0.00016116035455278067
85234,28.971316188603144,0.9991941982272361,560,681,1241,0.0008058017727639033,-0.0008333472224535399,0.9995165189363426,-8.058017727639034e-05
85235,28.97048284138069,0.9991941982272361,560,681,1241,0.0,-0.0008333472224535399,0.9994359387590663,-8.058017727639034e-05
85236,28.969649494158237,0.9991941982272361,560,681,1241,0.0,-0.0008333472224535399,0.9994359387590663,0.0
85237,28.968816146935783,0.9983883964544722,560,681,1241,-0.0008058017727639033,-0.0008333472224535399,0.9992747784045136,-0.00016116035455278067
85238,28.967982799713326,0.9983883964544722,560,681,1241,0.0,-0.0008333472224570926,0.9991941982272372,-8.058017727639034e-05
85239,28.967149452490872,0.9991941982272361,560,681,1241,0.0008058017727639033,-0.0008333472224535399,0.9991136180499609,-8.058017727639034e-05
85240,28.96631610526842,0.9991941982272361,560,681,1241,0.0,-0.0008333472224535399,0.9990330378726846,-8.058017727639034e-05
85241,28.965482758045965,1.0,560,681,1241,0.0008058017727639033,-0.0008333472224535399,0.9990330378726846,0.0
85242,28.96464941082351,1.0,560,681,1241,0.0,-0.0008333472224535399,0.9991136180499609,8.058017727639034e-05
85243,28.963816063601058,1.0,560,681,1241,0.0,-0.0008333472224535399,0.9992747784045136,0.00016116035455278067
85244,28.962982716378605,1.0,560,681,1241,0.0,-0.0008333472224535399,0.9993553585817899,8.058017727639034e-05
85245,28.96214936915615,1.0,560,681,1241,0.0,-0.0008333472224535399,0.9994359387590663,8.058017727639034e-05
85246,28.961316021933698,1.0,560,681,1241,0.0,-0.0008333472224535399,0.9995165189363426,8.058017727639034e-05
85247,28.960482674711244,1.0,560,681,1241,0.0,-0.0008333472224535399,0.9996776792908953,0.00016116035455278067
85248,28.95964932748879,1.0,560,681,1241,0.0,-0.0008333472224535399,0.9998388396454481,0.00016116035455278067
85249,28.958815980266337,1.0,560,681,1241,0.0,-0.0008333472224535399,0.9999194198227244,8.058017727639034e-05
85250,28.957982633043883,1.0,560,681,1241,0.0,-0.0008333472224535399,1.0000000000000007,8.058017727639034e-05
85251,28.95714928582143,1.0,560,681,1241,0.0,-0.0008333472224535399,1.0000000000000007,0.0
85252,28.956315938598976,1.0,560,681,1241,0.0,-0.0008333472224535399,1.0000000000000007,0.0
85253,28.955482591376523,1.0,560,681,1241,0.0,-0.0008333472224535399,1.0000000000000007,0.0
85254,28.95464924415407,1.0,560,681,1241,0.0,-0.0008333472224535399,1.0000000000000007,0.0
85255,28.953815896931616,1.0,560,681,1241,0.0,-0.0008333472224535399,1.0000000000000007,0.0
85256,28.952982549709162,1.0,560,681,1241,0.0,-0.0008333472224535399,1.0000000000000007,0.0
85257,28.95214920248671,1.0,560,681,1241,0.0,-0.0008333472224535399,1.0000000000000007,0.0
85258,28.951315855264255,1.0,560,681,1241,0.0,-0.0008333472224535399,1.0000000000000007,0.0
85259,28.9504825080418,1.0,560,681,1241,0.0,-0.0008333472224535399,1.0000000000000007,0.0
85260,28.949649160819344,1.0,560,681,1241,0.0,-0.0008333472224570926,1.0000000000000007,0.0
85261,28.94881581359689,1.0,560,681,1241,0.0,-0.0008333472224535399,1.0000000000000007,0.0
85262,28.947982466374437,1.0,560,681,1241,0.0,-0.0008333472224535399,1.0000000000000007,0.0
85263,28.947149119151984,1.0,560,681,1241,0.0,-0.0008333472224535399,1.0000000000000007,0.0
85264,28.94631577192953,1.0,560,681,1241,0.0,-0.0008333472224535399,1.0000000000000007,0.0
85265,28.945482424707077,1.0,560,681,1241,0.0,-0.0008333472224535399,1.0000000000000007,0.0
85266,28.944649077484623,1.0,560,681,1241,0.0,-0.0008333472224535399,1.0000000000000007,0.0
85267,28.94381573026217,1.0,560,681,1241,0.0,-0.0008333472224535399,1.0000000000000007,0.0
85268,28.942982383039716,1.0,560,681,1241,0.0,-0.0008333472224535399,1.0000000000000007,0.0
85269,28.942149035817263,1.0,560,681,1241,0.0,-0.0008333472224535399,1.0000000000000007,0.0
85270,28.94131568859481,1.0,560,681,1241,0.0,-0.0008333472224535399,1.0000000000000007,0.0
85271,28.940482341372356,1.0,560,681,1241,0.0,-0.0008333472224535399,1.0000000000000007,0.0
85272,28.939648994149902,1.0,560,681,1241,0.0,-0.0008333472224535399,1.0000000000000007,0.0
85273,28.93881564692745,1.0,560,681,1241,0.0,-0.0008333472224535399,1.0000000000000007,0.0
85274,28.937982299704995,1.0,560,681,1241,0.0,-0.0008333472224535399,1.0000000000000007,0.0
85275,28.93714895248254,1.0,560,681,1241,0.0,-0.0008333472224535399,1.0000000000000007,0.0
85276,28.936315605260088,0.9991941982272361,560,681,1241,-0.0008058017727639033,-0.0008333472224535399,0.9999194198227244,-8.058017727639034e-05
85277,28.935482258037634,0.9991941982272361,560,681,1241,0.0,-0.0008333472224535399,0.9998388396454481,-8.058017727639034e-05
85278,28.93464891081518,0.9991941982272361,560,681,1241,0.0,-0.0008333472224535399,0.9997582594681717,-8.058017727639034e-05
85279,28.933815563592727,0.9991941982272361,560,681,1241,0.0,-0.0008333472224535399,0.9996776792908953,-8.058017727639034e-05
85280,28.932982216370274,0.9991941982272361,560,681,1241,0.0,-0.0008333472224535399,0.9995970991136189,-8.058017727639034e-05
85281,28.932148869147817,0.9983883964544722,560,681,1241,-0.0008058017727639033,-0.0008333472224570926,0.9994359387590663,-0.00016116035455278067
85282,28.931315521925363,0.9983883964544722,560,681,1241,0.0,-0.0008333472224535399,0.9992747784045136,-0.00016116035455278067
85283,28.93048217470291,0.9983883964544722,560,681,1241,0.0,-0.0008333472224535399,0.9991136180499609,-0.00016116035455278067
85284,28.929648827480456,0.9983883964544722,560,681,1241,0.0,-0.0008333472224535399,0.9989524576954082,-0.00016116035455278067
85285,28.928815480258002,0.9983883964544722,560,681,1241,0.0,-0.0008333472224535399,0.9987912973408555,-0.00016116035455278067
85286,28.92798213303555,0.9983883964544722,560,681,1241,0.0,-0.0008333472224535399,0.9987107171635792,-8.058017727639034e-05
85287,28.927148785813095,0.9983883964544722,560,681,1241,0.0,-0.0008333472224535399,0.9986301369863029,-8.058017727639034e-05
85288,28.926315438590642,0.9983883964544722,560,681,1241,0.0,-0.0008333472224535399,0.9985495568090265,-8.058017727639034e-05
85289,28.92548209136819,0.9983883964544722,560,681,1241,0.0,-0.0008333472224535399,0.9984689766317502,-8.058017727639034e-05
85290,28.924648744145735,0.9991941982272361,560,681,1241,0.0008058017727639033,-0.0008333472224535399,0.9984689766317502,0.0
85291,28.92381539692328,0.9991941982272361,560,681,1241,0.0,-0.0008333472224535399,0.9985495568090265,8.058017727639034e-05
85292,28.922982049700828,0.9991941982272361,560,681,1241,0.0,-0.0008333472224535399,0.9986301369863029,8.058017727639034e-05
85293,28.922148702478374,0.9991941982272361,560,681,1241,0.0,-0.0008333472224535399,0.9987107171635792,8.058017727639034e-05
85294,28.92131535525592,0.9991941982272361,560,681,1241,0.0,-0.0008333472224535399,0.9987912973408555,8.058017727639034e-05
85295,28.920482008033467,0.9991941982272361,560,681,1241,0.0,-0.0008333472224535399,0.9988718775181319,8.058017727639034e-05
85296,28.919648660811013,0.9991941982272361,560,681,1241,0.0,-0.0008333472224535399,0.9989524576954082,8.058017727639034e-05
85297,28.91881531358856,1.0,560,681,1241,0.0008058017727639033,-0.0008333472224535399,0.9991136180499609,0.00016116035455278067
85298,28.917981966366106,1.0,560,681,1241,0.0,-0.0008333472224535399,0.9992747784045136,0.00016116035455278067
85299,28.917148619143653,0.9991941982272361,560,681,1241,-0.0008058017727639033,-0.0008333472224535399,0.9993553585817899,8.058017727639034e-05
85300,28.9163152719212,1.0,560,681,1241,0.0008058017727639033,-0.0008333472224535399,0.9994359387590663,8.058017727639034e-05
85301,28.915481924698746,1.0,560,681,1241,0.0,-0.0008333472224535399,0.9995165189363426,8.058017727639034e-05
85302,28.91464857747629,1.0,560,681,1241,0.0,-0.0008333472224570926,0.9995970991136189,8.058017727639034e-05
85303,28.913815230253835,1.0,560,681,1241,0.0,-0.0008333472224535399,0.9996776792908953,8.058017727639034e-05
85304,28.91298188303138,1.0,560,681,1241,0.0,-0.0008333472224535399,0.9997582594681717,8.058017727639034e-05
85305,28.912148535808928,1.0,560,681,1241,0.0,-0.0008333472224535399,0.9998388396454481,8.058017727639034e-05
85306,28.911315188586475,1.0,560,681,1241,0.0,-0.0008333472224535399,0.9999194198227244,8.058017727639034e-05
85307,28.91048184136402,1.0,560,681,1241,0.0,-0.0008333472224535399,0.9999194198227244,0.0
85308,28.909648494141567,1.0,560,681,1241,0.0,-0.0008333472224535399,0.9999194198227244,0.0
85309,28.908815146919114,1.0,560,681,1241,0.0,-0.0008333472224535399,1.0000000000000007,8.058017727639034e-05
85310,28.90798179969666,1.0,560,681,1241,0.0,-0.0008333472224535399,1.0000000000000007,0.0
85311,28.907148452474207,0.9983883964544722,560,681,1241,-0.0016116035455278066,-0.0008333472224535399,0.9998388396454481,-0.00016116035455278067
85312,28.906315105251753,0.9983883964544722,560,681,1241,0.0,-0.0008333472224535399,0.9996776792908953,-0.00016116035455278067
85313,28.9054817580293,0.9983883964544722,560,681,1241,0.0,-0.0008333472224535399,0.9995165189363426,-0.00016116035455278067
85314,28.904648410806846,0.9983883964544722,560,681,1241,0.0,-0.0008333472224535399,0.9993553585817899,-0.00016116035455278067
85315,28.903815063584393,0.9983883964544722,560,681,1241,0.0,-0.0008333472224535399,0.9991941982272372,-0.00016116035455278067
85316,28.90298171636194,0.9983883964544722,560,681,1241,0.0,-0.0008333472224535399,0.9990330378726846,-0.00016116035455278067
85317,28.902148369139486,0.9983883964544722,560,681,1241,0.0,-0.0008333472224535399,0.9988718775181319,-0.00016116035455278067
85318,28.901315021917032,0.9983883964544722,560,681,1241,0.0,-0.0008333472224535399,0.9987107171635792,-0.00016116035455278067
85319,28.90048167469458,0.9983883964544722,560,681,1241,0.0,-0.0008333472224535399,0.9985495568090265,-0.00016116035455278067
85320,28.899648327472125,1.0,560,681,1241,0.0016116035455278066,-0.0008333472224535399,0.9985495568090265,0.0
85321,28.89881498024967,1.0,560,681,1241,0.0,-0.0008333472224535399,0.9987107171635792,0.00016116035455278067
85322,28.897981633027218,1.0,560,681,1241,0.0,-0.0008333472224535399,0.9988718775181319,0.00016116035455278067
85323,28.89714828580476,1.0,560,681,1241,0.0,-0.0008333472224570926,0.9990330378726846,0.00016116035455278067
85324,28.896314938582307,1.0,560,681,1241,0.0,-0.0008333472224535399,0.9991941982272372,0.00016116035455278067
85325,28.895481591359854,1.0,560,681,1241,0.0,-0.0008333472224535399,0.9993553585817899,0.00016116035455278067
85326,28.8946482441374,1.0,560,681,1241,0.0,-0.0008333472224535399,0.9995165189363426,0.00016116035455278067
85327,28.893814896914947,1.0,560,681,1241,0.0,-0.0008333472224535399,0.9996776792908953,0.00016116035455278067
85328,28.892981549692493,1.0,560,681,1241,0.0,-0.0008333472224535399,0.9998388396454481,0.00016116035455278067
85329,28.89214820247004,1.0,560,681,1241,0.0,-0.0008333472224535399,1.0000000000000007,0.00016116035455278067
85330,28.891314855247586,1.0,560,681,1241,0.0,-0.0008333472224535399,1.0000000000000007,0.0
85331,28.890481508025132,1.0,560,681,1241,0.0,-0.0008333472224535399,1.0000000000000007,0.0
85332,28.88964816080268,1.0,560,681,1241,0.0,-0.0008333472224535399,1.0000000000000007,0.0
85333,28.888814813580225,1.0,560,681,1241,0.0,-0.0008333472224535399,1.0000000000000007,0.0
85334,28.887981466357772,1.0,560,681,1241,0.0,-0.0008333472224535399,1.0000000000000007,0.0
85335,28.88714811913532,1.0,560,681,1241,0.0,-0.0008333472224535399,1.0000000000000007,0.0
85336,28.886314771912865,1.0,560,681,1241,0.0,-0.0008333472224535399,1.0000000000000007,0.0
85337,28.88548142469041,1.0,560,681,1241,0.0,-0.0008333472224535399,1.0000000000000007,0.0
85338,28.884648077467958,1.0,560,681,1241,0.0,-0.0008333472224535399,1.0000000000000007,0.0
85339,28.883814730245504,1.0,560,681,1241,0.0,-0.0008333472224535399,1.0000000000000007,0.0
85340,28.88298138302305,0.9991941982272361,560,681,1241,-0.0008058017727639033,-0.0008333472224535399,0.9999194198227244,-8.058017727639034e-05
85341,28.882148035800597,0.9991941982272361,560,681,1241,0.0,-0.0008333472224535399,0.9998388396454481,-8.058017727639034e-05
85342,28.881314688578144,1.0,560,681,1241,0.0008058017727639033,-0.0008333472224535399,0.9998388396454481,0.0
85343,28.88048134135569,1.0,560,681,1241,0.0,-0.0008333472224535399,0.9998388396454481,0.0
85344,28.879647994133233,1.0,560,681,1241,0.0,-0.0008333472224570926,0.9998388396454481,0.0
85345,28.87881464691078,1.0,560,681,1241,0.0,-0.0008333472224535399,0.9998388396454481,0.0
85346,28.877981299688326,0.9991941982272361,560,681,1241,-0.0008058017727639033,-0.0008333472224535399,0.9997582594681717,-8.058017727639034e-05
85347,28.877147952465872,0.9991941982272361,560,681,1241,0.0,-0.0008333472224535399,0.9996776792908953,-8.058017727639034e-05
85348,28.87631460524342,0.9991941982272361,560,681,1241,0.0,-0.0008333472224535399,0.9995970991136189,-8.058017727639034e-05
85349,28.875481258020965,0.9991941982272361,560,681,1241,0.0,-0.0008333472224535399,0.9995165189363426,-8.058017727639034e-05
85350,28.87464791079851,0.9991941982272361,560,681,1241,0.0,-0.0008333472224535399,0.9995165189363426,0.0
85351,28.873814563576058,0.9991941982272361,560,681,1241,0.0,-0.0008333472224535399,0.9995165189363426,0.0
85352,28.872981216353605,0.9991941982272361,560,681,1241,0.0,-0.0008333472224535399,0.9994359387590663,-8.058017727639034e-05
85353,28.87214786913115,0.9991941982272361,560,681,1241,0.0,-0.0008333472224535399,0.9993553585817899,-8.058017727639034e-05
85354,28.871314521908698,0.9991941982272361,560,681,1241,0.0,-0.0008333472224535399,0.9992747784045136,-8.058017727639034e-05
85355,28.870481174686244,0.9991941982272361,560,681,1241,0.0,-0.0008333472224535399,0.9991941982272372,-8.058017727639034e-05
85356,28.86964782746379,0.9991941982272361,560,681,1241,0.0,-0.0008333472224535399,0.9991941982272372,0.0
85357,28.868814480241337,1.0,560,681,1241,0.0008058017727639033,-0.0008333472224535399,0.9992747784045136,8.058017727639034e-05
85358,28.867981133018883,1.0,560,681,1241,0.0,-0.0008333472224535399,0.9993553585817899,8.058017727639034e-05
85359,28.86714778579643,1.0,560,681,1241,0.0,-0.0008333472224535399,0.9994359387590663,8.058017727639034e-05
85360,28.866314438573976,1.0,560,681,1241,0.0,-0.0008333472224535399,0.9995165189363426,8.058017727639034e-05
85361,28.865481091351523,1.0,560,681,1241,0.0,-0.0008333472224535399,0.9995970991136189,8.058017727639034e-05
85362,28.86464774412907,1.0,560,681,1241,0.0,-0.0008333472224535399,0.9996776792908953,8.058017727639034e-05
85363,28.863814396906616,1.0,560,681,1241,0.0,-0.0008333472224535399,0.9997582594681717,8.058017727639034e-05
85364,28.862981049684162,1.0,560,681,1241,0.0,-0.0008333472224535399,0.9998388396454481,8.058017727639034e-05
85365,28.86214770246171,1.0,560,681,1241,0.0,-0.0008333472224535399,0.9999194198227244,8.058017727639034e-05
85366,28.86131435523925,1.0,560,681,1241,0.0,-0.0008333472224570926,1.0000000000000007,8.058017727639034e-05
85367,28.860481008016798,1.0,560,681,1241,0.0,-0.0008333472224535399,1.0000000000000007,0.0
85368,28.859647660794344,1.0,560,681,1241,0.0,-0.0008333472224535399,1.0000000000000007,0.0
85369,28.85881431357189,1.0,560,681,1241,0.0,-0.0008333472224535399,1.0000000000000007,0.0
85370,28.857980966349437,0.9991941982272361,560,681,1241,-0.0008058017727639033,-0.0008333472224535399,0.9999194198227244,-8.058017727639034e-05
85371,28.857147619126984,0.9991941982272361,560,681,1241,0.0,-0.0008333472224535399,0.9998388396454481,-8.058017727639034e-05
85372,28.85631427190453,1.0,560,681,1241,0.0008058017727639033,-0.0008333472224535399,0.9998388396454481,0.0
85373,28.855480924682077,1.0,560,681,1241,0.0,-0.0008333472224535399,0.9998388396454481,0.0
85374,28.854647577459623,1.0,560,681,1241,0.0,-0.0008333472224535399,0.9998388396454481,0.0
85375,28.85381423023717,1.0,560,681,1241,0.0,-0.0008333472224535399,0.9998388396454481,0.0
85376,28.852980883014716,0.9991941982272361,560,681,1241,-0.0008058017727639033,-0.0008333472224535399,0.9997582594681717,-8.058017727639034e-05
85377,28.852147535792263,0.9991941982272361,560,681,1241,0.0,-0.0008333472224535399,0.9996776792908953,-8.058017727639034e-05
85378,28.85131418856981,0.9991941982272361,560,681,1241,0.0,-0.0008333472224535399,0.9995970991136189,-8.058017727639034e-05
85379,28.850480841347355,0.9991941982272361,560,681,1241,0.0,-0.0008333472224535399,0.9995165189363426,-8.058017727639034e-05
85380,28.849647494124902,0.9991941982272361,560,681,1241,0.0,-0.0008333472224535399,0.9995165189363426,0.0
85381,28.84881414690245,1.0,560,681,1241,0.0008058017727639033,-0.0008333472224535399,0.9995970991136189,8.058017727639034e-05
85382,28.847980799679995,1.0,560,681,1241,0.0,-0.0008333472224535399,0.9995970991136189,0.0
85383,28.84714745245754,0.9991941982272361,560,681,1241,-0.0008058017727639033,-0.0008333472224535399,0.9995165189363426,-8.058017727639034e-05
85384,28.846314105235088,0.9991941982272361,560,681,1241,0.0,-0.0008333472224535399,0.9994359387590663,-8.058017727639034e-05
85385,28.845480758012634,0.9991941982272361,560,681,1241,0.0,-0.0008333472224535399,0.9993553585817899,-8.058017727639034e-05
85386,28.84464741079018,1.0,560,681,1241,0.0008058017727639033,-0.0008333472224535399,0.9994359387590663,8.058017727639034e-05
85387,28.843814063567724,0.9991941982272361,560,681,1241,-0.0008058017727639033,-0.0008333472224570926,0.9994359387590663,0.0
85388,28.84298071634527,0.9991941982272361,560,681,1241,0.0,-0.0008333472224535399,0.9994359387590663,0.0
85389,28.842147369122817,0.9991941982272361,560,681,1241,0.0,-0.0008333472224535399,0.9994359387590663,0.0
85390,28.841314021900363,0.9991941982272361,560,681,1241,0.0,-0.0008333472224535399,0.9994359387590663,0.0
85391,28.84048067467791,0.9991941982272361,560,681,1241,0.0,-0.0008333472224535399,0.9993553585817899,-8.058017727639034e-05
85392,28.839647327455456,1.0,560,681,1241,0.0008058017727639033,-0.0008333472224535399,0.9993553585817899,0.0
85393,28.838813980233002,1.0,560,681,1241,0.0,-0.0008333472224535399,0.9994359387590663,8.058017727639034e-05
85394,28.83798063301055,1.0,560,681,1241,0.0,-0.0008333472224535399,0.9995165189363426,8.058017727639034e-05
85395,28.837147285788095,1.0,560,681,1241,0.0,-0.0008333472224535399,0.9995970991136189,8.058017727639034e-05
85396,28.83631393856564,1.0,560,681,1241,0.0,-0.0008333472224535399,0.9995970991136189,0.0
85397,28.835480591343188,1.0,560,681,1241,0.0,-0.0008333472224535399,0.9996776792908953,8.058017727639034e-05
85398,28.834647244120735,1.0,560,681,1241,0.0,-0.0008333472224535399,0.9997582594681717,8.058017727639034e-05
85399,28.83381389689828,1.0,560,681,1241,0.0,-0.0008333472224535399,0.9998388396454481,8.058017727639034e-05
85400,28.832980549675828,1.0,560,681,1241,0.0,-0.0008333472224535399,0.9999194198227244,8.058017727639034e-05
85401,28.832147202453374,1.0,560,681,1241,0.0,-0.0008333472224535399,1.0000000000000007,8.058017727639034e-05
85402,28.83131385523092,1.0,560,681,1241,0.0,-0.0008333472224535399,1.0000000000000007,0.0
85403,28.830480508008467,1.0,560,681,1241,0.0,-0.0008333472224535399,1.0000000000000007,0.0
85404,28.829647160786013,1.0,560,681,1241,0.0,-0.0008333472224535399,1.0000000000000007,0.0
85405,28.82881381356356,0.9991941982272361,560,681,1241,-0.0008058017727639033,-0.0008333472224535399,0.9999194198227244,-8.058017727639034e-05
85406,28.827980466341106,0.9991941982272361,560,681,1241,0.0,-0.0008333472224535399,0.9998388396454481,-8.058017727639034e-05
85407,28.827147119118653,0.9983883964544722,560,681,1241,-0.0008058017727639033,-0.0008333472224535399,0.9996776792908953,-0.00016116035455278067
85408,28.826313771896196,0.9991941982272361,560,681,1241,0.0008058017727639033,-0.0008333472224570926,0.9995970991136189,-8.058017727639034e-05
85409,28.825480424673742,0.9991941982272361,560,681,1241,0.0,-0.0008333472224535399,0.9995165189363426,-8.058017727639034e-05
85410,28.82464707745129,0.9991941982272361,560,681,1241,0.0,-0.0008333472224535399,0.9994359387590663,-8.058017727639034e-05
85411,28.823813730228835,0.9991941982272361,560,681,1241,0.0,-0.0008333472224535399,0.9993553585817899,-8.058017727639034e-05
85412,28.82298038300638,0.9991941982272361,560,681,1241,0.0,-0.0008333472224535399,0.9992747784045136,-8.058017727639034e-05
85413,28.822147035783928,0.9991941982272361,560,681,1241,0.0,-0.0008333472224535399,0.9991941982272372,-8.058017727639034e-05
85414,28.821313688561474,0.9991941982272361,560,681,1241,0.0,-0.0008333472224535399,0.9991136180499609,-8.058017727639034e-05
85415,28.82048034133902,0.9983883964544722,560,681,1241,-0.0008058017727639033,-0.0008333472224535399,0.9990330378726846,-8.058017727639034e-05
85416,28.819646994116567,0.9983883964544722,560,681,1241,0.0,-0.0008333472224535399,0.9989524576954082,-8.058017727639034e-05
85417,28.818813646894114,0.9983883964544722,560,681,1241,0.0,-0.0008333472224535399,0.9989524576954082,0.0
85418,28.81798029967166,0.9975825946817083,560,681,1241,-0.0008058017727639033,-0.0008333472224535399,0.9987912973408554,-0.00016116035455278067
85419,28.817146952449207,0.9975825946817083,560,681,1241,0.0,-0.0008333472224535399,0.9986301369863024,-0.00016116035455278067
85420,28.816313605226753,0.9975825946817083,560,681,1241,0.0,-0.0008333472224535399,0.9984689766317496,-0.00016116035455278067
85421,28.8154802580043,0.9975825946817083,560,681,1241,0.0,-0.0008333472224535399,0.9983078162771968,-0.00016116035455278067
85422,28.814646910781846,0.9991941982272361,560,681,1241,0.0016116035455278066,-0.0008333472224535399,0.9983078162771968,0.0
85423,28.813813563559393,0.9991941982272361,560,681,1241,0.0,-0.0008333472224535399,0.9983078162771968,0.0
85424,28.81298021633694,0.9991941982272361,560,681,1241,0.0,-0.0008333472224535399,0.9983078162771968,0.0
85425,28.812146869114486,1.0,560,681,1241,0.0008058017727639033,-0.0008333472224535399,0.9984689766317494,0.00016116035455278067
85426,28.811313521892032,1.0,560,681,1241,0.0,-0.0008333472224535399,0.9986301369863021,0.00016116035455278067
85427,28.81048017466958,1.0,560,681,1241,0.0,-0.0008333472224535399,0.9987912973408548,0.00016116035455278067
85428,28.809646827447125,1.0,560,681,1241,0.0,-0.0008333472224535399,0.999033037872684,0.00024174053182917098
85429,28.808813480224668,1.0,560,681,1241,0.0,-0.0008333472224570926,0.9992747784045133,0.00024174053182917098
85430,28.807980133002214,1.0,560,681,1241,0.0,-0.0008333472224535399,0.9995165189363424,0.00024174053182917098
85431,28.80714678577976,1.0,560,681,1241,0.0,-0.0008333472224535399,0.9997582594681717,0.00024174053182917098
85432,28.806313438557307,1.0,560,681,1241,0.0,-0.0008333472224535399,0.9998388396454481,8.058017727639034e-05
85433,28.805480091334854,1.0,560,681,1241,0.0,-0.0008333472224535399,0.9999194198227244,8.058017727639034e-05
85434,28.8046467441124,1.0,560,681,1241,0.0,-0.0008333472224535399,1.0000000000000007,8.058017727639034e-05
85435,28.803813396889947,1.0,560,681,1241,0.0,-0.0008333472224535399,1.0000000000000007,0.0
85436,28.802980049667493,0.9991941982272361,560,681,1241,-0.0008058017727639033,-0.0008333472224535399,0.9999194198227244,-8.058017727639034e-05
85437,28.80214670244504,0.9991941982272361,560,681,1241,0.0,-0.0008333472224535399,0.9998388396454481,-8.058017727639034e-05
85438,28.801313355222586,0.9991941982272361,560,681,1241,0.0,-0.0008333472224535399,0.9997582594681717,-8.058017727639034e-05
85439,28.800480008000132,1.0,560,681,1241,0.0008058017727639033,-0.0008333472224535399,0.9997582594681717,0.0
85440,28.79964666077768,1.0,560,681,1241,0.0,-0.0008333472224535399,0.9997582594681717,0.0
85441,28.798813313555225,1.0,560,681,1241,0.0,-0.0008333472224535399,0.9997582594681717,0.0
85442,28.797979966332772,1.0,560,681,1241,0.0,-0.0008333472224535399,0.9997582594681717,0.0
85443,28.79714661911032,1.0,560,681,1241,0.0,-0.0008333472224535399,0.9997582594681717,0.0
85444,28.796313271887865,1.0,560,681,1241,0.0,-0.0008333472224535399,0.9997582594681717,0.0
85445,28.79547992466541,0.9991941982272361,560,681,1241,-0.0008058017727639033,-0.0008333472224535399,0.9996776792908953,-8.058017727639034e-05
85446,28.794646577442958,1.0,560,681,1241,0.0008058017727639033,-0.0008333472224535399,0.9997582594681717,8.058017727639034e-05
85447,28.793813230220504,0.9991941982272361,560,681,1241,-0.0008058017727639033,-0.0008333472224535399,0.9997582594681717,0.0
85448,28.79297988299805,0.9991941982272361,560,681,1241,0.0,-0.0008333472224535399,0.9997582594681717,0.0
85449,28.792146535775597,0.9991941982272361,560,681,1241,0.0,-0.0008333472224535399,0.9996776792908953,-8.058017727639034e-05
85450,28.79131318855314,0.9983883964544722,560,681,1241,-0.0008058017727639033,-0.0008333472224570926,0.9995165189363426,-0.00016116035455278067
85451,28.790479841330686,0.9983883964544722,560,681,1241,0.0,-0.0008333472224535399,0.9993553585817899,-0.00016116035455278067
85452,28.789646494108233,0.9991941982272361,560,681,1241,0.0008058017727639033,-0.0008333472224535399,0.9992747784045136,-8.058017727639034e-05
85453,28.78881314688578,1.0,560,681,1241,0.0008058017727639033,-0.0008333472224535399,0.9992747784045136,0.0
85454,28.787979799663326,1.0,560,681,1241,0.0,-0.0008333472224535399,0.9992747784045136,0.0
85455,28.787146452440872,1.0,560,681,1241,0.0,-0.0008333472224535399,0.9993553585817899,8.058017727639034e-05
85456,28.78631310521842,1.0,560,681,1241,0.0,-0.0008333472224535399,0.9993553585817899,0.0
85457,28.785479757995965,1.0,560,681,1241,0.0,-0.0008333472224535399,0.9994359387590663,8.058017727639034e-05
85458,28.78464641077351,1.0,560,681,1241,0.0,-0.0008333472224535399,0.9995165189363426,8.058017727639034e-05
85459,28.783813063551058,1.0,560,681,1241,0.0,-0.0008333472224535399,0.9995970991136189,8.058017727639034e-05
85460,28.782979716328605,1.0,560,681,1241,0.0,-0.0008333472224535399,0.9997582594681717,0.00016116035455278067
85461,28.78214636910615,1.0,560,681,1241,0.0,-0.0008333472224535399,0.9999194198227244,0.00016116035455278067
85462,28.781313021883697,1.0,560,681,1241,0.0,-0.0008333472224535399,1.0000000000000007,8.058017727639034e-05
85463,28.780479674661244,1.0,560,681,1241,0.0,-0.0008333472224535399,1.0000000000000007,0.0
85464,28.77964632743879,1.0,560,681,1241,0.0,-0.0008333472224535399,1.0000000000000007,0.0
85465,28.778812980216337,0.9991941982272361,560,681,1241,-0.0008058017727639033,-0.0008333472224535399,0.9999194198227244,-8.058017727639034e-05
85466,28.777979632993883,0.9991941982272361,560,681,1241,0.0,-0.0008333472224535399,0.9998388396454481,-8.058017727639034e-05
85467,28.77714628577143,0.9991941982272361,560,681,1241,0.0,-0.0008333472224535399,0.9997582594681717,-8.058017727639034e-05
85468,28.776312938548976,0.9991941982272361,560,681,1241,0.0,-0.0008333472224535399,0.9996776792908953,-8.058017727639034e-05
85469,28.775479591326523,0.9991941982272361,560,681,1241,0.0,-0.0008333472224535399,0.9995970991136189,-8.058017727639034e-05
85470,28.77464624410407,0.9991941982272361,560,681,1241,0.0,-0.0008333472224535399,0.9995165189363426,-8.058017727639034e-05
85471,28.773812896881612,0.9991941982272361,560,681,1241,0.0,-0.0008333472224570926,0.9994359387590663,-8.058017727639034e-05
85472,28.77297954965916,0.9983883964544722,560,681,1241,-0.0008058017727639033,-0.0008333472224535399,0.9992747784045136,-0.00016116035455278067
85473,28.772146202436705,0.9983883964544722,560,681,1241,0.0,-0.0008333472224535399,0.9991136180499609,-0.00016116035455278067
85474,28.77131285521425,0.9975825946817083,560,681,1241,-0.0008058017727639033,-0.0008333472224535399,0.9988718775181317,-0.00024174053182917098
85475,28.770479507991798,0.9975825946817083,560,681,1241,0.0,-0.0008333472224535399,0.9987107171635788,-0.00016116035455278067
85476,28.769646160769344,0.9983883964544722,560,681,1241,0.0008058017727639033,-0.0008333472224535399,0.9986301369863024,-8.058017727639034e-05
85477,28.76881281354689,0.9983883964544722,560,681,1241,0.0,-0.0008333472224535399,0.9985495568090261,-8.058017727639034e-05
85478,28.767979466324437,0.9983883964544722,560,681,1241,0.0,-0.0008333472224535399,0.9984689766317498,-8.058017727639034e-05
85479,28.767146119101984,1.0,560,681,1241,0.0016116035455278066,-0.0008333472224535399,0.9985495568090261,8.058017727639034e-05
85480,28.76631277187953,1.0,560,681,1241,0.0,-0.0008333472224535399,0.9986301369863024,8.058017727639034e-05
85481,28.765479424657077,1.0,560,681,1241,0.0,-0.0008333472224535399,0.9987107171635788,8.058017727639034e-05
85482,28.764646077434623,1.0,560,681,1241,0.0,-0.0008333472224535399,0.9988718775181316,0.00016116035455278067
85483,28.76381273021217,1.0,560,681,1241,0.0,-0.0008333472224535399,0.9990330378726842,0.00016116035455278067
85484,28.762979382989716,1.0,560,681,1241,0.0,-0.0008333472224535399,0.9992747784045134,0.00024174053182917098
85485,28.762146035767262,1.0,560,681,1241,0.0,-0.0008333472224535399,0.9995165189363426,0.00024174053182917098
85486,28.76131268854481,1.0,560,681,1241,0.0,-0.0008333472224535399,0.9996776792908953,0.00016116035455278067
85487,28.760479341322355,1.0,560,681,1241,0.0,-0.0008333472224535399,0.9998388396454481,0.00016116035455278067
85488,28.759645994099902,1.0,560,681,1241,0.0,-0.0008333472224535399,1.0000000000000007,0.00016116035455278067
85489,28.75881264687745,1.0,560,681,1241,0.0,-0.0008333472224535399,1.0000000000000007,0.0
85490,28.757979299654995,1.0,560,681,1241,0.0,-0.0008333472224535399,1.0000000000000007,0.0
85491,28.75714595243254,1.0,560,681,1241,0.0,-0.0008333472224535399,1.0000000000000007,0.0
85492,28.756312605210088,1.0,560,681,1241,0.0,-0.0008333472224535399,1.0000000000000007,0.0
85493,28.75547925798763,0.9991941982272361,560,681,1241,-0.0008058017727639033,-0.0008333472224570926,0.9999194198227244,-8.058017727639034e-05
85494,28.754645910765177,0.9991941982272361,560,681,1241,0.0,-0.0008333472224535399,0.9998388396454481,-8.058017727639034e-05
85495,28.753812563542724,0.9991941982272361,560,681,1241,0.0,-0.0008333472224535399,0.9997582594681717,-8.058017727639034e-05
85496,28.75297921632027,1.0,560,681,1241,0.0008058017727639033,-0.0008333472224535399,0.9997582594681717,0.0
85497,28.752145869097816,1.0,560,681,1241,0.0,-0.0008333472224535399,0.9997582594681717,0.0
85498,28.751312521875363,1.0,560,681,1241,0.0,-0.0008333472224535399,0.9997582594681717,0.0
85499,28.75047917465291,1.0,560,681,1241,0.0,-0.0008333472224535399,0.9997582594681717,0.0
85500,28.749645827430456,1.0,560,681,1241,0.0,-0.0008333472224535399,0.9997582594681717,0.0
85501,28.748812480208002,1.0,560,681,1241,0.0,-0.0008333472224535399,0.9997582594681717,0.0
85502,28.74797913298555,1.0,560,681,1241,0.0,-0.0008333472224535399,0.9997582594681717,0.0
85503,28.747145785763095,1.0,560,681,1241,0.0,-0.0008333472224535399,0.9998388396454481,8.058017727639034e-05
85504,28.74631243854064,1.0,560,681,1241,0.0,-0.0008333472224535399,0.9999194198227244,8.058017727639034e-05
85505,28.745479091318188,1.0,560,681,1241,0.0,-0.0008333472224535399,1.0000000000000007,8.058017727639034e-05
85506,28.744645744095735,1.0,560,681,1241,0.0,-0.0008333472224535399,1.0000000000000007,0.0
85507,28.74381239687328,1.0,560,681,1241,0.0,-0.0008333472224535399,1.0000000000000007,0.0
85508,28.742979049650828,0.9991941982272361,560,681,1241,-0.0008058017727639033,-0.0008333472224535399,0.9999194198227244,-8.058017727639034e-05
85509,28.742145702428374,1.0,560,681,1241,0.0008058017727639033,-0.0008333472224535399,0.9999194198227244,0.0
85510,28.74131235520592,0.9991941982272361,560,681,1241,-0.0008058017727639033,-0.0008333472224535399,0.9998388396454481,-8.058017727639034e-05
85511,28.740479007983467,0.9991941982272361,560,681,1241,0.0,-0.0008333472224535399,0.9997582594681717,-8.058017727639034e-05
85512,28.739645660761013,0.9991941982272361,560,681,1241,0.0,-0.0008333472224535399,0.9996776792908953,-8.058017727639034e-05
85513,28.73881231353856,0.9991941982272361,560,681,1241,0.0,-0.0008333472224535399,0.9995970991136189,-8.058017727639034e-05
85514,28.737978966316103,0.9991941982272361,560,681,1241,0.0,-0.0008333472224570926,0.9995165189363426,-8.058017727639034e-05
85515,28.73714561909365,0.9991941982272361,560,681,1241,0.0,-0.0008333472224535399,0.9994359387590663,-8.058017727639034e-05
85516,28.736312271871196,1.0,560,681,1241,0.0008058017727639033,-0.0008333472224535399,0.9994359387590663,0.0
85517,28.735478924648742,0.9991941982272361,560,681,1241,-0.0008058017727639033,-0.0008333472224535399,0.9993553585817899,-8.058017727639034e-05
85518,28.73464557742629,1.0,560,681,1241,0.0008058017727639033,-0.0008333472224535399,0.9994359387590663,8.058017727639034e-05
85519,28.733812230203835,0.9991941982272361,560,681,1241,-0.0008058017727639033,-0.0008333472224535399,0.9993553585817899,-8.058017727639034e-05
85520,28.73297888298138,0.9991941982272361,560,681,1241,0.0,-0.0008333472224535399,0.9993553585817899,0.0
85521,28.732145535758928,0.9991941982272361,560,681,1241,0.0,-0.0008333472224535399,0.9993553585817899,0.0
85522,28.731312188536474,0.9991941982272361,560,681,1241,0.0,-0.0008333472224535399,0.9993553585817899,0.0
85523,28.73047884131402,0.9991941982272361,560,681,1241,0.0,-0.0008333472224535399,0.9993553585817899,0.0
85524,28.729645494091567,0.9991941982272361,560,681,1241,0.0,-0.0008333472224535399,0.9993553585817899,0.0
85525,28.728812146869114,0.9991941982272361,560,681,1241,0.0,-0.0008333472224535399,0.9993553585817899,0.0
85526,28.72797879964666,0.9991941982272361,560,681,1241,0.0,-0.0008333472224535399,0.9992747784045136,-8.058017727639034e-05
85527,28.727145452424207,0.9991941982272361,560,681,1241,0.0,-0.0008333472224535399,0.9992747784045136,0.0
85528,28.726312105201753,0.9983883964544722,560,681,1241,-0.0008058017727639033,-0.0008333472224535399,0.9991136180499609,-0.00016116035455278067
85529,28.7254787579793,0.9983883964544722,560,681,1241,0.0,-0.0008333472224535399,0.9990330378726846,-8.058017727639034e-05
85530,28.724645410756846,0.9983883964544722,560,681,1241,0.0,-0.0008333472224535399,0.9989524576954082,-8.058017727639034e-05
85531,28.723812063534393,0.9983883964544722,560,681,1241,0.0,-0.0008333472224535399,0.9988718775181319,-8.058017727639034e-05
85532,28.72297871631194,0.9983883964544722,560,681,1241,0.0,-0.0008333472224535399,0.9987912973408555,-8.058017727639034e-05
85533,28.722145369089485,0.9983883964544722,560,681,1241,0.0,-0.0008333472224535399,0.9987107171635792,-8.058017727639034e-05
85534,28.721312021867032,0.9991941982272361,560,681,1241,0.0008058017727639033,-0.0008333472224535399,0.9987107171635792,0.0
85535,28.720478674644575,1.0,560,681,1241,0.0008058017727639033,-0.0008333472224570926,0.9987912973408555,8.058017727639034e-05
85536,28.71964532742212,1.0,560,681,1241,0.0,-0.0008333472224535399,0.9988718775181319,8.058017727639034e-05
85537,28.718811980199668,1.0,560,681,1241,0.0,-0.0008333472224535399,0.9989524576954082,8.058017727639034e-05
85538,28.717978632977214,1.0,560,681,1241,0.0,-0.0008333472224535399,0.9991136180499609,0.00016116035455278067
85539,28.71714528575476,1.0,560,681,1241,0.0,-0.0008333472224535399,0.9992747784045136,0.00016116035455278067
85540,28.716311938532307,0.9991941982272361,560,681,1241,-0.0008058017727639033,-0.0008333472224535399,0.9993553585817899,8.058017727639034e-05
85541,28.715478591309854,0.9983883964544722,560,681,1241,-0.0008058017727639033,-0.0008333472224535399,0.9993553585817899,0.0
85542,28.7146452440874,0.9983883964544722,560,681,1241,0.0,-0.0008333472224535399,0.9993553585817899,0.0
85543,28.713811896864947,0.9975825946817083,560,681,1241,-0.0008058017727639033,-0.0008333472224535399,0.9992747784045136,-8.058017727639034e-05
85544,28.712978549642493,0.9975825946817083,560,681,1241,0.0,-0.0008333472224535399,0.9991136180499607,-0.00016116035455278067
85545,28.71214520242004,0.9967767929089444,560,681,1241,-0.0008058017727639033,-0.0008333472224535399,0.9987912973408551,-0.00032232070910556134
85546,28.711311855197586,0.9967767929089444,560,681,1241,0.0,-0.0008333472224535399,0.9984689766317496,-0.00032232070910556134
85547,28.710478507975132,0.9975825946817083,560,681,1241,0.0008058017727639033,-0.0008333472224535399,0.9982272360999204,-0.00024174053182917098
85548,28.70964516075268,0.9975825946817083,560,681,1241,0.0,-0.0008333472224535399,0.9979854955680911,-0.00024174053182917098
85549,28.708811813530225,0.9975825946817083,560,681,1241,0.0,-0.0008333472224535399,0.997743755036262,-0.00024174053182917098
85550,28.70797846630777,0.9983883964544722,560,681,1241,0.0008058017727639033,-0.0008333472224535399,0.9976631748589856,-8.058017727639034e-05
85551,28.707145119085318,0.9983883964544722,560,681,1241,0.0,-0.0008333472224535399,0.9976631748589856,0.0
85552,28.706311771862865,0.9983883964544722,560,681,1241,0.0,-0.0008333472224535399,0.9976631748589856,0.0
85553,28.70547842464041,0.9983883964544722,560,681,1241,0.0,-0.0008333472224535399,0.9977437550362621,8.058017727639034e-05
85554,28.704645077417958,0.9983883964544722,560,681,1241,0.0,-0.0008333472224535399,0.9978243352135385,8.058017727639034e-05
85555,28.703811730195504,0.9991941982272361,560,681,1241,0.0008058017727639033,-0.0008333472224535399,0.9980660757453677,0.00024174053182917098
85556,28.702978382973047,0.9991941982272361,560,681,1241,0.0,-0.0008333472224570926,0.9983078162771969,0.00024174053182917098
85557,28.702145035750593,0.9983883964544722,560,681,1241,-0.0008058017727639033,-0.0008333472224535399,0.9983883964544733,8.058017727639034e-05
85558,28.70131168852814,0.9991941982272361,560,681,1241,0.0008058017727639033,-0.0008333472224535399,0.9985495568090261,0.00016116035455278067
85559,28.700478341305686,1.0,560,681,1241,0.0008058017727639033,-0.0008333472224535399,0.9987912973408554,0.00024174053182917098
85560,28.699644994083233,1.0,560,681,1241,0.0,-0.0008333472224535399,0.9989524576954082,0.00016116035455278067
85561,28.69881164686078,1.0,560,681,1241,0.0,-0.0008333472224535399,0.9991136180499609,0.00016116035455278067
85562,28.697978299638326,1.0,560,681,1241,0.0,-0.0008333472224535399,0.9992747784045136,0.00016116035455278067
85563,28.697144952415872,1.0,560,681,1241,0.0,-0.0008333472224535399,0.9994359387590663,0.00016116035455278067
85564,28.69631160519342,1.0,560,681,1241,0.0,-0.0008333472224535399,0.9995970991136189,0.00016116035455278067
85565,28.695478257970965,1.0,560,681,1241,0.0,-0.0008333472224535399,0.9996776792908953,8.058017727639034e-05
85566,28.69464491074851,1.0,560,681,1241,0.0,-0.0008333472224535399,0.9997582594681717,8.058017727639034e-05
85567,28.693811563526058,1.0,560,681,1241,0.0,-0.0008333472224535399,0.9999194198227244,0.00016116035455278067
85568,28.692978216303604,1.0,560,681,1241,0.0,-0.0008333472224535399,1.0000000000000007,8.058017727639034e-05
85569,28.69214486908115,1.0,560,681,1241,0.0,-0.0008333472224535399,1.0000000000000007,0.0
85570,28.691311521858697,1.0,560,681,1241,0.0,-0.0008333472224535399,1.0000000000000007,0.0
85571,28.690478174636244,1.0,560,681,1241,0.0,-0.0008333472224535399,1.0000000000000007,0.0
85572,28.68964482741379,1.0,560,681,1241,0.0,-0.0008333472224535399,1.0000000000000007,0.0
85573,28.688811480191337,1.0,560,681,1241,0.0,-0.0008333472224535399,1.0000000000000007,0.0
85574,28.687978132968883,1.0,560,681,1241,0.0,-0.0008333472224535399,1.0000000000000007,0.0
85575,28.68714478574643,1.0,560,681,1241,0.0,-0.0008333472224535399,1.0000000000000007,0.0
85576,28.686311438523976,1.0,560,681,1241,0.0,-0.0008333472224535399,1.0000000000000007,0.0
85577,28.68547809130152,1.0,560,681,1241,0.0,-0.0008333472224570926,1.0000000000000007,0.0
85578,28.684644744079066,1.0,560,681,1241,0.0,-0.0008333472224535399,1.0000000000000007,0.0
85579,28.683811396856612,1.0,560,681,1241,0.0,-0.0008333472224535399,1.0000000000000007,0.0
85580,28.68297804963416,1.0,560,681,1241,0.0,-0.0008333472224535399,1.0000000000000007,0.0
85581,28.682144702411705,1.0,560,681,1241,0.0,-0.0008333472224535399,1.0000000000000007,0.0
85582,28.68131135518925,1.0,560,681,1241,0.0,-0.0008333472224535399,1.0000000000000007,0.0
85583,28.680478007966798,1.0,560,681,1241,0.0,-0.0008333472224535399,1.0000000000000007,0.0
85584,28.679644660744344,1.0,560,681,1241,0.0,-0.0008333472224535399,1.0000000000000007,0.0
85585,28.67881131352189,1.0,560,681,1241,0.0,-0.0008333472224535399,1.0000000000000007,0.0
85586,28.677977966299437,1.0,560,681,1241,0.0,-0.0008333472224535399,1.0000000000000007,0.0
85587,28.677144619076984,0.9991941982272361,560,681,1241,-0.0008058017727639033,-0.0008333472224535399,0.9999194198227244,-8.058017727639034e-05
85588,28.67631127185453,1.0,560,681,1241,0.0008058017727639033,-0.0008333472224535399,0.9999194198227244,0.0
85589,28.675477924632077,1.0,560,681,1241,0.0,-0.0008333472224535399,0.9999194198227244,0.0
85590,28.674644577409623,1.0,560,681,1241,0.0,-0.0008333472224535399,0.9999194198227244,0.0
85591,28.67381123018717,1.0,560,681,1241,0.0,-0.0008333472224535399,0.9999194198227244,0.0
85592,28.672977882964716,1.0,560,681,1241,0.0,-0.0008333472224535399,0.9999194198227244,0.0
85593,28.672144535742262,1.0,560,681,1241,0.0,-0.0008333472224535399,0.9999194198227244,0.0
85594,28.67131118851981,1.0,560,681,1241,0.0,-0.0008333472224535399,0.9999194198227244,0.0
85595,28.670477841297355,1.0,560,681,1241,0.0,-0.0008333472224535399,0.9999194198227244,0.0
85596,28.669644494074902,1.0,560,681,1241,0.0,-0.0008333472224535399,0.9999194198227244,0.0
85597,28.66881114685245,1.0,560,681,1241,0.0,-0.0008333472224535399,1.0000000000000007,8.058017727639034e-05
85598,28.667977799629995,1.0,560,681,1241,0.0,-0.0008333472224535399,1.0000000000000007,0.0
85599,28.667144452407538,1.0,560,681,1241,0.0,-0.0008333472224570926,1.0000000000000007,0.0
85600,28.666311105185084,1.0,560,681,1241,0.0,-0.0008333472224535399,1.0000000000000007,0.0
85601,28.66547775796263,1.0,560,681,1241,0.0,-0.0008333472224535399,1.0000000000000007,0.0
85602,28.664644410740177,1.0,560,681,1241,0.0,-0.0008333472224535399,1.0000000000000007,0.0
85603,28.663811063517723,1.0,560,681,1241,0.0,-0.0008333472224535399,1.0000000000000007,0.0
85604,28.66297771629527,1.0,560,681,1241,0.0,-0.0008333472224535399,1.0000000000000007,0.0
85605,28.662144369072816,1.0,560,681,1241,0.0,-0.0008333472224535399,1.0000000000000007,0.0
85606,28.661311021850363,1.0,560,681,1241,0.0,-0.0008333472224535399,1.0000000000000007,0.0
85607,28.66047767462791,1.0,560,681,1241,0.0,-0.0008333472224535399,1.0000000000000007,0.0
85608,28.659644327405456,1.0,560,681,1241,0.0,-0.0008333472224535399,1.0000000000000007,0.0
85609,28.658810980183002,1.0,560,681,1241,0.0,-0.0008333472224535399,1.0000000000000007,0.0
85610,28.65797763296055,1.0,560,681,1241,0.0,-0.0008333472224535399,1.0000000000000007,0.0
85611,28.657144285738095,1.0,560,681,1241,0.0,-0.0008333472224535399,1.0000000000000007,0.0
85612,28.65631093851564,1.0,560,681,1241,0.0,-0.0008333472224535399,1.0000000000000007,0.0
85613,28.655477591293188,0.9991941982272361,560,681,1241,-0.0008058017727639033,-0.0008333472224535399,0.9999194198227244,-8.058017727639034e-05
85614,28.654644244070735,0.9991941982272361,560,681,1241,0.0,-0.0008333472224535399,0.9998388396454481,-8.058017727639034e-05
85615,28.65381089684828,1.0,560,681,1241,0.0008058017727639033,-0.0008333472224535399,0.9998388396454481,0.0
85616,28.652977549625827,1.0,560,681,1241,0.0,-0.0008333472224535399,0.9998388396454481,0.0
85617,28.652144202403374,1.0,560,681,1241,0.0,-0.0008333472224535399,0.9998388396454481,0.0
85618,28.65131085518092,0.9991941982272361,560,681,1241,-0.0008058017727639033,-0.0008333472224535399,0.9997582594681717,-8.058017727639034e-05
85619,28.650477507958467,0.9991941982272361,560,681,1241,0.0,-0.0008333472224535399,0.9996776792908953,-8.058017727639034e-05
85620,28.64964416073601,0.9991941982272361,560,681,1241,0.0,-0.0008333472224570926,0.9995970991136189,-8.058017727639034e-05
85621,28.648810813513556,0.9991941982272361,560,681,1241,0.0,-0.0008333472224535399,0.9995165189363426,-8.058017727639034e-05
85622,28.647977466291103,0.9991941982272361,560,681,1241,0.0,-0.0008333472224535399,0.9994359387590663,-8.058017727639034e-05
85623,28.64714411906865,0.9991941982272361,560,681,1241,0.0,-0.0008333472224535399,0.9994359387590663,0.0
85624,28.646310771846196,0.9991941982272361,560,681,1241,0.0,-0.0008333472224535399,0.9994359387590663,0.0
85625,28.645477424623742,0.9991941982272361,560,681,1241,0.0,-0.0008333472224535399,0.9993553585817899,-8.058017727639034e-05
85626,28.64464407740129,0.9991941982272361,560,681,1241,0.0,-0.0008333472224535399,0.9992747784045136,-8.058017727639034e-05
85627,28.643810730178835,0.9991941982272361,560,681,1241,0.0,-0.0008333472224535399,0.9991941982272372,-8.058017727639034e-05
85628,28.64297738295638,1.0,560,681,1241,0.0008058017727639033,-0.0008333472224535399,0.9992747784045136,8.058017727639034e-05
85629,28.642144035733928,1.0,560,681,1241,0.0,-0.0008333472224535399,0.9993553585817899,8.058017727639034e-05
85630,28.641310688511474,1.0,560,681,1241,0.0,-0.0008333472224535399,0.9994359387590663,8.058017727639034e-05
85631,28.64047734128902,1.0,560,681,1241,0.0,-0.0008333472224535399,0.9995165189363426,8.058017727639034e-05
85632,28.639643994066567,0.9991941982272361,560,681,1241,-0.0008058017727639033,-0.0008333472224535399,0.9995165189363426,0.0
85633,28.638810646844114,1.0,560,681,1241,0.0008058017727639033,-0.0008333472224535399,0.9995970991136189,8.058017727639034e-05
85634,28.63797729962166,1.0,560,681,1241,0.0,-0.0008333472224535399,0.9996776792908953,8.058017727639034e-05
85635,28.637143952399207,1.0,560,681,1241,0.0,-0.0008333472224535399,0.9997582594681717,8.058017727639034e-05
85636,28.636310605176753,1.0,560,681,1241,0.0,-0.0008333472224535399,0.9998388396454481,8.058017727639034e-05
85637,28.6354772579543,1.0,560,681,1241,0.0,-0.0008333472224535399,0.9999194198227244,8.058017727639034e-05
85638,28.634643910731846,1.0,560,681,1241,0.0,-0.0008333472224535399,0.9999194198227244,0.0
85639,28.633810563509392,1.0,560,681,1241,0.0,-0.0008333472224535399,0.9999194198227244,0.0
85640,28.63297721628694,1.0,560,681,1241,0.0,-0.0008333472224535399,0.9999194198227244,0.0
85641,28.632143869064482,1.0,560,681,1241,0.0,-0.0008333472224570926,0.9999194198227244,0.0
85642,28.63131052184203,1.0,560,681,1241,0.0,-0.0008333472224535399,1.0000000000000007,8.058017727639034e-05
85643,28.630477174619575,0.9991941982272361,560,681,1241,-0.0008058017727639033,-0.0008333472224535399,0.9999194198227244,-8.058017727639034e-05
85644,28.62964382739712,1.0,560,681,1241,0.0008058017727639033,-0.0008333472224535399,0.9999194198227244,0.0
85645,28.628810480174668,1.0,560,681,1241,0.0,-0.0008333472224535399,0.9999194198227244,0.0
85646,28.627977132952214,1.0,560,681,1241,0.0,-0.0008333472224535399,0.9999194198227244,0.0
85647,28.62714378572976,1.0,560,681,1241,0.0,-0.0008333472224535399,0.9999194198227244,0.0
85648,28.626310438507307,0.9991941982272361,560,681,1241,-0.0008058017727639033,-0.0008333472224535399,0.9998388396454481,-8.058017727639034e-05
85649,28.625477091284854,0.9991941982272361,560,681,1241,0.0,-0.0008333472224535399,0.9997582594681717,-8.058017727639034e-05
85650,28.6246437440624,0.9991941982272361,560,681,1241,0.0,-0.0008333472224535399,0.9996776792908953,-8.058017727639034e-05
85651,28.623810396839946,1.0,560,681,1241,0.0008058017727639033,-0.0008333472224535399,0.9996776792908953,0.0
85652,28.622977049617493,1.0,560,681,1241,0.0,-0.0008333472224535399,0.9996776792908953,0.0
85653,28.62214370239504,1.0,560,681,1241,0.0,-0.0008333472224535399,0.9997582594681717,8.058017727639034e-05
85654,28.621310355172586,1.0,560,681,1241,0.0,-0.0008333472224535399,0.9997582594681717,0.0
85655,28.620477007950132,0.9991941982272361,560,681,1241,-0.0008058017727639033,-0.0008333472224535399,0.9996776792908953,-8.058017727639034e-05
85656,28.61964366072768,0.9991941982272361,560,681,1241,0.0,-0.0008333472224535399,0.9995970991136189,-8.058017727639034e-05
85657,28.618810313505225,1.0,560,681,1241,0.0008058017727639033,-0.0008333472224535399,0.9995970991136189,0.0
85658,28.61797696628277,1.0,560,681,1241,0.0,-0.0008333472224535399,0.9996776792908953,8.058017727639034e-05
85659,28.617143619060318,1.0,560,681,1241,0.0,-0.0008333472224535399,0.9997582594681717,8.058017727639034e-05
85660,28.616310271837865,1.0,560,681,1241,0.0,-0.0008333472224535399,0.9998388396454481,8.058017727639034e-05
85661,28.61547692461541,1.0,560,681,1241,0.0,-0.0008333472224535399,0.9998388396454481,0.0
85662,28.614643577392954,1.0,560,681,1241,0.0,-0.0008333472224570926,0.9998388396454481,0.0
85663,28.6138102301705,1.0,560,681,1241,0.0,-0.0008333472224535399,0.9998388396454481,0.0
85664,28.612976882948047,1.0,560,681,1241,0.0,-0.0008333472224535399,0.9998388396454481,0.0
85665,28.612143535725593,1.0,560,681,1241,0.0,-0.0008333472224535399,0.9999194198227244,8.058017727639034e-05
85666,28.61131018850314,1.0,560,681,1241,0.0,-0.0008333472224535399,1.0000000000000007,8.058017727639034e-05
85667,28.610476841280686,1.0,560,681,1241,0.0,-0.0008333472224535399,1.0000000000000007,0.0
85668,28.609643494058233,1.0,560,681,1241,0.0,-0.0008333472224535399,1.0000000000000007,0.0
85669,28.60881014683578,1.0,560,681,1241,0.0,-0.0008333472224535399,1.0000000000000007,0.0
85670,28.607976799613326,1.0,560,681,1241,0.0,-0.0008333472224535399,1.0000000000000007,0.0
85671,28.607143452390872,1.0,560,681,1241,0.0,-0.0008333472224535399,1.0000000000000007,0.0
85672,28.60631010516842,1.0,560,681,1241,0.0,-0.0008333472224535399,1.0000000000000007,0.0
85673,28.605476757945965,1.0,560,681,1241,0.0,-0.0008333472224535399,1.0000000000000007,0.0
85674,28.60464341072351,1.0,560,681,1241,0.0,-0.0008333472224535399,1.0000000000000007,0.0
85675,28.603810063501058,1.0,560,681,1241,0.0,-0.0008333472224535399,1.0000000000000007,0.0
85676,28.602976716278604,1.0,560,681,1241,0.0,-0.0008333472224535399,1.0000000000000007,0.0
85677,28.60214336905615,1.0,560,681,1241,0.0,-0.0008333472224535399,1.0000000000000007,0.0
85678,28.601310021833697,1.0,560,681,1241,0.0,-0.0008333472224535399,1.0000000000000007,0.0
85679,28.600476674611244,0.9991941982272361,560,681,1241,-0.0008058017727639033,-0.0008333472224535399,0.9999194198227244,-8.058017727639034e-05
85680,28.59964332738879,0.9991941982272361,560,681,1241,0.0,-0.0008333472224535399,0.9998388396454481,-8.058017727639034e-05
85681,28.598809980166337,0.9983883964544722,560,681,1241,-0.0008058017727639033,-0.0008333472224535399,0.9996776792908953,-0.00016116035455278067
85682,28.597976632943883,0.9983883964544722,560,681,1241,0.0,-0.0008333472224535399,0.9995165189363426,-0.00016116035455278067
85683,28.597143285721426,0.9991941982272361,560,681,1241,0.0008058017727639033,-0.0008333472224570926,0.9994359387590663,-8.058017727639034e-05
85684,28.596309938498973,0.9991941982272361,560,681,1241,0.0,-0.0008333472224535399,0.9993553585817899,-8.058017727639034e-05
85685,28.59547659127652,0.9991941982272361,560,681,1241,0.0,-0.0008333472224535399,0.9992747784045136,-8.058017727639034e-05
85686,28.594643244054065,0.9991941982272361,560,681,1241,0.0,-0.0008333472224535399,0.9991941982272372,-8.058017727639034e-05
85687,28.593809896831612,0.9991941982272361,560,681,1241,0.0,-0.0008333472224535399,0.9991136180499609,-8.058017727639034e-05
85688,28.59297654960916,0.9983883964544722,560,681,1241,-0.0008058017727639033,-0.0008333472224535399,0.9989524576954082,-0.00016116035455278067
85689,28.592143202386705,1.0,560,681,1241,0.0016116035455278066,-0.0008333472224535399,0.9990330378726846,8.058017727639034e-05
85690,28.59130985516425,1.0,560,681,1241,0.0,-0.0008333472224535399,0.9991136180499609,8.058017727639034e-05
85691,28.590476507941798,1.0,560,681,1241,0.0,-0.0008333472224535399,0.9992747784045136,0.00016116035455278067
85692,28.589643160719344,1.0,560,681,1241,0.0,-0.0008333472224535399,0.9994359387590663,0.00016116035455278067
85693,28.58880981349689,1.0,560,681,1241,0.0,-0.0008333472224535399,0.9995165189363426,8.058017727639034e-05
85694,28.587976466274437,1.0,560,681,1241,0.0,-0.0008333472224535399,0.9995970991136189,8.058017727639034e-05
85695,28.587143119051984,0.9991941982272361,560,681,1241,-0.0008058017727639033,-0.0008333472224535399,0.9995970991136189,0.0
85696,28.58630977182953,0.9991941982272361,560,681,1241,0.0,-0.0008333472224535399,0.9995970991136189,0.0
85697,28.585476424607076,0.9991941982272361,560,681,1241,0.0,-0.0008333472224535399,0.9995970991136189,0.0
85698,28.584643077384623,0.9991941982272361,560,681,1241,0.0,-0.0008333472224535399,0.9996776792908953,8.058017727639034e-05
85699,28.58380973016217,0.9991941982272361,560,681,1241,0.0,-0.0008333472224535399,0.9995970991136189,-8.058017727639034e-05
85700,28.582976382939716,0.9991941982272361,560,681,1241,0.0,-0.0008333472224535399,0.9995165189363426,-8.058017727639034e-05
85701,28.582143035717262,0.9991941982272361,560,681,1241,0.0,-0.0008333472224535399,0.9994359387590663,-8.058017727639034e-05
85702,28.58130968849481,0.9991941982272361,560,681,1241,0.0,-0.0008333472224535399,0.9993553585817899,-8.058017727639034e-05
85703,28.580476341272355,0.9983883964544722,560,681,1241,-0.0008058017727639033,-0.0008333472224535399,0.9991941982272372,-0.00016116035455278067
85704,28.579642994049898,0.9975825946817083,560,681,1241,-0.0008058017727639033,-0.0008333472224570926,0.9989524576954081,-0.00024174053182917098
85705,28.578809646827445,0.9975825946817083,560,681,1241,0.0,-0.0008333472224535399,0.9987912973408551,-0.00016116035455278067
85706,28.57797629960499,0.9983883964544722,560,681,1241,0.0008058017727639033,-0.0008333472224535399,0.9987107171635788,-8.058017727639034e-05
85707,28.577142952382538,0.9983883964544722,560,681,1241,0.0,-0.0008333472224535399,0.9986301369863024,-8.058017727639034e-05
85708,28.576309605160084,0.9983883964544722,560,681,1241,0.0,-0.0008333472224535399,0.9985495568090261,-8.058017727639034e-05
85709,28.57547625793763,0.9991941982272361,560,681,1241,0.0008058017727639033,-0.0008333472224535399,0.9985495568090261,0.0
85710,28.574642910715177,0.9991941982272361,560,681,1241,0.0,-0.0008333472224535399,0.9985495568090261,0.0
85711,28.573809563492723,1.0,560,681,1241,0.0008058017727639033,-0.0008333472224535399,0.9986301369863024,8.058017727639034e-05
85712,28.57297621627027,1.0,560,681,1241,0.0,-0.0008333472224535399,0.9987107171635788,8.058017727639034e-05
85713,28.572142869047816,1.0,560,681,1241,0.0,-0.0008333472224535399,0.9988718775181316,0.00016116035455278067
85714,28.571309521825363,1.0,560,681,1241,0.0,-0.0008333472224535399,0.9991136180499607,0.00024174053182917098
85715,28.57047617460291,1.0,560,681,1241,0.0,-0.0008333472224535399,0.9993553585817899,0.00024174053182917098
85716,28.569642827380456,1.0,560,681,1241,0.0,-0.0008333472224535399,0.9995165189363426,0.00016116035455278067
85717,28.568809480158002,1.0,560,681,1241,0.0,-0.0008333472224535399,0.9996776792908953,0.00016116035455278067
85718,28.56797613293555,1.0,560,681,1241,0.0,-0.0008333472224535399,0.9998388396454481,0.00016116035455278067
85719,28.567142785713095,1.0,560,681,1241,0.0,-0.0008333472224535399,0.9999194198227244,8.058017727639034e-05
85720,28.56630943849064,1.0,560,681,1241,0.0,-0.0008333472224535399,1.0000000000000007,8.058017727639034e-05
85721,28.565476091268188,1.0,560,681,1241,0.0,-0.0008333472224535399,1.0000000000000007,0.0
85722,28.564642744045734,1.0,560,681,1241,0.0,-0.0008333472224535399,1.0000000000000007,0.0
85723,28.56380939682328,0.9991941982272361,560,681,1241,-0.0008058017727639033,-0.0008333472224535399,0.9999194198227244,-8.058017727639034e-05
85724,28.562976049600827,0.9991941982272361,560,681,1241,0.0,-0.0008333472224535399,0.9998388396454481,-8.058017727639034e-05
85725,28.562142702378374,0.9991941982272361,560,681,1241,0.0,-0.0008333472224535399,0.9997582594681717,-8.058017727639034e-05
85726,28.561309355155917,0.9991941982272361,560,681,1241,0.0,-0.0008333472224570926,0.9996776792908953,-8.058017727639034e-05
85727,28.560476007933463,0.9991941982272361,560,681,1241,0.0,-0.0008333472224535399,0.9995970991136189,-8.058017727639034e-05
85728,28.55964266071101,1.0,560,681,1241,0.0008058017727639033,-0.0008333472224535399,0.9995970991136189,0.0
85729,28.558809313488556,1.0,560,681,1241,0.0,-0.0008333472224535399,0.9995970991136189,0.0
85730,28.557975966266103,1.0,560,681,1241,0.0,-0.0008333472224535399,0.9995970991136189,0.0
85731,28.55714261904365,1.0,560,681,1241,0.0,-0.0008333472224535399,0.9995970991136189,0.0
85732,28.556309271821195,1.0,560,681,1241,0.0,-0.0008333472224535399,0.9995970991136189,0.0
85733,28.555475924598742,1.0,560,681,1241,0.0,-0.0008333472224535399,0.9996776792908953,8.058017727639034e-05
85734,28.55464257737629,0.9983883964544722,560,681,1241,-0.0016116035455278066,-0.0008333472224535399,0.9995970991136189,-8.058017727639034e-05
85735,28.553809230153835,0.9975825946817083,560,681,1241,-0.0008058017727639033,-0.0008333472224535399,0.9994359387590661,-0.00016116035455278067
85736,28.55297588293138,0.9975825946817083,560,681,1241,0.0,-0.0008333472224535399,0.9992747784045133,-0.00016116035455278067
85737,28.552142535708928,0.9975825946817083,560,681,1241,0.0,-0.0008333472224535399,0.9991136180499604,-0.00016116035455278067
85738,28.551309188486474,0.9975825946817083,560,681,1241,0.0,-0.0008333472224535399,0.9988718775181311,-0.00024174053182917098
85739,28.55047584126402,0.9975825946817083,560,681,1241,0.0,-0.0008333472224535399,0.998630136986302,-0.00024174053182917098
85740,28.549642494041567,0.9975825946817083,560,681,1241,0.0,-0.0008333472224535399,0.9983883964544727,-0.00024174053182917098
85741,28.548809146819114,0.9975825946817083,560,681,1241,0.0,-0.0008333472224535399,0.9981466559226435,-0.00024174053182917098
85742,28.54797579959666,0.9975825946817083,560,681,1241,0.0,-0.0008333472224535399,0.9979049153908143,-0.00024174053182917098
85743,28.547142452374207,0.9983883964544722,560,681,1241,0.0008058017727639033,-0.0008333472224535399,0.9977437550362616,-0.00016116035455278067
85744,28.546309105151753,0.9983883964544722,560,681,1241,0.0,-0.0008333472224535399,0.9977437550362616,0.0
85745,28.5454757579293,0.9983883964544722,560,681,1241,0.0,-0.0008333472224535399,0.9978243352135381,8.058017727639034e-05
85746,28.544642410706846,0.9991941982272361,560,681,1241,0.0008058017727639033,-0.0008333472224535399,0.997985495568091,0.00016116035455278067
85747,28.54380906348439,0.9983883964544722,560,681,1241,-0.0008058017727639033,-0.0008333472224570926,0.9980660757453675,8.058017727639034e-05
85748,28.542975716261935,0.9983883964544722,560,681,1241,0.0,-0.0008333472224535399,0.9981466559226438,8.058017727639034e-05
85749,28.54214236903948,0.9983883964544722,560,681,1241,0.0,-0.0008333472224535399,0.9982272360999203,8.058017727639034e-05
85750,28.54130902181703,0.9983883964544722,560,681,1241,0.0,-0.0008333472224535399,0.9983078162771966,8.058017727639034e-05
85751,28.540475674594575,0.9983883964544722,560,681,1241,0.0,-0.0008333472224535399,0.9983883964544729,8.058017727639034e-05
85752,28.53964232737212,0.9975825946817083,560,681,1241,-0.0008058017727639033,-0.0008333472224535399,0.9983883964544729,0.0
85753,28.538808980149668,0.9975825946817083,560,681,1241,0.0,-0.0008333472224535399,0.9983078162771963,-8.058017727639034e-05
85754,28.537975632927214,0.9983883964544722,560,681,1241,0.0008058017727639033,-0.0008333472224535399,0.9983078162771963,0.0
85755,28.53714228570476,0.9983883964544722,560,681,1241,0.0,-0.0008333472224535399,0.9983078162771963,0.0
85756,28.536308938482307,0.9983883964544722,560,681,1241,0.0,-0.0008333472224535399,0.99822723609992,-8.058017727639034e-05
85757,28.535475591259853,0.9991941982272361,560,681,1241,0.0008058017727639033,-0.0008333472224535399,0.9983078162771963,8.058017727639034e-05
85758,28.5346422440374,0.9991941982272361,560,681,1241,0.0,-0.0008333472224535399,0.9983883964544727,8.058017727639034e-05
85759,28.533808896814946,0.9991941982272361,560,681,1241,0.0,-0.0008333472224535399,0.998468976631749,8.058017727639034e-05
85760,28.532975549592493,1.0,560,681,1241,0.0008058017727639033,-0.0008333472224535399,0.9986301369863018,0.00016116035455278067
85761,28.53214220237004,1.0,560,681,1241,0.0,-0.0008333472224535399,0.9987912973408545,0.00016116035455278067
85762,28.531308855147586,1.0,560,681,1241,0.0,-0.0008333472224535399,0.9990330378726837,0.00024174053182917098
85763,28.530475507925132,1.0,560,681,1241,0.0,-0.0008333472224535399,0.9992747784045128,0.00024174053182917098
85764,28.52964216070268,1.0,560,681,1241,0.0,-0.0008333472224535399,0.9994359387590656,0.00016116035455278067
85765,28.528808813480225,1.0,560,681,1241,0.0,-0.0008333472224535399,0.9995970991136183,0.00016116035455278067
85766,28.52797546625777,1.0,560,681,1241,0.0,-0.0008333472224535399,0.999758259468171,0.00016116035455278067
85767,28.527142119035318,1.0,560,681,1241,0.0,-0.0008333472224535399,0.9998388396454473,8.058017727639034e-05
85768,28.52630877181286,1.0,560,681,1241,0.0,-0.0008333472224570926,0.9999194198227237,8.058017727639034e-05
85769,28.525475424590407,1.0,560,681,1241,0.0,-0.0008333472224535399,1.0,8.058017727639034e-05
85770,28.524642077367954,1.0,560,681,1241,0.0,-0.0008333472224535399,1.0,0.0
85771,28.5238087301455,1.0,560,681,1241,0.0,-0.0008333472224535399,1.0,0.0
85772,28.522975382923047,1.0,560,681,1241,0.0,-0.0008333472224535399,1.0,0.0
85773,28.522142035700593,1.0,560,681,1241,0.0,-0.0008333472224535399,1.0,0.0
85774,28.52130868847814,1.0,560,681,1241,0.0,-0.0008333472224535399,1.0,0.0
85775,28.520475341255686,1.0,560,681,1241,0.0,-0.0008333472224535399,1.0,0.0
85776,28.519641994033233,0.9991941982272361,560,681,1241,-0.0008058017727639033,-0.0008333472224535399,0.9999194198227237,-8.058017727639034e-05
85777,28.51880864681078,0.9991941982272361,560,681,1241,0.0,-0.0008333472224535399,0.9998388396454473,-8.058017727639034e-05
85778,28.517975299588326,0.9991941982272361,560,681,1241,0.0,-0.0008333472224535399,0.999758259468171,-8.058017727639034e-05
85779,28.517141952365872,0.9991941982272361,560,681,1241,0.0,-0.0008333472224535399,0.9996776792908946,-8.058017727639034e-05
85780,28.51630860514342,0.9991941982272361,560,681,1241,0.0,-0.0008333472224535399,0.9995970991136183,-8.058017727639034e-05
85781,28.515475257920965,0.9991941982272361,560,681,1241,0.0,-0.0008333472224535399,0.999516518936342,-8.058017727639034e-05
85782,28.51464191069851,0.9991941982272361,560,681,1241,0.0,-0.0008333472224535399,0.9994359387590656,-8.058017727639034e-05
85783,28.513808563476058,0.9983883964544722,560,681,1241,-0.0008058017727639033,-0.0008333472224535399,0.9992747784045128,-0.00016116035455278067
85784,28.512975216253604,0.9983883964544722,560,681,1241,0.0,-0.0008333472224535399,0.9991136180499602,-0.00016116035455278067
85785,28.51214186903115,0.9991941982272361,560,681,1241,0.0008058017727639033,-0.0008333472224535399,0.9990330378726838,-8.058017727639034e-05
85786,28.511308521808697,0.9991941982272361,560,681,1241,0.0,-0.0008333472224535399,0.9990330378726838,0.0
85787,28.510475174586244,1.0,560,681,1241,0.0008058017727639033,-0.0008333472224535399,0.9991136180499602,8.058017727639034e-05
85788,28.50964182736379,1.0,560,681,1241,0.0,-0.0008333472224535399,0.9991941982272365,8.058017727639034e-05
85789,28.508808480141333,0.9983883964544722,560,681,1241,-0.0016116035455278066,-0.0008333472224570926,0.9991136180499602,-8.058017727639034e-05
85790,28.50797513291888,0.9983883964544722,560,681,1241,0.0,-0.0008333472224535399,0.9990330378726838,-8.058017727639034e-05
85791,28.507141785696426,0.9983883964544722,560,681,1241,0.0,-0.0008333472224535399,0.9989524576954075,-8.058017727639034e-05
85792,28.506308438473972,0.9983883964544722,560,681,1241,0.0,-0.0008333472224535399,0.9988718775181311,-8.058017727639034e-05
85793,28.50547509125152,0.9983883964544722,560,681,1241,0.0,-0.0008333472224535399,0.9988718775181311,0.0
85794,28.504641744029065,0.9991941982272361,560,681,1241,0.0008058017727639033,-0.0008333472224535399,0.9989524576954075,8.058017727639034e-05
85795,28.503808396806612,0.9991941982272361,560,681,1241,0.0,-0.0008333472224535399,0.9989524576954075,0.0
85796,28.50297504958416,0.9983883964544722,560,681,1241,-0.0008058017727639033,-0.0008333472224535399,0.9988718775181311,-8.058017727639034e-05
85797,28.502141702361705,0.9991941982272361,560,681,1241,0.0008058017727639033,-0.0008333472224535399,0.9987912973408548,-8.058017727639034e-05
85798,28.50130835513925,0.9991941982272361,560,681,1241,0.0,-0.0008333472224535399,0.9987107171635785,-8.058017727639034e-05
85799,28.500475007916798,0.9991941982272361,560,681,1241,0.0,-0.0008333472224535399,0.9987912973408548,8.058017727639034e-05
85800,28.499641660694344,0.9991941982272361,560,681,1241,0.0,-0.0008333472224535399,0.9988718775181311,8.058017727639034e-05
85801,28.49880831347189,0.9991941982272361,560,681,1241,0.0,-0.0008333472224535399,0.9989524576954075,8.058017727639034e-05
85802,28.497974966249437,0.9991941982272361,560,681,1241,0.0,-0.0008333472224535399,0.9990330378726838,8.058017727639034e-05
85803,28.497141619026984,0.9991941982272361,560,681,1241,0.0,-0.0008333472224535399,0.9991136180499602,8.058017727639034e-05
85804,28.49630827180453,0.9991941982272361,560,681,1241,0.0,-0.0008333472224535399,0.9991136180499602,0.0
85805,28.495474924582076,0.9991941982272361,560,681,1241,0.0,-0.0008333472224535399,0.9991136180499602,0.0
85806,28.494641577359623,0.9991941982272361,560,681,1241,0.0,-0.0008333472224535399,0.9991941982272365,8.058017727639034e-05
85807,28.49380823013717,0.9991941982272361,560,681,1241,0.0,-0.0008333472224535399,0.9991941982272365,0.0
85808,28.492974882914716,0.9991941982272361,560,681,1241,0.0,-0.0008333472224535399,0.9991941982272365,0.0
85809,28.492141535692262,0.9991941982272361,560,681,1241,0.0,-0.0008333472224535399,0.9991941982272365,0.0
85810,28.491308188469805,0.9991941982272361,560,681,1241,0.0,-0.0008333472224570926,0.9991941982272365,0.0
85811,28.49047484124735,1.0,560,681,1241,0.0008058017727639033,-0.0008333472224535399,0.9992747784045128,8.058017727639034e-05
85812,28.489641494024898,1.0,560,681,1241,0.0,-0.0008333472224535399,0.9993553585817893,8.058017727639034e-05
85813,28.488808146802445,0.9991941982272361,560,681,1241,-0.0008058017727639033,-0.0008333472224535399,0.9993553585817893,0.0
85814,28.48797479957999,0.9991941982272361,560,681,1241,0.0,-0.0008333472224535399,0.9993553585817893,0.0
85815,28.487141452357537,0.9983883964544722,560,681,1241,-0.0008058017727639033,-0.0008333472224535399,0.9992747784045128,-8.058017727639034e-05
85816,28.486308105135084,0.9983883964544722,560,681,1241,0.0,-0.0008333472224535399,0.9991941982272365,-8.058017727639034e-05
85817,28.48547475791263,0.9983883964544722,560,681,1241,0.0,-0.0008333472224535399,0.9991136180499602,-8.058017727639034e-05
85818,28.484641410690177,0.9983883964544722,560,681,1241,0.0,-0.0008333472224535399,0.9990330378726838,-8.058017727639034e-05
85819,28.483808063467723,0.9983883964544722,560,681,1241,0.0,-0.0008333472224535399,0.9989524576954075,-8.058017727639034e-05
85820,28.48297471624527,0.9983883964544722,560,681,1241,0.0,-0.0008333472224535399,0.9988718775181311,-8.058017727639034e-05
85821,28.482141369022816,0.9991941982272361,560,681,1241,0.0008058017727639033,-0.0008333472224535399,0.9987912973408548,-8.058017727639034e-05
85822,28.481308021800363,0.9975825946817083,560,681,1241,-0.0016116035455278066,-0.0008333472224535399,0.9985495568090256,-0.00024174053182917098
85823,28.48047467457791,0.9983883964544722,560,681,1241,0.0008058017727639033,-0.0008333472224535399,0.998468976631749,-8.058017727639034e-05
85824,28.479641327355456,0.9991941982272361,560,681,1241,0.0008058017727639033,-0.0008333472224535399,0.998468976631749,0.0
85825,28.478807980133002,1.0,560,681,1241,0.0008058017727639033,-0.0008333472224535399,0.9986301369863018,0.00016116035455278067
85826,28.47797463291055,1.0,560,681,1241,0.0,-0.0008333472224535399,0.9987912973408545,0.00016116035455278067
85827,28.477141285688095,1.0,560,681,1241,0.0,-0.0008333472224535399,0.9989524576954072,0.00016116035455278067
85828,28.47630793846564,0.9991941982272361,560,681,1241,-0.0008058017727639033,-0.0008333472224535399,0.9990330378726835,8.058017727639034e-05
85829,28.475474591243188,0.9991941982272361,560,681,1241,0.0,-0.0008333472224535399,0.9991136180499598,8.058017727639034e-05
85830,28.474641244020734,0.9991941982272361,560,681,1241,0.0,-0.0008333472224535399,0.9991941982272362,8.058017727639034e-05
85831,28.47380789679828,0.9991941982272361,560,681,1241,0.0,-0.0008333472224535399,0.9991941982272362,0.0
85832,28.472974549575824,0.9991941982272361,560,681,1241,0.0,-0.0008333472224570926,0.999355358581789,0.00016116035455278067
85833,28.47214120235337,0.9991941982272361,560,681,1241,0.0,-0.0008333472224535399,0.9994359387590656,8.058017727639034e-05
85834,28.471307855130917,0.9991941982272361,560,681,1241,0.0,-0.0008333472224535399,0.9994359387590656,0.0
85835,28.470474507908463,0.9991941982272361,560,681,1241,0.0,-0.0008333472224535399,0.9993553585817893,-8.058017727639034e-05
85836,28.46964116068601,0.9991941982272361,560,681,1241,0.0,-0.0008333472224535399,0.9992747784045128,-8.058017727639034e-05
85837,28.468807813463556,1.0,560,681,1241,0.0008058017727639033,-0.0008333472224535399,0.9992747784045128,0.0
85838,28.467974466241103,1.0,560,681,1241,0.0,-0.0008333472224535399,0.9993553585817893,8.058017727639034e-05
85839,28.46714111901865,1.0,560,681,1241,0.0,-0.0008333472224535399,0.9994359387590656,8.058017727639034e-05
85840,28.466307771796195,1.0,560,681,1241,0.0,-0.0008333472224535399,0.999516518936342,8.058017727639034e-05
85841,28.465474424573742,1.0,560,681,1241,0.0,-0.0008333472224535399,0.9995970991136183,8.058017727639034e-05
85842,28.46464107735129,1.0,560,681,1241,0.0,-0.0008333472224535399,0.9996776792908946,8.058017727639034e-05
85843,28.463807730128835,1.0,560,681,1241,0.0,-0.0008333472224535399,0.999758259468171,8.058017727639034e-05
85844,28.46297438290638,1.0,560,681,1241,0.0,-0.0008333472224535399,0.9998388396454473,8.058017727639034e-05
85845,28.462141035683928,1.0,560,681,1241,0.0,-0.0008333472224535399,0.9999194198227237,8.058017727639034e-05
85846,28.461307688461474,1.0,560,681,1241,0.0,-0.0008333472224535399,1.0,8.058017727639034e-05
85847,28.46047434123902,1.0,560,681,1241,0.0,-0.0008333472224535399,1.0,0.0
85848,28.459640994016567,1.0,560,681,1241,0.0,-0.0008333472224535399,1.0,0.0
85849,28.458807646794114,0.9991941982272361,560,681,1241,-0.0008058017727639033,-0.0008333472224535399,0.9999194198227237,-8.058017727639034e-05
85850,28.45797429957166,0.9991941982272361,560,681,1241,0.0,-0.0008333472224535399,0.9998388396454473,-8.058017727639034e-05
85851,28.457140952349206,1.0,560,681,1241,0.0008058017727639033,-0.0008333472224535399,0.9998388396454473,0.0
85852,28.456307605126753,1.0,560,681,1241,0.0,-0.0008333472224535399,0.9998388396454473,0.0
85853,28.455474257904296,1.0,560,681,1241,0.0,-0.0008333472224570926,0.9998388396454473,0.0
85854,28.454640910681842,1.0,560,681,1241,0.0,-0.0008333472224535399,0.9998388396454473,0.0
85855,28.45380756345939,1.0,560,681,1241,0.0,-0.0008333472224535399,0.9998388396454473,0.0
85856,28.452974216236935,0.9991941982272361,560,681,1241,-0.0008058017727639033,-0.0008333472224535399,0.999758259468171,-8.058017727639034e-05
85857,28.45214086901448,0.9991941982272361,560,681,1241,0.0,-0.0008333472224535399,0.9996776792908946,-8.058017727639034e-05
85858,28.451307521792028,0.9991941982272361,560,681,1241,0.0,-0.0008333472224535399,0.9995970991136183,-8.058017727639034e-05
85859,28.450474174569575,0.9983883964544722,560,681,1241,-0.0008058017727639033,-0.0008333472224535399,0.999516518936342,-8.058017727639034e-05
85860,28.44964082734712,0.9983883964544722,560,681,1241,0.0,-0.0008333472224535399,0.9994359387590656,-8.058017727639034e-05
85861,28.448807480124668,0.9975825946817083,560,681,1241,-0.0008058017727639033,-0.0008333472224535399,0.9991941982272363,-0.00024174053182917098
85862,28.447974132902214,0.9967767929089444,560,681,1241,-0.0008058017727639033,-0.0008333472224535399,0.9988718775181308,-0.00032232070910556134
85863,28.44714078567976,0.9967767929089444,560,681,1241,0.0,-0.0008333472224535399,0.9985495568090252,-0.00032232070910556134
85864,28.446307438457307,0.9983883964544722,560,681,1241,0.0016116035455278066,-0.0008333472224535399,0.9983883964544724,-0.00016116035455278067
85865,28.445474091234853,0.9983883964544722,560,681,1241,0.0,-0.0008333472224535399,0.9982272360999197,-0.00016116035455278067
85866,28.4446407440124,0.9983883964544722,560,681,1241,0.0,-0.0008333472224535399,0.9981466559226433,-8.058017727639034e-05
85867,28.443807396789946,0.9983883964544722,560,681,1241,0.0,-0.0008333472224535399,0.998066075745367,-8.058017727639034e-05
85868,28.442974049567493,0.9991941982272361,560,681,1241,0.0008058017727639033,-0.0008333472224535399,0.998066075745367,0.0
85869,28.44214070234504,0.9991941982272361,560,681,1241,0.0,-0.0008333472224535399,0.9981466559226433,8.058017727639034e-05
85870,28.441307355122586,0.9991941982272361,560,681,1241,0.0,-0.0008333472224535399,0.9982272360999197,8.058017727639034e-05
85871,28.440474007900132,0.9983883964544722,560,681,1241,-0.0008058017727639033,-0.0008333472224535399,0.9983078162771962,8.058017727639034e-05
85872,28.43964066067768,0.9975825946817083,560,681,1241,-0.0008058017727639033,-0.0008333472224535399,0.9983883964544725,8.058017727639034e-05
85873,28.438807313455225,0.9983883964544722,560,681,1241,0.0008058017727639033,-0.0008333472224535399,0.9985495568090252,0.00016116035455278067
85874,28.437973966232768,0.9991941982272361,560,681,1241,0.0008058017727639033,-0.0008333472224570926,0.9986301369863018,8.058017727639034e-05
85875,28.437140619010314,0.9991941982272361,560,681,1241,0.0,-0.0008333472224535399,0.9987107171635781,8.058017727639034e-05
85876,28.43630727178786,0.9991941982272361,560,681,1241,0.0,-0.0008333472224535399,0.9987912973408545,8.058017727639034e-05
85877,28.435473924565407,0.9991941982272361,560,681,1241,0.0,-0.0008333472224535399,0.9988718775181308,8.058017727639034e-05
85878,28.434640577342954,0.9991941982272361,560,681,1241,0.0,-0.0008333472224535399,0.9988718775181308,0.0
85879,28.4338072301205,0.9991941982272361,560,681,1241,0.0,-0.0008333472224535399,0.9988718775181308,0.0
85880,28.432973882898047,1.0,560,681,1241,0.0008058017727639033,-0.0008333472224535399,0.9989524576954072,8.058017727639034e-05
85881,28.432140535675593,1.0,560,681,1241,0.0,-0.0008333472224535399,0.9991136180499598,0.00016116035455278067
85882,28.43130718845314,1.0,560,681,1241,0.0,-0.0008333472224535399,0.999355358581789,0.00024174053182917098
85883,28.430473841230686,1.0,560,681,1241,0.0,-0.0008333472224535399,0.999516518936342,0.00016116035455278067
85884,28.429640494008233,1.0,560,681,1241,0.0,-0.0008333472224535399,0.9995970991136183,8.058017727639034e-05
85885,28.42880714678578,1.0,560,681,1241,0.0,-0.0008333472224535399,0.9996776792908946,8.058017727639034e-05
85886,28.427973799563325,1.0,560,681,1241,0.0,-0.0008333472224535399,0.999758259468171,8.058017727639034e-05
85887,28.427140452340872,1.0,560,681,1241,0.0,-0.0008333472224535399,0.9998388396454473,8.058017727639034e-05
85888,28.42630710511842,0.9991941982272361,560,681,1241,-0.0008058017727639033,-0.0008333472224535399,0.9998388396454473,0.0
85889,28.425473757895965,0.9983883964544722,560,681,1241,-0.0008058017727639033,-0.0008333472224535399,0.999758259468171,-8.058017727639034e-05
85890,28.42464041067351,0.9991941982272361,560,681,1241,0.0008058017727639033,-0.0008333472224535399,0.9996776792908946,-8.058017727639034e-05
85891,28.423807063451058,0.9991941982272361,560,681,1241,0.0,-0.0008333472224535399,0.9995970991136183,-8.058017727639034e-05
85892,28.422973716228604,0.9991941982272361,560,681,1241,0.0,-0.0008333472224535399,0.999516518936342,-8.058017727639034e-05
85893,28.42214036900615,0.9991941982272361,560,681,1241,0.0,-0.0008333472224535399,0.9994359387590656,-8.058017727639034e-05
85894,28.421307021783697,0.9991941982272361,560,681,1241,0.0,-0.0008333472224535399,0.9993553585817893,-8.058017727639034e-05
85895,28.42047367456124,0.9991941982272361,560,681,1241,0.0,-0.0008333472224570926,0.9992747784045128,-8.058017727639034e-05
85896,28.419640327338787,0.9991941982272361,560,681,1241,0.0,-0.0008333472224535399,0.9991941982272365,-8.058017727639034e-05
85897,28.418806980116333,1.0,560,681,1241,0.0008058017727639033,-0.0008333472224535399,0.9991941982272365,0.0
85898,28.41797363289388,1.0,560,681,1241,0.0,-0.0008333472224535399,0.9992747784045128,8.058017727639034e-05
85899,28.417140285671426,1.0,560,681,1241,0.0,-0.0008333472224535399,0.9994359387590656,0.00016116035455278067
85900,28.416306938448972,1.0,560,681,1241,0.0,-0.0008333472224535399,0.999516518936342,8.058017727639034e-05
85901,28.41547359122652,1.0,560,681,1241,0.0,-0.0008333472224535399,0.9995970991136183,8.058017727639034e-05
85902,28.414640244004065,1.0,560,681,1241,0.0,-0.0008333472224535399,0.9996776792908946,8.058017727639034e-05
85903,28.41380689678161,0.9991941982272361,560,681,1241,-0.0008058017727639033,-0.0008333472224535399,0.9996776792908946,0.0
85904,28.412973549559158,0.9991941982272361,560,681,1241,0.0,-0.0008333472224535399,0.9996776792908946,0.0
85905,28.412140202336705,1.0,560,681,1241,0.0008058017727639033,-0.0008333472224535399,0.999758259468171,8.058017727639034e-05
85906,28.41130685511425,1.0,560,681,1241,0.0,-0.0008333472224535399,0.9998388396454473,8.058017727639034e-05
85907,28.410473507891798,1.0,560,681,1241,0.0,-0.0008333472224535399,0.9998388396454473,0.0
85908,28.409640160669344,1.0,560,681,1241,0.0,-0.0008333472224535399,0.9998388396454473,0.0
85909,28.40880681344689,1.0,560,681,1241,0.0,-0.0008333472224535399,0.9998388396454473,0.0
85910,28.407973466224437,1.0,560,681,1241,0.0,-0.0008333472224535399,0.9998388396454473,0.0
85911,28.407140119001983,1.0,560,681,1241,0.0,-0.0008333472224535399,0.9998388396454473,0.0
85912,28.40630677177953,1.0,560,681,1241,0.0,-0.0008333472224535399,0.9998388396454473,0.0
85913,28.405473424557076,1.0,560,681,1241,0.0,-0.0008333472224535399,0.9999194198227237,8.058017727639034e-05
85914,28.404640077334623,1.0,560,681,1241,0.0,-0.0008333472224535399,1.0,8.058017727639034e-05
85915,28.40380673011217,1.0,560,681,1241,0.0,-0.0008333472224535399,1.0,0.0
85916,28.402973382889712,1.0,560,681,1241,0.0,-0.0008333472224570926,1.0,0.0
85917,28.40214003566726,0.9991941982272361,560,681,1241,-0.0008058017727639033,-0.0008333472224535399,0.9999194198227237,-8.058017727639034e-05
85918,28.401306688444805,1.0,560,681,1241,0.0008058017727639033,-0.0008333472224535399,0.9999194198227237,0.0
85919,28.40047334122235,1.0,560,681,1241,0.0,-0.0008333472224535399,0.9999194198227237,0.0
85920,28.399639993999898,1.0,560,681,1241,0.0,-0.0008333472224535399,0.9999194198227237,0.0
85921,28.398806646777444,1.0,560,681,1241,0.0,-0.0008333472224535399,0.9999194198227237,0.0
85922,28.39797329955499,1.0,560,681,1241,0.0,-0.0008333472224535399,0.9999194198227237,0.0
85923,28.397139952332537,1.0,560,681,1241,0.0,-0.0008333472224535399,0.9999194198227237,0.0
85924,28.396306605110084,1.0,560,681,1241,0.0,-0.0008333472224535399,0.9999194198227237,0.0
85925,28.39547325788763,1.0,560,681,1241,0.0,-0.0008333472224535399,0.9999194198227237,0.0
85926,28.394639910665177,1.0,560,681,1241,0.0,-0.0008333472224535399,0.9999194198227237,0.0
85927,28.393806563442723,1.0,560,681,1241,0.0,-0.0008333472224535399,1.0,8.058017727639034e-05
85928,28.39297321622027,1.0,560,681,1241,0.0,-0.0008333472224535399,1.0,0.0
85929,28.392139868997816,1.0,560,681,1241,0.0,-0.0008333472224535399,1.0,0.0
85930,28.391306521775363,1.0,560,681,1241,0.0,-0.0008333472224535399,1.0,0.0
85931,28.39047317455291,0.9991941982272361,560,681,1241,-0.0008058017727639033,-0.0008333472224535399,0.9999194198227237,-8.058017727639034e-05
85932,28.389639827330456,0.9983883964544722,560,681,1241,-0.0008058017727639033,-0.0008333472224535399,0.999758259468171,-0.00016116035455278067
85933,28.388806480108002,0.9975825946817083,560,681,1241,-0.0008058017727639033,-0.0008333472224535399,0.9995165189363417,-0.00024174053182917098
85934,28.38797313288555,0.9983883964544722,560,681,1241,0.0008058017727639033,-0.0008333472224535399,0.9993553585817889,-0.00016116035455278067
85935,28.387139785663095,0.9975825946817083,560,681,1241,-0.0008058017727639033,-0.0008333472224535399,0.9991136180499597,-0.00024174053182917098
85936,28.38630643844064,0.9975825946817083,560,681,1241,0.0,-0.0008333472224535399,0.9988718775181304,-0.00024174053182917098
85937,28.385473091218184,0.9983883964544722,560,681,1241,0.0008058017727639033,-0.0008333472224570926,0.9987107171635777,-0.00016116035455278067
85938,28.38463974399573,1.0,560,681,1241,0.0016116035455278066,-0.0008333472224535399,0.9987107171635777,0.0
85939,28.383806396773277,1.0,560,681,1241,0.0,-0.0008333472224535399,0.9987107171635777,0.0
85940,28.382973049550824,0.9991941982272361,560,681,1241,-0.0008058017727639033,-0.0008333472224535399,0.9986301369863014,-8.058017727639034e-05
85941,28.38213970232837,0.9991941982272361,560,681,1241,0.0,-0.0008333472224535399,0.9986301369863014,0.0
85942,28.381306355105917,0.9983883964544722,560,681,1241,-0.0008058017727639033,-0.0008333472224535399,0.9986301369863014,0.0
85943,28.380473007883463,0.9983883964544722,560,681,1241,0.0,-0.0008333472224535399,0.998710717163578,8.058017727639034e-05
85944,28.37963966066101,0.9983883964544722,560,681,1241,0.0,-0.0008333472224535399,0.9987107171635777,0.0
85945,28.378806313438556,0.9991941982272361,560,681,1241,0.0008058017727639033,-0.0008333472224535399,0.9988718775181307,0.00016116035455278067
85946,28.377972966216102,1.0,560,681,1241,0.0008058017727639033,-0.0008333472224535399,0.9991136180499598,0.00024174053182917098
85947,28.37713961899365,0.9991941982272361,560,681,1241,-0.0008058017727639033,-0.0008333472224535399,0.9991941982272362,8.058017727639034e-05
85948,28.376306271771195,0.9991941982272361,560,681,1241,0.0,-0.0008333472224535399,0.9991136180499598,-8.058017727639034e-05
85949,28.375472924548742,0.9991941982272361,560,681,1241,0.0,-0.0008333472224535399,0.9990330378726835,-8.058017727639034e-05
85950,28.37463957732629,0.9991941982272361,560,681,1241,0.0,-0.0008333472224535399,0.9990330378726835,0.0
85951,28.373806230103835,0.9991941982272361,560,681,1241,0.0,-0.0008333472224535399,0.9990330378726835,0.0
85952,28.37297288288138,0.9991941982272361,560,681,1241,0.0,-0.0008333472224535399,0.9991136180499598,8.058017727639034e-05
85953,28.372139535658928,1.0,560,681,1241,0.0008058017727639033,-0.0008333472224535399,0.9992747784045125,0.00016116035455278067
85954,28.371306188436474,1.0,560,681,1241,0.0,-0.0008333472224535399,0.9994359387590652,0.00016116035455278067
85955,28.37047284121402,1.0,560,681,1241,0.0,-0.0008333472224535399,0.9995165189363415,8.058017727639034e-05
85956,28.369639493991567,0.9983883964544722,560,681,1241,-0.0016116035455278066,-0.0008333472224535399,0.9993553585817889,-0.00016116035455278067
85957,28.368806146769113,0.9983883964544722,560,681,1241,0.0,-0.0008333472224535399,0.9992747784045125,-8.058017727639034e-05
85958,28.36797279954666,0.9983883964544722,560,681,1241,0.0,-0.0008333472224535399,0.9991941982272362,-8.058017727639034e-05
85959,28.367139452324203,0.9975825946817083,560,681,1241,-0.0008058017727639033,-0.0008333472224570926,0.9990330378726833,-0.00016116035455278067
85960,28.36630610510175,0.9975825946817083,560,681,1241,0.0,-0.0008333472224535399,0.9988718775181304,-0.00016116035455278067
85961,28.365472757879296,0.9975825946817083,560,681,1241,0.0,-0.0008333472224535399,0.9987107171635776,-0.00016116035455278067
85962,28.364639410656842,0.9983883964544722,560,681,1241,0.0008058017727639033,-0.0008333472224535399,0.9986301369863011,-8.058017727639034e-05
85963,28.36380606343439,0.9983883964544722,560,681,1241,0.0,-0.0008333472224535399,0.9984689766317484,-0.00016116035455278067
85964,28.362972716211935,0.9991941982272361,560,681,1241,0.0008058017727639033,-0.0008333472224535399,0.998388396454472,-8.058017727639034e-05
85965,28.36213936898948,0.9991941982272361,560,681,1241,0.0,-0.0008333472224535399,0.9983078162771957,-8.058017727639034e-05
85966,28.361306021767028,0.9991941982272361,560,681,1241,0.0,-0.0008333472224535399,0.998388396454472,8.058017727639034e-05
85967,28.360472674544575,0.9991941982272361,560,681,1241,0.0,-0.0008333472224535399,0.9984689766317484,8.058017727639034e-05
85968,28.35963932732212,0.9991941982272361,560,681,1241,0.0,-0.0008333472224535399,0.9985495568090247,8.058017727639034e-05
85969,28.358805980099667,0.9991941982272361,560,681,1241,0.0,-0.0008333472224535399,0.9987107171635776,0.00016116035455278067
85970,28.357972632877214,0.9991941982272361,560,681,1241,0.0,-0.0008333472224535399,0.9988718775181304,0.00016116035455278067
85971,28.35713928565476,0.9991941982272361,560,681,1241,0.0,-0.0008333472224535399,0.9990330378726833,0.00016116035455278067
85972,28.356305938432307,1.0,560,681,1241,0.0008058017727639033,-0.0008333472224535399,0.9991941982272362,0.00016116035455278067
85973,28.355472591209853,1.0,560,681,1241,0.0,-0.0008333472224535399,0.9993553585817889,0.00016116035455278067
85974,28.3546392439874,1.0,560,681,1241,0.0,-0.0008333472224535399,0.9994359387590652,8.058017727639034e-05
85975,28.353805896764946,1.0,560,681,1241,0.0,-0.0008333472224535399,0.9995165189363415,8.058017727639034e-05
85976,28.352972549542493,1.0,560,681,1241,0.0,-0.0008333472224535399,0.9995970991136179,8.058017727639034e-05
85977,28.35213920232004,1.0,560,681,1241,0.0,-0.0008333472224535399,0.9996776792908942,8.058017727639034e-05
85978,28.351305855097586,1.0,560,681,1241,0.0,-0.0008333472224535399,0.9997582594681707,8.058017727639034e-05
85979,28.350472507875132,0.9991941982272361,560,681,1241,-0.0008058017727639033,-0.0008333472224535399,0.9997582594681707,0.0
85980,28.349639160652675,1.0,560,681,1241,0.0008058017727639033,-0.0008333472224570926,0.999838839645447,8.058017727639034e-05
85981,28.34880581343022,1.0,560,681,1241,0.0,-0.0008333472224535399,0.9999194198227233,8.058017727639034e-05
85982,28.347972466207768,1.0,560,681,1241,0.0,-0.0008333472224535399,0.9999194198227233,0.0
85983,28.347139118985314,0.9991941982272361,560,681,1241,-0.0008058017727639033,-0.0008333472224535399,0.999838839645447,-8.058017727639034e-05
85984,28.34630577176286,0.9983883964544722,560,681,1241,-0.0008058017727639033,-0.0008333472224535399,0.9996776792908942,-0.00016116035455278067
85985,28.345472424540407,0.9983883964544722,560,681,1241,0.0,-0.0008333472224535399,0.9995165189363415,-0.00016116035455278067
85986,28.344639077317954,0.9991941982272361,560,681,1241,0.0008058017727639033,-0.0008333472224535399,0.9994359387590652,-8.058017727639034e-05
85987,28.3438057300955,0.9991941982272361,560,681,1241,0.0,-0.0008333472224535399,0.9993553585817889,-8.058017727639034e-05
85988,28.342972382873047,0.9983883964544722,560,681,1241,-0.0008058017727639033,-0.0008333472224535399,0.9991941982272362,-0.00016116035455278067
85989,28.342139035650593,0.9983883964544722,560,681,1241,0.0,-0.0008333472224535399,0.9991136180499598,-8.058017727639034e-05
85990,28.34130568842814,0.9983883964544722,560,681,1241,0.0,-0.0008333472224535399,0.9989524576954072,-0.00016116035455278067
85991,28.340472341205686,0.9991941982272361,560,681,1241,0.0008058017727639033,-0.0008333472224535399,0.9988718775181308,-8.058017727639034e-05
85992,28.339638993983232,0.9991941982272361,560,681,1241,0.0,-0.0008333472224535399,0.9987912973408545,-8.058017727639034e-05
85993,28.33880564676078,0.9991941982272361,560,681,1241,0.0,-0.0008333472224535399,0.9987912973408545,0.0
85994,28.337972299538325,0.9991941982272361,560,681,1241,0.0,-0.0008333472224535399,0.9988718775181308,8.058017727639034e-05
85995,28.337138952315872,0.9991941982272361,560,681,1241,0.0,-0.0008333472224535399,0.9989524576954072,8.058017727639034e-05
85996,28.33630560509342,0.9991941982272361,560,681,1241,0.0,-0.0008333472224535399,0.9989524576954072,0.0
85997,28.335472257870965,0.9991941982272361,560,681,1241,0.0,-0.0008333472224535399,0.9989524576954072,0.0
85998,28.33463891064851,0.9991941982272361,560,681,1241,0.0,-0.0008333472224535399,0.9990330378726835,8.058017727639034e-05
85999,28.333805563426058,0.9991941982272361,560,681,1241,0.0,-0.0008333472224535399,0.9991136180499598,8.058017727639034e-05
86000,28.332972216203604,0.9983883964544722,560,681,1241,-0.0008058017727639033,-0.0008333472224535399,0.9991136180499598,0.0
86001,28.332138868981147,0.9983883964544722,560,681,1241,0.0,-0.0008333472224570926,0.9990330378726835,-8.058017727639034e-05
86002,28.331305521758694,0.9983883964544722,560,681,1241,0.0,-0.0008333472224535399,0.9989524576954072,-8.058017727639034e-05
86003,28.33047217453624,0.9983883964544722,560,681,1241,0.0,-0.0008333472224535399,0.9988718775181308,-8.058017727639034e-05
86004,28.329638827313786,0.9983883964544722,560,681,1241,0.0,-0.0008333472224535399,0.9987912973408545,-8.058017727639034e-05
86005,28.328805480091333,0.9991941982272361,560,681,1241,0.0008058017727639033,-0.0008333472224535399,0.9987912973408545,0.0
86006,28.32797213286888,1.0,560,681,1241,0.0008058017727639033,-0.0008333472224535399,0.9988718775181308,8.058017727639034e-05
86007,28.327138785646426,1.0,560,681,1241,0.0,-0.0008333472224535399,0.9989524576954072,8.058017727639034e-05
86008,28.326305438423972,1.0,560,681,1241,0.0,-0.0008333472224535399,0.9990330378726835,8.058017727639034e-05
86009,28.32547209120152,1.0,560,681,1241,0.0,-0.0008333472224535399,0.9991136180499598,8.058017727639034e-05
86010,28.324638743979065,1.0,560,681,1241,0.0,-0.0008333472224535399,0.9992747784045125,0.00016116035455278067
86011,28.32380539675661,0.9991941982272361,560,681,1241,-0.0008058017727639033,-0.0008333472224535399,0.9993553585817889,8.058017727639034e-05
86012,28.322972049534158,0.9991941982272361,560,681,1241,0.0,-0.0008333472224535399,0.9994359387590652,8.058017727639034e-05
86013,28.322138702311705,1.0,560,681,1241,0.0008058017727639033,-0.0008333472224535399,0.9995970991136179,0.00016116035455278067
86014,28.32130535508925,1.0,560,681,1241,0.0,-0.0008333472224535399,0.9997582594681707,0.00016116035455278067
86015,28.320472007866798,1.0,560,681,1241,0.0,-0.0008333472224535399,0.999838839645447,8.058017727639034e-05
86016,28.319638660644344,1.0,560,681,1241,0.0,-0.0008333472224535399,0.999838839645447,0.0
86017,28.31880531342189,1.0,560,681,1241,0.0,-0.0008333472224535399,0.999838839645447,0.0
86018,28.317971966199437,1.0,560,681,1241,0.0,-0.0008333472224535399,0.999838839645447,0.0
86019,28.317138618976983,0.9991941982272361,560,681,1241,-0.0008058017727639033,-0.0008333472224535399,0.9997582594681707,-8.058017727639034e-05
86020,28.31630527175453,0.9991941982272361,560,681,1241,0.0,-0.0008333472224535399,0.9996776792908942,-8.058017727639034e-05
86021,28.315471924532076,0.9991941982272361,560,681,1241,0.0,-0.0008333472224535399,0.9996776792908942,0.0
86022,28.31463857730962,0.9991941982272361,560,681,1241,0.0,-0.0008333472224570926,0.9996776792908942,0.0
86023,28.313805230087166,0.9991941982272361,560,681,1241,0.0,-0.0008333472224535399,0.9995970991136179,-8.058017727639034e-05
86024,28.312971882864712,0.9991941982272361,560,681,1241,0.0,-0.0008333472224535399,0.9995165189363415,-8.058017727639034e-05
86025,28.31213853564226,1.0,560,681,1241,0.0008058017727639033,-0.0008333472224535399,0.9995165189363415,0.0
86026,28.311305188419805,0.9991941982272361,560,681,1241,-0.0008058017727639033,-0.0008333472224535399,0.9994359387590652,-8.058017727639034e-05
86027,28.31047184119735,0.9991941982272361,560,681,1241,0.0,-0.0008333472224535399,0.9993553585817889,-8.058017727639034e-05
86028,28.309638493974898,1.0,560,681,1241,0.0008058017727639033,-0.0008333472224535399,0.9993553585817889,0.0
86029,28.308805146752444,1.0,560,681,1241,0.0,-0.0008333472224535399,0.9994359387590652,8.058017727639034e-05
86030,28.30797179952999,1.0,560,681,1241,0.0,-0.0008333472224535399,0.9995165189363415,8.058017727639034e-05
86031,28.307138452307537,1.0,560,681,1241,0.0,-0.0008333472224535399,0.9995970991136179,8.058017727639034e-05
86032,28.306305105085084,0.9991941982272361,560,681,1241,-0.0008058017727639033,-0.0008333472224535399,0.9995970991136179,0.0
86033,28.30547175786263,0.9991941982272361,560,681,1241,0.0,-0.0008333472224535399,0.9995970991136179,0.0
86034,28.304638410640177,0.9991941982272361,560,681,1241,0.0,-0.0008333472224535399,0.9995970991136179,0.0
86035,28.303805063417723,0.9991941982272361,560,681,1241,0.0,-0.0008333472224535399,0.9995165189363415,-8.058017727639034e-05
86036,28.30297171619527,0.9991941982272361,560,681,1241,0.0,-0.0008333472224535399,0.9995165189363415,0.0
86037,28.302138368972816,0.9991941982272361,560,681,1241,0.0,-0.0008333472224535399,0.9995165189363415,0.0
86038,28.301305021750363,0.9991941982272361,560,681,1241,0.0,-0.0008333472224535399,0.9994359387590652,-8.058017727639034e-05
86039,28.30047167452791,0.9991941982272361,560,681,1241,0.0,-0.0008333472224535399,0.9993553585817889,-8.058017727639034e-05
86040,28.299638327305455,0.9991941982272361,560,681,1241,0.0,-0.0008333472224535399,0.9992747784045125,-8.058017727639034e-05
86041,28.298804980083002,1.0,560,681,1241,0.0008058017727639033,-0.0008333472224535399,0.9992747784045125,0.0
86042,28.29797163286055,1.0,560,681,1241,0.0,-0.0008333472224535399,0.9993553585817889,8.058017727639034e-05
86043,28.29713828563809,1.0,560,681,1241,0.0,-0.0008333472224570926,0.9994359387590652,8.058017727639034e-05
86044,28.296304938415638,1.0,560,681,1241,0.0,-0.0008333472224535399,0.9995165189363415,8.058017727639034e-05
86045,28.295471591193184,1.0,560,681,1241,0.0,-0.0008333472224535399,0.9995970991136179,8.058017727639034e-05
86046,28.29463824397073,1.0,560,681,1241,0.0,-0.0008333472224535399,0.9996776792908942,8.058017727639034e-05
86047,28.293804896748277,0.9991941982272361,560,681,1241,-0.0008058017727639033,-0.0008333472224535399,0.9996776792908942,0.0
86048,28.292971549525824,0.9991941982272361,560,681,1241,0.0,-0.0008333472224535399,0.9996776792908942,0.0
86049,28.29213820230337,0.9991941982272361,560,681,1241,0.0,-0.0008333472224535399,0.9996776792908942,0.0
86050,28.291304855080917,0.9991941982272361,560,681,1241,0.0,-0.0008333472224535399,0.9996776792908942,0.0
86051,28.290471507858463,0.9991941982272361,560,681,1241,0.0,-0.0008333472224535399,0.9995970991136179,-8.058017727639034e-05
86052,28.28963816063601,1.0,560,681,1241,0.0008058017727639033,-0.0008333472224535399,0.9995970991136179,0.0
86053,28.288804813413556,1.0,560,681,1241,0.0,-0.0008333472224535399,0.9995970991136179,0.0
86054,28.287971466191102,1.0,560,681,1241,0.0,-0.0008333472224535399,0.9995970991136179,0.0
86055,28.28713811896865,1.0,560,681,1241,0.0,-0.0008333472224535399,0.9995970991136179,0.0
86056,28.286304771746195,1.0,560,681,1241,0.0,-0.0008333472224535399,0.9995970991136179,0.0
86057,28.28547142452374,1.0,560,681,1241,0.0,-0.0008333472224535399,0.9996776792908942,8.058017727639034e-05
86058,28.284638077301288,1.0,560,681,1241,0.0,-0.0008333472224535399,0.9997582594681707,8.058017727639034e-05
86059,28.283804730078835,1.0,560,681,1241,0.0,-0.0008333472224535399,0.999838839645447,8.058017727639034e-05
86060,28.28297138285638,1.0,560,681,1241,0.0,-0.0008333472224535399,0.9999194198227233,8.058017727639034e-05
86061,28.282138035633928,1.0,560,681,1241,0.0,-0.0008333472224535399,0.9999999999999997,8.058017727639034e-05
86062,28.281304688411474,1.0,560,681,1241,0.0,-0.0008333472224535399,0.9999999999999997,0.0
86063,28.28047134118902,0.9983883964544722,560,681,1241,-0.0016116035455278066,-0.0008333472224535399,0.999838839645447,-0.00016116035455278067
86064,28.279637993966567,0.9975825946817083,560,681,1241,-0.0008058017727639033,-0.0008333472224535399,0.9995970991136177,-0.00024174053182917098
86065,28.27880464674411,0.9983883964544722,560,681,1241,0.0008058017727639033,-0.0008333472224570926,0.9994359387590649,-0.00016116035455278067
86066,28.277971299521656,0.9975825946817083,560,681,1241,-0.0008058017727639033,-0.0008333472224535399,0.9991941982272357,-0.00024174053182917098
86067,28.277137952299203,0.9975825946817083,560,681,1241,0.0,-0.0008333472224535399,0.9989524576954064,-0.00024174053182917098
86068,28.27630460507675,0.9983883964544722,560,681,1241,0.0008058017727639033,-0.0008333472224535399,0.9987912973408537,-0.00016116035455278067
86069,28.275471257854296,0.9983883964544722,560,681,1241,0.0,-0.0008333472224535399,0.9986301369863011,-0.00016116035455278067
86070,28.274637910631842,0.9983883964544722,560,681,1241,0.0,-0.0008333472224535399,0.9984689766317484,-0.00016116035455278067
86071,28.27380456340939,0.9991941982272361,560,681,1241,0.0008058017727639033,-0.0008333472224535399,0.998388396454472,-8.058017727639034e-05
86072,28.272971216186935,0.9991941982272361,560,681,1241,0.0,-0.0008333472224535399,0.9983078162771957,-8.058017727639034e-05
86073,28.27213786896448,1.0,560,681,1241,0.0008058017727639033,-0.0008333472224535399,0.9984689766317484,0.00016116035455278067
86074,28.271304521742028,1.0,560,681,1241,0.0,-0.0008333472224535399,0.9987107171635776,0.00024174053182917098
86075,28.270471174519574,1.0,560,681,1241,0.0,-0.0008333472224535399,0.9988718775181304,0.00016116035455278067
86076,28.26963782729712,1.0,560,681,1241,0.0,-0.0008333472224535399,0.9991136180499597,0.00024174053182917098
86077,28.268804480074667,1.0,560,681,1241,0.0,-0.0008333472224535399,0.9993553585817889,0.00024174053182917098
86078,28.267971132852214,1.0,560,681,1241,0.0,-0.0008333472224535399,0.9995165189363415,0.00016116035455278067
86079,28.26713778562976,1.0,560,681,1241,0.0,-0.0008333472224535399,0.9996776792908942,0.00016116035455278067
86080,28.266304438407307,1.0,560,681,1241,0.0,-0.0008333472224535399,0.999838839645447,0.00016116035455278067
86081,28.265471091184853,0.9991941982272361,560,681,1241,-0.0008058017727639033,-0.0008333472224535399,0.999838839645447,0.0
86082,28.2646377439624,1.0,560,681,1241,0.0008058017727639033,-0.0008333472224535399,0.9999194198227233,8.058017727639034e-05
86083,28.263804396739946,1.0,560,681,1241,0.0,-0.0008333472224535399,0.9999194198227233,0.0
86084,28.262971049517493,1.0,560,681,1241,0.0,-0.0008333472224535399,0.9999194198227233,0.0
86085,28.26213770229504,0.9991941982272361,560,681,1241,-0.0008058017727639033,-0.0008333472224535399,0.999838839645447,-8.058017727639034e-05
86086,28.261304355072582,0.9991941982272361,560,681,1241,0.0,-0.0008333472224570926,0.9997582594681707,-8.058017727639034e-05
86087,28.26047100785013,0.9991941982272361,560,681,1241,0.0,-0.0008333472224535399,0.9996776792908942,-8.058017727639034e-05
86088,28.259637660627675,0.9991941982272361,560,681,1241,0.0,-0.0008333472224535399,0.9995970991136179,-8.058017727639034e-05
86089,28.25880431340522,0.9991941982272361,560,681,1241,0.0,-0.0008333472224535399,0.9995165189363415,-8.058017727639034e-05
86090,28.257970966182768,0.9991941982272361,560,681,1241,0.0,-0.0008333472224535399,0.9994359387590652,-8.058017727639034e-05
86091,28.257137618960314,0.9983883964544722,560,681,1241,-0.0008058017727639033,-0.0008333472224535399,0.9993553585817889,-8.058017727639034e-05
86092,28.25630427173786,0.9983883964544722,560,681,1241,0.0,-0.0008333472224535399,0.9991941982272362,-0.00016116035455278067
86093,28.255470924515407,0.9983883964544722,560,681,1241,0.0,-0.0008333472224535399,0.9990330378726835,-0.00016116035455278067
86094,28.254637577292954,0.9991941982272361,560,681,1241,0.0008058017727639033,-0.0008333472224535399,0.9989524576954072,-8.058017727639034e-05
86095,28.2538042300705,0.9991941982272361,560,681,1241,0.0,-0.0008333472224535399,0.9989524576954072,0.0
86096,28.252970882848047,0.9991941982272361,560,681,1241,0.0,-0.0008333472224535399,0.9989524576954072,0.0
86097,28.252137535625593,0.9991941982272361,560,681,1241,0.0,-0.0008333472224535399,0.9989524576954072,0.0
86098,28.25130418840314,0.9991941982272361,560,681,1241,0.0,-0.0008333472224535399,0.9989524576954072,0.0
86099,28.250470841180686,0.9991941982272361,560,681,1241,0.0,-0.0008333472224535399,0.9989524576954072,0.0
86100,28.249637493958232,0.9991941982272361,560,681,1241,0.0,-0.0008333472224535399,0.9989524576954072,0.0
86101,28.24880414673578,0.9991941982272361,560,681,1241,0.0,-0.0008333472224535399,0.9990330378726835,8.058017727639034e-05
86102,28.247970799513325,0.9991941982272361,560,681,1241,0.0,-0.0008333472224535399,0.9991136180499598,8.058017727639034e-05
86103,28.247137452290872,0.9983883964544722,560,681,1241,-0.0008058017727639033,-0.0008333472224535399,0.9991136180499598,0.0
86104,28.24630410506842,0.9983883964544722,560,681,1241,0.0,-0.0008333472224535399,0.9990330378726835,-8.058017727639034e-05
86105,28.245470757845965,0.9991941982272361,560,681,1241,0.0008058017727639033,-0.0008333472224535399,0.9990330378726835,0.0
86106,28.24463741062351,0.9991941982272361,560,681,1241,0.0,-0.0008333472224535399,0.9990330378726835,0.0
86107,28.243804063401054,0.9991941982272361,560,681,1241,0.0,-0.0008333472224570926,0.9990330378726835,0.0
86108,28.2429707161786,1.0,560,681,1241,0.0008058017727639033,-0.0008333472224535399,0.9991136180499598,8.058017727639034e-05
86109,28.242137368956147,1.0,560,681,1241,0.0,-0.0008333472224535399,0.9991941982272362,8.058017727639034e-05
86110,28.241304021733693,0.9991941982272361,560,681,1241,-0.0008058017727639033,-0.0008333472224535399,0.9991941982272362,0.0
86111,28.24047067451124,0.9991941982272361,560,681,1241,0.0,-0.0008333472224535399,0.9991941982272362,0.0
86112,28.239637327288786,0.9991941982272361,560,681,1241,0.0,-0.0008333472224535399,0.9991941982272362,0.0
86113,28.238803980066333,1.0,560,681,1241,0.0008058017727639033,-0.0008333472224535399,0.9993553585817889,0.00016116035455278067
86114,28.23797063284388,1.0,560,681,1241,0.0,-0.0008333472224535399,0.9995165189363415,0.00016116035455278067
86115,28.237137285621426,1.0,560,681,1241,0.0,-0.0008333472224535399,0.9995970991136179,8.058017727639034e-05
86116,28.236303938398972,1.0,560,681,1241,0.0,-0.0008333472224535399,0.9996776792908942,8.058017727639034e-05
86117,28.23547059117652,1.0,560,681,1241,0.0,-0.0008333472224535399,0.9997582594681707,8.058017727639034e-05
86118,28.234637243954065,1.0,560,681,1241,0.0,-0.0008333472224535399,0.9997582594681707,0.0
86119,28.23380389673161,1.0,560,681,1241,0.0,-0.0008333472224535399,0.9997582594681707,0.0
86120,28.232970549509158,1.0,560,681,1241,0.0,-0.0008333472224535399,0.999838839645447,8.058017727639034e-05
86121,28.232137202286705,1.0,560,681,1241,0.0,-0.0008333472224535399,0.9999194198227233,8.058017727639034e-05
86122,28.23130385506425,1.0,560,681,1241,0.0,-0.0008333472224535399,0.9999999999999997,8.058017727639034e-05
86123,28.230470507841797,1.0,560,681,1241,0.0,-0.0008333472224535399,0.9999999999999997,0.0
86124,28.229637160619344,1.0,560,681,1241,0.0,-0.0008333472224535399,0.9999999999999997,0.0
86125,28.22880381339689,1.0,560,681,1241,0.0,-0.0008333472224535399,0.9999999999999997,0.0
86126,28.227970466174437,1.0,560,681,1241,0.0,-0.0008333472224535399,0.9999999999999997,0.0
86127,28.227137118951983,1.0,560,681,1241,0.0,-0.0008333472224535399,0.9999999999999997,0.0
86128,28.226303771729526,1.0,560,681,1241,0.0,-0.0008333472224570926,0.9999999999999997,0.0
86129,28.225470424507073,1.0,560,681,1241,0.0,-0.0008333472224535399,0.9999999999999997,0.0
86130,28.22463707728462,0.9991941982272361,560,681,1241,-0.0008058017727639033,-0.0008333472224535399,0.9999194198227233,-8.058017727639034e-05
86131,28.223803730062166,1.0,560,681,1241,0.0008058017727639033,-0.0008333472224535399,0.9999194198227233,0.0
86132,28.222970382839712,1.0,560,681,1241,0.0,-0.0008333472224535399,0.9999194198227233,0.0
86133,28.22213703561726,1.0,560,681,1241,0.0,-0.0008333472224535399,0.9999194198227233,0.0
86134,28.221303688394805,1.0,560,681,1241,0.0,-0.0008333472224535399,0.9999194198227233,0.0
86135,28.22047034117235,1.0,560,681,1241,0.0,-0.0008333472224535399,0.9999194198227233,0.0
86136,28.219636993949898,1.0,560,681,1241,0.0,-0.0008333472224535399,0.9999194198227233,0.0
86137,28.218803646727444,1.0,560,681,1241,0.0,-0.0008333472224535399,0.9999194198227233,0.0
86138,28.21797029950499,1.0,560,681,1241,0.0,-0.0008333472224535399,0.9999194198227233,0.0
86139,28.217136952282537,1.0,560,681,1241,0.0,-0.0008333472224535399,0.9999194198227233,0.0
86140,28.216303605060084,1.0,560,681,1241,0.0,-0.0008333472224535399,0.9999999999999997,8.058017727639034e-05
86141,28.21547025783763,1.0,560,681,1241,0.0,-0.0008333472224535399,0.9999999999999997,0.0
86142,28.214636910615177,0.9991941982272361,560,681,1241,-0.0008058017727639033,-0.0008333472224535399,0.9999194198227233,-8.058017727639034e-05
86143,28.213803563392723,0.9983883964544722,560,681,1241,-0.0008058017727639033,-0.0008333472224535399,0.9997582594681707,-0.00016116035455278067
86144,28.21297021617027,0.9983883964544722,560,681,1241,0.0,-0.0008333472224535399,0.9995970991136179,-0.00016116035455278067
86145,28.212136868947816,0.9983883964544722,560,681,1241,0.0,-0.0008333472224535399,0.9994359387590652,-0.00016116035455278067
86146,28.211303521725362,0.9983883964544722,560,681,1241,0.0,-0.0008333472224535399,0.9992747784045125,-0.00016116035455278067
86147,28.21047017450291,0.9983883964544722,560,681,1241,0.0,-0.0008333472224535399,0.9991136180499598,-0.00016116035455278067
86148,28.209636827280455,0.9983883964544722,560,681,1241,0.0,-0.0008333472224535399,0.9989524576954072,-0.00016116035455278067
86149,28.208803480058,0.9983883964544722,560,681,1241,0.0,-0.0008333472224570926,0.9987912973408545,-0.00016116035455278067
86150,28.207970132835545,0.9983883964544722,560,681,1241,0.0,-0.0008333472224535399,0.9986301369863018,-0.00016116035455278067
86151,28.20713678561309,0.9983883964544722,560,681,1241,0.0,-0.0008333472224535399,0.998468976631749,-0.00016116035455278067
86152,28.206303438390638,0.9983883964544722,560,681,1241,0.0,-0.0008333472224535399,0.9983883964544727,-8.058017727639034e-05
86153,28.205470091168184,0.9975825946817083,560,681,1241,-0.0008058017727639033,-0.0008333472224535399,0.9983078162771963,-8.058017727639034e-05
86154,28.20463674394573,0.9983883964544722,560,681,1241,0.0008058017727639033,-0.0008333472224535399,0.9983078162771963,0.0
86155,28.203803396723277,0.9983883964544722,560,681,1241,0.0,-0.0008333472224535399,0.9983078162771963,0.0
86156,28.202970049500824,0.9983883964544722,560,681,1241,0.0,-0.0008333472224535399,0.9983078162771963,0.0
86157,28.20213670227837,0.9983883964544722,560,681,1241,0.0,-0.0008333472224535399,0.9983078162771963,0.0
86158,28.201303355055916,0.9983883964544722,560,681,1241,0.0,-0.0008333472224535399,0.9983078162771963,0.0
86159,28.200470007833463,0.9983883964544722,560,681,1241,0.0,-0.0008333472224535399,0.9983078162771963,0.0
86160,28.19963666061101,0.9983883964544722,560,681,1241,0.0,-0.0008333472224535399,0.9983078162771963,0.0
86161,28.198803313388556,0.9975825946817083,560,681,1241,-0.0008058017727639033,-0.0008333472224535399,0.99822723609992,-8.058017727639034e-05
86162,28.197969966166102,0.9975825946817083,560,681,1241,0.0,-0.0008333472224535399,0.9981466559226437,-8.058017727639034e-05
86163,28.19713661894365,0.9975825946817083,560,681,1241,0.0,-0.0008333472224535399,0.9981466559226437,0.0
86164,28.196303271721195,0.9975825946817083,560,681,1241,0.0,-0.0008333472224535399,0.9980660757453673,-8.058017727639034e-05
86165,28.19546992449874,0.9975825946817083,560,681,1241,0.0,-0.0008333472224535399,0.997985495568091,-8.058017727639034e-05
86166,28.194636577276288,0.9975825946817083,560,681,1241,0.0,-0.0008333472224535399,0.9979049153908146,-8.058017727639034e-05
86167,28.193803230053835,0.9975825946817083,560,681,1241,0.0,-0.0008333472224535399,0.9978243352135383,-8.058017727639034e-05
86168,28.19296988283138,0.9975825946817083,560,681,1241,0.0,-0.0008333472224535399,0.997743755036262,-8.058017727639034e-05
86169,28.192136535608928,0.9967767929089444,560,681,1241,-0.0008058017727639033,-0.0008333472224535399,0.9975825946817093,-0.00016116035455278067
86170,28.19130318838647,0.9967767929089444,560,681,1241,0.0,-0.0008333472224570926,0.9974214343271566,-0.00016116035455278067
86171,28.190469841164017,0.9967767929089444,560,681,1241,0.0,-0.0008333472224535399,0.9973408541498803,-8.058017727639034e-05
86172,28.189636493941563,0.9967767929089444,560,681,1241,0.0,-0.0008333472224535399,0.9972602739726039,-8.058017727639034e-05
86173,28.18880314671911,0.9975825946817083,560,681,1241,0.0008058017727639033,-0.0008333472224535399,0.9972602739726039,0.0
86174,28.187969799496656,0.9975825946817083,560,681,1241,0.0,-0.0008333472224535399,0.9972602739726039,0.0
86175,28.187136452274203,0.9975825946817083,560,681,1241,0.0,-0.0008333472224535399,0.9972602739726039,0.0
86176,28.18630310505175,0.9975825946817083,560,681,1241,0.0,-0.0008333472224535399,0.9972602739726039,0.0
86177,28.185469757829296,0.9975825946817083,560,681,1241,0.0,-0.0008333472224535399,0.9972602739726039,0.0
86178,28.184636410606842,0.9975825946817083,560,681,1241,0.0,-0.0008333472224535399,0.9972602739726039,0.0
86179,28.18380306338439,0.9975825946817083,560,681,1241,0.0,-0.0008333472224535399,0.9973408541498803,8.058017727639034e-05
86180,28.182969716161935,0.9975825946817083,560,681,1241,0.0,-0.0008333472224535399,0.9974214343271566,8.058017727639034e-05
86181,28.18213636893948,0.9967767929089444,560,681,1241,-0.0008058017727639033,-0.0008333472224535399,0.9974214343271566,0.0
86182,28.181303021717028,0.9975825946817083,560,681,1241,0.0008058017727639033,-0.0008333472224535399,0.9975020145044329,8.058017727639034e-05
86183,28.180469674494574,0.9975825946817083,560,681,1241,0.0,-0.0008333472224535399,0.9975020145044329,0.0
86184,28.17963632727212,0.9975825946817083,560,681,1241,0.0,-0.0008333472224535399,0.9975020145044329,0.0
86185,28.178802980049667,0.9975825946817083,560,681,1241,0.0,-0.0008333472224535399,0.9975020145044329,0.0
86186,28.177969632827214,0.9975825946817083,560,681,1241,0.0,-0.0008333472224535399,0.9975020145044329,0.0
86187,28.17713628560476,0.9975825946817083,560,681,1241,0.0,-0.0008333472224535399,0.9975020145044329,0.0
86188,28.176302938382307,0.9967767929089444,560,681,1241,-0.0008058017727639033,-0.0008333472224535399,0.9974214343271566,-8.058017727639034e-05
86189,28.175469591159853,0.9967767929089444,560,681,1241,0.0,-0.0008333472224535399,0.9973408541498803,-8.058017727639034e-05
86190,28.1746362439374,0.9967767929089444,560,681,1241,0.0,-0.0008333472224535399,0.9972602739726039,-8.058017727639034e-05
86191,28.173802896714946,0.9967767929089444,560,681,1241,0.0,-0.0008333472224535399,0.9972602739726039,0.0
86192,28.17296954949249,0.9967767929089444,560,681,1241,0.0,-0.0008333472224570926,0.9971796937953276,-8.058017727639034e-05
86193,28.172136202270035,0.9967767929089444,560,681,1241,0.0,-0.0008333472224535399,0.9970991136180511,-8.058017727639034e-05
86194,28.171302855047582,0.9967767929089444,560,681,1241,0.0,-0.0008333472224535399,0.9970185334407748,-8.058017727639034e-05
86195,28.17046950782513,0.9967767929089444,560,681,1241,0.0,-0.0008333472224535399,0.9969379532634985,-8.058017727639034e-05
86196,28.169636160602675,0.9967767929089444,560,681,1241,0.0,-0.0008333472224535399,0.9968573730862221,-8.058017727639034e-05
86197,28.16880281338022,0.9967767929089444,560,681,1241,0.0,-0.0008333472224535399,0.9967767929089458,-8.058017727639034e-05
86198,28.167969466157768,0.9975825946817083,560,681,1241,0.0008058017727639033,-0.0008333472224535399,0.9968573730862221,8.058017727639034e-05
86199,28.167136118935314,0.9975825946817083,560,681,1241,0.0,-0.0008333472224535399,0.9969379532634985,8.058017727639034e-05
86200,28.16630277171286,0.9975825946817083,560,681,1241,0.0,-0.0008333472224535399,0.9970185334407748,8.058017727639034e-05
86201,28.165469424490407,0.9975825946817083,560,681,1241,0.0,-0.0008333472224535399,0.9970991136180511,8.058017727639034e-05
86202,28.164636077267954,0.9967767929089444,560,681,1241,-0.0008058017727639033,-0.0008333472224535399,0.9970991136180511,0.0
86203,28.1638027300455,0.9983883964544722,560,681,1241,0.0016116035455278066,-0.0008333472224535399,0.9972602739726041,0.00016116035455278067
86204,28.162969382823047,0.9983883964544722,560,681,1241,0.0,-0.0008333472224535399,0.9974214343271568,0.00016116035455278067
86205,28.162136035600593,0.9983883964544722,560,681,1241,0.0,-0.0008333472224535399,0.9975825946817094,0.00016116035455278067
86206,28.16130268837814,0.9983883964544722,560,681,1241,0.0,-0.0008333472224535399,0.9977437550362621,0.00016116035455278067
86207,28.160469341155686,0.9983883964544722,560,681,1241,0.0,-0.0008333472224535399,0.9979049153908148,0.00016116035455278067
86208,28.159635993933232,0.9983883964544722,560,681,1241,0.0,-0.0008333472224535399,0.9979854955680911,8.058017727639034e-05
86209,28.15880264671078,0.9967767929089444,560,681,1241,-0.0016116035455278066,-0.0008333472224535399,0.9979049153908148,-8.058017727639034e-05
86210,28.157969299488325,0.9967767929089444,560,681,1241,0.0,-0.0008333472224535399,0.9978243352135385,-8.058017727639034e-05
86211,28.15713595226587,0.9975825946817083,560,681,1241,0.0008058017727639033,-0.0008333472224535399,0.9978243352135385,0.0
86212,28.156302605043418,0.9975825946817083,560,681,1241,0.0,-0.0008333472224535399,0.9979049153908148,8.058017727639034e-05
86213,28.15546925782096,0.9983883964544722,560,681,1241,0.0008058017727639033,-0.0008333472224570926,0.9979049153908146,0.0
86214,28.154635910598508,0.9991941982272361,560,681,1241,0.0008058017727639033,-0.0008333472224535399,0.997985495568091,8.058017727639034e-05
86215,28.153802563376054,0.9991941982272361,560,681,1241,0.0,-0.0008333472224535399,0.9980660757453673,8.058017727639034e-05
86216,28.1529692161536,0.9991941982272361,560,681,1241,0.0,-0.0008333472224535399,0.9981466559226437,8.058017727639034e-05
86217,28.152135868931147,0.9991941982272361,560,681,1241,0.0,-0.0008333472224535399,0.99822723609992,8.058017727639034e-05
86218,28.151302521708693,0.9991941982272361,560,681,1241,0.0,-0.0008333472224535399,0.9983078162771963,8.058017727639034e-05
86219,28.15046917448624,0.9991941982272361,560,681,1241,0.0,-0.0008333472224535399,0.9985495568090256,0.00024174053182917098
86220,28.149635827263786,0.9991941982272361,560,681,1241,0.0,-0.0008333472224535399,0.9987912973408548,0.00024174053182917098
86221,28.148802480041333,0.9991941982272361,560,681,1241,0.0,-0.0008333472224535399,0.9989524576954076,0.00016116035455278067
86222,28.14796913281888,0.9991941982272361,560,681,1241,0.0,-0.0008333472224535399,0.9991136180499606,0.00016116035455278067
86223,28.147135785596426,0.9991941982272361,560,681,1241,0.0,-0.0008333472224535399,0.9991941982272369,8.058017727639034e-05
86224,28.146302438373972,0.9991941982272361,560,681,1241,0.0,-0.0008333472224535399,0.9991941982272369,0.0
86225,28.14546909115152,0.9991941982272361,560,681,1241,0.0,-0.0008333472224535399,0.9991941982272369,0.0
86226,28.144635743929065,0.9991941982272361,560,681,1241,0.0,-0.0008333472224535399,0.9991941982272369,0.0
86227,28.14380239670661,0.9991941982272361,560,681,1241,0.0,-0.0008333472224535399,0.9991941982272369,0.0
86228,28.142969049484158,1.0,560,681,1241,0.0008058017727639033,-0.0008333472224535399,0.9992747784045133,8.058017727639034e-05
86229,28.142135702261704,1.0,560,681,1241,0.0,-0.0008333472224535399,0.9993553585817896,8.058017727639034e-05
86230,28.14130235503925,1.0,560,681,1241,0.0,-0.0008333472224535399,0.9994359387590659,8.058017727639034e-05
86231,28.140469007816797,1.0,560,681,1241,0.0,-0.0008333472224535399,0.9995165189363423,8.058017727639034e-05
86232,28.139635660594344,1.0,560,681,1241,0.0,-0.0008333472224535399,0.9995970991136186,8.058017727639034e-05
86233,28.13880231337189,1.0,560,681,1241,0.0,-0.0008333472224535399,0.999677679290895,8.058017727639034e-05
86234,28.137968966149433,1.0,560,681,1241,0.0,-0.0008333472224570926,0.9997582594681713,8.058017727639034e-05
86235,28.13713561892698,1.0,560,681,1241,0.0,-0.0008333472224535399,0.9998388396454476,8.058017727639034e-05
86236,28.136302271704526,1.0,560,681,1241,0.0,-0.0008333472224535399,0.999919419822724,8.058017727639034e-05
86237,28.135468924482073,1.0,560,681,1241,0.0,-0.0008333472224535399,1.0000000000000004,8.058017727639034e-05
86238,28.13463557725962,0.9991941982272361,560,681,1241,-0.0008058017727639033,-0.0008333472224535399,0.999919419822724,-8.058017727639034e-05
86239,28.133802230037166,1.0,560,681,1241,0.0008058017727639033,-0.0008333472224535399,0.999919419822724,0.0
86240,28.132968882814712,1.0,560,681,1241,0.0,-0.0008333472224535399,0.999919419822724,0.0
86241,28.13213553559226,1.0,560,681,1241,0.0,-0.0008333472224535399,0.999919419822724,0.0
86242,28.131302188369805,1.0,560,681,1241,0.0,-0.0008333472224535399,0.999919419822724,0.0
86243,28.13046884114735,1.0,560,681,1241,0.0,-0.0008333472224535399,0.999919419822724,0.0
86244,28.129635493924898,0.9991941982272361,560,681,1241,-0.0008058017727639033,-0.0008333472224535399,0.9998388396454476,-8.058017727639034e-05
86245,28.128802146702444,0.9991941982272361,560,681,1241,0.0,-0.0008333472224535399,0.9997582594681713,-8.058017727639034e-05
86246,28.12796879947999,0.9991941982272361,560,681,1241,0.0,-0.0008333472224535399,0.999677679290895,-8.058017727639034e-05
86247,28.127135452257537,1.0,560,681,1241,0.0008058017727639033,-0.0008333472224535399,0.999677679290895,0.0
86248,28.126302105035084,1.0,560,681,1241,0.0,-0.0008333472224535399,0.9997582594681713,8.058017727639034e-05
86249,28.12546875781263,1.0,560,681,1241,0.0,-0.0008333472224535399,0.9997582594681713,0.0
86250,28.124635410590177,1.0,560,681,1241,0.0,-0.0008333472224535399,0.9997582594681713,0.0
86251,28.123802063367723,1.0,560,681,1241,0.0,-0.0008333472224535399,0.9997582594681713,0.0
86252,28.12296871614527,1.0,560,681,1241,0.0,-0.0008333472224535399,0.9997582594681713,0.0
86253,28.122135368922816,1.0,560,681,1241,0.0,-0.0008333472224535399,0.9997582594681713,0.0
86254,28.121302021700362,1.0,560,681,1241,0.0,-0.0008333472224535399,0.9998388396454476,8.058017727639034e-05
86255,28.120468674477905,1.0,560,681,1241,0.0,-0.0008333472224570926,0.999919419822724,8.058017727639034e-05
86256,28.119635327255452,1.0,560,681,1241,0.0,-0.0008333472224535399,1.0000000000000004,8.058017727639034e-05
86257,28.118801980033,1.0,560,681,1241,0.0,-0.0008333472224535399,1.0000000000000004,0.0
86258,28.117968632810545,1.0,560,681,1241,0.0,-0.0008333472224535399,1.0000000000000004,0.0
86259,28.11713528558809,1.0,560,681,1241,0.0,-0.0008333472224535399,1.0000000000000004,0.0
86260,28.116301938365638,1.0,560,681,1241,0.0,-0.0008333472224535399,1.0000000000000004,0.0
86261,28.115468591143184,1.0,560,681,1241,0.0,-0.0008333472224535399,1.0000000000000004,0.0
86262,28.11463524392073,1.0,560,681,1241,0.0,-0.0008333472224535399,1.0000000000000004,0.0
86263,28.113801896698277,1.0,560,681,1241,0.0,-0.0008333472224535399,1.0000000000000004,0.0
86264,28.112968549475823,1.0,560,681,1241,0.0,-0.0008333472224535399,1.0000000000000004,0.0
86265,28.11213520225337,1.0,560,681,1241,0.0,-0.0008333472224535399,1.0000000000000004,0.0
86266,28.111301855030916,1.0,560,681,1241,0.0,-0.0008333472224535399,1.0000000000000004,0.0
86267,28.110468507808463,1.0,560,681,1241,0.0,-0.0008333472224535399,1.0000000000000004,0.0
86268,28.10963516058601,1.0,560,681,1241,0.0,-0.0008333472224535399,1.0000000000000004,0.0
86269,28.108801813363556,0.9983883964544722,560,681,1241,-0.0016116035455278066,-0.0008333472224535399,0.9998388396454476,-0.00016116035455278067
86270,28.107968466141102,0.9983883964544722,560,681,1241,0.0,-0.0008333472224535399,0.999677679290895,-0.00016116035455278067
86271,28.10713511891865,0.9983883964544722,560,681,1241,0.0,-0.0008333472224535399,0.9995165189363423,-0.00016116035455278067
86272,28.106301771696195,0.9983883964544722,560,681,1241,0.0,-0.0008333472224535399,0.9993553585817896,-0.00016116035455278067
86273,28.10546842447374,0.9991941982272361,560,681,1241,0.0008058017727639033,-0.0008333472224535399,0.9992747784045133,-8.058017727639034e-05
86274,28.104635077251288,0.9991941982272361,560,681,1241,0.0,-0.0008333472224535399,0.9991941982272369,-8.058017727639034e-05
86275,28.103801730028835,0.9991941982272361,560,681,1241,0.0,-0.0008333472224535399,0.9991136180499606,-8.058017727639034e-05
86276,28.102968382806377,1.0,560,681,1241,0.0008058017727639033,-0.0008333472224570926,0.9991136180499606,0.0
86277,28.102135035583924,1.0,560,681,1241,0.0,-0.0008333472224535399,0.9991136180499606,0.0
86278,28.10130168836147,1.0,560,681,1241,0.0,-0.0008333472224535399,0.9991136180499606,0.0
86279,28.100468341139017,1.0,560,681,1241,0.0,-0.0008333472224535399,0.9992747784045133,0.00016116035455278067
86280,28.099634993916563,0.9991941982272361,560,681,1241,-0.0008058017727639033,-0.0008333472224535399,0.9993553585817896,8.058017727639034e-05
86281,28.09880164669411,0.9991941982272361,560,681,1241,0.0,-0.0008333472224535399,0.9994359387590659,8.058017727639034e-05
86282,28.097968299471656,0.9991941982272361,560,681,1241,0.0,-0.0008333472224535399,0.9995165189363423,8.058017727639034e-05
86283,28.097134952249203,0.9991941982272361,560,681,1241,0.0,-0.0008333472224535399,0.9995165189363423,0.0
86284,28.09630160502675,0.9983883964544722,560,681,1241,-0.0008058017727639033,-0.0008333472224535399,0.9994359387590659,-8.058017727639034e-05
86285,28.095468257804296,0.9991941982272361,560,681,1241,0.0008058017727639033,-0.0008333472224535399,0.9994359387590659,0.0
86286,28.094634910581842,0.9991941982272361,560,681,1241,0.0,-0.0008333472224535399,0.9993553585817896,-8.058017727639034e-05
86287,28.09380156335939,1.0,560,681,1241,0.0008058017727639033,-0.0008333472224535399,0.9993553585817896,0.0
86288,28.092968216136935,1.0,560,681,1241,0.0,-0.0008333472224535399,0.9993553585817896,0.0
86289,28.09213486891448,1.0,560,681,1241,0.0,-0.0008333472224535399,0.9993553585817896,0.0
86290,28.091301521692028,1.0,560,681,1241,0.0,-0.0008333472224535399,0.9994359387590659,8.058017727639034e-05
86291,28.090468174469574,1.0,560,681,1241,0.0,-0.0008333472224535399,0.9995165189363423,8.058017727639034e-05
86292,28.08963482724712,1.0,560,681,1241,0.0,-0.0008333472224535399,0.9995970991136186,8.058017727639034e-05
86293,28.088801480024667,1.0,560,681,1241,0.0,-0.0008333472224535399,0.999677679290895,8.058017727639034e-05
86294,28.087968132802214,1.0,560,681,1241,0.0,-0.0008333472224535399,0.9998388396454476,0.00016116035455278067
86295,28.08713478557976,1.0,560,681,1241,0.0,-0.0008333472224535399,0.999919419822724,8.058017727639034e-05
86296,28.086301438357307,1.0,560,681,1241,0.0,-0.0008333472224535399,1.0000000000000004,8.058017727639034e-05
86297,28.085468091134853,1.0,560,681,1241,0.0,-0.0008333472224535399,1.0000000000000004,0.0
86298,28.084634743912396,1.0,560,681,1241,0.0,-0.0008333472224570926,1.0000000000000004,0.0
86299,28.083801396689942,1.0,560,681,1241,0.0,-0.0008333472224535399,1.0000000000000004,0.0
86300,28.08296804946749,1.0,560,681,1241,0.0,-0.0008333472224535399,1.0000000000000004,0.0
86301,28.082134702245035,0.9991941982272361,560,681,1241,-0.0008058017727639033,-0.0008333472224535399,0.999919419822724,-8.058017727639034e-05
86302,28.081301355022582,0.9991941982272361,560,681,1241,0.0,-0.0008333472224535399,0.9998388396454476,-8.058017727639034e-05
86303,28.08046800780013,0.9991941982272361,560,681,1241,0.0,-0.0008333472224535399,0.9997582594681713,-8.058017727639034e-05
86304,28.079634660577675,0.9983883964544722,560,681,1241,-0.0008058017727639033,-0.0008333472224535399,0.9995970991136186,-0.00016116035455278067
86305,28.07880131335522,0.9983883964544722,560,681,1241,0.0,-0.0008333472224535399,0.9994359387590659,-0.00016116035455278067
86306,28.077967966132768,0.9991941982272361,560,681,1241,0.0008058017727639033,-0.0008333472224535399,0.9993553585817896,-8.058017727639034e-05
86307,28.077134618910314,0.9991941982272361,560,681,1241,0.0,-0.0008333472224535399,0.9992747784045133,-8.058017727639034e-05
86308,28.07630127168786,0.9991941982272361,560,681,1241,0.0,-0.0008333472224535399,0.9991941982272369,-8.058017727639034e-05
86309,28.075467924465407,0.9991941982272361,560,681,1241,0.0,-0.0008333472224535399,0.9991136180499606,-8.058017727639034e-05
86310,28.074634577242954,0.9991941982272361,560,681,1241,0.0,-0.0008333472224535399,0.9990330378726842,-8.058017727639034e-05
86311,28.0738012300205,1.0,560,681,1241,0.0008058017727639033,-0.0008333472224535399,0.9991136180499606,8.058017727639034e-05
86312,28.072967882798046,1.0,560,681,1241,0.0,-0.0008333472224535399,0.9991941982272369,8.058017727639034e-05
86313,28.072134535575593,1.0,560,681,1241,0.0,-0.0008333472224535399,0.9992747784045133,8.058017727639034e-05
86314,28.07130118835314,0.9991941982272361,560,681,1241,-0.0008058017727639033,-0.0008333472224535399,0.9993553585817896,8.058017727639034e-05
86315,28.070467841130686,0.9983883964544722,560,681,1241,-0.0008058017727639033,-0.0008333472224535399,0.9993553585817896,0.0
86316,28.069634493908232,0.9983883964544722,560,681,1241,0.0,-0.0008333472224535399,0.9992747784045133,-8.058017727639034e-05
86317,28.06880114668578,0.9983883964544722,560,681,1241,0.0,-0.0008333472224535399,0.9991941982272369,-8.058017727639034e-05
86318,28.067967799463325,0.9983883964544722,560,681,1241,0.0,-0.0008333472224535399,0.9991136180499606,-8.058017727639034e-05
86319,28.067134452240868,0.9975825946817083,560,681,1241,-0.0008058017727639033,-0.0008333472224570926,0.9989524576954076,-0.00016116035455278067
86320,28.066301105018415,0.9983883964544722,560,681,1241,0.0008058017727639033,-0.0008333472224535399,0.9988718775181311,-8.058017727639034e-05
86321,28.06546775779596,0.9983883964544722,560,681,1241,0.0,-0.0008333472224535399,0.9987107171635785,-0.00016116035455278067
86322,28.064634410573507,0.9983883964544722,560,681,1241,0.0,-0.0008333472224535399,0.9985495568090258,-0.00016116035455278067
86323,28.063801063351054,0.9975825946817083,560,681,1241,-0.0008058017727639033,-0.0008333472224535399,0.9983078162771966,-0.00024174053182917098
86324,28.0629677161286,0.9975825946817083,560,681,1241,0.0,-0.0008333472224535399,0.9981466559226437,-0.00016116035455278067
86325,28.062134368906147,0.9983883964544722,560,681,1241,0.0008058017727639033,-0.0008333472224535399,0.9981466559226437,0.0
86326,28.061301021683693,0.9983883964544722,560,681,1241,0.0,-0.0008333472224535399,0.9981466559226437,0.0
86327,28.06046767446124,0.9975825946817083,560,681,1241,-0.0008058017727639033,-0.0008333472224535399,0.9980660757453673,-8.058017727639034e-05
86328,28.059634327238786,0.9975825946817083,560,681,1241,0.0,-0.0008333472224535399,0.997985495568091,-8.058017727639034e-05
86329,28.058800980016333,0.9975825946817083,560,681,1241,0.0,-0.0008333472224535399,0.997985495568091,0.0
86330,28.05796763279388,0.9975825946817083,560,681,1241,0.0,-0.0008333472224535399,0.9979049153908146,-8.058017727639034e-05
86331,28.057134285571426,0.9983883964544722,560,681,1241,0.0008058017727639033,-0.0008333472224535399,0.9979049153908146,0.0
86332,28.056300938348972,0.9983883964544722,560,681,1241,0.0,-0.0008333472224535399,0.9979049153908146,0.0
86333,28.05546759112652,0.9983883964544722,560,681,1241,0.0,-0.0008333472224535399,0.9979854955680911,8.058017727639034e-05
86334,28.054634243904065,0.9983883964544722,560,681,1241,0.0,-0.0008333472224535399,0.9980660757453675,8.058017727639034e-05
86335,28.05380089668161,0.9983883964544722,560,681,1241,0.0,-0.0008333472224535399,0.9980660757453673,0.0
86336,28.052967549459158,0.9983883964544722,560,681,1241,0.0,-0.0008333472224535399,0.9980660757453673,0.0
86337,28.052134202236704,0.9991941982272361,560,681,1241,0.0008058017727639033,-0.0008333472224535399,0.9982272360999203,0.00016116035455278067
86338,28.05130085501425,0.9991941982272361,560,681,1241,0.0,-0.0008333472224535399,0.9983883964544731,0.00016116035455278067
86339,28.050467507791797,1.0,560,681,1241,0.0008058017727639033,-0.0008333472224535399,0.9986301369863023,0.00024174053182917098
86340,28.04963416056934,1.0,560,681,1241,0.0,-0.0008333472224570926,0.9988718775181316,0.00024174053182917098
86341,28.048800813346887,1.0,560,681,1241,0.0,-0.0008333472224535399,0.9990330378726842,0.00016116035455278067
86342,28.047967466124433,0.9991941982272361,560,681,1241,-0.0008058017727639033,-0.0008333472224535399,0.9991136180499606,8.058017727639034e-05
86343,28.04713411890198,0.9983883964544722,560,681,1241,-0.0008058017727639033,-0.0008333472224535399,0.9991136180499606,0.0
86344,28.046300771679526,0.9983883964544722,560,681,1241,0.0,-0.0008333472224535399,0.9991136180499606,0.0
86345,28.045467424457073,0.9983883964544722,560,681,1241,0.0,-0.0008333472224535399,0.9991136180499606,0.0
86346,28.04463407723462,0.9991941982272361,560,681,1241,0.0008058017727639033,-0.0008333472224535399,0.9991941982272369,8.058017727639034e-05
86347,28.043800730012165,0.9983883964544722,560,681,1241,-0.0008058017727639033,-0.0008333472224535399,0.9991136180499606,-8.058017727639034e-05
86348,28.042967382789712,0.9975825946817083,560,681,1241,-0.0008058017727639033,-0.0008333472224535399,0.9989524576954076,-0.00016116035455278067
86349,28.04213403556726,0.9983883964544722,560,681,1241,0.0008058017727639033,-0.0008333472224535399,0.9987912973408548,-0.00016116035455278067
86350,28.041300688344805,0.9983883964544722,560,681,1241,0.0,-0.0008333472224535399,0.9986301369863021,-0.00016116035455278067
86351,28.04046734112235,0.9983883964544722,560,681,1241,0.0,-0.0008333472224535399,0.9984689766317494,-0.00016116035455278067
86352,28.039633993899898,0.9991941982272361,560,681,1241,0.0008058017727639033,-0.0008333472224535399,0.9984689766317494,0.0
86353,28.038800646677444,0.9991941982272361,560,681,1241,0.0,-0.0008333472224535399,0.9985495568090258,8.058017727639034e-05
86354,28.03796729945499,1.0,560,681,1241,0.0008058017727639033,-0.0008333472224535399,0.9987107171635785,0.00016116035455278067
86355,28.037133952232537,1.0,560,681,1241,0.0,-0.0008333472224535399,0.9988718775181311,0.00016116035455278067
86356,28.036300605010084,1.0,560,681,1241,0.0,-0.0008333472224535399,0.9989524576954075,8.058017727639034e-05
86357,28.03546725778763,0.9991941982272361,560,681,1241,-0.0008058017727639033,-0.0008333472224535399,0.9990330378726838,8.058017727639034e-05
86358,28.034633910565177,0.9991941982272361,560,681,1241,0.0,-0.0008333472224535399,0.9991941982272368,0.00016116035455278067
86359,28.033800563342723,0.9991941982272361,560,681,1241,0.0,-0.0008333472224535399,0.9992747784045133,8.058017727639034e-05
86360,28.03296721612027,0.9991941982272361,560,681,1241,0.0,-0.0008333472224535399,0.9993553585817896,8.058017727639034e-05
86361,28.032133868897812,0.9991941982272361,560,681,1241,0.0,-0.0008333472224570926,0.9994359387590659,8.058017727639034e-05
86362,28.03130052167536,0.9991941982272361,560,681,1241,0.0,-0.0008333472224535399,0.9994359387590659,0.0
86363,28.030467174452905,0.9991941982272361,560,681,1241,0.0,-0.0008333472224535399,0.9994359387590659,0.0
86364,28.02963382723045,0.9983883964544722,560,681,1241,-0.0008058017727639033,-0.0008333472224535399,0.9992747784045133,-0.00016116035455278067
86365,28.028800480007998,0.9983883964544722,560,681,1241,0.0,-0.0008333472224535399,0.9991136180499606,-0.00016116035455278067
86366,28.027967132785545,0.9983883964544722,560,681,1241,0.0,-0.0008333472224535399,0.9989524576954079,-0.00016116035455278067
86367,28.02713378556309,0.9983883964544722,560,681,1241,0.0,-0.0008333472224535399,0.9988718775181316,-8.058017727639034e-05
86368,28.026300438340638,0.9983883964544722,560,681,1241,0.0,-0.0008333472224535399,0.9987912973408551,-8.058017727639034e-05
86369,28.025467091118184,0.9983883964544722,560,681,1241,0.0,-0.0008333472224535399,0.9987107171635788,-8.058017727639034e-05
86370,28.02463374389573,0.9975825946817083,560,681,1241,-0.0008058017727639033,-0.0008333472224535399,0.9985495568090259,-0.00016116035455278067
86371,28.023800396673277,0.9975825946817083,560,681,1241,0.0,-0.0008333472224535399,0.9983883964544731,-0.00016116035455278067
86372,28.022967049450823,0.9967767929089444,560,681,1241,-0.0008058017727639033,-0.0008333472224535399,0.9981466559226438,-0.00024174053182917098
86373,28.02213370222837,0.9983883964544722,560,681,1241,0.0016116035455278066,-0.0008333472224535399,0.9980660757453673,-8.058017727639034e-05
86374,28.021300355005916,0.9983883964544722,560,681,1241,0.0,-0.0008333472224535399,0.9980660757453673,0.0
86375,28.020467007783463,0.9975825946817083,560,681,1241,-0.0008058017727639033,-0.0008333472224535399,0.997985495568091,-8.058017727639034e-05
86376,28.01963366056101,0.9975825946817083,560,681,1241,0.0,-0.0008333472224535399,0.9979049153908146,-8.058017727639034e-05
86377,28.018800313338556,0.9983883964544722,560,681,1241,0.0008058017727639033,-0.0008333472224535399,0.9979049153908146,0.0
86378,28.017966966116102,0.9983883964544722,560,681,1241,0.0,-0.0008333472224535399,0.9979049153908146,0.0
86379,28.01713361889365,0.9983883964544722,560,681,1241,0.0,-0.0008333472224535399,0.9979049153908146,0.0
86380,28.016300271671195,0.9983883964544722,560,681,1241,0.0,-0.0008333472224535399,0.9979854955680911,8.058017727639034e-05
86381,28.01546692444874,0.9983883964544722,560,681,1241,0.0,-0.0008333472224535399,0.9980660757453675,8.058017727639034e-05
86382,28.014633577226284,0.9991941982272361,560,681,1241,0.0008058017727639033,-0.0008333472224570926,0.9983078162771968,0.00024174053182917098
86383,28.01380023000383,0.9991941982272361,560,681,1241,0.0,-0.0008333472224535399,0.9983883964544731,8.058017727639034e-05
86384,28.012966882781377,0.9991941982272361,560,681,1241,0.0,-0.0008333472224535399,0.9984689766317494,8.058017727639034e-05
86385,28.012133535558924,0.9983883964544722,560,681,1241,-0.0008058017727639033,-0.0008333472224535399,0.9985495568090259,8.058017727639034e-05
86386,28.01130018833647,0.9983883964544722,560,681,1241,0.0,-0.0008333472224535399,0.9986301369863023,8.058017727639034e-05
86387,28.010466841114017,0.9983883964544722,560,681,1241,0.0,-0.0008333472224535399,0.9986301369863021,0.0
86388,28.009633493891563,0.9983883964544722,560,681,1241,0.0,-0.0008333472224535399,0.9986301369863021,0.0
86389,28.00880014666911,0.9975825946817083,560,681,1241,-0.0008058017727639033,-0.0008333472224535399,0.9985495568090258,-8.058017727639034e-05
86390,28.007966799446656,0.9983883964544722,560,681,1241,0.0008058017727639033,-0.0008333472224535399,0.9985495568090258,0.0
86391,28.007133452224203,0.9983883964544722,560,681,1241,0.0,-0.0008333472224535399,0.9985495568090258,0.0
86392,28.00630010500175,0.9983883964544722,560,681,1241,0.0,-0.0008333472224535399,0.9984689766317494,-8.058017727639034e-05
86393,28.005466757779296,0.9991941982272361,560,681,1241,0.0008058017727639033,-0.0008333472224535399,0.9984689766317494,0.0
86394,28.004633410556842,1.0,560,681,1241,0.0008058017727639033,-0.0008333472224535399,0.9985495568090258,8.058017727639034e-05
86395,28.00380006333439,1.0,560,681,1241,0.0,-0.0008333472224535399,0.9987107171635785,0.00016116035455278067
86396,28.002966716111935,1.0,560,681,1241,0.0,-0.0008333472224535399,0.9988718775181311,0.00016116035455278067
86397,28.00213336888948,0.9991941982272361,560,681,1241,-0.0008058017727639033,-0.0008333472224535399,0.9989524576954075,8.058017727639034e-05
86398,28.001300021667028,0.9991941982272361,560,681,1241,0.0,-0.0008333472224535399,0.9990330378726838,8.058017727639034e-05
86399,28.000466674444574,1.0,560,681,1241,0.0008058017727639033,-0.0008333472224535399,0.9992747784045131,0.00024174053182917098
86400,27.99963332722212,1.0,560,681,1241,0.0,-0.0008333472224535399,0.9994359387590659,0.00016116035455278067
86401,27.998799979999667,1.0,560,681,1241,0.0,-0.0008333472224535399,0.9995970991136186,0.00016116035455278067
86402,27.997966632777214,1.0,560,681,1241,0.0,-0.0008333472224535399,0.9997582594681713,0.00016116035455278067
86403,27.997133285554757,1.0,560,681,1241,0.0,-0.0008333472224570926,0.9998388396454476,8.058017727639034e-05
86404,27.996299938332303,1.0,560,681,1241,0.0,-0.0008333472224535399,0.9998388396454476,0.0
86405,27.99546659110985,0.9991941982272361,560,681,1241,-0.0008058017727639033,-0.0008333472224535399,0.9997582594681713,-8.058017727639034e-05
86406,27.994633243887396,0.9991941982272361,560,681,1241,0.0,-0.0008333472224535399,0.999677679290895,-8.058017727639034e-05
86407,27.993799896664942,0.9983883964544722,560,681,1241,-0.0008058017727639033,-0.0008333472224535399,0.9995970991136186,-8.058017727639034e-05
86408,27.99296654944249,0.9983883964544722,560,681,1241,0.0,-0.0008333472224535399,0.9995165189363423,-8.058017727639034e-05
86409,27.992133202220035,0.9983883964544722,560,681,1241,0.0,-0.0008333472224535399,0.9993553585817896,-0.00016116035455278067
86410,27.99129985499758,0.9991941982272361,560,681,1241,0.0008058017727639033,-0.0008333472224535399,0.9992747784045133,-8.058017727639034e-05
86411,27.99046650777513,0.9991941982272361,560,681,1241,0.0,-0.0008333472224535399,0.9991941982272369,-8.058017727639034e-05
86412,27.989633160552675,0.9991941982272361,560,681,1241,0.0,-0.0008333472224535399,0.9991136180499606,-8.058017727639034e-05
86413,27.98879981333022,1.0,560,681,1241,0.0008058017727639033,-0.0008333472224535399,0.9991136180499606,0.0
86414,27.987966466107768,1.0,560,681,1241,0.0,-0.0008333472224535399,0.9991136180499606,0.0
86415,27.987133118885314,1.0,560,681,1241,0.0,-0.0008333472224535399,0.9991941982272369,8.058017727639034e-05
86416,27.98629977166286,1.0,560,681,1241,0.0,-0.0008333472224535399,0.9992747784045133,8.058017727639034e-05
86417,27.985466424440407,1.0,560,681,1241,0.0,-0.0008333472224535399,0.9994359387590659,0.00016116035455278067
86418,27.984633077217953,1.0,560,681,1241,0.0,-0.0008333472224535399,0.9995970991136186,0.00016116035455278067
86419,27.9837997299955,1.0,560,681,1241,0.0,-0.0008333472224535399,0.9997582594681713,0.00016116035455278067
86420,27.982966382773046,1.0,560,681,1241,0.0,-0.0008333472224535399,0.9998388396454476,8.058017727639034e-05
86421,27.982133035550593,0.9991941982272361,560,681,1241,-0.0008058017727639033,-0.0008333472224535399,0.9998388396454476,0.0
86422,27.98129968832814,0.9991941982272361,560,681,1241,0.0,-0.0008333472224535399,0.9998388396454476,0.0
86423,27.980466341105686,0.9991941982272361,560,681,1241,0.0,-0.0008333472224535399,0.9997582594681713,-8.058017727639034e-05
86424,27.979632993883232,0.9991941982272361,560,681,1241,0.0,-0.0008333472224535399,0.999677679290895,-8.058017727639034e-05
86425,27.978799646660775,0.9991941982272361,560,681,1241,0.0,-0.0008333472224570926,0.9995970991136186,-8.058017727639034e-05
86426,27.97796629943832,0.9991941982272361,560,681,1241,0.0,-0.0008333472224535399,0.9995165189363423,-8.058017727639034e-05
86427,27.977132952215868,0.9991941982272361,560,681,1241,0.0,-0.0008333472224535399,0.9994359387590659,-8.058017727639034e-05
86428,27.976299604993415,1.0,560,681,1241,0.0008058017727639033,-0.0008333472224535399,0.9994359387590659,0.0
86429,27.97546625777096,1.0,560,681,1241,0.0,-0.0008333472224535399,0.9994359387590659,0.0
86430,27.974632910548507,0.9991941982272361,560,681,1241,-0.0008058017727639033,-0.0008333472224535399,0.9993553585817896,-8.058017727639034e-05
86431,27.973799563326054,0.9983883964544722,560,681,1241,-0.0008058017727639033,-0.0008333472224535399,0.9992747784045133,-8.058017727639034e-05
86432,27.9729662161036,0.9983883964544722,560,681,1241,0.0,-0.0008333472224535399,0.9991941982272369,-8.058017727639034e-05
86433,27.972132868881147,0.9991941982272361,560,681,1241,0.0008058017727639033,-0.0008333472224535399,0.9991941982272369,0.0
86434,27.971299521658693,1.0,560,681,1241,0.0008058017727639033,-0.0008333472224535399,0.9992747784045133,8.058017727639034e-05
86435,27.97046617443624,1.0,560,681,1241,0.0,-0.0008333472224535399,0.9993553585817896,8.058017727639034e-05
86436,27.969632827213786,1.0,560,681,1241,0.0,-0.0008333472224535399,0.9994359387590659,8.058017727639034e-05
86437,27.968799479991333,1.0,560,681,1241,0.0,-0.0008333472224535399,0.9995165189363423,8.058017727639034e-05
86438,27.96796613276888,1.0,560,681,1241,0.0,-0.0008333472224535399,0.9995165189363423,0.0
86439,27.967132785546426,1.0,560,681,1241,0.0,-0.0008333472224535399,0.9995165189363423,0.0
86440,27.966299438323972,1.0,560,681,1241,0.0,-0.0008333472224535399,0.9995970991136186,8.058017727639034e-05
86441,27.96546609110152,1.0,560,681,1241,0.0,-0.0008333472224535399,0.9997582594681713,0.00016116035455278067
86442,27.964632743879065,1.0,560,681,1241,0.0,-0.0008333472224535399,0.999919419822724,0.00016116035455278067
86443,27.96379939665661,1.0,560,681,1241,0.0,-0.0008333472224535399,1.0000000000000004,8.058017727639034e-05
86444,27.962966049434158,0.9991941982272361,560,681,1241,-0.0008058017727639033,-0.0008333472224535399,0.999919419822724,-8.058017727639034e-05
86445,27.962132702211704,0.9991941982272361,560,681,1241,0.0,-0.0008333472224535399,0.9998388396454476,-8.058017727639034e-05
86446,27.961299354989247,0.9991941982272361,560,681,1241,0.0,-0.0008333472224570926,0.9997582594681713,-8.058017727639034e-05
86447,27.960466007766794,0.9991941982272361,560,681,1241,0.0,-0.0008333472224535399,0.999677679290895,-8.058017727639034e-05
86448,27.95963266054434,0.9991941982272361,560,681,1241,0.0,-0.0008333472224535399,0.9995970991136186,-8.058017727639034e-05
86449,27.958799313321887,0.9991941982272361,560,681,1241,0.0,-0.0008333472224535399,0.9995165189363423,-8.058017727639034e-05
86450,27.957965966099433,0.9991941982272361,560,681,1241,0.0,-0.0008333472224535399,0.9994359387590659,-8.058017727639034e-05
86451,27.95713261887698,0.9991941982272361,560,681,1241,0.0,-0.0008333472224535399,0.9993553585817896,-8.058017727639034e-05
86452,27.956299271654526,1.0,560,681,1241,0.0008058017727639033,-0.0008333472224535399,0.9993553585817896,0.0
86453,27.955465924432072,1.0,560,681,1241,0.0,-0.0008333472224535399,0.9993553585817896,0.0
86454,27.95463257720962,1.0,560,681,1241,0.0,-0.0008333472224535399,0.9994359387590659,8.058017727639034e-05
86455,27.953799229987165,1.0,560,681,1241,0.0,-0.0008333472224535399,0.9995165189363423,8.058017727639034e-05
86456,27.952965882764712,1.0,560,681,1241,0.0,-0.0008333472224535399,0.9995970991136186,8.058017727639034e-05
86457,27.95213253554226,1.0,560,681,1241,0.0,-0.0008333472224535399,0.999677679290895,8.058017727639034e-05
86458,27.951299188319805,1.0,560,681,1241,0.0,-0.0008333472224535399,0.9997582594681713,8.058017727639034e-05
86459,27.95046584109735,1.0,560,681,1241,0.0,-0.0008333472224535399,0.9998388396454476,8.058017727639034e-05
86460,27.949632493874898,1.0,560,681,1241,0.0,-0.0008333472224535399,0.999919419822724,8.058017727639034e-05
86461,27.948799146652444,1.0,560,681,1241,0.0,-0.0008333472224535399,1.0000000000000004,8.058017727639034e-05
86462,27.94796579942999,0.9983883964544722,560,681,1241,-0.0016116035455278066,-0.0008333472224535399,0.9998388396454476,-0.00016116035455278067
86463,27.947132452207537,0.9991941982272361,560,681,1241,0.0008058017727639033,-0.0008333472224535399,0.9997582594681713,-8.058017727639034e-05
86464,27.946299104985084,0.9991941982272361,560,681,1241,0.0,-0.0008333472224535399,0.999677679290895,-8.058017727639034e-05
86465,27.94546575776263,0.9991941982272361,560,681,1241,0.0,-0.0008333472224535399,0.9995970991136186,-8.058017727639034e-05
86466,27.944632410540176,0.9991941982272361,560,681,1241,0.0,-0.0008333472224535399,0.9995165189363423,-8.058017727639034e-05
86467,27.94379906331772,0.9991941982272361,560,681,1241,0.0,-0.0008333472224570926,0.9994359387590659,-8.058017727639034e-05
86468,27.942965716095266,0.9991941982272361,560,681,1241,0.0,-0.0008333472224535399,0.9993553585817896,-8.058017727639034e-05
86469,27.942132368872812,1.0,560,681,1241,0.0008058017727639033,-0.0008333472224535399,0.9993553585817896,0.0
86470,27.94129902165036,1.0,560,681,1241,0.0,-0.0008333472224535399,0.9993553585817896,0.0
86471,27.940465674427905,1.0,560,681,1241,0.0,-0.0008333472224535399,0.9993553585817896,0.0
86472,27.93963232720545,1.0,560,681,1241,0.0,-0.0008333472224535399,0.9995165189363423,0.00016116035455278067
86473,27.938798979982998,1.0,560,681,1241,0.0,-0.0008333472224535399,0.9995970991136186,8.058017727639034e-05
86474,27.937965632760545,1.0,560,681,1241,0.0,-0.0008333472224535399,0.999677679290895,8.058017727639034e-05
86475,27.93713228553809,1.0,560,681,1241,0.0,-0.0008333472224535399,0.9997582594681713,8.058017727639034e-05
86476,27.936298938315637,1.0,560,681,1241,0.0,-0.0008333472224535399,0.9998388396454476,8.058017727639034e-05
86477,27.935465591093184,1.0,560,681,1241,0.0,-0.0008333472224535399,0.999919419822724,8.058017727639034e-05
86478,27.93463224387073,1.0,560,681,1241,0.0,-0.0008333472224535399,1.0000000000000004,8.058017727639034e-05
86479,27.933798896648277,1.0,560,681,1241,0.0,-0.0008333472224535399,1.0000000000000004,0.0
86480,27.932965549425823,1.0,560,681,1241,0.0,-0.0008333472224535399,1.0000000000000004,0.0
86481,27.93213220220337,1.0,560,681,1241,0.0,-0.0008333472224535399,1.0000000000000004,0.0
86482,27.931298854980916,1.0,560,681,1241,0.0,-0.0008333472224535399,1.0000000000000004,0.0
86483,27.930465507758463,1.0,560,681,1241,0.0,-0.0008333472224535399,1.0000000000000004,0.0
86484,27.92963216053601,1.0,560,681,1241,0.0,-0.0008333472224535399,1.0000000000000004,0.0
86485,27.928798813313556,1.0,560,681,1241,0.0,-0.0008333472224535399,1.0000000000000004,0.0
86486,27.927965466091102,1.0,560,681,1241,0.0,-0.0008333472224535399,1.0000000000000004,0.0
86487,27.92713211886865,1.0,560,681,1241,0.0,-0.0008333472224535399,1.0000000000000004,0.0
86488,27.92629877164619,1.0,560,681,1241,0.0,-0.0008333472224570926,1.0000000000000004,0.0
86489,27.925465424423738,1.0,560,681,1241,0.0,-0.0008333472224535399,1.0000000000000004,0.0
86490,27.924632077201284,1.0,560,681,1241,0.0,-0.0008333472224535399,1.0000000000000004,0.0
86491,27.92379872997883,0.9991941982272361,560,681,1241,-0.0008058017727639033,-0.0008333472224535399,0.999919419822724,-8.058017727639034e-05
86492,27.922965382756377,1.0,560,681,1241,0.0008058017727639033,-0.0008333472224535399,0.999919419822724,0.0
86493,27.922132035533924,1.0,560,681,1241,0.0,-0.0008333472224535399,0.999919419822724,0.0
86494,27.92129868831147,1.0,560,681,1241,0.0,-0.0008333472224535399,0.999919419822724,0.0
86495,27.920465341089017,1.0,560,681,1241,0.0,-0.0008333472224535399,0.999919419822724,0.0
86496,27.919631993866563,1.0,560,681,1241,0.0,-0.0008333472224535399,0.999919419822724,0.0
86497,27.91879864664411,1.0,560,681,1241,0.0,-0.0008333472224535399,0.999919419822724,0.0
86498,27.917965299421656,1.0,560,681,1241,0.0,-0.0008333472224535399,0.999919419822724,0.0
86499,27.917131952199203,1.0,560,681,1241,0.0,-0.0008333472224535399,0.999919419822724,0.0
86500,27.91629860497675,0.9991941982272361,560,681,1241,-0.0008058017727639033,-0.0008333472224535399,0.9998388396454476,-8.058017727639034e-05
86501,27.915465257754295,1.0,560,681,1241,0.0008058017727639033,-0.0008333472224535399,0.999919419822724,8.058017727639034e-05
86502,27.914631910531842,1.0,560,681,1241,0.0,-0.0008333472224535399,0.999919419822724,0.0
86503,27.91379856330939,1.0,560,681,1241,0.0,-0.0008333472224535399,0.999919419822724,0.0
86504,27.912965216086935,1.0,560,681,1241,0.0,-0.0008333472224535399,0.999919419822724,0.0
86505,27.91213186886448,1.0,560,681,1241,0.0,-0.0008333472224535399,0.999919419822724,0.0
86506,27.911298521642028,1.0,560,681,1241,0.0,-0.0008333472224535399,0.999919419822724,0.0
86507,27.910465174419574,1.0,560,681,1241,0.0,-0.0008333472224535399,0.999919419822724,0.0
86508,27.90963182719712,0.9991941982272361,560,681,1241,-0.0008058017727639033,-0.0008333472224535399,0.9998388396454476,-8.058017727639034e-05
86509,27.908798479974664,0.9991941982272361,560,681,1241,0.0,-0.0008333472224570926,0.9997582594681713,-8.058017727639034e-05
86510,27.90796513275221,0.9991941982272361,560,681,1241,0.0,-0.0008333472224535399,0.9997582594681713,0.0
86511,27.907131785529756,0.9991941982272361,560,681,1241,0.0,-0.0008333472224535399,0.999677679290895,-8.058017727639034e-05
86512,27.906298438307303,0.9991941982272361,560,681,1241,0.0,-0.0008333472224535399,0.9995970991136186,-8.058017727639034e-05
86513,27.90546509108485,0.9991941982272361,560,681,1241,0.0,-0.0008333472224535399,0.9995165189363423,-8.058017727639034e-05
86514,27.904631743862396,0.9991941982272361,560,681,1241,0.0,-0.0008333472224535399,0.9994359387590659,-8.058017727639034e-05
86515,27.903798396639942,1.0,560,681,1241,0.0008058017727639033,-0.0008333472224535399,0.9994359387590659,0.0
86516,27.90296504941749,1.0,560,681,1241,0.0,-0.0008333472224535399,0.9994359387590659,0.0
86517,27.902131702195035,0.9991941982272361,560,681,1241,-0.0008058017727639033,-0.0008333472224535399,0.9993553585817896,-8.058017727639034e-05
86518,27.90129835497258,1.0,560,681,1241,0.0008058017727639033,-0.0008333472224535399,0.9994359387590659,8.058017727639034e-05
86519,27.900465007750128,1.0,560,681,1241,0.0,-0.0008333472224535399,0.9995165189363423,8.058017727639034e-05
86520,27.899631660527675,0.9991941982272361,560,681,1241,-0.0008058017727639033,-0.0008333472224535399,0.9995165189363423,0.0
86521,27.89879831330522,0.9991941982272361,560,681,1241,0.0,-0.0008333472224535399,0.9995165189363423,0.0
86522,27.897964966082768,0.9991941982272361,560,681,1241,0.0,-0.0008333472224535399,0.9995165189363423,0.0
86523,27.897131618860314,0.9991941982272361,560,681,1241,0.0,-0.0008333472224535399,0.9995165189363423,0.0
86524,27.89629827163786,0.9991941982272361,560,681,1241,0.0,-0.0008333472224535399,0.9995165189363423,0.0
86525,27.895464924415407,0.9991941982272361,560,681,1241,0.0,-0.0008333472224535399,0.9994359387590659,-8.058017727639034e-05
86526,27.894631577192953,0.9991941982272361,560,681,1241,0.0,-0.0008333472224535399,0.9993553585817896,-8.058017727639034e-05
86527,27.8937982299705,0.9991941982272361,560,681,1241,0.0,-0.0008333472224535399,0.9993553585817896,0.0
86528,27.892964882748046,0.9991941982272361,560,681,1241,0.0,-0.0008333472224535399,0.9992747784045133,-8.058017727639034e-05
86529,27.892131535525593,0.9991941982272361,560,681,1241,0.0,-0.0008333472224535399,0.9991941982272369,-8.058017727639034e-05
86530,27.89129818830314,0.9991941982272361,560,681,1241,0.0,-0.0008333472224535399,0.9991941982272369,0.0
86531,27.890464841080682,1.0,560,681,1241,0.0008058017727639033,-0.0008333472224570926,0.9992747784045133,8.058017727639034e-05
86532,27.88963149385823,0.9991941982272361,560,681,1241,-0.0008058017727639033,-0.0008333472224535399,0.9992747784045133,0.0
86533,27.888798146635775,0.9991941982272361,560,681,1241,0.0,-0.0008333472224535399,0.9992747784045133,0.0
86534,27.88796479941332,0.9991941982272361,560,681,1241,0.0,-0.0008333472224535399,0.9992747784045133,0.0
86535,27.887131452190868,0.9991941982272361,560,681,1241,0.0,-0.0008333472224535399,0.9992747784045133,0.0
86536,27.886298104968414,0.9991941982272361,560,681,1241,0.0,-0.0008333472224535399,0.9992747784045133,0.0
86537,27.88546475774596,0.9991941982272361,560,681,1241,0.0,-0.0008333472224535399,0.9992747784045133,0.0
86538,27.884631410523507,0.9991941982272361,560,681,1241,0.0,-0.0008333472224535399,0.9992747784045133,0.0
86539,27.883798063301054,0.9991941982272361,560,681,1241,0.0,-0.0008333472224535399,0.9992747784045133,0.0
86540,27.8829647160786,0.9991941982272361,560,681,1241,0.0,-0.0008333472224535399,0.9992747784045133,0.0
86541,27.882131368856147,0.9991941982272361,560,681,1241,0.0,-0.0008333472224535399,0.9991941982272369,-8.058017727639034e-05
86542,27.881298021633693,1.0,560,681,1241,0.0008058017727639033,-0.0008333472224535399,0.9992747784045133,8.058017727639034e-05
86543,27.88046467441124,1.0,560,681,1241,0.0,-0.0008333472224535399,0.9993553585817896,8.058017727639034e-05
86544,27.879631327188786,1.0,560,681,1241,0.0,-0.0008333472224535399,0.9994359387590659,8.058017727639034e-05
86545,27.878797979966333,1.0,560,681,1241,0.0,-0.0008333472224535399,0.9995165189363423,8.058017727639034e-05
86546,27.87796463274388,0.9991941982272361,560,681,1241,-0.0008058017727639033,-0.0008333472224535399,0.9995165189363423,0.0
86547,27.877131285521425,0.9991941982272361,560,681,1241,0.0,-0.0008333472224535399,0.9995165189363423,0.0
86548,27.876297938298972,0.9991941982272361,560,681,1241,0.0,-0.0008333472224535399,0.9995165189363423,0.0
86549,27.87546459107652,0.9991941982272361,560,681,1241,0.0,-0.0008333472224535399,0.9995165189363423,0.0
86550,27.874631243854065,1.0,560,681,1241,0.0008058017727639033,-0.0008333472224535399,0.9995970991136186,8.058017727639034e-05
86551,27.87379789663161,0.9991941982272361,560,681,1241,-0.0008058017727639033,-0.0008333472224535399,0.9995970991136186,0.0
86552,27.872964549409154,0.9991941982272361,560,681,1241,0.0,-0.0008333472224570926,0.9995165189363423,-8.058017727639034e-05
86553,27.8721312021867,0.9991941982272361,560,681,1241,0.0,-0.0008333472224535399,0.9994359387590659,-8.058017727639034e-05
86554,27.871297854964247,0.9991941982272361,560,681,1241,0.0,-0.0008333472224535399,0.9993553585817896,-8.058017727639034e-05
86555,27.870464507741794,1.0,560,681,1241,0.0008058017727639033,-0.0008333472224535399,0.9993553585817896,0.0
86556,27.86963116051934,1.0,560,681,1241,0.0,-0.0008333472224535399,0.9994359387590659,8.058017727639034e-05
86557,27.868797813296887,0.9991941982272361,560,681,1241,-0.0008058017727639033,-0.0008333472224535399,0.9994359387590659,0.0
86558,27.867964466074433,0.9991941982272361,560,681,1241,0.0,-0.0008333472224535399,0.9994359387590659,0.0
86559,27.86713111885198,0.9991941982272361,560,681,1241,0.0,-0.0008333472224535399,0.9994359387590659,0.0
86560,27.866297771629526,0.9991941982272361,560,681,1241,0.0,-0.0008333472224535399,0.9993553585817896,-8.058017727639034e-05
86561,27.865464424407072,0.9983883964544722,560,681,1241,-0.0008058017727639033,-0.0008333472224535399,0.9992747784045133,-8.058017727639034e-05
86562,27.86463107718462,0.9983883964544722,560,681,1241,0.0,-0.0008333472224535399,0.9991941982272369,-8.058017727639034e-05
86563,27.863797729962165,0.9983883964544722,560,681,1241,0.0,-0.0008333472224535399,0.9991136180499606,-8.058017727639034e-05
86564,27.86296438273971,0.9983883964544722,560,681,1241,0.0,-0.0008333472224535399,0.9990330378726842,-8.058017727639034e-05
86565,27.86213103551726,0.9983883964544722,560,681,1241,0.0,-0.0008333472224535399,0.9988718775181316,-0.00016116035455278067
86566,27.861297688294805,0.9983883964544722,560,681,1241,0.0,-0.0008333472224535399,0.9987107171635788,-0.00016116035455278067
86567,27.86046434107235,0.9983883964544722,560,681,1241,0.0,-0.0008333472224535399,0.9986301369863024,-8.058017727639034e-05
86568,27.859630993849898,0.9983883964544722,560,681,1241,0.0,-0.0008333472224535399,0.9985495568090261,-8.058017727639034e-05
86569,27.858797646627444,0.9991941982272361,560,681,1241,0.0008058017727639033,-0.0008333472224535399,0.9985495568090261,0.0
86570,27.85796429940499,0.9991941982272361,560,681,1241,0.0,-0.0008333472224535399,0.9985495568090261,0.0
86571,27.857130952182537,1.0,560,681,1241,0.0008058017727639033,-0.0008333472224535399,0.9987107171635788,0.00016116035455278067
86572,27.856297604960083,1.0,560,681,1241,0.0,-0.0008333472224535399,0.9988718775181316,0.00016116035455278067
86573,27.855464257737626,1.0,560,681,1241,0.0,-0.0008333472224570926,0.9990330378726842,0.00016116035455278067
86574,27.854630910515173,1.0,560,681,1241,0.0,-0.0008333472224535399,0.9991941982272369,0.00016116035455278067
86575,27.85379756329272,0.9991941982272361,560,681,1241,-0.0008058017727639033,-0.0008333472224535399,0.9992747784045133,8.058017727639034e-05
86576,27.852964216070266,1.0,560,681,1241,0.0008058017727639033,-0.0008333472224535399,0.9994359387590659,0.00016116035455278067
86577,27.852130868847812,1.0,560,681,1241,0.0,-0.0008333472224535399,0.9995970991136186,0.00016116035455278067
86578,27.85129752162536,1.0,560,681,1241,0.0,-0.0008333472224535399,0.9997582594681713,0.00016116035455278067
86579,27.850464174402905,1.0,560,681,1241,0.0,-0.0008333472224535399,0.9998388396454476,8.058017727639034e-05
86580,27.84963082718045,1.0,560,681,1241,0.0,-0.0008333472224535399,0.999919419822724,8.058017727639034e-05
86581,27.848797479957998,1.0,560,681,1241,0.0,-0.0008333472224535399,0.999919419822724,0.0
86582,27.847964132735544,1.0,560,681,1241,0.0,-0.0008333472224535399,0.999919419822724,0.0
86583,27.84713078551309,1.0,560,681,1241,0.0,-0.0008333472224535399,0.999919419822724,0.0
86584,27.846297438290637,1.0,560,681,1241,0.0,-0.0008333472224535399,0.999919419822724,0.0
86585,27.845464091068184,1.0,560,681,1241,0.0,-0.0008333472224535399,1.0000000000000004,8.058017727639034e-05
86586,27.84463074384573,0.9991941982272361,560,681,1241,-0.0008058017727639033,-0.0008333472224535399,0.999919419822724,-8.058017727639034e-05
86587,27.843797396623277,0.9991941982272361,560,681,1241,0.0,-0.0008333472224535399,0.9998388396454476,-8.058017727639034e-05
86588,27.842964049400823,0.9991941982272361,560,681,1241,0.0,-0.0008333472224535399,0.9997582594681713,-8.058017727639034e-05
86589,27.84213070217837,0.9991941982272361,560,681,1241,0.0,-0.0008333472224535399,0.999677679290895,-8.058017727639034e-05
86590,27.841297354955916,0.9991941982272361,560,681,1241,0.0,-0.0008333472224535399,0.9995970991136186,-8.058017727639034e-05
86591,27.840464007733463,0.9991941982272361,560,681,1241,0.0,-0.0008333472224535399,0.9995165189363423,-8.058017727639034e-05
86592,27.83963066051101,0.9983883964544722,560,681,1241,-0.0008058017727639033,-0.0008333472224535399,0.9993553585817896,-0.00016116035455278067
86593,27.838797313288556,0.9983883964544722,560,681,1241,0.0,-0.0008333472224535399,0.9991941982272369,-0.00016116035455278067
86594,27.8379639660661,0.9983883964544722,560,681,1241,0.0,-0.0008333472224570926,0.9990330378726842,-0.00016116035455278067
86595,27.837130618843645,0.9983883964544722,560,681,1241,0.0,-0.0008333472224535399,0.9988718775181316,-0.00016116035455278067
86596,27.83629727162119,0.9991941982272361,560,681,1241,0.0008058017727639033,-0.0008333472224535399,0.9988718775181316,0.0
86597,27.835463924398738,0.9991941982272361,560,681,1241,0.0,-0.0008333472224535399,0.9988718775181316,0.0
86598,27.834630577176284,0.9991941982272361,560,681,1241,0.0,-0.0008333472224535399,0.9988718775181316,0.0
86599,27.83379722995383,1.0,560,681,1241,0.0008058017727639033,-0.0008333472224535399,0.9989524576954079,8.058017727639034e-05
86600,27.832963882731377,0.9991941982272361,560,681,1241,-0.0008058017727639033,-0.0008333472224535399,0.9989524576954079,0.0
86601,27.832130535508924,0.9983883964544722,560,681,1241,-0.0008058017727639033,-0.0008333472224535399,0.9988718775181316,-8.058017727639034e-05
86602,27.83129718828647,0.9975825946817083,560,681,1241,-0.0008058017727639033,-0.0008333472224535399,0.9987912973408551,-8.058017727639034e-05
86603,27.830463841064017,0.9983883964544722,560,681,1241,0.0008058017727639033,-0.0008333472224535399,0.9987912973408551,0.0
86604,27.829630493841563,1.0,560,681,1241,0.0016116035455278066,-0.0008333472224535399,0.9989524576954079,0.00016116035455278067
86605,27.82879714661911,1.0,560,681,1241,0.0,-0.0008333472224535399,0.9991136180499606,0.00016116035455278067
86606,27.827963799396656,1.0,560,681,1241,0.0,-0.0008333472224535399,0.9991941982272369,8.058017727639034e-05
86607,27.827130452174202,1.0,560,681,1241,0.0,-0.0008333472224535399,0.9992747784045133,8.058017727639034e-05
86608,27.82629710495175,1.0,560,681,1241,0.0,-0.0008333472224535399,0.9993553585817896,8.058017727639034e-05
86609,27.825463757729295,1.0,560,681,1241,0.0,-0.0008333472224535399,0.9993553585817896,0.0
86610,27.824630410506842,1.0,560,681,1241,0.0,-0.0008333472224535399,0.9994359387590659,8.058017727639034e-05
86611,27.82379706328439,1.0,560,681,1241,0.0,-0.0008333472224535399,0.9995970991136186,0.00016116035455278067
86612,27.822963716061935,1.0,560,681,1241,0.0,-0.0008333472224535399,0.9998388396454478,0.00024174053182917098
86613,27.82213036883948,1.0,560,681,1241,0.0,-0.0008333472224535399,1.0000000000000007,0.00016116035455278067
86614,27.821297021617028,1.0,560,681,1241,0.0,-0.0008333472224535399,1.0000000000000007,0.0
86615,27.82046367439457,1.0,560,681,1241,0.0,-0.0008333472224570926,1.0000000000000007,0.0
86616,27.819630327172117,1.0,560,681,1241,0.0,-0.0008333472224535399,1.0000000000000007,0.0
86617,27.818796979949663,1.0,560,681,1241,0.0,-0.0008333472224535399,1.0000000000000007,0.0
86618,27.81796363272721,0.9991941982272361,560,681,1241,-0.0008058017727639033,-0.0008333472224535399,0.9999194198227244,-8.058017727639034e-05
86619,27.817130285504756,0.9983883964544722,560,681,1241,-0.0008058017727639033,-0.0008333472224535399,0.9997582594681717,-0.00016116035455278067
86620,27.816296938282303,0.9975825946817083,560,681,1241,-0.0008058017727639033,-0.0008333472224535399,0.9995165189363424,-0.00024174053182917098
86621,27.81546359105985,0.9983883964544722,560,681,1241,0.0008058017727639033,-0.0008333472224535399,0.9993553585817896,-0.00016116035455278067
86622,27.814630243837396,0.9983883964544722,560,681,1241,0.0,-0.0008333472224535399,0.9991941982272369,-0.00016116035455278067
86623,27.813796896614942,0.9983883964544722,560,681,1241,0.0,-0.0008333472224535399,0.9990330378726842,-0.00016116035455278067
86624,27.81296354939249,0.9983883964544722,560,681,1241,0.0,-0.0008333472224535399,0.9988718775181316,-0.00016116035455278067
86625,27.812130202170035,0.9983883964544722,560,681,1241,0.0,-0.0008333472224535399,0.9987107171635788,-0.00016116035455278067
86626,27.81129685494758,0.9991941982272361,560,681,1241,0.0008058017727639033,-0.0008333472224535399,0.9986301369863024,-8.058017727639034e-05
86627,27.810463507725128,0.9991941982272361,560,681,1241,0.0,-0.0008333472224535399,0.9985495568090261,-8.058017727639034e-05
86628,27.809630160502675,0.9991941982272361,560,681,1241,0.0,-0.0008333472224535399,0.9985495568090261,0.0
86629,27.80879681328022,0.9991941982272361,560,681,1241,0.0,-0.0008333472224535399,0.9986301369863024,8.058017727639034e-05
86630,27.807963466057767,0.9991941982272361,560,681,1241,0.0,-0.0008333472224535399,0.9987912973408554,0.00016116035455278067
86631,27.807130118835314,0.9991941982272361,560,681,1241,0.0,-0.0008333472224535399,0.9988718775181319,8.058017727639034e-05
86632,27.80629677161286,0.9991941982272361,560,681,1241,0.0,-0.0008333472224535399,0.9989524576954082,8.058017727639034e-05
86633,27.805463424390407,0.9991941982272361,560,681,1241,0.0,-0.0008333472224535399,0.9990330378726846,8.058017727639034e-05
86634,27.804630077167953,0.9991941982272361,560,681,1241,0.0,-0.0008333472224535399,0.9991136180499609,8.058017727639034e-05
86635,27.8037967299455,0.9991941982272361,560,681,1241,0.0,-0.0008333472224535399,0.9991941982272372,8.058017727639034e-05
86636,27.802963382723043,0.9991941982272361,560,681,1241,0.0,-0.0008333472224570926,0.9991941982272372,0.0
86637,27.80213003550059,1.0,560,681,1241,0.0008058017727639033,-0.0008333472224535399,0.9992747784045136,8.058017727639034e-05
86638,27.801296688278136,0.9991941982272361,560,681,1241,-0.0008058017727639033,-0.0008333472224535399,0.9992747784045136,0.0
86639,27.800463341055682,0.9983883964544722,560,681,1241,-0.0008058017727639033,-0.0008333472224535399,0.9991941982272372,-8.058017727639034e-05
86640,27.79962999383323,0.9991941982272361,560,681,1241,0.0008058017727639033,-0.0008333472224535399,0.9991941982272372,0.0
86641,27.798796646610775,0.9991941982272361,560,681,1241,0.0,-0.0008333472224535399,0.9991941982272372,0.0
86642,27.79796329938832,0.9991941982272361,560,681,1241,0.0,-0.0008333472224535399,0.9991941982272372,0.0
86643,27.797129952165868,0.9991941982272361,560,681,1241,0.0,-0.0008333472224535399,0.9991941982272372,0.0
86644,27.796296604943414,1.0,560,681,1241,0.0008058017727639033,-0.0008333472224535399,0.9992747784045136,8.058017727639034e-05
86645,27.79546325772096,1.0,560,681,1241,0.0,-0.0008333472224535399,0.9993553585817899,8.058017727639034e-05
86646,27.794629910498507,1.0,560,681,1241,0.0,-0.0008333472224535399,0.9994359387590663,8.058017727639034e-05
86647,27.793796563276054,1.0,560,681,1241,0.0,-0.0008333472224535399,0.9994359387590663,0.0
86648,27.7929632160536,1.0,560,681,1241,0.0,-0.0008333472224535399,0.9995165189363426,8.058017727639034e-05
86649,27.792129868831147,1.0,560,681,1241,0.0,-0.0008333472224535399,0.9996776792908953,0.00016116035455278067
86650,27.791296521608693,1.0,560,681,1241,0.0,-0.0008333472224535399,0.9997582594681717,8.058017727639034e-05
86651,27.79046317438624,1.0,560,681,1241,0.0,-0.0008333472224535399,0.9998388396454481,8.058017727639034e-05
86652,27.789629827163786,1.0,560,681,1241,0.0,-0.0008333472224535399,0.9999194198227244,8.058017727639034e-05
86653,27.788796479941333,1.0,560,681,1241,0.0,-0.0008333472224535399,1.0000000000000007,8.058017727639034e-05
86654,27.78796313271888,1.0,560,681,1241,0.0,-0.0008333472224535399,1.0000000000000007,0.0
86655,27.787129785496425,1.0,560,681,1241,0.0,-0.0008333472224535399,1.0000000000000007,0.0
86656,27.786296438273972,1.0,560,681,1241,0.0,-0.0008333472224535399,1.0000000000000007,0.0
86657,27.78546309105152,1.0,560,681,1241,0.0,-0.0008333472224535399,1.0000000000000007,0.0
86658,27.78462974382906,1.0,560,681,1241,0.0,-0.0008333472224570926,1.0000000000000007,0.0
86659,27.783796396606608,1.0,560,681,1241,0.0,-0.0008333472224535399,1.0000000000000007,0.0
86660,27.782963049384154,1.0,560,681,1241,0.0,-0.0008333472224535399,1.0000000000000007,0.0
86661,27.7821297021617,1.0,560,681,1241,0.0,-0.0008333472224535399,1.0000000000000007,0.0
86662,27.781296354939247,0.9991941982272361,560,681,1241,-0.0008058017727639033,-0.0008333472224535399,0.9999194198227244,-8.058017727639034e-05
86663,27.780463007716794,0.9991941982272361,560,681,1241,0.0,-0.0008333472224535399,0.9998388396454481,-8.058017727639034e-05
86664,27.77962966049434,0.9991941982272361,560,681,1241,0.0,-0.0008333472224535399,0.9997582594681717,-8.058017727639034e-05
86665,27.778796313271886,0.9991941982272361,560,681,1241,0.0,-0.0008333472224535399,0.9996776792908953,-8.058017727639034e-05
86666,27.777962966049433,0.9991941982272361,560,681,1241,0.0,-0.0008333472224535399,0.9995970991136189,-8.058017727639034e-05
86667,27.77712961882698,0.9991941982272361,560,681,1241,0.0,-0.0008333472224535399,0.9995165189363426,-8.058017727639034e-05
86668,27.776296271604526,0.9991941982272361,560,681,1241,0.0,-0.0008333472224535399,0.9994359387590663,-8.058017727639034e-05
86669,27.775462924382072,0.9991941982272361,560,681,1241,0.0,-0.0008333472224535399,0.9993553585817899,-8.058017727639034e-05
86670,27.77462957715962,0.9991941982272361,560,681,1241,0.0,-0.0008333472224535399,0.9992747784045136,-8.058017727639034e-05
86671,27.773796229937165,0.9991941982272361,560,681,1241,0.0,-0.0008333472224535399,0.9991941982272372,-8.058017727639034e-05
86672,27.77296288271471,0.9991941982272361,560,681,1241,0.0,-0.0008333472224535399,0.9991941982272372,0.0
86673,27.772129535492258,1.0,560,681,1241,0.0008058017727639033,-0.0008333472224535399,0.9992747784045136,8.058017727639034e-05
86674,27.771296188269805,1.0,560,681,1241,0.0,-0.0008333472224535399,0.9993553585817899,8.058017727639034e-05
86675,27.77046284104735,1.0,560,681,1241,0.0,-0.0008333472224535399,0.9994359387590663,8.058017727639034e-05
86676,27.769629493824898,1.0,560,681,1241,0.0,-0.0008333472224535399,0.9995165189363426,8.058017727639034e-05
86677,27.768796146602444,1.0,560,681,1241,0.0,-0.0008333472224535399,0.9995970991136189,8.058017727639034e-05
86678,27.76796279937999,1.0,560,681,1241,0.0,-0.0008333472224535399,0.9996776792908953,8.058017727639034e-05
86679,27.767129452157533,1.0,560,681,1241,0.0,-0.0008333472224570926,0.9997582594681717,8.058017727639034e-05
86680,27.76629610493508,1.0,560,681,1241,0.0,-0.0008333472224535399,0.9998388396454481,8.058017727639034e-05
86681,27.765462757712626,1.0,560,681,1241,0.0,-0.0008333472224535399,0.9999194198227244,8.058017727639034e-05
86682,27.764629410490173,1.0,560,681,1241,0.0,-0.0008333472224535399,1.0000000000000007,8.058017727639034e-05
86683,27.76379606326772,1.0,560,681,1241,0.0,-0.0008333472224535399,1.0000000000000007,0.0
86684,27.762962716045266,1.0,560,681,1241,0.0,-0.0008333472224535399,1.0000000000000007,0.0
86685,27.762129368822812,1.0,560,681,1241,0.0,-0.0008333472224535399,1.0000000000000007,0.0
86686,27.76129602160036,1.0,560,681,1241,0.0,-0.0008333472224535399,1.0000000000000007,0.0
86687,27.760462674377905,1.0,560,681,1241,0.0,-0.0008333472224535399,1.0000000000000007,0.0
86688,27.75962932715545,0.9991941982272361,560,681,1241,-0.0008058017727639033,-0.0008333472224535399,0.9999194198227244,-8.058017727639034e-05
86689,27.758795979932998,0.9991941982272361,560,681,1241,0.0,-0.0008333472224535399,0.9998388396454481,-8.058017727639034e-05
86690,27.757962632710544,0.9991941982272361,560,681,1241,0.0,-0.0008333472224535399,0.9997582594681717,-8.058017727639034e-05
86691,27.75712928548809,0.9991941982272361,560,681,1241,0.0,-0.0008333472224535399,0.9996776792908953,-8.058017727639034e-05
86692,27.756295938265637,0.9991941982272361,560,681,1241,0.0,-0.0008333472224535399,0.9995970991136189,-8.058017727639034e-05
86693,27.755462591043184,0.9991941982272361,560,681,1241,0.0,-0.0008333472224535399,0.9995165189363426,-8.058017727639034e-05
86694,27.75462924382073,0.9991941982272361,560,681,1241,0.0,-0.0008333472224535399,0.9994359387590663,-8.058017727639034e-05
86695,27.753795896598277,0.9991941982272361,560,681,1241,0.0,-0.0008333472224535399,0.9993553585817899,-8.058017727639034e-05
86696,27.752962549375823,0.9991941982272361,560,681,1241,0.0,-0.0008333472224535399,0.9992747784045136,-8.058017727639034e-05
86697,27.75212920215337,0.9991941982272361,560,681,1241,0.0,-0.0008333472224535399,0.9991941982272372,-8.058017727639034e-05
86698,27.751295854930916,0.9983883964544722,560,681,1241,-0.0008058017727639033,-0.0008333472224535399,0.9991136180499609,-8.058017727639034e-05
86699,27.750462507708463,0.9983883964544722,560,681,1241,0.0,-0.0008333472224535399,0.9990330378726846,-8.058017727639034e-05
86700,27.749629160486005,0.9991941982272361,560,681,1241,0.0008058017727639033,-0.0008333472224570926,0.9990330378726846,0.0
86701,27.748795813263552,1.0,560,681,1241,0.0008058017727639033,-0.0008333472224535399,0.9991136180499609,8.058017727639034e-05
86702,27.7479624660411,1.0,560,681,1241,0.0,-0.0008333472224535399,0.9991941982272372,8.058017727639034e-05
86703,27.747129118818645,1.0,560,681,1241,0.0,-0.0008333472224535399,0.9992747784045136,8.058017727639034e-05
86704,27.74629577159619,1.0,560,681,1241,0.0,-0.0008333472224535399,0.9993553585817899,8.058017727639034e-05
86705,27.745462424373738,1.0,560,681,1241,0.0,-0.0008333472224535399,0.9994359387590663,8.058017727639034e-05
86706,27.744629077151284,1.0,560,681,1241,0.0,-0.0008333472224535399,0.9995165189363426,8.058017727639034e-05
86707,27.74379572992883,1.0,560,681,1241,0.0,-0.0008333472224535399,0.9995970991136189,8.058017727639034e-05
86708,27.742962382706377,0.9991941982272361,560,681,1241,-0.0008058017727639033,-0.0008333472224535399,0.9996776792908953,8.058017727639034e-05
86709,27.742129035483924,1.0,560,681,1241,0.0008058017727639033,-0.0008333472224535399,0.9998388396454481,0.00016116035455278067
86710,27.74129568826147,1.0,560,681,1241,0.0,-0.0008333472224535399,0.9999194198227244,8.058017727639034e-05
86711,27.740462341039017,1.0,560,681,1241,0.0,-0.0008333472224535399,0.9999194198227244,0.0
86712,27.739628993816563,1.0,560,681,1241,0.0,-0.0008333472224535399,0.9999194198227244,0.0
86713,27.73879564659411,1.0,560,681,1241,0.0,-0.0008333472224535399,0.9999194198227244,0.0
86714,27.737962299371656,1.0,560,681,1241,0.0,-0.0008333472224535399,0.9999194198227244,0.0
86715,27.737128952149202,0.9991941982272361,560,681,1241,-0.0008058017727639033,-0.0008333472224535399,0.9998388396454481,-8.058017727639034e-05
86716,27.73629560492675,0.9991941982272361,560,681,1241,0.0,-0.0008333472224535399,0.9997582594681717,-8.058017727639034e-05
86717,27.735462257704295,0.9991941982272361,560,681,1241,0.0,-0.0008333472224535399,0.9996776792908953,-8.058017727639034e-05
86718,27.73462891048184,0.9991941982272361,560,681,1241,0.0,-0.0008333472224535399,0.9996776792908953,0.0
86719,27.733795563259388,0.9991941982272361,560,681,1241,0.0,-0.0008333472224535399,0.9995970991136189,-8.058017727639034e-05
86720,27.732962216036935,1.0,560,681,1241,0.0008058017727639033,-0.0008333472224535399,0.9995970991136189,0.0
86721,27.732128868814478,1.0,560,681,1241,0.0,-0.0008333472224570926,0.9995970991136189,0.0
86722,27.731295521592024,1.0,560,681,1241,0.0,-0.0008333472224535399,0.9995970991136189,0.0
86723,27.73046217436957,1.0,560,681,1241,0.0,-0.0008333472224535399,0.9995970991136189,0.0
86724,27.729628827147117,1.0,560,681,1241,0.0,-0.0008333472224535399,0.9995970991136189,0.0
86725,27.728795479924663,1.0,560,681,1241,0.0,-0.0008333472224535399,0.9996776792908953,8.058017727639034e-05
86726,27.72796213270221,1.0,560,681,1241,0.0,-0.0008333472224535399,0.9997582594681717,8.058017727639034e-05
86727,27.727128785479756,1.0,560,681,1241,0.0,-0.0008333472224535399,0.9998388396454481,8.058017727639034e-05
86728,27.726295438257303,1.0,560,681,1241,0.0,-0.0008333472224535399,0.9999194198227244,8.058017727639034e-05
86729,27.72546209103485,0.9991941982272361,560,681,1241,-0.0008058017727639033,-0.0008333472224535399,0.9999194198227244,0.0
86730,27.724628743812396,0.9991941982272361,560,681,1241,0.0,-0.0008333472224535399,0.9998388396454481,-8.058017727639034e-05
86731,27.723795396589942,0.9991941982272361,560,681,1241,0.0,-0.0008333472224535399,0.9997582594681717,-8.058017727639034e-05
86732,27.72296204936749,0.9991941982272361,560,681,1241,0.0,-0.0008333472224535399,0.9996776792908953,-8.058017727639034e-05
86733,27.722128702145035,1.0,560,681,1241,0.0008058017727639033,-0.0008333472224535399,0.9996776792908953,0.0
86734,27.72129535492258,1.0,560,681,1241,0.0,-0.0008333472224535399,0.9996776792908953,0.0
86735,27.720462007700128,1.0,560,681,1241,0.0,-0.0008333472224535399,0.9996776792908953,0.0
86736,27.719628660477674,1.0,560,681,1241,0.0,-0.0008333472224535399,0.9996776792908953,0.0
86737,27.71879531325522,1.0,560,681,1241,0.0,-0.0008333472224535399,0.9996776792908953,0.0
86738,27.717961966032767,1.0,560,681,1241,0.0,-0.0008333472224535399,0.9996776792908953,0.0
86739,27.717128618810314,1.0,560,681,1241,0.0,-0.0008333472224535399,0.9997582594681717,8.058017727639034e-05
86740,27.71629527158786,1.0,560,681,1241,0.0,-0.0008333472224535399,0.9998388396454481,8.058017727639034e-05
86741,27.715461924365407,1.0,560,681,1241,0.0,-0.0008333472224535399,0.9999194198227244,8.058017727639034e-05
86742,27.71462857714295,1.0,560,681,1241,0.0,-0.0008333472224570926,1.0000000000000007,8.058017727639034e-05
86743,27.713795229920496,1.0,560,681,1241,0.0,-0.0008333472224535399,1.0000000000000007,0.0
86744,27.712961882698043,1.0,560,681,1241,0.0,-0.0008333472224535399,1.0000000000000007,0.0
86745,27.71212853547559,0.9991941982272361,560,681,1241,-0.0008058017727639033,-0.0008333472224535399,0.9999194198227244,-8.058017727639034e-05
86746,27.711295188253136,0.9991941982272361,560,681,1241,0.0,-0.0008333472224535399,0.9998388396454481,-8.058017727639034e-05
86747,27.710461841030682,0.9991941982272361,560,681,1241,0.0,-0.0008333472224535399,0.9997582594681717,-8.058017727639034e-05
86748,27.70962849380823,0.9991941982272361,560,681,1241,0.0,-0.0008333472224535399,0.9996776792908953,-8.058017727639034e-05
86749,27.708795146585775,0.9991941982272361,560,681,1241,0.0,-0.0008333472224535399,0.9995970991136189,-8.058017727639034e-05
86750,27.70796179936332,0.9983883964544722,560,681,1241,-0.0008058017727639033,-0.0008333472224535399,0.9994359387590663,-0.00016116035455278067
86751,27.707128452140868,0.9983883964544722,560,681,1241,0.0,-0.0008333472224535399,0.9992747784045136,-0.00016116035455278067
86752,27.706295104918414,0.9975825946817083,560,681,1241,-0.0008058017727639033,-0.0008333472224535399,0.9990330378726844,-0.00024174053182917098
86753,27.70546175769596,0.9975825946817083,560,681,1241,0.0,-0.0008333472224535399,0.9987912973408551,-0.00024174053182917098
86754,27.704628410473507,0.9983883964544722,560,681,1241,0.0008058017727639033,-0.0008333472224535399,0.9986301369863024,-0.00016116035455278067
86755,27.703795063251054,0.9983883964544722,560,681,1241,0.0,-0.0008333472224535399,0.9985495568090261,-8.058017727639034e-05
86756,27.7029617160286,0.9983883964544722,560,681,1241,0.0,-0.0008333472224535399,0.9984689766317498,-8.058017727639034e-05
86757,27.702128368806147,0.9983883964544722,560,681,1241,0.0,-0.0008333472224535399,0.9983883964544734,-8.058017727639034e-05
86758,27.701295021583693,0.9991941982272361,560,681,1241,0.0008058017727639033,-0.0008333472224535399,0.9983883964544734,0.0
86759,27.70046167436124,0.9991941982272361,560,681,1241,0.0,-0.0008333472224535399,0.9983883964544734,0.0
86760,27.699628327138786,0.9991941982272361,560,681,1241,0.0,-0.0008333472224535399,0.9984689766317498,8.058017727639034e-05
86761,27.698794979916332,0.9983883964544722,560,681,1241,-0.0008058017727639033,-0.0008333472224535399,0.9984689766317498,0.0
86762,27.69796163269388,0.9975825946817083,560,681,1241,-0.0008058017727639033,-0.0008333472224535399,0.9984689766317498,0.0
86763,27.697128285471425,0.9983883964544722,560,681,1241,0.0008058017727639033,-0.0008333472224535399,0.9985495568090264,8.058017727639034e-05
86764,27.69629493824897,0.9975825946817083,560,681,1241,-0.0008058017727639033,-0.0008333472224570926,0.9984689766317498,-8.058017727639034e-05
86765,27.695461591026515,0.9967767929089444,560,681,1241,-0.0008058017727639033,-0.0008333472224535399,0.9983078162771971,-0.00016116035455278067
86766,27.69462824380406,0.9967767929089444,560,681,1241,0.0,-0.0008333472224535399,0.9981466559226444,-0.00016116035455278067
86767,27.693794896581608,0.9967767929089444,560,681,1241,0.0,-0.0008333472224535399,0.9979854955680917,-0.00016116035455278067
86768,27.692961549359154,0.9975825946817083,560,681,1241,0.0008058017727639033,-0.0008333472224535399,0.9978243352135389,-0.00016116035455278067
86769,27.6921282021367,0.9975825946817083,560,681,1241,0.0,-0.0008333472224535399,0.9976631748589859,-0.00016116035455278067
86770,27.691294854914247,0.9975825946817083,560,681,1241,0.0,-0.0008333472224535399,0.9975020145044331,-0.00016116035455278067
86771,27.690461507691793,0.9975825946817083,560,681,1241,0.0,-0.0008333472224535399,0.9974214343271566,-8.058017727639034e-05
86772,27.68962816046934,0.9975825946817083,560,681,1241,0.0,-0.0008333472224535399,0.9974214343271566,0.0
86773,27.688794813246886,0.9975825946817083,560,681,1241,0.0,-0.0008333472224535399,0.9973408541498803,-8.058017727639034e-05
86774,27.687961466024433,0.9983883964544722,560,681,1241,0.0008058017727639033,-0.0008333472224535399,0.9974214343271568,8.058017727639034e-05
86775,27.68712811880198,0.9983883964544722,560,681,1241,0.0,-0.0008333472224535399,0.9975825946817094,0.00016116035455278067
86776,27.686294771579526,0.9983883964544722,560,681,1241,0.0,-0.0008333472224535399,0.9977437550362621,0.00016116035455278067
86777,27.685461424357072,0.9991941982272361,560,681,1241,0.0008058017727639033,-0.0008333472224535399,0.9979854955680914,0.00024174053182917098
86778,27.68462807713462,1.0,560,681,1241,0.0008058017727639033,-0.0008333472224535399,0.9982272360999206,0.00024174053182917098
86779,27.683794729912165,1.0,560,681,1241,0.0,-0.0008333472224535399,0.9984689766317498,0.00024174053182917098
86780,27.68296138268971,1.0,560,681,1241,0.0,-0.0008333472224535399,0.998710717163579,0.00024174053182917098
86781,27.682128035467258,1.0,560,681,1241,0.0,-0.0008333472224535399,0.9989524576954082,0.00024174053182917098
86782,27.681294688244805,1.0,560,681,1241,0.0,-0.0008333472224535399,0.9991941982272374,0.00024174053182917098
86783,27.68046134102235,0.9991941982272361,560,681,1241,-0.0008058017727639033,-0.0008333472224535399,0.9993553585817903,0.00016116035455278067
86784,27.679627993799897,1.0,560,681,1241,0.0008058017727639033,-0.0008333472224535399,0.999516518936343,0.00016116035455278067
86785,27.67879464657744,0.9991941982272361,560,681,1241,-0.0008058017727639033,-0.0008333472224570926,0.9995970991136194,8.058017727639034e-05
86786,27.677961299354987,0.9991941982272361,560,681,1241,0.0,-0.0008333472224535399,0.9996776792908957,8.058017727639034e-05
86787,27.677127952132533,0.9991941982272361,560,681,1241,0.0,-0.0008333472224535399,0.9996776792908957,0.0
86788,27.67629460491008,0.9991941982272361,560,681,1241,0.0,-0.0008333472224535399,0.9995970991136194,-8.058017727639034e-05
86789,27.675461257687626,0.9991941982272361,560,681,1241,0.0,-0.0008333472224535399,0.999516518936343,-8.058017727639034e-05
86790,27.674627910465173,0.9991941982272361,560,681,1241,0.0,-0.0008333472224535399,0.9994359387590667,-8.058017727639034e-05
86791,27.67379456324272,0.9983883964544722,560,681,1241,-0.0008058017727639033,-0.0008333472224535399,0.999274778404514,-0.00016116035455278067
86792,27.672961216020266,0.9983883964544722,560,681,1241,0.0,-0.0008333472224535399,0.9991136180499612,-0.00016116035455278067
86793,27.672127868797812,1.0,560,681,1241,0.0016116035455278066,-0.0008333472224535399,0.9991941982272377,8.058017727639034e-05
86794,27.67129452157536,1.0,560,681,1241,0.0,-0.0008333472224535399,0.9991941982272377,0.0
86795,27.670461174352905,1.0,560,681,1241,0.0,-0.0008333472224535399,0.999274778404514,8.058017727639034e-05
86796,27.66962782713045,0.9991941982272361,560,681,1241,-0.0008058017727639033,-0.0008333472224535399,0.999274778404514,0.0
86797,27.668794479907998,0.9991941982272361,560,681,1241,0.0,-0.0008333472224535399,0.999274778404514,0.0
86798,27.667961132685544,0.9983883964544722,560,681,1241,-0.0008058017727639033,-0.0008333472224535399,0.9991941982272377,-8.058017727639034e-05
86799,27.66712778546309,0.9991941982272361,560,681,1241,0.0008058017727639033,-0.0008333472224535399,0.9991941982272377,0.0
86800,27.666294438240637,0.9991941982272361,560,681,1241,0.0,-0.0008333472224535399,0.9991941982272377,0.0
86801,27.665461091018184,0.9991941982272361,560,681,1241,0.0,-0.0008333472224535399,0.999274778404514,8.058017727639034e-05
86802,27.66462774379573,0.9991941982272361,560,681,1241,0.0,-0.0008333472224535399,0.9993553585817903,8.058017727639034e-05
86803,27.663794396573277,0.9983883964544722,560,681,1241,-0.0008058017727639033,-0.0008333472224535399,0.9991941982272377,-0.00016116035455278067
86804,27.662961049350823,0.9975825946817083,560,681,1241,-0.0008058017727639033,-0.0008333472224535399,0.9989524576954084,-0.00024174053182917098
86805,27.66212770212837,0.9975825946817083,560,681,1241,0.0,-0.0008333472224535399,0.9987107171635792,-0.00024174053182917098
86806,27.661294354905912,0.9967767929089444,560,681,1241,-0.0008058017727639033,-0.0008333472224570926,0.9984689766317499,-0.00024174053182917098
86807,27.66046100768346,0.9967767929089444,560,681,1241,0.0,-0.0008333472224535399,0.9982272360999207,-0.00024174053182917098
86808,27.659627660461005,0.9967767929089444,560,681,1241,0.0,-0.0008333472224535399,0.9980660757453681,-0.00016116035455278067
86809,27.658794313238552,0.9975825946817083,560,681,1241,0.0008058017727639033,-0.0008333472224535399,0.9979049153908152,-0.00016116035455278067
86810,27.6579609660161,0.9983883964544722,560,681,1241,0.0008058017727639033,-0.0008333472224535399,0.9978243352135386,-8.058017727639034e-05
86811,27.657127618793645,0.9991941982272361,560,681,1241,0.0008058017727639033,-0.0008333472224535399,0.9978243352135386,0.0
86812,27.65629427157119,0.9991941982272361,560,681,1241,0.0,-0.0008333472224535399,0.9978243352135386,0.0
86813,27.655460924348738,0.9991941982272361,560,681,1241,0.0,-0.0008333472224535399,0.997904915390815,8.058017727639034e-05
86814,27.654627577126284,0.9991941982272361,560,681,1241,0.0,-0.0008333472224535399,0.9980660757453679,0.00016116035455278067
86815,27.65379422990383,0.9991941982272361,560,681,1241,0.0,-0.0008333472224535399,0.9982272360999207,0.00016116035455278067
86816,27.652960882681377,0.9991941982272361,560,681,1241,0.0,-0.0008333472224535399,0.9984689766317499,0.00024174053182917098
86817,27.652127535458924,0.9991941982272361,560,681,1241,0.0,-0.0008333472224535399,0.9987107171635792,0.00024174053182917098
86818,27.65129418823647,0.9983883964544722,560,681,1241,-0.0008058017727639033,-0.0008333472224535399,0.998871877518132,0.00016116035455278067
86819,27.650460841014016,0.9983883964544722,560,681,1241,0.0,-0.0008333472224535399,0.9989524576954084,8.058017727639034e-05
86820,27.649627493791563,0.9983883964544722,560,681,1241,0.0,-0.0008333472224535399,0.9989524576954082,0.0
86821,27.64879414656911,0.9983883964544722,560,681,1241,0.0,-0.0008333472224535399,0.9988718775181319,-8.058017727639034e-05
86822,27.647960799346656,0.9991941982272361,560,681,1241,0.0008058017727639033,-0.0008333472224535399,0.9988718775181319,0.0
86823,27.647127452124202,0.9991941982272361,560,681,1241,0.0,-0.0008333472224535399,0.9988718775181319,0.0
86824,27.64629410490175,0.9991941982272361,560,681,1241,0.0,-0.0008333472224535399,0.9988718775181319,0.0
86825,27.645460757679295,0.9991941982272361,560,681,1241,0.0,-0.0008333472224535399,0.9988718775181319,0.0
86826,27.64462741045684,0.9991941982272361,560,681,1241,0.0,-0.0008333472224535399,0.9988718775181319,0.0
86827,27.643794063234385,0.9991941982272361,560,681,1241,0.0,-0.0008333472224570926,0.9988718775181319,0.0
86828,27.64296071601193,0.9991941982272361,560,681,1241,0.0,-0.0008333472224535399,0.9989524576954082,8.058017727639034e-05
86829,27.642127368789478,0.9991941982272361,560,681,1241,0.0,-0.0008333472224535399,0.9990330378726846,8.058017727639034e-05
86830,27.641294021567024,0.9991941982272361,560,681,1241,0.0,-0.0008333472224535399,0.9991136180499609,8.058017727639034e-05
86831,27.64046067434457,0.9991941982272361,560,681,1241,0.0,-0.0008333472224535399,0.9991941982272372,8.058017727639034e-05
86832,27.639627327122117,0.9991941982272361,560,681,1241,0.0,-0.0008333472224535399,0.9991941982272372,0.0
86833,27.638793979899663,0.9991941982272361,560,681,1241,0.0,-0.0008333472224535399,0.9991941982272372,0.0
86834,27.63796063267721,1.0,560,681,1241,0.0008058017727639033,-0.0008333472224535399,0.9992747784045136,8.058017727639034e-05
86835,27.637127285454756,1.0,560,681,1241,0.0,-0.0008333472224535399,0.9993553585817899,8.058017727639034e-05
86836,27.636293938232303,1.0,560,681,1241,0.0,-0.0008333472224535399,0.9994359387590663,8.058017727639034e-05
86837,27.63546059100985,1.0,560,681,1241,0.0,-0.0008333472224535399,0.9995165189363426,8.058017727639034e-05
86838,27.634627243787396,1.0,560,681,1241,0.0,-0.0008333472224535399,0.9995970991136189,8.058017727639034e-05
86839,27.633793896564942,1.0,560,681,1241,0.0,-0.0008333472224535399,0.9996776792908953,8.058017727639034e-05
86840,27.63296054934249,1.0,560,681,1241,0.0,-0.0008333472224535399,0.9997582594681717,8.058017727639034e-05
86841,27.632127202120035,1.0,560,681,1241,0.0,-0.0008333472224535399,0.9998388396454481,8.058017727639034e-05
86842,27.63129385489758,1.0,560,681,1241,0.0,-0.0008333472224535399,0.9999194198227244,8.058017727639034e-05
86843,27.630460507675128,1.0,560,681,1241,0.0,-0.0008333472224535399,1.0000000000000007,8.058017727639034e-05
86844,27.629627160452674,1.0,560,681,1241,0.0,-0.0008333472224535399,1.0000000000000007,0.0
86845,27.62879381323022,1.0,560,681,1241,0.0,-0.0008333472224535399,1.0000000000000007,0.0
86846,27.627960466007767,1.0,560,681,1241,0.0,-0.0008333472224535399,1.0000000000000007,0.0
86847,27.627127118785314,1.0,560,681,1241,0.0,-0.0008333472224535399,1.0000000000000007,0.0
86848,27.626293771562857,1.0,560,681,1241,0.0,-0.0008333472224570926,1.0000000000000007,0.0
86849,27.625460424340403,1.0,560,681,1241,0.0,-0.0008333472224535399,1.0000000000000007,0.0
86850,27.62462707711795,1.0,560,681,1241,0.0,-0.0008333472224535399,1.0000000000000007,0.0
86851,27.623793729895496,1.0,560,681,1241,0.0,-0.0008333472224535399,1.0000000000000007,0.0
86852,27.622960382673043,1.0,560,681,1241,0.0,-0.0008333472224535399,1.0000000000000007,0.0
86853,27.62212703545059,1.0,560,681,1241,0.0,-0.0008333472224535399,1.0000000000000007,0.0
86854,27.621293688228135,1.0,560,681,1241,0.0,-0.0008333472224535399,1.0000000000000007,0.0
86855,27.620460341005682,1.0,560,681,1241,0.0,-0.0008333472224535399,1.0000000000000007,0.0
86856,27.61962699378323,1.0,560,681,1241,0.0,-0.0008333472224535399,1.0000000000000007,0.0
86857,27.618793646560775,1.0,560,681,1241,0.0,-0.0008333472224535399,1.0000000000000007,0.0
86858,27.61796029933832,1.0,560,681,1241,0.0,-0.0008333472224535399,1.0000000000000007,0.0
86859,27.617126952115868,1.0,560,681,1241,0.0,-0.0008333472224535399,1.0000000000000007,0.0
86860,27.616293604893414,1.0,560,681,1241,0.0,-0.0008333472224535399,1.0000000000000007,0.0
86861,27.61546025767096,1.0,560,681,1241,0.0,-0.0008333472224535399,1.0000000000000007,0.0
86862,27.614626910448507,1.0,560,681,1241,0.0,-0.0008333472224535399,1.0000000000000007,0.0
86863,27.613793563226054,1.0,560,681,1241,0.0,-0.0008333472224535399,1.0000000000000007,0.0
86864,27.6129602160036,1.0,560,681,1241,0.0,-0.0008333472224535399,1.0000000000000007,0.0
86865,27.612126868781147,1.0,560,681,1241,0.0,-0.0008333472224535399,1.0000000000000007,0.0
86866,27.611293521558693,1.0,560,681,1241,0.0,-0.0008333472224535399,1.0000000000000007,0.0
86867,27.61046017433624,1.0,560,681,1241,0.0,-0.0008333472224535399,1.0000000000000007,0.0
86868,27.609626827113786,1.0,560,681,1241,0.0,-0.0008333472224535399,1.0000000000000007,0.0
86869,27.60879347989133,1.0,560,681,1241,0.0,-0.0008333472224570926,1.0000000000000007,0.0
86870,27.607960132668875,1.0,560,681,1241,0.0,-0.0008333472224535399,1.0000000000000007,0.0
86871,27.60712678544642,1.0,560,681,1241,0.0,-0.0008333472224535399,1.0000000000000007,0.0
86872,27.606293438223968,1.0,560,681,1241,0.0,-0.0008333472224535399,1.0000000000000007,0.0
86873,27.605460091001515,1.0,560,681,1241,0.0,-0.0008333472224535399,1.0000000000000007,0.0
86874,27.60462674377906,1.0,560,681,1241,0.0,-0.0008333472224535399,1.0000000000000007,0.0
86875,27.603793396556608,1.0,560,681,1241,0.0,-0.0008333472224535399,1.0000000000000007,0.0
86876,27.602960049334154,1.0,560,681,1241,0.0,-0.0008333472224535399,1.0000000000000007,0.0
86877,27.6021267021117,1.0,560,681,1241,0.0,-0.0008333472224535399,1.0000000000000007,0.0
86878,27.601293354889247,0.9991941982272361,560,681,1241,-0.0008058017727639033,-0.0008333472224535399,0.9999194198227244,-8.058017727639034e-05
86879,27.600460007666793,0.9991941982272361,560,681,1241,0.0,-0.0008333472224535399,0.9998388396454481,-8.058017727639034e-05
86880,27.59962666044434,0.9991941982272361,560,681,1241,0.0,-0.0008333472224535399,0.9997582594681717,-8.058017727639034e-05
86881,27.598793313221886,1.0,560,681,1241,0.0008058017727639033,-0.0008333472224535399,0.9997582594681717,0.0
86882,27.597959965999433,0.9991941982272361,560,681,1241,-0.0008058017727639033,-0.0008333472224535399,0.9996776792908953,-8.058017727639034e-05
86883,27.59712661877698,0.9991941982272361,560,681,1241,0.0,-0.0008333472224535399,0.9995970991136189,-8.058017727639034e-05
86884,27.596293271554526,0.9991941982272361,560,681,1241,0.0,-0.0008333472224535399,0.9995165189363426,-8.058017727639034e-05
86885,27.595459924332072,0.9991941982272361,560,681,1241,0.0,-0.0008333472224535399,0.9994359387590663,-8.058017727639034e-05
86886,27.59462657710962,0.9991941982272361,560,681,1241,0.0,-0.0008333472224535399,0.9993553585817899,-8.058017727639034e-05
86887,27.593793229887165,0.9991941982272361,560,681,1241,0.0,-0.0008333472224535399,0.9992747784045136,-8.058017727639034e-05
86888,27.59295988266471,0.9983883964544722,560,681,1241,-0.0008058017727639033,-0.0008333472224535399,0.9991941982272372,-8.058017727639034e-05
86889,27.592126535442258,0.9991941982272361,560,681,1241,0.0008058017727639033,-0.0008333472224535399,0.9991941982272372,0.0
86890,27.591293188219804,0.9991941982272361,560,681,1241,0.0,-0.0008333472224535399,0.9991941982272372,0.0
86891,27.590459840997347,0.9991941982272361,560,681,1241,0.0,-0.0008333472224570926,0.9991136180499609,-8.058017727639034e-05
86892,27.589626493774894,0.9991941982272361,560,681,1241,0.0,-0.0008333472224535399,0.9991136180499609,0.0
86893,27.58879314655244,0.9991941982272361,560,681,1241,0.0,-0.0008333472224535399,0.9991136180499609,0.0
86894,27.587959799329987,0.9991941982272361,560,681,1241,0.0,-0.0008333472224535399,0.9991136180499609,0.0
86895,27.587126452107533,0.9983883964544722,560,681,1241,-0.0008058017727639033,-0.0008333472224535399,0.9990330378726846,-8.058017727639034e-05
86896,27.58629310488508,0.9983883964544722,560,681,1241,0.0,-0.0008333472224535399,0.9989524576954082,-8.058017727639034e-05
86897,27.585459757662626,0.9991941982272361,560,681,1241,0.0008058017727639033,-0.0008333472224535399,0.9989524576954082,0.0
86898,27.584626410440173,0.9991941982272361,560,681,1241,0.0,-0.0008333472224535399,0.9990330378726846,8.058017727639034e-05
86899,27.58379306321772,0.9991941982272361,560,681,1241,0.0,-0.0008333472224535399,0.9990330378726846,0.0
86900,27.582959715995266,0.9991941982272361,560,681,1241,0.0,-0.0008333472224535399,0.9990330378726846,0.0
86901,27.582126368772812,0.9991941982272361,560,681,1241,0.0,-0.0008333472224535399,0.9990330378726846,0.0
86902,27.58129302155036,0.9983883964544722,560,681,1241,-0.0008058017727639033,-0.0008333472224535399,0.9989524576954082,-8.058017727639034e-05
86903,27.580459674327905,0.9991941982272361,560,681,1241,0.0008058017727639033,-0.0008333472224535399,0.9989524576954082,0.0
86904,27.57962632710545,0.9991941982272361,560,681,1241,0.0,-0.0008333472224535399,0.9989524576954082,0.0
86905,27.578792979882998,0.9991941982272361,560,681,1241,0.0,-0.0008333472224535399,0.9990330378726846,8.058017727639034e-05
86906,27.577959632660544,0.9991941982272361,560,681,1241,0.0,-0.0008333472224535399,0.9991136180499609,8.058017727639034e-05
86907,27.57712628543809,0.9983883964544722,560,681,1241,-0.0008058017727639033,-0.0008333472224535399,0.9990330378726846,-8.058017727639034e-05
86908,27.576292938215637,0.9983883964544722,560,681,1241,0.0,-0.0008333472224535399,0.9989524576954082,-8.058017727639034e-05
86909,27.575459590993184,0.9975825946817083,560,681,1241,-0.0008058017727639033,-0.0008333472224535399,0.9987912973408554,-0.00016116035455278067
86910,27.57462624377073,0.9975825946817083,560,681,1241,0.0,-0.0008333472224535399,0.9986301369863024,-0.00016116035455278067
86911,27.573792896548277,0.9975825946817083,560,681,1241,0.0,-0.0008333472224535399,0.9984689766317496,-0.00016116035455278067
86912,27.57295954932582,0.9975825946817083,560,681,1241,0.0,-0.0008333472224570926,0.9983883964544731,-8.058017727639034e-05
86913,27.572126202103366,0.9975825946817083,560,681,1241,0.0,-0.0008333472224535399,0.9982272360999203,-0.00016116035455278067
86914,27.571292854880912,0.9975825946817083,560,681,1241,0.0,-0.0008333472224535399,0.9980660757453673,-0.00016116035455278067
86915,27.57045950765846,0.9983883964544722,560,681,1241,0.0008058017727639033,-0.0008333472224535399,0.997985495568091,-8.058017727639034e-05
86916,27.569626160436005,0.9983883964544722,560,681,1241,0.0,-0.0008333472224535399,0.9979049153908146,-8.058017727639034e-05
86917,27.568792813213552,0.9983883964544722,560,681,1241,0.0,-0.0008333472224535399,0.9979049153908146,0.0
86918,27.5679594659911,0.9983883964544722,560,681,1241,0.0,-0.0008333472224535399,0.9979049153908146,0.0
86919,27.567126118768645,0.9983883964544722,560,681,1241,0.0,-0.0008333472224535399,0.9979854955680911,8.058017727639034e-05
86920,27.56629277154619,0.9991941982272361,560,681,1241,0.0008058017727639033,-0.0008333472224535399,0.9981466559226441,0.00016116035455278067
86921,27.565459424323738,1.0,560,681,1241,0.0008058017727639033,-0.0008333472224535399,0.9983883964544733,0.00024174053182917098
86922,27.564626077101284,0.9991941982272361,560,681,1241,-0.0008058017727639033,-0.0008333472224535399,0.9985495568090261,0.00016116035455278067
86923,27.56379272987883,0.9991941982272361,560,681,1241,0.0,-0.0008333472224535399,0.998710717163579,0.00016116035455278067
86924,27.562959382656377,0.9983883964544722,560,681,1241,-0.0008058017727639033,-0.0008333472224535399,0.9987912973408554,8.058017727639034e-05
86925,27.562126035433923,1.0,560,681,1241,0.0016116035455278066,-0.0008333472224535399,0.9989524576954082,0.00016116035455278067
86926,27.56129268821147,1.0,560,681,1241,0.0,-0.0008333472224535399,0.9991136180499609,0.00016116035455278067
86927,27.560459340989016,0.9991941982272361,560,681,1241,-0.0008058017727639033,-0.0008333472224535399,0.9991941982272372,8.058017727639034e-05
86928,27.559625993766563,0.9991941982272361,560,681,1241,0.0,-0.0008333472224535399,0.9992747784045136,8.058017727639034e-05
86929,27.55879264654411,0.9991941982272361,560,681,1241,0.0,-0.0008333472224535399,0.9993553585817899,8.058017727639034e-05
86930,27.557959299321656,0.9991941982272361,560,681,1241,0.0,-0.0008333472224535399,0.9993553585817899,0.0
86931,27.557125952099202,0.9991941982272361,560,681,1241,0.0,-0.0008333472224535399,0.9992747784045136,-8.058017727639034e-05
86932,27.55629260487675,0.9991941982272361,560,681,1241,0.0,-0.0008333472224535399,0.9992747784045136,0.0
86933,27.55545925765429,0.9991941982272361,560,681,1241,0.0,-0.0008333472224570926,0.9992747784045136,0.0
86934,27.554625910431838,0.9983883964544722,560,681,1241,-0.0008058017727639033,-0.0008333472224535399,0.9992747784045136,0.0
86935,27.553792563209385,0.9983883964544722,560,681,1241,0.0,-0.0008333472224535399,0.9991136180499609,-0.00016116035455278067
86936,27.55295921598693,0.9983883964544722,560,681,1241,0.0,-0.0008333472224535399,0.9989524576954082,-0.00016116035455278067
86937,27.552125868764477,0.9991941982272361,560,681,1241,0.0008058017727639033,-0.0008333472224535399,0.9989524576954082,0.0
86938,27.551292521542024,0.9983883964544722,560,681,1241,-0.0008058017727639033,-0.0008333472224535399,0.9988718775181319,-8.058017727639034e-05
86939,27.55045917431957,0.9975825946817083,560,681,1241,-0.0008058017727639033,-0.0008333472224535399,0.998710717163579,-0.00016116035455278067
86940,27.549625827097117,0.9975825946817083,560,681,1241,0.0,-0.0008333472224535399,0.9985495568090261,-0.00016116035455278067
86941,27.548792479874663,0.9975825946817083,560,681,1241,0.0,-0.0008333472224535399,0.9983883964544733,-0.00016116035455278067
86942,27.54795913265221,0.9975825946817083,560,681,1241,0.0,-0.0008333472224535399,0.9982272360999204,-0.00016116035455278067
86943,27.547125785429756,0.9975825946817083,560,681,1241,0.0,-0.0008333472224535399,0.9980660757453675,-0.00016116035455278067
86944,27.546292438207303,0.9975825946817083,560,681,1241,0.0,-0.0008333472224535399,0.997985495568091,-8.058017727639034e-05
86945,27.54545909098485,0.9975825946817083,560,681,1241,0.0,-0.0008333472224535399,0.9979049153908146,-8.058017727639034e-05
86946,27.544625743762396,0.9975825946817083,560,681,1241,0.0,-0.0008333472224535399,0.9978243352135383,-8.058017727639034e-05
86947,27.543792396539942,0.9983883964544722,560,681,1241,0.0008058017727639033,-0.0008333472224535399,0.997743755036262,-8.058017727639034e-05
86948,27.54295904931749,0.9983883964544722,560,681,1241,0.0,-0.0008333472224535399,0.997743755036262,0.0
86949,27.542125702095035,0.9991941982272361,560,681,1241,0.0008058017727639033,-0.0008333472224535399,0.9979049153908148,0.00016116035455278067
86950,27.54129235487258,0.9983883964544722,560,681,1241,-0.0008058017727639033,-0.0008333472224535399,0.9979854955680911,8.058017727639034e-05
86951,27.540459007650128,0.9983883964544722,560,681,1241,0.0,-0.0008333472224535399,0.9980660757453675,8.058017727639034e-05
86952,27.539625660427674,0.9983883964544722,560,681,1241,0.0,-0.0008333472224535399,0.9981466559226438,8.058017727639034e-05
86953,27.53879231320522,0.9991941982272361,560,681,1241,0.0008058017727639033,-0.0008333472224535399,0.9983078162771968,0.00016116035455278067
86954,27.537958965982764,0.9991941982272361,560,681,1241,0.0,-0.0008333472224570926,0.9984689766317496,0.00016116035455278067
86955,27.53712561876031,0.9991941982272361,560,681,1241,0.0,-0.0008333472224535399,0.9986301369863024,0.00016116035455278067
86956,27.536292271537857,0.9991941982272361,560,681,1241,0.0,-0.0008333472224535399,0.9987912973408554,0.00016116035455278067
86957,27.535458924315403,0.9991941982272361,560,681,1241,0.0,-0.0008333472224535399,0.9988718775181319,8.058017727639034e-05
86958,27.53462557709295,0.9991941982272361,560,681,1241,0.0,-0.0008333472224535399,0.9989524576954082,8.058017727639034e-05
86959,27.533792229870496,0.9991941982272361,560,681,1241,0.0,-0.0008333472224535399,0.9989524576954082,0.0
86960,27.532958882648042,0.9991941982272361,560,681,1241,0.0,-0.0008333472224535399,0.9990330378726846,8.058017727639034e-05
86961,27.53212553542559,0.9991941982272361,560,681,1241,0.0,-0.0008333472224535399,0.9991136180499609,8.058017727639034e-05
86962,27.531292188203135,0.9991941982272361,560,681,1241,0.0,-0.0008333472224535399,0.9991941982272372,8.058017727639034e-05
86963,27.530458840980682,0.9991941982272361,560,681,1241,0.0,-0.0008333472224535399,0.9991941982272372,0.0
86964,27.52962549375823,0.9991941982272361,560,681,1241,0.0,-0.0008333472224535399,0.9991941982272372,0.0
86965,27.528792146535775,0.9991941982272361,560,681,1241,0.0,-0.0008333472224535399,0.9991941982272372,0.0
86966,27.52795879931332,0.9991941982272361,560,681,1241,0.0,-0.0008333472224535399,0.9991941982272372,0.0
86967,27.527125452090868,0.9991941982272361,560,681,1241,0.0,-0.0008333472224535399,0.9991941982272372,0.0
86968,27.526292104868414,0.9983883964544722,560,681,1241,-0.0008058017727639033,-0.0008333472224535399,0.9991136180499609,-8.058017727639034e-05
86969,27.52545875764596,0.9983883964544722,560,681,1241,0.0,-0.0008333472224535399,0.9990330378726846,-8.058017727639034e-05
86970,27.524625410423507,0.9975825946817083,560,681,1241,-0.0008058017727639033,-0.0008333472224535399,0.9988718775181317,-0.00016116035455278067
86971,27.523792063201054,0.9967767929089444,560,681,1241,-0.0008058017727639033,-0.0008333472224535399,0.9986301369863024,-0.00024174053182917098
86972,27.5229587159786,0.9967767929089444,560,681,1241,0.0,-0.0008333472224535399,0.9983883964544733,-0.00024174053182917098
86973,27.522125368756146,0.9975825946817083,560,681,1241,0.0008058017727639033,-0.0008333472224535399,0.9982272360999204,-0.00016116035455278067
86974,27.521292021533693,0.9975825946817083,560,681,1241,0.0,-0.0008333472224535399,0.9980660757453675,-0.00016116035455278067
86975,27.520458674311236,0.9975825946817083,560,681,1241,0.0,-0.0008333472224570926,0.9979049153908146,-0.00016116035455278067
86976,27.519625327088782,0.9975825946817083,560,681,1241,0.0,-0.0008333472224535399,0.9977437550362618,-0.00016116035455278067
86977,27.51879197986633,0.9975825946817083,560,681,1241,0.0,-0.0008333472224535399,0.997582594681709,-0.00016116035455278067
86978,27.517958632643875,0.9975825946817083,560,681,1241,0.0,-0.0008333472224535399,0.9975020145044325,-8.058017727639034e-05
86979,27.51712528542142,0.9975825946817083,560,681,1241,0.0,-0.0008333472224535399,0.9974214343271562,-8.058017727639034e-05
86980,27.516291938198968,0.9975825946817083,560,681,1241,0.0,-0.0008333472224535399,0.9974214343271562,0.0
86981,27.515458590976515,0.9975825946817083,560,681,1241,0.0,-0.0008333472224535399,0.9975020145044325,8.058017727639034e-05
86982,27.51462524375406,0.9975825946817083,560,681,1241,0.0,-0.0008333472224535399,0.997582594681709,8.058017727639034e-05
86983,27.513791896531608,0.9967767929089444,560,681,1241,-0.0008058017727639033,-0.0008333472224535399,0.9975020145044325,-8.058017727639034e-05
86984,27.512958549309154,0.9967767929089444,560,681,1241,0.0,-0.0008333472224535399,0.9974214343271562,-8.058017727639034e-05
86985,27.5121252020867,0.9975825946817083,560,681,1241,0.0008058017727639033,-0.0008333472224535399,0.9974214343271562,0.0
86986,27.511291854864247,0.9975825946817083,560,681,1241,0.0,-0.0008333472224535399,0.9974214343271562,0.0
86987,27.510458507641793,0.9983883964544722,560,681,1241,0.0008058017727639033,-0.0008333472224535399,0.9975020145044328,8.058017727639034e-05
86988,27.50962516041934,0.9983883964544722,560,681,1241,0.0,-0.0008333472224535399,0.9975825946817091,8.058017727639034e-05
86989,27.508791813196886,0.9983883964544722,560,681,1241,0.0,-0.0008333472224535399,0.9976631748589855,8.058017727639034e-05
86990,27.507958465974433,0.9983883964544722,560,681,1241,0.0,-0.0008333472224535399,0.9977437550362618,8.058017727639034e-05
86991,27.50712511875198,0.9983883964544722,560,681,1241,0.0,-0.0008333472224535399,0.9978243352135381,8.058017727639034e-05
86992,27.506291771529526,0.9983883964544722,560,681,1241,0.0,-0.0008333472224535399,0.9979049153908145,8.058017727639034e-05
86993,27.505458424307072,0.9983883964544722,560,681,1241,0.0,-0.0008333472224535399,0.9980660757453672,0.00016116035455278067
86994,27.50462507708462,0.9983883964544722,560,681,1241,0.0,-0.0008333472224535399,0.9982272360999198,0.00016116035455278067
86995,27.503791729862165,0.9983883964544722,560,681,1241,0.0,-0.0008333472224535399,0.9983078162771962,8.058017727639034e-05
86996,27.50295838263971,0.9991941982272361,560,681,1241,0.0008058017727639033,-0.0008333472224535399,0.998468976631749,0.00016116035455278067
86997,27.502125035417254,0.9991941982272361,560,681,1241,0.0,-0.0008333472224570926,0.9985495568090255,8.058017727639034e-05
86998,27.5012916881948,0.9991941982272361,560,681,1241,0.0,-0.0008333472224535399,0.9986301369863018,8.058017727639034e-05
86999,27.500458340972347,0.9991941982272361,560,681,1241,0.0,-0.0008333472224535399,0.9987107171635781,8.058017727639034e-05
87000,27.499624993749894,0.9991941982272361,560,681,1241,0.0,-0.0008333472224535399,0.9987912973408545,8.058017727639034e-05
87001,27.49879164652744,0.9983883964544722,560,681,1241,-0.0008058017727639033,-0.0008333472224535399,0.9987912973408545,0.0
87002,27.497958299304987,0.9983883964544722,560,681,1241,0.0,-0.0008333472224535399,0.9987912973408545,0.0
87003,27.497124952082533,0.9983883964544722,560,681,1241,0.0,-0.0008333472224535399,0.9987912973408545,0.0
87004,27.49629160486008,0.9983883964544722,560,681,1241,0.0,-0.0008333472224535399,0.9987912973408545,0.0
87005,27.495458257637626,0.9991941982272361,560,681,1241,0.0008058017727639033,-0.0008333472224535399,0.9988718775181308,8.058017727639034e-05
87006,27.494624910415173,0.9991941982272361,560,681,1241,0.0,-0.0008333472224535399,0.9988718775181308,0.0
87007,27.49379156319272,0.9983883964544722,560,681,1241,-0.0008058017727639033,-0.0008333472224535399,0.9987912973408545,-8.058017727639034e-05
87008,27.492958215970265,0.9991941982272361,560,681,1241,0.0008058017727639033,-0.0008333472224535399,0.9987912973408545,0.0
87009,27.492124868747812,0.9991941982272361,560,681,1241,0.0,-0.0008333472224535399,0.9987912973408545,0.0
87010,27.49129152152536,0.9991941982272361,560,681,1241,0.0,-0.0008333472224535399,0.9987912973408545,0.0
87011,27.490458174302905,0.9983883964544722,560,681,1241,-0.0008058017727639033,-0.0008333472224535399,0.9987912973408545,0.0
87012,27.48962482708045,0.9983883964544722,560,681,1241,0.0,-0.0008333472224535399,0.9987912973408545,0.0
87013,27.488791479857998,0.9983883964544722,560,681,1241,0.0,-0.0008333472224535399,0.9987912973408545,0.0
87014,27.487958132635544,0.9975825946817083,560,681,1241,-0.0008058017727639033,-0.0008333472224535399,0.9987107171635781,-8.058017727639034e-05
87015,27.48712478541309,0.9975825946817083,560,681,1241,0.0,-0.0008333472224535399,0.9985495568090252,-0.00016116035455278067
87016,27.486291438190637,0.9975825946817083,560,681,1241,0.0,-0.0008333472224535399,0.9983883964544724,-0.00016116035455278067
87017,27.485458090968184,0.9975825946817083,560,681,1241,0.0,-0.0008333472224535399,0.998307816277196,-8.058017727639034e-05
87018,27.484624743745727,0.9975825946817083,560,681,1241,0.0,-0.0008333472224570926,0.9981466559226432,-0.00016116035455278067
87019,27.483791396523273,0.9975825946817083,560,681,1241,0.0,-0.0008333472224535399,0.9979854955680902,-0.00016116035455278067
87020,27.48295804930082,0.9975825946817083,560,681,1241,0.0,-0.0008333472224535399,0.9978243352135374,-0.00016116035455278067
87021,27.482124702078366,0.9983883964544722,560,681,1241,0.0008058017727639033,-0.0008333472224535399,0.9978243352135372,0.0
87022,27.481291354855912,0.9983883964544722,560,681,1241,0.0,-0.0008333472224535399,0.9978243352135372,0.0
87023,27.48045800763346,0.9983883964544722,560,681,1241,0.0,-0.0008333472224535399,0.9978243352135372,0.0
87024,27.479624660411005,0.9983883964544722,560,681,1241,0.0,-0.0008333472224535399,0.9979049153908137,8.058017727639034e-05
87025,27.47879131318855,0.9967767929089444,560,681,1241,-0.0016116035455278066,-0.0008333472224535399,0.9978243352135374,-8.058017727639034e-05
87026,27.477957965966098,0.9975825946817083,560,681,1241,0.0008058017727639033,-0.0008333472224535399,0.9978243352135374,0.0
87027,27.477124618743645,0.9975825946817083,560,681,1241,0.0,-0.0008333472224535399,0.9978243352135374,0.0
87028,27.47629127152119,0.9975825946817083,560,681,1241,0.0,-0.0008333472224535399,0.9978243352135374,0.0
87029,27.475457924298738,0.9983883964544722,560,681,1241,0.0008058017727639033,-0.0008333472224535399,0.9979049153908137,8.058017727639034e-05
87030,27.474624577076284,0.9983883964544722,560,681,1241,0.0,-0.0008333472224535399,0.9979854955680901,8.058017727639034e-05
87031,27.47379122985383,1.0,560,681,1241,0.0016116035455278066,-0.0008333472224535399,0.998146655922643,0.00016116035455278067
87032,27.472957882631377,1.0,560,681,1241,0.0,-0.0008333472224535399,0.9983078162771957,0.00016116035455278067
87033,27.472124535408923,1.0,560,681,1241,0.0,-0.0008333472224535399,0.9984689766317484,0.00016116035455278067
87034,27.47129118818647,1.0,560,681,1241,0.0,-0.0008333472224535399,0.9986301369863011,0.00016116035455278067
87035,27.470457840964016,0.9991941982272361,560,681,1241,-0.0008058017727639033,-0.0008333472224535399,0.9988718775181302,0.00024174053182917098
87036,27.469624493741563,0.9991941982272361,560,681,1241,0.0,-0.0008333472224535399,0.9990330378726832,0.00016116035455278067
87037,27.46879114651911,0.9991941982272361,560,681,1241,0.0,-0.0008333472224535399,0.999194198227236,0.00016116035455278067
87038,27.467957799296656,0.9991941982272361,560,681,1241,0.0,-0.0008333472224535399,0.9993553585817889,0.00016116035455278067
87039,27.4671244520742,0.9991941982272361,560,681,1241,0.0,-0.0008333472224570926,0.9994359387590652,8.058017727639034e-05
87040,27.466291104851745,0.9991941982272361,560,681,1241,0.0,-0.0008333472224535399,0.9995165189363415,8.058017727639034e-05
87041,27.46545775762929,0.9991941982272361,560,681,1241,0.0,-0.0008333472224535399,0.9994359387590652,-8.058017727639034e-05
87042,27.464624410406838,0.9991941982272361,560,681,1241,0.0,-0.0008333472224535399,0.9993553585817889,-8.058017727639034e-05
87043,27.463791063184384,1.0,560,681,1241,0.0008058017727639033,-0.0008333472224535399,0.9993553585817889,0.0
87044,27.46295771596193,0.9991941982272361,560,681,1241,-0.0008058017727639033,-0.0008333472224535399,0.9992747784045125,-8.058017727639034e-05
87045,27.462124368739477,0.9991941982272361,560,681,1241,0.0,-0.0008333472224535399,0.9992747784045125,0.0
87046,27.461291021517024,0.9991941982272361,560,681,1241,0.0,-0.0008333472224535399,0.9992747784045125,0.0
87047,27.46045767429457,1.0,560,681,1241,0.0008058017727639033,-0.0008333472224535399,0.9993553585817889,8.058017727639034e-05
87048,27.459624327072117,1.0,560,681,1241,0.0,-0.0008333472224535399,0.9994359387590652,8.058017727639034e-05
87049,27.458790979849663,1.0,560,681,1241,0.0,-0.0008333472224535399,0.9995165189363415,8.058017727639034e-05
87050,27.45795763262721,1.0,560,681,1241,0.0,-0.0008333472224535399,0.9995970991136179,8.058017727639034e-05
87051,27.457124285404756,1.0,560,681,1241,0.0,-0.0008333472224535399,0.9996776792908942,8.058017727639034e-05
87052,27.456290938182303,1.0,560,681,1241,0.0,-0.0008333472224535399,0.9997582594681707,8.058017727639034e-05
87053,27.45545759095985,1.0,560,681,1241,0.0,-0.0008333472224535399,0.9997582594681707,0.0
87054,27.454624243737396,1.0,560,681,1241,0.0,-0.0008333472224535399,0.999838839645447,8.058017727639034e-05
87055,27.453790896514942,1.0,560,681,1241,0.0,-0.0008333472224535399,0.9999194198227233,8.058017727639034e-05
87056,27.45295754929249,1.0,560,681,1241,0.0,-0.0008333472224535399,0.9999999999999997,8.058017727639034e-05
87057,27.452124202070035,1.0,560,681,1241,0.0,-0.0008333472224535399,0.9999999999999997,0.0
87058,27.45129085484758,1.0,560,681,1241,0.0,-0.0008333472224535399,0.9999999999999997,0.0
87059,27.450457507625128,0.9991941982272361,560,681,1241,-0.0008058017727639033,-0.0008333472224535399,0.9999194198227233,-8.058017727639034e-05
87060,27.44962416040267,0.9983883964544722,560,681,1241,-0.0008058017727639033,-0.0008333472224570926,0.9997582594681707,-0.00016116035455278067
87061,27.448790813180217,0.9967767929089444,560,681,1241,-0.0016116035455278066,-0.0008333472224535399,0.999435938759065,-0.00032232070910556134
87062,27.447957465957764,0.9967767929089444,560,681,1241,0.0,-0.0008333472224535399,0.9991136180499595,-0.00032232070910556134
87063,27.44712411873531,0.9975825946817083,560,681,1241,0.0008058017727639033,-0.0008333472224535399,0.9988718775181302,-0.00024174053182917098
87064,27.446290771512857,0.9975825946817083,560,681,1241,0.0,-0.0008333472224535399,0.9986301369863011,-0.00024174053182917098
87065,27.445457424290403,0.9975825946817083,560,681,1241,0.0,-0.0008333472224535399,0.9983883964544719,-0.00024174053182917098
87066,27.44462407706795,0.9967767929089444,560,681,1241,-0.0008058017727639033,-0.0008333472224535399,0.9980660757453663,-0.00032232070910556134
87067,27.443790729845496,0.9975825946817083,560,681,1241,0.0008058017727639033,-0.0008333472224535399,0.9978243352135371,-0.00024174053182917098
87068,27.442957382623042,0.9975825946817083,560,681,1241,0.0,-0.0008333472224535399,0.9975825946817078,-0.00024174053182917098
87069,27.44212403540059,0.9983883964544722,560,681,1241,0.0008058017727639033,-0.0008333472224535399,0.9975020145044315,-8.058017727639034e-05
87070,27.441290688178135,0.9975825946817083,560,681,1241,-0.0008058017727639033,-0.0008333472224535399,0.9974214343271551,-8.058017727639034e-05
87071,27.440457340955682,0.9975825946817083,560,681,1241,0.0,-0.0008333472224535399,0.9975020145044315,8.058017727639034e-05
87072,27.43962399373323,0.9983883964544722,560,681,1241,0.0008058017727639033,-0.0008333472224535399,0.9976631748589844,0.00016116035455278067
87073,27.438790646510775,0.9983883964544722,560,681,1241,0.0,-0.0008333472224535399,0.9977437550362607,8.058017727639034e-05
87074,27.43795729928832,0.9991941982272361,560,681,1241,0.0008058017727639033,-0.0008333472224535399,0.9979049153908136,0.00016116035455278067
87075,27.437123952065868,0.9991941982272361,560,681,1241,0.0,-0.0008333472224535399,0.9980660757453664,0.00016116035455278067
87076,27.436290604843414,0.9991941982272361,560,681,1241,0.0,-0.0008333472224535399,0.9983078162771957,0.00024174053182917098
87077,27.43545725762096,0.9991941982272361,560,681,1241,0.0,-0.0008333472224535399,0.9984689766317485,0.00016116035455278067
87078,27.434623910398507,0.9975825946817083,560,681,1241,-0.0016116035455278066,-0.0008333472224535399,0.9984689766317485,0.0
87079,27.433790563176053,0.9983883964544722,560,681,1241,0.0008058017727639033,-0.0008333472224535399,0.9984689766317484,0.0
87080,27.4329572159536,0.9991941982272361,560,681,1241,0.0008058017727639033,-0.0008333472224535399,0.9986301369863012,0.00016116035455278067
87081,27.432123868731143,0.9991941982272361,560,681,1241,0.0,-0.0008333472224570926,0.9987912973408541,0.00016116035455278067
87082,27.43129052150869,1.0,560,681,1241,0.0008058017727639033,-0.0008333472224535399,0.9989524576954067,0.00016116035455278067
87083,27.430457174286236,1.0,560,681,1241,0.0,-0.0008333472224535399,0.9991136180499595,0.00016116035455278067
87084,27.429623827063782,0.9991941982272361,560,681,1241,-0.0008058017727639033,-0.0008333472224535399,0.9991136180499595,0.0
87085,27.42879047984133,0.9983883964544722,560,681,1241,-0.0008058017727639033,-0.0008333472224535399,0.9990330378726832,-8.058017727639034e-05
87086,27.427957132618875,0.9991941982272361,560,681,1241,0.0008058017727639033,-0.0008333472224535399,0.9990330378726832,0.0
87087,27.42712378539642,0.9983883964544722,560,681,1241,-0.0008058017727639033,-0.0008333472224535399,0.9989524576954067,-8.058017727639034e-05
87088,27.426290438173968,0.9983883964544722,560,681,1241,0.0,-0.0008333472224535399,0.9990330378726833,8.058017727639034e-05
87089,27.425457090951515,0.9991941982272361,560,681,1241,0.0008058017727639033,-0.0008333472224535399,0.9991136180499598,8.058017727639034e-05
87090,27.42462374372906,0.9991941982272361,560,681,1241,0.0,-0.0008333472224535399,0.9991136180499598,0.0
87091,27.423790396506607,0.9991941982272361,560,681,1241,0.0,-0.0008333472224535399,0.9991136180499598,0.0
87092,27.422957049284154,1.0,560,681,1241,0.0008058017727639033,-0.0008333472224535399,0.9991136180499598,0.0
87093,27.4221237020617,1.0,560,681,1241,0.0,-0.0008333472224535399,0.9991136180499598,0.0
87094,27.421290354839247,1.0,560,681,1241,0.0,-0.0008333472224535399,0.9991941982272362,8.058017727639034e-05
87095,27.420457007616793,1.0,560,681,1241,0.0,-0.0008333472224535399,0.9993553585817889,0.00016116035455278067
87096,27.41962366039434,1.0,560,681,1241,0.0,-0.0008333472224535399,0.9994359387590652,8.058017727639034e-05
87097,27.418790313171886,1.0,560,681,1241,0.0,-0.0008333472224535399,0.9995970991136179,0.00016116035455278067
87098,27.417956965949433,1.0,560,681,1241,0.0,-0.0008333472224535399,0.9997582594681707,0.00016116035455278067
87099,27.41712361872698,1.0,560,681,1241,0.0,-0.0008333472224535399,0.999838839645447,8.058017727639034e-05
87100,27.416290271504526,1.0,560,681,1241,0.0,-0.0008333472224535399,0.9999194198227233,8.058017727639034e-05
87101,27.415456924282072,1.0,560,681,1241,0.0,-0.0008333472224535399,0.9999999999999997,8.058017727639034e-05
87102,27.414623577059615,1.0,560,681,1241,0.0,-0.0008333472224570926,0.9999999999999997,0.0
87103,27.41379022983716,1.0,560,681,1241,0.0,-0.0008333472224535399,0.9999999999999997,0.0
87104,27.412956882614708,1.0,560,681,1241,0.0,-0.0008333472224535399,0.9999999999999997,0.0
87105,27.412123535392254,1.0,560,681,1241,0.0,-0.0008333472224535399,0.9999999999999997,0.0
87106,27.4112901881698,1.0,560,681,1241,0.0,-0.0008333472224535399,0.9999999999999997,0.0
87107,27.410456840947347,1.0,560,681,1241,0.0,-0.0008333472224535399,0.9999999999999997,0.0
87108,27.409623493724894,1.0,560,681,1241,0.0,-0.0008333472224535399,0.9999999999999997,0.0
87109,27.40879014650244,1.0,560,681,1241,0.0,-0.0008333472224535399,0.9999999999999997,0.0
87110,27.407956799279987,0.9991941982272361,560,681,1241,-0.0008058017727639033,-0.0008333472224535399,0.9999194198227233,-8.058017727639034e-05
87111,27.407123452057533,0.9991941982272361,560,681,1241,0.0,-0.0008333472224535399,0.999838839645447,-8.058017727639034e-05
87112,27.40629010483508,1.0,560,681,1241,0.0008058017727639033,-0.0008333472224535399,0.999838839645447,0.0
87113,27.405456757612626,1.0,560,681,1241,0.0,-0.0008333472224535399,0.999838839645447,0.0
87114,27.404623410390172,1.0,560,681,1241,0.0,-0.0008333472224535399,0.999838839645447,0.0
87115,27.40379006316772,1.0,560,681,1241,0.0,-0.0008333472224535399,0.999838839645447,0.0
87116,27.402956715945265,1.0,560,681,1241,0.0,-0.0008333472224535399,0.999838839645447,0.0
87117,27.402123368722812,1.0,560,681,1241,0.0,-0.0008333472224535399,0.999838839645447,0.0
87118,27.40129002150036,1.0,560,681,1241,0.0,-0.0008333472224535399,0.999838839645447,0.0
87119,27.400456674277905,1.0,560,681,1241,0.0,-0.0008333472224535399,0.999838839645447,0.0
87120,27.39962332705545,1.0,560,681,1241,0.0,-0.0008333472224535399,0.9999194198227233,8.058017727639034e-05
87121,27.398789979832998,1.0,560,681,1241,0.0,-0.0008333472224535399,0.9999999999999997,8.058017727639034e-05
87122,27.397956632610544,1.0,560,681,1241,0.0,-0.0008333472224535399,0.9999999999999997,0.0
87123,27.39712328538809,1.0,560,681,1241,0.0,-0.0008333472224535399,0.9999999999999997,0.0
87124,27.396289938165634,1.0,560,681,1241,0.0,-0.0008333472224570926,0.9999999999999997,0.0
87125,27.39545659094318,1.0,560,681,1241,0.0,-0.0008333472224535399,0.9999999999999997,0.0
87126,27.394623243720726,1.0,560,681,1241,0.0,-0.0008333472224535399,0.9999999999999997,0.0
87127,27.393789896498273,1.0,560,681,1241,0.0,-0.0008333472224535399,0.9999999999999997,0.0
87128,27.39295654927582,1.0,560,681,1241,0.0,-0.0008333472224535399,0.9999999999999997,0.0
87129,27.392123202053366,1.0,560,681,1241,0.0,-0.0008333472224535399,0.9999999999999997,0.0
87130,27.391289854830912,1.0,560,681,1241,0.0,-0.0008333472224535399,0.9999999999999997,0.0
87131,27.39045650760846,1.0,560,681,1241,0.0,-0.0008333472224535399,0.9999999999999997,0.0
87132,27.389623160386005,1.0,560,681,1241,0.0,-0.0008333472224535399,0.9999999999999997,0.0
87133,27.38878981316355,1.0,560,681,1241,0.0,-0.0008333472224535399,0.9999999999999997,0.0
87134,27.387956465941098,1.0,560,681,1241,0.0,-0.0008333472224535399,0.9999999999999997,0.0
87135,27.387123118718645,1.0,560,681,1241,0.0,-0.0008333472224535399,0.9999999999999997,0.0
87136,27.38628977149619,1.0,560,681,1241,0.0,-0.0008333472224535399,0.9999999999999997,0.0
87137,27.385456424273737,1.0,560,681,1241,0.0,-0.0008333472224535399,0.9999999999999997,0.0
87138,27.384623077051284,1.0,560,681,1241,0.0,-0.0008333472224535399,0.9999999999999997,0.0
87139,27.38378972982883,1.0,560,681,1241,0.0,-0.0008333472224535399,0.9999999999999997,0.0
87140,27.382956382606377,1.0,560,681,1241,0.0,-0.0008333472224535399,0.9999999999999997,0.0
87141,27.382123035383923,1.0,560,681,1241,0.0,-0.0008333472224535399,0.9999999999999997,0.0
87142,27.38128968816147,1.0,560,681,1241,0.0,-0.0008333472224535399,0.9999999999999997,0.0
87143,27.380456340939016,1.0,560,681,1241,0.0,-0.0008333472224535399,0.9999999999999997,0.0
87144,27.379622993716563,1.0,560,681,1241,0.0,-0.0008333472224535399,0.9999999999999997,0.0
87145,27.378789646494106,1.0,560,681,1241,0.0,-0.0008333472224570926,0.9999999999999997,0.0
87146,27.377956299271652,1.0,560,681,1241,0.0,-0.0008333472224535399,0.9999999999999997,0.0
87147,27.3771229520492,1.0,560,681,1241,0.0,-0.0008333472224535399,0.9999999999999997,0.0
87148,27.376289604826745,0.9991941982272361,560,681,1241,-0.0008058017727639033,-0.0008333472224535399,0.9999194198227233,-8.058017727639034e-05
87149,27.37545625760429,0.9983883964544722,560,681,1241,-0.0008058017727639033,-0.0008333472224535399,0.9997582594681707,-0.00016116035455278067
87150,27.374622910381838,0.9991941982272361,560,681,1241,0.0008058017727639033,-0.0008333472224535399,0.9996776792908942,-8.058017727639034e-05
87151,27.373789563159384,0.9991941982272361,560,681,1241,0.0,-0.0008333472224535399,0.9995970991136179,-8.058017727639034e-05
87152,27.37295621593693,0.9991941982272361,560,681,1241,0.0,-0.0008333472224535399,0.9995165189363415,-8.058017727639034e-05
87153,27.372122868714477,1.0,560,681,1241,0.0008058017727639033,-0.0008333472224535399,0.9995165189363415,0.0
87154,27.371289521492024,1.0,560,681,1241,0.0,-0.0008333472224535399,0.9995165189363415,0.0
87155,27.37045617426957,0.9991941982272361,560,681,1241,-0.0008058017727639033,-0.0008333472224535399,0.9994359387590652,-8.058017727639034e-05
87156,27.369622827047117,0.9991941982272361,560,681,1241,0.0,-0.0008333472224535399,0.9993553585817889,-8.058017727639034e-05
87157,27.368789479824663,0.9991941982272361,560,681,1241,0.0,-0.0008333472224535399,0.9992747784045125,-8.058017727639034e-05
87158,27.36795613260221,0.9991941982272361,560,681,1241,0.0,-0.0008333472224535399,0.9992747784045125,0.0
87159,27.367122785379756,1.0,560,681,1241,0.0008058017727639033,-0.0008333472224535399,0.9994359387590652,0.00016116035455278067
87160,27.366289438157303,0.9991941982272361,560,681,1241,-0.0008058017727639033,-0.0008333472224535399,0.9994359387590652,0.0
87161,27.36545609093485,0.9991941982272361,560,681,1241,0.0,-0.0008333472224535399,0.9994359387590652,0.0
87162,27.364622743712395,0.9991941982272361,560,681,1241,0.0,-0.0008333472224535399,0.9994359387590652,0.0
87163,27.363789396489942,0.9991941982272361,560,681,1241,0.0,-0.0008333472224535399,0.9993553585817889,-8.058017727639034e-05
87164,27.36295604926749,0.9991941982272361,560,681,1241,0.0,-0.0008333472224535399,0.9992747784045125,-8.058017727639034e-05
87165,27.362122702045035,0.9983883964544722,560,681,1241,-0.0008058017727639033,-0.0008333472224535399,0.9991941982272362,-8.058017727639034e-05
87166,27.361289354822578,0.9991941982272361,560,681,1241,0.0008058017727639033,-0.0008333472224570926,0.9991941982272362,0.0
87167,27.360456007600124,0.9991941982272361,560,681,1241,0.0,-0.0008333472224535399,0.9991941982272362,0.0
87168,27.35962266037767,0.9991941982272361,560,681,1241,0.0,-0.0008333472224535399,0.9991941982272362,0.0
87169,27.358789313155217,0.9991941982272361,560,681,1241,0.0,-0.0008333472224535399,0.9991136180499598,-8.058017727639034e-05
87170,27.357955965932764,0.9991941982272361,560,681,1241,0.0,-0.0008333472224535399,0.9991136180499598,0.0
87171,27.35712261871031,0.9991941982272361,560,681,1241,0.0,-0.0008333472224535399,0.9991136180499598,0.0
87172,27.356289271487856,0.9991941982272361,560,681,1241,0.0,-0.0008333472224535399,0.9991136180499598,0.0
87173,27.355455924265403,0.9991941982272361,560,681,1241,0.0,-0.0008333472224535399,0.9991136180499598,0.0
87174,27.35462257704295,0.9991941982272361,560,681,1241,0.0,-0.0008333472224535399,0.9991136180499598,0.0
87175,27.353789229820496,0.9991941982272361,560,681,1241,0.0,-0.0008333472224535399,0.9991941982272362,8.058017727639034e-05
87176,27.352955882598042,0.9991941982272361,560,681,1241,0.0,-0.0008333472224535399,0.9991941982272362,0.0
87177,27.35212253537559,1.0,560,681,1241,0.0008058017727639033,-0.0008333472224535399,0.9992747784045125,8.058017727639034e-05
87178,27.351289188153135,1.0,560,681,1241,0.0,-0.0008333472224535399,0.9993553585817889,8.058017727639034e-05
87179,27.35045584093068,1.0,560,681,1241,0.0,-0.0008333472224535399,0.9994359387590652,8.058017727639034e-05
87180,27.349622493708228,1.0,560,681,1241,0.0,-0.0008333472224535399,0.9995165189363415,8.058017727639034e-05
87181,27.348789146485775,1.0,560,681,1241,0.0,-0.0008333472224535399,0.9995970991136179,8.058017727639034e-05
87182,27.34795579926332,1.0,560,681,1241,0.0,-0.0008333472224535399,0.9996776792908942,8.058017727639034e-05
87183,27.347122452040868,1.0,560,681,1241,0.0,-0.0008333472224535399,0.9997582594681707,8.058017727639034e-05
87184,27.346289104818414,1.0,560,681,1241,0.0,-0.0008333472224535399,0.999838839645447,8.058017727639034e-05
87185,27.34545575759596,1.0,560,681,1241,0.0,-0.0008333472224535399,0.9999194198227233,8.058017727639034e-05
87186,27.344622410373507,0.9991941982272361,560,681,1241,-0.0008058017727639033,-0.0008333472224535399,0.9999194198227233,0.0
87187,27.34378906315105,1.0,560,681,1241,0.0008058017727639033,-0.0008333472224570926,0.9999194198227233,0.0
87188,27.342955715928596,1.0,560,681,1241,0.0,-0.0008333472224535399,0.9999194198227233,0.0
87189,27.342122368706143,0.9991941982272361,560,681,1241,-0.0008058017727639033,-0.0008333472224535399,0.999838839645447,-8.058017727639034e-05
87190,27.34128902148369,0.9991941982272361,560,681,1241,0.0,-0.0008333472224535399,0.9997582594681707,-8.058017727639034e-05
87191,27.340455674261236,0.9991941982272361,560,681,1241,0.0,-0.0008333472224535399,0.9996776792908942,-8.058017727639034e-05
87192,27.339622327038782,1.0,560,681,1241,0.0008058017727639033,-0.0008333472224535399,0.9996776792908942,0.0
87193,27.33878897981633,1.0,560,681,1241,0.0,-0.0008333472224535399,0.9996776792908942,0.0
87194,27.337955632593875,1.0,560,681,1241,0.0,-0.0008333472224535399,0.9996776792908942,0.0
87195,27.33712228537142,1.0,560,681,1241,0.0,-0.0008333472224535399,0.9996776792908942,0.0
87196,27.336288938148968,1.0,560,681,1241,0.0,-0.0008333472224535399,0.9997582594681707,8.058017727639034e-05
87197,27.335455590926514,1.0,560,681,1241,0.0,-0.0008333472224535399,0.9997582594681707,0.0
87198,27.33462224370406,1.0,560,681,1241,0.0,-0.0008333472224535399,0.9997582594681707,0.0
87199,27.333788896481607,1.0,560,681,1241,0.0,-0.0008333472224535399,0.999838839645447,8.058017727639034e-05
87200,27.332955549259154,1.0,560,681,1241,0.0,-0.0008333472224535399,0.9999194198227233,8.058017727639034e-05
87201,27.3321222020367,1.0,560,681,1241,0.0,-0.0008333472224535399,0.9999999999999997,8.058017727639034e-05
87202,27.331288854814247,1.0,560,681,1241,0.0,-0.0008333472224535399,0.9999999999999997,0.0
87203,27.330455507591793,1.0,560,681,1241,0.0,-0.0008333472224535399,0.9999999999999997,0.0
87204,27.32962216036934,1.0,560,681,1241,0.0,-0.0008333472224535399,0.9999999999999997,0.0
87205,27.328788813146886,1.0,560,681,1241,0.0,-0.0008333472224535399,0.9999999999999997,0.0
87206,27.327955465924433,1.0,560,681,1241,0.0,-0.0008333472224535399,0.9999999999999997,0.0
87207,27.32712211870198,1.0,560,681,1241,0.0,-0.0008333472224535399,0.9999999999999997,0.0
87208,27.326288771479522,0.9991941982272361,560,681,1241,-0.0008058017727639033,-0.0008333472224570926,0.9999194198227233,-8.058017727639034e-05
87209,27.32545542425707,0.9991941982272361,560,681,1241,0.0,-0.0008333472224535399,0.999838839645447,-8.058017727639034e-05
87210,27.324622077034615,1.0,560,681,1241,0.0008058017727639033,-0.0008333472224535399,0.999838839645447,0.0
87211,27.32378872981216,0.9991941982272361,560,681,1241,-0.0008058017727639033,-0.0008333472224535399,0.9997582594681707,-8.058017727639034e-05
87212,27.322955382589708,0.9991941982272361,560,681,1241,0.0,-0.0008333472224535399,0.9996776792908942,-8.058017727639034e-05
87213,27.322122035367254,0.9991941982272361,560,681,1241,0.0,-0.0008333472224535399,0.9995970991136179,-8.058017727639034e-05
87214,27.3212886881448,0.9991941982272361,560,681,1241,0.0,-0.0008333472224535399,0.9995165189363415,-8.058017727639034e-05
87215,27.320455340922347,0.9991941982272361,560,681,1241,0.0,-0.0008333472224535399,0.9994359387590652,-8.058017727639034e-05
87216,27.319621993699894,0.9991941982272361,560,681,1241,0.0,-0.0008333472224535399,0.9993553585817889,-8.058017727639034e-05
87217,27.31878864647744,1.0,560,681,1241,0.0008058017727639033,-0.0008333472224535399,0.9993553585817889,0.0
87218,27.317955299254987,1.0,560,681,1241,0.0,-0.0008333472224535399,0.9994359387590652,8.058017727639034e-05
87219,27.317121952032533,1.0,560,681,1241,0.0,-0.0008333472224535399,0.9995165189363415,8.058017727639034e-05
87220,27.31628860481008,1.0,560,681,1241,0.0,-0.0008333472224535399,0.9995165189363415,0.0
87221,27.315455257587626,1.0,560,681,1241,0.0,-0.0008333472224535399,0.9995970991136179,8.058017727639034e-05
87222,27.314621910365172,1.0,560,681,1241,0.0,-0.0008333472224535399,0.9996776792908942,8.058017727639034e-05
87223,27.31378856314272,1.0,560,681,1241,0.0,-0.0008333472224535399,0.9997582594681707,8.058017727639034e-05
87224,27.312955215920265,1.0,560,681,1241,0.0,-0.0008333472224535399,0.999838839645447,8.058017727639034e-05
87225,27.312121868697812,1.0,560,681,1241,0.0,-0.0008333472224535399,0.9999194198227233,8.058017727639034e-05
87226,27.31128852147536,1.0,560,681,1241,0.0,-0.0008333472224535399,0.9999999999999997,8.058017727639034e-05
87227,27.310455174252905,1.0,560,681,1241,0.0,-0.0008333472224535399,0.9999999999999997,0.0
87228,27.30962182703045,0.9991941982272361,560,681,1241,-0.0008058017727639033,-0.0008333472224535399,0.9999194198227233,-8.058017727639034e-05
87229,27.308788479807998,0.9991941982272361,560,681,1241,0.0,-0.0008333472224535399,0.999838839645447,-8.058017727639034e-05
87230,27.30795513258554,0.9991941982272361,560,681,1241,0.0,-0.0008333472224570926,0.9997582594681707,-8.058017727639034e-05
87231,27.307121785363087,0.9991941982272361,560,681,1241,0.0,-0.0008333472224535399,0.9996776792908942,-8.058017727639034e-05
87232,27.306288438140633,0.9991941982272361,560,681,1241,0.0,-0.0008333472224535399,0.9995970991136179,-8.058017727639034e-05
87233,27.30545509091818,0.9991941982272361,560,681,1241,0.0,-0.0008333472224535399,0.9995165189363415,-8.058017727639034e-05
87234,27.304621743695726,0.9991941982272361,560,681,1241,0.0,-0.0008333472224535399,0.9994359387590652,-8.058017727639034e-05
87235,27.303788396473273,0.9991941982272361,560,681,1241,0.0,-0.0008333472224535399,0.9993553585817889,-8.058017727639034e-05
87236,27.30295504925082,0.9983883964544722,560,681,1241,-0.0008058017727639033,-0.0008333472224535399,0.9991941982272362,-0.00016116035455278067
87237,27.302121702028366,0.9983883964544722,560,681,1241,0.0,-0.0008333472224535399,0.9990330378726835,-0.00016116035455278067
87238,27.301288354805912,0.9983883964544722,560,681,1241,0.0,-0.0008333472224535399,0.9989524576954072,-8.058017727639034e-05
87239,27.30045500758346,0.9983883964544722,560,681,1241,0.0,-0.0008333472224535399,0.9988718775181308,-8.058017727639034e-05
87240,27.299621660361005,0.9983883964544722,560,681,1241,0.0,-0.0008333472224535399,0.9987912973408545,-8.058017727639034e-05
87241,27.29878831313855,0.9975825946817083,560,681,1241,-0.0008058017727639033,-0.0008333472224535399,0.9986301369863015,-0.00016116035455278067
87242,27.297954965916098,0.9975825946817083,560,681,1241,0.0,-0.0008333472224535399,0.9984689766317487,-0.00016116035455278067
87243,27.297121618693645,0.9975825946817083,560,681,1241,0.0,-0.0008333472224535399,0.9983078162771959,-0.00016116035455278067
87244,27.29628827147119,0.9959709911361805,560,681,1241,-0.0016116035455278066,-0.0008333472224535399,0.9979854955680902,-0.00032232070910556134
87245,27.295454924248737,0.9967767929089444,560,681,1241,0.0008058017727639033,-0.0008333472224535399,0.9977437550362611,-0.00024174053182917098
87246,27.294621577026284,0.9967767929089444,560,681,1241,0.0,-0.0008333472224535399,0.9975825946817082,-0.00016116035455278067
87247,27.29378822980383,0.9975825946817083,560,681,1241,0.0008058017727639033,-0.0008333472224535399,0.9975020145044319,-8.058017727639034e-05
87248,27.292954882581377,0.9983883964544722,560,681,1241,0.0008058017727639033,-0.0008333472224535399,0.9975020145044319,0.0
87249,27.292121535358923,0.9983883964544722,560,681,1241,0.0,-0.0008333472224535399,0.9975020145044319,0.0
87250,27.29128818813647,0.9991941982272361,560,681,1241,0.0008058017727639033,-0.0008333472224535399,0.9975825946817082,8.058017727639034e-05
87251,27.290454840914013,0.9991941982272361,560,681,1241,0.0,-0.0008333472224570926,0.9977437550362611,0.00016116035455278067
87252,27.28962149369156,1.0,560,681,1241,0.0008058017727639033,-0.0008333472224535399,0.9979854955680902,0.00024174053182917098
87253,27.288788146469106,1.0,560,681,1241,0.0,-0.0008333472224535399,0.9982272360999195,0.00024174053182917098
87254,27.287954799246652,1.0,560,681,1241,0.0,-0.0008333472224535399,0.9986301369863014,0.00040290088638195165
87255,27.2871214520242,1.0,560,681,1241,0.0,-0.0008333472224535399,0.998952457695407,0.00032232070910556134
87256,27.286288104801745,1.0,560,681,1241,0.0,-0.0008333472224535399,0.9992747784045125,0.00032232070910556134
87257,27.28545475757929,1.0,560,681,1241,0.0,-0.0008333472224535399,0.9995165189363417,0.00024174053182917098
87258,27.284621410356838,1.0,560,681,1241,0.0,-0.0008333472224535399,0.9996776792908946,0.00016116035455278067
87259,27.283788063134384,1.0,560,681,1241,0.0,-0.0008333472224535399,0.9998388396454473,0.00016116035455278067
87260,27.28295471591193,1.0,560,681,1241,0.0,-0.0008333472224535399,0.9999194198227237,8.058017727639034e-05
87261,27.282121368689477,1.0,560,681,1241,0.0,-0.0008333472224535399,1.0,8.058017727639034e-05
87262,27.281288021467024,0.9991941982272361,560,681,1241,-0.0008058017727639033,-0.0008333472224535399,0.9999194198227237,-8.058017727639034e-05
87263,27.28045467424457,0.9991941982272361,560,681,1241,0.0,-0.0008333472224535399,0.9998388396454473,-8.058017727639034e-05
87264,27.279621327022117,0.9991941982272361,560,681,1241,0.0,-0.0008333472224535399,0.999758259468171,-8.058017727639034e-05
87265,27.278787979799663,0.9983883964544722,560,681,1241,-0.0008058017727639033,-0.0008333472224535399,0.9995970991136183,-0.00016116035455278067
87266,27.27795463257721,0.9983883964544722,560,681,1241,0.0,-0.0008333472224535399,0.9994359387590656,-0.00016116035455278067
87267,27.277121285354756,0.9983883964544722,560,681,1241,0.0,-0.0008333472224535399,0.9992747784045128,-0.00016116035455278067
87268,27.276287938132302,0.9991941982272361,560,681,1241,0.0008058017727639033,-0.0008333472224535399,0.9991941982272365,-8.058017727639034e-05
87269,27.27545459090985,0.9991941982272361,560,681,1241,0.0,-0.0008333472224535399,0.9991136180499602,-8.058017727639034e-05
87270,27.274621243687395,0.9983883964544722,560,681,1241,-0.0008058017727639033,-0.0008333472224535399,0.9989524576954075,-0.00016116035455278067
87271,27.273787896464942,0.9975825946817083,560,681,1241,-0.0008058017727639033,-0.0008333472224535399,0.9987107171635783,-0.00024174053182917098
87272,27.272954549242485,0.9975825946817083,560,681,1241,0.0,-0.0008333472224570926,0.9985495568090255,-0.00016116035455278067
87273,27.27212120202003,0.9983883964544722,560,681,1241,0.0008058017727639033,-0.0008333472224535399,0.998468976631749,-8.058017727639034e-05
87274,27.271287854797578,0.9991941982272361,560,681,1241,0.0008058017727639033,-0.0008333472224535399,0.998468976631749,0.0
87275,27.270454507575124,0.9991941982272361,560,681,1241,0.0,-0.0008333472224535399,0.9985495568090255,8.058017727639034e-05
87276,27.26962116035267,0.9991941982272361,560,681,1241,0.0,-0.0008333472224535399,0.9986301369863018,8.058017727639034e-05
87277,27.268787813130217,0.9991941982272361,560,681,1241,0.0,-0.0008333472224535399,0.9987107171635781,8.058017727639034e-05
87278,27.267954465907764,0.9991941982272361,560,681,1241,0.0,-0.0008333472224535399,0.9987107171635781,0.0
87279,27.26712111868531,0.9991941982272361,560,681,1241,0.0,-0.0008333472224535399,0.9987107171635781,0.0
87280,27.266287771462856,0.9991941982272361,560,681,1241,0.0,-0.0008333472224535399,0.9987912973408545,8.058017727639034e-05
87281,27.265454424240403,1.0,560,681,1241,0.0008058017727639033,-0.0008333472224535399,0.9990330378726837,0.00024174053182917098
87282,27.26462107701795,1.0,560,681,1241,0.0,-0.0008333472224535399,0.9992747784045128,0.00024174053182917098
87283,27.263787729795496,1.0,560,681,1241,0.0,-0.0008333472224535399,0.9994359387590656,0.00016116035455278067
87284,27.262954382573042,1.0,560,681,1241,0.0,-0.0008333472224535399,0.999516518936342,8.058017727639034e-05
87285,27.26212103535059,1.0,560,681,1241,0.0,-0.0008333472224535399,0.9995970991136183,8.058017727639034e-05
87286,27.261287688128135,1.0,560,681,1241,0.0,-0.0008333472224535399,0.9996776792908946,8.058017727639034e-05
87287,27.26045434090568,1.0,560,681,1241,0.0,-0.0008333472224535399,0.999758259468171,8.058017727639034e-05
87288,27.259620993683228,1.0,560,681,1241,0.0,-0.0008333472224535399,0.9998388396454473,8.058017727639034e-05
87289,27.258787646460775,0.9991941982272361,560,681,1241,-0.0008058017727639033,-0.0008333472224535399,0.9998388396454473,0.0
87290,27.25795429923832,0.9991941982272361,560,681,1241,0.0,-0.0008333472224535399,0.9998388396454473,0.0
87291,27.257120952015867,0.9991941982272361,560,681,1241,0.0,-0.0008333472224535399,0.999758259468171,-8.058017727639034e-05
87292,27.256287604793414,0.9991941982272361,560,681,1241,0.0,-0.0008333472224535399,0.9996776792908946,-8.058017727639034e-05
87293,27.255454257570957,1.0,560,681,1241,0.0008058017727639033,-0.0008333472224570926,0.9996776792908946,0.0
87294,27.254620910348503,1.0,560,681,1241,0.0,-0.0008333472224535399,0.9996776792908946,0.0
87295,27.25378756312605,1.0,560,681,1241,0.0,-0.0008333472224535399,0.9996776792908946,0.0
87296,27.252954215903596,1.0,560,681,1241,0.0,-0.0008333472224535399,0.9996776792908946,0.0
87297,27.252120868681143,1.0,560,681,1241,0.0,-0.0008333472224535399,0.9996776792908946,0.0
87298,27.25128752145869,1.0,560,681,1241,0.0,-0.0008333472224535399,0.9996776792908946,0.0
87299,27.250454174236236,1.0,560,681,1241,0.0,-0.0008333472224535399,0.999758259468171,8.058017727639034e-05
87300,27.249620827013782,1.0,560,681,1241,0.0,-0.0008333472224535399,0.9998388396454473,8.058017727639034e-05
87301,27.24878747979133,1.0,560,681,1241,0.0,-0.0008333472224535399,0.9999194198227237,8.058017727639034e-05
87302,27.247954132568875,1.0,560,681,1241,0.0,-0.0008333472224535399,1.0,8.058017727639034e-05
87303,27.24712078534642,1.0,560,681,1241,0.0,-0.0008333472224535399,1.0,0.0
87304,27.246287438123968,1.0,560,681,1241,0.0,-0.0008333472224535399,1.0,0.0
87305,27.245454090901514,1.0,560,681,1241,0.0,-0.0008333472224535399,1.0,0.0
87306,27.24462074367906,0.9991941982272361,560,681,1241,-0.0008058017727639033,-0.0008333472224535399,0.9999194198227237,-8.058017727639034e-05
87307,27.243787396456607,0.9991941982272361,560,681,1241,0.0,-0.0008333472224535399,0.9998388396454473,-8.058017727639034e-05
87308,27.242954049234154,0.9991941982272361,560,681,1241,0.0,-0.0008333472224535399,0.999758259468171,-8.058017727639034e-05
87309,27.2421207020117,0.9991941982272361,560,681,1241,0.0,-0.0008333472224535399,0.9996776792908946,-8.058017727639034e-05
87310,27.241287354789247,0.9991941982272361,560,681,1241,0.0,-0.0008333472224535399,0.9995970991136183,-8.058017727639034e-05
87311,27.240454007566793,0.9991941982272361,560,681,1241,0.0,-0.0008333472224535399,0.999516518936342,-8.058017727639034e-05
87312,27.23962066034434,0.9991941982272361,560,681,1241,0.0,-0.0008333472224535399,0.9994359387590656,-8.058017727639034e-05
87313,27.238787313121886,0.9991941982272361,560,681,1241,0.0,-0.0008333472224535399,0.9993553585817893,-8.058017727639034e-05
87314,27.23795396589943,1.0,560,681,1241,0.0008058017727639033,-0.0008333472224570926,0.9993553585817893,0.0
87315,27.237120618676975,1.0,560,681,1241,0.0,-0.0008333472224535399,0.9993553585817893,0.0
87316,27.236287271454522,1.0,560,681,1241,0.0,-0.0008333472224535399,0.9994359387590656,8.058017727639034e-05
87317,27.23545392423207,1.0,560,681,1241,0.0,-0.0008333472224535399,0.999516518936342,8.058017727639034e-05
87318,27.234620577009615,1.0,560,681,1241,0.0,-0.0008333472224535399,0.9995970991136183,8.058017727639034e-05
87319,27.23378722978716,0.9991941982272361,560,681,1241,-0.0008058017727639033,-0.0008333472224535399,0.9995970991136183,0.0
87320,27.232953882564708,0.9983883964544722,560,681,1241,-0.0008058017727639033,-0.0008333472224535399,0.999516518936342,-8.058017727639034e-05
87321,27.232120535342254,0.9983883964544722,560,681,1241,0.0,-0.0008333472224535399,0.9994359387590656,-8.058017727639034e-05
87322,27.2312871881198,0.9983883964544722,560,681,1241,0.0,-0.0008333472224535399,0.9993553585817893,-8.058017727639034e-05
87323,27.230453840897347,0.9975825946817083,560,681,1241,-0.0008058017727639033,-0.0008333472224535399,0.9991941982272363,-0.00016116035455278067
87324,27.229620493674894,0.9975825946817083,560,681,1241,0.0,-0.0008333472224535399,0.9989524576954072,-0.00024174053182917098
87325,27.22878714645244,0.9975825946817083,560,681,1241,0.0,-0.0008333472224535399,0.998710717163578,-0.00024174053182917098
87326,27.227953799229986,0.9975825946817083,560,681,1241,0.0,-0.0008333472224535399,0.9984689766317487,-0.00024174053182917098
87327,27.227120452007533,0.9975825946817083,560,681,1241,0.0,-0.0008333472224535399,0.9982272360999195,-0.00024174053182917098
87328,27.22628710478508,0.9975825946817083,560,681,1241,0.0,-0.0008333472224535399,0.9979854955680902,-0.00024174053182917098
87329,27.225453757562626,1.0,560,681,1241,0.00241740531829171,-0.0008333472224535399,0.9980660757453667,8.058017727639034e-05
87330,27.224620410340172,1.0,560,681,1241,0.0,-0.0008333472224535399,0.9982272360999194,0.00016116035455278067
87331,27.22378706311772,1.0,560,681,1241,0.0,-0.0008333472224535399,0.998388396454472,0.00016116035455278067
87332,27.222953715895265,1.0,560,681,1241,0.0,-0.0008333472224535399,0.9985495568090247,0.00016116035455278067
87333,27.22212036867281,1.0,560,681,1241,0.0,-0.0008333472224535399,0.9987912973408539,0.00024174053182917098
87334,27.221287021450358,1.0,560,681,1241,0.0,-0.0008333472224535399,0.9990330378726832,0.00024174053182917098
87335,27.2204536742279,1.0,560,681,1241,0.0,-0.0008333472224570926,0.9992747784045124,0.00024174053182917098
87336,27.219620327005448,1.0,560,681,1241,0.0,-0.0008333472224535399,0.9995165189363415,0.00024174053182917098
87337,27.218786979782994,1.0,560,681,1241,0.0,-0.0008333472224535399,0.9997582594681708,0.00024174053182917098
87338,27.21795363256054,1.0,560,681,1241,0.0,-0.0008333472224535399,1.0,0.00024174053182917098
87339,27.217120285338087,1.0,560,681,1241,0.0,-0.0008333472224535399,1.0,0.0
87340,27.216286938115633,1.0,560,681,1241,0.0,-0.0008333472224535399,1.0,0.0
87341,27.21545359089318,0.9991941982272361,560,681,1241,-0.0008058017727639033,-0.0008333472224535399,0.9999194198227237,-8.058017727639034e-05
87342,27.214620243670726,0.9983883964544722,560,681,1241,-0.0008058017727639033,-0.0008333472224535399,0.999758259468171,-0.00016116035455278067
87343,27.213786896448273,0.9991941982272361,560,681,1241,0.0008058017727639033,-0.0008333472224535399,0.9996776792908946,-8.058017727639034e-05
87344,27.21295354922582,0.9991941982272361,560,681,1241,0.0,-0.0008333472224535399,0.9995970991136183,-8.058017727639034e-05
87345,27.212120202003366,0.9991941982272361,560,681,1241,0.0,-0.0008333472224535399,0.999516518936342,-8.058017727639034e-05
87346,27.211286854780912,0.9991941982272361,560,681,1241,0.0,-0.0008333472224535399,0.9994359387590656,-8.058017727639034e-05
87347,27.21045350755846,0.9991941982272361,560,681,1241,0.0,-0.0008333472224535399,0.9993553585817893,-8.058017727639034e-05
87348,27.209620160336005,0.9991941982272361,560,681,1241,0.0,-0.0008333472224535399,0.9992747784045128,-8.058017727639034e-05
87349,27.20878681311355,0.9991941982272361,560,681,1241,0.0,-0.0008333472224535399,0.9991941982272365,-8.058017727639034e-05
87350,27.207953465891098,0.9983883964544722,560,681,1241,-0.0008058017727639033,-0.0008333472224535399,0.9990330378726838,-0.00016116035455278067
87351,27.207120118668644,0.9983883964544722,560,681,1241,0.0,-0.0008333472224535399,0.9989524576954075,-8.058017727639034e-05
87352,27.20628677144619,0.9983883964544722,560,681,1241,0.0,-0.0008333472224535399,0.9989524576954075,0.0
87353,27.205453424223737,0.9991941982272361,560,681,1241,0.0008058017727639033,-0.0008333472224535399,0.9989524576954075,0.0
87354,27.204620077001284,0.9983883964544722,560,681,1241,-0.0008058017727639033,-0.0008333472224535399,0.9988718775181311,-8.058017727639034e-05
87355,27.20378672977883,0.9983883964544722,560,681,1241,0.0,-0.0008333472224535399,0.9987912973408548,-8.058017727639034e-05
87356,27.202953382556377,0.9983883964544722,560,681,1241,0.0,-0.0008333472224535399,0.9987107171635785,-8.058017727639034e-05
87357,27.20212003533392,0.9983883964544722,560,681,1241,0.0,-0.0008333472224570926,0.9986301369863021,-8.058017727639034e-05
87358,27.201286688111466,0.9983883964544722,560,681,1241,0.0,-0.0008333472224535399,0.9985495568090258,-8.058017727639034e-05
87359,27.200453340889013,0.9983883964544722,560,681,1241,0.0,-0.0008333472224535399,0.9984689766317494,-8.058017727639034e-05
87360,27.19961999366656,0.9975825946817083,560,681,1241,-0.0008058017727639033,-0.0008333472224535399,0.9983883964544731,-8.058017727639034e-05
87361,27.198786646444105,0.9975825946817083,560,681,1241,0.0,-0.0008333472224535399,0.9983078162771968,-8.058017727639034e-05
87362,27.197953299221652,0.9983883964544722,560,681,1241,0.0008058017727639033,-0.0008333472224535399,0.9983078162771968,0.0
87363,27.1971199519992,0.9983883964544722,560,681,1241,0.0,-0.0008333472224535399,0.9982272360999204,-8.058017727639034e-05
87364,27.196286604776745,0.9983883964544722,560,681,1241,0.0,-0.0008333472224535399,0.9982272360999204,0.0
87365,27.19545325755429,0.9983883964544722,560,681,1241,0.0,-0.0008333472224535399,0.9982272360999204,0.0
87366,27.194619910331838,0.9983883964544722,560,681,1241,0.0,-0.0008333472224535399,0.9982272360999204,0.0
87367,27.193786563109384,0.9983883964544722,560,681,1241,0.0,-0.0008333472224535399,0.9982272360999204,0.0
87368,27.19295321588693,0.9983883964544722,560,681,1241,0.0,-0.0008333472224535399,0.9982272360999204,0.0
87369,27.192119868664477,0.9983883964544722,560,681,1241,0.0,-0.0008333472224535399,0.9982272360999204,0.0
87370,27.191286521442024,0.9983883964544722,560,681,1241,0.0,-0.0008333472224535399,0.9983078162771969,8.058017727639034e-05
87371,27.19045317421957,0.9983883964544722,560,681,1241,0.0,-0.0008333472224535399,0.9983883964544733,8.058017727639034e-05
87372,27.189619826997117,0.9983883964544722,560,681,1241,0.0,-0.0008333472224535399,0.9983883964544731,0.0
87373,27.188786479774663,0.9983883964544722,560,681,1241,0.0,-0.0008333472224535399,0.9983883964544731,0.0
87374,27.18795313255221,0.9983883964544722,560,681,1241,0.0,-0.0008333472224535399,0.9983883964544731,0.0
87375,27.187119785329756,0.9983883964544722,560,681,1241,0.0,-0.0008333472224535399,0.9983883964544731,0.0
87376,27.186286438107302,0.9983883964544722,560,681,1241,0.0,-0.0008333472224535399,0.9983883964544731,0.0
87377,27.18545309088485,0.9991941982272361,560,681,1241,0.0008058017727639033,-0.0008333472224535399,0.9984689766317494,8.058017727639034e-05
87378,27.18461974366239,0.9991941982272361,560,681,1241,0.0,-0.0008333472224570926,0.9985495568090258,8.058017727639034e-05
87379,27.183786396439938,0.9991941982272361,560,681,1241,0.0,-0.0008333472224535399,0.9986301369863021,8.058017727639034e-05
87380,27.182953049217485,0.9991941982272361,560,681,1241,0.0,-0.0008333472224535399,0.9987107171635785,8.058017727639034e-05
87381,27.18211970199503,0.9991941982272361,560,681,1241,0.0,-0.0008333472224535399,0.9987912973408548,8.058017727639034e-05
87382,27.181286354772578,0.9991941982272361,560,681,1241,0.0,-0.0008333472224535399,0.9988718775181311,8.058017727639034e-05
87383,27.180453007550124,0.9991941982272361,560,681,1241,0.0,-0.0008333472224535399,0.9989524576954075,8.058017727639034e-05
87384,27.17961966032767,0.9991941982272361,560,681,1241,0.0,-0.0008333472224535399,0.9990330378726838,8.058017727639034e-05
87385,27.178786313105217,0.9991941982272361,560,681,1241,0.0,-0.0008333472224535399,0.9991136180499602,8.058017727639034e-05
87386,27.177952965882763,0.9991941982272361,560,681,1241,0.0,-0.0008333472224535399,0.9991941982272365,8.058017727639034e-05
87387,27.17711961866031,0.9991941982272361,560,681,1241,0.0,-0.0008333472224535399,0.9991941982272365,0.0
87388,27.176286271437856,0.9991941982272361,560,681,1241,0.0,-0.0008333472224535399,0.9991941982272365,0.0
87389,27.175452924215403,0.9991941982272361,560,681,1241,0.0,-0.0008333472224535399,0.9991941982272365,0.0
87390,27.17461957699295,0.9991941982272361,560,681,1241,0.0,-0.0008333472224535399,0.9991941982272365,0.0
87391,27.173786229770496,1.0,560,681,1241,0.0008058017727639033,-0.0008333472224535399,0.9992747784045128,8.058017727639034e-05
87392,27.172952882548042,1.0,560,681,1241,0.0,-0.0008333472224535399,0.9993553585817893,8.058017727639034e-05
87393,27.17211953532559,1.0,560,681,1241,0.0,-0.0008333472224535399,0.9994359387590656,8.058017727639034e-05
87394,27.171286188103135,0.9991941982272361,560,681,1241,-0.0008058017727639033,-0.0008333472224535399,0.9994359387590656,0.0
87395,27.17045284088068,0.9991941982272361,560,681,1241,0.0,-0.0008333472224535399,0.9994359387590656,0.0
87396,27.169619493658228,1.0,560,681,1241,0.0008058017727639033,-0.0008333472224535399,0.999516518936342,8.058017727639034e-05
87397,27.168786146435774,1.0,560,681,1241,0.0,-0.0008333472224535399,0.9995970991136183,8.058017727639034e-05
87398,27.16795279921332,1.0,560,681,1241,0.0,-0.0008333472224535399,0.9996776792908946,8.058017727639034e-05
87399,27.167119451990864,1.0,560,681,1241,0.0,-0.0008333472224570926,0.999758259468171,8.058017727639034e-05
87400,27.16628610476841,1.0,560,681,1241,0.0,-0.0008333472224535399,0.9998388396454473,8.058017727639034e-05
87401,27.165452757545957,0.9991941982272361,560,681,1241,-0.0008058017727639033,-0.0008333472224535399,0.999758259468171,-8.058017727639034e-05
87402,27.164619410323503,0.9991941982272361,560,681,1241,0.0,-0.0008333472224535399,0.9996776792908946,-8.058017727639034e-05
87403,27.16378606310105,0.9991941982272361,560,681,1241,0.0,-0.0008333472224535399,0.9995970991136183,-8.058017727639034e-05
87404,27.162952715878596,0.9991941982272361,560,681,1241,0.0,-0.0008333472224535399,0.9995970991136183,0.0
87405,27.162119368656143,0.9991941982272361,560,681,1241,0.0,-0.0008333472224535399,0.9995970991136183,0.0
87406,27.16128602143369,0.9991941982272361,560,681,1241,0.0,-0.0008333472224535399,0.999516518936342,-8.058017727639034e-05
87407,27.160452674211236,0.9991941982272361,560,681,1241,0.0,-0.0008333472224535399,0.9994359387590656,-8.058017727639034e-05
87408,27.159619326988782,0.9991941982272361,560,681,1241,0.0,-0.0008333472224535399,0.9993553585817893,-8.058017727639034e-05
87409,27.15878597976633,0.9991941982272361,560,681,1241,0.0,-0.0008333472224535399,0.9992747784045128,-8.058017727639034e-05
87410,27.157952632543875,0.9991941982272361,560,681,1241,0.0,-0.0008333472224535399,0.9991941982272365,-8.058017727639034e-05
87411,27.15711928532142,0.9991941982272361,560,681,1241,0.0,-0.0008333472224535399,0.9991941982272365,0.0
87412,27.156285938098968,0.9991941982272361,560,681,1241,0.0,-0.0008333472224535399,0.9991941982272365,0.0
87413,27.155452590876514,1.0,560,681,1241,0.0008058017727639033,-0.0008333472224535399,0.9992747784045128,8.058017727639034e-05
87414,27.15461924365406,1.0,560,681,1241,0.0,-0.0008333472224535399,0.9993553585817893,8.058017727639034e-05
87415,27.153785896431607,1.0,560,681,1241,0.0,-0.0008333472224535399,0.9994359387590656,8.058017727639034e-05
87416,27.152952549209154,1.0,560,681,1241,0.0,-0.0008333472224535399,0.999516518936342,8.058017727639034e-05
87417,27.1521192019867,1.0,560,681,1241,0.0,-0.0008333472224535399,0.9995970991136183,8.058017727639034e-05
87418,27.151285854764247,1.0,560,681,1241,0.0,-0.0008333472224535399,0.9996776792908946,8.058017727639034e-05
87419,27.150452507541793,1.0,560,681,1241,0.0,-0.0008333472224535399,0.999758259468171,8.058017727639034e-05
87420,27.149619160319336,1.0,560,681,1241,0.0,-0.0008333472224570926,0.9998388396454473,8.058017727639034e-05
87421,27.148785813096882,1.0,560,681,1241,0.0,-0.0008333472224535399,0.9999194198227237,8.058017727639034e-05
87422,27.14795246587443,1.0,560,681,1241,0.0,-0.0008333472224535399,1.0,8.058017727639034e-05
87423,27.147119118651975,1.0,560,681,1241,0.0,-0.0008333472224535399,1.0,0.0
87424,27.146285771429522,0.9991941982272361,560,681,1241,-0.0008058017727639033,-0.0008333472224535399,0.9999194198227237,-8.058017727639034e-05
87425,27.14545242420707,0.9991941982272361,560,681,1241,0.0,-0.0008333472224535399,0.9998388396454473,-8.058017727639034e-05
87426,27.144619076984615,1.0,560,681,1241,0.0008058017727639033,-0.0008333472224535399,0.9998388396454473,0.0
87427,27.14378572976216,1.0,560,681,1241,0.0,-0.0008333472224535399,0.9998388396454473,0.0
87428,27.142952382539708,1.0,560,681,1241,0.0,-0.0008333472224535399,0.9998388396454473,0.0
87429,27.142119035317254,1.0,560,681,1241,0.0,-0.0008333472224535399,0.9998388396454473,0.0
87430,27.1412856880948,1.0,560,681,1241,0.0,-0.0008333472224535399,0.9998388396454473,0.0
87431,27.140452340872347,1.0,560,681,1241,0.0,-0.0008333472224535399,0.9998388396454473,0.0
87432,27.139618993649893,1.0,560,681,1241,0.0,-0.0008333472224535399,0.9998388396454473,0.0
87433,27.13878564642744,1.0,560,681,1241,0.0,-0.0008333472224535399,0.9998388396454473,0.0
87434,27.137952299204986,1.0,560,681,1241,0.0,-0.0008333472224535399,0.9999194198227237,8.058017727639034e-05
87435,27.137118951982533,0.9991941982272361,560,681,1241,-0.0008058017727639033,-0.0008333472224535399,0.9999194198227237,0.0
87436,27.13628560476008,1.0,560,681,1241,0.0008058017727639033,-0.0008333472224535399,0.9999194198227237,0.0
87437,27.135452257537626,1.0,560,681,1241,0.0,-0.0008333472224535399,0.9999194198227237,0.0
87438,27.134618910315172,1.0,560,681,1241,0.0,-0.0008333472224535399,0.9999194198227237,0.0
87439,27.13378556309272,1.0,560,681,1241,0.0,-0.0008333472224535399,0.9999194198227237,0.0
87440,27.132952215870265,1.0,560,681,1241,0.0,-0.0008333472224535399,0.9999194198227237,0.0
87441,27.132118868647808,1.0,560,681,1241,0.0,-0.0008333472224570926,0.9999194198227237,0.0
87442,27.131285521425355,1.0,560,681,1241,0.0,-0.0008333472224535399,0.9999194198227237,0.0
87443,27.1304521742029,1.0,560,681,1241,0.0,-0.0008333472224535399,0.9999194198227237,0.0
87444,27.129618826980447,1.0,560,681,1241,0.0,-0.0008333472224535399,0.9999194198227237,0.0
87445,27.128785479757994,1.0,560,681,1241,0.0,-0.0008333472224535399,1.0,8.058017727639034e-05
87446,27.12795213253554,1.0,560,681,1241,0.0,-0.0008333472224535399,1.0,0.0
87447,27.127118785313087,1.0,560,681,1241,0.0,-0.0008333472224535399,1.0,0.0
87448,27.126285438090633,0.9991941982272361,560,681,1241,-0.0008058017727639033,-0.0008333472224535399,0.9999194198227237,-8.058017727639034e-05
87449,27.12545209086818,0.9991941982272361,560,681,1241,0.0,-0.0008333472224535399,0.9998388396454473,-8.058017727639034e-05
87450,27.124618743645726,0.9991941982272361,560,681,1241,0.0,-0.0008333472224535399,0.999758259468171,-8.058017727639034e-05
87451,27.123785396423273,0.9991941982272361,560,681,1241,0.0,-0.0008333472224535399,0.9996776792908946,-8.058017727639034e-05
87452,27.12295204920082,0.9991941982272361,560,681,1241,0.0,-0.0008333472224535399,0.9995970991136183,-8.058017727639034e-05
87453,27.122118701978366,0.9983883964544722,560,681,1241,-0.0008058017727639033,-0.0008333472224535399,0.9994359387590656,-0.00016116035455278067
87454,27.121285354755912,0.9983883964544722,560,681,1241,0.0,-0.0008333472224535399,0.9992747784045128,-0.00016116035455278067
87455,27.12045200753346,1.0,560,681,1241,0.0016116035455278066,-0.0008333472224535399,0.9992747784045128,0.0
87456,27.119618660311005,1.0,560,681,1241,0.0,-0.0008333472224535399,0.9992747784045128,0.0
87457,27.11878531308855,1.0,560,681,1241,0.0,-0.0008333472224535399,0.9992747784045128,0.0
87458,27.117951965866098,0.9991941982272361,560,681,1241,-0.0008058017727639033,-0.0008333472224535399,0.9992747784045128,0.0
87459,27.117118618643644,0.9991941982272361,560,681,1241,0.0,-0.0008333472224535399,0.9992747784045128,0.0
87460,27.11628527142119,0.9991941982272361,560,681,1241,0.0,-0.0008333472224535399,0.9992747784045128,0.0
87461,27.115451924198737,0.9991941982272361,560,681,1241,0.0,-0.0008333472224535399,0.9992747784045128,0.0
87462,27.11461857697628,0.9991941982272361,560,681,1241,0.0,-0.0008333472224570926,0.9992747784045128,0.0
87463,27.113785229753827,0.9991941982272361,560,681,1241,0.0,-0.0008333472224535399,0.9993553585817893,8.058017727639034e-05
87464,27.112951882531373,0.9991941982272361,560,681,1241,0.0,-0.0008333472224535399,0.9994359387590656,8.058017727639034e-05
87465,27.11211853530892,0.9991941982272361,560,681,1241,0.0,-0.0008333472224535399,0.9993553585817893,-8.058017727639034e-05
87466,27.111285188086466,0.9991941982272361,560,681,1241,0.0,-0.0008333472224535399,0.9992747784045128,-8.058017727639034e-05
87467,27.110451840864012,0.9991941982272361,560,681,1241,0.0,-0.0008333472224535399,0.9991941982272365,-8.058017727639034e-05
87468,27.10961849364156,0.9991941982272361,560,681,1241,0.0,-0.0008333472224535399,0.9991941982272365,0.0
87469,27.108785146419105,0.9991941982272361,560,681,1241,0.0,-0.0008333472224535399,0.9991941982272365,0.0
87470,27.107951799196652,0.9991941982272361,560,681,1241,0.0,-0.0008333472224535399,0.9991941982272365,0.0
87471,27.1071184519742,0.9991941982272361,560,681,1241,0.0,-0.0008333472224535399,0.9991941982272365,0.0
87472,27.106285104751745,0.9991941982272361,560,681,1241,0.0,-0.0008333472224535399,0.9991941982272365,0.0
87473,27.10545175752929,0.9991941982272361,560,681,1241,0.0,-0.0008333472224535399,0.9991941982272365,0.0
87474,27.104618410306838,0.9991941982272361,560,681,1241,0.0,-0.0008333472224535399,0.9991941982272365,0.0
87475,27.103785063084384,0.9991941982272361,560,681,1241,0.0,-0.0008333472224535399,0.9991941982272365,0.0
87476,27.10295171586193,0.9991941982272361,560,681,1241,0.0,-0.0008333472224535399,0.9991941982272365,0.0
87477,27.102118368639477,0.9991941982272361,560,681,1241,0.0,-0.0008333472224535399,0.9991941982272365,0.0
87478,27.101285021417024,0.9991941982272361,560,681,1241,0.0,-0.0008333472224535399,0.9991941982272365,0.0
87479,27.10045167419457,0.9991941982272361,560,681,1241,0.0,-0.0008333472224535399,0.9991941982272365,0.0
87480,27.099618326972116,0.9991941982272361,560,681,1241,0.0,-0.0008333472224535399,0.9991941982272365,0.0
87481,27.098784979749663,0.9991941982272361,560,681,1241,0.0,-0.0008333472224535399,0.9991941982272365,0.0
87482,27.09795163252721,0.9991941982272361,560,681,1241,0.0,-0.0008333472224535399,0.9991941982272365,0.0
87483,27.097118285304756,0.9991941982272361,560,681,1241,0.0,-0.0008333472224535399,0.9991941982272365,0.0
87484,27.0962849380823,0.9991941982272361,560,681,1241,0.0,-0.0008333472224570926,0.9991941982272365,0.0
87485,27.095451590859845,1.0,560,681,1241,0.0008058017727639033,-0.0008333472224535399,0.9992747784045128,8.058017727639034e-05
87486,27.09461824363739,1.0,560,681,1241,0.0,-0.0008333472224535399,0.9993553585817893,8.058017727639034e-05
87487,27.093784896414938,1.0,560,681,1241,0.0,-0.0008333472224535399,0.9994359387590656,8.058017727639034e-05
87488,27.092951549192485,1.0,560,681,1241,0.0,-0.0008333472224535399,0.999516518936342,8.058017727639034e-05
87489,27.09211820197003,0.9991941982272361,560,681,1241,-0.0008058017727639033,-0.0008333472224535399,0.999516518936342,0.0
87490,27.091284854747578,1.0,560,681,1241,0.0008058017727639033,-0.0008333472224535399,0.9995970991136183,8.058017727639034e-05
87491,27.090451507525124,1.0,560,681,1241,0.0,-0.0008333472224535399,0.9996776792908946,8.058017727639034e-05
87492,27.08961816030267,1.0,560,681,1241,0.0,-0.0008333472224535399,0.999758259468171,8.058017727639034e-05
87493,27.088784813080217,1.0,560,681,1241,0.0,-0.0008333472224535399,0.9998388396454473,8.058017727639034e-05
87494,27.087951465857763,1.0,560,681,1241,0.0,-0.0008333472224535399,0.9999194198227237,8.058017727639034e-05
87495,27.08711811863531,0.9991941982272361,560,681,1241,-0.0008058017727639033,-0.0008333472224535399,0.9998388396454473,-8.058017727639034e-05
87496,27.086284771412856,1.0,560,681,1241,0.0008058017727639033,-0.0008333472224535399,0.9998388396454473,0.0
87497,27.085451424190403,1.0,560,681,1241,0.0,-0.0008333472224535399,0.9998388396454473,0.0
87498,27.08461807696795,1.0,560,681,1241,0.0,-0.0008333472224535399,0.9998388396454473,0.0
87499,27.083784729745496,1.0,560,681,1241,0.0,-0.0008333472224535399,0.9999194198227237,8.058017727639034e-05
87500,27.082951382523042,1.0,560,681,1241,0.0,-0.0008333472224535399,0.9999194198227237,0.0
87501,27.08211803530059,0.9991941982272361,560,681,1241,-0.0008058017727639033,-0.0008333472224535399,0.9998388396454473,-8.058017727639034e-05
87502,27.081284688078135,0.9975825946817083,560,681,1241,-0.0016116035455278066,-0.0008333472224535399,0.999597099113618,-0.00024174053182917098
87503,27.08045134085568,0.9975825946817083,560,681,1241,0.0,-0.0008333472224535399,0.9993553585817889,-0.00024174053182917098
87504,27.079617993633228,0.9983883964544722,560,681,1241,0.0008058017727639033,-0.0008333472224535399,0.9991941982272362,-0.00016116035455278067
87505,27.07878464641077,0.9983883964544722,560,681,1241,0.0,-0.0008333472224570926,0.9991136180499598,-8.058017727639034e-05
87506,27.077951299188317,0.9983883964544722,560,681,1241,0.0,-0.0008333472224535399,0.9989524576954072,-0.00016116035455278067
87507,27.077117951965864,0.9983883964544722,560,681,1241,0.0,-0.0008333472224535399,0.9987912973408545,-0.00016116035455278067
87508,27.07628460474341,0.9991941982272361,560,681,1241,0.0008058017727639033,-0.0008333472224535399,0.9987107171635781,-8.058017727639034e-05
87509,27.075451257520957,0.9991941982272361,560,681,1241,0.0,-0.0008333472224535399,0.9986301369863018,-8.058017727639034e-05
87510,27.074617910298503,0.9991941982272361,560,681,1241,0.0,-0.0008333472224535399,0.9985495568090255,-8.058017727639034e-05
87511,27.07378456307605,0.9983883964544722,560,681,1241,-0.0008058017727639033,-0.0008333472224535399,0.998468976631749,-8.058017727639034e-05
87512,27.072951215853596,0.9983883964544722,560,681,1241,0.0,-0.0008333472224535399,0.9985495568090256,8.058017727639034e-05
87513,27.072117868631143,1.0,560,681,1241,0.0016116035455278066,-0.0008333472224535399,0.9987912973408548,0.00024174053182917098
87514,27.07128452140869,1.0,560,681,1241,0.0,-0.0008333472224535399,0.9989524576954075,0.00016116035455278067
87515,27.070451174186235,1.0,560,681,1241,0.0,-0.0008333472224535399,0.9991136180499602,0.00016116035455278067
87516,27.069617826963782,1.0,560,681,1241,0.0,-0.0008333472224535399,0.9992747784045128,0.00016116035455278067
87517,27.06878447974133,1.0,560,681,1241,0.0,-0.0008333472224535399,0.9994359387590656,0.00016116035455278067
87518,27.067951132518875,1.0,560,681,1241,0.0,-0.0008333472224535399,0.999516518936342,8.058017727639034e-05
87519,27.06711778529642,1.0,560,681,1241,0.0,-0.0008333472224535399,0.9995970991136183,8.058017727639034e-05
87520,27.066284438073968,1.0,560,681,1241,0.0,-0.0008333472224535399,0.9996776792908946,8.058017727639034e-05
87521,27.065451090851514,1.0,560,681,1241,0.0,-0.0008333472224535399,0.9998388396454473,0.00016116035455278067
87522,27.06461774362906,1.0,560,681,1241,0.0,-0.0008333472224535399,1.0,0.00016116035455278067
87523,27.063784396406607,1.0,560,681,1241,0.0,-0.0008333472224535399,1.0,0.0
87524,27.062951049184154,1.0,560,681,1241,0.0,-0.0008333472224535399,1.0,0.0
87525,27.0621177019617,1.0,560,681,1241,0.0,-0.0008333472224535399,1.0,0.0
87526,27.061284354739243,1.0,560,681,1241,0.0,-0.0008333472224570926,1.0,0.0
87527,27.06045100751679,1.0,560,681,1241,0.0,-0.0008333472224535399,1.0,0.0
87528,27.059617660294336,1.0,560,681,1241,0.0,-0.0008333472224535399,1.0,0.0
87529,27.058784313071882,1.0,560,681,1241,0.0,-0.0008333472224535399,1.0,0.0
87530,27.05795096584943,0.9991941982272361,560,681,1241,-0.0008058017727639033,-0.0008333472224535399,0.9999194198227237,-8.058017727639034e-05
87531,27.057117618626975,0.9991941982272361,560,681,1241,0.0,-0.0008333472224535399,0.9998388396454473,-8.058017727639034e-05
87532,27.05628427140452,0.9991941982272361,560,681,1241,0.0,-0.0008333472224535399,0.999758259468171,-8.058017727639034e-05
87533,27.055450924182068,0.9991941982272361,560,681,1241,0.0,-0.0008333472224535399,0.9996776792908946,-8.058017727639034e-05
87534,27.054617576959615,0.9991941982272361,560,681,1241,0.0,-0.0008333472224535399,0.9995970991136183,-8.058017727639034e-05
87535,27.05378422973716,0.9983883964544722,560,681,1241,-0.0008058017727639033,-0.0008333472224535399,0.9994359387590656,-0.00016116035455278067
87536,27.052950882514708,0.9983883964544722,560,681,1241,0.0,-0.0008333472224535399,0.9992747784045128,-0.00016116035455278067
87537,27.052117535292254,0.9983883964544722,560,681,1241,0.0,-0.0008333472224535399,0.9991136180499602,-0.00016116035455278067
87538,27.0512841880698,0.9983883964544722,560,681,1241,0.0,-0.0008333472224535399,0.9989524576954075,-0.00016116035455278067
87539,27.050450840847347,0.9983883964544722,560,681,1241,0.0,-0.0008333472224535399,0.9987912973408548,-0.00016116035455278067
87540,27.049617493624893,0.9983883964544722,560,681,1241,0.0,-0.0008333472224535399,0.9987107171635785,-8.058017727639034e-05
87541,27.04878414640244,0.9983883964544722,560,681,1241,0.0,-0.0008333472224535399,0.9986301369863021,-8.058017727639034e-05
87542,27.047950799179986,0.9983883964544722,560,681,1241,0.0,-0.0008333472224535399,0.9985495568090258,-8.058017727639034e-05
87543,27.047117451957533,0.9991941982272361,560,681,1241,0.0008058017727639033,-0.0008333472224535399,0.9985495568090258,0.0
87544,27.04628410473508,0.9991941982272361,560,681,1241,0.0,-0.0008333472224535399,0.9985495568090258,0.0
87545,27.045450757512626,0.9983883964544722,560,681,1241,-0.0008058017727639033,-0.0008333472224535399,0.9985495568090258,0.0
87546,27.044617410290172,0.9983883964544722,560,681,1241,0.0,-0.0008333472224535399,0.9985495568090258,0.0
87547,27.043784063067715,0.9983883964544722,560,681,1241,0.0,-0.0008333472224570926,0.9985495568090258,0.0
87548,27.04295071584526,0.9983883964544722,560,681,1241,0.0,-0.0008333472224535399,0.9985495568090258,0.0
87549,27.042117368622808,0.9983883964544722,560,681,1241,0.0,-0.0008333472224535399,0.9985495568090258,0.0
87550,27.041284021400354,0.9983883964544722,560,681,1241,0.0,-0.0008333472224535399,0.9985495568090258,0.0
87551,27.0404506741779,0.9983883964544722,560,681,1241,0.0,-0.0008333472224535399,0.9985495568090258,0.0
87552,27.039617326955447,0.9983883964544722,560,681,1241,0.0,-0.0008333472224535399,0.9985495568090258,0.0
87553,27.038783979732994,0.9983883964544722,560,681,1241,0.0,-0.0008333472224535399,0.9984689766317494,-8.058017727639034e-05
87554,27.03795063251054,0.9983883964544722,560,681,1241,0.0,-0.0008333472224535399,0.9983883964544731,-8.058017727639034e-05
87555,27.037117285288087,0.9983883964544722,560,681,1241,0.0,-0.0008333472224535399,0.9983883964544731,0.0
87556,27.036283938065633,0.9975825946817083,560,681,1241,-0.0008058017727639033,-0.0008333472224535399,0.9983078162771968,-8.058017727639034e-05
87557,27.03545059084318,0.9975825946817083,560,681,1241,0.0,-0.0008333472224535399,0.9982272360999204,-8.058017727639034e-05
87558,27.034617243620726,0.9967767929089444,560,681,1241,-0.0008058017727639033,-0.0008333472224535399,0.9980660757453677,-0.00016116035455278067
87559,27.033783896398273,0.9967767929089444,560,681,1241,0.0,-0.0008333472224535399,0.997904915390815,-0.00016116035455278067
87560,27.03295054917582,0.9967767929089444,560,681,1241,0.0,-0.0008333472224535399,0.9977437550362623,-0.00016116035455278067
87561,27.032117201953366,0.9975825946817083,560,681,1241,0.0008058017727639033,-0.0008333472224535399,0.9976631748589859,-8.058017727639034e-05
87562,27.031283854730912,0.9975825946817083,560,681,1241,0.0,-0.0008333472224535399,0.9975825946817096,-8.058017727639034e-05
87563,27.03045050750846,0.9975825946817083,560,681,1241,0.0,-0.0008333472224535399,0.9975020145044333,-8.058017727639034e-05
87564,27.029617160286005,0.9975825946817083,560,681,1241,0.0,-0.0008333472224535399,0.9974214343271569,-8.058017727639034e-05
87565,27.02878381306355,0.9975825946817083,560,681,1241,0.0,-0.0008333472224535399,0.9973408541498806,-8.058017727639034e-05
87566,27.027950465841098,0.9975825946817083,560,681,1241,0.0,-0.0008333472224535399,0.9973408541498806,0.0
87567,27.027117118618644,0.9983883964544722,560,681,1241,0.0008058017727639033,-0.0008333472224535399,0.9974214343271571,8.058017727639034e-05
87568,27.026283771396187,0.9983883964544722,560,681,1241,0.0,-0.0008333472224570926,0.9975825946817098,0.00016116035455278067
87569,27.025450424173734,0.9983883964544722,560,681,1241,0.0,-0.0008333472224535399,0.9977437550362624,0.00016116035455278067
87570,27.02461707695128,0.9975825946817083,560,681,1241,-0.0008058017727639033,-0.0008333472224535399,0.9978243352135389,8.058017727639034e-05
87571,27.023783729728827,0.9967767929089444,560,681,1241,-0.0008058017727639033,-0.0008333472224535399,0.9977437550362624,-8.058017727639034e-05
87572,27.022950382506373,0.9983883964544722,560,681,1241,0.0016116035455278066,-0.0008333472224535399,0.9978243352135389,8.058017727639034e-05
87573,27.02211703528392,0.9983883964544722,560,681,1241,0.0,-0.0008333472224535399,0.9979049153908152,8.058017727639034e-05
87574,27.021283688061466,0.9983883964544722,560,681,1241,0.0,-0.0008333472224535399,0.9979854955680916,8.058017727639034e-05
87575,27.020450340839012,0.9983883964544722,560,681,1241,0.0,-0.0008333472224535399,0.9980660757453679,8.058017727639034e-05
87576,27.01961699361656,0.9991941982272361,560,681,1241,0.0008058017727639033,-0.0008333472224535399,0.9982272360999207,0.00016116035455278067
87577,27.018783646394105,0.9991941982272361,560,681,1241,0.0,-0.0008333472224535399,0.9983078162771971,8.058017727639034e-05
87578,27.017950299171652,0.9991941982272361,560,681,1241,0.0,-0.0008333472224535399,0.9983883964544734,8.058017727639034e-05
87579,27.0171169519492,0.9983883964544722,560,681,1241,-0.0008058017727639033,-0.0008333472224535399,0.9983883964544734,0.0
87580,27.016283604726745,0.9983883964544722,560,681,1241,0.0,-0.0008333472224535399,0.9984689766317499,8.058017727639034e-05
87581,27.01545025750429,0.9983883964544722,560,681,1241,0.0,-0.0008333472224535399,0.9986301369863027,0.00016116035455278067
87582,27.014616910281838,0.9991941982272361,560,681,1241,0.0008058017727639033,-0.0008333472224535399,0.9987107171635792,8.058017727639034e-05
87583,27.013783563059384,0.9983883964544722,560,681,1241,-0.0008058017727639033,-0.0008333472224535399,0.9987107171635792,0.0
87584,27.01295021583693,0.9991941982272361,560,681,1241,0.0008058017727639033,-0.0008333472224535399,0.9987912973408555,8.058017727639034e-05
87585,27.012116868614477,0.9991941982272361,560,681,1241,0.0,-0.0008333472224535399,0.9988718775181319,8.058017727639034e-05
87586,27.011283521392023,0.9991941982272361,560,681,1241,0.0,-0.0008333472224535399,0.9988718775181319,0.0
87587,27.01045017416957,0.9991941982272361,560,681,1241,0.0,-0.0008333472224535399,0.9988718775181319,0.0
87588,27.009616826947116,0.9991941982272361,560,681,1241,0.0,-0.0008333472224535399,0.9988718775181319,0.0
87589,27.008783479724663,0.9991941982272361,560,681,1241,0.0,-0.0008333472224535399,0.9989524576954082,8.058017727639034e-05
87590,27.007950132502206,0.9991941982272361,560,681,1241,0.0,-0.0008333472224570926,0.9990330378726846,8.058017727639034e-05
87591,27.007116785279752,0.9991941982272361,560,681,1241,0.0,-0.0008333472224535399,0.9991136180499609,8.058017727639034e-05
87592,27.0062834380573,0.9991941982272361,560,681,1241,0.0,-0.0008333472224535399,0.9991136180499609,0.0
87593,27.005450090834845,0.9991941982272361,560,681,1241,0.0,-0.0008333472224535399,0.9991941982272372,8.058017727639034e-05
87594,27.00461674361239,1.0,560,681,1241,0.0008058017727639033,-0.0008333472224535399,0.9992747784045136,8.058017727639034e-05
87595,27.003783396389938,1.0,560,681,1241,0.0,-0.0008333472224535399,0.9993553585817899,8.058017727639034e-05
87596,27.002950049167485,0.9991941982272361,560,681,1241,-0.0008058017727639033,-0.0008333472224535399,0.9993553585817899,0.0
87597,27.00211670194503,0.9991941982272361,560,681,1241,0.0,-0.0008333472224535399,0.9993553585817899,0.0
87598,27.001283354722577,0.9991941982272361,560,681,1241,0.0,-0.0008333472224535399,0.9993553585817899,0.0
87599,27.000450007500124,0.9991941982272361,560,681,1241,0.0,-0.0008333472224535399,0.9993553585817899,0.0
87600,26.99961666027767,0.9991941982272361,560,681,1241,0.0,-0.0008333472224535399,0.9993553585817899,0.0
87601,26.998783313055217,0.9991941982272361,560,681,1241,0.0,-0.0008333472224535399,0.9993553585817899,0.0
87602,26.997949965832763,0.9991941982272361,560,681,1241,0.0,-0.0008333472224535399,0.9993553585817899,0.0
87603,26.99711661861031,0.9991941982272361,560,681,1241,0.0,-0.0008333472224535399,0.9993553585817899,0.0
87604,26.996283271387856,0.9991941982272361,560,681,1241,0.0,-0.0008333472224535399,0.9992747784045136,-8.058017727639034e-05
87605,26.995449924165403,0.9991941982272361,560,681,1241,0.0,-0.0008333472224535399,0.9991941982272372,-8.058017727639034e-05
87606,26.99461657694295,0.9991941982272361,560,681,1241,0.0,-0.0008333472224535399,0.9991941982272372,0.0
87607,26.993783229720496,0.9991941982272361,560,681,1241,0.0,-0.0008333472224535399,0.9991941982272372,0.0
87608,26.992949882498042,0.9991941982272361,560,681,1241,0.0,-0.0008333472224535399,0.9991941982272372,0.0
87609,26.99211653527559,0.9991941982272361,560,681,1241,0.0,-0.0008333472224535399,0.9991941982272372,0.0
87610,26.991283188053135,0.9991941982272361,560,681,1241,0.0,-0.0008333472224535399,0.9991941982272372,0.0
87611,26.990449840830678,0.9983883964544722,560,681,1241,-0.0008058017727639033,-0.0008333472224570926,0.9991136180499609,-8.058017727639034e-05
87612,26.989616493608224,0.9983883964544722,560,681,1241,0.0,-0.0008333472224535399,0.9990330378726846,-8.058017727639034e-05
87613,26.98878314638577,0.9983883964544722,560,681,1241,0.0,-0.0008333472224535399,0.9989524576954082,-8.058017727639034e-05
87614,26.987949799163317,0.9983883964544722,560,681,1241,0.0,-0.0008333472224535399,0.9988718775181319,-8.058017727639034e-05
87615,26.987116451940864,0.9983883964544722,560,681,1241,0.0,-0.0008333472224535399,0.9987912973408555,-8.058017727639034e-05
87616,26.98628310471841,0.9983883964544722,560,681,1241,0.0,-0.0008333472224535399,0.9987107171635792,-8.058017727639034e-05
87617,26.985449757495957,0.9991941982272361,560,681,1241,0.0008058017727639033,-0.0008333472224535399,0.9987107171635792,0.0
87618,26.984616410273503,0.9991941982272361,560,681,1241,0.0,-0.0008333472224535399,0.9987107171635792,0.0
87619,26.98378306305105,0.9991941982272361,560,681,1241,0.0,-0.0008333472224535399,0.9987107171635792,0.0
87620,26.982949715828596,0.9991941982272361,560,681,1241,0.0,-0.0008333472224535399,0.9987107171635792,0.0
87621,26.982116368606142,0.9991941982272361,560,681,1241,0.0,-0.0008333472224535399,0.9987912973408555,8.058017727639034e-05
87622,26.98128302138369,0.9991941982272361,560,681,1241,0.0,-0.0008333472224535399,0.9988718775181319,8.058017727639034e-05
87623,26.980449674161235,0.9991941982272361,560,681,1241,0.0,-0.0008333472224535399,0.9989524576954082,8.058017727639034e-05
87624,26.979616326938782,0.9983883964544722,560,681,1241,-0.0008058017727639033,-0.0008333472224535399,0.9989524576954082,0.0
87625,26.97878297971633,0.9983883964544722,560,681,1241,0.0,-0.0008333472224535399,0.9989524576954082,0.0
87626,26.977949632493875,0.9983883964544722,560,681,1241,0.0,-0.0008333472224535399,0.9989524576954082,0.0
87627,26.97711628527142,0.9991941982272361,560,681,1241,0.0008058017727639033,-0.0008333472224535399,0.9989524576954082,0.0
87628,26.976282938048968,0.9991941982272361,560,681,1241,0.0,-0.0008333472224535399,0.9989524576954082,0.0
87629,26.975449590826514,0.9991941982272361,560,681,1241,0.0,-0.0008333472224535399,0.9989524576954082,0.0
87630,26.97461624360406,0.9991941982272361,560,681,1241,0.0,-0.0008333472224535399,0.9989524576954082,0.0
87631,26.973782896381607,0.9991941982272361,560,681,1241,0.0,-0.0008333472224535399,0.9989524576954082,0.0
87632,26.97294954915915,0.9983883964544722,560,681,1241,-0.0008058017727639033,-0.0008333472224570926,0.9988718775181319,-8.058017727639034e-05
87633,26.972116201936696,0.9983883964544722,560,681,1241,0.0,-0.0008333472224535399,0.9987912973408555,-8.058017727639034e-05
87634,26.971282854714243,0.9983883964544722,560,681,1241,0.0,-0.0008333472224535399,0.9987912973408555,0.0
87635,26.97044950749179,0.9975825946817083,560,681,1241,-0.0008058017727639033,-0.0008333472224535399,0.9987107171635792,-8.058017727639034e-05
87636,26.969616160269336,0.9975825946817083,560,681,1241,0.0,-0.0008333472224535399,0.9986301369863029,-8.058017727639034e-05
87637,26.968782813046882,0.9975825946817083,560,681,1241,0.0,-0.0008333472224535399,0.9984689766317499,-0.00016116035455278067
87638,26.96794946582443,0.9975825946817083,560,681,1241,0.0,-0.0008333472224535399,0.9983078162771971,-0.00016116035455278067
87639,26.967116118601975,0.9975825946817083,560,681,1241,0.0,-0.0008333472224535399,0.9981466559226442,-0.00016116035455278067
87640,26.96628277137952,0.9975825946817083,560,681,1241,0.0,-0.0008333472224535399,0.9979854955680914,-0.00016116035455278067
87641,26.965449424157068,0.9975825946817083,560,681,1241,0.0,-0.0008333472224535399,0.9978243352135385,-0.00016116035455278067
87642,26.964616076934615,0.9975825946817083,560,681,1241,0.0,-0.0008333472224535399,0.997743755036262,-8.058017727639034e-05
87643,26.96378272971216,0.9983883964544722,560,681,1241,0.0008058017727639033,-0.0008333472224535399,0.997743755036262,0.0
87644,26.962949382489708,0.9975825946817083,560,681,1241,-0.0008058017727639033,-0.0008333472224535399,0.9976631748589856,-8.058017727639034e-05
87645,26.962116035267254,0.9975825946817083,560,681,1241,0.0,-0.0008333472224535399,0.9976631748589856,0.0
87646,26.9612826880448,0.9975825946817083,560,681,1241,0.0,-0.0008333472224535399,0.9976631748589856,0.0
87647,26.960449340822347,0.9983883964544722,560,681,1241,0.0008058017727639033,-0.0008333472224535399,0.9977437550362621,8.058017727639034e-05
87648,26.959615993599893,0.9967767929089444,560,681,1241,-0.0016116035455278066,-0.0008333472224535399,0.9976631748589858,-8.058017727639034e-05
87649,26.95878264637744,0.9975825946817083,560,681,1241,0.0008058017727639033,-0.0008333472224535399,0.9976631748589858,0.0
87650,26.957949299154986,0.9975825946817083,560,681,1241,0.0,-0.0008333472224535399,0.9976631748589858,0.0
87651,26.957115951932533,0.9975825946817083,560,681,1241,0.0,-0.0008333472224535399,0.9976631748589858,0.0
87652,26.95628260471008,0.9975825946817083,560,681,1241,0.0,-0.0008333472224535399,0.9976631748589858,0.0
87653,26.955449257487622,0.9991941982272361,560,681,1241,0.0016116035455278066,-0.0008333472224570926,0.9977437550362623,8.058017727639034e-05
87654,26.95461591026517,0.9991941982272361,560,681,1241,0.0,-0.0008333472224535399,0.9979049153908152,0.00016116035455278067
87655,26.953782563042715,0.9991941982272361,560,681,1241,0.0,-0.0008333472224535399,0.9980660757453681,0.00016116035455278067
87656,26.95294921582026,0.9991941982272361,560,681,1241,0.0,-0.0008333472224535399,0.9982272360999209,0.00016116035455278067
87657,26.952115868597808,0.9991941982272361,560,681,1241,0.0,-0.0008333472224535399,0.9983078162771974,8.058017727639034e-05
87658,26.951282521375354,0.9991941982272361,560,681,1241,0.0,-0.0008333472224535399,0.9985495568090267,0.00024174053182917098
87659,26.9504491741529,0.9991941982272361,560,681,1241,0.0,-0.0008333472224535399,0.9987107171635795,0.00016116035455278067
87660,26.949615826930447,0.9991941982272361,560,681,1241,0.0,-0.0008333472224535399,0.9988718775181324,0.00016116035455278067
87661,26.948782479707994,0.9991941982272361,560,681,1241,0.0,-0.0008333472224535399,0.9990330378726853,0.00016116035455278067
87662,26.94794913248554,0.9991941982272361,560,681,1241,0.0,-0.0008333472224535399,0.9991941982272381,0.00016116035455278067
87663,26.947115785263087,1.0,560,681,1241,0.0008058017727639033,-0.0008333472224535399,0.9992747784045145,8.058017727639034e-05
87664,26.946282438040633,1.0,560,681,1241,0.0,-0.0008333472224535399,0.9993553585817908,8.058017727639034e-05
87665,26.94544909081818,1.0,560,681,1241,0.0,-0.0008333472224535399,0.9994359387590672,8.058017727639034e-05
87666,26.944615743595726,1.0,560,681,1241,0.0,-0.0008333472224535399,0.9995165189363435,8.058017727639034e-05
87667,26.943782396373273,1.0,560,681,1241,0.0,-0.0008333472224535399,0.9995970991136198,8.058017727639034e-05
87668,26.94294904915082,0.9983883964544722,560,681,1241,-0.0016116035455278066,-0.0008333472224535399,0.9995165189363433,-8.058017727639034e-05
87669,26.942115701928365,0.9983883964544722,560,681,1241,0.0,-0.0008333472224535399,0.999435938759067,-8.058017727639034e-05
87670,26.941282354705912,0.9983883964544722,560,681,1241,0.0,-0.0008333472224535399,0.9993553585817907,-8.058017727639034e-05
87671,26.94044900748346,0.9983883964544722,560,681,1241,0.0,-0.0008333472224535399,0.9992747784045143,-8.058017727639034e-05
87672,26.939615660261005,0.9991941982272361,560,681,1241,0.0008058017727639033,-0.0008333472224535399,0.9992747784045143,0.0
87673,26.93878231303855,0.9991941982272361,560,681,1241,0.0,-0.0008333472224535399,0.999194198227238,-8.058017727639034e-05
87674,26.937948965816094,0.9991941982272361,560,681,1241,0.0,-0.0008333472224570926,0.9991136180499616,-8.058017727639034e-05
87675,26.93711561859364,0.9991941982272361,560,681,1241,0.0,-0.0008333472224535399,0.9990330378726853,-8.058017727639034e-05
87676,26.936282271371187,0.9991941982272361,560,681,1241,0.0,-0.0008333472224535399,0.998952457695409,-8.058017727639034e-05
87677,26.935448924148734,0.9991941982272361,560,681,1241,0.0,-0.0008333472224535399,0.9988718775181326,-8.058017727639034e-05
87678,26.93461557692628,1.0,560,681,1241,0.0008058017727639033,-0.0008333472224535399,0.9990330378726853,0.00016116035455278067
87679,26.933782229703827,1.0,560,681,1241,0.0,-0.0008333472224535399,0.999194198227238,0.00016116035455278067
87680,26.932948882481373,1.0,560,681,1241,0.0,-0.0008333472224535399,0.9993553585817907,0.00016116035455278067
87681,26.93211553525892,1.0,560,681,1241,0.0,-0.0008333472224535399,0.9995165189363433,0.00016116035455278067
87682,26.931282188036466,1.0,560,681,1241,0.0,-0.0008333472224535399,0.9995970991136197,8.058017727639034e-05
87683,26.930448840814012,1.0,560,681,1241,0.0,-0.0008333472224535399,0.999677679290896,8.058017727639034e-05
87684,26.92961549359156,0.9991941982272361,560,681,1241,-0.0008058017727639033,-0.0008333472224535399,0.999677679290896,0.0
87685,26.928782146369105,0.9991941982272361,560,681,1241,0.0,-0.0008333472224535399,0.999677679290896,0.0
87686,26.92794879914665,0.9991941982272361,560,681,1241,0.0,-0.0008333472224535399,0.999677679290896,0.0
87687,26.927115451924198,0.9991941982272361,560,681,1241,0.0,-0.0008333472224535399,0.999677679290896,0.0
87688,26.926282104701745,0.9991941982272361,560,681,1241,0.0,-0.0008333472224535399,0.9995970991136197,-8.058017727639034e-05
87689,26.92544875747929,0.9991941982272361,560,681,1241,0.0,-0.0008333472224535399,0.9995165189363433,-8.058017727639034e-05
87690,26.924615410256838,0.9983883964544722,560,681,1241,-0.0008058017727639033,-0.0008333472224535399,0.9993553585817907,-0.00016116035455278067
87691,26.923782063034384,0.9983883964544722,560,681,1241,0.0,-0.0008333472224535399,0.999194198227238,-0.00016116035455278067
87692,26.92294871581193,0.9983883964544722,560,681,1241,0.0,-0.0008333472224535399,0.9990330378726853,-0.00016116035455278067
87693,26.922115368589477,0.9983883964544722,560,681,1241,0.0,-0.0008333472224535399,0.9988718775181326,-0.00016116035455278067
87694,26.921282021367023,0.9983883964544722,560,681,1241,0.0,-0.0008333472224535399,0.9987912973408563,-8.058017727639034e-05
87695,26.920448674144566,0.9991941982272361,560,681,1241,0.0008058017727639033,-0.0008333472224570926,0.9987912973408563,0.0
87696,26.919615326922113,0.9991941982272361,560,681,1241,0.0,-0.0008333472224535399,0.9987912973408563,0.0
87697,26.91878197969966,0.9991941982272361,560,681,1241,0.0,-0.0008333472224535399,0.9987912973408563,0.0
87698,26.917948632477206,0.9991941982272361,560,681,1241,0.0,-0.0008333472224535399,0.9987912973408563,0.0
87699,26.917115285254752,0.9991941982272361,560,681,1241,0.0,-0.0008333472224535399,0.9987912973408563,0.0
87700,26.9162819380323,0.9983883964544722,560,681,1241,-0.0008058017727639033,-0.0008333472224535399,0.9987912973408563,0.0
87701,26.915448590809845,0.9983883964544722,560,681,1241,0.0,-0.0008333472224535399,0.9987912973408563,0.0
87702,26.91461524358739,0.9983883964544722,560,681,1241,0.0,-0.0008333472224535399,0.9987912973408563,0.0
87703,26.913781896364938,0.9983883964544722,560,681,1241,0.0,-0.0008333472224535399,0.9987912973408563,0.0
87704,26.912948549142484,0.9983883964544722,560,681,1241,0.0,-0.0008333472224535399,0.9987912973408563,0.0
87705,26.91211520192003,0.9991941982272361,560,681,1241,0.0008058017727639033,-0.0008333472224535399,0.9987912973408563,0.0
87706,26.911281854697577,0.9991941982272361,560,681,1241,0.0,-0.0008333472224535399,0.9987912973408563,0.0
87707,26.910448507475124,0.9991941982272361,560,681,1241,0.0,-0.0008333472224535399,0.9987912973408563,0.0
87708,26.90961516025267,0.9991941982272361,560,681,1241,0.0,-0.0008333472224535399,0.9987912973408563,0.0
87709,26.908781813030217,1.0,560,681,1241,0.0008058017727639033,-0.0008333472224535399,0.9988718775181326,8.058017727639034e-05
87710,26.907948465807763,1.0,560,681,1241,0.0,-0.0008333472224535399,0.9990330378726853,0.00016116035455278067
87711,26.90711511858531,1.0,560,681,1241,0.0,-0.0008333472224535399,0.999194198227238,0.00016116035455278067
87712,26.906281771362856,1.0,560,681,1241,0.0,-0.0008333472224535399,0.9993553585817907,0.00016116035455278067
87713,26.905448424140403,1.0,560,681,1241,0.0,-0.0008333472224535399,0.9995165189363433,0.00016116035455278067
87714,26.90461507691795,1.0,560,681,1241,0.0,-0.0008333472224535399,0.999677679290896,0.00016116035455278067
87715,26.903781729695496,1.0,560,681,1241,0.0,-0.0008333472224535399,0.9997582594681724,8.058017727639034e-05
87716,26.902948382473042,1.0,560,681,1241,0.0,-0.0008333472224535399,0.9998388396454487,8.058017727639034e-05
87717,26.902115035250585,0.9991941982272361,560,681,1241,-0.0008058017727639033,-0.0008333472224570926,0.9998388396454487,0.0
87718,26.90128168802813,0.9991941982272361,560,681,1241,0.0,-0.0008333472224535399,0.9998388396454487,0.0
87719,26.900448340805678,0.9991941982272361,560,681,1241,0.0,-0.0008333472224535399,0.9997582594681724,-8.058017727639034e-05
87720,26.899614993583224,0.9991941982272361,560,681,1241,0.0,-0.0008333472224535399,0.999677679290896,-8.058017727639034e-05
87721,26.89878164636077,0.9983883964544722,560,681,1241,-0.0008058017727639033,-0.0008333472224535399,0.9995165189363433,-0.00016116035455278067
87722,26.897948299138317,0.9983883964544722,560,681,1241,0.0,-0.0008333472224535399,0.9993553585817907,-0.00016116035455278067
87723,26.897114951915864,0.9983883964544722,560,681,1241,0.0,-0.0008333472224535399,0.999194198227238,-0.00016116035455278067
87724,26.89628160469341,0.9983883964544722,560,681,1241,0.0,-0.0008333472224535399,0.9990330378726853,-0.00016116035455278067
87725,26.895448257470957,0.9983883964544722,560,681,1241,0.0,-0.0008333472224535399,0.9988718775181326,-0.00016116035455278067
87726,26.894614910248503,0.9983883964544722,560,681,1241,0.0,-0.0008333472224535399,0.9987107171635798,-0.00016116035455278067
87727,26.89378156302605,0.9983883964544722,560,681,1241,0.0,-0.0008333472224535399,0.9986301369863035,-8.058017727639034e-05
87728,26.892948215803596,0.9983883964544722,560,681,1241,0.0,-0.0008333472224535399,0.9985495568090272,-8.058017727639034e-05
87729,26.892114868581142,0.9983883964544722,560,681,1241,0.0,-0.0008333472224535399,0.9984689766317508,-8.058017727639034e-05
87730,26.89128152135869,0.9983883964544722,560,681,1241,0.0,-0.0008333472224535399,0.9983883964544745,-8.058017727639034e-05
87731,26.890448174136235,0.9983883964544722,560,681,1241,0.0,-0.0008333472224535399,0.9983883964544745,0.0
87732,26.889614826913782,0.9983883964544722,560,681,1241,0.0,-0.0008333472224535399,0.9983883964544745,0.0
87733,26.88878147969133,0.9983883964544722,560,681,1241,0.0,-0.0008333472224535399,0.9983883964544745,0.0
87734,26.887948132468875,0.9983883964544722,560,681,1241,0.0,-0.0008333472224535399,0.9983883964544745,0.0
87735,26.88711478524642,0.9983883964544722,560,681,1241,0.0,-0.0008333472224535399,0.9983883964544745,0.0
87736,26.886281438023968,0.9991941982272361,560,681,1241,0.0008058017727639033,-0.0008333472224535399,0.9984689766317508,8.058017727639034e-05
87737,26.885448090801514,0.9991941982272361,560,681,1241,0.0,-0.0008333472224535399,0.9985495568090272,8.058017727639034e-05
87738,26.884614743579057,0.9991941982272361,560,681,1241,0.0,-0.0008333472224570926,0.9986301369863035,8.058017727639034e-05
87739,26.883781396356603,0.9991941982272361,560,681,1241,0.0,-0.0008333472224535399,0.9987107171635798,8.058017727639034e-05
87740,26.88294804913415,0.9991941982272361,560,681,1241,0.0,-0.0008333472224535399,0.9987912973408563,8.058017727639034e-05
87741,26.882114701911696,0.9991941982272361,560,681,1241,0.0,-0.0008333472224535399,0.9988718775181326,8.058017727639034e-05
87742,26.881281354689243,0.9991941982272361,560,681,1241,0.0,-0.0008333472224535399,0.998952457695409,8.058017727639034e-05
87743,26.88044800746679,1.0,560,681,1241,0.0008058017727639033,-0.0008333472224535399,0.9991136180499616,0.00016116035455278067
87744,26.879614660244336,1.0,560,681,1241,0.0,-0.0008333472224535399,0.9992747784045143,0.00016116035455278067
87745,26.878781313021882,1.0,560,681,1241,0.0,-0.0008333472224535399,0.999435938759067,0.00016116035455278067
87746,26.87794796579943,0.9991941982272361,560,681,1241,-0.0008058017727639033,-0.0008333472224535399,0.999435938759067,0.0
87747,26.877114618576975,0.9991941982272361,560,681,1241,0.0,-0.0008333472224535399,0.999435938759067,0.0
87748,26.87628127135452,0.9991941982272361,560,681,1241,0.0,-0.0008333472224535399,0.999435938759067,0.0
87749,26.875447924132068,0.9983883964544722,560,681,1241,-0.0008058017727639033,-0.0008333472224535399,0.9993553585817907,-8.058017727639034e-05
87750,26.874614576909615,0.9983883964544722,560,681,1241,0.0,-0.0008333472224535399,0.9992747784045143,-8.058017727639034e-05
87751,26.87378122968716,0.9983883964544722,560,681,1241,0.0,-0.0008333472224535399,0.999194198227238,-8.058017727639034e-05
87752,26.872947882464707,0.9983883964544722,560,681,1241,0.0,-0.0008333472224535399,0.9991136180499616,-8.058017727639034e-05
87753,26.872114535242254,0.9975825946817083,560,681,1241,-0.0008058017727639033,-0.0008333472224535399,0.9988718775181324,-0.00024174053182917098
87754,26.8712811880198,0.9975825946817083,560,681,1241,0.0,-0.0008333472224535399,0.9986301369863032,-0.00024174053182917098
87755,26.870447840797347,0.9983883964544722,560,681,1241,0.0008058017727639033,-0.0008333472224535399,0.9984689766317505,-0.00016116035455278067
87756,26.869614493574893,0.9983883964544722,560,681,1241,0.0,-0.0008333472224535399,0.9983883964544742,-8.058017727639034e-05
87757,26.86878114635244,0.9983883964544722,560,681,1241,0.0,-0.0008333472224535399,0.9983078162771978,-8.058017727639034e-05
87758,26.867947799129986,0.9983883964544722,560,681,1241,0.0,-0.0008333472224535399,0.9982272360999215,-8.058017727639034e-05
87759,26.86711445190753,0.9983883964544722,560,681,1241,0.0,-0.0008333472224570926,0.9982272360999215,0.0
87760,26.866281104685076,0.9991941982272361,560,681,1241,0.0008058017727639033,-0.0008333472224535399,0.9983078162771978,8.058017727639034e-05
87761,26.865447757462622,0.9991941982272361,560,681,1241,0.0,-0.0008333472224535399,0.9983883964544742,8.058017727639034e-05
87762,26.86461441024017,0.9991941982272361,560,681,1241,0.0,-0.0008333472224535399,0.9984689766317505,8.058017727639034e-05
87763,26.863781063017715,0.9991941982272361,560,681,1241,0.0,-0.0008333472224535399,0.9986301369863033,0.00016116035455278067
87764,26.86294771579526,0.9991941982272361,560,681,1241,0.0,-0.0008333472224535399,0.9987912973408563,0.00016116035455278067
87765,26.862114368572808,0.9991941982272361,560,681,1241,0.0,-0.0008333472224535399,0.9988718775181326,8.058017727639034e-05
87766,26.861281021350354,1.0,560,681,1241,0.0008058017727639033,-0.0008333472224535399,0.9990330378726853,0.00016116035455278067
87767,26.8604476741279,1.0,560,681,1241,0.0,-0.0008333472224535399,0.999194198227238,0.00016116035455278067
87768,26.859614326905447,1.0,560,681,1241,0.0,-0.0008333472224535399,0.9993553585817907,0.00016116035455278067
87769,26.858780979682994,1.0,560,681,1241,0.0,-0.0008333472224535399,0.9995165189363433,0.00016116035455278067
87770,26.85794763246054,1.0,560,681,1241,0.0,-0.0008333472224535399,0.9995970991136197,8.058017727639034e-05
87771,26.857114285238087,1.0,560,681,1241,0.0,-0.0008333472224535399,0.999677679290896,8.058017727639034e-05
87772,26.856280938015633,1.0,560,681,1241,0.0,-0.0008333472224535399,0.9997582594681724,8.058017727639034e-05
87773,26.85544759079318,1.0,560,681,1241,0.0,-0.0008333472224535399,0.9998388396454487,8.058017727639034e-05
87774,26.854614243570726,1.0,560,681,1241,0.0,-0.0008333472224535399,0.999919419822725,8.058017727639034e-05
87775,26.853780896348272,1.0,560,681,1241,0.0,-0.0008333472224535399,1.0000000000000013,8.058017727639034e-05
87776,26.85294754912582,1.0,560,681,1241,0.0,-0.0008333472224535399,1.0000000000000013,0.0
87777,26.852114201903365,0.9991941982272361,560,681,1241,-0.0008058017727639033,-0.0008333472224535399,0.999919419822725,-8.058017727639034e-05
87778,26.851280854680912,0.9983883964544722,560,681,1241,-0.0008058017727639033,-0.0008333472224535399,0.9997582594681724,-0.00016116035455278067
87779,26.85044750745846,0.9975825946817083,560,681,1241,-0.0008058017727639033,-0.0008333472224535399,0.9995165189363432,-0.00024174053182917098
87780,26.849614160236,0.9975825946817083,560,681,1241,0.0,-0.0008333472224570926,0.999274778404514,-0.00024174053182917098
87781,26.848780813013548,0.9975825946817083,560,681,1241,0.0,-0.0008333472224535399,0.9990330378726847,-0.00024174053182917098
87782,26.847947465791094,0.9975825946817083,560,681,1241,0.0,-0.0008333472224535399,0.9987912973408555,-0.00024174053182917098
87783,26.84711411856864,0.9975825946817083,560,681,1241,0.0,-0.0008333472224535399,0.9985495568090264,-0.00024174053182917098
87784,26.846280771346187,0.9975825946817083,560,681,1241,0.0,-0.0008333472224535399,0.9983078162771971,-0.00024174053182917098
87785,26.845447424123734,0.9967767929089444,560,681,1241,-0.0008058017727639033,-0.0008333472224535399,0.9979854955680916,-0.00032232070910556134
87786,26.84461407690128,0.9967767929089444,560,681,1241,0.0,-0.0008333472224535399,0.9976631748589859,-0.00032232070910556134
87787,26.843780729678826,0.9967767929089444,560,681,1241,0.0,-0.0008333472224535399,0.9974214343271568,-0.00024174053182917098
87788,26.842947382456373,0.9967767929089444,560,681,1241,0.0,-0.0008333472224535399,0.9972602739726039,-0.00016116035455278067
87789,26.84211403523392,0.9967767929089444,560,681,1241,0.0,-0.0008333472224535399,0.9971796937953276,-8.058017727639034e-05
87790,26.841280688011466,0.9967767929089444,560,681,1241,0.0,-0.0008333472224535399,0.9970991136180511,-8.058017727639034e-05
87791,26.840447340789012,0.9967767929089444,560,681,1241,0.0,-0.0008333472224535399,0.9970185334407748,-8.058017727639034e-05
87792,26.83961399356656,0.9959709911361805,560,681,1241,-0.0008058017727639033,-0.0008333472224535399,0.9968573730862221,-0.00016116035455278067
87793,26.838780646344105,0.9959709911361805,560,681,1241,0.0,-0.0008333472224535399,0.9966962127316694,-0.00016116035455278067
87794,26.83794729912165,0.9951651893634166,560,681,1241,-0.0008058017727639033,-0.0008333472224535399,0.9964544721998403,-0.00024174053182917098
87795,26.837113951899198,0.9959709911361805,560,681,1241,0.0008058017727639033,-0.0008333472224535399,0.9963738920225639,-8.058017727639034e-05
87796,26.836280604676745,0.9959709911361805,560,681,1241,0.0,-0.0008333472224535399,0.9962933118452876,-8.058017727639034e-05
87797,26.83544725745429,0.9959709911361805,560,681,1241,0.0,-0.0008333472224535399,0.9962127316680112,-8.058017727639034e-05
87798,26.834613910231838,0.9967767929089444,560,681,1241,0.0008058017727639033,-0.0008333472224535399,0.9962127316680112,0.0
87799,26.833780563009384,0.9967767929089444,560,681,1241,0.0,-0.0008333472224535399,0.9962127316680112,0.0
87800,26.83294721578693,0.9967767929089444,560,681,1241,0.0,-0.0008333472224535399,0.9962127316680112,0.0
87801,26.832113868564473,0.9967767929089444,560,681,1241,0.0,-0.0008333472224570926,0.9962127316680112,0.0
87802,26.83128052134202,0.9951651893634166,560,681,1241,-0.0016116035455278066,-0.0008333472224535399,0.9961321514907349,-8.058017727639034e-05
87803,26.830447174119566,0.9951651893634166,560,681,1241,0.0,-0.0008333472224535399,0.9960515713134586,-8.058017727639034e-05
87804,26.829613826897113,0.9967767929089444,560,681,1241,0.0016116035455278066,-0.0008333472224535399,0.9962127316680114,0.00016116035455278067
87805,26.82878047967466,0.9975825946817083,560,681,1241,0.0008058017727639033,-0.0008333472224535399,0.9963738920225641,0.00016116035455278067
87806,26.827947132452206,0.9975825946817083,560,681,1241,0.0,-0.0008333472224535399,0.9965350523771168,0.00016116035455278067
87807,26.827113785229752,0.9975825946817083,560,681,1241,0.0,-0.0008333472224535399,0.9966962127316694,0.00016116035455278067
87808,26.8262804380073,0.9975825946817083,560,681,1241,0.0,-0.0008333472224535399,0.9967767929089458,8.058017727639034e-05
87809,26.825447090784845,0.9975825946817083,560,681,1241,0.0,-0.0008333472224535399,0.9968573730862221,8.058017727639034e-05
87810,26.82461374356239,0.9983883964544722,560,681,1241,0.0008058017727639033,-0.0008333472224535399,0.9970185334407751,0.00016116035455278067
87811,26.823780396339938,0.9983883964544722,560,681,1241,0.0,-0.0008333472224535399,0.9971796937953277,0.00016116035455278067
87812,26.822947049117484,0.9983883964544722,560,681,1241,0.0,-0.0008333472224535399,0.9975020145044333,0.00032232070910556134
87813,26.82211370189503,0.9983883964544722,560,681,1241,0.0,-0.0008333472224535399,0.997824335213539,0.00032232070910556134
87814,26.821280354672577,0.9991941982272361,560,681,1241,0.0008058017727639033,-0.0008333472224535399,0.9980660757453682,0.00024174053182917098
87815,26.820447007450124,0.9991941982272361,560,681,1241,0.0,-0.0008333472224535399,0.9982272360999211,0.00016116035455278067
87816,26.81961366022767,1.0,560,681,1241,0.0008058017727639033,-0.0008333472224535399,0.9984689766317503,0.00024174053182917098
87817,26.818780313005217,1.0,560,681,1241,0.0,-0.0008333472224535399,0.9987107171635795,0.00024174053182917098
87818,26.817946965782763,1.0,560,681,1241,0.0,-0.0008333472224535399,0.9989524576954087,0.00024174053182917098
87819,26.81711361856031,1.0,560,681,1241,0.0,-0.0008333472224535399,0.999194198227238,0.00024174053182917098
87820,26.816280271337856,0.9991941982272361,560,681,1241,-0.0008058017727639033,-0.0008333472224535399,0.9992747784045143,8.058017727639034e-05
87821,26.815446924115403,0.9991941982272361,560,681,1241,0.0,-0.0008333472224535399,0.9993553585817907,8.058017727639034e-05
87822,26.81461357689295,0.9991941982272361,560,681,1241,0.0,-0.0008333472224535399,0.999435938759067,8.058017727639034e-05
87823,26.813780229670492,1.0,560,681,1241,0.0008058017727639033,-0.0008333472224570926,0.9995970991136197,0.00016116035455278067
87824,26.81294688244804,1.0,560,681,1241,0.0,-0.0008333472224535399,0.999677679290896,8.058017727639034e-05
87825,26.812113535225585,0.9991941982272361,560,681,1241,-0.0008058017727639033,-0.0008333472224535399,0.999677679290896,0.0
87826,26.81128018800313,0.9991941982272361,560,681,1241,0.0,-0.0008333472224535399,0.9995970991136197,-8.058017727639034e-05
87827,26.810446840780678,0.9991941982272361,560,681,1241,0.0,-0.0008333472224535399,0.9995165189363433,-8.058017727639034e-05
87828,26.809613493558224,0.9991941982272361,560,681,1241,0.0,-0.0008333472224535399,0.999435938759067,-8.058017727639034e-05
87829,26.80878014633577,0.9991941982272361,560,681,1241,0.0,-0.0008333472224535399,0.9993553585817907,-8.058017727639034e-05
87830,26.807946799113317,0.9991941982272361,560,681,1241,0.0,-0.0008333472224535399,0.9993553585817907,0.0
87831,26.807113451890864,0.9991941982272361,560,681,1241,0.0,-0.0008333472224535399,0.9993553585817907,0.0
87832,26.80628010466841,0.9991941982272361,560,681,1241,0.0,-0.0008333472224535399,0.9993553585817907,0.0
87833,26.805446757445957,0.9991941982272361,560,681,1241,0.0,-0.0008333472224535399,0.9992747784045143,-8.058017727639034e-05
87834,26.804613410223503,0.9991941982272361,560,681,1241,0.0,-0.0008333472224535399,0.999194198227238,-8.058017727639034e-05
87835,26.80378006300105,1.0,560,681,1241,0.0008058017727639033,-0.0008333472224535399,0.9992747784045143,8.058017727639034e-05
87836,26.802946715778596,1.0,560,681,1241,0.0,-0.0008333472224535399,0.9993553585817907,8.058017727639034e-05
87837,26.802113368556142,1.0,560,681,1241,0.0,-0.0008333472224535399,0.999435938759067,8.058017727639034e-05
87838,26.80128002133369,1.0,560,681,1241,0.0,-0.0008333472224535399,0.9995165189363433,8.058017727639034e-05
87839,26.800446674111235,1.0,560,681,1241,0.0,-0.0008333472224535399,0.9995970991136197,8.058017727639034e-05
87840,26.79961332688878,1.0,560,681,1241,0.0,-0.0008333472224535399,0.999677679290896,8.058017727639034e-05
87841,26.798779979666328,1.0,560,681,1241,0.0,-0.0008333472224535399,0.9997582594681724,8.058017727639034e-05
87842,26.797946632443875,0.9991941982272361,560,681,1241,-0.0008058017727639033,-0.0008333472224535399,0.9997582594681724,0.0
87843,26.79711328522142,0.9991941982272361,560,681,1241,0.0,-0.0008333472224535399,0.9997582594681724,0.0
87844,26.796279937998964,0.9991941982272361,560,681,1241,0.0,-0.0008333472224570926,0.9997582594681724,0.0
87845,26.79544659077651,0.9991941982272361,560,681,1241,0.0,-0.0008333472224535399,0.999677679290896,-8.058017727639034e-05
87846,26.794613243554057,0.9991941982272361,560,681,1241,0.0,-0.0008333472224535399,0.9995970991136197,-8.058017727639034e-05
87847,26.793779896331603,0.9983883964544722,560,681,1241,-0.0008058017727639033,-0.0008333472224535399,0.999435938759067,-0.00016116035455278067
87848,26.79294654910915,0.9983883964544722,560,681,1241,0.0,-0.0008333472224535399,0.9992747784045143,-0.00016116035455278067
87849,26.792113201886696,0.9983883964544722,560,681,1241,0.0,-0.0008333472224535399,0.9991136180499616,-0.00016116035455278067
87850,26.791279854664243,0.9983883964544722,560,681,1241,0.0,-0.0008333472224535399,0.998952457695409,-0.00016116035455278067
87851,26.79044650744179,0.9991941982272361,560,681,1241,0.0008058017727639033,-0.0008333472224535399,0.9988718775181326,-8.058017727639034e-05
87852,26.789613160219336,0.9991941982272361,560,681,1241,0.0,-0.0008333472224535399,0.9988718775181326,0.0
87853,26.788779812996882,1.0,560,681,1241,0.0008058017727639033,-0.0008333472224535399,0.998952457695409,8.058017727639034e-05
87854,26.78794646577443,1.0,560,681,1241,0.0,-0.0008333472224535399,0.9990330378726853,8.058017727639034e-05
87855,26.787113118551975,1.0,560,681,1241,0.0,-0.0008333472224535399,0.9991136180499616,8.058017727639034e-05
87856,26.78627977132952,0.9991941982272361,560,681,1241,-0.0008058017727639033,-0.0008333472224535399,0.9991136180499616,0.0
87857,26.785446424107068,0.9991941982272361,560,681,1241,0.0,-0.0008333472224535399,0.999194198227238,8.058017727639034e-05
87858,26.784613076884614,0.9991941982272361,560,681,1241,0.0,-0.0008333472224535399,0.9992747784045143,8.058017727639034e-05
87859,26.78377972966216,0.9991941982272361,560,681,1241,0.0,-0.0008333472224535399,0.9993553585817907,8.058017727639034e-05
87860,26.782946382439707,0.9991941982272361,560,681,1241,0.0,-0.0008333472224535399,0.999435938759067,8.058017727639034e-05
87861,26.782113035217254,0.9991941982272361,560,681,1241,0.0,-0.0008333472224535399,0.999435938759067,0.0
87862,26.7812796879948,0.9991941982272361,560,681,1241,0.0,-0.0008333472224535399,0.999435938759067,0.0
87863,26.780446340772347,0.9991941982272361,560,681,1241,0.0,-0.0008333472224535399,0.9993553585817907,-8.058017727639034e-05
87864,26.779612993549893,0.9991941982272361,560,681,1241,0.0,-0.0008333472224535399,0.9992747784045143,-8.058017727639034e-05
87865,26.778779646327436,0.9991941982272361,560,681,1241,0.0,-0.0008333472224570926,0.999194198227238,-8.058017727639034e-05
87866,26.777946299104983,1.0,560,681,1241,0.0008058017727639033,-0.0008333472224535399,0.9992747784045143,8.058017727639034e-05
87867,26.77711295188253,1.0,560,681,1241,0.0,-0.0008333472224535399,0.9993553585817907,8.058017727639034e-05
87868,26.776279604660076,1.0,560,681,1241,0.0,-0.0008333472224535399,0.999435938759067,8.058017727639034e-05
87869,26.775446257437622,1.0,560,681,1241,0.0,-0.0008333472224535399,0.9995165189363433,8.058017727639034e-05
87870,26.77461291021517,1.0,560,681,1241,0.0,-0.0008333472224535399,0.9995970991136197,8.058017727639034e-05
87871,26.773779562992715,0.9983883964544722,560,681,1241,-0.0016116035455278066,-0.0008333472224535399,0.9995165189363433,-8.058017727639034e-05
87872,26.77294621577026,0.9975825946817083,560,681,1241,-0.0008058017727639033,-0.0008333472224535399,0.9993553585817905,-0.00016116035455278067
87873,26.772112868547808,0.9975825946817083,560,681,1241,0.0,-0.0008333472224535399,0.9991941982272377,-0.00016116035455278067
87874,26.771279521325354,0.9983883964544722,560,681,1241,0.0008058017727639033,-0.0008333472224535399,0.9991136180499612,-8.058017727639034e-05
87875,26.7704461741029,0.9983883964544722,560,681,1241,0.0,-0.0008333472224535399,0.9990330378726849,-8.058017727639034e-05
87876,26.769612826880447,0.9983883964544722,560,681,1241,0.0,-0.0008333472224535399,0.9988718775181322,-0.00016116035455278067
87877,26.768779479657994,0.9983883964544722,560,681,1241,0.0,-0.0008333472224535399,0.9987107171635795,-0.00016116035455278067
87878,26.76794613243554,0.9983883964544722,560,681,1241,0.0,-0.0008333472224535399,0.9985495568090268,-0.00016116035455278067
87879,26.767112785213087,0.9983883964544722,560,681,1241,0.0,-0.0008333472224535399,0.9983883964544742,-0.00016116035455278067
87880,26.766279437990633,0.9983883964544722,560,681,1241,0.0,-0.0008333472224535399,0.9982272360999215,-0.00016116035455278067
87881,26.76544609076818,0.9983883964544722,560,681,1241,0.0,-0.0008333472224535399,0.9982272360999215,0.0
87882,26.764612743545726,0.9991941982272361,560,681,1241,0.0008058017727639033,-0.0008333472224535399,0.9983883964544743,0.00016116035455278067
87883,26.763779396323272,0.9991941982272361,560,681,1241,0.0,-0.0008333472224535399,0.9985495568090272,0.00016116035455278067
87884,26.76294604910082,0.9991941982272361,560,681,1241,0.0,-0.0008333472224535399,0.9986301369863035,8.058017727639034e-05
87885,26.762112701878365,0.9991941982272361,560,681,1241,0.0,-0.0008333472224535399,0.9987107171635798,8.058017727639034e-05
87886,26.76127935465591,0.9991941982272361,560,681,1241,0.0,-0.0008333472224570926,0.9987912973408563,8.058017727639034e-05
87887,26.760446007433455,0.9991941982272361,560,681,1241,0.0,-0.0008333472224535399,0.9988718775181326,8.058017727639034e-05
87888,26.759612660211,1.0,560,681,1241,0.0008058017727639033,-0.0008333472224535399,0.9990330378726853,0.00016116035455278067
87889,26.758779312988548,1.0,560,681,1241,0.0,-0.0008333472224535399,0.999194198227238,0.00016116035455278067
87890,26.757945965766094,1.0,560,681,1241,0.0,-0.0008333472224535399,0.9993553585817907,0.00016116035455278067
87891,26.75711261854364,1.0,560,681,1241,0.0,-0.0008333472224535399,0.9995165189363433,0.00016116035455278067
87892,26.756279271321187,1.0,560,681,1241,0.0,-0.0008333472224535399,0.9995970991136197,8.058017727639034e-05
87893,26.755445924098733,0.9991941982272361,560,681,1241,-0.0008058017727639033,-0.0008333472224535399,0.9995970991136197,0.0
87894,26.75461257687628,0.9991941982272361,560,681,1241,0.0,-0.0008333472224535399,0.9995970991136197,0.0
87895,26.753779229653826,0.9991941982272361,560,681,1241,0.0,-0.0008333472224535399,0.9995970991136197,0.0
87896,26.752945882431373,0.9991941982272361,560,681,1241,0.0,-0.0008333472224535399,0.9995970991136197,0.0
87897,26.75211253520892,0.9991941982272361,560,681,1241,0.0,-0.0008333472224535399,0.9995970991136197,0.0
87898,26.751279187986466,0.9991941982272361,560,681,1241,0.0,-0.0008333472224535399,0.9995165189363433,-8.058017727639034e-05
87899,26.750445840764012,0.9991941982272361,560,681,1241,0.0,-0.0008333472224535399,0.999435938759067,-8.058017727639034e-05
87900,26.74961249354156,1.0,560,681,1241,0.0008058017727639033,-0.0008333472224535399,0.999435938759067,0.0
87901,26.748779146319105,0.9991941982272361,560,681,1241,-0.0008058017727639033,-0.0008333472224535399,0.9993553585817907,-8.058017727639034e-05
87902,26.74794579909665,0.9991941982272361,560,681,1241,0.0,-0.0008333472224535399,0.9992747784045143,-8.058017727639034e-05
87903,26.747112451874198,0.9983883964544722,560,681,1241,-0.0008058017727639033,-0.0008333472224535399,0.999194198227238,-8.058017727639034e-05
87904,26.746279104651745,0.9983883964544722,560,681,1241,0.0,-0.0008333472224535399,0.9991136180499616,-8.058017727639034e-05
87905,26.74544575742929,1.0,560,681,1241,0.0016116035455278066,-0.0008333472224535399,0.999194198227238,8.058017727639034e-05
87906,26.744612410206837,1.0,560,681,1241,0.0,-0.0008333472224535399,0.9992747784045143,8.058017727639034e-05
87907,26.74377906298438,1.0,560,681,1241,0.0,-0.0008333472224570926,0.9993553585817907,8.058017727639034e-05
87908,26.742945715761927,1.0,560,681,1241,0.0,-0.0008333472224535399,0.999435938759067,8.058017727639034e-05
87909,26.742112368539473,0.9991941982272361,560,681,1241,-0.0008058017727639033,-0.0008333472224535399,0.999435938759067,0.0
87910,26.74127902131702,0.9991941982272361,560,681,1241,0.0,-0.0008333472224535399,0.9993553585817907,-8.058017727639034e-05
87911,26.740445674094566,0.9991941982272361,560,681,1241,0.0,-0.0008333472224535399,0.9993553585817907,0.0
87912,26.739612326872113,1.0,560,681,1241,0.0008058017727639033,-0.0008333472224535399,0.999435938759067,8.058017727639034e-05
87913,26.73877897964966,1.0,560,681,1241,0.0,-0.0008333472224535399,0.9995970991136197,0.00016116035455278067
87914,26.737945632427206,1.0,560,681,1241,0.0,-0.0008333472224535399,0.9997582594681724,0.00016116035455278067
87915,26.737112285204752,1.0,560,681,1241,0.0,-0.0008333472224535399,0.9997582594681724,0.0
87916,26.7362789379823,1.0,560,681,1241,0.0,-0.0008333472224535399,0.9997582594681724,0.0
87917,26.735445590759845,1.0,560,681,1241,0.0,-0.0008333472224535399,0.9997582594681724,0.0
87918,26.73461224353739,1.0,560,681,1241,0.0,-0.0008333472224535399,0.9997582594681724,0.0
87919,26.733778896314938,1.0,560,681,1241,0.0,-0.0008333472224535399,0.9998388396454487,8.058017727639034e-05
87920,26.732945549092484,1.0,560,681,1241,0.0,-0.0008333472224535399,0.999919419822725,8.058017727639034e-05
87921,26.73211220187003,1.0,560,681,1241,0.0,-0.0008333472224535399,1.0000000000000013,8.058017727639034e-05
87922,26.731278854647577,1.0,560,681,1241,0.0,-0.0008333472224535399,1.0000000000000013,0.0
87923,26.730445507425124,1.0,560,681,1241,0.0,-0.0008333472224535399,1.0000000000000013,0.0
87924,26.72961216020267,1.0,560,681,1241,0.0,-0.0008333472224535399,1.0000000000000013,0.0
87925,26.728778812980217,1.0,560,681,1241,0.0,-0.0008333472224535399,1.0000000000000013,0.0
87926,26.727945465757763,1.0,560,681,1241,0.0,-0.0008333472224535399,1.0000000000000013,0.0
87927,26.72711211853531,1.0,560,681,1241,0.0,-0.0008333472224535399,1.0000000000000013,0.0
87928,26.726278771312852,1.0,560,681,1241,0.0,-0.0008333472224570926,1.0000000000000013,0.0
87929,26.7254454240904,1.0,560,681,1241,0.0,-0.0008333472224535399,1.0000000000000013,0.0
87930,26.724612076867945,1.0,560,681,1241,0.0,-0.0008333472224535399,1.0000000000000013,0.0
87931,26.723778729645492,1.0,560,681,1241,0.0,-0.0008333472224535399,1.0000000000000013,0.0
87932,26.72294538242304,0.9991941982272361,560,681,1241,-0.0008058017727639033,-0.0008333472224535399,0.999919419822725,-8.058017727639034e-05
87933,26.722112035200585,0.9991941982272361,560,681,1241,0.0,-0.0008333472224535399,0.9998388396454487,-8.058017727639034e-05
87934,26.72127868797813,0.9991941982272361,560,681,1241,0.0,-0.0008333472224535399,0.9997582594681724,-8.058017727639034e-05
87935,26.720445340755678,1.0,560,681,1241,0.0008058017727639033,-0.0008333472224535399,0.9997582594681724,0.0
87936,26.719611993533224,1.0,560,681,1241,0.0,-0.0008333472224535399,0.9997582594681724,0.0
87937,26.71877864631077,1.0,560,681,1241,0.0,-0.0008333472224535399,0.9997582594681724,0.0
87938,26.717945299088317,1.0,560,681,1241,0.0,-0.0008333472224535399,0.9997582594681724,0.0
87939,26.717111951865864,1.0,560,681,1241,0.0,-0.0008333472224535399,0.9997582594681724,0.0
87940,26.71627860464341,1.0,560,681,1241,0.0,-0.0008333472224535399,0.9997582594681724,0.0
87941,26.715445257420956,1.0,560,681,1241,0.0,-0.0008333472224535399,0.9997582594681724,0.0
87942,26.714611910198503,1.0,560,681,1241,0.0,-0.0008333472224535399,0.9998388396454487,8.058017727639034e-05
87943,26.71377856297605,1.0,560,681,1241,0.0,-0.0008333472224535399,0.999919419822725,8.058017727639034e-05
87944,26.712945215753596,1.0,560,681,1241,0.0,-0.0008333472224535399,1.0000000000000013,8.058017727639034e-05
87945,26.712111868531142,1.0,560,681,1241,0.0,-0.0008333472224535399,1.0000000000000013,0.0
87946,26.71127852130869,1.0,560,681,1241,0.0,-0.0008333472224535399,1.0000000000000013,0.0
87947,26.710445174086235,0.9991941982272361,560,681,1241,-0.0008058017727639033,-0.0008333472224535399,0.999919419822725,-8.058017727639034e-05
87948,26.70961182686378,0.9991941982272361,560,681,1241,0.0,-0.0008333472224535399,0.9998388396454487,-8.058017727639034e-05
87949,26.708778479641328,0.9991941982272361,560,681,1241,0.0,-0.0008333472224535399,0.9997582594681724,-8.058017727639034e-05
87950,26.70794513241887,0.9991941982272361,560,681,1241,0.0,-0.0008333472224570926,0.999677679290896,-8.058017727639034e-05
87951,26.707111785196417,0.9991941982272361,560,681,1241,0.0,-0.0008333472224535399,0.9995970991136197,-8.058017727639034e-05
87952,26.706278437973964,0.9991941982272361,560,681,1241,0.0,-0.0008333472224535399,0.9995165189363433,-8.058017727639034e-05
87953,26.70544509075151,0.9991941982272361,560,681,1241,0.0,-0.0008333472224535399,0.999435938759067,-8.058017727639034e-05
87954,26.704611743529057,0.9991941982272361,560,681,1241,0.0,-0.0008333472224535399,0.9993553585817907,-8.058017727639034e-05
87955,26.703778396306603,0.9991941982272361,560,681,1241,0.0,-0.0008333472224535399,0.9992747784045143,-8.058017727639034e-05
87956,26.70294504908415,0.9991941982272361,560,681,1241,0.0,-0.0008333472224535399,0.999194198227238,-8.058017727639034e-05
87957,26.702111701861696,0.9991941982272361,560,681,1241,0.0,-0.0008333472224535399,0.999194198227238,0.0
87958,26.701278354639243,0.9991941982272361,560,681,1241,0.0,-0.0008333472224535399,0.999194198227238,0.0
87959,26.70044500741679,0.9991941982272361,560,681,1241,0.0,-0.0008333472224535399,0.999194198227238,0.0
87960,26.699611660194336,0.9983883964544722,560,681,1241,-0.0008058017727639033,-0.0008333472224535399,0.9991136180499616,-8.058017727639034e-05
87961,26.698778312971882,0.9983883964544722,560,681,1241,0.0,-0.0008333472224535399,0.9990330378726853,-8.058017727639034e-05
87962,26.69794496574943,0.9991941982272361,560,681,1241,0.0008058017727639033,-0.0008333472224535399,0.9990330378726853,0.0
87963,26.697111618526975,0.9991941982272361,560,681,1241,0.0,-0.0008333472224535399,0.9990330378726853,0.0
87964,26.69627827130452,0.9991941982272361,560,681,1241,0.0,-0.0008333472224535399,0.9990330378726853,0.0
87965,26.695444924082068,1.0,560,681,1241,0.0008058017727639033,-0.0008333472224535399,0.9991136180499616,8.058017727639034e-05
87966,26.694611576859614,1.0,560,681,1241,0.0,-0.0008333472224535399,0.999194198227238,8.058017727639034e-05
87967,26.69377822963716,1.0,560,681,1241,0.0,-0.0008333472224535399,0.9992747784045143,8.058017727639034e-05
87968,26.692944882414707,1.0,560,681,1241,0.0,-0.0008333472224535399,0.9993553585817907,8.058017727639034e-05
87969,26.692111535192254,1.0,560,681,1241,0.0,-0.0008333472224535399,0.999435938759067,8.058017727639034e-05
87970,26.6912781879698,1.0,560,681,1241,0.0,-0.0008333472224535399,0.9995970991136197,0.00016116035455278067
87971,26.690444840747343,0.9991941982272361,560,681,1241,-0.0008058017727639033,-0.0008333472224570926,0.999677679290896,8.058017727639034e-05
87972,26.68961149352489,0.9991941982272361,560,681,1241,0.0,-0.0008333472224535399,0.999677679290896,0.0
87973,26.688778146302436,0.9991941982272361,560,681,1241,0.0,-0.0008333472224535399,0.999677679290896,0.0
87974,26.687944799079983,0.9991941982272361,560,681,1241,0.0,-0.0008333472224535399,0.999677679290896,0.0
87975,26.68711145185753,1.0,560,681,1241,0.0008058017727639033,-0.0008333472224535399,0.999677679290896,0.0
87976,26.686278104635075,1.0,560,681,1241,0.0,-0.0008333472224535399,0.999677679290896,0.0
87977,26.685444757412622,1.0,560,681,1241,0.0,-0.0008333472224535399,0.999677679290896,0.0
87978,26.68461141019017,1.0,560,681,1241,0.0,-0.0008333472224535399,0.999677679290896,0.0
87979,26.683778062967715,0.9991941982272361,560,681,1241,-0.0008058017727639033,-0.0008333472224535399,0.9995970991136197,-8.058017727639034e-05
87980,26.68294471574526,0.9991941982272361,560,681,1241,0.0,-0.0008333472224535399,0.9995165189363433,-8.058017727639034e-05
87981,26.682111368522808,0.9991941982272361,560,681,1241,0.0,-0.0008333472224535399,0.9995165189363433,0.0
87982,26.681278021300354,0.9991941982272361,560,681,1241,0.0,-0.0008333472224535399,0.9995165189363433,0.0
87983,26.6804446740779,0.9991941982272361,560,681,1241,0.0,-0.0008333472224535399,0.9995165189363433,0.0
87984,26.679611326855447,0.9991941982272361,560,681,1241,0.0,-0.0008333472224535399,0.9995165189363433,0.0
87985,26.678777979632994,0.9991941982272361,560,681,1241,0.0,-0.0008333472224535399,0.999435938759067,-8.058017727639034e-05
87986,26.67794463241054,0.9991941982272361,560,681,1241,0.0,-0.0008333472224535399,0.9993553585817907,-8.058017727639034e-05
87987,26.677111285188086,0.9991941982272361,560,681,1241,0.0,-0.0008333472224535399,0.9992747784045143,-8.058017727639034e-05
87988,26.676277937965633,0.9991941982272361,560,681,1241,0.0,-0.0008333472224535399,0.999194198227238,-8.058017727639034e-05
87989,26.67544459074318,0.9991941982272361,560,681,1241,0.0,-0.0008333472224535399,0.999194198227238,0.0
87990,26.674611243520726,0.9991941982272361,560,681,1241,0.0,-0.0008333472224535399,0.999194198227238,0.0
87991,26.673777896298272,1.0,560,681,1241,0.0008058017727639033,-0.0008333472224535399,0.9992747784045143,8.058017727639034e-05
87992,26.672944549075815,1.0,560,681,1241,0.0,-0.0008333472224570926,0.9993553585817907,8.058017727639034e-05
87993,26.67211120185336,1.0,560,681,1241,0.0,-0.0008333472224535399,0.999435938759067,8.058017727639034e-05
87994,26.671277854630908,1.0,560,681,1241,0.0,-0.0008333472224535399,0.9995165189363433,8.058017727639034e-05
87995,26.670444507408455,0.9991941982272361,560,681,1241,-0.0008058017727639033,-0.0008333472224535399,0.9995165189363433,0.0
87996,26.669611160186,0.9991941982272361,560,681,1241,0.0,-0.0008333472224535399,0.9995165189363433,0.0
87997,26.668777812963548,0.9983883964544722,560,681,1241,-0.0008058017727639033,-0.0008333472224535399,0.999435938759067,-8.058017727639034e-05
87998,26.667944465741094,0.9983883964544722,560,681,1241,0.0,-0.0008333472224535399,0.9993553585817907,-8.058017727639034e-05
87999,26.66711111851864,0.9983883964544722,560,681,1241,0.0,-0.0008333472224535399,0.9992747784045143,-8.058017727639034e-05
88000,26.666277771296187,0.9983883964544722,560,681,1241,0.0,-0.0008333472224535399,0.999194198227238,-8.058017727639034e-05
88001,26.665444424073733,0.9983883964544722,560,681,1241,0.0,-0.0008333472224535399,0.9990330378726853,-0.00016116035455278067
88002,26.66461107685128,0.9991941982272361,560,681,1241,0.0008058017727639033,-0.0008333472224535399,0.998952457695409,-8.058017727639034e-05
88003,26.663777729628826,0.9983883964544722,560,681,1241,-0.0008058017727639033,-0.0008333472224535399,0.9987912973408563,-0.00016116035455278067
88004,26.662944382406373,1.0,560,681,1241,0.0016116035455278066,-0.0008333472224535399,0.9987912973408563,0.0
88005,26.66211103518392,1.0,560,681,1241,0.0,-0.0008333472224535399,0.9988718775181326,8.058017727639034e-05
88006,26.661277687961466,1.0,560,681,1241,0.0,-0.0008333472224535399,0.998952457695409,8.058017727639034e-05
88007,26.660444340739012,1.0,560,681,1241,0.0,-0.0008333472224535399,0.9991136180499616,0.00016116035455278067
88008,26.65961099351656,1.0,560,681,1241,0.0,-0.0008333472224535399,0.9992747784045143,0.00016116035455278067
88009,26.658777646294105,1.0,560,681,1241,0.0,-0.0008333472224535399,0.999435938759067,0.00016116035455278067
88010,26.65794429907165,0.9991941982272361,560,681,1241,-0.0008058017727639033,-0.0008333472224535399,0.9995165189363433,8.058017727639034e-05
88011,26.657110951849198,0.9991941982272361,560,681,1241,0.0,-0.0008333472224535399,0.9995970991136197,8.058017727639034e-05
88012,26.656277604626744,0.9991941982272361,560,681,1241,0.0,-0.0008333472224535399,0.9995970991136197,0.0
88013,26.655444257404287,0.9991941982272361,560,681,1241,0.0,-0.0008333472224570926,0.999677679290896,8.058017727639034e-05
88014,26.654610910181834,0.9991941982272361,560,681,1241,0.0,-0.0008333472224535399,0.9995970991136197,-8.058017727639034e-05
88015,26.65377756295938,0.9991941982272361,560,681,1241,0.0,-0.0008333472224535399,0.9995165189363433,-8.058017727639034e-05
88016,26.652944215736927,0.9991941982272361,560,681,1241,0.0,-0.0008333472224535399,0.999435938759067,-8.058017727639034e-05
88017,26.652110868514473,0.9991941982272361,560,681,1241,0.0,-0.0008333472224535399,0.9993553585817907,-8.058017727639034e-05
88018,26.65127752129202,0.9991941982272361,560,681,1241,0.0,-0.0008333472224535399,0.9992747784045143,-8.058017727639034e-05
88019,26.650444174069566,0.9983883964544722,560,681,1241,-0.0008058017727639033,-0.0008333472224535399,0.9991136180499616,-0.00016116035455278067
88020,26.649610826847113,0.9983883964544722,560,681,1241,0.0,-0.0008333472224535399,0.9990330378726853,-8.058017727639034e-05
88021,26.64877747962466,0.9975825946817083,560,681,1241,-0.0008058017727639033,-0.0008333472224535399,0.9988718775181324,-0.00016116035455278067
88022,26.647944132402205,0.9975825946817083,560,681,1241,0.0,-0.0008333472224535399,0.9987107171635795,-0.00016116035455278067
88023,26.647110785179752,0.9975825946817083,560,681,1241,0.0,-0.0008333472224535399,0.9985495568090267,-0.00016116035455278067
88024,26.6462774379573,0.9975825946817083,560,681,1241,0.0,-0.0008333472224535399,0.9983883964544737,-0.00016116035455278067
88025,26.645444090734845,0.9983883964544722,560,681,1241,0.0008058017727639033,-0.0008333472224535399,0.9983078162771974,-8.058017727639034e-05
88026,26.64461074351239,0.9983883964544722,560,681,1241,0.0,-0.0008333472224535399,0.9982272360999211,-8.058017727639034e-05
88027,26.643777396289938,0.9983883964544722,560,681,1241,0.0,-0.0008333472224535399,0.9981466559226447,-8.058017727639034e-05
88028,26.642944049067484,0.9991941982272361,560,681,1241,0.0008058017727639033,-0.0008333472224535399,0.9981466559226447,0.0
88029,26.64211070184503,0.9991941982272361,560,681,1241,0.0,-0.0008333472224535399,0.9982272360999211,8.058017727639034e-05
88030,26.641277354622577,0.9991941982272361,560,681,1241,0.0,-0.0008333472224535399,0.9983078162771974,8.058017727639034e-05
88031,26.640444007400124,0.9991941982272361,560,681,1241,0.0,-0.0008333472224535399,0.9984689766317503,0.00016116035455278067
88032,26.63961066017767,0.9991941982272361,560,681,1241,0.0,-0.0008333472224535399,0.9986301369863032,0.00016116035455278067
88033,26.638777312955217,0.9991941982272361,560,681,1241,0.0,-0.0008333472224535399,0.998791297340856,0.00016116035455278067
88034,26.63794396573276,0.9991941982272361,560,681,1241,0.0,-0.0008333472224570926,0.998952457695409,0.00016116035455278067
88035,26.637110618510306,0.9991941982272361,560,681,1241,0.0,-0.0008333472224535399,0.9990330378726853,8.058017727639034e-05
88036,26.636277271287852,0.9983883964544722,560,681,1241,-0.0008058017727639033,-0.0008333472224535399,0.9990330378726853,0.0
88037,26.6354439240654,0.9983883964544722,560,681,1241,0.0,-0.0008333472224535399,0.9990330378726853,0.0
88038,26.634610576842945,0.9983883964544722,560,681,1241,0.0,-0.0008333472224535399,0.998952457695409,-8.058017727639034e-05
88039,26.63377722962049,0.9983883964544722,560,681,1241,0.0,-0.0008333472224535399,0.9988718775181326,-8.058017727639034e-05
88040,26.63294388239804,0.9983883964544722,560,681,1241,0.0,-0.0008333472224535399,0.9987912973408563,-8.058017727639034e-05
88041,26.632110535175585,0.9983883964544722,560,681,1241,0.0,-0.0008333472224535399,0.9987107171635798,-8.058017727639034e-05
88042,26.63127718795313,0.9983883964544722,560,681,1241,0.0,-0.0008333472224535399,0.9986301369863035,-8.058017727639034e-05
88043,26.630443840730678,0.9983883964544722,560,681,1241,0.0,-0.0008333472224535399,0.9985495568090272,-8.058017727639034e-05
88044,26.629610493508224,0.9983883964544722,560,681,1241,0.0,-0.0008333472224535399,0.9984689766317508,-8.058017727639034e-05
88045,26.62877714628577,0.9983883964544722,560,681,1241,0.0,-0.0008333472224535399,0.9983883964544745,-8.058017727639034e-05
88046,26.627943799063317,0.9983883964544722,560,681,1241,0.0,-0.0008333472224535399,0.9983883964544745,0.0
88047,26.627110451840863,0.9975825946817083,560,681,1241,-0.0008058017727639033,-0.0008333472224535399,0.9983078162771981,-8.058017727639034e-05
88048,26.62627710461841,0.9975825946817083,560,681,1241,0.0,-0.0008333472224535399,0.9982272360999218,-8.058017727639034e-05
88049,26.625443757395956,0.9975825946817083,560,681,1241,0.0,-0.0008333472224535399,0.9981466559226455,-8.058017727639034e-05
88050,26.624610410173503,0.9967767929089444,560,681,1241,-0.0008058017727639033,-0.0008333472224535399,0.9979854955680928,-0.00016116035455278067
88051,26.62377706295105,0.9967767929089444,560,681,1241,0.0,-0.0008333472224535399,0.9978243352135401,-0.00016116035455278067
88052,26.622943715728596,0.9959709911361805,560,681,1241,-0.0008058017727639033,-0.0008333472224535399,0.9975825946817111,-0.00024174053182917098
88053,26.622110368506142,0.9959709911361805,560,681,1241,0.0,-0.0008333472224535399,0.997340854149882,-0.00024174053182917098
88054,26.62127702128369,0.9959709911361805,560,681,1241,0.0,-0.0008333472224535399,0.9970991136180529,-0.00024174053182917098
88055,26.620443674061235,0.9959709911361805,560,681,1241,0.0,-0.0008333472224535399,0.9968573730862239,-0.00024174053182917098
88056,26.619610326838778,0.9959709911361805,560,681,1241,0.0,-0.0008333472224570926,0.9966156325543949,-0.00024174053182917098
88057,26.618776979616324,0.9959709911361805,560,681,1241,0.0,-0.0008333472224535399,0.9964544721998422,-0.00016116035455278067
88058,26.61794363239387,0.9959709911361805,560,681,1241,0.0,-0.0008333472224535399,0.9962933118452895,-0.00016116035455278067
88059,26.617110285171417,0.9951651893634166,560,681,1241,-0.0008058017727639033,-0.0008333472224535399,0.9960515713134603,-0.00024174053182917098
88060,26.616276937948964,0.9951651893634166,560,681,1241,0.0,-0.0008333472224535399,0.9958904109589076,-0.00016116035455278067
88061,26.61544359072651,0.9943593875906527,560,681,1241,-0.0008058017727639033,-0.0008333472224535399,0.9956486704270784,-0.00024174053182917098
88062,26.614610243504057,0.9959709911361805,560,681,1241,0.0016116035455278066,-0.0008333472224535399,0.9956486704270784,0.0
88063,26.613776896281603,0.9959709911361805,560,681,1241,0.0,-0.0008333472224535399,0.9956486704270784,0.0
88064,26.61294354905915,0.9959709911361805,560,681,1241,0.0,-0.0008333472224535399,0.9956486704270784,0.0
88065,26.612110201836696,0.9959709911361805,560,681,1241,0.0,-0.0008333472224535399,0.9956486704270784,0.0
88066,26.611276854614243,0.9959709911361805,560,681,1241,0.0,-0.0008333472224535399,0.9956486704270784,0.0
88067,26.61044350739179,0.9951651893634166,560,681,1241,-0.0008058017727639033,-0.0008333472224535399,0.9955680902498019,-8.058017727639034e-05
88068,26.609610160169336,0.9951651893634166,560,681,1241,0.0,-0.0008333472224535399,0.9954875100725256,-8.058017727639034e-05
88069,26.608776812946882,0.9959709911361805,560,681,1241,0.0008058017727639033,-0.0008333472224535399,0.9955680902498021,8.058017727639034e-05
88070,26.60794346572443,0.9967767929089444,560,681,1241,0.0008058017727639033,-0.0008333472224535399,0.9957292506043547,0.00016116035455278067
88071,26.607110118501975,0.9967767929089444,560,681,1241,0.0,-0.0008333472224535399,0.9959709911361839,0.00024174053182917098
88072,26.60627677127952,0.9967767929089444,560,681,1241,0.0,-0.0008333472224535399,0.9960515713134603,8.058017727639034e-05
88073,26.605443424057068,0.9967767929089444,560,681,1241,0.0,-0.0008333472224535399,0.9961321514907366,8.058017727639034e-05
88074,26.604610076834614,0.9967767929089444,560,681,1241,0.0,-0.0008333472224535399,0.9962127316680129,8.058017727639034e-05
88075,26.60377672961216,0.9975825946817083,560,681,1241,0.0008058017727639033,-0.0008333472224535399,0.9963738920225657,0.00016116035455278067
88076,26.602943382389707,0.9975825946817083,560,681,1241,0.0,-0.0008333472224535399,0.9965350523771184,0.00016116035455278067
88077,26.60211003516725,0.9983883964544722,560,681,1241,0.0008058017727639033,-0.0008333472224570926,0.9968573730862239,0.00032232070910556134
88078,26.601276687944797,0.9983883964544722,560,681,1241,0.0,-0.0008333472224535399,0.9971796937953297,0.00032232070910556134
88079,26.600443340722343,0.9983883964544722,560,681,1241,0.0,-0.0008333472224535399,0.9974214343271589,0.00024174053182917098
88080,26.59960999349989,0.9975825946817083,560,681,1241,-0.0008058017727639033,-0.0008333472224535399,0.9975020145044352,8.058017727639034e-05
88081,26.598776646277436,0.9975825946817083,560,681,1241,0.0,-0.0008333472224535399,0.9975825946817116,8.058017727639034e-05
88082,26.597943299054982,0.9975825946817083,560,681,1241,0.0,-0.0008333472224535399,0.9976631748589879,8.058017727639034e-05
88083,26.59710995183253,0.9975825946817083,560,681,1241,0.0,-0.0008333472224535399,0.9977437550362642,8.058017727639034e-05
88084,26.596276604610075,0.9983883964544722,560,681,1241,0.0008058017727639033,-0.0008333472224535399,0.9979049153908169,0.00016116035455278067
88085,26.595443257387622,0.9983883964544722,560,681,1241,0.0,-0.0008333472224535399,0.9979854955680934,8.058017727639034e-05
88086,26.59460991016517,0.9991941982272361,560,681,1241,0.0008058017727639033,-0.0008333472224535399,0.9981466559226462,0.00016116035455278067
88087,26.593776562942715,0.9991941982272361,560,681,1241,0.0,-0.0008333472224535399,0.9982272360999225,8.058017727639034e-05
88088,26.59294321572026,0.9991941982272361,560,681,1241,0.0,-0.0008333472224535399,0.9983078162771989,8.058017727639034e-05
88089,26.592109868497808,0.9991941982272361,560,681,1241,0.0,-0.0008333472224535399,0.9983883964544752,8.058017727639034e-05
88090,26.591276521275354,0.9983883964544722,560,681,1241,-0.0008058017727639033,-0.0008333472224535399,0.9984689766317517,8.058017727639034e-05
88091,26.5904431740529,0.9983883964544722,560,681,1241,0.0,-0.0008333472224535399,0.9985495568090281,8.058017727639034e-05
88092,26.589609826830447,0.9983883964544722,560,681,1241,0.0,-0.0008333472224535399,0.9986301369863044,8.058017727639034e-05
88093,26.588776479607994,0.9983883964544722,560,681,1241,0.0,-0.0008333472224535399,0.9987107171635807,8.058017727639034e-05
88094,26.58794313238554,0.9983883964544722,560,681,1241,0.0,-0.0008333472224535399,0.9987107171635806,0.0
88095,26.587109785163086,0.9983883964544722,560,681,1241,0.0,-0.0008333472224535399,0.9987107171635806,0.0
88096,26.586276437940633,0.9991941982272361,560,681,1241,0.0008058017727639033,-0.0008333472224535399,0.9987107171635806,0.0
88097,26.58544309071818,0.9991941982272361,560,681,1241,0.0,-0.0008333472224535399,0.9987107171635806,0.0
88098,26.584609743495722,0.9983883964544722,560,681,1241,-0.0008058017727639033,-0.0008333472224570926,0.9986301369863042,-8.058017727639034e-05
88099,26.58377639627327,0.9991941982272361,560,681,1241,0.0008058017727639033,-0.0008333472224535399,0.9986301369863042,0.0
88100,26.582943049050815,0.9991941982272361,560,681,1241,0.0,-0.0008333472224535399,0.9987107171635806,8.058017727639034e-05
88101,26.58210970182836,0.9991941982272361,560,681,1241,0.0,-0.0008333472224535399,0.9987912973408569,8.058017727639034e-05
88102,26.581276354605908,0.9983883964544722,560,681,1241,-0.0008058017727639033,-0.0008333472224535399,0.9987912973408569,0.0
88103,26.580443007383455,0.9991941982272361,560,681,1241,0.0008058017727639033,-0.0008333472224535399,0.9988718775181333,8.058017727639034e-05
88104,26.579609660161,0.9991941982272361,560,681,1241,0.0,-0.0008333472224535399,0.9989524576954096,8.058017727639034e-05
88105,26.578776312938547,1.0,560,681,1241,0.0008058017727639033,-0.0008333472224535399,0.9991136180499623,0.00016116035455278067
88106,26.577942965716094,0.9983883964544722,560,681,1241,-0.0016116035455278066,-0.0008333472224535399,0.9990330378726859,-8.058017727639034e-05
88107,26.57710961849364,0.9983883964544722,560,681,1241,0.0,-0.0008333472224535399,0.9989524576954096,-8.058017727639034e-05
88108,26.576276271271187,0.9983883964544722,560,681,1241,0.0,-0.0008333472224535399,0.9989524576954096,0.0
88109,26.575442924048733,0.9991941982272361,560,681,1241,0.0008058017727639033,-0.0008333472224535399,0.9989524576954096,0.0
88110,26.57460957682628,0.9991941982272361,560,681,1241,0.0,-0.0008333472224535399,0.9989524576954096,0.0
88111,26.573776229603826,0.9991941982272361,560,681,1241,0.0,-0.0008333472224535399,0.9989524576954096,0.0
88112,26.572942882381373,1.0,560,681,1241,0.0008058017727639033,-0.0008333472224535399,0.9991136180499623,0.00016116035455278067
88113,26.57210953515892,1.0,560,681,1241,0.0,-0.0008333472224535399,0.9991941982272387,8.058017727639034e-05
88114,26.571276187936466,1.0,560,681,1241,0.0,-0.0008333472224535399,0.9992747784045151,8.058017727639034e-05
88115,26.570442840714012,1.0,560,681,1241,0.0,-0.0008333472224535399,0.9992747784045151,0.0
88116,26.56960949349156,1.0,560,681,1241,0.0,-0.0008333472224535399,0.9994359387590677,0.00016116035455278067
88117,26.568776146269105,1.0,560,681,1241,0.0,-0.0008333472224535399,0.9995970991136204,0.00016116035455278067
88118,26.56794279904665,1.0,560,681,1241,0.0,-0.0008333472224535399,0.9997582594681731,0.00016116035455278067
88119,26.567109451824194,1.0,560,681,1241,0.0,-0.0008333472224570926,0.9998388396454494,8.058017727639034e-05
88120,26.56627610460174,1.0,560,681,1241,0.0,-0.0008333472224535399,0.9999194198227258,8.058017727639034e-05
88121,26.565442757379287,1.0,560,681,1241,0.0,-0.0008333472224535399,1.0000000000000022,8.058017727639034e-05
88122,26.564609410156834,1.0,560,681,1241,0.0,-0.0008333472224535399,1.0000000000000022,0.0
88123,26.56377606293438,1.0,560,681,1241,0.0,-0.0008333472224535399,1.0000000000000022,0.0
88124,26.562942715711927,1.0,560,681,1241,0.0,-0.0008333472224535399,1.0000000000000022,0.0
88125,26.562109368489473,1.0,560,681,1241,0.0,-0.0008333472224535399,1.0000000000000022,0.0
88126,26.56127602126702,1.0,560,681,1241,0.0,-0.0008333472224535399,1.0000000000000022,0.0
88127,26.560442674044566,1.0,560,681,1241,0.0,-0.0008333472224535399,1.0000000000000022,0.0
88128,26.559609326822113,1.0,560,681,1241,0.0,-0.0008333472224535399,1.0000000000000022,0.0
88129,26.55877597959966,1.0,560,681,1241,0.0,-0.0008333472224535399,1.0000000000000022,0.0
88130,26.557942632377205,1.0,560,681,1241,0.0,-0.0008333472224535399,1.0000000000000022,0.0
88131,26.557109285154752,1.0,560,681,1241,0.0,-0.0008333472224535399,1.0000000000000022,0.0
88132,26.5562759379323,1.0,560,681,1241,0.0,-0.0008333472224535399,1.0000000000000022,0.0
88133,26.555442590709845,0.9991941982272361,560,681,1241,-0.0008058017727639033,-0.0008333472224535399,0.9999194198227258,-8.058017727639034e-05
88134,26.55460924348739,0.9991941982272361,560,681,1241,0.0,-0.0008333472224535399,0.9998388396454494,-8.058017727639034e-05
88135,26.553775896264938,0.9983883964544722,560,681,1241,-0.0008058017727639033,-0.0008333472224535399,0.9996776792908968,-0.00016116035455278067
88136,26.552942549042484,0.9991941982272361,560,681,1241,0.0008058017727639033,-0.0008333472224535399,0.9995970991136204,-8.058017727639034e-05
88137,26.55210920182003,0.9983883964544722,560,681,1241,-0.0008058017727639033,-0.0008333472224535399,0.9994359387590677,-0.00016116035455278067
88138,26.551275854597577,0.9983883964544722,560,681,1241,0.0,-0.0008333472224535399,0.9992747784045151,-0.00016116035455278067
88139,26.550442507375124,0.9975825946817083,560,681,1241,-0.0008058017727639033,-0.0008333472224535399,0.9990330378726858,-0.00024174053182917098
88140,26.549609160152666,0.9983883964544722,560,681,1241,0.0008058017727639033,-0.0008333472224570926,0.9988718775181329,-0.00016116035455278067
88141,26.548775812930213,0.9975825946817083,560,681,1241,-0.0008058017727639033,-0.0008333472224535399,0.9986301369863038,-0.00024174053182917098
88142,26.54794246570776,0.9975825946817083,560,681,1241,0.0,-0.0008333472224535399,0.9983883964544745,-0.00024174053182917098
88143,26.547109118485306,0.9975825946817083,560,681,1241,0.0,-0.0008333472224535399,0.9982272360999216,-0.00016116035455278067
88144,26.546275771262852,0.9975825946817083,560,681,1241,0.0,-0.0008333472224535399,0.9980660757453688,-0.00016116035455278067
88145,26.5454424240404,0.9975825946817083,560,681,1241,0.0,-0.0008333472224535399,0.9979854955680925,-8.058017727639034e-05
88146,26.544609076817945,0.9975825946817083,560,681,1241,0.0,-0.0008333472224535399,0.9978243352135395,-0.00016116035455278067
88147,26.54377572959549,0.9975825946817083,560,681,1241,0.0,-0.0008333472224535399,0.997743755036263,-8.058017727639034e-05
88148,26.542942382373038,0.9983883964544722,560,681,1241,0.0008058017727639033,-0.0008333472224535399,0.997743755036263,0.0
88149,26.542109035150585,0.9983883964544722,560,681,1241,0.0,-0.0008333472224535399,0.9978243352135395,8.058017727639034e-05
88150,26.54127568792813,0.9991941982272361,560,681,1241,0.0008058017727639033,-0.0008333472224535399,0.997904915390816,8.058017727639034e-05
88151,26.540442340705678,0.9991941982272361,560,681,1241,0.0,-0.0008333472224535399,0.998066075745369,0.00016116035455278067
88152,26.539608993483224,0.9991941982272361,560,681,1241,0.0,-0.0008333472224535399,0.9982272360999218,0.00016116035455278067
88153,26.53877564626077,0.9991941982272361,560,681,1241,0.0,-0.0008333472224535399,0.9983883964544746,0.00016116035455278067
88154,26.537942299038317,0.9991941982272361,560,681,1241,0.0,-0.0008333472224535399,0.9985495568090276,0.00016116035455278067
88155,26.537108951815863,0.9991941982272361,560,681,1241,0.0,-0.0008333472224535399,0.9987107171635804,0.00016116035455278067
88156,26.53627560459341,0.9991941982272361,560,681,1241,0.0,-0.0008333472224535399,0.9988718775181333,0.00016116035455278067
88157,26.535442257370956,0.9991941982272361,560,681,1241,0.0,-0.0008333472224535399,0.9990330378726862,0.00016116035455278067
88158,26.534608910148503,1.0,560,681,1241,0.0008058017727639033,-0.0008333472224535399,0.999194198227239,0.00016116035455278067
88159,26.53377556292605,1.0,560,681,1241,0.0,-0.0008333472224535399,0.9993553585817917,0.00016116035455278067
88160,26.532942215703596,1.0,560,681,1241,0.0,-0.0008333472224535399,0.9994359387590681,8.058017727639034e-05
88161,26.53210886848114,1.0,560,681,1241,0.0,-0.0008333472224570926,0.9995165189363444,8.058017727639034e-05
88162,26.531275521258685,1.0,560,681,1241,0.0,-0.0008333472224535399,0.9995970991136207,8.058017727639034e-05
88163,26.53044217403623,1.0,560,681,1241,0.0,-0.0008333472224535399,0.9996776792908971,8.058017727639034e-05
88164,26.529608826813778,1.0,560,681,1241,0.0,-0.0008333472224535399,0.9997582594681734,8.058017727639034e-05
88165,26.528775479591324,1.0,560,681,1241,0.0,-0.0008333472224535399,0.9998388396454498,8.058017727639034e-05
88166,26.52794213236887,1.0,560,681,1241,0.0,-0.0008333472224535399,0.9999194198227261,8.058017727639034e-05
88167,26.527108785146417,1.0,560,681,1241,0.0,-0.0008333472224535399,1.0000000000000024,8.058017727639034e-05
88168,26.526275437923964,1.0,560,681,1241,0.0,-0.0008333472224535399,1.0000000000000024,0.0
88169,26.52544209070151,1.0,560,681,1241,0.0,-0.0008333472224535399,1.0000000000000024,0.0
88170,26.524608743479057,1.0,560,681,1241,0.0,-0.0008333472224535399,1.0000000000000024,0.0
88171,26.523775396256603,1.0,560,681,1241,0.0,-0.0008333472224535399,1.0000000000000024,0.0
88172,26.52294204903415,1.0,560,681,1241,0.0,-0.0008333472224535399,1.0000000000000024,0.0
88173,26.522108701811696,1.0,560,681,1241,0.0,-0.0008333472224535399,1.0000000000000024,0.0
88174,26.521275354589243,1.0,560,681,1241,0.0,-0.0008333472224535399,1.0000000000000024,0.0
88175,26.52044200736679,1.0,560,681,1241,0.0,-0.0008333472224535399,1.0000000000000024,0.0
88176,26.519608660144335,1.0,560,681,1241,0.0,-0.0008333472224535399,1.0000000000000024,0.0
88177,26.518775312921882,1.0,560,681,1241,0.0,-0.0008333472224535399,1.0000000000000024,0.0
88178,26.51794196569943,1.0,560,681,1241,0.0,-0.0008333472224535399,1.0000000000000024,0.0
88179,26.517108618476975,1.0,560,681,1241,0.0,-0.0008333472224535399,1.0000000000000024,0.0
88180,26.51627527125452,1.0,560,681,1241,0.0,-0.0008333472224535399,1.0000000000000024,0.0
88181,26.515441924032068,1.0,560,681,1241,0.0,-0.0008333472224535399,1.0000000000000024,0.0
88182,26.514608576809614,1.0,560,681,1241,0.0,-0.0008333472224535399,1.0000000000000024,0.0
88183,26.513775229587157,1.0,560,681,1241,0.0,-0.0008333472224570926,1.0000000000000024,0.0
88184,26.512941882364704,0.9991941982272361,560,681,1241,-0.0008058017727639033,-0.0008333472224535399,0.9999194198227261,-8.058017727639034e-05
88185,26.51210853514225,0.9991941982272361,560,681,1241,0.0,-0.0008333472224535399,0.9998388396454498,-8.058017727639034e-05
88186,26.511275187919797,0.9991941982272361,560,681,1241,0.0,-0.0008333472224535399,0.9997582594681734,-8.058017727639034e-05
88187,26.510441840697343,0.9991941982272361,560,681,1241,0.0,-0.0008333472224535399,0.9996776792908971,-8.058017727639034e-05
88188,26.50960849347489,0.9991941982272361,560,681,1241,0.0,-0.0008333472224535399,0.9995970991136207,-8.058017727639034e-05
88189,26.508775146252436,0.9991941982272361,560,681,1241,0.0,-0.0008333472224535399,0.9995165189363444,-8.058017727639034e-05
88190,26.507941799029982,0.9991941982272361,560,681,1241,0.0,-0.0008333472224535399,0.9994359387590681,-8.058017727639034e-05
88191,26.50710845180753,0.9991941982272361,560,681,1241,0.0,-0.0008333472224535399,0.9993553585817917,-8.058017727639034e-05
88192,26.506275104585075,0.9991941982272361,560,681,1241,0.0,-0.0008333472224535399,0.9992747784045154,-8.058017727639034e-05
88193,26.50544175736262,0.9991941982272361,560,681,1241,0.0,-0.0008333472224535399,0.999194198227239,-8.058017727639034e-05
88194,26.504608410140168,0.9991941982272361,560,681,1241,0.0,-0.0008333472224535399,0.999194198227239,0.0
88195,26.503775062917715,0.9991941982272361,560,681,1241,0.0,-0.0008333472224535399,0.999194198227239,0.0
88196,26.50294171569526,0.9991941982272361,560,681,1241,0.0,-0.0008333472224535399,0.999194198227239,0.0
88197,26.502108368472808,0.9975825946817083,560,681,1241,-0.0016116035455278066,-0.0008333472224535399,0.9990330378726862,-0.00016116035455278067
88198,26.501275021250354,0.9983883964544722,560,681,1241,0.0008058017727639033,-0.0008333472224535399,0.9989524576954096,-8.058017727639034e-05
88199,26.5004416740279,0.9983883964544722,560,681,1241,0.0,-0.0008333472224535399,0.9988718775181333,-8.058017727639034e-05
88200,26.499608326805447,0.9983883964544722,560,681,1241,0.0,-0.0008333472224535399,0.9987912973408569,-8.058017727639034e-05
88201,26.498774979582993,0.9983883964544722,560,681,1241,0.0,-0.0008333472224535399,0.9987107171635806,-8.058017727639034e-05
88202,26.49794163236054,0.9983883964544722,560,681,1241,0.0,-0.0008333472224535399,0.9986301369863042,-8.058017727639034e-05
88203,26.497108285138086,0.9983883964544722,560,681,1241,0.0,-0.0008333472224535399,0.9985495568090279,-8.058017727639034e-05
88204,26.49627493791563,0.9975825946817083,560,681,1241,-0.0008058017727639033,-0.0008333472224570926,0.9983883964544751,-0.00016116035455278067
88205,26.495441590693176,0.9983883964544722,560,681,1241,0.0008058017727639033,-0.0008333472224535399,0.9983078162771986,-8.058017727639034e-05
88206,26.494608243470722,0.9983883964544722,560,681,1241,0.0,-0.0008333472224535399,0.9982272360999221,-8.058017727639034e-05
88207,26.49377489624827,0.9983883964544722,560,681,1241,0.0,-0.0008333472224535399,0.9983078162771987,8.058017727639034e-05
88208,26.492941549025815,0.9975825946817083,560,681,1241,-0.0008058017727639033,-0.0008333472224535399,0.9982272360999221,-8.058017727639034e-05
88209,26.49210820180336,0.9975825946817083,560,681,1241,0.0,-0.0008333472224535399,0.9981466559226458,-8.058017727639034e-05
88210,26.491274854580908,0.9975825946817083,560,681,1241,0.0,-0.0008333472224535399,0.9980660757453694,-8.058017727639034e-05
88211,26.490441507358454,0.9975825946817083,560,681,1241,0.0,-0.0008333472224535399,0.9979854955680931,-8.058017727639034e-05
88212,26.489608160136,0.9983883964544722,560,681,1241,0.0008058017727639033,-0.0008333472224535399,0.9979854955680931,0.0
88213,26.488774812913547,0.9983883964544722,560,681,1241,0.0,-0.0008333472224535399,0.9979854955680931,0.0
88214,26.487941465691094,0.9983883964544722,560,681,1241,0.0,-0.0008333472224535399,0.9980660757453697,8.058017727639034e-05
88215,26.48710811846864,0.9983883964544722,560,681,1241,0.0,-0.0008333472224535399,0.9980660757453694,0.0
88216,26.486274771246187,0.9991941982272361,560,681,1241,0.0008058017727639033,-0.0008333472224535399,0.9981466559226458,8.058017727639034e-05
88217,26.485441424023733,1.0,560,681,1241,0.0008058017727639033,-0.0008333472224535399,0.9983078162771986,0.00016116035455278067
88218,26.48460807680128,1.0,560,681,1241,0.0,-0.0008333472224535399,0.9985495568090277,0.00024174053182917098
88219,26.483774729578826,0.9991941982272361,560,681,1241,-0.0008058017727639033,-0.0008333472224535399,0.9987107171635806,0.00016116035455278067
88220,26.482941382356373,0.9991941982272361,560,681,1241,0.0,-0.0008333472224535399,0.9988718775181334,0.00016116035455278067
88221,26.48210803513392,0.9991941982272361,560,681,1241,0.0,-0.0008333472224535399,0.9990330378726864,0.00016116035455278067
88222,26.481274687911466,1.0,560,681,1241,0.0008058017727639033,-0.0008333472224535399,0.999194198227239,0.00016116035455278067
88223,26.480441340689012,1.0,560,681,1241,0.0,-0.0008333472224535399,0.9993553585817917,0.00016116035455278067
88224,26.47960799346656,1.0,560,681,1241,0.0,-0.0008333472224535399,0.9995165189363444,0.00016116035455278067
88225,26.4787746462441,1.0,560,681,1241,0.0,-0.0008333472224570926,0.9996776792908971,0.00016116035455278067
88226,26.477941299021648,1.0,560,681,1241,0.0,-0.0008333472224535399,0.9997582594681734,8.058017727639034e-05
88227,26.477107951799194,0.9991941982272361,560,681,1241,-0.0008058017727639033,-0.0008333472224535399,0.9996776792908971,-8.058017727639034e-05
88228,26.47627460457674,0.9991941982272361,560,681,1241,0.0,-0.0008333472224535399,0.9995970991136207,-8.058017727639034e-05
88229,26.475441257354287,0.9991941982272361,560,681,1241,0.0,-0.0008333472224535399,0.9995970991136207,0.0
88230,26.474607910131834,0.9991941982272361,560,681,1241,0.0,-0.0008333472224535399,0.9995970991136207,0.0
88231,26.47377456290938,1.0,560,681,1241,0.0008058017727639033,-0.0008333472224535399,0.9996776792908971,8.058017727639034e-05
88232,26.472941215686927,1.0,560,681,1241,0.0,-0.0008333472224535399,0.9996776792908971,0.0
88233,26.472107868464473,0.9991941982272361,560,681,1241,-0.0008058017727639033,-0.0008333472224535399,0.9995970991136207,-8.058017727639034e-05
88234,26.47127452124202,0.9991941982272361,560,681,1241,0.0,-0.0008333472224535399,0.9995165189363444,-8.058017727639034e-05
88235,26.470441174019566,0.9991941982272361,560,681,1241,0.0,-0.0008333472224535399,0.9994359387590681,-8.058017727639034e-05
88236,26.469607826797112,1.0,560,681,1241,0.0008058017727639033,-0.0008333472224535399,0.9994359387590681,0.0
88237,26.46877447957466,1.0,560,681,1241,0.0,-0.0008333472224535399,0.9995165189363444,8.058017727639034e-05
88238,26.467941132352205,1.0,560,681,1241,0.0,-0.0008333472224535399,0.9995970991136207,8.058017727639034e-05
88239,26.467107785129752,1.0,560,681,1241,0.0,-0.0008333472224535399,0.9996776792908971,8.058017727639034e-05
88240,26.4662744379073,1.0,560,681,1241,0.0,-0.0008333472224535399,0.9997582594681734,8.058017727639034e-05
88241,26.465441090684845,1.0,560,681,1241,0.0,-0.0008333472224535399,0.9997582594681734,0.0
88242,26.46460774346239,1.0,560,681,1241,0.0,-0.0008333472224535399,0.9997582594681734,0.0
88243,26.463774396239938,1.0,560,681,1241,0.0,-0.0008333472224535399,0.9998388396454498,8.058017727639034e-05
88244,26.462941049017484,1.0,560,681,1241,0.0,-0.0008333472224535399,0.9999194198227261,8.058017727639034e-05
88245,26.46210770179503,1.0,560,681,1241,0.0,-0.0008333472224535399,1.0000000000000024,8.058017727639034e-05
88246,26.461274354572573,1.0,560,681,1241,0.0,-0.0008333472224570926,1.0000000000000024,0.0
88247,26.46044100735012,1.0,560,681,1241,0.0,-0.0008333472224535399,1.0000000000000024,0.0
88248,26.459607660127666,0.9991941982272361,560,681,1241,-0.0008058017727639033,-0.0008333472224535399,0.9999194198227261,-8.058017727639034e-05
88249,26.458774312905213,0.9991941982272361,560,681,1241,0.0,-0.0008333472224535399,0.9998388396454498,-8.058017727639034e-05
88250,26.45794096568276,0.9991941982272361,560,681,1241,0.0,-0.0008333472224535399,0.9997582594681734,-8.058017727639034e-05
88251,26.457107618460306,0.9991941982272361,560,681,1241,0.0,-0.0008333472224535399,0.9996776792908971,-8.058017727639034e-05
88252,26.456274271237852,0.9983883964544722,560,681,1241,-0.0008058017727639033,-0.0008333472224535399,0.9995165189363444,-0.00016116035455278067
88253,26.4554409240154,0.9975825946817083,560,681,1241,-0.0008058017727639033,-0.0008333472224535399,0.9992747784045152,-0.00024174053182917098
88254,26.454607576792945,0.9991941982272361,560,681,1241,0.0016116035455278066,-0.0008333472224535399,0.9991941982272389,-8.058017727639034e-05
88255,26.45377422957049,0.9991941982272361,560,681,1241,0.0,-0.0008333472224535399,0.9991136180499625,-8.058017727639034e-05
88256,26.452940882348038,0.9991941982272361,560,681,1241,0.0,-0.0008333472224535399,0.9990330378726862,-8.058017727639034e-05
88257,26.452107535125585,1.0,560,681,1241,0.0008058017727639033,-0.0008333472224535399,0.9990330378726862,0.0
88258,26.45127418790313,1.0,560,681,1241,0.0,-0.0008333472224535399,0.9991136180499625,8.058017727639034e-05
88259,26.450440840680677,1.0,560,681,1241,0.0,-0.0008333472224535399,0.9991941982272389,8.058017727639034e-05
88260,26.449607493458224,1.0,560,681,1241,0.0,-0.0008333472224535399,0.9992747784045152,8.058017727639034e-05
88261,26.44877414623577,1.0,560,681,1241,0.0,-0.0008333472224535399,0.9993553585817916,8.058017727639034e-05
88262,26.447940799013317,1.0,560,681,1241,0.0,-0.0008333472224535399,0.9995165189363444,0.00016116035455278067
88263,26.447107451790863,1.0,560,681,1241,0.0,-0.0008333472224535399,0.9997582594681736,0.00024174053182917098
88264,26.44627410456841,1.0,560,681,1241,0.0,-0.0008333472224535399,0.99983883964545,8.058017727639034e-05
88265,26.445440757345956,1.0,560,681,1241,0.0,-0.0008333472224535399,0.9999194198227264,8.058017727639034e-05
88266,26.444607410123503,1.0,560,681,1241,0.0,-0.0008333472224535399,1.0000000000000027,8.058017727639034e-05
88267,26.443774062901046,1.0,560,681,1241,0.0,-0.0008333472224570926,1.0000000000000027,0.0
88268,26.442940715678592,1.0,560,681,1241,0.0,-0.0008333472224535399,1.0000000000000027,0.0
88269,26.44210736845614,1.0,560,681,1241,0.0,-0.0008333472224535399,1.0000000000000027,0.0
88270,26.441274021233685,1.0,560,681,1241,0.0,-0.0008333472224535399,1.0000000000000027,0.0
88271,26.44044067401123,1.0,560,681,1241,0.0,-0.0008333472224535399,1.0000000000000027,0.0
88272,26.439607326788778,0.9991941982272361,560,681,1241,-0.0008058017727639033,-0.0008333472224535399,0.9999194198227264,-8.058017727639034e-05
88273,26.438773979566324,0.9991941982272361,560,681,1241,0.0,-0.0008333472224535399,0.99983883964545,-8.058017727639034e-05
88274,26.43794063234387,0.9991941982272361,560,681,1241,0.0,-0.0008333472224535399,0.9997582594681736,-8.058017727639034e-05
88275,26.437107285121417,0.9991941982272361,560,681,1241,0.0,-0.0008333472224535399,0.9996776792908972,-8.058017727639034e-05
88276,26.436273937898964,0.9991941982272361,560,681,1241,0.0,-0.0008333472224535399,0.9995970991136209,-8.058017727639034e-05
88277,26.43544059067651,0.9983883964544722,560,681,1241,-0.0008058017727639033,-0.0008333472224535399,0.9994359387590681,-0.00016116035455278067
88278,26.434607243454057,0.9975825946817083,560,681,1241,-0.0008058017727639033,-0.0008333472224535399,0.9991941982272389,-0.00024174053182917098
88279,26.433773896231603,0.9983883964544722,560,681,1241,0.0008058017727639033,-0.0008333472224535399,0.9990330378726859,-0.00016116035455278067
88280,26.43294054900915,0.9991941982272361,560,681,1241,0.0008058017727639033,-0.0008333472224535399,0.9989524576954096,-8.058017727639034e-05
88281,26.432107201786696,0.9991941982272361,560,681,1241,0.0,-0.0008333472224535399,0.9988718775181333,-8.058017727639034e-05
88282,26.431273854564242,0.9991941982272361,560,681,1241,0.0,-0.0008333472224535399,0.9988718775181333,0.0
88283,26.43044050734179,1.0,560,681,1241,0.0008058017727639033,-0.0008333472224535399,0.9989524576954096,8.058017727639034e-05
88284,26.429607160119335,1.0,560,681,1241,0.0,-0.0008333472224535399,0.9990330378726859,8.058017727639034e-05
88285,26.428773812896882,1.0,560,681,1241,0.0,-0.0008333472224535399,0.9991136180499623,8.058017727639034e-05
88286,26.42794046567443,1.0,560,681,1241,0.0,-0.0008333472224535399,0.9991941982272387,8.058017727639034e-05
88287,26.427107118451975,1.0,560,681,1241,0.0,-0.0008333472224535399,0.9993553585817914,0.00016116035455278067
88288,26.42627377122952,0.9991941982272361,560,681,1241,-0.0008058017727639033,-0.0008333472224535399,0.9995165189363442,0.00016116035455278067
88289,26.425440424007064,0.9991941982272361,560,681,1241,0.0,-0.0008333472224570926,0.9995970991136207,8.058017727639034e-05
88290,26.42460707678461,0.9991941982272361,560,681,1241,0.0,-0.0008333472224535399,0.9995970991136207,0.0
88291,26.423773729562157,0.9991941982272361,560,681,1241,0.0,-0.0008333472224535399,0.9995970991136207,0.0
88292,26.422940382339704,1.0,560,681,1241,0.0008058017727639033,-0.0008333472224535399,0.9996776792908971,8.058017727639034e-05
88293,26.42210703511725,1.0,560,681,1241,0.0,-0.0008333472224535399,0.9996776792908971,0.0
88294,26.421273687894796,1.0,560,681,1241,0.0,-0.0008333472224535399,0.9996776792908971,0.0
88295,26.420440340672343,1.0,560,681,1241,0.0,-0.0008333472224535399,0.9996776792908971,0.0
88296,26.41960699344989,1.0,560,681,1241,0.0,-0.0008333472224535399,0.9996776792908971,0.0
88297,26.418773646227436,1.0,560,681,1241,0.0,-0.0008333472224535399,0.9996776792908971,0.0
88298,26.417940299004982,1.0,560,681,1241,0.0,-0.0008333472224535399,0.9997582594681734,8.058017727639034e-05
88299,26.41710695178253,1.0,560,681,1241,0.0,-0.0008333472224535399,0.9998388396454498,8.058017727639034e-05
88300,26.416273604560075,1.0,560,681,1241,0.0,-0.0008333472224535399,0.9999194198227261,8.058017727639034e-05
88301,26.41544025733762,1.0,560,681,1241,0.0,-0.0008333472224535399,1.0000000000000024,8.058017727639034e-05
88302,26.414606910115168,1.0,560,681,1241,0.0,-0.0008333472224535399,1.0000000000000024,0.0
88303,26.413773562892715,0.9991941982272361,560,681,1241,-0.0008058017727639033,-0.0008333472224535399,0.9999194198227261,-8.058017727639034e-05
88304,26.41294021567026,1.0,560,681,1241,0.0008058017727639033,-0.0008333472224535399,0.9999194198227261,0.0
88305,26.412106868447808,1.0,560,681,1241,0.0,-0.0008333472224535399,0.9999194198227261,0.0
88306,26.411273521225354,1.0,560,681,1241,0.0,-0.0008333472224535399,0.9999194198227261,0.0
88307,26.4104401740029,1.0,560,681,1241,0.0,-0.0008333472224535399,0.9999194198227261,0.0
88308,26.409606826780447,1.0,560,681,1241,0.0,-0.0008333472224535399,0.9999194198227261,0.0
88309,26.408773479557993,1.0,560,681,1241,0.0,-0.0008333472224535399,0.9999194198227261,0.0
88310,26.407940132335536,0.9991941982272361,560,681,1241,-0.0008058017727639033,-0.0008333472224570926,0.9998388396454498,-8.058017727639034e-05
88311,26.407106785113083,0.9991941982272361,560,681,1241,0.0,-0.0008333472224535399,0.9997582594681734,-8.058017727639034e-05
88312,26.40627343789063,0.9991941982272361,560,681,1241,0.0,-0.0008333472224535399,0.9996776792908971,-8.058017727639034e-05
88313,26.405440090668176,0.9983883964544722,560,681,1241,-0.0008058017727639033,-0.0008333472224535399,0.9995970991136207,-8.058017727639034e-05
88314,26.404606743445722,0.9983883964544722,560,681,1241,0.0,-0.0008333472224535399,0.9994359387590681,-0.00016116035455278067
88315,26.40377339622327,0.9983883964544722,560,681,1241,0.0,-0.0008333472224535399,0.9992747784045154,-0.00016116035455278067
88316,26.402940049000815,0.9983883964544722,560,681,1241,0.0,-0.0008333472224535399,0.9991136180499627,-0.00016116035455278067
88317,26.40210670177836,0.9983883964544722,560,681,1241,0.0,-0.0008333472224535399,0.99895245769541,-0.00016116035455278067
88318,26.401273354555908,0.9983883964544722,560,681,1241,0.0,-0.0008333472224535399,0.9987912973408573,-0.00016116035455278067
88319,26.400440007333454,0.9983883964544722,560,681,1241,0.0,-0.0008333472224535399,0.9986301369863047,-0.00016116035455278067
88320,26.399606660111,0.9983883964544722,560,681,1241,0.0,-0.0008333472224535399,0.9985495568090282,-8.058017727639034e-05
88321,26.398773312888547,0.9991941982272361,560,681,1241,0.0008058017727639033,-0.0008333472224535399,0.9985495568090282,0.0
88322,26.397939965666094,0.9991941982272361,560,681,1241,0.0,-0.0008333472224535399,0.9985495568090282,0.0
88323,26.39710661844364,1.0,560,681,1241,0.0008058017727639033,-0.0008333472224535399,0.998710717163581,0.00016116035455278067
88324,26.396273271221187,1.0,560,681,1241,0.0,-0.0008333472224535399,0.9988718775181337,0.00016116035455278067
88325,26.395439923998733,1.0,560,681,1241,0.0,-0.0008333472224535399,0.9990330378726864,0.00016116035455278067
88326,26.39460657677628,1.0,560,681,1241,0.0,-0.0008333472224535399,0.999194198227239,0.00016116035455278067
88327,26.393773229553826,1.0,560,681,1241,0.0,-0.0008333472224535399,0.9993553585817917,0.00016116035455278067
88328,26.392939882331373,1.0,560,681,1241,0.0,-0.0008333472224535399,0.9995165189363444,0.00016116035455278067
88329,26.39210653510892,1.0,560,681,1241,0.0,-0.0008333472224535399,0.9996776792908971,0.00016116035455278067
88330,26.391273187886465,1.0,560,681,1241,0.0,-0.0008333472224535399,0.9998388396454498,0.00016116035455278067
88331,26.39043984066401,0.9991941982272361,560,681,1241,-0.0008058017727639033,-0.0008333472224570926,0.9998388396454498,0.0
88332,26.389606493441555,0.9991941982272361,560,681,1241,0.0,-0.0008333472224535399,0.9998388396454498,0.0
88333,26.3887731462191,0.9991941982272361,560,681,1241,0.0,-0.0008333472224535399,0.9997582594681734,-8.058017727639034e-05
88334,26.387939798996648,0.9983883964544722,560,681,1241,-0.0008058017727639033,-0.0008333472224535399,0.9995970991136207,-0.00016116035455278067
88335,26.387106451774194,0.9983883964544722,560,681,1241,0.0,-0.0008333472224535399,0.9994359387590681,-0.00016116035455278067
88336,26.38627310455174,0.9983883964544722,560,681,1241,0.0,-0.0008333472224535399,0.9992747784045154,-0.00016116035455278067
88337,26.385439757329287,0.9983883964544722,560,681,1241,0.0,-0.0008333472224535399,0.9991136180499627,-0.00016116035455278067
88338,26.384606410106834,0.9983883964544722,560,681,1241,0.0,-0.0008333472224535399,0.99895245769541,-0.00016116035455278067
88339,26.38377306288438,0.9991941982272361,560,681,1241,0.0008058017727639033,-0.0008333472224535399,0.9988718775181337,-8.058017727639034e-05
88340,26.382939715661927,0.9991941982272361,560,681,1241,0.0,-0.0008333472224535399,0.9987912973408573,-8.058017727639034e-05
88341,26.382106368439473,0.9991941982272361,560,681,1241,0.0,-0.0008333472224535399,0.9987912973408573,0.0
88342,26.38127302121702,0.9991941982272361,560,681,1241,0.0,-0.0008333472224535399,0.9987912973408573,0.0
88343,26.380439673994566,0.9991941982272361,560,681,1241,0.0,-0.0008333472224535399,0.9987912973408573,0.0
88344,26.379606326772112,0.9991941982272361,560,681,1241,0.0,-0.0008333472224535399,0.9988718775181337,8.058017727639034e-05
88345,26.37877297954966,0.9991941982272361,560,681,1241,0.0,-0.0008333472224535399,0.99895245769541,8.058017727639034e-05
88346,26.377939632327205,0.9991941982272361,560,681,1241,0.0,-0.0008333472224535399,0.9990330378726864,8.058017727639034e-05
88347,26.37710628510475,0.9991941982272361,560,681,1241,0.0,-0.0008333472224535399,0.9991136180499627,8.058017727639034e-05
88348,26.376272937882298,0.9983883964544722,560,681,1241,-0.0008058017727639033,-0.0008333472224535399,0.9991136180499627,0.0
88349,26.375439590659845,0.9983883964544722,560,681,1241,0.0,-0.0008333472224535399,0.9990330378726864,-8.058017727639034e-05
88350,26.37460624343739,0.9975825946817083,560,681,1241,-0.0008058017727639033,-0.0008333472224535399,0.9988718775181334,-0.00016116035455278067
88351,26.373772896214938,0.9975825946817083,560,681,1241,0.0,-0.0008333472224535399,0.9987107171635806,-0.00016116035455278067
88352,26.37293954899248,0.9975825946817083,560,681,1241,0.0,-0.0008333472224570926,0.9985495568090277,-0.00016116035455278067
88353,26.372106201770027,0.9975825946817083,560,681,1241,0.0,-0.0008333472224535399,0.9983883964544749,-0.00016116035455278067
88354,26.371272854547573,0.9975825946817083,560,681,1241,0.0,-0.0008333472224535399,0.998227236099922,-0.00016116035455278067
88355,26.37043950732512,0.9983883964544722,560,681,1241,0.0008058017727639033,-0.0008333472224535399,0.9981466559226455,-8.058017727639034e-05
88356,26.369606160102666,0.9991941982272361,560,681,1241,0.0008058017727639033,-0.0008333472224535399,0.9981466559226455,0.0
88357,26.368772812880213,0.9991941982272361,560,681,1241,0.0,-0.0008333472224535399,0.9981466559226455,0.0
88358,26.36793946565776,0.9991941982272361,560,681,1241,0.0,-0.0008333472224535399,0.9982272360999218,8.058017727639034e-05
88359,26.367106118435306,0.9991941982272361,560,681,1241,0.0,-0.0008333472224535399,0.9983078162771981,8.058017727639034e-05
88360,26.366272771212852,0.9991941982272361,560,681,1241,0.0,-0.0008333472224535399,0.998468976631751,0.00016116035455278067
88361,26.3654394239904,0.9991941982272361,560,681,1241,0.0,-0.0008333472224535399,0.9986301369863039,0.00016116035455278067
88362,26.364606076767945,0.9991941982272361,560,681,1241,0.0,-0.0008333472224535399,0.9987912973408568,0.00016116035455278067
88363,26.36377272954549,0.9991941982272361,560,681,1241,0.0,-0.0008333472224535399,0.9989524576954096,0.00016116035455278067
88364,26.362939382323038,0.9991941982272361,560,681,1241,0.0,-0.0008333472224535399,0.9991136180499625,0.00016116035455278067
88365,26.362106035100584,0.9991941982272361,560,681,1241,0.0,-0.0008333472224535399,0.999194198227239,8.058017727639034e-05
88366,26.36127268787813,0.9975825946817083,560,681,1241,-0.0016116035455278066,-0.0008333472224535399,0.9990330378726862,-0.00016116035455278067
88367,26.360439340655677,0.9975825946817083,560,681,1241,0.0,-0.0008333472224535399,0.9988718775181333,-0.00016116035455278067
88368,26.359605993433224,0.9975825946817083,560,681,1241,0.0,-0.0008333472224535399,0.9987107171635804,-0.00016116035455278067
88369,26.35877264621077,0.9983883964544722,560,681,1241,0.0008058017727639033,-0.0008333472224535399,0.9986301369863039,-8.058017727639034e-05
88370,26.357939298988317,0.9983883964544722,560,681,1241,0.0,-0.0008333472224535399,0.9985495568090276,-8.058017727639034e-05
88371,26.357105951765863,0.9983883964544722,560,681,1241,0.0,-0.0008333472224535399,0.9984689766317512,-8.058017727639034e-05
88372,26.35627260454341,0.9983883964544722,560,681,1241,0.0,-0.0008333472224535399,0.9983883964544749,-8.058017727639034e-05
88373,26.355439257320953,0.9991941982272361,560,681,1241,0.0008058017727639033,-0.0008333472224570926,0.9983883964544749,0.0
88374,26.3546059100985,0.9991941982272361,560,681,1241,0.0,-0.0008333472224535399,0.9983883964544749,0.0
88375,26.353772562876046,0.9991941982272361,560,681,1241,0.0,-0.0008333472224535399,0.9983883964544749,0.0
88376,26.352939215653592,0.9991941982272361,560,681,1241,0.0,-0.0008333472224535399,0.9985495568090277,0.00016116035455278067
88377,26.35210586843114,0.9991941982272361,560,681,1241,0.0,-0.0008333472224535399,0.9987107171635806,0.00016116035455278067
88378,26.351272521208685,0.9991941982272361,560,681,1241,0.0,-0.0008333472224535399,0.9988718775181334,0.00016116035455278067
88379,26.35043917398623,1.0,560,681,1241,0.0008058017727639033,-0.0008333472224535399,0.9990330378726864,0.00016116035455278067
88380,26.349605826763778,1.0,560,681,1241,0.0,-0.0008333472224535399,0.999194198227239,0.00016116035455278067
88381,26.348772479541324,1.0,560,681,1241,0.0,-0.0008333472224535399,0.9993553585817917,0.00016116035455278067
88382,26.34793913231887,1.0,560,681,1241,0.0,-0.0008333472224535399,0.9995165189363444,0.00016116035455278067
88383,26.347105785096417,1.0,560,681,1241,0.0,-0.0008333472224535399,0.9995970991136207,8.058017727639034e-05
88384,26.346272437873964,1.0,560,681,1241,0.0,-0.0008333472224535399,0.9996776792908971,8.058017727639034e-05
88385,26.34543909065151,1.0,560,681,1241,0.0,-0.0008333472224535399,0.9997582594681734,8.058017727639034e-05
88386,26.344605743429057,0.9991941982272361,560,681,1241,-0.0008058017727639033,-0.0008333472224535399,0.9997582594681734,0.0
88387,26.343772396206603,0.9991941982272361,560,681,1241,0.0,-0.0008333472224535399,0.9997582594681734,0.0
88388,26.34293904898415,0.9991941982272361,560,681,1241,0.0,-0.0008333472224535399,0.9997582594681734,0.0
88389,26.342105701761696,0.9991941982272361,560,681,1241,0.0,-0.0008333472224535399,0.9996776792908971,-8.058017727639034e-05
88390,26.341272354539242,0.9991941982272361,560,681,1241,0.0,-0.0008333472224535399,0.9995970991136207,-8.058017727639034e-05
88391,26.34043900731679,0.9991941982272361,560,681,1241,0.0,-0.0008333472224535399,0.9995165189363444,-8.058017727639034e-05
88392,26.339605660094335,0.9991941982272361,560,681,1241,0.0,-0.0008333472224535399,0.9994359387590681,-8.058017727639034e-05
88393,26.338772312871882,0.9991941982272361,560,681,1241,0.0,-0.0008333472224535399,0.9993553585817917,-8.058017727639034e-05
88394,26.337938965649425,0.9991941982272361,560,681,1241,0.0,-0.0008333472224570926,0.9992747784045154,-8.058017727639034e-05
88395,26.33710561842697,0.9991941982272361,560,681,1241,0.0,-0.0008333472224535399,0.999194198227239,-8.058017727639034e-05
88396,26.336272271204518,0.9991941982272361,560,681,1241,0.0,-0.0008333472224535399,0.999194198227239,0.0
88397,26.335438923982064,0.9991941982272361,560,681,1241,0.0,-0.0008333472224535399,0.999194198227239,0.0
88398,26.33460557675961,0.9991941982272361,560,681,1241,0.0,-0.0008333472224535399,0.999194198227239,0.0
88399,26.333772229537157,0.9991941982272361,560,681,1241,0.0,-0.0008333472224535399,0.999194198227239,0.0
88400,26.332938882314703,1.0,560,681,1241,0.0008058017727639033,-0.0008333472224535399,0.9992747784045154,8.058017727639034e-05
88401,26.33210553509225,0.9991941982272361,560,681,1241,-0.0008058017727639033,-0.0008333472224535399,0.9992747784045154,0.0
88402,26.331272187869796,0.9983883964544722,560,681,1241,-0.0008058017727639033,-0.0008333472224535399,0.999194198227239,-8.058017727639034e-05
88403,26.330438840647343,0.9983883964544722,560,681,1241,0.0,-0.0008333472224535399,0.9991136180499627,-8.058017727639034e-05
88404,26.32960549342489,0.9983883964544722,560,681,1241,0.0,-0.0008333472224535399,0.9990330378726864,-8.058017727639034e-05
88405,26.328772146202436,0.9991941982272361,560,681,1241,0.0008058017727639033,-0.0008333472224535399,0.9990330378726864,0.0
88406,26.327938798979982,0.9991941982272361,560,681,1241,0.0,-0.0008333472224535399,0.9990330378726864,0.0
88407,26.32710545175753,0.9991941982272361,560,681,1241,0.0,-0.0008333472224535399,0.9990330378726864,0.0
88408,26.326272104535075,0.9991941982272361,560,681,1241,0.0,-0.0008333472224535399,0.9990330378726864,0.0
88409,26.32543875731262,0.9991941982272361,560,681,1241,0.0,-0.0008333472224535399,0.9990330378726864,0.0
88410,26.324605410090168,1.0,560,681,1241,0.0008058017727639033,-0.0008333472224535399,0.9990330378726864,0.0
88411,26.323772062867715,1.0,560,681,1241,0.0,-0.0008333472224535399,0.9991136180499627,8.058017727639034e-05
88412,26.32293871564526,1.0,560,681,1241,0.0,-0.0008333472224535399,0.9992747784045154,0.00016116035455278067
88413,26.322105368422807,1.0,560,681,1241,0.0,-0.0008333472224535399,0.9994359387590681,0.00016116035455278067
88414,26.321272021200354,1.0,560,681,1241,0.0,-0.0008333472224535399,0.9995970991136207,0.00016116035455278067
88415,26.3204386739779,1.0,560,681,1241,0.0,-0.0008333472224535399,0.9996776792908971,8.058017727639034e-05
88416,26.319605326755443,1.0,560,681,1241,0.0,-0.0008333472224570926,0.9997582594681734,8.058017727639034e-05
88417,26.31877197953299,0.9991941982272361,560,681,1241,-0.0008058017727639033,-0.0008333472224535399,0.9997582594681734,0.0
88418,26.317938632310536,0.9991941982272361,560,681,1241,0.0,-0.0008333472224535399,0.9997582594681734,0.0
88419,26.317105285088083,0.9991941982272361,560,681,1241,0.0,-0.0008333472224535399,0.9997582594681734,0.0
88420,26.31627193786563,0.9991941982272361,560,681,1241,0.0,-0.0008333472224535399,0.9996776792908971,-8.058017727639034e-05
88421,26.315438590643176,0.9991941982272361,560,681,1241,0.0,-0.0008333472224535399,0.9995970991136207,-8.058017727639034e-05
88422,26.314605243420722,0.9991941982272361,560,681,1241,0.0,-0.0008333472224535399,0.9995165189363444,-8.058017727639034e-05
88423,26.31377189619827,0.9991941982272361,560,681,1241,0.0,-0.0008333472224535399,0.9994359387590681,-8.058017727639034e-05
88424,26.312938548975815,0.9991941982272361,560,681,1241,0.0,-0.0008333472224535399,0.9993553585817917,-8.058017727639034e-05
88425,26.31210520175336,0.9991941982272361,560,681,1241,0.0,-0.0008333472224535399,0.9992747784045154,-8.058017727639034e-05
88426,26.311271854530908,0.9991941982272361,560,681,1241,0.0,-0.0008333472224535399,0.999194198227239,-8.058017727639034e-05
88427,26.310438507308454,0.9991941982272361,560,681,1241,0.0,-0.0008333472224535399,0.999194198227239,0.0
88428,26.309605160086,0.9991941982272361,560,681,1241,0.0,-0.0008333472224535399,0.999194198227239,0.0
88429,26.308771812863547,0.9991941982272361,560,681,1241,0.0,-0.0008333472224535399,0.999194198227239,0.0
88430,26.307938465641094,0.9991941982272361,560,681,1241,0.0,-0.0008333472224535399,0.999194198227239,0.0
88431,26.30710511841864,0.9991941982272361,560,681,1241,0.0,-0.0008333472224535399,0.999194198227239,0.0
88432,26.306271771196187,0.9983883964544722,560,681,1241,-0.0008058017727639033,-0.0008333472224535399,0.9991136180499627,-8.058017727639034e-05
88433,26.305438423973733,0.9983883964544722,560,681,1241,0.0,-0.0008333472224535399,0.9990330378726864,-8.058017727639034e-05
88434,26.30460507675128,0.9975825946817083,560,681,1241,-0.0008058017727639033,-0.0008333472224535399,0.9988718775181334,-0.00016116035455278067
88435,26.303771729528826,0.9975825946817083,560,681,1241,0.0,-0.0008333472224535399,0.9987107171635806,-0.00016116035455278067
88436,26.302938382306372,0.9975825946817083,560,681,1241,0.0,-0.0008333472224535399,0.9985495568090277,-0.00016116035455278067
88437,26.302105035083915,0.9975825946817083,560,681,1241,0.0,-0.0008333472224570926,0.9983883964544749,-0.00016116035455278067
88438,26.301271687861462,0.9975825946817083,560,681,1241,0.0,-0.0008333472224535399,0.998227236099922,-0.00016116035455278067
88439,26.30043834063901,0.9975825946817083,560,681,1241,0.0,-0.0008333472224535399,0.9980660757453691,-0.00016116035455278067
88440,26.299604993416555,0.9975825946817083,560,681,1241,0.0,-0.0008333472224535399,0.9979049153908163,-0.00016116035455278067
88441,26.2987716461941,0.9975825946817083,560,681,1241,0.0,-0.0008333472224535399,0.9977437550362633,-0.00016116035455278067
88442,26.297938298971648,0.9975825946817083,560,681,1241,0.0,-0.0008333472224535399,0.997663174858987,-8.058017727639034e-05
88443,26.297104951749194,0.9967767929089444,560,681,1241,-0.0008058017727639033,-0.0008333472224535399,0.9975020145044343,-0.00016116035455278067
88444,26.29627160452674,0.9967767929089444,560,681,1241,0.0,-0.0008333472224535399,0.997421434327158,-8.058017727639034e-05
88445,26.295438257304287,0.9975825946817083,560,681,1241,0.0008058017727639033,-0.0008333472224535399,0.997421434327158,0.0
88446,26.294604910081834,0.9975825946817083,560,681,1241,0.0,-0.0008333472224535399,0.997421434327158,0.0
88447,26.29377156285938,0.9983883964544722,560,681,1241,0.0008058017727639033,-0.0008333472224535399,0.9975020145044345,8.058017727639034e-05
88448,26.292938215636926,0.9983883964544722,560,681,1241,0.0,-0.0008333472224535399,0.9975825946817108,8.058017727639034e-05
88449,26.292104868414473,0.9975825946817083,560,681,1241,-0.0008058017727639033,-0.0008333472224535399,0.9975825946817108,0.0
88450,26.29127152119202,0.9975825946817083,560,681,1241,0.0,-0.0008333472224535399,0.9975825946817108,0.0
88451,26.290438173969566,0.9975825946817083,560,681,1241,0.0,-0.0008333472224535399,0.9975825946817108,0.0
88452,26.289604826747112,0.9983883964544722,560,681,1241,0.0008058017727639033,-0.0008333472224535399,0.9976631748589873,8.058017727639034e-05
88453,26.28877147952466,0.9991941982272361,560,681,1241,0.0008058017727639033,-0.0008333472224535399,0.9979049153908164,0.00024174053182917098
88454,26.287938132302205,0.9991941982272361,560,681,1241,0.0,-0.0008333472224535399,0.9981466559226456,0.00024174053182917098
88455,26.28710478507975,0.9991941982272361,560,681,1241,0.0,-0.0008333472224535399,0.9983078162771986,0.00016116035455278067
88456,26.286271437857298,0.9991941982272361,560,681,1241,0.0,-0.0008333472224535399,0.9984689766317514,0.00016116035455278067
88457,26.285438090634845,0.9991941982272361,560,681,1241,0.0,-0.0008333472224535399,0.9985495568090279,8.058017727639034e-05
88458,26.284604743412388,0.9991941982272361,560,681,1241,0.0,-0.0008333472224570926,0.9986301369863042,8.058017727639034e-05
88459,26.283771396189934,0.9991941982272361,560,681,1241,0.0,-0.0008333472224535399,0.9987912973408571,0.00016116035455278067
88460,26.28293804896748,0.9991941982272361,560,681,1241,0.0,-0.0008333472224535399,0.99895245769541,0.00016116035455278067
88461,26.282104701745027,0.9991941982272361,560,681,1241,0.0,-0.0008333472224535399,0.9991136180499629,0.00016116035455278067
88462,26.281271354522573,0.9991941982272361,560,681,1241,0.0,-0.0008333472224535399,0.9991941982272394,8.058017727639034e-05
88463,26.28043800730012,0.9991941982272361,560,681,1241,0.0,-0.0008333472224535399,0.9991941982272394,0.0
88464,26.279604660077666,0.9991941982272361,560,681,1241,0.0,-0.0008333472224535399,0.9991941982272394,0.0
88465,26.278771312855213,0.9983883964544722,560,681,1241,-0.0008058017727639033,-0.0008333472224535399,0.999113618049963,-8.058017727639034e-05
88466,26.27793796563276,0.9983883964544722,560,681,1241,0.0,-0.0008333472224535399,0.9990330378726867,-8.058017727639034e-05
88467,26.277104618410306,0.9983883964544722,560,681,1241,0.0,-0.0008333472224535399,0.9989524576954103,-8.058017727639034e-05
88468,26.276271271187852,0.9991941982272361,560,681,1241,0.0008058017727639033,-0.0008333472224535399,0.9989524576954103,0.0
88469,26.2754379239654,0.9991941982272361,560,681,1241,0.0,-0.0008333472224535399,0.9989524576954103,0.0
88470,26.274604576742945,0.9991941982272361,560,681,1241,0.0,-0.0008333472224535399,0.9989524576954103,0.0
88471,26.27377122952049,0.9991941982272361,560,681,1241,0.0,-0.0008333472224535399,0.9989524576954103,0.0
88472,26.272937882298038,0.9991941982272361,560,681,1241,0.0,-0.0008333472224535399,0.9989524576954103,0.0
88473,26.272104535075584,0.9991941982272361,560,681,1241,0.0,-0.0008333472224535399,0.9989524576954103,0.0
88474,26.27127118785313,0.9991941982272361,560,681,1241,0.0,-0.0008333472224535399,0.9989524576954103,0.0
88475,26.270437840630677,0.9991941982272361,560,681,1241,0.0,-0.0008333472224535399,0.9990330378726867,8.058017727639034e-05
88476,26.269604493408224,0.9991941982272361,560,681,1241,0.0,-0.0008333472224535399,0.999113618049963,8.058017727639034e-05
88477,26.26877114618577,0.9983883964544722,560,681,1241,-0.0008058017727639033,-0.0008333472224535399,0.999113618049963,0.0
88478,26.267937798963317,0.9983883964544722,560,681,1241,0.0,-0.0008333472224535399,0.9990330378726867,-8.058017727639034e-05
88479,26.26710445174086,0.9983883964544722,560,681,1241,0.0,-0.0008333472224570926,0.9989524576954103,-8.058017727639034e-05
88480,26.266271104518406,0.9991941982272361,560,681,1241,0.0008058017727639033,-0.0008333472224535399,0.9989524576954103,0.0
88481,26.265437757295953,0.9983883964544722,560,681,1241,-0.0008058017727639033,-0.0008333472224535399,0.998871877518134,-8.058017727639034e-05
88482,26.2646044100735,0.9983883964544722,560,681,1241,0.0,-0.0008333472224535399,0.9987912973408577,-8.058017727639034e-05
88483,26.263771062851045,0.9991941982272361,560,681,1241,0.0008058017727639033,-0.0008333472224535399,0.9987912973408577,0.0
88484,26.262937715628592,0.9983883964544722,560,681,1241,-0.0008058017727639033,-0.0008333472224535399,0.9987107171635813,-8.058017727639034e-05
88485,26.26210436840614,0.9975825946817083,560,681,1241,-0.0008058017727639033,-0.0008333472224535399,0.9985495568090285,-0.00016116035455278067
88486,26.261271021183685,0.9991941982272361,560,681,1241,0.0016116035455278066,-0.0008333472224535399,0.9985495568090285,0.0
88487,26.26043767396123,0.9991941982272361,560,681,1241,0.0,-0.0008333472224535399,0.998630136986305,8.058017727639034e-05
88488,26.259604326738778,0.9991941982272361,560,681,1241,0.0,-0.0008333472224535399,0.9987107171635813,8.058017727639034e-05
88489,26.258770979516324,0.9991941982272361,560,681,1241,0.0,-0.0008333472224535399,0.9987912973408577,8.058017727639034e-05
88490,26.25793763229387,0.9991941982272361,560,681,1241,0.0,-0.0008333472224535399,0.9987912973408577,0.0
88491,26.257104285071417,0.9991941982272361,560,681,1241,0.0,-0.0008333472224535399,0.998871877518134,8.058017727639034e-05
88492,26.256270937848964,0.9991941982272361,560,681,1241,0.0,-0.0008333472224535399,0.9989524576954103,8.058017727639034e-05
88493,26.25543759062651,1.0,560,681,1241,0.0008058017727639033,-0.0008333472224535399,0.9990330378726867,8.058017727639034e-05
88494,26.254604243404057,1.0,560,681,1241,0.0,-0.0008333472224535399,0.9991941982272394,0.00016116035455278067
88495,26.253770896181603,0.9983883964544722,560,681,1241,-0.0016116035455278066,-0.0008333472224535399,0.999274778404516,8.058017727639034e-05
88496,26.25293754895915,0.9983883964544722,560,681,1241,0.0,-0.0008333472224535399,0.9991941982272394,-8.058017727639034e-05
88497,26.252104201736696,0.9983883964544722,560,681,1241,0.0,-0.0008333472224535399,0.999113618049963,-8.058017727639034e-05
88498,26.251270854514242,0.9975825946817083,560,681,1241,-0.0008058017727639033,-0.0008333472224535399,0.9989524576954102,-0.00016116035455278067
88499,26.25043750729179,0.9983883964544722,560,681,1241,0.0008058017727639033,-0.0008333472224535399,0.9988718775181337,-8.058017727639034e-05
88500,26.24960416006933,0.9975825946817083,560,681,1241,-0.0008058017727639033,-0.0008333472224570926,0.9987107171635807,-0.00016116035455278067
88501,26.248770812846878,0.9975825946817083,560,681,1241,0.0,-0.0008333472224535399,0.9985495568090279,-0.00016116035455278067
88502,26.247937465624425,0.9975825946817083,560,681,1241,0.0,-0.0008333472224535399,0.9983883964544751,-0.00016116035455278067
88503,26.24710411840197,0.9975825946817083,560,681,1241,0.0,-0.0008333472224535399,0.9981466559226458,-0.00024174053182917098
88504,26.246270771179518,0.9975825946817083,560,681,1241,0.0,-0.0008333472224535399,0.9979049153908166,-0.00024174053182917098
88505,26.245437423957064,0.9975825946817083,560,681,1241,0.0,-0.0008333472224535399,0.9978243352135401,-8.058017727639034e-05
88506,26.24460407673461,0.9975825946817083,560,681,1241,0.0,-0.0008333472224535399,0.9977437550362638,-8.058017727639034e-05
88507,26.243770729512157,0.9975825946817083,560,681,1241,0.0,-0.0008333472224535399,0.9976631748589874,-8.058017727639034e-05
88508,26.242937382289703,0.9975825946817083,560,681,1241,0.0,-0.0008333472224535399,0.9976631748589874,0.0
88509,26.24210403506725,0.9983883964544722,560,681,1241,0.0008058017727639033,-0.0008333472224535399,0.9976631748589874,0.0
88510,26.241270687844796,0.9983883964544722,560,681,1241,0.0,-0.0008333472224535399,0.9977437550362639,8.058017727639034e-05
88511,26.240437340622343,0.9983883964544722,560,681,1241,0.0,-0.0008333472224535399,0.9978243352135403,8.058017727639034e-05
88512,26.23960399339989,0.9983883964544722,560,681,1241,0.0,-0.0008333472224535399,0.9979049153908166,8.058017727639034e-05
88513,26.238770646177436,0.9983883964544722,560,681,1241,0.0,-0.0008333472224535399,0.9979854955680929,8.058017727639034e-05
88514,26.237937298954982,0.9991941982272361,560,681,1241,0.0008058017727639033,-0.0008333472224535399,0.9981466559226458,0.00016116035455278067
88515,26.23710395173253,0.9991941982272361,560,681,1241,0.0,-0.0008333472224535399,0.9983078162771987,0.00016116035455278067
88516,26.236270604510075,0.9983883964544722,560,681,1241,-0.0008058017727639033,-0.0008333472224535399,0.9983883964544751,8.058017727639034e-05
88517,26.23543725728762,0.9983883964544722,560,681,1241,0.0,-0.0008333472224535399,0.9984689766317514,8.058017727639034e-05
88518,26.234603910065168,0.9983883964544722,560,681,1241,0.0,-0.0008333472224535399,0.9985495568090277,8.058017727639034e-05
88519,26.233770562842714,0.9991941982272361,560,681,1241,0.0008058017727639033,-0.0008333472224535399,0.9986301369863042,8.058017727639034e-05
88520,26.23293721562026,0.9991941982272361,560,681,1241,0.0,-0.0008333472224535399,0.9987107171635806,8.058017727639034e-05
88521,26.232103868397807,1.0,560,681,1241,0.0008058017727639033,-0.0008333472224535399,0.9988718775181333,0.00016116035455278067
88522,26.23127052117535,1.0,560,681,1241,0.0,-0.0008333472224570926,0.9990330378726859,0.00016116035455278067
88523,26.230437173952897,1.0,560,681,1241,0.0,-0.0008333472224535399,0.9991941982272387,0.00016116035455278067
88524,26.229603826730443,0.9991941982272361,560,681,1241,-0.0008058017727639033,-0.0008333472224535399,0.9991941982272387,0.0
88525,26.22877047950799,1.0,560,681,1241,0.0008058017727639033,-0.0008333472224535399,0.9992747784045151,8.058017727639034e-05
88526,26.227937132285536,1.0,560,681,1241,0.0,-0.0008333472224535399,0.9994359387590677,0.00016116035455278067
88527,26.227103785063083,1.0,560,681,1241,0.0,-0.0008333472224535399,0.9995970991136204,0.00016116035455278067
88528,26.22627043784063,1.0,560,681,1241,0.0,-0.0008333472224535399,0.9997582594681731,0.00016116035455278067
88529,26.225437090618176,1.0,560,681,1241,0.0,-0.0008333472224535399,0.9998388396454494,8.058017727639034e-05
88530,26.224603743395722,1.0,560,681,1241,0.0,-0.0008333472224535399,0.9999194198227258,8.058017727639034e-05
88531,26.22377039617327,1.0,560,681,1241,0.0,-0.0008333472224535399,0.9999194198227258,0.0
88532,26.222937048950815,1.0,560,681,1241,0.0,-0.0008333472224535399,0.9999194198227258,0.0
88533,26.22210370172836,1.0,560,681,1241,0.0,-0.0008333472224535399,0.9999194198227258,0.0
88534,26.221270354505908,1.0,560,681,1241,0.0,-0.0008333472224535399,1.0000000000000022,8.058017727639034e-05
88535,26.220437007283454,1.0,560,681,1241,0.0,-0.0008333472224535399,1.0000000000000022,0.0
88536,26.219603660061,0.9991941982272361,560,681,1241,-0.0008058017727639033,-0.0008333472224535399,0.9999194198227258,-8.058017727639034e-05
88537,26.218770312838547,1.0,560,681,1241,0.0008058017727639033,-0.0008333472224535399,0.9999194198227258,0.0
88538,26.217936965616094,1.0,560,681,1241,0.0,-0.0008333472224535399,0.9999194198227258,0.0
88539,26.21710361839364,1.0,560,681,1241,0.0,-0.0008333472224535399,0.9999194198227258,0.0
88540,26.216270271171187,1.0,560,681,1241,0.0,-0.0008333472224535399,0.9999194198227258,0.0
88541,26.215436923948733,0.9991941982272361,560,681,1241,-0.0008058017727639033,-0.0008333472224535399,0.9998388396454494,-8.058017727639034e-05
88542,26.21460357672628,0.9991941982272361,560,681,1241,0.0,-0.0008333472224535399,0.9997582594681731,-8.058017727639034e-05
88543,26.213770229503822,0.9991941982272361,560,681,1241,0.0,-0.0008333472224570926,0.9996776792908968,-8.058017727639034e-05
88544,26.21293688228137,0.9991941982272361,560,681,1241,0.0,-0.0008333472224535399,0.9995970991136204,-8.058017727639034e-05
88545,26.212103535058915,0.9991941982272361,560,681,1241,0.0,-0.0008333472224535399,0.9995165189363441,-8.058017727639034e-05
88546,26.211270187836462,0.9991941982272361,560,681,1241,0.0,-0.0008333472224535399,0.9995165189363441,0.0
88547,26.21043684061401,0.9991941982272361,560,681,1241,0.0,-0.0008333472224535399,0.9994359387590677,-8.058017727639034e-05
88548,26.209603493391555,0.9991941982272361,560,681,1241,0.0,-0.0008333472224535399,0.9993553585817914,-8.058017727639034e-05
88549,26.2087701461691,0.9983883964544722,560,681,1241,-0.0008058017727639033,-0.0008333472224535399,0.9991941982272387,-0.00016116035455278067
88550,26.207936798946648,0.9983883964544722,560,681,1241,0.0,-0.0008333472224535399,0.9990330378726859,-0.00016116035455278067
88551,26.207103451724194,1.0,560,681,1241,0.0016116035455278066,-0.0008333472224535399,0.9991136180499623,8.058017727639034e-05
88552,26.20627010450174,1.0,560,681,1241,0.0,-0.0008333472224535399,0.9991941982272387,8.058017727639034e-05
88553,26.205436757279287,0.9991941982272361,560,681,1241,-0.0008058017727639033,-0.0008333472224535399,0.9991941982272387,0.0
88554,26.204603410056833,0.9983883964544722,560,681,1241,-0.0008058017727639033,-0.0008333472224535399,0.9991136180499623,-8.058017727639034e-05
88555,26.20377006283438,0.9983883964544722,560,681,1241,0.0,-0.0008333472224535399,0.9990330378726859,-8.058017727639034e-05
88556,26.202936715611926,0.9983883964544722,560,681,1241,0.0,-0.0008333472224535399,0.9989524576954096,-8.058017727639034e-05
88557,26.202103368389473,0.9983883964544722,560,681,1241,0.0,-0.0008333472224535399,0.9988718775181333,-8.058017727639034e-05
88558,26.20127002116702,0.9983883964544722,560,681,1241,0.0,-0.0008333472224535399,0.9987912973408569,-8.058017727639034e-05
88559,26.200436673944566,0.9975825946817083,560,681,1241,-0.0008058017727639033,-0.0008333472224535399,0.9987107171635806,-8.058017727639034e-05
88560,26.199603326722112,0.9983883964544722,560,681,1241,0.0008058017727639033,-0.0008333472224535399,0.9987107171635806,0.0
88561,26.19876997949966,0.9983883964544722,560,681,1241,0.0,-0.0008333472224535399,0.9985495568090279,-0.00016116035455278067
88562,26.197936632277205,0.9983883964544722,560,681,1241,0.0,-0.0008333472224535399,0.9983883964544752,-0.00016116035455278067
88563,26.19710328505475,0.9991941982272361,560,681,1241,0.0008058017727639033,-0.0008333472224535399,0.9983883964544752,0.0
88564,26.196269937832295,0.9991941982272361,560,681,1241,0.0,-0.0008333472224570926,0.9984689766317516,8.058017727639034e-05
88565,26.19543659060984,0.9983883964544722,560,681,1241,-0.0008058017727639033,-0.0008333472224535399,0.9984689766317516,0.0
88566,26.194603243387387,0.9983883964544722,560,681,1241,0.0,-0.0008333472224535399,0.9984689766317516,0.0
88567,26.193769896164934,0.9983883964544722,560,681,1241,0.0,-0.0008333472224535399,0.9984689766317516,0.0
88568,26.19293654894248,0.9991941982272361,560,681,1241,0.0008058017727639033,-0.0008333472224535399,0.9985495568090279,8.058017727639034e-05
88569,26.192103201720027,0.9991941982272361,560,681,1241,0.0,-0.0008333472224535399,0.9987107171635807,0.00016116035455278067
88570,26.191269854497573,0.9991941982272361,560,681,1241,0.0,-0.0008333472224535399,0.9987912973408573,8.058017727639034e-05
88571,26.19043650727512,1.0,560,681,1241,0.0008058017727639033,-0.0008333472224535399,0.99895245769541,0.00016116035455278067
88572,26.189603160052666,1.0,560,681,1241,0.0,-0.0008333472224535399,0.9991136180499627,0.00016116035455278067
88573,26.188769812830213,1.0,560,681,1241,0.0,-0.0008333472224535399,0.999194198227239,8.058017727639034e-05
88574,26.18793646560776,1.0,560,681,1241,0.0,-0.0008333472224535399,0.9992747784045154,8.058017727639034e-05
88575,26.187103118385306,1.0,560,681,1241,0.0,-0.0008333472224535399,0.9994359387590681,0.00016116035455278067
88576,26.186269771162852,0.9991941982272361,560,681,1241,-0.0008058017727639033,-0.0008333472224535399,0.9995165189363444,8.058017727639034e-05
88577,26.1854364239404,0.9991941982272361,560,681,1241,0.0,-0.0008333472224535399,0.9995970991136207,8.058017727639034e-05
88578,26.184603076717945,0.9991941982272361,560,681,1241,0.0,-0.0008333472224535399,0.9995970991136207,0.0
88579,26.18376972949549,0.9991941982272361,560,681,1241,0.0,-0.0008333472224535399,0.9995970991136207,0.0
88580,26.182936382273038,0.9991941982272361,560,681,1241,0.0,-0.0008333472224535399,0.9995970991136207,0.0
88581,26.182103035050584,0.9991941982272361,560,681,1241,0.0,-0.0008333472224535399,0.9995165189363444,-8.058017727639034e-05
88582,26.18126968782813,0.9975825946817083,560,681,1241,-0.0016116035455278066,-0.0008333472224535399,0.9992747784045152,-0.00024174053182917098
88583,26.180436340605677,0.9975825946817083,560,681,1241,0.0,-0.0008333472224535399,0.9990330378726859,-0.00024174053182917098
88584,26.179602993383224,0.9975825946817083,560,681,1241,0.0,-0.0008333472224535399,0.9987912973408568,-0.00024174053182917098
88585,26.178769646160767,0.9975825946817083,560,681,1241,0.0,-0.0008333472224570926,0.9985495568090276,-0.00024174053182917098
88586,26.177936298938313,0.9967767929089444,560,681,1241,-0.0008058017727639033,-0.0008333472224535399,0.9983078162771983,-0.00024174053182917098
88587,26.17710295171586,0.9975825946817083,560,681,1241,0.0008058017727639033,-0.0008333472224535399,0.9981466559226455,-0.00016116035455278067
88588,26.176269604493406,0.9983883964544722,560,681,1241,0.0008058017727639033,-0.0008333472224535399,0.9980660757453691,-8.058017727639034e-05
88589,26.175436257270952,0.9983883964544722,560,681,1241,0.0,-0.0008333472224535399,0.9979854955680928,-8.058017727639034e-05
88590,26.1746029100485,0.9983883964544722,560,681,1241,0.0,-0.0008333472224535399,0.9979049153908164,-8.058017727639034e-05
88591,26.173769562826045,0.9983883964544722,560,681,1241,0.0,-0.0008333472224535399,0.9978243352135401,-8.058017727639034e-05
88592,26.172936215603592,0.9983883964544722,560,681,1241,0.0,-0.0008333472224535399,0.9979049153908166,8.058017727639034e-05
88593,26.17210286838114,0.9983883964544722,560,681,1241,0.0,-0.0008333472224535399,0.9979854955680929,8.058017727639034e-05
88594,26.171269521158685,0.9975825946817083,560,681,1241,-0.0008058017727639033,-0.0008333472224535399,0.9979854955680929,0.0
88595,26.17043617393623,0.9975825946817083,560,681,1241,0.0,-0.0008333472224535399,0.9979854955680929,0.0
88596,26.169602826713778,0.9975825946817083,560,681,1241,0.0,-0.0008333472224535399,0.9980660757453693,8.058017727639034e-05
88597,26.168769479491324,0.9975825946817083,560,681,1241,0.0,-0.0008333472224535399,0.9980660757453693,0.0
88598,26.16793613226887,0.9983883964544722,560,681,1241,0.0008058017727639033,-0.0008333472224535399,0.9980660757453691,0.0
88599,26.167102785046417,0.9983883964544722,560,681,1241,0.0,-0.0008333472224535399,0.9980660757453691,0.0
88600,26.166269437823964,0.9991941982272361,560,681,1241,0.0008058017727639033,-0.0008333472224535399,0.9981466559226455,8.058017727639034e-05
88601,26.16543609060151,0.9991941982272361,560,681,1241,0.0,-0.0008333472224535399,0.9982272360999218,8.058017727639034e-05
88602,26.164602743379056,0.9991941982272361,560,681,1241,0.0,-0.0008333472224535399,0.9983078162771981,8.058017727639034e-05
88603,26.163769396156603,0.9991941982272361,560,681,1241,0.0,-0.0008333472224535399,0.9983883964544745,8.058017727639034e-05
88604,26.16293604893415,0.9991941982272361,560,681,1241,0.0,-0.0008333472224535399,0.9985495568090273,0.00016116035455278067
88605,26.162102701711696,0.9991941982272361,560,681,1241,0.0,-0.0008333472224535399,0.9987107171635803,0.00016116035455278067
88606,26.16126935448924,0.9991941982272361,560,681,1241,0.0,-0.0008333472224570926,0.9988718775181331,0.00016116035455278067
88607,26.160436007266785,0.9991941982272361,560,681,1241,0.0,-0.0008333472224535399,0.9990330378726859,0.00016116035455278067
88608,26.15960266004433,0.9991941982272361,560,681,1241,0.0,-0.0008333472224535399,0.9991136180499623,8.058017727639034e-05
88609,26.158769312821878,0.9983883964544722,560,681,1241,-0.0008058017727639033,-0.0008333472224535399,0.9991136180499623,0.0
88610,26.157935965599425,0.9983883964544722,560,681,1241,0.0,-0.0008333472224535399,0.9990330378726859,-8.058017727639034e-05
88611,26.15710261837697,0.9983883964544722,560,681,1241,0.0,-0.0008333472224535399,0.9989524576954096,-8.058017727639034e-05
88612,26.156269271154517,0.9983883964544722,560,681,1241,0.0,-0.0008333472224535399,0.9988718775181333,-8.058017727639034e-05
88613,26.155435923932064,0.9983883964544722,560,681,1241,0.0,-0.0008333472224535399,0.9987912973408569,-8.058017727639034e-05
88614,26.15460257670961,0.9991941982272361,560,681,1241,0.0008058017727639033,-0.0008333472224535399,0.9987912973408569,0.0
88615,26.153769229487157,0.9991941982272361,560,681,1241,0.0,-0.0008333472224535399,0.9987912973408569,0.0
88616,26.152935882264703,0.9991941982272361,560,681,1241,0.0,-0.0008333472224535399,0.9987912973408569,0.0
88617,26.15210253504225,0.9991941982272361,560,681,1241,0.0,-0.0008333472224535399,0.9987912973408569,0.0
88618,26.151269187819796,0.9991941982272361,560,681,1241,0.0,-0.0008333472224535399,0.9987912973408569,0.0
88619,26.150435840597343,0.9991941982272361,560,681,1241,0.0,-0.0008333472224535399,0.9988718775181333,8.058017727639034e-05
88620,26.14960249337489,0.9991941982272361,560,681,1241,0.0,-0.0008333472224535399,0.9989524576954096,8.058017727639034e-05
88621,26.148769146152436,1.0,560,681,1241,0.0008058017727639033,-0.0008333472224535399,0.9991136180499623,0.00016116035455278067
88622,26.147935798929982,1.0,560,681,1241,0.0,-0.0008333472224535399,0.9992747784045151,0.00016116035455278067
88623,26.14710245170753,1.0,560,681,1241,0.0,-0.0008333472224535399,0.9994359387590677,0.00016116035455278067
88624,26.146269104485075,1.0,560,681,1241,0.0,-0.0008333472224535399,0.9995165189363441,8.058017727639034e-05
88625,26.14543575726262,1.0,560,681,1241,0.0,-0.0008333472224535399,0.9995970991136204,8.058017727639034e-05
88626,26.144602410040168,1.0,560,681,1241,0.0,-0.0008333472224535399,0.9996776792908968,8.058017727639034e-05
88627,26.14376906281771,1.0,560,681,1241,0.0,-0.0008333472224570926,0.9997582594681731,8.058017727639034e-05
88628,26.142935715595257,1.0,560,681,1241,0.0,-0.0008333472224535399,0.9998388396454494,8.058017727639034e-05
88629,26.142102368372804,0.9991941982272361,560,681,1241,-0.0008058017727639033,-0.0008333472224535399,0.9998388396454494,0.0
88630,26.14126902115035,0.9991941982272361,560,681,1241,0.0,-0.0008333472224535399,0.9998388396454494,0.0
88631,26.140435673927897,0.9991941982272361,560,681,1241,0.0,-0.0008333472224535399,0.9997582594681731,-8.058017727639034e-05
88632,26.139602326705443,0.9991941982272361,560,681,1241,0.0,-0.0008333472224535399,0.9996776792908968,-8.058017727639034e-05
88633,26.13876897948299,0.9991941982272361,560,681,1241,0.0,-0.0008333472224535399,0.9995970991136204,-8.058017727639034e-05
88634,26.137935632260536,0.9991941982272361,560,681,1241,0.0,-0.0008333472224535399,0.9995165189363441,-8.058017727639034e-05
88635,26.137102285038083,0.9991941982272361,560,681,1241,0.0,-0.0008333472224535399,0.9994359387590677,-8.058017727639034e-05
88636,26.13626893781563,0.9991941982272361,560,681,1241,0.0,-0.0008333472224535399,0.9993553585817914,-8.058017727639034e-05
88637,26.135435590593175,0.9991941982272361,560,681,1241,0.0,-0.0008333472224535399,0.9992747784045151,-8.058017727639034e-05
88638,26.134602243370722,0.9991941982272361,560,681,1241,0.0,-0.0008333472224535399,0.9991941982272387,-8.058017727639034e-05
88639,26.13376889614827,0.9991941982272361,560,681,1241,0.0,-0.0008333472224535399,0.9991941982272387,0.0
88640,26.132935548925815,0.9975825946817083,560,681,1241,-0.0016116035455278066,-0.0008333472224535399,0.9990330378726858,-0.00016116035455278067
88641,26.13210220170336,0.9975825946817083,560,681,1241,0.0,-0.0008333472224535399,0.9988718775181329,-0.00016116035455278067
88642,26.131268854480908,0.9983883964544722,560,681,1241,0.0008058017727639033,-0.0008333472224535399,0.9987912973408566,-8.058017727639034e-05
88643,26.130435507258454,0.9975825946817083,560,681,1241,-0.0008058017727639033,-0.0008333472224535399,0.9986301369863038,-0.00016116035455278067
88644,26.129602160036,0.9975825946817083,560,681,1241,0.0,-0.0008333472224535399,0.9984689766317508,-0.00016116035455278067
88645,26.128768812813547,0.9967767929089444,560,681,1241,-0.0008058017727639033,-0.0008333472224535399,0.9982272360999216,-0.00024174053182917098
88646,26.127935465591094,0.9967767929089444,560,681,1241,0.0,-0.0008333472224535399,0.9979854955680925,-0.00024174053182917098
88647,26.12710211836864,0.9959709911361805,560,681,1241,-0.0008058017727639033,-0.0008333472224535399,0.9976631748589868,-0.00032232070910556134
88648,26.126268771146187,0.9959709911361805,560,681,1241,0.0,-0.0008333472224535399,0.9973408541498813,-0.00032232070910556134
88649,26.12543542392373,0.9967767929089444,560,681,1241,0.0008058017727639033,-0.0008333472224570926,0.997099113618052,-0.00024174053182917098
88650,26.124602076701276,0.9975825946817083,560,681,1241,0.0008058017727639033,-0.0008333472224535399,0.997099113618052,0.0
88651,26.123768729478822,0.9975825946817083,560,681,1241,0.0,-0.0008333472224535399,0.997099113618052,0.0
88652,26.12293538225637,0.9975825946817083,560,681,1241,0.0,-0.0008333472224535399,0.9970185334407755,-8.058017727639034e-05
88653,26.122102035033915,0.9975825946817083,560,681,1241,0.0,-0.0008333472224535399,0.9970185334407755,0.0
88654,26.12126868781146,0.9967767929089444,560,681,1241,-0.0008058017727639033,-0.0008333472224535399,0.9969379532634992,-8.058017727639034e-05
88655,26.120435340589008,0.9967767929089444,560,681,1241,0.0,-0.0008333472224535399,0.9969379532634992,0.0
88656,26.119601993366555,0.9967767929089444,560,681,1241,0.0,-0.0008333472224535399,0.9969379532634992,0.0
88657,26.1187686461441,0.9975825946817083,560,681,1241,0.0008058017727639033,-0.0008333472224535399,0.9970991136180519,0.00016116035455278067
88658,26.117935298921648,0.9975825946817083,560,681,1241,0.0,-0.0008333472224535399,0.9972602739726046,0.00016116035455278067
88659,26.117101951699194,0.9983883964544722,560,681,1241,0.0008058017727639033,-0.0008333472224535399,0.9974214343271575,0.00016116035455278067
88660,26.11626860447674,0.9983883964544722,560,681,1241,0.0,-0.0008333472224535399,0.9975020145044338,8.058017727639034e-05
88661,26.115435257254287,0.9983883964544722,560,681,1241,0.0,-0.0008333472224535399,0.9975825946817102,8.058017727639034e-05
88662,26.114601910031833,0.9975825946817083,560,681,1241,-0.0008058017727639033,-0.0008333472224535399,0.9975825946817102,0.0
88663,26.11376856280938,0.9975825946817083,560,681,1241,0.0,-0.0008333472224535399,0.9975825946817102,0.0
88664,26.112935215586926,0.9983883964544722,560,681,1241,0.0008058017727639033,-0.0008333472224535399,0.9977437550362629,0.00016116035455278067
88665,26.112101868364473,0.9983883964544722,560,681,1241,0.0,-0.0008333472224535399,0.9979049153908155,0.00016116035455278067
88666,26.11126852114202,0.9983883964544722,560,681,1241,0.0,-0.0008333472224535399,0.9980660757453682,0.00016116035455278067
88667,26.110435173919566,0.9983883964544722,560,681,1241,0.0,-0.0008333472224535399,0.9981466559226446,8.058017727639034e-05
88668,26.109601826697112,0.9983883964544722,560,681,1241,0.0,-0.0008333472224535399,0.9982272360999209,8.058017727639034e-05
88669,26.10876847947466,0.9983883964544722,560,681,1241,0.0,-0.0008333472224535399,0.9982272360999207,0.0
88670,26.1079351322522,0.9991941982272361,560,681,1241,0.0008058017727639033,-0.0008333472224570926,0.9983078162771971,8.058017727639034e-05
88671,26.107101785029748,0.9991941982272361,560,681,1241,0.0,-0.0008333472224535399,0.9983883964544734,8.058017727639034e-05
88672,26.106268437807294,0.9991941982272361,560,681,1241,0.0,-0.0008333472224535399,0.9985495568090264,0.00016116035455278067
88673,26.10543509058484,0.9991941982272361,560,681,1241,0.0,-0.0008333472224535399,0.9987107171635792,0.00016116035455278067
88674,26.104601743362387,0.9991941982272361,560,681,1241,0.0,-0.0008333472224535399,0.9987912973408555,8.058017727639034e-05
88675,26.103768396139934,0.9991941982272361,560,681,1241,0.0,-0.0008333472224535399,0.9988718775181319,8.058017727639034e-05
88676,26.10293504891748,1.0,560,681,1241,0.0008058017727639033,-0.0008333472224535399,0.9990330378726846,0.00016116035455278067
88677,26.102101701695027,0.9991941982272361,560,681,1241,-0.0008058017727639033,-0.0008333472224535399,0.9991136180499609,8.058017727639034e-05
88678,26.101268354472573,0.9991941982272361,560,681,1241,0.0,-0.0008333472224535399,0.9991941982272372,8.058017727639034e-05
88679,26.10043500725012,0.9991941982272361,560,681,1241,0.0,-0.0008333472224535399,0.9992747784045136,8.058017727639034e-05
88680,26.099601660027666,0.9991941982272361,560,681,1241,0.0,-0.0008333472224535399,0.9992747784045136,0.0
88681,26.098768312805213,0.9991941982272361,560,681,1241,0.0,-0.0008333472224535399,0.9992747784045136,0.0
88682,26.09793496558276,0.9983883964544722,560,681,1241,-0.0008058017727639033,-0.0008333472224535399,0.9991941982272372,-8.058017727639034e-05
88683,26.097101618360306,0.9975825946817083,560,681,1241,-0.0008058017727639033,-0.0008333472224535399,0.9990330378726844,-0.00016116035455278067
88684,26.096268271137852,0.9967767929089444,560,681,1241,-0.0008058017727639033,-0.0008333472224535399,0.9987912973408551,-0.00024174053182917098
88685,26.0954349239154,0.9959709911361805,560,681,1241,-0.0008058017727639033,-0.0008333472224535399,0.9984689766317496,-0.00032232070910556134
88686,26.094601576692945,0.9959709911361805,560,681,1241,0.0,-0.0008333472224535399,0.9980660757453677,-0.00040290088638195165
88687,26.09376822947049,0.9951651893634166,560,681,1241,-0.0008058017727639033,-0.0008333472224535399,0.9976631748589856,-0.00040290088638195165
88688,26.092934882248038,0.9951651893634166,560,681,1241,0.0,-0.0008333472224535399,0.9972602739726035,-0.00040290088638195165
88689,26.092101535025584,0.9951651893634166,560,681,1241,0.0,-0.0008333472224535399,0.9968573730862215,-0.00040290088638195165
88690,26.09126818780313,0.9967767929089444,560,681,1241,0.0016116035455278066,-0.0008333472224535399,0.9966156325543922,-0.00024174053182917098
88691,26.090434840580674,0.9975825946817083,560,681,1241,0.0008058017727639033,-0.0008333472224570926,0.9964544721998394,-0.00016116035455278067
88692,26.08960149335822,0.9975825946817083,560,681,1241,0.0,-0.0008333472224535399,0.996373892022563,-8.058017727639034e-05
88693,26.088768146135767,0.9975825946817083,560,681,1241,0.0,-0.0008333472224535399,0.996373892022563,0.0
88694,26.087934798913313,0.9967767929089444,560,681,1241,-0.0008058017727639033,-0.0008333472224535399,0.996373892022563,0.0
88695,26.08710145169086,0.9967767929089444,560,681,1241,0.0,-0.0008333472224535399,0.9964544721998394,8.058017727639034e-05
88696,26.086268104468406,0.9975825946817083,560,681,1241,0.0008058017727639033,-0.0008333472224535399,0.996615632554392,0.00016116035455278067
88697,26.085434757245952,0.9983883964544722,560,681,1241,0.0008058017727639033,-0.0008333472224535399,0.9969379532634978,0.00032232070910556134
88698,26.0846014100235,0.9983883964544722,560,681,1241,0.0,-0.0008333472224535399,0.9972602739726035,0.00032232070910556134
88699,26.083768062801045,0.9983883964544722,560,681,1241,0.0,-0.0008333472224535399,0.9975825946817093,0.00032232070910556134
88700,26.082934715578592,0.9991941982272361,560,681,1241,0.0008058017727639033,-0.0008333472224535399,0.9978243352135385,0.00024174053182917098
88701,26.08210136835614,0.9991941982272361,560,681,1241,0.0,-0.0008333472224535399,0.9979854955680914,0.00016116035455278067
88702,26.081268021133685,0.9991941982272361,560,681,1241,0.0,-0.0008333472224535399,0.9981466559226442,0.00016116035455278067
88703,26.08043467391123,0.9983883964544722,560,681,1241,-0.0008058017727639033,-0.0008333472224535399,0.9982272360999206,8.058017727639034e-05
88704,26.079601326688778,0.9983883964544722,560,681,1241,0.0,-0.0008333472224535399,0.9983883964544733,0.00016116035455278067
88705,26.078767979466324,0.9975825946817083,560,681,1241,-0.0008058017727639033,-0.0008333472224535399,0.9984689766317496,8.058017727639034e-05
88706,26.07793463224387,0.9975825946817083,560,681,1241,0.0,-0.0008333472224535399,0.9984689766317496,0.0
88707,26.077101285021417,0.9975825946817083,560,681,1241,0.0,-0.0008333472224535399,0.9983883964544731,-8.058017727639034e-05
88708,26.076267937798963,0.9959709911361805,560,681,1241,-0.0016116035455278066,-0.0008333472224535399,0.9981466559226441,-0.00024174053182917098
88709,26.07543459057651,0.9951651893634166,560,681,1241,-0.0008058017727639033,-0.0008333472224535399,0.9978243352135383,-0.00032232070910556134
88710,26.074601243354056,0.9959709911361805,560,681,1241,0.0008058017727639033,-0.0008333472224535399,0.9975020145044328,-0.00032232070910556134
88711,26.073767896131603,0.9959709911361805,560,681,1241,0.0,-0.0008333472224535399,0.9971796937953272,-0.00032232070910556134
88712,26.072934548909146,0.9959709911361805,560,681,1241,0.0,-0.0008333472224570926,0.9968573730862216,-0.00032232070910556134
88713,26.072101201686692,0.9959709911361805,560,681,1241,0.0,-0.0008333472224535399,0.9966156325543924,-0.00024174053182917098
88714,26.07126785446424,0.9959709911361805,560,681,1241,0.0,-0.0008333472224535399,0.9963738920225633,-0.00024174053182917098
88715,26.070434507241785,0.9967767929089444,560,681,1241,0.0008058017727639033,-0.0008333472224535399,0.996293311845287,-8.058017727639034e-05
88716,26.06960116001933,0.9975825946817083,560,681,1241,0.0008058017727639033,-0.0008333472224535399,0.996293311845287,0.0
88717,26.068767812796878,0.9983883964544722,560,681,1241,0.0008058017727639033,-0.0008333472224535399,0.9963738920225635,8.058017727639034e-05
88718,26.067934465574425,0.9975825946817083,560,681,1241,-0.0008058017727639033,-0.0008333472224535399,0.9965350523771163,0.00016116035455278067
88719,26.06710111835197,0.9975825946817083,560,681,1241,0.0,-0.0008333472224535399,0.9967767929089455,0.00024174053182917098
88720,26.066267771129517,0.9975825946817083,560,681,1241,0.0,-0.0008333472224535399,0.9969379532634981,0.00016116035455278067
88721,26.065434423907064,0.9967767929089444,560,681,1241,-0.0008058017727639033,-0.0008333472224535399,0.9970185334407745,8.058017727639034e-05
88722,26.06460107668461,0.9975825946817083,560,681,1241,0.0008058017727639033,-0.0008333472224535399,0.9971796937953272,0.00016116035455278067
88723,26.063767729462157,0.9975825946817083,560,681,1241,0.0,-0.0008333472224535399,0.9973408541498798,0.00016116035455278067
88724,26.062934382239703,0.9975825946817083,560,681,1241,0.0,-0.0008333472224535399,0.9975020145044325,0.00016116035455278067
88725,26.06210103501725,0.9983883964544722,560,681,1241,0.0008058017727639033,-0.0008333472224535399,0.9976631748589855,0.00016116035455278067
88726,26.061267687794796,0.9983883964544722,560,681,1241,0.0,-0.0008333472224535399,0.9977437550362618,8.058017727639034e-05
88727,26.060434340572343,0.9983883964544722,560,681,1241,0.0,-0.0008333472224535399,0.9977437550362616,0.0
88728,26.05960099334989,0.9983883964544722,560,681,1241,0.0,-0.0008333472224535399,0.9978243352135381,8.058017727639034e-05
88729,26.058767646127436,0.9983883964544722,560,681,1241,0.0,-0.0008333472224535399,0.9979049153908145,8.058017727639034e-05
88730,26.057934298904982,0.9983883964544722,560,681,1241,0.0,-0.0008333472224535399,0.9979854955680908,8.058017727639034e-05
88731,26.05710095168253,0.9991941982272361,560,681,1241,0.0008058017727639033,-0.0008333472224535399,0.99822723609992,0.00024174053182917098
88732,26.056267604460075,0.9991941982272361,560,681,1241,0.0,-0.0008333472224535399,0.9983883964544729,0.00016116035455278067
88733,26.055434257237618,0.9991941982272361,560,681,1241,0.0,-0.0008333472224570926,0.9985495568090258,0.00016116035455278067
88734,26.054600910015164,0.9991941982272361,560,681,1241,0.0,-0.0008333472224535399,0.9987107171635786,0.00016116035455278067
88735,26.05376756279271,0.9983883964544722,560,681,1241,-0.0008058017727639033,-0.0008333472224535399,0.9987107171635785,0.0
88736,26.052934215570257,0.9983883964544722,560,681,1241,0.0,-0.0008333472224535399,0.9987107171635785,0.0
88737,26.052100868347804,0.9983883964544722,560,681,1241,0.0,-0.0008333472224535399,0.9987107171635785,0.0
88738,26.05126752112535,0.9983883964544722,560,681,1241,0.0,-0.0008333472224535399,0.9987107171635785,0.0
88739,26.050434173902897,0.9991941982272361,560,681,1241,0.0008058017727639033,-0.0008333472224535399,0.9987912973408548,8.058017727639034e-05
88740,26.049600826680443,0.9991941982272361,560,681,1241,0.0,-0.0008333472224535399,0.9988718775181311,8.058017727639034e-05
88741,26.04876747945799,0.9991941982272361,560,681,1241,0.0,-0.0008333472224535399,0.9988718775181311,0.0
88742,26.047934132235536,0.9991941982272361,560,681,1241,0.0,-0.0008333472224535399,0.9988718775181311,0.0
88743,26.047100785013082,0.9983883964544722,560,681,1241,-0.0008058017727639033,-0.0008333472224535399,0.9987912973408548,-8.058017727639034e-05
88744,26.04626743779063,0.9983883964544722,560,681,1241,0.0,-0.0008333472224535399,0.9987107171635785,-8.058017727639034e-05
88745,26.045434090568175,1.0,560,681,1241,0.0016116035455278066,-0.0008333472224535399,0.9988718775181311,0.00016116035455278067
88746,26.044600743345722,1.0,560,681,1241,0.0,-0.0008333472224535399,0.9990330378726838,0.00016116035455278067
88747,26.04376739612327,0.9991941982272361,560,681,1241,-0.0008058017727639033,-0.0008333472224535399,0.9991136180499602,8.058017727639034e-05
88748,26.042934048900815,0.9991941982272361,560,681,1241,0.0,-0.0008333472224535399,0.9991941982272365,8.058017727639034e-05
88749,26.04210070167836,0.9991941982272361,560,681,1241,0.0,-0.0008333472224535399,0.9991941982272365,0.0
88750,26.041267354455908,0.9991941982272361,560,681,1241,0.0,-0.0008333472224535399,0.9991941982272365,0.0
88751,26.040434007233454,0.9991941982272361,560,681,1241,0.0,-0.0008333472224535399,0.9991941982272365,0.0
88752,26.039600660011,0.9991941982272361,560,681,1241,0.0,-0.0008333472224535399,0.9991941982272365,0.0
88753,26.038767312788547,0.9991941982272361,560,681,1241,0.0,-0.0008333472224535399,0.9992747784045128,8.058017727639034e-05
88754,26.037933965566094,0.9991941982272361,560,681,1241,0.0,-0.0008333472224535399,0.9993553585817893,8.058017727639034e-05
88755,26.037100618343636,0.9983883964544722,560,681,1241,-0.0008058017727639033,-0.0008333472224570926,0.9991941982272365,-0.00016116035455278067
88756,26.036267271121183,0.9983883964544722,560,681,1241,0.0,-0.0008333472224535399,0.9990330378726838,-0.00016116035455278067
88757,26.03543392389873,0.9983883964544722,560,681,1241,0.0,-0.0008333472224535399,0.9989524576954075,-8.058017727639034e-05
88758,26.034600576676276,0.9983883964544722,560,681,1241,0.0,-0.0008333472224535399,0.9988718775181311,-8.058017727639034e-05
88759,26.033767229453822,0.9983883964544722,560,681,1241,0.0,-0.0008333472224535399,0.9987912973408548,-8.058017727639034e-05
88760,26.03293388223137,0.9983883964544722,560,681,1241,0.0,-0.0008333472224535399,0.9987107171635785,-8.058017727639034e-05
88761,26.032100535008915,0.9975825946817083,560,681,1241,-0.0008058017727639033,-0.0008333472224535399,0.9985495568090256,-0.00016116035455278067
88762,26.03126718778646,0.9975825946817083,560,681,1241,0.0,-0.0008333472224535399,0.9983883964544727,-0.00016116035455278067
88763,26.030433840564008,0.9975825946817083,560,681,1241,0.0,-0.0008333472224535399,0.9982272360999198,-0.00016116035455278067
88764,26.029600493341555,0.9967767929089444,560,681,1241,-0.0008058017727639033,-0.0008333472224535399,0.9979854955680907,-0.00024174053182917098
88765,26.0287671461191,0.9959709911361805,560,681,1241,-0.0008058017727639033,-0.0008333472224535399,0.9977437550362616,-0.00024174053182917098
88766,26.027933798896647,0.9959709911361805,560,681,1241,0.0,-0.0008333472224535399,0.9975020145044325,-0.00024174053182917098
88767,26.027100451674194,0.9967767929089444,560,681,1241,0.0008058017727639033,-0.0008333472224535399,0.9973408541498798,-0.00016116035455278067
88768,26.02626710445174,0.9967767929089444,560,681,1241,0.0,-0.0008333472224535399,0.9971796937953272,-0.00016116035455278067
88769,26.025433757229287,0.9975825946817083,560,681,1241,0.0008058017727639033,-0.0008333472224535399,0.9970991136180508,-8.058017727639034e-05
88770,26.024600410006833,0.9967767929089444,560,681,1241,-0.0008058017727639033,-0.0008333472224535399,0.9969379532634981,-0.00016116035455278067
88771,26.02376706278438,0.9975825946817083,560,681,1241,0.0008058017727639033,-0.0008333472224535399,0.9969379532634981,0.0
88772,26.022933715561926,0.9983883964544722,560,681,1241,0.0008058017727639033,-0.0008333472224535399,0.9970185334407746,8.058017727639034e-05
88773,26.022100368339473,0.9991941982272361,560,681,1241,0.0008058017727639033,-0.0008333472224535399,0.9971796937953276,0.00016116035455278067
88774,26.02126702111702,0.9991941982272361,560,681,1241,0.0,-0.0008333472224535399,0.9974214343271568,0.00024174053182917098
88775,26.020433673894566,0.9991941982272361,560,681,1241,0.0,-0.0008333472224535399,0.9977437550362623,0.00032232070910556134
88776,26.01960032667211,0.9991941982272361,560,681,1241,0.0,-0.0008333472224570926,0.9980660757453679,0.00032232070910556134
88777,26.018766979449655,0.9991941982272361,560,681,1241,0.0,-0.0008333472224535399,0.9983078162771971,0.00024174053182917098
88778,26.0179336322272,0.9991941982272361,560,681,1241,0.0,-0.0008333472224535399,0.9985495568090264,0.00024174053182917098
88779,26.017100285004748,0.9991941982272361,560,681,1241,0.0,-0.0008333472224535399,0.9987107171635792,0.00016116035455278067
88780,26.016266937782294,1.0,560,681,1241,0.0008058017727639033,-0.0008333472224535399,0.9990330378726847,0.00032232070910556134
88781,26.01543359055984,0.9991941982272361,560,681,1241,-0.0008058017727639033,-0.0008333472224535399,0.9991941982272377,0.00016116035455278067
88782,26.014600243337387,0.9991941982272361,560,681,1241,0.0,-0.0008333472224535399,0.999274778404514,8.058017727639034e-05
88783,26.013766896114934,0.9983883964544722,560,681,1241,-0.0008058017727639033,-0.0008333472224535399,0.9991941982272377,-8.058017727639034e-05
88784,26.01293354889248,0.9983883964544722,560,681,1241,0.0,-0.0008333472224535399,0.9991136180499612,-8.058017727639034e-05
88785,26.012100201670027,0.9983883964544722,560,681,1241,0.0,-0.0008333472224535399,0.9990330378726849,-8.058017727639034e-05
88786,26.011266854447573,0.9983883964544722,560,681,1241,0.0,-0.0008333472224535399,0.9989524576954085,-8.058017727639034e-05
88787,26.01043350722512,0.9983883964544722,560,681,1241,0.0,-0.0008333472224535399,0.9988718775181322,-8.058017727639034e-05
88788,26.009600160002666,0.9975825946817083,560,681,1241,-0.0008058017727639033,-0.0008333472224535399,0.9987107171635794,-0.00016116035455278067
88789,26.008766812780213,0.9975825946817083,560,681,1241,0.0,-0.0008333472224535399,0.9985495568090265,-0.00016116035455278067
88790,26.00793346555776,0.9975825946817083,560,681,1241,0.0,-0.0008333472224535399,0.9983078162771972,-0.00024174053182917098
88791,26.007100118335305,0.9975825946817083,560,681,1241,0.0,-0.0008333472224535399,0.9981466559226444,-0.00016116035455278067
88792,26.006266771112852,0.9975825946817083,560,681,1241,0.0,-0.0008333472224535399,0.9979854955680916,-0.00016116035455278067
88793,26.0054334238904,0.9975825946817083,560,681,1241,0.0,-0.0008333472224535399,0.997904915390815,-8.058017727639034e-05
88794,26.004600076667945,0.9975825946817083,560,681,1241,0.0,-0.0008333472224535399,0.9978243352135386,-8.058017727639034e-05
88795,26.00376672944549,0.9983883964544722,560,681,1241,0.0008058017727639033,-0.0008333472224535399,0.9978243352135386,0.0
88796,26.002933382223038,0.9983883964544722,560,681,1241,0.0,-0.0008333472224535399,0.9978243352135386,0.0
88797,26.00210003500058,0.9983883964544722,560,681,1241,0.0,-0.0008333472224570926,0.9978243352135386,0.0
88798,26.001266687778127,0.9983883964544722,560,681,1241,0.0,-0.0008333472224535399,0.9979049153908152,8.058017727639034e-05
88799,26.000433340555674,0.9983883964544722,560,681,1241,0.0,-0.0008333472224535399,0.9979854955680916,8.058017727639034e-05
88800,25.99959999333322,0.9983883964544722,560,681,1241,0.0,-0.0008333472224535399,0.9980660757453679,8.058017727639034e-05
88801,25.998766646110766,0.9983883964544722,560,681,1241,0.0,-0.0008333472224535399,0.9981466559226442,8.058017727639034e-05
88802,25.997933298888313,0.9983883964544722,560,681,1241,0.0,-0.0008333472224535399,0.9982272360999206,8.058017727639034e-05
88803,25.99709995166586,1.0,560,681,1241,0.0016116035455278066,-0.0008333472224535399,0.9984689766317498,0.00024174053182917098
88804,25.996266604443406,1.0,560,681,1241,0.0,-0.0008333472224535399,0.998710717163579,0.00024174053182917098
88805,25.995433257220952,1.0,560,681,1241,0.0,-0.0008333472224535399,0.9988718775181319,0.00016116035455278067
88806,25.9945999099985,1.0,560,681,1241,0.0,-0.0008333472224535399,0.9990330378726846,0.00016116035455278067
88807,25.993766562776045,0.9991941982272361,560,681,1241,-0.0008058017727639033,-0.0008333472224535399,0.9991136180499609,8.058017727639034e-05
88808,25.99293321555359,0.9991941982272361,560,681,1241,0.0,-0.0008333472224535399,0.9991941982272372,8.058017727639034e-05
88809,25.992099868331138,0.9991941982272361,560,681,1241,0.0,-0.0008333472224535399,0.9992747784045136,8.058017727639034e-05
88810,25.991266521108685,0.9991941982272361,560,681,1241,0.0,-0.0008333472224535399,0.9993553585817899,8.058017727639034e-05
88811,25.99043317388623,0.9991941982272361,560,681,1241,0.0,-0.0008333472224535399,0.9994359387590663,8.058017727639034e-05
88812,25.989599826663778,1.0,560,681,1241,0.0008058017727639033,-0.0008333472224535399,0.9995970991136189,0.00016116035455278067
88813,25.988766479441324,1.0,560,681,1241,0.0,-0.0008333472224535399,0.9995970991136189,0.0
88814,25.98793313221887,1.0,560,681,1241,0.0,-0.0008333472224535399,0.9995970991136189,0.0
88815,25.987099784996417,0.9991941982272361,560,681,1241,-0.0008058017727639033,-0.0008333472224535399,0.9995165189363426,-8.058017727639034e-05
88816,25.986266437773963,0.9991941982272361,560,681,1241,0.0,-0.0008333472224535399,0.9994359387590663,-8.058017727639034e-05
88817,25.98543309055151,0.9991941982272361,560,681,1241,0.0,-0.0008333472224535399,0.9994359387590663,0.0
88818,25.984599743329053,0.9991941982272361,560,681,1241,0.0,-0.0008333472224570926,0.9994359387590663,0.0
88819,25.9837663961066,0.9991941982272361,560,681,1241,0.0,-0.0008333472224535399,0.9994359387590663,0.0
88820,25.982933048884146,0.9991941982272361,560,681,1241,0.0,-0.0008333472224535399,0.9994359387590663,0.0
88821,25.982099701661692,0.9991941982272361,560,681,1241,0.0,-0.0008333472224535399,0.9994359387590663,0.0
88822,25.98126635443924,0.9991941982272361,560,681,1241,0.0,-0.0008333472224535399,0.9993553585817899,-8.058017727639034e-05
88823,25.980433007216785,0.9991941982272361,560,681,1241,0.0,-0.0008333472224535399,0.9992747784045136,-8.058017727639034e-05
88824,25.97959965999433,0.9991941982272361,560,681,1241,0.0,-0.0008333472224535399,0.9991941982272372,-8.058017727639034e-05
88825,25.978766312771878,0.9983883964544722,560,681,1241,-0.0008058017727639033,-0.0008333472224535399,0.9991136180499609,-8.058017727639034e-05
88826,25.977932965549424,0.9983883964544722,560,681,1241,0.0,-0.0008333472224535399,0.9990330378726846,-8.058017727639034e-05
88827,25.97709961832697,0.9983883964544722,560,681,1241,0.0,-0.0008333472224535399,0.9989524576954082,-8.058017727639034e-05
88828,25.976266271104517,0.9983883964544722,560,681,1241,0.0,-0.0008333472224535399,0.9988718775181319,-8.058017727639034e-05
88829,25.975432923882064,0.9983883964544722,560,681,1241,0.0,-0.0008333472224535399,0.9987912973408555,-8.058017727639034e-05
88830,25.97459957665961,0.9983883964544722,560,681,1241,0.0,-0.0008333472224535399,0.9987107171635792,-8.058017727639034e-05
88831,25.973766229437157,0.9983883964544722,560,681,1241,0.0,-0.0008333472224535399,0.9986301369863029,-8.058017727639034e-05
88832,25.972932882214703,0.9991941982272361,560,681,1241,0.0008058017727639033,-0.0008333472224535399,0.9986301369863029,0.0
88833,25.97209953499225,0.9991941982272361,560,681,1241,0.0,-0.0008333472224535399,0.9986301369863029,0.0
88834,25.971266187769796,0.9991941982272361,560,681,1241,0.0,-0.0008333472224535399,0.9986301369863029,0.0
88835,25.970432840547343,0.9991941982272361,560,681,1241,0.0,-0.0008333472224535399,0.9987107171635792,8.058017727639034e-05
88836,25.96959949332489,0.9983883964544722,560,681,1241,-0.0008058017727639033,-0.0008333472224535399,0.9987107171635792,0.0
88837,25.968766146102435,0.9991941982272361,560,681,1241,0.0008058017727639033,-0.0008333472224535399,0.9987912973408555,8.058017727639034e-05
88838,25.967932798879982,0.9991941982272361,560,681,1241,0.0,-0.0008333472224535399,0.9988718775181319,8.058017727639034e-05
88839,25.967099451657525,0.9991941982272361,560,681,1241,0.0,-0.0008333472224570926,0.9989524576954082,8.058017727639034e-05
88840,25.96626610443507,0.9991941982272361,560,681,1241,0.0,-0.0008333472224535399,0.9990330378726846,8.058017727639034e-05
88841,25.965432757212618,0.9991941982272361,560,681,1241,0.0,-0.0008333472224535399,0.9991136180499609,8.058017727639034e-05
88842,25.964599409990164,0.9991941982272361,560,681,1241,0.0,-0.0008333472224535399,0.9991136180499609,0.0
88843,25.96376606276771,1.0,560,681,1241,0.0008058017727639033,-0.0008333472224535399,0.9991941982272372,8.058017727639034e-05
88844,25.962932715545257,1.0,560,681,1241,0.0,-0.0008333472224535399,0.9992747784045136,8.058017727639034e-05
88845,25.962099368322804,1.0,560,681,1241,0.0,-0.0008333472224535399,0.9993553585817899,8.058017727639034e-05
88846,25.96126602110035,1.0,560,681,1241,0.0,-0.0008333472224535399,0.9995165189363426,0.00016116035455278067
88847,25.960432673877897,1.0,560,681,1241,0.0,-0.0008333472224535399,0.9995970991136189,8.058017727639034e-05
88848,25.959599326655443,1.0,560,681,1241,0.0,-0.0008333472224535399,0.9996776792908953,8.058017727639034e-05
88849,25.95876597943299,1.0,560,681,1241,0.0,-0.0008333472224535399,0.9997582594681717,8.058017727639034e-05
88850,25.957932632210536,1.0,560,681,1241,0.0,-0.0008333472224535399,0.9998388396454481,8.058017727639034e-05
88851,25.957099284988082,1.0,560,681,1241,0.0,-0.0008333472224535399,0.9999194198227244,8.058017727639034e-05
88852,25.95626593776563,0.9983883964544722,560,681,1241,-0.0016116035455278066,-0.0008333472224535399,0.9998388396454481,-8.058017727639034e-05
88853,25.955432590543175,0.9983883964544722,560,681,1241,0.0,-0.0008333472224535399,0.9996776792908953,-0.00016116035455278067
88854,25.95459924332072,0.9991941982272361,560,681,1241,0.0008058017727639033,-0.0008333472224535399,0.9995970991136189,-8.058017727639034e-05
88855,25.95376589609827,0.9983883964544722,560,681,1241,-0.0008058017727639033,-0.0008333472224535399,0.9994359387590663,-0.00016116035455278067
88856,25.952932548875815,0.9991941982272361,560,681,1241,0.0008058017727639033,-0.0008333472224535399,0.9993553585817899,-8.058017727639034e-05
88857,25.95209920165336,0.9991941982272361,560,681,1241,0.0,-0.0008333472224535399,0.9992747784045136,-8.058017727639034e-05
88858,25.951265854430908,0.9991941982272361,560,681,1241,0.0,-0.0008333472224535399,0.9991941982272372,-8.058017727639034e-05
88859,25.950432507208454,0.9991941982272361,560,681,1241,0.0,-0.0008333472224535399,0.9991136180499609,-8.058017727639034e-05
88860,25.949599159985997,0.9991941982272361,560,681,1241,0.0,-0.0008333472224570926,0.9990330378726846,-8.058017727639034e-05
88861,25.948765812763543,0.9991941982272361,560,681,1241,0.0,-0.0008333472224535399,0.9989524576954082,-8.058017727639034e-05
88862,25.94793246554109,1.0,560,681,1241,0.0008058017727639033,-0.0008333472224535399,0.9991136180499609,0.00016116035455278067
88863,25.947099118318636,1.0,560,681,1241,0.0,-0.0008333472224535399,0.9992747784045136,0.00016116035455278067
88864,25.946265771096183,1.0,560,681,1241,0.0,-0.0008333472224535399,0.9993553585817899,8.058017727639034e-05
88865,25.94543242387373,1.0,560,681,1241,0.0,-0.0008333472224535399,0.9995165189363426,0.00016116035455278067
88866,25.944599076651276,1.0,560,681,1241,0.0,-0.0008333472224535399,0.9995970991136189,8.058017727639034e-05
88867,25.943765729428822,0.9991941982272361,560,681,1241,-0.0008058017727639033,-0.0008333472224535399,0.9995970991136189,0.0
88868,25.94293238220637,0.9991941982272361,560,681,1241,0.0,-0.0008333472224535399,0.9995970991136189,0.0
88869,25.942099034983915,0.9991941982272361,560,681,1241,0.0,-0.0008333472224535399,0.9995970991136189,0.0
88870,25.94126568776146,0.9991941982272361,560,681,1241,0.0,-0.0008333472224535399,0.9995970991136189,0.0
88871,25.940432340539008,0.9991941982272361,560,681,1241,0.0,-0.0008333472224535399,0.9995970991136189,0.0
88872,25.939598993316554,0.9991941982272361,560,681,1241,0.0,-0.0008333472224535399,0.9995165189363426,-8.058017727639034e-05
88873,25.9387656460941,0.9983883964544722,560,681,1241,-0.0008058017727639033,-0.0008333472224535399,0.9993553585817899,-0.00016116035455278067
88874,25.937932298871647,0.9983883964544722,560,681,1241,0.0,-0.0008333472224535399,0.9991941982272372,-0.00016116035455278067
88875,25.937098951649194,0.9983883964544722,560,681,1241,0.0,-0.0008333472224535399,0.9990330378726846,-0.00016116035455278067
88876,25.93626560442674,0.9983883964544722,560,681,1241,0.0,-0.0008333472224535399,0.9988718775181319,-0.00016116035455278067
88877,25.935432257204287,0.9975825946817083,560,681,1241,-0.0008058017727639033,-0.0008333472224535399,0.998710717163579,-0.00016116035455278067
88878,25.934598909981833,0.9967767929089444,560,681,1241,-0.0008058017727639033,-0.0008333472224535399,0.9984689766317498,-0.00024174053182917098
88879,25.93376556275938,0.9967767929089444,560,681,1241,0.0,-0.0008333472224535399,0.9982272360999206,-0.00024174053182917098
88880,25.932932215536926,0.9967767929089444,560,681,1241,0.0,-0.0008333472224535399,0.9979854955680914,-0.00024174053182917098
88881,25.932098868314473,0.9975825946817083,560,681,1241,0.0008058017727639033,-0.0008333472224535399,0.9978243352135385,-0.00016116035455278067
88882,25.931265521092016,0.9967767929089444,560,681,1241,-0.0008058017727639033,-0.0008333472224570926,0.9975825946817093,-0.00024174053182917098
88883,25.930432173869562,0.9967767929089444,560,681,1241,0.0,-0.0008333472224535399,0.9974214343271566,-0.00016116035455278067
88884,25.92959882664711,0.9975825946817083,560,681,1241,0.0008058017727639033,-0.0008333472224535399,0.9973408541498803,-8.058017727639034e-05
88885,25.928765479424655,0.9975825946817083,560,681,1241,0.0,-0.0008333472224535399,0.9972602739726039,-8.058017727639034e-05
88886,25.9279321322022,0.9975825946817083,560,681,1241,0.0,-0.0008333472224535399,0.9971796937953276,-8.058017727639034e-05
88887,25.927098784979748,0.9975825946817083,560,681,1241,0.0,-0.0008333472224535399,0.9971796937953276,0.0
88888,25.926265437757294,0.9975825946817083,560,681,1241,0.0,-0.0008333472224535399,0.9972602739726039,8.058017727639034e-05
88889,25.92543209053484,0.9975825946817083,560,681,1241,0.0,-0.0008333472224535399,0.9973408541498803,8.058017727639034e-05
88890,25.924598743312387,0.9975825946817083,560,681,1241,0.0,-0.0008333472224535399,0.9974214343271566,8.058017727639034e-05
88891,25.923765396089934,0.9967767929089444,560,681,1241,-0.0008058017727639033,-0.0008333472224535399,0.9973408541498803,-8.058017727639034e-05
88892,25.92293204886748,0.9967767929089444,560,681,1241,0.0,-0.0008333472224535399,0.9973408541498803,0.0
88893,25.922098701645027,0.9967767929089444,560,681,1241,0.0,-0.0008333472224535399,0.9973408541498803,0.0
88894,25.921265354422573,0.9967767929089444,560,681,1241,0.0,-0.0008333472224535399,0.9972602739726039,-8.058017727639034e-05
88895,25.92043200720012,0.9975825946817083,560,681,1241,0.0008058017727639033,-0.0008333472224535399,0.9972602739726039,0.0
88896,25.919598659977666,0.9975825946817083,560,681,1241,0.0,-0.0008333472224535399,0.9972602739726039,0.0
88897,25.918765312755212,0.9975825946817083,560,681,1241,0.0,-0.0008333472224535399,0.9972602739726039,0.0
88898,25.91793196553276,0.9975825946817083,560,681,1241,0.0,-0.0008333472224535399,0.9972602739726039,0.0
88899,25.917098618310305,0.9975825946817083,560,681,1241,0.0,-0.0008333472224535399,0.9972602739726039,0.0
88900,25.916265271087852,0.9975825946817083,560,681,1241,0.0,-0.0008333472224535399,0.9972602739726039,0.0
88901,25.9154319238654,0.9975825946817083,560,681,1241,0.0,-0.0008333472224535399,0.9973408541498803,8.058017727639034e-05
88902,25.914598576642945,0.9983883964544722,560,681,1241,0.0008058017727639033,-0.0008333472224535399,0.9975020145044331,0.00016116035455278067
88903,25.913765229420488,0.9991941982272361,560,681,1241,0.0008058017727639033,-0.0008333472224570926,0.9977437550362623,0.00024174053182917098
88904,25.912931882198034,0.9983883964544722,560,681,1241,-0.0008058017727639033,-0.0008333472224535399,0.9979049153908152,0.00016116035455278067
88905,25.91209853497558,0.9975825946817083,560,681,1241,-0.0008058017727639033,-0.0008333472224535399,0.9979049153908152,0.0
88906,25.911265187753127,0.9975825946817083,560,681,1241,0.0,-0.0008333472224535399,0.9979049153908152,0.0
88907,25.910431840530673,0.9975825946817083,560,681,1241,0.0,-0.0008333472224535399,0.9979049153908152,0.0
88908,25.90959849330822,0.9983883964544722,560,681,1241,0.0008058017727639033,-0.0008333472224535399,0.9979854955680916,8.058017727639034e-05
88909,25.908765146085766,0.9983883964544722,560,681,1241,0.0,-0.0008333472224535399,0.9980660757453679,8.058017727639034e-05
88910,25.907931798863313,0.9983883964544722,560,681,1241,0.0,-0.0008333472224535399,0.9981466559226442,8.058017727639034e-05
88911,25.90709845164086,0.9983883964544722,560,681,1241,0.0,-0.0008333472224535399,0.9982272360999206,8.058017727639034e-05
88912,25.906265104418406,0.9991941982272361,560,681,1241,0.0008058017727639033,-0.0008333472224535399,0.9983078162771971,8.058017727639034e-05
88913,25.905431757195952,0.9983883964544722,560,681,1241,-0.0008058017727639033,-0.0008333472224535399,0.9982272360999207,-8.058017727639034e-05
88914,25.9045984099735,0.9983883964544722,560,681,1241,0.0,-0.0008333472224535399,0.9982272360999207,0.0
88915,25.903765062751045,0.9983883964544722,560,681,1241,0.0,-0.0008333472224535399,0.9983078162771972,8.058017727639034e-05
88916,25.90293171552859,0.9983883964544722,560,681,1241,0.0,-0.0008333472224535399,0.9983883964544736,8.058017727639034e-05
88917,25.902098368306138,0.9983883964544722,560,681,1241,0.0,-0.0008333472224535399,0.9984689766317499,8.058017727639034e-05
88918,25.901265021083685,0.9983883964544722,560,681,1241,0.0,-0.0008333472224535399,0.9984689766317498,0.0
88919,25.90043167386123,0.9983883964544722,560,681,1241,0.0,-0.0008333472224535399,0.9984689766317498,0.0
88920,25.899598326638777,0.9975825946817083,560,681,1241,-0.0008058017727639033,-0.0008333472224535399,0.9983883964544734,-8.058017727639034e-05
88921,25.898764979416324,0.9975825946817083,560,681,1241,0.0,-0.0008333472224535399,0.9983078162771971,-8.058017727639034e-05
88922,25.89793163219387,0.9975825946817083,560,681,1241,0.0,-0.0008333472224535399,0.9981466559226442,-0.00016116035455278067
88923,25.897098284971417,0.9975825946817083,560,681,1241,0.0,-0.0008333472224535399,0.9980660757453677,-8.058017727639034e-05
88924,25.89626493774896,0.9975825946817083,560,681,1241,0.0,-0.0008333472224570926,0.9979854955680914,-8.058017727639034e-05
88925,25.895431590526506,0.9975825946817083,560,681,1241,0.0,-0.0008333472224535399,0.997904915390815,-8.058017727639034e-05
88926,25.894598243304053,0.9983883964544722,560,681,1241,0.0008058017727639033,-0.0008333472224535399,0.997904915390815,0.0
88927,25.8937648960816,0.9991941982272361,560,681,1241,0.0008058017727639033,-0.0008333472224535399,0.9979854955680914,8.058017727639034e-05
88928,25.892931548859146,0.9991941982272361,560,681,1241,0.0,-0.0008333472224535399,0.9980660757453677,8.058017727639034e-05
88929,25.892098201636692,0.9983883964544722,560,681,1241,-0.0008058017727639033,-0.0008333472224535399,0.9980660757453677,0.0
88930,25.89126485441424,0.9991941982272361,560,681,1241,0.0008058017727639033,-0.0008333472224535399,0.9982272360999206,0.00016116035455278067
88931,25.890431507191785,0.9983883964544722,560,681,1241,-0.0008058017727639033,-0.0008333472224535399,0.9983078162771969,8.058017727639034e-05
88932,25.88959815996933,0.9983883964544722,560,681,1241,0.0,-0.0008333472224535399,0.9983883964544733,8.058017727639034e-05
88933,25.888764812746878,0.9975825946817083,560,681,1241,-0.0008058017727639033,-0.0008333472224535399,0.9983883964544733,0.0
88934,25.887931465524424,0.9975825946817083,560,681,1241,0.0,-0.0008333472224535399,0.9983883964544733,0.0
88935,25.88709811830197,0.9983883964544722,560,681,1241,0.0008058017727639033,-0.0008333472224535399,0.9984689766317496,8.058017727639034e-05
88936,25.886264771079517,0.9983883964544722,560,681,1241,0.0,-0.0008333472224535399,0.9984689766317494,0.0
88937,25.885431423857064,0.9983883964544722,560,681,1241,0.0,-0.0008333472224535399,0.9983883964544731,-8.058017727639034e-05
88938,25.88459807663461,0.9983883964544722,560,681,1241,0.0,-0.0008333472224535399,0.9983078162771968,-8.058017727639034e-05
88939,25.883764729412157,0.9983883964544722,560,681,1241,0.0,-0.0008333472224535399,0.9983078162771968,0.0
88940,25.882931382189703,0.9983883964544722,560,681,1241,0.0,-0.0008333472224535399,0.9982272360999204,-8.058017727639034e-05
88941,25.88209803496725,0.9991941982272361,560,681,1241,0.0008058017727639033,-0.0008333472224535399,0.9983078162771968,8.058017727639034e-05
88942,25.881264687744796,0.9983883964544722,560,681,1241,-0.0008058017727639033,-0.0008333472224535399,0.9983078162771968,0.0
88943,25.880431340522343,0.9983883964544722,560,681,1241,0.0,-0.0008333472224535399,0.9983883964544733,8.058017727639034e-05
88944,25.87959799329989,0.9983883964544722,560,681,1241,0.0,-0.0008333472224535399,0.9984689766317496,8.058017727639034e-05
88945,25.878764646077432,0.9983883964544722,560,681,1241,0.0,-0.0008333472224570926,0.9984689766317494,0.0
88946,25.87793129885498,0.9991941982272361,560,681,1241,0.0008058017727639033,-0.0008333472224535399,0.9985495568090258,8.058017727639034e-05
88947,25.877097951632525,0.9991941982272361,560,681,1241,0.0,-0.0008333472224535399,0.9986301369863021,8.058017727639034e-05
88948,25.87626460441007,0.9991941982272361,560,681,1241,0.0,-0.0008333472224535399,0.9987107171635785,8.058017727639034e-05
88949,25.875431257187618,0.9991941982272361,560,681,1241,0.0,-0.0008333472224535399,0.9987912973408548,8.058017727639034e-05
88950,25.874597909965164,0.9991941982272361,560,681,1241,0.0,-0.0008333472224535399,0.9988718775181311,8.058017727639034e-05
88951,25.87376456274271,0.9991941982272361,560,681,1241,0.0,-0.0008333472224535399,0.9988718775181311,0.0
88952,25.872931215520257,0.9983883964544722,560,681,1241,-0.0008058017727639033,-0.0008333472224535399,0.9988718775181311,0.0
88953,25.872097868297804,0.9983883964544722,560,681,1241,0.0,-0.0008333472224535399,0.9988718775181311,0.0
88954,25.87126452107535,0.9983883964544722,560,681,1241,0.0,-0.0008333472224535399,0.9988718775181311,0.0
88955,25.870431173852896,0.9983883964544722,560,681,1241,0.0,-0.0008333472224535399,0.9988718775181311,0.0
88956,25.869597826630443,0.9983883964544722,560,681,1241,0.0,-0.0008333472224535399,0.9987912973408548,-8.058017727639034e-05
88957,25.86876447940799,0.9983883964544722,560,681,1241,0.0,-0.0008333472224535399,0.9987107171635785,-8.058017727639034e-05
88958,25.867931132185536,0.9983883964544722,560,681,1241,0.0,-0.0008333472224535399,0.9986301369863021,-8.058017727639034e-05
88959,25.867097784963082,0.9975825946817083,560,681,1241,-0.0008058017727639033,-0.0008333472224535399,0.9984689766317493,-0.00016116035455278067
88960,25.86626443774063,0.9983883964544722,560,681,1241,0.0008058017727639033,-0.0008333472224535399,0.9983883964544727,-8.058017727639034e-05
88961,25.865431090518175,0.9983883964544722,560,681,1241,0.0,-0.0008333472224535399,0.9983078162771963,-8.058017727639034e-05
88962,25.86459774329572,0.9991941982272361,560,681,1241,0.0008058017727639033,-0.0008333472224535399,0.9983883964544727,8.058017727639034e-05
88963,25.863764396073268,0.9991941982272361,560,681,1241,0.0,-0.0008333472224535399,0.998468976631749,8.058017727639034e-05
88964,25.862931048850815,0.9991941982272361,560,681,1241,0.0,-0.0008333472224535399,0.9985495568090255,8.058017727639034e-05
88965,25.86209770162836,0.9983883964544722,560,681,1241,-0.0008058017727639033,-0.0008333472224535399,0.9985495568090255,0.0
88966,25.861264354405904,0.9983883964544722,560,681,1241,0.0,-0.0008333472224570926,0.9985495568090255,0.0
88967,25.86043100718345,0.9983883964544722,560,681,1241,0.0,-0.0008333472224535399,0.9985495568090255,0.0
88968,25.859597659960997,0.9983883964544722,560,681,1241,0.0,-0.0008333472224535399,0.9985495568090255,0.0
88969,25.858764312738543,0.9983883964544722,560,681,1241,0.0,-0.0008333472224535399,0.998630136986302,8.058017727639034e-05
88970,25.85793096551609,0.9983883964544722,560,681,1241,0.0,-0.0008333472224535399,0.9986301369863018,0.0
88971,25.857097618293636,0.9983883964544722,560,681,1241,0.0,-0.0008333472224535399,0.9986301369863018,0.0
88972,25.856264271071183,0.9983883964544722,560,681,1241,0.0,-0.0008333472224535399,0.9985495568090255,-8.058017727639034e-05
88973,25.85543092384873,0.9983883964544722,560,681,1241,0.0,-0.0008333472224535399,0.998468976631749,-8.058017727639034e-05
88974,25.854597576626276,0.9983883964544722,560,681,1241,0.0,-0.0008333472224535399,0.9983883964544727,-8.058017727639034e-05
88975,25.853764229403822,0.9991941982272361,560,681,1241,0.0008058017727639033,-0.0008333472224535399,0.998468976631749,8.058017727639034e-05
88976,25.85293088218137,0.9991941982272361,560,681,1241,0.0,-0.0008333472224535399,0.9985495568090255,8.058017727639034e-05
88977,25.852097534958915,0.9991941982272361,560,681,1241,0.0,-0.0008333472224535399,0.9986301369863018,8.058017727639034e-05
88978,25.85126418773646,0.9991941982272361,560,681,1241,0.0,-0.0008333472224535399,0.9987107171635781,8.058017727639034e-05
88979,25.850430840514008,0.9983883964544722,560,681,1241,-0.0008058017727639033,-0.0008333472224535399,0.9987107171635781,0.0
88980,25.849597493291554,0.9983883964544722,560,681,1241,0.0,-0.0008333472224535399,0.9987107171635781,0.0
88981,25.8487641460691,0.9983883964544722,560,681,1241,0.0,-0.0008333472224535399,0.9987107171635781,0.0
88982,25.847930798846647,0.9983883964544722,560,681,1241,0.0,-0.0008333472224535399,0.9987107171635781,0.0
88983,25.847097451624194,0.9975825946817083,560,681,1241,-0.0008058017727639033,-0.0008333472224535399,0.9986301369863018,-8.058017727639034e-05
88984,25.84626410440174,0.9967767929089444,560,681,1241,-0.0008058017727639033,-0.0008333472224535399,0.998468976631749,-0.00016116035455278067
88985,25.845430757179287,0.9967767929089444,560,681,1241,0.0,-0.0008333472224535399,0.9982272360999198,-0.00024174053182917098
88986,25.844597409956833,0.9967767929089444,560,681,1241,0.0,-0.0008333472224535399,0.9979854955680907,-0.00024174053182917098
88987,25.84376406273438,0.9983883964544722,560,681,1241,0.0016116035455278066,-0.0008333472224535399,0.9979049153908143,-8.058017727639034e-05
88988,25.842930715511923,0.9983883964544722,560,681,1241,0.0,-0.0008333472224570926,0.997824335213538,-8.058017727639034e-05
88989,25.84209736828947,0.9983883964544722,560,681,1241,0.0,-0.0008333472224535399,0.997824335213538,0.0
88990,25.841264021067015,0.9983883964544722,560,681,1241,0.0,-0.0008333472224535399,0.997824335213538,0.0
88991,25.840430673844562,0.9975825946817083,560,681,1241,-0.0008058017727639033,-0.0008333472224535399,0.9977437550362616,-8.058017727639034e-05
88992,25.83959732662211,0.9967767929089444,560,681,1241,-0.0008058017727639033,-0.0008333472224535399,0.997582594681709,-0.00016116035455278067
88993,25.838763979399655,0.9967767929089444,560,681,1241,0.0,-0.0008333472224535399,0.9975020145044325,-8.058017727639034e-05
88994,25.8379306321772,0.9975825946817083,560,681,1241,0.0008058017727639033,-0.0008333472224535399,0.997582594681709,8.058017727639034e-05
88995,25.837097284954748,0.9975825946817083,560,681,1241,0.0,-0.0008333472224535399,0.9976631748589853,8.058017727639034e-05
88996,25.836263937732294,0.9975825946817083,560,681,1241,0.0,-0.0008333472224535399,0.9977437550362616,8.058017727639034e-05
88997,25.83543059050984,0.9975825946817083,560,681,1241,0.0,-0.0008333472224535399,0.9976631748589853,-8.058017727639034e-05
88998,25.834597243287387,0.9975825946817083,560,681,1241,0.0,-0.0008333472224535399,0.997582594681709,-8.058017727639034e-05
88999,25.833763896064934,0.9967767929089444,560,681,1241,-0.0008058017727639033,-0.0008333472224535399,0.9974214343271562,-0.00016116035455278067
89000,25.83293054884248,0.9967767929089444,560,681,1241,0.0,-0.0008333472224535399,0.9972602739726035,-0.00016116035455278067
89001,25.832097201620027,0.9975825946817083,560,681,1241,0.0008058017727639033,-0.0008333472224535399,0.9972602739726035,0.0
89002,25.831263854397573,0.9975825946817083,560,681,1241,0.0,-0.0008333472224535399,0.9973408541498798,8.058017727639034e-05
89003,25.83043050717512,0.9975825946817083,560,681,1241,0.0,-0.0008333472224535399,0.9974214343271562,8.058017727639034e-05
89004,25.829597159952666,0.9975825946817083,560,681,1241,0.0,-0.0008333472224535399,0.9974214343271562,0.0
89005,25.828763812730212,0.9975825946817083,560,681,1241,0.0,-0.0008333472224535399,0.9974214343271562,0.0
89006,25.82793046550776,0.9975825946817083,560,681,1241,0.0,-0.0008333472224535399,0.9974214343271562,0.0
89007,25.827097118285305,0.9967767929089444,560,681,1241,-0.0008058017727639033,-0.0008333472224535399,0.9973408541498798,-8.058017727639034e-05
89008,25.82626377106285,0.9967767929089444,560,681,1241,0.0,-0.0008333472224535399,0.9972602739726035,-8.058017727639034e-05
89009,25.825430423840395,0.9975825946817083,560,681,1241,0.0008058017727639033,-0.0008333472224570926,0.9973408541498798,8.058017727639034e-05
89010,25.82459707661794,0.9983883964544722,560,681,1241,0.0008058017727639033,-0.0008333472224535399,0.9975020145044328,0.00016116035455278067
89011,25.823763729395488,0.9991941982272361,560,681,1241,0.0008058017727639033,-0.0008333472224535399,0.9976631748589856,0.00016116035455278067
89012,25.822930382173034,0.9991941982272361,560,681,1241,0.0,-0.0008333472224535399,0.9978243352135385,0.00016116035455278067
89013,25.82209703495058,1.0,560,681,1241,0.0008058017727639033,-0.0008333472224535399,0.9980660757453677,0.00024174053182917098
89014,25.821263687728127,0.9991941982272361,560,681,1241,-0.0008058017727639033,-0.0008333472224535399,0.9982272360999206,0.00016116035455278067
89015,25.820430340505673,0.9991941982272361,560,681,1241,0.0,-0.0008333472224535399,0.9983883964544734,0.00016116035455278067
89016,25.81959699328322,0.9983883964544722,560,681,1241,-0.0008058017727639033,-0.0008333472224535399,0.9984689766317499,8.058017727639034e-05
89017,25.818763646060766,0.9983883964544722,560,681,1241,0.0,-0.0008333472224535399,0.9986301369863027,0.00016116035455278067
89018,25.817930298838313,0.9991941982272361,560,681,1241,0.0008058017727639033,-0.0008333472224535399,0.9988718775181319,0.00024174053182917098
89019,25.81709695161586,0.9975825946817083,560,681,1241,-0.0016116035455278066,-0.0008333472224535399,0.9988718775181319,0.0
89020,25.816263604393406,0.9975825946817083,560,681,1241,0.0,-0.0008333472224535399,0.9987912973408555,-8.058017727639034e-05
89021,25.815430257170952,0.9975825946817083,560,681,1241,0.0,-0.0008333472224535399,0.9986301369863027,-0.00016116035455278067
89022,25.8145969099485,0.9975825946817083,560,681,1241,0.0,-0.0008333472224535399,0.9984689766317498,-0.00016116035455278067
89023,25.813763562726045,0.9975825946817083,560,681,1241,0.0,-0.0008333472224535399,0.9982272360999206,-0.00024174053182917098
89024,25.81293021550359,0.9983883964544722,560,681,1241,0.0008058017727639033,-0.0008333472224535399,0.9981466559226441,-8.058017727639034e-05
89025,25.812096868281138,0.9991941982272361,560,681,1241,0.0008058017727639033,-0.0008333472224535399,0.9981466559226441,0.0
89026,25.811263521058684,0.9991941982272361,560,681,1241,0.0,-0.0008333472224535399,0.9982272360999204,8.058017727639034e-05
89027,25.81043017383623,0.9991941982272361,560,681,1241,0.0,-0.0008333472224535399,0.9983078162771968,8.058017727639034e-05
89028,25.809596826613777,0.9991941982272361,560,681,1241,0.0,-0.0008333472224535399,0.9983078162771968,0.0
89029,25.808763479391324,1.0,560,681,1241,0.0008058017727639033,-0.0008333472224535399,0.9985495568090259,0.00024174053182917098
89030,25.807930132168867,1.0,560,681,1241,0.0,-0.0008333472224570926,0.9987912973408551,0.00024174053182917098
89031,25.807096784946413,1.0,560,681,1241,0.0,-0.0008333472224535399,0.9990330378726844,0.00024174053182917098
89032,25.80626343772396,1.0,560,681,1241,0.0,-0.0008333472224535399,0.9992747784045136,0.00024174053182917098
89033,25.805430090501506,1.0,560,681,1241,0.0,-0.0008333472224535399,0.9995165189363429,0.00024174053182917098
89034,25.804596743279053,1.0,560,681,1241,0.0,-0.0008333472224535399,0.9996776792908957,0.00016116035455278067
89035,25.8037633960566,0.9991941982272361,560,681,1241,-0.0008058017727639033,-0.0008333472224535399,0.9996776792908957,0.0
89036,25.802930048834146,0.9991941982272361,560,681,1241,0.0,-0.0008333472224535399,0.9996776792908957,0.0
89037,25.802096701611692,0.9991941982272361,560,681,1241,0.0,-0.0008333472224535399,0.9996776792908957,0.0
89038,25.80126335438924,0.9983883964544722,560,681,1241,-0.0008058017727639033,-0.0008333472224535399,0.9995970991136194,-8.058017727639034e-05
89039,25.800430007166785,0.9983883964544722,560,681,1241,0.0,-0.0008333472224535399,0.9994359387590667,-0.00016116035455278067
89040,25.79959665994433,0.9991941982272361,560,681,1241,0.0008058017727639033,-0.0008333472224535399,0.9993553585817903,-8.058017727639034e-05
89041,25.798763312721878,0.9991941982272361,560,681,1241,0.0,-0.0008333472224535399,0.999274778404514,-8.058017727639034e-05
89042,25.797929965499424,0.9983883964544722,560,681,1241,-0.0008058017727639033,-0.0008333472224535399,0.9991136180499612,-0.00016116035455278067
89043,25.79709661827697,0.9991941982272361,560,681,1241,0.0008058017727639033,-0.0008333472224535399,0.9990330378726849,-8.058017727639034e-05
89044,25.796263271054517,0.9991941982272361,560,681,1241,0.0,-0.0008333472224535399,0.9989524576954085,-8.058017727639034e-05
89045,25.795429923832064,0.9991941982272361,560,681,1241,0.0,-0.0008333472224535399,0.9989524576954085,0.0
89046,25.79459657660961,0.9991941982272361,560,681,1241,0.0,-0.0008333472224535399,0.9989524576954085,0.0
89047,25.793763229387157,0.9975825946817083,560,681,1241,-0.0016116035455278066,-0.0008333472224535399,0.9987912973408557,-0.00016116035455278067
89048,25.792929882164703,0.9975825946817083,560,681,1241,0.0,-0.0008333472224535399,0.9987107171635792,-8.058017727639034e-05
89049,25.79209653494225,0.9983883964544722,560,681,1241,0.0008058017727639033,-0.0008333472224535399,0.9987107171635792,0.0
89050,25.791263187719796,0.9983883964544722,560,681,1241,0.0,-0.0008333472224535399,0.9986301369863029,-8.058017727639034e-05
89051,25.79042984049734,0.9983883964544722,560,681,1241,0.0,-0.0008333472224570926,0.9985495568090265,-8.058017727639034e-05
89052,25.789596493274885,0.9983883964544722,560,681,1241,0.0,-0.0008333472224535399,0.9985495568090265,0.0
89053,25.788763146052432,0.9983883964544722,560,681,1241,0.0,-0.0008333472224535399,0.9984689766317502,-8.058017727639034e-05
89054,25.78792979882998,0.9983883964544722,560,681,1241,0.0,-0.0008333472224535399,0.9983883964544737,-8.058017727639034e-05
89055,25.787096451607525,0.9975825946817083,560,681,1241,-0.0008058017727639033,-0.0008333472224535399,0.9982272360999209,-0.00016116035455278067
89056,25.78626310438507,0.9975825946817083,560,681,1241,0.0,-0.0008333472224535399,0.9980660757453681,-0.00016116035455278067
89057,25.785429757162618,0.9975825946817083,560,681,1241,0.0,-0.0008333472224535399,0.9980660757453681,0.0
89058,25.784596409940164,0.9975825946817083,560,681,1241,0.0,-0.0008333472224535399,0.9980660757453681,0.0
89059,25.78376306271771,0.9975825946817083,560,681,1241,0.0,-0.0008333472224535399,0.9979854955680917,-8.058017727639034e-05
89060,25.782929715495257,0.9967767929089444,560,681,1241,-0.0008058017727639033,-0.0008333472224535399,0.997824335213539,-0.00016116035455278067
89061,25.782096368272803,0.9967767929089444,560,681,1241,0.0,-0.0008333472224535399,0.9976631748589864,-0.00016116035455278067
89062,25.78126302105035,0.9975825946817083,560,681,1241,0.0008058017727639033,-0.0008333472224535399,0.99758259468171,-8.058017727639034e-05
89063,25.780429673827896,0.9975825946817083,560,681,1241,0.0,-0.0008333472224535399,0.9975020145044337,-8.058017727639034e-05
89064,25.779596326605443,0.9991941982272361,560,681,1241,0.0016116035455278066,-0.0008333472224535399,0.99758259468171,8.058017727639034e-05
89065,25.77876297938299,0.9991941982272361,560,681,1241,0.0,-0.0008333472224535399,0.9977437550362629,0.00016116035455278067
89066,25.777929632160536,0.9991941982272361,560,681,1241,0.0,-0.0008333472224535399,0.9979049153908157,0.00016116035455278067
89067,25.777096284938082,0.9983883964544722,560,681,1241,-0.0008058017727639033,-0.0008333472224535399,0.9979854955680922,8.058017727639034e-05
89068,25.77626293771563,0.9983883964544722,560,681,1241,0.0,-0.0008333472224535399,0.9980660757453685,8.058017727639034e-05
89069,25.775429590493175,0.9983883964544722,560,681,1241,0.0,-0.0008333472224535399,0.998146655922645,8.058017727639034e-05
89070,25.77459624327072,0.9983883964544722,560,681,1241,0.0,-0.0008333472224535399,0.9983078162771977,0.00016116035455278067
89071,25.773762896048268,0.9991941982272361,560,681,1241,0.0008058017727639033,-0.0008333472224535399,0.9985495568090268,0.00024174053182917098
89072,25.77292954882581,0.9991941982272361,560,681,1241,0.0,-0.0008333472224570926,0.9987107171635797,0.00016116035455278067
89073,25.772096201603357,0.9991941982272361,560,681,1241,0.0,-0.0008333472224535399,0.9988718775181326,0.00016116035455278067
89074,25.771262854380904,1.0,560,681,1241,0.0008058017727639033,-0.0008333472224535399,0.998952457695409,8.058017727639034e-05
89075,25.77042950715845,0.9991941982272361,560,681,1241,-0.0008058017727639033,-0.0008333472224535399,0.998952457695409,0.0
89076,25.769596159935997,0.9991941982272361,560,681,1241,0.0,-0.0008333472224535399,0.998952457695409,0.0
89077,25.768762812713543,0.9991941982272361,560,681,1241,0.0,-0.0008333472224535399,0.9990330378726853,8.058017727639034e-05
89078,25.76792946549109,0.9991941982272361,560,681,1241,0.0,-0.0008333472224535399,0.9991136180499616,8.058017727639034e-05
89079,25.767096118268636,0.9991941982272361,560,681,1241,0.0,-0.0008333472224535399,0.999194198227238,8.058017727639034e-05
89080,25.766262771046183,1.0,560,681,1241,0.0008058017727639033,-0.0008333472224535399,0.9993553585817907,0.00016116035455278067
89081,25.76542942382373,0.9991941982272361,560,681,1241,-0.0008058017727639033,-0.0008333472224535399,0.9993553585817907,0.0
89082,25.764596076601276,0.9983883964544722,560,681,1241,-0.0008058017727639033,-0.0008333472224535399,0.9992747784045143,-8.058017727639034e-05
89083,25.763762729378822,0.9991941982272361,560,681,1241,0.0008058017727639033,-0.0008333472224535399,0.9992747784045143,0.0
89084,25.76292938215637,0.9991941982272361,560,681,1241,0.0,-0.0008333472224535399,0.999194198227238,-8.058017727639034e-05
89085,25.762096034933915,0.9991941982272361,560,681,1241,0.0,-0.0008333472224535399,0.999194198227238,0.0
89086,25.76126268771146,0.9991941982272361,560,681,1241,0.0,-0.0008333472224535399,0.999194198227238,0.0
89087,25.760429340489008,1.0,560,681,1241,0.0008058017727639033,-0.0008333472224535399,0.9992747784045143,8.058017727639034e-05
89088,25.759595993266554,0.9991941982272361,560,681,1241,-0.0008058017727639033,-0.0008333472224535399,0.9992747784045143,0.0
89089,25.7587626460441,1.0,560,681,1241,0.0008058017727639033,-0.0008333472224535399,0.9993553585817907,8.058017727639034e-05
89090,25.757929298821647,0.9991941982272361,560,681,1241,-0.0008058017727639033,-0.0008333472224535399,0.9992747784045143,-8.058017727639034e-05
89091,25.757095951599194,0.9991941982272361,560,681,1241,0.0,-0.0008333472224535399,0.9992747784045143,0.0
89092,25.75626260437674,0.9991941982272361,560,681,1241,0.0,-0.0008333472224535399,0.9993553585817907,8.058017727639034e-05
89093,25.755429257154283,1.0,560,681,1241,0.0008058017727639033,-0.0008333472224570926,0.999435938759067,8.058017727639034e-05
89094,25.75459590993183,1.0,560,681,1241,0.0,-0.0008333472224535399,0.9995165189363433,8.058017727639034e-05
89095,25.753762562709376,0.9991941982272361,560,681,1241,-0.0008058017727639033,-0.0008333472224535399,0.9995165189363433,0.0
89096,25.752929215486922,0.9991941982272361,560,681,1241,0.0,-0.0008333472224535399,0.9995165189363433,0.0
89097,25.75209586826447,0.9991941982272361,560,681,1241,0.0,-0.0008333472224535399,0.999435938759067,-8.058017727639034e-05
89098,25.751262521042015,0.9991941982272361,560,681,1241,0.0,-0.0008333472224535399,0.999435938759067,0.0
89099,25.750429173819562,0.9991941982272361,560,681,1241,0.0,-0.0008333472224535399,0.9993553585817907,-8.058017727639034e-05
89100,25.74959582659711,0.9991941982272361,560,681,1241,0.0,-0.0008333472224535399,0.9993553585817907,0.0
89101,25.748762479374655,0.9991941982272361,560,681,1241,0.0,-0.0008333472224535399,0.9993553585817907,0.0
89102,25.7479291321522,0.9991941982272361,560,681,1241,0.0,-0.0008333472224535399,0.9993553585817907,0.0
89103,25.747095784929748,1.0,560,681,1241,0.0008058017727639033,-0.0008333472224535399,0.9993553585817907,0.0
89104,25.746262437707294,0.9991941982272361,560,681,1241,-0.0008058017727639033,-0.0008333472224535399,0.9992747784045143,-8.058017727639034e-05
89105,25.74542909048484,0.9983883964544722,560,681,1241,-0.0008058017727639033,-0.0008333472224535399,0.999194198227238,-8.058017727639034e-05
89106,25.744595743262387,0.9983883964544722,560,681,1241,0.0,-0.0008333472224535399,0.9991136180499616,-8.058017727639034e-05
89107,25.743762396039934,0.9983883964544722,560,681,1241,0.0,-0.0008333472224535399,0.9990330378726853,-8.058017727639034e-05
89108,25.74292904881748,0.9983883964544722,560,681,1241,0.0,-0.0008333472224535399,0.998952457695409,-8.058017727639034e-05
89109,25.742095701595026,0.9983883964544722,560,681,1241,0.0,-0.0008333472224535399,0.9988718775181326,-8.058017727639034e-05
89110,25.741262354372573,0.9975825946817083,560,681,1241,-0.0008058017727639033,-0.0008333472224535399,0.9987107171635797,-0.00016116035455278067
89111,25.74042900715012,0.9983883964544722,560,681,1241,0.0008058017727639033,-0.0008333472224535399,0.9986301369863032,-8.058017727639034e-05
89112,25.739595659927666,0.9983883964544722,560,681,1241,0.0,-0.0008333472224535399,0.9985495568090268,-8.058017727639034e-05
89113,25.738762312705212,0.9983883964544722,560,681,1241,0.0,-0.0008333472224535399,0.9983883964544742,-0.00016116035455278067
89114,25.73792896548276,0.9983883964544722,560,681,1241,0.0,-0.0008333472224535399,0.9983078162771978,-8.058017727639034e-05
89115,25.7370956182603,0.9983883964544722,560,681,1241,0.0,-0.0008333472224570926,0.9983078162771978,0.0
89116,25.736262271037848,0.9991941982272361,560,681,1241,0.0008058017727639033,-0.0008333472224535399,0.9983883964544742,8.058017727639034e-05
89117,25.735428923815395,0.9991941982272361,560,681,1241,0.0,-0.0008333472224535399,0.9984689766317505,8.058017727639034e-05
89118,25.73459557659294,0.9991941982272361,560,681,1241,0.0,-0.0008333472224535399,0.9985495568090268,8.058017727639034e-05
89119,25.733762229370488,0.9991941982272361,560,681,1241,0.0,-0.0008333472224535399,0.9986301369863032,8.058017727639034e-05
89120,25.732928882148034,0.9991941982272361,560,681,1241,0.0,-0.0008333472224535399,0.998791297340856,0.00016116035455278067
89121,25.73209553492558,0.9991941982272361,560,681,1241,0.0,-0.0008333472224535399,0.9988718775181326,8.058017727639034e-05
89122,25.731262187703127,0.9991941982272361,560,681,1241,0.0,-0.0008333472224535399,0.998952457695409,8.058017727639034e-05
89123,25.730428840480673,0.9991941982272361,560,681,1241,0.0,-0.0008333472224535399,0.9990330378726853,8.058017727639034e-05
89124,25.72959549325822,0.9991941982272361,560,681,1241,0.0,-0.0008333472224535399,0.9991136180499616,8.058017727639034e-05
89125,25.728762146035766,0.9991941982272361,560,681,1241,0.0,-0.0008333472224535399,0.999194198227238,8.058017727639034e-05
89126,25.727928798813313,1.0,560,681,1241,0.0008058017727639033,-0.0008333472224535399,0.9992747784045143,8.058017727639034e-05
89127,25.72709545159086,1.0,560,681,1241,0.0,-0.0008333472224535399,0.9993553585817907,8.058017727639034e-05
89128,25.726262104368406,1.0,560,681,1241,0.0,-0.0008333472224535399,0.999435938759067,8.058017727639034e-05
89129,25.725428757145952,1.0,560,681,1241,0.0,-0.0008333472224535399,0.9995165189363433,8.058017727639034e-05
89130,25.7245954099235,0.9991941982272361,560,681,1241,-0.0008058017727639033,-0.0008333472224535399,0.9995165189363433,0.0
89131,25.723762062701045,0.9991941982272361,560,681,1241,0.0,-0.0008333472224535399,0.9995165189363433,0.0
89132,25.72292871547859,0.9991941982272361,560,681,1241,0.0,-0.0008333472224535399,0.9995165189363433,0.0
89133,25.722095368256138,0.9991941982272361,560,681,1241,0.0,-0.0008333472224535399,0.9995165189363433,0.0
89134,25.721262021033684,0.9991941982272361,560,681,1241,0.0,-0.0008333472224535399,0.9995165189363433,0.0
89135,25.72042867381123,0.9991941982272361,560,681,1241,0.0,-0.0008333472224535399,0.9995165189363433,0.0
89136,25.719595326588774,0.9991941982272361,560,681,1241,0.0,-0.0008333472224570926,0.999435938759067,-8.058017727639034e-05
89137,25.71876197936632,0.9991941982272361,560,681,1241,0.0,-0.0008333472224535399,0.9993553585817907,-8.058017727639034e-05
89138,25.717928632143867,0.9991941982272361,560,681,1241,0.0,-0.0008333472224535399,0.9992747784045143,-8.058017727639034e-05
89139,25.717095284921413,0.9991941982272361,560,681,1241,0.0,-0.0008333472224535399,0.999194198227238,-8.058017727639034e-05
89140,25.71626193769896,0.9991941982272361,560,681,1241,0.0,-0.0008333472224535399,0.999194198227238,0.0
89141,25.715428590476506,0.9991941982272361,560,681,1241,0.0,-0.0008333472224535399,0.999194198227238,0.0
89142,25.714595243254053,0.9991941982272361,560,681,1241,0.0,-0.0008333472224535399,0.999194198227238,0.0
89143,25.7137618960316,0.9991941982272361,560,681,1241,0.0,-0.0008333472224535399,0.999194198227238,0.0
89144,25.712928548809145,1.0,560,681,1241,0.0008058017727639033,-0.0008333472224535399,0.9992747784045143,8.058017727639034e-05
89145,25.712095201586692,1.0,560,681,1241,0.0,-0.0008333472224535399,0.9993553585817907,8.058017727639034e-05
89146,25.71126185436424,1.0,560,681,1241,0.0,-0.0008333472224535399,0.999435938759067,8.058017727639034e-05
89147,25.710428507141785,1.0,560,681,1241,0.0,-0.0008333472224535399,0.9995165189363433,8.058017727639034e-05
89148,25.70959515991933,1.0,560,681,1241,0.0,-0.0008333472224535399,0.9995970991136197,8.058017727639034e-05
89149,25.708761812696878,1.0,560,681,1241,0.0,-0.0008333472224535399,0.999677679290896,8.058017727639034e-05
89150,25.707928465474424,1.0,560,681,1241,0.0,-0.0008333472224535399,0.9997582594681724,8.058017727639034e-05
89151,25.70709511825197,1.0,560,681,1241,0.0,-0.0008333472224535399,0.9998388396454487,8.058017727639034e-05
89152,25.706261771029517,1.0,560,681,1241,0.0,-0.0008333472224535399,0.999919419822725,8.058017727639034e-05
89153,25.705428423807064,1.0,560,681,1241,0.0,-0.0008333472224535399,1.0000000000000013,8.058017727639034e-05
89154,25.70459507658461,1.0,560,681,1241,0.0,-0.0008333472224535399,1.0000000000000013,0.0
89155,25.703761729362157,1.0,560,681,1241,0.0,-0.0008333472224535399,1.0000000000000013,0.0
89156,25.702928382139703,1.0,560,681,1241,0.0,-0.0008333472224535399,1.0000000000000013,0.0
89157,25.702095034917246,1.0,560,681,1241,0.0,-0.0008333472224570926,1.0000000000000013,0.0
89158,25.701261687694792,1.0,560,681,1241,0.0,-0.0008333472224535399,1.0000000000000013,0.0
89159,25.70042834047234,1.0,560,681,1241,0.0,-0.0008333472224535399,1.0000000000000013,0.0
89160,25.699594993249885,1.0,560,681,1241,0.0,-0.0008333472224535399,1.0000000000000013,0.0
89161,25.69876164602743,1.0,560,681,1241,0.0,-0.0008333472224535399,1.0000000000000013,0.0
89162,25.697928298804978,0.9991941982272361,560,681,1241,-0.0008058017727639033,-0.0008333472224535399,0.999919419822725,-8.058017727639034e-05
89163,25.697094951582525,0.9991941982272361,560,681,1241,0.0,-0.0008333472224535399,0.9998388396454487,-8.058017727639034e-05
89164,25.69626160436007,0.9991941982272361,560,681,1241,0.0,-0.0008333472224535399,0.9997582594681724,-8.058017727639034e-05
89165,25.695428257137618,0.9991941982272361,560,681,1241,0.0,-0.0008333472224535399,0.999677679290896,-8.058017727639034e-05
89166,25.694594909915164,0.9991941982272361,560,681,1241,0.0,-0.0008333472224535399,0.9995970991136197,-8.058017727639034e-05
89167,25.69376156269271,0.9991941982272361,560,681,1241,0.0,-0.0008333472224535399,0.9995165189363433,-8.058017727639034e-05
89168,25.692928215470257,0.9991941982272361,560,681,1241,0.0,-0.0008333472224535399,0.999435938759067,-8.058017727639034e-05
89169,25.692094868247803,0.9983883964544722,560,681,1241,-0.0008058017727639033,-0.0008333472224535399,0.9992747784045143,-0.00016116035455278067
89170,25.69126152102535,0.9983883964544722,560,681,1241,0.0,-0.0008333472224535399,0.9991136180499616,-0.00016116035455278067
89171,25.690428173802896,0.9983883964544722,560,681,1241,0.0,-0.0008333472224535399,0.998952457695409,-0.00016116035455278067
89172,25.689594826580443,0.9983883964544722,560,681,1241,0.0,-0.0008333472224535399,0.9988718775181326,-8.058017727639034e-05
89173,25.68876147935799,0.9975825946817083,560,681,1241,-0.0008058017727639033,-0.0008333472224535399,0.9987107171635797,-0.00016116035455278067
89174,25.687928132135536,0.9975825946817083,560,681,1241,0.0,-0.0008333472224535399,0.9985495568090268,-0.00016116035455278067
89175,25.687094784913082,0.9975825946817083,560,681,1241,0.0,-0.0008333472224535399,0.998388396454474,-0.00016116035455278067
89176,25.68626143769063,0.9975825946817083,560,681,1241,0.0,-0.0008333472224535399,0.9982272360999211,-0.00016116035455278067
89177,25.685428090468175,0.9975825946817083,560,681,1241,0.0,-0.0008333472224535399,0.9980660757453682,-0.00016116035455278067
89178,25.684594743245718,0.9975825946817083,560,681,1241,0.0,-0.0008333472224570926,0.9979049153908154,-0.00016116035455278067
89179,25.683761396023264,0.9967767929089444,560,681,1241,-0.0008058017727639033,-0.0008333472224535399,0.9977437550362627,-0.00016116035455278067
89180,25.68292804880081,0.9967767929089444,560,681,1241,0.0,-0.0008333472224535399,0.99758259468171,-0.00016116035455278067
89181,25.682094701578357,0.9959709911361805,560,681,1241,-0.0008058017727639033,-0.0008333472224535399,0.9973408541498809,-0.00024174053182917098
89182,25.681261354355904,0.9959709911361805,560,681,1241,0.0,-0.0008333472224535399,0.9970991136180519,-0.00024174053182917098
89183,25.68042800713345,0.9959709911361805,560,681,1241,0.0,-0.0008333472224535399,0.9969379532634992,-0.00016116035455278067
89184,25.679594659910997,0.9967767929089444,560,681,1241,0.0008058017727639033,-0.0008333472224535399,0.9968573730862229,-8.058017727639034e-05
89185,25.678761312688543,0.9975825946817083,560,681,1241,0.0008058017727639033,-0.0008333472224535399,0.9968573730862229,0.0
89186,25.67792796546609,0.9975825946817083,560,681,1241,0.0,-0.0008333472224535399,0.9968573730862229,0.0
89187,25.677094618243636,0.9975825946817083,560,681,1241,0.0,-0.0008333472224535399,0.9968573730862229,0.0
89188,25.676261271021183,0.9975825946817083,560,681,1241,0.0,-0.0008333472224535399,0.9968573730862229,0.0
89189,25.67542792379873,0.9967767929089444,560,681,1241,-0.0008058017727639033,-0.0008333472224535399,0.9968573730862229,0.0
89190,25.674594576576276,0.9975825946817083,560,681,1241,0.0008058017727639033,-0.0008333472224535399,0.9969379532634992,8.058017727639034e-05
89191,25.673761229353822,0.9975825946817083,560,681,1241,0.0,-0.0008333472224535399,0.9970991136180519,0.00016116035455278067
89192,25.67292788213137,0.9975825946817083,560,681,1241,0.0,-0.0008333472224535399,0.9972602739726046,0.00016116035455278067
89193,25.672094534908915,0.9975825946817083,560,681,1241,0.0,-0.0008333472224535399,0.9974214343271572,0.00016116035455278067
89194,25.67126118768646,0.9975825946817083,560,681,1241,0.0,-0.0008333472224535399,0.9975020145044337,8.058017727639034e-05
89195,25.670427840464008,0.9975825946817083,560,681,1241,0.0,-0.0008333472224535399,0.9975020145044337,0.0
89196,25.669594493241554,0.9975825946817083,560,681,1241,0.0,-0.0008333472224535399,0.9975020145044337,0.0
89197,25.6687611460191,0.9975825946817083,560,681,1241,0.0,-0.0008333472224535399,0.9975020145044337,0.0
89198,25.667927798796647,0.9975825946817083,560,681,1241,0.0,-0.0008333472224535399,0.9975020145044337,0.0
89199,25.66709445157419,0.9975825946817083,560,681,1241,0.0,-0.0008333472224570926,0.99758259468171,8.058017727639034e-05
89200,25.666261104351737,0.9975825946817083,560,681,1241,0.0,-0.0008333472224535399,0.99758259468171,0.0
89201,25.665427757129283,0.9975825946817083,560,681,1241,0.0,-0.0008333472224535399,0.99758259468171,0.0
89202,25.66459440990683,0.9975825946817083,560,681,1241,0.0,-0.0008333472224535399,0.99758259468171,0.0
89203,25.663761062684376,0.9975825946817083,560,681,1241,0.0,-0.0008333472224535399,0.99758259468171,0.0
89204,25.662927715461922,0.9991941982272361,560,681,1241,0.0016116035455278066,-0.0008333472224535399,0.9977437550362629,0.00016116035455278067
89205,25.66209436823947,0.9991941982272361,560,681,1241,0.0,-0.0008333472224535399,0.9979049153908157,0.00016116035455278067
89206,25.661261021017015,0.9983883964544722,560,681,1241,-0.0008058017727639033,-0.0008333472224535399,0.9979854955680922,8.058017727639034e-05
89207,25.660427673794562,0.9983883964544722,560,681,1241,0.0,-0.0008333472224535399,0.9980660757453685,8.058017727639034e-05
89208,25.65959432657211,0.9983883964544722,560,681,1241,0.0,-0.0008333472224535399,0.998146655922645,8.058017727639034e-05
89209,25.658760979349655,0.9983883964544722,560,681,1241,0.0,-0.0008333472224535399,0.9982272360999213,8.058017727639034e-05
89210,25.6579276321272,0.9983883964544722,560,681,1241,0.0,-0.0008333472224535399,0.9983078162771977,8.058017727639034e-05
89211,25.657094284904748,0.9983883964544722,560,681,1241,0.0,-0.0008333472224535399,0.998388396454474,8.058017727639034e-05
89212,25.656260937682294,0.9983883964544722,560,681,1241,0.0,-0.0008333472224535399,0.9984689766317503,8.058017727639034e-05
89213,25.65542759045984,0.9983883964544722,560,681,1241,0.0,-0.0008333472224535399,0.9985495568090267,8.058017727639034e-05
89214,25.654594243237387,0.9983883964544722,560,681,1241,0.0,-0.0008333472224535399,0.9984689766317502,-8.058017727639034e-05
89215,25.653760896014933,0.9991941982272361,560,681,1241,0.0008058017727639033,-0.0008333472224535399,0.9984689766317502,0.0
89216,25.65292754879248,0.9991941982272361,560,681,1241,0.0,-0.0008333472224535399,0.9985495568090265,8.058017727639034e-05
89217,25.652094201570026,0.9991941982272361,560,681,1241,0.0,-0.0008333472224535399,0.9986301369863029,8.058017727639034e-05
89218,25.651260854347573,0.9991941982272361,560,681,1241,0.0,-0.0008333472224535399,0.9987107171635792,8.058017727639034e-05
89219,25.65042750712512,0.9991941982272361,560,681,1241,0.0,-0.0008333472224535399,0.9987912973408555,8.058017727639034e-05
89220,25.649594159902666,1.0,560,681,1241,0.0008058017727639033,-0.0008333472224535399,0.9989524576954082,0.00016116035455278067
89221,25.64876081268021,1.0,560,681,1241,0.0,-0.0008333472224570926,0.9991136180499609,0.00016116035455278067
89222,25.647927465457755,1.0,560,681,1241,0.0,-0.0008333472224535399,0.9992747784045136,0.00016116035455278067
89223,25.6470941182353,1.0,560,681,1241,0.0,-0.0008333472224535399,0.9994359387590663,0.00016116035455278067
89224,25.646260771012848,1.0,560,681,1241,0.0,-0.0008333472224535399,0.9995970991136189,0.00016116035455278067
89225,25.645427423790395,1.0,560,681,1241,0.0,-0.0008333472224535399,0.9996776792908953,8.058017727639034e-05
89226,25.64459407656794,1.0,560,681,1241,0.0,-0.0008333472224535399,0.9997582594681717,8.058017727639034e-05
89227,25.643760729345487,1.0,560,681,1241,0.0,-0.0008333472224535399,0.9998388396454481,8.058017727639034e-05
89228,25.642927382123034,1.0,560,681,1241,0.0,-0.0008333472224535399,0.9999194198227244,8.058017727639034e-05
89229,25.64209403490058,1.0,560,681,1241,0.0,-0.0008333472224535399,1.0000000000000007,8.058017727639034e-05
89230,25.641260687678127,1.0,560,681,1241,0.0,-0.0008333472224535399,1.0000000000000007,0.0
89231,25.640427340455673,0.9983883964544722,560,681,1241,-0.0016116035455278066,-0.0008333472224535399,0.9998388396454481,-0.00016116035455278067
89232,25.63959399323322,0.9983883964544722,560,681,1241,0.0,-0.0008333472224535399,0.9996776792908953,-0.00016116035455278067
89233,25.638760646010766,0.9983883964544722,560,681,1241,0.0,-0.0008333472224535399,0.9995165189363426,-0.00016116035455278067
89234,25.637927298788313,0.9975825946817083,560,681,1241,-0.0008058017727639033,-0.0008333472224535399,0.9992747784045134,-0.00024174053182917098
89235,25.63709395156586,0.9983883964544722,560,681,1241,0.0008058017727639033,-0.0008333472224535399,0.9991136180499606,-0.00016116035455278067
89236,25.636260604343406,0.9983883964544722,560,681,1241,0.0,-0.0008333472224535399,0.9989524576954079,-0.00016116035455278067
89237,25.635427257120952,0.9983883964544722,560,681,1241,0.0,-0.0008333472224535399,0.9987912973408551,-0.00016116035455278067
89238,25.6345939098985,0.9983883964544722,560,681,1241,0.0,-0.0008333472224535399,0.9986301369863024,-0.00016116035455278067
89239,25.633760562676045,0.9983883964544722,560,681,1241,0.0,-0.0008333472224535399,0.9984689766317498,-0.00016116035455278067
89240,25.63292721545359,0.9983883964544722,560,681,1241,0.0,-0.0008333472224535399,0.9983078162771971,-0.00016116035455278067
89241,25.632093868231138,0.9983883964544722,560,681,1241,0.0,-0.0008333472224535399,0.9983078162771971,0.0
89242,25.63126052100868,0.9983883964544722,560,681,1241,0.0,-0.0008333472224570926,0.9983078162771971,0.0
89243,25.630427173786227,0.9983883964544722,560,681,1241,0.0,-0.0008333472224535399,0.9983078162771971,0.0
89244,25.629593826563774,0.9983883964544722,560,681,1241,0.0,-0.0008333472224535399,0.9983883964544736,8.058017727639034e-05
89245,25.62876047934132,0.9983883964544722,560,681,1241,0.0,-0.0008333472224535399,0.9983883964544734,0.0
89246,25.627927132118867,0.9983883964544722,560,681,1241,0.0,-0.0008333472224535399,0.9983883964544734,0.0
89247,25.627093784896413,0.9983883964544722,560,681,1241,0.0,-0.0008333472224535399,0.9983883964544734,0.0
89248,25.62626043767396,0.9983883964544722,560,681,1241,0.0,-0.0008333472224535399,0.9983883964544734,0.0
89249,25.625427090451506,0.9983883964544722,560,681,1241,0.0,-0.0008333472224535399,0.9983883964544734,0.0
89250,25.624593743229052,0.9975825946817083,560,681,1241,-0.0008058017727639033,-0.0008333472224535399,0.9983078162771971,-8.058017727639034e-05
89251,25.6237603960066,0.9975825946817083,560,681,1241,0.0,-0.0008333472224535399,0.9982272360999207,-8.058017727639034e-05
89252,25.622927048784145,0.9975825946817083,560,681,1241,0.0,-0.0008333472224535399,0.9981466559226444,-8.058017727639034e-05
89253,25.622093701561692,0.9975825946817083,560,681,1241,0.0,-0.0008333472224535399,0.9980660757453681,-8.058017727639034e-05
89254,25.62126035433924,0.9967767929089444,560,681,1241,-0.0008058017727639033,-0.0008333472224535399,0.9979049153908154,-0.00016116035455278067
89255,25.620427007116785,0.9951651893634166,560,681,1241,-0.0016116035455278066,-0.0008333472224535399,0.9975825946817096,-0.00032232070910556134
89256,25.61959365989433,0.9951651893634166,560,681,1241,0.0,-0.0008333472224535399,0.9972602739726039,-0.00032232070910556134
89257,25.618760312671878,0.9951651893634166,560,681,1241,0.0,-0.0008333472224535399,0.9969379532634981,-0.00032232070910556134
89258,25.617926965449424,0.9951651893634166,560,681,1241,0.0,-0.0008333472224535399,0.9966156325543924,-0.00032232070910556134
89259,25.61709361822697,0.9951651893634166,560,681,1241,0.0,-0.0008333472224535399,0.9962933118452867,-0.00032232070910556134
89260,25.616260271004517,0.9951651893634166,560,681,1241,0.0,-0.0008333472224535399,0.9960515713134575,-0.00024174053182917098
89261,25.615426923782064,0.9959709911361805,560,681,1241,0.0008058017727639033,-0.0008333472224535399,0.9958904109589047,-0.00016116035455278067
89262,25.61459357655961,0.9959709911361805,560,681,1241,0.0,-0.0008333472224535399,0.995729250604352,-0.00016116035455278067
89263,25.613760229337153,0.9959709911361805,560,681,1241,0.0,-0.0008333472224570926,0.9955680902497994,-0.00016116035455278067
89264,25.6129268821147,0.9967767929089444,560,681,1241,0.0008058017727639033,-0.0008333472224535399,0.9955680902497994,0.0
89265,25.612093534892246,0.9967767929089444,560,681,1241,0.0,-0.0008333472224535399,0.9957292506043522,0.00016116035455278067
89266,25.611260187669792,0.9959709911361805,560,681,1241,-0.0008058017727639033,-0.0008333472224535399,0.9958098307816285,8.058017727639034e-05
89267,25.61042684044734,0.9951651893634166,560,681,1241,-0.0008058017727639033,-0.0008333472224535399,0.9958098307816285,0.0
89268,25.609593493224885,0.9943593875906527,560,681,1241,-0.0008058017727639033,-0.0008333472224535399,0.9957292506043522,-8.058017727639034e-05
89269,25.60876014600243,0.9943593875906527,560,681,1241,0.0,-0.0008333472224535399,0.9956486704270759,-8.058017727639034e-05
89270,25.607926798779978,0.9943593875906527,560,681,1241,0.0,-0.0008333472224535399,0.9955680902497995,-8.058017727639034e-05
89271,25.607093451557525,0.9943593875906527,560,681,1241,0.0,-0.0008333472224535399,0.9954069298952467,-0.00016116035455278067
89272,25.60626010433507,0.9959709911361805,560,681,1241,0.0016116035455278066,-0.0008333472224535399,0.9954069298952467,0.0
89273,25.605426757112618,0.9967767929089444,560,681,1241,0.0008058017727639033,-0.0008333472224535399,0.995487510072523,8.058017727639034e-05
89274,25.604593409890164,0.9967767929089444,560,681,1241,0.0,-0.0008333472224535399,0.995487510072523,0.0
89275,25.60376006266771,0.9975825946817083,560,681,1241,0.0008058017727639033,-0.0008333472224535399,0.9955680902497994,8.058017727639034e-05
89276,25.602926715445257,0.9967767929089444,560,681,1241,-0.0008058017727639033,-0.0008333472224535399,0.9956486704270757,8.058017727639034e-05
89277,25.602093368222803,0.9975825946817083,560,681,1241,0.0008058017727639033,-0.0008333472224535399,0.995890410958905,0.00024174053182917098
89278,25.60126002100035,0.9967767929089444,560,681,1241,-0.0008058017727639033,-0.0008333472224535399,0.9961321514907342,0.00024174053182917098
89279,25.600426673777896,0.9967767929089444,560,681,1241,0.0,-0.0008333472224535399,0.9963738920225633,0.00024174053182917098
89280,25.599593326555443,0.9967767929089444,560,681,1241,0.0,-0.0008333472224535399,0.9966156325543926,0.00024174053182917098
89281,25.59875997933299,0.9967767929089444,560,681,1241,0.0,-0.0008333472224535399,0.9968573730862218,0.00024174053182917098
89282,25.597926632110536,0.9967767929089444,560,681,1241,0.0,-0.0008333472224535399,0.9969379532634981,8.058017727639034e-05
89283,25.597093284888082,0.9959709911361805,560,681,1241,-0.0008058017727639033,-0.0008333472224535399,0.9968573730862218,-8.058017727639034e-05
89284,25.596259937665625,0.9951651893634166,560,681,1241,-0.0008058017727639033,-0.0008333472224570926,0.996696212731669,-0.00016116035455278067
89285,25.59542659044317,0.9951651893634166,560,681,1241,0.0,-0.0008333472224535399,0.9964544721998398,-0.00024174053182917098
89286,25.594593243220718,0.9951651893634166,560,681,1241,0.0,-0.0008333472224535399,0.9962933118452872,-0.00016116035455278067
89287,25.593759895998264,0.9959709911361805,560,681,1241,0.0008058017727639033,-0.0008333472224535399,0.9961321514907345,-0.00016116035455278067
89288,25.59292654877581,0.9975825946817083,560,681,1241,0.0016116035455278066,-0.0008333472224535399,0.9962127316680108,8.058017727639034e-05
89289,25.592093201553357,0.9975825946817083,560,681,1241,0.0,-0.0008333472224535399,0.9962933118452872,8.058017727639034e-05
89290,25.591259854330904,0.9975825946817083,560,681,1241,0.0,-0.0008333472224535399,0.9963738920225635,8.058017727639034e-05
89291,25.59042650710845,0.9975825946817083,560,681,1241,0.0,-0.0008333472224535399,0.9964544721998398,8.058017727639034e-05
89292,25.589593159885997,0.9975825946817083,560,681,1241,0.0,-0.0008333472224535399,0.9965350523771163,8.058017727639034e-05
89293,25.588759812663543,0.9975825946817083,560,681,1241,0.0,-0.0008333472224535399,0.996696212731669,0.00016116035455278067
89294,25.58792646544109,0.9975825946817083,560,681,1241,0.0,-0.0008333472224535399,0.9969379532634981,0.00024174053182917098
89295,25.587093118218636,0.9983883964544722,560,681,1241,0.0008058017727639033,-0.0008333472224535399,0.9972602739726039,0.00032232070910556134
89296,25.586259770996183,0.9983883964544722,560,681,1241,0.0,-0.0008333472224535399,0.9975825946817096,0.00032232070910556134
89297,25.58542642377373,0.9983883964544722,560,681,1241,0.0,-0.0008333472224535399,0.9978243352135389,0.00024174053182917098
89298,25.584593076551275,0.9983883964544722,560,681,1241,0.0,-0.0008333472224535399,0.9979049153908152,8.058017727639034e-05
89299,25.583759729328822,0.9983883964544722,560,681,1241,0.0,-0.0008333472224535399,0.9979854955680916,8.058017727639034e-05
89300,25.58292638210637,0.9975825946817083,560,681,1241,-0.0008058017727639033,-0.0008333472224535399,0.9979854955680916,0.0
89301,25.582093034883915,0.9975825946817083,560,681,1241,0.0,-0.0008333472224535399,0.9979854955680916,0.0
89302,25.58125968766146,0.9975825946817083,560,681,1241,0.0,-0.0008333472224535399,0.9979854955680916,0.0
89303,25.580426340439008,0.9967767929089444,560,681,1241,-0.0008058017727639033,-0.0008333472224535399,0.9979049153908152,-8.058017727639034e-05
89304,25.579592993216554,0.9967767929089444,560,681,1241,0.0,-0.0008333472224535399,0.9978243352135389,-8.058017727639034e-05
89305,25.578759645994097,0.9967767929089444,560,681,1241,0.0,-0.0008333472224570926,0.9976631748589859,-0.00016116035455278067
89306,25.577926298771644,0.9967767929089444,560,681,1241,0.0,-0.0008333472224535399,0.9975020145044333,-0.00016116035455278067
89307,25.57709295154919,0.9967767929089444,560,681,1241,0.0,-0.0008333472224535399,0.9973408541498806,-0.00016116035455278067
89308,25.576259604326737,0.9983883964544722,560,681,1241,0.0016116035455278066,-0.0008333472224535399,0.9973408541498806,0.0
89309,25.575426257104283,0.9983883964544722,560,681,1241,0.0,-0.0008333472224535399,0.9973408541498806,0.0
89310,25.57459290988183,0.9991941982272361,560,681,1241,0.0008058017727639033,-0.0008333472224535399,0.9975020145044334,0.00016116035455278067
89311,25.573759562659376,0.9991941982272361,560,681,1241,0.0,-0.0008333472224535399,0.9976631748589864,0.00016116035455278067
89312,25.572926215436922,0.9991941982272361,560,681,1241,0.0,-0.0008333472224535399,0.9978243352135392,0.00016116035455278067
89313,25.57209286821447,1.0,560,681,1241,0.0008058017727639033,-0.0008333472224535399,0.9981466559226447,0.00032232070910556134
89314,25.571259520992015,1.0,560,681,1241,0.0,-0.0008333472224535399,0.9984689766317503,0.00032232070910556134
89315,25.57042617376956,1.0,560,681,1241,0.0,-0.0008333472224535399,0.9987912973408559,0.00032232070910556134
89316,25.569592826547108,0.9991941982272361,560,681,1241,-0.0008058017727639033,-0.0008333472224535399,0.999033037872685,0.00024174053182917098
89317,25.568759479324655,0.9991941982272361,560,681,1241,0.0,-0.0008333472224535399,0.9992747784045143,0.00024174053182917098
89318,25.5679261321022,0.9991941982272361,560,681,1241,0.0,-0.0008333472224535399,0.9993553585817907,8.058017727639034e-05
89319,25.567092784879748,0.9991941982272361,560,681,1241,0.0,-0.0008333472224535399,0.999435938759067,8.058017727639034e-05
89320,25.566259437657294,0.9991941982272361,560,681,1241,0.0,-0.0008333472224535399,0.999435938759067,0.0
89321,25.56542609043484,1.0,560,681,1241,0.0008058017727639033,-0.0008333472224535399,0.9995165189363433,8.058017727639034e-05
89322,25.564592743212387,1.0,560,681,1241,0.0,-0.0008333472224535399,0.9995970991136197,8.058017727639034e-05
89323,25.563759395989933,1.0,560,681,1241,0.0,-0.0008333472224535399,0.9995970991136197,0.0
89324,25.56292604876748,1.0,560,681,1241,0.0,-0.0008333472224535399,0.9995970991136197,0.0
89325,25.562092701545026,1.0,560,681,1241,0.0,-0.0008333472224535399,0.9995970991136197,0.0
89326,25.56125935432257,1.0,560,681,1241,0.0,-0.0008333472224570926,0.999677679290896,8.058017727639034e-05
89327,25.560426007100116,1.0,560,681,1241,0.0,-0.0008333472224535399,0.9997582594681724,8.058017727639034e-05
89328,25.559592659877662,1.0,560,681,1241,0.0,-0.0008333472224535399,0.9998388396454487,8.058017727639034e-05
89329,25.55875931265521,1.0,560,681,1241,0.0,-0.0008333472224535399,0.999919419822725,8.058017727639034e-05
89330,25.557925965432755,1.0,560,681,1241,0.0,-0.0008333472224535399,1.0000000000000013,8.058017727639034e-05
89331,25.5570926182103,1.0,560,681,1241,0.0,-0.0008333472224535399,1.0000000000000013,0.0
89332,25.556259270987848,0.9991941982272361,560,681,1241,-0.0008058017727639033,-0.0008333472224535399,0.999919419822725,-8.058017727639034e-05
89333,25.555425923765394,0.9991941982272361,560,681,1241,0.0,-0.0008333472224535399,0.9998388396454487,-8.058017727639034e-05
89334,25.55459257654294,0.9991941982272361,560,681,1241,0.0,-0.0008333472224535399,0.9997582594681724,-8.058017727639034e-05
89335,25.553759229320487,0.9991941982272361,560,681,1241,0.0,-0.0008333472224535399,0.999677679290896,-8.058017727639034e-05
89336,25.552925882098034,0.9991941982272361,560,681,1241,0.0,-0.0008333472224535399,0.9995970991136197,-8.058017727639034e-05
89337,25.55209253487558,0.9991941982272361,560,681,1241,0.0,-0.0008333472224535399,0.9995165189363433,-8.058017727639034e-05
89338,25.551259187653127,0.9991941982272361,560,681,1241,0.0,-0.0008333472224535399,0.999435938759067,-8.058017727639034e-05
89339,25.550425840430673,0.9991941982272361,560,681,1241,0.0,-0.0008333472224535399,0.9993553585817907,-8.058017727639034e-05
89340,25.54959249320822,0.9991941982272361,560,681,1241,0.0,-0.0008333472224535399,0.9992747784045143,-8.058017727639034e-05
89341,25.548759145985766,1.0,560,681,1241,0.0008058017727639033,-0.0008333472224535399,0.9992747784045143,0.0
89342,25.547925798763313,0.9991941982272361,560,681,1241,-0.0008058017727639033,-0.0008333472224535399,0.9992747784045143,0.0
89343,25.54709245154086,0.9991941982272361,560,681,1241,0.0,-0.0008333472224535399,0.9992747784045143,0.0
89344,25.546259104318406,0.9991941982272361,560,681,1241,0.0,-0.0008333472224535399,0.9992747784045143,0.0
89345,25.545425757095952,0.9983883964544722,560,681,1241,-0.0008058017727639033,-0.0008333472224535399,0.999194198227238,-8.058017727639034e-05
89346,25.5445924098735,0.9975825946817083,560,681,1241,-0.0008058017727639033,-0.0008333472224535399,0.999033037872685,-0.00016116035455278067
89347,25.543759062651045,0.9975825946817083,560,681,1241,0.0,-0.0008333472224535399,0.9988718775181322,-0.00016116035455278067
89348,25.542925715428588,0.9975825946817083,560,681,1241,0.0,-0.0008333472224570926,0.9987107171635794,-0.00016116035455278067
89349,25.542092368206134,0.9967767929089444,560,681,1241,-0.0008058017727639033,-0.0008333472224535399,0.9984689766317502,-0.00024174053182917098
89350,25.54125902098368,0.9967767929089444,560,681,1241,0.0,-0.0008333472224535399,0.9982272360999209,-0.00024174053182917098
89351,25.540425673761227,0.9967767929089444,560,681,1241,0.0,-0.0008333472224535399,0.9979049153908154,-0.00032232070910556134
89352,25.539592326538774,0.9967767929089444,560,681,1241,0.0,-0.0008333472224535399,0.9976631748589861,-0.00024174053182917098
89353,25.53875897931632,0.9967767929089444,560,681,1241,0.0,-0.0008333472224535399,0.9974214343271569,-0.00024174053182917098
89354,25.537925632093867,0.9967767929089444,560,681,1241,0.0,-0.0008333472224535399,0.9971796937953277,-0.00024174053182917098
89355,25.537092284871413,0.9967767929089444,560,681,1241,0.0,-0.0008333472224535399,0.9970185334407748,-0.00016116035455278067
89356,25.53625893764896,0.9975825946817083,560,681,1241,0.0008058017727639033,-0.0008333472224535399,0.9970185334407748,0.0
89357,25.535425590426506,0.9967767929089444,560,681,1241,-0.0008058017727639033,-0.0008333472224535399,0.9969379532634985,-8.058017727639034e-05
89358,25.534592243204052,0.9975825946817083,560,681,1241,0.0008058017727639033,-0.0008333472224535399,0.9969379532634985,0.0
89359,25.5337588959816,0.9975825946817083,560,681,1241,0.0,-0.0008333472224535399,0.9970185334407748,8.058017727639034e-05
89360,25.532925548759145,0.9975825946817083,560,681,1241,0.0,-0.0008333472224535399,0.9970991136180511,8.058017727639034e-05
89361,25.532092201536692,0.9975825946817083,560,681,1241,0.0,-0.0008333472224535399,0.9971796937953276,8.058017727639034e-05
89362,25.53125885431424,0.9983883964544722,560,681,1241,0.0008058017727639033,-0.0008333472224535399,0.9973408541498804,0.00016116035455278067
89363,25.530425507091785,0.9983883964544722,560,681,1241,0.0,-0.0008333472224535399,0.9975020145044331,0.00016116035455278067
89364,25.52959215986933,0.9983883964544722,560,681,1241,0.0,-0.0008333472224535399,0.9976631748589858,0.00016116035455278067
89365,25.528758812646878,0.9983883964544722,560,681,1241,0.0,-0.0008333472224535399,0.9978243352135385,0.00016116035455278067
89366,25.527925465424424,0.9983883964544722,560,681,1241,0.0,-0.0008333472224535399,0.9979049153908148,8.058017727639034e-05
89367,25.52709211820197,0.9983883964544722,560,681,1241,0.0,-0.0008333472224535399,0.9980660757453675,0.00016116035455278067
89368,25.526258770979517,0.9975825946817083,560,681,1241,-0.0008058017727639033,-0.0008333472224535399,0.9980660757453675,0.0
89369,25.52542542375706,0.9975825946817083,560,681,1241,0.0,-0.0008333472224570926,0.9980660757453675,0.0
89370,25.524592076534606,0.9967767929089444,560,681,1241,-0.0008058017727639033,-0.0008333472224535399,0.9979854955680911,-8.058017727639034e-05
89371,25.523758729312153,0.9959709911361805,560,681,1241,-0.0008058017727639033,-0.0008333472224535399,0.9978243352135385,-0.00016116035455278067
89372,25.5229253820897,0.9967767929089444,560,681,1241,0.0008058017727639033,-0.0008333472224535399,0.9976631748589856,-0.00016116035455278067
89373,25.522092034867246,0.9959709911361805,560,681,1241,-0.0008058017727639033,-0.0008333472224535399,0.9974214343271566,-0.00024174053182917098
89374,25.521258687644792,0.9959709911361805,560,681,1241,0.0,-0.0008333472224535399,0.9971796937953276,-0.00024174053182917098
89375,25.52042534042234,0.9959709911361805,560,681,1241,0.0,-0.0008333472224535399,0.9969379532634985,-0.00024174053182917098
89376,25.519591993199885,0.9959709911361805,560,681,1241,0.0,-0.0008333472224535399,0.9966962127316694,-0.00024174053182917098
89377,25.51875864597743,0.9967767929089444,560,681,1241,0.0008058017727639033,-0.0008333472224535399,0.9965350523771168,-0.00016116035455278067
89378,25.517925298754978,0.9967767929089444,560,681,1241,0.0,-0.0008333472224535399,0.9964544721998404,-8.058017727639034e-05
89379,25.517091951532525,0.9967767929089444,560,681,1241,0.0,-0.0008333472224535399,0.9963738920225641,-8.058017727639034e-05
89380,25.51625860431007,0.9967767929089444,560,681,1241,0.0,-0.0008333472224535399,0.9963738920225641,0.0
89381,25.515425257087617,0.9967767929089444,560,681,1241,0.0,-0.0008333472224535399,0.9964544721998404,8.058017727639034e-05
89382,25.514591909865164,0.9975825946817083,560,681,1241,0.0008058017727639033,-0.0008333472224535399,0.9965350523771168,8.058017727639034e-05
89383,25.51375856264271,0.9975825946817083,560,681,1241,0.0,-0.0008333472224535399,0.9966962127316694,0.00016116035455278067
89384,25.512925215420257,0.9975825946817083,560,681,1241,0.0,-0.0008333472224535399,0.9968573730862221,0.00016116035455278067
89385,25.512091868197803,0.9975825946817083,560,681,1241,0.0,-0.0008333472224535399,0.9970185334407748,0.00016116035455278067
89386,25.51125852097535,0.9975825946817083,560,681,1241,0.0,-0.0008333472224535399,0.9971796937953276,0.00016116035455278067
89387,25.510425173752896,0.9975825946817083,560,681,1241,0.0,-0.0008333472224535399,0.9972602739726039,8.058017727639034e-05
89388,25.509591826530443,0.9975825946817083,560,681,1241,0.0,-0.0008333472224535399,0.9973408541498803,8.058017727639034e-05
89389,25.50875847930799,0.9975825946817083,560,681,1241,0.0,-0.0008333472224535399,0.9974214343271566,8.058017727639034e-05
89390,25.507925132085532,0.9983883964544722,560,681,1241,0.0008058017727639033,-0.0008333472224570926,0.9975825946817094,0.00016116035455278067
89391,25.50709178486308,0.9975825946817083,560,681,1241,-0.0008058017727639033,-0.0008333472224535399,0.9976631748589858,8.058017727639034e-05
89392,25.506258437640625,0.9967767929089444,560,681,1241,-0.0008058017727639033,-0.0008333472224535399,0.9975825946817094,-8.058017727639034e-05
89393,25.50542509041817,0.9967767929089444,560,681,1241,0.0,-0.0008333472224535399,0.9975020145044331,-8.058017727639034e-05
89394,25.504591743195718,0.9975825946817083,560,681,1241,0.0008058017727639033,-0.0008333472224535399,0.9975020145044331,0.0
89395,25.503758395973264,0.9983883964544722,560,681,1241,0.0008058017727639033,-0.0008333472224535399,0.9975825946817094,8.058017727639034e-05
89396,25.50292504875081,0.9983883964544722,560,681,1241,0.0,-0.0008333472224535399,0.9976631748589858,8.058017727639034e-05
89397,25.502091701528357,0.9983883964544722,560,681,1241,0.0,-0.0008333472224535399,0.9977437550362621,8.058017727639034e-05
89398,25.501258354305904,0.9975825946817083,560,681,1241,-0.0008058017727639033,-0.0008333472224535399,0.9977437550362621,0.0
89399,25.50042500708345,0.9975825946817083,560,681,1241,0.0,-0.0008333472224535399,0.9977437550362621,0.0
89400,25.499591659860997,0.9975825946817083,560,681,1241,0.0,-0.0008333472224535399,0.9976631748589856,-8.058017727639034e-05
89401,25.498758312638543,0.9967767929089444,560,681,1241,-0.0008058017727639033,-0.0008333472224535399,0.9975825946817093,-8.058017727639034e-05
89402,25.49792496541609,0.9967767929089444,560,681,1241,0.0,-0.0008333472224535399,0.9975825946817093,0.0
89403,25.497091618193636,0.9967767929089444,560,681,1241,0.0,-0.0008333472224535399,0.9975825946817093,0.0
89404,25.496258270971182,0.9959709911361805,560,681,1241,-0.0008058017727639033,-0.0008333472224535399,0.9974214343271566,-0.00016116035455278067
89405,25.49542492374873,0.9959709911361805,560,681,1241,0.0,-0.0008333472224535399,0.9971796937953276,-0.00024174053182917098
89406,25.494591576526275,0.9959709911361805,560,681,1241,0.0,-0.0008333472224535399,0.9969379532634985,-0.00024174053182917098
89407,25.493758229303822,0.9959709911361805,560,681,1241,0.0,-0.0008333472224535399,0.9966962127316694,-0.00024174053182917098
89408,25.49292488208137,0.9959709911361805,560,681,1241,0.0,-0.0008333472224535399,0.9965350523771168,-0.00016116035455278067
89409,25.492091534858915,0.9967767929089444,560,681,1241,0.0008058017727639033,-0.0008333472224535399,0.9964544721998404,-8.058017727639034e-05
89410,25.49125818763646,0.9967767929089444,560,681,1241,0.0,-0.0008333472224535399,0.9963738920225641,-8.058017727639034e-05
89411,25.490424840414004,0.9975825946817083,560,681,1241,0.0008058017727639033,-0.0008333472224570926,0.9964544721998404,8.058017727639034e-05
89412,25.48959149319155,0.9975825946817083,560,681,1241,0.0,-0.0008333472224535399,0.9965350523771168,8.058017727639034e-05
89413,25.488758145969097,0.9983883964544722,560,681,1241,0.0008058017727639033,-0.0008333472224535399,0.9966962127316696,0.00016116035455278067
89414,25.487924798746644,0.9983883964544722,560,681,1241,0.0,-0.0008333472224535399,0.9969379532634987,0.00024174053182917098
89415,25.48709145152419,0.9983883964544722,560,681,1241,0.0,-0.0008333472224535399,0.9971796937953277,0.00024174053182917098
89416,25.486258104301736,0.9983883964544722,560,681,1241,0.0,-0.0008333472224535399,0.9974214343271568,0.00024174053182917098
89417,25.485424757079283,0.9991941982272361,560,681,1241,0.0008058017727639033,-0.0008333472224535399,0.9977437550362623,0.00032232070910556134
89418,25.48459140985683,0.9991941982272361,560,681,1241,0.0,-0.0008333472224535399,0.9980660757453679,0.00032232070910556134
89419,25.483758062634376,0.9991941982272361,560,681,1241,0.0,-0.0008333472224535399,0.9983078162771971,0.00024174053182917098
89420,25.482924715411922,0.9991941982272361,560,681,1241,0.0,-0.0008333472224535399,0.9985495568090264,0.00024174053182917098
89421,25.48209136818947,0.9991941982272361,560,681,1241,0.0,-0.0008333472224535399,0.9987107171635792,0.00016116035455278067
89422,25.481258020967015,0.9991941982272361,560,681,1241,0.0,-0.0008333472224535399,0.998871877518132,0.00016116035455278067
89423,25.48042467374456,0.9991941982272361,560,681,1241,0.0,-0.0008333472224535399,0.9989524576954085,8.058017727639034e-05
89424,25.479591326522108,0.9983883964544722,560,681,1241,-0.0008058017727639033,-0.0008333472224535399,0.9989524576954085,0.0
89425,25.478757979299655,0.9975825946817083,560,681,1241,-0.0008058017727639033,-0.0008333472224535399,0.9988718775181322,-8.058017727639034e-05
89426,25.4779246320772,0.9975825946817083,560,681,1241,0.0,-0.0008333472224535399,0.9987912973408559,-8.058017727639034e-05
89427,25.477091284854747,0.9983883964544722,560,681,1241,0.0008058017727639033,-0.0008333472224535399,0.9987107171635795,-8.058017727639034e-05
89428,25.476257937632294,0.9991941982272361,560,681,1241,0.0008058017727639033,-0.0008333472224535399,0.9987107171635795,0.0
89429,25.47542459040984,0.9991941982272361,560,681,1241,0.0,-0.0008333472224535399,0.9987107171635795,0.0
89430,25.474591243187387,0.9991941982272361,560,681,1241,0.0,-0.0008333472224535399,0.9987107171635795,0.0
89431,25.473757895964933,0.9991941982272361,560,681,1241,0.0,-0.0008333472224535399,0.9987107171635795,0.0
89432,25.472924548742476,0.9991941982272361,560,681,1241,0.0,-0.0008333472224570926,0.9987107171635795,0.0
89433,25.472091201520023,0.9991941982272361,560,681,1241,0.0,-0.0008333472224535399,0.9987107171635795,0.0
89434,25.47125785429757,0.9991941982272361,560,681,1241,0.0,-0.0008333472224535399,0.9987912973408559,8.058017727639034e-05
89435,25.470424507075116,0.9991941982272361,560,681,1241,0.0,-0.0008333472224535399,0.9989524576954087,0.00016116035455278067
89436,25.469591159852662,0.9991941982272361,560,681,1241,0.0,-0.0008333472224535399,0.9991136180499616,0.00016116035455278067
89437,25.46875781263021,0.9991941982272361,560,681,1241,0.0,-0.0008333472224535399,0.999194198227238,8.058017727639034e-05
89438,25.467924465407755,0.9983883964544722,560,681,1241,-0.0008058017727639033,-0.0008333472224535399,0.9991136180499616,-8.058017727639034e-05
89439,25.4670911181853,0.9983883964544722,560,681,1241,0.0,-0.0008333472224535399,0.9990330378726853,-8.058017727639034e-05
89440,25.466257770962848,0.9983883964544722,560,681,1241,0.0,-0.0008333472224535399,0.998952457695409,-8.058017727639034e-05
89441,25.465424423740394,0.9991941982272361,560,681,1241,0.0008058017727639033,-0.0008333472224535399,0.998952457695409,0.0
89442,25.46459107651794,0.9991941982272361,560,681,1241,0.0,-0.0008333472224535399,0.998952457695409,0.0
89443,25.463757729295487,0.9991941982272361,560,681,1241,0.0,-0.0008333472224535399,0.998952457695409,0.0
89444,25.462924382073034,0.9991941982272361,560,681,1241,0.0,-0.0008333472224535399,0.998952457695409,0.0
89445,25.46209103485058,0.9991941982272361,560,681,1241,0.0,-0.0008333472224535399,0.998952457695409,0.0
89446,25.461257687628127,0.9991941982272361,560,681,1241,0.0,-0.0008333472224535399,0.998952457695409,0.0
89447,25.460424340405673,0.9991941982272361,560,681,1241,0.0,-0.0008333472224535399,0.998952457695409,0.0
89448,25.45959099318322,0.9991941982272361,560,681,1241,0.0,-0.0008333472224535399,0.9990330378726853,8.058017727639034e-05
89449,25.458757645960766,0.9991941982272361,560,681,1241,0.0,-0.0008333472224535399,0.9991136180499616,8.058017727639034e-05
89450,25.457924298738313,0.9991941982272361,560,681,1241,0.0,-0.0008333472224535399,0.999194198227238,8.058017727639034e-05
89451,25.45709095151586,0.9991941982272361,560,681,1241,0.0,-0.0008333472224535399,0.999194198227238,0.0
89452,25.456257604293405,0.9983883964544722,560,681,1241,-0.0008058017727639033,-0.0008333472224535399,0.9991136180499616,-8.058017727639034e-05
89453,25.455424257070952,0.9983883964544722,560,681,1241,0.0,-0.0008333472224535399,0.9990330378726853,-8.058017727639034e-05
89454,25.454590909848495,0.9991941982272361,560,681,1241,0.0008058017727639033,-0.0008333472224570926,0.9990330378726853,0.0
89455,25.45375756262604,0.9991941982272361,560,681,1241,0.0,-0.0008333472224535399,0.9990330378726853,0.0
89456,25.452924215403588,0.9991941982272361,560,681,1241,0.0,-0.0008333472224535399,0.9990330378726853,0.0
89457,25.452090868181134,0.9991941982272361,560,681,1241,0.0,-0.0008333472224535399,0.9990330378726853,0.0
89458,25.45125752095868,0.9991941982272361,560,681,1241,0.0,-0.0008333472224535399,0.9990330378726853,0.0
89459,25.450424173736227,0.9991941982272361,560,681,1241,0.0,-0.0008333472224535399,0.9990330378726853,0.0
89460,25.449590826513774,0.9983883964544722,560,681,1241,-0.0008058017727639033,-0.0008333472224535399,0.998952457695409,-8.058017727639034e-05
89461,25.44875747929132,0.9983883964544722,560,681,1241,0.0,-0.0008333472224535399,0.9988718775181326,-8.058017727639034e-05
89462,25.447924132068866,0.9983883964544722,560,681,1241,0.0,-0.0008333472224535399,0.9988718775181326,0.0
89463,25.447090784846413,0.9975825946817083,560,681,1241,-0.0008058017727639033,-0.0008333472224535399,0.9987912973408563,-8.058017727639034e-05
89464,25.44625743762396,0.9983883964544722,560,681,1241,0.0008058017727639033,-0.0008333472224535399,0.9987107171635798,-8.058017727639034e-05
89465,25.445424090401506,0.9983883964544722,560,681,1241,0.0,-0.0008333472224535399,0.9986301369863035,-8.058017727639034e-05
89466,25.444590743179052,0.9983883964544722,560,681,1241,0.0,-0.0008333472224535399,0.9985495568090272,-8.058017727639034e-05
89467,25.4437573959566,0.9983883964544722,560,681,1241,0.0,-0.0008333472224535399,0.9984689766317508,-8.058017727639034e-05
89468,25.442924048734145,0.9983883964544722,560,681,1241,0.0,-0.0008333472224535399,0.9983883964544745,-8.058017727639034e-05
89469,25.44209070151169,0.9983883964544722,560,681,1241,0.0,-0.0008333472224535399,0.9983078162771981,-8.058017727639034e-05
89470,25.441257354289238,0.9991941982272361,560,681,1241,0.0008058017727639033,-0.0008333472224535399,0.9983883964544745,8.058017727639034e-05
89471,25.440424007066785,0.9991941982272361,560,681,1241,0.0,-0.0008333472224535399,0.9984689766317508,8.058017727639034e-05
89472,25.43959065984433,0.9991941982272361,560,681,1241,0.0,-0.0008333472224535399,0.9985495568090272,8.058017727639034e-05
89473,25.438757312621878,0.9991941982272361,560,681,1241,0.0,-0.0008333472224535399,0.9987107171635801,0.00016116035455278067
89474,25.437923965399424,0.9991941982272361,560,681,1241,0.0,-0.0008333472224535399,0.9987912973408566,8.058017727639034e-05
89475,25.437090618176967,0.9991941982272361,560,681,1241,0.0,-0.0008333472224570926,0.9988718775181329,8.058017727639034e-05
89476,25.436257270954513,0.9991941982272361,560,681,1241,0.0,-0.0008333472224535399,0.9989524576954093,8.058017727639034e-05
89477,25.43542392373206,0.9991941982272361,560,681,1241,0.0,-0.0008333472224535399,0.9990330378726856,8.058017727639034e-05
89478,25.434590576509606,0.9991941982272361,560,681,1241,0.0,-0.0008333472224535399,0.999113618049962,8.058017727639034e-05
89479,25.433757229287153,0.9991941982272361,560,681,1241,0.0,-0.0008333472224535399,0.9991941982272383,8.058017727639034e-05
89480,25.4329238820647,0.9991941982272361,560,681,1241,0.0,-0.0008333472224535399,0.9991941982272383,0.0
89481,25.432090534842246,0.9991941982272361,560,681,1241,0.0,-0.0008333472224535399,0.9991941982272383,0.0
89482,25.431257187619792,0.9983883964544722,560,681,1241,-0.0008058017727639033,-0.0008333472224535399,0.999113618049962,-8.058017727639034e-05
89483,25.43042384039734,0.9983883964544722,560,681,1241,0.0,-0.0008333472224535399,0.9990330378726856,-8.058017727639034e-05
89484,25.429590493174885,0.9983883964544722,560,681,1241,0.0,-0.0008333472224535399,0.9989524576954093,-8.058017727639034e-05
89485,25.42875714595243,0.9983883964544722,560,681,1241,0.0,-0.0008333472224535399,0.9988718775181329,-8.058017727639034e-05
89486,25.427923798729978,0.9983883964544722,560,681,1241,0.0,-0.0008333472224535399,0.9987912973408566,-8.058017727639034e-05
89487,25.427090451507524,0.9983883964544722,560,681,1241,0.0,-0.0008333472224535399,0.9987107171635803,-8.058017727639034e-05
89488,25.42625710428507,0.9983883964544722,560,681,1241,0.0,-0.0008333472224535399,0.9986301369863039,-8.058017727639034e-05
89489,25.425423757062617,0.9983883964544722,560,681,1241,0.0,-0.0008333472224535399,0.9985495568090276,-8.058017727639034e-05
89490,25.424590409840164,0.9983883964544722,560,681,1241,0.0,-0.0008333472224535399,0.9984689766317512,-8.058017727639034e-05
89491,25.42375706261771,0.9983883964544722,560,681,1241,0.0,-0.0008333472224535399,0.9983883964544749,-8.058017727639034e-05
89492,25.422923715395257,0.9983883964544722,560,681,1241,0.0,-0.0008333472224535399,0.9983883964544749,0.0
89493,25.422090368172803,0.9991941982272361,560,681,1241,0.0008058017727639033,-0.0008333472224535399,0.9984689766317512,8.058017727639034e-05
89494,25.42125702095035,0.9991941982272361,560,681,1241,0.0,-0.0008333472224535399,0.9985495568090276,8.058017727639034e-05
89495,25.420423673727896,0.9983883964544722,560,681,1241,-0.0008058017727639033,-0.0008333472224535399,0.9985495568090276,0.0
89496,25.41959032650544,0.9983883964544722,560,681,1241,0.0,-0.0008333472224570926,0.9985495568090276,0.0
89497,25.418756979282985,0.9983883964544722,560,681,1241,0.0,-0.0008333472224535399,0.9985495568090276,0.0
89498,25.417923632060532,0.9983883964544722,560,681,1241,0.0,-0.0008333472224535399,0.9985495568090276,0.0
89499,25.41709028483808,0.9983883964544722,560,681,1241,0.0,-0.0008333472224535399,0.9985495568090276,0.0
89500,25.416256937615625,0.9983883964544722,560,681,1241,0.0,-0.0008333472224535399,0.9985495568090276,0.0
89501,25.41542359039317,0.9983883964544722,560,681,1241,0.0,-0.0008333472224535399,0.9985495568090276,0.0
89502,25.414590243170718,0.9991941982272361,560,681,1241,0.0008058017727639033,-0.0008333472224535399,0.9986301369863039,8.058017727639034e-05
89503,25.413756895948264,0.9991941982272361,560,681,1241,0.0,-0.0008333472224535399,0.9986301369863039,0.0
89504,25.41292354872581,0.9991941982272361,560,681,1241,0.0,-0.0008333472224535399,0.9986301369863039,0.0
89505,25.412090201503357,0.9991941982272361,560,681,1241,0.0,-0.0008333472224535399,0.9987107171635803,8.058017727639034e-05
89506,25.411256854280904,0.9991941982272361,560,681,1241,0.0,-0.0008333472224535399,0.9987912973408566,8.058017727639034e-05
89507,25.41042350705845,0.9991941982272361,560,681,1241,0.0,-0.0008333472224535399,0.9988718775181329,8.058017727639034e-05
89508,25.409590159835997,0.9991941982272361,560,681,1241,0.0,-0.0008333472224535399,0.9989524576954093,8.058017727639034e-05
89509,25.408756812613543,0.9983883964544722,560,681,1241,-0.0008058017727639033,-0.0008333472224535399,0.9989524576954093,0.0
89510,25.40792346539109,0.9983883964544722,560,681,1241,0.0,-0.0008333472224535399,0.9989524576954093,0.0
89511,25.407090118168636,0.9983883964544722,560,681,1241,0.0,-0.0008333472224535399,0.9989524576954093,0.0
89512,25.406256770946182,0.9991941982272361,560,681,1241,0.0008058017727639033,-0.0008333472224535399,0.9989524576954093,0.0
89513,25.40542342372373,0.9991941982272361,560,681,1241,0.0,-0.0008333472224535399,0.9989524576954093,0.0
89514,25.404590076501275,0.9991941982272361,560,681,1241,0.0,-0.0008333472224535399,0.9989524576954093,0.0
89515,25.403756729278822,0.9991941982272361,560,681,1241,0.0,-0.0008333472224535399,0.9989524576954093,0.0
89516,25.40292338205637,0.9983883964544722,560,681,1241,-0.0008058017727639033,-0.0008333472224535399,0.9988718775181329,-8.058017727639034e-05
89517,25.40209003483391,0.9991941982272361,560,681,1241,0.0008058017727639033,-0.0008333472224570926,0.9988718775181329,0.0
89518,25.401256687611458,0.9991941982272361,560,681,1241,0.0,-0.0008333472224535399,0.9988718775181329,0.0
89519,25.400423340389004,0.9991941982272361,560,681,1241,0.0,-0.0008333472224535399,0.9989524576954093,8.058017727639034e-05
89520,25.39958999316655,0.9991941982272361,560,681,1241,0.0,-0.0008333472224535399,0.9990330378726856,8.058017727639034e-05
89521,25.398756645944097,0.9991941982272361,560,681,1241,0.0,-0.0008333472224535399,0.999113618049962,8.058017727639034e-05
89522,25.397923298721643,0.9991941982272361,560,681,1241,0.0,-0.0008333472224535399,0.999113618049962,0.0
89523,25.39708995149919,0.9991941982272361,560,681,1241,0.0,-0.0008333472224535399,0.999113618049962,0.0
89524,25.396256604276736,0.9983883964544722,560,681,1241,-0.0008058017727639033,-0.0008333472224535399,0.9990330378726856,-8.058017727639034e-05
89525,25.395423257054283,0.9983883964544722,560,681,1241,0.0,-0.0008333472224535399,0.9989524576954093,-8.058017727639034e-05
89526,25.39458990983183,0.9975825946817083,560,681,1241,-0.0008058017727639033,-0.0008333472224535399,0.9988718775181329,-8.058017727639034e-05
89527,25.393756562609376,0.9975825946817083,560,681,1241,0.0,-0.0008333472224535399,0.9987107171635801,-0.00016116035455278067
89528,25.392923215386922,0.9975825946817083,560,681,1241,0.0,-0.0008333472224535399,0.9985495568090272,-0.00016116035455278067
89529,25.39208986816447,0.9983883964544722,560,681,1241,0.0008058017727639033,-0.0008333472224535399,0.9984689766317508,-8.058017727639034e-05
89530,25.391256520942015,0.9983883964544722,560,681,1241,0.0,-0.0008333472224535399,0.9983883964544745,-8.058017727639034e-05
89531,25.39042317371956,0.9983883964544722,560,681,1241,0.0,-0.0008333472224535399,0.9983078162771981,-8.058017727639034e-05
89532,25.389589826497108,0.9983883964544722,560,681,1241,0.0,-0.0008333472224535399,0.9982272360999218,-8.058017727639034e-05
89533,25.388756479274655,0.9983883964544722,560,681,1241,0.0,-0.0008333472224535399,0.9981466559226455,-8.058017727639034e-05
89534,25.3879231320522,0.9983883964544722,560,681,1241,0.0,-0.0008333472224535399,0.9981466559226455,0.0
89535,25.387089784829747,0.9983883964544722,560,681,1241,0.0,-0.0008333472224535399,0.9981466559226455,0.0
89536,25.386256437607294,0.9983883964544722,560,681,1241,0.0,-0.0008333472224535399,0.998227236099922,8.058017727639034e-05
89537,25.38542309038484,0.9983883964544722,560,681,1241,0.0,-0.0008333472224535399,0.9983078162771983,8.058017727639034e-05
89538,25.384589743162383,0.9983883964544722,560,681,1241,0.0,-0.0008333472224570926,0.9983883964544746,8.058017727639034e-05
89539,25.38375639593993,0.9983883964544722,560,681,1241,0.0,-0.0008333472224535399,0.9983883964544745,0.0
89540,25.382923048717476,0.9975825946817083,560,681,1241,-0.0008058017727639033,-0.0008333472224535399,0.9983078162771981,-8.058017727639034e-05
89541,25.382089701495023,0.9975825946817083,560,681,1241,0.0,-0.0008333472224535399,0.9982272360999218,-8.058017727639034e-05
89542,25.38125635427257,0.9975825946817083,560,681,1241,0.0,-0.0008333472224535399,0.9981466559226455,-8.058017727639034e-05
89543,25.380423007050116,0.9975825946817083,560,681,1241,0.0,-0.0008333472224535399,0.9980660757453691,-8.058017727639034e-05
89544,25.379589659827662,0.9975825946817083,560,681,1241,0.0,-0.0008333472224535399,0.9979854955680928,-8.058017727639034e-05
89545,25.37875631260521,0.9975825946817083,560,681,1241,0.0,-0.0008333472224535399,0.9979049153908164,-8.058017727639034e-05
89546,25.377922965382755,0.9975825946817083,560,681,1241,0.0,-0.0008333472224535399,0.9978243352135401,-8.058017727639034e-05
89547,25.3770896181603,0.9975825946817083,560,681,1241,0.0,-0.0008333472224535399,0.9977437550362638,-8.058017727639034e-05
89548,25.376256270937848,0.9975825946817083,560,681,1241,0.0,-0.0008333472224535399,0.9976631748589874,-8.058017727639034e-05
89549,25.375422923715394,0.9967767929089444,560,681,1241,-0.0008058017727639033,-0.0008333472224535399,0.9975020145044347,-0.00016116035455278067
89550,25.37458957649294,0.9959709911361805,560,681,1241,-0.0008058017727639033,-0.0008333472224535399,0.997340854149882,-0.00016116035455278067
89551,25.373756229270487,0.9959709911361805,560,681,1241,0.0,-0.0008333472224535399,0.9971796937953293,-0.00016116035455278067
89552,25.372922882048034,0.9943593875906527,560,681,1241,-0.0016116035455278066,-0.0008333472224535399,0.9968573730862238,-0.00032232070910556134
89553,25.37208953482558,0.9935535858178888,560,681,1241,-0.0008058017727639033,-0.0008333472224535399,0.9964544721998418,-0.00040290088638195165
89554,25.371256187603127,0.9935535858178888,560,681,1241,0.0,-0.0008333472224535399,0.9960515713134599,-0.00040290088638195165
89555,25.370422840380673,0.9935535858178888,560,681,1241,0.0,-0.0008333472224535399,0.995648670427078,-0.00040290088638195165
89556,25.36958949315822,0.9935535858178888,560,681,1241,0.0,-0.0008333472224535399,0.9952457695406961,-0.00040290088638195165
89557,25.368756145935766,0.9935535858178888,560,681,1241,0.0,-0.0008333472224535399,0.9948428686543143,-0.00040290088638195165
89558,25.367922798713312,0.9935535858178888,560,681,1241,0.0,-0.0008333472224535399,0.9944399677679323,-0.00040290088638195165
89559,25.367089451490855,0.9943593875906527,560,681,1241,0.0008058017727639033,-0.0008333472224570926,0.9941982272361031,-0.00024174053182917098
89560,25.366256104268402,0.9943593875906527,560,681,1241,0.0,-0.0008333472224535399,0.9940370668815502,-0.00016116035455278067
89561,25.36542275704595,0.9951651893634166,560,681,1241,0.0008058017727639033,-0.0008333472224535399,0.9939564867042738,-8.058017727639034e-05
89562,25.364589409823495,0.9959709911361805,560,681,1241,0.0008058017727639033,-0.0008333472224535399,0.9941176470588268,0.00016116035455278067
89563,25.36375606260104,0.9959709911361805,560,681,1241,0.0,-0.0008333472224535399,0.994359387590656,0.00024174053182917098
89564,25.362922715378588,0.9959709911361805,560,681,1241,0.0,-0.0008333472224535399,0.9946011281224851,0.00024174053182917098
89565,25.362089368156134,0.9959709911361805,560,681,1241,0.0,-0.0008333472224535399,0.9948428686543144,0.00024174053182917098
89566,25.36125602093368,0.9959709911361805,560,681,1241,0.0,-0.0008333472224535399,0.9950846091861436,0.00024174053182917098
89567,25.360422673711227,0.9959709911361805,560,681,1241,0.0,-0.0008333472224535399,0.9953263497179728,0.00024174053182917098
89568,25.359589326488774,0.9959709911361805,560,681,1241,0.0,-0.0008333472224535399,0.9955680902498021,0.00024174053182917098
89569,25.35875597926632,0.9959709911361805,560,681,1241,0.0,-0.0008333472224535399,0.9957292506043549,0.00016116035455278067
89570,25.357922632043866,0.9951651893634166,560,681,1241,-0.0008058017727639033,-0.0008333472224535399,0.9958098307816314,8.058017727639034e-05
89571,25.357089284821413,0.9951651893634166,560,681,1241,0.0,-0.0008333472224535399,0.9958098307816314,0.0
89572,25.35625593759896,0.9943593875906527,560,681,1241,-0.0008058017727639033,-0.0008333472224535399,0.9956486704270786,-0.00016116035455278067
89573,25.355422590376506,0.9943593875906527,560,681,1241,0.0,-0.0008333472224535399,0.9954875100725257,-0.00016116035455278067
89574,25.354589243154052,0.9935535858178888,560,681,1241,-0.0008058017727639033,-0.0008333472224535399,0.9952457695406964,-0.00024174053182917098
89575,25.3537558959316,0.9943593875906527,560,681,1241,0.0008058017727639033,-0.0008333472224535399,0.9950846091861436,-0.00016116035455278067
89576,25.352922548709145,0.9943593875906527,560,681,1241,0.0,-0.0008333472224535399,0.9949234488315908,-0.00016116035455278067
89577,25.35208920148669,0.9943593875906527,560,681,1241,0.0,-0.0008333472224535399,0.9947622884770378,-0.00016116035455278067
89578,25.351255854264238,0.9927477840451249,560,681,1241,-0.0016116035455278066,-0.0008333472224535399,0.9944399677679323,-0.00032232070910556134
89579,25.350422507041785,0.9927477840451249,560,681,1241,0.0,-0.0008333472224535399,0.9941176470588268,-0.00032232070910556134
89580,25.34958915981933,0.9935535858178888,560,681,1241,0.0008058017727639033,-0.0008333472224535399,0.9939564867042741,-0.00016116035455278067
89581,25.348755812596874,0.9927477840451249,560,681,1241,-0.0008058017727639033,-0.0008333472224570926,0.993714746172445,-0.00024174053182917098
89582,25.34792246537442,0.9927477840451249,560,681,1241,0.0,-0.0008333472224535399,0.9935535858178923,-0.00016116035455278067
89583,25.347089118151967,0.9943593875906527,560,681,1241,0.0016116035455278066,-0.0008333472224535399,0.9935535858178923,0.0
89584,25.346255770929513,0.9943593875906527,560,681,1241,0.0,-0.0008333472224535399,0.9936341659951686,8.058017727639034e-05
89585,25.34542242370706,0.9943593875906527,560,681,1241,0.0,-0.0008333472224535399,0.9936341659951686,0.0
89586,25.344589076484606,0.9935535858178888,560,681,1241,-0.0008058017727639033,-0.0008333472224535399,0.9935535858178923,-8.058017727639034e-05
89587,25.343755729262153,0.9951651893634166,560,681,1241,0.0016116035455278066,-0.0008333472224535399,0.9936341659951686,8.058017727639034e-05
89588,25.3429223820397,0.9943593875906527,560,681,1241,-0.0008058017727639033,-0.0008333472224535399,0.9937953263497213,0.00016116035455278067
89589,25.342089034817246,0.9943593875906527,560,681,1241,0.0,-0.0008333472224535399,0.9939564867042741,0.00016116035455278067
89590,25.341255687594792,0.9943593875906527,560,681,1241,0.0,-0.0008333472224535399,0.9940370668815504,8.058017727639034e-05
89591,25.34042234037234,0.9943593875906527,560,681,1241,0.0,-0.0008333472224535399,0.9941982272361031,0.00016116035455278067
89592,25.339588993149885,0.9951651893634166,560,681,1241,0.0008058017727639033,-0.0008333472224535399,0.9944399677679321,0.00024174053182917098
89593,25.33875564592743,0.9943593875906527,560,681,1241,-0.0008058017727639033,-0.0008333472224535399,0.9944399677679321,0.0
89594,25.337922298704978,0.9943593875906527,560,681,1241,0.0,-0.0008333472224535399,0.9944399677679321,0.0
89595,25.337088951482524,0.9943593875906527,560,681,1241,0.0,-0.0008333472224535399,0.9944399677679321,0.0
89596,25.33625560426007,0.9935535858178888,560,681,1241,-0.0008058017727639033,-0.0008333472224535399,0.9944399677679321,0.0
89597,25.335422257037617,0.9935535858178888,560,681,1241,0.0,-0.0008333472224535399,0.9942788074133795,-0.00016116035455278067
89598,25.334588909815164,0.9935535858178888,560,681,1241,0.0,-0.0008333472224535399,0.9941982272361031,-8.058017727639034e-05
89599,25.33375556259271,0.9943593875906527,560,681,1241,0.0008058017727639033,-0.0008333472224535399,0.9941982272361031,0.0
89600,25.332922215370257,0.9943593875906527,560,681,1241,0.0,-0.0008333472224535399,0.9941982272361031,0.0
89601,25.332088868147803,0.9943593875906527,560,681,1241,0.0,-0.0008333472224535399,0.9941982272361031,0.0
89602,25.331255520925346,0.9943593875906527,560,681,1241,0.0,-0.0008333472224570926,0.9941176470588268,-8.058017727639034e-05
89603,25.330422173702893,0.9935535858178888,560,681,1241,-0.0008058017727639033,-0.0008333472224535399,0.9940370668815504,-8.058017727639034e-05
89604,25.32958882648044,0.9935535858178888,560,681,1241,0.0,-0.0008333472224535399,0.9939564867042741,-8.058017727639034e-05
89605,25.328755479257985,0.9935535858178888,560,681,1241,0.0,-0.0008333472224535399,0.9938759065269978,-8.058017727639034e-05
89606,25.327922132035532,0.9935535858178888,560,681,1241,0.0,-0.0008333472224535399,0.9938759065269978,0.0
89607,25.32708878481308,0.9935535858178888,560,681,1241,0.0,-0.0008333472224535399,0.9938759065269978,0.0
89608,25.326255437590625,0.9935535858178888,560,681,1241,0.0,-0.0008333472224535399,0.9938759065269978,0.0
89609,25.32542209036817,0.9935535858178888,560,681,1241,0.0,-0.0008333472224535399,0.9937953263497213,-8.058017727639034e-05
89610,25.324588743145718,0.9943593875906527,560,681,1241,0.0008058017727639033,-0.0008333472224535399,0.9937953263497213,0.0
89611,25.323755395923264,0.9943593875906527,560,681,1241,0.0,-0.0008333472224535399,0.9937953263497213,0.0
89612,25.32292204870081,0.9943593875906527,560,681,1241,0.0,-0.0008333472224535399,0.9937953263497213,0.0
89613,25.322088701478357,0.9935535858178888,560,681,1241,-0.0008058017727639033,-0.0008333472224535399,0.9937953263497213,0.0
89614,25.321255354255904,0.9935535858178888,560,681,1241,0.0,-0.0008333472224535399,0.9937953263497213,0.0
89615,25.32042200703345,0.9935535858178888,560,681,1241,0.0,-0.0008333472224535399,0.9937953263497213,0.0
89616,25.319588659810996,0.9935535858178888,560,681,1241,0.0,-0.0008333472224535399,0.9937953263497213,0.0
89617,25.318755312588543,0.9935535858178888,560,681,1241,0.0,-0.0008333472224535399,0.9937953263497213,0.0
89618,25.31792196536609,0.9943593875906527,560,681,1241,0.0008058017727639033,-0.0008333472224535399,0.9938759065269978,8.058017727639034e-05
89619,25.317088618143636,0.9943593875906527,560,681,1241,0.0,-0.0008333472224535399,0.9939564867042741,8.058017727639034e-05
89620,25.316255270921182,0.9951651893634166,560,681,1241,0.0008058017727639033,-0.0008333472224535399,0.9940370668815504,8.058017727639034e-05
89621,25.31542192369873,0.9959709911361805,560,681,1241,0.0008058017727639033,-0.0008333472224535399,0.9941982272361033,0.00016116035455278067
89622,25.314588576476275,0.9959709911361805,560,681,1241,0.0,-0.0008333472224535399,0.9943593875906561,0.00016116035455278067
89623,25.313755229253818,0.9959709911361805,560,681,1241,0.0,-0.0008333472224570926,0.9946011281224854,0.00024174053182917098
89624,25.312921882031365,0.9959709911361805,560,681,1241,0.0,-0.0008333472224535399,0.9948428686543146,0.00024174053182917098
89625,25.31208853480891,0.9967767929089444,560,681,1241,0.0008058017727639033,-0.0008333472224535399,0.9951651893634201,0.00032232070910556134
89626,25.311255187586458,0.9967767929089444,560,681,1241,0.0,-0.0008333472224535399,0.9954875100725257,0.00032232070910556134
89627,25.310421840364004,0.9967767929089444,560,681,1241,0.0,-0.0008333472224535399,0.9958098307816312,0.00032232070910556134
89628,25.30958849314155,0.9959709911361805,560,681,1241,-0.0008058017727639033,-0.0008333472224535399,0.9959709911361841,0.00016116035455278067
89629,25.308755145919097,0.9959709911361805,560,681,1241,0.0,-0.0008333472224535399,0.996132151490737,0.00016116035455278067
89630,25.307921798696643,0.9951651893634166,560,681,1241,-0.0008058017727639033,-0.0008333472224535399,0.9961321514907372,0.0
89631,25.30708845147419,0.9959709911361805,560,681,1241,0.0008058017727639033,-0.0008333472224535399,0.9961321514907372,0.0
89632,25.306255104251736,0.9967767929089444,560,681,1241,0.0008058017727639033,-0.0008333472224535399,0.9962127316680135,8.058017727639034e-05
89633,25.305421757029283,0.9967767929089444,560,681,1241,0.0,-0.0008333472224535399,0.9962933118452899,8.058017727639034e-05
89634,25.30458840980683,0.9967767929089444,560,681,1241,0.0,-0.0008333472224535399,0.9963738920225662,8.058017727639034e-05
89635,25.303755062584376,0.9967767929089444,560,681,1241,0.0,-0.0008333472224535399,0.9963738920225662,0.0
89636,25.302921715361922,0.9975825946817083,560,681,1241,0.0008058017727639033,-0.0008333472224535399,0.9964544721998425,8.058017727639034e-05
89637,25.30208836813947,0.9975825946817083,560,681,1241,0.0,-0.0008333472224535399,0.9965350523771189,8.058017727639034e-05
89638,25.301255020917015,0.9975825946817083,560,681,1241,0.0,-0.0008333472224535399,0.9966962127316716,0.00016116035455278067
89639,25.30042167369456,0.9975825946817083,560,681,1241,0.0,-0.0008333472224535399,0.9968573730862242,0.00016116035455278067
89640,25.299588326472108,0.9983883964544722,560,681,1241,0.0008058017727639033,-0.0008333472224535399,0.99717969379533,0.00032232070910556134
89641,25.298754979249654,0.9983883964544722,560,681,1241,0.0,-0.0008333472224535399,0.9974214343271592,0.00024174053182917098
89642,25.2979216320272,0.9983883964544722,560,681,1241,0.0,-0.0008333472224535399,0.997582594681712,0.00016116035455278067
89643,25.297088284804747,0.9983883964544722,560,681,1241,0.0,-0.0008333472224535399,0.9977437550362647,0.00016116035455278067
89644,25.29625493758229,0.9983883964544722,560,681,1241,0.0,-0.0008333472224570926,0.9979049153908173,0.00016116035455278067
89645,25.295421590359837,0.9991941982272361,560,681,1241,0.0008058017727639033,-0.0008333472224535399,0.9981466559226465,0.00024174053182917098
89646,25.294588243137383,0.9991941982272361,560,681,1241,0.0,-0.0008333472224535399,0.9983078162771994,0.00016116035455278067
89647,25.29375489591493,0.9991941982272361,560,681,1241,0.0,-0.0008333472224535399,0.9984689766317523,0.00016116035455278067
89648,25.292921548692476,1.0,560,681,1241,0.0008058017727639033,-0.0008333472224535399,0.9987107171635815,0.00024174053182917098
89649,25.292088201470023,1.0,560,681,1241,0.0,-0.0008333472224535399,0.9989524576954107,0.00024174053182917098
89650,25.29125485424757,1.0,560,681,1241,0.0,-0.0008333472224535399,0.9991136180499633,0.00016116035455278067
89651,25.290421507025115,1.0,560,681,1241,0.0,-0.0008333472224535399,0.9992747784045161,0.00016116035455278067
89652,25.289588159802662,1.0,560,681,1241,0.0,-0.0008333472224535399,0.9994359387590688,0.00016116035455278067
89653,25.28875481258021,1.0,560,681,1241,0.0,-0.0008333472224535399,0.9995970991136215,0.00016116035455278067
89654,25.287921465357755,1.0,560,681,1241,0.0,-0.0008333472224535399,0.9997582594681742,0.00016116035455278067
89655,25.2870881181353,1.0,560,681,1241,0.0,-0.0008333472224535399,0.9998388396454505,8.058017727639034e-05
89656,25.286254770912848,1.0,560,681,1241,0.0,-0.0008333472224535399,0.9999194198227268,8.058017727639034e-05
89657,25.285421423690394,0.9991941982272361,560,681,1241,-0.0008058017727639033,-0.0008333472224535399,0.9999194198227268,0.0
89658,25.28458807646794,1.0,560,681,1241,0.0008058017727639033,-0.0008333472224535399,0.9999194198227268,0.0
89659,25.283754729245487,1.0,560,681,1241,0.0,-0.0008333472224535399,0.9999194198227268,0.0
89660,25.282921382023034,1.0,560,681,1241,0.0,-0.0008333472224535399,0.9999194198227268,0.0
89661,25.28208803480058,1.0,560,681,1241,0.0,-0.0008333472224535399,0.9999194198227268,0.0
89662,25.281254687578127,1.0,560,681,1241,0.0,-0.0008333472224535399,0.9999194198227268,0.0
89663,25.280421340355673,1.0,560,681,1241,0.0,-0.0008333472224535399,0.9999194198227268,0.0
89664,25.27958799313322,1.0,560,681,1241,0.0,-0.0008333472224535399,0.9999194198227268,0.0
89665,25.278754645910762,1.0,560,681,1241,0.0,-0.0008333472224570926,0.9999194198227268,0.0
89666,25.27792129868831,1.0,560,681,1241,0.0,-0.0008333472224535399,0.9999194198227268,0.0
89667,25.277087951465855,1.0,560,681,1241,0.0,-0.0008333472224535399,1.000000000000003,8.058017727639034e-05
89668,25.2762546042434,1.0,560,681,1241,0.0,-0.0008333472224535399,1.000000000000003,0.0
89669,25.275421257020948,0.9991941982272361,560,681,1241,-0.0008058017727639033,-0.0008333472224535399,0.9999194198227268,-8.058017727639034e-05
89670,25.274587909798495,0.9991941982272361,560,681,1241,0.0,-0.0008333472224535399,0.9998388396454505,-8.058017727639034e-05
89671,25.27375456257604,0.9991941982272361,560,681,1241,0.0,-0.0008333472224535399,0.9997582594681742,-8.058017727639034e-05
89672,25.272921215353588,0.9991941982272361,560,681,1241,0.0,-0.0008333472224535399,0.9996776792908978,-8.058017727639034e-05
89673,25.272087868131134,0.9991941982272361,560,681,1241,0.0,-0.0008333472224535399,0.9995970991136215,-8.058017727639034e-05
89674,25.27125452090868,0.9991941982272361,560,681,1241,0.0,-0.0008333472224535399,0.9995165189363451,-8.058017727639034e-05
89675,25.270421173686227,0.9991941982272361,560,681,1241,0.0,-0.0008333472224535399,0.9994359387590688,-8.058017727639034e-05
89676,25.269587826463773,0.9983883964544722,560,681,1241,-0.0008058017727639033,-0.0008333472224535399,0.9992747784045161,-0.00016116035455278067
89677,25.26875447924132,0.9983883964544722,560,681,1241,0.0,-0.0008333472224535399,0.9991136180499633,-0.00016116035455278067
89678,25.267921132018866,0.9983883964544722,560,681,1241,0.0,-0.0008333472224535399,0.9989524576954107,-0.00016116035455278067
89679,25.267087784796413,0.9975825946817083,560,681,1241,-0.0008058017727639033,-0.0008333472224535399,0.9987912973408578,-0.00016116035455278067
89680,25.26625443757396,0.9975825946817083,560,681,1241,0.0,-0.0008333472224535399,0.998630136986305,-0.00016116035455278067
89681,25.265421090351506,0.9975825946817083,560,681,1241,0.0,-0.0008333472224535399,0.998468976631752,-0.00016116035455278067
89682,25.264587743129052,0.9975825946817083,560,681,1241,0.0,-0.0008333472224535399,0.9983078162771992,-0.00016116035455278067
89683,25.2637543959066,0.9975825946817083,560,681,1241,0.0,-0.0008333472224535399,0.9981466559226464,-0.00016116035455278067
89684,25.262921048684145,0.9975825946817083,560,681,1241,0.0,-0.0008333472224535399,0.9979854955680935,-0.00016116035455278067
89685,25.26208770146169,0.9975825946817083,560,681,1241,0.0,-0.0008333472224535399,0.9978243352135406,-0.00016116035455278067
89686,25.261254354239238,0.9983883964544722,560,681,1241,0.0008058017727639033,-0.0008333472224535399,0.9978243352135404,0.0
89687,25.26042100701678,0.9983883964544722,560,681,1241,0.0,-0.0008333472224570926,0.9978243352135404,0.0
89688,25.259587659794327,0.9983883964544722,560,681,1241,0.0,-0.0008333472224535399,0.9978243352135404,0.0
89689,25.258754312571874,0.9983883964544722,560,681,1241,0.0,-0.0008333472224535399,0.9979049153908169,8.058017727639034e-05
89690,25.25792096534942,0.9983883964544722,560,681,1241,0.0,-0.0008333472224535399,0.9979854955680934,8.058017727639034e-05
89691,25.257087618126967,0.9983883964544722,560,681,1241,0.0,-0.0008333472224535399,0.9980660757453697,8.058017727639034e-05
89692,25.256254270904513,0.9983883964544722,560,681,1241,0.0,-0.0008333472224535399,0.998146655922646,8.058017727639034e-05
89693,25.25542092368206,0.9991941982272361,560,681,1241,0.0008058017727639033,-0.0008333472224535399,0.9983078162771989,0.00016116035455278067
89694,25.254587576459606,0.9991941982272361,560,681,1241,0.0,-0.0008333472224535399,0.9984689766317517,0.00016116035455278067
89695,25.253754229237153,0.9991941982272361,560,681,1241,0.0,-0.0008333472224535399,0.9986301369863047,0.00016116035455278067
89696,25.2529208820147,0.9991941982272361,560,681,1241,0.0,-0.0008333472224535399,0.998710717163581,8.058017727639034e-05
89697,25.252087534792246,0.9991941982272361,560,681,1241,0.0,-0.0008333472224535399,0.9987912973408573,8.058017727639034e-05
89698,25.251254187569792,0.9991941982272361,560,681,1241,0.0,-0.0008333472224535399,0.9988718775181337,8.058017727639034e-05
89699,25.25042084034734,0.9991941982272361,560,681,1241,0.0,-0.0008333472224535399,0.99895245769541,8.058017727639034e-05
89700,25.249587493124885,1.0,560,681,1241,0.0008058017727639033,-0.0008333472224535399,0.9991136180499627,0.00016116035455278067
89701,25.24875414590243,1.0,560,681,1241,0.0,-0.0008333472224535399,0.9992747784045154,0.00016116035455278067
89702,25.247920798679978,0.9991941982272361,560,681,1241,-0.0008058017727639033,-0.0008333472224535399,0.9993553585817917,8.058017727639034e-05
89703,25.247087451457524,0.9991941982272361,560,681,1241,0.0,-0.0008333472224535399,0.9993553585817917,0.0
89704,25.24625410423507,0.9991941982272361,560,681,1241,0.0,-0.0008333472224535399,0.9993553585817917,0.0
89705,25.245420757012617,0.9991941982272361,560,681,1241,0.0,-0.0008333472224535399,0.9993553585817917,0.0
89706,25.244587409790164,0.9991941982272361,560,681,1241,0.0,-0.0008333472224535399,0.9993553585817917,0.0
89707,25.24375406256771,0.9991941982272361,560,681,1241,0.0,-0.0008333472224535399,0.9993553585817917,0.0
89708,25.242920715345253,0.9991941982272361,560,681,1241,0.0,-0.0008333472224570926,0.9993553585817917,0.0
89709,25.2420873681228,0.9991941982272361,560,681,1241,0.0,-0.0008333472224535399,0.9993553585817917,0.0
89710,25.241254020900346,0.9991941982272361,560,681,1241,0.0,-0.0008333472224535399,0.9992747784045154,-8.058017727639034e-05
89711,25.240420673677892,0.9991941982272361,560,681,1241,0.0,-0.0008333472224535399,0.999194198227239,-8.058017727639034e-05
89712,25.23958732645544,0.9991941982272361,560,681,1241,0.0,-0.0008333472224535399,0.999194198227239,0.0
89713,25.238753979232985,0.9975825946817083,560,681,1241,-0.0016116035455278066,-0.0008333472224535399,0.9990330378726862,-0.00016116035455278067
89714,25.237920632010532,0.9967767929089444,560,681,1241,-0.0008058017727639033,-0.0008333472224535399,0.9987912973408569,-0.00024174053182917098
89715,25.23708728478808,0.9975825946817083,560,681,1241,0.0008058017727639033,-0.0008333472224535399,0.9986301369863041,-0.00016116035455278067
89716,25.236253937565625,0.9975825946817083,560,681,1241,0.0,-0.0008333472224535399,0.9984689766317512,-0.00016116035455278067
89717,25.23542059034317,0.9991941982272361,560,681,1241,0.0016116035455278066,-0.0008333472224535399,0.9984689766317512,0.0
89718,25.234587243120718,0.9991941982272361,560,681,1241,0.0,-0.0008333472224535399,0.9984689766317512,0.0
89719,25.233753895898264,0.9991941982272361,560,681,1241,0.0,-0.0008333472224535399,0.9984689766317512,0.0
89720,25.23292054867581,0.9991941982272361,560,681,1241,0.0,-0.0008333472224535399,0.9984689766317512,0.0
89721,25.232087201453357,0.9991941982272361,560,681,1241,0.0,-0.0008333472224535399,0.9984689766317512,0.0
89722,25.231253854230903,1.0,560,681,1241,0.0008058017727639033,-0.0008333472224535399,0.9985495568090276,8.058017727639034e-05
89723,25.23042050700845,0.9991941982272361,560,681,1241,-0.0008058017727639033,-0.0008333472224535399,0.9987107171635804,0.00016116035455278067
89724,25.229587159785996,0.9991941982272361,560,681,1241,0.0,-0.0008333472224535399,0.9989524576954096,0.00024174053182917098
89725,25.228753812563543,0.9991941982272361,560,681,1241,0.0,-0.0008333472224535399,0.9991136180499625,0.00016116035455278067
89726,25.22792046534109,0.9991941982272361,560,681,1241,0.0,-0.0008333472224535399,0.9992747784045154,0.00016116035455278067
89727,25.227087118118636,0.9991941982272361,560,681,1241,0.0,-0.0008333472224535399,0.9992747784045154,0.0
89728,25.226253770896182,0.9991941982272361,560,681,1241,0.0,-0.0008333472224535399,0.9992747784045154,0.0
89729,25.225420423673725,0.9991941982272361,560,681,1241,0.0,-0.0008333472224570926,0.9992747784045154,0.0
89730,25.22458707645127,1.0,560,681,1241,0.0008058017727639033,-0.0008333472224535399,0.9993553585817917,8.058017727639034e-05
89731,25.223753729228818,1.0,560,681,1241,0.0,-0.0008333472224535399,0.9994359387590681,8.058017727639034e-05
89732,25.222920382006365,1.0,560,681,1241,0.0,-0.0008333472224535399,0.9994359387590681,0.0
89733,25.22208703478391,1.0,560,681,1241,0.0,-0.0008333472224535399,0.9995165189363444,8.058017727639034e-05
89734,25.221253687561457,1.0,560,681,1241,0.0,-0.0008333472224535399,0.9995970991136207,8.058017727639034e-05
89735,25.220420340339004,1.0,560,681,1241,0.0,-0.0008333472224535399,0.9996776792908971,8.058017727639034e-05
89736,25.21958699311655,1.0,560,681,1241,0.0,-0.0008333472224535399,0.9997582594681734,8.058017727639034e-05
89737,25.218753645894097,0.9991941982272361,560,681,1241,-0.0008058017727639033,-0.0008333472224535399,0.9997582594681734,0.0
89738,25.217920298671643,0.9991941982272361,560,681,1241,0.0,-0.0008333472224535399,0.9997582594681734,0.0
89739,25.21708695144919,0.9983883964544722,560,681,1241,-0.0008058017727639033,-0.0008333472224535399,0.9996776792908971,-8.058017727639034e-05
89740,25.216253604226736,0.9983883964544722,560,681,1241,0.0,-0.0008333472224535399,0.9995165189363444,-0.00016116035455278067
89741,25.215420257004283,0.9983883964544722,560,681,1241,0.0,-0.0008333472224535399,0.9993553585817917,-0.00016116035455278067
89742,25.21458690978183,0.9983883964544722,560,681,1241,0.0,-0.0008333472224535399,0.999194198227239,-0.00016116035455278067
89743,25.213753562559376,0.9983883964544722,560,681,1241,0.0,-0.0008333472224535399,0.9990330378726864,-0.00016116035455278067
89744,25.212920215336922,0.9983883964544722,560,681,1241,0.0,-0.0008333472224535399,0.9988718775181337,-0.00016116035455278067
89745,25.21208686811447,0.9991941982272361,560,681,1241,0.0008058017727639033,-0.0008333472224535399,0.9987912973408573,-8.058017727639034e-05
89746,25.211253520892015,0.9991941982272361,560,681,1241,0.0,-0.0008333472224535399,0.998710717163581,-8.058017727639034e-05
89747,25.21042017366956,0.9991941982272361,560,681,1241,0.0,-0.0008333472224535399,0.998710717163581,0.0
89748,25.209586826447108,0.9991941982272361,560,681,1241,0.0,-0.0008333472224535399,0.998710717163581,0.0
89749,25.208753479224654,0.9991941982272361,560,681,1241,0.0,-0.0008333472224535399,0.9987912973408573,8.058017727639034e-05
89750,25.207920132002197,0.9991941982272361,560,681,1241,0.0,-0.0008333472224570926,0.9988718775181337,8.058017727639034e-05
89751,25.207086784779744,0.9983883964544722,560,681,1241,-0.0008058017727639033,-0.0008333472224535399,0.9988718775181337,0.0
89752,25.20625343755729,0.9983883964544722,560,681,1241,0.0,-0.0008333472224535399,0.9988718775181337,0.0
89753,25.205420090334837,0.9983883964544722,560,681,1241,0.0,-0.0008333472224535399,0.9988718775181337,0.0
89754,25.204586743112383,0.9983883964544722,560,681,1241,0.0,-0.0008333472224535399,0.9988718775181337,0.0
89755,25.20375339588993,0.9983883964544722,560,681,1241,0.0,-0.0008333472224535399,0.9987912973408573,-8.058017727639034e-05
89756,25.202920048667476,0.9983883964544722,560,681,1241,0.0,-0.0008333472224535399,0.998710717163581,-8.058017727639034e-05
89757,25.202086701445022,0.9991941982272361,560,681,1241,0.0008058017727639033,-0.0008333472224535399,0.998710717163581,0.0
89758,25.20125335422257,0.9991941982272361,560,681,1241,0.0,-0.0008333472224535399,0.998710717163581,0.0
89759,25.200420007000115,0.9991941982272361,560,681,1241,0.0,-0.0008333472224535399,0.998710717163581,0.0
89760,25.199586659777662,0.9991941982272361,560,681,1241,0.0,-0.0008333472224535399,0.998710717163581,0.0
89761,25.19875331255521,0.9991941982272361,560,681,1241,0.0,-0.0008333472224535399,0.9987912973408573,8.058017727639034e-05
89762,25.197919965332755,0.9991941982272361,560,681,1241,0.0,-0.0008333472224535399,0.9988718775181337,8.058017727639034e-05
89763,25.1970866181103,0.9991941982272361,560,681,1241,0.0,-0.0008333472224535399,0.99895245769541,8.058017727639034e-05
89764,25.196253270887848,0.9991941982272361,560,681,1241,0.0,-0.0008333472224535399,0.9990330378726864,8.058017727639034e-05
89765,25.195419923665394,1.0,560,681,1241,0.0008058017727639033,-0.0008333472224535399,0.999194198227239,0.00016116035455278067
89766,25.19458657644294,1.0,560,681,1241,0.0,-0.0008333472224535399,0.9993553585817917,0.00016116035455278067
89767,25.193753229220487,1.0,560,681,1241,0.0,-0.0008333472224535399,0.9994359387590681,8.058017727639034e-05
89768,25.192919881998034,1.0,560,681,1241,0.0,-0.0008333472224535399,0.9995165189363444,8.058017727639034e-05
89769,25.19208653477558,1.0,560,681,1241,0.0,-0.0008333472224535399,0.9995970991136207,8.058017727639034e-05
89770,25.191253187553126,1.0,560,681,1241,0.0,-0.0008333472224535399,0.9996776792908971,8.058017727639034e-05
89771,25.19041984033067,1.0,560,681,1241,0.0,-0.0008333472224570926,0.9997582594681734,8.058017727639034e-05
89772,25.189586493108216,1.0,560,681,1241,0.0,-0.0008333472224535399,0.9998388396454498,8.058017727639034e-05
89773,25.188753145885762,1.0,560,681,1241,0.0,-0.0008333472224535399,0.9999194198227261,8.058017727639034e-05
89774,25.18791979866331,1.0,560,681,1241,0.0,-0.0008333472224535399,1.0000000000000024,8.058017727639034e-05
89775,25.187086451440855,1.0,560,681,1241,0.0,-0.0008333472224535399,1.0000000000000024,0.0
89776,25.1862531042184,1.0,560,681,1241,0.0,-0.0008333472224535399,1.0000000000000024,0.0
89777,25.185419756995948,1.0,560,681,1241,0.0,-0.0008333472224535399,1.0000000000000024,0.0
89778,25.184586409773495,1.0,560,681,1241,0.0,-0.0008333472224535399,1.0000000000000024,0.0
89779,25.18375306255104,1.0,560,681,1241,0.0,-0.0008333472224535399,1.0000000000000024,0.0
89780,25.182919715328588,1.0,560,681,1241,0.0,-0.0008333472224535399,1.0000000000000024,0.0
89781,25.182086368106134,1.0,560,681,1241,0.0,-0.0008333472224535399,1.0000000000000024,0.0
89782,25.18125302088368,1.0,560,681,1241,0.0,-0.0008333472224535399,1.0000000000000024,0.0
89783,25.180419673661227,0.9991941982272361,560,681,1241,-0.0008058017727639033,-0.0008333472224535399,0.9999194198227261,-8.058017727639034e-05
89784,25.179586326438773,0.9991941982272361,560,681,1241,0.0,-0.0008333472224535399,0.9998388396454498,-8.058017727639034e-05
89785,25.17875297921632,0.9991941982272361,560,681,1241,0.0,-0.0008333472224535399,0.9997582594681734,-8.058017727639034e-05
89786,25.177919631993866,0.9991941982272361,560,681,1241,0.0,-0.0008333472224535399,0.9996776792908971,-8.058017727639034e-05
89787,25.177086284771413,0.9983883964544722,560,681,1241,-0.0008058017727639033,-0.0008333472224535399,0.9995165189363444,-0.00016116035455278067
89788,25.17625293754896,0.9983883964544722,560,681,1241,0.0,-0.0008333472224535399,0.9993553585817917,-0.00016116035455278067
89789,25.175419590326506,0.9991941982272361,560,681,1241,0.0008058017727639033,-0.0008333472224535399,0.9992747784045154,-8.058017727639034e-05
89790,25.174586243104052,0.9991941982272361,560,681,1241,0.0,-0.0008333472224535399,0.999194198227239,-8.058017727639034e-05
89791,25.1737528958816,0.9991941982272361,560,681,1241,0.0,-0.0008333472224535399,0.9991136180499627,-8.058017727639034e-05
89792,25.17291954865914,1.0,560,681,1241,0.0008058017727639033,-0.0008333472224570926,0.9991136180499627,0.0
89793,25.172086201436688,1.0,560,681,1241,0.0,-0.0008333472224535399,0.999194198227239,8.058017727639034e-05
89794,25.171252854214234,0.9991941982272361,560,681,1241,-0.0008058017727639033,-0.0008333472224535399,0.999194198227239,0.0
89795,25.17041950699178,0.9991941982272361,560,681,1241,0.0,-0.0008333472224535399,0.999194198227239,0.0
89796,25.169586159769327,0.9991941982272361,560,681,1241,0.0,-0.0008333472224535399,0.999194198227239,0.0
89797,25.168752812546874,0.9991941982272361,560,681,1241,0.0,-0.0008333472224535399,0.9992747784045154,8.058017727639034e-05
89798,25.16791946532442,0.9991941982272361,560,681,1241,0.0,-0.0008333472224535399,0.9993553585817917,8.058017727639034e-05
89799,25.167086118101967,0.9991941982272361,560,681,1241,0.0,-0.0008333472224535399,0.9993553585817917,0.0
89800,25.166252770879513,0.9991941982272361,560,681,1241,0.0,-0.0008333472224535399,0.9993553585817917,0.0
89801,25.16541942365706,0.9991941982272361,560,681,1241,0.0,-0.0008333472224535399,0.9993553585817917,0.0
89802,25.164586076434606,1.0,560,681,1241,0.0008058017727639033,-0.0008333472224535399,0.9993553585817917,0.0
89803,25.163752729212153,1.0,560,681,1241,0.0,-0.0008333472224535399,0.9993553585817917,0.0
89804,25.1629193819897,1.0,560,681,1241,0.0,-0.0008333472224535399,0.9994359387590681,8.058017727639034e-05
89805,25.162086034767245,1.0,560,681,1241,0.0,-0.0008333472224535399,0.9995165189363444,8.058017727639034e-05
89806,25.161252687544792,0.9983883964544722,560,681,1241,-0.0016116035455278066,-0.0008333472224535399,0.9994359387590681,-8.058017727639034e-05
89807,25.16041934032234,0.9983883964544722,560,681,1241,0.0,-0.0008333472224535399,0.9993553585817917,-8.058017727639034e-05
89808,25.159585993099885,0.9983883964544722,560,681,1241,0.0,-0.0008333472224535399,0.9992747784045154,-8.058017727639034e-05
89809,25.15875264587743,0.9983883964544722,560,681,1241,0.0,-0.0008333472224535399,0.999194198227239,-8.058017727639034e-05
89810,25.157919298654978,0.9983883964544722,560,681,1241,0.0,-0.0008333472224535399,0.9991136180499627,-8.058017727639034e-05
89811,25.157085951432524,0.9983883964544722,560,681,1241,0.0,-0.0008333472224535399,0.9990330378726864,-8.058017727639034e-05
89812,25.15625260421007,0.9983883964544722,560,681,1241,0.0,-0.0008333472224535399,0.9988718775181337,-0.00016116035455278067
89813,25.155419256987617,0.9975825946817083,560,681,1241,-0.0008058017727639033,-0.0008333472224535399,0.9986301369863044,-0.00024174053182917098
89814,25.15458590976516,0.9975825946817083,560,681,1241,0.0,-0.0008333472224570926,0.9983883964544752,-0.00024174053182917098
89815,25.153752562542707,0.9975825946817083,560,681,1241,0.0,-0.0008333472224535399,0.998146655922646,-0.00024174053182917098
89816,25.152919215320253,0.9975825946817083,560,681,1241,0.0,-0.0008333472224535399,0.9980660757453694,-8.058017727639034e-05
89817,25.1520858680978,0.9983883964544722,560,681,1241,0.0008058017727639033,-0.0008333472224535399,0.9980660757453694,0.0
89818,25.151252520875346,0.9983883964544722,560,681,1241,0.0,-0.0008333472224535399,0.9980660757453694,0.0
89819,25.150419173652892,0.9983883964544722,560,681,1241,0.0,-0.0008333472224535399,0.9980660757453694,0.0
89820,25.14958582643044,0.9983883964544722,560,681,1241,0.0,-0.0008333472224535399,0.9980660757453694,0.0
89821,25.148752479207985,0.9983883964544722,560,681,1241,0.0,-0.0008333472224535399,0.9980660757453694,0.0
89822,25.14791913198553,0.9983883964544722,560,681,1241,0.0,-0.0008333472224535399,0.9980660757453694,0.0
89823,25.147085784763078,0.9983883964544722,560,681,1241,0.0,-0.0008333472224535399,0.998146655922646,8.058017727639034e-05
89824,25.146252437540625,0.9983883964544722,560,681,1241,0.0,-0.0008333472224535399,0.9982272360999224,8.058017727639034e-05
89825,25.14541909031817,0.9983883964544722,560,681,1241,0.0,-0.0008333472224535399,0.9983078162771987,8.058017727639034e-05
89826,25.144585743095718,0.9983883964544722,560,681,1241,0.0,-0.0008333472224535399,0.9983883964544751,8.058017727639034e-05
89827,25.143752395873264,0.9983883964544722,560,681,1241,0.0,-0.0008333472224535399,0.9983883964544749,0.0
89828,25.14291904865081,0.9983883964544722,560,681,1241,0.0,-0.0008333472224535399,0.9983883964544749,0.0
89829,25.142085701428357,0.9983883964544722,560,681,1241,0.0,-0.0008333472224535399,0.9983883964544749,0.0
89830,25.141252354205903,0.9983883964544722,560,681,1241,0.0,-0.0008333472224535399,0.9983883964544749,0.0
89831,25.14041900698345,0.9983883964544722,560,681,1241,0.0,-0.0008333472224535399,0.9983883964544749,0.0
89832,25.139585659760996,0.9983883964544722,560,681,1241,0.0,-0.0008333472224535399,0.9983883964544749,0.0
89833,25.138752312538543,0.9975825946817083,560,681,1241,-0.0008058017727639033,-0.0008333472224535399,0.9983078162771986,-8.058017727639034e-05
89834,25.13791896531609,0.9975825946817083,560,681,1241,0.0,-0.0008333472224535399,0.9982272360999221,-8.058017727639034e-05
89835,25.137085618093632,0.9975825946817083,560,681,1241,0.0,-0.0008333472224570926,0.9981466559226458,-8.058017727639034e-05
89836,25.13625227087118,0.9975825946817083,560,681,1241,0.0,-0.0008333472224535399,0.9980660757453694,-8.058017727639034e-05
89837,25.135418923648725,0.9983883964544722,560,681,1241,0.0008058017727639033,-0.0008333472224535399,0.9980660757453694,0.0
89838,25.13458557642627,0.9983883964544722,560,681,1241,0.0,-0.0008333472224535399,0.9980660757453694,0.0
89839,25.133752229203818,0.9983883964544722,560,681,1241,0.0,-0.0008333472224535399,0.9980660757453694,0.0
89840,25.132918881981364,0.9991941982272361,560,681,1241,0.0008058017727639033,-0.0008333472224535399,0.9981466559226458,8.058017727639034e-05
89841,25.13208553475891,0.9983883964544722,560,681,1241,-0.0008058017727639033,-0.0008333472224535399,0.9981466559226458,0.0
89842,25.131252187536457,0.9991941982272361,560,681,1241,0.0008058017727639033,-0.0008333472224535399,0.9982272360999221,8.058017727639034e-05
89843,25.130418840314004,0.9991941982272361,560,681,1241,0.0,-0.0008333472224535399,0.9983883964544751,0.00016116035455278067
89844,25.12958549309155,1.0,560,681,1241,0.0008058017727639033,-0.0008333472224535399,0.9986301369863042,0.00024174053182917098
89845,25.128752145869097,1.0,560,681,1241,0.0,-0.0008333472224535399,0.9988718775181334,0.00024174053182917098
89846,25.127918798646643,1.0,560,681,1241,0.0,-0.0008333472224535399,0.9991136180499627,0.00024174053182917098
89847,25.12708545142419,1.0,560,681,1241,0.0,-0.0008333472224535399,0.9992747784045154,0.00016116035455278067
89848,25.126252104201736,1.0,560,681,1241,0.0,-0.0008333472224535399,0.9994359387590681,0.00016116035455278067
89849,25.125418756979283,1.0,560,681,1241,0.0,-0.0008333472224535399,0.9995970991136207,0.00016116035455278067
89850,25.12458540975683,0.9991941982272361,560,681,1241,-0.0008058017727639033,-0.0008333472224535399,0.9995970991136207,0.0
89851,25.123752062534376,0.9991941982272361,560,681,1241,0.0,-0.0008333472224535399,0.9996776792908971,8.058017727639034e-05
89852,25.122918715311922,0.9991941982272361,560,681,1241,0.0,-0.0008333472224535399,0.9996776792908971,0.0
89853,25.12208536808947,0.9991941982272361,560,681,1241,0.0,-0.0008333472224535399,0.9996776792908971,0.0
89854,25.121252020867015,0.9991941982272361,560,681,1241,0.0,-0.0008333472224535399,0.9995970991136207,-8.058017727639034e-05
89855,25.12041867364456,0.9991941982272361,560,681,1241,0.0,-0.0008333472224535399,0.9995165189363444,-8.058017727639034e-05
89856,25.119585326422104,0.9983883964544722,560,681,1241,-0.0008058017727639033,-0.0008333472224570926,0.9993553585817917,-0.00016116035455278067
89857,25.11875197919965,0.9983883964544722,560,681,1241,0.0,-0.0008333472224535399,0.999194198227239,-0.00016116035455278067
89858,25.117918631977197,0.9983883964544722,560,681,1241,0.0,-0.0008333472224535399,0.9990330378726864,-0.00016116035455278067
89859,25.117085284754744,0.9983883964544722,560,681,1241,0.0,-0.0008333472224535399,0.9988718775181337,-0.00016116035455278067
89860,25.11625193753229,0.9983883964544722,560,681,1241,0.0,-0.0008333472224535399,0.9987912973408573,-8.058017727639034e-05
89861,25.115418590309837,0.9983883964544722,560,681,1241,0.0,-0.0008333472224535399,0.998710717163581,-8.058017727639034e-05
89862,25.114585243087383,0.9983883964544722,560,681,1241,0.0,-0.0008333472224535399,0.9986301369863047,-8.058017727639034e-05
89863,25.11375189586493,0.9983883964544722,560,681,1241,0.0,-0.0008333472224535399,0.9985495568090282,-8.058017727639034e-05
89864,25.112918548642476,0.9983883964544722,560,681,1241,0.0,-0.0008333472224535399,0.9984689766317519,-8.058017727639034e-05
89865,25.112085201420022,0.9983883964544722,560,681,1241,0.0,-0.0008333472224535399,0.9983883964544755,-8.058017727639034e-05
89866,25.11125185419757,0.9983883964544722,560,681,1241,0.0,-0.0008333472224535399,0.9983883964544755,0.0
89867,25.110418506975115,0.9975825946817083,560,681,1241,-0.0008058017727639033,-0.0008333472224535399,0.9983078162771992,-8.058017727639034e-05
89868,25.109585159752662,0.9983883964544722,560,681,1241,0.0008058017727639033,-0.0008333472224535399,0.9983078162771992,0.0
89869,25.10875181253021,0.9983883964544722,560,681,1241,0.0,-0.0008333472224535399,0.9983078162771992,0.0
89870,25.107918465307755,0.9983883964544722,560,681,1241,0.0,-0.0008333472224535399,0.9983078162771992,0.0
89871,25.1070851180853,0.9983883964544722,560,681,1241,0.0,-0.0008333472224535399,0.9983078162771992,0.0
89872,25.106251770862848,0.9983883964544722,560,681,1241,0.0,-0.0008333472224535399,0.9983078162771992,0.0
89873,25.105418423640394,0.9975825946817083,560,681,1241,-0.0008058017727639033,-0.0008333472224535399,0.9982272360999229,-8.058017727639034e-05
89874,25.10458507641794,0.9975825946817083,560,681,1241,0.0,-0.0008333472224535399,0.9981466559226465,-8.058017727639034e-05
89875,25.103751729195487,0.9975825946817083,560,681,1241,0.0,-0.0008333472224535399,0.9980660757453702,-8.058017727639034e-05
89876,25.102918381973033,0.9975825946817083,560,681,1241,0.0,-0.0008333472224535399,0.9979854955680938,-8.058017727639034e-05
89877,25.102085034750576,0.9967767929089444,560,681,1241,-0.0008058017727639033,-0.0008333472224570926,0.9979049153908175,-8.058017727639034e-05
89878,25.101251687528123,0.9975825946817083,560,681,1241,0.0008058017727639033,-0.0008333472224535399,0.9978243352135412,-8.058017727639034e-05
89879,25.10041834030567,0.9975825946817083,560,681,1241,0.0,-0.0008333472224535399,0.9977437550362648,-8.058017727639034e-05
89880,25.099584993083216,0.9975825946817083,560,681,1241,0.0,-0.0008333472224535399,0.9976631748589885,-8.058017727639034e-05
89881,25.098751645860762,0.9975825946817083,560,681,1241,0.0,-0.0008333472224535399,0.9975825946817121,-8.058017727639034e-05
89882,25.09791829863831,0.9975825946817083,560,681,1241,0.0,-0.0008333472224535399,0.9975020145044358,-8.058017727639034e-05
89883,25.097084951415855,0.9975825946817083,560,681,1241,0.0,-0.0008333472224535399,0.9975020145044358,0.0
89884,25.0962516041934,0.9975825946817083,560,681,1241,0.0,-0.0008333472224535399,0.9975020145044358,0.0
89885,25.095418256970948,0.9975825946817083,560,681,1241,0.0,-0.0008333472224535399,0.9975020145044358,0.0
89886,25.094584909748495,0.9983883964544722,560,681,1241,0.0008058017727639033,-0.0008333472224535399,0.9975825946817123,8.058017727639034e-05
89887,25.09375156252604,0.9983883964544722,560,681,1241,0.0,-0.0008333472224535399,0.997743755036265,0.00016116035455278067
89888,25.092918215303587,0.9975825946817083,560,681,1241,-0.0008058017727639033,-0.0008333472224535399,0.997743755036265,0.0
89889,25.092084868081134,0.9975825946817083,560,681,1241,0.0,-0.0008333472224535399,0.997743755036265,0.0
89890,25.09125152085868,0.9975825946817083,560,681,1241,0.0,-0.0008333472224535399,0.997743755036265,0.0
89891,25.090418173636227,0.9975825946817083,560,681,1241,0.0,-0.0008333472224535399,0.997743755036265,0.0
89892,25.089584826413773,0.9975825946817083,560,681,1241,0.0,-0.0008333472224535399,0.997743755036265,0.0
89893,25.08875147919132,0.9967767929089444,560,681,1241,-0.0008058017727639033,-0.0008333472224535399,0.9976631748589886,-8.058017727639034e-05
89894,25.087918131968866,0.9967767929089444,560,681,1241,0.0,-0.0008333472224535399,0.9975825946817123,-8.058017727639034e-05
89895,25.087084784746413,0.9967767929089444,560,681,1241,0.0,-0.0008333472224535399,0.997502014504436,-8.058017727639034e-05
89896,25.08625143752396,0.9967767929089444,560,681,1241,0.0,-0.0008333472224535399,0.997340854149883,-0.00016116035455278067
89897,25.085418090301506,0.9959709911361805,560,681,1241,-0.0008058017727639033,-0.0008333472224535399,0.997099113618054,-0.00024174053182917098
89898,25.08458474307905,0.9967767929089444,560,681,1241,0.0008058017727639033,-0.0008333472224570926,0.9970185334407777,-8.058017727639034e-05
89899,25.083751395856595,0.9959709911361805,560,681,1241,-0.0008058017727639033,-0.0008333472224535399,0.996857373086225,-0.00016116035455278067
89900,25.08291804863414,0.9967767929089444,560,681,1241,0.0008058017727639033,-0.0008333472224535399,0.9967767929089486,-8.058017727639034e-05
89901,25.082084701411688,0.9967767929089444,560,681,1241,0.0,-0.0008333472224535399,0.9966962127316723,-8.058017727639034e-05
89902,25.081251354189234,0.9967767929089444,560,681,1241,0.0,-0.0008333472224535399,0.996615632554396,-8.058017727639034e-05
89903,25.08041800696678,0.9967767929089444,560,681,1241,0.0,-0.0008333472224535399,0.996615632554396,0.0
89904,25.079584659744327,0.9967767929089444,560,681,1241,0.0,-0.0008333472224535399,0.996615632554396,0.0
89905,25.078751312521874,0.9983883964544722,560,681,1241,0.0016116035455278066,-0.0008333472224535399,0.9967767929089488,0.00016116035455278067
89906,25.07791796529942,0.9975825946817083,560,681,1241,-0.0008058017727639033,-0.0008333472224535399,0.9968573730862251,8.058017727639034e-05
89907,25.077084618076967,0.9975825946817083,560,681,1241,0.0,-0.0008333472224535399,0.9970185334407778,0.00016116035455278067
89908,25.076251270854513,0.9967767929089444,560,681,1241,-0.0008058017727639033,-0.0008333472224535399,0.9970185334407778,0.0
89909,25.07541792363206,0.9975825946817083,560,681,1241,0.0008058017727639033,-0.0008333472224535399,0.9971796937953306,0.00016116035455278067
89910,25.074584576409606,0.9975825946817083,560,681,1241,0.0,-0.0008333472224535399,0.9972602739726069,8.058017727639034e-05
89911,25.073751229187152,0.9975825946817083,560,681,1241,0.0,-0.0008333472224535399,0.9973408541498833,8.058017727639034e-05
89912,25.0729178819647,0.9975825946817083,560,681,1241,0.0,-0.0008333472224535399,0.9974214343271596,8.058017727639034e-05
89913,25.072084534742245,0.9975825946817083,560,681,1241,0.0,-0.0008333472224535399,0.997502014504436,8.058017727639034e-05
89914,25.071251187519792,0.9975825946817083,560,681,1241,0.0,-0.0008333472224535399,0.9975825946817123,8.058017727639034e-05
89915,25.07041784029734,0.9975825946817083,560,681,1241,0.0,-0.0008333472224535399,0.9975020145044358,-8.058017727639034e-05
89916,25.069584493074885,0.9967767929089444,560,681,1241,-0.0008058017727639033,-0.0008333472224535399,0.9974214343271595,-8.058017727639034e-05
89917,25.06875114585243,0.9967767929089444,560,681,1241,0.0,-0.0008333472224535399,0.997340854149883,-8.058017727639034e-05
89918,25.067917798629978,0.9975825946817083,560,681,1241,0.0008058017727639033,-0.0008333472224535399,0.9974214343271595,8.058017727639034e-05
89919,25.067084451407524,0.9975825946817083,560,681,1241,0.0,-0.0008333472224535399,0.9974214343271595,0.0
89920,25.066251104185067,0.9975825946817083,560,681,1241,0.0,-0.0008333472224570926,0.9974214343271595,0.0
89921,25.065417756962614,0.9967767929089444,560,681,1241,-0.0008058017727639033,-0.0008333472224535399,0.997340854149883,-8.058017727639034e-05
89922,25.06458440974016,0.9959709911361805,560,681,1241,-0.0008058017727639033,-0.0008333472224535399,0.9971796937953303,-0.00016116035455278067
89923,25.063751062517706,0.9959709911361805,560,681,1241,0.0,-0.0008333472224535399,0.9970185334407777,-0.00016116035455278067
89924,25.062917715295253,0.9967767929089444,560,681,1241,0.0008058017727639033,-0.0008333472224535399,0.9969379532635013,-8.058017727639034e-05
89925,25.0620843680728,0.9975825946817083,560,681,1241,0.0008058017727639033,-0.0008333472224535399,0.9969379532635013,0.0
89926,25.061251020850346,0.9975825946817083,560,681,1241,0.0,-0.0008333472224535399,0.9970185334407777,8.058017727639034e-05
89927,25.060417673627892,0.9975825946817083,560,681,1241,0.0,-0.0008333472224535399,0.997099113618054,8.058017727639034e-05
89928,25.05958432640544,0.9975825946817083,560,681,1241,0.0,-0.0008333472224535399,0.997099113618054,0.0
89929,25.058750979182985,0.9975825946817083,560,681,1241,0.0,-0.0008333472224535399,0.997099113618054,0.0
89930,25.05791763196053,0.9975825946817083,560,681,1241,0.0,-0.0008333472224535399,0.997099113618054,0.0
89931,25.057084284738078,0.9975825946817083,560,681,1241,0.0,-0.0008333472224535399,0.9971796937953303,8.058017727639034e-05
89932,25.056250937515625,0.9975825946817083,560,681,1241,0.0,-0.0008333472224535399,0.997340854149883,0.00016116035455278067
89933,25.05541759029317,0.9975825946817083,560,681,1241,0.0,-0.0008333472224535399,0.9975020145044358,0.00016116035455278067
89934,25.054584243070718,0.9983883964544722,560,681,1241,0.0008058017727639033,-0.0008333472224535399,0.9976631748589886,0.00016116035455278067
89935,25.053750895848264,0.9983883964544722,560,681,1241,0.0,-0.0008333472224535399,0.997743755036265,8.058017727639034e-05
89936,25.05291754862581,0.9983883964544722,560,681,1241,0.0,-0.0008333472224535399,0.9978243352135413,8.058017727639034e-05
89937,25.052084201403357,0.9975825946817083,560,681,1241,-0.0008058017727639033,-0.0008333472224535399,0.9978243352135413,0.0
89938,25.051250854180903,0.9975825946817083,560,681,1241,0.0,-0.0008333472224535399,0.9978243352135413,0.0
89939,25.05041750695845,0.9975825946817083,560,681,1241,0.0,-0.0008333472224535399,0.9978243352135413,0.0
89940,25.049584159735996,0.9975825946817083,560,681,1241,0.0,-0.0008333472224535399,0.9978243352135413,0.0
89941,25.04875081251354,0.9967767929089444,560,681,1241,-0.0008058017727639033,-0.0008333472224570926,0.997743755036265,-8.058017727639034e-05
89942,25.047917465291086,0.9959709911361805,560,681,1241,-0.0008058017727639033,-0.0008333472224535399,0.9975825946817123,-0.00016116035455278067
89943,25.047084118068632,0.9959709911361805,560,681,1241,0.0,-0.0008333472224535399,0.9974214343271596,-0.00016116035455278067
89944,25.04625077084618,0.9967767929089444,560,681,1241,0.0008058017727639033,-0.0008333472224535399,0.9972602739726067,-0.00016116035455278067
89945,25.045417423623725,0.9967767929089444,560,681,1241,0.0,-0.0008333472224535399,0.997099113618054,-0.00016116035455278067
89946,25.04458407640127,0.9967767929089444,560,681,1241,0.0,-0.0008333472224535399,0.9969379532635013,-0.00016116035455278067
89947,25.043750729178818,0.9967767929089444,560,681,1241,0.0,-0.0008333472224535399,0.996857373086225,-8.058017727639034e-05
89948,25.042917381956364,0.9967767929089444,560,681,1241,0.0,-0.0008333472224535399,0.9967767929089486,-8.058017727639034e-05
89949,25.04208403473391,0.9975825946817083,560,681,1241,0.0008058017727639033,-0.0008333472224535399,0.9967767929089486,0.0
89950,25.041250687511457,0.9967767929089444,560,681,1241,-0.0008058017727639033,-0.0008333472224535399,0.9966962127316723,-8.058017727639034e-05
89951,25.040417340289004,0.9967767929089444,560,681,1241,0.0,-0.0008333472224535399,0.9966962127316723,0.0
89952,25.03958399306655,0.9967767929089444,560,681,1241,0.0,-0.0008333472224535399,0.9967767929089486,8.058017727639034e-05
89953,25.038750645844097,0.9983883964544722,560,681,1241,0.0016116035455278066,-0.0008333472224535399,0.9970185334407778,0.00024174053182917098
89954,25.037917298621643,0.9991941982272361,560,681,1241,0.0008058017727639033,-0.0008333472224535399,0.9972602739726071,0.00024174053182917098
89955,25.03708395139919,0.9991941982272361,560,681,1241,0.0,-0.0008333472224535399,0.9975020145044363,0.00024174053182917098
89956,25.036250604176736,0.9991941982272361,560,681,1241,0.0,-0.0008333472224535399,0.9977437550362656,0.00024174053182917098
89957,25.035417256954283,0.9991941982272361,560,681,1241,0.0,-0.0008333472224535399,0.9979854955680947,0.00024174053182917098
89958,25.03458390973183,0.9983883964544722,560,681,1241,-0.0008058017727639033,-0.0008333472224535399,0.9981466559226474,0.00016116035455278067
89959,25.033750562509375,0.9975825946817083,560,681,1241,-0.0008058017727639033,-0.0008333472224535399,0.9981466559226474,0.0
89960,25.032917215286922,0.9975825946817083,560,681,1241,0.0,-0.0008333472224535399,0.9982272360999238,8.058017727639034e-05
89961,25.03208386806447,0.9975825946817083,560,681,1241,0.0,-0.0008333472224535399,0.9983078162772001,8.058017727639034e-05
89962,25.03125052084201,0.9975825946817083,560,681,1241,0.0,-0.0008333472224570926,0.9983883964544764,8.058017727639034e-05
89963,25.030417173619558,0.9975825946817083,560,681,1241,0.0,-0.0008333472224535399,0.9983078162771999,-8.058017727639034e-05
89964,25.029583826397104,0.9975825946817083,560,681,1241,0.0,-0.0008333472224535399,0.9981466559226471,-0.00016116035455278067
89965,25.02875047917465,0.9975825946817083,560,681,1241,0.0,-0.0008333472224535399,0.9979854955680942,-0.00016116035455278067
89966,25.027917131952197,0.9975825946817083,560,681,1241,0.0,-0.0008333472224535399,0.9978243352135413,-0.00016116035455278067
89967,25.027083784729744,0.9975825946817083,560,681,1241,0.0,-0.0008333472224535399,0.9976631748589885,-0.00016116035455278067
89968,25.02625043750729,0.9975825946817083,560,681,1241,0.0,-0.0008333472224535399,0.9975825946817121,-8.058017727639034e-05
89969,25.025417090284837,0.9975825946817083,560,681,1241,0.0,-0.0008333472224535399,0.9975825946817121,0.0
89970,25.024583743062383,0.9975825946817083,560,681,1241,0.0,-0.0008333472224535399,0.9975825946817121,0.0
89971,25.02375039583993,0.9975825946817083,560,681,1241,0.0,-0.0008333472224535399,0.9975825946817121,0.0
89972,25.022917048617476,0.9975825946817083,560,681,1241,0.0,-0.0008333472224535399,0.9975825946817121,0.0
89973,25.022083701395022,0.9975825946817083,560,681,1241,0.0,-0.0008333472224535399,0.9975825946817121,0.0
89974,25.02125035417257,0.9975825946817083,560,681,1241,0.0,-0.0008333472224535399,0.9975825946817121,0.0
89975,25.020417006950115,0.9975825946817083,560,681,1241,0.0,-0.0008333472224535399,0.9975825946817121,0.0
89976,25.01958365972766,0.9983883964544722,560,681,1241,0.0008058017727639033,-0.0008333472224535399,0.9976631748589886,8.058017727639034e-05
89977,25.018750312505208,0.9991941982272361,560,681,1241,0.0008058017727639033,-0.0008333472224535399,0.9978243352135415,0.00016116035455278067
89978,25.017916965282755,0.9991941982272361,560,681,1241,0.0,-0.0008333472224535399,0.9979854955680943,0.00016116035455278067
89979,25.0170836180603,0.9983883964544722,560,681,1241,-0.0008058017727639033,-0.0008333472224535399,0.9980660757453708,8.058017727639034e-05
89980,25.016250270837848,0.9983883964544722,560,681,1241,0.0,-0.0008333472224535399,0.9981466559226471,8.058017727639034e-05
89981,25.015416923615394,0.9983883964544722,560,681,1241,0.0,-0.0008333472224535399,0.9982272360999234,8.058017727639034e-05
89982,25.01458357639294,0.9983883964544722,560,681,1241,0.0,-0.0008333472224535399,0.9983078162771998,8.058017727639034e-05
89983,25.013750229170483,0.9975825946817083,560,681,1241,-0.0008058017727639033,-0.0008333472224570926,0.9983078162771998,0.0
89984,25.01291688194803,0.9975825946817083,560,681,1241,0.0,-0.0008333472224535399,0.9983078162771998,0.0
89985,25.012083534725576,0.9975825946817083,560,681,1241,0.0,-0.0008333472224535399,0.9983078162771998,0.0
89986,25.011250187503123,0.9975825946817083,560,681,1241,0.0,-0.0008333472224535399,0.9982272360999233,-8.058017727639034e-05
89987,25.01041684028067,0.9959709911361805,560,681,1241,-0.0016116035455278066,-0.0008333472224535399,0.9979049153908177,-0.00032232070910556134
89988,25.009583493058216,0.9975825946817083,560,681,1241,0.0016116035455278066,-0.0008333472224535399,0.9977437550362648,-0.00016116035455278067
89989,25.008750145835762,0.9975825946817083,560,681,1241,0.0,-0.0008333472224535399,0.9976631748589885,-8.058017727639034e-05
89990,25.00791679861331,0.9975825946817083,560,681,1241,0.0,-0.0008333472224535399,0.9975825946817121,-8.058017727639034e-05
89991,25.007083451390855,0.9975825946817083,560,681,1241,0.0,-0.0008333472224535399,0.9975020145044358,-8.058017727639034e-05
89992,25.0062501041684,0.9975825946817083,560,681,1241,0.0,-0.0008333472224535399,0.9974214343271595,-8.058017727639034e-05
89993,25.005416756945948,0.9975825946817083,560,681,1241,0.0,-0.0008333472224535399,0.9974214343271595,0.0
89994,25.004583409723494,0.9975825946817083,560,681,1241,0.0,-0.0008333472224535399,0.9974214343271595,0.0
89995,25.00375006250104,0.9975825946817083,560,681,1241,0.0,-0.0008333472224535399,0.9974214343271595,0.0
89996,25.002916715278587,0.9983883964544722,560,681,1241,0.0008058017727639033,-0.0008333472224535399,0.997502014504436,8.058017727639034e-05
89997,25.002083368056134,0.9983883964544722,560,681,1241,0.0,-0.0008333472224535399,0.997743755036265,0.00024174053182917098
89998,25.00125002083368,0.9991941982272361,560,681,1241,0.0008058017727639033,-0.0008333472224535399,0.9979049153908178,0.00016116035455278067
89999,25.000416673611227,0.9991941982272361,560,681,1241,0.0,-0.0008333472224535399,0.9980660757453708,0.00016116035455278067
90000,24.999583326388773,0.9991941982272361,560,681,1241,0.0,-0.0008333472224535399,0.9982272360999236,0.00016116035455278067
90001,24.99874997916632,1.0,560,681,1241,0.0008058017727639033,-0.0008333472224535399,0.9984689766317528,0.00024174053182917098
90002,24.997916631943866,1.0,560,681,1241,0.0,-0.0008333472224535399,0.9987107171635821,0.00024174053182917098
90003,24.997083284721413,1.0,560,681,1241,0.0,-0.0008333472224535399,0.9989524576954112,0.00024174053182917098
90004,24.996249937498956,1.0,560,681,1241,0.0,-0.0008333472224570926,0.9991941982272404,0.00024174053182917098
90005,24.995416590276502,1.0,560,681,1241,0.0,-0.0008333472224535399,0.9994359387590697,0.00024174053182917098
90006,24.99458324305405,1.0,560,681,1241,0.0,-0.0008333472224535399,0.9995970991136225,0.00016116035455278067
90007,24.993749895831595,0.9991941982272361,560,681,1241,-0.0008058017727639033,-0.0008333472224535399,0.9996776792908989,8.058017727639034e-05
90008,24.99291654860914,0.9991941982272361,560,681,1241,0.0,-0.0008333472224535399,0.9996776792908989,0.0
90009,24.992083201386688,0.9991941982272361,560,681,1241,0.0,-0.0008333472224535399,0.9996776792908989,0.0
90010,24.991249854164234,0.9991941982272361,560,681,1241,0.0,-0.0008333472224535399,0.9996776792908989,0.0
90011,24.99041650694178,0.9983883964544722,560,681,1241,-0.0008058017727639033,-0.0008333472224535399,0.9995165189363462,-0.00016116035455278067
90012,24.989583159719327,0.9983883964544722,560,681,1241,0.0,-0.0008333472224535399,0.9993553585817935,-0.00016116035455278067
90013,24.988749812496874,0.9975825946817083,560,681,1241,-0.0008058017727639033,-0.0008333472224535399,0.9991136180499642,-0.00024174053182917098
90014,24.98791646527442,0.9959709911361805,560,681,1241,-0.0016116035455278066,-0.0008333472224535399,0.9987107171635824,-0.00040290088638195165
90015,24.987083118051967,0.9959709911361805,560,681,1241,0.0,-0.0008333472224535399,0.9983078162772004,-0.00040290088638195165
90016,24.986249770829513,0.9967767929089444,560,681,1241,0.0008058017727639033,-0.0008333472224535399,0.9979854955680949,-0.00032232070910556134
90017,24.98541642360706,0.9967767929089444,560,681,1241,0.0,-0.0008333472224535399,0.9977437550362657,-0.00024174053182917098
90018,24.984583076384606,0.9975825946817083,560,681,1241,0.0008058017727639033,-0.0008333472224535399,0.9975825946817128,-0.00016116035455278067
90019,24.983749729162152,0.9975825946817083,560,681,1241,0.0,-0.0008333472224535399,0.9974214343271599,-0.00016116035455278067
90020,24.9829163819397,0.9975825946817083,560,681,1241,0.0,-0.0008333472224535399,0.9972602739726071,-0.00016116035455278067
90021,24.982083034717245,0.9975825946817083,560,681,1241,0.0,-0.0008333472224535399,0.9971796937953308,-8.058017727639034e-05
90022,24.981249687494792,0.9975825946817083,560,681,1241,0.0,-0.0008333472224535399,0.9970991136180544,-8.058017727639034e-05
90023,24.98041634027234,0.9975825946817083,560,681,1241,0.0,-0.0008333472224535399,0.9970991136180544,0.0
90024,24.979582993049885,0.9983883964544722,560,681,1241,0.0008058017727639033,-0.0008333472224535399,0.9973408541498836,0.00024174053182917098
90025,24.978749645827428,0.9983883964544722,560,681,1241,0.0,-0.0008333472224570926,0.9975825946817126,0.00024174053182917098
90026,24.977916298604974,0.9983883964544722,560,681,1241,0.0,-0.0008333472224535399,0.9977437550362653,0.00016116035455278067
90027,24.97708295138252,0.9983883964544722,560,681,1241,0.0,-0.0008333472224535399,0.997904915390818,0.00016116035455278067
90028,24.976249604160067,0.9983883964544722,560,681,1241,0.0,-0.0008333472224535399,0.9979854955680943,8.058017727639034e-05
90029,24.975416256937613,0.9975825946817083,560,681,1241,-0.0008058017727639033,-0.0008333472224535399,0.9979854955680943,0.0
90030,24.97458290971516,0.9967767929089444,560,681,1241,-0.0008058017727639033,-0.0008333472224535399,0.997904915390818,-8.058017727639034e-05
90031,24.973749562492706,0.9967767929089444,560,681,1241,0.0,-0.0008333472224535399,0.9978243352135416,-8.058017727639034e-05
90032,24.972916215270253,0.9959709911361805,560,681,1241,-0.0008058017727639033,-0.0008333472224535399,0.997663174858989,-0.00016116035455278067
90033,24.9720828680478,0.9959709911361805,560,681,1241,0.0,-0.0008333472224535399,0.9975020145044363,-0.00016116035455278067
90034,24.971249520825346,0.9959709911361805,560,681,1241,0.0,-0.0008333472224535399,0.9972602739726071,-0.00024174053182917098
90035,24.970416173602892,0.9959709911361805,560,681,1241,0.0,-0.0008333472224535399,0.9970185334407781,-0.00024174053182917098
90036,24.96958282638044,0.9959709911361805,560,681,1241,0.0,-0.0008333472224535399,0.996776792908949,-0.00024174053182917098
90037,24.968749479157985,0.9967767929089444,560,681,1241,0.0008058017727639033,-0.0008333472224535399,0.9966156325543963,-0.00016116035455278067
90038,24.96791613193553,0.9967767929089444,560,681,1241,0.0,-0.0008333472224535399,0.9964544721998436,-0.00016116035455278067
90039,24.967082784713078,0.9975825946817083,560,681,1241,0.0008058017727639033,-0.0008333472224535399,0.9964544721998436,0.0
90040,24.966249437490625,0.9975825946817083,560,681,1241,0.0,-0.0008333472224535399,0.9965350523771199,8.058017727639034e-05
90041,24.96541609026817,0.9975825946817083,560,681,1241,0.0,-0.0008333472224535399,0.9966156325543963,8.058017727639034e-05
90042,24.964582743045717,0.9975825946817083,560,681,1241,0.0,-0.0008333472224535399,0.996776792908949,0.00016116035455278067
90043,24.963749395823264,0.9975825946817083,560,681,1241,0.0,-0.0008333472224535399,0.9969379532635017,0.00016116035455278067
90044,24.96291604860081,0.9975825946817083,560,681,1241,0.0,-0.0008333472224535399,0.9970991136180544,0.00016116035455278067
90045,24.962082701378357,0.9975825946817083,560,681,1241,0.0,-0.0008333472224535399,0.9972602739726071,0.00016116035455278067
90046,24.961249354155903,0.9975825946817083,560,681,1241,0.0,-0.0008333472224535399,0.9974214343271598,0.00016116035455278067
90047,24.960416006933446,0.9975825946817083,560,681,1241,0.0,-0.0008333472224570926,0.9975020145044361,8.058017727639034e-05
90048,24.959582659710993,0.9975825946817083,560,681,1241,0.0,-0.0008333472224535399,0.9975825946817125,8.058017727639034e-05
90049,24.95874931248854,0.9975825946817083,560,681,1241,0.0,-0.0008333472224535399,0.9975825946817125,0.0
90050,24.957915965266086,0.9975825946817083,560,681,1241,0.0,-0.0008333472224535399,0.9975825946817125,0.0
90051,24.957082618043632,0.9967767929089444,560,681,1241,-0.0008058017727639033,-0.0008333472224535399,0.9975020145044361,-8.058017727639034e-05
90052,24.95624927082118,0.9967767929089444,560,681,1241,0.0,-0.0008333472224535399,0.9974214343271598,-8.058017727639034e-05
90053,24.955415923598725,0.9967767929089444,560,681,1241,0.0,-0.0008333472224535399,0.9973408541498834,-8.058017727639034e-05
90054,24.95458257637627,0.9975825946817083,560,681,1241,0.0008058017727639033,-0.0008333472224535399,0.9973408541498834,0.0
90055,24.953749229153818,0.9975825946817083,560,681,1241,0.0,-0.0008333472224535399,0.9973408541498834,0.0
90056,24.952915881931364,0.9967767929089444,560,681,1241,-0.0008058017727639033,-0.0008333472224535399,0.9972602739726071,-8.058017727639034e-05
90057,24.95208253470891,0.9975825946817083,560,681,1241,0.0008058017727639033,-0.0008333472224535399,0.9972602739726071,0.0
90058,24.951249187486457,0.9975825946817083,560,681,1241,0.0,-0.0008333472224535399,0.9972602739726071,0.0
90059,24.950415840264004,0.9975825946817083,560,681,1241,0.0,-0.0008333472224535399,0.9972602739726071,0.0
90060,24.94958249304155,0.9975825946817083,560,681,1241,0.0,-0.0008333472224535399,0.9972602739726071,0.0
90061,24.948749145819097,0.9967767929089444,560,681,1241,-0.0008058017727639033,-0.0008333472224535399,0.9972602739726071,0.0
90062,24.947915798596643,0.9967767929089444,560,681,1241,0.0,-0.0008333472224535399,0.9972602739726071,0.0
90063,24.94708245137419,0.9959709911361805,560,681,1241,-0.0008058017727639033,-0.0008333472224535399,0.9971796937953308,-8.058017727639034e-05
90064,24.946249104151736,0.9959709911361805,560,681,1241,0.0,-0.0008333472224535399,0.9970185334407781,-0.00016116035455278067
90065,24.945415756929282,0.9959709911361805,560,681,1241,0.0,-0.0008333472224535399,0.9968573730862254,-0.00016116035455278067
90066,24.94458240970683,0.9959709911361805,560,681,1241,0.0,-0.0008333472224535399,0.996776792908949,-8.058017727639034e-05
90067,24.943749062484375,0.9959709911361805,560,681,1241,0.0,-0.0008333472224535399,0.9966156325543963,-0.00016116035455278067
90068,24.94291571526192,0.9967767929089444,560,681,1241,0.0008058017727639033,-0.0008333472224570926,0.9965350523771199,-8.058017727639034e-05
90069,24.942082368039465,0.9967767929089444,560,681,1241,0.0,-0.0008333472224535399,0.9964544721998436,-8.058017727639034e-05
90070,24.94124902081701,0.9967767929089444,560,681,1241,0.0,-0.0008333472224535399,0.9963738920225673,-8.058017727639034e-05
90071,24.940415673594558,0.9967767929089444,560,681,1241,0.0,-0.0008333472224535399,0.9963738920225673,0.0
90072,24.939582326372104,0.9967767929089444,560,681,1241,0.0,-0.0008333472224535399,0.9963738920225673,0.0
90073,24.93874897914965,0.9967767929089444,560,681,1241,0.0,-0.0008333472224535399,0.9964544721998436,8.058017727639034e-05
90074,24.937915631927197,0.9967767929089444,560,681,1241,0.0,-0.0008333472224535399,0.9965350523771199,8.058017727639034e-05
90075,24.937082284704744,0.9967767929089444,560,681,1241,0.0,-0.0008333472224535399,0.9966156325543963,8.058017727639034e-05
90076,24.93624893748229,0.9959709911361805,560,681,1241,-0.0008058017727639033,-0.0008333472224535399,0.9966156325543963,0.0
90077,24.935415590259836,0.9959709911361805,560,681,1241,0.0,-0.0008333472224535399,0.9966156325543963,0.0
90078,24.934582243037383,0.9967767929089444,560,681,1241,0.0008058017727639033,-0.0008333472224535399,0.9966156325543963,0.0
90079,24.93374889581493,0.9967767929089444,560,681,1241,0.0,-0.0008333472224535399,0.9966156325543963,0.0
90080,24.932915548592476,0.9975825946817083,560,681,1241,0.0008058017727639033,-0.0008333472224535399,0.9966962127316726,8.058017727639034e-05
90081,24.932082201370022,0.9983883964544722,560,681,1241,0.0008058017727639033,-0.0008333472224535399,0.9968573730862256,0.00016116035455278067
90082,24.93124885414757,0.9991941982272361,560,681,1241,0.0008058017727639033,-0.0008333472224535399,0.9970991136180547,0.00024174053182917098
90083,24.930415506925115,0.9991941982272361,560,681,1241,0.0,-0.0008333472224535399,0.9973408541498839,0.00024174053182917098
90084,24.92958215970266,0.9983883964544722,560,681,1241,-0.0008058017727639033,-0.0008333472224535399,0.9975020145044367,0.00016116035455278067
90085,24.928748812480208,0.9983883964544722,560,681,1241,0.0,-0.0008333472224535399,0.9976631748589894,0.00016116035455278067
90086,24.927915465257755,0.9991941982272361,560,681,1241,0.0008058017727639033,-0.0008333472224535399,0.9979854955680949,0.00032232070910556134
90087,24.9270821180353,0.9991941982272361,560,681,1241,0.0,-0.0008333472224535399,0.9983078162772004,0.00032232070910556134
90088,24.926248770812848,0.9991941982272361,560,681,1241,0.0,-0.0008333472224535399,0.9985495568090297,0.00024174053182917098
90089,24.92541542359039,0.9991941982272361,560,681,1241,0.0,-0.0008333472224570926,0.9987912973408589,0.00024174053182917098
90090,24.924582076367937,0.9991941982272361,560,681,1241,0.0,-0.0008333472224535399,0.9989524576954117,0.00016116035455278067
90091,24.923748729145483,0.9991941982272361,560,681,1241,0.0,-0.0008333472224535399,0.9990330378726882,8.058017727639034e-05
90092,24.92291538192303,0.9991941982272361,560,681,1241,0.0,-0.0008333472224535399,0.9990330378726882,0.0
90093,24.922082034700576,0.9991941982272361,560,681,1241,0.0,-0.0008333472224535399,0.9990330378726882,0.0
90094,24.921248687478123,1.0,560,681,1241,0.0008058017727639033,-0.0008333472224535399,0.9991941982272408,0.00016116035455278067
90095,24.92041534025567,1.0,560,681,1241,0.0,-0.0008333472224535399,0.9993553585817935,0.00016116035455278067
90096,24.919581993033216,1.0,560,681,1241,0.0,-0.0008333472224535399,0.9994359387590699,8.058017727639034e-05
90097,24.918748645810762,1.0,560,681,1241,0.0,-0.0008333472224535399,0.9995165189363462,8.058017727639034e-05
90098,24.91791529858831,1.0,560,681,1241,0.0,-0.0008333472224535399,0.9995970991136225,8.058017727639034e-05
90099,24.917081951365855,1.0,560,681,1241,0.0,-0.0008333472224535399,0.9996776792908989,8.058017727639034e-05
90100,24.9162486041434,1.0,560,681,1241,0.0,-0.0008333472224535399,0.9997582594681752,8.058017727639034e-05
90101,24.915415256920948,0.9991941982272361,560,681,1241,-0.0008058017727639033,-0.0008333472224535399,0.9997582594681752,0.0
90102,24.914581909698494,0.9991941982272361,560,681,1241,0.0,-0.0008333472224535399,0.9997582594681752,0.0
90103,24.91374856247604,0.9991941982272361,560,681,1241,0.0,-0.0008333472224535399,0.9997582594681752,0.0
90104,24.912915215253587,0.9991941982272361,560,681,1241,0.0,-0.0008333472224535399,0.9996776792908989,-8.058017727639034e-05
90105,24.912081868031134,0.9983883964544722,560,681,1241,-0.0008058017727639033,-0.0008333472224535399,0.9995165189363462,-0.00016116035455278067
90106,24.91124852080868,0.9983883964544722,560,681,1241,0.0,-0.0008333472224535399,0.9993553585817935,-0.00016116035455278067
90107,24.910415173586227,0.9983883964544722,560,681,1241,0.0,-0.0008333472224535399,0.9991941982272408,-0.00016116035455278067
90108,24.909581826363773,0.9983883964544722,560,681,1241,0.0,-0.0008333472224535399,0.9990330378726882,-0.00016116035455278067
90109,24.90874847914132,0.9983883964544722,560,681,1241,0.0,-0.0008333472224535399,0.9988718775181354,-0.00016116035455278067
90110,24.907915131918863,0.9983883964544722,560,681,1241,0.0,-0.0008333472224570926,0.9987107171635827,-0.00016116035455278067
90111,24.90708178469641,0.9983883964544722,560,681,1241,0.0,-0.0008333472224535399,0.9986301369863064,-8.058017727639034e-05
90112,24.906248437473955,0.9983883964544722,560,681,1241,0.0,-0.0008333472224535399,0.99854955680903,-8.058017727639034e-05
90113,24.905415090251502,0.9983883964544722,560,681,1241,0.0,-0.0008333472224535399,0.9984689766317537,-8.058017727639034e-05
90114,24.90458174302905,0.9983883964544722,560,681,1241,0.0,-0.0008333472224535399,0.9983883964544773,-8.058017727639034e-05
90115,24.903748395806595,0.9983883964544722,560,681,1241,0.0,-0.0008333472224535399,0.9983883964544773,0.0
90116,24.90291504858414,0.9983883964544722,560,681,1241,0.0,-0.0008333472224535399,0.9983883964544773,0.0
90117,24.902081701361688,0.9983883964544722,560,681,1241,0.0,-0.0008333472224535399,0.9983883964544773,0.0
90118,24.901248354139234,0.9983883964544722,560,681,1241,0.0,-0.0008333472224535399,0.9983883964544773,0.0
90119,24.90041500691678,0.9983883964544722,560,681,1241,0.0,-0.0008333472224535399,0.9983883964544773,0.0
90120,24.899581659694327,0.9983883964544722,560,681,1241,0.0,-0.0008333472224535399,0.9983883964544773,0.0
90121,24.898748312471874,0.9983883964544722,560,681,1241,0.0,-0.0008333472224535399,0.9983883964544773,0.0
90122,24.89791496524942,0.9975825946817083,560,681,1241,-0.0008058017727639033,-0.0008333472224535399,0.998307816277201,-8.058017727639034e-05
90123,24.897081618026967,0.9975825946817083,560,681,1241,0.0,-0.0008333472224535399,0.9982272360999247,-8.058017727639034e-05
90124,24.896248270804513,0.9975825946817083,560,681,1241,0.0,-0.0008333472224535399,0.9981466559226483,-8.058017727639034e-05
90125,24.89541492358206,0.9983883964544722,560,681,1241,0.0008058017727639033,-0.0008333472224535399,0.9981466559226483,0.0
90126,24.894581576359606,0.9983883964544722,560,681,1241,0.0,-0.0008333472224535399,0.9981466559226483,0.0
90127,24.893748229137152,0.9983883964544722,560,681,1241,0.0,-0.0008333472224535399,0.9981466559226483,0.0
90128,24.8929148819147,0.9983883964544722,560,681,1241,0.0,-0.0008333472224535399,0.9981466559226483,0.0
90129,24.892081534692245,0.9983883964544722,560,681,1241,0.0,-0.0008333472224535399,0.9981466559226483,0.0
90130,24.89124818746979,0.9991941982272361,560,681,1241,0.0008058017727639033,-0.0008333472224535399,0.9982272360999247,8.058017727639034e-05
90131,24.890414840247335,0.9991941982272361,560,681,1241,0.0,-0.0008333472224570926,0.998307816277201,8.058017727639034e-05
90132,24.88958149302488,0.9991941982272361,560,681,1241,0.0,-0.0008333472224535399,0.9984689766317538,0.00016116035455278067
90133,24.888748145802428,0.9991941982272361,560,681,1241,0.0,-0.0008333472224535399,0.9986301369863068,0.00016116035455278067
90134,24.887914798579974,1.0,560,681,1241,0.0008058017727639033,-0.0008333472224535399,0.998871877518136,0.00024174053182917098
90135,24.88708145135752,1.0,560,681,1241,0.0,-0.0008333472224535399,0.9990330378726888,0.00016116035455278067
90136,24.886248104135067,1.0,560,681,1241,0.0,-0.0008333472224535399,0.9991941982272415,0.00016116035455278067
90137,24.885414756912613,1.0,560,681,1241,0.0,-0.0008333472224535399,0.9993553585817943,0.00016116035455278067
90138,24.88458140969016,1.0,560,681,1241,0.0,-0.0008333472224535399,0.9995165189363469,0.00016116035455278067
90139,24.883748062467706,1.0,560,681,1241,0.0,-0.0008333472224535399,0.9996776792908996,0.00016116035455278067
90140,24.882914715245253,1.0,560,681,1241,0.0,-0.0008333472224535399,0.999758259468176,8.058017727639034e-05
90141,24.8820813680228,1.0,560,681,1241,0.0,-0.0008333472224535399,0.9998388396454523,8.058017727639034e-05
90142,24.881248020800346,1.0,560,681,1241,0.0,-0.0008333472224535399,0.9999194198227286,8.058017727639034e-05
90143,24.880414673577892,1.0,560,681,1241,0.0,-0.0008333472224535399,1.0000000000000049,8.058017727639034e-05
90144,24.87958132635544,1.0,560,681,1241,0.0,-0.0008333472224535399,1.0000000000000049,0.0
90145,24.878747979132985,1.0,560,681,1241,0.0,-0.0008333472224535399,1.0000000000000049,0.0
90146,24.87791463191053,1.0,560,681,1241,0.0,-0.0008333472224535399,1.0000000000000049,0.0
90147,24.877081284688078,0.9991941982272361,560,681,1241,-0.0008058017727639033,-0.0008333472224535399,0.9999194198227286,-8.058017727639034e-05
90148,24.876247937465624,0.9991941982272361,560,681,1241,0.0,-0.0008333472224535399,0.9998388396454523,-8.058017727639034e-05
90149,24.87541459024317,0.9991941982272361,560,681,1241,0.0,-0.0008333472224535399,0.999758259468176,-8.058017727639034e-05
90150,24.874581243020717,0.9975825946817083,560,681,1241,-0.0016116035455278066,-0.0008333472224535399,0.9995165189363467,-0.00024174053182917098
90151,24.873747895798264,0.9975825946817083,560,681,1241,0.0,-0.0008333472224535399,0.9992747784045175,-0.00024174053182917098
90152,24.87291454857581,0.9975825946817083,560,681,1241,0.0,-0.0008333472224535399,0.9990330378726883,-0.00024174053182917098
90153,24.872081201353353,0.9967767929089444,560,681,1241,-0.0008058017727639033,-0.0008333472224570926,0.9987107171635827,-0.00032232070910556134
90154,24.8712478541309,0.9959709911361805,560,681,1241,-0.0008058017727639033,-0.0008333472224535399,0.9983078162772008,-0.00040290088638195165
90155,24.870414506908446,0.9959709911361805,560,681,1241,0.0,-0.0008333472224535399,0.9979049153908189,-0.00040290088638195165
90156,24.869581159685993,0.9959709911361805,560,681,1241,0.0,-0.0008333472224535399,0.997502014504437,-0.00040290088638195165
90157,24.86874781246354,0.9959709911361805,560,681,1241,0.0,-0.0008333472224535399,0.9971796937953314,-0.00032232070910556134
90158,24.867914465241086,0.9959709911361805,560,681,1241,0.0,-0.0008333472224535399,0.9968573730862259,-0.00032232070910556134
90159,24.867081118018632,0.9959709911361805,560,681,1241,0.0,-0.0008333472224535399,0.9965350523771204,-0.00032232070910556134
90160,24.86624777079618,0.9959709911361805,560,681,1241,0.0,-0.0008333472224535399,0.9963738920225677,-0.00016116035455278067
90161,24.865414423573725,0.9959709911361805,560,681,1241,0.0,-0.0008333472224535399,0.9962127316680149,-0.00016116035455278067
90162,24.86458107635127,0.9975825946817083,560,681,1241,0.0016116035455278066,-0.0008333472224535399,0.9962127316680149,0.0
90163,24.863747729128818,0.9975825946817083,560,681,1241,0.0,-0.0008333472224535399,0.9962933118452912,8.058017727639034e-05
90164,24.862914381906364,0.9975825946817083,560,681,1241,0.0,-0.0008333472224535399,0.996454472199844,0.00016116035455278067
90165,24.86208103468391,0.9967767929089444,560,681,1241,-0.0008058017727639033,-0.0008333472224535399,0.9965350523771204,8.058017727639034e-05
90166,24.861247687461457,0.9967767929089444,560,681,1241,0.0,-0.0008333472224535399,0.9966156325543967,8.058017727639034e-05
90167,24.860414340239004,0.9967767929089444,560,681,1241,0.0,-0.0008333472224535399,0.996696212731673,8.058017727639034e-05
90168,24.85958099301655,0.9967767929089444,560,681,1241,0.0,-0.0008333472224535399,0.9967767929089494,8.058017727639034e-05
90169,24.858747645794097,0.9975825946817083,560,681,1241,0.0008058017727639033,-0.0008333472224535399,0.9969379532635021,0.00016116035455278067
90170,24.857914298571643,0.9991941982272361,560,681,1241,0.0016116035455278066,-0.0008333472224535399,0.9972602739726076,0.00032232070910556134
90171,24.85708095134919,0.9991941982272361,560,681,1241,0.0,-0.0008333472224535399,0.9975825946817132,0.00032232070910556134
90172,24.856247604126736,0.9991941982272361,560,681,1241,0.0,-0.0008333472224535399,0.997743755036266,0.00016116035455278067
90173,24.855414256904282,0.9991941982272361,560,681,1241,0.0,-0.0008333472224535399,0.9979049153908189,0.00016116035455278067
90174,24.854580909681825,0.9975825946817083,560,681,1241,-0.0016116035455278066,-0.0008333472224570926,0.9979049153908189,0.0
90175,24.853747562459372,0.9975825946817083,560,681,1241,0.0,-0.0008333472224535399,0.9979854955680952,8.058017727639034e-05
90176,24.85291421523692,0.9967767929089444,560,681,1241,-0.0008058017727639033,-0.0008333472224535399,0.9979854955680952,0.0
90177,24.852080868014465,0.9967767929089444,560,681,1241,0.0,-0.0008333472224535399,0.9979854955680952,0.0
90178,24.85124752079201,0.9967767929089444,560,681,1241,0.0,-0.0008333472224535399,0.9979854955680952,0.0
90179,24.850414173569558,0.9975825946817083,560,681,1241,0.0008058017727639033,-0.0008333472224535399,0.9979854955680952,0.0
90180,24.849580826347104,0.9975825946817083,560,681,1241,0.0,-0.0008333472224535399,0.9978243352135424,-0.00016116035455278067
90181,24.84874747912465,0.9975825946817083,560,681,1241,0.0,-0.0008333472224535399,0.9976631748589895,-0.00016116035455278067
90182,24.847914131902197,0.9975825946817083,560,681,1241,0.0,-0.0008333472224535399,0.9975020145044367,-0.00016116035455278067
90183,24.847080784679743,0.9967767929089444,560,681,1241,-0.0008058017727639033,-0.0008333472224535399,0.9972602739726074,-0.00024174053182917098
90184,24.84624743745729,0.9967767929089444,560,681,1241,0.0,-0.0008333472224535399,0.9971796937953311,-8.058017727639034e-05
90185,24.845414090234836,0.9975825946817083,560,681,1241,0.0008058017727639033,-0.0008333472224535399,0.9971796937953311,0.0
90186,24.844580743012383,0.9975825946817083,560,681,1241,0.0,-0.0008333472224535399,0.9972602739726074,8.058017727639034e-05
90187,24.84374739578993,0.9967767929089444,560,681,1241,-0.0008058017727639033,-0.0008333472224535399,0.9972602739726074,0.0
90188,24.842914048567476,0.9967767929089444,560,681,1241,0.0,-0.0008333472224535399,0.9972602739726074,0.0
90189,24.842080701345022,0.9967767929089444,560,681,1241,0.0,-0.0008333472224535399,0.9971796937953311,-8.058017727639034e-05
90190,24.84124735412257,0.9975825946817083,560,681,1241,0.0008058017727639033,-0.0008333472224535399,0.9971796937953311,0.0
90191,24.840414006900115,0.9975825946817083,560,681,1241,0.0,-0.0008333472224535399,0.9971796937953311,0.0
90192,24.83958065967766,0.9975825946817083,560,681,1241,0.0,-0.0008333472224535399,0.9971796937953311,0.0
90193,24.838747312455208,0.9967767929089444,560,681,1241,-0.0008058017727639033,-0.0008333472224535399,0.9971796937953311,0.0
90194,24.837913965232755,0.9967767929089444,560,681,1241,0.0,-0.0008333472224535399,0.9971796937953311,0.0
90195,24.837080618010297,0.9975825946817083,560,681,1241,0.0008058017727639033,-0.0008333472224570926,0.9971796937953311,0.0
90196,24.836247270787844,0.9975825946817083,560,681,1241,0.0,-0.0008333472224535399,0.9971796937953311,0.0
90197,24.83541392356539,0.9975825946817083,560,681,1241,0.0,-0.0008333472224535399,0.9972602739726074,8.058017727639034e-05
90198,24.834580576342937,0.9975825946817083,560,681,1241,0.0,-0.0008333472224535399,0.9973408541498838,8.058017727639034e-05
90199,24.833747229120483,0.9975825946817083,560,681,1241,0.0,-0.0008333472224535399,0.9974214343271601,8.058017727639034e-05
90200,24.83291388189803,0.9975825946817083,560,681,1241,0.0,-0.0008333472224535399,0.9974214343271601,0.0
90201,24.832080534675576,0.9975825946817083,560,681,1241,0.0,-0.0008333472224535399,0.9974214343271601,0.0
90202,24.831247187453123,0.9975825946817083,560,681,1241,0.0,-0.0008333472224535399,0.9974214343271601,0.0
90203,24.83041384023067,0.9975825946817083,560,681,1241,0.0,-0.0008333472224535399,0.9975020145044364,8.058017727639034e-05
90204,24.829580493008216,0.9967767929089444,560,681,1241,-0.0008058017727639033,-0.0008333472224535399,0.9975020145044364,0.0
90205,24.828747145785762,0.9967767929089444,560,681,1241,0.0,-0.0008333472224535399,0.9974214343271601,-8.058017727639034e-05
90206,24.82791379856331,0.9967767929089444,560,681,1241,0.0,-0.0008333472224535399,0.9973408541498838,-8.058017727639034e-05
90207,24.827080451340855,0.9967767929089444,560,681,1241,0.0,-0.0008333472224535399,0.9972602739726074,-8.058017727639034e-05
90208,24.8262471041184,0.9967767929089444,560,681,1241,0.0,-0.0008333472224535399,0.9971796937953311,-8.058017727639034e-05
90209,24.825413756895948,0.9959709911361805,560,681,1241,-0.0008058017727639033,-0.0008333472224535399,0.9970185334407784,-0.00016116035455278067
90210,24.824580409673494,0.9959709911361805,560,681,1241,0.0,-0.0008333472224535399,0.9968573730862257,-0.00016116035455278067
90211,24.82374706245104,0.9951651893634166,560,681,1241,-0.0008058017727639033,-0.0008333472224535399,0.9966156325543964,-0.00024174053182917098
90212,24.822913715228587,0.9951651893634166,560,681,1241,0.0,-0.0008333472224535399,0.9963738920225674,-0.00024174053182917098
90213,24.822080368006134,0.9951651893634166,560,681,1241,0.0,-0.0008333472224535399,0.9961321514907384,-0.00024174053182917098
90214,24.82124702078368,0.9951651893634166,560,681,1241,0.0,-0.0008333472224535399,0.9959709911361857,-0.00016116035455278067
90215,24.820413673561227,0.9951651893634166,560,681,1241,0.0,-0.0008333472224535399,0.995809830781633,-0.00016116035455278067
90216,24.81958032633877,0.9951651893634166,560,681,1241,0.0,-0.0008333472224570926,0.9956486704270804,-0.00016116035455278067
90217,24.818746979116316,0.9951651893634166,560,681,1241,0.0,-0.0008333472224535399,0.9954875100725277,-0.00016116035455278067
90218,24.817913631893862,0.9943593875906527,560,681,1241,-0.0008058017727639033,-0.0008333472224535399,0.9952457695406984,-0.00024174053182917098
90219,24.81708028467141,0.9959709911361805,560,681,1241,0.0016116035455278066,-0.0008333472224535399,0.9952457695406984,0.0
90220,24.816246937448955,0.9975825946817083,560,681,1241,0.0016116035455278066,-0.0008333472224535399,0.9954069298952511,0.00016116035455278067
90221,24.815413590226502,0.9975825946817083,560,681,1241,0.0,-0.0008333472224535399,0.9956486704270802,0.00024174053182917098
90222,24.81458024300405,0.9975825946817083,560,681,1241,0.0,-0.0008333472224535399,0.9958904109589092,0.00024174053182917098
90223,24.813746895781595,0.9975825946817083,560,681,1241,0.0,-0.0008333472224535399,0.9961321514907382,0.00024174053182917098
90224,24.81291354855914,0.9975825946817083,560,681,1241,0.0,-0.0008333472224535399,0.9963738920225673,0.00024174053182917098
90225,24.812080201336688,0.9967767929089444,560,681,1241,-0.0008058017727639033,-0.0008333472224535399,0.9965350523771199,0.00016116035455278067
90226,24.811246854114234,0.9959709911361805,560,681,1241,-0.0008058017727639033,-0.0008333472224535399,0.9966156325543963,8.058017727639034e-05
90227,24.81041350689178,0.9959709911361805,560,681,1241,0.0,-0.0008333472224535399,0.9966962127316726,8.058017727639034e-05
90228,24.809580159669327,0.9959709911361805,560,681,1241,0.0,-0.0008333472224535399,0.9968573730862256,0.00016116035455278067
90229,24.808746812446874,0.9959709911361805,560,681,1241,0.0,-0.0008333472224535399,0.9968573730862256,0.0
90230,24.80791346522442,0.9959709911361805,560,681,1241,0.0,-0.0008333472224535399,0.9966962127316729,-0.00016116035455278067
90231,24.807080118001966,0.9967767929089444,560,681,1241,0.0008058017727639033,-0.0008333472224535399,0.9966156325543964,-8.058017727639034e-05
90232,24.806246770779513,0.9967767929089444,560,681,1241,0.0,-0.0008333472224535399,0.9965350523771201,-8.058017727639034e-05
90233,24.80541342355706,0.9967767929089444,560,681,1241,0.0,-0.0008333472224535399,0.9964544721998438,-8.058017727639034e-05
90234,24.804580076334606,0.9975825946817083,560,681,1241,0.0008058017727639033,-0.0008333472224535399,0.9964544721998438,0.0
90235,24.803746729112152,0.9975825946817083,560,681,1241,0.0,-0.0008333472224535399,0.9965350523771201,8.058017727639034e-05
90236,24.8029133818897,0.9975825946817083,560,681,1241,0.0,-0.0008333472224535399,0.9966962127316729,0.00016116035455278067
90237,24.80208003466724,0.9975825946817083,560,681,1241,0.0,-0.0008333472224570926,0.9968573730862256,0.00016116035455278067
90238,24.801246687444788,0.9983883964544722,560,681,1241,0.0008058017727639033,-0.0008333472224535399,0.9970991136180546,0.00024174053182917098
90239,24.800413340222335,0.9983883964544722,560,681,1241,0.0,-0.0008333472224535399,0.9973408541498836,0.00024174053182917098
90240,24.79957999299988,0.9983883964544722,560,681,1241,0.0,-0.0008333472224535399,0.9975825946817126,0.00024174053182917098
90241,24.798746645777427,0.9983883964544722,560,681,1241,0.0,-0.0008333472224535399,0.9977437550362653,0.00016116035455278067
90242,24.797913298554974,0.9983883964544722,560,681,1241,0.0,-0.0008333472224535399,0.997904915390818,0.00016116035455278067
90243,24.79707995133252,0.9975825946817083,560,681,1241,-0.0008058017727639033,-0.0008333472224535399,0.9979854955680943,8.058017727639034e-05
90244,24.796246604110067,0.9975825946817083,560,681,1241,0.0,-0.0008333472224535399,0.9979854955680943,0.0
90245,24.795413256887613,0.9967767929089444,560,681,1241,-0.0008058017727639033,-0.0008333472224535399,0.997904915390818,-8.058017727639034e-05
90246,24.79457990966516,0.9983883964544722,560,681,1241,0.0016116035455278066,-0.0008333472224535399,0.9979854955680943,8.058017727639034e-05
90247,24.793746562442706,0.9991941982272361,560,681,1241,0.0008058017727639033,-0.0008333472224535399,0.9981466559226473,0.00016116035455278067
90248,24.792913215220253,0.9991941982272361,560,681,1241,0.0,-0.0008333472224535399,0.9982272360999236,8.058017727639034e-05
90249,24.7920798679978,0.9991941982272361,560,681,1241,0.0,-0.0008333472224535399,0.9983078162771999,8.058017727639034e-05
90250,24.791246520775346,0.9983883964544722,560,681,1241,-0.0008058017727639033,-0.0008333472224535399,0.9983078162771999,0.0
90251,24.790413173552892,0.9983883964544722,560,681,1241,0.0,-0.0008333472224535399,0.9983078162771999,0.0
90252,24.78957982633044,0.9983883964544722,560,681,1241,0.0,-0.0008333472224535399,0.9983078162771999,0.0
90253,24.788746479107985,0.9983883964544722,560,681,1241,0.0,-0.0008333472224535399,0.9983883964544764,8.058017727639034e-05
90254,24.78791313188553,0.9983883964544722,560,681,1241,0.0,-0.0008333472224535399,0.9984689766317528,8.058017727639034e-05
90255,24.787079784663078,0.9983883964544722,560,681,1241,0.0,-0.0008333472224535399,0.9986301369863055,0.00016116035455278067
90256,24.786246437440624,0.9983883964544722,560,681,1241,0.0,-0.0008333472224535399,0.9986301369863053,0.0
90257,24.78541309021817,0.9975825946817083,560,681,1241,-0.0008058017727639033,-0.0008333472224535399,0.9984689766317525,-0.00016116035455278067
90258,24.784579742995714,0.9959709911361805,560,681,1241,-0.0016116035455278066,-0.0008333472224570926,0.9981466559226468,-0.00032232070910556134
90259,24.78374639577326,0.9959709911361805,560,681,1241,0.0,-0.0008333472224535399,0.9978243352135413,-0.00032232070910556134
90260,24.782913048550807,0.9967767929089444,560,681,1241,0.0008058017727639033,-0.0008333472224535399,0.9976631748589885,-0.00016116035455278067
90261,24.782079701328353,0.9967767929089444,560,681,1241,0.0,-0.0008333472224535399,0.9975020145044358,-0.00016116035455278067
90262,24.7812463541059,0.9975825946817083,560,681,1241,0.0008058017727639033,-0.0008333472224535399,0.9974214343271595,-8.058017727639034e-05
90263,24.780413006883446,0.9975825946817083,560,681,1241,0.0,-0.0008333472224535399,0.997340854149883,-8.058017727639034e-05
90264,24.779579659660993,0.9975825946817083,560,681,1241,0.0,-0.0008333472224535399,0.9972602739726067,-8.058017727639034e-05
90265,24.77874631243854,0.9975825946817083,560,681,1241,0.0,-0.0008333472224535399,0.9971796937953303,-8.058017727639034e-05
90266,24.777912965216085,0.9975825946817083,560,681,1241,0.0,-0.0008333472224535399,0.997099113618054,-8.058017727639034e-05
90267,24.777079617993632,0.9967767929089444,560,681,1241,-0.0008058017727639033,-0.0008333472224535399,0.9970185334407777,-8.058017727639034e-05
90268,24.77624627077118,0.9967767929089444,560,681,1241,0.0,-0.0008333472224535399,0.997099113618054,8.058017727639034e-05
90269,24.775412923548725,0.9967767929089444,560,681,1241,0.0,-0.0008333472224535399,0.9971796937953303,8.058017727639034e-05
90270,24.77457957632627,0.9967767929089444,560,681,1241,0.0,-0.0008333472224535399,0.9971796937953303,0.0
90271,24.773746229103818,0.9967767929089444,560,681,1241,0.0,-0.0008333472224535399,0.9971796937953303,0.0
90272,24.772912881881364,0.9967767929089444,560,681,1241,0.0,-0.0008333472224535399,0.997099113618054,-8.058017727639034e-05
90273,24.77207953465891,0.9959709911361805,560,681,1241,-0.0008058017727639033,-0.0008333472224535399,0.9969379532635013,-0.00016116035455278067
90274,24.771246187436457,0.9959709911361805,560,681,1241,0.0,-0.0008333472224535399,0.9967767929089486,-0.00016116035455278067
90275,24.770412840214004,0.9959709911361805,560,681,1241,0.0,-0.0008333472224535399,0.996615632554396,-0.00016116035455278067
90276,24.76957949299155,0.9959709911361805,560,681,1241,0.0,-0.0008333472224535399,0.9964544721998433,-0.00016116035455278067
90277,24.768746145769097,0.9951651893634166,560,681,1241,-0.0008058017727639033,-0.0008333472224535399,0.9962933118452904,-0.00016116035455278067
90278,24.767912798546643,0.9951651893634166,560,681,1241,0.0,-0.0008333472224535399,0.9961321514907377,-0.00016116035455278067
90279,24.76707945132419,0.9951651893634166,560,681,1241,0.0,-0.0008333472224535399,0.995970991136185,-0.00016116035455278067
90280,24.766246104101732,0.9951651893634166,560,681,1241,0.0,-0.0008333472224570926,0.9958098307816323,-0.00016116035455278067
90281,24.76541275687928,0.9951651893634166,560,681,1241,0.0,-0.0008333472224535399,0.9956486704270796,-0.00016116035455278067
90282,24.764579409656825,0.9943593875906527,560,681,1241,-0.0008058017727639033,-0.0008333472224535399,0.9954069298952504,-0.00024174053182917098
90283,24.76374606243437,0.9951651893634166,560,681,1241,0.0008058017727639033,-0.0008333472224535399,0.9953263497179738,-8.058017727639034e-05
90284,24.762912715211918,0.9951651893634166,560,681,1241,0.0,-0.0008333472224535399,0.9952457695406975,-8.058017727639034e-05
90285,24.762079367989465,0.9951651893634166,560,681,1241,0.0,-0.0008333472224535399,0.9951651893634212,-8.058017727639034e-05
90286,24.76124602076701,0.9959709911361805,560,681,1241,0.0008058017727639033,-0.0008333472224535399,0.9951651893634212,0.0
90287,24.760412673544558,0.9959709911361805,560,681,1241,0.0,-0.0008333472224535399,0.9952457695406978,8.058017727639034e-05
90288,24.759579326322104,0.9959709911361805,560,681,1241,0.0,-0.0008333472224535399,0.9953263497179741,8.058017727639034e-05
90289,24.75874597909965,0.9959709911361805,560,681,1241,0.0,-0.0008333472224535399,0.9954069298952504,8.058017727639034e-05
90290,24.757912631877197,0.9959709911361805,560,681,1241,0.0,-0.0008333472224535399,0.9954875100725268,8.058017727639034e-05
90291,24.757079284654743,0.9959709911361805,560,681,1241,0.0,-0.0008333472224535399,0.9955680902498031,8.058017727639034e-05
90292,24.75624593743229,0.9967767929089444,560,681,1241,0.0008058017727639033,-0.0008333472224535399,0.9958098307816323,0.00024174053182917098
90293,24.755412590209836,0.9967767929089444,560,681,1241,0.0,-0.0008333472224535399,0.9959709911361851,0.00016116035455278067
90294,24.754579242987383,0.9983883964544722,560,681,1241,0.0016116035455278066,-0.0008333472224535399,0.9962933118452909,0.00032232070910556134
90295,24.75374589576493,0.9975825946817083,560,681,1241,-0.0008058017727639033,-0.0008333472224535399,0.9965350523771199,0.00024174053182917098
90296,24.752912548542476,0.9983883964544722,560,681,1241,0.0008058017727639033,-0.0008333472224535399,0.9967767929089492,0.00024174053182917098
90297,24.752079201320022,0.9983883964544722,560,681,1241,0.0,-0.0008333472224535399,0.9970185334407782,0.00024174053182917098
90298,24.75124585409757,0.9983883964544722,560,681,1241,0.0,-0.0008333472224535399,0.9972602739726073,0.00024174053182917098
90299,24.750412506875115,0.9983883964544722,560,681,1241,0.0,-0.0008333472224535399,0.9975020145044363,0.00024174053182917098
90300,24.74957915965266,0.9983883964544722,560,681,1241,0.0,-0.0008333472224535399,0.9977437550362653,0.00024174053182917098
90301,24.748745812430204,0.9983883964544722,560,681,1241,0.0,-0.0008333472224570926,0.9979854955680943,0.00024174053182917098
90302,24.74791246520775,0.9975825946817083,560,681,1241,-0.0008058017727639033,-0.0008333472224535399,0.9980660757453708,8.058017727639034e-05
90303,24.747079117985297,0.9975825946817083,560,681,1241,0.0,-0.0008333472224535399,0.9981466559226471,8.058017727639034e-05
90304,24.746245770762844,0.9975825946817083,560,681,1241,0.0,-0.0008333472224535399,0.9980660757453705,-8.058017727639034e-05
90305,24.74541242354039,0.9983883964544722,560,681,1241,0.0008058017727639033,-0.0008333472224535399,0.9981466559226471,8.058017727639034e-05
90306,24.744579076317937,0.9975825946817083,560,681,1241,-0.0008058017727639033,-0.0008333472224535399,0.9980660757453705,-8.058017727639034e-05
90307,24.743745729095483,0.9975825946817083,560,681,1241,0.0,-0.0008333472224535399,0.9979854955680942,-8.058017727639034e-05
90308,24.74291238187303,0.9975825946817083,560,681,1241,0.0,-0.0008333472224535399,0.9979049153908178,-8.058017727639034e-05
90309,24.742079034650576,0.9975825946817083,560,681,1241,0.0,-0.0008333472224535399,0.9978243352135415,-8.058017727639034e-05
90310,24.741245687428123,0.9975825946817083,560,681,1241,0.0,-0.0008333472224535399,0.9977437550362651,-8.058017727639034e-05
90311,24.74041234020567,0.9975825946817083,560,681,1241,0.0,-0.0008333472224535399,0.9976631748589888,-8.058017727639034e-05
90312,24.739578992983215,0.9975825946817083,560,681,1241,0.0,-0.0008333472224535399,0.9976631748589888,0.0
90313,24.738745645760762,0.9975825946817083,560,681,1241,0.0,-0.0008333472224535399,0.9976631748589888,0.0
90314,24.73791229853831,0.9967767929089444,560,681,1241,-0.0008058017727639033,-0.0008333472224535399,0.9975825946817125,-8.058017727639034e-05
90315,24.737078951315855,0.9975825946817083,560,681,1241,0.0008058017727639033,-0.0008333472224535399,0.9975020145044361,-8.058017727639034e-05
90316,24.7362456040934,0.9975825946817083,560,681,1241,0.0,-0.0008333472224535399,0.9975020145044361,0.0
90317,24.735412256870948,0.9975825946817083,560,681,1241,0.0,-0.0008333472224535399,0.9975020145044361,0.0
90318,24.734578909648494,0.9983883964544722,560,681,1241,0.0008058017727639033,-0.0008333472224535399,0.9975825946817126,8.058017727639034e-05
90319,24.73374556242604,0.9975825946817083,560,681,1241,-0.0008058017727639033,-0.0008333472224535399,0.9975825946817126,0.0
90320,24.732912215203587,0.9975825946817083,560,681,1241,0.0,-0.0008333472224535399,0.9975825946817126,0.0
90321,24.732078867981134,0.9975825946817083,560,681,1241,0.0,-0.0008333472224535399,0.9975825946817126,0.0
90322,24.731245520758677,0.9975825946817083,560,681,1241,0.0,-0.0008333472224570926,0.9975825946817126,0.0
90323,24.730412173536223,0.9975825946817083,560,681,1241,0.0,-0.0008333472224535399,0.9975825946817126,0.0
90324,24.72957882631377,0.9975825946817083,560,681,1241,0.0,-0.0008333472224535399,0.997663174858989,8.058017727639034e-05
90325,24.728745479091316,0.9967767929089444,560,681,1241,-0.0008058017727639033,-0.0008333472224535399,0.9975825946817126,-8.058017727639034e-05
90326,24.727912131868862,0.9967767929089444,560,681,1241,0.0,-0.0008333472224535399,0.9975020145044363,-8.058017727639034e-05
90327,24.72707878464641,0.9967767929089444,560,681,1241,0.0,-0.0008333472224535399,0.9974214343271599,-8.058017727639034e-05
90328,24.726245437423955,0.9959709911361805,560,681,1241,-0.0008058017727639033,-0.0008333472224535399,0.9971796937953308,-0.00024174053182917098
90329,24.7254120902015,0.9959709911361805,560,681,1241,0.0,-0.0008333472224535399,0.9970185334407781,-0.00016116035455278067
90330,24.72457874297905,0.9967767929089444,560,681,1241,0.0008058017727639033,-0.0008333472224535399,0.9969379532635017,-8.058017727639034e-05
90331,24.723745395756595,0.9967767929089444,560,681,1241,0.0,-0.0008333472224535399,0.9968573730862254,-8.058017727639034e-05
90332,24.72291204853414,0.9967767929089444,560,681,1241,0.0,-0.0008333472224535399,0.996776792908949,-8.058017727639034e-05
90333,24.722078701311688,0.9967767929089444,560,681,1241,0.0,-0.0008333472224535399,0.9966962127316726,-8.058017727639034e-05
90334,24.721245354089234,0.9967767929089444,560,681,1241,0.0,-0.0008333472224535399,0.9966156325543963,-8.058017727639034e-05
90335,24.72041200686678,0.9967767929089444,560,681,1241,0.0,-0.0008333472224535399,0.9966156325543963,0.0
90336,24.719578659644327,0.9975825946817083,560,681,1241,0.0008058017727639033,-0.0008333472224535399,0.9966962127316726,8.058017727639034e-05
90337,24.718745312421873,0.9975825946817083,560,681,1241,0.0,-0.0008333472224535399,0.996776792908949,8.058017727639034e-05
90338,24.71791196519942,0.9975825946817083,560,681,1241,0.0,-0.0008333472224535399,0.9969379532635017,0.00016116035455278067
90339,24.717078617976966,0.9975825946817083,560,681,1241,0.0,-0.0008333472224535399,0.9970991136180544,0.00016116035455278067
90340,24.716245270754513,0.9975825946817083,560,681,1241,0.0,-0.0008333472224535399,0.9971796937953308,8.058017727639034e-05
90341,24.71541192353206,0.9975825946817083,560,681,1241,0.0,-0.0008333472224535399,0.9972602739726071,8.058017727639034e-05
90342,24.714578576309606,0.9975825946817083,560,681,1241,0.0,-0.0008333472224535399,0.9973408541498834,8.058017727639034e-05
90343,24.71374522908715,0.9975825946817083,560,681,1241,0.0,-0.0008333472224570926,0.9974214343271598,8.058017727639034e-05
90344,24.712911881864695,0.9975825946817083,560,681,1241,0.0,-0.0008333472224535399,0.9975020145044361,8.058017727639034e-05
90345,24.71207853464224,0.9975825946817083,560,681,1241,0.0,-0.0008333472224535399,0.9975825946817125,8.058017727639034e-05
90346,24.711245187419788,0.9975825946817083,560,681,1241,0.0,-0.0008333472224535399,0.9975825946817125,0.0
90347,24.710411840197334,0.9975825946817083,560,681,1241,0.0,-0.0008333472224535399,0.9975825946817125,0.0
90348,24.70957849297488,0.9975825946817083,560,681,1241,0.0,-0.0008333472224535399,0.9975825946817125,0.0
90349,24.708745145752427,0.9967767929089444,560,681,1241,-0.0008058017727639033,-0.0008333472224535399,0.9975020145044361,-8.058017727639034e-05
90350,24.707911798529974,0.9967767929089444,560,681,1241,0.0,-0.0008333472224535399,0.9974214343271598,-8.058017727639034e-05
90351,24.70707845130752,0.9959709911361805,560,681,1241,-0.0008058017727639033,-0.0008333472224535399,0.9972602739726071,-0.00016116035455278067
90352,24.706245104085067,0.9967767929089444,560,681,1241,0.0008058017727639033,-0.0008333472224535399,0.9971796937953308,-8.058017727639034e-05
90353,24.705411756862613,0.9959709911361805,560,681,1241,-0.0008058017727639033,-0.0008333472224535399,0.9970185334407781,-0.00016116035455278067
90354,24.70457840964016,0.9959709911361805,560,681,1241,0.0,-0.0008333472224535399,0.9968573730862254,-0.00016116035455278067
90355,24.703745062417706,0.9959709911361805,560,681,1241,0.0,-0.0008333472224535399,0.9966962127316726,-0.00016116035455278067
90356,24.702911715195253,0.9967767929089444,560,681,1241,0.0008058017727639033,-0.0008333472224535399,0.9966156325543963,-8.058017727639034e-05
90357,24.7020783679728,0.9975825946817083,560,681,1241,0.0008058017727639033,-0.0008333472224535399,0.9966156325543963,0.0
90358,24.701245020750346,0.9975825946817083,560,681,1241,0.0,-0.0008333472224535399,0.9966156325543963,0.0
90359,24.700411673527892,0.9975825946817083,560,681,1241,0.0,-0.0008333472224535399,0.9966962127316726,8.058017727639034e-05
90360,24.69957832630544,0.9975825946817083,560,681,1241,0.0,-0.0008333472224535399,0.996776792908949,8.058017727639034e-05
90361,24.698744979082985,0.9983883964544722,560,681,1241,0.0008058017727639033,-0.0008333472224535399,0.9970185334407782,0.00024174053182917098
90362,24.69791163186053,0.9967767929089444,560,681,1241,-0.0016116035455278066,-0.0008333472224535399,0.9970185334407782,0.0
90363,24.697078284638078,0.9967767929089444,560,681,1241,0.0,-0.0008333472224535399,0.9970991136180546,8.058017727639034e-05
90364,24.69624493741562,0.9967767929089444,560,681,1241,0.0,-0.0008333472224570926,0.9971796937953309,8.058017727639034e-05
90365,24.695411590193167,0.9967767929089444,560,681,1241,0.0,-0.0008333472224535399,0.9972602739726073,8.058017727639034e-05
90366,24.694578242970714,0.9967767929089444,560,681,1241,0.0,-0.0008333472224535399,0.9972602739726073,0.0
90367,24.69374489574826,0.9967767929089444,560,681,1241,0.0,-0.0008333472224535399,0.9971796937953309,-8.058017727639034e-05
90368,24.692911548525807,0.9967767929089444,560,681,1241,0.0,-0.0008333472224535399,0.9970991136180546,-8.058017727639034e-05
90369,24.692078201303353,0.9967767929089444,560,681,1241,0.0,-0.0008333472224535399,0.9970185334407782,-8.058017727639034e-05
90370,24.6912448540809,0.9967767929089444,560,681,1241,0.0,-0.0008333472224535399,0.9969379532635019,-8.058017727639034e-05
90371,24.690411506858446,0.9967767929089444,560,681,1241,0.0,-0.0008333472224535399,0.996776792908949,-0.00016116035455278067
90372,24.689578159635992,0.9975825946817083,560,681,1241,0.0008058017727639033,-0.0008333472224535399,0.9968573730862254,8.058017727639034e-05
90373,24.68874481241354,0.9967767929089444,560,681,1241,-0.0008058017727639033,-0.0008333472224535399,0.9968573730862254,0.0
90374,24.687911465191085,0.9967767929089444,560,681,1241,0.0,-0.0008333472224535399,0.9968573730862254,0.0
90375,24.687078117968632,0.9967767929089444,560,681,1241,0.0,-0.0008333472224535399,0.9968573730862254,0.0
90376,24.68624477074618,0.9959709911361805,560,681,1241,-0.0008058017727639033,-0.0008333472224535399,0.996776792908949,-8.058017727639034e-05
90377,24.685411423523725,0.9959709911361805,560,681,1241,0.0,-0.0008333472224535399,0.9966962127316726,-8.058017727639034e-05
90378,24.68457807630127,0.9959709911361805,560,681,1241,0.0,-0.0008333472224535399,0.9966156325543963,-8.058017727639034e-05
90379,24.683744729078818,0.9959709911361805,560,681,1241,0.0,-0.0008333472224535399,0.9965350523771199,-8.058017727639034e-05
90380,24.682911381856364,0.9967767929089444,560,681,1241,0.0008058017727639033,-0.0008333472224535399,0.9965350523771199,0.0
90381,24.68207803463391,0.9967767929089444,560,681,1241,0.0,-0.0008333472224535399,0.9965350523771199,0.0
90382,24.681244687411457,0.9967767929089444,560,681,1241,0.0,-0.0008333472224535399,0.9964544721998436,-8.058017727639034e-05
90383,24.680411340189004,0.9967767929089444,560,681,1241,0.0,-0.0008333472224535399,0.9964544721998436,0.0
90384,24.67957799296655,0.9967767929089444,560,681,1241,0.0,-0.0008333472224535399,0.9964544721998436,0.0
90385,24.678744645744096,0.9967767929089444,560,681,1241,0.0,-0.0008333472224535399,0.9964544721998436,0.0
90386,24.67791129852164,0.9967767929089444,560,681,1241,0.0,-0.0008333472224570926,0.9965350523771199,8.058017727639034e-05
90387,24.677077951299186,0.9967767929089444,560,681,1241,0.0,-0.0008333472224535399,0.9966156325543963,8.058017727639034e-05
90388,24.676244604076732,0.9967767929089444,560,681,1241,0.0,-0.0008333472224535399,0.9966962127316726,8.058017727639034e-05
90389,24.67541125685428,0.9959709911361805,560,681,1241,-0.0008058017727639033,-0.0008333472224535399,0.9966962127316726,0.0
90390,24.674577909631825,0.9951651893634166,560,681,1241,-0.0008058017727639033,-0.0008333472224535399,0.9965350523771198,-0.00016116035455278067
90391,24.67374456240937,0.9951651893634166,560,681,1241,0.0,-0.0008333472224535399,0.9963738920225671,-0.00016116035455278067
90392,24.672911215186918,0.9943593875906527,560,681,1241,-0.0008058017727639033,-0.0008333472224535399,0.9961321514907379,-0.00024174053182917098
90393,24.672077867964465,0.9943593875906527,560,681,1241,0.0,-0.0008333472224535399,0.9958904109589086,-0.00024174053182917098
90394,24.67124452074201,0.9943593875906527,560,681,1241,0.0,-0.0008333472224535399,0.9956486704270795,-0.00024174053182917098
90395,24.670411173519557,0.9943593875906527,560,681,1241,0.0,-0.0008333472224535399,0.9954069298952503,-0.00024174053182917098
90396,24.669577826297104,0.9943593875906527,560,681,1241,0.0,-0.0008333472224535399,0.995165189363421,-0.00024174053182917098
90397,24.66874447907465,0.9943593875906527,560,681,1241,0.0,-0.0008333472224535399,0.9949234488315918,-0.00024174053182917098
90398,24.667911131852197,0.9943593875906527,560,681,1241,0.0,-0.0008333472224535399,0.9946817082997625,-0.00024174053182917098
90399,24.667077784629743,0.9943593875906527,560,681,1241,0.0,-0.0008333472224535399,0.9945205479452097,-0.00016116035455278067
90400,24.66624443740729,0.9935535858178888,560,681,1241,-0.0008058017727639033,-0.0008333472224535399,0.9943593875906569,-0.00016116035455278067
90401,24.665411090184836,0.9935535858178888,560,681,1241,0.0,-0.0008333472224535399,0.9941982272361042,-0.00016116035455278067
90402,24.664577742962383,0.9943593875906527,560,681,1241,0.0008058017727639033,-0.0008333472224535399,0.9941982272361042,0.0
90403,24.66374439573993,0.9951651893634166,560,681,1241,0.0008058017727639033,-0.0008333472224535399,0.9942788074133805,8.058017727639034e-05
90404,24.662911048517476,0.9951651893634166,560,681,1241,0.0,-0.0008333472224535399,0.9943593875906569,8.058017727639034e-05
90405,24.662077701295022,0.9959709911361805,560,681,1241,0.0008058017727639033,-0.0008333472224535399,0.9945205479452097,0.00016116035455278067
90406,24.66124435407257,0.9959709911361805,560,681,1241,0.0,-0.0008333472224535399,0.9946817082997625,0.00016116035455278067
90407,24.66041100685011,0.9959709911361805,560,681,1241,0.0,-0.0008333472224570926,0.9948428686543155,0.00016116035455278067
90408,24.659577659627658,0.9967767929089444,560,681,1241,0.0008058017727639033,-0.0008333472224535399,0.9950846091861447,0.00024174053182917098
90409,24.658744312405204,0.9967767929089444,560,681,1241,0.0,-0.0008333472224535399,0.9953263497179738,0.00024174053182917098
90410,24.65791096518275,0.9967767929089444,560,681,1241,0.0,-0.0008333472224535399,0.9956486704270795,0.00032232070910556134
90411,24.657077617960297,0.9967767929089444,560,681,1241,0.0,-0.0008333472224535399,0.995970991136185,0.00032232070910556134
90412,24.656244270737844,0.9967767929089444,560,681,1241,0.0,-0.0008333472224535399,0.9962127316680143,0.00024174053182917098
90413,24.65541092351539,0.9967767929089444,560,681,1241,0.0,-0.0008333472224535399,0.9963738920225669,0.00016116035455278067
90414,24.654577576292937,0.9967767929089444,560,681,1241,0.0,-0.0008333472224535399,0.9965350523771196,0.00016116035455278067
90415,24.653744229070483,0.9959709911361805,560,681,1241,-0.0008058017727639033,-0.0008333472224535399,0.9965350523771196,0.0
90416,24.65291088184803,0.9959709911361805,560,681,1241,0.0,-0.0008333472224535399,0.9965350523771196,0.0
90417,24.652077534625576,0.9959709911361805,560,681,1241,0.0,-0.0008333472224535399,0.9965350523771196,0.0
90418,24.651244187403123,0.9959709911361805,560,681,1241,0.0,-0.0008333472224535399,0.9964544721998433,-8.058017727639034e-05
90419,24.65041084018067,0.9959709911361805,560,681,1241,0.0,-0.0008333472224535399,0.9963738920225669,-8.058017727639034e-05
90420,24.649577492958215,0.9959709911361805,560,681,1241,0.0,-0.0008333472224535399,0.9962933118452906,-8.058017727639034e-05
90421,24.648744145735762,0.9959709911361805,560,681,1241,0.0,-0.0008333472224535399,0.9962127316680143,-8.058017727639034e-05
90422,24.64791079851331,0.9951651893634166,560,681,1241,-0.0008058017727639033,-0.0008333472224535399,0.9960515713134613,-0.00016116035455278067
90423,24.647077451290855,0.9951651893634166,560,681,1241,0.0,-0.0008333472224535399,0.9958904109589086,-0.00016116035455278067
90424,24.6462441040684,0.9951651893634166,560,681,1241,0.0,-0.0008333472224535399,0.995729250604356,-0.00016116035455278067
90425,24.645410756845948,0.9951651893634166,560,681,1241,0.0,-0.0008333472224535399,0.9956486704270796,-8.058017727639034e-05
90426,24.644577409623494,0.9951651893634166,560,681,1241,0.0,-0.0008333472224535399,0.9955680902498033,-8.058017727639034e-05
90427,24.64374406240104,0.9951651893634166,560,681,1241,0.0,-0.0008333472224535399,0.9954875100725269,-8.058017727639034e-05
90428,24.642910715178584,0.9951651893634166,560,681,1241,0.0,-0.0008333472224570926,0.9954069298952506,-8.058017727639034e-05
90429,24.64207736795613,0.9951651893634166,560,681,1241,0.0,-0.0008333472224535399,0.9953263497179743,-8.058017727639034e-05
90430,24.641244020733676,0.9951651893634166,560,681,1241,0.0,-0.0008333472224535399,0.9952457695406979,-8.058017727639034e-05
90431,24.640410673511223,0.9959709911361805,560,681,1241,0.0008058017727639033,-0.0008333472224535399,0.9952457695406979,0.0
90432,24.63957732628877,0.9959709911361805,560,681,1241,0.0,-0.0008333472224535399,0.9953263497179744,8.058017727639034e-05
90433,24.638743979066316,0.9951651893634166,560,681,1241,-0.0008058017727639033,-0.0008333472224535399,0.9953263497179744,0.0
90434,24.637910631843862,0.9959709911361805,560,681,1241,0.0008058017727639033,-0.0008333472224535399,0.9954069298952508,8.058017727639034e-05
90435,24.63707728462141,0.9967767929089444,560,681,1241,0.0008058017727639033,-0.0008333472224535399,0.9955680902498034,0.00016116035455278067
90436,24.636243937398955,0.9967767929089444,560,681,1241,0.0,-0.0008333472224535399,0.9957292506043561,0.00016116035455278067
90437,24.6354105901765,0.9959709911361805,560,681,1241,-0.0008058017727639033,-0.0008333472224535399,0.9958098307816325,8.058017727639034e-05
90438,24.634577242954048,0.9959709911361805,560,681,1241,0.0,-0.0008333472224535399,0.9958904109589088,8.058017727639034e-05
90439,24.633743895731595,0.9959709911361805,560,681,1241,0.0,-0.0008333472224535399,0.9959709911361851,8.058017727639034e-05
90440,24.63291054850914,0.9959709911361805,560,681,1241,0.0,-0.0008333472224535399,0.9960515713134616,8.058017727639034e-05
90441,24.632077201286688,0.9959709911361805,560,681,1241,0.0,-0.0008333472224535399,0.9960515713134616,0.0
90442,24.631243854064234,0.9959709911361805,560,681,1241,0.0,-0.0008333472224535399,0.9960515713134616,0.0
90443,24.63041050684178,0.9959709911361805,560,681,1241,0.0,-0.0008333472224535399,0.9961321514907379,8.058017727639034e-05
90444,24.629577159619327,0.9959709911361805,560,681,1241,0.0,-0.0008333472224535399,0.9961321514907379,0.0
90445,24.628743812396873,0.9959709911361805,560,681,1241,0.0,-0.0008333472224535399,0.9960515713134616,-8.058017727639034e-05
90446,24.62791046517442,0.9967767929089444,560,681,1241,0.0008058017727639033,-0.0008333472224535399,0.9960515713134616,0.0
90447,24.627077117951966,0.9967767929089444,560,681,1241,0.0,-0.0008333472224535399,0.9961321514907379,8.058017727639034e-05
90448,24.626243770729513,0.9967767929089444,560,681,1241,0.0,-0.0008333472224535399,0.9962127316680143,8.058017727639034e-05
90449,24.625410423507056,0.9967767929089444,560,681,1241,0.0,-0.0008333472224570926,0.9962933118452906,8.058017727639034e-05
90450,24.624577076284602,0.9967767929089444,560,681,1241,0.0,-0.0008333472224535399,0.9963738920225669,8.058017727639034e-05
90451,24.62374372906215,0.9967767929089444,560,681,1241,0.0,-0.0008333472224535399,0.9964544721998433,8.058017727639034e-05
90452,24.622910381839695,0.9967767929089444,560,681,1241,0.0,-0.0008333472224535399,0.9965350523771196,8.058017727639034e-05
90453,24.62207703461724,0.9959709911361805,560,681,1241,-0.0008058017727639033,-0.0008333472224535399,0.9965350523771196,0.0
90454,24.621243687394788,0.9959709911361805,560,681,1241,0.0,-0.0008333472224535399,0.9965350523771196,0.0
90455,24.620410340172334,0.9959709911361805,560,681,1241,0.0,-0.0008333472224535399,0.9965350523771196,0.0
90456,24.61957699294988,0.9959709911361805,560,681,1241,0.0,-0.0008333472224535399,0.9964544721998433,-8.058017727639034e-05
90457,24.618743645727427,0.9959709911361805,560,681,1241,0.0,-0.0008333472224535399,0.9963738920225669,-8.058017727639034e-05
90458,24.617910298504974,0.9959709911361805,560,681,1241,0.0,-0.0008333472224535399,0.9962933118452906,-8.058017727639034e-05
90459,24.61707695128252,0.9959709911361805,560,681,1241,0.0,-0.0008333472224535399,0.9962127316680143,-8.058017727639034e-05
90460,24.616243604060067,0.9951651893634166,560,681,1241,-0.0008058017727639033,-0.0008333472224535399,0.9960515713134613,-0.00016116035455278067
90461,24.615410256837613,0.9951651893634166,560,681,1241,0.0,-0.0008333472224535399,0.9958904109589086,-0.00016116035455278067
90462,24.61457690961516,0.9951651893634166,560,681,1241,0.0,-0.0008333472224535399,0.995729250604356,-0.00016116035455278067
90463,24.613743562392706,0.9951651893634166,560,681,1241,0.0,-0.0008333472224535399,0.9956486704270796,-8.058017727639034e-05
90464,24.612910215170253,0.9951651893634166,560,681,1241,0.0,-0.0008333472224535399,0.9955680902498033,-8.058017727639034e-05
90465,24.6120768679478,0.9951651893634166,560,681,1241,0.0,-0.0008333472224535399,0.9954875100725269,-8.058017727639034e-05
90466,24.611243520725345,0.9951651893634166,560,681,1241,0.0,-0.0008333472224535399,0.9954069298952506,-8.058017727639034e-05
90467,24.610410173502892,0.9943593875906527,560,681,1241,-0.0008058017727639033,-0.0008333472224535399,0.9952457695406978,-0.00016116035455278067
90468,24.60957682628044,0.9951651893634166,560,681,1241,0.0008058017727639033,-0.0008333472224535399,0.9951651893634212,-8.058017727639034e-05
90469,24.608743479057985,0.9951651893634166,560,681,1241,0.0,-0.0008333472224535399,0.9950846091861448,-8.058017727639034e-05
90470,24.607910131835528,0.9951651893634166,560,681,1241,0.0,-0.0008333472224570926,0.995084609186145,0.0
90471,24.607076784613074,0.9959709911361805,560,681,1241,0.0008058017727639033,-0.0008333472224535399,0.9951651893634214,8.058017727639034e-05
90472,24.60624343739062,0.9967767929089444,560,681,1241,0.0008058017727639033,-0.0008333472224535399,0.9953263497179741,0.00016116035455278067
90473,24.605410090168167,0.9967767929089444,560,681,1241,0.0,-0.0008333472224535399,0.9954875100725268,0.00016116035455278067
90474,24.604576742945714,0.9967767929089444,560,681,1241,0.0,-0.0008333472224535399,0.9956486704270795,0.00016116035455278067
90475,24.60374339572326,0.9959709911361805,560,681,1241,-0.0008058017727639033,-0.0008333472224535399,0.9957292506043558,8.058017727639034e-05
90476,24.602910048500807,0.9959709911361805,560,681,1241,0.0,-0.0008333472224535399,0.9958098307816321,8.058017727639034e-05
90477,24.602076701278353,0.9959709911361805,560,681,1241,0.0,-0.0008333472224535399,0.995970991136185,0.00016116035455278067
90478,24.6012433540559,0.9959709911361805,560,681,1241,0.0,-0.0008333472224535399,0.9960515713134616,8.058017727639034e-05
90479,24.600410006833446,0.9951651893634166,560,681,1241,-0.0008058017727639033,-0.0008333472224535399,0.9960515713134616,0.0
90480,24.599576659610992,0.9951651893634166,560,681,1241,0.0,-0.0008333472224535399,0.9960515713134616,0.0
90481,24.59874331238854,0.9951651893634166,560,681,1241,0.0,-0.0008333472224535399,0.995970991136185,-8.058017727639034e-05
90482,24.597909965166085,0.9951651893634166,560,681,1241,0.0,-0.0008333472224535399,0.9958098307816323,-0.00016116035455278067
90483,24.59707661794363,0.9951651893634166,560,681,1241,0.0,-0.0008333472224535399,0.9956486704270796,-0.00016116035455278067
90484,24.596243270721178,0.9951651893634166,560,681,1241,0.0,-0.0008333472224535399,0.9954875100725269,-0.00016116035455278067
90485,24.595409923498725,0.9951651893634166,560,681,1241,0.0,-0.0008333472224535399,0.9954069298952506,-8.058017727639034e-05
90486,24.59457657627627,0.9959709911361805,560,681,1241,0.0008058017727639033,-0.0008333472224535399,0.9954069298952506,0.0
90487,24.593743229053818,0.9951651893634166,560,681,1241,-0.0008058017727639033,-0.0008333472224535399,0.9953263497179743,-8.058017727639034e-05
90488,24.592909881831364,0.9951651893634166,560,681,1241,0.0,-0.0008333472224535399,0.9952457695406979,-8.058017727639034e-05
90489,24.59207653460891,0.9943593875906527,560,681,1241,-0.0008058017727639033,-0.0008333472224535399,0.9951651893634214,-8.058017727639034e-05
90490,24.591243187386457,0.9951651893634166,560,681,1241,0.0008058017727639033,-0.0008333472224535399,0.9951651893634214,0.0
90491,24.590409840164,0.9951651893634166,560,681,1241,0.0,-0.0008333472224570926,0.9951651893634214,0.0
90492,24.589576492941546,0.9951651893634166,560,681,1241,0.0,-0.0008333472224535399,0.9951651893634214,0.0
90493,24.588743145719093,0.9959709911361805,560,681,1241,0.0008058017727639033,-0.0008333472224535399,0.9952457695406978,8.058017727639034e-05
90494,24.58790979849664,0.9967767929089444,560,681,1241,0.0008058017727639033,-0.0008333472224535399,0.9954069298952504,0.00016116035455278067
90495,24.587076451274186,0.9967767929089444,560,681,1241,0.0,-0.0008333472224535399,0.9955680902498031,0.00016116035455278067
90496,24.586243104051732,0.9975825946817083,560,681,1241,0.0008058017727639033,-0.0008333472224535399,0.9957292506043558,0.00016116035455278067
90497,24.58540975682928,0.9975825946817083,560,681,1241,0.0,-0.0008333472224535399,0.9959709911361848,0.00024174053182917098
90498,24.584576409606825,0.9975825946817083,560,681,1241,0.0,-0.0008333472224535399,0.9962127316680138,0.00024174053182917098
90499,24.58374306238437,0.9975825946817083,560,681,1241,0.0,-0.0008333472224535399,0.9965350523771195,0.00032232070910556134
90500,24.582909715161918,0.9975825946817083,560,681,1241,0.0,-0.0008333472224535399,0.9967767929089486,0.00024174053182917098
90501,24.582076367939464,0.9983883964544722,560,681,1241,0.0008058017727639033,-0.0008333472224535399,0.9970991136180544,0.00032232070910556134
90502,24.58124302071701,0.9991941982272361,560,681,1241,0.0008058017727639033,-0.0008333472224535399,0.9975020145044364,0.00040290088638195165
90503,24.580409673494557,0.9991941982272361,560,681,1241,0.0,-0.0008333472224535399,0.9978243352135421,0.00032232070910556134
90504,24.579576326272104,0.9991941982272361,560,681,1241,0.0,-0.0008333472224535399,0.9980660757453712,0.00024174053182917098
90505,24.57874297904965,0.9983883964544722,560,681,1241,-0.0008058017727639033,-0.0008333472224535399,0.9982272360999241,0.00016116035455278067
90506,24.577909631827197,0.9983883964544722,560,681,1241,0.0,-0.0008333472224535399,0.9983078162772004,8.058017727639034e-05
90507,24.577076284604743,0.9991941982272361,560,681,1241,0.0008058017727639033,-0.0008333472224535399,0.9984689766317534,0.00016116035455278067
90508,24.57624293738229,1.0,560,681,1241,0.0008058017727639033,-0.0008333472224535399,0.9987107171635825,0.00024174053182917098
90509,24.575409590159836,1.0,560,681,1241,0.0,-0.0008333472224535399,0.9989524576954117,0.00024174053182917098
90510,24.574576242937383,1.0,560,681,1241,0.0,-0.0008333472224535399,0.999194198227241,0.00024174053182917098
90511,24.57374289571493,1.0,560,681,1241,0.0,-0.0008333472224535399,0.9993553585817938,0.00016116035455278067
90512,24.572909548492476,1.0,560,681,1241,0.0,-0.0008333472224535399,0.9994359387590702,8.058017727639034e-05
90513,24.57207620127002,1.0,560,681,1241,0.0,-0.0008333472224570926,0.9995165189363465,8.058017727639034e-05
90514,24.571242854047565,0.9991941982272361,560,681,1241,-0.0008058017727639033,-0.0008333472224535399,0.9995165189363465,0.0
90515,24.57040950682511,0.9991941982272361,560,681,1241,0.0,-0.0008333472224535399,0.9995970991136229,8.058017727639034e-05
90516,24.569576159602658,0.9991941982272361,560,681,1241,0.0,-0.0008333472224535399,0.9996776792908992,8.058017727639034e-05
90517,24.568742812380204,1.0,560,681,1241,0.0008058017727639033,-0.0008333472224535399,0.9997582594681755,8.058017727639034e-05
90518,24.56790946515775,1.0,560,681,1241,0.0,-0.0008333472224535399,0.9997582594681755,0.0
90519,24.567076117935297,1.0,560,681,1241,0.0,-0.0008333472224535399,0.9997582594681755,0.0
90520,24.566242770712844,1.0,560,681,1241,0.0,-0.0008333472224535399,0.9997582594681755,0.0
90521,24.56540942349039,1.0,560,681,1241,0.0,-0.0008333472224535399,0.9997582594681755,0.0
90522,24.564576076267937,1.0,560,681,1241,0.0,-0.0008333472224535399,0.9997582594681755,0.0
90523,24.563742729045483,1.0,560,681,1241,0.0,-0.0008333472224535399,0.9997582594681755,0.0
90524,24.56290938182303,1.0,560,681,1241,0.0,-0.0008333472224535399,0.999838839645452,8.058017727639034e-05
90525,24.562076034600576,1.0,560,681,1241,0.0,-0.0008333472224535399,0.9999194198227283,8.058017727639034e-05
90526,24.561242687378122,1.0,560,681,1241,0.0,-0.0008333472224535399,1.0000000000000047,8.058017727639034e-05
90527,24.56040934015567,1.0,560,681,1241,0.0,-0.0008333472224535399,1.0000000000000047,0.0
90528,24.559575992933215,1.0,560,681,1241,0.0,-0.0008333472224535399,1.0000000000000047,0.0
90529,24.558742645710762,1.0,560,681,1241,0.0,-0.0008333472224535399,1.0000000000000047,0.0
90530,24.55790929848831,0.9991941982272361,560,681,1241,-0.0008058017727639033,-0.0008333472224535399,0.9999194198227283,-8.058017727639034e-05
90531,24.557075951265855,0.9991941982272361,560,681,1241,0.0,-0.0008333472224535399,0.999838839645452,-8.058017727639034e-05
90532,24.5562426040434,0.9983883964544722,560,681,1241,-0.0008058017727639033,-0.0008333472224535399,0.9996776792908992,-0.00016116035455278067
90533,24.555409256820948,0.9975825946817083,560,681,1241,-0.0008058017727639033,-0.0008333472224535399,0.99943593875907,-0.00024174053182917098
90534,24.55457590959849,0.9967767929089444,560,681,1241,-0.0008058017727639033,-0.0008333472224570926,0.9991136180499645,-0.00032232070910556134
90535,24.553742562376037,0.9967767929089444,560,681,1241,0.0,-0.0008333472224535399,0.9987912973408589,-0.00032232070910556134
90536,24.552909215153583,0.9967767929089444,560,681,1241,0.0,-0.0008333472224535399,0.9984689766317534,-0.00032232070910556134
90537,24.55207586793113,0.9959709911361805,560,681,1241,-0.0008058017727639033,-0.0008333472224535399,0.9980660757453714,-0.00040290088638195165
90538,24.551242520708676,0.9959709911361805,560,681,1241,0.0,-0.0008333472224535399,0.9976631748589895,-0.00040290088638195165
90539,24.550409173486223,0.9967767929089444,560,681,1241,0.0008058017727639033,-0.0008333472224535399,0.9973408541498839,-0.00032232070910556134
90540,24.54957582626377,0.9975825946817083,560,681,1241,0.0008058017727639033,-0.0008333472224535399,0.9971796937953311,-0.00016116035455278067
90541,24.548742479041316,0.9975825946817083,560,681,1241,0.0,-0.0008333472224535399,0.9970185334407782,-0.00016116035455278067
90542,24.547909131818862,0.9975825946817083,560,681,1241,0.0,-0.0008333472224535399,0.9969379532635017,-8.058017727639034e-05
90543,24.54707578459641,0.9975825946817083,560,681,1241,0.0,-0.0008333472224535399,0.9969379532635017,0.0
90544,24.546242437373955,0.9967767929089444,560,681,1241,-0.0008058017727639033,-0.0008333472224535399,0.9969379532635017,0.0
90545,24.5454090901515,0.9967767929089444,560,681,1241,0.0,-0.0008333472224535399,0.9969379532635017,0.0
90546,24.544575742929048,0.9975825946817083,560,681,1241,0.0008058017727639033,-0.0008333472224535399,0.9970185334407781,8.058017727639034e-05
90547,24.543742395706595,0.9975825946817083,560,681,1241,0.0,-0.0008333472224535399,0.9971796937953308,0.00016116035455278067
90548,24.54290904848414,0.9975825946817083,560,681,1241,0.0,-0.0008333472224535399,0.9973408541498834,0.00016116035455278067
90549,24.542075701261687,0.9975825946817083,560,681,1241,0.0,-0.0008333472224535399,0.9974214343271598,8.058017727639034e-05
90550,24.541242354039234,0.9975825946817083,560,681,1241,0.0,-0.0008333472224535399,0.9974214343271598,0.0
90551,24.54040900681678,0.9975825946817083,560,681,1241,0.0,-0.0008333472224535399,0.9974214343271598,0.0
90552,24.539575659594327,0.9975825946817083,560,681,1241,0.0,-0.0008333472224535399,0.9974214343271598,0.0
90553,24.538742312371873,0.9983883964544722,560,681,1241,0.0008058017727639033,-0.0008333472224535399,0.9975020145044363,8.058017727639034e-05
90554,24.53790896514942,0.9983883964544722,560,681,1241,0.0,-0.0008333472224535399,0.997663174858989,0.00016116035455278067
90555,24.537075617926963,0.9991941982272361,560,681,1241,0.0008058017727639033,-0.0008333472224570926,0.9979049153908182,0.00024174053182917098
90556,24.53624227070451,0.9991941982272361,560,681,1241,0.0,-0.0008333472224535399,0.9980660757453711,0.00016116035455278067
90557,24.535408923482056,0.9991941982272361,560,681,1241,0.0,-0.0008333472224535399,0.9982272360999239,0.00016116035455278067
90558,24.534575576259602,0.9991941982272361,560,681,1241,0.0,-0.0008333472224535399,0.9983883964544769,0.00016116035455278067
90559,24.53374222903715,0.9975825946817083,560,681,1241,-0.0016116035455278066,-0.0008333472224535399,0.9983883964544769,0.0
90560,24.532908881814695,0.9975825946817083,560,681,1241,0.0,-0.0008333472224535399,0.9983883964544769,0.0
90561,24.53207553459224,0.9975825946817083,560,681,1241,0.0,-0.0008333472224535399,0.9983883964544769,0.0
90562,24.531242187369788,0.9967767929089444,560,681,1241,-0.0008058017727639033,-0.0008333472224535399,0.9983078162772004,-8.058017727639034e-05
90563,24.530408840147334,0.9967767929089444,560,681,1241,0.0,-0.0008333472224535399,0.9981466559226476,-0.00016116035455278067
90564,24.52957549292488,0.9967767929089444,560,681,1241,0.0,-0.0008333472224535399,0.9979854955680949,-0.00016116035455278067
90565,24.528742145702427,0.9967767929089444,560,681,1241,0.0,-0.0008333472224535399,0.9977437550362657,-0.00024174053182917098
90566,24.527908798479974,0.9975825946817083,560,681,1241,0.0008058017727639033,-0.0008333472224535399,0.9975825946817128,-0.00016116035455278067
90567,24.52707545125752,0.9975825946817083,560,681,1241,0.0,-0.0008333472224535399,0.9974214343271599,-0.00016116035455278067
90568,24.526242104035067,0.9975825946817083,560,681,1241,0.0,-0.0008333472224535399,0.9972602739726071,-0.00016116035455278067
90569,24.525408756812613,0.9975825946817083,560,681,1241,0.0,-0.0008333472224535399,0.9972602739726071,0.0
90570,24.52457540959016,0.9983883964544722,560,681,1241,0.0008058017727639033,-0.0008333472224535399,0.9973408541498836,8.058017727639034e-05
90571,24.523742062367706,0.9983883964544722,560,681,1241,0.0,-0.0008333472224535399,0.9974214343271599,8.058017727639034e-05
90572,24.522908715145253,0.9983883964544722,560,681,1241,0.0,-0.0008333472224535399,0.9975825946817126,0.00016116035455278067
90573,24.5220753679228,0.9975825946817083,560,681,1241,-0.0008058017727639033,-0.0008333472224535399,0.997663174858989,8.058017727639034e-05
90574,24.521242020700345,0.9991941982272361,560,681,1241,0.0016116035455278066,-0.0008333472224535399,0.9979049153908182,0.00024174053182917098
90575,24.520408673477892,0.9991941982272361,560,681,1241,0.0,-0.0008333472224535399,0.9981466559226474,0.00024174053182917098
90576,24.519575326255435,1.0,560,681,1241,0.0008058017727639033,-0.0008333472224570926,0.9983883964544766,0.00024174053182917098
90577,24.51874197903298,1.0,560,681,1241,0.0,-0.0008333472224535399,0.9986301369863059,0.00024174053182917098
90578,24.517908631810528,1.0,560,681,1241,0.0,-0.0008333472224535399,0.9988718775181351,0.00024174053182917098
90579,24.517075284588074,1.0,560,681,1241,0.0,-0.0008333472224535399,0.9991136180499642,0.00024174053182917098
90580,24.51624193736562,0.9991941982272361,560,681,1241,-0.0008058017727639033,-0.0008333472224535399,0.9991941982272408,8.058017727639034e-05
90581,24.515408590143167,0.9991941982272361,560,681,1241,0.0,-0.0008333472224535399,0.9992747784045172,8.058017727639034e-05
90582,24.514575242920714,0.9991941982272361,560,681,1241,0.0,-0.0008333472224535399,0.9993553585817935,8.058017727639034e-05
90583,24.51374189569826,1.0,560,681,1241,0.0008058017727639033,-0.0008333472224535399,0.9995970991136227,0.00024174053182917098
90584,24.512908548475806,1.0,560,681,1241,0.0,-0.0008333472224535399,0.999677679290899,8.058017727639034e-05
90585,24.512075201253353,1.0,560,681,1241,0.0,-0.0008333472224535399,0.9997582594681754,8.058017727639034e-05
90586,24.5112418540309,0.9991941982272361,560,681,1241,-0.0008058017727639033,-0.0008333472224535399,0.999677679290899,-8.058017727639034e-05
90587,24.510408506808446,1.0,560,681,1241,0.0008058017727639033,-0.0008333472224535399,0.999677679290899,0.0
90588,24.509575159585992,1.0,560,681,1241,0.0,-0.0008333472224535399,0.999677679290899,0.0
90589,24.50874181236354,1.0,560,681,1241,0.0,-0.0008333472224535399,0.999677679290899,0.0
90590,24.507908465141085,1.0,560,681,1241,0.0,-0.0008333472224535399,0.9997582594681754,8.058017727639034e-05
90591,24.50707511791863,1.0,560,681,1241,0.0,-0.0008333472224535399,0.9998388396454517,8.058017727639034e-05
90592,24.506241770696178,1.0,560,681,1241,0.0,-0.0008333472224535399,0.9999194198227281,8.058017727639034e-05
90593,24.505408423473725,1.0,560,681,1241,0.0,-0.0008333472224535399,0.9999194198227281,0.0
90594,24.50457507625127,1.0,560,681,1241,0.0,-0.0008333472224535399,0.9999194198227281,0.0
90595,24.503741729028818,1.0,560,681,1241,0.0,-0.0008333472224535399,0.9999194198227281,0.0
90596,24.502908381806364,1.0,560,681,1241,0.0,-0.0008333472224535399,1.0000000000000044,8.058017727639034e-05
90597,24.502075034583907,1.0,560,681,1241,0.0,-0.0008333472224570926,1.0000000000000044,0.0
90598,24.501241687361453,0.9991941982272361,560,681,1241,-0.0008058017727639033,-0.0008333472224535399,0.9999194198227281,-8.058017727639034e-05
90599,24.500408340139,0.9991941982272361,560,681,1241,0.0,-0.0008333472224535399,0.9998388396454517,-8.058017727639034e-05
90600,24.499574992916546,1.0,560,681,1241,0.0008058017727639033,-0.0008333472224535399,0.9998388396454517,0.0
90601,24.498741645694093,1.0,560,681,1241,0.0,-0.0008333472224535399,0.9998388396454517,0.0
90602,24.49790829847164,1.0,560,681,1241,0.0,-0.0008333472224535399,0.9998388396454517,0.0
90603,24.497074951249186,1.0,560,681,1241,0.0,-0.0008333472224535399,0.9998388396454517,0.0
90604,24.496241604026732,1.0,560,681,1241,0.0,-0.0008333472224535399,0.9998388396454517,0.0
90605,24.49540825680428,1.0,560,681,1241,0.0,-0.0008333472224535399,0.9998388396454517,0.0
90606,24.494574909581825,1.0,560,681,1241,0.0,-0.0008333472224535399,0.9998388396454517,0.0
90607,24.49374156235937,0.9991941982272361,560,681,1241,-0.0008058017727639033,-0.0008333472224535399,0.9997582594681754,-8.058017727639034e-05
90608,24.492908215136918,0.9991941982272361,560,681,1241,0.0,-0.0008333472224535399,0.9997582594681754,0.0
90609,24.492074867914464,0.9991941982272361,560,681,1241,0.0,-0.0008333472224535399,0.9997582594681754,0.0
90610,24.49124152069201,0.9975825946817083,560,681,1241,-0.0016116035455278066,-0.0008333472224535399,0.9995165189363462,-0.00024174053182917098
90611,24.490408173469557,0.9975825946817083,560,681,1241,0.0,-0.0008333472224535399,0.999274778404517,-0.00024174053182917098
90612,24.489574826247104,0.9983883964544722,560,681,1241,0.0008058017727639033,-0.0008333472224535399,0.9991136180499641,-0.00016116035455278067
90613,24.48874147902465,0.9983883964544722,560,681,1241,0.0,-0.0008333472224535399,0.9989524576954114,-0.00016116035455278067
90614,24.487908131802197,0.9983883964544722,560,681,1241,0.0,-0.0008333472224535399,0.9987912973408587,-0.00016116035455278067
90615,24.487074784579743,0.9983883964544722,560,681,1241,0.0,-0.0008333472224535399,0.998630136986306,-0.00016116035455278067
90616,24.48624143735729,0.9983883964544722,560,681,1241,0.0,-0.0008333472224535399,0.9984689766317534,-0.00016116035455278067
90617,24.485408090134836,0.9983883964544722,560,681,1241,0.0,-0.0008333472224535399,0.998388396454477,-8.058017727639034e-05
90618,24.484574742912383,0.9983883964544722,560,681,1241,0.0,-0.0008333472224535399,0.9983078162772007,-8.058017727639034e-05
90619,24.483741395689925,0.9991941982272361,560,681,1241,0.0008058017727639033,-0.0008333472224570926,0.9983078162772007,0.0
90620,24.482908048467472,0.9983883964544722,560,681,1241,-0.0008058017727639033,-0.0008333472224535399,0.9983883964544772,8.058017727639034e-05
90621,24.48207470124502,0.9983883964544722,560,681,1241,0.0,-0.0008333472224535399,0.9984689766317535,8.058017727639034e-05
90622,24.481241354022565,0.9983883964544722,560,681,1241,0.0,-0.0008333472224535399,0.9984689766317534,0.0
90623,24.48040800680011,0.9991941982272361,560,681,1241,0.0008058017727639033,-0.0008333472224535399,0.9985495568090297,8.058017727639034e-05
90624,24.479574659577658,0.9983883964544722,560,681,1241,-0.0008058017727639033,-0.0008333472224535399,0.9985495568090297,0.0
90625,24.478741312355204,0.9983883964544722,560,681,1241,0.0,-0.0008333472224535399,0.9985495568090297,0.0
90626,24.47790796513275,0.9983883964544722,560,681,1241,0.0,-0.0008333472224535399,0.9985495568090297,0.0
90627,24.477074617910297,0.9983883964544722,560,681,1241,0.0,-0.0008333472224535399,0.9985495568090297,0.0
90628,24.476241270687844,0.9983883964544722,560,681,1241,0.0,-0.0008333472224535399,0.9985495568090297,0.0
90629,24.47540792346539,0.9983883964544722,560,681,1241,0.0,-0.0008333472224535399,0.9984689766317534,-8.058017727639034e-05
90630,24.474574576242937,0.9983883964544722,560,681,1241,0.0,-0.0008333472224535399,0.9984689766317534,0.0
90631,24.473741229020483,0.9991941982272361,560,681,1241,0.0008058017727639033,-0.0008333472224535399,0.9985495568090297,8.058017727639034e-05
90632,24.47290788179803,0.9991941982272361,560,681,1241,0.0,-0.0008333472224535399,0.998630136986306,8.058017727639034e-05
90633,24.472074534575576,0.9991941982272361,560,681,1241,0.0,-0.0008333472224535399,0.998630136986306,0.0
90634,24.471241187353122,0.9991941982272361,560,681,1241,0.0,-0.0008333472224535399,0.9987107171635824,8.058017727639034e-05
90635,24.47040784013067,0.9983883964544722,560,681,1241,-0.0008058017727639033,-0.0008333472224535399,0.9987107171635824,0.0
90636,24.469574492908215,0.9983883964544722,560,681,1241,0.0,-0.0008333472224535399,0.9987107171635824,0.0
90637,24.46874114568576,0.9983883964544722,560,681,1241,0.0,-0.0008333472224535399,0.9987107171635824,0.0
90638,24.467907798463308,0.9983883964544722,560,681,1241,0.0,-0.0008333472224535399,0.9987107171635824,0.0
90639,24.467074451240855,0.9983883964544722,560,681,1241,0.0,-0.0008333472224535399,0.9987107171635824,0.0
90640,24.466241104018398,0.9983883964544722,560,681,1241,0.0,-0.0008333472224570926,0.9987107171635824,0.0
90641,24.465407756795944,0.9983883964544722,560,681,1241,0.0,-0.0008333472224535399,0.998630136986306,-8.058017727639034e-05
90642,24.46457440957349,0.9975825946817083,560,681,1241,-0.0008058017727639033,-0.0008333472224535399,0.9984689766317532,-0.00016116035455278067
90643,24.463741062351037,0.9975825946817083,560,681,1241,0.0,-0.0008333472224535399,0.9983078162772003,-0.00016116035455278067
90644,24.462907715128583,0.9975825946817083,560,681,1241,0.0,-0.0008333472224535399,0.9981466559226474,-0.00016116035455278067
90645,24.46207436790613,0.9975825946817083,560,681,1241,0.0,-0.0008333472224535399,0.9980660757453709,-8.058017727639034e-05
90646,24.461241020683676,0.9975825946817083,560,681,1241,0.0,-0.0008333472224535399,0.9979854955680946,-8.058017727639034e-05
90647,24.460407673461223,0.9983883964544722,560,681,1241,0.0008058017727639033,-0.0008333472224535399,0.9979854955680946,0.0
90648,24.45957432623877,0.9991941982272361,560,681,1241,0.0008058017727639033,-0.0008333472224535399,0.9980660757453709,8.058017727639034e-05
90649,24.458740979016316,0.9991941982272361,560,681,1241,0.0,-0.0008333472224535399,0.9981466559226473,8.058017727639034e-05
90650,24.457907631793862,0.9991941982272361,560,681,1241,0.0,-0.0008333472224535399,0.9982272360999236,8.058017727639034e-05
90651,24.45707428457141,0.9991941982272361,560,681,1241,0.0,-0.0008333472224535399,0.9983078162771999,8.058017727639034e-05
90652,24.456240937348955,0.9991941982272361,560,681,1241,0.0,-0.0008333472224535399,0.9984689766317528,0.00016116035455278067
90653,24.4554075901265,0.9991941982272361,560,681,1241,0.0,-0.0008333472224535399,0.9986301369863056,0.00016116035455278067
90654,24.454574242904048,0.9991941982272361,560,681,1241,0.0,-0.0008333472224535399,0.9987912973408586,0.00016116035455278067
90655,24.453740895681594,0.9991941982272361,560,681,1241,0.0,-0.0008333472224535399,0.9989524576954114,0.00016116035455278067
90656,24.45290754845914,0.9983883964544722,560,681,1241,-0.0008058017727639033,-0.0008333472224535399,0.9990330378726879,8.058017727639034e-05
90657,24.452074201236687,0.9983883964544722,560,681,1241,0.0,-0.0008333472224535399,0.9990330378726877,0.0
90658,24.451240854014234,0.9975825946817083,560,681,1241,-0.0008058017727639033,-0.0008333472224535399,0.9988718775181349,-0.00016116035455278067
90659,24.45040750679178,0.9975825946817083,560,681,1241,0.0,-0.0008333472224535399,0.9987107171635821,-0.00016116035455278067
90660,24.449574159569327,0.9975825946817083,560,681,1241,0.0,-0.0008333472224535399,0.9985495568090291,-0.00016116035455278067
90661,24.44874081234687,0.9967767929089444,560,681,1241,-0.0008058017727639033,-0.0008333472224570926,0.9983078162771999,-0.00024174053182917098
90662,24.447907465124416,0.9967767929089444,560,681,1241,0.0,-0.0008333472224535399,0.9980660757453708,-0.00024174053182917098
90663,24.447074117901963,0.9975825946817083,560,681,1241,0.0008058017727639033,-0.0008333472224535399,0.9979049153908178,-0.00016116035455278067
90664,24.44624077067951,0.9983883964544722,560,681,1241,0.0008058017727639033,-0.0008333472224535399,0.9978243352135415,-8.058017727639034e-05
90665,24.445407423457056,0.9983883964544722,560,681,1241,0.0,-0.0008333472224535399,0.9977437550362651,-8.058017727639034e-05
90666,24.444574076234602,0.9983883964544722,560,681,1241,0.0,-0.0008333472224535399,0.9977437550362651,0.0
90667,24.44374072901215,0.9983883964544722,560,681,1241,0.0,-0.0008333472224535399,0.9977437550362651,0.0
90668,24.442907381789695,0.9983883964544722,560,681,1241,0.0,-0.0008333472224535399,0.9978243352135416,8.058017727639034e-05
90669,24.44207403456724,0.9983883964544722,560,681,1241,0.0,-0.0008333472224535399,0.997904915390818,8.058017727639034e-05
90670,24.441240687344788,0.9991941982272361,560,681,1241,0.0008058017727639033,-0.0008333472224535399,0.9980660757453709,0.00016116035455278067
90671,24.440407340122334,0.9991941982272361,560,681,1241,0.0,-0.0008333472224535399,0.9983078162772001,0.00024174053182917098
90672,24.43957399289988,0.9991941982272361,560,681,1241,0.0,-0.0008333472224535399,0.9985495568090293,0.00024174053182917098
90673,24.438740645677427,0.9983883964544722,560,681,1241,-0.0008058017727639033,-0.0008333472224535399,0.9986301369863059,8.058017727639034e-05
90674,24.437907298454974,0.9983883964544722,560,681,1241,0.0,-0.0008333472224535399,0.9986301369863056,0.0
90675,24.43707395123252,0.9983883964544722,560,681,1241,0.0,-0.0008333472224535399,0.9986301369863056,0.0
90676,24.436240604010067,0.9983883964544722,560,681,1241,0.0,-0.0008333472224535399,0.9986301369863056,0.0
90677,24.435407256787613,0.9983883964544722,560,681,1241,0.0,-0.0008333472224535399,0.9986301369863056,0.0
90678,24.43457390956516,0.9983883964544722,560,681,1241,0.0,-0.0008333472224535399,0.9986301369863056,0.0
90679,24.433740562342706,0.9983883964544722,560,681,1241,0.0,-0.0008333472224535399,0.9986301369863056,0.0
90680,24.432907215120252,0.9983883964544722,560,681,1241,0.0,-0.0008333472224535399,0.9985495568090293,-8.058017727639034e-05
90681,24.4320738678978,0.9983883964544722,560,681,1241,0.0,-0.0008333472224535399,0.9984689766317529,-8.058017727639034e-05
90682,24.431240520675342,0.9991941982272361,560,681,1241,0.0008058017727639033,-0.0008333472224570926,0.9984689766317529,0.0
90683,24.43040717345289,0.9991941982272361,560,681,1241,0.0,-0.0008333472224535399,0.9985495568090293,8.058017727639034e-05
90684,24.429573826230435,0.9983883964544722,560,681,1241,-0.0008058017727639033,-0.0008333472224535399,0.9985495568090293,0.0
90685,24.42874047900798,0.9983883964544722,560,681,1241,0.0,-0.0008333472224535399,0.9985495568090293,0.0
90686,24.427907131785528,0.9991941982272361,560,681,1241,0.0008058017727639033,-0.0008333472224535399,0.9986301369863056,8.058017727639034e-05
90687,24.427073784563074,0.9991941982272361,560,681,1241,0.0,-0.0008333472224535399,0.9987107171635821,8.058017727639034e-05
90688,24.42624043734062,0.9991941982272361,560,681,1241,0.0,-0.0008333472224535399,0.9987912973408584,8.058017727639034e-05
90689,24.425407090118167,0.9983883964544722,560,681,1241,-0.0008058017727639033,-0.0008333472224535399,0.9987912973408584,0.0
90690,24.424573742895713,0.9983883964544722,560,681,1241,0.0,-0.0008333472224535399,0.9987912973408584,0.0
90691,24.42374039567326,0.9983883964544722,560,681,1241,0.0,-0.0008333472224535399,0.9987912973408584,0.0
90692,24.422907048450806,0.9983883964544722,560,681,1241,0.0,-0.0008333472224535399,0.9987107171635821,-8.058017727639034e-05
90693,24.422073701228353,0.9983883964544722,560,681,1241,0.0,-0.0008333472224535399,0.9986301369863056,-8.058017727639034e-05
90694,24.4212403540059,0.9967767929089444,560,681,1241,-0.0016116035455278066,-0.0008333472224535399,0.9984689766317529,-0.00016116035455278067
90695,24.420407006783446,0.9959709911361805,560,681,1241,-0.0008058017727639033,-0.0008333472224535399,0.9982272360999239,-0.00024174053182917098
90696,24.419573659560992,0.9967767929089444,560,681,1241,0.0008058017727639033,-0.0008333472224535399,0.9979854955680947,-0.00024174053182917098
90697,24.41874031233854,0.9967767929089444,560,681,1241,0.0,-0.0008333472224535399,0.9977437550362656,-0.00024174053182917098
90698,24.417906965116085,0.9967767929089444,560,681,1241,0.0,-0.0008333472224535399,0.9975020145044363,-0.00024174053182917098
90699,24.41707361789363,0.9967767929089444,560,681,1241,0.0,-0.0008333472224535399,0.9973408541498834,-0.00016116035455278067
90700,24.416240270671178,0.9967767929089444,560,681,1241,0.0,-0.0008333472224535399,0.9971796937953308,-0.00016116035455278067
90701,24.415406923448725,0.9975825946817083,560,681,1241,0.0008058017727639033,-0.0008333472224535399,0.9970991136180544,-8.058017727639034e-05
90702,24.41457357622627,0.9967767929089444,560,681,1241,-0.0008058017727639033,-0.0008333472224535399,0.9969379532635017,-0.00016116035455278067
90703,24.413740229003814,0.9967767929089444,560,681,1241,0.0,-0.0008333472224570926,0.996776792908949,-0.00016116035455278067
90704,24.41290688178136,0.9967767929089444,560,681,1241,0.0,-0.0008333472224535399,0.996776792908949,0.0
90705,24.412073534558907,0.9975825946817083,560,681,1241,0.0008058017727639033,-0.0008333472224535399,0.9969379532635017,0.00016116035455278067
90706,24.411240187336453,0.9975825946817083,560,681,1241,0.0,-0.0008333472224535399,0.9970185334407781,8.058017727639034e-05
90707,24.410406840114,0.9975825946817083,560,681,1241,0.0,-0.0008333472224535399,0.9970991136180544,8.058017727639034e-05
90708,24.409573492891546,0.9975825946817083,560,681,1241,0.0,-0.0008333472224535399,0.9971796937953308,8.058017727639034e-05
90709,24.408740145669093,0.9983883964544722,560,681,1241,0.0008058017727639033,-0.0008333472224535399,0.9973408541498836,0.00016116035455278067
90710,24.40790679844664,0.9983883964544722,560,681,1241,0.0,-0.0008333472224535399,0.9975020145044363,0.00016116035455278067
90711,24.407073451224186,0.9991941982272361,560,681,1241,0.0008058017727639033,-0.0008333472224535399,0.9976631748589891,0.00016116035455278067
90712,24.406240104001732,0.9991941982272361,560,681,1241,0.0,-0.0008333472224535399,0.9979049153908184,0.00024174053182917098
90713,24.40540675677928,0.9991941982272361,560,681,1241,0.0,-0.0008333472224535399,0.9981466559226476,0.00024174053182917098
90714,24.404573409556825,0.9991941982272361,560,681,1241,0.0,-0.0008333472224535399,0.9983883964544769,0.00024174053182917098
90715,24.40374006233437,1.0,560,681,1241,0.0008058017727639033,-0.0008333472224535399,0.998630136986306,0.00024174053182917098
90716,24.402906715111918,1.0,560,681,1241,0.0,-0.0008333472224535399,0.9988718775181352,0.00024174053182917098
90717,24.402073367889464,0.9991941982272361,560,681,1241,-0.0008058017727639033,-0.0008333472224535399,0.9990330378726882,0.00016116035455278067
90718,24.40124002066701,0.9983883964544722,560,681,1241,-0.0008058017727639033,-0.0008333472224535399,0.9991136180499647,8.058017727639034e-05
90719,24.400406673444557,0.9983883964544722,560,681,1241,0.0,-0.0008333472224535399,0.9991136180499645,0.0
90720,24.399573326222104,0.9983883964544722,560,681,1241,0.0,-0.0008333472224535399,0.9991136180499645,0.0
90721,24.39873997899965,0.9983883964544722,560,681,1241,0.0,-0.0008333472224535399,0.9990330378726882,-8.058017727639034e-05
90722,24.397906631777197,0.9983883964544722,560,681,1241,0.0,-0.0008333472224535399,0.9989524576954117,-8.058017727639034e-05
90723,24.397073284554743,0.9983883964544722,560,681,1241,0.0,-0.0008333472224535399,0.9988718775181354,-8.058017727639034e-05
90724,24.396239937332286,0.9983883964544722,560,681,1241,0.0,-0.0008333472224570926,0.998791297340859,-8.058017727639034e-05
90725,24.395406590109832,0.9983883964544722,560,681,1241,0.0,-0.0008333472224535399,0.9986301369863064,-0.00016116035455278067
90726,24.39457324288738,0.9983883964544722,560,681,1241,0.0,-0.0008333472224535399,0.9984689766317537,-0.00016116035455278067
90727,24.393739895664925,0.9983883964544722,560,681,1241,0.0,-0.0008333472224535399,0.9983883964544773,-8.058017727639034e-05
90728,24.392906548442472,0.9983883964544722,560,681,1241,0.0,-0.0008333472224535399,0.9983883964544773,0.0
90729,24.39207320122002,0.9983883964544722,560,681,1241,0.0,-0.0008333472224535399,0.9983883964544773,0.0
90730,24.391239853997565,0.9983883964544722,560,681,1241,0.0,-0.0008333472224535399,0.9983883964544773,0.0
90731,24.39040650677511,0.9983883964544722,560,681,1241,0.0,-0.0008333472224535399,0.9983883964544773,0.0
90732,24.389573159552658,0.9983883964544722,560,681,1241,0.0,-0.0008333472224535399,0.9983883964544773,0.0
90733,24.388739812330204,0.9975825946817083,560,681,1241,-0.0008058017727639033,-0.0008333472224535399,0.998307816277201,-8.058017727639034e-05
90734,24.38790646510775,0.9975825946817083,560,681,1241,0.0,-0.0008333472224535399,0.9982272360999247,-8.058017727639034e-05
90735,24.387073117885297,0.9975825946817083,560,681,1241,0.0,-0.0008333472224535399,0.9981466559226483,-8.058017727639034e-05
90736,24.386239770662844,0.9975825946817083,560,681,1241,0.0,-0.0008333472224535399,0.998066075745372,-8.058017727639034e-05
90737,24.38540642344039,0.9975825946817083,560,681,1241,0.0,-0.0008333472224535399,0.9979854955680956,-8.058017727639034e-05
90738,24.384573076217936,0.9959709911361805,560,681,1241,-0.0016116035455278066,-0.0008333472224535399,0.9977437550362666,-0.00024174053182917098
90739,24.383739728995483,0.9959709911361805,560,681,1241,0.0,-0.0008333472224535399,0.9975020145044375,-0.00024174053182917098
90740,24.38290638177303,0.9943593875906527,560,681,1241,-0.0016116035455278066,-0.0008333472224535399,0.9970991136180555,-0.00040290088638195165
90741,24.382073034550576,0.9935535858178888,560,681,1241,-0.0008058017727639033,-0.0008333472224535399,0.996615632554397,-0.00048348106365834196
90742,24.381239687328122,0.9943593875906527,560,681,1241,0.0008058017727639033,-0.0008333472224535399,0.9962127316680149,-0.00040290088638195165
90743,24.38040634010567,0.9943593875906527,560,681,1241,0.0,-0.0008333472224535399,0.9958904109589094,-0.00032232070910556134
90744,24.379572992883215,0.9943593875906527,560,681,1241,0.0,-0.0008333472224535399,0.9955680902498039,-0.00032232070910556134
90745,24.37873964566076,0.9943593875906527,560,681,1241,0.0,-0.0008333472224535399,0.9952457695406982,-0.00032232070910556134
90746,24.377906298438305,0.9943593875906527,560,681,1241,0.0,-0.0008333472224570926,0.9949234488315927,-0.00032232070910556134
90747,24.37707295121585,0.991941982272361,560,681,1241,-0.00241740531829171,-0.0008333472224535399,0.9943593875906581,-0.0005640612409347323
90748,24.376239603993398,0.991941982272361,560,681,1241,0.0,-0.0008333472224535399,0.993956486704276,-0.00040290088638195165
90749,24.375406256770944,0.991941982272361,560,681,1241,0.0,-0.0008333472224535399,0.9935535858178939,-0.00040290088638195165
90750,24.37457290954849,0.9927477840451249,560,681,1241,0.0008058017727639033,-0.0008333472224535399,0.9933924254633413,-0.00016116035455278067
90751,24.373739562326037,0.9935535858178888,560,681,1241,0.0008058017727639033,-0.0008333472224535399,0.9933924254633413,0.0
90752,24.372906215103583,0.9935535858178888,560,681,1241,0.0,-0.0008333472224535399,0.9933118452860649,-8.058017727639034e-05
90753,24.37207286788113,0.9935535858178888,560,681,1241,0.0,-0.0008333472224535399,0.9932312651087886,-8.058017727639034e-05
90754,24.371239520658676,0.9935535858178888,560,681,1241,0.0,-0.0008333472224535399,0.9931506849315122,-8.058017727639034e-05
90755,24.370406173436223,0.9959709911361805,560,681,1241,0.00241740531829171,-0.0008333472224535399,0.9933118452860651,0.00016116035455278067
90756,24.36957282621377,0.9959709911361805,560,681,1241,0.0,-0.0008333472224535399,0.9934730056406179,0.00016116035455278067
90757,24.368739478991316,0.9959709911361805,560,681,1241,0.0,-0.0008333472224535399,0.9938759065269999,0.00040290088638195165
90758,24.367906131768862,0.9951651893634166,560,681,1241,-0.0008058017727639033,-0.0008333472224535399,0.9941982272361052,0.00032232070910556134
90759,24.36707278454641,0.9951651893634166,560,681,1241,0.0,-0.0008333472224535399,0.9945205479452106,0.00032232070910556134
90760,24.366239437323955,0.9943593875906527,560,681,1241,-0.0008058017727639033,-0.0008333472224535399,0.9946817082997633,0.00016116035455278067
90761,24.3654060901015,0.9943593875906527,560,681,1241,0.0,-0.0008333472224535399,0.9947622884770396,8.058017727639034e-05
90762,24.364572742879048,0.9951651893634166,560,681,1241,0.0008058017727639033,-0.0008333472224535399,0.9949234488315923,0.00016116035455278067
90763,24.363739395656594,0.9959709911361805,560,681,1241,0.0008058017727639033,-0.0008333472224535399,0.9951651893634216,0.00024174053182917098
90764,24.36290604843414,0.9959709911361805,560,681,1241,0.0,-0.0008333472224535399,0.9954069298952508,0.00024174053182917098
90765,24.362072701211687,0.9959709911361805,560,681,1241,0.0,-0.0008333472224535399,0.9954069298952508,0.0
90766,24.361239353989234,0.9959709911361805,560,681,1241,0.0,-0.0008333472224535399,0.9954069298952508,0.0
90767,24.360406006766777,0.9959709911361805,560,681,1241,0.0,-0.0008333472224570926,0.9954069298952508,0.0
90768,24.359572659544323,0.9959709911361805,560,681,1241,0.0,-0.0008333472224535399,0.9954875100725271,8.058017727639034e-05
90769,24.35873931232187,0.9959709911361805,560,681,1241,0.0,-0.0008333472224535399,0.9955680902498034,8.058017727639034e-05
90770,24.357905965099416,0.9959709911361805,560,681,1241,0.0,-0.0008333472224535399,0.9957292506043564,0.00016116035455278067
90771,24.357072617876963,0.9959709911361805,560,681,1241,0.0,-0.0008333472224535399,0.9958904109589092,0.00016116035455278067
90772,24.35623927065451,0.9959709911361805,560,681,1241,0.0,-0.0008333472224535399,0.9959709911361856,8.058017727639034e-05
90773,24.355405923432055,0.9959709911361805,560,681,1241,0.0,-0.0008333472224535399,0.9959709911361856,0.0
90774,24.354572576209602,0.9959709911361805,560,681,1241,0.0,-0.0008333472224535399,0.9959709911361856,0.0
90775,24.35373922898715,0.9959709911361805,560,681,1241,0.0,-0.0008333472224535399,0.9959709911361856,0.0
90776,24.352905881764695,0.9959709911361805,560,681,1241,0.0,-0.0008333472224535399,0.9959709911361856,0.0
90777,24.35207253454224,0.9959709911361805,560,681,1241,0.0,-0.0008333472224535399,0.9959709911361856,0.0
90778,24.351239187319788,0.9959709911361805,560,681,1241,0.0,-0.0008333472224535399,0.9959709911361856,0.0
90779,24.350405840097334,0.9951651893634166,560,681,1241,-0.0008058017727639033,-0.0008333472224535399,0.9958904109589091,-8.058017727639034e-05
90780,24.34957249287488,0.9935535858178888,560,681,1241,-0.0016116035455278066,-0.0008333472224535399,0.9956486704270798,-0.00024174053182917098
90781,24.348739145652427,0.9935535858178888,560,681,1241,0.0,-0.0008333472224535399,0.9954069298952506,-0.00024174053182917098
90782,24.347905798429974,0.9935535858178888,560,681,1241,0.0,-0.0008333472224535399,0.9951651893634214,-0.00024174053182917098
90783,24.34707245120752,0.9935535858178888,560,681,1241,0.0,-0.0008333472224535399,0.9949234488315921,-0.00024174053182917098
90784,24.346239103985067,0.9935535858178888,560,681,1241,0.0,-0.0008333472224535399,0.994681708299763,-0.00024174053182917098
90785,24.345405756762613,0.9943593875906527,560,681,1241,0.0008058017727639033,-0.0008333472224535399,0.99452054794521,-0.00016116035455278067
90786,24.34457240954016,0.9951651893634166,560,681,1241,0.0008058017727639033,-0.0008333472224535399,0.9944399677679338,-8.058017727639034e-05
90787,24.343739062317706,0.9951651893634166,560,681,1241,0.0,-0.0008333472224535399,0.9943593875906573,-8.058017727639034e-05
90788,24.34290571509525,0.9959709911361805,560,681,1241,0.0008058017727639033,-0.0008333472224570926,0.9943593875906573,0.0
90789,24.342072367872795,0.9959709911361805,560,681,1241,0.0,-0.0008333472224535399,0.9944399677679339,8.058017727639034e-05
90790,24.34123902065034,0.9959709911361805,560,681,1241,0.0,-0.0008333472224535399,0.9946817082997631,0.00024174053182917098
90791,24.340405673427888,0.9951651893634166,560,681,1241,-0.0008058017727639033,-0.0008333472224535399,0.994842868654316,0.00016116035455278067
90792,24.339572326205435,0.9943593875906527,560,681,1241,-0.0008058017727639033,-0.0008333472224535399,0.9949234488315923,8.058017727639034e-05
90793,24.33873897898298,0.9943593875906527,560,681,1241,0.0,-0.0008333472224535399,0.9950040290088686,8.058017727639034e-05
90794,24.337905631760528,0.9943593875906527,560,681,1241,0.0,-0.0008333472224535399,0.995084609186145,8.058017727639034e-05
90795,24.337072284538074,0.9943593875906527,560,681,1241,0.0,-0.0008333472224535399,0.995084609186145,0.0
90796,24.33623893731562,0.9943593875906527,560,681,1241,0.0,-0.0008333472224535399,0.9950040290088686,-8.058017727639034e-05
90797,24.335405590093167,0.9951651893634166,560,681,1241,0.0008058017727639033,-0.0008333472224535399,0.9950040290088686,0.0
90798,24.334572242870713,0.9951651893634166,560,681,1241,0.0,-0.0008333472224535399,0.9949234488315921,-8.058017727639034e-05
90799,24.33373889564826,0.9951651893634166,560,681,1241,0.0,-0.0008333472224535399,0.9948428686543158,-8.058017727639034e-05
90800,24.332905548425806,0.9943593875906527,560,681,1241,-0.0008058017727639033,-0.0008333472224535399,0.994681708299763,-0.00016116035455278067
90801,24.332072201203353,0.9943593875906527,560,681,1241,0.0,-0.0008333472224535399,0.9946011281224866,-8.058017727639034e-05
90802,24.3312388539809,0.9943593875906527,560,681,1241,0.0,-0.0008333472224535399,0.9946011281224866,0.0
90803,24.330405506758446,0.9951651893634166,560,681,1241,0.0008058017727639033,-0.0008333472224535399,0.994681708299763,8.058017727639034e-05
90804,24.329572159535992,0.9951651893634166,560,681,1241,0.0,-0.0008333472224535399,0.9947622884770393,8.058017727639034e-05
90805,24.32873881231354,0.9951651893634166,560,681,1241,0.0,-0.0008333472224535399,0.9948428686543156,8.058017727639034e-05
90806,24.327905465091085,0.9951651893634166,560,681,1241,0.0,-0.0008333472224535399,0.994923448831592,8.058017727639034e-05
90807,24.32707211786863,0.9951651893634166,560,681,1241,0.0,-0.0008333472224535399,0.994923448831592,0.0
90808,24.326238770646178,0.9943593875906527,560,681,1241,-0.0008058017727639033,-0.0008333472224535399,0.9948428686543156,-8.058017727639034e-05
90809,24.32540542342372,0.9943593875906527,560,681,1241,0.0,-0.0008333472224570926,0.9947622884770393,-8.058017727639034e-05
90810,24.324572076201267,0.9943593875906527,560,681,1241,0.0,-0.0008333472224535399,0.9947622884770393,0.0
90811,24.323738728978814,0.9943593875906527,560,681,1241,0.0,-0.0008333472224535399,0.9947622884770393,0.0
90812,24.32290538175636,0.9943593875906527,560,681,1241,0.0,-0.0008333472224535399,0.9947622884770393,0.0
90813,24.322072034533907,0.9943593875906527,560,681,1241,0.0,-0.0008333472224535399,0.994681708299763,-8.058017727639034e-05
90814,24.321238687311453,0.9943593875906527,560,681,1241,0.0,-0.0008333472224535399,0.9946011281224866,-8.058017727639034e-05
90815,24.320405340089,0.9943593875906527,560,681,1241,0.0,-0.0008333472224535399,0.9945205479452103,-8.058017727639034e-05
90816,24.319571992866546,0.9943593875906527,560,681,1241,0.0,-0.0008333472224535399,0.9944399677679339,-8.058017727639034e-05
90817,24.318738645644093,0.9943593875906527,560,681,1241,0.0,-0.0008333472224535399,0.9943593875906576,-8.058017727639034e-05
90818,24.31790529842164,0.9951651893634166,560,681,1241,0.0008058017727639033,-0.0008333472224535399,0.9944399677679339,8.058017727639034e-05
90819,24.317071951199186,0.9959709911361805,560,681,1241,0.0008058017727639033,-0.0008333472224535399,0.9946011281224868,0.00016116035455278067
90820,24.316238603976732,0.9959709911361805,560,681,1241,0.0,-0.0008333472224535399,0.9947622884770396,0.00016116035455278067
90821,24.31540525675428,0.9959709911361805,560,681,1241,0.0,-0.0008333472224535399,0.9949234488315926,0.00016116035455278067
90822,24.314571909531825,0.9959709911361805,560,681,1241,0.0,-0.0008333472224535399,0.9950846091861454,0.00016116035455278067
90823,24.31373856230937,0.9943593875906527,560,681,1241,-0.0016116035455278066,-0.0008333472224535399,0.9950846091861454,0.0
90824,24.312905215086918,0.9951651893634166,560,681,1241,0.0008058017727639033,-0.0008333472224535399,0.9951651893634217,8.058017727639034e-05
90825,24.312071867864464,0.9951651893634166,560,681,1241,0.0,-0.0008333472224535399,0.9952457695406981,8.058017727639034e-05
90826,24.31123852064201,0.9951651893634166,560,681,1241,0.0,-0.0008333472224535399,0.9953263497179744,8.058017727639034e-05
90827,24.310405173419557,0.9951651893634166,560,681,1241,0.0,-0.0008333472224535399,0.9954069298952508,8.058017727639034e-05
90828,24.309571826197104,0.9951651893634166,560,681,1241,0.0,-0.0008333472224535399,0.9954069298952508,0.0
90829,24.30873847897465,0.9951651893634166,560,681,1241,0.0,-0.0008333472224535399,0.9953263497179743,-8.058017727639034e-05
90830,24.307905131752193,0.9951651893634166,560,681,1241,0.0,-0.0008333472224570926,0.9952457695406979,-8.058017727639034e-05
90831,24.30707178452974,0.9959709911361805,560,681,1241,0.0008058017727639033,-0.0008333472224535399,0.9952457695406979,0.0
90832,24.306238437307286,0.9951651893634166,560,681,1241,-0.0008058017727639033,-0.0008333472224535399,0.9951651893634216,-8.058017727639034e-05
90833,24.305405090084832,0.9951651893634166,560,681,1241,0.0,-0.0008333472224535399,0.9952457695406981,8.058017727639034e-05
90834,24.30457174286238,0.9951651893634166,560,681,1241,0.0,-0.0008333472224535399,0.9952457695406981,0.0
90835,24.303738395639925,0.9935535858178888,560,681,1241,-0.0016116035455278066,-0.0008333472224535399,0.9950846091861454,-0.00016116035455278067
90836,24.302905048417472,0.9935535858178888,560,681,1241,0.0,-0.0008333472224535399,0.9949234488315927,-0.00016116035455278067
90837,24.30207170119502,0.9935535858178888,560,681,1241,0.0,-0.0008333472224535399,0.99476228847704,-0.00016116035455278067
90838,24.301238353972565,0.9935535858178888,560,681,1241,0.0,-0.0008333472224535399,0.9946011281224874,-0.00016116035455278067
90839,24.30040500675011,0.9935535858178888,560,681,1241,0.0,-0.0008333472224535399,0.9944399677679346,-0.00016116035455278067
90840,24.299571659527658,0.9935535858178888,560,681,1241,0.0,-0.0008333472224535399,0.9942788074133819,-0.00016116035455278067
90841,24.298738312305204,0.9935535858178888,560,681,1241,0.0,-0.0008333472224535399,0.9940370668815527,-0.00024174053182917098
90842,24.29790496508275,0.9935535858178888,560,681,1241,0.0,-0.0008333472224535399,0.9938759065269999,-0.00016116035455278067
90843,24.297071617860297,0.9935535858178888,560,681,1241,0.0,-0.0008333472224535399,0.9937147461724471,-0.00016116035455278067
90844,24.296238270637843,0.9943593875906527,560,681,1241,0.0008058017727639033,-0.0008333472224535399,0.9936341659951708,-8.058017727639034e-05
90845,24.29540492341539,0.9943593875906527,560,681,1241,0.0,-0.0008333472224535399,0.9937147461724471,8.058017727639034e-05
90846,24.294571576192936,0.9951651893634166,560,681,1241,0.0008058017727639033,-0.0008333472224535399,0.9938759065269999,0.00016116035455278067
90847,24.293738228970483,0.9951651893634166,560,681,1241,0.0,-0.0008333472224535399,0.9940370668815526,0.00016116035455278067
90848,24.29290488174803,0.9951651893634166,560,681,1241,0.0,-0.0008333472224535399,0.9941982272361052,0.00016116035455278067
90849,24.292071534525576,0.9951651893634166,560,681,1241,0.0,-0.0008333472224535399,0.9943593875906579,0.00016116035455278067
90850,24.291238187303122,0.9959709911361805,560,681,1241,0.0008058017727639033,-0.0008333472224535399,0.9946011281224871,0.00024174053182917098
90851,24.29040484008067,0.9951651893634166,560,681,1241,-0.0008058017727639033,-0.0008333472224535399,0.99476228847704,0.00016116035455278067
90852,24.28957149285821,0.9951651893634166,560,681,1241,0.0,-0.0008333472224570926,0.9949234488315927,0.00016116035455278067
90853,24.288738145635758,0.9951651893634166,560,681,1241,0.0,-0.0008333472224535399,0.9950846091861454,0.00016116035455278067
90854,24.287904798413305,0.9935535858178888,560,681,1241,-0.0016116035455278066,-0.0008333472224535399,0.9950040290088691,-8.058017727639034e-05
90855,24.28707145119085,0.9935535858178888,560,681,1241,0.0,-0.0008333472224535399,0.9949234488315927,-8.058017727639034e-05
90856,24.286238103968397,0.9935535858178888,560,681,1241,0.0,-0.0008333472224535399,0.99476228847704,-0.00016116035455278067
90857,24.285404756745944,0.9927477840451249,560,681,1241,-0.0008058017727639033,-0.0008333472224535399,0.9945205479452109,-0.00024174053182917098
90858,24.28457140952349,0.9935535858178888,560,681,1241,0.0008058017727639033,-0.0008333472224535399,0.9943593875906582,-0.00016116035455278067
90859,24.283738062301037,0.9935535858178888,560,681,1241,0.0,-0.0008333472224535399,0.9941982272361056,-0.00016116035455278067
90860,24.282904715078583,0.9943593875906527,560,681,1241,0.0008058017727639033,-0.0008333472224535399,0.9940370668815527,-0.00016116035455278067
90861,24.28207136785613,0.9943593875906527,560,681,1241,0.0,-0.0008333472224535399,0.9939564867042762,-8.058017727639034e-05
90862,24.281238020633676,0.9943593875906527,560,681,1241,0.0,-0.0008333472224535399,0.9938759065269999,-8.058017727639034e-05
90863,24.280404673411223,0.9951651893634166,560,681,1241,0.0008058017727639033,-0.0008333472224535399,0.9938759065269999,0.0
90864,24.27957132618877,0.9951651893634166,560,681,1241,0.0,-0.0008333472224535399,0.9940370668815526,0.00016116035455278067
90865,24.278737978966316,0.9951651893634166,560,681,1241,0.0,-0.0008333472224535399,0.9941982272361052,0.00016116035455278067
90866,24.277904631743862,0.9951651893634166,560,681,1241,0.0,-0.0008333472224535399,0.9943593875906579,0.00016116035455278067
90867,24.27707128452141,0.9951651893634166,560,681,1241,0.0,-0.0008333472224535399,0.9946011281224869,0.00024174053182917098
90868,24.276237937298955,0.9951651893634166,560,681,1241,0.0,-0.0008333472224535399,0.9947622884770396,0.00016116035455278067
90869,24.2754045900765,0.9951651893634166,560,681,1241,0.0,-0.0008333472224535399,0.9949234488315923,0.00016116035455278067
90870,24.274571242854048,0.9951651893634166,560,681,1241,0.0,-0.0008333472224535399,0.9950040290088686,8.058017727639034e-05
90871,24.273737895631594,0.9951651893634166,560,681,1241,0.0,-0.0008333472224535399,0.995084609186145,8.058017727639034e-05
90872,24.27290454840914,0.9959709911361805,560,681,1241,0.0008058017727639033,-0.0008333472224535399,0.9952457695406979,0.00016116035455278067
90873,24.272071201186684,0.9959709911361805,560,681,1241,0.0,-0.0008333472224570926,0.9953263497179744,8.058017727639034e-05
90874,24.27123785396423,0.9967767929089444,560,681,1241,0.0008058017727639033,-0.0008333472224535399,0.9954875100725271,0.00016116035455278067
90875,24.270404506741777,0.9967767929089444,560,681,1241,0.0,-0.0008333472224535399,0.9956486704270798,0.00016116035455278067
90876,24.269571159519323,0.9959709911361805,560,681,1241,-0.0008058017727639033,-0.0008333472224535399,0.9957292506043561,8.058017727639034e-05
90877,24.26873781229687,0.9959709911361805,560,681,1241,0.0,-0.0008333472224535399,0.9958098307816325,8.058017727639034e-05
90878,24.267904465074416,0.9959709911361805,560,681,1241,0.0,-0.0008333472224535399,0.9958904109589088,8.058017727639034e-05
90879,24.267071117851962,0.9959709911361805,560,681,1241,0.0,-0.0008333472224535399,0.9959709911361851,8.058017727639034e-05
90880,24.26623777062951,0.9959709911361805,560,681,1241,0.0,-0.0008333472224535399,0.9960515713134616,8.058017727639034e-05
90881,24.265404423407055,0.9967767929089444,560,681,1241,0.0008058017727639033,-0.0008333472224535399,0.9962127316680143,0.00016116035455278067
90882,24.264571076184602,0.9967767929089444,560,681,1241,0.0,-0.0008333472224535399,0.9962933118452906,8.058017727639034e-05
90883,24.26373772896215,0.9975825946817083,560,681,1241,0.0008058017727639033,-0.0008333472224535399,0.9964544721998433,0.00016116035455278067
90884,24.262904381739695,0.9975825946817083,560,681,1241,0.0,-0.0008333472224535399,0.9965350523771196,8.058017727639034e-05
90885,24.26207103451724,0.9975825946817083,560,681,1241,0.0,-0.0008333472224535399,0.996615632554396,8.058017727639034e-05
90886,24.261237687294788,0.9975825946817083,560,681,1241,0.0,-0.0008333472224535399,0.9967767929089486,0.00016116035455278067
90887,24.260404340072334,0.9975825946817083,560,681,1241,0.0,-0.0008333472224535399,0.9969379532635013,0.00016116035455278067
90888,24.25957099284988,0.9975825946817083,560,681,1241,0.0,-0.0008333472224535399,0.997099113618054,0.00016116035455278067
90889,24.258737645627427,0.9975825946817083,560,681,1241,0.0,-0.0008333472224535399,0.9972602739726067,0.00016116035455278067
90890,24.257904298404974,0.9975825946817083,560,681,1241,0.0,-0.0008333472224535399,0.9974214343271595,0.00016116035455278067
90891,24.25707095118252,0.9975825946817083,560,681,1241,0.0,-0.0008333472224535399,0.9975020145044358,8.058017727639034e-05
90892,24.256237603960066,0.9975825946817083,560,681,1241,0.0,-0.0008333472224535399,0.9975825946817121,8.058017727639034e-05
90893,24.255404256737613,0.9975825946817083,560,681,1241,0.0,-0.0008333472224535399,0.9975825946817121,0.0
90894,24.254570909515156,0.9975825946817083,560,681,1241,0.0,-0.0008333472224570926,0.9975825946817121,0.0
90895,24.253737562292702,0.9967767929089444,560,681,1241,-0.0008058017727639033,-0.0008333472224535399,0.9975020145044358,-8.058017727639034e-05
90896,24.25290421507025,0.9967767929089444,560,681,1241,0.0,-0.0008333472224535399,0.9974214343271595,-8.058017727639034e-05
90897,24.252070867847795,0.9967767929089444,560,681,1241,0.0,-0.0008333472224535399,0.997340854149883,-8.058017727639034e-05
90898,24.25123752062534,0.9967767929089444,560,681,1241,0.0,-0.0008333472224535399,0.9972602739726067,-8.058017727639034e-05
90899,24.250404173402888,0.9967767929089444,560,681,1241,0.0,-0.0008333472224535399,0.9971796937953303,-8.058017727639034e-05
90900,24.249570826180435,0.9967767929089444,560,681,1241,0.0,-0.0008333472224535399,0.997099113618054,-8.058017727639034e-05
90901,24.24873747895798,0.9967767929089444,560,681,1241,0.0,-0.0008333472224535399,0.9970185334407777,-8.058017727639034e-05
90902,24.247904131735527,0.9967767929089444,560,681,1241,0.0,-0.0008333472224535399,0.9969379532635013,-8.058017727639034e-05
90903,24.247070784513074,0.9967767929089444,560,681,1241,0.0,-0.0008333472224535399,0.996857373086225,-8.058017727639034e-05
90904,24.24623743729062,0.9967767929089444,560,681,1241,0.0,-0.0008333472224535399,0.9967767929089486,-8.058017727639034e-05
90905,24.245404090068167,0.9967767929089444,560,681,1241,0.0,-0.0008333472224535399,0.9967767929089486,0.0
90906,24.244570742845713,0.9967767929089444,560,681,1241,0.0,-0.0008333472224535399,0.9967767929089486,0.0
90907,24.24373739562326,0.9967767929089444,560,681,1241,0.0,-0.0008333472224535399,0.9967767929089486,0.0
90908,24.242904048400806,0.9967767929089444,560,681,1241,0.0,-0.0008333472224535399,0.9967767929089486,0.0
90909,24.242070701178353,0.9967767929089444,560,681,1241,0.0,-0.0008333472224535399,0.9967767929089486,0.0
90910,24.2412373539559,0.9967767929089444,560,681,1241,0.0,-0.0008333472224535399,0.9967767929089486,0.0
90911,24.240404006733446,0.9959709911361805,560,681,1241,-0.0008058017727639033,-0.0008333472224535399,0.9966962127316723,-8.058017727639034e-05
90912,24.239570659510992,0.9959709911361805,560,681,1241,0.0,-0.0008333472224535399,0.996615632554396,-8.058017727639034e-05
90913,24.23873731228854,0.9959709911361805,560,681,1241,0.0,-0.0008333472224535399,0.9965350523771196,-8.058017727639034e-05
90914,24.237903965066085,0.9959709911361805,560,681,1241,0.0,-0.0008333472224535399,0.9964544721998433,-8.058017727639034e-05
90915,24.237070617843628,0.9951651893634166,560,681,1241,-0.0008058017727639033,-0.0008333472224570926,0.9962933118452904,-0.00016116035455278067
90916,24.236237270621174,0.9951651893634166,560,681,1241,0.0,-0.0008333472224535399,0.9961321514907377,-0.00016116035455278067
90917,24.23540392339872,0.9951651893634166,560,681,1241,0.0,-0.0008333472224535399,0.995970991136185,-0.00016116035455278067
90918,24.234570576176267,0.9951651893634166,560,681,1241,0.0,-0.0008333472224535399,0.9958098307816323,-0.00016116035455278067
90919,24.233737228953814,0.9951651893634166,560,681,1241,0.0,-0.0008333472224535399,0.9956486704270796,-0.00016116035455278067
90920,24.23290388173136,0.9951651893634166,560,681,1241,0.0,-0.0008333472224535399,0.9954875100725269,-0.00016116035455278067
90921,24.232070534508907,0.9951651893634166,560,681,1241,0.0,-0.0008333472224535399,0.9954069298952506,-8.058017727639034e-05
90922,24.231237187286453,0.9951651893634166,560,681,1241,0.0,-0.0008333472224535399,0.9953263497179743,-8.058017727639034e-05
90923,24.230403840064,0.9951651893634166,560,681,1241,0.0,-0.0008333472224535399,0.9952457695406979,-8.058017727639034e-05
90924,24.229570492841546,0.9951651893634166,560,681,1241,0.0,-0.0008333472224535399,0.9951651893634216,-8.058017727639034e-05
90925,24.228737145619093,0.9951651893634166,560,681,1241,0.0,-0.0008333472224535399,0.9951651893634217,0.0
90926,24.22790379839664,0.9959709911361805,560,681,1241,0.0008058017727639033,-0.0008333472224535399,0.9952457695406981,8.058017727639034e-05
90927,24.227070451174185,0.9959709911361805,560,681,1241,0.0,-0.0008333472224535399,0.9953263497179744,8.058017727639034e-05
90928,24.226237103951732,0.9951651893634166,560,681,1241,-0.0008058017727639033,-0.0008333472224535399,0.9953263497179744,0.0
90929,24.22540375672928,0.9951651893634166,560,681,1241,0.0,-0.0008333472224535399,0.9953263497179744,0.0
90930,24.224570409506825,0.9951651893634166,560,681,1241,0.0,-0.0008333472224535399,0.9953263497179744,0.0
90931,24.22373706228437,0.9951651893634166,560,681,1241,0.0,-0.0008333472224535399,0.9953263497179744,0.0
90932,24.222903715061918,0.9951651893634166,560,681,1241,0.0,-0.0008333472224535399,0.9953263497179744,0.0
90933,24.222070367839464,0.9951651893634166,560,681,1241,0.0,-0.0008333472224535399,0.9953263497179744,0.0
90934,24.22123702061701,0.9943593875906527,560,681,1241,-0.0008058017727639033,-0.0008333472224535399,0.9952457695406981,-8.058017727639034e-05
90935,24.220403673394557,0.9943593875906527,560,681,1241,0.0,-0.0008333472224535399,0.9951651893634217,-8.058017727639034e-05
90936,24.2195703261721,0.9943593875906527,560,681,1241,0.0,-0.0008333472224570926,0.9950040290088689,-0.00016116035455278067
90937,24.218736978949646,0.9951651893634166,560,681,1241,0.0008058017727639033,-0.0008333472224535399,0.9949234488315926,-8.058017727639034e-05
90938,24.217903631727193,0.9943593875906527,560,681,1241,-0.0008058017727639033,-0.0008333472224535399,0.994842868654316,-8.058017727639034e-05
90939,24.21707028450474,0.9943593875906527,560,681,1241,0.0,-0.0008333472224535399,0.9947622884770396,-8.058017727639034e-05
90940,24.216236937282286,0.9943593875906527,560,681,1241,0.0,-0.0008333472224535399,0.9946817082997633,-8.058017727639034e-05
90941,24.215403590059832,0.9951651893634166,560,681,1241,0.0008058017727639033,-0.0008333472224535399,0.9946817082997633,0.0
90942,24.21457024283738,0.9959709911361805,560,681,1241,0.0008058017727639033,-0.0008333472224535399,0.9947622884770396,8.058017727639034e-05
90943,24.213736895614925,0.9959709911361805,560,681,1241,0.0,-0.0008333472224535399,0.994842868654316,8.058017727639034e-05
90944,24.21290354839247,0.9959709911361805,560,681,1241,0.0,-0.0008333472224535399,0.9950040290088689,0.00016116035455278067
90945,24.212070201170018,0.9959709911361805,560,681,1241,0.0,-0.0008333472224535399,0.9951651893634217,0.00016116035455278067
90946,24.211236853947565,0.9943593875906527,560,681,1241,-0.0016116035455278066,-0.0008333472224535399,0.9951651893634217,0.0
90947,24.21040350672511,0.9943593875906527,560,681,1241,0.0,-0.0008333472224535399,0.9950846091861454,-8.058017727639034e-05
90948,24.209570159502658,0.9943593875906527,560,681,1241,0.0,-0.0008333472224535399,0.9950846091861454,0.0
90949,24.208736812280204,0.9951651893634166,560,681,1241,0.0008058017727639033,-0.0008333472224535399,0.9951651893634217,8.058017727639034e-05
90950,24.20790346505775,0.9943593875906527,560,681,1241,-0.0008058017727639033,-0.0008333472224535399,0.9951651893634217,0.0
90951,24.207070117835297,0.9943593875906527,560,681,1241,0.0,-0.0008333472224535399,0.9950846091861454,-8.058017727639034e-05
90952,24.206236770612843,0.9951651893634166,560,681,1241,0.0008058017727639033,-0.0008333472224535399,0.9950040290088689,-8.058017727639034e-05
90953,24.20540342339039,0.9951651893634166,560,681,1241,0.0,-0.0008333472224535399,0.9949234488315926,-8.058017727639034e-05
90954,24.204570076167936,0.9951651893634166,560,681,1241,0.0,-0.0008333472224535399,0.9948428686543161,-8.058017727639034e-05
90955,24.203736728945483,0.9959709911361805,560,681,1241,0.0008058017727639033,-0.0008333472224535399,0.9948428686543161,0.0
90956,24.20290338172303,0.9959709911361805,560,681,1241,0.0,-0.0008333472224535399,0.9950040290088691,0.00016116035455278067
90957,24.202070034500572,0.9959709911361805,560,681,1241,0.0,-0.0008333472224570926,0.9951651893634219,0.00016116035455278067
90958,24.20123668727812,0.9951651893634166,560,681,1241,-0.0008058017727639033,-0.0008333472224535399,0.9952457695406984,8.058017727639034e-05
90959,24.200403340055665,0.9951651893634166,560,681,1241,0.0,-0.0008333472224535399,0.9952457695406984,0.0
90960,24.19956999283321,0.9951651893634166,560,681,1241,0.0,-0.0008333472224535399,0.9953263497179747,8.058017727639034e-05
90961,24.198736645610758,0.9943593875906527,560,681,1241,-0.0008058017727639033,-0.0008333472224535399,0.9953263497179747,0.0
90962,24.197903298388304,0.9943593875906527,560,681,1241,0.0,-0.0008333472224535399,0.9952457695406984,-8.058017727639034e-05
90963,24.19706995116585,0.9943593875906527,560,681,1241,0.0,-0.0008333472224535399,0.9951651893634221,-8.058017727639034e-05
90964,24.196236603943397,0.9943593875906527,560,681,1241,0.0,-0.0008333472224535399,0.9950846091861457,-8.058017727639034e-05
90965,24.195403256720944,0.9943593875906527,560,681,1241,0.0,-0.0008333472224535399,0.9949234488315929,-0.00016116035455278067
90966,24.19456990949849,0.9943593875906527,560,681,1241,0.0,-0.0008333472224535399,0.99476228847704,-0.00016116035455278067
90967,24.193736562276037,0.9951651893634166,560,681,1241,0.0008058017727639033,-0.0008333472224535399,0.9946817082997634,-8.058017727639034e-05
90968,24.192903215053583,0.9951651893634166,560,681,1241,0.0,-0.0008333472224535399,0.9946817082997637,0.0
90969,24.19206986783113,0.9943593875906527,560,681,1241,-0.0008058017727639033,-0.0008333472224535399,0.9946011281224874,-8.058017727639034e-05
90970,24.191236520608676,0.9943593875906527,560,681,1241,0.0,-0.0008333472224535399,0.9945205479452109,-8.058017727639034e-05
90971,24.190403173386223,0.9943593875906527,560,681,1241,0.0,-0.0008333472224535399,0.9945205479452109,0.0
90972,24.18956982616377,0.9943593875906527,560,681,1241,0.0,-0.0008333472224535399,0.9945205479452109,0.0
90973,24.188736478941316,0.9943593875906527,560,681,1241,0.0,-0.0008333472224535399,0.9945205479452109,0.0
90974,24.187903131718862,0.9943593875906527,560,681,1241,0.0,-0.0008333472224535399,0.9945205479452109,0.0
90975,24.18706978449641,0.9935535858178888,560,681,1241,-0.0008058017727639033,-0.0008333472224535399,0.9944399677679346,-8.058017727639034e-05
90976,24.186236437273955,0.9935535858178888,560,681,1241,0.0,-0.0008333472224535399,0.9943593875906582,-8.058017727639034e-05
90977,24.1854030900515,0.9935535858178888,560,681,1241,0.0,-0.0008333472224535399,0.9941982272361056,-0.00016116035455278067
90978,24.184569742829048,0.9927477840451249,560,681,1241,-0.0008058017727639033,-0.0008333472224535399,0.9939564867042765,-0.00024174053182917098
90979,24.18373639560659,0.9927477840451249,560,681,1241,0.0,-0.0008333472224570926,0.9937953263497239,-0.00016116035455278067
90980,24.182903048384137,0.991941982272361,560,681,1241,-0.0008058017727639033,-0.0008333472224535399,0.9935535858178948,-0.00024174053182917098
90981,24.182069701161684,0.991941982272361,560,681,1241,0.0,-0.0008333472224535399,0.9933118452860658,-0.00024174053182917098
90982,24.18123635393923,0.991941982272361,560,681,1241,0.0,-0.0008333472224535399,0.9930701047542367,-0.00024174053182917098
90983,24.180403006716777,0.9911361804995971,560,681,1241,-0.0008058017727639033,-0.0008333472224535399,0.9927477840451312,-0.00032232070910556134
90984,24.179569659494323,0.991941982272361,560,681,1241,0.0008058017727639033,-0.0008333472224535399,0.992506043513302,-0.00024174053182917098
90985,24.17873631227187,0.991941982272361,560,681,1241,0.0,-0.0008333472224535399,0.9923448831587492,-0.00016116035455278067
90986,24.177902965049416,0.991941982272361,560,681,1241,0.0,-0.0008333472224535399,0.9921837228041965,-0.00016116035455278067
90987,24.177069617826962,0.9927477840451249,560,681,1241,0.0008058017727639033,-0.0008333472224535399,0.9921031426269202,-8.058017727639034e-05
90988,24.17623627060451,0.9927477840451249,560,681,1241,0.0,-0.0008333472224535399,0.9921031426269202,0.0
90989,24.175402923382055,0.9927477840451249,560,681,1241,0.0,-0.0008333472224535399,0.9921031426269202,0.0
90990,24.174569576159602,0.9927477840451249,560,681,1241,0.0,-0.0008333472224535399,0.9921837228041965,8.058017727639034e-05
90991,24.17373622893715,0.9927477840451249,560,681,1241,0.0,-0.0008333472224535399,0.992264302981473,8.058017727639034e-05
90992,24.172902881714695,0.9911361804995971,560,681,1241,-0.0016116035455278066,-0.0008333472224535399,0.9921837228041965,-8.058017727639034e-05
90993,24.17206953449224,0.9911361804995971,560,681,1241,0.0,-0.0008333472224535399,0.9921837228041965,0.0
90994,24.171236187269788,0.9895245769540693,560,681,1241,-0.0016116035455278066,-0.0008333472224535399,0.9919419822723675,-0.00024174053182917098
90995,24.170402840047334,0.9895245769540693,560,681,1241,0.0,-0.0008333472224535399,0.9917002417405385,-0.00024174053182917098
90996,24.16956949282488,0.9895245769540693,560,681,1241,0.0,-0.0008333472224535399,0.9914585012087095,-0.00024174053182917098
90997,24.168736145602427,0.9895245769540693,560,681,1241,0.0,-0.0008333472224535399,0.991136180499604,-0.00032232070910556134
90998,24.167902798379973,0.9903303787268332,560,681,1241,0.0008058017727639033,-0.0008333472224535399,0.9908944399677747,-0.00024174053182917098
90999,24.16706945115752,0.9903303787268332,560,681,1241,0.0,-0.0008333472224535399,0.9906526994359455,-0.00024174053182917098
91000,24.166236103935063,0.9903303787268332,560,681,1241,0.0,-0.0008333472224570926,0.9904109589041162,-0.00024174053182917098
91001,24.16540275671261,0.9903303787268332,560,681,1241,0.0,-0.0008333472224535399,0.990169218372287,-0.00024174053182917098
91002,24.164569409490156,0.9903303787268332,560,681,1241,0.0,-0.0008333472224535399,0.9900886381950107,-8.058017727639034e-05
91003,24.163736062267702,0.9911361804995971,560,681,1241,0.0008058017727639033,-0.0008333472224535399,0.9900886381950107,0.0
91004,24.16290271504525,0.991941982272361,560,681,1241,0.0008058017727639033,-0.0008333472224535399,0.9903303787268397,0.00024174053182917098
91005,24.162069367822795,0.991941982272361,560,681,1241,0.0,-0.0008333472224535399,0.9905721192586687,0.00024174053182917098
91006,24.16123602060034,0.9903303787268332,560,681,1241,-0.0016116035455278066,-0.0008333472224535399,0.9906526994359451,8.058017727639034e-05
91007,24.160402673377888,0.9895245769540693,560,681,1241,-0.0008058017727639033,-0.0008333472224535399,0.9906526994359451,0.0
91008,24.159569326155435,0.9895245769540693,560,681,1241,0.0,-0.0008333472224535399,0.9905721192586687,-8.058017727639034e-05
91009,24.15873597893298,0.9895245769540693,560,681,1241,0.0,-0.0008333472224535399,0.9904915390813924,-8.058017727639034e-05
91010,24.157902631710527,0.9895245769540693,560,681,1241,0.0,-0.0008333472224535399,0.9904109589041161,-8.058017727639034e-05
91011,24.157069284488074,0.9895245769540693,560,681,1241,0.0,-0.0008333472224535399,0.9903303787268397,-8.058017727639034e-05
91012,24.15623593726562,0.9895245769540693,560,681,1241,0.0,-0.0008333472224535399,0.9902497985495634,-8.058017727639034e-05
91013,24.155402590043167,0.9911361804995971,560,681,1241,0.0016116035455278066,-0.0008333472224535399,0.9902497985495634,0.0
91014,24.154569242820713,0.9911361804995971,560,681,1241,0.0,-0.0008333472224535399,0.9901692183722869,-8.058017727639034e-05
91015,24.15373589559826,0.9911361804995971,560,681,1241,0.0,-0.0008333472224535399,0.9900886381950105,-8.058017727639034e-05
91016,24.152902548375806,0.9903303787268332,560,681,1241,-0.0008058017727639033,-0.0008333472224535399,0.9900886381950105,0.0
91017,24.152069201153353,0.9903303787268332,560,681,1241,0.0,-0.0008333472224535399,0.9901692183722869,8.058017727639034e-05
91018,24.1512358539309,0.9911361804995971,560,681,1241,0.0008058017727639033,-0.0008333472224535399,0.9903303787268396,0.00016116035455278067
91019,24.150402506708446,0.9911361804995971,560,681,1241,0.0,-0.0008333472224535399,0.9904915390813922,0.00016116035455278067
91020,24.149569159485992,0.9911361804995971,560,681,1241,0.0,-0.0008333472224535399,0.9906526994359449,0.00016116035455278067
91021,24.148735812263535,0.9911361804995971,560,681,1241,0.0,-0.0008333472224570926,0.9908138597904976,0.00016116035455278067
91022,24.14790246504108,0.9911361804995971,560,681,1241,0.0,-0.0008333472224535399,0.9909750201450503,0.00016116035455278067
91023,24.147069117818628,0.9911361804995971,560,681,1241,0.0,-0.0008333472224535399,0.9909750201450503,0.0
91024,24.146235770596174,0.9911361804995971,560,681,1241,0.0,-0.0008333472224535399,0.9909750201450503,0.0
91025,24.14540242337372,0.9911361804995971,560,681,1241,0.0,-0.0008333472224535399,0.9909750201450503,0.0
91026,24.144569076151267,0.9927477840451249,560,681,1241,0.0016116035455278066,-0.0008333472224535399,0.9912167606768796,0.00024174053182917098
91027,24.143735728928814,0.9927477840451249,560,681,1241,0.0,-0.0008333472224535399,0.9914585012087087,0.00024174053182917098
91028,24.14290238170636,0.991941982272361,560,681,1241,-0.0008058017727639033,-0.0008333472224535399,0.9915390813859852,8.058017727639034e-05
91029,24.142069034483907,0.991941982272361,560,681,1241,0.0,-0.0008333472224535399,0.9916196615632616,8.058017727639034e-05
91030,24.141235687261453,0.991941982272361,560,681,1241,0.0,-0.0008333472224535399,0.991700241740538,8.058017727639034e-05
91031,24.140402340039,0.9903303787268332,560,681,1241,-0.0016116035455278066,-0.0008333472224535399,0.9916196615632616,-8.058017727639034e-05
91032,24.139568992816546,0.9903303787268332,560,681,1241,0.0,-0.0008333472224535399,0.9915390813859852,-8.058017727639034e-05
91033,24.138735645594092,0.9903303787268332,560,681,1241,0.0,-0.0008333472224535399,0.9914585012087089,-8.058017727639034e-05
91034,24.13790229837164,0.9903303787268332,560,681,1241,0.0,-0.0008333472224535399,0.9913779210314326,-8.058017727639034e-05
91035,24.137068951149185,0.9895245769540693,560,681,1241,-0.0008058017727639033,-0.0008333472224535399,0.9912167606768799,-0.00016116035455278067
91036,24.136235603926732,0.9895245769540693,560,681,1241,0.0,-0.0008333472224535399,0.9908944399677744,-0.00032232070910556134
91037,24.13540225670428,0.9895245769540693,560,681,1241,0.0,-0.0008333472224535399,0.9905721192586687,-0.00032232070910556134
91038,24.134568909481825,0.9895245769540693,560,681,1241,0.0,-0.0008333472224535399,0.9903303787268396,-0.00024174053182917098
91039,24.13373556225937,0.9895245769540693,560,681,1241,0.0,-0.0008333472224535399,0.9900886381950105,-0.00024174053182917098
91040,24.132902215036918,0.9903303787268332,560,681,1241,0.0008058017727639033,-0.0008333472224535399,0.9899274778404579,-0.00016116035455278067
91041,24.132068867814464,0.9903303787268332,560,681,1241,0.0,-0.0008333472224535399,0.9899274778404579,0.0
91042,24.131235520592007,0.9903303787268332,560,681,1241,0.0,-0.0008333472224570926,0.9899274778404579,0.0
91043,24.130402173369554,0.9903303787268332,560,681,1241,0.0,-0.0008333472224535399,0.9899274778404579,0.0
91044,24.1295688261471,0.9903303787268332,560,681,1241,0.0,-0.0008333472224535399,0.9899274778404579,0.0
91045,24.128735478924646,0.9903303787268332,560,681,1241,0.0,-0.0008333472224535399,0.9900080580177342,8.058017727639034e-05
91046,24.127902131702193,0.9895245769540693,560,681,1241,-0.0008058017727639033,-0.0008333472224535399,0.9900080580177342,0.0
91047,24.12706878447974,0.9887187751813054,560,681,1241,-0.0008058017727639033,-0.0008333472224535399,0.9899274778404576,-8.058017727639034e-05
91048,24.126235437257286,0.9895245769540693,560,681,1241,0.0008058017727639033,-0.0008333472224535399,0.9899274778404576,0.0
91049,24.125402090034832,0.9895245769540693,560,681,1241,0.0,-0.0008333472224535399,0.9899274778404576,0.0
91050,24.12456874281238,0.9887187751813054,560,681,1241,-0.0008058017727639033,-0.0008333472224535399,0.9897663174859049,-0.00016116035455278067
91051,24.123735395589925,0.9879129734085415,560,681,1241,-0.0008058017727639033,-0.0008333472224535399,0.9895245769540757,-0.00024174053182917098
91052,24.12290204836747,0.9879129734085415,560,681,1241,0.0,-0.0008333472224535399,0.9892828364222466,-0.00024174053182917098
91053,24.122068701145018,0.9879129734085415,560,681,1241,0.0,-0.0008333472224535399,0.9890410958904173,-0.00024174053182917098
91054,24.121235353922565,0.9879129734085415,560,681,1241,0.0,-0.0008333472224535399,0.9887993553585881,-0.00024174053182917098
91055,24.12040200670011,0.9879129734085415,560,681,1241,0.0,-0.0008333472224535399,0.9885576148267589,-0.00024174053182917098
91056,24.119568659477657,0.9871071716357775,560,681,1241,-0.0008058017727639033,-0.0008333472224535399,0.9883158742949296,-0.00024174053182917098
91057,24.118735312255204,0.9863013698630136,560,681,1241,-0.0008058017727639033,-0.0008333472224535399,0.9880741337631005,-0.00024174053182917098
91058,24.11790196503275,0.9863013698630136,560,681,1241,0.0,-0.0008333472224535399,0.9877518130539948,-0.00032232070910556134
91059,24.117068617810297,0.9863013698630136,560,681,1241,0.0,-0.0008333472224535399,0.9874294923448893,-0.00032232070910556134
91060,24.116235270587843,0.9863013698630136,560,681,1241,0.0,-0.0008333472224535399,0.9871877518130603,-0.00024174053182917098
91061,24.11540192336539,0.9854955680902499,560,681,1241,-0.0008058017727637923,-0.0008333472224535399,0.9869460112812313,-0.0002417405318291599
91062,24.114568576142936,0.9854955680902499,560,681,1241,0.0,-0.0008333472224535399,0.9867042707494023,-0.0002417405318291599
91063,24.11373522892048,0.9863013698630136,560,681,1241,0.0008058017727637923,-0.0008333472224570926,0.9865431103948495,-0.00016116035455278067
91064,24.112901881698026,0.9854955680902499,560,681,1241,-0.0008058017727637923,-0.0008333472224535399,0.9863013698630205,-0.0002417405318291599
91065,24.112068534475572,0.9854955680902499,560,681,1241,0.0,-0.0008333472224535399,0.9860596293311914,-0.0002417405318291599
91066,24.11123518725312,0.9854955680902499,560,681,1241,0.0,-0.0008333472224535399,0.9858984689766388,-0.00016116035455276956
91067,24.110401840030665,0.9854955680902499,560,681,1241,0.0,-0.0008333472224535399,0.9858178887993624,-8.058017727637922e-05
91068,24.10956849280821,0.9854955680902499,560,681,1241,0.0,-0.0008333472224535399,0.9857373086220861,-8.058017727637922e-05
91069,24.108735145585758,0.9854955680902499,560,681,1241,0.0,-0.0008333472224535399,0.9856567284448097,-8.058017727637922e-05
91070,24.107901798363304,0.9863013698630136,560,681,1241,0.0008058017727637923,-0.0008333472224535399,0.9856567284448097,0.0
91071,24.10706845114085,0.9854955680902499,560,681,1241,-0.0008058017727637923,-0.0008333472224535399,0.9856567284448097,0.0
91072,24.106235103918397,0.9871071716357775,560,681,1241,0.0016116035455276956,-0.0008333472224535399,0.9858178887993624,0.00016116035455276956
91073,24.105401756695944,0.9871071716357775,560,681,1241,0.0,-0.0008333472224535399,0.9858984689766388,8.058017727639034e-05
91074,24.10456840947349,0.9871071716357775,560,681,1241,0.0,-0.0008333472224535399,0.9860596293311914,0.00016116035455276956
91075,24.103735062251037,0.9871071716357775,560,681,1241,0.0,-0.0008333472224535399,0.9862207896857441,0.00016116035455276956
91076,24.102901715028583,0.9871071716357775,560,681,1241,0.0,-0.0008333472224535399,0.9863819500402968,0.00016116035455276956
91077,24.10206836780613,0.9871071716357775,560,681,1241,0.0,-0.0008333472224535399,0.9865431103948495,0.00016116035455276956
91078,24.101235020583676,0.9871071716357775,560,681,1241,0.0,-0.0008333472224535399,0.9867042707494023,0.00016116035455276956
91079,24.100401673361223,0.9863013698630136,560,681,1241,-0.0008058017727639033,-0.0008333472224535399,0.9867848509266786,8.058017727637922e-05
91080,24.09956832613877,0.9854955680902499,560,681,1241,-0.0008058017727637923,-0.0008333472224535399,0.9867042707494023,-8.058017727637922e-05
91081,24.098734978916315,0.9854955680902499,560,681,1241,0.0,-0.0008333472224535399,0.9867042707494023,0.0
91082,24.097901631693862,0.9854955680902499,560,681,1241,0.0,-0.0008333472224535399,0.9865431103948495,-0.00016116035455276956
91083,24.09706828447141,0.9854955680902499,560,681,1241,0.0,-0.0008333472224535399,0.9863819500402968,-0.00016116035455276956
91084,24.096234937248955,0.9854955680902499,560,681,1241,0.0,-0.0008333472224535399,0.9862207896857441,-0.00016116035455276956
91085,24.095401590026498,0.9854955680902499,560,681,1241,0.0,-0.0008333472224570926,0.9860596293311914,-0.00016116035455276956
91086,24.094568242804044,0.9854955680902499,560,681,1241,0.0,-0.0008333472224535399,0.9858984689766388,-0.00016116035455276956
91087,24.09373489558159,0.9854955680902499,560,681,1241,0.0,-0.0008333472224535399,0.9857373086220861,-0.00016116035455276956
91088,24.092901548359137,0.9854955680902499,560,681,1241,0.0,-0.0008333472224535399,0.9855761482675334,-0.00016116035455276956
91089,24.092068201136684,0.9854955680902499,560,681,1241,0.0,-0.0008333472224535399,0.9854955680902571,-8.058017727637922e-05
91090,24.09123485391423,0.9863013698630136,560,681,1241,0.0008058017727637923,-0.0008333472224535399,0.9855761482675334,8.058017727637922e-05
91091,24.090401506691776,0.9854955680902499,560,681,1241,-0.0008058017727637923,-0.0008333472224535399,0.9855761482675334,0.0
91092,24.089568159469323,0.9854955680902499,560,681,1241,0.0,-0.0008333472224535399,0.9855761482675334,0.0
91093,24.08873481224687,0.9854955680902499,560,681,1241,0.0,-0.0008333472224535399,0.9855761482675334,0.0
91094,24.087901465024416,0.9854955680902499,560,681,1241,0.0,-0.0008333472224535399,0.9855761482675334,0.0
91095,24.087068117801962,0.9854955680902499,560,681,1241,0.0,-0.0008333472224535399,0.9855761482675334,0.0
91096,24.08623477057951,0.984689766317486,560,681,1241,-0.0008058017727639033,-0.0008333472224535399,0.9854955680902568,-8.058017727639034e-05
91097,24.085401423357055,0.984689766317486,560,681,1241,0.0,-0.0008333472224535399,0.9854149879129803,-8.058017727639034e-05
91098,24.0845680761346,0.983883964544722,560,681,1241,-0.0008058017727639033,-0.0008333472224535399,0.9852538275584275,-0.00016116035455278067
91099,24.083734728912148,0.984689766317486,560,681,1241,0.0008058017727639033,-0.0008333472224535399,0.985173247381151,-8.058017727639034e-05
91100,24.082901381689695,0.984689766317486,560,681,1241,0.0,-0.0008333472224535399,0.985012087026598,-0.00016116035455276956
91101,24.08206803446724,0.984689766317486,560,681,1241,0.0,-0.0008333472224535399,0.9849315068493215,-8.058017727639034e-05
91102,24.081234687244788,0.984689766317486,560,681,1241,0.0,-0.0008333472224535399,0.984850926672045,-8.058017727639034e-05
91103,24.080401340022334,0.9854955680902499,560,681,1241,0.0008058017727639033,-0.0008333472224535399,0.984850926672045,0.0
91104,24.07956799279988,0.9854955680902499,560,681,1241,0.0,-0.0008333472224535399,0.984850926672045,0.0
91105,24.078734645577427,0.9863013698630136,560,681,1241,0.0008058017727637923,-0.0008333472224535399,0.9849315068493214,8.058017727637922e-05
91106,24.07790129835497,0.9879129734085415,560,681,1241,0.0016116035455278066,-0.0008333472224570926,0.9852538275584269,0.00032232070910555023
91107,24.077067951132516,0.9879129734085415,560,681,1241,0.0,-0.0008333472224535399,0.9855761482675325,0.00032232070910555023
91108,24.076234603910063,0.9879129734085415,560,681,1241,0.0,-0.0008333472224535399,0.9859790491539144,0.00040290088638194054
91109,24.07540125668761,0.9887187751813054,560,681,1241,0.0008058017727639033,-0.0008333472224535399,0.9863819500402963,0.00040290088638194054
91110,24.074567909465156,0.9887187751813054,560,681,1241,0.0,-0.0008333472224535399,0.9867848509266783,0.00040290088638194054
91111,24.073734562242702,0.9887187751813054,560,681,1241,0.0,-0.0008333472224535399,0.9871877518130605,0.00040290088638194054
91112,24.07290121502025,0.9879129734085415,560,681,1241,-0.0008058017727639033,-0.0008333472224535399,0.987510072522166,0.00032232070910555023
91113,24.072067867797795,0.9887187751813054,560,681,1241,0.0008058017727639033,-0.0008333472224535399,0.9878323932312714,0.00032232070910555023
91114,24.07123452057534,0.9887187751813054,560,681,1241,0.0,-0.0008333472224535399,0.9881547139403768,0.00032232070910555023
91115,24.070401173352888,0.9895245769540693,560,681,1241,0.0008058017727639033,-0.0008333472224535399,0.9884770346494823,0.00032232070910556134
91116,24.069567826130434,0.9895245769540693,560,681,1241,0.0,-0.0008333472224535399,0.9886381950040353,0.00016116035455278067
91117,24.06873447890798,0.9895245769540693,560,681,1241,0.0,-0.0008333472224535399,0.9887993553585881,0.00016116035455278067
91118,24.067901131685527,0.9903303787268332,560,681,1241,0.0008058017727639033,-0.0008333472224535399,0.9890410958904173,0.00024174053182917098
91119,24.067067784463074,0.9903303787268332,560,681,1241,0.0,-0.0008333472224535399,0.98920225624497,0.00016116035455278067
91120,24.06623443724062,0.9903303787268332,560,681,1241,0.0,-0.0008333472224535399,0.9893634165995226,0.00016116035455278067
91121,24.065401090018167,0.9903303787268332,560,681,1241,0.0,-0.0008333472224535399,0.9895245769540754,0.00016116035455278067
91122,24.064567742795713,0.9895245769540693,560,681,1241,-0.0008058017727639033,-0.0008333472224535399,0.9896857373086283,0.00016116035455278067
91123,24.06373439557326,0.9903303787268332,560,681,1241,0.0008058017727639033,-0.0008333472224535399,0.9898468976631811,0.00016116035455278067
91124,24.062901048350806,0.9903303787268332,560,681,1241,0.0,-0.0008333472224535399,0.9900080580177338,0.00016116035455278067
91125,24.062067701128353,0.9911361804995971,560,681,1241,0.0008058017727639033,-0.0008333472224535399,0.9901692183722866,0.00016116035455278067
91126,24.0612343539059,0.9911361804995971,560,681,1241,0.0,-0.0008333472224535399,0.9903303787268392,0.00016116035455278067
91127,24.060401006683442,0.9911361804995971,560,681,1241,0.0,-0.0008333472224570926,0.9904915390813919,0.00016116035455278067
91128,24.05956765946099,0.9911361804995971,560,681,1241,0.0,-0.0008333472224535399,0.9905721192586683,8.058017727639034e-05
91129,24.058734312238535,0.9911361804995971,560,681,1241,0.0,-0.0008333472224535399,0.9906526994359446,8.058017727639034e-05
91130,24.05790096501608,0.9903303787268332,560,681,1241,-0.0008058017727639033,-0.0008333472224535399,0.9906526994359446,0.0
91131,24.057067617793628,0.9903303787268332,560,681,1241,0.0,-0.0008333472224535399,0.9906526994359446,0.0
91132,24.056234270571174,0.9903303787268332,560,681,1241,0.0,-0.0008333472224535399,0.9907332796132209,8.058017727639034e-05
91133,24.05540092334872,0.9895245769540693,560,681,1241,-0.0008058017727639033,-0.0008333472224535399,0.9906526994359446,-8.058017727639034e-05
91134,24.054567576126267,0.9903303787268332,560,681,1241,0.0008058017727639033,-0.0008333472224535399,0.9906526994359446,0.0
91135,24.053734228903814,0.9903303787268332,560,681,1241,0.0,-0.0008333472224535399,0.9905721192586683,-8.058017727639034e-05
91136,24.05290088168136,0.9903303787268332,560,681,1241,0.0,-0.0008333472224535399,0.9904915390813919,-8.058017727639034e-05
91137,24.052067534458907,0.9903303787268332,560,681,1241,0.0,-0.0008333472224535399,0.9904109589041156,-8.058017727639034e-05
91138,24.051234187236453,0.9903303787268332,560,681,1241,0.0,-0.0008333472224535399,0.9903303787268392,-8.058017727639034e-05
91139,24.050400840014,0.9903303787268332,560,681,1241,0.0,-0.0008333472224535399,0.9902497985495629,-8.058017727639034e-05
91140,24.049567492791546,0.9903303787268332,560,681,1241,0.0,-0.0008333472224535399,0.9902497985495629,0.0
91141,24.048734145569092,0.9903303787268332,560,681,1241,0.0,-0.0008333472224535399,0.9902497985495629,0.0
91142,24.04790079834664,0.9903303787268332,560,681,1241,0.0,-0.0008333472224535399,0.9902497985495629,0.0
91143,24.047067451124185,0.9903303787268332,560,681,1241,0.0,-0.0008333472224535399,0.9903303787268392,8.058017727639034e-05
91144,24.04623410390173,0.9887187751813054,560,681,1241,-0.0016116035455278066,-0.0008333472224535399,0.9901692183722863,-0.00016116035455278067
91145,24.04540075667928,0.9879129734085415,560,681,1241,-0.0008058017727639033,-0.0008333472224535399,0.9899274778404571,-0.00024174053182917098
91146,24.044567409456825,0.9871071716357775,560,681,1241,-0.0008058017727639033,-0.0008333472224535399,0.9896051571313516,-0.00032232070910556134
91147,24.04373406223437,0.9871071716357775,560,681,1241,0.0,-0.0008333472224535399,0.989282836422246,-0.00032232070910556134
91148,24.042900715011914,0.9871071716357775,560,681,1241,0.0,-0.0008333472224570926,0.9889605157131405,-0.00032232070910556134
91149,24.04206736778946,0.9871071716357775,560,681,1241,0.0,-0.0008333472224535399,0.9886381950040348,-0.00032232070910556134
91150,24.041234020567007,0.9863013698630136,560,681,1241,-0.0008058017727639033,-0.0008333472224535399,0.988235294117653,-0.00040290088638195165
91151,24.040400673344553,0.9863013698630136,560,681,1241,0.0,-0.0008333472224535399,0.987832393231271,-0.00040290088638195165
91152,24.0395673261221,0.9863013698630136,560,681,1241,0.0,-0.0008333472224535399,0.9874294923448892,-0.00040290088638195165
91153,24.038733978899646,0.9863013698630136,560,681,1241,0.0,-0.0008333472224535399,0.9870265914585072,-0.00040290088638195165
91154,24.037900631677193,0.9879129734085415,560,681,1241,0.0016116035455278066,-0.0008333472224535399,0.9869460112812309,-8.058017727639034e-05
91155,24.03706728445474,0.9879129734085415,560,681,1241,0.0,-0.0008333472224535399,0.9869460112812309,0.0
91156,24.036233937232286,0.9879129734085415,560,681,1241,0.0,-0.0008333472224535399,0.9870265914585072,8.058017727639034e-05
91157,24.035400590009832,0.9879129734085415,560,681,1241,0.0,-0.0008333472224535399,0.9871071716357835,8.058017727639034e-05
91158,24.03456724278738,0.9879129734085415,560,681,1241,0.0,-0.0008333472224535399,0.98718775181306,8.058017727639034e-05
91159,24.033733895564925,0.9879129734085415,560,681,1241,0.0,-0.0008333472224535399,0.9872683319903363,8.058017727639034e-05
91160,24.03290054834247,0.9871071716357775,560,681,1241,-0.0008058017727639033,-0.0008333472224535399,0.9873489121676127,8.058017727639034e-05
91161,24.032067201120018,0.9854955680902499,560,681,1241,-0.0016116035455276956,-0.0008333472224535399,0.9872683319903363,-8.058017727637922e-05
91162,24.031233853897565,0.9854955680902499,560,681,1241,0.0,-0.0008333472224535399,0.98718775181306,-8.058017727637922e-05
91163,24.03040050667511,0.984689766317486,560,681,1241,-0.0008058017727639033,-0.0008333472224535399,0.987026591458507,-0.00016116035455276956
91164,24.029567159452657,0.984689766317486,560,681,1241,0.0,-0.0008333472224535399,0.9867042707494015,-0.00032232070910555023
91165,24.028733812230204,0.9863013698630136,560,681,1241,0.0016116035455276956,-0.0008333472224535399,0.9865431103948488,-0.00016116035455278067
91166,24.02790046500775,0.984689766317486,560,681,1241,-0.0016116035455276956,-0.0008333472224535399,0.9862207896857432,-0.00032232070910555023
91167,24.027067117785297,0.9854955680902499,560,681,1241,0.0008058017727639033,-0.0008333472224535399,0.9859790491539142,-0.0002417405318291599
91168,24.026233770562843,0.9854955680902499,560,681,1241,0.0,-0.0008333472224535399,0.9857373086220852,-0.0002417405318291599
91169,24.025400423340386,0.9854955680902499,560,681,1241,0.0,-0.0008333472224570926,0.9854955680902562,-0.0002417405318291599
91170,24.024567076117933,0.9863013698630136,560,681,1241,0.0008058017727637923,-0.0008333472224535399,0.9854149879129798,-8.058017727639034e-05
91171,24.02373372889548,0.9863013698630136,560,681,1241,0.0,-0.0008333472224535399,0.9854955680902562,8.058017727637922e-05
91172,24.022900381673026,0.9854955680902499,560,681,1241,-0.0008058017727637923,-0.0008333472224535399,0.9854955680902562,0.0
91173,24.022067034450572,0.9863013698630136,560,681,1241,0.0008058017727637923,-0.0008333472224535399,0.985656728444809,0.00016116035455276956
91174,24.02123368722812,0.9863013698630136,560,681,1241,0.0,-0.0008333472224535399,0.9858178887993618,0.00016116035455276956
91175,24.020400340005665,0.9863013698630136,560,681,1241,0.0,-0.0008333472224535399,0.9858178887993618,0.0
91176,24.01956699278321,0.9863013698630136,560,681,1241,0.0,-0.0008333472224535399,0.9859790491539148,0.00016116035455276956
91177,24.018733645560758,0.9863013698630136,560,681,1241,0.0,-0.0008333472224535399,0.9860596293311911,8.058017727637922e-05
91178,24.017900298338304,0.9863013698630136,560,681,1241,0.0,-0.0008333472224535399,0.9861402095084675,8.058017727637922e-05
91179,24.01706695111585,0.9871071716357775,560,681,1241,0.0008058017727639033,-0.0008333472224535399,0.9863013698630201,0.00016116035455276956
91180,24.016233603893397,0.9879129734085415,560,681,1241,0.0008058017727639033,-0.0008333472224535399,0.9864625302175728,0.00016116035455278067
91181,24.015400256670944,0.9879129734085415,560,681,1241,0.0,-0.0008333472224535399,0.9866236905721255,0.00016116035455278067
91182,24.01456690944849,0.9879129734085415,560,681,1241,0.0,-0.0008333472224535399,0.9868654311039545,0.0002417405318291599
91183,24.013733562226037,0.9871071716357775,560,681,1241,-0.0008058017727639033,-0.0008333472224535399,0.9869460112812309,8.058017727639034e-05
91184,24.012900215003583,0.9871071716357775,560,681,1241,0.0,-0.0008333472224535399,0.9870265914585072,8.058017727639034e-05
91185,24.01206686778113,0.9879129734085415,560,681,1241,0.0008058017727639033,-0.0008333472224535399,0.98718775181306,0.00016116035455278067
91186,24.011233520558676,0.9879129734085415,560,681,1241,0.0,-0.0008333472224535399,0.9873489121676127,0.00016116035455278067
91187,24.010400173336222,0.9879129734085415,560,681,1241,0.0,-0.0008333472224535399,0.9875100725221653,0.00016116035455278067
91188,24.00956682611377,0.9879129734085415,560,681,1241,0.0,-0.0008333472224535399,0.987671232876718,0.00016116035455278067
91189,24.008733478891315,0.9879129734085415,560,681,1241,0.0,-0.0008333472224535399,0.9877518130539944,8.058017727639034e-05
91190,24.00790013166886,0.9887187751813054,560,681,1241,0.0008058017727639033,-0.0008333472224570926,0.9878323932312707,8.058017727639034e-05
91191,24.007066784446405,0.9887187751813054,560,681,1241,0.0,-0.0008333472224535399,0.987912973408547,8.058017727639034e-05
91192,24.00623343722395,0.9887187751813054,560,681,1241,0.0,-0.0008333472224535399,0.9879935535858234,8.058017727639034e-05
91193,24.005400090001498,0.9879129734085415,560,681,1241,-0.0008058017727639033,-0.0008333472224535399,0.9880741337630997,8.058017727639034e-05
91194,24.004566742779044,0.9871071716357775,560,681,1241,-0.0008058017727639033,-0.0008333472224535399,0.9880741337630997,0.0
91195,24.00373339555659,0.9863013698630136,560,681,1241,-0.0008058017727639033,-0.0008333472224535399,0.987912973408547,-0.00016116035455278067
91196,24.002900048334137,0.9863013698630136,560,681,1241,0.0,-0.0008333472224535399,0.9877518130539944,-0.00016116035455278067
91197,24.002066701111683,0.9863013698630136,560,681,1241,0.0,-0.0008333472224535399,0.9875906526994417,-0.00016116035455278067
91198,24.00123335388923,0.9863013698630136,560,681,1241,0.0,-0.0008333472224535399,0.987429492344889,-0.00016116035455278067
91199,24.000400006666776,0.9854955680902499,560,681,1241,-0.0008058017727637923,-0.0008333472224535399,0.98718775181306,-0.0002417405318291599
91200,23.999566659444323,0.983883964544722,560,681,1241,-0.0016116035455278066,-0.0008333472224535399,0.9867042707494015,-0.0004834810636583309
91201,23.99873331222187,0.984689766317486,560,681,1241,0.0008058017727639033,-0.0008333472224535399,0.9863013698630194,-0.00040290088638194054
91202,23.997899964999416,0.9854955680902499,560,681,1241,0.0008058017727639033,-0.0008333472224535399,0.985979049153914,-0.00032232070910555023
91203,23.997066617776962,0.9854955680902499,560,681,1241,0.0,-0.0008333472224535399,0.985737308622085,-0.0002417405318291599
91204,23.99623327055451,0.9854955680902499,560,681,1241,0.0,-0.0008333472224535399,0.9855761482675323,-0.00016116035455276956
91205,23.995399923332055,0.9854955680902499,560,681,1241,0.0,-0.0008333472224535399,0.985495568090256,-8.058017727637922e-05
91206,23.9945665761096,0.9854955680902499,560,681,1241,0.0,-0.0008333472224535399,0.9854149879129797,-8.058017727637922e-05
91207,23.993733228887148,0.9854955680902499,560,681,1241,0.0,-0.0008333472224535399,0.9853344077357032,-8.058017727637922e-05
91208,23.992899881664695,0.9871071716357775,560,681,1241,0.0016116035455276956,-0.0008333472224535399,0.9854149879129797,8.058017727639034e-05
91209,23.99206653444224,0.9871071716357775,560,681,1241,0.0,-0.0008333472224535399,0.9855761482675323,0.00016116035455276956
91210,23.991233187219787,0.9871071716357775,560,681,1241,0.0,-0.0008333472224535399,0.9858984689766379,0.00032232070910555023
91211,23.990399839997334,0.9871071716357775,560,681,1241,0.0,-0.0008333472224535399,0.986140209508467,0.0002417405318291599
91212,23.989566492774877,0.9863013698630136,560,681,1241,-0.0008058017727639033,-0.0008333472224570926,0.9862207896857434,8.058017727637922e-05
91213,23.988733145552423,0.9854955680902499,560,681,1241,-0.0008058017727637923,-0.0008333472224535399,0.9862207896857434,0.0
91214,23.98789979832997,0.9854955680902499,560,681,1241,0.0,-0.0008333472224535399,0.9862207896857434,0.0
91215,23.987066451107516,0.9863013698630136,560,681,1241,0.0008058017727637923,-0.0008333472224535399,0.9863013698630198,8.058017727637922e-05
91216,23.986233103885063,0.9863013698630136,560,681,1241,0.0,-0.0008333472224535399,0.9863819500402962,8.058017727637922e-05
91217,23.98539975666261,0.9863013698630136,560,681,1241,0.0,-0.0008333472224535399,0.9864625302175725,8.058017727637922e-05
91218,23.984566409440156,0.9863013698630136,560,681,1241,0.0,-0.0008333472224535399,0.9863819500402962,-8.058017727639034e-05
91219,23.983733062217702,0.9863013698630136,560,681,1241,0.0,-0.0008333472224535399,0.9863013698630198,-8.058017727639034e-05
91220,23.98289971499525,0.9871071716357775,560,681,1241,0.0008058017727639033,-0.0008333472224535399,0.9863013698630198,0.0
91221,23.982066367772795,0.9871071716357775,560,681,1241,0.0,-0.0008333472224535399,0.9863013698630198,0.0
91222,23.98123302055034,0.9871071716357775,560,681,1241,0.0,-0.0008333472224535399,0.9863819500402962,8.058017727639034e-05
91223,23.980399673327888,0.9871071716357775,560,681,1241,0.0,-0.0008333472224535399,0.9865431103948488,0.00016116035455276956
91224,23.979566326105434,0.9863013698630136,560,681,1241,-0.0008058017727639033,-0.0008333472224535399,0.9866236905721252,8.058017727637922e-05
91225,23.97873297888298,0.9863013698630136,560,681,1241,0.0,-0.0008333472224535399,0.9866236905721252,0.0
91226,23.977899631660527,0.9863013698630136,560,681,1241,0.0,-0.0008333472224535399,0.9866236905721252,0.0
91227,23.977066284438074,0.9863013698630136,560,681,1241,0.0,-0.0008333472224535399,0.9866236905721252,0.0
91228,23.97623293721562,0.9863013698630136,560,681,1241,0.0,-0.0008333472224535399,0.9866236905721252,0.0
91229,23.975399589993167,0.9863013698630136,560,681,1241,0.0,-0.0008333472224535399,0.9866236905721252,0.0
91230,23.974566242770713,0.9854955680902499,560,681,1241,-0.0008058017727637923,-0.0008333472224535399,0.9864625302175725,-0.00016116035455276956
91231,23.97373289554826,0.9863013698630136,560,681,1241,0.0008058017727637923,-0.0008333472224535399,0.9863819500402962,-8.058017727639034e-05
91232,23.972899548325806,0.9863013698630136,560,681,1241,0.0,-0.0008333472224535399,0.9863013698630198,-8.058017727639034e-05
91233,23.97206620110335,0.9871071716357775,560,681,1241,0.0008058017727639033,-0.0008333472224570926,0.9863013698630198,0.0
91234,23.971232853880895,0.9871071716357775,560,681,1241,0.0,-0.0008333472224535399,0.9863819500402962,8.058017727639034e-05
91235,23.970399506658442,0.9879129734085415,560,681,1241,0.0008058017727639033,-0.0008333472224535399,0.9865431103948488,0.00016116035455278067
91236,23.96956615943599,0.9879129734085415,560,681,1241,0.0,-0.0008333472224535399,0.9867042707494015,0.00016116035455278067
91237,23.968732812213535,0.9879129734085415,560,681,1241,0.0,-0.0008333472224535399,0.9868654311039542,0.00016116035455278067
91238,23.96789946499108,0.9879129734085415,560,681,1241,0.0,-0.0008333472224535399,0.9870265914585069,0.00016116035455278067
91239,23.967066117768628,0.9879129734085415,560,681,1241,0.0,-0.0008333472224535399,0.9871877518130596,0.00016116035455278067
91240,23.966232770546174,0.9871071716357775,560,681,1241,-0.0008058017727639033,-0.0008333472224535399,0.9873489121676122,0.00016116035455276956
91241,23.96539942332372,0.9863013698630136,560,681,1241,-0.0008058017727639033,-0.0008333472224535399,0.9873489121676122,0.0
91242,23.964566076101267,0.9854955680902499,560,681,1241,-0.0008058017727637923,-0.0008333472224535399,0.9872683319903359,-8.058017727637922e-05
91243,23.963732728878814,0.984689766317486,560,681,1241,-0.0008058017727639033,-0.0008333472224535399,0.9870265914585067,-0.0002417405318291599
91244,23.96289938165636,0.983883964544722,560,681,1241,-0.0008058017727639033,-0.0008333472224535399,0.9867042707494011,-0.00032232070910555023
91245,23.962066034433906,0.983883964544722,560,681,1241,0.0,-0.0008333472224535399,0.9863013698630192,-0.00040290088638194054
91246,23.961232687211453,0.983883964544722,560,681,1241,0.0,-0.0008333472224535399,0.9858984689766374,-0.00040290088638194054
91247,23.960399339989,0.9830781627719581,560,681,1241,-0.0008058017727639033,-0.0008333472224535399,0.9854149879129791,-0.0004834810636583309
91248,23.959565992766546,0.9830781627719581,560,681,1241,0.0,-0.0008333472224535399,0.9849315068493208,-0.0004834810636583309
91249,23.958732645544092,0.9822723609991942,560,681,1241,-0.0008058017727639033,-0.0008333472224535399,0.9843674456083862,-0.0005640612409347212
91250,23.95789929832164,0.9822723609991942,560,681,1241,0.0,-0.0008333472224535399,0.9838839645447279,-0.0004834810636583309
91251,23.957065951099185,0.9822723609991942,560,681,1241,0.0,-0.0008333472224535399,0.9834810636583461,-0.00040290088638194054
91252,23.95623260387673,0.9822723609991942,560,681,1241,0.0,-0.0008333472224535399,0.9831587429492405,-0.00032232070910556134
91253,23.955399256654278,0.9806607574536664,560,681,1241,-0.0016116035455278066,-0.0008333472224535399,0.9827558420628586,-0.00040290088638195165
91254,23.95456590943182,0.9806607574536664,560,681,1241,0.0,-0.0008333472224570926,0.9824335213537531,-0.00032232070910556134
91255,23.953732562209368,0.9806607574536664,560,681,1241,0.0,-0.0008333472224535399,0.9821112006446475,-0.00032232070910556134
91256,23.952899214986914,0.9798549556809025,560,681,1241,-0.0008058017727639033,-0.0008333472224535399,0.9817082997582656,-0.00040290088638195165
91257,23.95206586776446,0.9798549556809025,560,681,1241,0.0,-0.0008333472224535399,0.98138597904916,-0.00032232070910556134
91258,23.951232520542007,0.9798549556809025,560,681,1241,0.0,-0.0008333472224535399,0.9810636583400545,-0.00032232070910556134
91259,23.950399173319553,0.9798549556809025,560,681,1241,0.0,-0.0008333472224535399,0.9808219178082253,-0.00024174053182917098
91260,23.9495658260971,0.9798549556809025,560,681,1241,0.0,-0.0008333472224535399,0.980580177276396,-0.00024174053182917098
91261,23.948732478874646,0.9790491539081386,560,681,1241,-0.0008058017727639033,-0.0008333472224535399,0.9802578565672905,-0.00032232070910556134
91262,23.947899131652193,0.9790491539081386,560,681,1241,0.0,-0.0008333472224535399,0.9799355358581849,-0.00032232070910556134
91263,23.94706578442974,0.9790491539081386,560,681,1241,0.0,-0.0008333472224535399,0.9797743755036322,-0.00016116035455278067
91264,23.946232437207286,0.9790491539081386,560,681,1241,0.0,-0.0008333472224535399,0.9796132151490795,-0.00016116035455278067
91265,23.945399089984832,0.9798549556809025,560,681,1241,0.0008058017727639033,-0.0008333472224535399,0.9795326349718032,-8.058017727639034e-05
91266,23.94456574276238,0.9798549556809025,560,681,1241,0.0,-0.0008333472224535399,0.9795326349718032,0.0
91267,23.943732395539925,0.9798549556809025,560,681,1241,0.0,-0.0008333472224535399,0.9795326349718032,0.0
91268,23.94289904831747,0.9790491539081386,560,681,1241,-0.0008058017727639033,-0.0008333472224535399,0.9794520547945268,-8.058017727639034e-05
91269,23.942065701095018,0.9790491539081386,560,681,1241,0.0,-0.0008333472224535399,0.9793714746172505,-8.058017727639034e-05
91270,23.941232353872564,0.9790491539081386,560,681,1241,0.0,-0.0008333472224535399,0.9792908944399741,-8.058017727639034e-05
91271,23.94039900665011,0.9790491539081386,560,681,1241,0.0,-0.0008333472224535399,0.9792908944399741,0.0
91272,23.939565659427657,0.9790491539081386,560,681,1241,0.0,-0.0008333472224535399,0.9792908944399741,0.0
91273,23.938732312205204,0.9782433521353747,560,681,1241,-0.0008058017727639033,-0.0008333472224535399,0.9792103142626976,-8.058017727639034e-05
91274,23.93789896498275,0.9782433521353747,560,681,1241,0.0,-0.0008333472224535399,0.979129734085421,-8.058017727639034e-05
91275,23.937065617760293,0.9782433521353747,560,681,1241,0.0,-0.0008333472224570926,0.9789685737308682,-0.00016116035455278067
91276,23.93623227053784,0.9766317485898469,560,681,1241,-0.0016116035455278066,-0.0008333472224535399,0.9786462530217627,-0.00032232070910556134
91277,23.935398923315386,0.975825946817083,560,681,1241,-0.0008058017727639033,-0.0008333472224535399,0.9782433521353807,-0.00040290088638195165
91278,23.934565576092933,0.9766317485898469,560,681,1241,0.0008058017727639033,-0.0008333472224535399,0.9780016116035515,-0.00024174053182917098
91279,23.93373222887048,0.9766317485898469,560,681,1241,0.0,-0.0008333472224535399,0.9777598710717224,-0.00024174053182917098
91280,23.932898881648025,0.9774375503626108,560,681,1241,0.0008058017727639033,-0.0008333472224535399,0.9775987107171694,-0.00016116035455278067
91281,23.932065534425572,0.9774375503626108,560,681,1241,0.0,-0.0008333472224535399,0.9774375503626166,-0.00016116035455278067
91282,23.93123218720312,0.9774375503626108,560,681,1241,0.0,-0.0008333472224535399,0.9772763900080637,-0.00016116035455278067
91283,23.930398839980665,0.9774375503626108,560,681,1241,0.0,-0.0008333472224535399,0.9771958098307874,-8.058017727639034e-05
91284,23.92956549275821,0.9766317485898469,560,681,1241,-0.0008058017727639033,-0.0008333472224535399,0.9770346494762346,-0.00016116035455278067
91285,23.928732145535758,0.9766317485898469,560,681,1241,0.0,-0.0008333472224535399,0.9768734891216819,-0.00016116035455278067
91286,23.927898798313304,0.9766317485898469,560,681,1241,0.0,-0.0008333472224535399,0.9768734891216819,0.0
91287,23.92706545109085,0.9774375503626108,560,681,1241,0.0008058017727639033,-0.0008333472224535399,0.9770346494762346,0.00016116035455278067
91288,23.926232103868397,0.9774375503626108,560,681,1241,0.0,-0.0008333472224535399,0.977115229653511,8.058017727639034e-05
91289,23.925398756645944,0.9774375503626108,560,681,1241,0.0,-0.0008333472224535399,0.9771958098307874,8.058017727639034e-05
91290,23.92456540942349,0.9774375503626108,560,681,1241,0.0,-0.0008333472224535399,0.9771958098307874,0.0
91291,23.923732062201037,0.975825946817083,560,681,1241,-0.0016116035455278066,-0.0008333472224535399,0.9770346494762346,-0.00016116035455278067
91292,23.922898714978583,0.9766317485898469,560,681,1241,0.0008058017727639033,-0.0008333472224535399,0.9769540692989583,-8.058017727639034e-05
91293,23.92206536775613,0.9766317485898469,560,681,1241,0.0,-0.0008333472224535399,0.9768734891216819,-8.058017727639034e-05
91294,23.921232020533676,0.9774375503626108,560,681,1241,0.0008058017727639033,-0.0008333472224535399,0.9769540692989583,8.058017727639034e-05
91295,23.920398673311222,0.9774375503626108,560,681,1241,0.0,-0.0008333472224535399,0.9770346494762346,8.058017727639034e-05
91296,23.919565326088765,0.9774375503626108,560,681,1241,0.0,-0.0008333472224570926,0.977115229653511,8.058017727639034e-05
91297,23.91873197886631,0.9774375503626108,560,681,1241,0.0,-0.0008333472224535399,0.977115229653511,0.0
91298,23.917898631643858,0.9774375503626108,560,681,1241,0.0,-0.0008333472224535399,0.977115229653511,0.0
91299,23.917065284421405,0.9774375503626108,560,681,1241,0.0,-0.0008333472224535399,0.977115229653511,0.0
91300,23.91623193719895,0.9766317485898469,560,681,1241,-0.0008058017727639033,-0.0008333472224535399,0.9770346494762346,-8.058017727639034e-05
91301,23.915398589976498,0.9766317485898469,560,681,1241,0.0,-0.0008333472224535399,0.977115229653511,8.058017727639034e-05
91302,23.914565242754044,0.9766317485898469,560,681,1241,0.0,-0.0008333472224535399,0.977115229653511,0.0
91303,23.91373189553159,0.975825946817083,560,681,1241,-0.0008058017727639033,-0.0008333472224535399,0.9770346494762346,-8.058017727639034e-05
91304,23.912898548309137,0.975825946817083,560,681,1241,0.0,-0.0008333472224535399,0.9768734891216819,-0.00016116035455278067
91305,23.912065201086683,0.9766317485898469,560,681,1241,0.0008058017727639033,-0.0008333472224535399,0.9767929089444056,-8.058017727639034e-05
91306,23.91123185386423,0.9766317485898469,560,681,1241,0.0,-0.0008333472224535399,0.9767123287671293,-8.058017727639034e-05
91307,23.910398506641776,0.975825946817083,560,681,1241,-0.0008058017727639033,-0.0008333472224535399,0.9765511684125766,-0.00016116035455278067
91308,23.909565159419323,0.975825946817083,560,681,1241,0.0,-0.0008333472224535399,0.9763900080580239,-0.00016116035455278067
91309,23.90873181219687,0.9742143432715552,560,681,1241,-0.0016116035455278066,-0.0008333472224535399,0.9760676873489184,-0.00032232070910556134
91310,23.907898464974416,0.9742143432715552,560,681,1241,0.0,-0.0008333472224535399,0.9758259468170891,-0.00024174053182917098
91311,23.907065117751962,0.9742143432715552,560,681,1241,0.0,-0.0008333472224535399,0.9755842062852599,-0.00024174053182917098
91312,23.90623177052951,0.9734085414987913,560,681,1241,-0.0008058017727639033,-0.0008333472224535399,0.9752618855761543,-0.00032232070910556134
91313,23.905398423307055,0.9742143432715552,560,681,1241,0.0008058017727639033,-0.0008333472224535399,0.9751007252216015,-0.00016116035455278067
91314,23.9045650760846,0.9742143432715552,560,681,1241,0.0,-0.0008333472224535399,0.9749395648670486,-0.00016116035455278067
91315,23.903731728862148,0.9742143432715552,560,681,1241,0.0,-0.0008333472224535399,0.9746978243352193,-0.00024174053182917098
91316,23.902898381639694,0.9742143432715552,560,681,1241,0.0,-0.0008333472224535399,0.9744560838033902,-0.00024174053182917098
91317,23.90206503441724,0.9734085414987913,560,681,1241,-0.0008058017727639033,-0.0008333472224535399,0.974214343271561,-0.00024174053182917098
91318,23.901231687194784,0.9717969379532635,560,681,1241,-0.0016116035455278066,-0.0008333472224570926,0.9738114423851789,-0.00040290088638195165
91319,23.90039833997233,0.9726027397260274,560,681,1241,0.0008058017727639033,-0.0008333472224535399,0.9736502820306262,-0.00016116035455278067
91320,23.899564992749877,0.9734085414987913,560,681,1241,0.0008058017727639033,-0.0008333472224535399,0.9735697018533498,-8.058017727639034e-05
91321,23.898731645527423,0.9734085414987913,560,681,1241,0.0,-0.0008333472224535399,0.9734891216760735,-8.058017727639034e-05
91322,23.89789829830497,0.9734085414987913,560,681,1241,0.0,-0.0008333472224535399,0.9734891216760735,0.0
91323,23.897064951082516,0.9717969379532635,560,681,1241,-0.0016116035455278066,-0.0008333472224535399,0.9732473811442443,-0.00024174053182917098
91324,23.896231603860063,0.9717969379532635,560,681,1241,0.0,-0.0008333472224535399,0.973005640612415,-0.00024174053182917098
91325,23.89539825663761,0.9717969379532635,560,681,1241,0.0,-0.0008333472224535399,0.9727639000805859,-0.00024174053182917098
91326,23.894564909415156,0.9717969379532635,560,681,1241,0.0,-0.0008333472224535399,0.9725221595487566,-0.00024174053182917098
91327,23.893731562192702,0.9726027397260274,560,681,1241,0.0008058017727639033,-0.0008333472224535399,0.9724415793714802,-8.058017727639034e-05
91328,23.89289821497025,0.9726027397260274,560,681,1241,0.0,-0.0008333472224535399,0.9725221595487568,8.058017727639034e-05
91329,23.892064867747795,0.9726027397260274,560,681,1241,0.0,-0.0008333472224535399,0.9725221595487568,0.0
91330,23.89123152052534,0.9726027397260274,560,681,1241,0.0,-0.0008333472224535399,0.9724415793714805,-8.058017727639034e-05
91331,23.890398173302888,0.9717969379532635,560,681,1241,-0.0008058017727639033,-0.0008333472224535399,0.9722804190169276,-0.00016116035455278067
91332,23.889564826080434,0.9701853344077357,560,681,1241,-0.0016116035455278066,-0.0008333472224535399,0.971958098307822,-0.00032232070910556134
91333,23.88873147885798,0.9701853344077357,560,681,1241,0.0,-0.0008333472224535399,0.9717969379532694,-0.00016116035455278067
91334,23.887898131635527,0.9701853344077357,560,681,1241,0.0,-0.0008333472224535399,0.9716357775987167,-0.00016116035455278067
91335,23.887064784413074,0.9693795326349718,560,681,1241,-0.0008058017727639033,-0.0008333472224535399,0.9713940370668877,-0.00024174053182917098
91336,23.88623143719062,0.9693795326349718,560,681,1241,0.0,-0.0008333472224535399,0.9711522965350585,-0.00024174053182917098
91337,23.885398089968167,0.9693795326349718,560,681,1241,0.0,-0.0008333472224535399,0.970829975825953,-0.00032232070910556134
91338,23.884564742745713,0.9693795326349718,560,681,1241,0.0,-0.0008333472224535399,0.9705076551168474,-0.00032232070910556134
91339,23.883731395523256,0.9693795326349718,560,681,1241,0.0,-0.0008333472224570926,0.9701853344077419,-0.00032232070910556134
91340,23.882898048300802,0.9693795326349718,560,681,1241,0.0,-0.0008333472224535399,0.9698630136986364,-0.00032232070910556134
91341,23.88206470107835,0.9693795326349718,560,681,1241,0.0,-0.0008333472224535399,0.9696212731668072,-0.00024174053182917098
91342,23.881231353855895,0.9693795326349718,560,681,1241,0.0,-0.0008333472224535399,0.9695406929895309,-8.058017727639034e-05
91343,23.880398006633442,0.9685737308622079,560,681,1241,-0.0008058017727639033,-0.0008333472224535399,0.9693795326349781,-0.00016116035455278067
91344,23.87956465941099,0.967767929089444,560,681,1241,-0.0008058017727639033,-0.0008333472224535399,0.9691377921031489,-0.00024174053182917098
91345,23.878731312188535,0.967767929089444,560,681,1241,0.0,-0.0008333472224535399,0.9689766317485959,-0.00016116035455278067
91346,23.87789796496608,0.967767929089444,560,681,1241,0.0,-0.0008333472224535399,0.9688154713940431,-0.00016116035455278067
91347,23.877064617743628,0.967767929089444,560,681,1241,0.0,-0.0008333472224535399,0.9686543110394903,-0.00016116035455278067
91348,23.876231270521174,0.967767929089444,560,681,1241,0.0,-0.0008333472224535399,0.9684931506849374,-0.00016116035455278067
91349,23.87539792329872,0.967767929089444,560,681,1241,0.0,-0.0008333472224535399,0.9683319903303845,-0.00016116035455278067
91350,23.874564576076267,0.9685737308622079,560,681,1241,0.0008058017727639033,-0.0008333472224535399,0.968251410153108,-8.058017727639034e-05
91351,23.873731228853813,0.9685737308622079,560,681,1241,0.0,-0.0008333472224535399,0.9681708299758315,-8.058017727639034e-05
91352,23.87289788163136,0.9685737308622079,560,681,1241,0.0,-0.0008333472224535399,0.968090249798555,-8.058017727639034e-05
91353,23.872064534408906,0.9669621273166801,560,681,1241,-0.0016116035455278066,-0.0008333472224535399,0.9679290894440022,-0.00016116035455278067
91354,23.871231187186453,0.9669621273166801,560,681,1241,0.0,-0.0008333472224535399,0.9678485092667259,-8.058017727639034e-05
91355,23.870397839964,0.967767929089444,560,681,1241,0.0008058017727639033,-0.0008333472224535399,0.9678485092667259,0.0
91356,23.869564492741546,0.967767929089444,560,681,1241,0.0,-0.0008333472224535399,0.9678485092667259,0.0
91357,23.868731145519092,0.967767929089444,560,681,1241,0.0,-0.0008333472224535399,0.9678485092667259,0.0
91358,23.86789779829664,0.9685737308622079,560,681,1241,0.0008058017727639033,-0.0008333472224535399,0.9679290894440022,8.058017727639034e-05
91359,23.867064451074185,0.9685737308622079,560,681,1241,0.0,-0.0008333472224535399,0.9680096696212785,8.058017727639034e-05
91360,23.866231103851728,0.9685737308622079,560,681,1241,0.0,-0.0008333472224570926,0.9680096696212785,0.0
91361,23.865397756629275,0.9693795326349718,560,681,1241,0.0008058017727639033,-0.0008333472224535399,0.9680902497985551,8.058017727639034e-05
91362,23.86456440940682,0.9701853344077357,560,681,1241,0.0008058017727639033,-0.0008333472224535399,0.968251410153108,0.00016116035455278067
91363,23.863731062184367,0.9693795326349718,560,681,1241,-0.0008058017727639033,-0.0008333472224535399,0.9684931506849372,0.00024174053182917098
91364,23.862897714961914,0.9685737308622079,560,681,1241,-0.0008058017727639033,-0.0008333472224535399,0.9686543110394898,0.00016116035455278067
91365,23.86206436773946,0.9685737308622079,560,681,1241,0.0,-0.0008333472224535399,0.9687348912167663,8.058017727639034e-05
91366,23.861231020517007,0.9685737308622079,560,681,1241,0.0,-0.0008333472224535399,0.9688154713940426,8.058017727639034e-05
91367,23.860397673294553,0.9685737308622079,560,681,1241,0.0,-0.0008333472224535399,0.968896051571319,8.058017727639034e-05
91368,23.8595643260721,0.9685737308622079,560,681,1241,0.0,-0.0008333472224535399,0.968896051571319,0.0
91369,23.858730978849646,0.967767929089444,560,681,1241,-0.0008058017727639033,-0.0008333472224535399,0.9688154713940426,-8.058017727639034e-05
91370,23.857897631627193,0.967767929089444,560,681,1241,0.0,-0.0008333472224535399,0.9687348912167663,-8.058017727639034e-05
91371,23.85706428440474,0.967767929089444,560,681,1241,0.0,-0.0008333472224535399,0.9685737308622133,-0.00016116035455278067
91372,23.856230937182286,0.967767929089444,560,681,1241,0.0,-0.0008333472224535399,0.9683319903303842,-0.00024174053182917098
91373,23.855397589959832,0.967767929089444,560,681,1241,0.0,-0.0008333472224535399,0.9681708299758313,-0.00016116035455278067
91374,23.85456424273738,0.967767929089444,560,681,1241,0.0,-0.0008333472224535399,0.968090249798555,-8.058017727639034e-05
91375,23.853730895514925,0.967767929089444,560,681,1241,0.0,-0.0008333472224535399,0.9680096696212785,-8.058017727639034e-05
91376,23.85289754829247,0.967767929089444,560,681,1241,0.0,-0.0008333472224535399,0.9679290894440022,-8.058017727639034e-05
91377,23.852064201070018,0.967767929089444,560,681,1241,0.0,-0.0008333472224535399,0.9678485092667259,-8.058017727639034e-05
91378,23.851230853847564,0.9661563255439162,560,681,1241,-0.0016116035455278066,-0.0008333472224535399,0.9676067687348968,-0.00024174053182917098
91379,23.85039750662511,0.9661563255439162,560,681,1241,0.0,-0.0008333472224535399,0.9674456083803442,-0.00016116035455278067
91380,23.849564159402657,0.9661563255439162,560,681,1241,0.0,-0.0008333472224535399,0.9672844480257915,-0.00016116035455278067
91381,23.8487308121802,0.9661563255439162,560,681,1241,0.0,-0.0008333472224570926,0.9671232876712388,-0.00016116035455278067
91382,23.847897464957747,0.9661563255439162,560,681,1241,0.0,-0.0008333472224535399,0.9669621273166861,-0.00016116035455278067
91383,23.847064117735293,0.9661563255439162,560,681,1241,0.0,-0.0008333472224535399,0.9668009669621334,-0.00016116035455278067
91384,23.84623077051284,0.9653505237711523,560,681,1241,-0.0008058017727639033,-0.0008333472224535399,0.9665592264303042,-0.00024174053182917098
91385,23.845397423290386,0.9653505237711523,560,681,1241,0.0,-0.0008333472224535399,0.966317485898475,-0.00024174053182917098
91386,23.844564076067932,0.9653505237711523,560,681,1241,0.0,-0.0008333472224535399,0.9660757453666458,-0.00024174053182917098
91387,23.84373072884548,0.9661563255439162,560,681,1241,0.0008058017727639033,-0.0008333472224535399,0.965914585012093,-0.00016116035455278067
91388,23.842897381623025,0.9661563255439162,560,681,1241,0.0,-0.0008333472224535399,0.965914585012093,0.0
91389,23.842064034400572,0.9645447219983884,560,681,1241,-0.0016116035455278066,-0.0008333472224535399,0.9657534246575402,-0.00016116035455278067
91390,23.84123068717812,0.9637389202256245,560,681,1241,-0.0008058017727639033,-0.0008333472224535399,0.965511684125711,-0.00024174053182917098
91391,23.840397339955665,0.9637389202256245,560,681,1241,0.0,-0.0008333472224535399,0.9652699435938817,-0.00024174053182917098
91392,23.83956399273321,0.9629331184528606,560,681,1241,-0.0008058017727639033,-0.0008333472224535399,0.9649476228847762,-0.00032232070910556134
91393,23.838730645510758,0.9621273166800967,560,681,1241,-0.0008058017727639033,-0.0008333472224535399,0.9645447219983941,-0.00040290088638195165
91394,23.837897298288304,0.9621273166800967,560,681,1241,0.0,-0.0008333472224535399,0.9642224012892886,-0.00032232070910556134
91395,23.83706395106585,0.9605157131345688,560,681,1241,-0.0016116035455278066,-0.0008333472224535399,0.9637389202256303,-0.00048348106365834196
91396,23.836230603843397,0.9621273166800967,560,681,1241,0.0016116035455278066,-0.0008333472224535399,0.9634165995165247,-0.00032232070910556134
91397,23.835397256620944,0.9613215149073328,560,681,1241,-0.0008058017727639033,-0.0008333472224535399,0.9629331184528663,-0.00048348106365834196
91398,23.83456390939849,0.958904109589041,560,681,1241,-0.00241740531829171,-0.0008333472224535399,0.9622078968573786,-0.000725221595487513
91399,23.833730562176036,0.958904109589041,560,681,1241,0.0,-0.0008333472224535399,0.9616438356164438,-0.0005640612409347323
91400,23.832897214953583,0.958904109589041,560,681,1241,0.0,-0.0008333472224535399,0.9611603545527855,-0.00048348106365834196
91401,23.83206386773113,0.958904109589041,560,681,1241,0.0,-0.0008333472224535399,0.960676873489127,-0.00048348106365834196
91402,23.831230520508672,0.958904109589041,560,681,1241,0.0,-0.0008333472224570926,0.9602739726027449,-0.00040290088638195165
91403,23.83039717328622,0.958904109589041,560,681,1241,0.0,-0.0008333472224535399,0.9599516518936394,-0.00032232070910556134
91404,23.829563826063765,0.958904109589041,560,681,1241,0.0,-0.0008333472224535399,0.9596293311845339,-0.00032232070910556134
91405,23.82873047884131,0.9572925060435133,560,681,1241,-0.0016116035455276956,-0.0008333472224535399,0.9593070104754282,-0.00032232070910555023
91406,23.827897131618858,0.9572925060435133,560,681,1241,0.0,-0.0008333472224535399,0.95882352941177,-0.0004834810636583309
91407,23.827063784396405,0.9572925060435133,560,681,1241,0.0,-0.0008333472224535399,0.9584206285253881,-0.00040290088638194054
91408,23.82623043717395,0.9564867042707494,560,681,1241,-0.0008058017727639033,-0.0008333472224535399,0.9581788879935591,-0.0002417405318291599
91409,23.825397089951498,0.9572925060435133,560,681,1241,0.0008058017727639033,-0.0008333472224535399,0.9580177276390064,-0.00016116035455276956
91410,23.824563742729044,0.9572925060435133,560,681,1241,0.0,-0.0008333472224535399,0.9578565672844537,-0.00016116035455276956
91411,23.82373039550659,0.9564867042707494,560,681,1241,-0.0008058017727639033,-0.0008333472224535399,0.9576148267526247,-0.0002417405318291599
91412,23.822897048284137,0.9548751007252216,560,681,1241,-0.0016116035455278066,-0.0008333472224535399,0.9572119258662427,-0.00040290088638194054
91413,23.822063701061683,0.9540692989524577,560,681,1241,-0.0008058017727639033,-0.0008333472224535399,0.9567284448025845,-0.0004834810636583309
91414,23.82123035383923,0.9532634971796938,560,681,1241,-0.0008058017727639033,-0.0008333472224535399,0.9561643835616499,-0.0005640612409347212
91415,23.820397006616776,0.9532634971796938,560,681,1241,0.0,-0.0008333472224535399,0.955761482675268,-0.00040290088638195165
91416,23.819563659394323,0.9532634971796938,560,681,1241,0.0,-0.0008333472224535399,0.9553585817888861,-0.00040290088638195165
91417,23.81873031217187,0.9540692989524577,560,681,1241,0.0008058017727639033,-0.0008333472224535399,0.9550362610797805,-0.00032232070910556134
91418,23.817896964949416,0.9532634971796938,560,681,1241,-0.0008058017727639033,-0.0008333472224535399,0.9547139403706749,-0.00032232070910556134
91419,23.817063617726962,0.9548751007252216,560,681,1241,0.0016116035455278066,-0.0008333472224535399,0.9544721998388457,-0.00024174053182917098
91420,23.81623027050451,0.9556809024979855,560,681,1241,0.0008058017727639033,-0.0008333472224535399,0.9543110394842929,-0.00016116035455278067
91421,23.815396923282055,0.9556809024979855,560,681,1241,0.0,-0.0008333472224535399,0.9542304593070163,-8.058017727639034e-05
91422,23.8145635760596,0.9540692989524577,560,681,1241,-0.0016116035455278066,-0.0008333472224535399,0.95414987912974,-8.058017727639034e-05
91423,23.813730228837144,0.9540692989524577,560,681,1241,0.0,-0.0008333472224570926,0.95414987912974,0.0
91424,23.81289688161469,0.9540692989524577,560,681,1241,0.0,-0.0008333472224535399,0.9542304593070163,8.058017727639034e-05
91425,23.812063534392237,0.9540692989524577,560,681,1241,0.0,-0.0008333472224535399,0.9543110394842926,8.058017727639034e-05
91426,23.811230187169784,0.9540692989524577,560,681,1241,0.0,-0.0008333472224535399,0.954391619661569,8.058017727639034e-05
91427,23.81039683994733,0.9548751007252216,560,681,1241,0.0008058017727639033,-0.0008333472224535399,0.9544721998388453,8.058017727639034e-05
91428,23.809563492724877,0.9548751007252216,560,681,1241,0.0,-0.0008333472224535399,0.9546333601933981,0.00016116035455278067
91429,23.808730145502423,0.9548751007252216,560,681,1241,0.0,-0.0008333472224535399,0.9546333601933981,0.0
91430,23.80789679827997,0.9548751007252216,560,681,1241,0.0,-0.0008333472224535399,0.9545527800161218,-8.058017727639034e-05
91431,23.807063451057516,0.9548751007252216,560,681,1241,0.0,-0.0008333472224535399,0.9544721998388453,-8.058017727639034e-05
91432,23.806230103835063,0.9548751007252216,560,681,1241,0.0,-0.0008333472224535399,0.9545527800161218,8.058017727639034e-05
91433,23.80539675661261,0.9540692989524577,560,681,1241,-0.0008058017727639033,-0.0008333472224535399,0.9545527800161218,0.0
91434,23.804563409390155,0.9540692989524577,560,681,1241,0.0,-0.0008333472224535399,0.9545527800161218,0.0
91435,23.803730062167702,0.9540692989524577,560,681,1241,0.0,-0.0008333472224535399,0.9545527800161218,0.0
91436,23.80289671494525,0.9540692989524577,560,681,1241,0.0,-0.0008333472224535399,0.9545527800161218,0.0
91437,23.802063367722795,0.9524576954069299,560,681,1241,-0.0016116035455278066,-0.0008333472224535399,0.9543110394842925,-0.00024174053182917098
91438,23.80123002050034,0.951651893634166,560,681,1241,-0.0008058017727639033,-0.0008333472224535399,0.953988718775187,-0.00032232070910556134
91439,23.800396673277888,0.951651893634166,560,681,1241,0.0,-0.0008333472224535399,0.9536663980660813,-0.00032232070910556134
91440,23.799563326055434,0.951651893634166,560,681,1241,0.0,-0.0008333472224535399,0.9533440773569758,-0.00032232070910556134
91441,23.79872997883298,0.9524576954069299,560,681,1241,0.0008058017727639033,-0.0008333472224535399,0.9531023368251466,-0.00024174053182917098
91442,23.797896631610527,0.9524576954069299,560,681,1241,0.0,-0.0008333472224535399,0.9528605962933174,-0.00024174053182917098
91443,23.797063284388074,0.951651893634166,560,681,1241,-0.0008058017727639033,-0.0008333472224535399,0.9526188557614882,-0.00024174053182917098
91444,23.79622993716562,0.9524576954069299,560,681,1241,0.0008058017727639033,-0.0008333472224535399,0.9524576954069353,-0.00016116035455278067
91445,23.795396589943163,0.9524576954069299,560,681,1241,0.0,-0.0008333472224570926,0.9522965350523824,-0.00016116035455278067
91446,23.79456324272071,0.9524576954069299,560,681,1241,0.0,-0.0008333472224535399,0.9521353746978296,-0.00016116035455278067
91447,23.793729895498256,0.951651893634166,560,681,1241,-0.0008058017727639033,-0.0008333472224535399,0.9520547945205532,-8.058017727639034e-05
91448,23.792896548275802,0.951651893634166,560,681,1241,0.0,-0.0008333472224535399,0.9520547945205532,0.0
91449,23.79206320105335,0.951651893634166,560,681,1241,0.0,-0.0008333472224535399,0.9520547945205532,0.0
91450,23.791229853830895,0.951651893634166,560,681,1241,0.0,-0.0008333472224535399,0.9520547945205532,0.0
91451,23.79039650660844,0.9508460918614021,560,681,1241,-0.0008058017727639033,-0.0008333472224535399,0.9518936341660005,-0.00016116035455278067
91452,23.789563159385988,0.9500402900886382,560,681,1241,-0.0008058017727639033,-0.0008333472224535399,0.9516518936341715,-0.00024174053182917098
91453,23.788729812163535,0.9500402900886382,560,681,1241,0.0,-0.0008333472224535399,0.9514907332796188,-0.00016116035455278067
91454,23.78789646494108,0.9500402900886382,560,681,1241,0.0,-0.0008333472224535399,0.9512489927477897,-0.00024174053182917098
91455,23.787063117718628,0.9476228847703465,560,681,1241,-0.00241740531829171,-0.0008333472224535399,0.9507655116841315,-0.00048348106365834196
91456,23.786229770496174,0.9476228847703465,560,681,1241,0.0,-0.0008333472224535399,0.9502820306204732,-0.00048348106365834196
91457,23.78539642327372,0.9468170829975826,560,681,1241,-0.0008058017727639033,-0.0008333472224535399,0.949798549556815,-0.00048348106365834196
91458,23.784563076051267,0.9460112812248187,560,681,1241,-0.0008058017727639033,-0.0008333472224535399,0.9492344883158802,-0.0005640612409347323
91459,23.783729728828813,0.9460112812248187,560,681,1241,0.0,-0.0008333472224535399,0.9486704270749454,-0.0005640612409347323
91460,23.78289638160636,0.9460112812248187,560,681,1241,0.0,-0.0008333472224535399,0.9481063658340106,-0.0005640612409347323
91461,23.782063034383906,0.9452054794520548,560,681,1241,-0.0008058017727639033,-0.0008333472224535399,0.9475423045930759,-0.0005640612409347323
91462,23.781229687161453,0.9443996776792909,560,681,1241,-0.0008058017727639033,-0.0008333472224535399,0.9469782433521411,-0.0005640612409347323
91463,23.780396339939,0.9443996776792909,560,681,1241,0.0,-0.0008333472224535399,0.9464141821112063,-0.0005640612409347323
91464,23.779562992716546,0.9443996776792909,560,681,1241,0.0,-0.0008333472224535399,0.9458501208702715,-0.0005640612409347323
91465,23.778729645494092,0.9452054794520548,560,681,1241,0.0008058017727639033,-0.0008333472224535399,0.9456083803384423,-0.00024174053182917098
91466,23.777896298271635,0.9443996776792909,560,681,1241,-0.0008058017727639033,-0.0008333472224570926,0.9452860596293368,-0.00032232070910556134
91467,23.77706295104918,0.9443996776792909,560,681,1241,0.0,-0.0008333472224535399,0.9450443190975075,-0.00024174053182917098
91468,23.776229603826728,0.9443996776792909,560,681,1241,0.0,-0.0008333472224535399,0.9448831587429549,-0.00016116035455278067
91469,23.775396256604274,0.9427880741337631,560,681,1241,-0.0016116035455278066,-0.0008333472224535399,0.9445608380338493,-0.00032232070910556134
91470,23.77456290938182,0.9419822723609992,560,681,1241,-0.0008058017727639033,-0.0008333472224535399,0.9441579371474674,-0.00040290088638195165
91471,23.773729562159367,0.9403706688154714,560,681,1241,-0.0016116035455278066,-0.0008333472224535399,0.9436744560838092,-0.00048348106365834196
91472,23.772896214936914,0.9403706688154714,560,681,1241,0.0,-0.0008333472224535399,0.9432715551974272,-0.00040290088638195165
91473,23.77206286771446,0.9403706688154714,560,681,1241,0.0,-0.0008333472224535399,0.9428686543110454,-0.00040290088638195165
91474,23.771229520492007,0.9371474617244158,560,681,1241,-0.003223207091055613,-0.0008333472224535399,0.9421434327155579,-0.000725221595487513
91475,23.770396173269553,0.9371474617244158,560,681,1241,0.0,-0.0008333472224535399,0.9413376309427941,-0.0008058017727639033
91476,23.7695628260471,0.9379532634971797,560,681,1241,0.0008058017727639033,-0.0008333472224535399,0.9406929895245829,-0.0006446414182111227
91477,23.768729478824646,0.9387590652699436,560,681,1241,0.0008058017727639033,-0.0008333472224535399,0.9401289282836481,-0.0005640612409347323
91478,23.767896131602193,0.9387590652699436,560,681,1241,0.0,-0.0008333472224535399,0.9395648670427134,-0.0005640612409347323
91479,23.76706278437974,0.9395648670427075,560,681,1241,0.0008058017727639033,-0.0008333472224535399,0.9392425463336078,-0.00032232070910556134
91480,23.766229437157286,0.9395648670427075,560,681,1241,0.0,-0.0008333472224535399,0.9390008058017786,-0.00024174053182917098
91481,23.765396089934832,0.9395648670427075,560,681,1241,0.0,-0.0008333472224535399,0.9389202256245021,-8.058017727639034e-05
91482,23.76456274271238,0.9395648670427075,560,681,1241,0.0,-0.0008333472224535399,0.9388396454472255,-8.058017727639034e-05
91483,23.763729395489925,0.9395648670427075,560,681,1241,0.0,-0.0008333472224535399,0.938759065269949,-8.058017727639034e-05
91484,23.76289604826747,0.9395648670427075,560,681,1241,0.0,-0.0008333472224535399,0.939000805801778,0.00024174053182917098
91485,23.762062701045018,0.9403706688154714,560,681,1241,0.0008058017727639033,-0.0008333472224535399,0.9393231265108837,0.00032232070910556134
91486,23.761229353822564,0.9387590652699436,560,681,1241,-0.0016116035455278066,-0.0008333472224535399,0.93940370668816,8.058017727639034e-05
91487,23.760396006600107,0.9379532634971797,560,681,1241,-0.0008058017727639033,-0.0008333472224570926,0.9393231265108837,-8.058017727639034e-05
91488,23.759562659377654,0.9379532634971797,560,681,1241,0.0,-0.0008333472224535399,0.9392425463336073,-8.058017727639034e-05
91489,23.7587293121552,0.9371474617244158,560,681,1241,-0.0008058017727639033,-0.0008333472224535399,0.9390008058017782,-0.00024174053182917098
91490,23.757895964932747,0.9379532634971797,560,681,1241,0.0008058017727639033,-0.0008333472224535399,0.9388396454472255,-0.00016116035455278067
91491,23.757062617710293,0.9379532634971797,560,681,1241,0.0,-0.0008333472224535399,0.9386784850926728,-0.00016116035455278067
91492,23.75622927048784,0.9395648670427075,560,681,1241,0.0016116035455278066,-0.0008333472224535399,0.9386784850926728,0.0
91493,23.755395923265386,0.9395648670427075,560,681,1241,0.0,-0.0008333472224535399,0.9386784850926728,0.0
91494,23.754562576042932,0.9403706688154714,560,681,1241,0.0008058017727639033,-0.0008333472224535399,0.9387590652699493,8.058017727639034e-05
91495,23.75372922882048,0.9403706688154714,560,681,1241,0.0,-0.0008333472224535399,0.9387590652699493,0.0
91496,23.752895881598025,0.9395648670427075,560,681,1241,-0.0008058017727639033,-0.0008333472224535399,0.9388396454472258,8.058017727639034e-05
91497,23.752062534375572,0.9387590652699436,560,681,1241,-0.0008058017727639033,-0.0008333472224535399,0.9389202256245021,8.058017727639034e-05
91498,23.75122918715312,0.9379532634971797,560,681,1241,-0.0008058017727639033,-0.0008333472224535399,0.9389202256245021,0.0
91499,23.750395839930665,0.935535858178888,560,681,1241,-0.00241740531829171,-0.0008333472224535399,0.9387590652699492,-0.00016116035455278067
91500,23.74956249270821,0.935535858178888,560,681,1241,0.0,-0.0008333472224535399,0.93851732473812,-0.00024174053182917098
91501,23.748729145485758,0.9371474617244158,560,681,1241,0.0016116035455278066,-0.0008333472224535399,0.9384367445608437,-8.058017727639034e-05
91502,23.747895798263304,0.9363416599516519,560,681,1241,-0.0008058017727639033,-0.0008333472224535399,0.938114423851738,-0.00032232070910556134
91503,23.74706245104085,0.935535858178888,560,681,1241,-0.0008058017727639033,-0.0008333472224535399,0.9377115229653562,-0.00040290088638195165
91504,23.746229103818397,0.935535858178888,560,681,1241,0.0,-0.0008333472224535399,0.9372280419016977,-0.00048348106365834196
91505,23.745395756595943,0.935535858178888,560,681,1241,0.0,-0.0008333472224535399,0.9367445608380394,-0.00048348106365834196
91506,23.74456240937349,0.935535858178888,560,681,1241,0.0,-0.0008333472224535399,0.9363416599516574,-0.00040290088638195165
91507,23.743729062151036,0.935535858178888,560,681,1241,0.0,-0.0008333472224535399,0.9360193392425519,-0.00032232070910556134
91508,23.74289571492858,0.935535858178888,560,681,1241,0.0,-0.0008333472224570926,0.9357775987107226,-0.00024174053182917098
91509,23.742062367706126,0.9331184528605962,560,681,1241,-0.00241740531829171,-0.0008333472224535399,0.9355358581788934,-0.00024174053182917098
91510,23.741229020483672,0.9331184528605962,560,681,1241,0.0,-0.0008333472224535399,0.9352941176470642,-0.00024174053182917098
91511,23.74039567326122,0.9331184528605962,560,681,1241,0.0,-0.0008333472224535399,0.9348912167606821,-0.00040290088638195165
91512,23.739562326038765,0.9315068493150684,560,681,1241,-0.0016116035455278066,-0.0008333472224535399,0.9344077356970238,-0.00048348106365834196
91513,23.73872897881631,0.9315068493150684,560,681,1241,0.0,-0.0008333472224535399,0.934004834810642,-0.00040290088638195165
91514,23.737895631593858,0.9323126510878323,560,681,1241,0.0008058017727639033,-0.0008333472224535399,0.9336825141015364,-0.00032232070910556134
91515,23.737062284371405,0.9323126510878323,560,681,1241,0.0,-0.0008333472224535399,0.9333601933924308,-0.00032232070910556134
91516,23.73622893714895,0.9323126510878323,560,681,1241,0.0,-0.0008333472224535399,0.9330378726833253,-0.00032232070910556134
91517,23.735395589926497,0.9323126510878323,560,681,1241,0.0,-0.0008333472224535399,0.9327155519742197,-0.00032232070910556134
91518,23.734562242704044,0.9323126510878323,560,681,1241,0.0,-0.0008333472224535399,0.9323932312651142,-0.00032232070910556134
91519,23.73372889548159,0.9307010475423045,560,681,1241,-0.0016116035455278066,-0.0008333472224535399,0.9321514907332851,-0.00024174053182917098
91520,23.732895548259137,0.9307010475423045,560,681,1241,0.0,-0.0008333472224535399,0.931909750201456,-0.00024174053182917098
91521,23.732062201036683,0.9298952457695407,560,681,1241,-0.0008058017727637923,-0.0008333472224535399,0.9315874294923505,-0.00032232070910555023
91522,23.73122885381423,0.9290894439967768,560,681,1241,-0.0008058017727639033,-0.0008333472224535399,0.9313456889605213,-0.0002417405318291599
91523,23.730395506591776,0.9290894439967768,560,681,1241,0.0,-0.0008333472224535399,0.931103948428692,-0.0002417405318291599
91524,23.729562159369323,0.9298952457695407,560,681,1241,0.0008058017727639033,-0.0008333472224535399,0.9308622078968629,-0.0002417405318291599
91525,23.72872881214687,0.9290894439967768,560,681,1241,-0.0008058017727639033,-0.0008333472224535399,0.9305398871877573,-0.00032232070910555023
91526,23.727895464924416,0.927477840451249,560,681,1241,-0.0016116035455278066,-0.0008333472224535399,0.930056406124099,-0.0004834810636583309
91527,23.727062117701962,0.927477840451249,560,681,1241,0.0,-0.0008333472224535399,0.9295729250604408,-0.0004834810636583309
91528,23.72622877047951,0.9266720386784851,560,681,1241,-0.0008058017727639033,-0.0008333472224535399,0.929008863819506,-0.0005640612409347212
91529,23.72539542325705,0.927477840451249,560,681,1241,0.0008058017727639033,-0.0008333472224570926,0.9286865431104004,-0.00032232070910555023
91530,23.724562076034598,0.9266720386784851,560,681,1241,-0.0008058017727639033,-0.0008333472224535399,0.9282836422240184,-0.00040290088638194054
91531,23.723728728812144,0.9266720386784851,560,681,1241,0.0,-0.0008333472224535399,0.9279613215149128,-0.00032232070910556134
91532,23.72289538158969,0.9266720386784851,560,681,1241,0.0,-0.0008333472224535399,0.9277195809830836,-0.00024174053182917098
91533,23.722062034367237,0.9258662369057212,560,681,1241,-0.0008058017727639033,-0.0008333472224535399,0.9273972602739781,-0.00032232070910556134
91534,23.721228687144784,0.9266720386784851,560,681,1241,0.0008058017727639033,-0.0008333472224535399,0.9270749395648725,-0.00032232070910556134
91535,23.72039533992233,0.927477840451249,560,681,1241,0.0008058017727639033,-0.0008333472224535399,0.9269137792103198,-0.00016116035455278067
91536,23.719561992699877,0.9266720386784851,560,681,1241,-0.0008058017727639033,-0.0008333472224535399,0.9268331990330433,-8.058017727639034e-05
91537,23.718728645477423,0.9266720386784851,560,681,1241,0.0,-0.0008333472224535399,0.9267526188557668,-8.058017727639034e-05
91538,23.71789529825497,0.927477840451249,560,681,1241,0.0008058017727639033,-0.0008333472224535399,0.9268331990330433,8.058017727639034e-05
91539,23.717061951032516,0.9266720386784851,560,681,1241,-0.0008058017727639033,-0.0008333472224535399,0.9267526188557668,-8.058017727639034e-05
91540,23.716228603810062,0.9258662369057212,560,681,1241,-0.0008058017727639033,-0.0008333472224535399,0.9266720386784904,-8.058017727639034e-05
91541,23.71539525658761,0.9266720386784851,560,681,1241,0.0008058017727639033,-0.0008333472224535399,0.9266720386784904,0.0
91542,23.714561909365155,0.927477840451249,560,681,1241,0.0008058017727639033,-0.0008333472224535399,0.9267526188557669,8.058017727639034e-05
91543,23.713728562142702,0.927477840451249,560,681,1241,0.0,-0.0008333472224535399,0.9269137792103198,0.00016116035455278067
91544,23.71289521492025,0.927477840451249,560,681,1241,0.0,-0.0008333472224535399,0.9269943593875963,8.058017727639034e-05
91545,23.712061867697795,0.927477840451249,560,681,1241,0.0,-0.0008333472224535399,0.9269943593875963,0.0
91546,23.71122852047534,0.927477840451249,560,681,1241,0.0,-0.0008333472224535399,0.9270749395648729,8.058017727639034e-05
91547,23.710395173252888,0.9282836422240129,560,681,1241,0.0008058017727639033,-0.0008333472224535399,0.9272360999194257,0.00016116035455278067
91548,23.709561826030434,0.9282836422240129,560,681,1241,0.0,-0.0008333472224535399,0.9273166800967021,8.058017727639034e-05
91549,23.70872847880798,0.9282836422240129,560,681,1241,0.0,-0.0008333472224535399,0.9274778404512549,0.00016116035455278067
91550,23.707895131585527,0.927477840451249,560,681,1241,-0.0008058017727639033,-0.0008333472224535399,0.9276390008058077,0.00016116035455278067
91551,23.70706178436307,0.9266720386784851,560,681,1241,-0.0008058017727639033,-0.0008333472224570926,0.9276390008058077,0.0
91552,23.706228437140616,0.9266720386784851,560,681,1241,0.0,-0.0008333472224535399,0.9275584206285312,-8.058017727639034e-05
91553,23.705395089918163,0.9258662369057212,560,681,1241,-0.0008058017727639033,-0.0008333472224535399,0.9273972602739784,-0.00016116035455278067
91554,23.70456174269571,0.9266720386784851,560,681,1241,0.0008058017727639033,-0.0008333472224535399,0.9273166800967019,-8.058017727639034e-05
91555,23.703728395473256,0.9266720386784851,560,681,1241,0.0,-0.0008333472224535399,0.9272360999194253,-8.058017727639034e-05
91556,23.702895048250802,0.9266720386784851,560,681,1241,0.0,-0.0008333472224535399,0.9271555197421488,-8.058017727639034e-05
91557,23.70206170102835,0.9258662369057212,560,681,1241,-0.0008058017727639033,-0.0008333472224535399,0.9269137792103196,-0.00024174053182917098
91558,23.701228353805895,0.9266720386784851,560,681,1241,0.0008058017727639033,-0.0008333472224535399,0.9267526188557668,-0.00016116035455278067
91559,23.70039500658344,0.9266720386784851,560,681,1241,0.0,-0.0008333472224535399,0.9265914585012138,-0.00016116035455278067
91560,23.699561659360988,0.9258662369057212,560,681,1241,-0.0008058017727639033,-0.0008333472224535399,0.926430298146661,-0.00016116035455278067
91561,23.698728312138535,0.9258662369057212,560,681,1241,0.0,-0.0008333472224535399,0.9263497179693847,-8.058017727639034e-05
91562,23.69789496491608,0.9258662369057212,560,681,1241,0.0,-0.0008333472224535399,0.9262691377921083,-8.058017727639034e-05
91563,23.697061617693628,0.9258662369057212,560,681,1241,0.0,-0.0008333472224535399,0.9262691377921083,0.0
91564,23.696228270471174,0.9258662369057212,560,681,1241,0.0,-0.0008333472224535399,0.926188557614832,-8.058017727639034e-05
91565,23.69539492324872,0.9258662369057212,560,681,1241,0.0,-0.0008333472224535399,0.9261079774375556,-8.058017727639034e-05
91566,23.694561576026267,0.9242546333601934,560,681,1241,-0.0016116035455278066,-0.0008333472224535399,0.9258662369057266,-0.00024174053182917098
91567,23.693728228803813,0.9266720386784851,560,681,1241,0.00241740531829171,-0.0008333472224535399,0.925946817083003,8.058017727639034e-05
91568,23.69289488158136,0.9282836422240129,560,681,1241,0.0016116035455278066,-0.0008333472224535399,0.9261079774375558,0.00016116035455278067
91569,23.692061534358906,0.9290894439967768,560,681,1241,0.0008058017727639033,-0.0008333472224535399,0.926349717969385,0.00024174053182917098
91570,23.691228187136453,0.9290894439967768,560,681,1241,0.0,-0.0008333472224535399,0.9266720386784906,0.00032232070910556134
91571,23.690394839914,0.927477840451249,560,681,1241,-0.0016116035455278066,-0.0008333472224535399,0.9268331990330434,0.00016116035455278067
91572,23.689561492691542,0.927477840451249,560,681,1241,0.0,-0.0008333472224570926,0.9269943593875963,0.00016116035455278067
91573,23.68872814546909,0.9258662369057212,560,681,1241,-0.0016116035455278066,-0.0008333472224535399,0.9269943593875963,0.0
91574,23.687894798246635,0.9258662369057212,560,681,1241,0.0,-0.0008333472224535399,0.9269943593875963,0.0
91575,23.68706145102418,0.9250604351329573,560,681,1241,-0.0008058017727639033,-0.0008333472224535399,0.9269137792103199,-8.058017727639034e-05
91576,23.686228103801728,0.9266720386784851,560,681,1241,0.0016116035455278066,-0.0008333472224535399,0.927155519742149,0.00024174053182917098
91577,23.685394756579274,0.9266720386784851,560,681,1241,0.0,-0.0008333472224535399,0.927155519742149,0.0
91578,23.68456140935682,0.927477840451249,560,681,1241,0.0008058017727639033,-0.0008333472224535399,0.9270749395648726,-8.058017727639034e-05
91579,23.683728062134367,0.9266720386784851,560,681,1241,-0.0008058017727639033,-0.0008333472224535399,0.9268331990330434,-0.00024174053182917098
91580,23.682894714911914,0.9266720386784851,560,681,1241,0.0,-0.0008333472224535399,0.9265914585012143,-0.00024174053182917098
91581,23.68206136768946,0.9258662369057212,560,681,1241,-0.0008058017727639033,-0.0008333472224535399,0.9264302981466613,-0.00016116035455278067
91582,23.681228020467007,0.9250604351329573,560,681,1241,-0.0008058017727639033,-0.0008333472224535399,0.9261885576148321,-0.00024174053182917098
91583,23.680394673244553,0.9234488315874295,560,681,1241,-0.0016116035455278066,-0.0008333472224535399,0.925946817083003,-0.00024174053182917098
91584,23.6795613260221,0.9226430298146656,560,681,1241,-0.0008058017727639033,-0.0008333472224535399,0.9256244963738973,-0.00032232070910556134
91585,23.678727978799646,0.9242546333601934,560,681,1241,0.0016116035455278066,-0.0008333472224535399,0.925543916196621,-8.058017727639034e-05
91586,23.677894631577193,0.9234488315874295,560,681,1241,-0.0008058017727639033,-0.0008333472224535399,0.9252215954875155,-0.00032232070910556134
91587,23.67706128435474,0.9234488315874295,560,681,1241,0.0,-0.0008333472224535399,0.9248992747784099,-0.00032232070910556134
91588,23.676227937132285,0.9226430298146656,560,681,1241,-0.0008058017727639033,-0.0008333472224535399,0.9244157937147515,-0.00048348106365834196
91589,23.675394589909832,0.9218372280419017,560,681,1241,-0.0008058017727639033,-0.0008333472224535399,0.9239323126510932,-0.00048348106365834196
91590,23.67456124268738,0.9218372280419017,560,681,1241,0.0,-0.0008333472224535399,0.923448831587435,-0.00048348106365834196
91591,23.673727895464925,0.9210314262691378,560,681,1241,-0.0008058017727639033,-0.0008333472224535399,0.9229653505237767,-0.00048348106365834196
91592,23.67289454824247,0.9210314262691378,560,681,1241,0.0,-0.0008333472224535399,0.9225624496373948,-0.00040290088638195165
91593,23.672061201020014,0.9210314262691378,560,681,1241,0.0,-0.0008333472224570926,0.9223207091055657,-0.00024174053182917098
91594,23.67122785379756,0.9202256244963739,560,681,1241,-0.0008058017727639033,-0.0008333472224535399,0.9220789685737365,-0.00024174053182917098
91595,23.670394506575107,0.91941982272361,560,681,1241,-0.0008058017727639033,-0.0008333472224535399,0.9215954875100781,-0.00048348106365834196
91596,23.669561159352654,0.9186140209508461,560,681,1241,-0.0008058017727639033,-0.0008333472224535399,0.9211120064464199,-0.00048348106365834196
91597,23.6687278121302,0.9186140209508461,560,681,1241,0.0,-0.0008333472224535399,0.9206285253827616,-0.00048348106365834196
91598,23.667894464907747,0.9186140209508461,560,681,1241,0.0,-0.0008333472224535399,0.9202256244963797,-0.00040290088638195165
91599,23.667061117685293,0.91941982272361,560,681,1241,0.0008058017727639033,-0.0008333472224535399,0.9199838839645504,-0.00024174053182917098
91600,23.66622777046284,0.9178082191780822,560,681,1241,-0.0016116035455278066,-0.0008333472224535399,0.9195809830781686,-0.00040290088638195165
91601,23.665394423240386,0.9170024174053183,560,681,1241,-0.0008058017727639033,-0.0008333472224535399,0.9191780821917865,-0.00040290088638195165
91602,23.664561076017932,0.9161966156325544,560,681,1241,-0.0008058017727639033,-0.0008333472224535399,0.9186946011281281,-0.00048348106365834196
91603,23.66372772879548,0.9170024174053183,560,681,1241,0.0008058017727639033,-0.0008333472224535399,0.918291700241746,-0.00040290088638195165
91604,23.662894381573025,0.9161966156325544,560,681,1241,-0.0008058017727639033,-0.0008333472224535399,0.917888799355364,-0.00040290088638195165
91605,23.66206103435057,0.9153908138597905,560,681,1241,-0.0008058017727639033,-0.0008333472224535399,0.9174858984689822,-0.00040290088638195165
91606,23.661227687128118,0.9153908138597905,560,681,1241,0.0,-0.0008333472224535399,0.9171635777598766,-0.00032232070910556134
91607,23.660394339905665,0.9161966156325544,560,681,1241,0.0008058017727639033,-0.0008333472224535399,0.9169218372280474,-0.00024174053182917098
91608,23.65956099268321,0.9153908138597905,560,681,1241,-0.0008058017727639033,-0.0008333472224535399,0.9165995165189418,-0.00032232070910556134
91609,23.658727645460758,0.9137792103142627,560,681,1241,-0.0016116035455278066,-0.0008333472224535399,0.916035455278007,-0.0005640612409347323
91610,23.657894298238304,0.9121676067687349,560,681,1241,-0.0016116035455278066,-0.0008333472224535399,0.9154713940370722,-0.0005640612409347323
91611,23.65706095101585,0.9121676067687349,560,681,1241,0.0,-0.0008333472224535399,0.914987912973414,-0.00048348106365834196
91612,23.656227603793397,0.9121676067687349,560,681,1241,0.0,-0.0008333472224535399,0.9145850120870321,-0.00040290088638195165
91613,23.655394256570943,0.911361804995971,560,681,1241,-0.0008058017727639033,-0.0008333472224535399,0.9140209508460975,-0.0005640612409347323
91614,23.654560909348486,0.9097502014504432,560,681,1241,-0.0016116035455278066,-0.0008333472224570926,0.9133763094278864,-0.0006446414182111227
91615,23.653727562126033,0.9097502014504432,560,681,1241,0.0,-0.0008333472224535399,0.9128122481869516,-0.0005640612409347323
91616,23.65289421490358,0.9097502014504432,560,681,1241,0.0,-0.0008333472224535399,0.9122481869460168,-0.0005640612409347323
91617,23.652060867681126,0.9105560032232071,560,681,1241,0.0008058017727639033,-0.0008333472224535399,0.9116841257050821,-0.0005640612409347323
91618,23.651227520458672,0.9097502014504432,560,681,1241,-0.0008058017727639033,-0.0008333472224535399,0.9111200644641473,-0.0005640612409347323
91619,23.65039417323622,0.9097502014504432,560,681,1241,0.0,-0.0008333472224535399,0.9107171635777653,-0.00040290088638195165
91620,23.649560826013765,0.9105560032232071,560,681,1241,0.0008058017727639033,-0.0008333472224535399,0.9105560032232125,-0.00016116035455278067
91621,23.64872747879131,0.9105560032232071,560,681,1241,0.0,-0.0008333472224535399,0.9103948428686597,-0.00016116035455278067
91622,23.647894131568858,0.9105560032232071,560,681,1241,0.0,-0.0008333472224535399,0.9102336825141067,-0.00016116035455278067
91623,23.647060784346404,0.9089443996776793,560,681,1241,-0.0016116035455278066,-0.0008333472224535399,0.9099919419822775,-0.00024174053182917098
91624,23.64622743712395,0.9097502014504432,560,681,1241,0.0008058017727639033,-0.0008333472224535399,0.9099919419822775,0.0
91625,23.645394089901497,0.9097502014504432,560,681,1241,0.0,-0.0008333472224535399,0.9099919419822775,0.0
91626,23.644560742679044,0.9097502014504432,560,681,1241,0.0,-0.0008333472224535399,0.9099919419822775,0.0
91627,23.64372739545659,0.9097502014504432,560,681,1241,0.0,-0.0008333472224535399,0.9099113618050012,-8.058017727639034e-05
91628,23.642894048234137,0.9097502014504432,560,681,1241,0.0,-0.0008333472224535399,0.9099113618050012,0.0
91629,23.642060701011683,0.9073327961321515,560,681,1241,-0.00241740531829171,-0.0008333472224535399,0.909669621273172,-0.00024174053182917098
91630,23.64122735378923,0.9065269943593876,560,681,1241,-0.0008058017727639033,-0.0008333472224535399,0.9092667203867901,-0.00040290088638195165
91631,23.640394006566776,0.9057211925866236,560,681,1241,-0.0008058017727639033,-0.0008333472224535399,0.9087832393231319,-0.00048348106365834196
91632,23.639560659344323,0.9057211925866236,560,681,1241,0.0,-0.0008333472224535399,0.9082997582594736,-0.00048348106365834196
91633,23.63872731212187,0.9049153908138597,560,681,1241,-0.0008058017727639033,-0.0008333472224535399,0.9078968573730917,-0.00040290088638195165
91634,23.637893964899416,0.9057211925866236,560,681,1241,0.0008058017727639033,-0.0008333472224535399,0.9074939564867097,-0.00040290088638195165
91635,23.63706061767696,0.9057211925866236,560,681,1241,0.0,-0.0008333472224570926,0.9070910556003279,-0.00040290088638195165
91636,23.636227270454505,0.9033037872683319,560,681,1241,-0.00241740531829171,-0.0008333472224535399,0.9064464141821167,-0.0006446414182111227
91637,23.63539392323205,0.9033037872683319,560,681,1241,0.0,-0.0008333472224535399,0.9058017727639056,-0.0006446414182111227
91638,23.634560576009598,0.9024979854955681,560,681,1241,-0.0008058017727637923,-0.0008333472224535399,0.9050765511684181,-0.0007252215954875018
91639,23.633727228787144,0.9033037872683319,560,681,1241,0.0008058017727637923,-0.0008333472224535399,0.9046736502820363,-0.00040290088638195165
91640,23.63289388156469,0.9049153908138597,560,681,1241,0.0016116035455278066,-0.0008333472224535399,0.9045124899274836,-0.00016116035455278067
91641,23.632060534342237,0.9049153908138597,560,681,1241,0.0,-0.0008333472224535399,0.9044319097502072,-8.058017727639034e-05
91642,23.631227187119784,0.9041095890410958,560,681,1241,-0.0008058017727639033,-0.0008333472224535399,0.9042707493956543,-0.00016116035455278067
91643,23.63039383989733,0.9041095890410958,560,681,1241,0.0,-0.0008333472224535399,0.9041901692183778,-8.058017727639034e-05
91644,23.629560492674877,0.9041095890410958,560,681,1241,0.0,-0.0008333472224535399,0.904029008863825,-0.00016116035455278067
91645,23.628727145452423,0.9041095890410958,560,681,1241,0.0,-0.0008333472224535399,0.903867848509272,-0.00016116035455278067
91646,23.62789379822997,0.9033037872683319,560,681,1241,-0.0008058017727639033,-0.0008333472224535399,0.903867848509272,0.0
91647,23.627060451007516,0.9041095890410958,560,681,1241,0.0008058017727639033,-0.0008333472224535399,0.9039484286865485,8.058017727639034e-05
91648,23.626227103785062,0.9041095890410958,560,681,1241,0.0,-0.0008333472224535399,0.9041095890411011,0.00016116035455276956
91649,23.62539375656261,0.9041095890410958,560,681,1241,0.0,-0.0008333472224535399,0.9041901692183775,8.058017727639034e-05
91650,23.624560409340155,0.9041095890410958,560,681,1241,0.0,-0.0008333472224535399,0.904109589041101,-8.058017727639034e-05
91651,23.623727062117702,0.9033037872683319,560,681,1241,-0.0008058017727639033,-0.0008333472224535399,0.903948428686548,-0.00016116035455278067
91652,23.62289371489525,0.9024979854955681,560,681,1241,-0.0008058017727637923,-0.0008333472224535399,0.9037872683319954,-0.00016116035455276956
91653,23.622060367672795,0.9016921837228042,560,681,1241,-0.0008058017727639033,-0.0008333472224535399,0.9035455278001663,-0.0002417405318291599
91654,23.62122702045034,0.9008863819500403,560,681,1241,-0.0008058017727639033,-0.0008333472224535399,0.903223207091061,-0.00032232070910555023
91655,23.620393673227888,0.9008863819500403,560,681,1241,0.0,-0.0008333472224535399,0.9029008863819555,-0.00032232070910555023
91656,23.61956032600543,0.9000805801772764,560,681,1241,-0.0008058017727639033,-0.0008333472224570926,0.90257856567285,-0.00032232070910555023
91657,23.618726978782977,0.9000805801772764,560,681,1241,0.0,-0.0008333472224535399,0.902175664786468,-0.00040290088638194054
91658,23.617893631560523,0.8992747784045125,560,681,1241,-0.0008058017727639033,-0.0008333472224535399,0.9016921837228098,-0.0004834810636583309
91659,23.61706028433807,0.8960515713134569,560,681,1241,-0.003223207091055613,-0.0008333472224535399,0.900886381950046,-0.0008058017727638922
91660,23.616226937115616,0.8968573730862208,560,681,1241,0.0008058017727639033,-0.0008333472224535399,0.9001611603545585,-0.0007252215954875018
91661,23.615393589893163,0.8976631748589847,560,681,1241,0.0008058017727639033,-0.0008333472224535399,0.899597099113624,-0.0005640612409347212
91662,23.61456024267071,0.8960515713134569,560,681,1241,-0.0016116035455278066,-0.0008333472224535399,0.8989524576954129,-0.0006446414182111227
91663,23.613726895448256,0.8960515713134569,560,681,1241,0.0,-0.0008333472224535399,0.8983883964544781,-0.0005640612409347323
91664,23.612893548225802,0.8968573730862208,560,681,1241,0.0008058017727639033,-0.0008333472224535399,0.8979854955680959,-0.00040290088638195165
91665,23.61206020100335,0.895245769540693,560,681,1241,-0.0016116035455278066,-0.0008333472224535399,0.8974214343271611,-0.0005640612409347323
91666,23.611226853780895,0.895245769540693,560,681,1241,0.0,-0.0008333472224535399,0.8969379532635029,-0.00048348106365834196
91667,23.61039350655844,0.895245769540693,560,681,1241,0.0,-0.0008333472224535399,0.8964544721998446,-0.00048348106365834196
91668,23.609560159335988,0.895245769540693,560,681,1241,0.0,-0.0008333472224535399,0.8960515713134628,-0.00040290088638195165
91669,23.608726812113535,0.8936341659951652,560,681,1241,-0.0016116035455278066,-0.0008333472224535399,0.8958098307816336,-0.00024174053182917098
91670,23.60789346489108,0.8928283642224013,560,681,1241,-0.0008058017727639033,-0.0008333472224535399,0.8954069298952516,-0.00040290088638195165
91671,23.607060117668627,0.8920225624496374,560,681,1241,-0.0008058017727639033,-0.0008333472224535399,0.8948428686543171,-0.0005640612409347323
91672,23.606226770446174,0.8920225624496374,560,681,1241,0.0,-0.0008333472224535399,0.8944399677679351,-0.00040290088638195165
91673,23.60539342322372,0.8912167606768735,560,681,1241,-0.0008058017727639033,-0.0008333472224535399,0.8939564867042769,-0.00048348106365834196
91674,23.604560076001267,0.8912167606768735,560,681,1241,0.0,-0.0008333472224535399,0.8933924254633421,-0.0005640612409347323
91675,23.603726728778813,0.8896051571313457,560,681,1241,-0.0016116035455278066,-0.0008333472224535399,0.8928283642224073,-0.0005640612409347323
91676,23.60289338155636,0.8912167606768735,560,681,1241,0.0016116035455278066,-0.0008333472224535399,0.8924254633360252,-0.00040290088638195165
91677,23.602060034333906,0.8896051571313457,560,681,1241,-0.0016116035455278066,-0.0008333472224535399,0.8918614020950905,-0.0005640612409347323
91678,23.60122668711145,0.8912167606768735,560,681,1241,0.0016116035455278066,-0.0008333472224570926,0.8914585012087084,-0.00040290088638195165
91679,23.600393339888996,0.8912167606768735,560,681,1241,0.0,-0.0008333472224535399,0.8912167606768792,-0.00024174053182917098
91680,23.599559992666542,0.8896051571313457,560,681,1241,-0.0016116035455278066,-0.0008333472224535399,0.8908944399677736,-0.00032232070910556134
91681,23.59872664544409,0.8863819500402901,560,681,1241,-0.003223207091055613,-0.0008333472224535399,0.8903303787268388,-0.0005640612409347323
91682,23.597893298221635,0.8839645447219984,560,681,1241,-0.00241740531829171,-0.0008333472224535399,0.8895245769540748,-0.0008058017727639033
91683,23.59705995099918,0.8831587429492345,560,681,1241,-0.0008058017727639033,-0.0008333472224535399,0.8887187751813108,-0.0008058017727639033
91684,23.596226603776728,0.8831587429492345,560,681,1241,0.0,-0.0008333472224535399,0.887912973408547,-0.0008058017727639033
91685,23.595393256554274,0.8831587429492345,560,681,1241,0.0,-0.0008333472224535399,0.887268331990336,-0.0006446414182111227
91686,23.59455990933182,0.8831587429492345,560,681,1241,0.0,-0.0008333472224535399,0.8864625302175722,-0.0008058017727639033
91687,23.593726562109367,0.8831587429492345,560,681,1241,0.0,-0.0008333472224535399,0.885817888799361,-0.0006446414182111227
91688,23.592893214886914,0.8831587429492345,560,681,1241,0.0,-0.0008333472224535399,0.8850120870265972,-0.0008058017727639033
91689,23.59205986766446,0.8847703464947623,560,681,1241,0.0016116035455278066,-0.0008333472224535399,0.8843674456083861,-0.0006446414182111227
91690,23.591226520442007,0.8855761482675262,560,681,1241,0.0008058017727639033,-0.0008333472224535399,0.8839645447220041,-0.00040290088638195165
91691,23.590393173219553,0.8855761482675262,560,681,1241,0.0,-0.0008333472224535399,0.8838839645447278,-8.058017727639034e-05
91692,23.5895598259971,0.8847703464947623,560,681,1241,-0.0008058017727639033,-0.0008333472224535399,0.8839645447220044,8.058017727639034e-05
91693,23.588726478774646,0.8839645447219984,560,681,1241,-0.0008058017727639033,-0.0008333472224535399,0.8840451248992807,8.058017727639034e-05
91694,23.587893131552192,0.8831587429492345,560,681,1241,-0.0008058017727639033,-0.0008333472224535399,0.8840451248992807,0.0
91695,23.58705978432974,0.8815471394037067,560,681,1241,-0.0016116035455278066,-0.0008333472224535399,0.883883964544728,-0.00016116035455278067
91696,23.586226437107285,0.8831587429492345,560,681,1241,0.0016116035455278066,-0.0008333472224535399,0.883883964544728,0.0
91697,23.585393089884832,0.8839645447219984,560,681,1241,0.0008058017727639033,-0.0008333472224535399,0.8839645447220044,8.058017727639034e-05
91698,23.58455974266238,0.8823529411764706,560,681,1241,-0.0016116035455278066,-0.0008333472224535399,0.883883964544728,-8.058017727639034e-05
91699,23.58372639543992,0.878323932312651,560,681,1241,-0.0040290088638195165,-0.0008333472224570926,0.8832393231265169,-0.0006446414182111227
91700,23.582893048217468,0.878323932312651,560,681,1241,0.0,-0.0008333472224535399,0.8825141015310292,-0.000725221595487513
91701,23.582059700995014,0.8775181305398871,560,681,1241,-0.0008058017727639033,-0.0008333472224535399,0.8817082997582653,-0.0008058017727639033
91702,23.58122635377256,0.8759065269943593,560,681,1241,-0.0016116035455278066,-0.0008333472224535399,0.880821917808225,-0.0008863819500402936
91703,23.580393006550107,0.8742949234488316,560,681,1241,-0.0016116035455276956,-0.0008333472224535399,0.8798549556809083,-0.0009669621273166729
91704,23.579559659327654,0.8751007252215954,560,681,1241,0.0008058017727637923,-0.0008333472224535399,0.8790491539081444,-0.0008058017727639033
91705,23.5787263121052,0.8759065269943593,560,681,1241,0.0008058017727639033,-0.0008333472224535399,0.8784850926672096,-0.0005640612409347323
91706,23.577892964882746,0.8742949234488316,560,681,1241,-0.0016116035455276956,-0.0008333472224535399,0.8775987107171692,-0.0008863819500402826
91707,23.577059617660293,0.8734891216760677,560,681,1241,-0.0008058017727639033,-0.0008333472224535399,0.8765511684125762,-0.0010475423045930633
91708,23.57622627043784,0.8718775181305399,560,681,1241,-0.0016116035455278066,-0.0008333472224535399,0.8755036261079832,-0.0010475423045930633
91709,23.575392923215386,0.8718775181305399,560,681,1241,0.0,-0.0008333472224535399,0.8748589846897723,-0.0006446414182111115
91710,23.574559575992932,0.8726833199033038,560,681,1241,0.0008058017727639033,-0.0008333472224535399,0.8742949234488375,-0.0005640612409347212
91711,23.57372622877048,0.8726833199033038,560,681,1241,0.0,-0.0008333472224535399,0.8738114423851793,-0.0004834810636583309
91712,23.572892881548025,0.8718775181305399,560,681,1241,-0.0008058017727639033,-0.0008333472224535399,0.8734085414987973,-0.00040290088638194054
91713,23.57205953432557,0.8694601128122482,560,681,1241,-0.00241740531829171,-0.0008333472224535399,0.8729250604351391,-0.00048348106365834196
91714,23.571226187103118,0.8694601128122482,560,681,1241,0.0,-0.0008333472224535399,0.8723609991942045,-0.0005640612409347212
91715,23.570392839880665,0.8686543110394843,560,681,1241,-0.0008058017727639033,-0.0008333472224535399,0.871635777598717,-0.0007252215954875018
91716,23.56955949265821,0.8694601128122482,560,681,1241,0.0008058017727639033,-0.0008333472224535399,0.8711522965350588,-0.00048348106365834196
91717,23.568726145435758,0.8686543110394843,560,681,1241,-0.0008058017727639033,-0.0008333472224535399,0.8706688154714005,-0.00048348106365834196
91718,23.567892798213304,0.8670427074939565,560,681,1241,-0.0016116035455278066,-0.0008333472224535399,0.870185334407742,-0.00048348106365834196
91719,23.56705945099085,0.8654311039484287,560,681,1241,-0.0016116035455278066,-0.0008333472224535399,0.869540692989531,-0.0006446414182111227
91720,23.566226103768393,0.8646253021756648,560,681,1241,-0.0008058017727639033,-0.0008333472224570926,0.868734891216767,-0.0008058017727639033
91721,23.56539275654594,0.8654311039484287,560,681,1241,0.0008058017727639033,-0.0008333472224535399,0.8680096696212795,-0.000725221595487513
91722,23.564559409323486,0.8638195004029009,560,681,1241,-0.0016116035455278066,-0.0008333472224535399,0.8672038678485154,-0.0008058017727639033
91723,23.563726062101033,0.8638195004029009,560,681,1241,0.0,-0.0008333472224535399,0.8666398066075807,-0.0005640612409347323
91724,23.56289271487858,0.8622078968573731,560,681,1241,-0.0016116035455278066,-0.0008333472224535399,0.8659145850120933,-0.000725221595487513
91725,23.562059367656126,0.8605962933118453,560,681,1241,-0.0016116035455278066,-0.0008333472224535399,0.8651087832393293,-0.0008058017727639033
91726,23.561226020433672,0.8605962933118453,560,681,1241,0.0,-0.0008333472224535399,0.864222401289289,-0.0008863819500402936
91727,23.56039267321122,0.8605962933118453,560,681,1241,0.0,-0.0008333472224535399,0.8634165995165249,-0.0008058017727639033
91728,23.559559325988765,0.8573730862207897,560,681,1241,-0.003223207091055613,-0.0008333472224535399,0.8624496373892082,-0.0009669621273166839
91729,23.55872597876631,0.8565672844480258,560,681,1241,-0.0008058017727639033,-0.0008333472224535399,0.8615632554391679,-0.0008863819500402936
91730,23.557892631543858,0.8565672844480258,560,681,1241,0.0,-0.0008333472224535399,0.8607574536664041,-0.0008058017727639033
91731,23.557059284321404,0.8565672844480258,560,681,1241,0.0,-0.0008333472224535399,0.8598710717163638,-0.0008863819500402936
91732,23.55622593709895,0.8565672844480258,560,681,1241,0.0,-0.0008333472224535399,0.8591458501208763,-0.000725221595487513
91733,23.555392589876497,0.8533440773569702,560,681,1241,-0.003223207091055613,-0.0008333472224535399,0.8580983078162833,-0.0010475423045930743
91734,23.554559242654044,0.8541498791297341,560,681,1241,0.0008058017727639033,-0.0008333472224535399,0.8572925060435193,-0.0008058017727639033
91735,23.55372589543159,0.8541498791297341,560,681,1241,0.0,-0.0008333472224535399,0.8566478646253082,-0.0006446414182111227
91736,23.552892548209137,0.8525382755842063,560,681,1241,-0.0016116035455278066,-0.0008333472224535399,0.8558420628525443,-0.0008058017727639033
91737,23.552059200986683,0.8509266720386784,560,681,1241,-0.0016116035455278066,-0.0008333472224535399,0.8548751007252277,-0.0009669621273166839
91738,23.55122585376423,0.8485092667203867,560,681,1241,-0.00241740531829171,-0.0008333472224535399,0.8539887187751873,-0.0008863819500402936
91739,23.550392506541776,0.8485092667203867,560,681,1241,0.0,-0.0008333472224535399,0.8531829170024233,-0.0008058017727639033
91740,23.549559159319323,0.8485092667203867,560,681,1241,0.0,-0.0008333472224535399,0.8523771152296593,-0.0008058017727639033
91741,23.548725812096865,0.8485092667203867,560,681,1241,0.0,-0.0008333472224570926,0.8515713134568953,-0.0008058017727639033
91742,23.547892464874412,0.8485092667203867,560,681,1241,0.0,-0.0008333472224535399,0.8507655116841313,-0.0008058017727639033
91743,23.54705911765196,0.8477034649476228,560,681,1241,-0.0008058017727639033,-0.0008333472224535399,0.8502014504431965,-0.0005640612409347323
91744,23.546225770429505,0.8485092667203867,560,681,1241,0.0008058017727639033,-0.0008333472224535399,0.8496373892022617,-0.0005640612409347323
91745,23.54539242320705,0.8477034649476228,560,681,1241,-0.0008058017727639033,-0.0008333472224535399,0.8489927477840506,-0.0006446414182111227
91746,23.544559075984598,0.8477034649476228,560,681,1241,0.0,-0.0008333472224535399,0.8485092667203922,-0.00048348106365834196
91747,23.543725728762144,0.8477034649476228,560,681,1241,0.0,-0.0008333472224535399,0.8481869460112866,-0.00032232070910556134
91748,23.54289238153969,0.8477034649476228,560,681,1241,0.0,-0.0008333472224535399,0.8481063658340103,-8.058017727639034e-05
91749,23.542059034317237,0.8460918614020951,560,681,1241,-0.0016116035455276956,-0.0008333472224535399,0.8478646253021813,-0.0002417405318291599
91750,23.541225687094784,0.8460918614020951,560,681,1241,0.0,-0.0008333472224535399,0.8476228847703522,-0.0002417405318291599
91751,23.54039233987233,0.8460918614020951,560,681,1241,0.0,-0.0008333472224535399,0.8473811442385232,-0.0002417405318291599
91752,23.539558992649877,0.8452860596293312,560,681,1241,-0.0008058017727639033,-0.0008333472224535399,0.8470588235294176,-0.00032232070910555023
91753,23.538725645427423,0.8436744560838034,560,681,1241,-0.0016116035455278066,-0.0008333472224535399,0.8466559226430357,-0.00040290088638194054
91754,23.53789229820497,0.8420628525382756,560,681,1241,-0.0016116035455278066,-0.0008333472224535399,0.8460112812248246,-0.0006446414182111115
91755,23.537058950982516,0.8436744560838034,560,681,1241,0.0016116035455278066,-0.0008333472224535399,0.8456083803384427,-0.00040290088638194054
91756,23.536225603760062,0.8452860596293312,560,681,1241,0.0016116035455278066,-0.0008333472224535399,0.8453666398066135,-0.0002417405318291599
91757,23.53539225653761,0.846897663174859,560,681,1241,0.0016116035455278066,-0.0008333472224535399,0.8452860596293371,-8.058017727637922e-05
91758,23.534558909315155,0.8452860596293312,560,681,1241,-0.0016116035455278066,-0.0008333472224535399,0.8450443190975079,-0.0002417405318291599
91759,23.5337255620927,0.8444802578565673,560,681,1241,-0.0008058017727639033,-0.0008333472224535399,0.844883158742955,-0.00016116035455278067
91760,23.532892214870248,0.8436744560838034,560,681,1241,-0.0008058017727639033,-0.0008333472224535399,0.8446414182111258,-0.00024174053182917098
91761,23.532058867647795,0.8436744560838034,560,681,1241,0.0,-0.0008333472224535399,0.8443996776792966,-0.00024174053182917098
91762,23.531225520425338,0.8420628525382756,560,681,1241,-0.0016116035455278066,-0.0008333472224570926,0.844077356970191,-0.00032232070910556134
91763,23.530392173202884,0.8412570507655117,560,681,1241,-0.0008058017727639033,-0.0008333472224535399,0.8438356164383618,-0.00024174053182917098
91764,23.52955882598043,0.8404512489927478,560,681,1241,-0.0008058017727639033,-0.0008333472224535399,0.8436744560838092,-0.00016116035455278067
91765,23.528725478757977,0.8412570507655117,560,681,1241,0.0008058017727639033,-0.0008333472224535399,0.84343271555198,-0.00024174053182917098
91766,23.527892131535523,0.8412570507655117,560,681,1241,0.0,-0.0008333472224535399,0.843029814665598,-0.00040290088638195165
91767,23.52705878431307,0.8420628525382756,560,681,1241,0.0008058017727639033,-0.0008333472224535399,0.8425463336019396,-0.00048348106365834196
91768,23.526225437090616,0.8412570507655117,560,681,1241,-0.0008058017727639033,-0.0008333472224535399,0.8421434327155577,-0.00040290088638195165
91769,23.525392089868163,0.8412570507655117,560,681,1241,0.0,-0.0008333472224535399,0.8418211120064522,-0.00032232070910556134
91770,23.52455874264571,0.8420628525382756,560,681,1241,0.0008058017727639033,-0.0008333472224535399,0.8416599516518992,-0.00016116035455278067
91771,23.523725395423256,0.8412570507655117,560,681,1241,-0.0008058017727639033,-0.0008333472224535399,0.8414182111200701,-0.00024174053182917098
91772,23.522892048200802,0.8404512489927478,560,681,1241,-0.0008058017727639033,-0.0008333472224535399,0.8412570507655174,-0.00016116035455278067
91773,23.52205870097835,0.8412570507655117,560,681,1241,0.0008058017727639033,-0.0008333472224535399,0.8412570507655174,0.0
91774,23.521225353755895,0.8412570507655117,560,681,1241,0.0,-0.0008333472224535399,0.8413376309427937,8.058017727639034e-05
91775,23.52039200653344,0.8412570507655117,560,681,1241,0.0,-0.0008333472224535399,0.8413376309427937,0.0
91776,23.519558659310988,0.8412570507655117,560,681,1241,0.0,-0.0008333472224535399,0.8413376309427937,0.0
91777,23.518725312088534,0.8420628525382756,560,681,1241,0.0008058017727639033,-0.0008333472224535399,0.8413376309427937,0.0
91778,23.51789196486608,0.8404512489927478,560,681,1241,-0.0016116035455278066,-0.0008333472224535399,0.8412570507655174,-8.058017727639034e-05
91779,23.517058617643627,0.83883964544722,560,681,1241,-0.0016116035455278066,-0.0008333472224535399,0.8410153102336881,-0.00024174053182917098
91780,23.516225270421174,0.83883964544722,560,681,1241,0.0,-0.0008333472224535399,0.8406929895245826,-0.00032232070910556134
91781,23.51539192319872,0.8380338436744561,560,681,1241,-0.0008058017727639033,-0.0008333472224535399,0.8403706688154771,-0.00032232070910556134
91782,23.514558575976267,0.8372280419016922,560,681,1241,-0.0008058017727639033,-0.0008333472224535399,0.8400483481063714,-0.00032232070910556134
91783,23.513725228753813,0.8364222401289283,560,681,1241,-0.0008058017727639033,-0.0008333472224535399,0.8395648670427132,-0.00048348106365834196
91784,23.512891881531356,0.8356164383561644,560,681,1241,-0.0008058017727639033,-0.0008333472224570926,0.8390008058017784,-0.0005640612409347323
91785,23.512058534308903,0.8331990330378727,560,681,1241,-0.00241740531829171,-0.0008333472224535399,0.8381950040290146,-0.0008058017727639033
91786,23.51122518708645,0.8331990330378727,560,681,1241,0.0,-0.0008333472224535399,0.8373892022562508,-0.0008058017727639033
91787,23.510391839863996,0.8331990330378727,560,681,1241,0.0,-0.0008333472224535399,0.8365028203062106,-0.0008863819500402936
91788,23.509558492641542,0.8331990330378727,560,681,1241,0.0,-0.0008333472224535399,0.8357775987107232,-0.000725221595487513
91789,23.50872514541909,0.8331990330378727,560,681,1241,0.0,-0.0008333472224535399,0.8352135374697885,-0.0005640612409347323
91790,23.507891798196635,0.8291700241740532,560,681,1241,-0.0040290088638195165,-0.0008333472224535399,0.8342465753424719,-0.0009669621273166839
91791,23.50705845097418,0.8283642224012893,560,681,1241,-0.0008058017727639033,-0.0008333472224535399,0.8332796132151552,-0.0009669621273166839
91792,23.506225103751728,0.8291700241740532,560,681,1241,0.0008058017727639033,-0.0008333472224535399,0.8324738114423912,-0.0008058017727639033
91793,23.505391756529274,0.8283642224012893,560,681,1241,-0.0008058017727639033,-0.0008333472224535399,0.8316680096696272,-0.0008058017727639033
91794,23.50455840930682,0.8275584206285254,560,681,1241,-0.0008058017727639033,-0.0008333472224535399,0.8308622078968634,-0.0008058017727639033
91795,23.503725062084367,0.8283642224012893,560,681,1241,0.0008058017727639033,-0.0008333472224535399,0.830378726833205,-0.00048348106365834196
91796,23.502891714861914,0.8259468170829976,560,681,1241,-0.00241740531829171,-0.0008333472224535399,0.8296535052377173,-0.000725221595487513
91797,23.50205836763946,0.8259468170829976,560,681,1241,0.0,-0.0008333472224535399,0.8289282836422297,-0.000725221595487513
91798,23.501225020417007,0.8259468170829976,560,681,1241,0.0,-0.0008333472224535399,0.828203062046742,-0.000725221595487513
91799,23.500391673194553,0.8259468170829976,560,681,1241,0.0,-0.0008333472224535399,0.8274778404512544,-0.000725221595487513
91800,23.4995583259721,0.8251410153102336,560,681,1241,-0.0008058017727639033,-0.0008333472224535399,0.8270749395648724,-0.00040290088638195165
91801,23.498724978749646,0.8243352135374697,560,681,1241,-0.0008058017727639033,-0.0008333472224535399,0.8266720386784906,-0.00040290088638195165
91802,23.497891631527192,0.8235294117647058,560,681,1241,-0.0008058017727639033,-0.0008333472224535399,0.8261079774375559,-0.0005640612409347323
91803,23.49705828430474,0.8211120064464141,560,681,1241,-0.00241740531829171,-0.0008333472224535399,0.8253827558420685,-0.000725221595487513
91804,23.496224937082285,0.8203062046736502,560,681,1241,-0.0008058017727639033,-0.0008333472224535399,0.8246575342465811,-0.000725221595487513
91805,23.49539158985983,0.8195004029008863,560,681,1241,-0.0008058017727639033,-0.0008333472224570926,0.8237711522965407,-0.0008863819500402936
91806,23.494558242637375,0.8195004029008863,560,681,1241,0.0,-0.0008333472224535399,0.8231265108783296,-0.0006446414182111227
91807,23.49372489541492,0.8203062046736502,560,681,1241,0.0008058017727639033,-0.0008333472224535399,0.822562449637395,-0.0005640612409347323
91808,23.492891548192468,0.8186946011281225,560,681,1241,-0.0016116035455276956,-0.0008333472224535399,0.8218372280419075,-0.0007252215954875018
91809,23.492058200970014,0.8170829975825947,560,681,1241,-0.0016116035455278066,-0.0008333472224535399,0.8209508460918673,-0.0008863819500402826
91810,23.49122485374756,0.8162771958098308,560,681,1241,-0.0008058017727639033,-0.0008333472224535399,0.820064464141827,-0.0008863819500402826
91811,23.490391506525107,0.8162771958098308,560,681,1241,0.0,-0.0008333472224535399,0.819258662369063,-0.0008058017727638922
91812,23.489558159302653,0.8154713940370669,560,681,1241,-0.0008058017727639033,-0.0008333472224535399,0.8184528605962991,-0.0008058017727638922
91813,23.4887248120802,0.8138597904915391,560,681,1241,-0.0016116035455278066,-0.0008333472224535399,0.8177276390008116,-0.0007252215954875018
91814,23.487891464857746,0.8130539887187752,560,681,1241,-0.0008058017727639033,-0.0008333472224535399,0.8170024174053239,-0.0007252215954875018
91815,23.487058117635293,0.8122481869460113,560,681,1241,-0.0008058017727639033,-0.0008333472224535399,0.8162771958098365,-0.0007252215954875018
91816,23.48622477041284,0.8122481869460113,560,681,1241,0.0,-0.0008333472224535399,0.815551974214349,-0.0007252215954875018
91817,23.485391423190386,0.8130539887187752,560,681,1241,0.0008058017727639033,-0.0008333472224535399,0.8148267526188613,-0.0007252215954875018
91818,23.484558075967932,0.8130539887187752,560,681,1241,0.0,-0.0008333472224535399,0.8142626913779265,-0.0005640612409347323
91819,23.48372472874548,0.8138597904915391,560,681,1241,0.0008058017727639033,-0.0008333472224535399,0.813940370668821,-0.00032232070910556134
91820,23.482891381523025,0.8138597904915391,560,681,1241,0.0,-0.0008333472224535399,0.813698630136992,-0.00024174053182917098
91821,23.48205803430057,0.8138597904915391,560,681,1241,0.0,-0.0008333472224535399,0.8134568896051629,-0.00024174053182917098
91822,23.481224687078118,0.8122481869460113,560,681,1241,-0.0016116035455278066,-0.0008333472224535399,0.8131345688960574,-0.00032232070910556134
91823,23.480391339855665,0.8130539887187752,560,681,1241,0.0008058017727639033,-0.0008333472224535399,0.8130539887187809,-8.058017727639034e-05
91824,23.47955799263321,0.8122481869460113,560,681,1241,-0.0008058017727639033,-0.0008333472224535399,0.8129734085415045,-8.058017727639034e-05
91825,23.478724645410757,0.8114423851732474,560,681,1241,-0.0008058017727639033,-0.0008333472224535399,0.8128928283642282,-8.058017727639034e-05
91826,23.4778912981883,0.8114423851732474,560,681,1241,0.0,-0.0008333472224570926,0.8128122481869517,-8.058017727639034e-05
91827,23.477057950965847,0.8114423851732474,560,681,1241,0.0,-0.0008333472224535399,0.8126510878323991,-0.00016116035455278067
91828,23.476224603743393,0.8114423851732474,560,681,1241,0.0,-0.0008333472224535399,0.8124899274778464,-0.00016116035455278067
91829,23.47539125652094,0.8114423851732474,560,681,1241,0.0,-0.0008333472224535399,0.8122481869460172,-0.00024174053182917098
91830,23.474557909298486,0.8106365834004835,560,681,1241,-0.0008058017727639033,-0.0008333472224535399,0.8119258662369117,-0.00032232070910556134
91831,23.473724562076033,0.8098307816277196,560,681,1241,-0.0008058017727639033,-0.0008333472224535399,0.8115229653505296,-0.00040290088638195165
91832,23.47289121485358,0.8082191780821918,560,681,1241,-0.0016116035455278066,-0.0008333472224535399,0.8111200644641476,-0.00040290088638195165
91833,23.472057867631126,0.8074133763094279,560,681,1241,-0.0008058017727639033,-0.0008333472224535399,0.8105560032232131,-0.0005640612409347323
91834,23.471224520408672,0.8074133763094279,560,681,1241,0.0,-0.0008333472224535399,0.8100725221595548,-0.00048348106365834196
91835,23.47039117318622,0.8074133763094279,560,681,1241,0.0,-0.0008333472224535399,0.8096696212731729,-0.00040290088638195165
91836,23.469557825963765,0.806607574536664,560,681,1241,-0.0008058017727639033,-0.0008333472224535399,0.8091861402095144,-0.00048348106365834196
91837,23.46872447874131,0.806607574536664,560,681,1241,0.0,-0.0008333472224535399,0.808702659145856,-0.00048348106365834196
91838,23.467891131518858,0.8058017727639001,560,681,1241,-0.0008058017727639033,-0.0008333472224535399,0.8081385979049213,-0.0005640612409347323
91839,23.467057784296404,0.806607574536664,560,681,1241,0.0008058017727639033,-0.0008333472224535399,0.8076551168412628,-0.00048348106365834196
91840,23.46622443707395,0.8082191780821918,560,681,1241,0.0016116035455278066,-0.0008333472224535399,0.8074133763094336,-0.00024174053182917098
91841,23.465391089851497,0.806607574536664,560,681,1241,-0.0016116035455278066,-0.0008333472224535399,0.807091055600328,-0.00032232070910556134
91842,23.464557742629044,0.806607574536664,560,681,1241,0.0,-0.0008333472224535399,0.8069298952457752,-0.00016116035455278067
91843,23.46372439540659,0.8041901692183723,560,681,1241,-0.00241740531829171,-0.0008333472224535399,0.8066075745366696,-0.00032232070910556134
91844,23.462891048184137,0.8041901692183723,560,681,1241,0.0,-0.0008333472224535399,0.806285253827564,-0.00032232070910556134
91845,23.462057700961683,0.8041901692183723,560,681,1241,0.0,-0.0008333472224535399,0.8059629331184585,-0.00032232070910556134
91846,23.46122435373923,0.8041901692183723,560,681,1241,0.0,-0.0008333472224535399,0.8057211925866294,-0.00024174053182917098
91847,23.460391006516772,0.8033843674456084,560,681,1241,-0.0008058017727639033,-0.0008333472224570926,0.8053988718775239,-0.00032232070910556134
91848,23.45955765929432,0.8001611603545528,560,681,1241,-0.003223207091055613,-0.0008333472224535399,0.8048348106365891,-0.0005640612409347323
91849,23.458724312071865,0.7993553585817889,560,681,1241,-0.0008058017727639033,-0.0008333472224535399,0.8041095890411016,-0.000725221595487513
91850,23.457890964849412,0.7993553585817889,560,681,1241,0.0,-0.0008333472224535399,0.8032232070910613,-0.0008863819500402936
91851,23.45705761762696,0.797743755036261,560,681,1241,-0.0016116035455278066,-0.0008333472224535399,0.8023368251410211,-0.0008863819500402936
91852,23.456224270404505,0.7993553585817889,560,681,1241,0.0016116035455278066,-0.0008333472224535399,0.8016116035455336,-0.000725221595487513
91853,23.45539092318205,0.798549556809025,560,681,1241,-0.0008058017727639033,-0.0008333472224535399,0.8010475423045988,-0.0005640612409347323
91854,23.454557575959598,0.797743755036261,560,681,1241,-0.0008058017727639033,-0.0008333472224535399,0.8004029008863878,-0.0006446414182111227
91855,23.453724228737144,0.7945205479452054,560,681,1241,-0.003223207091055613,-0.0008333472224535399,0.7994359387590712,-0.0009669621273166839
91856,23.45289088151469,0.7945205479452054,560,681,1241,0.0,-0.0008333472224535399,0.7984689766317545,-0.0009669621273166839
91857,23.452057534292237,0.7953263497179693,560,681,1241,0.0008058017727639033,-0.0008333472224535399,0.7976631748589905,-0.0008058017727639033
91858,23.451224187069784,0.7937147461724415,560,681,1241,-0.0016116035455278066,-0.0008333472224535399,0.7970185334407793,-0.0006446414182111227
91859,23.45039083984733,0.7921031426269137,560,681,1241,-0.0016116035455278066,-0.0008333472224535399,0.7962933118452918,-0.000725221595487513
91860,23.449557492624876,0.7896857373086221,560,681,1241,-0.002417405318291599,-0.0008333472224535399,0.7953263497179751,-0.0009669621273166729
91861,23.448724145402423,0.7896857373086221,560,681,1241,0.0,-0.0008333472224535399,0.7945205479452112,-0.0008058017727638922
91862,23.44789079817997,0.7872683319903304,560,681,1241,-0.00241740531829171,-0.0008333472224535399,0.7933118452860655,-0.001208702659145844
91863,23.447057450957516,0.7848509266720387,560,681,1241,-0.00241740531829171,-0.0008333472224535399,0.7919419822723668,-0.0013698630136986245
91864,23.446224103735062,0.7840451248992748,560,681,1241,-0.0008058017727639033,-0.0008333472224535399,0.7905721192586683,-0.0013698630136986245
91865,23.44539075651261,0.7816277195809831,560,681,1241,-0.00241740531829171,-0.0008333472224535399,0.7892828364222461,-0.001289282836422234
91866,23.444557409290155,0.7816277195809831,560,681,1241,0.0,-0.0008333472224535399,0.7879935535858238,-0.001289282836422234
91867,23.4437240620677,0.7808219178082192,560,681,1241,-0.0008058017727639033,-0.0008333472224535399,0.7865431103948488,-0.001450443190975015
91868,23.442890714845245,0.7808219178082192,560,681,1241,0.0,-0.0008333472224570926,0.7852538275584264,-0.001289282836422234
91869,23.44205736762279,0.7792103142626914,560,681,1241,-0.0016116035455278066,-0.0008333472224535399,0.7839645447220043,-0.001289282836422234
91870,23.441224020400337,0.7775987107171636,560,681,1241,-0.0016116035455278066,-0.0008333472224535399,0.7827558420628586,-0.001208702659145855
91871,23.440390673177884,0.7759871071716358,560,681,1241,-0.0016116035455278066,-0.0008333472224535399,0.78138597904916,-0.0013698630136986356
91872,23.43955732595543,0.7751813053988719,560,681,1241,-0.0008058017727639033,-0.0008333472224535399,0.7801772763900142,-0.001208702659145855
91873,23.438723978732977,0.7735697018533441,560,681,1241,-0.0016116035455278066,-0.0008333472224535399,0.7790491539081448,-0.0011281224818694645
91874,23.437890631510523,0.7727639000805802,560,681,1241,-0.0008058017727639033,-0.0008333472224535399,0.7779210314262752,-0.0011281224818694645
91875,23.43705728428807,0.7727639000805802,560,681,1241,0.0,-0.0008333472224535399,0.7770346494762348,-0.0008863819500402936
91876,23.436223937065616,0.7727639000805802,560,681,1241,0.0,-0.0008333472224535399,0.7761482675261945,-0.0008863819500402936
91877,23.435390589843163,0.7711522965350524,560,681,1241,-0.0016116035455278066,-0.0008333472224535399,0.7751813053988779,-0.0009669621273166839
91878,23.43455724262071,0.7719580983078163,560,681,1241,0.0008058017727639033,-0.0008333472224535399,0.7742949234488375,-0.0008863819500402936
91879,23.433723895398256,0.7695406929895245,560,681,1241,-0.00241740531829171,-0.0008333472224535399,0.7733279613215209,-0.0009669621273166839
91880,23.432890548175802,0.7695406929895245,560,681,1241,0.0,-0.0008333472224535399,0.772522159548757,-0.0008058017727639033
91881,23.43205720095335,0.7679290894439967,560,681,1241,-0.0016116035455278066,-0.0008333472224535399,0.7717163577759931,-0.0008058017727639033
91882,23.431223853730895,0.7671232876712328,560,681,1241,-0.0008058017727639033,-0.0008333472224535399,0.7709105560032292,-0.0008058017727639033
91883,23.43039050650844,0.7671232876712328,560,681,1241,0.0,-0.0008333472224535399,0.770265914585018,-0.0006446414182111227
91884,23.429557159285988,0.7671232876712328,560,681,1241,0.0,-0.0008333472224535399,0.7697018533440833,-0.0005640612409347323
91885,23.428723812063534,0.7647058823529411,560,681,1241,-0.00241740531829171,-0.0008333472224535399,0.7688960515713195,-0.0008058017727639033
91886,23.42789046484108,0.765511684125705,560,681,1241,0.0008058017727639033,-0.0008333472224535399,0.768170829975832,-0.000725221595487513
91887,23.427057117618627,0.7647058823529411,560,681,1241,-0.0008058017727639033,-0.0008333472224535399,0.767526188557621,-0.0006446414182111227
91888,23.426223770396174,0.7639000805801772,560,681,1241,-0.0008058017727639033,-0.0008333472224535399,0.7667203867848571,-0.0008058017727639033
91889,23.425390423173717,0.7614826752618856,560,681,1241,-0.002417405318291599,-0.0008333472224570926,0.7659145850120932,-0.0008058017727638922
91890,23.424557075951263,0.7614826752618856,560,681,1241,0.0,-0.0008333472224535399,0.7651087832393294,-0.0008058017727638922
91891,23.42372372872881,0.7606768734891217,560,681,1241,-0.0008058017727639033,-0.0008333472224535399,0.7643835616438419,-0.0007252215954875018
91892,23.422890381506356,0.7574536663980661,560,681,1241,-0.003223207091055613,-0.0008333472224535399,0.7634165995165253,-0.0009669621273166729
91893,23.422057034283903,0.7574536663980661,560,681,1241,0.0,-0.0008333472224535399,0.7624496373892086,-0.0009669621273166729
91894,23.42122368706145,0.7574536663980661,560,681,1241,0.0,-0.0008333472224535399,0.761482675261892,-0.0009669621273166729
91895,23.420390339838995,0.7574536663980661,560,681,1241,0.0,-0.0008333472224535399,0.7607574536664043,-0.0007252215954875018
91896,23.419556992616542,0.7574536663980661,560,681,1241,0.0,-0.0008333472224535399,0.7599516518936404,-0.0008058017727638922
91897,23.41872364539409,0.75825946817083,560,681,1241,0.0008058017727639033,-0.0008333472224535399,0.7593070104754294,-0.0006446414182111115
91898,23.417890298171635,0.7574536663980661,560,681,1241,-0.0008058017727639033,-0.0008333472224535399,0.7586623690572184,-0.0006446414182111115
91899,23.41705695094918,0.7574536663980661,560,681,1241,0.0,-0.0008333472224535399,0.7582594681708363,-0.00040290088638195165
91900,23.416223603726728,0.75825946817083,560,681,1241,0.0008058017727639033,-0.0008333472224535399,0.7579371474617308,-0.00032232070910556134
91901,23.415390256504274,0.7566478646253022,560,681,1241,-0.0016116035455278066,-0.0008333472224535399,0.757534246575349,-0.00040290088638195165
91902,23.41455690928182,0.7574536663980661,560,681,1241,0.0008058017727639033,-0.0008333472224535399,0.757534246575349,0.0
91903,23.413723562059367,0.7566478646253022,560,681,1241,-0.0008058017727639033,-0.0008333472224535399,0.7574536663980725,-8.058017727639034e-05
91904,23.412890214836914,0.7550362610797744,560,681,1241,-0.0016116035455278066,-0.0008333472224535399,0.7572119258662433,-0.00024174053182917098
91905,23.41205686761446,0.7542304593070105,560,681,1241,-0.0008058017727639033,-0.0008333472224535399,0.7568896051571378,-0.00032232070910556134
91906,23.411223520392006,0.7526188557614827,560,681,1241,-0.0016116035455278066,-0.0008333472224535399,0.7564061240934794,-0.00048348106365834196
91907,23.410390173169553,0.7518130539887188,560,681,1241,-0.0008058017727639033,-0.0008333472224535399,0.7557614826752682,-0.0006446414182111227
91908,23.4095568259471,0.7518130539887188,560,681,1241,0.0,-0.0008333472224535399,0.7551974214343334,-0.0005640612409347323
91909,23.408723478724646,0.7510072522159549,560,681,1241,-0.0008058017727639033,-0.0008333472224535399,0.7545527800161224,-0.0006446414182111227
91910,23.407890131502192,0.7510072522159549,560,681,1241,0.0,-0.0008333472224535399,0.7538275584206349,-0.000725221595487513
91911,23.407056784279735,0.7493956486704271,560,681,1241,-0.0016116035455278066,-0.0008333472224570926,0.7531023368251473,-0.000725221595487513
91912,23.40622343705728,0.7485898468976632,560,681,1241,-0.0008058017727639033,-0.0008333472224535399,0.7522159548751071,-0.0008863819500402936
91913,23.405390089834828,0.750201450443191,560,681,1241,0.0016116035455278066,-0.0008333472224535399,0.751571313456896,-0.0006446414182111227
91914,23.404556742612375,0.7493956486704271,560,681,1241,-0.0008058017727639033,-0.0008333472224535399,0.7510072522159613,-0.0005640612409347323
91915,23.40372339538992,0.7493956486704271,560,681,1241,0.0,-0.0008333472224535399,0.750523771152303,-0.00048348106365834196
91916,23.402890048167468,0.7493956486704271,560,681,1241,0.0,-0.0008333472224535399,0.7502014504431973,-0.00032232070910556134
91917,23.402056700945014,0.7493956486704271,560,681,1241,0.0,-0.0008333472224535399,0.7499597099113682,-0.00024174053182917098
91918,23.40122335372256,0.7493956486704271,560,681,1241,0.0,-0.0008333472224535399,0.7497179693795389,-0.00024174053182917098
91919,23.400390006500107,0.7485898468976632,560,681,1241,-0.0008058017727639033,-0.0008333472224535399,0.7494762288477097,-0.00024174053182917098
91920,23.399556659277653,0.7477840451248993,560,681,1241,-0.0008058017727639033,-0.0008333472224535399,0.7491539081386042,-0.00032232070910556134
91921,23.3987233120552,0.7469782433521354,560,681,1241,-0.0008058017727639033,-0.0008333472224535399,0.748912167606775,-0.00024174053182917098
91922,23.397889964832746,0.7485898468976632,560,681,1241,0.0016116035455278066,-0.0008333472224535399,0.7489121676067751,0.0
91923,23.397056617610293,0.7485898468976632,560,681,1241,0.0,-0.0008333472224535399,0.7487510072522223,-0.00016116035455278067
91924,23.39622327038784,0.7485898468976632,560,681,1241,0.0,-0.0008333472224535399,0.748670427074946,-8.058017727639034e-05
91925,23.395389923165386,0.7477840451248993,560,681,1241,-0.0008058017727639033,-0.0008333472224535399,0.7485092667203931,-0.00016116035455278067
91926,23.394556575942932,0.7477840451248993,560,681,1241,0.0,-0.0008333472224535399,0.7483481063658403,-0.00016116035455278067
91927,23.39372322872048,0.7461724415793715,560,681,1241,-0.0016116035455278066,-0.0008333472224535399,0.7480257856567347,-0.00032232070910556134
91928,23.392889881498025,0.7461724415793715,560,681,1241,0.0,-0.0008333472224535399,0.7477034649476291,-0.00032232070910556134
91929,23.39205653427557,0.7469782433521354,560,681,1241,0.0008058017727639033,-0.0008333472224535399,0.7475423045930764,-0.00016116035455278067
91930,23.391223187053118,0.7461724415793715,560,681,1241,-0.0008058017727639033,-0.0008333472224535399,0.7473811442385234,-0.00016116035455278067
91931,23.390389839830664,0.7453666398066076,560,681,1241,-0.0008058017727639033,-0.0008333472224535399,0.7472199838839707,-0.00016116035455278067
91932,23.389556492608207,0.7453666398066076,560,681,1241,0.0,-0.0008333472224570926,0.7468976631748652,-0.00032232070910556134
91933,23.388723145385754,0.7453666398066076,560,681,1241,0.0,-0.0008333472224535399,0.7465753424657596,-0.00032232070910556134
91934,23.3878897981633,0.7445608380338437,560,681,1241,-0.0008058017727639033,-0.0008333472224535399,0.7461724415793778,-0.00040290088638195165
91935,23.387056450940847,0.7445608380338437,560,681,1241,0.0,-0.0008333472224535399,0.7458501208702721,-0.00032232070910556134
91936,23.386223103718393,0.7445608380338437,560,681,1241,0.0,-0.0008333472224535399,0.7455278001611666,-0.00032232070910556134
91937,23.38538975649594,0.7445608380338437,560,681,1241,0.0,-0.0008333472224535399,0.7453666398066139,-0.00016116035455278067
91938,23.384556409273486,0.7429492344883158,560,681,1241,-0.0016116035455278066,-0.0008333472224535399,0.7450443190975082,-0.00032232070910556134
91939,23.383723062051033,0.7421434327155519,560,681,1241,-0.0008058017727639033,-0.0008333472224535399,0.74456083803385,-0.00048348106365834196
91940,23.38288971482858,0.7397260273972602,560,681,1241,-0.00241740531829171,-0.0008333472224535399,0.7439161966156389,-0.0006446414182111227
91941,23.382056367606125,0.7405318291700241,560,681,1241,0.0008058017727639033,-0.0008333472224535399,0.7434327155519805,-0.00048348106365834196
91942,23.381223020383672,0.7405318291700241,560,681,1241,0.0,-0.0008333472224535399,0.7429492344883223,-0.00048348106365834196
91943,23.38038967316122,0.7389202256244963,560,681,1241,-0.0016116035455278066,-0.0008333472224535399,0.7423045930701112,-0.0006446414182111227
91944,23.379556325938765,0.7397260273972602,560,681,1241,0.0008058017727639033,-0.0008333472224535399,0.7418211120064527,-0.00048348106365834196
91945,23.37872297871631,0.7397260273972602,560,681,1241,0.0,-0.0008333472224535399,0.7413376309427944,-0.00048348106365834196
91946,23.377889631493858,0.7397260273972602,560,681,1241,0.0,-0.0008333472224535399,0.7408541498791359,-0.00048348106365834196
91947,23.377056284271404,0.7389202256244963,560,681,1241,-0.0008058017727639033,-0.0008333472224535399,0.7402900886382011,-0.0005640612409347323
91948,23.37622293704895,0.7373086220789685,560,681,1241,-0.0016116035455278066,-0.0008333472224535399,0.7397260273972665,-0.0005640612409347323
91949,23.375389589826497,0.7373086220789685,560,681,1241,0.0,-0.0008333472224535399,0.7392425463336081,-0.00048348106365834196
91950,23.374556242604044,0.7365028203062046,560,681,1241,-0.0008058017727639033,-0.0008333472224535399,0.7389202256245024,-0.00032232070910556134
91951,23.37372289538159,0.7348912167606769,560,681,1241,-0.0016116035455276956,-0.0008333472224535399,0.7383561643835677,-0.0005640612409347212
91952,23.372889548159137,0.7348912167606769,560,681,1241,0.0,-0.0008333472224535399,0.7377921031426329,-0.0005640612409347212
91953,23.37205620093668,0.734085414987913,560,681,1241,-0.0008058017727639033,-0.0008333472224570926,0.7373086220789745,-0.0004834810636583309
91954,23.371222853714226,0.7332796132151491,560,681,1241,-0.0008058017727639033,-0.0008333472224535399,0.7366639806607633,-0.0006446414182111115
91955,23.370389506491772,0.7324738114423852,560,681,1241,-0.0008058017727639033,-0.0008333472224535399,0.7359387590652758,-0.0007252215954875018
91956,23.36955615926932,0.7324738114423852,560,681,1241,0.0,-0.0008333472224535399,0.7352135374697883,-0.0007252215954875018
91957,23.368722812046865,0.734085414987913,560,681,1241,0.0016116035455278066,-0.0008333472224535399,0.7347300564061301,-0.0004834810636583309
91958,23.36788946482441,0.7332796132151491,560,681,1241,-0.0008058017727639033,-0.0008333472224535399,0.734327155519748,-0.00040290088638194054
91959,23.367056117601958,0.7324738114423852,560,681,1241,-0.0008058017727639033,-0.0008333472224535399,0.7338436744560898,-0.0004834810636583309
91960,23.366222770379505,0.7316680096696213,560,681,1241,-0.0008058017727639033,-0.0008333472224535399,0.7333601933924314,-0.0004834810636583309
91961,23.36538942315705,0.7308622078968574,560,681,1241,-0.0008058017727639033,-0.0008333472224535399,0.7329572925060494,-0.00040290088638195165
91962,23.364556075934598,0.7308622078968574,560,681,1241,0.0,-0.0008333472224535399,0.7325543916196675,-0.00040290088638195165
91963,23.363722728712144,0.7292506043513296,560,681,1241,-0.0016116035455278066,-0.0008333472224535399,0.7320709105560091,-0.00048348106365834196
91964,23.36288938148969,0.7276390008058018,560,681,1241,-0.0016116035455278066,-0.0008333472224535399,0.7315068493150744,-0.0005640612409347323
91965,23.362056034267237,0.7276390008058018,560,681,1241,0.0,-0.0008333472224535399,0.731023368251416,-0.00048348106365834196
91966,23.361222687044783,0.7284448025785657,560,681,1241,0.0008058017727639033,-0.0008333472224535399,0.730620467365034,-0.00040290088638195165
91967,23.36038933982233,0.7284448025785657,560,681,1241,0.0,-0.0008333472224535399,0.7300564061240994,-0.0005640612409347323
91968,23.359555992599876,0.7276390008058018,560,681,1241,-0.0008058017727639033,-0.0008333472224535399,0.7294923448831646,-0.0005640612409347323
91969,23.358722645377423,0.7268331990330379,560,681,1241,-0.0008058017727639033,-0.0008333472224535399,0.72892828364223,-0.0005640612409347323
91970,23.35788929815497,0.7300564061240935,560,681,1241,0.003223207091055613,-0.0008333472224535399,0.7287671232876771,-0.00016116035455278067
91971,23.357055950932516,0.7300564061240935,560,681,1241,0.0,-0.0008333472224535399,0.7286865431104006,-8.058017727639034e-05
91972,23.356222603710062,0.7308622078968574,560,681,1241,0.0008058017727639033,-0.0008333472224535399,0.7286865431104006,0.0
91973,23.35538925648761,0.7284448025785657,560,681,1241,-0.00241740531829171,-0.0008333472224535399,0.7286059629331242,-8.058017727639034e-05
91974,23.35455590926515,0.7300564061240935,560,681,1241,0.0016116035455278066,-0.0008333472224570926,0.7288477034649533,0.00024174053182917098
91975,23.353722562042698,0.7300564061240935,560,681,1241,0.0,-0.0008333472224535399,0.7290894439967825,0.00024174053182917098
91976,23.352889214820244,0.7300564061240935,560,681,1241,0.0,-0.0008333472224535399,0.7292506043513354,0.00016116035455278067
91977,23.35205586759779,0.7308622078968574,560,681,1241,0.0008058017727639033,-0.0008333472224535399,0.7294923448831645,0.00024174053182917098
91978,23.351222520375337,0.7300564061240935,560,681,1241,-0.0008058017727639033,-0.0008333472224535399,0.7297340854149936,0.00024174053182917098
91979,23.350389173152884,0.7292506043513296,560,681,1241,-0.0008058017727639033,-0.0008333472224535399,0.7299758259468229,0.00024174053182917098
91980,23.34955582593043,0.7300564061240935,560,681,1241,0.0008058017727639033,-0.0008333472224535399,0.7299758259468229,0.0
91981,23.348722478707977,0.7292506043513296,560,681,1241,-0.0008058017727639033,-0.0008333472224535399,0.7298952457695466,-8.058017727639034e-05
91982,23.347889131485523,0.7292506043513296,560,681,1241,0.0,-0.0008333472224535399,0.7297340854149938,-0.00016116035455278067
91983,23.34705578426307,0.7276390008058018,560,681,1241,-0.0016116035455278066,-0.0008333472224535399,0.7296535052377174,-8.058017727639034e-05
91984,23.346222437040616,0.7276390008058018,560,681,1241,0.0,-0.0008333472224535399,0.7294117647058883,-0.00024174053182917098
91985,23.345389089818163,0.7284448025785657,560,681,1241,0.0008058017727639033,-0.0008333472224535399,0.7292506043513354,-0.00016116035455278067
91986,23.34455574259571,0.7284448025785657,560,681,1241,0.0,-0.0008333472224535399,0.7290894439967825,-0.00016116035455278067
91987,23.343722395373256,0.7284448025785657,560,681,1241,0.0,-0.0008333472224535399,0.7288477034649533,-0.00024174053182917098
91988,23.342889048150802,0.7284448025785657,560,681,1241,0.0,-0.0008333472224535399,0.7286865431104005,-0.00016116035455278067
91989,23.34205570092835,0.7284448025785657,560,681,1241,0.0,-0.0008333472224535399,0.7286059629331241,-8.058017727639034e-05
91990,23.341222353705895,0.7276390008058018,560,681,1241,-0.0008058017727639033,-0.0008333472224535399,0.728364222401295,-0.00024174053182917098
91991,23.34038900648344,0.726027397260274,560,681,1241,-0.0016116035455278066,-0.0008333472224535399,0.7280419016921894,-0.00032232070910556134
91992,23.339555659260988,0.7244157937147462,560,681,1241,-0.0016116035455278066,-0.0008333472224535399,0.7275584206285312,-0.00048348106365834196
91993,23.338722312038534,0.7228041901692184,560,681,1241,-0.0016116035455278066,-0.0008333472224535399,0.7270749395648728,-0.00048348106365834196
91994,23.33788896481608,0.7228041901692184,560,681,1241,0.0,-0.0008333472224535399,0.7265914585012145,-0.00048348106365834196
91995,23.337055617593624,0.7228041901692184,560,681,1241,0.0,-0.0008333472224570926,0.7260273972602798,-0.0005640612409347323
91996,23.33622227037117,0.7228041901692184,560,681,1241,0.0,-0.0008333472224535399,0.725463336019345,-0.0005640612409347323
91997,23.335388923148717,0.7211925866236906,560,681,1241,-0.0016116035455278066,-0.0008333472224535399,0.7247381144238574,-0.000725221595487513
91998,23.334555575926263,0.7219983883964545,560,681,1241,0.0008058017727639033,-0.0008333472224535399,0.7240934730056463,-0.0006446414182111227
91999,23.33372222870381,0.7236099919419823,560,681,1241,0.0016116035455278066,-0.0008333472224535399,0.7236099919419879,-0.00048348106365834196
92000,23.332888881481356,0.7228041901692184,560,681,1241,-0.0008058017727639033,-0.0008333472224535399,0.7231265108783296,-0.00048348106365834196
92001,23.332055534258902,0.7195809830781628,560,681,1241,-0.003223207091055613,-0.0008333472224535399,0.7224818694601185,-0.0006446414182111227
92002,23.33122218703645,0.7195809830781628,560,681,1241,0.0,-0.0008333472224535399,0.7219983883964601,-0.00048348106365834196
92003,23.330388839813995,0.7187751813053989,560,681,1241,-0.0008058017727639033,-0.0008333472224535399,0.7215954875100782,-0.00040290088638195165
92004,23.329555492591542,0.7195809830781628,560,681,1241,0.0008058017727639033,-0.0008333472224535399,0.7212731668009726,-0.00032232070910556134
92005,23.32872214536909,0.7195809830781628,560,681,1241,0.0,-0.0008333472224535399,0.7209508460918671,-0.00032232070910556134
92006,23.327888798146635,0.7203867848509267,560,681,1241,0.0008058017727639033,-0.0008333472224535399,0.720709105560038,-0.00024174053182917098
92007,23.32705545092418,0.7195809830781628,560,681,1241,-0.0008058017727639033,-0.0008333472224535399,0.7205479452054852,-0.00016116035455278067
92008,23.326222103701728,0.7187751813053989,560,681,1241,-0.0008058017727639033,-0.0008333472224535399,0.7202256244963796,-0.00032232070910556134
92009,23.325388756479274,0.7195809830781628,560,681,1241,0.0008058017727639033,-0.0008333472224535399,0.7198227236099977,-0.00040290088638195165
92010,23.32455540925682,0.7195809830781628,560,681,1241,0.0,-0.0008333472224535399,0.719500402900892,-0.00032232070910556134
92011,23.323722062034367,0.7195809830781628,560,681,1241,0.0,-0.0008333472224535399,0.719500402900892,0.0
92012,23.322888714811914,0.7211925866236906,560,681,1241,0.0016116035455278066,-0.0008333472224535399,0.7196615632554448,0.00016116035455278067
92013,23.32205536758946,0.7203867848509267,560,681,1241,-0.0008058017727639033,-0.0008333472224535399,0.7198227236099977,0.00016116035455278067
92014,23.321222020367006,0.717969379532635,560,681,1241,-0.00241740531829171,-0.0008333472224535399,0.7196615632554448,-0.00016116035455278067
92015,23.320388673144553,0.7195809830781628,560,681,1241,0.0016116035455278066,-0.0008333472224535399,0.7196615632554448,0.0
92016,23.3195553259221,0.717969379532635,560,681,1241,-0.0016116035455278066,-0.0008333472224535399,0.7194198227236156,-0.00024174053182917098
92017,23.318721978699642,0.7187751813053989,560,681,1241,0.0008058017727639033,-0.0008333472224570926,0.7193392425463393,-8.058017727639034e-05
92018,23.31788863147719,0.717969379532635,560,681,1241,-0.0008058017727639033,-0.0008333472224535399,0.7192586623690629,-8.058017727639034e-05
92019,23.317055284254735,0.717163577759871,560,681,1241,-0.0008058017727639033,-0.0008333472224535399,0.7190169218372338,-0.00024174053182917098
92020,23.31622193703228,0.717163577759871,560,681,1241,0.0,-0.0008333472224535399,0.7187751813054046,-0.00024174053182917098
92021,23.315388589809828,0.717163577759871,560,681,1241,0.0,-0.0008333472224535399,0.7185334407735755,-0.00024174053182917098
92022,23.314555242587375,0.717163577759871,560,681,1241,0.0,-0.0008333472224535399,0.7181305398871936,-0.00040290088638195165
92023,23.31372189536492,0.7187751813053989,560,681,1241,0.0016116035455278066,-0.0008333472224535399,0.7179693795326407,-0.00016116035455278067
92024,23.312888548142467,0.7163577759871071,560,681,1241,-0.00241740531829171,-0.0008333472224535399,0.717808219178088,-0.00016116035455278067
92025,23.312055200920014,0.717163577759871,560,681,1241,0.0008058017727639033,-0.0008333472224535399,0.7175664786462589,-0.00024174053182917098
92026,23.31122185369756,0.717163577759871,560,681,1241,0.0,-0.0008333472224535399,0.7174858984689825,-8.058017727639034e-05
92027,23.310388506475107,0.717163577759871,560,681,1241,0.0,-0.0008333472224535399,0.7173247381144298,-0.00016116035455278067
92028,23.309555159252653,0.717969379532635,560,681,1241,0.0008058017727639033,-0.0008333472224535399,0.7173247381144298,0.0
92029,23.3087218120302,0.7163577759871071,560,681,1241,-0.0016116035455278066,-0.0008333472224535399,0.7172441579371533,-8.058017727639034e-05
92030,23.307888464807746,0.7155519742143432,560,681,1241,-0.0008058017727639033,-0.0008333472224535399,0.7170829975826005,-0.00016116035455278067
92031,23.307055117585293,0.7147461724415793,560,681,1241,-0.0008058017727639033,-0.0008333472224535399,0.7168412570507713,-0.00024174053182917098
92032,23.30622177036284,0.7139403706688154,560,681,1241,-0.0008058017727639033,-0.0008333472224535399,0.7165189363416657,-0.00032232070910556134
92033,23.305388423140386,0.7139403706688154,560,681,1241,0.0,-0.0008333472224535399,0.7160354552780074,-0.00048348106365834196
92034,23.304555075917932,0.7147461724415793,560,681,1241,0.0008058017727639033,-0.0008333472224535399,0.7158742949234547,-0.00016116035455278067
92035,23.30372172869548,0.7139403706688154,560,681,1241,-0.0008058017727639033,-0.0008333472224535399,0.715551974214349,-0.00032232070910556134
92036,23.302888381473025,0.7131345688960515,560,681,1241,-0.0008058017727639033,-0.0008333472224535399,0.7151490733279671,-0.00040290088638195165
92037,23.30205503425057,0.7131345688960515,560,681,1241,0.0,-0.0008333472224535399,0.7147461724415851,-0.00040290088638195165
92038,23.301221687028114,0.7115229653505237,560,681,1241,-0.0016116035455278066,-0.0008333472224570926,0.7141015310233739,-0.0006446414182111227
92039,23.30038833980566,0.7115229653505237,560,681,1241,0.0,-0.0008333472224535399,0.7136180499597156,-0.00048348106365834196
92040,23.299554992583207,0.7107171635777598,560,681,1241,-0.0008058017727639033,-0.0008333472224535399,0.7131345688960573,-0.00048348106365834196
92041,23.298721645360754,0.7107171635777598,560,681,1241,0.0,-0.0008333472224535399,0.7127316680096754,-0.00040290088638195165
92042,23.2978882981383,0.7082997582594682,560,681,1241,-0.002417405318291599,-0.0008333472224535399,0.7121676067687406,-0.0005640612409347212
92043,23.297054950915847,0.7066881547139404,560,681,1241,-0.0016116035455278066,-0.0008333472224535399,0.711442385173253,-0.0007252215954875018
92044,23.296221603693393,0.7042707493956487,560,681,1241,-0.00241740531829171,-0.0008333472224535399,0.71039484286866,-0.0010475423045930633
92045,23.29538825647094,0.7026591458501209,560,681,1241,-0.0016116035455278066,-0.0008333472224535399,0.7092667203867905,-0.0011281224818694535
92046,23.294554909248486,0.7010475423045931,560,681,1241,-0.0016116035455278066,-0.0008333472224535399,0.7080580177276448,-0.001208702659145844
92047,23.293721562026033,0.7010475423045931,560,681,1241,0.0,-0.0008333472224535399,0.7068493150684989,-0.001208702659145844
92048,23.29288821480358,0.7002417405318292,560,681,1241,-0.0008058017727639033,-0.0008333472224535399,0.7057211925866295,-0.0011281224818694535
92049,23.292054867581125,0.7002417405318292,560,681,1241,0.0,-0.0008333472224535399,0.70459307010476,-0.0011281224818694535
92050,23.291221520358672,0.7010475423045931,560,681,1241,0.0008058017727639033,-0.0008333472224535399,0.7036261079774433,-0.0009669621273166729
92051,23.29038817313622,0.7010475423045931,560,681,1241,0.0,-0.0008333472224535399,0.7026591458501266,-0.0009669621273166729
92052,23.289554825913765,0.701853344077357,560,681,1241,0.0008058017727639033,-0.0008333472224535399,0.7020145044319155,-0.0006446414182111227
92053,23.28872147869131,0.701853344077357,560,681,1241,0.0,-0.0008333472224535399,0.7015310233682571,-0.00048348106365834196
92054,23.287888131468858,0.7034649476228848,560,681,1241,0.0016116035455278066,-0.0008333472224535399,0.7014504431909807,-8.058017727639034e-05
92055,23.287054784246404,0.701853344077357,560,681,1241,-0.0016116035455278066,-0.0008333472224535399,0.7013698630137043,-8.058017727639034e-05
92056,23.28622143702395,0.701853344077357,560,681,1241,0.0,-0.0008333472224535399,0.7014504431909806,8.058017727639034e-05
92057,23.285388089801497,0.701853344077357,560,681,1241,0.0,-0.0008333472224535399,0.701531023368257,8.058017727639034e-05
92058,23.284554742579044,0.7010475423045931,560,681,1241,-0.0008058017727639033,-0.0008333472224535399,0.7016116035455334,8.058017727639034e-05
92059,23.283721395356586,0.7002417405318292,560,681,1241,-0.0008058017727639033,-0.0008333472224570926,0.7016116035455334,0.0
92060,23.282888048134133,0.6986301369863014,560,681,1241,-0.0016116035455278066,-0.0008333472224535399,0.7013698630137042,-0.00024174053182917098
92061,23.28205470091168,0.6970185334407736,560,681,1241,-0.0016116035455278066,-0.0008333472224535399,0.7009669621273222,-0.00040290088638195165
92062,23.281221353689226,0.6970185334407736,560,681,1241,0.0,-0.0008333472224535399,0.7004834810636639,-0.00048348106365834196
92063,23.280388006466772,0.6978243352135375,560,681,1241,0.0008058017727639033,-0.0008333472224535399,0.7000805801772819,-0.00040290088638195165
92064,23.27955465924432,0.6970185334407736,560,681,1241,-0.0008058017727639033,-0.0008333472224535399,0.6994359387590708,-0.0006446414182111227
92065,23.278721312021865,0.6962127316680097,560,681,1241,-0.0008058017727639033,-0.0008333472224535399,0.6988718775181362,-0.0005640612409347323
92066,23.27788796479941,0.6954069298952458,560,681,1241,-0.0008058017727639033,-0.0008333472224535399,0.698227236099925,-0.0006446414182111227
92067,23.277054617576958,0.6962127316680097,560,681,1241,0.0008058017727639033,-0.0008333472224535399,0.6976631748589903,-0.0005640612409347323
92068,23.276221270354505,0.693795326349718,560,681,1241,-0.00241740531829171,-0.0008333472224535399,0.6969379532635027,-0.000725221595487513
92069,23.27538792313205,0.693795326349718,560,681,1241,0.0,-0.0008333472224535399,0.6962933118452916,-0.0006446414182111227
92070,23.274554575909598,0.693795326349718,560,681,1241,0.0,-0.0008333472224535399,0.6958098307816333,-0.00048348106365834196
92071,23.273721228687144,0.693795326349718,560,681,1241,0.0,-0.0008333472224535399,0.6954875100725277,-0.00032232070910556134
92072,23.27288788146469,0.6954069298952458,560,681,1241,0.0016116035455278066,-0.0008333472224535399,0.6953263497179749,-0.00016116035455278067
92073,23.272054534242237,0.693795326349718,560,681,1241,-0.0016116035455278066,-0.0008333472224535399,0.694923448831593,-0.00040290088638195165
92074,23.271221187019783,0.6929895245769541,560,681,1241,-0.0008058017727639033,-0.0008333472224535399,0.694520547945211,-0.00040290088638195165
92075,23.27038783979733,0.6929895245769541,560,681,1241,0.0,-0.0008333472224535399,0.6941982272361055,-0.00032232070910556134
92076,23.269554492574876,0.693795326349718,560,681,1241,0.0008058017727639033,-0.0008333472224535399,0.6940370668815528,-0.00016116035455278067
92077,23.268721145352423,0.693795326349718,560,681,1241,0.0,-0.0008333472224535399,0.6937953263497235,-0.00024174053182917098
92078,23.26788779812997,0.6946011281224819,560,681,1241,0.0008058017727639033,-0.0008333472224535399,0.6938759065269999,8.058017727639034e-05
92079,23.267054450907516,0.6921837228041902,560,681,1241,-0.00241740531829171,-0.0008333472224535399,0.6937147461724471,-0.00016116035455278067
92080,23.26622110368506,0.6921837228041902,560,681,1241,0.0,-0.0008333472224570926,0.6935535858178944,-0.00016116035455278067
92081,23.265387756462605,0.6929895245769541,560,681,1241,0.0008058017727639033,-0.0008333472224535399,0.693473005640618,-8.058017727639034e-05
92082,23.26455440924015,0.6929895245769541,560,681,1241,0.0,-0.0008333472224535399,0.6932312651087889,-0.00024174053182917098
92083,23.263721062017698,0.693795326349718,560,681,1241,0.0008058017727639033,-0.0008333472224535399,0.6932312651087889,0.0
92084,23.262887714795244,0.6921837228041902,560,681,1241,-0.0016116035455278066,-0.0008333472224535399,0.6931506849315124,-8.058017727639034e-05
92085,23.26205436757279,0.6946011281224819,560,681,1241,0.00241740531829171,-0.0008333472224535399,0.6933118452860653,0.00016116035455278067
92086,23.261221020350337,0.693795326349718,560,681,1241,-0.0008058017727639033,-0.0008333472224535399,0.6933118452860653,0.0
92087,23.260387673127884,0.6913779210314263,560,681,1241,-0.00241740531829171,-0.0008333472224535399,0.6930701047542361,-0.00024174053182917098
92088,23.25955432590543,0.6897663174858985,560,681,1241,-0.0016116035455278066,-0.0008333472224535399,0.6925866236905778,-0.00048348106365834196
92089,23.258720978682977,0.6889605157131345,560,681,1241,-0.0008058017727639033,-0.0008333472224535399,0.6922643029814722,-0.00032232070910556134
92090,23.257887631460523,0.6897663174858985,560,681,1241,0.0008058017727639033,-0.0008333472224535399,0.6920225624496431,-0.00024174053182917098
92091,23.25705428423807,0.6905721192586624,560,681,1241,0.0008058017727639033,-0.0008333472224535399,0.6917808219178139,-0.00024174053182917098
92092,23.256220937015616,0.6913779210314263,560,681,1241,0.0008058017727639033,-0.0008333472224535399,0.691619661563261,-0.00016116035455278067
92093,23.255387589793163,0.6913779210314263,560,681,1241,0.0,-0.0008333472224535399,0.6913779210314319,-0.00024174053182917098
92094,23.25455424257071,0.6921837228041902,560,681,1241,0.0008058017727639033,-0.0008333472224535399,0.6913779210314319,0.0
92095,23.253720895348255,0.6913779210314263,560,681,1241,-0.0008058017727639033,-0.0008333472224535399,0.6910556003223264,-0.00032232070910556134
92096,23.252887548125802,0.6897663174858985,560,681,1241,-0.0016116035455278066,-0.0008333472224535399,0.6906526994359445,-0.00040290088638195165
92097,23.25205420090335,0.6897663174858985,560,681,1241,0.0,-0.0008333472224535399,0.6904915390813917,-0.00016116035455278067
92098,23.251220853680895,0.6881547139403706,560,681,1241,-0.0016116035455278066,-0.0008333472224535399,0.6903303787268389,-0.00016116035455278067
92099,23.25038750645844,0.6889605157131345,560,681,1241,0.0008058017727639033,-0.0008333472224535399,0.6903303787268389,0.0
92100,23.249554159235988,0.6881547139403706,560,681,1241,-0.0008058017727639033,-0.0008333472224535399,0.6901692183722862,-0.00016116035455278067
92101,23.24872081201353,0.6889605157131345,560,681,1241,0.0008058017727639033,-0.0008333472224570926,0.6900080580177334,-0.00016116035455278067
92102,23.247887464791077,0.6889605157131345,560,681,1241,0.0,-0.0008333472224535399,0.6897663174859041,-0.00024174053182917098
92103,23.247054117568624,0.6889605157131345,560,681,1241,0.0,-0.0008333472224535399,0.689524576954075,-0.00024174053182917098
92104,23.24622077034617,0.6873489121676067,560,681,1241,-0.0016116035455278066,-0.0008333472224535399,0.6890410958904166,-0.00048348106365834196
92105,23.245387423123717,0.6873489121676067,560,681,1241,0.0,-0.0008333472224535399,0.6886381950040346,-0.00040290088638195165
92106,23.244554075901263,0.6873489121676067,560,681,1241,0.0,-0.0008333472224535399,0.6883964544722054,-0.00024174053182917098
92107,23.24372072867881,0.6857373086220789,560,681,1241,-0.0016116035455278066,-0.0008333472224535399,0.6879935535858234,-0.00040290088638195165
92108,23.242887381456356,0.6865431103948428,560,681,1241,0.0008058017727639033,-0.0008333472224535399,0.6878323932312707,-0.00016116035455278067
92109,23.242054034233902,0.684931506849315,560,681,1241,-0.0016116035455278066,-0.0008333472224535399,0.6874294923448887,-0.00040290088638195165
92110,23.24122068701145,0.684931506849315,560,681,1241,0.0,-0.0008333472224535399,0.6871071716357832,-0.00032232070910556134
92111,23.240387339788995,0.6841257050765511,560,681,1241,-0.0008058017727639033,-0.0008333472224535399,0.6866236905721248,-0.00048348106365834196
92112,23.23955399256654,0.684931506849315,560,681,1241,0.0008058017727639033,-0.0008333472224535399,0.6862207896857428,-0.00040290088638195165
92113,23.238720645344088,0.684931506849315,560,681,1241,0.0,-0.0008333472224535399,0.685817888799361,-0.00040290088638195165
92114,23.237887298121635,0.6833199033037872,560,681,1241,-0.0016116035455278066,-0.0008333472224535399,0.6854149879129791,-0.00040290088638195165
92115,23.23705395089918,0.6825141015310233,560,681,1241,-0.0008058017727639033,-0.0008333472224535399,0.6849315068493207,-0.00048348106365834196
92116,23.236220603676728,0.6825141015310233,560,681,1241,0.0,-0.0008333472224535399,0.6844480257856624,-0.00048348106365834196
92117,23.235387256454274,0.6825141015310233,560,681,1241,0.0,-0.0008333472224535399,0.6841257050765568,-0.00032232070910556134
92118,23.23455390923182,0.6809024979854955,560,681,1241,-0.0016116035455278066,-0.0008333472224535399,0.683561643835622,-0.0005640612409347323
92119,23.233720562009367,0.6817082997582594,560,681,1241,0.0008058017727639033,-0.0008333472224535399,0.6832393231265165,-0.00032232070910556134
92120,23.232887214786913,0.6817082997582594,560,681,1241,0.0,-0.0008333472224535399,0.6829170024174109,-0.00032232070910556134
92121,23.23205386756446,0.6825141015310233,560,681,1241,0.0008058017727639033,-0.0008333472224535399,0.6827558420628581,-0.00016116035455278067
92122,23.231220520342003,0.6833199033037872,560,681,1241,0.0008058017727639033,-0.0008333472224570926,0.6825946817083054,-0.00016116035455278067
92123,23.23038717311955,0.6841257050765511,560,681,1241,0.0008058017727639033,-0.0008333472224535399,0.682514101531029,-8.058017727639034e-05
92124,23.229553825897096,0.6833199033037872,560,681,1241,-0.0008058017727639033,-0.0008333472224535399,0.682514101531029,0.0
92125,23.228720478674642,0.6833199033037872,560,681,1241,0.0,-0.0008333472224535399,0.6825946817083054,8.058017727639034e-05
92126,23.22788713145219,0.6817082997582594,560,681,1241,-0.0016116035455278066,-0.0008333472224535399,0.682514101531029,-8.058017727639034e-05
92127,23.227053784229735,0.6809024979854955,560,681,1241,-0.0008058017727639033,-0.0008333472224535399,0.6823529411764763,-0.00016116035455278067
92128,23.22622043700728,0.6809024979854955,560,681,1241,0.0,-0.0008333472224535399,0.6823529411764763,0.0
92129,23.225387089784828,0.6809024979854955,560,681,1241,0.0,-0.0008333472224535399,0.6822723609991999,-8.058017727639034e-05
92130,23.224553742562374,0.6817082997582594,560,681,1241,0.0008058017727639033,-0.0008333472224535399,0.6822723609991999,0.0
92131,23.22372039533992,0.6833199033037872,560,681,1241,0.0016116035455278066,-0.0008333472224535399,0.6823529411764763,8.058017727639034e-05
92132,23.222887048117467,0.6817082997582594,560,681,1241,-0.0016116035455278066,-0.0008333472224535399,0.6821917808219234,-0.00016116035455278067
92133,23.222053700895014,0.6817082997582594,560,681,1241,0.0,-0.0008333472224535399,0.6819500402900943,-0.00024174053182917098
92134,23.22122035367256,0.6809024979854955,560,681,1241,-0.0008058017727639033,-0.0008333472224535399,0.6817082997582651,-0.00024174053182917098
92135,23.220387006450107,0.6809024979854955,560,681,1241,0.0,-0.0008333472224535399,0.681466559226436,-0.00024174053182917098
92136,23.219553659227653,0.6817082997582594,560,681,1241,0.0008058017727639033,-0.0008333472224535399,0.681466559226436,0.0
92137,23.2187203120052,0.6800966962127317,560,681,1241,-0.0016116035455276956,-0.0008333472224535399,0.6813859790491595,-8.058017727637922e-05
92138,23.217886964782746,0.6800966962127317,560,681,1241,0.0,-0.0008333472224535399,0.6813053988718832,-8.058017727637922e-05
92139,23.217053617560293,0.6800966962127317,560,681,1241,0.0,-0.0008333472224535399,0.6812248186946068,-8.058017727637922e-05
92140,23.21622027033784,0.6800966962127317,560,681,1241,0.0,-0.0008333472224535399,0.6810636583400541,-0.00016116035455276956
92141,23.215386923115386,0.6792908944399678,560,681,1241,-0.0008058017727639033,-0.0008333472224535399,0.680660757453672,-0.00040290088638194054
92142,23.214553575892932,0.6800966962127317,560,681,1241,0.0008058017727639033,-0.0008333472224535399,0.6804995970991193,-0.00016116035455276956
92143,23.21372022867048,0.6792908944399678,560,681,1241,-0.0008058017727639033,-0.0008333472224535399,0.6802578565672901,-0.0002417405318291599
92144,23.21288688144802,0.6768734891216761,560,681,1241,-0.00241740531829171,-0.0008333472224570926,0.6798549556809081,-0.00040290088638194054
92145,23.212053534225568,0.6768734891216761,560,681,1241,0.0,-0.0008333472224535399,0.6794520547945263,-0.00040290088638194054
92146,23.211220187003114,0.6760676873489122,560,681,1241,-0.0008058017727639033,-0.0008333472224535399,0.6788879935535915,-0.0005640612409347212
92147,23.21038683978066,0.6744560838033844,560,681,1241,-0.0016116035455278066,-0.0008333472224535399,0.6783239323126569,-0.0005640612409347323
92148,23.209553492558207,0.6736502820306205,560,681,1241,-0.0008058017727639033,-0.0008333472224535399,0.6776792908944457,-0.0006446414182111227
92149,23.208720145335754,0.6744560838033844,560,681,1241,0.0008058017727639033,-0.0008333472224535399,0.6771152296535109,-0.0005640612409347323
92150,23.2078867981133,0.6744560838033844,560,681,1241,0.0,-0.0008333472224535399,0.6765511684125761,-0.0005640612409347323
92151,23.207053450890847,0.6728444802578566,560,681,1241,-0.0016116035455278066,-0.0008333472224535399,0.6759065269943652,-0.0006446414182111227
92152,23.206220103668393,0.6712328767123288,560,681,1241,-0.0016116035455278066,-0.0008333472224535399,0.6750201450443248,-0.0008863819500402936
92153,23.20538675644594,0.669621273166801,560,681,1241,-0.0016116035455278066,-0.0008333472224535399,0.6740531829170082,-0.0009669621273166839
92154,23.204553409223486,0.669621273166801,560,681,1241,0.0,-0.0008333472224535399,0.6733279613215207,-0.000725221595487513
92155,23.203720062001032,0.6688154713940371,560,681,1241,-0.0008058017727639033,-0.0008333472224535399,0.6725221595487568,-0.0008058017727639033
92156,23.20288671477858,0.6680096696212732,560,681,1241,-0.0008058017727639033,-0.0008333472224535399,0.671716357775993,-0.0008058017727639033
92157,23.202053367556125,0.6680096696212732,560,681,1241,0.0,-0.0008333472224535399,0.6710717163577818,-0.0006446414182111227
92158,23.201220020333672,0.6672038678485093,560,681,1241,-0.0008058017727639033,-0.0008333472224535399,0.6704270749395708,-0.0006446414182111227
92159,23.20038667311122,0.6672038678485093,560,681,1241,0.0,-0.0008333472224535399,0.6697018533440833,-0.000725221595487513
92160,23.199553325888765,0.6663980660757454,560,681,1241,-0.0008058017727639033,-0.0008333472224535399,0.6688960515713193,-0.0008058017727639033
92161,23.19871997866631,0.6663980660757454,560,681,1241,0.0,-0.0008333472224535399,0.6682514101531082,-0.0006446414182111227
92162,23.197886631443858,0.6680096696212732,560,681,1241,0.0016116035455278066,-0.0008333472224535399,0.6679290894440026,-0.00032232070910556134
92163,23.197053284221404,0.6672038678485093,560,681,1241,-0.0008058017727639033,-0.0008333472224535399,0.6676873489121734,-0.00024174053182917098
92164,23.19621993699895,0.6680096696212732,560,681,1241,0.0008058017727639033,-0.0008333472224535399,0.6675261885576207,-0.00016116035455278067
92165,23.195386589776493,0.669621273166801,560,681,1241,0.0016116035455278066,-0.0008333472224570926,0.667606768734897,8.058017727639034e-05
92166,23.19455324255404,0.6688154713940371,560,681,1241,-0.0008058017727639033,-0.0008333472224535399,0.6676873489121734,8.058017727639034e-05
92167,23.193719895331586,0.6680096696212732,560,681,1241,-0.0008058017727639033,-0.0008333472224535399,0.6676873489121734,0.0
92168,23.192886548109133,0.6672038678485093,560,681,1241,-0.0008058017727639033,-0.0008333472224535399,0.6676873489121734,0.0
92169,23.19205320088668,0.6663980660757454,560,681,1241,-0.0008058017727639033,-0.0008333472224535399,0.667606768734897,-8.058017727639034e-05
92170,23.191219853664226,0.6663980660757454,560,681,1241,0.0,-0.0008333472224535399,0.667606768734897,0.0
92171,23.190386506441772,0.6672038678485093,560,681,1241,0.0008058017727639033,-0.0008333472224535399,0.6676873489121734,8.058017727639034e-05
92172,23.18955315921932,0.6680096696212732,560,681,1241,0.0008058017727639033,-0.0008333472224535399,0.6676873489121734,0.0
92173,23.188719811996865,0.6680096696212732,560,681,1241,0.0,-0.0008333472224535399,0.6677679290894498,8.058017727639034e-05
92174,23.18788646477441,0.6680096696212732,560,681,1241,0.0,-0.0008333472224535399,0.6677679290894497,0.0
92175,23.187053117551958,0.6672038678485093,560,681,1241,-0.0008058017727639033,-0.0008333472224535399,0.6675261885576205,-0.00024174053182917098
92176,23.186219770329505,0.669621273166801,560,681,1241,0.00241740531829171,-0.0008333472224535399,0.6676067687348969,8.058017727639034e-05
92177,23.18538642310705,0.6704270749395649,560,681,1241,0.0008058017727639033,-0.0008333472224535399,0.6678485092667261,0.00024174053182917098
92178,23.184553075884597,0.669621273166801,560,681,1241,-0.0008058017727639033,-0.0008333472224535399,0.6680902497985552,0.00024174053182917098
92179,23.183719728662144,0.669621273166801,560,681,1241,0.0,-0.0008333472224535399,0.6684125705076609,0.00032232070910556134
92180,23.18288638143969,0.6704270749395649,560,681,1241,0.0008058017727639033,-0.0008333472224535399,0.6688154713940427,0.00040290088638195165
92181,23.182053034217237,0.669621273166801,560,681,1241,-0.0008058017727639033,-0.0008333472224535399,0.6690572119258719,0.00024174053182917098
92182,23.181219686994783,0.669621273166801,560,681,1241,0.0,-0.0008333472224535399,0.6692183722804247,0.00016116035455278067
92183,23.18038633977233,0.6704270749395649,560,681,1241,0.0008058017727639033,-0.0008333472224535399,0.6694601128122539,0.00024174053182917098
92184,23.179552992549876,0.6712328767123288,560,681,1241,0.0008058017727639033,-0.0008333472224535399,0.6697824335213595,0.00032232070910556134
92185,23.178719645327423,0.669621273166801,560,681,1241,-0.0016116035455278066,-0.0008333472224535399,0.6700241740531886,0.00024174053182917098
92186,23.177886298104966,0.6704270749395649,560,681,1241,0.0008058017727639033,-0.0008333472224570926,0.670104754230465,8.058017727639034e-05
92187,23.177052950882512,0.669621273166801,560,681,1241,-0.0008058017727639033,-0.0008333472224535399,0.6700241740531886,-8.058017727639034e-05
92188,23.17621960366006,0.6688154713940371,560,681,1241,-0.0008058017727639033,-0.0008333472224535399,0.6699435938759122,-8.058017727639034e-05
92189,23.175386256437605,0.6663980660757454,560,681,1241,-0.00241740531829171,-0.0008333472224535399,0.6696212731668065,-0.00032232070910556134
92190,23.17455290921515,0.6672038678485093,560,681,1241,0.0008058017727639033,-0.0008333472224535399,0.669298952457701,-0.00032232070910556134
92191,23.173719561992698,0.6672038678485093,560,681,1241,0.0,-0.0008333472224535399,0.6690572119258718,-0.00024174053182917098
92192,23.172886214770244,0.6680096696212732,560,681,1241,0.0008058017727639033,-0.0008333472224535399,0.6688960515713192,-0.00016116035455278067
92193,23.17205286754779,0.6672038678485093,560,681,1241,-0.0008058017727639033,-0.0008333472224535399,0.6685737308622135,-0.00032232070910556134
92194,23.171219520325337,0.6647864625302176,560,681,1241,-0.00241740531829171,-0.0008333472224535399,0.6679290894440024,-0.0006446414182111227
92195,23.170386173102884,0.6623690572119258,560,681,1241,-0.00241740531829171,-0.0008333472224535399,0.6672038678485149,-0.000725221595487513
92196,23.16955282588043,0.6623690572119258,560,681,1241,0.0,-0.0008333472224535399,0.666398066075751,-0.0008058017727639033
92197,23.168719478657977,0.6631748589846898,560,681,1241,0.0008058017727639033,-0.0008333472224535399,0.6657534246575401,-0.0006446414182111227
92198,23.167886131435523,0.661563255439162,560,681,1241,-0.0016116035455278066,-0.0008333472224535399,0.6650282030620526,-0.000725221595487513
92199,23.16705278421307,0.661563255439162,560,681,1241,0.0,-0.0008333472224535399,0.6645447219983943,-0.00048348106365834196
92200,23.166219436990616,0.6599516518936341,560,681,1241,-0.0016116035455278066,-0.0008333472224535399,0.6638195004029067,-0.000725221595487513
92201,23.165386089768162,0.6591458501208702,560,681,1241,-0.0008058017727639033,-0.0008333472224535399,0.6630136986301428,-0.0008058017727639033
92202,23.16455274254571,0.6591458501208702,560,681,1241,0.0,-0.0008333472224535399,0.6621273166801025,-0.0008863819500402936
92203,23.163719395323255,0.6575342465753424,560,681,1241,-0.0016116035455278066,-0.0008333472224535399,0.6611603545527858,-0.0009669621273166839
92204,23.162886048100802,0.6559226430298146,560,681,1241,-0.0016116035455278066,-0.0008333472224535399,0.6602739726027455,-0.0008863819500402936
92205,23.16205270087835,0.6559226430298146,560,681,1241,0.0,-0.0008333472224535399,0.6596293311845344,-0.0006446414182111227
92206,23.161219353655895,0.6551168412570507,560,681,1241,-0.0008058017727639033,-0.0008333472224535399,0.6589041095890469,-0.000725221595487513
92207,23.160386006433438,0.6551168412570507,560,681,1241,0.0,-0.0008333472224570926,0.6580983078162831,-0.0008058017727639033
92208,23.159552659210984,0.6551168412570507,560,681,1241,0.0,-0.0008333472224535399,0.6574536663980719,-0.0006446414182111227
92209,23.15871931198853,0.6543110394842868,560,681,1241,-0.0008058017727639033,-0.0008333472224535399,0.6567284448025845,-0.000725221595487513
92210,23.157885964766077,0.6535052377115229,560,681,1241,-0.0008058017727639033,-0.0008333472224535399,0.6560838033843733,-0.0006446414182111227
92211,23.157052617543624,0.6535052377115229,560,681,1241,0.0,-0.0008333472224535399,0.6555197421434386,-0.0005640612409347323
92212,23.15621927032117,0.6535052377115229,560,681,1241,0.0,-0.0008333472224535399,0.6549556809025038,-0.0005640612409347323
92213,23.155385923098716,0.6535052377115229,560,681,1241,0.0,-0.0008333472224535399,0.6545527800161218,-0.00040290088638195165
92214,23.154552575876263,0.6518936341659952,560,681,1241,-0.0016116035455276956,-0.0008333472224535399,0.6541498791297399,-0.00040290088638194054
92215,23.15371922865381,0.6526994359387591,560,681,1241,0.0008058017727639033,-0.0008333472224535399,0.6538275584206343,-0.00032232070910555023
92216,23.152885881431356,0.6526994359387591,560,681,1241,0.0,-0.0008333472224535399,0.6535858178888052,-0.0002417405318291599
92217,23.152052534208902,0.6543110394842868,560,681,1241,0.0016116035455276956,-0.0008333472224535399,0.6535052377115289,-8.058017727639034e-05
92218,23.15121918698645,0.6526994359387591,560,681,1241,-0.0016116035455276956,-0.0008333472224535399,0.6532634971796997,-0.0002417405318291599
92219,23.150385839763995,0.6518936341659952,560,681,1241,-0.0008058017727639033,-0.0008333472224535399,0.6530217566478705,-0.0002417405318291599
92220,23.14955249254154,0.6494762288477035,560,681,1241,-0.00241740531829171,-0.0008333472224535399,0.6526188557614885,-0.00040290088638194054
92221,23.148719145319088,0.6502820306204674,560,681,1241,0.0008058017727639033,-0.0008333472224535399,0.6522965350523829,-0.00032232070910555023
92222,23.147885798096635,0.6502820306204674,560,681,1241,0.0,-0.0008333472224535399,0.6519742143432774,-0.00032232070910555023
92223,23.14705245087418,0.6502820306204674,560,681,1241,0.0,-0.0008333472224535399,0.6516518936341719,-0.00032232070910555023
92224,23.146219103651728,0.6502820306204674,560,681,1241,0.0,-0.0008333472224535399,0.651490733279619,-0.00016116035455278067
92225,23.145385756429274,0.6518936341659952,560,681,1241,0.0016116035455278066,-0.0008333472224535399,0.6514101531023427,-8.058017727639034e-05
92226,23.14455240920682,0.6518936341659952,560,681,1241,0.0,-0.0008333472224535399,0.6513295729250663,-8.058017727639034e-05
92227,23.143719061984367,0.6510878323932313,560,681,1241,-0.0008058017727639033,-0.0008333472224535399,0.6510072522159608,-0.00032232070910555023
92228,23.14288571476191,0.6510878323932313,560,681,1241,0.0,-0.0008333472224570926,0.6508460918614081,-0.00016116035455278067
92229,23.142052367539456,0.6478646253021757,560,681,1241,-0.003223207091055613,-0.0008333472224535399,0.650443190975026,-0.00040290088638195165
92230,23.141219020317003,0.6502820306204674,560,681,1241,0.00241740531829171,-0.0008333472224535399,0.6505237711523024,8.058017727639034e-05
92231,23.14038567309455,0.6502820306204674,560,681,1241,0.0,-0.0008333472224535399,0.6505237711523024,0.0
92232,23.139552325872096,0.6502820306204674,560,681,1241,0.0,-0.0008333472224535399,0.6505237711523024,0.0
92233,23.138718978649642,0.6494762288477035,560,681,1241,-0.0008058017727639033,-0.0008333472224535399,0.650443190975026,-8.058017727639034e-05
92234,23.13788563142719,0.6494762288477035,560,681,1241,0.0,-0.0008333472224535399,0.6503626107977496,-8.058017727639034e-05
92235,23.137052284204735,0.6494762288477035,560,681,1241,0.0,-0.0008333472224535399,0.6501208702659204,-0.00024174053182917098
92236,23.13621893698228,0.6470588235294118,560,681,1241,-0.00241740531829171,-0.0008333472224535399,0.649637389202262,-0.00048348106365834196
92237,23.135385589759828,0.6470588235294118,560,681,1241,0.0,-0.0008333472224535399,0.6492344883158802,-0.00040290088638195165
92238,23.134552242537374,0.6470588235294118,560,681,1241,0.0,-0.0008333472224535399,0.6488315874294982,-0.00040290088638195165
92239,23.13371889531492,0.645447219983884,560,681,1241,-0.0016116035455278066,-0.0008333472224535399,0.6485898468976691,-0.00024174053182917098
92240,23.132885548092467,0.645447219983884,560,681,1241,0.0,-0.0008333472224535399,0.6481063658340107,-0.00048348106365834196
92241,23.132052200870014,0.645447219983884,560,681,1241,0.0,-0.0008333472224535399,0.6476228847703525,-0.00048348106365834196
92242,23.13121885364756,0.645447219983884,560,681,1241,0.0,-0.0008333472224535399,0.6471394037066941,-0.00048348106365834196
92243,23.130385506425107,0.6470588235294118,560,681,1241,0.0016116035455278066,-0.0008333472224535399,0.646897663174865,-0.00024174053182917098
92244,23.129552159202653,0.6462530217566479,560,681,1241,-0.0008058017727639033,-0.0008333472224535399,0.6465753424657594,-0.00032232070910556134
92245,23.1287188119802,0.6462530217566479,560,681,1241,0.0,-0.0008333472224535399,0.6462530217566538,-0.00032232070910556134
92246,23.127885464757746,0.6446414182111201,560,681,1241,-0.0016116035455278066,-0.0008333472224535399,0.6460112812248247,-0.00024174053182917098
92247,23.127052117535293,0.6462530217566479,560,681,1241,0.0016116035455278066,-0.0008333472224535399,0.6459307010475481,-8.058017727639034e-05
92248,23.12621877031284,0.645447219983884,560,681,1241,-0.0008058017727639033,-0.0008333472224535399,0.6457695406929954,-0.00016116035455278067
92249,23.125385423090385,0.645447219983884,560,681,1241,0.0,-0.0008333472224535399,0.6457695406929954,0.0
92250,23.12455207586793,0.6446414182111201,560,681,1241,-0.0008058017727639033,-0.0008333472224570926,0.645688960515719,-8.058017727639034e-05
92251,23.123718728645475,0.645447219983884,560,681,1241,0.0008058017727639033,-0.0008333472224535399,0.645688960515719,0.0
92252,23.12288538142302,0.645447219983884,560,681,1241,0.0,-0.0008333472224535399,0.645688960515719,0.0
92253,23.122052034200568,0.6470588235294118,560,681,1241,0.0016116035455278066,-0.0008333472224535399,0.645688960515719,0.0
92254,23.121218686978114,0.6470588235294118,560,681,1241,0.0,-0.0008333472224535399,0.6457695406929954,8.058017727639034e-05
92255,23.12038533975566,0.6478646253021757,560,681,1241,0.0008058017727639033,-0.0008333472224535399,0.6459307010475481,0.00016116035455278067
92256,23.119551992533207,0.6478646253021757,560,681,1241,0.0,-0.0008333472224535399,0.6462530217566538,0.00032232070910556134
92257,23.118718645310754,0.6470588235294118,560,681,1241,-0.0008058017727639033,-0.0008333472224535399,0.6463336019339302,8.058017727639034e-05
92258,23.1178852980883,0.6462530217566479,560,681,1241,-0.0008058017727639033,-0.0008333472224535399,0.6464141821112065,8.058017727639034e-05
92259,23.117051950865847,0.6446414182111201,560,681,1241,-0.0016116035455278066,-0.0008333472224535399,0.6463336019339301,-8.058017727639034e-05
92260,23.116218603643393,0.6438356164383562,560,681,1241,-0.0008058017727639033,-0.0008333472224535399,0.6462530217566538,-8.058017727639034e-05
92261,23.11538525642094,0.6446414182111201,560,681,1241,0.0008058017727639033,-0.0008333472224535399,0.6461724415793773,-8.058017727639034e-05
92262,23.114551909198486,0.645447219983884,560,681,1241,0.0008058017727639033,-0.0008333472224535399,0.6461724415793773,0.0
92263,23.113718561976032,0.6446414182111201,560,681,1241,-0.0008058017727639033,-0.0008333472224535399,0.6459307010475481,-0.00024174053182917098
92264,23.11288521475358,0.6446414182111201,560,681,1241,0.0,-0.0008333472224535399,0.6456889605157189,-0.00024174053182917098
92265,23.112051867531125,0.6438356164383562,560,681,1241,-0.0008058017727639033,-0.0008333472224535399,0.6452860596293369,-0.00040290088638195165
92266,23.11121852030867,0.6406124093473006,560,681,1241,-0.003223207091055613,-0.0008333472224535399,0.6445608380338494,-0.000725221595487513
92267,23.110385173086218,0.6406124093473006,560,681,1241,0.0,-0.0008333472224535399,0.6439161966156384,-0.0006446414182111227
92268,23.109551825863765,0.6398066075745367,560,681,1241,-0.0008058017727639033,-0.0008333472224535399,0.6432715551974273,-0.0006446414182111227
92269,23.10871847864131,0.6398066075745367,560,681,1241,0.0,-0.0008333472224535399,0.6427880741337689,-0.00048348106365834196
92270,23.107885131418858,0.6398066075745367,560,681,1241,0.0,-0.0008333472224535399,0.6423851732473869,-0.00040290088638195165
92271,23.1070517841964,0.6398066075745367,560,681,1241,0.0,-0.0008333472224570926,0.6419016921837286,-0.00048348106365834196
92272,23.106218436973947,0.6398066075745367,560,681,1241,0.0,-0.0008333472224535399,0.6413376309427938,-0.0005640612409347323
92273,23.105385089751493,0.6390008058017728,560,681,1241,-0.0008058017727639033,-0.0008333472224535399,0.6407735697018591,-0.0005640612409347323
92274,23.10455174252904,0.637389202256245,560,681,1241,-0.0016116035455278066,-0.0008333472224535399,0.6400483481063717,-0.000725221595487513
92275,23.103718395306586,0.637389202256245,560,681,1241,0.0,-0.0008333472224535399,0.6394037066881605,-0.0006446414182111227
92276,23.102885048084133,0.6357775987107172,560,681,1241,-0.0016116035455278066,-0.0008333472224535399,0.6389202256245021,-0.00048348106365834196
92277,23.10205170086168,0.636583400483481,560,681,1241,0.0008058017727639033,-0.0008333472224535399,0.6385173247381202,-0.00040290088638195165
92278,23.101218353639226,0.636583400483481,560,681,1241,0.0,-0.0008333472224535399,0.6381950040290146,-0.00032232070910556134
92279,23.100385006416772,0.6357775987107172,560,681,1241,-0.0008058017727639033,-0.0008333472224535399,0.6377921031426327,-0.00040290088638195165
92280,23.09955165919432,0.6357775987107172,560,681,1241,0.0,-0.0008333472224535399,0.6373892022562508,-0.00040290088638195165
92281,23.098718311971865,0.6333601933924254,560,681,1241,-0.00241740531829171,-0.0008333472224535399,0.6367445608380397,-0.0006446414182111227
92282,23.09788496474941,0.6341659951651893,560,681,1241,0.0008058017727639033,-0.0008333472224535399,0.636180499597105,-0.0005640612409347323
92283,23.097051617526958,0.6341659951651893,560,681,1241,0.0,-0.0008333472224535399,0.6356970185334466,-0.00048348106365834196
92284,23.096218270304504,0.6325543916196615,560,681,1241,-0.0016116035455278066,-0.0008333472224535399,0.6352135374697883,-0.00048348106365834196
92285,23.09538492308205,0.6333601933924254,560,681,1241,0.0008058017727639033,-0.0008333472224535399,0.6348106365834063,-0.00040290088638195165
92286,23.094551575859597,0.6317485898468976,560,681,1241,-0.0016116035455278066,-0.0008333472224535399,0.6344077356970244,-0.00040290088638195165
92287,23.093718228637144,0.6325543916196615,560,681,1241,0.0008058017727639033,-0.0008333472224535399,0.6340048348106424,-0.00040290088638195165
92288,23.09288488141469,0.6325543916196615,560,681,1241,0.0,-0.0008333472224535399,0.6336019339242605,-0.00040290088638195165
92289,23.092051534192237,0.6325543916196615,560,681,1241,0.0,-0.0008333472224535399,0.6332796132151549,-0.00032232070910556134
92290,23.091218186969783,0.6325543916196615,560,681,1241,0.0,-0.0008333472224535399,0.6329572925060494,-0.00032232070910556134
92291,23.09038483974733,0.6333601933924254,560,681,1241,0.0008058017727639033,-0.0008333472224535399,0.6329572925060494,0.0
92292,23.089551492524873,0.6333601933924254,560,681,1241,0.0,-0.0008333472224570926,0.632876712328773,-8.058017727639034e-05
92293,23.08871814530242,0.6333601933924254,560,681,1241,0.0,-0.0008333472224535399,0.6327961321514965,-8.058017727639034e-05
92294,23.087884798079966,0.6325543916196615,560,681,1241,-0.0008058017727639033,-0.0008333472224535399,0.6327961321514965,0.0
92295,23.087051450857512,0.6325543916196615,560,681,1241,0.0,-0.0008333472224535399,0.6327155519742201,-8.058017727639034e-05
92296,23.08621810363506,0.6333601933924254,560,681,1241,0.0008058017727639033,-0.0008333472224535399,0.632876712328773,0.00016116035455278067
92297,23.085384756412605,0.6325543916196615,560,681,1241,-0.0008058017727639033,-0.0008333472224535399,0.632876712328773,0.0
92298,23.08455140919015,0.6317485898468976,560,681,1241,-0.0008058017727639033,-0.0008333472224535399,0.6327961321514965,-8.058017727639034e-05
92299,23.083718061967698,0.6309427880741337,560,681,1241,-0.0008058017727639033,-0.0008333472224535399,0.6326349717969437,-0.00016116035455278067
92300,23.082884714745244,0.6309427880741337,560,681,1241,0.0,-0.0008333472224535399,0.6324738114423909,-0.00016116035455278067
92301,23.08205136752279,0.6277195809830781,560,681,1241,-0.003223207091055613,-0.0008333472224535399,0.6319097502014562,-0.0005640612409347323
92302,23.081218020300337,0.6293311845286059,560,681,1241,0.0016116035455278066,-0.0008333472224535399,0.6315068493150744,-0.00040290088638195165
92303,23.080384673077884,0.6293311845286059,560,681,1241,0.0,-0.0008333472224535399,0.6311039484286924,-0.00040290088638195165
92304,23.07955132585543,0.6293311845286059,560,681,1241,0.0,-0.0008333472224535399,0.6307816277195869,-0.00032232070910556134
92305,23.078717978632977,0.628525382755842,560,681,1241,-0.0008058017727639033,-0.0008333472224535399,0.6303787268332048,-0.00040290088638195165
92306,23.077884631410523,0.628525382755842,560,681,1241,0.0,-0.0008333472224535399,0.6298952457695466,-0.00048348106365834196
92307,23.07705128418807,0.6293311845286059,560,681,1241,0.0008058017727639033,-0.0008333472224535399,0.6295729250604409,-0.00032232070910556134
92308,23.076217936965616,0.6293311845286059,560,681,1241,0.0,-0.0008333472224535399,0.6293311845286118,-0.00024174053182917098
92309,23.075384589743162,0.6293311845286059,560,681,1241,0.0,-0.0008333472224535399,0.6291700241740591,-0.00016116035455278067
92310,23.07455124252071,0.6293311845286059,560,681,1241,0.0,-0.0008333472224535399,0.6290088638195063,-0.00016116035455278067
92311,23.073717895298255,0.628525382755842,560,681,1241,-0.0008058017727639033,-0.0008333472224535399,0.6290894439967827,8.058017727639034e-05
92312,23.072884548075802,0.6277195809830781,560,681,1241,-0.0008058017727639033,-0.0008333472224535399,0.6289282836422299,-0.00016116035455278067
92313,23.072051200853345,0.6277195809830781,560,681,1241,0.0,-0.0008333472224570926,0.628767123287677,-0.00016116035455278067
92314,23.07121785363089,0.6277195809830781,560,681,1241,0.0,-0.0008333472224535399,0.6286059629331243,-0.00016116035455278067
92315,23.070384506408438,0.6277195809830781,560,681,1241,0.0,-0.0008333472224535399,0.6285253827558479,-8.058017727639034e-05
92316,23.069551159185984,0.6277195809830781,560,681,1241,0.0,-0.0008333472224535399,0.6284448025785716,-8.058017727639034e-05
92317,23.06871781196353,0.628525382755842,560,681,1241,0.0008058017727639033,-0.0008333472224535399,0.6283642224012952,-8.058017727639034e-05
92318,23.067884464741077,0.6277195809830781,560,681,1241,-0.0008058017727639033,-0.0008333472224535399,0.6282030620467424,-0.00016116035455278067
92319,23.067051117518623,0.6277195809830781,560,681,1241,0.0,-0.0008333472224535399,0.6280419016921897,-0.00016116035455278067
92320,23.06621777029617,0.6261079774375503,560,681,1241,-0.0016116035455278066,-0.0008333472224535399,0.627719580983084,-0.00032232070910556134
92321,23.065384423073716,0.6269137792103142,560,681,1241,0.0008058017727639033,-0.0008333472224535399,0.6275584206285313,-0.00016116035455278067
92322,23.064551075851263,0.6269137792103142,560,681,1241,0.0,-0.0008333472224535399,0.6274778404512549,-8.058017727639034e-05
92323,23.06371772862881,0.6253021756647864,560,681,1241,-0.0016116035455278066,-0.0008333472224535399,0.6272360999194256,-0.00024174053182917098
92324,23.062884381406356,0.6244963738920226,560,681,1241,-0.0008058017727637923,-0.0008333472224535399,0.6269137792103201,-0.00032232070910555023
92325,23.062051034183902,0.6253021756647864,560,681,1241,0.0008058017727637923,-0.0008333472224535399,0.6266720386784909,-0.00024174053182917098
92326,23.06121768696145,0.6236905721192587,560,681,1241,-0.0016116035455276956,-0.0008333472224535399,0.6262691377921088,-0.00040290088638194054
92327,23.060384339738995,0.6228847703464948,560,681,1241,-0.0008058017727639033,-0.0008333472224535399,0.6257050765511741,-0.0005640612409347212
92328,23.05955099251654,0.6228847703464948,560,681,1241,0.0,-0.0008333472224535399,0.6252215954875158,-0.0004834810636583309
92329,23.058717645294088,0.6228847703464948,560,681,1241,0.0,-0.0008333472224535399,0.6247381144238575,-0.0004834810636583309
92330,23.057884298071635,0.6220789685737309,560,681,1241,-0.0008058017727639033,-0.0008333472224535399,0.6243352135374755,-0.00040290088638194054
92331,23.05705095084918,0.6220789685737309,560,681,1241,0.0,-0.0008333472224535399,0.6238517324738171,-0.0004834810636583309
92332,23.056217603626727,0.6220789685737309,560,681,1241,0.0,-0.0008333472224535399,0.6233682514101588,-0.0004834810636583309
92333,23.055384256404274,0.621273166800967,560,681,1241,-0.0008058017727639033,-0.0008333472224535399,0.6229653505237769,-0.00040290088638194054
92334,23.054550909181817,0.6204673650282031,560,681,1241,-0.0008058017727639033,-0.0008333472224570926,0.6225624496373949,-0.00040290088638195165
92335,23.053717561959363,0.6204673650282031,560,681,1241,0.0,-0.0008333472224535399,0.6220789685737366,-0.0004834810636583309
92336,23.05288421473691,0.6188557614826753,560,681,1241,-0.0016116035455278066,-0.0008333472224535399,0.6215954875100782,-0.00048348106365834196
92337,23.052050867514456,0.6180499597099114,560,681,1241,-0.0008058017727639033,-0.0008333472224535399,0.6211120064464198,-0.00048348106365834196
92338,23.051217520292003,0.6172441579371475,560,681,1241,-0.0008058017727639033,-0.0008333472224535399,0.6205479452054851,-0.0005640612409347323
92339,23.05038417306955,0.6172441579371475,560,681,1241,0.0,-0.0008333472224535399,0.6199838839645503,-0.0005640612409347323
92340,23.049550825847096,0.6172441579371475,560,681,1241,0.0,-0.0008333472224535399,0.6195004029008919,-0.00048348106365834196
92341,23.048717478624642,0.6156325543916197,560,681,1241,-0.0016116035455278066,-0.0008333472224535399,0.6188557614826808,-0.0006446414182111227
92342,23.04788413140219,0.6164383561643836,560,681,1241,0.0008058017727639033,-0.0008333472224535399,0.6182917002417462,-0.0005640612409347323
92343,23.047050784179735,0.6164383561643836,560,681,1241,0.0,-0.0008333472224535399,0.6178082191780878,-0.00048348106365834196
92344,23.04621743695728,0.6164383561643836,560,681,1241,0.0,-0.0008333472224535399,0.6174053182917059,-0.00040290088638195165
92345,23.045384089734828,0.6164383561643836,560,681,1241,0.0,-0.0008333472224535399,0.617002417405324,-0.00040290088638195165
92346,23.044550742512374,0.6172441579371475,560,681,1241,0.0008058017727639033,-0.0008333472224535399,0.6168412570507712,-0.00016116035455278067
92347,23.04371739528992,0.6180499597099114,560,681,1241,0.0008058017727639033,-0.0008333472224535399,0.6168412570507712,0.0
92348,23.042884048067467,0.6180499597099114,560,681,1241,0.0,-0.0008333472224535399,0.6169218372280476,8.058017727639034e-05
92349,23.042050700845014,0.6188557614826753,560,681,1241,0.0008058017727639033,-0.0008333472224535399,0.6170829975826004,0.00016116035455278067
92350,23.04121735362256,0.6180499597099114,560,681,1241,-0.0008058017727639033,-0.0008333472224535399,0.6171635777598768,8.058017727639034e-05
92351,23.040384006400107,0.6172441579371475,560,681,1241,-0.0008058017727639033,-0.0008333472224535399,0.6173247381144297,0.00016116035455278067
92352,23.039550659177653,0.6172441579371475,560,681,1241,0.0,-0.0008333472224535399,0.617405318291706,8.058017727639034e-05
92353,23.0387173119552,0.6172441579371475,560,681,1241,0.0,-0.0008333472224535399,0.6174858984689824,8.058017727639034e-05
92354,23.037883964732746,0.6164383561643836,560,681,1241,-0.0008058017727639033,-0.0008333472224535399,0.6174858984689824,0.0
92355,23.03705061751029,0.6164383561643836,560,681,1241,0.0,-0.0008333472224570926,0.6174858984689824,0.0
92356,23.036217270287835,0.6172441579371475,560,681,1241,0.0008058017727639033,-0.0008333472224535399,0.6174858984689824,0.0
92357,23.035383923065382,0.6164383561643836,560,681,1241,-0.0008058017727639033,-0.0008333472224535399,0.6173247381144296,-0.00016116035455278067
92358,23.03455057584293,0.6156325543916197,560,681,1241,-0.0008058017727639033,-0.0008333472224535399,0.6170829975826003,-0.00024174053182917098
92359,23.033717228620475,0.6164383561643836,560,681,1241,0.0008058017727639033,-0.0008333472224535399,0.6168412570507712,-0.00024174053182917098
92360,23.03288388139802,0.6172441579371475,560,681,1241,0.0008058017727639033,-0.0008333472224535399,0.6167606768734948,-8.058017727639034e-05
92361,23.032050534175568,0.6172441579371475,560,681,1241,0.0,-0.0008333472224535399,0.6167606768734948,0.0
92362,23.031217186953114,0.6172441579371475,560,681,1241,0.0,-0.0008333472224535399,0.6167606768734948,0.0
92363,23.03038383973066,0.6164383561643836,560,681,1241,-0.0008058017727639033,-0.0008333472224535399,0.6166800966962185,-8.058017727639034e-05
92364,23.029550492508207,0.6164383561643836,560,681,1241,0.0,-0.0008333472224535399,0.6166800966962185,0.0
92365,23.028717145285754,0.6172441579371475,560,681,1241,0.0008058017727639033,-0.0008333472224535399,0.6167606768734948,8.058017727639034e-05
92366,23.0278837980633,0.6172441579371475,560,681,1241,0.0,-0.0008333472224535399,0.6167606768734948,0.0
92367,23.027050450840846,0.6164383561643836,560,681,1241,-0.0008058017727639033,-0.0008333472224535399,0.6167606768734948,0.0
92368,23.026217103618393,0.6164383561643836,560,681,1241,0.0,-0.0008333472224535399,0.6168412570507712,8.058017727639034e-05
92369,23.02538375639594,0.6156325543916197,560,681,1241,-0.0008058017727639033,-0.0008333472224535399,0.6167606768734948,-8.058017727639034e-05
92370,23.024550409173486,0.6156325543916197,560,681,1241,0.0,-0.0008333472224535399,0.616599516518942,-0.00016116035455278067
92371,23.023717061951032,0.6148267526188558,560,681,1241,-0.0008058017727639033,-0.0008333472224535399,0.6163577759871128,-0.00024174053182917098
92372,23.02288371472858,0.6140209508460919,560,681,1241,-0.0008058017727639033,-0.0008333472224535399,0.6160354552780073,-0.00032232070910556134
92373,23.022050367506125,0.6140209508460919,560,681,1241,0.0,-0.0008333472224535399,0.6157937147461781,-0.00024174053182917098
92374,23.02121702028367,0.6140209508460919,560,681,1241,0.0,-0.0008333472224535399,0.6155519742143489,-0.00024174053182917098
92375,23.020383673061218,0.6140209508460919,560,681,1241,0.0,-0.0008333472224535399,0.6152296535052433,-0.00032232070910556134
92376,23.019550325838765,0.6148267526188558,560,681,1241,0.0008058017727639033,-0.0008333472224535399,0.6149879129734142,-0.00024174053182917098
92377,23.018716978616308,0.6140209508460919,560,681,1241,-0.0008058017727639033,-0.0008333472224570926,0.614746172441585,-0.00024174053182917098
92378,23.017883631393854,0.6148267526188558,560,681,1241,0.0008058017727639033,-0.0008333472224535399,0.6145850120870322,-0.00016116035455278067
92379,23.0170502841714,0.613215149073328,560,681,1241,-0.0016116035455278066,-0.0008333472224535399,0.6143432715552031,-0.00024174053182917098
92380,23.016216936948947,0.613215149073328,560,681,1241,0.0,-0.0008333472224535399,0.614101531023374,-0.00024174053182917098
92381,23.015383589726493,0.6124093473005641,560,681,1241,-0.0008058017727639033,-0.0008333472224535399,0.6138597904915447,-0.00024174053182917098
92382,23.01455024250404,0.613215149073328,560,681,1241,0.0008058017727639033,-0.0008333472224535399,0.6137792103142684,-8.058017727639034e-05
92383,23.013716895281586,0.6140209508460919,560,681,1241,0.0008058017727639033,-0.0008333472224535399,0.6137792103142684,0.0
92384,23.012883548059133,0.6124093473005641,560,681,1241,-0.0016116035455278066,-0.0008333472224535399,0.6136180499597156,-0.00016116035455278067
92385,23.01205020083668,0.6124093473005641,560,681,1241,0.0,-0.0008333472224535399,0.6134568896051629,-0.00016116035455278067
92386,23.011216853614226,0.6124093473005641,560,681,1241,0.0,-0.0008333472224535399,0.6132151490733336,-0.00024174053182917098
92387,23.010383506391772,0.6124093473005641,560,681,1241,0.0,-0.0008333472224535399,0.6130539887187808,-0.00016116035455278067
92388,23.00955015916932,0.6124093473005641,560,681,1241,0.0,-0.0008333472224535399,0.6128122481869516,-0.00024174053182917098
92389,23.008716811946865,0.613215149073328,560,681,1241,0.0008058017727639033,-0.0008333472224535399,0.6128122481869516,0.0
92390,23.00788346472441,0.6124093473005641,560,681,1241,-0.0008058017727639033,-0.0008333472224535399,0.6127316680096752,-8.058017727639034e-05
92391,23.007050117501958,0.6124093473005641,560,681,1241,0.0,-0.0008333472224535399,0.6127316680096752,0.0
92392,23.006216770279504,0.6124093473005641,560,681,1241,0.0,-0.0008333472224535399,0.6126510878323987,-8.058017727639034e-05
92393,23.00538342305705,0.6124093473005641,560,681,1241,0.0,-0.0008333472224535399,0.6124899274778459,-0.00016116035455278067
92394,23.004550075834597,0.613215149073328,560,681,1241,0.0008058017727639033,-0.0008333472224535399,0.6125705076551224,8.058017727639034e-05
92395,23.003716728612144,0.6140209508460919,560,681,1241,0.0008058017727639033,-0.0008333472224535399,0.6127316680096752,0.00016116035455278067
92396,23.00288338138969,0.6156325543916197,560,681,1241,0.0016116035455278066,-0.0008333472224535399,0.6130539887187807,0.00032232070910556134
92397,23.002050034167237,0.6148267526188558,560,681,1241,-0.0008058017727639033,-0.0008333472224535399,0.6132957292506099,0.00024174053182917098
92398,23.00121668694478,0.6156325543916197,560,681,1241,0.0008058017727639033,-0.0008333472224570926,0.6136180499597155,0.00032232070910556134
92399,23.000383339722326,0.6148267526188558,560,681,1241,-0.0008058017727639033,-0.0008333472224535399,0.6137792103142683,0.00016116035455278067
92400,22.999549992499873,0.6148267526188558,560,681,1241,0.0,-0.0008333472224535399,0.6140209508460975,0.00024174053182917098
92401,22.99871664527742,0.6148267526188558,560,681,1241,0.0,-0.0008333472224535399,0.6142626913779268,0.00024174053182917098
92402,22.997883298054965,0.6156325543916197,560,681,1241,0.0008058017727639033,-0.0008333472224535399,0.6145850120870323,0.00032232070910556134
92403,22.997049950832512,0.6164383561643836,560,681,1241,0.0008058017727639033,-0.0008333472224535399,0.6149879129734143,0.00040290088638195165
92404,22.99621660361006,0.6164383561643836,560,681,1241,0.0,-0.0008333472224535399,0.6153102336825198,0.00032232070910556134
92405,22.995383256387605,0.6180499597099114,560,681,1241,0.0016116035455278066,-0.0008333472224535399,0.6157131345689019,0.00040290088638195165
92406,22.99454990916515,0.6188557614826753,560,681,1241,0.0008058017727639033,-0.0008333472224535399,0.6160354552780074,0.00032232070910556134
92407,22.993716561942698,0.6196615632554392,560,681,1241,0.0008058017727639033,-0.0008333472224535399,0.6165189363416658,0.00048348106365834196
92408,22.992883214720244,0.6196615632554392,560,681,1241,0.0,-0.0008333472224535399,0.6169218372280477,0.00040290088638195165
92409,22.99204986749779,0.6196615632554392,560,681,1241,0.0,-0.0008333472224535399,0.6174053182917061,0.00048348106365834196
92410,22.991216520275337,0.6188557614826753,560,681,1241,-0.0008058017727639033,-0.0008333472224535399,0.617808219178088,0.00040290088638195165
92411,22.990383173052884,0.6188557614826753,560,681,1241,0.0,-0.0008333472224535399,0.6182111200644699,0.00040290088638195165
92412,22.98954982583043,0.6196615632554392,560,681,1241,0.0008058017727639033,-0.0008333472224535399,0.6186140209508519,0.00040290088638195165
92413,22.988716478607977,0.6188557614826753,560,681,1241,-0.0008058017727639033,-0.0008333472224535399,0.6188557614826811,0.00024174053182917098
92414,22.987883131385523,0.6180499597099114,560,681,1241,-0.0008058017727639033,-0.0008333472224535399,0.6190169218372338,0.00016116035455278067
92415,22.98704978416307,0.6188557614826753,560,681,1241,0.0008058017727639033,-0.0008333472224535399,0.6190975020145102,8.058017727639034e-05
92416,22.986216436940616,0.6172441579371475,560,681,1241,-0.0016116035455278066,-0.0008333472224535399,0.6189363416599574,-0.00016116035455278067
92417,22.985383089718162,0.6180499597099114,560,681,1241,0.0008058017727639033,-0.0008333472224535399,0.6187751813054045,-0.00016116035455278067
92418,22.98454974249571,0.6196615632554392,560,681,1241,0.0016116035455278066,-0.0008333472224535399,0.6187751813054045,0.0
92419,22.98371639527325,0.6204673650282031,560,681,1241,0.0008058017727639033,-0.0008333472224570926,0.618855761482681,8.058017727639034e-05
92420,22.982883048050798,0.6196615632554392,560,681,1241,-0.0008058017727639033,-0.0008333472224535399,0.6189363416599574,8.058017727639034e-05
92421,22.982049700828345,0.6204673650282031,560,681,1241,0.0008058017727639033,-0.0008333472224535399,0.6190975020145102,0.00016116035455278067
92422,22.98121635360589,0.6204673650282031,560,681,1241,0.0,-0.0008333472224535399,0.6191780821917865,8.058017727639034e-05
92423,22.980383006383438,0.621273166800967,560,681,1241,0.0008058017727639033,-0.0008333472224535399,0.6194198227236157,0.00024174053182917098
92424,22.979549659160984,0.621273166800967,560,681,1241,0.0,-0.0008333472224535399,0.6197421434327213,0.00032232070910556134
92425,22.97871631193853,0.6188557614826753,560,681,1241,-0.00241740531829171,-0.0008333472224535399,0.6197421434327213,0.0
92426,22.977882964716077,0.6196615632554392,560,681,1241,0.0008058017727639033,-0.0008333472224535399,0.6199838839645505,0.00024174053182917098
92427,22.977049617493623,0.6196615632554392,560,681,1241,0.0,-0.0008333472224535399,0.6201450443191032,0.00016116035455278067
92428,22.97621627027117,0.6196615632554392,560,681,1241,0.0,-0.0008333472224535399,0.6201450443191032,0.0
92429,22.975382923048716,0.6196615632554392,560,681,1241,0.0,-0.0008333472224535399,0.6200644641418269,-8.058017727639034e-05
92430,22.974549575826263,0.621273166800967,560,681,1241,0.0016116035455278066,-0.0008333472224535399,0.6202256244963797,0.00016116035455278067
92431,22.97371622860381,0.6220789685737309,560,681,1241,0.0008058017727639033,-0.0008333472224535399,0.6203867848509325,0.00016116035455278067
92432,22.972882881381356,0.6220789685737309,560,681,1241,0.0,-0.0008333472224535399,0.6205479452054853,0.00016116035455278067
92433,22.972049534158902,0.6220789685737309,560,681,1241,0.0,-0.0008333472224535399,0.6206285253827616,8.058017727639034e-05
92434,22.97121618693645,0.621273166800967,560,681,1241,-0.0008058017727639033,-0.0008333472224535399,0.6206285253827616,0.0
92435,22.970382839713995,0.621273166800967,560,681,1241,0.0,-0.0008333472224535399,0.6208702659145908,0.00024174053182917098
92436,22.96954949249154,0.621273166800967,560,681,1241,0.0,-0.0008333472224535399,0.6210314262691436,0.00016116035455278067
92437,22.968716145269088,0.621273166800967,560,681,1241,0.0,-0.0008333472224535399,0.6211925866236964,0.00016116035455278067
92438,22.967882798046634,0.6228847703464948,560,681,1241,0.0016116035455278066,-0.0008333472224535399,0.6215149073328019,0.00032232070910556134
92439,22.96704945082418,0.6228847703464948,560,681,1241,0.0,-0.0008333472224535399,0.6218372280419076,0.00032232070910556134
92440,22.966216103601724,0.6228847703464948,560,681,1241,0.0,-0.0008333472224570926,0.6219983883964603,0.00016116035455278067
92441,22.96538275637927,0.6228847703464948,560,681,1241,0.0,-0.0008333472224535399,0.6220789685737367,8.058017727639034e-05
92442,22.964549409156817,0.6236905721192587,560,681,1241,0.0008058017727639033,-0.0008333472224535399,0.6222401289282895,0.00016116035455278067
92443,22.963716061934363,0.6253021756647864,560,681,1241,0.0016116035455276956,-0.0008333472224535399,0.622562449637395,0.00032232070910555023
92444,22.96288271471191,0.6244963738920226,560,681,1241,-0.0008058017727637923,-0.0008333472224535399,0.6228847703465006,0.00032232070910556134
92445,22.962049367489456,0.6244963738920226,560,681,1241,0.0,-0.0008333472224535399,0.6232070910556062,0.00032232070910556134
92446,22.961216020267003,0.6244963738920226,560,681,1241,0.0,-0.0008333472224535399,0.6235294117647118,0.00032232070910556134
92447,22.96038267304455,0.6244963738920226,560,681,1241,0.0,-0.0008333472224535399,0.6238517324738173,0.00032232070910556134
92448,22.959549325822096,0.6220789685737309,560,681,1241,-0.00241740531829171,-0.0008333472224535399,0.6237711522965409,-8.058017727639034e-05
92449,22.958715978599642,0.6228847703464948,560,681,1241,0.0008058017727639033,-0.0008333472224535399,0.6237711522965409,0.0
92450,22.95788263137719,0.6236905721192587,560,681,1241,0.0008058017727639033,-0.0008333472224535399,0.6238517324738172,8.058017727639034e-05
92451,22.957049284154735,0.6236905721192587,560,681,1241,0.0,-0.0008333472224535399,0.6239323126510936,8.058017727639034e-05
92452,22.95621593693228,0.6236905721192587,560,681,1241,0.0,-0.0008333472224535399,0.6239323126510936,0.0
92453,22.955382589709828,0.6261079774375503,560,681,1241,0.002417405318291599,-0.0008333472224535399,0.62401289282837,8.058017727639034e-05
92454,22.954549242487374,0.6269137792103142,560,681,1241,0.0008058017727639033,-0.0008333472224535399,0.6242546333601992,0.0002417405318291599
92455,22.95371589526492,0.6269137792103142,560,681,1241,0.0,-0.0008333472224535399,0.6244963738920283,0.0002417405318291599
92456,22.952882548042467,0.6293311845286059,560,681,1241,0.00241740531829171,-0.0008333472224535399,0.6249798549556866,0.0004834810636583309
92457,22.952049200820014,0.6301369863013698,560,681,1241,0.0008058017727639033,-0.0008333472224535399,0.6255439161966213,0.0005640612409347212
92458,22.95121585359756,0.6317485898468976,560,681,1241,0.0016116035455278066,-0.0008333472224535399,0.6265108783239379,0.0009669621273166729
92459,22.950382506375107,0.6309427880741337,560,681,1241,-0.0008058017727639033,-0.0008333472224535399,0.6273166800967018,0.0008058017727638922
92460,22.949549159152653,0.6301369863013698,560,681,1241,-0.0008058017727639033,-0.0008333472224535399,0.627961321514913,0.0006446414182111115
92461,22.948715811930196,0.6293311845286059,560,681,1241,-0.0008058017727639033,-0.0008333472224570926,0.6285253827558478,0.0005640612409347212
92462,22.947882464707742,0.6309427880741337,560,681,1241,0.0016116035455278066,-0.0008333472224535399,0.6292506043513353,0.0007252215954875018
92463,22.94704911748529,0.6317485898468976,560,681,1241,0.0008058017727639033,-0.0008333472224535399,0.6298146655922701,0.0005640612409347323
92464,22.946215770262835,0.6301369863013698,560,681,1241,-0.0016116035455278066,-0.0008333472224535399,0.6301369863013756,0.00032232070910556134
92465,22.945382423040382,0.6317485898468976,560,681,1241,0.0016116035455278066,-0.0008333472224535399,0.630620467365034,0.00048348106365834196
92466,22.94454907581793,0.6309427880741337,560,681,1241,-0.0008058017727639033,-0.0008333472224535399,0.6307816277195867,0.00016116035455278067
92467,22.943715728595475,0.6317485898468976,560,681,1241,0.0008058017727639033,-0.0008333472224535399,0.6309427880741395,0.00016116035455278067
92468,22.94288238137302,0.6317485898468976,560,681,1241,0.0,-0.0008333472224535399,0.6309427880741395,0.0
92469,22.942049034150568,0.6309427880741337,560,681,1241,-0.0008058017727639033,-0.0008333472224535399,0.6309427880741395,0.0
92470,22.941215686928114,0.6309427880741337,560,681,1241,0.0,-0.0008333472224535399,0.6310233682514159,8.058017727639034e-05
92471,22.94038233970566,0.6301369863013698,560,681,1241,-0.0008058017727639033,-0.0008333472224535399,0.6311039484286922,8.058017727639034e-05
92472,22.939548992483207,0.6301369863013698,560,681,1241,0.0,-0.0008333472224535399,0.6310233682514158,-8.058017727639034e-05
92473,22.938715645260753,0.6301369863013698,560,681,1241,0.0,-0.0008333472224535399,0.6308622078968631,-0.00016116035455278067
92474,22.9378822980383,0.6293311845286059,560,681,1241,-0.0008058017727639033,-0.0008333472224535399,0.6307816277195867,-8.058017727639034e-05
92475,22.937048950815846,0.6301369863013698,560,681,1241,0.0008058017727639033,-0.0008333472224535399,0.630620467365034,-0.00016116035455278067
92476,22.936215603593393,0.6309427880741337,560,681,1241,0.0008058017727639033,-0.0008333472224535399,0.630620467365034,0.0
92477,22.93538225637094,0.6309427880741337,560,681,1241,0.0,-0.0008333472224535399,0.6305398871877576,-8.058017727639034e-05
92478,22.934548909148486,0.6293311845286059,560,681,1241,-0.0016116035455278066,-0.0008333472224535399,0.6302981466559284,-0.00024174053182917098
92479,22.933715561926032,0.6293311845286059,560,681,1241,0.0,-0.0008333472224535399,0.6301369863013757,-0.00016116035455278067
92480,22.93288221470358,0.6301369863013698,560,681,1241,0.0008058017727639033,-0.0008333472224535399,0.6300564061240992,-8.058017727639034e-05
92481,22.932048867481125,0.6317485898468976,560,681,1241,0.0016116035455278066,-0.0008333472224535399,0.630217566478652,0.00016116035455278067
92482,22.93121552025867,0.6317485898468976,560,681,1241,0.0,-0.0008333472224535399,0.6303787268332048,0.00016116035455278067
92483,22.930382173036215,0.6317485898468976,560,681,1241,0.0,-0.0008333472224570926,0.6305398871877576,0.00016116035455278067
92484,22.92954882581376,0.6317485898468976,560,681,1241,0.0,-0.0008333472224535399,0.6307816277195867,0.00024174053182917098
92485,22.928715478591307,0.6317485898468976,560,681,1241,0.0,-0.0008333472224535399,0.6309427880741395,0.00016116035455278067
92486,22.927882131368854,0.6309427880741337,560,681,1241,-0.0008058017727639033,-0.0008333472224535399,0.6309427880741395,0.0
92487,22.9270487841464,0.6309427880741337,560,681,1241,0.0,-0.0008333472224535399,0.6309427880741395,0.0
92488,22.926215436923947,0.6301369863013698,560,681,1241,-0.0008058017727639033,-0.0008333472224535399,0.6310233682514158,8.058017727639034e-05
92489,22.925382089701493,0.6309427880741337,560,681,1241,0.0008058017727639033,-0.0008333472224535399,0.6311845286059686,0.00016116035455278067
92490,22.92454874247904,0.6309427880741337,560,681,1241,0.0,-0.0008333472224535399,0.631265108783245,8.058017727639034e-05
92491,22.923715395256586,0.6317485898468976,560,681,1241,0.0008058017727639033,-0.0008333472224535399,0.631265108783245,0.0
92492,22.922882048034133,0.6309427880741337,560,681,1241,-0.0008058017727639033,-0.0008333472224535399,0.6311845286059687,-8.058017727639034e-05
92493,22.92204870081168,0.6317485898468976,560,681,1241,0.0008058017727639033,-0.0008333472224535399,0.6311845286059687,0.0
92494,22.921215353589226,0.6317485898468976,560,681,1241,0.0,-0.0008333472224535399,0.6311845286059687,0.0
92495,22.920382006366772,0.6317485898468976,560,681,1241,0.0,-0.0008333472224535399,0.6311845286059687,0.0
92496,22.91954865914432,0.6317485898468976,560,681,1241,0.0,-0.0008333472224535399,0.631265108783245,8.058017727639034e-05
92497,22.918715311921865,0.6317485898468976,560,681,1241,0.0,-0.0008333472224535399,0.6313456889605213,8.058017727639034e-05
92498,22.91788196469941,0.6301369863013698,560,681,1241,-0.0016116035455278066,-0.0008333472224535399,0.6313456889605213,0.0
92499,22.917048617476958,0.6301369863013698,560,681,1241,0.0,-0.0008333472224535399,0.6312651087832449,-8.058017727639034e-05
92500,22.916215270254504,0.6293311845286059,560,681,1241,-0.0008058017727639033,-0.0008333472224535399,0.6311039484286922,-0.00016116035455278067
92501,22.91538192303205,0.6277195809830781,560,681,1241,-0.0016116035455278066,-0.0008333472224535399,0.6307010475423103,-0.00040290088638195165
92502,22.914548575809597,0.628525382755842,560,681,1241,0.0008058017727639033,-0.0008333472224535399,0.630459307010481,-0.00024174053182917098
92503,22.913715228587144,0.628525382755842,560,681,1241,0.0,-0.0008333472224535399,0.6301369863013755,-0.00032232070910556134
92504,22.912881881364687,0.6277195809830781,560,681,1241,-0.0008058017727639033,-0.0008333472224570926,0.6297340854149935,-0.00040290088638195165
92505,22.912048534142233,0.6277195809830781,560,681,1241,0.0,-0.0008333472224535399,0.6293311845286117,-0.00040290088638195165
92506,22.91121518691978,0.6269137792103142,560,681,1241,-0.0008058017727639033,-0.0008333472224535399,0.6288477034649533,-0.00048348106365834196
92507,22.910381839697326,0.628525382755842,560,681,1241,0.0016116035455278066,-0.0008333472224535399,0.6285253827558478,-0.00032232070910556134
92508,22.909548492474872,0.628525382755842,560,681,1241,0.0,-0.0008333472224535399,0.628364222401295,-0.00016116035455278067
92509,22.90871514525242,0.6277195809830781,560,681,1241,-0.0008058017727639033,-0.0008333472224535399,0.6281224818694658,-0.00024174053182917098
92510,22.907881798029965,0.6277195809830781,560,681,1241,0.0,-0.0008333472224535399,0.6279613215149131,-0.00016116035455278067
92511,22.907048450807512,0.628525382755842,560,681,1241,0.0008058017727639033,-0.0008333472224535399,0.6280419016921894,8.058017727639034e-05
92512,22.90621510358506,0.628525382755842,560,681,1241,0.0,-0.0008333472224535399,0.6280419016921894,0.0
92513,22.905381756362605,0.628525382755842,560,681,1241,0.0,-0.0008333472224535399,0.6280419016921894,0.0
92514,22.90454840914015,0.6269137792103142,560,681,1241,-0.0016116035455278066,-0.0008333472224535399,0.627961321514913,-8.058017727639034e-05
92515,22.903715061917698,0.6253021756647864,560,681,1241,-0.0016116035455278066,-0.0008333472224535399,0.6277195809830838,-0.00024174053182917098
92516,22.902881714695244,0.6244963738920226,560,681,1241,-0.0008058017727637923,-0.0008333472224535399,0.6274778404512547,-0.0002417405318291599
92517,22.90204836747279,0.6253021756647864,560,681,1241,0.0008058017727637923,-0.0008333472224535399,0.6271555197421491,-0.00032232070910556134
92518,22.901215020250337,0.6244963738920226,560,681,1241,-0.0008058017727637923,-0.0008333472224535399,0.6267526188557672,-0.00040290088638194054
92519,22.900381673027884,0.6244963738920226,560,681,1241,0.0,-0.0008333472224535399,0.6264302981466616,-0.00032232070910555023
92520,22.89954832580543,0.6236905721192587,560,681,1241,-0.0008058017727639033,-0.0008333472224535399,0.6260273972602797,-0.00040290088638194054
92521,22.898714978582976,0.6236905721192587,560,681,1241,0.0,-0.0008333472224535399,0.6255439161966213,-0.0004834810636583309
92522,22.897881631360523,0.6244963738920226,560,681,1241,0.0008058017727639033,-0.0008333472224535399,0.6251410153102394,-0.00040290088638194054
92523,22.89704828413807,0.6236905721192587,560,681,1241,-0.0008058017727639033,-0.0008333472224535399,0.624657534246581,-0.0004834810636583309
92524,22.896214936915616,0.6244963738920226,560,681,1241,0.0008058017727639033,-0.0008333472224535399,0.6244157937147519,-0.0002417405318291599
92525,22.89538158969316,0.6253021756647864,560,681,1241,0.0008058017727637923,-0.0008333472224570926,0.6244157937147519,0.0
92526,22.894548242470705,0.6244963738920226,560,681,1241,-0.0008058017727637923,-0.0008333472224535399,0.6244157937147519,0.0
92527,22.89371489524825,0.6244963738920226,560,681,1241,0.0,-0.0008333472224535399,0.6243352135374756,-8.058017727637922e-05
92528,22.892881548025798,0.6261079774375503,560,681,1241,0.0016116035455276956,-0.0008333472224535399,0.6244963738920284,0.00016116035455276956
92529,22.892048200803345,0.6253021756647864,560,681,1241,-0.0008058017727639033,-0.0008333472224535399,0.6245769540693047,8.058017727637922e-05
92530,22.89121485358089,0.6261079774375503,560,681,1241,0.0008058017727639033,-0.0008333472224535399,0.6248186946011339,0.0002417405318291599
92531,22.890381506358437,0.6269137792103142,560,681,1241,0.0008058017727639033,-0.0008333472224535399,0.6251410153102395,0.00032232070910555023
92532,22.889548159135984,0.6261079774375503,560,681,1241,-0.0008058017727639033,-0.0008333472224535399,0.6253021756647923,0.00016116035455276956
92533,22.88871481191353,0.6253021756647864,560,681,1241,-0.0008058017727639033,-0.0008333472224535399,0.625463336019345,0.00016116035455276956
92534,22.887881464691077,0.6244963738920226,560,681,1241,-0.0008058017727637923,-0.0008333472224535399,0.625463336019345,0.0
92535,22.887048117468623,0.6244963738920226,560,681,1241,0.0,-0.0008333472224535399,0.6253827558420687,-8.058017727637922e-05
92536,22.88621477024617,0.6244963738920226,560,681,1241,0.0,-0.0008333472224535399,0.6253827558420687,0.0
92537,22.885381423023716,0.6253021756647864,560,681,1241,0.0008058017727637923,-0.0008333472224535399,0.625463336019345,8.058017727637922e-05
92538,22.884548075801263,0.6253021756647864,560,681,1241,0.0,-0.0008333472224535399,0.6253827558420686,-8.058017727639034e-05
92539,22.88371472857881,0.6253021756647864,560,681,1241,0.0,-0.0008333472224535399,0.6253827558420686,0.0
92540,22.882881381356356,0.6236905721192587,560,681,1241,-0.0016116035455276956,-0.0008333472224535399,0.6251410153102394,-0.0002417405318291599
92541,22.882048034133902,0.6220789685737309,560,681,1241,-0.0016116035455278066,-0.0008333472224535399,0.624657534246581,-0.0004834810636583309
92542,22.88121468691145,0.6228847703464948,560,681,1241,0.0008058017727639033,-0.0008333472224535399,0.6243352135374755,-0.00032232070910555023
92543,22.880381339688995,0.6228847703464948,560,681,1241,0.0,-0.0008333472224535399,0.6240934730056463,-0.0002417405318291599
92544,22.87954799246654,0.6228847703464948,560,681,1241,0.0,-0.0008333472224535399,0.6239323126510936,-0.00016116035455278067
92545,22.878714645244088,0.6220789685737309,560,681,1241,-0.0008058017727639033,-0.0008333472224535399,0.6236905721192644,-0.00024174053182917098
92546,22.87788129802163,0.6204673650282031,560,681,1241,-0.0016116035455278066,-0.0008333472224570926,0.6232876712328823,-0.00040290088638195165
92547,22.877047950799177,0.6204673650282031,560,681,1241,0.0,-0.0008333472224535399,0.6228041901692241,-0.0004834810636583309
92548,22.876214603576724,0.6204673650282031,560,681,1241,0.0,-0.0008333472224535399,0.6223207091055657,-0.0004834810636583309
92549,22.87538125635427,0.6196615632554392,560,681,1241,-0.0008058017727639033,-0.0008333472224535399,0.621756647864631,-0.0005640612409347212
92550,22.874547909131817,0.6196615632554392,560,681,1241,0.0,-0.0008333472224535399,0.6213537469782491,-0.00040290088638195165
92551,22.873714561909363,0.6196615632554392,560,681,1241,0.0,-0.0008333472224535399,0.62111200644642,-0.00024174053182917098
92552,22.87288121468691,0.6196615632554392,560,681,1241,0.0,-0.0008333472224535399,0.6207896857373144,-0.00032232070910556134
92553,22.872047867464456,0.6196615632554392,560,681,1241,0.0,-0.0008333472224535399,0.6204673650282089,-0.00032232070910556134
92554,22.871214520242003,0.6188557614826753,560,681,1241,-0.0008058017727639033,-0.0008333472224535399,0.6200644641418268,-0.00040290088638195165
92555,22.87038117301955,0.6196615632554392,560,681,1241,0.0008058017727639033,-0.0008333472224535399,0.6198227236099977,-0.00024174053182917098
92556,22.869547825797095,0.621273166800967,560,681,1241,0.0016116035455278066,-0.0008333472224535399,0.6199033037872741,8.058017727639034e-05
92557,22.868714478574642,0.6204673650282031,560,681,1241,-0.0008058017727639033,-0.0008333472224535399,0.6199033037872741,0.0
92558,22.86788113135219,0.6220789685737309,560,681,1241,0.0016116035455278066,-0.0008333472224535399,0.6200644641418269,0.00016116035455278067
92559,22.867047784129735,0.6220789685737309,560,681,1241,0.0,-0.0008333472224535399,0.620306204673656,0.00024174053182917098
92560,22.86621443690728,0.621273166800967,560,681,1241,-0.0008058017727639033,-0.0008333472224535399,0.6204673650282089,0.00016116035455278067
92561,22.865381089684828,0.621273166800967,560,681,1241,0.0,-0.0008333472224535399,0.6206285253827616,0.00016116035455278067
92562,22.864547742462374,0.621273166800967,560,681,1241,0.0,-0.0008333472224535399,0.6207896857373144,0.00016116035455278067
92563,22.86371439523992,0.6196615632554392,560,681,1241,-0.0016116035455278066,-0.0008333472224535399,0.6207896857373144,0.0
92564,22.862881048017467,0.6188557614826753,560,681,1241,-0.0008058017727639033,-0.0008333472224535399,0.6207896857373144,0.0
92565,22.862047700795014,0.6188557614826753,560,681,1241,0.0,-0.0008333472224535399,0.620709105560038,-8.058017727639034e-05
92566,22.86121435357256,0.6196615632554392,560,681,1241,0.0008058017727639033,-0.0008333472224535399,0.6205479452054852,-0.00016116035455278067
92567,22.860381006350103,0.6180499597099114,560,681,1241,-0.0016116035455278066,-0.0008333472224570926,0.620306204673656,-0.00024174053182917098
92568,22.85954765912765,0.6180499597099114,560,681,1241,0.0,-0.0008333472224535399,0.6199033037872741,-0.00040290088638195165
92569,22.858714311905196,0.6172441579371475,560,681,1241,-0.0008058017727639033,-0.0008333472224535399,0.6194198227236158,-0.00048348106365834196
92570,22.857880964682742,0.6180499597099114,560,681,1241,0.0008058017727639033,-0.0008333472224535399,0.6190975020145102,-0.00032232070910556134
92571,22.85704761746029,0.6180499597099114,560,681,1241,0.0,-0.0008333472224535399,0.6187751813054047,-0.00032232070910556134
92572,22.856214270237835,0.6188557614826753,560,681,1241,0.0008058017727639033,-0.0008333472224535399,0.6185334407735754,-0.00024174053182917098
92573,22.85538092301538,0.6180499597099114,560,681,1241,-0.0008058017727639033,-0.0008333472224535399,0.6183722804190227,-0.00016116035455278067
92574,22.854547575792928,0.6180499597099114,560,681,1241,0.0,-0.0008333472224535399,0.6182917002417463,-8.058017727639034e-05
92575,22.853714228570475,0.6180499597099114,560,681,1241,0.0,-0.0008333472224535399,0.61821112006447,-8.058017727639034e-05
92576,22.85288088134802,0.6196615632554392,560,681,1241,0.0016116035455278066,-0.0008333472224535399,0.61821112006447,0.0
92577,22.852047534125568,0.6188557614826753,560,681,1241,-0.0008058017727639033,-0.0008333472224535399,0.6182917002417463,8.058017727639034e-05
92578,22.851214186903114,0.6180499597099114,560,681,1241,-0.0008058017727639033,-0.0008333472224535399,0.6182917002417463,0.0
92579,22.85038083968066,0.6156325543916197,560,681,1241,-0.00241740531829171,-0.0008333472224535399,0.6181305398871936,-0.00016116035455278067
92580,22.849547492458207,0.6156325543916197,560,681,1241,0.0,-0.0008333472224535399,0.6178887993553643,-0.00024174053182917098
92581,22.848714145235753,0.6156325543916197,560,681,1241,0.0,-0.0008333472224535399,0.6176470588235351,-0.00024174053182917098
92582,22.8478807980133,0.6148267526188558,560,681,1241,-0.0008058017727639033,-0.0008333472224535399,0.6172441579371533,-0.00040290088638195165
92583,22.847047450790846,0.6140209508460919,560,681,1241,-0.0008058017727639033,-0.0008333472224535399,0.6168412570507712,-0.00040290088638195165
92584,22.846214103568393,0.6140209508460919,560,681,1241,0.0,-0.0008333472224535399,0.6164383561643892,-0.00040290088638195165
92585,22.84538075634594,0.613215149073328,560,681,1241,-0.0008058017727639033,-0.0008333472224535399,0.6159548751007309,-0.00048348106365834196
92586,22.844547409123486,0.613215149073328,560,681,1241,0.0,-0.0008333472224535399,0.6153102336825198,-0.0006446414182111227
92587,22.843714061901032,0.613215149073328,560,681,1241,0.0,-0.0008333472224535399,0.614746172441585,-0.0005640612409347323
92588,22.842880714678575,0.613215149073328,560,681,1241,0.0,-0.0008333472224570926,0.6142626913779268,-0.00048348106365834196
92589,22.84204736745612,0.6124093473005641,560,681,1241,-0.0008058017727639033,-0.0008333472224535399,0.6139403706688211,-0.00032232070910556134
92590,22.841214020233668,0.6124093473005641,560,681,1241,0.0,-0.0008333472224535399,0.6136180499597156,-0.00032232070910556134
92591,22.840380673011214,0.6124093473005641,560,681,1241,0.0,-0.0008333472224535399,0.61329572925061,-0.00032232070910556134
92592,22.83954732578876,0.613215149073328,560,681,1241,0.0008058017727639033,-0.0008333472224535399,0.6131345688960572,-0.00016116035455278067
92593,22.838713978566307,0.613215149073328,560,681,1241,0.0,-0.0008333472224535399,0.6130539887187809,-8.058017727639034e-05
92594,22.837880631343854,0.6140209508460919,560,681,1241,0.0008058017727639033,-0.0008333472224535399,0.6130539887187809,0.0
92595,22.8370472841214,0.613215149073328,560,681,1241,-0.0008058017727639033,-0.0008333472224535399,0.6130539887187809,0.0
92596,22.836213936898947,0.6140209508460919,560,681,1241,0.0008058017727639033,-0.0008333472224535399,0.6131345688960572,8.058017727639034e-05
92597,22.835380589676493,0.6148267526188558,560,681,1241,0.0008058017727639033,-0.0008333472224535399,0.61329572925061,0.00016116035455278067
92598,22.83454724245404,0.6140209508460919,560,681,1241,-0.0008058017727639033,-0.0008333472224535399,0.6133763094278863,8.058017727639034e-05
92599,22.833713895231586,0.6148267526188558,560,681,1241,0.0008058017727639033,-0.0008333472224535399,0.6136180499597156,0.00024174053182917098
92600,22.832880548009133,0.6148267526188558,560,681,1241,0.0,-0.0008333472224535399,0.6138597904915448,0.00024174053182917098
92601,22.83204720078668,0.613215149073328,560,681,1241,-0.0016116035455278066,-0.0008333472224535399,0.6139403706688212,8.058017727639034e-05
92602,22.831213853564226,0.6124093473005641,560,681,1241,-0.0008058017727639033,-0.0008333472224535399,0.6138597904915448,-8.058017727639034e-05
92603,22.830380506341772,0.6124093473005641,560,681,1241,0.0,-0.0008333472224535399,0.6137792103142684,-8.058017727639034e-05
92604,22.82954715911932,0.6124093473005641,560,681,1241,0.0,-0.0008333472224535399,0.6136180499597156,-0.00016116035455278067
92605,22.828713811896865,0.6124093473005641,560,681,1241,0.0,-0.0008333472224535399,0.6135374697824392,-8.058017727639034e-05
92606,22.82788046467441,0.6124093473005641,560,681,1241,0.0,-0.0008333472224535399,0.6133763094278863,-0.00016116035455278067
92607,22.827047117451958,0.6124093473005641,560,681,1241,0.0,-0.0008333472224535399,0.6131345688960572,-0.00024174053182917098
92608,22.826213770229504,0.6124093473005641,560,681,1241,0.0,-0.0008333472224535399,0.6129734085415044,-0.00016116035455278067
92609,22.82538042300705,0.6107977437550363,560,681,1241,-0.0016116035455278066,-0.0008333472224535399,0.6125705076551224,-0.00040290088638195165
92610,22.824547075784594,0.6116035455278002,560,681,1241,0.0008058017727639033,-0.0008333472224570926,0.6122481869460168,-0.00032232070910556134
92611,22.82371372856214,0.6116035455278002,560,681,1241,0.0,-0.0008333472224535399,0.6120870265914641,-0.00016116035455278067
92612,22.822880381339687,0.6107977437550363,560,681,1241,-0.0008058017727639033,-0.0008333472224535399,0.6119258662369113,-0.00016116035455278067
92613,22.822047034117233,0.6107977437550363,560,681,1241,0.0,-0.0008333472224535399,0.6117647058823585,-0.00016116035455278067
92614,22.82121368689478,0.6107977437550363,560,681,1241,0.0,-0.0008333472224535399,0.6116035455278057,-0.00016116035455278067
92615,22.820380339672326,0.6107977437550363,560,681,1241,0.0,-0.0008333472224535399,0.6114423851732529,-0.00016116035455278067
92616,22.819546992449872,0.6107977437550363,560,681,1241,0.0,-0.0008333472224535399,0.6112812248187002,-0.00016116035455278067
92617,22.81871364522742,0.6116035455278002,560,681,1241,0.0008058017727639033,-0.0008333472224535399,0.6112006446414238,-8.058017727639034e-05
92618,22.817880298004965,0.6116035455278002,560,681,1241,0.0,-0.0008333472224535399,0.6111200644641475,-8.058017727639034e-05
92619,22.81704695078251,0.613215149073328,560,681,1241,0.0016116035455278066,-0.0008333472224535399,0.6113618049959767,0.00024174053182917098
92620,22.81621360356006,0.6124093473005641,560,681,1241,-0.0008058017727639033,-0.0008333472224535399,0.611442385173253,8.058017727639034e-05
92621,22.815380256337605,0.6116035455278002,560,681,1241,-0.0008058017727639033,-0.0008333472224535399,0.611442385173253,0.0
92622,22.81454690911515,0.6124093473005641,560,681,1241,0.0008058017727639033,-0.0008333472224535399,0.6116035455278058,0.00016116035455278067
92623,22.813713561892698,0.613215149073328,560,681,1241,0.0008058017727639033,-0.0008333472224535399,0.6118452860596351,0.00024174053182917098
92624,22.812880214670244,0.613215149073328,560,681,1241,0.0,-0.0008333472224535399,0.6120870265914642,0.00024174053182917098
92625,22.81204686744779,0.6124093473005641,560,681,1241,-0.0008058017727639033,-0.0008333472224535399,0.612248186946017,0.00016116035455278067
92626,22.811213520225337,0.6124093473005641,560,681,1241,0.0,-0.0008333472224535399,0.6124093473005698,0.00016116035455278067
92627,22.810380173002883,0.6116035455278002,560,681,1241,-0.0008058017727639033,-0.0008333472224535399,0.6124093473005698,0.0
92628,22.80954682578043,0.6116035455278002,560,681,1241,0.0,-0.0008333472224535399,0.6124093473005698,0.0
92629,22.808713478557976,0.6116035455278002,560,681,1241,0.0,-0.0008333472224535399,0.612248186946017,-0.00016116035455278067
92630,22.807880131335523,0.6116035455278002,560,681,1241,0.0,-0.0008333472224535399,0.6121676067687407,-8.058017727639034e-05
92631,22.807046784113066,0.6091861402095085,560,681,1241,-0.00241740531829171,-0.0008333472224570926,0.6119258662369115,-0.00024174053182917098
92632,22.806213436890612,0.6091861402095085,560,681,1241,0.0,-0.0008333472224535399,0.6116035455278059,-0.00032232070910556134
92633,22.80538008966816,0.6075745366639806,560,681,1241,-0.0016116035455278066,-0.0008333472224535399,0.6110394842868712,-0.0005640612409347323
92634,22.804546742445705,0.6083803384367445,560,681,1241,0.0008058017727639033,-0.0008333472224535399,0.6105560032232128,-0.00048348106365834196
92635,22.80371339522325,0.6083803384367445,560,681,1241,0.0,-0.0008333472224535399,0.6101531023368308,-0.00040290088638195165
92636,22.802880048000798,0.6083803384367445,560,681,1241,0.0,-0.0008333472224535399,0.609750201450449,-0.00040290088638195165
92637,22.802046700778345,0.6099919419822724,560,681,1241,0.0016116035455278066,-0.0008333472224535399,0.6095890410958962,-0.00016116035455278067
92638,22.80121335355589,0.6099919419822724,560,681,1241,0.0,-0.0008333472224535399,0.6094278807413434,-0.00016116035455278067
92639,22.800380006333437,0.6107977437550363,560,681,1241,0.0008058017727639033,-0.0008333472224535399,0.6093473005640669,-8.058017727639034e-05
92640,22.799546659110984,0.6107977437550363,560,681,1241,0.0,-0.0008333472224535399,0.6092667203867905,-8.058017727639034e-05
92641,22.79871331188853,0.6091861402095085,560,681,1241,-0.0016116035455278066,-0.0008333472224535399,0.6092667203867905,0.0
92642,22.797879964666077,0.6091861402095085,560,681,1241,0.0,-0.0008333472224535399,0.6092667203867905,0.0
92643,22.797046617443623,0.6091861402095085,560,681,1241,0.0,-0.0008333472224535399,0.6094278807413434,0.00016116035455278067
92644,22.79621327022117,0.6091861402095085,560,681,1241,0.0,-0.0008333472224535399,0.6095084609186197,8.058017727639034e-05
92645,22.795379922998716,0.6091861402095085,560,681,1241,0.0,-0.0008333472224535399,0.609589041095896,8.058017727639034e-05
92646,22.794546575776263,0.6083803384367445,560,681,1241,-0.0008058017727639033,-0.0008333472224535399,0.609589041095896,0.0
92647,22.79371322855381,0.6083803384367445,560,681,1241,0.0,-0.0008333472224535399,0.6094278807413432,-0.00016116035455278067
92648,22.792879881331356,0.6083803384367445,560,681,1241,0.0,-0.0008333472224535399,0.6092667203867904,-0.00016116035455278067
92649,22.792046534108902,0.6075745366639806,560,681,1241,-0.0008058017727639033,-0.0008333472224535399,0.6089443996776849,-0.00032232070910556134
92650,22.79121318688645,0.6075745366639806,560,681,1241,0.0,-0.0008333472224535399,0.6086220789685793,-0.00032232070910556134
92651,22.790379839663995,0.6075745366639806,560,681,1241,0.0,-0.0008333472224535399,0.6084609186140265,-0.00016116035455278067
92652,22.789546492441538,0.6091861402095085,560,681,1241,0.0016116035455278066,-0.0008333472224570926,0.6084609186140265,0.0
92653,22.788713145219084,0.6091861402095085,560,681,1241,0.0,-0.0008333472224535399,0.6084609186140265,0.0
92654,22.78787979799663,0.6083803384367445,560,681,1241,-0.0008058017727639033,-0.0008333472224535399,0.6083803384367502,-8.058017727639034e-05
92655,22.787046450774177,0.6091861402095085,560,681,1241,0.0008058017727639033,-0.0008333472224535399,0.6083803384367502,0.0
92656,22.786213103551724,0.6099919419822724,560,681,1241,0.0008058017727639033,-0.0008333472224535399,0.6085414987913029,0.00016116035455278067
92657,22.78537975632927,0.6099919419822724,560,681,1241,0.0,-0.0008333472224535399,0.6087026591458558,0.00016116035455278067
92658,22.784546409106817,0.6099919419822724,560,681,1241,0.0,-0.0008333472224535399,0.6088638195004086,0.00016116035455278067
92659,22.783713061884363,0.6091861402095085,560,681,1241,-0.0008058017727639033,-0.0008333472224535399,0.6090249798549613,0.00016116035455278067
92660,22.78287971466191,0.6075745366639806,560,681,1241,-0.0016116035455278066,-0.0008333472224535399,0.6090249798549613,0.0
92661,22.782046367439456,0.6059629331184528,560,681,1241,-0.0016116035455278066,-0.0008333472224535399,0.6088638195004086,-0.00016116035455278067
92662,22.781213020217002,0.6075745366639806,560,681,1241,0.0016116035455278066,-0.0008333472224535399,0.6087026591458558,-0.00016116035455278067
92663,22.78037967299455,0.6075745366639806,560,681,1241,0.0,-0.0008333472224535399,0.6085414987913029,-0.00016116035455278067
92664,22.779546325772095,0.6067687348912167,560,681,1241,-0.0008058017727639033,-0.0008333472224535399,0.6083803384367502,-0.00016116035455278067
92665,22.778712978549642,0.6067687348912167,560,681,1241,0.0,-0.0008333472224535399,0.6081385979049211,-0.00024174053182917098
92666,22.77787963132719,0.6059629331184528,560,681,1241,-0.0008058017727639033,-0.0008333472224535399,0.607735697018539,-0.00040290088638195165
92667,22.777046284104735,0.6059629331184528,560,681,1241,0.0,-0.0008333472224535399,0.6073327961321571,-0.00040290088638195165
92668,22.77621293688228,0.6075745366639806,560,681,1241,0.0016116035455278066,-0.0008333472224535399,0.6070910556003278,-0.00024174053182917098
92669,22.775379589659828,0.6083803384367445,560,681,1241,0.0008058017727639033,-0.0008333472224535399,0.6070104754230515,-8.058017727639034e-05
92670,22.774546242437374,0.6091861402095085,560,681,1241,0.0008058017727639033,-0.0008333472224535399,0.6071716357776042,0.00016116035455278067
92671,22.77371289521492,0.6091861402095085,560,681,1241,0.0,-0.0008333472224535399,0.6074939564867099,0.00032232070910556134
92672,22.772879547992467,0.6083803384367445,560,681,1241,-0.0008058017727639033,-0.0008333472224535399,0.6075745366639863,8.058017727639034e-05
92673,22.77204620077001,0.6059629331184528,560,681,1241,-0.00241740531829171,-0.0008333472224570926,0.6074133763094335,-0.00016116035455278067
92674,22.771212853547556,0.6051571313456889,560,681,1241,-0.0008058017727639033,-0.0008333472224535399,0.6072522159548808,-0.00016116035455278067
92675,22.770379506325103,0.6051571313456889,560,681,1241,0.0,-0.0008333472224535399,0.607091055600328,-0.00016116035455278067
92676,22.76954615910265,0.6051571313456889,560,681,1241,0.0,-0.0008333472224535399,0.6070104754230516,-8.058017727639034e-05
92677,22.768712811880196,0.6051571313456889,560,681,1241,0.0,-0.0008333472224535399,0.6069298952457752,-8.058017727639034e-05
92678,22.767879464657742,0.6059629331184528,560,681,1241,0.0008058017727639033,-0.0008333472224535399,0.6067687348912225,-0.00016116035455278067
92679,22.76704611743529,0.6059629331184528,560,681,1241,0.0,-0.0008333472224535399,0.6065269943593933,-0.00024174053182917098
92680,22.766212770212835,0.6059629331184528,560,681,1241,0.0,-0.0008333472224535399,0.6062046736502877,-0.00032232070910556134
92681,22.76537942299038,0.6067687348912167,560,681,1241,0.0008058017727639033,-0.0008333472224535399,0.6059629331184586,-0.00024174053182917098
92682,22.764546075767928,0.6075745366639806,560,681,1241,0.0008058017727639033,-0.0008333472224535399,0.6058823529411821,-8.058017727639034e-05
92683,22.763712728545475,0.6067687348912167,560,681,1241,-0.0008058017727639033,-0.0008333472224535399,0.6059629331184586,8.058017727639034e-05
92684,22.76287938132302,0.6059629331184528,560,681,1241,-0.0008058017727639033,-0.0008333472224535399,0.6060435132957349,8.058017727639034e-05
92685,22.762046034100567,0.6075745366639806,560,681,1241,0.0016116035455278066,-0.0008333472224535399,0.606285253827564,0.00024174053182917098
92686,22.761212686878114,0.6075745366639806,560,681,1241,0.0,-0.0008333472224535399,0.6065269943593932,0.00024174053182917098
92687,22.76037933965566,0.6059629331184528,560,681,1241,-0.0016116035455278066,-0.0008333472224535399,0.6066075745366695,8.058017727639034e-05
92688,22.759545992433207,0.6067687348912167,560,681,1241,0.0008058017727639033,-0.0008333472224535399,0.606688154713946,8.058017727639034e-05
92689,22.758712645210753,0.6059629331184528,560,681,1241,-0.0008058017727639033,-0.0008333472224535399,0.606688154713946,0.0
92690,22.7578792979883,0.6059629331184528,560,681,1241,0.0,-0.0008333472224535399,0.606688154713946,0.0
92691,22.757045950765846,0.6059629331184528,560,681,1241,0.0,-0.0008333472224535399,0.6066075745366695,-8.058017727639034e-05
92692,22.756212603543393,0.6059629331184528,560,681,1241,0.0,-0.0008333472224535399,0.6064464141821168,-0.00016116035455278067
92693,22.75537925632094,0.6059629331184528,560,681,1241,0.0,-0.0008333472224535399,0.6063658340048403,-8.058017727639034e-05
92694,22.754545909098482,0.6075745366639806,560,681,1241,0.0016116035455278066,-0.0008333472224570926,0.6065269943593931,0.00016116035455278067
92695,22.75371256187603,0.6067687348912167,560,681,1241,-0.0008058017727639033,-0.0008333472224535399,0.6064464141821168,-8.058017727639034e-05
92696,22.752879214653575,0.6075745366639806,560,681,1241,0.0008058017727639033,-0.0008333472224535399,0.6064464141821168,0.0
92697,22.75204586743112,0.6075745366639806,560,681,1241,0.0,-0.0008333472224535399,0.6066075745366695,0.00016116035455278067
92698,22.751212520208668,0.6083803384367445,560,681,1241,0.0008058017727639033,-0.0008333472224535399,0.6067687348912223,0.00016116035455278067
92699,22.750379172986214,0.6091861402095085,560,681,1241,0.0008058017727639033,-0.0008333472224535399,0.6070910556003278,0.00032232070910556134
92700,22.74954582576376,0.6091861402095085,560,681,1241,0.0,-0.0008333472224535399,0.6074133763094334,0.00032232070910556134
92701,22.748712478541307,0.6091861402095085,560,681,1241,0.0,-0.0008333472224535399,0.607735697018539,0.00032232070910556134
92702,22.747879131318854,0.6099919419822724,560,681,1241,0.0008058017727639033,-0.0008333472224535399,0.608138597904921,0.00040290088638195165
92703,22.7470457840964,0.6099919419822724,560,681,1241,0.0,-0.0008333472224535399,0.6085414987913029,0.00040290088638195165
92704,22.746212436873947,0.6099919419822724,560,681,1241,0.0,-0.0008333472224535399,0.6087832393231322,0.00024174053182917098
92705,22.745379089651493,0.6083803384367445,560,681,1241,-0.0016116035455278066,-0.0008333472224535399,0.608944399677685,0.00016116035455278067
92706,22.74454574242904,0.6091861402095085,560,681,1241,0.0008058017727639033,-0.0008333472224535399,0.6091055600322377,0.00016116035455278067
92707,22.743712395206586,0.6091861402095085,560,681,1241,0.0,-0.0008333472224535399,0.6092667203867905,0.00016116035455278067
92708,22.742879047984133,0.6091861402095085,560,681,1241,0.0,-0.0008333472224535399,0.6093473005640668,8.058017727639034e-05
92709,22.74204570076168,0.6083803384367445,560,681,1241,-0.0008058017727639033,-0.0008333472224535399,0.6092667203867905,-8.058017727639034e-05
92710,22.741212353539225,0.6083803384367445,560,681,1241,0.0,-0.0008333472224535399,0.6091861402095142,-8.058017727639034e-05
92711,22.740379006316772,0.6091861402095085,560,681,1241,0.0008058017727639033,-0.0008333472224535399,0.6091861402095142,0.0
92712,22.73954565909432,0.6091861402095085,560,681,1241,0.0,-0.0008333472224535399,0.6091055600322377,-8.058017727639034e-05
92713,22.738712311871865,0.6075745366639806,560,681,1241,-0.0016116035455278066,-0.0008333472224535399,0.6088638195004086,-0.00024174053182917098
92714,22.73787896464941,0.6075745366639806,560,681,1241,0.0,-0.0008333472224535399,0.6086220789685793,-0.00024174053182917098
92715,22.737045617426958,0.6075745366639806,560,681,1241,0.0,-0.0008333472224535399,0.6085414987913029,-8.058017727639034e-05
92716,22.7362122702045,0.6075745366639806,560,681,1241,0.0,-0.0008333472224570926,0.6083803384367501,-0.00016116035455278067
92717,22.735378922982047,0.6059629331184528,560,681,1241,-0.0016116035455278066,-0.0008333472224535399,0.6080580177276446,-0.00032232070910556134
92718,22.734545575759594,0.6059629331184528,560,681,1241,0.0,-0.0008333472224535399,0.607735697018539,-0.00032232070910556134
92719,22.73371222853714,0.6059629331184528,560,681,1241,0.0,-0.0008333472224535399,0.6074939564867098,-0.00024174053182917098
92720,22.732878881314686,0.6051571313456889,560,681,1241,-0.0008058017727639033,-0.0008333472224535399,0.6071716357776042,-0.00032232070910556134
92721,22.732045534092233,0.6035455278001611,560,681,1241,-0.0016116035455278066,-0.0008333472224535399,0.6066075745366695,-0.0005640612409347323
92722,22.73121218686978,0.6035455278001611,560,681,1241,0.0,-0.0008333472224535399,0.6060435132957348,-0.0005640612409347323
92723,22.730378839647326,0.604351329572925,560,681,1241,0.0008058017727639033,-0.0008333472224535399,0.6057211925866293,-0.00032232070910556134
92724,22.729545492424872,0.6051571313456889,560,681,1241,0.0008058017727639033,-0.0008333472224535399,0.6054794520548001,-0.00024174053182917098
92725,22.72871214520242,0.6051571313456889,560,681,1241,0.0,-0.0008333472224535399,0.605237711522971,-0.00024174053182917098
92726,22.727878797979965,0.6051571313456889,560,681,1241,0.0,-0.0008333472224535399,0.6049959709911419,-0.00024174053182917098
92727,22.72704545075751,0.6051571313456889,560,681,1241,0.0,-0.0008333472224535399,0.6049153908138656,-8.058017727639034e-05
92728,22.726212103535058,0.6051571313456889,560,681,1241,0.0,-0.0008333472224535399,0.6048348106365892,-8.058017727639034e-05
92729,22.725378756312605,0.6051571313456889,560,681,1241,0.0,-0.0008333472224535399,0.6047542304593129,-8.058017727639034e-05
92730,22.72454540909015,0.604351329572925,560,681,1241,-0.0008058017727639033,-0.0008333472224535399,0.6046736502820365,-8.058017727639034e-05
92731,22.723712061867698,0.604351329572925,560,681,1241,0.0,-0.0008333472224535399,0.6047542304593128,8.058017727639034e-05
92732,22.722878714645244,0.6051571313456889,560,681,1241,0.0008058017727639033,-0.0008333472224535399,0.6049153908138656,0.00016116035455278067
92733,22.72204536742279,0.604351329572925,560,681,1241,-0.0008058017727639033,-0.0008333472224535399,0.6049153908138656,0.0
92734,22.721212020200337,0.604351329572925,560,681,1241,0.0,-0.0008333472224535399,0.6048348106365891,-8.058017727639034e-05
92735,22.720378672977883,0.604351329572925,560,681,1241,0.0,-0.0008333472224535399,0.6047542304593126,-8.058017727639034e-05
92736,22.71954532575543,0.604351329572925,560,681,1241,0.0,-0.0008333472224535399,0.6046736502820362,-8.058017727639034e-05
92737,22.718711978532973,0.604351329572925,560,681,1241,0.0,-0.0008333472224570926,0.6045930701047598,-8.058017727639034e-05
92738,22.71787863131052,0.6051571313456889,560,681,1241,0.0008058017727639033,-0.0008333472224535399,0.6045930701047598,0.0
92739,22.717045284088066,0.604351329572925,560,681,1241,-0.0008058017727639033,-0.0008333472224535399,0.6045124899274834,-8.058017727639034e-05
92740,22.716211936865612,0.6051571313456889,560,681,1241,0.0008058017727639033,-0.0008333472224535399,0.6045930701047598,8.058017727639034e-05
92741,22.71537858964316,0.6035455278001611,560,681,1241,-0.0016116035455278066,-0.0008333472224535399,0.6045124899274834,-8.058017727639034e-05
92742,22.714545242420705,0.604351329572925,560,681,1241,0.0008058017727639033,-0.0008333472224535399,0.604431909750207,-8.058017727639034e-05
92743,22.71371189519825,0.6051571313456889,560,681,1241,0.0008058017727639033,-0.0008333472224535399,0.6045124899274834,8.058017727639034e-05
92744,22.712878547975798,0.6067687348912167,560,681,1241,0.0016116035455278066,-0.0008333472224535399,0.6047542304593126,0.00024174053182917098
92745,22.712045200753344,0.6059629331184528,560,681,1241,-0.0008058017727639033,-0.0008333472224535399,0.6049153908138655,0.00016116035455278067
92746,22.71121185353089,0.6067687348912167,560,681,1241,0.0008058017727639033,-0.0008333472224535399,0.6051571313456947,0.00024174053182917098
92747,22.710378506308437,0.6059629331184528,560,681,1241,-0.0008058017727639033,-0.0008333472224535399,0.6053182917002474,0.00016116035455278067
92748,22.709545159085984,0.6059629331184528,560,681,1241,0.0,-0.0008333472224535399,0.6053988718775238,8.058017727639034e-05
92749,22.70871181186353,0.6067687348912167,560,681,1241,0.0008058017727639033,-0.0008333472224535399,0.605640612409353,0.00024174053182917098
92750,22.707878464641077,0.6075745366639806,560,681,1241,0.0008058017727639033,-0.0008333472224535399,0.6058823529411821,0.00024174053182917098
92751,22.707045117418623,0.6075745366639806,560,681,1241,0.0,-0.0008333472224535399,0.606285253827564,0.00040290088638195165
92752,22.70621177019617,0.6059629331184528,560,681,1241,-0.0016116035455278066,-0.0008333472224535399,0.6064464141821169,0.00016116035455278067
92753,22.705378422973716,0.6075745366639806,560,681,1241,0.0016116035455278066,-0.0008333472224535399,0.606688154713946,0.00024174053182917098
92754,22.704545075751263,0.6083803384367445,560,681,1241,0.0008058017727639033,-0.0008333472224535399,0.6068493150684987,0.00016116035455278067
92755,22.70371172852881,0.6091861402095085,560,681,1241,0.0008058017727639033,-0.0008333472224535399,0.6071716357776042,0.00032232070910556134
92756,22.702878381306355,0.6091861402095085,560,681,1241,0.0,-0.0008333472224535399,0.6074133763094334,0.00024174053182917098
92757,22.702045034083902,0.6099919419822724,560,681,1241,0.0008058017727639033,-0.0008333472224535399,0.6078162771958154,0.00040290088638195165
92758,22.701211686861445,0.6099919419822724,560,681,1241,0.0,-0.0008333472224570926,0.6082191780821974,0.00040290088638195165
92759,22.70037833963899,0.6107977437550363,560,681,1241,0.0008058017727639033,-0.0008333472224535399,0.6086220789685793,0.00040290088638195165
92760,22.699544992416538,0.6107977437550363,560,681,1241,0.0,-0.0008333472224535399,0.6089443996776849,0.00032232070910556134
92761,22.698711645194084,0.6099919419822724,560,681,1241,-0.0008058017727639033,-0.0008333472224535399,0.6091861402095141,0.00024174053182917098
92762,22.69787829797163,0.6099919419822724,560,681,1241,0.0,-0.0008333472224535399,0.6095890410958961,0.00040290088638195165
92763,22.697044950749177,0.6099919419822724,560,681,1241,0.0,-0.0008333472224535399,0.6098307816277253,0.00024174053182917098
92764,22.696211603526724,0.6107977437550363,560,681,1241,0.0008058017727639033,-0.0008333472224535399,0.6100725221595544,0.00024174053182917098
92765,22.69537825630427,0.6099919419822724,560,681,1241,-0.0008058017727639033,-0.0008333472224535399,0.6101531023368308,8.058017727639034e-05
92766,22.694544909081817,0.6091861402095085,560,681,1241,-0.0008058017727639033,-0.0008333472224535399,0.6101531023368308,0.0
92767,22.693711561859363,0.6091861402095085,560,681,1241,0.0,-0.0008333472224535399,0.6100725221595544,-8.058017727639034e-05
92768,22.69287821463691,0.6083803384367445,560,681,1241,-0.0008058017727639033,-0.0008333472224535399,0.6099113618050016,-0.00016116035455278067
92769,22.692044867414456,0.6091861402095085,560,681,1241,0.0008058017727639033,-0.0008333472224535399,0.6097502014504489,-0.00016116035455278067
92770,22.691211520192002,0.6099919419822724,560,681,1241,0.0008058017727639033,-0.0008333472224535399,0.6096696212731725,-8.058017727639034e-05
92771,22.69037817296955,0.6099919419822724,560,681,1241,0.0,-0.0008333472224535399,0.6096696212731725,0.0
92772,22.689544825747095,0.6099919419822724,560,681,1241,0.0,-0.0008333472224535399,0.6096696212731725,0.0
92773,22.68871147852464,0.6116035455278002,560,681,1241,0.0016116035455278066,-0.0008333472224535399,0.6098307816277253,0.00016116035455278067
92774,22.687878131302188,0.6124093473005641,560,681,1241,0.0008058017727639033,-0.0008333472224535399,0.6099919419822781,0.00016116035455278067
92775,22.687044784079735,0.6124093473005641,560,681,1241,0.0,-0.0008333472224535399,0.6102336825141073,0.00024174053182917098
92776,22.68621143685728,0.6124093473005641,560,681,1241,0.0,-0.0008333472224535399,0.6105560032232128,0.00032232070910556134
92777,22.685378089634828,0.6140209508460919,560,681,1241,0.0016116035455278066,-0.0008333472224535399,0.6110394842868712,0.00048348106365834196
92778,22.684544742412374,0.6140209508460919,560,681,1241,0.0,-0.0008333472224535399,0.6116035455278058,0.0005640612409347323
92779,22.683711395189917,0.613215149073328,560,681,1241,-0.0008058017727639033,-0.0008333472224570926,0.6120064464141878,0.00040290088638195165
92780,22.682878047967463,0.613215149073328,560,681,1241,0.0,-0.0008333472224535399,0.6123287671232933,0.00032232070910556134
92781,22.68204470074501,0.6124093473005641,560,681,1241,-0.0008058017727639033,-0.0008333472224535399,0.6125705076551224,0.00024174053182917098
92782,22.681211353522556,0.6107977437550363,560,681,1241,-0.0016116035455278066,-0.0008333472224535399,0.6126510878323989,8.058017727639034e-05
92783,22.680378006300103,0.6107977437550363,560,681,1241,0.0,-0.0008333472224535399,0.6125705076551224,-8.058017727639034e-05
92784,22.67954465907765,0.6107977437550363,560,681,1241,0.0,-0.0008333472224535399,0.6124093473005696,-0.00016116035455278067
92785,22.678711311855196,0.6107977437550363,560,681,1241,0.0,-0.0008333472224535399,0.6122481869460168,-0.00016116035455278067
92786,22.677877964632742,0.6116035455278002,560,681,1241,0.0008058017727639033,-0.0008333472224535399,0.6121676067687405,-8.058017727639034e-05
92787,22.67704461741029,0.6107977437550363,560,681,1241,-0.0008058017727639033,-0.0008333472224535399,0.611845286059635,-0.00032232070910556134
92788,22.676211270187835,0.6107977437550363,560,681,1241,0.0,-0.0008333472224535399,0.6115229653505294,-0.00032232070910556134
92789,22.67537792296538,0.6116035455278002,560,681,1241,0.0008058017727639033,-0.0008333472224535399,0.6113618049959766,-0.00016116035455278067
92790,22.674544575742928,0.6107977437550363,560,681,1241,-0.0008058017727639033,-0.0008333472224535399,0.6111200644641474,-0.00024174053182917098
92791,22.673711228520474,0.6099919419822724,560,681,1241,-0.0008058017727639033,-0.0008333472224535399,0.6108783239323182,-0.00024174053182917098
92792,22.67287788129802,0.6099919419822724,560,681,1241,0.0,-0.0008333472224535399,0.6107977437550419,-8.058017727639034e-05
92793,22.672044534075567,0.6099919419822724,560,681,1241,0.0,-0.0008333472224535399,0.6107171635777655,-8.058017727639034e-05
92794,22.671211186853114,0.6099919419822724,560,681,1241,0.0,-0.0008333472224535399,0.6106365834004892,-8.058017727639034e-05
92795,22.67037783963066,0.6083803384367445,560,681,1241,-0.0016116035455278066,-0.0008333472224535399,0.6103948428686601,-0.00024174053182917098
92796,22.669544492408207,0.6083803384367445,560,681,1241,0.0,-0.0008333472224535399,0.6100725221595545,-0.00032232070910556134
92797,22.668711145185753,0.6083803384367445,560,681,1241,0.0,-0.0008333472224535399,0.6098307816277254,-0.00024174053182917098
92798,22.6678777979633,0.6075745366639806,560,681,1241,-0.0008058017727639033,-0.0008333472224535399,0.6095084609186199,-0.00032232070910556134
92799,22.667044450740846,0.6075745366639806,560,681,1241,0.0,-0.0008333472224535399,0.6091055600322378,-0.00040290088638195165
92800,22.66621110351839,0.6067687348912167,560,681,1241,-0.0008058017727639033,-0.0008333472224570926,0.608702659145856,-0.00040290088638195165
92801,22.665377756295936,0.6059629331184528,560,681,1241,-0.0008058017727639033,-0.0008333472224535399,0.6082997582594739,-0.00040290088638195165
92802,22.664544409073482,0.6075745366639806,560,681,1241,0.0016116035455278066,-0.0008333472224535399,0.6080580177276447,-0.00024174053182917098
92803,22.66371106185103,0.6075745366639806,560,681,1241,0.0,-0.0008333472224535399,0.6078162771958155,-0.00024174053182917098
92804,22.662877714628575,0.6075745366639806,560,681,1241,0.0,-0.0008333472224535399,0.6075745366639863,-0.00024174053182917098
92805,22.66204436740612,0.6051571313456889,560,681,1241,-0.00241740531829171,-0.0008333472224535399,0.6072522159548808,-0.00032232070910556134
92806,22.661211020183668,0.6059629331184528,560,681,1241,0.0008058017727639033,-0.0008333472224535399,0.6070104754230515,-0.00024174053182917098
92807,22.660377672961214,0.6067687348912167,560,681,1241,0.0008058017727639033,-0.0008333472224535399,0.6068493150684987,-0.00016116035455278067
92808,22.65954432573876,0.6075745366639806,560,681,1241,0.0008058017727639033,-0.0008333472224535399,0.6068493150684987,0.0
92809,22.658710978516307,0.6091861402095085,560,681,1241,0.0016116035455278066,-0.0008333472224535399,0.6070104754230515,0.00016116035455278067
92810,22.657877631293854,0.6083803384367445,560,681,1241,-0.0008058017727639033,-0.0008333472224535399,0.6071716357776042,0.00016116035455278067
92811,22.6570442840714,0.6075745366639806,560,681,1241,-0.0008058017727639033,-0.0008333472224535399,0.6073327961321571,0.00016116035455278067
92812,22.656210936848947,0.6067687348912167,560,681,1241,-0.0008058017727639033,-0.0008333472224535399,0.6072522159548808,-8.058017727639034e-05
92813,22.655377589626493,0.6075745366639806,560,681,1241,0.0008058017727639033,-0.0008333472224535399,0.6072522159548808,0.0
92814,22.65454424240404,0.6075745366639806,560,681,1241,0.0,-0.0008333472224535399,0.6072522159548808,0.0
92815,22.653710895181586,0.6067687348912167,560,681,1241,-0.0008058017727639033,-0.0008333472224535399,0.6074133763094335,0.00016116035455278067
92816,22.652877547959132,0.6075745366639806,560,681,1241,0.0008058017727639033,-0.0008333472224535399,0.6075745366639863,0.00016116035455278067
92817,22.65204420073668,0.6067687348912167,560,681,1241,-0.0008058017727639033,-0.0008333472224535399,0.6075745366639863,0.0
92818,22.651210853514225,0.6075745366639806,560,681,1241,0.0008058017727639033,-0.0008333472224535399,0.6075745366639863,0.0
92819,22.650377506291772,0.6075745366639806,560,681,1241,0.0,-0.0008333472224535399,0.6074133763094335,-0.00016116035455278067
92820,22.64954415906932,0.6075745366639806,560,681,1241,0.0,-0.0008333472224535399,0.6073327961321571,-8.058017727639034e-05
92821,22.64871081184686,0.6099919419822724,560,681,1241,0.00241740531829171,-0.0008333472224570926,0.6075745366639863,0.00024174053182917098
92822,22.647877464624408,0.6099919419822724,560,681,1241,0.0,-0.0008333472224535399,0.6078968573730918,0.00032232070910556134
92823,22.647044117401954,0.6116035455278002,560,681,1241,0.0016116035455278066,-0.0008333472224535399,0.6082997582594738,0.00040290088638195165
92824,22.6462107701795,0.6116035455278002,560,681,1241,0.0,-0.0008333472224535399,0.6087026591458559,0.00040290088638195165
92825,22.645377422957047,0.6116035455278002,560,681,1241,0.0,-0.0008333472224535399,0.6091861402095142,0.00048348106365834196
92826,22.644544075734593,0.6107977437550363,560,681,1241,-0.0008058017727639033,-0.0008333472224535399,0.6095084609186198,0.00032232070910556134
92827,22.64371072851214,0.6116035455278002,560,681,1241,0.0008058017727639033,-0.0008333472224535399,0.6099919419822781,0.00048348106365834196
92828,22.642877381289686,0.613215149073328,560,681,1241,0.0016116035455278066,-0.0008333472224535399,0.6105560032232129,0.0005640612409347323
92829,22.642044034067233,0.613215149073328,560,681,1241,0.0,-0.0008333472224535399,0.6111200644641477,0.0005640612409347323
92830,22.64121068684478,0.613215149073328,560,681,1241,0.0,-0.0008333472224535399,0.6116841257050825,0.0005640612409347323
92831,22.640377339622326,0.6140209508460919,560,681,1241,0.0008058017727639033,-0.0008333472224535399,0.6120870265914643,0.00040290088638195165
92832,22.639543992399872,0.6140209508460919,560,681,1241,0.0,-0.0008333472224535399,0.6124899274778463,0.00040290088638195165
92833,22.63871064517742,0.6140209508460919,560,681,1241,0.0,-0.0008333472224535399,0.6127316680096754,0.00024174053182917098
92834,22.637877297954965,0.6140209508460919,560,681,1241,0.0,-0.0008333472224535399,0.6129734085415045,0.00024174053182917098
92835,22.63704395073251,0.613215149073328,560,681,1241,-0.0008058017727639033,-0.0008333472224535399,0.6131345688960572,0.00016116035455278067
92836,22.636210603510058,0.6148267526188558,560,681,1241,0.0016116035455278066,-0.0008333472224535399,0.6135374697824393,0.00040290088638195165
92837,22.635377256287605,0.6156325543916197,560,681,1241,0.0008058017727639033,-0.0008333472224535399,0.6139403706688211,0.00040290088638195165
92838,22.63454390906515,0.6156325543916197,560,681,1241,0.0,-0.0008333472224535399,0.6141821112006502,0.00024174053182917098
92839,22.633710561842697,0.6156325543916197,560,681,1241,0.0,-0.0008333472224535399,0.6144238517324794,0.00024174053182917098
92840,22.632877214620244,0.6156325543916197,560,681,1241,0.0,-0.0008333472224535399,0.6146655922643085,0.00024174053182917098
92841,22.63204386739779,0.6156325543916197,560,681,1241,0.0,-0.0008333472224535399,0.6148267526188613,0.00016116035455278067
92842,22.631210520175337,0.6148267526188558,560,681,1241,-0.0008058017727639033,-0.0008333472224535399,0.6149073327961377,8.058017727639034e-05
92843,22.63037717295288,0.6140209508460919,560,681,1241,-0.0008058017727639033,-0.0008333472224570926,0.6149073327961377,0.0
92844,22.629543825730426,0.613215149073328,560,681,1241,-0.0008058017727639033,-0.0008333472224535399,0.6148267526188614,-8.058017727639034e-05
92845,22.628710478507973,0.6116035455278002,560,681,1241,-0.0016116035455278066,-0.0008333472224535399,0.6146655922643086,-0.00016116035455278067
92846,22.62787713128552,0.6124093473005641,560,681,1241,0.0008058017727639033,-0.0008333472224535399,0.6144238517324794,-0.00024174053182917098
92847,22.627043784063066,0.6124093473005641,560,681,1241,0.0,-0.0008333472224535399,0.6141015310233738,-0.00032232070910556134
92848,22.626210436840612,0.6116035455278002,560,681,1241,-0.0008058017727639033,-0.0008333472224535399,0.613698630136992,-0.00040290088638195165
92849,22.62537708961816,0.6124093473005641,560,681,1241,0.0008058017727639033,-0.0008333472224535399,0.6133763094278863,-0.00032232070910556134
92850,22.624543742395705,0.6116035455278002,560,681,1241,-0.0008058017727639033,-0.0008333472224535399,0.6129734085415045,-0.00040290088638195165
92851,22.62371039517325,0.613215149073328,560,681,1241,0.0016116035455278066,-0.0008333472224535399,0.6127316680096754,-0.00024174053182917098
92852,22.622877047950798,0.613215149073328,560,681,1241,0.0,-0.0008333472224535399,0.6125705076551226,-0.00016116035455278067
92853,22.622043700728344,0.6124093473005641,560,681,1241,-0.0008058017727639033,-0.0008333472224535399,0.6124093473005698,-0.00016116035455278067
92854,22.62121035350589,0.6124093473005641,560,681,1241,0.0,-0.0008333472224535399,0.6123287671232933,-8.058017727639034e-05
92855,22.620377006283437,0.6107977437550363,560,681,1241,-0.0016116035455278066,-0.0008333472224535399,0.6122481869460169,-8.058017727639034e-05
92856,22.619543659060984,0.6124093473005641,560,681,1241,0.0016116035455278066,-0.0008333472224535399,0.6122481869460169,0.0
92857,22.61871031183853,0.6124093473005641,560,681,1241,0.0,-0.0008333472224535399,0.6122481869460169,0.0
92858,22.617876964616077,0.613215149073328,560,681,1241,0.0008058017727639033,-0.0008333472224535399,0.6124093473005697,0.00016116035455278067
92859,22.617043617393623,0.6124093473005641,560,681,1241,-0.0008058017727639033,-0.0008333472224535399,0.6124093473005697,0.0
92860,22.61621027017117,0.6140209508460919,560,681,1241,0.0016116035455278066,-0.0008333472224535399,0.6126510878323989,0.00024174053182917098
92861,22.615376922948716,0.6140209508460919,560,681,1241,0.0,-0.0008333472224535399,0.6127316680096752,8.058017727639034e-05
92862,22.614543575726263,0.6172441579371475,560,681,1241,0.003223207091055613,-0.0008333472224535399,0.6131345688960571,0.00040290088638195165
92863,22.61371022850381,0.6172441579371475,560,681,1241,0.0,-0.0008333472224535399,0.6136180499597155,0.00048348106365834196
92864,22.612876881281352,0.6164383561643836,560,681,1241,-0.0008058017727639033,-0.0008333472224570926,0.6140209508460974,0.00040290088638195165
92865,22.6120435340589,0.6164383561643836,560,681,1241,0.0,-0.0008333472224535399,0.6145850120870322,0.0005640612409347323
92866,22.611210186836445,0.6164383561643836,560,681,1241,0.0,-0.0008333472224535399,0.6149879129734142,0.00040290088638195165
92867,22.61037683961399,0.6156325543916197,560,681,1241,-0.0008058017727639033,-0.0008333472224535399,0.6153102336825198,0.00032232070910556134
92868,22.609543492391538,0.6156325543916197,560,681,1241,0.0,-0.0008333472224535399,0.6155519742143489,0.00024174053182917098
92869,22.608710145169084,0.6140209508460919,560,681,1241,-0.0016116035455278066,-0.0008333472224535399,0.6157131345689016,0.00016116035455278067
92870,22.60787679794663,0.6140209508460919,560,681,1241,0.0,-0.0008333472224535399,0.6157131345689016,0.0
92871,22.607043450724177,0.613215149073328,560,681,1241,-0.0008058017727639033,-0.0008333472224535399,0.6156325543916253,-8.058017727639034e-05
92872,22.606210103501724,0.6140209508460919,560,681,1241,0.0008058017727639033,-0.0008333472224535399,0.6153102336825198,-0.00032232070910556134
92873,22.60537675627927,0.6140209508460919,560,681,1241,0.0,-0.0008333472224535399,0.6149879129734142,-0.00032232070910556134
92874,22.604543409056816,0.6140209508460919,560,681,1241,0.0,-0.0008333472224535399,0.614746172441585,-0.00024174053182917098
92875,22.603710061834363,0.6124093473005641,560,681,1241,-0.0016116035455278066,-0.0008333472224535399,0.614343271555203,-0.00040290088638195165
92876,22.60287671461191,0.613215149073328,560,681,1241,0.0008058017727639033,-0.0008333472224535399,0.6140209508460974,-0.00032232070910556134
92877,22.602043367389456,0.613215149073328,560,681,1241,0.0,-0.0008333472224535399,0.6137792103142683,-0.00024174053182917098
92878,22.601210020167002,0.613215149073328,560,681,1241,0.0,-0.0008333472224535399,0.6135374697824392,-0.00024174053182917098
92879,22.60037667294455,0.6140209508460919,560,681,1241,0.0008058017727639033,-0.0008333472224535399,0.6135374697824392,0.0
92880,22.599543325722095,0.6156325543916197,560,681,1241,0.0016116035455278066,-0.0008333472224535399,0.613698630136992,0.00016116035455278067
92881,22.59870997849964,0.6148267526188558,560,681,1241,-0.0008058017727639033,-0.0008333472224535399,0.6138597904915447,0.00016116035455278067
92882,22.597876631277188,0.6156325543916197,560,681,1241,0.0008058017727639033,-0.0008333472224535399,0.6140209508460975,0.00016116035455278067
92883,22.597043284054735,0.6148267526188558,560,681,1241,-0.0008058017727639033,-0.0008333472224535399,0.614101531023374,8.058017727639034e-05
92884,22.59620993683228,0.6156325543916197,560,681,1241,0.0008058017727639033,-0.0008333472224535399,0.6142626913779268,0.00016116035455278067
92885,22.595376589609824,0.6164383561643836,560,681,1241,0.0008058017727639033,-0.0008333472224570926,0.6146655922643087,0.00040290088638195165
92886,22.59454324238737,0.6172441579371475,560,681,1241,0.0008058017727639033,-0.0008333472224535399,0.6150684931506907,0.00040290088638195165
92887,22.593709895164917,0.6156325543916197,560,681,1241,-0.0016116035455278066,-0.0008333472224535399,0.6153102336825198,0.00024174053182917098
92888,22.592876547942463,0.6148267526188558,560,681,1241,-0.0008058017727639033,-0.0008333472224535399,0.6154713940370725,0.00016116035455278067
92889,22.59204320072001,0.6140209508460919,560,681,1241,-0.0008058017727639033,-0.0008333472224535399,0.6154713940370725,0.0
92890,22.591209853497556,0.613215149073328,560,681,1241,-0.0008058017727639033,-0.0008333472224535399,0.6152296535052434,-0.00024174053182917098
92891,22.590376506275103,0.6148267526188558,560,681,1241,0.0016116035455278066,-0.0008333472224535399,0.6152296535052434,0.0
92892,22.58954315905265,0.6148267526188558,560,681,1241,0.0,-0.0008333472224535399,0.6151490733279671,-8.058017727639034e-05
92893,22.588709811830196,0.6124093473005641,560,681,1241,-0.00241740531829171,-0.0008333472224535399,0.6149073327961379,-0.00024174053182917098
92894,22.587876464607742,0.6116035455278002,560,681,1241,-0.0008058017727639033,-0.0008333472224535399,0.6145044319097559,-0.00040290088638195165
92895,22.58704311738529,0.6124093473005641,560,681,1241,0.0008058017727639033,-0.0008333472224535399,0.614101531023374,-0.00040290088638195165
92896,22.586209770162835,0.6107977437550363,560,681,1241,-0.0016116035455278066,-0.0008333472224535399,0.6134568896051629,-0.0006446414182111227
92897,22.58537642294038,0.6091861402095085,560,681,1241,-0.0016116035455278066,-0.0008333472224535399,0.6128122481869517,-0.0006446414182111227
92898,22.584543075717928,0.6075745366639806,560,681,1241,-0.0016116035455278066,-0.0008333472224535399,0.6120870265914642,-0.000725221595487513
92899,22.583709728495474,0.6075745366639806,560,681,1241,0.0,-0.0008333472224535399,0.611442385173253,-0.0006446414182111227
92900,22.58287638127302,0.6075745366639806,560,681,1241,0.0,-0.0008333472224535399,0.6108783239323182,-0.0005640612409347323
92901,22.582043034050567,0.6083803384367445,560,681,1241,0.0008058017727639033,-0.0008333472224535399,0.6102336825141071,-0.0006446414182111227
92902,22.581209686828114,0.6083803384367445,560,681,1241,0.0,-0.0008333472224535399,0.609589041095896,-0.0006446414182111227
92903,22.58037633960566,0.6091861402095085,560,681,1241,0.0008058017727639033,-0.0008333472224535399,0.6092667203867904,-0.00032232070910556134
92904,22.579542992383207,0.6099919419822724,560,681,1241,0.0008058017727639033,-0.0008333472224535399,0.6091055600322377,-0.00016116035455278067
92905,22.578709645160753,0.6099919419822724,560,681,1241,0.0,-0.0008333472224535399,0.6088638195004086,-0.00024174053182917098
92906,22.577876297938296,0.6107977437550363,560,681,1241,0.0008058017727639033,-0.0008333472224570926,0.6088638195004086,0.0
92907,22.577042950715843,0.6116035455278002,560,681,1241,0.0008058017727639033,-0.0008333472224535399,0.6091055600322377,0.00024174053182917098
92908,22.57620960349339,0.6124093473005641,560,681,1241,0.0008058017727639033,-0.0008333472224535399,0.6095890410958961,0.00048348106365834196
92909,22.575376256270935,0.6116035455278002,560,681,1241,-0.0008058017727639033,-0.0008333472224535399,0.6099919419822781,0.00040290088638195165
92910,22.574542909048482,0.6107977437550363,560,681,1241,-0.0008058017727639033,-0.0008333472224535399,0.6103142626913837,0.00032232070910556134
92911,22.57370956182603,0.6107977437550363,560,681,1241,0.0,-0.0008333472224535399,0.6105560032232128,0.00024174053182917098
92912,22.572876214603575,0.6099919419822724,560,681,1241,-0.0008058017727639033,-0.0008333472224535399,0.6107171635777655,0.00016116035455278067
92913,22.57204286738112,0.6107977437550363,560,681,1241,0.0008058017727639033,-0.0008333472224535399,0.6108783239323183,0.00016116035455278067
92914,22.571209520158668,0.6099919419822724,560,681,1241,-0.0008058017727639033,-0.0008333472224535399,0.6108783239323183,0.0
92915,22.570376172936214,0.6124093473005641,560,681,1241,0.00241740531829171,-0.0008333472224535399,0.6111200644641475,0.00024174053182917098
92916,22.56954282571376,0.613215149073328,560,681,1241,0.0008058017727639033,-0.0008333472224535399,0.6113618049959767,0.00024174053182917098
92917,22.568709478491307,0.6124093473005641,560,681,1241,-0.0008058017727639033,-0.0008333472224535399,0.611442385173253,8.058017727639034e-05
92918,22.567876131268854,0.6124093473005641,560,681,1241,0.0,-0.0008333472224535399,0.611442385173253,0.0
92919,22.5670427840464,0.6107977437550363,560,681,1241,-0.0016116035455278066,-0.0008333472224535399,0.6113618049959766,-8.058017727639034e-05
92920,22.566209436823947,0.6099919419822724,560,681,1241,-0.0008058017727639033,-0.0008333472224535399,0.6112812248187003,-8.058017727639034e-05
92921,22.565376089601493,0.6099919419822724,560,681,1241,0.0,-0.0008333472224535399,0.6112006446414239,-8.058017727639034e-05
92922,22.56454274237904,0.6099919419822724,560,681,1241,0.0,-0.0008333472224535399,0.6112006446414239,0.0
92923,22.563709395156586,0.6083803384367445,560,681,1241,-0.0016116035455278066,-0.0008333472224535399,0.6109589041095947,-0.00024174053182917098
92924,22.562876047934132,0.6083803384367445,560,681,1241,0.0,-0.0008333472224535399,0.610797743755042,-0.00016116035455278067
92925,22.56204270071168,0.6083803384367445,560,681,1241,0.0,-0.0008333472224535399,0.6103948428686601,-0.00040290088638195165
92926,22.561209353489225,0.6083803384367445,560,681,1241,0.0,-0.0008333472224535399,0.6099113618050017,-0.00048348106365834196
92927,22.560376006266768,0.6083803384367445,560,681,1241,0.0,-0.0008333472224570926,0.6095084609186199,-0.00040290088638195165
92928,22.559542659044315,0.6083803384367445,560,681,1241,0.0,-0.0008333472224535399,0.6091055600322379,-0.00040290088638195165
92929,22.55870931182186,0.6083803384367445,560,681,1241,0.0,-0.0008333472224535399,0.6088638195004088,-0.00024174053182917098
92930,22.557875964599408,0.6083803384367445,560,681,1241,0.0,-0.0008333472224535399,0.608702659145856,-0.00016116035455278067
92931,22.557042617376954,0.6091861402095085,560,681,1241,0.0008058017727639033,-0.0008333472224535399,0.6086220789685796,-8.058017727639034e-05
92932,22.5562092701545,0.6083803384367445,560,681,1241,-0.0008058017727639033,-0.0008333472224535399,0.6084609186140268,-0.00016116035455278067
92933,22.555375922932047,0.6083803384367445,560,681,1241,0.0,-0.0008333472224535399,0.6084609186140268,0.0
92934,22.554542575709593,0.6075745366639806,560,681,1241,-0.0008058017727639033,-0.0008333472224535399,0.6083803384367503,-8.058017727639034e-05
92935,22.55370922848714,0.6075745366639806,560,681,1241,0.0,-0.0008333472224535399,0.6082997582594739,-8.058017727639034e-05
92936,22.552875881264686,0.604351329572925,560,681,1241,-0.003223207091055613,-0.0008333472224535399,0.607896857373092,-0.00040290088638195165
92937,22.552042534042233,0.604351329572925,560,681,1241,0.0,-0.0008333472224535399,0.6074939564867099,-0.00040290088638195165
92938,22.55120918681978,0.604351329572925,560,681,1241,0.0,-0.0008333472224535399,0.607091055600328,-0.00040290088638195165
92939,22.550375839597326,0.6051571313456889,560,681,1241,0.0008058017727639033,-0.0008333472224535399,0.6067687348912224,-0.00032232070910556134
92940,22.549542492374872,0.6051571313456889,560,681,1241,0.0,-0.0008333472224535399,0.6064464141821169,-0.00032232070910556134
92941,22.54870914515242,0.604351329572925,560,681,1241,-0.0008058017727639033,-0.0008333472224535399,0.6059629331184585,-0.00048348106365834196
92942,22.547875797929965,0.6035455278001611,560,681,1241,-0.0008058017727639033,-0.0008333472224535399,0.6054794520548001,-0.00048348106365834196
92943,22.54704245070751,0.6027397260273972,560,681,1241,-0.0008058017727639033,-0.0008333472224535399,0.6049153908138654,-0.0005640612409347323
92944,22.546209103485058,0.6027397260273972,560,681,1241,0.0,-0.0008333472224535399,0.604431909750207,-0.00048348106365834196
92945,22.545375756262604,0.6067687348912167,560,681,1241,0.0040290088638195165,-0.0008333472224535399,0.6043513295729307,-8.058017727639034e-05
92946,22.54454240904015,0.6075745366639806,560,681,1241,0.0008058017727639033,-0.0008333472224535399,0.6046736502820362,0.00032232070910556134
92947,22.543709061817697,0.6075745366639806,560,681,1241,0.0,-0.0008333472224535399,0.6049959709911418,0.00032232070910556134
92948,22.542875714595244,0.6075745366639806,560,681,1241,0.0,-0.0008333472224535399,0.6053182917002473,0.00032232070910556134
92949,22.542042367372787,0.6067687348912167,560,681,1241,-0.0008058017727639033,-0.0008333472224570926,0.6054794520548001,0.00016116035455278067
92950,22.541209020150333,0.6083803384367445,560,681,1241,0.0016116035455278066,-0.0008333472224535399,0.6058017727639057,0.00032232070910556134
92951,22.54037567292788,0.6083803384367445,560,681,1241,0.0,-0.0008333472224535399,0.6062046736502877,0.00040290088638195165
92952,22.539542325705426,0.6083803384367445,560,681,1241,0.0,-0.0008333472224535399,0.606688154713946,0.00048348106365834196
92953,22.538708978482973,0.6075745366639806,560,681,1241,-0.0008058017727639033,-0.0008333472224535399,0.6071716357776044,0.00048348106365834196
92954,22.53787563126052,0.6083803384367445,560,681,1241,0.0008058017727639033,-0.0008333472224535399,0.6077356970185391,0.0005640612409347323
92955,22.537042284038066,0.6083803384367445,560,681,1241,0.0,-0.0008333472224535399,0.607896857373092,0.00016116035455278067
92956,22.536208936815612,0.6083803384367445,560,681,1241,0.0,-0.0008333472224535399,0.6079774375503684,8.058017727639034e-05
92957,22.53537558959316,0.6059629331184528,560,681,1241,-0.00241740531829171,-0.0008333472224535399,0.6078162771958155,-0.00016116035455278067
92958,22.534542242370705,0.6059629331184528,560,681,1241,0.0,-0.0008333472224535399,0.6076551168412628,-0.00016116035455278067
92959,22.53370889514825,0.6067687348912167,560,681,1241,0.0008058017727639033,-0.0008333472224535399,0.6076551168412628,0.0
92960,22.532875547925798,0.6067687348912167,560,681,1241,0.0,-0.0008333472224535399,0.60749395648671,-0.00016116035455278067
92961,22.532042200703344,0.6059629331184528,560,681,1241,-0.0008058017727639033,-0.0008333472224535399,0.6072522159548808,-0.00024174053182917098
92962,22.53120885348089,0.604351329572925,560,681,1241,-0.0016116035455278066,-0.0008333472224535399,0.6068493150684988,-0.00040290088638195165
92963,22.530375506258437,0.604351329572925,560,681,1241,0.0,-0.0008333472224535399,0.6065269943593933,-0.00032232070910556134
92964,22.529542159035984,0.6035455278001611,560,681,1241,-0.0008058017727639033,-0.0008333472224535399,0.6060435132957349,-0.00048348106365834196
92965,22.52870881181353,0.6035455278001611,560,681,1241,0.0,-0.0008333472224535399,0.6055600322320766,-0.00048348106365834196
92966,22.527875464591077,0.6027397260273972,560,681,1241,-0.0008058017727639033,-0.0008333472224535399,0.6049959709911418,-0.0005640612409347323
92967,22.527042117368623,0.6027397260273972,560,681,1241,0.0,-0.0008333472224535399,0.6046736502820362,-0.00032232070910556134
92968,22.52620877014617,0.6035455278001611,560,681,1241,0.0008058017727639033,-0.0008333472224535399,0.6044319097502071,-0.00024174053182917098
92969,22.525375422923716,0.6011281224818694,560,681,1241,-0.00241740531829171,-0.0008333472224535399,0.6038678485092723,-0.0005640612409347323
92970,22.52454207570126,0.6019339242546333,560,681,1241,0.0008058017727639033,-0.0008333472224570926,0.603384367445614,-0.00048348106365834196
92971,22.523708728478805,0.5987107171635777,560,681,1241,-0.003223207091055613,-0.0008333472224535399,0.6026591458501265,-0.000725221595487513
92972,22.522875381256352,0.5987107171635777,560,681,1241,0.0,-0.0008333472224535399,0.6020950846091918,-0.0005640612409347323
92973,22.5220420340339,0.5987107171635777,560,681,1241,0.0,-0.0008333472224535399,0.6015310233682571,-0.0005640612409347323
92974,22.521208686811445,0.5995165189363416,560,681,1241,0.0008058017727639033,-0.0008333472224535399,0.6011281224818752,-0.00040290088638195165
92975,22.52037533958899,0.6003223207091055,560,681,1241,0.0008058017727639033,-0.0008333472224535399,0.6008058017727695,-0.00032232070910556134
92976,22.519541992366538,0.6003223207091055,560,681,1241,0.0,-0.0008333472224535399,0.6005640612409404,-0.00024174053182917098
92977,22.518708645144084,0.6011281224818694,560,681,1241,0.0008058017727639033,-0.0008333472224535399,0.6004029008863877,-0.00016116035455278067
92978,22.51787529792163,0.6027397260273972,560,681,1241,0.0016116035455278066,-0.0008333472224535399,0.6003223207091113,-8.058017727639034e-05
92979,22.517041950699177,0.6011281224818694,560,681,1241,-0.0016116035455278066,-0.0008333472224535399,0.6003223207091113,0.0
92980,22.516208603476723,0.6011281224818694,560,681,1241,0.0,-0.0008333472224535399,0.6002417405318348,-8.058017727639034e-05
92981,22.51537525625427,0.6011281224818694,560,681,1241,0.0,-0.0008333472224535399,0.6004834810636639,0.00024174053182917098
92982,22.514541909031816,0.6011281224818694,560,681,1241,0.0,-0.0008333472224535399,0.600725221595493,0.00024174053182917098
92983,22.513708561809363,0.6003223207091055,560,681,1241,-0.0008058017727639033,-0.0008333472224535399,0.6008863819500458,0.00016116035455278067
92984,22.51287521458691,0.6019339242546333,560,681,1241,0.0016116035455278066,-0.0008333472224535399,0.6011281224818751,0.00024174053182917098
92985,22.512041867364456,0.6003223207091055,560,681,1241,-0.0016116035455278066,-0.0008333472224535399,0.6011281224818751,0.0
92986,22.511208520142002,0.5995165189363416,560,681,1241,-0.0008058017727639033,-0.0008333472224535399,0.6010475423045987,-8.058017727639034e-05
92987,22.51037517291955,0.6003223207091055,560,681,1241,0.0008058017727639033,-0.0008333472224535399,0.6009669621273223,-8.058017727639034e-05
92988,22.509541825697095,0.5995165189363416,560,681,1241,-0.0008058017727639033,-0.0008333472224535399,0.6006446414182167,-0.00032232070910556134
92989,22.50870847847464,0.5995165189363416,560,681,1241,0.0,-0.0008333472224535399,0.6004834810636639,-0.00016116035455278067
92990,22.507875131252188,0.5995165189363416,560,681,1241,0.0,-0.0008333472224535399,0.6003223207091112,-0.00016116035455278067
92991,22.50704178402973,0.5995165189363416,560,681,1241,0.0,-0.0008333472224570926,0.6001611603545584,-0.00016116035455278067
92992,22.506208436807277,0.5995165189363416,560,681,1241,0.0,-0.0008333472224535399,0.6000000000000056,-0.00016116035455278067
92993,22.505375089584824,0.5987107171635777,560,681,1241,-0.0008058017727639033,-0.0008333472224535399,0.5998388396454528,-0.00016116035455278067
92994,22.50454174236237,0.5979049153908138,560,681,1241,-0.0008058017727639033,-0.0008333472224535399,0.5994359387590709,-0.00040290088638195165
92995,22.503708395139917,0.6003223207091055,560,681,1241,0.00241740531829171,-0.0008333472224535399,0.5994359387590709,0.0
92996,22.502875047917463,0.6003223207091055,560,681,1241,0.0,-0.0008333472224535399,0.5995165189363473,8.058017727639034e-05
92997,22.50204170069501,0.5995165189363416,560,681,1241,-0.0008058017727639033,-0.0008333472224535399,0.5994359387590709,-8.058017727639034e-05
92998,22.501208353472556,0.6003223207091055,560,681,1241,0.0008058017727639033,-0.0008333472224535399,0.5995165189363473,8.058017727639034e-05
92999,22.500375006250103,0.6003223207091055,560,681,1241,0.0,-0.0008333472224535399,0.5995970991136237,8.058017727639034e-05
93000,22.49954165902765,0.5987107171635777,560,681,1241,-0.0016116035455278066,-0.0008333472224535399,0.5995165189363474,-8.058017727639034e-05
93001,22.498708311805196,0.5995165189363416,560,681,1241,0.0008058017727639033,-0.0008333472224535399,0.5995165189363474,0.0
93002,22.497874964582742,0.5987107171635777,560,681,1241,-0.0008058017727639033,-0.0008333472224535399,0.599435938759071,-8.058017727639034e-05
93003,22.49704161736029,0.5987107171635777,560,681,1241,0.0,-0.0008333472224535399,0.599435938759071,0.0
93004,22.496208270137835,0.59709911361805,560,681,1241,-0.0016116035455276956,-0.0008333472224535399,0.5993553585817947,-8.058017727637922e-05
93005,22.49537492291538,0.59709911361805,560,681,1241,0.0,-0.0008333472224535399,0.5990330378726891,-0.00032232070910555023
93006,22.494541575692928,0.5962933118452861,560,681,1241,-0.0008058017727639033,-0.0008333472224535399,0.5986301369863071,-0.00040290088638194054
93007,22.493708228470474,0.5962933118452861,560,681,1241,0.0,-0.0008333472224535399,0.5983078162772015,-0.00032232070910555023
93008,22.49287488124802,0.5962933118452861,560,681,1241,0.0,-0.0008333472224535399,0.5979049153908196,-0.00040290088638194054
93009,22.492041534025567,0.5954875100725222,560,681,1241,-0.0008058017727639033,-0.0008333472224535399,0.5974214343271612,-0.0004834810636583309
93010,22.491208186803114,0.5962933118452861,560,681,1241,0.0008058017727639033,-0.0008333472224535399,0.597179693795332,-0.0002417405318291599
93011,22.49037483958066,0.5954875100725222,560,681,1241,-0.0008058017727639033,-0.0008333472224535399,0.59677679290895,-0.00040290088638194054
93012,22.489541492358203,0.5954875100725222,560,681,1241,0.0,-0.0008333472224570926,0.5964544721998445,-0.00032232070910555023
93013,22.48870814513575,0.5954875100725222,560,681,1241,0.0,-0.0008333472224535399,0.596132151490739,-0.00032232070910555023
93014,22.487874797913296,0.5946817082997583,560,681,1241,-0.0008058017727639033,-0.0008333472224535399,0.5958904109589097,-0.00024174053182917098
93015,22.487041450690842,0.5946817082997583,560,681,1241,0.0,-0.0008333472224535399,0.5956486704270805,-0.00024174053182917098
93016,22.48620810346839,0.5946817082997583,560,681,1241,0.0,-0.0008333472224535399,0.5954875100725278,-0.00016116035455278067
93017,22.485374756245935,0.5922643029814666,560,681,1241,-0.00241740531829171,-0.0008333472224535399,0.5950846091861458,-0.00040290088638195165
93018,22.484541409023482,0.5914585012087027,560,681,1241,-0.0008058017727639033,-0.0008333472224535399,0.5946011281224874,-0.00048348106365834196
93019,22.48370806180103,0.5922643029814666,560,681,1241,0.0008058017727639033,-0.0008333472224535399,0.5942788074133819,-0.00032232070910556134
93020,22.482874714578575,0.5914585012087027,560,681,1241,-0.0008058017727639033,-0.0008333472224535399,0.5937953263497235,-0.00048348106365834196
93021,22.48204136735612,0.5906526994359388,560,681,1241,-0.0008058017727639033,-0.0008333472224535399,0.5933118452860653,-0.00048348106365834196
93022,22.481208020133668,0.5914585012087027,560,681,1241,0.0008058017727639033,-0.0008333472224535399,0.5929089443996832,-0.00040290088638195165
93023,22.480374672911214,0.5914585012087027,560,681,1241,0.0,-0.0008333472224535399,0.5925060435133013,-0.00040290088638195165
93024,22.47954132568876,0.5914585012087027,560,681,1241,0.0,-0.0008333472224535399,0.5921837228041957,-0.00032232070910556134
93025,22.478707978466307,0.5930701047542305,560,681,1241,0.0016116035455278066,-0.0008333472224535399,0.5920225624496429,-0.00016116035455278067
93026,22.477874631243854,0.5938759065269944,560,681,1241,0.0008058017727639033,-0.0008333472224535399,0.5919419822723666,-8.058017727639034e-05
93027,22.4770412840214,0.5938759065269944,560,681,1241,0.0,-0.0008333472224535399,0.5921031426269193,0.00016116035455278067
93028,22.476207936798946,0.5930701047542305,560,681,1241,-0.0008058017727639033,-0.0008333472224535399,0.5922643029814721,0.00016116035455278067
93029,22.475374589576493,0.5922643029814666,560,681,1241,-0.0008058017727639033,-0.0008333472224535399,0.5922643029814721,0.0
93030,22.47454124235404,0.5914585012087027,560,681,1241,-0.0008058017727639033,-0.0008333472224535399,0.5922643029814721,0.0
93031,22.473707895131586,0.5914585012087027,560,681,1241,0.0,-0.0008333472224535399,0.5923448831587484,8.058017727639034e-05
93032,22.472874547909132,0.5922643029814666,560,681,1241,0.0008058017727639033,-0.0008333472224535399,0.5924254633360249,8.058017727639034e-05
93033,22.472041200686675,0.5922643029814666,560,681,1241,0.0,-0.0008333472224570926,0.5925060435133014,8.058017727639034e-05
93034,22.47120785346422,0.5914585012087027,560,681,1241,-0.0008058017727639033,-0.0008333472224535399,0.5925060435133014,0.0
93035,22.470374506241768,0.5906526994359388,560,681,1241,-0.0008058017727639033,-0.0008333472224535399,0.5922643029814723,-0.00024174053182917098
93036,22.469541159019315,0.5898468976631749,560,681,1241,-0.0008058017727639033,-0.0008333472224535399,0.5918614020950902,-0.00040290088638195165
93037,22.46870781179686,0.5922643029814666,560,681,1241,0.00241740531829171,-0.0008333472224535399,0.5917002417405375,-0.00016116035455278067
93038,22.467874464574408,0.5946817082997583,560,681,1241,0.00241740531829171,-0.0008333472224535399,0.5918614020950902,0.00016116035455278067
93039,22.467041117351954,0.5946817082997583,560,681,1241,0.0,-0.0008333472224535399,0.5921031426269193,0.00024174053182917098
93040,22.4662077701295,0.5938759065269944,560,681,1241,-0.0008058017727639033,-0.0008333472224535399,0.5923448831587486,0.00024174053182917098
93041,22.465374422907047,0.5930701047542305,560,681,1241,-0.0008058017727639033,-0.0008333472224535399,0.5925060435133014,0.00016116035455278067
93042,22.464541075684593,0.5938759065269944,560,681,1241,0.0008058017727639033,-0.0008333472224535399,0.5926672038678541,0.00016116035455278067
93043,22.46370772846214,0.5946817082997583,560,681,1241,0.0008058017727639033,-0.0008333472224535399,0.5929089443996832,0.00024174053182917098
93044,22.462874381239686,0.5946817082997583,560,681,1241,0.0,-0.0008333472224535399,0.5932312651087888,0.00032232070910556134
93045,22.462041034017233,0.5946817082997583,560,681,1241,0.0,-0.0008333472224535399,0.5936341659951707,0.00040290088638195165
93046,22.46120768679478,0.5922643029814666,560,681,1241,-0.00241740531829171,-0.0008333472224535399,0.593875906527,0.00024174053182917098
93047,22.460374339572326,0.5930701047542305,560,681,1241,0.0008058017727639033,-0.0008333472224535399,0.5939564867042763,8.058017727639034e-05
93048,22.459540992349872,0.5922643029814666,560,681,1241,-0.0008058017727639033,-0.0008333472224535399,0.5937147461724471,-0.00024174053182917098
93049,22.45870764512742,0.5922643029814666,560,681,1241,0.0,-0.0008333472224535399,0.593473005640618,-0.00024174053182917098
93050,22.457874297904965,0.5930701047542305,560,681,1241,0.0008058017727639033,-0.0008333472224535399,0.5933924254633416,-8.058017727639034e-05
93051,22.45704095068251,0.5922643029814666,560,681,1241,-0.0008058017727639033,-0.0008333472224535399,0.5933118452860653,-8.058017727639034e-05
93052,22.456207603460058,0.5914585012087027,560,681,1241,-0.0008058017727639033,-0.0008333472224535399,0.593070104754236,-0.00024174053182917098
93053,22.455374256237604,0.5906526994359388,560,681,1241,-0.0008058017727639033,-0.0008333472224535399,0.5926672038678541,-0.00040290088638195165
93054,22.454540909015147,0.5906526994359388,560,681,1241,0.0,-0.0008333472224570926,0.5922643029814723,-0.00040290088638195165
93055,22.453707561792694,0.5914585012087027,560,681,1241,0.0008058017727639033,-0.0008333472224535399,0.5919419822723666,-0.00032232070910556134
93056,22.45287421457024,0.5906526994359388,560,681,1241,-0.0008058017727639033,-0.0008333472224535399,0.5917808219178139,-0.00016116035455278067
93057,22.452040867347787,0.5906526994359388,560,681,1241,0.0,-0.0008333472224535399,0.5915390813859848,-0.00024174053182917098
93058,22.451207520125333,0.5898468976631749,560,681,1241,-0.0008058017727639033,-0.0008333472224535399,0.5912973408541555,-0.00024174053182917098
93059,22.45037417290288,0.5898468976631749,560,681,1241,0.0,-0.0008333472224535399,0.5910556003223263,-0.00024174053182917098
93060,22.449540825680426,0.5898468976631749,560,681,1241,0.0,-0.0008333472224535399,0.5907332796132208,-0.00032232070910556134
93061,22.448707478457973,0.5906526994359388,560,681,1241,0.0008058017727639033,-0.0008333472224535399,0.5905721192586679,-0.00016116035455278067
93062,22.44787413123552,0.5914585012087027,560,681,1241,0.0008058017727639033,-0.0008333472224535399,0.5905721192586679,0.0
93063,22.447040784013065,0.5898468976631749,560,681,1241,-0.0016116035455278066,-0.0008333472224535399,0.5904915390813915,-8.058017727639034e-05
93064,22.446207436790612,0.5898468976631749,560,681,1241,0.0,-0.0008333472224535399,0.5904109589041151,-8.058017727639034e-05
93065,22.44537408956816,0.5906526994359388,560,681,1241,0.0008058017727639033,-0.0008333472224535399,0.5903303787268388,-8.058017727639034e-05
93066,22.444540742345705,0.589041095890411,560,681,1241,-0.0016116035455278066,-0.0008333472224535399,0.590169218372286,-0.00016116035455278067
93067,22.44370739512325,0.589041095890411,560,681,1241,0.0,-0.0008333472224535399,0.5900080580177332,-0.00016116035455278067
93068,22.442874047900798,0.5882352941176471,560,681,1241,-0.0008058017727639033,-0.0008333472224535399,0.5898468976631804,-0.00016116035455278067
93069,22.442040700678344,0.589041095890411,560,681,1241,0.0008058017727639033,-0.0008333472224535399,0.589766317485904,-8.058017727639034e-05
93070,22.44120735345589,0.5906526994359388,560,681,1241,0.0016116035455278066,-0.0008333472224535399,0.5898468976631805,8.058017727639034e-05
93071,22.440374006233437,0.5906526994359388,560,681,1241,0.0,-0.0008333472224535399,0.5898468976631805,0.0
93072,22.439540659010984,0.5914585012087027,560,681,1241,0.0008058017727639033,-0.0008333472224535399,0.5898468976631805,0.0
93073,22.43870731178853,0.5906526994359388,560,681,1241,-0.0008058017727639033,-0.0008333472224535399,0.589927477840457,8.058017727639034e-05
93074,22.437873964566077,0.5898468976631749,560,681,1241,-0.0008058017727639033,-0.0008333472224535399,0.589927477840457,0.0
93075,22.437040617343623,0.5906526994359388,560,681,1241,0.0008058017727639033,-0.0008333472224535399,0.589927477840457,0.0
93076,22.436207270121166,0.5906526994359388,560,681,1241,0.0,-0.0008333472224570926,0.5900886381950097,0.00016116035455278067
93077,22.435373922898712,0.5906526994359388,560,681,1241,0.0,-0.0008333472224535399,0.5902497985495625,0.00016116035455278067
93078,22.43454057567626,0.5906526994359388,560,681,1241,0.0,-0.0008333472224535399,0.5904915390813917,0.00024174053182917098
93079,22.433707228453805,0.5906526994359388,560,681,1241,0.0,-0.0008333472224535399,0.5906526994359445,0.00016116035455278067
93080,22.43287388123135,0.5906526994359388,560,681,1241,0.0,-0.0008333472224535399,0.5906526994359445,0.0
93081,22.432040534008898,0.5898468976631749,560,681,1241,-0.0008058017727639033,-0.0008333472224535399,0.590572119258668,-8.058017727639034e-05
93082,22.431207186786445,0.5898468976631749,560,681,1241,0.0,-0.0008333472224535399,0.5904109589041153,-0.00016116035455278067
93083,22.43037383956399,0.5898468976631749,560,681,1241,0.0,-0.0008333472224535399,0.5903303787268388,-8.058017727639034e-05
93084,22.429540492341538,0.5898468976631749,560,681,1241,0.0,-0.0008333472224535399,0.5903303787268388,0.0
93085,22.428707145119084,0.5898468976631749,560,681,1241,0.0,-0.0008333472224535399,0.5902497985495624,-8.058017727639034e-05
93086,22.42787379789663,0.5914585012087027,560,681,1241,0.0016116035455278066,-0.0008333472224535399,0.5903303787268388,8.058017727639034e-05
93087,22.427040450674177,0.5906526994359388,560,681,1241,-0.0008058017727639033,-0.0008333472224535399,0.5903303787268388,0.0
93088,22.426207103451723,0.5906526994359388,560,681,1241,0.0,-0.0008333472224535399,0.5903303787268388,0.0
93089,22.42537375622927,0.5914585012087027,560,681,1241,0.0008058017727639033,-0.0008333472224535399,0.5904109589041151,8.058017727639034e-05
93090,22.424540409006816,0.5906526994359388,560,681,1241,-0.0008058017727639033,-0.0008333472224535399,0.5904109589041151,0.0
93091,22.423707061784363,0.5914585012087027,560,681,1241,0.0008058017727639033,-0.0008333472224535399,0.5905721192586679,0.00016116035455278067
93092,22.42287371456191,0.5914585012087027,560,681,1241,0.0,-0.0008333472224535399,0.5907332796132206,0.00016116035455278067
93093,22.422040367339456,0.5906526994359388,560,681,1241,-0.0008058017727639033,-0.0008333472224535399,0.590813859790497,8.058017727639034e-05
93094,22.421207020117002,0.5906526994359388,560,681,1241,0.0,-0.0008333472224535399,0.5908944399677736,8.058017727639034e-05
93095,22.42037367289455,0.5906526994359388,560,681,1241,0.0,-0.0008333472224535399,0.59097502014505,8.058017727639034e-05
93096,22.419540325672095,0.5906526994359388,560,681,1241,0.0,-0.0008333472224535399,0.5908944399677736,-8.058017727639034e-05
93097,22.418706978449638,0.5906526994359388,560,681,1241,0.0,-0.0008333472224570926,0.5908944399677736,0.0
93098,22.417873631227184,0.5906526994359388,560,681,1241,0.0,-0.0008333472224535399,0.5908944399677736,0.0
93099,22.41704028400473,0.5906526994359388,560,681,1241,0.0,-0.0008333472224535399,0.5908138597904973,-8.058017727639034e-05
93100,22.416206936782277,0.5906526994359388,560,681,1241,0.0,-0.0008333472224535399,0.5908138597904973,0.0
93101,22.415373589559824,0.5906526994359388,560,681,1241,0.0,-0.0008333472224535399,0.590733279613221,-8.058017727639034e-05
93102,22.41454024233737,0.5906526994359388,560,681,1241,0.0,-0.0008333472224535399,0.5906526994359446,-8.058017727639034e-05
93103,22.413706895114917,0.5914585012087027,560,681,1241,0.0008058017727639033,-0.0008333472224535399,0.590733279613221,8.058017727639034e-05
93104,22.412873547892463,0.5906526994359388,560,681,1241,-0.0008058017727639033,-0.0008333472224535399,0.590733279613221,0.0
93105,22.41204020067001,0.5906526994359388,560,681,1241,0.0,-0.0008333472224535399,0.590733279613221,0.0
93106,22.411206853447556,0.5930701047542305,560,681,1241,0.00241740531829171,-0.0008333472224535399,0.5909750201450501,0.00024174053182917098
93107,22.410373506225103,0.5938759065269944,560,681,1241,0.0008058017727639033,-0.0008333472224535399,0.5912973408541556,0.00032232070910556134
93108,22.40954015900265,0.5938759065269944,560,681,1241,0.0,-0.0008333472224535399,0.5916196615632612,0.00032232070910556134
93109,22.408706811780196,0.5946817082997583,560,681,1241,0.0008058017727639033,-0.0008333472224535399,0.5920225624496431,0.00040290088638195165
93110,22.407873464557742,0.5946817082997583,560,681,1241,0.0,-0.0008333472224535399,0.592425463336025,0.00040290088638195165
93111,22.40704011733529,0.5938759065269944,560,681,1241,-0.0008058017727639033,-0.0008333472224535399,0.5927477840451305,0.00032232070910556134
93112,22.406206770112835,0.5938759065269944,560,681,1241,0.0,-0.0008333472224535399,0.5930701047542362,0.00032232070910556134
93113,22.40537342289038,0.5938759065269944,560,681,1241,0.0,-0.0008333472224535399,0.5933118452860653,0.00024174053182917098
93114,22.404540075667928,0.5938759065269944,560,681,1241,0.0,-0.0008333472224535399,0.5936341659951709,0.00032232070910556134
93115,22.403706728445474,0.5922643029814666,560,681,1241,-0.0016116035455278066,-0.0008333472224535399,0.5937953263497237,0.00016116035455278067
93116,22.40287338122302,0.5930701047542305,560,681,1241,0.0008058017727639033,-0.0008333472224535399,0.5937953263497237,0.0
93117,22.402040034000567,0.5930701047542305,560,681,1241,0.0,-0.0008333472224535399,0.5937147461724472,-8.058017727639034e-05
93118,22.40120668677811,0.5938759065269944,560,681,1241,0.0008058017727639033,-0.0008333472224570926,0.5937147461724472,0.0
93119,22.400373339555657,0.5930701047542305,560,681,1241,-0.0008058017727639033,-0.0008333472224535399,0.5935535858178944,-0.00016116035455278067
93120,22.399539992333203,0.5938759065269944,560,681,1241,0.0008058017727639033,-0.0008333472224535399,0.5934730056406181,-8.058017727639034e-05
93121,22.39870664511075,0.5954875100725222,560,681,1241,0.0016116035455278066,-0.0008333472224535399,0.5936341659951709,0.00016116035455278067
93122,22.397873297888296,0.5962933118452861,560,681,1241,0.0008058017727639033,-0.0008333472224535399,0.5938759065270001,0.00024174053182917098
93123,22.397039950665842,0.5954875100725222,560,681,1241,-0.0008058017727639033,-0.0008333472224535399,0.5940370668815528,0.00016116035455278067
93124,22.39620660344339,0.5954875100725222,560,681,1241,0.0,-0.0008333472224535399,0.5941982272361056,0.00016116035455278067
93125,22.395373256220935,0.5938759065269944,560,681,1241,-0.0016116035455278066,-0.0008333472224535399,0.5943593875906583,0.00016116035455278067
93126,22.394539908998482,0.5946817082997583,560,681,1241,0.0008058017727639033,-0.0008333472224535399,0.5945205479452111,0.00016116035455278067
93127,22.39370656177603,0.5946817082997583,560,681,1241,0.0,-0.0008333472224535399,0.594681708299764,0.00016116035455278067
93128,22.392873214553575,0.5954875100725222,560,681,1241,0.0008058017727639033,-0.0008333472224535399,0.5948428686543167,0.00016116035455278067
93129,22.39203986733112,0.5954875100725222,560,681,1241,0.0,-0.0008333472224535399,0.5950846091861459,0.00024174053182917098
93130,22.391206520108668,0.5954875100725222,560,681,1241,0.0,-0.0008333472224535399,0.5952457695406987,0.00016116035455278067
93131,22.390373172886214,0.5954875100725222,560,681,1241,0.0,-0.0008333472224535399,0.5952457695406987,0.0
93132,22.38953982566376,0.5946817082997583,560,681,1241,-0.0008058017727639033,-0.0008333472224535399,0.5950846091861459,-0.00016116035455278067
93133,22.388706478441307,0.5954875100725222,560,681,1241,0.0008058017727639033,-0.0008333472224535399,0.5950846091861459,0.0
93134,22.387873131218853,0.5954875100725222,560,681,1241,0.0,-0.0008333472224535399,0.5950846091861459,0.0
93135,22.3870397839964,0.5946817082997583,560,681,1241,-0.0008058017727639033,-0.0008333472224535399,0.5951651893634222,8.058017727639034e-05
93136,22.386206436773946,0.5946817082997583,560,681,1241,0.0,-0.0008333472224535399,0.5951651893634222,0.0
93137,22.385373089551493,0.5946817082997583,560,681,1241,0.0,-0.0008333472224535399,0.5951651893634222,0.0
93138,22.38453974232904,0.5946817082997583,560,681,1241,0.0,-0.0008333472224535399,0.5950846091861458,-8.058017727639034e-05
93139,22.383706395106582,0.5954875100725222,560,681,1241,0.0008058017727639033,-0.0008333472224570926,0.5950846091861458,0.0
93140,22.38287304788413,0.5954875100725222,560,681,1241,0.0,-0.0008333472224535399,0.5950846091861458,0.0
93141,22.382039700661675,0.5962933118452861,560,681,1241,0.0008058017727639033,-0.0008333472224535399,0.5951651893634222,8.058017727639034e-05
93142,22.38120635343922,0.5962933118452861,560,681,1241,0.0,-0.0008333472224535399,0.5953263497179749,0.00016116035455278067
93143,22.380373006216768,0.5962933118452861,560,681,1241,0.0,-0.0008333472224535399,0.5954069298952513,8.058017727639034e-05
93144,22.379539658994315,0.59709911361805,560,681,1241,0.0008058017727639033,-0.0008333472224535399,0.5955680902498041,0.00016116035455278067
93145,22.37870631177186,0.59709911361805,560,681,1241,0.0,-0.0008333472224535399,0.5958098307816333,0.00024174053182917098
93146,22.377872964549407,0.59709911361805,560,681,1241,0.0,-0.0008333472224535399,0.5960515713134625,0.00024174053182917098
93147,22.377039617326954,0.5987107171635777,560,681,1241,0.0016116035455276956,-0.0008333472224535399,0.5964544721998445,0.00040290088638194054
93148,22.3762062701045,0.5987107171635777,560,681,1241,0.0,-0.0008333472224535399,0.5968573730862266,0.00040290088638194054
93149,22.375372922882047,0.5979049153908138,560,681,1241,-0.0008058017727639033,-0.0008333472224535399,0.5970991136180557,0.0002417405318291599
93150,22.374539575659593,0.59709911361805,560,681,1241,-0.0008058017727637923,-0.0008333472224535399,0.5972602739726084,0.00016116035455278067
93151,22.37370622843714,0.5987107171635777,560,681,1241,0.0016116035455276956,-0.0008333472224535399,0.5975020145044376,0.0002417405318291599
93152,22.372872881214686,0.5987107171635777,560,681,1241,0.0,-0.0008333472224535399,0.5977437550362669,0.0002417405318291599
93153,22.372039533992233,0.5987107171635777,560,681,1241,0.0,-0.0008333472224535399,0.5979854955680961,0.0002417405318291599
93154,22.37120618676978,0.5987107171635777,560,681,1241,0.0,-0.0008333472224535399,0.5981466559226488,0.00016116035455276956
93155,22.370372839547326,0.5979049153908138,560,681,1241,-0.0008058017727639033,-0.0008333472224535399,0.5982272360999252,8.058017727637922e-05
93156,22.369539492324872,0.5962933118452861,560,681,1241,-0.0016116035455276956,-0.0008333472224535399,0.5981466559226487,-8.058017727639034e-05
93157,22.36870614510242,0.5987107171635777,560,681,1241,0.002417405318291599,-0.0008333472224535399,0.5981466559226487,0.0
93158,22.367872797879965,0.5995165189363416,560,681,1241,0.0008058017727639033,-0.0008333472224535399,0.5982272360999251,8.058017727639034e-05
93159,22.36703945065751,0.5995165189363416,560,681,1241,0.0,-0.0008333472224535399,0.5983883964544778,0.00016116035455278067
93160,22.366206103435054,0.6003223207091055,560,681,1241,0.0008058017727639033,-0.0008333472224570926,0.5987107171635835,0.00032232070910555023
93161,22.3653727562126,0.6003223207091055,560,681,1241,0.0,-0.0008333472224535399,0.5988718775181362,0.00016116035455278067
93162,22.364539408990147,0.6011281224818694,560,681,1241,0.0008058017727639033,-0.0008333472224535399,0.5991136180499653,0.00024174053182917098
93163,22.363706061767694,0.6011281224818694,560,681,1241,0.0,-0.0008333472224535399,0.5993553585817945,0.00024174053182917098
93164,22.36287271454524,0.6003223207091055,560,681,1241,-0.0008058017727639033,-0.0008333472224535399,0.5995165189363473,0.00016116035455278067
93165,22.362039367322787,0.5995165189363416,560,681,1241,-0.0008058017727639033,-0.0008333472224535399,0.5996776792909,0.00016116035455278067
93166,22.361206020100333,0.5995165189363416,560,681,1241,0.0,-0.0008333472224535399,0.6000000000000056,0.00032232070910555023
93167,22.36037267287788,0.6003223207091055,560,681,1241,0.0008058017727639033,-0.0008333472224535399,0.6001611603545584,0.00016116035455278067
93168,22.359539325655426,0.5995165189363416,560,681,1241,-0.0008058017727639033,-0.0008333472224535399,0.6001611603545584,0.0
93169,22.358705978432972,0.5995165189363416,560,681,1241,0.0,-0.0008333472224535399,0.6001611603545584,0.0
93170,22.35787263121052,0.6003223207091055,560,681,1241,0.0008058017727639033,-0.0008333472224535399,0.6001611603545584,0.0
93171,22.357039283988065,0.6003223207091055,560,681,1241,0.0,-0.0008333472224535399,0.6001611603545584,0.0
93172,22.356205936765612,0.5979049153908138,560,681,1241,-0.00241740531829171,-0.0008333472224535399,0.5998388396454528,-0.00032232070910556134
93173,22.35537258954316,0.59709911361805,560,681,1241,-0.0008058017727637923,-0.0008333472224535399,0.5994359387590709,-0.00040290088638194054
93174,22.354539242320705,0.5979049153908138,560,681,1241,0.0008058017727637923,-0.0008333472224535399,0.5991941982272417,-0.00024174053182917098
93175,22.35370589509825,0.5979049153908138,560,681,1241,0.0,-0.0008333472224535399,0.5990330378726889,-0.00016116035455278067
93176,22.352872547875798,0.5979049153908138,560,681,1241,0.0,-0.0008333472224535399,0.5988718775181361,-0.00016116035455278067
93177,22.352039200653344,0.5987107171635777,560,681,1241,0.0008058017727639033,-0.0008333472224535399,0.5987107171635834,-0.00016116035455278067
93178,22.35120585343089,0.5987107171635777,560,681,1241,0.0,-0.0008333472224535399,0.598630136986307,-8.058017727639034e-05
93179,22.350372506208437,0.5987107171635777,560,681,1241,0.0,-0.0008333472224535399,0.5985495568090307,-8.058017727639034e-05
93180,22.349539158985984,0.5979049153908138,560,681,1241,-0.0008058017727639033,-0.0008333472224535399,0.5983078162772014,-0.00024174053182917098
93181,22.34870581176353,0.5979049153908138,560,681,1241,0.0,-0.0008333472224535399,0.5980660757453722,-0.00024174053182917098
93182,22.347872464541073,0.5979049153908138,560,681,1241,0.0,-0.0008333472224570926,0.5980660757453722,0.0
93183,22.34703911731862,0.5979049153908138,560,681,1241,0.0,-0.0008333472224535399,0.5981466559226486,8.058017727637922e-05
93184,22.346205770096166,0.5979049153908138,560,681,1241,0.0,-0.0008333472224535399,0.5981466559226486,0.0
93185,22.345372422873712,0.5979049153908138,560,681,1241,0.0,-0.0008333472224535399,0.5981466559226486,0.0
93186,22.34453907565126,0.5979049153908138,560,681,1241,0.0,-0.0008333472224535399,0.5981466559226486,0.0
93187,22.343705728428805,0.5987107171635777,560,681,1241,0.0008058017727639033,-0.0008333472224535399,0.5981466559226486,0.0
93188,22.34287238120635,0.6003223207091055,560,681,1241,0.0016116035455278066,-0.0008333472224535399,0.5983078162772013,0.00016116035455278067
93189,22.342039033983898,0.6003223207091055,560,681,1241,0.0,-0.0008333472224535399,0.5984689766317541,0.00016116035455278067
93190,22.341205686761445,0.5979049153908138,560,681,1241,-0.00241740531829171,-0.0008333472224535399,0.5984689766317541,0.0
93191,22.34037233953899,0.5979049153908138,560,681,1241,0.0,-0.0008333472224535399,0.5984689766317541,0.0
93192,22.339538992316538,0.5987107171635777,560,681,1241,0.0008058017727639033,-0.0008333472224535399,0.5985495568090305,8.058017727639034e-05
93193,22.338705645094084,0.5987107171635777,560,681,1241,0.0,-0.0008333472224535399,0.598630136986307,8.058017727639034e-05
93194,22.33787229787163,0.5987107171635777,560,681,1241,0.0,-0.0008333472224535399,0.5987107171635835,8.058017727639034e-05
93195,22.337038950649177,0.6003223207091055,560,681,1241,0.0016116035455278066,-0.0008333472224535399,0.5989524576954126,0.00024174053182917098
93196,22.336205603426723,0.6003223207091055,560,681,1241,0.0,-0.0008333472224535399,0.5991941982272418,0.00024174053182917098
93197,22.33537225620427,0.6003223207091055,560,681,1241,0.0,-0.0008333472224535399,0.5993553585817947,0.00016116035455278067
93198,22.334538908981816,0.6003223207091055,560,681,1241,0.0,-0.0008333472224535399,0.5993553585817947,0.0
93199,22.333705561759363,0.5995165189363416,560,681,1241,-0.0008058017727639033,-0.0008333472224535399,0.5992747784045183,-8.058017727639034e-05
93200,22.33287221453691,0.5995165189363416,560,681,1241,0.0,-0.0008333472224535399,0.599435938759071,0.00016116035455278067
93201,22.332038867314456,0.5987107171635777,560,681,1241,-0.0008058017727639033,-0.0008333472224535399,0.5995165189363474,8.058017727639034e-05
93202,22.331205520092002,0.5995165189363416,560,681,1241,0.0008058017727639033,-0.0008333472224535399,0.5995970991136238,8.058017727639034e-05
93203,22.330372172869545,0.5987107171635777,560,681,1241,-0.0008058017727639033,-0.0008333472224570926,0.5995970991136238,0.0
93204,22.32953882564709,0.5987107171635777,560,681,1241,0.0,-0.0008333472224535399,0.5995970991136238,0.0
93205,22.328705478424638,0.5979049153908138,560,681,1241,-0.0008058017727639033,-0.0008333472224535399,0.5993553585817946,-0.00024174053182917098
93206,22.327872131202184,0.5987107171635777,560,681,1241,0.0008058017727639033,-0.0008333472224535399,0.5991941982272417,-0.00016116035455278067
93207,22.32703878397973,0.5987107171635777,560,681,1241,0.0,-0.0008333472224535399,0.599033037872689,-0.00016116035455278067
93208,22.326205436757277,0.5987107171635777,560,681,1241,0.0,-0.0008333472224535399,0.5988718775181362,-0.00016116035455278067
93209,22.325372089534824,0.5995165189363416,560,681,1241,0.0008058017727639033,-0.0008333472224535399,0.5988718775181362,0.0
93210,22.32453874231237,0.6003223207091055,560,681,1241,0.0008058017727639033,-0.0008333472224535399,0.5989524576954126,8.058017727639034e-05
93211,22.323705395089917,0.5995165189363416,560,681,1241,-0.0008058017727639033,-0.0008333472224535399,0.599033037872689,8.058017727639034e-05
93212,22.322872047867463,0.6003223207091055,560,681,1241,0.0008058017727639033,-0.0008333472224535399,0.5991136180499654,8.058017727639034e-05
93213,22.32203870064501,0.6003223207091055,560,681,1241,0.0,-0.0008333472224535399,0.5992747784045183,0.00016116035455278067
93214,22.321205353422556,0.6003223207091055,560,681,1241,0.0,-0.0008333472224535399,0.599435938759071,0.00016116035455278067
93215,22.320372006200103,0.5995165189363416,560,681,1241,-0.0008058017727639033,-0.0008333472224535399,0.5995970991136238,0.00016116035455278067
93216,22.31953865897765,0.5995165189363416,560,681,1241,0.0,-0.0008333472224535399,0.5996776792909001,8.058017727639034e-05
93217,22.318705311755195,0.5979049153908138,560,681,1241,-0.0016116035455278066,-0.0008333472224535399,0.5995970991136237,-8.058017727639034e-05
93218,22.317871964532742,0.59709911361805,560,681,1241,-0.0008058017727637923,-0.0008333472224535399,0.5994359387590709,-0.00016116035455276956
93219,22.31703861731029,0.59709911361805,560,681,1241,0.0,-0.0008333472224535399,0.5991941982272417,-0.0002417405318291599
93220,22.316205270087835,0.5962933118452861,560,681,1241,-0.0008058017727639033,-0.0008333472224535399,0.5987912973408598,-0.00040290088638194054
93221,22.31537192286538,0.5954875100725222,560,681,1241,-0.0008058017727639033,-0.0008333472224535399,0.5983883964544778,-0.00040290088638194054
93222,22.314538575642928,0.5954875100725222,560,681,1241,0.0,-0.0008333472224535399,0.5979049153908196,-0.0004834810636583309
93223,22.313705228420474,0.5954875100725222,560,681,1241,0.0,-0.0008333472224535399,0.5974214343271612,-0.0004834810636583309
93224,22.312871881198017,0.5954875100725222,560,681,1241,0.0,-0.0008333472224570926,0.5969379532635029,-0.0004834810636583309
93225,22.312038533975564,0.5954875100725222,560,681,1241,0.0,-0.0008333472224535399,0.5965350523771209,-0.00040290088638194054
93226,22.31120518675311,0.5946817082997583,560,681,1241,-0.0008058017727639033,-0.0008333472224535399,0.5960515713134626,-0.0004834810636583309
93227,22.310371839530657,0.5946817082997583,560,681,1241,0.0,-0.0008333472224535399,0.595729250604357,-0.00032232070910555023
93228,22.309538492308203,0.5946817082997583,560,681,1241,0.0,-0.0008333472224535399,0.5954875100725279,-0.00024174053182917098
93229,22.30870514508575,0.5938759065269944,560,681,1241,-0.0008058017727639033,-0.0008333472224535399,0.5951651893634222,-0.00032232070910556134
93230,22.307871797863296,0.5930701047542305,560,681,1241,-0.0008058017727639033,-0.0008333472224535399,0.5948428686543167,-0.00032232070910556134
93231,22.307038450640842,0.5922643029814666,560,681,1241,-0.0008058017727639033,-0.0008333472224535399,0.5945205479452111,-0.00032232070910556134
93232,22.30620510341839,0.5930701047542305,560,681,1241,0.0008058017727639033,-0.0008333472224535399,0.5942788074133819,-0.00024174053182917098
93233,22.305371756195935,0.5922643029814666,560,681,1241,-0.0008058017727639033,-0.0008333472224535399,0.5939564867042764,-0.00032232070910556134
93234,22.30453840897348,0.5922643029814666,560,681,1241,0.0,-0.0008333472224535399,0.5936341659951708,-0.00032232070910556134
93235,22.303705061751028,0.5930701047542305,560,681,1241,0.0008058017727639033,-0.0008333472224535399,0.5933924254633416,-0.00024174053182917098
93236,22.302871714528575,0.5938759065269944,560,681,1241,0.0008058017727639033,-0.0008333472224535399,0.5933118452860653,-8.058017727639034e-05
93237,22.30203836730612,0.5938759065269944,560,681,1241,0.0,-0.0008333472224535399,0.5932312651087889,-8.058017727639034e-05
93238,22.301205020083668,0.5930701047542305,560,681,1241,-0.0008058017727639033,-0.0008333472224535399,0.5930701047542362,-0.00016116035455278067
93239,22.300371672861214,0.5922643029814666,560,681,1241,-0.0008058017727639033,-0.0008333472224535399,0.5929089443996833,-0.00016116035455278067
93240,22.29953832563876,0.5914585012087027,560,681,1241,-0.0008058017727639033,-0.0008333472224535399,0.5927477840451305,-0.00016116035455278067
93241,22.298704978416307,0.5922643029814666,560,681,1241,0.0008058017727639033,-0.0008333472224535399,0.5927477840451305,0.0
93242,22.297871631193853,0.5930701047542305,560,681,1241,0.0008058017727639033,-0.0008333472224535399,0.5927477840451305,0.0
93243,22.2970382839714,0.5938759065269944,560,681,1241,0.0008058017727639033,-0.0008333472224535399,0.5929089443996833,0.00016116035455278067
93244,22.296204936748946,0.5938759065269944,560,681,1241,0.0,-0.0008333472224535399,0.5930701047542362,0.00016116035455278067
93245,22.29537158952649,0.5938759065269944,560,681,1241,0.0,-0.0008333472224570926,0.5931506849315126,8.058017727639034e-05
93246,22.294538242304036,0.5946817082997583,560,681,1241,0.0008058017727639033,-0.0008333472224535399,0.5932312651087889,8.058017727639034e-05
93247,22.293704895081582,0.5946817082997583,560,681,1241,0.0,-0.0008333472224535399,0.5933118452860653,8.058017727639034e-05
93248,22.29287154785913,0.5938759065269944,560,681,1241,-0.0008058017727639033,-0.0008333472224535399,0.5933924254633417,8.058017727639034e-05
93249,22.292038200636675,0.5938759065269944,560,681,1241,0.0,-0.0008333472224535399,0.5935535858178944,0.00016116035455278067
93250,22.29120485341422,0.5938759065269944,560,681,1241,0.0,-0.0008333472224535399,0.5937953263497237,0.00024174053182917098
93251,22.290371506191768,0.5938759065269944,560,681,1241,0.0,-0.0008333472224535399,0.5939564867042765,0.00016116035455278067
93252,22.289538158969314,0.5946817082997583,560,681,1241,0.0008058017727639033,-0.0008333472224535399,0.5941176470588292,0.00016116035455278067
93253,22.28870481174686,0.5946817082997583,560,681,1241,0.0,-0.0008333472224535399,0.5941982272361056,8.058017727639034e-05
93254,22.287871464524407,0.5946817082997583,560,681,1241,0.0,-0.0008333472224535399,0.5942788074133819,8.058017727639034e-05
93255,22.287038117301954,0.5938759065269944,560,681,1241,-0.0008058017727639033,-0.0008333472224535399,0.5942788074133819,0.0
93256,22.2862047700795,0.5946817082997583,560,681,1241,0.0008058017727639033,-0.0008333472224535399,0.5942788074133819,0.0
93257,22.285371422857047,0.5938759065269944,560,681,1241,-0.0008058017727639033,-0.0008333472224535399,0.5941982272361056,-8.058017727639034e-05
93258,22.284538075634593,0.5946817082997583,560,681,1241,0.0008058017727639033,-0.0008333472224535399,0.5942788074133819,8.058017727639034e-05
93259,22.28370472841214,0.5946817082997583,560,681,1241,0.0,-0.0008333472224535399,0.5943593875906583,8.058017727639034e-05
93260,22.282871381189686,0.5954875100725222,560,681,1241,0.0008058017727639033,-0.0008333472224535399,0.594520547945211,0.00016116035455278067
93261,22.282038033967233,0.5954875100725222,560,681,1241,0.0,-0.0008333472224535399,0.5946817082997639,0.00016116035455278067
93262,22.28120468674478,0.5946817082997583,560,681,1241,-0.0008058017727639033,-0.0008333472224535399,0.5946817082997639,0.0
93263,22.280371339522326,0.5930701047542305,560,681,1241,-0.0016116035455278066,-0.0008333472224535399,0.594520547945211,-0.00016116035455278067
93264,22.279537992299872,0.5922643029814666,560,681,1241,-0.0008058017727639033,-0.0008333472224535399,0.5942788074133819,-0.00024174053182917098
93265,22.27870464507742,0.5930701047542305,560,681,1241,0.0008058017727639033,-0.0008333472224535399,0.5941982272361055,-8.058017727639034e-05
93266,22.27787129785496,0.5922643029814666,560,681,1241,-0.0008058017727639033,-0.0008333472224570926,0.5939564867042764,-0.00024174053182917098
93267,22.277037950632508,0.5922643029814666,560,681,1241,0.0,-0.0008333472224535399,0.5937953263497235,-0.00016116035455278067
93268,22.276204603410054,0.5922643029814666,560,681,1241,0.0,-0.0008333472224535399,0.5935535858178944,-0.00024174053182917098
93269,22.2753712561876,0.5922643029814666,560,681,1241,0.0,-0.0008333472224535399,0.5933118452860653,-0.00024174053182917098
93270,22.274537908965147,0.5938759065269944,560,681,1241,0.0016116035455278066,-0.0008333472224535399,0.5931506849315126,-0.00016116035455278067
93271,22.273704561742694,0.5930701047542305,560,681,1241,-0.0008058017727639033,-0.0008333472224535399,0.5929089443996833,-0.00024174053182917098
93272,22.27287121452024,0.5922643029814666,560,681,1241,-0.0008058017727639033,-0.0008333472224535399,0.5926672038678542,-0.00024174053182917098
93273,22.272037867297787,0.5922643029814666,560,681,1241,0.0,-0.0008333472224535399,0.5925866236905779,-8.058017727639034e-05
93274,22.271204520075333,0.5922643029814666,560,681,1241,0.0,-0.0008333472224535399,0.5925866236905779,0.0
93275,22.27037117285288,0.5930701047542305,560,681,1241,0.0008058017727639033,-0.0008333472224535399,0.5925866236905779,0.0
93276,22.269537825630426,0.5938759065269944,560,681,1241,0.0008058017727639033,-0.0008333472224535399,0.5927477840451306,0.00016116035455278067
93277,22.268704478407972,0.5930701047542305,560,681,1241,-0.0008058017727639033,-0.0008333472224535399,0.592828364222407,8.058017727639034e-05
93278,22.26787113118552,0.5938759065269944,560,681,1241,0.0008058017727639033,-0.0008333472224535399,0.5929895245769597,0.00016116035455278067
93279,22.267037783963065,0.5946817082997583,560,681,1241,0.0008058017727639033,-0.0008333472224535399,0.5932312651087889,0.00024174053182917098
93280,22.266204436740612,0.5946817082997583,560,681,1241,0.0,-0.0008333472224535399,0.5933118452860653,8.058017727639034e-05
93281,22.26537108951816,0.5954875100725222,560,681,1241,0.0008058017727639033,-0.0008333472224535399,0.5935535858178944,0.00024174053182917098
93282,22.264537742295705,0.5954875100725222,560,681,1241,0.0,-0.0008333472224535399,0.5938759065270001,0.00032232070910556134
93283,22.26370439507325,0.5962933118452861,560,681,1241,0.0008058017727639033,-0.0008333472224535399,0.5942788074133819,0.00040290088638195165
93284,22.262871047850798,0.5979049153908138,560,681,1241,0.0016116035455276956,-0.0008333472224535399,0.5948428686543166,0.0005640612409347212
93285,22.262037700628344,0.5987107171635777,560,681,1241,0.0008058017727639033,-0.0008333472224535399,0.5954069298952513,0.0005640612409347212
93286,22.26120435340589,0.5987107171635777,560,681,1241,0.0,-0.0008333472224535399,0.5958904109589097,0.0004834810636583309
93287,22.260371006183433,0.5987107171635777,560,681,1241,0.0,-0.0008333472224570926,0.5964544721998445,0.0005640612409347212
93288,22.25953765896098,0.5987107171635777,560,681,1241,0.0,-0.0008333472224535399,0.5969379532635029,0.0004834810636583309
93289,22.258704311738526,0.5987107171635777,560,681,1241,0.0,-0.0008333472224535399,0.5973408541498848,0.00040290088638194054
93290,22.257870964516073,0.5987107171635777,560,681,1241,0.0,-0.0008333472224535399,0.5977437550362669,0.00040290088638194054
93291,22.25703761729362,0.5987107171635777,560,681,1241,0.0,-0.0008333472224535399,0.5980660757453724,0.00032232070910555023
93292,22.256204270071166,0.5979049153908138,560,681,1241,-0.0008058017727639033,-0.0008333472224535399,0.5983078162772015,0.0002417405318291599
93293,22.255370922848712,0.5979049153908138,560,681,1241,0.0,-0.0008333472224535399,0.5984689766317544,0.00016116035455276956
93294,22.25453757562626,0.59709911361805,560,681,1241,-0.0008058017727637923,-0.0008333472224535399,0.5983883964544779,-8.058017727637922e-05
93295,22.253704228403805,0.59709911361805,560,681,1241,0.0,-0.0008333472224535399,0.5982272360999252,-0.00016116035455276956
93296,22.25287088118135,0.5979049153908138,560,681,1241,0.0008058017727637923,-0.0008333472224535399,0.5981466559226487,-8.058017727639034e-05
93297,22.252037533958898,0.5987107171635777,560,681,1241,0.0008058017727639033,-0.0008333472224535399,0.5981466559226487,0.0
93298,22.251204186736445,0.5987107171635777,560,681,1241,0.0,-0.0008333472224535399,0.5981466559226487,0.0
93299,22.25037083951399,0.5979049153908138,560,681,1241,-0.0008058017727639033,-0.0008333472224535399,0.5980660757453723,-8.058017727639034e-05
93300,22.249537492291537,0.5979049153908138,560,681,1241,0.0,-0.0008333472224535399,0.5979854955680959,-8.058017727639034e-05
93301,22.248704145069084,0.5962933118452861,560,681,1241,-0.0016116035455276956,-0.0008333472224535399,0.5977437550362666,-0.0002417405318291599
93302,22.24787079784663,0.59709911361805,560,681,1241,0.0008058017727639033,-0.0008333472224535399,0.5976631748589903,-8.058017727637922e-05
93303,22.247037450624177,0.59709911361805,560,681,1241,0.0,-0.0008333472224535399,0.5975825946817139,-8.058017727637922e-05
93304,22.246204103401723,0.5962933118452861,560,681,1241,-0.0008058017727639033,-0.0008333472224535399,0.5975020145044375,-8.058017727639034e-05
93305,22.24537075617927,0.59709911361805,560,681,1241,0.0008058017727639033,-0.0008333472224535399,0.5975020145044375,0.0
93306,22.244537408956816,0.5979049153908138,560,681,1241,0.0008058017727637923,-0.0008333472224535399,0.5975020145044375,0.0
93307,22.243704061734363,0.5995165189363416,560,681,1241,0.0016116035455278066,-0.0008333472224535399,0.5975825946817139,8.058017727639034e-05
93308,22.24287071451191,0.6003223207091055,560,681,1241,0.0008058017727639033,-0.0008333472224535399,0.5977437550362666,0.00016116035455278067
93309,22.242037367289452,0.6011281224818694,560,681,1241,0.0008058017727639033,-0.0008333472224570926,0.5980660757453722,0.00032232070910556134
93310,22.241204020067,0.6011281224818694,560,681,1241,0.0,-0.0008333472224535399,0.5983883964544778,0.00032232070910556134
93311,22.240370672844545,0.6011281224818694,560,681,1241,0.0,-0.0008333472224535399,0.5988718775181361,0.0004834810636583309
93312,22.23953732562209,0.6003223207091055,560,681,1241,-0.0008058017727639033,-0.0008333472224535399,0.5991941982272417,0.00032232070910555023
93313,22.238703978399638,0.6011281224818694,560,681,1241,0.0008058017727639033,-0.0008333472224535399,0.5995970991136236,0.00040290088638194054
93314,22.237870631177184,0.6011281224818694,560,681,1241,0.0,-0.0008333472224535399,0.6000805801772819,0.0004834810636583309
93315,22.23703728395473,0.6011281224818694,560,681,1241,0.0,-0.0008333472224535399,0.6004834810636639,0.00040290088638194054
93316,22.236203936732277,0.6011281224818694,560,681,1241,0.0,-0.0008333472224535399,0.6008058017727694,0.00032232070910556134
93317,22.235370589509824,0.6019339242546333,560,681,1241,0.0008058017727639033,-0.0008333472224535399,0.6010475423045987,0.00024174053182917098
93318,22.23453724228737,0.6019339242546333,560,681,1241,0.0,-0.0008333472224535399,0.6012087026591514,0.00016116035455278067
93319,22.233703895064917,0.6019339242546333,560,681,1241,0.0,-0.0008333472224535399,0.6012892828364278,8.058017727639034e-05
93320,22.232870547842463,0.6027397260273972,560,681,1241,0.0008058017727639033,-0.0008333472224535399,0.6014504431909806,0.00016116035455278067
93321,22.23203720062001,0.6019339242546333,560,681,1241,-0.0008058017727639033,-0.0008333472224535399,0.601531023368257,8.058017727639034e-05
93322,22.231203853397556,0.6019339242546333,560,681,1241,0.0,-0.0008333472224535399,0.6016921837228099,0.00016116035455278067
93323,22.230370506175102,0.6027397260273972,560,681,1241,0.0008058017727639033,-0.0008333472224535399,0.6018533440773626,0.00016116035455278067
93324,22.22953715895265,0.6027397260273972,560,681,1241,0.0,-0.0008333472224535399,0.6020145044319154,0.00016116035455278067
93325,22.228703811730195,0.6027397260273972,560,681,1241,0.0,-0.0008333472224535399,0.6021756647864682,0.00016116035455278067
93326,22.227870464507742,0.6027397260273972,560,681,1241,0.0,-0.0008333472224535399,0.6023368251410209,0.00016116035455278067
93327,22.22703711728529,0.6027397260273972,560,681,1241,0.0,-0.0008333472224535399,0.6024174053182973,8.058017727639034e-05
93328,22.226203770062835,0.6027397260273972,560,681,1241,0.0,-0.0008333472224535399,0.6024979854955737,8.058017727639034e-05
93329,22.22537042284038,0.6027397260273972,560,681,1241,0.0,-0.0008333472224535399,0.60257856567285,8.058017727639034e-05
93330,22.224537075617924,0.6035455278001611,560,681,1241,0.0008058017727639033,-0.0008333472224570926,0.6026591458501265,8.058017727639034e-05
93331,22.22370372839547,0.6035455278001611,560,681,1241,0.0,-0.0008333472224535399,0.6028203062046792,0.00016116035455278067
93332,22.222870381173017,0.604351329572925,560,681,1241,0.0008058017727639033,-0.0008333472224535399,0.6030620467365083,0.00024174053182917098
93333,22.222037033950564,0.6027397260273972,560,681,1241,-0.0016116035455278066,-0.0008333472224535399,0.6030620467365083,0.0
93334,22.22120368672811,0.6035455278001611,560,681,1241,0.0008058017727639033,-0.0008333472224535399,0.6031426269137847,8.058017727639034e-05
93335,22.220370339505656,0.6035455278001611,560,681,1241,0.0,-0.0008333472224535399,0.6032232070910613,8.058017727639034e-05
93336,22.219536992283203,0.6027397260273972,560,681,1241,-0.0008058017727639033,-0.0008333472224535399,0.6032232070910613,0.0
93337,22.21870364506075,0.6019339242546333,560,681,1241,-0.0008058017727639033,-0.0008333472224535399,0.6031426269137848,-8.058017727639034e-05
93338,22.217870297838296,0.6019339242546333,560,681,1241,0.0,-0.0008333472224535399,0.6030620467365085,-8.058017727639034e-05
93339,22.217036950615842,0.6019339242546333,560,681,1241,0.0,-0.0008333472224535399,0.6029814665592321,-8.058017727639034e-05
93340,22.21620360339339,0.6019339242546333,560,681,1241,0.0,-0.0008333472224535399,0.6028203062046794,-0.00016116035455278067
93341,22.215370256170935,0.6027397260273972,560,681,1241,0.0008058017727639033,-0.0008333472224535399,0.602739726027403,-8.058017727639034e-05
93342,22.21453690894848,0.6035455278001611,560,681,1241,0.0008058017727639033,-0.0008333472224535399,0.6026591458501266,-8.058017727639034e-05
93343,22.213703561726028,0.6035455278001611,560,681,1241,0.0,-0.0008333472224535399,0.602739726027403,8.058017727639034e-05
93344,22.212870214503575,0.6035455278001611,560,681,1241,0.0,-0.0008333472224535399,0.602739726027403,0.0
93345,22.21203686728112,0.6035455278001611,560,681,1241,0.0,-0.0008333472224535399,0.602739726027403,0.0
93346,22.211203520058667,0.6035455278001611,560,681,1241,0.0,-0.0008333472224535399,0.6028203062046795,8.058017727639034e-05
93347,22.210370172836214,0.6035455278001611,560,681,1241,0.0,-0.0008333472224535399,0.6029814665592322,0.00016116035455278067
93348,22.20953682561376,0.6035455278001611,560,681,1241,0.0,-0.0008333472224535399,0.6031426269137851,0.00016116035455278067
93349,22.208703478391307,0.6035455278001611,560,681,1241,0.0,-0.0008333472224535399,0.6033037872683378,0.00016116035455278067
93350,22.207870131168853,0.6035455278001611,560,681,1241,0.0,-0.0008333472224535399,0.6034649476228906,0.00016116035455278067
93351,22.207036783946396,0.6035455278001611,560,681,1241,0.0,-0.0008333472224570926,0.603545527800167,8.058017727639034e-05
93352,22.206203436723943,0.604351329572925,560,681,1241,0.0008058017727639033,-0.0008333472224535399,0.6036261079774434,8.058017727639034e-05
93353,22.20537008950149,0.6051571313456889,560,681,1241,0.0008058017727639033,-0.0008333472224535399,0.6037872683319961,0.00016116035455278067
93354,22.204536742279036,0.6051571313456889,560,681,1241,0.0,-0.0008333472224535399,0.603948428686549,0.00016116035455278067
93355,22.203703395056582,0.6067687348912167,560,681,1241,0.0016116035455278066,-0.0008333472224535399,0.6042707493956545,0.00032232070910556134
93356,22.20287004783413,0.6059629331184528,560,681,1241,-0.0008058017727639033,-0.0008333472224535399,0.6045124899274836,0.00024174053182917098
93357,22.202036700611675,0.6051571313456889,560,681,1241,-0.0008058017727639033,-0.0008333472224535399,0.6046736502820365,0.00016116035455278067
93358,22.20120335338922,0.6067687348912167,560,681,1241,0.0016116035455278066,-0.0008333472224535399,0.604995970991142,0.00032232070910556134
93359,22.200370006166768,0.6067687348912167,560,681,1241,0.0,-0.0008333472224535399,0.6053182917002475,0.00032232070910556134
93360,22.199536658944314,0.6051571313456889,560,681,1241,-0.0016116035455278066,-0.0008333472224535399,0.6054794520548004,0.00016116035455278067
93361,22.19870331172186,0.6059629331184528,560,681,1241,0.0008058017727639033,-0.0008333472224535399,0.6057211925866295,0.00024174053182917098
93362,22.197869964499407,0.6059629331184528,560,681,1241,0.0,-0.0008333472224535399,0.6058823529411822,0.00016116035455278067
93363,22.197036617276954,0.6059629331184528,560,681,1241,0.0,-0.0008333472224535399,0.6059629331184586,8.058017727639034e-05
93364,22.1962032700545,0.6059629331184528,560,681,1241,0.0,-0.0008333472224535399,0.6060435132957349,8.058017727639034e-05
93365,22.195369922832047,0.6067687348912167,560,681,1241,0.0008058017727639033,-0.0008333472224535399,0.6060435132957349,0.0
93366,22.194536575609593,0.6051571313456889,560,681,1241,-0.0016116035455278066,-0.0008333472224535399,0.6059629331184586,-8.058017727639034e-05
93367,22.19370322838714,0.6051571313456889,560,681,1241,0.0,-0.0008333472224535399,0.6059629331184586,0.0
93368,22.192869881164686,0.6051571313456889,560,681,1241,0.0,-0.0008333472224535399,0.6058017727639058,-0.00016116035455278067
93369,22.192036533942233,0.6051571313456889,560,681,1241,0.0,-0.0008333472224535399,0.605640612409353,-0.00016116035455278067
93370,22.19120318671978,0.6051571313456889,560,681,1241,0.0,-0.0008333472224535399,0.605640612409353,0.0
93371,22.190369839497325,0.6059629331184528,560,681,1241,0.0008058017727639033,-0.0008333472224535399,0.605640612409353,0.0
93372,22.18953649227487,0.6051571313456889,560,681,1241,-0.0008058017727639033,-0.0008333472224570926,0.6055600322320767,-8.058017727639034e-05
93373,22.188703145052415,0.6051571313456889,560,681,1241,0.0,-0.0008333472224535399,0.6054794520548004,-8.058017727639034e-05
93374,22.18786979782996,0.604351329572925,560,681,1241,-0.0008058017727639033,-0.0008333472224535399,0.6053182917002475,-0.00016116035455278067
93375,22.187036450607508,0.6051571313456889,560,681,1241,0.0008058017727639033,-0.0008333472224535399,0.6051571313456947,-0.00016116035455278067
93376,22.186203103385054,0.6059629331184528,560,681,1241,0.0008058017727639033,-0.0008333472224535399,0.6052377115229711,8.058017727639034e-05
93377,22.1853697561626,0.6067687348912167,560,681,1241,0.0008058017727639033,-0.0008333472224535399,0.6053988718775238,0.00016116035455278067
93378,22.184536408940147,0.6059629331184528,560,681,1241,-0.0008058017727639033,-0.0008333472224535399,0.6054794520548002,8.058017727639034e-05
93379,22.183703061717694,0.6059629331184528,560,681,1241,0.0,-0.0008333472224535399,0.6055600322320766,8.058017727639034e-05
93380,22.18286971449524,0.6059629331184528,560,681,1241,0.0,-0.0008333472224535399,0.605640612409353,8.058017727639034e-05
93381,22.182036367272786,0.6059629331184528,560,681,1241,0.0,-0.0008333472224535399,0.605640612409353,0.0
93382,22.181203020050333,0.6075745366639806,560,681,1241,0.0016116035455278066,-0.0008333472224535399,0.6058823529411821,0.00024174053182917098
93383,22.18036967282788,0.6083803384367445,560,681,1241,0.0008058017727639033,-0.0008333472224535399,0.6062046736502876,0.00032232070910556134
93384,22.179536325605426,0.6091861402095085,560,681,1241,0.0008058017727639033,-0.0008333472224535399,0.606688154713946,0.00048348106365834196
93385,22.178702978382972,0.6107977437550363,560,681,1241,0.0016116035455278066,-0.0008333472224535399,0.6072522159548807,0.0005640612409347323
93386,22.17786963116052,0.6099919419822724,560,681,1241,-0.0008058017727639033,-0.0008333472224535399,0.6076551168412626,0.00040290088638195165
93387,22.177036283938065,0.6099919419822724,560,681,1241,0.0,-0.0008333472224535399,0.6079774375503681,0.00032232070910556134
93388,22.17620293671561,0.6116035455278002,560,681,1241,0.0016116035455278066,-0.0008333472224535399,0.6085414987913029,0.0005640612409347323
93389,22.175369589493158,0.6107977437550363,560,681,1241,-0.0008058017727639033,-0.0008333472224535399,0.6090249798549613,0.00048348106365834196
93390,22.174536242270705,0.6107977437550363,560,681,1241,0.0,-0.0008333472224535399,0.6095084609186197,0.00048348106365834196
93391,22.17370289504825,0.6099919419822724,560,681,1241,-0.0008058017727639033,-0.0008333472224535399,0.6099113618050016,0.00040290088638195165
93392,22.172869547825798,0.6107977437550363,560,681,1241,0.0008058017727639033,-0.0008333472224535399,0.6102336825141073,0.00032232070910556134
93393,22.17203620060334,0.6107977437550363,560,681,1241,0.0,-0.0008333472224570926,0.6104754230459364,0.00024174053182917098
93394,22.171202853380887,0.6116035455278002,560,681,1241,0.0008058017727639033,-0.0008333472224535399,0.6107171635777655,0.00024174053182917098
93395,22.170369506158433,0.6116035455278002,560,681,1241,0.0,-0.0008333472224535399,0.610797743755042,8.058017727639034e-05
93396,22.16953615893598,0.6107977437550363,560,681,1241,-0.0008058017727639033,-0.0008333472224535399,0.6108783239323183,8.058017727639034e-05
93397,22.168702811713526,0.6107977437550363,560,681,1241,0.0,-0.0008333472224535399,0.6109589041095946,8.058017727639034e-05
93398,22.167869464491073,0.6107977437550363,560,681,1241,0.0,-0.0008333472224535399,0.6108783239323182,-8.058017727639034e-05
93399,22.16703611726862,0.6107977437550363,560,681,1241,0.0,-0.0008333472224535399,0.6108783239323182,0.0
93400,22.166202770046166,0.6099919419822724,560,681,1241,-0.0008058017727639033,-0.0008333472224535399,0.6107977437550419,-8.058017727639034e-05
93401,22.165369422823712,0.6099919419822724,560,681,1241,0.0,-0.0008333472224535399,0.6107977437550419,0.0
93402,22.16453607560126,0.6107977437550363,560,681,1241,0.0008058017727639033,-0.0008333472224535399,0.6107977437550419,0.0
93403,22.163702728378805,0.6107977437550363,560,681,1241,0.0,-0.0008333472224535399,0.6107977437550419,0.0
93404,22.16286938115635,0.6099919419822724,560,681,1241,-0.0008058017727639033,-0.0008333472224535399,0.6106365834004891,-0.00016116035455278067
93405,22.162036033933898,0.6099919419822724,560,681,1241,0.0,-0.0008333472224535399,0.6104754230459364,-0.00016116035455278067
93406,22.161202686711444,0.6099919419822724,560,681,1241,0.0,-0.0008333472224535399,0.61039484286866,-8.058017727639034e-05
93407,22.16036933948899,0.6099919419822724,560,681,1241,0.0,-0.0008333472224535399,0.6103142626913837,-8.058017727639034e-05
93408,22.159535992266537,0.6099919419822724,560,681,1241,0.0,-0.0008333472224535399,0.6102336825141073,-8.058017727639034e-05
93409,22.158702645044084,0.6099919419822724,560,681,1241,0.0,-0.0008333472224535399,0.610153102336831,-8.058017727639034e-05
93410,22.15786929782163,0.6091861402095085,560,681,1241,-0.0008058017727639033,-0.0008333472224535399,0.6100725221595545,-8.058017727639034e-05
93411,22.157035950599177,0.6091861402095085,560,681,1241,0.0,-0.0008333472224535399,0.6099919419822781,-8.058017727639034e-05
93412,22.156202603376723,0.6075745366639806,560,681,1241,-0.0016116035455278066,-0.0008333472224535399,0.6096696212731725,-0.00032232070910556134
93413,22.15536925615427,0.6075745366639806,560,681,1241,0.0,-0.0008333472224535399,0.6093473005640669,-0.00032232070910556134
93414,22.154535908931816,0.6091861402095085,560,681,1241,0.0016116035455278066,-0.0008333472224535399,0.6092667203867905,-8.058017727639034e-05
93415,22.15370256170936,0.6091861402095085,560,681,1241,0.0,-0.0008333472224570926,0.6091861402095141,-8.058017727639034e-05
93416,22.152869214486905,0.6091861402095085,560,681,1241,0.0,-0.0008333472224535399,0.6091055600322377,-8.058017727639034e-05
93417,22.152035867264452,0.6091861402095085,560,681,1241,0.0,-0.0008333472224535399,0.6090249798549612,-8.058017727639034e-05
93418,22.151202520042,0.6091861402095085,560,681,1241,0.0,-0.0008333472224535399,0.6089443996776848,-8.058017727639034e-05
93419,22.150369172819545,0.6091861402095085,560,681,1241,0.0,-0.0008333472224535399,0.6088638195004084,-8.058017727639034e-05
93420,22.14953582559709,0.6091861402095085,560,681,1241,0.0,-0.0008333472224535399,0.6088638195004084,0.0
93421,22.148702478374638,0.6091861402095085,560,681,1241,0.0,-0.0008333472224535399,0.6088638195004084,0.0
93422,22.147869131152184,0.6091861402095085,560,681,1241,0.0,-0.0008333472224535399,0.6090249798549612,0.00016116035455278067
93423,22.14703578392973,0.6091861402095085,560,681,1241,0.0,-0.0008333472224535399,0.6091861402095139,0.00016116035455278067
93424,22.146202436707277,0.6091861402095085,560,681,1241,0.0,-0.0008333472224535399,0.6091861402095139,0.0
93425,22.145369089484824,0.6083803384367445,560,681,1241,-0.0008058017727639033,-0.0008333472224535399,0.6091055600322376,-8.058017727639034e-05
93426,22.14453574226237,0.6075745366639806,560,681,1241,-0.0008058017727639033,-0.0008333472224535399,0.6089443996776848,-0.00016116035455278067
93427,22.143702395039917,0.6083803384367445,560,681,1241,0.0008058017727639033,-0.0008333472224535399,0.6088638195004085,-8.058017727639034e-05
93428,22.142869047817463,0.6083803384367445,560,681,1241,0.0,-0.0008333472224535399,0.608783239323132,-8.058017727639034e-05
93429,22.14203570059501,0.6083803384367445,560,681,1241,0.0,-0.0008333472224535399,0.6087026591458558,-8.058017727639034e-05
93430,22.141202353372556,0.6083803384367445,560,681,1241,0.0,-0.0008333472224535399,0.6086220789685794,-8.058017727639034e-05
93431,22.140369006150102,0.6083803384367445,560,681,1241,0.0,-0.0008333472224535399,0.608541498791303,-8.058017727639034e-05
93432,22.13953565892765,0.6067687348912167,560,681,1241,-0.0016116035455278066,-0.0008333472224535399,0.6082997582594739,-0.00024174053182917098
93433,22.138702311705195,0.6059629331184528,560,681,1241,-0.0008058017727639033,-0.0008333472224535399,0.6079774375503684,-0.00032232070910556134
93434,22.13786896448274,0.6059629331184528,560,681,1241,0.0,-0.0008333472224535399,0.6076551168412628,-0.00032232070910556134
93435,22.13703561726029,0.6067687348912167,560,681,1241,0.0008058017727639033,-0.0008333472224535399,0.60749395648671,-0.00016116035455278067
93436,22.13620227003783,0.6059629331184528,560,681,1241,-0.0008058017727639033,-0.0008333472224570926,0.6073327961321573,-0.00016116035455278067
93437,22.135368922815378,0.604351329572925,560,681,1241,-0.0016116035455278066,-0.0008333472224535399,0.6069298952457752,-0.00040290088638195165
93438,22.134535575592924,0.6035455278001611,560,681,1241,-0.0008058017727639033,-0.0008333472224535399,0.6064464141821169,-0.00048348106365834196
93439,22.13370222837047,0.6027397260273972,560,681,1241,-0.0008058017727639033,-0.0008333472224535399,0.6058823529411821,-0.0005640612409347323
93440,22.132868881148017,0.6035455278001611,560,681,1241,0.0008058017727639033,-0.0008333472224535399,0.6053988718775238,-0.00048348106365834196
93441,22.132035533925563,0.604351329572925,560,681,1241,0.0008058017727639033,-0.0008333472224535399,0.6049959709911418,-0.00040290088638195165
93442,22.13120218670311,0.604351329572925,560,681,1241,0.0,-0.0008333472224535399,0.6047542304593125,-0.00024174053182917098
93443,22.130368839480656,0.6027397260273972,560,681,1241,-0.0016116035455278066,-0.0008333472224535399,0.604431909750207,-0.00032232070910556134
93444,22.129535492258203,0.6035455278001611,560,681,1241,0.0008058017727639033,-0.0008333472224535399,0.6041901692183779,-0.00024174053182917098
93445,22.12870214503575,0.6027397260273972,560,681,1241,-0.0008058017727639033,-0.0008333472224535399,0.6037872683319959,-0.00040290088638195165
93446,22.127868797813296,0.6027397260273972,560,681,1241,0.0,-0.0008333472224535399,0.6034649476228904,-0.00032232070910556134
93447,22.127035450590842,0.6027397260273972,560,681,1241,0.0,-0.0008333472224535399,0.6033037872683376,-0.00016116035455278067
93448,22.12620210336839,0.6035455278001611,560,681,1241,0.0008058017727639033,-0.0008333472224535399,0.6033037872683376,0.0
93449,22.125368756145935,0.6035455278001611,560,681,1241,0.0,-0.0008333472224535399,0.603384367445614,8.058017727639034e-05
93450,22.12453540892348,0.6035455278001611,560,681,1241,0.0,-0.0008333472224535399,0.603384367445614,0.0
93451,22.123702061701028,0.6035455278001611,560,681,1241,0.0,-0.0008333472224535399,0.6033037872683377,-8.058017727639034e-05
93452,22.122868714478575,0.6035455278001611,560,681,1241,0.0,-0.0008333472224535399,0.6032232070910613,-8.058017727639034e-05
93453,22.12203536725612,0.604351329572925,560,681,1241,0.0008058017727639033,-0.0008333472224535399,0.6033843674456141,0.00016116035455278067
93454,22.121202020033667,0.604351329572925,560,681,1241,0.0,-0.0008333472224535399,0.6034649476228904,8.058017727639034e-05
93455,22.120368672811214,0.6051571313456889,560,681,1241,0.0008058017727639033,-0.0008333472224535399,0.6037066881547196,0.00024174053182917098
93456,22.11953532558876,0.6051571313456889,560,681,1241,0.0,-0.0008333472224535399,0.6039484286865489,0.00024174053182917098
93457,22.118701978366303,0.6051571313456889,560,681,1241,0.0,-0.0008333472224570926,0.6041901692183781,0.00024174053182917098
93458,22.11786863114385,0.604351329572925,560,681,1241,-0.0008058017727639033,-0.0008333472224535399,0.6042707493956544,8.058017727639034e-05
93459,22.117035283921396,0.604351329572925,560,681,1241,0.0,-0.0008333472224535399,0.6043513295729308,8.058017727639034e-05
93460,22.116201936698943,0.6051571313456889,560,681,1241,0.0008058017727639033,-0.0008333472224535399,0.6045124899274835,0.00016116035455278067
93461,22.11536858947649,0.6059629331184528,560,681,1241,0.0008058017727639033,-0.0008333472224535399,0.6047542304593126,0.00024174053182917098
93462,22.114535242254036,0.6067687348912167,560,681,1241,0.0008058017727639033,-0.0008333472224535399,0.6050765511684182,0.00032232070910556134
93463,22.113701895031582,0.6067687348912167,560,681,1241,0.0,-0.0008333472224535399,0.6053182917002474,0.00024174053182917098
93464,22.11286854780913,0.6075745366639806,560,681,1241,0.0008058017727639033,-0.0008333472224535399,0.605640612409353,0.00032232070910556134
93465,22.112035200586675,0.6067687348912167,560,681,1241,-0.0008058017727639033,-0.0008333472224535399,0.6058017727639058,0.00016116035455278067
93466,22.11120185336422,0.6067687348912167,560,681,1241,0.0,-0.0008333472224535399,0.6059629331184586,0.00016116035455278067
93467,22.110368506141768,0.6067687348912167,560,681,1241,0.0,-0.0008333472224535399,0.6061240934730113,0.00016116035455278067
93468,22.109535158919314,0.6059629331184528,560,681,1241,-0.0008058017727639033,-0.0008333472224535399,0.6062852538275642,0.00016116035455278067
93469,22.10870181169686,0.6059629331184528,560,681,1241,0.0,-0.0008333472224535399,0.6064464141821169,0.00016116035455278067
93470,22.107868464474407,0.6059629331184528,560,681,1241,0.0,-0.0008333472224535399,0.6065269943593933,8.058017727639034e-05
93471,22.107035117251954,0.6059629331184528,560,681,1241,0.0,-0.0008333472224535399,0.6065269943593933,0.0
93472,22.1062017700295,0.6067687348912167,560,681,1241,0.0008058017727639033,-0.0008333472224535399,0.6065269943593933,0.0
93473,22.105368422807047,0.6067687348912167,560,681,1241,0.0,-0.0008333472224535399,0.6065269943593933,0.0
93474,22.104535075584593,0.6067687348912167,560,681,1241,0.0,-0.0008333472224535399,0.6064464141821169,-8.058017727639034e-05
93475,22.10370172836214,0.6067687348912167,560,681,1241,0.0,-0.0008333472224535399,0.6064464141821169,0.0
93476,22.102868381139686,0.6067687348912167,560,681,1241,0.0,-0.0008333472224535399,0.6064464141821169,0.0
93477,22.102035033917232,0.6075745366639806,560,681,1241,0.0008058017727639033,-0.0008333472224535399,0.6065269943593933,8.058017727639034e-05
93478,22.101201686694775,0.6067687348912167,560,681,1241,-0.0008058017727639033,-0.0008333472224570926,0.6066075745366697,8.058017727639034e-05
93479,22.100368339472322,0.6067687348912167,560,681,1241,0.0,-0.0008333472224535399,0.6066881547139461,8.058017727639034e-05
93480,22.09953499224987,0.6067687348912167,560,681,1241,0.0,-0.0008333472224535399,0.6067687348912225,8.058017727639034e-05
93481,22.098701645027415,0.6067687348912167,560,681,1241,0.0,-0.0008333472224535399,0.606849315068499,8.058017727639034e-05
93482,22.09786829780496,0.6067687348912167,560,681,1241,0.0,-0.0008333472224535399,0.606849315068499,0.0
93483,22.097034950582508,0.6059629331184528,560,681,1241,-0.0008058017727639033,-0.0008333472224535399,0.6067687348912225,-8.058017727639034e-05
93484,22.096201603360054,0.6067687348912167,560,681,1241,0.0008058017727639033,-0.0008333472224535399,0.6067687348912225,0.0
93485,22.0953682561376,0.6067687348912167,560,681,1241,0.0,-0.0008333472224535399,0.6067687348912225,0.0
93486,22.094534908915147,0.6067687348912167,560,681,1241,0.0,-0.0008333472224535399,0.6067687348912225,0.0
93487,22.093701561692694,0.6067687348912167,560,681,1241,0.0,-0.0008333472224535399,0.6066881547139462,-8.058017727639034e-05
93488,22.09286821447024,0.6067687348912167,560,681,1241,0.0,-0.0008333472224535399,0.6066881547139462,0.0
93489,22.092034867247786,0.6067687348912167,560,681,1241,0.0,-0.0008333472224535399,0.6066881547139462,0.0
93490,22.091201520025333,0.6067687348912167,560,681,1241,0.0,-0.0008333472224535399,0.6066881547139462,0.0
93491,22.09036817280288,0.6067687348912167,560,681,1241,0.0,-0.0008333472224535399,0.6066881547139462,0.0
93492,22.089534825580426,0.6059629331184528,560,681,1241,-0.0008058017727639033,-0.0008333472224535399,0.6066075745366698,-8.058017727639034e-05
93493,22.088701478357972,0.6059629331184528,560,681,1241,0.0,-0.0008333472224535399,0.6066075745366698,0.0
93494,22.08786813113552,0.6051571313456889,560,681,1241,-0.0008058017727639033,-0.0008333472224535399,0.606446414182117,-0.00016116035455278067
93495,22.087034783913065,0.604351329572925,560,681,1241,-0.0008058017727639033,-0.0008333472224535399,0.6062046736502877,-0.00024174053182917098
93496,22.08620143669061,0.6051571313456889,560,681,1241,0.0008058017727639033,-0.0008333472224535399,0.606043513295735,-0.00016116035455278067
93497,22.085368089468158,0.604351329572925,560,681,1241,-0.0008058017727639033,-0.0008333472224535399,0.6058017727639058,-0.00024174053182917098
93498,22.084534742245705,0.6059629331184528,560,681,1241,0.0016116035455278066,-0.0008333472224535399,0.6057211925866294,-8.058017727639034e-05
93499,22.083701395023247,0.6051571313456889,560,681,1241,-0.0008058017727639033,-0.0008333472224570926,0.6055600322320766,-0.00016116035455278067
93500,22.082868047800794,0.6067687348912167,560,681,1241,0.0016116035455278066,-0.0008333472224535399,0.6055600322320766,0.0
93501,22.08203470057834,0.6059629331184528,560,681,1241,-0.0008058017727639033,-0.0008333472224535399,0.6054794520548001,-8.058017727639034e-05
93502,22.081201353355887,0.6059629331184528,560,681,1241,0.0,-0.0008333472224535399,0.6054794520548001,0.0
93503,22.080368006133433,0.6059629331184528,560,681,1241,0.0,-0.0008333472224535399,0.6054794520548001,0.0
93504,22.07953465891098,0.6067687348912167,560,681,1241,0.0008058017727639033,-0.0008333472224535399,0.605640612409353,0.00016116035455278067
93505,22.078701311688526,0.6067687348912167,560,681,1241,0.0,-0.0008333472224535399,0.6058823529411821,0.00024174053182917098
93506,22.077867964466073,0.6067687348912167,560,681,1241,0.0,-0.0008333472224535399,0.6060435132957349,0.00016116035455278067
93507,22.07703461724362,0.6059629331184528,560,681,1241,-0.0008058017727639033,-0.0008333472224535399,0.6062046736502877,0.00016116035455278067
93508,22.076201270021166,0.6051571313456889,560,681,1241,-0.0008058017727639033,-0.0008333472224535399,0.6061240934730113,-8.058017727639034e-05
93509,22.075367922798712,0.6059629331184528,560,681,1241,0.0008058017727639033,-0.0008333472224535399,0.6062046736502877,8.058017727639034e-05
93510,22.07453457557626,0.6051571313456889,560,681,1241,-0.0008058017727639033,-0.0008333472224535399,0.6060435132957349,-0.00016116035455278067
93511,22.073701228353805,0.6051571313456889,560,681,1241,0.0,-0.0008333472224535399,0.6059629331184586,-8.058017727639034e-05
93512,22.07286788113135,0.6059629331184528,560,681,1241,0.0008058017727639033,-0.0008333472224535399,0.6059629331184586,0.0
93513,22.072034533908898,0.6059629331184528,560,681,1241,0.0,-0.0008333472224535399,0.6059629331184586,0.0
93514,22.071201186686444,0.6059629331184528,560,681,1241,0.0,-0.0008333472224535399,0.6058823529411821,-8.058017727639034e-05
93515,22.07036783946399,0.6051571313456889,560,681,1241,-0.0008058017727639033,-0.0008333472224535399,0.6057211925866294,-0.00016116035455278067
93516,22.069534492241537,0.6051571313456889,560,681,1241,0.0,-0.0008333472224535399,0.6055600322320766,-0.00016116035455278067
93517,22.068701145019084,0.6051571313456889,560,681,1241,0.0,-0.0008333472224535399,0.6054794520548002,-8.058017727639034e-05
93518,22.06786779779663,0.6035455278001611,560,681,1241,-0.0016116035455278066,-0.0008333472224535399,0.6053182917002474,-0.00016116035455278067
93519,22.067034450574177,0.6027397260273972,560,681,1241,-0.0008058017727639033,-0.0008333472224535399,0.6049959709911419,-0.00032232070910556134
93520,22.06620110335172,0.6027397260273972,560,681,1241,0.0,-0.0008333472224570926,0.6047542304593126,-0.00024174053182917098
93521,22.065367756129266,0.6011281224818694,560,681,1241,-0.0016116035455278066,-0.0008333472224535399,0.6043513295729307,-0.00040290088638195165
93522,22.064534408906813,0.6003223207091055,560,681,1241,-0.0008058017727639033,-0.0008333472224535399,0.603787268331996,-0.0005640612409347323
93523,22.06370106168436,0.5995165189363416,560,681,1241,-0.0008058017727639033,-0.0008333472224535399,0.6031426269137848,-0.0006446414182111227
93524,22.062867714461905,0.5995165189363416,560,681,1241,0.0,-0.0008333472224535399,0.6024979854955738,-0.0006446414182111227
93525,22.062034367239452,0.5987107171635777,560,681,1241,-0.0008058017727639033,-0.0008333472224535399,0.6018533440773626,-0.0006446414182111227
93526,22.061201020017,0.5987107171635777,560,681,1241,0.0,-0.0008333472224535399,0.6012087026591515,-0.0006446414182111227
93527,22.060367672794545,0.5987107171635777,560,681,1241,0.0,-0.0008333472224535399,0.6005640612409404,-0.0006446414182111227
93528,22.05953432557209,0.5987107171635777,560,681,1241,0.0,-0.0008333472224535399,0.600080580177282,-0.00048348106365834196
93529,22.058700978349638,0.6003223207091055,560,681,1241,0.0016116035455278066,-0.0008333472224535399,0.5998388396454529,-0.00024174053182917098
93530,22.057867631127184,0.6011281224818694,560,681,1241,0.0008058017727639033,-0.0008333472224535399,0.5996776792909001,-0.00016116035455278067
93531,22.05703428390473,0.6011281224818694,560,681,1241,0.0,-0.0008333472224535399,0.5996776792909001,0.0
93532,22.056200936682277,0.6011281224818694,560,681,1241,0.0,-0.0008333472224535399,0.5997582594681765,8.058017727639034e-05
93533,22.055367589459824,0.6003223207091055,560,681,1241,-0.0008058017727639033,-0.0008333472224535399,0.5998388396454529,8.058017727639034e-05
93534,22.05453424223737,0.5995165189363416,560,681,1241,-0.0008058017727639033,-0.0008333472224535399,0.5998388396454529,0.0
93535,22.053700895014916,0.5987107171635777,560,681,1241,-0.0008058017727639033,-0.0008333472224535399,0.5998388396454529,0.0
93536,22.052867547792463,0.5987107171635777,560,681,1241,0.0,-0.0008333472224535399,0.5998388396454529,0.0
93537,22.05203420057001,0.5987107171635777,560,681,1241,0.0,-0.0008333472224535399,0.5998388396454529,0.0
93538,22.051200853347556,0.6003223207091055,560,681,1241,0.0016116035455278066,-0.0008333472224535399,0.6000000000000056,0.00016116035455278067
93539,22.050367506125102,0.6019339242546333,560,681,1241,0.0016116035455278066,-0.0008333472224535399,0.6001611603545585,0.00016116035455278067
93540,22.04953415890265,0.6019339242546333,560,681,1241,0.0,-0.0008333472224535399,0.6002417405318349,8.058017727639034e-05
93541,22.048700811680195,0.6019339242546333,560,681,1241,0.0,-0.0008333472224535399,0.6003223207091113,8.058017727639034e-05
93542,22.047867464457738,0.6019339242546333,560,681,1241,0.0,-0.0008333472224570926,0.6004029008863878,8.058017727639034e-05
93543,22.047034117235285,0.6011281224818694,560,681,1241,-0.0008058017727639033,-0.0008333472224535399,0.6004834810636641,8.058017727639034e-05
93544,22.04620077001283,0.6019339242546333,560,681,1241,0.0008058017727639033,-0.0008333472224535399,0.6007252215954934,0.00024174053182917098
93545,22.045367422790378,0.6019339242546333,560,681,1241,0.0,-0.0008333472224535399,0.6010475423045989,0.00032232070910556134
93546,22.044534075567924,0.6019339242546333,560,681,1241,0.0,-0.0008333472224535399,0.6013698630137044,0.00032232070910556134
93547,22.04370072834547,0.6019339242546333,560,681,1241,0.0,-0.0008333472224535399,0.60169218372281,0.00032232070910556134
93548,22.042867381123017,0.6027397260273972,560,681,1241,0.0008058017727639033,-0.0008333472224535399,0.6019339242546391,0.00024174053182917098
93549,22.042034033900563,0.6035455278001611,560,681,1241,0.0008058017727639033,-0.0008333472224535399,0.6020950846091919,0.00016116035455278067
93550,22.04120068667811,0.6035455278001611,560,681,1241,0.0,-0.0008333472224535399,0.6022562449637447,0.00016116035455278067
93551,22.040367339455656,0.6035455278001611,560,681,1241,0.0,-0.0008333472224535399,0.6024174053182975,0.00016116035455278067
93552,22.039533992233203,0.6027397260273972,560,681,1241,-0.0008058017727639033,-0.0008333472224535399,0.6024979854955739,8.058017727639034e-05
93553,22.03870064501075,0.6035455278001611,560,681,1241,0.0008058017727639033,-0.0008333472224535399,0.602739726027403,0.00024174053182917098
93554,22.037867297788296,0.6027397260273972,560,681,1241,-0.0008058017727639033,-0.0008333472224535399,0.6028203062046794,8.058017727639034e-05
93555,22.037033950565842,0.6027397260273972,560,681,1241,0.0,-0.0008333472224535399,0.6029008863819557,8.058017727639034e-05
93556,22.03620060334339,0.6035455278001611,560,681,1241,0.0008058017727639033,-0.0008333472224535399,0.6030620467365085,0.00016116035455278067
93557,22.035367256120935,0.6035455278001611,560,681,1241,0.0,-0.0008333472224535399,0.6032232070910613,0.00016116035455278067
93558,22.03453390889848,0.6035455278001611,560,681,1241,0.0,-0.0008333472224535399,0.6033037872683378,8.058017727639034e-05
93559,22.033700561676028,0.6027397260273972,560,681,1241,-0.0008058017727639033,-0.0008333472224535399,0.6032232070910613,-8.058017727639034e-05
93560,22.032867214453574,0.6051571313456889,560,681,1241,0.00241740531829171,-0.0008333472224535399,0.6033843674456141,0.00016116035455278067
93561,22.03203386723112,0.6051571313456889,560,681,1241,0.0,-0.0008333472224535399,0.6035455278001669,0.00016116035455278067
93562,22.031200520008667,0.6051571313456889,560,681,1241,0.0,-0.0008333472224535399,0.603787268331996,0.00024174053182917098
93563,22.03036717278621,0.6059629331184528,560,681,1241,0.0008058017727639033,-0.0008333472224570926,0.6040290088638252,0.00024174053182917098
93564,22.029533825563757,0.6059629331184528,560,681,1241,0.0,-0.0008333472224535399,0.6043513295729308,0.00032232070910556134
93565,22.028700478341303,0.604351329572925,560,681,1241,-0.0016116035455278066,-0.0008333472224535399,0.6045124899274835,0.00016116035455278067
93566,22.02786713111885,0.6035455278001611,560,681,1241,-0.0008058017727639033,-0.0008333472224535399,0.6045124899274835,0.0
93567,22.027033783896396,0.6035455278001611,560,681,1241,0.0,-0.0008333472224535399,0.6045124899274835,0.0
93568,22.026200436673943,0.6035455278001611,560,681,1241,0.0,-0.0008333472224535399,0.6045124899274835,0.0
93569,22.02536708945149,0.6035455278001611,560,681,1241,0.0,-0.0008333472224535399,0.6045930701047599,8.058017727639034e-05
93570,22.024533742229035,0.6035455278001611,560,681,1241,0.0,-0.0008333472224535399,0.6044319097502072,-0.00016116035455278067
93571,22.023700395006582,0.6035455278001611,560,681,1241,0.0,-0.0008333472224535399,0.6042707493956544,-0.00016116035455278067
93572,22.02286704778413,0.6035455278001611,560,681,1241,0.0,-0.0008333472224535399,0.6041095890411017,-0.00016116035455278067
93573,22.022033700561675,0.6035455278001611,560,681,1241,0.0,-0.0008333472224535399,0.6038678485092726,-0.00024174053182917098
93574,22.02120035333922,0.6035455278001611,560,681,1241,0.0,-0.0008333472224535399,0.6036261079774434,-0.00024174053182917098
93575,22.020367006116768,0.6035455278001611,560,681,1241,0.0,-0.0008333472224535399,0.603545527800167,-8.058017727639034e-05
93576,22.019533658894314,0.6035455278001611,560,681,1241,0.0,-0.0008333472224535399,0.603545527800167,0.0
93577,22.01870031167186,0.6035455278001611,560,681,1241,0.0,-0.0008333472224535399,0.603545527800167,0.0
93578,22.017866964449407,0.6035455278001611,560,681,1241,0.0,-0.0008333472224535399,0.603545527800167,0.0
93579,22.017033617226954,0.6035455278001611,560,681,1241,0.0,-0.0008333472224535399,0.603545527800167,0.0
93580,22.0162002700045,0.6019339242546333,560,681,1241,-0.0016116035455278066,-0.0008333472224535399,0.6033843674456143,-0.00016116035455278067
93581,22.015366922782047,0.6019339242546333,560,681,1241,0.0,-0.0008333472224535399,0.6032232070910615,-0.00016116035455278067
93582,22.014533575559593,0.6019339242546333,560,681,1241,0.0,-0.0008333472224535399,0.6030620467365087,-0.00016116035455278067
93583,22.01370022833714,0.6011281224818694,560,681,1241,-0.0008058017727639033,-0.0008333472224535399,0.6028203062046795,-0.00024174053182917098
93584,22.012866881114682,0.6011281224818694,560,681,1241,0.0,-0.0008333472224570926,0.6025785656728503,-0.00024174053182917098
93585,22.01203353389223,0.6011281224818694,560,681,1241,0.0,-0.0008333472224535399,0.602336825141021,-0.00024174053182917098
93586,22.011200186669775,0.6019339242546333,560,681,1241,0.0008058017727639033,-0.0008333472224535399,0.6021756647864682,-0.00016116035455278067
93587,22.01036683944732,0.6019339242546333,560,681,1241,0.0,-0.0008333472224535399,0.6020145044319155,-0.00016116035455278067
93588,22.009533492224868,0.6019339242546333,560,681,1241,0.0,-0.0008333472224535399,0.6018533440773627,-0.00016116035455278067
93589,22.008700145002415,0.6019339242546333,560,681,1241,0.0,-0.0008333472224535399,0.60169218372281,-0.00016116035455278067
93590,22.00786679777996,0.6011281224818694,560,681,1241,-0.0008058017727639033,-0.0008333472224535399,0.6016116035455334,-8.058017727639034e-05
93591,22.007033450557508,0.6027397260273972,560,681,1241,0.0016116035455278066,-0.0008333472224535399,0.6016921837228099,8.058017727639034e-05
93592,22.006200103335054,0.6027397260273972,560,681,1241,0.0,-0.0008333472224535399,0.6017727639000862,8.058017727639034e-05
93593,22.0053667561126,0.6035455278001611,560,681,1241,0.0008058017727639033,-0.0008333472224535399,0.6020145044319154,0.00024174053182917098
93594,22.004533408890147,0.6051571313456889,560,681,1241,0.0016116035455278066,-0.0008333472224535399,0.6024174053182973,0.00040290088638195165
93595,22.003700061667693,0.604351329572925,560,681,1241,-0.0008058017727639033,-0.0008333472224535399,0.602739726027403,0.00032232070910556134
93596,22.00286671444524,0.604351329572925,560,681,1241,0.0,-0.0008333472224535399,0.6029814665592321,0.00024174053182917098
93597,22.002033367222786,0.604351329572925,560,681,1241,0.0,-0.0008333472224535399,0.6032232070910613,0.00024174053182917098
93598,22.001200020000333,0.6035455278001611,560,681,1241,-0.0008058017727639033,-0.0008333472224535399,0.603384367445614,0.00016116035455278067
93599,22.00036667277788,0.6027397260273972,560,681,1241,-0.0008058017727639033,-0.0008333472224535399,0.6034649476228904,8.058017727639034e-05
93600,21.999533325555426,0.6019339242546333,560,681,1241,-0.0008058017727639033,-0.0008333472224535399,0.6035455278001668,8.058017727639034e-05
93601,21.998699978332972,0.6011281224818694,560,681,1241,-0.0008058017727639033,-0.0008333472224535399,0.603384367445614,-0.00016116035455278067
93602,21.99786663111052,0.5987107171635777,560,681,1241,-0.00241740531829171,-0.0008333472224535399,0.6029814665592321,-0.00040290088638195165
93603,21.997033283888065,0.5987107171635777,560,681,1241,0.0,-0.0008333472224535399,0.6024979854955738,-0.00048348106365834196
93604,21.99619993666561,0.5995165189363416,560,681,1241,0.0008058017727639033,-0.0008333472224535399,0.601933924254639,-0.0005640612409347323
93605,21.995366589443154,0.5987107171635777,560,681,1241,-0.0008058017727639033,-0.0008333472224570926,0.6013698630137043,-0.0005640612409347323
93606,21.9945332422207,0.5979049153908138,560,681,1241,-0.0008058017727639033,-0.0008333472224535399,0.6007252215954931,-0.0006446414182111227
93607,21.993699894998247,0.5995165189363416,560,681,1241,0.0016116035455278066,-0.0008333472224535399,0.6002417405318348,-0.00048348106365834196
93608,21.992866547775794,0.6003223207091055,560,681,1241,0.0008058017727639033,-0.0008333472224535399,0.5999194198227292,-0.00032232070910556134
93609,21.99203320055334,0.6003223207091055,560,681,1241,0.0,-0.0008333472224535399,0.5996776792909001,-0.00024174053182917098
93610,21.991199853330887,0.5995165189363416,560,681,1241,-0.0008058017727639033,-0.0008333472224535399,0.5994359387590709,-0.00024174053182917098
93611,21.990366506108433,0.5995165189363416,560,681,1241,0.0,-0.0008333472224535399,0.5992747784045181,-0.00016116035455278067
93612,21.98953315888598,0.5987107171635777,560,681,1241,-0.0008058017727639033,-0.0008333472224535399,0.5992747784045181,0.0
93613,21.988699811663526,0.5987107171635777,560,681,1241,0.0,-0.0008333472224535399,0.5992747784045181,0.0
93614,21.987866464441073,0.5987107171635777,560,681,1241,0.0,-0.0008333472224535399,0.5991941982272417,-8.058017727639034e-05
93615,21.98703311721862,0.5979049153908138,560,681,1241,-0.0008058017727639033,-0.0008333472224535399,0.5991136180499653,-8.058017727639034e-05
93616,21.986199769996166,0.5987107171635777,560,681,1241,0.0008058017727639033,-0.0008333472224535399,0.5991941982272417,8.058017727639034e-05
93617,21.985366422773712,0.5979049153908138,560,681,1241,-0.0008058017727639033,-0.0008333472224535399,0.599033037872689,-0.00016116035455278067
93618,21.98453307555126,0.5979049153908138,560,681,1241,0.0,-0.0008333472224535399,0.5987912973408598,-0.00024174053182917098
93619,21.983699728328805,0.5979049153908138,560,681,1241,0.0,-0.0008333472224535399,0.5985495568090305,-0.00024174053182917098
93620,21.98286638110635,0.5979049153908138,560,681,1241,0.0,-0.0008333472224535399,0.5983883964544778,-0.00016116035455278067
93621,21.982033033883898,0.5979049153908138,560,681,1241,0.0,-0.0008333472224535399,0.598227236099925,-0.00016116035455278067
93622,21.981199686661444,0.5979049153908138,560,681,1241,0.0,-0.0008333472224535399,0.5981466559226486,-8.058017727639034e-05
93623,21.98036633943899,0.59709911361805,560,681,1241,-0.0008058017727637923,-0.0008333472224535399,0.5979854955680958,-0.00016116035455276956
93624,21.979532992216537,0.5962933118452861,560,681,1241,-0.0008058017727639033,-0.0008333472224535399,0.5977437550362665,-0.0002417405318291599
93625,21.978699644994084,0.59709911361805,560,681,1241,0.0008058017727639033,-0.0008333472224535399,0.5976631748589902,-8.058017727637922e-05
93626,21.977866297771627,0.5979049153908138,560,681,1241,0.0008058017727637923,-0.0008333472224570926,0.5975825946817138,-8.058017727639034e-05
93627,21.977032950549173,0.5987107171635777,560,681,1241,0.0008058017727639033,-0.0008333472224535399,0.5976631748589902,8.058017727639034e-05
93628,21.97619960332672,0.5962933118452861,560,681,1241,-0.002417405318291599,-0.0008333472224535399,0.5975020145044374,-0.00016116035455276956
93629,21.975366256104266,0.5962933118452861,560,681,1241,0.0,-0.0008333472224535399,0.5973408541498847,-0.00016116035455276956
93630,21.974532908881812,0.5954875100725222,560,681,1241,-0.0008058017727639033,-0.0008333472224535399,0.5970991136180556,-0.0002417405318291599
93631,21.97369956165936,0.5946817082997583,560,681,1241,-0.0008058017727639033,-0.0008333472224535399,0.59677679290895,-0.00032232070910555023
93632,21.972866214436905,0.5938759065269944,560,681,1241,-0.0008058017727639033,-0.0008333472224535399,0.5963738920225681,-0.00040290088638194054
93633,21.972032867214452,0.5930701047542305,560,681,1241,-0.0008058017727639033,-0.0008333472224535399,0.5959709911361861,-0.00040290088638195165
93634,21.971199519992,0.5930701047542305,560,681,1241,0.0,-0.0008333472224535399,0.5956486704270805,-0.00032232070910556134
93635,21.970366172769545,0.5930701047542305,560,681,1241,0.0,-0.0008333472224535399,0.5952457695406985,-0.00040290088638195165
93636,21.96953282554709,0.5930701047542305,560,681,1241,0.0,-0.0008333472224535399,0.5947622884770402,-0.0004834810636583309
93637,21.968699478324638,0.5922643029814666,560,681,1241,-0.0008058017727639033,-0.0008333472224535399,0.5941176470588291,-0.0006446414182111115
93638,21.967866131102184,0.5922643029814666,560,681,1241,0.0,-0.0008333472224535399,0.5937147461724471,-0.00040290088638195165
93639,21.96703278387973,0.5922643029814666,560,681,1241,0.0,-0.0008333472224535399,0.5933118452860653,-0.00040290088638195165
93640,21.966199436657277,0.5938759065269944,560,681,1241,0.0016116035455278066,-0.0008333472224535399,0.5931506849315125,-0.00016116035455278067
93641,21.965366089434823,0.5930701047542305,560,681,1241,-0.0008058017727639033,-0.0008333472224535399,0.5929895245769596,-0.00016116035455278067
93642,21.96453274221237,0.5946817082997583,560,681,1241,0.0016116035455278066,-0.0008333472224535399,0.593070104754236,8.058017727639034e-05
93643,21.963699394989916,0.5938759065269944,560,681,1241,-0.0008058017727639033,-0.0008333472224535399,0.5931506849315125,8.058017727639034e-05
93644,21.962866047767463,0.5946817082997583,560,681,1241,0.0008058017727639033,-0.0008333472224535399,0.5933118452860653,0.00016116035455278067
93645,21.96203270054501,0.5946817082997583,560,681,1241,0.0,-0.0008333472224535399,0.593473005640618,0.00016116035455278067
93646,21.961199353322556,0.5946817082997583,560,681,1241,0.0,-0.0008333472224535399,0.5936341659951708,0.00016116035455278067
93647,21.960366006100102,0.5946817082997583,560,681,1241,0.0,-0.0008333472224535399,0.593875906527,0.00024174053182917098
93648,21.959532658877645,0.5946817082997583,560,681,1241,0.0,-0.0008333472224570926,0.5941176470588291,0.00024174053182917098
93649,21.95869931165519,0.5946817082997583,560,681,1241,0.0,-0.0008333472224535399,0.5943593875906582,0.00024174053182917098
93650,21.957865964432738,0.5938759065269944,560,681,1241,-0.0008058017727639033,-0.0008333472224535399,0.5943593875906582,0.0
93651,21.957032617210285,0.5946817082997583,560,681,1241,0.0008058017727639033,-0.0008333472224535399,0.5945205479452109,0.00016116035455278067
93652,21.95619926998783,0.5946817082997583,560,681,1241,0.0,-0.0008333472224535399,0.5945205479452109,0.0
93653,21.955365922765377,0.5946817082997583,560,681,1241,0.0,-0.0008333472224535399,0.5946011281224873,8.058017727639034e-05
93654,21.954532575542924,0.5954875100725222,560,681,1241,0.0008058017727639033,-0.0008333472224535399,0.5946817082997637,8.058017727639034e-05
93655,21.95369922832047,0.5962933118452861,560,681,1241,0.0008058017727639033,-0.0008333472224535399,0.5948428686543166,0.00016116035455278067
93656,21.952865881098017,0.5962933118452861,560,681,1241,0.0,-0.0008333472224535399,0.5950040290088693,0.00016116035455278067
93657,21.952032533875563,0.5954875100725222,560,681,1241,-0.0008058017727639033,-0.0008333472224535399,0.5950846091861457,8.058017727639034e-05
93658,21.95119918665311,0.5954875100725222,560,681,1241,0.0,-0.0008333472224535399,0.5951651893634222,8.058017727639034e-05
93659,21.950365839430656,0.5954875100725222,560,681,1241,0.0,-0.0008333472224535399,0.5952457695406986,8.058017727639034e-05
93660,21.949532492208203,0.5954875100725222,560,681,1241,0.0,-0.0008333472224535399,0.5954069298952513,0.00016116035455278067
93661,21.94869914498575,0.5954875100725222,560,681,1241,0.0,-0.0008333472224535399,0.5954875100725279,8.058017727639034e-05
93662,21.947865797763296,0.5946817082997583,560,681,1241,-0.0008058017727639033,-0.0008333472224535399,0.5954875100725279,0.0
93663,21.947032450540842,0.5946817082997583,560,681,1241,0.0,-0.0008333472224535399,0.5954875100725279,0.0
93664,21.94619910331839,0.5954875100725222,560,681,1241,0.0008058017727639033,-0.0008333472224535399,0.5954875100725279,0.0
93665,21.945365756095935,0.5954875100725222,560,681,1241,0.0,-0.0008333472224535399,0.5954069298952515,-8.058017727639034e-05
93666,21.94453240887348,0.5954875100725222,560,681,1241,0.0,-0.0008333472224535399,0.5953263497179752,-8.058017727639034e-05
93667,21.943699061651028,0.5946817082997583,560,681,1241,-0.0008058017727639033,-0.0008333472224535399,0.5952457695406987,-8.058017727639034e-05
93668,21.942865714428574,0.5946817082997583,560,681,1241,0.0,-0.0008333472224535399,0.5951651893634222,-8.058017727639034e-05
93669,21.942032367206117,0.5954875100725222,560,681,1241,0.0008058017727639033,-0.0008333472224570926,0.5951651893634222,0.0
93670,21.941199019983664,0.5954875100725222,560,681,1241,0.0,-0.0008333472224535399,0.5951651893634222,0.0
93671,21.94036567276121,0.5938759065269944,560,681,1241,-0.0016116035455278066,-0.0008333472224535399,0.5950040290088695,-0.00016116035455278067
93672,21.939532325538757,0.5938759065269944,560,681,1241,0.0,-0.0008333472224535399,0.5949234488315931,-8.058017727639034e-05
93673,21.938698978316303,0.5946817082997583,560,681,1241,0.0008058017727639033,-0.0008333472224535399,0.5949234488315931,0.0
93674,21.93786563109385,0.5938759065269944,560,681,1241,-0.0008058017727639033,-0.0008333472224535399,0.5947622884770404,-0.00016116035455278067
93675,21.937032283871396,0.5938759065269944,560,681,1241,0.0,-0.0008333472224535399,0.5946011281224876,-0.00016116035455278067
93676,21.936198936648942,0.5938759065269944,560,681,1241,0.0,-0.0008333472224535399,0.5944399677679348,-0.00016116035455278067
93677,21.93536558942649,0.5938759065269944,560,681,1241,0.0,-0.0008333472224535399,0.5943593875906584,-8.058017727639034e-05
93678,21.934532242204035,0.5938759065269944,560,681,1241,0.0,-0.0008333472224535399,0.5942788074133821,-8.058017727639034e-05
93679,21.933698894981582,0.5954875100725222,560,681,1241,0.0016116035455278066,-0.0008333472224535399,0.5942788074133821,0.0
93680,21.93286554775913,0.5954875100725222,560,681,1241,0.0,-0.0008333472224535399,0.5942788074133821,0.0
93681,21.932032200536675,0.5954875100725222,560,681,1241,0.0,-0.0008333472224535399,0.5944399677679348,0.00016116035455278067
93682,21.93119885331422,0.5954875100725222,560,681,1241,0.0,-0.0008333472224535399,0.5946011281224877,0.00016116035455278067
93683,21.930365506091768,0.5954875100725222,560,681,1241,0.0,-0.0008333472224535399,0.5946817082997641,8.058017727639034e-05
93684,21.929532158869314,0.5954875100725222,560,681,1241,0.0,-0.0008333472224535399,0.5948428686543169,0.00016116035455278067
93685,21.92869881164686,0.5946817082997583,560,681,1241,-0.0008058017727639033,-0.0008333472224535399,0.5949234488315932,8.058017727639034e-05
93686,21.927865464424407,0.5946817082997583,560,681,1241,0.0,-0.0008333472224535399,0.5950040290088696,8.058017727639034e-05
93687,21.927032117201954,0.5938759065269944,560,681,1241,-0.0008058017727639033,-0.0008333472224535399,0.5950040290088696,0.0
93688,21.9261987699795,0.5938759065269944,560,681,1241,0.0,-0.0008333472224535399,0.5950040290088696,0.0
93689,21.925365422757046,0.5938759065269944,560,681,1241,0.0,-0.0008333472224535399,0.5948428686543168,-0.00016116035455278067
93690,21.92453207553459,0.5938759065269944,560,681,1241,0.0,-0.0008333472224570926,0.594681708299764,-0.00016116035455278067
93691,21.923698728312136,0.5938759065269944,560,681,1241,0.0,-0.0008333472224535399,0.5945205479452113,-0.00016116035455278067
93692,21.922865381089682,0.5938759065269944,560,681,1241,0.0,-0.0008333472224535399,0.5943593875906584,-0.00016116035455278067
93693,21.92203203386723,0.5938759065269944,560,681,1241,0.0,-0.0008333472224535399,0.5941982272361057,-0.00016116035455278067
93694,21.921198686644775,0.5938759065269944,560,681,1241,0.0,-0.0008333472224535399,0.5940370668815529,-0.00016116035455278067
93695,21.92036533942232,0.5938759065269944,560,681,1241,0.0,-0.0008333472224535399,0.5939564867042766,-8.058017727639034e-05
93696,21.919531992199868,0.5938759065269944,560,681,1241,0.0,-0.0008333472224535399,0.5938759065270002,-8.058017727639034e-05
93697,21.918698644977415,0.5930701047542305,560,681,1241,-0.0008058017727639033,-0.0008333472224535399,0.5937953263497238,-8.058017727639034e-05
93698,21.91786529775496,0.5922643029814666,560,681,1241,-0.0008058017727639033,-0.0008333472224535399,0.5936341659951709,-0.00016116035455278067
93699,21.917031950532508,0.5922643029814666,560,681,1241,0.0,-0.0008333472224535399,0.5934730056406182,-0.00016116035455278067
93700,21.916198603310054,0.5922643029814666,560,681,1241,0.0,-0.0008333472224535399,0.5933118452860654,-0.00016116035455278067
93701,21.9153652560876,0.5922643029814666,560,681,1241,0.0,-0.0008333472224535399,0.5931506849315127,-0.00016116035455278067
93702,21.914531908865147,0.5914585012087027,560,681,1241,-0.0008058017727639033,-0.0008333472224535399,0.5929089443996834,-0.00024174053182917098
93703,21.913698561642693,0.5914585012087027,560,681,1241,0.0,-0.0008333472224535399,0.5926672038678542,-0.00024174053182917098
93704,21.91286521442024,0.5914585012087027,560,681,1241,0.0,-0.0008333472224535399,0.592425463336025,-0.00024174053182917098
93705,21.912031867197786,0.5914585012087027,560,681,1241,0.0,-0.0008333472224535399,0.5921837228041957,-0.00024174053182917098
93706,21.911198519975333,0.5914585012087027,560,681,1241,0.0,-0.0008333472224535399,0.5919419822723666,-0.00024174053182917098
93707,21.91036517275288,0.5906526994359388,560,681,1241,-0.0008058017727639033,-0.0008333472224535399,0.5917002417405375,-0.00024174053182917098
93708,21.909531825530426,0.5914585012087027,560,681,1241,0.0008058017727639033,-0.0008333472224535399,0.591619661563261,-8.058017727639034e-05
93709,21.908698478307972,0.5922643029814666,560,681,1241,0.0008058017727639033,-0.0008333472224535399,0.591619661563261,0.0
93710,21.90786513108552,0.5922643029814666,560,681,1241,0.0,-0.0008333472224535399,0.591619661563261,0.0
93711,21.90703178386306,0.5922643029814666,560,681,1241,0.0,-0.0008333472224570926,0.591619661563261,0.0
93712,21.906198436640608,0.5930701047542305,560,681,1241,0.0008058017727639033,-0.0008333472224535399,0.5917808219178138,0.00016116035455278067
93713,21.905365089418154,0.5930701047542305,560,681,1241,0.0,-0.0008333472224535399,0.5919419822723666,0.00016116035455278067
93714,21.9045317421957,0.5938759065269944,560,681,1241,0.0008058017727639033,-0.0008333472224535399,0.5921837228041957,0.00024174053182917098
93715,21.903698394973247,0.5922643029814666,560,681,1241,-0.0016116035455278066,-0.0008333472224535399,0.5922643029814723,8.058017727639034e-05
93716,21.902865047750794,0.5922643029814666,560,681,1241,0.0,-0.0008333472224535399,0.5923448831587487,8.058017727639034e-05
93717,21.90203170052834,0.5930701047542305,560,681,1241,0.0008058017727639033,-0.0008333472224535399,0.5925866236905778,0.00024174053182917098
93718,21.901198353305887,0.5946817082997583,560,681,1241,0.0016116035455278066,-0.0008333472224535399,0.5929089443996833,0.00032232070910556134
93719,21.900365006083433,0.5954875100725222,560,681,1241,0.0008058017727639033,-0.0008333472224535399,0.5932312651087889,0.00032232070910556134
93720,21.89953165886098,0.5954875100725222,560,681,1241,0.0,-0.0008333472224535399,0.5935535858178944,0.00032232070910556134
93721,21.898698311638526,0.5954875100725222,560,681,1241,0.0,-0.0008333472224535399,0.5938759065270001,0.00032232070910556134
93722,21.897864964416073,0.5954875100725222,560,681,1241,0.0,-0.0008333472224535399,0.5941176470588292,0.00024174053182917098
93723,21.89703161719362,0.5962933118452861,560,681,1241,0.0008058017727639033,-0.0008333472224535399,0.5944399677679348,0.00032232070910556134
93724,21.896198269971165,0.5962933118452861,560,681,1241,0.0,-0.0008333472224535399,0.594681708299764,0.00024174053182917098
93725,21.895364922748712,0.5962933118452861,560,681,1241,0.0,-0.0008333472224535399,0.5950846091861458,0.00040290088638195165
93726,21.89453157552626,0.5962933118452861,560,681,1241,0.0,-0.0008333472224535399,0.5954875100725278,0.00040290088638195165
93727,21.893698228303805,0.5962933118452861,560,681,1241,0.0,-0.0008333472224535399,0.5958098307816333,0.00032232070910556134
93728,21.89286488108135,0.5954875100725222,560,681,1241,-0.0008058017727639033,-0.0008333472224535399,0.5958904109589097,8.058017727639034e-05
93729,21.892031533858898,0.5954875100725222,560,681,1241,0.0,-0.0008333472224535399,0.5958904109589097,0.0
93730,21.891198186636444,0.5946817082997583,560,681,1241,-0.0008058017727639033,-0.0008333472224535399,0.5958098307816333,-8.058017727639034e-05
93731,21.89036483941399,0.5938759065269944,560,681,1241,-0.0008058017727639033,-0.0008333472224535399,0.5956486704270805,-0.00016116035455278067
93732,21.889531492191534,0.5938759065269944,560,681,1241,0.0,-0.0008333472224570926,0.5954875100725278,-0.00016116035455278067
93733,21.88869814496908,0.5938759065269944,560,681,1241,0.0,-0.0008333472224535399,0.5952457695406986,-0.00024174053182917098
93734,21.887864797746627,0.5946817082997583,560,681,1241,0.0008058017727639033,-0.0008333472224535399,0.5950846091861458,-0.00016116035455278067
93735,21.887031450524173,0.5954875100725222,560,681,1241,0.0008058017727639033,-0.0008333472224535399,0.5950040290088695,-8.058017727639034e-05
93736,21.88619810330172,0.5954875100725222,560,681,1241,0.0,-0.0008333472224535399,0.5949234488315931,-8.058017727639034e-05
93737,21.885364756079266,0.5954875100725222,560,681,1241,0.0,-0.0008333472224535399,0.5948428686543168,-8.058017727639034e-05
93738,21.884531408856812,0.5946817082997583,560,681,1241,-0.0008058017727639033,-0.0008333472224535399,0.5947622884770404,-8.058017727639034e-05
93739,21.88369806163436,0.5954875100725222,560,681,1241,0.0008058017727639033,-0.0008333472224535399,0.5947622884770404,0.0
93740,21.882864714411905,0.5962933118452861,560,681,1241,0.0008058017727639033,-0.0008333472224535399,0.5949234488315931,0.00016116035455278067
93741,21.88203136718945,0.5962933118452861,560,681,1241,0.0,-0.0008333472224535399,0.5951651893634222,0.00024174053182917098
93742,21.881198019966998,0.5946817082997583,560,681,1241,-0.0016116035455278066,-0.0008333472224535399,0.5952457695406986,8.058017727639034e-05
93743,21.880364672744545,0.5938759065269944,560,681,1241,-0.0008058017727639033,-0.0008333472224535399,0.5952457695406986,0.0
93744,21.87953132552209,0.5938759065269944,560,681,1241,0.0,-0.0008333472224535399,0.5951651893634222,-8.058017727639034e-05
93745,21.878697978299638,0.5938759065269944,560,681,1241,0.0,-0.0008333472224535399,0.5950040290088695,-0.00016116035455278067
93746,21.877864631077184,0.5938759065269944,560,681,1241,0.0,-0.0008333472224535399,0.5948428686543167,-0.00016116035455278067
93747,21.87703128385473,0.5938759065269944,560,681,1241,0.0,-0.0008333472224535399,0.594681708299764,-0.00016116035455278067
93748,21.876197936632277,0.5922643029814666,560,681,1241,-0.0016116035455278066,-0.0008333472224535399,0.5944399677679348,-0.00024174053182917098
93749,21.875364589409823,0.5906526994359388,560,681,1241,-0.0016116035455278066,-0.0008333472224535399,0.5939564867042765,-0.00048348106365834196
93750,21.87453124218737,0.5906526994359388,560,681,1241,0.0,-0.0008333472224535399,0.5933924254633418,-0.0005640612409347323
93751,21.873697894964916,0.5906526994359388,560,681,1241,0.0,-0.0008333472224535399,0.592828364222407,-0.0005640612409347323
93752,21.872864547742463,0.5898468976631749,560,681,1241,-0.0008058017727639033,-0.0008333472224535399,0.5923448831587488,-0.00048348106365834196
93753,21.872031200520006,0.5898468976631749,560,681,1241,0.0,-0.0008333472224570926,0.5919419822723667,-0.00040290088638195165
93754,21.871197853297552,0.589041095890411,560,681,1241,-0.0008058017727639033,-0.0008333472224535399,0.5914585012087084,-0.00048348106365834196
93755,21.8703645060751,0.5898468976631749,560,681,1241,0.0008058017727639033,-0.0008333472224535399,0.5910556003223264,-0.00040290088638195165
93756,21.869531158852645,0.5898468976631749,560,681,1241,0.0,-0.0008333472224535399,0.5906526994359445,-0.00040290088638195165
93757,21.86869781163019,0.5898468976631749,560,681,1241,0.0,-0.0008333472224535399,0.5902497985495624,-0.00040290088638195165
93758,21.867864464407738,0.5906526994359388,560,681,1241,0.0008058017727639033,-0.0008333472224535399,0.5900886381950097,-0.00016116035455278067
93759,21.867031117185284,0.5906526994359388,560,681,1241,0.0,-0.0008333472224535399,0.5900886381950097,0.0
93760,21.86619776996283,0.5906526994359388,560,681,1241,0.0,-0.0008333472224535399,0.5900886381950097,0.0
93761,21.865364422740377,0.5906526994359388,560,681,1241,0.0,-0.0008333472224535399,0.5900886381950097,0.0
93762,21.864531075517924,0.5906526994359388,560,681,1241,0.0,-0.0008333472224535399,0.5901692183722861,8.058017727639034e-05
93763,21.86369772829547,0.5898468976631749,560,681,1241,-0.0008058017727639033,-0.0008333472224535399,0.5901692183722861,0.0
93764,21.862864381073017,0.5898468976631749,560,681,1241,0.0,-0.0008333472224535399,0.5902497985495624,8.058017727639034e-05
93765,21.862031033850563,0.5882352941176471,560,681,1241,-0.0016116035455278066,-0.0008333472224535399,0.5900886381950097,-0.00016116035455278067
93766,21.86119768662811,0.5882352941176471,560,681,1241,0.0,-0.0008333472224535399,0.5899274778404568,-0.00016116035455278067
93767,21.860364339405656,0.5882352941176471,560,681,1241,0.0,-0.0008333472224535399,0.589766317485904,-0.00016116035455278067
93768,21.859530992183203,0.5882352941176471,560,681,1241,0.0,-0.0008333472224535399,0.5895245769540749,-0.00024174053182917098
93769,21.85869764496075,0.5882352941176471,560,681,1241,0.0,-0.0008333472224535399,0.5892828364222457,-0.00024174053182917098
93770,21.857864297738296,0.589041095890411,560,681,1241,0.0008058017727639033,-0.0008333472224535399,0.5891216760676928,-0.00016116035455278067
93771,21.857030950515842,0.5898468976631749,560,681,1241,0.0008058017727639033,-0.0008333472224535399,0.5890410958904164,-8.058017727639034e-05
93772,21.85619760329339,0.589041095890411,560,681,1241,-0.0008058017727639033,-0.0008333472224535399,0.5888799355358636,-0.00016116035455278067
93773,21.855364256070935,0.589041095890411,560,681,1241,0.0,-0.0008333472224535399,0.5887993553585873,-8.058017727639034e-05
93774,21.85453090884848,0.5898468976631749,560,681,1241,0.0008058017727639033,-0.0008333472224535399,0.5887993553585873,0.0
93775,21.853697561626024,0.5898468976631749,560,681,1241,0.0,-0.0008333472224570926,0.5889605157131401,0.00016116035455278067
93776,21.85286421440357,0.5898468976631749,560,681,1241,0.0,-0.0008333472224535399,0.5891216760676928,0.00016116035455278067
93777,21.852030867181117,0.5906526994359388,560,681,1241,0.0008058017727639033,-0.0008333472224535399,0.5893634165995221,0.00024174053182917098
93778,21.851197519958664,0.5898468976631749,560,681,1241,-0.0008058017727639033,-0.0008333472224535399,0.5895245769540749,0.00016116035455278067
93779,21.85036417273621,0.5898468976631749,560,681,1241,0.0,-0.0008333472224535399,0.5896857373086276,0.00016116035455278067
93780,21.849530825513757,0.5906526994359388,560,681,1241,0.0008058017727639033,-0.0008333472224535399,0.5898468976631804,0.00016116035455278067
93781,21.848697478291303,0.5906526994359388,560,681,1241,0.0,-0.0008333472224535399,0.5899274778404568,8.058017727639034e-05
93782,21.84786413106885,0.5898468976631749,560,681,1241,-0.0008058017727639033,-0.0008333472224535399,0.5900080580177332,8.058017727639034e-05
93783,21.847030783846396,0.589041095890411,560,681,1241,-0.0008058017727639033,-0.0008333472224535399,0.5900080580177332,0.0
93784,21.846197436623942,0.589041095890411,560,681,1241,0.0,-0.0008333472224535399,0.5899274778404568,-8.058017727639034e-05
93785,21.84536408940149,0.5898468976631749,560,681,1241,0.0008058017727639033,-0.0008333472224535399,0.5899274778404568,0.0
93786,21.844530742179035,0.5898468976631749,560,681,1241,0.0,-0.0008333472224535399,0.5899274778404568,0.0
93787,21.843697394956582,0.5898468976631749,560,681,1241,0.0,-0.0008333472224535399,0.5898468976631804,-8.058017727639034e-05
93788,21.84286404773413,0.5898468976631749,560,681,1241,0.0,-0.0008333472224535399,0.5898468976631804,0.0
93789,21.842030700511675,0.5882352941176471,560,681,1241,-0.0016116035455278066,-0.0008333472224535399,0.5896857373086276,-0.00016116035455278067
93790,21.84119735328922,0.5882352941176471,560,681,1241,0.0,-0.0008333472224535399,0.5894439967767984,-0.00024174053182917098
93791,21.840364006066768,0.5882352941176471,560,681,1241,0.0,-0.0008333472224535399,0.5892022562449692,-0.00024174053182917098
93792,21.839530658844314,0.589041095890411,560,681,1241,0.0008058017727639033,-0.0008333472224535399,0.5891216760676928,-8.058017727639034e-05
93793,21.83869731162186,0.589041095890411,560,681,1241,0.0,-0.0008333472224535399,0.5891216760676928,0.0
93794,21.837863964399407,0.5898468976631749,560,681,1241,0.0008058017727639033,-0.0008333472224535399,0.5892022562449692,8.058017727639034e-05
93795,21.837030617176953,0.5906526994359388,560,681,1241,0.0008058017727639033,-0.0008333472224535399,0.5892828364222457,8.058017727639034e-05
93796,21.836197269954496,0.5914585012087027,560,681,1241,0.0008058017727639033,-0.0008333472224570926,0.5894439967767984,0.00016116035455278067
93797,21.835363922732043,0.5914585012087027,560,681,1241,0.0,-0.0008333472224535399,0.5896051571313512,0.00016116035455278067
93798,21.83453057550959,0.5914585012087027,560,681,1241,0.0,-0.0008333472224535399,0.589766317485904,0.00016116035455278067
93799,21.833697228287136,0.5914585012087027,560,681,1241,0.0,-0.0008333472224535399,0.5900886381950096,0.00032232070910556134
93800,21.832863881064682,0.5922643029814666,560,681,1241,0.0008058017727639033,-0.0008333472224535399,0.5904915390813915,0.00040290088638195165
93801,21.83203053384223,0.5922643029814666,560,681,1241,0.0,-0.0008333472224535399,0.5908944399677736,0.00040290088638195165
93802,21.831197186619775,0.5922643029814666,560,681,1241,0.0,-0.0008333472224535399,0.5912167606768791,0.00032232070910556134
93803,21.83036383939732,0.5922643029814666,560,681,1241,0.0,-0.0008333472224535399,0.5915390813859847,0.00032232070910556134
93804,21.829530492174868,0.5914585012087027,560,681,1241,-0.0008058017727639033,-0.0008333472224535399,0.5917002417405375,0.00016116035455278067
93805,21.828697144952415,0.5914585012087027,560,681,1241,0.0,-0.0008333472224535399,0.5917808219178138,8.058017727639034e-05
93806,21.82786379772996,0.5914585012087027,560,681,1241,0.0,-0.0008333472224535399,0.5917808219178138,0.0
93807,21.827030450507507,0.5914585012087027,560,681,1241,0.0,-0.0008333472224535399,0.5917808219178138,0.0
93808,21.826197103285054,0.5906526994359388,560,681,1241,-0.0008058017727639033,-0.0008333472224535399,0.5917002417405375,-8.058017727639034e-05
93809,21.8253637560626,0.5906526994359388,560,681,1241,0.0,-0.0008333472224535399,0.5916196615632611,-8.058017727639034e-05
93810,21.824530408840147,0.5930701047542305,560,681,1241,0.00241740531829171,-0.0008333472224535399,0.5917002417405375,8.058017727639034e-05
93811,21.823697061617693,0.5930701047542305,560,681,1241,0.0,-0.0008333472224535399,0.5917808219178138,8.058017727639034e-05
93812,21.82286371439524,0.5938759065269944,560,681,1241,0.0008058017727639033,-0.0008333472224535399,0.5919419822723666,0.00016116035455278067
93813,21.822030367172786,0.5938759065269944,560,681,1241,0.0,-0.0008333472224535399,0.5921031426269193,0.00016116035455278067
93814,21.821197019950333,0.5922643029814666,560,681,1241,-0.0016116035455278066,-0.0008333472224535399,0.5921837228041957,8.058017727639034e-05
93815,21.82036367272788,0.5930701047542305,560,681,1241,0.0008058017727639033,-0.0008333472224535399,0.5923448831587486,0.00016116035455278067
93816,21.819530325505426,0.5930701047542305,560,681,1241,0.0,-0.0008333472224535399,0.5925060435133014,0.00016116035455278067
93817,21.81869697828297,0.5938759065269944,560,681,1241,0.0008058017727639033,-0.0008333472224570926,0.5927477840451305,0.00024174053182917098
93818,21.817863631060515,0.5938759065269944,560,681,1241,0.0,-0.0008333472224535399,0.5930701047542362,0.00032232070910556134
93819,21.81703028383806,0.5938759065269944,560,681,1241,0.0,-0.0008333472224535399,0.5933924254633417,0.00032232070910556134
93820,21.816196936615608,0.5930701047542305,560,681,1241,-0.0008058017727639033,-0.0008333472224535399,0.5933924254633417,0.0
93821,21.815363589393154,0.5930701047542305,560,681,1241,0.0,-0.0008333472224535399,0.5933924254633417,0.0
93822,21.8145302421707,0.5930701047542305,560,681,1241,0.0,-0.0008333472224535399,0.5933118452860653,-8.058017727639034e-05
93823,21.813696894948247,0.5930701047542305,560,681,1241,0.0,-0.0008333472224535399,0.5932312651087888,-8.058017727639034e-05
93824,21.812863547725794,0.5930701047542305,560,681,1241,0.0,-0.0008333472224535399,0.5933118452860652,8.058017727639034e-05
93825,21.81203020050334,0.5930701047542305,560,681,1241,0.0,-0.0008333472224535399,0.5933118452860652,0.0
93826,21.811196853280887,0.5938759065269944,560,681,1241,0.0008058017727639033,-0.0008333472224535399,0.5933924254633416,8.058017727639034e-05
93827,21.810363506058433,0.5938759065269944,560,681,1241,0.0,-0.0008333472224535399,0.5933924254633416,0.0
93828,21.80953015883598,0.5930701047542305,560,681,1241,-0.0008058017727639033,-0.0008333472224535399,0.5933118452860652,-8.058017727639034e-05
93829,21.808696811613526,0.5930701047542305,560,681,1241,0.0,-0.0008333472224535399,0.5932312651087888,-8.058017727639034e-05
93830,21.807863464391072,0.5930701047542305,560,681,1241,0.0,-0.0008333472224535399,0.5932312651087888,0.0
93831,21.80703011716862,0.5922643029814666,560,681,1241,-0.0008058017727639033,-0.0008333472224535399,0.5931506849315124,-8.058017727639034e-05
93832,21.806196769946165,0.5914585012087027,560,681,1241,-0.0008058017727639033,-0.0008333472224535399,0.5929895245769596,-0.00016116035455278067
93833,21.805363422723712,0.5922643029814666,560,681,1241,0.0008058017727639033,-0.0008333472224535399,0.5929089443996832,-8.058017727639034e-05
93834,21.80453007550126,0.5922643029814666,560,681,1241,0.0,-0.0008333472224535399,0.5928283642224069,-8.058017727639034e-05
93835,21.803696728278805,0.5922643029814666,560,681,1241,0.0,-0.0008333472224535399,0.5927477840451305,-8.058017727639034e-05
93836,21.80286338105635,0.5914585012087027,560,681,1241,-0.0008058017727639033,-0.0008333472224535399,0.5925060435133014,-0.00024174053182917098
93837,21.802030033833898,0.5914585012087027,560,681,1241,0.0,-0.0008333472224535399,0.5922643029814721,-0.00024174053182917098
93838,21.80119668661144,0.5906526994359388,560,681,1241,-0.0008058017727639033,-0.0008333472224570926,0.592022562449643,-0.00024174053182917098
93839,21.800363339388987,0.5906526994359388,560,681,1241,0.0,-0.0008333472224535399,0.5917808219178139,-0.00024174053182917098
93840,21.799529992166534,0.5906526994359388,560,681,1241,0.0,-0.0008333472224535399,0.5915390813859848,-0.00024174053182917098
93841,21.79869664494408,0.5922643029814666,560,681,1241,0.0016116035455278066,-0.0008333472224535399,0.5915390813859848,0.0
93842,21.797863297721626,0.5922643029814666,560,681,1241,0.0,-0.0008333472224535399,0.5916196615632612,8.058017727639034e-05
93843,21.797029950499173,0.5922643029814666,560,681,1241,0.0,-0.0008333472224535399,0.5916196615632612,0.0
93844,21.79619660327672,0.5914585012087027,560,681,1241,-0.0008058017727639033,-0.0008333472224535399,0.5915390813859848,-8.058017727639034e-05
93845,21.795363256054266,0.5922643029814666,560,681,1241,0.0008058017727639033,-0.0008333472224535399,0.5915390813859848,0.0
93846,21.794529908831812,0.5906526994359388,560,681,1241,-0.0016116035455278066,-0.0008333472224535399,0.5914585012087084,-8.058017727639034e-05
93847,21.79369656160936,0.5898468976631749,560,681,1241,-0.0008058017727639033,-0.0008333472224535399,0.5912973408541556,-0.00016116035455278067
93848,21.792863214386905,0.5898468976631749,560,681,1241,0.0,-0.0008333472224535399,0.5912167606768792,-8.058017727639034e-05
93849,21.79202986716445,0.5914585012087027,560,681,1241,0.0016116035455278066,-0.0008333472224535399,0.5912973408541555,8.058017727639034e-05
93850,21.791196519941998,0.5914585012087027,560,681,1241,0.0,-0.0008333472224535399,0.5913779210314318,8.058017727639034e-05
93851,21.790363172719545,0.5914585012087027,560,681,1241,0.0,-0.0008333472224535399,0.5912973408541554,-8.058017727639034e-05
93852,21.78952982549709,0.5914585012087027,560,681,1241,0.0,-0.0008333472224535399,0.591216760676879,-8.058017727639034e-05
93853,21.788696478274638,0.5914585012087027,560,681,1241,0.0,-0.0008333472224535399,0.5911361804996026,-8.058017727639034e-05
93854,21.787863131052184,0.5906526994359388,560,681,1241,-0.0008058017727639033,-0.0008333472224535399,0.5910556003223262,-8.058017727639034e-05
93855,21.78702978382973,0.5906526994359388,560,681,1241,0.0,-0.0008333472224535399,0.5908944399677735,-0.00016116035455278067
93856,21.786196436607277,0.5914585012087027,560,681,1241,0.0008058017727639033,-0.0008333472224535399,0.5909750201450498,8.058017727639034e-05
93857,21.785363089384823,0.5922643029814666,560,681,1241,0.0008058017727639033,-0.0008333472224535399,0.591216760676879,0.00024174053182917098
93858,21.78452974216237,0.5922643029814666,560,681,1241,0.0,-0.0008333472224535399,0.5914585012087082,0.00024174053182917098
93859,21.783696394939913,0.5922643029814666,560,681,1241,0.0,-0.0008333472224570926,0.5915390813859847,8.058017727639034e-05
93860,21.78286304771746,0.5922643029814666,560,681,1241,0.0,-0.0008333472224535399,0.5916196615632611,8.058017727639034e-05
93861,21.782029700495006,0.5914585012087027,560,681,1241,-0.0008058017727639033,-0.0008333472224535399,0.5916196615632611,0.0
93862,21.781196353272552,0.5906526994359388,560,681,1241,-0.0008058017727639033,-0.0008333472224535399,0.5915390813859848,-8.058017727639034e-05
93863,21.7803630060501,0.5906526994359388,560,681,1241,0.0,-0.0008333472224535399,0.5914585012087084,-8.058017727639034e-05
93864,21.779529658827645,0.589041095890411,560,681,1241,-0.0016116035455278066,-0.0008333472224535399,0.5912973408541556,-0.00016116035455278067
93865,21.77869631160519,0.5898468976631749,560,681,1241,0.0008058017727639033,-0.0008333472224535399,0.5912167606768792,-8.058017727639034e-05
93866,21.777862964382738,0.5898468976631749,560,681,1241,0.0,-0.0008333472224535399,0.5910556003223264,-0.00016116035455278067
93867,21.777029617160284,0.5898468976631749,560,681,1241,0.0,-0.0008333472224535399,0.5908138597904972,-0.00024174053182917098
93868,21.77619626993783,0.589041095890411,560,681,1241,-0.0008058017727639033,-0.0008333472224535399,0.5904915390813916,-0.00032232070910556134
93869,21.775362922715377,0.5882352941176471,560,681,1241,-0.0008058017727639033,-0.0008333472224535399,0.5900886381950097,-0.00040290088638195165
93870,21.774529575492924,0.5882352941176471,560,681,1241,0.0,-0.0008333472224535399,0.5896857373086276,-0.00040290088638195165
93871,21.77369622827047,0.5882352941176471,560,681,1241,0.0,-0.0008333472224535399,0.5893634165995221,-0.00032232070910556134
93872,21.772862881048017,0.589041095890411,560,681,1241,0.0008058017727639033,-0.0008333472224535399,0.5892022562449692,-0.00016116035455278067
93873,21.772029533825563,0.589041095890411,560,681,1241,0.0,-0.0008333472224535399,0.5890410958904165,-0.00016116035455278067
93874,21.77119618660311,0.589041095890411,560,681,1241,0.0,-0.0008333472224535399,0.5890410958904165,0.0
93875,21.770362839380656,0.589041095890411,560,681,1241,0.0,-0.0008333472224535399,0.5889605157131401,-8.058017727639034e-05
93876,21.769529492158203,0.589041095890411,560,681,1241,0.0,-0.0008333472224535399,0.5888799355358638,-8.058017727639034e-05
93877,21.76869614493575,0.589041095890411,560,681,1241,0.0,-0.0008333472224535399,0.5887993553585875,-8.058017727639034e-05
93878,21.767862797713295,0.589041095890411,560,681,1241,0.0,-0.0008333472224535399,0.5887993553585875,0.0
93879,21.767029450490842,0.589041095890411,560,681,1241,0.0,-0.0008333472224535399,0.5888799355358639,8.058017727639034e-05
93880,21.76619610326839,0.589041095890411,560,681,1241,0.0,-0.0008333472224535399,0.5889605157131403,8.058017727639034e-05
93881,21.76536275604593,0.589041095890411,560,681,1241,0.0,-0.0008333472224570926,0.5890410958904168,8.058017727639034e-05
93882,21.764529408823478,0.589041095890411,560,681,1241,0.0,-0.0008333472224535399,0.5890410958904168,0.0
93883,21.763696061601024,0.589041095890411,560,681,1241,0.0,-0.0008333472224535399,0.5890410958904168,0.0
93884,21.76286271437857,0.589041095890411,560,681,1241,0.0,-0.0008333472224535399,0.5890410958904168,0.0
93885,21.762029367156117,0.589041095890411,560,681,1241,0.0,-0.0008333472224535399,0.5890410958904168,0.0
93886,21.761196019933664,0.589041095890411,560,681,1241,0.0,-0.0008333472224535399,0.5890410958904168,0.0
93887,21.76036267271121,0.5898468976631749,560,681,1241,0.0008058017727639033,-0.0008333472224535399,0.5891216760676932,8.058017727639034e-05
93888,21.759529325488757,0.5898468976631749,560,681,1241,0.0,-0.0008333472224535399,0.5892022562449695,8.058017727639034e-05
93889,21.758695978266303,0.5906526994359388,560,681,1241,0.0008058017727639033,-0.0008333472224535399,0.5893634165995223,0.00016116035455278067
93890,21.75786263104385,0.5906526994359388,560,681,1241,0.0,-0.0008333472224535399,0.589524576954075,0.00016116035455278067
93891,21.757029283821396,0.5898468976631749,560,681,1241,-0.0008058017727639033,-0.0008333472224535399,0.5896051571313514,8.058017727639034e-05
93892,21.756195936598942,0.5906526994359388,560,681,1241,0.0008058017727639033,-0.0008333472224535399,0.5897663174859041,0.00016116035455278067
93893,21.75536258937649,0.5914585012087027,560,681,1241,0.0008058017727639033,-0.0008333472224535399,0.5900080580177333,0.00024174053182917098
93894,21.754529242154035,0.5922643029814666,560,681,1241,0.0008058017727639033,-0.0008333472224535399,0.5903303787268388,0.00032232070910556134
93895,21.75369589493158,0.5914585012087027,560,681,1241,-0.0008058017727639033,-0.0008333472224535399,0.5905721192586679,0.00024174053182917098
93896,21.752862547709128,0.5914585012087027,560,681,1241,0.0,-0.0008333472224535399,0.590813859790497,0.00024174053182917098
93897,21.752029200486675,0.5922643029814666,560,681,1241,0.0008058017727639033,-0.0008333472224535399,0.5910556003223263,0.00024174053182917098
93898,21.75119585326422,0.5946817082997583,560,681,1241,0.00241740531829171,-0.0008333472224535399,0.5915390813859847,0.00048348106365834196
93899,21.750362506041768,0.5946817082997583,560,681,1241,0.0,-0.0008333472224535399,0.5919419822723666,0.00040290088638195165
93900,21.749529158819314,0.5946817082997583,560,681,1241,0.0,-0.0008333472224535399,0.5923448831587484,0.00040290088638195165
93901,21.74869581159686,0.5946817082997583,560,681,1241,0.0,-0.0008333472224535399,0.5928283642224068,0.00048348106365834196
93902,21.747862464374403,0.5954875100725222,560,681,1241,0.0008058017727639033,-0.0008333472224570926,0.5933118452860652,0.00048348106365834196
93903,21.74702911715195,0.5962933118452861,560,681,1241,0.0008058017727639033,-0.0008333472224535399,0.5937953263497235,0.00048348106365834196
93904,21.746195769929496,0.5962933118452861,560,681,1241,0.0,-0.0008333472224535399,0.5941982272361054,0.00040290088638195165
93905,21.745362422707043,0.59709911361805,560,681,1241,0.0008058017727639033,-0.0008333472224535399,0.5947622884770402,0.0005640612409347323
93906,21.74452907548459,0.59709911361805,560,681,1241,0.0,-0.0008333472224535399,0.5953263497179749,0.0005640612409347323
93907,21.743695728262136,0.5962933118452861,560,681,1241,-0.0008058017727639033,-0.0008333472224535399,0.5957292506043569,0.00040290088638195165
93908,21.742862381039682,0.5962933118452861,560,681,1241,0.0,-0.0008333472224535399,0.5958904109589096,0.00016116035455278067
93909,21.74202903381723,0.5962933118452861,560,681,1241,0.0,-0.0008333472224535399,0.5960515713134624,0.00016116035455278067
93910,21.741195686594775,0.5954875100725222,560,681,1241,-0.0008058017727639033,-0.0008333472224535399,0.5961321514907388,8.058017727639034e-05
93911,21.74036233937232,0.5954875100725222,560,681,1241,0.0,-0.0008333472224535399,0.5962127316680153,8.058017727639034e-05
93912,21.739528992149868,0.5938759065269944,560,681,1241,-0.0016116035455278066,-0.0008333472224535399,0.5960515713134625,-0.00016116035455278067
93913,21.738695644927414,0.5946817082997583,560,681,1241,0.0008058017727639033,-0.0008333472224535399,0.5958904109589097,-0.00016116035455278067
93914,21.73786229770496,0.5946817082997583,560,681,1241,0.0,-0.0008333472224535399,0.595729250604357,-0.00016116035455278067
93915,21.737028950482507,0.5938759065269944,560,681,1241,-0.0008058017727639033,-0.0008333472224535399,0.5954069298952513,-0.00032232070910556134
93916,21.736195603260054,0.5930701047542305,560,681,1241,-0.0008058017727639033,-0.0008333472224535399,0.5950040290088694,-0.00040290088638195165
93917,21.7353622560376,0.5930701047542305,560,681,1241,0.0,-0.0008333472224535399,0.5946817082997639,-0.00032232070910556134
93918,21.734528908815147,0.5930701047542305,560,681,1241,0.0,-0.0008333472224535399,0.5943593875906583,-0.00032232070910556134
93919,21.733695561592693,0.5930701047542305,560,681,1241,0.0,-0.0008333472224535399,0.5940370668815527,-0.00032232070910556134
93920,21.73286221437024,0.5930701047542305,560,681,1241,0.0,-0.0008333472224535399,0.5937953263497235,-0.00024174053182917098
93921,21.732028867147786,0.5930701047542305,560,681,1241,0.0,-0.0008333472224535399,0.5935535858178943,-0.00024174053182917098
93922,21.731195519925333,0.5946817082997583,560,681,1241,0.0016116035455278066,-0.0008333472224535399,0.5936341659951706,8.058017727639034e-05
93923,21.730362172702876,0.5946817082997583,560,681,1241,0.0,-0.0008333472224570926,0.5936341659951706,0.0
93924,21.729528825480422,0.5954875100725222,560,681,1241,0.0008058017727639033,-0.0008333472224535399,0.593714746172447,8.058017727639034e-05
93925,21.72869547825797,0.5946817082997583,560,681,1241,-0.0008058017727639033,-0.0008333472224535399,0.5937953263497234,8.058017727639034e-05
93926,21.727862131035515,0.5962933118452861,560,681,1241,0.0016116035455278066,-0.0008333472224535399,0.594117647058829,0.00032232070910556134
93927,21.72702878381306,0.5954875100725222,560,681,1241,-0.0008058017727639033,-0.0008333472224535399,0.5943593875906582,0.00024174053182917098
93928,21.726195436590608,0.5954875100725222,560,681,1241,0.0,-0.0008333472224535399,0.5946011281224874,0.00024174053182917098
93929,21.725362089368154,0.5954875100725222,560,681,1241,0.0,-0.0008333472224535399,0.5948428686543166,0.00024174053182917098
93930,21.7245287421457,0.5954875100725222,560,681,1241,0.0,-0.0008333472224535399,0.5950846091861458,0.00024174053182917098
93931,21.723695394923247,0.5946817082997583,560,681,1241,-0.0008058017727639033,-0.0008333472224535399,0.5952457695406986,0.00016116035455278067
93932,21.722862047700794,0.5946817082997583,560,681,1241,0.0,-0.0008333472224535399,0.5952457695406986,0.0
93933,21.72202870047834,0.5954875100725222,560,681,1241,0.0008058017727639033,-0.0008333472224535399,0.595326349717975,8.058017727639034e-05
93934,21.721195353255887,0.5979049153908138,560,681,1241,0.002417405318291599,-0.0008333472224535399,0.5955680902498042,0.0002417405318291599
93935,21.720362006033433,0.5979049153908138,560,681,1241,0.0,-0.0008333472224535399,0.5958904109589097,0.00032232070910555023
93936,21.71952865881098,0.5979049153908138,560,681,1241,0.0,-0.0008333472224535399,0.5960515713134625,0.00016116035455276956
93937,21.718695311588526,0.5987107171635777,560,681,1241,0.0008058017727639033,-0.0008333472224535399,0.5963738920225681,0.00032232070910555023
93938,21.717861964366072,0.5987107171635777,560,681,1241,0.0,-0.0008333472224535399,0.5966962127316736,0.00032232070910555023
93939,21.71702861714362,0.5987107171635777,560,681,1241,0.0,-0.0008333472224535399,0.5970185334407792,0.00032232070910555023
93940,21.716195269921165,0.5987107171635777,560,681,1241,0.0,-0.0008333472224535399,0.5973408541498848,0.00032232070910555023
93941,21.715361922698712,0.5995165189363416,560,681,1241,0.0008058017727639033,-0.0008333472224535399,0.5978243352135431,0.0004834810636583309
93942,21.71452857547626,0.5995165189363416,560,681,1241,0.0,-0.0008333472224535399,0.5983078162772014,0.0004834810636583309
93943,21.713695228253805,0.59709911361805,560,681,1241,-0.002417405318291599,-0.0008333472224535399,0.5984689766317542,0.00016116035455278067
93944,21.712861881031348,0.59709911361805,560,681,1241,0.0,-0.0008333472224570926,0.5983883964544778,-8.058017727637922e-05
93945,21.712028533808894,0.5962933118452861,560,681,1241,-0.0008058017727639033,-0.0008333472224535399,0.5982272360999251,-0.00016116035455276956
93946,21.71119518658644,0.59709911361805,560,681,1241,0.0008058017727639033,-0.0008333472224535399,0.5981466559226487,-8.058017727637922e-05
93947,21.710361839363987,0.59709911361805,560,681,1241,0.0,-0.0008333472224535399,0.597985495568096,-0.00016116035455276956
93948,21.709528492141533,0.5979049153908138,560,681,1241,0.0008058017727637923,-0.0008333472224535399,0.5979049153908196,-8.058017727639034e-05
93949,21.70869514491908,0.5987107171635777,560,681,1241,0.0008058017727639033,-0.0008333472224535399,0.5979049153908196,0.0
93950,21.707861797696626,0.5995165189363416,560,681,1241,0.0008058017727639033,-0.0008333472224535399,0.5979854955680959,8.058017727639034e-05
93951,21.707028450474173,0.5995165189363416,560,681,1241,0.0,-0.0008333472224535399,0.5979854955680959,0.0
93952,21.70619510325172,0.5995165189363416,560,681,1241,0.0,-0.0008333472224535399,0.5979854955680959,0.0
93953,21.705361756029266,0.5995165189363416,560,681,1241,0.0,-0.0008333472224535399,0.598227236099925,0.0002417405318291599
93954,21.704528408806812,0.5995165189363416,560,681,1241,0.0,-0.0008333472224535399,0.5984689766317541,0.0002417405318291599
93955,21.70369506158436,0.5995165189363416,560,681,1241,0.0,-0.0008333472224535399,0.5987912973408597,0.00032232070910555023
93956,21.702861714361905,0.6011281224818694,560,681,1241,0.0016116035455278066,-0.0008333472224535399,0.5991941982272416,0.00040290088638194054
93957,21.70202836713945,0.6019339242546333,560,681,1241,0.0008058017727639033,-0.0008333472224535399,0.5996776792909,0.0004834810636583309
93958,21.701195019916998,0.6035455278001611,560,681,1241,0.0016116035455278066,-0.0008333472224535399,0.6002417405318348,0.0005640612409347323
93959,21.700361672694545,0.6035455278001611,560,681,1241,0.0,-0.0008333472224535399,0.600725221595493,0.00048348106365834196
93960,21.69952832547209,0.6027397260273972,560,681,1241,-0.0008058017727639033,-0.0008333472224535399,0.6010475423045987,0.00032232070910556134
93961,21.698694978249637,0.6035455278001611,560,681,1241,0.0008058017727639033,-0.0008333472224535399,0.6014504431909806,0.00040290088638195165
93962,21.697861631027184,0.604351329572925,560,681,1241,0.0008058017727639033,-0.0008333472224535399,0.601933924254639,0.00048348106365834196
93963,21.69702828380473,0.604351329572925,560,681,1241,0.0,-0.0008333472224535399,0.6024174053182973,0.00048348106365834196
93964,21.696194936582277,0.604351329572925,560,681,1241,0.0,-0.0008333472224535399,0.6029008863819556,0.00048348106365834196
93965,21.69536158935982,0.6035455278001611,560,681,1241,-0.0008058017727639033,-0.0008333472224570926,0.6033037872683377,0.00040290088638195165
93966,21.694528242137366,0.6027397260273972,560,681,1241,-0.0008058017727639033,-0.0008333472224535399,0.6034649476228904,0.00016116035455278067
93967,21.693694894914913,0.6019339242546333,560,681,1241,-0.0008058017727639033,-0.0008333472224535399,0.6034649476228904,0.0
93968,21.69286154769246,0.6019339242546333,560,681,1241,0.0,-0.0008333472224535399,0.6033037872683377,-0.00016116035455278067
93969,21.692028200470006,0.6019339242546333,560,681,1241,0.0,-0.0008333472224535399,0.6031426269137848,-0.00016116035455278067
93970,21.691194853247552,0.6019339242546333,560,681,1241,0.0,-0.0008333472224535399,0.6030620467365085,-8.058017727639034e-05
93971,21.6903615060251,0.6035455278001611,560,681,1241,0.0016116035455278066,-0.0008333472224535399,0.6030620467365085,0.0
93972,21.689528158802645,0.6019339242546333,560,681,1241,-0.0016116035455278066,-0.0008333472224535399,0.6028203062046794,-0.00024174053182917098
93973,21.68869481158019,0.6035455278001611,560,681,1241,0.0016116035455278066,-0.0008333472224535399,0.602739726027403,-8.058017727639034e-05
93974,21.687861464357738,0.6019339242546333,560,681,1241,-0.0016116035455278066,-0.0008333472224535399,0.6024979854955739,-0.00024174053182917098
93975,21.687028117135284,0.6027397260273972,560,681,1241,0.0008058017727639033,-0.0008333472224535399,0.6024174053182975,-8.058017727639034e-05
93976,21.68619476991283,0.6027397260273972,560,681,1241,0.0,-0.0008333472224535399,0.6024174053182975,0.0
93977,21.685361422690377,0.6027397260273972,560,681,1241,0.0,-0.0008333472224535399,0.6024979854955739,8.058017727639034e-05
93978,21.684528075467924,0.6019339242546333,560,681,1241,-0.0008058017727639033,-0.0008333472224535399,0.6024979854955739,0.0
93979,21.68369472824547,0.6019339242546333,560,681,1241,0.0,-0.0008333472224535399,0.6024979854955739,0.0
93980,21.682861381023017,0.6019339242546333,560,681,1241,0.0,-0.0008333472224535399,0.6024979854955739,0.0
93981,21.682028033800563,0.6019339242546333,560,681,1241,0.0,-0.0008333472224535399,0.602336825141021,-0.00016116035455278067
93982,21.68119468657811,0.6011281224818694,560,681,1241,-0.0008058017727639033,-0.0008333472224535399,0.6022562449637446,-8.058017727639034e-05
93983,21.680361339355656,0.6003223207091055,560,681,1241,-0.0008058017727639033,-0.0008333472224535399,0.6019339242546391,-0.00032232070910556134
93984,21.679527992133202,0.6003223207091055,560,681,1241,0.0,-0.0008333472224535399,0.6017727639000863,-0.00016116035455278067
93985,21.67869464491075,0.6003223207091055,560,681,1241,0.0,-0.0008333472224535399,0.6015310233682571,-0.00024174053182917098
93986,21.677861297688292,0.5995165189363416,560,681,1241,-0.0008058017727639033,-0.0008333472224570926,0.6012087026591516,-0.00032232070910556134
93987,21.67702795046584,0.5995165189363416,560,681,1241,0.0,-0.0008333472224535399,0.6008863819500461,-0.00032232070910556134
93988,21.676194603243385,0.5995165189363416,560,681,1241,0.0,-0.0008333472224535399,0.6006446414182168,-0.00024174053182917098
93989,21.67536125602093,0.5995165189363416,560,681,1241,0.0,-0.0008333472224535399,0.6004029008863876,-0.00024174053182917098
93990,21.674527908798478,0.6003223207091055,560,681,1241,0.0008058017727639033,-0.0008333472224535399,0.6002417405318348,-0.00016116035455278067
93991,21.673694561576024,0.6003223207091055,560,681,1241,0.0,-0.0008333472224535399,0.600080580177282,-0.00016116035455278067
93992,21.67286121435357,0.6003223207091055,560,681,1241,0.0,-0.0008333472224535399,0.6000000000000056,-8.058017727639034e-05
93993,21.672027867131117,0.6011281224818694,560,681,1241,0.0008058017727639033,-0.0008333472224535399,0.600080580177282,8.058017727639034e-05
93994,21.671194519908664,0.6011281224818694,560,681,1241,0.0,-0.0008333472224535399,0.6001611603545584,8.058017727639034e-05
93995,21.67036117268621,0.6011281224818694,560,681,1241,0.0,-0.0008333472224535399,0.6002417405318348,8.058017727639034e-05
93996,21.669527825463756,0.6019339242546333,560,681,1241,0.0008058017727639033,-0.0008333472224535399,0.6004834810636639,0.00024174053182917098
93997,21.668694478241303,0.6027397260273972,560,681,1241,0.0008058017727639033,-0.0008333472224535399,0.6008058017727695,0.00032232070910556134
93998,21.66786113101885,0.6027397260273972,560,681,1241,0.0,-0.0008333472224535399,0.6011281224818751,0.00032232070910556134
93999,21.667027783796396,0.604351329572925,560,681,1241,0.0016116035455278066,-0.0008333472224535399,0.6016116035455334,0.00048348106365834196
94000,21.666194436573942,0.6051571313456889,560,681,1241,0.0008058017727639033,-0.0008333472224535399,0.6020950846091917,0.00048348106365834196
94001,21.66536108935149,0.6051571313456889,560,681,1241,0.0,-0.0008333472224535399,0.6025785656728501,0.00048348106365834196
94002,21.664527742129035,0.6067687348912167,560,681,1241,0.0016116035455278066,-0.0008333472224535399,0.6032232070910613,0.0006446414182111227
94003,21.66369439490658,0.6075745366639806,560,681,1241,0.0008058017727639033,-0.0008333472224535399,0.6038678485092723,0.0006446414182111227
94004,21.662861047684128,0.6075745366639806,560,681,1241,0.0,-0.0008333472224535399,0.6045124899274834,0.0006446414182111227
94005,21.662027700461675,0.6067687348912167,560,681,1241,-0.0008058017727639033,-0.0008333472224535399,0.6050765511684182,0.0005640612409347323
94006,21.66119435323922,0.6059629331184528,560,681,1241,-0.0008058017727639033,-0.0008333472224535399,0.6054794520548001,0.00040290088638195165
94007,21.660361006016768,0.6059629331184528,560,681,1241,0.0,-0.0008333472224535399,0.6058017727639057,0.00032232070910556134
94008,21.65952765879431,0.6067687348912167,560,681,1241,0.0008058017727639033,-0.0008333472224570926,0.6062046736502877,0.00040290088638195165
94009,21.658694311571857,0.6067687348912167,560,681,1241,0.0,-0.0008333472224535399,0.6064464141821169,0.00024174053182917098
94010,21.657860964349403,0.6067687348912167,560,681,1241,0.0,-0.0008333472224535399,0.6066075745366697,0.00016116035455278067
94011,21.65702761712695,0.6083803384367445,560,681,1241,0.0016116035455278066,-0.0008333472224535399,0.6069298952457752,0.00032232070910556134
94012,21.656194269904496,0.6075745366639806,560,681,1241,-0.0008058017727639033,-0.0008333472224535399,0.6070104754230516,8.058017727639034e-05
94013,21.655360922682043,0.6059629331184528,560,681,1241,-0.0016116035455278066,-0.0008333472224535399,0.6068493150684988,-0.00016116035455278067
94014,21.65452757545959,0.6059629331184528,560,681,1241,0.0,-0.0008333472224535399,0.606688154713946,-0.00016116035455278067
94015,21.653694228237136,0.6067687348912167,560,681,1241,0.0008058017727639033,-0.0008333472224535399,0.606688154713946,0.0
94016,21.652860881014682,0.6059629331184528,560,681,1241,-0.0008058017727639033,-0.0008333472224535399,0.606688154713946,0.0
94017,21.65202753379223,0.6059629331184528,560,681,1241,0.0,-0.0008333472224535399,0.606688154713946,0.0
94018,21.651194186569775,0.6059629331184528,560,681,1241,0.0,-0.0008333472224535399,0.6066075745366696,-8.058017727639034e-05
94019,21.65036083934732,0.6059629331184528,560,681,1241,0.0,-0.0008333472224535399,0.6065269943593932,-8.058017727639034e-05
94020,21.649527492124868,0.6075745366639806,560,681,1241,0.0016116035455278066,-0.0008333472224535399,0.6066075745366695,8.058017727639034e-05
94021,21.648694144902414,0.6091861402095085,560,681,1241,0.0016116035455278066,-0.0008333472224535399,0.6066881547139459,8.058017727639034e-05
94022,21.64786079767996,0.6099919419822724,560,681,1241,0.0008058017727639033,-0.0008333472224535399,0.6069298952457751,0.00024174053182917098
94023,21.647027450457507,0.6099919419822724,560,681,1241,0.0,-0.0008333472224535399,0.6073327961321571,0.00040290088638195165
94024,21.646194103235054,0.6099919419822724,560,681,1241,0.0,-0.0008333472224535399,0.607735697018539,0.00040290088638195165
94025,21.6453607560126,0.6099919419822724,560,681,1241,0.0,-0.0008333472224535399,0.6080580177276447,0.00032232070910556134
94026,21.644527408790147,0.6099919419822724,560,681,1241,0.0,-0.0008333472224535399,0.6084609186140266,0.00040290088638195165
94027,21.643694061567693,0.6107977437550363,560,681,1241,0.0008058017727639033,-0.0008333472224535399,0.608944399677685,0.00048348106365834196
94028,21.64286071434524,0.6116035455278002,560,681,1241,0.0008058017727639033,-0.0008333472224535399,0.6095084609186198,0.0005640612409347323
94029,21.642027367122783,0.6091861402095085,560,681,1241,-0.00241740531829171,-0.0008333472224570926,0.6098307816277253,0.00032232070910556134
94030,21.64119401990033,0.6083803384367445,560,681,1241,-0.0008058017727639033,-0.0008333472224535399,0.6099113618050017,8.058017727639034e-05
94031,21.640360672677875,0.6075745366639806,560,681,1241,-0.0008058017727639033,-0.0008333472224535399,0.609750201450449,-0.00016116035455278067
94032,21.639527325455422,0.6083803384367445,560,681,1241,0.0008058017727639033,-0.0008333472224535399,0.6095890410958962,-0.00016116035455278067
94033,21.63869397823297,0.6083803384367445,560,681,1241,0.0,-0.0008333472224535399,0.6094278807413434,-0.00016116035455278067
94034,21.637860631010515,0.6083803384367445,560,681,1241,0.0,-0.0008333472224535399,0.6092667203867906,-0.00016116035455278067
94035,21.63702728378806,0.6083803384367445,560,681,1241,0.0,-0.0008333472224535399,0.6091055600322378,-0.00016116035455278067
94036,21.636193936565608,0.6091861402095085,560,681,1241,0.0008058017727639033,-0.0008333472224535399,0.6090249798549614,-8.058017727639034e-05
94037,21.635360589343154,0.6091861402095085,560,681,1241,0.0,-0.0008333472224535399,0.6088638195004086,-0.00016116035455278067
94038,21.6345272421207,0.6083803384367445,560,681,1241,-0.0008058017727639033,-0.0008333472224535399,0.608541498791303,-0.00032232070910556134
94039,21.633693894898247,0.6116035455278002,560,681,1241,0.003223207091055613,-0.0008333472224535399,0.6087832393231323,0.00024174053182917098
94040,21.632860547675794,0.6116035455278002,560,681,1241,0.0,-0.0008333472224535399,0.6091055600322378,0.00032232070910556134
94041,21.63202720045334,0.6124093473005641,560,681,1241,0.0008058017727639033,-0.0008333472224535399,0.6095890410958962,0.00048348106365834196
94042,21.631193853230887,0.6116035455278002,560,681,1241,-0.0008058017727639033,-0.0008333472224535399,0.6099113618050017,0.00032232070910556134
94043,21.630360506008433,0.6116035455278002,560,681,1241,0.0,-0.0008333472224535399,0.6102336825141073,0.00032232070910556134
94044,21.62952715878598,0.6099919419822724,560,681,1241,-0.0016116035455278066,-0.0008333472224535399,0.6103948428686601,0.00016116035455278067
94045,21.628693811563526,0.6107977437550363,560,681,1241,0.0008058017727639033,-0.0008333472224535399,0.6106365834004892,0.00024174053182917098
94046,21.627860464341072,0.6099919419822724,560,681,1241,-0.0008058017727639033,-0.0008333472224535399,0.6107171635777656,8.058017727639034e-05
94047,21.62702711711862,0.6107977437550363,560,681,1241,0.0008058017727639033,-0.0008333472224535399,0.6108783239323184,0.00016116035455278067
94048,21.626193769896165,0.6107977437550363,560,681,1241,0.0,-0.0008333472224535399,0.6111200644641476,0.00024174053182917098
94049,21.62536042267371,0.6107977437550363,560,681,1241,0.0,-0.0008333472224535399,0.6110394842868712,-8.058017727639034e-05
94050,21.624527075451255,0.6099919419822724,560,681,1241,-0.0008058017727639033,-0.0008333472224570926,0.6108783239323183,-0.00016116035455278067
94051,21.6236937282288,0.6099919419822724,560,681,1241,0.0,-0.0008333472224535399,0.6106365834004892,-0.00024174053182917098
94052,21.622860381006348,0.6091861402095085,560,681,1241,-0.0008058017727639033,-0.0008333472224535399,0.61039484286866,-0.00024174053182917098
94053,21.622027033783894,0.6083803384367445,560,681,1241,-0.0008058017727639033,-0.0008333472224535399,0.6100725221595544,-0.00032232070910556134
94054,21.62119368656144,0.6091861402095085,560,681,1241,0.0008058017727639033,-0.0008333472224535399,0.609991941982278,-8.058017727639034e-05
94055,21.620360339338987,0.6099919419822724,560,681,1241,0.0008058017727639033,-0.0008333472224535399,0.6099113618050016,-8.058017727639034e-05
94056,21.619526992116533,0.6107977437550363,560,681,1241,0.0008058017727639033,-0.0008333472224535399,0.609991941982278,8.058017727639034e-05
94057,21.61869364489408,0.6099919419822724,560,681,1241,-0.0008058017727639033,-0.0008333472224535399,0.6099113618050016,-8.058017727639034e-05
94058,21.617860297671626,0.6099919419822724,560,681,1241,0.0,-0.0008333472224535399,0.6098307816277253,-8.058017727639034e-05
94059,21.617026950449173,0.6107977437550363,560,681,1241,0.0008058017727639033,-0.0008333472224535399,0.6098307816277253,0.0
94060,21.61619360322672,0.6124093473005641,560,681,1241,0.0016116035455278066,-0.0008333472224535399,0.6100725221595544,0.00024174053182917098
94061,21.615360256004266,0.6116035455278002,560,681,1241,-0.0008058017727639033,-0.0008333472224535399,0.6102336825141073,0.00016116035455278067
94062,21.614526908781812,0.6124093473005641,560,681,1241,0.0008058017727639033,-0.0008333472224535399,0.6105560032232128,0.00032232070910556134
94063,21.61369356155936,0.6124093473005641,560,681,1241,0.0,-0.0008333472224535399,0.6109589041095946,0.00040290088638195165
94064,21.612860214336905,0.6124093473005641,560,681,1241,0.0,-0.0008333472224535399,0.6112812248187003,0.00032232070910556134
94065,21.61202686711445,0.6107977437550363,560,681,1241,-0.0016116035455278066,-0.0008333472224535399,0.6113618049959766,8.058017727639034e-05
94066,21.611193519891998,0.6099919419822724,560,681,1241,-0.0008058017727639033,-0.0008333472224535399,0.6112812248187003,-8.058017727639034e-05
94067,21.610360172669544,0.6099919419822724,560,681,1241,0.0,-0.0008333472224535399,0.6112812248187003,0.0
94068,21.60952682544709,0.6099919419822724,560,681,1241,0.0,-0.0008333472224535399,0.6112812248187003,0.0
94069,21.608693478224637,0.6099919419822724,560,681,1241,0.0,-0.0008333472224535399,0.6112006446414239,-8.058017727639034e-05
94070,21.607860131002184,0.6099919419822724,560,681,1241,0.0,-0.0008333472224535399,0.6109589041095947,-0.00024174053182917098
94071,21.607026783779727,0.6091861402095085,560,681,1241,-0.0008058017727639033,-0.0008333472224570926,0.6107171635777655,-0.00024174053182917098
94072,21.606193436557273,0.6091861402095085,560,681,1241,0.0,-0.0008333472224535399,0.61039484286866,-0.00032232070910556134
94073,21.60536008933482,0.6099919419822724,560,681,1241,0.0008058017727639033,-0.0008333472224535399,0.6101531023368308,-0.00024174053182917098
94074,21.604526742112366,0.6091861402095085,560,681,1241,-0.0008058017727639033,-0.0008333472224535399,0.6098307816277253,-0.00032232070910556134
94075,21.603693394889913,0.6091861402095085,560,681,1241,0.0,-0.0008333472224535399,0.6096696212731725,-0.00016116035455278067
94076,21.60286004766746,0.6083803384367445,560,681,1241,-0.0008058017727639033,-0.0008333472224535399,0.6095084609186198,-0.00016116035455278067
94077,21.602026700445006,0.6107977437550363,560,681,1241,0.00241740531829171,-0.0008333472224535399,0.6095890410958961,8.058017727639034e-05
94078,21.601193353222552,0.6116035455278002,560,681,1241,0.0008058017727639033,-0.0008333472224535399,0.6097502014504489,0.00016116035455278067
94079,21.6003600060001,0.6116035455278002,560,681,1241,0.0,-0.0008333472224535399,0.6099113618050016,0.00016116035455278067
94080,21.599526658777645,0.6116035455278002,560,681,1241,0.0,-0.0008333472224535399,0.6100725221595544,0.00016116035455278067
94081,21.59869331155519,0.6107977437550363,560,681,1241,-0.0008058017727639033,-0.0008333472224535399,0.6102336825141073,0.00016116035455278067
94082,21.597859964332738,0.6107977437550363,560,681,1241,0.0,-0.0008333472224535399,0.61039484286866,0.00016116035455278067
94083,21.597026617110284,0.6107977437550363,560,681,1241,0.0,-0.0008333472224535399,0.6104754230459364,8.058017727639034e-05
94084,21.59619326988783,0.6107977437550363,560,681,1241,0.0,-0.0008333472224535399,0.6106365834004891,0.00016116035455278067
94085,21.595359922665377,0.6099919419822724,560,681,1241,-0.0008058017727639033,-0.0008333472224535399,0.6107171635777655,8.058017727639034e-05
94086,21.594526575442924,0.6099919419822724,560,681,1241,0.0,-0.0008333472224535399,0.6108783239323183,0.00016116035455278067
94087,21.59369322822047,0.6099919419822724,560,681,1241,0.0,-0.0008333472224535399,0.610797743755042,-8.058017727639034e-05
94088,21.592859880998017,0.6099919419822724,560,681,1241,0.0,-0.0008333472224535399,0.6106365834004892,-0.00016116035455278067
94089,21.592026533775563,0.6107977437550363,560,681,1241,0.0008058017727639033,-0.0008333472224535399,0.6105560032232128,-8.058017727639034e-05
94090,21.59119318655311,0.6124093473005641,560,681,1241,0.0016116035455278066,-0.0008333472224535399,0.6106365834004891,8.058017727639034e-05
94091,21.590359839330656,0.6107977437550363,560,681,1241,-0.0016116035455278066,-0.0008333472224535399,0.6106365834004891,0.0
94092,21.5895264921082,0.6107977437550363,560,681,1241,0.0,-0.0008333472224570926,0.6106365834004891,0.0
94093,21.588693144885745,0.6107977437550363,560,681,1241,0.0,-0.0008333472224535399,0.6106365834004891,0.0
94094,21.58785979766329,0.6107977437550363,560,681,1241,0.0,-0.0008333472224535399,0.6106365834004891,0.0
94095,21.58702645044084,0.6091861402095085,560,681,1241,-0.0016116035455278066,-0.0008333472224535399,0.6105560032232127,-8.058017727639034e-05
94096,21.586193103218385,0.6099919419822724,560,681,1241,0.0008058017727639033,-0.0008333472224535399,0.6105560032232127,0.0
94097,21.58535975599593,0.6099919419822724,560,681,1241,0.0,-0.0008333472224535399,0.6105560032232127,0.0
94098,21.584526408773478,0.6107977437550363,560,681,1241,0.0008058017727639033,-0.0008333472224535399,0.610636583400489,8.058017727639034e-05
94099,21.583693061551024,0.6107977437550363,560,681,1241,0.0,-0.0008333472224535399,0.610636583400489,0.0
94100,21.58285971432857,0.6099919419822724,560,681,1241,-0.0008058017727639033,-0.0008333472224535399,0.6103948428686599,-0.00024174053182917098
94101,21.582026367106117,0.6107977437550363,560,681,1241,0.0008058017727639033,-0.0008333472224535399,0.6103948428686599,0.0
94102,21.581193019883663,0.6099919419822724,560,681,1241,-0.0008058017727639033,-0.0008333472224535399,0.6103142626913836,-8.058017727639034e-05
94103,21.58035967266121,0.6099919419822724,560,681,1241,0.0,-0.0008333472224535399,0.6102336825141073,-8.058017727639034e-05
94104,21.579526325438756,0.6099919419822724,560,681,1241,0.0,-0.0008333472224535399,0.6101531023368308,-8.058017727639034e-05
94105,21.578692978216303,0.6099919419822724,560,681,1241,0.0,-0.0008333472224535399,0.6102336825141073,8.058017727639034e-05
94106,21.57785963099385,0.6099919419822724,560,681,1241,0.0,-0.0008333472224535399,0.6102336825141073,0.0
94107,21.577026283771396,0.6091861402095085,560,681,1241,-0.0008058017727639033,-0.0008333472224535399,0.6101531023368308,-8.058017727639034e-05
94108,21.576192936548942,0.6091861402095085,560,681,1241,0.0,-0.0008333472224535399,0.6099919419822781,-0.00016116035455278067
94109,21.57535958932649,0.6083803384367445,560,681,1241,-0.0008058017727639033,-0.0008333472224535399,0.609750201450449,-0.00024174053182917098
94110,21.574526242104035,0.6075745366639806,560,681,1241,-0.0008058017727639033,-0.0008333472224535399,0.6095084609186198,-0.00024174053182917098
94111,21.57369289488158,0.6083803384367445,560,681,1241,0.0008058017727639033,-0.0008333472224535399,0.6092667203867906,-0.00024174053182917098
94112,21.572859547659128,0.6075745366639806,560,681,1241,-0.0008058017727639033,-0.0008333472224535399,0.6090249798549614,-0.00024174053182917098
94113,21.572026200436675,0.6075745366639806,560,681,1241,0.0,-0.0008333472224535399,0.6087832393231322,-0.00024174053182917098
94114,21.571192853214217,0.6083803384367445,560,681,1241,0.0008058017727639033,-0.0008333472224570926,0.6086220789685794,-0.00016116035455278067
94115,21.570359505991764,0.6091861402095085,560,681,1241,0.0008058017727639033,-0.0008333472224535399,0.6085414987913029,-8.058017727639034e-05
94116,21.56952615876931,0.6083803384367445,560,681,1241,-0.0008058017727639033,-0.0008333472224535399,0.6083803384367502,-0.00016116035455278067
94117,21.568692811546857,0.6091861402095085,560,681,1241,0.0008058017727639033,-0.0008333472224535399,0.6083803384367502,0.0
94118,21.567859464324403,0.6099919419822724,560,681,1241,0.0008058017727639033,-0.0008333472224535399,0.6084609186140266,8.058017727639034e-05
94119,21.56702611710195,0.6116035455278002,560,681,1241,0.0016116035455278066,-0.0008333472224535399,0.6087832393231322,0.00032232070910556134
94120,21.566192769879496,0.6116035455278002,560,681,1241,0.0,-0.0008333472224535399,0.6091861402095142,0.00040290088638195165
94121,21.565359422657043,0.6116035455278002,560,681,1241,0.0,-0.0008333472224535399,0.6095084609186198,0.00032232070910556134
94122,21.56452607543459,0.6099919419822724,560,681,1241,-0.0016116035455278066,-0.0008333472224535399,0.609750201450449,0.00024174053182917098
94123,21.563692728212136,0.6075745366639806,560,681,1241,-0.00241740531829171,-0.0008333472224535399,0.609750201450449,0.0
94124,21.562859380989682,0.6075745366639806,560,681,1241,0.0,-0.0008333472224535399,0.6096696212731725,-8.058017727639034e-05
94125,21.56202603376723,0.6083803384367445,560,681,1241,0.0008058017727639033,-0.0008333472224535399,0.6095890410958962,-8.058017727639034e-05
94126,21.561192686544775,0.6083803384367445,560,681,1241,0.0,-0.0008333472224535399,0.6095890410958962,0.0
94127,21.56035933932232,0.6091861402095085,560,681,1241,0.0008058017727639033,-0.0008333472224535399,0.6095890410958962,0.0
94128,21.559525992099868,0.6083803384367445,560,681,1241,-0.0008058017727639033,-0.0008333472224535399,0.6094278807413434,-0.00016116035455278067
94129,21.558692644877414,0.6083803384367445,560,681,1241,0.0,-0.0008333472224535399,0.6091055600322378,-0.00032232070910556134
94130,21.55785929765496,0.6083803384367445,560,681,1241,0.0,-0.0008333472224535399,0.6087832393231323,-0.00032232070910556134
94131,21.557025950432507,0.6083803384367445,560,681,1241,0.0,-0.0008333472224535399,0.6084609186140267,-0.00032232070910556134
94132,21.556192603210054,0.6083803384367445,560,681,1241,0.0,-0.0008333472224535399,0.6082997582594739,-0.00016116035455278067
94133,21.5553592559876,0.6075745366639806,560,681,1241,-0.0008058017727639033,-0.0008333472224535399,0.6082997582594739,0.0
94134,21.554525908765147,0.6075745366639806,560,681,1241,0.0,-0.0008333472224535399,0.6082997582594739,0.0
94135,21.55369256154269,0.6075745366639806,560,681,1241,0.0,-0.0008333472224570926,0.6082191780821975,-8.058017727639034e-05
94136,21.552859214320236,0.6083803384367445,560,681,1241,0.0008058017727639033,-0.0008333472224535399,0.6082191780821975,0.0
94137,21.552025867097782,0.6091861402095085,560,681,1241,0.0008058017727639033,-0.0008333472224535399,0.6082191780821975,0.0
94138,21.55119251987533,0.6099919419822724,560,681,1241,0.0008058017727639033,-0.0008333472224535399,0.6083803384367503,0.00016116035455278067
94139,21.550359172652875,0.6099919419822724,560,681,1241,0.0,-0.0008333472224535399,0.608541498791303,0.00016116035455278067
94140,21.549525825430422,0.6116035455278002,560,681,1241,0.0016116035455278066,-0.0008333472224535399,0.6088638195004086,0.00032232070910556134
94141,21.54869247820797,0.6116035455278002,560,681,1241,0.0,-0.0008333472224535399,0.6091861402095142,0.00032232070910556134
94142,21.547859130985515,0.6116035455278002,560,681,1241,0.0,-0.0008333472224535399,0.6095084609186198,0.00032232070910556134
94143,21.54702578376306,0.6124093473005641,560,681,1241,0.0008058017727639033,-0.0008333472224535399,0.6099919419822781,0.00048348106365834196
94144,21.546192436540608,0.6148267526188558,560,681,1241,0.00241740531829171,-0.0008333472224535399,0.6107171635777656,0.000725221595487513
94145,21.545359089318154,0.6140209508460919,560,681,1241,-0.0008058017727639033,-0.0008333472224535399,0.6113618049959768,0.0006446414182111227
94146,21.5445257420957,0.613215149073328,560,681,1241,-0.0008058017727639033,-0.0008333472224535399,0.6118452860596351,0.00048348106365834196
94147,21.543692394873247,0.6140209508460919,560,681,1241,0.0008058017727639033,-0.0008333472224535399,0.6123287671232934,0.00048348106365834196
94148,21.542859047650794,0.613215149073328,560,681,1241,-0.0008058017727639033,-0.0008333472224535399,0.612651087832399,0.00032232070910556134
94149,21.54202570042834,0.613215149073328,560,681,1241,0.0,-0.0008333472224535399,0.6129734085415046,0.00032232070910556134
94150,21.541192353205886,0.6124093473005641,560,681,1241,-0.0008058017727639033,-0.0008333472224535399,0.6130539887187809,8.058017727639034e-05
94151,21.540359005983433,0.6124093473005641,560,681,1241,0.0,-0.0008333472224535399,0.6131345688960572,8.058017727639034e-05
94152,21.53952565876098,0.613215149073328,560,681,1241,0.0008058017727639033,-0.0008333472224535399,0.61329572925061,0.00016116035455278067
94153,21.538692311538526,0.6124093473005641,560,681,1241,-0.0008058017727639033,-0.0008333472224535399,0.61329572925061,0.0
94154,21.537858964316072,0.6116035455278002,560,681,1241,-0.0008058017727639033,-0.0008333472224535399,0.6129734085415045,-0.00032232070910556134
94155,21.53702561709362,0.6107977437550363,560,681,1241,-0.0008058017727639033,-0.0008333472224535399,0.612651087832399,-0.00032232070910556134
94156,21.53619226987116,0.6091861402095085,560,681,1241,-0.0016116035455278066,-0.0008333472224570926,0.6122481869460169,-0.00040290088638195165
94157,21.535358922648708,0.6083803384367445,560,681,1241,-0.0008058017727639033,-0.0008333472224535399,0.6116841257050822,-0.0005640612409347323
94158,21.534525575426255,0.6083803384367445,560,681,1241,0.0,-0.0008333472224535399,0.6112006446414239,-0.00048348106365834196
94159,21.5336922282038,0.6075745366639806,560,681,1241,-0.0008058017727639033,-0.0008333472224535399,0.6106365834004891,-0.0005640612409347323
94160,21.532858880981347,0.6075745366639806,560,681,1241,0.0,-0.0008333472224535399,0.6101531023368307,-0.00048348106365834196
94161,21.532025533758894,0.6083803384367445,560,681,1241,0.0008058017727639033,-0.0008333472224535399,0.6097502014504489,-0.00040290088638195165
94162,21.53119218653644,0.6083803384367445,560,681,1241,0.0,-0.0008333472224535399,0.6092667203867905,-0.00048348106365834196
94163,21.530358839313987,0.6083803384367445,560,681,1241,0.0,-0.0008333472224535399,0.6088638195004086,-0.00040290088638195165
94164,21.529525492091533,0.6083803384367445,560,681,1241,0.0,-0.0008333472224535399,0.608541498791303,-0.00032232070910556134
94165,21.52869214486908,0.6083803384367445,560,681,1241,0.0,-0.0008333472224535399,0.6082997582594739,-0.00024174053182917098
94166,21.527858797646626,0.6083803384367445,560,681,1241,0.0,-0.0008333472224535399,0.6082191780821976,-8.058017727639034e-05
94167,21.527025450424173,0.6083803384367445,560,681,1241,0.0,-0.0008333472224535399,0.6082191780821976,0.0
94168,21.52619210320172,0.6075745366639806,560,681,1241,-0.0008058017727639033,-0.0008333472224535399,0.6081385979049212,-8.058017727639034e-05
94169,21.525358755979266,0.6059629331184528,560,681,1241,-0.0016116035455278066,-0.0008333472224535399,0.6079774375503684,-0.00016116035455278067
94170,21.524525408756812,0.6067687348912167,560,681,1241,0.0008058017727639033,-0.0008333472224535399,0.6078968573730921,-8.058017727639034e-05
94171,21.52369206153436,0.6059629331184528,560,681,1241,-0.0008058017727639033,-0.0008333472224535399,0.6076551168412628,-0.00024174053182917098
94172,21.522858714311905,0.6067687348912167,560,681,1241,0.0008058017727639033,-0.0008333472224535399,0.60749395648671,-0.00016116035455278067
94173,21.52202536708945,0.6051571313456889,560,681,1241,-0.0016116035455278066,-0.0008333472224535399,0.6071716357776045,-0.00032232070910556134
94174,21.521192019866998,0.6059629331184528,560,681,1241,0.0008058017727639033,-0.0008333472224535399,0.6069298952457752,-0.00024174053182917098
94175,21.520358672644544,0.6067687348912167,560,681,1241,0.0008058017727639033,-0.0008333472224535399,0.6067687348912225,-0.00016116035455278067
94176,21.51952532542209,0.6075745366639806,560,681,1241,0.0008058017727639033,-0.0008333472224535399,0.606688154713946,-8.058017727639034e-05
94177,21.518691978199634,0.6051571313456889,560,681,1241,-0.00241740531829171,-0.0008333472224570926,0.6063658340048405,-0.00032232070910556134
94178,21.51785863097718,0.6051571313456889,560,681,1241,0.0,-0.0008333472224535399,0.6061240934730113,-0.00024174053182917098
94179,21.517025283754727,0.6059629331184528,560,681,1241,0.0008058017727639033,-0.0008333472224535399,0.6061240934730113,0.0
94180,21.516191936532273,0.6059629331184528,560,681,1241,0.0,-0.0008333472224535399,0.6060435132957349,-8.058017727639034e-05
94181,21.51535858930982,0.6059629331184528,560,681,1241,0.0,-0.0008333472224535399,0.6060435132957349,0.0
94182,21.514525242087366,0.6051571313456889,560,681,1241,-0.0008058017727639033,-0.0008333472224535399,0.6058823529411821,-0.00016116035455278067
94183,21.513691894864913,0.604351329572925,560,681,1241,-0.0008058017727639033,-0.0008333472224535399,0.6058017727639057,-8.058017727639034e-05
94184,21.51285854764246,0.6035455278001611,560,681,1241,-0.0008058017727639033,-0.0008333472224535399,0.6055600322320766,-0.00024174053182917098
94185,21.512025200420005,0.6019339242546333,560,681,1241,-0.0016116035455278066,-0.0008333472224535399,0.6050765511684182,-0.00048348106365834196
94186,21.511191853197552,0.6011281224818694,560,681,1241,-0.0008058017727639033,-0.0008333472224535399,0.6044319097502071,-0.0006446414182111227
94187,21.5103585059751,0.6019339242546333,560,681,1241,0.0008058017727639033,-0.0008333472224535399,0.6041095890411016,-0.00032232070910556134
94188,21.509525158752645,0.6027397260273972,560,681,1241,0.0008058017727639033,-0.0008333472224535399,0.6038678485092723,-0.00024174053182917098
94189,21.50869181153019,0.6019339242546333,560,681,1241,-0.0008058017727639033,-0.0008333472224535399,0.6034649476228904,-0.00040290088638195165
94190,21.507858464307738,0.6019339242546333,560,681,1241,0.0,-0.0008333472224535399,0.6030620467365085,-0.00040290088638195165
94191,21.507025117085284,0.6003223207091055,560,681,1241,-0.0016116035455278066,-0.0008333472224535399,0.6024979854955739,-0.0005640612409347323
94192,21.50619176986283,0.6011281224818694,560,681,1241,0.0008058017727639033,-0.0008333472224535399,0.6020950846091918,-0.00040290088638195165
94193,21.505358422640377,0.6011281224818694,560,681,1241,0.0,-0.0008333472224535399,0.6017727639000863,-0.00032232070910556134
94194,21.504525075417924,0.6019339242546333,560,681,1241,0.0008058017727639033,-0.0008333472224535399,0.6016116035455334,-0.00016116035455278067
94195,21.50369172819547,0.6027397260273972,560,681,1241,0.0008058017727639033,-0.0008333472224535399,0.6016921837228099,8.058017727639034e-05
94196,21.502858380973016,0.6027397260273972,560,681,1241,0.0,-0.0008333472224535399,0.6018533440773626,0.00016116035455278067
94197,21.502025033750563,0.6035455278001611,560,681,1241,0.0008058017727639033,-0.0008333472224535399,0.6020145044319154,0.00016116035455278067
94198,21.501191686528106,0.6035455278001611,560,681,1241,0.0,-0.0008333472224570926,0.6020950846091918,8.058017727639034e-05
94199,21.500358339305652,0.6035455278001611,560,681,1241,0.0,-0.0008333472224535399,0.6022562449637446,0.00016116035455278067
94200,21.4995249920832,0.6035455278001611,560,681,1241,0.0,-0.0008333472224535399,0.6024174053182973,0.00016116035455278067
94201,21.498691644860745,0.6027397260273972,560,681,1241,-0.0008058017727639033,-0.0008333472224535399,0.6026591458501265,0.00024174053182917098
94202,21.49785829763829,0.6027397260273972,560,681,1241,0.0,-0.0008333472224535399,0.6028203062046793,0.00016116035455278067
94203,21.497024950415838,0.6035455278001611,560,681,1241,0.0008058017727639033,-0.0008333472224535399,0.6030620467365085,0.00024174053182917098
94204,21.496191603193385,0.604351329572925,560,681,1241,0.0008058017727639033,-0.0008333472224535399,0.6033037872683377,0.00024174053182917098
94205,21.49535825597093,0.604351329572925,560,681,1241,0.0,-0.0008333472224535399,0.6034649476228904,0.00016116035455278067
94206,21.494524908748478,0.6051571313456889,560,681,1241,0.0008058017727639033,-0.0008333472224535399,0.6037066881547196,0.00024174053182917098
94207,21.493691561526024,0.6051571313456889,560,681,1241,0.0,-0.0008333472224535399,0.6038678485092724,0.00016116035455278067
94208,21.49285821430357,0.6035455278001611,560,681,1241,-0.0016116035455278066,-0.0008333472224535399,0.6038678485092724,0.0
94209,21.492024867081117,0.6035455278001611,560,681,1241,0.0,-0.0008333472224535399,0.6038678485092724,0.0
94210,21.491191519858663,0.6035455278001611,560,681,1241,0.0,-0.0008333472224535399,0.6038678485092724,0.0
94211,21.49035817263621,0.6019339242546333,560,681,1241,-0.0016116035455278066,-0.0008333472224535399,0.603787268331996,-8.058017727639034e-05
94212,21.489524825413756,0.6019339242546333,560,681,1241,0.0,-0.0008333472224535399,0.6037066881547197,-8.058017727639034e-05
94213,21.488691478191303,0.6019339242546333,560,681,1241,0.0,-0.0008333472224535399,0.6035455278001669,-0.00016116035455278067
94214,21.48785813096885,0.6003223207091055,560,681,1241,-0.0016116035455278066,-0.0008333472224535399,0.6031426269137851,-0.00040290088638195165
94215,21.487024783746396,0.6011281224818694,560,681,1241,0.0008058017727639033,-0.0008333472224535399,0.6028203062046795,-0.00032232070910556134
94216,21.486191436523942,0.6003223207091055,560,681,1241,-0.0008058017727639033,-0.0008333472224535399,0.6023368251410212,-0.00048348106365834196
94217,21.48535808930149,0.6003223207091055,560,681,1241,0.0,-0.0008333472224535399,0.6018533440773628,-0.00048348106365834196
94218,21.484524742079035,0.5987107171635777,560,681,1241,-0.0016116035455278066,-0.0008333472224535399,0.6013698630137044,-0.00048348106365834196
94219,21.483691394856578,0.5979049153908138,560,681,1241,-0.0008058017727639033,-0.0008333472224570926,0.6008058017727697,-0.0005640612409347323
94220,21.482858047634124,0.5979049153908138,560,681,1241,0.0,-0.0008333472224535399,0.6002417405318349,-0.0005640612409347323
94221,21.48202470041167,0.5995165189363416,560,681,1241,0.0016116035455278066,-0.0008333472224535399,0.6000000000000056,-0.00024174053182917098
94222,21.481191353189217,0.5995165189363416,560,681,1241,0.0,-0.0008333472224535399,0.5997582594681765,-0.00024174053182917098
94223,21.480358005966764,0.6003223207091055,560,681,1241,0.0008058017727639033,-0.0008333472224535399,0.5995970991136237,-0.00016116035455278067
94224,21.47952465874431,0.5995165189363416,560,681,1241,-0.0008058017727639033,-0.0008333472224535399,0.5995165189363473,-8.058017727639034e-05
94225,21.478691311521857,0.5995165189363416,560,681,1241,0.0,-0.0008333472224535399,0.5993553585817945,-0.00016116035455278067
94226,21.477857964299403,0.5995165189363416,560,681,1241,0.0,-0.0008333472224535399,0.599274778404518,-8.058017727639034e-05
94227,21.47702461707695,0.6003223207091055,560,681,1241,0.0008058017727639033,-0.0008333472224535399,0.599274778404518,0.0
94228,21.476191269854496,0.6003223207091055,560,681,1241,0.0,-0.0008333472224535399,0.5994359387590709,0.00016116035455278067
94229,21.475357922632043,0.6011281224818694,560,681,1241,0.0008058017727639033,-0.0008333472224535399,0.5997582594681764,0.00032232070910556134
94230,21.47452457540959,0.6011281224818694,560,681,1241,0.0,-0.0008333472224535399,0.6000805801772819,0.00032232070910556134
94231,21.473691228187135,0.5995165189363416,560,681,1241,-0.0016116035455278066,-0.0008333472224535399,0.6000805801772819,0.0
94232,21.472857880964682,0.6003223207091055,560,681,1241,0.0008058017727639033,-0.0008333472224535399,0.6001611603545584,8.058017727639034e-05
94233,21.47202453374223,0.5995165189363416,560,681,1241,-0.0008058017727639033,-0.0008333472224535399,0.6000805801772819,-8.058017727639034e-05
94234,21.471191186519775,0.5979049153908138,560,681,1241,-0.0016116035455278066,-0.0008333472224535399,0.5999194198227291,-0.00016116035455278067
94235,21.47035783929732,0.59709911361805,560,681,1241,-0.0008058017727637923,-0.0008333472224535399,0.5996776792909,-0.0002417405318291599
94236,21.469524492074868,0.59709911361805,560,681,1241,0.0,-0.0008333472224535399,0.5994359387590709,-0.0002417405318291599
94237,21.468691144852414,0.59709911361805,560,681,1241,0.0,-0.0008333472224535399,0.5991136180499653,-0.00032232070910555023
94238,21.46785779762996,0.59709911361805,560,681,1241,0.0,-0.0008333472224535399,0.5987912973408598,-0.00032232070910555023
94239,21.467024450407507,0.59709911361805,560,681,1241,0.0,-0.0008333472224535399,0.5983883964544778,-0.00040290088638194054
94240,21.466191103185054,0.59709911361805,560,681,1241,0.0,-0.0008333472224535399,0.597985495568096,-0.00040290088638194054
94241,21.465357755962597,0.59709911361805,560,681,1241,0.0,-0.0008333472224570926,0.5977437550362669,-0.0002417405318291599
94242,21.464524408740143,0.5962933118452861,560,681,1241,-0.0008058017727639033,-0.0008333472224535399,0.5973408541498848,-0.00040290088638194054
94243,21.46369106151769,0.5954875100725222,560,681,1241,-0.0008058017727639033,-0.0008333472224535399,0.596937953263503,-0.00040290088638194054
94244,21.462857714295236,0.5954875100725222,560,681,1241,0.0,-0.0008333472224535399,0.5966962127316738,-0.0002417405318291599
94245,21.462024367072782,0.5962933118452861,560,681,1241,0.0008058017727639033,-0.0008333472224535399,0.5966156325543974,-8.058017727639034e-05
94246,21.46119101985033,0.5962933118452861,560,681,1241,0.0,-0.0008333472224535399,0.5965350523771209,-8.058017727639034e-05
94247,21.460357672627875,0.5962933118452861,560,681,1241,0.0,-0.0008333472224535399,0.5964544721998445,-8.058017727639034e-05
94248,21.45952432540542,0.5962933118452861,560,681,1241,0.0,-0.0008333472224535399,0.5963738920225681,-8.058017727639034e-05
94249,21.458690978182968,0.5962933118452861,560,681,1241,0.0,-0.0008333472224535399,0.5962933118452917,-8.058017727639034e-05
94250,21.457857630960515,0.5962933118452861,560,681,1241,0.0,-0.0008333472224535399,0.5962127316680153,-8.058017727639034e-05
94251,21.45702428373806,0.5954875100725222,560,681,1241,-0.0008058017727639033,-0.0008333472224535399,0.5960515713134624,-0.00016116035455278067
94252,21.456190936515608,0.5962933118452861,560,681,1241,0.0008058017727639033,-0.0008333472224535399,0.5960515713134624,0.0
94253,21.455357589293154,0.5962933118452861,560,681,1241,0.0,-0.0008333472224535399,0.5961321514907387,8.058017727639034e-05
94254,21.4545242420707,0.5979049153908138,560,681,1241,0.0016116035455276956,-0.0008333472224535399,0.5963738920225679,0.0002417405318291599
94255,21.453690894848247,0.5962933118452861,560,681,1241,-0.0016116035455276956,-0.0008333472224535399,0.5963738920225679,0.0
94256,21.452857547625793,0.5979049153908138,560,681,1241,0.0016116035455276956,-0.0008333472224535399,0.5965350523771207,0.00016116035455276956
94257,21.45202420040334,0.59709911361805,560,681,1241,-0.0008058017727637923,-0.0008333472224535399,0.5966156325543971,8.058017727639034e-05
94258,21.451190853180886,0.59709911361805,560,681,1241,0.0,-0.0008333472224535399,0.5966962127316735,8.058017727639034e-05
94259,21.450357505958433,0.59709911361805,560,681,1241,0.0,-0.0008333472224535399,0.59677679290895,8.058017727639034e-05
94260,21.44952415873598,0.59709911361805,560,681,1241,0.0,-0.0008333472224535399,0.5968573730862264,8.058017727639034e-05
94261,21.448690811513526,0.5962933118452861,560,681,1241,-0.0008058017727639033,-0.0008333472224535399,0.5969379532635027,8.058017727639034e-05
94262,21.44785746429107,0.5946817082997583,560,681,1241,-0.0016116035455278066,-0.0008333472224570926,0.59677679290895,-0.00016116035455278067
94263,21.447024117068615,0.5946817082997583,560,681,1241,0.0,-0.0008333472224535399,0.5966156325543972,-0.00016116035455278067
94264,21.44619076984616,0.5946817082997583,560,681,1241,0.0,-0.0008333472224535399,0.5962933118452917,-0.00032232070910555023
94265,21.445357422623708,0.5946817082997583,560,681,1241,0.0,-0.0008333472224535399,0.5961321514907388,-0.00016116035455278067
94266,21.444524075401254,0.5954875100725222,560,681,1241,0.0008058017727639033,-0.0008333472224535399,0.5958904109589097,-0.0002417405318291599
94267,21.4436907281788,0.5946817082997583,560,681,1241,-0.0008058017727639033,-0.0008333472224535399,0.5956486704270805,-0.00024174053182917098
94268,21.442857380956347,0.5938759065269944,560,681,1241,-0.0008058017727639033,-0.0008333472224535399,0.5953263497179749,-0.00032232070910556134
94269,21.442024033733894,0.5930701047542305,560,681,1241,-0.0008058017727639033,-0.0008333472224535399,0.594923448831593,-0.00040290088638195165
94270,21.44119068651144,0.5930701047542305,560,681,1241,0.0,-0.0008333472224535399,0.5945205479452109,-0.00040290088638195165
94271,21.440357339288987,0.5930701047542305,560,681,1241,0.0,-0.0008333472224535399,0.5941982272361054,-0.00032232070910556134
94272,21.439523992066533,0.5930701047542305,560,681,1241,0.0,-0.0008333472224535399,0.5940370668815527,-0.00016116035455278067
94273,21.43869064484408,0.5938759065269944,560,681,1241,0.0008058017727639033,-0.0008333472224535399,0.5939564867042763,-8.058017727639034e-05
94274,21.437857297621626,0.5938759065269944,560,681,1241,0.0,-0.0008333472224535399,0.593875906527,-8.058017727639034e-05
94275,21.437023950399173,0.5938759065269944,560,681,1241,0.0,-0.0008333472224535399,0.5937953263497235,-8.058017727639034e-05
94276,21.43619060317672,0.5938759065269944,560,681,1241,0.0,-0.0008333472224535399,0.5936341659951708,-0.00016116035455278067
94277,21.435357255954266,0.5946817082997583,560,681,1241,0.0008058017727639033,-0.0008333472224535399,0.5936341659951708,0.0
94278,21.434523908731812,0.5946817082997583,560,681,1241,0.0,-0.0008333472224535399,0.5937147461724471,8.058017727639034e-05
94279,21.43369056150936,0.5946817082997583,560,681,1241,0.0,-0.0008333472224535399,0.593875906527,0.00016116035455278067
94280,21.432857214286905,0.5954875100725222,560,681,1241,0.0008058017727639033,-0.0008333472224535399,0.5941176470588292,0.00024174053182917098
94281,21.43202386706445,0.5962933118452861,560,681,1241,0.0008058017727639033,-0.0008333472224535399,0.5944399677679347,0.00032232070910556134
94282,21.431190519841998,0.5954875100725222,560,681,1241,-0.0008058017727639033,-0.0008333472224535399,0.594681708299764,0.00024174053182917098
94283,21.43035717261954,0.5954875100725222,560,681,1241,0.0,-0.0008333472224570926,0.5948428686543167,0.00016116035455278067
94284,21.429523825397087,0.5962933118452861,560,681,1241,0.0008058017727639033,-0.0008333472224535399,0.5950846091861458,0.00024174053182917098
94285,21.428690478174634,0.5979049153908138,560,681,1241,0.0016116035455276956,-0.0008333472224535399,0.5954875100725278,0.00040290088638194054
94286,21.42785713095218,0.5995165189363416,560,681,1241,0.0016116035455278066,-0.0008333472224535399,0.5960515713134624,0.0005640612409347212
94287,21.427023783729727,0.5995165189363416,560,681,1241,0.0,-0.0008333472224535399,0.5965350523771208,0.0004834810636583309
94288,21.426190436507273,0.5995165189363416,560,681,1241,0.0,-0.0008333472224535399,0.5970185334407792,0.0004834810636583309
94289,21.42535708928482,0.5995165189363416,560,681,1241,0.0,-0.0008333472224535399,0.5975020145044374,0.0004834810636583309
94290,21.424523742062366,0.5995165189363416,560,681,1241,0.0,-0.0008333472224535399,0.5979049153908194,0.00040290088638194054
94291,21.423690394839912,0.5995165189363416,560,681,1241,0.0,-0.0008333472224535399,0.5982272360999249,0.00032232070910555023
94292,21.42285704761746,0.5995165189363416,560,681,1241,0.0,-0.0008333472224535399,0.5986301369863068,0.00040290088638194054
94293,21.422023700395005,0.6003223207091055,560,681,1241,0.0008058017727639033,-0.0008333472224535399,0.5991136180499652,0.0004834810636583309
94294,21.421190353172552,0.6011281224818694,560,681,1241,0.0008058017727639033,-0.0008333472224535399,0.5995970991136235,0.0004834810636583309
94295,21.4203570059501,0.6011281224818694,560,681,1241,0.0,-0.0008333472224535399,0.5999194198227291,0.00032232070910556134
94296,21.419523658727645,0.6003223207091055,560,681,1241,-0.0008058017727639033,-0.0008333472224535399,0.6000000000000055,8.058017727639034e-05
94297,21.41869031150519,0.6003223207091055,560,681,1241,0.0,-0.0008333472224535399,0.6000805801772819,8.058017727639034e-05
94298,21.417856964282738,0.5995165189363416,560,681,1241,-0.0008058017727639033,-0.0008333472224535399,0.6000805801772819,0.0
94299,21.417023617060284,0.5995165189363416,560,681,1241,0.0,-0.0008333472224535399,0.6000805801772819,0.0
94300,21.41619026983783,0.5995165189363416,560,681,1241,0.0,-0.0008333472224535399,0.6000805801772819,0.0
94301,21.415356922615377,0.5987107171635777,560,681,1241,-0.0008058017727639033,-0.0008333472224535399,0.6000000000000056,-8.058017727639034e-05
94302,21.414523575392924,0.5979049153908138,560,681,1241,-0.0008058017727639033,-0.0008333472224535399,0.5998388396454528,-0.00016116035455278067
94303,21.41369022817047,0.59709911361805,560,681,1241,-0.0008058017727637923,-0.0008333472224535399,0.5995165189363473,-0.00032232070910555023
94304,21.412856880948013,0.5979049153908138,560,681,1241,0.0008058017727637923,-0.0008333472224570926,0.5991941982272417,-0.00032232070910556134
94305,21.41202353372556,0.59709911361805,560,681,1241,-0.0008058017727637923,-0.0008333472224535399,0.5987912973408598,-0.00040290088638194054
94306,21.411190186503106,0.59709911361805,560,681,1241,0.0,-0.0008333472224535399,0.5984689766317542,-0.00032232070910555023
94307,21.410356839280652,0.59709911361805,560,681,1241,0.0,-0.0008333472224535399,0.5981466559226487,-0.00032232070910555023
94308,21.4095234920582,0.5962933118452861,560,681,1241,-0.0008058017727639033,-0.0008333472224535399,0.5978243352135431,-0.00032232070910555023
94309,21.408690144835745,0.5954875100725222,560,681,1241,-0.0008058017727639033,-0.0008333472224535399,0.5974214343271612,-0.00040290088638194054
94310,21.40785679761329,0.5954875100725222,560,681,1241,0.0,-0.0008333472224535399,0.5970185334407793,-0.00040290088638194054
94311,21.407023450390838,0.5938759065269944,560,681,1241,-0.0016116035455278066,-0.0008333472224535399,0.5965350523771209,-0.0004834810636583309
94312,21.406190103168385,0.5954875100725222,560,681,1241,0.0016116035455278066,-0.0008333472224535399,0.5962933118452918,-0.0002417405318291599
94313,21.40535675594593,0.5962933118452861,560,681,1241,0.0008058017727639033,-0.0008333472224535399,0.5962127316680154,-8.058017727639034e-05
94314,21.404523408723477,0.5962933118452861,560,681,1241,0.0,-0.0008333472224535399,0.5960515713134626,-0.00016116035455276956
94315,21.403690061501024,0.5962933118452861,560,681,1241,0.0,-0.0008333472224535399,0.5959709911361861,-8.058017727639034e-05
94316,21.40285671427857,0.5962933118452861,560,681,1241,0.0,-0.0008333472224535399,0.5958904109589097,-8.058017727639034e-05
94317,21.402023367056117,0.5962933118452861,560,681,1241,0.0,-0.0008333472224535399,0.5958098307816333,-8.058017727639034e-05
94318,21.401190019833663,0.5962933118452861,560,681,1241,0.0,-0.0008333472224535399,0.5958098307816333,0.0
94319,21.40035667261121,0.5962933118452861,560,681,1241,0.0,-0.0008333472224535399,0.5958904109589096,8.058017727639034e-05
94320,21.399523325388756,0.5962933118452861,560,681,1241,0.0,-0.0008333472224535399,0.595970991136186,8.058017727639034e-05
94321,21.398689978166303,0.59709911361805,560,681,1241,0.0008058017727639033,-0.0008333472224535399,0.5962933118452916,0.00032232070910556134
94322,21.39785663094385,0.5995165189363416,560,681,1241,0.002417405318291599,-0.0008333472224535399,0.5966962127316735,0.00040290088638194054
94323,21.397023283721396,0.5995165189363416,560,681,1241,0.0,-0.0008333472224535399,0.597018533440779,0.00032232070910555023
94324,21.396189936498942,0.5995165189363416,560,681,1241,0.0,-0.0008333472224535399,0.5973408541498846,0.00032232070910555023
94325,21.395356589276485,0.5995165189363416,560,681,1241,0.0,-0.0008333472224570926,0.5976631748589901,0.00032232070910555023
94326,21.39452324205403,0.5987107171635777,560,681,1241,-0.0008058017727639033,-0.0008333472224535399,0.5979049153908194,0.0002417405318291599
94327,21.393689894831578,0.5987107171635777,560,681,1241,0.0,-0.0008333472224535399,0.5981466559226486,0.0002417405318291599
94328,21.392856547609124,0.5979049153908138,560,681,1241,-0.0008058017727639033,-0.0008333472224535399,0.5983078162772013,0.00016116035455276956
94329,21.39202320038667,0.5979049153908138,560,681,1241,0.0,-0.0008333472224535399,0.5984689766317541,0.00016116035455276956
94330,21.391189853164217,0.59709911361805,560,681,1241,-0.0008058017727637923,-0.0008333472224535399,0.5985495568090305,8.058017727639034e-05
94331,21.390356505941764,0.59709911361805,560,681,1241,0.0,-0.0008333472224535399,0.5985495568090305,0.0
94332,21.38952315871931,0.59709911361805,560,681,1241,0.0,-0.0008333472224535399,0.5983078162772014,-0.0002417405318291599
94333,21.388689811496857,0.59709911361805,560,681,1241,0.0,-0.0008333472224535399,0.5980660757453723,-0.0002417405318291599
94334,21.387856464274403,0.59709911361805,560,681,1241,0.0,-0.0008333472224535399,0.5978243352135432,-0.0002417405318291599
94335,21.38702311705195,0.59709911361805,560,681,1241,0.0,-0.0008333472224535399,0.597582594681714,-0.0002417405318291599
94336,21.386189769829496,0.59709911361805,560,681,1241,0.0,-0.0008333472224535399,0.5974214343271613,-0.00016116035455276956
94337,21.385356422607043,0.59709911361805,560,681,1241,0.0,-0.0008333472224535399,0.5972602739726085,-0.00016116035455276956
94338,21.38452307538459,0.59709911361805,560,681,1241,0.0,-0.0008333472224535399,0.5971796937953322,-8.058017727637922e-05
94339,21.383689728162135,0.5979049153908138,560,681,1241,0.0008058017727637923,-0.0008333472224535399,0.5971796937953322,0.0
94340,21.382856380939682,0.59709911361805,560,681,1241,-0.0008058017727637923,-0.0008333472224535399,0.5971796937953322,0.0
94341,21.38202303371723,0.5962933118452861,560,681,1241,-0.0008058017727639033,-0.0008333472224535399,0.5970991136180557,-8.058017727639034e-05
94342,21.381189686494775,0.5954875100725222,560,681,1241,-0.0008058017727639033,-0.0008333472224535399,0.596937953263503,-0.00016116035455278067
94343,21.38035633927232,0.5946817082997583,560,681,1241,-0.0008058017727639033,-0.0008333472224535399,0.5966962127316737,-0.00024174053182917098
94344,21.379522992049868,0.5962933118452861,560,681,1241,0.0016116035455278066,-0.0008333472224535399,0.5966156325543973,-8.058017727639034e-05
94345,21.378689644827414,0.5954875100725222,560,681,1241,-0.0008058017727639033,-0.0008333472224535399,0.5964544721998445,-0.00016116035455278067
94346,21.37785629760496,0.5954875100725222,560,681,1241,0.0,-0.0008333472224535399,0.5962933118452918,-0.00016116035455278067
94347,21.377022950382504,0.5946817082997583,560,681,1241,-0.0008058017727639033,-0.0008333472224570926,0.5960515713134625,-0.00024174053182917098
94348,21.37618960316005,0.5930701047542305,560,681,1241,-0.0016116035455278066,-0.0008333472224535399,0.5956486704270805,-0.00040290088638195165
94349,21.375356255937596,0.5938759065269944,560,681,1241,0.0008058017727639033,-0.0008333472224535399,0.5952457695406986,-0.00040290088638194054
94350,21.374522908715143,0.5938759065269944,560,681,1241,0.0,-0.0008333472224535399,0.5949234488315931,-0.00032232070910556134
94351,21.37368956149269,0.5930701047542305,560,681,1241,-0.0008058017727639033,-0.0008333472224535399,0.5946011281224874,-0.00032232070910556134
94352,21.372856214270236,0.5930701047542305,560,681,1241,0.0,-0.0008333472224535399,0.5943593875906583,-0.00024174053182917098
94353,21.372022867047782,0.5930701047542305,560,681,1241,0.0,-0.0008333472224535399,0.5941982272361055,-0.00016116035455278067
94354,21.37118951982533,0.5922643029814666,560,681,1241,-0.0008058017727639033,-0.0008333472224535399,0.5937953263497235,-0.00040290088638195165
94355,21.370356172602875,0.5930701047542305,560,681,1241,0.0008058017727639033,-0.0008333472224535399,0.5935535858178944,-0.00024174053182917098
94356,21.36952282538042,0.5930701047542305,560,681,1241,0.0,-0.0008333472224535399,0.5933118452860652,-0.00024174053182917098
94357,21.368689478157968,0.5930701047542305,560,681,1241,0.0,-0.0008333472224535399,0.5931506849315124,-0.00016116035455278067
94358,21.367856130935515,0.5930701047542305,560,681,1241,0.0,-0.0008333472224535399,0.5931506849315124,0.0
94359,21.36702278371306,0.5930701047542305,560,681,1241,0.0,-0.0008333472224535399,0.5930701047542359,-8.058017727639034e-05
94360,21.366189436490608,0.5938759065269944,560,681,1241,0.0008058017727639033,-0.0008333472224535399,0.5930701047542359,0.0
94361,21.365356089268154,0.5938759065269944,560,681,1241,0.0,-0.0008333472224535399,0.5931506849315124,8.058017727639034e-05
94362,21.3645227420457,0.5938759065269944,560,681,1241,0.0,-0.0008333472224535399,0.5932312651087888,8.058017727639034e-05
94363,21.363689394823247,0.5938759065269944,560,681,1241,0.0,-0.0008333472224535399,0.5933118452860653,8.058017727639034e-05
94364,21.362856047600793,0.5930701047542305,560,681,1241,-0.0008058017727639033,-0.0008333472224535399,0.5933924254633416,8.058017727639034e-05
94365,21.36202270037834,0.5930701047542305,560,681,1241,0.0,-0.0008333472224535399,0.5933924254633416,0.0
94366,21.361189353155886,0.5922643029814666,560,681,1241,-0.0008058017727639033,-0.0008333472224535399,0.5933118452860653,-8.058017727639034e-05
94367,21.360356005933433,0.5930701047542305,560,681,1241,0.0008058017727639033,-0.0008333472224535399,0.5933118452860653,0.0
94368,21.359522658710976,0.5930701047542305,560,681,1241,0.0,-0.0008333472224570926,0.5933118452860653,0.0
94369,21.358689311488522,0.5922643029814666,560,681,1241,-0.0008058017727639033,-0.0008333472224535399,0.5932312651087889,-8.058017727639034e-05
94370,21.35785596426607,0.5914585012087027,560,681,1241,-0.0008058017727639033,-0.0008333472224535399,0.5929895245769596,-0.00024174053182917098
94371,21.357022617043615,0.5914585012087027,560,681,1241,0.0,-0.0008333472224535399,0.5927477840451305,-0.00024174053182917098
94372,21.35618926982116,0.5906526994359388,560,681,1241,-0.0008058017727639033,-0.0008333472224535399,0.5924254633360249,-0.00032232070910556134
94373,21.355355922598708,0.5898468976631749,560,681,1241,-0.0008058017727639033,-0.0008333472224535399,0.5920225624496429,-0.00040290088638195165
94374,21.354522575376254,0.589041095890411,560,681,1241,-0.0008058017727639033,-0.0008333472224535399,0.591619661563261,-0.00040290088638195165
94375,21.3536892281538,0.589041095890411,560,681,1241,0.0,-0.0008333472224535399,0.5912167606768791,-0.00040290088638195165
94376,21.352855880931347,0.5898468976631749,560,681,1241,0.0008058017727639033,-0.0008333472224535399,0.5909750201450499,-0.00024174053182917098
94377,21.352022533708894,0.5898468976631749,560,681,1241,0.0,-0.0008333472224535399,0.5906526994359443,-0.00032232070910556134
94378,21.35118918648644,0.5898468976631749,560,681,1241,0.0,-0.0008333472224535399,0.5903303787268388,-0.00032232070910556134
94379,21.350355839263987,0.5898468976631749,560,681,1241,0.0,-0.0008333472224535399,0.5900886381950096,-0.00024174053182917098
94380,21.349522492041533,0.5898468976631749,560,681,1241,0.0,-0.0008333472224535399,0.5899274778404567,-0.00016116035455278067
94381,21.34868914481908,0.5898468976631749,560,681,1241,0.0,-0.0008333472224535399,0.589766317485904,-0.00016116035455278067
94382,21.347855797596626,0.5898468976631749,560,681,1241,0.0,-0.0008333472224535399,0.5896857373086275,-8.058017727639034e-05
94383,21.347022450374173,0.5906526994359388,560,681,1241,0.0008058017727639033,-0.0008333472224535399,0.589766317485904,8.058017727639034e-05
94384,21.34618910315172,0.5898468976631749,560,681,1241,-0.0008058017727639033,-0.0008333472224535399,0.5898468976631803,8.058017727639034e-05
94385,21.345355755929265,0.5898468976631749,560,681,1241,0.0,-0.0008333472224535399,0.5899274778404566,8.058017727639034e-05
94386,21.344522408706812,0.589041095890411,560,681,1241,-0.0008058017727639033,-0.0008333472224535399,0.5898468976631803,-8.058017727639034e-05
94387,21.34368906148436,0.5898468976631749,560,681,1241,0.0008058017727639033,-0.0008333472224535399,0.5898468976631803,0.0
94388,21.342855714261905,0.5898468976631749,560,681,1241,0.0,-0.0008333472224535399,0.5898468976631803,0.0
94389,21.342022367039448,0.5898468976631749,560,681,1241,0.0,-0.0008333472224570926,0.5898468976631803,0.0
94390,21.341189019816994,0.5898468976631749,560,681,1241,0.0,-0.0008333472224535399,0.5898468976631803,0.0
94391,21.34035567259454,0.589041095890411,560,681,1241,-0.0008058017727639033,-0.0008333472224535399,0.589766317485904,-8.058017727639034e-05
94392,21.339522325372087,0.5882352941176471,560,681,1241,-0.0008058017727639033,-0.0008333472224535399,0.5896051571313512,-0.00016116035455278067
94393,21.338688978149634,0.5898468976631749,560,681,1241,0.0016116035455278066,-0.0008333472224535399,0.5895245769540748,-8.058017727639034e-05
94394,21.33785563092718,0.589041095890411,560,681,1241,-0.0008058017727639033,-0.0008333472224535399,0.5894439967767984,-8.058017727639034e-05
94395,21.337022283704727,0.589041095890411,560,681,1241,0.0,-0.0008333472224535399,0.5893634165995221,-8.058017727639034e-05
94396,21.336188936482273,0.589041095890411,560,681,1241,0.0,-0.0008333472224535399,0.5893634165995221,0.0
94397,21.33535558925982,0.589041095890411,560,681,1241,0.0,-0.0008333472224535399,0.5892828364222458,-8.058017727639034e-05
94398,21.334522242037366,0.5898468976631749,560,681,1241,0.0008058017727639033,-0.0008333472224535399,0.5892828364222458,0.0
94399,21.333688894814912,0.5898468976631749,560,681,1241,0.0,-0.0008333472224535399,0.5892828364222458,0.0
94400,21.33285554759246,0.589041095890411,560,681,1241,-0.0008058017727639033,-0.0008333472224535399,0.5892022562449694,-8.058017727639034e-05
94401,21.332022200370005,0.589041095890411,560,681,1241,0.0,-0.0008333472224535399,0.5892022562449694,0.0
94402,21.33118885314755,0.589041095890411,560,681,1241,0.0,-0.0008333472224535399,0.5892828364222458,8.058017727639034e-05
94403,21.330355505925098,0.589041095890411,560,681,1241,0.0,-0.0008333472224535399,0.5892022562449695,-8.058017727639034e-05
94404,21.329522158702645,0.5898468976631749,560,681,1241,0.0008058017727639033,-0.0008333472224535399,0.5892828364222458,8.058017727639034e-05
94405,21.32868881148019,0.5898468976631749,560,681,1241,0.0,-0.0008333472224535399,0.5893634165995222,8.058017727639034e-05
94406,21.327855464257738,0.5898468976631749,560,681,1241,0.0,-0.0008333472224535399,0.5894439967767985,8.058017727639034e-05
94407,21.327022117035284,0.5898468976631749,560,681,1241,0.0,-0.0008333472224535399,0.5895245769540749,8.058017727639034e-05
94408,21.32618876981283,0.589041095890411,560,681,1241,-0.0008058017727639033,-0.0008333472224535399,0.5894439967767985,-8.058017727639034e-05
94409,21.325355422590377,0.589041095890411,560,681,1241,0.0,-0.0008333472224535399,0.5893634165995222,-8.058017727639034e-05
94410,21.32452207536792,0.589041095890411,560,681,1241,0.0,-0.0008333472224570926,0.5893634165995222,0.0
94411,21.323688728145466,0.589041095890411,560,681,1241,0.0,-0.0008333472224535399,0.5893634165995222,0.0
94412,21.322855380923013,0.5898468976631749,560,681,1241,0.0008058017727639033,-0.0008333472224535399,0.5894439967767985,8.058017727639034e-05
94413,21.32202203370056,0.5906526994359388,560,681,1241,0.0008058017727639033,-0.0008333472224535399,0.5896051571313513,0.00016116035455278067
94414,21.321188686478106,0.5922643029814666,560,681,1241,0.0016116035455278066,-0.0008333472224535399,0.5898468976631805,0.00024174053182917098
94415,21.320355339255652,0.5922643029814666,560,681,1241,0.0,-0.0008333472224535399,0.5900886381950097,0.00024174053182917098
94416,21.3195219920332,0.5922643029814666,560,681,1241,0.0,-0.0008333472224535399,0.5903303787268389,0.00024174053182917098
94417,21.318688644810745,0.5930701047542305,560,681,1241,0.0008058017727639033,-0.0008333472224535399,0.5906526994359445,0.00032232070910556134
94418,21.31785529758829,0.5922643029814666,560,681,1241,-0.0008058017727639033,-0.0008333472224535399,0.5909750201450501,0.00032232070910556134
94419,21.317021950365838,0.5922643029814666,560,681,1241,0.0,-0.0008333472224535399,0.5912973408541556,0.00032232070910556134
94420,21.316188603143384,0.5946817082997583,560,681,1241,0.00241740531829171,-0.0008333472224535399,0.5918614020950903,0.0005640612409347323
94421,21.31535525592093,0.5938759065269944,560,681,1241,-0.0008058017727639033,-0.0008333472224535399,0.5923448831587487,0.00048348106365834196
94422,21.314521908698477,0.5938759065269944,560,681,1241,0.0,-0.0008333472224535399,0.5927477840451306,0.00040290088638195165
94423,21.313688561476024,0.5922643029814666,560,681,1241,-0.0016116035455278066,-0.0008333472224535399,0.5929089443996834,0.00016116035455278067
94424,21.31285521425357,0.5922643029814666,560,681,1241,0.0,-0.0008333472224535399,0.5929089443996834,0.0
94425,21.312021867031117,0.5922643029814666,560,681,1241,0.0,-0.0008333472224535399,0.5929089443996834,0.0
94426,21.311188519808663,0.5922643029814666,560,681,1241,0.0,-0.0008333472224535399,0.5929089443996834,0.0
94427,21.31035517258621,0.5930701047542305,560,681,1241,0.0008058017727639033,-0.0008333472224535399,0.5929089443996834,0.0
94428,21.309521825363756,0.5930701047542305,560,681,1241,0.0,-0.0008333472224535399,0.5929895245769597,8.058017727639034e-05
94429,21.308688478141303,0.5930701047542305,560,681,1241,0.0,-0.0008333472224535399,0.5930701047542362,8.058017727639034e-05
94430,21.30785513091885,0.5930701047542305,560,681,1241,0.0,-0.0008333472224535399,0.5929089443996833,-0.00016116035455278067
94431,21.307021783696392,0.5930701047542305,560,681,1241,0.0,-0.0008333472224570926,0.5928283642224069,-8.058017727639034e-05
94432,21.30618843647394,0.5938759065269944,560,681,1241,0.0008058017727639033,-0.0008333472224535399,0.5928283642224069,0.0
94433,21.305355089251485,0.5930701047542305,560,681,1241,-0.0008058017727639033,-0.0008333472224535399,0.5929089443996832,8.058017727639034e-05
94434,21.30452174202903,0.5930701047542305,560,681,1241,0.0,-0.0008333472224535399,0.5929895245769596,8.058017727639034e-05
94435,21.303688394806578,0.5930701047542305,560,681,1241,0.0,-0.0008333472224535399,0.5930701047542359,8.058017727639034e-05
94436,21.302855047584124,0.5930701047542305,560,681,1241,0.0,-0.0008333472224535399,0.5931506849315122,8.058017727639034e-05
94437,21.30202170036167,0.5930701047542305,560,681,1241,0.0,-0.0008333472224535399,0.5931506849315122,0.0
94438,21.301188353139217,0.5930701047542305,560,681,1241,0.0,-0.0008333472224535399,0.5931506849315122,0.0
94439,21.300355005916764,0.5914585012087027,560,681,1241,-0.0016116035455278066,-0.0008333472224535399,0.5929895245769595,-0.00016116035455278067
94440,21.29952165869431,0.5914585012087027,560,681,1241,0.0,-0.0008333472224535399,0.5928283642224067,-0.00016116035455278067
94441,21.298688311471857,0.5914585012087027,560,681,1241,0.0,-0.0008333472224535399,0.592667203867854,-0.00016116035455278067
94442,21.297854964249403,0.5914585012087027,560,681,1241,0.0,-0.0008333472224535399,0.5924254633360247,-0.00024174053182917098
94443,21.29702161702695,0.5914585012087027,560,681,1241,0.0,-0.0008333472224535399,0.5922643029814719,-0.00016116035455278067
94444,21.296188269804496,0.5914585012087027,560,681,1241,0.0,-0.0008333472224535399,0.5921031426269192,-0.00016116035455278067
94445,21.295354922582042,0.5914585012087027,560,681,1241,0.0,-0.0008333472224535399,0.5919419822723664,-0.00016116035455278067
94446,21.29452157535959,0.5922643029814666,560,681,1241,0.0008058017727639033,-0.0008333472224535399,0.5918614020950901,-8.058017727639034e-05
94447,21.293688228137135,0.5930701047542305,560,681,1241,0.0008058017727639033,-0.0008333472224535399,0.5918614020950901,0.0
94448,21.292854880914682,0.5922643029814666,560,681,1241,-0.0008058017727639033,-0.0008333472224535399,0.5917808219178137,-8.058017727639034e-05
94449,21.29202153369223,0.5922643029814666,560,681,1241,0.0,-0.0008333472224535399,0.5918614020950901,8.058017727639034e-05
94450,21.291188186469775,0.5930701047542305,560,681,1241,0.0008058017727639033,-0.0008333472224535399,0.5920225624496429,0.00016116035455278067
94451,21.29035483924732,0.5938759065269944,560,681,1241,0.0008058017727639033,-0.0008333472224535399,0.5922643029814721,0.00024174053182917098
94452,21.289521492024864,0.5954875100725222,560,681,1241,0.0016116035455278066,-0.0008333472224570926,0.5926672038678541,0.00040290088638195165
94453,21.28868814480241,0.5946817082997583,560,681,1241,-0.0008058017727639033,-0.0008333472224535399,0.5929895245769596,0.00032232070910556134
94454,21.287854797579957,0.5946817082997583,560,681,1241,0.0,-0.0008333472224535399,0.5933118452860653,0.00032232070910556134
94455,21.287021450357503,0.5946817082997583,560,681,1241,0.0,-0.0008333472224535399,0.5936341659951708,0.00032232070910556134
94456,21.28618810313505,0.5946817082997583,560,681,1241,0.0,-0.0008333472224535399,0.593875906527,0.00024174053182917098
94457,21.285354755912596,0.5946817082997583,560,681,1241,0.0,-0.0008333472224535399,0.5940370668815527,0.00016116035455278067
94458,21.284521408690143,0.5946817082997583,560,681,1241,0.0,-0.0008333472224535399,0.5942788074133818,0.00024174053182917098
94459,21.28368806146769,0.5946817082997583,560,681,1241,0.0,-0.0008333472224535399,0.5945205479452109,0.00024174053182917098
94460,21.282854714245236,0.5946817082997583,560,681,1241,0.0,-0.0008333472224535399,0.5946817082997637,0.00016116035455278067
94461,21.282021367022782,0.5946817082997583,560,681,1241,0.0,-0.0008333472224535399,0.59476228847704,8.058017727639034e-05
94462,21.28118801980033,0.5954875100725222,560,681,1241,0.0008058017727639033,-0.0008333472224535399,0.59476228847704,0.0
94463,21.280354672577875,0.5962933118452861,560,681,1241,0.0008058017727639033,-0.0008333472224535399,0.5949234488315929,0.00016116035455278067
94464,21.27952132535542,0.59709911361805,560,681,1241,0.0008058017727639033,-0.0008333472224535399,0.5951651893634221,0.00024174053182917098
94465,21.278687978132968,0.5962933118452861,560,681,1241,-0.0008058017727639033,-0.0008333472224535399,0.5953263497179748,0.00016116035455278067
94466,21.277854630910515,0.5954875100725222,560,681,1241,-0.0008058017727639033,-0.0008333472224535399,0.5954069298952513,8.058017727639034e-05
94467,21.27702128368806,0.5954875100725222,560,681,1241,0.0,-0.0008333472224535399,0.5954875100725278,8.058017727639034e-05
94468,21.276187936465607,0.5954875100725222,560,681,1241,0.0,-0.0008333472224535399,0.5955680902498042,8.058017727639034e-05
94469,21.275354589243154,0.5946817082997583,560,681,1241,-0.0008058017727639033,-0.0008333472224535399,0.5955680902498042,0.0
94470,21.2745212420207,0.5954875100725222,560,681,1241,0.0008058017727639033,-0.0008333472224535399,0.5956486704270806,8.058017727639034e-05
94471,21.273687894798247,0.5954875100725222,560,681,1241,0.0,-0.0008333472224535399,0.595729250604357,8.058017727639034e-05
94472,21.272854547575793,0.5954875100725222,560,681,1241,0.0,-0.0008333472224535399,0.595729250604357,0.0
94473,21.27202120035334,0.5954875100725222,560,681,1241,0.0,-0.0008333472224535399,0.5956486704270807,-8.058017727639034e-05
94474,21.271187853130883,0.5954875100725222,560,681,1241,0.0,-0.0008333472224570926,0.5954875100725279,-0.00016116035455278067
94475,21.27035450590843,0.5954875100725222,560,681,1241,0.0,-0.0008333472224535399,0.5954069298952516,-8.058017727639034e-05
94476,21.269521158685976,0.5954875100725222,560,681,1241,0.0,-0.0008333472224535399,0.5954069298952516,0.0
94477,21.268687811463522,0.5946817082997583,560,681,1241,-0.0008058017727639033,-0.0008333472224535399,0.5953263497179752,-8.058017727639034e-05
94478,21.26785446424107,0.5946817082997583,560,681,1241,0.0,-0.0008333472224535399,0.5952457695406987,-8.058017727639034e-05
94479,21.267021117018615,0.5946817082997583,560,681,1241,0.0,-0.0008333472224535399,0.5952457695406987,0.0
94480,21.26618776979616,0.5930701047542305,560,681,1241,-0.0016116035455278066,-0.0008333472224535399,0.5950040290088695,-0.00024174053182917098
94481,21.265354422573708,0.5930701047542305,560,681,1241,0.0,-0.0008333472224535399,0.5947622884770403,-0.00024174053182917098
94482,21.264521075351254,0.5938759065269944,560,681,1241,0.0008058017727639033,-0.0008333472224535399,0.5946011281224874,-0.00016116035455278067
94483,21.2636877281288,0.5938759065269944,560,681,1241,0.0,-0.0008333472224535399,0.5944399677679347,-0.00016116035455278067
94484,21.262854380906347,0.5938759065269944,560,681,1241,0.0,-0.0008333472224535399,0.5942788074133819,-0.00016116035455278067
94485,21.262021033683894,0.5930701047542305,560,681,1241,-0.0008058017727639033,-0.0008333472224535399,0.5940370668815527,-0.00024174053182917098
94486,21.26118768646144,0.5938759065269944,560,681,1241,0.0008058017727639033,-0.0008333472224535399,0.593875906527,-0.00016116035455278067
94487,21.260354339238987,0.5938759065269944,560,681,1241,0.0,-0.0008333472224535399,0.5937953263497235,-8.058017727639034e-05
94488,21.259520992016533,0.5938759065269944,560,681,1241,0.0,-0.0008333472224535399,0.5937147461724472,-8.058017727639034e-05
94489,21.25868764479408,0.5930701047542305,560,681,1241,-0.0008058017727639033,-0.0008333472224535399,0.5935535858178944,-0.00016116035455278067
94490,21.257854297571626,0.5930701047542305,560,681,1241,0.0,-0.0008333472224535399,0.5935535858178944,0.0
94491,21.257020950349172,0.5938759065269944,560,681,1241,0.0008058017727639033,-0.0008333472224535399,0.5936341659951709,8.058017727639034e-05
94492,21.25618760312672,0.5946817082997583,560,681,1241,0.0008058017727639033,-0.0008333472224535399,0.5937147461724472,8.058017727639034e-05
94493,21.255354255904265,0.5946817082997583,560,681,1241,0.0,-0.0008333472224535399,0.5937953263497235,8.058017727639034e-05
94494,21.254520908681812,0.5946817082997583,560,681,1241,0.0,-0.0008333472224535399,0.593875906527,8.058017727639034e-05
94495,21.253687561459355,0.5946817082997583,560,681,1241,0.0,-0.0008333472224570926,0.5940370668815527,0.00016116035455278067
94496,21.2528542142369,0.5946817082997583,560,681,1241,0.0,-0.0008333472224535399,0.5941176470588291,8.058017727639034e-05
94497,21.252020867014448,0.5946817082997583,560,681,1241,0.0,-0.0008333472224535399,0.5941982272361054,8.058017727639034e-05
94498,21.251187519791994,0.5946817082997583,560,681,1241,0.0,-0.0008333472224535399,0.5942788074133818,8.058017727639034e-05
94499,21.25035417256954,0.5946817082997583,560,681,1241,0.0,-0.0008333472224535399,0.5944399677679345,0.00016116035455278067
94500,21.249520825347087,0.5954875100725222,560,681,1241,0.0008058017727639033,-0.0008333472224535399,0.5946817082997637,0.00024174053182917098
94501,21.248687478124634,0.5946817082997583,560,681,1241,-0.0008058017727639033,-0.0008333472224535399,0.59476228847704,8.058017727639034e-05
94502,21.24785413090218,0.5954875100725222,560,681,1241,0.0008058017727639033,-0.0008333472224535399,0.5948428686543166,8.058017727639034e-05
94503,21.247020783679726,0.5954875100725222,560,681,1241,0.0,-0.0008333472224535399,0.594923448831593,8.058017727639034e-05
94504,21.246187436457273,0.5946817082997583,560,681,1241,-0.0008058017727639033,-0.0008333472224535399,0.594923448831593,0.0
94505,21.24535408923482,0.5946817082997583,560,681,1241,0.0,-0.0008333472224535399,0.594923448831593,0.0
94506,21.244520742012366,0.5946817082997583,560,681,1241,0.0,-0.0008333472224535399,0.594923448831593,0.0
94507,21.243687394789912,0.5946817082997583,560,681,1241,0.0,-0.0008333472224535399,0.594923448831593,0.0
94508,21.24285404756746,0.5946817082997583,560,681,1241,0.0,-0.0008333472224535399,0.594923448831593,0.0
94509,21.242020700345005,0.5946817082997583,560,681,1241,0.0,-0.0008333472224535399,0.594923448831593,0.0
94510,21.24118735312255,0.5962933118452861,560,681,1241,0.0016116035455278066,-0.0008333472224535399,0.5950040290088693,8.058017727639034e-05
94511,21.240354005900098,0.5954875100725222,560,681,1241,-0.0008058017727639033,-0.0008333472224535399,0.5950846091861457,8.058017727639034e-05
94512,21.239520658677645,0.5954875100725222,560,681,1241,0.0,-0.0008333472224535399,0.5950846091861457,0.0
94513,21.23868731145519,0.5962933118452861,560,681,1241,0.0008058017727639033,-0.0008333472224535399,0.5951651893634221,8.058017727639034e-05
94514,21.237853964232738,0.5962933118452861,560,681,1241,0.0,-0.0008333472224535399,0.5953263497179748,0.00016116035455278067
94515,21.237020617010284,0.5962933118452861,560,681,1241,0.0,-0.0008333472224535399,0.5954875100725276,0.00016116035455278067
94516,21.236187269787827,0.5962933118452861,560,681,1241,0.0,-0.0008333472224570926,0.5956486704270805,0.00016116035455278067
94517,21.235353922565373,0.5962933118452861,560,681,1241,0.0,-0.0008333472224535399,0.5958098307816332,0.00016116035455278067
94518,21.23452057534292,0.5962933118452861,560,681,1241,0.0,-0.0008333472224535399,0.595970991136186,0.00016116035455278067
94519,21.233687228120466,0.59709911361805,560,681,1241,0.0008058017727639033,-0.0008333472224535399,0.5962127316680153,0.00024174053182917098
94520,21.232853880898013,0.5979049153908138,560,681,1241,0.0008058017727637923,-0.0008333472224535399,0.596373892022568,0.00016116035455276956
94521,21.23202053367556,0.59709911361805,560,681,1241,-0.0008058017727637923,-0.0008333472224535399,0.5965350523771208,0.00016116035455278067
94522,21.231187186453106,0.5962933118452861,560,681,1241,-0.0008058017727639033,-0.0008333472224535399,0.5966156325543971,8.058017727639034e-05
94523,21.230353839230652,0.5962933118452861,560,681,1241,0.0,-0.0008333472224535399,0.5966156325543971,0.0
94524,21.2295204920082,0.5995165189363416,560,681,1241,0.003223207091055502,-0.0008333472224535399,0.5969379532635026,0.00032232070910555023
94525,21.228687144785745,0.6003223207091055,560,681,1241,0.0008058017727639033,-0.0008333472224535399,0.5973408541498847,0.00040290088638194054
94526,21.22785379756329,0.6019339242546333,560,681,1241,0.0016116035455278066,-0.0008333472224535399,0.5979049153908195,0.0005640612409347212
94527,21.227020450340838,0.6027397260273972,560,681,1241,0.0008058017727639033,-0.0008333472224535399,0.5985495568090305,0.0006446414182111115
94528,21.226187103118384,0.6035455278001611,560,681,1241,0.0008058017727639033,-0.0008333472224535399,0.5992747784045181,0.0007252215954875018
94529,21.22535375589593,0.6035455278001611,560,681,1241,0.0,-0.0008333472224535399,0.5999194198227292,0.0006446414182111115
94530,21.224520408673477,0.6019339242546333,560,681,1241,-0.0016116035455278066,-0.0008333472224535399,0.6003223207091113,0.00040290088638195165
94531,21.223687061451024,0.6011281224818694,560,681,1241,-0.0008058017727639033,-0.0008333472224535399,0.6007252215954931,0.00040290088638194054
94532,21.22285371422857,0.6011281224818694,560,681,1241,0.0,-0.0008333472224535399,0.6012087026591515,0.0004834810636583309
94533,21.222020367006117,0.6019339242546333,560,681,1241,0.0008058017727639033,-0.0008333472224535399,0.6017727639000863,0.0005640612409347212
94534,21.221187019783663,0.6027397260273972,560,681,1241,0.0008058017727639033,-0.0008333472224535399,0.6020950846091918,0.00032232070910556134
94535,21.22035367256121,0.6035455278001611,560,681,1241,0.0008058017727639033,-0.0008333472224535399,0.6024174053182973,0.00032232070910556134
94536,21.219520325338756,0.604351329572925,560,681,1241,0.0008058017727639033,-0.0008333472224535399,0.6026591458501265,0.00024174053182917098
94537,21.2186869781163,0.6035455278001611,560,681,1241,-0.0008058017727639033,-0.0008333472224570926,0.602739726027403,8.058017727639034e-05
94538,21.217853630893845,0.6035455278001611,560,681,1241,0.0,-0.0008333472224535399,0.602739726027403,0.0
94539,21.217020283671392,0.6027397260273972,560,681,1241,-0.0008058017727639033,-0.0008333472224535399,0.6026591458501265,-8.058017727639034e-05
94540,21.21618693644894,0.6035455278001611,560,681,1241,0.0008058017727639033,-0.0008333472224535399,0.6028203062046793,0.00016116035455278067
94541,21.215353589226485,0.6027397260273972,560,681,1241,-0.0008058017727639033,-0.0008333472224535399,0.6029814665592321,0.00016116035455278067
94542,21.21452024200403,0.6027397260273972,560,681,1241,0.0,-0.0008333472224535399,0.6031426269137848,0.00016116035455278067
94543,21.213686894781578,0.6019339242546333,560,681,1241,-0.0008058017727639033,-0.0008333472224535399,0.6031426269137848,0.0
94544,21.212853547559124,0.6035455278001611,560,681,1241,0.0016116035455278066,-0.0008333472224535399,0.6032232070910613,8.058017727639034e-05
94545,21.21202020033667,0.6019339242546333,560,681,1241,-0.0016116035455278066,-0.0008333472224535399,0.6030620467365085,-0.00016116035455278067
94546,21.211186853114217,0.6019339242546333,560,681,1241,0.0,-0.0008333472224535399,0.6028203062046794,-0.00024174053182917098
94547,21.210353505891764,0.6011281224818694,560,681,1241,-0.0008058017727639033,-0.0008333472224535399,0.6025785656728502,-0.00024174053182917098
94548,21.20952015866931,0.6027397260273972,560,681,1241,0.0016116035455278066,-0.0008333472224535399,0.6024979854955738,-8.058017727639034e-05
94549,21.208686811446857,0.6027397260273972,560,681,1241,0.0,-0.0008333472224535399,0.6024979854955738,0.0
94550,21.207853464224403,0.604351329572925,560,681,1241,0.0016116035455278066,-0.0008333472224535399,0.6025785656728501,8.058017727639034e-05
94551,21.20702011700195,0.6019339242546333,560,681,1241,-0.00241740531829171,-0.0008333472224535399,0.6024979854955738,-8.058017727639034e-05
94552,21.206186769779496,0.6011281224818694,560,681,1241,-0.0008058017727639033,-0.0008333472224535399,0.6023368251410209,-0.00016116035455278067
94553,21.205353422557042,0.6019339242546333,560,681,1241,0.0008058017727639033,-0.0008333472224535399,0.6023368251410209,0.0
94554,21.20452007533459,0.6019339242546333,560,681,1241,0.0,-0.0008333472224535399,0.6021756647864682,-0.00016116035455278067
94555,21.203686728112135,0.6019339242546333,560,681,1241,0.0,-0.0008333472224535399,0.6021756647864682,0.0
94556,21.20285338088968,0.6027397260273972,560,681,1241,0.0008058017727639033,-0.0008333472224535399,0.6022562449637445,8.058017727639034e-05
94557,21.202020033667228,0.6011281224818694,560,681,1241,-0.0016116035455278066,-0.0008333472224535399,0.6022562449637445,0.0
94558,21.20118668644477,0.6011281224818694,560,681,1241,0.0,-0.0008333472224570926,0.6020950846091917,-0.00016116035455278067
94559,21.200353339222318,0.6003223207091055,560,681,1241,-0.0008058017727639033,-0.0008333472224535399,0.6018533440773626,-0.00024174053182917098
94560,21.199519991999864,0.6011281224818694,560,681,1241,0.0008058017727639033,-0.0008333472224535399,0.601531023368257,-0.00032232070910556134
94561,21.19868664477741,0.6003223207091055,560,681,1241,-0.0008058017727639033,-0.0008333472224535399,0.6013698630137043,-0.00016116035455278067
94562,21.197853297554957,0.6011281224818694,560,681,1241,0.0008058017727639033,-0.0008333472224535399,0.6013698630137043,0.0
94563,21.197019950332503,0.6011281224818694,560,681,1241,0.0,-0.0008333472224535399,0.6012892828364278,-8.058017727639034e-05
94564,21.19618660311005,0.6003223207091055,560,681,1241,-0.0008058017727639033,-0.0008333472224535399,0.6011281224818751,-0.00016116035455278067
94565,21.195353255887596,0.5995165189363416,560,681,1241,-0.0008058017727639033,-0.0008333472224535399,0.6008863819500458,-0.00024174053182917098
94566,21.194519908665143,0.5995165189363416,560,681,1241,0.0,-0.0008333472224535399,0.6005640612409403,-0.00032232070910556134
94567,21.19368656144269,0.5987107171635777,560,681,1241,-0.0008058017727639033,-0.0008333472224535399,0.6003223207091112,-0.00024174053182917098
94568,21.192853214220236,0.5987107171635777,560,681,1241,0.0,-0.0008333472224535399,0.600080580177282,-0.00024174053182917098
94569,21.192019866997782,0.5987107171635777,560,681,1241,0.0,-0.0008333472224535399,0.5999194198227292,-0.00016116035455278067
94570,21.19118651977533,0.5995165189363416,560,681,1241,0.0008058017727639033,-0.0008333472224535399,0.5997582594681765,-0.00016116035455278067
94571,21.190353172552875,0.6003223207091055,560,681,1241,0.0008058017727639033,-0.0008333472224535399,0.5997582594681765,0.0
94572,21.18951982533042,0.6003223207091055,560,681,1241,0.0,-0.0008333472224535399,0.5996776792909001,-8.058017727639034e-05
94573,21.188686478107968,0.6003223207091055,560,681,1241,0.0,-0.0008333472224535399,0.5995970991136238,-8.058017727639034e-05
94574,21.187853130885514,0.6003223207091055,560,681,1241,0.0,-0.0008333472224535399,0.5995970991136238,0.0
94575,21.18701978366306,0.6011281224818694,560,681,1241,0.0008058017727639033,-0.0008333472224535399,0.5997582594681765,0.00016116035455278067
94576,21.186186436440607,0.6011281224818694,560,681,1241,0.0,-0.0008333472224535399,0.5999194198227293,0.00016116035455278067
94577,21.185353089218154,0.6011281224818694,560,681,1241,0.0,-0.0008333472224535399,0.6001611603545585,0.00024174053182917098
94578,21.1845197419957,0.6003223207091055,560,681,1241,-0.0008058017727639033,-0.0008333472224535399,0.6003223207091113,0.00016116035455278067
94579,21.183686394773247,0.6003223207091055,560,681,1241,0.0,-0.0008333472224535399,0.600483481063664,0.00016116035455278067
94580,21.18285304755079,0.5995165189363416,560,681,1241,-0.0008058017727639033,-0.0008333472224570926,0.600483481063664,0.0
94581,21.182019700328336,0.6003223207091055,560,681,1241,0.0008058017727639033,-0.0008333472224535399,0.600483481063664,0.0
94582,21.181186353105883,0.6003223207091055,560,681,1241,0.0,-0.0008333472224535399,0.600483481063664,0.0
94583,21.18035300588343,0.6003223207091055,560,681,1241,0.0,-0.0008333472224535399,0.600483481063664,0.0
94584,21.179519658660976,0.6011281224818694,560,681,1241,0.0008058017727639033,-0.0008333472224535399,0.6005640612409404,8.058017727639034e-05
94585,21.178686311438522,0.6003223207091055,560,681,1241,-0.0008058017727639033,-0.0008333472224535399,0.600483481063664,-8.058017727639034e-05
94586,21.17785296421607,0.6003223207091055,560,681,1241,0.0,-0.0008333472224535399,0.6004029008863877,-8.058017727639034e-05
94587,21.177019616993615,0.6011281224818694,560,681,1241,0.0008058017727639033,-0.0008333472224535399,0.6004029008863877,0.0
94588,21.17618626977116,0.6019339242546333,560,681,1241,0.0008058017727639033,-0.0008333472224535399,0.6005640612409404,0.00016116035455278067
94589,21.175352922548708,0.6019339242546333,560,681,1241,0.0,-0.0008333472224535399,0.6007252215954932,0.00016116035455278067
94590,21.174519575326254,0.6003223207091055,560,681,1241,-0.0016116035455278066,-0.0008333472224535399,0.6008058017727697,8.058017727639034e-05
94591,21.1736862281038,0.6003223207091055,560,681,1241,0.0,-0.0008333472224535399,0.6008058017727697,0.0
94592,21.172852880881347,0.6011281224818694,560,681,1241,0.0008058017727639033,-0.0008333472224535399,0.6008863819500461,8.058017727639034e-05
94593,21.172019533658894,0.6019339242546333,560,681,1241,0.0008058017727639033,-0.0008333472224535399,0.6010475423045988,0.00016116035455278067
94594,21.17118618643644,0.6027397260273972,560,681,1241,0.0008058017727639033,-0.0008333472224535399,0.6012087026591516,0.00016116035455278067
94595,21.170352839213987,0.6019339242546333,560,681,1241,-0.0008058017727639033,-0.0008333472224535399,0.6013698630137043,0.00016116035455278067
94596,21.169519491991533,0.6011281224818694,560,681,1241,-0.0008058017727639033,-0.0008333472224535399,0.6014504431909807,8.058017727639034e-05
94597,21.16868614476908,0.6011281224818694,560,681,1241,0.0,-0.0008333472224535399,0.6014504431909807,0.0
94598,21.167852797546626,0.6011281224818694,560,681,1241,0.0,-0.0008333472224535399,0.6013698630137043,-8.058017727639034e-05
94599,21.167019450324172,0.6019339242546333,560,681,1241,0.0008058017727639033,-0.0008333472224535399,0.6013698630137043,0.0
94600,21.16618610310172,0.6011281224818694,560,681,1241,-0.0008058017727639033,-0.0008333472224535399,0.6014504431909806,8.058017727639034e-05
94601,21.165352755879262,0.6019339242546333,560,681,1241,0.0008058017727639033,-0.0008333472224570926,0.6016116035455334,0.00016116035455278067
94602,21.16451940865681,0.6019339242546333,560,681,1241,0.0,-0.0008333472224535399,0.6016921837228099,8.058017727639034e-05
94603,21.163686061434355,0.6019339242546333,560,681,1241,0.0,-0.0008333472224535399,0.6016921837228099,0.0
94604,21.1628527142119,0.6027397260273972,560,681,1241,0.0008058017727639033,-0.0008333472224535399,0.6016921837228099,0.0
94605,21.162019366989448,0.6019339242546333,560,681,1241,-0.0008058017727639033,-0.0008333472224535399,0.6016921837228099,0.0
94606,21.161186019766994,0.6011281224818694,560,681,1241,-0.0008058017727639033,-0.0008333472224535399,0.6016921837228099,0.0
94607,21.16035267254454,0.6003223207091055,560,681,1241,-0.0008058017727639033,-0.0008333472224535399,0.6016116035455334,-8.058017727639034e-05
94608,21.159519325322087,0.6019339242546333,560,681,1241,0.0016116035455278066,-0.0008333472224535399,0.60169218372281,8.058017727639034e-05
94609,21.158685978099633,0.6011281224818694,560,681,1241,-0.0008058017727639033,-0.0008333472224535399,0.6016116035455334,-8.058017727639034e-05
94610,21.15785263087718,0.6003223207091055,560,681,1241,-0.0008058017727639033,-0.0008333472224535399,0.6015310233682571,-8.058017727639034e-05
94611,21.157019283654726,0.5995165189363416,560,681,1241,-0.0008058017727639033,-0.0008333472224535399,0.6012892828364279,-0.00024174053182917098
94612,21.156185936432273,0.6003223207091055,560,681,1241,0.0008058017727639033,-0.0008333472224535399,0.6011281224818752,-0.00016116035455278067
94613,21.15535258920982,0.6011281224818694,560,681,1241,0.0008058017727639033,-0.0008333472224535399,0.6010475423045987,-8.058017727639034e-05
94614,21.154519241987366,0.6011281224818694,560,681,1241,0.0,-0.0008333472224535399,0.600886381950046,-0.00016116035455278067
94615,21.153685894764912,0.6003223207091055,560,681,1241,-0.0008058017727639033,-0.0008333472224535399,0.6007252215954931,-0.00016116035455278067
94616,21.15285254754246,0.6003223207091055,560,681,1241,0.0,-0.0008333472224535399,0.6006446414182168,-8.058017727639034e-05
94617,21.152019200320005,0.6003223207091055,560,681,1241,0.0,-0.0008333472224535399,0.6006446414182168,0.0
94618,21.15118585309755,0.6011281224818694,560,681,1241,0.0008058017727639033,-0.0008333472224535399,0.6005640612409404,-8.058017727639034e-05
94619,21.150352505875098,0.6011281224818694,560,681,1241,0.0,-0.0008333472224535399,0.6005640612409404,0.0
94620,21.149519158652645,0.5995165189363416,560,681,1241,-0.0016116035455278066,-0.0008333472224535399,0.6004834810636639,-8.058017727639034e-05
94621,21.14868581143019,0.5995165189363416,560,681,1241,0.0,-0.0008333472224535399,0.6004834810636639,0.0
94622,21.147852464207734,0.5987107171635777,560,681,1241,-0.0008058017727639033,-0.0008333472224570926,0.6003223207091112,-0.00016116035455278067
94623,21.14701911698528,0.5979049153908138,560,681,1241,-0.0008058017727639033,-0.0008333472224535399,0.6000000000000056,-0.00032232070910556134
94624,21.146185769762827,0.5979049153908138,560,681,1241,0.0,-0.0008333472224535399,0.5996776792909,-0.00032232070910556134
94625,21.145352422540373,0.5979049153908138,560,681,1241,0.0,-0.0008333472224535399,0.5994359387590709,-0.00024174053182917098
94626,21.14451907531792,0.5987107171635777,560,681,1241,0.0008058017727639033,-0.0008333472224535399,0.599274778404518,-0.00016116035455278067
94627,21.143685728095466,0.5979049153908138,560,681,1241,-0.0008058017727639033,-0.0008333472224535399,0.5990330378726888,-0.00024174053182917098
94628,21.142852380873013,0.5979049153908138,560,681,1241,0.0,-0.0008333472224535399,0.5987107171635833,-0.00032232070910556134
94629,21.14201903365056,0.5979049153908138,560,681,1241,0.0,-0.0008333472224535399,0.5983883964544777,-0.00032232070910556134
94630,21.141185686428106,0.5979049153908138,560,681,1241,0.0,-0.0008333472224535399,0.5982272360999249,-0.00016116035455278067
94631,21.140352339205652,0.5979049153908138,560,681,1241,0.0,-0.0008333472224535399,0.5980660757453722,-0.00016116035455278067
94632,21.1395189919832,0.5979049153908138,560,681,1241,0.0,-0.0008333472224535399,0.5979854955680957,-8.058017727639034e-05
94633,21.138685644760745,0.5987107171635777,560,681,1241,0.0008058017727639033,-0.0008333472224535399,0.5980660757453722,8.058017727639034e-05
94634,21.13785229753829,0.5987107171635777,560,681,1241,0.0,-0.0008333472224535399,0.5981466559226486,8.058017727639034e-05
94635,21.137018950315838,0.5995165189363416,560,681,1241,0.0008058017727639033,-0.0008333472224535399,0.5983078162772013,0.00016116035455278067
94636,21.136185603093384,0.6011281224818694,560,681,1241,0.0016116035455278066,-0.0008333472224535399,0.5985495568090304,0.00024174053182917098
94637,21.13535225587093,0.6011281224818694,560,681,1241,0.0,-0.0008333472224535399,0.5988718775181361,0.00032232070910556134
94638,21.134518908648477,0.6019339242546333,560,681,1241,0.0008058017727639033,-0.0008333472224535399,0.599274778404518,0.00040290088638195165
94639,21.133685561426024,0.6027397260273972,560,681,1241,0.0008058017727639033,-0.0008333472224535399,0.5997582594681764,0.00048348106365834196
94640,21.13285221420357,0.6027397260273972,560,681,1241,0.0,-0.0008333472224535399,0.6002417405318348,0.00048348106365834196
94641,21.132018866981117,0.6027397260273972,560,681,1241,0.0,-0.0008333472224535399,0.600725221595493,0.00048348106365834196
94642,21.131185519758663,0.6027397260273972,560,681,1241,0.0,-0.0008333472224535399,0.6012087026591514,0.00048348106365834196
94643,21.130352172536206,0.6027397260273972,560,681,1241,0.0,-0.0008333472224570926,0.6016116035455333,0.00040290088638195165
94644,21.129518825313752,0.6027397260273972,560,681,1241,0.0,-0.0008333472224535399,0.6020145044319152,0.00040290088638195165
94645,21.1286854780913,0.6027397260273972,560,681,1241,0.0,-0.0008333472224535399,0.6023368251410208,0.00032232070910556134
94646,21.127852130868845,0.6027397260273972,560,681,1241,0.0,-0.0008333472224535399,0.6024979854955735,0.00016116035455278067
94647,21.127018783646392,0.6035455278001611,560,681,1241,0.0008058017727639033,-0.0008333472224535399,0.6027397260274028,0.00024174053182917098
94648,21.12618543642394,0.6035455278001611,560,681,1241,0.0,-0.0008333472224535399,0.6029008863819556,0.00016116035455278067
94649,21.125352089201485,0.6051571313456889,560,681,1241,0.0016116035455278066,-0.0008333472224535399,0.6031426269137847,0.00024174053182917098
94650,21.12451874197903,0.6059629331184528,560,681,1241,0.0008058017727639033,-0.0008333472224535399,0.6034649476228904,0.00032232070910556134
94651,21.123685394756578,0.6059629331184528,560,681,1241,0.0,-0.0008333472224535399,0.6037872683319959,0.00032232070910556134
94652,21.122852047534124,0.6067687348912167,560,681,1241,0.0008058017727639033,-0.0008333472224535399,0.6041901692183779,0.00040290088638195165
94653,21.12201870031167,0.6051571313456889,560,681,1241,-0.0016116035455278066,-0.0008333472224535399,0.6044319097502071,0.00024174053182917098
94654,21.121185353089217,0.604351329572925,560,681,1241,-0.0008058017727639033,-0.0008333472224535399,0.6045930701047599,0.00016116035455278067
94655,21.120352005866764,0.6051571313456889,560,681,1241,0.0008058017727639033,-0.0008333472224535399,0.6048348106365891,0.00024174053182917098
94656,21.11951865864431,0.6059629331184528,560,681,1241,0.0008058017727639033,-0.0008333472224535399,0.6051571313456947,0.00032232070910556134
94657,21.118685311421856,0.6059629331184528,560,681,1241,0.0,-0.0008333472224535399,0.6053988718775238,0.00024174053182917098
94658,21.117851964199403,0.604351329572925,560,681,1241,-0.0016116035455278066,-0.0008333472224535399,0.6054794520548001,8.058017727639034e-05
94659,21.11701861697695,0.6051571313456889,560,681,1241,0.0008058017727639033,-0.0008333472224535399,0.6054794520548001,0.0
94660,21.116185269754496,0.6051571313456889,560,681,1241,0.0,-0.0008333472224535399,0.6053988718775238,-8.058017727639034e-05
94661,21.115351922532042,0.6035455278001611,560,681,1241,-0.0016116035455278066,-0.0008333472224535399,0.6051571313456947,-0.00024174053182917098
94662,21.11451857530959,0.6035455278001611,560,681,1241,0.0,-0.0008333472224535399,0.6048348106365891,-0.00032232070910556134
94663,21.113685228087135,0.604351329572925,560,681,1241,0.0008058017727639033,-0.0008333472224535399,0.6047542304593126,-8.058017727639034e-05
94664,21.112851880864678,0.6035455278001611,560,681,1241,-0.0008058017727639033,-0.0008333472224570926,0.6046736502820363,-8.058017727639034e-05
94665,21.112018533642225,0.6019339242546333,560,681,1241,-0.0016116035455278066,-0.0008333472224535399,0.6043513295729308,-0.00032232070910556134
94666,21.11118518641977,0.6019339242546333,560,681,1241,0.0,-0.0008333472224535399,0.6039484286865489,-0.00040290088638195165
94667,21.110351839197318,0.6019339242546333,560,681,1241,0.0,-0.0008333472224535399,0.6035455278001669,-0.00040290088638195165
94668,21.109518491974864,0.6011281224818694,560,681,1241,-0.0008058017727639033,-0.0008333472224535399,0.6032232070910614,-0.00032232070910556134
94669,21.10868514475241,0.5995165189363416,560,681,1241,-0.0016116035455278066,-0.0008333472224535399,0.6026591458501266,-0.0005640612409347323
94670,21.107851797529957,0.5987107171635777,560,681,1241,-0.0008058017727639033,-0.0008333472224535399,0.6020145044319155,-0.0006446414182111227
94671,21.107018450307503,0.5987107171635777,560,681,1241,0.0,-0.0008333472224535399,0.6015310233682571,-0.00048348106365834196
94672,21.10618510308505,0.5979049153908138,560,681,1241,-0.0008058017727639033,-0.0008333472224535399,0.6009669621273224,-0.0005640612409347323
94673,21.105351755862596,0.59709911361805,560,681,1241,-0.0008058017727637923,-0.0008333472224535399,0.6002417405318349,-0.0007252215954875018
94674,21.104518408640143,0.5979049153908138,560,681,1241,0.0008058017727637923,-0.0008333472224535399,0.5996776792909001,-0.0005640612409347323
94675,21.10368506141769,0.5987107171635777,560,681,1241,0.0008058017727639033,-0.0008333472224535399,0.5993553585817946,-0.00032232070910556134
94676,21.102851714195236,0.5995165189363416,560,681,1241,0.0008058017727639033,-0.0008333472224535399,0.5991136180499653,-0.00024174053182917098
94677,21.102018366972782,0.5995165189363416,560,681,1241,0.0,-0.0008333472224535399,0.5988718775181361,-0.00024174053182917098
94678,21.10118501975033,0.5995165189363416,560,681,1241,0.0,-0.0008333472224535399,0.5987107171635834,-0.00016116035455278067
94679,21.100351672527875,0.6011281224818694,560,681,1241,0.0016116035455278066,-0.0008333472224535399,0.5988718775181361,0.00016116035455278067
94680,21.09951832530542,0.6003223207091055,560,681,1241,-0.0008058017727639033,-0.0008333472224535399,0.5990330378726889,0.00016116035455278067
94681,21.098684978082968,0.6003223207091055,560,681,1241,0.0,-0.0008333472224535399,0.5991941982272417,0.00016116035455278067
94682,21.097851630860514,0.5995165189363416,560,681,1241,-0.0008058017727639033,-0.0008333472224535399,0.5993553585817945,0.00016116035455278067
94683,21.09701828363806,0.6003223207091055,560,681,1241,0.0008058017727639033,-0.0008333472224535399,0.5996776792909,0.00032232070910555023
94684,21.096184936415607,0.6003223207091055,560,681,1241,0.0,-0.0008333472224535399,0.5999194198227292,0.00024174053182917098
94685,21.09535158919315,0.6003223207091055,560,681,1241,0.0,-0.0008333472224570926,0.600080580177282,0.00016116035455278067
94686,21.094518241970697,0.6003223207091055,560,681,1241,0.0,-0.0008333472224535399,0.6001611603545585,8.058017727639034e-05
94687,21.093684894748243,0.5995165189363416,560,681,1241,-0.0008058017727639033,-0.0008333472224535399,0.6001611603545585,0.0
94688,21.09285154752579,0.6003223207091055,560,681,1241,0.0008058017727639033,-0.0008333472224535399,0.6002417405318349,8.058017727639034e-05
94689,21.092018200303336,0.6003223207091055,560,681,1241,0.0,-0.0008333472224535399,0.6001611603545586,-8.058017727639034e-05
94690,21.091184853080883,0.6003223207091055,560,681,1241,0.0,-0.0008333472224535399,0.6001611603545586,0.0
94691,21.09035150585843,0.5995165189363416,560,681,1241,-0.0008058017727639033,-0.0008333472224535399,0.6000805801772822,-8.058017727639034e-05
94692,21.089518158635975,0.5995165189363416,560,681,1241,0.0,-0.0008333472224535399,0.6000805801772822,0.0
94693,21.088684811413522,0.6003223207091055,560,681,1241,0.0008058017727639033,-0.0008333472224535399,0.6000805801772822,0.0
94694,21.08785146419107,0.6011281224818694,560,681,1241,0.0008058017727639033,-0.0008333472224535399,0.6001611603545585,8.058017727639034e-05
94695,21.087018116968615,0.6011281224818694,560,681,1241,0.0,-0.0008333472224535399,0.6002417405318348,8.058017727639034e-05
94696,21.08618476974616,0.6003223207091055,560,681,1241,-0.0008058017727639033,-0.0008333472224535399,0.6002417405318348,0.0
94697,21.085351422523708,0.5995165189363416,560,681,1241,-0.0008058017727639033,-0.0008333472224535399,0.6002417405318348,0.0
94698,21.084518075301254,0.5995165189363416,560,681,1241,0.0,-0.0008333472224535399,0.6001611603545584,-8.058017727639034e-05
94699,21.0836847280788,0.5995165189363416,560,681,1241,0.0,-0.0008333472224535399,0.6000805801772819,-8.058017727639034e-05
94700,21.082851380856347,0.6003223207091055,560,681,1241,0.0008058017727639033,-0.0008333472224535399,0.6000805801772819,0.0
94701,21.082018033633894,0.6003223207091055,560,681,1241,0.0,-0.0008333472224535399,0.6001611603545584,8.058017727639034e-05
94702,21.08118468641144,0.6011281224818694,560,681,1241,0.0008058017727639033,-0.0008333472224535399,0.6003223207091112,0.00016116035455278067
94703,21.080351339188987,0.6003223207091055,560,681,1241,-0.0008058017727639033,-0.0008333472224535399,0.6003223207091112,0.0
94704,21.079517991966533,0.6003223207091055,560,681,1241,0.0,-0.0008333472224535399,0.6002417405318348,-8.058017727639034e-05
94705,21.07868464474408,0.6003223207091055,560,681,1241,0.0,-0.0008333472224535399,0.6001611603545585,-8.058017727639034e-05
94706,21.077851297521626,0.5995165189363416,560,681,1241,-0.0008058017727639033,-0.0008333472224535399,0.600080580177282,-8.058017727639034e-05
94707,21.07701795029917,0.5995165189363416,560,681,1241,0.0,-0.0008333472224570926,0.600080580177282,0.0
94708,21.076184603076715,0.5987107171635777,560,681,1241,-0.0008058017727639033,-0.0008333472224535399,0.6000000000000056,-8.058017727639034e-05
94709,21.07535125585426,0.5987107171635777,560,681,1241,0.0,-0.0008333472224535399,0.5999194198227293,-8.058017727639034e-05
94710,21.074517908631808,0.5987107171635777,560,681,1241,0.0,-0.0008333472224535399,0.5997582594681765,-0.00016116035455278067
94711,21.073684561409355,0.5995165189363416,560,681,1241,0.0008058017727639033,-0.0008333472224535399,0.5996776792909001,-8.058017727639034e-05
94712,21.0728512141869,0.6003223207091055,560,681,1241,0.0008058017727639033,-0.0008333472224535399,0.5995970991136238,-8.058017727639034e-05
94713,21.072017866964448,0.6003223207091055,560,681,1241,0.0,-0.0008333472224535399,0.5995970991136238,0.0
94714,21.071184519741994,0.6003223207091055,560,681,1241,0.0,-0.0008333472224535399,0.5995970991136238,0.0
94715,21.07035117251954,0.5987107171635777,560,681,1241,-0.0016116035455278066,-0.0008333472224535399,0.599435938759071,-0.00016116035455278067
94716,21.069517825297087,0.5979049153908138,560,681,1241,-0.0008058017727639033,-0.0008333472224535399,0.5992747784045183,-0.00016116035455278067
94717,21.068684478074633,0.5962933118452861,560,681,1241,-0.0016116035455276956,-0.0008333472224535399,0.5989524576954126,-0.00032232070910555023
94718,21.06785113085218,0.5954875100725222,560,681,1241,-0.0008058017727639033,-0.0008333472224535399,0.5986301369863071,-0.00032232070910555023
94719,21.067017783629726,0.5962933118452861,560,681,1241,0.0008058017727639033,-0.0008333472224535399,0.5983883964544778,-0.0002417405318291599
94720,21.066184436407273,0.5979049153908138,560,681,1241,0.0016116035455276956,-0.0008333472224535399,0.5983078162772014,-8.058017727639034e-05
94721,21.06535108918482,0.5979049153908138,560,681,1241,0.0,-0.0008333472224535399,0.5981466559226487,-0.00016116035455278067
94722,21.064517741962366,0.5979049153908138,560,681,1241,0.0,-0.0008333472224535399,0.5979049153908195,-0.00024174053182917098
94723,21.063684394739912,0.5987107171635777,560,681,1241,0.0008058017727639033,-0.0008333472224535399,0.5977437550362666,-0.00016116035455278067
94724,21.06285104751746,0.6003223207091055,560,681,1241,0.0016116035455278066,-0.0008333472224535399,0.5977437550362666,0.0
94725,21.062017700295005,0.6003223207091055,560,681,1241,0.0,-0.0008333472224535399,0.5979049153908195,0.00016116035455278067
94726,21.06118435307255,0.6003223207091055,560,681,1241,0.0,-0.0008333472224535399,0.5981466559226487,0.00024174053182917098
94727,21.060351005850098,0.5995165189363416,560,681,1241,-0.0008058017727639033,-0.0008333472224535399,0.5984689766317542,0.00032232070910555023
94728,21.05951765862764,0.5995165189363416,560,681,1241,0.0,-0.0008333472224570926,0.5988718775181361,0.00040290088638194054
94729,21.058684311405187,0.6011281224818694,560,681,1241,0.0016116035455278066,-0.0008333472224535399,0.5993553585817945,0.0004834810636583309
94730,21.057850964182734,0.6011281224818694,560,681,1241,0.0,-0.0008333472224535399,0.5996776792909,0.00032232070910556134
94731,21.05701761696028,0.6011281224818694,560,681,1241,0.0,-0.0008333472224535399,0.6000000000000056,0.00032232070910556134
94732,21.056184269737827,0.5995165189363416,560,681,1241,-0.0016116035455278066,-0.0008333472224535399,0.6001611603545584,0.00016116035455278067
94733,21.055350922515373,0.6003223207091055,560,681,1241,0.0008058017727639033,-0.0008333472224535399,0.6003223207091112,0.00016116035455278067
94734,21.05451757529292,0.6003223207091055,560,681,1241,0.0,-0.0008333472224535399,0.6003223207091112,0.0
94735,21.053684228070466,0.6003223207091055,560,681,1241,0.0,-0.0008333472224535399,0.6003223207091112,0.0
94736,21.052850880848013,0.6003223207091055,560,681,1241,0.0,-0.0008333472224535399,0.6003223207091112,0.0
94737,21.05201753362556,0.6003223207091055,560,681,1241,0.0,-0.0008333472224535399,0.6004029008863876,8.058017727639034e-05
94738,21.051184186403106,0.6003223207091055,560,681,1241,0.0,-0.0008333472224535399,0.600483481063664,8.058017727639034e-05
94739,21.050350839180652,0.5995165189363416,560,681,1241,-0.0008058017727639033,-0.0008333472224535399,0.6003223207091113,-0.00016116035455278067
94740,21.0495174919582,0.5987107171635777,560,681,1241,-0.0008058017727639033,-0.0008333472224535399,0.6000805801772822,-0.00024174053182917098
94741,21.048684144735745,0.5995165189363416,560,681,1241,0.0008058017727639033,-0.0008333472224535399,0.5999194198227293,-0.00016116035455278067
94742,21.04785079751329,0.5987107171635777,560,681,1241,-0.0008058017727639033,-0.0008333472224535399,0.599838839645453,-8.058017727639034e-05
94743,21.047017450290838,0.5987107171635777,560,681,1241,0.0,-0.0008333472224535399,0.5996776792909002,-0.00016116035455278067
94744,21.046184103068384,0.5979049153908138,560,681,1241,-0.0008058017727639033,-0.0008333472224535399,0.599435938759071,-0.00024174053182917098
94745,21.04535075584593,0.5979049153908138,560,681,1241,0.0,-0.0008333472224535399,0.5991941982272417,-0.00024174053182917098
94746,21.044517408623477,0.5979049153908138,560,681,1241,0.0,-0.0008333472224535399,0.5989524576954126,-0.00024174053182917098
94747,21.043684061401024,0.59709911361805,560,681,1241,-0.0008058017727637923,-0.0008333472224535399,0.598630136986307,-0.00032232070910555023
94748,21.04285071417857,0.5979049153908138,560,681,1241,0.0008058017727637923,-0.0008333472224535399,0.5983883964544778,-0.00024174053182917098
94749,21.042017366956113,0.5979049153908138,560,681,1241,0.0,-0.0008333472224570926,0.598227236099925,-0.00016116035455278067
94750,21.04118401973366,0.5979049153908138,560,681,1241,0.0,-0.0008333472224535399,0.5981466559226486,-8.058017727639034e-05
94751,21.040350672511206,0.5979049153908138,560,681,1241,0.0,-0.0008333472224535399,0.5979854955680958,-0.00016116035455278067
94752,21.039517325288752,0.5979049153908138,560,681,1241,0.0,-0.0008333472224535399,0.5979049153908194,-8.058017727639034e-05
94753,21.0386839780663,0.5979049153908138,560,681,1241,0.0,-0.0008333472224535399,0.597824335213543,-8.058017727639034e-05
94754,21.037850630843845,0.5979049153908138,560,681,1241,0.0,-0.0008333472224535399,0.597824335213543,0.0
94755,21.037017283621392,0.59709911361805,560,681,1241,-0.0008058017727637923,-0.0008333472224535399,0.5977437550362665,-8.058017727637922e-05
94756,21.03618393639894,0.59709911361805,560,681,1241,0.0,-0.0008333472224535399,0.5976631748589902,-8.058017727637922e-05
94757,21.035350589176485,0.5962933118452861,560,681,1241,-0.0008058017727639033,-0.0008333472224535399,0.5975825946817138,-8.058017727639034e-05
94758,21.03451724195403,0.5954875100725222,560,681,1241,-0.0008058017727639033,-0.0008333472224535399,0.5973408541498847,-0.0002417405318291599
94759,21.033683894731578,0.5946817082997583,560,681,1241,-0.0008058017727639033,-0.0008333472224535399,0.5970185334407792,-0.00032232070910555023
94760,21.032850547509124,0.5946817082997583,560,681,1241,0.0,-0.0008333472224535399,0.5966962127316735,-0.00032232070910555023
94761,21.03201720028667,0.5946817082997583,560,681,1241,0.0,-0.0008333472224535399,0.596373892022568,-0.00032232070910555023
94762,21.031183853064217,0.5946817082997583,560,681,1241,0.0,-0.0008333472224535399,0.5960515713134624,-0.00032232070910555023
94763,21.030350505841763,0.5946817082997583,560,681,1241,0.0,-0.0008333472224535399,0.5957292506043569,-0.00032232070910555023
94764,21.02951715861931,0.5946817082997583,560,681,1241,0.0,-0.0008333472224535399,0.5954069298952513,-0.00032232070910555023
94765,21.028683811396856,0.5938759065269944,560,681,1241,-0.0008058017727639033,-0.0008333472224535399,0.5950846091861457,-0.00032232070910556134
94766,21.027850464174403,0.5930701047542305,560,681,1241,-0.0008058017727639033,-0.0008333472224535399,0.5946817082997637,-0.00040290088638195165
94767,21.02701711695195,0.5930701047542305,560,681,1241,0.0,-0.0008333472224535399,0.5943593875906582,-0.00032232070910556134
94768,21.026183769729496,0.5930701047542305,560,681,1241,0.0,-0.0008333472224535399,0.594117647058829,-0.00024174053182917098
94769,21.025350422507042,0.5930701047542305,560,681,1241,0.0,-0.0008333472224535399,0.5939564867042761,-0.00016116035455278067
94770,21.024517075284585,0.5914585012087027,560,681,1241,-0.0016116035455278066,-0.0008333472224570926,0.5936341659951706,-0.00032232070910556134
94771,21.02368372806213,0.5914585012087027,560,681,1241,0.0,-0.0008333472224535399,0.5933118452860651,-0.00032232070910556134
94772,21.022850380839678,0.5914585012087027,560,681,1241,0.0,-0.0008333472224535399,0.5929895245769595,-0.00032232070910556134
94773,21.022017033617225,0.5914585012087027,560,681,1241,0.0,-0.0008333472224535399,0.592667203867854,-0.00032232070910556134
94774,21.02118368639477,0.5914585012087027,560,681,1241,0.0,-0.0008333472224535399,0.5923448831587483,-0.00032232070910556134
94775,21.020350339172317,0.5922643029814666,560,681,1241,0.0008058017727639033,-0.0008333472224535399,0.5921837228041956,-0.00016116035455278067
94776,21.019516991949864,0.5930701047542305,560,681,1241,0.0008058017727639033,-0.0008333472224535399,0.5921837228041956,0.0
94777,21.01868364472741,0.5930701047542305,560,681,1241,0.0,-0.0008333472224535399,0.5921837228041956,0.0
94778,21.017850297504957,0.5930701047542305,560,681,1241,0.0,-0.0008333472224535399,0.5921837228041956,0.0
94779,21.017016950282503,0.5922643029814666,560,681,1241,-0.0008058017727639033,-0.0008333472224535399,0.5921031426269192,-8.058017727639034e-05
94780,21.01618360306005,0.5922643029814666,560,681,1241,0.0,-0.0008333472224535399,0.5921837228041957,8.058017727639034e-05
94781,21.015350255837596,0.5922643029814666,560,681,1241,0.0,-0.0008333472224535399,0.5922643029814721,8.058017727639034e-05
94782,21.014516908615143,0.5922643029814666,560,681,1241,0.0,-0.0008333472224535399,0.5923448831587486,8.058017727639034e-05
94783,21.01368356139269,0.5922643029814666,560,681,1241,0.0,-0.0008333472224535399,0.592425463336025,8.058017727639034e-05
94784,21.012850214170236,0.5922643029814666,560,681,1241,0.0,-0.0008333472224535399,0.5925060435133014,8.058017727639034e-05
94785,21.012016866947782,0.5930701047542305,560,681,1241,0.0008058017727639033,-0.0008333472224535399,0.5925866236905778,8.058017727639034e-05
94786,21.01118351972533,0.5930701047542305,560,681,1241,0.0,-0.0008333472224535399,0.5925866236905778,0.0
94787,21.010350172502875,0.5930701047542305,560,681,1241,0.0,-0.0008333472224535399,0.5925866236905778,0.0
94788,21.00951682528042,0.5938759065269944,560,681,1241,0.0008058017727639033,-0.0008333472224535399,0.5926672038678542,8.058017727639034e-05
94789,21.008683478057968,0.5930701047542305,560,681,1241,-0.0008058017727639033,-0.0008333472224535399,0.5927477840451305,8.058017727639034e-05
94790,21.007850130835514,0.5938759065269944,560,681,1241,0.0008058017727639033,-0.0008333472224535399,0.5929089443996833,0.00016116035455278067
94791,21.007016783613057,0.5946817082997583,560,681,1241,0.0008058017727639033,-0.0008333472224570926,0.5931506849315125,0.00024174053182917098
94792,21.006183436390604,0.5946817082997583,560,681,1241,0.0,-0.0008333472224535399,0.5933924254633416,0.00024174053182917098
94793,21.00535008916815,0.5946817082997583,560,681,1241,0.0,-0.0008333472224535399,0.5936341659951707,0.00024174053182917098
94794,21.004516741945697,0.5946817082997583,560,681,1241,0.0,-0.0008333472224535399,0.5938759065269998,0.00024174053182917098
94795,21.003683394723243,0.5922643029814666,560,681,1241,-0.00241740531829171,-0.0008333472224535399,0.5937953263497235,-8.058017727639034e-05
94796,21.00285004750079,0.5922643029814666,560,681,1241,0.0,-0.0008333472224535399,0.5937147461724471,-8.058017727639034e-05
94797,21.002016700278336,0.5930701047542305,560,681,1241,0.0008058017727639033,-0.0008333472224535399,0.5937147461724471,0.0
94798,21.001183353055882,0.5922643029814666,560,681,1241,-0.0008058017727639033,-0.0008333472224535399,0.5935535858178944,-0.00016116035455278067
94799,21.00035000583343,0.5922643029814666,560,681,1241,0.0,-0.0008333472224535399,0.593473005640618,-8.058017727639034e-05
94800,20.999516658610975,0.5906526994359388,560,681,1241,-0.0016116035455278066,-0.0008333472224535399,0.5931506849315125,-0.00032232070910556134
94801,20.998683311388522,0.5906526994359388,560,681,1241,0.0,-0.0008333472224535399,0.5927477840451305,-0.00040290088638195165
94802,20.99784996416607,0.5906526994359388,560,681,1241,0.0,-0.0008333472224535399,0.5923448831587487,-0.00040290088638195165
94803,20.997016616943615,0.5914585012087027,560,681,1241,0.0008058017727639033,-0.0008333472224535399,0.5920225624496431,-0.00032232070910556134
94804,20.99618326972116,0.5906526994359388,560,681,1241,-0.0008058017727639033,-0.0008333472224535399,0.5916196615632612,-0.00040290088638195165
94805,20.995349922498708,0.5898468976631749,560,681,1241,-0.0008058017727639033,-0.0008333472224535399,0.5913779210314319,-0.00024174053182917098
94806,20.994516575276254,0.5898468976631749,560,681,1241,0.0,-0.0008333472224535399,0.5911361804996027,-0.00024174053182917098
94807,20.9936832280538,0.5906526994359388,560,681,1241,0.0008058017727639033,-0.0008333472224535399,0.5908944399677736,-0.00024174053182917098
94808,20.992849880831347,0.5906526994359388,560,681,1241,0.0,-0.0008333472224535399,0.5907332796132209,-0.00016116035455278067
94809,20.992016533608894,0.5906526994359388,560,681,1241,0.0,-0.0008333472224535399,0.590572119258668,-0.00016116035455278067
94810,20.99118318638644,0.5906526994359388,560,681,1241,0.0,-0.0008333472224535399,0.590572119258668,0.0
94811,20.990349839163986,0.5906526994359388,560,681,1241,0.0,-0.0008333472224535399,0.590572119258668,0.0
94812,20.989516491941533,0.5906526994359388,560,681,1241,0.0,-0.0008333472224535399,0.590572119258668,0.0
94813,20.988683144719076,0.5906526994359388,560,681,1241,0.0,-0.0008333472224570926,0.5904915390813917,-8.058017727639034e-05
94814,20.987849797496622,0.5906526994359388,560,681,1241,0.0,-0.0008333472224535399,0.5904915390813917,0.0
94815,20.98701645027417,0.5906526994359388,560,681,1241,0.0,-0.0008333472224535399,0.5905721192586681,8.058017727639034e-05
94816,20.986183103051715,0.5906526994359388,560,681,1241,0.0,-0.0008333472224535399,0.5906526994359446,8.058017727639034e-05
94817,20.98534975582926,0.5898468976631749,560,681,1241,-0.0008058017727639033,-0.0008333472224535399,0.5905721192586681,-8.058017727639034e-05
94818,20.984516408606808,0.589041095890411,560,681,1241,-0.0008058017727639033,-0.0008333472224535399,0.5904109589041153,-0.00016116035455278067
94819,20.983683061384355,0.5898468976631749,560,681,1241,0.0008058017727639033,-0.0008333472224535399,0.5903303787268389,-8.058017727639034e-05
94820,20.9828497141619,0.5898468976631749,560,681,1241,0.0,-0.0008333472224535399,0.5902497985495625,-8.058017727639034e-05
94821,20.982016366939447,0.589041095890411,560,681,1241,-0.0008058017727639033,-0.0008333472224535399,0.5900886381950097,-0.00016116035455278067
94822,20.981183019716994,0.5914585012087027,560,681,1241,0.00241740531829171,-0.0008333472224535399,0.5901692183722861,8.058017727639034e-05
94823,20.98034967249454,0.5906526994359388,560,681,1241,-0.0008058017727639033,-0.0008333472224535399,0.5901692183722861,0.0
94824,20.979516325272087,0.5898468976631749,560,681,1241,-0.0008058017727639033,-0.0008333472224535399,0.5900886381950097,-8.058017727639034e-05
94825,20.978682978049633,0.5906526994359388,560,681,1241,0.0008058017727639033,-0.0008333472224535399,0.5900886381950097,0.0
94826,20.97784963082718,0.5906526994359388,560,681,1241,0.0,-0.0008333472224535399,0.5900886381950097,0.0
94827,20.977016283604726,0.5906526994359388,560,681,1241,0.0,-0.0008333472224535399,0.5901692183722861,8.058017727639034e-05
94828,20.976182936382273,0.5906526994359388,560,681,1241,0.0,-0.0008333472224535399,0.5903303787268388,0.00016116035455278067
94829,20.97534958915982,0.5906526994359388,560,681,1241,0.0,-0.0008333472224535399,0.5904109589041153,8.058017727639034e-05
94830,20.974516241937366,0.5906526994359388,560,681,1241,0.0,-0.0008333472224535399,0.5904915390813917,8.058017727639034e-05
94831,20.973682894714912,0.5906526994359388,560,681,1241,0.0,-0.0008333472224535399,0.5906526994359445,0.00016116035455278067
94832,20.97284954749246,0.5898468976631749,560,681,1241,-0.0008058017727639033,-0.0008333472224535399,0.5904915390813917,-0.00016116035455278067
94833,20.972016200270005,0.5906526994359388,560,681,1241,0.0008058017727639033,-0.0008333472224535399,0.5904915390813917,0.0
94834,20.971182853047548,0.5898468976631749,560,681,1241,-0.0008058017727639033,-0.0008333472224570926,0.5904915390813917,0.0
94835,20.970349505825094,0.5906526994359388,560,681,1241,0.0008058017727639033,-0.0008333472224535399,0.5904915390813917,0.0
94836,20.96951615860264,0.5914585012087027,560,681,1241,0.0008058017727639033,-0.0008333472224535399,0.590572119258668,8.058017727639034e-05
94837,20.968682811380187,0.5914585012087027,560,681,1241,0.0,-0.0008333472224535399,0.5906526994359445,8.058017727639034e-05
94838,20.967849464157734,0.5914585012087027,560,681,1241,0.0,-0.0008333472224535399,0.5907332796132208,8.058017727639034e-05
94839,20.96701611693528,0.5914585012087027,560,681,1241,0.0,-0.0008333472224535399,0.590813859790497,8.058017727639034e-05
94840,20.966182769712827,0.5906526994359388,560,681,1241,-0.0008058017727639033,-0.0008333472224535399,0.590813859790497,0.0
94841,20.965349422490373,0.5914585012087027,560,681,1241,0.0008058017727639033,-0.0008333472224535399,0.5908944399677735,8.058017727639034e-05
94842,20.96451607526792,0.5914585012087027,560,681,1241,0.0,-0.0008333472224535399,0.5910556003223262,0.00016116035455278067
94843,20.963682728045466,0.5922643029814666,560,681,1241,0.0008058017727639033,-0.0008333472224535399,0.591216760676879,0.00016116035455278067
94844,20.962849380823013,0.5906526994359388,560,681,1241,-0.0016116035455278066,-0.0008333472224535399,0.5912973408541554,8.058017727639034e-05
94845,20.96201603360056,0.5914585012087027,560,681,1241,0.0008058017727639033,-0.0008333472224535399,0.5913779210314318,8.058017727639034e-05
94846,20.961182686378105,0.5922643029814666,560,681,1241,0.0008058017727639033,-0.0008333472224535399,0.5914585012087082,8.058017727639034e-05
94847,20.960349339155652,0.5922643029814666,560,681,1241,0.0,-0.0008333472224535399,0.5915390813859847,8.058017727639034e-05
94848,20.9595159919332,0.5922643029814666,560,681,1241,0.0,-0.0008333472224535399,0.5916196615632611,8.058017727639034e-05
94849,20.958682644710745,0.5914585012087027,560,681,1241,-0.0008058017727639033,-0.0008333472224535399,0.5916196615632611,0.0
94850,20.95784929748829,0.5914585012087027,560,681,1241,0.0,-0.0008333472224535399,0.5917002417405375,8.058017727639034e-05
94851,20.957015950265838,0.5906526994359388,560,681,1241,-0.0008058017727639033,-0.0008333472224535399,0.5916196615632611,-8.058017727639034e-05
94852,20.956182603043384,0.5914585012087027,560,681,1241,0.0008058017727639033,-0.0008333472224535399,0.5916196615632611,0.0
94853,20.95534925582093,0.5914585012087027,560,681,1241,0.0,-0.0008333472224535399,0.5915390813859847,-8.058017727639034e-05
94854,20.954515908598477,0.5914585012087027,560,681,1241,0.0,-0.0008333472224535399,0.591619661563261,8.058017727639034e-05
94855,20.95368256137602,0.5914585012087027,560,681,1241,0.0,-0.0008333472224570926,0.591619661563261,0.0
94856,20.952849214153566,0.5914585012087027,560,681,1241,0.0,-0.0008333472224535399,0.5915390813859845,-8.058017727639034e-05
94857,20.952015866931113,0.5914585012087027,560,681,1241,0.0,-0.0008333472224535399,0.5914585012087081,-8.058017727639034e-05
94858,20.95118251970866,0.5914585012087027,560,681,1241,0.0,-0.0008333472224535399,0.5913779210314317,-8.058017727639034e-05
94859,20.950349172486206,0.5914585012087027,560,681,1241,0.0,-0.0008333472224535399,0.5913779210314317,0.0
94860,20.949515825263752,0.5906526994359388,560,681,1241,-0.0008058017727639033,-0.0008333472224535399,0.5912973408541553,-8.058017727639034e-05
94861,20.9486824780413,0.5906526994359388,560,681,1241,0.0,-0.0008333472224535399,0.5912973408541553,0.0
94862,20.947849130818845,0.5906526994359388,560,681,1241,0.0,-0.0008333472224535399,0.591216760676879,-8.058017727639034e-05
94863,20.94701578359639,0.5914585012087027,560,681,1241,0.0008058017727639033,-0.0008333472224535399,0.591216760676879,0.0
94864,20.946182436373938,0.5914585012087027,560,681,1241,0.0,-0.0008333472224535399,0.591216760676879,0.0
94865,20.945349089151485,0.5914585012087027,560,681,1241,0.0,-0.0008333472224535399,0.591216760676879,0.0
94866,20.94451574192903,0.5922643029814666,560,681,1241,0.0008058017727639033,-0.0008333472224535399,0.5912973408541554,8.058017727639034e-05
94867,20.943682394706578,0.5930701047542305,560,681,1241,0.0008058017727639033,-0.0008333472224535399,0.5914585012087082,0.00016116035455278067
94868,20.942849047484124,0.5922643029814666,560,681,1241,-0.0008058017727639033,-0.0008333472224535399,0.5915390813859847,8.058017727639034e-05
94869,20.94201570026167,0.5914585012087027,560,681,1241,-0.0008058017727639033,-0.0008333472224535399,0.5915390813859847,0.0
94870,20.941182353039217,0.5922643029814666,560,681,1241,0.0008058017727639033,-0.0008333472224535399,0.5917002417405375,0.00016116035455278067
94871,20.940349005816763,0.5922643029814666,560,681,1241,0.0,-0.0008333472224535399,0.5918614020950902,0.00016116035455278067
94872,20.93951565859431,0.5922643029814666,560,681,1241,0.0,-0.0008333472224535399,0.592022562449643,0.00016116035455278067
94873,20.938682311371856,0.5922643029814666,560,681,1241,0.0,-0.0008333472224535399,0.5921031426269194,8.058017727639034e-05
94874,20.937848964149403,0.5922643029814666,560,681,1241,0.0,-0.0008333472224535399,0.5921837228041958,8.058017727639034e-05
94875,20.93701561692695,0.5922643029814666,560,681,1241,0.0,-0.0008333472224535399,0.5922643029814723,8.058017727639034e-05
94876,20.936182269704492,0.5930701047542305,560,681,1241,0.0008058017727639033,-0.0008333472224570926,0.5923448831587487,8.058017727639034e-05
94877,20.93534892248204,0.5930701047542305,560,681,1241,0.0,-0.0008333472224535399,0.5923448831587487,0.0
94878,20.934515575259585,0.5938759065269944,560,681,1241,0.0008058017727639033,-0.0008333472224535399,0.5925060435133014,0.00016116035455278067
94879,20.93368222803713,0.5930701047542305,560,681,1241,-0.0008058017727639033,-0.0008333472224535399,0.5926672038678542,0.00016116035455278067
94880,20.932848880814678,0.5930701047542305,560,681,1241,0.0,-0.0008333472224535399,0.5927477840451305,8.058017727639034e-05
94881,20.932015533592224,0.5938759065269944,560,681,1241,0.0008058017727639033,-0.0008333472224535399,0.5929089443996833,0.00016116035455278067
94882,20.93118218636977,0.5946817082997583,560,681,1241,0.0008058017727639033,-0.0008333472224535399,0.5931506849315125,0.00024174053182917098
94883,20.930348839147317,0.5946817082997583,560,681,1241,0.0,-0.0008333472224535399,0.5933924254633416,0.00024174053182917098
94884,20.929515491924864,0.5954875100725222,560,681,1241,0.0008058017727639033,-0.0008333472224535399,0.5937147461724471,0.00032232070910556134
94885,20.92868214470241,0.5954875100725222,560,681,1241,0.0,-0.0008333472224535399,0.5940370668815527,0.00032232070910556134
94886,20.927848797479957,0.5930701047542305,560,681,1241,-0.00241740531829171,-0.0008333472224535399,0.5940370668815527,0.0
94887,20.927015450257503,0.5922643029814666,560,681,1241,-0.0008058017727639033,-0.0008333472224535399,0.5939564867042764,-8.058017727639034e-05
94888,20.92618210303505,0.5922643029814666,560,681,1241,0.0,-0.0008333472224535399,0.5937953263497235,-0.00016116035455278067
94889,20.925348755812596,0.5922643029814666,560,681,1241,0.0,-0.0008333472224535399,0.5937147461724472,-8.058017727639034e-05
94890,20.924515408590143,0.5930701047542305,560,681,1241,0.0008058017727639033,-0.0008333472224535399,0.5937147461724472,0.0
94891,20.92368206136769,0.5938759065269944,560,681,1241,0.0008058017727639033,-0.0008333472224535399,0.5937147461724472,0.0
94892,20.922848714145236,0.5938759065269944,560,681,1241,0.0,-0.0008333472224535399,0.5936341659951709,-8.058017727639034e-05
94893,20.922015366922782,0.5938759065269944,560,681,1241,0.0,-0.0008333472224535399,0.5935535858178945,-8.058017727639034e-05
94894,20.92118201970033,0.5938759065269944,560,681,1241,0.0,-0.0008333472224535399,0.5933924254633418,-0.00016116035455278067
94895,20.920348672477875,0.5938759065269944,560,681,1241,0.0,-0.0008333472224535399,0.593231265108789,-0.00016116035455278067
94896,20.91951532525542,0.5930701047542305,560,681,1241,-0.0008058017727639033,-0.0008333472224535399,0.593231265108789,0.0
94897,20.918681978032964,0.5930701047542305,560,681,1241,0.0,-0.0008333472224570926,0.5933118452860653,8.058017727639034e-05
94898,20.91784863081051,0.5946817082997583,560,681,1241,0.0016116035455278066,-0.0008333472224535399,0.5935535858178944,0.00024174053182917098
94899,20.917015283588057,0.5946817082997583,560,681,1241,0.0,-0.0008333472224535399,0.5937953263497235,0.00024174053182917098
94900,20.916181936365604,0.5946817082997583,560,681,1241,0.0,-0.0008333472224535399,0.5939564867042764,0.00016116035455278067
94901,20.91534858914315,0.5938759065269944,560,681,1241,-0.0008058017727639033,-0.0008333472224535399,0.5939564867042764,0.0
94902,20.914515241920697,0.5938759065269944,560,681,1241,0.0,-0.0008333472224535399,0.5939564867042764,0.0
94903,20.913681894698243,0.5938759065269944,560,681,1241,0.0,-0.0008333472224535399,0.5939564867042764,0.0
94904,20.91284854747579,0.5938759065269944,560,681,1241,0.0,-0.0008333472224535399,0.5939564867042764,0.0
94905,20.912015200253336,0.5938759065269944,560,681,1241,0.0,-0.0008333472224535399,0.5939564867042764,0.0
94906,20.911181853030882,0.5946817082997583,560,681,1241,0.0008058017727639033,-0.0008333472224535399,0.5941176470588292,0.00016116035455278067
94907,20.91034850580843,0.5946817082997583,560,681,1241,0.0,-0.0008333472224535399,0.5942788074133819,0.00016116035455278067
94908,20.909515158585975,0.5938759065269944,560,681,1241,-0.0008058017727639033,-0.0008333472224535399,0.5941982272361056,-8.058017727639034e-05
94909,20.90868181136352,0.5946817082997583,560,681,1241,0.0008058017727639033,-0.0008333472224535399,0.5941982272361056,0.0
94910,20.90784846414107,0.5946817082997583,560,681,1241,0.0,-0.0008333472224535399,0.5941982272361056,0.0
94911,20.907015116918615,0.5946817082997583,560,681,1241,0.0,-0.0008333472224535399,0.5942788074133819,8.058017727639034e-05
94912,20.90618176969616,0.5938759065269944,560,681,1241,-0.0008058017727639033,-0.0008333472224535399,0.5942788074133819,0.0
94913,20.905348422473708,0.5930701047542305,560,681,1241,-0.0008058017727639033,-0.0008333472224535399,0.5941982272361055,-8.058017727639034e-05
94914,20.904515075251254,0.5922643029814666,560,681,1241,-0.0008058017727639033,-0.0008333472224535399,0.5940370668815527,-0.00016116035455278067
94915,20.9036817280288,0.5922643029814666,560,681,1241,0.0,-0.0008333472224535399,0.593875906527,-0.00016116035455278067
94916,20.902848380806347,0.5930701047542305,560,681,1241,0.0008058017727639033,-0.0008333472224535399,0.5937147461724471,-0.00016116035455278067
94917,20.902015033583893,0.5922643029814666,560,681,1241,-0.0008058017727639033,-0.0008333472224535399,0.593473005640618,-0.00024174053182917098
94918,20.901181686361436,0.5922643029814666,560,681,1241,0.0,-0.0008333472224570926,0.5933118452860653,-0.00016116035455278067
94919,20.900348339138983,0.5922643029814666,560,681,1241,0.0,-0.0008333472224535399,0.5930701047542362,-0.00024174053182917098
94920,20.89951499191653,0.5922643029814666,560,681,1241,0.0,-0.0008333472224535399,0.592828364222407,-0.00024174053182917098
94921,20.898681644694076,0.5930701047542305,560,681,1241,0.0008058017727639033,-0.0008333472224535399,0.5926672038678542,-0.00016116035455278067
94922,20.897848297471622,0.5922643029814666,560,681,1241,-0.0008058017727639033,-0.0008333472224535399,0.5925060435133014,-0.00016116035455278067
94923,20.89701495024917,0.5922643029814666,560,681,1241,0.0,-0.0008333472224535399,0.5924254633360251,-8.058017727639034e-05
94924,20.896181603026715,0.5922643029814666,560,681,1241,0.0,-0.0008333472224535399,0.5924254633360251,0.0
94925,20.89534825580426,0.5922643029814666,560,681,1241,0.0,-0.0008333472224535399,0.5924254633360251,0.0
94926,20.894514908581808,0.5914585012087027,560,681,1241,-0.0008058017727639033,-0.0008333472224535399,0.5922643029814723,-0.00016116035455278067
94927,20.893681561359355,0.5906526994359388,560,681,1241,-0.0008058017727639033,-0.0008333472224535399,0.5921031426269195,-0.00016116035455278067
94928,20.8928482141369,0.5906526994359388,560,681,1241,0.0,-0.0008333472224535399,0.5919419822723667,-0.00016116035455278067
94929,20.892014866914447,0.5898468976631749,560,681,1241,-0.0008058017727639033,-0.0008333472224535399,0.5917002417405375,-0.00024174053182917098
94930,20.891181519691994,0.5898468976631749,560,681,1241,0.0,-0.0008333472224535399,0.5914585012087084,-0.00024174053182917098
94931,20.89034817246954,0.5898468976631749,560,681,1241,0.0,-0.0008333472224535399,0.5911361804996027,-0.00032232070910556134
94932,20.889514825247087,0.5882352941176471,560,681,1241,-0.0016116035455278066,-0.0008333472224535399,0.5907332796132208,-0.00040290088638195165
94933,20.888681478024633,0.5882352941176471,560,681,1241,0.0,-0.0008333472224535399,0.5903303787268388,-0.00040290088638195165
94934,20.88784813080218,0.589041095890411,560,681,1241,0.0008058017727639033,-0.0008333472224535399,0.5900080580177332,-0.00032232070910556134
94935,20.887014783579726,0.5898468976631749,560,681,1241,0.0008058017727639033,-0.0008333472224535399,0.589766317485904,-0.00024174053182917098
94936,20.886181436357273,0.5906526994359388,560,681,1241,0.0008058017727639033,-0.0008333472224535399,0.5896857373086276,-8.058017727639034e-05
94937,20.88534808913482,0.5898468976631749,560,681,1241,-0.0008058017727639033,-0.0008333472224535399,0.5896051571313512,-8.058017727639034e-05
94938,20.884514741912366,0.5906526994359388,560,681,1241,0.0008058017727639033,-0.0008333472224535399,0.5896051571313512,0.0
94939,20.883681394689912,0.5914585012087027,560,681,1241,0.0008058017727639033,-0.0008333472224535399,0.589766317485904,0.00016116035455278067
94940,20.882848047467455,0.5914585012087027,560,681,1241,0.0,-0.0008333472224570926,0.5899274778404567,0.00016116035455278067
94941,20.882014700245,0.5906526994359388,560,681,1241,-0.0008058017727639033,-0.0008333472224535399,0.5900080580177332,8.058017727639034e-05
94942,20.881181353022548,0.5906526994359388,560,681,1241,0.0,-0.0008333472224535399,0.5902497985495624,0.00024174053182917098
94943,20.880348005800094,0.5906526994359388,560,681,1241,0.0,-0.0008333472224535399,0.5904915390813916,0.00024174053182917098
94944,20.87951465857764,0.5906526994359388,560,681,1241,0.0,-0.0008333472224535399,0.5906526994359445,0.00016116035455278067
94945,20.878681311355187,0.5898468976631749,560,681,1241,-0.0008058017727639033,-0.0008333472224535399,0.5906526994359445,0.0
94946,20.877847964132734,0.5898468976631749,560,681,1241,0.0,-0.0008333472224535399,0.5905721192586679,-8.058017727639034e-05
94947,20.87701461691028,0.5898468976631749,560,681,1241,0.0,-0.0008333472224535399,0.5905721192586679,0.0
94948,20.876181269687827,0.5898468976631749,560,681,1241,0.0,-0.0008333472224535399,0.5904915390813915,-8.058017727639034e-05
94949,20.875347922465373,0.5898468976631749,560,681,1241,0.0,-0.0008333472224535399,0.5903303787268388,-0.00016116035455278067
94950,20.87451457524292,0.589041095890411,560,681,1241,-0.0008058017727639033,-0.0008333472224535399,0.5900886381950097,-0.00024174053182917098
94951,20.873681228020466,0.5882352941176471,560,681,1241,-0.0008058017727639033,-0.0008333472224535399,0.5898468976631804,-0.00024174053182917098
94952,20.872847880798012,0.5874294923448832,560,681,1241,-0.0008058017727639033,-0.0008333472224535399,0.5895245769540749,-0.00032232070910556134
94953,20.87201453357556,0.5874294923448832,560,681,1241,0.0,-0.0008333472224535399,0.5892022562449692,-0.00032232070910556134
94954,20.871181186353105,0.5874294923448832,560,681,1241,0.0,-0.0008333472224535399,0.5888799355358637,-0.00032232070910556134
94955,20.870347839130652,0.5874294923448832,560,681,1241,0.0,-0.0008333472224535399,0.5886381950040346,-0.00024174053182917098
94956,20.8695144919082,0.5882352941176471,560,681,1241,0.0008058017727639033,-0.0008333472224535399,0.5884770346494819,-0.00016116035455278067
94957,20.868681144685745,0.5898468976631749,560,681,1241,0.0016116035455278066,-0.0008333472224535399,0.5884770346494819,0.0
94958,20.86784779746329,0.5898468976631749,560,681,1241,0.0,-0.0008333472224535399,0.5884770346494819,0.0
94959,20.867014450240838,0.5914585012087027,560,681,1241,0.0016116035455278066,-0.0008333472224535399,0.5886381950040346,0.00016116035455278067
94960,20.866181103018384,0.5914585012087027,560,681,1241,0.0,-0.0008333472224535399,0.5888799355358637,0.00024174053182917098
94961,20.865347755795927,0.5914585012087027,560,681,1241,0.0,-0.0008333472224570926,0.5892022562449692,0.00032232070910556134
94962,20.864514408573474,0.5914585012087027,560,681,1241,0.0,-0.0008333472224535399,0.5896051571313512,0.00040290088638195165
94963,20.86368106135102,0.5922643029814666,560,681,1241,0.0008058017727639033,-0.0008333472224535399,0.5900886381950096,0.00048348106365834196
94964,20.862847714128566,0.5914585012087027,560,681,1241,-0.0008058017727639033,-0.0008333472224535399,0.5904915390813914,0.00040290088638195165
94965,20.862014366906113,0.5922643029814666,560,681,1241,0.0008058017727639033,-0.0008333472224535399,0.5909750201450498,0.00048348106365834196
94966,20.86118101968366,0.5914585012087027,560,681,1241,-0.0008058017727639033,-0.0008333472224535399,0.5912973408541553,0.00032232070910556134
94967,20.860347672461206,0.5914585012087027,560,681,1241,0.0,-0.0008333472224535399,0.5914585012087081,0.00016116035455278067
94968,20.859514325238752,0.5906526994359388,560,681,1241,-0.0008058017727639033,-0.0008333472224535399,0.5915390813859845,8.058017727639034e-05
94969,20.8586809780163,0.5898468976631749,560,681,1241,-0.0008058017727639033,-0.0008333472224535399,0.5913779210314318,-0.00016116035455278067
94970,20.857847630793845,0.5898468976631749,560,681,1241,0.0,-0.0008333472224535399,0.591216760676879,-0.00016116035455278067
94971,20.85701428357139,0.5898468976631749,560,681,1241,0.0,-0.0008333472224535399,0.5910556003223262,-0.00016116035455278067
94972,20.856180936348938,0.589041095890411,560,681,1241,-0.0008058017727639033,-0.0008333472224535399,0.590813859790497,-0.00024174053182917098
94973,20.855347589126485,0.5898468976631749,560,681,1241,0.0008058017727639033,-0.0008333472224535399,0.5905721192586679,-0.00024174053182917098
94974,20.85451424190403,0.589041095890411,560,681,1241,-0.0008058017727639033,-0.0008333472224535399,0.5903303787268388,-0.00024174053182917098
94975,20.853680894681577,0.589041095890411,560,681,1241,0.0,-0.0008333472224535399,0.5900080580177332,-0.00032232070910556134
94976,20.852847547459124,0.589041095890411,560,681,1241,0.0,-0.0008333472224535399,0.589766317485904,-0.00024174053182917098
94977,20.85201420023667,0.589041095890411,560,681,1241,0.0,-0.0008333472224535399,0.5895245769540749,-0.00024174053182917098
94978,20.851180853014217,0.589041095890411,560,681,1241,0.0,-0.0008333472224535399,0.5893634165995222,-0.00016116035455278067
94979,20.850347505791763,0.589041095890411,560,681,1241,0.0,-0.0008333472224535399,0.5892828364222458,-8.058017727639034e-05
94980,20.84951415856931,0.5882352941176471,560,681,1241,-0.0008058017727639033,-0.0008333472224535399,0.5891216760676931,-0.00016116035455278067
94981,20.848680811346856,0.589041095890411,560,681,1241,0.0008058017727639033,-0.0008333472224535399,0.5890410958904166,-8.058017727639034e-05
94982,20.8478474641244,0.589041095890411,560,681,1241,0.0,-0.0008333472224570926,0.5890410958904166,0.0
94983,20.847014116901946,0.589041095890411,560,681,1241,0.0,-0.0008333472224535399,0.5889605157131403,-8.058017727639034e-05
94984,20.846180769679492,0.5898468976631749,560,681,1241,0.0008058017727639033,-0.0008333472224535399,0.5890410958904166,8.058017727639034e-05
94985,20.84534742245704,0.5898468976631749,560,681,1241,0.0,-0.0008333472224535399,0.5891216760676931,8.058017727639034e-05
94986,20.844514075234585,0.589041095890411,560,681,1241,-0.0008058017727639033,-0.0008333472224535399,0.5891216760676931,0.0
94987,20.84368072801213,0.589041095890411,560,681,1241,0.0,-0.0008333472224535399,0.5891216760676931,0.0
94988,20.842847380789678,0.589041095890411,560,681,1241,0.0,-0.0008333472224535399,0.5891216760676931,0.0
94989,20.842014033567224,0.589041095890411,560,681,1241,0.0,-0.0008333472224535399,0.5891216760676931,0.0
94990,20.84118068634477,0.5882352941176471,560,681,1241,-0.0008058017727639033,-0.0008333472224535399,0.5891216760676931,0.0
94991,20.840347339122317,0.5898468976631749,560,681,1241,0.0016116035455278066,-0.0008333472224535399,0.5892022562449694,8.058017727639034e-05
94992,20.839513991899864,0.589041095890411,560,681,1241,-0.0008058017727639033,-0.0008333472224535399,0.5892022562449694,0.0
94993,20.83868064467741,0.589041095890411,560,681,1241,0.0,-0.0008333472224535399,0.5892022562449694,0.0
94994,20.837847297454957,0.589041095890411,560,681,1241,0.0,-0.0008333472224535399,0.5891216760676931,-8.058017727639034e-05
94995,20.837013950232503,0.589041095890411,560,681,1241,0.0,-0.0008333472224535399,0.5890410958904166,-8.058017727639034e-05
94996,20.83618060301005,0.5898468976631749,560,681,1241,0.0008058017727639033,-0.0008333472224535399,0.5891216760676931,8.058017727639034e-05
94997,20.835347255787596,0.5898468976631749,560,681,1241,0.0,-0.0008333472224535399,0.5892022562449694,8.058017727639034e-05
94998,20.834513908565143,0.5898468976631749,560,681,1241,0.0,-0.0008333472224535399,0.5892828364222458,8.058017727639034e-05
94999,20.83368056134269,0.5898468976631749,560,681,1241,0.0,-0.0008333472224535399,0.5893634165995221,8.058017727639034e-05
95000,20.832847214120235,0.5906526994359388,560,681,1241,0.0008058017727639033,-0.0008333472224535399,0.5896051571313513,0.00024174053182917098
95001,20.832013866897782,0.5906526994359388,560,681,1241,0.0,-0.0008333472224535399,0.5896857373086277,8.058017727639034e-05
95002,20.83118051967533,0.5906526994359388,560,681,1241,0.0,-0.0008333472224535399,0.5898468976631805,0.00016116035455278067
95003,20.83034717245287,0.5914585012087027,560,681,1241,0.0008058017727639033,-0.0008333472224570926,0.5900886381950097,0.00024174053182917098
95004,20.829513825230418,0.5922643029814666,560,681,1241,0.0008058017727639033,-0.0008333472224535399,0.5904109589041152,0.00032232070910556134
95005,20.828680478007964,0.5922643029814666,560,681,1241,0.0,-0.0008333472224535399,0.5907332796132208,0.00032232070910556134
95006,20.82784713078551,0.5914585012087027,560,681,1241,-0.0008058017727639033,-0.0008333472224535399,0.5908944399677736,0.00016116035455278067
95007,20.827013783563057,0.5914585012087027,560,681,1241,0.0,-0.0008333472224535399,0.5910556003223263,0.00016116035455278067
95008,20.826180436340604,0.5914585012087027,560,681,1241,0.0,-0.0008333472224535399,0.5912167606768791,0.00016116035455278067
95009,20.82534708911815,0.5914585012087027,560,681,1241,0.0,-0.0008333472224535399,0.5913779210314318,0.00016116035455278067
95010,20.824513741895696,0.5914585012087027,560,681,1241,0.0,-0.0008333472224535399,0.5914585012087082,8.058017727639034e-05
95011,20.823680394673243,0.5914585012087027,560,681,1241,0.0,-0.0008333472224535399,0.5915390813859845,8.058017727639034e-05
95012,20.82284704745079,0.5914585012087027,560,681,1241,0.0,-0.0008333472224535399,0.591619661563261,8.058017727639034e-05
95013,20.822013700228336,0.5914585012087027,560,681,1241,0.0,-0.0008333472224535399,0.591619661563261,0.0
95014,20.821180353005882,0.5914585012087027,560,681,1241,0.0,-0.0008333472224535399,0.5915390813859844,-8.058017727639034e-05
95015,20.82034700578343,0.5906526994359388,560,681,1241,-0.0008058017727639033,-0.0008333472224535399,0.5913779210314317,-0.00016116035455278067
95016,20.819513658560975,0.5914585012087027,560,681,1241,0.0008058017727639033,-0.0008333472224535399,0.5913779210314317,0.0
95017,20.81868031133852,0.5906526994359388,560,681,1241,-0.0008058017727639033,-0.0008333472224535399,0.5912973408541553,-8.058017727639034e-05
95018,20.817846964116068,0.5898468976631749,560,681,1241,-0.0008058017727639033,-0.0008333472224535399,0.5911361804996026,-0.00016116035455278067
95019,20.817013616893615,0.5898468976631749,560,681,1241,0.0,-0.0008333472224535399,0.5909750201450498,-0.00016116035455278067
95020,20.81618026967116,0.5898468976631749,560,681,1241,0.0,-0.0008333472224535399,0.590813859790497,-0.00016116035455278067
95021,20.815346922448708,0.5898468976631749,560,681,1241,0.0,-0.0008333472224535399,0.5906526994359442,-0.00016116035455278067
95022,20.814513575226254,0.5898468976631749,560,681,1241,0.0,-0.0008333472224535399,0.5904915390813914,-0.00016116035455278067
95023,20.8136802280038,0.5898468976631749,560,681,1241,0.0,-0.0008333472224535399,0.5903303787268387,-0.00016116035455278067
95024,20.812846880781343,0.5898468976631749,560,681,1241,0.0,-0.0008333472224570926,0.5901692183722859,-0.00016116035455278067
95025,20.81201353355889,0.5898468976631749,560,681,1241,0.0,-0.0008333472224535399,0.5900886381950095,-8.058017727639034e-05
95026,20.811180186336436,0.5906526994359388,560,681,1241,0.0008058017727639033,-0.0008333472224535399,0.5900080580177332,-8.058017727639034e-05
95027,20.810346839113983,0.5914585012087027,560,681,1241,0.0008058017727639033,-0.0008333472224535399,0.5900886381950095,8.058017727639034e-05
95028,20.80951349189153,0.5914585012087027,560,681,1241,0.0,-0.0008333472224535399,0.5902497985495623,0.00016116035455278067
95029,20.808680144669076,0.5914585012087027,560,681,1241,0.0,-0.0008333472224535399,0.590410958904115,0.00016116035455278067
95030,20.807846797446622,0.5914585012087027,560,681,1241,0.0,-0.0008333472224535399,0.5905721192586678,0.00016116035455278067
95031,20.80701345022417,0.5906526994359388,560,681,1241,-0.0008058017727639033,-0.0008333472224535399,0.5906526994359442,8.058017727639034e-05
95032,20.806180103001715,0.5898468976631749,560,681,1241,-0.0008058017727639033,-0.0008333472224535399,0.5906526994359442,0.0
95033,20.80534675577926,0.5898468976631749,560,681,1241,0.0,-0.0008333472224535399,0.5906526994359442,0.0
95034,20.804513408556808,0.5898468976631749,560,681,1241,0.0,-0.0008333472224535399,0.5906526994359442,0.0
95035,20.803680061334354,0.5898468976631749,560,681,1241,0.0,-0.0008333472224535399,0.5906526994359442,0.0
95036,20.8028467141119,0.5898468976631749,560,681,1241,0.0,-0.0008333472224535399,0.5905721192586678,-8.058017727639034e-05
95037,20.802013366889447,0.589041095890411,560,681,1241,-0.0008058017727639033,-0.0008333472224535399,0.5903303787268387,-0.00024174053182917098
95038,20.801180019666994,0.5898468976631749,560,681,1241,0.0008058017727639033,-0.0008333472224535399,0.5901692183722859,-0.00016116035455278067
95039,20.80034667244454,0.5898468976631749,560,681,1241,0.0,-0.0008333472224535399,0.5900080580177332,-0.00016116035455278067
95040,20.799513325222087,0.5898468976631749,560,681,1241,0.0,-0.0008333472224535399,0.5898468976631803,-0.00016116035455278067
95041,20.798679977999633,0.5906526994359388,560,681,1241,0.0008058017727639033,-0.0008333472224535399,0.5898468976631803,0.0
95042,20.79784663077718,0.5906526994359388,560,681,1241,0.0,-0.0008333472224535399,0.5899274778404567,8.058017727639034e-05
95043,20.797013283554726,0.5898468976631749,560,681,1241,-0.0008058017727639033,-0.0008333472224535399,0.5899274778404567,0.0
95044,20.796179936332273,0.589041095890411,560,681,1241,-0.0008058017727639033,-0.0008333472224535399,0.5898468976631804,-8.058017727639034e-05
95045,20.79534658910982,0.5898468976631749,560,681,1241,0.0008058017727639033,-0.0008333472224535399,0.5898468976631804,0.0
95046,20.794513241887362,0.589041095890411,560,681,1241,-0.0008058017727639033,-0.0008333472224570926,0.589766317485904,-8.058017727639034e-05
95047,20.79367989466491,0.5882352941176471,560,681,1241,-0.0008058017727639033,-0.0008333472224535399,0.5896857373086276,-8.058017727639034e-05
95048,20.792846547442455,0.5882352941176471,560,681,1241,0.0,-0.0008333472224535399,0.5895245769540749,-0.00016116035455278067
95049,20.79201320022,0.589041095890411,560,681,1241,0.0008058017727639033,-0.0008333472224535399,0.5894439967767985,-8.058017727639034e-05
95050,20.791179852997548,0.589041095890411,560,681,1241,0.0,-0.0008333472224535399,0.5893634165995222,-8.058017727639034e-05
95051,20.790346505775094,0.5898468976631749,560,681,1241,0.0008058017727639033,-0.0008333472224535399,0.5892828364222458,-8.058017727639034e-05
95052,20.78951315855264,0.5874294923448832,560,681,1241,-0.00241740531829171,-0.0008333472224535399,0.5889605157131401,-0.00032232070910556134
95053,20.788679811330187,0.5874294923448832,560,681,1241,0.0,-0.0008333472224535399,0.588718775181311,-0.00024174053182917098
95054,20.787846464107734,0.5882352941176471,560,681,1241,0.0008058017727639033,-0.0008333472224535399,0.5886381950040346,-8.058017727639034e-05
95055,20.78701311688528,0.589041095890411,560,681,1241,0.0008058017727639033,-0.0008333472224535399,0.5885576148267583,-8.058017727639034e-05
95056,20.786179769662827,0.589041095890411,560,681,1241,0.0,-0.0008333472224535399,0.5885576148267583,0.0
95057,20.785346422440373,0.589041095890411,560,681,1241,0.0,-0.0008333472224535399,0.5886381950040347,8.058017727639034e-05
95058,20.78451307521792,0.589041095890411,560,681,1241,0.0,-0.0008333472224535399,0.5887187751813111,8.058017727639034e-05
95059,20.783679727995466,0.5882352941176471,560,681,1241,-0.0008058017727639033,-0.0008333472224535399,0.5886381950040347,-8.058017727639034e-05
95060,20.782846380773012,0.5874294923448832,560,681,1241,-0.0008058017727639033,-0.0008333472224535399,0.5884770346494819,-0.00016116035455278067
95061,20.78201303355056,0.589041095890411,560,681,1241,0.0016116035455278066,-0.0008333472224535399,0.5883964544722056,-8.058017727639034e-05
95062,20.781179686328105,0.589041095890411,560,681,1241,0.0,-0.0008333472224535399,0.5885576148267584,0.00016116035455278067
95063,20.78034633910565,0.5898468976631749,560,681,1241,0.0008058017727639033,-0.0008333472224535399,0.5887993553585875,0.00024174053182917098
95064,20.7795129918832,0.5906526994359388,560,681,1241,0.0008058017727639033,-0.0008333472224535399,0.5890410958904166,0.00024174053182917098
95065,20.778679644660745,0.589041095890411,560,681,1241,-0.0016116035455278066,-0.0008333472224535399,0.5890410958904166,0.0
95066,20.77784629743829,0.5882352941176471,560,681,1241,-0.0008058017727639033,-0.0008333472224535399,0.5889605157131402,-8.058017727639034e-05
95067,20.777012950215834,0.5882352941176471,560,681,1241,0.0,-0.0008333472224570926,0.5888799355358638,-8.058017727639034e-05
95068,20.77617960299338,0.5874294923448832,560,681,1241,-0.0008058017727639033,-0.0008333472224535399,0.588718775181311,-0.00016116035455278067
95069,20.775346255770927,0.5874294923448832,560,681,1241,0.0,-0.0008333472224535399,0.5886381950040347,-8.058017727639034e-05
95070,20.774512908548473,0.5874294923448832,560,681,1241,0.0,-0.0008333472224535399,0.5886381950040347,0.0
95071,20.77367956132602,0.589041095890411,560,681,1241,0.0016116035455278066,-0.0008333472224535399,0.5886381950040347,0.0
95072,20.772846214103566,0.589041095890411,560,681,1241,0.0,-0.0008333472224535399,0.5886381950040347,0.0
95073,20.772012866881113,0.589041095890411,560,681,1241,0.0,-0.0008333472224535399,0.5885576148267584,-8.058017727639034e-05
95074,20.77117951965866,0.5882352941176471,560,681,1241,-0.0008058017727639033,-0.0008333472224535399,0.5883158742949292,-0.00024174053182917098
95075,20.770346172436206,0.5882352941176471,560,681,1241,0.0,-0.0008333472224535399,0.5882352941176527,-8.058017727639034e-05
95076,20.769512825213752,0.5882352941176471,560,681,1241,0.0,-0.0008333472224535399,0.5882352941176527,0.0
95077,20.7686794779913,0.5882352941176471,560,681,1241,0.0,-0.0008333472224535399,0.5882352941176527,0.0
95078,20.767846130768845,0.589041095890411,560,681,1241,0.0008058017727639033,-0.0008333472224535399,0.5883964544722055,0.00016116035455278067
95079,20.76701278354639,0.5898468976631749,560,681,1241,0.0008058017727639033,-0.0008333472224535399,0.5886381950040346,0.00024174053182917098
95080,20.766179436323938,0.5906526994359388,560,681,1241,0.0008058017727639033,-0.0008333472224535399,0.5889605157131401,0.00032232070910556134
95081,20.765346089101484,0.5914585012087027,560,681,1241,0.0008058017727639033,-0.0008333472224535399,0.5892022562449692,0.00024174053182917098
95082,20.76451274187903,0.5922643029814666,560,681,1241,0.0008058017727639033,-0.0008333472224535399,0.5895245769540749,0.00032232070910556134
95083,20.763679394656577,0.5922643029814666,560,681,1241,0.0,-0.0008333472224535399,0.5898468976631804,0.00032232070910556134
95084,20.762846047434124,0.5930701047542305,560,681,1241,0.0008058017727639033,-0.0008333472224535399,0.5903303787268388,0.00048348106365834196
95085,20.76201270021167,0.5914585012087027,560,681,1241,-0.0016116035455278066,-0.0008333472224535399,0.5906526994359443,0.00032232070910556134
95086,20.761179352989217,0.5898468976631749,560,681,1241,-0.0016116035455278066,-0.0008333472224535399,0.590813859790497,0.00016116035455278067
95087,20.760346005766763,0.5898468976631749,560,681,1241,0.0,-0.0008333472224535399,0.5909750201450499,0.00016116035455278067
95088,20.759512658544306,0.5898468976631749,560,681,1241,0.0,-0.0008333472224570926,0.5910556003223262,8.058017727639034e-05
95089,20.758679311321853,0.5898468976631749,560,681,1241,0.0,-0.0008333472224535399,0.5910556003223262,0.0
95090,20.7578459640994,0.5898468976631749,560,681,1241,0.0,-0.0008333472224535399,0.5909750201450498,-8.058017727639034e-05
95091,20.757012616876946,0.589041095890411,560,681,1241,-0.0008058017727639033,-0.0008333472224535399,0.5907332796132206,-0.00024174053182917098
95092,20.756179269654492,0.589041095890411,560,681,1241,0.0,-0.0008333472224535399,0.5904109589041151,-0.00032232070910556134
95093,20.75534592243204,0.5882352941176471,560,681,1241,-0.0008058017727639033,-0.0008333472224535399,0.5900080580177332,-0.00040290088638195165
95094,20.754512575209585,0.5882352941176471,560,681,1241,0.0,-0.0008333472224535399,0.5895245769540748,-0.00048348106365834196
95095,20.75367922798713,0.589041095890411,560,681,1241,0.0008058017727639033,-0.0008333472224535399,0.5892828364222457,-0.00024174053182917098
95096,20.752845880764678,0.5874294923448832,560,681,1241,-0.0016116035455278066,-0.0008333472224535399,0.5890410958904165,-0.00024174053182917098
95097,20.752012533542224,0.5874294923448832,560,681,1241,0.0,-0.0008333472224535399,0.5887993553585874,-0.00024174053182917098
95098,20.75117918631977,0.5866236905721193,560,681,1241,-0.0008058017727639033,-0.0008333472224535399,0.5884770346494819,-0.00032232070910556134
95099,20.750345839097317,0.5866236905721193,560,681,1241,0.0,-0.0008333472224535399,0.5881547139403762,-0.00032232070910556134
95100,20.749512491874864,0.5874294923448832,560,681,1241,0.0008058017727639033,-0.0008333472224535399,0.5879129734085471,-0.00024174053182917098
95101,20.74867914465241,0.5874294923448832,560,681,1241,0.0,-0.0008333472224535399,0.5877518130539944,-0.00016116035455278067
95102,20.747845797429957,0.5874294923448832,560,681,1241,0.0,-0.0008333472224535399,0.5875906526994416,-0.00016116035455278067
95103,20.747012450207503,0.5858178887993554,560,681,1241,-0.0016116035455278066,-0.0008333472224535399,0.5873489121676124,-0.00024174053182917098
95104,20.74617910298505,0.5858178887993554,560,681,1241,0.0,-0.0008333472224535399,0.5871071716357833,-0.00024174053182917098
95105,20.745345755762596,0.5850120870265915,560,681,1241,-0.0008058017727639033,-0.0008333472224535399,0.5867042707494013,-0.00040290088638195165
95106,20.744512408540142,0.5842062852538276,560,681,1241,-0.0008058017727639033,-0.0008333472224535399,0.5863819500402958,-0.00032232070910556134
95107,20.74367906131769,0.5842062852538276,560,681,1241,0.0,-0.0008333472224535399,0.5860596293311902,-0.00032232070910556134
95108,20.742845714095235,0.5850120870265915,560,681,1241,0.0008058017727639033,-0.0008333472224535399,0.5858984689766374,-0.00016116035455278067
95109,20.74201236687278,0.5842062852538276,560,681,1241,-0.0008058017727639033,-0.0008333472224570926,0.5856567284448083,-0.00024174053182917098
95110,20.741179019650325,0.5858178887993554,560,681,1241,0.0016116035455278066,-0.0008333472224535399,0.5854955680902555,-0.00016116035455278067
95111,20.74034567242787,0.5866236905721193,560,681,1241,0.0008058017727639033,-0.0008333472224535399,0.5854149879129791,-8.058017727639034e-05
95112,20.739512325205418,0.5866236905721193,560,681,1241,0.0,-0.0008333472224535399,0.5853344077357027,-8.058017727639034e-05
95113,20.738678977982964,0.5866236905721193,560,681,1241,0.0,-0.0008333472224535399,0.585414987912979,8.058017727639034e-05
95114,20.73784563076051,0.5874294923448832,560,681,1241,0.0008058017727639033,-0.0008333472224535399,0.5855761482675318,0.00016116035455278067
95115,20.737012283538057,0.5874294923448832,560,681,1241,0.0,-0.0008333472224535399,0.585817888799361,0.00024174053182917098
95116,20.736178936315603,0.589041095890411,560,681,1241,0.0016116035455278066,-0.0008333472224535399,0.5863013698630193,0.00048348106365834196
95117,20.73534558909315,0.589041095890411,560,681,1241,0.0,-0.0008333472224535399,0.5867848509266776,0.00048348106365834196
95118,20.734512241870696,0.589041095890411,560,681,1241,0.0,-0.0008333472224535399,0.5871877518130597,0.00040290088638195165
95119,20.733678894648243,0.5882352941176471,560,681,1241,-0.0008058017727639033,-0.0008333472224535399,0.5875906526994416,0.00040290088638195165
95120,20.73284554742579,0.5882352941176471,560,681,1241,0.0,-0.0008333472224535399,0.5878323932312707,0.00024174053182917098
95121,20.732012200203336,0.5874294923448832,560,681,1241,-0.0008058017727639033,-0.0008333472224535399,0.5879129734085471,8.058017727639034e-05
95122,20.731178852980882,0.5866236905721193,560,681,1241,-0.0008058017727639033,-0.0008333472224535399,0.5879129734085471,0.0
95123,20.73034550575843,0.5866236905721193,560,681,1241,0.0,-0.0008333472224535399,0.5879129734085471,0.0
95124,20.729512158535975,0.5858178887993554,560,681,1241,-0.0008058017727639033,-0.0008333472224535399,0.5877518130539944,-0.00016116035455278067
95125,20.72867881131352,0.5874294923448832,560,681,1241,0.0016116035455278066,-0.0008333472224535399,0.5877518130539944,0.0
95126,20.727845464091068,0.5866236905721193,560,681,1241,-0.0008058017727639033,-0.0008333472224535399,0.5875100725221651,-0.00024174053182917098
95127,20.727012116868615,0.5866236905721193,560,681,1241,0.0,-0.0008333472224535399,0.5872683319903359,-0.00024174053182917098
95128,20.72617876964616,0.5866236905721193,560,681,1241,0.0,-0.0008333472224535399,0.5870265914585067,-0.00024174053182917098
95129,20.725345422423707,0.5874294923448832,560,681,1241,0.0008058017727639033,-0.0008333472224535399,0.5869460112812304,-8.058017727639034e-05
95130,20.72451207520125,0.5874294923448832,560,681,1241,0.0,-0.0008333472224570926,0.5868654311039541,-8.058017727639034e-05
95131,20.723678727978797,0.5882352941176471,560,681,1241,0.0008058017727639033,-0.0008333472224535399,0.5869460112812304,8.058017727639034e-05
95132,20.722845380756343,0.5874294923448832,560,681,1241,-0.0008058017727639033,-0.0008333472224535399,0.5870265914585068,8.058017727639034e-05
95133,20.72201203353389,0.5874294923448832,560,681,1241,0.0,-0.0008333472224535399,0.5871071716357832,8.058017727639034e-05
95134,20.721178686311436,0.5866236905721193,560,681,1241,-0.0008058017727639033,-0.0008333472224535399,0.5871877518130596,8.058017727639034e-05
95135,20.720345339088983,0.5866236905721193,560,681,1241,0.0,-0.0008333472224535399,0.5871071716357832,-8.058017727639034e-05
95136,20.71951199186653,0.5866236905721193,560,681,1241,0.0,-0.0008333472224535399,0.5871071716357832,0.0
95137,20.718678644644076,0.5858178887993554,560,681,1241,-0.0008058017727639033,-0.0008333472224535399,0.5870265914585068,-8.058017727639034e-05
95138,20.717845297421622,0.5858178887993554,560,681,1241,0.0,-0.0008333472224535399,0.5869460112812305,-8.058017727639034e-05
95139,20.71701195019917,0.5858178887993554,560,681,1241,0.0,-0.0008333472224535399,0.5867848509266776,-0.00016116035455278067
95140,20.716178602976715,0.5858178887993554,560,681,1241,0.0,-0.0008333472224535399,0.5866236905721249,-0.00016116035455278067
95141,20.71534525575426,0.5858178887993554,560,681,1241,0.0,-0.0008333472224535399,0.5863819500402958,-0.00024174053182917098
95142,20.714511908531808,0.5842062852538276,560,681,1241,-0.0016116035455278066,-0.0008333472224535399,0.5860596293311902,-0.00032232070910556134
95143,20.713678561309354,0.5842062852538276,560,681,1241,0.0,-0.0008333472224535399,0.5857373086220846,-0.00032232070910556134
95144,20.7128452140869,0.5842062852538276,560,681,1241,0.0,-0.0008333472224535399,0.5854955680902555,-0.00024174053182917098
95145,20.712011866864447,0.5842062852538276,560,681,1241,0.0,-0.0008333472224535399,0.5852538275584264,-0.00024174053182917098
95146,20.711178519641994,0.5842062852538276,560,681,1241,0.0,-0.0008333472224535399,0.5850120870265972,-0.00024174053182917098
95147,20.71034517241954,0.5842062852538276,560,681,1241,0.0,-0.0008333472224535399,0.5848509266720445,-0.00016116035455278067
95148,20.709511825197087,0.5842062852538276,560,681,1241,0.0,-0.0008333472224535399,0.5846897663174917,-0.00016116035455278067
95149,20.708678477974633,0.5834004834810637,560,681,1241,-0.0008058017727639033,-0.0008333472224535399,0.5844480257856625,-0.00024174053182917098
95150,20.70784513075218,0.5834004834810637,560,681,1241,0.0,-0.0008333472224535399,0.5842062852538332,-0.00024174053182917098
95151,20.707011783529722,0.5834004834810637,560,681,1241,0.0,-0.0008333472224570926,0.5839645447220041,-0.00024174053182917098
95152,20.70617843630727,0.5825946817082998,560,681,1241,-0.0008058017727639033,-0.0008333472224535399,0.5838033843674513,-0.00016116035455278067
95153,20.705345089084815,0.5817888799355359,560,681,1241,-0.0008058017727639033,-0.0008333472224535399,0.583561643835622,-0.00024174053182917098
95154,20.704511741862362,0.5825946817082998,560,681,1241,0.0008058017727639033,-0.0008333472224535399,0.5834004834810693,-0.00016116035455278067
95155,20.70367839463991,0.5825946817082998,560,681,1241,0.0,-0.0008333472224535399,0.5832393231265165,-0.00016116035455278067
95156,20.702845047417455,0.5834004834810637,560,681,1241,0.0008058017727639033,-0.0008333472224535399,0.5831587429492401,-8.058017727639034e-05
95157,20.702011700195,0.5834004834810637,560,681,1241,0.0,-0.0008333472224535399,0.5830781627719637,-8.058017727639034e-05
95158,20.701178352972548,0.5834004834810637,560,681,1241,0.0,-0.0008333472224535399,0.5829975825946871,-8.058017727639034e-05
95159,20.700345005750094,0.5825946817082998,560,681,1241,-0.0008058017727639033,-0.0008333472224535399,0.5829170024174108,-8.058017727639034e-05
95160,20.69951165852764,0.5817888799355359,560,681,1241,-0.0008058017727639033,-0.0008333472224535399,0.582755842062858,-0.00016116035455278067
95161,20.698678311305187,0.5817888799355359,560,681,1241,0.0,-0.0008333472224535399,0.5825946817083053,-0.00016116035455278067
95162,20.697844964082734,0.5825946817082998,560,681,1241,0.0008058017727639033,-0.0008333472224535399,0.5825946817083053,0.0
95163,20.69701161686028,0.5825946817082998,560,681,1241,0.0,-0.0008333472224535399,0.5826752618855817,8.058017727639034e-05
95164,20.696178269637826,0.5842062852538276,560,681,1241,0.0016116035455278066,-0.0008333472224535399,0.5828364222401345,0.00016116035455278067
95165,20.695344922415373,0.5850120870265915,560,681,1241,0.0008058017727639033,-0.0008333472224535399,0.5830781627719637,0.00024174053182917098
95166,20.69451157519292,0.5858178887993554,560,681,1241,0.0008058017727639033,-0.0008333472224535399,0.5833199033037928,0.00024174053182917098
95167,20.693678227970466,0.5866236905721193,560,681,1241,0.0008058017727639033,-0.0008333472224535399,0.5836422240128984,0.00032232070910556134
95168,20.692844880748012,0.5874294923448832,560,681,1241,0.0008058017727639033,-0.0008333472224535399,0.5840451248992804,0.00040290088638195165
95169,20.69201153352556,0.5866236905721193,560,681,1241,-0.0008058017727639033,-0.0008333472224535399,0.5844480257856624,0.00040290088638195165
95170,20.691178186303105,0.5874294923448832,560,681,1241,0.0008058017727639033,-0.0008333472224535399,0.5850120870265971,0.0005640612409347323
95171,20.69034483908065,0.5866236905721193,560,681,1241,-0.0008058017727639033,-0.0008333472224535399,0.5854955680902554,0.00048348106365834196
95172,20.689511491858198,0.5874294923448832,560,681,1241,0.0008058017727639033,-0.0008333472224535399,0.5859790491539137,0.00048348106365834196
95173,20.68867814463574,0.5874294923448832,560,681,1241,0.0,-0.0008333472224570926,0.5864625302175721,0.00048348106365834196
95174,20.687844797413288,0.5866236905721193,560,681,1241,-0.0008058017727639033,-0.0008333472224535399,0.5867042707494012,0.00024174053182917098
95175,20.687011450190834,0.5866236905721193,560,681,1241,0.0,-0.0008333472224535399,0.5868654311039541,0.00016116035455278067
95176,20.68617810296838,0.5874294923448832,560,681,1241,0.0008058017727639033,-0.0008333472224535399,0.5870265914585068,0.00016116035455278067
95177,20.685344755745927,0.5874294923448832,560,681,1241,0.0,-0.0008333472224535399,0.5871071716357832,8.058017727639034e-05
95178,20.684511408523473,0.5874294923448832,560,681,1241,0.0,-0.0008333472224535399,0.5871071716357832,0.0
95179,20.68367806130102,0.589041095890411,560,681,1241,0.0016116035455278066,-0.0008333472224535399,0.5873489121676124,0.00024174053182917098
95180,20.682844714078566,0.5898468976631749,560,681,1241,0.0008058017727639033,-0.0008333472224535399,0.5875906526994416,0.00024174053182917098
95181,20.682011366856113,0.5898468976631749,560,681,1241,0.0,-0.0008333472224535399,0.5879129734085471,0.00032232070910556134
95182,20.68117801963366,0.5898468976631749,560,681,1241,0.0,-0.0008333472224535399,0.5881547139403762,0.00024174053182917098
95183,20.680344672411206,0.5898468976631749,560,681,1241,0.0,-0.0008333472224535399,0.5883964544722053,0.00024174053182917098
95184,20.679511325188752,0.5898468976631749,560,681,1241,0.0,-0.0008333472224535399,0.588718775181311,0.00032232070910556134
95185,20.6786779779663,0.5898468976631749,560,681,1241,0.0,-0.0008333472224535399,0.5890410958904165,0.00032232070910556134
95186,20.677844630743845,0.589041095890411,560,681,1241,-0.0008058017727639033,-0.0008333472224535399,0.5892022562449692,0.00016116035455278067
95187,20.67701128352139,0.589041095890411,560,681,1241,0.0,-0.0008333472224535399,0.5893634165995221,0.00016116035455278067
95188,20.676177936298938,0.5882352941176471,560,681,1241,-0.0008058017727639033,-0.0008333472224535399,0.5894439967767984,8.058017727639034e-05
95189,20.675344589076484,0.5882352941176471,560,681,1241,0.0,-0.0008333472224535399,0.589363416599522,-8.058017727639034e-05
95190,20.67451124185403,0.5874294923448832,560,681,1241,-0.0008058017727639033,-0.0008333472224535399,0.5891216760676928,-0.00024174053182917098
95191,20.673677894631577,0.5874294923448832,560,681,1241,0.0,-0.0008333472224535399,0.5888799355358637,-0.00024174053182917098
95192,20.672844547409124,0.5874294923448832,560,681,1241,0.0,-0.0008333472224535399,0.5886381950040346,-0.00024174053182917098
95193,20.67201120018667,0.5866236905721193,560,681,1241,-0.0008058017727639033,-0.0008333472224535399,0.588315874294929,-0.00032232070910556134
95194,20.671177852964213,0.5866236905721193,560,681,1241,0.0,-0.0008333472224570926,0.5879935535858235,-0.00032232070910556134
95195,20.67034450574176,0.5874294923448832,560,681,1241,0.0008058017727639033,-0.0008333472224535399,0.5877518130539944,-0.00024174053182917098
95196,20.669511158519306,0.5874294923448832,560,681,1241,0.0,-0.0008333472224535399,0.5875906526994416,-0.00016116035455278067
95197,20.668677811296853,0.5874294923448832,560,681,1241,0.0,-0.0008333472224535399,0.5874294923448888,-0.00016116035455278067
95198,20.6678444640744,0.5866236905721193,560,681,1241,-0.0008058017727639033,-0.0008333472224535399,0.587268331990336,-0.00016116035455278067
95199,20.667011116851945,0.5866236905721193,560,681,1241,0.0,-0.0008333472224535399,0.5871071716357832,-0.00016116035455278067
95200,20.666177769629492,0.5866236905721193,560,681,1241,0.0,-0.0008333472224535399,0.5870265914585068,-8.058017727639034e-05
95201,20.66534442240704,0.5866236905721193,560,681,1241,0.0,-0.0008333472224535399,0.5869460112812304,-8.058017727639034e-05
95202,20.664511075184585,0.5866236905721193,560,681,1241,0.0,-0.0008333472224535399,0.586865431103954,-8.058017727639034e-05
95203,20.66367772796213,0.5866236905721193,560,681,1241,0.0,-0.0008333472224535399,0.586865431103954,0.0
95204,20.662844380739678,0.5858178887993554,560,681,1241,-0.0008058017727639033,-0.0008333472224535399,0.5867848509266775,-8.058017727639034e-05
95205,20.662011033517224,0.5858178887993554,560,681,1241,0.0,-0.0008333472224535399,0.5866236905721248,-0.00016116035455278067
95206,20.66117768629477,0.5858178887993554,560,681,1241,0.0,-0.0008333472224535399,0.586462530217572,-0.00016116035455278067
95207,20.660344339072317,0.5858178887993554,560,681,1241,0.0,-0.0008333472224535399,0.5863013698630193,-0.00016116035455278067
95208,20.659510991849864,0.5858178887993554,560,681,1241,0.0,-0.0008333472224535399,0.5862207896857429,-8.058017727639034e-05
95209,20.65867764462741,0.5866236905721193,560,681,1241,0.0008058017727639033,-0.0008333472224535399,0.5862207896857429,0.0
95210,20.657844297404957,0.5858178887993554,560,681,1241,-0.0008058017727639033,-0.0008333472224535399,0.5861402095084666,-8.058017727639034e-05
95211,20.657010950182503,0.5850120870265915,560,681,1241,-0.0008058017727639033,-0.0008333472224535399,0.5859790491539137,-0.00016116035455278067
95212,20.65617760296005,0.5858178887993554,560,681,1241,0.0008058017727639033,-0.0008333472224535399,0.5858984689766374,-8.058017727639034e-05
95213,20.655344255737596,0.5858178887993554,560,681,1241,0.0,-0.0008333472224535399,0.585817888799361,-8.058017727639034e-05
95214,20.654510908515142,0.5858178887993554,560,681,1241,0.0,-0.0008333472224535399,0.585817888799361,0.0
95215,20.653677561292685,0.5858178887993554,560,681,1241,0.0,-0.0008333472224570926,0.585817888799361,0.0
95216,20.65284421407023,0.5858178887993554,560,681,1241,0.0,-0.0008333472224535399,0.585817888799361,0.0
95217,20.652010866847778,0.5858178887993554,560,681,1241,0.0,-0.0008333472224535399,0.585817888799361,0.0
95218,20.651177519625325,0.5866236905721193,560,681,1241,0.0008058017727639033,-0.0008333472224535399,0.5858984689766374,8.058017727639034e-05
95219,20.65034417240287,0.5866236905721193,560,681,1241,0.0,-0.0008333472224535399,0.5858984689766374,0.0
95220,20.649510825180418,0.5866236905721193,560,681,1241,0.0,-0.0008333472224535399,0.5859790491539137,8.058017727639034e-05
95221,20.648677477957964,0.5866236905721193,560,681,1241,0.0,-0.0008333472224535399,0.5861402095084666,0.00016116035455278067
95222,20.64784413073551,0.5866236905721193,560,681,1241,0.0,-0.0008333472224535399,0.5862207896857429,8.058017727639034e-05
95223,20.647010783513057,0.5866236905721193,560,681,1241,0.0,-0.0008333472224535399,0.5863013698630193,8.058017727639034e-05
95224,20.646177436290603,0.5874294923448832,560,681,1241,0.0008058017727639033,-0.0008333472224535399,0.586462530217572,0.00016116035455278067
95225,20.64534408906815,0.5882352941176471,560,681,1241,0.0008058017727639033,-0.0008333472224535399,0.5867042707494011,0.00024174053182917098
95226,20.644510741845696,0.5874294923448832,560,681,1241,-0.0008058017727639033,-0.0008333472224535399,0.586865431103954,0.00016116035455278067
95227,20.643677394623243,0.5882352941176471,560,681,1241,0.0008058017727639033,-0.0008333472224535399,0.5871071716357831,0.00024174053182917098
95228,20.64284404740079,0.5882352941176471,560,681,1241,0.0,-0.0008333472224535399,0.5872683319903358,0.00016116035455278067
95229,20.642010700178336,0.5882352941176471,560,681,1241,0.0,-0.0008333472224535399,0.5874294923448886,0.00016116035455278067
95230,20.641177352955882,0.5898468976631749,560,681,1241,0.0016116035455278066,-0.0008333472224535399,0.5877518130539942,0.00032232070910556134
95231,20.64034400573343,0.589041095890411,560,681,1241,-0.0008058017727639033,-0.0008333472224535399,0.5879935535858234,0.00024174053182917098
95232,20.639510658510975,0.5874294923448832,560,681,1241,-0.0016116035455278066,-0.0008333472224535399,0.5880741337630998,8.058017727639034e-05
95233,20.63867731128852,0.5874294923448832,560,681,1241,0.0,-0.0008333472224535399,0.5881547139403762,8.058017727639034e-05
95234,20.637843964066068,0.5866236905721193,560,681,1241,-0.0008058017727639033,-0.0008333472224535399,0.5880741337630998,-8.058017727639034e-05
95235,20.637010616843614,0.5866236905721193,560,681,1241,0.0,-0.0008333472224535399,0.5879129734085471,-0.00016116035455278067
95236,20.636177269621157,0.5866236905721193,560,681,1241,0.0,-0.0008333472224570926,0.5878323932312706,-8.058017727639034e-05
95237,20.635343922398704,0.5866236905721193,560,681,1241,0.0,-0.0008333472224535399,0.5876712328767179,-0.00016116035455278067
95238,20.63451057517625,0.5866236905721193,560,681,1241,0.0,-0.0008333472224535399,0.587510072522165,-0.00016116035455278067
95239,20.633677227953797,0.5866236905721193,560,681,1241,0.0,-0.0008333472224535399,0.5873489121676123,-0.00016116035455278067
95240,20.632843880731343,0.5874294923448832,560,681,1241,0.0008058017727639033,-0.0008333472224535399,0.5871071716357832,-0.00024174053182917098
95241,20.63201053350889,0.5874294923448832,560,681,1241,0.0,-0.0008333472224535399,0.5869460112812304,-0.00016116035455278067
95242,20.631177186286436,0.5874294923448832,560,681,1241,0.0,-0.0008333472224535399,0.5869460112812304,0.0
95243,20.630343839063983,0.5874294923448832,560,681,1241,0.0,-0.0008333472224535399,0.5869460112812304,0.0
95244,20.62951049184153,0.5874294923448832,560,681,1241,0.0,-0.0008333472224535399,0.5870265914585068,8.058017727639034e-05
95245,20.628677144619076,0.5874294923448832,560,681,1241,0.0,-0.0008333472224535399,0.5871071716357832,8.058017727639034e-05
95246,20.627843797396622,0.5882352941176471,560,681,1241,0.0008058017727639033,-0.0008333472224535399,0.587268331990336,0.00016116035455278067
95247,20.62701045017417,0.5882352941176471,560,681,1241,0.0,-0.0008333472224535399,0.5874294923448888,0.00016116035455278067
95248,20.626177102951715,0.5882352941176471,560,681,1241,0.0,-0.0008333472224535399,0.5875906526994416,0.00016116035455278067
95249,20.62534375572926,0.589041095890411,560,681,1241,0.0008058017727639033,-0.0008333472224535399,0.5878323932312708,0.00024174053182917098
95250,20.624510408506808,0.5874294923448832,560,681,1241,-0.0016116035455278066,-0.0008333472224535399,0.5878323932312708,0.0
95251,20.623677061284354,0.5882352941176471,560,681,1241,0.0008058017727639033,-0.0008333472224535399,0.5879129734085471,8.058017727639034e-05
95252,20.6228437140619,0.5882352941176471,560,681,1241,0.0,-0.0008333472224535399,0.5879935535858235,8.058017727639034e-05
95253,20.622010366839447,0.589041095890411,560,681,1241,0.0008058017727639033,-0.0008333472224535399,0.5881547139403762,0.00016116035455278067
95254,20.621177019616994,0.589041095890411,560,681,1241,0.0,-0.0008333472224535399,0.588315874294929,0.00016116035455278067
95255,20.62034367239454,0.589041095890411,560,681,1241,0.0,-0.0008333472224535399,0.5884770346494819,0.00016116035455278067
95256,20.619510325172087,0.5882352941176471,560,681,1241,-0.0008058017727639033,-0.0008333472224535399,0.5884770346494819,0.0
95257,20.61867697794963,0.5882352941176471,560,681,1241,0.0,-0.0008333472224570926,0.5884770346494819,0.0
95258,20.617843630727176,0.5882352941176471,560,681,1241,0.0,-0.0008333472224535399,0.5884770346494819,0.0
95259,20.617010283504722,0.5874294923448832,560,681,1241,-0.0008058017727639033,-0.0008333472224535399,0.588315874294929,-0.00016116035455278067
95260,20.61617693628227,0.5882352941176471,560,681,1241,0.0008058017727639033,-0.0008333472224535399,0.5883964544722053,8.058017727639034e-05
95261,20.615343589059815,0.589041095890411,560,681,1241,0.0008058017727639033,-0.0008333472224535399,0.5884770346494819,8.058017727639034e-05
95262,20.614510241837362,0.589041095890411,560,681,1241,0.0,-0.0008333472224535399,0.5885576148267583,8.058017727639034e-05
95263,20.61367689461491,0.5898468976631749,560,681,1241,0.0008058017727639033,-0.0008333472224535399,0.5886381950040346,8.058017727639034e-05
95264,20.612843547392455,0.5922643029814666,560,681,1241,0.00241740531829171,-0.0008333472224535399,0.5889605157131401,0.00032232070910556134
95265,20.61201020017,0.5922643029814666,560,681,1241,0.0,-0.0008333472224535399,0.5892828364222458,0.00032232070910556134
95266,20.611176852947548,0.5922643029814666,560,681,1241,0.0,-0.0008333472224535399,0.5896857373086277,0.00040290088638195165
95267,20.610343505725094,0.5914585012087027,560,681,1241,-0.0008058017727639033,-0.0008333472224535399,0.5900080580177333,0.00032232070910556134
95268,20.60951015850264,0.5914585012087027,560,681,1241,0.0,-0.0008333472224535399,0.5903303787268388,0.00032232070910556134
95269,20.608676811280187,0.5914585012087027,560,681,1241,0.0,-0.0008333472224535399,0.5907332796132208,0.00040290088638195165
95270,20.607843464057733,0.5914585012087027,560,681,1241,0.0,-0.0008333472224535399,0.5910556003223263,0.00032232070910556134
95271,20.60701011683528,0.5914585012087027,560,681,1241,0.0,-0.0008333472224535399,0.5912973408541554,0.00024174053182917098
95272,20.606176769612826,0.5906526994359388,560,681,1241,-0.0008058017727639033,-0.0008333472224535399,0.5914585012087082,0.00016116035455278067
95273,20.605343422390373,0.589041095890411,560,681,1241,-0.0016116035455278066,-0.0008333472224535399,0.5913779210314318,-8.058017727639034e-05
95274,20.60451007516792,0.5882352941176471,560,681,1241,-0.0008058017727639033,-0.0008333472224535399,0.5909750201450499,-0.00040290088638195165
95275,20.603676727945466,0.5882352941176471,560,681,1241,0.0,-0.0008333472224535399,0.5905721192586679,-0.00040290088638195165
95276,20.602843380723012,0.5882352941176471,560,681,1241,0.0,-0.0008333472224535399,0.5901692183722859,-0.00040290088638195165
95277,20.60201003350056,0.5874294923448832,560,681,1241,-0.0008058017727639033,-0.0008333472224535399,0.589766317485904,-0.00040290088638195165
95278,20.601176686278105,0.589041095890411,560,681,1241,0.0016116035455278066,-0.0008333472224535399,0.5895245769540749,-0.00024174053182917098
95279,20.600343339055648,0.589041095890411,560,681,1241,0.0,-0.0008333472224570926,0.5892828364222458,-0.00024174053182917098
95280,20.599509991833195,0.5898468976631749,560,681,1241,0.0008058017727639033,-0.0008333472224535399,0.589121676067693,-0.00016116035455278067
95281,20.59867664461074,0.5898468976631749,560,681,1241,0.0,-0.0008333472224535399,0.5889605157131401,-0.00016116035455278067
95282,20.597843297388287,0.5898468976631749,560,681,1241,0.0,-0.0008333472224535399,0.5888799355358637,-8.058017727639034e-05
95283,20.597009950165834,0.589041095890411,560,681,1241,-0.0008058017727639033,-0.0008333472224535399,0.5888799355358637,0.0
95284,20.59617660294338,0.589041095890411,560,681,1241,0.0,-0.0008333472224535399,0.5889605157131401,8.058017727639034e-05
95285,20.595343255720927,0.589041095890411,560,681,1241,0.0,-0.0008333472224535399,0.5890410958904166,8.058017727639034e-05
95286,20.594509908498473,0.589041095890411,560,681,1241,0.0,-0.0008333472224535399,0.5891216760676931,8.058017727639034e-05
95287,20.59367656127602,0.589041095890411,560,681,1241,0.0,-0.0008333472224535399,0.5892828364222458,0.00016116035455278067
95288,20.592843214053566,0.589041095890411,560,681,1241,0.0,-0.0008333472224535399,0.5892828364222458,0.0
95289,20.592009866831113,0.589041095890411,560,681,1241,0.0,-0.0008333472224535399,0.5892828364222458,0.0
95290,20.59117651960866,0.5882352941176471,560,681,1241,-0.0008058017727639033,-0.0008333472224535399,0.5891216760676931,-0.00016116035455278067
95291,20.590343172386206,0.5882352941176471,560,681,1241,0.0,-0.0008333472224535399,0.5889605157131402,-0.00016116035455278067
95292,20.589509825163752,0.5882352941176471,560,681,1241,0.0,-0.0008333472224535399,0.5887993553585875,-0.00016116035455278067
95293,20.5886764779413,0.5882352941176471,560,681,1241,0.0,-0.0008333472224535399,0.588718775181311,-8.058017727639034e-05
95294,20.587843130718845,0.5866236905721193,560,681,1241,-0.0016116035455278066,-0.0008333472224535399,0.5884770346494819,-0.00024174053182917098
95295,20.58700978349639,0.5866236905721193,560,681,1241,0.0,-0.0008333472224535399,0.5882352941176526,-0.00024174053182917098
95296,20.586176436273938,0.5866236905721193,560,681,1241,0.0,-0.0008333472224535399,0.5879935535858234,-0.00024174053182917098
95297,20.585343089051484,0.5866236905721193,560,681,1241,0.0,-0.0008333472224535399,0.5877518130539942,-0.00024174053182917098
95298,20.58450974182903,0.5874294923448832,560,681,1241,0.0008058017727639033,-0.0008333472224535399,0.5875906526994414,-0.00016116035455278067
95299,20.583676394606577,0.5866236905721193,560,681,1241,-0.0008058017727639033,-0.0008333472224535399,0.5873489121676122,-0.00024174053182917098
95300,20.58284304738412,0.5858178887993554,560,681,1241,-0.0008058017727639033,-0.0008333472224570926,0.5871071716357831,-0.00024174053182917098
95301,20.582009700161667,0.5858178887993554,560,681,1241,0.0,-0.0008333472224535399,0.586865431103954,-0.00024174053182917098
95302,20.581176352939213,0.5874294923448832,560,681,1241,0.0016116035455278066,-0.0008333472224535399,0.5867848509266775,-8.058017727639034e-05
95303,20.58034300571676,0.5882352941176471,560,681,1241,0.0008058017727639033,-0.0008333472224535399,0.5867848509266775,0.0
95304,20.579509658494306,0.5874294923448832,560,681,1241,-0.0008058017727639033,-0.0008333472224535399,0.5868654311039541,8.058017727639034e-05
95305,20.578676311271852,0.5882352941176471,560,681,1241,0.0008058017727639033,-0.0008333472224535399,0.5870265914585068,0.00016116035455278067
95306,20.5778429640494,0.5882352941176471,560,681,1241,0.0,-0.0008333472224535399,0.5871877518130596,0.00016116035455278067
95307,20.577009616826945,0.589041095890411,560,681,1241,0.0008058017727639033,-0.0008333472224535399,0.5874294923448888,0.00024174053182917098
95308,20.576176269604492,0.589041095890411,560,681,1241,0.0,-0.0008333472224535399,0.5875906526994416,0.00016116035455278067
95309,20.57534292238204,0.5898468976631749,560,681,1241,0.0008058017727639033,-0.0008333472224535399,0.5879129734085471,0.00032232070910556134
95310,20.574509575159585,0.5898468976631749,560,681,1241,0.0,-0.0008333472224535399,0.588315874294929,0.00040290088638195165
95311,20.57367622793713,0.5906526994359388,560,681,1241,0.0008058017727639033,-0.0008333472224535399,0.5887993553585874,0.00048348106365834196
95312,20.572842880714678,0.589041095890411,560,681,1241,-0.0016116035455278066,-0.0008333472224535399,0.5889605157131401,0.00016116035455278067
95313,20.572009533492224,0.5882352941176471,560,681,1241,-0.0008058017727639033,-0.0008333472224535399,0.5889605157131401,0.0
95314,20.57117618626977,0.5882352941176471,560,681,1241,0.0,-0.0008333472224535399,0.5890410958904165,8.058017727639034e-05
95315,20.570342839047317,0.589041095890411,560,681,1241,0.0008058017727639033,-0.0008333472224535399,0.589121676067693,8.058017727639034e-05
95316,20.569509491824864,0.5898468976631749,560,681,1241,0.0008058017727639033,-0.0008333472224535399,0.5892828364222458,0.00016116035455278067
95317,20.56867614460241,0.5898468976631749,560,681,1241,0.0,-0.0008333472224535399,0.5893634165995221,8.058017727639034e-05
95318,20.567842797379956,0.589041095890411,560,681,1241,-0.0008058017727639033,-0.0008333472224535399,0.5893634165995221,0.0
95319,20.567009450157503,0.5882352941176471,560,681,1241,-0.0008058017727639033,-0.0008333472224535399,0.5892022562449692,-0.00016116035455278067
95320,20.56617610293505,0.5882352941176471,560,681,1241,0.0,-0.0008333472224535399,0.5890410958904165,-0.00016116035455278067
95321,20.565342755712592,0.5882352941176471,560,681,1241,0.0,-0.0008333472224570926,0.5887993553585873,-0.00024174053182917098
95322,20.56450940849014,0.5882352941176471,560,681,1241,0.0,-0.0008333472224535399,0.5887187751813109,-8.058017727639034e-05
95323,20.563676061267685,0.5882352941176471,560,681,1241,0.0,-0.0008333472224535399,0.5887187751813109,0.0
95324,20.56284271404523,0.5874294923448832,560,681,1241,-0.0008058017727639033,-0.0008333472224535399,0.5886381950040345,-8.058017727639034e-05
95325,20.562009366822778,0.5882352941176471,560,681,1241,0.0008058017727639033,-0.0008333472224535399,0.5885576148267581,-8.058017727639034e-05
95326,20.561176019600325,0.589041095890411,560,681,1241,0.0008058017727639033,-0.0008333472224535399,0.5884770346494818,-8.058017727639034e-05
95327,20.56034267237787,0.5882352941176471,560,681,1241,-0.0008058017727639033,-0.0008333472224535399,0.5883158742949289,-0.00016116035455278067
95328,20.559509325155418,0.5874294923448832,560,681,1241,-0.0008058017727639033,-0.0008333472224535399,0.5881547139403762,-0.00016116035455278067
95329,20.558675977932964,0.5874294923448832,560,681,1241,0.0,-0.0008333472224535399,0.5880741337630998,-8.058017727639034e-05
95330,20.55784263071051,0.5858178887993554,560,681,1241,-0.0016116035455278066,-0.0008333472224535399,0.5878323932312707,-0.00024174053182917098
95331,20.557009283488057,0.5858178887993554,560,681,1241,0.0,-0.0008333472224535399,0.5875906526994416,-0.00024174053182917098
95332,20.556175936265603,0.5858178887993554,560,681,1241,0.0,-0.0008333472224535399,0.5873489121676124,-0.00024174053182917098
95333,20.55534258904315,0.5858178887993554,560,681,1241,0.0,-0.0008333472224535399,0.5871071716357833,-0.00024174053182917098
95334,20.554509241820696,0.5858178887993554,560,681,1241,0.0,-0.0008333472224535399,0.5869460112812306,-0.00016116035455278067
95335,20.553675894598243,0.5858178887993554,560,681,1241,0.0,-0.0008333472224535399,0.5867042707494015,-0.00024174053182917098
95336,20.55284254737579,0.5866236905721193,560,681,1241,0.0008058017727639033,-0.0008333472224535399,0.5864625302175722,-0.00024174053182917098
95337,20.552009200153336,0.5866236905721193,560,681,1241,0.0,-0.0008333472224535399,0.5863013698630194,-0.00016116035455278067
95338,20.551175852930882,0.5874294923448832,560,681,1241,0.0008058017727639033,-0.0008333472224535399,0.5863013698630194,0.0
95339,20.55034250570843,0.5866236905721193,560,681,1241,-0.0008058017727639033,-0.0008333472224535399,0.586220789685743,-8.058017727639034e-05
95340,20.549509158485975,0.5874294923448832,560,681,1241,0.0008058017727639033,-0.0008333472224535399,0.5863819500402958,0.00016116035455278067
95341,20.54867581126352,0.5874294923448832,560,681,1241,0.0,-0.0008333472224535399,0.5865431103948485,0.00016116035455278067
95342,20.547842464041064,0.5874294923448832,560,681,1241,0.0,-0.0008333472224570926,0.5867042707494013,0.00016116035455278067
95343,20.54700911681861,0.5874294923448832,560,681,1241,0.0,-0.0008333472224535399,0.5868654311039541,0.00016116035455278067
95344,20.546175769596157,0.589041095890411,560,681,1241,0.0016116035455278066,-0.0008333472224535399,0.5871877518130597,0.00032232070910556134
95345,20.545342422373704,0.589041095890411,560,681,1241,0.0,-0.0008333472224535399,0.5875100725221652,0.00032232070910556134
95346,20.54450907515125,0.589041095890411,560,681,1241,0.0,-0.0008333472224535399,0.5877518130539945,0.00024174053182917098
95347,20.543675727928797,0.589041095890411,560,681,1241,0.0,-0.0008333472224535399,0.5879935535858236,0.00024174053182917098
95348,20.542842380706343,0.589041095890411,560,681,1241,0.0,-0.0008333472224535399,0.5881547139403764,0.00016116035455278067
95349,20.54200903348389,0.589041095890411,560,681,1241,0.0,-0.0008333472224535399,0.5883964544722057,0.00024174053182917098
95350,20.541175686261436,0.5898468976631749,560,681,1241,0.0008058017727639033,-0.0008333472224535399,0.5886381950040348,0.00024174053182917098
95351,20.540342339038983,0.5898468976631749,560,681,1241,0.0,-0.0008333472224535399,0.5888799355358639,0.00024174053182917098
95352,20.53950899181653,0.5898468976631749,560,681,1241,0.0,-0.0008333472224535399,0.5891216760676931,0.00024174053182917098
95353,20.538675644594075,0.5898468976631749,560,681,1241,0.0,-0.0008333472224535399,0.5893634165995222,0.00024174053182917098
95354,20.537842297371622,0.589041095890411,560,681,1241,-0.0008058017727639033,-0.0008333472224535399,0.5893634165995222,0.0
95355,20.53700895014917,0.5898468976631749,560,681,1241,0.0008058017727639033,-0.0008333472224535399,0.5894439967767985,8.058017727639034e-05
95356,20.536175602926715,0.5898468976631749,560,681,1241,0.0,-0.0008333472224535399,0.5895245769540749,8.058017727639034e-05
95357,20.53534225570426,0.5898468976631749,560,681,1241,0.0,-0.0008333472224535399,0.5896051571313512,8.058017727639034e-05
95358,20.534508908481808,0.589041095890411,560,681,1241,-0.0008058017727639033,-0.0008333472224535399,0.5896051571313512,0.0
95359,20.533675561259354,0.5882352941176471,560,681,1241,-0.0008058017727639033,-0.0008333472224535399,0.5895245769540748,-8.058017727639034e-05
95360,20.5328422140369,0.5882352941176471,560,681,1241,0.0,-0.0008333472224535399,0.589363416599522,-0.00016116035455278067
95361,20.532008866814447,0.5882352941176471,560,681,1241,0.0,-0.0008333472224535399,0.5892022562449692,-0.00016116035455278067
95362,20.531175519591994,0.5882352941176471,560,681,1241,0.0,-0.0008333472224535399,0.5890410958904164,-0.00016116035455278067
95363,20.530342172369537,0.589041095890411,560,681,1241,0.0008058017727639033,-0.0008333472224570926,0.5889605157131401,-8.058017727639034e-05
95364,20.529508825147083,0.589041095890411,560,681,1241,0.0,-0.0008333472224535399,0.5889605157131401,0.0
95365,20.52867547792463,0.589041095890411,560,681,1241,0.0,-0.0008333472224535399,0.5888799355358637,-8.058017727639034e-05
95366,20.527842130702176,0.589041095890411,560,681,1241,0.0,-0.0008333472224535399,0.5887993553585874,-8.058017727639034e-05
95367,20.527008783479722,0.589041095890411,560,681,1241,0.0,-0.0008333472224535399,0.588718775181311,-8.058017727639034e-05
95368,20.52617543625727,0.589041095890411,560,681,1241,0.0,-0.0008333472224535399,0.588718775181311,0.0
95369,20.525342089034815,0.5882352941176471,560,681,1241,-0.0008058017727639033,-0.0008333472224535399,0.588718775181311,0.0
95370,20.52450874181236,0.5898468976631749,560,681,1241,0.0016116035455278066,-0.0008333472224535399,0.5888799355358638,0.00016116035455278067
95371,20.523675394589908,0.5898468976631749,560,681,1241,0.0,-0.0008333472224535399,0.5890410958904166,0.00016116035455278067
95372,20.522842047367455,0.589041095890411,560,681,1241,-0.0008058017727639033,-0.0008333472224535399,0.5891216760676931,8.058017727639034e-05
95373,20.522008700145,0.589041095890411,560,681,1241,0.0,-0.0008333472224535399,0.5891216760676931,0.0
95374,20.521175352922548,0.5906526994359388,560,681,1241,0.0016116035455278066,-0.0008333472224535399,0.5892828364222458,0.00016116035455278067
95375,20.520342005700094,0.5906526994359388,560,681,1241,0.0,-0.0008333472224535399,0.5894439967767986,0.00016116035455278067
95376,20.51950865847764,0.5906526994359388,560,681,1241,0.0,-0.0008333472224535399,0.5896051571313514,0.00016116035455278067
95377,20.518675311255187,0.5906526994359388,560,681,1241,0.0,-0.0008333472224535399,0.5897663174859041,0.00016116035455278067
95378,20.517841964032733,0.5898468976631749,560,681,1241,-0.0008058017727639033,-0.0008333472224535399,0.5898468976631805,8.058017727639034e-05
95379,20.51700861681028,0.5906526994359388,560,681,1241,0.0008058017727639033,-0.0008333472224535399,0.5900886381950097,0.00024174053182917098
95380,20.516175269587826,0.5906526994359388,560,681,1241,0.0,-0.0008333472224535399,0.5901692183722862,8.058017727639034e-05
95381,20.515341922365373,0.5906526994359388,560,681,1241,0.0,-0.0008333472224535399,0.5902497985495626,8.058017727639034e-05
95382,20.51450857514292,0.5906526994359388,560,681,1241,0.0,-0.0008333472224535399,0.5904109589041153,0.00016116035455278067
95383,20.513675227920466,0.5906526994359388,560,681,1241,0.0,-0.0008333472224535399,0.5905721192586681,0.00016116035455278067
95384,20.51284188069801,0.5906526994359388,560,681,1241,0.0,-0.0008333472224570926,0.5905721192586681,0.0
95385,20.512008533475555,0.5914585012087027,560,681,1241,0.0008058017727639033,-0.0008333472224535399,0.5906526994359445,8.058017727639034e-05
95386,20.5111751862531,0.5914585012087027,560,681,1241,0.0,-0.0008333472224535399,0.5907332796132209,8.058017727639034e-05
95387,20.510341839030648,0.5906526994359388,560,681,1241,-0.0008058017727639033,-0.0008333472224535399,0.5907332796132209,0.0
95388,20.509508491808194,0.5898468976631749,560,681,1241,-0.0008058017727639033,-0.0008333472224535399,0.5907332796132209,0.0
95389,20.50867514458574,0.5898468976631749,560,681,1241,0.0,-0.0008333472224535399,0.5906526994359445,-8.058017727639034e-05
95390,20.507841797363287,0.5906526994359388,560,681,1241,0.0008058017727639033,-0.0008333472224535399,0.5906526994359445,0.0
95391,20.507008450140834,0.5898468976631749,560,681,1241,-0.0008058017727639033,-0.0008333472224535399,0.5905721192586679,-8.058017727639034e-05
95392,20.50617510291838,0.5898468976631749,560,681,1241,0.0,-0.0008333472224535399,0.5904915390813915,-8.058017727639034e-05
95393,20.505341755695927,0.5898468976631749,560,681,1241,0.0,-0.0008333472224535399,0.5904109589041151,-8.058017727639034e-05
95394,20.504508408473473,0.5898468976631749,560,681,1241,0.0,-0.0008333472224535399,0.5903303787268387,-8.058017727639034e-05
95395,20.50367506125102,0.5898468976631749,560,681,1241,0.0,-0.0008333472224535399,0.5901692183722859,-0.00016116035455278067
95396,20.502841714028566,0.5906526994359388,560,681,1241,0.0008058017727639033,-0.0008333472224535399,0.5900886381950096,-8.058017727639034e-05
95397,20.502008366806113,0.5898468976631749,560,681,1241,-0.0008058017727639033,-0.0008333472224535399,0.5900080580177332,-8.058017727639034e-05
95398,20.50117501958366,0.5898468976631749,560,681,1241,0.0,-0.0008333472224535399,0.5900080580177332,0.0
95399,20.500341672361206,0.5898468976631749,560,681,1241,0.0,-0.0008333472224535399,0.5900080580177332,0.0
95400,20.499508325138752,0.5898468976631749,560,681,1241,0.0,-0.0008333472224535399,0.5899274778404566,-8.058017727639034e-05
95401,20.4986749779163,0.5898468976631749,560,681,1241,0.0,-0.0008333472224535399,0.5899274778404566,0.0
95402,20.497841630693845,0.5906526994359388,560,681,1241,0.0008058017727639033,-0.0008333472224535399,0.5900080580177332,8.058017727639034e-05
95403,20.49700828347139,0.5906526994359388,560,681,1241,0.0,-0.0008333472224535399,0.5900886381950096,8.058017727639034e-05
95404,20.496174936248938,0.5906526994359388,560,681,1241,0.0,-0.0008333472224535399,0.590169218372286,8.058017727639034e-05
95405,20.495341589026484,0.5906526994359388,560,681,1241,0.0,-0.0008333472224535399,0.5902497985495624,8.058017727639034e-05
95406,20.494508241804027,0.5906526994359388,560,681,1241,0.0,-0.0008333472224570926,0.5902497985495624,0.0
95407,20.493674894581574,0.5906526994359388,560,681,1241,0.0,-0.0008333472224535399,0.5903303787268388,8.058017727639034e-05
95408,20.49284154735912,0.5898468976631749,560,681,1241,-0.0008058017727639033,-0.0008333472224535399,0.5903303787268388,0.0
95409,20.492008200136667,0.589041095890411,560,681,1241,-0.0008058017727639033,-0.0008333472224535399,0.5902497985495625,-8.058017727639034e-05
95410,20.491174852914213,0.5898468976631749,560,681,1241,0.0008058017727639033,-0.0008333472224535399,0.5902497985495625,0.0
95411,20.49034150569176,0.5898468976631749,560,681,1241,0.0,-0.0008333472224535399,0.5902497985495625,0.0
95412,20.489508158469306,0.5898468976631749,560,681,1241,0.0,-0.0008333472224535399,0.5901692183722861,-8.058017727639034e-05
95413,20.488674811246852,0.5922643029814666,560,681,1241,0.00241740531829171,-0.0008333472224535399,0.5903303787268388,0.00016116035455278067
95414,20.4878414640244,0.5906526994359388,560,681,1241,-0.0016116035455278066,-0.0008333472224535399,0.5903303787268388,0.0
95415,20.487008116801945,0.5906526994359388,560,681,1241,0.0,-0.0008333472224535399,0.5903303787268388,0.0
95416,20.486174769579492,0.589041095890411,560,681,1241,-0.0016116035455278066,-0.0008333472224535399,0.5901692183722861,-0.00016116035455278067
95417,20.48534142235704,0.589041095890411,560,681,1241,0.0,-0.0008333472224535399,0.5900080580177333,-0.00016116035455278067
95418,20.484508075134585,0.5898468976631749,560,681,1241,0.0008058017727639033,-0.0008333472224535399,0.5900080580177333,0.0
95419,20.48367472791213,0.5906526994359388,560,681,1241,0.0008058017727639033,-0.0008333472224535399,0.5901692183722861,0.00016116035455278067
95420,20.482841380689678,0.5914585012087027,560,681,1241,0.0008058017727639033,-0.0008333472224535399,0.5903303787268388,0.00016116035455278067
95421,20.482008033467224,0.5922643029814666,560,681,1241,0.0008058017727639033,-0.0008333472224535399,0.590572119258668,0.00024174053182917098
95422,20.48117468624477,0.5922643029814666,560,681,1241,0.0,-0.0008333472224535399,0.5908138597904973,0.00024174053182917098
95423,20.480341339022317,0.5930701047542305,560,681,1241,0.0008058017727639033,-0.0008333472224535399,0.5908944399677736,8.058017727639034e-05
95424,20.479507991799863,0.5930701047542305,560,681,1241,0.0,-0.0008333472224535399,0.5911361804996027,0.00024174053182917098
95425,20.47867464457741,0.5930701047542305,560,681,1241,0.0,-0.0008333472224535399,0.5913779210314318,0.00024174053182917098
95426,20.477841297354956,0.5938759065269944,560,681,1241,0.0008058017727639033,-0.0008333472224535399,0.5918614020950902,0.00048348106365834196
95427,20.4770079501325,0.5914585012087027,560,681,1241,-0.00241740531829171,-0.0008333472224570926,0.5921031426269193,0.00024174053182917098
95428,20.476174602910046,0.5914585012087027,560,681,1241,0.0,-0.0008333472224535399,0.5922643029814721,0.00016116035455278067
95429,20.475341255687592,0.5914585012087027,560,681,1241,0.0,-0.0008333472224535399,0.5923448831587484,8.058017727639034e-05
95430,20.47450790846514,0.5914585012087027,560,681,1241,0.0,-0.0008333472224535399,0.5923448831587484,0.0
95431,20.473674561242685,0.5930701047542305,560,681,1241,0.0016116035455278066,-0.0008333472224535399,0.5924254633360249,8.058017727639034e-05
95432,20.47284121402023,0.5938759065269944,560,681,1241,0.0008058017727639033,-0.0008333472224535399,0.5925866236905776,0.00016116035455278067
95433,20.472007866797778,0.5914585012087027,560,681,1241,-0.00241740531829171,-0.0008333472224535399,0.5924254633360249,-0.00016116035455278067
95434,20.471174519575325,0.5922643029814666,560,681,1241,0.0008058017727639033,-0.0008333472224535399,0.5923448831587484,-8.058017727639034e-05
95435,20.47034117235287,0.5922643029814666,560,681,1241,0.0,-0.0008333472224535399,0.5922643029814721,-8.058017727639034e-05
95436,20.469507825130417,0.5914585012087027,560,681,1241,-0.0008058017727639033,-0.0008333472224535399,0.5920225624496429,-0.00024174053182917098
95437,20.468674477907964,0.5922643029814666,560,681,1241,0.0008058017727639033,-0.0008333472224535399,0.5921031426269193,8.058017727639034e-05
95438,20.46784113068551,0.5922643029814666,560,681,1241,0.0,-0.0008333472224535399,0.5921837228041957,8.058017727639034e-05
95439,20.467007783463057,0.5914585012087027,560,681,1241,-0.0008058017727639033,-0.0008333472224535399,0.5921837228041957,0.0
95440,20.466174436240603,0.5914585012087027,560,681,1241,0.0,-0.0008333472224535399,0.5921837228041957,0.0
95441,20.46534108901815,0.5906526994359388,560,681,1241,-0.0008058017727639033,-0.0008333472224535399,0.5919419822723666,-0.00024174053182917098
95442,20.464507741795696,0.5906526994359388,560,681,1241,0.0,-0.0008333472224535399,0.5916196615632611,-0.00032232070910556134
95443,20.463674394573243,0.5898468976631749,560,681,1241,-0.0008058017727639033,-0.0008333472224535399,0.5914585012087084,-0.00016116035455278067
95444,20.46284104735079,0.5906526994359388,560,681,1241,0.0008058017727639033,-0.0008333472224535399,0.5912973408541555,-0.00016116035455278067
95445,20.462007700128336,0.5898468976631749,560,681,1241,-0.0008058017727639033,-0.0008333472224535399,0.5910556003223263,-0.00024174053182917098
95446,20.461174352905882,0.5914585012087027,560,681,1241,0.0016116035455278066,-0.0008333472224535399,0.5910556003223263,0.0
95447,20.46034100568343,0.5914585012087027,560,681,1241,0.0,-0.0008333472224535399,0.5909750201450499,-8.058017727639034e-05
95448,20.45950765846097,0.5914585012087027,560,681,1241,0.0,-0.0008333472224570926,0.5908944399677735,-8.058017727639034e-05
95449,20.458674311238518,0.5906526994359388,560,681,1241,-0.0008058017727639033,-0.0008333472224535399,0.590813859790497,-8.058017727639034e-05
95450,20.457840964016064,0.5906526994359388,560,681,1241,0.0,-0.0008333472224535399,0.5907332796132208,-8.058017727639034e-05
95451,20.45700761679361,0.5906526994359388,560,681,1241,0.0,-0.0008333472224535399,0.5907332796132208,0.0
95452,20.456174269571157,0.5906526994359388,560,681,1241,0.0,-0.0008333472224535399,0.5907332796132208,0.0
95453,20.455340922348704,0.5906526994359388,560,681,1241,0.0,-0.0008333472224535399,0.5908138597904972,8.058017727639034e-05
95454,20.45450757512625,0.5906526994359388,560,681,1241,0.0,-0.0008333472224535399,0.5908138597904972,0.0
95455,20.453674227903797,0.5922643029814666,560,681,1241,0.0016116035455278066,-0.0008333472224535399,0.5910556003223264,0.00024174053182917098
95456,20.452840880681343,0.5922643029814666,560,681,1241,0.0,-0.0008333472224535399,0.5911361804996028,8.058017727639034e-05
95457,20.45200753345889,0.5922643029814666,560,681,1241,0.0,-0.0008333472224535399,0.5912167606768792,8.058017727639034e-05
95458,20.451174186236436,0.5922643029814666,560,681,1241,0.0,-0.0008333472224535399,0.5912973408541558,8.058017727639034e-05
95459,20.450340839013982,0.5906526994359388,560,681,1241,-0.0016116035455278066,-0.0008333472224535399,0.5912973408541558,0.0
95460,20.44950749179153,0.5906526994359388,560,681,1241,0.0,-0.0008333472224535399,0.5912973408541558,0.0
95461,20.448674144569075,0.5906526994359388,560,681,1241,0.0,-0.0008333472224535399,0.5912973408541558,0.0
95462,20.447840797346622,0.5906526994359388,560,681,1241,0.0,-0.0008333472224535399,0.5912973408541558,0.0
95463,20.44700745012417,0.5898468976631749,560,681,1241,-0.0008058017727639033,-0.0008333472224535399,0.5912167606768792,-8.058017727639034e-05
95464,20.446174102901715,0.589041095890411,560,681,1241,-0.0008058017727639033,-0.0008333472224535399,0.5910556003223265,-0.00016116035455278067
95465,20.44534075567926,0.589041095890411,560,681,1241,0.0,-0.0008333472224535399,0.590733279613221,-0.00032232070910556134
95466,20.444507408456808,0.589041095890411,560,681,1241,0.0,-0.0008333472224535399,0.5904109589041153,-0.00032232070910556134
95467,20.443674061234354,0.589041095890411,560,681,1241,0.0,-0.0008333472224535399,0.5900886381950098,-0.00032232070910556134
95468,20.4428407140119,0.589041095890411,560,681,1241,0.0,-0.0008333472224535399,0.5897663174859042,-0.00032232070910556134
95469,20.442007366789444,0.589041095890411,560,681,1241,0.0,-0.0008333472224570926,0.5896051571313514,-0.00016116035455278067
95470,20.44117401956699,0.589041095890411,560,681,1241,0.0,-0.0008333472224535399,0.5894439967767987,-0.00016116035455278067
95471,20.440340672344536,0.589041095890411,560,681,1241,0.0,-0.0008333472224535399,0.5892828364222459,-0.00016116035455278067
95472,20.439507325122083,0.589041095890411,560,681,1241,0.0,-0.0008333472224535399,0.5891216760676932,-0.00016116035455278067
95473,20.43867397789963,0.5906526994359388,560,681,1241,0.0016116035455278066,-0.0008333472224535399,0.5892022562449696,8.058017727639034e-05
95474,20.437840630677176,0.5906526994359388,560,681,1241,0.0,-0.0008333472224535399,0.5893634165995223,0.00016116035455278067
95475,20.437007283454722,0.5906526994359388,560,681,1241,0.0,-0.0008333472224535399,0.5895245769540751,0.00016116035455278067
95476,20.43617393623227,0.5914585012087027,560,681,1241,0.0008058017727639033,-0.0008333472224535399,0.5897663174859042,0.00024174053182917098
95477,20.435340589009815,0.5914585012087027,560,681,1241,0.0,-0.0008333472224535399,0.5900080580177334,0.00024174053182917098
95478,20.43450724178736,0.5906526994359388,560,681,1241,-0.0008058017727639033,-0.0008333472224535399,0.5901692183722862,0.00016116035455278067
95479,20.433673894564908,0.5914585012087027,560,681,1241,0.0008058017727639033,-0.0008333472224535399,0.5904109589041153,0.00024174053182917098
95480,20.432840547342455,0.5914585012087027,560,681,1241,0.0,-0.0008333472224535399,0.5906526994359445,0.00024174053182917098
95481,20.43200720012,0.5914585012087027,560,681,1241,0.0,-0.0008333472224535399,0.5908944399677736,0.00024174053182917098
95482,20.431173852897548,0.5906526994359388,560,681,1241,-0.0008058017727639033,-0.0008333472224535399,0.5910556003223263,0.00016116035455278067
95483,20.430340505675094,0.5906526994359388,560,681,1241,0.0,-0.0008333472224535399,0.5910556003223263,0.0
95484,20.42950715845264,0.5906526994359388,560,681,1241,0.0,-0.0008333472224535399,0.5910556003223263,0.0
95485,20.428673811230187,0.5914585012087027,560,681,1241,0.0008058017727639033,-0.0008333472224535399,0.5911361804996027,8.058017727639034e-05
95486,20.427840464007733,0.5922643029814666,560,681,1241,0.0008058017727639033,-0.0008333472224535399,0.5912167606768791,8.058017727639034e-05
95487,20.42700711678528,0.5922643029814666,560,681,1241,0.0,-0.0008333472224535399,0.5912973408541555,8.058017727639034e-05
95488,20.426173769562826,0.5922643029814666,560,681,1241,0.0,-0.0008333472224535399,0.5914585012087084,0.00016116035455278067
95489,20.425340422340373,0.5922643029814666,560,681,1241,0.0,-0.0008333472224535399,0.5915390813859848,8.058017727639034e-05
95490,20.424507075117916,0.5922643029814666,560,681,1241,0.0,-0.0008333472224570926,0.5916196615632612,8.058017727639034e-05
95491,20.423673727895462,0.5930701047542305,560,681,1241,0.0008058017727639033,-0.0008333472224535399,0.591780821917814,0.00016116035455278067
95492,20.42284038067301,0.5930701047542305,560,681,1241,0.0,-0.0008333472224535399,0.5920225624496431,0.00024174053182917098
95493,20.422007033450555,0.5938759065269944,560,681,1241,0.0008058017727639033,-0.0008333472224535399,0.5923448831587487,0.00032232070910556134
95494,20.4211736862281,0.5930701047542305,560,681,1241,-0.0008058017727639033,-0.0008333472224535399,0.5925866236905778,0.00024174053182917098
95495,20.420340339005648,0.5930701047542305,560,681,1241,0.0,-0.0008333472224535399,0.5927477840451305,0.00016116035455278067
95496,20.419506991783194,0.5938759065269944,560,681,1241,0.0008058017727639033,-0.0008333472224535399,0.5929089443996833,0.00016116035455278067
95497,20.41867364456074,0.5938759065269944,560,681,1241,0.0,-0.0008333472224535399,0.5930701047542362,0.00016116035455278067
95498,20.417840297338287,0.5938759065269944,560,681,1241,0.0,-0.0008333472224535399,0.5932312651087889,0.00016116035455278067
95499,20.417006950115834,0.5930701047542305,560,681,1241,-0.0008058017727639033,-0.0008333472224535399,0.5933118452860653,8.058017727639034e-05
95500,20.41617360289338,0.5930701047542305,560,681,1241,0.0,-0.0008333472224535399,0.5933924254633416,8.058017727639034e-05
95501,20.415340255670927,0.5938759065269944,560,681,1241,0.0008058017727639033,-0.0008333472224535399,0.593473005640618,8.058017727639034e-05
95502,20.414506908448473,0.5938759065269944,560,681,1241,0.0,-0.0008333472224535399,0.5935535858178944,8.058017727639034e-05
95503,20.41367356122602,0.5938759065269944,560,681,1241,0.0,-0.0008333472224535399,0.5935535858178944,0.0
95504,20.412840214003566,0.5938759065269944,560,681,1241,0.0,-0.0008333472224535399,0.5936341659951709,8.058017727639034e-05
95505,20.412006866781113,0.5938759065269944,560,681,1241,0.0,-0.0008333472224535399,0.5937147461724473,8.058017727639034e-05
95506,20.41117351955866,0.5922643029814666,560,681,1241,-0.0016116035455278066,-0.0008333472224535399,0.5935535858178945,-0.00016116035455278067
95507,20.410340172336205,0.5922643029814666,560,681,1241,0.0,-0.0008333472224535399,0.5933924254633418,-0.00016116035455278067
95508,20.409506825113752,0.5922643029814666,560,681,1241,0.0,-0.0008333472224535399,0.593231265108789,-0.00016116035455278067
95509,20.4086734778913,0.5914585012087027,560,681,1241,-0.0008058017727639033,-0.0008333472224535399,0.5930701047542362,-0.00016116035455278067
95510,20.407840130668845,0.5906526994359388,560,681,1241,-0.0008058017727639033,-0.0008333472224535399,0.592828364222407,-0.00024174053182917098
95511,20.40700678344639,0.5906526994359388,560,681,1241,0.0,-0.0008333472224535399,0.5925060435133015,-0.00032232070910556134
95512,20.406173436223934,0.5906526994359388,560,681,1241,0.0,-0.0008333472224570926,0.592183722804196,-0.00032232070910556134
95513,20.40534008900148,0.5898468976631749,560,681,1241,-0.0008058017727639033,-0.0008333472224535399,0.591780821917814,-0.00040290088638195165
95514,20.404506741779027,0.5898468976631749,560,681,1241,0.0,-0.0008333472224535399,0.5913779210314319,-0.00040290088638195165
95515,20.403673394556574,0.5906526994359388,560,681,1241,0.0008058017727639033,-0.0008333472224535399,0.5910556003223264,-0.00032232070910556134
95516,20.40284004733412,0.5906526994359388,560,681,1241,0.0,-0.0008333472224535399,0.5908944399677736,-0.00016116035455278067
95517,20.402006700111667,0.5898468976631749,560,681,1241,-0.0008058017727639033,-0.0008333472224535399,0.5906526994359445,-0.00024174053182917098
95518,20.401173352889213,0.5898468976631749,560,681,1241,0.0,-0.0008333472224535399,0.5904109589041152,-0.00024174053182917098
95519,20.40034000566676,0.5906526994359388,560,681,1241,0.0008058017727639033,-0.0008333472224535399,0.5903303787268388,-8.058017727639034e-05
95520,20.399506658444306,0.5914585012087027,560,681,1241,0.0008058017727639033,-0.0008333472224535399,0.5904109589041152,8.058017727639034e-05
95521,20.398673311221852,0.5906526994359388,560,681,1241,-0.0008058017727639033,-0.0008333472224535399,0.5904109589041152,0.0
95522,20.3978399639994,0.5906526994359388,560,681,1241,0.0,-0.0008333472224535399,0.5904109589041152,0.0
95523,20.397006616776945,0.5914585012087027,560,681,1241,0.0008058017727639033,-0.0008333472224535399,0.5905721192586679,0.00016116035455278067
95524,20.39617326955449,0.5922643029814666,560,681,1241,0.0008058017727639033,-0.0008333472224535399,0.5908138597904972,0.00024174053182917098
95525,20.395339922332038,0.5930701047542305,560,681,1241,0.0008058017727639033,-0.0008333472224535399,0.5910556003223263,0.00024174053182917098
95526,20.394506575109585,0.5930701047542305,560,681,1241,0.0,-0.0008333472224535399,0.5912973408541554,0.00024174053182917098
95527,20.39367322788713,0.5930701047542305,560,681,1241,0.0,-0.0008333472224535399,0.591619661563261,0.00032232070910556134
95528,20.392839880664678,0.5930701047542305,560,681,1241,0.0,-0.0008333472224535399,0.5919419822723666,0.00032232070910556134
95529,20.392006533442224,0.5930701047542305,560,681,1241,0.0,-0.0008333472224535399,0.5921837228041957,0.00024174053182917098
95530,20.39117318621977,0.5930701047542305,560,681,1241,0.0,-0.0008333472224535399,0.5923448831587484,0.00016116035455278067
95531,20.390339838997317,0.5930701047542305,560,681,1241,0.0,-0.0008333472224535399,0.5925866236905776,0.00024174053182917098
95532,20.389506491774863,0.5930701047542305,560,681,1241,0.0,-0.0008333472224535399,0.5928283642224067,0.00024174053182917098
95533,20.388673144552406,0.5930701047542305,560,681,1241,0.0,-0.0008333472224570926,0.5929895245769595,0.00016116035455278067
95534,20.387839797329953,0.5922643029814666,560,681,1241,-0.0008058017727639033,-0.0008333472224535399,0.5929895245769595,0.0
95535,20.3870064501075,0.5914585012087027,560,681,1241,-0.0008058017727639033,-0.0008333472224535399,0.5928283642224067,-0.00016116035455278067
95536,20.386173102885046,0.5914585012087027,560,681,1241,0.0,-0.0008333472224535399,0.592667203867854,-0.00016116035455278067
95537,20.385339755662592,0.5914585012087027,560,681,1241,0.0,-0.0008333472224535399,0.5925060435133012,-0.00016116035455278067
95538,20.38450640844014,0.5914585012087027,560,681,1241,0.0,-0.0008333472224535399,0.5923448831587483,-0.00016116035455278067
95539,20.383673061217685,0.5914585012087027,560,681,1241,0.0,-0.0008333472224535399,0.5921837228041956,-0.00016116035455278067
95540,20.38283971399523,0.5914585012087027,560,681,1241,0.0,-0.0008333472224535399,0.5920225624496428,-0.00016116035455278067
95541,20.382006366772778,0.5906526994359388,560,681,1241,-0.0008058017727639033,-0.0008333472224535399,0.5917808219178137,-0.00024174053182917098
95542,20.381173019550324,0.5906526994359388,560,681,1241,0.0,-0.0008333472224535399,0.5915390813859845,-0.00024174053182917098
95543,20.38033967232787,0.5906526994359388,560,681,1241,0.0,-0.0008333472224535399,0.5912973408541554,-0.00024174053182917098
95544,20.379506325105417,0.5898468976631749,560,681,1241,-0.0008058017727639033,-0.0008333472224535399,0.5910556003223262,-0.00024174053182917098
95545,20.378672977882964,0.589041095890411,560,681,1241,-0.0008058017727639033,-0.0008333472224535399,0.590813859790497,-0.00024174053182917098
95546,20.37783963066051,0.5898468976631749,560,681,1241,0.0008058017727639033,-0.0008333472224535399,0.5906526994359443,-0.00016116035455278067
95547,20.377006283438057,0.5898468976631749,560,681,1241,0.0,-0.0008333472224535399,0.5904915390813915,-0.00016116035455278067
95548,20.376172936215603,0.5898468976631749,560,681,1241,0.0,-0.0008333472224535399,0.5903303787268388,-0.00016116035455278067
95549,20.37533958899315,0.5898468976631749,560,681,1241,0.0,-0.0008333472224535399,0.590169218372286,-0.00016116035455278067
95550,20.374506241770696,0.5906526994359388,560,681,1241,0.0008058017727639033,-0.0008333472224535399,0.5900886381950097,-8.058017727639034e-05
95551,20.373672894548243,0.5906526994359388,560,681,1241,0.0,-0.0008333472224535399,0.5900886381950097,0.0
95552,20.37283954732579,0.5906526994359388,560,681,1241,0.0,-0.0008333472224535399,0.5900886381950097,0.0
95553,20.372006200103336,0.5914585012087027,560,681,1241,0.0008058017727639033,-0.0008333472224535399,0.590169218372286,8.058017727639034e-05
95554,20.37117285288088,0.5914585012087027,560,681,1241,0.0,-0.0008333472224570926,0.5903303787268388,0.00016116035455278067
95555,20.370339505658425,0.5914585012087027,560,681,1241,0.0,-0.0008333472224535399,0.5905721192586679,0.00024174053182917098
95556,20.36950615843597,0.5914585012087027,560,681,1241,0.0,-0.0008333472224535399,0.5907332796132206,0.00016116035455278067
95557,20.368672811213518,0.5914585012087027,560,681,1241,0.0,-0.0008333472224535399,0.5908944399677735,0.00016116035455278067
95558,20.367839463991064,0.5914585012087027,560,681,1241,0.0,-0.0008333472224535399,0.5910556003223262,0.00016116035455278067
95559,20.36700611676861,0.5922643029814666,560,681,1241,0.0008058017727639033,-0.0008333472224535399,0.5912973408541554,0.00024174053182917098
95560,20.366172769546157,0.5922643029814666,560,681,1241,0.0,-0.0008333472224535399,0.5914585012087082,0.00016116035455278067
95561,20.365339422323704,0.5922643029814666,560,681,1241,0.0,-0.0008333472224535399,0.591619661563261,0.00016116035455278067
95562,20.36450607510125,0.5914585012087027,560,681,1241,-0.0008058017727639033,-0.0008333472224535399,0.5917002417405374,8.058017727639034e-05
95563,20.363672727878797,0.5914585012087027,560,681,1241,0.0,-0.0008333472224535399,0.5917002417405374,0.0
95564,20.362839380656343,0.5914585012087027,560,681,1241,0.0,-0.0008333472224535399,0.5917002417405374,0.0
95565,20.36200603343389,0.5906526994359388,560,681,1241,-0.0008058017727639033,-0.0008333472224535399,0.591619661563261,-8.058017727639034e-05
95566,20.361172686211436,0.5906526994359388,560,681,1241,0.0,-0.0008333472224535399,0.5915390813859847,-8.058017727639034e-05
95567,20.360339338988982,0.5906526994359388,560,681,1241,0.0,-0.0008333472224535399,0.5914585012087084,-8.058017727639034e-05
95568,20.35950599176653,0.5914585012087027,560,681,1241,0.0008058017727639033,-0.0008333472224535399,0.5914585012087084,0.0
95569,20.358672644544075,0.5922643029814666,560,681,1241,0.0008058017727639033,-0.0008333472224535399,0.5914585012087084,0.0
95570,20.357839297321622,0.5914585012087027,560,681,1241,-0.0008058017727639033,-0.0008333472224535399,0.5913779210314318,-8.058017727639034e-05
95571,20.35700595009917,0.5914585012087027,560,681,1241,0.0,-0.0008333472224535399,0.5912973408541554,-8.058017727639034e-05
95572,20.356172602876715,0.5914585012087027,560,681,1241,0.0,-0.0008333472224535399,0.5912973408541554,0.0
95573,20.35533925565426,0.5914585012087027,560,681,1241,0.0,-0.0008333472224535399,0.5912973408541554,0.0
95574,20.354505908431808,0.5914585012087027,560,681,1241,0.0,-0.0008333472224535399,0.5912973408541554,0.0
95575,20.35367256120935,0.5914585012087027,560,681,1241,0.0,-0.0008333472224570926,0.5913779210314318,8.058017727639034e-05
95576,20.352839213986897,0.5914585012087027,560,681,1241,0.0,-0.0008333472224535399,0.5914585012087081,8.058017727639034e-05
95577,20.352005866764443,0.5914585012087027,560,681,1241,0.0,-0.0008333472224535399,0.5915390813859844,8.058017727639034e-05
95578,20.35117251954199,0.5906526994359388,560,681,1241,-0.0008058017727639033,-0.0008333472224535399,0.5914585012087081,-8.058017727639034e-05
95579,20.350339172319536,0.5906526994359388,560,681,1241,0.0,-0.0008333472224535399,0.5912973408541553,-0.00016116035455278067
95580,20.349505825097083,0.5906526994359388,560,681,1241,0.0,-0.0008333472224535399,0.591216760676879,-8.058017727639034e-05
95581,20.34867247787463,0.5906526994359388,560,681,1241,0.0,-0.0008333472224535399,0.5911361804996027,-8.058017727639034e-05
95582,20.347839130652176,0.5906526994359388,560,681,1241,0.0,-0.0008333472224535399,0.5910556003223263,-8.058017727639034e-05
95583,20.347005783429722,0.589041095890411,560,681,1241,-0.0016116035455278066,-0.0008333472224535399,0.5908138597904972,-0.00024174053182917098
95584,20.34617243620727,0.589041095890411,560,681,1241,0.0,-0.0008333472224535399,0.590572119258668,-0.00024174053182917098
95585,20.345339088984815,0.589041095890411,560,681,1241,0.0,-0.0008333472224535399,0.5903303787268389,-0.00024174053182917098
95586,20.34450574176236,0.589041095890411,560,681,1241,0.0,-0.0008333472224535399,0.5900886381950098,-0.00024174053182917098
95587,20.343672394539908,0.5906526994359388,560,681,1241,0.0016116035455278066,-0.0008333472224535399,0.5900080580177335,-8.058017727639034e-05
95588,20.342839047317455,0.5922643029814666,560,681,1241,0.0016116035455278066,-0.0008333472224535399,0.5901692183722862,0.00016116035455278067
95589,20.342005700095,0.5922643029814666,560,681,1241,0.0,-0.0008333472224535399,0.590330378726839,0.00016116035455278067
95590,20.341172352872547,0.5930701047542305,560,681,1241,0.0008058017727639033,-0.0008333472224535399,0.5905721192586681,0.00024174053182917098
95591,20.340339005650094,0.5930701047542305,560,681,1241,0.0,-0.0008333472224535399,0.5908138597904973,0.00024174053182917098
95592,20.33950565842764,0.5930701047542305,560,681,1241,0.0,-0.0008333472224535399,0.5910556003223264,0.00024174053182917098
95593,20.338672311205187,0.5922643029814666,560,681,1241,-0.0008058017727639033,-0.0008333472224535399,0.5913779210314319,0.00032232070910556134
95594,20.337838963982733,0.5930701047542305,560,681,1241,0.0008058017727639033,-0.0008333472224535399,0.5917808219178139,0.00040290088638195165
95595,20.33700561676028,0.5922643029814666,560,681,1241,-0.0008058017727639033,-0.0008333472224535399,0.5921031426269194,0.00032232070910556134
95596,20.336172269537823,0.5922643029814666,560,681,1241,0.0,-0.0008333472224570926,0.592425463336025,0.00032232070910556134
95597,20.33533892231537,0.5922643029814666,560,681,1241,0.0,-0.0008333472224535399,0.5925866236905778,0.00016116035455278067
95598,20.334505575092916,0.5922643029814666,560,681,1241,0.0,-0.0008333472224535399,0.5925866236905778,0.0
95599,20.333672227870462,0.5938759065269944,560,681,1241,0.0016116035455278066,-0.0008333472224535399,0.5927477840451305,0.00016116035455278067
95600,20.33283888064801,0.5930701047542305,560,681,1241,-0.0008058017727639033,-0.0008333472224535399,0.5927477840451305,0.0
95601,20.332005533425555,0.5922643029814666,560,681,1241,-0.0008058017727639033,-0.0008333472224535399,0.5926672038678542,-8.058017727639034e-05
95602,20.3311721862031,0.5922643029814666,560,681,1241,0.0,-0.0008333472224535399,0.5925866236905779,-8.058017727639034e-05
95603,20.330338838980648,0.5922643029814666,560,681,1241,0.0,-0.0008333472224535399,0.5925866236905779,0.0
95604,20.329505491758194,0.5922643029814666,560,681,1241,0.0,-0.0008333472224535399,0.5925060435133015,-8.058017727639034e-05
95605,20.32867214453574,0.5914585012087027,560,681,1241,-0.0008058017727639033,-0.0008333472224535399,0.5924254633360251,-8.058017727639034e-05
95606,20.327838797313287,0.5906526994359388,560,681,1241,-0.0008058017727639033,-0.0008333472224535399,0.5922643029814723,-0.00016116035455278067
95607,20.327005450090834,0.5898468976631749,560,681,1241,-0.0008058017727639033,-0.0008333472224535399,0.5920225624496431,-0.00024174053182917098
95608,20.32617210286838,0.5898468976631749,560,681,1241,0.0,-0.0008333472224535399,0.5917808219178139,-0.00024174053182917098
95609,20.325338755645927,0.5898468976631749,560,681,1241,0.0,-0.0008333472224535399,0.5913779210314318,-0.00040290088638195165
95610,20.324505408423473,0.5898468976631749,560,681,1241,0.0,-0.0008333472224535399,0.5910556003223263,-0.00032232070910556134
95611,20.32367206120102,0.5906526994359388,560,681,1241,0.0008058017727639033,-0.0008333472224535399,0.5908944399677736,-0.00016116035455278067
95612,20.322838713978566,0.5906526994359388,560,681,1241,0.0,-0.0008333472224535399,0.5907332796132208,-0.00016116035455278067
95613,20.322005366756112,0.5898468976631749,560,681,1241,-0.0008058017727639033,-0.0008333472224535399,0.5904915390813915,-0.00024174053182917098
95614,20.32117201953366,0.5898468976631749,560,681,1241,0.0,-0.0008333472224535399,0.5902497985495623,-0.00024174053182917098
95615,20.320338672311205,0.589041095890411,560,681,1241,-0.0008058017727639033,-0.0008333472224535399,0.5900080580177332,-0.00024174053182917098
95616,20.319505325088752,0.5906526994359388,560,681,1241,0.0016116035455278066,-0.0008333472224535399,0.5900080580177332,0.0
95617,20.318671977866295,0.5906526994359388,560,681,1241,0.0,-0.0008333472224570926,0.5900886381950097,8.058017727639034e-05
95618,20.31783863064384,0.5906526994359388,560,681,1241,0.0,-0.0008333472224535399,0.5901692183722861,8.058017727639034e-05
95619,20.317005283421388,0.5906526994359388,560,681,1241,0.0,-0.0008333472224535399,0.5902497985495625,8.058017727639034e-05
95620,20.316171936198934,0.5906526994359388,560,681,1241,0.0,-0.0008333472224535399,0.5903303787268389,8.058017727639034e-05
95621,20.31533858897648,0.5906526994359388,560,681,1241,0.0,-0.0008333472224535399,0.5903303787268389,0.0
95622,20.314505241754027,0.5906526994359388,560,681,1241,0.0,-0.0008333472224535399,0.5903303787268389,0.0
95623,20.313671894531574,0.5898468976631749,560,681,1241,-0.0008058017727639033,-0.0008333472224535399,0.5903303787268389,0.0
95624,20.31283854730912,0.589041095890411,560,681,1241,-0.0008058017727639033,-0.0008333472224535399,0.5902497985495626,-8.058017727639034e-05
95625,20.312005200086666,0.589041095890411,560,681,1241,0.0,-0.0008333472224535399,0.5902497985495626,0.0
95626,20.311171852864213,0.589041095890411,560,681,1241,0.0,-0.0008333472224535399,0.5900886381950098,-0.00016116035455278067
95627,20.31033850564176,0.589041095890411,560,681,1241,0.0,-0.0008333472224535399,0.5899274778404571,-0.00016116035455278067
95628,20.309505158419306,0.5898468976631749,560,681,1241,0.0008058017727639033,-0.0008333472224535399,0.5898468976631805,-8.058017727639034e-05
95629,20.308671811196852,0.589041095890411,560,681,1241,-0.0008058017727639033,-0.0008333472224535399,0.5896857373086278,-0.00016116035455278067
95630,20.3078384639744,0.589041095890411,560,681,1241,0.0,-0.0008333472224535399,0.589524576954075,-0.00016116035455278067
95631,20.307005116751945,0.589041095890411,560,681,1241,0.0,-0.0008333472224535399,0.5893634165995223,-0.00016116035455278067
95632,20.30617176952949,0.5882352941176471,560,681,1241,-0.0008058017727639033,-0.0008333472224535399,0.5891216760676931,-0.00024174053182917098
95633,20.305338422307038,0.5874294923448832,560,681,1241,-0.0008058017727639033,-0.0008333472224535399,0.5888799355358639,-0.00024174053182917098
95634,20.304505075084585,0.589041095890411,560,681,1241,0.0016116035455278066,-0.0008333472224535399,0.5888799355358639,0.0
95635,20.30367172786213,0.589041095890411,560,681,1241,0.0,-0.0008333472224535399,0.5888799355358639,0.0
95636,20.302838380639677,0.5898468976631749,560,681,1241,0.0008058017727639033,-0.0008333472224535399,0.5889605157131402,8.058017727639034e-05
95637,20.302005033417224,0.5898468976631749,560,681,1241,0.0,-0.0008333472224535399,0.5890410958904166,8.058017727639034e-05
95638,20.30117168619477,0.589041095890411,560,681,1241,-0.0008058017727639033,-0.0008333472224535399,0.5889605157131402,-8.058017727639034e-05
95639,20.300338338972313,0.589041095890411,560,681,1241,0.0,-0.0008333472224570926,0.5889605157131402,0.0
95640,20.29950499174986,0.5898468976631749,560,681,1241,0.0008058017727639033,-0.0008333472224535399,0.5890410958904166,8.058017727639034e-05
95641,20.298671644527406,0.5898468976631749,560,681,1241,0.0,-0.0008333472224535399,0.589121676067693,8.058017727639034e-05
95642,20.297838297304953,0.5898468976631749,560,681,1241,0.0,-0.0008333472224535399,0.5892828364222458,0.00016116035455278067
95643,20.2970049500825,0.5898468976631749,560,681,1241,0.0,-0.0008333472224535399,0.5895245769540749,0.00024174053182917098
95644,20.296171602860046,0.5906526994359388,560,681,1241,0.0008058017727639033,-0.0008333472224535399,0.5896857373086276,0.00016116035455278067
95645,20.295338255637592,0.5906526994359388,560,681,1241,0.0,-0.0008333472224535399,0.5898468976631804,0.00016116035455278067
95646,20.29450490841514,0.5898468976631749,560,681,1241,-0.0008058017727639033,-0.0008333472224535399,0.5898468976631804,0.0
95647,20.293671561192685,0.5898468976631749,560,681,1241,0.0,-0.0008333472224535399,0.5898468976631804,0.0
95648,20.29283821397023,0.5882352941176471,560,681,1241,-0.0016116035455278066,-0.0008333472224535399,0.589766317485904,-8.058017727639034e-05
95649,20.292004866747778,0.5882352941176471,560,681,1241,0.0,-0.0008333472224535399,0.5896857373086275,-8.058017727639034e-05
95650,20.291171519525324,0.5882352941176471,560,681,1241,0.0,-0.0008333472224535399,0.5895245769540748,-0.00016116035455278067
95651,20.29033817230287,0.5874294923448832,560,681,1241,-0.0008058017727639033,-0.0008333472224535399,0.5892828364222457,-0.00024174053182917098
95652,20.289504825080417,0.5874294923448832,560,681,1241,0.0,-0.0008333472224535399,0.5890410958904165,-0.00024174053182917098
95653,20.288671477857964,0.5874294923448832,560,681,1241,0.0,-0.0008333472224535399,0.5887993553585874,-0.00024174053182917098
95654,20.28783813063551,0.5882352941176471,560,681,1241,0.0008058017727639033,-0.0008333472224535399,0.5885576148267582,-0.00024174053182917098
95655,20.287004783413057,0.5882352941176471,560,681,1241,0.0,-0.0008333472224535399,0.5883158742949289,-0.00024174053182917098
95656,20.286171436190603,0.5874294923448832,560,681,1241,-0.0008058017727639033,-0.0008333472224535399,0.5880741337630998,-0.00024174053182917098
95657,20.28533808896815,0.5874294923448832,560,681,1241,0.0,-0.0008333472224535399,0.5878323932312707,-0.00024174053182917098
95658,20.284504741745696,0.5874294923448832,560,681,1241,0.0,-0.0008333472224535399,0.5877518130539944,-8.058017727639034e-05
95659,20.283671394523243,0.5874294923448832,560,681,1241,0.0,-0.0008333472224535399,0.587671232876718,-8.058017727639034e-05
95660,20.282838047300785,0.5874294923448832,560,681,1241,0.0,-0.0008333472224570926,0.5875906526994417,-8.058017727639034e-05
95661,20.282004700078332,0.5866236905721193,560,681,1241,-0.0008058017727639033,-0.0008333472224535399,0.5875100725221652,-8.058017727639034e-05
95662,20.28117135285588,0.5866236905721193,560,681,1241,0.0,-0.0008333472224535399,0.5874294923448888,-8.058017727639034e-05
95663,20.280338005633425,0.5858178887993554,560,681,1241,-0.0008058017727639033,-0.0008333472224535399,0.587268331990336,-0.00016116035455278067
95664,20.27950465841097,0.5858178887993554,560,681,1241,0.0,-0.0008333472224535399,0.5870265914585069,-0.00024174053182917098
95665,20.278671311188518,0.5858178887993554,560,681,1241,0.0,-0.0008333472224535399,0.5867848509266778,-0.00024174053182917098
95666,20.277837963966064,0.5858178887993554,560,681,1241,0.0,-0.0008333472224535399,0.5866236905721249,-0.00016116035455278067
95667,20.27700461674361,0.5866236905721193,560,681,1241,0.0008058017727639033,-0.0008333472224535399,0.5865431103948485,-8.058017727639034e-05
95668,20.276171269521157,0.5858178887993554,560,681,1241,-0.0008058017727639033,-0.0008333472224535399,0.5863819500402958,-0.00016116035455278067
95669,20.275337922298704,0.5850120870265915,560,681,1241,-0.0008058017727639033,-0.0008333472224535399,0.5861402095084666,-0.00024174053182917098
95670,20.27450457507625,0.5850120870265915,560,681,1241,0.0,-0.0008333472224535399,0.5858984689766373,-0.00024174053182917098
95671,20.273671227853796,0.5850120870265915,560,681,1241,0.0,-0.0008333472224535399,0.5857373086220845,-0.00016116035455278067
95672,20.272837880631343,0.5858178887993554,560,681,1241,0.0008058017727639033,-0.0008333472224535399,0.5856567284448082,-8.058017727639034e-05
95673,20.27200453340889,0.5858178887993554,560,681,1241,0.0,-0.0008333472224535399,0.5856567284448082,0.0
95674,20.271171186186436,0.5858178887993554,560,681,1241,0.0,-0.0008333472224535399,0.5856567284448082,0.0
95675,20.270337838963982,0.5858178887993554,560,681,1241,0.0,-0.0008333472224535399,0.5856567284448082,0.0
95676,20.26950449174153,0.5858178887993554,560,681,1241,0.0,-0.0008333472224535399,0.5856567284448082,0.0
95677,20.268671144519075,0.5866236905721193,560,681,1241,0.0008058017727639033,-0.0008333472224535399,0.5856567284448082,0.0
95678,20.26783779729662,0.5866236905721193,560,681,1241,0.0,-0.0008333472224535399,0.5857373086220845,8.058017727639034e-05
95679,20.267004450074168,0.5866236905721193,560,681,1241,0.0,-0.0008333472224535399,0.5858984689766373,0.00016116035455278067
95680,20.266171102851715,0.5866236905721193,560,681,1241,0.0,-0.0008333472224535399,0.5860596293311902,0.00016116035455278067
95681,20.265337755629258,0.5882352941176471,560,681,1241,0.0016116035455278066,-0.0008333472224570926,0.5863819500402957,0.00032232070910556134
95682,20.264504408406804,0.5882352941176471,560,681,1241,0.0,-0.0008333472224535399,0.5866236905721248,0.00024174053182917098
95683,20.26367106118435,0.5874294923448832,560,681,1241,-0.0008058017727639033,-0.0008333472224535399,0.5867848509266775,0.00016116035455278067
95684,20.262837713961897,0.5882352941176471,560,681,1241,0.0008058017727639033,-0.0008333472224535399,0.5870265914585067,0.00024174053182917098
95685,20.262004366739443,0.5882352941176471,560,681,1241,0.0,-0.0008333472224535399,0.5872683319903358,0.00024174053182917098
95686,20.26117101951699,0.5874294923448832,560,681,1241,-0.0008058017727639033,-0.0008333472224535399,0.5874294923448886,0.00016116035455278067
95687,20.260337672294536,0.5874294923448832,560,681,1241,0.0,-0.0008333472224535399,0.587510072522165,8.058017727639034e-05
95688,20.259504325072083,0.5858178887993554,560,681,1241,-0.0016116035455278066,-0.0008333472224535399,0.5874294923448887,-8.058017727639034e-05
95689,20.25867097784963,0.5858178887993554,560,681,1241,0.0,-0.0008333472224535399,0.5873489121676123,-8.058017727639034e-05
95690,20.257837630627176,0.5866236905721193,560,681,1241,0.0008058017727639033,-0.0008333472224535399,0.5873489121676123,0.0
95691,20.257004283404722,0.5858178887993554,560,681,1241,-0.0008058017727639033,-0.0008333472224535399,0.5871071716357832,-0.00024174053182917098
95692,20.25617093618227,0.5850120870265915,560,681,1241,-0.0008058017727639033,-0.0008333472224535399,0.5867848509266776,-0.00032232070910556134
95693,20.255337588959815,0.5850120870265915,560,681,1241,0.0,-0.0008333472224535399,0.5865431103948484,-0.00024174053182917098
95694,20.25450424173736,0.5850120870265915,560,681,1241,0.0,-0.0008333472224535399,0.5862207896857429,-0.00032232070910556134
95695,20.253670894514908,0.5834004834810637,560,681,1241,-0.0016116035455278066,-0.0008333472224535399,0.5857373086220845,-0.00048348106365834196
95696,20.252837547292454,0.5834004834810637,560,681,1241,0.0,-0.0008333472224535399,0.5853344077357026,-0.00040290088638195165
95697,20.25200420007,0.5834004834810637,560,681,1241,0.0,-0.0008333472224535399,0.5849315068493206,-0.00040290088638195165
95698,20.251170852847547,0.5834004834810637,560,681,1241,0.0,-0.0008333472224535399,0.5846897663174914,-0.00024174053182917098
95699,20.250337505625094,0.5817888799355359,560,681,1241,-0.0016116035455278066,-0.0008333472224535399,0.5842868654311093,-0.00040290088638195165
95700,20.24950415840264,0.5825946817082998,560,681,1241,0.0008058017727639033,-0.0008333472224535399,0.5838839645447275,-0.00040290088638195165
95701,20.248670811180187,0.5817888799355359,560,681,1241,-0.0008058017727639033,-0.0008333472224535399,0.5834810636583454,-0.00040290088638195165
95702,20.24783746395773,0.5817888799355359,560,681,1241,0.0,-0.0008333472224570926,0.5831587429492399,-0.00032232070910556134
95703,20.247004116735276,0.5817888799355359,560,681,1241,0.0,-0.0008333472224535399,0.5828364222401343,-0.00032232070910556134
95704,20.246170769512823,0.5817888799355359,560,681,1241,0.0,-0.0008333472224535399,0.5825141015310288,-0.00032232070910556134
95705,20.24533742229037,0.580983078162772,560,681,1241,-0.0008058017727639033,-0.0008333472224535399,0.5822723609991997,-0.00024174053182917098
95706,20.244504075067915,0.580983078162772,560,681,1241,0.0,-0.0008333472224535399,0.5820306204673705,-0.00024174053182917098
95707,20.243670727845462,0.580177276390008,560,681,1241,-0.0008058017727639033,-0.0008333472224535399,0.581708299758265,-0.00032232070910556134
95708,20.24283738062301,0.5793714746172441,560,681,1241,-0.0008058017727639033,-0.0008333472224535399,0.581305398871883,-0.00040290088638195165
95709,20.242004033400555,0.5793714746172441,560,681,1241,0.0,-0.0008333472224535399,0.5810636583400539,-0.00024174053182917098
95710,20.2411706861781,0.5793714746172441,560,681,1241,0.0,-0.0008333472224535399,0.5807413376309484,-0.00032232070910556134
95711,20.240337338955648,0.5785656728444802,560,681,1241,-0.0008058017727639033,-0.0008333472224535399,0.5804190169218428,-0.00032232070910556134
95712,20.239503991733194,0.5785656728444802,560,681,1241,0.0,-0.0008333472224535399,0.5800966962127372,-0.00032232070910556134
95713,20.23867064451074,0.5785656728444802,560,681,1241,0.0,-0.0008333472224535399,0.5797743755036316,-0.00032232070910556134
95714,20.237837297288287,0.5785656728444802,560,681,1241,0.0,-0.0008333472224535399,0.5794520547945261,-0.00032232070910556134
95715,20.237003950065834,0.5785656728444802,560,681,1241,0.0,-0.0008333472224535399,0.5792103142626969,-0.00024174053182917098
95716,20.23617060284338,0.5777598710717163,560,681,1241,-0.0008058017727639033,-0.0008333472224535399,0.5788879935535913,-0.00032232070910556134
95717,20.235337255620927,0.5785656728444802,560,681,1241,0.0008058017727639033,-0.0008333472224535399,0.5787268331990385,-0.00016116035455278067
95718,20.234503908398473,0.5785656728444802,560,681,1241,0.0,-0.0008333472224535399,0.5786462530217621,-8.058017727639034e-05
95719,20.23367056117602,0.5785656728444802,560,681,1241,0.0,-0.0008333472224535399,0.5785656728444857,-8.058017727639034e-05
95720,20.232837213953566,0.5785656728444802,560,681,1241,0.0,-0.0008333472224535399,0.5784850926672093,-8.058017727639034e-05
95721,20.232003866731112,0.5785656728444802,560,681,1241,0.0,-0.0008333472224535399,0.5784850926672093,0.0
95722,20.23117051950866,0.5785656728444802,560,681,1241,0.0,-0.0008333472224535399,0.5784850926672093,0.0
95723,20.2303371722862,0.5785656728444802,560,681,1241,0.0,-0.0008333472224570926,0.5784850926672093,0.0
95724,20.229503825063748,0.5785656728444802,560,681,1241,0.0,-0.0008333472224535399,0.5784850926672093,0.0
95725,20.228670477841295,0.5793714746172441,560,681,1241,0.0008058017727639033,-0.0008333472224535399,0.5785656728444857,8.058017727639034e-05
95726,20.22783713061884,0.5793714746172441,560,681,1241,0.0,-0.0008333472224535399,0.5787268331990385,0.00016116035455278067
95727,20.227003783396388,0.5793714746172441,560,681,1241,0.0,-0.0008333472224535399,0.5788074133763149,8.058017727639034e-05
95728,20.226170436173934,0.5793714746172441,560,681,1241,0.0,-0.0008333472224535399,0.5788879935535913,8.058017727639034e-05
95729,20.22533708895148,0.580177276390008,560,681,1241,0.0008058017727639033,-0.0008333472224535399,0.5790491539081442,0.00016116035455278067
95730,20.224503741729027,0.580177276390008,560,681,1241,0.0,-0.0008333472224535399,0.5792103142626969,0.00016116035455278067
95731,20.223670394506573,0.580983078162772,560,681,1241,0.0008058017727639033,-0.0008333472224535399,0.5794520547945261,0.00024174053182917098
95732,20.22283704728412,0.5817888799355359,560,681,1241,0.0008058017727639033,-0.0008333472224535399,0.5797743755036316,0.00032232070910556134
95733,20.222003700061666,0.5817888799355359,560,681,1241,0.0,-0.0008333472224535399,0.5800966962127372,0.00032232070910556134
95734,20.221170352839213,0.5817888799355359,560,681,1241,0.0,-0.0008333472224535399,0.5804190169218428,0.00032232070910556134
95735,20.22033700561676,0.580983078162772,560,681,1241,-0.0008058017727639033,-0.0008333472224535399,0.5805801772763955,0.00016116035455278067
95736,20.219503658394306,0.580983078162772,560,681,1241,0.0,-0.0008333472224535399,0.5807413376309484,0.00016116035455278067
95737,20.218670311171852,0.5817888799355359,560,681,1241,0.0008058017727639033,-0.0008333472224535399,0.5809830781627775,0.00024174053182917098
95738,20.2178369639494,0.5817888799355359,560,681,1241,0.0,-0.0008333472224535399,0.5812248186946066,0.00024174053182917098
95739,20.217003616726945,0.580983078162772,560,681,1241,-0.0008058017727639033,-0.0008333472224535399,0.581305398871883,8.058017727639034e-05
95740,20.21617026950449,0.580983078162772,560,681,1241,0.0,-0.0008333472224535399,0.5813859790491595,8.058017727639034e-05
95741,20.215336922282038,0.580983078162772,560,681,1241,0.0,-0.0008333472224535399,0.5813859790491595,0.0
95742,20.214503575059585,0.5817888799355359,560,681,1241,0.0008058017727639033,-0.0008333472224535399,0.5813859790491595,0.0
95743,20.21367022783713,0.580983078162772,560,681,1241,-0.0008058017727639033,-0.0008333472224535399,0.5813053988718831,-8.058017727639034e-05
95744,20.212836880614677,0.580983078162772,560,681,1241,0.0,-0.0008333472224535399,0.5812248186946067,-8.058017727639034e-05
95745,20.21200353339222,0.5817888799355359,560,681,1241,0.0008058017727639033,-0.0008333472224570926,0.5813053988718831,8.058017727639034e-05
95746,20.211170186169767,0.5817888799355359,560,681,1241,0.0,-0.0008333472224535399,0.5813859790491595,8.058017727639034e-05
95747,20.210336838947313,0.5817888799355359,560,681,1241,0.0,-0.0008333472224535399,0.5813859790491595,0.0
95748,20.20950349172486,0.5817888799355359,560,681,1241,0.0,-0.0008333472224535399,0.5813859790491595,0.0
95749,20.208670144502406,0.5825946817082998,560,681,1241,0.0008058017727639033,-0.0008333472224535399,0.5815471394037123,0.00016116035455278067
95750,20.207836797279953,0.5834004834810637,560,681,1241,0.0008058017727639033,-0.0008333472224535399,0.5817888799355414,0.00024174053182917098
95751,20.2070034500575,0.5842062852538276,560,681,1241,0.0008058017727639033,-0.0008333472224535399,0.5821112006446469,0.00032232070910556134
95752,20.206170102835046,0.5842062852538276,560,681,1241,0.0,-0.0008333472224535399,0.5823529411764762,0.00024174053182917098
95753,20.205336755612592,0.5842062852538276,560,681,1241,0.0,-0.0008333472224535399,0.5826752618855817,0.00032232070910556134
95754,20.20450340839014,0.5834004834810637,560,681,1241,-0.0008058017727639033,-0.0008333472224535399,0.5829170024174108,0.00024174053182917098
95755,20.203670061167685,0.5834004834810637,560,681,1241,0.0,-0.0008333472224535399,0.5830781627719637,0.00016116035455278067
95756,20.20283671394523,0.5834004834810637,560,681,1241,0.0,-0.0008333472224535399,0.5832393231265164,0.00016116035455278067
95757,20.202003366722778,0.5834004834810637,560,681,1241,0.0,-0.0008333472224535399,0.5834004834810692,0.00016116035455278067
95758,20.201170019500324,0.5834004834810637,560,681,1241,0.0,-0.0008333472224535399,0.5835616438356219,0.00016116035455278067
95759,20.20033667227787,0.5834004834810637,560,681,1241,0.0,-0.0008333472224535399,0.5836422240128983,8.058017727639034e-05
95760,20.199503325055417,0.5834004834810637,560,681,1241,0.0,-0.0008333472224535399,0.5836422240128983,0.0
95761,20.198669977832964,0.5825946817082998,560,681,1241,-0.0008058017727639033,-0.0008333472224535399,0.5834810636583455,-0.00016116035455278067
95762,20.19783663061051,0.5825946817082998,560,681,1241,0.0,-0.0008333472224535399,0.5833199033037928,-0.00016116035455278067
95763,20.197003283388057,0.5825946817082998,560,681,1241,0.0,-0.0008333472224535399,0.58315874294924,-0.00016116035455278067
95764,20.196169936165603,0.5825946817082998,560,681,1241,0.0,-0.0008333472224535399,0.5830781627719637,-8.058017727639034e-05
95765,20.19533658894315,0.5834004834810637,560,681,1241,0.0008058017727639033,-0.0008333472224535399,0.5830781627719637,0.0
95766,20.194503241720692,0.5834004834810637,560,681,1241,0.0,-0.0008333472224570926,0.5830781627719637,0.0
95767,20.19366989449824,0.5842062852538276,560,681,1241,0.0008058017727639033,-0.0008333472224535399,0.5831587429492401,8.058017727639034e-05
95768,20.192836547275785,0.5842062852538276,560,681,1241,0.0,-0.0008333472224535399,0.5832393231265165,8.058017727639034e-05
95769,20.192003200053332,0.5842062852538276,560,681,1241,0.0,-0.0008333472224535399,0.5833199033037929,8.058017727639034e-05
95770,20.19116985283088,0.5842062852538276,560,681,1241,0.0,-0.0008333472224535399,0.5834004834810693,8.058017727639034e-05
95771,20.190336505608425,0.5842062852538276,560,681,1241,0.0,-0.0008333472224535399,0.5835616438356221,0.00016116035455278067
95772,20.18950315838597,0.5842062852538276,560,681,1241,0.0,-0.0008333472224535399,0.583722804190175,0.00016116035455278067
95773,20.188669811163518,0.5842062852538276,560,681,1241,0.0,-0.0008333472224535399,0.5838839645447277,0.00016116035455278067
95774,20.187836463941064,0.5842062852538276,560,681,1241,0.0,-0.0008333472224535399,0.5840451248992805,0.00016116035455278067
95775,20.18700311671861,0.5842062852538276,560,681,1241,0.0,-0.0008333472224535399,0.5841257050765569,8.058017727639034e-05
95776,20.186169769496157,0.5842062852538276,560,681,1241,0.0,-0.0008333472224535399,0.5842062852538333,8.058017727639034e-05
95777,20.185336422273704,0.5850120870265915,560,681,1241,0.0008058017727639033,-0.0008333472224535399,0.5842868654311097,8.058017727639034e-05
95778,20.18450307505125,0.5850120870265915,560,681,1241,0.0,-0.0008333472224535399,0.584367445608386,8.058017727639034e-05
95779,20.183669727828796,0.5850120870265915,560,681,1241,0.0,-0.0008333472224535399,0.5844480257856624,8.058017727639034e-05
95780,20.182836380606343,0.5850120870265915,560,681,1241,0.0,-0.0008333472224535399,0.5845286059629388,8.058017727639034e-05
95781,20.18200303338389,0.5850120870265915,560,681,1241,0.0,-0.0008333472224535399,0.5846091861402151,8.058017727639034e-05
95782,20.181169686161436,0.5858178887993554,560,681,1241,0.0008058017727639033,-0.0008333472224535399,0.5847703464947679,0.00016116035455278067
95783,20.180336338938982,0.5858178887993554,560,681,1241,0.0,-0.0008333472224535399,0.5849315068493206,0.00016116035455278067
95784,20.17950299171653,0.5866236905721193,560,681,1241,0.0008058017727639033,-0.0008333472224535399,0.5851732473811497,0.00024174053182917098
95785,20.178669644494075,0.5874294923448832,560,681,1241,0.0008058017727639033,-0.0008333472224535399,0.5854955680902554,0.00032232070910556134
95786,20.17783629727162,0.5874294923448832,560,681,1241,0.0,-0.0008333472224535399,0.5858178887993609,0.00032232070910556134
95787,20.177002950049165,0.5874294923448832,560,681,1241,0.0,-0.0008333472224570926,0.5860596293311902,0.00024174053182917098
95788,20.17616960282671,0.5874294923448832,560,681,1241,0.0,-0.0008333472224535399,0.5863013698630193,0.00024174053182917098
95789,20.175336255604257,0.5874294923448832,560,681,1241,0.0,-0.0008333472224535399,0.5865431103948485,0.00024174053182917098
95790,20.174502908381804,0.5874294923448832,560,681,1241,0.0,-0.0008333472224535399,0.5867848509266778,0.00024174053182917098
95791,20.17366956115935,0.5866236905721193,560,681,1241,-0.0008058017727639033,-0.0008333472224535399,0.5869460112812306,0.00016116035455278067
95792,20.172836213936897,0.5874294923448832,560,681,1241,0.0008058017727639033,-0.0008333472224535399,0.5871071716357833,0.00016116035455278067
95793,20.172002866714443,0.5874294923448832,560,681,1241,0.0,-0.0008333472224535399,0.5872683319903361,0.00016116035455278067
95794,20.17116951949199,0.5874294923448832,560,681,1241,0.0,-0.0008333472224535399,0.5873489121676125,8.058017727639034e-05
95795,20.170336172269536,0.5874294923448832,560,681,1241,0.0,-0.0008333472224535399,0.5873489121676125,0.0
95796,20.169502825047083,0.5874294923448832,560,681,1241,0.0,-0.0008333472224535399,0.5873489121676125,0.0
95797,20.16866947782463,0.5866236905721193,560,681,1241,-0.0008058017727639033,-0.0008333472224535399,0.5872683319903361,-8.058017727639034e-05
95798,20.167836130602176,0.5866236905721193,560,681,1241,0.0,-0.0008333472224535399,0.5871877518130597,-8.058017727639034e-05
95799,20.167002783379722,0.5866236905721193,560,681,1241,0.0,-0.0008333472224535399,0.5871071716357832,-8.058017727639034e-05
95800,20.16616943615727,0.5866236905721193,560,681,1241,0.0,-0.0008333472224535399,0.5870265914585068,-8.058017727639034e-05
95801,20.165336088934815,0.5866236905721193,560,681,1241,0.0,-0.0008333472224535399,0.5870265914585068,0.0
95802,20.16450274171236,0.5866236905721193,560,681,1241,0.0,-0.0008333472224535399,0.5869460112812304,-8.058017727639034e-05
95803,20.163669394489908,0.5858178887993554,560,681,1241,-0.0008058017727639033,-0.0008333472224535399,0.5867848509266775,-0.00016116035455278067
95804,20.162836047267454,0.5858178887993554,560,681,1241,0.0,-0.0008333472224535399,0.5866236905721248,-0.00016116035455278067
95805,20.162002700045,0.5858178887993554,560,681,1241,0.0,-0.0008333472224535399,0.586462530217572,-0.00016116035455278067
95806,20.161169352822547,0.5858178887993554,560,681,1241,0.0,-0.0008333472224535399,0.5863013698630193,-0.00016116035455278067
95807,20.160336005600094,0.5858178887993554,560,681,1241,0.0,-0.0008333472224535399,0.5862207896857429,-8.058017727639034e-05
95808,20.159502658377637,0.5858178887993554,560,681,1241,0.0,-0.0008333472224570926,0.5861402095084666,-8.058017727639034e-05
95809,20.158669311155183,0.5858178887993554,560,681,1241,0.0,-0.0008333472224535399,0.5860596293311902,-8.058017727639034e-05
95810,20.15783596393273,0.5866236905721193,560,681,1241,0.0008058017727639033,-0.0008333472224535399,0.5860596293311902,0.0
95811,20.157002616710276,0.5866236905721193,560,681,1241,0.0,-0.0008333472224535399,0.5860596293311902,0.0
95812,20.156169269487823,0.5882352941176471,560,681,1241,0.0016116035455278066,-0.0008333472224535399,0.586220789685743,0.00016116035455278067
95813,20.15533592226537,0.5882352941176471,560,681,1241,0.0,-0.0008333472224535399,0.5864625302175721,0.00024174053182917098
95814,20.154502575042915,0.5882352941176471,560,681,1241,0.0,-0.0008333472224535399,0.5867042707494012,0.00024174053182917098
95815,20.153669227820462,0.5866236905721193,560,681,1241,-0.0016116035455278066,-0.0008333472224535399,0.5867848509266775,8.058017727639034e-05
95816,20.15283588059801,0.5866236905721193,560,681,1241,0.0,-0.0008333472224535399,0.586865431103954,8.058017727639034e-05
95817,20.152002533375555,0.5874294923448832,560,681,1241,0.0008058017727639033,-0.0008333472224535399,0.5870265914585067,0.00016116035455278067
95818,20.1511691861531,0.5874294923448832,560,681,1241,0.0,-0.0008333472224535399,0.5871877518130595,0.00016116035455278067
95819,20.150335838930648,0.5874294923448832,560,681,1241,0.0,-0.0008333472224535399,0.5873489121676123,0.00016116035455278067
95820,20.149502491708194,0.5874294923448832,560,681,1241,0.0,-0.0008333472224535399,0.5874294923448887,8.058017727639034e-05
95821,20.14866914448574,0.5882352941176471,560,681,1241,0.0008058017727639033,-0.0008333472224535399,0.5875906526994414,0.00016116035455278067
95822,20.147835797263287,0.5882352941176471,560,681,1241,0.0,-0.0008333472224535399,0.5875906526994414,0.0
95823,20.147002450040834,0.5882352941176471,560,681,1241,0.0,-0.0008333472224535399,0.5875906526994414,0.0
95824,20.14616910281838,0.5882352941176471,560,681,1241,0.0,-0.0008333472224535399,0.5875906526994414,0.0
95825,20.145335755595926,0.5874294923448832,560,681,1241,-0.0008058017727639033,-0.0008333472224535399,0.587671232876718,8.058017727639034e-05
95826,20.144502408373473,0.5866236905721193,560,681,1241,-0.0008058017727639033,-0.0008333472224535399,0.587671232876718,0.0
95827,20.14366906115102,0.5874294923448832,560,681,1241,0.0008058017727639033,-0.0008333472224535399,0.587671232876718,0.0
95828,20.142835713928566,0.5874294923448832,560,681,1241,0.0,-0.0008333472224535399,0.587671232876718,0.0
95829,20.14200236670611,0.5874294923448832,560,681,1241,0.0,-0.0008333472224570926,0.587671232876718,0.0
95830,20.141169019483655,0.5858178887993554,560,681,1241,-0.0016116035455278066,-0.0008333472224535399,0.5875100725221651,-0.00016116035455278067
95831,20.1403356722612,0.5858178887993554,560,681,1241,0.0,-0.0008333472224535399,0.587268331990336,-0.00024174053182917098
95832,20.139502325038748,0.5850120870265915,560,681,1241,-0.0008058017727639033,-0.0008333472224535399,0.5869460112812305,-0.00032232070910556134
95833,20.138668977816295,0.5866236905721193,560,681,1241,0.0016116035455278066,-0.0008333472224535399,0.5867848509266776,-0.00016116035455278067
95834,20.13783563059384,0.5866236905721193,560,681,1241,0.0,-0.0008333472224535399,0.5866236905721249,-0.00016116035455278067
95835,20.137002283371388,0.5858178887993554,560,681,1241,-0.0008058017727639033,-0.0008333472224535399,0.5864625302175721,-0.00016116035455278067
95836,20.136168936148934,0.5858178887993554,560,681,1241,0.0,-0.0008333472224535399,0.5863819500402958,-8.058017727639034e-05
95837,20.13533558892648,0.5858178887993554,560,681,1241,0.0,-0.0008333472224535399,0.586220789685743,-0.00016116035455278067
95838,20.134502241704027,0.5858178887993554,560,681,1241,0.0,-0.0008333472224535399,0.5860596293311902,-0.00016116035455278067
95839,20.133668894481573,0.5850120870265915,560,681,1241,-0.0008058017727639033,-0.0008333472224535399,0.585817888799361,-0.00024174053182917098
95840,20.13283554725912,0.5842062852538276,560,681,1241,-0.0008058017727639033,-0.0008333472224535399,0.5856567284448082,-0.00016116035455278067
95841,20.132002200036666,0.5842062852538276,560,681,1241,0.0,-0.0008333472224535399,0.5854955680902554,-0.00016116035455278067
95842,20.131168852814213,0.5842062852538276,560,681,1241,0.0,-0.0008333472224535399,0.5854149879129791,-8.058017727639034e-05
95843,20.13033550559176,0.5842062852538276,560,681,1241,0.0,-0.0008333472224535399,0.58517324738115,-0.00024174053182917098
95844,20.129502158369306,0.5842062852538276,560,681,1241,0.0,-0.0008333472224535399,0.5849315068493208,-0.00024174053182917098
95845,20.128668811146852,0.5842062852538276,560,681,1241,0.0,-0.0008333472224535399,0.584770346494768,-0.00016116035455278067
95846,20.1278354639244,0.5842062852538276,560,681,1241,0.0,-0.0008333472224535399,0.5846091861402153,-0.00016116035455278067
95847,20.127002116701945,0.5842062852538276,560,681,1241,0.0,-0.0008333472224535399,0.5844480257856625,-0.00016116035455278067
95848,20.12616876947949,0.5842062852538276,560,681,1241,0.0,-0.0008333472224535399,0.5842868654311097,-0.00016116035455278067
95849,20.125335422257038,0.5842062852538276,560,681,1241,0.0,-0.0008333472224535399,0.5842062852538333,-8.058017727639034e-05
95850,20.12450207503458,0.5842062852538276,560,681,1241,0.0,-0.0008333472224570926,0.5842062852538333,0.0
95851,20.123668727812127,0.5842062852538276,560,681,1241,0.0,-0.0008333472224535399,0.5842062852538333,0.0
95852,20.122835380589674,0.5842062852538276,560,681,1241,0.0,-0.0008333472224535399,0.5842062852538333,0.0
95853,20.12200203336722,0.5834004834810637,560,681,1241,-0.0008058017727639033,-0.0008333472224535399,0.5841257050765569,-8.058017727639034e-05
95854,20.121168686144767,0.5834004834810637,560,681,1241,0.0,-0.0008333472224535399,0.5840451248992805,-8.058017727639034e-05
95855,20.120335338922313,0.5842062852538276,560,681,1241,0.0008058017727639033,-0.0008333472224535399,0.5840451248992805,0.0
95856,20.11950199169986,0.5842062852538276,560,681,1241,0.0,-0.0008333472224535399,0.5840451248992805,0.0
95857,20.118668644477406,0.5834004834810637,560,681,1241,-0.0008058017727639033,-0.0008333472224535399,0.5839645447220041,-8.058017727639034e-05
95858,20.117835297254953,0.5825946817082998,560,681,1241,-0.0008058017727639033,-0.0008333472224535399,0.5838033843674513,-0.00016116035455278067
95859,20.1170019500325,0.5825946817082998,560,681,1241,0.0,-0.0008333472224535399,0.5836422240128984,-0.00016116035455278067
95860,20.116168602810045,0.5817888799355359,560,681,1241,-0.0008058017727639033,-0.0008333472224535399,0.5834004834810693,-0.00024174053182917098
95861,20.115335255587592,0.5817888799355359,560,681,1241,0.0,-0.0008333472224535399,0.5831587429492401,-0.00024174053182917098
95862,20.11450190836514,0.5817888799355359,560,681,1241,0.0,-0.0008333472224535399,0.5829170024174108,-0.00024174053182917098
95863,20.113668561142685,0.5817888799355359,560,681,1241,0.0,-0.0008333472224535399,0.582755842062858,-0.00016116035455278067
95864,20.11283521392023,0.5817888799355359,560,681,1241,0.0,-0.0008333472224535399,0.5825946817083053,-0.00016116035455278067
95865,20.112001866697778,0.5817888799355359,560,681,1241,0.0,-0.0008333472224535399,0.5823529411764761,-0.00024174053182917098
95866,20.111168519475324,0.5817888799355359,560,681,1241,0.0,-0.0008333472224535399,0.5821112006446468,-0.00024174053182917098
95867,20.11033517225287,0.5825946817082998,560,681,1241,0.0008058017727639033,-0.0008333472224535399,0.5820306204673705,-8.058017727639034e-05
95868,20.109501825030417,0.5834004834810637,560,681,1241,0.0008058017727639033,-0.0008333472224535399,0.5821112006446468,8.058017727639034e-05
95869,20.108668477807964,0.5834004834810637,560,681,1241,0.0,-0.0008333472224535399,0.5821917808219232,8.058017727639034e-05
95870,20.10783513058551,0.5825946817082998,560,681,1241,-0.0008058017727639033,-0.0008333472224535399,0.5822723609991997,8.058017727639034e-05
95871,20.107001783363057,0.5834004834810637,560,681,1241,0.0008058017727639033,-0.0008333472224535399,0.5824335213537524,0.00016116035455278067
95872,20.1061684361406,0.5834004834810637,560,681,1241,0.0,-0.0008333472224570926,0.5825946817083052,0.00016116035455278067
95873,20.105335088918146,0.5834004834810637,560,681,1241,0.0,-0.0008333472224535399,0.582755842062858,0.00016116035455278067
95874,20.104501741695692,0.5825946817082998,560,681,1241,-0.0008058017727639033,-0.0008333472224535399,0.5828364222401344,8.058017727639034e-05
95875,20.10366839447324,0.580983078162772,560,681,1241,-0.0016116035455278066,-0.0008333472224535399,0.582755842062858,-8.058017727639034e-05
95876,20.102835047250785,0.580983078162772,560,681,1241,0.0,-0.0008333472224535399,0.5826752618855817,-8.058017727639034e-05
95877,20.10200170002833,0.580983078162772,560,681,1241,0.0,-0.0008333472224535399,0.5825141015310289,-0.00016116035455278067
95878,20.101168352805878,0.580983078162772,560,681,1241,0.0,-0.0008333472224535399,0.5822723609991998,-0.00024174053182917098
95879,20.100335005583425,0.580983078162772,560,681,1241,0.0,-0.0008333472224535399,0.5820306204673706,-0.00024174053182917098
95880,20.09950165836097,0.580983078162772,560,681,1241,0.0,-0.0008333472224535399,0.5818694601128179,-0.00016116035455278067
95881,20.098668311138518,0.580983078162772,560,681,1241,0.0,-0.0008333472224535399,0.5816277195809888,-0.00024174053182917098
95882,20.097834963916064,0.580983078162772,560,681,1241,0.0,-0.0008333472224535399,0.5813859790491597,-0.00024174053182917098
95883,20.09700161669361,0.580983078162772,560,681,1241,0.0,-0.0008333472224535399,0.5811442385173305,-0.00024174053182917098
95884,20.096168269471157,0.580983078162772,560,681,1241,0.0,-0.0008333472224535399,0.5809830781627777,-0.00016116035455278067
95885,20.095334922248703,0.580983078162772,560,681,1241,0.0,-0.0008333472224535399,0.5809830781627777,0.0
95886,20.09450157502625,0.580983078162772,560,681,1241,0.0,-0.0008333472224535399,0.5809830781627777,0.0
95887,20.093668227803796,0.580983078162772,560,681,1241,0.0,-0.0008333472224535399,0.5809830781627777,0.0
95888,20.092834880581343,0.580983078162772,560,681,1241,0.0,-0.0008333472224535399,0.5809830781627777,0.0
95889,20.09200153335889,0.580983078162772,560,681,1241,0.0,-0.0008333472224535399,0.5809830781627777,0.0
95890,20.091168186136436,0.580983078162772,560,681,1241,0.0,-0.0008333472224535399,0.5809830781627777,0.0
95891,20.090334838913982,0.5817888799355359,560,681,1241,0.0008058017727639033,-0.0008333472224535399,0.5810636583400541,8.058017727639034e-05
95892,20.08950149169153,0.5817888799355359,560,681,1241,0.0,-0.0008333472224535399,0.5811442385173304,8.058017727639034e-05
95893,20.08866814446907,0.580983078162772,560,681,1241,-0.0008058017727639033,-0.0008333472224570926,0.5811442385173304,0.0
95894,20.087834797246618,0.580177276390008,560,681,1241,-0.0008058017727639033,-0.0008333472224535399,0.581063658340054,-8.058017727639034e-05
95895,20.087001450024164,0.580177276390008,560,681,1241,0.0,-0.0008333472224535399,0.5809830781627776,-8.058017727639034e-05
95896,20.08616810280171,0.580177276390008,560,681,1241,0.0,-0.0008333472224535399,0.5809024979855011,-8.058017727639034e-05
95897,20.085334755579257,0.580177276390008,560,681,1241,0.0,-0.0008333472224535399,0.5808219178082247,-8.058017727639034e-05
95898,20.084501408356804,0.580177276390008,560,681,1241,0.0,-0.0008333472224535399,0.5807413376309483,-8.058017727639034e-05
95899,20.08366806113435,0.580177276390008,560,681,1241,0.0,-0.0008333472224535399,0.5806607574536718,-8.058017727639034e-05
95900,20.082834713911897,0.580983078162772,560,681,1241,0.0008058017727639033,-0.0008333472224535399,0.5806607574536718,0.0
95901,20.082001366689443,0.580983078162772,560,681,1241,0.0,-0.0008333472224535399,0.5805801772763954,-8.058017727639034e-05
95902,20.08116801946699,0.580983078162772,560,681,1241,0.0,-0.0008333472224535399,0.5804995970991191,-8.058017727639034e-05
95903,20.080334672244536,0.580983078162772,560,681,1241,0.0,-0.0008333472224535399,0.5804995970991191,0.0
95904,20.079501325022083,0.580177276390008,560,681,1241,-0.0008058017727639033,-0.0008333472224535399,0.5804995970991191,0.0
95905,20.07866797779963,0.580177276390008,560,681,1241,0.0,-0.0008333472224535399,0.5804995970991191,0.0
95906,20.077834630577176,0.580983078162772,560,681,1241,0.0008058017727639033,-0.0008333472224535399,0.5805801772763955,8.058017727639034e-05
95907,20.077001283354722,0.580983078162772,560,681,1241,0.0,-0.0008333472224535399,0.580660757453672,8.058017727639034e-05
95908,20.07616793613227,0.580983078162772,560,681,1241,0.0,-0.0008333472224535399,0.5807413376309485,8.058017727639034e-05
95909,20.075334588909815,0.580983078162772,560,681,1241,0.0,-0.0008333472224535399,0.5808219178082249,8.058017727639034e-05
95910,20.07450124168736,0.580177276390008,560,681,1241,-0.0008058017727639033,-0.0008333472224535399,0.5807413376309485,-8.058017727639034e-05
95911,20.073667894464908,0.580983078162772,560,681,1241,0.0008058017727639033,-0.0008333472224535399,0.5807413376309485,0.0
95912,20.072834547242454,0.580983078162772,560,681,1241,0.0,-0.0008333472224535399,0.5807413376309485,0.0
95913,20.07200120002,0.580983078162772,560,681,1241,0.0,-0.0008333472224535399,0.5807413376309485,0.0
95914,20.071167852797544,0.580983078162772,560,681,1241,0.0,-0.0008333472224570926,0.5808219178082249,8.058017727639034e-05
95915,20.07033450557509,0.580177276390008,560,681,1241,-0.0008058017727639033,-0.0008333472224535399,0.5808219178082249,0.0
95916,20.069501158352637,0.580983078162772,560,681,1241,0.0008058017727639033,-0.0008333472224535399,0.5808219178082249,0.0
95917,20.068667811130183,0.580983078162772,560,681,1241,0.0,-0.0008333472224535399,0.5808219178082249,0.0
95918,20.06783446390773,0.580983078162772,560,681,1241,0.0,-0.0008333472224535399,0.5808219178082249,0.0
95919,20.067001116685276,0.580983078162772,560,681,1241,0.0,-0.0008333472224535399,0.5808219178082249,0.0
95920,20.066167769462822,0.580983078162772,560,681,1241,0.0,-0.0008333472224535399,0.5809024979855013,8.058017727639034e-05
95921,20.06533442224037,0.580983078162772,560,681,1241,0.0,-0.0008333472224535399,0.5809024979855013,0.0
95922,20.064501075017915,0.5817888799355359,560,681,1241,0.0008058017727639033,-0.0008333472224535399,0.5809830781627776,8.058017727639034e-05
95923,20.063667727795462,0.5817888799355359,560,681,1241,0.0,-0.0008333472224535399,0.581063658340054,8.058017727639034e-05
95924,20.06283438057301,0.5817888799355359,560,681,1241,0.0,-0.0008333472224535399,0.5811442385173303,8.058017727639034e-05
95925,20.062001033350555,0.5825946817082998,560,681,1241,0.0008058017727639033,-0.0008333472224535399,0.5813859790491596,0.00024174053182917098
95926,20.0611676861281,0.5825946817082998,560,681,1241,0.0,-0.0008333472224535399,0.5815471394037124,0.00016116035455278067
95927,20.060334338905648,0.5825946817082998,560,681,1241,0.0,-0.0008333472224535399,0.5817082997582651,0.00016116035455278067
95928,20.059500991683194,0.5825946817082998,560,681,1241,0.0,-0.0008333472224535399,0.5818694601128179,0.00016116035455278067
95929,20.05866764446074,0.5817888799355359,560,681,1241,-0.0008058017727639033,-0.0008333472224535399,0.5819500402900942,8.058017727639034e-05
95930,20.057834297238287,0.5817888799355359,560,681,1241,0.0,-0.0008333472224535399,0.5820306204673706,8.058017727639034e-05
95931,20.057000950015833,0.5817888799355359,560,681,1241,0.0,-0.0008333472224535399,0.5821112006446469,8.058017727639034e-05
95932,20.05616760279338,0.5817888799355359,560,681,1241,0.0,-0.0008333472224535399,0.5821112006446469,0.0
95933,20.055334255570926,0.5817888799355359,560,681,1241,0.0,-0.0008333472224535399,0.5821112006446469,0.0
95934,20.054500908348473,0.5817888799355359,560,681,1241,0.0,-0.0008333472224535399,0.5821112006446469,0.0
95935,20.053667561126016,0.5817888799355359,560,681,1241,0.0,-0.0008333472224570926,0.5820306204673705,-8.058017727639034e-05
95936,20.052834213903562,0.5817888799355359,560,681,1241,0.0,-0.0008333472224535399,0.5819500402900941,-8.058017727639034e-05
95937,20.05200086668111,0.5817888799355359,560,681,1241,0.0,-0.0008333472224535399,0.5818694601128176,-8.058017727639034e-05
95938,20.051167519458655,0.5817888799355359,560,681,1241,0.0,-0.0008333472224535399,0.5817888799355412,-8.058017727639034e-05
95939,20.0503341722362,0.5817888799355359,560,681,1241,0.0,-0.0008333472224535399,0.5817888799355412,0.0
95940,20.049500825013748,0.5825946817082998,560,681,1241,0.0008058017727639033,-0.0008333472224535399,0.5818694601128176,8.058017727639034e-05
95941,20.048667477791295,0.5825946817082998,560,681,1241,0.0,-0.0008333472224535399,0.5819500402900941,8.058017727639034e-05
95942,20.04783413056884,0.5825946817082998,560,681,1241,0.0,-0.0008333472224535399,0.5820306204673705,8.058017727639034e-05
95943,20.047000783346387,0.5825946817082998,560,681,1241,0.0,-0.0008333472224535399,0.5821112006446469,8.058017727639034e-05
95944,20.046167436123934,0.5825946817082998,560,681,1241,0.0,-0.0008333472224535399,0.5821917808219234,8.058017727639034e-05
95945,20.04533408890148,0.5825946817082998,560,681,1241,0.0,-0.0008333472224535399,0.5822723609991998,8.058017727639034e-05
95946,20.044500741679027,0.5817888799355359,560,681,1241,-0.0008058017727639033,-0.0008333472224535399,0.5822723609991998,0.0
95947,20.043667394456573,0.5825946817082998,560,681,1241,0.0008058017727639033,-0.0008333472224535399,0.5823529411764763,8.058017727639034e-05
95948,20.04283404723412,0.5817888799355359,560,681,1241,-0.0008058017727639033,-0.0008333472224535399,0.5823529411764763,0.0
95949,20.042000700011666,0.5817888799355359,560,681,1241,0.0,-0.0008333472224535399,0.5823529411764763,0.0
95950,20.041167352789213,0.580983078162772,560,681,1241,-0.0008058017727639033,-0.0008333472224535399,0.5821917808219235,-0.00016116035455278067
95951,20.04033400556676,0.580983078162772,560,681,1241,0.0,-0.0008333472224535399,0.5820306204673706,-0.00016116035455278067
95952,20.039500658344306,0.580177276390008,560,681,1241,-0.0008058017727639033,-0.0008333472224535399,0.5817888799355415,-0.00024174053182917098
95953,20.038667311121852,0.580177276390008,560,681,1241,0.0,-0.0008333472224535399,0.5815471394037123,-0.00024174053182917098
95954,20.0378339638994,0.580177276390008,560,681,1241,0.0,-0.0008333472224535399,0.581305398871883,-0.00024174053182917098
95955,20.037000616676945,0.580983078162772,560,681,1241,0.0008058017727639033,-0.0008333472224535399,0.5811442385173302,-0.00016116035455278067
95956,20.036167269454488,0.580983078162772,560,681,1241,0.0,-0.0008333472224570926,0.5810636583400539,-8.058017727639034e-05
95957,20.035333922232034,0.580983078162772,560,681,1241,0.0,-0.0008333472224535399,0.5809024979855011,-0.00016116035455278067
95958,20.03450057500958,0.580983078162772,560,681,1241,0.0,-0.0008333472224535399,0.5808219178082248,-8.058017727639034e-05
95959,20.033667227787127,0.5817888799355359,560,681,1241,0.0008058017727639033,-0.0008333472224535399,0.5808219178082248,0.0
95960,20.032833880564674,0.5817888799355359,560,681,1241,0.0,-0.0008333472224535399,0.5809024979855011,8.058017727639034e-05
95961,20.03200053334222,0.5817888799355359,560,681,1241,0.0,-0.0008333472224535399,0.5809830781627775,8.058017727639034e-05
95962,20.031167186119767,0.5817888799355359,560,681,1241,0.0,-0.0008333472224535399,0.5811442385173302,0.00016116035455278067
95963,20.030333838897313,0.5817888799355359,560,681,1241,0.0,-0.0008333472224535399,0.581305398871883,0.00016116035455278067
95964,20.02950049167486,0.5817888799355359,560,681,1241,0.0,-0.0008333472224535399,0.5814665592264359,0.00016116035455278067
95965,20.028667144452406,0.5817888799355359,560,681,1241,0.0,-0.0008333472224535399,0.5815471394037122,8.058017727639034e-05
95966,20.027833797229952,0.5817888799355359,560,681,1241,0.0,-0.0008333472224535399,0.5816277195809885,8.058017727639034e-05
95967,20.0270004500075,0.5817888799355359,560,681,1241,0.0,-0.0008333472224535399,0.5817082997582649,8.058017727639034e-05
95968,20.026167102785045,0.580983078162772,560,681,1241,-0.0008058017727639033,-0.0008333472224535399,0.5817082997582649,0.0
95969,20.025333755562592,0.580983078162772,560,681,1241,0.0,-0.0008333472224535399,0.5816277195809885,-8.058017727639034e-05
95970,20.02450040834014,0.580983078162772,560,681,1241,0.0,-0.0008333472224535399,0.5815471394037122,-8.058017727639034e-05
95971,20.023667061117685,0.580177276390008,560,681,1241,-0.0008058017727639033,-0.0008333472224535399,0.5813859790491593,-0.00016116035455278067
95972,20.02283371389523,0.580177276390008,560,681,1241,0.0,-0.0008333472224535399,0.5812248186946066,-0.00016116035455278067
95973,20.022000366672778,0.580177276390008,560,681,1241,0.0,-0.0008333472224535399,0.5810636583400538,-0.00016116035455278067
95974,20.021167019450324,0.5793714746172441,560,681,1241,-0.0008058017727639033,-0.0008333472224535399,0.5808219178082247,-0.00024174053182917098
95975,20.02033367222787,0.5785656728444802,560,681,1241,-0.0008058017727639033,-0.0008333472224535399,0.5804995970991191,-0.00032232070910556134
95976,20.019500325005417,0.580177276390008,560,681,1241,0.0016116035455278066,-0.0008333472224535399,0.5803384367445663,-0.00016116035455278067
95977,20.018666977782964,0.580177276390008,560,681,1241,0.0,-0.0008333472224535399,0.5801772763900136,-0.00016116035455278067
95978,20.017833630560506,0.5785656728444802,560,681,1241,-0.0016116035455278066,-0.0008333472224570926,0.5799355358581844,-0.00024174053182917098
95979,20.017000283338053,0.5777598710717163,560,681,1241,-0.0008058017727639033,-0.0008333472224535399,0.5796132151490788,-0.00032232070910556134
95980,20.0161669361156,0.5777598710717163,560,681,1241,0.0,-0.0008333472224535399,0.5792908944399733,-0.00032232070910556134
95981,20.015333588893146,0.5777598710717163,560,681,1241,0.0,-0.0008333472224535399,0.5790491539081442,-0.00024174053182917098
95982,20.014500241670692,0.5777598710717163,560,681,1241,0.0,-0.0008333472224535399,0.578807413376315,-0.00024174053182917098
95983,20.01366689444824,0.5777598710717163,560,681,1241,0.0,-0.0008333472224535399,0.5785656728444859,-0.00024174053182917098
95984,20.012833547225785,0.5777598710717163,560,681,1241,0.0,-0.0008333472224535399,0.5784045124899331,-0.00016116035455278067
95985,20.01200020000333,0.5785656728444802,560,681,1241,0.0008058017727639033,-0.0008333472224535399,0.5784045124899331,0.0
95986,20.011166852780878,0.5777598710717163,560,681,1241,-0.0008058017727639033,-0.0008333472224535399,0.578162771958104,-0.00024174053182917098
95987,20.010333505558425,0.5777598710717163,560,681,1241,0.0,-0.0008333472224535399,0.5779210314262748,-0.00024174053182917098
95988,20.00950015833597,0.5761482675261885,560,681,1241,-0.0016116035455278066,-0.0008333472224535399,0.5776792908944457,-0.00024174053182917098
95989,20.008666811113518,0.5761482675261885,560,681,1241,0.0,-0.0008333472224535399,0.5775181305398929,-0.00016116035455278067
95990,20.007833463891064,0.5761482675261885,560,681,1241,0.0,-0.0008333472224535399,0.5773569701853402,-0.00016116035455278067
95991,20.00700011666861,0.5761482675261885,560,681,1241,0.0,-0.0008333472224535399,0.5771958098307873,-0.00016116035455278067
95992,20.006166769446157,0.5761482675261885,560,681,1241,0.0,-0.0008333472224535399,0.5770346494762346,-0.00016116035455278067
95993,20.005333422223703,0.5761482675261885,560,681,1241,0.0,-0.0008333472224535399,0.5768734891216818,-0.00016116035455278067
95994,20.00450007500125,0.5761482675261885,560,681,1241,0.0,-0.0008333472224535399,0.576712328767129,-0.00016116035455278067
95995,20.003666727778796,0.5761482675261885,560,681,1241,0.0,-0.0008333472224535399,0.5764705882352998,-0.00024174053182917098
95996,20.002833380556343,0.5769540692989524,560,681,1241,0.0008058017727639033,-0.0008333472224535399,0.5763900080580234,-8.058017727639034e-05
95997,20.00200003333389,0.5761482675261885,560,681,1241,-0.0008058017727639033,-0.0008333472224535399,0.5762288477034707,-0.00016116035455278067
95998,20.001166686111436,0.5753424657534246,560,681,1241,-0.0008058017727639033,-0.0008333472224535399,0.5761482675261942,-8.058017727639034e-05
95999,20.00033333888898,0.5753424657534246,560,681,1241,0.0,-0.0008333472224570926,0.5760676873489178,-8.058017727639034e-05
96000,19.999499991666525,0.5753424657534246,560,681,1241,0.0,-0.0008333472224535399,0.5759871071716414,-8.058017727639034e-05
96001,19.99866664444407,0.5761482675261885,560,681,1241,0.0008058017727639033,-0.0008333472224535399,0.5759871071716414,0.0
96002,19.997833297221618,0.5761482675261885,560,681,1241,0.0,-0.0008333472224535399,0.5759871071716414,0.0
96003,19.996999949999164,0.5745366639806607,560,681,1241,-0.0016116035455278066,-0.0008333472224535399,0.5758259468170885,-0.00016116035455278067
96004,19.99616660277671,0.5745366639806607,560,681,1241,0.0,-0.0008333472224535399,0.5756647864625358,-0.00016116035455278067
96005,19.995333255554257,0.5745366639806607,560,681,1241,0.0,-0.0008333472224535399,0.575503626107983,-0.00016116035455278067
96006,19.994499908331804,0.5745366639806607,560,681,1241,0.0,-0.0008333472224535399,0.5752618855761539,-0.00024174053182917098
96007,19.99366656110935,0.5737308622078968,560,681,1241,-0.0008058017727639033,-0.0008333472224535399,0.5750201450443246,-0.00024174053182917098
96008,19.992833213886897,0.5737308622078968,560,681,1241,0.0,-0.0008333472224535399,0.5748589846897719,-0.00016116035455278067
96009,19.991999866664443,0.5745366639806607,560,681,1241,0.0008058017727639033,-0.0008333472224535399,0.5747784045124955,-8.058017727639034e-05
96010,19.99116651944199,0.5753424657534246,560,681,1241,0.0008058017727639033,-0.0008333472224535399,0.5747784045124955,0.0
96011,19.990333172219536,0.5753424657534246,560,681,1241,0.0,-0.0008333472224535399,0.5746978243352191,-8.058017727639034e-05
96012,19.989499824997083,0.5753424657534246,560,681,1241,0.0,-0.0008333472224535399,0.5746172441579427,-8.058017727639034e-05
96013,19.98866647777463,0.5761482675261885,560,681,1241,0.0008058017727639033,-0.0008333472224535399,0.5747784045124955,0.00016116035455278067
96014,19.987833130552175,0.5761482675261885,560,681,1241,0.0,-0.0008333472224535399,0.5749395648670482,0.00016116035455278067
96015,19.986999783329722,0.5761482675261885,560,681,1241,0.0,-0.0008333472224535399,0.575100725221601,0.00016116035455278067
96016,19.98616643610727,0.5761482675261885,560,681,1241,0.0,-0.0008333472224535399,0.5752618855761538,0.00016116035455278067
96017,19.985333088884815,0.5761482675261885,560,681,1241,0.0,-0.0008333472224535399,0.575503626107983,0.00024174053182917098
96018,19.98449974166236,0.5753424657534246,560,681,1241,-0.0008058017727639033,-0.0008333472224535399,0.5756647864625358,0.00016116035455278067
96019,19.983666394439908,0.5753424657534246,560,681,1241,0.0,-0.0008333472224535399,0.5757453666398121,8.058017727639034e-05
96020,19.98283304721745,0.5745366639806607,560,681,1241,-0.0008058017727639033,-0.0008333472224570926,0.5756647864625358,-8.058017727639034e-05
96021,19.981999699994997,0.5753424657534246,560,681,1241,0.0008058017727639033,-0.0008333472224535399,0.5756647864625358,0.0
96022,19.981166352772544,0.5753424657534246,560,681,1241,0.0,-0.0008333472224535399,0.5756647864625358,0.0
96023,19.98033300555009,0.5761482675261885,560,681,1241,0.0008058017727639033,-0.0008333472224535399,0.5756647864625358,0.0
96024,19.979499658327637,0.5769540692989524,560,681,1241,0.0008058017727639033,-0.0008333472224535399,0.5757453666398121,8.058017727639034e-05
96025,19.978666311105183,0.5777598710717163,560,681,1241,0.0008058017727639033,-0.0008333472224535399,0.575906526994365,0.00016116035455278067
96026,19.97783296388273,0.5769540692989524,560,681,1241,-0.0008058017727639033,-0.0008333472224535399,0.5759871071716413,8.058017727639034e-05
96027,19.976999616660276,0.5769540692989524,560,681,1241,0.0,-0.0008333472224535399,0.5760676873489177,8.058017727639034e-05
96028,19.976166269437822,0.5769540692989524,560,681,1241,0.0,-0.0008333472224535399,0.5762288477034704,0.00016116035455278067
96029,19.97533292221537,0.5769540692989524,560,681,1241,0.0,-0.0008333472224535399,0.5763900080580232,0.00016116035455278067
96030,19.974499574992915,0.5769540692989524,560,681,1241,0.0,-0.0008333472224535399,0.5766317485898523,0.00024174053182917098
96031,19.97366622777046,0.5769540692989524,560,681,1241,0.0,-0.0008333472224535399,0.576792908944405,0.00016116035455278067
96032,19.972832880548008,0.5761482675261885,560,681,1241,-0.0008058017727639033,-0.0008333472224535399,0.5768734891216816,8.058017727639034e-05
96033,19.971999533325555,0.5761482675261885,560,681,1241,0.0,-0.0008333472224535399,0.5768734891216816,0.0
96034,19.9711661861031,0.5769540692989524,560,681,1241,0.0008058017727639033,-0.0008333472224535399,0.5768734891216816,0.0
96035,19.970332838880648,0.5769540692989524,560,681,1241,0.0,-0.0008333472224535399,0.576792908944405,-8.058017727639034e-05
96036,19.969499491658194,0.5777598710717163,560,681,1241,0.0008058017727639033,-0.0008333472224535399,0.5768734891216816,8.058017727639034e-05
96037,19.96866614443574,0.5777598710717163,560,681,1241,0.0,-0.0008333472224535399,0.576954069298958,8.058017727639034e-05
96038,19.967832797213287,0.5777598710717163,560,681,1241,0.0,-0.0008333472224535399,0.5770346494762344,8.058017727639034e-05
96039,19.966999449990833,0.5777598710717163,560,681,1241,0.0,-0.0008333472224535399,0.5771152296535108,8.058017727639034e-05
96040,19.96616610276838,0.5777598710717163,560,681,1241,0.0,-0.0008333472224535399,0.5771958098307872,8.058017727639034e-05
96041,19.965332755545923,0.5785656728444802,560,681,1241,0.0008058017727639033,-0.0008333472224570926,0.57735697018534,0.00016116035455278067
96042,19.96449940832347,0.5785656728444802,560,681,1241,0.0,-0.0008333472224535399,0.5775987107171692,0.00024174053182917098
96043,19.963666061101016,0.5785656728444802,560,681,1241,0.0,-0.0008333472224535399,0.5778404512489983,0.00024174053182917098
96044,19.962832713878562,0.5785656728444802,560,681,1241,0.0,-0.0008333472224535399,0.5780016116035511,0.00016116035455278067
96045,19.96199936665611,0.5777598710717163,560,681,1241,-0.0008058017727639033,-0.0008333472224535399,0.5780821917808275,8.058017727639034e-05
96046,19.961166019433655,0.5777598710717163,560,681,1241,0.0,-0.0008333472224535399,0.5780821917808275,0.0
96047,19.9603326722112,0.5777598710717163,560,681,1241,0.0,-0.0008333472224535399,0.5780821917808275,0.0
96048,19.959499324988748,0.5777598710717163,560,681,1241,0.0,-0.0008333472224535399,0.5780821917808275,0.0
96049,19.958665977766294,0.5777598710717163,560,681,1241,0.0,-0.0008333472224535399,0.5780821917808275,0.0
96050,19.95783263054384,0.5769540692989524,560,681,1241,-0.0008058017727639033,-0.0008333472224535399,0.5780016116035511,-8.058017727639034e-05
96051,19.956999283321387,0.5761482675261885,560,681,1241,-0.0008058017727639033,-0.0008333472224535399,0.577759871071722,-0.00024174053182917098
96052,19.956165936098934,0.5769540692989524,560,681,1241,0.0008058017727639033,-0.0008333472224535399,0.5775987107171692,-0.00016116035455278067
96053,19.95533258887648,0.5769540692989524,560,681,1241,0.0,-0.0008333472224535399,0.5774375503626163,-0.00016116035455278067
96054,19.954499241654027,0.5769540692989524,560,681,1241,0.0,-0.0008333472224535399,0.5772763900080636,-0.00016116035455278067
96055,19.953665894431573,0.5769540692989524,560,681,1241,0.0,-0.0008333472224535399,0.5771958098307872,-8.058017727639034e-05
96056,19.95283254720912,0.5769540692989524,560,681,1241,0.0,-0.0008333472224535399,0.5771152296535107,-8.058017727639034e-05
96057,19.951999199986666,0.5769540692989524,560,681,1241,0.0,-0.0008333472224535399,0.5770346494762343,-8.058017727639034e-05
96058,19.951165852764213,0.5777598710717163,560,681,1241,0.0008058017727639033,-0.0008333472224535399,0.5770346494762343,0.0
96059,19.95033250554176,0.5785656728444802,560,681,1241,0.0008058017727639033,-0.0008333472224535399,0.5771152296535107,8.058017727639034e-05
96060,19.949499158319306,0.5785656728444802,560,681,1241,0.0,-0.0008333472224535399,0.5772763900080634,0.00016116035455278067
96061,19.948665811096852,0.5793714746172441,560,681,1241,0.0008058017727639033,-0.0008333472224535399,0.577598710717169,0.00032232070910556134
96062,19.947832463874395,0.5793714746172441,560,681,1241,0.0,-0.0008333472224570926,0.5778404512489982,0.00024174053182917098
96063,19.94699911665194,0.580177276390008,560,681,1241,0.0008058017727639033,-0.0008333472224535399,0.5781627719581037,0.00032232070910556134
96064,19.946165769429488,0.580177276390008,560,681,1241,0.0,-0.0008333472224535399,0.5784850926672094,0.00032232070910556134
96065,19.945332422207034,0.580177276390008,560,681,1241,0.0,-0.0008333472224535399,0.5788074133763149,0.00032232070910556134
96066,19.94449907498458,0.580177276390008,560,681,1241,0.0,-0.0008333472224535399,0.5791297340854205,0.00032232070910556134
96067,19.943665727762127,0.580177276390008,560,681,1241,0.0,-0.0008333472224535399,0.579452054794526,0.00032232070910556134
96068,19.942832380539674,0.5793714746172441,560,681,1241,-0.0008058017727639033,-0.0008333472224535399,0.5796132151490788,0.00016116035455278067
96069,19.94199903331722,0.5793714746172441,560,681,1241,0.0,-0.0008333472224535399,0.5796937953263552,8.058017727639034e-05
96070,19.941165686094767,0.5793714746172441,560,681,1241,0.0,-0.0008333472224535399,0.5797743755036316,8.058017727639034e-05
96071,19.940332338872313,0.580177276390008,560,681,1241,0.0008058017727639033,-0.0008333472224535399,0.5798549556809081,8.058017727639034e-05
96072,19.93949899164986,0.5793714746172441,560,681,1241,-0.0008058017727639033,-0.0008333472224535399,0.5798549556809081,0.0
96073,19.938665644427406,0.5793714746172441,560,681,1241,0.0,-0.0008333472224535399,0.5797743755036316,-8.058017727639034e-05
96074,19.937832297204952,0.580177276390008,560,681,1241,0.0008058017727639033,-0.0008333472224535399,0.5797743755036316,0.0
96075,19.9369989499825,0.580177276390008,560,681,1241,0.0,-0.0008333472224535399,0.5797743755036316,0.0
96076,19.936165602760045,0.580177276390008,560,681,1241,0.0,-0.0008333472224535399,0.5797743755036316,0.0
96077,19.935332255537592,0.580177276390008,560,681,1241,0.0,-0.0008333472224535399,0.5797743755036316,0.0
96078,19.93449890831514,0.580177276390008,560,681,1241,0.0,-0.0008333472224535399,0.5798549556809081,8.058017727639034e-05
96079,19.933665561092685,0.580983078162772,560,681,1241,0.0008058017727639033,-0.0008333472224535399,0.5800161160354608,0.00016116035455278067
96080,19.93283221387023,0.5825946817082998,560,681,1241,0.0016116035455278066,-0.0008333472224535399,0.5803384367445663,0.00032232070910556134
96081,19.931998866647778,0.5825946817082998,560,681,1241,0.0,-0.0008333472224535399,0.5805801772763955,0.00024174053182917098
96082,19.931165519425324,0.5825946817082998,560,681,1241,0.0,-0.0008333472224535399,0.5809024979855011,0.00032232070910556134
96083,19.930332172202867,0.5817888799355359,560,681,1241,-0.0008058017727639033,-0.0008333472224570926,0.5811442385173302,0.00024174053182917098
96084,19.929498824980413,0.580983078162772,560,681,1241,-0.0008058017727639033,-0.0008333472224535399,0.5812248186946067,8.058017727639034e-05
96085,19.92866547775796,0.580177276390008,560,681,1241,-0.0008058017727639033,-0.0008333472224535399,0.5812248186946067,0.0
96086,19.927832130535506,0.580177276390008,560,681,1241,0.0,-0.0008333472224535399,0.5812248186946067,0.0
96087,19.926998783313053,0.580983078162772,560,681,1241,0.0008058017727639033,-0.0008333472224535399,0.5813053988718831,8.058017727639034e-05
96088,19.9261654360906,0.580983078162772,560,681,1241,0.0,-0.0008333472224535399,0.5813859790491596,8.058017727639034e-05
96089,19.925332088868146,0.5817888799355359,560,681,1241,0.0008058017727639033,-0.0008333472224535399,0.5814665592264359,8.058017727639034e-05
96090,19.924498741645692,0.5817888799355359,560,681,1241,0.0,-0.0008333472224535399,0.5813859790491595,-8.058017727639034e-05
96091,19.92366539442324,0.5817888799355359,560,681,1241,0.0,-0.0008333472224535399,0.581305398871883,-8.058017727639034e-05
96092,19.922832047200785,0.5817888799355359,560,681,1241,0.0,-0.0008333472224535399,0.5812248186946066,-8.058017727639034e-05
96093,19.92199869997833,0.5825946817082998,560,681,1241,0.0008058017727639033,-0.0008333472224535399,0.581305398871883,8.058017727639034e-05
96094,19.921165352755878,0.5850120870265915,560,681,1241,0.00241740531829171,-0.0008333472224535399,0.581708299758265,0.00040290088638195165
96095,19.920332005533425,0.5850120870265915,560,681,1241,0.0,-0.0008333472224535399,0.5821917808219232,0.00048348106365834196
96096,19.91949865831097,0.5850120870265915,560,681,1241,0.0,-0.0008333472224535399,0.5826752618855816,0.00048348106365834196
96097,19.918665311088517,0.5850120870265915,560,681,1241,0.0,-0.0008333472224535399,0.5830781627719636,0.00040290088638195165
96098,19.917831963866064,0.5842062852538276,560,681,1241,-0.0008058017727639033,-0.0008333472224535399,0.5834004834810691,0.00032232070910556134
96099,19.91699861664361,0.5834004834810637,560,681,1241,-0.0008058017727639033,-0.0008333472224535399,0.5835616438356219,0.00016116035455278067
96100,19.916165269421157,0.5834004834810637,560,681,1241,0.0,-0.0008333472224535399,0.5837228041901746,0.00016116035455278067
96101,19.915331922198703,0.5834004834810637,560,681,1241,0.0,-0.0008333472224535399,0.5838839645447275,0.00016116035455278067
96102,19.91449857497625,0.5834004834810637,560,681,1241,0.0,-0.0008333472224535399,0.5840451248992802,0.00016116035455278067
96103,19.913665227753796,0.5834004834810637,560,681,1241,0.0,-0.0008333472224535399,0.5841257050765566,8.058017727639034e-05
96104,19.912831880531343,0.5842062852538276,560,681,1241,0.0008058017727639033,-0.0008333472224535399,0.5840451248992802,-8.058017727639034e-05
96105,19.911998533308886,0.5850120870265915,560,681,1241,0.0008058017727639033,-0.0008333472224570926,0.5840451248992802,0.0
96106,19.911165186086432,0.5858178887993554,560,681,1241,0.0008058017727639033,-0.0008333472224535399,0.5841257050765567,8.058017727639034e-05
96107,19.91033183886398,0.5866236905721193,560,681,1241,0.0008058017727639033,-0.0008333472224535399,0.5842868654311094,0.00016116035455278067
96108,19.909498491641525,0.5874294923448832,560,681,1241,0.0008058017727639033,-0.0008333472224535399,0.584609186140215,0.00032232070910556134
96109,19.90866514441907,0.5874294923448832,560,681,1241,0.0,-0.0008333472224535399,0.585012087026597,0.00040290088638195165
96110,19.907831797196618,0.5874294923448832,560,681,1241,0.0,-0.0008333472224535399,0.585414987912979,0.00040290088638195165
96111,19.906998449974164,0.5874294923448832,560,681,1241,0.0,-0.0008333472224535399,0.585817888799361,0.00040290088638195165
96112,19.90616510275171,0.5882352941176471,560,681,1241,0.0008058017727639033,-0.0008333472224535399,0.5863013698630193,0.00048348106365834196
96113,19.905331755529257,0.5874294923448832,560,681,1241,-0.0008058017727639033,-0.0008333472224535399,0.5867042707494013,0.00040290088638195165
96114,19.904498408306804,0.5874294923448832,560,681,1241,0.0,-0.0008333472224535399,0.5870265914585069,0.00032232070910556134
96115,19.90366506108435,0.5874294923448832,560,681,1241,0.0,-0.0008333472224535399,0.5872683319903361,0.00024174053182917098
96116,19.902831713861897,0.5866236905721193,560,681,1241,-0.0008058017727639033,-0.0008333472224535399,0.5873489121676124,8.058017727639034e-05
96117,19.901998366639443,0.5858178887993554,560,681,1241,-0.0008058017727639033,-0.0008333472224535399,0.5872683319903361,-8.058017727639034e-05
96118,19.90116501941699,0.5858178887993554,560,681,1241,0.0,-0.0008333472224535399,0.5871071716357833,-0.00016116035455278067
96119,19.900331672194536,0.5850120870265915,560,681,1241,-0.0008058017727639033,-0.0008333472224535399,0.5868654311039541,-0.00024174053182917098
96120,19.899498324972082,0.5850120870265915,560,681,1241,0.0,-0.0008333472224535399,0.5866236905721249,-0.00024174053182917098
96121,19.89866497774963,0.5850120870265915,560,681,1241,0.0,-0.0008333472224535399,0.5863819500402957,-0.00024174053182917098
96122,19.897831630527175,0.5850120870265915,560,681,1241,0.0,-0.0008333472224535399,0.5860596293311902,-0.00032232070910556134
96123,19.896998283304722,0.5850120870265915,560,681,1241,0.0,-0.0008333472224535399,0.5858178887993609,-0.00024174053182917098
96124,19.89616493608227,0.5858178887993554,560,681,1241,0.0008058017727639033,-0.0008333472224535399,0.5856567284448081,-0.00016116035455278067
96125,19.895331588859815,0.5850120870265915,560,681,1241,-0.0008058017727639033,-0.0008333472224535399,0.5854149879129789,-0.00024174053182917098
96126,19.894498241637358,0.5850120870265915,560,681,1241,0.0,-0.0008333472224570926,0.5852538275584261,-0.00016116035455278067
96127,19.893664894414904,0.5850120870265915,560,681,1241,0.0,-0.0008333472224535399,0.5851732473811497,-8.058017727639034e-05
96128,19.89283154719245,0.5842062852538276,560,681,1241,-0.0008058017727639033,-0.0008333472224535399,0.5850120870265969,-0.00016116035455278067
96129,19.891998199969997,0.5834004834810637,560,681,1241,-0.0008058017727639033,-0.0008333472224535399,0.5848509266720441,-0.00016116035455278067
96130,19.891164852747544,0.5842062852538276,560,681,1241,0.0008058017727639033,-0.0008333472224535399,0.5847703464947678,-8.058017727639034e-05
96131,19.89033150552509,0.5834004834810637,560,681,1241,-0.0008058017727639033,-0.0008333472224535399,0.584609186140215,-0.00016116035455278067
96132,19.889498158302636,0.5842062852538276,560,681,1241,0.0008058017727639033,-0.0008333472224535399,0.5845286059629387,-8.058017727639034e-05
96133,19.888664811080183,0.5842062852538276,560,681,1241,0.0,-0.0008333472224535399,0.5844480257856624,-8.058017727639034e-05
96134,19.88783146385773,0.5842062852538276,560,681,1241,0.0,-0.0008333472224535399,0.5842868654311095,-0.00016116035455278067
96135,19.886998116635276,0.5842062852538276,560,681,1241,0.0,-0.0008333472224535399,0.5842062852538332,-8.058017727639034e-05
96136,19.886164769412822,0.5842062852538276,560,681,1241,0.0,-0.0008333472224535399,0.5841257050765568,-8.058017727639034e-05
96137,19.88533142219037,0.5850120870265915,560,681,1241,0.0008058017727639033,-0.0008333472224535399,0.5841257050765568,0.0
96138,19.884498074967915,0.5850120870265915,560,681,1241,0.0,-0.0008333472224535399,0.5842062852538332,8.058017727639034e-05
96139,19.88366472774546,0.5850120870265915,560,681,1241,0.0,-0.0008333472224535399,0.5843674456083859,0.00016116035455278067
96140,19.882831380523008,0.5850120870265915,560,681,1241,0.0,-0.0008333472224535399,0.5844480257856624,8.058017727639034e-05
96141,19.881998033300555,0.5850120870265915,560,681,1241,0.0,-0.0008333472224535399,0.5846091861402151,0.00016116035455278067
96142,19.8811646860781,0.5850120870265915,560,681,1241,0.0,-0.0008333472224535399,0.5846897663174915,8.058017727639034e-05
96143,19.880331338855648,0.5842062852538276,560,681,1241,-0.0008058017727639033,-0.0008333472224535399,0.5846897663174915,0.0
96144,19.879497991633194,0.5825946817082998,560,681,1241,-0.0016116035455278066,-0.0008333472224535399,0.5845286059629387,-0.00016116035455278067
96145,19.87866464441074,0.5834004834810637,560,681,1241,0.0008058017727639033,-0.0008333472224535399,0.5844480257856622,-8.058017727639034e-05
96146,19.877831297188287,0.5842062852538276,560,681,1241,0.0008058017727639033,-0.0008333472224535399,0.5844480257856622,0.0
96147,19.87699794996583,0.5842062852538276,560,681,1241,0.0,-0.0008333472224570926,0.5843674456083858,-8.058017727639034e-05
96148,19.876164602743376,0.5834004834810637,560,681,1241,-0.0008058017727639033,-0.0008333472224535399,0.5842062852538331,-0.00016116035455278067
96149,19.875331255520923,0.5842062852538276,560,681,1241,0.0008058017727639033,-0.0008333472224535399,0.5841257050765567,-8.058017727639034e-05
96150,19.87449790829847,0.5842062852538276,560,681,1241,0.0,-0.0008333472224535399,0.5840451248992804,-8.058017727639034e-05
96151,19.873664561076016,0.5842062852538276,560,681,1241,0.0,-0.0008333472224535399,0.5839645447220041,-8.058017727639034e-05
96152,19.872831213853562,0.5842062852538276,560,681,1241,0.0,-0.0008333472224535399,0.5838839645447277,-8.058017727639034e-05
96153,19.87199786663111,0.5842062852538276,560,681,1241,0.0,-0.0008333472224535399,0.5838839645447277,0.0
96154,19.871164519408655,0.5842062852538276,560,681,1241,0.0,-0.0008333472224535399,0.5840451248992805,0.00016116035455278067
96155,19.8703311721862,0.5834004834810637,560,681,1241,-0.0008058017727639033,-0.0008333472224535399,0.5840451248992805,0.0
96156,19.869497824963748,0.5817888799355359,560,681,1241,-0.0016116035455278066,-0.0008333472224535399,0.5838033843674513,-0.00024174053182917098
96157,19.868664477741294,0.5817888799355359,560,681,1241,0.0,-0.0008333472224535399,0.583561643835622,-0.00024174053182917098
96158,19.86783113051884,0.580177276390008,560,681,1241,-0.0016116035455278066,-0.0008333472224535399,0.5832393231265165,-0.00032232070910556134
96159,19.866997783296387,0.580177276390008,560,681,1241,0.0,-0.0008333472224535399,0.5828364222401345,-0.00040290088638195165
96160,19.866164436073934,0.580177276390008,560,681,1241,0.0,-0.0008333472224535399,0.5824335213537525,-0.00040290088638195165
96161,19.86533108885148,0.5793714746172441,560,681,1241,-0.0008058017727639033,-0.0008333472224535399,0.5819500402900941,-0.00048348106365834196
96162,19.864497741629027,0.5793714746172441,560,681,1241,0.0,-0.0008333472224535399,0.5814665592264359,-0.00048348106365834196
96163,19.863664394406573,0.5793714746172441,560,681,1241,0.0,-0.0008333472224535399,0.5809830781627775,-0.00048348106365834196
96164,19.86283104718412,0.5785656728444802,560,681,1241,-0.0008058017727639033,-0.0008333472224535399,0.5804190169218427,-0.0005640612409347323
96165,19.861997699961666,0.5785656728444802,560,681,1241,0.0,-0.0008333472224535399,0.5799355358581844,-0.00048348106365834196
96166,19.861164352739213,0.5785656728444802,560,681,1241,0.0,-0.0008333472224535399,0.5796132151490788,-0.00032232070910556134
96167,19.86033100551676,0.5793714746172441,560,681,1241,0.0008058017727639033,-0.0008333472224535399,0.5793714746172497,-0.00024174053182917098
96168,19.859497658294302,0.5785656728444802,560,681,1241,-0.0008058017727639033,-0.0008333472224570926,0.5792103142626969,-0.00016116035455278067
96169,19.85866431107185,0.5785656728444802,560,681,1241,0.0,-0.0008333472224535399,0.5790491539081442,-0.00016116035455278067
96170,19.857830963849395,0.5785656728444802,560,681,1241,0.0,-0.0008333472224535399,0.5788879935535913,-0.00016116035455278067
96171,19.85699761662694,0.5785656728444802,560,681,1241,0.0,-0.0008333472224535399,0.5788074133763149,-8.058017727639034e-05
96172,19.856164269404488,0.5777598710717163,560,681,1241,-0.0008058017727639033,-0.0008333472224535399,0.5786462530217621,-0.00016116035455278067
96173,19.855330922182034,0.5777598710717163,560,681,1241,0.0,-0.0008333472224535399,0.5784850926672094,-0.00016116035455278067
96174,19.85449757495958,0.5785656728444802,560,681,1241,0.0008058017727639033,-0.0008333472224535399,0.5784850926672094,0.0
96175,19.853664227737127,0.5785656728444802,560,681,1241,0.0,-0.0008333472224535399,0.5784850926672094,0.0
96176,19.852830880514674,0.580177276390008,560,681,1241,0.0016116035455278066,-0.0008333472224535399,0.5786462530217621,0.00016116035455278067
96177,19.85199753329222,0.580983078162772,560,681,1241,0.0008058017727639033,-0.0008333472224535399,0.5788074133763149,0.00016116035455278067
96178,19.851164186069767,0.580983078162772,560,681,1241,0.0,-0.0008333472224535399,0.5790491539081442,0.00024174053182917098
96179,19.850330838847313,0.580983078162772,560,681,1241,0.0,-0.0008333472224535399,0.5792908944399733,0.00024174053182917098
96180,19.84949749162486,0.580983078162772,560,681,1241,0.0,-0.0008333472224535399,0.5795326349718025,0.00024174053182917098
96181,19.848664144402406,0.580983078162772,560,681,1241,0.0,-0.0008333472224535399,0.5797743755036318,0.00024174053182917098
96182,19.847830797179952,0.580983078162772,560,681,1241,0.0,-0.0008333472224535399,0.5800966962127373,0.00032232070910556134
96183,19.8469974499575,0.580983078162772,560,681,1241,0.0,-0.0008333472224535399,0.5804190169218428,0.00032232070910556134
96184,19.846164102735045,0.5817888799355359,560,681,1241,0.0008058017727639033,-0.0008333472224535399,0.5807413376309485,0.00032232070910556134
96185,19.84533075551259,0.5817888799355359,560,681,1241,0.0,-0.0008333472224535399,0.581063658340054,0.00032232070910556134
96186,19.844497408290138,0.5817888799355359,560,681,1241,0.0,-0.0008333472224535399,0.5812248186946067,0.00016116035455278067
96187,19.843664061067685,0.5817888799355359,560,681,1241,0.0,-0.0008333472224535399,0.5813053988718831,8.058017727639034e-05
96188,19.84283071384523,0.5817888799355359,560,681,1241,0.0,-0.0008333472224535399,0.5813859790491595,8.058017727639034e-05
96189,19.841997366622774,0.5817888799355359,560,681,1241,0.0,-0.0008333472224570926,0.5814665592264359,8.058017727639034e-05
96190,19.84116401940032,0.5817888799355359,560,681,1241,0.0,-0.0008333472224535399,0.5815471394037122,8.058017727639034e-05
96191,19.840330672177867,0.5817888799355359,560,681,1241,0.0,-0.0008333472224535399,0.5816277195809885,8.058017727639034e-05
96192,19.839497324955413,0.5817888799355359,560,681,1241,0.0,-0.0008333472224535399,0.5817082997582649,8.058017727639034e-05
96193,19.83866397773296,0.5817888799355359,560,681,1241,0.0,-0.0008333472224535399,0.5817888799355412,8.058017727639034e-05
96194,19.837830630510506,0.5817888799355359,560,681,1241,0.0,-0.0008333472224535399,0.5817888799355412,0.0
96195,19.836997283288053,0.580983078162772,560,681,1241,-0.0008058017727639033,-0.0008333472224535399,0.5817082997582649,-8.058017727639034e-05
96196,19.8361639360656,0.580983078162772,560,681,1241,0.0,-0.0008333472224535399,0.5816277195809885,-8.058017727639034e-05
96197,19.835330588843146,0.580983078162772,560,681,1241,0.0,-0.0008333472224535399,0.5815471394037122,-8.058017727639034e-05
96198,19.834497241620692,0.580983078162772,560,681,1241,0.0,-0.0008333472224535399,0.5814665592264359,-8.058017727639034e-05
96199,19.83366389439824,0.580983078162772,560,681,1241,0.0,-0.0008333472224535399,0.5813859790491595,-8.058017727639034e-05
96200,19.832830547175785,0.580983078162772,560,681,1241,0.0,-0.0008333472224535399,0.5813053988718831,-8.058017727639034e-05
96201,19.83199719995333,0.5817888799355359,560,681,1241,0.0008058017727639033,-0.0008333472224535399,0.5813053988718831,0.0
96202,19.831163852730878,0.5825946817082998,560,681,1241,0.0008058017727639033,-0.0008333472224535399,0.5813859790491596,8.058017727639034e-05
96203,19.830330505508424,0.5825946817082998,560,681,1241,0.0,-0.0008333472224535399,0.581466559226436,8.058017727639034e-05
96204,19.82949715828597,0.5825946817082998,560,681,1241,0.0,-0.0008333472224535399,0.5815471394037124,8.058017727639034e-05
96205,19.828663811063517,0.5825946817082998,560,681,1241,0.0,-0.0008333472224535399,0.5817082997582652,0.00016116035455278067
96206,19.827830463841064,0.5834004834810637,560,681,1241,0.0008058017727639033,-0.0008333472224535399,0.5819500402900943,0.00024174053182917098
96207,19.82699711661861,0.5817888799355359,560,681,1241,-0.0016116035455278066,-0.0008333472224535399,0.5820306204673706,8.058017727639034e-05
96208,19.826163769396157,0.5817888799355359,560,681,1241,0.0,-0.0008333472224535399,0.582111200644647,8.058017727639034e-05
96209,19.825330422173703,0.5817888799355359,560,681,1241,0.0,-0.0008333472224535399,0.5821917808219234,8.058017727639034e-05
96210,19.82449707495125,0.580983078162772,560,681,1241,-0.0008058017727639033,-0.0008333472224535399,0.5821917808219234,0.0
96211,19.823663727728793,0.5817888799355359,560,681,1241,0.0008058017727639033,-0.0008333472224570926,0.5821917808219234,0.0
96212,19.82283038050634,0.580983078162772,560,681,1241,-0.0008058017727639033,-0.0008333472224535399,0.5820306204673706,-0.00016116035455278067
96213,19.821997033283886,0.580983078162772,560,681,1241,0.0,-0.0008333472224535399,0.5818694601128178,-0.00016116035455278067
96214,19.821163686061432,0.5793714746172441,560,681,1241,-0.0016116035455278066,-0.0008333472224535399,0.5815471394037123,-0.00032232070910556134
96215,19.82033033883898,0.5793714746172441,560,681,1241,0.0,-0.0008333472224535399,0.5812248186946067,-0.00032232070910556134
96216,19.819496991616525,0.5785656728444802,560,681,1241,-0.0008058017727639033,-0.0008333472224535399,0.5807413376309484,-0.00048348106365834196
96217,19.81866364439407,0.5785656728444802,560,681,1241,0.0,-0.0008333472224535399,0.5804190169218428,-0.00032232070910556134
96218,19.817830297171618,0.5785656728444802,560,681,1241,0.0,-0.0008333472224535399,0.5800966962127372,-0.00032232070910556134
96219,19.816996949949164,0.5785656728444802,560,681,1241,0.0,-0.0008333472224535399,0.5797743755036316,-0.00032232070910556134
96220,19.81616360272671,0.5785656728444802,560,681,1241,0.0,-0.0008333472224535399,0.5795326349718024,-0.00024174053182917098
96221,19.815330255504257,0.5785656728444802,560,681,1241,0.0,-0.0008333472224535399,0.5792103142626969,-0.00032232070910556134
96222,19.814496908281804,0.5785656728444802,560,681,1241,0.0,-0.0008333472224535399,0.5789685737308676,-0.00024174053182917098
96223,19.81366356105935,0.5777598710717163,560,681,1241,-0.0008058017727639033,-0.0008333472224535399,0.5786462530217621,-0.00032232070910556134
96224,19.812830213836897,0.5777598710717163,560,681,1241,0.0,-0.0008333472224535399,0.5784850926672094,-0.00016116035455278067
96225,19.811996866614443,0.5769540692989524,560,681,1241,-0.0008058017727639033,-0.0008333472224535399,0.5782433521353801,-0.00024174053182917098
96226,19.81116351939199,0.5769540692989524,560,681,1241,0.0,-0.0008333472224535399,0.5780821917808273,-0.00016116035455278067
96227,19.810330172169536,0.5769540692989524,560,681,1241,0.0,-0.0008333472224535399,0.5779210314262746,-0.00016116035455278067
96228,19.809496824947082,0.5777598710717163,560,681,1241,0.0008058017727639033,-0.0008333472224535399,0.5778404512489982,-8.058017727639034e-05
96229,19.80866347772463,0.5777598710717163,560,681,1241,0.0,-0.0008333472224535399,0.5777598710717219,-8.058017727639034e-05
96230,19.807830130502175,0.5769540692989524,560,681,1241,-0.0008058017727639033,-0.0008333472224535399,0.5775987107171691,-0.00016116035455278067
96231,19.806996783279722,0.5769540692989524,560,681,1241,0.0,-0.0008333472224535399,0.5774375503626163,-0.00016116035455278067
96232,19.806163436057265,0.5785656728444802,560,681,1241,0.0016116035455278066,-0.0008333472224570926,0.5774375503626163,0.0
96233,19.80533008883481,0.5793714746172441,560,681,1241,0.0008058017727639033,-0.0008333472224535399,0.5775987107171691,0.00016116035455278067
96234,19.804496741612358,0.5793714746172441,560,681,1241,0.0,-0.0008333472224535399,0.5777598710717219,0.00016116035455278067
96235,19.803663394389904,0.5793714746172441,560,681,1241,0.0,-0.0008333472224535399,0.5780016116035511,0.00024174053182917098
96236,19.80283004716745,0.5793714746172441,560,681,1241,0.0,-0.0008333472224535399,0.5782433521353803,0.00024174053182917098
96237,19.801996699944997,0.580177276390008,560,681,1241,0.0008058017727639033,-0.0008333472224535399,0.5785656728444859,0.00032232070910556134
96238,19.801163352722543,0.580177276390008,560,681,1241,0.0,-0.0008333472224535399,0.578807413376315,0.00024174053182917098
96239,19.80033000550009,0.580177276390008,560,681,1241,0.0,-0.0008333472224535399,0.5790491539081442,0.00024174053182917098
96240,19.799496658277636,0.5817888799355359,560,681,1241,0.0016116035455278066,-0.0008333472224535399,0.5795326349718024,0.00048348106365834196
96241,19.798663311055183,0.5817888799355359,560,681,1241,0.0,-0.0008333472224535399,0.5800161160354608,0.00048348106365834196
96242,19.79782996383273,0.5817888799355359,560,681,1241,0.0,-0.0008333472224535399,0.5803384367445663,0.00032232070910556134
96243,19.796996616610276,0.580983078162772,560,681,1241,-0.0008058017727639033,-0.0008333472224535399,0.5804995970991191,0.00016116035455278067
96244,19.796163269387822,0.580983078162772,560,681,1241,0.0,-0.0008333472224535399,0.580660757453672,0.00016116035455278067
96245,19.79532992216537,0.580983078162772,560,681,1241,0.0,-0.0008333472224535399,0.5808219178082247,0.00016116035455278067
96246,19.794496574942915,0.580983078162772,560,681,1241,0.0,-0.0008333472224535399,0.5809830781627775,0.00016116035455278067
96247,19.79366322772046,0.580983078162772,560,681,1241,0.0,-0.0008333472224535399,0.5810636583400539,8.058017727639034e-05
96248,19.792829880498008,0.580983078162772,560,681,1241,0.0,-0.0008333472224535399,0.5811442385173303,8.058017727639034e-05
96249,19.791996533275555,0.5817888799355359,560,681,1241,0.0008058017727639033,-0.0008333472224535399,0.5813053988718831,0.00016116035455278067
96250,19.7911631860531,0.580983078162772,560,681,1241,-0.0008058017727639033,-0.0008333472224535399,0.5812248186946067,-8.058017727639034e-05
96251,19.790329838830647,0.580983078162772,560,681,1241,0.0,-0.0008333472224535399,0.5811442385173304,-8.058017727639034e-05
96252,19.789496491608194,0.580983078162772,560,681,1241,0.0,-0.0008333472224535399,0.5810636583400541,-8.058017727639034e-05
96253,19.788663144385737,0.580983078162772,560,681,1241,0.0,-0.0008333472224570926,0.5810636583400541,0.0
96254,19.787829797163283,0.580983078162772,560,681,1241,0.0,-0.0008333472224535399,0.5810636583400541,0.0
96255,19.78699644994083,0.580983078162772,560,681,1241,0.0,-0.0008333472224535399,0.5810636583400541,0.0
96256,19.786163102718376,0.5817888799355359,560,681,1241,0.0008058017727639033,-0.0008333472224535399,0.5811442385173304,8.058017727639034e-05
96257,19.785329755495923,0.5817888799355359,560,681,1241,0.0,-0.0008333472224535399,0.5812248186946067,8.058017727639034e-05
96258,19.78449640827347,0.5817888799355359,560,681,1241,0.0,-0.0008333472224535399,0.5813053988718831,8.058017727639034e-05
96259,19.783663061051016,0.5817888799355359,560,681,1241,0.0,-0.0008333472224535399,0.5813053988718831,0.0
96260,19.782829713828562,0.5817888799355359,560,681,1241,0.0,-0.0008333472224535399,0.5813859790491595,8.058017727639034e-05
96261,19.78199636660611,0.580983078162772,560,681,1241,-0.0008058017727639033,-0.0008333472224535399,0.5813859790491595,0.0
96262,19.781163019383655,0.580983078162772,560,681,1241,0.0,-0.0008333472224535399,0.5813859790491595,0.0
96263,19.7803296721612,0.580983078162772,560,681,1241,0.0,-0.0008333472224535399,0.5813859790491595,0.0
96264,19.779496324938748,0.580177276390008,560,681,1241,-0.0008058017727639033,-0.0008333472224535399,0.581305398871883,-8.058017727639034e-05
96265,19.778662977716294,0.580177276390008,560,681,1241,0.0,-0.0008333472224535399,0.5812248186946066,-8.058017727639034e-05
96266,19.77782963049384,0.5817888799355359,560,681,1241,0.0016116035455278066,-0.0008333472224535399,0.5812248186946066,0.0
96267,19.776996283271387,0.5817888799355359,560,681,1241,0.0,-0.0008333472224535399,0.5812248186946066,0.0
96268,19.776162936048934,0.5817888799355359,560,681,1241,0.0,-0.0008333472224535399,0.5812248186946066,0.0
96269,19.77532958882648,0.5817888799355359,560,681,1241,0.0,-0.0008333472224535399,0.5812248186946066,0.0
96270,19.774496241604027,0.5817888799355359,560,681,1241,0.0,-0.0008333472224535399,0.5812248186946066,0.0
96271,19.773662894381573,0.580983078162772,560,681,1241,-0.0008058017727639033,-0.0008333472224535399,0.5812248186946066,0.0
96272,19.77282954715912,0.580983078162772,560,681,1241,0.0,-0.0008333472224535399,0.5812248186946066,0.0
96273,19.771996199936666,0.580983078162772,560,681,1241,0.0,-0.0008333472224535399,0.5812248186946066,0.0
96274,19.77116285271421,0.580983078162772,560,681,1241,0.0,-0.0008333472224570926,0.581305398871883,8.058017727639034e-05
96275,19.770329505491755,0.580983078162772,560,681,1241,0.0,-0.0008333472224535399,0.5813859790491595,8.058017727639034e-05
96276,19.769496158269302,0.580177276390008,560,681,1241,-0.0008058017727639033,-0.0008333472224535399,0.5812248186946067,-0.00016116035455278067
96277,19.76866281104685,0.580177276390008,560,681,1241,0.0,-0.0008333472224535399,0.5810636583400539,-0.00016116035455278067
96278,19.767829463824395,0.580983078162772,560,681,1241,0.0008058017727639033,-0.0008333472224535399,0.5809830781627776,-8.058017727639034e-05
96279,19.76699611660194,0.5817888799355359,560,681,1241,0.0008058017727639033,-0.0008333472224535399,0.5809830781627776,0.0
96280,19.766162769379488,0.5817888799355359,560,681,1241,0.0,-0.0008333472224535399,0.5809830781627776,0.0
96281,19.765329422157034,0.5817888799355359,560,681,1241,0.0,-0.0008333472224535399,0.5810636583400539,8.058017727639034e-05
96282,19.76449607493458,0.580983078162772,560,681,1241,-0.0008058017727639033,-0.0008333472224535399,0.5810636583400539,0.0
96283,19.763662727712127,0.580983078162772,560,681,1241,0.0,-0.0008333472224535399,0.5810636583400539,0.0
96284,19.762829380489674,0.580177276390008,560,681,1241,-0.0008058017727639033,-0.0008333472224535399,0.5809830781627775,-8.058017727639034e-05
96285,19.76199603326722,0.580177276390008,560,681,1241,0.0,-0.0008333472224535399,0.5809024979855011,-8.058017727639034e-05
96286,19.761162686044766,0.580177276390008,560,681,1241,0.0,-0.0008333472224535399,0.5809024979855011,0.0
96287,19.760329338822313,0.580177276390008,560,681,1241,0.0,-0.0008333472224535399,0.5809024979855011,0.0
96288,19.75949599159986,0.5793714746172441,560,681,1241,-0.0008058017727639033,-0.0008333472224535399,0.5807413376309483,-0.00016116035455278067
96289,19.758662644377406,0.5793714746172441,560,681,1241,0.0,-0.0008333472224535399,0.5804995970991191,-0.00024174053182917098
96290,19.757829297154952,0.5793714746172441,560,681,1241,0.0,-0.0008333472224535399,0.58025785656729,-0.00024174053182917098
96291,19.7569959499325,0.580983078162772,560,681,1241,0.0016116035455278066,-0.0008333472224535399,0.5801772763900137,-8.058017727639034e-05
96292,19.756162602710045,0.580983078162772,560,681,1241,0.0,-0.0008333472224535399,0.5801772763900137,0.0
96293,19.75532925548759,0.580177276390008,560,681,1241,-0.0008058017727639033,-0.0008333472224535399,0.5800966962127372,-8.058017727639034e-05
96294,19.754495908265138,0.580177276390008,560,681,1241,0.0,-0.0008333472224535399,0.5800966962127372,0.0
96295,19.75366256104268,0.580983078162772,560,681,1241,0.0008058017727639033,-0.0008333472224570926,0.5801772763900137,8.058017727639034e-05
96296,19.752829213820227,0.580177276390008,560,681,1241,-0.0008058017727639033,-0.0008333472224535399,0.5801772763900137,0.0
96297,19.751995866597774,0.5793714746172441,560,681,1241,-0.0008058017727639033,-0.0008333472224535399,0.5800966962127373,-8.058017727639034e-05
96298,19.75116251937532,0.5785656728444802,560,681,1241,-0.0008058017727639033,-0.0008333472224535399,0.5800161160354609,-8.058017727639034e-05
96299,19.750329172152867,0.5785656728444802,560,681,1241,0.0,-0.0008333472224535399,0.5799355358581845,-8.058017727639034e-05
96300,19.749495824930413,0.5785656728444802,560,681,1241,0.0,-0.0008333472224535399,0.5798549556809081,-8.058017727639034e-05
96301,19.74866247770796,0.5777598710717163,560,681,1241,-0.0008058017727639033,-0.0008333472224535399,0.5795326349718024,-0.00032232070910556134
96302,19.747829130485506,0.5769540692989524,560,681,1241,-0.0008058017727639033,-0.0008333472224535399,0.5791297340854205,-0.00040290088638195165
96303,19.746995783263053,0.5769540692989524,560,681,1241,0.0,-0.0008333472224535399,0.5788074133763149,-0.00032232070910556134
96304,19.7461624360406,0.5761482675261885,560,681,1241,-0.0008058017727639033,-0.0008333472224535399,0.578404512489933,-0.00040290088638195165
96305,19.745329088818146,0.5761482675261885,560,681,1241,0.0,-0.0008333472224535399,0.5779210314262746,-0.00048348106365834196
96306,19.744495741595692,0.5745366639806607,560,681,1241,-0.0016116035455278066,-0.0008333472224535399,0.5773569701853399,-0.0005640612409347323
96307,19.74366239437324,0.5745366639806607,560,681,1241,0.0,-0.0008333472224535399,0.5768734891216816,-0.00048348106365834196
96308,19.742829047150785,0.5745366639806607,560,681,1241,0.0,-0.0008333472224535399,0.5764705882352997,-0.00040290088638195165
96309,19.74199569992833,0.5745366639806607,560,681,1241,0.0,-0.0008333472224535399,0.5760676873489178,-0.00040290088638195165
96310,19.741162352705878,0.5729250604351329,560,681,1241,-0.0016116035455278066,-0.0008333472224535399,0.5755036261079831,-0.0005640612409347323
96311,19.740329005483424,0.5737308622078968,560,681,1241,0.0008058017727639033,-0.0008333472224535399,0.5751007252216012,-0.00040290088638195165
96312,19.73949565826097,0.5737308622078968,560,681,1241,0.0,-0.0008333472224535399,0.5747784045124955,-0.00032232070910556134
96313,19.738662311038517,0.5745366639806607,560,681,1241,0.0008058017727639033,-0.0008333472224535399,0.5745366639806664,-0.00024174053182917098
96314,19.737828963816064,0.5753424657534246,560,681,1241,0.0008058017727639033,-0.0008333472224535399,0.57445608380339,-8.058017727639034e-05
96315,19.73699561659361,0.5753424657534246,560,681,1241,0.0,-0.0008333472224535399,0.5743755036261136,-8.058017727639034e-05
96316,19.736162269371153,0.5745366639806607,560,681,1241,-0.0008058017727639033,-0.0008333472224570926,0.5743755036261136,0.0
96317,19.7353289221487,0.5745366639806607,560,681,1241,0.0,-0.0008333472224535399,0.5743755036261136,0.0
96318,19.734495574926246,0.5761482675261885,560,681,1241,0.0016116035455278066,-0.0008333472224535399,0.5745366639806664,0.00016116035455278067
96319,19.733662227703793,0.5769540692989524,560,681,1241,0.0008058017727639033,-0.0008333472224535399,0.5747784045124955,0.00024174053182917098
96320,19.73282888048134,0.5769540692989524,560,681,1241,0.0,-0.0008333472224535399,0.5751813053988774,0.00040290088638195165
96321,19.731995533258885,0.5769540692989524,560,681,1241,0.0,-0.0008333472224535399,0.5755036261079829,0.00032232070910556134
96322,19.731162186036432,0.5777598710717163,560,681,1241,0.0008058017727639033,-0.0008333472224535399,0.575906526994365,0.00040290088638195165
96323,19.73032883881398,0.5777598710717163,560,681,1241,0.0,-0.0008333472224535399,0.5762288477034705,0.00032232070910556134
96324,19.729495491591525,0.5769540692989524,560,681,1241,-0.0008058017727639033,-0.0008333472224535399,0.5763900080580233,0.00016116035455278067
96325,19.72866214436907,0.5761482675261885,560,681,1241,-0.0008058017727639033,-0.0008333472224535399,0.5764705882352997,8.058017727639034e-05
96326,19.727828797146618,0.5777598710717163,560,681,1241,0.0016116035455278066,-0.0008333472224535399,0.5767929089444053,0.00032232070910556134
96327,19.726995449924164,0.5777598710717163,560,681,1241,0.0,-0.0008333472224535399,0.5771152296535108,0.00032232070910556134
96328,19.72616210270171,0.5777598710717163,560,681,1241,0.0,-0.0008333472224535399,0.5772763900080636,0.00016116035455278067
96329,19.725328755479257,0.5785656728444802,560,681,1241,0.0008058017727639033,-0.0008333472224535399,0.5774375503626163,0.00016116035455278067
96330,19.724495408256804,0.5777598710717163,560,681,1241,-0.0008058017727639033,-0.0008333472224535399,0.5775181305398929,8.058017727639034e-05
96331,19.72366206103435,0.5777598710717163,560,681,1241,0.0,-0.0008333472224535399,0.5775987107171693,8.058017727639034e-05
96332,19.722828713811897,0.5777598710717163,560,681,1241,0.0,-0.0008333472224535399,0.5775987107171693,0.0
96333,19.721995366589443,0.5777598710717163,560,681,1241,0.0,-0.0008333472224535399,0.5775987107171693,0.0
96334,19.72116201936699,0.5777598710717163,560,681,1241,0.0,-0.0008333472224535399,0.5776792908944457,8.058017727639034e-05
96335,19.720328672144536,0.5777598710717163,560,681,1241,0.0,-0.0008333472224535399,0.5778404512489985,0.00016116035455278067
96336,19.719495324922082,0.5785656728444802,560,681,1241,0.0008058017727639033,-0.0008333472224535399,0.5779210314262748,8.058017727639034e-05
96337,19.71866197769963,0.5793714746172441,560,681,1241,0.0008058017727639033,-0.0008333472224535399,0.5780821917808276,0.00016116035455278067
96338,19.71782863047717,0.5793714746172441,560,681,1241,0.0,-0.0008333472224570926,0.5782433521353804,0.00016116035455278067
96339,19.716995283254718,0.5785656728444802,560,681,1241,-0.0008058017727639033,-0.0008333472224535399,0.5782433521353804,0.0
96340,19.716161936032265,0.5793714746172441,560,681,1241,0.0008058017727639033,-0.0008333472224535399,0.5784045124899332,0.00016116035455278067
96341,19.71532858880981,0.5793714746172441,560,681,1241,0.0,-0.0008333472224535399,0.5785656728444859,0.00016116035455278067
96342,19.714495241587358,0.5793714746172441,560,681,1241,0.0,-0.0008333472224535399,0.5787268331990387,0.00016116035455278067
96343,19.713661894364904,0.5793714746172441,560,681,1241,0.0,-0.0008333472224535399,0.5788879935535916,0.00016116035455278067
96344,19.71282854714245,0.5793714746172441,560,681,1241,0.0,-0.0008333472224535399,0.5790491539081443,0.00016116035455278067
96345,19.711995199919997,0.580177276390008,560,681,1241,0.0008058017727639033,-0.0008333472224535399,0.5792908944399734,0.00024174053182917098
96346,19.711161852697543,0.580177276390008,560,681,1241,0.0,-0.0008333472224535399,0.5794520547945262,0.00016116035455278067
96347,19.71032850547509,0.580177276390008,560,681,1241,0.0,-0.0008333472224535399,0.5795326349718025,8.058017727639034e-05
96348,19.709495158252636,0.5793714746172441,560,681,1241,-0.0008058017727639033,-0.0008333472224535399,0.5795326349718025,0.0
96349,19.708661811030183,0.5793714746172441,560,681,1241,0.0,-0.0008333472224535399,0.5796132151490789,8.058017727639034e-05
96350,19.70782846380773,0.5793714746172441,560,681,1241,0.0,-0.0008333472224535399,0.5796132151490789,0.0
96351,19.706995116585276,0.5793714746172441,560,681,1241,0.0,-0.0008333472224535399,0.5796132151490789,0.0
96352,19.706161769362822,0.580177276390008,560,681,1241,0.0008058017727639033,-0.0008333472224535399,0.5796937953263553,8.058017727639034e-05
96353,19.70532842214037,0.580177276390008,560,681,1241,0.0,-0.0008333472224535399,0.5797743755036316,8.058017727639034e-05
96354,19.704495074917915,0.580177276390008,560,681,1241,0.0,-0.0008333472224535399,0.5798549556809081,8.058017727639034e-05
96355,19.70366172769546,0.5793714746172441,560,681,1241,-0.0008058017727639033,-0.0008333472224535399,0.5797743755036316,-8.058017727639034e-05
96356,19.702828380473008,0.5793714746172441,560,681,1241,0.0,-0.0008333472224535399,0.5796937953263553,-8.058017727639034e-05
96357,19.701995033250554,0.5793714746172441,560,681,1241,0.0,-0.0008333472224535399,0.5796132151490789,-8.058017727639034e-05
96358,19.7011616860281,0.580177276390008,560,681,1241,0.0008058017727639033,-0.0008333472224535399,0.5796937953263553,8.058017727639034e-05
96359,19.700328338805644,0.580177276390008,560,681,1241,0.0,-0.0008333472224570926,0.5797743755036316,8.058017727639034e-05
96360,19.69949499158319,0.580983078162772,560,681,1241,0.0008058017727639033,-0.0008333472224535399,0.5799355358581845,0.00016116035455278067
96361,19.698661644360737,0.580177276390008,560,681,1241,-0.0008058017727639033,-0.0008333472224535399,0.5800161160354608,8.058017727639034e-05
96362,19.697828297138283,0.580177276390008,560,681,1241,0.0,-0.0008333472224535399,0.5800161160354608,0.0
96363,19.69699494991583,0.5793714746172441,560,681,1241,-0.0008058017727639033,-0.0008333472224535399,0.5799355358581845,-8.058017727639034e-05
96364,19.696161602693376,0.5793714746172441,560,681,1241,0.0,-0.0008333472224535399,0.5798549556809081,-8.058017727639034e-05
96365,19.695328255470923,0.5793714746172441,560,681,1241,0.0,-0.0008333472224535399,0.5798549556809081,0.0
96366,19.69449490824847,0.5785656728444802,560,681,1241,-0.0008058017727639033,-0.0008333472224535399,0.5797743755036316,-8.058017727639034e-05
96367,19.693661561026016,0.5785656728444802,560,681,1241,0.0,-0.0008333472224535399,0.5796937953263552,-8.058017727639034e-05
96368,19.692828213803562,0.5785656728444802,560,681,1241,0.0,-0.0008333472224535399,0.5795326349718024,-0.00016116035455278067
96369,19.69199486658111,0.5785656728444802,560,681,1241,0.0,-0.0008333472224535399,0.5793714746172497,-0.00016116035455278067
96370,19.691161519358655,0.5785656728444802,560,681,1241,0.0,-0.0008333472224535399,0.5791297340854205,-0.00024174053182917098
96371,19.6903281721362,0.5785656728444802,560,681,1241,0.0,-0.0008333472224535399,0.5789685737308676,-0.00016116035455278067
96372,19.689494824913748,0.5785656728444802,560,681,1241,0.0,-0.0008333472224535399,0.5788074133763149,-0.00016116035455278067
96373,19.688661477691294,0.5785656728444802,560,681,1241,0.0,-0.0008333472224535399,0.5787268331990385,-8.058017727639034e-05
96374,19.68782813046884,0.5785656728444802,560,681,1241,0.0,-0.0008333472224535399,0.578646253021762,-8.058017727639034e-05
96375,19.686994783246387,0.5785656728444802,560,681,1241,0.0,-0.0008333472224535399,0.5785656728444856,-8.058017727639034e-05
96376,19.686161436023934,0.5785656728444802,560,681,1241,0.0,-0.0008333472224535399,0.5785656728444856,0.0
96377,19.68532808880148,0.5785656728444802,560,681,1241,0.0,-0.0008333472224535399,0.5785656728444856,0.0
96378,19.684494741579027,0.5785656728444802,560,681,1241,0.0,-0.0008333472224535399,0.5785656728444856,0.0
96379,19.683661394356573,0.5785656728444802,560,681,1241,0.0,-0.0008333472224535399,0.5785656728444856,0.0
96380,19.682828047134116,0.5785656728444802,560,681,1241,0.0,-0.0008333472224570926,0.5785656728444856,0.0
96381,19.681994699911662,0.5785656728444802,560,681,1241,0.0,-0.0008333472224535399,0.5785656728444856,0.0
96382,19.68116135268921,0.5777598710717163,560,681,1241,-0.0008058017727639033,-0.0008333472224535399,0.5784850926672093,-8.058017727639034e-05
96383,19.680328005466755,0.5777598710717163,560,681,1241,0.0,-0.0008333472224535399,0.5784045124899329,-8.058017727639034e-05
96384,19.6794946582443,0.5777598710717163,560,681,1241,0.0,-0.0008333472224535399,0.5783239323126566,-8.058017727639034e-05
96385,19.67866131102185,0.5777598710717163,560,681,1241,0.0,-0.0008333472224535399,0.5782433521353803,-8.058017727639034e-05
96386,19.677827963799395,0.5777598710717163,560,681,1241,0.0,-0.0008333472224535399,0.5781627719581038,-8.058017727639034e-05
96387,19.67699461657694,0.5777598710717163,560,681,1241,0.0,-0.0008333472224535399,0.5780821917808275,-8.058017727639034e-05
96388,19.676161269354488,0.5777598710717163,560,681,1241,0.0,-0.0008333472224535399,0.5780016116035511,-8.058017727639034e-05
96389,19.675327922132034,0.5777598710717163,560,681,1241,0.0,-0.0008333472224535399,0.5779210314262748,-8.058017727639034e-05
96390,19.67449457490958,0.5777598710717163,560,681,1241,0.0,-0.0008333472224535399,0.5778404512489985,-8.058017727639034e-05
96391,19.673661227687127,0.5777598710717163,560,681,1241,0.0,-0.0008333472224535399,0.5777598710717221,-8.058017727639034e-05
96392,19.672827880464673,0.5777598710717163,560,681,1241,0.0,-0.0008333472224535399,0.5777598710717221,0.0
96393,19.67199453324222,0.5777598710717163,560,681,1241,0.0,-0.0008333472224535399,0.5777598710717221,0.0
96394,19.671161186019766,0.5777598710717163,560,681,1241,0.0,-0.0008333472224535399,0.5777598710717221,0.0
96395,19.670327838797313,0.5777598710717163,560,681,1241,0.0,-0.0008333472224535399,0.5777598710717221,0.0
96396,19.66949449157486,0.5777598710717163,560,681,1241,0.0,-0.0008333472224535399,0.5777598710717221,0.0
96397,19.668661144352406,0.5777598710717163,560,681,1241,0.0,-0.0008333472224535399,0.5777598710717221,0.0
96398,19.667827797129952,0.5777598710717163,560,681,1241,0.0,-0.0008333472224535399,0.5777598710717221,0.0
96399,19.6669944499075,0.5777598710717163,560,681,1241,0.0,-0.0008333472224535399,0.5777598710717221,0.0
96400,19.666161102685045,0.5785656728444802,560,681,1241,0.0008058017727639033,-0.0008333472224535399,0.5778404512489985,8.058017727639034e-05
96401,19.665327755462588,0.5785656728444802,560,681,1241,0.0,-0.0008333472224570926,0.5779210314262748,8.058017727639034e-05
96402,19.664494408240135,0.5785656728444802,560,681,1241,0.0,-0.0008333472224535399,0.5780016116035511,8.058017727639034e-05
96403,19.66366106101768,0.5785656728444802,560,681,1241,0.0,-0.0008333472224535399,0.5780821917808275,8.058017727639034e-05
96404,19.662827713795227,0.5785656728444802,560,681,1241,0.0,-0.0008333472224535399,0.5781627719581038,8.058017727639034e-05
96405,19.661994366572774,0.5793714746172441,560,681,1241,0.0008058017727639033,-0.0008333472224535399,0.5783239323126567,0.00016116035455278067
96406,19.66116101935032,0.5793714746172441,560,681,1241,0.0,-0.0008333472224535399,0.5784850926672094,0.00016116035455278067
96407,19.660327672127867,0.5793714746172441,560,681,1241,0.0,-0.0008333472224535399,0.5786462530217622,0.00016116035455278067
96408,19.659494324905413,0.5793714746172441,560,681,1241,0.0,-0.0008333472224535399,0.578807413376315,0.00016116035455278067
96409,19.65866097768296,0.5793714746172441,560,681,1241,0.0,-0.0008333472224535399,0.5789685737308677,0.00016116035455278067
96410,19.657827630460506,0.5793714746172441,560,681,1241,0.0,-0.0008333472224535399,0.5790491539081442,8.058017727639034e-05
96411,19.656994283238053,0.5793714746172441,560,681,1241,0.0,-0.0008333472224535399,0.5791297340854207,8.058017727639034e-05
96412,19.6561609360156,0.5793714746172441,560,681,1241,0.0,-0.0008333472224535399,0.5792103142626971,8.058017727639034e-05
96413,19.655327588793146,0.5793714746172441,560,681,1241,0.0,-0.0008333472224535399,0.5792908944399735,8.058017727639034e-05
96414,19.654494241570692,0.5793714746172441,560,681,1241,0.0,-0.0008333472224535399,0.5793714746172499,8.058017727639034e-05
96415,19.65366089434824,0.5793714746172441,560,681,1241,0.0,-0.0008333472224535399,0.5793714746172499,0.0
96416,19.652827547125785,0.5793714746172441,560,681,1241,0.0,-0.0008333472224535399,0.5793714746172499,0.0
96417,19.65199419990333,0.5777598710717163,560,681,1241,-0.0016116035455278066,-0.0008333472224535399,0.5792103142626972,-0.00016116035455278067
96418,19.651160852680878,0.5777598710717163,560,681,1241,0.0,-0.0008333472224535399,0.5790491539081444,-0.00016116035455278067
96419,19.650327505458424,0.5785656728444802,560,681,1241,0.0008058017727639033,-0.0008333472224535399,0.578968573730868,-8.058017727639034e-05
96420,19.64949415823597,0.5793714746172441,560,681,1241,0.0008058017727639033,-0.0008333472224535399,0.578968573730868,0.0
96421,19.648660811013517,0.580177276390008,560,681,1241,0.0008058017727639033,-0.0008333472224535399,0.5790491539081443,8.058017727639034e-05
96422,19.64782746379106,0.580177276390008,560,681,1241,0.0,-0.0008333472224570926,0.5791297340854207,8.058017727639034e-05
96423,19.646994116568607,0.580177276390008,560,681,1241,0.0,-0.0008333472224535399,0.579210314262697,8.058017727639034e-05
96424,19.646160769346153,0.580177276390008,560,681,1241,0.0,-0.0008333472224535399,0.5792908944399733,8.058017727639034e-05
96425,19.6453274221237,0.5793714746172441,560,681,1241,-0.0008058017727639033,-0.0008333472224535399,0.5792908944399733,0.0
96426,19.644494074901246,0.5793714746172441,560,681,1241,0.0,-0.0008333472224535399,0.5792908944399733,0.0
96427,19.643660727678792,0.5793714746172441,560,681,1241,0.0,-0.0008333472224535399,0.5794520547945261,0.00016116035455278067
96428,19.64282738045634,0.5817888799355359,560,681,1241,0.00241740531829171,-0.0008333472224535399,0.5798549556809081,0.00040290088638195165
96429,19.641994033233885,0.5825946817082998,560,681,1241,0.0008058017727639033,-0.0008333472224535399,0.58025785656729,0.00040290088638195165
96430,19.641160686011432,0.5817888799355359,560,681,1241,-0.0008058017727639033,-0.0008333472224535399,0.5804995970991191,0.00024174053182917098
96431,19.64032733878898,0.5817888799355359,560,681,1241,0.0,-0.0008333472224535399,0.580660757453672,0.00016116035455278067
96432,19.639493991566525,0.5817888799355359,560,681,1241,0.0,-0.0008333472224535399,0.5808219178082247,0.00016116035455278067
96433,19.63866064434407,0.5825946817082998,560,681,1241,0.0008058017727639033,-0.0008333472224535399,0.5810636583400539,0.00024174053182917098
96434,19.637827297121618,0.5825946817082998,560,681,1241,0.0,-0.0008333472224535399,0.5813053988718831,0.00024174053182917098
96435,19.636993949899164,0.5825946817082998,560,681,1241,0.0,-0.0008333472224535399,0.5816277195809887,0.00032232070910556134
96436,19.63616060267671,0.5825946817082998,560,681,1241,0.0,-0.0008333472224535399,0.5819500402900942,0.00032232070910556134
96437,19.635327255454257,0.5825946817082998,560,681,1241,0.0,-0.0008333472224535399,0.5822723609991998,0.00032232070910556134
96438,19.634493908231804,0.5825946817082998,560,681,1241,0.0,-0.0008333472224535399,0.5823529411764763,8.058017727639034e-05
96439,19.63366056100935,0.580983078162772,560,681,1241,-0.0016116035455278066,-0.0008333472224535399,0.5821917808219235,-0.00016116035455278067
96440,19.632827213786896,0.580983078162772,560,681,1241,0.0,-0.0008333472224535399,0.5821112006446472,-8.058017727639034e-05
96441,19.631993866564443,0.580177276390008,560,681,1241,-0.0008058017727639033,-0.0008333472224535399,0.5819500402900943,-0.00016116035455278067
96442,19.63116051934199,0.580177276390008,560,681,1241,0.0,-0.0008333472224535399,0.5817888799355415,-0.00016116035455278067
96443,19.630327172119536,0.580177276390008,560,681,1241,0.0,-0.0008333472224535399,0.5815471394037124,-0.00024174053182917098
96444,19.62949382489708,0.5785656728444802,560,681,1241,-0.0016116035455278066,-0.0008333472224570926,0.5811442385173303,-0.00040290088638195165
96445,19.628660477674625,0.5785656728444802,560,681,1241,0.0,-0.0008333472224535399,0.5807413376309484,-0.00040290088638195165
96446,19.62782713045217,0.5785656728444802,560,681,1241,0.0,-0.0008333472224535399,0.5803384367445663,-0.00040290088638195165
96447,19.626993783229718,0.5785656728444802,560,681,1241,0.0,-0.0008333472224535399,0.5799355358581844,-0.00040290088638195165
96448,19.626160436007265,0.5777598710717163,560,681,1241,-0.0008058017727639033,-0.0008333472224535399,0.579452054794526,-0.00048348106365834196
96449,19.62532708878481,0.5777598710717163,560,681,1241,0.0,-0.0008333472224535399,0.5791297340854205,-0.00032232070910556134
96450,19.624493741562357,0.5777598710717163,560,681,1241,0.0,-0.0008333472224535399,0.5788074133763149,-0.00032232070910556134
96451,19.623660394339904,0.5777598710717163,560,681,1241,0.0,-0.0008333472224535399,0.5785656728444858,-0.00024174053182917098
96452,19.62282704711745,0.5777598710717163,560,681,1241,0.0,-0.0008333472224535399,0.5783239323126567,-0.00024174053182917098
96453,19.621993699894997,0.5777598710717163,560,681,1241,0.0,-0.0008333472224535399,0.5780821917808275,-0.00024174053182917098
96454,19.621160352672543,0.5777598710717163,560,681,1241,0.0,-0.0008333472224535399,0.5780016116035511,-8.058017727639034e-05
96455,19.62032700545009,0.5777598710717163,560,681,1241,0.0,-0.0008333472224535399,0.5779210314262748,-8.058017727639034e-05
96456,19.619493658227636,0.5777598710717163,560,681,1241,0.0,-0.0008333472224535399,0.5778404512489985,-8.058017727639034e-05
96457,19.618660311005183,0.5769540692989524,560,681,1241,-0.0008058017727639033,-0.0008333472224535399,0.5776792908944457,-0.00016116035455278067
96458,19.61782696378273,0.5777598710717163,560,681,1241,0.0008058017727639033,-0.0008333472224535399,0.5776792908944457,0.0
96459,19.616993616560276,0.5785656728444802,560,681,1241,0.0008058017727639033,-0.0008333472224535399,0.577759871071722,8.058017727639034e-05
96460,19.616160269337822,0.580177276390008,560,681,1241,0.0016116035455278066,-0.0008333472224535399,0.5780016116035511,0.00024174053182917098
96461,19.61532692211537,0.580177276390008,560,681,1241,0.0,-0.0008333472224535399,0.5782433521353803,0.00024174053182917098
96462,19.614493574892915,0.580177276390008,560,681,1241,0.0,-0.0008333472224535399,0.5784850926672094,0.00024174053182917098
96463,19.61366022767046,0.580177276390008,560,681,1241,0.0,-0.0008333472224535399,0.5787268331990385,0.00024174053182917098
96464,19.612826880448008,0.580177276390008,560,681,1241,0.0,-0.0008333472224535399,0.5789685737308676,0.00024174053182917098
96465,19.61199353322555,0.580177276390008,560,681,1241,0.0,-0.0008333472224570926,0.5792103142626968,0.00024174053182917098
96466,19.611160186003097,0.580177276390008,560,681,1241,0.0,-0.0008333472224535399,0.5794520547945259,0.00024174053182917098
96467,19.610326838780644,0.580983078162772,560,681,1241,0.0008058017727639033,-0.0008333472224535399,0.579854955680908,0.00040290088638195165
96468,19.60949349155819,0.580177276390008,560,681,1241,-0.0008058017727639033,-0.0008333472224535399,0.5800966962127371,0.00024174053182917098
96469,19.608660144335737,0.580177276390008,560,681,1241,0.0,-0.0008333472224535399,0.5802578565672898,0.00016116035455278067
96470,19.607826797113283,0.580177276390008,560,681,1241,0.0,-0.0008333472224535399,0.5802578565672898,0.0
96471,19.60699344989083,0.580177276390008,560,681,1241,0.0,-0.0008333472224535399,0.5802578565672898,0.0
96472,19.606160102668376,0.580177276390008,560,681,1241,0.0,-0.0008333472224535399,0.5802578565672898,0.0
96473,19.605326755445923,0.580177276390008,560,681,1241,0.0,-0.0008333472224535399,0.5802578565672898,0.0
96474,19.60449340822347,0.580177276390008,560,681,1241,0.0,-0.0008333472224535399,0.5802578565672898,0.0
96475,19.603660061001015,0.580983078162772,560,681,1241,0.0008058017727639033,-0.0008333472224535399,0.5803384367445663,8.058017727639034e-05
96476,19.602826713778562,0.580983078162772,560,681,1241,0.0,-0.0008333472224535399,0.5804190169218427,8.058017727639034e-05
96477,19.60199336655611,0.580983078162772,560,681,1241,0.0,-0.0008333472224535399,0.5804190169218427,0.0
96478,19.601160019333655,0.580983078162772,560,681,1241,0.0,-0.0008333472224535399,0.5804995970991191,8.058017727639034e-05
96479,19.6003266721112,0.580983078162772,560,681,1241,0.0,-0.0008333472224535399,0.5805801772763955,8.058017727639034e-05
96480,19.599493324888748,0.580983078162772,560,681,1241,0.0,-0.0008333472224535399,0.580660757453672,8.058017727639034e-05
96481,19.598659977666294,0.580177276390008,560,681,1241,-0.0008058017727639033,-0.0008333472224535399,0.580660757453672,0.0
96482,19.59782663044384,0.580983078162772,560,681,1241,0.0008058017727639033,-0.0008333472224535399,0.5807413376309485,8.058017727639034e-05
96483,19.596993283221387,0.580177276390008,560,681,1241,-0.0008058017727639033,-0.0008333472224535399,0.5807413376309485,0.0
96484,19.596159935998934,0.5793714746172441,560,681,1241,-0.0008058017727639033,-0.0008333472224535399,0.5806607574536721,-8.058017727639034e-05
96485,19.59532658877648,0.5793714746172441,560,681,1241,0.0,-0.0008333472224535399,0.5804995970991194,-0.00016116035455278067
96486,19.594493241554023,0.580177276390008,560,681,1241,0.0008058017727639033,-0.0008333472224570926,0.5804190169218428,-8.058017727639034e-05
96487,19.59365989433157,0.580983078162772,560,681,1241,0.0008058017727639033,-0.0008333472224535399,0.5804190169218428,0.0
96488,19.592826547109116,0.5817888799355359,560,681,1241,0.0008058017727639033,-0.0008333472224535399,0.5804995970991192,8.058017727639034e-05
96489,19.591993199886662,0.5817888799355359,560,681,1241,0.0,-0.0008333472224535399,0.5805801772763955,8.058017727639034e-05
96490,19.59115985266421,0.580983078162772,560,681,1241,-0.0008058017727639033,-0.0008333472224535399,0.5805801772763955,0.0
96491,19.590326505441755,0.580983078162772,560,681,1241,0.0,-0.0008333472224535399,0.580660757453672,8.058017727639034e-05
96492,19.5894931582193,0.5817888799355359,560,681,1241,0.0008058017727639033,-0.0008333472224535399,0.5807413376309484,8.058017727639034e-05
96493,19.588659810996848,0.580983078162772,560,681,1241,-0.0008058017727639033,-0.0008333472224535399,0.5808219178082248,8.058017727639034e-05
96494,19.587826463774395,0.580177276390008,560,681,1241,-0.0008058017727639033,-0.0008333472224535399,0.5809024979855011,8.058017727639034e-05
96495,19.58699311655194,0.580177276390008,560,681,1241,0.0,-0.0008333472224535399,0.5809830781627775,8.058017727639034e-05
96496,19.586159769329488,0.580177276390008,560,681,1241,0.0,-0.0008333472224535399,0.5809830781627775,0.0
96497,19.585326422107034,0.580983078162772,560,681,1241,0.0008058017727639033,-0.0008333472224535399,0.5809830781627775,0.0
96498,19.58449307488458,0.580983078162772,560,681,1241,0.0,-0.0008333472224535399,0.5809024979855011,-8.058017727639034e-05
96499,19.583659727662127,0.580983078162772,560,681,1241,0.0,-0.0008333472224535399,0.5808219178082248,-8.058017727639034e-05
96500,19.582826380439673,0.580983078162772,560,681,1241,0.0,-0.0008333472224535399,0.5808219178082248,0.0
96501,19.58199303321722,0.580983078162772,560,681,1241,0.0,-0.0008333472224535399,0.5808219178082248,0.0
96502,19.581159685994766,0.580983078162772,560,681,1241,0.0,-0.0008333472224535399,0.5807413376309485,-8.058017727639034e-05
96503,19.580326338772313,0.5817888799355359,560,681,1241,0.0008058017727639033,-0.0008333472224535399,0.5808219178082248,8.058017727639034e-05
96504,19.57949299154986,0.5817888799355359,560,681,1241,0.0,-0.0008333472224535399,0.5809830781627776,0.00016116035455278067
96505,19.578659644327406,0.5817888799355359,560,681,1241,0.0,-0.0008333472224535399,0.5811442385173303,0.00016116035455278067
96506,19.577826297104952,0.5817888799355359,560,681,1241,0.0,-0.0008333472224535399,0.5813053988718831,0.00016116035455278067
96507,19.576992949882495,0.5817888799355359,560,681,1241,0.0,-0.0008333472224570926,0.5813859790491595,8.058017727639034e-05
96508,19.57615960266004,0.5817888799355359,560,681,1241,0.0,-0.0008333472224535399,0.5814665592264359,8.058017727639034e-05
96509,19.575326255437588,0.5825946817082998,560,681,1241,0.0008058017727639033,-0.0008333472224535399,0.5816277195809886,0.00016116035455278067
96510,19.574492908215134,0.5825946817082998,560,681,1241,0.0,-0.0008333472224535399,0.5817888799355414,0.00016116035455278067
96511,19.57365956099268,0.5834004834810637,560,681,1241,0.0008058017727639033,-0.0008333472224535399,0.5820306204673705,0.00024174053182917098
96512,19.572826213770227,0.5834004834810637,560,681,1241,0.0,-0.0008333472224535399,0.5822723609991997,0.00024174053182917098
96513,19.571992866547774,0.5834004834810637,560,681,1241,0.0,-0.0008333472224535399,0.5824335213537524,0.00016116035455278067
96514,19.57115951932532,0.5825946817082998,560,681,1241,-0.0008058017727639033,-0.0008333472224535399,0.5825141015310289,8.058017727639034e-05
96515,19.570326172102867,0.5825946817082998,560,681,1241,0.0,-0.0008333472224535399,0.5825946817083053,8.058017727639034e-05
96516,19.569492824880413,0.5817888799355359,560,681,1241,-0.0008058017727639033,-0.0008333472224535399,0.5825946817083053,0.0
96517,19.56865947765796,0.5817888799355359,560,681,1241,0.0,-0.0008333472224535399,0.5825946817083053,0.0
96518,19.567826130435506,0.5817888799355359,560,681,1241,0.0,-0.0008333472224535399,0.5825946817083053,0.0
96519,19.566992783213053,0.5817888799355359,560,681,1241,0.0,-0.0008333472224535399,0.5825141015310289,-8.058017727639034e-05
96520,19.5661594359906,0.5817888799355359,560,681,1241,0.0,-0.0008333472224535399,0.5824335213537524,-8.058017727639034e-05
96521,19.565326088768145,0.5817888799355359,560,681,1241,0.0,-0.0008333472224535399,0.5822723609991997,-0.00016116035455278067
96522,19.564492741545692,0.5817888799355359,560,681,1241,0.0,-0.0008333472224535399,0.5821112006446468,-0.00016116035455278067
96523,19.56365939432324,0.580983078162772,560,681,1241,-0.0008058017727639033,-0.0008333472224535399,0.5818694601128177,-0.00024174053182917098
96524,19.562826047100785,0.580983078162772,560,681,1241,0.0,-0.0008333472224535399,0.581708299758265,-0.00016116035455278067
96525,19.56199269987833,0.580983078162772,560,681,1241,0.0,-0.0008333472224535399,0.5815471394037122,-0.00016116035455278067
96526,19.561159352655878,0.580983078162772,560,681,1241,0.0,-0.0008333472224535399,0.5814665592264359,-8.058017727639034e-05
96527,19.560326005433424,0.580983078162772,560,681,1241,0.0,-0.0008333472224535399,0.5813859790491595,-8.058017727639034e-05
96528,19.559492658210967,0.580983078162772,560,681,1241,0.0,-0.0008333472224570926,0.5813053988718831,-8.058017727639034e-05
96529,19.558659310988514,0.580983078162772,560,681,1241,0.0,-0.0008333472224535399,0.5812248186946067,-8.058017727639034e-05
96530,19.55782596376606,0.5817888799355359,560,681,1241,0.0008058017727639033,-0.0008333472224535399,0.5812248186946067,0.0
96531,19.556992616543607,0.5817888799355359,560,681,1241,0.0,-0.0008333472224535399,0.5812248186946067,0.0
96532,19.556159269321153,0.5817888799355359,560,681,1241,0.0,-0.0008333472224535399,0.5812248186946067,0.0
96533,19.5553259220987,0.5817888799355359,560,681,1241,0.0,-0.0008333472224535399,0.5813053988718831,8.058017727639034e-05
96534,19.554492574876246,0.5817888799355359,560,681,1241,0.0,-0.0008333472224535399,0.5813859790491595,8.058017727639034e-05
96535,19.553659227653792,0.5817888799355359,560,681,1241,0.0,-0.0008333472224535399,0.5814665592264359,8.058017727639034e-05
96536,19.55282588043134,0.5817888799355359,560,681,1241,0.0,-0.0008333472224535399,0.5815471394037122,8.058017727639034e-05
96537,19.551992533208885,0.5817888799355359,560,681,1241,0.0,-0.0008333472224535399,0.5816277195809885,8.058017727639034e-05
96538,19.55115918598643,0.5817888799355359,560,681,1241,0.0,-0.0008333472224535399,0.5817082997582649,8.058017727639034e-05
96539,19.55032583876398,0.5825946817082998,560,681,1241,0.0008058017727639033,-0.0008333472224535399,0.5818694601128176,0.00016116035455278067
96540,19.549492491541525,0.5825946817082998,560,681,1241,0.0,-0.0008333472224535399,0.5819500402900941,8.058017727639034e-05
96541,19.54865914431907,0.5825946817082998,560,681,1241,0.0,-0.0008333472224535399,0.5820306204673705,8.058017727639034e-05
96542,19.547825797096618,0.5825946817082998,560,681,1241,0.0,-0.0008333472224535399,0.5821112006446469,8.058017727639034e-05
96543,19.546992449874164,0.5825946817082998,560,681,1241,0.0,-0.0008333472224535399,0.5821917808219234,8.058017727639034e-05
96544,19.54615910265171,0.580983078162772,560,681,1241,-0.0016116035455278066,-0.0008333472224535399,0.582111200644647,-8.058017727639034e-05
96545,19.545325755429257,0.580983078162772,560,681,1241,0.0,-0.0008333472224535399,0.5820306204673706,-8.058017727639034e-05
96546,19.544492408206803,0.580983078162772,560,681,1241,0.0,-0.0008333472224535399,0.5819500402900943,-8.058017727639034e-05
96547,19.54365906098435,0.580983078162772,560,681,1241,0.0,-0.0008333472224535399,0.581869460112818,-8.058017727639034e-05
96548,19.542825713761896,0.580983078162772,560,681,1241,0.0,-0.0008333472224535399,0.5817888799355416,-8.058017727639034e-05
96549,19.54199236653944,0.580983078162772,560,681,1241,0.0,-0.0008333472224570926,0.5816277195809889,-0.00016116035455278067
96550,19.541159019316986,0.580177276390008,560,681,1241,-0.0008058017727639033,-0.0008333472224535399,0.5813859790491597,-0.00024174053182917098
96551,19.540325672094532,0.580177276390008,560,681,1241,0.0,-0.0008333472224535399,0.5811442385173304,-0.00024174053182917098
96552,19.53949232487208,0.580177276390008,560,681,1241,0.0,-0.0008333472224535399,0.5809024979855012,-0.00024174053182917098
96553,19.538658977649625,0.580177276390008,560,681,1241,0.0,-0.0008333472224535399,0.580660757453672,-0.00024174053182917098
96554,19.53782563042717,0.580177276390008,560,681,1241,0.0,-0.0008333472224535399,0.5805801772763955,-8.058017727639034e-05
96555,19.536992283204718,0.580983078162772,560,681,1241,0.0008058017727639033,-0.0008333472224535399,0.5805801772763955,0.0
96556,19.536158935982264,0.580983078162772,560,681,1241,0.0,-0.0008333472224535399,0.5805801772763955,0.0
96557,19.53532558875981,0.580983078162772,560,681,1241,0.0,-0.0008333472224535399,0.5805801772763955,0.0
96558,19.534492241537357,0.5825946817082998,560,681,1241,0.0016116035455278066,-0.0008333472224535399,0.5807413376309484,0.00016116035455278067
96559,19.533658894314904,0.5825946817082998,560,681,1241,0.0,-0.0008333472224535399,0.5809024979855011,0.00016116035455278067
96560,19.53282554709245,0.5825946817082998,560,681,1241,0.0,-0.0008333472224535399,0.5811442385173303,0.00024174053182917098
96561,19.531992199869997,0.5817888799355359,560,681,1241,-0.0008058017727639033,-0.0008333472224535399,0.5813053988718831,0.00016116035455278067
96562,19.531158852647543,0.5817888799355359,560,681,1241,0.0,-0.0008333472224535399,0.5814665592264359,0.00016116035455278067
96563,19.53032550542509,0.5817888799355359,560,681,1241,0.0,-0.0008333472224535399,0.5816277195809887,0.00016116035455278067
96564,19.529492158202636,0.5825946817082998,560,681,1241,0.0008058017727639033,-0.0008333472224535399,0.5818694601128179,0.00024174053182917098
96565,19.528658810980183,0.5825946817082998,560,681,1241,0.0,-0.0008333472224535399,0.5820306204673706,0.00016116035455278067
96566,19.52782546375773,0.5825946817082998,560,681,1241,0.0,-0.0008333472224535399,0.5821917808219235,0.00016116035455278067
96567,19.526992116535276,0.5817888799355359,560,681,1241,-0.0008058017727639033,-0.0008333472224535399,0.5822723609991998,8.058017727639034e-05
96568,19.526158769312822,0.580983078162772,560,681,1241,-0.0008058017727639033,-0.0008333472224535399,0.582111200644647,-0.00016116035455278067
96569,19.52532542209037,0.580983078162772,560,681,1241,0.0,-0.0008333472224535399,0.5819500402900942,-0.00016116035455278067
96570,19.524492074867915,0.580177276390008,560,681,1241,-0.0008058017727639033,-0.0008333472224535399,0.581708299758265,-0.00024174053182917098
96571,19.523658727645458,0.580177276390008,560,681,1241,0.0,-0.0008333472224570926,0.5815471394037123,-0.00016116035455278067
96572,19.522825380423004,0.5793714746172441,560,681,1241,-0.0008058017727639033,-0.0008333472224535399,0.5813053988718831,-0.00024174053182917098
96573,19.52199203320055,0.5793714746172441,560,681,1241,0.0,-0.0008333472224535399,0.581063658340054,-0.00024174053182917098
96574,19.521158685978097,0.5793714746172441,560,681,1241,0.0,-0.0008333472224535399,0.5807413376309485,-0.00032232070910556134
96575,19.520325338755644,0.5793714746172441,560,681,1241,0.0,-0.0008333472224535399,0.5804190169218428,-0.00032232070910556134
96576,19.51949199153319,0.5793714746172441,560,681,1241,0.0,-0.0008333472224535399,0.5800966962127373,-0.00032232070910556134
96577,19.518658644310737,0.580177276390008,560,681,1241,0.0008058017727639033,-0.0008333472224535399,0.5799355358581846,-0.00016116035455278067
96578,19.517825297088283,0.580177276390008,560,681,1241,0.0,-0.0008333472224535399,0.5798549556809081,-8.058017727639034e-05
96579,19.51699194986583,0.580983078162772,560,681,1241,0.0008058017727639033,-0.0008333472224535399,0.5798549556809081,0.0
96580,19.516158602643376,0.580983078162772,560,681,1241,0.0,-0.0008333472224535399,0.5799355358581846,8.058017727639034e-05
96581,19.515325255420922,0.580983078162772,560,681,1241,0.0,-0.0008333472224535399,0.580016116035461,8.058017727639034e-05
96582,19.51449190819847,0.580983078162772,560,681,1241,0.0,-0.0008333472224535399,0.5801772763900137,0.00016116035455278067
96583,19.513658560976015,0.580983078162772,560,681,1241,0.0,-0.0008333472224535399,0.5803384367445665,0.00016116035455278067
96584,19.512825213753562,0.580983078162772,560,681,1241,0.0,-0.0008333472224535399,0.5804995970991194,0.00016116035455278067
96585,19.51199186653111,0.580177276390008,560,681,1241,-0.0008058017727639033,-0.0008333472224535399,0.5805801772763957,8.058017727639034e-05
96586,19.511158519308655,0.580177276390008,560,681,1241,0.0,-0.0008333472224535399,0.580660757453672,8.058017727639034e-05
96587,19.5103251720862,0.580177276390008,560,681,1241,0.0,-0.0008333472224535399,0.580660757453672,0.0
96588,19.509491824863748,0.5793714746172441,560,681,1241,-0.0008058017727639033,-0.0008333472224535399,0.5805801772763957,-8.058017727639034e-05
96589,19.508658477641294,0.5785656728444802,560,681,1241,-0.0008058017727639033,-0.0008333472224535399,0.5803384367445664,-0.00024174053182917098
96590,19.50782513041884,0.5785656728444802,560,681,1241,0.0,-0.0008333472224535399,0.5800966962127372,-0.00024174053182917098
96591,19.506991783196387,0.5785656728444802,560,681,1241,0.0,-0.0008333472224535399,0.5798549556809081,-0.00024174053182917098
96592,19.50615843597393,0.5777598710717163,560,681,1241,-0.0008058017727639033,-0.0008333472224570926,0.5795326349718024,-0.00032232070910556134
96593,19.505325088751476,0.5769540692989524,560,681,1241,-0.0008058017727639033,-0.0008333472224535399,0.5791297340854205,-0.00040290088638195165
96594,19.504491741529023,0.5769540692989524,560,681,1241,0.0,-0.0008333472224535399,0.5787268331990385,-0.00040290088638195165
96595,19.50365839430657,0.5769540692989524,560,681,1241,0.0,-0.0008333472224535399,0.5784045124899329,-0.00032232070910556134
96596,19.502825047084116,0.5769540692989524,560,681,1241,0.0,-0.0008333472224535399,0.5780821917808273,-0.00032232070910556134
96597,19.501991699861662,0.5777598710717163,560,681,1241,0.0008058017727639033,-0.0008333472224535399,0.5778404512489982,-0.00024174053182917098
96598,19.50115835263921,0.5777598710717163,560,681,1241,0.0,-0.0008333472224535399,0.5776792908944455,-0.00016116035455278067
96599,19.500325005416755,0.5777598710717163,560,681,1241,0.0,-0.0008333472224535399,0.5775987107171691,-8.058017727639034e-05
96600,19.4994916581943,0.5777598710717163,560,681,1241,0.0,-0.0008333472224535399,0.5775181305398928,-8.058017727639034e-05
96601,19.498658310971848,0.5777598710717163,560,681,1241,0.0,-0.0008333472224535399,0.5774375503626163,-8.058017727639034e-05
96602,19.497824963749395,0.5777598710717163,560,681,1241,0.0,-0.0008333472224535399,0.5774375503626163,0.0
96603,19.49699161652694,0.5785656728444802,560,681,1241,0.0008058017727639033,-0.0008333472224535399,0.5775987107171692,0.00016116035455278067
96604,19.496158269304487,0.5785656728444802,560,681,1241,0.0,-0.0008333472224535399,0.577759871071722,0.00016116035455278067
96605,19.495324922082034,0.5785656728444802,560,681,1241,0.0,-0.0008333472224535399,0.5779210314262747,0.00016116035455278067
96606,19.49449157485958,0.5785656728444802,560,681,1241,0.0,-0.0008333472224535399,0.5780821917808275,0.00016116035455278067
96607,19.493658227637127,0.5777598710717163,560,681,1241,-0.0008058017727639033,-0.0008333472224535399,0.5780821917808275,0.0
96608,19.492824880414673,0.5769540692989524,560,681,1241,-0.0008058017727639033,-0.0008333472224535399,0.5780016116035511,-8.058017727639034e-05
96609,19.49199153319222,0.5769540692989524,560,681,1241,0.0,-0.0008333472224535399,0.5779210314262746,-8.058017727639034e-05
96610,19.491158185969766,0.5769540692989524,560,681,1241,0.0,-0.0008333472224535399,0.5778404512489982,-8.058017727639034e-05
96611,19.490324838747313,0.5769540692989524,560,681,1241,0.0,-0.0008333472224535399,0.5777598710717218,-8.058017727639034e-05
96612,19.48949149152486,0.5761482675261885,560,681,1241,-0.0008058017727639033,-0.0008333472224535399,0.577598710717169,-0.00016116035455278067
96613,19.488658144302402,0.5769540692989524,560,681,1241,0.0008058017727639033,-0.0008333472224570926,0.5774375503626162,-0.00016116035455278067
96614,19.48782479707995,0.5769540692989524,560,681,1241,0.0,-0.0008333472224535399,0.5772763900080634,-0.00016116035455278067
96615,19.486991449857495,0.5777598710717163,560,681,1241,0.0008058017727639033,-0.0008333472224535399,0.5771958098307871,-8.058017727639034e-05
96616,19.48615810263504,0.5777598710717163,560,681,1241,0.0,-0.0008333472224535399,0.5771152296535107,-8.058017727639034e-05
96617,19.485324755412588,0.5769540692989524,560,681,1241,-0.0008058017727639033,-0.0008333472224535399,0.5770346494762343,-8.058017727639034e-05
96618,19.484491408190134,0.5769540692989524,560,681,1241,0.0,-0.0008333472224535399,0.5770346494762343,0.0
96619,19.48365806096768,0.5769540692989524,560,681,1241,0.0,-0.0008333472224535399,0.5770346494762343,0.0
96620,19.482824713745227,0.5761482675261885,560,681,1241,-0.0008058017727639033,-0.0008333472224535399,0.576954069298958,-8.058017727639034e-05
96621,19.481991366522774,0.5769540692989524,560,681,1241,0.0008058017727639033,-0.0008333472224535399,0.576954069298958,0.0
96622,19.48115801930032,0.5785656728444802,560,681,1241,0.0016116035455278066,-0.0008333472224535399,0.5771958098307871,0.00024174053182917098
96623,19.480324672077867,0.5793714746172441,560,681,1241,0.0008058017727639033,-0.0008333472224535399,0.5774375503626163,0.00024174053182917098
96624,19.479491324855413,0.5793714746172441,560,681,1241,0.0,-0.0008333472224535399,0.5776792908944455,0.00024174053182917098
96625,19.47865797763296,0.5785656728444802,560,681,1241,-0.0008058017727639033,-0.0008333472224535399,0.5777598710717219,8.058017727639034e-05
96626,19.477824630410506,0.5793714746172441,560,681,1241,0.0008058017727639033,-0.0008333472224535399,0.5779210314262746,0.00016116035455278067
96627,19.476991283188053,0.5793714746172441,560,681,1241,0.0,-0.0008333472224535399,0.5781627719581038,0.00024174053182917098
96628,19.4761579359656,0.5785656728444802,560,681,1241,-0.0008058017727639033,-0.0008333472224535399,0.5783239323126567,0.00016116035455278067
96629,19.475324588743145,0.5793714746172441,560,681,1241,0.0008058017727639033,-0.0008333472224535399,0.5785656728444859,0.00024174053182917098
96630,19.474491241520692,0.580177276390008,560,681,1241,0.0008058017727639033,-0.0008333472224535399,0.5789685737308677,0.00040290088638195165
96631,19.47365789429824,0.580983078162772,560,681,1241,0.0008058017727639033,-0.0008333472224535399,0.5793714746172498,0.00040290088638195165
96632,19.472824547075785,0.580177276390008,560,681,1241,-0.0008058017727639033,-0.0008333472224535399,0.5795326349718025,0.00016116035455278067
96633,19.47199119985333,0.580177276390008,560,681,1241,0.0,-0.0008333472224535399,0.5796132151490789,8.058017727639034e-05
96634,19.471157852630874,0.580983078162772,560,681,1241,0.0008058017727639033,-0.0008333472224570926,0.5797743755036316,0.00016116035455278067
96635,19.47032450540842,0.580983078162772,560,681,1241,0.0,-0.0008333472224535399,0.5800161160354609,0.00024174053182917098
96636,19.469491158185967,0.580177276390008,560,681,1241,-0.0008058017727639033,-0.0008333472224535399,0.5800966962127372,8.058017727639034e-05
96637,19.468657810963514,0.580983078162772,560,681,1241,0.0008058017727639033,-0.0008333472224535399,0.58025785656729,0.00016116035455278067
96638,19.46782446374106,0.5817888799355359,560,681,1241,0.0008058017727639033,-0.0008333472224535399,0.5805801772763955,0.00032232070910556134
96639,19.466991116518606,0.5817888799355359,560,681,1241,0.0,-0.0008333472224535399,0.5808219178082247,0.00024174053182917098
96640,19.466157769296153,0.5817888799355359,560,681,1241,0.0,-0.0008333472224535399,0.5809830781627775,0.00016116035455278067
96641,19.4653244220737,0.5817888799355359,560,681,1241,0.0,-0.0008333472224535399,0.5810636583400538,8.058017727639034e-05
96642,19.464491074851246,0.580983078162772,560,681,1241,-0.0008058017727639033,-0.0008333472224535399,0.5811442385173302,8.058017727639034e-05
96643,19.463657727628792,0.580983078162772,560,681,1241,0.0,-0.0008333472224535399,0.5812248186946067,8.058017727639034e-05
96644,19.46282438040634,0.580983078162772,560,681,1241,0.0,-0.0008333472224535399,0.5812248186946067,0.0
96645,19.461991033183885,0.580983078162772,560,681,1241,0.0,-0.0008333472224535399,0.5812248186946067,0.0
96646,19.46115768596143,0.580983078162772,560,681,1241,0.0,-0.0008333472224535399,0.5813053988718831,8.058017727639034e-05
96647,19.460324338738978,0.580983078162772,560,681,1241,0.0,-0.0008333472224535399,0.5813053988718831,0.0
96648,19.459490991516525,0.580983078162772,560,681,1241,0.0,-0.0008333472224535399,0.5812248186946067,-8.058017727639034e-05
96649,19.45865764429407,0.580983078162772,560,681,1241,0.0,-0.0008333472224535399,0.5811442385173304,-8.058017727639034e-05
96650,19.457824297071618,0.580983078162772,560,681,1241,0.0,-0.0008333472224535399,0.5810636583400541,-8.058017727639034e-05
96651,19.456990949849164,0.580983078162772,560,681,1241,0.0,-0.0008333472224535399,0.5809830781627777,-8.058017727639034e-05
96652,19.45615760262671,0.580177276390008,560,681,1241,-0.0008058017727639033,-0.0008333472224535399,0.5809024979855013,-8.058017727639034e-05
96653,19.455324255404257,0.580177276390008,560,681,1241,0.0,-0.0008333472224535399,0.5808219178082249,-8.058017727639034e-05
96654,19.454490908181803,0.580983078162772,560,681,1241,0.0008058017727639033,-0.0008333472224535399,0.5808219178082249,0.0
96655,19.453657560959346,0.580983078162772,560,681,1241,0.0,-0.0008333472224570926,0.5808219178082249,0.0
96656,19.452824213736893,0.580983078162772,560,681,1241,0.0,-0.0008333472224535399,0.5808219178082249,0.0
96657,19.45199086651444,0.580983078162772,560,681,1241,0.0,-0.0008333472224535399,0.5808219178082249,0.0
96658,19.451157519291986,0.580983078162772,560,681,1241,0.0,-0.0008333472224535399,0.5808219178082249,0.0
96659,19.450324172069532,0.580983078162772,560,681,1241,0.0,-0.0008333472224535399,0.5808219178082249,0.0
96660,19.44949082484708,0.5817888799355359,560,681,1241,0.0008058017727639033,-0.0008333472224535399,0.5809024979855012,8.058017727639034e-05
96661,19.448657477624625,0.5834004834810637,560,681,1241,0.0016116035455278066,-0.0008333472224535399,0.5811442385173303,0.00024174053182917098
96662,19.44782413040217,0.5834004834810637,560,681,1241,0.0,-0.0008333472224535399,0.5814665592264359,0.00032232070910556134
96663,19.446990783179718,0.5834004834810637,560,681,1241,0.0,-0.0008333472224535399,0.5817888799355415,0.00032232070910556134
96664,19.446157435957264,0.5834004834810637,560,681,1241,0.0,-0.0008333472224535399,0.5820306204673706,0.00024174053182917098
96665,19.44532408873481,0.5825946817082998,560,681,1241,-0.0008058017727639033,-0.0008333472224535399,0.5821917808219234,0.00016116035455278067
96666,19.444490741512357,0.5825946817082998,560,681,1241,0.0,-0.0008333472224535399,0.5823529411764762,0.00016116035455278067
96667,19.443657394289904,0.5825946817082998,560,681,1241,0.0,-0.0008333472224535399,0.5825141015310289,0.00016116035455278067
96668,19.44282404706745,0.5825946817082998,560,681,1241,0.0,-0.0008333472224535399,0.5826752618855817,0.00016116035455278067
96669,19.441990699844997,0.5825946817082998,560,681,1241,0.0,-0.0008333472224535399,0.5828364222401345,0.00016116035455278067
96670,19.441157352622543,0.5817888799355359,560,681,1241,-0.0008058017727639033,-0.0008333472224535399,0.5828364222401345,0.0
96671,19.44032400540009,0.5817888799355359,560,681,1241,0.0,-0.0008333472224535399,0.5826752618855817,-0.00016116035455278067
96672,19.439490658177636,0.5817888799355359,560,681,1241,0.0,-0.0008333472224535399,0.5825141015310289,-0.00016116035455278067
96673,19.438657310955183,0.5817888799355359,560,681,1241,0.0,-0.0008333472224535399,0.5823529411764762,-0.00016116035455278067
96674,19.43782396373273,0.5817888799355359,560,681,1241,0.0,-0.0008333472224535399,0.5821917808219234,-0.00016116035455278067
96675,19.436990616510275,0.580983078162772,560,681,1241,-0.0008058017727639033,-0.0008333472224535399,0.5820306204673706,-0.00016116035455278067
96676,19.436157269287822,0.580983078162772,560,681,1241,0.0,-0.0008333472224535399,0.5818694601128178,-0.00016116035455278067
96677,19.435323922065365,0.5825946817082998,560,681,1241,0.0016116035455278066,-0.0008333472224570926,0.5818694601128178,0.0
96678,19.43449057484291,0.580983078162772,560,681,1241,-0.0016116035455278066,-0.0008333472224535399,0.581708299758265,-0.00016116035455278067
96679,19.433657227620458,0.580983078162772,560,681,1241,0.0,-0.0008333472224535399,0.5815471394037123,-0.00016116035455278067
96680,19.432823880398004,0.5793714746172441,560,681,1241,-0.0016116035455278066,-0.0008333472224535399,0.5813053988718831,-0.00024174053182917098
96681,19.43199053317555,0.5777598710717163,560,681,1241,-0.0016116035455278066,-0.0008333472224535399,0.5809024979855012,-0.00040290088638195165
96682,19.431157185953097,0.5777598710717163,560,681,1241,0.0,-0.0008333472224535399,0.5804995970991194,-0.00040290088638195165
96683,19.430323838730644,0.5769540692989524,560,681,1241,-0.0008058017727639033,-0.0008333472224535399,0.580016116035461,-0.00048348106365834196
96684,19.42949049150819,0.5769540692989524,560,681,1241,0.0,-0.0008333472224535399,0.5795326349718026,-0.00048348106365834196
96685,19.428657144285737,0.5769540692989524,560,681,1241,0.0,-0.0008333472224535399,0.5791297340854207,-0.00040290088638195165
96686,19.427823797063283,0.5769540692989524,560,681,1241,0.0,-0.0008333472224535399,0.5787268331990386,-0.00040290088638195165
96687,19.42699044984083,0.5777598710717163,560,681,1241,0.0008058017727639033,-0.0008333472224535399,0.5782433521353803,-0.00048348106365834196
96688,19.426157102618376,0.5777598710717163,560,681,1241,0.0,-0.0008333472224535399,0.5779210314262747,-0.00032232070910556134
96689,19.425323755395922,0.5777598710717163,560,681,1241,0.0,-0.0008333472224535399,0.5775987107171692,-0.00032232070910556134
96690,19.42449040817347,0.5777598710717163,560,681,1241,0.0,-0.0008333472224535399,0.5774375503626163,-0.00016116035455278067
96691,19.423657060951015,0.5777598710717163,560,681,1241,0.0,-0.0008333472224535399,0.5774375503626163,0.0
96692,19.42282371372856,0.5793714746172441,560,681,1241,0.0016116035455278066,-0.0008333472224535399,0.5775987107171692,0.00016116035455278067
96693,19.421990366506108,0.5793714746172441,560,681,1241,0.0,-0.0008333472224535399,0.5778404512489984,0.00024174053182917098
96694,19.421157019283655,0.5785656728444802,560,681,1241,-0.0008058017727639033,-0.0008333472224535399,0.5780016116035511,0.00016116035455278067
96695,19.4203236720612,0.5777598710717163,560,681,1241,-0.0008058017727639033,-0.0008333472224535399,0.5780821917808276,8.058017727639034e-05
96696,19.419490324838748,0.5785656728444802,560,681,1241,0.0008058017727639033,-0.0008333472224535399,0.5782433521353804,0.00016116035455278067
96697,19.418656977616294,0.5785656728444802,560,681,1241,0.0,-0.0008333472224535399,0.5783239323126568,8.058017727639034e-05
96698,19.417823630393837,0.5785656728444802,560,681,1241,0.0,-0.0008333472224570926,0.5784045124899331,8.058017727639034e-05
96699,19.416990283171383,0.5785656728444802,560,681,1241,0.0,-0.0008333472224535399,0.5784850926672094,8.058017727639034e-05
96700,19.41615693594893,0.5785656728444802,560,681,1241,0.0,-0.0008333472224535399,0.5785656728444858,8.058017727639034e-05
96701,19.415323588726476,0.5785656728444802,560,681,1241,0.0,-0.0008333472224535399,0.5786462530217621,8.058017727639034e-05
96702,19.414490241504023,0.5793714746172441,560,681,1241,0.0008058017727639033,-0.0008333472224535399,0.5786462530217621,0.0
96703,19.41365689428157,0.5793714746172441,560,681,1241,0.0,-0.0008333472224535399,0.5786462530217621,0.0
96704,19.412823547059116,0.580177276390008,560,681,1241,0.0008058017727639033,-0.0008333472224535399,0.5788074133763149,0.00016116035455278067
96705,19.411990199836662,0.5793714746172441,560,681,1241,-0.0008058017727639033,-0.0008333472224535399,0.5789685737308676,0.00016116035455278067
96706,19.41115685261421,0.5793714746172441,560,681,1241,0.0,-0.0008333472224535399,0.5790491539081442,8.058017727639034e-05
96707,19.410323505391755,0.5793714746172441,560,681,1241,0.0,-0.0008333472224535399,0.5791297340854206,8.058017727639034e-05
96708,19.4094901581693,0.5793714746172441,560,681,1241,0.0,-0.0008333472224535399,0.579210314262697,8.058017727639034e-05
96709,19.408656810946848,0.5793714746172441,560,681,1241,0.0,-0.0008333472224535399,0.5792908944399734,8.058017727639034e-05
96710,19.407823463724394,0.580177276390008,560,681,1241,0.0008058017727639033,-0.0008333472224535399,0.5794520547945262,0.00016116035455278067
96711,19.40699011650194,0.580177276390008,560,681,1241,0.0,-0.0008333472224535399,0.5796132151490789,0.00016116035455278067
96712,19.406156769279487,0.580177276390008,560,681,1241,0.0,-0.0008333472224535399,0.5796937953263553,8.058017727639034e-05
96713,19.405323422057034,0.580177276390008,560,681,1241,0.0,-0.0008333472224535399,0.5797743755036316,8.058017727639034e-05
96714,19.40449007483458,0.580177276390008,560,681,1241,0.0,-0.0008333472224535399,0.5797743755036316,0.0
96715,19.403656727612127,0.5793714746172441,560,681,1241,-0.0008058017727639033,-0.0008333472224535399,0.5797743755036316,0.0
96716,19.402823380389673,0.5793714746172441,560,681,1241,0.0,-0.0008333472224535399,0.5797743755036316,0.0
96717,19.40199003316722,0.5785656728444802,560,681,1241,-0.0008058017727639033,-0.0008333472224535399,0.5796937953263552,-8.058017727639034e-05
96718,19.401156685944766,0.5793714746172441,560,681,1241,0.0008058017727639033,-0.0008333472224535399,0.5796937953263552,0.0
96719,19.40032333872231,0.5793714746172441,560,681,1241,0.0,-0.0008333472224570926,0.5796937953263552,0.0
96720,19.399489991499856,0.5785656728444802,560,681,1241,-0.0008058017727639033,-0.0008333472224535399,0.5795326349718024,-0.00016116035455278067
96721,19.398656644277402,0.5785656728444802,560,681,1241,0.0,-0.0008333472224535399,0.5793714746172497,-0.00016116035455278067
96722,19.39782329705495,0.5793714746172441,560,681,1241,0.0008058017727639033,-0.0008333472224535399,0.5792908944399733,-8.058017727639034e-05
96723,19.396989949832495,0.5785656728444802,560,681,1241,-0.0008058017727639033,-0.0008333472224535399,0.5791297340854206,-0.00016116035455278067
96724,19.39615660261004,0.5785656728444802,560,681,1241,0.0,-0.0008333472224535399,0.5789685737308677,-0.00016116035455278067
96725,19.395323255387588,0.5777598710717163,560,681,1241,-0.0008058017727639033,-0.0008333472224535399,0.578807413376315,-0.00016116035455278067
96726,19.394489908165134,0.5777598710717163,560,681,1241,0.0,-0.0008333472224535399,0.5786462530217622,-0.00016116035455278067
96727,19.39365656094268,0.5769540692989524,560,681,1241,-0.0008058017727639033,-0.0008333472224535399,0.5784850926672094,-0.00016116035455278067
96728,19.392823213720227,0.5777598710717163,560,681,1241,0.0008058017727639033,-0.0008333472224535399,0.5783239323126567,-0.00016116035455278067
96729,19.391989866497774,0.5777598710717163,560,681,1241,0.0,-0.0008333472224535399,0.5781627719581038,-0.00016116035455278067
96730,19.39115651927532,0.5777598710717163,560,681,1241,0.0,-0.0008333472224535399,0.5780821917808275,-8.058017727639034e-05
96731,19.390323172052867,0.5777598710717163,560,681,1241,0.0,-0.0008333472224535399,0.5780016116035511,-8.058017727639034e-05
96732,19.389489824830413,0.5777598710717163,560,681,1241,0.0,-0.0008333472224535399,0.5778404512489984,-0.00016116035455278067
96733,19.38865647760796,0.5777598710717163,560,681,1241,0.0,-0.0008333472224535399,0.577759871071722,-8.058017727639034e-05
96734,19.387823130385506,0.5777598710717163,560,681,1241,0.0,-0.0008333472224535399,0.5776792908944457,-8.058017727639034e-05
96735,19.386989783163052,0.5785656728444802,560,681,1241,0.0008058017727639033,-0.0008333472224535399,0.577759871071722,8.058017727639034e-05
96736,19.3861564359406,0.5777598710717163,560,681,1241,-0.0008058017727639033,-0.0008333472224535399,0.577759871071722,0.0
96737,19.385323088718145,0.5777598710717163,560,681,1241,0.0,-0.0008333472224535399,0.5778404512489985,8.058017727639034e-05
96738,19.384489741495692,0.5777598710717163,560,681,1241,0.0,-0.0008333472224535399,0.5778404512489985,0.0
96739,19.38365639427324,0.5769540692989524,560,681,1241,-0.0008058017727639033,-0.0008333472224535399,0.577759871071722,-8.058017727639034e-05
96740,19.38282304705078,0.5769540692989524,560,681,1241,0.0,-0.0008333472224570926,0.5776792908944456,-8.058017727639034e-05
96741,19.381989699828328,0.5777598710717163,560,681,1241,0.0008058017727639033,-0.0008333472224535399,0.5776792908944456,0.0
96742,19.381156352605874,0.5777598710717163,560,681,1241,0.0,-0.0008333472224535399,0.5776792908944456,0.0
96743,19.38032300538342,0.5777598710717163,560,681,1241,0.0,-0.0008333472224535399,0.5776792908944456,0.0
96744,19.379489658160967,0.5793714746172441,560,681,1241,0.0016116035455278066,-0.0008333472224535399,0.5778404512489984,0.00016116035455278067
96745,19.378656310938513,0.5793714746172441,560,681,1241,0.0,-0.0008333472224535399,0.5779210314262748,8.058017727639034e-05
96746,19.37782296371606,0.5793714746172441,560,681,1241,0.0,-0.0008333472224535399,0.5780821917808276,0.00016116035455278067
96747,19.376989616493606,0.5785656728444802,560,681,1241,-0.0008058017727639033,-0.0008333472224535399,0.578162771958104,8.058017727639034e-05
96748,19.376156269271153,0.5785656728444802,560,681,1241,0.0,-0.0008333472224535399,0.5782433521353803,8.058017727639034e-05
96749,19.3753229220487,0.5785656728444802,560,681,1241,0.0,-0.0008333472224535399,0.5784045124899331,0.00016116035455278067
96750,19.374489574826246,0.5777598710717163,560,681,1241,-0.0008058017727639033,-0.0008333472224535399,0.5784850926672095,8.058017727639034e-05
96751,19.373656227603792,0.5777598710717163,560,681,1241,0.0,-0.0008333472224535399,0.5784850926672095,0.0
96752,19.37282288038134,0.5785656728444802,560,681,1241,0.0008058017727639033,-0.0008333472224535399,0.5785656728444859,8.058017727639034e-05
96753,19.371989533158885,0.5777598710717163,560,681,1241,-0.0008058017727639033,-0.0008333472224535399,0.5785656728444859,0.0
96754,19.37115618593643,0.5769540692989524,560,681,1241,-0.0008058017727639033,-0.0008333472224535399,0.5783239323126567,-0.00024174053182917098
96755,19.370322838713978,0.5777598710717163,560,681,1241,0.0008058017727639033,-0.0008333472224535399,0.5781627719581038,-0.00016116035455278067
96756,19.369489491491525,0.5777598710717163,560,681,1241,0.0,-0.0008333472224535399,0.5780016116035511,-0.00016116035455278067
96757,19.36865614426907,0.5785656728444802,560,681,1241,0.0008058017727639033,-0.0008333472224535399,0.5780016116035511,0.0
96758,19.367822797046617,0.5777598710717163,560,681,1241,-0.0008058017727639033,-0.0008333472224535399,0.5779210314262747,-8.058017727639034e-05
96759,19.366989449824164,0.5777598710717163,560,681,1241,0.0,-0.0008333472224535399,0.5778404512489984,-8.058017727639034e-05
96760,19.36615610260171,0.5785656728444802,560,681,1241,0.0008058017727639033,-0.0008333472224535399,0.5779210314262747,8.058017727639034e-05
96761,19.365322755379253,0.5793714746172441,560,681,1241,0.0008058017727639033,-0.0008333472224570926,0.5780821917808275,0.00016116035455278067
96762,19.3644894081568,0.5793714746172441,560,681,1241,0.0,-0.0008333472224535399,0.578162771958104,8.058017727639034e-05
96763,19.363656060934346,0.580177276390008,560,681,1241,0.0008058017727639033,-0.0008333472224535399,0.5784045124899331,0.00024174053182917098
96764,19.362822713711893,0.5793714746172441,560,681,1241,-0.0008058017727639033,-0.0008333472224535399,0.5786462530217623,0.00024174053182917098
96765,19.36198936648944,0.5785656728444802,560,681,1241,-0.0008058017727639033,-0.0008333472224535399,0.5787268331990386,8.058017727639034e-05
96766,19.361156019266986,0.5785656728444802,560,681,1241,0.0,-0.0008333472224535399,0.578807413376315,8.058017727639034e-05
96767,19.360322672044532,0.5793714746172441,560,681,1241,0.0008058017727639033,-0.0008333472224535399,0.5788879935535914,8.058017727639034e-05
96768,19.35948932482208,0.5793714746172441,560,681,1241,0.0,-0.0008333472224535399,0.5790491539081442,0.00016116035455278067
96769,19.358655977599625,0.5793714746172441,560,681,1241,0.0,-0.0008333472224535399,0.579210314262697,0.00016116035455278067
96770,19.35782263037717,0.5793714746172441,560,681,1241,0.0,-0.0008333472224535399,0.5792908944399734,8.058017727639034e-05
96771,19.356989283154718,0.580177276390008,560,681,1241,0.0008058017727639033,-0.0008333472224535399,0.5793714746172498,8.058017727639034e-05
96772,19.356155935932264,0.580177276390008,560,681,1241,0.0,-0.0008333472224535399,0.5794520547945261,8.058017727639034e-05
96773,19.35532258870981,0.580983078162772,560,681,1241,0.0008058017727639033,-0.0008333472224535399,0.5795326349718025,8.058017727639034e-05
96774,19.354489241487357,0.580983078162772,560,681,1241,0.0,-0.0008333472224535399,0.5796937953263553,0.00016116035455278067
96775,19.353655894264904,0.580177276390008,560,681,1241,-0.0008058017727639033,-0.0008333472224535399,0.5798549556809081,0.00016116035455278067
96776,19.35282254704245,0.580177276390008,560,681,1241,0.0,-0.0008333472224535399,0.5800161160354609,0.00016116035455278067
96777,19.351989199819997,0.580983078162772,560,681,1241,0.0008058017727639033,-0.0008333472224535399,0.5801772763900137,0.00016116035455278067
96778,19.351155852597543,0.5793714746172441,560,681,1241,-0.0016116035455278066,-0.0008333472224535399,0.5801772763900137,0.0
96779,19.35032250537509,0.5793714746172441,560,681,1241,0.0,-0.0008333472224535399,0.5801772763900137,0.0
96780,19.349489158152636,0.580177276390008,560,681,1241,0.0008058017727639033,-0.0008333472224535399,0.58025785656729,8.058017727639034e-05
96781,19.348655810930182,0.580177276390008,560,681,1241,0.0,-0.0008333472224535399,0.58025785656729,0.0
96782,19.347822463707725,0.580177276390008,560,681,1241,0.0,-0.0008333472224570926,0.58025785656729,0.0
96783,19.346989116485272,0.580983078162772,560,681,1241,0.0008058017727639033,-0.0008333472224535399,0.58025785656729,0.0
96784,19.34615576926282,0.580983078162772,560,681,1241,0.0,-0.0008333472224535399,0.58025785656729,0.0
96785,19.345322422040365,0.580983078162772,560,681,1241,0.0,-0.0008333472224535399,0.5803384367445664,8.058017727639034e-05
96786,19.34448907481791,0.580983078162772,560,681,1241,0.0,-0.0008333472224535399,0.5804190169218428,8.058017727639034e-05
96787,19.343655727595458,0.5817888799355359,560,681,1241,0.0008058017727639033,-0.0008333472224535399,0.5804995970991192,8.058017727639034e-05
96788,19.342822380373004,0.5817888799355359,560,681,1241,0.0,-0.0008333472224535399,0.5807413376309484,0.00024174053182917098
96789,19.34198903315055,0.5817888799355359,560,681,1241,0.0,-0.0008333472224535399,0.5809830781627775,0.00024174053182917098
96790,19.341155685928097,0.5817888799355359,560,681,1241,0.0,-0.0008333472224535399,0.5811442385173302,0.00016116035455278067
96791,19.340322338705644,0.5817888799355359,560,681,1241,0.0,-0.0008333472224535399,0.581305398871883,0.00016116035455278067
96792,19.33948899148319,0.5825946817082998,560,681,1241,0.0008058017727639033,-0.0008333472224535399,0.5815471394037123,0.00024174053182917098
96793,19.338655644260736,0.5825946817082998,560,681,1241,0.0,-0.0008333472224535399,0.581708299758265,0.00016116035455278067
96794,19.337822297038283,0.5817888799355359,560,681,1241,-0.0008058017727639033,-0.0008333472224535399,0.5817888799355414,8.058017727639034e-05
96795,19.33698894981583,0.580983078162772,560,681,1241,-0.0008058017727639033,-0.0008333472224535399,0.5817888799355414,0.0
96796,19.336155602593376,0.580177276390008,560,681,1241,-0.0008058017727639033,-0.0008333472224535399,0.581708299758265,-8.058017727639034e-05
96797,19.335322255370922,0.5793714746172441,560,681,1241,-0.0008058017727639033,-0.0008333472224535399,0.5814665592264359,-0.00024174053182917098
96798,19.33448890814847,0.5793714746172441,560,681,1241,0.0,-0.0008333472224535399,0.5812248186946067,-0.00024174053182917098
96799,19.333655560926015,0.5793714746172441,560,681,1241,0.0,-0.0008333472224535399,0.5809830781627776,-0.00024174053182917098
96800,19.33282221370356,0.580177276390008,560,681,1241,0.0008058017727639033,-0.0008333472224535399,0.5808219178082248,-0.00016116035455278067
96801,19.331988866481108,0.580177276390008,560,681,1241,0.0,-0.0008333472224535399,0.580660757453672,-0.00016116035455278067
96802,19.331155519258655,0.580177276390008,560,681,1241,0.0,-0.0008333472224535399,0.5804190169218428,-0.00024174053182917098
96803,19.3303221720362,0.580177276390008,560,681,1241,0.0,-0.0008333472224535399,0.5801772763900136,-0.00024174053182917098
96804,19.329488824813744,0.580177276390008,560,681,1241,0.0,-0.0008333472224570926,0.5800161160354608,-0.00016116035455278067
96805,19.32865547759129,0.5793714746172441,560,681,1241,-0.0008058017727639033,-0.0008333472224535399,0.5798549556809081,-0.00016116035455278067
96806,19.327822130368837,0.5793714746172441,560,681,1241,0.0,-0.0008333472224535399,0.5797743755036316,-8.058017727639034e-05
96807,19.326988783146383,0.5785656728444802,560,681,1241,-0.0008058017727639033,-0.0008333472224535399,0.5796937953263552,-8.058017727639034e-05
96808,19.32615543592393,0.5785656728444802,560,681,1241,0.0,-0.0008333472224535399,0.5796132151490788,-8.058017727639034e-05
96809,19.325322088701476,0.5785656728444802,560,681,1241,0.0,-0.0008333472224535399,0.5795326349718024,-8.058017727639034e-05
96810,19.324488741479023,0.5785656728444802,560,681,1241,0.0,-0.0008333472224535399,0.5793714746172496,-0.00016116035455278067
96811,19.32365539425657,0.5785656728444802,560,681,1241,0.0,-0.0008333472224535399,0.5792103142626968,-0.00016116035455278067
96812,19.322822047034116,0.5777598710717163,560,681,1241,-0.0008058017727639033,-0.0008333472224535399,0.5789685737308676,-0.00024174053182917098
96813,19.321988699811662,0.5777598710717163,560,681,1241,0.0,-0.0008333472224535399,0.5787268331990385,-0.00024174053182917098
96814,19.32115535258921,0.5761482675261885,560,681,1241,-0.0016116035455278066,-0.0008333472224535399,0.5783239323126567,-0.00040290088638195165
96815,19.320322005366755,0.5769540692989524,560,681,1241,0.0008058017727639033,-0.0008333472224535399,0.5780821917808274,-0.00024174053182917098
96816,19.3194886581443,0.5769540692989524,560,681,1241,0.0,-0.0008333472224535399,0.5778404512489982,-0.00024174053182917098
96817,19.318655310921848,0.5769540692989524,560,681,1241,0.0,-0.0008333472224535399,0.5776792908944455,-0.00016116035455278067
96818,19.317821963699394,0.5777598710717163,560,681,1241,0.0008058017727639033,-0.0008333472224535399,0.5775987107171691,-8.058017727639034e-05
96819,19.31698861647694,0.5777598710717163,560,681,1241,0.0,-0.0008333472224535399,0.5775181305398928,-8.058017727639034e-05
96820,19.316155269254487,0.5777598710717163,560,681,1241,0.0,-0.0008333472224535399,0.5774375503626163,-8.058017727639034e-05
96821,19.315321922032034,0.5777598710717163,560,681,1241,0.0,-0.0008333472224535399,0.57735697018534,-8.058017727639034e-05
96822,19.31448857480958,0.5777598710717163,560,681,1241,0.0,-0.0008333472224535399,0.57735697018534,0.0
96823,19.313655227587127,0.5777598710717163,560,681,1241,0.0,-0.0008333472224535399,0.57735697018534,0.0
96824,19.312821880364673,0.5769540692989524,560,681,1241,-0.0008058017727639033,-0.0008333472224535399,0.5774375503626163,8.058017727639034e-05
96825,19.311988533142216,0.5769540692989524,560,681,1241,0.0,-0.0008333472224570926,0.5774375503626163,0.0
96826,19.311155185919763,0.5769540692989524,560,681,1241,0.0,-0.0008333472224535399,0.5774375503626163,0.0
96827,19.31032183869731,0.5769540692989524,560,681,1241,0.0,-0.0008333472224535399,0.5774375503626163,0.0
96828,19.309488491474855,0.5753424657534246,560,681,1241,-0.0016116035455278066,-0.0008333472224535399,0.5771958098307872,-0.00024174053182917098
96829,19.308655144252402,0.5761482675261885,560,681,1241,0.0008058017727639033,-0.0008333472224535399,0.5770346494762344,-0.00016116035455278067
96830,19.30782179702995,0.5769540692989524,560,681,1241,0.0008058017727639033,-0.0008333472224535399,0.576954069298958,-8.058017727639034e-05
96831,19.306988449807495,0.5769540692989524,560,681,1241,0.0,-0.0008333472224535399,0.5768734891216816,-8.058017727639034e-05
96832,19.30615510258504,0.5769540692989524,560,681,1241,0.0,-0.0008333472224535399,0.576792908944405,-8.058017727639034e-05
96833,19.305321755362588,0.5769540692989524,560,681,1241,0.0,-0.0008333472224535399,0.5767123287671286,-8.058017727639034e-05
96834,19.304488408140134,0.5769540692989524,560,681,1241,0.0,-0.0008333472224535399,0.5767123287671286,0.0
96835,19.30365506091768,0.5769540692989524,560,681,1241,0.0,-0.0008333472224535399,0.5767123287671286,0.0
96836,19.302821713695227,0.5761482675261885,560,681,1241,-0.0008058017727639033,-0.0008333472224535399,0.5766317485898523,-8.058017727639034e-05
96837,19.301988366472774,0.5753424657534246,560,681,1241,-0.0008058017727639033,-0.0008333472224535399,0.5764705882352995,-0.00016116035455278067
96838,19.30115501925032,0.5761482675261885,560,681,1241,0.0008058017727639033,-0.0008333472224535399,0.5765511684125759,8.058017727639034e-05
96839,19.300321672027867,0.5761482675261885,560,681,1241,0.0,-0.0008333472224535399,0.5765511684125759,0.0
96840,19.299488324805413,0.5761482675261885,560,681,1241,0.0,-0.0008333472224535399,0.5764705882352996,-8.058017727639034e-05
96841,19.29865497758296,0.5761482675261885,560,681,1241,0.0,-0.0008333472224535399,0.5763900080580233,-8.058017727639034e-05
96842,19.297821630360506,0.5761482675261885,560,681,1241,0.0,-0.0008333472224535399,0.5763094278807469,-8.058017727639034e-05
96843,19.296988283138052,0.5761482675261885,560,681,1241,0.0,-0.0008333472224535399,0.5762288477034706,-8.058017727639034e-05
96844,19.2961549359156,0.5761482675261885,560,681,1241,0.0,-0.0008333472224535399,0.5761482675261942,-8.058017727639034e-05
96845,19.295321588693145,0.5753424657534246,560,681,1241,-0.0008058017727639033,-0.0008333472224535399,0.5759871071716415,-0.00016116035455278067
96846,19.294488241470688,0.5745366639806607,560,681,1241,-0.0008058017727639033,-0.0008333472224570926,0.5758259468170887,-0.00016116035455278067
96847,19.293654894248235,0.5745366639806607,560,681,1241,0.0,-0.0008333472224535399,0.5757453666398124,-8.058017727639034e-05
96848,19.29282154702578,0.5729250604351329,560,681,1241,-0.0016116035455278066,-0.0008333472224535399,0.5754230459307068,-0.00032232070910556134
96849,19.291988199803328,0.5729250604351329,560,681,1241,0.0,-0.0008333472224535399,0.5751007252216012,-0.00032232070910556134
96850,19.291154852580874,0.5729250604351329,560,681,1241,0.0,-0.0008333472224535399,0.5747784045124956,-0.00032232070910556134
96851,19.29032150535842,0.5729250604351329,560,681,1241,0.0,-0.0008333472224535399,0.5744560838033901,-0.00032232070910556134
96852,19.289488158135967,0.5729250604351329,560,681,1241,0.0,-0.0008333472224535399,0.5741337630942845,-0.00032232070910556134
96853,19.288654810913513,0.5729250604351329,560,681,1241,0.0,-0.0008333472224535399,0.573811442385179,-0.00032232070910556134
96854,19.28782146369106,0.5729250604351329,560,681,1241,0.0,-0.0008333472224535399,0.5734891216760734,-0.00032232070910556134
96855,19.286988116468606,0.5729250604351329,560,681,1241,0.0,-0.0008333472224535399,0.5732473811442442,-0.00024174053182917098
96856,19.286154769246153,0.5729250604351329,560,681,1241,0.0,-0.0008333472224535399,0.5730862207896915,-0.00016116035455278067
96857,19.2853214220237,0.5729250604351329,560,681,1241,0.0,-0.0008333472224535399,0.5729250604351387,-0.00016116035455278067
96858,19.284488074801246,0.572119258662369,560,681,1241,-0.0008058017727639033,-0.0008333472224535399,0.5728444802578623,-8.058017727639034e-05
96859,19.283654727578792,0.572119258662369,560,681,1241,0.0,-0.0008333472224535399,0.5727639000805859,-8.058017727639034e-05
96860,19.28282138035634,0.572119258662369,560,681,1241,0.0,-0.0008333472224535399,0.5726833199033095,-8.058017727639034e-05
96861,19.281988033133885,0.572119258662369,560,681,1241,0.0,-0.0008333472224535399,0.5726027397260329,-8.058017727639034e-05
96862,19.28115468591143,0.572119258662369,560,681,1241,0.0,-0.0008333472224535399,0.5725221595487565,-8.058017727639034e-05
96863,19.280321338688978,0.5713134568896051,560,681,1241,-0.0008058017727639033,-0.0008333472224535399,0.5723609991942038,-0.00016116035455278067
96864,19.279487991466524,0.572119258662369,560,681,1241,0.0008058017727639033,-0.0008333472224535399,0.5722804190169273,-8.058017727639034e-05
96865,19.27865464424407,0.572119258662369,560,681,1241,0.0,-0.0008333472224535399,0.5721998388396509,-8.058017727639034e-05
96866,19.277821297021617,0.572119258662369,560,681,1241,0.0,-0.0008333472224535399,0.5721192586623745,-8.058017727639034e-05
96867,19.27698794979916,0.572119258662369,560,681,1241,0.0,-0.0008333472224570926,0.572038678485098,-8.058017727639034e-05
96868,19.276154602576707,0.572119258662369,560,681,1241,0.0,-0.0008333472224535399,0.572038678485098,0.0
96869,19.275321255354253,0.572119258662369,560,681,1241,0.0,-0.0008333472224535399,0.572038678485098,0.0
96870,19.2744879081318,0.572119258662369,560,681,1241,0.0,-0.0008333472224535399,0.572038678485098,0.0
96871,19.273654560909346,0.572119258662369,560,681,1241,0.0,-0.0008333472224535399,0.572038678485098,0.0
96872,19.272821213686893,0.572119258662369,560,681,1241,0.0,-0.0008333472224535399,0.572038678485098,0.0
96873,19.27198786646444,0.572119258662369,560,681,1241,0.0,-0.0008333472224535399,0.5721192586623743,8.058017727639034e-05
96874,19.271154519241986,0.572119258662369,560,681,1241,0.0,-0.0008333472224535399,0.5721192586623743,0.0
96875,19.270321172019532,0.5729250604351329,560,681,1241,0.0008058017727639033,-0.0008333472224535399,0.5721998388396508,8.058017727639034e-05
96876,19.26948782479708,0.5729250604351329,560,681,1241,0.0,-0.0008333472224535399,0.5722804190169273,8.058017727639034e-05
96877,19.268654477574625,0.5729250604351329,560,681,1241,0.0,-0.0008333472224535399,0.5723609991942037,8.058017727639034e-05
96878,19.26782113035217,0.5729250604351329,560,681,1241,0.0,-0.0008333472224535399,0.5724415793714801,8.058017727639034e-05
96879,19.266987783129718,0.5729250604351329,560,681,1241,0.0,-0.0008333472224535399,0.5725221595487565,8.058017727639034e-05
96880,19.266154435907264,0.5729250604351329,560,681,1241,0.0,-0.0008333472224535399,0.5726027397260329,8.058017727639034e-05
96881,19.26532108868481,0.5729250604351329,560,681,1241,0.0,-0.0008333472224535399,0.5726833199033095,8.058017727639034e-05
96882,19.264487741462357,0.5729250604351329,560,681,1241,0.0,-0.0008333472224535399,0.5727639000805859,8.058017727639034e-05
96883,19.263654394239904,0.5729250604351329,560,681,1241,0.0,-0.0008333472224535399,0.5728444802578623,8.058017727639034e-05
96884,19.26282104701745,0.572119258662369,560,681,1241,-0.0008058017727639033,-0.0008333472224535399,0.5728444802578623,0.0
96885,19.261987699794997,0.5729250604351329,560,681,1241,0.0008058017727639033,-0.0008333472224535399,0.5728444802578623,0.0
96886,19.261154352572543,0.5729250604351329,560,681,1241,0.0,-0.0008333472224535399,0.5728444802578623,0.0
96887,19.26032100535009,0.5737308622078968,560,681,1241,0.0008058017727639033,-0.0008333472224535399,0.5729250604351386,8.058017727639034e-05
96888,19.259487658127632,0.5745366639806607,560,681,1241,0.0008058017727639033,-0.0008333472224570926,0.5730862207896914,0.00016116035455278067
96889,19.25865431090518,0.5745366639806607,560,681,1241,0.0,-0.0008333472224535399,0.5732473811442442,0.00016116035455278067
96890,19.257820963682725,0.5737308622078968,560,681,1241,-0.0008058017727639033,-0.0008333472224535399,0.5733279613215205,8.058017727639034e-05
96891,19.256987616460272,0.5729250604351329,560,681,1241,-0.0008058017727639033,-0.0008333472224535399,0.5733279613215205,0.0
96892,19.25615426923782,0.572119258662369,560,681,1241,-0.0008058017727639033,-0.0008333472224535399,0.5732473811442441,-8.058017727639034e-05
96893,19.255320922015365,0.572119258662369,560,681,1241,0.0,-0.0008333472224535399,0.5731668009669677,-8.058017727639034e-05
96894,19.25448757479291,0.572119258662369,560,681,1241,0.0,-0.0008333472224535399,0.5731668009669677,0.0
96895,19.253654227570458,0.572119258662369,560,681,1241,0.0,-0.0008333472224535399,0.5730862207896912,-8.058017727639034e-05
96896,19.252820880348004,0.572119258662369,560,681,1241,0.0,-0.0008333472224535399,0.5730056406124148,-8.058017727639034e-05
96897,19.25198753312555,0.5713134568896051,560,681,1241,-0.0008058017727639033,-0.0008333472224535399,0.5727639000805856,-0.00024174053182917098
96898,19.251154185903097,0.5713134568896051,560,681,1241,0.0,-0.0008333472224535399,0.5724415793714801,-0.00032232070910556134
96899,19.250320838680643,0.5713134568896051,560,681,1241,0.0,-0.0008333472224535399,0.5721192586623746,-0.00032232070910556134
96900,19.24948749145819,0.5697018533440773,560,681,1241,-0.0016116035455278066,-0.0008333472224535399,0.5717163577759926,-0.00040290088638195165
96901,19.248654144235736,0.5697018533440773,560,681,1241,0.0,-0.0008333472224535399,0.5713940370668871,-0.00032232070910556134
96902,19.247820797013283,0.5697018533440773,560,681,1241,0.0,-0.0008333472224535399,0.571152296535058,-0.00024174053182917098
96903,19.24698744979083,0.5688960515713135,560,681,1241,-0.0008058017727637923,-0.0008333472224535399,0.5708299758259525,-0.00032232070910555023
96904,19.246154102568376,0.5697018533440773,560,681,1241,0.0008058017727637923,-0.0008333472224535399,0.5705882352941234,-0.00024174053182917098
96905,19.245320755345922,0.5697018533440773,560,681,1241,0.0,-0.0008333472224535399,0.5703464947622943,-0.00024174053182917098
96906,19.24448740812347,0.5697018533440773,560,681,1241,0.0,-0.0008333472224535399,0.5701047542304651,-0.00024174053182917098
96907,19.243654060901015,0.5705076551168412,560,681,1241,0.0008058017727639033,-0.0008333472224535399,0.5700241740531886,-8.058017727639034e-05
96908,19.24282071367856,0.5697018533440773,560,681,1241,-0.0008058017727639033,-0.0008333472224535399,0.5698630136986359,-0.00016116035455278067
96909,19.241987366456108,0.5697018533440773,560,681,1241,0.0,-0.0008333472224535399,0.5697018533440831,-0.00016116035455278067
96910,19.24115401923365,0.5697018533440773,560,681,1241,0.0,-0.0008333472224570926,0.5697018533440831,0.0
96911,19.240320672011197,0.5697018533440773,560,681,1241,0.0,-0.0008333472224535399,0.5697018533440831,0.0
96912,19.239487324788744,0.5697018533440773,560,681,1241,0.0,-0.0008333472224535399,0.5697018533440831,0.0
96913,19.23865397756629,0.5697018533440773,560,681,1241,0.0,-0.0008333472224535399,0.5697824335213595,8.058017727637922e-05
96914,19.237820630343837,0.5697018533440773,560,681,1241,0.0,-0.0008333472224535399,0.5697824335213595,0.0
96915,19.236987283121383,0.5697018533440773,560,681,1241,0.0,-0.0008333472224535399,0.5697824335213595,0.0
96916,19.23615393589893,0.5705076551168412,560,681,1241,0.0008058017727639033,-0.0008333472224535399,0.5698630136986358,8.058017727639034e-05
96917,19.235320588676476,0.5697018533440773,560,681,1241,-0.0008058017727639033,-0.0008333472224535399,0.5697824335213595,-8.058017727639034e-05
96918,19.234487241454023,0.5697018533440773,560,681,1241,0.0,-0.0008333472224535399,0.5697824335213595,0.0
96919,19.23365389423157,0.5697018533440773,560,681,1241,0.0,-0.0008333472224535399,0.5697824335213595,0.0
96920,19.232820547009116,0.5697018533440773,560,681,1241,0.0,-0.0008333472224535399,0.5697824335213595,0.0
96921,19.231987199786662,0.5697018533440773,560,681,1241,0.0,-0.0008333472224535399,0.5697824335213595,0.0
96922,19.23115385256421,0.5697018533440773,560,681,1241,0.0,-0.0008333472224535399,0.5697824335213595,0.0
96923,19.230320505341755,0.5705076551168412,560,681,1241,0.0008058017727639033,-0.0008333472224535399,0.5698630136986358,8.058017727639034e-05
96924,19.2294871581193,0.5705076551168412,560,681,1241,0.0,-0.0008333472224535399,0.5699435938759121,8.058017727639034e-05
96925,19.228653810896848,0.5705076551168412,560,681,1241,0.0,-0.0008333472224535399,0.5700241740531885,8.058017727639034e-05
96926,19.227820463674394,0.5713134568896051,560,681,1241,0.0008058017727639033,-0.0008333472224535399,0.5701047542304649,8.058017727639034e-05
96927,19.22698711645194,0.5713134568896051,560,681,1241,0.0,-0.0008333472224535399,0.5702659145850177,0.00016116035455278067
96928,19.226153769229487,0.5705076551168412,560,681,1241,-0.0008058017727639033,-0.0008333472224535399,0.570346494762294,8.058017727639034e-05
96929,19.225320422007034,0.5705076551168412,560,681,1241,0.0,-0.0008333472224535399,0.5704270749395703,8.058017727639034e-05
96930,19.22448707478458,0.5705076551168412,560,681,1241,0.0,-0.0008333472224535399,0.5705076551168468,8.058017727639034e-05
96931,19.223653727562123,0.5697018533440773,560,681,1241,-0.0008058017727639033,-0.0008333472224570926,0.5705076551168468,0.0
96932,19.22282038033967,0.5697018533440773,560,681,1241,0.0,-0.0008333472224535399,0.5705076551168468,0.0
96933,19.221987033117216,0.5697018533440773,560,681,1241,0.0,-0.0008333472224535399,0.5704270749395703,-8.058017727639034e-05
96934,19.221153685894762,0.5688960515713135,560,681,1241,-0.0008058017727637923,-0.0008333472224535399,0.5702659145850176,-0.00016116035455276956
96935,19.22032033867231,0.5697018533440773,560,681,1241,0.0008058017727637923,-0.0008333472224535399,0.5701853344077412,-8.058017727639034e-05
96936,19.219486991449855,0.5697018533440773,560,681,1241,0.0,-0.0008333472224535399,0.5700241740531885,-0.00016116035455278067
96937,19.218653644227402,0.5680902497985496,560,681,1241,-0.0016116035455276956,-0.0008333472224535399,0.569701853344083,-0.00032232070910555023
96938,19.21782029700495,0.5680902497985496,560,681,1241,0.0,-0.0008333472224535399,0.5694601128122538,-0.0002417405318291599
96939,19.216986949782495,0.5680902497985496,560,681,1241,0.0,-0.0008333472224535399,0.5692183722804247,-0.0002417405318291599
96940,19.21615360256004,0.5672844480257857,560,681,1241,-0.0008058017727639033,-0.0008333472224535399,0.5688960515713192,-0.00032232070910555023
96941,19.215320255337588,0.5672844480257857,560,681,1241,0.0,-0.0008333472224535399,0.5686543110394899,-0.0002417405318291599
96942,19.214486908115134,0.5672844480257857,560,681,1241,0.0,-0.0008333472224535399,0.5684125705076608,-0.0002417405318291599
96943,19.21365356089268,0.5672844480257857,560,681,1241,0.0,-0.0008333472224535399,0.5681708299758316,-0.0002417405318291599
96944,19.212820213670227,0.5672844480257857,560,681,1241,0.0,-0.0008333472224535399,0.5680096696212787,-0.00016116035455278067
96945,19.211986866447774,0.5672844480257857,560,681,1241,0.0,-0.0008333472224535399,0.5677679290894496,-0.0002417405318291599
96946,19.21115351922532,0.5672844480257857,560,681,1241,0.0,-0.0008333472224535399,0.5675261885576204,-0.0002417405318291599
96947,19.210320172002866,0.5688960515713135,560,681,1241,0.0016116035455278066,-0.0008333472224535399,0.5676067687348969,8.058017727639034e-05
96948,19.209486824780413,0.5688960515713135,560,681,1241,0.0,-0.0008333472224535399,0.5676873489121732,8.058017727639034e-05
96949,19.20865347755796,0.5688960515713135,560,681,1241,0.0,-0.0008333472224535399,0.5677679290894495,8.058017727639034e-05
96950,19.207820130335506,0.5688960515713135,560,681,1241,0.0,-0.0008333472224535399,0.5679290894440022,0.00016116035455278067
96951,19.206986783113052,0.5688960515713135,560,681,1241,0.0,-0.0008333472224535399,0.5680902497985549,0.00016116035455278067
96952,19.206153435890595,0.5688960515713135,560,681,1241,0.0,-0.0008333472224570926,0.5682514101531077,0.00016116035455278067
96953,19.20532008866814,0.5688960515713135,560,681,1241,0.0,-0.0008333472224535399,0.5684125705076604,0.00016116035455278067
96954,19.204486741445688,0.5688960515713135,560,681,1241,0.0,-0.0008333472224535399,0.568573730862213,0.00016116035455278067
96955,19.203653394223235,0.5688960515713135,560,681,1241,0.0,-0.0008333472224535399,0.5687348912167657,0.00016116035455278067
96956,19.20282004700078,0.5680902497985496,560,681,1241,-0.0008058017727639033,-0.0008333472224535399,0.5688154713940421,8.058017727639034e-05
96957,19.201986699778328,0.5680902497985496,560,681,1241,0.0,-0.0008333472224535399,0.5687348912167657,-8.058017727639034e-05
96958,19.201153352555874,0.5688960515713135,560,681,1241,0.0008058017727639033,-0.0008333472224535399,0.5687348912167657,0.0
96959,19.20032000533342,0.5680902497985496,560,681,1241,-0.0008058017727639033,-0.0008333472224535399,0.5686543110394894,-8.058017727639034e-05
96960,19.199486658110967,0.5680902497985496,560,681,1241,0.0,-0.0008333472224535399,0.568573730862213,-8.058017727639034e-05
96961,19.198653310888513,0.5680902497985496,560,681,1241,0.0,-0.0008333472224535399,0.5684931506849367,-8.058017727639034e-05
96962,19.19781996366606,0.5688960515713135,560,681,1241,0.0008058017727639033,-0.0008333472224535399,0.5684931506849367,0.0
96963,19.196986616443606,0.5697018533440773,560,681,1241,0.0008058017727637923,-0.0008333472224535399,0.568573730862213,8.058017727637922e-05
96964,19.196153269221153,0.5688960515713135,560,681,1241,-0.0008058017727637923,-0.0008333472224535399,0.568573730862213,0.0
96965,19.1953199219987,0.5688960515713135,560,681,1241,0.0,-0.0008333472224535399,0.568573730862213,0.0
96966,19.194486574776246,0.5688960515713135,560,681,1241,0.0,-0.0008333472224535399,0.5686543110394894,8.058017727639034e-05
96967,19.193653227553792,0.5688960515713135,560,681,1241,0.0,-0.0008333472224535399,0.5687348912167657,8.058017727639034e-05
96968,19.19281988033134,0.5688960515713135,560,681,1241,0.0,-0.0008333472224535399,0.5687348912167657,0.0
96969,19.191986533108885,0.5688960515713135,560,681,1241,0.0,-0.0008333472224535399,0.5688154713940421,8.058017727639034e-05
96970,19.19115318588643,0.5688960515713135,560,681,1241,0.0,-0.0008333472224535399,0.5688960515713184,8.058017727639034e-05
96971,19.190319838663978,0.5688960515713135,560,681,1241,0.0,-0.0008333472224535399,0.5689766317485947,8.058017727639034e-05
96972,19.189486491441524,0.5688960515713135,560,681,1241,0.0,-0.0008333472224535399,0.5689766317485947,0.0
96973,19.188653144219067,0.5688960515713135,560,681,1241,0.0,-0.0008333472224570926,0.5688960515713183,-8.058017727637922e-05
96974,19.187819796996614,0.5688960515713135,560,681,1241,0.0,-0.0008333472224535399,0.5688960515713184,0.0
96975,19.18698644977416,0.5688960515713135,560,681,1241,0.0,-0.0008333472224535399,0.5688960515713184,0.0
96976,19.186153102551707,0.5688960515713135,560,681,1241,0.0,-0.0008333472224535399,0.5688960515713184,0.0
96977,19.185319755329253,0.5680902497985496,560,681,1241,-0.0008058017727639033,-0.0008333472224535399,0.5688154713940421,-8.058017727639034e-05
96978,19.1844864081068,0.5680902497985496,560,681,1241,0.0,-0.0008333472224535399,0.5687348912167657,-8.058017727639034e-05
96979,19.183653060884346,0.5688960515713135,560,681,1241,0.0008058017727639033,-0.0008333472224535399,0.5687348912167657,0.0
96980,19.182819713661893,0.5688960515713135,560,681,1241,0.0,-0.0008333472224535399,0.5687348912167657,0.0
96981,19.18198636643944,0.5688960515713135,560,681,1241,0.0,-0.0008333472224535399,0.5687348912167657,0.0
96982,19.181153019216985,0.5688960515713135,560,681,1241,0.0,-0.0008333472224535399,0.5687348912167657,0.0
96983,19.180319671994532,0.5688960515713135,560,681,1241,0.0,-0.0008333472224535399,0.5687348912167657,0.0
96984,19.17948632477208,0.5688960515713135,560,681,1241,0.0,-0.0008333472224535399,0.5687348912167657,0.0
96985,19.178652977549625,0.5688960515713135,560,681,1241,0.0,-0.0008333472224535399,0.5687348912167657,0.0
96986,19.17781963032717,0.5688960515713135,560,681,1241,0.0,-0.0008333472224535399,0.5687348912167657,0.0
96987,19.176986283104718,0.5688960515713135,560,681,1241,0.0,-0.0008333472224535399,0.5688154713940421,8.058017727639034e-05
96988,19.176152935882264,0.5688960515713135,560,681,1241,0.0,-0.0008333472224535399,0.5688960515713184,8.058017727639034e-05
96989,19.17531958865981,0.5688960515713135,560,681,1241,0.0,-0.0008333472224535399,0.5688960515713184,0.0
96990,19.174486241437357,0.5688960515713135,560,681,1241,0.0,-0.0008333472224535399,0.5688960515713184,0.0
96991,19.173652894214904,0.5688960515713135,560,681,1241,0.0,-0.0008333472224535399,0.5688960515713184,0.0
96992,19.17281954699245,0.5688960515713135,560,681,1241,0.0,-0.0008333472224535399,0.5688960515713184,0.0
96993,19.171986199769997,0.5697018533440773,560,681,1241,0.0008058017727637923,-0.0008333472224535399,0.5689766317485947,8.058017727637922e-05
96994,19.17115285254754,0.5688960515713135,560,681,1241,-0.0008058017727637923,-0.0008333472224570926,0.5689766317485947,0.0
96995,19.170319505325086,0.5688960515713135,560,681,1241,0.0,-0.0008333472224535399,0.5689766317485947,0.0
96996,19.169486158102632,0.5688960515713135,560,681,1241,0.0,-0.0008333472224535399,0.5689766317485947,0.0
96997,19.16865281088018,0.5688960515713135,560,681,1241,0.0,-0.0008333472224535399,0.5689766317485947,0.0
96998,19.167819463657725,0.5688960515713135,560,681,1241,0.0,-0.0008333472224535399,0.5689766317485947,0.0
96999,19.16698611643527,0.5688960515713135,560,681,1241,0.0,-0.0008333472224535399,0.5689766317485947,0.0
97000,19.166152769212818,0.5688960515713135,560,681,1241,0.0,-0.0008333472224535399,0.5689766317485947,0.0
97001,19.165319421990365,0.5688960515713135,560,681,1241,0.0,-0.0008333472224535399,0.5689766317485947,0.0
97002,19.16448607476791,0.5688960515713135,560,681,1241,0.0,-0.0008333472224535399,0.5689766317485947,0.0
97003,19.163652727545458,0.5688960515713135,560,681,1241,0.0,-0.0008333472224535399,0.5688960515713183,-8.058017727637922e-05
97004,19.162819380323004,0.5688960515713135,560,681,1241,0.0,-0.0008333472224535399,0.5688960515713184,0.0
97005,19.16198603310055,0.5688960515713135,560,681,1241,0.0,-0.0008333472224535399,0.5688960515713184,0.0
97006,19.161152685878097,0.5680902497985496,560,681,1241,-0.0008058017727639033,-0.0008333472224535399,0.5688154713940421,-8.058017727639034e-05
97007,19.160319338655643,0.5680902497985496,560,681,1241,0.0,-0.0008333472224535399,0.5687348912167657,-8.058017727639034e-05
97008,19.15948599143319,0.5680902497985496,560,681,1241,0.0,-0.0008333472224535399,0.5686543110394894,-8.058017727639034e-05
97009,19.158652644210736,0.5680902497985496,560,681,1241,0.0,-0.0008333472224535399,0.568573730862213,-8.058017727639034e-05
97010,19.157819296988283,0.5680902497985496,560,681,1241,0.0,-0.0008333472224535399,0.5684931506849367,-8.058017727639034e-05
97011,19.15698594976583,0.5688960515713135,560,681,1241,0.0008058017727639033,-0.0008333472224535399,0.5684931506849367,0.0
97012,19.156152602543376,0.5688960515713135,560,681,1241,0.0,-0.0008333472224535399,0.5684931506849367,0.0
97013,19.155319255320922,0.5688960515713135,560,681,1241,0.0,-0.0008333472224535399,0.5684931506849367,0.0
97014,19.15448590809847,0.5697018533440773,560,681,1241,0.0008058017727637923,-0.0008333472224535399,0.568573730862213,8.058017727637922e-05
97015,19.15365256087601,0.5705076551168412,560,681,1241,0.0008058017727639033,-0.0008333472224570926,0.5687348912167657,0.00016116035455276956
97016,19.152819213653558,0.5705076551168412,560,681,1241,0.0,-0.0008333472224535399,0.5689766317485948,0.0002417405318291599
97017,19.151985866431104,0.5705076551168412,560,681,1241,0.0,-0.0008333472224535399,0.5692183722804239,0.0002417405318291599
97018,19.15115251920865,0.5697018533440773,560,681,1241,-0.0008058017727639033,-0.0008333472224535399,0.5693795326349768,0.00016116035455276956
97019,19.150319171986197,0.5697018533440773,560,681,1241,0.0,-0.0008333472224535399,0.5695406929895295,0.00016116035455276956
97020,19.149485824763744,0.5697018533440773,560,681,1241,0.0,-0.0008333472224535399,0.5697018533440823,0.00016116035455276956
97021,19.14865247754129,0.5705076551168412,560,681,1241,0.0008058017727639033,-0.0008333472224535399,0.5698630136986351,0.00016116035455276956
97022,19.147819130318837,0.5705076551168412,560,681,1241,0.0,-0.0008333472224535399,0.5700241740531877,0.00016116035455276956
97023,19.146985783096383,0.5705076551168412,560,681,1241,0.0,-0.0008333472224535399,0.5701853344077404,0.00016116035455276956
97024,19.14615243587393,0.5697018533440773,560,681,1241,-0.0008058017727639033,-0.0008333472224535399,0.5701853344077404,0.0
97025,19.145319088651476,0.5697018533440773,560,681,1241,0.0,-0.0008333472224535399,0.5701047542304641,-8.058017727639034e-05
97026,19.144485741429023,0.5697018533440773,560,681,1241,0.0,-0.0008333472224535399,0.5700241740531877,-8.058017727639034e-05
97027,19.14365239420657,0.5697018533440773,560,681,1241,0.0,-0.0008333472224535399,0.5699435938759114,-8.058017727639034e-05
97028,19.142819046984116,0.5697018533440773,560,681,1241,0.0,-0.0008333472224535399,0.5699435938759114,0.0
97029,19.141985699761662,0.5688960515713135,560,681,1241,-0.0008058017727637923,-0.0008333472224535399,0.569863013698635,-8.058017727637922e-05
97030,19.14115235253921,0.5688960515713135,560,681,1241,0.0,-0.0008333472224535399,0.5697824335213586,-8.058017727637922e-05
97031,19.140319005316755,0.5688960515713135,560,681,1241,0.0,-0.0008333472224535399,0.569621273166806,-0.00016116035455276956
97032,19.1394856580943,0.5688960515713135,560,681,1241,0.0,-0.0008333472224535399,0.5694601128122533,-0.00016116035455276956
97033,19.138652310871848,0.5688960515713135,560,681,1241,0.0,-0.0008333472224535399,0.5692989524577006,-0.00016116035455276956
97034,19.137818963649394,0.5688960515713135,560,681,1241,0.0,-0.0008333472224535399,0.5692183722804243,-8.058017727637922e-05
97035,19.13698561642694,0.5688960515713135,560,681,1241,0.0,-0.0008333472224535399,0.5691377921031479,-8.058017727637922e-05
97036,19.136152269204487,0.5688960515713135,560,681,1241,0.0,-0.0008333472224535399,0.5690572119258716,-8.058017727637922e-05
97037,19.13531892198203,0.5688960515713135,560,681,1241,0.0,-0.0008333472224570926,0.5689766317485951,-8.058017727637922e-05
97038,19.134485574759577,0.5688960515713135,560,681,1241,0.0,-0.0008333472224535399,0.5688960515713188,-8.058017727637922e-05
97039,19.133652227537123,0.5688960515713135,560,681,1241,0.0,-0.0008333472224535399,0.568896051571319,0.0
97040,19.13281888031467,0.5688960515713135,560,681,1241,0.0,-0.0008333472224535399,0.568896051571319,0.0
97041,19.131985533092216,0.5688960515713135,560,681,1241,0.0,-0.0008333472224535399,0.568896051571319,0.0
97042,19.131152185869762,0.5713134568896051,560,681,1241,0.002417405318291599,-0.0008333472224535399,0.5691377921031482,0.0002417405318291599
97043,19.13031883864731,0.5705076551168412,560,681,1241,-0.0008058017727639033,-0.0008333472224535399,0.5692989524577008,0.00016116035455276956
97044,19.129485491424855,0.5705076551168412,560,681,1241,0.0,-0.0008333472224535399,0.5694601128122535,0.00016116035455276956
97045,19.128652144202402,0.5705076551168412,560,681,1241,0.0,-0.0008333472224535399,0.5696212731668062,0.00016116035455276956
97046,19.12781879697995,0.5705076551168412,560,681,1241,0.0,-0.0008333472224535399,0.5697824335213589,0.00016116035455276956
97047,19.126985449757495,0.5705076551168412,560,681,1241,0.0,-0.0008333472224535399,0.5699435938759116,0.00016116035455276956
97048,19.12615210253504,0.5705076551168412,560,681,1241,0.0,-0.0008333472224535399,0.5701047542304643,0.00016116035455276956
97049,19.125318755312588,0.5705076551168412,560,681,1241,0.0,-0.0008333472224535399,0.570265914585017,0.00016116035455276956
97050,19.124485408090134,0.5705076551168412,560,681,1241,0.0,-0.0008333472224535399,0.5704270749395697,0.00016116035455276956
97051,19.12365206086768,0.5705076551168412,560,681,1241,0.0,-0.0008333472224535399,0.5705882352941224,0.00016116035455276956
97052,19.122818713645227,0.5705076551168412,560,681,1241,0.0,-0.0008333472224535399,0.570507655116846,-8.058017727639034e-05
97053,19.121985366422773,0.5705076551168412,560,681,1241,0.0,-0.0008333472224535399,0.570507655116846,0.0
97054,19.12115201920032,0.5705076551168412,560,681,1241,0.0,-0.0008333472224535399,0.570507655116846,0.0
97055,19.120318671977866,0.5713134568896051,560,681,1241,0.0008058017727639033,-0.0008333472224535399,0.5705882352941224,8.058017727639034e-05
97056,19.119485324755413,0.5713134568896051,560,681,1241,0.0,-0.0008333472224535399,0.5706688154713988,8.058017727639034e-05
97057,19.11865197753296,0.5713134568896051,560,681,1241,0.0,-0.0008333472224535399,0.5707493956486752,8.058017727639034e-05
97058,19.117818630310502,0.5713134568896051,560,681,1241,0.0,-0.0008333472224570926,0.5708299758259516,8.058017727639034e-05
97059,19.11698528308805,0.5705076551168412,560,681,1241,-0.0008058017727639033,-0.0008333472224535399,0.5708299758259516,0.0
97060,19.116151935865595,0.5713134568896051,560,681,1241,0.0008058017727639033,-0.0008333472224535399,0.5709105560032282,8.058017727639034e-05
97061,19.11531858864314,0.5713134568896051,560,681,1241,0.0,-0.0008333472224535399,0.5709911361805046,8.058017727639034e-05
97062,19.114485241420688,0.5713134568896051,560,681,1241,0.0,-0.0008333472224535399,0.571071716357781,8.058017727639034e-05
97063,19.113651894198235,0.5713134568896051,560,681,1241,0.0,-0.0008333472224535399,0.5711522965350574,8.058017727639034e-05
97064,19.11281854697578,0.5713134568896051,560,681,1241,0.0,-0.0008333472224535399,0.5712328767123338,8.058017727639034e-05
97065,19.111985199753327,0.5713134568896051,560,681,1241,0.0,-0.0008333472224535399,0.5712328767123338,0.0
97066,19.111151852530874,0.5705076551168412,560,681,1241,-0.0008058017727639033,-0.0008333472224535399,0.5711522965350574,-8.058017727639034e-05
97067,19.11031850530842,0.5713134568896051,560,681,1241,0.0008058017727639033,-0.0008333472224535399,0.5711522965350574,0.0
97068,19.109485158085967,0.5713134568896051,560,681,1241,0.0,-0.0008333472224535399,0.5711522965350574,0.0
97069,19.108651810863513,0.5713134568896051,560,681,1241,0.0,-0.0008333472224535399,0.5712328767123338,8.058017727639034e-05
97070,19.10781846364106,0.5713134568896051,560,681,1241,0.0,-0.0008333472224535399,0.5712328767123338,0.0
97071,19.106985116418606,0.5713134568896051,560,681,1241,0.0,-0.0008333472224535399,0.5712328767123338,0.0
97072,19.106151769196153,0.572119258662369,560,681,1241,0.0008058017727639033,-0.0008333472224535399,0.5713134568896102,8.058017727639034e-05
97073,19.1053184219737,0.572119258662369,560,681,1241,0.0,-0.0008333472224535399,0.5713940370668865,8.058017727639034e-05
97074,19.104485074751246,0.572119258662369,560,681,1241,0.0,-0.0008333472224535399,0.5714746172441629,8.058017727639034e-05
97075,19.103651727528792,0.5713134568896051,560,681,1241,-0.0008058017727639033,-0.0008333472224535399,0.5714746172441629,0.0
97076,19.10281838030634,0.5713134568896051,560,681,1241,0.0,-0.0008333472224535399,0.5715551974214393,8.058017727639034e-05
97077,19.101985033083885,0.5705076551168412,560,681,1241,-0.0008058017727639033,-0.0008333472224535399,0.5714746172441629,-8.058017727639034e-05
97078,19.10115168586143,0.5705076551168412,560,681,1241,0.0,-0.0008333472224535399,0.5713940370668864,-8.058017727639034e-05
97079,19.100318338638974,0.5705076551168412,560,681,1241,0.0,-0.0008333472224570926,0.57131345688961,-8.058017727639034e-05
97080,19.09948499141652,0.5705076551168412,560,681,1241,0.0,-0.0008333472224535399,0.5712328767123336,-8.058017727639034e-05
97081,19.098651644194067,0.5705076551168412,560,681,1241,0.0,-0.0008333472224535399,0.5711522965350572,-8.058017727639034e-05
97082,19.097818296971614,0.5713134568896051,560,681,1241,0.0008058017727639033,-0.0008333472224535399,0.5710717163577808,-8.058017727639034e-05
97083,19.09698494974916,0.5713134568896051,560,681,1241,0.0,-0.0008333472224535399,0.5709911361805045,-8.058017727639034e-05
97084,19.096151602526707,0.5713134568896051,560,681,1241,0.0,-0.0008333472224535399,0.5709105560032282,-8.058017727639034e-05
97085,19.095318255304253,0.5713134568896051,560,681,1241,0.0,-0.0008333472224535399,0.5709105560032282,0.0
97086,19.0944849080818,0.5713134568896051,560,681,1241,0.0,-0.0008333472224535399,0.5709105560032282,0.0
97087,19.093651560859346,0.5705076551168412,560,681,1241,-0.0008058017727639033,-0.0008333472224535399,0.5709105560032282,0.0
97088,19.092818213636892,0.5705076551168412,560,681,1241,0.0,-0.0008333472224535399,0.5709105560032282,0.0
97089,19.09198486641444,0.5705076551168412,560,681,1241,0.0,-0.0008333472224535399,0.5709105560032282,0.0
97090,19.091151519191985,0.5705076551168412,560,681,1241,0.0,-0.0008333472224535399,0.5709105560032282,0.0
97091,19.090318171969532,0.5705076551168412,560,681,1241,0.0,-0.0008333472224535399,0.5709105560032282,0.0
97092,19.08948482474708,0.5705076551168412,560,681,1241,0.0,-0.0008333472224535399,0.5708299758259516,-8.058017727639034e-05
97093,19.088651477524625,0.5705076551168412,560,681,1241,0.0,-0.0008333472224535399,0.5707493956486752,-8.058017727639034e-05
97094,19.08781813030217,0.5705076551168412,560,681,1241,0.0,-0.0008333472224535399,0.5706688154713988,-8.058017727639034e-05
97095,19.086984783079718,0.5705076551168412,560,681,1241,0.0,-0.0008333472224535399,0.5705882352941224,-8.058017727639034e-05
97096,19.086151435857264,0.5713134568896051,560,681,1241,0.0008058017727639033,-0.0008333472224535399,0.5705882352941224,0.0
97097,19.08531808863481,0.5713134568896051,560,681,1241,0.0,-0.0008333472224535399,0.5706688154713988,8.058017727639034e-05
97098,19.084484741412357,0.5705076551168412,560,681,1241,-0.0008058017727639033,-0.0008333472224535399,0.5706688154713988,0.0
97099,19.083651394189904,0.5697018533440773,560,681,1241,-0.0008058017727639033,-0.0008333472224535399,0.5705882352941225,-8.058017727639034e-05
97100,19.082818046967446,0.5697018533440773,560,681,1241,0.0,-0.0008333472224570926,0.5705076551168461,-8.058017727639034e-05
97101,19.081984699744993,0.5697018533440773,560,681,1241,0.0,-0.0008333472224535399,0.5704270749395698,-8.058017727639034e-05
97102,19.08115135252254,0.5697018533440773,560,681,1241,0.0,-0.0008333472224535399,0.5703464947622934,-8.058017727639034e-05
97103,19.080318005300086,0.5697018533440773,560,681,1241,0.0,-0.0008333472224535399,0.5702659145850171,-8.058017727639034e-05
97104,19.079484658077632,0.5697018533440773,560,681,1241,0.0,-0.0008333472224535399,0.5701853344077408,-8.058017727639034e-05
97105,19.07865131085518,0.5688960515713135,560,681,1241,-0.0008058017727637923,-0.0008333472224535399,0.5700241740531881,-0.00016116035455276956
97106,19.077817963632725,0.5688960515713135,560,681,1241,0.0,-0.0008333472224535399,0.5697824335213589,-0.0002417405318291599
97107,19.07698461641027,0.5688960515713135,560,681,1241,0.0,-0.0008333472224535399,0.5695406929895297,-0.0002417405318291599
97108,19.076151269187818,0.5688960515713135,560,681,1241,0.0,-0.0008333472224535399,0.5693795326349769,-0.00016116035455276956
97109,19.075317921965365,0.5680902497985496,560,681,1241,-0.0008058017727639033,-0.0008333472224535399,0.5692183722804242,-0.00016116035455276956
97110,19.07448457474291,0.5680902497985496,560,681,1241,0.0,-0.0008333472224535399,0.5690572119258713,-0.00016116035455276956
97111,19.073651227520457,0.5688960515713135,560,681,1241,0.0008058017727639033,-0.0008333472224535399,0.568976631748595,-8.058017727637922e-05
97112,19.072817880298004,0.5688960515713135,560,681,1241,0.0,-0.0008333472224535399,0.5688960515713186,-8.058017727637922e-05
97113,19.07198453307555,0.5688960515713135,560,681,1241,0.0,-0.0008333472224535399,0.5688154713940423,-8.058017727637922e-05
97114,19.071151185853097,0.5688960515713135,560,681,1241,0.0,-0.0008333472224535399,0.568734891216766,-8.058017727637922e-05
97115,19.070317838630643,0.5688960515713135,560,681,1241,0.0,-0.0008333472224535399,0.568734891216766,0.0
97116,19.06948449140819,0.5688960515713135,560,681,1241,0.0,-0.0008333472224535399,0.568734891216766,0.0
97117,19.068651144185736,0.5688960515713135,560,681,1241,0.0,-0.0008333472224535399,0.568734891216766,0.0
97118,19.067817796963283,0.5697018533440773,560,681,1241,0.0008058017727637923,-0.0008333472224535399,0.5688154713940424,8.058017727637922e-05
97119,19.06698444974083,0.5697018533440773,560,681,1241,0.0,-0.0008333472224535399,0.5689766317485951,0.00016116035455276956
97120,19.066151102518376,0.5705076551168412,560,681,1241,0.0008058017727639033,-0.0008333472224535399,0.5692183722804243,0.0002417405318291599
97121,19.06531775529592,0.5705076551168412,560,681,1241,0.0,-0.0008333472224570926,0.569379532634977,0.00016116035455276956
97122,19.064484408073465,0.5705076551168412,560,681,1241,0.0,-0.0008333472224535399,0.5695406929895297,0.00016116035455276956
97123,19.06365106085101,0.5705076551168412,560,681,1241,0.0,-0.0008333472224535399,0.5697018533440824,0.00016116035455276956
97124,19.062817713628558,0.5705076551168412,560,681,1241,0.0,-0.0008333472224535399,0.5698630136986351,0.00016116035455276956
97125,19.061984366406104,0.5705076551168412,560,681,1241,0.0,-0.0008333472224535399,0.5700241740531877,0.00016116035455276956
97126,19.06115101918365,0.572119258662369,560,681,1241,0.0016116035455278066,-0.0008333472224535399,0.5703464947622934,0.00032232070910555023
97127,19.060317671961197,0.572119258662369,560,681,1241,0.0,-0.0008333472224535399,0.5706688154713989,0.00032232070910555023
97128,19.059484324738744,0.572119258662369,560,681,1241,0.0,-0.0008333472224535399,0.570910556003228,0.00024174053182917098
97129,19.05865097751629,0.572119258662369,560,681,1241,0.0,-0.0008333472224535399,0.5711522965350572,0.00024174053182917098
97130,19.057817630293837,0.572119258662369,560,681,1241,0.0,-0.0008333472224535399,0.5713134568896099,0.00016116035455278067
97131,19.056984283071383,0.5729250604351329,560,681,1241,0.0008058017727639033,-0.0008333472224535399,0.5715551974214391,0.00024174053182917098
97132,19.05615093584893,0.5729250604351329,560,681,1241,0.0,-0.0008333472224535399,0.5717969379532684,0.00024174053182917098
97133,19.055317588626476,0.5737308622078968,560,681,1241,0.0008058017727639033,-0.0008333472224535399,0.5721192586623739,0.00032232070910556134
97134,19.054484241404023,0.5737308622078968,560,681,1241,0.0,-0.0008333472224535399,0.5724415793714794,0.00032232070910556134
97135,19.05365089418157,0.5737308622078968,560,681,1241,0.0,-0.0008333472224535399,0.5727639000805851,0.00032232070910556134
97136,19.052817546959115,0.5737308622078968,560,681,1241,0.0,-0.0008333472224535399,0.5729250604351378,0.00016116035455278067
97137,19.051984199736662,0.5737308622078968,560,681,1241,0.0,-0.0008333472224535399,0.5730862207896906,0.00016116035455278067
97138,19.05115085251421,0.5745366639806607,560,681,1241,0.0008058017727639033,-0.0008333472224535399,0.5733279613215199,0.00024174053182917098
97139,19.050317505291755,0.5753424657534246,560,681,1241,0.0008058017727639033,-0.0008333472224535399,0.5736502820306254,0.00032232070910556134
97140,19.0494841580693,0.5753424657534246,560,681,1241,0.0,-0.0008333472224535399,0.5739726027397309,0.00032232070910556134
97141,19.048650810846848,0.5753424657534246,560,681,1241,0.0,-0.0008333472224535399,0.5742143432715601,0.00024174053182917098
97142,19.047817463624394,0.5761482675261885,560,681,1241,0.0008058017727639033,-0.0008333472224535399,0.5745366639806656,0.00032232070910556134
97143,19.046984116401937,0.5753424657534246,560,681,1241,-0.0008058017727639033,-0.0008333472224570926,0.5746978243352184,0.00016116035455278067
97144,19.046150769179484,0.5753424657534246,560,681,1241,0.0,-0.0008333472224535399,0.5748589846897711,0.00016116035455278067
97145,19.04531742195703,0.5753424657534246,560,681,1241,0.0,-0.0008333472224535399,0.575020145044324,0.00016116035455278067
97146,19.044484074734576,0.5753424657534246,560,681,1241,0.0,-0.0008333472224535399,0.5751813053988768,0.00016116035455278067
97147,19.043650727512123,0.5745366639806607,560,681,1241,-0.0008058017727639033,-0.0008333472224535399,0.5752618855761532,8.058017727639034e-05
97148,19.04281738028967,0.5753424657534246,560,681,1241,0.0008058017727639033,-0.0008333472224535399,0.5753424657534295,8.058017727639034e-05
97149,19.041984033067216,0.5753424657534246,560,681,1241,0.0,-0.0008333472224535399,0.5753424657534295,0.0
97150,19.041150685844762,0.5753424657534246,560,681,1241,0.0,-0.0008333472224535399,0.5753424657534295,0.0
97151,19.04031733862231,0.5745366639806607,560,681,1241,-0.0008058017727639033,-0.0008333472224535399,0.5752618855761532,-8.058017727639034e-05
97152,19.039483991399855,0.5745366639806607,560,681,1241,0.0,-0.0008333472224535399,0.5751007252216004,-0.00016116035455278067
97153,19.0386506441774,0.5753424657534246,560,681,1241,0.0008058017727639033,-0.0008333472224535399,0.5751007252216004,0.0
97154,19.037817296954948,0.5737308622078968,560,681,1241,-0.0016116035455278066,-0.0008333472224535399,0.5749395648670477,-0.00016116035455278067
97155,19.036983949732495,0.5737308622078968,560,681,1241,0.0,-0.0008333472224535399,0.5747784045124948,-0.00016116035455278067
97156,19.03615060251004,0.5737308622078968,560,681,1241,0.0,-0.0008333472224535399,0.574617244157942,-0.00016116035455278067
97157,19.035317255287588,0.5745366639806607,560,681,1241,0.0008058017727639033,-0.0008333472224535399,0.574617244157942,0.0
97158,19.034483908065134,0.5745366639806607,560,681,1241,0.0,-0.0008333472224535399,0.5745366639806657,-8.058017727639034e-05
97159,19.03365056084268,0.5745366639806607,560,681,1241,0.0,-0.0008333472224535399,0.5744560838033894,-8.058017727639034e-05
97160,19.032817213620227,0.5745366639806607,560,681,1241,0.0,-0.0008333472224535399,0.574375503626113,-8.058017727639034e-05
97161,19.031983866397773,0.5745366639806607,560,681,1241,0.0,-0.0008333472224535399,0.574375503626113,0.0
97162,19.03115051917532,0.5753424657534246,560,681,1241,0.0008058017727639033,-0.0008333472224535399,0.5744560838033894,8.058017727639034e-05
97163,19.030317171952866,0.5753424657534246,560,681,1241,0.0,-0.0008333472224535399,0.5744560838033894,0.0
97164,19.02948382473041,0.5753424657534246,560,681,1241,0.0,-0.0008333472224570926,0.5746172441579421,0.00016116035455278067
97165,19.028650477507956,0.5753424657534246,560,681,1241,0.0,-0.0008333472224535399,0.574778404512495,0.00016116035455278067
97166,19.027817130285502,0.5753424657534246,560,681,1241,0.0,-0.0008333472224535399,0.5749395648670477,0.00016116035455278067
97167,19.02698378306305,0.5761482675261885,560,681,1241,0.0008058017727639033,-0.0008333472224535399,0.5751007252216005,0.00016116035455278067
97168,19.026150435840595,0.5753424657534246,560,681,1241,-0.0008058017727639033,-0.0008333472224535399,0.5751813053988768,8.058017727639034e-05
97169,19.02531708861814,0.5753424657534246,560,681,1241,0.0,-0.0008333472224535399,0.5752618855761532,8.058017727639034e-05
97170,19.024483741395688,0.5753424657534246,560,681,1241,0.0,-0.0008333472224535399,0.5753424657534295,8.058017727639034e-05
97171,19.023650394173234,0.5753424657534246,560,681,1241,0.0,-0.0008333472224535399,0.5754230459307059,8.058017727639034e-05
97172,19.02281704695078,0.5745366639806607,560,681,1241,-0.0008058017727639033,-0.0008333472224535399,0.5753424657534295,-8.058017727639034e-05
97173,19.021983699728327,0.5745366639806607,560,681,1241,0.0,-0.0008333472224535399,0.5752618855761532,-8.058017727639034e-05
97174,19.021150352505874,0.5753424657534246,560,681,1241,0.0008058017727639033,-0.0008333472224535399,0.5752618855761532,0.0
97175,19.02031700528342,0.5753424657534246,560,681,1241,0.0,-0.0008333472224535399,0.5752618855761532,0.0
97176,19.019483658060967,0.5761482675261885,560,681,1241,0.0008058017727639033,-0.0008333472224535399,0.5753424657534296,8.058017727639034e-05
97177,19.018650310838513,0.5761482675261885,560,681,1241,0.0,-0.0008333472224535399,0.5753424657534296,0.0
97178,19.01781696361606,0.5761482675261885,560,681,1241,0.0,-0.0008333472224535399,0.575423045930706,8.058017727639034e-05
97179,19.016983616393606,0.5761482675261885,560,681,1241,0.0,-0.0008333472224535399,0.5755036261079824,8.058017727639034e-05
97180,19.016150269171153,0.5761482675261885,560,681,1241,0.0,-0.0008333472224535399,0.575584206285259,8.058017727639034e-05
97181,19.0153169219487,0.5761482675261885,560,681,1241,0.0,-0.0008333472224535399,0.5756647864625354,8.058017727639034e-05
97182,19.014483574726246,0.5761482675261885,560,681,1241,0.0,-0.0008333472224535399,0.5758259468170881,0.00016116035455278067
97183,19.013650227503792,0.5761482675261885,560,681,1241,0.0,-0.0008333472224535399,0.5759871071716409,0.00016116035455278067
97184,19.01281688028134,0.5769540692989524,560,681,1241,0.0008058017727639033,-0.0008333472224535399,0.5761482675261937,0.00016116035455278067
97185,19.01198353305888,0.5769540692989524,560,681,1241,0.0,-0.0008333472224570926,0.5763094278807465,0.00016116035455278067
97186,19.011150185836428,0.5769540692989524,560,681,1241,0.0,-0.0008333472224535399,0.5763900080580229,8.058017727639034e-05
97187,19.010316838613974,0.5769540692989524,560,681,1241,0.0,-0.0008333472224535399,0.5764705882352992,8.058017727639034e-05
97188,19.00948349139152,0.5769540692989524,560,681,1241,0.0,-0.0008333472224535399,0.5765511684125755,8.058017727639034e-05
97189,19.008650144169067,0.5769540692989524,560,681,1241,0.0,-0.0008333472224535399,0.5766317485898519,8.058017727639034e-05
97190,19.007816796946614,0.5769540692989524,560,681,1241,0.0,-0.0008333472224535399,0.5767123287671282,8.058017727639034e-05
97191,19.00698344972416,0.5761482675261885,560,681,1241,-0.0008058017727639033,-0.0008333472224535399,0.5767123287671282,0.0
97192,19.006150102501707,0.5745366639806607,560,681,1241,-0.0016116035455278066,-0.0008333472224535399,0.5765511684125755,-0.00016116035455278067
97193,19.005316755279253,0.5753424657534246,560,681,1241,0.0008058017727639033,-0.0008333472224535399,0.576470588235299,-8.058017727639034e-05
97194,19.0044834080568,0.5761482675261885,560,681,1241,0.0008058017727639033,-0.0008333472224535399,0.5763900080580227,-8.058017727639034e-05
97195,19.003650060834346,0.5769540692989524,560,681,1241,0.0008058017727639033,-0.0008333472224535399,0.5763900080580227,0.0
97196,19.002816713611892,0.5777598710717163,560,681,1241,0.0008058017727639033,-0.0008333472224535399,0.5764705882352991,8.058017727639034e-05
97197,19.00198336638944,0.5785656728444802,560,681,1241,0.0008058017727639033,-0.0008333472224535399,0.5766317485898519,0.00016116035455278067
97198,19.001150019166985,0.5793714746172441,560,681,1241,0.0008058017727639033,-0.0008333472224535399,0.5768734891216811,0.00024174053182917098
97199,19.000316671944532,0.580177276390008,560,681,1241,0.0008058017727639033,-0.0008333472224535399,0.5771958098307867,0.00032232070910556134
97200,18.99948332472208,0.580177276390008,560,681,1241,0.0,-0.0008333472224535399,0.5775181305398922,0.00032232070910556134
97201,18.998649977499625,0.5793714746172441,560,681,1241,-0.0008058017727639033,-0.0008333472224535399,0.5778404512489977,0.00032232070910556134
97202,18.99781663027717,0.5793714746172441,560,681,1241,0.0,-0.0008333472224535399,0.5783239323126561,0.00048348106365834196
97203,18.996983283054718,0.5793714746172441,560,681,1241,0.0,-0.0008333472224535399,0.5787268331990381,0.00040290088638195165
97204,18.996149935832264,0.5793714746172441,560,681,1241,0.0,-0.0008333472224535399,0.5790491539081437,0.00032232070910556134
97205,18.99531658860981,0.5793714746172441,560,681,1241,0.0,-0.0008333472224535399,0.5792908944399728,0.00024174053182917098
97206,18.994483241387353,0.5793714746172441,560,681,1241,0.0,-0.0008333472224570926,0.5794520547945257,0.00016116035455278067
97207,18.9936498941649,0.5785656728444802,560,681,1241,-0.0008058017727639033,-0.0008333472224535399,0.5794520547945257,0.0
97208,18.992816546942446,0.5785656728444802,560,681,1241,0.0,-0.0008333472224535399,0.5793714746172492,-8.058017727639034e-05
97209,18.991983199719993,0.5777598710717163,560,681,1241,-0.0008058017727639033,-0.0008333472224535399,0.5791297340854201,-0.00024174053182917098
97210,18.99114985249754,0.5777598710717163,560,681,1241,0.0,-0.0008333472224535399,0.578887993553591,-0.00024174053182917098
97211,18.990316505275086,0.5777598710717163,560,681,1241,0.0,-0.0008333472224535399,0.5787268331990382,-0.00016116035455278067
97212,18.989483158052632,0.5769540692989524,560,681,1241,-0.0008058017727639033,-0.0008333472224535399,0.5784850926672089,-0.00024174053182917098
97213,18.98864981083018,0.5769540692989524,560,681,1241,0.0,-0.0008333472224535399,0.5782433521353798,-0.00024174053182917098
97214,18.987816463607725,0.5769540692989524,560,681,1241,0.0,-0.0008333472224535399,0.5780016116035506,-0.00024174053182917098
97215,18.98698311638527,0.5769540692989524,560,681,1241,0.0,-0.0008333472224535399,0.5777598710717213,-0.00024174053182917098
97216,18.986149769162818,0.5769540692989524,560,681,1241,0.0,-0.0008333472224535399,0.5775181305398921,-0.00024174053182917098
97217,18.985316421940365,0.5777598710717163,560,681,1241,0.0008058017727639033,-0.0008333472224535399,0.5774375503626158,-8.058017727639034e-05
97218,18.98448307471791,0.5777598710717163,560,681,1241,0.0,-0.0008333472224535399,0.5773569701853394,-8.058017727639034e-05
97219,18.983649727495457,0.5777598710717163,560,681,1241,0.0,-0.0008333472224535399,0.5773569701853394,0.0
97220,18.982816380273004,0.5777598710717163,560,681,1241,0.0,-0.0008333472224535399,0.5773569701853394,0.0
97221,18.98198303305055,0.5785656728444802,560,681,1241,0.0008058017727639033,-0.0008333472224535399,0.5774375503626158,8.058017727639034e-05
97222,18.981149685828097,0.5777598710717163,560,681,1241,-0.0008058017727639033,-0.0008333472224535399,0.5775181305398922,8.058017727639034e-05
97223,18.980316338605643,0.5777598710717163,560,681,1241,0.0,-0.0008333472224535399,0.5775987107171686,8.058017727639034e-05
97224,18.97948299138319,0.5777598710717163,560,681,1241,0.0,-0.0008333472224535399,0.577679290894445,8.058017727639034e-05
97225,18.978649644160736,0.5777598710717163,560,681,1241,0.0,-0.0008333472224535399,0.5777598710717216,8.058017727639034e-05
97226,18.977816296938283,0.5777598710717163,560,681,1241,0.0,-0.0008333472224535399,0.577840451248998,8.058017727639034e-05
97227,18.976982949715826,0.5777598710717163,560,681,1241,0.0,-0.0008333472224570926,0.577840451248998,0.0
97228,18.976149602493372,0.5777598710717163,560,681,1241,0.0,-0.0008333472224535399,0.577840451248998,0.0
97229,18.97531625527092,0.5777598710717163,560,681,1241,0.0,-0.0008333472224535399,0.577840451248998,0.0
97230,18.974482908048465,0.5777598710717163,560,681,1241,0.0,-0.0008333472224535399,0.577840451248998,0.0
97231,18.97364956082601,0.5777598710717163,560,681,1241,0.0,-0.0008333472224535399,0.5777598710717216,-8.058017727639034e-05
97232,18.972816213603558,0.5777598710717163,560,681,1241,0.0,-0.0008333472224535399,0.5777598710717216,0.0
97233,18.971982866381104,0.5785656728444802,560,681,1241,0.0008058017727639033,-0.0008333472224535399,0.577840451248998,8.058017727639034e-05
97234,18.97114951915865,0.5785656728444802,560,681,1241,0.0,-0.0008333472224535399,0.5779210314262743,8.058017727639034e-05
97235,18.970316171936197,0.5785656728444802,560,681,1241,0.0,-0.0008333472224535399,0.5780016116035507,8.058017727639034e-05
97236,18.969482824713744,0.5785656728444802,560,681,1241,0.0,-0.0008333472224535399,0.578082191780827,8.058017727639034e-05
97237,18.96864947749129,0.5785656728444802,560,681,1241,0.0,-0.0008333472224535399,0.5781627719581033,8.058017727639034e-05
97238,18.967816130268837,0.5793714746172441,560,681,1241,0.0008058017727639033,-0.0008333472224535399,0.5783239323126561,0.00016116035455278067
97239,18.966982783046383,0.5777598710717163,560,681,1241,-0.0016116035455278066,-0.0008333472224535399,0.5783239323126561,0.0
97240,18.96614943582393,0.5785656728444802,560,681,1241,0.0008058017727639033,-0.0008333472224535399,0.5784045124899324,8.058017727639034e-05
97241,18.965316088601476,0.5785656728444802,560,681,1241,0.0,-0.0008333472224535399,0.5784850926672088,8.058017727639034e-05
97242,18.964482741379022,0.5785656728444802,560,681,1241,0.0,-0.0008333472224535399,0.5785656728444851,8.058017727639034e-05
97243,18.96364939415657,0.5785656728444802,560,681,1241,0.0,-0.0008333472224535399,0.5785656728444851,0.0
97244,18.962816046934115,0.5785656728444802,560,681,1241,0.0,-0.0008333472224535399,0.5785656728444851,0.0
97245,18.961982699711662,0.5785656728444802,560,681,1241,0.0,-0.0008333472224535399,0.5785656728444851,0.0
97246,18.96114935248921,0.5785656728444802,560,681,1241,0.0,-0.0008333472224535399,0.5785656728444851,0.0
97247,18.960316005266755,0.5793714746172441,560,681,1241,0.0008058017727639033,-0.0008333472224535399,0.5786462530217615,8.058017727639034e-05
97248,18.959482658044298,0.5793714746172441,560,681,1241,0.0,-0.0008333472224570926,0.5786462530217615,0.0
97249,18.958649310821844,0.5785656728444802,560,681,1241,-0.0008058017727639033,-0.0008333472224535399,0.578726833199038,8.058017727639034e-05
97250,18.95781596359939,0.5785656728444802,560,681,1241,0.0,-0.0008333472224535399,0.578726833199038,0.0
97251,18.956982616376937,0.5785656728444802,560,681,1241,0.0,-0.0008333472224535399,0.578726833199038,0.0
97252,18.956149269154484,0.5785656728444802,560,681,1241,0.0,-0.0008333472224535399,0.578726833199038,0.0
97253,18.95531592193203,0.5785656728444802,560,681,1241,0.0,-0.0008333472224535399,0.578726833199038,0.0
97254,18.954482574709576,0.5793714746172441,560,681,1241,0.0008058017727639033,-0.0008333472224535399,0.5788074133763144,8.058017727639034e-05
97255,18.953649227487123,0.5785656728444802,560,681,1241,-0.0008058017727639033,-0.0008333472224535399,0.5788074133763144,0.0
97256,18.95281588026467,0.5777598710717163,560,681,1241,-0.0008058017727639033,-0.0008333472224535399,0.5787268331990381,-8.058017727639034e-05
97257,18.951982533042216,0.5785656728444802,560,681,1241,0.0008058017727639033,-0.0008333472224535399,0.5786462530217615,-8.058017727639034e-05
97258,18.951149185819762,0.5793714746172441,560,681,1241,0.0008058017727639033,-0.0008333472224535399,0.5786462530217615,0.0
97259,18.95031583859731,0.5793714746172441,560,681,1241,0.0,-0.0008333472224535399,0.5787268331990381,8.058017727639034e-05
97260,18.949482491374855,0.5793714746172441,560,681,1241,0.0,-0.0008333472224535399,0.5788074133763145,8.058017727639034e-05
97261,18.9486491441524,0.580177276390008,560,681,1241,0.0008058017727639033,-0.0008333472224535399,0.5789685737308672,0.00016116035455278067
97262,18.947815796929948,0.580983078162772,560,681,1241,0.0008058017727639033,-0.0008333472224535399,0.5792103142626964,0.00024174053182917098
97263,18.946982449707495,0.5817888799355359,560,681,1241,0.0008058017727639033,-0.0008333472224535399,0.579532634971802,0.00032232070910556134
97264,18.94614910248504,0.5817888799355359,560,681,1241,0.0,-0.0008333472224535399,0.5797743755036311,0.00024174053182917098
97265,18.945315755262587,0.5817888799355359,560,681,1241,0.0,-0.0008333472224535399,0.5800966962127367,0.00032232070910556134
97266,18.944482408040134,0.5817888799355359,560,681,1241,0.0,-0.0008333472224535399,0.5804995970991186,0.00040290088638195165
97267,18.94364906081768,0.5817888799355359,560,681,1241,0.0,-0.0008333472224535399,0.5808219178082241,0.00032232070910556134
97268,18.942815713595227,0.5817888799355359,560,681,1241,0.0,-0.0008333472224535399,0.5810636583400532,0.00024174053182917098
97269,18.941982366372773,0.5817888799355359,560,681,1241,0.0,-0.0008333472224535399,0.5813053988718824,0.00024174053182917098
97270,18.941149019150316,0.580983078162772,560,681,1241,-0.0008058017727639033,-0.0008333472224570926,0.5814665592264352,0.00016116035455278067
97271,18.940315671927863,0.580983078162772,560,681,1241,0.0,-0.0008333472224535399,0.5815471394037116,8.058017727639034e-05
97272,18.93948232470541,0.580177276390008,560,681,1241,-0.0008058017727639033,-0.0008333472224535399,0.5814665592264352,-8.058017727639034e-05
97273,18.938648977482956,0.5793714746172441,560,681,1241,-0.0008058017727639033,-0.0008333472224535399,0.5812248186946061,-0.00024174053182917098
97274,18.937815630260502,0.5785656728444802,560,681,1241,-0.0008058017727639033,-0.0008333472224535399,0.5809024979855005,-0.00032232070910556134
97275,18.93698228303805,0.5785656728444802,560,681,1241,0.0,-0.0008333472224535399,0.580580177276395,-0.00032232070910556134
97276,18.936148935815595,0.5785656728444802,560,681,1241,0.0,-0.0008333472224535399,0.5802578565672893,-0.00032232070910556134
97277,18.93531558859314,0.5793714746172441,560,681,1241,0.0008058017727639033,-0.0008333472224535399,0.5800161160354602,-0.00024174053182917098
97278,18.934482241370688,0.5793714746172441,560,681,1241,0.0,-0.0008333472224535399,0.5797743755036311,-0.00024174053182917098
97279,18.933648894148234,0.580983078162772,560,681,1241,0.0016116035455278066,-0.0008333472224535399,0.5796937953263548,-8.058017727639034e-05
97280,18.93281554692578,0.580983078162772,560,681,1241,0.0,-0.0008333472224535399,0.5796937953263548,0.0
97281,18.931982199703327,0.580983078162772,560,681,1241,0.0,-0.0008333472224535399,0.5796937953263548,0.0
97282,18.931148852480874,0.580177276390008,560,681,1241,-0.0008058017727639033,-0.0008333472224535399,0.5796937953263548,0.0
97283,18.93031550525842,0.580177276390008,560,681,1241,0.0,-0.0008333472224535399,0.5797743755036311,8.058017727639034e-05
97284,18.929482158035967,0.5793714746172441,560,681,1241,-0.0008058017727639033,-0.0008333472224535399,0.5798549556809076,8.058017727639034e-05
97285,18.928648810813513,0.5777598710717163,560,681,1241,-0.0016116035455278066,-0.0008333472224535399,0.5797743755036312,-8.058017727639034e-05
97286,18.92781546359106,0.5777598710717163,560,681,1241,0.0,-0.0008333472224535399,0.5796937953263549,-8.058017727639034e-05
97287,18.926982116368606,0.5777598710717163,560,681,1241,0.0,-0.0008333472224535399,0.5795326349718021,-0.00016116035455278067
97288,18.926148769146153,0.5777598710717163,560,681,1241,0.0,-0.0008333472224535399,0.5793714746172494,-0.00016116035455278067
97289,18.9253154219237,0.5769540692989524,560,681,1241,-0.0008058017727639033,-0.0008333472224535399,0.5789685737308673,-0.00040290088638195165
97290,18.924482074701245,0.5769540692989524,560,681,1241,0.0,-0.0008333472224535399,0.5785656728444853,-0.00040290088638195165
97291,18.92364872747879,0.5777598710717163,560,681,1241,0.0008058017727639033,-0.0008333472224570926,0.5782433521353798,-0.00032232070910556134
97292,18.922815380256335,0.5777598710717163,560,681,1241,0.0,-0.0008333472224535399,0.5780016116035507,-0.00024174053182917098
97293,18.92198203303388,0.5777598710717163,560,681,1241,0.0,-0.0008333472224535399,0.5777598710717216,-0.00024174053182917098
97294,18.921148685811428,0.5769540692989524,560,681,1241,-0.0008058017727639033,-0.0008333472224535399,0.5775181305398923,-0.00024174053182917098
97295,18.920315338588974,0.5769540692989524,560,681,1241,0.0,-0.0008333472224535399,0.5774375503626159,-8.058017727639034e-05
97296,18.91948199136652,0.5769540692989524,560,681,1241,0.0,-0.0008333472224535399,0.5773569701853394,-8.058017727639034e-05
97297,18.918648644144067,0.5769540692989524,560,681,1241,0.0,-0.0008333472224535399,0.577276390008063,-8.058017727639034e-05
97298,18.917815296921614,0.5769540692989524,560,681,1241,0.0,-0.0008333472224535399,0.5771958098307866,-8.058017727639034e-05
97299,18.91698194969916,0.5769540692989524,560,681,1241,0.0,-0.0008333472224535399,0.5771958098307866,0.0
97300,18.916148602476706,0.5761482675261885,560,681,1241,-0.0008058017727639033,-0.0008333472224535399,0.5771152296535103,-8.058017727639034e-05
97301,18.915315255254253,0.5769540692989524,560,681,1241,0.0008058017727639033,-0.0008333472224535399,0.5770346494762337,-8.058017727639034e-05
97302,18.9144819080318,0.5769540692989524,560,681,1241,0.0,-0.0008333472224535399,0.5769540692989573,-8.058017727639034e-05
97303,18.913648560809346,0.5769540692989524,560,681,1241,0.0,-0.0008333472224535399,0.5768734891216809,-8.058017727639034e-05
97304,18.912815213586892,0.5761482675261885,560,681,1241,-0.0008058017727639033,-0.0008333472224535399,0.5767929089444046,-8.058017727639034e-05
97305,18.91198186636444,0.5761482675261885,560,681,1241,0.0,-0.0008333472224535399,0.5767123287671282,-8.058017727639034e-05
97306,18.911148519141985,0.5769540692989524,560,681,1241,0.0008058017727639033,-0.0008333472224535399,0.5767123287671282,0.0
97307,18.91031517191953,0.5769540692989524,560,681,1241,0.0,-0.0008333472224535399,0.5767123287671282,0.0
97308,18.909481824697078,0.5777598710717163,560,681,1241,0.0008058017727639033,-0.0008333472224535399,0.5767929089444046,8.058017727639034e-05
97309,18.908648477474625,0.5777598710717163,560,681,1241,0.0,-0.0008333472224535399,0.5768734891216811,8.058017727639034e-05
97310,18.90781513025217,0.5777598710717163,560,681,1241,0.0,-0.0008333472224535399,0.5770346494762338,0.00016116035455278067
97311,18.906981783029718,0.5769540692989524,560,681,1241,-0.0008058017727639033,-0.0008333472224535399,0.5770346494762338,0.0
97312,18.90614843580726,0.5769540692989524,560,681,1241,0.0,-0.0008333472224570926,0.5770346494762338,0.0
97313,18.905315088584807,0.5769540692989524,560,681,1241,0.0,-0.0008333472224535399,0.5770346494762338,0.0
97314,18.904481741362353,0.5785656728444802,560,681,1241,0.0016116035455278066,-0.0008333472224535399,0.577276390008063,0.00024174053182917098
97315,18.9036483941399,0.5793714746172441,560,681,1241,0.0008058017727639033,-0.0008333472224535399,0.5775987107171685,0.00032232070910556134
97316,18.902815046917446,0.5793714746172441,560,681,1241,0.0,-0.0008333472224535399,0.5778404512489977,0.00024174053182917098
97317,18.901981699694993,0.580177276390008,560,681,1241,0.0008058017727639033,-0.0008333472224535399,0.5781627719581033,0.00032232070910556134
97318,18.90114835247254,0.580177276390008,560,681,1241,0.0,-0.0008333472224535399,0.5784045124899324,0.00024174053182917098
97319,18.900315005250086,0.5793714746172441,560,681,1241,-0.0008058017727639033,-0.0008333472224535399,0.5785656728444852,0.00016116035455278067
97320,18.899481658027632,0.580177276390008,560,681,1241,0.0008058017727639033,-0.0008333472224535399,0.5788074133763144,0.00024174053182917098
97321,18.89864831080518,0.580177276390008,560,681,1241,0.0,-0.0008333472224535399,0.5791297340854199,0.00032232070910556134
97322,18.897814963582725,0.5793714746172441,560,681,1241,-0.0008058017727639033,-0.0008333472224535399,0.5793714746172491,0.00024174053182917098
97323,18.89698161636027,0.5793714746172441,560,681,1241,0.0,-0.0008333472224535399,0.5796132151490784,0.00024174053182917098
97324,18.896148269137818,0.580177276390008,560,681,1241,0.0008058017727639033,-0.0008333472224535399,0.5797743755036311,0.00016116035455278067
97325,18.895314921915364,0.580177276390008,560,681,1241,0.0,-0.0008333472224535399,0.5798549556809075,8.058017727639034e-05
97326,18.89448157469291,0.580177276390008,560,681,1241,0.0,-0.0008333472224535399,0.5799355358581838,8.058017727639034e-05
97327,18.893648227470457,0.580177276390008,560,681,1241,0.0,-0.0008333472224535399,0.5799355358581838,0.0
97328,18.892814880248004,0.580177276390008,560,681,1241,0.0,-0.0008333472224535399,0.5799355358581838,0.0
97329,18.89198153302555,0.580983078162772,560,681,1241,0.0008058017727639033,-0.0008333472224535399,0.5800966962127366,0.00016116035455278067
97330,18.891148185803097,0.580983078162772,560,681,1241,0.0,-0.0008333472224535399,0.580177276390013,8.058017727639034e-05
97331,18.890314838580643,0.580983078162772,560,681,1241,0.0,-0.0008333472224535399,0.5802578565672895,8.058017727639034e-05
97332,18.88948149135819,0.580177276390008,560,681,1241,-0.0008058017727639033,-0.0008333472224535399,0.5803384367445659,8.058017727639034e-05
97333,18.888648144135733,0.5793714746172441,560,681,1241,-0.0008058017727639033,-0.0008333472224570926,0.5803384367445659,0.0
97334,18.88781479691328,0.5793714746172441,560,681,1241,0.0,-0.0008333472224535399,0.5802578565672895,-8.058017727639034e-05
97335,18.886981449690825,0.5793714746172441,560,681,1241,0.0,-0.0008333472224535399,0.5801772763900132,-8.058017727639034e-05
97336,18.886148102468372,0.5793714746172441,560,681,1241,0.0,-0.0008333472224535399,0.5800966962127367,-8.058017727639034e-05
97337,18.88531475524592,0.5793714746172441,560,681,1241,0.0,-0.0008333472224535399,0.5800161160354604,-8.058017727639034e-05
97338,18.884481408023465,0.5793714746172441,560,681,1241,0.0,-0.0008333472224535399,0.5799355358581841,-8.058017727639034e-05
97339,18.88364806080101,0.5793714746172441,560,681,1241,0.0,-0.0008333472224535399,0.5797743755036313,-0.00016116035455278067
97340,18.882814713578558,0.5793714746172441,560,681,1241,0.0,-0.0008333472224535399,0.5796132151490785,-0.00016116035455278067
97341,18.881981366356104,0.5785656728444802,560,681,1241,-0.0008058017727639033,-0.0008333472224535399,0.5793714746172494,-0.00024174053182917098
97342,18.88114801913365,0.5785656728444802,560,681,1241,0.0,-0.0008333472224535399,0.5792103142626965,-0.00016116035455278067
97343,18.880314671911197,0.5793714746172441,560,681,1241,0.0008058017727639033,-0.0008333472224535399,0.5792103142626965,0.0
97344,18.879481324688744,0.5793714746172441,560,681,1241,0.0,-0.0008333472224535399,0.5792103142626965,0.0
97345,18.87864797746629,0.580177276390008,560,681,1241,0.0008058017727639033,-0.0008333472224535399,0.5792908944399728,8.058017727639034e-05
97346,18.877814630243837,0.580177276390008,560,681,1241,0.0,-0.0008333472224535399,0.5793714746172492,8.058017727639034e-05
97347,18.876981283021383,0.580177276390008,560,681,1241,0.0,-0.0008333472224535399,0.5794520547945256,8.058017727639034e-05
97348,18.87614793579893,0.580177276390008,560,681,1241,0.0,-0.0008333472224535399,0.579532634971802,8.058017727639034e-05
97349,18.875314588576476,0.5793714746172441,560,681,1241,-0.0008058017727639033,-0.0008333472224535399,0.579532634971802,0.0
97350,18.874481241354022,0.5793714746172441,560,681,1241,0.0,-0.0008333472224535399,0.579532634971802,0.0
97351,18.87364789413157,0.5793714746172441,560,681,1241,0.0,-0.0008333472224535399,0.5796132151490784,8.058017727639034e-05
97352,18.872814546909115,0.5793714746172441,560,681,1241,0.0,-0.0008333472224535399,0.5796937953263548,8.058017727639034e-05
97353,18.87198119968666,0.5793714746172441,560,681,1241,0.0,-0.0008333472224535399,0.5796937953263548,0.0
97354,18.871147852464205,0.5785656728444802,560,681,1241,-0.0008058017727639033,-0.0008333472224570926,0.5796132151490784,-8.058017727639034e-05
97355,18.87031450524175,0.5793714746172441,560,681,1241,0.0008058017727639033,-0.0008333472224535399,0.579532634971802,-8.058017727639034e-05
97356,18.869481158019298,0.5793714746172441,560,681,1241,0.0,-0.0008333472224535399,0.5794520547945257,-8.058017727639034e-05
97357,18.868647810796844,0.5793714746172441,560,681,1241,0.0,-0.0008333472224535399,0.5793714746172494,-8.058017727639034e-05
97358,18.86781446357439,0.580983078162772,560,681,1241,0.0016116035455278066,-0.0008333472224535399,0.5794520547945258,8.058017727639034e-05
97359,18.866981116351937,0.580983078162772,560,681,1241,0.0,-0.0008333472224535399,0.5796132151490785,0.00016116035455278067
97360,18.866147769129483,0.5817888799355359,560,681,1241,0.0008058017727639033,-0.0008333472224535399,0.5798549556809076,0.00024174053182917098
97361,18.86531442190703,0.580983078162772,560,681,1241,-0.0008058017727639033,-0.0008333472224535399,0.5800161160354604,0.00016116035455278067
97362,18.864481074684576,0.580177276390008,560,681,1241,-0.0008058017727639033,-0.0008333472224535399,0.5800966962127367,8.058017727639034e-05
97363,18.863647727462123,0.580177276390008,560,681,1241,0.0,-0.0008333472224535399,0.5801772763900132,8.058017727639034e-05
97364,18.86281438023967,0.5793714746172441,560,681,1241,-0.0008058017727639033,-0.0008333472224535399,0.5802578565672896,8.058017727639034e-05
97365,18.861981033017216,0.5785656728444802,560,681,1241,-0.0008058017727639033,-0.0008333472224535399,0.5801772763900132,-8.058017727639034e-05
97366,18.861147685794762,0.5777598710717163,560,681,1241,-0.0008058017727639033,-0.0008333472224535399,0.5800161160354603,-0.00016116035455278067
97367,18.86031433857231,0.5769540692989524,560,681,1241,-0.0008058017727639033,-0.0008333472224535399,0.5797743755036311,-0.00024174053182917098
97368,18.859480991349855,0.5761482675261885,560,681,1241,-0.0008058017727639033,-0.0008333472224535399,0.5792908944399728,-0.00048348106365834196
97369,18.8586476441274,0.5753424657534246,560,681,1241,-0.0008058017727639033,-0.0008333472224535399,0.5787268331990381,-0.0005640612409347323
97370,18.857814296904948,0.5753424657534246,560,681,1241,0.0,-0.0008333472224535399,0.5780821917808269,-0.0006446414182111227
97371,18.856980949682494,0.5753424657534246,560,681,1241,0.0,-0.0008333472224535399,0.5775181305398921,-0.0005640612409347323
97372,18.85614760246004,0.5753424657534246,560,681,1241,0.0,-0.0008333472224535399,0.5770346494762337,-0.00048348106365834196
97373,18.855314255237587,0.5753424657534246,560,681,1241,0.0,-0.0008333472224535399,0.5765511684125755,-0.00048348106365834196
97374,18.854480908015134,0.5745366639806607,560,681,1241,-0.0008058017727639033,-0.0008333472224535399,0.5760676873489171,-0.00048348106365834196
97375,18.85364756079268,0.5753424657534246,560,681,1241,0.0008058017727639033,-0.0008333472224535399,0.5757453666398116,-0.00032232070910556134
97376,18.852814213570223,0.5753424657534246,560,681,1241,0.0,-0.0008333472224570926,0.5755036261079823,-0.00024174053182917098
97377,18.85198086634777,0.5761482675261885,560,681,1241,0.0008058017727639033,-0.0008333472224535399,0.5754230459307059,-8.058017727639034e-05
97378,18.851147519125316,0.5761482675261885,560,681,1241,0.0,-0.0008333472224535399,0.5754230459307059,0.0
97379,18.850314171902863,0.5761482675261885,560,681,1241,0.0,-0.0008333472224535399,0.5755036261079824,8.058017727639034e-05
97380,18.84948082468041,0.5761482675261885,560,681,1241,0.0,-0.0008333472224535399,0.5755842062852589,8.058017727639034e-05
97381,18.848647477457956,0.5761482675261885,560,681,1241,0.0,-0.0008333472224535399,0.5756647864625353,8.058017727639034e-05
97382,18.847814130235502,0.5761482675261885,560,681,1241,0.0,-0.0008333472224535399,0.5757453666398117,8.058017727639034e-05
97383,18.84698078301305,0.5769540692989524,560,681,1241,0.0008058017727639033,-0.0008333472224535399,0.5759065269943645,0.00016116035455278067
97384,18.846147435790595,0.5769540692989524,560,681,1241,0.0,-0.0008333472224535399,0.5761482675261936,0.00024174053182917098
97385,18.84531408856814,0.5769540692989524,560,681,1241,0.0,-0.0008333472224535399,0.5763094278807463,0.00016116035455278067
97386,18.844480741345688,0.5769540692989524,560,681,1241,0.0,-0.0008333472224535399,0.5764705882352992,0.00016116035455278067
97387,18.843647394123234,0.5785656728444802,560,681,1241,0.0016116035455278066,-0.0008333472224535399,0.5767123287671283,0.00024174053182917098
97388,18.84281404690078,0.5785656728444802,560,681,1241,0.0,-0.0008333472224535399,0.5769540692989574,0.00024174053182917098
97389,18.841980699678327,0.5785656728444802,560,681,1241,0.0,-0.0008333472224535399,0.5771958098307866,0.00024174053182917098
97390,18.841147352455874,0.5785656728444802,560,681,1241,0.0,-0.0008333472224535399,0.5774375503626157,0.00024174053182917098
97391,18.84031400523342,0.5785656728444802,560,681,1241,0.0,-0.0008333472224535399,0.5776792908944448,0.00024174053182917098
97392,18.839480658010967,0.5785656728444802,560,681,1241,0.0,-0.0008333472224535399,0.5779210314262739,0.00024174053182917098
97393,18.838647310788513,0.5785656728444802,560,681,1241,0.0,-0.0008333472224535399,0.5780821917808268,0.00016116035455278067
97394,18.83781396356606,0.5785656728444802,560,681,1241,0.0,-0.0008333472224535399,0.5782433521353795,0.00016116035455278067
97395,18.836980616343606,0.5785656728444802,560,681,1241,0.0,-0.0008333472224535399,0.5784045124899323,0.00016116035455278067
97396,18.836147269121152,0.5785656728444802,560,681,1241,0.0,-0.0008333472224535399,0.578565672844485,0.00016116035455278067
97397,18.835313921898695,0.5793714746172441,560,681,1241,0.0008058017727639033,-0.0008333472224570926,0.5786462530217615,8.058017727639034e-05
97398,18.834480574676242,0.5793714746172441,560,681,1241,0.0,-0.0008333472224535399,0.578726833199038,8.058017727639034e-05
97399,18.83364722745379,0.5793714746172441,560,681,1241,0.0,-0.0008333472224535399,0.5788074133763144,8.058017727639034e-05
97400,18.832813880231335,0.5785656728444802,560,681,1241,-0.0008058017727639033,-0.0008333472224535399,0.5788074133763144,0.0
97401,18.83198053300888,0.5785656728444802,560,681,1241,0.0,-0.0008333472224535399,0.5788074133763144,0.0
97402,18.831147185786428,0.5785656728444802,560,681,1241,0.0,-0.0008333472224535399,0.5788074133763144,0.0
97403,18.830313838563974,0.580177276390008,560,681,1241,0.0016116035455278066,-0.0008333472224535399,0.5789685737308672,0.00016116035455278067
97404,18.82948049134152,0.580983078162772,560,681,1241,0.0008058017727639033,-0.0008333472224535399,0.5792103142626963,0.00024174053182917098
97405,18.828647144119067,0.580983078162772,560,681,1241,0.0,-0.0008333472224535399,0.5794520547945256,0.00024174053182917098
97406,18.827813796896613,0.580983078162772,560,681,1241,0.0,-0.0008333472224535399,0.5796937953263548,0.00024174053182917098
97407,18.82698044967416,0.580177276390008,560,681,1241,-0.0008058017727639033,-0.0008333472224535399,0.5797743755036311,8.058017727639034e-05
97408,18.826147102451706,0.580177276390008,560,681,1241,0.0,-0.0008333472224535399,0.5798549556809075,8.058017727639034e-05
97409,18.825313755229253,0.5793714746172441,560,681,1241,-0.0008058017727639033,-0.0008333472224535399,0.5798549556809075,0.0
97410,18.8244804080068,0.5793714746172441,560,681,1241,0.0,-0.0008333472224535399,0.5799355358581839,8.058017727639034e-05
97411,18.823647060784346,0.580983078162772,560,681,1241,0.0016116035455278066,-0.0008333472224535399,0.5801772763900132,0.00024174053182917098
97412,18.822813713561892,0.580983078162772,560,681,1241,0.0,-0.0008333472224535399,0.5804190169218424,0.00024174053182917098
97413,18.82198036633944,0.580983078162772,560,681,1241,0.0,-0.0008333472224535399,0.5804995970991188,8.058017727639034e-05
97414,18.821147019116985,0.580983078162772,560,681,1241,0.0,-0.0008333472224535399,0.5804995970991188,0.0
97415,18.82031367189453,0.580177276390008,560,681,1241,-0.0008058017727639033,-0.0008333472224535399,0.5804190169218424,-8.058017727639034e-05
97416,18.819480324672078,0.580177276390008,560,681,1241,0.0,-0.0008333472224535399,0.5803384367445659,-8.058017727639034e-05
97417,18.818646977449625,0.580177276390008,560,681,1241,0.0,-0.0008333472224535399,0.5803384367445659,0.0
97418,18.817813630227167,0.5793714746172441,560,681,1241,-0.0008058017727639033,-0.0008333472224570926,0.5802578565672896,-8.058017727639034e-05
97419,18.816980283004714,0.5785656728444802,560,681,1241,-0.0008058017727639033,-0.0008333472224535399,0.5801772763900132,-8.058017727639034e-05
97420,18.81614693578226,0.5785656728444802,560,681,1241,0.0,-0.0008333472224535399,0.5800966962127367,-8.058017727639034e-05
97421,18.815313588559807,0.5777598710717163,560,681,1241,-0.0008058017727639033,-0.0008333472224535399,0.5797743755036311,-0.00032232070910556134
97422,18.814480241337353,0.5785656728444802,560,681,1241,0.0008058017727639033,-0.0008333472224535399,0.579532634971802,-0.00024174053182917098
97423,18.8136468941149,0.5793714746172441,560,681,1241,0.0008058017727639033,-0.0008333472224535399,0.5793714746172491,-0.00016116035455278067
97424,18.812813546892446,0.5793714746172441,560,681,1241,0.0,-0.0008333472224535399,0.5792103142626963,-0.00016116035455278067
97425,18.811980199669993,0.5793714746172441,560,681,1241,0.0,-0.0008333472224535399,0.57912973408542,-8.058017727639034e-05
97426,18.81114685244754,0.5793714746172441,560,681,1241,0.0,-0.0008333472224535399,0.5790491539081437,-8.058017727639034e-05
97427,18.810313505225086,0.5793714746172441,560,681,1241,0.0,-0.0008333472224535399,0.5789685737308673,-8.058017727639034e-05
97428,18.809480158002632,0.5793714746172441,560,681,1241,0.0,-0.0008333472224535399,0.5789685737308673,0.0
97429,18.80864681078018,0.5793714746172441,560,681,1241,0.0,-0.0008333472224535399,0.5790491539081437,8.058017727639034e-05
97430,18.807813463557725,0.5785656728444802,560,681,1241,-0.0008058017727639033,-0.0008333472224535399,0.5790491539081437,0.0
97431,18.80698011633527,0.5785656728444802,560,681,1241,0.0,-0.0008333472224535399,0.5791297340854201,8.058017727639034e-05
97432,18.806146769112818,0.5769540692989524,560,681,1241,-0.0016116035455278066,-0.0008333472224535399,0.5789685737308673,-0.00016116035455278067
97433,18.805313421890364,0.5769540692989524,560,681,1241,0.0,-0.0008333472224535399,0.5787268331990381,-0.00024174053182917098
97434,18.80448007466791,0.5769540692989524,560,681,1241,0.0,-0.0008333472224535399,0.5784850926672089,-0.00024174053182917098
97435,18.803646727445457,0.5769540692989524,560,681,1241,0.0,-0.0008333472224535399,0.5782433521353797,-0.00024174053182917098
97436,18.802813380223004,0.5769540692989524,560,681,1241,0.0,-0.0008333472224535399,0.5780016116035505,-0.00024174053182917098
97437,18.80198003300055,0.5777598710717163,560,681,1241,0.0008058017727639033,-0.0008333472224535399,0.5778404512489976,-0.00016116035455278067
97438,18.801146685778097,0.5777598710717163,560,681,1241,0.0,-0.0008333472224535399,0.5776792908944449,-0.00016116035455278067
97439,18.80031333855564,0.5777598710717163,560,681,1241,0.0,-0.0008333472224570926,0.5775181305398921,-0.00016116035455278067
97440,18.799479991333186,0.5777598710717163,560,681,1241,0.0,-0.0008333472224535399,0.5774375503626158,-8.058017727639034e-05
97441,18.798646644110732,0.5769540692989524,560,681,1241,-0.0008058017727639033,-0.0008333472224535399,0.577276390008063,-0.00016116035455278067
97442,18.79781329688828,0.5769540692989524,560,681,1241,0.0,-0.0008333472224535399,0.577276390008063,0.0
97443,18.796979949665825,0.5769540692989524,560,681,1241,0.0,-0.0008333472224535399,0.577276390008063,0.0
97444,18.796146602443372,0.5777598710717163,560,681,1241,0.0008058017727639033,-0.0008333472224535399,0.5773569701853394,8.058017727639034e-05
97445,18.79531325522092,0.5777598710717163,560,681,1241,0.0,-0.0008333472224535399,0.5774375503626159,8.058017727639034e-05
97446,18.794479907998465,0.5777598710717163,560,681,1241,0.0,-0.0008333472224535399,0.5775181305398923,8.058017727639034e-05
97447,18.79364656077601,0.5777598710717163,560,681,1241,0.0,-0.0008333472224535399,0.5775181305398923,0.0
97448,18.792813213553558,0.5777598710717163,560,681,1241,0.0,-0.0008333472224535399,0.5775181305398923,0.0
97449,18.791979866331104,0.5777598710717163,560,681,1241,0.0,-0.0008333472224535399,0.5775181305398923,0.0
97450,18.79114651910865,0.5769540692989524,560,681,1241,-0.0008058017727639033,-0.0008333472224535399,0.5774375503626159,-8.058017727639034e-05
97451,18.790313171886197,0.5769540692989524,560,681,1241,0.0,-0.0008333472224535399,0.5774375503626159,0.0
97452,18.789479824663744,0.5769540692989524,560,681,1241,0.0,-0.0008333472224535399,0.5774375503626159,0.0
97453,18.78864647744129,0.5769540692989524,560,681,1241,0.0,-0.0008333472224535399,0.5774375503626159,0.0
97454,18.787813130218836,0.5769540692989524,560,681,1241,0.0,-0.0008333472224535399,0.5773569701853394,-8.058017727639034e-05
97455,18.786979782996383,0.5777598710717163,560,681,1241,0.0008058017727639033,-0.0008333472224535399,0.5773569701853394,0.0
97456,18.78614643577393,0.5769540692989524,560,681,1241,-0.0008058017727639033,-0.0008333472224535399,0.577276390008063,-8.058017727639034e-05
97457,18.785313088551476,0.5753424657534246,560,681,1241,-0.0016116035455278066,-0.0008333472224535399,0.5770346494762337,-0.00024174053182917098
97458,18.784479741329022,0.5753424657534246,560,681,1241,0.0,-0.0008333472224535399,0.5767929089444046,-0.00024174053182917098
97459,18.78364639410657,0.5745366639806607,560,681,1241,-0.0008058017727639033,-0.0008333472224535399,0.576470588235299,-0.00032232070910556134
97460,18.78281304688411,0.5753424657534246,560,681,1241,0.0008058017727639033,-0.0008333472224570926,0.5763094278807462,-0.00016116035455278067
97461,18.781979699661658,0.5753424657534246,560,681,1241,0.0,-0.0008333472224535399,0.5761482675261934,-0.00016116035455278067
97462,18.781146352439205,0.5753424657534246,560,681,1241,0.0,-0.0008333472224535399,0.5759871071716407,-0.00016116035455278067
97463,18.78031300521675,0.5753424657534246,560,681,1241,0.0,-0.0008333472224535399,0.5758259468170879,-0.00016116035455278067
97464,18.779479657994298,0.5753424657534246,560,681,1241,0.0,-0.0008333472224535399,0.575664786462535,-0.00016116035455278067
97465,18.778646310771844,0.5753424657534246,560,681,1241,0.0,-0.0008333472224535399,0.5754230459307059,-0.00024174053182917098
97466,18.77781296354939,0.5753424657534246,560,681,1241,0.0,-0.0008333472224535399,0.5752618855761531,-0.00016116035455278067
97467,18.776979616326937,0.5745366639806607,560,681,1241,-0.0008058017727639033,-0.0008333472224535399,0.5751813053988768,-8.058017727639034e-05
97468,18.776146269104483,0.5745366639806607,560,681,1241,0.0,-0.0008333472224535399,0.5751007252216004,-8.058017727639034e-05
97469,18.77531292188203,0.5745366639806607,560,681,1241,0.0,-0.0008333472224535399,0.5751007252216004,0.0
97470,18.774479574659576,0.5745366639806607,560,681,1241,0.0,-0.0008333472224535399,0.5750201450443241,-8.058017727639034e-05
97471,18.773646227437123,0.5745366639806607,560,681,1241,0.0,-0.0008333472224535399,0.5749395648670477,-8.058017727639034e-05
97472,18.77281288021467,0.5745366639806607,560,681,1241,0.0,-0.0008333472224535399,0.5748589846897714,-8.058017727639034e-05
97473,18.771979532992216,0.5745366639806607,560,681,1241,0.0,-0.0008333472224535399,0.5747784045124951,-8.058017727639034e-05
97474,18.771146185769762,0.5737308622078968,560,681,1241,-0.0008058017727639033,-0.0008333472224535399,0.5746172441579422,-0.00016116035455278067
97475,18.77031283854731,0.5745366639806607,560,681,1241,0.0008058017727639033,-0.0008333472224535399,0.5745366639806659,-8.058017727639034e-05
97476,18.769479491324855,0.5737308622078968,560,681,1241,-0.0008058017727639033,-0.0008333472224535399,0.5743755036261131,-0.00016116035455278067
97477,18.7686461441024,0.5737308622078968,560,681,1241,0.0,-0.0008333472224535399,0.5742949234488367,-8.058017727639034e-05
97478,18.767812796879948,0.5737308622078968,560,681,1241,0.0,-0.0008333472224535399,0.5742143432715603,-8.058017727639034e-05
97479,18.766979449657494,0.5737308622078968,560,681,1241,0.0,-0.0008333472224535399,0.5741337630942838,-8.058017727639034e-05
97480,18.76614610243504,0.5737308622078968,560,681,1241,0.0,-0.0008333472224535399,0.5740531829170074,-8.058017727639034e-05
97481,18.765312755212584,0.5737308622078968,560,681,1241,0.0,-0.0008333472224570926,0.5739726027397309,-8.058017727639034e-05
97482,18.76447940799013,0.5737308622078968,560,681,1241,0.0,-0.0008333472224535399,0.5738920225624545,-8.058017727639034e-05
97483,18.763646060767677,0.5737308622078968,560,681,1241,0.0,-0.0008333472224535399,0.5738114423851781,-8.058017727639034e-05
97484,18.762812713545223,0.5745366639806607,560,681,1241,0.0008058017727639033,-0.0008333472224535399,0.5738920225624545,8.058017727639034e-05
97485,18.76197936632277,0.5745366639806607,560,681,1241,0.0,-0.0008333472224535399,0.5738920225624545,0.0
97486,18.761146019100316,0.5745366639806607,560,681,1241,0.0,-0.0008333472224535399,0.5739726027397309,8.058017727639034e-05
97487,18.760312671877863,0.5745366639806607,560,681,1241,0.0,-0.0008333472224535399,0.5740531829170074,8.058017727639034e-05
97488,18.75947932465541,0.5761482675261885,560,681,1241,0.0016116035455278066,-0.0008333472224535399,0.5742949234488366,0.00024174053182917098
97489,18.758645977432955,0.5761482675261885,560,681,1241,0.0,-0.0008333472224535399,0.5745366639806658,0.00024174053182917098
97490,18.757812630210502,0.5761482675261885,560,681,1241,0.0,-0.0008333472224535399,0.5747784045124951,0.00024174053182917098
97491,18.75697928298805,0.5777598710717163,560,681,1241,0.0016116035455278066,-0.0008333472224535399,0.575181305398877,0.00040290088638195165
97492,18.756145935765595,0.5777598710717163,560,681,1241,0.0,-0.0008333472224535399,0.575584206285259,0.00040290088638195165
97493,18.75531258854314,0.5769540692989524,560,681,1241,-0.0008058017727639033,-0.0008333472224535399,0.5759065269943646,0.00032232070910556134
97494,18.754479241320688,0.5769540692989524,560,681,1241,0.0,-0.0008333472224535399,0.5761482675261937,0.00024174053182917098
97495,18.753645894098234,0.5769540692989524,560,681,1241,0.0,-0.0008333472224535399,0.5763900080580229,0.00024174053182917098
97496,18.75281254687578,0.5769540692989524,560,681,1241,0.0,-0.0008333472224535399,0.576631748589852,0.00024174053182917098
97497,18.751979199653327,0.5761482675261885,560,681,1241,-0.0008058017727639033,-0.0008333472224535399,0.5767929089444047,0.00016116035455278067
97498,18.751145852430874,0.5753424657534246,560,681,1241,-0.0008058017727639033,-0.0008333472224535399,0.5767123287671283,-8.058017727639034e-05
97499,18.75031250520842,0.5753424657534246,560,681,1241,0.0,-0.0008333472224535399,0.5766317485898519,-8.058017727639034e-05
97500,18.749479157985967,0.5745366639806607,560,681,1241,-0.0008058017727639033,-0.0008333472224535399,0.5764705882352991,-0.00016116035455278067
97501,18.748645810763513,0.5753424657534246,560,681,1241,0.0008058017727639033,-0.0008333472224535399,0.5762288477034698,-0.00024174053182917098
97502,18.74781246354106,0.5753424657534246,560,681,1241,0.0,-0.0008333472224535399,0.5759871071716407,-0.00024174053182917098
97503,18.746979116318602,0.5761482675261885,560,681,1241,0.0008058017727639033,-0.0008333472224570926,0.5759065269943643,-8.058017727639034e-05
97504,18.74614576909615,0.5769540692989524,560,681,1241,0.0008058017727639033,-0.0008333472224535399,0.5759065269943643,0.0
97505,18.745312421873695,0.5769540692989524,560,681,1241,0.0,-0.0008333472224535399,0.5759065269943643,0.0
97506,18.74447907465124,0.5745366639806607,560,681,1241,-0.00241740531829171,-0.0008333472224535399,0.5756647864625352,-0.00024174053182917098
97507,18.743645727428788,0.5745366639806607,560,681,1241,0.0,-0.0008333472224535399,0.5755036261079824,-0.00016116035455278067
97508,18.742812380206335,0.5745366639806607,560,681,1241,0.0,-0.0008333472224535399,0.575423045930706,-8.058017727639034e-05
97509,18.74197903298388,0.5745366639806607,560,681,1241,0.0,-0.0008333472224535399,0.5753424657534297,-8.058017727639034e-05
97510,18.741145685761428,0.5745366639806607,560,681,1241,0.0,-0.0008333472224535399,0.5753424657534297,0.0
97511,18.740312338538974,0.5745366639806607,560,681,1241,0.0,-0.0008333472224535399,0.5752618855761533,-8.058017727639034e-05
97512,18.73947899131652,0.5737308622078968,560,681,1241,-0.0008058017727639033,-0.0008333472224535399,0.5751007252216006,-0.00016116035455278067
97513,18.738645644094067,0.5737308622078968,560,681,1241,0.0,-0.0008333472224535399,0.5748589846897714,-0.00024174053182917098
97514,18.737812296871613,0.5737308622078968,560,681,1241,0.0,-0.0008333472224535399,0.5745366639806658,-0.00032232070910556134
97515,18.73697894964916,0.5745366639806607,560,681,1241,0.0008058017727639033,-0.0008333472224535399,0.5742949234488367,-0.00024174053182917098
97516,18.736145602426706,0.5745366639806607,560,681,1241,0.0,-0.0008333472224535399,0.5742949234488367,0.0
97517,18.735312255204253,0.5745366639806607,560,681,1241,0.0,-0.0008333472224535399,0.5742949234488367,0.0
97518,18.7344789079818,0.5745366639806607,560,681,1241,0.0,-0.0008333472224535399,0.5742949234488367,0.0
97519,18.733645560759346,0.5737308622078968,560,681,1241,-0.0008058017727639033,-0.0008333472224535399,0.5742143432715603,-8.058017727639034e-05
97520,18.732812213536892,0.5737308622078968,560,681,1241,0.0,-0.0008333472224535399,0.5741337630942838,-8.058017727639034e-05
97521,18.73197886631444,0.5737308622078968,560,681,1241,0.0,-0.0008333472224535399,0.5740531829170074,-8.058017727639034e-05
97522,18.731145519091985,0.5737308622078968,560,681,1241,0.0,-0.0008333472224535399,0.5740531829170074,0.0
97523,18.73031217186953,0.5737308622078968,560,681,1241,0.0,-0.0008333472224535399,0.5740531829170074,0.0
97524,18.729478824647074,0.5737308622078968,560,681,1241,0.0,-0.0008333472224570926,0.5740531829170074,0.0
97525,18.72864547742462,0.5737308622078968,560,681,1241,0.0,-0.0008333472224535399,0.5739726027397309,-8.058017727639034e-05
97526,18.727812130202167,0.5737308622078968,560,681,1241,0.0,-0.0008333472224535399,0.5738920225624545,-8.058017727639034e-05
97527,18.726978782979714,0.5737308622078968,560,681,1241,0.0,-0.0008333472224535399,0.5738114423851781,-8.058017727639034e-05
97528,18.72614543575726,0.5745366639806607,560,681,1241,0.0008058017727639033,-0.0008333472224535399,0.5738114423851781,0.0
97529,18.725312088534807,0.5745366639806607,560,681,1241,0.0,-0.0008333472224535399,0.5738920225624545,8.058017727639034e-05
97530,18.724478741312353,0.5745366639806607,560,681,1241,0.0,-0.0008333472224535399,0.5739726027397309,8.058017727639034e-05
97531,18.7236453940899,0.5745366639806607,560,681,1241,0.0,-0.0008333472224535399,0.5740531829170074,8.058017727639034e-05
97532,18.722812046867446,0.5737308622078968,560,681,1241,-0.0008058017727639033,-0.0008333472224535399,0.5740531829170074,0.0
97533,18.721978699644993,0.5737308622078968,560,681,1241,0.0,-0.0008333472224535399,0.5740531829170074,0.0
97534,18.72114535242254,0.5729250604351329,560,681,1241,-0.0008058017727639033,-0.0008333472224535399,0.573972602739731,-8.058017727639034e-05
97535,18.720312005200086,0.5729250604351329,560,681,1241,0.0,-0.0008333472224535399,0.5738920225624546,-8.058017727639034e-05
97536,18.719478657977632,0.5729250604351329,560,681,1241,0.0,-0.0008333472224535399,0.5738114423851783,-8.058017727639034e-05
97537,18.71864531075518,0.5729250604351329,560,681,1241,0.0,-0.0008333472224535399,0.573730862207902,-8.058017727639034e-05
97538,18.717811963532725,0.5729250604351329,560,681,1241,0.0,-0.0008333472224535399,0.5735697018533492,-0.00016116035455278067
97539,18.71697861631027,0.5729250604351329,560,681,1241,0.0,-0.0008333472224535399,0.5734085414987964,-0.00016116035455278067
97540,18.716145269087818,0.572119258662369,560,681,1241,-0.0008058017727639033,-0.0008333472224535399,0.5731668009669673,-0.00024174053182917098
97541,18.715311921865364,0.572119258662369,560,681,1241,0.0,-0.0008333472224535399,0.572925060435138,-0.00024174053182917098
97542,18.71447857464291,0.5713134568896051,560,681,1241,-0.0008058017727639033,-0.0008333472224535399,0.5726833199033089,-0.00024174053182917098
97543,18.713645227420457,0.572119258662369,560,681,1241,0.0008058017727639033,-0.0008333472224535399,0.5725221595487561,-0.00016116035455278067
97544,18.712811880198004,0.572119258662369,560,681,1241,0.0,-0.0008333472224535399,0.5724415793714797,-8.058017727639034e-05
97545,18.711978532975547,0.572119258662369,560,681,1241,0.0,-0.0008333472224570926,0.5723609991942032,-8.058017727639034e-05
97546,18.711145185753093,0.572119258662369,560,681,1241,0.0,-0.0008333472224535399,0.5722804190169268,-8.058017727639034e-05
97547,18.71031183853064,0.572119258662369,560,681,1241,0.0,-0.0008333472224535399,0.5721998388396503,-8.058017727639034e-05
97548,18.709478491308186,0.5713134568896051,560,681,1241,-0.0008058017727639033,-0.0008333472224535399,0.5720386784850976,-0.00016116035455278067
97549,18.708645144085732,0.5705076551168412,560,681,1241,-0.0008058017727639033,-0.0008333472224535399,0.5717969379532684,-0.00024174053182917098
97550,18.70781179686328,0.5713134568896051,560,681,1241,0.0008058017727639033,-0.0008333472224535399,0.5717163577759921,-8.058017727639034e-05
97551,18.706978449640825,0.572119258662369,560,681,1241,0.0008058017727639033,-0.0008333472224535399,0.5717163577759921,0.0
97552,18.706145102418372,0.5729250604351329,560,681,1241,0.0008058017727639033,-0.0008333472224535399,0.5718775181305448,0.00016116035455278067
97553,18.70531175519592,0.5729250604351329,560,681,1241,0.0,-0.0008333472224535399,0.5719580983078212,8.058017727639034e-05
97554,18.704478407973465,0.5729250604351329,560,681,1241,0.0,-0.0008333472224535399,0.5720386784850977,8.058017727639034e-05
97555,18.70364506075101,0.5729250604351329,560,681,1241,0.0,-0.0008333472224535399,0.5721192586623741,8.058017727639034e-05
97556,18.702811713528558,0.5737308622078968,560,681,1241,0.0008058017727639033,-0.0008333472224535399,0.5722804190169268,0.00016116035455278067
97557,18.701978366306104,0.5737308622078968,560,681,1241,0.0,-0.0008333472224535399,0.5724415793714797,0.00016116035455278067
97558,18.70114501908365,0.5737308622078968,560,681,1241,0.0,-0.0008333472224535399,0.5726833199033088,0.00024174053182917098
97559,18.700311671861197,0.5745366639806607,560,681,1241,0.0008058017727639033,-0.0008333472224535399,0.5730862207896907,0.00040290088638195165
97560,18.699478324638743,0.5737308622078968,560,681,1241,-0.0008058017727639033,-0.0008333472224535399,0.5733279613215199,0.00024174053182917098
97561,18.69864497741629,0.5737308622078968,560,681,1241,0.0,-0.0008333472224535399,0.5734891216760727,0.00016116035455278067
97562,18.697811630193836,0.5745366639806607,560,681,1241,0.0008058017727639033,-0.0008333472224535399,0.5736502820306255,0.00016116035455278067
97563,18.696978282971383,0.5745366639806607,560,681,1241,0.0,-0.0008333472224535399,0.5738114423851782,0.00016116035455278067
97564,18.69614493574893,0.5745366639806607,560,681,1241,0.0,-0.0008333472224535399,0.573972602739731,0.00016116035455278067
97565,18.695311588526476,0.5745366639806607,560,681,1241,0.0,-0.0008333472224535399,0.5741337630942838,0.00016116035455278067
97566,18.69447824130402,0.5753424657534246,560,681,1241,0.0008058017727639033,-0.0008333472224570926,0.5742949234488366,0.00016116035455278067
97567,18.693644894081565,0.5753424657534246,560,681,1241,0.0,-0.0008333472224535399,0.5744560838033894,0.00016116035455278067
97568,18.69281154685911,0.5761482675261885,560,681,1241,0.0008058017727639033,-0.0008333472224535399,0.5746978243352185,0.00024174053182917098
97569,18.691978199636658,0.5761482675261885,560,681,1241,0.0,-0.0008333472224535399,0.5748589846897714,0.00016116035455278067
97570,18.691144852414205,0.5769540692989524,560,681,1241,0.0008058017727639033,-0.0008333472224535399,0.5751813053988769,0.00032232070910556134
97571,18.69031150519175,0.5777598710717163,560,681,1241,0.0008058017727639033,-0.0008333472224535399,0.575584206285259,0.00040290088638195165
97572,18.689478157969297,0.5785656728444802,560,681,1241,0.0008058017727639033,-0.0008333472224535399,0.5759871071716408,0.00040290088638195165
97573,18.688644810746844,0.5777598710717163,560,681,1241,-0.0008058017727639033,-0.0008333472224535399,0.5763094278807463,0.00032232070910556134
97574,18.68781146352439,0.5777598710717163,560,681,1241,0.0,-0.0008333472224535399,0.576631748589852,0.00032232070910556134
97575,18.686978116301937,0.5769540692989524,560,681,1241,-0.0008058017727639033,-0.0008333472224535399,0.5768734891216811,0.00024174053182917098
97576,18.686144769079483,0.5769540692989524,560,681,1241,0.0,-0.0008333472224535399,0.5770346494762338,0.00016116035455278067
97577,18.68531142185703,0.5777598710717163,560,681,1241,0.0008058017727639033,-0.0008333472224535399,0.5772763900080631,0.00024174053182917098
97578,18.684478074634576,0.5777598710717163,560,681,1241,0.0,-0.0008333472224535399,0.5774375503626159,0.00016116035455278067
97579,18.683644727412123,0.5777598710717163,560,681,1241,0.0,-0.0008333472224535399,0.5775987107171686,0.00016116035455278067
97580,18.68281138018967,0.5777598710717163,560,681,1241,0.0,-0.0008333472224535399,0.577679290894445,8.058017727639034e-05
97581,18.681978032967216,0.5777598710717163,560,681,1241,0.0,-0.0008333472224535399,0.577679290894445,0.0
97582,18.681144685744762,0.5777598710717163,560,681,1241,0.0,-0.0008333472224535399,0.5775987107171687,-8.058017727639034e-05
97583,18.68031133852231,0.5777598710717163,560,681,1241,0.0,-0.0008333472224535399,0.5775987107171687,0.0
97584,18.679477991299855,0.5777598710717163,560,681,1241,0.0,-0.0008333472224535399,0.5775987107171687,0.0
97585,18.6786446440774,0.5777598710717163,560,681,1241,0.0,-0.0008333472224535399,0.5776792908944451,8.058017727639034e-05
97586,18.677811296854948,0.5777598710717163,560,681,1241,0.0,-0.0008333472224535399,0.5777598710717216,8.058017727639034e-05
97587,18.67697794963249,0.5785656728444802,560,681,1241,0.0008058017727639033,-0.0008333472224570926,0.577840451248998,8.058017727639034e-05
97588,18.676144602410037,0.5785656728444802,560,681,1241,0.0,-0.0008333472224535399,0.5779210314262743,8.058017727639034e-05
97589,18.675311255187584,0.5785656728444802,560,681,1241,0.0,-0.0008333472224535399,0.5780016116035507,8.058017727639034e-05
97590,18.67447790796513,0.5777598710717163,560,681,1241,-0.0008058017727639033,-0.0008333472224535399,0.5780016116035507,0.0
97591,18.673644560742677,0.5777598710717163,560,681,1241,0.0,-0.0008333472224535399,0.5780016116035507,0.0
97592,18.672811213520223,0.5777598710717163,560,681,1241,0.0,-0.0008333472224535399,0.5780016116035507,0.0
97593,18.67197786629777,0.5777598710717163,560,681,1241,0.0,-0.0008333472224535399,0.5780016116035507,0.0
97594,18.671144519075316,0.5769540692989524,560,681,1241,-0.0008058017727639033,-0.0008333472224535399,0.5779210314262742,-8.058017727639034e-05
97595,18.670311171852862,0.5777598710717163,560,681,1241,0.0008058017727639033,-0.0008333472224535399,0.5779210314262742,0.0
97596,18.66947782463041,0.5769540692989524,560,681,1241,-0.0008058017727639033,-0.0008333472224535399,0.5778404512489977,-8.058017727639034e-05
97597,18.668644477407955,0.5769540692989524,560,681,1241,0.0,-0.0008333472224535399,0.577679290894445,-0.00016116035455278067
97598,18.667811130185502,0.5761482675261885,560,681,1241,-0.0008058017727639033,-0.0008333472224535399,0.5774375503626159,-0.00024174053182917098
97599,18.66697778296305,0.5761482675261885,560,681,1241,0.0,-0.0008333472224535399,0.5771958098307868,-0.00024174053182917098
97600,18.666144435740595,0.5753424657534246,560,681,1241,-0.0008058017727639033,-0.0008333472224535399,0.5769540692989575,-0.00024174053182917098
97601,18.66531108851814,0.5753424657534246,560,681,1241,0.0,-0.0008333472224535399,0.5767123287671283,-0.00024174053182917098
97602,18.664477741295688,0.5745366639806607,560,681,1241,-0.0008058017727639033,-0.0008333472224535399,0.5763900080580228,-0.00032232070910556134
97603,18.663644394073234,0.5745366639806607,560,681,1241,0.0,-0.0008333472224535399,0.5760676873489172,-0.00032232070910556134
97604,18.66281104685078,0.5745366639806607,560,681,1241,0.0,-0.0008333472224535399,0.5758259468170881,-0.00024174053182917098
97605,18.661977699628327,0.5745366639806607,560,681,1241,0.0,-0.0008333472224535399,0.5755036261079824,-0.00032232070910556134
97606,18.661144352405874,0.5753424657534246,560,681,1241,0.0008058017727639033,-0.0008333472224535399,0.5753424657534297,-0.00016116035455278067
97607,18.66031100518342,0.5761482675261885,560,681,1241,0.0008058017727639033,-0.0008333472224535399,0.5752618855761533,-8.058017727639034e-05
97608,18.659477657960966,0.5769540692989524,560,681,1241,0.0008058017727639033,-0.0008333472224535399,0.5753424657534297,8.058017727639034e-05
97609,18.65864431073851,0.5769540692989524,560,681,1241,0.0,-0.0008333472224570926,0.575423045930706,8.058017727639034e-05
97610,18.657810963516056,0.5769540692989524,560,681,1241,0.0,-0.0008333472224535399,0.5755842062852589,0.00016116035455278067
97611,18.656977616293602,0.5777598710717163,560,681,1241,0.0008058017727639033,-0.0008333472224535399,0.5758259468170881,0.00024174053182917098
97612,18.65614426907115,0.5769540692989524,560,681,1241,-0.0008058017727639033,-0.0008333472224535399,0.5760676873489172,0.00024174053182917098
97613,18.655310921848695,0.5777598710717163,560,681,1241,0.0008058017727639033,-0.0008333472224535399,0.5763900080580228,0.00032232070910556134
97614,18.65447757462624,0.5777598710717163,560,681,1241,0.0,-0.0008333472224535399,0.5767123287671283,0.00032232070910556134
97615,18.653644227403788,0.5777598710717163,560,681,1241,0.0,-0.0008333472224535399,0.5770346494762338,0.00032232070910556134
97616,18.652810880181335,0.5785656728444802,560,681,1241,0.0008058017727639033,-0.0008333472224535399,0.5773569701853394,0.00032232070910556134
97617,18.65197753295888,0.5785656728444802,560,681,1241,0.0,-0.0008333472224535399,0.5775987107171685,0.00024174053182917098
97618,18.651144185736428,0.5785656728444802,560,681,1241,0.0,-0.0008333472224535399,0.5777598710717213,0.00016116035455278067
97619,18.650310838513974,0.5785656728444802,560,681,1241,0.0,-0.0008333472224535399,0.5779210314262742,0.00016116035455278067
97620,18.64947749129152,0.5785656728444802,560,681,1241,0.0,-0.0008333472224535399,0.5780821917808269,0.00016116035455278067
97621,18.648644144069067,0.5785656728444802,560,681,1241,0.0,-0.0008333472224535399,0.5781627719581033,8.058017727639034e-05
97622,18.647810796846613,0.5785656728444802,560,681,1241,0.0,-0.0008333472224535399,0.578323932312656,0.00016116035455278067
97623,18.64697744962416,0.5785656728444802,560,681,1241,0.0,-0.0008333472224535399,0.5784045124899324,8.058017727639034e-05
97624,18.646144102401706,0.5785656728444802,560,681,1241,0.0,-0.0008333472224535399,0.5784850926672087,8.058017727639034e-05
97625,18.645310755179253,0.5785656728444802,560,681,1241,0.0,-0.0008333472224535399,0.578565672844485,8.058017727639034e-05
97626,18.6444774079568,0.5785656728444802,560,681,1241,0.0,-0.0008333472224535399,0.578565672844485,0.0
97627,18.643644060734346,0.5777598710717163,560,681,1241,-0.0008058017727639033,-0.0008333472224535399,0.5784850926672087,-8.058017727639034e-05
97628,18.642810713511892,0.5785656728444802,560,681,1241,0.0008058017727639033,-0.0008333472224535399,0.5784850926672087,0.0
97629,18.64197736628944,0.5785656728444802,560,681,1241,0.0,-0.0008333472224535399,0.5784850926672087,0.0
97630,18.64114401906698,0.5785656728444802,560,681,1241,0.0,-0.0008333472224570926,0.5784850926672087,0.0
97631,18.640310671844528,0.5785656728444802,560,681,1241,0.0,-0.0008333472224535399,0.5784850926672087,0.0
97632,18.639477324622074,0.5777598710717163,560,681,1241,-0.0008058017727639033,-0.0008333472224535399,0.5784045124899324,-8.058017727639034e-05
97633,18.63864397739962,0.5769540692989524,560,681,1241,-0.0008058017727639033,-0.0008333472224535399,0.5782433521353796,-0.00016116035455278067
97634,18.637810630177167,0.5769540692989524,560,681,1241,0.0,-0.0008333472224535399,0.5780821917808268,-0.00016116035455278067
97635,18.636977282954714,0.5769540692989524,560,681,1241,0.0,-0.0008333472224535399,0.577921031426274,-0.00016116035455278067
97636,18.63614393573226,0.5761482675261885,560,681,1241,-0.0008058017727639033,-0.0008333472224535399,0.5776792908944449,-0.00024174053182917098
97637,18.635310588509807,0.5761482675261885,560,681,1241,0.0,-0.0008333472224535399,0.5775181305398921,-0.00016116035455278067
97638,18.634477241287353,0.5761482675261885,560,681,1241,0.0,-0.0008333472224535399,0.577276390008063,-0.00024174053182917098
97639,18.6336438940649,0.5769540692989524,560,681,1241,0.0008058017727639033,-0.0008333472224535399,0.5771152296535103,-0.00016116035455278067
97640,18.632810546842446,0.5769540692989524,560,681,1241,0.0,-0.0008333472224535399,0.5769540692989574,-0.00016116035455278067
97641,18.631977199619993,0.5769540692989524,560,681,1241,0.0,-0.0008333472224535399,0.5767929089444046,-0.00016116035455278067
97642,18.63114385239754,0.5769540692989524,560,681,1241,0.0,-0.0008333472224535399,0.5767123287671282,-8.058017727639034e-05
97643,18.630310505175085,0.5769540692989524,560,681,1241,0.0,-0.0008333472224535399,0.5767123287671282,0.0
97644,18.629477157952632,0.5761482675261885,560,681,1241,-0.0008058017727639033,-0.0008333472224535399,0.5766317485898519,-8.058017727639034e-05
97645,18.62864381073018,0.5761482675261885,560,681,1241,0.0,-0.0008333472224535399,0.5765511684125755,-8.058017727639034e-05
97646,18.627810463507725,0.5761482675261885,560,681,1241,0.0,-0.0008333472224535399,0.5765511684125755,0.0
97647,18.62697711628527,0.5761482675261885,560,681,1241,0.0,-0.0008333472224535399,0.5765511684125755,0.0
97648,18.626143769062818,0.5761482675261885,560,681,1241,0.0,-0.0008333472224535399,0.5765511684125755,0.0
97649,18.625310421840364,0.5761482675261885,560,681,1241,0.0,-0.0008333472224535399,0.5764705882352992,-8.058017727639034e-05
97650,18.62447707461791,0.5761482675261885,560,681,1241,0.0,-0.0008333472224535399,0.5763900080580229,-8.058017727639034e-05
97651,18.623643727395454,0.5761482675261885,560,681,1241,0.0,-0.0008333472224570926,0.5763094278807465,-8.058017727639034e-05
97652,18.622810380173,0.5761482675261885,560,681,1241,0.0,-0.0008333472224535399,0.5762288477034702,-8.058017727639034e-05
97653,18.621977032950547,0.5753424657534246,560,681,1241,-0.0008058017727639033,-0.0008333472224535399,0.5760676873489173,-0.00016116035455278067
97654,18.621143685728093,0.5753424657534246,560,681,1241,0.0,-0.0008333472224535399,0.5759871071716409,-8.058017727639034e-05
97655,18.62031033850564,0.5753424657534246,560,681,1241,0.0,-0.0008333472224535399,0.5759065269943645,-8.058017727639034e-05
97656,18.619476991283186,0.5753424657534246,560,681,1241,0.0,-0.0008333472224535399,0.5758259468170881,-8.058017727639034e-05
97657,18.618643644060732,0.5761482675261885,560,681,1241,0.0008058017727639033,-0.0008333472224535399,0.5758259468170881,0.0
97658,18.61781029683828,0.5761482675261885,560,681,1241,0.0,-0.0008333472224535399,0.5758259468170881,0.0
97659,18.616976949615825,0.5777598710717163,560,681,1241,0.0016116035455278066,-0.0008333472224535399,0.5759871071716408,0.00016116035455278067
97660,18.61614360239337,0.5777598710717163,560,681,1241,0.0,-0.0008333472224535399,0.5761482675261936,0.00016116035455278067
97661,18.615310255170918,0.5777598710717163,560,681,1241,0.0,-0.0008333472224535399,0.5763094278807463,0.00016116035455278067
97662,18.614476907948465,0.5785656728444802,560,681,1241,0.0008058017727639033,-0.0008333472224535399,0.5765511684125755,0.00024174053182917098
97663,18.61364356072601,0.5785656728444802,560,681,1241,0.0,-0.0008333472224535399,0.5768734891216811,0.00032232070910556134
97664,18.612810213503558,0.5777598710717163,560,681,1241,-0.0008058017727639033,-0.0008333472224535399,0.5771152296535103,0.00024174053182917098
97665,18.611976866281104,0.5777598710717163,560,681,1241,0.0,-0.0008333472224535399,0.5773569701853395,0.00024174053182917098
97666,18.61114351905865,0.5777598710717163,560,681,1241,0.0,-0.0008333472224535399,0.5775987107171687,0.00024174053182917098
97667,18.610310171836197,0.5777598710717163,560,681,1241,0.0,-0.0008333472224535399,0.5777598710717216,0.00016116035455278067
97668,18.609476824613743,0.5769540692989524,560,681,1241,-0.0008058017727639033,-0.0008333472224535399,0.5778404512489979,8.058017727639034e-05
97669,18.60864347739129,0.5761482675261885,560,681,1241,-0.0008058017727639033,-0.0008333472224535399,0.577679290894445,-0.00016116035455278067
97670,18.607810130168836,0.5769540692989524,560,681,1241,0.0008058017727639033,-0.0008333472224535399,0.5775987107171686,-8.058017727639034e-05
97671,18.606976782946383,0.5753424657534246,560,681,1241,-0.0016116035455278066,-0.0008333472224535399,0.5773569701853394,-0.00024174053182917098
97672,18.606143435723926,0.5753424657534246,560,681,1241,0.0,-0.0008333472224570926,0.5770346494762338,-0.00032232070910556134
97673,18.605310088501472,0.5753424657534246,560,681,1241,0.0,-0.0008333472224535399,0.5767123287671283,-0.00032232070910556134
97674,18.60447674127902,0.5761482675261885,560,681,1241,0.0008058017727639033,-0.0008333472224535399,0.5765511684125755,-0.00016116035455278067
97675,18.603643394056565,0.5761482675261885,560,681,1241,0.0,-0.0008333472224535399,0.5763900080580228,-0.00016116035455278067
97676,18.60281004683411,0.5761482675261885,560,681,1241,0.0,-0.0008333472224535399,0.5762288477034699,-0.00016116035455278067
97677,18.601976699611658,0.5761482675261885,560,681,1241,0.0,-0.0008333472224535399,0.5760676873489172,-0.00016116035455278067
97678,18.601143352389204,0.5761482675261885,560,681,1241,0.0,-0.0008333472224535399,0.5759871071716408,-8.058017727639034e-05
97679,18.60031000516675,0.5769540692989524,560,681,1241,0.0008058017727639033,-0.0008333472224535399,0.5760676873489172,8.058017727639034e-05
97680,18.599476657944297,0.5769540692989524,560,681,1241,0.0,-0.0008333472224535399,0.5760676873489172,0.0
97681,18.598643310721844,0.5777598710717163,560,681,1241,0.0008058017727639033,-0.0008333472224535399,0.5763094278807463,0.00024174053182917098
97682,18.59780996349939,0.5777598710717163,560,681,1241,0.0,-0.0008333472224535399,0.5765511684125756,0.00024174053182917098
97683,18.596976616276937,0.5777598710717163,560,681,1241,0.0,-0.0008333472224535399,0.5767929089444048,0.00024174053182917098
97684,18.596143269054483,0.5777598710717163,560,681,1241,0.0,-0.0008333472224535399,0.5769540692989577,0.00016116035455278067
97685,18.59530992183203,0.5769540692989524,560,681,1241,-0.0008058017727639033,-0.0008333472224535399,0.577034649476234,8.058017727639034e-05
97686,18.594476574609576,0.5761482675261885,560,681,1241,-0.0008058017727639033,-0.0008333472224535399,0.577034649476234,0.0
97687,18.593643227387123,0.5761482675261885,560,681,1241,0.0,-0.0008333472224535399,0.577034649476234,0.0
97688,18.59280988016467,0.5761482675261885,560,681,1241,0.0,-0.0008333472224535399,0.577034649476234,0.0
97689,18.591976532942216,0.5769540692989524,560,681,1241,0.0008058017727639033,-0.0008333472224535399,0.577034649476234,0.0
97690,18.591143185719762,0.5769540692989524,560,681,1241,0.0,-0.0008333472224535399,0.577034649476234,0.0
97691,18.59030983849731,0.5769540692989524,560,681,1241,0.0,-0.0008333472224535399,0.5769540692989575,-8.058017727639034e-05
97692,18.589476491274855,0.5777598710717163,560,681,1241,0.0008058017727639033,-0.0008333472224535399,0.5769540692989575,0.0
97693,18.588643144052398,0.5777598710717163,560,681,1241,0.0,-0.0008333472224570926,0.5769540692989575,0.0
97694,18.587809796829944,0.5777598710717163,560,681,1241,0.0,-0.0008333472224535399,0.5769540692989575,0.0
97695,18.58697644960749,0.5777598710717163,560,681,1241,0.0,-0.0008333472224535399,0.577034649476234,8.058017727639034e-05
97696,18.586143102385037,0.5777598710717163,560,681,1241,0.0,-0.0008333472224535399,0.5771958098307868,0.00016116035455278067
97697,18.585309755162584,0.5769540692989524,560,681,1241,-0.0008058017727639033,-0.0008333472224535399,0.5772763900080631,8.058017727639034e-05
97698,18.58447640794013,0.5761482675261885,560,681,1241,-0.0008058017727639033,-0.0008333472224535399,0.5772763900080631,0.0
97699,18.583643060717677,0.5753424657534246,560,681,1241,-0.0008058017727639033,-0.0008333472224535399,0.5771152296535103,-0.00016116035455278067
97700,18.582809713495223,0.5753424657534246,560,681,1241,0.0,-0.0008333472224535399,0.5769540692989575,-0.00016116035455278067
97701,18.58197636627277,0.5753424657534246,560,681,1241,0.0,-0.0008333472224535399,0.5767929089444047,-0.00016116035455278067
97702,18.581143019050316,0.5753424657534246,560,681,1241,0.0,-0.0008333472224535399,0.5765511684125755,-0.00024174053182917098
97703,18.580309671827862,0.5753424657534246,560,681,1241,0.0,-0.0008333472224535399,0.5763094278807463,-0.00024174053182917098
97704,18.57947632460541,0.5753424657534246,560,681,1241,0.0,-0.0008333472224535399,0.5760676873489171,-0.00024174053182917098
97705,18.578642977382955,0.5753424657534246,560,681,1241,0.0,-0.0008333472224535399,0.5758259468170879,-0.00024174053182917098
97706,18.577809630160502,0.5753424657534246,560,681,1241,0.0,-0.0008333472224535399,0.5755842062852586,-0.00024174053182917098
97707,18.57697628293805,0.5745366639806607,560,681,1241,-0.0008058017727639033,-0.0008333472224535399,0.5753424657534295,-0.00024174053182917098
97708,18.576142935715595,0.5745366639806607,560,681,1241,0.0,-0.0008333472224535399,0.5751813053988768,-0.00016116035455278067
97709,18.57530958849314,0.5745366639806607,560,681,1241,0.0,-0.0008333472224535399,0.5751007252216004,-8.058017727639034e-05
97710,18.574476241270688,0.5745366639806607,560,681,1241,0.0,-0.0008333472224535399,0.5750201450443241,-8.058017727639034e-05
97711,18.573642894048234,0.5753424657534246,560,681,1241,0.0008058017727639033,-0.0008333472224535399,0.5750201450443241,0.0
97712,18.57280954682578,0.5761482675261885,560,681,1241,0.0008058017727639033,-0.0008333472224535399,0.5751007252216005,8.058017727639034e-05
97713,18.571976199603327,0.5761482675261885,560,681,1241,0.0,-0.0008333472224535399,0.5751813053988769,8.058017727639034e-05
97714,18.57114285238087,0.5761482675261885,560,681,1241,0.0,-0.0008333472224570926,0.5752618855761533,8.058017727639034e-05
97715,18.570309505158416,0.5761482675261885,560,681,1241,0.0,-0.0008333472224535399,0.5753424657534298,8.058017727639034e-05
97716,18.569476157935963,0.5761482675261885,560,681,1241,0.0,-0.0008333472224535399,0.5754230459307063,8.058017727639034e-05
97717,18.56864281071351,0.5761482675261885,560,681,1241,0.0,-0.0008333472224535399,0.575584206285259,0.00016116035455278067
97718,18.567809463491056,0.5753424657534246,560,681,1241,-0.0008058017727639033,-0.0008333472224535399,0.5756647864625354,8.058017727639034e-05
97719,18.566976116268602,0.5761482675261885,560,681,1241,0.0008058017727639033,-0.0008333472224535399,0.5758259468170881,0.00016116035455278067
97720,18.56614276904615,0.5753424657534246,560,681,1241,-0.0008058017727639033,-0.0008333472224535399,0.5759065269943645,8.058017727639034e-05
97721,18.565309421823695,0.5753424657534246,560,681,1241,0.0,-0.0008333472224535399,0.5759065269943645,0.0
97722,18.56447607460124,0.5753424657534246,560,681,1241,0.0,-0.0008333472224535399,0.5758259468170881,-8.058017727639034e-05
97723,18.563642727378788,0.5753424657534246,560,681,1241,0.0,-0.0008333472224535399,0.5757453666398116,-8.058017727639034e-05
97724,18.562809380156335,0.5753424657534246,560,681,1241,0.0,-0.0008333472224535399,0.5756647864625352,-8.058017727639034e-05
97725,18.56197603293388,0.5753424657534246,560,681,1241,0.0,-0.0008333472224535399,0.5755842062852587,-8.058017727639034e-05
97726,18.561142685711427,0.5745366639806607,560,681,1241,-0.0008058017727639033,-0.0008333472224535399,0.5754230459307059,-0.00016116035455278067
97727,18.560309338488974,0.5737308622078968,560,681,1241,-0.0008058017727639033,-0.0008333472224535399,0.5751813053988768,-0.00024174053182917098
97728,18.55947599126652,0.5737308622078968,560,681,1241,0.0,-0.0008333472224535399,0.575020145044324,-0.00016116035455278067
97729,18.558642644044067,0.5745366639806607,560,681,1241,0.0008058017727639033,-0.0008333472224535399,0.5748589846897711,-0.00016116035455278067
97730,18.557809296821613,0.5745366639806607,560,681,1241,0.0,-0.0008333472224535399,0.5747784045124948,-8.058017727639034e-05
97731,18.55697594959916,0.5745366639806607,560,681,1241,0.0,-0.0008333472224535399,0.5746978243352185,-8.058017727639034e-05
97732,18.556142602376706,0.5745366639806607,560,681,1241,0.0,-0.0008333472224535399,0.5746172441579421,-8.058017727639034e-05
97733,18.555309255154253,0.5745366639806607,560,681,1241,0.0,-0.0008333472224535399,0.5745366639806658,-8.058017727639034e-05
97734,18.5544759079318,0.5745366639806607,560,681,1241,0.0,-0.0008333472224535399,0.5744560838033894,-8.058017727639034e-05
97735,18.553642560709346,0.5745366639806607,560,681,1241,0.0,-0.0008333472224535399,0.5743755036261131,-8.058017727639034e-05
97736,18.55280921348689,0.5745366639806607,560,681,1241,0.0,-0.0008333472224570926,0.5743755036261131,0.0
97737,18.551975866264435,0.5745366639806607,560,681,1241,0.0,-0.0008333472224535399,0.5744560838033895,8.058017727639034e-05
97738,18.55114251904198,0.5745366639806607,560,681,1241,0.0,-0.0008333472224535399,0.5745366639806659,8.058017727639034e-05
97739,18.550309171819528,0.5745366639806607,560,681,1241,0.0,-0.0008333472224535399,0.5745366639806659,0.0
97740,18.549475824597074,0.5737308622078968,560,681,1241,-0.0008058017727639033,-0.0008333472224535399,0.5744560838033895,-8.058017727639034e-05
97741,18.54864247737462,0.5737308622078968,560,681,1241,0.0,-0.0008333472224535399,0.5743755036261131,-8.058017727639034e-05
97742,18.547809130152167,0.5737308622078968,560,681,1241,0.0,-0.0008333472224535399,0.5742949234488367,-8.058017727639034e-05
97743,18.546975782929714,0.5737308622078968,560,681,1241,0.0,-0.0008333472224535399,0.5742143432715603,-8.058017727639034e-05
97744,18.54614243570726,0.5737308622078968,560,681,1241,0.0,-0.0008333472224535399,0.5741337630942838,-8.058017727639034e-05
97745,18.545309088484807,0.5729250604351329,560,681,1241,-0.0008058017727639033,-0.0008333472224535399,0.573972602739731,-0.00016116035455278067
97746,18.544475741262353,0.572119258662369,560,681,1241,-0.0008058017727639033,-0.0008333472224535399,0.5737308622079018,-0.00024174053182917098
97747,18.5436423940399,0.5729250604351329,560,681,1241,0.0008058017727639033,-0.0008333472224535399,0.573569701853349,-0.00016116035455278067
97748,18.542809046817446,0.5729250604351329,560,681,1241,0.0,-0.0008333472224535399,0.5734085414987963,-0.00016116035455278067
97749,18.541975699594992,0.5737308622078968,560,681,1241,0.0008058017727639033,-0.0008333472224535399,0.5733279613215199,-8.058017727639034e-05
97750,18.54114235237254,0.5737308622078968,560,681,1241,0.0,-0.0008333472224535399,0.5733279613215199,0.0
97751,18.540309005150085,0.5737308622078968,560,681,1241,0.0,-0.0008333472224535399,0.5733279613215199,0.0
97752,18.539475657927632,0.5737308622078968,560,681,1241,0.0,-0.0008333472224535399,0.5733279613215199,0.0
97753,18.53864231070518,0.5737308622078968,560,681,1241,0.0,-0.0008333472224535399,0.5733279613215199,0.0
97754,18.537808963482725,0.5737308622078968,560,681,1241,0.0,-0.0008333472224535399,0.5733279613215199,0.0
97755,18.53697561626027,0.5729250604351329,560,681,1241,-0.0008058017727639033,-0.0008333472224535399,0.5733279613215199,0.0
97756,18.536142269037818,0.5729250604351329,560,681,1241,0.0,-0.0008333472224535399,0.5734085414987963,8.058017727639034e-05
97757,18.53530892181536,0.5729250604351329,560,681,1241,0.0,-0.0008333472224570926,0.5734085414987963,0.0
97758,18.534475574592907,0.5729250604351329,560,681,1241,0.0,-0.0008333472224535399,0.5734085414987963,0.0
97759,18.533642227370454,0.5729250604351329,560,681,1241,0.0,-0.0008333472224535399,0.5733279613215199,-8.058017727639034e-05
97760,18.532808880148,0.5729250604351329,560,681,1241,0.0,-0.0008333472224535399,0.5732473811442436,-8.058017727639034e-05
97761,18.531975532925546,0.5729250604351329,560,681,1241,0.0,-0.0008333472224535399,0.5731668009669673,-8.058017727639034e-05
97762,18.531142185703093,0.5737308622078968,560,681,1241,0.0008058017727639033,-0.0008333472224535399,0.5731668009669673,0.0
97763,18.53030883848064,0.5737308622078968,560,681,1241,0.0,-0.0008333472224535399,0.5731668009669673,0.0
97764,18.529475491258186,0.5737308622078968,560,681,1241,0.0,-0.0008333472224535399,0.5731668009669673,0.0
97765,18.528642144035732,0.5737308622078968,560,681,1241,0.0,-0.0008333472224535399,0.5732473811442436,8.058017727639034e-05
97766,18.52780879681328,0.5729250604351329,560,681,1241,-0.0008058017727639033,-0.0008333472224535399,0.5732473811442436,0.0
97767,18.526975449590825,0.5737308622078968,560,681,1241,0.0008058017727639033,-0.0008333472224535399,0.5733279613215199,8.058017727639034e-05
97768,18.52614210236837,0.5737308622078968,560,681,1241,0.0,-0.0008333472224535399,0.5734085414987963,8.058017727639034e-05
97769,18.525308755145918,0.5745366639806607,560,681,1241,0.0008058017727639033,-0.0008333472224535399,0.573569701853349,0.00016116035455278067
97770,18.524475407923465,0.5729250604351329,560,681,1241,-0.0016116035455278066,-0.0008333472224535399,0.573569701853349,0.0
97771,18.52364206070101,0.5729250604351329,560,681,1241,0.0,-0.0008333472224535399,0.573569701853349,0.0
97772,18.522808713478558,0.5729250604351329,560,681,1241,0.0,-0.0008333472224535399,0.5734891216760727,-8.058017727639034e-05
97773,18.521975366256104,0.5729250604351329,560,681,1241,0.0,-0.0008333472224535399,0.5734085414987964,-8.058017727639034e-05
97774,18.52114201903365,0.5729250604351329,560,681,1241,0.0,-0.0008333472224535399,0.57332796132152,-8.058017727639034e-05
97775,18.520308671811197,0.5737308622078968,560,681,1241,0.0008058017727639033,-0.0008333472224535399,0.57332796132152,0.0
97776,18.519475324588743,0.5737308622078968,560,681,1241,0.0,-0.0008333472224535399,0.5734085414987964,8.058017727639034e-05
97777,18.51864197736629,0.5737308622078968,560,681,1241,0.0,-0.0008333472224535399,0.5734085414987964,0.0
97778,18.517808630143833,0.5737308622078968,560,681,1241,0.0,-0.0008333472224570926,0.5734085414987964,0.0
97779,18.51697528292138,0.5737308622078968,560,681,1241,0.0,-0.0008333472224535399,0.5733279613215199,-8.058017727639034e-05
97780,18.516141935698926,0.5737308622078968,560,681,1241,0.0,-0.0008333472224535399,0.5734085414987963,8.058017727639034e-05
97781,18.515308588476472,0.5729250604351329,560,681,1241,-0.0008058017727639033,-0.0008333472224535399,0.5734085414987963,0.0
97782,18.51447524125402,0.572119258662369,560,681,1241,-0.0008058017727639033,-0.0008333472224535399,0.5733279613215199,-8.058017727639034e-05
97783,18.513641894031565,0.572119258662369,560,681,1241,0.0,-0.0008333472224535399,0.5732473811442433,-8.058017727639034e-05
97784,18.51280854680911,0.572119258662369,560,681,1241,0.0,-0.0008333472224535399,0.5731668009669669,-8.058017727639034e-05
97785,18.511975199586658,0.572119258662369,560,681,1241,0.0,-0.0008333472224535399,0.5730056406124142,-0.00016116035455278067
97786,18.511141852364204,0.572119258662369,560,681,1241,0.0,-0.0008333472224535399,0.5728444802578614,-0.00016116035455278067
97787,18.51030850514175,0.572119258662369,560,681,1241,0.0,-0.0008333472224535399,0.5726833199033086,-0.00016116035455278067
97788,18.509475157919297,0.572119258662369,560,681,1241,0.0,-0.0008333472224535399,0.5725221595487558,-0.00016116035455278067
97789,18.508641810696844,0.572119258662369,560,681,1241,0.0,-0.0008333472224535399,0.572360999194203,-0.00016116035455278067
97790,18.50780846347439,0.572119258662369,560,681,1241,0.0,-0.0008333472224535399,0.5721998388396503,-0.00016116035455278067
97791,18.506975116251937,0.572119258662369,560,681,1241,0.0,-0.0008333472224535399,0.5721192586623738,-8.058017727639034e-05
97792,18.506141769029483,0.572119258662369,560,681,1241,0.0,-0.0008333472224535399,0.5721192586623738,0.0
97793,18.50530842180703,0.572119258662369,560,681,1241,0.0,-0.0008333472224535399,0.5721192586623738,0.0
97794,18.504475074584576,0.572119258662369,560,681,1241,0.0,-0.0008333472224535399,0.5721192586623738,0.0
97795,18.503641727362123,0.572119258662369,560,681,1241,0.0,-0.0008333472224535399,0.5721192586623738,0.0
97796,18.50280838013967,0.572119258662369,560,681,1241,0.0,-0.0008333472224535399,0.5721192586623738,0.0
97797,18.501975032917215,0.572119258662369,560,681,1241,0.0,-0.0008333472224535399,0.5721192586623738,0.0
97798,18.501141685694762,0.572119258662369,560,681,1241,0.0,-0.0008333472224535399,0.5721192586623738,0.0
97799,18.500308338472305,0.572119258662369,560,681,1241,0.0,-0.0008333472224570926,0.5721192586623738,0.0
97800,18.49947499124985,0.572119258662369,560,681,1241,0.0,-0.0008333472224535399,0.5721192586623738,0.0
97801,18.498641644027398,0.572119258662369,560,681,1241,0.0,-0.0008333472224535399,0.5721192586623738,0.0
97802,18.497808296804944,0.572119258662369,560,681,1241,0.0,-0.0008333472224535399,0.5721192586623738,0.0
97803,18.49697494958249,0.572119258662369,560,681,1241,0.0,-0.0008333472224535399,0.5721192586623738,0.0
97804,18.496141602360037,0.572119258662369,560,681,1241,0.0,-0.0008333472224535399,0.5721192586623738,0.0
97805,18.495308255137584,0.572119258662369,560,681,1241,0.0,-0.0008333472224535399,0.5721192586623738,0.0
97806,18.49447490791513,0.572119258662369,560,681,1241,0.0,-0.0008333472224535399,0.5721192586623738,0.0
97807,18.493641560692677,0.5729250604351329,560,681,1241,0.0008058017727639033,-0.0008333472224535399,0.5721998388396503,8.058017727639034e-05
97808,18.492808213470223,0.5737308622078968,560,681,1241,0.0008058017727639033,-0.0008333472224535399,0.572360999194203,0.00016116035455278067
97809,18.49197486624777,0.5737308622078968,560,681,1241,0.0,-0.0008333472224535399,0.5725221595487558,0.00016116035455278067
97810,18.491141519025316,0.5745366639806607,560,681,1241,0.0008058017727639033,-0.0008333472224535399,0.5727639000805851,0.00024174053182917098
97811,18.490308171802862,0.5729250604351329,560,681,1241,-0.0016116035455278066,-0.0008333472224535399,0.5728444802578615,8.058017727639034e-05
97812,18.48947482458041,0.5729250604351329,560,681,1241,0.0,-0.0008333472224535399,0.5729250604351379,8.058017727639034e-05
97813,18.488641477357955,0.5729250604351329,560,681,1241,0.0,-0.0008333472224535399,0.5730056406124143,8.058017727639034e-05
97814,18.4878081301355,0.5729250604351329,560,681,1241,0.0,-0.0008333472224535399,0.5730862207896907,8.058017727639034e-05
97815,18.486974782913048,0.5737308622078968,560,681,1241,0.0008058017727639033,-0.0008333472224535399,0.5732473811442436,0.00016116035455278067
97816,18.486141435690595,0.5745366639806607,560,681,1241,0.0008058017727639033,-0.0008333472224535399,0.5734891216760728,0.00024174053182917098
97817,18.48530808846814,0.5761482675261885,560,681,1241,0.0016116035455278066,-0.0008333472224535399,0.5738114423851783,0.00032232070910556134
97818,18.484474741245688,0.5769540692989524,560,681,1241,0.0008058017727639033,-0.0008333472224535399,0.5741337630942839,0.00032232070910556134
97819,18.483641394023234,0.5761482675261885,560,681,1241,-0.0008058017727639033,-0.0008333472224535399,0.5743755036261131,0.00024174053182917098
97820,18.482808046800777,0.5761482675261885,560,681,1241,0.0,-0.0008333472224570926,0.5745366639806659,0.00016116035455278067
97821,18.481974699578323,0.5761482675261885,560,681,1241,0.0,-0.0008333472224535399,0.5748589846897715,0.00032232070910556134
97822,18.48114135235587,0.5761482675261885,560,681,1241,0.0,-0.0008333472224535399,0.575181305398877,0.00032232070910556134
97823,18.480308005133416,0.5761482675261885,560,681,1241,0.0,-0.0008333472224535399,0.5755036261079826,0.00032232070910556134
97824,18.479474657910963,0.5753424657534246,560,681,1241,-0.0008058017727639033,-0.0008333472224535399,0.5757453666398117,0.00024174053182917098
97825,18.47864131068851,0.5753424657534246,560,681,1241,0.0,-0.0008333472224535399,0.5759065269943645,0.00016116035455278067
97826,18.477807963466056,0.5737308622078968,560,681,1241,-0.0016116035455278066,-0.0008333472224535399,0.5758259468170881,-8.058017727639034e-05
97827,18.476974616243602,0.5729250604351329,560,681,1241,-0.0008058017727639033,-0.0008333472224535399,0.5755036261079824,-0.00032232070910556134
97828,18.47614126902115,0.5729250604351329,560,681,1241,0.0,-0.0008333472224535399,0.5751007252216006,-0.00040290088638195165
97829,18.475307921798695,0.572119258662369,560,681,1241,-0.0008058017727639033,-0.0008333472224535399,0.5746978243352185,-0.00040290088638195165
97830,18.47447457457624,0.572119258662369,560,681,1241,0.0,-0.0008333472224535399,0.5742949234488366,-0.00040290088638195165
97831,18.473641227353788,0.572119258662369,560,681,1241,0.0,-0.0008333472224535399,0.5738920225624546,-0.00040290088638195165
97832,18.472807880131334,0.5713134568896051,560,681,1241,-0.0008058017727639033,-0.0008333472224535399,0.5734085414987963,-0.00048348106365834196
97833,18.47197453290888,0.5713134568896051,560,681,1241,0.0,-0.0008333472224535399,0.5729250604351379,-0.00048348106365834196
97834,18.471141185686427,0.5705076551168412,560,681,1241,-0.0008058017727639033,-0.0008333472224535399,0.5724415793714795,-0.00048348106365834196
97835,18.470307838463974,0.5713134568896051,560,681,1241,0.0008058017727639033,-0.0008333472224535399,0.5720386784850977,-0.00040290088638195165
97836,18.46947449124152,0.5713134568896051,560,681,1241,0.0,-0.0008333472224535399,0.5717969379532686,-0.00024174053182917098
97837,18.468641144019067,0.5713134568896051,560,681,1241,0.0,-0.0008333472224535399,0.5716357775987158,-0.00016116035455278067
97838,18.467807796796613,0.5713134568896051,560,681,1241,0.0,-0.0008333472224535399,0.5714746172441629,-0.00016116035455278067
97839,18.46697444957416,0.5705076551168412,560,681,1241,-0.0008058017727639033,-0.0008333472224535399,0.5713134568896102,-0.00016116035455278067
97840,18.466141102351706,0.5713134568896051,560,681,1241,0.0008058017727639033,-0.0008333472224535399,0.5712328767123338,-8.058017727639034e-05
97841,18.465307755129253,0.5713134568896051,560,681,1241,0.0,-0.0008333472224535399,0.5711522965350575,-8.058017727639034e-05
97842,18.464474407906796,0.5713134568896051,560,681,1241,0.0,-0.0008333472224570926,0.5711522965350575,0.0
97843,18.463641060684342,0.5713134568896051,560,681,1241,0.0,-0.0008333472224535399,0.5711522965350575,0.0
97844,18.46280771346189,0.5713134568896051,560,681,1241,0.0,-0.0008333472224535399,0.5712328767123339,8.058017727639034e-05
97845,18.461974366239435,0.5705076551168412,560,681,1241,-0.0008058017727639033,-0.0008333472224535399,0.5711522965350575,-8.058017727639034e-05
97846,18.46114101901698,0.5713134568896051,560,681,1241,0.0008058017727639033,-0.0008333472224535399,0.5711522965350575,0.0
97847,18.460307671794528,0.5713134568896051,560,681,1241,0.0,-0.0008333472224535399,0.5711522965350575,0.0
97848,18.459474324572074,0.5705076551168412,560,681,1241,-0.0008058017727639033,-0.0008333472224535399,0.5710717163577811,-8.058017727639034e-05
97849,18.45864097734962,0.5705076551168412,560,681,1241,0.0,-0.0008333472224535399,0.5710717163577811,0.0
97850,18.457807630127167,0.5697018533440773,560,681,1241,-0.0008058017727639033,-0.0008333472224535399,0.5709105560032283,-0.00016116035455278067
97851,18.456974282904714,0.5697018533440773,560,681,1241,0.0,-0.0008333472224535399,0.5707493956486756,-0.00016116035455278067
97852,18.45614093568226,0.5705076551168412,560,681,1241,0.0008058017727639033,-0.0008333472224535399,0.570668815471399,-8.058017727639034e-05
97853,18.455307588459807,0.5705076551168412,560,681,1241,0.0,-0.0008333472224535399,0.5705882352941226,-8.058017727639034e-05
97854,18.454474241237353,0.5705076551168412,560,681,1241,0.0,-0.0008333472224535399,0.5705076551168462,-8.058017727639034e-05
97855,18.4536408940149,0.5705076551168412,560,681,1241,0.0,-0.0008333472224535399,0.5705076551168462,0.0
97856,18.452807546792446,0.5713134568896051,560,681,1241,0.0008058017727639033,-0.0008333472224535399,0.5705076551168462,0.0
97857,18.451974199569992,0.5713134568896051,560,681,1241,0.0,-0.0008333472224535399,0.5705076551168462,0.0
97858,18.45114085234754,0.5713134568896051,560,681,1241,0.0,-0.0008333472224535399,0.5705882352941226,8.058017727639034e-05
97859,18.450307505125085,0.5713134568896051,560,681,1241,0.0,-0.0008333472224535399,0.570668815471399,8.058017727639034e-05
97860,18.449474157902632,0.5713134568896051,560,681,1241,0.0,-0.0008333472224535399,0.5708299758259519,0.00016116035455278067
97861,18.44864081068018,0.5713134568896051,560,681,1241,0.0,-0.0008333472224535399,0.5709911361805047,0.00016116035455278067
97862,18.447807463457725,0.5713134568896051,560,681,1241,0.0,-0.0008333472224535399,0.5710717163577811,8.058017727639034e-05
97863,18.446974116235268,0.5713134568896051,560,681,1241,0.0,-0.0008333472224570926,0.5711522965350575,8.058017727639034e-05
97864,18.446140769012814,0.572119258662369,560,681,1241,0.0008058017727639033,-0.0008333472224535399,0.5713134568896103,0.00016116035455278067
97865,18.44530742179036,0.572119258662369,560,681,1241,0.0,-0.0008333472224535399,0.571474617244163,0.00016116035455278067
97866,18.444474074567907,0.572119258662369,560,681,1241,0.0,-0.0008333472224535399,0.5715551974214395,8.058017727639034e-05
97867,18.443640727345453,0.572119258662369,560,681,1241,0.0,-0.0008333472224535399,0.5716357775987158,8.058017727639034e-05
97868,18.442807380123,0.5729250604351329,560,681,1241,0.0008058017727639033,-0.0008333472224535399,0.5717969379532686,0.00016116035455278067
97869,18.441974032900546,0.5729250604351329,560,681,1241,0.0,-0.0008333472224535399,0.5719580983078213,0.00016116035455278067
97870,18.441140685678093,0.5729250604351329,560,681,1241,0.0,-0.0008333472224535399,0.5721192586623741,0.00016116035455278067
97871,18.44030733845564,0.5729250604351329,560,681,1241,0.0,-0.0008333472224535399,0.5722804190169268,0.00016116035455278067
97872,18.439473991233186,0.572119258662369,560,681,1241,-0.0008058017727639033,-0.0008333472224535399,0.5723609991942032,8.058017727639034e-05
97873,18.438640644010732,0.5729250604351329,560,681,1241,0.0008058017727639033,-0.0008333472224535399,0.572522159548756,0.00016116035455278067
97874,18.43780729678828,0.5729250604351329,560,681,1241,0.0,-0.0008333472224535399,0.5726027397260325,8.058017727639034e-05
97875,18.436973949565825,0.5729250604351329,560,681,1241,0.0,-0.0008333472224535399,0.5726833199033089,8.058017727639034e-05
97876,18.43614060234337,0.5737308622078968,560,681,1241,0.0008058017727639033,-0.0008333472224535399,0.5728444802578616,0.00016116035455278067
97877,18.435307255120918,0.5737308622078968,560,681,1241,0.0,-0.0008333472224535399,0.5730056406124144,0.00016116035455278067
97878,18.434473907898465,0.5737308622078968,560,681,1241,0.0,-0.0008333472224535399,0.5730862207896907,8.058017727639034e-05
97879,18.43364056067601,0.5737308622078968,560,681,1241,0.0,-0.0008333472224535399,0.5731668009669671,8.058017727639034e-05
97880,18.432807213453557,0.572119258662369,560,681,1241,-0.0016116035455278066,-0.0008333472224535399,0.5730862207896907,-8.058017727639034e-05
97881,18.431973866231104,0.572119258662369,560,681,1241,0.0,-0.0008333472224535399,0.5730056406124142,-8.058017727639034e-05
97882,18.43114051900865,0.5713134568896051,560,681,1241,-0.0008058017727639033,-0.0008333472224535399,0.5729250604351379,-8.058017727639034e-05
97883,18.430307171786197,0.5705076551168412,560,681,1241,-0.0008058017727639033,-0.0008333472224535399,0.5726833199033087,-0.00024174053182917098
97884,18.42947382456374,0.5697018533440773,560,681,1241,-0.0008058017727639033,-0.0008333472224570926,0.5723609991942031,-0.00032232070910556134
97885,18.428640477341286,0.5697018533440773,560,681,1241,0.0,-0.0008333472224535399,0.5720386784850976,-0.00032232070910556134
97886,18.427807130118833,0.5697018533440773,560,681,1241,0.0,-0.0008333472224535399,0.5716357775987156,-0.00040290088638195165
97887,18.42697378289638,0.5697018533440773,560,681,1241,0.0,-0.0008333472224535399,0.5712328767123338,-0.00040290088638195165
97888,18.426140435673926,0.5697018533440773,560,681,1241,0.0,-0.0008333472224535399,0.5708299758259519,-0.00040290088638195165
97889,18.425307088451472,0.5680902497985496,560,681,1241,-0.0016116035455276956,-0.0008333472224535399,0.5702659145850172,-0.0005640612409347212
97890,18.42447374122902,0.5680902497985496,560,681,1241,0.0,-0.0008333472224535399,0.5698630136986352,-0.00040290088638194054
97891,18.423640394006565,0.5680902497985496,560,681,1241,0.0,-0.0008333472224535399,0.5694601128122534,-0.00040290088638194054
97892,18.42280704678411,0.5680902497985496,560,681,1241,0.0,-0.0008333472224535399,0.5691377921031477,-0.00032232070910555023
97893,18.421973699561658,0.5680902497985496,560,681,1241,0.0,-0.0008333472224535399,0.5688960515713186,-0.0002417405318291599
97894,18.421140352339204,0.5688960515713135,560,681,1241,0.0008058017727639033,-0.0008333472224535399,0.5688154713940423,-8.058017727637922e-05
97895,18.42030700511675,0.5688960515713135,560,681,1241,0.0,-0.0008333472224535399,0.568734891216766,-8.058017727637922e-05
97896,18.419473657894297,0.5697018533440773,560,681,1241,0.0008058017727637923,-0.0008333472224535399,0.568734891216766,0.0
97897,18.418640310671844,0.5697018533440773,560,681,1241,0.0,-0.0008333472224535399,0.568734891216766,0.0
97898,18.41780696344939,0.5697018533440773,560,681,1241,0.0,-0.0008333472224535399,0.568734891216766,0.0
97899,18.416973616226937,0.5697018533440773,560,681,1241,0.0,-0.0008333472224535399,0.5688960515713187,0.00016116035455276956
97900,18.416140269004483,0.5688960515713135,560,681,1241,-0.0008058017727637923,-0.0008333472224535399,0.5689766317485951,8.058017727639034e-05
97901,18.41530692178203,0.5688960515713135,560,681,1241,0.0,-0.0008333472224535399,0.5690572119258714,8.058017727639034e-05
97902,18.414473574559576,0.5688960515713135,560,681,1241,0.0,-0.0008333472224535399,0.5691377921031477,8.058017727639034e-05
97903,18.413640227337122,0.5688960515713135,560,681,1241,0.0,-0.0008333472224535399,0.5692183722804242,8.058017727639034e-05
97904,18.41280688011467,0.5688960515713135,560,681,1241,0.0,-0.0008333472224535399,0.5692183722804242,0.0
97905,18.411973532892212,0.5688960515713135,560,681,1241,0.0,-0.0008333472224570926,0.5692183722804242,0.0
97906,18.41114018566976,0.5688960515713135,560,681,1241,0.0,-0.0008333472224535399,0.5691377921031477,-8.058017727637922e-05
97907,18.410306838447305,0.5688960515713135,560,681,1241,0.0,-0.0008333472224535399,0.5690572119258713,-8.058017727637922e-05
97908,18.40947349122485,0.5697018533440773,560,681,1241,0.0008058017727637923,-0.0008333472224535399,0.5690572119258713,0.0
97909,18.408640144002398,0.5688960515713135,560,681,1241,-0.0008058017727637923,-0.0008333472224535399,0.568976631748595,-8.058017727637922e-05
97910,18.407806796779944,0.5680902497985496,560,681,1241,-0.0008058017727639033,-0.0008333472224535399,0.5688960515713186,-8.058017727639034e-05
97911,18.40697344955749,0.5680902497985496,560,681,1241,0.0,-0.0008333472224535399,0.5688154713940422,-8.058017727639034e-05
97912,18.406140102335037,0.5672844480257857,560,681,1241,-0.0008058017727639033,-0.0008333472224535399,0.5686543110394895,-0.00016116035455278067
97913,18.405306755112584,0.5672844480257857,560,681,1241,0.0,-0.0008333472224535399,0.5684931506849369,-0.00016116035455278067
97914,18.40447340789013,0.5672844480257857,560,681,1241,0.0,-0.0008333472224535399,0.5683319903303842,-0.00016116035455278067
97915,18.403640060667676,0.5672844480257857,560,681,1241,0.0,-0.0008333472224535399,0.5681708299758315,-0.00016116035455278067
97916,18.402806713445223,0.5672844480257857,560,681,1241,0.0,-0.0008333472224535399,0.5680096696212787,-0.00016116035455278067
97917,18.40197336622277,0.5672844480257857,560,681,1241,0.0,-0.0008333472224535399,0.567848509266726,-0.00016116035455278067
97918,18.401140019000316,0.5680902497985496,560,681,1241,0.0008058017727639033,-0.0008333472224535399,0.5676873489121733,-0.00016116035455276956
97919,18.400306671777862,0.5680902497985496,560,681,1241,0.0,-0.0008333472224535399,0.5676067687348969,-8.058017727639034e-05
97920,18.39947332455541,0.5680902497985496,560,681,1241,0.0,-0.0008333472224535399,0.5676067687348969,0.0
97921,18.398639977332955,0.5680902497985496,560,681,1241,0.0,-0.0008333472224535399,0.5676067687348969,0.0
97922,18.3978066301105,0.5680902497985496,560,681,1241,0.0,-0.0008333472224535399,0.5676873489121732,8.058017727639034e-05
97923,18.396973282888048,0.5680902497985496,560,681,1241,0.0,-0.0008333472224535399,0.5677679290894495,8.058017727639034e-05
97924,18.396139935665595,0.5688960515713135,560,681,1241,0.0008058017727639033,-0.0008333472224535399,0.5679290894440022,0.00016116035455278067
97925,18.39530658844314,0.5688960515713135,560,681,1241,0.0,-0.0008333472224535399,0.5680902497985549,0.00016116035455278067
97926,18.394473241220684,0.5680902497985496,560,681,1241,-0.0008058017727639033,-0.0008333472224570926,0.5681708299758312,8.058017727639034e-05
97927,18.39363989399823,0.5688960515713135,560,681,1241,0.0008058017727639033,-0.0008333472224535399,0.568331990330384,0.00016116035455278067
97928,18.392806546775777,0.5688960515713135,560,681,1241,0.0,-0.0008333472224535399,0.5684125705076604,8.058017727639034e-05
97929,18.391973199553323,0.5688960515713135,560,681,1241,0.0,-0.0008333472224535399,0.5684931506849367,8.058017727639034e-05
97930,18.39113985233087,0.5680902497985496,560,681,1241,-0.0008058017727639033,-0.0008333472224535399,0.5684931506849367,0.0
97931,18.390306505108416,0.5680902497985496,560,681,1241,0.0,-0.0008333472224535399,0.5684931506849367,0.0
97932,18.389473157885963,0.5680902497985496,560,681,1241,0.0,-0.0008333472224535399,0.5684931506849367,0.0
97933,18.38863981066351,0.5680902497985496,560,681,1241,0.0,-0.0008333472224535399,0.5684931506849367,0.0
97934,18.387806463441056,0.5680902497985496,560,681,1241,0.0,-0.0008333472224535399,0.5684125705076604,-8.058017727639034e-05
97935,18.386973116218602,0.5680902497985496,560,681,1241,0.0,-0.0008333472224535399,0.568331990330384,-8.058017727639034e-05
97936,18.38613976899615,0.5688960515713135,560,681,1241,0.0008058017727639033,-0.0008333472224535399,0.5684125705076604,8.058017727639034e-05
97937,18.385306421773695,0.5688960515713135,560,681,1241,0.0,-0.0008333472224535399,0.5684125705076604,0.0
97938,18.38447307455124,0.5688960515713135,560,681,1241,0.0,-0.0008333472224535399,0.5684125705076604,0.0
97939,18.383639727328788,0.5688960515713135,560,681,1241,0.0,-0.0008333472224535399,0.5684125705076604,0.0
97940,18.382806380106334,0.5688960515713135,560,681,1241,0.0,-0.0008333472224535399,0.5684931506849367,8.058017727639034e-05
97941,18.38197303288388,0.5697018533440773,560,681,1241,0.0008058017727637923,-0.0008333472224535399,0.5686543110394895,0.00016116035455276956
97942,18.381139685661427,0.5688960515713135,560,681,1241,-0.0008058017727637923,-0.0008333472224535399,0.5687348912167659,8.058017727639034e-05
97943,18.380306338438974,0.5688960515713135,560,681,1241,0.0,-0.0008333472224535399,0.5688154713940422,8.058017727639034e-05
97944,18.37947299121652,0.5688960515713135,560,681,1241,0.0,-0.0008333472224535399,0.5688960515713186,8.058017727639034e-05
97945,18.378639643994067,0.5688960515713135,560,681,1241,0.0,-0.0008333472224535399,0.5689766317485949,8.058017727639034e-05
97946,18.377806296771613,0.5688960515713135,560,681,1241,0.0,-0.0008333472224535399,0.5689766317485949,0.0
97947,18.376972949549156,0.5688960515713135,560,681,1241,0.0,-0.0008333472224570926,0.5689766317485949,0.0
97948,18.376139602326703,0.5688960515713135,560,681,1241,0.0,-0.0008333472224535399,0.5689766317485949,0.0
97949,18.37530625510425,0.5688960515713135,560,681,1241,0.0,-0.0008333472224535399,0.5689766317485949,0.0
97950,18.374472907881795,0.5688960515713135,560,681,1241,0.0,-0.0008333472224535399,0.5689766317485949,0.0
97951,18.373639560659342,0.5688960515713135,560,681,1241,0.0,-0.0008333472224535399,0.5688960515713185,-8.058017727637922e-05
97952,18.37280621343689,0.5688960515713135,560,681,1241,0.0,-0.0008333472224535399,0.5688960515713186,0.0
97953,18.371972866214435,0.5688960515713135,560,681,1241,0.0,-0.0008333472224535399,0.5688960515713186,0.0
97954,18.37113951899198,0.5688960515713135,560,681,1241,0.0,-0.0008333472224535399,0.5688960515713186,0.0
97955,18.370306171769528,0.5688960515713135,560,681,1241,0.0,-0.0008333472224535399,0.5688960515713186,0.0
97956,18.369472824547074,0.5688960515713135,560,681,1241,0.0,-0.0008333472224535399,0.5688960515713186,0.0
97957,18.36863947732462,0.5688960515713135,560,681,1241,0.0,-0.0008333472224535399,0.5688960515713186,0.0
97958,18.367806130102167,0.5688960515713135,560,681,1241,0.0,-0.0008333472224535399,0.5688960515713186,0.0
97959,18.366972782879714,0.5697018533440773,560,681,1241,0.0008058017727637923,-0.0008333472224535399,0.5689766317485949,8.058017727637922e-05
97960,18.36613943565726,0.5697018533440773,560,681,1241,0.0,-0.0008333472224535399,0.5690572119258712,8.058017727637922e-05
97961,18.365306088434806,0.5697018533440773,560,681,1241,0.0,-0.0008333472224535399,0.5691377921031476,8.058017727637922e-05
97962,18.364472741212353,0.5697018533440773,560,681,1241,0.0,-0.0008333472224535399,0.5692183722804239,8.058017727637922e-05
97963,18.3636393939899,0.5697018533440773,560,681,1241,0.0,-0.0008333472224535399,0.5692989524577003,8.058017727637922e-05
97964,18.362806046767446,0.5697018533440773,560,681,1241,0.0,-0.0008333472224535399,0.5693795326349766,8.058017727637922e-05
97965,18.361972699544992,0.5697018533440773,560,681,1241,0.0,-0.0008333472224535399,0.569460112812253,8.058017727637922e-05
97966,18.36113935232254,0.5697018533440773,560,681,1241,0.0,-0.0008333472224535399,0.5695406929895294,8.058017727637922e-05
97967,18.360306005100085,0.5697018533440773,560,681,1241,0.0,-0.0008333472224535399,0.5696212731668057,8.058017727637922e-05
97968,18.35947265787763,0.5697018533440773,560,681,1241,0.0,-0.0008333472224535399,0.5697018533440821,8.058017727637922e-05
97969,18.358639310655175,0.5697018533440773,560,681,1241,0.0,-0.0008333472224570926,0.5697018533440821,0.0
97970,18.35780596343272,0.5697018533440773,560,681,1241,0.0,-0.0008333472224535399,0.5697018533440821,0.0
97971,18.356972616210268,0.5705076551168412,560,681,1241,0.0008058017727639033,-0.0008333472224535399,0.5697824335213584,8.058017727639034e-05
97972,18.356139268987814,0.5705076551168412,560,681,1241,0.0,-0.0008333472224535399,0.5698630136986347,8.058017727639034e-05
97973,18.35530592176536,0.5705076551168412,560,681,1241,0.0,-0.0008333472224535399,0.5699435938759111,8.058017727639034e-05
97974,18.354472574542907,0.5705076551168412,560,681,1241,0.0,-0.0008333472224535399,0.5700241740531874,8.058017727639034e-05
97975,18.353639227320453,0.5705076551168412,560,681,1241,0.0,-0.0008333472224535399,0.5701047542304638,8.058017727639034e-05
97976,18.352805880098,0.5705076551168412,560,681,1241,0.0,-0.0008333472224535399,0.5701853344077401,8.058017727639034e-05
97977,18.351972532875546,0.5705076551168412,560,681,1241,0.0,-0.0008333472224535399,0.5702659145850164,8.058017727639034e-05
97978,18.351139185653093,0.5705076551168412,560,681,1241,0.0,-0.0008333472224535399,0.5703464947622928,8.058017727639034e-05
97979,18.35030583843064,0.5705076551168412,560,681,1241,0.0,-0.0008333472224535399,0.5704270749395691,8.058017727639034e-05
97980,18.349472491208186,0.5705076551168412,560,681,1241,0.0,-0.0008333472224535399,0.5705076551168455,8.058017727639034e-05
97981,18.348639143985732,0.5697018533440773,560,681,1241,-0.0008058017727639033,-0.0008333472224535399,0.5704270749395691,-8.058017727639034e-05
97982,18.34780579676328,0.5697018533440773,560,681,1241,0.0,-0.0008333472224535399,0.5703464947622928,-8.058017727639034e-05
97983,18.346972449540825,0.5697018533440773,560,681,1241,0.0,-0.0008333472224535399,0.5702659145850164,-8.058017727639034e-05
97984,18.34613910231837,0.5688960515713135,560,681,1241,-0.0008058017727637923,-0.0008333472224535399,0.5701047542304637,-0.00016116035455276956
97985,18.345305755095918,0.5688960515713135,560,681,1241,0.0,-0.0008333472224535399,0.569943593875911,-0.00016116035455276956
97986,18.344472407873464,0.5688960515713135,560,681,1241,0.0,-0.0008333472224535399,0.5697824335213583,-0.00016116035455276956
97987,18.34363906065101,0.5688960515713135,560,681,1241,0.0,-0.0008333472224535399,0.5696212731668056,-0.00016116035455276956
97988,18.342805713428557,0.5688960515713135,560,681,1241,0.0,-0.0008333472224535399,0.569460112812253,-0.00016116035455276956
97989,18.341972366206104,0.5688960515713135,560,681,1241,0.0,-0.0008333472224535399,0.5692989524577002,-0.00016116035455276956
97990,18.341139018983647,0.5688960515713135,560,681,1241,0.0,-0.0008333472224570926,0.5691377921031475,-0.00016116035455276956
97991,18.340305671761193,0.5705076551168412,560,681,1241,0.0016116035455276956,-0.0008333472224535399,0.5692183722804238,8.058017727639034e-05
97992,18.33947232453874,0.5705076551168412,560,681,1241,0.0,-0.0008333472224535399,0.5692989524577002,8.058017727639034e-05
97993,18.338638977316286,0.5705076551168412,560,681,1241,0.0,-0.0008333472224535399,0.5693795326349765,8.058017727639034e-05
97994,18.337805630093833,0.5705076551168412,560,681,1241,0.0,-0.0008333472224535399,0.5695406929895294,0.00016116035455276956
97995,18.33697228287138,0.5705076551168412,560,681,1241,0.0,-0.0008333472224535399,0.5697018533440821,0.00016116035455276956
97996,18.336138935648925,0.5697018533440773,560,681,1241,-0.0008058017727639033,-0.0008333472224535399,0.5697824335213584,8.058017727637922e-05
97997,18.335305588426472,0.5705076551168412,560,681,1241,0.0008058017727639033,-0.0008333472224535399,0.5699435938759111,0.00016116035455276956
97998,18.33447224120402,0.5705076551168412,560,681,1241,0.0,-0.0008333472224535399,0.5701047542304638,0.00016116035455276956
97999,18.333638893981565,0.5705076551168412,560,681,1241,0.0,-0.0008333472224535399,0.5702659145850164,0.00016116035455276956
98000,18.33280554675911,0.5705076551168412,560,681,1241,0.0,-0.0008333472224535399,0.5704270749395691,0.00016116035455276956
98001,18.331972199536658,0.5713134568896051,560,681,1241,0.0008058017727639033,-0.0008333472224535399,0.5705076551168455,8.058017727639034e-05
98002,18.331138852314204,0.5713134568896051,560,681,1241,0.0,-0.0008333472224535399,0.5705882352941221,8.058017727639034e-05
98003,18.33030550509175,0.5713134568896051,560,681,1241,0.0,-0.0008333472224535399,0.5706688154713985,8.058017727639034e-05
98004,18.329472157869297,0.5713134568896051,560,681,1241,0.0,-0.0008333472224535399,0.5707493956486749,8.058017727639034e-05
98005,18.328638810646844,0.5713134568896051,560,681,1241,0.0,-0.0008333472224535399,0.5708299758259513,8.058017727639034e-05
98006,18.32780546342439,0.5713134568896051,560,681,1241,0.0,-0.0008333472224535399,0.5709911361805041,0.00016116035455278067
98007,18.326972116201937,0.5705076551168412,560,681,1241,-0.0008058017727639033,-0.0008333472224535399,0.5709911361805041,0.0
98008,18.326138768979483,0.5713134568896051,560,681,1241,0.0008058017727639033,-0.0008333472224535399,0.5710717163577805,8.058017727639034e-05
98009,18.32530542175703,0.5713134568896051,560,681,1241,0.0,-0.0008333472224535399,0.571152296535057,8.058017727639034e-05
98010,18.324472074534576,0.5713134568896051,560,681,1241,0.0,-0.0008333472224535399,0.5712328767123334,8.058017727639034e-05
98011,18.32363872731212,0.5713134568896051,560,681,1241,0.0,-0.0008333472224570926,0.5712328767123334,0.0
98012,18.322805380089665,0.5713134568896051,560,681,1241,0.0,-0.0008333472224535399,0.5712328767123334,0.0
98013,18.32197203286721,0.5713134568896051,560,681,1241,0.0,-0.0008333472224535399,0.5712328767123334,0.0
98014,18.32113868564476,0.5713134568896051,560,681,1241,0.0,-0.0008333472224535399,0.5712328767123334,0.0
98015,18.320305338422305,0.5713134568896051,560,681,1241,0.0,-0.0008333472224535399,0.5712328767123334,0.0
98016,18.31947199119985,0.5713134568896051,560,681,1241,0.0,-0.0008333472224535399,0.5712328767123334,0.0
98017,18.318638643977398,0.572119258662369,560,681,1241,0.0008058017727639033,-0.0008333472224535399,0.5713940370668862,0.00016116035455278067
98018,18.317805296754944,0.572119258662369,560,681,1241,0.0,-0.0008333472224535399,0.5714746172441625,8.058017727639034e-05
98019,18.31697194953249,0.572119258662369,560,681,1241,0.0,-0.0008333472224535399,0.5715551974214389,8.058017727639034e-05
98020,18.316138602310037,0.572119258662369,560,681,1241,0.0,-0.0008333472224535399,0.5716357775987152,8.058017727639034e-05
98021,18.315305255087583,0.572119258662369,560,681,1241,0.0,-0.0008333472224535399,0.5717163577759916,8.058017727639034e-05
98022,18.31447190786513,0.572119258662369,560,681,1241,0.0,-0.0008333472224535399,0.5717969379532679,8.058017727639034e-05
98023,18.313638560642676,0.572119258662369,560,681,1241,0.0,-0.0008333472224535399,0.5718775181305442,8.058017727639034e-05
98024,18.312805213420223,0.572119258662369,560,681,1241,0.0,-0.0008333472224535399,0.5719580983078206,8.058017727639034e-05
98025,18.31197186619777,0.572119258662369,560,681,1241,0.0,-0.0008333472224535399,0.5720386784850969,8.058017727639034e-05
98026,18.311138518975316,0.5729250604351329,560,681,1241,0.0008058017727639033,-0.0008333472224535399,0.5721998388396498,0.00016116035455278067
98027,18.310305171752862,0.5729250604351329,560,681,1241,0.0,-0.0008333472224535399,0.5722804190169262,8.058017727639034e-05
98028,18.30947182453041,0.5729250604351329,560,681,1241,0.0,-0.0008333472224535399,0.5723609991942026,8.058017727639034e-05
98029,18.308638477307955,0.5737308622078968,560,681,1241,0.0008058017727639033,-0.0008333472224535399,0.5725221595487554,0.00016116035455278067
98030,18.3078051300855,0.5737308622078968,560,681,1241,0.0,-0.0008333472224535399,0.5726833199033081,0.00016116035455278067
98031,18.306971782863048,0.5729250604351329,560,681,1241,-0.0008058017727639033,-0.0008333472224535399,0.5727639000805846,8.058017727639034e-05
98032,18.30613843564059,0.5729250604351329,560,681,1241,0.0,-0.0008333472224570926,0.572844480257861,8.058017727639034e-05
98033,18.305305088418137,0.5729250604351329,560,681,1241,0.0,-0.0008333472224535399,0.5729250604351375,8.058017727639034e-05
98034,18.304471741195684,0.5729250604351329,560,681,1241,0.0,-0.0008333472224535399,0.5730056406124139,8.058017727639034e-05
98035,18.30363839397323,0.5729250604351329,560,681,1241,0.0,-0.0008333472224535399,0.5730862207896903,8.058017727639034e-05
98036,18.302805046750777,0.5729250604351329,560,681,1241,0.0,-0.0008333472224535399,0.5730862207896903,0.0
98037,18.301971699528323,0.5729250604351329,560,681,1241,0.0,-0.0008333472224535399,0.5730862207896903,0.0
98038,18.30113835230587,0.5729250604351329,560,681,1241,0.0,-0.0008333472224535399,0.5730862207896903,0.0
98039,18.300305005083416,0.5729250604351329,560,681,1241,0.0,-0.0008333472224535399,0.573005640612414,-8.058017727639034e-05
98040,18.299471657860963,0.5729250604351329,560,681,1241,0.0,-0.0008333472224535399,0.5729250604351377,-8.058017727639034e-05
98041,18.29863831063851,0.5729250604351329,560,681,1241,0.0,-0.0008333472224535399,0.5729250604351377,0.0
98042,18.297804963416056,0.5729250604351329,560,681,1241,0.0,-0.0008333472224535399,0.5729250604351377,0.0
98043,18.296971616193602,0.572119258662369,560,681,1241,-0.0008058017727639033,-0.0008333472224535399,0.5728444802578612,-8.058017727639034e-05
98044,18.29613826897115,0.572119258662369,560,681,1241,0.0,-0.0008333472224535399,0.5727639000805848,-8.058017727639034e-05
98045,18.295304921748695,0.5729250604351329,560,681,1241,0.0008058017727639033,-0.0008333472224535399,0.5727639000805848,0.0
98046,18.29447157452624,0.5729250604351329,560,681,1241,0.0,-0.0008333472224535399,0.5727639000805848,0.0
98047,18.293638227303788,0.5729250604351329,560,681,1241,0.0,-0.0008333472224535399,0.5727639000805848,0.0
98048,18.292804880081334,0.5729250604351329,560,681,1241,0.0,-0.0008333472224535399,0.5727639000805848,0.0
98049,18.29197153285888,0.5737308622078968,560,681,1241,0.0008058017727639033,-0.0008333472224535399,0.5728444802578612,8.058017727639034e-05
98050,18.291138185636427,0.5737308622078968,560,681,1241,0.0,-0.0008333472224535399,0.5729250604351375,8.058017727639034e-05
98051,18.290304838413974,0.5737308622078968,560,681,1241,0.0,-0.0008333472224535399,0.5730056406124138,8.058017727639034e-05
98052,18.28947149119152,0.5737308622078968,560,681,1241,0.0,-0.0008333472224535399,0.5730862207896902,8.058017727639034e-05
98053,18.288638143969063,0.5745366639806607,560,681,1241,0.0008058017727639033,-0.0008333472224570926,0.5733279613215194,0.00024174053182917098
98054,18.28780479674661,0.5737308622078968,560,681,1241,-0.0008058017727639033,-0.0008333472224535399,0.5734891216760721,0.00016116035455278067
98055,18.286971449524156,0.5737308622078968,560,681,1241,0.0,-0.0008333472224535399,0.5735697018533485,8.058017727639034e-05
98056,18.286138102301702,0.5737308622078968,560,681,1241,0.0,-0.0008333472224535399,0.5736502820306248,8.058017727639034e-05
98057,18.28530475507925,0.5737308622078968,560,681,1241,0.0,-0.0008333472224535399,0.5737308622079011,8.058017727639034e-05
98058,18.284471407856795,0.5737308622078968,560,681,1241,0.0,-0.0008333472224535399,0.5738114423851776,8.058017727639034e-05
98059,18.283638060634342,0.5737308622078968,560,681,1241,0.0,-0.0008333472224535399,0.5738114423851776,0.0
98060,18.28280471341189,0.5737308622078968,560,681,1241,0.0,-0.0008333472224535399,0.5738114423851776,0.0
98061,18.281971366189435,0.5737308622078968,560,681,1241,0.0,-0.0008333472224535399,0.5738114423851776,0.0
98062,18.28113801896698,0.5737308622078968,560,681,1241,0.0,-0.0008333472224535399,0.5738114423851776,0.0
98063,18.280304671744528,0.5737308622078968,560,681,1241,0.0,-0.0008333472224535399,0.5737308622079011,-8.058017727639034e-05
98064,18.279471324522074,0.5737308622078968,560,681,1241,0.0,-0.0008333472224535399,0.5737308622079011,0.0
98065,18.27863797729962,0.5737308622078968,560,681,1241,0.0,-0.0008333472224535399,0.5737308622079011,0.0
98066,18.277804630077167,0.5737308622078968,560,681,1241,0.0,-0.0008333472224535399,0.5737308622079011,0.0
98067,18.276971282854714,0.5737308622078968,560,681,1241,0.0,-0.0008333472224535399,0.5737308622079011,0.0
98068,18.27613793563226,0.5729250604351329,560,681,1241,-0.0008058017727639033,-0.0008333472224535399,0.5736502820306247,-8.058017727639034e-05
98069,18.275304588409806,0.572119258662369,560,681,1241,-0.0008058017727639033,-0.0008333472224535399,0.573489121676072,-0.00016116035455278067
98070,18.274471241187353,0.5729250604351329,560,681,1241,0.0008058017727639033,-0.0008333472224535399,0.5734085414987956,-8.058017727639034e-05
98071,18.2736378939649,0.5729250604351329,560,681,1241,0.0,-0.0008333472224535399,0.5733279613215193,-8.058017727639034e-05
98072,18.272804546742446,0.5729250604351329,560,681,1241,0.0,-0.0008333472224535399,0.5732473811442429,-8.058017727639034e-05
98073,18.271971199519992,0.5729250604351329,560,681,1241,0.0,-0.0008333472224535399,0.5731668009669666,-8.058017727639034e-05
98074,18.27113785229754,0.5729250604351329,560,681,1241,0.0,-0.0008333472224535399,0.5730862207896903,-8.058017727639034e-05
98075,18.27030450507508,0.5737308622078968,560,681,1241,0.0008058017727639033,-0.0008333472224570926,0.5730862207896903,0.0
98076,18.269471157852628,0.5737308622078968,560,681,1241,0.0,-0.0008333472224535399,0.5730862207896903,0.0
98077,18.268637810630175,0.5737308622078968,560,681,1241,0.0,-0.0008333472224535399,0.5730862207896903,0.0
98078,18.26780446340772,0.5737308622078968,560,681,1241,0.0,-0.0008333472224535399,0.5731668009669666,8.058017727639034e-05
98079,18.266971116185267,0.5737308622078968,560,681,1241,0.0,-0.0008333472224535399,0.5733279613215194,0.00016116035455278067
98080,18.266137768962814,0.5729250604351329,560,681,1241,-0.0008058017727639033,-0.0008333472224535399,0.5733279613215194,0.0
98081,18.26530442174036,0.5737308622078968,560,681,1241,0.0008058017727639033,-0.0008333472224535399,0.5734085414987957,8.058017727639034e-05
98082,18.264471074517907,0.5737308622078968,560,681,1241,0.0,-0.0008333472224535399,0.573489121676072,8.058017727639034e-05
98083,18.263637727295453,0.5729250604351329,560,681,1241,-0.0008058017727639033,-0.0008333472224535399,0.573489121676072,0.0
98084,18.262804380073,0.5729250604351329,560,681,1241,0.0,-0.0008333472224535399,0.573489121676072,0.0
98085,18.261971032850546,0.5737308622078968,560,681,1241,0.0008058017727639033,-0.0008333472224535399,0.573489121676072,0.0
98086,18.261137685628093,0.5737308622078968,560,681,1241,0.0,-0.0008333472224535399,0.573489121676072,0.0
98087,18.26030433840564,0.5745366639806607,560,681,1241,0.0008058017727639033,-0.0008333472224535399,0.5735697018533485,8.058017727639034e-05
98088,18.259470991183186,0.5745366639806607,560,681,1241,0.0,-0.0008333472224535399,0.573650282030625,8.058017727639034e-05
98089,18.258637643960732,0.5745366639806607,560,681,1241,0.0,-0.0008333472224535399,0.5737308622079014,8.058017727639034e-05
98090,18.25780429673828,0.5745366639806607,560,681,1241,0.0,-0.0008333472224535399,0.5738920225624542,0.00016116035455278067
98091,18.256970949515825,0.5745366639806607,560,681,1241,0.0,-0.0008333472224535399,0.5739726027397306,8.058017727639034e-05
98092,18.25613760229337,0.5737308622078968,560,681,1241,-0.0008058017727639033,-0.0008333472224535399,0.5739726027397306,0.0
98093,18.255304255070918,0.5737308622078968,560,681,1241,0.0,-0.0008333472224535399,0.5740531829170069,8.058017727639034e-05
98094,18.254470907848464,0.5745366639806607,560,681,1241,0.0008058017727639033,-0.0008333472224535399,0.5742143432715597,0.00016116035455278067
98095,18.25363756062601,0.5745366639806607,560,681,1241,0.0,-0.0008333472224535399,0.5742949234488361,8.058017727639034e-05
98096,18.252804213403554,0.5745366639806607,560,681,1241,0.0,-0.0008333472224570926,0.5743755036261126,8.058017727639034e-05
98097,18.2519708661811,0.5745366639806607,560,681,1241,0.0,-0.0008333472224535399,0.5743755036261126,0.0
98098,18.251137518958647,0.5745366639806607,560,681,1241,0.0,-0.0008333472224535399,0.5743755036261126,0.0
98099,18.250304171736193,0.5745366639806607,560,681,1241,0.0,-0.0008333472224535399,0.5743755036261126,0.0
98100,18.24947082451374,0.5745366639806607,560,681,1241,0.0,-0.0008333472224535399,0.5743755036261126,0.0
98101,18.248637477291286,0.5745366639806607,560,681,1241,0.0,-0.0008333472224535399,0.5743755036261126,0.0
98102,18.247804130068833,0.5745366639806607,560,681,1241,0.0,-0.0008333472224535399,0.574456083803389,8.058017727639034e-05
98103,18.24697078284638,0.5745366639806607,560,681,1241,0.0,-0.0008333472224535399,0.5745366639806655,8.058017727639034e-05
98104,18.246137435623925,0.5745366639806607,560,681,1241,0.0,-0.0008333472224535399,0.5745366639806655,0.0
98105,18.245304088401472,0.5745366639806607,560,681,1241,0.0,-0.0008333472224535399,0.5745366639806655,0.0
98106,18.24447074117902,0.5745366639806607,560,681,1241,0.0,-0.0008333472224535399,0.5745366639806655,0.0
98107,18.243637393956565,0.5745366639806607,560,681,1241,0.0,-0.0008333472224535399,0.5745366639806655,0.0
98108,18.24280404673411,0.5745366639806607,560,681,1241,0.0,-0.0008333472224535399,0.5745366639806655,0.0
98109,18.241970699511658,0.5745366639806607,560,681,1241,0.0,-0.0008333472224535399,0.5745366639806655,0.0
98110,18.241137352289204,0.5737308622078968,560,681,1241,-0.0008058017727639033,-0.0008333472224535399,0.574456083803389,-8.058017727639034e-05
98111,18.24030400506675,0.5737308622078968,560,681,1241,0.0,-0.0008333472224535399,0.5743755036261126,-8.058017727639034e-05
98112,18.239470657844297,0.5737308622078968,560,681,1241,0.0,-0.0008333472224535399,0.5742949234488361,-8.058017727639034e-05
98113,18.238637310621844,0.5737308622078968,560,681,1241,0.0,-0.0008333472224535399,0.5742143432715597,-8.058017727639034e-05
98114,18.23780396339939,0.5737308622078968,560,681,1241,0.0,-0.0008333472224535399,0.5741337630942833,-8.058017727639034e-05
98115,18.236970616176936,0.5737308622078968,560,681,1241,0.0,-0.0008333472224535399,0.5740531829170068,-8.058017727639034e-05
98116,18.236137268954483,0.5729250604351329,560,681,1241,-0.0008058017727639033,-0.0008333472224535399,0.5738920225624541,-0.00016116035455278067
98117,18.235303921732026,0.5729250604351329,560,681,1241,0.0,-0.0008333472224570926,0.5737308622079013,-0.00016116035455278067
98118,18.234470574509572,0.5737308622078968,560,681,1241,0.0008058017727639033,-0.0008333472224535399,0.5736502820306248,-8.058017727639034e-05
98119,18.23363722728712,0.5737308622078968,560,681,1241,0.0,-0.0008333472224535399,0.5735697018533484,-8.058017727639034e-05
98120,18.232803880064665,0.5737308622078968,560,681,1241,0.0,-0.0008333472224535399,0.5735697018533484,0.0
98121,18.23197053284221,0.5737308622078968,560,681,1241,0.0,-0.0008333472224535399,0.5735697018533484,0.0
98122,18.231137185619758,0.5737308622078968,560,681,1241,0.0,-0.0008333472224535399,0.5735697018533484,0.0
98123,18.230303838397305,0.5737308622078968,560,681,1241,0.0,-0.0008333472224535399,0.5735697018533484,0.0
98124,18.22947049117485,0.5737308622078968,560,681,1241,0.0,-0.0008333472224535399,0.5735697018533484,0.0
98125,18.228637143952398,0.5737308622078968,560,681,1241,0.0,-0.0008333472224535399,0.5735697018533484,0.0
98126,18.227803796729944,0.5737308622078968,560,681,1241,0.0,-0.0008333472224535399,0.5736502820306247,8.058017727639034e-05
98127,18.22697044950749,0.5737308622078968,560,681,1241,0.0,-0.0008333472224535399,0.5737308622079011,8.058017727639034e-05
98128,18.226137102285037,0.5737308622078968,560,681,1241,0.0,-0.0008333472224535399,0.5737308622079011,0.0
98129,18.225303755062583,0.5729250604351329,560,681,1241,-0.0008058017727639033,-0.0008333472224535399,0.5736502820306247,-8.058017727639034e-05
98130,18.22447040784013,0.5729250604351329,560,681,1241,0.0,-0.0008333472224535399,0.5735697018533484,-8.058017727639034e-05
98131,18.223637060617676,0.5729250604351329,560,681,1241,0.0,-0.0008333472224535399,0.573489121676072,-8.058017727639034e-05
98132,18.222803713395223,0.572119258662369,560,681,1241,-0.0008058017727639033,-0.0008333472224535399,0.5733279613215193,-0.00016116035455278067
98133,18.22197036617277,0.572119258662369,560,681,1241,0.0,-0.0008333472224535399,0.5731668009669665,-0.00016116035455278067
98134,18.221137018950316,0.5713134568896051,560,681,1241,-0.0008058017727639033,-0.0008333472224535399,0.5729250604351374,-0.00024174053182917098
98135,18.220303671727862,0.5713134568896051,560,681,1241,0.0,-0.0008333472224535399,0.5726833199033082,-0.00024174053182917098
98136,18.21947032450541,0.5713134568896051,560,681,1241,0.0,-0.0008333472224535399,0.5724415793714791,-0.00024174053182917098
98137,18.218636977282955,0.5705076551168412,560,681,1241,-0.0008058017727639033,-0.0008333472224535399,0.5721192586623736,-0.00032232070910556134
98138,18.217803630060498,0.5672844480257857,560,681,1241,-0.003223207091055502,-0.0008333472224570926,0.5714746172441625,-0.0006446414182111115
98139,18.216970282838044,0.5664786462530218,560,681,1241,-0.0008058017727639033,-0.0008333472224535399,0.5708299758259513,-0.0006446414182111115
98140,18.21613693561559,0.5664786462530218,560,681,1241,0.0,-0.0008333472224535399,0.5701853344077402,-0.0006446414182111115
98141,18.215303588393137,0.5664786462530218,560,681,1241,0.0,-0.0008333472224535399,0.569540692989529,-0.0006446414182111115
98142,18.214470241170684,0.5664786462530218,560,681,1241,0.0,-0.0008333472224535399,0.5689766317485944,-0.0005640612409347212
98143,18.21363689394823,0.5664786462530218,560,681,1241,0.0,-0.0008333472224535399,0.5684125705076597,-0.0005640612409347212
98144,18.212803546725777,0.5664786462530218,560,681,1241,0.0,-0.0008333472224535399,0.5679290894440013,-0.0004834810636583309
98145,18.211970199503323,0.5672844480257857,560,681,1241,0.0008058017727639033,-0.0008333472224535399,0.5675261885576195,-0.00040290088638194054
98146,18.21113685228087,0.5672844480257857,560,681,1241,0.0,-0.0008333472224535399,0.5671232876712375,-0.00040290088638194054
98147,18.210303505058416,0.5672844480257857,560,681,1241,0.0,-0.0008333472224535399,0.5668009669621321,-0.00032232070910555023
98148,18.209470157835963,0.5672844480257857,560,681,1241,0.0,-0.0008333472224535399,0.566800966962132,0.0
98149,18.20863681061351,0.5656728444802579,560,681,1241,-0.0016116035455278066,-0.0008333472224535399,0.5667203867848556,-8.058017727639034e-05
98150,18.207803463391055,0.5656728444802579,560,681,1241,0.0,-0.0008333472224535399,0.5666398066075792,-8.058017727639034e-05
98151,18.206970116168602,0.5656728444802579,560,681,1241,0.0,-0.0008333472224535399,0.5665592264303029,-8.058017727639034e-05
98152,18.20613676894615,0.5656728444802579,560,681,1241,0.0,-0.0008333472224535399,0.5664786462530265,-8.058017727639034e-05
98153,18.205303421723695,0.5656728444802579,560,681,1241,0.0,-0.0008333472224535399,0.5663980660757502,-8.058017727639034e-05
98154,18.20447007450124,0.5656728444802579,560,681,1241,0.0,-0.0008333472224535399,0.5663174858984739,-8.058017727639034e-05
98155,18.203636727278788,0.5656728444802579,560,681,1241,0.0,-0.0008333472224535399,0.566156325543921,-0.00016116035455278067
98156,18.202803380056334,0.5656728444802579,560,681,1241,0.0,-0.0008333472224535399,0.5659951651893682,-0.00016116035455278067
98157,18.20197003283388,0.5656728444802579,560,681,1241,0.0,-0.0008333472224535399,0.5658340048348153,-0.00016116035455278067
98158,18.201136685611427,0.5656728444802579,560,681,1241,0.0,-0.0008333472224535399,0.5656728444802624,-0.00016116035455278067
98159,18.20030333838897,0.5656728444802579,560,681,1241,0.0,-0.0008333472224570926,0.5656728444802624,0.0
98160,18.199469991166517,0.5656728444802579,560,681,1241,0.0,-0.0008333472224535399,0.5656728444802624,0.0
98161,18.198636643944063,0.5656728444802579,560,681,1241,0.0,-0.0008333472224535399,0.5656728444802624,0.0
98162,18.19780329672161,0.5656728444802579,560,681,1241,0.0,-0.0008333472224535399,0.5656728444802624,0.0
98163,18.196969949499156,0.5672844480257857,560,681,1241,0.0016116035455278066,-0.0008333472224535399,0.5658340048348153,0.00016116035455278067
98164,18.196136602276702,0.5672844480257857,560,681,1241,0.0,-0.0008333472224535399,0.5659951651893682,0.00016116035455278067
98165,18.19530325505425,0.5664786462530218,560,681,1241,-0.0008058017727639033,-0.0008333472224535399,0.5660757453666445,8.058017727639034e-05
98166,18.194469907831795,0.5664786462530218,560,681,1241,0.0,-0.0008333472224535399,0.5661563255439208,8.058017727639034e-05
98167,18.19363656060934,0.5672844480257857,560,681,1241,0.0008058017727639033,-0.0008333472224535399,0.5663174858984737,0.00016116035455278067
98168,18.192803213386888,0.5672844480257857,560,681,1241,0.0,-0.0008333472224535399,0.5664786462530266,0.00016116035455278067
98169,18.191969866164435,0.5672844480257857,560,681,1241,0.0,-0.0008333472224535399,0.5666398066075795,0.00016116035455278067
98170,18.19113651894198,0.5672844480257857,560,681,1241,0.0,-0.0008333472224535399,0.5668009669621323,0.00016116035455278067
98171,18.190303171719528,0.5672844480257857,560,681,1241,0.0,-0.0008333472224535399,0.5669621273166852,0.00016116035455278067
98172,18.189469824497074,0.5672844480257857,560,681,1241,0.0,-0.0008333472224535399,0.5671232876712381,0.00016116035455278067
98173,18.18863647727462,0.5664786462530218,560,681,1241,-0.0008058017727639033,-0.0008333472224535399,0.5670427074939617,-8.058017727639034e-05
98174,18.187803130052167,0.5664786462530218,560,681,1241,0.0,-0.0008333472224535399,0.5669621273166854,-8.058017727639034e-05
98175,18.186969782829713,0.5664786462530218,560,681,1241,0.0,-0.0008333472224535399,0.5669621273166854,0.0
98176,18.18613643560726,0.5664786462530218,560,681,1241,0.0,-0.0008333472224535399,0.5669621273166854,0.0
98177,18.185303088384806,0.5664786462530218,560,681,1241,0.0,-0.0008333472224535399,0.5668815471394091,-8.058017727639034e-05
98178,18.184469741162353,0.5664786462530218,560,681,1241,0.0,-0.0008333472224535399,0.5668009669621327,-8.058017727639034e-05
98179,18.1836363939399,0.5656728444802579,560,681,1241,-0.0008058017727639033,-0.0008333472224535399,0.5666398066075798,-0.00016116035455278067
98180,18.182803046717442,0.5656728444802579,560,681,1241,0.0,-0.0008333472224570926,0.5664786462530269,-0.00016116035455278067
98181,18.18196969949499,0.5656728444802579,560,681,1241,0.0,-0.0008333472224535399,0.5663174858984741,-0.00016116035455278067
98182,18.181136352272535,0.564867042707494,560,681,1241,-0.0008058017727639033,-0.0008333472224535399,0.5660757453666448,-0.00024174053182917098
98183,18.18030300505008,0.564867042707494,560,681,1241,0.0,-0.0008333472224535399,0.5659145850120921,-0.00016116035455278067
98184,18.179469657827628,0.564867042707494,560,681,1241,0.0,-0.0008333472224535399,0.5657534246575393,-0.00016116035455278067
98185,18.178636310605174,0.564867042707494,560,681,1241,0.0,-0.0008333472224535399,0.5655922643029865,-0.00016116035455278067
98186,18.17780296338272,0.564867042707494,560,681,1241,0.0,-0.0008333472224535399,0.5654311039484338,-0.00016116035455278067
98187,18.176969616160267,0.564867042707494,560,681,1241,0.0,-0.0008333472224535399,0.5652699435938809,-0.00016116035455278067
98188,18.176136268937814,0.564867042707494,560,681,1241,0.0,-0.0008333472224535399,0.5651087832393282,-0.00016116035455278067
98189,18.17530292171536,0.564867042707494,560,681,1241,0.0,-0.0008333472224535399,0.5650282030620518,-8.058017727639034e-05
98190,18.174469574492907,0.564867042707494,560,681,1241,0.0,-0.0008333472224535399,0.5649476228847755,-8.058017727639034e-05
98191,18.173636227270453,0.564867042707494,560,681,1241,0.0,-0.0008333472224535399,0.5648670427074991,-8.058017727639034e-05
98192,18.172802880048,0.564867042707494,560,681,1241,0.0,-0.0008333472224535399,0.5648670427074991,0.0
98193,18.171969532825546,0.564867042707494,560,681,1241,0.0,-0.0008333472224535399,0.5648670427074991,0.0
98194,18.171136185603093,0.564867042707494,560,681,1241,0.0,-0.0008333472224535399,0.5648670427074991,0.0
98195,18.17030283838064,0.564867042707494,560,681,1241,0.0,-0.0008333472224535399,0.5648670427074991,0.0
98196,18.169469491158186,0.564867042707494,560,681,1241,0.0,-0.0008333472224535399,0.5648670427074991,0.0
98197,18.168636143935732,0.564867042707494,560,681,1241,0.0,-0.0008333472224535399,0.5648670427074991,0.0
98198,18.16780279671328,0.564867042707494,560,681,1241,0.0,-0.0008333472224535399,0.5648670427074991,0.0
98199,18.166969449490825,0.564867042707494,560,681,1241,0.0,-0.0008333472224535399,0.5648670427074991,0.0
98200,18.16613610226837,0.564867042707494,560,681,1241,0.0,-0.0008333472224535399,0.5648670427074991,0.0
98201,18.165302755045918,0.5656728444802579,560,681,1241,0.0008058017727639033,-0.0008333472224535399,0.5649476228847755,8.058017727639034e-05
98202,18.16446940782346,0.5664786462530218,560,681,1241,0.0008058017727639033,-0.0008333472224570926,0.5651087832393282,0.00016116035455278067
98203,18.163636060601007,0.5664786462530218,560,681,1241,0.0,-0.0008333472224535399,0.565269943593881,0.00016116035455278067
98204,18.162802713378554,0.5664786462530218,560,681,1241,0.0,-0.0008333472224535399,0.5654311039484339,0.00016116035455278067
98205,18.1619693661561,0.5664786462530218,560,681,1241,0.0,-0.0008333472224535399,0.5655922643029866,0.00016116035455278067
98206,18.161136018933647,0.5664786462530218,560,681,1241,0.0,-0.0008333472224535399,0.5657534246575394,0.00016116035455278067
98207,18.160302671711193,0.5664786462530218,560,681,1241,0.0,-0.0008333472224535399,0.5659145850120921,0.00016116035455278067
98208,18.15946932448874,0.5664786462530218,560,681,1241,0.0,-0.0008333472224535399,0.566075745366645,0.00016116035455278067
98209,18.158635977266286,0.5664786462530218,560,681,1241,0.0,-0.0008333472224535399,0.5662369057211978,0.00016116035455278067
98210,18.157802630043832,0.5672844480257857,560,681,1241,0.0008058017727639033,-0.0008333472224535399,0.5664786462530269,0.00024174053182917098
98211,18.15696928282138,0.5672844480257857,560,681,1241,0.0,-0.0008333472224535399,0.5666398066075798,0.00016116035455278067
98212,18.156135935598925,0.5672844480257857,560,681,1241,0.0,-0.0008333472224535399,0.5667203867848563,8.058017727639034e-05
98213,18.155302588376472,0.5672844480257857,560,681,1241,0.0,-0.0008333472224535399,0.5668009669621326,8.058017727639034e-05
98214,18.15446924115402,0.5688960515713135,560,681,1241,0.0016116035455278066,-0.0008333472224535399,0.5670427074939618,0.00024174053182917098
98215,18.153635893931565,0.5680902497985496,560,681,1241,-0.0008058017727639033,-0.0008333472224535399,0.5672038678485146,0.00016116035455278067
98216,18.15280254670911,0.5680902497985496,560,681,1241,0.0,-0.0008333472224535399,0.5673650282030673,0.00016116035455278067
98217,18.151969199486658,0.5680902497985496,560,681,1241,0.0,-0.0008333472224535399,0.5675261885576202,0.00016116035455278067
98218,18.151135852264204,0.5688960515713135,560,681,1241,0.0008058017727639033,-0.0008333472224535399,0.5677679290894493,0.00024174053182917098
98219,18.15030250504175,0.5688960515713135,560,681,1241,0.0,-0.0008333472224535399,0.5680096696212785,0.00024174053182917098
98220,18.149469157819297,0.5688960515713135,560,681,1241,0.0,-0.0008333472224535399,0.5681708299758312,0.00016116035455278067
98221,18.148635810596843,0.5697018533440773,560,681,1241,0.0008058017727637923,-0.0008333472224535399,0.5684125705076605,0.0002417405318291599
98222,18.14780246337439,0.5697018533440773,560,681,1241,0.0,-0.0008333472224535399,0.5686543110394897,0.0002417405318291599
98223,18.146969116151933,0.5697018533440773,560,681,1241,0.0,-0.0008333472224570926,0.568896051571319,0.0002417405318291599
98224,18.14613576892948,0.5697018533440773,560,681,1241,0.0,-0.0008333472224535399,0.5689766317485953,8.058017727637922e-05
98225,18.145302421707026,0.5697018533440773,560,681,1241,0.0,-0.0008333472224535399,0.5691377921031481,0.00016116035455276956
98226,18.144469074484572,0.5697018533440773,560,681,1241,0.0,-0.0008333472224535399,0.5692989524577008,0.00016116035455276956
98227,18.14363572726212,0.5697018533440773,560,681,1241,0.0,-0.0008333472224535399,0.5694601128122536,0.00016116035455276956
98228,18.142802380039665,0.5697018533440773,560,681,1241,0.0,-0.0008333472224535399,0.56954069298953,8.058017727637922e-05
98229,18.14196903281721,0.5697018533440773,560,681,1241,0.0,-0.0008333472224535399,0.5696212731668064,8.058017727637922e-05
98230,18.141135685594758,0.5697018533440773,560,681,1241,0.0,-0.0008333472224535399,0.5697018533440827,8.058017727637922e-05
98231,18.140302338372305,0.5697018533440773,560,681,1241,0.0,-0.0008333472224535399,0.5697018533440827,0.0
98232,18.13946899114985,0.5688960515713135,560,681,1241,-0.0008058017727637923,-0.0008333472224535399,0.5696212731668063,-8.058017727637922e-05
98233,18.138635643927397,0.5688960515713135,560,681,1241,0.0,-0.0008333472224535399,0.5695406929895299,-8.058017727637922e-05
98234,18.137802296704944,0.5688960515713135,560,681,1241,0.0,-0.0008333472224535399,0.5694601128122536,-8.058017727637922e-05
98235,18.13696894948249,0.5697018533440773,560,681,1241,0.0008058017727637923,-0.0008333472224535399,0.5694601128122536,0.0
98236,18.136135602260037,0.5697018533440773,560,681,1241,0.0,-0.0008333472224535399,0.5694601128122536,0.0
98237,18.135302255037583,0.5697018533440773,560,681,1241,0.0,-0.0008333472224535399,0.5694601128122536,0.0
98238,18.13446890781513,0.5688960515713135,560,681,1241,-0.0008058017727637923,-0.0008333472224535399,0.5693795326349773,-8.058017727637922e-05
98239,18.133635560592676,0.5688960515713135,560,681,1241,0.0,-0.0008333472224535399,0.5692989524577009,-8.058017727637922e-05
98240,18.132802213370223,0.5688960515713135,560,681,1241,0.0,-0.0008333472224535399,0.5692183722804246,-8.058017727637922e-05
98241,18.13196886614777,0.5688960515713135,560,681,1241,0.0,-0.0008333472224535399,0.5691377921031482,-8.058017727637922e-05
98242,18.131135518925316,0.5688960515713135,560,681,1241,0.0,-0.0008333472224535399,0.5691377921031483,0.0
98243,18.130302171702862,0.5697018533440773,560,681,1241,0.0008058017727637923,-0.0008333472224535399,0.5692183722804247,8.058017727637922e-05
98244,18.129468824480405,0.5697018533440773,560,681,1241,0.0,-0.0008333472224570926,0.569298952457701,8.058017727637922e-05
98245,18.12863547725795,0.5697018533440773,560,681,1241,0.0,-0.0008333472224535399,0.569298952457701,0.0
98246,18.127802130035498,0.5697018533440773,560,681,1241,0.0,-0.0008333472224535399,0.569298952457701,0.0
98247,18.126968782813044,0.5697018533440773,560,681,1241,0.0,-0.0008333472224535399,0.569298952457701,0.0
98248,18.12613543559059,0.5705076551168412,560,681,1241,0.0008058017727639033,-0.0008333472224535399,0.5694601128122537,0.00016116035455276956
98249,18.125302088368137,0.5705076551168412,560,681,1241,0.0,-0.0008333472224535399,0.5696212731668064,0.00016116035455276956
98250,18.124468741145684,0.5705076551168412,560,681,1241,0.0,-0.0008333472224535399,0.569782433521359,0.00016116035455276956
98251,18.12363539392323,0.5705076551168412,560,681,1241,0.0,-0.0008333472224535399,0.5699435938759118,0.00016116035455276956
98252,18.122802046700777,0.5705076551168412,560,681,1241,0.0,-0.0008333472224535399,0.5701047542304645,0.00016116035455276956
98253,18.121968699478323,0.5705076551168412,560,681,1241,0.0,-0.0008333472224535399,0.5701853344077408,8.058017727639034e-05
98254,18.12113535225587,0.5705076551168412,560,681,1241,0.0,-0.0008333472224535399,0.5702659145850172,8.058017727639034e-05
98255,18.120302005033416,0.5705076551168412,560,681,1241,0.0,-0.0008333472224535399,0.5703464947622935,8.058017727639034e-05
98256,18.119468657810962,0.5705076551168412,560,681,1241,0.0,-0.0008333472224535399,0.5704270749395699,8.058017727639034e-05
98257,18.11863531058851,0.5705076551168412,560,681,1241,0.0,-0.0008333472224535399,0.5705076551168462,8.058017727639034e-05
98258,18.117801963366055,0.5705076551168412,560,681,1241,0.0,-0.0008333472224535399,0.5705076551168462,0.0
98259,18.116968616143602,0.5705076551168412,560,681,1241,0.0,-0.0008333472224535399,0.5705076551168462,0.0
98260,18.11613526892115,0.5697018533440773,560,681,1241,-0.0008058017727639033,-0.0008333472224535399,0.5704270749395699,-8.058017727639034e-05
98261,18.115301921698695,0.5697018533440773,560,681,1241,0.0,-0.0008333472224535399,0.5703464947622935,-8.058017727639034e-05
98262,18.11446857447624,0.5697018533440773,560,681,1241,0.0,-0.0008333472224535399,0.5702659145850172,-8.058017727639034e-05
98263,18.113635227253788,0.5697018533440773,560,681,1241,0.0,-0.0008333472224535399,0.5701853344077408,-8.058017727639034e-05
98264,18.112801880031334,0.5697018533440773,560,681,1241,0.0,-0.0008333472224535399,0.5701047542304645,-8.058017727639034e-05
98265,18.111968532808877,0.5697018533440773,560,681,1241,0.0,-0.0008333472224570926,0.5700241740531882,-8.058017727639034e-05
98266,18.111135185586424,0.5697018533440773,560,681,1241,0.0,-0.0008333472224535399,0.5699435938759118,-8.058017727639034e-05
98267,18.11030183836397,0.5688960515713135,560,681,1241,-0.0008058017727637923,-0.0008333472224535399,0.569782433521359,-0.00016116035455276956
98268,18.109468491141516,0.5697018533440773,560,681,1241,0.0008058017727637923,-0.0008333472224535399,0.5697018533440826,-8.058017727639034e-05
98269,18.108635143919063,0.5697018533440773,560,681,1241,0.0,-0.0008333472224535399,0.5696212731668063,-8.058017727639034e-05
98270,18.10780179669661,0.5705076551168412,560,681,1241,0.0008058017727639033,-0.0008333472224535399,0.5697018533440826,8.058017727639034e-05
98271,18.106968449474156,0.5705076551168412,560,681,1241,0.0,-0.0008333472224535399,0.569782433521359,8.058017727639034e-05
98272,18.106135102251702,0.5697018533440773,560,681,1241,-0.0008058017727639033,-0.0008333472224535399,0.569782433521359,0.0
98273,18.10530175502925,0.5697018533440773,560,681,1241,0.0,-0.0008333472224535399,0.569782433521359,0.0
98274,18.104468407806795,0.5697018533440773,560,681,1241,0.0,-0.0008333472224535399,0.569782433521359,0.0
98275,18.10363506058434,0.5697018533440773,560,681,1241,0.0,-0.0008333472224535399,0.569782433521359,0.0
98276,18.102801713361888,0.5697018533440773,560,681,1241,0.0,-0.0008333472224535399,0.569782433521359,0.0
98277,18.101968366139435,0.5697018533440773,560,681,1241,0.0,-0.0008333472224535399,0.5698630136986355,8.058017727637922e-05
98278,18.10113501891698,0.5697018533440773,560,681,1241,0.0,-0.0008333472224535399,0.5698630136986355,0.0
98279,18.100301671694528,0.5697018533440773,560,681,1241,0.0,-0.0008333472224535399,0.5698630136986355,0.0
98280,18.099468324472074,0.5697018533440773,560,681,1241,0.0,-0.0008333472224535399,0.569782433521359,-8.058017727639034e-05
98281,18.09863497724962,0.5697018533440773,560,681,1241,0.0,-0.0008333472224535399,0.5697018533440827,-8.058017727639034e-05
98282,18.097801630027167,0.5697018533440773,560,681,1241,0.0,-0.0008333472224535399,0.5697018533440827,0.0
98283,18.096968282804713,0.5697018533440773,560,681,1241,0.0,-0.0008333472224535399,0.5697018533440827,0.0
98284,18.09613493558226,0.5697018533440773,560,681,1241,0.0,-0.0008333472224535399,0.5697018533440827,0.0
98285,18.095301588359806,0.5705076551168412,560,681,1241,0.0008058017727639033,-0.0008333472224535399,0.569782433521359,8.058017727639034e-05
98286,18.09446824113735,0.5705076551168412,560,681,1241,0.0,-0.0008333472224570926,0.5698630136986355,8.058017727639034e-05
98287,18.093634893914896,0.5705076551168412,560,681,1241,0.0,-0.0008333472224535399,0.5699435938759118,8.058017727639034e-05
98288,18.092801546692442,0.5697018533440773,560,681,1241,-0.0008058017727639033,-0.0008333472224535399,0.5699435938759118,0.0
98289,18.09196819946999,0.5697018533440773,560,681,1241,0.0,-0.0008333472224535399,0.5699435938759118,0.0
98290,18.091134852247535,0.5705076551168412,560,681,1241,0.0008058017727639033,-0.0008333472224535399,0.5700241740531882,8.058017727639034e-05
98291,18.09030150502508,0.5705076551168412,560,681,1241,0.0,-0.0008333472224535399,0.5701047542304645,8.058017727639034e-05
98292,18.089468157802628,0.5688960515713135,560,681,1241,-0.0016116035455276956,-0.0008333472224535399,0.5700241740531881,-8.058017727637922e-05
98293,18.088634810580174,0.5688960515713135,560,681,1241,0.0,-0.0008333472224535399,0.5699435938759116,-8.058017727637922e-05
98294,18.08780146335772,0.5688960515713135,560,681,1241,0.0,-0.0008333472224535399,0.5698630136986353,-8.058017727637922e-05
98295,18.086968116135267,0.5688960515713135,560,681,1241,0.0,-0.0008333472224535399,0.5697018533440826,-0.00016116035455276956
98296,18.086134768912814,0.5688960515713135,560,681,1241,0.0,-0.0008333472224535399,0.5695406929895299,-0.00016116035455276956
98297,18.08530142169036,0.5688960515713135,560,681,1241,0.0,-0.0008333472224535399,0.5693795326349773,-0.00016116035455276956
98298,18.084468074467907,0.5688960515713135,560,681,1241,0.0,-0.0008333472224535399,0.5692989524577009,-8.058017727637922e-05
98299,18.083634727245453,0.5688960515713135,560,681,1241,0.0,-0.0008333472224535399,0.5692183722804246,-8.058017727637922e-05
98300,18.082801380023,0.5688960515713135,560,681,1241,0.0,-0.0008333472224535399,0.5690572119258719,-0.00016116035455276956
98301,18.081968032800546,0.5688960515713135,560,681,1241,0.0,-0.0008333472224535399,0.5688960515713192,-0.00016116035455276956
98302,18.081134685578093,0.5688960515713135,560,681,1241,0.0,-0.0008333472224535399,0.5688960515713193,0.0
98303,18.08030133835564,0.5688960515713135,560,681,1241,0.0,-0.0008333472224535399,0.5688960515713193,0.0
98304,18.079467991133185,0.5688960515713135,560,681,1241,0.0,-0.0008333472224535399,0.5688960515713193,0.0
98305,18.078634643910732,0.5688960515713135,560,681,1241,0.0,-0.0008333472224535399,0.5688960515713193,0.0
98306,18.07780129668828,0.5688960515713135,560,681,1241,0.0,-0.0008333472224535399,0.5688960515713193,0.0
98307,18.07696794946582,0.5688960515713135,560,681,1241,0.0,-0.0008333472224570926,0.5688960515713193,0.0
98308,18.076134602243368,0.5680902497985496,560,681,1241,-0.0008058017727639033,-0.0008333472224535399,0.568815471394043,-8.058017727639034e-05
98309,18.075301255020914,0.5680902497985496,560,681,1241,0.0,-0.0008333472224535399,0.5687348912167666,-8.058017727639034e-05
98310,18.07446790779846,0.5680902497985496,560,681,1241,0.0,-0.0008333472224535399,0.5686543110394903,-8.058017727639034e-05
98311,18.073634560576007,0.5680902497985496,560,681,1241,0.0,-0.0008333472224535399,0.5685737308622139,-8.058017727639034e-05
98312,18.072801213353554,0.5680902497985496,560,681,1241,0.0,-0.0008333472224535399,0.5684931506849376,-8.058017727639034e-05
98313,18.0719678661311,0.5688960515713135,560,681,1241,0.0008058017727639033,-0.0008333472224535399,0.5684931506849376,0.0
98314,18.071134518908647,0.5688960515713135,560,681,1241,0.0,-0.0008333472224535399,0.5684931506849376,0.0
98315,18.070301171686193,0.5688960515713135,560,681,1241,0.0,-0.0008333472224535399,0.5684931506849376,0.0
98316,18.06946782446374,0.5688960515713135,560,681,1241,0.0,-0.0008333472224535399,0.5684931506849376,0.0
98317,18.068634477241286,0.5688960515713135,560,681,1241,0.0,-0.0008333472224535399,0.5684931506849376,0.0
98318,18.067801130018832,0.5688960515713135,560,681,1241,0.0,-0.0008333472224535399,0.5685737308622139,8.058017727639034e-05
98319,18.06696778279638,0.5688960515713135,560,681,1241,0.0,-0.0008333472224535399,0.5686543110394903,8.058017727639034e-05
98320,18.066134435573925,0.5688960515713135,560,681,1241,0.0,-0.0008333472224535399,0.5687348912167666,8.058017727639034e-05
98321,18.06530108835147,0.5688960515713135,560,681,1241,0.0,-0.0008333472224535399,0.568815471394043,8.058017727639034e-05
98322,18.064467741129018,0.5688960515713135,560,681,1241,0.0,-0.0008333472224535399,0.5688960515713193,8.058017727639034e-05
98323,18.063634393906565,0.5688960515713135,560,681,1241,0.0,-0.0008333472224535399,0.5688960515713193,0.0
98324,18.06280104668411,0.5688960515713135,560,681,1241,0.0,-0.0008333472224535399,0.5688960515713193,0.0
98325,18.061967699461658,0.5688960515713135,560,681,1241,0.0,-0.0008333472224535399,0.5688960515713193,0.0
98326,18.061134352239204,0.5688960515713135,560,681,1241,0.0,-0.0008333472224535399,0.5688960515713193,0.0
98327,18.06030100501675,0.5697018533440773,560,681,1241,0.0008058017727637923,-0.0008333472224535399,0.5689766317485956,8.058017727637922e-05
98328,18.059467657794297,0.5697018533440773,560,681,1241,0.0,-0.0008333472224535399,0.569057211925872,8.058017727637922e-05
98329,18.05863431057184,0.5697018533440773,560,681,1241,0.0,-0.0008333472224570926,0.5691377921031483,8.058017727637922e-05
98330,18.057800963349386,0.5688960515713135,560,681,1241,-0.0008058017727637923,-0.0008333472224535399,0.5691377921031483,0.0
98331,18.056967616126933,0.5688960515713135,560,681,1241,0.0,-0.0008333472224535399,0.5691377921031483,0.0
98332,18.05613426890448,0.5688960515713135,560,681,1241,0.0,-0.0008333472224535399,0.5691377921031483,0.0
98333,18.055300921682026,0.5688960515713135,560,681,1241,0.0,-0.0008333472224535399,0.5691377921031483,0.0
98334,18.054467574459572,0.5688960515713135,560,681,1241,0.0,-0.0008333472224535399,0.5691377921031483,0.0
98335,18.05363422723712,0.5688960515713135,560,681,1241,0.0,-0.0008333472224535399,0.5691377921031483,0.0
98336,18.052800880014665,0.5688960515713135,560,681,1241,0.0,-0.0008333472224535399,0.5691377921031483,0.0
98337,18.05196753279221,0.5688960515713135,560,681,1241,0.0,-0.0008333472224535399,0.5690572119258719,-8.058017727637922e-05
98338,18.051134185569758,0.5688960515713135,560,681,1241,0.0,-0.0008333472224535399,0.5689766317485956,-8.058017727637922e-05
98339,18.050300838347304,0.5688960515713135,560,681,1241,0.0,-0.0008333472224535399,0.5688960515713192,-8.058017727637922e-05
98340,18.04946749112485,0.5688960515713135,560,681,1241,0.0,-0.0008333472224535399,0.5688960515713193,0.0
98341,18.048634143902397,0.5688960515713135,560,681,1241,0.0,-0.0008333472224535399,0.5688960515713193,0.0
98342,18.047800796679944,0.5688960515713135,560,681,1241,0.0,-0.0008333472224535399,0.5688960515713193,0.0
98343,18.04696744945749,0.5688960515713135,560,681,1241,0.0,-0.0008333472224535399,0.5688960515713193,0.0
98344,18.046134102235037,0.5688960515713135,560,681,1241,0.0,-0.0008333472224535399,0.5688960515713193,0.0
98345,18.045300755012583,0.5688960515713135,560,681,1241,0.0,-0.0008333472224535399,0.5688960515713193,0.0
98346,18.04446740779013,0.5688960515713135,560,681,1241,0.0,-0.0008333472224535399,0.5688960515713193,0.0
98347,18.043634060567676,0.5688960515713135,560,681,1241,0.0,-0.0008333472224535399,0.5688960515713193,0.0
98348,18.042800713345223,0.5680902497985496,560,681,1241,-0.0008058017727639033,-0.0008333472224535399,0.568815471394043,-8.058017727639034e-05
98349,18.04196736612277,0.5688960515713135,560,681,1241,0.0008058017727639033,-0.0008333472224535399,0.568815471394043,0.0
98350,18.041134018900312,0.5688960515713135,560,681,1241,0.0,-0.0008333472224570926,0.568815471394043,0.0
98351,18.04030067167786,0.5688960515713135,560,681,1241,0.0,-0.0008333472224535399,0.568815471394043,0.0
98352,18.039467324455405,0.5688960515713135,560,681,1241,0.0,-0.0008333472224535399,0.568815471394043,0.0
98353,18.03863397723295,0.5697018533440773,560,681,1241,0.0008058017727637923,-0.0008333472224535399,0.5688960515713193,8.058017727637922e-05
98354,18.037800630010498,0.5705076551168412,560,681,1241,0.0008058017727639033,-0.0008333472224535399,0.569057211925872,0.00016116035455276956
98355,18.036967282788044,0.5705076551168412,560,681,1241,0.0,-0.0008333472224535399,0.5692183722804247,0.00016116035455276956
98356,18.03613393556559,0.5705076551168412,560,681,1241,0.0,-0.0008333472224535399,0.5693795326349773,0.00016116035455276956
98357,18.035300588343137,0.5705076551168412,560,681,1241,0.0,-0.0008333472224535399,0.56954069298953,0.00016116035455276956
98358,18.034467241120684,0.5705076551168412,560,681,1241,0.0,-0.0008333472224535399,0.5697824335213592,0.0002417405318291599
98359,18.03363389389823,0.5705076551168412,560,681,1241,0.0,-0.0008333472224535399,0.569943593875912,0.00016116035455276956
98360,18.032800546675777,0.5705076551168412,560,681,1241,0.0,-0.0008333472224535399,0.5701047542304647,0.00016116035455276956
98361,18.031967199453323,0.5697018533440773,560,681,1241,-0.0008058017727639033,-0.0008333472224535399,0.570185334407741,8.058017727637922e-05
98362,18.03113385223087,0.5697018533440773,560,681,1241,0.0,-0.0008333472224535399,0.5702659145850173,8.058017727637922e-05
98363,18.030300505008416,0.5697018533440773,560,681,1241,0.0,-0.0008333472224535399,0.5702659145850173,0.0
98364,18.029467157785962,0.5697018533440773,560,681,1241,0.0,-0.0008333472224535399,0.570185334407741,-8.058017727639034e-05
98365,18.02863381056351,0.5697018533440773,560,681,1241,0.0,-0.0008333472224535399,0.5701047542304647,-8.058017727639034e-05
98366,18.027800463341055,0.5697018533440773,560,681,1241,0.0,-0.0008333472224535399,0.5700241740531883,-8.058017727639034e-05
98367,18.026967116118602,0.5705076551168412,560,681,1241,0.0008058017727639033,-0.0008333472224535399,0.5700241740531883,0.0
98368,18.02613376889615,0.5705076551168412,560,681,1241,0.0,-0.0008333472224535399,0.5700241740531883,0.0
98369,18.025300421673695,0.5705076551168412,560,681,1241,0.0,-0.0008333472224535399,0.5700241740531883,0.0
98370,18.02446707445124,0.572119258662369,560,681,1241,0.0016116035455278066,-0.0008333472224535399,0.5701853344077411,0.00016116035455278067
98371,18.023633727228784,0.572119258662369,560,681,1241,0.0,-0.0008333472224570926,0.5704270749395702,0.00024174053182917098
98372,18.02280038000633,0.5737308622078968,560,681,1241,0.0016116035455278066,-0.0008333472224535399,0.5708299758259521,0.00040290088638195165
98373,18.021967032783877,0.5737308622078968,560,681,1241,0.0,-0.0008333472224535399,0.571232876712334,0.00040290088638195165
98374,18.021133685561423,0.5737308622078968,560,681,1241,0.0,-0.0008333472224535399,0.571635777598716,0.00040290088638195165
98375,18.02030033833897,0.5729250604351329,560,681,1241,-0.0008058017727639033,-0.0008333472224535399,0.5719580983078215,0.00032232070910556134
98376,18.019466991116516,0.5729250604351329,560,681,1241,0.0,-0.0008333472224535399,0.572280419016927,0.00032232070910556134
98377,18.018633643894063,0.5729250604351329,560,681,1241,0.0,-0.0008333472224535399,0.5725221595487563,0.00024174053182917098
98378,18.01780029667161,0.5729250604351329,560,681,1241,0.0,-0.0008333472224535399,0.5727639000805855,0.00024174053182917098
98379,18.016966949449156,0.5737308622078968,560,681,1241,0.0008058017727639033,-0.0008333472224535399,0.5730862207896911,0.00032232070910556134
98380,18.016133602226702,0.5729250604351329,560,681,1241,-0.0008058017727639033,-0.0008333472224535399,0.5731668009669675,8.058017727639034e-05
98381,18.01530025500425,0.5729250604351329,560,681,1241,0.0,-0.0008333472224535399,0.5732473811442439,8.058017727639034e-05
98382,18.014466907781795,0.5729250604351329,560,681,1241,0.0,-0.0008333472224535399,0.5731668009669676,-8.058017727639034e-05
98383,18.01363356055934,0.5705076551168412,560,681,1241,-0.00241740531829171,-0.0008333472224535399,0.572844480257862,-0.00032232070910556134
98384,18.012800213336888,0.5705076551168412,560,681,1241,0.0,-0.0008333472224535399,0.5725221595487564,-0.00032232070910556134
98385,18.011966866114435,0.5705076551168412,560,681,1241,0.0,-0.0008333472224535399,0.5722804190169273,-0.00024174053182917098
98386,18.01113351889198,0.5713134568896051,560,681,1241,0.0008058017727639033,-0.0008333472224535399,0.5721192586623745,-0.00016116035455278067
98387,18.010300171669527,0.5713134568896051,560,681,1241,0.0,-0.0008333472224535399,0.5719580983078216,-0.00016116035455278067
98388,18.009466824447074,0.5713134568896051,560,681,1241,0.0,-0.0008333472224535399,0.5717969379532689,-0.00016116035455278067
98389,18.00863347722462,0.5713134568896051,560,681,1241,0.0,-0.0008333472224535399,0.5715551974214398,-0.00024174053182917098
98390,18.007800130002167,0.5713134568896051,560,681,1241,0.0,-0.0008333472224535399,0.571394037066887,-0.00016116035455278067
98391,18.006966782779713,0.5713134568896051,560,681,1241,0.0,-0.0008333472224535399,0.5712328767123342,-0.00016116035455278067
98392,18.006133435557256,0.572119258662369,560,681,1241,0.0008058017727639033,-0.0008333472224570926,0.5711522965350577,-8.058017727639034e-05
98393,18.005300088334803,0.572119258662369,560,681,1241,0.0,-0.0008333472224535399,0.5713134568896105,0.00016116035455278067
98394,18.00446674111235,0.572119258662369,560,681,1241,0.0,-0.0008333472224535399,0.5714746172441634,0.00016116035455278067
98395,18.003633393889896,0.572119258662369,560,681,1241,0.0,-0.0008333472224535399,0.5716357775987161,0.00016116035455278067
98396,18.002800046667442,0.572119258662369,560,681,1241,0.0,-0.0008333472224535399,0.5717163577759925,8.058017727639034e-05
98397,18.00196669944499,0.572119258662369,560,681,1241,0.0,-0.0008333472224535399,0.5717969379532688,8.058017727639034e-05
98398,18.001133352222535,0.572119258662369,560,681,1241,0.0,-0.0008333472224535399,0.5718775181305451,8.058017727639034e-05
98399,18.00030000500008,0.572119258662369,560,681,1241,0.0,-0.0008333472224535399,0.5719580983078215,8.058017727639034e-05
98400,17.99946665777763,0.572119258662369,560,681,1241,0.0,-0.0008333472224499872,0.5720386784850978,8.058017727639034e-05
98401,17.998633310555178,0.5713134568896051,560,681,1241,-0.0008058017727639033,-0.0008333472224535399,0.5720386784850978,0.0
98402,17.997799963332724,0.5713134568896051,560,681,1241,0.0,-0.0008333472224535399,0.5719580983078215,-8.058017727639034e-05
98403,17.996966616110264,0.5713134568896051,560,681,1241,0.0,-0.0008333472224606453,0.5718775181305451,-8.058017727639034e-05
98404,17.99613326888781,0.5713134568896051,560,681,1241,0.0,-0.0008333472224535399,0.5717969379532688,-8.058017727639034e-05
98405,17.995299921665357,0.5713134568896051,560,681,1241,0.0,-0.0008333472224535399,0.5717163577759925,-8.058017727639034e-05
98406,17.994466574442903,0.5713134568896051,560,681,1241,0.0,-0.0008333472224535399,0.5716357775987161,-8.058017727639034e-05
98407,17.99363322722045,0.5713134568896051,560,681,1241,0.0,-0.0008333472224535399,0.5715551974214398,-8.058017727639034e-05
98408,17.992799879997996,0.5713134568896051,560,681,1241,0.0,-0.0008333472224535399,0.5714746172441634,-8.058017727639034e-05
98409,17.991966532775542,0.5713134568896051,560,681,1241,0.0,-0.0008333472224535399,0.5713940370668871,-8.058017727639034e-05
98410,17.99113318555309,0.5713134568896051,560,681,1241,0.0,-0.0008333472224535399,0.5713134568896108,-8.058017727639034e-05
98411,17.990299838330635,0.5713134568896051,560,681,1241,0.0,-0.0008333472224535399,0.5713134568896108,0.0
98412,17.989466491108182,0.5713134568896051,560,681,1241,0.0,-0.0008333472224535399,0.5713134568896108,0.0
98413,17.98863314388573,0.5713134568896051,560,681,1241,0.0,-0.0008333472224535399,0.5713134568896108,0.0
98414,17.987799796663275,0.5713134568896051,560,681,1241,0.0,-0.0008333472224535399,0.5713134568896108,0.0
98415,17.98696644944082,0.5713134568896051,560,681,1241,0.0,-0.0008333472224535399,0.5713134568896108,0.0
98416,17.986133102218368,0.572119258662369,560,681,1241,0.0008058017727639033,-0.0008333472224535399,0.5713940370668871,8.058017727639034e-05
98417,17.985299754995914,0.572119258662369,560,681,1241,0.0,-0.0008333472224535399,0.5714746172441634,8.058017727639034e-05
98418,17.98446640777346,0.572119258662369,560,681,1241,0.0,-0.0008333472224535399,0.5715551974214398,8.058017727639034e-05
98419,17.983633060551007,0.572119258662369,560,681,1241,0.0,-0.0008333472224535399,0.5716357775987161,8.058017727639034e-05
98420,17.982799713328554,0.5729250604351329,560,681,1241,0.0008058017727639033,-0.0008333472224535399,0.5717969379532689,0.00016116035455278067
98421,17.9819663661061,0.5729250604351329,560,681,1241,0.0,-0.0008333472224535399,0.5719580983078216,0.00016116035455278067
98422,17.981133018883646,0.5729250604351329,560,681,1241,0.0,-0.0008333472224535399,0.5721192586623745,0.00016116035455278067
98423,17.980299671661193,0.5729250604351329,560,681,1241,0.0,-0.0008333472224535399,0.5722804190169273,0.00016116035455278067
98424,17.97946632443874,0.572119258662369,560,681,1241,-0.0008058017727639033,-0.0008333472224535399,0.5723609991942036,8.058017727639034e-05
98425,17.978632977216286,0.572119258662369,560,681,1241,0.0,-0.0008333472224535399,0.5724415793714799,8.058017727639034e-05
98426,17.977799629993832,0.572119258662369,560,681,1241,0.0,-0.0008333472224535399,0.5724415793714799,0.0
98427,17.97696628277138,0.572119258662369,560,681,1241,0.0,-0.0008333472224535399,0.5724415793714799,0.0
98428,17.976132935548925,0.5713134568896051,560,681,1241,-0.0008058017727639033,-0.0008333472224535399,0.5723609991942036,-8.058017727639034e-05
98429,17.97529958832647,0.5705076551168412,560,681,1241,-0.0008058017727639033,-0.0008333472224535399,0.5721998388396508,-0.00016116035455278067
98430,17.974466241104018,0.5705076551168412,560,681,1241,0.0,-0.0008333472224535399,0.5719580983078216,-0.00024174053182917098
98431,17.973632893881565,0.5697018533440773,560,681,1241,-0.0008058017727639033,-0.0008333472224535399,0.571635777598716,-0.00032232070910556134
98432,17.97279954665911,0.5697018533440773,560,681,1241,0.0,-0.0008333472224535399,0.5713134568896104,-0.00032232070910556134
98433,17.971966199436658,0.5697018533440773,560,681,1241,0.0,-0.0008333472224535399,0.5709911361805049,-0.00032232070910556134
98434,17.971132852214204,0.5697018533440773,560,681,1241,0.0,-0.0008333472224535399,0.5707493956486758,-0.00024174053182917098
98435,17.97029950499175,0.5697018533440773,560,681,1241,0.0,-0.0008333472224535399,0.5705076551168466,-0.00024174053182917098
98436,17.969466157769297,0.5697018533440773,560,681,1241,0.0,-0.0008333472224535399,0.5702659145850175,-0.00024174053182917098
98437,17.968632810546843,0.5697018533440773,560,681,1241,0.0,-0.0008333472224535399,0.5700241740531884,-0.00024174053182917098
98438,17.96779946332439,0.5697018533440773,560,681,1241,0.0,-0.0008333472224535399,0.5698630136986356,-0.00016116035455278067
98439,17.966966116101936,0.5697018533440773,560,681,1241,0.0,-0.0008333472224535399,0.5697824335213593,-8.058017727639034e-05
98440,17.966132768879483,0.5697018533440773,560,681,1241,0.0,-0.0008333472224535399,0.569701853344083,-8.058017727639034e-05
98441,17.96529942165703,0.5697018533440773,560,681,1241,0.0,-0.0008333472224535399,0.569701853344083,0.0
98442,17.964466074434576,0.5697018533440773,560,681,1241,0.0,-0.0008333472224535399,0.569701853344083,0.0
98443,17.963632727212122,0.5697018533440773,560,681,1241,0.0,-0.0008333472224535399,0.569701853344083,0.0
98444,17.96279937998967,0.5697018533440773,560,681,1241,0.0,-0.0008333472224535399,0.569701853344083,0.0
98445,17.961966032767208,0.5705076551168412,560,681,1241,0.0008058017727639033,-0.0008333472224606453,0.5697824335213593,8.058017727639034e-05
98446,17.961132685544754,0.5705076551168412,560,681,1241,0.0,-0.0008333472224535399,0.5698630136986356,8.058017727639034e-05
98447,17.9602993383223,0.5697018533440773,560,681,1241,-0.0008058017727639033,-0.0008333472224535399,0.5698630136986356,0.0
98448,17.959465991099847,0.5697018533440773,560,681,1241,0.0,-0.0008333472224535399,0.5698630136986356,0.0
98449,17.958632643877394,0.5697018533440773,560,681,1241,0.0,-0.0008333472224535399,0.5698630136986356,0.0
98450,17.95779929665494,0.5697018533440773,560,681,1241,0.0,-0.0008333472224535399,0.5698630136986356,0.0
98451,17.956965949432487,0.5697018533440773,560,681,1241,0.0,-0.0008333472224535399,0.5698630136986356,0.0
98452,17.956132602210033,0.5697018533440773,560,681,1241,0.0,-0.0008333472224535399,0.5698630136986356,0.0
98453,17.95529925498758,0.5705076551168412,560,681,1241,0.0008058017727639033,-0.0008333472224535399,0.569943593875912,8.058017727639034e-05
98454,17.954465907765126,0.5688960515713135,560,681,1241,-0.0016116035455276956,-0.0008333472224535399,0.5698630136986356,-8.058017727637922e-05
98455,17.953632560542673,0.5688960515713135,560,681,1241,0.0,-0.0008333472224535399,0.5697018533440829,-0.00016116035455276956
98456,17.95279921332022,0.5688960515713135,560,681,1241,0.0,-0.0008333472224535399,0.5695406929895301,-0.00016116035455276956
98457,17.951965866097765,0.5688960515713135,560,681,1241,0.0,-0.0008333472224535399,0.5694601128122538,-8.058017727637922e-05
98458,17.951132518875312,0.5688960515713135,560,681,1241,0.0,-0.0008333472224535399,0.5693795326349774,-8.058017727637922e-05
98459,17.95029917165286,0.5688960515713135,560,681,1241,0.0,-0.0008333472224535399,0.5692989524577011,-8.058017727637922e-05
98460,17.949465824430405,0.5697018533440773,560,681,1241,0.0008058017727637923,-0.0008333472224535399,0.5692989524577011,0.0
98461,17.94863247720795,0.5697018533440773,560,681,1241,0.0,-0.0008333472224535399,0.5692989524577011,0.0
98462,17.947799129985498,0.5697018533440773,560,681,1241,0.0,-0.0008333472224535399,0.5692989524577011,0.0
98463,17.946965782763044,0.5697018533440773,560,681,1241,0.0,-0.0008333472224535399,0.5692183722804247,-8.058017727639034e-05
98464,17.94613243554059,0.5697018533440773,560,681,1241,0.0,-0.0008333472224535399,0.5692989524577012,8.058017727637922e-05
98465,17.945299088318137,0.5697018533440773,560,681,1241,0.0,-0.0008333472224535399,0.5693795326349775,8.058017727637922e-05
98466,17.944465741095684,0.5697018533440773,560,681,1241,0.0,-0.0008333472224535399,0.5694601128122538,8.058017727637922e-05
98467,17.94363239387323,0.5697018533440773,560,681,1241,0.0,-0.0008333472224535399,0.5695406929895303,8.058017727637922e-05
98468,17.942799046650777,0.5697018533440773,560,681,1241,0.0,-0.0008333472224535399,0.5696212731668066,8.058017727637922e-05
98469,17.941965699428323,0.5697018533440773,560,681,1241,0.0,-0.0008333472224535399,0.569701853344083,8.058017727637922e-05
98470,17.94113235220587,0.5697018533440773,560,681,1241,0.0,-0.0008333472224535399,0.569701853344083,0.0
98471,17.940299004983416,0.5697018533440773,560,681,1241,0.0,-0.0008333472224535399,0.569701853344083,0.0
98472,17.939465657760962,0.5697018533440773,560,681,1241,0.0,-0.0008333472224535399,0.569701853344083,0.0
98473,17.93863231053851,0.5697018533440773,560,681,1241,0.0,-0.0008333472224535399,0.569701853344083,0.0
98474,17.937798963316055,0.5697018533440773,560,681,1241,0.0,-0.0008333472224535399,0.569701853344083,0.0
98475,17.9369656160936,0.5697018533440773,560,681,1241,0.0,-0.0008333472224535399,0.569701853344083,0.0
98476,17.936132268871148,0.5697018533440773,560,681,1241,0.0,-0.0008333472224535399,0.569701853344083,0.0
98477,17.935298921648695,0.5697018533440773,560,681,1241,0.0,-0.0008333472224535399,0.569701853344083,0.0
98478,17.93446557442624,0.5697018533440773,560,681,1241,0.0,-0.0008333472224535399,0.569701853344083,0.0
98479,17.933632227203788,0.5697018533440773,560,681,1241,0.0,-0.0008333472224535399,0.569701853344083,0.0
98480,17.932798879981334,0.5697018533440773,560,681,1241,0.0,-0.0008333472224535399,0.569701853344083,0.0
98481,17.93196553275888,0.5697018533440773,560,681,1241,0.0,-0.0008333472224535399,0.569701853344083,0.0
98482,17.931132185536427,0.5697018533440773,560,681,1241,0.0,-0.0008333472224535399,0.569701853344083,0.0
98483,17.930298838313973,0.5697018533440773,560,681,1241,0.0,-0.0008333472224535399,0.569701853344083,0.0
98484,17.92946549109152,0.5688960515713135,560,681,1241,-0.0008058017727637923,-0.0008333472224535399,0.5696212731668064,-8.058017727637922e-05
98485,17.928632143869066,0.5688960515713135,560,681,1241,0.0,-0.0008333472224535399,0.5695406929895301,-8.058017727637922e-05
98486,17.927798796646613,0.5688960515713135,560,681,1241,0.0,-0.0008333472224535399,0.5694601128122538,-8.058017727637922e-05
98487,17.92696544942416,0.5688960515713135,560,681,1241,0.0,-0.0008333472224535399,0.5693795326349774,-8.058017727637922e-05
98488,17.9261321022017,0.5688960515713135,560,681,1241,0.0,-0.0008333472224606453,0.5692989524577011,-8.058017727637922e-05
98489,17.925298754979245,0.5688960515713135,560,681,1241,0.0,-0.0008333472224535399,0.5692183722804247,-8.058017727637922e-05
98490,17.92446540775679,0.5688960515713135,560,681,1241,0.0,-0.0008333472224535399,0.5691377921031484,-8.058017727637922e-05
98491,17.923632060534338,0.5688960515713135,560,681,1241,0.0,-0.0008333472224535399,0.5690572119258721,-8.058017727637922e-05
98492,17.922798713311884,0.5697018533440773,560,681,1241,0.0008058017727637923,-0.0008333472224535399,0.5690572119258721,0.0
98493,17.92196536608943,0.5697018533440773,560,681,1241,0.0,-0.0008333472224535399,0.5690572119258721,0.0
98494,17.921132018866977,0.5697018533440773,560,681,1241,0.0,-0.0008333472224535399,0.5691377921031485,8.058017727637922e-05
98495,17.920298671644524,0.5697018533440773,560,681,1241,0.0,-0.0008333472224535399,0.5692183722804248,8.058017727637922e-05
98496,17.91946532442207,0.5697018533440773,560,681,1241,0.0,-0.0008333472224535399,0.5692989524577012,8.058017727637922e-05
98497,17.918631977199617,0.5697018533440773,560,681,1241,0.0,-0.0008333472224535399,0.5693795326349775,8.058017727637922e-05
98498,17.917798629977163,0.5705076551168412,560,681,1241,0.0008058017727639033,-0.0008333472224535399,0.5695406929895303,0.00016116035455276956
98499,17.91696528275471,0.5705076551168412,560,681,1241,0.0,-0.0008333472224535399,0.569701853344083,0.00016116035455276956
98500,17.916131935532256,0.5705076551168412,560,681,1241,0.0,-0.0008333472224535399,0.5698630136986356,0.00016116035455276956
98501,17.915298588309803,0.5705076551168412,560,681,1241,0.0,-0.0008333472224535399,0.5700241740531883,0.00016116035455276956
98502,17.91446524108735,0.5705076551168412,560,681,1241,0.0,-0.0008333472224535399,0.5701047542304647,8.058017727639034e-05
98503,17.913631893864896,0.5705076551168412,560,681,1241,0.0,-0.0008333472224535399,0.570185334407741,8.058017727639034e-05
98504,17.912798546642442,0.5705076551168412,560,681,1241,0.0,-0.0008333472224535399,0.5702659145850173,8.058017727639034e-05
98505,17.91196519941999,0.5705076551168412,560,681,1241,0.0,-0.0008333472224535399,0.5703464947622937,8.058017727639034e-05
98506,17.911131852197535,0.5705076551168412,560,681,1241,0.0,-0.0008333472224535399,0.57042707493957,8.058017727639034e-05
98507,17.91029850497508,0.5705076551168412,560,681,1241,0.0,-0.0008333472224535399,0.5705076551168464,8.058017727639034e-05
98508,17.909465157752628,0.5705076551168412,560,681,1241,0.0,-0.0008333472224535399,0.5705076551168464,0.0
98509,17.908631810530174,0.5705076551168412,560,681,1241,0.0,-0.0008333472224535399,0.5705076551168464,0.0
98510,17.90779846330772,0.5705076551168412,560,681,1241,0.0,-0.0008333472224535399,0.5705076551168464,0.0
98511,17.906965116085267,0.5713134568896051,560,681,1241,0.0008058017727639033,-0.0008333472224535399,0.5705882352941228,8.058017727639034e-05
98512,17.906131768862814,0.572119258662369,560,681,1241,0.0008058017727639033,-0.0008333472224535399,0.5707493956486756,0.00016116035455278067
98513,17.90529842164036,0.572119258662369,560,681,1241,0.0,-0.0008333472224535399,0.5709105560032284,0.00016116035455278067
98514,17.904465074417907,0.5729250604351329,560,681,1241,0.0008058017727639033,-0.0008333472224535399,0.5711522965350576,0.00024174053182917098
98515,17.903631727195453,0.5729250604351329,560,681,1241,0.0,-0.0008333472224535399,0.5713940370668869,0.00024174053182917098
98516,17.902798379973,0.5737308622078968,560,681,1241,0.0008058017727639033,-0.0008333472224535399,0.5717163577759924,0.00032232070910556134
98517,17.901965032750546,0.5745366639806607,560,681,1241,0.0008058017727639033,-0.0008333472224535399,0.5721192586623743,0.00040290088638195165
98518,17.901131685528092,0.5745366639806607,560,681,1241,0.0,-0.0008333472224535399,0.5725221595487564,0.00040290088638195165
98519,17.90029833830564,0.5745366639806607,560,681,1241,0.0,-0.0008333472224535399,0.5729250604351384,0.00040290088638195165
98520,17.899464991083185,0.5745366639806607,560,681,1241,0.0,-0.0008333472224535399,0.5733279613215203,0.00040290088638195165
98521,17.898631643860732,0.5745366639806607,560,681,1241,0.0,-0.0008333472224535399,0.573650282030626,0.00032232070910556134
98522,17.89779829663828,0.5753424657534246,560,681,1241,0.0008058017727639033,-0.0008333472224535399,0.5739726027397315,0.00032232070910556134
98523,17.896964949415825,0.5745366639806607,560,681,1241,-0.0008058017727639033,-0.0008333472224535399,0.5742143432715607,0.00024174053182917098
98524,17.89613160219337,0.5753424657534246,560,681,1241,0.0008058017727639033,-0.0008333472224535399,0.5744560838033899,0.00024174053182917098
98525,17.895298254970918,0.5753424657534246,560,681,1241,0.0,-0.0008333472224535399,0.574697824335219,0.00024174053182917098
98526,17.894464907748464,0.5753424657534246,560,681,1241,0.0,-0.0008333472224535399,0.5748589846897717,0.00016116035455278067
98527,17.89363156052601,0.5753424657534246,560,681,1241,0.0,-0.0008333472224535399,0.5749395648670481,8.058017727639034e-05
98528,17.892798213303557,0.5753424657534246,560,681,1241,0.0,-0.0008333472224535399,0.5750201450443244,8.058017727639034e-05
98529,17.891964866081103,0.5753424657534246,560,681,1241,0.0,-0.0008333472224535399,0.5751007252216007,8.058017727639034e-05
98530,17.891131518858643,0.5753424657534246,560,681,1241,0.0,-0.0008333472224606453,0.5751813053988771,8.058017727639034e-05
98531,17.89029817163619,0.5761482675261885,560,681,1241,0.0008058017727639033,-0.0008333472224535399,0.5753424657534298,0.00016116035455278067
98532,17.889464824413736,0.5753424657534246,560,681,1241,-0.0008058017727639033,-0.0008333472224535399,0.5753424657534298,0.0
98533,17.888631477191282,0.5745366639806607,560,681,1241,-0.0008058017727639033,-0.0008333472224535399,0.5753424657534298,0.0
98534,17.88779812996883,0.5753424657534246,560,681,1241,0.0008058017727639033,-0.0008333472224535399,0.5753424657534298,0.0
98535,17.886964782746375,0.5753424657534246,560,681,1241,0.0,-0.0008333472224535399,0.5753424657534298,0.0
98536,17.88613143552392,0.5753424657534246,560,681,1241,0.0,-0.0008333472224535399,0.5753424657534298,0.0
98537,17.885298088301468,0.5753424657534246,560,681,1241,0.0,-0.0008333472224535399,0.5753424657534298,0.0
98538,17.884464741079015,0.5753424657534246,560,681,1241,0.0,-0.0008333472224535399,0.5753424657534298,0.0
98539,17.88363139385656,0.5761482675261885,560,681,1241,0.0008058017727639033,-0.0008333472224535399,0.5754230459307064,8.058017727639034e-05
98540,17.882798046634107,0.5761482675261885,560,681,1241,0.0,-0.0008333472224535399,0.5755036261079828,8.058017727639034e-05
98541,17.881964699411654,0.5761482675261885,560,681,1241,0.0,-0.0008333472224535399,0.5755036261079828,0.0
98542,17.8811313521892,0.5753424657534246,560,681,1241,-0.0008058017727639033,-0.0008333472224535399,0.5755036261079828,0.0
98543,17.880298004966747,0.5753424657534246,560,681,1241,0.0,-0.0008333472224535399,0.5755842062852591,8.058017727639034e-05
98544,17.879464657744293,0.5753424657534246,560,681,1241,0.0,-0.0008333472224535399,0.5755842062852591,0.0
98545,17.87863131052184,0.5753424657534246,560,681,1241,0.0,-0.0008333472224535399,0.5755842062852591,0.0
98546,17.877797963299386,0.5761482675261885,560,681,1241,0.0008058017727639033,-0.0008333472224535399,0.5756647864625355,8.058017727639034e-05
98547,17.876964616076933,0.5761482675261885,560,681,1241,0.0,-0.0008333472224535399,0.575745366639812,8.058017727639034e-05
98548,17.87613126885448,0.5761482675261885,560,681,1241,0.0,-0.0008333472224535399,0.5758259468170884,8.058017727639034e-05
98549,17.875297921632026,0.5761482675261885,560,681,1241,0.0,-0.0008333472224535399,0.5758259468170884,0.0
98550,17.874464574409572,0.5761482675261885,560,681,1241,0.0,-0.0008333472224535399,0.5758259468170884,0.0
98551,17.87363122718712,0.5745366639806607,560,681,1241,-0.0016116035455278066,-0.0008333472224535399,0.5756647864625356,-0.00016116035455278067
98552,17.872797879964665,0.5745366639806607,560,681,1241,0.0,-0.0008333472224535399,0.5755842062852593,-8.058017727639034e-05
98553,17.87196453274221,0.5745366639806607,560,681,1241,0.0,-0.0008333472224535399,0.5755036261079829,-8.058017727639034e-05
98554,17.871131185519758,0.5745366639806607,560,681,1241,0.0,-0.0008333472224535399,0.5754230459307066,-8.058017727639034e-05
98555,17.870297838297304,0.5745366639806607,560,681,1241,0.0,-0.0008333472224535399,0.5753424657534303,-8.058017727639034e-05
98556,17.86946449107485,0.5745366639806607,560,681,1241,0.0,-0.0008333472224535399,0.5751813053988775,-0.00016116035455278067
98557,17.868631143852397,0.5745366639806607,560,681,1241,0.0,-0.0008333472224535399,0.5750201450443246,-0.00016116035455278067
98558,17.867797796629944,0.5745366639806607,560,681,1241,0.0,-0.0008333472224535399,0.5748589846897719,-0.00016116035455278067
98559,17.86696444940749,0.5745366639806607,560,681,1241,0.0,-0.0008333472224535399,0.5746978243352191,-0.00016116035455278067
98560,17.866131102185037,0.5745366639806607,560,681,1241,0.0,-0.0008333472224535399,0.5745366639806664,-0.00016116035455278067
98561,17.865297754962583,0.5753424657534246,560,681,1241,0.0008058017727639033,-0.0008333472224535399,0.5746172441579427,8.058017727639034e-05
98562,17.86446440774013,0.5745366639806607,560,681,1241,-0.0008058017727639033,-0.0008333472224535399,0.5746172441579427,0.0
98563,17.863631060517676,0.5745366639806607,560,681,1241,0.0,-0.0008333472224535399,0.5746172441579427,0.0
98564,17.862797713295222,0.5745366639806607,560,681,1241,0.0,-0.0008333472224535399,0.5746172441579427,0.0
98565,17.86196436607277,0.5745366639806607,560,681,1241,0.0,-0.0008333472224535399,0.5746172441579427,0.0
98566,17.861131018850315,0.5745366639806607,560,681,1241,0.0,-0.0008333472224535399,0.5746172441579427,0.0
98567,17.860297671627862,0.5745366639806607,560,681,1241,0.0,-0.0008333472224535399,0.5746172441579427,0.0
98568,17.85946432440541,0.5737308622078968,560,681,1241,-0.0008058017727639033,-0.0008333472224535399,0.5745366639806663,-8.058017727639034e-05
98569,17.858630977182955,0.5737308622078968,560,681,1241,0.0,-0.0008333472224535399,0.5744560838033899,-8.058017727639034e-05
98570,17.8577976299605,0.5737308622078968,560,681,1241,0.0,-0.0008333472224535399,0.5743755036261133,-8.058017727639034e-05
98571,17.856964282738048,0.5737308622078968,560,681,1241,0.0,-0.0008333472224535399,0.5742143432715606,-0.00016116035455278067
98572,17.856130935515587,0.5737308622078968,560,681,1241,0.0,-0.0008333472224606453,0.5741337630942842,-8.058017727639034e-05
98573,17.855297588293134,0.5737308622078968,560,681,1241,0.0,-0.0008333472224535399,0.5740531829170077,-8.058017727639034e-05
98574,17.85446424107068,0.5737308622078968,560,681,1241,0.0,-0.0008333472224535399,0.5739726027397313,-8.058017727639034e-05
98575,17.853630893848226,0.5737308622078968,560,681,1241,0.0,-0.0008333472224535399,0.5738920225624549,-8.058017727639034e-05
98576,17.852797546625773,0.5729250604351329,560,681,1241,-0.0008058017727639033,-0.0008333472224535399,0.573730862207902,-0.00016116035455278067
98577,17.85196419940332,0.5729250604351329,560,681,1241,0.0,-0.0008333472224535399,0.5735697018533493,-0.00016116035455278067
98578,17.851130852180866,0.5729250604351329,560,681,1241,0.0,-0.0008333472224535399,0.5734891216760729,-8.058017727639034e-05
98579,17.850297504958412,0.572119258662369,560,681,1241,-0.0008058017727639033,-0.0008333472224535399,0.5733279613215202,-0.00016116035455278067
98580,17.84946415773596,0.5713134568896051,560,681,1241,-0.0008058017727639033,-0.0008333472224535399,0.5730862207896911,-0.00024174053182917098
98581,17.848630810513505,0.5705076551168412,560,681,1241,-0.0008058017727639033,-0.0008333472224535399,0.5727639000805855,-0.00032232070910556134
98582,17.84779746329105,0.5697018533440773,560,681,1241,-0.0008058017727639033,-0.0008333472224535399,0.5723609991942036,-0.00040290088638195165
98583,17.846964116068598,0.5697018533440773,560,681,1241,0.0,-0.0008333472224535399,0.5719580983078216,-0.00040290088638195165
98584,17.846130768846145,0.5697018533440773,560,681,1241,0.0,-0.0008333472224535399,0.5715551974214398,-0.00040290088638195165
98585,17.84529742162369,0.5697018533440773,560,681,1241,0.0,-0.0008333472224535399,0.5711522965350578,-0.00040290088638195165
98586,17.844464074401237,0.5705076551168412,560,681,1241,0.0008058017727639033,-0.0008333472224535399,0.5709105560032286,-0.00024174053182917098
98587,17.843630727178784,0.5705076551168412,560,681,1241,0.0,-0.0008333472224535399,0.5706688154713995,-0.00024174053182917098
98588,17.84279737995633,0.5705076551168412,560,681,1241,0.0,-0.0008333472224535399,0.5704270749395702,-0.00024174053182917098
98589,17.841964032733877,0.5705076551168412,560,681,1241,0.0,-0.0008333472224535399,0.5702659145850174,-0.00016116035455278067
98590,17.841130685511423,0.5705076551168412,560,681,1241,0.0,-0.0008333472224535399,0.570185334407741,-8.058017727639034e-05
98591,17.84029733828897,0.5713134568896051,560,681,1241,0.0008058017727639033,-0.0008333472224535399,0.5702659145850174,8.058017727639034e-05
98592,17.839463991066516,0.5713134568896051,560,681,1241,0.0,-0.0008333472224535399,0.5704270749395702,0.00016116035455278067
98593,17.838630643844063,0.5713134568896051,560,681,1241,0.0,-0.0008333472224535399,0.570588235294123,0.00016116035455278067
98594,17.83779729662161,0.5713134568896051,560,681,1241,0.0,-0.0008333472224535399,0.5707493956486758,0.00016116035455278067
98595,17.836963949399156,0.5713134568896051,560,681,1241,0.0,-0.0008333472224535399,0.5709105560032286,0.00016116035455278067
98596,17.836130602176702,0.5713134568896051,560,681,1241,0.0,-0.0008333472224535399,0.570991136180505,8.058017727639034e-05
98597,17.83529725495425,0.5713134568896051,560,681,1241,0.0,-0.0008333472224535399,0.5710717163577814,8.058017727639034e-05
98598,17.834463907731795,0.5713134568896051,560,681,1241,0.0,-0.0008333472224535399,0.5711522965350578,8.058017727639034e-05
98599,17.83363056050934,0.5713134568896051,560,681,1241,0.0,-0.0008333472224535399,0.5712328767123342,8.058017727639034e-05
98600,17.832797213286888,0.5713134568896051,560,681,1241,0.0,-0.0008333472224535399,0.5713134568896108,8.058017727639034e-05
98601,17.831963866064434,0.5713134568896051,560,681,1241,0.0,-0.0008333472224535399,0.5713134568896108,0.0
98602,17.83113051884198,0.5713134568896051,560,681,1241,0.0,-0.0008333472224535399,0.5713134568896108,0.0
98603,17.830297171619527,0.5713134568896051,560,681,1241,0.0,-0.0008333472224535399,0.5713134568896108,0.0
98604,17.829463824397074,0.5713134568896051,560,681,1241,0.0,-0.0008333472224535399,0.5713134568896108,0.0
98605,17.82863047717462,0.5713134568896051,560,681,1241,0.0,-0.0008333472224535399,0.5713134568896108,0.0
98606,17.827797129952167,0.5713134568896051,560,681,1241,0.0,-0.0008333472224535399,0.5713134568896108,0.0
98607,17.826963782729713,0.5713134568896051,560,681,1241,0.0,-0.0008333472224535399,0.5713134568896108,0.0
98608,17.82613043550726,0.5713134568896051,560,681,1241,0.0,-0.0008333472224535399,0.5713134568896108,0.0
98609,17.825297088284806,0.5713134568896051,560,681,1241,0.0,-0.0008333472224535399,0.5713134568896108,0.0
98610,17.824463741062353,0.5713134568896051,560,681,1241,0.0,-0.0008333472224535399,0.5713134568896108,0.0
98611,17.8236303938399,0.572119258662369,560,681,1241,0.0008058017727639033,-0.0008333472224535399,0.5713940370668871,8.058017727639034e-05
98612,17.822797046617445,0.572119258662369,560,681,1241,0.0,-0.0008333472224535399,0.5714746172441634,8.058017727639034e-05
98613,17.821963699394992,0.572119258662369,560,681,1241,0.0,-0.0008333472224535399,0.5715551974214398,8.058017727639034e-05
98614,17.82113035217254,0.572119258662369,560,681,1241,0.0,-0.0008333472224535399,0.5716357775987161,8.058017727639034e-05
98615,17.820297004950078,0.572119258662369,560,681,1241,0.0,-0.0008333472224606453,0.5717163577759925,8.058017727639034e-05
98616,17.819463657727624,0.572119258662369,560,681,1241,0.0,-0.0008333472224535399,0.5717969379532688,8.058017727639034e-05
98617,17.81863031050517,0.5729250604351329,560,681,1241,0.0008058017727639033,-0.0008333472224535399,0.5719580983078216,0.00016116035455278067
98618,17.817796963282717,0.5729250604351329,560,681,1241,0.0,-0.0008333472224535399,0.5721192586623743,0.00016116035455278067
98619,17.816963616060264,0.5729250604351329,560,681,1241,0.0,-0.0008333472224535399,0.5722804190169272,0.00016116035455278067
98620,17.81613026883781,0.5729250604351329,560,681,1241,0.0,-0.0008333472224535399,0.5724415793714799,0.00016116035455278067
98621,17.815296921615356,0.5729250604351329,560,681,1241,0.0,-0.0008333472224535399,0.5725221595487564,8.058017727639034e-05
98622,17.814463574392903,0.572119258662369,560,681,1241,-0.0008058017727639033,-0.0008333472224535399,0.5725221595487564,0.0
98623,17.81363022717045,0.572119258662369,560,681,1241,0.0,-0.0008333472224535399,0.5725221595487564,0.0
98624,17.812796879947996,0.572119258662369,560,681,1241,0.0,-0.0008333472224535399,0.5725221595487564,0.0
98625,17.811963532725542,0.572119258662369,560,681,1241,0.0,-0.0008333472224535399,0.5725221595487564,0.0
98626,17.81113018550309,0.572119258662369,560,681,1241,0.0,-0.0008333472224535399,0.5725221595487564,0.0
98627,17.810296838280635,0.572119258662369,560,681,1241,0.0,-0.0008333472224535399,0.5724415793714799,-8.058017727639034e-05
98628,17.80946349105818,0.5729250604351329,560,681,1241,0.0008058017727639033,-0.0008333472224535399,0.5724415793714799,0.0
98629,17.808630143835728,0.5729250604351329,560,681,1241,0.0,-0.0008333472224535399,0.5724415793714799,0.0
98630,17.807796796613275,0.5737308622078968,560,681,1241,0.0008058017727639033,-0.0008333472224535399,0.5725221595487563,8.058017727639034e-05
98631,17.80696344939082,0.5737308622078968,560,681,1241,0.0,-0.0008333472224535399,0.5726027397260326,8.058017727639034e-05
98632,17.806130102168368,0.5737308622078968,560,681,1241,0.0,-0.0008333472224535399,0.5727639000805854,0.00016116035455278067
98633,17.805296754945914,0.5737308622078968,560,681,1241,0.0,-0.0008333472224535399,0.5729250604351381,0.00016116035455278067
98634,17.80446340772346,0.5737308622078968,560,681,1241,0.0,-0.0008333472224535399,0.573086220789691,0.00016116035455278067
98635,17.803630060501007,0.5729250604351329,560,681,1241,-0.0008058017727639033,-0.0008333472224535399,0.5731668009669674,8.058017727639034e-05
98636,17.802796713278553,0.5729250604351329,560,681,1241,0.0,-0.0008333472224535399,0.5732473811442438,8.058017727639034e-05
98637,17.8019633660561,0.5729250604351329,560,681,1241,0.0,-0.0008333472224535399,0.5733279613215203,8.058017727639034e-05
98638,17.801130018833646,0.5729250604351329,560,681,1241,0.0,-0.0008333472224535399,0.5733279613215203,0.0
98639,17.800296671611193,0.5729250604351329,560,681,1241,0.0,-0.0008333472224535399,0.5733279613215203,0.0
98640,17.79946332438874,0.5729250604351329,560,681,1241,0.0,-0.0008333472224535399,0.5732473811442439,-8.058017727639034e-05
98641,17.798629977166286,0.5729250604351329,560,681,1241,0.0,-0.0008333472224535399,0.5731668009669676,-8.058017727639034e-05
98642,17.797796629943832,0.572119258662369,560,681,1241,-0.0008058017727639033,-0.0008333472224535399,0.5730056406124148,-0.00016116035455278067
98643,17.79696328272138,0.572119258662369,560,681,1241,0.0,-0.0008333472224535399,0.572844480257862,-0.00016116035455278067
98644,17.796129935498925,0.572119258662369,560,681,1241,0.0,-0.0008333472224535399,0.5726833199033092,-0.00016116035455278067
98645,17.79529658827647,0.5713134568896051,560,681,1241,-0.0008058017727639033,-0.0008333472224535399,0.5725221595487564,-0.00016116035455278067
98646,17.794463241054018,0.5713134568896051,560,681,1241,0.0,-0.0008333472224535399,0.5723609991942037,-0.00016116035455278067
98647,17.793629893831564,0.5713134568896051,560,681,1241,0.0,-0.0008333472224535399,0.5721998388396509,-0.00016116035455278067
98648,17.79279654660911,0.5705076551168412,560,681,1241,-0.0008058017727639033,-0.0008333472224535399,0.5719580983078216,-0.00024174053182917098
98649,17.791963199386657,0.5705076551168412,560,681,1241,0.0,-0.0008333472224535399,0.5717163577759925,-0.00024174053182917098
98650,17.791129852164204,0.5705076551168412,560,681,1241,0.0,-0.0008333472224535399,0.5714746172441633,-0.00024174053182917098
98651,17.79029650494175,0.5713134568896051,560,681,1241,0.0008058017727639033,-0.0008333472224535399,0.5713134568896104,-0.00016116035455278067
98652,17.789463157719297,0.5713134568896051,560,681,1241,0.0,-0.0008333472224535399,0.5712328767123341,-8.058017727639034e-05
98653,17.788629810496843,0.5713134568896051,560,681,1241,0.0,-0.0008333472224535399,0.5711522965350577,-8.058017727639034e-05
98654,17.78779646327439,0.572119258662369,560,681,1241,0.0008058017727639033,-0.0008333472224535399,0.5711522965350577,0.0
98655,17.786963116051936,0.572119258662369,560,681,1241,0.0,-0.0008333472224535399,0.5712328767123341,8.058017727639034e-05
98656,17.786129768829483,0.572119258662369,560,681,1241,0.0,-0.0008333472224535399,0.5713134568896104,8.058017727639034e-05
98657,17.785296421607022,0.572119258662369,560,681,1241,0.0,-0.0008333472224606453,0.5713940370668869,8.058017727639034e-05
98658,17.78446307438457,0.572119258662369,560,681,1241,0.0,-0.0008333472224535399,0.5715551974214396,0.00016116035455278067
98659,17.783629727162115,0.5729250604351329,560,681,1241,0.0008058017727639033,-0.0008333472224535399,0.5717969379532688,0.00024174053182917098
98660,17.78279637993966,0.5737308622078968,560,681,1241,0.0008058017727639033,-0.0008333472224535399,0.5721192586623743,0.00032232070910556134
98661,17.781963032717208,0.5729250604351329,560,681,1241,-0.0008058017727639033,-0.0008333472224535399,0.5722804190169272,0.00016116035455278067
98662,17.781129685494754,0.5729250604351329,560,681,1241,0.0,-0.0008333472224535399,0.5724415793714799,0.00016116035455278067
98663,17.7802963382723,0.5729250604351329,560,681,1241,0.0,-0.0008333472224535399,0.5726027397260327,0.00016116035455278067
98664,17.779462991049847,0.5729250604351329,560,681,1241,0.0,-0.0008333472224535399,0.5726833199033091,8.058017727639034e-05
98665,17.778629643827394,0.5729250604351329,560,681,1241,0.0,-0.0008333472224535399,0.5727639000805855,8.058017727639034e-05
98666,17.77779629660494,0.5729250604351329,560,681,1241,0.0,-0.0008333472224535399,0.572844480257862,8.058017727639034e-05
98667,17.776962949382487,0.5737308622078968,560,681,1241,0.0008058017727639033,-0.0008333472224535399,0.5730056406124148,0.00016116035455278067
98668,17.776129602160033,0.5745366639806607,560,681,1241,0.0008058017727639033,-0.0008333472224535399,0.573247381144244,0.00024174053182917098
98669,17.77529625493758,0.5745366639806607,560,681,1241,0.0,-0.0008333472224535399,0.5734085414987968,0.00016116035455278067
98670,17.774462907715126,0.5745366639806607,560,681,1241,0.0,-0.0008333472224535399,0.5734891216760732,8.058017727639034e-05
98671,17.773629560492672,0.5753424657534246,560,681,1241,0.0008058017727639033,-0.0008333472224535399,0.5737308622079024,0.00024174053182917098
98672,17.77279621327022,0.5737308622078968,560,681,1241,-0.0016116035455278066,-0.0008333472224535399,0.5738114423851787,8.058017727639034e-05
98673,17.771962866047765,0.5737308622078968,560,681,1241,0.0,-0.0008333472224535399,0.5738920225624551,8.058017727639034e-05
98674,17.771129518825312,0.5737308622078968,560,681,1241,0.0,-0.0008333472224535399,0.5739726027397314,8.058017727639034e-05
98675,17.77029617160286,0.5729250604351329,560,681,1241,-0.0008058017727639033,-0.0008333472224535399,0.5739726027397314,0.0
98676,17.769462824380405,0.5737308622078968,560,681,1241,0.0008058017727639033,-0.0008333472224535399,0.5740531829170077,8.058017727639034e-05
98677,17.76862947715795,0.5737308622078968,560,681,1241,0.0,-0.0008333472224535399,0.5740531829170077,0.0
98678,17.767796129935498,0.5737308622078968,560,681,1241,0.0,-0.0008333472224535399,0.5739726027397313,-8.058017727639034e-05
98679,17.766962782713044,0.5737308622078968,560,681,1241,0.0,-0.0008333472224535399,0.5738920225624549,-8.058017727639034e-05
98680,17.76612943549059,0.5737308622078968,560,681,1241,0.0,-0.0008333472224535399,0.5738114423851784,-8.058017727639034e-05
98681,17.765296088268137,0.572119258662369,560,681,1241,-0.0016116035455278066,-0.0008333472224535399,0.5734891216760729,-0.00032232070910556134
98682,17.764462741045683,0.572119258662369,560,681,1241,0.0,-0.0008333472224535399,0.5733279613215201,-0.00016116035455278067
98683,17.76362939382323,0.572119258662369,560,681,1241,0.0,-0.0008333472224535399,0.5731668009669673,-0.00016116035455278067
98684,17.762796046600776,0.5729250604351329,560,681,1241,0.0008058017727639033,-0.0008333472224535399,0.573086220789691,-8.058017727639034e-05
98685,17.761962699378323,0.5729250604351329,560,681,1241,0.0,-0.0008333472224535399,0.573086220789691,0.0
98686,17.76112935215587,0.5729250604351329,560,681,1241,0.0,-0.0008333472224535399,0.5730056406124147,-8.058017727639034e-05
98687,17.760296004933416,0.5729250604351329,560,681,1241,0.0,-0.0008333472224535399,0.5729250604351382,-8.058017727639034e-05
98688,17.759462657710962,0.5745366639806607,560,681,1241,0.0016116035455278066,-0.0008333472224535399,0.5730056406124147,8.058017727639034e-05
98689,17.75862931048851,0.5745366639806607,560,681,1241,0.0,-0.0008333472224535399,0.5730862207896912,8.058017727639034e-05
98690,17.757795963266055,0.5745366639806607,560,681,1241,0.0,-0.0008333472224535399,0.5731668009669676,8.058017727639034e-05
98691,17.7569626160436,0.5737308622078968,560,681,1241,-0.0008058017727639033,-0.0008333472224535399,0.5733279613215203,0.00016116035455278067
98692,17.756129268821148,0.5737308622078968,560,681,1241,0.0,-0.0008333472224535399,0.5734891216760731,0.00016116035455278067
98693,17.755295921598695,0.5737308622078968,560,681,1241,0.0,-0.0008333472224535399,0.573650282030626,0.00016116035455278067
98694,17.75446257437624,0.5729250604351329,560,681,1241,-0.0008058017727639033,-0.0008333472224535399,0.573650282030626,0.0
98695,17.753629227153787,0.5737308622078968,560,681,1241,0.0008058017727639033,-0.0008333472224535399,0.5737308622079023,8.058017727639034e-05
98696,17.752795879931334,0.5737308622078968,560,681,1241,0.0,-0.0008333472224535399,0.5738114423851786,8.058017727639034e-05
98697,17.75196253270888,0.5745366639806607,560,681,1241,0.0008058017727639033,-0.0008333472224535399,0.5739726027397314,0.00016116035455278067
98698,17.751129185486427,0.5745366639806607,560,681,1241,0.0,-0.0008333472224535399,0.5739726027397314,0.0
98699,17.750295838263966,0.5745366639806607,560,681,1241,0.0,-0.0008333472224606453,0.5739726027397314,0.0
98700,17.749462491041513,0.5753424657534246,560,681,1241,0.0008058017727639033,-0.0008333472224535399,0.5740531829170077,8.058017727639034e-05
98701,17.74862914381906,0.5753424657534246,560,681,1241,0.0,-0.0008333472224535399,0.5742143432715605,0.00016116035455278067
98702,17.747795796596606,0.5753424657534246,560,681,1241,0.0,-0.0008333472224535399,0.5743755036261133,0.00016116035455278067
98703,17.746962449374152,0.5753424657534246,560,681,1241,0.0,-0.0008333472224535399,0.574536663980666,0.00016116035455278067
98704,17.7461291021517,0.5753424657534246,560,681,1241,0.0,-0.0008333472224535399,0.5747784045124952,0.00024174053182917098
98705,17.745295754929245,0.5761482675261885,560,681,1241,0.0008058017727639033,-0.0008333472224535399,0.5750201450443244,0.00024174053182917098
98706,17.74446240770679,0.5769540692989524,560,681,1241,0.0008058017727639033,-0.0008333472224535399,0.57534246575343,0.00032232070910556134
98707,17.743629060484338,0.5769540692989524,560,681,1241,0.0,-0.0008333472224535399,0.5755842062852591,0.00024174053182917098
98708,17.742795713261884,0.5769540692989524,560,681,1241,0.0,-0.0008333472224535399,0.5758259468170882,0.00024174053182917098
98709,17.74196236603943,0.5769540692989524,560,681,1241,0.0,-0.0008333472224535399,0.5760676873489173,0.00024174053182917098
98710,17.741129018816977,0.5769540692989524,560,681,1241,0.0,-0.0008333472224535399,0.5762288477034702,0.00016116035455278067
98711,17.740295671594524,0.5769540692989524,560,681,1241,0.0,-0.0008333472224535399,0.5763900080580229,0.00016116035455278067
98712,17.73946232437207,0.5769540692989524,560,681,1241,0.0,-0.0008333472224535399,0.5765511684125757,0.00016116035455278067
98713,17.738628977149617,0.5769540692989524,560,681,1241,0.0,-0.0008333472224535399,0.5767123287671285,0.00016116035455278067
98714,17.737795629927163,0.5769540692989524,560,681,1241,0.0,-0.0008333472224535399,0.5768734891216812,0.00016116035455278067
98715,17.73696228270471,0.5769540692989524,560,681,1241,0.0,-0.0008333472224535399,0.5769540692989577,8.058017727639034e-05
98716,17.736128935482256,0.5761482675261885,560,681,1241,-0.0008058017727639033,-0.0008333472224535399,0.5768734891216812,-8.058017727639034e-05
98717,17.735295588259802,0.5761482675261885,560,681,1241,0.0,-0.0008333472224535399,0.5767929089444049,-8.058017727639034e-05
98718,17.73446224103735,0.5761482675261885,560,681,1241,0.0,-0.0008333472224535399,0.5767123287671285,-8.058017727639034e-05
98719,17.733628893814895,0.5737308622078968,560,681,1241,-0.00241740531829171,-0.0008333472224535399,0.576390008058023,-0.00032232070910556134
98720,17.732795546592442,0.5737308622078968,560,681,1241,0.0,-0.0008333472224535399,0.5760676873489174,-0.00032232070910556134
98721,17.73196219936999,0.5737308622078968,560,681,1241,0.0,-0.0008333472224535399,0.5757453666398119,-0.00032232070910556134
98722,17.731128852147535,0.5737308622078968,560,681,1241,0.0,-0.0008333472224535399,0.5754230459307064,-0.00032232070910556134
98723,17.73029550492508,0.5737308622078968,560,681,1241,0.0,-0.0008333472224535399,0.5751007252216007,-0.00032232070910556134
98724,17.729462157702628,0.5737308622078968,560,681,1241,0.0,-0.0008333472224535399,0.5747784045124952,-0.00032232070910556134
98725,17.728628810480174,0.5737308622078968,560,681,1241,0.0,-0.0008333472224535399,0.5744560838033896,-0.00032232070910556134
98726,17.72779546325772,0.5737308622078968,560,681,1241,0.0,-0.0008333472224535399,0.5742143432715604,-0.00024174053182917098
98727,17.726962116035267,0.5745366639806607,560,681,1241,0.0008058017727639033,-0.0008333472224535399,0.5740531829170077,-0.00016116035455278067
98728,17.726128768812814,0.5745366639806607,560,681,1241,0.0,-0.0008333472224535399,0.5738920225624549,-0.00016116035455278067
98729,17.72529542159036,0.5745366639806607,560,681,1241,0.0,-0.0008333472224535399,0.5739726027397313,8.058017727639034e-05
98730,17.724462074367906,0.5745366639806607,560,681,1241,0.0,-0.0008333472224535399,0.5740531829170077,8.058017727639034e-05
98731,17.723628727145453,0.5745366639806607,560,681,1241,0.0,-0.0008333472224535399,0.5741337630942842,8.058017727639034e-05
98732,17.722795379923,0.5745366639806607,560,681,1241,0.0,-0.0008333472224535399,0.5742143432715606,8.058017727639034e-05
98733,17.721962032700546,0.5745366639806607,560,681,1241,0.0,-0.0008333472224535399,0.574294923448837,8.058017727639034e-05
98734,17.721128685478092,0.5745366639806607,560,681,1241,0.0,-0.0008333472224535399,0.5743755036261134,8.058017727639034e-05
98735,17.72029533825564,0.5745366639806607,560,681,1241,0.0,-0.0008333472224535399,0.5744560838033899,8.058017727639034e-05
98736,17.719461991033185,0.5745366639806607,560,681,1241,0.0,-0.0008333472224535399,0.5745366639806664,8.058017727639034e-05
98737,17.71862864381073,0.5745366639806607,560,681,1241,0.0,-0.0008333472224535399,0.5745366639806664,0.0
98738,17.717795296588278,0.5753424657534246,560,681,1241,0.0008058017727639033,-0.0008333472224535399,0.5746172441579427,8.058017727639034e-05
98739,17.716961949365825,0.5753424657534246,560,681,1241,0.0,-0.0008333472224535399,0.574697824335219,8.058017727639034e-05
98740,17.71612860214337,0.5753424657534246,560,681,1241,0.0,-0.0008333472224535399,0.5747784045124954,8.058017727639034e-05
98741,17.715295254920918,0.5753424657534246,560,681,1241,0.0,-0.0008333472224535399,0.5748589846897717,8.058017727639034e-05
98742,17.714461907698457,0.5753424657534246,560,681,1241,0.0,-0.0008333472224606453,0.5749395648670481,8.058017727639034e-05
98743,17.713628560476003,0.5753424657534246,560,681,1241,0.0,-0.0008333472224535399,0.5750201450443244,8.058017727639034e-05
98744,17.71279521325355,0.5761482675261885,560,681,1241,0.0008058017727639033,-0.0008333472224535399,0.5751813053988772,0.00016116035455278067
98745,17.711961866031096,0.5769540692989524,560,681,1241,0.0008058017727639033,-0.0008333472224535399,0.5754230459307064,0.00024174053182917098
98746,17.711128518808643,0.5761482675261885,560,681,1241,-0.0008058017727639033,-0.0008333472224535399,0.5755842062852591,0.00016116035455278067
98747,17.71029517158619,0.5761482675261885,560,681,1241,0.0,-0.0008333472224535399,0.5757453666398119,0.00016116035455278067
98748,17.709461824363736,0.5753424657534246,560,681,1241,-0.0008058017727639033,-0.0008333472224535399,0.5757453666398119,0.0
98749,17.708628477141282,0.5753424657534246,560,681,1241,0.0,-0.0008333472224535399,0.5757453666398119,0.0
98750,17.70779512991883,0.5753424657534246,560,681,1241,0.0,-0.0008333472224535399,0.5757453666398119,0.0
98751,17.706961782696375,0.5753424657534246,560,681,1241,0.0,-0.0008333472224535399,0.5757453666398119,0.0
98752,17.70612843547392,0.5737308622078968,560,681,1241,-0.0016116035455278066,-0.0008333472224535399,0.5755842062852591,-0.00016116035455278067
98753,17.705295088251468,0.5737308622078968,560,681,1241,0.0,-0.0008333472224535399,0.5754230459307064,-0.00016116035455278067
98754,17.704461741029014,0.5737308622078968,560,681,1241,0.0,-0.0008333472224535399,0.5751813053988771,-0.00024174053182917098
98755,17.70362839380656,0.5737308622078968,560,681,1241,0.0,-0.0008333472224535399,0.5748589846897716,-0.00032232070910556134
98756,17.702795046584107,0.5737308622078968,560,681,1241,0.0,-0.0008333472224535399,0.5746172441579424,-0.00024174053182917098
98757,17.701961699361654,0.5737308622078968,560,681,1241,0.0,-0.0008333472224535399,0.5743755036261131,-0.00024174053182917098
98758,17.7011283521392,0.5745366639806607,560,681,1241,0.0008058017727639033,-0.0008333472224535399,0.5742949234488368,-8.058017727639034e-05
98759,17.700295004916747,0.5745366639806607,560,681,1241,0.0,-0.0008333472224535399,0.5742143432715604,-8.058017727639034e-05
98760,17.699461657694293,0.5745366639806607,560,681,1241,0.0,-0.0008333472224535399,0.5741337630942841,-8.058017727639034e-05
98761,17.69862831047184,0.5745366639806607,560,681,1241,0.0,-0.0008333472224535399,0.5740531829170077,-8.058017727639034e-05
98762,17.697794963249386,0.5745366639806607,560,681,1241,0.0,-0.0008333472224535399,0.5741337630942842,8.058017727639034e-05
98763,17.696961616026933,0.5753424657534246,560,681,1241,0.0008058017727639033,-0.0008333472224535399,0.5742949234488369,0.00016116035455278067
98764,17.69612826880448,0.5753424657534246,560,681,1241,0.0,-0.0008333472224535399,0.5744560838033897,0.00016116035455278067
98765,17.695294921582025,0.5753424657534246,560,681,1241,0.0,-0.0008333472224535399,0.5746172441579425,0.00016116035455278067
98766,17.694461574359572,0.5753424657534246,560,681,1241,0.0,-0.0008333472224535399,0.5747784045124953,0.00016116035455278067
98767,17.69362822713712,0.5753424657534246,560,681,1241,0.0,-0.0008333472224535399,0.5749395648670481,0.00016116035455278067
98768,17.692794879914665,0.5761482675261885,560,681,1241,0.0008058017727639033,-0.0008333472224535399,0.5751007252216008,0.00016116035455278067
98769,17.69196153269221,0.5753424657534246,560,681,1241,-0.0008058017727639033,-0.0008333472224535399,0.5751813053988772,8.058017727639034e-05
98770,17.691128185469758,0.5753424657534246,560,681,1241,0.0,-0.0008333472224535399,0.5752618855761535,8.058017727639034e-05
98771,17.690294838247304,0.5745366639806607,560,681,1241,-0.0008058017727639033,-0.0008333472224535399,0.5752618855761535,0.0
98772,17.68946149102485,0.5745366639806607,560,681,1241,0.0,-0.0008333472224535399,0.5752618855761535,0.0
98773,17.688628143802397,0.5737308622078968,560,681,1241,-0.0008058017727639033,-0.0008333472224535399,0.5751007252216007,-0.00016116035455278067
98774,17.687794796579944,0.5737308622078968,560,681,1241,0.0,-0.0008333472224535399,0.574939564867048,-0.00016116035455278067
98775,17.68696144935749,0.5737308622078968,560,681,1241,0.0,-0.0008333472224535399,0.5747784045124952,-0.00016116035455278067
98776,17.686128102135036,0.5737308622078968,560,681,1241,0.0,-0.0008333472224535399,0.5746172441579425,-0.00016116035455278067
98777,17.685294754912583,0.5737308622078968,560,681,1241,0.0,-0.0008333472224535399,0.5744560838033896,-0.00016116035455278067
98778,17.68446140769013,0.5737308622078968,560,681,1241,0.0,-0.0008333472224535399,0.5742143432715604,-0.00024174053182917098
98779,17.683628060467676,0.5737308622078968,560,681,1241,0.0,-0.0008333472224535399,0.5740531829170077,-0.00016116035455278067
98780,17.682794713245222,0.5753424657534246,560,681,1241,0.0016116035455278066,-0.0008333472224535399,0.5740531829170077,0.0
98781,17.68196136602277,0.5753424657534246,560,681,1241,0.0,-0.0008333472224535399,0.574133763094284,8.058017727639034e-05
98782,17.681128018800315,0.5753424657534246,560,681,1241,0.0,-0.0008333472224535399,0.5742143432715603,8.058017727639034e-05
98783,17.68029467157786,0.5753424657534246,560,681,1241,0.0,-0.0008333472224535399,0.5743755036261131,0.00016116035455278067
98784,17.6794613243554,0.5753424657534246,560,681,1241,0.0,-0.0008333472224606453,0.5745366639806659,0.00016116035455278067
98785,17.678627977132948,0.5753424657534246,560,681,1241,0.0,-0.0008333472224535399,0.5746978243352187,0.00016116035455278067
98786,17.677794629910494,0.5753424657534246,560,681,1241,0.0,-0.0008333472224535399,0.5748589846897715,0.00016116035455278067
98787,17.67696128268804,0.5753424657534246,560,681,1241,0.0,-0.0008333472224535399,0.5750201450443242,0.00016116035455278067
98788,17.676127935465587,0.5753424657534246,560,681,1241,0.0,-0.0008333472224535399,0.575181305398877,0.00016116035455278067
98789,17.675294588243133,0.5753424657534246,560,681,1241,0.0,-0.0008333472224535399,0.5753424657534298,0.00016116035455278067
98790,17.67446124102068,0.5745366639806607,560,681,1241,-0.0008058017727639033,-0.0008333472224535399,0.5752618855761534,-8.058017727639034e-05
98791,17.673627893798226,0.5745366639806607,560,681,1241,0.0,-0.0008333472224535399,0.5751813053988771,-8.058017727639034e-05
98792,17.672794546575773,0.5753424657534246,560,681,1241,0.0008058017727639033,-0.0008333472224535399,0.5751813053988771,0.0
98793,17.67196119935332,0.5753424657534246,560,681,1241,0.0,-0.0008333472224535399,0.5751813053988771,0.0
98794,17.671127852130866,0.5745366639806607,560,681,1241,-0.0008058017727639033,-0.0008333472224535399,0.5751007252216007,-8.058017727639034e-05
98795,17.670294504908412,0.5745366639806607,560,681,1241,0.0,-0.0008333472224535399,0.5750201450443244,-8.058017727639034e-05
98796,17.66946115768596,0.5753424657534246,560,681,1241,0.0008058017727639033,-0.0008333472224535399,0.5750201450443244,0.0
98797,17.668627810463505,0.5753424657534246,560,681,1241,0.0,-0.0008333472224535399,0.5750201450443244,0.0
98798,17.66779446324105,0.5753424657534246,560,681,1241,0.0,-0.0008333472224535399,0.5750201450443244,0.0
98799,17.666961116018598,0.5753424657534246,560,681,1241,0.0,-0.0008333472224535399,0.5750201450443244,0.0
98800,17.666127768796144,0.5753424657534246,560,681,1241,0.0,-0.0008333472224535399,0.5751007252216007,8.058017727639034e-05
98801,17.66529442157369,0.5753424657534246,560,681,1241,0.0,-0.0008333472224535399,0.5751813053988771,8.058017727639034e-05
98802,17.664461074351237,0.5753424657534246,560,681,1241,0.0,-0.0008333472224535399,0.5751813053988771,0.0
98803,17.663627727128784,0.5753424657534246,560,681,1241,0.0,-0.0008333472224535399,0.5751813053988771,0.0
98804,17.66279437990633,0.5761482675261885,560,681,1241,0.0008058017727639033,-0.0008333472224535399,0.5753424657534298,0.00016116035455278067
98805,17.661961032683877,0.5753424657534246,560,681,1241,-0.0008058017727639033,-0.0008333472224535399,0.5754230459307063,8.058017727639034e-05
98806,17.661127685461423,0.5753424657534246,560,681,1241,0.0,-0.0008333472224535399,0.5754230459307063,0.0
98807,17.66029433823897,0.5753424657534246,560,681,1241,0.0,-0.0008333472224535399,0.5754230459307063,0.0
98808,17.659460991016516,0.5753424657534246,560,681,1241,0.0,-0.0008333472224535399,0.5754230459307063,0.0
98809,17.658627643794063,0.5753424657534246,560,681,1241,0.0,-0.0008333472224535399,0.5754230459307063,0.0
98810,17.65779429657161,0.5745366639806607,560,681,1241,-0.0008058017727639033,-0.0008333472224535399,0.5753424657534298,-8.058017727639034e-05
98811,17.656960949349155,0.5745366639806607,560,681,1241,0.0,-0.0008333472224535399,0.5752618855761535,-8.058017727639034e-05
98812,17.656127602126702,0.5745366639806607,560,681,1241,0.0,-0.0008333472224535399,0.5751813053988772,-8.058017727639034e-05
98813,17.65529425490425,0.5745366639806607,560,681,1241,0.0,-0.0008333472224535399,0.5751007252216008,-8.058017727639034e-05
98814,17.654460907681795,0.5753424657534246,560,681,1241,0.0008058017727639033,-0.0008333472224535399,0.5750201450443244,-8.058017727639034e-05
98815,17.65362756045934,0.5753424657534246,560,681,1241,0.0,-0.0008333472224535399,0.5750201450443244,0.0
98816,17.652794213236888,0.5753424657534246,560,681,1241,0.0,-0.0008333472224535399,0.5750201450443244,0.0
98817,17.651960866014434,0.5745366639806607,560,681,1241,-0.0008058017727639033,-0.0008333472224535399,0.5749395648670481,-8.058017727639034e-05
98818,17.65112751879198,0.5745366639806607,560,681,1241,0.0,-0.0008333472224535399,0.5748589846897717,-8.058017727639034e-05
98819,17.650294171569527,0.5745366639806607,560,681,1241,0.0,-0.0008333472224535399,0.5747784045124954,-8.058017727639034e-05
98820,17.649460824347074,0.5737308622078968,560,681,1241,-0.0008058017727639033,-0.0008333472224535399,0.574697824335219,-8.058017727639034e-05
98821,17.64862747712462,0.5737308622078968,560,681,1241,0.0,-0.0008333472224535399,0.5746172441579425,-8.058017727639034e-05
98822,17.647794129902167,0.5737308622078968,560,681,1241,0.0,-0.0008333472224535399,0.574536663980666,-8.058017727639034e-05
98823,17.646960782679713,0.5737308622078968,560,681,1241,0.0,-0.0008333472224535399,0.5744560838033896,-8.058017727639034e-05
98824,17.64612743545726,0.5737308622078968,560,681,1241,0.0,-0.0008333472224535399,0.5742949234488368,-0.00016116035455278067
98825,17.645294088234806,0.5729250604351329,560,681,1241,-0.0008058017727639033,-0.0008333472224535399,0.5740531829170077,-0.00024174053182917098
98826,17.644460741012345,0.5729250604351329,560,681,1241,0.0,-0.0008333472224606453,0.5738114423851786,-0.00024174053182917098
98827,17.64362739378989,0.5729250604351329,560,681,1241,0.0,-0.0008333472224535399,0.5736502820306258,-0.00016116035455278067
98828,17.642794046567438,0.572119258662369,560,681,1241,-0.0008058017727639033,-0.0008333472224535399,0.5734085414987966,-0.00024174053182917098
98829,17.641960699344985,0.5729250604351329,560,681,1241,0.0008058017727639033,-0.0008333472224535399,0.5732473811442438,-0.00016116035455278067
98830,17.64112735212253,0.5729250604351329,560,681,1241,0.0,-0.0008333472224535399,0.5731668009669675,-8.058017727639034e-05
98831,17.640294004900078,0.5729250604351329,560,681,1241,0.0,-0.0008333472224535399,0.5730862207896912,-8.058017727639034e-05
98832,17.639460657677624,0.572119258662369,560,681,1241,-0.0008058017727639033,-0.0008333472224535399,0.5729250604351384,-0.00016116035455278067
98833,17.63862731045517,0.572119258662369,560,681,1241,0.0,-0.0008333472224535399,0.5727639000805855,-0.00016116035455278067
98834,17.637793963232717,0.572119258662369,560,681,1241,0.0,-0.0008333472224535399,0.5726027397260328,-0.00016116035455278067
98835,17.636960616010263,0.572119258662369,560,681,1241,0.0,-0.0008333472224535399,0.5725221595487564,-8.058017727639034e-05
98836,17.63612726878781,0.5713134568896051,560,681,1241,-0.0008058017727639033,-0.0008333472224535399,0.5723609991942036,-0.00016116035455278067
98837,17.635293921565356,0.5713134568896051,560,681,1241,0.0,-0.0008333472224535399,0.5721998388396508,-0.00016116035455278067
98838,17.634460574342903,0.5705076551168412,560,681,1241,-0.0008058017727639033,-0.0008333472224535399,0.572038678485098,-0.00016116035455278067
98839,17.63362722712045,0.5705076551168412,560,681,1241,0.0,-0.0008333472224535399,0.5717969379532688,-0.00024174053182917098
98840,17.632793879897996,0.5713134568896051,560,681,1241,0.0008058017727639033,-0.0008333472224535399,0.571635777598716,-0.00016116035455278067
98841,17.631960532675542,0.5713134568896051,560,681,1241,0.0,-0.0008333472224535399,0.5714746172441633,-0.00016116035455278067
98842,17.63112718545309,0.5713134568896051,560,681,1241,0.0,-0.0008333472224535399,0.5713940370668869,-8.058017727639034e-05
98843,17.630293838230635,0.5713134568896051,560,681,1241,0.0,-0.0008333472224535399,0.5713134568896105,-8.058017727639034e-05
98844,17.62946049100818,0.5713134568896051,560,681,1241,0.0,-0.0008333472224535399,0.5712328767123342,-8.058017727639034e-05
98845,17.628627143785728,0.5713134568896051,560,681,1241,0.0,-0.0008333472224535399,0.5711522965350578,-8.058017727639034e-05
98846,17.627793796563274,0.5713134568896051,560,681,1241,0.0,-0.0008333472224535399,0.5711522965350578,0.0
98847,17.62696044934082,0.5713134568896051,560,681,1241,0.0,-0.0008333472224535399,0.5711522965350578,0.0
98848,17.626127102118367,0.572119258662369,560,681,1241,0.0008058017727639033,-0.0008333472224535399,0.5713134568896107,0.00016116035455278067
98849,17.625293754895914,0.572119258662369,560,681,1241,0.0,-0.0008333472224535399,0.5714746172441634,0.00016116035455278067
98850,17.62446040767346,0.572119258662369,560,681,1241,0.0,-0.0008333472224535399,0.5715551974214398,8.058017727639034e-05
98851,17.623627060451007,0.572119258662369,560,681,1241,0.0,-0.0008333472224535399,0.5716357775987161,8.058017727639034e-05
98852,17.622793713228553,0.572119258662369,560,681,1241,0.0,-0.0008333472224535399,0.5717163577759925,8.058017727639034e-05
98853,17.6219603660061,0.572119258662369,560,681,1241,0.0,-0.0008333472224535399,0.5717969379532688,8.058017727639034e-05
98854,17.621127018783646,0.572119258662369,560,681,1241,0.0,-0.0008333472224535399,0.5718775181305451,8.058017727639034e-05
98855,17.620293671561193,0.572119258662369,560,681,1241,0.0,-0.0008333472224535399,0.5719580983078215,8.058017727639034e-05
98856,17.61946032433874,0.572119258662369,560,681,1241,0.0,-0.0008333472224535399,0.5720386784850978,8.058017727639034e-05
98857,17.618626977116286,0.572119258662369,560,681,1241,0.0,-0.0008333472224535399,0.5721192586623742,8.058017727639034e-05
98858,17.617793629893832,0.572119258662369,560,681,1241,0.0,-0.0008333472224535399,0.5721192586623742,0.0
98859,17.61696028267138,0.5713134568896051,560,681,1241,-0.0008058017727639033,-0.0008333472224535399,0.5720386784850978,-8.058017727639034e-05
98860,17.616126935448925,0.5713134568896051,560,681,1241,0.0,-0.0008333472224535399,0.5719580983078215,-8.058017727639034e-05
98861,17.61529358822647,0.5713134568896051,560,681,1241,0.0,-0.0008333472224535399,0.5718775181305451,-8.058017727639034e-05
98862,17.614460241004018,0.5713134568896051,560,681,1241,0.0,-0.0008333472224535399,0.5717969379532688,-8.058017727639034e-05
98863,17.613626893781564,0.5713134568896051,560,681,1241,0.0,-0.0008333472224535399,0.5717163577759925,-8.058017727639034e-05
98864,17.61279354655911,0.5713134568896051,560,681,1241,0.0,-0.0008333472224535399,0.5716357775987161,-8.058017727639034e-05
98865,17.611960199336657,0.5713134568896051,560,681,1241,0.0,-0.0008333472224535399,0.5715551974214398,-8.058017727639034e-05
98866,17.611126852114204,0.5713134568896051,560,681,1241,0.0,-0.0008333472224535399,0.5714746172441634,-8.058017727639034e-05
98867,17.61029350489175,0.5713134568896051,560,681,1241,0.0,-0.0008333472224535399,0.5713940370668871,-8.058017727639034e-05
98868,17.609460157669297,0.5713134568896051,560,681,1241,0.0,-0.0008333472224535399,0.5713134568896108,-8.058017727639034e-05
98869,17.608626810446836,0.5713134568896051,560,681,1241,0.0,-0.0008333472224606453,0.5713134568896108,0.0
98870,17.607793463224382,0.5713134568896051,560,681,1241,0.0,-0.0008333472224535399,0.5713134568896108,0.0
98871,17.60696011600193,0.572119258662369,560,681,1241,0.0008058017727639033,-0.0008333472224535399,0.5713940370668871,8.058017727639034e-05
98872,17.606126768779475,0.572119258662369,560,681,1241,0.0,-0.0008333472224535399,0.5714746172441634,8.058017727639034e-05
98873,17.605293421557022,0.572119258662369,560,681,1241,0.0,-0.0008333472224535399,0.5715551974214398,8.058017727639034e-05
98874,17.60446007433457,0.572119258662369,560,681,1241,0.0,-0.0008333472224535399,0.5716357775987161,8.058017727639034e-05
98875,17.603626727112115,0.5713134568896051,560,681,1241,-0.0008058017727639033,-0.0008333472224535399,0.5716357775987161,0.0
98876,17.60279337988966,0.5713134568896051,560,681,1241,0.0,-0.0008333472224535399,0.5716357775987161,0.0
98877,17.601960032667208,0.5713134568896051,560,681,1241,0.0,-0.0008333472224535399,0.5716357775987161,0.0
98878,17.601126685444754,0.5713134568896051,560,681,1241,0.0,-0.0008333472224535399,0.5716357775987161,0.0
98879,17.6002933382223,0.5713134568896051,560,681,1241,0.0,-0.0008333472224535399,0.5716357775987161,0.0
98880,17.599459990999847,0.5713134568896051,560,681,1241,0.0,-0.0008333472224535399,0.5716357775987161,0.0
98881,17.598626643777393,0.5705076551168412,560,681,1241,-0.0008058017727639033,-0.0008333472224535399,0.5714746172441634,-0.00016116035455278067
98882,17.59779329655494,0.5705076551168412,560,681,1241,0.0,-0.0008333472224535399,0.5713134568896105,-0.00016116035455278067
98883,17.596959949332486,0.5713134568896051,560,681,1241,0.0008058017727639033,-0.0008333472224535399,0.5712328767123342,-8.058017727639034e-05
98884,17.596126602110033,0.5713134568896051,560,681,1241,0.0,-0.0008333472224535399,0.5711522965350578,-8.058017727639034e-05
98885,17.59529325488758,0.572119258662369,560,681,1241,0.0008058017727639033,-0.0008333472224535399,0.5712328767123342,8.058017727639034e-05
98886,17.594459907665126,0.572119258662369,560,681,1241,0.0,-0.0008333472224535399,0.5713134568896105,8.058017727639034e-05
98887,17.593626560442672,0.572119258662369,560,681,1241,0.0,-0.0008333472224535399,0.5713940370668869,8.058017727639034e-05
98888,17.59279321322022,0.572119258662369,560,681,1241,0.0,-0.0008333472224535399,0.5714746172441633,8.058017727639034e-05
98889,17.591959865997765,0.572119258662369,560,681,1241,0.0,-0.0008333472224535399,0.5715551974214396,8.058017727639034e-05
98890,17.59112651877531,0.5713134568896051,560,681,1241,-0.0008058017727639033,-0.0008333472224535399,0.5715551974214396,0.0
98891,17.590293171552858,0.5713134568896051,560,681,1241,0.0,-0.0008333472224535399,0.571635777598716,8.058017727639034e-05
98892,17.589459824330405,0.5713134568896051,560,681,1241,0.0,-0.0008333472224535399,0.5717163577759925,8.058017727639034e-05
98893,17.58862647710795,0.5713134568896051,560,681,1241,0.0,-0.0008333472224535399,0.5717163577759925,0.0
98894,17.587793129885497,0.5713134568896051,560,681,1241,0.0,-0.0008333472224535399,0.5717163577759925,0.0
98895,17.586959782663044,0.5713134568896051,560,681,1241,0.0,-0.0008333472224535399,0.5716357775987161,-8.058017727639034e-05
98896,17.58612643544059,0.5713134568896051,560,681,1241,0.0,-0.0008333472224535399,0.5715551974214398,-8.058017727639034e-05
98897,17.585293088218137,0.5713134568896051,560,681,1241,0.0,-0.0008333472224535399,0.5714746172441634,-8.058017727639034e-05
98898,17.584459740995683,0.5713134568896051,560,681,1241,0.0,-0.0008333472224535399,0.5713940370668871,-8.058017727639034e-05
98899,17.58362639377323,0.5713134568896051,560,681,1241,0.0,-0.0008333472224535399,0.5713134568896108,-8.058017727639034e-05
98900,17.582793046550776,0.5713134568896051,560,681,1241,0.0,-0.0008333472224535399,0.5713134568896108,0.0
98901,17.581959699328323,0.5713134568896051,560,681,1241,0.0,-0.0008333472224535399,0.5713134568896108,0.0
98902,17.58112635210587,0.5713134568896051,560,681,1241,0.0,-0.0008333472224535399,0.5713134568896108,0.0
98903,17.580293004883416,0.5713134568896051,560,681,1241,0.0,-0.0008333472224535399,0.5713134568896108,0.0
98904,17.579459657660962,0.5713134568896051,560,681,1241,0.0,-0.0008333472224535399,0.5713134568896108,0.0
98905,17.57862631043851,0.5705076551168412,560,681,1241,-0.0008058017727639033,-0.0008333472224535399,0.5712328767123342,-8.058017727639034e-05
98906,17.577792963216055,0.5705076551168412,560,681,1241,0.0,-0.0008333472224535399,0.5711522965350578,-8.058017727639034e-05
98907,17.5769596159936,0.5713134568896051,560,681,1241,0.0008058017727639033,-0.0008333472224535399,0.5711522965350578,0.0
98908,17.576126268771148,0.5713134568896051,560,681,1241,0.0,-0.0008333472224535399,0.5711522965350578,0.0
98909,17.575292921548694,0.5713134568896051,560,681,1241,0.0,-0.0008333472224535399,0.5711522965350578,0.0
98910,17.57445957432624,0.5713134568896051,560,681,1241,0.0,-0.0008333472224535399,0.5711522965350578,0.0
98911,17.57362622710378,0.5705076551168412,560,681,1241,-0.0008058017727639033,-0.0008333472224606453,0.5710717163577814,-8.058017727639034e-05
98912,17.572792879881327,0.5705076551168412,560,681,1241,0.0,-0.0008333472224535399,0.570991136180505,-8.058017727639034e-05
98913,17.571959532658873,0.5705076551168412,560,681,1241,0.0,-0.0008333472224535399,0.5709105560032286,-8.058017727639034e-05
98914,17.57112618543642,0.5705076551168412,560,681,1241,0.0,-0.0008333472224535399,0.5708299758259521,-8.058017727639034e-05
98915,17.570292838213966,0.5688960515713135,560,681,1241,-0.0016116035455276956,-0.0008333472224535399,0.5706688154713994,-0.00016116035455276956
98916,17.569459490991512,0.5688960515713135,560,681,1241,0.0,-0.0008333472224535399,0.5705076551168466,-0.00016116035455276956
98917,17.56862614376906,0.5688960515713135,560,681,1241,0.0,-0.0008333472224535399,0.5702659145850175,-0.0002417405318291599
98918,17.567792796546605,0.5680902497985496,560,681,1241,-0.0008058017727639033,-0.0008333472224535399,0.569943593875912,-0.00032232070910555023
98919,17.566959449324152,0.5680902497985496,560,681,1241,0.0,-0.0008333472224535399,0.5696212731668064,-0.00032232070910555023
98920,17.5661261021017,0.5680902497985496,560,681,1241,0.0,-0.0008333472224535399,0.5692989524577008,-0.00032232070910555023
98921,17.565292754879245,0.5680902497985496,560,681,1241,0.0,-0.0008333472224535399,0.5690572119258717,-0.0002417405318291599
98922,17.56445940765679,0.5680902497985496,560,681,1241,0.0,-0.0008333472224535399,0.5688154713940425,-0.0002417405318291599
98923,17.563626060434338,0.5672844480257857,560,681,1241,-0.0008058017727639033,-0.0008333472224535399,0.5684931506849371,-0.00032232070910555023
98924,17.562792713211884,0.5680902497985496,560,681,1241,0.0008058017727639033,-0.0008333472224535399,0.568251410153108,-0.0002417405318291599
98925,17.56195936598943,0.5680902497985496,560,681,1241,0.0,-0.0008333472224535399,0.5681708299758317,-8.058017727639034e-05
98926,17.561126018766977,0.5680902497985496,560,681,1241,0.0,-0.0008333472224535399,0.5680902497985553,-8.058017727639034e-05
98927,17.560292671544524,0.5688960515713135,560,681,1241,0.0008058017727639033,-0.0008333472224535399,0.5680902497985553,0.0
98928,17.55945932432207,0.5680902497985496,560,681,1241,-0.0008058017727639033,-0.0008333472224535399,0.5680902497985553,0.0
98929,17.558625977099616,0.5680902497985496,560,681,1241,0.0,-0.0008333472224535399,0.5680902497985553,0.0
98930,17.557792629877163,0.5680902497985496,560,681,1241,0.0,-0.0008333472224535399,0.5680902497985553,0.0
98931,17.55695928265471,0.5680902497985496,560,681,1241,0.0,-0.0008333472224535399,0.5680902497985553,0.0
98932,17.556125935432256,0.5680902497985496,560,681,1241,0.0,-0.0008333472224535399,0.5680902497985553,0.0
98933,17.555292588209802,0.5680902497985496,560,681,1241,0.0,-0.0008333472224535399,0.5681708299758317,8.058017727639034e-05
98934,17.55445924098735,0.5680902497985496,560,681,1241,0.0,-0.0008333472224535399,0.5681708299758317,0.0
98935,17.553625893764895,0.5688960515713135,560,681,1241,0.0008058017727639033,-0.0008333472224535399,0.568251410153108,8.058017727639034e-05
98936,17.55279254654244,0.5688960515713135,560,681,1241,0.0,-0.0008333472224535399,0.5683319903303843,8.058017727639034e-05
98937,17.551959199319988,0.5688960515713135,560,681,1241,0.0,-0.0008333472224535399,0.5683319903303843,0.0
98938,17.551125852097535,0.5688960515713135,560,681,1241,0.0,-0.0008333472224535399,0.5684125705076607,8.058017727639034e-05
98939,17.55029250487508,0.5672844480257857,560,681,1241,-0.0016116035455278066,-0.0008333472224535399,0.5683319903303843,-8.058017727639034e-05
98940,17.549459157652628,0.5672844480257857,560,681,1241,0.0,-0.0008333472224535399,0.568251410153108,-8.058017727639034e-05
98941,17.548625810430174,0.5672844480257857,560,681,1241,0.0,-0.0008333472224535399,0.5681708299758317,-8.058017727639034e-05
98942,17.54779246320772,0.5672844480257857,560,681,1241,0.0,-0.0008333472224535399,0.5680902497985553,-8.058017727639034e-05
98943,17.546959115985267,0.5680902497985496,560,681,1241,0.0008058017727639033,-0.0008333472224535399,0.5680902497985553,0.0
98944,17.546125768762813,0.5680902497985496,560,681,1241,0.0,-0.0008333472224535399,0.5680902497985553,0.0
98945,17.54529242154036,0.5680902497985496,560,681,1241,0.0,-0.0008333472224535399,0.568009669621279,-8.058017727639034e-05
98946,17.544459074317906,0.5680902497985496,560,681,1241,0.0,-0.0008333472224535399,0.5679290894440026,-8.058017727639034e-05
98947,17.543625727095453,0.5680902497985496,560,681,1241,0.0,-0.0008333472224535399,0.5678485092667263,-8.058017727639034e-05
98948,17.542792379873,0.5688960515713135,560,681,1241,0.0008058017727639033,-0.0008333472224535399,0.5678485092667263,0.0
98949,17.541959032650546,0.5688960515713135,560,681,1241,0.0,-0.0008333472224535399,0.568009669621279,0.00016116035455278067
98950,17.541125685428092,0.5688960515713135,560,681,1241,0.0,-0.0008333472224535399,0.5681708299758317,0.00016116035455278067
98951,17.54029233820564,0.5688960515713135,560,681,1241,0.0,-0.0008333472224535399,0.5683319903303843,0.00016116035455278067
98952,17.539458990983185,0.5688960515713135,560,681,1241,0.0,-0.0008333472224535399,0.568493150684937,0.00016116035455278067
98953,17.53862564376073,0.5697018533440773,560,681,1241,0.0008058017727637923,-0.0008333472224535399,0.5686543110394898,0.00016116035455276956
98954,17.53779229653827,0.5697018533440773,560,681,1241,0.0,-0.0008333472224606453,0.5688154713940425,0.00016116035455276956
98955,17.536958949315817,0.5697018533440773,560,681,1241,0.0,-0.0008333472224535399,0.5689766317485954,0.00016116035455276956
98956,17.536125602093364,0.5697018533440773,560,681,1241,0.0,-0.0008333472224535399,0.5691377921031482,0.00016116035455276956
98957,17.53529225487091,0.5697018533440773,560,681,1241,0.0,-0.0008333472224535399,0.5692989524577009,0.00016116035455276956
98958,17.534458907648457,0.5697018533440773,560,681,1241,0.0,-0.0008333472224535399,0.5693795326349773,8.058017727637922e-05
98959,17.533625560426003,0.5705076551168412,560,681,1241,0.0008058017727639033,-0.0008333472224535399,0.56954069298953,0.00016116035455276956
98960,17.53279221320355,0.5705076551168412,560,681,1241,0.0,-0.0008333472224535399,0.5697018533440827,0.00016116035455276956
98961,17.531958865981096,0.5705076551168412,560,681,1241,0.0,-0.0008333472224535399,0.5698630136986355,0.00016116035455276956
98962,17.531125518758643,0.5705076551168412,560,681,1241,0.0,-0.0008333472224535399,0.5700241740531882,0.00016116035455276956
98963,17.53029217153619,0.5705076551168412,560,681,1241,0.0,-0.0008333472224535399,0.5701047542304645,8.058017727639034e-05
98964,17.529458824313735,0.5713134568896051,560,681,1241,0.0008058017727639033,-0.0008333472224535399,0.5702659145850173,0.00016116035455278067
98965,17.528625477091282,0.5713134568896051,560,681,1241,0.0,-0.0008333472224535399,0.57042707493957,0.00016116035455278067
98966,17.52779212986883,0.5713134568896051,560,681,1241,0.0,-0.0008333472224535399,0.5705882352941228,0.00016116035455278067
98967,17.526958782646375,0.5713134568896051,560,681,1241,0.0,-0.0008333472224535399,0.5707493956486756,0.00016116035455278067
98968,17.52612543542392,0.5713134568896051,560,681,1241,0.0,-0.0008333472224535399,0.5709105560032284,0.00016116035455278067
98969,17.525292088201468,0.5705076551168412,560,681,1241,-0.0008058017727639033,-0.0008333472224535399,0.5709105560032284,0.0
98970,17.524458740979014,0.5697018533440773,560,681,1241,-0.0008058017727639033,-0.0008333472224535399,0.5708299758259521,-8.058017727639034e-05
98971,17.52362539375656,0.5688960515713135,560,681,1241,-0.0008058017727637923,-0.0008333472224535399,0.5706688154713994,-0.00016116035455276956
98972,17.522792046534107,0.5680902497985496,560,681,1241,-0.0008058017727639033,-0.0008333472224535399,0.5704270749395702,-0.0002417405318291599
98973,17.521958699311654,0.5680902497985496,560,681,1241,0.0,-0.0008333472224535399,0.5701853344077411,-0.0002417405318291599
98974,17.5211253520892,0.5680902497985496,560,681,1241,0.0,-0.0008333472224535399,0.5698630136986356,-0.00032232070910555023
98975,17.520292004866747,0.5680902497985496,560,681,1241,0.0,-0.0008333472224535399,0.5695406929895299,-0.00032232070910555023
98976,17.519458657644293,0.5680902497985496,560,681,1241,0.0,-0.0008333472224535399,0.5692183722804244,-0.00032232070910555023
98977,17.51862531042184,0.5672844480257857,560,681,1241,-0.0008058017727639033,-0.0008333472224535399,0.5688154713940424,-0.00040290088638194054
98978,17.517791963199386,0.5672844480257857,560,681,1241,0.0,-0.0008333472224535399,0.5684125705076605,-0.00040290088638194054
98979,17.516958615976932,0.5672844480257857,560,681,1241,0.0,-0.0008333472224535399,0.568090249798555,-0.00032232070910555023
98980,17.51612526875448,0.5672844480257857,560,681,1241,0.0,-0.0008333472224535399,0.5678485092667258,-0.0002417405318291599
98981,17.515291921532025,0.5680902497985496,560,681,1241,0.0008058017727639033,-0.0008333472224535399,0.5677679290894494,-8.058017727639034e-05
98982,17.51445857430957,0.5680902497985496,560,681,1241,0.0,-0.0008333472224535399,0.5677679290894494,0.0
98983,17.513625227087118,0.5680902497985496,560,681,1241,0.0,-0.0008333472224535399,0.5677679290894494,0.0
98984,17.512791879864665,0.5680902497985496,560,681,1241,0.0,-0.0008333472224535399,0.5677679290894494,0.0
98985,17.51195853264221,0.5680902497985496,560,681,1241,0.0,-0.0008333472224535399,0.5677679290894494,0.0
98986,17.511125185419758,0.5680902497985496,560,681,1241,0.0,-0.0008333472224535399,0.5677679290894494,0.0
98987,17.510291838197304,0.5680902497985496,560,681,1241,0.0,-0.0008333472224535399,0.5678485092667257,8.058017727639034e-05
98988,17.50945849097485,0.5680902497985496,560,681,1241,0.0,-0.0008333472224535399,0.5679290894440021,8.058017727639034e-05
98989,17.508625143752397,0.5680902497985496,560,681,1241,0.0,-0.0008333472224535399,0.5680096696212784,8.058017727639034e-05
98990,17.507791796529943,0.5688960515713135,560,681,1241,0.0008058017727639033,-0.0008333472224535399,0.5681708299758311,0.00016116035455278067
98991,17.50695844930749,0.5688960515713135,560,681,1241,0.0,-0.0008333472224535399,0.5682514101531074,8.058017727639034e-05
98992,17.506125102085036,0.5688960515713135,560,681,1241,0.0,-0.0008333472224535399,0.5683319903303838,8.058017727639034e-05
98993,17.505291754862583,0.5688960515713135,560,681,1241,0.0,-0.0008333472224535399,0.5684125705076601,8.058017727639034e-05
98994,17.50445840764013,0.5688960515713135,560,681,1241,0.0,-0.0008333472224535399,0.5684931506849364,8.058017727639034e-05
98995,17.503625060417676,0.5688960515713135,560,681,1241,0.0,-0.0008333472224535399,0.5685737308622129,8.058017727639034e-05
98996,17.502791713195215,0.5697018533440773,560,681,1241,0.0008058017727637923,-0.0008333472224606453,0.5687348912167656,0.00016116035455276956
98997,17.50195836597276,0.5697018533440773,560,681,1241,0.0,-0.0008333472224535399,0.5688960515713184,0.00016116035455276956
98998,17.501125018750308,0.5697018533440773,560,681,1241,0.0,-0.0008333472224535399,0.5690572119258712,0.00016116035455276956
98999,17.500291671527854,0.5697018533440773,560,681,1241,0.0,-0.0008333472224535399,0.5692183722804239,0.00016116035455276956
99000,17.4994583243054,0.5705076551168412,560,681,1241,0.0008058017727639033,-0.0008333472224535399,0.5693795326349766,0.00016116035455276956
99001,17.498624977082947,0.5705076551168412,560,681,1241,0.0,-0.0008333472224535399,0.5695406929895294,0.00016116035455276956
99002,17.497791629860494,0.5697018533440773,560,681,1241,-0.0008058017727639033,-0.0008333472224535399,0.5696212731668057,8.058017727637922e-05
99003,17.49695828263804,0.5713134568896051,560,681,1241,0.0016116035455278066,-0.0008333472224535399,0.5698630136986349,0.0002417405318291599
99004,17.496124935415587,0.5713134568896051,560,681,1241,0.0,-0.0008333472224535399,0.5701047542304641,0.0002417405318291599
99005,17.495291588193133,0.5713134568896051,560,681,1241,0.0,-0.0008333472224535399,0.5703464947622934,0.0002417405318291599
99006,17.49445824097068,0.5705076551168412,560,681,1241,-0.0008058017727639033,-0.0008333472224535399,0.5704270749395697,8.058017727639034e-05
99007,17.493624893748226,0.5705076551168412,560,681,1241,0.0,-0.0008333472224535399,0.570507655116846,8.058017727639034e-05
99008,17.492791546525773,0.5705076551168412,560,681,1241,0.0,-0.0008333472224535399,0.5705882352941224,8.058017727639034e-05
99009,17.49195819930332,0.5705076551168412,560,681,1241,0.0,-0.0008333472224535399,0.5706688154713987,8.058017727639034e-05
99010,17.491124852080866,0.5713134568896051,560,681,1241,0.0008058017727639033,-0.0008333472224535399,0.5707493956486751,8.058017727639034e-05
99011,17.490291504858412,0.5713134568896051,560,681,1241,0.0,-0.0008333472224535399,0.5708299758259516,8.058017727639034e-05
99012,17.48945815763596,0.5713134568896051,560,681,1241,0.0,-0.0008333472224535399,0.5709911361805043,0.00016116035455278067
99013,17.488624810413505,0.5705076551168412,560,681,1241,-0.0008058017727639033,-0.0008333472224535399,0.5709105560032279,-8.058017727639034e-05
99014,17.48779146319105,0.5697018533440773,560,681,1241,-0.0008058017727639033,-0.0008333472224535399,0.5707493956486751,-0.00016116035455278067
99015,17.486958115968598,0.5697018533440773,560,681,1241,0.0,-0.0008333472224535399,0.5705882352941224,-0.00016116035455278067
99016,17.486124768746144,0.5697018533440773,560,681,1241,0.0,-0.0008333472224535399,0.570507655116846,-8.058017727639034e-05
99017,17.48529142152369,0.5697018533440773,560,681,1241,0.0,-0.0008333472224535399,0.5704270749395697,-8.058017727639034e-05
99018,17.484458074301237,0.5697018533440773,560,681,1241,0.0,-0.0008333472224535399,0.5703464947622934,-8.058017727639034e-05
99019,17.483624727078784,0.5697018533440773,560,681,1241,0.0,-0.0008333472224535399,0.570265914585017,-8.058017727639034e-05
99020,17.48279137985633,0.5697018533440773,560,681,1241,0.0,-0.0008333472224535399,0.5701047542304643,-0.00016116035455278067
99021,17.481958032633877,0.5697018533440773,560,681,1241,0.0,-0.0008333472224535399,0.5699435938759114,-0.00016116035455278067
99022,17.481124685411423,0.5697018533440773,560,681,1241,0.0,-0.0008333472224535399,0.5697824335213586,-0.00016116035455278067
99023,17.48029133818897,0.5713134568896051,560,681,1241,0.0016116035455278066,-0.0008333472224535399,0.5698630136986351,8.058017727639034e-05
99024,17.479457990966516,0.5713134568896051,560,681,1241,0.0,-0.0008333472224535399,0.5700241740531878,0.00016116035455278067
99025,17.478624643744062,0.5713134568896051,560,681,1241,0.0,-0.0008333472224535399,0.5701853344077407,0.00016116035455278067
99026,17.47779129652161,0.5713134568896051,560,681,1241,0.0,-0.0008333472224535399,0.5703464947622934,0.00016116035455278067
99027,17.476957949299155,0.5713134568896051,560,681,1241,0.0,-0.0008333472224535399,0.5705076551168462,0.00016116035455278067
99028,17.476124602076702,0.5713134568896051,560,681,1241,0.0,-0.0008333472224535399,0.570668815471399,0.00016116035455278067
99029,17.47529125485425,0.5713134568896051,560,681,1241,0.0,-0.0008333472224535399,0.5708299758259517,0.00016116035455278067
99030,17.474457907631795,0.5705076551168412,560,681,1241,-0.0008058017727639033,-0.0008333472224535399,0.5709105560032282,8.058017727639034e-05
99031,17.47362456040934,0.5705076551168412,560,681,1241,0.0,-0.0008333472224535399,0.5709911361805045,8.058017727639034e-05
99032,17.472791213186888,0.5705076551168412,560,681,1241,0.0,-0.0008333472224535399,0.5710717163577808,8.058017727639034e-05
99033,17.471957865964434,0.5705076551168412,560,681,1241,0.0,-0.0008333472224535399,0.5709911361805043,-8.058017727639034e-05
99034,17.47112451874198,0.5705076551168412,560,681,1241,0.0,-0.0008333472224535399,0.5709105560032279,-8.058017727639034e-05
99035,17.470291171519527,0.5705076551168412,560,681,1241,0.0,-0.0008333472224535399,0.5708299758259515,-8.058017727639034e-05
99036,17.469457824297074,0.5705076551168412,560,681,1241,0.0,-0.0008333472224535399,0.5707493956486751,-8.058017727639034e-05
99037,17.46862447707462,0.5705076551168412,560,681,1241,0.0,-0.0008333472224535399,0.5706688154713986,-8.058017727639034e-05
99038,17.46779112985216,0.5705076551168412,560,681,1241,0.0,-0.0008333472224606453,0.5705882352941222,-8.058017727639034e-05
99039,17.466957782629706,0.5705076551168412,560,681,1241,0.0,-0.0008333472224535399,0.5705076551168458,-8.058017727639034e-05
99040,17.466124435407252,0.5697018533440773,560,681,1241,-0.0008058017727639033,-0.0008333472224535399,0.5704270749395695,-8.058017727639034e-05
99041,17.4652910881848,0.5697018533440773,560,681,1241,0.0,-0.0008333472224535399,0.570346494762293,-8.058017727639034e-05
99042,17.464457740962345,0.5688960515713135,560,681,1241,-0.0008058017727637923,-0.0008333472224535399,0.5701853344077403,-0.00016116035455276956
99043,17.46362439373989,0.5688960515713135,560,681,1241,0.0,-0.0008333472224535399,0.5700241740531877,-0.00016116035455276956
99044,17.462791046517438,0.5688960515713135,560,681,1241,0.0,-0.0008333472224535399,0.569863013698635,-0.00016116035455276956
99045,17.461957699294985,0.5680902497985496,560,681,1241,-0.0008058017727639033,-0.0008333472224535399,0.5696212731668059,-0.0002417405318291599
99046,17.46112435207253,0.5680902497985496,560,681,1241,0.0,-0.0008333472224535399,0.5693795326349768,-0.0002417405318291599
99047,17.460291004850077,0.5688960515713135,560,681,1241,0.0008058017727639033,-0.0008333472224535399,0.569218372280424,-0.00016116035455276956
99048,17.459457657627624,0.5688960515713135,560,681,1241,0.0,-0.0008333472224535399,0.5690572119258713,-0.00016116035455276956
99049,17.45862431040517,0.5688960515713135,560,681,1241,0.0,-0.0008333472224535399,0.5688960515713186,-0.00016116035455276956
99050,17.457790963182717,0.5688960515713135,560,681,1241,0.0,-0.0008333472224535399,0.5688154713940423,-8.058017727637922e-05
99051,17.456957615960263,0.5688960515713135,560,681,1241,0.0,-0.0008333472224535399,0.568734891216766,-8.058017727637922e-05
99052,17.45612426873781,0.5688960515713135,560,681,1241,0.0,-0.0008333472224535399,0.568734891216766,0.0
99053,17.455290921515356,0.5688960515713135,560,681,1241,0.0,-0.0008333472224535399,0.568734891216766,0.0
99054,17.454457574292903,0.5688960515713135,560,681,1241,0.0,-0.0008333472224535399,0.568734891216766,0.0
99055,17.45362422707045,0.5688960515713135,560,681,1241,0.0,-0.0008333472224535399,0.5688154713940424,8.058017727639034e-05
99056,17.452790879847996,0.5688960515713135,560,681,1241,0.0,-0.0008333472224535399,0.5688960515713187,8.058017727639034e-05
99057,17.451957532625542,0.5688960515713135,560,681,1241,0.0,-0.0008333472224535399,0.5688960515713187,0.0
99058,17.45112418540309,0.5680902497985496,560,681,1241,-0.0008058017727639033,-0.0008333472224535399,0.5688154713940424,-8.058017727639034e-05
99059,17.450290838180635,0.5680902497985496,560,681,1241,0.0,-0.0008333472224535399,0.568734891216766,-8.058017727639034e-05
99060,17.44945749095818,0.5680902497985496,560,681,1241,0.0,-0.0008333472224535399,0.5686543110394897,-8.058017727639034e-05
99061,17.448624143735728,0.5680902497985496,560,681,1241,0.0,-0.0008333472224535399,0.5685737308622134,-8.058017727639034e-05
99062,17.447790796513274,0.5680902497985496,560,681,1241,0.0,-0.0008333472224535399,0.568493150684937,-8.058017727639034e-05
99063,17.44695744929082,0.5680902497985496,560,681,1241,0.0,-0.0008333472224535399,0.5684125705076607,-8.058017727639034e-05
99064,17.446124102068367,0.5680902497985496,560,681,1241,0.0,-0.0008333472224535399,0.5683319903303843,-8.058017727639034e-05
99065,17.445290754845914,0.5688960515713135,560,681,1241,0.0008058017727639033,-0.0008333472224535399,0.5683319903303843,0.0
99066,17.44445740762346,0.5688960515713135,560,681,1241,0.0,-0.0008333472224535399,0.5683319903303843,0.0
99067,17.443624060401007,0.5680902497985496,560,681,1241,-0.0008058017727639033,-0.0008333472224535399,0.568251410153108,-8.058017727639034e-05
99068,17.442790713178553,0.5680902497985496,560,681,1241,0.0,-0.0008333472224535399,0.568251410153108,0.0
99069,17.4419573659561,0.5680902497985496,560,681,1241,0.0,-0.0008333472224535399,0.568251410153108,0.0
99070,17.441124018733646,0.5680902497985496,560,681,1241,0.0,-0.0008333472224535399,0.568251410153108,0.0
99071,17.440290671511192,0.5680902497985496,560,681,1241,0.0,-0.0008333472224535399,0.568251410153108,0.0
99072,17.43945732428874,0.5680902497985496,560,681,1241,0.0,-0.0008333472224535399,0.568251410153108,0.0
99073,17.438623977066285,0.5680902497985496,560,681,1241,0.0,-0.0008333472224535399,0.568251410153108,0.0
99074,17.437790629843832,0.5680902497985496,560,681,1241,0.0,-0.0008333472224535399,0.568251410153108,0.0
99075,17.43695728262138,0.5688960515713135,560,681,1241,0.0008058017727639033,-0.0008333472224535399,0.568251410153108,0.0
99076,17.436123935398925,0.5672844480257857,560,681,1241,-0.0016116035455278066,-0.0008333472224535399,0.5680902497985553,-0.00016116035455278067
99077,17.43529058817647,0.5672844480257857,560,681,1241,0.0,-0.0008333472224535399,0.568009669621279,-8.058017727639034e-05
99078,17.434457240954018,0.5680902497985496,560,681,1241,0.0008058017727639033,-0.0008333472224535399,0.568009669621279,0.0
99079,17.433623893731564,0.5672844480257857,560,681,1241,-0.0008058017727639033,-0.0008333472224535399,0.5679290894440026,-8.058017727639034e-05
99080,17.43279054650911,0.5672844480257857,560,681,1241,0.0,-0.0008333472224535399,0.5678485092667263,-8.058017727639034e-05
99081,17.43195719928665,0.5672844480257857,560,681,1241,0.0,-0.0008333472224606453,0.56776792908945,-8.058017727639034e-05
99082,17.431123852064196,0.5672844480257857,560,681,1241,0.0,-0.0008333472224535399,0.5676873489121735,-8.058017727639034e-05
99083,17.430290504841743,0.5680902497985496,560,681,1241,0.0008058017727639033,-0.0008333472224535399,0.5676873489121735,0.0
99084,17.42945715761929,0.5680902497985496,560,681,1241,0.0,-0.0008333472224535399,0.5676873489121735,0.0
99085,17.428623810396836,0.5680902497985496,560,681,1241,0.0,-0.0008333472224535399,0.5676067687348972,-8.058017727639034e-05
99086,17.427790463174382,0.5680902497985496,560,681,1241,0.0,-0.0008333472224535399,0.5676873489121735,8.058017727639034e-05
99087,17.42695711595193,0.5680902497985496,560,681,1241,0.0,-0.0008333472224535399,0.56776792908945,8.058017727639034e-05
99088,17.426123768729475,0.5688960515713135,560,681,1241,0.0008058017727639033,-0.0008333472224535399,0.5678485092667263,8.058017727639034e-05
99089,17.42529042150702,0.5688960515713135,560,681,1241,0.0,-0.0008333472224535399,0.568009669621279,0.00016116035455278067
99090,17.424457074284568,0.5688960515713135,560,681,1241,0.0,-0.0008333472224535399,0.5681708299758317,0.00016116035455278067
99091,17.423623727062115,0.5688960515713135,560,681,1241,0.0,-0.0008333472224535399,0.5683319903303843,0.00016116035455278067
99092,17.42279037983966,0.5688960515713135,560,681,1241,0.0,-0.0008333472224535399,0.568493150684937,0.00016116035455278067
99093,17.421957032617208,0.5688960515713135,560,681,1241,0.0,-0.0008333472224535399,0.5685737308622134,8.058017727639034e-05
99094,17.421123685394754,0.5688960515713135,560,681,1241,0.0,-0.0008333472224535399,0.5686543110394897,8.058017727639034e-05
99095,17.4202903381723,0.5688960515713135,560,681,1241,0.0,-0.0008333472224535399,0.568734891216766,8.058017727639034e-05
99096,17.419456990949847,0.5688960515713135,560,681,1241,0.0,-0.0008333472224535399,0.5688154713940424,8.058017727639034e-05
99097,17.418623643727393,0.5688960515713135,560,681,1241,0.0,-0.0008333472224535399,0.5688960515713187,8.058017727639034e-05
99098,17.41779029650494,0.5688960515713135,560,681,1241,0.0,-0.0008333472224535399,0.5688960515713187,0.0
99099,17.416956949282486,0.5688960515713135,560,681,1241,0.0,-0.0008333472224535399,0.5688960515713187,0.0
99100,17.416123602060033,0.5688960515713135,560,681,1241,0.0,-0.0008333472224535399,0.5688960515713187,0.0
99101,17.41529025483758,0.5688960515713135,560,681,1241,0.0,-0.0008333472224535399,0.5688960515713187,0.0
99102,17.414456907615126,0.5688960515713135,560,681,1241,0.0,-0.0008333472224535399,0.5688960515713187,0.0
99103,17.413623560392672,0.5688960515713135,560,681,1241,0.0,-0.0008333472224535399,0.5688960515713187,0.0
99104,17.41279021317022,0.5680902497985496,560,681,1241,-0.0008058017727639033,-0.0008333472224535399,0.5688154713940424,-8.058017727639034e-05
99105,17.411956865947765,0.5688960515713135,560,681,1241,0.0008058017727639033,-0.0008333472224535399,0.5688154713940424,0.0
99106,17.41112351872531,0.5680902497985496,560,681,1241,-0.0008058017727639033,-0.0008333472224535399,0.568734891216766,-8.058017727639034e-05
99107,17.410290171502858,0.5680902497985496,560,681,1241,0.0,-0.0008333472224535399,0.5686543110394897,-8.058017727639034e-05
99108,17.409456824280404,0.5680902497985496,560,681,1241,0.0,-0.0008333472224535399,0.5685737308622134,-8.058017727639034e-05
99109,17.40862347705795,0.5680902497985496,560,681,1241,0.0,-0.0008333472224535399,0.568493150684937,-8.058017727639034e-05
99110,17.407790129835497,0.5680902497985496,560,681,1241,0.0,-0.0008333472224535399,0.5684125705076607,-8.058017727639034e-05
99111,17.406956782613044,0.5680902497985496,560,681,1241,0.0,-0.0008333472224535399,0.5683319903303843,-8.058017727639034e-05
99112,17.40612343539059,0.5672844480257857,560,681,1241,-0.0008058017727639033,-0.0008333472224535399,0.5681708299758317,-0.00016116035455278067
99113,17.405290088168137,0.5664786462530218,560,681,1241,-0.0008058017727639033,-0.0008333472224535399,0.5679290894440024,-0.00024174053182917098
99114,17.404456740945683,0.5664786462530218,560,681,1241,0.0,-0.0008333472224535399,0.5677679290894496,-0.00016116035455278067
99115,17.40362339372323,0.5664786462530218,560,681,1241,0.0,-0.0008333472224535399,0.5675261885576205,-0.00024174053182917098
99116,17.402790046500776,0.5664786462530218,560,681,1241,0.0,-0.0008333472224535399,0.5673650282030678,-0.00016116035455278067
99117,17.401956699278323,0.5672844480257857,560,681,1241,0.0008058017727639033,-0.0008333472224535399,0.5672844480257913,-8.058017727639034e-05
99118,17.40112335205587,0.5672844480257857,560,681,1241,0.0,-0.0008333472224535399,0.567203867848515,-8.058017727639034e-05
99119,17.400290004833415,0.5672844480257857,560,681,1241,0.0,-0.0008333472224535399,0.5671232876712387,-8.058017727639034e-05
99120,17.399456657610962,0.5672844480257857,560,681,1241,0.0,-0.0008333472224535399,0.5670427074939622,-8.058017727639034e-05
99121,17.39862331038851,0.5672844480257857,560,681,1241,0.0,-0.0008333472224535399,0.5669621273166859,-8.058017727639034e-05
99122,17.397789963166055,0.5672844480257857,560,681,1241,0.0,-0.0008333472224535399,0.5669621273166859,0.0
99123,17.396956615943594,0.5664786462530218,560,681,1241,-0.0008058017727639033,-0.0008333472224606453,0.5669621273166859,0.0
99124,17.39612326872114,0.5672844480257857,560,681,1241,0.0008058017727639033,-0.0008333472224535399,0.5670427074939624,8.058017727639034e-05
99125,17.395289921498687,0.5672844480257857,560,681,1241,0.0,-0.0008333472224535399,0.5671232876712387,8.058017727639034e-05
99126,17.394456574276234,0.5680902497985496,560,681,1241,0.0008058017727639033,-0.0008333472224535399,0.5672844480257915,0.00016116035455278067
99127,17.39362322705378,0.5672844480257857,560,681,1241,-0.0008058017727639033,-0.0008333472224535399,0.5672844480257915,0.0
99128,17.392789879831327,0.5672844480257857,560,681,1241,0.0,-0.0008333472224535399,0.5672844480257915,0.0
99129,17.391956532608873,0.5672844480257857,560,681,1241,0.0,-0.0008333472224535399,0.5672844480257915,0.0
99130,17.39112318538642,0.5672844480257857,560,681,1241,0.0,-0.0008333472224535399,0.5672844480257915,0.0
99131,17.390289838163966,0.5664786462530218,560,681,1241,-0.0008058017727639033,-0.0008333472224535399,0.5672038678485152,-8.058017727639034e-05
99132,17.389456490941512,0.5664786462530218,560,681,1241,0.0,-0.0008333472224535399,0.5671232876712388,-8.058017727639034e-05
99133,17.38862314371906,0.5680902497985496,560,681,1241,0.0016116035455278066,-0.0008333472224535399,0.5672844480257916,0.00016116035455278067
99134,17.387789796496605,0.5680902497985496,560,681,1241,0.0,-0.0008333472224535399,0.567365028203068,8.058017727639034e-05
99135,17.38695644927415,0.5672844480257857,560,681,1241,-0.0008058017727639033,-0.0008333472224535399,0.567365028203068,0.0
99136,17.386123102051698,0.5672844480257857,560,681,1241,0.0,-0.0008333472224535399,0.5672844480257917,-8.058017727639034e-05
99137,17.385289754829245,0.5664786462530218,560,681,1241,-0.0008058017727639033,-0.0008333472224535399,0.5672038678485153,-8.058017727639034e-05
99138,17.38445640760679,0.5664786462530218,560,681,1241,0.0,-0.0008333472224535399,0.567123287671239,-8.058017727639034e-05
99139,17.383623060384338,0.5664786462530218,560,681,1241,0.0,-0.0008333472224535399,0.5670427074939626,-8.058017727639034e-05
99140,17.382789713161884,0.5664786462530218,560,681,1241,0.0,-0.0008333472224535399,0.5669621273166863,-8.058017727639034e-05
99141,17.38195636593943,0.5680902497985496,560,681,1241,0.0016116035455278066,-0.0008333472224535399,0.5671232876712391,0.00016116035455278067
99142,17.381123018716977,0.5680902497985496,560,681,1241,0.0,-0.0008333472224535399,0.5672844480257918,0.00016116035455278067
99143,17.380289671494523,0.5688960515713135,560,681,1241,0.0008058017727639033,-0.0008333472224535399,0.5673650282030682,8.058017727639034e-05
99144,17.37945632427207,0.5688960515713135,560,681,1241,0.0,-0.0008333472224535399,0.5674456083803445,8.058017727639034e-05
99145,17.378622977049616,0.5688960515713135,560,681,1241,0.0,-0.0008333472224535399,0.5676067687348972,0.00016116035455278067
99146,17.377789629827163,0.5688960515713135,560,681,1241,0.0,-0.0008333472224535399,0.56776792908945,0.00016116035455278067
99147,17.37695628260471,0.5688960515713135,560,681,1241,0.0,-0.0008333472224535399,0.5680096696212791,0.00024174053182917098
99148,17.376122935382256,0.5688960515713135,560,681,1241,0.0,-0.0008333472224535399,0.5682514101531082,0.00024174053182917098
99149,17.375289588159802,0.5688960515713135,560,681,1241,0.0,-0.0008333472224535399,0.5684931506849374,0.00024174053182917098
99150,17.37445624093735,0.5688960515713135,560,681,1241,0.0,-0.0008333472224535399,0.5687348912167667,0.00024174053182917098
99151,17.373622893714895,0.5688960515713135,560,681,1241,0.0,-0.0008333472224535399,0.5688154713940431,8.058017727639034e-05
99152,17.37278954649244,0.5688960515713135,560,681,1241,0.0,-0.0008333472224535399,0.5688960515713195,8.058017727639034e-05
99153,17.371956199269988,0.5680902497985496,560,681,1241,-0.0008058017727639033,-0.0008333472224535399,0.5688154713940431,-8.058017727639034e-05
99154,17.371122852047534,0.5680902497985496,560,681,1241,0.0,-0.0008333472224535399,0.5687348912167668,-8.058017727639034e-05
99155,17.37028950482508,0.5680902497985496,560,681,1241,0.0,-0.0008333472224535399,0.5686543110394904,-8.058017727639034e-05
99156,17.369456157602627,0.5680902497985496,560,681,1241,0.0,-0.0008333472224535399,0.5685737308622141,-8.058017727639034e-05
99157,17.368622810380174,0.5672844480257857,560,681,1241,-0.0008058017727639033,-0.0008333472224535399,0.5684125705076614,-0.00016116035455278067
99158,17.36778946315772,0.5672844480257857,560,681,1241,0.0,-0.0008333472224535399,0.5682514101531086,-0.00016116035455278067
99159,17.366956115935267,0.5672844480257857,560,681,1241,0.0,-0.0008333472224535399,0.568090249798556,-0.00016116035455278067
99160,17.366122768712813,0.5672844480257857,560,681,1241,0.0,-0.0008333472224535399,0.5679290894440033,-0.00016116035455278067
99161,17.36528942149036,0.5672844480257857,560,681,1241,0.0,-0.0008333472224535399,0.5677679290894506,-0.00016116035455278067
99162,17.364456074267906,0.5672844480257857,560,681,1241,0.0,-0.0008333472224535399,0.5676067687348979,-0.00016116035455278067
99163,17.363622727045453,0.5672844480257857,560,681,1241,0.0,-0.0008333472224535399,0.5675261885576216,-8.058017727639034e-05
99164,17.362789379823,0.5672844480257857,560,681,1241,0.0,-0.0008333472224535399,0.5674456083803452,-8.058017727639034e-05
99165,17.36195603260054,0.5672844480257857,560,681,1241,0.0,-0.0008333472224606453,0.5673650282030689,-8.058017727639034e-05
99166,17.361122685378085,0.5680902497985496,560,681,1241,0.0008058017727639033,-0.0008333472224535399,0.5673650282030689,0.0
99167,17.36028933815563,0.5688960515713135,560,681,1241,0.0008058017727639033,-0.0008333472224535399,0.5675261885576216,0.00016116035455278067
99168,17.359455990933178,0.5697018533440773,560,681,1241,0.0008058017727637923,-0.0008333472224535399,0.5677679290894508,0.0002417405318291599
99169,17.358622643710724,0.5688960515713135,560,681,1241,-0.0008058017727637923,-0.0008333472224535399,0.5679290894440034,0.00016116035455278067
99170,17.35778929648827,0.5688960515713135,560,681,1241,0.0,-0.0008333472224535399,0.5680902497985562,0.00016116035455278067
99171,17.356955949265817,0.5688960515713135,560,681,1241,0.0,-0.0008333472224535399,0.5682514101531089,0.00016116035455278067
99172,17.356122602043364,0.5697018533440773,560,681,1241,0.0008058017727637923,-0.0008333472224535399,0.5684931506849381,0.0002417405318291599
99173,17.35528925482091,0.5688960515713135,560,681,1241,-0.0008058017727637923,-0.0008333472224535399,0.5686543110394908,0.00016116035455278067
99174,17.354455907598457,0.5688960515713135,560,681,1241,0.0,-0.0008333472224535399,0.5688154713940434,0.00016116035455278067
99175,17.353622560376003,0.5697018533440773,560,681,1241,0.0008058017727637923,-0.0008333472224535399,0.5690572119258727,0.0002417405318291599
99176,17.35278921315355,0.5697018533440773,560,681,1241,0.0,-0.0008333472224535399,0.5692183722804255,0.00016116035455276956
99177,17.351955865931096,0.5697018533440773,560,681,1241,0.0,-0.0008333472224535399,0.5692989524577019,8.058017727637922e-05
99178,17.351122518708642,0.5697018533440773,560,681,1241,0.0,-0.0008333472224535399,0.5692989524577019,0.0
99179,17.35028917148619,0.5697018533440773,560,681,1241,0.0,-0.0008333472224535399,0.5693795326349782,8.058017727637922e-05
99180,17.349455824263735,0.5697018533440773,560,681,1241,0.0,-0.0008333472224535399,0.5694601128122546,8.058017727637922e-05
99181,17.348622477041282,0.5705076551168412,560,681,1241,0.0008058017727639033,-0.0008333472224535399,0.5696212731668073,0.00016116035455276956
99182,17.34778912981883,0.5688960515713135,560,681,1241,-0.0016116035455276956,-0.0008333472224535399,0.5695406929895308,-8.058017727637922e-05
99183,17.346955782596375,0.5688960515713135,560,681,1241,0.0,-0.0008333472224535399,0.5695406929895309,0.0
99184,17.34612243537392,0.5688960515713135,560,681,1241,0.0,-0.0008333472224535399,0.5695406929895309,0.0
99185,17.345289088151468,0.5697018533440773,560,681,1241,0.0008058017727637923,-0.0008333472224535399,0.5695406929895309,0.0
99186,17.344455740929014,0.5713134568896051,560,681,1241,0.0016116035455278066,-0.0008333472224535399,0.5697018533440837,0.00016116035455278067
99187,17.34362239370656,0.5713134568896051,560,681,1241,0.0,-0.0008333472224535399,0.5698630136986365,0.00016116035455278067
99188,17.342789046484107,0.5705076551168412,560,681,1241,-0.0008058017727639033,-0.0008333472224535399,0.5699435938759129,8.058017727639034e-05
99189,17.341955699261653,0.5697018533440773,560,681,1241,-0.0008058017727639033,-0.0008333472224535399,0.5699435938759129,0.0
99190,17.3411223520392,0.5697018533440773,560,681,1241,0.0,-0.0008333472224535399,0.5699435938759129,0.0
99191,17.340289004816746,0.5697018533440773,560,681,1241,0.0,-0.0008333472224535399,0.5698630136986365,-8.058017727639034e-05
99192,17.339455657594293,0.5697018533440773,560,681,1241,0.0,-0.0008333472224535399,0.5699435938759129,8.058017727637922e-05
99193,17.33862231037184,0.5697018533440773,560,681,1241,0.0,-0.0008333472224535399,0.5700241740531892,8.058017727637922e-05
99194,17.337788963149386,0.5697018533440773,560,681,1241,0.0,-0.0008333472224535399,0.5701047542304656,8.058017727637922e-05
99195,17.336955615926932,0.5688960515713135,560,681,1241,-0.0008058017727637923,-0.0008333472224535399,0.5700241740531891,-8.058017727637922e-05
99196,17.33612226870448,0.5680902497985496,560,681,1241,-0.0008058017727639033,-0.0008333472224535399,0.5697018533440835,-0.00032232070910555023
99197,17.335288921482025,0.5680902497985496,560,681,1241,0.0,-0.0008333472224535399,0.569379532634978,-0.00032232070910555023
99198,17.33445557425957,0.5680902497985496,560,681,1241,0.0,-0.0008333472224535399,0.5691377921031489,-0.0002417405318291599
99199,17.333622227037118,0.5680902497985496,560,681,1241,0.0,-0.0008333472224535399,0.568976631748596,-0.00016116035455276956
99200,17.332788879814665,0.5688960515713135,560,681,1241,0.0008058017727639033,-0.0008333472224535399,0.5688960515713197,-8.058017727637922e-05
99201,17.33195553259221,0.5688960515713135,560,681,1241,0.0,-0.0008333472224535399,0.5688154713940434,-8.058017727637922e-05
99202,17.331122185369757,0.5688960515713135,560,681,1241,0.0,-0.0008333472224535399,0.568734891216767,-8.058017727637922e-05
99203,17.330288838147304,0.5688960515713135,560,681,1241,0.0,-0.0008333472224535399,0.5686543110394907,-8.058017727637922e-05
99204,17.32945549092485,0.5688960515713135,560,681,1241,0.0,-0.0008333472224535399,0.5685737308622143,-8.058017727637922e-05
99205,17.328622143702397,0.5688960515713135,560,681,1241,0.0,-0.0008333472224535399,0.5685737308622144,0.0
99206,17.327788796479943,0.5688960515713135,560,681,1241,0.0,-0.0008333472224535399,0.5686543110394908,8.058017727639034e-05
99207,17.32695544925749,0.5688960515713135,560,681,1241,0.0,-0.0008333472224535399,0.5687348912167671,8.058017727639034e-05
99208,17.32612210203503,0.5688960515713135,560,681,1241,0.0,-0.0008333472224606453,0.5688154713940434,8.058017727639034e-05
99209,17.325288754812576,0.5688960515713135,560,681,1241,0.0,-0.0008333472224535399,0.5688960515713198,8.058017727639034e-05
99210,17.324455407590122,0.5688960515713135,560,681,1241,0.0,-0.0008333472224535399,0.5688960515713198,0.0
99211,17.32362206036767,0.5688960515713135,560,681,1241,0.0,-0.0008333472224535399,0.5688960515713198,0.0
99212,17.322788713145215,0.5688960515713135,560,681,1241,0.0,-0.0008333472224535399,0.5688960515713198,0.0
99213,17.32195536592276,0.5688960515713135,560,681,1241,0.0,-0.0008333472224535399,0.5688960515713198,0.0
99214,17.321122018700308,0.5688960515713135,560,681,1241,0.0,-0.0008333472224535399,0.5688960515713198,0.0
99215,17.320288671477854,0.5680902497985496,560,681,1241,-0.0008058017727639033,-0.0008333472224535399,0.5688154713940434,-8.058017727639034e-05
99216,17.3194553242554,0.5680902497985496,560,681,1241,0.0,-0.0008333472224535399,0.5687348912167671,-8.058017727639034e-05
99217,17.318621977032947,0.5680902497985496,560,681,1241,0.0,-0.0008333472224535399,0.5686543110394908,-8.058017727639034e-05
99218,17.317788629810494,0.5680902497985496,560,681,1241,0.0,-0.0008333472224535399,0.5685737308622144,-8.058017727639034e-05
99219,17.31695528258804,0.5688960515713135,560,681,1241,0.0008058017727639033,-0.0008333472224535399,0.5685737308622144,0.0
99220,17.316121935365587,0.5688960515713135,560,681,1241,0.0,-0.0008333472224535399,0.5685737308622144,0.0
99221,17.315288588143133,0.5697018533440773,560,681,1241,0.0008058017727637923,-0.0008333472224535399,0.5686543110394908,8.058017727637922e-05
99222,17.31445524092068,0.5705076551168412,560,681,1241,0.0008058017727639033,-0.0008333472224535399,0.5688154713940434,0.00016116035455276956
99223,17.313621893698226,0.5705076551168412,560,681,1241,0.0,-0.0008333472224535399,0.5689766317485961,0.00016116035455276956
99224,17.312788546475772,0.5705076551168412,560,681,1241,0.0,-0.0008333472224535399,0.5691377921031489,0.00016116035455276956
99225,17.31195519925332,0.5697018533440773,560,681,1241,-0.0008058017727639033,-0.0008333472224535399,0.5692989524577017,0.00016116035455276956
99226,17.311121852030865,0.5688960515713135,560,681,1241,-0.0008058017727637923,-0.0008333472224535399,0.5693795326349781,8.058017727639034e-05
99227,17.310288504808412,0.5688960515713135,560,681,1241,0.0,-0.0008333472224535399,0.5694601128122544,8.058017727639034e-05
99228,17.30945515758596,0.5688960515713135,560,681,1241,0.0,-0.0008333472224535399,0.5695406929895308,8.058017727639034e-05
99229,17.308621810363505,0.5688960515713135,560,681,1241,0.0,-0.0008333472224535399,0.5695406929895308,0.0
99230,17.30778846314105,0.5697018533440773,560,681,1241,0.0008058017727637923,-0.0008333472224535399,0.5696212731668071,8.058017727637922e-05
99231,17.306955115918598,0.5697018533440773,560,681,1241,0.0,-0.0008333472224535399,0.5696212731668071,0.0
99232,17.306121768696144,0.5697018533440773,560,681,1241,0.0,-0.0008333472224535399,0.5695406929895308,-8.058017727639034e-05
99233,17.30528842147369,0.5697018533440773,560,681,1241,0.0,-0.0008333472224535399,0.5694601128122544,-8.058017727639034e-05
99234,17.304455074251237,0.5688960515713135,560,681,1241,-0.0008058017727637923,-0.0008333472224535399,0.5692989524577017,-0.00016116035455276956
99235,17.303621727028784,0.5688960515713135,560,681,1241,0.0,-0.0008333472224535399,0.5692183722804253,-8.058017727637922e-05
99236,17.30278837980633,0.5697018533440773,560,681,1241,0.0008058017727637923,-0.0008333472224535399,0.5692989524577017,8.058017727637922e-05
99237,17.301955032583876,0.5697018533440773,560,681,1241,0.0,-0.0008333472224535399,0.5693795326349781,8.058017727637922e-05
99238,17.301121685361423,0.5688960515713135,560,681,1241,-0.0008058017727637923,-0.0008333472224535399,0.5693795326349781,0.0
99239,17.30028833813897,0.5688960515713135,560,681,1241,0.0,-0.0008333472224535399,0.5693795326349781,0.0
99240,17.299454990916516,0.5680902497985496,560,681,1241,-0.0008058017727639033,-0.0008333472224535399,0.5692183722804253,-0.00016116035455276956
99241,17.298621643694062,0.5688960515713135,560,681,1241,0.0008058017727639033,-0.0008333472224535399,0.569137792103149,-8.058017727637922e-05
99242,17.29778829647161,0.5688960515713135,560,681,1241,0.0,-0.0008333472224535399,0.5690572119258726,-8.058017727637922e-05
99243,17.296954949249155,0.5688960515713135,560,681,1241,0.0,-0.0008333472224535399,0.5689766317485963,-8.058017727637922e-05
99244,17.2961216020267,0.5688960515713135,560,681,1241,0.0,-0.0008333472224535399,0.5689766317485964,0.0
99245,17.295288254804248,0.5688960515713135,560,681,1241,0.0,-0.0008333472224535399,0.5689766317485964,0.0
99246,17.294454907581795,0.5688960515713135,560,681,1241,0.0,-0.0008333472224535399,0.56889605157132,-8.058017727637922e-05
99247,17.29362156035934,0.5688960515713135,560,681,1241,0.0,-0.0008333472224535399,0.5688154713940435,-8.058017727637922e-05
99248,17.292788213136888,0.5680902497985496,560,681,1241,-0.0008058017727639033,-0.0008333472224535399,0.5687348912167671,-8.058017727639034e-05
99249,17.291954865914434,0.5680902497985496,560,681,1241,0.0,-0.0008333472224535399,0.5686543110394908,-8.058017727639034e-05
99250,17.291121518691973,0.5680902497985496,560,681,1241,0.0,-0.0008333472224606453,0.5686543110394908,0.0
99251,17.29028817146952,0.5688960515713135,560,681,1241,0.0008058017727639033,-0.0008333472224535399,0.5686543110394908,0.0
99252,17.289454824247066,0.5688960515713135,560,681,1241,0.0,-0.0008333472224535399,0.5686543110394908,0.0
99253,17.288621477024613,0.5688960515713135,560,681,1241,0.0,-0.0008333472224535399,0.5686543110394908,0.0
99254,17.28778812980216,0.5688960515713135,560,681,1241,0.0,-0.0008333472224535399,0.5686543110394908,0.0
99255,17.286954782579706,0.5688960515713135,560,681,1241,0.0,-0.0008333472224535399,0.5686543110394908,0.0
99256,17.286121435357252,0.5688960515713135,560,681,1241,0.0,-0.0008333472224535399,0.5686543110394908,0.0
99257,17.2852880881348,0.5688960515713135,560,681,1241,0.0,-0.0008333472224535399,0.5686543110394908,0.0
99258,17.284454740912345,0.5688960515713135,560,681,1241,0.0,-0.0008333472224535399,0.5687348912167671,8.058017727639034e-05
99259,17.28362139368989,0.5680902497985496,560,681,1241,-0.0008058017727639033,-0.0008333472224535399,0.5687348912167671,0.0
99260,17.282788046467438,0.5680902497985496,560,681,1241,0.0,-0.0008333472224535399,0.5687348912167671,0.0
99261,17.281954699244984,0.5680902497985496,560,681,1241,0.0,-0.0008333472224535399,0.5686543110394908,-8.058017727639034e-05
99262,17.28112135202253,0.5680902497985496,560,681,1241,0.0,-0.0008333472224535399,0.5685737308622144,-8.058017727639034e-05
99263,17.280288004800077,0.5680902497985496,560,681,1241,0.0,-0.0008333472224535399,0.5684931506849381,-8.058017727639034e-05
99264,17.279454657577624,0.5688960515713135,560,681,1241,0.0008058017727639033,-0.0008333472224535399,0.5684931506849381,0.0
99265,17.27862131035517,0.5688960515713135,560,681,1241,0.0,-0.0008333472224535399,0.5684931506849381,0.0
99266,17.277787963132717,0.5688960515713135,560,681,1241,0.0,-0.0008333472224535399,0.5684931506849381,0.0
99267,17.276954615910263,0.5688960515713135,560,681,1241,0.0,-0.0008333472224535399,0.5684931506849381,0.0
99268,17.27612126868781,0.5688960515713135,560,681,1241,0.0,-0.0008333472224535399,0.5684931506849381,0.0
99269,17.275287921465356,0.5688960515713135,560,681,1241,0.0,-0.0008333472224535399,0.5685737308622144,8.058017727639034e-05
99270,17.274454574242903,0.5688960515713135,560,681,1241,0.0,-0.0008333472224535399,0.5686543110394908,8.058017727639034e-05
99271,17.27362122702045,0.5688960515713135,560,681,1241,0.0,-0.0008333472224535399,0.5687348912167671,8.058017727639034e-05
99272,17.272787879797995,0.5680902497985496,560,681,1241,-0.0008058017727639033,-0.0008333472224535399,0.5687348912167671,0.0
99273,17.271954532575542,0.5680902497985496,560,681,1241,0.0,-0.0008333472224535399,0.5687348912167671,0.0
99274,17.27112118535309,0.5672844480257857,560,681,1241,-0.0008058017727639033,-0.0008333472224535399,0.5685737308622144,-0.00016116035455278067
99275,17.270287838130635,0.5680902497985496,560,681,1241,0.0008058017727639033,-0.0008333472224535399,0.5684931506849381,-8.058017727639034e-05
99276,17.26945449090818,0.5680902497985496,560,681,1241,0.0,-0.0008333472224535399,0.5684125705076617,-8.058017727639034e-05
99277,17.268621143685728,0.5680902497985496,560,681,1241,0.0,-0.0008333472224535399,0.5683319903303854,-8.058017727639034e-05
99278,17.267787796463274,0.5664786462530218,560,681,1241,-0.0016116035455278066,-0.0008333472224535399,0.5680902497985562,-0.00024174053182917098
99279,17.26695444924082,0.5664786462530218,560,681,1241,0.0,-0.0008333472224535399,0.5678485092667269,-0.00024174053182917098
99280,17.266121102018367,0.5664786462530218,560,681,1241,0.0,-0.0008333472224535399,0.5676067687348978,-0.00024174053182917098
99281,17.265287754795914,0.5664786462530218,560,681,1241,0.0,-0.0008333472224535399,0.5673650282030686,-0.00024174053182917098
99282,17.26445440757346,0.5664786462530218,560,681,1241,0.0,-0.0008333472224535399,0.5672038678485157,-0.00016116035455278067
99283,17.263621060351007,0.5672844480257857,560,681,1241,0.0008058017727639033,-0.0008333472224535399,0.5671232876712393,-8.058017727639034e-05
99284,17.262787713128553,0.5672844480257857,560,681,1241,0.0,-0.0008333472224535399,0.5671232876712393,0.0
99285,17.2619543659061,0.5680902497985496,560,681,1241,0.0008058017727639033,-0.0008333472224535399,0.5671232876712393,0.0
99286,17.261121018683646,0.5680902497985496,560,681,1241,0.0,-0.0008333472224535399,0.5671232876712393,0.0
99287,17.260287671461192,0.5680902497985496,560,681,1241,0.0,-0.0008333472224535399,0.5671232876712393,0.0
99288,17.25945432423874,0.5680902497985496,560,681,1241,0.0,-0.0008333472224535399,0.5672844480257921,0.00016116035455278067
99289,17.258620977016285,0.5680902497985496,560,681,1241,0.0,-0.0008333472224535399,0.5674456083803449,0.00016116035455278067
99290,17.25778762979383,0.5680902497985496,560,681,1241,0.0,-0.0008333472224535399,0.5676067687348977,0.00016116035455278067
99291,17.256954282571378,0.5680902497985496,560,681,1241,0.0,-0.0008333472224535399,0.5677679290894504,0.00016116035455278067
99292,17.256120935348918,0.5680902497985496,560,681,1241,0.0,-0.0008333472224606453,0.5679290894440032,0.00016116035455278067
99293,17.255287588126464,0.5680902497985496,560,681,1241,0.0,-0.0008333472224535399,0.5680096696212796,8.058017727639034e-05
99294,17.25445424090401,0.5680902497985496,560,681,1241,0.0,-0.0008333472224535399,0.568090249798556,8.058017727639034e-05
99295,17.253620893681557,0.5672844480257857,560,681,1241,-0.0008058017727639033,-0.0008333472224535399,0.5680096696212796,-8.058017727639034e-05
99296,17.252787546459103,0.5672844480257857,560,681,1241,0.0,-0.0008333472224535399,0.5679290894440033,-8.058017727639034e-05
99297,17.25195419923665,0.5672844480257857,560,681,1241,0.0,-0.0008333472224535399,0.5678485092667269,-8.058017727639034e-05
99298,17.251120852014196,0.5680902497985496,560,681,1241,0.0008058017727639033,-0.0008333472224535399,0.5678485092667269,0.0
99299,17.250287504791743,0.5672844480257857,560,681,1241,-0.0008058017727639033,-0.0008333472224535399,0.5677679290894506,-8.058017727639034e-05
99300,17.24945415756929,0.5672844480257857,560,681,1241,0.0,-0.0008333472224535399,0.5676873489121743,-8.058017727639034e-05
99301,17.248620810346836,0.5672844480257857,560,681,1241,0.0,-0.0008333472224535399,0.5676067687348979,-8.058017727639034e-05
99302,17.247787463124382,0.5672844480257857,560,681,1241,0.0,-0.0008333472224535399,0.5675261885576216,-8.058017727639034e-05
99303,17.24695411590193,0.5672844480257857,560,681,1241,0.0,-0.0008333472224535399,0.5674456083803452,-8.058017727639034e-05
99304,17.246120768679475,0.5672844480257857,560,681,1241,0.0,-0.0008333472224535399,0.5673650282030689,-8.058017727639034e-05
99305,17.24528742145702,0.5672844480257857,560,681,1241,0.0,-0.0008333472224535399,0.5673650282030689,0.0
99306,17.244454074234568,0.5672844480257857,560,681,1241,0.0,-0.0008333472224535399,0.5673650282030689,0.0
99307,17.243620727012114,0.5672844480257857,560,681,1241,0.0,-0.0008333472224535399,0.5673650282030689,0.0
99308,17.24278737978966,0.5664786462530218,560,681,1241,-0.0008058017727639033,-0.0008333472224535399,0.5672038678485161,-0.00016116035455278067
99309,17.241954032567207,0.5664786462530218,560,681,1241,0.0,-0.0008333472224535399,0.5671232876712397,-8.058017727639034e-05
99310,17.241120685344754,0.5664786462530218,560,681,1241,0.0,-0.0008333472224535399,0.5670427074939633,-8.058017727639034e-05
99311,17.2402873381223,0.5664786462530218,560,681,1241,0.0,-0.0008333472224535399,0.5669621273166869,-8.058017727639034e-05
99312,17.239453990899847,0.5664786462530218,560,681,1241,0.0,-0.0008333472224535399,0.5668815471394106,-8.058017727639034e-05
99313,17.238620643677393,0.5664786462530218,560,681,1241,0.0,-0.0008333472224535399,0.5668009669621343,-8.058017727639034e-05
99314,17.23778729645494,0.5664786462530218,560,681,1241,0.0,-0.0008333472224535399,0.5667203867848579,-8.058017727639034e-05
99315,17.236953949232486,0.5664786462530218,560,681,1241,0.0,-0.0008333472224535399,0.5666398066075816,-8.058017727639034e-05
99316,17.236120602010033,0.5672844480257857,560,681,1241,0.0008058017727639033,-0.0008333472224535399,0.5666398066075816,0.0
99317,17.23528725478758,0.5672844480257857,560,681,1241,0.0,-0.0008333472224535399,0.5666398066075816,0.0
99318,17.234453907565126,0.5664786462530218,560,681,1241,-0.0008058017727639033,-0.0008333472224535399,0.5666398066075816,0.0
99319,17.233620560342672,0.5664786462530218,560,681,1241,0.0,-0.0008333472224535399,0.5666398066075816,0.0
99320,17.23278721312022,0.5664786462530218,560,681,1241,0.0,-0.0008333472224535399,0.5666398066075816,0.0
99321,17.231953865897765,0.5664786462530218,560,681,1241,0.0,-0.0008333472224535399,0.5666398066075816,0.0
99322,17.23112051867531,0.5664786462530218,560,681,1241,0.0,-0.0008333472224535399,0.5666398066075816,0.0
99323,17.230287171452858,0.5664786462530218,560,681,1241,0.0,-0.0008333472224535399,0.5666398066075816,0.0
99324,17.229453824230404,0.5664786462530218,560,681,1241,0.0,-0.0008333472224535399,0.5666398066075816,0.0
99325,17.22862047700795,0.5664786462530218,560,681,1241,0.0,-0.0008333472224535399,0.5666398066075816,0.0
99326,17.227787129785497,0.5664786462530218,560,681,1241,0.0,-0.0008333472224535399,0.5665592264303052,-8.058017727639034e-05
99327,17.226953782563044,0.5656728444802579,560,681,1241,-0.0008058017727639033,-0.0008333472224535399,0.5663980660757524,-0.00016116035455278067
99328,17.22612043534059,0.5656728444802579,560,681,1241,0.0,-0.0008333472224535399,0.566317485898476,-8.058017727639034e-05
99329,17.225287088118137,0.5656728444802579,560,681,1241,0.0,-0.0008333472224535399,0.5662369057211996,-8.058017727639034e-05
99330,17.224453740895683,0.5664786462530218,560,681,1241,0.0008058017727639033,-0.0008333472224535399,0.5662369057211996,0.0
99331,17.22362039367323,0.5664786462530218,560,681,1241,0.0,-0.0008333472224535399,0.5662369057211996,0.0
99332,17.222787046450776,0.5664786462530218,560,681,1241,0.0,-0.0008333472224535399,0.5662369057211996,0.0
99333,17.221953699228322,0.5672844480257857,560,681,1241,0.0008058017727639033,-0.0008333472224535399,0.566317485898476,8.058017727639034e-05
99334,17.22112035200587,0.5672844480257857,560,681,1241,0.0,-0.0008333472224535399,0.5663980660757523,8.058017727639034e-05
99335,17.22028700478341,0.5680902497985496,560,681,1241,0.0008058017727639033,-0.0008333472224606453,0.5665592264303051,0.00016116035455278067
99336,17.219453657560955,0.5680902497985496,560,681,1241,0.0,-0.0008333472224535399,0.5667203867848578,0.00016116035455278067
99337,17.2186203103385,0.5680902497985496,560,681,1241,0.0,-0.0008333472224535399,0.5669621273166869,0.00024174053182917098
99338,17.217786963116048,0.5680902497985496,560,681,1241,0.0,-0.0008333472224535399,0.5672038678485162,0.00024174053182917098
99339,17.216953615893594,0.5680902497985496,560,681,1241,0.0,-0.0008333472224535399,0.5674456083803454,0.00024174053182917098
99340,17.21612026867114,0.5680902497985496,560,681,1241,0.0,-0.0008333472224535399,0.5676067687348982,0.00016116035455278067
99341,17.215286921448687,0.5680902497985496,560,681,1241,0.0,-0.0008333472224535399,0.567767929089451,0.00016116035455278067
99342,17.214453574226233,0.5680902497985496,560,681,1241,0.0,-0.0008333472224535399,0.5679290894440038,0.00016116035455278067
99343,17.21362022700378,0.5680902497985496,560,681,1241,0.0,-0.0008333472224535399,0.5680096696212802,8.058017727639034e-05
99344,17.212786879781326,0.5680902497985496,560,681,1241,0.0,-0.0008333472224535399,0.5680902497985565,8.058017727639034e-05
99345,17.211953532558873,0.5680902497985496,560,681,1241,0.0,-0.0008333472224535399,0.5680902497985565,0.0
99346,17.21112018533642,0.5680902497985496,560,681,1241,0.0,-0.0008333472224535399,0.5680902497985565,0.0
99347,17.210286838113966,0.5680902497985496,560,681,1241,0.0,-0.0008333472224535399,0.5680902497985565,0.0
99348,17.209453490891512,0.5680902497985496,560,681,1241,0.0,-0.0008333472224535399,0.5680902497985565,0.0
99349,17.20862014366906,0.5688960515713135,560,681,1241,0.0008058017727639033,-0.0008333472224535399,0.5681708299758329,8.058017727639034e-05
99350,17.207786796446605,0.5688960515713135,560,681,1241,0.0,-0.0008333472224535399,0.5682514101531092,8.058017727639034e-05
99351,17.20695344922415,0.5688960515713135,560,681,1241,0.0,-0.0008333472224535399,0.5683319903303856,8.058017727639034e-05
99352,17.206120102001698,0.5688960515713135,560,681,1241,0.0,-0.0008333472224535399,0.5684125705076619,8.058017727639034e-05
99353,17.205286754779245,0.5688960515713135,560,681,1241,0.0,-0.0008333472224535399,0.5684931506849382,8.058017727639034e-05
99354,17.20445340755679,0.5680902497985496,560,681,1241,-0.0008058017727639033,-0.0008333472224535399,0.5684931506849382,0.0
99355,17.203620060334337,0.5680902497985496,560,681,1241,0.0,-0.0008333472224535399,0.5684931506849382,0.0
99356,17.202786713111884,0.5688960515713135,560,681,1241,0.0008058017727639033,-0.0008333472224535399,0.5685737308622146,8.058017727639034e-05
99357,17.20195336588943,0.5688960515713135,560,681,1241,0.0,-0.0008333472224535399,0.5686543110394909,8.058017727639034e-05
99358,17.201120018666977,0.5697018533440773,560,681,1241,0.0008058017727637923,-0.0008333472224535399,0.5688154713940438,0.00016116035455276956
99359,17.200286671444523,0.5697018533440773,560,681,1241,0.0,-0.0008333472224535399,0.5688960515713202,8.058017727637922e-05
99360,17.19945332422207,0.5697018533440773,560,681,1241,0.0,-0.0008333472224535399,0.5689766317485965,8.058017727637922e-05
99361,17.198619976999616,0.5697018533440773,560,681,1241,0.0,-0.0008333472224535399,0.5690572119258729,8.058017727637922e-05
99362,17.197786629777163,0.5697018533440773,560,681,1241,0.0,-0.0008333472224535399,0.5691377921031492,8.058017727637922e-05
99363,17.19695328255471,0.5697018533440773,560,681,1241,0.0,-0.0008333472224535399,0.5692183722804256,8.058017727637922e-05
99364,17.196119935332256,0.5697018533440773,560,681,1241,0.0,-0.0008333472224535399,0.5693795326349783,0.00016116035455276956
99365,17.195286588109802,0.5697018533440773,560,681,1241,0.0,-0.0008333472224535399,0.5695406929895311,0.00016116035455276956
99366,17.19445324088735,0.5688960515713135,560,681,1241,-0.0008058017727637923,-0.0008333472224535399,0.5695406929895311,0.0
99367,17.193619893664895,0.5697018533440773,560,681,1241,0.0008058017727637923,-0.0008333472224535399,0.5696212731668074,8.058017727637922e-05
99368,17.19278654644244,0.5697018533440773,560,681,1241,0.0,-0.0008333472224535399,0.5696212731668074,0.0
99369,17.191953199219988,0.5697018533440773,560,681,1241,0.0,-0.0008333472224535399,0.5696212731668074,0.0
99370,17.191119851997534,0.5697018533440773,560,681,1241,0.0,-0.0008333472224535399,0.5696212731668074,0.0
99371,17.19028650477508,0.5697018533440773,560,681,1241,0.0,-0.0008333472224535399,0.5696212731668074,0.0
99372,17.189453157552627,0.5697018533440773,560,681,1241,0.0,-0.0008333472224535399,0.5696212731668074,0.0
99373,17.188619810330174,0.5697018533440773,560,681,1241,0.0,-0.0008333472224535399,0.5696212731668074,0.0
99374,17.18778646310772,0.5697018533440773,560,681,1241,0.0,-0.0008333472224535399,0.5696212731668074,0.0
99375,17.186953115885267,0.5697018533440773,560,681,1241,0.0,-0.0008333472224535399,0.5696212731668074,0.0
99376,17.186119768662813,0.5697018533440773,560,681,1241,0.0,-0.0008333472224535399,0.5697018533440839,8.058017727637922e-05
99377,17.185286421440352,0.5697018533440773,560,681,1241,0.0,-0.0008333472224606453,0.5697018533440839,0.0
99378,17.1844530742179,0.5697018533440773,560,681,1241,0.0,-0.0008333472224535399,0.5697018533440839,0.0
99379,17.183619726995445,0.5697018533440773,560,681,1241,0.0,-0.0008333472224535399,0.5697018533440839,0.0
99380,17.182786379772992,0.5697018533440773,560,681,1241,0.0,-0.0008333472224535399,0.5697018533440839,0.0
99381,17.18195303255054,0.5705076551168412,560,681,1241,0.0008058017727639033,-0.0008333472224535399,0.5697824335213602,8.058017727639034e-05
99382,17.181119685328085,0.5705076551168412,560,681,1241,0.0,-0.0008333472224535399,0.5698630136986365,8.058017727639034e-05
99383,17.18028633810563,0.5705076551168412,560,681,1241,0.0,-0.0008333472224535399,0.5699435938759129,8.058017727639034e-05
99384,17.179452990883178,0.5705076551168412,560,681,1241,0.0,-0.0008333472224535399,0.5700241740531892,8.058017727639034e-05
99385,17.178619643660724,0.5705076551168412,560,681,1241,0.0,-0.0008333472224535399,0.5701047542304656,8.058017727639034e-05
99386,17.17778629643827,0.5697018533440773,560,681,1241,-0.0008058017727639033,-0.0008333472224535399,0.5701047542304656,0.0
99387,17.176952949215817,0.5697018533440773,560,681,1241,0.0,-0.0008333472224535399,0.5701047542304656,0.0
99388,17.176119601993364,0.5705076551168412,560,681,1241,0.0008058017727639033,-0.0008333472224535399,0.5701853344077419,8.058017727639034e-05
99389,17.17528625477091,0.5713134568896051,560,681,1241,0.0008058017727639033,-0.0008333472224535399,0.5703464947622947,0.00016116035455278067
99390,17.174452907548456,0.5713134568896051,560,681,1241,0.0,-0.0008333472224535399,0.5705076551168474,0.00016116035455278067
99391,17.173619560326003,0.5713134568896051,560,681,1241,0.0,-0.0008333472224535399,0.5705882352941238,8.058017727639034e-05
99392,17.17278621310355,0.5705076551168412,560,681,1241,-0.0008058017727639033,-0.0008333472224535399,0.5705882352941238,0.0
99393,17.171952865881096,0.5705076551168412,560,681,1241,0.0,-0.0008333472224535399,0.5705882352941238,0.0
99394,17.171119518658642,0.5713134568896051,560,681,1241,0.0008058017727639033,-0.0008333472224535399,0.5706688154714004,8.058017727639034e-05
99395,17.17028617143619,0.5713134568896051,560,681,1241,0.0,-0.0008333472224535399,0.5707493956486768,8.058017727639034e-05
99396,17.169452824213735,0.5713134568896051,560,681,1241,0.0,-0.0008333472224535399,0.5709105560032295,0.00016116035455278067
99397,17.16861947699128,0.5713134568896051,560,681,1241,0.0,-0.0008333472224535399,0.5710717163577823,0.00016116035455278067
99398,17.167786129768828,0.5713134568896051,560,681,1241,0.0,-0.0008333472224535399,0.5711522965350587,8.058017727639034e-05
99399,17.166952782546375,0.5713134568896051,560,681,1241,0.0,-0.0008333472224535399,0.5711522965350587,0.0
99400,17.16611943532392,0.5713134568896051,560,681,1241,0.0,-0.0008333472224535399,0.5711522965350587,0.0
99401,17.165286088101467,0.5713134568896051,560,681,1241,0.0,-0.0008333472224535399,0.5711522965350587,0.0
99402,17.164452740879014,0.5713134568896051,560,681,1241,0.0,-0.0008333472224535399,0.5712328767123351,8.058017727639034e-05
99403,17.16361939365656,0.5713134568896051,560,681,1241,0.0,-0.0008333472224535399,0.5713134568896117,8.058017727639034e-05
99404,17.162786046434107,0.5713134568896051,560,681,1241,0.0,-0.0008333472224535399,0.5713134568896117,0.0
99405,17.161952699211653,0.572119258662369,560,681,1241,0.0008058017727639033,-0.0008333472224535399,0.571394037066888,8.058017727639034e-05
99406,17.1611193519892,0.572119258662369,560,681,1241,0.0,-0.0008333472224535399,0.5714746172441643,8.058017727639034e-05
99407,17.160286004766746,0.572119258662369,560,681,1241,0.0,-0.0008333472224535399,0.5715551974214407,8.058017727639034e-05
99408,17.159452657544293,0.5713134568896051,560,681,1241,-0.0008058017727639033,-0.0008333472224535399,0.5715551974214407,0.0
99409,17.15861931032184,0.5713134568896051,560,681,1241,0.0,-0.0008333472224535399,0.5715551974214407,0.0
99410,17.157785963099386,0.5713134568896051,560,681,1241,0.0,-0.0008333472224535399,0.5715551974214407,0.0
99411,17.156952615876932,0.5713134568896051,560,681,1241,0.0,-0.0008333472224535399,0.5715551974214407,0.0
99412,17.15611926865448,0.5713134568896051,560,681,1241,0.0,-0.0008333472224535399,0.5715551974214407,0.0
99413,17.155285921432025,0.5713134568896051,560,681,1241,0.0,-0.0008333472224535399,0.5715551974214407,0.0
99414,17.15445257420957,0.5713134568896051,560,681,1241,0.0,-0.0008333472224535399,0.5715551974214407,0.0
99415,17.153619226987118,0.5713134568896051,560,681,1241,0.0,-0.0008333472224535399,0.5714746172441643,-8.058017727639034e-05
99416,17.152785879764664,0.572119258662369,560,681,1241,0.0008058017727639033,-0.0008333472224535399,0.5714746172441643,0.0
99417,17.15195253254221,0.572119258662369,560,681,1241,0.0,-0.0008333472224535399,0.5714746172441643,0.0
99418,17.151119185319757,0.572119258662369,560,681,1241,0.0,-0.0008333472224535399,0.5715551974214407,8.058017727639034e-05
99419,17.150285838097304,0.572119258662369,560,681,1241,0.0,-0.0008333472224535399,0.571635777598717,8.058017727639034e-05
99420,17.149452490874843,0.5713134568896051,560,681,1241,-0.0008058017727639033,-0.0008333472224606453,0.571635777598717,0.0
99421,17.14861914365239,0.5705076551168412,560,681,1241,-0.0008058017727639033,-0.0008333472224535399,0.5715551974214406,-8.058017727639034e-05
99422,17.147785796429936,0.5705076551168412,560,681,1241,0.0,-0.0008333472224535399,0.5714746172441642,-8.058017727639034e-05
99423,17.146952449207483,0.5713134568896051,560,681,1241,0.0008058017727639033,-0.0008333472224535399,0.5714746172441642,0.0
99424,17.14611910198503,0.5713134568896051,560,681,1241,0.0,-0.0008333472224535399,0.5714746172441642,0.0
99425,17.145285754762575,0.5713134568896051,560,681,1241,0.0,-0.0008333472224535399,0.5714746172441642,0.0
99426,17.144452407540122,0.5713134568896051,560,681,1241,0.0,-0.0008333472224535399,0.5713940370668877,-8.058017727639034e-05
99427,17.14361906031767,0.572119258662369,560,681,1241,0.0008058017727639033,-0.0008333472224535399,0.5713940370668877,0.0
99428,17.142785713095215,0.572119258662369,560,681,1241,0.0,-0.0008333472224535399,0.5713940370668877,0.0
99429,17.14195236587276,0.5713134568896051,560,681,1241,-0.0008058017727639033,-0.0008333472224535399,0.5713134568896114,-8.058017727639034e-05
99430,17.141119018650308,0.5713134568896051,560,681,1241,0.0,-0.0008333472224535399,0.5713134568896114,0.0
99431,17.140285671427854,0.5705076551168412,560,681,1241,-0.0008058017727639033,-0.0008333472224535399,0.5713134568896114,0.0
99432,17.1394523242054,0.5697018533440773,560,681,1241,-0.0008058017727639033,-0.0008333472224535399,0.5712328767123351,-8.058017727639034e-05
99433,17.138618976982947,0.5705076551168412,560,681,1241,0.0008058017727639033,-0.0008333472224535399,0.5711522965350586,-8.058017727639034e-05
99434,17.137785629760494,0.5697018533440773,560,681,1241,-0.0008058017727639033,-0.0008333472224535399,0.5709911361805059,-0.00016116035455278067
99435,17.13695228253804,0.5705076551168412,560,681,1241,0.0008058017727639033,-0.0008333472224535399,0.5709105560032295,-8.058017727639034e-05
99436,17.136118935315586,0.5705076551168412,560,681,1241,0.0,-0.0008333472224535399,0.570829975825953,-8.058017727639034e-05
99437,17.135285588093133,0.5705076551168412,560,681,1241,0.0,-0.0008333472224535399,0.5706688154714002,-0.00016116035455278067
99438,17.13445224087068,0.5688960515713135,560,681,1241,-0.0016116035455276956,-0.0008333472224535399,0.5703464947622947,-0.00032232070910555023
99439,17.133618893648226,0.5688960515713135,560,681,1241,0.0,-0.0008333472224535399,0.5701047542304656,-0.0002417405318291599
99440,17.132785546425772,0.5688960515713135,560,681,1241,0.0,-0.0008333472224535399,0.5698630136986363,-0.0002417405318291599
99441,17.13195219920332,0.5680902497985496,560,681,1241,-0.0008058017727639033,-0.0008333472224535399,0.5696212731668072,-0.0002417405318291599
99442,17.131118851980865,0.5680902497985496,560,681,1241,0.0,-0.0008333472224535399,0.5694601128122544,-0.00016116035455276956
99443,17.13028550475841,0.5680902497985496,560,681,1241,0.0,-0.0008333472224535399,0.5692183722804253,-0.0002417405318291599
99444,17.129452157535958,0.5672844480257857,560,681,1241,-0.0008058017727639033,-0.0008333472224535399,0.568976631748596,-0.0002417405318291599
99445,17.128618810313505,0.5672844480257857,560,681,1241,0.0,-0.0008333472224535399,0.5686543110394905,-0.00032232070910555023
99446,17.12778546309105,0.5672844480257857,560,681,1241,0.0,-0.0008333472224535399,0.568331990330385,-0.00032232070910555023
99447,17.126952115868598,0.5672844480257857,560,681,1241,0.0,-0.0008333472224535399,0.5680096696212794,-0.00032232070910555023
99448,17.126118768646144,0.5672844480257857,560,681,1241,0.0,-0.0008333472224535399,0.5678485092667266,-0.00016116035455278067
99449,17.12528542142369,0.5672844480257857,560,681,1241,0.0,-0.0008333472224535399,0.5676873489121739,-0.00016116035455278067
99450,17.124452074201237,0.5664786462530218,560,681,1241,-0.0008058017727639033,-0.0008333472224535399,0.5674456083803447,-0.00024174053182917098
99451,17.123618726978783,0.5664786462530218,560,681,1241,0.0,-0.0008333472224535399,0.5672844480257919,-0.00016116035455278067
99452,17.12278537975633,0.5664786462530218,560,681,1241,0.0,-0.0008333472224535399,0.5671232876712391,-0.00016116035455278067
99453,17.121952032533876,0.5664786462530218,560,681,1241,0.0,-0.0008333472224535399,0.5669621273166864,-0.00016116035455278067
99454,17.121118685311423,0.5664786462530218,560,681,1241,0.0,-0.0008333472224535399,0.56688154713941,-8.058017727639034e-05
99455,17.12028533808897,0.5656728444802579,560,681,1241,-0.0008058017727639033,-0.0008333472224535399,0.566720386784857,-0.00016116035455278067
99456,17.119451990866516,0.5656728444802579,560,681,1241,0.0,-0.0008333472224535399,0.5665592264303042,-0.00016116035455278067
99457,17.118618643644062,0.5656728444802579,560,681,1241,0.0,-0.0008333472224535399,0.5663980660757513,-0.00016116035455278067
99458,17.11778529642161,0.5656728444802579,560,681,1241,0.0,-0.0008333472224535399,0.5662369057211984,-0.00016116035455278067
99459,17.116951949199155,0.5656728444802579,560,681,1241,0.0,-0.0008333472224535399,0.5660757453666456,-0.00016116035455278067
99460,17.1161186019767,0.564867042707494,560,681,1241,-0.0008058017727639033,-0.0008333472224535399,0.5659145850120928,-0.00016116035455278067
99461,17.115285254754248,0.564867042707494,560,681,1241,0.0,-0.0008333472224535399,0.56575342465754,-0.00016116035455278067
99462,17.114451907531787,0.564867042707494,560,681,1241,0.0,-0.0008333472224606453,0.5655922643029873,-0.00016116035455278067
99463,17.113618560309334,0.564867042707494,560,681,1241,0.0,-0.0008333472224535399,0.5654311039484344,-0.00016116035455278067
99464,17.11278521308688,0.5656728444802579,560,681,1241,0.0008058017727639033,-0.0008333472224535399,0.565350523771158,-8.058017727639034e-05
99465,17.111951865864427,0.5664786462530218,560,681,1241,0.0008058017727639033,-0.0008333472224535399,0.5654311039484344,8.058017727639034e-05
99466,17.111118518641973,0.5664786462530218,560,681,1241,0.0,-0.0008333472224535399,0.5655116841257108,8.058017727639034e-05
99467,17.11028517141952,0.5664786462530218,560,681,1241,0.0,-0.0008333472224535399,0.5655922643029871,8.058017727639034e-05
99468,17.109451824197066,0.5656728444802579,560,681,1241,-0.0008058017727639033,-0.0008333472224535399,0.5655922643029871,0.0
99469,17.108618476974613,0.5656728444802579,560,681,1241,0.0,-0.0008333472224535399,0.5655922643029871,0.0
99470,17.10778512975216,0.5656728444802579,560,681,1241,0.0,-0.0008333472224535399,0.5656728444802634,8.058017727639034e-05
99471,17.106951782529705,0.5656728444802579,560,681,1241,0.0,-0.0008333472224535399,0.5657534246575399,8.058017727639034e-05
99472,17.106118435307252,0.5656728444802579,560,681,1241,0.0,-0.0008333472224535399,0.5658340048348162,8.058017727639034e-05
99473,17.1052850880848,0.5656728444802579,560,681,1241,0.0,-0.0008333472224535399,0.5659145850120926,8.058017727639034e-05
99474,17.104451740862345,0.5656728444802579,560,681,1241,0.0,-0.0008333472224535399,0.5659145850120926,0.0
99475,17.10361839363989,0.5656728444802579,560,681,1241,0.0,-0.0008333472224535399,0.565834004834816,-8.058017727639034e-05
99476,17.102785046417438,0.564867042707494,560,681,1241,-0.0008058017727639033,-0.0008333472224535399,0.5656728444802633,-0.00016116035455278067
99477,17.101951699194984,0.564867042707494,560,681,1241,0.0,-0.0008333472224535399,0.5655116841257105,-0.00016116035455278067
99478,17.10111835197253,0.564867042707494,560,681,1241,0.0,-0.0008333472224535399,0.5654311039484341,-8.058017727639034e-05
99479,17.100285004750077,0.5664786462530218,560,681,1241,0.0016116035455278066,-0.0008333472224535399,0.5655116841257104,8.058017727639034e-05
99480,17.099451657527624,0.5664786462530218,560,681,1241,0.0,-0.0008333472224535399,0.5655922643029868,8.058017727639034e-05
99481,17.09861831030517,0.5664786462530218,560,681,1241,0.0,-0.0008333472224535399,0.5656728444802631,8.058017727639034e-05
99482,17.097784963082717,0.5664786462530218,560,681,1241,0.0,-0.0008333472224535399,0.5657534246575395,8.058017727639034e-05
99483,17.096951615860263,0.5664786462530218,560,681,1241,0.0,-0.0008333472224535399,0.5658340048348158,8.058017727639034e-05
99484,17.09611826863781,0.5664786462530218,560,681,1241,0.0,-0.0008333472224535399,0.5659145850120921,8.058017727639034e-05
99485,17.095284921415356,0.564867042707494,560,681,1241,-0.0016116035455278066,-0.0008333472224535399,0.5658340048348158,-8.058017727639034e-05
99486,17.094451574192902,0.564867042707494,560,681,1241,0.0,-0.0008333472224535399,0.5658340048348158,0.0
99487,17.09361822697045,0.564867042707494,560,681,1241,0.0,-0.0008333472224535399,0.5658340048348158,0.0
99488,17.092784879747995,0.564867042707494,560,681,1241,0.0,-0.0008333472224535399,0.5658340048348158,0.0
99489,17.091951532525542,0.564867042707494,560,681,1241,0.0,-0.0008333472224535399,0.565672844480263,-0.00016116035455278067
99490,17.09111818530309,0.5656728444802579,560,681,1241,0.0008058017727639033,-0.0008333472224535399,0.5655922643029867,-8.058017727639034e-05
99491,17.090284838080635,0.5656728444802579,560,681,1241,0.0,-0.0008333472224535399,0.5655116841257104,-8.058017727639034e-05
99492,17.08945149085818,0.5664786462530218,560,681,1241,0.0008058017727639033,-0.0008333472224535399,0.5655116841257104,0.0
99493,17.088618143635728,0.5664786462530218,560,681,1241,0.0,-0.0008333472224535399,0.5655116841257104,0.0
99494,17.087784796413274,0.5672844480257857,560,681,1241,0.0008058017727639033,-0.0008333472224535399,0.5655922643029867,8.058017727639034e-05
99495,17.08695144919082,0.5664786462530218,560,681,1241,-0.0008058017727639033,-0.0008333472224535399,0.5657534246575395,0.00016116035455278067
99496,17.086118101968367,0.5664786462530218,560,681,1241,0.0,-0.0008333472224535399,0.5659145850120922,0.00016116035455278067
99497,17.085284754745913,0.5664786462530218,560,681,1241,0.0,-0.0008333472224535399,0.5660757453666451,0.00016116035455278067
99498,17.08445140752346,0.5664786462530218,560,681,1241,0.0,-0.0008333472224535399,0.5662369057211978,0.00016116035455278067
99499,17.083618060301006,0.5664786462530218,560,681,1241,0.0,-0.0008333472224535399,0.5663980660757506,0.00016116035455278067
99500,17.082784713078553,0.5664786462530218,560,681,1241,0.0,-0.0008333472224535399,0.5664786462530269,8.058017727639034e-05
99501,17.0819513658561,0.5664786462530218,560,681,1241,0.0,-0.0008333472224535399,0.5665592264303033,8.058017727639034e-05
99502,17.081118018633646,0.5664786462530218,560,681,1241,0.0,-0.0008333472224535399,0.5665592264303033,0.0
99503,17.080284671411192,0.5664786462530218,560,681,1241,0.0,-0.0008333472224535399,0.5665592264303033,0.0
99504,17.07945132418873,0.5656728444802579,560,681,1241,-0.0008058017727639033,-0.0008333472224606453,0.5663980660757504,-0.00016116035455278067
99505,17.078617976966278,0.5656728444802579,560,681,1241,0.0,-0.0008333472224535399,0.566317485898474,-8.058017727639034e-05
99506,17.077784629743824,0.5656728444802579,560,681,1241,0.0,-0.0008333472224535399,0.5662369057211977,-8.058017727639034e-05
99507,17.07695128252137,0.564867042707494,560,681,1241,-0.0008058017727639033,-0.0008333472224535399,0.5660757453666448,-0.00016116035455278067
99508,17.076117935298917,0.564867042707494,560,681,1241,0.0,-0.0008333472224535399,0.5659145850120921,-0.00016116035455278067
99509,17.075284588076464,0.564867042707494,560,681,1241,0.0,-0.0008333472224535399,0.5657534246575393,-0.00016116035455278067
99510,17.07445124085401,0.564867042707494,560,681,1241,0.0,-0.0008333472224535399,0.5655922643029865,-0.00016116035455278067
99511,17.073617893631557,0.564867042707494,560,681,1241,0.0,-0.0008333472224535399,0.5654311039484338,-0.00016116035455278067
99512,17.072784546409103,0.5656728444802579,560,681,1241,0.0008058017727639033,-0.0008333472224535399,0.5653505237711574,-8.058017727639034e-05
99513,17.07195119918665,0.564867042707494,560,681,1241,-0.0008058017727639033,-0.0008333472224535399,0.5651893634166045,-0.00016116035455278067
99514,17.071117851964196,0.564867042707494,560,681,1241,0.0,-0.0008333472224535399,0.5651087832393282,-8.058017727639034e-05
99515,17.070284504741743,0.5656728444802579,560,681,1241,0.0008058017727639033,-0.0008333472224535399,0.5651087832393282,0.0
99516,17.06945115751929,0.5656728444802579,560,681,1241,0.0,-0.0008333472224535399,0.5651087832393282,0.0
99517,17.068617810296836,0.5656728444802579,560,681,1241,0.0,-0.0008333472224535399,0.5651893634166045,8.058017727639034e-05
99518,17.067784463074382,0.5664786462530218,560,681,1241,0.0008058017727639033,-0.0008333472224535399,0.5653505237711574,0.00016116035455278067
99519,17.06695111585193,0.5664786462530218,560,681,1241,0.0,-0.0008333472224535399,0.5655116841257101,0.00016116035455278067
99520,17.066117768629475,0.5664786462530218,560,681,1241,0.0,-0.0008333472224535399,0.5656728444802629,0.00016116035455278067
99521,17.06528442140702,0.5664786462530218,560,681,1241,0.0,-0.0008333472224535399,0.5658340048348156,0.00016116035455278067
99522,17.064451074184568,0.5664786462530218,560,681,1241,0.0,-0.0008333472224535399,0.565914585012092,8.058017727639034e-05
99523,17.063617726962114,0.5664786462530218,560,681,1241,0.0,-0.0008333472224535399,0.5660757453666447,0.00016116035455278067
99524,17.06278437973966,0.5664786462530218,560,681,1241,0.0,-0.0008333472224535399,0.5662369057211976,0.00016116035455278067
99525,17.061951032517207,0.5656728444802579,560,681,1241,-0.0008058017727639033,-0.0008333472224535399,0.5662369057211976,0.0
99526,17.061117685294754,0.5656728444802579,560,681,1241,0.0,-0.0008333472224535399,0.5662369057211976,0.0
99527,17.0602843380723,0.5656728444802579,560,681,1241,0.0,-0.0008333472224535399,0.5662369057211976,0.0
99528,17.059450990849847,0.564867042707494,560,681,1241,-0.0008058017727639033,-0.0008333472224535399,0.5660757453666447,-0.00016116035455278067
99529,17.058617643627393,0.564867042707494,560,681,1241,0.0,-0.0008333472224535399,0.565914585012092,-0.00016116035455278067
99530,17.05778429640494,0.564867042707494,560,681,1241,0.0,-0.0008333472224535399,0.5657534246575392,-0.00016116035455278067
99531,17.056950949182486,0.564867042707494,560,681,1241,0.0,-0.0008333472224535399,0.5655922643029865,-0.00016116035455278067
99532,17.056117601960032,0.564867042707494,560,681,1241,0.0,-0.0008333472224535399,0.5654311039484337,-0.00016116035455278067
99533,17.05528425473758,0.564867042707494,560,681,1241,0.0,-0.0008333472224535399,0.5652699435938808,-0.00016116035455278067
99534,17.054450907515125,0.564867042707494,560,681,1241,0.0,-0.0008333472224535399,0.5651087832393281,-0.00016116035455278067
99535,17.053617560292672,0.564867042707494,560,681,1241,0.0,-0.0008333472224535399,0.5650282030620517,-8.058017727639034e-05
99536,17.05278421307022,0.5656728444802579,560,681,1241,0.0008058017727639033,-0.0008333472224535399,0.5650282030620517,0.0
99537,17.051950865847765,0.5656728444802579,560,681,1241,0.0,-0.0008333472224535399,0.5650282030620517,0.0
99538,17.05111751862531,0.5656728444802579,560,681,1241,0.0,-0.0008333472224535399,0.565108783239328,8.058017727639034e-05
99539,17.050284171402858,0.5656728444802579,560,681,1241,0.0,-0.0008333472224535399,0.5651893634166043,8.058017727639034e-05
99540,17.049450824180404,0.5656728444802579,560,681,1241,0.0,-0.0008333472224535399,0.5652699435938807,8.058017727639034e-05
99541,17.04861747695795,0.5656728444802579,560,681,1241,0.0,-0.0008333472224535399,0.565350523771157,8.058017727639034e-05
99542,17.047784129735497,0.5656728444802579,560,681,1241,0.0,-0.0008333472224535399,0.5654311039484334,8.058017727639034e-05
99543,17.046950782513044,0.5664786462530218,560,681,1241,0.0008058017727639033,-0.0008333472224535399,0.5655922643029861,0.00016116035455278067
99544,17.04611743529059,0.5664786462530218,560,681,1241,0.0,-0.0008333472224535399,0.565753424657539,0.00016116035455278067
99545,17.045284088068136,0.5672844480257857,560,681,1241,0.0008058017727639033,-0.0008333472224535399,0.5659951651893682,0.00024174053182917098
99546,17.044450740845683,0.5672844480257857,560,681,1241,0.0,-0.0008333472224535399,0.566156325543921,0.00016116035455278067
99547,17.043617393623222,0.5672844480257857,560,681,1241,0.0,-0.0008333472224606453,0.5663174858984739,0.00016116035455278067
99548,17.04278404640077,0.5672844480257857,560,681,1241,0.0,-0.0008333472224535399,0.5664786462530268,0.00016116035455278067
99549,17.041950699178315,0.5672844480257857,560,681,1241,0.0,-0.0008333472224535399,0.5666398066075796,0.00016116035455278067
99550,17.04111735195586,0.5672844480257857,560,681,1241,0.0,-0.0008333472224535399,0.5668009669621326,0.00016116035455278067
99551,17.040284004733408,0.5672844480257857,560,681,1241,0.0,-0.0008333472224535399,0.5669621273166854,0.00016116035455278067
99552,17.039450657510955,0.5672844480257857,560,681,1241,0.0,-0.0008333472224535399,0.5671232876712382,0.00016116035455278067
99553,17.0386173102885,0.5672844480257857,560,681,1241,0.0,-0.0008333472224535399,0.5672038678485147,8.058017727639034e-05
99554,17.037783963066047,0.5672844480257857,560,681,1241,0.0,-0.0008333472224535399,0.567284448025791,8.058017727639034e-05
99555,17.036950615843594,0.5672844480257857,560,681,1241,0.0,-0.0008333472224535399,0.5672844480257909,0.0
99556,17.03611726862114,0.5664786462530218,560,681,1241,-0.0008058017727639033,-0.0008333472224535399,0.5672038678485146,-8.058017727639034e-05
99557,17.035283921398687,0.5664786462530218,560,681,1241,0.0,-0.0008333472224535399,0.5671232876712382,-8.058017727639034e-05
99558,17.034450574176233,0.5664786462530218,560,681,1241,0.0,-0.0008333472224535399,0.5670427074939619,-8.058017727639034e-05
99559,17.03361722695378,0.5664786462530218,560,681,1241,0.0,-0.0008333472224535399,0.5669621273166856,-8.058017727639034e-05
99560,17.032783879731326,0.5656728444802579,560,681,1241,-0.0008058017727639033,-0.0008333472224535399,0.5668009669621327,-0.00016116035455278067
99561,17.031950532508873,0.5656728444802579,560,681,1241,0.0,-0.0008333472224535399,0.5666398066075798,-0.00016116035455278067
99562,17.03111718528642,0.5656728444802579,560,681,1241,0.0,-0.0008333472224535399,0.5664786462530269,-0.00016116035455278067
99563,17.030283838063966,0.5656728444802579,560,681,1241,0.0,-0.0008333472224535399,0.5663174858984741,-0.00016116035455278067
99564,17.029450490841512,0.5656728444802579,560,681,1241,0.0,-0.0008333472224535399,0.5661563255439213,-0.00016116035455278067
99565,17.02861714361906,0.5656728444802579,560,681,1241,0.0,-0.0008333472224535399,0.5659951651893683,-0.00016116035455278067
99566,17.027783796396605,0.5656728444802579,560,681,1241,0.0,-0.0008333472224535399,0.5659145850120919,-8.058017727639034e-05
99567,17.02695044917415,0.5664786462530218,560,681,1241,0.0008058017727639033,-0.0008333472224535399,0.5659145850120919,0.0
99568,17.026117101951698,0.5664786462530218,560,681,1241,0.0,-0.0008333472224535399,0.5659145850120919,0.0
99569,17.025283754729244,0.5664786462530218,560,681,1241,0.0,-0.0008333472224535399,0.5659145850120919,0.0
99570,17.02445040750679,0.5672844480257857,560,681,1241,0.0008058017727639033,-0.0008333472224535399,0.5660757453666447,0.00016116035455278067
99571,17.023617060284337,0.5672844480257857,560,681,1241,0.0,-0.0008333472224535399,0.5662369057211976,0.00016116035455278067
99572,17.022783713061884,0.5672844480257857,560,681,1241,0.0,-0.0008333472224535399,0.5663980660757504,0.00016116035455278067
99573,17.02195036583943,0.5672844480257857,560,681,1241,0.0,-0.0008333472224535399,0.5665592264303033,0.00016116035455278067
99574,17.021117018616977,0.5664786462530218,560,681,1241,-0.0008058017727639033,-0.0008333472224535399,0.5666398066075796,8.058017727639034e-05
99575,17.020283671394523,0.5664786462530218,560,681,1241,0.0,-0.0008333472224535399,0.566720386784856,8.058017727639034e-05
99576,17.01945032417207,0.5656728444802579,560,681,1241,-0.0008058017727639033,-0.0008333472224535399,0.566720386784856,0.0
99577,17.018616976949616,0.5664786462530218,560,681,1241,0.0008058017727639033,-0.0008333472224535399,0.566720386784856,0.0
99578,17.017783629727163,0.5664786462530218,560,681,1241,0.0,-0.0008333472224535399,0.566720386784856,0.0
99579,17.01695028250471,0.5672844480257857,560,681,1241,0.0008058017727639033,-0.0008333472224535399,0.5668009669621324,8.058017727639034e-05
99580,17.016116935282255,0.5672844480257857,560,681,1241,0.0,-0.0008333472224535399,0.5668009669621323,0.0
99581,17.015283588059802,0.5672844480257857,560,681,1241,0.0,-0.0008333472224535399,0.5668009669621323,0.0
99582,17.01445024083735,0.5672844480257857,560,681,1241,0.0,-0.0008333472224535399,0.5668009669621323,0.0
99583,17.013616893614895,0.5672844480257857,560,681,1241,0.0,-0.0008333472224535399,0.5668009669621323,0.0
99584,17.01278354639244,0.5672844480257857,560,681,1241,0.0,-0.0008333472224535399,0.5668815471394087,8.058017727639034e-05
99585,17.011950199169988,0.5680902497985496,560,681,1241,0.0008058017727639033,-0.0008333472224535399,0.5670427074939616,0.00016116035455278067
99586,17.011116851947534,0.5680902497985496,560,681,1241,0.0,-0.0008333472224535399,0.5672844480257908,0.00024174053182917098
99587,17.01028350472508,0.5680902497985496,560,681,1241,0.0,-0.0008333472224535399,0.5674456083803435,0.00016116035455278067
99588,17.009450157502627,0.5672844480257857,560,681,1241,-0.0008058017727639033,-0.0008333472224535399,0.5675261885576199,8.058017727639034e-05
99589,17.008616810280166,0.5672844480257857,560,681,1241,0.0,-0.0008333472224606453,0.5675261885576198,0.0
99590,17.007783463057713,0.5672844480257857,560,681,1241,0.0,-0.0008333472224535399,0.5675261885576198,0.0
99591,17.00695011583526,0.5672844480257857,560,681,1241,0.0,-0.0008333472224535399,0.5675261885576198,0.0
99592,17.006116768612806,0.5680902497985496,560,681,1241,0.0008058017727639033,-0.0008333472224535399,0.5676067687348961,8.058017727639034e-05
99593,17.005283421390352,0.5680902497985496,560,681,1241,0.0,-0.0008333472224535399,0.5676873489121725,8.058017727639034e-05
99594,17.0044500741679,0.5680902497985496,560,681,1241,0.0,-0.0008333472224535399,0.5677679290894488,8.058017727639034e-05
99595,17.003616726945445,0.5680902497985496,560,681,1241,0.0,-0.0008333472224535399,0.5677679290894488,0.0
99596,17.00278337972299,0.5680902497985496,560,681,1241,0.0,-0.0008333472224535399,0.5677679290894488,0.0
99597,17.001950032500538,0.5672844480257857,560,681,1241,-0.0008058017727639033,-0.0008333472224535399,0.5676873489121725,-8.058017727639034e-05
99598,17.001116685278085,0.5672844480257857,560,681,1241,0.0,-0.0008333472224535399,0.5676873489121725,0.0
99599,17.00028333805563,0.5672844480257857,560,681,1241,0.0,-0.0008333472224535399,0.5676873489121725,0.0
99600,16.999449990833178,0.5680902497985496,560,681,1241,0.0008058017727639033,-0.0008333472224535399,0.5677679290894488,8.058017727639034e-05
99601,16.998616643610724,0.5680902497985496,560,681,1241,0.0,-0.0008333472224535399,0.5678485092667251,8.058017727639034e-05
99602,16.99778329638827,0.5680902497985496,560,681,1241,0.0,-0.0008333472224535399,0.5678485092667251,0.0
99603,16.996949949165817,0.5680902497985496,560,681,1241,0.0,-0.0008333472224535399,0.5678485092667251,0.0
99604,16.996116601943363,0.5680902497985496,560,681,1241,0.0,-0.0008333472224535399,0.5678485092667251,0.0
99605,16.99528325472091,0.5680902497985496,560,681,1241,0.0,-0.0008333472224535399,0.5678485092667251,0.0
99606,16.994449907498456,0.5680902497985496,560,681,1241,0.0,-0.0008333472224535399,0.5678485092667251,0.0
99607,16.993616560276003,0.5680902497985496,560,681,1241,0.0,-0.0008333472224535399,0.5679290894440016,8.058017727639034e-05
99608,16.99278321305355,0.5680902497985496,560,681,1241,0.0,-0.0008333472224535399,0.5680096696212779,8.058017727639034e-05
99609,16.991949865831096,0.5697018533440773,560,681,1241,0.0016116035455276956,-0.0008333472224535399,0.5682514101531071,0.0002417405318291599
99610,16.991116518608642,0.5697018533440773,560,681,1241,0.0,-0.0008333472224535399,0.5684125705076599,0.00016116035455276956
99611,16.99028317138619,0.5697018533440773,560,681,1241,0.0,-0.0008333472224535399,0.5685737308622126,0.00016116035455276956
99612,16.989449824163735,0.5697018533440773,560,681,1241,0.0,-0.0008333472224535399,0.5687348912167655,0.00016116035455276956
99613,16.98861647694128,0.5697018533440773,560,681,1241,0.0,-0.0008333472224535399,0.5688960515713182,0.00016116035455276956
99614,16.987783129718828,0.5705076551168412,560,681,1241,0.0008058017727639033,-0.0008333472224535399,0.5691377921031473,0.0002417405318291599
99615,16.986949782496374,0.5705076551168412,560,681,1241,0.0,-0.0008333472224535399,0.5693795326349764,0.0002417405318291599
99616,16.98611643527392,0.5705076551168412,560,681,1241,0.0,-0.0008333472224535399,0.5696212731668056,0.0002417405318291599
99617,16.985283088051467,0.5705076551168412,560,681,1241,0.0,-0.0008333472224535399,0.5698630136986347,0.0002417405318291599
99618,16.984449740829014,0.5705076551168412,560,681,1241,0.0,-0.0008333472224535399,0.5701047542304638,0.0002417405318291599
99619,16.98361639360656,0.5705076551168412,560,681,1241,0.0,-0.0008333472224535399,0.5701853344077402,8.058017727639034e-05
99620,16.982783046384107,0.5705076551168412,560,681,1241,0.0,-0.0008333472224535399,0.5702659145850165,8.058017727639034e-05
99621,16.981949699161653,0.5705076551168412,560,681,1241,0.0,-0.0008333472224535399,0.5703464947622929,8.058017727639034e-05
99622,16.9811163519392,0.5705076551168412,560,681,1241,0.0,-0.0008333472224535399,0.5704270749395692,8.058017727639034e-05
99623,16.980283004716746,0.5705076551168412,560,681,1241,0.0,-0.0008333472224535399,0.5705076551168455,8.058017727639034e-05
99624,16.979449657494293,0.5705076551168412,560,681,1241,0.0,-0.0008333472224535399,0.5705076551168455,0.0
99625,16.97861631027184,0.5705076551168412,560,681,1241,0.0,-0.0008333472224535399,0.5705076551168455,0.0
99626,16.977782963049386,0.5713134568896051,560,681,1241,0.0008058017727639033,-0.0008333472224535399,0.5705882352941221,8.058017727639034e-05
99627,16.976949615826932,0.5713134568896051,560,681,1241,0.0,-0.0008333472224535399,0.5706688154713985,8.058017727639034e-05
99628,16.97611626860448,0.5713134568896051,560,681,1241,0.0,-0.0008333472224535399,0.5707493956486749,8.058017727639034e-05
99629,16.975282921382025,0.572119258662369,560,681,1241,0.0008058017727639033,-0.0008333472224535399,0.5709105560032277,0.00016116035455278067
99630,16.97444957415957,0.572119258662369,560,681,1241,0.0,-0.0008333472224535399,0.5710717163577804,0.00016116035455278067
99631,16.97361622693711,0.572119258662369,560,681,1241,0.0,-0.0008333472224606453,0.5712328767123332,0.00016116035455278067
99632,16.972782879714657,0.572119258662369,560,681,1241,0.0,-0.0008333472224535399,0.571394037066886,0.00016116035455278067
99633,16.971949532492204,0.572119258662369,560,681,1241,0.0,-0.0008333472224535399,0.5715551974214388,0.00016116035455278067
99634,16.97111618526975,0.572119258662369,560,681,1241,0.0,-0.0008333472224535399,0.5717163577759916,0.00016116035455278067
99635,16.970282838047297,0.572119258662369,560,681,1241,0.0,-0.0008333472224535399,0.5718775181305443,0.00016116035455278067
99636,16.969449490824843,0.572119258662369,560,681,1241,0.0,-0.0008333472224535399,0.5719580983078207,8.058017727639034e-05
99637,16.96861614360239,0.572119258662369,560,681,1241,0.0,-0.0008333472224535399,0.572038678485097,8.058017727639034e-05
99638,16.967782796379936,0.5713134568896051,560,681,1241,-0.0008058017727639033,-0.0008333472224535399,0.572038678485097,0.0
99639,16.966949449157482,0.5713134568896051,560,681,1241,0.0,-0.0008333472224535399,0.5719580983078207,-8.058017727639034e-05
99640,16.96611610193503,0.572119258662369,560,681,1241,0.0008058017727639033,-0.0008333472224535399,0.5719580983078207,0.0
99641,16.965282754712575,0.572119258662369,560,681,1241,0.0,-0.0008333472224535399,0.5719580983078207,0.0
99642,16.96444940749012,0.572119258662369,560,681,1241,0.0,-0.0008333472224535399,0.5719580983078207,0.0
99643,16.963616060267668,0.572119258662369,560,681,1241,0.0,-0.0008333472224535399,0.5719580983078207,0.0
99644,16.962782713045215,0.572119258662369,560,681,1241,0.0,-0.0008333472224535399,0.5719580983078207,0.0
99645,16.96194936582276,0.572119258662369,560,681,1241,0.0,-0.0008333472224535399,0.5719580983078207,0.0
99646,16.961116018600308,0.572119258662369,560,681,1241,0.0,-0.0008333472224535399,0.5719580983078207,0.0
99647,16.960282671377854,0.572119258662369,560,681,1241,0.0,-0.0008333472224535399,0.5719580983078207,0.0
99648,16.9594493241554,0.5713134568896051,560,681,1241,-0.0008058017727639033,-0.0008333472224535399,0.5719580983078207,0.0
99649,16.958615976932947,0.5713134568896051,560,681,1241,0.0,-0.0008333472224535399,0.5719580983078207,0.0
99650,16.957782629710493,0.5705076551168412,560,681,1241,-0.0008058017727639033,-0.0008333472224535399,0.5717969379532679,-0.00016116035455278067
99651,16.95694928248804,0.5713134568896051,560,681,1241,0.0008058017727639033,-0.0008333472224535399,0.5717163577759916,-8.058017727639034e-05
99652,16.956115935265586,0.5713134568896051,560,681,1241,0.0,-0.0008333472224535399,0.5716357775987152,-8.058017727639034e-05
99653,16.955282588043133,0.5713134568896051,560,681,1241,0.0,-0.0008333472224535399,0.5715551974214389,-8.058017727639034e-05
99654,16.95444924082068,0.5713134568896051,560,681,1241,0.0,-0.0008333472224535399,0.5714746172441625,-8.058017727639034e-05
99655,16.953615893598226,0.5713134568896051,560,681,1241,0.0,-0.0008333472224535399,0.5713940370668862,-8.058017727639034e-05
99656,16.952782546375772,0.5713134568896051,560,681,1241,0.0,-0.0008333472224535399,0.5713134568896099,-8.058017727639034e-05
99657,16.95194919915332,0.5713134568896051,560,681,1241,0.0,-0.0008333472224535399,0.5712328767123335,-8.058017727639034e-05
99658,16.951115851930865,0.5713134568896051,560,681,1241,0.0,-0.0008333472224535399,0.5712328767123335,0.0
99659,16.95028250470841,0.5713134568896051,560,681,1241,0.0,-0.0008333472224535399,0.5712328767123335,0.0
99660,16.949449157485958,0.5713134568896051,560,681,1241,0.0,-0.0008333472224535399,0.5713134568896099,8.058017727639034e-05
99661,16.948615810263504,0.5713134568896051,560,681,1241,0.0,-0.0008333472224535399,0.5713134568896099,0.0
99662,16.94778246304105,0.5713134568896051,560,681,1241,0.0,-0.0008333472224535399,0.5713134568896099,0.0
99663,16.946949115818597,0.5713134568896051,560,681,1241,0.0,-0.0008333472224535399,0.5713134568896099,0.0
99664,16.946115768596144,0.5713134568896051,560,681,1241,0.0,-0.0008333472224535399,0.5713134568896099,0.0
99665,16.94528242137369,0.5713134568896051,560,681,1241,0.0,-0.0008333472224535399,0.5713134568896099,0.0
99666,16.944449074151237,0.572119258662369,560,681,1241,0.0008058017727639033,-0.0008333472224535399,0.5713940370668863,8.058017727639034e-05
99667,16.943615726928783,0.572119258662369,560,681,1241,0.0,-0.0008333472224535399,0.5714746172441626,8.058017727639034e-05
99668,16.94278237970633,0.572119258662369,560,681,1241,0.0,-0.0008333472224535399,0.571555197421439,8.058017727639034e-05
99669,16.941949032483876,0.572119258662369,560,681,1241,0.0,-0.0008333472224535399,0.5716357775987153,8.058017727639034e-05
99670,16.941115685261423,0.572119258662369,560,681,1241,0.0,-0.0008333472224535399,0.5717163577759916,8.058017727639034e-05
99671,16.94028233803897,0.5713134568896051,560,681,1241,-0.0008058017727639033,-0.0008333472224535399,0.5717163577759916,0.0
99672,16.939448990816516,0.5713134568896051,560,681,1241,0.0,-0.0008333472224535399,0.5717163577759916,0.0
99673,16.938615643594062,0.5713134568896051,560,681,1241,0.0,-0.0008333472224535399,0.5717163577759916,0.0
99674,16.9377822963716,0.5713134568896051,560,681,1241,0.0,-0.0008333472224606453,0.5717163577759916,0.0
99675,16.936948949149148,0.5713134568896051,560,681,1241,0.0,-0.0008333472224535399,0.5717163577759916,0.0
99676,16.936115601926694,0.5705076551168412,560,681,1241,-0.0008058017727639033,-0.0008333472224535399,0.5715551974214389,-0.00016116035455278067
99677,16.93528225470424,0.5705076551168412,560,681,1241,0.0,-0.0008333472224535399,0.5713940370668861,-0.00016116035455278067
99678,16.934448907481787,0.5705076551168412,560,681,1241,0.0,-0.0008333472224535399,0.5712328767123334,-0.00016116035455278067
99679,16.933615560259334,0.5705076551168412,560,681,1241,0.0,-0.0008333472224535399,0.5710717163577805,-0.00016116035455278067
99680,16.93278221303688,0.5713134568896051,560,681,1241,0.0008058017727639033,-0.0008333472224535399,0.5709911361805042,-8.058017727639034e-05
99681,16.931948865814427,0.5713134568896051,560,681,1241,0.0,-0.0008333472224535399,0.5709911361805042,0.0
99682,16.931115518591973,0.5697018533440773,560,681,1241,-0.0016116035455278066,-0.0008333472224535399,0.5708299758259514,-0.00016116035455278067
99683,16.93028217136952,0.5697018533440773,560,681,1241,0.0,-0.0008333472224535399,0.5706688154713986,-0.00016116035455278067
99684,16.929448824147066,0.5697018533440773,560,681,1241,0.0,-0.0008333472224535399,0.5705076551168459,-0.00016116035455278067
99685,16.928615476924612,0.5688960515713135,560,681,1241,-0.0008058017727637923,-0.0008333472224535399,0.5702659145850166,-0.0002417405318291599
99686,16.92778212970216,0.5688960515713135,560,681,1241,0.0,-0.0008333472224535399,0.5701047542304638,-0.00016116035455276956
99687,16.926948782479705,0.5688960515713135,560,681,1241,0.0,-0.0008333472224535399,0.5699435938759112,-0.00016116035455276956
99688,16.926115435257252,0.5688960515713135,560,681,1241,0.0,-0.0008333472224535399,0.5697824335213585,-0.00016116035455276956
99689,16.9252820880348,0.5688960515713135,560,681,1241,0.0,-0.0008333472224535399,0.5696212731668058,-0.00016116035455276956
99690,16.924448740812345,0.5688960515713135,560,681,1241,0.0,-0.0008333472224535399,0.5693795326349766,-0.0002417405318291599
99691,16.92361539358989,0.5688960515713135,560,681,1241,0.0,-0.0008333472224535399,0.5691377921031474,-0.0002417405318291599
99692,16.922782046367438,0.5688960515713135,560,681,1241,0.0,-0.0008333472224535399,0.569057211925871,-8.058017727637922e-05
99693,16.921948699144984,0.5688960515713135,560,681,1241,0.0,-0.0008333472224535399,0.5689766317485947,-8.058017727637922e-05
99694,16.92111535192253,0.5688960515713135,560,681,1241,0.0,-0.0008333472224535399,0.5688960515713183,-8.058017727637922e-05
99695,16.920282004700077,0.5688960515713135,560,681,1241,0.0,-0.0008333472224535399,0.5688960515713184,0.0
99696,16.919448657477623,0.5680902497985496,560,681,1241,-0.0008058017727639033,-0.0008333472224535399,0.5688154713940421,-8.058017727639034e-05
99697,16.91861531025517,0.5680902497985496,560,681,1241,0.0,-0.0008333472224535399,0.5687348912167657,-8.058017727639034e-05
99698,16.917781963032716,0.5680902497985496,560,681,1241,0.0,-0.0008333472224535399,0.5686543110394894,-8.058017727639034e-05
99699,16.916948615810263,0.5680902497985496,560,681,1241,0.0,-0.0008333472224535399,0.568573730862213,-8.058017727639034e-05
99700,16.91611526858781,0.5688960515713135,560,681,1241,0.0008058017727639033,-0.0008333472224535399,0.568573730862213,0.0
99701,16.915281921365356,0.5688960515713135,560,681,1241,0.0,-0.0008333472224535399,0.568573730862213,0.0
99702,16.914448574142902,0.5697018533440773,560,681,1241,0.0008058017727637923,-0.0008333472224535399,0.5686543110394894,8.058017727637922e-05
99703,16.91361522692045,0.5697018533440773,560,681,1241,0.0,-0.0008333472224535399,0.5687348912167657,8.058017727637922e-05
99704,16.912781879697995,0.5688960515713135,560,681,1241,-0.0008058017727637923,-0.0008333472224535399,0.5687348912167657,0.0
99705,16.91194853247554,0.5688960515713135,560,681,1241,0.0,-0.0008333472224535399,0.5687348912167657,0.0
99706,16.911115185253088,0.5688960515713135,560,681,1241,0.0,-0.0008333472224535399,0.5688154713940421,8.058017727639034e-05
99707,16.910281838030635,0.5688960515713135,560,681,1241,0.0,-0.0008333472224535399,0.5688960515713184,8.058017727639034e-05
99708,16.90944849080818,0.5680902497985496,560,681,1241,-0.0008058017727639033,-0.0008333472224535399,0.5688960515713184,0.0
99709,16.908615143585727,0.5680902497985496,560,681,1241,0.0,-0.0008333472224535399,0.5688960515713184,0.0
99710,16.907781796363274,0.5680902497985496,560,681,1241,0.0,-0.0008333472224535399,0.5688154713940421,-8.058017727639034e-05
99711,16.90694844914082,0.5680902497985496,560,681,1241,0.0,-0.0008333472224535399,0.5687348912167657,-8.058017727639034e-05
99712,16.906115101918367,0.5672844480257857,560,681,1241,-0.0008058017727639033,-0.0008333472224535399,0.5684931506849366,-0.0002417405318291599
99713,16.905281754695913,0.5672844480257857,560,681,1241,0.0,-0.0008333472224535399,0.5682514101531073,-0.0002417405318291599
99714,16.90444840747346,0.5672844480257857,560,681,1241,0.0,-0.0008333472224535399,0.5680902497985546,-0.00016116035455278067
99715,16.903615060251006,0.5672844480257857,560,681,1241,0.0,-0.0008333472224535399,0.5679290894440019,-0.00016116035455278067
99716,16.902781713028546,0.5672844480257857,560,681,1241,0.0,-0.0008333472224606453,0.5677679290894492,-0.00016116035455278067
99717,16.901948365806092,0.5672844480257857,560,681,1241,0.0,-0.0008333472224535399,0.5676067687348965,-0.00016116035455278067
99718,16.90111501858364,0.5672844480257857,560,681,1241,0.0,-0.0008333472224535399,0.5675261885576202,-8.058017727639034e-05
99719,16.900281671361185,0.5672844480257857,560,681,1241,0.0,-0.0008333472224535399,0.5674456083803439,-8.058017727639034e-05
99720,16.89944832413873,0.5672844480257857,560,681,1241,0.0,-0.0008333472224535399,0.5673650282030674,-8.058017727639034e-05
99721,16.898614976916278,0.5672844480257857,560,681,1241,0.0,-0.0008333472224535399,0.5672844480257911,-8.058017727639034e-05
99722,16.897781629693824,0.5672844480257857,560,681,1241,0.0,-0.0008333472224535399,0.5672844480257911,0.0
99723,16.89694828247137,0.5680902497985496,560,681,1241,0.0008058017727639033,-0.0008333472224535399,0.5673650282030674,8.058017727639034e-05
99724,16.896114935248917,0.5688960515713135,560,681,1241,0.0008058017727639033,-0.0008333472224535399,0.5675261885576202,0.00016116035455278067
99725,16.895281588026464,0.5680902497985496,560,681,1241,-0.0008058017727639033,-0.0008333472224535399,0.5676067687348965,8.058017727639034e-05
99726,16.89444824080401,0.5680902497985496,560,681,1241,0.0,-0.0008333472224535399,0.5676873489121729,8.058017727639034e-05
99727,16.893614893581557,0.5680902497985496,560,681,1241,0.0,-0.0008333472224535399,0.5677679290894492,8.058017727639034e-05
99728,16.892781546359103,0.5688960515713135,560,681,1241,0.0008058017727639033,-0.0008333472224535399,0.5679290894440019,0.00016116035455278067
99729,16.89194819913665,0.5688960515713135,560,681,1241,0.0,-0.0008333472224535399,0.5680902497985546,0.00016116035455278067
99730,16.891114851914196,0.5688960515713135,560,681,1241,0.0,-0.0008333472224535399,0.5682514101531073,0.00016116035455278067
99731,16.890281504691742,0.5697018533440773,560,681,1241,0.0008058017727637923,-0.0008333472224535399,0.5684931506849364,0.0002417405318291599
99732,16.88944815746929,0.5705076551168412,560,681,1241,0.0008058017727639033,-0.0008333472224535399,0.5688154713940421,0.00032232070910555023
99733,16.888614810246835,0.5705076551168412,560,681,1241,0.0,-0.0008333472224535399,0.5690572119258712,0.0002417405318291599
99734,16.887781463024382,0.5705076551168412,560,681,1241,0.0,-0.0008333472224535399,0.5692183722804239,0.00016116035455276956
99735,16.88694811580193,0.5705076551168412,560,681,1241,0.0,-0.0008333472224535399,0.5694601128122531,0.0002417405318291599
99736,16.886114768579475,0.5705076551168412,560,681,1241,0.0,-0.0008333472224535399,0.5697018533440822,0.0002417405318291599
99737,16.88528142135702,0.5705076551168412,560,681,1241,0.0,-0.0008333472224535399,0.5699435938759113,0.0002417405318291599
99738,16.884448074134568,0.5705076551168412,560,681,1241,0.0,-0.0008333472224535399,0.5701047542304641,0.00016116035455276956
99739,16.883614726912114,0.5705076551168412,560,681,1241,0.0,-0.0008333472224535399,0.5702659145850169,0.00016116035455276956
99740,16.88278137968966,0.5705076551168412,560,681,1241,0.0,-0.0008333472224535399,0.5704270749395695,0.00016116035455276956
99741,16.881948032467207,0.5705076551168412,560,681,1241,0.0,-0.0008333472224535399,0.5705076551168459,8.058017727639034e-05
99742,16.881114685244754,0.5705076551168412,560,681,1241,0.0,-0.0008333472224535399,0.5705076551168459,0.0
99743,16.8802813380223,0.5705076551168412,560,681,1241,0.0,-0.0008333472224535399,0.5705076551168459,0.0
99744,16.879447990799846,0.5697018533440773,560,681,1241,-0.0008058017727639033,-0.0008333472224535399,0.5704270749395695,-8.058017727639034e-05
99745,16.878614643577393,0.5705076551168412,560,681,1241,0.0008058017727639033,-0.0008333472224535399,0.5704270749395695,0.0
99746,16.87778129635494,0.5705076551168412,560,681,1241,0.0,-0.0008333472224535399,0.5704270749395695,0.0
99747,16.876947949132486,0.5705076551168412,560,681,1241,0.0,-0.0008333472224535399,0.5704270749395695,0.0
99748,16.876114601910032,0.5697018533440773,560,681,1241,-0.0008058017727639033,-0.0008333472224535399,0.5703464947622932,-8.058017727639034e-05
99749,16.87528125468758,0.5697018533440773,560,681,1241,0.0,-0.0008333472224535399,0.5702659145850169,-8.058017727639034e-05
99750,16.874447907465125,0.5697018533440773,560,681,1241,0.0,-0.0008333472224535399,0.5701853344077404,-8.058017727639034e-05
99751,16.87361456024267,0.5697018533440773,560,681,1241,0.0,-0.0008333472224535399,0.5701047542304641,-8.058017727639034e-05
99752,16.872781213020218,0.5688960515713135,560,681,1241,-0.0008058017727637923,-0.0008333472224535399,0.5699435938759113,-0.00016116035455276956
99753,16.871947865797765,0.5688960515713135,560,681,1241,0.0,-0.0008333472224535399,0.5697824335213586,-0.00016116035455276956
99754,16.87111451857531,0.5688960515713135,560,681,1241,0.0,-0.0008333472224535399,0.5697018533440823,-8.058017727637922e-05
99755,16.870281171352858,0.5688960515713135,560,681,1241,0.0,-0.0008333472224535399,0.5695406929895296,-0.00016116035455276956
99756,16.869447824130404,0.5680902497985496,560,681,1241,-0.0008058017727639033,-0.0008333472224535399,0.5692989524577005,-0.0002417405318291599
99757,16.86861447690795,0.5680902497985496,560,681,1241,0.0,-0.0008333472224535399,0.5690572119258713,-0.0002417405318291599
99758,16.86778112968549,0.5680902497985496,560,681,1241,0.0,-0.0008333472224606453,0.5688960515713186,-0.00016116035455276956
99759,16.866947782463036,0.5680902497985496,560,681,1241,0.0,-0.0008333472224535399,0.5687348912167658,-0.00016116035455276956
99760,16.866114435240583,0.5664786462530218,560,681,1241,-0.0016116035455278066,-0.0008333472224535399,0.5684125705076603,-0.00032232070910555023
99761,16.86528108801813,0.5664786462530218,560,681,1241,0.0,-0.0008333472224535399,0.5680902497985547,-0.00032232070910555023
99762,16.864447740795676,0.5664786462530218,560,681,1241,0.0,-0.0008333472224535399,0.5678485092667256,-0.00024174053182917098
99763,16.863614393573222,0.5664786462530218,560,681,1241,0.0,-0.0008333472224535399,0.5676067687348963,-0.00024174053182917098
99764,16.86278104635077,0.5664786462530218,560,681,1241,0.0,-0.0008333472224535399,0.5673650282030671,-0.00024174053182917098
99765,16.861947699128315,0.5656728444802579,560,681,1241,-0.0008058017727639033,-0.0008333472224535399,0.5670427074939616,-0.00032232070910556134
99766,16.86111435190586,0.5656728444802579,560,681,1241,0.0,-0.0008333472224535399,0.5668009669621323,-0.00024174053182917098
99767,16.860281004683408,0.5672844480257857,560,681,1241,0.0016116035455278066,-0.0008333472224535399,0.566720386784856,-8.058017727639034e-05
99768,16.859447657460954,0.5672844480257857,560,681,1241,0.0,-0.0008333472224535399,0.5666398066075796,-8.058017727639034e-05
99769,16.8586143102385,0.5672844480257857,560,681,1241,0.0,-0.0008333472224535399,0.5665592264303033,-8.058017727639034e-05
99770,16.857780963016047,0.5672844480257857,560,681,1241,0.0,-0.0008333472224535399,0.5666398066075797,8.058017727639034e-05
99771,16.856947615793594,0.5680902497985496,560,681,1241,0.0008058017727639033,-0.0008333472224535399,0.5668009669621326,0.00016116035455278067
99772,16.85611426857114,0.5680902497985496,560,681,1241,0.0,-0.0008333472224535399,0.5669621273166853,0.00016116035455278067
99773,16.855280921348687,0.5688960515713135,560,681,1241,0.0008058017727639033,-0.0008333472224535399,0.5672038678485145,0.00024174053182917098
99774,16.854447574126233,0.5688960515713135,560,681,1241,0.0,-0.0008333472224535399,0.5674456083803437,0.00024174053182917098
99775,16.85361422690378,0.5688960515713135,560,681,1241,0.0,-0.0008333472224535399,0.5677679290894494,0.00032232070910556134
99776,16.852780879681326,0.5688960515713135,560,681,1241,0.0,-0.0008333472224535399,0.5680902497985549,0.00032232070910556134
99777,16.851947532458873,0.5688960515713135,560,681,1241,0.0,-0.0008333472224535399,0.5682514101531077,0.00016116035455278067
99778,16.85111418523642,0.5688960515713135,560,681,1241,0.0,-0.0008333472224535399,0.5684125705076604,0.00016116035455278067
99779,16.850280838013965,0.5688960515713135,560,681,1241,0.0,-0.0008333472224535399,0.568573730862213,0.00016116035455278067
99780,16.849447490791512,0.5680902497985496,560,681,1241,-0.0008058017727639033,-0.0008333472224535399,0.5686543110394894,8.058017727639034e-05
99781,16.84861414356906,0.5680902497985496,560,681,1241,0.0,-0.0008333472224535399,0.5686543110394894,0.0
99782,16.847780796346605,0.5688960515713135,560,681,1241,0.0008058017727639033,-0.0008333472224535399,0.5687348912167657,8.058017727639034e-05
99783,16.84694744912415,0.5688960515713135,560,681,1241,0.0,-0.0008333472224535399,0.5687348912167657,0.0
99784,16.846114101901698,0.5688960515713135,560,681,1241,0.0,-0.0008333472224535399,0.5687348912167657,0.0
99785,16.845280754679244,0.5688960515713135,560,681,1241,0.0,-0.0008333472224535399,0.5687348912167657,0.0
99786,16.84444740745679,0.5688960515713135,560,681,1241,0.0,-0.0008333472224535399,0.5687348912167657,0.0
99787,16.843614060234337,0.5688960515713135,560,681,1241,0.0,-0.0008333472224535399,0.5687348912167657,0.0
99788,16.842780713011884,0.5688960515713135,560,681,1241,0.0,-0.0008333472224535399,0.5687348912167657,0.0
99789,16.84194736578943,0.5688960515713135,560,681,1241,0.0,-0.0008333472224535399,0.5687348912167657,0.0
99790,16.841114018566977,0.5697018533440773,560,681,1241,0.0008058017727637923,-0.0008333472224535399,0.5688960515713185,0.00016116035455276956
99791,16.840280671344523,0.5688960515713135,560,681,1241,-0.0008058017727637923,-0.0008333472224535399,0.5689766317485949,8.058017727639034e-05
99792,16.83944732412207,0.5688960515713135,560,681,1241,0.0,-0.0008333472224535399,0.5689766317485949,0.0
99793,16.838613976899616,0.5688960515713135,560,681,1241,0.0,-0.0008333472224535399,0.5689766317485949,0.0
99794,16.837780629677162,0.5688960515713135,560,681,1241,0.0,-0.0008333472224535399,0.5689766317485949,0.0
99795,16.83694728245471,0.5688960515713135,560,681,1241,0.0,-0.0008333472224535399,0.5689766317485949,0.0
99796,16.836113935232255,0.5688960515713135,560,681,1241,0.0,-0.0008333472224535399,0.5689766317485949,0.0
99797,16.8352805880098,0.5688960515713135,560,681,1241,0.0,-0.0008333472224535399,0.5689766317485949,0.0
99798,16.834447240787348,0.5697018533440773,560,681,1241,0.0008058017727637923,-0.0008333472224535399,0.5690572119258712,8.058017727637922e-05
99799,16.833613893564895,0.5697018533440773,560,681,1241,0.0,-0.0008333472224535399,0.5691377921031476,8.058017727637922e-05
99800,16.83278054634244,0.5705076551168412,560,681,1241,0.0008058017727639033,-0.0008333472224535399,0.5692183722804239,8.058017727639034e-05
99801,16.83194719911998,0.5705076551168412,560,681,1241,0.0,-0.0008333472224606453,0.5693795326349766,0.00016116035455276956
99802,16.831113851897527,0.5705076551168412,560,681,1241,0.0,-0.0008333472224535399,0.5695406929895294,0.00016116035455276956
99803,16.830280504675073,0.5705076551168412,560,681,1241,0.0,-0.0008333472224535399,0.5697018533440821,0.00016116035455276956
99804,16.82944715745262,0.5705076551168412,560,681,1241,0.0,-0.0008333472224535399,0.5698630136986347,0.00016116035455276956
99805,16.828613810230166,0.5705076551168412,560,681,1241,0.0,-0.0008333472224535399,0.5700241740531874,0.00016116035455276956
99806,16.827780463007713,0.5705076551168412,560,681,1241,0.0,-0.0008333472224535399,0.5701853344077401,0.00016116035455276956
99807,16.82694711578526,0.5705076551168412,560,681,1241,0.0,-0.0008333472224535399,0.5703464947622928,0.00016116035455276956
99808,16.826113768562806,0.5705076551168412,560,681,1241,0.0,-0.0008333472224535399,0.5704270749395691,8.058017727639034e-05
99809,16.825280421340352,0.5705076551168412,560,681,1241,0.0,-0.0008333472224535399,0.5705076551168455,8.058017727639034e-05
99810,16.8244470741179,0.5705076551168412,560,681,1241,0.0,-0.0008333472224535399,0.5705076551168455,0.0
99811,16.823613726895445,0.5705076551168412,560,681,1241,0.0,-0.0008333472224535399,0.5705076551168455,0.0
99812,16.82278037967299,0.5705076551168412,560,681,1241,0.0,-0.0008333472224535399,0.5705076551168455,0.0
99813,16.821947032450538,0.5705076551168412,560,681,1241,0.0,-0.0008333472224535399,0.5705076551168455,0.0
99814,16.821113685228084,0.5705076551168412,560,681,1241,0.0,-0.0008333472224535399,0.5705076551168455,0.0
99815,16.82028033800563,0.5713134568896051,560,681,1241,0.0008058017727639033,-0.0008333472224535399,0.570588235294122,8.058017727639034e-05
99816,16.819446990783177,0.5705076551168412,560,681,1241,-0.0008058017727639033,-0.0008333472224535399,0.570588235294122,0.0
99817,16.818613643560724,0.5705076551168412,560,681,1241,0.0,-0.0008333472224535399,0.570588235294122,0.0
99818,16.81778029633827,0.5705076551168412,560,681,1241,0.0,-0.0008333472224535399,0.570588235294122,0.0
99819,16.816946949115817,0.5705076551168412,560,681,1241,0.0,-0.0008333472224535399,0.570588235294122,0.0
99820,16.816113601893363,0.5713134568896051,560,681,1241,0.0008058017727639033,-0.0008333472224535399,0.5706688154713984,8.058017727639034e-05
99821,16.81528025467091,0.5713134568896051,560,681,1241,0.0,-0.0008333472224535399,0.5707493956486748,8.058017727639034e-05
99822,16.814446907448456,0.5713134568896051,560,681,1241,0.0,-0.0008333472224535399,0.5708299758259512,8.058017727639034e-05
99823,16.813613560226003,0.5713134568896051,560,681,1241,0.0,-0.0008333472224535399,0.5709105560032277,8.058017727639034e-05
99824,16.81278021300355,0.5713134568896051,560,681,1241,0.0,-0.0008333472224535399,0.5709911361805041,8.058017727639034e-05
99825,16.811946865781096,0.5705076551168412,560,681,1241,-0.0008058017727639033,-0.0008333472224535399,0.5709105560032277,-8.058017727639034e-05
99826,16.811113518558642,0.5705076551168412,560,681,1241,0.0,-0.0008333472224535399,0.5709105560032277,0.0
99827,16.81028017133619,0.5705076551168412,560,681,1241,0.0,-0.0008333472224535399,0.5709105560032277,0.0
99828,16.809446824113735,0.5705076551168412,560,681,1241,0.0,-0.0008333472224535399,0.5709105560032277,0.0
99829,16.80861347689128,0.5705076551168412,560,681,1241,0.0,-0.0008333472224535399,0.5709105560032277,0.0
99830,16.807780129668828,0.5705076551168412,560,681,1241,0.0,-0.0008333472224535399,0.5708299758259512,-8.058017727639034e-05
99831,16.806946782446374,0.5697018533440773,560,681,1241,-0.0008058017727639033,-0.0008333472224535399,0.5706688154713985,-0.00016116035455278067
99832,16.80611343522392,0.5697018533440773,560,681,1241,0.0,-0.0008333472224535399,0.5705076551168456,-0.00016116035455278067
99833,16.805280088001467,0.5697018533440773,560,681,1241,0.0,-0.0008333472224535399,0.5703464947622929,-0.00016116035455278067
99834,16.804446740779014,0.5697018533440773,560,681,1241,0.0,-0.0008333472224535399,0.5701853344077401,-0.00016116035455278067
99835,16.80361339355656,0.5697018533440773,560,681,1241,0.0,-0.0008333472224535399,0.5701047542304638,-8.058017727639034e-05
99836,16.802780046334107,0.5697018533440773,560,681,1241,0.0,-0.0008333472224535399,0.5700241740531874,-8.058017727639034e-05
99837,16.801946699111653,0.5697018533440773,560,681,1241,0.0,-0.0008333472224535399,0.5699435938759111,-8.058017727639034e-05
99838,16.8011133518892,0.5697018533440773,560,681,1241,0.0,-0.0008333472224535399,0.5698630136986347,-8.058017727639034e-05
99839,16.800280004666746,0.5688960515713135,560,681,1241,-0.0008058017727637923,-0.0008333472224535399,0.569701853344082,-0.00016116035455276956
99840,16.799446657444292,0.5688960515713135,560,681,1241,0.0,-0.0008333472224535399,0.5695406929895293,-0.00016116035455276956
99841,16.79861331022184,0.5688960515713135,560,681,1241,0.0,-0.0008333472224535399,0.569460112812253,-8.058017727637922e-05
99842,16.797779962999385,0.5688960515713135,560,681,1241,0.0,-0.0008333472224535399,0.5693795326349765,-8.058017727637922e-05
99843,16.796946615776925,0.5697018533440773,560,681,1241,0.0008058017727637923,-0.0008333472224606453,0.5693795326349765,0.0
99844,16.79611326855447,0.5697018533440773,560,681,1241,0.0,-0.0008333472224535399,0.5693795326349765,0.0
99845,16.795279921332018,0.5688960515713135,560,681,1241,-0.0008058017727637923,-0.0008333472224535399,0.5692989524577002,-8.058017727637922e-05
99846,16.794446574109564,0.5697018533440773,560,681,1241,0.0008058017727637923,-0.0008333472224535399,0.5692989524577002,0.0
99847,16.79361322688711,0.5697018533440773,560,681,1241,0.0,-0.0008333472224535399,0.5692989524577002,0.0
99848,16.792779879664657,0.5697018533440773,560,681,1241,0.0,-0.0008333472224535399,0.5692989524577002,0.0
99849,16.791946532442203,0.5688960515713135,560,681,1241,-0.0008058017727637923,-0.0008333472224535399,0.5692989524577003,0.0
99850,16.79111318521975,0.5688960515713135,560,681,1241,0.0,-0.0008333472224535399,0.5692989524577003,0.0
99851,16.790279837997296,0.5688960515713135,560,681,1241,0.0,-0.0008333472224535399,0.5692989524577003,0.0
99852,16.789446490774843,0.5688960515713135,560,681,1241,0.0,-0.0008333472224535399,0.5692989524577003,0.0
99853,16.78861314355239,0.5688960515713135,560,681,1241,0.0,-0.0008333472224535399,0.5692183722804238,-8.058017727637922e-05
99854,16.787779796329936,0.5680902497985496,560,681,1241,-0.0008058017727639033,-0.0008333472224535399,0.5690572119258711,-0.00016116035455276956
99855,16.786946449107482,0.5680902497985496,560,681,1241,0.0,-0.0008333472224535399,0.5689766317485947,-8.058017727639034e-05
99856,16.78611310188503,0.5688960515713135,560,681,1241,0.0008058017727639033,-0.0008333472224535399,0.5688960515713183,-8.058017727637922e-05
99857,16.785279754662575,0.5680902497985496,560,681,1241,-0.0008058017727639033,-0.0008333472224535399,0.5687348912167656,-0.00016116035455276956
99858,16.78444640744012,0.5688960515713135,560,681,1241,0.0008058017727639033,-0.0008333472224535399,0.568654311039489,-8.058017727637922e-05
99859,16.783613060217668,0.5697018533440773,560,681,1241,0.0008058017727637923,-0.0008333472224535399,0.5687348912167656,8.058017727637922e-05
99860,16.782779712995215,0.5688960515713135,560,681,1241,-0.0008058017727637923,-0.0008333472224535399,0.5687348912167656,0.0
99861,16.78194636577276,0.5688960515713135,560,681,1241,0.0,-0.0008333472224535399,0.5687348912167656,0.0
99862,16.781113018550307,0.5688960515713135,560,681,1241,0.0,-0.0008333472224535399,0.5687348912167656,0.0
99863,16.780279671327854,0.5688960515713135,560,681,1241,0.0,-0.0008333472224535399,0.5687348912167656,0.0
99864,16.7794463241054,0.5697018533440773,560,681,1241,0.0008058017727637923,-0.0008333472224535399,0.5688960515713183,0.00016116035455276956
99865,16.778612976882947,0.5697018533440773,560,681,1241,0.0,-0.0008333472224535399,0.5690572119258711,0.00016116035455276956
99866,16.777779629660493,0.5697018533440773,560,681,1241,0.0,-0.0008333472224535399,0.5691377921031474,8.058017727637922e-05
99867,16.77694628243804,0.5697018533440773,560,681,1241,0.0,-0.0008333472224535399,0.5692989524577002,0.00016116035455276956
99868,16.776112935215586,0.5697018533440773,560,681,1241,0.0,-0.0008333472224535399,0.5693795326349766,8.058017727637922e-05
99869,16.775279587993133,0.5697018533440773,560,681,1241,0.0,-0.0008333472224535399,0.5693795326349766,0.0
99870,16.77444624077068,0.5697018533440773,560,681,1241,0.0,-0.0008333472224535399,0.569460112812253,8.058017727637922e-05
99871,16.773612893548226,0.5697018533440773,560,681,1241,0.0,-0.0008333472224535399,0.5695406929895294,8.058017727637922e-05
99872,16.772779546325772,0.5705076551168412,560,681,1241,0.0008058017727639033,-0.0008333472224535399,0.5697018533440821,0.00016116035455276956
99873,16.77194619910332,0.5713134568896051,560,681,1241,0.0008058017727639033,-0.0008333472224535399,0.5699435938759112,0.0002417405318291599
99874,16.771112851880865,0.5705076551168412,560,681,1241,-0.0008058017727639033,-0.0008333472224535399,0.5700241740531876,8.058017727639034e-05
99875,16.77027950465841,0.5705076551168412,560,681,1241,0.0,-0.0008333472224535399,0.5701047542304639,8.058017727639034e-05
99876,16.769446157435958,0.5705076551168412,560,681,1241,0.0,-0.0008333472224535399,0.5701853344077403,8.058017727639034e-05
99877,16.768612810213504,0.5705076551168412,560,681,1241,0.0,-0.0008333472224535399,0.5702659145850166,8.058017727639034e-05
99878,16.76777946299105,0.5697018533440773,560,681,1241,-0.0008058017727639033,-0.0008333472224535399,0.5702659145850166,0.0
99879,16.766946115768597,0.5697018533440773,560,681,1241,0.0,-0.0008333472224535399,0.5702659145850166,0.0
99880,16.766112768546144,0.5697018533440773,560,681,1241,0.0,-0.0008333472224535399,0.5702659145850166,0.0
99881,16.76527942132369,0.5688960515713135,560,681,1241,-0.0008058017727637923,-0.0008333472224535399,0.5701853344077402,-8.058017727637922e-05
99882,16.764446074101237,0.5688960515713135,560,681,1241,0.0,-0.0008333472224535399,0.5700241740531875,-0.00016116035455276956
99883,16.763612726878783,0.5688960515713135,560,681,1241,0.0,-0.0008333472224535399,0.5697824335213584,-0.0002417405318291599
99884,16.76277937965633,0.5697018533440773,560,681,1241,0.0008058017727637923,-0.0008333472224535399,0.5697018533440821,-8.058017727639034e-05
99885,16.761946032433876,0.5697018533440773,560,681,1241,0.0,-0.0008333472224535399,0.5696212731668057,-8.058017727639034e-05
99886,16.761112685211415,0.5688960515713135,560,681,1241,-0.0008058017727637923,-0.0008333472224606453,0.569460112812253,-0.00016116035455276956
99887,16.760279337988962,0.5688960515713135,560,681,1241,0.0,-0.0008333472224535399,0.5692989524577002,-0.00016116035455276956
99888,16.75944599076651,0.5688960515713135,560,681,1241,0.0,-0.0008333472224535399,0.5692183722804238,-8.058017727637922e-05
99889,16.758612643544055,0.5688960515713135,560,681,1241,0.0,-0.0008333472224535399,0.5691377921031475,-8.058017727637922e-05
99890,16.7577792963216,0.5688960515713135,560,681,1241,0.0,-0.0008333472224535399,0.5690572119258712,-8.058017727637922e-05
99891,16.756945949099148,0.5688960515713135,560,681,1241,0.0,-0.0008333472224535399,0.5690572119258712,0.0
99892,16.756112601876694,0.5680902497985496,560,681,1241,-0.0008058017727639033,-0.0008333472224535399,0.5689766317485949,-8.058017727639034e-05
99893,16.75527925465424,0.5672844480257857,560,681,1241,-0.0008058017727639033,-0.0008333472224535399,0.5688154713940422,-0.00016116035455278067
99894,16.754445907431787,0.5672844480257857,560,681,1241,0.0,-0.0008333472224535399,0.5685737308622131,-0.0002417405318291599
99895,16.753612560209334,0.5672844480257857,560,681,1241,0.0,-0.0008333472224535399,0.5683319903303838,-0.0002417405318291599
99896,16.75277921298688,0.5672844480257857,560,681,1241,0.0,-0.0008333472224535399,0.5681708299758311,-0.00016116035455278067
99897,16.751945865764426,0.5672844480257857,560,681,1241,0.0,-0.0008333472224535399,0.5680096696212784,-0.00016116035455278067
99898,16.751112518541973,0.5664786462530218,560,681,1241,-0.0008058017727639033,-0.0008333472224535399,0.5677679290894492,-0.00024174053182917098
99899,16.75027917131952,0.5672844480257857,560,681,1241,0.0008058017727639033,-0.0008333472224535399,0.5676067687348965,-0.00016116035455278067
99900,16.749445824097066,0.5672844480257857,560,681,1241,0.0,-0.0008333472224535399,0.5674456083803439,-0.00016116035455278067
99901,16.748612476874612,0.5672844480257857,560,681,1241,0.0,-0.0008333472224535399,0.5672844480257911,-0.00016116035455278067
99902,16.74777912965216,0.5672844480257857,560,681,1241,0.0,-0.0008333472224535399,0.5672038678485147,-8.058017727639034e-05
99903,16.746945782429705,0.5656728444802579,560,681,1241,-0.0016116035455278066,-0.0008333472224535399,0.5670427074939619,-0.00016116035455278067
99904,16.74611243520725,0.5656728444802579,560,681,1241,0.0,-0.0008333472224535399,0.5668815471394091,-0.00016116035455278067
99905,16.745279087984798,0.5656728444802579,560,681,1241,0.0,-0.0008333472224535399,0.5667203867848561,-0.00016116035455278067
99906,16.744445740762345,0.564867042707494,560,681,1241,-0.0008058017727639033,-0.0008333472224535399,0.5664786462530269,-0.00024174053182917098
99907,16.74361239353989,0.5640612409347301,560,681,1241,-0.0008058017727639033,-0.0008333472224535399,0.5661563255439214,-0.00032232070910556134
99908,16.742779046317438,0.5640612409347301,560,681,1241,0.0,-0.0008333472224535399,0.5659145850120922,-0.00024174053182917098
99909,16.741945699094984,0.564867042707494,560,681,1241,0.0008058017727639033,-0.0008333472224535399,0.5656728444802631,-0.00024174053182917098
99910,16.74111235187253,0.564867042707494,560,681,1241,0.0,-0.0008333472224535399,0.5654311039484339,-0.00024174053182917098
99911,16.740279004650077,0.5640612409347301,560,681,1241,-0.0008058017727639033,-0.0008333472224535399,0.5651087832393283,-0.00032232070910556134
99912,16.739445657427623,0.5632554391619662,560,681,1241,-0.0008058017727639033,-0.0008333472224535399,0.5647058823529465,-0.00040290088638195165
99913,16.73861231020517,0.5632554391619662,560,681,1241,0.0,-0.0008333472224535399,0.5644641418211173,-0.00024174053182917098
99914,16.737778962982716,0.5632554391619662,560,681,1241,0.0,-0.0008333472224535399,0.564222401289288,-0.00024174053182917098
99915,16.736945615760263,0.5640612409347301,560,681,1241,0.0008058017727639033,-0.0008333472224535399,0.5640612409347353,-0.00016116035455278067
99916,16.73611226853781,0.5640612409347301,560,681,1241,0.0,-0.0008333472224535399,0.563980660757459,-8.058017727639034e-05
99917,16.735278921315356,0.5640612409347301,560,681,1241,0.0,-0.0008333472224535399,0.563980660757459,0.0
99918,16.734445574092902,0.5640612409347301,560,681,1241,0.0,-0.0008333472224535399,0.563980660757459,0.0
99919,16.73361222687045,0.5640612409347301,560,681,1241,0.0,-0.0008333472224535399,0.5639000805801826,-8.058017727639034e-05
99920,16.732778879647995,0.5640612409347301,560,681,1241,0.0,-0.0008333472224535399,0.5638195004029063,-8.058017727639034e-05
99921,16.73194553242554,0.5640612409347301,560,681,1241,0.0,-0.0008333472224535399,0.5638195004029063,0.0
99922,16.731112185203088,0.564867042707494,560,681,1241,0.0008058017727639033,-0.0008333472224535399,0.5639806607574591,0.00016116035455278067
99923,16.730278837980634,0.5656728444802579,560,681,1241,0.0008058017727639033,-0.0008333472224535399,0.5642224012892882,0.00024174053182917098
99924,16.72944549075818,0.5656728444802579,560,681,1241,0.0,-0.0008333472224535399,0.5644641418211175,0.00024174053182917098
99925,16.728612143535727,0.5656728444802579,560,681,1241,0.0,-0.0008333472224535399,0.5646253021756703,0.00016116035455278067
99926,16.727778796313274,0.564867042707494,560,681,1241,-0.0008058017727639033,-0.0008333472224535399,0.5647058823529466,8.058017727639034e-05
99927,16.72694544909082,0.564867042707494,560,681,1241,0.0,-0.0008333472224535399,0.564786462530223,8.058017727639034e-05
99928,16.72611210186836,0.564867042707494,560,681,1241,0.0,-0.0008333472224606453,0.5648670427074993,8.058017727639034e-05
99929,16.725278754645906,0.564867042707494,560,681,1241,0.0,-0.0008333472224535399,0.5649476228847756,8.058017727639034e-05
99930,16.724445407423453,0.564867042707494,560,681,1241,0.0,-0.0008333472224535399,0.565028203062052,8.058017727639034e-05
99931,16.723612060201,0.564867042707494,560,681,1241,0.0,-0.0008333472224535399,0.5651087832393283,8.058017727639034e-05
99932,16.722778712978545,0.564867042707494,560,681,1241,0.0,-0.0008333472224535399,0.5651087832393283,0.0
99933,16.721945365756092,0.564867042707494,560,681,1241,0.0,-0.0008333472224535399,0.565028203062052,-8.058017727639034e-05
99934,16.72111201853364,0.564867042707494,560,681,1241,0.0,-0.0008333472224535399,0.5649476228847756,-8.058017727639034e-05
99935,16.720278671311185,0.564867042707494,560,681,1241,0.0,-0.0008333472224535399,0.5648670427074993,-8.058017727639034e-05
99936,16.71944532408873,0.564867042707494,560,681,1241,0.0,-0.0008333472224535399,0.5648670427074993,0.0
99937,16.718611976866278,0.564867042707494,560,681,1241,0.0,-0.0008333472224535399,0.5648670427074993,0.0
99938,16.717778629643824,0.564867042707494,560,681,1241,0.0,-0.0008333472224535399,0.5648670427074993,0.0
99939,16.71694528242137,0.564867042707494,560,681,1241,0.0,-0.0008333472224535399,0.5648670427074993,0.0
99940,16.716111935198917,0.564867042707494,560,681,1241,0.0,-0.0008333472224535399,0.5648670427074993,0.0
99941,16.715278587976464,0.564867042707494,560,681,1241,0.0,-0.0008333472224535399,0.5648670427074993,0.0
99942,16.71444524075401,0.564867042707494,560,681,1241,0.0,-0.0008333472224535399,0.5648670427074993,0.0
99943,16.713611893531557,0.564867042707494,560,681,1241,0.0,-0.0008333472224535399,0.5648670427074993,0.0
99944,16.712778546309103,0.5656728444802579,560,681,1241,0.0008058017727639033,-0.0008333472224535399,0.5649476228847756,8.058017727639034e-05
99945,16.71194519908665,0.5656728444802579,560,681,1241,0.0,-0.0008333472224535399,0.565028203062052,8.058017727639034e-05
99946,16.711111851864196,0.5656728444802579,560,681,1241,0.0,-0.0008333472224535399,0.5651087832393283,8.058017727639034e-05
99947,16.710278504641742,0.5656728444802579,560,681,1241,0.0,-0.0008333472224535399,0.5651893634166048,8.058017727639034e-05
99948,16.70944515741929,0.5656728444802579,560,681,1241,0.0,-0.0008333472224535399,0.565269943593881,8.058017727639034e-05
99949,16.708611810196835,0.5656728444802579,560,681,1241,0.0,-0.0008333472224535399,0.5653505237711574,8.058017727639034e-05
99950,16.70777846297438,0.5656728444802579,560,681,1241,0.0,-0.0008333472224535399,0.5654311039484338,8.058017727639034e-05
99951,16.706945115751928,0.5656728444802579,560,681,1241,0.0,-0.0008333472224535399,0.5655116841257101,8.058017727639034e-05
99952,16.706111768529475,0.5656728444802579,560,681,1241,0.0,-0.0008333472224535399,0.5655922643029865,8.058017727639034e-05
99953,16.70527842130702,0.564867042707494,560,681,1241,-0.0008058017727639033,-0.0008333472224535399,0.5655922643029865,0.0
99954,16.704445074084568,0.564867042707494,560,681,1241,0.0,-0.0008333472224535399,0.5655116841257101,-8.058017727639034e-05
99955,16.703611726862114,0.564867042707494,560,681,1241,0.0,-0.0008333472224535399,0.5654311039484338,-8.058017727639034e-05
99956,16.70277837963966,0.5656728444802579,560,681,1241,0.0008058017727639033,-0.0008333472224535399,0.5654311039484338,0.0
99957,16.701945032417207,0.5656728444802579,560,681,1241,0.0,-0.0008333472224535399,0.5654311039484338,0.0
99958,16.701111685194753,0.5656728444802579,560,681,1241,0.0,-0.0008333472224535399,0.5654311039484338,0.0
99959,16.7002783379723,0.564867042707494,560,681,1241,-0.0008058017727639033,-0.0008333472224535399,0.5653505237711574,-8.058017727639034e-05
99960,16.699444990749846,0.564867042707494,560,681,1241,0.0,-0.0008333472224535399,0.565269943593881,-8.058017727639034e-05
99961,16.698611643527393,0.564867042707494,560,681,1241,0.0,-0.0008333472224535399,0.5651893634166048,-8.058017727639034e-05
99962,16.69777829630494,0.564867042707494,560,681,1241,0.0,-0.0008333472224535399,0.5651087832393283,-8.058017727639034e-05
99963,16.696944949082486,0.564867042707494,560,681,1241,0.0,-0.0008333472224535399,0.5651087832393283,0.0
99964,16.696111601860032,0.564867042707494,560,681,1241,0.0,-0.0008333472224535399,0.5651087832393283,0.0
99965,16.69527825463758,0.564867042707494,560,681,1241,0.0,-0.0008333472224535399,0.5651087832393283,0.0
99966,16.694444907415125,0.564867042707494,560,681,1241,0.0,-0.0008333472224535399,0.565028203062052,-8.058017727639034e-05
99967,16.69361156019267,0.564867042707494,560,681,1241,0.0,-0.0008333472224535399,0.5649476228847756,-8.058017727639034e-05
99968,16.692778212970218,0.564867042707494,560,681,1241,0.0,-0.0008333472224535399,0.5648670427074993,-8.058017727639034e-05
99969,16.691944865747764,0.564867042707494,560,681,1241,0.0,-0.0008333472224535399,0.5648670427074993,0.0
99970,16.691111518525304,0.5640612409347301,560,681,1241,-0.0008058017727639033,-0.0008333472224606453,0.564786462530223,-8.058017727639034e-05
99971,16.69027817130285,0.5640612409347301,560,681,1241,0.0,-0.0008333472224535399,0.5647058823529466,-8.058017727639034e-05
99972,16.689444824080397,0.564867042707494,560,681,1241,0.0008058017727639033,-0.0008333472224535399,0.5647058823529466,0.0
99973,16.688611476857943,0.564867042707494,560,681,1241,0.0,-0.0008333472224535399,0.5647058823529466,0.0
99974,16.68777812963549,0.5640612409347301,560,681,1241,-0.0008058017727639033,-0.0008333472224535399,0.5646253021756703,-8.058017727639034e-05
99975,16.686944782413036,0.564867042707494,560,681,1241,0.0008058017727639033,-0.0008333472224535399,0.5646253021756703,0.0
99976,16.686111435190583,0.564867042707494,560,681,1241,0.0,-0.0008333472224535399,0.5646253021756703,0.0
99977,16.68527808796813,0.564867042707494,560,681,1241,0.0,-0.0008333472224535399,0.5646253021756703,0.0
99978,16.684444740745676,0.564867042707494,560,681,1241,0.0,-0.0008333472224535399,0.5646253021756703,0.0
99979,16.683611393523222,0.5640612409347301,560,681,1241,-0.0008058017727639033,-0.0008333472224535399,0.5645447219983939,-8.058017727639034e-05
99980,16.68277804630077,0.5640612409347301,560,681,1241,0.0,-0.0008333472224535399,0.5645447219983939,0.0
99981,16.681944699078315,0.5632554391619662,560,681,1241,-0.0008058017727639033,-0.0008333472224535399,0.5644641418211176,-8.058017727639034e-05
99982,16.68111135185586,0.5632554391619662,560,681,1241,0.0,-0.0008333472224535399,0.5643029814665648,-0.00016116035455278067
99983,16.680278004633408,0.5632554391619662,560,681,1241,0.0,-0.0008333472224535399,0.564141821112012,-0.00016116035455278067
99984,16.679444657410954,0.5632554391619662,560,681,1241,0.0,-0.0008333472224535399,0.5640612409347356,-8.058017727639034e-05
99985,16.6786113101885,0.5632554391619662,560,681,1241,0.0,-0.0008333472224535399,0.5639000805801829,-0.00016116035455278067
99986,16.677777962966047,0.5632554391619662,560,681,1241,0.0,-0.0008333472224535399,0.5637389202256301,-0.00016116035455278067
99987,16.676944615743594,0.5632554391619662,560,681,1241,0.0,-0.0008333472224535399,0.5635777598710774,-0.00016116035455278067
99988,16.67611126852114,0.5640612409347301,560,681,1241,0.0008058017727639033,-0.0008333472224535399,0.5634971796938009,-8.058017727639034e-05
99989,16.675277921298687,0.5640612409347301,560,681,1241,0.0,-0.0008333472224535399,0.5634971796938009,0.0
99990,16.674444574076233,0.564867042707494,560,681,1241,0.0008058017727639033,-0.0008333472224535399,0.5635777598710773,8.058017727639034e-05
99991,16.67361122685378,0.564867042707494,560,681,1241,0.0,-0.0008333472224535399,0.56373892022563,0.00016116035455278067
99992,16.672777879631326,0.564867042707494,560,681,1241,0.0,-0.0008333472224535399,0.5639000805801828,0.00016116035455278067
99993,16.671944532408872,0.564867042707494,560,681,1241,0.0,-0.0008333472224535399,0.5640612409347356,0.00016116035455278067
99994,16.67111118518642,0.5640612409347301,560,681,1241,-0.0008058017727639033,-0.0008333472224535399,0.5641418211120119,8.058017727639034e-05
99995,16.670277837963965,0.5640612409347301,560,681,1241,0.0,-0.0008333472224535399,0.5642224012892882,8.058017727639034e-05
99996,16.669444490741512,0.5640612409347301,560,681,1241,0.0,-0.0008333472224535399,0.5643029814665647,8.058017727639034e-05
99997,16.66861114351906,0.5640612409347301,560,681,1241,0.0,-0.0008333472224535399,0.564383561643841,8.058017727639034e-05
99998,16.667777796296605,0.5632554391619662,560,681,1241,-0.0008058017727639033,-0.0008333472224535399,0.5643029814665645,-8.058017727639034e-05
99999,16.66694444907415,0.5624496373892023,560,681,1241,-0.0008058017727639033,-0.0008333472224535399,0.5641418211120117,-0.00016116035455278067
100000,16.666111101851698,0.5624496373892023,560,681,1241,0.0,-0.0008333472224535399,0.5639000805801825,-0.00024174053182917098
100001,16.665277754629244,0.5632554391619662,560,681,1241,0.0008058017727639033,-0.0008333472224535399,0.5637389202256297,-0.00016116035455278067
100002,16.66444440740679,0.5632554391619662,560,681,1241,0.0,-0.0008333472224535399,0.5635777598710769,-0.00016116035455278067
100003,16.663611060184337,0.5640612409347301,560,681,1241,0.0008058017727639033,-0.0008333472224535399,0.5634971796938005,-8.058017727639034e-05
100004,16.662777712961883,0.5640612409347301,560,681,1241,0.0,-0.0008333472224535399,0.5634971796938005,0.0
100005,16.66194436573943,0.5640612409347301,560,681,1241,0.0,-0.0008333472224535399,0.5634971796938005,0.0
100006,16.661111018516976,0.564867042707494,560,681,1241,0.0008058017727639033,-0.0008333472224535399,0.5635777598710769,8.058017727639034e-05
100007,16.660277671294523,0.564867042707494,560,681,1241,0.0,-0.0008333472224535399,0.5636583400483532,8.058017727639034e-05
100008,16.65944432407207,0.564867042707494,560,681,1241,0.0,-0.0008333472224535399,0.5638195004029061,0.00016116035455278067
100009,16.658610976849616,0.5656728444802579,560,681,1241,0.0008058017727639033,-0.0008333472224535399,0.5641418211120117,0.00032232070910556134
100010,16.657777629627162,0.5656728444802579,560,681,1241,0.0,-0.0008333472224535399,0.5644641418211173,0.00032232070910556134
100011,16.65694428240471,0.5656728444802579,560,681,1241,0.0,-0.0008333472224535399,0.5647058823529464,0.00024174053182917098
100012,16.656110935182255,0.5656728444802579,560,681,1241,0.0,-0.0008333472224535399,0.5649476228847756,0.00024174053182917098
100013,16.655277587959795,0.5656728444802579,560,681,1241,0.0,-0.0008333472224606453,0.5651087832393283,0.00016116035455278067
100014,16.65444424073734,0.564867042707494,560,681,1241,-0.0008058017727639033,-0.0008333472224535399,0.5651893634166048,8.058017727639034e-05
100015,16.653610893514887,0.564867042707494,560,681,1241,0.0,-0.0008333472224535399,0.565269943593881,8.058017727639034e-05
100016,16.652777546292434,0.5656728444802579,560,681,1241,0.0008058017727639033,-0.0008333472224535399,0.5653505237711574,8.058017727639034e-05
100017,16.65194419906998,0.5656728444802579,560,681,1241,0.0,-0.0008333472224535399,0.5654311039484338,8.058017727639034e-05
100018,16.651110851847527,0.5656728444802579,560,681,1241,0.0,-0.0008333472224535399,0.5655116841257101,8.058017727639034e-05
100019,16.650277504625073,0.5656728444802579,560,681,1241,0.0,-0.0008333472224535399,0.5655116841257101,0.0
100020,16.64944415740262,0.564867042707494,560,681,1241,-0.0008058017727639033,-0.0008333472224535399,0.5654311039484338,-8.058017727639034e-05
100021,16.648610810180166,0.564867042707494,560,681,1241,0.0,-0.0008333472224535399,0.5653505237711574,-8.058017727639034e-05
100022,16.647777462957713,0.564867042707494,560,681,1241,0.0,-0.0008333472224535399,0.565269943593881,-8.058017727639034e-05
100023,16.64694411573526,0.564867042707494,560,681,1241,0.0,-0.0008333472224535399,0.5651893634166048,-8.058017727639034e-05
100024,16.646110768512806,0.564867042707494,560,681,1241,0.0,-0.0008333472224535399,0.5651893634166048,0.0
100025,16.645277421290352,0.564867042707494,560,681,1241,0.0,-0.0008333472224535399,0.5651893634166048,0.0
100026,16.6444440740679,0.564867042707494,560,681,1241,0.0,-0.0008333472224535399,0.5651087832393283,-8.058017727639034e-05
100027,16.643610726845445,0.5656728444802579,560,681,1241,0.0008058017727639033,-0.0008333472224535399,0.5651087832393283,0.0
100028,16.64277737962299,0.5664786462530218,560,681,1241,0.0008058017727639033,-0.0008333472224535399,0.5651893634166048,8.058017727639034e-05
100029,16.641944032400538,0.5664786462530218,560,681,1241,0.0,-0.0008333472224535399,0.565269943593881,8.058017727639034e-05
100030,16.641110685178084,0.5664786462530218,560,681,1241,0.0,-0.0008333472224535399,0.5654311039484339,0.00016116035455278067
100031,16.64027733795563,0.5664786462530218,560,681,1241,0.0,-0.0008333472224535399,0.5655922643029866,0.00016116035455278067
100032,16.639443990733177,0.5656728444802579,560,681,1241,-0.0008058017727639033,-0.0008333472224535399,0.565672844480263,8.058017727639034e-05
100033,16.638610643510724,0.5656728444802579,560,681,1241,0.0,-0.0008333472224535399,0.5657534246575393,8.058017727639034e-05
100034,16.63777729628827,0.5656728444802579,560,681,1241,0.0,-0.0008333472224535399,0.5658340048348156,8.058017727639034e-05
100035,16.636943949065817,0.5656728444802579,560,681,1241,0.0,-0.0008333472224535399,0.565914585012092,8.058017727639034e-05
100036,16.636110601843363,0.5656728444802579,560,681,1241,0.0,-0.0008333472224535399,0.5659951651893683,8.058017727639034e-05
100037,16.63527725462091,0.5656728444802579,560,681,1241,0.0,-0.0008333472224535399,0.5659951651893683,0.0
100038,16.634443907398456,0.5656728444802579,560,681,1241,0.0,-0.0008333472224535399,0.5659145850120919,-8.058017727639034e-05
100039,16.633610560176002,0.5656728444802579,560,681,1241,0.0,-0.0008333472224535399,0.5658340048348156,-8.058017727639034e-05
100040,16.63277721295355,0.5656728444802579,560,681,1241,0.0,-0.0008333472224535399,0.5657534246575392,-8.058017727639034e-05
100041,16.631943865731095,0.564867042707494,560,681,1241,-0.0008058017727639033,-0.0008333472224535399,0.5655922643029865,-0.00016116035455278067
100042,16.631110518508642,0.564867042707494,560,681,1241,0.0,-0.0008333472224535399,0.5655116841257101,-8.058017727639034e-05
100043,16.63027717128619,0.564867042707494,560,681,1241,0.0,-0.0008333472224535399,0.5654311039484338,-8.058017727639034e-05
100044,16.629443824063735,0.564867042707494,560,681,1241,0.0,-0.0008333472224535399,0.5653505237711574,-8.058017727639034e-05
100045,16.62861047684128,0.564867042707494,560,681,1241,0.0,-0.0008333472224535399,0.565269943593881,-8.058017727639034e-05
100046,16.627777129618828,0.564867042707494,560,681,1241,0.0,-0.0008333472224535399,0.5651893634166048,-8.058017727639034e-05
100047,16.626943782396374,0.564867042707494,560,681,1241,0.0,-0.0008333472224535399,0.5651087832393283,-8.058017727639034e-05
100048,16.62611043517392,0.564867042707494,560,681,1241,0.0,-0.0008333472224535399,0.565028203062052,-8.058017727639034e-05
100049,16.625277087951467,0.564867042707494,560,681,1241,0.0,-0.0008333472224535399,0.5649476228847756,-8.058017727639034e-05
100050,16.624443740729014,0.5656728444802579,560,681,1241,0.0008058017727639033,-0.0008333472224535399,0.5649476228847756,0.0
100051,16.62361039350656,0.5664786462530218,560,681,1241,0.0008058017727639033,-0.0008333472224535399,0.5651087832393284,0.00016116035455278067
100052,16.622777046284106,0.5664786462530218,560,681,1241,0.0,-0.0008333472224535399,0.5652699435938813,0.00016116035455278067
100053,16.621943699061653,0.5664786462530218,560,681,1241,0.0,-0.0008333472224535399,0.565431103948434,0.00016116035455278067
100054,16.6211103518392,0.5664786462530218,560,681,1241,0.0,-0.0008333472224535399,0.5655922643029868,0.00016116035455278067
100055,16.62027700461674,0.5664786462530218,560,681,1241,0.0,-0.0008333472224606453,0.5657534246575395,0.00016116035455278067
100056,16.619443657394285,0.5664786462530218,560,681,1241,0.0,-0.0008333472224535399,0.5659145850120924,0.00016116035455278067
100057,16.61861031017183,0.5664786462530218,560,681,1241,0.0,-0.0008333472224535399,0.5660757453666452,0.00016116035455278067
100058,16.617776962949378,0.5672844480257857,560,681,1241,0.0008058017727639033,-0.0008333472224535399,0.5663174858984743,0.00024174053182917098
100059,16.616943615726925,0.5672844480257857,560,681,1241,0.0,-0.0008333472224535399,0.5665592264303034,0.00024174053182917098
100060,16.61611026850447,0.5680902497985496,560,681,1241,0.0008058017727639033,-0.0008333472224535399,0.5668009669621327,0.00024174053182917098
100061,16.615276921282017,0.5680902497985496,560,681,1241,0.0,-0.0008333472224535399,0.5669621273166855,0.00016116035455278067
100062,16.614443574059564,0.5680902497985496,560,681,1241,0.0,-0.0008333472224535399,0.5671232876712382,0.00016116035455278067
100063,16.61361022683711,0.5680902497985496,560,681,1241,0.0,-0.0008333472224535399,0.567284448025791,0.00016116035455278067
100064,16.612776879614657,0.5680902497985496,560,681,1241,0.0,-0.0008333472224535399,0.5674456083803439,0.00016116035455278067
100065,16.611943532392203,0.5680902497985496,560,681,1241,0.0,-0.0008333472224535399,0.5676067687348966,0.00016116035455278067
100066,16.61111018516975,0.5680902497985496,560,681,1241,0.0,-0.0008333472224535399,0.5677679290894494,0.00016116035455278067
100067,16.610276837947296,0.5680902497985496,560,681,1241,0.0,-0.0008333472224535399,0.5679290894440021,0.00016116035455278067
100068,16.609443490724843,0.5680902497985496,560,681,1241,0.0,-0.0008333472224535399,0.5680096696212786,8.058017727639034e-05
100069,16.60861014350239,0.5680902497985496,560,681,1241,0.0,-0.0008333472224535399,0.5680902497985549,8.058017727639034e-05
100070,16.607776796279936,0.5680902497985496,560,681,1241,0.0,-0.0008333472224535399,0.5680902497985549,0.0
100071,16.606943449057482,0.5680902497985496,560,681,1241,0.0,-0.0008333472224535399,0.5680902497985549,0.0
100072,16.60611010183503,0.5680902497985496,560,681,1241,0.0,-0.0008333472224535399,0.5680902497985549,0.0
100073,16.605276754612575,0.5680902497985496,560,681,1241,0.0,-0.0008333472224535399,0.5680902497985549,0.0
100074,16.60444340739012,0.5680902497985496,560,681,1241,0.0,-0.0008333472224535399,0.5680902497985549,0.0
100075,16.603610060167668,0.5680902497985496,560,681,1241,0.0,-0.0008333472224535399,0.5680902497985549,0.0
100076,16.602776712945214,0.5672844480257857,560,681,1241,-0.0008058017727639033,-0.0008333472224535399,0.5680096696212786,-8.058017727639034e-05
100077,16.60194336572276,0.5672844480257857,560,681,1241,0.0,-0.0008333472224535399,0.5679290894440022,-8.058017727639034e-05
100078,16.601110018500307,0.5672844480257857,560,681,1241,0.0,-0.0008333472224535399,0.5678485092667259,-8.058017727639034e-05
100079,16.600276671277854,0.5672844480257857,560,681,1241,0.0,-0.0008333472224535399,0.5677679290894495,-8.058017727639034e-05
100080,16.5994433240554,0.5672844480257857,560,681,1241,0.0,-0.0008333472224535399,0.5676873489121732,-8.058017727639034e-05
100081,16.598609976832947,0.5672844480257857,560,681,1241,0.0,-0.0008333472224535399,0.5676067687348969,-8.058017727639034e-05
100082,16.597776629610493,0.5672844480257857,560,681,1241,0.0,-0.0008333472224535399,0.5675261885576205,-8.058017727639034e-05
100083,16.59694328238804,0.5680902497985496,560,681,1241,0.0008058017727639033,-0.0008333472224535399,0.5675261885576205,0.0
100084,16.596109935165586,0.5672844480257857,560,681,1241,-0.0008058017727639033,-0.0008333472224535399,0.5674456083803442,-8.058017727639034e-05
100085,16.595276587943133,0.5664786462530218,560,681,1241,-0.0008058017727639033,-0.0008333472224535399,0.5672844480257914,-0.00016116035455278067
100086,16.59444324072068,0.5672844480257857,560,681,1241,0.0008058017727639033,-0.0008333472224535399,0.5672844480257913,0.0
100087,16.593609893498225,0.5680902497985496,560,681,1241,0.0008058017727639033,-0.0008333472224535399,0.5673650282030677,8.058017727639034e-05
100088,16.592776546275772,0.5672844480257857,560,681,1241,-0.0008058017727639033,-0.0008333472224535399,0.5673650282030677,0.0
100089,16.59194319905332,0.5672844480257857,560,681,1241,0.0,-0.0008333472224535399,0.5673650282030677,0.0
100090,16.591109851830865,0.5672844480257857,560,681,1241,0.0,-0.0008333472224535399,0.5673650282030677,0.0
100091,16.59027650460841,0.5672844480257857,560,681,1241,0.0,-0.0008333472224535399,0.5673650282030677,0.0
100092,16.589443157385958,0.5672844480257857,560,681,1241,0.0,-0.0008333472224535399,0.5673650282030677,0.0
100093,16.588609810163504,0.5680902497985496,560,681,1241,0.0008058017727639033,-0.0008333472224535399,0.5673650282030677,0.0
100094,16.58777646294105,0.5680902497985496,560,681,1241,0.0,-0.0008333472224535399,0.567445608380344,8.058017727639034e-05
100095,16.586943115718597,0.5680902497985496,560,681,1241,0.0,-0.0008333472224535399,0.5676067687348968,0.00016116035455278067
100096,16.586109768496144,0.5680902497985496,560,681,1241,0.0,-0.0008333472224535399,0.5676873489121732,8.058017727639034e-05
100097,16.585276421273683,0.5680902497985496,560,681,1241,0.0,-0.0008333472224606453,0.5676873489121732,0.0
100098,16.58444307405123,0.5680902497985496,560,681,1241,0.0,-0.0008333472224535399,0.5677679290894495,8.058017727639034e-05
100099,16.583609726828776,0.5688960515713135,560,681,1241,0.0008058017727639033,-0.0008333472224535399,0.5679290894440022,0.00016116035455278067
100100,16.582776379606322,0.5680902497985496,560,681,1241,-0.0008058017727639033,-0.0008333472224535399,0.5680096696212786,8.058017727639034e-05
100101,16.58194303238387,0.5680902497985496,560,681,1241,0.0,-0.0008333472224535399,0.5680902497985549,8.058017727639034e-05
100102,16.581109685161415,0.5680902497985496,560,681,1241,0.0,-0.0008333472224535399,0.5681708299758312,8.058017727639034e-05
100103,16.58027633793896,0.5680902497985496,560,681,1241,0.0,-0.0008333472224535399,0.5681708299758312,0.0
100104,16.579442990716508,0.5680902497985496,560,681,1241,0.0,-0.0008333472224535399,0.5681708299758312,0.0
100105,16.578609643494055,0.5680902497985496,560,681,1241,0.0,-0.0008333472224535399,0.5681708299758312,0.0
100106,16.5777762962716,0.5680902497985496,560,681,1241,0.0,-0.0008333472224535399,0.5681708299758312,0.0
100107,16.576942949049148,0.5688960515713135,560,681,1241,0.0008058017727639033,-0.0008333472224535399,0.5682514101531077,8.058017727639034e-05
100108,16.576109601826694,0.5688960515713135,560,681,1241,0.0,-0.0008333472224535399,0.568331990330384,8.058017727639034e-05
100109,16.57527625460424,0.5688960515713135,560,681,1241,0.0,-0.0008333472224535399,0.568331990330384,0.0
100110,16.574442907381787,0.5688960515713135,560,681,1241,0.0,-0.0008333472224535399,0.5684125705076604,8.058017727639034e-05
100111,16.573609560159333,0.5688960515713135,560,681,1241,0.0,-0.0008333472224535399,0.5684931506849367,8.058017727639034e-05
100112,16.57277621293688,0.5688960515713135,560,681,1241,0.0,-0.0008333472224535399,0.568573730862213,8.058017727639034e-05
100113,16.571942865714426,0.5688960515713135,560,681,1241,0.0,-0.0008333472224535399,0.5686543110394894,8.058017727639034e-05
100114,16.571109518491973,0.5688960515713135,560,681,1241,0.0,-0.0008333472224535399,0.5687348912167657,8.058017727639034e-05
100115,16.57027617126952,0.5688960515713135,560,681,1241,0.0,-0.0008333472224535399,0.5688154713940421,8.058017727639034e-05
100116,16.569442824047066,0.5688960515713135,560,681,1241,0.0,-0.0008333472224535399,0.5688960515713184,8.058017727639034e-05
100117,16.568609476824612,0.5688960515713135,560,681,1241,0.0,-0.0008333472224535399,0.5688960515713184,0.0
100118,16.56777612960216,0.5688960515713135,560,681,1241,0.0,-0.0008333472224535399,0.5688960515713184,0.0
100119,16.566942782379705,0.5688960515713135,560,681,1241,0.0,-0.0008333472224535399,0.5688960515713184,0.0
100120,16.56610943515725,0.5688960515713135,560,681,1241,0.0,-0.0008333472224535399,0.5688960515713184,0.0
100121,16.565276087934798,0.5688960515713135,560,681,1241,0.0,-0.0008333472224535399,0.5688960515713184,0.0
100122,16.564442740712344,0.5688960515713135,560,681,1241,0.0,-0.0008333472224535399,0.5688960515713184,0.0
100123,16.56360939348989,0.5688960515713135,560,681,1241,0.0,-0.0008333472224535399,0.5688960515713184,0.0
100124,16.562776046267437,0.5688960515713135,560,681,1241,0.0,-0.0008333472224535399,0.5688960515713184,0.0
100125,16.561942699044984,0.5688960515713135,560,681,1241,0.0,-0.0008333472224535399,0.5688960515713184,0.0
100126,16.56110935182253,0.5688960515713135,560,681,1241,0.0,-0.0008333472224535399,0.5688960515713184,0.0
100127,16.560276004600077,0.5688960515713135,560,681,1241,0.0,-0.0008333472224535399,0.5688960515713184,0.0
100128,16.559442657377623,0.5688960515713135,560,681,1241,0.0,-0.0008333472224535399,0.5688960515713184,0.0
100129,16.55860931015517,0.5688960515713135,560,681,1241,0.0,-0.0008333472224535399,0.5688960515713184,0.0
100130,16.557775962932716,0.5688960515713135,560,681,1241,0.0,-0.0008333472224535399,0.5688960515713184,0.0
100131,16.556942615710263,0.5688960515713135,560,681,1241,0.0,-0.0008333472224535399,0.5688960515713184,0.0
100132,16.55610926848781,0.5688960515713135,560,681,1241,0.0,-0.0008333472224535399,0.5688960515713184,0.0
100133,16.555275921265356,0.5697018533440773,560,681,1241,0.0008058017727637923,-0.0008333472224535399,0.5689766317485947,8.058017727637922e-05
100134,16.554442574042902,0.5697018533440773,560,681,1241,0.0,-0.0008333472224535399,0.5690572119258711,8.058017727637922e-05
100135,16.55360922682045,0.5688960515713135,560,681,1241,-0.0008058017727637923,-0.0008333472224535399,0.5690572119258711,0.0
100136,16.552775879597995,0.5688960515713135,560,681,1241,0.0,-0.0008333472224535399,0.5690572119258711,0.0
100137,16.55194253237554,0.5688960515713135,560,681,1241,0.0,-0.0008333472224535399,0.5690572119258711,0.0
100138,16.551109185153088,0.5688960515713135,560,681,1241,0.0,-0.0008333472224535399,0.5690572119258711,0.0
100139,16.550275837930634,0.5688960515713135,560,681,1241,0.0,-0.0008333472224535399,0.5690572119258711,0.0
100140,16.549442490708174,0.5688960515713135,560,681,1241,0.0,-0.0008333472224606453,0.5690572119258711,0.0
100141,16.54860914348572,0.5688960515713135,560,681,1241,0.0,-0.0008333472224535399,0.5690572119258711,0.0
100142,16.547775796263267,0.5688960515713135,560,681,1241,0.0,-0.0008333472224535399,0.5690572119258711,0.0
100143,16.546942449040813,0.5688960515713135,560,681,1241,0.0,-0.0008333472224535399,0.5689766317485947,-8.058017727637922e-05
100144,16.54610910181836,0.5688960515713135,560,681,1241,0.0,-0.0008333472224535399,0.5688960515713183,-8.058017727637922e-05
100145,16.545275754595906,0.5680902497985496,560,681,1241,-0.0008058017727639033,-0.0008333472224535399,0.5688154713940419,-8.058017727639034e-05
100146,16.544442407373452,0.5680902497985496,560,681,1241,0.0,-0.0008333472224535399,0.5687348912167656,-8.058017727639034e-05
100147,16.543609060151,0.5680902497985496,560,681,1241,0.0,-0.0008333472224535399,0.5686543110394892,-8.058017727639034e-05
100148,16.542775712928545,0.5680902497985496,560,681,1241,0.0,-0.0008333472224535399,0.5685737308622129,-8.058017727639034e-05
100149,16.541942365706092,0.5680902497985496,560,681,1241,0.0,-0.0008333472224535399,0.5684931506849364,-8.058017727639034e-05
100150,16.54110901848364,0.5680902497985496,560,681,1241,0.0,-0.0008333472224535399,0.5684125705076601,-8.058017727639034e-05
100151,16.540275671261185,0.5680902497985496,560,681,1241,0.0,-0.0008333472224535399,0.5683319903303838,-8.058017727639034e-05
100152,16.53944232403873,0.5680902497985496,560,681,1241,0.0,-0.0008333472224535399,0.5682514101531074,-8.058017727639034e-05
100153,16.538608976816278,0.5688960515713135,560,681,1241,0.0008058017727639033,-0.0008333472224535399,0.5682514101531074,0.0
100154,16.537775629593824,0.5688960515713135,560,681,1241,0.0,-0.0008333472224535399,0.5682514101531074,0.0
100155,16.53694228237137,0.5688960515713135,560,681,1241,0.0,-0.0008333472224535399,0.5683319903303838,8.058017727639034e-05
100156,16.536108935148917,0.5688960515713135,560,681,1241,0.0,-0.0008333472224535399,0.5684125705076601,8.058017727639034e-05
100157,16.535275587926463,0.5688960515713135,560,681,1241,0.0,-0.0008333472224535399,0.5684931506849364,8.058017727639034e-05
100158,16.53444224070401,0.5688960515713135,560,681,1241,0.0,-0.0008333472224535399,0.5685737308622129,8.058017727639034e-05
100159,16.533608893481556,0.5688960515713135,560,681,1241,0.0,-0.0008333472224535399,0.5686543110394892,8.058017727639034e-05
100160,16.532775546259103,0.5688960515713135,560,681,1241,0.0,-0.0008333472224535399,0.5687348912167656,8.058017727639034e-05
100161,16.53194219903665,0.5688960515713135,560,681,1241,0.0,-0.0008333472224535399,0.5688154713940419,8.058017727639034e-05
100162,16.531108851814196,0.5688960515713135,560,681,1241,0.0,-0.0008333472224535399,0.5688960515713182,8.058017727639034e-05
100163,16.530275504591742,0.5680902497985496,560,681,1241,-0.0008058017727639033,-0.0008333472224535399,0.5688154713940419,-8.058017727639034e-05
100164,16.52944215736929,0.5688960515713135,560,681,1241,0.0008058017727639033,-0.0008333472224535399,0.5688154713940419,0.0
100165,16.528608810146835,0.5688960515713135,560,681,1241,0.0,-0.0008333472224535399,0.5688154713940419,0.0
100166,16.52777546292438,0.5688960515713135,560,681,1241,0.0,-0.0008333472224535399,0.5688154713940419,0.0
100167,16.526942115701928,0.5680902497985496,560,681,1241,-0.0008058017727639033,-0.0008333472224535399,0.5687348912167656,-8.058017727639034e-05
100168,16.526108768479475,0.5680902497985496,560,681,1241,0.0,-0.0008333472224535399,0.5686543110394892,-8.058017727639034e-05
100169,16.52527542125702,0.5680902497985496,560,681,1241,0.0,-0.0008333472224535399,0.5685737308622129,-8.058017727639034e-05
100170,16.524442074034567,0.5680902497985496,560,681,1241,0.0,-0.0008333472224535399,0.5684931506849364,-8.058017727639034e-05
100171,16.523608726812114,0.5680902497985496,560,681,1241,0.0,-0.0008333472224535399,0.5684125705076601,-8.058017727639034e-05
100172,16.52277537958966,0.5688960515713135,560,681,1241,0.0008058017727639033,-0.0008333472224535399,0.5684125705076601,0.0
100173,16.521942032367207,0.5680902497985496,560,681,1241,-0.0008058017727639033,-0.0008333472224535399,0.5684125705076601,0.0
100174,16.521108685144753,0.5680902497985496,560,681,1241,0.0,-0.0008333472224535399,0.5683319903303838,-8.058017727639034e-05
100175,16.5202753379223,0.5680902497985496,560,681,1241,0.0,-0.0008333472224535399,0.5682514101531074,-8.058017727639034e-05
100176,16.519441990699846,0.5680902497985496,560,681,1241,0.0,-0.0008333472224535399,0.5681708299758311,-8.058017727639034e-05
100177,16.518608643477393,0.5672844480257857,560,681,1241,-0.0008058017727639033,-0.0008333472224535399,0.5680902497985547,-8.058017727639034e-05
100178,16.51777529625494,0.5672844480257857,560,681,1241,0.0,-0.0008333472224535399,0.5680096696212784,-8.058017727639034e-05
100179,16.516941949032486,0.5672844480257857,560,681,1241,0.0,-0.0008333472224535399,0.5679290894440021,-8.058017727639034e-05
100180,16.516108601810032,0.5664786462530218,560,681,1241,-0.0008058017727639033,-0.0008333472224535399,0.5677679290894493,-0.00016116035455278067
100181,16.51527525458758,0.5664786462530218,560,681,1241,0.0,-0.0008333472224535399,0.5676067687348965,-0.00016116035455278067
100182,16.514441907365118,0.5664786462530218,560,681,1241,0.0,-0.0008333472224606453,0.5673650282030673,-0.00024174053182917098
100183,16.513608560142664,0.5664786462530218,560,681,1241,0.0,-0.0008333472224535399,0.5672038678485145,-0.00016116035455278067
100184,16.51277521292021,0.5664786462530218,560,681,1241,0.0,-0.0008333472224535399,0.5670427074939617,-0.00016116035455278067
100185,16.511941865697757,0.5664786462530218,560,681,1241,0.0,-0.0008333472224535399,0.566881547139409,-0.00016116035455278067
100186,16.511108518475304,0.5664786462530218,560,681,1241,0.0,-0.0008333472224535399,0.5667203867848561,-0.00016116035455278067
100187,16.51027517125285,0.5664786462530218,560,681,1241,0.0,-0.0008333472224535399,0.5666398066075798,-8.058017727639034e-05
100188,16.509441824030397,0.5664786462530218,560,681,1241,0.0,-0.0008333472224535399,0.5665592264303034,-8.058017727639034e-05
100189,16.508608476807943,0.5664786462530218,560,681,1241,0.0,-0.0008333472224535399,0.5664786462530271,-8.058017727639034e-05
100190,16.50777512958549,0.5664786462530218,560,681,1241,0.0,-0.0008333472224535399,0.5664786462530271,0.0
100191,16.506941782363036,0.5664786462530218,560,681,1241,0.0,-0.0008333472224535399,0.5664786462530271,0.0
100192,16.506108435140582,0.5664786462530218,560,681,1241,0.0,-0.0008333472224535399,0.5664786462530271,0.0
100193,16.50527508791813,0.5664786462530218,560,681,1241,0.0,-0.0008333472224535399,0.5664786462530271,0.0
100194,16.504441740695675,0.5664786462530218,560,681,1241,0.0,-0.0008333472224535399,0.5664786462530271,0.0
100195,16.503608393473222,0.5664786462530218,560,681,1241,0.0,-0.0008333472224535399,0.5664786462530271,0.0
100196,16.50277504625077,0.5664786462530218,560,681,1241,0.0,-0.0008333472224535399,0.5664786462530271,0.0
100197,16.501941699028315,0.5664786462530218,560,681,1241,0.0,-0.0008333472224535399,0.5664786462530271,0.0
100198,16.50110835180586,0.5664786462530218,560,681,1241,0.0,-0.0008333472224535399,0.5664786462530271,0.0
100199,16.500275004583408,0.5664786462530218,560,681,1241,0.0,-0.0008333472224535399,0.5664786462530271,0.0
100200,16.499441657360954,0.5664786462530218,560,681,1241,0.0,-0.0008333472224535399,0.5664786462530271,0.0
100201,16.4986083101385,0.5672844480257857,560,681,1241,0.0008058017727639033,-0.0008333472224535399,0.5665592264303035,8.058017727639034e-05
100202,16.497774962916047,0.5664786462530218,560,681,1241,-0.0008058017727639033,-0.0008333472224535399,0.5665592264303035,0.0
100203,16.496941615693594,0.5664786462530218,560,681,1241,0.0,-0.0008333472224535399,0.5665592264303035,0.0
100204,16.49610826847114,0.5664786462530218,560,681,1241,0.0,-0.0008333472224535399,0.5665592264303035,0.0
100205,16.495274921248686,0.5656728444802579,560,681,1241,-0.0008058017727639033,-0.0008333472224535399,0.5664786462530272,-8.058017727639034e-05
100206,16.494441574026233,0.5656728444802579,560,681,1241,0.0,-0.0008333472224535399,0.5663980660757508,-8.058017727639034e-05
100207,16.49360822680378,0.5656728444802579,560,681,1241,0.0,-0.0008333472224535399,0.5663174858984745,-8.058017727639034e-05
100208,16.492774879581326,0.5656728444802579,560,681,1241,0.0,-0.0008333472224535399,0.5662369057211982,-8.058017727639034e-05
100209,16.491941532358872,0.5656728444802579,560,681,1241,0.0,-0.0008333472224535399,0.5661563255439218,-8.058017727639034e-05
100210,16.49110818513642,0.5664786462530218,560,681,1241,0.0008058017727639033,-0.0008333472224535399,0.5661563255439218,0.0
100211,16.490274837913965,0.5664786462530218,560,681,1241,0.0,-0.0008333472224535399,0.5660757453666454,-8.058017727639034e-05
100212,16.48944149069151,0.5664786462530218,560,681,1241,0.0,-0.0008333472224535399,0.5660757453666454,0.0
100213,16.488608143469058,0.5680902497985496,560,681,1241,0.0016116035455278066,-0.0008333472224535399,0.5662369057211982,0.00016116035455278067
100214,16.487774796246605,0.5680902497985496,560,681,1241,0.0,-0.0008333472224535399,0.5663980660757509,0.00016116035455278067
100215,16.48694144902415,0.5680902497985496,560,681,1241,0.0,-0.0008333472224535399,0.5666398066075802,0.00024174053182917098
100216,16.486108101801698,0.5680902497985496,560,681,1241,0.0,-0.0008333472224535399,0.5668815471394094,0.00024174053182917098
100217,16.485274754579244,0.5680902497985496,560,681,1241,0.0,-0.0008333472224535399,0.5671232876712387,0.00024174053182917098
100218,16.48444140735679,0.5680902497985496,560,681,1241,0.0,-0.0008333472224535399,0.5673650282030678,0.00024174053182917098
100219,16.483608060134337,0.5680902497985496,560,681,1241,0.0,-0.0008333472224535399,0.567606768734897,0.00024174053182917098
100220,16.482774712911883,0.5688960515713135,560,681,1241,0.0008058017727639033,-0.0008333472224535399,0.5678485092667261,0.00024174053182917098
100221,16.48194136568943,0.5688960515713135,560,681,1241,0.0,-0.0008333472224535399,0.5680902497985554,0.00024174053182917098
100222,16.481108018466976,0.5688960515713135,560,681,1241,0.0,-0.0008333472224535399,0.5683319903303846,0.00024174053182917098
100223,16.480274671244523,0.5688960515713135,560,681,1241,0.0,-0.0008333472224535399,0.568412570507661,8.058017727639034e-05
100224,16.479441324022062,0.5688960515713135,560,681,1241,0.0,-0.0008333472224606453,0.5684931506849373,8.058017727639034e-05
100225,16.47860797679961,0.5688960515713135,560,681,1241,0.0,-0.0008333472224535399,0.5685737308622137,8.058017727639034e-05
100226,16.477774629577155,0.5688960515713135,560,681,1241,0.0,-0.0008333472224535399,0.56865431103949,8.058017727639034e-05
100227,16.4769412823547,0.5688960515713135,560,681,1241,0.0,-0.0008333472224535399,0.5687348912167665,8.058017727639034e-05
100228,16.476107935132248,0.5688960515713135,560,681,1241,0.0,-0.0008333472224535399,0.5688154713940428,8.058017727639034e-05
100229,16.475274587909794,0.5688960515713135,560,681,1241,0.0,-0.0008333472224535399,0.5688960515713191,8.058017727639034e-05
100230,16.47444124068734,0.5688960515713135,560,681,1241,0.0,-0.0008333472224535399,0.5688960515713191,0.0
100231,16.473607893464887,0.5688960515713135,560,681,1241,0.0,-0.0008333472224535399,0.5688960515713191,0.0
100232,16.472774546242434,0.5688960515713135,560,681,1241,0.0,-0.0008333472224535399,0.5688960515713191,0.0
100233,16.47194119901998,0.5688960515713135,560,681,1241,0.0,-0.0008333472224535399,0.5688960515713191,0.0
100234,16.471107851797527,0.5688960515713135,560,681,1241,0.0,-0.0008333472224535399,0.5688960515713191,0.0
100235,16.470274504575073,0.5688960515713135,560,681,1241,0.0,-0.0008333472224535399,0.5688960515713191,0.0
100236,16.46944115735262,0.5688960515713135,560,681,1241,0.0,-0.0008333472224535399,0.5688960515713191,0.0
100237,16.468607810130166,0.5688960515713135,560,681,1241,0.0,-0.0008333472224535399,0.5688960515713191,0.0
100238,16.467774462907713,0.5680902497985496,560,681,1241,-0.0008058017727639033,-0.0008333472224535399,0.5688154713940428,-8.058017727639034e-05
100239,16.46694111568526,0.5688960515713135,560,681,1241,0.0008058017727639033,-0.0008333472224535399,0.5688154713940428,0.0
100240,16.466107768462805,0.5688960515713135,560,681,1241,0.0,-0.0008333472224535399,0.5688154713940428,0.0
100241,16.465274421240352,0.5688960515713135,560,681,1241,0.0,-0.0008333472224535399,0.5688154713940428,0.0
100242,16.4644410740179,0.5688960515713135,560,681,1241,0.0,-0.0008333472224535399,0.5688154713940428,0.0
100243,16.463607726795445,0.5688960515713135,560,681,1241,0.0,-0.0008333472224535399,0.5688154713940428,0.0
100244,16.46277437957299,0.5688960515713135,560,681,1241,0.0,-0.0008333472224535399,0.5688154713940428,0.0
100245,16.461941032350538,0.5688960515713135,560,681,1241,0.0,-0.0008333472224535399,0.5688154713940428,0.0
100246,16.461107685128084,0.5688960515713135,560,681,1241,0.0,-0.0008333472224535399,0.5688154713940428,0.0
100247,16.46027433790563,0.5680902497985496,560,681,1241,-0.0008058017727639033,-0.0008333472224535399,0.5687348912167665,-8.058017727639034e-05
100248,16.459440990683177,0.5680902497985496,560,681,1241,0.0,-0.0008333472224535399,0.5687348912167665,0.0
100249,16.458607643460724,0.5680902497985496,560,681,1241,0.0,-0.0008333472224535399,0.56865431103949,-8.058017727639034e-05
100250,16.45777429623827,0.5697018533440773,560,681,1241,0.0016116035455276956,-0.0008333472224535399,0.5687348912167665,8.058017727637922e-05
100251,16.456940949015816,0.5697018533440773,560,681,1241,0.0,-0.0008333472224535399,0.5688154713940428,8.058017727637922e-05
100252,16.456107601793363,0.5697018533440773,560,681,1241,0.0,-0.0008333472224535399,0.5688960515713191,8.058017727637922e-05
100253,16.45527425457091,0.5697018533440773,560,681,1241,0.0,-0.0008333472224535399,0.5689766317485955,8.058017727637922e-05
100254,16.454440907348456,0.5697018533440773,560,681,1241,0.0,-0.0008333472224535399,0.5690572119258718,8.058017727637922e-05
100255,16.453607560126002,0.5697018533440773,560,681,1241,0.0,-0.0008333472224535399,0.5691377921031482,8.058017727637922e-05
100256,16.45277421290355,0.5705076551168412,560,681,1241,0.0008058017727639033,-0.0008333472224535399,0.5692989524577008,0.00016116035455276956
100257,16.451940865681095,0.5705076551168412,560,681,1241,0.0,-0.0008333472224535399,0.5695406929895299,0.0002417405318291599
100258,16.45110751845864,0.5705076551168412,560,681,1241,0.0,-0.0008333472224535399,0.569782433521359,0.0002417405318291599
100259,16.450274171236188,0.5705076551168412,560,681,1241,0.0,-0.0008333472224535399,0.5700241740531882,0.0002417405318291599
100260,16.449440824013735,0.5705076551168412,560,681,1241,0.0,-0.0008333472224535399,0.5701047542304646,8.058017727639034e-05
100261,16.44860747679128,0.5705076551168412,560,681,1241,0.0,-0.0008333472224535399,0.5701853344077409,8.058017727639034e-05
100262,16.447774129568828,0.5705076551168412,560,681,1241,0.0,-0.0008333472224535399,0.5702659145850173,8.058017727639034e-05
100263,16.446940782346374,0.5705076551168412,560,681,1241,0.0,-0.0008333472224535399,0.5703464947622936,8.058017727639034e-05
100264,16.44610743512392,0.5705076551168412,560,681,1241,0.0,-0.0008333472224535399,0.5704270749395699,8.058017727639034e-05
100265,16.445274087901467,0.5705076551168412,560,681,1241,0.0,-0.0008333472224535399,0.5705076551168463,8.058017727639034e-05
100266,16.444440740679013,0.5705076551168412,560,681,1241,0.0,-0.0008333472224535399,0.5705076551168463,0.0
100267,16.443607393456553,0.5705076551168412,560,681,1241,0.0,-0.0008333472224606453,0.5705076551168463,0.0
100268,16.4427740462341,0.5705076551168412,560,681,1241,0.0,-0.0008333472224535399,0.5705076551168463,0.0
100269,16.441940699011646,0.5697018533440773,560,681,1241,-0.0008058017727639033,-0.0008333472224535399,0.5704270749395699,-8.058017727639034e-05
100270,16.441107351789192,0.5688960515713135,560,681,1241,-0.0008058017727637923,-0.0008333472224535399,0.5702659145850173,-0.00016116035455276956
100271,16.44027400456674,0.5688960515713135,560,681,1241,0.0,-0.0008333472224535399,0.5701047542304646,-0.00016116035455276956
100272,16.439440657344285,0.5688960515713135,560,681,1241,0.0,-0.0008333472224535399,0.5699435938759119,-0.00016116035455276956
100273,16.43860731012183,0.5697018533440773,560,681,1241,0.0008058017727637923,-0.0008333472224535399,0.5698630136986356,-8.058017727639034e-05
100274,16.437773962899378,0.5697018533440773,560,681,1241,0.0,-0.0008333472224535399,0.5697824335213592,-8.058017727639034e-05
100275,16.436940615676924,0.5697018533440773,560,681,1241,0.0,-0.0008333472224535399,0.5697018533440829,-8.058017727639034e-05
100276,16.43610726845447,0.5697018533440773,560,681,1241,0.0,-0.0008333472224535399,0.5696212731668064,-8.058017727639034e-05
100277,16.435273921232017,0.5688960515713135,560,681,1241,-0.0008058017727637923,-0.0008333472224535399,0.5694601128122538,-0.00016116035455276956
100278,16.434440574009564,0.5688960515713135,560,681,1241,0.0,-0.0008333472224535399,0.5692989524577011,-0.00016116035455276956
100279,16.43360722678711,0.5688960515713135,560,681,1241,0.0,-0.0008333472224535399,0.5692183722804247,-8.058017727637922e-05
100280,16.432773879564657,0.5688960515713135,560,681,1241,0.0,-0.0008333472224535399,0.5692183722804248,0.0
100281,16.431940532342203,0.5688960515713135,560,681,1241,0.0,-0.0008333472224535399,0.5692183722804248,0.0
100282,16.43110718511975,0.5688960515713135,560,681,1241,0.0,-0.0008333472224535399,0.5692183722804248,0.0
100283,16.430273837897296,0.5697018533440773,560,681,1241,0.0008058017727637923,-0.0008333472224535399,0.5692183722804248,0.0
100284,16.429440490674843,0.5697018533440773,560,681,1241,0.0,-0.0008333472224535399,0.5692183722804248,0.0
100285,16.42860714345239,0.5697018533440773,560,681,1241,0.0,-0.0008333472224535399,0.5692183722804248,0.0
100286,16.427773796229935,0.5705076551168412,560,681,1241,0.0008058017727639033,-0.0008333472224535399,0.5692989524577012,8.058017727639034e-05
100287,16.426940449007482,0.5713134568896051,560,681,1241,0.0008058017727639033,-0.0008333472224535399,0.5695406929895304,0.0002417405318291599
100288,16.42610710178503,0.5713134568896051,560,681,1241,0.0,-0.0008333472224535399,0.5697824335213596,0.0002417405318291599
100289,16.425273754562575,0.5713134568896051,560,681,1241,0.0,-0.0008333472224535399,0.5700241740531888,0.0002417405318291599
100290,16.42444040734012,0.5713134568896051,560,681,1241,0.0,-0.0008333472224535399,0.5702659145850181,0.0002417405318291599
100291,16.423607060117668,0.5713134568896051,560,681,1241,0.0,-0.0008333472224535399,0.5705076551168473,0.0002417405318291599
100292,16.422773712895214,0.5713134568896051,560,681,1241,0.0,-0.0008333472224535399,0.5707493956486764,0.0002417405318291599
100293,16.42194036567276,0.5713134568896051,560,681,1241,0.0,-0.0008333472224535399,0.5709105560032293,0.00016116035455278067
100294,16.421107018450307,0.572119258662369,560,681,1241,0.0008058017727639033,-0.0008333472224535399,0.5711522965350584,0.00024174053182917098
100295,16.420273671227854,0.572119258662369,560,681,1241,0.0,-0.0008333472224535399,0.5713940370668875,0.00024174053182917098
100296,16.4194403240054,0.572119258662369,560,681,1241,0.0,-0.0008333472224535399,0.5715551974214403,0.00016116035455278067
100297,16.418606976782947,0.572119258662369,560,681,1241,0.0,-0.0008333472224535399,0.5716357775987166,8.058017727639034e-05
100298,16.417773629560493,0.572119258662369,560,681,1241,0.0,-0.0008333472224535399,0.571716357775993,8.058017727639034e-05
100299,16.41694028233804,0.5713134568896051,560,681,1241,-0.0008058017727639033,-0.0008333472224535399,0.571716357775993,0.0
100300,16.416106935115586,0.5713134568896051,560,681,1241,0.0,-0.0008333472224535399,0.571716357775993,0.0
100301,16.415273587893132,0.5713134568896051,560,681,1241,0.0,-0.0008333472224535399,0.571716357775993,0.0
100302,16.41444024067068,0.5713134568896051,560,681,1241,0.0,-0.0008333472224535399,0.571716357775993,0.0
100303,16.413606893448225,0.5713134568896051,560,681,1241,0.0,-0.0008333472224535399,0.571716357775993,0.0
100304,16.412773546225772,0.5713134568896051,560,681,1241,0.0,-0.0008333472224535399,0.5716357775987166,-8.058017727639034e-05
100305,16.41194019900332,0.5713134568896051,560,681,1241,0.0,-0.0008333472224535399,0.5715551974214403,-8.058017727639034e-05
100306,16.411106851780865,0.5713134568896051,560,681,1241,0.0,-0.0008333472224535399,0.5714746172441639,-8.058017727639034e-05
100307,16.41027350455841,0.572119258662369,560,681,1241,0.0008058017727639033,-0.0008333472224535399,0.5714746172441639,0.0
100308,16.409440157335958,0.572119258662369,560,681,1241,0.0,-0.0008333472224535399,0.5714746172441639,0.0
100309,16.408606810113497,0.572119258662369,560,681,1241,0.0,-0.0008333472224606453,0.5715551974214403,8.058017727639034e-05
100310,16.407773462891043,0.572119258662369,560,681,1241,0.0,-0.0008333472224535399,0.5716357775987166,8.058017727639034e-05
100311,16.40694011566859,0.572119258662369,560,681,1241,0.0,-0.0008333472224535399,0.571716357775993,8.058017727639034e-05
100312,16.406106768446136,0.572119258662369,560,681,1241,0.0,-0.0008333472224535399,0.5717969379532694,8.058017727639034e-05
100313,16.405273421223683,0.572119258662369,560,681,1241,0.0,-0.0008333472224535399,0.5718775181305457,8.058017727639034e-05
100314,16.40444007400123,0.572119258662369,560,681,1241,0.0,-0.0008333472224535399,0.5719580983078221,8.058017727639034e-05
100315,16.403606726778776,0.572119258662369,560,681,1241,0.0,-0.0008333472224535399,0.5720386784850984,8.058017727639034e-05
100316,16.402773379556322,0.572119258662369,560,681,1241,0.0,-0.0008333472224535399,0.5721192586623747,8.058017727639034e-05
100317,16.40194003233387,0.572119258662369,560,681,1241,0.0,-0.0008333472224535399,0.5721192586623747,0.0
100318,16.401106685111415,0.5713134568896051,560,681,1241,-0.0008058017727639033,-0.0008333472224535399,0.5720386784850984,-8.058017727639034e-05
100319,16.40027333788896,0.5705076551168412,560,681,1241,-0.0008058017727639033,-0.0008333472224535399,0.5718775181305455,-0.00016116035455278067
100320,16.399439990666508,0.5705076551168412,560,681,1241,0.0,-0.0008333472224535399,0.5717163577759928,-0.00016116035455278067
100321,16.398606643444054,0.5713134568896051,560,681,1241,0.0008058017727639033,-0.0008333472224535399,0.5716357775987164,-8.058017727639034e-05
100322,16.3977732962216,0.5713134568896051,560,681,1241,0.0,-0.0008333472224535399,0.5715551974214401,-8.058017727639034e-05
100323,16.396939948999147,0.5713134568896051,560,681,1241,0.0,-0.0008333472224535399,0.5714746172441638,-8.058017727639034e-05
100324,16.396106601776694,0.5713134568896051,560,681,1241,0.0,-0.0008333472224535399,0.5713940370668874,-8.058017727639034e-05
100325,16.39527325455424,0.5713134568896051,560,681,1241,0.0,-0.0008333472224535399,0.5713134568896111,-8.058017727639034e-05
100326,16.394439907331787,0.5705076551168412,560,681,1241,-0.0008058017727639033,-0.0008333472224535399,0.5711522965350583,-0.00016116035455278067
100327,16.393606560109333,0.5697018533440773,560,681,1241,-0.0008058017727639033,-0.0008333472224535399,0.5709105560032292,-0.00024174053182917098
100328,16.39277321288688,0.5697018533440773,560,681,1241,0.0,-0.0008333472224535399,0.5707493956486764,-0.00016116035455278067
100329,16.391939865664426,0.5705076551168412,560,681,1241,0.0008058017727639033,-0.0008333472224535399,0.5707493956486764,0.0
100330,16.391106518441973,0.5705076551168412,560,681,1241,0.0,-0.0008333472224535399,0.5707493956486764,0.0
100331,16.39027317121952,0.5705076551168412,560,681,1241,0.0,-0.0008333472224535399,0.5706688154713999,-8.058017727639034e-05
100332,16.389439823997066,0.5705076551168412,560,681,1241,0.0,-0.0008333472224535399,0.5705882352941235,-8.058017727639034e-05
100333,16.388606476774612,0.5705076551168412,560,681,1241,0.0,-0.0008333472224535399,0.5705076551168471,-8.058017727639034e-05
100334,16.38777312955216,0.5705076551168412,560,681,1241,0.0,-0.0008333472224535399,0.5704270749395707,-8.058017727639034e-05
100335,16.386939782329705,0.5705076551168412,560,681,1241,0.0,-0.0008333472224535399,0.5703464947622943,-8.058017727639034e-05
100336,16.38610643510725,0.5705076551168412,560,681,1241,0.0,-0.0008333472224535399,0.5703464947622943,0.0
100337,16.385273087884798,0.5705076551168412,560,681,1241,0.0,-0.0008333472224535399,0.5704270749395706,8.058017727639034e-05
100338,16.384439740662344,0.5705076551168412,560,681,1241,0.0,-0.0008333472224535399,0.5705076551168469,8.058017727639034e-05
100339,16.38360639343989,0.5705076551168412,560,681,1241,0.0,-0.0008333472224535399,0.5705076551168469,0.0
100340,16.382773046217437,0.5705076551168412,560,681,1241,0.0,-0.0008333472224535399,0.5705076551168469,0.0
100341,16.381939698994984,0.5713134568896051,560,681,1241,0.0008058017727639033,-0.0008333472224535399,0.5705882352941234,8.058017727639034e-05
100342,16.38110635177253,0.5713134568896051,560,681,1241,0.0,-0.0008333472224535399,0.5706688154713998,8.058017727639034e-05
100343,16.380273004550077,0.5713134568896051,560,681,1241,0.0,-0.0008333472224535399,0.5707493956486762,8.058017727639034e-05
100344,16.379439657327623,0.5705076551168412,560,681,1241,-0.0008058017727639033,-0.0008333472224535399,0.5707493956486762,0.0
100345,16.37860631010517,0.5705076551168412,560,681,1241,0.0,-0.0008333472224535399,0.5707493956486762,0.0
100346,16.377772962882716,0.5705076551168412,560,681,1241,0.0,-0.0008333472224535399,0.5707493956486762,0.0
100347,16.376939615660262,0.5705076551168412,560,681,1241,0.0,-0.0008333472224535399,0.5707493956486762,0.0
100348,16.37610626843781,0.5713134568896051,560,681,1241,0.0008058017727639033,-0.0008333472224535399,0.5708299758259526,8.058017727639034e-05
100349,16.375272921215355,0.5713134568896051,560,681,1241,0.0,-0.0008333472224535399,0.570910556003229,8.058017727639034e-05
100350,16.374439573992902,0.5705076551168412,560,681,1241,-0.0008058017727639033,-0.0008333472224535399,0.570910556003229,0.0
100351,16.37360622677045,0.5705076551168412,560,681,1241,0.0,-0.0008333472224535399,0.5708299758259526,-8.058017727639034e-05
100352,16.372772879547988,0.5705076551168412,560,681,1241,0.0,-0.0008333472224606453,0.5707493956486762,-8.058017727639034e-05
100353,16.371939532325534,0.5705076551168412,560,681,1241,0.0,-0.0008333472224535399,0.5706688154713998,-8.058017727639034e-05
100354,16.37110618510308,0.5705076551168412,560,681,1241,0.0,-0.0008333472224535399,0.5706688154713998,0.0
100355,16.370272837880627,0.5705076551168412,560,681,1241,0.0,-0.0008333472224535399,0.5706688154713998,0.0
100356,16.369439490658173,0.5705076551168412,560,681,1241,0.0,-0.0008333472224535399,0.5706688154713998,0.0
100357,16.36860614343572,0.5688960515713135,560,681,1241,-0.0016116035455276956,-0.0008333472224535399,0.570507655116847,-0.00016116035455276956
100358,16.367772796213266,0.5688960515713135,560,681,1241,0.0,-0.0008333472224535399,0.5702659145850179,-0.0002417405318291599
100359,16.366939448990813,0.5688960515713135,560,681,1241,0.0,-0.0008333472224535399,0.5700241740531886,-0.0002417405318291599
100360,16.36610610176836,0.5697018533440773,560,681,1241,0.0008058017727637923,-0.0008333472224535399,0.5699435938759123,-8.058017727639034e-05
100361,16.365272754545906,0.5688960515713135,560,681,1241,-0.0008058017727637923,-0.0008333472224535399,0.5697824335213595,-0.00016116035455276956
100362,16.364439407323452,0.5672844480257857,560,681,1241,-0.0016116035455278066,-0.0008333472224535399,0.569460112812254,-0.00032232070910555023
100363,16.363606060101,0.5672844480257857,560,681,1241,0.0,-0.0008333472224535399,0.5691377921031484,-0.00032232070910555023
100364,16.362772712878545,0.5680902497985496,560,681,1241,0.0008058017727639033,-0.0008333472224535399,0.5688960515713193,-0.0002417405318291599
100365,16.36193936565609,0.5672844480257857,560,681,1241,-0.0008058017727639033,-0.0008333472224535399,0.5685737308622139,-0.00032232070910555023
100366,16.361106018433638,0.5672844480257857,560,681,1241,0.0,-0.0008333472224535399,0.5682514101531082,-0.00032232070910555023
100367,16.360272671211185,0.5672844480257857,560,681,1241,0.0,-0.0008333472224535399,0.5680902497985555,-0.00016116035455278067
100368,16.35943932398873,0.5672844480257857,560,681,1241,0.0,-0.0008333472224535399,0.5679290894440028,-0.00016116035455278067
100369,16.358605976766277,0.5672844480257857,560,681,1241,0.0,-0.0008333472224535399,0.5677679290894501,-0.00016116035455278067
100370,16.357772629543824,0.5672844480257857,560,681,1241,0.0,-0.0008333472224535399,0.5675261885576209,-0.0002417405318291599
100371,16.35693928232137,0.5664786462530218,560,681,1241,-0.0008058017727639033,-0.0008333472224535399,0.5672844480257918,-0.00024174053182917098
100372,16.356105935098917,0.5664786462530218,560,681,1241,0.0,-0.0008333472224535399,0.5672038678485155,-8.058017727639034e-05
100373,16.355272587876463,0.5664786462530218,560,681,1241,0.0,-0.0008333472224535399,0.5671232876712391,-8.058017727639034e-05
100374,16.35443924065401,0.5664786462530218,560,681,1241,0.0,-0.0008333472224535399,0.5669621273166864,-0.00016116035455278067
100375,16.353605893431556,0.5664786462530218,560,681,1241,0.0,-0.0008333472224535399,0.56688154713941,-8.058017727639034e-05
100376,16.352772546209103,0.5672844480257857,560,681,1241,0.0008058017727639033,-0.0008333472224535399,0.56688154713941,0.0
100377,16.35193919898665,0.5672844480257857,560,681,1241,0.0,-0.0008333472224535399,0.56688154713941,0.0
100378,16.351105851764196,0.5672844480257857,560,681,1241,0.0,-0.0008333472224535399,0.56688154713941,0.0
100379,16.350272504541742,0.5672844480257857,560,681,1241,0.0,-0.0008333472224535399,0.56688154713941,0.0
100380,16.34943915731929,0.5672844480257857,560,681,1241,0.0,-0.0008333472224535399,0.56688154713941,0.0
100381,16.348605810096835,0.5672844480257857,560,681,1241,0.0,-0.0008333472224535399,0.5669621273166864,8.058017727639034e-05
100382,16.34777246287438,0.5672844480257857,560,681,1241,0.0,-0.0008333472224535399,0.5670427074939627,8.058017727639034e-05
100383,16.346939115651928,0.5680902497985496,560,681,1241,0.0008058017727639033,-0.0008333472224535399,0.5672038678485155,0.00016116035455278067
100384,16.346105768429474,0.5680902497985496,560,681,1241,0.0,-0.0008333472224535399,0.5673650282030682,0.00016116035455278067
100385,16.34527242120702,0.5680902497985496,560,681,1241,0.0,-0.0008333472224535399,0.567526188557621,0.00016116035455278067
100386,16.344439073984567,0.5680902497985496,560,681,1241,0.0,-0.0008333472224535399,0.5676067687348973,8.058017727639034e-05
100387,16.343605726762114,0.5680902497985496,560,681,1241,0.0,-0.0008333472224535399,0.5676873489121738,8.058017727639034e-05
100388,16.34277237953966,0.5680902497985496,560,681,1241,0.0,-0.0008333472224535399,0.5677679290894501,8.058017727639034e-05
100389,16.341939032317207,0.5688960515713135,560,681,1241,0.0008058017727639033,-0.0008333472224535399,0.5679290894440028,0.00016116035455278067
100390,16.341105685094753,0.5688960515713135,560,681,1241,0.0,-0.0008333472224535399,0.5680902497985555,0.00016116035455278067
100391,16.3402723378723,0.5688960515713135,560,681,1241,0.0,-0.0008333472224535399,0.5682514101531082,0.00016116035455278067
100392,16.339438990649846,0.5688960515713135,560,681,1241,0.0,-0.0008333472224535399,0.5684125705076608,0.00016116035455278067
100393,16.338605643427393,0.5688960515713135,560,681,1241,0.0,-0.0008333472224535399,0.5684931506849372,8.058017727639034e-05
100394,16.337772296204932,0.5688960515713135,560,681,1241,0.0,-0.0008333472224606453,0.5685737308622135,8.058017727639034e-05
100395,16.33693894898248,0.5680902497985496,560,681,1241,-0.0008058017727639033,-0.0008333472224535399,0.5685737308622135,0.0
100396,16.336105601760025,0.5672844480257857,560,681,1241,-0.0008058017727639033,-0.0008333472224535399,0.5684931506849372,-8.058017727639034e-05
100397,16.33527225453757,0.5672844480257857,560,681,1241,0.0,-0.0008333472224535399,0.5684125705076608,-8.058017727639034e-05
100398,16.334438907315118,0.5672844480257857,560,681,1241,0.0,-0.0008333472224535399,0.5683319903303845,-8.058017727639034e-05
100399,16.333605560092664,0.5672844480257857,560,681,1241,0.0,-0.0008333472224535399,0.5681708299758318,-0.00016116035455278067
100400,16.33277221287021,0.5672844480257857,560,681,1241,0.0,-0.0008333472224535399,0.5680096696212791,-0.00016116035455278067
100401,16.331938865647757,0.5672844480257857,560,681,1241,0.0,-0.0008333472224535399,0.5678485092667265,-0.00016116035455278067
100402,16.331105518425304,0.5672844480257857,560,681,1241,0.0,-0.0008333472224535399,0.5676873489121738,-0.00016116035455278067
100403,16.33027217120285,0.5672844480257857,560,681,1241,0.0,-0.0008333472224535399,0.567526188557621,-0.00016116035455278067
100404,16.329438823980396,0.5672844480257857,560,681,1241,0.0,-0.0008333472224535399,0.5673650282030683,-0.00016116035455278067
100405,16.328605476757943,0.5672844480257857,560,681,1241,0.0,-0.0008333472224535399,0.567284448025792,-8.058017727639034e-05
100406,16.32777212953549,0.5672844480257857,560,681,1241,0.0,-0.0008333472224535399,0.567284448025792,0.0
100407,16.326938782313036,0.5672844480257857,560,681,1241,0.0,-0.0008333472224535399,0.567284448025792,0.0
100408,16.326105435090582,0.5672844480257857,560,681,1241,0.0,-0.0008333472224535399,0.567284448025792,0.0
100409,16.32527208786813,0.5672844480257857,560,681,1241,0.0,-0.0008333472224535399,0.567284448025792,0.0
100410,16.324438740645675,0.5672844480257857,560,681,1241,0.0,-0.0008333472224535399,0.567284448025792,0.0
100411,16.32360539342322,0.5672844480257857,560,681,1241,0.0,-0.0008333472224535399,0.567284448025792,0.0
100412,16.322772046200768,0.5672844480257857,560,681,1241,0.0,-0.0008333472224535399,0.567284448025792,0.0
100413,16.321938698978315,0.5672844480257857,560,681,1241,0.0,-0.0008333472224535399,0.567284448025792,0.0
100414,16.32110535175586,0.5672844480257857,560,681,1241,0.0,-0.0008333472224535399,0.567284448025792,0.0
100415,16.320272004533408,0.5672844480257857,560,681,1241,0.0,-0.0008333472224535399,0.567284448025792,0.0
100416,16.319438657310954,0.5656728444802579,560,681,1241,-0.0016116035455278066,-0.0008333472224535399,0.5671232876712391,-0.00016116035455278067
100417,16.3186053100885,0.5656728444802579,560,681,1241,0.0,-0.0008333472224535399,0.5669621273166863,-0.00016116035455278067
100418,16.317771962866047,0.5656728444802579,560,681,1241,0.0,-0.0008333472224535399,0.5668009669621334,-0.00016116035455278067
100419,16.316938615643593,0.5656728444802579,560,681,1241,0.0,-0.0008333472224535399,0.5666398066075805,-0.00016116035455278067
100420,16.31610526842114,0.5656728444802579,560,681,1241,0.0,-0.0008333472224535399,0.5664786462530277,-0.00016116035455278067
100421,16.315271921198686,0.5656728444802579,560,681,1241,0.0,-0.0008333472224535399,0.5663174858984747,-0.00016116035455278067
100422,16.314438573976233,0.5656728444802579,560,681,1241,0.0,-0.0008333472224535399,0.5661563255439219,-0.00016116035455278067
100423,16.31360522675378,0.5656728444802579,560,681,1241,0.0,-0.0008333472224535399,0.5659951651893691,-0.00016116035455278067
100424,16.312771879531326,0.5656728444802579,560,681,1241,0.0,-0.0008333472224535399,0.5658340048348162,-0.00016116035455278067
100425,16.311938532308872,0.5656728444802579,560,681,1241,0.0,-0.0008333472224535399,0.5656728444802633,-0.00016116035455278067
100426,16.31110518508642,0.5656728444802579,560,681,1241,0.0,-0.0008333472224535399,0.5656728444802633,0.0
100427,16.310271837863965,0.5656728444802579,560,681,1241,0.0,-0.0008333472224535399,0.5656728444802633,0.0
100428,16.30943849064151,0.5656728444802579,560,681,1241,0.0,-0.0008333472224535399,0.5656728444802633,0.0
100429,16.308605143419058,0.5664786462530218,560,681,1241,0.0008058017727639033,-0.0008333472224535399,0.5657534246575396,8.058017727639034e-05
100430,16.307771796196604,0.5664786462530218,560,681,1241,0.0,-0.0008333472224535399,0.565834004834816,8.058017727639034e-05
100431,16.30693844897415,0.5664786462530218,560,681,1241,0.0,-0.0008333472224535399,0.5659145850120924,8.058017727639034e-05
100432,16.306105101751697,0.5664786462530218,560,681,1241,0.0,-0.0008333472224535399,0.5659951651893687,8.058017727639034e-05
100433,16.305271754529244,0.5664786462530218,560,681,1241,0.0,-0.0008333472224535399,0.5660757453666451,8.058017727639034e-05
100434,16.30443840730679,0.5664786462530218,560,681,1241,0.0,-0.0008333472224535399,0.5661563255439214,8.058017727639034e-05
100435,16.303605060084337,0.5664786462530218,560,681,1241,0.0,-0.0008333472224535399,0.5662369057211978,8.058017727639034e-05
100436,16.302771712861876,0.5656728444802579,560,681,1241,-0.0008058017727639033,-0.0008333472224606453,0.5662369057211978,0.0
100437,16.301938365639423,0.564867042707494,560,681,1241,-0.0008058017727639033,-0.0008333472224535399,0.5661563255439214,-8.058017727639034e-05
100438,16.30110501841697,0.564867042707494,560,681,1241,0.0,-0.0008333472224535399,0.5660757453666451,-8.058017727639034e-05
100439,16.300271671194515,0.564867042707494,560,681,1241,0.0,-0.0008333472224535399,0.5659145850120922,-0.00016116035455278067
100440,16.299438323972062,0.564867042707494,560,681,1241,0.0,-0.0008333472224535399,0.5657534246575395,-0.00016116035455278067
100441,16.29860497674961,0.564867042707494,560,681,1241,0.0,-0.0008333472224535399,0.5655922643029867,-0.00016116035455278067
100442,16.297771629527155,0.564867042707494,560,681,1241,0.0,-0.0008333472224535399,0.5654311039484339,-0.00016116035455278067
100443,16.2969382823047,0.564867042707494,560,681,1241,0.0,-0.0008333472224535399,0.5652699435938812,-0.00016116035455278067
100444,16.296104935082248,0.564867042707494,560,681,1241,0.0,-0.0008333472224535399,0.5651087832393283,-0.00016116035455278067
100445,16.295271587859794,0.564867042707494,560,681,1241,0.0,-0.0008333472224535399,0.5649476228847756,-0.00016116035455278067
100446,16.29443824063734,0.564867042707494,560,681,1241,0.0,-0.0008333472224535399,0.5648670427074991,-8.058017727639034e-05
100447,16.293604893414887,0.564867042707494,560,681,1241,0.0,-0.0008333472224535399,0.5648670427074991,0.0
100448,16.292771546192434,0.564867042707494,560,681,1241,0.0,-0.0008333472224535399,0.5648670427074991,0.0
100449,16.29193819896998,0.564867042707494,560,681,1241,0.0,-0.0008333472224535399,0.5648670427074991,0.0
100450,16.291104851747527,0.5640612409347301,560,681,1241,-0.0008058017727639033,-0.0008333472224535399,0.5647864625302228,-8.058017727639034e-05
100451,16.290271504525073,0.5640612409347301,560,681,1241,0.0,-0.0008333472224535399,0.5647058823529465,-8.058017727639034e-05
100452,16.28943815730262,0.5632554391619662,560,681,1241,-0.0008058017727639033,-0.0008333472224535399,0.5645447219983937,-0.00016116035455278067
100453,16.288604810080166,0.5632554391619662,560,681,1241,0.0,-0.0008333472224535399,0.5643835616438408,-0.00016116035455278067
100454,16.287771462857712,0.5632554391619662,560,681,1241,0.0,-0.0008333472224535399,0.5642224012892881,-0.00016116035455278067
100455,16.28693811563526,0.5632554391619662,560,681,1241,0.0,-0.0008333472224535399,0.5640612409347353,-0.00016116035455278067
100456,16.286104768412805,0.5632554391619662,560,681,1241,0.0,-0.0008333472224535399,0.5639000805801826,-0.00016116035455278067
100457,16.28527142119035,0.5632554391619662,560,681,1241,0.0,-0.0008333472224535399,0.5637389202256298,-0.00016116035455278067
100458,16.284438073967898,0.5632554391619662,560,681,1241,0.0,-0.0008333472224535399,0.5635777598710769,-0.00016116035455278067
100459,16.283604726745445,0.5632554391619662,560,681,1241,0.0,-0.0008333472224535399,0.5634165995165242,-0.00016116035455278067
100460,16.28277137952299,0.5632554391619662,560,681,1241,0.0,-0.0008333472224535399,0.5633360193392478,-8.058017727639034e-05
100461,16.281938032300538,0.5632554391619662,560,681,1241,0.0,-0.0008333472224535399,0.5632554391619715,-8.058017727639034e-05
100462,16.281104685078084,0.5632554391619662,560,681,1241,0.0,-0.0008333472224535399,0.5632554391619715,0.0
100463,16.28027133785563,0.5624496373892023,560,681,1241,-0.0008058017727639033,-0.0008333472224535399,0.5631748589846951,-8.058017727639034e-05
100464,16.279437990633177,0.5624496373892023,560,681,1241,0.0,-0.0008333472224535399,0.5630942788074187,-8.058017727639034e-05
100465,16.278604643410723,0.5624496373892023,560,681,1241,0.0,-0.0008333472224535399,0.5630136986301424,-8.058017727639034e-05
100466,16.27777129618827,0.5624496373892023,560,681,1241,0.0,-0.0008333472224535399,0.5629331184528661,-8.058017727639034e-05
100467,16.276937948965816,0.5624496373892023,560,681,1241,0.0,-0.0008333472224535399,0.5628525382755897,-8.058017727639034e-05
100468,16.276104601743363,0.5624496373892023,560,681,1241,0.0,-0.0008333472224535399,0.5627719580983134,-8.058017727639034e-05
100469,16.27527125452091,0.5616438356164384,560,681,1241,-0.0008058017727639033,-0.0008333472224535399,0.5626107977437605,-0.00016116035455278067
100470,16.274437907298456,0.5616438356164384,560,681,1241,0.0,-0.0008333472224535399,0.5624496373892078,-0.00016116035455278067
100471,16.273604560076002,0.5608380338436745,560,681,1241,-0.0008058017727639033,-0.0008333472224535399,0.5622078968573786,-0.00024174053182917098
100472,16.27277121285355,0.5600322320709106,560,681,1241,-0.0008058017727639033,-0.0008333472224535399,0.5618855761482731,-0.00032232070910556134
100473,16.271937865631095,0.5600322320709106,560,681,1241,0.0,-0.0008333472224535399,0.5616438356164439,-0.00024174053182917098
100474,16.27110451840864,0.5600322320709106,560,681,1241,0.0,-0.0008333472224535399,0.5614020950846147,-0.00024174053182917098
100475,16.270271171186188,0.5600322320709106,560,681,1241,0.0,-0.0008333472224535399,0.5611603545527855,-0.00024174053182917098
100476,16.269437823963735,0.5600322320709106,560,681,1241,0.0,-0.0008333472224535399,0.5609186140209562,-0.00024174053182917098
100477,16.26860447674128,0.5600322320709106,560,681,1241,0.0,-0.0008333472224535399,0.560676873489127,-0.00024174053182917098
100478,16.267771129518827,0.5592264302981467,560,681,1241,-0.0008058017727639033,-0.0008333472224535399,0.5603545527800214,-0.00032232070910556134
100479,16.266937782296367,0.5592264302981467,560,681,1241,0.0,-0.0008333472224606453,0.5601128122481922,-0.00024174053182917098
100480,16.266104435073913,0.5592264302981467,560,681,1241,0.0,-0.0008333472224535399,0.5598710717163631,-0.00024174053182917098
100481,16.26527108785146,0.5592264302981467,560,681,1241,0.0,-0.0008333472224535399,0.5597099113618101,-0.00016116035455278067
100482,16.264437740629006,0.5592264302981467,560,681,1241,0.0,-0.0008333472224535399,0.5596293311845337,-8.058017727639034e-05
100483,16.263604393406553,0.5592264302981467,560,681,1241,0.0,-0.0008333472224535399,0.5595487510072574,-8.058017727639034e-05
100484,16.2627710461841,0.5592264302981467,560,681,1241,0.0,-0.0008333472224535399,0.559468170829981,-8.058017727639034e-05
100485,16.261937698961646,0.5592264302981467,560,681,1241,0.0,-0.0008333472224535399,0.5593875906527047,-8.058017727639034e-05
100486,16.261104351739192,0.5592264302981467,560,681,1241,0.0,-0.0008333472224535399,0.5593070104754283,-8.058017727639034e-05
100487,16.26027100451674,0.5592264302981467,560,681,1241,0.0,-0.0008333472224535399,0.559226430298152,-8.058017727639034e-05
100488,16.259437657294285,0.5592264302981467,560,681,1241,0.0,-0.0008333472224535399,0.5592264302981521,0.0
100489,16.25860431007183,0.5592264302981467,560,681,1241,0.0,-0.0008333472224535399,0.5592264302981521,0.0
100490,16.257770962849378,0.5592264302981467,560,681,1241,0.0,-0.0008333472224535399,0.5592264302981521,0.0
100491,16.256937615626924,0.5592264302981467,560,681,1241,0.0,-0.0008333472224535399,0.5592264302981521,0.0
100492,16.25610426840447,0.5592264302981467,560,681,1241,0.0,-0.0008333472224535399,0.5592264302981521,0.0
100493,16.255270921182017,0.5592264302981467,560,681,1241,0.0,-0.0008333472224535399,0.5592264302981521,0.0
100494,16.254437573959564,0.5592264302981467,560,681,1241,0.0,-0.0008333472224535399,0.5592264302981521,0.0
100495,16.25360422673711,0.5592264302981467,560,681,1241,0.0,-0.0008333472224535399,0.5592264302981521,0.0
100496,16.252770879514657,0.5600322320709106,560,681,1241,0.0008058017727639033,-0.0008333472224535399,0.5593070104754284,8.058017727639034e-05
100497,16.251937532292203,0.5600322320709106,560,681,1241,0.0,-0.0008333472224535399,0.5593875906527048,8.058017727639034e-05
100498,16.25110418506975,0.5600322320709106,560,681,1241,0.0,-0.0008333472224535399,0.5594681708299811,8.058017727639034e-05
100499,16.250270837847296,0.5592264302981467,560,681,1241,-0.0008058017727639033,-0.0008333472224535399,0.5594681708299811,0.0
100500,16.249437490624842,0.5592264302981467,560,681,1241,0.0,-0.0008333472224535399,0.5594681708299811,0.0
100501,16.24860414340239,0.5592264302981467,560,681,1241,0.0,-0.0008333472224535399,0.5594681708299811,0.0
100502,16.247770796179935,0.5592264302981467,560,681,1241,0.0,-0.0008333472224535399,0.5594681708299811,0.0
100503,16.246937448957482,0.5592264302981467,560,681,1241,0.0,-0.0008333472224535399,0.5594681708299811,0.0
100504,16.24610410173503,0.5592264302981467,560,681,1241,0.0,-0.0008333472224535399,0.5594681708299811,0.0
100505,16.245270754512575,0.5592264302981467,560,681,1241,0.0,-0.0008333472224535399,0.5594681708299811,0.0
100506,16.24443740729012,0.5592264302981467,560,681,1241,0.0,-0.0008333472224535399,0.5593875906527047,-8.058017727639034e-05
100507,16.243604060067668,0.5600322320709106,560,681,1241,0.0008058017727639033,-0.0008333472224535399,0.5593875906527047,0.0
100508,16.242770712845214,0.5616438356164384,560,681,1241,0.0016116035455278066,-0.0008333472224535399,0.5595487510072574,0.00016116035455278067
100509,16.24193736562276,0.5616438356164384,560,681,1241,0.0,-0.0008333472224535399,0.5597904915390867,0.00024174053182917098
100510,16.241104018400307,0.5624496373892023,560,681,1241,0.0008058017727639033,-0.0008333472224535399,0.5601128122481922,0.00032232070910556134
100511,16.240270671177854,0.5624496373892023,560,681,1241,0.0,-0.0008333472224535399,0.5604351329572979,0.00032232070910556134
100512,16.2394373239554,0.5624496373892023,560,681,1241,0.0,-0.0008333472224535399,0.5607574536664034,0.00032232070910556134
100513,16.238603976732946,0.5624496373892023,560,681,1241,0.0,-0.0008333472224535399,0.5610797743755089,0.00032232070910556134
100514,16.237770629510493,0.5624496373892023,560,681,1241,0.0,-0.0008333472224535399,0.5614020950846145,0.00032232070910556134
100515,16.23693728228804,0.5624496373892023,560,681,1241,0.0,-0.0008333472224535399,0.56172441579372,0.00032232070910556134
100516,16.236103935065586,0.5640612409347301,560,681,1241,0.0016116035455278066,-0.0008333472224535399,0.5622078968573785,0.00048348106365834196
100517,16.235270587843132,0.5640612409347301,560,681,1241,0.0,-0.0008333472224535399,0.5626107977437604,0.00040290088638195165
100518,16.23443724062068,0.5640612409347301,560,681,1241,0.0,-0.0008333472224535399,0.5628525382755896,0.00024174053182917098
100519,16.233603893398225,0.5640612409347301,560,681,1241,0.0,-0.0008333472224535399,0.5630942788074188,0.00024174053182917098
100520,16.23277054617577,0.5640612409347301,560,681,1241,0.0,-0.0008333472224535399,0.5632554391619717,0.00016116035455278067
100521,16.23193719895331,0.5632554391619662,560,681,1241,-0.0008058017727639033,-0.0008333472224606453,0.563336019339248,8.058017727639034e-05
100522,16.231103851730857,0.5632554391619662,560,681,1241,0.0,-0.0008333472224535399,0.5634165995165243,8.058017727639034e-05
100523,16.230270504508404,0.5624496373892023,560,681,1241,-0.0008058017727639033,-0.0008333472224535399,0.5634165995165243,0.0
100524,16.22943715728595,0.5624496373892023,560,681,1241,0.0,-0.0008333472224535399,0.5634165995165243,0.0
100525,16.228603810063497,0.5624496373892023,560,681,1241,0.0,-0.0008333472224535399,0.5634165995165243,0.0
100526,16.227770462841043,0.5624496373892023,560,681,1241,0.0,-0.0008333472224535399,0.5632554391619715,-0.00016116035455278067
100527,16.22693711561859,0.5624496373892023,560,681,1241,0.0,-0.0008333472224535399,0.5630942788074187,-0.00016116035455278067
100528,16.226103768396136,0.5624496373892023,560,681,1241,0.0,-0.0008333472224535399,0.5629331184528658,-0.00016116035455278067
100529,16.225270421173683,0.5624496373892023,560,681,1241,0.0,-0.0008333472224535399,0.5627719580983129,-0.00016116035455278067
100530,16.22443707395123,0.5624496373892023,560,681,1241,0.0,-0.0008333472224535399,0.56261079774376,-0.00016116035455278067
100531,16.223603726728776,0.5624496373892023,560,681,1241,0.0,-0.0008333472224535399,0.5625302175664836,-8.058017727639034e-05
100532,16.222770379506322,0.5632554391619662,560,681,1241,0.0008058017727639033,-0.0008333472224535399,0.5625302175664836,0.0
100533,16.22193703228387,0.5632554391619662,560,681,1241,0.0,-0.0008333472224535399,0.56261079774376,8.058017727639034e-05
100534,16.221103685061415,0.5632554391619662,560,681,1241,0.0,-0.0008333472224535399,0.5626913779210364,8.058017727639034e-05
100535,16.22027033783896,0.5624496373892023,560,681,1241,-0.0008058017727639033,-0.0008333472224535399,0.5626913779210364,0.0
100536,16.219436990616508,0.5616438356164384,560,681,1241,-0.0008058017727639033,-0.0008333472224535399,0.56261079774376,-8.058017727639034e-05
100537,16.218603643394054,0.5616438356164384,560,681,1241,0.0,-0.0008333472224535399,0.5625302175664837,-8.058017727639034e-05
100538,16.2177702961716,0.5624496373892023,560,681,1241,0.0008058017727639033,-0.0008333472224535399,0.5625302175664837,0.0
100539,16.216936948949147,0.5624496373892023,560,681,1241,0.0,-0.0008333472224535399,0.5625302175664837,0.0
100540,16.216103601726694,0.5624496373892023,560,681,1241,0.0,-0.0008333472224535399,0.5625302175664837,0.0
100541,16.21527025450424,0.5624496373892023,560,681,1241,0.0,-0.0008333472224535399,0.5625302175664837,0.0
100542,16.214436907281787,0.5624496373892023,560,681,1241,0.0,-0.0008333472224535399,0.5624496373892073,-8.058017727639034e-05
100543,16.213603560059333,0.5624496373892023,560,681,1241,0.0,-0.0008333472224535399,0.5623690572119309,-8.058017727639034e-05
100544,16.21277021283688,0.5624496373892023,560,681,1241,0.0,-0.0008333472224535399,0.5622884770346546,-8.058017727639034e-05
100545,16.211936865614426,0.5632554391619662,560,681,1241,0.0008058017727639033,-0.0008333472224535399,0.562369057211931,8.058017727639034e-05
100546,16.211103518391973,0.5632554391619662,560,681,1241,0.0,-0.0008333472224535399,0.5625302175664838,0.00016116035455278067
100547,16.21027017116952,0.5632554391619662,560,681,1241,0.0,-0.0008333472224535399,0.5626913779210365,0.00016116035455278067
100548,16.209436823947065,0.5624496373892023,560,681,1241,-0.0008058017727639033,-0.0008333472224535399,0.5626913779210365,0.0
100549,16.208603476724612,0.5624496373892023,560,681,1241,0.0,-0.0008333472224535399,0.5626913779210365,0.0
100550,16.20777012950216,0.5624496373892023,560,681,1241,0.0,-0.0008333472224535399,0.5626913779210365,0.0
100551,16.206936782279705,0.5624496373892023,560,681,1241,0.0,-0.0008333472224535399,0.5626913779210365,0.0
100552,16.20610343505725,0.5624496373892023,560,681,1241,0.0,-0.0008333472224535399,0.5626913779210365,0.0
100553,16.205270087834798,0.5624496373892023,560,681,1241,0.0,-0.0008333472224535399,0.5626913779210365,0.0
100554,16.204436740612344,0.5624496373892023,560,681,1241,0.0,-0.0008333472224535399,0.5626913779210365,0.0
100555,16.20360339338989,0.5624496373892023,560,681,1241,0.0,-0.0008333472224535399,0.5626107977437601,-8.058017727639034e-05
100556,16.202770046167437,0.5632554391619662,560,681,1241,0.0008058017727639033,-0.0008333472224535399,0.5626107977437601,0.0
100557,16.201936698944984,0.5632554391619662,560,681,1241,0.0,-0.0008333472224535399,0.5626107977437601,0.0
100558,16.20110335172253,0.5632554391619662,560,681,1241,0.0,-0.0008333472224535399,0.5626913779210365,8.058017727639034e-05
100559,16.200270004500076,0.5632554391619662,560,681,1241,0.0,-0.0008333472224535399,0.5627719580983129,8.058017727639034e-05
100560,16.199436657277623,0.5632554391619662,560,681,1241,0.0,-0.0008333472224535399,0.5628525382755892,8.058017727639034e-05
100561,16.19860331005517,0.5616438356164384,560,681,1241,-0.0016116035455278066,-0.0008333472224535399,0.5627719580983129,-8.058017727639034e-05
100562,16.197769962832716,0.5616438356164384,560,681,1241,0.0,-0.0008333472224535399,0.5626913779210365,-8.058017727639034e-05
100563,16.196936615610255,0.5616438356164384,560,681,1241,0.0,-0.0008333472224606453,0.5626107977437602,-8.058017727639034e-05
100564,16.1961032683878,0.5616438356164384,560,681,1241,0.0,-0.0008333472224535399,0.5625302175664839,-8.058017727639034e-05
100565,16.195269921165348,0.5616438356164384,560,681,1241,0.0,-0.0008333472224535399,0.5624496373892075,-8.058017727639034e-05
100566,16.194436573942895,0.5616438356164384,560,681,1241,0.0,-0.0008333472224535399,0.5622884770346548,-0.00016116035455278067
100567,16.19360322672044,0.5616438356164384,560,681,1241,0.0,-0.0008333472224535399,0.562127316680102,-0.00016116035455278067
100568,16.192769879497988,0.5616438356164384,560,681,1241,0.0,-0.0008333472224535399,0.5619661563255491,-0.00016116035455278067
100569,16.191936532275534,0.5616438356164384,560,681,1241,0.0,-0.0008333472224535399,0.5618049959709964,-0.00016116035455278067
100570,16.19110318505308,0.5616438356164384,560,681,1241,0.0,-0.0008333472224535399,0.5616438356164436,-0.00016116035455278067
100571,16.190269837830627,0.5616438356164384,560,681,1241,0.0,-0.0008333472224535399,0.5616438356164436,0.0
100572,16.189436490608173,0.5624496373892023,560,681,1241,0.0008058017727639033,-0.0008333472224535399,0.56172441579372,8.058017727639034e-05
100573,16.18860314338572,0.5624496373892023,560,681,1241,0.0,-0.0008333472224535399,0.5618049959709964,8.058017727639034e-05
100574,16.187769796163266,0.5624496373892023,560,681,1241,0.0,-0.0008333472224535399,0.5618855761482727,8.058017727639034e-05
100575,16.186936448940813,0.5624496373892023,560,681,1241,0.0,-0.0008333472224535399,0.5619661563255491,8.058017727639034e-05
100576,16.18610310171836,0.5624496373892023,560,681,1241,0.0,-0.0008333472224535399,0.5620467365028254,8.058017727639034e-05
100577,16.185269754495906,0.5624496373892023,560,681,1241,0.0,-0.0008333472224535399,0.5621273166801017,8.058017727639034e-05
100578,16.184436407273452,0.5624496373892023,560,681,1241,0.0,-0.0008333472224535399,0.5622078968573782,8.058017727639034e-05
100579,16.183603060051,0.5624496373892023,560,681,1241,0.0,-0.0008333472224535399,0.5622884770346545,8.058017727639034e-05
100580,16.182769712828545,0.5624496373892023,560,681,1241,0.0,-0.0008333472224535399,0.5623690572119309,8.058017727639034e-05
100581,16.18193636560609,0.5632554391619662,560,681,1241,0.0008058017727639033,-0.0008333472224535399,0.5625302175664836,0.00016116035455278067
100582,16.181103018383638,0.5632554391619662,560,681,1241,0.0,-0.0008333472224535399,0.56261079774376,8.058017727639034e-05
100583,16.180269671161184,0.5632554391619662,560,681,1241,0.0,-0.0008333472224535399,0.5626913779210364,8.058017727639034e-05
100584,16.17943632393873,0.5632554391619662,560,681,1241,0.0,-0.0008333472224535399,0.5627719580983127,8.058017727639034e-05
100585,16.178602976716277,0.5640612409347301,560,681,1241,0.0008058017727639033,-0.0008333472224535399,0.5629331184528656,0.00016116035455278067
100586,16.177769629493824,0.5640612409347301,560,681,1241,0.0,-0.0008333472224535399,0.5630942788074185,0.00016116035455278067
100587,16.17693628227137,0.5640612409347301,560,681,1241,0.0,-0.0008333472224535399,0.5632554391619713,0.00016116035455278067
100588,16.176102935048917,0.5640612409347301,560,681,1241,0.0,-0.0008333472224535399,0.5634165995165242,0.00016116035455278067
100589,16.175269587826463,0.5640612409347301,560,681,1241,0.0,-0.0008333472224535399,0.563577759871077,0.00016116035455278067
100590,16.17443624060401,0.5640612409347301,560,681,1241,0.0,-0.0008333472224535399,0.56373892022563,0.00016116035455278067
100591,16.173602893381556,0.5640612409347301,560,681,1241,0.0,-0.0008333472224535399,0.5638195004029064,8.058017727639034e-05
100592,16.172769546159103,0.5632554391619662,560,681,1241,-0.0008058017727639033,-0.0008333472224535399,0.5638195004029064,0.0
100593,16.17193619893665,0.5632554391619662,560,681,1241,0.0,-0.0008333472224535399,0.5638195004029064,0.0
100594,16.171102851714195,0.5640612409347301,560,681,1241,0.0008058017727639033,-0.0008333472224535399,0.5639000805801827,8.058017727639034e-05
100595,16.170269504491742,0.5640612409347301,560,681,1241,0.0,-0.0008333472224535399,0.5639000805801826,0.0
100596,16.16943615726929,0.564867042707494,560,681,1241,0.0008058017727639033,-0.0008333472224535399,0.563980660757459,8.058017727639034e-05
100597,16.168602810046835,0.5640612409347301,560,681,1241,-0.0008058017727639033,-0.0008333472224535399,0.563980660757459,0.0
100598,16.16776946282438,0.5640612409347301,560,681,1241,0.0,-0.0008333472224535399,0.563980660757459,0.0
100599,16.166936115601928,0.5632554391619662,560,681,1241,-0.0008058017727639033,-0.0008333472224535399,0.5639000805801826,-8.058017727639034e-05
100600,16.166102768379474,0.5632554391619662,560,681,1241,0.0,-0.0008333472224535399,0.5638195004029063,-8.058017727639034e-05
100601,16.16526942115702,0.5624496373892023,560,681,1241,-0.0008058017727639033,-0.0008333472224535399,0.5636583400483535,-0.00016116035455278067
100602,16.164436073934567,0.5624496373892023,560,681,1241,0.0,-0.0008333472224535399,0.5635777598710769,-8.058017727639034e-05
100603,16.163602726712114,0.5616438356164384,560,681,1241,-0.0008058017727639033,-0.0008333472224535399,0.5634165995165242,-0.00016116035455278067
100604,16.16276937948966,0.5616438356164384,560,681,1241,0.0,-0.0008333472224535399,0.563174858984695,-0.00024174053182917098
100605,16.161936032267207,0.5616438356164384,560,681,1241,0.0,-0.0008333472224535399,0.5629331184528658,-0.00024174053182917098
100606,16.161102685044746,0.5616438356164384,560,681,1241,0.0,-0.0008333472224606453,0.5626107977437602,-0.00032232070910556134
100607,16.160269337822292,0.5616438356164384,560,681,1241,0.0,-0.0008333472224535399,0.562369057211931,-0.00024174053182917098
100608,16.15943599059984,0.5616438356164384,560,681,1241,0.0,-0.0008333472224535399,0.5621273166801017,-0.00024174053182917098
100609,16.158602643377385,0.5616438356164384,560,681,1241,0.0,-0.0008333472224535399,0.561966156325549,-0.00016116035455278067
100610,16.15776929615493,0.5616438356164384,560,681,1241,0.0,-0.0008333472224535399,0.5618049959709962,-0.00016116035455278067
100611,16.156935948932478,0.5616438356164384,560,681,1241,0.0,-0.0008333472224535399,0.5617244157937199,-8.058017727639034e-05
100612,16.156102601710025,0.5616438356164384,560,681,1241,0.0,-0.0008333472224535399,0.5616438356164435,-8.058017727639034e-05
100613,16.15526925448757,0.5616438356164384,560,681,1241,0.0,-0.0008333472224535399,0.5616438356164435,0.0
100614,16.154435907265118,0.5624496373892023,560,681,1241,0.0008058017727639033,-0.0008333472224535399,0.5617244157937199,8.058017727639034e-05
100615,16.153602560042664,0.5624496373892023,560,681,1241,0.0,-0.0008333472224535399,0.5618049959709962,8.058017727639034e-05
100616,16.15276921282021,0.5624496373892023,560,681,1241,0.0,-0.0008333472224535399,0.5618855761482726,8.058017727639034e-05
100617,16.151935865597757,0.5624496373892023,560,681,1241,0.0,-0.0008333472224535399,0.5619661563255489,8.058017727639034e-05
100618,16.151102518375303,0.5624496373892023,560,681,1241,0.0,-0.0008333472224535399,0.5620467365028252,8.058017727639034e-05
100619,16.15026917115285,0.5624496373892023,560,681,1241,0.0,-0.0008333472224535399,0.5621273166801016,8.058017727639034e-05
100620,16.149435823930396,0.5624496373892023,560,681,1241,0.0,-0.0008333472224535399,0.5622078968573779,8.058017727639034e-05
100621,16.148602476707943,0.5624496373892023,560,681,1241,0.0,-0.0008333472224535399,0.5622884770346543,8.058017727639034e-05
100622,16.14776912948549,0.5624496373892023,560,681,1241,0.0,-0.0008333472224535399,0.5623690572119306,8.058017727639034e-05
100623,16.146935782263036,0.5616438356164384,560,681,1241,-0.0008058017727639033,-0.0008333472224535399,0.5623690572119306,0.0
100624,16.146102435040582,0.5616438356164384,560,681,1241,0.0,-0.0008333472224535399,0.5622884770346543,-8.058017727639034e-05
100625,16.14526908781813,0.5616438356164384,560,681,1241,0.0,-0.0008333472224535399,0.5622078968573779,-8.058017727639034e-05
100626,16.144435740595675,0.5616438356164384,560,681,1241,0.0,-0.0008333472224535399,0.5621273166801016,-8.058017727639034e-05
100627,16.14360239337322,0.5616438356164384,560,681,1241,0.0,-0.0008333472224535399,0.5620467365028252,-8.058017727639034e-05
100628,16.142769046150768,0.5608380338436745,560,681,1241,-0.0008058017727639033,-0.0008333472224535399,0.5618855761482726,-0.00016116035455278067
100629,16.141935698928314,0.5608380338436745,560,681,1241,0.0,-0.0008333472224535399,0.5617244157937199,-0.00016116035455278067
100630,16.14110235170586,0.5608380338436745,560,681,1241,0.0,-0.0008333472224535399,0.5615632554391672,-0.00016116035455278067
100631,16.140269004483407,0.5608380338436745,560,681,1241,0.0,-0.0008333472224535399,0.5614020950846145,-0.00016116035455278067
100632,16.139435657260954,0.5608380338436745,560,681,1241,0.0,-0.0008333472224535399,0.5612409347300618,-0.00016116035455278067
100633,16.1386023100385,0.5608380338436745,560,681,1241,0.0,-0.0008333472224535399,0.5611603545527855,-8.058017727639034e-05
100634,16.137768962816047,0.5608380338436745,560,681,1241,0.0,-0.0008333472224535399,0.5610797743755092,-8.058017727639034e-05
100635,16.136935615593593,0.5616438356164384,560,681,1241,0.0008058017727639033,-0.0008333472224535399,0.5610797743755092,0.0
100636,16.13610226837114,0.5616438356164384,560,681,1241,0.0,-0.0008333472224535399,0.5610797743755092,0.0
100637,16.135268921148686,0.5616438356164384,560,681,1241,0.0,-0.0008333472224535399,0.5610797743755092,0.0
100638,16.134435573926233,0.5616438356164384,560,681,1241,0.0,-0.0008333472224535399,0.5611603545527855,8.058017727639034e-05
100639,16.13360222670378,0.5616438356164384,560,681,1241,0.0,-0.0008333472224535399,0.5612409347300618,8.058017727639034e-05
100640,16.132768879481326,0.5616438356164384,560,681,1241,0.0,-0.0008333472224535399,0.5613215149073382,8.058017727639034e-05
100641,16.131935532258872,0.5616438356164384,560,681,1241,0.0,-0.0008333472224535399,0.5614020950846145,8.058017727639034e-05
100642,16.13110218503642,0.5616438356164384,560,681,1241,0.0,-0.0008333472224535399,0.5614826752618909,8.058017727639034e-05
100643,16.130268837813965,0.5616438356164384,560,681,1241,0.0,-0.0008333472224535399,0.5615632554391672,8.058017727639034e-05
100644,16.12943549059151,0.5616438356164384,560,681,1241,0.0,-0.0008333472224535399,0.5616438356164435,8.058017727639034e-05
100645,16.128602143369058,0.5616438356164384,560,681,1241,0.0,-0.0008333472224535399,0.5616438356164435,0.0
100646,16.127768796146604,0.5616438356164384,560,681,1241,0.0,-0.0008333472224535399,0.5616438356164435,0.0
100647,16.12693544892415,0.5616438356164384,560,681,1241,0.0,-0.0008333472224535399,0.5616438356164435,0.0
100648,16.12610210170169,0.5616438356164384,560,681,1241,0.0,-0.0008333472224606453,0.5616438356164435,0.0
100649,16.125268754479237,0.5616438356164384,560,681,1241,0.0,-0.0008333472224535399,0.5616438356164435,0.0
100650,16.124435407256783,0.5616438356164384,560,681,1241,0.0,-0.0008333472224535399,0.5616438356164435,0.0
100651,16.12360206003433,0.5616438356164384,560,681,1241,0.0,-0.0008333472224535399,0.5616438356164435,0.0
100652,16.122768712811876,0.5616438356164384,560,681,1241,0.0,-0.0008333472224535399,0.5616438356164435,0.0
100653,16.121935365589422,0.5616438356164384,560,681,1241,0.0,-0.0008333472224535399,0.5616438356164435,0.0
100654,16.12110201836697,0.5616438356164384,560,681,1241,0.0,-0.0008333472224535399,0.5616438356164435,0.0
100655,16.120268671144515,0.5608380338436745,560,681,1241,-0.0008058017727639033,-0.0008333472224535399,0.5615632554391672,-8.058017727639034e-05
100656,16.119435323922062,0.5608380338436745,560,681,1241,0.0,-0.0008333472224535399,0.5614826752618909,-8.058017727639034e-05
100657,16.11860197669961,0.5608380338436745,560,681,1241,0.0,-0.0008333472224535399,0.5614020950846145,-8.058017727639034e-05
100658,16.117768629477155,0.5608380338436745,560,681,1241,0.0,-0.0008333472224535399,0.5613215149073382,-8.058017727639034e-05
100659,16.1169352822547,0.5600322320709106,560,681,1241,-0.0008058017727639033,-0.0008333472224535399,0.5611603545527853,-0.00016116035455278067
100660,16.116101935032248,0.5600322320709106,560,681,1241,0.0,-0.0008333472224535399,0.5609991941982326,-0.00016116035455278067
100661,16.115268587809794,0.5600322320709106,560,681,1241,0.0,-0.0008333472224535399,0.5608380338436798,-0.00016116035455278067
100662,16.11443524058734,0.5592264302981467,560,681,1241,-0.0008058017727639033,-0.0008333472224535399,0.5605962933118507,-0.00024174053182917098
100663,16.113601893364887,0.5600322320709106,560,681,1241,0.0008058017727639033,-0.0008333472224535399,0.5604351329572979,-0.00016116035455278067
100664,16.112768546142433,0.5600322320709106,560,681,1241,0.0,-0.0008333472224535399,0.5602739726027451,-0.00016116035455278067
100665,16.11193519891998,0.5592264302981467,560,681,1241,-0.0008058017727639033,-0.0008333472224535399,0.5601128122481922,-0.00016116035455278067
100666,16.111101851697526,0.5600322320709106,560,681,1241,0.0008058017727639033,-0.0008333472224535399,0.5600322320709159,-8.058017727639034e-05
100667,16.110268504475073,0.5600322320709106,560,681,1241,0.0,-0.0008333472224535399,0.5599516518936396,-8.058017727639034e-05
100668,16.10943515725262,0.5600322320709106,560,681,1241,0.0,-0.0008333472224535399,0.5598710717163632,-8.058017727639034e-05
100669,16.108601810030166,0.5600322320709106,560,681,1241,0.0,-0.0008333472224535399,0.5598710717163632,0.0
100670,16.107768462807712,0.5592264302981467,560,681,1241,-0.0008058017727639033,-0.0008333472224535399,0.5597904915390868,-8.058017727639034e-05
100671,16.10693511558526,0.5592264302981467,560,681,1241,0.0,-0.0008333472224535399,0.5597099113618105,-8.058017727639034e-05
100672,16.106101768362805,0.5592264302981467,560,681,1241,0.0,-0.0008333472224535399,0.5597099113618105,0.0
100673,16.10526842114035,0.5592264302981467,560,681,1241,0.0,-0.0008333472224535399,0.5596293311845341,-8.058017727639034e-05
100674,16.104435073917898,0.5592264302981467,560,681,1241,0.0,-0.0008333472224535399,0.5595487510072578,-8.058017727639034e-05
100675,16.103601726695445,0.5592264302981467,560,681,1241,0.0,-0.0008333472224535399,0.5595487510072579,0.0
100676,16.10276837947299,0.5592264302981467,560,681,1241,0.0,-0.0008333472224535399,0.5594681708299813,-8.058017727639034e-05
100677,16.101935032250537,0.5592264302981467,560,681,1241,0.0,-0.0008333472224535399,0.559387590652705,-8.058017727639034e-05
100678,16.101101685028084,0.5592264302981467,560,681,1241,0.0,-0.0008333472224535399,0.5593070104754287,-8.058017727639034e-05
100679,16.10026833780563,0.5600322320709106,560,681,1241,0.0008058017727639033,-0.0008333472224535399,0.5593070104754287,0.0
100680,16.099434990583177,0.5600322320709106,560,681,1241,0.0,-0.0008333472224535399,0.5593875906527052,8.058017727639034e-05
100681,16.098601643360723,0.5600322320709106,560,681,1241,0.0,-0.0008333472224535399,0.5594681708299815,8.058017727639034e-05
100682,16.09776829613827,0.5600322320709106,560,681,1241,0.0,-0.0008333472224535399,0.5595487510072579,8.058017727639034e-05
100683,16.096934948915816,0.5600322320709106,560,681,1241,0.0,-0.0008333472224535399,0.5596293311845342,8.058017727639034e-05
100684,16.096101601693363,0.5608380338436745,560,681,1241,0.0008058017727639033,-0.0008333472224535399,0.559790491539087,0.00016116035455278067
100685,16.09526825447091,0.5608380338436745,560,681,1241,0.0,-0.0008333472224535399,0.5599516518936399,0.00016116035455278067
100686,16.094434907248456,0.5608380338436745,560,681,1241,0.0,-0.0008333472224535399,0.5601128122481928,0.00016116035455278067
100687,16.093601560026002,0.5608380338436745,560,681,1241,0.0,-0.0008333472224535399,0.5602739726027457,0.00016116035455278067
100688,16.09276821280355,0.5608380338436745,560,681,1241,0.0,-0.0008333472224535399,0.5604351329572985,0.00016116035455278067
100689,16.091934865581095,0.5608380338436745,560,681,1241,0.0,-0.0008333472224535399,0.5605157131345749,8.058017727639034e-05
100690,16.091101518358634,0.5608380338436745,560,681,1241,0.0,-0.0008333472224606453,0.5605962933118513,8.058017727639034e-05
100691,16.09026817113618,0.5608380338436745,560,681,1241,0.0,-0.0008333472224535399,0.5606768734891276,8.058017727639034e-05
100692,16.089434823913727,0.5608380338436745,560,681,1241,0.0,-0.0008333472224535399,0.560757453666404,8.058017727639034e-05
100693,16.088601476691274,0.5608380338436745,560,681,1241,0.0,-0.0008333472224535399,0.5608380338436804,8.058017727639034e-05
100694,16.08776812946882,0.5608380338436745,560,681,1241,0.0,-0.0008333472224535399,0.5608380338436803,0.0
100695,16.086934782246367,0.5608380338436745,560,681,1241,0.0,-0.0008333472224535399,0.5608380338436803,0.0
100696,16.086101435023913,0.5608380338436745,560,681,1241,0.0,-0.0008333472224535399,0.5608380338436803,0.0
100697,16.08526808780146,0.5608380338436745,560,681,1241,0.0,-0.0008333472224535399,0.5608380338436803,0.0
100698,16.084434740579006,0.5608380338436745,560,681,1241,0.0,-0.0008333472224535399,0.5608380338436803,0.0
100699,16.083601393356552,0.5608380338436745,560,681,1241,0.0,-0.0008333472224535399,0.5608380338436803,0.0
100700,16.0827680461341,0.5608380338436745,560,681,1241,0.0,-0.0008333472224535399,0.5608380338436803,0.0
100701,16.081934698911645,0.5608380338436745,560,681,1241,0.0,-0.0008333472224535399,0.5608380338436803,0.0
100702,16.081101351689192,0.5608380338436745,560,681,1241,0.0,-0.0008333472224535399,0.5608380338436803,0.0
100703,16.08026800446674,0.5608380338436745,560,681,1241,0.0,-0.0008333472224535399,0.5608380338436803,0.0
100704,16.079434657244285,0.5608380338436745,560,681,1241,0.0,-0.0008333472224535399,0.5608380338436803,0.0
100705,16.07860131002183,0.5608380338436745,560,681,1241,0.0,-0.0008333472224535399,0.5608380338436803,0.0
100706,16.077767962799378,0.5608380338436745,560,681,1241,0.0,-0.0008333472224535399,0.5608380338436803,0.0
100707,16.076934615576924,0.5608380338436745,560,681,1241,0.0,-0.0008333472224535399,0.5608380338436803,0.0
100708,16.07610126835447,0.5608380338436745,560,681,1241,0.0,-0.0008333472224535399,0.5608380338436803,0.0
100709,16.075267921132017,0.5608380338436745,560,681,1241,0.0,-0.0008333472224535399,0.5608380338436803,0.0
100710,16.074434573909564,0.5608380338436745,560,681,1241,0.0,-0.0008333472224535399,0.5608380338436803,0.0
100711,16.07360122668711,0.5600322320709106,560,681,1241,-0.0008058017727639033,-0.0008333472224535399,0.560757453666404,-8.058017727639034e-05
100712,16.072767879464656,0.5600322320709106,560,681,1241,0.0,-0.0008333472224535399,0.5606768734891275,-8.058017727639034e-05
100713,16.071934532242203,0.5600322320709106,560,681,1241,0.0,-0.0008333472224535399,0.5605962933118512,-8.058017727639034e-05
100714,16.07110118501975,0.5600322320709106,560,681,1241,0.0,-0.0008333472224535399,0.5605157131345748,-8.058017727639034e-05
100715,16.070267837797296,0.5600322320709106,560,681,1241,0.0,-0.0008333472224535399,0.5604351329572985,-8.058017727639034e-05
100716,16.069434490574842,0.5608380338436745,560,681,1241,0.0008058017727639033,-0.0008333472224535399,0.5604351329572985,0.0
100717,16.06860114335239,0.5608380338436745,560,681,1241,0.0,-0.0008333472224535399,0.5604351329572985,0.0
100718,16.067767796129935,0.5608380338436745,560,681,1241,0.0,-0.0008333472224535399,0.5604351329572985,0.0
100719,16.06693444890748,0.5608380338436745,560,681,1241,0.0,-0.0008333472224535399,0.5604351329572985,0.0
100720,16.066101101685028,0.5608380338436745,560,681,1241,0.0,-0.0008333472224535399,0.5604351329572985,0.0
100721,16.065267754462575,0.5616438356164384,560,681,1241,0.0008058017727639033,-0.0008333472224535399,0.5605962933118513,0.00016116035455278067
100722,16.06443440724012,0.5616438356164384,560,681,1241,0.0,-0.0008333472224535399,0.5607574536664041,0.00016116035455278067
100723,16.063601060017668,0.5624496373892023,560,681,1241,0.0008058017727639033,-0.0008333472224535399,0.5609991941982332,0.00024174053182917098
100724,16.062767712795214,0.5624496373892023,560,681,1241,0.0,-0.0008333472224535399,0.5612409347300624,0.00024174053182917098
100725,16.06193436557276,0.5632554391619662,560,681,1241,0.0008058017727639033,-0.0008333472224535399,0.561563255439168,0.00032232070910556134
100726,16.061101018350307,0.5632554391619662,560,681,1241,0.0,-0.0008333472224535399,0.5618049959709971,0.00024174053182917098
100727,16.060267671127853,0.5632554391619662,560,681,1241,0.0,-0.0008333472224535399,0.5620467365028263,0.00024174053182917098
100728,16.0594343239054,0.5632554391619662,560,681,1241,0.0,-0.0008333472224535399,0.5622884770346556,0.00024174053182917098
100729,16.058600976682946,0.5632554391619662,560,681,1241,0.0,-0.0008333472224535399,0.5625302175664848,0.00024174053182917098
100730,16.057767629460493,0.5632554391619662,560,681,1241,0.0,-0.0008333472224535399,0.5627719580983139,0.00024174053182917098
100731,16.05693428223804,0.5640612409347301,560,681,1241,0.0008058017727639033,-0.0008333472224535399,0.5630136986301432,0.00024174053182917098
100732,16.056100935015586,0.5640612409347301,560,681,1241,0.0,-0.0008333472224535399,0.5632554391619724,0.00024174053182917098
100733,16.055267587793125,0.5640612409347301,560,681,1241,0.0,-0.0008333472224606453,0.5634165995165252,0.00016116035455278067
100734,16.05443424057067,0.564867042707494,560,681,1241,0.0008058017727639033,-0.0008333472224535399,0.5636583400483545,0.00024174053182917098
100735,16.053600893348218,0.564867042707494,560,681,1241,0.0,-0.0008333472224535399,0.5638195004029073,0.00016116035455278067
100736,16.052767546125764,0.5640612409347301,560,681,1241,-0.0008058017727639033,-0.0008333472224535399,0.5639000805801836,8.058017727639034e-05
100737,16.05193419890331,0.5640612409347301,560,681,1241,0.0,-0.0008333472224535399,0.56398066075746,8.058017727639034e-05
100738,16.051100851680857,0.5640612409347301,560,681,1241,0.0,-0.0008333472224535399,0.5640612409347363,8.058017727639034e-05
100739,16.050267504458404,0.5640612409347301,560,681,1241,0.0,-0.0008333472224535399,0.5641418211120126,8.058017727639034e-05
100740,16.04943415723595,0.5640612409347301,560,681,1241,0.0,-0.0008333472224535399,0.564222401289289,8.058017727639034e-05
100741,16.048600810013497,0.5640612409347301,560,681,1241,0.0,-0.0008333472224535399,0.5642224012892889,0.0
100742,16.047767462791043,0.5640612409347301,560,681,1241,0.0,-0.0008333472224535399,0.5642224012892889,0.0
100743,16.04693411556859,0.5632554391619662,560,681,1241,-0.0008058017727639033,-0.0008333472224535399,0.5641418211120126,-8.058017727639034e-05
100744,16.046100768346136,0.5632554391619662,560,681,1241,0.0,-0.0008333472224535399,0.5639806607574598,-0.00016116035455278067
100745,16.045267421123683,0.5632554391619662,560,681,1241,0.0,-0.0008333472224535399,0.563819500402907,-0.00016116035455278067
100746,16.04443407390123,0.5632554391619662,560,681,1241,0.0,-0.0008333472224535399,0.5637389202256307,-8.058017727639034e-05
100747,16.043600726678775,0.5632554391619662,560,681,1241,0.0,-0.0008333472224535399,0.5636583400483544,-8.058017727639034e-05
100748,16.042767379456322,0.5632554391619662,560,681,1241,0.0,-0.0008333472224535399,0.5635777598710779,-8.058017727639034e-05
100749,16.04193403223387,0.5632554391619662,560,681,1241,0.0,-0.0008333472224535399,0.5634971796938016,-8.058017727639034e-05
100750,16.041100685011415,0.5632554391619662,560,681,1241,0.0,-0.0008333472224535399,0.5634165995165252,-8.058017727639034e-05
100751,16.04026733778896,0.5640612409347301,560,681,1241,0.0008058017727639033,-0.0008333472224535399,0.5634165995165252,0.0
100752,16.039433990566508,0.5640612409347301,560,681,1241,0.0,-0.0008333472224535399,0.5634165995165252,0.0
100753,16.038600643344054,0.5640612409347301,560,681,1241,0.0,-0.0008333472224535399,0.5634971796938018,8.058017727639034e-05
100754,16.0377672961216,0.5640612409347301,560,681,1241,0.0,-0.0008333472224535399,0.563577759871078,8.058017727639034e-05
100755,16.036933948899147,0.5640612409347301,560,681,1241,0.0,-0.0008333472224535399,0.5636583400483544,8.058017727639034e-05
100756,16.036100601676694,0.5640612409347301,560,681,1241,0.0,-0.0008333472224535399,0.5637389202256308,8.058017727639034e-05
100757,16.03526725445424,0.5640612409347301,560,681,1241,0.0,-0.0008333472224535399,0.5638195004029071,8.058017727639034e-05
100758,16.034433907231787,0.5640612409347301,560,681,1241,0.0,-0.0008333472224535399,0.5639000805801835,8.058017727639034e-05
100759,16.033600560009333,0.5640612409347301,560,681,1241,0.0,-0.0008333472224535399,0.5639806607574598,8.058017727639034e-05
100760,16.03276721278688,0.564867042707494,560,681,1241,0.0008058017727639033,-0.0008333472224535399,0.5641418211120126,0.00016116035455278067
100761,16.031933865564426,0.564867042707494,560,681,1241,0.0,-0.0008333472224535399,0.5642224012892889,8.058017727639034e-05
100762,16.031100518341972,0.564867042707494,560,681,1241,0.0,-0.0008333472224535399,0.5643029814665652,8.058017727639034e-05
100763,16.03026717111952,0.564867042707494,560,681,1241,0.0,-0.0008333472224535399,0.5643835616438416,8.058017727639034e-05
100764,16.029433823897065,0.5640612409347301,560,681,1241,-0.0008058017727639033,-0.0008333472224535399,0.5643835616438416,0.0
100765,16.02860047667461,0.564867042707494,560,681,1241,0.0008058017727639033,-0.0008333472224535399,0.5644641418211179,8.058017727639034e-05
100766,16.027767129452158,0.564867042707494,560,681,1241,0.0,-0.0008333472224535399,0.5645447219983943,8.058017727639034e-05
100767,16.026933782229705,0.564867042707494,560,681,1241,0.0,-0.0008333472224535399,0.5646253021756706,8.058017727639034e-05
100768,16.02610043500725,0.564867042707494,560,681,1241,0.0,-0.0008333472224535399,0.5647058823529469,8.058017727639034e-05
100769,16.025267087784798,0.5640612409347301,560,681,1241,-0.0008058017727639033,-0.0008333472224535399,0.5647058823529469,0.0
100770,16.024433740562344,0.5640612409347301,560,681,1241,0.0,-0.0008333472224535399,0.5646253021756706,-8.058017727639034e-05
100771,16.02360039333989,0.5640612409347301,560,681,1241,0.0,-0.0008333472224535399,0.5645447219983943,-8.058017727639034e-05
100772,16.022767046117437,0.5640612409347301,560,681,1241,0.0,-0.0008333472224535399,0.5644641418211179,-8.058017727639034e-05
100773,16.021933698894983,0.5640612409347301,560,681,1241,0.0,-0.0008333472224535399,0.5643835616438416,-8.058017727639034e-05
100774,16.02110035167253,0.5640612409347301,560,681,1241,0.0,-0.0008333472224535399,0.5643835616438416,0.0
100775,16.02026700445007,0.5640612409347301,560,681,1241,0.0,-0.0008333472224606453,0.5643029814665652,-8.058017727639034e-05
100776,16.019433657227616,0.5632554391619662,560,681,1241,-0.0008058017727639033,-0.0008333472224535399,0.5641418211120125,-0.00016116035455278067
100777,16.018600310005162,0.5624496373892023,560,681,1241,-0.0008058017727639033,-0.0008333472224535399,0.5639000805801834,-0.00024174053182917098
100778,16.01776696278271,0.5624496373892023,560,681,1241,0.0,-0.0008333472224535399,0.5636583400483541,-0.00024174053182917098
100779,16.016933615560255,0.5624496373892023,560,681,1241,0.0,-0.0008333472224535399,0.5634971796938013,-0.00016116035455278067
100780,16.0161002683378,0.5624496373892023,560,681,1241,0.0,-0.0008333472224535399,0.5633360193392484,-0.00016116035455278067
100781,16.015266921115348,0.5624496373892023,560,681,1241,0.0,-0.0008333472224535399,0.5631748589846955,-0.00016116035455278067
100782,16.014433573892894,0.5616438356164384,560,681,1241,-0.0008058017727639033,-0.0008333472224535399,0.5629331184528663,-0.00024174053182917098
100783,16.01360022667044,0.5616438356164384,560,681,1241,0.0,-0.0008333472224535399,0.5626913779210371,-0.00024174053182917098
100784,16.012766879447987,0.5616438356164384,560,681,1241,0.0,-0.0008333472224535399,0.5624496373892078,-0.00024174053182917098
100785,16.011933532225534,0.5616438356164384,560,681,1241,0.0,-0.0008333472224535399,0.5622078968573787,-0.00024174053182917098
100786,16.01110018500308,0.5616438356164384,560,681,1241,0.0,-0.0008333472224535399,0.5620467365028259,-0.00016116035455278067
100787,16.010266837780627,0.5624496373892023,560,681,1241,0.0008058017727639033,-0.0008333472224535399,0.562046736502826,0.0
100788,16.009433490558173,0.5616438356164384,560,681,1241,-0.0008058017727639033,-0.0008333472224535399,0.5619661563255496,-8.058017727639034e-05
100789,16.00860014333572,0.5616438356164384,560,681,1241,0.0,-0.0008333472224535399,0.5618855761482733,-8.058017727639034e-05
100790,16.007766796113266,0.5616438356164384,560,681,1241,0.0,-0.0008333472224535399,0.561804995970997,-8.058017727639034e-05
100791,16.006933448890813,0.5616438356164384,560,681,1241,0.0,-0.0008333472224535399,0.5617244157937206,-8.058017727639034e-05
100792,16.00610010166836,0.5624496373892023,560,681,1241,0.0008058017727639033,-0.0008333472224535399,0.561804995970997,8.058017727639034e-05
100793,16.005266754445906,0.5624496373892023,560,681,1241,0.0,-0.0008333472224535399,0.5618855761482733,8.058017727639034e-05
100794,16.004433407223452,0.5624496373892023,560,681,1241,0.0,-0.0008333472224535399,0.5619661563255496,8.058017727639034e-05
100795,16.003600060001,0.5624496373892023,560,681,1241,0.0,-0.0008333472224535399,0.562046736502826,8.058017727639034e-05
100796,16.002766712778545,0.5624496373892023,560,681,1241,0.0,-0.0008333472224535399,0.5621273166801023,8.058017727639034e-05
100797,16.00193336555609,0.5624496373892023,560,681,1241,0.0,-0.0008333472224535399,0.5621273166801023,0.0
100798,16.001100018333638,0.5616438356164384,560,681,1241,-0.0008058017727639033,-0.0008333472224535399,0.5621273166801023,0.0
100799,16.000266671111184,0.5616438356164384,560,681,1241,0.0,-0.0008333472224535399,0.5621273166801023,0.0
100800,15.99943332388873,0.5616438356164384,560,681,1241,0.0,-0.0008333472224535399,0.5621273166801023,0.0
100801,15.998599976666277,0.5616438356164384,560,681,1241,0.0,-0.0008333472224535399,0.5621273166801023,0.0
100802,15.997766629443824,0.5616438356164384,560,681,1241,0.0,-0.0008333472224535399,0.562046736502826,-8.058017727639034e-05
100803,15.99693328222137,0.5616438356164384,560,681,1241,0.0,-0.0008333472224535399,0.5619661563255496,-8.058017727639034e-05
100804,15.996099934998917,0.5616438356164384,560,681,1241,0.0,-0.0008333472224535399,0.5618855761482733,-8.058017727639034e-05
100805,15.995266587776463,0.5616438356164384,560,681,1241,0.0,-0.0008333472224535399,0.561804995970997,-8.058017727639034e-05
100806,15.99443324055401,0.5616438356164384,560,681,1241,0.0,-0.0008333472224535399,0.5617244157937206,-8.058017727639034e-05
100807,15.993599893331556,0.5616438356164384,560,681,1241,0.0,-0.0008333472224535399,0.5616438356164443,-8.058017727639034e-05
100808,15.992766546109102,0.5616438356164384,560,681,1241,0.0,-0.0008333472224535399,0.5616438356164443,0.0
100809,15.991933198886649,0.5616438356164384,560,681,1241,0.0,-0.0008333472224535399,0.5616438356164443,0.0
100810,15.991099851664195,0.5616438356164384,560,681,1241,0.0,-0.0008333472224535399,0.5616438356164443,0.0
100811,15.990266504441742,0.5616438356164384,560,681,1241,0.0,-0.0008333472224535399,0.5616438356164443,0.0
100812,15.989433157219288,0.5616438356164384,560,681,1241,0.0,-0.0008333472224535399,0.5616438356164443,0.0
100813,15.988599809996835,0.5616438356164384,560,681,1241,0.0,-0.0008333472224535399,0.5616438356164443,0.0
100814,15.987766462774381,0.5616438356164384,560,681,1241,0.0,-0.0008333472224535399,0.5616438356164443,0.0
100815,15.986933115551928,0.5616438356164384,560,681,1241,0.0,-0.0008333472224535399,0.5616438356164443,0.0
100816,15.986099768329474,0.5616438356164384,560,681,1241,0.0,-0.0008333472224535399,0.5616438356164443,0.0
100817,15.98526642110702,0.5616438356164384,560,681,1241,0.0,-0.0008333472224535399,0.5616438356164443,0.0
100818,15.98443307388456,0.5616438356164384,560,681,1241,0.0,-0.0008333472224606453,0.5616438356164443,0.0
100819,15.983599726662106,0.5616438356164384,560,681,1241,0.0,-0.0008333472224535399,0.5616438356164443,0.0
100820,15.982766379439653,0.5616438356164384,560,681,1241,0.0,-0.0008333472224535399,0.5616438356164443,0.0
100821,15.9819330322172,0.5616438356164384,560,681,1241,0.0,-0.0008333472224535399,0.5616438356164443,0.0
100822,15.981099684994746,0.5616438356164384,560,681,1241,0.0,-0.0008333472224535399,0.5616438356164443,0.0
100823,15.980266337772292,0.5616438356164384,560,681,1241,0.0,-0.0008333472224535399,0.5616438356164443,0.0
100824,15.979432990549839,0.5616438356164384,560,681,1241,0.0,-0.0008333472224535399,0.5616438356164443,0.0
100825,15.978599643327385,0.5616438356164384,560,681,1241,0.0,-0.0008333472224535399,0.5616438356164443,0.0
100826,15.977766296104932,0.5616438356164384,560,681,1241,0.0,-0.0008333472224535399,0.5616438356164443,0.0
100827,15.976932948882478,0.5616438356164384,560,681,1241,0.0,-0.0008333472224535399,0.5616438356164443,0.0
100828,15.976099601660025,0.5616438356164384,560,681,1241,0.0,-0.0008333472224535399,0.5616438356164443,0.0
100829,15.975266254437571,0.5616438356164384,560,681,1241,0.0,-0.0008333472224535399,0.5616438356164443,0.0
100830,15.974432907215117,0.5616438356164384,560,681,1241,0.0,-0.0008333472224535399,0.5616438356164443,0.0
100831,15.973599559992664,0.5624496373892023,560,681,1241,0.0008058017727639033,-0.0008333472224535399,0.5617244157937206,8.058017727639034e-05
100832,15.97276621277021,0.5624496373892023,560,681,1241,0.0,-0.0008333472224535399,0.561804995970997,8.058017727639034e-05
100833,15.971932865547757,0.5624496373892023,560,681,1241,0.0,-0.0008333472224535399,0.5618855761482733,8.058017727639034e-05
100834,15.971099518325303,0.5624496373892023,560,681,1241,0.0,-0.0008333472224535399,0.5619661563255496,8.058017727639034e-05
100835,15.97026617110285,0.5624496373892023,560,681,1241,0.0,-0.0008333472224535399,0.562046736502826,8.058017727639034e-05
100836,15.969432823880396,0.5624496373892023,560,681,1241,0.0,-0.0008333472224535399,0.5621273166801023,8.058017727639034e-05
100837,15.968599476657943,0.5624496373892023,560,681,1241,0.0,-0.0008333472224535399,0.5622078968573787,8.058017727639034e-05
100838,15.96776612943549,0.5624496373892023,560,681,1241,0.0,-0.0008333472224535399,0.562288477034655,8.058017727639034e-05
100839,15.966932782213036,0.5624496373892023,560,681,1241,0.0,-0.0008333472224535399,0.5623690572119313,8.058017727639034e-05
100840,15.966099434990582,0.5624496373892023,560,681,1241,0.0,-0.0008333472224535399,0.5624496373892077,8.058017727639034e-05
100841,15.965266087768129,0.5624496373892023,560,681,1241,0.0,-0.0008333472224535399,0.5624496373892077,0.0
100842,15.964432740545675,0.5624496373892023,560,681,1241,0.0,-0.0008333472224535399,0.5624496373892077,0.0
100843,15.963599393323221,0.5624496373892023,560,681,1241,0.0,-0.0008333472224535399,0.5624496373892077,0.0
100844,15.962766046100768,0.5624496373892023,560,681,1241,0.0,-0.0008333472224535399,0.5624496373892077,0.0
100845,15.961932698878314,0.5624496373892023,560,681,1241,0.0,-0.0008333472224535399,0.5624496373892077,0.0
100846,15.96109935165586,0.5624496373892023,560,681,1241,0.0,-0.0008333472224535399,0.5624496373892077,0.0
100847,15.960266004433407,0.5624496373892023,560,681,1241,0.0,-0.0008333472224535399,0.5624496373892077,0.0
100848,15.959432657210954,0.5624496373892023,560,681,1241,0.0,-0.0008333472224535399,0.5624496373892077,0.0
100849,15.9585993099885,0.5624496373892023,560,681,1241,0.0,-0.0008333472224535399,0.5624496373892077,0.0
100850,15.957765962766047,0.5624496373892023,560,681,1241,0.0,-0.0008333472224535399,0.5624496373892077,0.0
100851,15.956932615543593,0.5624496373892023,560,681,1241,0.0,-0.0008333472224535399,0.5624496373892077,0.0
100852,15.95609926832114,0.5624496373892023,560,681,1241,0.0,-0.0008333472224535399,0.5624496373892077,0.0
100853,15.955265921098686,0.5624496373892023,560,681,1241,0.0,-0.0008333472224535399,0.5624496373892077,0.0
100854,15.954432573876232,0.5624496373892023,560,681,1241,0.0,-0.0008333472224535399,0.5624496373892077,0.0
100855,15.953599226653779,0.5624496373892023,560,681,1241,0.0,-0.0008333472224535399,0.5624496373892077,0.0
100856,15.952765879431325,0.5624496373892023,560,681,1241,0.0,-0.0008333472224535399,0.5624496373892077,0.0
100857,15.951932532208872,0.5616438356164384,560,681,1241,-0.0008058017727639033,-0.0008333472224535399,0.5623690572119313,-8.058017727639034e-05
100858,15.951099184986418,0.5616438356164384,560,681,1241,0.0,-0.0008333472224535399,0.562288477034655,-8.058017727639034e-05
100859,15.950265837763965,0.5616438356164384,560,681,1241,0.0,-0.0008333472224535399,0.5622078968573787,-8.058017727639034e-05
100860,15.949432490541504,0.5616438356164384,560,681,1241,0.0,-0.0008333472224606453,0.5621273166801023,-8.058017727639034e-05
100861,15.94859914331905,0.5616438356164384,560,681,1241,0.0,-0.0008333472224535399,0.562046736502826,-8.058017727639034e-05
100862,15.947765796096597,0.5616438356164384,560,681,1241,0.0,-0.0008333472224535399,0.5619661563255496,-8.058017727639034e-05
100863,15.946932448874144,0.5616438356164384,560,681,1241,0.0,-0.0008333472224535399,0.5618855761482733,-8.058017727639034e-05
100864,15.94609910165169,0.5616438356164384,560,681,1241,0.0,-0.0008333472224535399,0.561804995970997,-8.058017727639034e-05
100865,15.945265754429236,0.5616438356164384,560,681,1241,0.0,-0.0008333472224535399,0.5617244157937206,-8.058017727639034e-05
100866,15.944432407206783,0.5616438356164384,560,681,1241,0.0,-0.0008333472224535399,0.5616438356164443,-8.058017727639034e-05
100867,15.94359905998433,0.5624496373892023,560,681,1241,0.0008058017727639033,-0.0008333472224535399,0.5617244157937206,8.058017727639034e-05
100868,15.942765712761876,0.5624496373892023,560,681,1241,0.0,-0.0008333472224535399,0.561804995970997,8.058017727639034e-05
100869,15.941932365539422,0.5624496373892023,560,681,1241,0.0,-0.0008333472224535399,0.5618855761482733,8.058017727639034e-05
100870,15.941099018316969,0.5624496373892023,560,681,1241,0.0,-0.0008333472224535399,0.5619661563255496,8.058017727639034e-05
100871,15.940265671094515,0.5624496373892023,560,681,1241,0.0,-0.0008333472224535399,0.562046736502826,8.058017727639034e-05
100872,15.939432323872062,0.5640612409347301,560,681,1241,0.0016116035455278066,-0.0008333472224535399,0.5622884770346552,0.00024174053182917098
100873,15.938598976649608,0.5640612409347301,560,681,1241,0.0,-0.0008333472224535399,0.5625302175664844,0.00024174053182917098
100874,15.937765629427155,0.5640612409347301,560,681,1241,0.0,-0.0008333472224535399,0.5627719580983136,0.00024174053182917098
100875,15.936932282204701,0.5640612409347301,560,681,1241,0.0,-0.0008333472224535399,0.5630136986301428,0.00024174053182917098
100876,15.936098934982247,0.5640612409347301,560,681,1241,0.0,-0.0008333472224535399,0.5632554391619721,0.00024174053182917098
100877,15.935265587759794,0.5640612409347301,560,681,1241,0.0,-0.0008333472224535399,0.5634165995165249,0.00016116035455278067
100878,15.93443224053734,0.5640612409347301,560,681,1241,0.0,-0.0008333472224535399,0.5635777598710778,0.00016116035455278067
100879,15.933598893314887,0.564867042707494,560,681,1241,0.0008058017727639033,-0.0008333472224535399,0.563819500402907,0.00024174053182917098
100880,15.932765546092433,0.564867042707494,560,681,1241,0.0,-0.0008333472224535399,0.5640612409347362,0.00024174053182917098
100881,15.93193219886998,0.564867042707494,560,681,1241,0.0,-0.0008333472224535399,0.5643029814665654,0.00024174053182917098
100882,15.931098851647526,0.564867042707494,560,681,1241,0.0,-0.0008333472224535399,0.5643835616438417,8.058017727639034e-05
100883,15.930265504425073,0.5640612409347301,560,681,1241,-0.0008058017727639033,-0.0008333472224535399,0.5643835616438417,0.0
100884,15.92943215720262,0.5632554391619662,560,681,1241,-0.0008058017727639033,-0.0008333472224535399,0.5643029814665654,-8.058017727639034e-05
100885,15.928598809980166,0.5632554391619662,560,681,1241,0.0,-0.0008333472224535399,0.5642224012892891,-8.058017727639034e-05
100886,15.927765462757712,0.5632554391619662,560,681,1241,0.0,-0.0008333472224535399,0.5641418211120127,-8.058017727639034e-05
100887,15.926932115535259,0.5632554391619662,560,681,1241,0.0,-0.0008333472224535399,0.5640612409347364,-8.058017727639034e-05
100888,15.926098768312805,0.5632554391619662,560,681,1241,0.0,-0.0008333472224535399,0.56398066075746,-8.058017727639034e-05
100889,15.925265421090351,0.5632554391619662,560,681,1241,0.0,-0.0008333472224535399,0.5638195004029073,-0.00016116035455278067
100890,15.924432073867898,0.5624496373892023,560,681,1241,-0.0008058017727639033,-0.0008333472224535399,0.5635777598710782,-0.00024174053182917098
100891,15.923598726645444,0.5632554391619662,560,681,1241,0.0008058017727639033,-0.0008333472224535399,0.5634165995165253,-0.00016116035455278067
100892,15.92276537942299,0.5632554391619662,560,681,1241,0.0,-0.0008333472224535399,0.5632554391619726,-0.00016116035455278067
100893,15.921932032200537,0.5640612409347301,560,681,1241,0.0008058017727639033,-0.0008333472224535399,0.5632554391619726,0.0
100894,15.921098684978084,0.5640612409347301,560,681,1241,0.0,-0.0008333472224535399,0.563336019339249,8.058017727639034e-05
100895,15.92026533775563,0.5640612409347301,560,681,1241,0.0,-0.0008333472224535399,0.5634165995165253,8.058017727639034e-05
100896,15.919431990533177,0.5640612409347301,560,681,1241,0.0,-0.0008333472224535399,0.5634971796938018,8.058017727639034e-05
100897,15.918598643310723,0.564867042707494,560,681,1241,0.0008058017727639033,-0.0008333472224535399,0.5636583400483545,0.00016116035455278067
100898,15.91776529608827,0.564867042707494,560,681,1241,0.0,-0.0008333472224535399,0.5638195004029073,0.00016116035455278067
100899,15.916931948865816,0.564867042707494,560,681,1241,0.0,-0.0008333472224535399,0.56398066075746,0.00016116035455278067
100900,15.916098601643363,0.564867042707494,560,681,1241,0.0,-0.0008333472224535399,0.5642224012892892,0.00024174053182917098
100901,15.915265254420909,0.564867042707494,560,681,1241,0.0,-0.0008333472224535399,0.5643835616438421,0.00016116035455278067
100902,15.914431907198448,0.564867042707494,560,681,1241,0.0,-0.0008333472224606453,0.5645447219983948,0.00016116035455278067
100903,15.913598559975995,0.564867042707494,560,681,1241,0.0,-0.0008333472224535399,0.5646253021756712,8.058017727639034e-05
100904,15.912765212753541,0.564867042707494,560,681,1241,0.0,-0.0008333472224535399,0.5647058823529475,8.058017727639034e-05
100905,15.911931865531088,0.564867042707494,560,681,1241,0.0,-0.0008333472224535399,0.5647864625302239,8.058017727639034e-05
100906,15.911098518308634,0.564867042707494,560,681,1241,0.0,-0.0008333472224535399,0.5648670427075002,8.058017727639034e-05
100907,15.91026517108618,0.564867042707494,560,681,1241,0.0,-0.0008333472224535399,0.5648670427075002,0.0
100908,15.909431823863727,0.5640612409347301,560,681,1241,-0.0008058017727639033,-0.0008333472224535399,0.5647864625302239,-8.058017727639034e-05
100909,15.908598476641274,0.5640612409347301,560,681,1241,0.0,-0.0008333472224535399,0.5647058823529475,-8.058017727639034e-05
100910,15.90776512941882,0.5632554391619662,560,681,1241,-0.0008058017727639033,-0.0008333472224535399,0.5645447219983948,-0.00016116035455278067
100911,15.906931782196366,0.5624496373892023,560,681,1241,-0.0008058017727639033,-0.0008333472224535399,0.5643029814665657,-0.00024174053182917098
100912,15.906098434973913,0.5624496373892023,560,681,1241,0.0,-0.0008333472224535399,0.5640612409347364,-0.00024174053182917098
100913,15.90526508775146,0.5632554391619662,560,681,1241,0.0008058017727639033,-0.0008333472224535399,0.5639000805801836,-0.00016116035455278067
100914,15.904431740529006,0.5632554391619662,560,681,1241,0.0,-0.0008333472224535399,0.5637389202256309,-0.00016116035455278067
100915,15.903598393306552,0.5632554391619662,560,681,1241,0.0,-0.0008333472224535399,0.563577759871078,-0.00016116035455278067
100916,15.902765046084099,0.5632554391619662,560,681,1241,0.0,-0.0008333472224535399,0.5634165995165252,-0.00016116035455278067
100917,15.901931698861645,0.5632554391619662,560,681,1241,0.0,-0.0008333472224535399,0.5632554391619725,-0.00016116035455278067
100918,15.901098351639192,0.5624496373892023,560,681,1241,-0.0008058017727639033,-0.0008333472224535399,0.5630942788074197,-0.00016116035455278067
100919,15.900265004416738,0.5624496373892023,560,681,1241,0.0,-0.0008333472224535399,0.5629331184528669,-0.00016116035455278067
100920,15.899431657194285,0.5624496373892023,560,681,1241,0.0,-0.0008333472224535399,0.5628525382755905,-8.058017727639034e-05
100921,15.898598309971831,0.5624496373892023,560,681,1241,0.0,-0.0008333472224535399,0.5628525382755905,0.0
100922,15.897764962749378,0.5624496373892023,560,681,1241,0.0,-0.0008333472224535399,0.5628525382755905,0.0
100923,15.896931615526924,0.5624496373892023,560,681,1241,0.0,-0.0008333472224535399,0.562771958098314,-8.058017727639034e-05
100924,15.89609826830447,0.5624496373892023,560,681,1241,0.0,-0.0008333472224535399,0.5626913779210377,-8.058017727639034e-05
100925,15.895264921082017,0.5624496373892023,560,681,1241,0.0,-0.0008333472224535399,0.5626107977437613,-8.058017727639034e-05
100926,15.894431573859563,0.5624496373892023,560,681,1241,0.0,-0.0008333472224535399,0.562530217566485,-8.058017727639034e-05
100927,15.89359822663711,0.5624496373892023,560,681,1241,0.0,-0.0008333472224535399,0.5624496373892087,-8.058017727639034e-05
100928,15.892764879414656,0.5624496373892023,560,681,1241,0.0,-0.0008333472224535399,0.5624496373892087,0.0
100929,15.891931532192203,0.5624496373892023,560,681,1241,0.0,-0.0008333472224535399,0.5624496373892087,0.0
100930,15.89109818496975,0.5624496373892023,560,681,1241,0.0,-0.0008333472224535399,0.5624496373892087,0.0
100931,15.890264837747296,0.5624496373892023,560,681,1241,0.0,-0.0008333472224535399,0.5624496373892087,0.0
100932,15.889431490524842,0.5624496373892023,560,681,1241,0.0,-0.0008333472224535399,0.5624496373892087,0.0
100933,15.888598143302389,0.5624496373892023,560,681,1241,0.0,-0.0008333472224535399,0.5624496373892087,0.0
100934,15.887764796079935,0.5624496373892023,560,681,1241,0.0,-0.0008333472224535399,0.5624496373892087,0.0
100935,15.886931448857482,0.5624496373892023,560,681,1241,0.0,-0.0008333472224535399,0.5624496373892087,0.0
100936,15.886098101635028,0.5624496373892023,560,681,1241,0.0,-0.0008333472224535399,0.5624496373892087,0.0
100937,15.885264754412574,0.5624496373892023,560,681,1241,0.0,-0.0008333472224535399,0.5624496373892087,0.0
100938,15.884431407190121,0.5624496373892023,560,681,1241,0.0,-0.0008333472224535399,0.5624496373892087,0.0
100939,15.883598059967667,0.5624496373892023,560,681,1241,0.0,-0.0008333472224535399,0.5624496373892087,0.0
100940,15.882764712745214,0.5624496373892023,560,681,1241,0.0,-0.0008333472224535399,0.5624496373892087,0.0
100941,15.88193136552276,0.5632554391619662,560,681,1241,0.0008058017727639033,-0.0008333472224535399,0.5625302175664851,8.058017727639034e-05
100942,15.881098018300307,0.5632554391619662,560,681,1241,0.0,-0.0008333472224535399,0.5626107977437614,8.058017727639034e-05
100943,15.880264671077853,0.5632554391619662,560,681,1241,0.0,-0.0008333472224535399,0.5626913779210378,8.058017727639034e-05
100944,15.8794313238554,0.5632554391619662,560,681,1241,0.0,-0.0008333472224535399,0.5627719580983142,8.058017727639034e-05
100945,15.878597976632939,0.5640612409347301,560,681,1241,0.0008058017727639033,-0.0008333472224606453,0.562933118452867,0.00016116035455278067
100946,15.877764629410485,0.5632554391619662,560,681,1241,-0.0008058017727639033,-0.0008333472224535399,0.5630136986301434,8.058017727639034e-05
100947,15.876931282188032,0.5632554391619662,560,681,1241,0.0,-0.0008333472224535399,0.5630942788074197,8.058017727639034e-05
100948,15.876097934965578,0.5632554391619662,560,681,1241,0.0,-0.0008333472224535399,0.5631748589846961,8.058017727639034e-05
100949,15.875264587743125,0.5632554391619662,560,681,1241,0.0,-0.0008333472224535399,0.5632554391619724,8.058017727639034e-05
100950,15.874431240520671,0.5632554391619662,560,681,1241,0.0,-0.0008333472224535399,0.5633360193392487,8.058017727639034e-05
100951,15.873597893298218,0.5632554391619662,560,681,1241,0.0,-0.0008333472224535399,0.5633360193392487,0.0
100952,15.872764546075764,0.5632554391619662,560,681,1241,0.0,-0.0008333472224535399,0.5633360193392487,0.0
100953,15.87193119885331,0.5632554391619662,560,681,1241,0.0,-0.0008333472224535399,0.5633360193392487,0.0
100954,15.871097851630857,0.5632554391619662,560,681,1241,0.0,-0.0008333472224535399,0.5633360193392487,0.0
100955,15.870264504408404,0.5632554391619662,560,681,1241,0.0,-0.0008333472224535399,0.5632554391619724,-8.058017727639034e-05
100956,15.86943115718595,0.5632554391619662,560,681,1241,0.0,-0.0008333472224535399,0.5632554391619724,0.0
100957,15.868597809963497,0.5632554391619662,560,681,1241,0.0,-0.0008333472224535399,0.5632554391619724,0.0
100958,15.867764462741043,0.5632554391619662,560,681,1241,0.0,-0.0008333472224535399,0.5632554391619724,0.0
100959,15.86693111551859,0.5640612409347301,560,681,1241,0.0008058017727639033,-0.0008333472224535399,0.5633360193392488,8.058017727639034e-05
100960,15.866097768296136,0.5640612409347301,560,681,1241,0.0,-0.0008333472224535399,0.5634165995165252,8.058017727639034e-05
100961,15.865264421073682,0.5640612409347301,560,681,1241,0.0,-0.0008333472224535399,0.5634971796938015,8.058017727639034e-05
100962,15.864431073851229,0.5632554391619662,560,681,1241,-0.0008058017727639033,-0.0008333472224535399,0.5634971796938015,0.0
100963,15.863597726628775,0.5632554391619662,560,681,1241,0.0,-0.0008333472224535399,0.5634971796938015,0.0
100964,15.862764379406322,0.5632554391619662,560,681,1241,0.0,-0.0008333472224535399,0.5634971796938015,0.0
100965,15.861931032183868,0.5632554391619662,560,681,1241,0.0,-0.0008333472224535399,0.5634971796938015,0.0
100966,15.861097684961415,0.5632554391619662,560,681,1241,0.0,-0.0008333472224535399,0.5634971796938015,0.0
100967,15.860264337738961,0.5624496373892023,560,681,1241,-0.0008058017727639033,-0.0008333472224535399,0.5634165995165252,-8.058017727639034e-05
100968,15.859430990516508,0.5624496373892023,560,681,1241,0.0,-0.0008333472224535399,0.5633360193392488,-8.058017727639034e-05
100969,15.858597643294054,0.5616438356164384,560,681,1241,-0.0008058017727639033,-0.0008333472224535399,0.5630942788074197,-0.00024174053182917098
100970,15.8577642960716,0.5616438356164384,560,681,1241,0.0,-0.0008333472224535399,0.5628525382755905,-0.00024174053182917098
100971,15.856930948849147,0.5616438356164384,560,681,1241,0.0,-0.0008333472224535399,0.5626107977437613,-0.00024174053182917098
100972,15.856097601626693,0.5616438356164384,560,681,1241,0.0,-0.0008333472224535399,0.5624496373892085,-0.00016116035455278067
100973,15.85526425440424,0.5624496373892023,560,681,1241,0.0008058017727639033,-0.0008333472224535399,0.5623690572119322,-8.058017727639034e-05
100974,15.854430907181786,0.5616438356164384,560,681,1241,-0.0008058017727639033,-0.0008333472224535399,0.5622078968573794,-0.00016116035455278067
100975,15.853597559959333,0.5616438356164384,560,681,1241,0.0,-0.0008333472224535399,0.5620467365028265,-0.00016116035455278067
100976,15.85276421273688,0.5616438356164384,560,681,1241,0.0,-0.0008333472224535399,0.5618855761482738,-0.00016116035455278067
100977,15.851930865514426,0.5616438356164384,560,681,1241,0.0,-0.0008333472224535399,0.5618049959709974,-8.058017727639034e-05
100978,15.851097518291972,0.5616438356164384,560,681,1241,0.0,-0.0008333472224535399,0.5617244157937211,-8.058017727639034e-05
100979,15.850264171069519,0.5616438356164384,560,681,1241,0.0,-0.0008333472224535399,0.5617244157937211,0.0
100980,15.849430823847065,0.5616438356164384,560,681,1241,0.0,-0.0008333472224535399,0.5617244157937211,0.0
100981,15.848597476624612,0.5616438356164384,560,681,1241,0.0,-0.0008333472224535399,0.5617244157937211,0.0
100982,15.847764129402158,0.5616438356164384,560,681,1241,0.0,-0.0008333472224535399,0.5617244157937211,0.0
100983,15.846930782179705,0.5616438356164384,560,681,1241,0.0,-0.0008333472224535399,0.5616438356164448,-8.058017727639034e-05
100984,15.846097434957251,0.5608380338436745,560,681,1241,-0.0008058017727639033,-0.0008333472224535399,0.5615632554391684,-8.058017727639034e-05
100985,15.845264087734797,0.5608380338436745,560,681,1241,0.0,-0.0008333472224535399,0.5614826752618921,-8.058017727639034e-05
100986,15.844430740512344,0.5608380338436745,560,681,1241,0.0,-0.0008333472224535399,0.5614020950846157,-8.058017727639034e-05
100987,15.843597393289883,0.5608380338436745,560,681,1241,0.0,-0.0008333472224606453,0.5613215149073394,-8.058017727639034e-05
100988,15.84276404606743,0.5600322320709106,560,681,1241,-0.0008058017727639033,-0.0008333472224535399,0.5611603545527866,-0.00016116035455278067
100989,15.841930698844976,0.5600322320709106,560,681,1241,0.0,-0.0008333472224535399,0.5609991941982339,-0.00016116035455278067
100990,15.841097351622523,0.5608380338436745,560,681,1241,0.0008058017727639033,-0.0008333472224535399,0.5609186140209574,-8.058017727639034e-05
100991,15.840264004400069,0.5616438356164384,560,681,1241,0.0008058017727639033,-0.0008333472224535399,0.5609186140209574,0.0
100992,15.839430657177616,0.5616438356164384,560,681,1241,0.0,-0.0008333472224535399,0.5609186140209574,0.0
100993,15.838597309955162,0.5608380338436745,560,681,1241,-0.0008058017727639033,-0.0008333472224535399,0.5608380338436811,-8.058017727639034e-05
100994,15.837763962732708,0.5608380338436745,560,681,1241,0.0,-0.0008333472224535399,0.5608380338436811,0.0
100995,15.836930615510255,0.5608380338436745,560,681,1241,0.0,-0.0008333472224535399,0.5608380338436811,0.0
100996,15.836097268287801,0.5608380338436745,560,681,1241,0.0,-0.0008333472224535399,0.5608380338436811,0.0
100997,15.835263921065348,0.5608380338436745,560,681,1241,0.0,-0.0008333472224535399,0.5608380338436811,0.0
100998,15.834430573842894,0.5600322320709106,560,681,1241,-0.0008058017727639033,-0.0008333472224535399,0.5608380338436811,0.0
100999,15.83359722662044,0.5600322320709106,560,681,1241,0.0,-0.0008333472224535399,0.5608380338436811,0.0
101000,15.832763879397987,0.5600322320709106,560,681,1241,0.0,-0.0008333472224535399,0.5607574536664048,-8.058017727639034e-05
101001,15.831930532175534,0.5592264302981467,560,681,1241,-0.0008058017727639033,-0.0008333472224535399,0.5605157131345756,-0.00024174053182917098
101002,15.83109718495308,0.5592264302981467,560,681,1241,0.0,-0.0008333472224535399,0.5602739726027464,-0.00024174053182917098
101003,15.830263837730627,0.5592264302981467,560,681,1241,0.0,-0.0008333472224535399,0.5601128122481935,-0.00016116035455278067
101004,15.829430490508173,0.5592264302981467,560,681,1241,0.0,-0.0008333472224535399,0.5599516518936406,-0.00016116035455278067
101005,15.82859714328572,0.5592264302981467,560,681,1241,0.0,-0.0008333472224535399,0.5597904915390878,-0.00016116035455278067
101006,15.827763796063266,0.5592264302981467,560,681,1241,0.0,-0.0008333472224535399,0.5596293311845348,-0.00016116035455278067
101007,15.826930448840812,0.5584206285253828,560,681,1241,-0.0008058017727639033,-0.0008333472224535399,0.5593875906527057,-0.00024174053182917098
101008,15.826097101618359,0.5584206285253828,560,681,1241,0.0,-0.0008333472224535399,0.5592264302981529,-0.00016116035455278067
101009,15.825263754395905,0.5584206285253828,560,681,1241,0.0,-0.0008333472224535399,0.5590652699436001,-0.00016116035455278067
101010,15.824430407173452,0.5584206285253828,560,681,1241,0.0,-0.0008333472224535399,0.5589041095890473,-0.00016116035455278067
101011,15.823597059950998,0.5584206285253828,560,681,1241,0.0,-0.0008333472224535399,0.5588235294117709,-8.058017727639034e-05
101012,15.822763712728545,0.5584206285253828,560,681,1241,0.0,-0.0008333472224535399,0.5587429492344945,-8.058017727639034e-05
101013,15.821930365506091,0.5584206285253828,560,681,1241,0.0,-0.0008333472224535399,0.5586623690572182,-8.058017727639034e-05
101014,15.821097018283638,0.5584206285253828,560,681,1241,0.0,-0.0008333472224535399,0.5585817888799418,-8.058017727639034e-05
101015,15.820263671061184,0.5584206285253828,560,681,1241,0.0,-0.0008333472224535399,0.5585012087026655,-8.058017727639034e-05
101016,15.81943032383873,0.5584206285253828,560,681,1241,0.0,-0.0008333472224535399,0.5584206285253892,-8.058017727639034e-05
101017,15.818596976616277,0.5584206285253828,560,681,1241,0.0,-0.0008333472224535399,0.5584206285253892,0.0
101018,15.817763629393824,0.5584206285253828,560,681,1241,0.0,-0.0008333472224535399,0.5584206285253892,0.0
101019,15.81693028217137,0.5584206285253828,560,681,1241,0.0,-0.0008333472224535399,0.5584206285253892,0.0
101020,15.816096934948916,0.5584206285253828,560,681,1241,0.0,-0.0008333472224535399,0.5584206285253892,0.0
101021,15.815263587726463,0.5584206285253828,560,681,1241,0.0,-0.0008333472224535399,0.5584206285253892,0.0
101022,15.81443024050401,0.5584206285253828,560,681,1241,0.0,-0.0008333472224535399,0.5584206285253892,0.0
101023,15.813596893281556,0.5584206285253828,560,681,1241,0.0,-0.0008333472224535399,0.5584206285253892,0.0
101024,15.812763546059102,0.5584206285253828,560,681,1241,0.0,-0.0008333472224535399,0.5584206285253892,0.0
101025,15.811930198836649,0.5584206285253828,560,681,1241,0.0,-0.0008333472224535399,0.5584206285253892,0.0
101026,15.811096851614195,0.5584206285253828,560,681,1241,0.0,-0.0008333472224535399,0.5584206285253892,0.0
101027,15.810263504391742,0.5592264302981467,560,681,1241,0.0008058017727639033,-0.0008333472224535399,0.5585012087026655,8.058017727639034e-05
101028,15.809430157169288,0.5592264302981467,560,681,1241,0.0,-0.0008333472224535399,0.5585817888799418,8.058017727639034e-05
101029,15.808596809946827,0.5592264302981467,560,681,1241,0.0,-0.0008333472224606453,0.5586623690572182,8.058017727639034e-05
101030,15.807763462724374,0.5592264302981467,560,681,1241,0.0,-0.0008333472224535399,0.5587429492344945,8.058017727639034e-05
101031,15.80693011550192,0.5592264302981467,560,681,1241,0.0,-0.0008333472224535399,0.5588235294117709,8.058017727639034e-05
101032,15.806096768279467,0.5592264302981467,560,681,1241,0.0,-0.0008333472224535399,0.5589041095890472,8.058017727639034e-05
101033,15.805263421057013,0.5592264302981467,560,681,1241,0.0,-0.0008333472224535399,0.5589846897663235,8.058017727639034e-05
101034,15.80443007383456,0.5592264302981467,560,681,1241,0.0,-0.0008333472224535399,0.5590652699436,8.058017727639034e-05
101035,15.803596726612106,0.5592264302981467,560,681,1241,0.0,-0.0008333472224535399,0.5591458501208763,8.058017727639034e-05
101036,15.802763379389653,0.5592264302981467,560,681,1241,0.0,-0.0008333472224535399,0.5592264302981527,8.058017727639034e-05
101037,15.8019300321672,0.5592264302981467,560,681,1241,0.0,-0.0008333472224535399,0.5592264302981527,0.0
101038,15.801096684944746,0.5592264302981467,560,681,1241,0.0,-0.0008333472224535399,0.5592264302981527,0.0
101039,15.800263337722292,0.5600322320709106,560,681,1241,0.0008058017727639033,-0.0008333472224535399,0.559307010475429,8.058017727639034e-05
101040,15.799429990499839,0.5600322320709106,560,681,1241,0.0,-0.0008333472224535399,0.5593875906527053,8.058017727639034e-05
101041,15.798596643277385,0.5608380338436745,560,681,1241,0.0008058017727639033,-0.0008333472224535399,0.5595487510072582,0.00016116035455278067
101042,15.797763296054931,0.5608380338436745,560,681,1241,0.0,-0.0008333472224535399,0.559709911361811,0.00016116035455278067
101043,15.796929948832478,0.5608380338436745,560,681,1241,0.0,-0.0008333472224535399,0.559871071716364,0.00016116035455278067
101044,15.796096601610024,0.5608380338436745,560,681,1241,0.0,-0.0008333472224535399,0.5600322320709168,0.00016116035455278067
101045,15.79526325438757,0.5608380338436745,560,681,1241,0.0,-0.0008333472224535399,0.5601933924254696,0.00016116035455278067
101046,15.794429907165117,0.5608380338436745,560,681,1241,0.0,-0.0008333472224535399,0.5603545527800226,0.00016116035455278067
101047,15.793596559942664,0.5608380338436745,560,681,1241,0.0,-0.0008333472224535399,0.5605157131345754,0.00016116035455278067
101048,15.79276321272021,0.5608380338436745,560,681,1241,0.0,-0.0008333472224535399,0.5606768734891283,0.00016116035455278067
101049,15.791929865497757,0.5608380338436745,560,681,1241,0.0,-0.0008333472224535399,0.5607574536664047,8.058017727639034e-05
101050,15.791096518275303,0.5608380338436745,560,681,1241,0.0,-0.0008333472224535399,0.560838033843681,8.058017727639034e-05
101051,15.79026317105285,0.5608380338436745,560,681,1241,0.0,-0.0008333472224535399,0.5608380338436809,0.0
101052,15.789429823830396,0.5608380338436745,560,681,1241,0.0,-0.0008333472224535399,0.5608380338436809,0.0
101053,15.788596476607943,0.5608380338436745,560,681,1241,0.0,-0.0008333472224535399,0.5608380338436809,0.0
101054,15.787763129385489,0.5608380338436745,560,681,1241,0.0,-0.0008333472224535399,0.5608380338436809,0.0
101055,15.786929782163035,0.5608380338436745,560,681,1241,0.0,-0.0008333472224535399,0.5608380338436809,0.0
101056,15.786096434940582,0.5608380338436745,560,681,1241,0.0,-0.0008333472224535399,0.5608380338436809,0.0
101057,15.785263087718128,0.5608380338436745,560,681,1241,0.0,-0.0008333472224535399,0.5608380338436809,0.0
101058,15.784429740495675,0.5608380338436745,560,681,1241,0.0,-0.0008333472224535399,0.5608380338436809,0.0
101059,15.783596393273221,0.5616438356164384,560,681,1241,0.0008058017727639033,-0.0008333472224535399,0.5609186140209573,8.058017727639034e-05
101060,15.782763046050768,0.5616438356164384,560,681,1241,0.0,-0.0008333472224535399,0.5609991941982336,8.058017727639034e-05
101061,15.781929698828314,0.5608380338436745,560,681,1241,-0.0008058017727639033,-0.0008333472224535399,0.5609991941982336,0.0
101062,15.78109635160586,0.5608380338436745,560,681,1241,0.0,-0.0008333472224535399,0.5609991941982336,0.0
101063,15.780263004383407,0.5608380338436745,560,681,1241,0.0,-0.0008333472224535399,0.5609991941982336,0.0
101064,15.779429657160954,0.5600322320709106,560,681,1241,-0.0008058017727639033,-0.0008333472224535399,0.5609186140209573,-8.058017727639034e-05
101065,15.7785963099385,0.5600322320709106,560,681,1241,0.0,-0.0008333472224535399,0.5608380338436809,-8.058017727639034e-05
101066,15.777762962716047,0.5600322320709106,560,681,1241,0.0,-0.0008333472224535399,0.5607574536664046,-8.058017727639034e-05
101067,15.776929615493593,0.5600322320709106,560,681,1241,0.0,-0.0008333472224535399,0.5606768734891283,-8.058017727639034e-05
101068,15.77609626827114,0.5600322320709106,560,681,1241,0.0,-0.0008333472224535399,0.5605962933118519,-8.058017727639034e-05
101069,15.775262921048686,0.5600322320709106,560,681,1241,0.0,-0.0008333472224535399,0.5604351329572992,-0.00016116035455278067
101070,15.774429573826232,0.5600322320709106,560,681,1241,0.0,-0.0008333472224535399,0.5602739726027464,-0.00016116035455278067
101071,15.773596226603779,0.5600322320709106,560,681,1241,0.0,-0.0008333472224535399,0.5601933924254701,-8.058017727639034e-05
101072,15.772762879381318,0.5592264302981467,560,681,1241,-0.0008058017727639033,-0.0008333472224606453,0.5600322320709171,-0.00016116035455278067
101073,15.771929532158865,0.5592264302981467,560,681,1241,0.0,-0.0008333472224535399,0.5598710717163643,-0.00016116035455278067
101074,15.771096184936411,0.5592264302981467,560,681,1241,0.0,-0.0008333472224535399,0.5597904915390879,-8.058017727639034e-05
101075,15.770262837713958,0.5592264302981467,560,681,1241,0.0,-0.0008333472224535399,0.5597099113618115,-8.058017727639034e-05
101076,15.769429490491504,0.5592264302981467,560,681,1241,0.0,-0.0008333472224535399,0.5596293311845352,-8.058017727639034e-05
101077,15.76859614326905,0.5592264302981467,560,681,1241,0.0,-0.0008333472224535399,0.5595487510072588,-8.058017727639034e-05
101078,15.767762796046597,0.5592264302981467,560,681,1241,0.0,-0.0008333472224535399,0.5594681708299825,-8.058017727639034e-05
101079,15.766929448824143,0.5592264302981467,560,681,1241,0.0,-0.0008333472224535399,0.5593875906527062,-8.058017727639034e-05
101080,15.76609610160169,0.5592264302981467,560,681,1241,0.0,-0.0008333472224535399,0.5593070104754297,-8.058017727639034e-05
101081,15.765262754379236,0.5584206285253828,560,681,1241,-0.0008058017727639033,-0.0008333472224535399,0.559145850120877,-0.00016116035455278067
101082,15.764429407156783,0.5584206285253828,560,681,1241,0.0,-0.0008333472224535399,0.5590652699436006,-8.058017727639034e-05
101083,15.76359605993433,0.5584206285253828,560,681,1241,0.0,-0.0008333472224535399,0.5589846897663243,-8.058017727639034e-05
101084,15.762762712711876,0.5584206285253828,560,681,1241,0.0,-0.0008333472224535399,0.5589041095890479,-8.058017727639034e-05
101085,15.761929365489422,0.5584206285253828,560,681,1241,0.0,-0.0008333472224535399,0.5588235294117716,-8.058017727639034e-05
101086,15.761096018266969,0.5592264302981467,560,681,1241,0.0008058017727639033,-0.0008333472224535399,0.5588235294117716,0.0
101087,15.760262671044515,0.5584206285253828,560,681,1241,-0.0008058017727639033,-0.0008333472224535399,0.5587429492344953,-8.058017727639034e-05
101088,15.759429323822062,0.5584206285253828,560,681,1241,0.0,-0.0008333472224535399,0.5586623690572189,-8.058017727639034e-05
101089,15.758595976599608,0.5584206285253828,560,681,1241,0.0,-0.0008333472224535399,0.5585817888799426,-8.058017727639034e-05
101090,15.757762629377154,0.5584206285253828,560,681,1241,0.0,-0.0008333472224535399,0.5585012087026662,-8.058017727639034e-05
101091,15.756929282154701,0.5584206285253828,560,681,1241,0.0,-0.0008333472224535399,0.5585012087026662,0.0
101092,15.756095934932247,0.5584206285253828,560,681,1241,0.0,-0.0008333472224535399,0.5585012087026662,0.0
101093,15.755262587709794,0.5584206285253828,560,681,1241,0.0,-0.0008333472224535399,0.5585012087026662,0.0
101094,15.75442924048734,0.5592264302981467,560,681,1241,0.0008058017727639033,-0.0008333472224535399,0.5585817888799426,8.058017727639034e-05
101095,15.753595893264887,0.5592264302981467,560,681,1241,0.0,-0.0008333472224535399,0.5586623690572189,8.058017727639034e-05
101096,15.752762546042433,0.5592264302981467,560,681,1241,0.0,-0.0008333472224535399,0.5586623690572189,0.0
101097,15.75192919881998,0.5600322320709106,560,681,1241,0.0008058017727639033,-0.0008333472224535399,0.5588235294117717,0.00016116035455278067
101098,15.751095851597526,0.5600322320709106,560,681,1241,0.0,-0.0008333472224535399,0.5589846897663244,0.00016116035455278067
101099,15.750262504375073,0.5600322320709106,560,681,1241,0.0,-0.0008333472224535399,0.5591458501208773,0.00016116035455278067
101100,15.749429157152619,0.5600322320709106,560,681,1241,0.0,-0.0008333472224535399,0.5593070104754301,0.00016116035455278067
101101,15.748595809930166,0.5608380338436745,560,681,1241,0.0008058017727639033,-0.0008333472224535399,0.5595487510072592,0.00024174053182917098
101102,15.747762462707712,0.5608380338436745,560,681,1241,0.0,-0.0008333472224535399,0.5597904915390884,0.00024174053182917098
101103,15.746929115485258,0.5600322320709106,560,681,1241,-0.0008058017727639033,-0.0008333472224535399,0.5599516518936413,0.00016116035455278067
101104,15.746095768262805,0.5600322320709106,560,681,1241,0.0,-0.0008333472224535399,0.5600322320709177,8.058017727639034e-05
101105,15.745262421040351,0.5600322320709106,560,681,1241,0.0,-0.0008333472224535399,0.560112812248194,8.058017727639034e-05
101106,15.744429073817898,0.5600322320709106,560,681,1241,0.0,-0.0008333472224535399,0.5601933924254704,8.058017727639034e-05
101107,15.743595726595444,0.5600322320709106,560,681,1241,0.0,-0.0008333472224535399,0.5601933924254704,0.0
101108,15.74276237937299,0.5600322320709106,560,681,1241,0.0,-0.0008333472224535399,0.5601933924254704,0.0
101109,15.741929032150537,0.5600322320709106,560,681,1241,0.0,-0.0008333472224535399,0.5601933924254704,0.0
101110,15.741095684928084,0.5600322320709106,560,681,1241,0.0,-0.0008333472224535399,0.5601933924254704,0.0
101111,15.74026233770563,0.5600322320709106,560,681,1241,0.0,-0.0008333472224535399,0.560112812248194,-8.058017727639034e-05
101112,15.739428990483177,0.5600322320709106,560,681,1241,0.0,-0.0008333472224535399,0.5600322320709177,-8.058017727639034e-05
101113,15.738595643260723,0.5600322320709106,560,681,1241,0.0,-0.0008333472224535399,0.5600322320709177,0.0
101114,15.737762296038262,0.5600322320709106,560,681,1241,0.0,-0.0008333472224606453,0.5600322320709177,0.0
101115,15.736928948815809,0.5600322320709106,560,681,1241,0.0,-0.0008333472224535399,0.5600322320709177,0.0
101116,15.736095601593355,0.5600322320709106,560,681,1241,0.0,-0.0008333472224535399,0.5600322320709177,0.0
101117,15.735262254370902,0.5600322320709106,560,681,1241,0.0,-0.0008333472224535399,0.5600322320709177,0.0
101118,15.734428907148448,0.5600322320709106,560,681,1241,0.0,-0.0008333472224535399,0.5600322320709177,0.0
101119,15.733595559925995,0.5600322320709106,560,681,1241,0.0,-0.0008333472224535399,0.5600322320709177,0.0
101120,15.732762212703541,0.5600322320709106,560,681,1241,0.0,-0.0008333472224535399,0.5600322320709177,0.0
101121,15.731928865481088,0.5600322320709106,560,681,1241,0.0,-0.0008333472224535399,0.5600322320709177,0.0
101122,15.731095518258634,0.5600322320709106,560,681,1241,0.0,-0.0008333472224535399,0.5600322320709177,0.0
101123,15.73026217103618,0.5600322320709106,560,681,1241,0.0,-0.0008333472224535399,0.5600322320709177,0.0
101124,15.729428823813727,0.5600322320709106,560,681,1241,0.0,-0.0008333472224535399,0.5600322320709177,0.0
101125,15.728595476591273,0.5600322320709106,560,681,1241,0.0,-0.0008333472224535399,0.5600322320709177,0.0
101126,15.72776212936882,0.5600322320709106,560,681,1241,0.0,-0.0008333472224535399,0.5600322320709177,0.0
101127,15.726928782146366,0.5600322320709106,560,681,1241,0.0,-0.0008333472224535399,0.5600322320709177,0.0
101128,15.726095434923913,0.5600322320709106,560,681,1241,0.0,-0.0008333472224535399,0.5600322320709177,0.0
101129,15.72526208770146,0.5592264302981467,560,681,1241,-0.0008058017727639033,-0.0008333472224535399,0.5599516518936413,-8.058017727639034e-05
101130,15.724428740479006,0.5592264302981467,560,681,1241,0.0,-0.0008333472224535399,0.5598710717163649,-8.058017727639034e-05
101131,15.723595393256552,0.5592264302981467,560,681,1241,0.0,-0.0008333472224535399,0.5597904915390886,-8.058017727639034e-05
101132,15.722762046034099,0.5600322320709106,560,681,1241,0.0008058017727639033,-0.0008333472224535399,0.5597904915390886,0.0
101133,15.721928698811645,0.5600322320709106,560,681,1241,0.0,-0.0008333472224535399,0.5597904915390886,0.0
101134,15.721095351589192,0.5600322320709106,560,681,1241,0.0,-0.0008333472224535399,0.5597904915390886,0.0
101135,15.720262004366738,0.5600322320709106,560,681,1241,0.0,-0.0008333472224535399,0.5597904915390886,0.0
101136,15.719428657144285,0.5600322320709106,560,681,1241,0.0,-0.0008333472224535399,0.5597904915390886,0.0
101137,15.718595309921831,0.5600322320709106,560,681,1241,0.0,-0.0008333472224535399,0.5597904915390886,0.0
101138,15.717761962699377,0.5600322320709106,560,681,1241,0.0,-0.0008333472224535399,0.5597904915390886,0.0
101139,15.716928615476924,0.5600322320709106,560,681,1241,0.0,-0.0008333472224535399,0.559871071716365,8.058017727639034e-05
101140,15.71609526825447,0.5600322320709106,560,681,1241,0.0,-0.0008333472224535399,0.5599516518936414,8.058017727639034e-05
101141,15.715261921032017,0.5600322320709106,560,681,1241,0.0,-0.0008333472224535399,0.5600322320709177,8.058017727639034e-05
101142,15.714428573809563,0.5600322320709106,560,681,1241,0.0,-0.0008333472224535399,0.5600322320709177,0.0
101143,15.71359522658711,0.5600322320709106,560,681,1241,0.0,-0.0008333472224535399,0.5600322320709177,0.0
101144,15.712761879364656,0.5600322320709106,560,681,1241,0.0,-0.0008333472224535399,0.5600322320709177,0.0
101145,15.711928532142203,0.5600322320709106,560,681,1241,0.0,-0.0008333472224535399,0.5600322320709177,0.0
101146,15.711095184919749,0.5600322320709106,560,681,1241,0.0,-0.0008333472224535399,0.5600322320709177,0.0
101147,15.710261837697296,0.5600322320709106,560,681,1241,0.0,-0.0008333472224535399,0.5600322320709177,0.0
101148,15.709428490474842,0.5600322320709106,560,681,1241,0.0,-0.0008333472224535399,0.5600322320709177,0.0
101149,15.708595143252388,0.5600322320709106,560,681,1241,0.0,-0.0008333472224535399,0.5600322320709177,0.0
101150,15.707761796029935,0.5600322320709106,560,681,1241,0.0,-0.0008333472224535399,0.5600322320709177,0.0
101151,15.706928448807481,0.5600322320709106,560,681,1241,0.0,-0.0008333472224535399,0.5600322320709177,0.0
101152,15.706095101585028,0.5600322320709106,560,681,1241,0.0,-0.0008333472224535399,0.5600322320709177,0.0
101153,15.705261754362574,0.5600322320709106,560,681,1241,0.0,-0.0008333472224535399,0.5600322320709177,0.0
101154,15.70442840714012,0.5600322320709106,560,681,1241,0.0,-0.0008333472224535399,0.5600322320709177,0.0
101155,15.703595059917667,0.5600322320709106,560,681,1241,0.0,-0.0008333472224535399,0.5600322320709177,0.0
101156,15.702761712695207,0.5600322320709106,560,681,1241,0.0,-0.0008333472224606453,0.5600322320709177,0.0
101157,15.701928365472753,0.5600322320709106,560,681,1241,0.0,-0.0008333472224535399,0.5600322320709177,0.0
101158,15.7010950182503,0.5600322320709106,560,681,1241,0.0,-0.0008333472224535399,0.5600322320709177,0.0
101159,15.700261671027846,0.5600322320709106,560,681,1241,0.0,-0.0008333472224535399,0.5600322320709177,0.0
101160,15.699428323805392,0.5600322320709106,560,681,1241,0.0,-0.0008333472224535399,0.5600322320709177,0.0
101161,15.698594976582939,0.5600322320709106,560,681,1241,0.0,-0.0008333472224535399,0.5600322320709177,0.0
101162,15.697761629360485,0.5600322320709106,560,681,1241,0.0,-0.0008333472224535399,0.5600322320709177,0.0
101163,15.696928282138032,0.5600322320709106,560,681,1241,0.0,-0.0008333472224535399,0.5600322320709177,0.0
101164,15.696094934915578,0.5600322320709106,560,681,1241,0.0,-0.0008333472224535399,0.5600322320709177,0.0
101165,15.695261587693125,0.5600322320709106,560,681,1241,0.0,-0.0008333472224535399,0.5600322320709177,0.0
101166,15.694428240470671,0.5600322320709106,560,681,1241,0.0,-0.0008333472224535399,0.5600322320709177,0.0
101167,15.693594893248218,0.5600322320709106,560,681,1241,0.0,-0.0008333472224535399,0.5600322320709177,0.0
101168,15.692761546025764,0.5600322320709106,560,681,1241,0.0,-0.0008333472224535399,0.5600322320709177,0.0
101169,15.69192819880331,0.5600322320709106,560,681,1241,0.0,-0.0008333472224535399,0.5600322320709177,0.0
101170,15.691094851580857,0.5600322320709106,560,681,1241,0.0,-0.0008333472224535399,0.5600322320709177,0.0
101171,15.690261504358403,0.5600322320709106,560,681,1241,0.0,-0.0008333472224535399,0.5600322320709177,0.0
101172,15.68942815713595,0.5592264302981467,560,681,1241,-0.0008058017727639033,-0.0008333472224535399,0.5599516518936413,-8.058017727639034e-05
101173,15.688594809913496,0.5592264302981467,560,681,1241,0.0,-0.0008333472224535399,0.5598710717163649,-8.058017727639034e-05
101174,15.687761462691043,0.5592264302981467,560,681,1241,0.0,-0.0008333472224535399,0.5597904915390886,-8.058017727639034e-05
101175,15.68692811546859,0.5592264302981467,560,681,1241,0.0,-0.0008333472224535399,0.5597099113618123,-8.058017727639034e-05
101176,15.686094768246136,0.5600322320709106,560,681,1241,0.0008058017727639033,-0.0008333472224535399,0.5597099113618123,0.0
101177,15.685261421023682,0.5600322320709106,560,681,1241,0.0,-0.0008333472224535399,0.5597099113618123,0.0
101178,15.684428073801229,0.5600322320709106,560,681,1241,0.0,-0.0008333472224535399,0.5597099113618123,0.0
101179,15.683594726578775,0.5600322320709106,560,681,1241,0.0,-0.0008333472224535399,0.5597099113618123,0.0
101180,15.682761379356322,0.5600322320709106,560,681,1241,0.0,-0.0008333472224535399,0.5597099113618123,0.0
101181,15.681928032133868,0.5592264302981467,560,681,1241,-0.0008058017727639033,-0.0008333472224535399,0.5596293311845358,-8.058017727639034e-05
101182,15.681094684911415,0.5592264302981467,560,681,1241,0.0,-0.0008333472224535399,0.559629331184536,0.0
101183,15.680261337688961,0.5592264302981467,560,681,1241,0.0,-0.0008333472224535399,0.559629331184536,0.0
101184,15.679427990466507,0.5592264302981467,560,681,1241,0.0,-0.0008333472224535399,0.559629331184536,0.0
101185,15.678594643244054,0.5592264302981467,560,681,1241,0.0,-0.0008333472224535399,0.559629331184536,0.0
101186,15.6777612960216,0.5592264302981467,560,681,1241,0.0,-0.0008333472224535399,0.5595487510072595,-8.058017727639034e-05
101187,15.676927948799147,0.5592264302981467,560,681,1241,0.0,-0.0008333472224535399,0.5594681708299831,-8.058017727639034e-05
101188,15.676094601576693,0.5592264302981467,560,681,1241,0.0,-0.0008333472224535399,0.5593875906527068,-8.058017727639034e-05
101189,15.67526125435424,0.5592264302981467,560,681,1241,0.0,-0.0008333472224535399,0.5593070104754305,-8.058017727639034e-05
101190,15.674427907131786,0.5592264302981467,560,681,1241,0.0,-0.0008333472224535399,0.5592264302981541,-8.058017727639034e-05
101191,15.673594559909333,0.5592264302981467,560,681,1241,0.0,-0.0008333472224535399,0.5592264302981542,0.0
101192,15.67276121268688,0.5592264302981467,560,681,1241,0.0,-0.0008333472224535399,0.5592264302981542,0.0
101193,15.671927865464426,0.5592264302981467,560,681,1241,0.0,-0.0008333472224535399,0.5592264302981542,0.0
101194,15.671094518241972,0.5592264302981467,560,681,1241,0.0,-0.0008333472224535399,0.5592264302981542,0.0
101195,15.670261171019519,0.5592264302981467,560,681,1241,0.0,-0.0008333472224535399,0.5592264302981542,0.0
101196,15.669427823797065,0.5592264302981467,560,681,1241,0.0,-0.0008333472224535399,0.5592264302981542,0.0
101197,15.668594476574611,0.5600322320709106,560,681,1241,0.0008058017727639033,-0.0008333472224535399,0.5593070104754305,8.058017727639034e-05
101198,15.667761129352158,0.5600322320709106,560,681,1241,0.0,-0.0008333472224535399,0.5593875906527069,8.058017727639034e-05
101199,15.666927782129697,0.5600322320709106,560,681,1241,0.0,-0.0008333472224606453,0.5594681708299832,8.058017727639034e-05
101200,15.666094434907244,0.5600322320709106,560,681,1241,0.0,-0.0008333472224535399,0.5595487510072596,8.058017727639034e-05
101201,15.66526108768479,0.5600322320709106,560,681,1241,0.0,-0.0008333472224535399,0.559629331184536,8.058017727639034e-05
101202,15.664427740462337,0.5600322320709106,560,681,1241,0.0,-0.0008333472224535399,0.5597099113618123,8.058017727639034e-05
101203,15.663594393239883,0.5608380338436745,560,681,1241,0.0008058017727639033,-0.0008333472224535399,0.5598710717163652,0.00016116035455278067
101204,15.66276104601743,0.5608380338436745,560,681,1241,0.0,-0.0008333472224535399,0.560032232070918,0.00016116035455278067
101205,15.661927698794976,0.5608380338436745,560,681,1241,0.0,-0.0008333472224535399,0.560193392425471,0.00016116035455278067
101206,15.661094351572522,0.5608380338436745,560,681,1241,0.0,-0.0008333472224535399,0.5603545527800238,0.00016116035455278067
101207,15.660261004350069,0.5608380338436745,560,681,1241,0.0,-0.0008333472224535399,0.5604351329573002,8.058017727639034e-05
101208,15.659427657127615,0.5608380338436745,560,681,1241,0.0,-0.0008333472224535399,0.5605157131345766,8.058017727639034e-05
101209,15.658594309905162,0.5608380338436745,560,681,1241,0.0,-0.0008333472224535399,0.5605962933118529,8.058017727639034e-05
101210,15.657760962682708,0.5608380338436745,560,681,1241,0.0,-0.0008333472224535399,0.5606768734891292,8.058017727639034e-05
101211,15.656927615460255,0.5608380338436745,560,681,1241,0.0,-0.0008333472224535399,0.5607574536664056,8.058017727639034e-05
101212,15.656094268237801,0.5608380338436745,560,681,1241,0.0,-0.0008333472224535399,0.5608380338436819,8.058017727639034e-05
101213,15.655260921015348,0.5608380338436745,560,681,1241,0.0,-0.0008333472224535399,0.5608380338436818,0.0
101214,15.654427573792894,0.5608380338436745,560,681,1241,0.0,-0.0008333472224535399,0.5608380338436818,0.0
101215,15.65359422657044,0.5608380338436745,560,681,1241,0.0,-0.0008333472224535399,0.5608380338436818,0.0
101216,15.652760879347987,0.5608380338436745,560,681,1241,0.0,-0.0008333472224535399,0.5608380338436818,0.0
101217,15.651927532125534,0.5608380338436745,560,681,1241,0.0,-0.0008333472224535399,0.5608380338436818,0.0
101218,15.65109418490308,0.5600322320709106,560,681,1241,-0.0008058017727639033,-0.0008333472224535399,0.5607574536664055,-8.058017727639034e-05
101219,15.650260837680626,0.5608380338436745,560,681,1241,0.0008058017727639033,-0.0008333472224535399,0.5607574536664055,0.0
101220,15.649427490458173,0.5608380338436745,560,681,1241,0.0,-0.0008333472224535399,0.5607574536664055,0.0
101221,15.64859414323572,0.5608380338436745,560,681,1241,0.0,-0.0008333472224535399,0.5607574536664055,0.0
101222,15.647760796013266,0.5608380338436745,560,681,1241,0.0,-0.0008333472224535399,0.5607574536664055,0.0
101223,15.646927448790812,0.5608380338436745,560,681,1241,0.0,-0.0008333472224535399,0.5607574536664055,0.0
101224,15.646094101568359,0.5608380338436745,560,681,1241,0.0,-0.0008333472224535399,0.5607574536664055,0.0
101225,15.645260754345905,0.5608380338436745,560,681,1241,0.0,-0.0008333472224535399,0.5607574536664055,0.0
101226,15.644427407123452,0.5608380338436745,560,681,1241,0.0,-0.0008333472224535399,0.5607574536664055,0.0
101227,15.643594059900998,0.5608380338436745,560,681,1241,0.0,-0.0008333472224535399,0.5607574536664055,0.0
101228,15.642760712678545,0.5600322320709106,560,681,1241,-0.0008058017727639033,-0.0008333472224535399,0.5607574536664055,0.0
101229,15.641927365456091,0.5600322320709106,560,681,1241,0.0,-0.0008333472224535399,0.5606768734891292,-8.058017727639034e-05
101230,15.641094018233638,0.5600322320709106,560,681,1241,0.0,-0.0008333472224535399,0.5605962933118528,-8.058017727639034e-05
101231,15.640260671011184,0.5600322320709106,560,681,1241,0.0,-0.0008333472224535399,0.5605157131345765,-8.058017727639034e-05
101232,15.63942732378873,0.5600322320709106,560,681,1241,0.0,-0.0008333472224535399,0.5604351329573001,-8.058017727639034e-05
101233,15.638593976566277,0.5600322320709106,560,681,1241,0.0,-0.0008333472224535399,0.5603545527800238,-8.058017727639034e-05
101234,15.637760629343823,0.5600322320709106,560,681,1241,0.0,-0.0008333472224535399,0.5602739726027475,-8.058017727639034e-05
101235,15.63692728212137,0.5600322320709106,560,681,1241,0.0,-0.0008333472224535399,0.5601933924254711,-8.058017727639034e-05
101236,15.636093934898916,0.5600322320709106,560,681,1241,0.0,-0.0008333472224535399,0.5601128122481948,-8.058017727639034e-05
101237,15.635260587676463,0.5600322320709106,560,681,1241,0.0,-0.0008333472224535399,0.5600322320709183,-8.058017727639034e-05
101238,15.63442724045401,0.5600322320709106,560,681,1241,0.0,-0.0008333472224535399,0.5600322320709183,0.0
101239,15.633593893231556,0.5600322320709106,560,681,1241,0.0,-0.0008333472224535399,0.5600322320709183,0.0
101240,15.632760546009102,0.5600322320709106,560,681,1241,0.0,-0.0008333472224535399,0.5600322320709183,0.0
101241,15.631927198786641,0.5600322320709106,560,681,1241,0.0,-0.0008333472224606453,0.5600322320709183,0.0
101242,15.631093851564188,0.5608380338436745,560,681,1241,0.0008058017727639033,-0.0008333472224535399,0.5601128122481949,8.058017727639034e-05
101243,15.630260504341734,0.5616438356164384,560,681,1241,0.0008058017727639033,-0.0008333472224535399,0.5602739726027476,0.00016116035455278067
101244,15.62942715711928,0.5616438356164384,560,681,1241,0.0,-0.0008333472224535399,0.5604351329573004,0.00016116035455278067
101245,15.628593809896827,0.5616438356164384,560,681,1241,0.0,-0.0008333472224535399,0.5605962933118531,0.00016116035455278067
101246,15.627760462674374,0.5616438356164384,560,681,1241,0.0,-0.0008333472224535399,0.560757453666406,0.00016116035455278067
101247,15.62692711545192,0.5616438356164384,560,681,1241,0.0,-0.0008333472224535399,0.5609186140209588,0.00016116035455278067
101248,15.626093768229467,0.5616438356164384,560,681,1241,0.0,-0.0008333472224535399,0.5610797743755115,0.00016116035455278067
101249,15.625260421007013,0.5616438356164384,560,681,1241,0.0,-0.0008333472224535399,0.5612409347300643,0.00016116035455278067
101250,15.62442707378456,0.5616438356164384,560,681,1241,0.0,-0.0008333472224535399,0.561402095084617,0.00016116035455278067
101251,15.623593726562106,0.5616438356164384,560,681,1241,0.0,-0.0008333472224535399,0.5615632554391699,0.00016116035455278067
101252,15.622760379339653,0.5608380338436745,560,681,1241,-0.0008058017727639033,-0.0008333472224535399,0.5615632554391699,0.0
101253,15.621927032117199,0.5608380338436745,560,681,1241,0.0,-0.0008333472224535399,0.5614826752618935,-8.058017727639034e-05
101254,15.621093684894745,0.5608380338436745,560,681,1241,0.0,-0.0008333472224535399,0.5614020950846171,-8.058017727639034e-05
101255,15.620260337672292,0.5616438356164384,560,681,1241,0.0008058017727639033,-0.0008333472224535399,0.5614020950846171,0.0
101256,15.619426990449838,0.5616438356164384,560,681,1241,0.0,-0.0008333472224535399,0.5614020950846171,0.0
101257,15.618593643227385,0.5616438356164384,560,681,1241,0.0,-0.0008333472224535399,0.5614020950846171,0.0
101258,15.617760296004931,0.5616438356164384,560,681,1241,0.0,-0.0008333472224535399,0.5614020950846171,0.0
101259,15.616926948782478,0.5616438356164384,560,681,1241,0.0,-0.0008333472224535399,0.5614020950846171,0.0
101260,15.616093601560024,0.5616438356164384,560,681,1241,0.0,-0.0008333472224535399,0.5614020950846171,0.0
101261,15.61526025433757,0.5616438356164384,560,681,1241,0.0,-0.0008333472224535399,0.5614020950846171,0.0
101262,15.614426907115117,0.5616438356164384,560,681,1241,0.0,-0.0008333472224535399,0.5614826752618935,8.058017727639034e-05
101263,15.613593559892664,0.5608380338436745,560,681,1241,-0.0008058017727639033,-0.0008333472224535399,0.5614826752618935,0.0
101264,15.61276021267021,0.5600322320709106,560,681,1241,-0.0008058017727639033,-0.0008333472224535399,0.5614020950846171,-8.058017727639034e-05
101265,15.611926865447757,0.5600322320709106,560,681,1241,0.0,-0.0008333472224535399,0.5612409347300644,-0.00016116035455278067
101266,15.611093518225303,0.5600322320709106,560,681,1241,0.0,-0.0008333472224535399,0.5610797743755116,-0.00016116035455278067
101267,15.61026017100285,0.5600322320709106,560,681,1241,0.0,-0.0008333472224535399,0.5609186140209588,-0.00016116035455278067
101268,15.609426823780396,0.5600322320709106,560,681,1241,0.0,-0.0008333472224535399,0.5607574536664061,-0.00016116035455278067
101269,15.608593476557942,0.5600322320709106,560,681,1241,0.0,-0.0008333472224535399,0.5605962933118532,-0.00016116035455278067
101270,15.607760129335489,0.5600322320709106,560,681,1241,0.0,-0.0008333472224535399,0.5604351329573005,-0.00016116035455278067
101271,15.606926782113035,0.5600322320709106,560,681,1241,0.0,-0.0008333472224535399,0.5602739726027477,-0.00016116035455278067
101272,15.606093434890582,0.5592264302981467,560,681,1241,-0.0008058017727639033,-0.0008333472224535399,0.5600322320709186,-0.00024174053182917098
101273,15.605260087668128,0.5592264302981467,560,681,1241,0.0,-0.0008333472224535399,0.5598710717163657,-0.00016116035455278067
101274,15.604426740445675,0.5592264302981467,560,681,1241,0.0,-0.0008333472224535399,0.5597904915390892,-8.058017727639034e-05
101275,15.603593393223221,0.5592264302981467,560,681,1241,0.0,-0.0008333472224535399,0.5597099113618129,-8.058017727639034e-05
101276,15.602760046000768,0.5592264302981467,560,681,1241,0.0,-0.0008333472224535399,0.5596293311845366,-8.058017727639034e-05
101277,15.601926698778314,0.5592264302981467,560,681,1241,0.0,-0.0008333472224535399,0.5595487510072602,-8.058017727639034e-05
101278,15.60109335155586,0.5592264302981467,560,681,1241,0.0,-0.0008333472224535399,0.5594681708299839,-8.058017727639034e-05
101279,15.600260004333407,0.5592264302981467,560,681,1241,0.0,-0.0008333472224535399,0.5593875906527075,-8.058017727639034e-05
101280,15.599426657110953,0.5592264302981467,560,681,1241,0.0,-0.0008333472224535399,0.5593070104754312,-8.058017727639034e-05
101281,15.5985933098885,0.5592264302981467,560,681,1241,0.0,-0.0008333472224535399,0.5592264302981549,-8.058017727639034e-05
101282,15.597759962666046,0.5592264302981467,560,681,1241,0.0,-0.0008333472224535399,0.5592264302981549,0.0
101283,15.596926615443593,0.5592264302981467,560,681,1241,0.0,-0.0008333472224535399,0.5592264302981549,0.0
101284,15.596093268221132,0.5592264302981467,560,681,1241,0.0,-0.0008333472224606453,0.5592264302981549,0.0
101285,15.595259920998679,0.5592264302981467,560,681,1241,0.0,-0.0008333472224535399,0.5592264302981549,0.0
101286,15.594426573776225,0.5592264302981467,560,681,1241,0.0,-0.0008333472224535399,0.5592264302981549,0.0
101287,15.593593226553772,0.5592264302981467,560,681,1241,0.0,-0.0008333472224535399,0.5592264302981549,0.0
101288,15.592759879331318,0.5592264302981467,560,681,1241,0.0,-0.0008333472224535399,0.5592264302981549,0.0
101289,15.591926532108864,0.5592264302981467,560,681,1241,0.0,-0.0008333472224535399,0.5592264302981549,0.0
101290,15.591093184886411,0.5592264302981467,560,681,1241,0.0,-0.0008333472224535399,0.5592264302981549,0.0
101291,15.590259837663957,0.5592264302981467,560,681,1241,0.0,-0.0008333472224535399,0.5592264302981549,0.0
101292,15.589426490441504,0.5592264302981467,560,681,1241,0.0,-0.0008333472224535399,0.5592264302981549,0.0
101293,15.58859314321905,0.5600322320709106,560,681,1241,0.0008058017727639033,-0.0008333472224535399,0.5593070104754313,8.058017727639034e-05
101294,15.587759795996597,0.5600322320709106,560,681,1241,0.0,-0.0008333472224535399,0.5593875906527076,8.058017727639034e-05
101295,15.586926448774143,0.5600322320709106,560,681,1241,0.0,-0.0008333472224535399,0.559468170829984,8.058017727639034e-05
101296,15.58609310155169,0.5600322320709106,560,681,1241,0.0,-0.0008333472224535399,0.5595487510072603,8.058017727639034e-05
101297,15.585259754329236,0.5600322320709106,560,681,1241,0.0,-0.0008333472224535399,0.5596293311845366,8.058017727639034e-05
101298,15.584426407106783,0.5608380338436745,560,681,1241,0.0008058017727639033,-0.0008333472224535399,0.5597904915390896,0.00016116035455278067
101299,15.583593059884329,0.5608380338436745,560,681,1241,0.0,-0.0008333472224535399,0.5599516518936424,0.00016116035455278067
101300,15.582759712661876,0.5608380338436745,560,681,1241,0.0,-0.0008333472224535399,0.5601128122481953,0.00016116035455278067
101301,15.581926365439422,0.5608380338436745,560,681,1241,0.0,-0.0008333472224535399,0.5602739726027481,0.00016116035455278067
101302,15.581093018216968,0.5608380338436745,560,681,1241,0.0,-0.0008333472224535399,0.560435132957301,0.00016116035455278067
101303,15.580259670994515,0.5608380338436745,560,681,1241,0.0,-0.0008333472224535399,0.5605157131345775,8.058017727639034e-05
101304,15.579426323772061,0.5608380338436745,560,681,1241,0.0,-0.0008333472224535399,0.5605962933118538,8.058017727639034e-05
101305,15.578592976549608,0.5608380338436745,560,681,1241,0.0,-0.0008333472224535399,0.5606768734891301,8.058017727639034e-05
101306,15.577759629327154,0.5608380338436745,560,681,1241,0.0,-0.0008333472224535399,0.5607574536664065,8.058017727639034e-05
101307,15.5769262821047,0.5608380338436745,560,681,1241,0.0,-0.0008333472224535399,0.5608380338436828,8.058017727639034e-05
101308,15.576092934882247,0.5608380338436745,560,681,1241,0.0,-0.0008333472224535399,0.5608380338436827,0.0
101309,15.575259587659794,0.5616438356164384,560,681,1241,0.0008058017727639033,-0.0008333472224535399,0.5609186140209591,8.058017727639034e-05
101310,15.57442624043734,0.5616438356164384,560,681,1241,0.0,-0.0008333472224535399,0.5609991941982354,8.058017727639034e-05
101311,15.573592893214887,0.5616438356164384,560,681,1241,0.0,-0.0008333472224535399,0.5610797743755118,8.058017727639034e-05
101312,15.572759545992433,0.5616438356164384,560,681,1241,0.0,-0.0008333472224535399,0.5611603545527881,8.058017727639034e-05
101313,15.57192619876998,0.5616438356164384,560,681,1241,0.0,-0.0008333472224535399,0.5612409347300644,8.058017727639034e-05
101314,15.571092851547526,0.5616438356164384,560,681,1241,0.0,-0.0008333472224535399,0.5613215149073408,8.058017727639034e-05
101315,15.570259504325072,0.5616438356164384,560,681,1241,0.0,-0.0008333472224535399,0.5614020950846171,8.058017727639034e-05
101316,15.569426157102619,0.5616438356164384,560,681,1241,0.0,-0.0008333472224535399,0.5614826752618935,8.058017727639034e-05
101317,15.568592809880165,0.5616438356164384,560,681,1241,0.0,-0.0008333472224535399,0.5615632554391699,8.058017727639034e-05
101318,15.567759462657712,0.5624496373892023,560,681,1241,0.0008058017727639033,-0.0008333472224535399,0.5617244157937226,0.00016116035455278067
101319,15.566926115435258,0.5624496373892023,560,681,1241,0.0,-0.0008333472224535399,0.5618049959709989,8.058017727639034e-05
101320,15.566092768212805,0.5624496373892023,560,681,1241,0.0,-0.0008333472224535399,0.5618855761482753,8.058017727639034e-05
101321,15.565259420990351,0.5624496373892023,560,681,1241,0.0,-0.0008333472224535399,0.5619661563255516,8.058017727639034e-05
101322,15.564426073767898,0.5624496373892023,560,681,1241,0.0,-0.0008333472224535399,0.5620467365028279,8.058017727639034e-05
101323,15.563592726545444,0.5624496373892023,560,681,1241,0.0,-0.0008333472224535399,0.5621273166801043,8.058017727639034e-05
101324,15.56275937932299,0.5624496373892023,560,681,1241,0.0,-0.0008333472224535399,0.5622078968573806,8.058017727639034e-05
101325,15.561926032100537,0.5616438356164384,560,681,1241,-0.0008058017727639033,-0.0008333472224535399,0.5622078968573806,0.0
101326,15.561092684878076,0.5616438356164384,560,681,1241,0.0,-0.0008333472224606453,0.5622078968573806,0.0
101327,15.560259337655623,0.5616438356164384,560,681,1241,0.0,-0.0008333472224535399,0.5622078968573806,0.0
101328,15.55942599043317,0.5616438356164384,560,681,1241,0.0,-0.0008333472224535399,0.5621273166801043,-8.058017727639034e-05
101329,15.558592643210716,0.5616438356164384,560,681,1241,0.0,-0.0008333472224535399,0.5620467365028279,-8.058017727639034e-05
101330,15.557759295988262,0.5616438356164384,560,681,1241,0.0,-0.0008333472224535399,0.5619661563255516,-8.058017727639034e-05
101331,15.556925948765809,0.5616438356164384,560,681,1241,0.0,-0.0008333472224535399,0.5618855761482753,-8.058017727639034e-05
101332,15.556092601543355,0.5624496373892023,560,681,1241,0.0008058017727639033,-0.0008333472224535399,0.5618855761482753,0.0
101333,15.555259254320902,0.5624496373892023,560,681,1241,0.0,-0.0008333472224535399,0.5618855761482753,0.0
101334,15.554425907098448,0.5624496373892023,560,681,1241,0.0,-0.0008333472224535399,0.5618855761482753,0.0
101335,15.553592559875995,0.5624496373892023,560,681,1241,0.0,-0.0008333472224535399,0.5619661563255516,8.058017727639034e-05
101336,15.552759212653541,0.5624496373892023,560,681,1241,0.0,-0.0008333472224535399,0.5620467365028279,8.058017727639034e-05
101337,15.551925865431087,0.5624496373892023,560,681,1241,0.0,-0.0008333472224535399,0.5621273166801043,8.058017727639034e-05
101338,15.551092518208634,0.5624496373892023,560,681,1241,0.0,-0.0008333472224535399,0.5622078968573806,8.058017727639034e-05
101339,15.55025917098618,0.5624496373892023,560,681,1241,0.0,-0.0008333472224535399,0.562288477034657,8.058017727639034e-05
101340,15.549425823763727,0.5624496373892023,560,681,1241,0.0,-0.0008333472224535399,0.5623690572119333,8.058017727639034e-05
101341,15.548592476541273,0.5624496373892023,560,681,1241,0.0,-0.0008333472224535399,0.5624496373892096,8.058017727639034e-05
101342,15.54775912931882,0.5624496373892023,560,681,1241,0.0,-0.0008333472224535399,0.5624496373892096,0.0
101343,15.546925782096366,0.5632554391619662,560,681,1241,0.0008058017727639033,-0.0008333472224535399,0.562530217566486,8.058017727639034e-05
101344,15.546092434873913,0.5632554391619662,560,681,1241,0.0,-0.0008333472224535399,0.5626107977437623,8.058017727639034e-05
101345,15.54525908765146,0.5632554391619662,560,681,1241,0.0,-0.0008333472224535399,0.5626913779210387,8.058017727639034e-05
101346,15.544425740429006,0.5632554391619662,560,681,1241,0.0,-0.0008333472224535399,0.562771958098315,8.058017727639034e-05
101347,15.543592393206552,0.5632554391619662,560,681,1241,0.0,-0.0008333472224535399,0.5628525382755913,8.058017727639034e-05
101348,15.542759045984099,0.5632554391619662,560,681,1241,0.0,-0.0008333472224535399,0.5629331184528678,8.058017727639034e-05
101349,15.541925698761645,0.5632554391619662,560,681,1241,0.0,-0.0008333472224535399,0.563013698630144,8.058017727639034e-05
101350,15.541092351539191,0.5632554391619662,560,681,1241,0.0,-0.0008333472224535399,0.5630942788074205,8.058017727639034e-05
101351,15.540259004316738,0.5632554391619662,560,681,1241,0.0,-0.0008333472224535399,0.5631748589846968,8.058017727639034e-05
101352,15.539425657094284,0.5632554391619662,560,681,1241,0.0,-0.0008333472224535399,0.5632554391619731,8.058017727639034e-05
101353,15.53859230987183,0.5632554391619662,560,681,1241,0.0,-0.0008333472224535399,0.5632554391619731,0.0
101354,15.537758962649377,0.5632554391619662,560,681,1241,0.0,-0.0008333472224535399,0.5632554391619731,0.0
101355,15.536925615426924,0.5640612409347301,560,681,1241,0.0008058017727639033,-0.0008333472224535399,0.5633360193392496,8.058017727639034e-05
101356,15.53609226820447,0.5640612409347301,560,681,1241,0.0,-0.0008333472224535399,0.5634165995165259,8.058017727639034e-05
101357,15.535258920982017,0.5640612409347301,560,681,1241,0.0,-0.0008333472224535399,0.5634971796938022,8.058017727639034e-05
101358,15.534425573759563,0.5640612409347301,560,681,1241,0.0,-0.0008333472224535399,0.5635777598710786,8.058017727639034e-05
101359,15.53359222653711,0.5640612409347301,560,681,1241,0.0,-0.0008333472224535399,0.5636583400483549,8.058017727639034e-05
101360,15.532758879314656,0.5640612409347301,560,681,1241,0.0,-0.0008333472224535399,0.5637389202256313,8.058017727639034e-05
101361,15.531925532092203,0.5632554391619662,560,681,1241,-0.0008058017727639033,-0.0008333472224535399,0.5637389202256313,0.0
101362,15.531092184869749,0.5632554391619662,560,681,1241,0.0,-0.0008333472224535399,0.5637389202256313,0.0
101363,15.530258837647295,0.5632554391619662,560,681,1241,0.0,-0.0008333472224535399,0.5637389202256313,0.0
101364,15.529425490424842,0.5632554391619662,560,681,1241,0.0,-0.0008333472224535399,0.5637389202256313,0.0
101365,15.528592143202388,0.5624496373892023,560,681,1241,-0.0008058017727639033,-0.0008333472224535399,0.5635777598710785,-0.00016116035455278067
101366,15.527758795979935,0.5624496373892023,560,681,1241,0.0,-0.0008333472224535399,0.5634165995165257,-0.00016116035455278067
101367,15.526925448757481,0.5632554391619662,560,681,1241,0.0008058017727639033,-0.0008333472224535399,0.5633360193392493,-8.058017727639034e-05
101368,15.52609210153502,0.5632554391619662,560,681,1241,0.0,-0.0008333472224606453,0.563255439161973,-8.058017727639034e-05
101369,15.525258754312567,0.5632554391619662,560,681,1241,0.0,-0.0008333472224535399,0.5631748589846965,-8.058017727639034e-05
101370,15.524425407090114,0.5624496373892023,560,681,1241,-0.0008058017727639033,-0.0008333472224535399,0.5630136986301437,-0.00016116035455278067
101371,15.52359205986766,0.5624496373892023,560,681,1241,0.0,-0.0008333472224535399,0.5629331184528673,-8.058017727639034e-05
101372,15.522758712645206,0.5624496373892023,560,681,1241,0.0,-0.0008333472224535399,0.5628525382755909,-8.058017727639034e-05
101373,15.521925365422753,0.5632554391619662,560,681,1241,0.0008058017727639033,-0.0008333472224535399,0.5628525382755909,0.0
101374,15.5210920182003,0.5632554391619662,560,681,1241,0.0,-0.0008333472224535399,0.5628525382755909,0.0
101375,15.520258670977846,0.5632554391619662,560,681,1241,0.0,-0.0008333472224535399,0.5629331184528674,8.058017727639034e-05
101376,15.519425323755392,0.5632554391619662,560,681,1241,0.0,-0.0008333472224535399,0.5630136986301437,8.058017727639034e-05
101377,15.518591976532939,0.5632554391619662,560,681,1241,0.0,-0.0008333472224535399,0.5630136986301437,0.0
101378,15.517758629310485,0.5624496373892023,560,681,1241,-0.0008058017727639033,-0.0008333472224535399,0.5629331184528673,-8.058017727639034e-05
101379,15.516925282088032,0.5624496373892023,560,681,1241,0.0,-0.0008333472224535399,0.5628525382755909,-8.058017727639034e-05
101380,15.516091934865578,0.5624496373892023,560,681,1241,0.0,-0.0008333472224535399,0.562852538275591,0.0
101381,15.515258587643125,0.5624496373892023,560,681,1241,0.0,-0.0008333472224535399,0.562852538275591,0.0
101382,15.514425240420671,0.5624496373892023,560,681,1241,0.0,-0.0008333472224535399,0.562852538275591,0.0
101383,15.513591893198218,0.5624496373892023,560,681,1241,0.0,-0.0008333472224535399,0.5627719580983146,-8.058017727639034e-05
101384,15.512758545975764,0.5632554391619662,560,681,1241,0.0008058017727639033,-0.0008333472224535399,0.5627719580983146,0.0
101385,15.51192519875331,0.5632554391619662,560,681,1241,0.0,-0.0008333472224535399,0.5627719580983146,0.0
101386,15.511091851530857,0.5632554391619662,560,681,1241,0.0,-0.0008333472224535399,0.5627719580983146,0.0
101387,15.510258504308403,0.5632554391619662,560,681,1241,0.0,-0.0008333472224535399,0.5627719580983146,0.0
101388,15.50942515708595,0.5624496373892023,560,681,1241,-0.0008058017727639033,-0.0008333472224535399,0.5627719580983147,0.0
101389,15.508591809863496,0.5616438356164384,560,681,1241,-0.0008058017727639033,-0.0008333472224535399,0.5626913779210383,-8.058017727639034e-05
101390,15.507758462641043,0.5616438356164384,560,681,1241,0.0,-0.0008333472224535399,0.562610797743762,-8.058017727639034e-05
101391,15.50692511541859,0.5624496373892023,560,681,1241,0.0008058017727639033,-0.0008333472224535399,0.562610797743762,0.0
101392,15.506091768196136,0.5624496373892023,560,681,1241,0.0,-0.0008333472224535399,0.562610797743762,0.0
101393,15.505258420973682,0.5624496373892023,560,681,1241,0.0,-0.0008333472224535399,0.562610797743762,0.0
101394,15.504425073751229,0.5624496373892023,560,681,1241,0.0,-0.0008333472224535399,0.5625302175664856,-8.058017727639034e-05
101395,15.503591726528775,0.5624496373892023,560,681,1241,0.0,-0.0008333472224535399,0.5624496373892092,-8.058017727639034e-05
101396,15.502758379306322,0.5624496373892023,560,681,1241,0.0,-0.0008333472224535399,0.5623690572119329,-8.058017727639034e-05
101397,15.501925032083868,0.5624496373892023,560,681,1241,0.0,-0.0008333472224535399,0.5622884770346566,-8.058017727639034e-05
101398,15.501091684861414,0.5624496373892023,560,681,1241,0.0,-0.0008333472224535399,0.5622884770346566,0.0
101399,15.50025833763896,0.5624496373892023,560,681,1241,0.0,-0.0008333472224535399,0.562369057211933,8.058017727639034e-05
101400,15.499424990416507,0.5624496373892023,560,681,1241,0.0,-0.0008333472224535399,0.5624496373892093,8.058017727639034e-05
101401,15.498591643194054,0.5624496373892023,560,681,1241,0.0,-0.0008333472224535399,0.5624496373892093,0.0
101402,15.4977582959716,0.5624496373892023,560,681,1241,0.0,-0.0008333472224535399,0.5624496373892093,0.0
101403,15.496924948749147,0.5624496373892023,560,681,1241,0.0,-0.0008333472224535399,0.5624496373892093,0.0
101404,15.496091601526693,0.5632554391619662,560,681,1241,0.0008058017727639033,-0.0008333472224535399,0.5625302175664857,8.058017727639034e-05
101405,15.49525825430424,0.5632554391619662,560,681,1241,0.0,-0.0008333472224535399,0.562610797743762,8.058017727639034e-05
101406,15.494424907081786,0.5640612409347301,560,681,1241,0.0008058017727639033,-0.0008333472224535399,0.5627719580983148,0.00016116035455278067
101407,15.493591559859333,0.5632554391619662,560,681,1241,-0.0008058017727639033,-0.0008333472224535399,0.5628525382755912,8.058017727639034e-05
101408,15.492758212636879,0.5632554391619662,560,681,1241,0.0,-0.0008333472224535399,0.5629331184528675,8.058017727639034e-05
101409,15.491924865414425,0.5640612409347301,560,681,1241,0.0008058017727639033,-0.0008333472224535399,0.5630942788074205,0.00016116035455278067
101410,15.491091518191972,0.5640612409347301,560,681,1241,0.0,-0.0008333472224535399,0.5632554391619733,0.00016116035455278067
101411,15.490258170969511,0.5632554391619662,560,681,1241,-0.0008058017727639033,-0.0008333472224606453,0.5633360193392496,8.058017727639034e-05
101412,15.489424823747058,0.5632554391619662,560,681,1241,0.0,-0.0008333472224535399,0.563416599516526,8.058017727639034e-05
101413,15.488591476524604,0.5632554391619662,560,681,1241,0.0,-0.0008333472224535399,0.5634971796938023,8.058017727639034e-05
101414,15.48775812930215,0.5632554391619662,560,681,1241,0.0,-0.0008333472224535399,0.5634971796938023,0.0
101415,15.486924782079697,0.5640612409347301,560,681,1241,0.0008058017727639033,-0.0008333472224535399,0.5635777598710787,8.058017727639034e-05
101416,15.486091434857244,0.5640612409347301,560,681,1241,0.0,-0.0008333472224535399,0.5635777598710787,0.0
101417,15.48525808763479,0.5640612409347301,560,681,1241,0.0,-0.0008333472224535399,0.5636583400483551,8.058017727639034e-05
101418,15.484424740412337,0.5640612409347301,560,681,1241,0.0,-0.0008333472224535399,0.5637389202256314,8.058017727639034e-05
101419,15.483591393189883,0.5640612409347301,560,681,1241,0.0,-0.0008333472224535399,0.5637389202256313,0.0
101420,15.48275804596743,0.5640612409347301,560,681,1241,0.0,-0.0008333472224535399,0.5637389202256313,0.0
101421,15.481924698744976,0.5640612409347301,560,681,1241,0.0,-0.0008333472224535399,0.5638195004029078,8.058017727639034e-05
101422,15.481091351522522,0.5616438356164384,560,681,1241,-0.00241740531829171,-0.0008333472224535399,0.563658340048355,-0.00016116035455278067
101423,15.480258004300069,0.5616438356164384,560,681,1241,0.0,-0.0008333472224535399,0.5634971796938022,-0.00016116035455278067
101424,15.479424657077615,0.5624496373892023,560,681,1241,0.0008058017727639033,-0.0008333472224535399,0.5634165995165259,-8.058017727639034e-05
101425,15.478591309855162,0.5624496373892023,560,681,1241,0.0,-0.0008333472224535399,0.5632554391619731,-0.00016116035455278067
101426,15.477757962632708,0.5624496373892023,560,681,1241,0.0,-0.0008333472224535399,0.5630942788074202,-0.00016116035455278067
101427,15.476924615410255,0.5608380338436745,560,681,1241,-0.0016116035455278066,-0.0008333472224535399,0.5627719580983147,-0.00032232070910556134
101428,15.476091268187801,0.5608380338436745,560,681,1241,0.0,-0.0008333472224535399,0.5624496373892092,-0.00032232070910556134
101429,15.475257920965348,0.5608380338436745,560,681,1241,0.0,-0.0008333472224535399,0.5621273166801035,-0.00032232070910556134
101430,15.474424573742894,0.5608380338436745,560,681,1241,0.0,-0.0008333472224535399,0.561804995970998,-0.00032232070910556134
101431,15.47359122652044,0.5608380338436745,560,681,1241,0.0,-0.0008333472224535399,0.5614826752618924,-0.00032232070910556134
101432,15.472757879297987,0.5616438356164384,560,681,1241,0.0008058017727639033,-0.0008333472224535399,0.5614826752618924,0.0
101433,15.471924532075533,0.5616438356164384,560,681,1241,0.0,-0.0008333472224535399,0.5614826752618924,0.0
101434,15.47109118485308,0.5616438356164384,560,681,1241,0.0,-0.0008333472224535399,0.5614020950846161,-8.058017727639034e-05
101435,15.470257837630626,0.5624496373892023,560,681,1241,0.0008058017727639033,-0.0008333472224535399,0.5614020950846161,0.0
101436,15.469424490408173,0.5624496373892023,560,681,1241,0.0,-0.0008333472224535399,0.5614020950846161,0.0
101437,15.46859114318572,0.5624496373892023,560,681,1241,0.0,-0.0008333472224535399,0.5615632554391687,0.00016116035455278067
101438,15.467757795963266,0.5624496373892023,560,681,1241,0.0,-0.0008333472224535399,0.5617244157937215,0.00016116035455278067
101439,15.466924448740812,0.5624496373892023,560,681,1241,0.0,-0.0008333472224535399,0.5618855761482742,0.00016116035455278067
101440,15.466091101518359,0.5632554391619662,560,681,1241,0.0008058017727639033,-0.0008333472224535399,0.5621273166801034,0.00024174053182917098
101441,15.465257754295905,0.5632554391619662,560,681,1241,0.0,-0.0008333472224535399,0.5623690572119326,0.00024174053182917098
101442,15.464424407073452,0.5632554391619662,560,681,1241,0.0,-0.0008333472224535399,0.5625302175664854,0.00016116035455278067
101443,15.463591059850998,0.5640612409347301,560,681,1241,0.0008058017727639033,-0.0008333472224535399,0.5627719580983145,0.00024174053182917098
101444,15.462757712628544,0.5640612409347301,560,681,1241,0.0,-0.0008333472224535399,0.5630136986301437,0.00024174053182917098
101445,15.461924365406091,0.564867042707494,560,681,1241,0.0008058017727639033,-0.0008333472224535399,0.563255439161973,0.00024174053182917098
101446,15.461091018183637,0.564867042707494,560,681,1241,0.0,-0.0008333472224535399,0.5634971796938022,0.00024174053182917098
101447,15.460257670961184,0.564867042707494,560,681,1241,0.0,-0.0008333472224535399,0.5637389202256313,0.00024174053182917098
101448,15.45942432373873,0.5640612409347301,560,681,1241,-0.0008058017727639033,-0.0008333472224535399,0.5639000805801843,0.00016116035455278067
101449,15.458590976516277,0.5640612409347301,560,681,1241,0.0,-0.0008333472224535399,0.5640612409347371,0.00016116035455278067
101450,15.457757629293823,0.5640612409347301,560,681,1241,0.0,-0.0008333472224535399,0.5641418211120135,8.058017727639034e-05
101451,15.45692428207137,0.5632554391619662,560,681,1241,-0.0008058017727639033,-0.0008333472224535399,0.5641418211120135,0.0
101452,15.456090934848916,0.5632554391619662,560,681,1241,0.0,-0.0008333472224535399,0.5641418211120135,0.0
101453,15.455257587626456,0.5632554391619662,560,681,1241,0.0,-0.0008333472224606453,0.5640612409347371,-8.058017727639034e-05
101454,15.454424240404002,0.5632554391619662,560,681,1241,0.0,-0.0008333472224535399,0.5639806607574608,-8.058017727639034e-05
101455,15.453590893181548,0.5632554391619662,560,681,1241,0.0,-0.0008333472224535399,0.563819500402908,-0.00016116035455278067
101456,15.452757545959095,0.5632554391619662,560,681,1241,0.0,-0.0008333472224535399,0.5636583400483552,-0.00016116035455278067
101457,15.451924198736641,0.5632554391619662,560,681,1241,0.0,-0.0008333472224535399,0.5634971796938024,-0.00016116035455278067
101458,15.451090851514188,0.5632554391619662,560,681,1241,0.0,-0.0008333472224535399,0.563416599516526,-8.058017727639034e-05
101459,15.450257504291734,0.5632554391619662,560,681,1241,0.0,-0.0008333472224535399,0.5633360193392496,-8.058017727639034e-05
101460,15.44942415706928,0.5632554391619662,560,681,1241,0.0,-0.0008333472224535399,0.5632554391619733,-8.058017727639034e-05
101461,15.448590809846827,0.5632554391619662,560,681,1241,0.0,-0.0008333472224535399,0.5632554391619733,0.0
101462,15.447757462624374,0.5632554391619662,560,681,1241,0.0,-0.0008333472224535399,0.5632554391619733,0.0
101463,15.44692411540192,0.5632554391619662,560,681,1241,0.0,-0.0008333472224535399,0.5632554391619733,0.0
101464,15.446090768179467,0.5640612409347301,560,681,1241,0.0008058017727639033,-0.0008333472224535399,0.5633360193392497,8.058017727639034e-05
101465,15.445257420957013,0.5640612409347301,560,681,1241,0.0,-0.0008333472224535399,0.5634165995165261,8.058017727639034e-05
101466,15.44442407373456,0.5632554391619662,560,681,1241,-0.0008058017727639033,-0.0008333472224535399,0.5634165995165261,0.0
101467,15.443590726512106,0.5624496373892023,560,681,1241,-0.0008058017727639033,-0.0008333472224535399,0.5633360193392497,-8.058017727639034e-05
101468,15.442757379289652,0.5624496373892023,560,681,1241,0.0,-0.0008333472224535399,0.5632554391619734,-8.058017727639034e-05
101469,15.441924032067199,0.5624496373892023,560,681,1241,0.0,-0.0008333472224535399,0.563174858984697,-8.058017727639034e-05
101470,15.441090684844745,0.5624496373892023,560,681,1241,0.0,-0.0008333472224535399,0.5630942788074207,-8.058017727639034e-05
101471,15.440257337622292,0.5624496373892023,560,681,1241,0.0,-0.0008333472224535399,0.5630136986301444,-8.058017727639034e-05
101472,15.439423990399838,0.5624496373892023,560,681,1241,0.0,-0.0008333472224535399,0.562933118452868,-8.058017727639034e-05
101473,15.438590643177385,0.5624496373892023,560,681,1241,0.0,-0.0008333472224535399,0.5628525382755917,-8.058017727639034e-05
101474,15.437757295954931,0.5624496373892023,560,681,1241,0.0,-0.0008333472224535399,0.5626913779210388,-0.00016116035455278067
101475,15.436923948732478,0.5624496373892023,560,681,1241,0.0,-0.0008333472224535399,0.562530217566486,-0.00016116035455278067
101476,15.436090601510024,0.5624496373892023,560,681,1241,0.0,-0.0008333472224535399,0.5624496373892096,-8.058017727639034e-05
101477,15.43525725428757,0.5624496373892023,560,681,1241,0.0,-0.0008333472224535399,0.5624496373892096,0.0
101478,15.434423907065117,0.5624496373892023,560,681,1241,0.0,-0.0008333472224535399,0.5624496373892096,0.0
101479,15.433590559842663,0.5624496373892023,560,681,1241,0.0,-0.0008333472224535399,0.5624496373892096,0.0
101480,15.43275721262021,0.5624496373892023,560,681,1241,0.0,-0.0008333472224535399,0.5624496373892096,0.0
101481,15.431923865397756,0.5624496373892023,560,681,1241,0.0,-0.0008333472224535399,0.5624496373892096,0.0
101482,15.431090518175303,0.5624496373892023,560,681,1241,0.0,-0.0008333472224535399,0.5624496373892096,0.0
101483,15.43025717095285,0.5616438356164384,560,681,1241,-0.0008058017727639033,-0.0008333472224535399,0.5623690572119333,-8.058017727639034e-05
101484,15.429423823730396,0.5616438356164384,560,681,1241,0.0,-0.0008333472224535399,0.562288477034657,-8.058017727639034e-05
101485,15.428590476507942,0.5616438356164384,560,681,1241,0.0,-0.0008333472224535399,0.5622078968573806,-8.058017727639034e-05
101486,15.427757129285489,0.5616438356164384,560,681,1241,0.0,-0.0008333472224535399,0.5621273166801043,-8.058017727639034e-05
101487,15.426923782063035,0.5616438356164384,560,681,1241,0.0,-0.0008333472224535399,0.5620467365028279,-8.058017727639034e-05
101488,15.426090434840582,0.5616438356164384,560,681,1241,0.0,-0.0008333472224535399,0.5619661563255516,-8.058017727639034e-05
101489,15.425257087618128,0.5616438356164384,560,681,1241,0.0,-0.0008333472224535399,0.5618855761482753,-8.058017727639034e-05
101490,15.424423740395675,0.5616438356164384,560,681,1241,0.0,-0.0008333472224535399,0.5618049959709989,-8.058017727639034e-05
101491,15.423590393173221,0.5600322320709106,560,681,1241,-0.0016116035455278066,-0.0008333472224535399,0.5615632554391696,-0.00024174053182917098
101492,15.422757045950767,0.5592264302981467,560,681,1241,-0.0008058017727639033,-0.0008333472224535399,0.5612409347300641,-0.00032232070910556134
101493,15.421923698728314,0.5592264302981467,560,681,1241,0.0,-0.0008333472224535399,0.5609991941982349,-0.00024174053182917098
101494,15.42109035150586,0.5592264302981467,560,681,1241,0.0,-0.0008333472224535399,0.5607574536664057,-0.00024174053182917098
101495,15.4202570042834,0.5592264302981467,560,681,1241,0.0,-0.0008333472224606453,0.5605157131345765,-0.00024174053182917098
101496,15.419423657060946,0.5592264302981467,560,681,1241,0.0,-0.0008333472224535399,0.5602739726027472,-0.00024174053182917098
101497,15.418590309838493,0.5592264302981467,560,681,1241,0.0,-0.0008333472224535399,0.560032232070918,-0.00024174053182917098
101498,15.41775696261604,0.5592264302981467,560,681,1241,0.0,-0.0008333472224535399,0.5597904915390888,-0.00024174053182917098
101499,15.416923615393586,0.5592264302981467,560,681,1241,0.0,-0.0008333472224535399,0.5595487510072596,-0.00024174053182917098
101500,15.416090268171132,0.5592264302981467,560,681,1241,0.0,-0.0008333472224535399,0.5593070104754304,-0.00024174053182917098
101501,15.415256920948678,0.5592264302981467,560,681,1241,0.0,-0.0008333472224535399,0.559226430298154,-8.058017727639034e-05
101502,15.414423573726225,0.5592264302981467,560,681,1241,0.0,-0.0008333472224535399,0.559226430298154,0.0
101503,15.413590226503771,0.5592264302981467,560,681,1241,0.0,-0.0008333472224535399,0.559226430298154,0.0
101504,15.412756879281318,0.5592264302981467,560,681,1241,0.0,-0.0008333472224535399,0.559226430298154,0.0
101505,15.411923532058864,0.5592264302981467,560,681,1241,0.0,-0.0008333472224535399,0.559226430298154,0.0
101506,15.41109018483641,0.5592264302981467,560,681,1241,0.0,-0.0008333472224535399,0.559226430298154,0.0
101507,15.410256837613957,0.5592264302981467,560,681,1241,0.0,-0.0008333472224535399,0.559226430298154,0.0
101508,15.409423490391504,0.5592264302981467,560,681,1241,0.0,-0.0008333472224535399,0.559226430298154,0.0
101509,15.40859014316905,0.5600322320709106,560,681,1241,0.0008058017727639033,-0.0008333472224535399,0.5593070104754304,8.058017727639034e-05
101510,15.407756795946597,0.5600322320709106,560,681,1241,0.0,-0.0008333472224535399,0.5593875906527067,8.058017727639034e-05
101511,15.406923448724143,0.5608380338436745,560,681,1241,0.0008058017727639033,-0.0008333472224535399,0.5595487510072596,0.00016116035455278067
101512,15.40609010150169,0.5608380338436745,560,681,1241,0.0,-0.0008333472224535399,0.5597099113618125,0.00016116035455278067
101513,15.405256754279236,0.5608380338436745,560,681,1241,0.0,-0.0008333472224535399,0.5598710717163653,0.00016116035455278067
101514,15.404423407056782,0.5608380338436745,560,681,1241,0.0,-0.0008333472224535399,0.5600322320709182,0.00016116035455278067
101515,15.403590059834329,0.5608380338436745,560,681,1241,0.0,-0.0008333472224535399,0.5601933924254711,0.00016116035455278067
101516,15.402756712611875,0.5608380338436745,560,681,1241,0.0,-0.0008333472224535399,0.560354552780024,0.00016116035455278067
101517,15.401923365389422,0.5608380338436745,560,681,1241,0.0,-0.0008333472224535399,0.5605157131345768,0.00016116035455278067
101518,15.401090018166968,0.5608380338436745,560,681,1241,0.0,-0.0008333472224535399,0.5606768734891296,0.00016116035455278067
101519,15.400256670944515,0.5608380338436745,560,681,1241,0.0,-0.0008333472224535399,0.5607574536664062,8.058017727639034e-05
101520,15.399423323722061,0.5608380338436745,560,681,1241,0.0,-0.0008333472224535399,0.5608380338436825,8.058017727639034e-05
101521,15.398589976499608,0.5608380338436745,560,681,1241,0.0,-0.0008333472224535399,0.5608380338436824,0.0
101522,15.397756629277154,0.5616438356164384,560,681,1241,0.0008058017727639033,-0.0008333472224535399,0.5609186140209588,8.058017727639034e-05
101523,15.3969232820547,0.5616438356164384,560,681,1241,0.0,-0.0008333472224535399,0.5609991941982351,8.058017727639034e-05
101524,15.396089934832247,0.5616438356164384,560,681,1241,0.0,-0.0008333472224535399,0.5610797743755114,8.058017727639034e-05
101525,15.395256587609794,0.5616438356164384,560,681,1241,0.0,-0.0008333472224535399,0.5611603545527878,8.058017727639034e-05
101526,15.39442324038734,0.5616438356164384,560,681,1241,0.0,-0.0008333472224535399,0.5612409347300641,8.058017727639034e-05
101527,15.393589893164886,0.5616438356164384,560,681,1241,0.0,-0.0008333472224535399,0.5613215149073405,8.058017727639034e-05
101528,15.392756545942433,0.5616438356164384,560,681,1241,0.0,-0.0008333472224535399,0.5614020950846168,8.058017727639034e-05
101529,15.39192319871998,0.5616438356164384,560,681,1241,0.0,-0.0008333472224535399,0.5614826752618931,8.058017727639034e-05
101530,15.391089851497526,0.5616438356164384,560,681,1241,0.0,-0.0008333472224535399,0.5615632554391695,8.058017727639034e-05
101531,15.390256504275072,0.5616438356164384,560,681,1241,0.0,-0.0008333472224535399,0.5616438356164458,8.058017727639034e-05
101532,15.389423157052619,0.5616438356164384,560,681,1241,0.0,-0.0008333472224535399,0.5616438356164458,0.0
101533,15.388589809830165,0.5616438356164384,560,681,1241,0.0,-0.0008333472224535399,0.5616438356164458,0.0
101534,15.387756462607712,0.5616438356164384,560,681,1241,0.0,-0.0008333472224535399,0.5616438356164458,0.0
101535,15.386923115385258,0.5616438356164384,560,681,1241,0.0,-0.0008333472224535399,0.5616438356164458,0.0
101536,15.386089768162805,0.5616438356164384,560,681,1241,0.0,-0.0008333472224535399,0.5616438356164458,0.0
101537,15.385256420940351,0.5616438356164384,560,681,1241,0.0,-0.0008333472224535399,0.5616438356164458,0.0
101538,15.38442307371789,0.5616438356164384,560,681,1241,0.0,-0.0008333472224606453,0.5616438356164458,0.0
101539,15.383589726495437,0.5624496373892023,560,681,1241,0.0008058017727639033,-0.0008333472224535399,0.5617244157937222,8.058017727639034e-05
101540,15.382756379272983,0.5624496373892023,560,681,1241,0.0,-0.0008333472224535399,0.5618049959709985,8.058017727639034e-05
101541,15.38192303205053,0.5624496373892023,560,681,1241,0.0,-0.0008333472224535399,0.5618855761482748,8.058017727639034e-05
101542,15.381089684828076,0.5624496373892023,560,681,1241,0.0,-0.0008333472224535399,0.5619661563255512,8.058017727639034e-05
101543,15.380256337605623,0.5624496373892023,560,681,1241,0.0,-0.0008333472224535399,0.5620467365028275,8.058017727639034e-05
101544,15.37942299038317,0.5624496373892023,560,681,1241,0.0,-0.0008333472224535399,0.562127316680104,8.058017727639034e-05
101545,15.378589643160716,0.5624496373892023,560,681,1241,0.0,-0.0008333472224535399,0.5622078968573803,8.058017727639034e-05
101546,15.377756295938262,0.5624496373892023,560,681,1241,0.0,-0.0008333472224535399,0.5622884770346566,8.058017727639034e-05
101547,15.376922948715809,0.5624496373892023,560,681,1241,0.0,-0.0008333472224535399,0.562369057211933,8.058017727639034e-05
101548,15.376089601493355,0.5624496373892023,560,681,1241,0.0,-0.0008333472224535399,0.5624496373892093,8.058017727639034e-05
101549,15.375256254270901,0.5624496373892023,560,681,1241,0.0,-0.0008333472224535399,0.5624496373892093,0.0
101550,15.374422907048448,0.5624496373892023,560,681,1241,0.0,-0.0008333472224535399,0.5624496373892093,0.0
101551,15.373589559825994,0.5624496373892023,560,681,1241,0.0,-0.0008333472224535399,0.5624496373892093,0.0
101552,15.37275621260354,0.5624496373892023,560,681,1241,0.0,-0.0008333472224535399,0.5624496373892093,0.0
101553,15.371922865381087,0.5624496373892023,560,681,1241,0.0,-0.0008333472224535399,0.5624496373892093,0.0
101554,15.371089518158634,0.5624496373892023,560,681,1241,0.0,-0.0008333472224535399,0.5624496373892093,0.0
101555,15.37025617093618,0.5632554391619662,560,681,1241,0.0008058017727639033,-0.0008333472224535399,0.5625302175664857,8.058017727639034e-05
101556,15.369422823713727,0.5632554391619662,560,681,1241,0.0,-0.0008333472224535399,0.562610797743762,8.058017727639034e-05
101557,15.368589476491273,0.5632554391619662,560,681,1241,0.0,-0.0008333472224535399,0.5626913779210383,8.058017727639034e-05
101558,15.36775612926882,0.5640612409347301,560,681,1241,0.0008058017727639033,-0.0008333472224535399,0.5628525382755912,0.00016116035455278067
101559,15.366922782046366,0.5640612409347301,560,681,1241,0.0,-0.0008333472224535399,0.563013698630144,0.00016116035455278067
101560,15.366089434823913,0.5640612409347301,560,681,1241,0.0,-0.0008333472224535399,0.563174858984697,0.00016116035455278067
101561,15.365256087601459,0.564867042707494,560,681,1241,0.0008058017727639033,-0.0008333472224535399,0.5634165995165261,0.00024174053182917098
101562,15.364422740379005,0.564867042707494,560,681,1241,0.0,-0.0008333472224535399,0.5636583400483554,0.00024174053182917098
101563,15.363589393156552,0.564867042707494,560,681,1241,0.0,-0.0008333472224535399,0.5639000805801846,0.00024174053182917098
101564,15.362756045934098,0.564867042707494,560,681,1241,0.0,-0.0008333472224535399,0.5641418211120138,0.00024174053182917098
101565,15.361922698711645,0.564867042707494,560,681,1241,0.0,-0.0008333472224535399,0.5643029814665665,0.00016116035455278067
101566,15.361089351489191,0.564867042707494,560,681,1241,0.0,-0.0008333472224535399,0.5644641418211194,0.00016116035455278067
101567,15.360256004266738,0.564867042707494,560,681,1241,0.0,-0.0008333472224535399,0.5646253021756722,0.00016116035455278067
101568,15.359422657044284,0.564867042707494,560,681,1241,0.0,-0.0008333472224535399,0.5647058823529486,8.058017727639034e-05
101569,15.35858930982183,0.5640612409347301,560,681,1241,-0.0008058017727639033,-0.0008333472224535399,0.5647058823529486,0.0
101570,15.357755962599377,0.5640612409347301,560,681,1241,0.0,-0.0008333472224535399,0.5647058823529486,0.0
101571,15.356922615376924,0.5640612409347301,560,681,1241,0.0,-0.0008333472224535399,0.5646253021756722,-8.058017727639034e-05
101572,15.35608926815447,0.5640612409347301,560,681,1241,0.0,-0.0008333472224535399,0.5645447219983959,-8.058017727639034e-05
101573,15.355255920932017,0.5640612409347301,560,681,1241,0.0,-0.0008333472224535399,0.5644641418211196,-8.058017727639034e-05
101574,15.354422573709563,0.5640612409347301,560,681,1241,0.0,-0.0008333472224535399,0.5643835616438432,-8.058017727639034e-05
101575,15.35358922648711,0.5640612409347301,560,681,1241,0.0,-0.0008333472224535399,0.5643029814665669,-8.058017727639034e-05
101576,15.352755879264656,0.5640612409347301,560,681,1241,0.0,-0.0008333472224535399,0.5642224012892905,-8.058017727639034e-05
101577,15.351922532042202,0.5640612409347301,560,681,1241,0.0,-0.0008333472224535399,0.5641418211120142,-8.058017727639034e-05
101578,15.351089184819749,0.5640612409347301,560,681,1241,0.0,-0.0008333472224535399,0.5640612409347379,-8.058017727639034e-05
101579,15.350255837597295,0.5640612409347301,560,681,1241,0.0,-0.0008333472224535399,0.5640612409347379,0.0
101580,15.349422490374835,0.5640612409347301,560,681,1241,0.0,-0.0008333472224606453,0.5640612409347379,0.0
101581,15.348589143152381,0.5640612409347301,560,681,1241,0.0,-0.0008333472224535399,0.5640612409347379,0.0
101582,15.347755795929928,0.5640612409347301,560,681,1241,0.0,-0.0008333472224535399,0.5640612409347379,0.0
101583,15.346922448707474,0.5632554391619662,560,681,1241,-0.0008058017727639033,-0.0008333472224535399,0.5639806607574614,-8.058017727639034e-05
101584,15.34608910148502,0.5632554391619662,560,681,1241,0.0,-0.0008333472224535399,0.5639000805801851,-8.058017727639034e-05
101585,15.345255754262567,0.5632554391619662,560,681,1241,0.0,-0.0008333472224535399,0.5638195004029087,-8.058017727639034e-05
101586,15.344422407040113,0.5624496373892023,560,681,1241,-0.0008058017727639033,-0.0008333472224535399,0.5636583400483559,-0.00016116035455278067
101587,15.34358905981766,0.5632554391619662,560,681,1241,0.0008058017727639033,-0.0008333472224535399,0.5635777598710796,-8.058017727639034e-05
101588,15.342755712595206,0.5640612409347301,560,681,1241,0.0008058017727639033,-0.0008333472224535399,0.5635777598710796,0.0
101589,15.341922365372753,0.5640612409347301,560,681,1241,0.0,-0.0008333472224535399,0.5635777598710796,0.0
101590,15.3410890181503,0.5640612409347301,560,681,1241,0.0,-0.0008333472224535399,0.5635777598710796,0.0
101591,15.340255670927846,0.5640612409347301,560,681,1241,0.0,-0.0008333472224535399,0.5635777598710796,0.0
101592,15.339422323705392,0.5640612409347301,560,681,1241,0.0,-0.0008333472224535399,0.5635777598710796,0.0
101593,15.338588976482939,0.5640612409347301,560,681,1241,0.0,-0.0008333472224535399,0.563658340048356,8.058017727639034e-05
101594,15.337755629260485,0.5640612409347301,560,681,1241,0.0,-0.0008333472224535399,0.5637389202256323,8.058017727639034e-05
101595,15.336922282038032,0.5640612409347301,560,681,1241,0.0,-0.0008333472224535399,0.5638195004029087,8.058017727639034e-05
101596,15.336088934815578,0.5640612409347301,560,681,1241,0.0,-0.0008333472224535399,0.5639806607574614,0.00016116035455278067
101597,15.335255587593124,0.5640612409347301,560,681,1241,0.0,-0.0008333472224535399,0.5640612409347379,8.058017727639034e-05
101598,15.334422240370671,0.5640612409347301,560,681,1241,0.0,-0.0008333472224535399,0.5640612409347379,0.0
101599,15.333588893148217,0.5640612409347301,560,681,1241,0.0,-0.0008333472224535399,0.5640612409347379,0.0
101600,15.332755545925764,0.5640612409347301,560,681,1241,0.0,-0.0008333472224535399,0.5640612409347379,0.0
101601,15.33192219870331,0.5640612409347301,560,681,1241,0.0,-0.0008333472224535399,0.5640612409347379,0.0
101602,15.331088851480857,0.5640612409347301,560,681,1241,0.0,-0.0008333472224535399,0.5640612409347379,0.0
101603,15.330255504258403,0.5632554391619662,560,681,1241,-0.0008058017727639033,-0.0008333472224535399,0.5639806607574614,-8.058017727639034e-05
101604,15.32942215703595,0.5632554391619662,560,681,1241,0.0,-0.0008333472224535399,0.5639000805801851,-8.058017727639034e-05
101605,15.328588809813496,0.5632554391619662,560,681,1241,0.0,-0.0008333472224535399,0.5638195004029087,-8.058017727639034e-05
101606,15.327755462591043,0.5632554391619662,560,681,1241,0.0,-0.0008333472224535399,0.5637389202256324,-8.058017727639034e-05
101607,15.326922115368589,0.5632554391619662,560,681,1241,0.0,-0.0008333472224535399,0.5636583400483561,-8.058017727639034e-05
101608,15.326088768146136,0.5632554391619662,560,681,1241,0.0,-0.0008333472224535399,0.5635777598710797,-8.058017727639034e-05
101609,15.325255420923682,0.5632554391619662,560,681,1241,0.0,-0.0008333472224535399,0.5634971796938034,-8.058017727639034e-05
101610,15.324422073701228,0.5632554391619662,560,681,1241,0.0,-0.0008333472224535399,0.563416599516527,-8.058017727639034e-05
101611,15.323588726478775,0.5624496373892023,560,681,1241,-0.0008058017727639033,-0.0008333472224535399,0.5632554391619742,-0.00016116035455278067
101612,15.322755379256321,0.5624496373892023,560,681,1241,0.0,-0.0008333472224535399,0.5630942788074214,-0.00016116035455278067
101613,15.321922032033868,0.5624496373892023,560,681,1241,0.0,-0.0008333472224535399,0.5630136986301448,-8.058017727639034e-05
101614,15.321088684811414,0.5624496373892023,560,681,1241,0.0,-0.0008333472224535399,0.5629331184528685,-8.058017727639034e-05
101615,15.32025533758896,0.5624496373892023,560,681,1241,0.0,-0.0008333472224535399,0.5628525382755922,-8.058017727639034e-05
101616,15.319421990366507,0.5624496373892023,560,681,1241,0.0,-0.0008333472224535399,0.5627719580983158,-8.058017727639034e-05
101617,15.318588643144054,0.5624496373892023,560,681,1241,0.0,-0.0008333472224535399,0.5626913779210395,-8.058017727639034e-05
101618,15.3177552959216,0.5624496373892023,560,681,1241,0.0,-0.0008333472224535399,0.5626107977437631,-8.058017727639034e-05
101619,15.316921948699147,0.5624496373892023,560,681,1241,0.0,-0.0008333472224535399,0.5625302175664868,-8.058017727639034e-05
101620,15.316088601476693,0.5624496373892023,560,681,1241,0.0,-0.0008333472224535399,0.5624496373892105,-8.058017727639034e-05
101621,15.31525525425424,0.5624496373892023,560,681,1241,0.0,-0.0008333472224535399,0.5624496373892105,0.0
101622,15.314421907031779,0.5624496373892023,560,681,1241,0.0,-0.0008333472224606453,0.5624496373892105,0.0
101623,15.313588559809325,0.5624496373892023,560,681,1241,0.0,-0.0008333472224535399,0.5624496373892105,0.0
101624,15.312755212586872,0.5624496373892023,560,681,1241,0.0,-0.0008333472224535399,0.5624496373892105,0.0
101625,15.311921865364418,0.5624496373892023,560,681,1241,0.0,-0.0008333472224535399,0.5624496373892105,0.0
101626,15.311088518141965,0.5624496373892023,560,681,1241,0.0,-0.0008333472224535399,0.5624496373892105,0.0
101627,15.310255170919511,0.5624496373892023,560,681,1241,0.0,-0.0008333472224535399,0.5624496373892105,0.0
101628,15.309421823697058,0.5624496373892023,560,681,1241,0.0,-0.0008333472224535399,0.5624496373892105,0.0
101629,15.308588476474604,0.5624496373892023,560,681,1241,0.0,-0.0008333472224535399,0.5624496373892105,0.0
101630,15.30775512925215,0.5624496373892023,560,681,1241,0.0,-0.0008333472224535399,0.5624496373892105,0.0
101631,15.306921782029697,0.5632554391619662,560,681,1241,0.0008058017727639033,-0.0008333472224535399,0.5625302175664869,8.058017727639034e-05
101632,15.306088434807243,0.5632554391619662,560,681,1241,0.0,-0.0008333472224535399,0.5626107977437632,8.058017727639034e-05
101633,15.30525508758479,0.5632554391619662,560,681,1241,0.0,-0.0008333472224535399,0.5626913779210396,8.058017727639034e-05
101634,15.304421740362336,0.5640612409347301,560,681,1241,0.0008058017727639033,-0.0008333472224535399,0.5628525382755925,0.00016116035455278067
101635,15.303588393139883,0.5640612409347301,560,681,1241,0.0,-0.0008333472224535399,0.5630136986301453,0.00016116035455278067
101636,15.30275504591743,0.5640612409347301,560,681,1241,0.0,-0.0008333472224535399,0.5631748589846982,0.00016116035455278067
101637,15.301921698694976,0.5640612409347301,560,681,1241,0.0,-0.0008333472224535399,0.563336019339251,0.00016116035455278067
101638,15.301088351472522,0.5640612409347301,560,681,1241,0.0,-0.0008333472224535399,0.563497179693804,0.00016116035455278067
101639,15.300255004250069,0.5640612409347301,560,681,1241,0.0,-0.0008333472224535399,0.5636583400483568,0.00016116035455278067
101640,15.299421657027615,0.5640612409347301,560,681,1241,0.0,-0.0008333472224535399,0.5638195004029096,0.00016116035455278067
101641,15.298588309805162,0.5640612409347301,560,681,1241,0.0,-0.0008333472224535399,0.5639000805801861,8.058017727639034e-05
101642,15.297754962582708,0.5640612409347301,560,681,1241,0.0,-0.0008333472224535399,0.5639806607574624,8.058017727639034e-05
101643,15.296921615360255,0.5640612409347301,560,681,1241,0.0,-0.0008333472224535399,0.5640612409347388,8.058017727639034e-05
101644,15.296088268137801,0.5640612409347301,560,681,1241,0.0,-0.0008333472224535399,0.5640612409347388,0.0
101645,15.295254920915347,0.5640612409347301,560,681,1241,0.0,-0.0008333472224535399,0.5640612409347388,0.0
101646,15.294421573692894,0.5640612409347301,560,681,1241,0.0,-0.0008333472224535399,0.5640612409347388,0.0
101647,15.29358822647044,0.5640612409347301,560,681,1241,0.0,-0.0008333472224535399,0.5640612409347388,0.0
101648,15.292754879247987,0.5624496373892023,560,681,1241,-0.0016116035455278066,-0.0008333472224535399,0.5639000805801858,-0.00016116035455278067
101649,15.291921532025533,0.5624496373892023,560,681,1241,0.0,-0.0008333472224535399,0.563738920225633,-0.00016116035455278067
101650,15.29108818480308,0.5624496373892023,560,681,1241,0.0,-0.0008333472224535399,0.56357775987108,-0.00016116035455278067
101651,15.290254837580626,0.5624496373892023,560,681,1241,0.0,-0.0008333472224535399,0.5634165995165272,-0.00016116035455278067
101652,15.289421490358173,0.5624496373892023,560,681,1241,0.0,-0.0008333472224535399,0.5632554391619744,-0.00016116035455278067
101653,15.28858814313572,0.5624496373892023,560,681,1241,0.0,-0.0008333472224535399,0.5630942788074215,-0.00016116035455278067
101654,15.287754795913266,0.5624496373892023,560,681,1241,0.0,-0.0008333472224535399,0.5629331184528686,-0.00016116035455278067
101655,15.286921448690812,0.5624496373892023,560,681,1241,0.0,-0.0008333472224535399,0.5627719580983157,-0.00016116035455278067
101656,15.286088101468359,0.5624496373892023,560,681,1241,0.0,-0.0008333472224535399,0.5626107977437629,-0.00016116035455278067
101657,15.285254754245905,0.5624496373892023,560,681,1241,0.0,-0.0008333472224535399,0.56244963738921,-0.00016116035455278067
101658,15.284421407023451,0.5624496373892023,560,681,1241,0.0,-0.0008333472224535399,0.56244963738921,0.0
101659,15.283588059800998,0.5624496373892023,560,681,1241,0.0,-0.0008333472224535399,0.56244963738921,0.0
101660,15.282754712578544,0.5624496373892023,560,681,1241,0.0,-0.0008333472224535399,0.56244963738921,0.0
101661,15.28192136535609,0.5624496373892023,560,681,1241,0.0,-0.0008333472224535399,0.56244963738921,0.0
101662,15.281088018133637,0.5624496373892023,560,681,1241,0.0,-0.0008333472224535399,0.56244963738921,0.0
101663,15.280254670911184,0.5624496373892023,560,681,1241,0.0,-0.0008333472224535399,0.56244963738921,0.0
101664,15.27942132368873,0.5624496373892023,560,681,1241,0.0,-0.0008333472224535399,0.56244963738921,0.0
101665,15.27858797646627,0.5632554391619662,560,681,1241,0.0008058017727639033,-0.0008333472224606453,0.5625302175664864,8.058017727639034e-05
101666,15.277754629243816,0.5632554391619662,560,681,1241,0.0,-0.0008333472224535399,0.5626107977437627,8.058017727639034e-05
101667,15.276921282021362,0.5632554391619662,560,681,1241,0.0,-0.0008333472224535399,0.5626913779210391,8.058017727639034e-05
101668,15.276087934798909,0.5632554391619662,560,681,1241,0.0,-0.0008333472224535399,0.5627719580983154,8.058017727639034e-05
101669,15.275254587576455,0.5640612409347301,560,681,1241,0.0008058017727639033,-0.0008333472224535399,0.5629331184528683,0.00016116035455278067
101670,15.274421240354002,0.5640612409347301,560,681,1241,0.0,-0.0008333472224535399,0.5630942788074211,0.00016116035455278067
101671,15.273587893131548,0.5640612409347301,560,681,1241,0.0,-0.0008333472224535399,0.563255439161974,0.00016116035455278067
101672,15.272754545909095,0.5640612409347301,560,681,1241,0.0,-0.0008333472224535399,0.5634165995165269,0.00016116035455278067
101673,15.271921198686641,0.5640612409347301,560,681,1241,0.0,-0.0008333472224535399,0.5635777598710797,0.00016116035455278067
101674,15.271087851464188,0.5640612409347301,560,681,1241,0.0,-0.0008333472224535399,0.5637389202256327,0.00016116035455278067
101675,15.270254504241734,0.5632554391619662,560,681,1241,-0.0008058017727639033,-0.0008333472224535399,0.5637389202256327,0.0
101676,15.26942115701928,0.5624496373892023,560,681,1241,-0.0008058017727639033,-0.0008333472224535399,0.5636583400483561,-8.058017727639034e-05
101677,15.268587809796827,0.5624496373892023,560,681,1241,0.0,-0.0008333472224535399,0.5635777598710798,-8.058017727639034e-05
101678,15.267754462574374,0.5624496373892023,560,681,1241,0.0,-0.0008333472224535399,0.5634971796938035,-8.058017727639034e-05
101679,15.26692111535192,0.5624496373892023,560,681,1241,0.0,-0.0008333472224535399,0.5633360193392507,-0.00016116035455278067
101680,15.266087768129466,0.5616438356164384,560,681,1241,-0.0008058017727639033,-0.0008333472224535399,0.5630942788074215,-0.00024174053182917098
101681,15.265254420907013,0.5616438356164384,560,681,1241,0.0,-0.0008333472224535399,0.5628525382755922,-0.00024174053182917098
101682,15.26442107368456,0.5608380338436745,560,681,1241,-0.0008058017727639033,-0.0008333472224535399,0.5625302175664867,-0.00032232070910556134
101683,15.263587726462106,0.5608380338436745,560,681,1241,0.0,-0.0008333472224535399,0.5622078968573812,-0.00032232070910556134
101684,15.262754379239652,0.5608380338436745,560,681,1241,0.0,-0.0008333472224535399,0.5618855761482756,-0.00032232070910556134
101685,15.261921032017199,0.5608380338436745,560,681,1241,0.0,-0.0008333472224535399,0.5616438356164465,-0.00024174053182917098
101686,15.261087684794745,0.5608380338436745,560,681,1241,0.0,-0.0008333472224535399,0.5614826752618937,-0.00016116035455278067
101687,15.260254337572292,0.5608380338436745,560,681,1241,0.0,-0.0008333472224535399,0.561321514907341,-0.00016116035455278067
101688,15.259420990349838,0.5608380338436745,560,681,1241,0.0,-0.0008333472224535399,0.5611603545527883,-0.00016116035455278067
101689,15.258587643127385,0.5608380338436745,560,681,1241,0.0,-0.0008333472224535399,0.5609991941982356,-0.00016116035455278067
101690,15.257754295904931,0.5608380338436745,560,681,1241,0.0,-0.0008333472224535399,0.5609186140209592,-8.058017727639034e-05
101691,15.256920948682478,0.5608380338436745,560,681,1241,0.0,-0.0008333472224535399,0.5608380338436829,-8.058017727639034e-05
101692,15.256087601460024,0.5608380338436745,560,681,1241,0.0,-0.0008333472224535399,0.5608380338436829,0.0
101693,15.25525425423757,0.5600322320709106,560,681,1241,-0.0008058017727639033,-0.0008333472224535399,0.5607574536664066,-8.058017727639034e-05
101694,15.254420907015117,0.5600322320709106,560,681,1241,0.0,-0.0008333472224535399,0.5606768734891302,-8.058017727639034e-05
101695,15.253587559792663,0.5608380338436745,560,681,1241,0.0008058017727639033,-0.0008333472224535399,0.5606768734891302,0.0
101696,15.25275421257021,0.5608380338436745,560,681,1241,0.0,-0.0008333472224535399,0.5606768734891302,0.0
101697,15.251920865347756,0.5608380338436745,560,681,1241,0.0,-0.0008333472224535399,0.5606768734891302,0.0
101698,15.251087518125303,0.5608380338436745,560,681,1241,0.0,-0.0008333472224535399,0.5606768734891302,0.0
101699,15.25025417090285,0.5616438356164384,560,681,1241,0.0008058017727639033,-0.0008333472224535399,0.5607574536664066,8.058017727639034e-05
101700,15.249420823680396,0.5616438356164384,560,681,1241,0.0,-0.0008333472224535399,0.5608380338436829,8.058017727639034e-05
101701,15.248587476457942,0.5616438356164384,560,681,1241,0.0,-0.0008333472224535399,0.5609186140209592,8.058017727639034e-05
101702,15.247754129235489,0.5616438356164384,560,681,1241,0.0,-0.0008333472224535399,0.5609991941982356,8.058017727639034e-05
101703,15.246920782013035,0.5616438356164384,560,681,1241,0.0,-0.0008333472224535399,0.5611603545527883,0.00016116035455278067
101704,15.246087434790581,0.5616438356164384,560,681,1241,0.0,-0.0008333472224535399,0.5613215149073412,0.00016116035455278067
101705,15.245254087568128,0.5616438356164384,560,681,1241,0.0,-0.0008333472224535399,0.5614020950846175,8.058017727639034e-05
101706,15.244420740345674,0.5616438356164384,560,681,1241,0.0,-0.0008333472224535399,0.5614826752618939,8.058017727639034e-05
101707,15.243587393123214,0.5624496373892023,560,681,1241,0.0008058017727639033,-0.0008333472224606453,0.5616438356164466,0.00016116035455278067
101708,15.24275404590076,0.5624496373892023,560,681,1241,0.0,-0.0008333472224535399,0.5618049959709992,0.00016116035455278067
101709,15.241920698678307,0.5624496373892023,560,681,1241,0.0,-0.0008333472224535399,0.5618855761482756,8.058017727639034e-05
101710,15.241087351455853,0.5624496373892023,560,681,1241,0.0,-0.0008333472224535399,0.5619661563255519,8.058017727639034e-05
101711,15.2402540042334,0.5624496373892023,560,681,1241,0.0,-0.0008333472224535399,0.5620467365028283,8.058017727639034e-05
101712,15.239420657010946,0.5624496373892023,560,681,1241,0.0,-0.0008333472224535399,0.5621273166801046,8.058017727639034e-05
101713,15.238587309788493,0.5624496373892023,560,681,1241,0.0,-0.0008333472224535399,0.5622078968573809,8.058017727639034e-05
101714,15.237753962566039,0.5632554391619662,560,681,1241,0.0008058017727639033,-0.0008333472224535399,0.5623690572119338,0.00016116035455278067
101715,15.236920615343585,0.5632554391619662,560,681,1241,0.0,-0.0008333472224535399,0.5625302175664866,0.00016116035455278067
101716,15.236087268121132,0.5632554391619662,560,681,1241,0.0,-0.0008333472224535399,0.5626913779210393,0.00016116035455278067
101717,15.235253920898678,0.5640612409347301,560,681,1241,0.0008058017727639033,-0.0008333472224535399,0.5628525382755921,0.00016116035455278067
101718,15.234420573676225,0.5640612409347301,560,681,1241,0.0,-0.0008333472224535399,0.5630136986301449,0.00016116035455278067
101719,15.233587226453771,0.5640612409347301,560,681,1241,0.0,-0.0008333472224535399,0.5631748589846979,0.00016116035455278067
101720,15.232753879231318,0.5640612409347301,560,681,1241,0.0,-0.0008333472224535399,0.5633360193392507,0.00016116035455278067
101721,15.231920532008864,0.564867042707494,560,681,1241,0.0008058017727639033,-0.0008333472224535399,0.5635777598710799,0.00024174053182917098
101722,15.23108718478641,0.564867042707494,560,681,1241,0.0,-0.0008333472224535399,0.5638195004029092,0.00024174053182917098
101723,15.230253837563957,0.564867042707494,560,681,1241,0.0,-0.0008333472224535399,0.5640612409347383,0.00024174053182917098
101724,15.229420490341504,0.564867042707494,560,681,1241,0.0,-0.0008333472224535399,0.5642224012892911,0.00016116035455278067
101725,15.22858714311905,0.5640612409347301,560,681,1241,-0.0008058017727639033,-0.0008333472224535399,0.5643029814665674,8.058017727639034e-05
101726,15.227753795896597,0.5640612409347301,560,681,1241,0.0,-0.0008333472224535399,0.5643835616438438,8.058017727639034e-05
101727,15.226920448674143,0.564867042707494,560,681,1241,0.0008058017727639033,-0.0008333472224535399,0.5644641418211203,8.058017727639034e-05
101728,15.22608710145169,0.5640612409347301,560,681,1241,-0.0008058017727639033,-0.0008333472224535399,0.5644641418211203,0.0
101729,15.225253754229236,0.5640612409347301,560,681,1241,0.0,-0.0008333472224535399,0.5644641418211203,0.0
101730,15.224420407006782,0.5640612409347301,560,681,1241,0.0,-0.0008333472224535399,0.5644641418211203,0.0
101731,15.223587059784329,0.5640612409347301,560,681,1241,0.0,-0.0008333472224535399,0.564383561643844,-8.058017727639034e-05
101732,15.222753712561875,0.5640612409347301,560,681,1241,0.0,-0.0008333472224535399,0.5643029814665675,-8.058017727639034e-05
101733,15.221920365339422,0.5640612409347301,560,681,1241,0.0,-0.0008333472224535399,0.5642224012892912,-8.058017727639034e-05
101734,15.221087018116968,0.5640612409347301,560,681,1241,0.0,-0.0008333472224535399,0.5641418211120148,-8.058017727639034e-05
101735,15.220253670894515,0.5640612409347301,560,681,1241,0.0,-0.0008333472224535399,0.5641418211120148,0.0
101736,15.219420323672061,0.5640612409347301,560,681,1241,0.0,-0.0008333472224535399,0.5641418211120148,0.0
101737,15.218586976449608,0.5640612409347301,560,681,1241,0.0,-0.0008333472224535399,0.5640612409347385,-8.058017727639034e-05
101738,15.217753629227154,0.5640612409347301,560,681,1241,0.0,-0.0008333472224535399,0.5640612409347385,0.0
101739,15.2169202820047,0.5640612409347301,560,681,1241,0.0,-0.0008333472224535399,0.5640612409347385,0.0
101740,15.216086934782247,0.5640612409347301,560,681,1241,0.0,-0.0008333472224535399,0.5640612409347385,0.0
101741,15.215253587559793,0.5640612409347301,560,681,1241,0.0,-0.0008333472224535399,0.5640612409347385,0.0
101742,15.21442024033734,0.5640612409347301,560,681,1241,0.0,-0.0008333472224535399,0.5640612409347385,0.0
101743,15.213586893114886,0.5640612409347301,560,681,1241,0.0,-0.0008333472224535399,0.5640612409347385,0.0
101744,15.212753545892433,0.5632554391619662,560,681,1241,-0.0008058017727639033,-0.0008333472224535399,0.5639806607574622,-8.058017727639034e-05
101745,15.21192019866998,0.5624496373892023,560,681,1241,-0.0008058017727639033,-0.0008333472224535399,0.5638195004029093,-0.00016116035455278067
101746,15.211086851447526,0.5616438356164384,560,681,1241,-0.0008058017727639033,-0.0008333472224535399,0.56357775987108,-0.00024174053182917098
101747,15.210253504225072,0.5608380338436745,560,681,1241,-0.0008058017727639033,-0.0008333472224535399,0.5632554391619745,-0.00032232070910556134
101748,15.209420157002619,0.5608380338436745,560,681,1241,0.0,-0.0008333472224535399,0.562933118452869,-0.00032232070910556134
101749,15.208586809780165,0.5608380338436745,560,681,1241,0.0,-0.0008333472224535399,0.5626107977437634,-0.00032232070910556134
101750,15.207753462557704,0.5608380338436745,560,681,1241,0.0,-0.0008333472224606453,0.5622884770346579,-0.00032232070910556134
101751,15.206920115335251,0.5592264302981467,560,681,1241,-0.0016116035455278066,-0.0008333472224535399,0.5618049959709994,-0.00048348106365834196
101752,15.206086768112797,0.5592264302981467,560,681,1241,0.0,-0.0008333472224535399,0.561321514907341,-0.00048348106365834196
101753,15.205253420890344,0.5592264302981467,560,681,1241,0.0,-0.0008333472224535399,0.5608380338436826,-0.00048348106365834196
101754,15.20442007366789,0.5592264302981467,560,681,1241,0.0,-0.0008333472224535399,0.5604351329573005,-0.00040290088638195165
101755,15.203586726445437,0.5592264302981467,560,681,1241,0.0,-0.0008333472224535399,0.5601128122481951,-0.00032232070910556134
101756,15.202753379222983,0.5592264302981467,560,681,1241,0.0,-0.0008333472224535399,0.5598710717163659,-0.00024174053182917098
101757,15.20192003200053,0.5592264302981467,560,681,1241,0.0,-0.0008333472224535399,0.559709911361813,-0.00016116035455278067
101758,15.201086684778076,0.5584206285253828,560,681,1241,-0.0008058017727639033,-0.0008333472224535399,0.5594681708299838,-0.00024174053182917098
101759,15.200253337555623,0.5584206285253828,560,681,1241,0.0,-0.0008333472224535399,0.5592264302981546,-0.00024174053182917098
101760,15.199419990333169,0.5584206285253828,560,681,1241,0.0,-0.0008333472224535399,0.5589846897663253,-0.00024174053182917098
101761,15.198586643110715,0.5584206285253828,560,681,1241,0.0,-0.0008333472224535399,0.558904109589049,-8.058017727639034e-05
101762,15.197753295888262,0.5584206285253828,560,681,1241,0.0,-0.0008333472224535399,0.5588235294117727,-8.058017727639034e-05
101763,15.196919948665808,0.5584206285253828,560,681,1241,0.0,-0.0008333472224535399,0.5587429492344963,-8.058017727639034e-05
101764,15.196086601443355,0.5584206285253828,560,681,1241,0.0,-0.0008333472224535399,0.55866236905722,-8.058017727639034e-05
101765,15.195253254220901,0.5584206285253828,560,681,1241,0.0,-0.0008333472224535399,0.5585817888799436,-8.058017727639034e-05
101766,15.194419906998448,0.5584206285253828,560,681,1241,0.0,-0.0008333472224535399,0.5585012087026673,-8.058017727639034e-05
101767,15.193586559775994,0.5584206285253828,560,681,1241,0.0,-0.0008333472224535399,0.558420628525391,-8.058017727639034e-05
101768,15.19275321255354,0.5584206285253828,560,681,1241,0.0,-0.0008333472224535399,0.558420628525391,0.0
101769,15.191919865331087,0.5584206285253828,560,681,1241,0.0,-0.0008333472224535399,0.558420628525391,0.0
101770,15.191086518108634,0.5584206285253828,560,681,1241,0.0,-0.0008333472224535399,0.558420628525391,0.0
101771,15.19025317088618,0.5584206285253828,560,681,1241,0.0,-0.0008333472224535399,0.558420628525391,0.0
101772,15.189419823663727,0.5584206285253828,560,681,1241,0.0,-0.0008333472224535399,0.558420628525391,0.0
101773,15.188586476441273,0.5584206285253828,560,681,1241,0.0,-0.0008333472224535399,0.558420628525391,0.0
101774,15.18775312921882,0.5592264302981467,560,681,1241,0.0008058017727639033,-0.0008333472224535399,0.5585012087026673,8.058017727639034e-05
101775,15.186919781996366,0.5592264302981467,560,681,1241,0.0,-0.0008333472224535399,0.5585817888799436,8.058017727639034e-05
101776,15.186086434773912,0.5592264302981467,560,681,1241,0.0,-0.0008333472224535399,0.55866236905722,8.058017727639034e-05
101777,15.185253087551459,0.5592264302981467,560,681,1241,0.0,-0.0008333472224535399,0.5587429492344963,8.058017727639034e-05
101778,15.184419740329005,0.5600322320709106,560,681,1241,0.0008058017727639033,-0.0008333472224535399,0.5589041095890491,0.00016116035455278067
101779,15.183586393106552,0.5600322320709106,560,681,1241,0.0,-0.0008333472224535399,0.5590652699436018,0.00016116035455278067
101780,15.182753045884098,0.5584206285253828,560,681,1241,-0.0016116035455278066,-0.0008333472224535399,0.5590652699436018,0.0
101781,15.181919698661645,0.5584206285253828,560,681,1241,0.0,-0.0008333472224535399,0.5590652699436018,0.0
101782,15.181086351439191,0.5584206285253828,560,681,1241,0.0,-0.0008333472224535399,0.5590652699436018,0.0
101783,15.180253004216738,0.5584206285253828,560,681,1241,0.0,-0.0008333472224535399,0.5590652699436018,0.0
101784,15.179419656994284,0.5584206285253828,560,681,1241,0.0,-0.0008333472224535399,0.5589846897663255,-8.058017727639034e-05
101785,15.17858630977183,0.5584206285253828,560,681,1241,0.0,-0.0008333472224535399,0.5589041095890492,-8.058017727639034e-05
101786,15.177752962549377,0.5584206285253828,560,681,1241,0.0,-0.0008333472224535399,0.5588235294117728,-8.058017727639034e-05
101787,15.176919615326923,0.5584206285253828,560,681,1241,0.0,-0.0008333472224535399,0.5587429492344965,-8.058017727639034e-05
101788,15.17608626810447,0.5584206285253828,560,681,1241,0.0,-0.0008333472224535399,0.5585817888799437,-0.00016116035455278067
101789,15.175252920882016,0.5584206285253828,560,681,1241,0.0,-0.0008333472224535399,0.558420628525391,-0.00016116035455278067
101790,15.174419573659563,0.5584206285253828,560,681,1241,0.0,-0.0008333472224535399,0.558420628525391,0.0
101791,15.17358622643711,0.5584206285253828,560,681,1241,0.0,-0.0008333472224535399,0.558420628525391,0.0
101792,15.172752879214649,0.5584206285253828,560,681,1241,0.0,-0.0008333472224606453,0.558420628525391,0.0
101793,15.171919531992195,0.5584206285253828,560,681,1241,0.0,-0.0008333472224535399,0.558420628525391,0.0
101794,15.171086184769742,0.5584206285253828,560,681,1241,0.0,-0.0008333472224535399,0.558420628525391,0.0
101795,15.170252837547288,0.5584206285253828,560,681,1241,0.0,-0.0008333472224535399,0.558420628525391,0.0
101796,15.169419490324834,0.5584206285253828,560,681,1241,0.0,-0.0008333472224535399,0.558420628525391,0.0
101797,15.168586143102381,0.5584206285253828,560,681,1241,0.0,-0.0008333472224535399,0.558420628525391,0.0
101798,15.167752795879927,0.5584206285253828,560,681,1241,0.0,-0.0008333472224535399,0.558420628525391,0.0
101799,15.166919448657474,0.5584206285253828,560,681,1241,0.0,-0.0008333472224535399,0.558420628525391,0.0
101800,15.16608610143502,0.5584206285253828,560,681,1241,0.0,-0.0008333472224535399,0.558420628525391,0.0
101801,15.165252754212567,0.5584206285253828,560,681,1241,0.0,-0.0008333472224535399,0.558420628525391,0.0
101802,15.164419406990113,0.5584206285253828,560,681,1241,0.0,-0.0008333472224535399,0.558420628525391,0.0
101803,15.16358605976766,0.5592264302981467,560,681,1241,0.0008058017727639033,-0.0008333472224535399,0.5585012087026673,8.058017727639034e-05
101804,15.162752712545206,0.5592264302981467,560,681,1241,0.0,-0.0008333472224535399,0.5585817888799436,8.058017727639034e-05
101805,15.161919365322753,0.5592264302981467,560,681,1241,0.0,-0.0008333472224535399,0.55866236905722,8.058017727639034e-05
101806,15.161086018100299,0.5592264302981467,560,681,1241,0.0,-0.0008333472224535399,0.5587429492344963,8.058017727639034e-05
101807,15.160252670877846,0.5592264302981467,560,681,1241,0.0,-0.0008333472224535399,0.5588235294117727,8.058017727639034e-05
101808,15.159419323655392,0.5592264302981467,560,681,1241,0.0,-0.0008333472224535399,0.558904109589049,8.058017727639034e-05
101809,15.158585976432938,0.5592264302981467,560,681,1241,0.0,-0.0008333472224535399,0.5589846897663253,8.058017727639034e-05
101810,15.157752629210485,0.5592264302981467,560,681,1241,0.0,-0.0008333472224535399,0.5590652699436017,8.058017727639034e-05
101811,15.156919281988031,0.5592264302981467,560,681,1241,0.0,-0.0008333472224535399,0.559145850120878,8.058017727639034e-05
101812,15.156085934765578,0.5600322320709106,560,681,1241,0.0008058017727639033,-0.0008333472224535399,0.5593070104754309,0.00016116035455278067
101813,15.155252587543124,0.5600322320709106,560,681,1241,0.0,-0.0008333472224535399,0.5593875906527073,8.058017727639034e-05
101814,15.15441924032067,0.5600322320709106,560,681,1241,0.0,-0.0008333472224535399,0.5594681708299836,8.058017727639034e-05
101815,15.153585893098217,0.5600322320709106,560,681,1241,0.0,-0.0008333472224535399,0.55954875100726,8.058017727639034e-05
101816,15.152752545875764,0.5600322320709106,560,681,1241,0.0,-0.0008333472224535399,0.5596293311845363,8.058017727639034e-05
101817,15.15191919865331,0.5600322320709106,560,681,1241,0.0,-0.0008333472224535399,0.5597099113618127,8.058017727639034e-05
101818,15.151085851430857,0.5600322320709106,560,681,1241,0.0,-0.0008333472224535399,0.559790491539089,8.058017727639034e-05
101819,15.150252504208403,0.5600322320709106,560,681,1241,0.0,-0.0008333472224535399,0.5598710717163653,8.058017727639034e-05
101820,15.14941915698595,0.5600322320709106,560,681,1241,0.0,-0.0008333472224535399,0.5599516518936417,8.058017727639034e-05
101821,15.148585809763496,0.5600322320709106,560,681,1241,0.0,-0.0008333472224535399,0.560032232070918,8.058017727639034e-05
101822,15.147752462541042,0.5592264302981467,560,681,1241,-0.0008058017727639033,-0.0008333472224535399,0.5599516518936416,-8.058017727639034e-05
101823,15.146919115318589,0.5592264302981467,560,681,1241,0.0,-0.0008333472224535399,0.5598710717163653,-8.058017727639034e-05
101824,15.146085768096135,0.5592264302981467,560,681,1241,0.0,-0.0008333472224535399,0.5597904915390889,-8.058017727639034e-05
101825,15.145252420873682,0.5592264302981467,560,681,1241,0.0,-0.0008333472224535399,0.5597099113618126,-8.058017727639034e-05
101826,15.144419073651228,0.5592264302981467,560,681,1241,0.0,-0.0008333472224535399,0.5596293311845362,-8.058017727639034e-05
101827,15.143585726428775,0.5592264302981467,560,681,1241,0.0,-0.0008333472224535399,0.5595487510072599,-8.058017727639034e-05
101828,15.142752379206321,0.5600322320709106,560,681,1241,0.0008058017727639033,-0.0008333472224535399,0.5595487510072599,0.0
101829,15.141919031983868,0.5600322320709106,560,681,1241,0.0,-0.0008333472224535399,0.5595487510072599,0.0
101830,15.141085684761414,0.5600322320709106,560,681,1241,0.0,-0.0008333472224535399,0.5595487510072599,0.0
101831,15.14025233753896,0.5600322320709106,560,681,1241,0.0,-0.0008333472224535399,0.5595487510072599,0.0
101832,15.139418990316507,0.5600322320709106,560,681,1241,0.0,-0.0008333472224535399,0.5596293311845363,8.058017727639034e-05
101833,15.138585643094054,0.5600322320709106,560,681,1241,0.0,-0.0008333472224535399,0.5597099113618127,8.058017727639034e-05
101834,15.137752295871593,0.5600322320709106,560,681,1241,0.0,-0.0008333472224606453,0.559790491539089,8.058017727639034e-05
101835,15.13691894864914,0.5600322320709106,560,681,1241,0.0,-0.0008333472224535399,0.5598710717163653,8.058017727639034e-05
101836,15.136085601426686,0.5600322320709106,560,681,1241,0.0,-0.0008333472224535399,0.5599516518936417,8.058017727639034e-05
101837,15.135252254204232,0.5600322320709106,560,681,1241,0.0,-0.0008333472224535399,0.560032232070918,8.058017727639034e-05
101838,15.134418906981779,0.5600322320709106,560,681,1241,0.0,-0.0008333472224535399,0.560032232070918,0.0
101839,15.133585559759325,0.5600322320709106,560,681,1241,0.0,-0.0008333472224535399,0.560032232070918,0.0
101840,15.132752212536872,0.5600322320709106,560,681,1241,0.0,-0.0008333472224535399,0.560032232070918,0.0
101841,15.131918865314418,0.5600322320709106,560,681,1241,0.0,-0.0008333472224535399,0.560032232070918,0.0
101842,15.131085518091965,0.5600322320709106,560,681,1241,0.0,-0.0008333472224535399,0.560032232070918,0.0
101843,15.130252170869511,0.5600322320709106,560,681,1241,0.0,-0.0008333472224535399,0.560032232070918,0.0
101844,15.129418823647057,0.5600322320709106,560,681,1241,0.0,-0.0008333472224535399,0.560032232070918,0.0
101845,15.128585476424604,0.5600322320709106,560,681,1241,0.0,-0.0008333472224535399,0.560032232070918,0.0
101846,15.12775212920215,0.5600322320709106,560,681,1241,0.0,-0.0008333472224535399,0.560032232070918,0.0
101847,15.126918781979697,0.5600322320709106,560,681,1241,0.0,-0.0008333472224535399,0.560032232070918,0.0
101848,15.126085434757243,0.5600322320709106,560,681,1241,0.0,-0.0008333472224535399,0.560032232070918,0.0
101849,15.12525208753479,0.5600322320709106,560,681,1241,0.0,-0.0008333472224535399,0.560032232070918,0.0
101850,15.124418740312336,0.5600322320709106,560,681,1241,0.0,-0.0008333472224535399,0.560032232070918,0.0
101851,15.123585393089883,0.5600322320709106,560,681,1241,0.0,-0.0008333472224535399,0.560032232070918,0.0
101852,15.12275204586743,0.5600322320709106,560,681,1241,0.0,-0.0008333472224535399,0.560032232070918,0.0
101853,15.121918698644976,0.5600322320709106,560,681,1241,0.0,-0.0008333472224535399,0.560032232070918,0.0
101854,15.121085351422522,0.5600322320709106,560,681,1241,0.0,-0.0008333472224535399,0.560032232070918,0.0
101855,15.120252004200069,0.5608380338436745,560,681,1241,0.0008058017727639033,-0.0008333472224535399,0.5601128122481944,8.058017727639034e-05
101856,15.119418656977615,0.5608380338436745,560,681,1241,0.0,-0.0008333472224535399,0.5601933924254708,8.058017727639034e-05
101857,15.118585309755161,0.5608380338436745,560,681,1241,0.0,-0.0008333472224535399,0.5602739726027471,8.058017727639034e-05
101858,15.117751962532708,0.5608380338436745,560,681,1241,0.0,-0.0008333472224535399,0.5603545527800236,8.058017727639034e-05
101859,15.116918615310254,0.5608380338436745,560,681,1241,0.0,-0.0008333472224535399,0.5604351329572999,8.058017727639034e-05
101860,15.1160852680878,0.5608380338436745,560,681,1241,0.0,-0.0008333472224535399,0.5605157131345762,8.058017727639034e-05
101861,15.115251920865347,0.5608380338436745,560,681,1241,0.0,-0.0008333472224535399,0.5605962933118526,8.058017727639034e-05
101862,15.114418573642894,0.5608380338436745,560,681,1241,0.0,-0.0008333472224535399,0.5606768734891289,8.058017727639034e-05
101863,15.11358522642044,0.5608380338436745,560,681,1241,0.0,-0.0008333472224535399,0.5607574536664053,8.058017727639034e-05
101864,15.112751879197987,0.5608380338436745,560,681,1241,0.0,-0.0008333472224535399,0.5608380338436816,8.058017727639034e-05
101865,15.111918531975533,0.5608380338436745,560,681,1241,0.0,-0.0008333472224535399,0.5608380338436815,0.0
101866,15.11108518475308,0.5608380338436745,560,681,1241,0.0,-0.0008333472224535399,0.5608380338436815,0.0
101867,15.110251837530626,0.5608380338436745,560,681,1241,0.0,-0.0008333472224535399,0.5608380338436815,0.0
101868,15.109418490308173,0.5608380338436745,560,681,1241,0.0,-0.0008333472224535399,0.5608380338436815,0.0
101869,15.108585143085719,0.5592264302981467,560,681,1241,-0.0016116035455278066,-0.0008333472224535399,0.5606768734891286,-0.00016116035455278067
101870,15.107751795863265,0.5592264302981467,560,681,1241,0.0,-0.0008333472224535399,0.5605157131345757,-0.00016116035455278067
101871,15.106918448640812,0.5592264302981467,560,681,1241,0.0,-0.0008333472224535399,0.5603545527800229,-0.00016116035455278067
101872,15.106085101418358,0.5592264302981467,560,681,1241,0.0,-0.0008333472224535399,0.5601933924254701,-0.00016116035455278067
101873,15.105251754195905,0.5592264302981467,560,681,1241,0.0,-0.0008333472224535399,0.5600322320709171,-0.00016116035455278067
101874,15.104418406973451,0.5592264302981467,560,681,1241,0.0,-0.0008333472224535399,0.5598710717163643,-0.00016116035455278067
101875,15.103585059750998,0.5592264302981467,560,681,1241,0.0,-0.0008333472224535399,0.5597099113618114,-0.00016116035455278067
101876,15.102751712528544,0.5592264302981467,560,681,1241,0.0,-0.0008333472224535399,0.5595487510072585,-0.00016116035455278067
101877,15.101918365306084,0.5592264302981467,560,681,1241,0.0,-0.0008333472224606453,0.5593875906527057,-0.00016116035455278067
101878,15.10108501808363,0.5592264302981467,560,681,1241,0.0,-0.0008333472224535399,0.5592264302981528,-0.00016116035455278067
101879,15.100251670861176,0.5592264302981467,560,681,1241,0.0,-0.0008333472224535399,0.5592264302981528,0.0
101880,15.099418323638723,0.5592264302981467,560,681,1241,0.0,-0.0008333472224535399,0.5592264302981528,0.0
101881,15.09858497641627,0.5592264302981467,560,681,1241,0.0,-0.0008333472224535399,0.5592264302981528,0.0
101882,15.097751629193816,0.5592264302981467,560,681,1241,0.0,-0.0008333472224535399,0.5592264302981528,0.0
101883,15.096918281971362,0.5592264302981467,560,681,1241,0.0,-0.0008333472224535399,0.5592264302981528,0.0
101884,15.096084934748909,0.5592264302981467,560,681,1241,0.0,-0.0008333472224535399,0.5592264302981528,0.0
101885,15.095251587526455,0.5592264302981467,560,681,1241,0.0,-0.0008333472224535399,0.5592264302981528,0.0
101886,15.094418240304002,0.5592264302981467,560,681,1241,0.0,-0.0008333472224535399,0.5592264302981528,0.0
101887,15.093584893081548,0.5584206285253828,560,681,1241,-0.0008058017727639033,-0.0008333472224535399,0.5591458501208765,-8.058017727639034e-05
101888,15.092751545859095,0.5584206285253828,560,681,1241,0.0,-0.0008333472224535399,0.5590652699436001,-8.058017727639034e-05
101889,15.091918198636641,0.5584206285253828,560,681,1241,0.0,-0.0008333472224535399,0.5589846897663238,-8.058017727639034e-05
101890,15.091084851414188,0.5584206285253828,560,681,1241,0.0,-0.0008333472224535399,0.5589041095890475,-8.058017727639034e-05
101891,15.090251504191734,0.5584206285253828,560,681,1241,0.0,-0.0008333472224535399,0.558823529411771,-8.058017727639034e-05
101892,15.08941815696928,0.5584206285253828,560,681,1241,0.0,-0.0008333472224535399,0.5587429492344947,-8.058017727639034e-05
101893,15.088584809746827,0.5584206285253828,560,681,1241,0.0,-0.0008333472224535399,0.5586623690572183,-8.058017727639034e-05
101894,15.087751462524373,0.5576148267526189,560,681,1241,-0.0008058017727639033,-0.0008333472224535399,0.5585012087026657,-0.00016116035455278067
101895,15.08691811530192,0.5576148267526189,560,681,1241,0.0,-0.0008333472224535399,0.558340048348113,-0.00016116035455278067
101896,15.086084768079466,0.5576148267526189,560,681,1241,0.0,-0.0008333472224535399,0.5581788879935603,-0.00016116035455278067
101897,15.085251420857013,0.5576148267526189,560,681,1241,0.0,-0.0008333472224535399,0.558098307816284,-8.058017727639034e-05
101898,15.08441807363456,0.5576148267526189,560,681,1241,0.0,-0.0008333472224535399,0.5580177276390076,-8.058017727639034e-05
101899,15.083584726412106,0.5576148267526189,560,681,1241,0.0,-0.0008333472224535399,0.5579371474617313,-8.058017727639034e-05
101900,15.082751379189652,0.5576148267526189,560,681,1241,0.0,-0.0008333472224535399,0.5578565672844549,-8.058017727639034e-05
101901,15.081918031967199,0.5576148267526189,560,681,1241,0.0,-0.0008333472224535399,0.5577759871071786,-8.058017727639034e-05
101902,15.081084684744745,0.5576148267526189,560,681,1241,0.0,-0.0008333472224535399,0.5576954069299023,-8.058017727639034e-05
101903,15.080251337522292,0.5576148267526189,560,681,1241,0.0,-0.0008333472224535399,0.5576148267526259,-8.058017727639034e-05
101904,15.079417990299838,0.5584206285253828,560,681,1241,0.0008058017727639033,-0.0008333472224535399,0.5576954069299023,8.058017727639034e-05
101905,15.078584643077384,0.5584206285253828,560,681,1241,0.0,-0.0008333472224535399,0.5577759871071786,8.058017727639034e-05
101906,15.077751295854931,0.5584206285253828,560,681,1241,0.0,-0.0008333472224535399,0.5578565672844549,8.058017727639034e-05
101907,15.076917948632477,0.5576148267526189,560,681,1241,-0.0008058017727639033,-0.0008333472224535399,0.5578565672844549,0.0
101908,15.076084601410024,0.5576148267526189,560,681,1241,0.0,-0.0008333472224535399,0.5578565672844549,0.0
101909,15.07525125418757,0.5576148267526189,560,681,1241,0.0,-0.0008333472224535399,0.5578565672844549,0.0
101910,15.074417906965117,0.5576148267526189,560,681,1241,0.0,-0.0008333472224535399,0.5578565672844549,0.0
101911,15.073584559742663,0.5576148267526189,560,681,1241,0.0,-0.0008333472224535399,0.5578565672844549,0.0
101912,15.07275121252021,0.5576148267526189,560,681,1241,0.0,-0.0008333472224535399,0.5578565672844549,0.0
101913,15.071917865297756,0.5576148267526189,560,681,1241,0.0,-0.0008333472224535399,0.5578565672844549,0.0
101914,15.071084518075303,0.5576148267526189,560,681,1241,0.0,-0.0008333472224535399,0.5577759871071786,-8.058017727639034e-05
101915,15.070251170852849,0.5576148267526189,560,681,1241,0.0,-0.0008333472224535399,0.5576954069299023,-8.058017727639034e-05
101916,15.069417823630396,0.556809024979855,560,681,1241,-0.0008058017727639033,-0.0008333472224535399,0.5575342465753494,-0.00016116035455278067
101917,15.068584476407942,0.5576148267526189,560,681,1241,0.0008058017727639033,-0.0008333472224535399,0.5575342465753493,0.0
101918,15.067751129185488,0.5576148267526189,560,681,1241,0.0,-0.0008333472224535399,0.5575342465753493,0.0
101919,15.066917781963028,0.5576148267526189,560,681,1241,0.0,-0.0008333472224606453,0.5575342465753493,0.0
101920,15.066084434740574,0.5576148267526189,560,681,1241,0.0,-0.0008333472224535399,0.5575342465753493,0.0
101921,15.06525108751812,0.5576148267526189,560,681,1241,0.0,-0.0008333472224535399,0.5575342465753493,0.0
101922,15.064417740295667,0.556809024979855,560,681,1241,-0.0008058017727639033,-0.0008333472224535399,0.557453666398073,-8.058017727639034e-05
101923,15.063584393073214,0.556809024979855,560,681,1241,0.0,-0.0008333472224535399,0.5573730862207966,-8.058017727639034e-05
101924,15.06275104585076,0.556809024979855,560,681,1241,0.0,-0.0008333472224535399,0.5572925060435203,-8.058017727639034e-05
101925,15.061917698628307,0.5576148267526189,560,681,1241,0.0008058017727639033,-0.0008333472224535399,0.5572925060435203,0.0
101926,15.061084351405853,0.5576148267526189,560,681,1241,0.0,-0.0008333472224535399,0.5573730862207967,8.058017727639034e-05
101927,15.0602510041834,0.5576148267526189,560,681,1241,0.0,-0.0008333472224535399,0.5573730862207966,0.0
101928,15.059417656960946,0.5576148267526189,560,681,1241,0.0,-0.0008333472224535399,0.5573730862207966,0.0
101929,15.058584309738492,0.5576148267526189,560,681,1241,0.0,-0.0008333472224535399,0.5573730862207966,0.0
101930,15.057750962516039,0.5584206285253828,560,681,1241,0.0008058017727639033,-0.0008333472224535399,0.557453666398073,8.058017727639034e-05
101931,15.056917615293585,0.5584206285253828,560,681,1241,0.0,-0.0008333472224535399,0.5575342465753493,8.058017727639034e-05
101932,15.056084268071132,0.5584206285253828,560,681,1241,0.0,-0.0008333472224535399,0.5576954069299022,0.00016116035455278067
101933,15.055250920848678,0.5584206285253828,560,681,1241,0.0,-0.0008333472224535399,0.5578565672844549,0.00016116035455278067
101934,15.054417573626225,0.5584206285253828,560,681,1241,0.0,-0.0008333472224535399,0.5580177276390077,0.00016116035455278067
101935,15.053584226403771,0.5584206285253828,560,681,1241,0.0,-0.0008333472224535399,0.5580983078162841,8.058017727639034e-05
101936,15.052750879181318,0.5584206285253828,560,681,1241,0.0,-0.0008333472224535399,0.5581788879935605,8.058017727639034e-05
101937,15.051917531958864,0.5584206285253828,560,681,1241,0.0,-0.0008333472224535399,0.5582594681708368,8.058017727639034e-05
101938,15.05108418473641,0.5584206285253828,560,681,1241,0.0,-0.0008333472224535399,0.5583400483481131,8.058017727639034e-05
101939,15.050250837513957,0.5584206285253828,560,681,1241,0.0,-0.0008333472224535399,0.5584206285253895,8.058017727639034e-05
101940,15.049417490291503,0.5584206285253828,560,681,1241,0.0,-0.0008333472224535399,0.5584206285253895,0.0
101941,15.04858414306905,0.5584206285253828,560,681,1241,0.0,-0.0008333472224535399,0.5584206285253895,0.0
101942,15.047750795846596,0.5592264302981467,560,681,1241,0.0008058017727639033,-0.0008333472224535399,0.5585012087026658,8.058017727639034e-05
101943,15.046917448624143,0.5592264302981467,560,681,1241,0.0,-0.0008333472224535399,0.5585817888799423,8.058017727639034e-05
101944,15.04608410140169,0.5592264302981467,560,681,1241,0.0,-0.0008333472224535399,0.5586623690572186,8.058017727639034e-05
101945,15.045250754179236,0.5592264302981467,560,681,1241,0.0,-0.0008333472224535399,0.5587429492344949,8.058017727639034e-05
101946,15.044417406956782,0.5592264302981467,560,681,1241,0.0,-0.0008333472224535399,0.5588235294117713,8.058017727639034e-05
101947,15.043584059734329,0.5592264302981467,560,681,1241,0.0,-0.0008333472224535399,0.5589041095890476,8.058017727639034e-05
101948,15.042750712511875,0.5592264302981467,560,681,1241,0.0,-0.0008333472224535399,0.558984689766324,8.058017727639034e-05
101949,15.041917365289422,0.5592264302981467,560,681,1241,0.0,-0.0008333472224535399,0.5590652699436003,8.058017727639034e-05
101950,15.041084018066968,0.5592264302981467,560,681,1241,0.0,-0.0008333472224535399,0.5591458501208766,8.058017727639034e-05
101951,15.040250670844515,0.5584206285253828,560,681,1241,-0.0008058017727639033,-0.0008333472224535399,0.5591458501208766,0.0
101952,15.039417323622061,0.5584206285253828,560,681,1241,0.0,-0.0008333472224535399,0.5590652699436003,-8.058017727639034e-05
101953,15.038583976399607,0.5584206285253828,560,681,1241,0.0,-0.0008333472224535399,0.558984689766324,-8.058017727639034e-05
101954,15.037750629177154,0.5584206285253828,560,681,1241,0.0,-0.0008333472224535399,0.5589041095890476,-8.058017727639034e-05
101955,15.0369172819547,0.5584206285253828,560,681,1241,0.0,-0.0008333472224535399,0.5588235294117713,-8.058017727639034e-05
101956,15.036083934732247,0.5584206285253828,560,681,1241,0.0,-0.0008333472224535399,0.5587429492344949,-8.058017727639034e-05
101957,15.035250587509793,0.5584206285253828,560,681,1241,0.0,-0.0008333472224535399,0.5586623690572186,-8.058017727639034e-05
101958,15.03441724028734,0.5576148267526189,560,681,1241,-0.0008058017727639033,-0.0008333472224535399,0.5585012087026658,-0.00016116035455278067
101959,15.033583893064886,0.5576148267526189,560,681,1241,0.0,-0.0008333472224535399,0.5583400483481131,-0.00016116035455278067
101960,15.032750545842433,0.5576148267526189,560,681,1241,0.0,-0.0008333472224535399,0.5581788879935605,-0.00016116035455278067
101961,15.031917198619972,0.5576148267526189,560,681,1241,0.0,-0.0008333472224606453,0.5580983078162841,-8.058017727639034e-05
101962,15.031083851397518,0.5576148267526189,560,681,1241,0.0,-0.0008333472224535399,0.5580177276390078,-8.058017727639034e-05
101963,15.030250504175065,0.5576148267526189,560,681,1241,0.0,-0.0008333472224535399,0.5579371474617314,-8.058017727639034e-05
101964,15.029417156952611,0.5576148267526189,560,681,1241,0.0,-0.0008333472224535399,0.5578565672844551,-8.058017727639034e-05
101965,15.028583809730158,0.5576148267526189,560,681,1241,0.0,-0.0008333472224535399,0.5577759871071788,-8.058017727639034e-05
101966,15.027750462507704,0.5576148267526189,560,681,1241,0.0,-0.0008333472224535399,0.5576954069299024,-8.058017727639034e-05
101967,15.02691711528525,0.5576148267526189,560,681,1241,0.0,-0.0008333472224535399,0.5576148267526261,-8.058017727639034e-05
101968,15.026083768062797,0.5576148267526189,560,681,1241,0.0,-0.0008333472224535399,0.5576148267526261,0.0
101969,15.025250420840344,0.5576148267526189,560,681,1241,0.0,-0.0008333472224535399,0.5576148267526261,0.0
101970,15.02441707361789,0.5576148267526189,560,681,1241,0.0,-0.0008333472224535399,0.5576148267526261,0.0
101971,15.023583726395437,0.5576148267526189,560,681,1241,0.0,-0.0008333472224535399,0.5576148267526261,0.0
101972,15.022750379172983,0.5576148267526189,560,681,1241,0.0,-0.0008333472224535399,0.5576148267526261,0.0
101973,15.02191703195053,0.5576148267526189,560,681,1241,0.0,-0.0008333472224535399,0.5576148267526261,0.0
101974,15.021083684728076,0.5576148267526189,560,681,1241,0.0,-0.0008333472224535399,0.5576148267526261,0.0
101975,15.020250337505622,0.5576148267526189,560,681,1241,0.0,-0.0008333472224535399,0.5576148267526261,0.0
101976,15.019416990283169,0.5576148267526189,560,681,1241,0.0,-0.0008333472224535399,0.5576148267526261,0.0
101977,15.018583643060715,0.5576148267526189,560,681,1241,0.0,-0.0008333472224535399,0.5576148267526261,0.0
101978,15.017750295838262,0.5584206285253828,560,681,1241,0.0008058017727639033,-0.0008333472224535399,0.5576954069299024,8.058017727639034e-05
101979,15.016916948615808,0.5584206285253828,560,681,1241,0.0,-0.0008333472224535399,0.5577759871071788,8.058017727639034e-05
101980,15.016083601393355,0.5584206285253828,560,681,1241,0.0,-0.0008333472224535399,0.5578565672844551,8.058017727639034e-05
101981,15.015250254170901,0.5592264302981467,560,681,1241,0.0008058017727639033,-0.0008333472224535399,0.5580177276390078,0.00016116035455278067
101982,15.014416906948448,0.5592264302981467,560,681,1241,0.0,-0.0008333472224535399,0.5581788879935605,0.00016116035455278067
101983,15.013583559725994,0.5592264302981467,560,681,1241,0.0,-0.0008333472224535399,0.5583400483481131,0.00016116035455278067
101984,15.01275021250354,0.5592264302981467,560,681,1241,0.0,-0.0008333472224535399,0.5585012087026658,0.00016116035455278067
101985,15.011916865281087,0.5600322320709106,560,681,1241,0.0008058017727639033,-0.0008333472224535399,0.5587429492344951,0.00024174053182917098
101986,15.011083518058634,0.5600322320709106,560,681,1241,0.0,-0.0008333472224535399,0.5589846897663243,0.00024174053182917098
101987,15.01025017083618,0.5600322320709106,560,681,1241,0.0,-0.0008333472224535399,0.5592264302981536,0.00024174053182917098
101988,15.009416823613726,0.5600322320709106,560,681,1241,0.0,-0.0008333472224535399,0.5593875906527063,0.00016116035455278067
101989,15.008583476391273,0.5600322320709106,560,681,1241,0.0,-0.0008333472224535399,0.5595487510072591,0.00016116035455278067
101990,15.00775012916882,0.5600322320709106,560,681,1241,0.0,-0.0008333472224535399,0.5597099113618118,0.00016116035455278067
101991,15.006916781946366,0.5600322320709106,560,681,1241,0.0,-0.0008333472224535399,0.5597904915390883,8.058017727639034e-05
101992,15.006083434723912,0.5600322320709106,560,681,1241,0.0,-0.0008333472224535399,0.5598710717163646,8.058017727639034e-05
101993,15.005250087501459,0.5600322320709106,560,681,1241,0.0,-0.0008333472224535399,0.5599516518936409,8.058017727639034e-05
101994,15.004416740279005,0.5600322320709106,560,681,1241,0.0,-0.0008333472224535399,0.5600322320709173,8.058017727639034e-05
101995,15.003583393056552,0.5600322320709106,560,681,1241,0.0,-0.0008333472224535399,0.5600322320709173,0.0
101996,15.002750045834098,0.5600322320709106,560,681,1241,0.0,-0.0008333472224535399,0.5600322320709173,0.0
101997,15.001916698611645,0.5608380338436745,560,681,1241,0.0008058017727639033,-0.0008333472224535399,0.5601128122481938,8.058017727639034e-05
101998,15.001083351389191,0.5608380338436745,560,681,1241,0.0,-0.0008333472224535399,0.5601933924254701,8.058017727639034e-05
101999,15.000250004166737,0.5608380338436745,560,681,1241,0.0,-0.0008333472224535399,0.5602739726027465,8.058017727639034e-05
102000,14.999416656944284,0.5608380338436745,560,681,1241,0.0,-0.0008333472224535399,0.5603545527800228,8.058017727639034e-05
102001,14.99858330972183,0.5608380338436745,560,681,1241,0.0,-0.0008333472224535399,0.5604351329572992,8.058017727639034e-05
102002,14.997749962499377,0.5608380338436745,560,681,1241,0.0,-0.0008333472224535399,0.5605157131345755,8.058017727639034e-05
102003,14.996916615276923,0.5608380338436745,560,681,1241,0.0,-0.0008333472224535399,0.5605962933118518,8.058017727639034e-05
102004,14.996083268054463,0.5608380338436745,560,681,1241,0.0,-0.0008333472224606453,0.5606768734891282,8.058017727639034e-05
102005,14.99524992083201,0.5608380338436745,560,681,1241,0.0,-0.0008333472224535399,0.5607574536664045,8.058017727639034e-05
102006,14.994416573609556,0.5608380338436745,560,681,1241,0.0,-0.0008333472224535399,0.5608380338436809,8.058017727639034e-05
102007,14.993583226387102,0.5600322320709106,560,681,1241,-0.0008058017727639033,-0.0008333472224535399,0.5607574536664044,-8.058017727639034e-05
102008,14.992749879164649,0.5600322320709106,560,681,1241,0.0,-0.0008333472224535399,0.5606768734891281,-8.058017727639034e-05
102009,14.991916531942195,0.5600322320709106,560,681,1241,0.0,-0.0008333472224535399,0.5605962933118518,-8.058017727639034e-05
102010,14.991083184719741,0.5600322320709106,560,681,1241,0.0,-0.0008333472224535399,0.5605157131345754,-8.058017727639034e-05
102011,14.990249837497288,0.5600322320709106,560,681,1241,0.0,-0.0008333472224535399,0.5604351329572991,-8.058017727639034e-05
102012,14.989416490274834,0.5592264302981467,560,681,1241,-0.0008058017727639033,-0.0008333472224535399,0.5602739726027461,-0.00016116035455278067
102013,14.98858314305238,0.5592264302981467,560,681,1241,0.0,-0.0008333472224535399,0.5601128122481933,-0.00016116035455278067
102014,14.987749795829927,0.5592264302981467,560,681,1241,0.0,-0.0008333472224535399,0.5599516518936405,-0.00016116035455278067
102015,14.986916448607474,0.5584206285253828,560,681,1241,-0.0008058017727639033,-0.0008333472224535399,0.5597099113618113,-0.00024174053182917098
102016,14.98608310138502,0.5584206285253828,560,681,1241,0.0,-0.0008333472224535399,0.559468170829982,-0.00024174053182917098
102017,14.985249754162567,0.5584206285253828,560,681,1241,0.0,-0.0008333472224535399,0.5593070104754292,-0.00016116035455278067
102018,14.984416406940113,0.5584206285253828,560,681,1241,0.0,-0.0008333472224535399,0.5591458501208765,-0.00016116035455278067
102019,14.98358305971766,0.5584206285253828,560,681,1241,0.0,-0.0008333472224535399,0.5589846897663237,-0.00016116035455278067
102020,14.982749712495206,0.5584206285253828,560,681,1241,0.0,-0.0008333472224535399,0.5588235294117709,-0.00016116035455278067
102021,14.981916365272753,0.5592264302981467,560,681,1241,0.0008058017727639033,-0.0008333472224535399,0.5587429492344944,-8.058017727639034e-05
102022,14.981083018050299,0.5592264302981467,560,681,1241,0.0,-0.0008333472224535399,0.5587429492344945,0.0
102023,14.980249670827845,0.5592264302981467,560,681,1241,0.0,-0.0008333472224535399,0.5587429492344945,0.0
102024,14.979416323605392,0.5584206285253828,560,681,1241,-0.0008058017727639033,-0.0008333472224535399,0.5586623690572182,-8.058017727639034e-05
102025,14.978582976382938,0.5584206285253828,560,681,1241,0.0,-0.0008333472224535399,0.5586623690572182,0.0
102026,14.977749629160485,0.5592264302981467,560,681,1241,0.0008058017727639033,-0.0008333472224535399,0.5587429492344945,8.058017727639034e-05
102027,14.976916281938031,0.5600322320709106,560,681,1241,0.0008058017727639033,-0.0008333472224535399,0.5589041095890473,0.00016116035455278067
102028,14.976082934715578,0.5600322320709106,560,681,1241,0.0,-0.0008333472224535399,0.5590652699436001,0.00016116035455278067
102029,14.975249587493124,0.5600322320709106,560,681,1241,0.0,-0.0008333472224535399,0.5592264302981529,0.00016116035455278067
102030,14.97441624027067,0.5608380338436745,560,681,1241,0.0008058017727639033,-0.0008333472224535399,0.559468170829982,0.00024174053182917098
102031,14.973582893048217,0.5616438356164384,560,681,1241,0.0008058017727639033,-0.0008333472224535399,0.5597099113618113,0.00024174053182917098
102032,14.972749545825764,0.5616438356164384,560,681,1241,0.0,-0.0008333472224535399,0.5599516518936405,0.00024174053182917098
102033,14.97191619860331,0.5616438356164384,560,681,1241,0.0,-0.0008333472224535399,0.5601933924254696,0.00024174053182917098
102034,14.971082851380856,0.5616438356164384,560,681,1241,0.0,-0.0008333472224535399,0.5605157131345753,0.00032232070910556134
102035,14.970249504158403,0.5616438356164384,560,681,1241,0.0,-0.0008333472224535399,0.5608380338436808,0.00032232070910556134
102036,14.96941615693595,0.5616438356164384,560,681,1241,0.0,-0.0008333472224535399,0.56107977437551,0.00024174053182917098
102037,14.968582809713496,0.5616438356164384,560,681,1241,0.0,-0.0008333472224535399,0.5612409347300628,0.00016116035455278067
102038,14.967749462491042,0.5616438356164384,560,681,1241,0.0,-0.0008333472224535399,0.5614020950846156,0.00016116035455278067
102039,14.966916115268589,0.5616438356164384,560,681,1241,0.0,-0.0008333472224535399,0.5615632554391683,0.00016116035455278067
102040,14.966082768046135,0.5624496373892023,560,681,1241,0.0008058017727639033,-0.0008333472224535399,0.5617244157937211,0.00016116035455278067
102041,14.965249420823682,0.5624496373892023,560,681,1241,0.0,-0.0008333472224535399,0.5618049959709974,8.058017727639034e-05
102042,14.964416073601228,0.5624496373892023,560,681,1241,0.0,-0.0008333472224535399,0.5618855761482738,8.058017727639034e-05
102043,14.963582726378775,0.5624496373892023,560,681,1241,0.0,-0.0008333472224535399,0.5619661563255501,8.058017727639034e-05
102044,14.962749379156321,0.5624496373892023,560,681,1241,0.0,-0.0008333472224535399,0.5620467365028265,8.058017727639034e-05
102045,14.961916031933868,0.5624496373892023,560,681,1241,0.0,-0.0008333472224535399,0.5621273166801029,8.058017727639034e-05
102046,14.961082684711407,0.5624496373892023,560,681,1241,0.0,-0.0008333472224606453,0.5622078968573792,8.058017727639034e-05
102047,14.960249337488953,0.5624496373892023,560,681,1241,0.0,-0.0008333472224535399,0.5622884770346556,8.058017727639034e-05
102048,14.9594159902665,0.5624496373892023,560,681,1241,0.0,-0.0008333472224535399,0.5623690572119319,8.058017727639034e-05
102049,14.958582643044046,0.5616438356164384,560,681,1241,-0.0008058017727639033,-0.0008333472224535399,0.5623690572119319,0.0
102050,14.957749295821593,0.5616438356164384,560,681,1241,0.0,-0.0008333472224535399,0.5622884770346556,-8.058017727639034e-05
102051,14.95691594859914,0.5624496373892023,560,681,1241,0.0008058017727639033,-0.0008333472224535399,0.5622884770346556,0.0
102052,14.956082601376686,0.5624496373892023,560,681,1241,0.0,-0.0008333472224535399,0.5622884770346556,0.0
102053,14.955249254154232,0.5624496373892023,560,681,1241,0.0,-0.0008333472224535399,0.5622884770346556,0.0
102054,14.954415906931779,0.5632554391619662,560,681,1241,0.0008058017727639033,-0.0008333472224535399,0.5623690572119319,8.058017727639034e-05
102055,14.953582559709325,0.5632554391619662,560,681,1241,0.0,-0.0008333472224535399,0.5624496373892083,8.058017727639034e-05
102056,14.952749212486871,0.5632554391619662,560,681,1241,0.0,-0.0008333472224535399,0.5625302175664846,8.058017727639034e-05
102057,14.951915865264418,0.5632554391619662,560,681,1241,0.0,-0.0008333472224535399,0.5626107977437609,8.058017727639034e-05
102058,14.951082518041964,0.5632554391619662,560,681,1241,0.0,-0.0008333472224535399,0.5626913779210373,8.058017727639034e-05
102059,14.95024917081951,0.5632554391619662,560,681,1241,0.0,-0.0008333472224535399,0.56285253827559,0.00016116035455278067
102060,14.949415823597057,0.5632554391619662,560,681,1241,0.0,-0.0008333472224535399,0.5630136986301428,0.00016116035455278067
102061,14.948582476374604,0.5632554391619662,560,681,1241,0.0,-0.0008333472224535399,0.5630942788074191,8.058017727639034e-05
102062,14.94774912915215,0.5632554391619662,560,681,1241,0.0,-0.0008333472224535399,0.5631748589846955,8.058017727639034e-05
102063,14.946915781929697,0.5632554391619662,560,681,1241,0.0,-0.0008333472224535399,0.5632554391619718,8.058017727639034e-05
102064,14.946082434707243,0.5632554391619662,560,681,1241,0.0,-0.0008333472224535399,0.5632554391619718,0.0
102065,14.94524908748479,0.5632554391619662,560,681,1241,0.0,-0.0008333472224535399,0.5632554391619718,0.0
102066,14.944415740262336,0.5624496373892023,560,681,1241,-0.0008058017727639033,-0.0008333472224535399,0.5631748589846954,-8.058017727639034e-05
102067,14.943582393039883,0.5632554391619662,560,681,1241,0.0008058017727639033,-0.0008333472224535399,0.5631748589846954,0.0
102068,14.942749045817429,0.5632554391619662,560,681,1241,0.0,-0.0008333472224535399,0.5631748589846954,0.0
102069,14.941915698594975,0.5632554391619662,560,681,1241,0.0,-0.0008333472224535399,0.5631748589846954,0.0
102070,14.941082351372522,0.5632554391619662,560,681,1241,0.0,-0.0008333472224535399,0.5631748589846954,0.0
102071,14.940249004150068,0.5624496373892023,560,681,1241,-0.0008058017727639033,-0.0008333472224535399,0.5630942788074191,-8.058017727639034e-05
102072,14.939415656927615,0.5616438356164384,560,681,1241,-0.0008058017727639033,-0.0008333472224535399,0.5629331184528663,-0.00016116035455278067
102073,14.938582309705161,0.5616438356164384,560,681,1241,0.0,-0.0008333472224535399,0.5627719580983135,-0.00016116035455278067
102074,14.937748962482708,0.5616438356164384,560,681,1241,0.0,-0.0008333472224535399,0.5626107977437608,-0.00016116035455278067
102075,14.936915615260254,0.5624496373892023,560,681,1241,0.0008058017727639033,-0.0008333472224535399,0.5625302175664844,-8.058017727639034e-05
102076,14.9360822680378,0.5624496373892023,560,681,1241,0.0,-0.0008333472224535399,0.5625302175664844,0.0
102077,14.935248920815347,0.5624496373892023,560,681,1241,0.0,-0.0008333472224535399,0.562449637389208,-8.058017727639034e-05
102078,14.934415573592894,0.5624496373892023,560,681,1241,0.0,-0.0008333472224535399,0.5623690572119316,-8.058017727639034e-05
102079,14.93358222637044,0.5624496373892023,560,681,1241,0.0,-0.0008333472224535399,0.5622884770346552,-8.058017727639034e-05
102080,14.932748879147987,0.5624496373892023,560,681,1241,0.0,-0.0008333472224535399,0.5622078968573789,-8.058017727639034e-05
102081,14.931915531925533,0.5624496373892023,560,681,1241,0.0,-0.0008333472224535399,0.562207896857379,0.0
102082,14.93108218470308,0.5624496373892023,560,681,1241,0.0,-0.0008333472224535399,0.5622884770346553,8.058017727639034e-05
102083,14.930248837480626,0.5624496373892023,560,681,1241,0.0,-0.0008333472224535399,0.5623690572119318,8.058017727639034e-05
102084,14.929415490258172,0.5624496373892023,560,681,1241,0.0,-0.0008333472224535399,0.5624496373892081,8.058017727639034e-05
102085,14.928582143035719,0.5624496373892023,560,681,1241,0.0,-0.0008333472224535399,0.5624496373892081,0.0
102086,14.927748795813265,0.5624496373892023,560,681,1241,0.0,-0.0008333472224535399,0.5624496373892081,0.0
102087,14.926915448590812,0.5624496373892023,560,681,1241,0.0,-0.0008333472224535399,0.5624496373892081,0.0
102088,14.926082101368351,0.5624496373892023,560,681,1241,0.0,-0.0008333472224606453,0.5624496373892081,0.0
102089,14.925248754145898,0.5624496373892023,560,681,1241,0.0,-0.0008333472224535399,0.5624496373892081,0.0
102090,14.924415406923444,0.5624496373892023,560,681,1241,0.0,-0.0008333472224535399,0.5624496373892081,0.0
102091,14.92358205970099,0.5624496373892023,560,681,1241,0.0,-0.0008333472224535399,0.5624496373892081,0.0
102092,14.922748712478537,0.5624496373892023,560,681,1241,0.0,-0.0008333472224535399,0.5624496373892081,0.0
102093,14.921915365256083,0.5616438356164384,560,681,1241,-0.0008058017727639033,-0.0008333472224535399,0.5623690572119318,-8.058017727639034e-05
102094,14.92108201803363,0.5616438356164384,560,681,1241,0.0,-0.0008333472224535399,0.5622884770346553,-8.058017727639034e-05
102095,14.920248670811176,0.5616438356164384,560,681,1241,0.0,-0.0008333472224535399,0.562207896857379,-8.058017727639034e-05
102096,14.919415323588723,0.5616438356164384,560,681,1241,0.0,-0.0008333472224535399,0.5621273166801026,-8.058017727639034e-05
102097,14.91858197636627,0.5616438356164384,560,681,1241,0.0,-0.0008333472224535399,0.5620467365028263,-8.058017727639034e-05
102098,14.917748629143816,0.5616438356164384,560,681,1241,0.0,-0.0008333472224535399,0.56196615632555,-8.058017727639034e-05
102099,14.916915281921362,0.5616438356164384,560,681,1241,0.0,-0.0008333472224535399,0.5618855761482736,-8.058017727639034e-05
102100,14.916081934698909,0.5616438356164384,560,681,1241,0.0,-0.0008333472224535399,0.5618049959709973,-8.058017727639034e-05
102101,14.915248587476455,0.5616438356164384,560,681,1241,0.0,-0.0008333472224535399,0.5617244157937209,-8.058017727639034e-05
102102,14.914415240254002,0.5624496373892023,560,681,1241,0.0008058017727639033,-0.0008333472224535399,0.5617244157937209,0.0
102103,14.913581893031548,0.5624496373892023,560,681,1241,0.0,-0.0008333472224535399,0.5618049959709973,8.058017727639034e-05
102104,14.912748545809094,0.5616438356164384,560,681,1241,-0.0008058017727639033,-0.0008333472224535399,0.5618049959709973,0.0
102105,14.911915198586641,0.5616438356164384,560,681,1241,0.0,-0.0008333472224535399,0.5618049959709973,0.0
102106,14.911081851364187,0.5616438356164384,560,681,1241,0.0,-0.0008333472224535399,0.5618049959709973,0.0
102107,14.910248504141734,0.5616438356164384,560,681,1241,0.0,-0.0008333472224535399,0.5618049959709973,0.0
102108,14.90941515691928,0.5616438356164384,560,681,1241,0.0,-0.0008333472224535399,0.5618049959709973,0.0
102109,14.908581809696827,0.5616438356164384,560,681,1241,0.0,-0.0008333472224535399,0.5618049959709973,0.0
102110,14.907748462474373,0.5616438356164384,560,681,1241,0.0,-0.0008333472224535399,0.5618049959709973,0.0
102111,14.90691511525192,0.5616438356164384,560,681,1241,0.0,-0.0008333472224535399,0.5618049959709973,0.0
102112,14.906081768029466,0.5616438356164384,560,681,1241,0.0,-0.0008333472224535399,0.5617244157937209,-8.058017727639034e-05
102113,14.905248420807013,0.5616438356164384,560,681,1241,0.0,-0.0008333472224535399,0.5616438356164446,-8.058017727639034e-05
102114,14.904415073584559,0.5624496373892023,560,681,1241,0.0008058017727639033,-0.0008333472224535399,0.5617244157937209,8.058017727639034e-05
102115,14.903581726362106,0.5624496373892023,560,681,1241,0.0,-0.0008333472224535399,0.5618049959709973,8.058017727639034e-05
102116,14.902748379139652,0.5624496373892023,560,681,1241,0.0,-0.0008333472224535399,0.5618855761482736,8.058017727639034e-05
102117,14.901915031917198,0.5624496373892023,560,681,1241,0.0,-0.0008333472224535399,0.56196615632555,8.058017727639034e-05
102118,14.901081684694745,0.5624496373892023,560,681,1241,0.0,-0.0008333472224535399,0.5620467365028263,8.058017727639034e-05
102119,14.900248337472291,0.5632554391619662,560,681,1241,0.0008058017727639033,-0.0008333472224535399,0.5622078968573792,0.00016116035455278067
102120,14.899414990249838,0.5632554391619662,560,681,1241,0.0,-0.0008333472224535399,0.5623690572119319,0.00016116035455278067
102121,14.898581643027384,0.5640612409347301,560,681,1241,0.0008058017727639033,-0.0008333472224535399,0.5626107977437611,0.00024174053182917098
102122,14.89774829580493,0.5640612409347301,560,681,1241,0.0,-0.0008333472224535399,0.5628525382755903,0.00024174053182917098
102123,14.896914948582477,0.5640612409347301,560,681,1241,0.0,-0.0008333472224535399,0.5630942788074196,0.00024174053182917098
102124,14.896081601360024,0.5640612409347301,560,681,1241,0.0,-0.0008333472224535399,0.5632554391619724,0.00016116035455278067
102125,14.89524825413757,0.5640612409347301,560,681,1241,0.0,-0.0008333472224535399,0.5634165995165252,0.00016116035455278067
102126,14.894414906915117,0.5640612409347301,560,681,1241,0.0,-0.0008333472224535399,0.5635777598710782,0.00016116035455278067
102127,14.893581559692663,0.5632554391619662,560,681,1241,-0.0008058017727639033,-0.0008333472224535399,0.5636583400483545,8.058017727639034e-05
102128,14.89274821247021,0.5616438356164384,560,681,1241,-0.0016116035455278066,-0.0008333472224535399,0.5635777598710782,-8.058017727639034e-05
102129,14.891914865247756,0.5616438356164384,560,681,1241,0.0,-0.0008333472224535399,0.5634165995165253,-0.00016116035455278067
102130,14.891081518025302,0.5616438356164384,560,681,1241,0.0,-0.0008333472224535399,0.5632554391619726,-0.00016116035455278067
102131,14.890248170802842,0.5616438356164384,560,681,1241,0.0,-0.0008333472224606453,0.5630136986301434,-0.00024174053182917098
102132,14.889414823580388,0.5616438356164384,560,681,1241,0.0,-0.0008333472224535399,0.5627719580983142,-0.00024174053182917098
102133,14.888581476357935,0.5616438356164384,560,681,1241,0.0,-0.0008333472224535399,0.5625302175664849,-0.00024174053182917098
102134,14.887748129135481,0.5616438356164384,560,681,1241,0.0,-0.0008333472224535399,0.5622884770346557,-0.00024174053182917098
102135,14.886914781913028,0.5616438356164384,560,681,1241,0.0,-0.0008333472224535399,0.5620467365028265,-0.00024174053182917098
102136,14.886081434690574,0.5616438356164384,560,681,1241,0.0,-0.0008333472224535399,0.5618049959709973,-0.00024174053182917098
102137,14.88524808746812,0.5624496373892023,560,681,1241,0.0008058017727639033,-0.0008333472224535399,0.5617244157937209,-8.058017727639034e-05
102138,14.884414740245667,0.5624496373892023,560,681,1241,0.0,-0.0008333472224535399,0.5618049959709973,8.058017727639034e-05
102139,14.883581393023213,0.5624496373892023,560,681,1241,0.0,-0.0008333472224535399,0.5618855761482736,8.058017727639034e-05
102140,14.88274804580076,0.5624496373892023,560,681,1241,0.0,-0.0008333472224535399,0.56196615632555,8.058017727639034e-05
102141,14.881914698578306,0.5624496373892023,560,681,1241,0.0,-0.0008333472224535399,0.5620467365028263,8.058017727639034e-05
102142,14.881081351355853,0.5632554391619662,560,681,1241,0.0008058017727639033,-0.0008333472224535399,0.5622078968573792,0.00016116035455278067
102143,14.8802480041334,0.5632554391619662,560,681,1241,0.0,-0.0008333472224535399,0.5623690572119319,0.00016116035455278067
102144,14.879414656910946,0.5632554391619662,560,681,1241,0.0,-0.0008333472224535399,0.5625302175664847,0.00016116035455278067
102145,14.878581309688492,0.5632554391619662,560,681,1241,0.0,-0.0008333472224535399,0.5626913779210374,0.00016116035455278067
102146,14.877747962466039,0.5632554391619662,560,681,1241,0.0,-0.0008333472224535399,0.5628525382755902,0.00016116035455278067
102147,14.876914615243585,0.5632554391619662,560,681,1241,0.0,-0.0008333472224535399,0.5629331184528666,8.058017727639034e-05
102148,14.876081268021132,0.5640612409347301,560,681,1241,0.0008058017727639033,-0.0008333472224535399,0.5630942788074196,0.00016116035455278067
102149,14.875247920798678,0.5640612409347301,560,681,1241,0.0,-0.0008333472224535399,0.5632554391619724,0.00016116035455278067
102150,14.874414573576225,0.5640612409347301,560,681,1241,0.0,-0.0008333472224535399,0.5634165995165252,0.00016116035455278067
102151,14.873581226353771,0.5632554391619662,560,681,1241,-0.0008058017727639033,-0.0008333472224535399,0.5634971796938016,8.058017727639034e-05
102152,14.872747879131317,0.5632554391619662,560,681,1241,0.0,-0.0008333472224535399,0.5634971796938016,0.0
102153,14.871914531908864,0.5632554391619662,560,681,1241,0.0,-0.0008333472224535399,0.5634971796938016,0.0
102154,14.87108118468641,0.5632554391619662,560,681,1241,0.0,-0.0008333472224535399,0.5634971796938016,0.0
102155,14.870247837463957,0.5640612409347301,560,681,1241,0.0008058017727639033,-0.0008333472224535399,0.563577759871078,8.058017727639034e-05
102156,14.869414490241503,0.5632554391619662,560,681,1241,-0.0008058017727639033,-0.0008333472224535399,0.563577759871078,0.0
102157,14.86858114301905,0.5632554391619662,560,681,1241,0.0,-0.0008333472224535399,0.563577759871078,0.0
102158,14.867747795796596,0.5632554391619662,560,681,1241,0.0,-0.0008333472224535399,0.5634971796938016,-8.058017727639034e-05
102159,14.866914448574143,0.5632554391619662,560,681,1241,0.0,-0.0008333472224535399,0.5634165995165252,-8.058017727639034e-05
102160,14.86608110135169,0.5632554391619662,560,681,1241,0.0,-0.0008333472224535399,0.5633360193392489,-8.058017727639034e-05
102161,14.865247754129236,0.5632554391619662,560,681,1241,0.0,-0.0008333472224535399,0.5633360193392489,0.0
102162,14.864414406906782,0.5632554391619662,560,681,1241,0.0,-0.0008333472224535399,0.5633360193392489,0.0
102163,14.863581059684329,0.5632554391619662,560,681,1241,0.0,-0.0008333472224535399,0.5633360193392489,0.0
102164,14.862747712461875,0.5632554391619662,560,681,1241,0.0,-0.0008333472224535399,0.5633360193392489,0.0
102165,14.861914365239421,0.5632554391619662,560,681,1241,0.0,-0.0008333472224535399,0.5632554391619726,-8.058017727639034e-05
102166,14.861081018016968,0.5640612409347301,560,681,1241,0.0008058017727639033,-0.0008333472224535399,0.563336019339249,8.058017727639034e-05
102167,14.860247670794514,0.5640612409347301,560,681,1241,0.0,-0.0008333472224535399,0.5634165995165253,8.058017727639034e-05
102168,14.85941432357206,0.5640612409347301,560,681,1241,0.0,-0.0008333472224535399,0.5634971796938018,8.058017727639034e-05
102169,14.858580976349607,0.5640612409347301,560,681,1241,0.0,-0.0008333472224535399,0.563577759871078,8.058017727639034e-05
102170,14.857747629127154,0.5640612409347301,560,681,1241,0.0,-0.0008333472224535399,0.5636583400483544,8.058017727639034e-05
102171,14.8569142819047,0.5640612409347301,560,681,1241,0.0,-0.0008333472224535399,0.5637389202256308,8.058017727639034e-05
102172,14.856080934682247,0.5632554391619662,560,681,1241,-0.0008058017727639033,-0.0008333472224535399,0.5637389202256308,0.0
102173,14.855247587459786,0.5632554391619662,560,681,1241,0.0,-0.0008333472224606453,0.5637389202256308,0.0
102174,14.854414240237332,0.5632554391619662,560,681,1241,0.0,-0.0008333472224535399,0.5637389202256308,0.0
102175,14.853580893014879,0.5632554391619662,560,681,1241,0.0,-0.0008333472224535399,0.5637389202256308,0.0
102176,14.852747545792425,0.5632554391619662,560,681,1241,0.0,-0.0008333472224535399,0.5636583400483544,-8.058017727639034e-05
102177,14.851914198569972,0.5632554391619662,560,681,1241,0.0,-0.0008333472224535399,0.5635777598710779,-8.058017727639034e-05
102178,14.851080851347518,0.5632554391619662,560,681,1241,0.0,-0.0008333472224535399,0.5634971796938016,-8.058017727639034e-05
102179,14.850247504125065,0.5632554391619662,560,681,1241,0.0,-0.0008333472224535399,0.5634165995165252,-8.058017727639034e-05
102180,14.849414156902611,0.5632554391619662,560,681,1241,0.0,-0.0008333472224535399,0.5633360193392489,-8.058017727639034e-05
102181,14.848580809680158,0.5640612409347301,560,681,1241,0.0008058017727639033,-0.0008333472224535399,0.5633360193392489,0.0
102182,14.847747462457704,0.5640612409347301,560,681,1241,0.0,-0.0008333472224535399,0.5634165995165253,8.058017727639034e-05
102183,14.84691411523525,0.5640612409347301,560,681,1241,0.0,-0.0008333472224535399,0.5634971796938018,8.058017727639034e-05
102184,14.846080768012797,0.5640612409347301,560,681,1241,0.0,-0.0008333472224535399,0.563577759871078,8.058017727639034e-05
102185,14.845247420790344,0.564867042707494,560,681,1241,0.0008058017727639033,-0.0008333472224535399,0.5637389202256309,0.00016116035455278067
102186,14.84441407356789,0.564867042707494,560,681,1241,0.0,-0.0008333472224535399,0.5639000805801836,0.00016116035455278067
102187,14.843580726345436,0.564867042707494,560,681,1241,0.0,-0.0008333472224535399,0.5640612409347364,0.00016116035455278067
102188,14.842747379122983,0.5632554391619662,560,681,1241,-0.0016116035455278066,-0.0008333472224535399,0.5640612409347364,0.0
102189,14.84191403190053,0.5640612409347301,560,681,1241,0.0008058017727639033,-0.0008333472224535399,0.5641418211120128,8.058017727639034e-05
102190,14.841080684678076,0.5640612409347301,560,681,1241,0.0,-0.0008333472224535399,0.5642224012892891,8.058017727639034e-05
102191,14.840247337455622,0.5640612409347301,560,681,1241,0.0,-0.0008333472224535399,0.5642224012892891,0.0
102192,14.839413990233169,0.5640612409347301,560,681,1241,0.0,-0.0008333472224535399,0.5642224012892891,0.0
102193,14.838580643010715,0.5640612409347301,560,681,1241,0.0,-0.0008333472224535399,0.5642224012892891,0.0
102194,14.837747295788262,0.5640612409347301,560,681,1241,0.0,-0.0008333472224535399,0.5642224012892891,0.0
102195,14.836913948565808,0.5640612409347301,560,681,1241,0.0,-0.0008333472224535399,0.5641418211120127,-8.058017727639034e-05
102196,14.836080601343355,0.5640612409347301,560,681,1241,0.0,-0.0008333472224535399,0.5640612409347364,-8.058017727639034e-05
102197,14.835247254120901,0.5640612409347301,560,681,1241,0.0,-0.0008333472224535399,0.56398066075746,-8.058017727639034e-05
102198,14.834413906898448,0.5640612409347301,560,681,1241,0.0,-0.0008333472224535399,0.5640612409347365,8.058017727639034e-05
102199,14.833580559675994,0.5640612409347301,560,681,1241,0.0,-0.0008333472224535399,0.5640612409347364,0.0
102200,14.83274721245354,0.5640612409347301,560,681,1241,0.0,-0.0008333472224535399,0.5640612409347364,0.0
102201,14.831913865231087,0.5640612409347301,560,681,1241,0.0,-0.0008333472224535399,0.5640612409347364,0.0
102202,14.831080518008633,0.5632554391619662,560,681,1241,-0.0008058017727639033,-0.0008333472224535399,0.56398066075746,-8.058017727639034e-05
102203,14.83024717078618,0.5632554391619662,560,681,1241,0.0,-0.0008333472224535399,0.5639000805801837,-8.058017727639034e-05
102204,14.829413823563726,0.5632554391619662,560,681,1241,0.0,-0.0008333472224535399,0.5638195004029074,-8.058017727639034e-05
102205,14.828580476341273,0.5632554391619662,560,681,1241,0.0,-0.0008333472224535399,0.563738920225631,-8.058017727639034e-05
102206,14.82774712911882,0.5632554391619662,560,681,1241,0.0,-0.0008333472224535399,0.5636583400483547,-8.058017727639034e-05
102207,14.826913781896366,0.5632554391619662,560,681,1241,0.0,-0.0008333472224535399,0.5635777598710783,-8.058017727639034e-05
102208,14.826080434673912,0.5640612409347301,560,681,1241,0.0008058017727639033,-0.0008333472224535399,0.5635777598710783,0.0
102209,14.825247087451459,0.5640612409347301,560,681,1241,0.0,-0.0008333472224535399,0.5635777598710783,0.0
102210,14.824413740229005,0.5640612409347301,560,681,1241,0.0,-0.0008333472224535399,0.5635777598710783,0.0
102211,14.823580393006552,0.5632554391619662,560,681,1241,-0.0008058017727639033,-0.0008333472224535399,0.563497179693802,-8.058017727639034e-05
102212,14.822747045784098,0.5632554391619662,560,681,1241,0.0,-0.0008333472224535399,0.563497179693802,0.0
102213,14.821913698561644,0.5632554391619662,560,681,1241,0.0,-0.0008333472224535399,0.563497179693802,0.0
102214,14.82108035133919,0.5632554391619662,560,681,1241,0.0,-0.0008333472224535399,0.563497179693802,0.0
102215,14.820247004116737,0.5632554391619662,560,681,1241,0.0,-0.0008333472224535399,0.563497179693802,0.0
102216,14.819413656894277,0.5632554391619662,560,681,1241,0.0,-0.0008333472224606453,0.563497179693802,0.0
102217,14.818580309671823,0.5632554391619662,560,681,1241,0.0,-0.0008333472224535399,0.563497179693802,0.0
102218,14.81774696244937,0.5640612409347301,560,681,1241,0.0008058017727639033,-0.0008333472224535399,0.563497179693802,0.0
102219,14.816913615226916,0.564867042707494,560,681,1241,0.0008058017727639033,-0.0008333472224535399,0.5635777598710783,8.058017727639034e-05
102220,14.816080268004463,0.564867042707494,560,681,1241,0.0,-0.0008333472224535399,0.5636583400483547,8.058017727639034e-05
102221,14.815246920782009,0.564867042707494,560,681,1241,0.0,-0.0008333472224535399,0.5638195004029074,0.00016116035455278067
102222,14.814413573559555,0.564867042707494,560,681,1241,0.0,-0.0008333472224535399,0.5639806607574602,0.00016116035455278067
102223,14.813580226337102,0.564867042707494,560,681,1241,0.0,-0.0008333472224535399,0.564141821112013,0.00016116035455278067
102224,14.812746879114648,0.5656728444802579,560,681,1241,0.0008058017727639033,-0.0008333472224535399,0.5643835616438422,0.00024174053182917098
102225,14.811913531892195,0.5656728444802579,560,681,1241,0.0,-0.0008333472224535399,0.5646253021756714,0.00024174053182917098
102226,14.811080184669741,0.5656728444802579,560,681,1241,0.0,-0.0008333472224535399,0.5648670427075007,0.00024174053182917098
102227,14.810246837447288,0.5656728444802579,560,681,1241,0.0,-0.0008333472224535399,0.5651087832393299,0.00024174053182917098
102228,14.809413490224834,0.5656728444802579,560,681,1241,0.0,-0.0008333472224535399,0.5652699435938826,0.00016116035455278067
102229,14.80858014300238,0.5656728444802579,560,681,1241,0.0,-0.0008333472224535399,0.565350523771159,8.058017727639034e-05
102230,14.807746795779927,0.5656728444802579,560,681,1241,0.0,-0.0008333472224535399,0.5654311039484353,8.058017727639034e-05
102231,14.806913448557474,0.5656728444802579,560,681,1241,0.0,-0.0008333472224535399,0.5655116841257117,8.058017727639034e-05
102232,14.80608010133502,0.5656728444802579,560,681,1241,0.0,-0.0008333472224535399,0.565592264302988,8.058017727639034e-05
102233,14.805246754112567,0.5656728444802579,560,681,1241,0.0,-0.0008333472224535399,0.5656728444802643,8.058017727639034e-05
102234,14.804413406890113,0.5656728444802579,560,681,1241,0.0,-0.0008333472224535399,0.5656728444802643,0.0
102235,14.80358005966766,0.5656728444802579,560,681,1241,0.0,-0.0008333472224535399,0.5656728444802643,0.0
102236,14.802746712445206,0.5656728444802579,560,681,1241,0.0,-0.0008333472224535399,0.5656728444802643,0.0
102237,14.801913365222752,0.5656728444802579,560,681,1241,0.0,-0.0008333472224535399,0.5656728444802643,0.0
102238,14.801080018000299,0.5656728444802579,560,681,1241,0.0,-0.0008333472224535399,0.5656728444802643,0.0
102239,14.800246670777845,0.5656728444802579,560,681,1241,0.0,-0.0008333472224535399,0.5656728444802643,0.0
102240,14.799413323555392,0.564867042707494,560,681,1241,-0.0008058017727639033,-0.0008333472224535399,0.565592264302988,-8.058017727639034e-05
102241,14.798579976332938,0.564867042707494,560,681,1241,0.0,-0.0008333472224535399,0.5655116841257117,-8.058017727639034e-05
102242,14.797746629110485,0.564867042707494,560,681,1241,0.0,-0.0008333472224535399,0.5654311039484353,-8.058017727639034e-05
102243,14.796913281888031,0.564867042707494,560,681,1241,0.0,-0.0008333472224535399,0.565350523771159,-8.058017727639034e-05
102244,14.796079934665578,0.564867042707494,560,681,1241,0.0,-0.0008333472224535399,0.5652699435938826,-8.058017727639034e-05
102245,14.795246587443124,0.564867042707494,560,681,1241,0.0,-0.0008333472224535399,0.5651893634166063,-8.058017727639034e-05
102246,14.79441324022067,0.564867042707494,560,681,1241,0.0,-0.0008333472224535399,0.56510878323933,-8.058017727639034e-05
102247,14.793579892998217,0.564867042707494,560,681,1241,0.0,-0.0008333472224535399,0.5650282030620536,-8.058017727639034e-05
102248,14.792746545775763,0.564867042707494,560,681,1241,0.0,-0.0008333472224535399,0.5649476228847773,-8.058017727639034e-05
102249,14.79191319855331,0.564867042707494,560,681,1241,0.0,-0.0008333472224535399,0.5648670427075009,-8.058017727639034e-05
102250,14.791079851330856,0.564867042707494,560,681,1241,0.0,-0.0008333472224535399,0.5648670427075009,0.0
102251,14.790246504108403,0.564867042707494,560,681,1241,0.0,-0.0008333472224535399,0.5648670427075009,0.0
102252,14.78941315688595,0.564867042707494,560,681,1241,0.0,-0.0008333472224535399,0.5648670427075009,0.0
102253,14.788579809663496,0.5640612409347301,560,681,1241,-0.0008058017727639033,-0.0008333472224535399,0.5647864625302246,-8.058017727639034e-05
102254,14.787746462441042,0.5640612409347301,560,681,1241,0.0,-0.0008333472224535399,0.5647058823529483,-8.058017727639034e-05
102255,14.786913115218589,0.5640612409347301,560,681,1241,0.0,-0.0008333472224535399,0.5646253021756719,-8.058017727639034e-05
102256,14.786079767996135,0.5640612409347301,560,681,1241,0.0,-0.0008333472224535399,0.5645447219983956,-8.058017727639034e-05
102257,14.785246420773682,0.5632554391619662,560,681,1241,-0.0008058017727639033,-0.0008333472224535399,0.5643835616438427,-0.00016116035455278067
102258,14.784413073551221,0.5632554391619662,560,681,1241,0.0,-0.0008333472224606453,0.56422240128929,-0.00016116035455278067
102259,14.783579726328767,0.5632554391619662,560,681,1241,0.0,-0.0008333472224535399,0.5640612409347372,-0.00016116035455278067
102260,14.782746379106314,0.5632554391619662,560,681,1241,0.0,-0.0008333472224535399,0.5639000805801844,-0.00016116035455278067
102261,14.78191303188386,0.5632554391619662,560,681,1241,0.0,-0.0008333472224535399,0.5637389202256317,-0.00016116035455278067
102262,14.781079684661407,0.5632554391619662,560,681,1241,0.0,-0.0008333472224535399,0.5635777598710788,-0.00016116035455278067
102263,14.780246337438953,0.5632554391619662,560,681,1241,0.0,-0.0008333472224535399,0.5634971796938025,-8.058017727639034e-05
102264,14.7794129902165,0.5632554391619662,560,681,1241,0.0,-0.0008333472224535399,0.5634165995165261,-8.058017727639034e-05
102265,14.778579642994046,0.5632554391619662,560,681,1241,0.0,-0.0008333472224535399,0.5633360193392498,-8.058017727639034e-05
102266,14.777746295771593,0.5632554391619662,560,681,1241,0.0,-0.0008333472224535399,0.5632554391619735,-8.058017727639034e-05
102267,14.776912948549139,0.5632554391619662,560,681,1241,0.0,-0.0008333472224535399,0.5632554391619735,0.0
102268,14.776079601326686,0.5632554391619662,560,681,1241,0.0,-0.0008333472224535399,0.5632554391619735,0.0
102269,14.775246254104232,0.5632554391619662,560,681,1241,0.0,-0.0008333472224535399,0.5632554391619735,0.0
102270,14.774412906881778,0.5632554391619662,560,681,1241,0.0,-0.0008333472224535399,0.5632554391619735,0.0
102271,14.773579559659325,0.5632554391619662,560,681,1241,0.0,-0.0008333472224535399,0.5632554391619735,0.0
102272,14.772746212436871,0.5632554391619662,560,681,1241,0.0,-0.0008333472224535399,0.5632554391619735,0.0
102273,14.771912865214418,0.5632554391619662,560,681,1241,0.0,-0.0008333472224535399,0.5632554391619735,0.0
102274,14.771079517991964,0.5632554391619662,560,681,1241,0.0,-0.0008333472224535399,0.5632554391619735,0.0
102275,14.77024617076951,0.5632554391619662,560,681,1241,0.0,-0.0008333472224535399,0.5632554391619735,0.0
102276,14.769412823547057,0.5632554391619662,560,681,1241,0.0,-0.0008333472224535399,0.5632554391619735,0.0
102277,14.768579476324604,0.5632554391619662,560,681,1241,0.0,-0.0008333472224535399,0.5632554391619735,0.0
102278,14.76774612910215,0.5632554391619662,560,681,1241,0.0,-0.0008333472224535399,0.5632554391619735,0.0
102279,14.766912781879697,0.5632554391619662,560,681,1241,0.0,-0.0008333472224535399,0.5632554391619735,0.0
102280,14.766079434657243,0.5632554391619662,560,681,1241,0.0,-0.0008333472224535399,0.5632554391619735,0.0
102281,14.76524608743479,0.5632554391619662,560,681,1241,0.0,-0.0008333472224535399,0.5632554391619735,0.0
102282,14.764412740212336,0.5632554391619662,560,681,1241,0.0,-0.0008333472224535399,0.5632554391619735,0.0
102283,14.763579392989882,0.5632554391619662,560,681,1241,0.0,-0.0008333472224535399,0.5632554391619735,0.0
102284,14.762746045767429,0.5632554391619662,560,681,1241,0.0,-0.0008333472224535399,0.5632554391619735,0.0
102285,14.761912698544975,0.5640612409347301,560,681,1241,0.0008058017727639033,-0.0008333472224535399,0.5633360193392499,8.058017727639034e-05
102286,14.761079351322522,0.5640612409347301,560,681,1241,0.0,-0.0008333472224535399,0.5634165995165262,8.058017727639034e-05
102287,14.760246004100068,0.564867042707494,560,681,1241,0.0008058017727639033,-0.0008333472224535399,0.563577759871079,0.00016116035455278067
102288,14.759412656877615,0.564867042707494,560,681,1241,0.0,-0.0008333472224535399,0.5637389202256318,0.00016116035455278067
102289,14.758579309655161,0.5640612409347301,560,681,1241,-0.0008058017727639033,-0.0008333472224535399,0.5638195004029082,8.058017727639034e-05
102290,14.757745962432708,0.5640612409347301,560,681,1241,0.0,-0.0008333472224535399,0.5639000805801845,8.058017727639034e-05
102291,14.756912615210254,0.5632554391619662,560,681,1241,-0.0008058017727639033,-0.0008333472224535399,0.5639000805801845,0.0
102292,14.7560792679878,0.5632554391619662,560,681,1241,0.0,-0.0008333472224535399,0.5639000805801845,0.0
102293,14.755245920765347,0.5632554391619662,560,681,1241,0.0,-0.0008333472224535399,0.5639000805801845,0.0
102294,14.754412573542893,0.5632554391619662,560,681,1241,0.0,-0.0008333472224535399,0.5639000805801845,0.0
102295,14.75357922632044,0.5632554391619662,560,681,1241,0.0,-0.0008333472224535399,0.5638195004029081,-8.058017727639034e-05
102296,14.752745879097986,0.5640612409347301,560,681,1241,0.0008058017727639033,-0.0008333472224535399,0.5638195004029081,0.0
102297,14.751912531875533,0.5640612409347301,560,681,1241,0.0,-0.0008333472224535399,0.5637389202256318,-8.058017727639034e-05
102298,14.75107918465308,0.5640612409347301,560,681,1241,0.0,-0.0008333472224535399,0.5636583400483554,-8.058017727639034e-05
102299,14.750245837430626,0.5640612409347301,560,681,1241,0.0,-0.0008333472224535399,0.5636583400483554,0.0
102300,14.749412490208165,0.5640612409347301,560,681,1241,0.0,-0.0008333472224606453,0.5636583400483554,0.0
102301,14.748579142985712,0.5640612409347301,560,681,1241,0.0,-0.0008333472224535399,0.5637389202256318,8.058017727639034e-05
102302,14.747745795763258,0.5640612409347301,560,681,1241,0.0,-0.0008333472224535399,0.5638195004029082,8.058017727639034e-05
102303,14.746912448540805,0.5640612409347301,560,681,1241,0.0,-0.0008333472224535399,0.5639000805801845,8.058017727639034e-05
102304,14.746079101318351,0.5640612409347301,560,681,1241,0.0,-0.0008333472224535399,0.5639806607574609,8.058017727639034e-05
102305,14.745245754095897,0.5640612409347301,560,681,1241,0.0,-0.0008333472224535399,0.5640612409347372,8.058017727639034e-05
102306,14.744412406873444,0.5640612409347301,560,681,1241,0.0,-0.0008333472224535399,0.5640612409347371,0.0
102307,14.74357905965099,0.5640612409347301,560,681,1241,0.0,-0.0008333472224535399,0.5640612409347371,0.0
102308,14.742745712428537,0.5640612409347301,560,681,1241,0.0,-0.0008333472224535399,0.5640612409347371,0.0
102309,14.741912365206083,0.5640612409347301,560,681,1241,0.0,-0.0008333472224535399,0.5640612409347371,0.0
102310,14.74107901798363,0.5640612409347301,560,681,1241,0.0,-0.0008333472224535399,0.5640612409347371,0.0
102311,14.740245670761176,0.5640612409347301,560,681,1241,0.0,-0.0008333472224535399,0.5640612409347371,0.0
102312,14.739412323538723,0.5640612409347301,560,681,1241,0.0,-0.0008333472224535399,0.5640612409347371,0.0
102313,14.73857897631627,0.5640612409347301,560,681,1241,0.0,-0.0008333472224535399,0.5640612409347371,0.0
102314,14.737745629093816,0.5640612409347301,560,681,1241,0.0,-0.0008333472224535399,0.5640612409347371,0.0
102315,14.736912281871362,0.5640612409347301,560,681,1241,0.0,-0.0008333472224535399,0.5640612409347371,0.0
102316,14.736078934648909,0.5640612409347301,560,681,1241,0.0,-0.0008333472224535399,0.5640612409347371,0.0
102317,14.735245587426455,0.5640612409347301,560,681,1241,0.0,-0.0008333472224535399,0.5640612409347371,0.0
102318,14.734412240204001,0.5640612409347301,560,681,1241,0.0,-0.0008333472224535399,0.5640612409347371,0.0
102319,14.733578892981548,0.5640612409347301,560,681,1241,0.0,-0.0008333472224535399,0.5640612409347371,0.0
102320,14.732745545759094,0.5640612409347301,560,681,1241,0.0,-0.0008333472224535399,0.5640612409347371,0.0
102321,14.73191219853664,0.5640612409347301,560,681,1241,0.0,-0.0008333472224535399,0.5640612409347371,0.0
102322,14.731078851314187,0.5640612409347301,560,681,1241,0.0,-0.0008333472224535399,0.5640612409347371,0.0
102323,14.730245504091734,0.5632554391619662,560,681,1241,-0.0008058017727639033,-0.0008333472224535399,0.5639806607574608,-8.058017727639034e-05
102324,14.72941215686928,0.5632554391619662,560,681,1241,0.0,-0.0008333472224535399,0.5639000805801844,-8.058017727639034e-05
102325,14.728578809646827,0.5624496373892023,560,681,1241,-0.0008058017727639033,-0.0008333472224535399,0.5637389202256315,-0.00016116035455278067
102326,14.727745462424373,0.5624496373892023,560,681,1241,0.0,-0.0008333472224535399,0.5635777598710787,-0.00016116035455278067
102327,14.72691211520192,0.5624496373892023,560,681,1241,0.0,-0.0008333472224535399,0.5634165995165258,-0.00016116035455278067
102328,14.726078767979466,0.5624496373892023,560,681,1241,0.0,-0.0008333472224535399,0.563255439161973,-0.00016116035455278067
102329,14.725245420757012,0.5632554391619662,560,681,1241,0.0008058017727639033,-0.0008333472224535399,0.5631748589846965,-8.058017727639034e-05
102330,14.724412073534559,0.5632554391619662,560,681,1241,0.0,-0.0008333472224535399,0.5630942788074202,-8.058017727639034e-05
102331,14.723578726312105,0.5632554391619662,560,681,1241,0.0,-0.0008333472224535399,0.5630136986301439,-8.058017727639034e-05
102332,14.722745379089652,0.5624496373892023,560,681,1241,-0.0008058017727639033,-0.0008333472224535399,0.562852538275591,-0.00016116035455278067
102333,14.721912031867198,0.5624496373892023,560,681,1241,0.0,-0.0008333472224535399,0.5627719580983146,-8.058017727639034e-05
102334,14.721078684644745,0.5624496373892023,560,681,1241,0.0,-0.0008333472224535399,0.5626913779210383,-8.058017727639034e-05
102335,14.720245337422291,0.5624496373892023,560,681,1241,0.0,-0.0008333472224535399,0.5626913779210383,0.0
102336,14.719411990199838,0.5616438356164384,560,681,1241,-0.0008058017727639033,-0.0008333472224535399,0.562610797743762,-8.058017727639034e-05
102337,14.718578642977384,0.5616438356164384,560,681,1241,0.0,-0.0008333472224535399,0.5625302175664857,-8.058017727639034e-05
102338,14.71774529575493,0.5616438356164384,560,681,1241,0.0,-0.0008333472224535399,0.5624496373892093,-8.058017727639034e-05
102339,14.716911948532477,0.5616438356164384,560,681,1241,0.0,-0.0008333472224535399,0.5622884770346566,-0.00016116035455278067
102340,14.716078601310024,0.5616438356164384,560,681,1241,0.0,-0.0008333472224535399,0.5621273166801037,-0.00016116035455278067
102341,14.71524525408757,0.5616438356164384,560,681,1241,0.0,-0.0008333472224535399,0.5619661563255509,-0.00016116035455278067
102342,14.714411906865116,0.5608380338436745,560,681,1241,-0.0008058017727639033,-0.0008333472224535399,0.5618049959709982,-0.00016116035455278067
102343,14.713578559642656,0.5608380338436745,560,681,1241,0.0,-0.0008333472224606453,0.5616438356164455,-0.00016116035455278067
102344,14.712745212420202,0.5608380338436745,560,681,1241,0.0,-0.0008333472224535399,0.5614826752618928,-0.00016116035455278067
102345,14.711911865197749,0.5608380338436745,560,681,1241,0.0,-0.0008333472224535399,0.5613215149073401,-0.00016116035455278067
102346,14.711078517975295,0.5608380338436745,560,681,1241,0.0,-0.0008333472224535399,0.5612409347300638,-8.058017727639034e-05
102347,14.710245170752842,0.5608380338436745,560,681,1241,0.0,-0.0008333472224535399,0.5611603545527875,-8.058017727639034e-05
102348,14.709411823530388,0.5608380338436745,560,681,1241,0.0,-0.0008333472224535399,0.561079774375511,-8.058017727639034e-05
102349,14.708578476307935,0.5608380338436745,560,681,1241,0.0,-0.0008333472224535399,0.5609991941982347,-8.058017727639034e-05
102350,14.707745129085481,0.5608380338436745,560,681,1241,0.0,-0.0008333472224535399,0.5609186140209583,-8.058017727639034e-05
102351,14.706911781863027,0.5616438356164384,560,681,1241,0.0008058017727639033,-0.0008333472224535399,0.5609186140209583,0.0
102352,14.706078434640574,0.5616438356164384,560,681,1241,0.0,-0.0008333472224535399,0.5609991941982347,8.058017727639034e-05
102353,14.70524508741812,0.5616438356164384,560,681,1241,0.0,-0.0008333472224535399,0.561079774375511,8.058017727639034e-05
102354,14.704411740195667,0.5616438356164384,560,681,1241,0.0,-0.0008333472224535399,0.5611603545527875,8.058017727639034e-05
102355,14.703578392973213,0.5616438356164384,560,681,1241,0.0,-0.0008333472224535399,0.5612409347300638,8.058017727639034e-05
102356,14.70274504575076,0.5624496373892023,560,681,1241,0.0008058017727639033,-0.0008333472224535399,0.5614020950846165,0.00016116035455278067
102357,14.701911698528306,0.5624496373892023,560,681,1241,0.0,-0.0008333472224535399,0.5615632554391692,0.00016116035455278067
102358,14.701078351305853,0.5624496373892023,560,681,1241,0.0,-0.0008333472224535399,0.5617244157937218,0.00016116035455278067
102359,14.7002450040834,0.5624496373892023,560,681,1241,0.0,-0.0008333472224535399,0.5618855761482745,0.00016116035455278067
102360,14.699411656860946,0.5624496373892023,560,681,1241,0.0,-0.0008333472224535399,0.5620467365028272,0.00016116035455278067
102361,14.698578309638492,0.5624496373892023,560,681,1241,0.0,-0.0008333472224535399,0.5621273166801035,8.058017727639034e-05
102362,14.697744962416039,0.5624496373892023,560,681,1241,0.0,-0.0008333472224535399,0.5622078968573799,8.058017727639034e-05
102363,14.696911615193585,0.5624496373892023,560,681,1241,0.0,-0.0008333472224535399,0.5622884770346562,8.058017727639034e-05
102364,14.696078267971131,0.5624496373892023,560,681,1241,0.0,-0.0008333472224535399,0.5623690572119326,8.058017727639034e-05
102365,14.695244920748678,0.5624496373892023,560,681,1241,0.0,-0.0008333472224535399,0.562449637389209,8.058017727639034e-05
102366,14.694411573526224,0.5624496373892023,560,681,1241,0.0,-0.0008333472224535399,0.562449637389209,0.0
102367,14.69357822630377,0.5624496373892023,560,681,1241,0.0,-0.0008333472224535399,0.562449637389209,0.0
102368,14.692744879081317,0.5624496373892023,560,681,1241,0.0,-0.0008333472224535399,0.562449637389209,0.0
102369,14.691911531858864,0.5640612409347301,560,681,1241,0.0016116035455278066,-0.0008333472224535399,0.5626107977437618,0.00016116035455278067
102370,14.69107818463641,0.5640612409347301,560,681,1241,0.0,-0.0008333472224535399,0.5627719580983147,0.00016116035455278067
102371,14.690244837413957,0.5632554391619662,560,681,1241,-0.0008058017727639033,-0.0008333472224535399,0.562852538275591,8.058017727639034e-05
102372,14.689411490191503,0.5632554391619662,560,681,1241,0.0,-0.0008333472224535399,0.5629331184528674,8.058017727639034e-05
102373,14.68857814296905,0.5632554391619662,560,681,1241,0.0,-0.0008333472224535399,0.5630136986301437,8.058017727639034e-05
102374,14.687744795746596,0.5632554391619662,560,681,1241,0.0,-0.0008333472224535399,0.56309427880742,8.058017727639034e-05
102375,14.686911448524143,0.5632554391619662,560,681,1241,0.0,-0.0008333472224535399,0.5631748589846964,8.058017727639034e-05
102376,14.686078101301689,0.5632554391619662,560,681,1241,0.0,-0.0008333472224535399,0.5632554391619727,8.058017727639034e-05
102377,14.685244754079235,0.5632554391619662,560,681,1241,0.0,-0.0008333472224535399,0.5633360193392491,8.058017727639034e-05
102378,14.684411406856782,0.5632554391619662,560,681,1241,0.0,-0.0008333472224535399,0.5634165995165255,8.058017727639034e-05
102379,14.683578059634328,0.5632554391619662,560,681,1241,0.0,-0.0008333472224535399,0.5633360193392491,-8.058017727639034e-05
102380,14.682744712411875,0.5624496373892023,560,681,1241,-0.0008058017727639033,-0.0008333472224535399,0.5631748589846962,-0.00016116035455278067
102381,14.681911365189421,0.5624496373892023,560,681,1241,0.0,-0.0008333472224535399,0.5630942788074198,-8.058017727639034e-05
102382,14.681078017966968,0.5624496373892023,560,681,1241,0.0,-0.0008333472224535399,0.5630136986301435,-8.058017727639034e-05
102383,14.680244670744514,0.5624496373892023,560,681,1241,0.0,-0.0008333472224535399,0.5629331184528671,-8.058017727639034e-05
102384,14.67941132352206,0.5624496373892023,560,681,1241,0.0,-0.0008333472224535399,0.5628525382755908,-8.058017727639034e-05
102385,14.6785779762996,0.5616438356164384,560,681,1241,-0.0008058017727639033,-0.0008333472224606453,0.562691377921038,-0.00016116035455278067
102386,14.677744629077146,0.5624496373892023,560,681,1241,0.0008058017727639033,-0.0008333472224535399,0.5626107977437615,-8.058017727639034e-05
102387,14.676911281854693,0.5624496373892023,560,681,1241,0.0,-0.0008333472224535399,0.5625302175664852,-8.058017727639034e-05
102388,14.67607793463224,0.5624496373892023,560,681,1241,0.0,-0.0008333472224535399,0.5624496373892088,-8.058017727639034e-05
102389,14.675244587409786,0.5624496373892023,560,681,1241,0.0,-0.0008333472224535399,0.5623690572119325,-8.058017727639034e-05
102390,14.674411240187332,0.5624496373892023,560,681,1241,0.0,-0.0008333472224535399,0.5623690572119326,0.0
102391,14.673577892964879,0.5624496373892023,560,681,1241,0.0,-0.0008333472224535399,0.5623690572119326,0.0
102392,14.672744545742425,0.5624496373892023,560,681,1241,0.0,-0.0008333472224535399,0.5623690572119326,0.0
102393,14.671911198519972,0.5624496373892023,560,681,1241,0.0,-0.0008333472224535399,0.5623690572119326,0.0
102394,14.671077851297518,0.5632554391619662,560,681,1241,0.0008058017727639033,-0.0008333472224535399,0.562449637389209,8.058017727639034e-05
102395,14.670244504075065,0.5632554391619662,560,681,1241,0.0,-0.0008333472224535399,0.5626107977437618,0.00016116035455278067
102396,14.669411156852611,0.5640612409347301,560,681,1241,0.0008058017727639033,-0.0008333472224535399,0.5627719580983145,0.00016116035455278067
102397,14.668577809630158,0.5640612409347301,560,681,1241,0.0,-0.0008333472224535399,0.5629331184528674,0.00016116035455278067
102398,14.667744462407704,0.5640612409347301,560,681,1241,0.0,-0.0008333472224535399,0.5630942788074202,0.00016116035455278067
102399,14.66691111518525,0.5640612409347301,560,681,1241,0.0,-0.0008333472224535399,0.5632554391619731,0.00016116035455278067
102400,14.666077767962797,0.5640612409347301,560,681,1241,0.0,-0.0008333472224535399,0.563416599516526,0.00016116035455278067
102401,14.665244420740343,0.5640612409347301,560,681,1241,0.0,-0.0008333472224535399,0.5635777598710788,0.00016116035455278067
102402,14.66441107351789,0.5640612409347301,560,681,1241,0.0,-0.0008333472224535399,0.5637389202256318,0.00016116035455278067
102403,14.663577726295436,0.5640612409347301,560,681,1241,0.0,-0.0008333472224535399,0.5639000805801846,0.00016116035455278067
102404,14.662744379072983,0.5640612409347301,560,681,1241,0.0,-0.0008333472224535399,0.563980660757461,8.058017727639034e-05
102405,14.66191103185053,0.5632554391619662,560,681,1241,-0.0008058017727639033,-0.0008333472224535399,0.563980660757461,0.0
102406,14.661077684628076,0.5632554391619662,560,681,1241,0.0,-0.0008333472224535399,0.5639000805801846,-8.058017727639034e-05
102407,14.660244337405622,0.5632554391619662,560,681,1241,0.0,-0.0008333472224535399,0.5638195004029083,-8.058017727639034e-05
102408,14.659410990183169,0.5632554391619662,560,681,1241,0.0,-0.0008333472224535399,0.5637389202256319,-8.058017727639034e-05
102409,14.658577642960715,0.5632554391619662,560,681,1241,0.0,-0.0008333472224535399,0.5636583400483556,-8.058017727639034e-05
102410,14.657744295738262,0.5632554391619662,560,681,1241,0.0,-0.0008333472224535399,0.5635777598710792,-8.058017727639034e-05
102411,14.656910948515808,0.5640612409347301,560,681,1241,0.0008058017727639033,-0.0008333472224535399,0.5635777598710792,0.0
102412,14.656077601293354,0.5640612409347301,560,681,1241,0.0,-0.0008333472224535399,0.5635777598710792,0.0
102413,14.655244254070901,0.5640612409347301,560,681,1241,0.0,-0.0008333472224535399,0.5635777598710792,0.0
102414,14.654410906848447,0.5640612409347301,560,681,1241,0.0,-0.0008333472224535399,0.5635777598710792,0.0
102415,14.653577559625994,0.5640612409347301,560,681,1241,0.0,-0.0008333472224535399,0.5636583400483557,8.058017727639034e-05
102416,14.65274421240354,0.5640612409347301,560,681,1241,0.0,-0.0008333472224535399,0.563738920225632,8.058017727639034e-05
102417,14.651910865181087,0.5640612409347301,560,681,1241,0.0,-0.0008333472224535399,0.5638195004029083,8.058017727639034e-05
102418,14.651077517958633,0.5640612409347301,560,681,1241,0.0,-0.0008333472224535399,0.5639000805801847,8.058017727639034e-05
102419,14.65024417073618,0.5640612409347301,560,681,1241,0.0,-0.0008333472224535399,0.563980660757461,8.058017727639034e-05
102420,14.649410823513726,0.5640612409347301,560,681,1241,0.0,-0.0008333472224535399,0.5640612409347374,8.058017727639034e-05
102421,14.648577476291273,0.5640612409347301,560,681,1241,0.0,-0.0008333472224535399,0.5640612409347373,0.0
102422,14.647744129068819,0.5640612409347301,560,681,1241,0.0,-0.0008333472224535399,0.5640612409347373,0.0
102423,14.646910781846366,0.5640612409347301,560,681,1241,0.0,-0.0008333472224535399,0.5640612409347373,0.0
102424,14.646077434623912,0.5640612409347301,560,681,1241,0.0,-0.0008333472224535399,0.5640612409347373,0.0
102425,14.645244087401458,0.5640612409347301,560,681,1241,0.0,-0.0008333472224535399,0.5640612409347373,0.0
102426,14.644410740179005,0.5640612409347301,560,681,1241,0.0,-0.0008333472224535399,0.5640612409347373,0.0
102427,14.643577392956544,0.5640612409347301,560,681,1241,0.0,-0.0008333472224606453,0.5640612409347373,0.0
102428,14.64274404573409,0.5640612409347301,560,681,1241,0.0,-0.0008333472224535399,0.5640612409347373,0.0
102429,14.641910698511637,0.5640612409347301,560,681,1241,0.0,-0.0008333472224535399,0.5640612409347373,0.0
102430,14.641077351289184,0.5640612409347301,560,681,1241,0.0,-0.0008333472224535399,0.5640612409347373,0.0
102431,14.64024400406673,0.5640612409347301,560,681,1241,0.0,-0.0008333472224535399,0.5640612409347373,0.0
102432,14.639410656844277,0.5632554391619662,560,681,1241,-0.0008058017727639033,-0.0008333472224535399,0.5639806607574609,-8.058017727639034e-05
102433,14.638577309621823,0.5632554391619662,560,681,1241,0.0,-0.0008333472224535399,0.5639000805801846,-8.058017727639034e-05
102434,14.63774396239937,0.5624496373892023,560,681,1241,-0.0008058017727639033,-0.0008333472224535399,0.5637389202256318,-0.00016116035455278067
102435,14.636910615176916,0.5624496373892023,560,681,1241,0.0,-0.0008333472224535399,0.5635777598710788,-0.00016116035455278067
102436,14.636077267954462,0.5624496373892023,560,681,1241,0.0,-0.0008333472224535399,0.563416599516526,-0.00016116035455278067
102437,14.635243920732009,0.5624496373892023,560,681,1241,0.0,-0.0008333472224535399,0.5632554391619731,-0.00016116035455278067
102438,14.634410573509555,0.5624496373892023,560,681,1241,0.0,-0.0008333472224535399,0.5630942788074202,-0.00016116035455278067
102439,14.633577226287102,0.5624496373892023,560,681,1241,0.0,-0.0008333472224535399,0.5629331184528674,-0.00016116035455278067
102440,14.632743879064648,0.5624496373892023,560,681,1241,0.0,-0.0008333472224535399,0.5627719580983145,-0.00016116035455278067
102441,14.631910531842195,0.5624496373892023,560,681,1241,0.0,-0.0008333472224535399,0.5626107977437617,-0.00016116035455278067
102442,14.631077184619741,0.5624496373892023,560,681,1241,0.0,-0.0008333472224535399,0.5625302175664852,-8.058017727639034e-05
102443,14.630243837397288,0.5624496373892023,560,681,1241,0.0,-0.0008333472224535399,0.5624496373892088,-8.058017727639034e-05
102444,14.629410490174834,0.5624496373892023,560,681,1241,0.0,-0.0008333472224535399,0.562449637389209,0.0
102445,14.62857714295238,0.5616438356164384,560,681,1241,-0.0008058017727639033,-0.0008333472224535399,0.5623690572119326,-8.058017727639034e-05
102446,14.627743795729927,0.5616438356164384,560,681,1241,0.0,-0.0008333472224535399,0.5622884770346562,-8.058017727639034e-05
102447,14.626910448507473,0.5616438356164384,560,681,1241,0.0,-0.0008333472224535399,0.5622078968573799,-8.058017727639034e-05
102448,14.62607710128502,0.5616438356164384,560,681,1241,0.0,-0.0008333472224535399,0.5621273166801035,-8.058017727639034e-05
102449,14.625243754062566,0.5616438356164384,560,681,1241,0.0,-0.0008333472224535399,0.5620467365028272,-8.058017727639034e-05
102450,14.624410406840113,0.5616438356164384,560,681,1241,0.0,-0.0008333472224535399,0.5619661563255509,-8.058017727639034e-05
102451,14.62357705961766,0.5616438356164384,560,681,1241,0.0,-0.0008333472224535399,0.5618855761482745,-8.058017727639034e-05
102452,14.622743712395206,0.5616438356164384,560,681,1241,0.0,-0.0008333472224535399,0.5618049959709982,-8.058017727639034e-05
102453,14.621910365172752,0.5616438356164384,560,681,1241,0.0,-0.0008333472224535399,0.5617244157937218,-8.058017727639034e-05
102454,14.621077017950299,0.5616438356164384,560,681,1241,0.0,-0.0008333472224535399,0.5616438356164455,-8.058017727639034e-05
102455,14.620243670727845,0.5616438356164384,560,681,1241,0.0,-0.0008333472224535399,0.5616438356164455,0.0
102456,14.619410323505392,0.5616438356164384,560,681,1241,0.0,-0.0008333472224535399,0.5616438356164455,0.0
102457,14.618576976282938,0.5616438356164384,560,681,1241,0.0,-0.0008333472224535399,0.5616438356164455,0.0
102458,14.617743629060485,0.5616438356164384,560,681,1241,0.0,-0.0008333472224535399,0.5616438356164455,0.0
102459,14.616910281838031,0.5616438356164384,560,681,1241,0.0,-0.0008333472224535399,0.5616438356164455,0.0
102460,14.616076934615577,0.5616438356164384,560,681,1241,0.0,-0.0008333472224535399,0.5616438356164455,0.0
102461,14.615243587393124,0.5616438356164384,560,681,1241,0.0,-0.0008333472224535399,0.5616438356164455,0.0
102462,14.61441024017067,0.5616438356164384,560,681,1241,0.0,-0.0008333472224535399,0.5616438356164455,0.0
102463,14.613576892948217,0.5616438356164384,560,681,1241,0.0,-0.0008333472224535399,0.5616438356164455,0.0
102464,14.612743545725763,0.5616438356164384,560,681,1241,0.0,-0.0008333472224535399,0.5616438356164455,0.0
102465,14.61191019850331,0.5616438356164384,560,681,1241,0.0,-0.0008333472224535399,0.5616438356164455,0.0
102466,14.611076851280856,0.5616438356164384,560,681,1241,0.0,-0.0008333472224535399,0.5616438356164455,0.0
102467,14.610243504058403,0.5616438356164384,560,681,1241,0.0,-0.0008333472224535399,0.5616438356164455,0.0
102468,14.60941015683595,0.5616438356164384,560,681,1241,0.0,-0.0008333472224535399,0.5616438356164455,0.0
102469,14.608576809613496,0.5616438356164384,560,681,1241,0.0,-0.0008333472224535399,0.5616438356164455,0.0
102470,14.607743462391035,0.5616438356164384,560,681,1241,0.0,-0.0008333472224606453,0.5616438356164455,0.0
102471,14.606910115168581,0.5616438356164384,560,681,1241,0.0,-0.0008333472224535399,0.5616438356164455,0.0
102472,14.606076767946128,0.5624496373892023,560,681,1241,0.0008058017727639033,-0.0008333472224535399,0.5617244157937218,8.058017727639034e-05
102473,14.605243420723674,0.5624496373892023,560,681,1241,0.0,-0.0008333472224535399,0.5618049959709982,8.058017727639034e-05
102474,14.60441007350122,0.5624496373892023,560,681,1241,0.0,-0.0008333472224535399,0.5618855761482745,8.058017727639034e-05
102475,14.603576726278767,0.5624496373892023,560,681,1241,0.0,-0.0008333472224535399,0.5619661563255509,8.058017727639034e-05
102476,14.602743379056314,0.5624496373892023,560,681,1241,0.0,-0.0008333472224535399,0.5620467365028272,8.058017727639034e-05
102477,14.60191003183386,0.5624496373892023,560,681,1241,0.0,-0.0008333472224535399,0.5621273166801035,8.058017727639034e-05
102478,14.601076684611407,0.5624496373892023,560,681,1241,0.0,-0.0008333472224535399,0.5622078968573799,8.058017727639034e-05
102479,14.600243337388953,0.5624496373892023,560,681,1241,0.0,-0.0008333472224535399,0.5622884770346562,8.058017727639034e-05
102480,14.5994099901665,0.5624496373892023,560,681,1241,0.0,-0.0008333472224535399,0.5623690572119326,8.058017727639034e-05
102481,14.598576642944046,0.5624496373892023,560,681,1241,0.0,-0.0008333472224535399,0.562449637389209,8.058017727639034e-05
102482,14.597743295721592,0.5624496373892023,560,681,1241,0.0,-0.0008333472224535399,0.562449637389209,0.0
102483,14.596909948499139,0.5624496373892023,560,681,1241,0.0,-0.0008333472224535399,0.562449637389209,0.0
102484,14.596076601276685,0.5624496373892023,560,681,1241,0.0,-0.0008333472224535399,0.562449637389209,0.0
102485,14.595243254054232,0.5624496373892023,560,681,1241,0.0,-0.0008333472224535399,0.562449637389209,0.0
102486,14.594409906831778,0.5624496373892023,560,681,1241,0.0,-0.0008333472224535399,0.562449637389209,0.0
102487,14.593576559609325,0.5624496373892023,560,681,1241,0.0,-0.0008333472224535399,0.562449637389209,0.0
102488,14.592743212386871,0.5624496373892023,560,681,1241,0.0,-0.0008333472224535399,0.562449637389209,0.0
102489,14.591909865164418,0.5624496373892023,560,681,1241,0.0,-0.0008333472224535399,0.562449637389209,0.0
102490,14.591076517941964,0.5624496373892023,560,681,1241,0.0,-0.0008333472224535399,0.562449637389209,0.0
102491,14.59024317071951,0.5632554391619662,560,681,1241,0.0008058017727639033,-0.0008333472224535399,0.5625302175664852,8.058017727639034e-05
102492,14.589409823497057,0.5624496373892023,560,681,1241,-0.0008058017727639033,-0.0008333472224535399,0.5625302175664852,0.0
102493,14.588576476274604,0.5624496373892023,560,681,1241,0.0,-0.0008333472224535399,0.5625302175664852,0.0
102494,14.58774312905215,0.5624496373892023,560,681,1241,0.0,-0.0008333472224535399,0.5625302175664852,0.0
102495,14.586909781829696,0.5624496373892023,560,681,1241,0.0,-0.0008333472224535399,0.5625302175664852,0.0
102496,14.586076434607243,0.5624496373892023,560,681,1241,0.0,-0.0008333472224535399,0.5625302175664852,0.0
102497,14.58524308738479,0.5624496373892023,560,681,1241,0.0,-0.0008333472224535399,0.5625302175664852,0.0
102498,14.584409740162336,0.5624496373892023,560,681,1241,0.0,-0.0008333472224535399,0.5625302175664852,0.0
102499,14.583576392939882,0.5616438356164384,560,681,1241,-0.0008058017727639033,-0.0008333472224535399,0.562449637389209,-8.058017727639034e-05
102500,14.582743045717429,0.5616438356164384,560,681,1241,0.0,-0.0008333472224535399,0.5623690572119326,-8.058017727639034e-05
102501,14.581909698494975,0.5616438356164384,560,681,1241,0.0,-0.0008333472224535399,0.5622078968573798,-0.00016116035455278067
102502,14.581076351272522,0.5616438356164384,560,681,1241,0.0,-0.0008333472224535399,0.5621273166801034,-8.058017727639034e-05
102503,14.580243004050068,0.5616438356164384,560,681,1241,0.0,-0.0008333472224535399,0.562046736502827,-8.058017727639034e-05
102504,14.579409656827615,0.5616438356164384,560,681,1241,0.0,-0.0008333472224535399,0.5619661563255507,-8.058017727639034e-05
102505,14.578576309605161,0.5616438356164384,560,681,1241,0.0,-0.0008333472224535399,0.5618855761482744,-8.058017727639034e-05
102506,14.577742962382708,0.5616438356164384,560,681,1241,0.0,-0.0008333472224535399,0.561804995970998,-8.058017727639034e-05
102507,14.576909615160254,0.5616438356164384,560,681,1241,0.0,-0.0008333472224535399,0.5617244157937217,-8.058017727639034e-05
102508,14.5760762679378,0.5616438356164384,560,681,1241,0.0,-0.0008333472224535399,0.5616438356164453,-8.058017727639034e-05
102509,14.575242920715347,0.5616438356164384,560,681,1241,0.0,-0.0008333472224535399,0.5616438356164453,0.0
102510,14.574409573492893,0.5616438356164384,560,681,1241,0.0,-0.0008333472224535399,0.5616438356164453,0.0
102511,14.57357622627044,0.5616438356164384,560,681,1241,0.0,-0.0008333472224535399,0.5616438356164453,0.0
102512,14.57274287904798,0.5624496373892023,560,681,1241,0.0008058017727639033,-0.0008333472224606453,0.5617244157937217,8.058017727639034e-05
102513,14.571909531825526,0.5624496373892023,560,681,1241,0.0,-0.0008333472224535399,0.561804995970998,8.058017727639034e-05
102514,14.571076184603072,0.5624496373892023,560,681,1241,0.0,-0.0008333472224535399,0.5618855761482744,8.058017727639034e-05
102515,14.570242837380619,0.5624496373892023,560,681,1241,0.0,-0.0008333472224535399,0.5619661563255507,8.058017727639034e-05
102516,14.569409490158165,0.5624496373892023,560,681,1241,0.0,-0.0008333472224535399,0.562046736502827,8.058017727639034e-05
102517,14.568576142935711,0.5624496373892023,560,681,1241,0.0,-0.0008333472224535399,0.5621273166801034,8.058017727639034e-05
102518,14.567742795713258,0.5624496373892023,560,681,1241,0.0,-0.0008333472224535399,0.5622078968573797,8.058017727639034e-05
102519,14.566909448490804,0.5624496373892023,560,681,1241,0.0,-0.0008333472224535399,0.5622884770346561,8.058017727639034e-05
102520,14.56607610126835,0.5624496373892023,560,681,1241,0.0,-0.0008333472224535399,0.5623690572119324,8.058017727639034e-05
102521,14.565242754045897,0.5624496373892023,560,681,1241,0.0,-0.0008333472224535399,0.5624496373892087,8.058017727639034e-05
102522,14.564409406823444,0.5624496373892023,560,681,1241,0.0,-0.0008333472224535399,0.5624496373892087,0.0
102523,14.56357605960099,0.5624496373892023,560,681,1241,0.0,-0.0008333472224535399,0.5624496373892087,0.0
102524,14.562742712378537,0.5632554391619662,560,681,1241,0.0008058017727639033,-0.0008333472224535399,0.5625302175664851,8.058017727639034e-05
102525,14.561909365156083,0.5632554391619662,560,681,1241,0.0,-0.0008333472224535399,0.5626107977437614,8.058017727639034e-05
102526,14.56107601793363,0.5640612409347301,560,681,1241,0.0008058017727639033,-0.0008333472224535399,0.5627719580983144,0.00016116035455278067
102527,14.560242670711176,0.5640612409347301,560,681,1241,0.0,-0.0008333472224535399,0.5629331184528672,0.00016116035455278067
102528,14.559409323488723,0.5640612409347301,560,681,1241,0.0,-0.0008333472224535399,0.56309427880742,0.00016116035455278067
102529,14.558575976266269,0.5640612409347301,560,681,1241,0.0,-0.0008333472224535399,0.563255439161973,0.00016116035455278067
102530,14.557742629043815,0.564867042707494,560,681,1241,0.0008058017727639033,-0.0008333472224535399,0.5634971796938022,0.00024174053182917098
102531,14.556909281821362,0.564867042707494,560,681,1241,0.0,-0.0008333472224535399,0.5637389202256313,0.00024174053182917098
102532,14.556075934598908,0.5640612409347301,560,681,1241,-0.0008058017727639033,-0.0008333472224535399,0.5639000805801843,0.00016116035455278067
102533,14.555242587376455,0.5640612409347301,560,681,1241,0.0,-0.0008333472224535399,0.5640612409347371,0.00016116035455278067
102534,14.554409240154001,0.5632554391619662,560,681,1241,-0.0008058017727639033,-0.0008333472224535399,0.5640612409347371,0.0
102535,14.553575892931548,0.5632554391619662,560,681,1241,0.0,-0.0008333472224535399,0.5640612409347371,0.0
102536,14.552742545709094,0.5632554391619662,560,681,1241,0.0,-0.0008333472224535399,0.5639806607574608,-8.058017727639034e-05
102537,14.55190919848664,0.5632554391619662,560,681,1241,0.0,-0.0008333472224535399,0.5639000805801844,-8.058017727639034e-05
102538,14.551075851264187,0.5632554391619662,560,681,1241,0.0,-0.0008333472224535399,0.5638195004029081,-8.058017727639034e-05
102539,14.550242504041734,0.5632554391619662,560,681,1241,0.0,-0.0008333472224535399,0.5637389202256318,-8.058017727639034e-05
102540,14.54940915681928,0.5632554391619662,560,681,1241,0.0,-0.0008333472224535399,0.5635777598710789,-0.00016116035455278067
102541,14.548575809596827,0.5632554391619662,560,681,1241,0.0,-0.0008333472224535399,0.5634165995165261,-0.00016116035455278067
102542,14.547742462374373,0.5632554391619662,560,681,1241,0.0,-0.0008333472224535399,0.5633360193392498,-8.058017727639034e-05
102543,14.54690911515192,0.5632554391619662,560,681,1241,0.0,-0.0008333472224535399,0.5632554391619735,-8.058017727639034e-05
102544,14.546075767929466,0.5632554391619662,560,681,1241,0.0,-0.0008333472224535399,0.5632554391619735,0.0
102545,14.545242420707012,0.5632554391619662,560,681,1241,0.0,-0.0008333472224535399,0.5632554391619735,0.0
102546,14.544409073484559,0.5632554391619662,560,681,1241,0.0,-0.0008333472224535399,0.5632554391619735,0.0
102547,14.543575726262105,0.5632554391619662,560,681,1241,0.0,-0.0008333472224535399,0.5632554391619735,0.0
102548,14.542742379039652,0.5632554391619662,560,681,1241,0.0,-0.0008333472224535399,0.5632554391619735,0.0
102549,14.541909031817198,0.5632554391619662,560,681,1241,0.0,-0.0008333472224535399,0.5632554391619735,0.0
102550,14.541075684594745,0.5632554391619662,560,681,1241,0.0,-0.0008333472224535399,0.5632554391619735,0.0
102551,14.540242337372291,0.5632554391619662,560,681,1241,0.0,-0.0008333472224535399,0.5632554391619735,0.0
102552,14.539408990149838,0.5632554391619662,560,681,1241,0.0,-0.0008333472224535399,0.5632554391619735,0.0
102553,14.538575642927384,0.5624496373892023,560,681,1241,-0.0008058017727639033,-0.0008333472224535399,0.563174858984697,-8.058017727639034e-05
102554,14.537742295704923,0.5624496373892023,560,681,1241,0.0,-0.0008333472224606453,0.5630942788074207,-8.058017727639034e-05
102555,14.53690894848247,0.5624496373892023,560,681,1241,0.0,-0.0008333472224535399,0.5630136986301444,-8.058017727639034e-05
102556,14.536075601260016,0.5624496373892023,560,681,1241,0.0,-0.0008333472224535399,0.562933118452868,-8.058017727639034e-05
102557,14.535242254037563,0.5624496373892023,560,681,1241,0.0,-0.0008333472224535399,0.5628525382755917,-8.058017727639034e-05
102558,14.53440890681511,0.5616438356164384,560,681,1241,-0.0008058017727639033,-0.0008333472224535399,0.5626913779210388,-0.00016116035455278067
102559,14.533575559592656,0.5616438356164384,560,681,1241,0.0,-0.0008333472224535399,0.5625302175664861,-0.00016116035455278067
102560,14.532742212370202,0.5624496373892023,560,681,1241,0.0008058017727639033,-0.0008333472224535399,0.5624496373892097,-8.058017727639034e-05
102561,14.531908865147749,0.5624496373892023,560,681,1241,0.0,-0.0008333472224535399,0.5623690572119334,-8.058017727639034e-05
102562,14.531075517925295,0.5616438356164384,560,681,1241,-0.0008058017727639033,-0.0008333472224535399,0.5622078968573806,-0.00016116035455278067
102563,14.530242170702842,0.5616438356164384,560,681,1241,0.0,-0.0008333472224535399,0.5621273166801043,-8.058017727639034e-05
102564,14.529408823480388,0.5616438356164384,560,681,1241,0.0,-0.0008333472224535399,0.5620467365028279,-8.058017727639034e-05
102565,14.528575476257934,0.5616438356164384,560,681,1241,0.0,-0.0008333472224535399,0.5619661563255516,-8.058017727639034e-05
102566,14.527742129035481,0.5608380338436745,560,681,1241,-0.0008058017727639033,-0.0008333472224535399,0.5618049959709989,-0.00016116035455278067
102567,14.526908781813027,0.5608380338436745,560,681,1241,0.0,-0.0008333472224535399,0.5616438356164462,-0.00016116035455278067
102568,14.526075434590574,0.5600322320709106,560,681,1241,-0.0008058017727639033,-0.0008333472224535399,0.5614826752618934,-0.00016116035455278067
102569,14.52524208736812,0.5600322320709106,560,681,1241,0.0,-0.0008333472224535399,0.5613215149073406,-0.00016116035455278067
102570,14.524408740145667,0.5592264302981467,560,681,1241,-0.0008058017727639033,-0.0008333472224535399,0.5609991941982351,-0.00032232070910556134
102571,14.523575392923213,0.5592264302981467,560,681,1241,0.0,-0.0008333472224535399,0.5606768734891295,-0.00032232070910556134
102572,14.52274204570076,0.5592264302981467,560,681,1241,0.0,-0.0008333472224535399,0.5604351329573003,-0.00024174053182917098
102573,14.521908698478306,0.5592264302981467,560,681,1241,0.0,-0.0008333472224535399,0.5601933924254711,-0.00024174053182917098
102574,14.521075351255853,0.5592264302981467,560,681,1241,0.0,-0.0008333472224535399,0.5599516518936418,-0.00024174053182917098
102575,14.520242004033399,0.5592264302981467,560,681,1241,0.0,-0.0008333472224535399,0.5597099113618127,-0.00024174053182917098
102576,14.519408656810946,0.5592264302981467,560,681,1241,0.0,-0.0008333472224535399,0.5595487510072598,-0.00016116035455278067
102577,14.518575309588492,0.5592264302981467,560,681,1241,0.0,-0.0008333472224535399,0.5593875906527069,-0.00016116035455278067
102578,14.517741962366038,0.5592264302981467,560,681,1241,0.0,-0.0008333472224535399,0.5593070104754305,-8.058017727639034e-05
102579,14.516908615143585,0.5592264302981467,560,681,1241,0.0,-0.0008333472224535399,0.5592264302981541,-8.058017727639034e-05
102580,14.516075267921131,0.5592264302981467,560,681,1241,0.0,-0.0008333472224535399,0.5592264302981542,0.0
102581,14.515241920698678,0.5592264302981467,560,681,1241,0.0,-0.0008333472224535399,0.5592264302981542,0.0
102582,14.514408573476224,0.5592264302981467,560,681,1241,0.0,-0.0008333472224535399,0.5592264302981542,0.0
102583,14.51357522625377,0.5592264302981467,560,681,1241,0.0,-0.0008333472224535399,0.5592264302981542,0.0
102584,14.512741879031317,0.5592264302981467,560,681,1241,0.0,-0.0008333472224535399,0.5592264302981542,0.0
102585,14.511908531808864,0.5592264302981467,560,681,1241,0.0,-0.0008333472224535399,0.5592264302981542,0.0
102586,14.51107518458641,0.5592264302981467,560,681,1241,0.0,-0.0008333472224535399,0.5592264302981542,0.0
102587,14.510241837363957,0.5592264302981467,560,681,1241,0.0,-0.0008333472224535399,0.5592264302981542,0.0
102588,14.509408490141503,0.5592264302981467,560,681,1241,0.0,-0.0008333472224535399,0.5592264302981542,0.0
102589,14.50857514291905,0.5592264302981467,560,681,1241,0.0,-0.0008333472224535399,0.5592264302981542,0.0
102590,14.507741795696596,0.5592264302981467,560,681,1241,0.0,-0.0008333472224535399,0.5592264302981542,0.0
102591,14.506908448474142,0.5592264302981467,560,681,1241,0.0,-0.0008333472224535399,0.5592264302981542,0.0
102592,14.506075101251689,0.5592264302981467,560,681,1241,0.0,-0.0008333472224535399,0.5592264302981542,0.0
102593,14.505241754029235,0.5592264302981467,560,681,1241,0.0,-0.0008333472224535399,0.5592264302981542,0.0
102594,14.504408406806782,0.5592264302981467,560,681,1241,0.0,-0.0008333472224535399,0.5592264302981542,0.0
102595,14.503575059584328,0.5592264302981467,560,681,1241,0.0,-0.0008333472224535399,0.5592264302981542,0.0
102596,14.502741712361875,0.5600322320709106,560,681,1241,0.0008058017727639033,-0.0008333472224535399,0.5593070104754305,8.058017727639034e-05
102597,14.501908365139414,0.5600322320709106,560,681,1241,0.0,-0.0008333472224606453,0.5593875906527069,8.058017727639034e-05
102598,14.50107501791696,0.5600322320709106,560,681,1241,0.0,-0.0008333472224535399,0.5594681708299832,8.058017727639034e-05
102599,14.500241670694507,0.5600322320709106,560,681,1241,0.0,-0.0008333472224535399,0.5595487510072596,8.058017727639034e-05
102600,14.499408323472053,0.5600322320709106,560,681,1241,0.0,-0.0008333472224535399,0.559629331184536,8.058017727639034e-05
102601,14.4985749762496,0.5600322320709106,560,681,1241,0.0,-0.0008333472224535399,0.5597099113618123,8.058017727639034e-05
102602,14.497741629027146,0.5600322320709106,560,681,1241,0.0,-0.0008333472224535399,0.5597904915390887,8.058017727639034e-05
102603,14.496908281804693,0.5600322320709106,560,681,1241,0.0,-0.0008333472224535399,0.559871071716365,8.058017727639034e-05
102604,14.49607493458224,0.5600322320709106,560,681,1241,0.0,-0.0008333472224535399,0.5599516518936414,8.058017727639034e-05
102605,14.495241587359786,0.5600322320709106,560,681,1241,0.0,-0.0008333472224535399,0.5600322320709177,8.058017727639034e-05
102606,14.494408240137332,0.5592264302981467,560,681,1241,-0.0008058017727639033,-0.0008333472224535399,0.5599516518936413,-8.058017727639034e-05
102607,14.493574892914879,0.5584206285253828,560,681,1241,-0.0008058017727639033,-0.0008333472224535399,0.5597904915390884,-0.00016116035455278067
102608,14.492741545692425,0.5584206285253828,560,681,1241,0.0,-0.0008333472224535399,0.5596293311845357,-0.00016116035455278067
102609,14.491908198469972,0.5584206285253828,560,681,1241,0.0,-0.0008333472224535399,0.5594681708299829,-0.00016116035455278067
102610,14.491074851247518,0.5584206285253828,560,681,1241,0.0,-0.0008333472224535399,0.5593070104754301,-0.00016116035455278067
102611,14.490241504025065,0.5584206285253828,560,681,1241,0.0,-0.0008333472224535399,0.5591458501208774,-0.00016116035455278067
102612,14.489408156802611,0.5584206285253828,560,681,1241,0.0,-0.0008333472224535399,0.5589846897663245,-0.00016116035455278067
102613,14.488574809580157,0.5584206285253828,560,681,1241,0.0,-0.0008333472224535399,0.5588235294117718,-0.00016116035455278067
102614,14.487741462357704,0.5584206285253828,560,681,1241,0.0,-0.0008333472224535399,0.558662369057219,-0.00016116035455278067
102615,14.48690811513525,0.5584206285253828,560,681,1241,0.0,-0.0008333472224535399,0.5585012087026662,-0.00016116035455278067
102616,14.486074767912797,0.5584206285253828,560,681,1241,0.0,-0.0008333472224535399,0.5584206285253899,-8.058017727639034e-05
102617,14.485241420690343,0.5584206285253828,560,681,1241,0.0,-0.0008333472224535399,0.5584206285253899,0.0
102618,14.48440807346789,0.5576148267526189,560,681,1241,-0.0008058017727639033,-0.0008333472224535399,0.5583400483481136,-8.058017727639034e-05
102619,14.483574726245436,0.5576148267526189,560,681,1241,0.0,-0.0008333472224535399,0.5582594681708372,-8.058017727639034e-05
102620,14.482741379022983,0.5576148267526189,560,681,1241,0.0,-0.0008333472224535399,0.5581788879935609,-8.058017727639034e-05
102621,14.481908031800529,0.5576148267526189,560,681,1241,0.0,-0.0008333472224535399,0.5580983078162844,-8.058017727639034e-05
102622,14.481074684578076,0.5576148267526189,560,681,1241,0.0,-0.0008333472224535399,0.5580177276390081,-8.058017727639034e-05
102623,14.480241337355622,0.5576148267526189,560,681,1241,0.0,-0.0008333472224535399,0.5579371474617318,-8.058017727639034e-05
102624,14.479407990133168,0.5576148267526189,560,681,1241,0.0,-0.0008333472224535399,0.5578565672844554,-8.058017727639034e-05
102625,14.478574642910715,0.5576148267526189,560,681,1241,0.0,-0.0008333472224535399,0.5577759871071791,-8.058017727639034e-05
102626,14.477741295688261,0.5576148267526189,560,681,1241,0.0,-0.0008333472224535399,0.5576954069299027,-8.058017727639034e-05
102627,14.476907948465808,0.5576148267526189,560,681,1241,0.0,-0.0008333472224535399,0.5576148267526264,-8.058017727639034e-05
102628,14.476074601243354,0.5576148267526189,560,681,1241,0.0,-0.0008333472224535399,0.5576148267526264,0.0
102629,14.4752412540209,0.5576148267526189,560,681,1241,0.0,-0.0008333472224535399,0.5576148267526264,0.0
102630,14.474407906798447,0.5576148267526189,560,681,1241,0.0,-0.0008333472224535399,0.5576148267526264,0.0
102631,14.473574559575994,0.5576148267526189,560,681,1241,0.0,-0.0008333472224535399,0.5576148267526264,0.0
102632,14.47274121235354,0.5576148267526189,560,681,1241,0.0,-0.0008333472224535399,0.5576148267526264,0.0
102633,14.471907865131087,0.556809024979855,560,681,1241,-0.0008058017727639033,-0.0008333472224535399,0.5575342465753501,-8.058017727639034e-05
102634,14.471074517908633,0.556809024979855,560,681,1241,0.0,-0.0008333472224535399,0.5574536663980737,-8.058017727639034e-05
102635,14.47024117068618,0.556809024979855,560,681,1241,0.0,-0.0008333472224535399,0.5573730862207974,-8.058017727639034e-05
102636,14.469407823463726,0.556809024979855,560,681,1241,0.0,-0.0008333472224535399,0.557292506043521,-8.058017727639034e-05
102637,14.468574476241272,0.5576148267526189,560,681,1241,0.0008058017727639033,-0.0008333472224535399,0.557292506043521,0.0
102638,14.467741129018819,0.5576148267526189,560,681,1241,0.0,-0.0008333472224535399,0.557292506043521,0.0
102639,14.466907781796358,0.5576148267526189,560,681,1241,0.0,-0.0008333472224606453,0.557292506043521,0.0
102640,14.466074434573905,0.556809024979855,560,681,1241,-0.0008058017727639033,-0.0008333472224535399,0.5572119258662447,-8.058017727639034e-05
102641,14.465241087351451,0.556809024979855,560,681,1241,0.0,-0.0008333472224535399,0.5571313456889684,-8.058017727639034e-05
102642,14.464407740128998,0.556809024979855,560,681,1241,0.0,-0.0008333472224535399,0.557050765511692,-8.058017727639034e-05
102643,14.463574392906544,0.556809024979855,560,681,1241,0.0,-0.0008333472224535399,0.557050765511692,0.0
102644,14.46274104568409,0.556809024979855,560,681,1241,0.0,-0.0008333472224535399,0.557050765511692,0.0
102645,14.461907698461637,0.556809024979855,560,681,1241,0.0,-0.0008333472224535399,0.557050765511692,0.0
102646,14.461074351239183,0.556809024979855,560,681,1241,0.0,-0.0008333472224535399,0.557050765511692,0.0
102647,14.46024100401673,0.556809024979855,560,681,1241,0.0,-0.0008333472224535399,0.5569701853344157,-8.058017727639034e-05
102648,14.459407656794276,0.556809024979855,560,681,1241,0.0,-0.0008333472224535399,0.5568896051571393,-8.058017727639034e-05
102649,14.458574309571823,0.556809024979855,560,681,1241,0.0,-0.0008333472224535399,0.556809024979863,-8.058017727639034e-05
102650,14.45774096234937,0.556809024979855,560,681,1241,0.0,-0.0008333472224535399,0.556809024979863,0.0
102651,14.456907615126916,0.556809024979855,560,681,1241,0.0,-0.0008333472224535399,0.556809024979863,0.0
102652,14.456074267904462,0.556809024979855,560,681,1241,0.0,-0.0008333472224535399,0.556809024979863,0.0
102653,14.455240920682009,0.556809024979855,560,681,1241,0.0,-0.0008333472224535399,0.556809024979863,0.0
102654,14.454407573459555,0.556809024979855,560,681,1241,0.0,-0.0008333472224535399,0.556809024979863,0.0
102655,14.453574226237102,0.556809024979855,560,681,1241,0.0,-0.0008333472224535399,0.556809024979863,0.0
102656,14.452740879014648,0.556809024979855,560,681,1241,0.0,-0.0008333472224535399,0.556809024979863,0.0
102657,14.451907531792195,0.556809024979855,560,681,1241,0.0,-0.0008333472224535399,0.556809024979863,0.0
102658,14.451074184569741,0.556809024979855,560,681,1241,0.0,-0.0008333472224535399,0.556809024979863,0.0
102659,14.450240837347287,0.556809024979855,560,681,1241,0.0,-0.0008333472224535399,0.556809024979863,0.0
102660,14.449407490124834,0.5576148267526189,560,681,1241,0.0008058017727639033,-0.0008333472224535399,0.5568896051571394,8.058017727639034e-05
102661,14.44857414290238,0.5576148267526189,560,681,1241,0.0,-0.0008333472224535399,0.5569701853344158,8.058017727639034e-05
102662,14.447740795679927,0.5576148267526189,560,681,1241,0.0,-0.0008333472224535399,0.5570507655116921,8.058017727639034e-05
102663,14.446907448457473,0.5576148267526189,560,681,1241,0.0,-0.0008333472224535399,0.5571313456889684,8.058017727639034e-05
102664,14.44607410123502,0.5576148267526189,560,681,1241,0.0,-0.0008333472224535399,0.5572119258662448,8.058017727639034e-05
102665,14.445240754012566,0.5576148267526189,560,681,1241,0.0,-0.0008333472224535399,0.5572925060435211,8.058017727639034e-05
102666,14.444407406790113,0.5576148267526189,560,681,1241,0.0,-0.0008333472224535399,0.5573730862207975,8.058017727639034e-05
102667,14.44357405956766,0.5576148267526189,560,681,1241,0.0,-0.0008333472224535399,0.5574536663980738,8.058017727639034e-05
102668,14.442740712345206,0.5576148267526189,560,681,1241,0.0,-0.0008333472224535399,0.5575342465753501,8.058017727639034e-05
102669,14.441907365122752,0.5576148267526189,560,681,1241,0.0,-0.0008333472224535399,0.5576148267526265,8.058017727639034e-05
102670,14.441074017900299,0.5576148267526189,560,681,1241,0.0,-0.0008333472224535399,0.5576148267526264,0.0
102671,14.440240670677845,0.556809024979855,560,681,1241,-0.0008058017727639033,-0.0008333472224535399,0.5575342465753501,-8.058017727639034e-05
102672,14.439407323455391,0.556809024979855,560,681,1241,0.0,-0.0008333472224535399,0.5574536663980737,-8.058017727639034e-05
102673,14.438573976232938,0.556809024979855,560,681,1241,0.0,-0.0008333472224535399,0.5573730862207974,-8.058017727639034e-05
102674,14.437740629010484,0.556809024979855,560,681,1241,0.0,-0.0008333472224535399,0.557292506043521,-8.058017727639034e-05
102675,14.43690728178803,0.556809024979855,560,681,1241,0.0,-0.0008333472224535399,0.5572119258662447,-8.058017727639034e-05
102676,14.436073934565577,0.5576148267526189,560,681,1241,0.0008058017727639033,-0.0008333472224535399,0.5572119258662447,0.0
102677,14.435240587343124,0.5576148267526189,560,681,1241,0.0,-0.0008333472224535399,0.5572119258662447,0.0
102678,14.43440724012067,0.5576148267526189,560,681,1241,0.0,-0.0008333472224535399,0.5572119258662447,0.0
102679,14.433573892898217,0.5576148267526189,560,681,1241,0.0,-0.0008333472224535399,0.5572119258662447,0.0
102680,14.432740545675763,0.5576148267526189,560,681,1241,0.0,-0.0008333472224535399,0.5572119258662447,0.0
102681,14.43190719845331,0.5576148267526189,560,681,1241,0.0,-0.0008333472224535399,0.5572925060435211,8.058017727639034e-05
102682,14.431073851230849,0.5576148267526189,560,681,1241,0.0,-0.0008333472224606453,0.5573730862207975,8.058017727639034e-05
102683,14.430240504008395,0.5576148267526189,560,681,1241,0.0,-0.0008333472224535399,0.5574536663980738,8.058017727639034e-05
102684,14.429407156785942,0.5576148267526189,560,681,1241,0.0,-0.0008333472224535399,0.5575342465753501,8.058017727639034e-05
102685,14.428573809563488,0.5576148267526189,560,681,1241,0.0,-0.0008333472224535399,0.5576148267526265,8.058017727639034e-05
102686,14.427740462341035,0.5576148267526189,560,681,1241,0.0,-0.0008333472224535399,0.5576148267526264,0.0
102687,14.426907115118581,0.556809024979855,560,681,1241,-0.0008058017727639033,-0.0008333472224535399,0.5575342465753501,-8.058017727639034e-05
102688,14.426073767896128,0.556809024979855,560,681,1241,0.0,-0.0008333472224535399,0.5574536663980737,-8.058017727639034e-05
102689,14.425240420673674,0.556809024979855,560,681,1241,0.0,-0.0008333472224535399,0.5573730862207974,-8.058017727639034e-05
102690,14.42440707345122,0.556809024979855,560,681,1241,0.0,-0.0008333472224535399,0.557292506043521,-8.058017727639034e-05
102691,14.423573726228767,0.556809024979855,560,681,1241,0.0,-0.0008333472224535399,0.5572119258662447,-8.058017727639034e-05
102692,14.422740379006314,0.556809024979855,560,681,1241,0.0,-0.0008333472224535399,0.5571313456889684,-8.058017727639034e-05
102693,14.42190703178386,0.556809024979855,560,681,1241,0.0,-0.0008333472224535399,0.557050765511692,-8.058017727639034e-05
102694,14.421073684561406,0.556809024979855,560,681,1241,0.0,-0.0008333472224535399,0.5569701853344157,-8.058017727639034e-05
102695,14.420240337338953,0.556809024979855,560,681,1241,0.0,-0.0008333472224535399,0.5568896051571393,-8.058017727639034e-05
102696,14.4194069901165,0.556809024979855,560,681,1241,0.0,-0.0008333472224535399,0.556809024979863,-8.058017727639034e-05
102697,14.418573642894046,0.556809024979855,560,681,1241,0.0,-0.0008333472224535399,0.556809024979863,0.0
102698,14.417740295671592,0.556809024979855,560,681,1241,0.0,-0.0008333472224535399,0.556809024979863,0.0
102699,14.416906948449139,0.556809024979855,560,681,1241,0.0,-0.0008333472224535399,0.556809024979863,0.0
102700,14.416073601226685,0.556809024979855,560,681,1241,0.0,-0.0008333472224535399,0.556809024979863,0.0
102701,14.415240254004232,0.556809024979855,560,681,1241,0.0,-0.0008333472224535399,0.556809024979863,0.0
102702,14.414406906781778,0.556809024979855,560,681,1241,0.0,-0.0008333472224535399,0.556809024979863,0.0
102703,14.413573559559325,0.556809024979855,560,681,1241,0.0,-0.0008333472224535399,0.556809024979863,0.0
102704,14.412740212336871,0.556809024979855,560,681,1241,0.0,-0.0008333472224535399,0.556809024979863,0.0
102705,14.411906865114418,0.556809024979855,560,681,1241,0.0,-0.0008333472224535399,0.556809024979863,0.0
102706,14.411073517891964,0.556809024979855,560,681,1241,0.0,-0.0008333472224535399,0.556809024979863,0.0
102707,14.41024017066951,0.556809024979855,560,681,1241,0.0,-0.0008333472224535399,0.556809024979863,0.0
102708,14.409406823447057,0.5576148267526189,560,681,1241,0.0008058017727639033,-0.0008333472224535399,0.5568896051571394,8.058017727639034e-05
102709,14.408573476224603,0.5576148267526189,560,681,1241,0.0,-0.0008333472224535399,0.5569701853344158,8.058017727639034e-05
102710,14.40774012900215,0.5576148267526189,560,681,1241,0.0,-0.0008333472224535399,0.5570507655116921,8.058017727639034e-05
102711,14.406906781779696,0.5576148267526189,560,681,1241,0.0,-0.0008333472224535399,0.5571313456889684,8.058017727639034e-05
102712,14.406073434557243,0.5576148267526189,560,681,1241,0.0,-0.0008333472224535399,0.5572119258662448,8.058017727639034e-05
102713,14.40524008733479,0.5576148267526189,560,681,1241,0.0,-0.0008333472224535399,0.5572925060435211,8.058017727639034e-05
102714,14.404406740112336,0.5576148267526189,560,681,1241,0.0,-0.0008333472224535399,0.5573730862207975,8.058017727639034e-05
102715,14.403573392889882,0.5576148267526189,560,681,1241,0.0,-0.0008333472224535399,0.5574536663980738,8.058017727639034e-05
102716,14.402740045667429,0.5576148267526189,560,681,1241,0.0,-0.0008333472224535399,0.5575342465753501,8.058017727639034e-05
102717,14.401906698444975,0.5576148267526189,560,681,1241,0.0,-0.0008333472224535399,0.5576148267526265,8.058017727639034e-05
102718,14.401073351222522,0.5576148267526189,560,681,1241,0.0,-0.0008333472224535399,0.5576148267526264,0.0
102719,14.400240004000068,0.5576148267526189,560,681,1241,0.0,-0.0008333472224535399,0.5576148267526264,0.0
102720,14.399406656777614,0.5576148267526189,560,681,1241,0.0,-0.0008333472224535399,0.5576148267526264,0.0
102721,14.398573309555161,0.5576148267526189,560,681,1241,0.0,-0.0008333472224535399,0.5576148267526264,0.0
102722,14.397739962332707,0.5576148267526189,560,681,1241,0.0,-0.0008333472224535399,0.5576148267526264,0.0
102723,14.396906615110254,0.5576148267526189,560,681,1241,0.0,-0.0008333472224535399,0.5576148267526264,0.0
102724,14.396073267887793,0.5576148267526189,560,681,1241,0.0,-0.0008333472224606453,0.5576148267526264,0.0
102725,14.39523992066534,0.5576148267526189,560,681,1241,0.0,-0.0008333472224535399,0.5576148267526264,0.0
102726,14.394406573442886,0.5576148267526189,560,681,1241,0.0,-0.0008333472224535399,0.5576148267526264,0.0
102727,14.393573226220433,0.5576148267526189,560,681,1241,0.0,-0.0008333472224535399,0.5576148267526264,0.0
102728,14.392739878997979,0.5576148267526189,560,681,1241,0.0,-0.0008333472224535399,0.5576148267526264,0.0
102729,14.391906531775525,0.5576148267526189,560,681,1241,0.0,-0.0008333472224535399,0.5576148267526264,0.0
102730,14.391073184553072,0.5576148267526189,560,681,1241,0.0,-0.0008333472224535399,0.5576148267526264,0.0
102731,14.390239837330618,0.5576148267526189,560,681,1241,0.0,-0.0008333472224535399,0.5576148267526264,0.0
102732,14.389406490108165,0.5576148267526189,560,681,1241,0.0,-0.0008333472224535399,0.5576148267526264,0.0
102733,14.388573142885711,0.5576148267526189,560,681,1241,0.0,-0.0008333472224535399,0.5576148267526264,0.0
102734,14.387739795663258,0.5576148267526189,560,681,1241,0.0,-0.0008333472224535399,0.5576148267526264,0.0
102735,14.386906448440804,0.5576148267526189,560,681,1241,0.0,-0.0008333472224535399,0.5576148267526264,0.0
102736,14.38607310121835,0.5576148267526189,560,681,1241,0.0,-0.0008333472224535399,0.5576148267526264,0.0
102737,14.385239753995897,0.5576148267526189,560,681,1241,0.0,-0.0008333472224535399,0.5576148267526264,0.0
102738,14.384406406773444,0.5576148267526189,560,681,1241,0.0,-0.0008333472224535399,0.5576148267526264,0.0
102739,14.38357305955099,0.5576148267526189,560,681,1241,0.0,-0.0008333472224535399,0.5576148267526264,0.0
102740,14.382739712328537,0.5576148267526189,560,681,1241,0.0,-0.0008333472224535399,0.5576148267526264,0.0
102741,14.381906365106083,0.5576148267526189,560,681,1241,0.0,-0.0008333472224535399,0.5576148267526264,0.0
102742,14.38107301788363,0.5576148267526189,560,681,1241,0.0,-0.0008333472224535399,0.5576148267526264,0.0
102743,14.380239670661176,0.5576148267526189,560,681,1241,0.0,-0.0008333472224535399,0.5576148267526264,0.0
102744,14.379406323438722,0.5584206285253828,560,681,1241,0.0008058017727639033,-0.0008333472224535399,0.5576954069299027,8.058017727639034e-05
102745,14.378572976216269,0.5584206285253828,560,681,1241,0.0,-0.0008333472224535399,0.5577759871071791,8.058017727639034e-05
102746,14.377739628993815,0.5584206285253828,560,681,1241,0.0,-0.0008333472224535399,0.5578565672844554,8.058017727639034e-05
102747,14.376906281771362,0.5584206285253828,560,681,1241,0.0,-0.0008333472224535399,0.5579371474617318,8.058017727639034e-05
102748,14.376072934548908,0.5584206285253828,560,681,1241,0.0,-0.0008333472224535399,0.5580177276390081,8.058017727639034e-05
102749,14.375239587326455,0.5576148267526189,560,681,1241,-0.0008058017727639033,-0.0008333472224535399,0.5580177276390081,0.0
102750,14.374406240104001,0.5576148267526189,560,681,1241,0.0,-0.0008333472224535399,0.5580177276390081,0.0
102751,14.373572892881548,0.5576148267526189,560,681,1241,0.0,-0.0008333472224535399,0.5580177276390081,0.0
102752,14.372739545659094,0.5576148267526189,560,681,1241,0.0,-0.0008333472224535399,0.5580177276390081,0.0
102753,14.37190619843664,0.5576148267526189,560,681,1241,0.0,-0.0008333472224535399,0.5580177276390081,0.0
102754,14.371072851214187,0.5576148267526189,560,681,1241,0.0,-0.0008333472224535399,0.5579371474617318,-8.058017727639034e-05
102755,14.370239503991733,0.5576148267526189,560,681,1241,0.0,-0.0008333472224535399,0.5578565672844554,-8.058017727639034e-05
102756,14.36940615676928,0.5576148267526189,560,681,1241,0.0,-0.0008333472224535399,0.5577759871071791,-8.058017727639034e-05
102757,14.368572809546826,0.5576148267526189,560,681,1241,0.0,-0.0008333472224535399,0.5576954069299027,-8.058017727639034e-05
102758,14.367739462324373,0.5576148267526189,560,681,1241,0.0,-0.0008333472224535399,0.5576148267526264,-8.058017727639034e-05
102759,14.36690611510192,0.5584206285253828,560,681,1241,0.0008058017727639033,-0.0008333472224535399,0.5576954069299027,8.058017727639034e-05
102760,14.366072767879466,0.5576148267526189,560,681,1241,-0.0008058017727639033,-0.0008333472224535399,0.5576954069299027,0.0
102761,14.365239420657012,0.5576148267526189,560,681,1241,0.0,-0.0008333472224535399,0.5576954069299027,0.0
102762,14.364406073434559,0.556809024979855,560,681,1241,-0.0008058017727639033,-0.0008333472224535399,0.5576148267526264,-8.058017727639034e-05
102763,14.363572726212105,0.556809024979855,560,681,1241,0.0,-0.0008333472224535399,0.5575342465753501,-8.058017727639034e-05
102764,14.362739378989652,0.556809024979855,560,681,1241,0.0,-0.0008333472224535399,0.5574536663980737,-8.058017727639034e-05
102765,14.361906031767198,0.5560032232070911,560,681,1241,-0.0008058017727639033,-0.0008333472224535399,0.5572925060435209,-0.00016116035455278067
102766,14.361072684544737,0.5551974214343272,560,681,1241,-0.0008058017727639033,-0.0008333472224606453,0.5570507655116916,-0.00024174053182917098
102767,14.360239337322284,0.5551974214343272,560,681,1241,0.0,-0.0008333472224535399,0.5568090249798624,-0.00024174053182917098
102768,14.35940599009983,0.5551974214343272,560,681,1241,0.0,-0.0008333472224535399,0.5565672844480332,-0.00024174053182917098
102769,14.358572642877377,0.5551974214343272,560,681,1241,0.0,-0.0008333472224535399,0.5562449637389276,-0.00032232070910556134
102770,14.357739295654923,0.5560032232070911,560,681,1241,0.0008058017727639033,-0.0008333472224535399,0.5560838033843748,-0.00016116035455278067
102771,14.35690594843247,0.5560032232070911,560,681,1241,0.0,-0.0008333472224535399,0.5559226430298219,-0.00016116035455278067
102772,14.356072601210016,0.5560032232070911,560,681,1241,0.0,-0.0008333472224535399,0.5558420628525454,-8.058017727639034e-05
102773,14.355239253987563,0.5560032232070911,560,681,1241,0.0,-0.0008333472224535399,0.5557614826752691,-8.058017727639034e-05
102774,14.354405906765109,0.5560032232070911,560,681,1241,0.0,-0.0008333472224535399,0.5556809024979927,-8.058017727639034e-05
102775,14.353572559542656,0.5560032232070911,560,681,1241,0.0,-0.0008333472224535399,0.5556809024979928,0.0
102776,14.352739212320202,0.5560032232070911,560,681,1241,0.0,-0.0008333472224535399,0.5557614826752693,8.058017727639034e-05
102777,14.351905865097748,0.5560032232070911,560,681,1241,0.0,-0.0008333472224535399,0.5558420628525456,8.058017727639034e-05
102778,14.351072517875295,0.5560032232070911,560,681,1241,0.0,-0.0008333472224535399,0.5559226430298219,8.058017727639034e-05
102779,14.350239170652841,0.5560032232070911,560,681,1241,0.0,-0.0008333472224535399,0.5560032232070983,8.058017727639034e-05
102780,14.349405823430388,0.5560032232070911,560,681,1241,0.0,-0.0008333472224535399,0.5560032232070983,0.0
102781,14.348572476207934,0.556809024979855,560,681,1241,0.0008058017727639033,-0.0008333472224535399,0.5560838033843746,8.058017727639034e-05
102782,14.34773912898548,0.556809024979855,560,681,1241,0.0,-0.0008333472224535399,0.556164383561651,8.058017727639034e-05
102783,14.346905781763027,0.556809024979855,560,681,1241,0.0,-0.0008333472224535399,0.5562449637389273,8.058017727639034e-05
102784,14.346072434540574,0.556809024979855,560,681,1241,0.0,-0.0008333472224535399,0.5563255439162036,8.058017727639034e-05
102785,14.34523908731812,0.556809024979855,560,681,1241,0.0,-0.0008333472224535399,0.55640612409348,8.058017727639034e-05
102786,14.344405740095667,0.556809024979855,560,681,1241,0.0,-0.0008333472224535399,0.5564867042707563,8.058017727639034e-05
102787,14.343572392873213,0.556809024979855,560,681,1241,0.0,-0.0008333472224535399,0.5565672844480327,8.058017727639034e-05
102788,14.34273904565076,0.556809024979855,560,681,1241,0.0,-0.0008333472224535399,0.556647864625309,8.058017727639034e-05
102789,14.341905698428306,0.556809024979855,560,681,1241,0.0,-0.0008333472224535399,0.5567284448025853,8.058017727639034e-05
102790,14.341072351205852,0.556809024979855,560,681,1241,0.0,-0.0008333472224535399,0.5568090249798617,8.058017727639034e-05
102791,14.340239003983399,0.556809024979855,560,681,1241,0.0,-0.0008333472224535399,0.5568090249798617,0.0
102792,14.339405656760945,0.556809024979855,560,681,1241,0.0,-0.0008333472224535399,0.5568090249798617,0.0
102793,14.338572309538492,0.556809024979855,560,681,1241,0.0,-0.0008333472224535399,0.5568090249798617,0.0
102794,14.337738962316038,0.556809024979855,560,681,1241,0.0,-0.0008333472224535399,0.5568090249798617,0.0
102795,14.336905615093585,0.556809024979855,560,681,1241,0.0,-0.0008333472224535399,0.5568090249798617,0.0
102796,14.336072267871131,0.556809024979855,560,681,1241,0.0,-0.0008333472224535399,0.5568090249798617,0.0
102797,14.335238920648678,0.556809024979855,560,681,1241,0.0,-0.0008333472224535399,0.5568090249798617,0.0
102798,14.334405573426224,0.556809024979855,560,681,1241,0.0,-0.0008333472224535399,0.5568090249798617,0.0
102799,14.33357222620377,0.556809024979855,560,681,1241,0.0,-0.0008333472224535399,0.5568090249798617,0.0
102800,14.332738878981317,0.556809024979855,560,681,1241,0.0,-0.0008333472224535399,0.5568090249798617,0.0
102801,14.331905531758864,0.5576148267526189,560,681,1241,0.0008058017727639033,-0.0008333472224535399,0.5568896051571381,8.058017727639034e-05
102802,14.33107218453641,0.5576148267526189,560,681,1241,0.0,-0.0008333472224535399,0.5569701853344144,8.058017727639034e-05
102803,14.330238837313956,0.5576148267526189,560,681,1241,0.0,-0.0008333472224535399,0.5570507655116909,8.058017727639034e-05
102804,14.329405490091503,0.5576148267526189,560,681,1241,0.0,-0.0008333472224535399,0.5571313456889672,8.058017727639034e-05
102805,14.32857214286905,0.5576148267526189,560,681,1241,0.0,-0.0008333472224535399,0.5572119258662436,8.058017727639034e-05
102806,14.327738795646596,0.5576148267526189,560,681,1241,0.0,-0.0008333472224535399,0.5572925060435199,8.058017727639034e-05
102807,14.326905448424142,0.5576148267526189,560,681,1241,0.0,-0.0008333472224535399,0.5573730862207962,8.058017727639034e-05
102808,14.326072101201689,0.556809024979855,560,681,1241,-0.0008058017727639033,-0.0008333472224535399,0.5573730862207962,0.0
102809,14.325238753979228,0.556809024979855,560,681,1241,0.0,-0.0008333472224606453,0.5573730862207962,0.0
102810,14.324405406756775,0.556809024979855,560,681,1241,0.0,-0.0008333472224535399,0.5573730862207962,0.0
102811,14.323572059534321,0.556809024979855,560,681,1241,0.0,-0.0008333472224535399,0.5572925060435198,-8.058017727639034e-05
102812,14.322738712311867,0.556809024979855,560,681,1241,0.0,-0.0008333472224535399,0.5572119258662435,-8.058017727639034e-05
102813,14.321905365089414,0.556809024979855,560,681,1241,0.0,-0.0008333472224535399,0.557131345688967,-8.058017727639034e-05
102814,14.32107201786696,0.556809024979855,560,681,1241,0.0,-0.0008333472224535399,0.5570507655116907,-8.058017727639034e-05
102815,14.320238670644507,0.556809024979855,560,681,1241,0.0,-0.0008333472224535399,0.5569701853344144,-8.058017727639034e-05
102816,14.319405323422053,0.556809024979855,560,681,1241,0.0,-0.0008333472224535399,0.556889605157138,-8.058017727639034e-05
102817,14.3185719761996,0.556809024979855,560,681,1241,0.0,-0.0008333472224535399,0.5568090249798617,-8.058017727639034e-05
102818,14.317738628977146,0.556809024979855,560,681,1241,0.0,-0.0008333472224535399,0.5568090249798617,0.0
102819,14.316905281754693,0.556809024979855,560,681,1241,0.0,-0.0008333472224535399,0.5568090249798617,0.0
102820,14.31607193453224,0.556809024979855,560,681,1241,0.0,-0.0008333472224535399,0.5568090249798617,0.0
102821,14.315238587309786,0.556809024979855,560,681,1241,0.0,-0.0008333472224535399,0.5568090249798617,0.0
102822,14.314405240087332,0.556809024979855,560,681,1241,0.0,-0.0008333472224535399,0.5568090249798617,0.0
102823,14.313571892864879,0.556809024979855,560,681,1241,0.0,-0.0008333472224535399,0.5568090249798617,0.0
102824,14.312738545642425,0.556809024979855,560,681,1241,0.0,-0.0008333472224535399,0.5568090249798617,0.0
102825,14.311905198419971,0.556809024979855,560,681,1241,0.0,-0.0008333472224535399,0.5568090249798617,0.0
102826,14.311071851197518,0.556809024979855,560,681,1241,0.0,-0.0008333472224535399,0.5568090249798617,0.0
102827,14.310238503975064,0.556809024979855,560,681,1241,0.0,-0.0008333472224535399,0.5568090249798617,0.0
102828,14.30940515675261,0.556809024979855,560,681,1241,0.0,-0.0008333472224535399,0.5568090249798617,0.0
102829,14.308571809530157,0.556809024979855,560,681,1241,0.0,-0.0008333472224535399,0.5568090249798617,0.0
102830,14.307738462307704,0.556809024979855,560,681,1241,0.0,-0.0008333472224535399,0.5568090249798617,0.0
102831,14.30690511508525,0.5560032232070911,560,681,1241,-0.0008058017727639033,-0.0008333472224535399,0.5567284448025853,-8.058017727639034e-05
102832,14.306071767862797,0.5560032232070911,560,681,1241,0.0,-0.0008333472224535399,0.5566478646253089,-8.058017727639034e-05
102833,14.305238420640343,0.5560032232070911,560,681,1241,0.0,-0.0008333472224535399,0.5565672844480326,-8.058017727639034e-05
102834,14.30440507341789,0.5560032232070911,560,681,1241,0.0,-0.0008333472224535399,0.5564867042707562,-8.058017727639034e-05
102835,14.303571726195436,0.5560032232070911,560,681,1241,0.0,-0.0008333472224535399,0.5564061240934799,-8.058017727639034e-05
102836,14.302738378972983,0.5560032232070911,560,681,1241,0.0,-0.0008333472224535399,0.5563255439162036,-8.058017727639034e-05
102837,14.301905031750529,0.5560032232070911,560,681,1241,0.0,-0.0008333472224535399,0.5562449637389272,-8.058017727639034e-05
102838,14.301071684528075,0.5560032232070911,560,681,1241,0.0,-0.0008333472224535399,0.5561643835616509,-8.058017727639034e-05
102839,14.300238337305622,0.5560032232070911,560,681,1241,0.0,-0.0008333472224535399,0.5560838033843745,-8.058017727639034e-05
102840,14.299404990083168,0.5560032232070911,560,681,1241,0.0,-0.0008333472224535399,0.5560032232070982,-8.058017727639034e-05
102841,14.298571642860715,0.5560032232070911,560,681,1241,0.0,-0.0008333472224535399,0.5560032232070983,0.0
102842,14.297738295638261,0.5551974214343272,560,681,1241,-0.0008058017727639033,-0.0008333472224535399,0.5559226430298219,-8.058017727639034e-05
102843,14.296904948415808,0.5551974214343272,560,681,1241,0.0,-0.0008333472224535399,0.5558420628525456,-8.058017727639034e-05
102844,14.296071601193354,0.5551974214343272,560,681,1241,0.0,-0.0008333472224535399,0.5557614826752693,-8.058017727639034e-05
102845,14.2952382539709,0.5551974214343272,560,681,1241,0.0,-0.0008333472224535399,0.5556809024979928,-8.058017727639034e-05
102846,14.294404906748447,0.5551974214343272,560,681,1241,0.0,-0.0008333472224535399,0.5556003223207165,-8.058017727639034e-05
102847,14.293571559525994,0.5551974214343272,560,681,1241,0.0,-0.0008333472224535399,0.5555197421434401,-8.058017727639034e-05
102848,14.29273821230354,0.5551974214343272,560,681,1241,0.0,-0.0008333472224535399,0.5554391619661638,-8.058017727639034e-05
102849,14.291904865081086,0.5551974214343272,560,681,1241,0.0,-0.0008333472224535399,0.5553585817888875,-8.058017727639034e-05
102850,14.291071517858633,0.5551974214343272,560,681,1241,0.0,-0.0008333472224535399,0.5552780016116111,-8.058017727639034e-05
102851,14.290238170636172,0.5551974214343272,560,681,1241,0.0,-0.0008333472224606453,0.5551974214343348,-8.058017727639034e-05
102852,14.289404823413719,0.5551974214343272,560,681,1241,0.0,-0.0008333472224535399,0.5551974214343348,0.0
102853,14.288571476191265,0.5551974214343272,560,681,1241,0.0,-0.0008333472224535399,0.5551974214343348,0.0
102854,14.287738128968812,0.5551974214343272,560,681,1241,0.0,-0.0008333472224535399,0.5551974214343348,0.0
102855,14.286904781746358,0.5551974214343272,560,681,1241,0.0,-0.0008333472224535399,0.5551974214343348,0.0
102856,14.286071434523905,0.5551974214343272,560,681,1241,0.0,-0.0008333472224535399,0.5551974214343348,0.0
102857,14.285238087301451,0.5551974214343272,560,681,1241,0.0,-0.0008333472224535399,0.5551974214343348,0.0
102858,14.284404740078998,0.5551974214343272,560,681,1241,0.0,-0.0008333472224535399,0.5551974214343348,0.0
102859,14.283571392856544,0.5560032232070911,560,681,1241,0.0008058017727639033,-0.0008333472224535399,0.5552780016116111,8.058017727639034e-05
102860,14.28273804563409,0.5560032232070911,560,681,1241,0.0,-0.0008333472224535399,0.5553585817888875,8.058017727639034e-05
102861,14.281904698411637,0.556809024979855,560,681,1241,0.0008058017727639033,-0.0008333472224535399,0.5555197421434402,0.00016116035455278067
102862,14.281071351189183,0.556809024979855,560,681,1241,0.0,-0.0008333472224535399,0.5556809024979931,0.00016116035455278067
102863,14.28023800396673,0.556809024979855,560,681,1241,0.0,-0.0008333472224535399,0.5558420628525458,0.00016116035455278067
102864,14.279404656744276,0.556809024979855,560,681,1241,0.0,-0.0008333472224535399,0.5560032232070986,0.00016116035455278067
102865,14.278571309521823,0.556809024979855,560,681,1241,0.0,-0.0008333472224535399,0.5561643835616514,0.00016116035455278067
102866,14.27773796229937,0.556809024979855,560,681,1241,0.0,-0.0008333472224535399,0.5563255439162041,0.00016116035455278067
102867,14.276904615076916,0.556809024979855,560,681,1241,0.0,-0.0008333472224535399,0.556486704270757,0.00016116035455278067
102868,14.276071267854462,0.556809024979855,560,681,1241,0.0,-0.0008333472224535399,0.5566478646253097,0.00016116035455278067
102869,14.275237920632009,0.556809024979855,560,681,1241,0.0,-0.0008333472224535399,0.5567284448025861,8.058017727639034e-05
102870,14.274404573409555,0.556809024979855,560,681,1241,0.0,-0.0008333472224535399,0.5568090249798624,8.058017727639034e-05
102871,14.273571226187102,0.556809024979855,560,681,1241,0.0,-0.0008333472224535399,0.5568090249798624,0.0
102872,14.272737878964648,0.556809024979855,560,681,1241,0.0,-0.0008333472224535399,0.5568090249798624,0.0
102873,14.271904531742194,0.556809024979855,560,681,1241,0.0,-0.0008333472224535399,0.5568090249798624,0.0
102874,14.27107118451974,0.556809024979855,560,681,1241,0.0,-0.0008333472224535399,0.5568090249798624,0.0
102875,14.270237837297287,0.556809024979855,560,681,1241,0.0,-0.0008333472224535399,0.5568090249798624,0.0
102876,14.269404490074834,0.556809024979855,560,681,1241,0.0,-0.0008333472224535399,0.5568090249798624,0.0
102877,14.26857114285238,0.556809024979855,560,681,1241,0.0,-0.0008333472224535399,0.5568090249798624,0.0
102878,14.267737795629927,0.556809024979855,560,681,1241,0.0,-0.0008333472224535399,0.5568090249798624,0.0
102879,14.266904448407473,0.556809024979855,560,681,1241,0.0,-0.0008333472224535399,0.5568090249798624,0.0
102880,14.26607110118502,0.556809024979855,560,681,1241,0.0,-0.0008333472224535399,0.5568090249798624,0.0
102881,14.265237753962566,0.556809024979855,560,681,1241,0.0,-0.0008333472224535399,0.5568090249798624,0.0
102882,14.264404406740113,0.556809024979855,560,681,1241,0.0,-0.0008333472224535399,0.5568090249798624,0.0
102883,14.263571059517659,0.556809024979855,560,681,1241,0.0,-0.0008333472224535399,0.5568090249798624,0.0
102884,14.262737712295205,0.556809024979855,560,681,1241,0.0,-0.0008333472224535399,0.5568090249798624,0.0
102885,14.261904365072752,0.556809024979855,560,681,1241,0.0,-0.0008333472224535399,0.5568090249798624,0.0
102886,14.261071017850298,0.556809024979855,560,681,1241,0.0,-0.0008333472224535399,0.5568090249798624,0.0
102887,14.260237670627845,0.556809024979855,560,681,1241,0.0,-0.0008333472224535399,0.5568090249798624,0.0
102888,14.259404323405391,0.556809024979855,560,681,1241,0.0,-0.0008333472224535399,0.5568090249798624,0.0
102889,14.258570976182938,0.556809024979855,560,681,1241,0.0,-0.0008333472224535399,0.5568090249798624,0.0
102890,14.257737628960484,0.556809024979855,560,681,1241,0.0,-0.0008333472224535399,0.5568090249798624,0.0
102891,14.25690428173803,0.556809024979855,560,681,1241,0.0,-0.0008333472224535399,0.5568090249798624,0.0
102892,14.256070934515577,0.556809024979855,560,681,1241,0.0,-0.0008333472224535399,0.5568090249798624,0.0
102893,14.255237587293117,0.556809024979855,560,681,1241,0.0,-0.0008333472224606453,0.5568090249798624,0.0
102894,14.254404240070663,0.556809024979855,560,681,1241,0.0,-0.0008333472224535399,0.5568090249798624,0.0
102895,14.25357089284821,0.556809024979855,560,681,1241,0.0,-0.0008333472224535399,0.5568090249798624,0.0
102896,14.252737545625756,0.556809024979855,560,681,1241,0.0,-0.0008333472224535399,0.5568090249798624,0.0
102897,14.251904198403302,0.556809024979855,560,681,1241,0.0,-0.0008333472224535399,0.5568090249798624,0.0
102898,14.251070851180849,0.556809024979855,560,681,1241,0.0,-0.0008333472224535399,0.5568090249798624,0.0
102899,14.250237503958395,0.556809024979855,560,681,1241,0.0,-0.0008333472224535399,0.5568090249798624,0.0
102900,14.249404156735942,0.5576148267526189,560,681,1241,0.0008058017727639033,-0.0008333472224535399,0.5568896051571388,8.058017727639034e-05
102901,14.248570809513488,0.5584206285253828,560,681,1241,0.0008058017727639033,-0.0008333472224535399,0.5570507655116916,0.00016116035455278067
102902,14.247737462291035,0.5592264302981467,560,681,1241,0.0008058017727639033,-0.0008333472224535399,0.5572925060435208,0.00024174053182917098
102903,14.246904115068581,0.5584206285253828,560,681,1241,-0.0008058017727639033,-0.0008333472224535399,0.5574536663980736,0.00016116035455278067
102904,14.246070767846128,0.5584206285253828,560,681,1241,0.0,-0.0008333472224535399,0.5576148267526263,0.00016116035455278067
102905,14.245237420623674,0.5584206285253828,560,681,1241,0.0,-0.0008333472224535399,0.5577759871071791,0.00016116035455278067
102906,14.24440407340122,0.5584206285253828,560,681,1241,0.0,-0.0008333472224535399,0.5579371474617318,0.00016116035455278067
102907,14.243570726178767,0.5584206285253828,560,681,1241,0.0,-0.0008333472224535399,0.5580983078162847,0.00016116035455278067
102908,14.242737378956313,0.5584206285253828,560,681,1241,0.0,-0.0008333472224535399,0.5582594681708375,0.00016116035455278067
102909,14.24190403173386,0.5584206285253828,560,681,1241,0.0,-0.0008333472224535399,0.5584206285253902,0.00016116035455278067
102910,14.241070684511406,0.5584206285253828,560,681,1241,0.0,-0.0008333472224535399,0.5585012087026666,8.058017727639034e-05
102911,14.240237337288953,0.5584206285253828,560,681,1241,0.0,-0.0008333472224535399,0.5585012087026666,0.0
102912,14.2394039900665,0.5576148267526189,560,681,1241,-0.0008058017727639033,-0.0008333472224535399,0.5583400483481139,-0.00016116035455278067
102913,14.238570642844046,0.5576148267526189,560,681,1241,0.0,-0.0008333472224535399,0.5582594681708375,-8.058017727639034e-05
102914,14.237737295621592,0.5576148267526189,560,681,1241,0.0,-0.0008333472224535399,0.5581788879935612,-8.058017727639034e-05
102915,14.236903948399139,0.5576148267526189,560,681,1241,0.0,-0.0008333472224535399,0.5580983078162849,-8.058017727639034e-05
102916,14.236070601176685,0.5576148267526189,560,681,1241,0.0,-0.0008333472224535399,0.5580177276390085,-8.058017727639034e-05
102917,14.235237253954232,0.5576148267526189,560,681,1241,0.0,-0.0008333472224535399,0.5579371474617322,-8.058017727639034e-05
102918,14.234403906731778,0.5576148267526189,560,681,1241,0.0,-0.0008333472224535399,0.5578565672844558,-8.058017727639034e-05
102919,14.233570559509324,0.5576148267526189,560,681,1241,0.0,-0.0008333472224535399,0.5577759871071795,-8.058017727639034e-05
102920,14.232737212286871,0.5576148267526189,560,681,1241,0.0,-0.0008333472224535399,0.5576954069299032,-8.058017727639034e-05
102921,14.231903865064417,0.5576148267526189,560,681,1241,0.0,-0.0008333472224535399,0.5576148267526267,-8.058017727639034e-05
102922,14.231070517841964,0.5576148267526189,560,681,1241,0.0,-0.0008333472224535399,0.5576148267526267,0.0
102923,14.23023717061951,0.5576148267526189,560,681,1241,0.0,-0.0008333472224535399,0.5576148267526267,0.0
102924,14.229403823397057,0.5576148267526189,560,681,1241,0.0,-0.0008333472224535399,0.5576148267526267,0.0
102925,14.228570476174603,0.5576148267526189,560,681,1241,0.0,-0.0008333472224535399,0.5576148267526267,0.0
102926,14.22773712895215,0.5576148267526189,560,681,1241,0.0,-0.0008333472224535399,0.5576148267526267,0.0
102927,14.226903781729696,0.5576148267526189,560,681,1241,0.0,-0.0008333472224535399,0.5576148267526267,0.0
102928,14.226070434507243,0.5576148267526189,560,681,1241,0.0,-0.0008333472224535399,0.5576148267526267,0.0
102929,14.225237087284789,0.5576148267526189,560,681,1241,0.0,-0.0008333472224535399,0.5576148267526267,0.0
102930,14.224403740062336,0.5576148267526189,560,681,1241,0.0,-0.0008333472224535399,0.5576148267526267,0.0
102931,14.223570392839882,0.5576148267526189,560,681,1241,0.0,-0.0008333472224535399,0.5576148267526267,0.0
102932,14.222737045617428,0.5576148267526189,560,681,1241,0.0,-0.0008333472224535399,0.5576148267526267,0.0
102933,14.221903698394975,0.556809024979855,560,681,1241,-0.0008058017727639033,-0.0008333472224535399,0.5575342465753504,-8.058017727639034e-05
102934,14.221070351172521,0.556809024979855,560,681,1241,0.0,-0.0008333472224535399,0.557453666398074,-8.058017727639034e-05
102935,14.220237003950068,0.556809024979855,560,681,1241,0.0,-0.0008333472224535399,0.5573730862207977,-8.058017727639034e-05
102936,14.219403656727607,0.556809024979855,560,681,1241,0.0,-0.0008333472224606453,0.5572925060435214,-8.058017727639034e-05
102937,14.218570309505154,0.556809024979855,560,681,1241,0.0,-0.0008333472224535399,0.557211925866245,-8.058017727639034e-05
102938,14.2177369622827,0.556809024979855,560,681,1241,0.0,-0.0008333472224535399,0.5571313456889687,-8.058017727639034e-05
102939,14.216903615060247,0.556809024979855,560,681,1241,0.0,-0.0008333472224535399,0.5570507655116923,-8.058017727639034e-05
102940,14.216070267837793,0.556809024979855,560,681,1241,0.0,-0.0008333472224535399,0.556970185334416,-8.058017727639034e-05
102941,14.21523692061534,0.5560032232070911,560,681,1241,-0.0008058017727639033,-0.0008333472224535399,0.5568090249798632,-0.00016116035455278067
102942,14.214403573392886,0.5560032232070911,560,681,1241,0.0,-0.0008333472224535399,0.5566478646253102,-0.00016116035455278067
102943,14.213570226170432,0.5560032232070911,560,681,1241,0.0,-0.0008333472224535399,0.5565672844480338,-8.058017727639034e-05
102944,14.212736878947979,0.5560032232070911,560,681,1241,0.0,-0.0008333472224535399,0.5564867042707575,-8.058017727639034e-05
102945,14.211903531725525,0.5560032232070911,560,681,1241,0.0,-0.0008333472224535399,0.5564061240934811,-8.058017727639034e-05
102946,14.211070184503072,0.5560032232070911,560,681,1241,0.0,-0.0008333472224535399,0.5563255439162048,-8.058017727639034e-05
102947,14.210236837280618,0.5560032232070911,560,681,1241,0.0,-0.0008333472224535399,0.5562449637389284,-8.058017727639034e-05
102948,14.209403490058165,0.5560032232070911,560,681,1241,0.0,-0.0008333472224535399,0.5561643835616521,-8.058017727639034e-05
102949,14.208570142835711,0.5560032232070911,560,681,1241,0.0,-0.0008333472224535399,0.5560838033843758,-8.058017727639034e-05
102950,14.207736795613258,0.5560032232070911,560,681,1241,0.0,-0.0008333472224535399,0.5560032232070994,-8.058017727639034e-05
102951,14.206903448390804,0.5560032232070911,560,681,1241,0.0,-0.0008333472224535399,0.5560032232070995,0.0
102952,14.20607010116835,0.5560032232070911,560,681,1241,0.0,-0.0008333472224535399,0.5560032232070995,0.0
102953,14.205236753945897,0.5560032232070911,560,681,1241,0.0,-0.0008333472224535399,0.5560032232070995,0.0
102954,14.204403406723443,0.5560032232070911,560,681,1241,0.0,-0.0008333472224535399,0.5560032232070995,0.0
102955,14.20357005950099,0.5560032232070911,560,681,1241,0.0,-0.0008333472224535399,0.5560032232070995,0.0
102956,14.202736712278536,0.5560032232070911,560,681,1241,0.0,-0.0008333472224535399,0.5560032232070995,0.0
102957,14.201903365056083,0.5560032232070911,560,681,1241,0.0,-0.0008333472224535399,0.5560032232070995,0.0
102958,14.20107001783363,0.556809024979855,560,681,1241,0.0008058017727639033,-0.0008333472224535399,0.5560838033843758,8.058017727639034e-05
102959,14.200236670611176,0.556809024979855,560,681,1241,0.0,-0.0008333472224535399,0.5561643835616522,8.058017727639034e-05
102960,14.199403323388722,0.556809024979855,560,681,1241,0.0,-0.0008333472224535399,0.5562449637389285,8.058017727639034e-05
102961,14.198569976166269,0.556809024979855,560,681,1241,0.0,-0.0008333472224535399,0.5563255439162049,8.058017727639034e-05
102962,14.197736628943815,0.5560032232070911,560,681,1241,-0.0008058017727639033,-0.0008333472224535399,0.5563255439162049,0.0
102963,14.196903281721362,0.5560032232070911,560,681,1241,0.0,-0.0008333472224535399,0.5563255439162049,0.0
102964,14.196069934498908,0.556809024979855,560,681,1241,0.0008058017727639033,-0.0008333472224535399,0.5564061240934812,8.058017727639034e-05
102965,14.195236587276455,0.5560032232070911,560,681,1241,-0.0008058017727639033,-0.0008333472224535399,0.5564061240934812,0.0
102966,14.194403240054001,0.5560032232070911,560,681,1241,0.0,-0.0008333472224535399,0.5564061240934812,0.0
102967,14.193569892831547,0.5560032232070911,560,681,1241,0.0,-0.0008333472224535399,0.5564061240934812,0.0
102968,14.192736545609094,0.5560032232070911,560,681,1241,0.0,-0.0008333472224535399,0.5563255439162048,-8.058017727639034e-05
102969,14.19190319838664,0.5560032232070911,560,681,1241,0.0,-0.0008333472224535399,0.5562449637389284,-8.058017727639034e-05
102970,14.191069851164187,0.5560032232070911,560,681,1241,0.0,-0.0008333472224535399,0.5561643835616521,-8.058017727639034e-05
102971,14.190236503941733,0.5560032232070911,560,681,1241,0.0,-0.0008333472224535399,0.5560838033843758,-8.058017727639034e-05
102972,14.18940315671928,0.5551974214343272,560,681,1241,-0.0008058017727639033,-0.0008333472224535399,0.5560032232070993,-8.058017727639034e-05
102973,14.188569809496826,0.5551974214343272,560,681,1241,0.0,-0.0008333472224535399,0.555922643029823,-8.058017727639034e-05
102974,14.187736462274373,0.5551974214343272,560,681,1241,0.0,-0.0008333472224535399,0.5557614826752701,-0.00016116035455278067
102975,14.18690311505192,0.5551974214343272,560,681,1241,0.0,-0.0008333472224535399,0.5556809024979937,-8.058017727639034e-05
102976,14.186069767829466,0.5551974214343272,560,681,1241,0.0,-0.0008333472224535399,0.5556003223207174,-8.058017727639034e-05
102977,14.185236420607012,0.5551974214343272,560,681,1241,0.0,-0.0008333472224535399,0.555519742143441,-8.058017727639034e-05
102978,14.184403073384551,0.5551974214343272,560,681,1241,0.0,-0.0008333472224606453,0.5554391619661647,-8.058017727639034e-05
102979,14.183569726162098,0.5551974214343272,560,681,1241,0.0,-0.0008333472224535399,0.5553585817888884,-8.058017727639034e-05
102980,14.182736378939644,0.5551974214343272,560,681,1241,0.0,-0.0008333472224535399,0.555278001611612,-8.058017727639034e-05
102981,14.18190303171719,0.5551974214343272,560,681,1241,0.0,-0.0008333472224535399,0.5551974214343357,-8.058017727639034e-05
102982,14.181069684494737,0.5551974214343272,560,681,1241,0.0,-0.0008333472224535399,0.5551974214343357,0.0
102983,14.180236337272284,0.5551974214343272,560,681,1241,0.0,-0.0008333472224535399,0.5551974214343357,0.0
102984,14.17940299004983,0.5543916196615633,560,681,1241,-0.0008058017727639033,-0.0008333472224535399,0.5551168412570593,-8.058017727639034e-05
102985,14.178569642827377,0.5551974214343272,560,681,1241,0.0008058017727639033,-0.0008333472224535399,0.5551168412570593,0.0
102986,14.177736295604923,0.5551974214343272,560,681,1241,0.0,-0.0008333472224535399,0.5551168412570593,0.0
102987,14.17690294838247,0.5551974214343272,560,681,1241,0.0,-0.0008333472224535399,0.5551168412570593,0.0
102988,14.176069601160016,0.5551974214343272,560,681,1241,0.0,-0.0008333472224535399,0.5551168412570593,0.0
102989,14.175236253937562,0.5551974214343272,560,681,1241,0.0,-0.0008333472224535399,0.5551168412570593,0.0
102990,14.174402906715109,0.5551974214343272,560,681,1241,0.0,-0.0008333472224535399,0.5551168412570593,0.0
102991,14.173569559492655,0.5551974214343272,560,681,1241,0.0,-0.0008333472224535399,0.5551168412570593,0.0
102992,14.172736212270202,0.5551974214343272,560,681,1241,0.0,-0.0008333472224535399,0.5551168412570593,0.0
102993,14.171902865047748,0.5551974214343272,560,681,1241,0.0,-0.0008333472224535399,0.5551168412570593,0.0
102994,14.171069517825295,0.5551974214343272,560,681,1241,0.0,-0.0008333472224535399,0.5551974214343357,8.058017727639034e-05
102995,14.170236170602841,0.5551974214343272,560,681,1241,0.0,-0.0008333472224535399,0.5551974214343357,0.0
102996,14.169402823380388,0.5551974214343272,560,681,1241,0.0,-0.0008333472224535399,0.5551974214343357,0.0
102997,14.168569476157934,0.5560032232070911,560,681,1241,0.0008058017727639033,-0.0008333472224535399,0.555278001611612,8.058017727639034e-05
102998,14.16773612893548,0.556809024979855,560,681,1241,0.0008058017727639033,-0.0008333472224535399,0.5554391619661648,0.00016116035455278067
102999,14.166902781713027,0.556809024979855,560,681,1241,0.0,-0.0008333472224535399,0.5556003223207175,0.00016116035455278067
103000,14.166069434490574,0.556809024979855,560,681,1241,0.0,-0.0008333472224535399,0.5557614826752704,0.00016116035455278067
103001,14.16523608726812,0.556809024979855,560,681,1241,0.0,-0.0008333472224535399,0.5559226430298232,0.00016116035455278067
103002,14.164402740045666,0.556809024979855,560,681,1241,0.0,-0.0008333472224535399,0.5560838033843759,0.00016116035455278067
103003,14.163569392823213,0.556809024979855,560,681,1241,0.0,-0.0008333472224535399,0.5562449637389287,0.00016116035455278067
103004,14.16273604560076,0.556809024979855,560,681,1241,0.0,-0.0008333472224535399,0.5564061240934814,0.00016116035455278067
103005,14.161902698378306,0.556809024979855,560,681,1241,0.0,-0.0008333472224535399,0.5565672844480343,0.00016116035455278067
103006,14.161069351155852,0.556809024979855,560,681,1241,0.0,-0.0008333472224535399,0.5567284448025871,0.00016116035455278067
103007,14.160236003933399,0.5560032232070911,560,681,1241,-0.0008058017727639033,-0.0008333472224535399,0.5567284448025871,0.0
103008,14.159402656710945,0.5560032232070911,560,681,1241,0.0,-0.0008333472224535399,0.5566478646253107,-8.058017727639034e-05
103009,14.158569309488492,0.5560032232070911,560,681,1241,0.0,-0.0008333472224535399,0.5565672844480344,-8.058017727639034e-05
103010,14.157735962266038,0.5560032232070911,560,681,1241,0.0,-0.0008333472224535399,0.556486704270758,-8.058017727639034e-05
103011,14.156902615043585,0.5560032232070911,560,681,1241,0.0,-0.0008333472224535399,0.5564061240934817,-8.058017727639034e-05
103012,14.156069267821131,0.5560032232070911,560,681,1241,0.0,-0.0008333472224535399,0.5563255439162054,-8.058017727639034e-05
103013,14.155235920598678,0.5560032232070911,560,681,1241,0.0,-0.0008333472224535399,0.556244963738929,-8.058017727639034e-05
103014,14.154402573376224,0.5560032232070911,560,681,1241,0.0,-0.0008333472224535399,0.5561643835616527,-8.058017727639034e-05
103015,14.15356922615377,0.556809024979855,560,681,1241,0.0008058017727639033,-0.0008333472224535399,0.5561643835616527,0.0
103016,14.152735878931317,0.5576148267526189,560,681,1241,0.0008058017727639033,-0.0008333472224535399,0.556244963738929,8.058017727639034e-05
103017,14.151902531708863,0.5576148267526189,560,681,1241,0.0,-0.0008333472224535399,0.5564061240934818,0.00016116035455278067
103018,14.15106918448641,0.556809024979855,560,681,1241,-0.0008058017727639033,-0.0008333472224535399,0.5564867042707581,8.058017727639034e-05
103019,14.150235837263956,0.5576148267526189,560,681,1241,0.0008058017727639033,-0.0008333472224535399,0.556647864625311,0.00016116035455278067
103020,14.149402490041496,0.5576148267526189,560,681,1241,0.0,-0.0008333472224606453,0.5568090249798638,0.00016116035455278067
103021,14.148569142819042,0.5576148267526189,560,681,1241,0.0,-0.0008333472224535399,0.5569701853344167,0.00016116035455278067
103022,14.147735795596589,0.5576148267526189,560,681,1241,0.0,-0.0008333472224535399,0.5571313456889696,0.00016116035455278067
103023,14.146902448374135,0.5576148267526189,560,681,1241,0.0,-0.0008333472224535399,0.5572925060435224,0.00016116035455278067
103024,14.146069101151681,0.5576148267526189,560,681,1241,0.0,-0.0008333472224535399,0.5574536663980754,0.00016116035455278067
103025,14.145235753929228,0.5576148267526189,560,681,1241,0.0,-0.0008333472224535399,0.5575342465753518,8.058017727639034e-05
103026,14.144402406706774,0.5576148267526189,560,681,1241,0.0,-0.0008333472224535399,0.5575342465753517,0.0
103027,14.14356905948432,0.5576148267526189,560,681,1241,0.0,-0.0008333472224535399,0.5575342465753517,0.0
103028,14.142735712261867,0.5576148267526189,560,681,1241,0.0,-0.0008333472224535399,0.5576148267526281,8.058017727639034e-05
103029,14.141902365039414,0.5576148267526189,560,681,1241,0.0,-0.0008333472224535399,0.557614826752628,0.0
103030,14.14106901781696,0.556809024979855,560,681,1241,-0.0008058017727639033,-0.0008333472224535399,0.5575342465753517,-8.058017727639034e-05
103031,14.140235670594507,0.556809024979855,560,681,1241,0.0,-0.0008333472224535399,0.5574536663980754,-8.058017727639034e-05
103032,14.139402323372053,0.556809024979855,560,681,1241,0.0,-0.0008333472224535399,0.557373086220799,-8.058017727639034e-05
103033,14.1385689761496,0.556809024979855,560,681,1241,0.0,-0.0008333472224535399,0.5572925060435227,-8.058017727639034e-05
103034,14.137735628927146,0.556809024979855,560,681,1241,0.0,-0.0008333472224535399,0.5572119258662462,-8.058017727639034e-05
103035,14.136902281704693,0.556809024979855,560,681,1241,0.0,-0.0008333472224535399,0.5571313456889699,-8.058017727639034e-05
103036,14.136068934482239,0.556809024979855,560,681,1241,0.0,-0.0008333472224535399,0.5570507655116936,-8.058017727639034e-05
103037,14.135235587259785,0.556809024979855,560,681,1241,0.0,-0.0008333472224535399,0.5569701853344172,-8.058017727639034e-05
103038,14.134402240037332,0.556809024979855,560,681,1241,0.0,-0.0008333472224535399,0.5568896051571409,-8.058017727639034e-05
103039,14.133568892814878,0.556809024979855,560,681,1241,0.0,-0.0008333472224535399,0.5568090249798645,-8.058017727639034e-05
103040,14.132735545592425,0.556809024979855,560,681,1241,0.0,-0.0008333472224535399,0.5568090249798645,0.0
103041,14.131902198369971,0.556809024979855,560,681,1241,0.0,-0.0008333472224535399,0.5568090249798645,0.0
103042,14.131068851147518,0.556809024979855,560,681,1241,0.0,-0.0008333472224535399,0.5568090249798645,0.0
103043,14.130235503925064,0.556809024979855,560,681,1241,0.0,-0.0008333472224535399,0.5568090249798645,0.0
103044,14.12940215670261,0.556809024979855,560,681,1241,0.0,-0.0008333472224535399,0.5568090249798645,0.0
103045,14.128568809480157,0.556809024979855,560,681,1241,0.0,-0.0008333472224535399,0.5568090249798645,0.0
103046,14.127735462257704,0.556809024979855,560,681,1241,0.0,-0.0008333472224535399,0.5568090249798645,0.0
103047,14.12690211503525,0.556809024979855,560,681,1241,0.0,-0.0008333472224535399,0.5568090249798645,0.0
103048,14.126068767812797,0.556809024979855,560,681,1241,0.0,-0.0008333472224535399,0.5568090249798645,0.0
103049,14.125235420590343,0.556809024979855,560,681,1241,0.0,-0.0008333472224535399,0.5568090249798645,0.0
103050,14.12440207336789,0.556809024979855,560,681,1241,0.0,-0.0008333472224535399,0.5568090249798645,0.0
103051,14.123568726145436,0.556809024979855,560,681,1241,0.0,-0.0008333472224535399,0.5568090249798645,0.0
103052,14.122735378922982,0.556809024979855,560,681,1241,0.0,-0.0008333472224535399,0.5568090249798645,0.0
103053,14.121902031700529,0.556809024979855,560,681,1241,0.0,-0.0008333472224535399,0.5568090249798645,0.0
103054,14.121068684478075,0.556809024979855,560,681,1241,0.0,-0.0008333472224535399,0.5568090249798645,0.0
103055,14.120235337255622,0.556809024979855,560,681,1241,0.0,-0.0008333472224535399,0.5568090249798645,0.0
103056,14.119401990033168,0.556809024979855,560,681,1241,0.0,-0.0008333472224535399,0.5568090249798645,0.0
103057,14.118568642810715,0.5560032232070911,560,681,1241,-0.0008058017727639033,-0.0008333472224535399,0.5567284448025881,-8.058017727639034e-05
103058,14.117735295588261,0.5560032232070911,560,681,1241,0.0,-0.0008333472224535399,0.5566478646253118,-8.058017727639034e-05
103059,14.116901948365808,0.556809024979855,560,681,1241,0.0008058017727639033,-0.0008333472224535399,0.5566478646253118,0.0
103060,14.116068601143354,0.556809024979855,560,681,1241,0.0,-0.0008333472224535399,0.5566478646253118,0.0
103061,14.1152352539209,0.556809024979855,560,681,1241,0.0,-0.0008333472224535399,0.5566478646253118,0.0
103062,14.114401906698447,0.556809024979855,560,681,1241,0.0,-0.0008333472224535399,0.5566478646253118,0.0
103063,14.113568559475986,0.556809024979855,560,681,1241,0.0,-0.0008333472224606453,0.5566478646253118,0.0
103064,14.112735212253533,0.5576148267526189,560,681,1241,0.0008058017727639033,-0.0008333472224535399,0.5567284448025881,8.058017727639034e-05
103065,14.11190186503108,0.5576148267526189,560,681,1241,0.0,-0.0008333472224535399,0.5568090249798645,8.058017727639034e-05
103066,14.111068517808626,0.5576148267526189,560,681,1241,0.0,-0.0008333472224535399,0.5568896051571408,8.058017727639034e-05
103067,14.110235170586172,0.5576148267526189,560,681,1241,0.0,-0.0008333472224535399,0.5570507655116936,0.00016116035455278067
103068,14.109401823363719,0.5576148267526189,560,681,1241,0.0,-0.0008333472224535399,0.5572119258662465,0.00016116035455278067
103069,14.108568476141265,0.5576148267526189,560,681,1241,0.0,-0.0008333472224535399,0.5572925060435229,8.058017727639034e-05
103070,14.107735128918812,0.5576148267526189,560,681,1241,0.0,-0.0008333472224535399,0.5573730862207993,8.058017727639034e-05
103071,14.106901781696358,0.556809024979855,560,681,1241,-0.0008058017727639033,-0.0008333472224535399,0.5573730862207993,0.0
103072,14.106068434473904,0.556809024979855,560,681,1241,0.0,-0.0008333472224535399,0.5573730862207993,0.0
103073,14.105235087251451,0.556809024979855,560,681,1241,0.0,-0.0008333472224535399,0.5573730862207993,0.0
103074,14.104401740028997,0.556809024979855,560,681,1241,0.0,-0.0008333472224535399,0.5572925060435228,-8.058017727639034e-05
103075,14.103568392806544,0.556809024979855,560,681,1241,0.0,-0.0008333472224535399,0.5572119258662465,-8.058017727639034e-05
103076,14.10273504558409,0.556809024979855,560,681,1241,0.0,-0.0008333472224535399,0.5571313456889702,-8.058017727639034e-05
103077,14.101901698361637,0.556809024979855,560,681,1241,0.0,-0.0008333472224535399,0.5570507655116937,-8.058017727639034e-05
103078,14.101068351139183,0.556809024979855,560,681,1241,0.0,-0.0008333472224535399,0.5569701853344174,-8.058017727639034e-05
103079,14.10023500391673,0.556809024979855,560,681,1241,0.0,-0.0008333472224535399,0.556889605157141,-8.058017727639034e-05
103080,14.099401656694276,0.556809024979855,560,681,1241,0.0,-0.0008333472224535399,0.5568090249798647,-8.058017727639034e-05
103081,14.098568309471823,0.556809024979855,560,681,1241,0.0,-0.0008333472224535399,0.5568090249798647,0.0
103082,14.097734962249369,0.556809024979855,560,681,1241,0.0,-0.0008333472224535399,0.5568090249798647,0.0
103083,14.096901615026916,0.5560032232070911,560,681,1241,-0.0008058017727639033,-0.0008333472224535399,0.5567284448025883,-8.058017727639034e-05
103084,14.096068267804462,0.5560032232070911,560,681,1241,0.0,-0.0008333472224535399,0.5566478646253119,-8.058017727639034e-05
103085,14.095234920582008,0.556809024979855,560,681,1241,0.0008058017727639033,-0.0008333472224535399,0.5566478646253119,0.0
103086,14.094401573359555,0.556809024979855,560,681,1241,0.0,-0.0008333472224535399,0.5566478646253119,0.0
103087,14.093568226137101,0.556809024979855,560,681,1241,0.0,-0.0008333472224535399,0.5566478646253119,0.0
103088,14.092734878914648,0.556809024979855,560,681,1241,0.0,-0.0008333472224535399,0.5566478646253119,0.0
103089,14.091901531692194,0.5576148267526189,560,681,1241,0.0008058017727639033,-0.0008333472224535399,0.5567284448025883,8.058017727639034e-05
103090,14.09106818446974,0.5576148267526189,560,681,1241,0.0,-0.0008333472224535399,0.5568090249798646,8.058017727639034e-05
103091,14.090234837247287,0.5576148267526189,560,681,1241,0.0,-0.0008333472224535399,0.556889605157141,8.058017727639034e-05
103092,14.089401490024834,0.5576148267526189,560,681,1241,0.0,-0.0008333472224535399,0.5569701853344173,8.058017727639034e-05
103093,14.08856814280238,0.5576148267526189,560,681,1241,0.0,-0.0008333472224535399,0.5571313456889702,0.00016116035455278067
103094,14.087734795579927,0.5576148267526189,560,681,1241,0.0,-0.0008333472224535399,0.557292506043523,0.00016116035455278067
103095,14.086901448357473,0.5576148267526189,560,681,1241,0.0,-0.0008333472224535399,0.5573730862207994,8.058017727639034e-05
103096,14.08606810113502,0.5576148267526189,560,681,1241,0.0,-0.0008333472224535399,0.5574536663980758,8.058017727639034e-05
103097,14.085234753912566,0.5576148267526189,560,681,1241,0.0,-0.0008333472224535399,0.5575342465753521,8.058017727639034e-05
103098,14.084401406690112,0.5576148267526189,560,681,1241,0.0,-0.0008333472224535399,0.5576148267526284,8.058017727639034e-05
103099,14.083568059467659,0.5576148267526189,560,681,1241,0.0,-0.0008333472224535399,0.5576148267526284,0.0
103100,14.082734712245205,0.5576148267526189,560,681,1241,0.0,-0.0008333472224535399,0.5576148267526284,0.0
103101,14.081901365022752,0.5576148267526189,560,681,1241,0.0,-0.0008333472224535399,0.5576148267526284,0.0
103102,14.081068017800298,0.5576148267526189,560,681,1241,0.0,-0.0008333472224535399,0.5576148267526284,0.0
103103,14.080234670577845,0.5576148267526189,560,681,1241,0.0,-0.0008333472224535399,0.5576148267526284,0.0
103104,14.079401323355391,0.5576148267526189,560,681,1241,0.0,-0.0008333472224535399,0.5576148267526284,0.0
103105,14.07856797613293,0.5576148267526189,560,681,1241,0.0,-0.0008333472224606453,0.5576148267526284,0.0
103106,14.077734628910477,0.5576148267526189,560,681,1241,0.0,-0.0008333472224535399,0.5576148267526284,0.0
103107,14.076901281688023,0.5576148267526189,560,681,1241,0.0,-0.0008333472224535399,0.5576148267526284,0.0
103108,14.07606793446557,0.5584206285253828,560,681,1241,0.0008058017727639033,-0.0008333472224535399,0.5576954069299047,8.058017727639034e-05
103109,14.075234587243116,0.5584206285253828,560,681,1241,0.0,-0.0008333472224535399,0.557775987107181,8.058017727639034e-05
103110,14.074401240020663,0.5584206285253828,560,681,1241,0.0,-0.0008333472224535399,0.5578565672844574,8.058017727639034e-05
103111,14.07356789279821,0.5584206285253828,560,681,1241,0.0,-0.0008333472224535399,0.5579371474617337,8.058017727639034e-05
103112,14.072734545575756,0.5584206285253828,560,681,1241,0.0,-0.0008333472224535399,0.5580177276390101,8.058017727639034e-05
103113,14.071901198353302,0.5584206285253828,560,681,1241,0.0,-0.0008333472224535399,0.5580983078162864,8.058017727639034e-05
103114,14.071067851130849,0.5584206285253828,560,681,1241,0.0,-0.0008333472224535399,0.5581788879935627,8.058017727639034e-05
103115,14.070234503908395,0.5584206285253828,560,681,1241,0.0,-0.0008333472224535399,0.5582594681708392,8.058017727639034e-05
103116,14.069401156685942,0.5584206285253828,560,681,1241,0.0,-0.0008333472224535399,0.5583400483481155,8.058017727639034e-05
103117,14.068567809463488,0.5584206285253828,560,681,1241,0.0,-0.0008333472224535399,0.5584206285253919,8.058017727639034e-05
103118,14.067734462241035,0.5584206285253828,560,681,1241,0.0,-0.0008333472224535399,0.5584206285253919,0.0
103119,14.066901115018581,0.5584206285253828,560,681,1241,0.0,-0.0008333472224535399,0.5584206285253919,0.0
103120,14.066067767796127,0.5584206285253828,560,681,1241,0.0,-0.0008333472224535399,0.5584206285253919,0.0
103121,14.065234420573674,0.5584206285253828,560,681,1241,0.0,-0.0008333472224535399,0.5584206285253919,0.0
103122,14.06440107335122,0.5584206285253828,560,681,1241,0.0,-0.0008333472224535399,0.5584206285253919,0.0
103123,14.063567726128767,0.5584206285253828,560,681,1241,0.0,-0.0008333472224535399,0.5584206285253919,0.0
103124,14.062734378906313,0.5584206285253828,560,681,1241,0.0,-0.0008333472224535399,0.5584206285253919,0.0
103125,14.06190103168386,0.5592264302981467,560,681,1241,0.0008058017727639033,-0.0008333472224535399,0.5585012087026682,8.058017727639034e-05
103126,14.061067684461406,0.5592264302981467,560,681,1241,0.0,-0.0008333472224535399,0.5585817888799445,8.058017727639034e-05
103127,14.060234337238953,0.5592264302981467,560,681,1241,0.0,-0.0008333472224535399,0.5586623690572209,8.058017727639034e-05
103128,14.0594009900165,0.5592264302981467,560,681,1241,0.0,-0.0008333472224535399,0.5587429492344972,8.058017727639034e-05
103129,14.058567642794046,0.5592264302981467,560,681,1241,0.0,-0.0008333472224535399,0.5588235294117736,8.058017727639034e-05
103130,14.057734295571592,0.5592264302981467,560,681,1241,0.0,-0.0008333472224535399,0.5589041095890499,8.058017727639034e-05
103131,14.056900948349139,0.5592264302981467,560,681,1241,0.0,-0.0008333472224535399,0.5589846897663262,8.058017727639034e-05
103132,14.056067601126685,0.5592264302981467,560,681,1241,0.0,-0.0008333472224535399,0.5590652699436026,8.058017727639034e-05
103133,14.055234253904231,0.5600322320709106,560,681,1241,0.0008058017727639033,-0.0008333472224535399,0.5592264302981553,0.00016116035455278067
103134,14.054400906681778,0.5592264302981467,560,681,1241,-0.0008058017727639033,-0.0008333472224535399,0.5593070104754319,8.058017727639034e-05
103135,14.053567559459324,0.5592264302981467,560,681,1241,0.0,-0.0008333472224535399,0.5593070104754319,0.0
103136,14.05273421223687,0.5592264302981467,560,681,1241,0.0,-0.0008333472224535399,0.5593070104754319,0.0
103137,14.051900865014417,0.5592264302981467,560,681,1241,0.0,-0.0008333472224535399,0.5593070104754319,0.0
103138,14.051067517791964,0.5592264302981467,560,681,1241,0.0,-0.0008333472224535399,0.5593070104754319,0.0
103139,14.05023417056951,0.5592264302981467,560,681,1241,0.0,-0.0008333472224535399,0.5593070104754319,0.0
103140,14.049400823347057,0.5592264302981467,560,681,1241,0.0,-0.0008333472224535399,0.5593070104754319,0.0
103141,14.048567476124603,0.5592264302981467,560,681,1241,0.0,-0.0008333472224535399,0.5593070104754319,0.0
103142,14.04773412890215,0.5592264302981467,560,681,1241,0.0,-0.0008333472224535399,0.5593070104754319,0.0
103143,14.046900781679696,0.5592264302981467,560,681,1241,0.0,-0.0008333472224535399,0.5592264302981553,-8.058017727639034e-05
103144,14.046067434457242,0.5592264302981467,560,681,1241,0.0,-0.0008333472224535399,0.5592264302981554,0.0
103145,14.045234087234789,0.5592264302981467,560,681,1241,0.0,-0.0008333472224535399,0.5592264302981554,0.0
103146,14.044400740012335,0.5592264302981467,560,681,1241,0.0,-0.0008333472224535399,0.5592264302981554,0.0
103147,14.043567392789882,0.5592264302981467,560,681,1241,0.0,-0.0008333472224535399,0.5592264302981554,0.0
103148,14.042734045567421,0.5592264302981467,560,681,1241,0.0,-0.0008333472224606453,0.5592264302981554,0.0
103149,14.041900698344968,0.5592264302981467,560,681,1241,0.0,-0.0008333472224535399,0.5592264302981554,0.0
103150,14.041067351122514,0.5592264302981467,560,681,1241,0.0,-0.0008333472224535399,0.5592264302981554,0.0
103151,14.04023400390006,0.5584206285253828,560,681,1241,-0.0008058017727639033,-0.0008333472224535399,0.5591458501208791,-8.058017727639034e-05
103152,14.039400656677607,0.5584206285253828,560,681,1241,0.0,-0.0008333472224535399,0.5590652699436027,-8.058017727639034e-05
103153,14.038567309455154,0.5584206285253828,560,681,1241,0.0,-0.0008333472224535399,0.5589846897663264,-8.058017727639034e-05
103154,14.0377339622327,0.5584206285253828,560,681,1241,0.0,-0.0008333472224535399,0.5589041095890501,-8.058017727639034e-05
103155,14.036900615010246,0.5576148267526189,560,681,1241,-0.0008058017727639033,-0.0008333472224535399,0.5587429492344974,-0.00016116035455278067
103156,14.036067267787793,0.5576148267526189,560,681,1241,0.0,-0.0008333472224535399,0.5585817888799447,-0.00016116035455278067
103157,14.03523392056534,0.5576148267526189,560,681,1241,0.0,-0.0008333472224535399,0.558420628525392,-0.00016116035455278067
103158,14.034400573342886,0.5576148267526189,560,681,1241,0.0,-0.0008333472224535399,0.5582594681708393,-0.00016116035455278067
103159,14.033567226120432,0.5576148267526189,560,681,1241,0.0,-0.0008333472224535399,0.5580983078162867,-0.00016116035455278067
103160,14.032733878897979,0.556809024979855,560,681,1241,-0.0008058017727639033,-0.0008333472224535399,0.5578565672844574,-0.00024174053182917098
103161,14.031900531675525,0.556809024979855,560,681,1241,0.0,-0.0008333472224535399,0.5576954069299046,-0.00016116035455278067
103162,14.031067184453072,0.556809024979855,560,681,1241,0.0,-0.0008333472224535399,0.5575342465753519,-0.00016116035455278067
103163,14.030233837230618,0.556809024979855,560,681,1241,0.0,-0.0008333472224535399,0.5573730862207991,-0.00016116035455278067
103164,14.029400490008165,0.5560032232070911,560,681,1241,-0.0008058017727639033,-0.0008333472224535399,0.5571313456889699,-0.00024174053182917098
103165,14.028567142785711,0.5560032232070911,560,681,1241,0.0,-0.0008333472224535399,0.5569701853344171,-0.00016116035455278067
103166,14.027733795563258,0.5560032232070911,560,681,1241,0.0,-0.0008333472224535399,0.5568090249798642,-0.00016116035455278067
103167,14.026900448340804,0.5560032232070911,560,681,1241,0.0,-0.0008333472224535399,0.5566478646253114,-0.00016116035455278067
103168,14.02606710111835,0.5560032232070911,560,681,1241,0.0,-0.0008333472224535399,0.5564867042707584,-0.00016116035455278067
103169,14.025233753895897,0.5560032232070911,560,681,1241,0.0,-0.0008333472224535399,0.5563255439162056,-0.00016116035455278067
103170,14.024400406673443,0.5560032232070911,560,681,1241,0.0,-0.0008333472224535399,0.5562449637389292,-8.058017727639034e-05
103171,14.02356705945099,0.5560032232070911,560,681,1241,0.0,-0.0008333472224535399,0.5561643835616528,-8.058017727639034e-05
103172,14.022733712228536,0.5560032232070911,560,681,1241,0.0,-0.0008333472224535399,0.5560838033843765,-8.058017727639034e-05
103173,14.021900365006083,0.5560032232070911,560,681,1241,0.0,-0.0008333472224535399,0.5560032232071002,-8.058017727639034e-05
103174,14.02106701778363,0.5560032232070911,560,681,1241,0.0,-0.0008333472224535399,0.5560032232071002,0.0
103175,14.020233670561176,0.5560032232070911,560,681,1241,0.0,-0.0008333472224535399,0.5560032232071002,0.0
103176,14.019400323338722,0.5560032232070911,560,681,1241,0.0,-0.0008333472224535399,0.5560032232071002,0.0
103177,14.018566976116269,0.5560032232070911,560,681,1241,0.0,-0.0008333472224535399,0.5560032232071002,0.0
103178,14.017733628893815,0.5560032232070911,560,681,1241,0.0,-0.0008333472224535399,0.5560032232071002,0.0
103179,14.016900281671361,0.5560032232070911,560,681,1241,0.0,-0.0008333472224535399,0.5560032232071002,0.0
103180,14.016066934448908,0.5560032232070911,560,681,1241,0.0,-0.0008333472224535399,0.5560032232071002,0.0
103181,14.015233587226454,0.5560032232070911,560,681,1241,0.0,-0.0008333472224535399,0.5560032232071002,0.0
103182,14.014400240004,0.5560032232070911,560,681,1241,0.0,-0.0008333472224535399,0.5560032232071002,0.0
103183,14.013566892781547,0.5560032232070911,560,681,1241,0.0,-0.0008333472224535399,0.5560032232071002,0.0
103184,14.012733545559094,0.5560032232070911,560,681,1241,0.0,-0.0008333472224535399,0.5560032232071002,0.0
103185,14.01190019833664,0.5560032232070911,560,681,1241,0.0,-0.0008333472224535399,0.5560032232071002,0.0
103186,14.011066851114187,0.556809024979855,560,681,1241,0.0008058017727639033,-0.0008333472224535399,0.5560838033843766,8.058017727639034e-05
103187,14.010233503891733,0.556809024979855,560,681,1241,0.0,-0.0008333472224535399,0.5561643835616529,8.058017727639034e-05
103188,14.00940015666928,0.556809024979855,560,681,1241,0.0,-0.0008333472224535399,0.5562449637389293,8.058017727639034e-05
103189,14.008566809446826,0.556809024979855,560,681,1241,0.0,-0.0008333472224535399,0.5563255439162056,8.058017727639034e-05
103190,14.007733462224365,0.556809024979855,560,681,1241,0.0,-0.0008333472224606453,0.5564061240934819,8.058017727639034e-05
103191,14.006900115001912,0.556809024979855,560,681,1241,0.0,-0.0008333472224535399,0.5564867042707583,8.058017727639034e-05
103192,14.006066767779458,0.556809024979855,560,681,1241,0.0,-0.0008333472224535399,0.5565672844480346,8.058017727639034e-05
103193,14.005233420557005,0.556809024979855,560,681,1241,0.0,-0.0008333472224535399,0.556647864625311,8.058017727639034e-05
103194,14.004400073334551,0.556809024979855,560,681,1241,0.0,-0.0008333472224535399,0.5567284448025873,8.058017727639034e-05
103195,14.003566726112098,0.556809024979855,560,681,1241,0.0,-0.0008333472224535399,0.5568090249798636,8.058017727639034e-05
103196,14.002733378889644,0.556809024979855,560,681,1241,0.0,-0.0008333472224535399,0.5568090249798636,0.0
103197,14.00190003166719,0.556809024979855,560,681,1241,0.0,-0.0008333472224535399,0.5568090249798636,0.0
103198,14.001066684444737,0.556809024979855,560,681,1241,0.0,-0.0008333472224535399,0.5568090249798636,0.0
103199,14.000233337222284,0.556809024979855,560,681,1241,0.0,-0.0008333472224535399,0.5568090249798636,0.0
103200,13.99939998999983,0.5560032232070911,560,681,1241,-0.0008058017727639033,-0.0008333472224535399,0.5567284448025872,-8.058017727639034e-05
103201,13.998566642777377,0.5560032232070911,560,681,1241,0.0,-0.0008333472224535399,0.5566478646253109,-8.058017727639034e-05
103202,13.997733295554923,0.5560032232070911,560,681,1241,0.0,-0.0008333472224535399,0.5565672844480345,-8.058017727639034e-05
103203,13.99689994833247,0.5560032232070911,560,681,1241,0.0,-0.0008333472224535399,0.5564867042707582,-8.058017727639034e-05
103204,13.996066601110016,0.5560032232070911,560,681,1241,0.0,-0.0008333472224535399,0.5564061240934819,-8.058017727639034e-05
103205,13.995233253887562,0.5560032232070911,560,681,1241,0.0,-0.0008333472224535399,0.5563255439162055,-8.058017727639034e-05
103206,13.994399906665109,0.5560032232070911,560,681,1241,0.0,-0.0008333472224535399,0.5562449637389292,-8.058017727639034e-05
103207,13.993566559442655,0.5560032232070911,560,681,1241,0.0,-0.0008333472224535399,0.5561643835616528,-8.058017727639034e-05
103208,13.992733212220202,0.5560032232070911,560,681,1241,0.0,-0.0008333472224535399,0.5560838033843765,-8.058017727639034e-05
103209,13.991899864997748,0.5560032232070911,560,681,1241,0.0,-0.0008333472224535399,0.5560032232071002,-8.058017727639034e-05
103210,13.991066517775295,0.5560032232070911,560,681,1241,0.0,-0.0008333472224535399,0.5560032232071002,0.0
103211,13.990233170552841,0.5560032232070911,560,681,1241,0.0,-0.0008333472224535399,0.5560032232071002,0.0
103212,13.989399823330388,0.5560032232070911,560,681,1241,0.0,-0.0008333472224535399,0.5560032232071002,0.0
103213,13.988566476107934,0.5560032232070911,560,681,1241,0.0,-0.0008333472224535399,0.5560032232071002,0.0
103214,13.98773312888548,0.5560032232070911,560,681,1241,0.0,-0.0008333472224535399,0.5560032232071002,0.0
103215,13.986899781663027,0.5560032232070911,560,681,1241,0.0,-0.0008333472224535399,0.5560032232071002,0.0
103216,13.986066434440573,0.5560032232070911,560,681,1241,0.0,-0.0008333472224535399,0.5560032232071002,0.0
103217,13.98523308721812,0.5560032232070911,560,681,1241,0.0,-0.0008333472224535399,0.5560032232071002,0.0
103218,13.984399739995666,0.5560032232070911,560,681,1241,0.0,-0.0008333472224535399,0.5560032232071002,0.0
103219,13.983566392773213,0.5560032232070911,560,681,1241,0.0,-0.0008333472224535399,0.5560032232071002,0.0
103220,13.98273304555076,0.5560032232070911,560,681,1241,0.0,-0.0008333472224535399,0.5560032232071002,0.0
103221,13.981899698328306,0.5560032232070911,560,681,1241,0.0,-0.0008333472224535399,0.5560032232071002,0.0
103222,13.981066351105852,0.5560032232070911,560,681,1241,0.0,-0.0008333472224535399,0.5560032232071002,0.0
103223,13.980233003883399,0.5560032232070911,560,681,1241,0.0,-0.0008333472224535399,0.5560032232071002,0.0
103224,13.979399656660945,0.556809024979855,560,681,1241,0.0008058017727639033,-0.0008333472224535399,0.5560838033843766,8.058017727639034e-05
103225,13.978566309438492,0.556809024979855,560,681,1241,0.0,-0.0008333472224535399,0.5561643835616529,8.058017727639034e-05
103226,13.977732962216038,0.5560032232070911,560,681,1241,-0.0008058017727639033,-0.0008333472224535399,0.5561643835616529,0.0
103227,13.976899614993584,0.5560032232070911,560,681,1241,0.0,-0.0008333472224535399,0.5561643835616529,0.0
103228,13.976066267771131,0.5560032232070911,560,681,1241,0.0,-0.0008333472224535399,0.5561643835616529,0.0
103229,13.975232920548677,0.5560032232070911,560,681,1241,0.0,-0.0008333472224535399,0.5561643835616529,0.0
103230,13.974399573326224,0.5560032232070911,560,681,1241,0.0,-0.0008333472224535399,0.5561643835616529,0.0
103231,13.97356622610377,0.5560032232070911,560,681,1241,0.0,-0.0008333472224535399,0.5561643835616529,0.0
103232,13.97273287888131,0.5560032232070911,560,681,1241,0.0,-0.0008333472224606453,0.5561643835616529,0.0
103233,13.971899531658856,0.5560032232070911,560,681,1241,0.0,-0.0008333472224535399,0.5561643835616529,0.0
103234,13.971066184436403,0.5560032232070911,560,681,1241,0.0,-0.0008333472224535399,0.5560838033843765,-8.058017727639034e-05
103235,13.970232837213949,0.5560032232070911,560,681,1241,0.0,-0.0008333472224535399,0.5560032232071002,-8.058017727639034e-05
103236,13.969399489991495,0.5560032232070911,560,681,1241,0.0,-0.0008333472224535399,0.5560032232071002,0.0
103237,13.968566142769042,0.5560032232070911,560,681,1241,0.0,-0.0008333472224535399,0.5560032232071002,0.0
103238,13.967732795546588,0.5560032232070911,560,681,1241,0.0,-0.0008333472224535399,0.5560032232071002,0.0
103239,13.966899448324135,0.5560032232070911,560,681,1241,0.0,-0.0008333472224535399,0.5560032232071002,0.0
103240,13.966066101101681,0.5551974214343272,560,681,1241,-0.0008058017727639033,-0.0008333472224535399,0.5559226430298239,-8.058017727639034e-05
103241,13.965232753879228,0.5551974214343272,560,681,1241,0.0,-0.0008333472224535399,0.5558420628525476,-8.058017727639034e-05
103242,13.964399406656774,0.5551974214343272,560,681,1241,0.0,-0.0008333472224535399,0.5557614826752711,-8.058017727639034e-05
103243,13.96356605943432,0.5551974214343272,560,681,1241,0.0,-0.0008333472224535399,0.5556809024979948,-8.058017727639034e-05
103244,13.962732712211867,0.5551974214343272,560,681,1241,0.0,-0.0008333472224535399,0.5556003223207184,-8.058017727639034e-05
103245,13.961899364989414,0.5551974214343272,560,681,1241,0.0,-0.0008333472224535399,0.5555197421434421,-8.058017727639034e-05
103246,13.96106601776696,0.5560032232070911,560,681,1241,0.0008058017727639033,-0.0008333472224535399,0.5555197421434421,0.0
103247,13.960232670544507,0.556809024979855,560,681,1241,0.0008058017727639033,-0.0008333472224535399,0.5556003223207184,8.058017727639034e-05
103248,13.959399323322053,0.556809024979855,560,681,1241,0.0,-0.0008333472224535399,0.5556809024979948,8.058017727639034e-05
103249,13.9585659760996,0.556809024979855,560,681,1241,0.0,-0.0008333472224535399,0.5557614826752711,8.058017727639034e-05
103250,13.957732628877146,0.556809024979855,560,681,1241,0.0,-0.0008333472224535399,0.555922643029824,0.00016116035455278067
103251,13.956899281654692,0.5560032232070911,560,681,1241,-0.0008058017727639033,-0.0008333472224535399,0.5560032232071004,8.058017727639034e-05
103252,13.956065934432239,0.5560032232070911,560,681,1241,0.0,-0.0008333472224535399,0.5560838033843767,8.058017727639034e-05
103253,13.955232587209785,0.5560032232070911,560,681,1241,0.0,-0.0008333472224535399,0.5561643835616531,8.058017727639034e-05
103254,13.954399239987332,0.5560032232070911,560,681,1241,0.0,-0.0008333472224535399,0.5562449637389294,8.058017727639034e-05
103255,13.953565892764878,0.5560032232070911,560,681,1241,0.0,-0.0008333472224535399,0.5563255439162058,8.058017727639034e-05
103256,13.952732545542425,0.5560032232070911,560,681,1241,0.0,-0.0008333472224535399,0.5563255439162058,0.0
103257,13.951899198319971,0.5560032232070911,560,681,1241,0.0,-0.0008333472224535399,0.5562449637389293,-8.058017727639034e-05
103258,13.951065851097518,0.556809024979855,560,681,1241,0.0008058017727639033,-0.0008333472224535399,0.5562449637389293,0.0
103259,13.950232503875064,0.556809024979855,560,681,1241,0.0,-0.0008333472224535399,0.5562449637389293,0.0
103260,13.94939915665261,0.556809024979855,560,681,1241,0.0,-0.0008333472224535399,0.5562449637389293,0.0
103261,13.948565809430157,0.556809024979855,560,681,1241,0.0,-0.0008333472224535399,0.5563255439162058,8.058017727639034e-05
103262,13.947732462207703,0.556809024979855,560,681,1241,0.0,-0.0008333472224535399,0.5564061240934821,8.058017727639034e-05
103263,13.94689911498525,0.556809024979855,560,681,1241,0.0,-0.0008333472224535399,0.5564867042707584,8.058017727639034e-05
103264,13.946065767762796,0.556809024979855,560,681,1241,0.0,-0.0008333472224535399,0.5565672844480348,8.058017727639034e-05
103265,13.945232420540343,0.556809024979855,560,681,1241,0.0,-0.0008333472224535399,0.5566478646253111,8.058017727639034e-05
103266,13.94439907331789,0.5560032232070911,560,681,1241,-0.0008058017727639033,-0.0008333472224535399,0.5566478646253111,0.0
103267,13.943565726095436,0.5560032232070911,560,681,1241,0.0,-0.0008333472224535399,0.5566478646253111,0.0
103268,13.942732378872982,0.5560032232070911,560,681,1241,0.0,-0.0008333472224535399,0.5565672844480347,-8.058017727639034e-05
103269,13.941899031650529,0.5560032232070911,560,681,1241,0.0,-0.0008333472224535399,0.5564867042707584,-8.058017727639034e-05
103270,13.941065684428075,0.556809024979855,560,681,1241,0.0008058017727639033,-0.0008333472224535399,0.5564867042707584,0.0
103271,13.940232337205622,0.556809024979855,560,681,1241,0.0,-0.0008333472224535399,0.5564867042707584,0.0
103272,13.939398989983168,0.556809024979855,560,681,1241,0.0,-0.0008333472224535399,0.5564867042707584,0.0
103273,13.938565642760715,0.556809024979855,560,681,1241,0.0,-0.0008333472224535399,0.5564867042707584,0.0
103274,13.937732295538261,0.556809024979855,560,681,1241,0.0,-0.0008333472224535399,0.5564867042707584,0.0
103275,13.9368989483158,0.556809024979855,560,681,1241,0.0,-0.0008333472224606453,0.5564867042707584,0.0
103276,13.936065601093347,0.556809024979855,560,681,1241,0.0,-0.0008333472224535399,0.5565672844480348,8.058017727639034e-05
103277,13.935232253870893,0.556809024979855,560,681,1241,0.0,-0.0008333472224535399,0.5566478646253111,8.058017727639034e-05
103278,13.93439890664844,0.556809024979855,560,681,1241,0.0,-0.0008333472224535399,0.5567284448025875,8.058017727639034e-05
103279,13.933565559425986,0.556809024979855,560,681,1241,0.0,-0.0008333472224535399,0.5568090249798638,8.058017727639034e-05
103280,13.932732212203533,0.556809024979855,560,681,1241,0.0,-0.0008333472224535399,0.5568090249798638,0.0
103281,13.931898864981079,0.556809024979855,560,681,1241,0.0,-0.0008333472224535399,0.5568090249798638,0.0
103282,13.931065517758626,0.556809024979855,560,681,1241,0.0,-0.0008333472224535399,0.5568090249798638,0.0
103283,13.930232170536172,0.556809024979855,560,681,1241,0.0,-0.0008333472224535399,0.5568090249798638,0.0
103284,13.929398823313718,0.556809024979855,560,681,1241,0.0,-0.0008333472224535399,0.5568090249798638,0.0
103285,13.928565476091265,0.556809024979855,560,681,1241,0.0,-0.0008333472224535399,0.5568090249798638,0.0
103286,13.927732128868811,0.556809024979855,560,681,1241,0.0,-0.0008333472224535399,0.5568090249798638,0.0
103287,13.926898781646358,0.556809024979855,560,681,1241,0.0,-0.0008333472224535399,0.5568090249798638,0.0
103288,13.926065434423904,0.556809024979855,560,681,1241,0.0,-0.0008333472224535399,0.5568090249798638,0.0
103289,13.92523208720145,0.556809024979855,560,681,1241,0.0,-0.0008333472224535399,0.5568090249798638,0.0
103290,13.924398739978997,0.556809024979855,560,681,1241,0.0,-0.0008333472224535399,0.5568090249798638,0.0
103291,13.923565392756544,0.556809024979855,560,681,1241,0.0,-0.0008333472224535399,0.5568090249798638,0.0
103292,13.92273204553409,0.556809024979855,560,681,1241,0.0,-0.0008333472224535399,0.5568090249798638,0.0
103293,13.921898698311637,0.556809024979855,560,681,1241,0.0,-0.0008333472224535399,0.5568090249798638,0.0
103294,13.921065351089183,0.556809024979855,560,681,1241,0.0,-0.0008333472224535399,0.5568090249798638,0.0
103295,13.92023200386673,0.5560032232070911,560,681,1241,-0.0008058017727639033,-0.0008333472224535399,0.5567284448025874,-8.058017727639034e-05
103296,13.919398656644276,0.5560032232070911,560,681,1241,0.0,-0.0008333472224535399,0.556647864625311,-8.058017727639034e-05
103297,13.918565309421822,0.5560032232070911,560,681,1241,0.0,-0.0008333472224535399,0.5565672844480347,-8.058017727639034e-05
103298,13.917731962199369,0.5560032232070911,560,681,1241,0.0,-0.0008333472224535399,0.5564867042707584,-8.058017727639034e-05
103299,13.916898614976915,0.5560032232070911,560,681,1241,0.0,-0.0008333472224535399,0.556406124093482,-8.058017727639034e-05
103300,13.916065267754462,0.5560032232070911,560,681,1241,0.0,-0.0008333472224535399,0.5563255439162057,-8.058017727639034e-05
103301,13.915231920532008,0.556809024979855,560,681,1241,0.0008058017727639033,-0.0008333472224535399,0.5563255439162057,0.0
103302,13.914398573309555,0.556809024979855,560,681,1241,0.0,-0.0008333472224535399,0.5563255439162057,0.0
103303,13.913565226087101,0.556809024979855,560,681,1241,0.0,-0.0008333472224535399,0.5563255439162057,0.0
103304,13.912731878864648,0.556809024979855,560,681,1241,0.0,-0.0008333472224535399,0.5563255439162057,0.0
103305,13.911898531642194,0.5576148267526189,560,681,1241,0.0008058017727639033,-0.0008333472224535399,0.5564867042707584,0.00016116035455278067
103306,13.91106518441974,0.5576148267526189,560,681,1241,0.0,-0.0008333472224535399,0.5566478646253114,0.00016116035455278067
103307,13.910231837197287,0.5576148267526189,560,681,1241,0.0,-0.0008333472224535399,0.5568090249798642,0.00016116035455278067
103308,13.909398489974834,0.5576148267526189,560,681,1241,0.0,-0.0008333472224535399,0.5569701853344171,0.00016116035455278067
103309,13.90856514275238,0.5576148267526189,560,681,1241,0.0,-0.0008333472224535399,0.5571313456889699,0.00016116035455278067
103310,13.907731795529926,0.5576148267526189,560,681,1241,0.0,-0.0008333472224535399,0.5572925060435228,0.00016116035455278067
103311,13.906898448307473,0.5576148267526189,560,681,1241,0.0,-0.0008333472224535399,0.5573730862207993,8.058017727639034e-05
103312,13.90606510108502,0.5576148267526189,560,681,1241,0.0,-0.0008333472224535399,0.5574536663980756,8.058017727639034e-05
103313,13.905231753862566,0.5576148267526189,560,681,1241,0.0,-0.0008333472224535399,0.5575342465753519,8.058017727639034e-05
103314,13.904398406640112,0.5576148267526189,560,681,1241,0.0,-0.0008333472224535399,0.5576148267526283,8.058017727639034e-05
103315,13.903565059417659,0.5576148267526189,560,681,1241,0.0,-0.0008333472224535399,0.5576148267526282,0.0
103316,13.902731712195205,0.5576148267526189,560,681,1241,0.0,-0.0008333472224535399,0.5576148267526282,0.0
103317,13.901898364972745,0.5576148267526189,560,681,1241,0.0,-0.0008333472224606453,0.5576148267526282,0.0
103318,13.901065017750291,0.5576148267526189,560,681,1241,0.0,-0.0008333472224535399,0.5576148267526282,0.0
103319,13.900231670527837,0.5576148267526189,560,681,1241,0.0,-0.0008333472224535399,0.5576148267526282,0.0
103320,13.899398323305384,0.5576148267526189,560,681,1241,0.0,-0.0008333472224535399,0.5576148267526282,0.0
103321,13.89856497608293,0.5576148267526189,560,681,1241,0.0,-0.0008333472224535399,0.5576148267526282,0.0
103322,13.897731628860477,0.5576148267526189,560,681,1241,0.0,-0.0008333472224535399,0.5576148267526282,0.0
103323,13.896898281638023,0.5584206285253828,560,681,1241,0.0008058017727639033,-0.0008333472224535399,0.5576954069299045,8.058017727639034e-05
103324,13.89606493441557,0.5584206285253828,560,681,1241,0.0,-0.0008333472224535399,0.5577759871071809,8.058017727639034e-05
103325,13.895231587193116,0.5584206285253828,560,681,1241,0.0,-0.0008333472224535399,0.5578565672844572,8.058017727639034e-05
103326,13.894398239970663,0.5584206285253828,560,681,1241,0.0,-0.0008333472224535399,0.5579371474617336,8.058017727639034e-05
103327,13.89356489274821,0.5584206285253828,560,681,1241,0.0,-0.0008333472224535399,0.5580177276390099,8.058017727639034e-05
103328,13.892731545525756,0.5584206285253828,560,681,1241,0.0,-0.0008333472224535399,0.5580983078162862,8.058017727639034e-05
103329,13.891898198303302,0.5584206285253828,560,681,1241,0.0,-0.0008333472224535399,0.5581788879935626,8.058017727639034e-05
103330,13.891064851080849,0.5584206285253828,560,681,1241,0.0,-0.0008333472224535399,0.5582594681708389,8.058017727639034e-05
103331,13.890231503858395,0.5584206285253828,560,681,1241,0.0,-0.0008333472224535399,0.5583400483481153,8.058017727639034e-05
103332,13.889398156635941,0.5584206285253828,560,681,1241,0.0,-0.0008333472224535399,0.5584206285253916,8.058017727639034e-05
103333,13.888564809413488,0.5584206285253828,560,681,1241,0.0,-0.0008333472224535399,0.5584206285253916,0.0
103334,13.887731462191034,0.5584206285253828,560,681,1241,0.0,-0.0008333472224535399,0.5584206285253916,0.0
103335,13.88689811496858,0.5584206285253828,560,681,1241,0.0,-0.0008333472224535399,0.5584206285253916,0.0
103336,13.886064767746127,0.5584206285253828,560,681,1241,0.0,-0.0008333472224535399,0.5584206285253916,0.0
103337,13.885231420523674,0.5584206285253828,560,681,1241,0.0,-0.0008333472224535399,0.5584206285253916,0.0
103338,13.88439807330122,0.5584206285253828,560,681,1241,0.0,-0.0008333472224535399,0.5584206285253916,0.0
103339,13.883564726078767,0.5584206285253828,560,681,1241,0.0,-0.0008333472224535399,0.5584206285253916,0.0
103340,13.882731378856313,0.5584206285253828,560,681,1241,0.0,-0.0008333472224535399,0.5584206285253916,0.0
103341,13.88189803163386,0.5576148267526189,560,681,1241,-0.0008058017727639033,-0.0008333472224535399,0.5583400483481153,-8.058017727639034e-05
103342,13.881064684411406,0.5576148267526189,560,681,1241,0.0,-0.0008333472224535399,0.5582594681708389,-8.058017727639034e-05
103343,13.880231337188953,0.5560032232070911,560,681,1241,-0.0016116035455278066,-0.0008333472224535399,0.5580177276390097,-0.00024174053182917098
103344,13.879397989966499,0.5560032232070911,560,681,1241,0.0,-0.0008333472224535399,0.5577759871071806,-0.00024174053182917098
103345,13.878564642744045,0.5560032232070911,560,681,1241,0.0,-0.0008333472224535399,0.5575342465753513,-0.00024174053182917098
103346,13.877731295521592,0.5560032232070911,560,681,1241,0.0,-0.0008333472224535399,0.5572925060435221,-0.00024174053182917098
103347,13.876897948299138,0.5560032232070911,560,681,1241,0.0,-0.0008333472224535399,0.5570507655116929,-0.00024174053182917098
103348,13.876064601076685,0.5560032232070911,560,681,1241,0.0,-0.0008333472224535399,0.5568090249798636,-0.00024174053182917098
103349,13.875231253854231,0.5560032232070911,560,681,1241,0.0,-0.0008333472224535399,0.5565672844480345,-0.00024174053182917098
103350,13.874397906631778,0.5560032232070911,560,681,1241,0.0,-0.0008333472224535399,0.5563255439162053,-0.00024174053182917098
103351,13.873564559409324,0.5560032232070911,560,681,1241,0.0,-0.0008333472224535399,0.5561643835616523,-0.00016116035455278067
103352,13.87273121218687,0.5560032232070911,560,681,1241,0.0,-0.0008333472224535399,0.5560032232070995,-0.00016116035455278067
103353,13.871897864964417,0.5560032232070911,560,681,1241,0.0,-0.0008333472224535399,0.5560032232070995,0.0
103354,13.871064517741964,0.556809024979855,560,681,1241,0.0008058017727639033,-0.0008333472224535399,0.5560838033843758,8.058017727639034e-05
103355,13.87023117051951,0.556809024979855,560,681,1241,0.0,-0.0008333472224535399,0.5561643835616522,8.058017727639034e-05
103356,13.869397823297057,0.556809024979855,560,681,1241,0.0,-0.0008333472224535399,0.5562449637389285,8.058017727639034e-05
103357,13.868564476074603,0.556809024979855,560,681,1241,0.0,-0.0008333472224535399,0.5563255439162049,8.058017727639034e-05
103358,13.86773112885215,0.556809024979855,560,681,1241,0.0,-0.0008333472224535399,0.5564061240934812,8.058017727639034e-05
103359,13.866897781629689,0.556809024979855,560,681,1241,0.0,-0.0008333472224606453,0.5564867042707575,8.058017727639034e-05
103360,13.866064434407235,0.556809024979855,560,681,1241,0.0,-0.0008333472224535399,0.5565672844480339,8.058017727639034e-05
103361,13.865231087184782,0.556809024979855,560,681,1241,0.0,-0.0008333472224535399,0.5566478646253102,8.058017727639034e-05
103362,13.864397739962328,0.556809024979855,560,681,1241,0.0,-0.0008333472224535399,0.5567284448025867,8.058017727639034e-05
103363,13.863564392739875,0.556809024979855,560,681,1241,0.0,-0.0008333472224535399,0.556809024979863,8.058017727639034e-05
103364,13.862731045517421,0.556809024979855,560,681,1241,0.0,-0.0008333472224535399,0.556809024979863,0.0
103365,13.861897698294968,0.556809024979855,560,681,1241,0.0,-0.0008333472224535399,0.556809024979863,0.0
103366,13.861064351072514,0.556809024979855,560,681,1241,0.0,-0.0008333472224535399,0.556809024979863,0.0
103367,13.86023100385006,0.556809024979855,560,681,1241,0.0,-0.0008333472224535399,0.556809024979863,0.0
103368,13.859397656627607,0.556809024979855,560,681,1241,0.0,-0.0008333472224535399,0.556809024979863,0.0
103369,13.858564309405153,0.556809024979855,560,681,1241,0.0,-0.0008333472224535399,0.556809024979863,0.0
103370,13.8577309621827,0.556809024979855,560,681,1241,0.0,-0.0008333472224535399,0.556809024979863,0.0
103371,13.856897614960246,0.5576148267526189,560,681,1241,0.0008058017727639033,-0.0008333472224535399,0.5568896051571394,8.058017727639034e-05
103372,13.856064267737793,0.5576148267526189,560,681,1241,0.0,-0.0008333472224535399,0.5569701853344158,8.058017727639034e-05
103373,13.85523092051534,0.5576148267526189,560,681,1241,0.0,-0.0008333472224535399,0.5570507655116921,8.058017727639034e-05
103374,13.854397573292886,0.5576148267526189,560,681,1241,0.0,-0.0008333472224535399,0.5571313456889684,8.058017727639034e-05
103375,13.853564226070432,0.5576148267526189,560,681,1241,0.0,-0.0008333472224535399,0.5572119258662448,8.058017727639034e-05
103376,13.852730878847979,0.5576148267526189,560,681,1241,0.0,-0.0008333472224535399,0.5572925060435211,8.058017727639034e-05
103377,13.851897531625525,0.5576148267526189,560,681,1241,0.0,-0.0008333472224535399,0.5573730862207975,8.058017727639034e-05
103378,13.851064184403072,0.5576148267526189,560,681,1241,0.0,-0.0008333472224535399,0.5574536663980738,8.058017727639034e-05
103379,13.850230837180618,0.556809024979855,560,681,1241,-0.0008058017727639033,-0.0008333472224535399,0.5574536663980738,0.0
103380,13.849397489958164,0.556809024979855,560,681,1241,0.0,-0.0008333472224535399,0.5574536663980738,0.0
103381,13.848564142735711,0.556809024979855,560,681,1241,0.0,-0.0008333472224535399,0.5573730862207974,-8.058017727639034e-05
103382,13.847730795513257,0.556809024979855,560,681,1241,0.0,-0.0008333472224535399,0.557292506043521,-8.058017727639034e-05
103383,13.846897448290804,0.556809024979855,560,681,1241,0.0,-0.0008333472224535399,0.5572119258662447,-8.058017727639034e-05
103384,13.84606410106835,0.556809024979855,560,681,1241,0.0,-0.0008333472224535399,0.5571313456889684,-8.058017727639034e-05
103385,13.845230753845897,0.556809024979855,560,681,1241,0.0,-0.0008333472224535399,0.557050765511692,-8.058017727639034e-05
103386,13.844397406623443,0.556809024979855,560,681,1241,0.0,-0.0008333472224535399,0.5569701853344157,-8.058017727639034e-05
103387,13.84356405940099,0.556809024979855,560,681,1241,0.0,-0.0008333472224535399,0.5568896051571393,-8.058017727639034e-05
103388,13.842730712178536,0.556809024979855,560,681,1241,0.0,-0.0008333472224535399,0.556809024979863,-8.058017727639034e-05
103389,13.841897364956083,0.556809024979855,560,681,1241,0.0,-0.0008333472224535399,0.556809024979863,0.0
103390,13.841064017733629,0.556809024979855,560,681,1241,0.0,-0.0008333472224535399,0.556809024979863,0.0
103391,13.840230670511176,0.556809024979855,560,681,1241,0.0,-0.0008333472224535399,0.556809024979863,0.0
103392,13.839397323288722,0.556809024979855,560,681,1241,0.0,-0.0008333472224535399,0.556809024979863,0.0
103393,13.838563976066268,0.556809024979855,560,681,1241,0.0,-0.0008333472224535399,0.556809024979863,0.0
103394,13.837730628843815,0.556809024979855,560,681,1241,0.0,-0.0008333472224535399,0.556809024979863,0.0
103395,13.836897281621361,0.556809024979855,560,681,1241,0.0,-0.0008333472224535399,0.556809024979863,0.0
103396,13.836063934398908,0.556809024979855,560,681,1241,0.0,-0.0008333472224535399,0.556809024979863,0.0
103397,13.835230587176454,0.556809024979855,560,681,1241,0.0,-0.0008333472224535399,0.556809024979863,0.0
103398,13.834397239954,0.556809024979855,560,681,1241,0.0,-0.0008333472224535399,0.556809024979863,0.0
103399,13.833563892731547,0.556809024979855,560,681,1241,0.0,-0.0008333472224535399,0.556809024979863,0.0
103400,13.832730545509094,0.556809024979855,560,681,1241,0.0,-0.0008333472224535399,0.556809024979863,0.0
103401,13.83189719828664,0.556809024979855,560,681,1241,0.0,-0.0008333472224535399,0.556809024979863,0.0
103402,13.83106385106418,0.556809024979855,560,681,1241,0.0,-0.0008333472224606453,0.556809024979863,0.0
103403,13.830230503841726,0.556809024979855,560,681,1241,0.0,-0.0008333472224535399,0.556809024979863,0.0
103404,13.829397156619272,0.556809024979855,560,681,1241,0.0,-0.0008333472224535399,0.556809024979863,0.0
103405,13.828563809396819,0.556809024979855,560,681,1241,0.0,-0.0008333472224535399,0.556809024979863,0.0
103406,13.827730462174365,0.556809024979855,560,681,1241,0.0,-0.0008333472224535399,0.556809024979863,0.0
103407,13.826897114951912,0.556809024979855,560,681,1241,0.0,-0.0008333472224535399,0.556809024979863,0.0
103408,13.826063767729458,0.556809024979855,560,681,1241,0.0,-0.0008333472224535399,0.556809024979863,0.0
103409,13.825230420507005,0.5576148267526189,560,681,1241,0.0008058017727639033,-0.0008333472224535399,0.5568896051571394,8.058017727639034e-05
103410,13.824397073284551,0.5576148267526189,560,681,1241,0.0,-0.0008333472224535399,0.5569701853344158,8.058017727639034e-05
103411,13.823563726062098,0.5576148267526189,560,681,1241,0.0,-0.0008333472224535399,0.5570507655116921,8.058017727639034e-05
103412,13.822730378839644,0.5576148267526189,560,681,1241,0.0,-0.0008333472224535399,0.5571313456889684,8.058017727639034e-05
103413,13.82189703161719,0.5576148267526189,560,681,1241,0.0,-0.0008333472224535399,0.5572119258662448,8.058017727639034e-05
103414,13.821063684394737,0.5576148267526189,560,681,1241,0.0,-0.0008333472224535399,0.5572925060435211,8.058017727639034e-05
103415,13.820230337172283,0.5576148267526189,560,681,1241,0.0,-0.0008333472224535399,0.5573730862207975,8.058017727639034e-05
103416,13.81939698994983,0.5576148267526189,560,681,1241,0.0,-0.0008333472224535399,0.5574536663980738,8.058017727639034e-05
103417,13.818563642727376,0.5576148267526189,560,681,1241,0.0,-0.0008333472224535399,0.5575342465753501,8.058017727639034e-05
103418,13.817730295504923,0.5576148267526189,560,681,1241,0.0,-0.0008333472224535399,0.5576148267526265,8.058017727639034e-05
103419,13.81689694828247,0.5584206285253828,560,681,1241,0.0008058017727639033,-0.0008333472224535399,0.5576954069299029,8.058017727639034e-05
103420,13.816063601060016,0.5584206285253828,560,681,1241,0.0,-0.0008333472224535399,0.5577759871071792,8.058017727639034e-05
103421,13.815230253837562,0.5584206285253828,560,681,1241,0.0,-0.0008333472224535399,0.5578565672844557,8.058017727639034e-05
103422,13.814396906615109,0.5584206285253828,560,681,1241,0.0,-0.0008333472224535399,0.557937147461732,8.058017727639034e-05
103423,13.813563559392655,0.5584206285253828,560,681,1241,0.0,-0.0008333472224535399,0.5580177276390084,8.058017727639034e-05
103424,13.812730212170202,0.5584206285253828,560,681,1241,0.0,-0.0008333472224535399,0.5580983078162847,8.058017727639034e-05
103425,13.811896864947748,0.5584206285253828,560,681,1241,0.0,-0.0008333472224535399,0.558178887993561,8.058017727639034e-05
103426,13.811063517725295,0.5584206285253828,560,681,1241,0.0,-0.0008333472224535399,0.5582594681708374,8.058017727639034e-05
103427,13.810230170502841,0.5584206285253828,560,681,1241,0.0,-0.0008333472224535399,0.5583400483481137,8.058017727639034e-05
103428,13.809396823280387,0.5584206285253828,560,681,1241,0.0,-0.0008333472224535399,0.5584206285253901,8.058017727639034e-05
103429,13.808563476057934,0.5584206285253828,560,681,1241,0.0,-0.0008333472224535399,0.5584206285253901,0.0
103430,13.80773012883548,0.5584206285253828,560,681,1241,0.0,-0.0008333472224535399,0.5584206285253901,0.0
103431,13.806896781613027,0.5584206285253828,560,681,1241,0.0,-0.0008333472224535399,0.5584206285253901,0.0
103432,13.806063434390573,0.5584206285253828,560,681,1241,0.0,-0.0008333472224535399,0.5584206285253901,0.0
103433,13.80523008716812,0.5584206285253828,560,681,1241,0.0,-0.0008333472224535399,0.5584206285253901,0.0
103434,13.804396739945666,0.5584206285253828,560,681,1241,0.0,-0.0008333472224535399,0.5584206285253901,0.0
103435,13.803563392723213,0.5584206285253828,560,681,1241,0.0,-0.0008333472224535399,0.5584206285253901,0.0
103436,13.802730045500759,0.5584206285253828,560,681,1241,0.0,-0.0008333472224535399,0.5584206285253901,0.0
103437,13.801896698278306,0.5584206285253828,560,681,1241,0.0,-0.0008333472224535399,0.5584206285253901,0.0
103438,13.801063351055852,0.5584206285253828,560,681,1241,0.0,-0.0008333472224535399,0.5584206285253901,0.0
103439,13.800230003833398,0.5592264302981467,560,681,1241,0.0008058017727639033,-0.0008333472224535399,0.5585012087026664,8.058017727639034e-05
103440,13.799396656610945,0.5592264302981467,560,681,1241,0.0,-0.0008333472224535399,0.5585817888799427,8.058017727639034e-05
103441,13.798563309388491,0.5592264302981467,560,681,1241,0.0,-0.0008333472224535399,0.5586623690572191,8.058017727639034e-05
103442,13.797729962166038,0.5592264302981467,560,681,1241,0.0,-0.0008333472224535399,0.5587429492344954,8.058017727639034e-05
103443,13.796896614943584,0.5592264302981467,560,681,1241,0.0,-0.0008333472224535399,0.5588235294117718,8.058017727639034e-05
103444,13.796063267721124,0.5592264302981467,560,681,1241,0.0,-0.0008333472224606453,0.5589041095890481,8.058017727639034e-05
103445,13.79522992049867,0.5592264302981467,560,681,1241,0.0,-0.0008333472224535399,0.5589846897663244,8.058017727639034e-05
103446,13.794396573276217,0.5592264302981467,560,681,1241,0.0,-0.0008333472224535399,0.5590652699436008,8.058017727639034e-05
103447,13.793563226053763,0.5592264302981467,560,681,1241,0.0,-0.0008333472224535399,0.5591458501208771,8.058017727639034e-05
103448,13.79272987883131,0.5592264302981467,560,681,1241,0.0,-0.0008333472224535399,0.5592264302981536,8.058017727639034e-05
103449,13.791896531608856,0.5592264302981467,560,681,1241,0.0,-0.0008333472224535399,0.5592264302981536,0.0
103450,13.791063184386402,0.5592264302981467,560,681,1241,0.0,-0.0008333472224535399,0.5592264302981536,0.0
103451,13.790229837163949,0.5592264302981467,560,681,1241,0.0,-0.0008333472224535399,0.5592264302981536,0.0
103452,13.789396489941495,0.5592264302981467,560,681,1241,0.0,-0.0008333472224535399,0.5592264302981536,0.0
103453,13.788563142719042,0.5592264302981467,560,681,1241,0.0,-0.0008333472224535399,0.5592264302981536,0.0
103454,13.787729795496588,0.5592264302981467,560,681,1241,0.0,-0.0008333472224535399,0.5592264302981536,0.0
103455,13.786896448274135,0.5592264302981467,560,681,1241,0.0,-0.0008333472224535399,0.5592264302981536,0.0
103456,13.786063101051681,0.5592264302981467,560,681,1241,0.0,-0.0008333472224535399,0.5592264302981536,0.0
103457,13.785229753829228,0.5592264302981467,560,681,1241,0.0,-0.0008333472224535399,0.5592264302981536,0.0
103458,13.784396406606774,0.5592264302981467,560,681,1241,0.0,-0.0008333472224535399,0.5592264302981536,0.0
103459,13.78356305938432,0.5592264302981467,560,681,1241,0.0,-0.0008333472224535399,0.5592264302981536,0.0
103460,13.782729712161867,0.5592264302981467,560,681,1241,0.0,-0.0008333472224535399,0.5592264302981536,0.0
103461,13.781896364939414,0.5592264302981467,560,681,1241,0.0,-0.0008333472224535399,0.5592264302981536,0.0
103462,13.78106301771696,0.5592264302981467,560,681,1241,0.0,-0.0008333472224535399,0.5592264302981536,0.0
103463,13.780229670494506,0.5592264302981467,560,681,1241,0.0,-0.0008333472224535399,0.5592264302981536,0.0
103464,13.779396323272053,0.5592264302981467,560,681,1241,0.0,-0.0008333472224535399,0.5592264302981536,0.0
103465,13.7785629760496,0.5592264302981467,560,681,1241,0.0,-0.0008333472224535399,0.5592264302981536,0.0
103466,13.777729628827146,0.5584206285253828,560,681,1241,-0.0008058017727639033,-0.0008333472224535399,0.5591458501208771,-8.058017727639034e-05
103467,13.776896281604692,0.5584206285253828,560,681,1241,0.0,-0.0008333472224535399,0.5590652699436008,-8.058017727639034e-05
103468,13.776062934382239,0.5584206285253828,560,681,1241,0.0,-0.0008333472224535399,0.5589846897663244,-8.058017727639034e-05
103469,13.775229587159785,0.5584206285253828,560,681,1241,0.0,-0.0008333472224535399,0.5589041095890481,-8.058017727639034e-05
103470,13.774396239937332,0.5584206285253828,560,681,1241,0.0,-0.0008333472224535399,0.5588235294117718,-8.058017727639034e-05
103471,13.773562892714878,0.5584206285253828,560,681,1241,0.0,-0.0008333472224535399,0.5587429492344954,-8.058017727639034e-05
103472,13.772729545492425,0.5584206285253828,560,681,1241,0.0,-0.0008333472224535399,0.5586623690572191,-8.058017727639034e-05
103473,13.771896198269971,0.5584206285253828,560,681,1241,0.0,-0.0008333472224535399,0.5585817888799427,-8.058017727639034e-05
103474,13.771062851047517,0.5584206285253828,560,681,1241,0.0,-0.0008333472224535399,0.5585012087026664,-8.058017727639034e-05
103475,13.770229503825064,0.5584206285253828,560,681,1241,0.0,-0.0008333472224535399,0.5584206285253901,-8.058017727639034e-05
103476,13.76939615660261,0.5584206285253828,560,681,1241,0.0,-0.0008333472224535399,0.5584206285253901,0.0
103477,13.768562809380157,0.5584206285253828,560,681,1241,0.0,-0.0008333472224535399,0.5584206285253901,0.0
103478,13.767729462157703,0.5592264302981467,560,681,1241,0.0008058017727639033,-0.0008333472224535399,0.5585012087026664,8.058017727639034e-05
103479,13.76689611493525,0.5592264302981467,560,681,1241,0.0,-0.0008333472224535399,0.5585817888799427,8.058017727639034e-05
103480,13.766062767712796,0.5592264302981467,560,681,1241,0.0,-0.0008333472224535399,0.5586623690572191,8.058017727639034e-05
103481,13.765229420490343,0.5592264302981467,560,681,1241,0.0,-0.0008333472224535399,0.5587429492344954,8.058017727639034e-05
103482,13.76439607326789,0.5592264302981467,560,681,1241,0.0,-0.0008333472224535399,0.5588235294117718,8.058017727639034e-05
103483,13.763562726045436,0.5592264302981467,560,681,1241,0.0,-0.0008333472224535399,0.5589041095890481,8.058017727639034e-05
103484,13.762729378822982,0.5592264302981467,560,681,1241,0.0,-0.0008333472224535399,0.5589846897663244,8.058017727639034e-05
103485,13.761896031600529,0.5592264302981467,560,681,1241,0.0,-0.0008333472224535399,0.5590652699436008,8.058017727639034e-05
103486,13.761062684378068,0.5592264302981467,560,681,1241,0.0,-0.0008333472224606453,0.5591458501208771,8.058017727639034e-05
103487,13.760229337155614,0.5584206285253828,560,681,1241,-0.0008058017727639033,-0.0008333472224535399,0.5591458501208771,0.0
103488,13.75939598993316,0.5584206285253828,560,681,1241,0.0,-0.0008333472224535399,0.5590652699436008,-8.058017727639034e-05
103489,13.758562642710707,0.5584206285253828,560,681,1241,0.0,-0.0008333472224535399,0.5589846897663244,-8.058017727639034e-05
103490,13.757729295488254,0.5584206285253828,560,681,1241,0.0,-0.0008333472224535399,0.5589041095890481,-8.058017727639034e-05
103491,13.7568959482658,0.5584206285253828,560,681,1241,0.0,-0.0008333472224535399,0.5588235294117718,-8.058017727639034e-05
103492,13.756062601043347,0.5584206285253828,560,681,1241,0.0,-0.0008333472224535399,0.5587429492344954,-8.058017727639034e-05
103493,13.755229253820893,0.5584206285253828,560,681,1241,0.0,-0.0008333472224535399,0.5586623690572191,-8.058017727639034e-05
103494,13.75439590659844,0.5584206285253828,560,681,1241,0.0,-0.0008333472224535399,0.5585817888799427,-8.058017727639034e-05
103495,13.753562559375986,0.5576148267526189,560,681,1241,-0.0008058017727639033,-0.0008333472224535399,0.5584206285253901,-0.00016116035455278067
103496,13.752729212153533,0.5576148267526189,560,681,1241,0.0,-0.0008333472224535399,0.5582594681708374,-0.00016116035455278067
103497,13.751895864931079,0.5576148267526189,560,681,1241,0.0,-0.0008333472224535399,0.558178887993561,-8.058017727639034e-05
103498,13.751062517708625,0.5576148267526189,560,681,1241,0.0,-0.0008333472224535399,0.5580983078162847,-8.058017727639034e-05
103499,13.750229170486172,0.5576148267526189,560,681,1241,0.0,-0.0008333472224535399,0.5580177276390084,-8.058017727639034e-05
103500,13.749395823263718,0.5576148267526189,560,681,1241,0.0,-0.0008333472224535399,0.557937147461732,-8.058017727639034e-05
103501,13.748562476041265,0.5576148267526189,560,681,1241,0.0,-0.0008333472224535399,0.5578565672844557,-8.058017727639034e-05
103502,13.747729128818811,0.5576148267526189,560,681,1241,0.0,-0.0008333472224535399,0.5577759871071792,-8.058017727639034e-05
103503,13.746895781596358,0.5576148267526189,560,681,1241,0.0,-0.0008333472224535399,0.5576954069299029,-8.058017727639034e-05
103504,13.746062434373904,0.5576148267526189,560,681,1241,0.0,-0.0008333472224535399,0.5576148267526266,-8.058017727639034e-05
103505,13.74522908715145,0.5576148267526189,560,681,1241,0.0,-0.0008333472224535399,0.5576148267526266,0.0
103506,13.744395739928997,0.5576148267526189,560,681,1241,0.0,-0.0008333472224535399,0.5576148267526266,0.0
103507,13.743562392706544,0.5576148267526189,560,681,1241,0.0,-0.0008333472224535399,0.5576148267526266,0.0
103508,13.74272904548409,0.5576148267526189,560,681,1241,0.0,-0.0008333472224535399,0.5576148267526266,0.0
103509,13.741895698261636,0.5576148267526189,560,681,1241,0.0,-0.0008333472224535399,0.5576148267526266,0.0
103510,13.741062351039183,0.5576148267526189,560,681,1241,0.0,-0.0008333472224535399,0.5576148267526266,0.0
103511,13.74022900381673,0.5576148267526189,560,681,1241,0.0,-0.0008333472224535399,0.5576148267526266,0.0
103512,13.739395656594276,0.5576148267526189,560,681,1241,0.0,-0.0008333472224535399,0.5576148267526266,0.0
103513,13.738562309371822,0.5576148267526189,560,681,1241,0.0,-0.0008333472224535399,0.5576148267526266,0.0
103514,13.737728962149369,0.5576148267526189,560,681,1241,0.0,-0.0008333472224535399,0.5576148267526266,0.0
103515,13.736895614926915,0.5576148267526189,560,681,1241,0.0,-0.0008333472224535399,0.5576148267526266,0.0
103516,13.736062267704462,0.5576148267526189,560,681,1241,0.0,-0.0008333472224535399,0.5576148267526266,0.0
103517,13.735228920482008,0.5576148267526189,560,681,1241,0.0,-0.0008333472224535399,0.5576148267526266,0.0
103518,13.734395573259555,0.556809024979855,560,681,1241,-0.0008058017727639033,-0.0008333472224535399,0.5575342465753502,-8.058017727639034e-05
103519,13.733562226037101,0.556809024979855,560,681,1241,0.0,-0.0008333472224535399,0.5574536663980739,-8.058017727639034e-05
103520,13.732728878814648,0.556809024979855,560,681,1241,0.0,-0.0008333472224535399,0.5573730862207975,-8.058017727639034e-05
103521,13.731895531592194,0.556809024979855,560,681,1241,0.0,-0.0008333472224535399,0.5572925060435212,-8.058017727639034e-05
103522,13.73106218436974,0.556809024979855,560,681,1241,0.0,-0.0008333472224535399,0.5572119258662449,-8.058017727639034e-05
103523,13.730228837147287,0.556809024979855,560,681,1241,0.0,-0.0008333472224535399,0.5571313456889685,-8.058017727639034e-05
103524,13.729395489924833,0.556809024979855,560,681,1241,0.0,-0.0008333472224535399,0.5570507655116922,-8.058017727639034e-05
103525,13.72856214270238,0.556809024979855,560,681,1241,0.0,-0.0008333472224535399,0.5569701853344158,-8.058017727639034e-05
103526,13.727728795479926,0.556809024979855,560,681,1241,0.0,-0.0008333472224535399,0.5568896051571395,-8.058017727639034e-05
103527,13.726895448257473,0.556809024979855,560,681,1241,0.0,-0.0008333472224535399,0.5568090249798632,-8.058017727639034e-05
103528,13.72606210103502,0.556809024979855,560,681,1241,0.0,-0.0008333472224535399,0.5568090249798632,0.0
103529,13.725228753812559,0.556809024979855,560,681,1241,0.0,-0.0008333472224606453,0.5568090249798632,0.0
103530,13.724395406590105,0.556809024979855,560,681,1241,0.0,-0.0008333472224535399,0.5568090249798632,0.0
103531,13.723562059367651,0.556809024979855,560,681,1241,0.0,-0.0008333472224535399,0.5568090249798632,0.0
103532,13.722728712145198,0.556809024979855,560,681,1241,0.0,-0.0008333472224535399,0.5568090249798632,0.0
103533,13.721895364922744,0.556809024979855,560,681,1241,0.0,-0.0008333472224535399,0.5568090249798632,0.0
103534,13.72106201770029,0.556809024979855,560,681,1241,0.0,-0.0008333472224535399,0.5568090249798632,0.0
103535,13.720228670477837,0.556809024979855,560,681,1241,0.0,-0.0008333472224535399,0.5568090249798632,0.0
103536,13.719395323255384,0.556809024979855,560,681,1241,0.0,-0.0008333472224535399,0.5568090249798632,0.0
103537,13.71856197603293,0.5584206285253828,560,681,1241,0.0016116035455278066,-0.0008333472224535399,0.5569701853344159,0.00016116035455278067
103538,13.717728628810477,0.5584206285253828,560,681,1241,0.0,-0.0008333472224535399,0.5571313456889687,0.00016116035455278067
103539,13.716895281588023,0.5584206285253828,560,681,1241,0.0,-0.0008333472224535399,0.5572925060435214,0.00016116035455278067
103540,13.71606193436557,0.5584206285253828,560,681,1241,0.0,-0.0008333472224535399,0.5574536663980743,0.00016116035455278067
103541,13.715228587143116,0.5584206285253828,560,681,1241,0.0,-0.0008333472224535399,0.5576148267526271,0.00016116035455278067
103542,13.714395239920663,0.5576148267526189,560,681,1241,-0.0008058017727639033,-0.0008333472224535399,0.5576954069299034,8.058017727639034e-05
103543,13.713561892698209,0.5576148267526189,560,681,1241,0.0,-0.0008333472224535399,0.5577759871071797,8.058017727639034e-05
103544,13.712728545475755,0.5576148267526189,560,681,1241,0.0,-0.0008333472224535399,0.5578565672844561,8.058017727639034e-05
103545,13.711895198253302,0.5576148267526189,560,681,1241,0.0,-0.0008333472224535399,0.5579371474617324,8.058017727639034e-05
103546,13.711061851030848,0.5576148267526189,560,681,1241,0.0,-0.0008333472224535399,0.5580177276390088,8.058017727639034e-05
103547,13.710228503808395,0.5576148267526189,560,681,1241,0.0,-0.0008333472224535399,0.5579371474617323,-8.058017727639034e-05
103548,13.709395156585941,0.5576148267526189,560,681,1241,0.0,-0.0008333472224535399,0.557856567284456,-8.058017727639034e-05
103549,13.708561809363488,0.5576148267526189,560,681,1241,0.0,-0.0008333472224535399,0.5577759871071797,-8.058017727639034e-05
103550,13.707728462141034,0.5576148267526189,560,681,1241,0.0,-0.0008333472224535399,0.5576954069299033,-8.058017727639034e-05
103551,13.70689511491858,0.5576148267526189,560,681,1241,0.0,-0.0008333472224535399,0.557614826752627,-8.058017727639034e-05
103552,13.706061767696127,0.5576148267526189,560,681,1241,0.0,-0.0008333472224535399,0.557614826752627,0.0
103553,13.705228420473674,0.5576148267526189,560,681,1241,0.0,-0.0008333472224535399,0.557614826752627,0.0
103554,13.70439507325122,0.5576148267526189,560,681,1241,0.0,-0.0008333472224535399,0.557614826752627,0.0
103555,13.703561726028767,0.5576148267526189,560,681,1241,0.0,-0.0008333472224535399,0.557614826752627,0.0
103556,13.702728378806313,0.5584206285253828,560,681,1241,0.0008058017727639033,-0.0008333472224535399,0.5576954069299033,8.058017727639034e-05
103557,13.70189503158386,0.5584206285253828,560,681,1241,0.0,-0.0008333472224535399,0.5577759871071797,8.058017727639034e-05
103558,13.701061684361406,0.5584206285253828,560,681,1241,0.0,-0.0008333472224535399,0.557856567284456,8.058017727639034e-05
103559,13.700228337138952,0.5584206285253828,560,681,1241,0.0,-0.0008333472224535399,0.5579371474617323,8.058017727639034e-05
103560,13.699394989916499,0.5576148267526189,560,681,1241,-0.0008058017727639033,-0.0008333472224535399,0.5579371474617323,0.0
103561,13.698561642694045,0.5576148267526189,560,681,1241,0.0,-0.0008333472224535399,0.5579371474617323,0.0
103562,13.697728295471592,0.5576148267526189,560,681,1241,0.0,-0.0008333472224535399,0.5579371474617323,0.0
103563,13.696894948249138,0.5576148267526189,560,681,1241,0.0,-0.0008333472224535399,0.5579371474617323,0.0
103564,13.696061601026685,0.5576148267526189,560,681,1241,0.0,-0.0008333472224535399,0.5579371474617323,0.0
103565,13.695228253804231,0.5576148267526189,560,681,1241,0.0,-0.0008333472224535399,0.5579371474617323,0.0
103566,13.694394906581778,0.5576148267526189,560,681,1241,0.0,-0.0008333472224535399,0.557856567284456,-8.058017727639034e-05
103567,13.693561559359324,0.5576148267526189,560,681,1241,0.0,-0.0008333472224535399,0.5577759871071797,-8.058017727639034e-05
103568,13.69272821213687,0.5576148267526189,560,681,1241,0.0,-0.0008333472224535399,0.5576954069299033,-8.058017727639034e-05
103569,13.691894864914417,0.5576148267526189,560,681,1241,0.0,-0.0008333472224535399,0.557614826752627,-8.058017727639034e-05
103570,13.691061517691963,0.5576148267526189,560,681,1241,0.0,-0.0008333472224535399,0.557614826752627,0.0
103571,13.690228170469503,0.5576148267526189,560,681,1241,0.0,-0.0008333472224606453,0.557614826752627,0.0
103572,13.68939482324705,0.5576148267526189,560,681,1241,0.0,-0.0008333472224535399,0.557614826752627,0.0
103573,13.688561476024596,0.5576148267526189,560,681,1241,0.0,-0.0008333472224535399,0.557614826752627,0.0
103574,13.687728128802142,0.5576148267526189,560,681,1241,0.0,-0.0008333472224535399,0.557614826752627,0.0
103575,13.686894781579689,0.5576148267526189,560,681,1241,0.0,-0.0008333472224535399,0.557614826752627,0.0
103576,13.686061434357235,0.556809024979855,560,681,1241,-0.0008058017727639033,-0.0008333472224535399,0.5575342465753506,-8.058017727639034e-05
103577,13.685228087134782,0.556809024979855,560,681,1241,0.0,-0.0008333472224535399,0.5574536663980743,-8.058017727639034e-05
103578,13.684394739912328,0.556809024979855,560,681,1241,0.0,-0.0008333472224535399,0.557373086220798,-8.058017727639034e-05
103579,13.683561392689874,0.556809024979855,560,681,1241,0.0,-0.0008333472224535399,0.5572925060435215,-8.058017727639034e-05
103580,13.682728045467421,0.556809024979855,560,681,1241,0.0,-0.0008333472224535399,0.5572119258662452,-8.058017727639034e-05
103581,13.681894698244967,0.556809024979855,560,681,1241,0.0,-0.0008333472224535399,0.5571313456889688,-8.058017727639034e-05
103582,13.681061351022514,0.556809024979855,560,681,1241,0.0,-0.0008333472224535399,0.5570507655116925,-8.058017727639034e-05
103583,13.68022800380006,0.556809024979855,560,681,1241,0.0,-0.0008333472224535399,0.5569701853344162,-8.058017727639034e-05
103584,13.679394656577607,0.556809024979855,560,681,1241,0.0,-0.0008333472224535399,0.5568896051571398,-8.058017727639034e-05
103585,13.678561309355153,0.556809024979855,560,681,1241,0.0,-0.0008333472224535399,0.5568090249798635,-8.058017727639034e-05
103586,13.6777279621327,0.556809024979855,560,681,1241,0.0,-0.0008333472224535399,0.5568090249798635,0.0
103587,13.676894614910246,0.5560032232070911,560,681,1241,-0.0008058017727639033,-0.0008333472224535399,0.5567284448025871,-8.058017727639034e-05
103588,13.676061267687793,0.5560032232070911,560,681,1241,0.0,-0.0008333472224535399,0.5566478646253107,-8.058017727639034e-05
103589,13.675227920465339,0.5560032232070911,560,681,1241,0.0,-0.0008333472224535399,0.5565672844480344,-8.058017727639034e-05
103590,13.674394573242886,0.5560032232070911,560,681,1241,0.0,-0.0008333472224535399,0.556486704270758,-8.058017727639034e-05
103591,13.673561226020432,0.556809024979855,560,681,1241,0.0008058017727639033,-0.0008333472224535399,0.556486704270758,0.0
103592,13.672727878797978,0.556809024979855,560,681,1241,0.0,-0.0008333472224535399,0.556486704270758,0.0
103593,13.671894531575525,0.556809024979855,560,681,1241,0.0,-0.0008333472224535399,0.556486704270758,0.0
103594,13.671061184353071,0.5576148267526189,560,681,1241,0.0008058017727639033,-0.0008333472224535399,0.5565672844480344,8.058017727639034e-05
103595,13.670227837130618,0.556809024979855,560,681,1241,-0.0008058017727639033,-0.0008333472224535399,0.5565672844480344,0.0
103596,13.669394489908164,0.556809024979855,560,681,1241,0.0,-0.0008333472224535399,0.5565672844480344,0.0
103597,13.66856114268571,0.556809024979855,560,681,1241,0.0,-0.0008333472224535399,0.5566478646253108,8.058017727639034e-05
103598,13.667727795463257,0.556809024979855,560,681,1241,0.0,-0.0008333472224535399,0.5567284448025871,8.058017727639034e-05
103599,13.666894448240804,0.556809024979855,560,681,1241,0.0,-0.0008333472224535399,0.5568090249798635,8.058017727639034e-05
103600,13.66606110101835,0.556809024979855,560,681,1241,0.0,-0.0008333472224535399,0.5568896051571398,8.058017727639034e-05
103601,13.665227753795897,0.556809024979855,560,681,1241,0.0,-0.0008333472224535399,0.5568896051571398,0.0
103602,13.664394406573443,0.556809024979855,560,681,1241,0.0,-0.0008333472224535399,0.5568896051571398,0.0
103603,13.66356105935099,0.556809024979855,560,681,1241,0.0,-0.0008333472224535399,0.5568896051571398,0.0
103604,13.662727712128536,0.556809024979855,560,681,1241,0.0,-0.0008333472224535399,0.5568090249798635,-8.058017727639034e-05
103605,13.661894364906082,0.556809024979855,560,681,1241,0.0,-0.0008333472224535399,0.5568090249798635,0.0
103606,13.661061017683629,0.5560032232070911,560,681,1241,-0.0008058017727639033,-0.0008333472224535399,0.5567284448025871,-8.058017727639034e-05
103607,13.660227670461175,0.5551974214343272,560,681,1241,-0.0008058017727639033,-0.0008333472224535399,0.5565672844480343,-0.00016116035455278067
103608,13.659394323238722,0.5551974214343272,560,681,1241,0.0,-0.0008333472224535399,0.5564061240934814,-0.00016116035455278067
103609,13.658560976016268,0.5551974214343272,560,681,1241,0.0,-0.0008333472224535399,0.5562449637389287,-0.00016116035455278067
103610,13.657727628793815,0.5551974214343272,560,681,1241,0.0,-0.0008333472224535399,0.5560838033843759,-0.00016116035455278067
103611,13.656894281571361,0.5551974214343272,560,681,1241,0.0,-0.0008333472224535399,0.5559226430298232,-0.00016116035455278067
103612,13.656060934348908,0.5551974214343272,560,681,1241,0.0,-0.0008333472224535399,0.5557614826752704,-0.00016116035455278067
103613,13.655227587126454,0.5551974214343272,560,681,1241,0.0,-0.0008333472224535399,0.5556003223207175,-0.00016116035455278067
103614,13.654394239903993,0.5551974214343272,560,681,1241,0.0,-0.0008333472224606453,0.5554391619661648,-0.00016116035455278067
103615,13.65356089268154,0.5551974214343272,560,681,1241,0.0,-0.0008333472224535399,0.555278001611612,-0.00016116035455278067
103616,13.652727545459086,0.5551974214343272,560,681,1241,0.0,-0.0008333472224535399,0.5551974214343357,-8.058017727639034e-05
103617,13.651894198236633,0.5551974214343272,560,681,1241,0.0,-0.0008333472224535399,0.5551974214343357,0.0
103618,13.65106085101418,0.5551974214343272,560,681,1241,0.0,-0.0008333472224535399,0.5551974214343357,0.0
103619,13.650227503791726,0.5551974214343272,560,681,1241,0.0,-0.0008333472224535399,0.5551974214343357,0.0
103620,13.649394156569272,0.5551974214343272,560,681,1241,0.0,-0.0008333472224535399,0.5551974214343357,0.0
103621,13.648560809346819,0.5551974214343272,560,681,1241,0.0,-0.0008333472224535399,0.5551974214343357,0.0
103622,13.647727462124365,0.5551974214343272,560,681,1241,0.0,-0.0008333472224535399,0.5551974214343357,0.0
103623,13.646894114901912,0.5551974214343272,560,681,1241,0.0,-0.0008333472224535399,0.5551974214343357,0.0
103624,13.646060767679458,0.5551974214343272,560,681,1241,0.0,-0.0008333472224535399,0.5551974214343357,0.0
103625,13.645227420457005,0.5551974214343272,560,681,1241,0.0,-0.0008333472224535399,0.5551974214343357,0.0
103626,13.644394073234551,0.5551974214343272,560,681,1241,0.0,-0.0008333472224535399,0.5551974214343357,0.0
103627,13.643560726012097,0.5551974214343272,560,681,1241,0.0,-0.0008333472224535399,0.5551974214343357,0.0
103628,13.642727378789644,0.5551974214343272,560,681,1241,0.0,-0.0008333472224535399,0.5551974214343357,0.0
103629,13.64189403156719,0.5551974214343272,560,681,1241,0.0,-0.0008333472224535399,0.5551974214343357,0.0
103630,13.641060684344737,0.5551974214343272,560,681,1241,0.0,-0.0008333472224535399,0.5551974214343357,0.0
103631,13.640227337122283,0.5551974214343272,560,681,1241,0.0,-0.0008333472224535399,0.5551974214343357,0.0
103632,13.63939398989983,0.5551974214343272,560,681,1241,0.0,-0.0008333472224535399,0.5551974214343357,0.0
103633,13.638560642677376,0.5551974214343272,560,681,1241,0.0,-0.0008333472224535399,0.5551974214343357,0.0
103634,13.637727295454923,0.5551974214343272,560,681,1241,0.0,-0.0008333472224535399,0.5551974214343357,0.0
103635,13.63689394823247,0.5551974214343272,560,681,1241,0.0,-0.0008333472224535399,0.5551974214343357,0.0
103636,13.636060601010016,0.5560032232070911,560,681,1241,0.0008058017727639033,-0.0008333472224535399,0.555278001611612,8.058017727639034e-05
103637,13.635227253787562,0.5560032232070911,560,681,1241,0.0,-0.0008333472224535399,0.5553585817888884,8.058017727639034e-05
103638,13.634393906565109,0.5560032232070911,560,681,1241,0.0,-0.0008333472224535399,0.5554391619661647,8.058017727639034e-05
103639,13.633560559342655,0.5560032232070911,560,681,1241,0.0,-0.0008333472224535399,0.555519742143441,8.058017727639034e-05
103640,13.632727212120201,0.5560032232070911,560,681,1241,0.0,-0.0008333472224535399,0.5556003223207174,8.058017727639034e-05
103641,13.631893864897748,0.5560032232070911,560,681,1241,0.0,-0.0008333472224535399,0.5556809024979937,8.058017727639034e-05
103642,13.631060517675294,0.5560032232070911,560,681,1241,0.0,-0.0008333472224535399,0.5557614826752701,8.058017727639034e-05
103643,13.63022717045284,0.5560032232070911,560,681,1241,0.0,-0.0008333472224535399,0.5558420628525464,8.058017727639034e-05
103644,13.629393823230387,0.5560032232070911,560,681,1241,0.0,-0.0008333472224535399,0.5559226430298227,8.058017727639034e-05
103645,13.628560476007934,0.5560032232070911,560,681,1241,0.0,-0.0008333472224535399,0.5560032232070992,8.058017727639034e-05
103646,13.62772712878548,0.5551974214343272,560,681,1241,-0.0008058017727639033,-0.0008333472224535399,0.5559226430298227,-8.058017727639034e-05
103647,13.626893781563027,0.5551974214343272,560,681,1241,0.0,-0.0008333472224535399,0.5558420628525464,-8.058017727639034e-05
103648,13.626060434340573,0.5551974214343272,560,681,1241,0.0,-0.0008333472224535399,0.5557614826752701,-8.058017727639034e-05
103649,13.62522708711812,0.5551974214343272,560,681,1241,0.0,-0.0008333472224535399,0.5556809024979937,-8.058017727639034e-05
103650,13.624393739895666,0.5551974214343272,560,681,1241,0.0,-0.0008333472224535399,0.5556003223207174,-8.058017727639034e-05
103651,13.623560392673213,0.5551974214343272,560,681,1241,0.0,-0.0008333472224535399,0.555519742143441,-8.058017727639034e-05
103652,13.622727045450759,0.5551974214343272,560,681,1241,0.0,-0.0008333472224535399,0.5554391619661647,-8.058017727639034e-05
103653,13.621893698228305,0.5551974214343272,560,681,1241,0.0,-0.0008333472224535399,0.5553585817888884,-8.058017727639034e-05
103654,13.621060351005852,0.5551974214343272,560,681,1241,0.0,-0.0008333472224535399,0.555278001611612,-8.058017727639034e-05
103655,13.620227003783398,0.5551974214343272,560,681,1241,0.0,-0.0008333472224535399,0.5551974214343357,-8.058017727639034e-05
103656,13.619393656560938,0.5551974214343272,560,681,1241,0.0,-0.0008333472224606453,0.5551974214343357,0.0
103657,13.618560309338484,0.5551974214343272,560,681,1241,0.0,-0.0008333472224535399,0.5551974214343357,0.0
103658,13.61772696211603,0.5551974214343272,560,681,1241,0.0,-0.0008333472224535399,0.5551974214343357,0.0
103659,13.616893614893577,0.5551974214343272,560,681,1241,0.0,-0.0008333472224535399,0.5551974214343357,0.0
103660,13.616060267671124,0.5551974214343272,560,681,1241,0.0,-0.0008333472224535399,0.5551974214343357,0.0
103661,13.61522692044867,0.5551974214343272,560,681,1241,0.0,-0.0008333472224535399,0.5551974214343357,0.0
103662,13.614393573226216,0.5560032232070911,560,681,1241,0.0008058017727639033,-0.0008333472224535399,0.555278001611612,8.058017727639034e-05
103663,13.613560226003763,0.5560032232070911,560,681,1241,0.0,-0.0008333472224535399,0.5553585817888884,8.058017727639034e-05
103664,13.61272687878131,0.5551974214343272,560,681,1241,-0.0008058017727639033,-0.0008333472224535399,0.5553585817888884,0.0
103665,13.611893531558856,0.5551974214343272,560,681,1241,0.0,-0.0008333472224535399,0.5553585817888884,0.0
103666,13.611060184336402,0.5551974214343272,560,681,1241,0.0,-0.0008333472224535399,0.5553585817888884,0.0
103667,13.610226837113949,0.5551974214343272,560,681,1241,0.0,-0.0008333472224535399,0.5553585817888884,0.0
103668,13.609393489891495,0.5551974214343272,560,681,1241,0.0,-0.0008333472224535399,0.5553585817888884,0.0
103669,13.608560142669042,0.5551974214343272,560,681,1241,0.0,-0.0008333472224535399,0.5553585817888884,0.0
103670,13.607726795446588,0.5551974214343272,560,681,1241,0.0,-0.0008333472224535399,0.5553585817888884,0.0
103671,13.606893448224135,0.5551974214343272,560,681,1241,0.0,-0.0008333472224535399,0.5553585817888884,0.0
103672,13.606060101001681,0.5551974214343272,560,681,1241,0.0,-0.0008333472224535399,0.555278001611612,-8.058017727639034e-05
103673,13.605226753779228,0.5551974214343272,560,681,1241,0.0,-0.0008333472224535399,0.5551974214343357,-8.058017727639034e-05
103674,13.604393406556774,0.5551974214343272,560,681,1241,0.0,-0.0008333472224535399,0.5551974214343357,0.0
103675,13.60356005933432,0.5551974214343272,560,681,1241,0.0,-0.0008333472224535399,0.5551974214343357,0.0
103676,13.602726712111867,0.5551974214343272,560,681,1241,0.0,-0.0008333472224535399,0.5551974214343357,0.0
103677,13.601893364889413,0.5551974214343272,560,681,1241,0.0,-0.0008333472224535399,0.5551974214343357,0.0
103678,13.60106001766696,0.5551974214343272,560,681,1241,0.0,-0.0008333472224535399,0.5551974214343357,0.0
103679,13.600226670444506,0.5551974214343272,560,681,1241,0.0,-0.0008333472224535399,0.5551974214343357,0.0
103680,13.599393323222053,0.5551974214343272,560,681,1241,0.0,-0.0008333472224535399,0.5551974214343357,0.0
103681,13.5985599759996,0.5551974214343272,560,681,1241,0.0,-0.0008333472224535399,0.5551974214343357,0.0
103682,13.597726628777146,0.5551974214343272,560,681,1241,0.0,-0.0008333472224535399,0.5551974214343357,0.0
103683,13.596893281554692,0.5551974214343272,560,681,1241,0.0,-0.0008333472224535399,0.5551974214343357,0.0
103684,13.596059934332239,0.5551974214343272,560,681,1241,0.0,-0.0008333472224535399,0.5551974214343357,0.0
103685,13.595226587109785,0.5551974214343272,560,681,1241,0.0,-0.0008333472224535399,0.5551974214343357,0.0
103686,13.594393239887332,0.5551974214343272,560,681,1241,0.0,-0.0008333472224535399,0.5551974214343357,0.0
103687,13.593559892664878,0.5551974214343272,560,681,1241,0.0,-0.0008333472224535399,0.5551974214343357,0.0
103688,13.592726545442424,0.5551974214343272,560,681,1241,0.0,-0.0008333472224535399,0.5551974214343357,0.0
103689,13.59189319821997,0.5551974214343272,560,681,1241,0.0,-0.0008333472224535399,0.5551974214343357,0.0
103690,13.591059850997517,0.5551974214343272,560,681,1241,0.0,-0.0008333472224535399,0.5551974214343357,0.0
103691,13.590226503775064,0.5551974214343272,560,681,1241,0.0,-0.0008333472224535399,0.5551974214343357,0.0
103692,13.58939315655261,0.5551974214343272,560,681,1241,0.0,-0.0008333472224535399,0.5551974214343357,0.0
103693,13.588559809330157,0.5551974214343272,560,681,1241,0.0,-0.0008333472224535399,0.5551974214343357,0.0
103694,13.587726462107703,0.5551974214343272,560,681,1241,0.0,-0.0008333472224535399,0.5551974214343357,0.0
103695,13.58689311488525,0.5551974214343272,560,681,1241,0.0,-0.0008333472224535399,0.5551974214343357,0.0
103696,13.586059767662796,0.5551974214343272,560,681,1241,0.0,-0.0008333472224535399,0.5551974214343357,0.0
103697,13.585226420440343,0.5551974214343272,560,681,1241,0.0,-0.0008333472224535399,0.5551974214343357,0.0
103698,13.584393073217882,0.5551974214343272,560,681,1241,0.0,-0.0008333472224606453,0.5551974214343357,0.0
103699,13.583559725995428,0.5551974214343272,560,681,1241,0.0,-0.0008333472224535399,0.5551974214343357,0.0
103700,13.582726378772975,0.5551974214343272,560,681,1241,0.0,-0.0008333472224535399,0.5551974214343357,0.0
103701,13.581893031550521,0.5551974214343272,560,681,1241,0.0,-0.0008333472224535399,0.5551974214343357,0.0
103702,13.581059684328068,0.5551974214343272,560,681,1241,0.0,-0.0008333472224535399,0.5551974214343357,0.0
103703,13.580226337105614,0.5551974214343272,560,681,1241,0.0,-0.0008333472224535399,0.5551974214343357,0.0
103704,13.57939298988316,0.5551974214343272,560,681,1241,0.0,-0.0008333472224535399,0.5551974214343357,0.0
103705,13.578559642660707,0.5551974214343272,560,681,1241,0.0,-0.0008333472224535399,0.5551974214343357,0.0
103706,13.577726295438254,0.5551974214343272,560,681,1241,0.0,-0.0008333472224535399,0.5551974214343357,0.0
103707,13.5768929482158,0.5551974214343272,560,681,1241,0.0,-0.0008333472224535399,0.5551974214343357,0.0
103708,13.576059600993347,0.5551974214343272,560,681,1241,0.0,-0.0008333472224535399,0.5551974214343357,0.0
103709,13.575226253770893,0.5551974214343272,560,681,1241,0.0,-0.0008333472224535399,0.5551974214343357,0.0
103710,13.57439290654844,0.5551974214343272,560,681,1241,0.0,-0.0008333472224535399,0.5551974214343357,0.0
103711,13.573559559325986,0.5551974214343272,560,681,1241,0.0,-0.0008333472224535399,0.5551974214343357,0.0
103712,13.572726212103532,0.5551974214343272,560,681,1241,0.0,-0.0008333472224535399,0.5551974214343357,0.0
103713,13.571892864881079,0.5551974214343272,560,681,1241,0.0,-0.0008333472224535399,0.5551974214343357,0.0
103714,13.571059517658625,0.5551974214343272,560,681,1241,0.0,-0.0008333472224535399,0.5551974214343357,0.0
103715,13.570226170436172,0.5551974214343272,560,681,1241,0.0,-0.0008333472224535399,0.5551974214343357,0.0
103716,13.569392823213718,0.5551974214343272,560,681,1241,0.0,-0.0008333472224535399,0.5551974214343357,0.0
103717,13.568559475991265,0.5551974214343272,560,681,1241,0.0,-0.0008333472224535399,0.5551974214343357,0.0
103718,13.567726128768811,0.5551974214343272,560,681,1241,0.0,-0.0008333472224535399,0.5551974214343357,0.0
103719,13.566892781546358,0.5551974214343272,560,681,1241,0.0,-0.0008333472224535399,0.5551974214343357,0.0
103720,13.566059434323904,0.5551974214343272,560,681,1241,0.0,-0.0008333472224535399,0.5551974214343357,0.0
103721,13.56522608710145,0.5560032232070911,560,681,1241,0.0008058017727639033,-0.0008333472224535399,0.555278001611612,8.058017727639034e-05
103722,13.564392739878997,0.5560032232070911,560,681,1241,0.0,-0.0008333472224535399,0.5553585817888884,8.058017727639034e-05
103723,13.563559392656543,0.5560032232070911,560,681,1241,0.0,-0.0008333472224535399,0.5554391619661647,8.058017727639034e-05
103724,13.56272604543409,0.5560032232070911,560,681,1241,0.0,-0.0008333472224535399,0.555519742143441,8.058017727639034e-05
103725,13.561892698211636,0.5560032232070911,560,681,1241,0.0,-0.0008333472224535399,0.5556003223207174,8.058017727639034e-05
103726,13.561059350989183,0.5551974214343272,560,681,1241,-0.0008058017727639033,-0.0008333472224535399,0.5556003223207174,0.0
103727,13.56022600376673,0.5551974214343272,560,681,1241,0.0,-0.0008333472224535399,0.5556003223207174,0.0
103728,13.559392656544276,0.5551974214343272,560,681,1241,0.0,-0.0008333472224535399,0.5556003223207174,0.0
103729,13.558559309321822,0.5551974214343272,560,681,1241,0.0,-0.0008333472224535399,0.5556003223207174,0.0
103730,13.557725962099369,0.5551974214343272,560,681,1241,0.0,-0.0008333472224535399,0.5556003223207174,0.0
103731,13.556892614876915,0.5551974214343272,560,681,1241,0.0,-0.0008333472224535399,0.555519742143441,-8.058017727639034e-05
103732,13.556059267654462,0.5551974214343272,560,681,1241,0.0,-0.0008333472224535399,0.5554391619661647,-8.058017727639034e-05
103733,13.555225920432008,0.5551974214343272,560,681,1241,0.0,-0.0008333472224535399,0.5553585817888884,-8.058017727639034e-05
103734,13.554392573209554,0.5551974214343272,560,681,1241,0.0,-0.0008333472224535399,0.555278001611612,-8.058017727639034e-05
103735,13.553559225987101,0.5551974214343272,560,681,1241,0.0,-0.0008333472224535399,0.5551974214343357,-8.058017727639034e-05
103736,13.552725878764647,0.5551974214343272,560,681,1241,0.0,-0.0008333472224535399,0.5551974214343357,0.0
103737,13.551892531542194,0.5551974214343272,560,681,1241,0.0,-0.0008333472224535399,0.5551974214343357,0.0
103738,13.55105918431974,0.5551974214343272,560,681,1241,0.0,-0.0008333472224535399,0.5551974214343357,0.0
103739,13.550225837097287,0.5551974214343272,560,681,1241,0.0,-0.0008333472224535399,0.5551974214343357,0.0
103740,13.549392489874833,0.5551974214343272,560,681,1241,0.0,-0.0008333472224535399,0.5551974214343357,0.0
103741,13.548559142652373,0.5551974214343272,560,681,1241,0.0,-0.0008333472224606453,0.5551974214343357,0.0
103742,13.547725795429919,0.5551974214343272,560,681,1241,0.0,-0.0008333472224535399,0.5551974214343357,0.0
103743,13.546892448207466,0.5551974214343272,560,681,1241,0.0,-0.0008333472224535399,0.5551974214343357,0.0
103744,13.546059100985012,0.5551974214343272,560,681,1241,0.0,-0.0008333472224535399,0.5551974214343357,0.0
103745,13.545225753762558,0.5551974214343272,560,681,1241,0.0,-0.0008333472224535399,0.5551974214343357,0.0
103746,13.544392406540105,0.5551974214343272,560,681,1241,0.0,-0.0008333472224535399,0.5551974214343357,0.0
103747,13.543559059317651,0.5551974214343272,560,681,1241,0.0,-0.0008333472224535399,0.5551974214343357,0.0
103748,13.542725712095198,0.5551974214343272,560,681,1241,0.0,-0.0008333472224535399,0.5551974214343357,0.0
103749,13.541892364872744,0.5551974214343272,560,681,1241,0.0,-0.0008333472224535399,0.5551974214343357,0.0
103750,13.54105901765029,0.5551974214343272,560,681,1241,0.0,-0.0008333472224535399,0.5551974214343357,0.0
103751,13.540225670427837,0.5560032232070911,560,681,1241,0.0008058017727639033,-0.0008333472224535399,0.555278001611612,8.058017727639034e-05
103752,13.539392323205384,0.5560032232070911,560,681,1241,0.0,-0.0008333472224535399,0.5553585817888884,8.058017727639034e-05
103753,13.53855897598293,0.5560032232070911,560,681,1241,0.0,-0.0008333472224535399,0.5554391619661647,8.058017727639034e-05
103754,13.537725628760477,0.5560032232070911,560,681,1241,0.0,-0.0008333472224535399,0.555519742143441,8.058017727639034e-05
103755,13.536892281538023,0.5560032232070911,560,681,1241,0.0,-0.0008333472224535399,0.5556003223207174,8.058017727639034e-05
103756,13.53605893431557,0.5560032232070911,560,681,1241,0.0,-0.0008333472224535399,0.5556809024979937,8.058017727639034e-05
103757,13.535225587093116,0.5560032232070911,560,681,1241,0.0,-0.0008333472224535399,0.5557614826752701,8.058017727639034e-05
103758,13.534392239870662,0.5560032232070911,560,681,1241,0.0,-0.0008333472224535399,0.5558420628525464,8.058017727639034e-05
103759,13.533558892648209,0.5560032232070911,560,681,1241,0.0,-0.0008333472224535399,0.5559226430298227,8.058017727639034e-05
103760,13.532725545425755,0.5560032232070911,560,681,1241,0.0,-0.0008333472224535399,0.5560032232070992,8.058017727639034e-05
103761,13.531892198203302,0.5560032232070911,560,681,1241,0.0,-0.0008333472224535399,0.5560032232070992,0.0
103762,13.531058850980848,0.5560032232070911,560,681,1241,0.0,-0.0008333472224535399,0.5560032232070992,0.0
103763,13.530225503758395,0.5560032232070911,560,681,1241,0.0,-0.0008333472224535399,0.5560032232070992,0.0
103764,13.529392156535941,0.5560032232070911,560,681,1241,0.0,-0.0008333472224535399,0.5560032232070992,0.0
103765,13.528558809313488,0.5560032232070911,560,681,1241,0.0,-0.0008333472224535399,0.5560032232070992,0.0
103766,13.527725462091034,0.5560032232070911,560,681,1241,0.0,-0.0008333472224535399,0.5560032232070992,0.0
103767,13.52689211486858,0.5551974214343272,560,681,1241,-0.0008058017727639033,-0.0008333472224535399,0.5559226430298227,-8.058017727639034e-05
103768,13.526058767646127,0.5551974214343272,560,681,1241,0.0,-0.0008333472224535399,0.5558420628525464,-8.058017727639034e-05
103769,13.525225420423673,0.5551974214343272,560,681,1241,0.0,-0.0008333472224535399,0.5557614826752701,-8.058017727639034e-05
103770,13.52439207320122,0.5551974214343272,560,681,1241,0.0,-0.0008333472224535399,0.5556809024979937,-8.058017727639034e-05
103771,13.523558725978766,0.5551974214343272,560,681,1241,0.0,-0.0008333472224535399,0.5556003223207174,-8.058017727639034e-05
103772,13.522725378756313,0.5560032232070911,560,681,1241,0.0008058017727639033,-0.0008333472224535399,0.5556003223207174,0.0
103773,13.52189203153386,0.556809024979855,560,681,1241,0.0008058017727639033,-0.0008333472224535399,0.5556809024979937,8.058017727639034e-05
103774,13.521058684311406,0.556809024979855,560,681,1241,0.0,-0.0008333472224535399,0.5557614826752701,8.058017727639034e-05
103775,13.520225337088952,0.556809024979855,560,681,1241,0.0,-0.0008333472224535399,0.5558420628525464,8.058017727639034e-05
103776,13.519391989866499,0.556809024979855,560,681,1241,0.0,-0.0008333472224535399,0.5559226430298227,8.058017727639034e-05
103777,13.518558642644045,0.556809024979855,560,681,1241,0.0,-0.0008333472224535399,0.5560838033843756,0.00016116035455278067
103778,13.517725295421592,0.556809024979855,560,681,1241,0.0,-0.0008333472224535399,0.5562449637389284,0.00016116035455278067
103779,13.516891948199138,0.556809024979855,560,681,1241,0.0,-0.0008333472224535399,0.5564061240934811,0.00016116035455278067
103780,13.516058600976685,0.556809024979855,560,681,1241,0.0,-0.0008333472224535399,0.5565672844480339,0.00016116035455278067
103781,13.515225253754231,0.556809024979855,560,681,1241,0.0,-0.0008333472224535399,0.5567284448025867,0.00016116035455278067
103782,13.514391906531777,0.5560032232070911,560,681,1241,-0.0008058017727639033,-0.0008333472224535399,0.5567284448025868,0.0
103783,13.513558559309317,0.556809024979855,560,681,1241,0.0008058017727639033,-0.0008333472224606453,0.5567284448025868,0.0
103784,13.512725212086863,0.556809024979855,560,681,1241,0.0,-0.0008333472224535399,0.5567284448025868,0.0
103785,13.51189186486441,0.556809024979855,560,681,1241,0.0,-0.0008333472224535399,0.5567284448025868,0.0
103786,13.511058517641956,0.5576148267526189,560,681,1241,0.0008058017727639033,-0.0008333472224535399,0.5568090249798632,8.058017727639034e-05
103787,13.510225170419503,0.5576148267526189,560,681,1241,0.0,-0.0008333472224535399,0.5568896051571396,8.058017727639034e-05
103788,13.50939182319705,0.5576148267526189,560,681,1241,0.0,-0.0008333472224535399,0.5569701853344159,8.058017727639034e-05
103789,13.508558475974596,0.5576148267526189,560,681,1241,0.0,-0.0008333472224535399,0.5570507655116923,8.058017727639034e-05
103790,13.507725128752142,0.5576148267526189,560,681,1241,0.0,-0.0008333472224535399,0.5571313456889686,8.058017727639034e-05
103791,13.506891781529689,0.5576148267526189,560,681,1241,0.0,-0.0008333472224535399,0.5572119258662449,8.058017727639034e-05
103792,13.506058434307235,0.5576148267526189,560,681,1241,0.0,-0.0008333472224535399,0.5573730862207977,0.00016116035455278067
103793,13.505225087084781,0.5584206285253828,560,681,1241,0.0008058017727639033,-0.0008333472224535399,0.5575342465753506,0.00016116035455278067
103794,13.504391739862328,0.5584206285253828,560,681,1241,0.0,-0.0008333472224535399,0.5576954069299033,0.00016116035455278067
103795,13.503558392639874,0.5576148267526189,560,681,1241,-0.0008058017727639033,-0.0008333472224535399,0.5577759871071797,8.058017727639034e-05
103796,13.50272504541742,0.5576148267526189,560,681,1241,0.0,-0.0008333472224535399,0.5577759871071797,0.0
103797,13.501891698194967,0.5576148267526189,560,681,1241,0.0,-0.0008333472224535399,0.5577759871071797,0.0
103798,13.501058350972514,0.5576148267526189,560,681,1241,0.0,-0.0008333472224535399,0.5577759871071797,0.0
103799,13.50022500375006,0.5576148267526189,560,681,1241,0.0,-0.0008333472224535399,0.5577759871071797,0.0
103800,13.499391656527607,0.5576148267526189,560,681,1241,0.0,-0.0008333472224535399,0.5577759871071797,0.0
103801,13.498558309305153,0.5576148267526189,560,681,1241,0.0,-0.0008333472224535399,0.5577759871071797,0.0
103802,13.4977249620827,0.5576148267526189,560,681,1241,0.0,-0.0008333472224535399,0.5577759871071797,0.0
103803,13.496891614860246,0.5576148267526189,560,681,1241,0.0,-0.0008333472224535399,0.5576954069299033,-8.058017727639034e-05
103804,13.496058267637792,0.5576148267526189,560,681,1241,0.0,-0.0008333472224535399,0.557614826752627,-8.058017727639034e-05
103805,13.495224920415339,0.556809024979855,560,681,1241,-0.0008058017727639033,-0.0008333472224535399,0.5575342465753506,-8.058017727639034e-05
103806,13.494391573192885,0.556809024979855,560,681,1241,0.0,-0.0008333472224535399,0.5574536663980743,-8.058017727639034e-05
103807,13.493558225970432,0.556809024979855,560,681,1241,0.0,-0.0008333472224535399,0.557373086220798,-8.058017727639034e-05
103808,13.492724878747978,0.556809024979855,560,681,1241,0.0,-0.0008333472224535399,0.5572925060435215,-8.058017727639034e-05
103809,13.491891531525525,0.556809024979855,560,681,1241,0.0,-0.0008333472224535399,0.5572119258662452,-8.058017727639034e-05
103810,13.491058184303071,0.556809024979855,560,681,1241,0.0,-0.0008333472224535399,0.5571313456889688,-8.058017727639034e-05
103811,13.490224837080618,0.556809024979855,560,681,1241,0.0,-0.0008333472224535399,0.5570507655116925,-8.058017727639034e-05
103812,13.489391489858164,0.556809024979855,560,681,1241,0.0,-0.0008333472224535399,0.5569701853344162,-8.058017727639034e-05
103813,13.48855814263571,0.556809024979855,560,681,1241,0.0,-0.0008333472224535399,0.5568896051571398,-8.058017727639034e-05
103814,13.487724795413257,0.556809024979855,560,681,1241,0.0,-0.0008333472224535399,0.5568090249798635,-8.058017727639034e-05
103815,13.486891448190804,0.556809024979855,560,681,1241,0.0,-0.0008333472224535399,0.5568090249798635,0.0
103816,13.48605810096835,0.5576148267526189,560,681,1241,0.0008058017727639033,-0.0008333472224535399,0.5568896051571399,8.058017727639034e-05
103817,13.485224753745896,0.5576148267526189,560,681,1241,0.0,-0.0008333472224535399,0.5569701853344162,8.058017727639034e-05
103818,13.484391406523443,0.5576148267526189,560,681,1241,0.0,-0.0008333472224535399,0.5570507655116926,8.058017727639034e-05
103819,13.48355805930099,0.5576148267526189,560,681,1241,0.0,-0.0008333472224535399,0.5571313456889689,8.058017727639034e-05
103820,13.482724712078536,0.5576148267526189,560,681,1241,0.0,-0.0008333472224535399,0.5572119258662454,8.058017727639034e-05
103821,13.481891364856082,0.5576148267526189,560,681,1241,0.0,-0.0008333472224535399,0.5572925060435217,8.058017727639034e-05
103822,13.481058017633629,0.5576148267526189,560,681,1241,0.0,-0.0008333472224535399,0.557373086220798,8.058017727639034e-05
103823,13.480224670411175,0.556809024979855,560,681,1241,-0.0008058017727639033,-0.0008333472224535399,0.557373086220798,0.0
103824,13.479391323188722,0.556809024979855,560,681,1241,0.0,-0.0008333472224535399,0.557373086220798,0.0
103825,13.478557975966261,0.556809024979855,560,681,1241,0.0,-0.0008333472224606453,0.557373086220798,0.0
103826,13.477724628743808,0.556809024979855,560,681,1241,0.0,-0.0008333472224535399,0.5572925060435215,-8.058017727639034e-05
103827,13.476891281521354,0.556809024979855,560,681,1241,0.0,-0.0008333472224535399,0.5572119258662452,-8.058017727639034e-05
103828,13.4760579342989,0.556809024979855,560,681,1241,0.0,-0.0008333472224535399,0.5571313456889688,-8.058017727639034e-05
103829,13.475224587076447,0.556809024979855,560,681,1241,0.0,-0.0008333472224535399,0.5570507655116925,-8.058017727639034e-05
103830,13.474391239853993,0.556809024979855,560,681,1241,0.0,-0.0008333472224535399,0.5569701853344162,-8.058017727639034e-05
103831,13.47355789263154,0.556809024979855,560,681,1241,0.0,-0.0008333472224535399,0.5568896051571398,-8.058017727639034e-05
103832,13.472724545409086,0.556809024979855,560,681,1241,0.0,-0.0008333472224535399,0.5568090249798635,-8.058017727639034e-05
103833,13.471891198186633,0.556809024979855,560,681,1241,0.0,-0.0008333472224535399,0.5568090249798635,0.0
103834,13.47105785096418,0.556809024979855,560,681,1241,0.0,-0.0008333472224535399,0.5568090249798635,0.0
103835,13.470224503741726,0.556809024979855,560,681,1241,0.0,-0.0008333472224535399,0.5568090249798635,0.0
103836,13.469391156519272,0.556809024979855,560,681,1241,0.0,-0.0008333472224535399,0.5568090249798635,0.0
103837,13.468557809296819,0.556809024979855,560,681,1241,0.0,-0.0008333472224535399,0.5568090249798635,0.0
103838,13.467724462074365,0.5560032232070911,560,681,1241,-0.0008058017727639033,-0.0008333472224535399,0.5567284448025871,-8.058017727639034e-05
103839,13.466891114851911,0.556809024979855,560,681,1241,0.0008058017727639033,-0.0008333472224535399,0.5567284448025871,0.0
103840,13.466057767629458,0.556809024979855,560,681,1241,0.0,-0.0008333472224535399,0.5567284448025871,0.0
103841,13.465224420407004,0.556809024979855,560,681,1241,0.0,-0.0008333472224535399,0.5567284448025871,0.0
103842,13.46439107318455,0.556809024979855,560,681,1241,0.0,-0.0008333472224535399,0.5567284448025871,0.0
103843,13.463557725962097,0.556809024979855,560,681,1241,0.0,-0.0008333472224535399,0.5567284448025871,0.0
103844,13.462724378739644,0.556809024979855,560,681,1241,0.0,-0.0008333472224535399,0.5567284448025871,0.0
103845,13.46189103151719,0.556809024979855,560,681,1241,0.0,-0.0008333472224535399,0.5567284448025871,0.0
103846,13.461057684294737,0.556809024979855,560,681,1241,0.0,-0.0008333472224535399,0.5567284448025871,0.0
103847,13.460224337072283,0.556809024979855,560,681,1241,0.0,-0.0008333472224535399,0.5567284448025871,0.0
103848,13.45939098984983,0.556809024979855,560,681,1241,0.0,-0.0008333472224535399,0.5568090249798635,8.058017727639034e-05
103849,13.458557642627376,0.556809024979855,560,681,1241,0.0,-0.0008333472224535399,0.5568090249798635,0.0
103850,13.457724295404923,0.556809024979855,560,681,1241,0.0,-0.0008333472224535399,0.5568090249798635,0.0
103851,13.456890948182469,0.556809024979855,560,681,1241,0.0,-0.0008333472224535399,0.5568090249798635,0.0
103852,13.456057600960015,0.556809024979855,560,681,1241,0.0,-0.0008333472224535399,0.5568090249798635,0.0
103853,13.455224253737562,0.556809024979855,560,681,1241,0.0,-0.0008333472224535399,0.5568090249798635,0.0
103854,13.454390906515108,0.556809024979855,560,681,1241,0.0,-0.0008333472224535399,0.5568090249798635,0.0
103855,13.453557559292655,0.556809024979855,560,681,1241,0.0,-0.0008333472224535399,0.5568090249798635,0.0
103856,13.452724212070201,0.556809024979855,560,681,1241,0.0,-0.0008333472224535399,0.5568090249798635,0.0
103857,13.451890864847748,0.556809024979855,560,681,1241,0.0,-0.0008333472224535399,0.5568090249798635,0.0
103858,13.451057517625294,0.556809024979855,560,681,1241,0.0,-0.0008333472224535399,0.5568090249798635,0.0
103859,13.45022417040284,0.556809024979855,560,681,1241,0.0,-0.0008333472224535399,0.5568090249798635,0.0
103860,13.449390823180387,0.556809024979855,560,681,1241,0.0,-0.0008333472224535399,0.5568090249798635,0.0
103861,13.448557475957934,0.556809024979855,560,681,1241,0.0,-0.0008333472224535399,0.5568090249798635,0.0
103862,13.44772412873548,0.556809024979855,560,681,1241,0.0,-0.0008333472224535399,0.5568090249798635,0.0
103863,13.446890781513027,0.556809024979855,560,681,1241,0.0,-0.0008333472224535399,0.5568090249798635,0.0
103864,13.446057434290573,0.556809024979855,560,681,1241,0.0,-0.0008333472224535399,0.5568090249798635,0.0
103865,13.44522408706812,0.556809024979855,560,681,1241,0.0,-0.0008333472224535399,0.5568090249798635,0.0
103866,13.444390739845666,0.556809024979855,560,681,1241,0.0,-0.0008333472224535399,0.5568090249798635,0.0
103867,13.443557392623212,0.556809024979855,560,681,1241,0.0,-0.0008333472224535399,0.5568090249798635,0.0
103868,13.442724045400752,0.556809024979855,560,681,1241,0.0,-0.0008333472224606453,0.5568090249798635,0.0
103869,13.441890698178298,0.556809024979855,560,681,1241,0.0,-0.0008333472224535399,0.5568090249798635,0.0
103870,13.441057350955845,0.556809024979855,560,681,1241,0.0,-0.0008333472224535399,0.5568090249798635,0.0
103871,13.440224003733391,0.556809024979855,560,681,1241,0.0,-0.0008333472224535399,0.5568090249798635,0.0
103872,13.439390656510938,0.556809024979855,560,681,1241,0.0,-0.0008333472224535399,0.5568090249798635,0.0
103873,13.438557309288484,0.556809024979855,560,681,1241,0.0,-0.0008333472224535399,0.5568090249798635,0.0
103874,13.43772396206603,0.556809024979855,560,681,1241,0.0,-0.0008333472224535399,0.5568090249798635,0.0
103875,13.436890614843577,0.556809024979855,560,681,1241,0.0,-0.0008333472224535399,0.5568090249798635,0.0
103876,13.436057267621123,0.556809024979855,560,681,1241,0.0,-0.0008333472224535399,0.5568090249798635,0.0
103877,13.43522392039867,0.556809024979855,560,681,1241,0.0,-0.0008333472224535399,0.5568090249798635,0.0
103878,13.434390573176216,0.556809024979855,560,681,1241,0.0,-0.0008333472224535399,0.5568090249798635,0.0
103879,13.433557225953763,0.556809024979855,560,681,1241,0.0,-0.0008333472224535399,0.5568090249798635,0.0
103880,13.43272387873131,0.556809024979855,560,681,1241,0.0,-0.0008333472224535399,0.5568090249798635,0.0
103881,13.431890531508856,0.556809024979855,560,681,1241,0.0,-0.0008333472224535399,0.5568090249798635,0.0
103882,13.431057184286402,0.556809024979855,560,681,1241,0.0,-0.0008333472224535399,0.5568090249798635,0.0
103883,13.430223837063949,0.556809024979855,560,681,1241,0.0,-0.0008333472224535399,0.5568090249798635,0.0
103884,13.429390489841495,0.556809024979855,560,681,1241,0.0,-0.0008333472224535399,0.5568090249798635,0.0
103885,13.428557142619042,0.556809024979855,560,681,1241,0.0,-0.0008333472224535399,0.5568090249798635,0.0
103886,13.427723795396588,0.556809024979855,560,681,1241,0.0,-0.0008333472224535399,0.5568090249798635,0.0
103887,13.426890448174134,0.556809024979855,560,681,1241,0.0,-0.0008333472224535399,0.5568090249798635,0.0
103888,13.426057100951681,0.556809024979855,560,681,1241,0.0,-0.0008333472224535399,0.5568090249798635,0.0
103889,13.425223753729227,0.556809024979855,560,681,1241,0.0,-0.0008333472224535399,0.5568090249798635,0.0
103890,13.424390406506774,0.556809024979855,560,681,1241,0.0,-0.0008333472224535399,0.5568090249798635,0.0
103891,13.42355705928432,0.556809024979855,560,681,1241,0.0,-0.0008333472224535399,0.5568090249798635,0.0
103892,13.422723712061867,0.556809024979855,560,681,1241,0.0,-0.0008333472224535399,0.5568090249798635,0.0
103893,13.421890364839413,0.556809024979855,560,681,1241,0.0,-0.0008333472224535399,0.5568090249798635,0.0
103894,13.42105701761696,0.556809024979855,560,681,1241,0.0,-0.0008333472224535399,0.5568090249798635,0.0
103895,13.420223670394506,0.556809024979855,560,681,1241,0.0,-0.0008333472224535399,0.5568090249798635,0.0
103896,13.419390323172053,0.556809024979855,560,681,1241,0.0,-0.0008333472224535399,0.5568090249798635,0.0
103897,13.418556975949599,0.5560032232070911,560,681,1241,-0.0008058017727639033,-0.0008333472224535399,0.5567284448025871,-8.058017727639034e-05
103898,13.417723628727146,0.5560032232070911,560,681,1241,0.0,-0.0008333472224535399,0.5566478646253107,-8.058017727639034e-05
103899,13.416890281504692,0.5560032232070911,560,681,1241,0.0,-0.0008333472224535399,0.5565672844480344,-8.058017727639034e-05
103900,13.416056934282238,0.5560032232070911,560,681,1241,0.0,-0.0008333472224535399,0.556486704270758,-8.058017727639034e-05
103901,13.415223587059785,0.5560032232070911,560,681,1241,0.0,-0.0008333472224535399,0.5564061240934817,-8.058017727639034e-05
103902,13.414390239837331,0.5560032232070911,560,681,1241,0.0,-0.0008333472224535399,0.5563255439162054,-8.058017727639034e-05
103903,13.413556892614878,0.5560032232070911,560,681,1241,0.0,-0.0008333472224535399,0.556244963738929,-8.058017727639034e-05
103904,13.412723545392424,0.5560032232070911,560,681,1241,0.0,-0.0008333472224535399,0.5561643835616527,-8.058017727639034e-05
103905,13.41189019816997,0.5560032232070911,560,681,1241,0.0,-0.0008333472224535399,0.5560838033843762,-8.058017727639034e-05
103906,13.411056850947517,0.5560032232070911,560,681,1241,0.0,-0.0008333472224535399,0.5560032232070999,-8.058017727639034e-05
103907,13.410223503725064,0.556809024979855,560,681,1241,0.0008058017727639033,-0.0008333472224535399,0.5560838033843764,8.058017727639034e-05
103908,13.40939015650261,0.556809024979855,560,681,1241,0.0,-0.0008333472224535399,0.5561643835616528,8.058017727639034e-05
103909,13.408556809280157,0.556809024979855,560,681,1241,0.0,-0.0008333472224535399,0.5562449637389291,8.058017727639034e-05
103910,13.407723462057696,0.556809024979855,560,681,1241,0.0,-0.0008333472224606453,0.5563255439162054,8.058017727639034e-05
103911,13.406890114835242,0.556809024979855,560,681,1241,0.0,-0.0008333472224535399,0.5564061240934818,8.058017727639034e-05
103912,13.406056767612789,0.556809024979855,560,681,1241,0.0,-0.0008333472224535399,0.5564867042707581,8.058017727639034e-05
103913,13.405223420390335,0.556809024979855,560,681,1241,0.0,-0.0008333472224535399,0.5565672844480345,8.058017727639034e-05
103914,13.404390073167882,0.556809024979855,560,681,1241,0.0,-0.0008333472224535399,0.5566478646253108,8.058017727639034e-05
103915,13.403556725945428,0.556809024979855,560,681,1241,0.0,-0.0008333472224535399,0.5567284448025871,8.058017727639034e-05
103916,13.402723378722975,0.5560032232070911,560,681,1241,-0.0008058017727639033,-0.0008333472224535399,0.5567284448025871,0.0
103917,13.401890031500521,0.5560032232070911,560,681,1241,0.0,-0.0008333472224535399,0.5566478646253107,-8.058017727639034e-05
103918,13.401056684278068,0.5560032232070911,560,681,1241,0.0,-0.0008333472224535399,0.5565672844480344,-8.058017727639034e-05
103919,13.400223337055614,0.5560032232070911,560,681,1241,0.0,-0.0008333472224535399,0.556486704270758,-8.058017727639034e-05
103920,13.39938998983316,0.5560032232070911,560,681,1241,0.0,-0.0008333472224535399,0.5564061240934817,-8.058017727639034e-05
103921,13.398556642610707,0.5560032232070911,560,681,1241,0.0,-0.0008333472224535399,0.5563255439162054,-8.058017727639034e-05
103922,13.397723295388253,0.5560032232070911,560,681,1241,0.0,-0.0008333472224535399,0.556244963738929,-8.058017727639034e-05
103923,13.3968899481658,0.5560032232070911,560,681,1241,0.0,-0.0008333472224535399,0.5561643835616527,-8.058017727639034e-05
103924,13.396056600943346,0.5560032232070911,560,681,1241,0.0,-0.0008333472224535399,0.5560838033843762,-8.058017727639034e-05
103925,13.395223253720893,0.5560032232070911,560,681,1241,0.0,-0.0008333472224535399,0.5560032232070999,-8.058017727639034e-05
103926,13.39438990649844,0.5560032232070911,560,681,1241,0.0,-0.0008333472224535399,0.5560032232071,0.0
103927,13.393556559275986,0.5560032232070911,560,681,1241,0.0,-0.0008333472224535399,0.5560032232071,0.0
103928,13.392723212053532,0.5560032232070911,560,681,1241,0.0,-0.0008333472224535399,0.5560032232071,0.0
103929,13.391889864831079,0.5560032232070911,560,681,1241,0.0,-0.0008333472224535399,0.5560032232071,0.0
103930,13.391056517608625,0.5560032232070911,560,681,1241,0.0,-0.0008333472224535399,0.5560032232071,0.0
103931,13.390223170386172,0.5560032232070911,560,681,1241,0.0,-0.0008333472224535399,0.5560032232071,0.0
103932,13.389389823163718,0.5560032232070911,560,681,1241,0.0,-0.0008333472224535399,0.5560032232071,0.0
103933,13.388556475941265,0.5560032232070911,560,681,1241,0.0,-0.0008333472224535399,0.5560032232071,0.0
103934,13.387723128718811,0.5560032232070911,560,681,1241,0.0,-0.0008333472224535399,0.5560032232071,0.0
103935,13.386889781496357,0.5560032232070911,560,681,1241,0.0,-0.0008333472224535399,0.5560032232071,0.0
103936,13.386056434273904,0.5560032232070911,560,681,1241,0.0,-0.0008333472224535399,0.5560032232071,0.0
103937,13.38522308705145,0.5551974214343272,560,681,1241,-0.0008058017727639033,-0.0008333472224535399,0.5559226430298236,-8.058017727639034e-05
103938,13.384389739828997,0.5551974214343272,560,681,1241,0.0,-0.0008333472224535399,0.5558420628525473,-8.058017727639034e-05
103939,13.383556392606543,0.5551974214343272,560,681,1241,0.0,-0.0008333472224535399,0.555761482675271,-8.058017727639034e-05
103940,13.38272304538409,0.5551974214343272,560,681,1241,0.0,-0.0008333472224535399,0.5556809024979946,-8.058017727639034e-05
103941,13.381889698161636,0.5551974214343272,560,681,1241,0.0,-0.0008333472224535399,0.5556003223207183,-8.058017727639034e-05
103942,13.381056350939183,0.5551974214343272,560,681,1241,0.0,-0.0008333472224535399,0.5555197421434419,-8.058017727639034e-05
103943,13.38022300371673,0.5551974214343272,560,681,1241,0.0,-0.0008333472224535399,0.5554391619661656,-8.058017727639034e-05
103944,13.379389656494276,0.5551974214343272,560,681,1241,0.0,-0.0008333472224535399,0.5553585817888893,-8.058017727639034e-05
103945,13.378556309271822,0.5551974214343272,560,681,1241,0.0,-0.0008333472224535399,0.5552780016116129,-8.058017727639034e-05
103946,13.377722962049369,0.5560032232070911,560,681,1241,0.0008058017727639033,-0.0008333472224535399,0.5552780016116129,0.0
103947,13.376889614826915,0.5560032232070911,560,681,1241,0.0,-0.0008333472224535399,0.5553585817888893,8.058017727639034e-05
103948,13.376056267604461,0.5560032232070911,560,681,1241,0.0,-0.0008333472224535399,0.5554391619661656,8.058017727639034e-05
103949,13.375222920382008,0.5560032232070911,560,681,1241,0.0,-0.0008333472224535399,0.5555197421434419,8.058017727639034e-05
103950,13.374389573159554,0.5560032232070911,560,681,1241,0.0,-0.0008333472224535399,0.5556003223207183,8.058017727639034e-05
103951,13.3735562259371,0.5560032232070911,560,681,1241,0.0,-0.0008333472224535399,0.5556809024979946,8.058017727639034e-05
103952,13.37272287871464,0.5560032232070911,560,681,1241,0.0,-0.0008333472224606453,0.555761482675271,8.058017727639034e-05
103953,13.371889531492187,0.5560032232070911,560,681,1241,0.0,-0.0008333472224535399,0.5558420628525473,8.058017727639034e-05
103954,13.371056184269733,0.5560032232070911,560,681,1241,0.0,-0.0008333472224535399,0.5559226430298236,8.058017727639034e-05
103955,13.37022283704728,0.556809024979855,560,681,1241,0.0008058017727639033,-0.0008333472224535399,0.5560838033843765,0.00016116035455278067
103956,13.369389489824826,0.556809024979855,560,681,1241,0.0,-0.0008333472224535399,0.5561643835616529,8.058017727639034e-05
103957,13.368556142602372,0.556809024979855,560,681,1241,0.0,-0.0008333472224535399,0.5562449637389293,8.058017727639034e-05
103958,13.367722795379919,0.5560032232070911,560,681,1241,-0.0008058017727639033,-0.0008333472224535399,0.5562449637389293,0.0
103959,13.366889448157465,0.5560032232070911,560,681,1241,0.0,-0.0008333472224535399,0.5562449637389293,0.0
103960,13.366056100935012,0.5560032232070911,560,681,1241,0.0,-0.0008333472224535399,0.5562449637389293,0.0
103961,13.365222753712558,0.5560032232070911,560,681,1241,0.0,-0.0008333472224535399,0.5562449637389293,0.0
103962,13.364389406490105,0.5560032232070911,560,681,1241,0.0,-0.0008333472224535399,0.5562449637389293,0.0
103963,13.363556059267651,0.5560032232070911,560,681,1241,0.0,-0.0008333472224535399,0.5562449637389293,0.0
103964,13.362722712045198,0.5560032232070911,560,681,1241,0.0,-0.0008333472224535399,0.5562449637389293,0.0
103965,13.361889364822744,0.5560032232070911,560,681,1241,0.0,-0.0008333472224535399,0.5561643835616528,-8.058017727639034e-05
103966,13.36105601760029,0.5560032232070911,560,681,1241,0.0,-0.0008333472224535399,0.5560838033843765,-8.058017727639034e-05
103967,13.360222670377837,0.5560032232070911,560,681,1241,0.0,-0.0008333472224535399,0.5560032232071002,-8.058017727639034e-05
103968,13.359389323155384,0.5560032232070911,560,681,1241,0.0,-0.0008333472224535399,0.5560032232071002,0.0
103969,13.35855597593293,0.5560032232070911,560,681,1241,0.0,-0.0008333472224535399,0.5560032232071002,0.0
103970,13.357722628710476,0.5560032232070911,560,681,1241,0.0,-0.0008333472224535399,0.5560032232071002,0.0
103971,13.356889281488023,0.5560032232070911,560,681,1241,0.0,-0.0008333472224535399,0.5560032232071002,0.0
103972,13.35605593426557,0.5560032232070911,560,681,1241,0.0,-0.0008333472224535399,0.5560032232071002,0.0
103973,13.355222587043116,0.5560032232070911,560,681,1241,0.0,-0.0008333472224535399,0.5560032232071002,0.0
103974,13.354389239820662,0.5560032232070911,560,681,1241,0.0,-0.0008333472224535399,0.5560032232071002,0.0
103975,13.353555892598209,0.5560032232070911,560,681,1241,0.0,-0.0008333472224535399,0.5560032232071002,0.0
103976,13.352722545375755,0.5560032232070911,560,681,1241,0.0,-0.0008333472224535399,0.5560032232071002,0.0
103977,13.351889198153302,0.556809024979855,560,681,1241,0.0008058017727639033,-0.0008333472224535399,0.5560838033843766,8.058017727639034e-05
103978,13.351055850930848,0.556809024979855,560,681,1241,0.0,-0.0008333472224535399,0.5561643835616529,8.058017727639034e-05
103979,13.350222503708395,0.556809024979855,560,681,1241,0.0,-0.0008333472224535399,0.5562449637389293,8.058017727639034e-05
103980,13.349389156485941,0.556809024979855,560,681,1241,0.0,-0.0008333472224535399,0.5563255439162056,8.058017727639034e-05
103981,13.348555809263488,0.556809024979855,560,681,1241,0.0,-0.0008333472224535399,0.5564061240934819,8.058017727639034e-05
103982,13.347722462041034,0.556809024979855,560,681,1241,0.0,-0.0008333472224535399,0.5564867042707583,8.058017727639034e-05
103983,13.34688911481858,0.556809024979855,560,681,1241,0.0,-0.0008333472224535399,0.5565672844480346,8.058017727639034e-05
103984,13.346055767596127,0.556809024979855,560,681,1241,0.0,-0.0008333472224535399,0.556647864625311,8.058017727639034e-05
103985,13.345222420373673,0.556809024979855,560,681,1241,0.0,-0.0008333472224535399,0.5567284448025873,8.058017727639034e-05
103986,13.34438907315122,0.556809024979855,560,681,1241,0.0,-0.0008333472224535399,0.5568090249798636,8.058017727639034e-05
103987,13.343555725928766,0.556809024979855,560,681,1241,0.0,-0.0008333472224535399,0.5568090249798636,0.0
103988,13.342722378706313,0.556809024979855,560,681,1241,0.0,-0.0008333472224535399,0.5568090249798636,0.0
103989,13.34188903148386,0.556809024979855,560,681,1241,0.0,-0.0008333472224535399,0.5568090249798636,0.0
103990,13.341055684261406,0.556809024979855,560,681,1241,0.0,-0.0008333472224535399,0.5568090249798636,0.0
103991,13.340222337038952,0.556809024979855,560,681,1241,0.0,-0.0008333472224535399,0.5568090249798636,0.0
103992,13.339388989816499,0.556809024979855,560,681,1241,0.0,-0.0008333472224535399,0.5568090249798636,0.0
103993,13.338555642594045,0.556809024979855,560,681,1241,0.0,-0.0008333472224535399,0.5568090249798636,0.0
103994,13.337722295371591,0.556809024979855,560,681,1241,0.0,-0.0008333472224535399,0.5568090249798636,0.0
103995,13.33688894814913,0.556809024979855,560,681,1241,0.0,-0.0008333472224606453,0.5568090249798636,0.0
103996,13.336055600926677,0.556809024979855,560,681,1241,0.0,-0.0008333472224535399,0.5568090249798636,0.0
103997,13.335222253704224,0.556809024979855,560,681,1241,0.0,-0.0008333472224535399,0.5568090249798636,0.0
103998,13.33438890648177,0.556809024979855,560,681,1241,0.0,-0.0008333472224535399,0.5568090249798636,0.0
103999,13.333555559259317,0.556809024979855,560,681,1241,0.0,-0.0008333472224535399,0.5568090249798636,0.0
104000,13.332722212036863,0.556809024979855,560,681,1241,0.0,-0.0008333472224535399,0.5568090249798636,0.0
104001,13.33188886481441,0.556809024979855,560,681,1241,0.0,-0.0008333472224535399,0.5568090249798636,0.0
104002,13.331055517591956,0.556809024979855,560,681,1241,0.0,-0.0008333472224535399,0.5568090249798636,0.0
104003,13.330222170369503,0.556809024979855,560,681,1241,0.0,-0.0008333472224535399,0.5568090249798636,0.0
104004,13.329388823147049,0.556809024979855,560,681,1241,0.0,-0.0008333472224535399,0.5568090249798636,0.0
104005,13.328555475924595,0.556809024979855,560,681,1241,0.0,-0.0008333472224535399,0.5568090249798636,0.0
104006,13.327722128702142,0.556809024979855,560,681,1241,0.0,-0.0008333472224535399,0.5568090249798636,0.0
104007,13.326888781479688,0.556809024979855,560,681,1241,0.0,-0.0008333472224535399,0.5568090249798636,0.0
104008,13.326055434257235,0.556809024979855,560,681,1241,0.0,-0.0008333472224535399,0.5568090249798636,0.0
104009,13.325222087034781,0.556809024979855,560,681,1241,0.0,-0.0008333472224535399,0.5568090249798636,0.0
104010,13.324388739812328,0.556809024979855,560,681,1241,0.0,-0.0008333472224535399,0.5568090249798636,0.0
104011,13.323555392589874,0.556809024979855,560,681,1241,0.0,-0.0008333472224535399,0.5568090249798636,0.0
104012,13.32272204536742,0.556809024979855,560,681,1241,0.0,-0.0008333472224535399,0.5568090249798636,0.0
104013,13.321888698144967,0.556809024979855,560,681,1241,0.0,-0.0008333472224535399,0.5568090249798636,0.0
104014,13.321055350922514,0.556809024979855,560,681,1241,0.0,-0.0008333472224535399,0.5568090249798636,0.0
104015,13.32022200370006,0.556809024979855,560,681,1241,0.0,-0.0008333472224535399,0.5568090249798636,0.0
104016,13.319388656477607,0.556809024979855,560,681,1241,0.0,-0.0008333472224535399,0.5568090249798636,0.0
104017,13.318555309255153,0.556809024979855,560,681,1241,0.0,-0.0008333472224535399,0.5568090249798636,0.0
104018,13.3177219620327,0.556809024979855,560,681,1241,0.0,-0.0008333472224535399,0.5568090249798636,0.0
104019,13.316888614810246,0.556809024979855,560,681,1241,0.0,-0.0008333472224535399,0.5568090249798636,0.0
104020,13.316055267587792,0.556809024979855,560,681,1241,0.0,-0.0008333472224535399,0.5568090249798636,0.0
104021,13.315221920365339,0.556809024979855,560,681,1241,0.0,-0.0008333472224535399,0.5568090249798636,0.0
104022,13.314388573142885,0.556809024979855,560,681,1241,0.0,-0.0008333472224535399,0.5568090249798636,0.0
104023,13.313555225920432,0.5576148267526189,560,681,1241,0.0008058017727639033,-0.0008333472224535399,0.5568896051571401,8.058017727639034e-05
104024,13.312721878697978,0.556809024979855,560,681,1241,-0.0008058017727639033,-0.0008333472224535399,0.5568896051571401,0.0
104025,13.311888531475525,0.556809024979855,560,681,1241,0.0,-0.0008333472224535399,0.5568896051571401,0.0
104026,13.311055184253071,0.556809024979855,560,681,1241,0.0,-0.0008333472224535399,0.5568896051571401,0.0
104027,13.310221837030618,0.556809024979855,560,681,1241,0.0,-0.0008333472224535399,0.5568896051571401,0.0
104028,13.309388489808164,0.556809024979855,560,681,1241,0.0,-0.0008333472224535399,0.5568896051571401,0.0
104029,13.30855514258571,0.556809024979855,560,681,1241,0.0,-0.0008333472224535399,0.5568896051571401,0.0
104030,13.307721795363257,0.556809024979855,560,681,1241,0.0,-0.0008333472224535399,0.5568896051571401,0.0
104031,13.306888448140803,0.556809024979855,560,681,1241,0.0,-0.0008333472224535399,0.5568896051571401,0.0
104032,13.30605510091835,0.556809024979855,560,681,1241,0.0,-0.0008333472224535399,0.5568896051571401,0.0
104033,13.305221753695896,0.556809024979855,560,681,1241,0.0,-0.0008333472224535399,0.5568090249798636,-8.058017727639034e-05
104034,13.304388406473443,0.556809024979855,560,681,1241,0.0,-0.0008333472224535399,0.5568090249798636,0.0
104035,13.30355505925099,0.556809024979855,560,681,1241,0.0,-0.0008333472224535399,0.5568090249798636,0.0
104036,13.302721712028536,0.556809024979855,560,681,1241,0.0,-0.0008333472224535399,0.5568090249798636,0.0
104037,13.301888364806075,0.556809024979855,560,681,1241,0.0,-0.0008333472224606453,0.5568090249798636,0.0
104038,13.301055017583622,0.556809024979855,560,681,1241,0.0,-0.0008333472224535399,0.5568090249798636,0.0
104039,13.300221670361168,0.556809024979855,560,681,1241,0.0,-0.0008333472224535399,0.5568090249798636,0.0
104040,13.299388323138714,0.556809024979855,560,681,1241,0.0,-0.0008333472224535399,0.5568090249798636,0.0
104041,13.298554975916261,0.556809024979855,560,681,1241,0.0,-0.0008333472224535399,0.5568090249798636,0.0
104042,13.297721628693807,0.556809024979855,560,681,1241,0.0,-0.0008333472224535399,0.5568090249798636,0.0
104043,13.296888281471354,0.556809024979855,560,681,1241,0.0,-0.0008333472224535399,0.5568090249798636,0.0
104044,13.2960549342489,0.556809024979855,560,681,1241,0.0,-0.0008333472224535399,0.5568090249798636,0.0
104045,13.295221587026447,0.556809024979855,560,681,1241,0.0,-0.0008333472224535399,0.5568090249798636,0.0
104046,13.294388239803993,0.5576148267526189,560,681,1241,0.0008058017727639033,-0.0008333472224535399,0.5568896051571401,8.058017727639034e-05
104047,13.29355489258154,0.5576148267526189,560,681,1241,0.0,-0.0008333472224535399,0.5569701853344164,8.058017727639034e-05
104048,13.292721545359086,0.5584206285253828,560,681,1241,0.0008058017727639033,-0.0008333472224535399,0.5571313456889693,0.00016116035455278067
104049,13.291888198136633,0.5576148267526189,560,681,1241,-0.0008058017727639033,-0.0008333472224535399,0.5572119258662457,8.058017727639034e-05
104050,13.291054850914179,0.5576148267526189,560,681,1241,0.0,-0.0008333472224535399,0.557292506043522,8.058017727639034e-05
104051,13.290221503691726,0.5576148267526189,560,681,1241,0.0,-0.0008333472224535399,0.5573730862207984,8.058017727639034e-05
104052,13.289388156469272,0.5576148267526189,560,681,1241,0.0,-0.0008333472224535399,0.5574536663980747,8.058017727639034e-05
104053,13.288554809246818,0.5576148267526189,560,681,1241,0.0,-0.0008333472224535399,0.557534246575351,8.058017727639034e-05
104054,13.287721462024365,0.5576148267526189,560,681,1241,0.0,-0.0008333472224535399,0.5576148267526274,8.058017727639034e-05
104055,13.286888114801911,0.5576148267526189,560,681,1241,0.0,-0.0008333472224535399,0.5576954069299037,8.058017727639034e-05
104056,13.286054767579458,0.5576148267526189,560,681,1241,0.0,-0.0008333472224535399,0.5576954069299036,0.0
104057,13.285221420357004,0.5576148267526189,560,681,1241,0.0,-0.0008333472224535399,0.5576954069299036,0.0
104058,13.28438807313455,0.5576148267526189,560,681,1241,0.0,-0.0008333472224535399,0.5576148267526273,-8.058017727639034e-05
104059,13.283554725912097,0.5576148267526189,560,681,1241,0.0,-0.0008333472224535399,0.5576148267526273,0.0
104060,13.282721378689644,0.5576148267526189,560,681,1241,0.0,-0.0008333472224535399,0.5576148267526273,0.0
104061,13.28188803146719,0.5576148267526189,560,681,1241,0.0,-0.0008333472224535399,0.5576148267526273,0.0
104062,13.281054684244737,0.5576148267526189,560,681,1241,0.0,-0.0008333472224535399,0.5576148267526273,0.0
104063,13.280221337022283,0.5584206285253828,560,681,1241,0.0008058017727639033,-0.0008333472224535399,0.5576954069299036,8.058017727639034e-05
104064,13.27938798979983,0.5584206285253828,560,681,1241,0.0,-0.0008333472224535399,0.55777598710718,8.058017727639034e-05
104065,13.278554642577376,0.5584206285253828,560,681,1241,0.0,-0.0008333472224535399,0.5578565672844563,8.058017727639034e-05
104066,13.277721295354922,0.5584206285253828,560,681,1241,0.0,-0.0008333472224535399,0.5579371474617327,8.058017727639034e-05
104067,13.276887948132469,0.5584206285253828,560,681,1241,0.0,-0.0008333472224535399,0.558017727639009,8.058017727639034e-05
104068,13.276054600910015,0.5584206285253828,560,681,1241,0.0,-0.0008333472224535399,0.5580983078162853,8.058017727639034e-05
104069,13.275221253687562,0.5584206285253828,560,681,1241,0.0,-0.0008333472224535399,0.5581788879935617,8.058017727639034e-05
104070,13.274387906465108,0.5584206285253828,560,681,1241,0.0,-0.0008333472224535399,0.558259468170838,8.058017727639034e-05
104071,13.273554559242655,0.5584206285253828,560,681,1241,0.0,-0.0008333472224535399,0.5583400483481145,8.058017727639034e-05
104072,13.272721212020201,0.5584206285253828,560,681,1241,0.0,-0.0008333472224535399,0.5584206285253908,8.058017727639034e-05
104073,13.271887864797748,0.5584206285253828,560,681,1241,0.0,-0.0008333472224535399,0.5584206285253908,0.0
104074,13.271054517575294,0.5584206285253828,560,681,1241,0.0,-0.0008333472224535399,0.5584206285253908,0.0
104075,13.27022117035284,0.5584206285253828,560,681,1241,0.0,-0.0008333472224535399,0.5584206285253908,0.0
104076,13.269387823130387,0.5584206285253828,560,681,1241,0.0,-0.0008333472224535399,0.5584206285253908,0.0
104077,13.268554475907933,0.5584206285253828,560,681,1241,0.0,-0.0008333472224535399,0.5584206285253908,0.0
104078,13.26772112868548,0.5584206285253828,560,681,1241,0.0,-0.0008333472224535399,0.5584206285253908,0.0
104079,13.26688778146302,0.5584206285253828,560,681,1241,0.0,-0.0008333472224606453,0.5584206285253908,0.0
104080,13.266054434240566,0.5584206285253828,560,681,1241,0.0,-0.0008333472224535399,0.5584206285253908,0.0
104081,13.265221087018112,0.5584206285253828,560,681,1241,0.0,-0.0008333472224535399,0.5584206285253908,0.0
104082,13.264387739795659,0.5584206285253828,560,681,1241,0.0,-0.0008333472224535399,0.5584206285253908,0.0
104083,13.263554392573205,0.5584206285253828,560,681,1241,0.0,-0.0008333472224535399,0.5584206285253908,0.0
104084,13.262721045350752,0.5584206285253828,560,681,1241,0.0,-0.0008333472224535399,0.5584206285253908,0.0
104085,13.261887698128298,0.5584206285253828,560,681,1241,0.0,-0.0008333472224535399,0.5584206285253908,0.0
104086,13.261054350905845,0.5584206285253828,560,681,1241,0.0,-0.0008333472224535399,0.5584206285253908,0.0
104087,13.260221003683391,0.5584206285253828,560,681,1241,0.0,-0.0008333472224535399,0.5584206285253908,0.0
104088,13.259387656460937,0.5584206285253828,560,681,1241,0.0,-0.0008333472224535399,0.5584206285253908,0.0
104089,13.258554309238484,0.5584206285253828,560,681,1241,0.0,-0.0008333472224535399,0.5584206285253908,0.0
104090,13.25772096201603,0.5584206285253828,560,681,1241,0.0,-0.0008333472224535399,0.5584206285253908,0.0
104091,13.256887614793577,0.5584206285253828,560,681,1241,0.0,-0.0008333472224535399,0.5584206285253908,0.0
104092,13.256054267571123,0.5584206285253828,560,681,1241,0.0,-0.0008333472224535399,0.5584206285253908,0.0
104093,13.25522092034867,0.5584206285253828,560,681,1241,0.0,-0.0008333472224535399,0.5584206285253908,0.0
104094,13.254387573126216,0.5584206285253828,560,681,1241,0.0,-0.0008333472224535399,0.5584206285253908,0.0
104095,13.253554225903763,0.5584206285253828,560,681,1241,0.0,-0.0008333472224535399,0.5584206285253908,0.0
104096,13.252720878681309,0.5584206285253828,560,681,1241,0.0,-0.0008333472224535399,0.5584206285253908,0.0
104097,13.251887531458856,0.5584206285253828,560,681,1241,0.0,-0.0008333472224535399,0.5584206285253908,0.0
104098,13.251054184236402,0.5584206285253828,560,681,1241,0.0,-0.0008333472224535399,0.5584206285253908,0.0
104099,13.250220837013948,0.5584206285253828,560,681,1241,0.0,-0.0008333472224535399,0.5584206285253908,0.0
104100,13.249387489791495,0.5584206285253828,560,681,1241,0.0,-0.0008333472224535399,0.5584206285253908,0.0
104101,13.248554142569041,0.5584206285253828,560,681,1241,0.0,-0.0008333472224535399,0.5584206285253908,0.0
104102,13.247720795346588,0.5584206285253828,560,681,1241,0.0,-0.0008333472224535399,0.5584206285253908,0.0
104103,13.246887448124134,0.5584206285253828,560,681,1241,0.0,-0.0008333472224535399,0.5584206285253908,0.0
104104,13.24605410090168,0.5584206285253828,560,681,1241,0.0,-0.0008333472224535399,0.5584206285253908,0.0
104105,13.245220753679227,0.5576148267526189,560,681,1241,-0.0008058017727639033,-0.0008333472224535399,0.5583400483481145,-8.058017727639034e-05
104106,13.244387406456774,0.5576148267526189,560,681,1241,0.0,-0.0008333472224535399,0.558259468170838,-8.058017727639034e-05
104107,13.24355405923432,0.5576148267526189,560,681,1241,0.0,-0.0008333472224535399,0.5581788879935617,-8.058017727639034e-05
104108,13.242720712011867,0.5576148267526189,560,681,1241,0.0,-0.0008333472224535399,0.5580983078162853,-8.058017727639034e-05
104109,13.241887364789413,0.5576148267526189,560,681,1241,0.0,-0.0008333472224535399,0.558017727639009,-8.058017727639034e-05
104110,13.24105401756696,0.5576148267526189,560,681,1241,0.0,-0.0008333472224535399,0.5579371474617327,-8.058017727639034e-05
104111,13.240220670344506,0.5576148267526189,560,681,1241,0.0,-0.0008333472224535399,0.5578565672844563,-8.058017727639034e-05
104112,13.239387323122052,0.5576148267526189,560,681,1241,0.0,-0.0008333472224535399,0.55777598710718,-8.058017727639034e-05
104113,13.238553975899599,0.5576148267526189,560,681,1241,0.0,-0.0008333472224535399,0.5576954069299036,-8.058017727639034e-05
104114,13.237720628677145,0.5576148267526189,560,681,1241,0.0,-0.0008333472224535399,0.5576148267526273,-8.058017727639034e-05
104115,13.236887281454692,0.5576148267526189,560,681,1241,0.0,-0.0008333472224535399,0.5576148267526273,0.0
104116,13.236053934232238,0.5576148267526189,560,681,1241,0.0,-0.0008333472224535399,0.5576148267526273,0.0
104117,13.235220587009785,0.5576148267526189,560,681,1241,0.0,-0.0008333472224535399,0.5576148267526273,0.0
104118,13.234387239787331,0.5576148267526189,560,681,1241,0.0,-0.0008333472224535399,0.5576148267526273,0.0
104119,13.233553892564878,0.5576148267526189,560,681,1241,0.0,-0.0008333472224535399,0.5576148267526273,0.0
104120,13.232720545342424,0.5576148267526189,560,681,1241,0.0,-0.0008333472224535399,0.5576148267526273,0.0
104121,13.23188719811997,0.5576148267526189,560,681,1241,0.0,-0.0008333472224535399,0.5576148267526273,0.0
104122,13.23105385089751,0.5576148267526189,560,681,1241,0.0,-0.0008333472224606453,0.5576148267526273,0.0
104123,13.230220503675056,0.5576148267526189,560,681,1241,0.0,-0.0008333472224535399,0.5576148267526273,0.0
104124,13.229387156452603,0.5576148267526189,560,681,1241,0.0,-0.0008333472224535399,0.5576148267526273,0.0
104125,13.22855380923015,0.5576148267526189,560,681,1241,0.0,-0.0008333472224535399,0.5576148267526273,0.0
104126,13.227720462007696,0.5576148267526189,560,681,1241,0.0,-0.0008333472224535399,0.5576148267526273,0.0
104127,13.226887114785242,0.5576148267526189,560,681,1241,0.0,-0.0008333472224535399,0.5576148267526273,0.0
104128,13.226053767562789,0.556809024979855,560,681,1241,-0.0008058017727639033,-0.0008333472224535399,0.557534246575351,-8.058017727639034e-05
104129,13.225220420340335,0.556809024979855,560,681,1241,0.0,-0.0008333472224535399,0.5574536663980746,-8.058017727639034e-05
104130,13.224387073117882,0.556809024979855,560,681,1241,0.0,-0.0008333472224535399,0.5573730862207983,-8.058017727639034e-05
104131,13.223553725895428,0.556809024979855,560,681,1241,0.0,-0.0008333472224535399,0.5572925060435219,-8.058017727639034e-05
104132,13.222720378672975,0.556809024979855,560,681,1241,0.0,-0.0008333472224535399,0.5572119258662456,-8.058017727639034e-05
104133,13.221887031450521,0.556809024979855,560,681,1241,0.0,-0.0008333472224535399,0.5571313456889693,-8.058017727639034e-05
104134,13.221053684228067,0.556809024979855,560,681,1241,0.0,-0.0008333472224535399,0.5570507655116929,-8.058017727639034e-05
104135,13.220220337005614,0.556809024979855,560,681,1241,0.0,-0.0008333472224535399,0.5569701853344166,-8.058017727639034e-05
104136,13.21938698978316,0.556809024979855,560,681,1241,0.0,-0.0008333472224535399,0.5568896051571401,-8.058017727639034e-05
104137,13.218553642560707,0.556809024979855,560,681,1241,0.0,-0.0008333472224535399,0.5568090249798638,-8.058017727639034e-05
104138,13.217720295338253,0.5576148267526189,560,681,1241,0.0008058017727639033,-0.0008333472224535399,0.5568896051571403,8.058017727639034e-05
104139,13.2168869481158,0.5576148267526189,560,681,1241,0.0,-0.0008333472224535399,0.5569701853344167,8.058017727639034e-05
104140,13.216053600893346,0.5576148267526189,560,681,1241,0.0,-0.0008333472224535399,0.557050765511693,8.058017727639034e-05
104141,13.215220253670893,0.5576148267526189,560,681,1241,0.0,-0.0008333472224535399,0.5571313456889693,8.058017727639034e-05
104142,13.21438690644844,0.5576148267526189,560,681,1241,0.0,-0.0008333472224535399,0.5572119258662457,8.058017727639034e-05
104143,13.213553559225986,0.556809024979855,560,681,1241,-0.0008058017727639033,-0.0008333472224535399,0.5572119258662457,0.0
104144,13.212720212003532,0.556809024979855,560,681,1241,0.0,-0.0008333472224535399,0.5572119258662457,0.0
104145,13.211886864781079,0.556809024979855,560,681,1241,0.0,-0.0008333472224535399,0.5572119258662457,0.0
104146,13.211053517558625,0.556809024979855,560,681,1241,0.0,-0.0008333472224535399,0.5572119258662457,0.0
104147,13.210220170336171,0.556809024979855,560,681,1241,0.0,-0.0008333472224535399,0.5572119258662457,0.0
104148,13.209386823113718,0.556809024979855,560,681,1241,0.0,-0.0008333472224535399,0.5571313456889693,-8.058017727639034e-05
104149,13.208553475891264,0.556809024979855,560,681,1241,0.0,-0.0008333472224535399,0.5570507655116929,-8.058017727639034e-05
104150,13.20772012866881,0.556809024979855,560,681,1241,0.0,-0.0008333472224535399,0.5569701853344166,-8.058017727639034e-05
104151,13.206886781446357,0.556809024979855,560,681,1241,0.0,-0.0008333472224535399,0.5568896051571401,-8.058017727639034e-05
104152,13.206053434223904,0.556809024979855,560,681,1241,0.0,-0.0008333472224535399,0.5568090249798638,-8.058017727639034e-05
104153,13.20522008700145,0.556809024979855,560,681,1241,0.0,-0.0008333472224535399,0.5568090249798638,0.0
104154,13.204386739778997,0.556809024979855,560,681,1241,0.0,-0.0008333472224535399,0.5568090249798638,0.0
104155,13.203553392556543,0.5560032232070911,560,681,1241,-0.0008058017727639033,-0.0008333472224535399,0.5567284448025874,-8.058017727639034e-05
104156,13.20272004533409,0.5560032232070911,560,681,1241,0.0,-0.0008333472224535399,0.556647864625311,-8.058017727639034e-05
104157,13.201886698111636,0.5560032232070911,560,681,1241,0.0,-0.0008333472224535399,0.5565672844480347,-8.058017727639034e-05
104158,13.201053350889183,0.5560032232070911,560,681,1241,0.0,-0.0008333472224535399,0.5564867042707584,-8.058017727639034e-05
104159,13.200220003666729,0.5560032232070911,560,681,1241,0.0,-0.0008333472224535399,0.556406124093482,-8.058017727639034e-05
104160,13.199386656444275,0.5560032232070911,560,681,1241,0.0,-0.0008333472224535399,0.5563255439162057,-8.058017727639034e-05
104161,13.198553309221822,0.5560032232070911,560,681,1241,0.0,-0.0008333472224535399,0.5562449637389293,-8.058017727639034e-05
104162,13.197719961999368,0.5560032232070911,560,681,1241,0.0,-0.0008333472224535399,0.556164383561653,-8.058017727639034e-05
104163,13.196886614776915,0.5560032232070911,560,681,1241,0.0,-0.0008333472224535399,0.5560838033843767,-8.058017727639034e-05
104164,13.196053267554454,0.5560032232070911,560,681,1241,0.0,-0.0008333472224606453,0.5560032232071003,-8.058017727639034e-05
104165,13.195219920332,0.5560032232070911,560,681,1241,0.0,-0.0008333472224535399,0.5560032232071004,0.0
104166,13.194386573109547,0.5560032232070911,560,681,1241,0.0,-0.0008333472224535399,0.5560032232071004,0.0
104167,13.193553225887094,0.5560032232070911,560,681,1241,0.0,-0.0008333472224535399,0.5560032232071004,0.0
104168,13.19271987866464,0.5560032232070911,560,681,1241,0.0,-0.0008333472224535399,0.5560032232071004,0.0
104169,13.191886531442186,0.5560032232070911,560,681,1241,0.0,-0.0008333472224535399,0.5560032232071004,0.0
104170,13.191053184219733,0.5560032232070911,560,681,1241,0.0,-0.0008333472224535399,0.5560032232071004,0.0
104171,13.19021983699728,0.5560032232070911,560,681,1241,0.0,-0.0008333472224535399,0.5560032232071004,0.0
104172,13.189386489774826,0.5560032232070911,560,681,1241,0.0,-0.0008333472224535399,0.5560032232071004,0.0
104173,13.188553142552372,0.5560032232070911,560,681,1241,0.0,-0.0008333472224535399,0.5560032232071004,0.0
104174,13.187719795329919,0.5560032232070911,560,681,1241,0.0,-0.0008333472224535399,0.5560032232071004,0.0
104175,13.186886448107465,0.556809024979855,560,681,1241,0.0008058017727639033,-0.0008333472224535399,0.5560838033843767,8.058017727639034e-05
104176,13.186053100885012,0.556809024979855,560,681,1241,0.0,-0.0008333472224535399,0.5561643835616531,8.058017727639034e-05
104177,13.185219753662558,0.556809024979855,560,681,1241,0.0,-0.0008333472224535399,0.5562449637389294,8.058017727639034e-05
104178,13.184386406440105,0.556809024979855,560,681,1241,0.0,-0.0008333472224535399,0.5563255439162058,8.058017727639034e-05
104179,13.183553059217651,0.556809024979855,560,681,1241,0.0,-0.0008333472224535399,0.5564061240934821,8.058017727639034e-05
104180,13.182719711995198,0.556809024979855,560,681,1241,0.0,-0.0008333472224535399,0.5564867042707584,8.058017727639034e-05
104181,13.181886364772744,0.556809024979855,560,681,1241,0.0,-0.0008333472224535399,0.5565672844480348,8.058017727639034e-05
104182,13.18105301755029,0.556809024979855,560,681,1241,0.0,-0.0008333472224535399,0.5566478646253111,8.058017727639034e-05
104183,13.180219670327837,0.556809024979855,560,681,1241,0.0,-0.0008333472224535399,0.5567284448025875,8.058017727639034e-05
104184,13.179386323105383,0.556809024979855,560,681,1241,0.0,-0.0008333472224535399,0.5568090249798638,8.058017727639034e-05
104185,13.17855297588293,0.556809024979855,560,681,1241,0.0,-0.0008333472224535399,0.5568090249798638,0.0
104186,13.177719628660476,0.556809024979855,560,681,1241,0.0,-0.0008333472224535399,0.5568090249798638,0.0
104187,13.176886281438023,0.556809024979855,560,681,1241,0.0,-0.0008333472224535399,0.5568090249798638,0.0
104188,13.17605293421557,0.5576148267526189,560,681,1241,0.0008058017727639033,-0.0008333472224535399,0.5568896051571403,8.058017727639034e-05
104189,13.175219586993116,0.5576148267526189,560,681,1241,0.0,-0.0008333472224535399,0.5569701853344167,8.058017727639034e-05
104190,13.174386239770662,0.5576148267526189,560,681,1241,0.0,-0.0008333472224535399,0.557050765511693,8.058017727639034e-05
104191,13.173552892548209,0.5576148267526189,560,681,1241,0.0,-0.0008333472224535399,0.5571313456889693,8.058017727639034e-05
104192,13.172719545325755,0.5576148267526189,560,681,1241,0.0,-0.0008333472224535399,0.5572119258662457,8.058017727639034e-05
104193,13.171886198103302,0.5576148267526189,560,681,1241,0.0,-0.0008333472224535399,0.557292506043522,8.058017727639034e-05
104194,13.171052850880848,0.556809024979855,560,681,1241,-0.0008058017727639033,-0.0008333472224535399,0.557292506043522,0.0
104195,13.170219503658394,0.556809024979855,560,681,1241,0.0,-0.0008333472224535399,0.557292506043522,0.0
104196,13.169386156435941,0.556809024979855,560,681,1241,0.0,-0.0008333472224535399,0.557292506043522,0.0
104197,13.168552809213487,0.556809024979855,560,681,1241,0.0,-0.0008333472224535399,0.557292506043522,0.0
104198,13.167719461991034,0.556809024979855,560,681,1241,0.0,-0.0008333472224535399,0.5572119258662456,-8.058017727639034e-05
104199,13.16688611476858,0.556809024979855,560,681,1241,0.0,-0.0008333472224535399,0.5571313456889693,-8.058017727639034e-05
104200,13.166052767546127,0.556809024979855,560,681,1241,0.0,-0.0008333472224535399,0.5570507655116929,-8.058017727639034e-05
104201,13.165219420323673,0.556809024979855,560,681,1241,0.0,-0.0008333472224535399,0.5569701853344166,-8.058017727639034e-05
104202,13.16438607310122,0.556809024979855,560,681,1241,0.0,-0.0008333472224535399,0.5568896051571401,-8.058017727639034e-05
104203,13.163552725878766,0.556809024979855,560,681,1241,0.0,-0.0008333472224535399,0.5568090249798638,-8.058017727639034e-05
104204,13.162719378656313,0.556809024979855,560,681,1241,0.0,-0.0008333472224535399,0.5568090249798638,0.0
104205,13.161886031433859,0.556809024979855,560,681,1241,0.0,-0.0008333472224535399,0.5568090249798638,0.0
104206,13.161052684211406,0.556809024979855,560,681,1241,0.0,-0.0008333472224535399,0.5568090249798638,0.0
104207,13.160219336988945,0.556809024979855,560,681,1241,0.0,-0.0008333472224606453,0.5568090249798638,0.0
104208,13.159385989766491,0.556809024979855,560,681,1241,0.0,-0.0008333472224535399,0.5568090249798638,0.0
104209,13.158552642544038,0.556809024979855,560,681,1241,0.0,-0.0008333472224535399,0.5568090249798638,0.0
104210,13.157719295321584,0.556809024979855,560,681,1241,0.0,-0.0008333472224535399,0.5568090249798638,0.0
104211,13.15688594809913,0.556809024979855,560,681,1241,0.0,-0.0008333472224535399,0.5568090249798638,0.0
104212,13.156052600876677,0.556809024979855,560,681,1241,0.0,-0.0008333472224535399,0.5568090249798638,0.0
104213,13.155219253654224,0.556809024979855,560,681,1241,0.0,-0.0008333472224535399,0.5568090249798638,0.0
104214,13.15438590643177,0.556809024979855,560,681,1241,0.0,-0.0008333472224535399,0.5568090249798638,0.0
104215,13.153552559209317,0.556809024979855,560,681,1241,0.0,-0.0008333472224535399,0.5568090249798638,0.0
104216,13.152719211986863,0.556809024979855,560,681,1241,0.0,-0.0008333472224535399,0.5568090249798638,0.0
104217,13.15188586476441,0.556809024979855,560,681,1241,0.0,-0.0008333472224535399,0.5568090249798638,0.0
104218,13.151052517541956,0.556809024979855,560,681,1241,0.0,-0.0008333472224535399,0.5568090249798638,0.0
104219,13.150219170319502,0.556809024979855,560,681,1241,0.0,-0.0008333472224535399,0.5568090249798638,0.0
104220,13.149385823097049,0.556809024979855,560,681,1241,0.0,-0.0008333472224535399,0.5568090249798638,0.0
104221,13.148552475874595,0.556809024979855,560,681,1241,0.0,-0.0008333472224535399,0.5568090249798638,0.0
104222,13.147719128652142,0.556809024979855,560,681,1241,0.0,-0.0008333472224535399,0.5568090249798638,0.0
104223,13.146885781429688,0.556809024979855,560,681,1241,0.0,-0.0008333472224535399,0.5568090249798638,0.0
104224,13.146052434207235,0.556809024979855,560,681,1241,0.0,-0.0008333472224535399,0.5568090249798638,0.0
104225,13.145219086984781,0.556809024979855,560,681,1241,0.0,-0.0008333472224535399,0.5568090249798638,0.0
104226,13.144385739762328,0.556809024979855,560,681,1241,0.0,-0.0008333472224535399,0.5568090249798638,0.0
104227,13.143552392539874,0.556809024979855,560,681,1241,0.0,-0.0008333472224535399,0.5568090249798638,0.0
104228,13.14271904531742,0.556809024979855,560,681,1241,0.0,-0.0008333472224535399,0.5568090249798638,0.0
104229,13.141885698094967,0.556809024979855,560,681,1241,0.0,-0.0008333472224535399,0.5568090249798638,0.0
104230,13.141052350872513,0.5576148267526189,560,681,1241,0.0008058017727639033,-0.0008333472224535399,0.5568896051571403,8.058017727639034e-05
104231,13.14021900365006,0.5576148267526189,560,681,1241,0.0,-0.0008333472224535399,0.5569701853344167,8.058017727639034e-05
104232,13.139385656427606,0.5576148267526189,560,681,1241,0.0,-0.0008333472224535399,0.557050765511693,8.058017727639034e-05
104233,13.138552309205153,0.5576148267526189,560,681,1241,0.0,-0.0008333472224535399,0.5571313456889693,8.058017727639034e-05
104234,13.1377189619827,0.5576148267526189,560,681,1241,0.0,-0.0008333472224535399,0.5572119258662457,8.058017727639034e-05
104235,13.136885614760246,0.5576148267526189,560,681,1241,0.0,-0.0008333472224535399,0.557292506043522,8.058017727639034e-05
104236,13.136052267537792,0.5576148267526189,560,681,1241,0.0,-0.0008333472224535399,0.5573730862207984,8.058017727639034e-05
104237,13.135218920315339,0.5576148267526189,560,681,1241,0.0,-0.0008333472224535399,0.5574536663980747,8.058017727639034e-05
104238,13.134385573092885,0.5576148267526189,560,681,1241,0.0,-0.0008333472224535399,0.557534246575351,8.058017727639034e-05
104239,13.133552225870432,0.5576148267526189,560,681,1241,0.0,-0.0008333472224535399,0.5576148267526274,8.058017727639034e-05
104240,13.132718878647978,0.5576148267526189,560,681,1241,0.0,-0.0008333472224535399,0.5576148267526273,0.0
104241,13.131885531425525,0.5576148267526189,560,681,1241,0.0,-0.0008333472224535399,0.5576148267526273,0.0
104242,13.131052184203071,0.5576148267526189,560,681,1241,0.0,-0.0008333472224535399,0.5576148267526273,0.0
104243,13.130218836980617,0.556809024979855,560,681,1241,-0.0008058017727639033,-0.0008333472224535399,0.557534246575351,-8.058017727639034e-05
104244,13.129385489758164,0.556809024979855,560,681,1241,0.0,-0.0008333472224535399,0.5574536663980746,-8.058017727639034e-05
104245,13.12855214253571,0.556809024979855,560,681,1241,0.0,-0.0008333472224535399,0.5573730862207983,-8.058017727639034e-05
104246,13.127718795313257,0.5560032232070911,560,681,1241,-0.0008058017727639033,-0.0008333472224535399,0.5572119258662454,-0.00016116035455278067
104247,13.126885448090803,0.5560032232070911,560,681,1241,0.0,-0.0008333472224535399,0.5570507655116925,-0.00016116035455278067
104248,13.12605210086835,0.5560032232070911,560,681,1241,0.0,-0.0008333472224535399,0.5568896051571397,-0.00016116035455278067
104249,13.125218753645889,0.556809024979855,560,681,1241,0.0008058017727639033,-0.0008333472224606453,0.5568090249798633,-8.058017727639034e-05
104250,13.124385406423436,0.556809024979855,560,681,1241,0.0,-0.0008333472224535399,0.556728444802587,-8.058017727639034e-05
104251,13.123552059200982,0.556809024979855,560,681,1241,0.0,-0.0008333472224535399,0.5566478646253106,-8.058017727639034e-05
104252,13.122718711978528,0.556809024979855,560,681,1241,0.0,-0.0008333472224535399,0.5565672844480343,-8.058017727639034e-05
104253,13.121885364756075,0.5560032232070911,560,681,1241,-0.0008058017727639033,-0.0008333472224535399,0.5564867042707579,-8.058017727639034e-05
104254,13.121052017533621,0.5560032232070911,560,681,1241,0.0,-0.0008333472224535399,0.5564061240934814,-8.058017727639034e-05
104255,13.120218670311168,0.5560032232070911,560,681,1241,0.0,-0.0008333472224535399,0.5563255439162051,-8.058017727639034e-05
104256,13.119385323088714,0.5560032232070911,560,681,1241,0.0,-0.0008333472224535399,0.5563255439162053,0.0
104257,13.11855197586626,0.5560032232070911,560,681,1241,0.0,-0.0008333472224535399,0.5563255439162053,0.0
104258,13.117718628643807,0.5560032232070911,560,681,1241,0.0,-0.0008333472224535399,0.5563255439162053,0.0
104259,13.116885281421354,0.5560032232070911,560,681,1241,0.0,-0.0008333472224535399,0.5562449637389288,-8.058017727639034e-05
104260,13.1160519341989,0.556809024979855,560,681,1241,0.0008058017727639033,-0.0008333472224535399,0.5562449637389288,0.0
104261,13.115218586976447,0.556809024979855,560,681,1241,0.0,-0.0008333472224535399,0.5562449637389288,0.0
104262,13.114385239753993,0.556809024979855,560,681,1241,0.0,-0.0008333472224535399,0.5562449637389288,0.0
104263,13.11355189253154,0.556809024979855,560,681,1241,0.0,-0.0008333472224535399,0.5563255439162053,8.058017727639034e-05
104264,13.112718545309086,0.556809024979855,560,681,1241,0.0,-0.0008333472224535399,0.5564061240934816,8.058017727639034e-05
104265,13.111885198086632,0.556809024979855,560,681,1241,0.0,-0.0008333472224535399,0.556486704270758,8.058017727639034e-05
104266,13.111051850864179,0.556809024979855,560,681,1241,0.0,-0.0008333472224535399,0.5565672844480343,8.058017727639034e-05
104267,13.110218503641725,0.556809024979855,560,681,1241,0.0,-0.0008333472224535399,0.5566478646253106,8.058017727639034e-05
104268,13.109385156419272,0.556809024979855,560,681,1241,0.0,-0.0008333472224535399,0.556728444802587,8.058017727639034e-05
104269,13.108551809196818,0.556809024979855,560,681,1241,0.0,-0.0008333472224535399,0.5568090249798633,8.058017727639034e-05
104270,13.107718461974365,0.556809024979855,560,681,1241,0.0,-0.0008333472224535399,0.5568090249798633,0.0
104271,13.106885114751911,0.556809024979855,560,681,1241,0.0,-0.0008333472224535399,0.5568090249798633,0.0
104272,13.106051767529458,0.5576148267526189,560,681,1241,0.0008058017727639033,-0.0008333472224535399,0.5568896051571397,8.058017727639034e-05
104273,13.105218420307004,0.5576148267526189,560,681,1241,0.0,-0.0008333472224535399,0.5569701853344161,8.058017727639034e-05
104274,13.10438507308455,0.5576148267526189,560,681,1241,0.0,-0.0008333472224535399,0.5570507655116924,8.058017727639034e-05
104275,13.103551725862097,0.5576148267526189,560,681,1241,0.0,-0.0008333472224535399,0.5571313456889688,8.058017727639034e-05
104276,13.102718378639644,0.5576148267526189,560,681,1241,0.0,-0.0008333472224535399,0.5572119258662451,8.058017727639034e-05
104277,13.10188503141719,0.5576148267526189,560,681,1241,0.0,-0.0008333472224535399,0.5572925060435214,8.058017727639034e-05
104278,13.101051684194736,0.5576148267526189,560,681,1241,0.0,-0.0008333472224535399,0.5573730862207978,8.058017727639034e-05
104279,13.100218336972283,0.5576148267526189,560,681,1241,0.0,-0.0008333472224535399,0.5574536663980741,8.058017727639034e-05
104280,13.09938498974983,0.5576148267526189,560,681,1241,0.0,-0.0008333472224535399,0.5575342465753506,8.058017727639034e-05
104281,13.098551642527376,0.5576148267526189,560,681,1241,0.0,-0.0008333472224535399,0.5576148267526269,8.058017727639034e-05
104282,13.097718295304922,0.5576148267526189,560,681,1241,0.0,-0.0008333472224535399,0.5576148267526267,0.0
104283,13.096884948082469,0.556809024979855,560,681,1241,-0.0008058017727639033,-0.0008333472224535399,0.5575342465753504,-8.058017727639034e-05
104284,13.096051600860015,0.556809024979855,560,681,1241,0.0,-0.0008333472224535399,0.557453666398074,-8.058017727639034e-05
104285,13.095218253637562,0.556809024979855,560,681,1241,0.0,-0.0008333472224535399,0.5573730862207977,-8.058017727639034e-05
104286,13.094384906415108,0.556809024979855,560,681,1241,0.0,-0.0008333472224535399,0.5572925060435214,-8.058017727639034e-05
104287,13.093551559192655,0.556809024979855,560,681,1241,0.0,-0.0008333472224535399,0.557211925866245,-8.058017727639034e-05
104288,13.092718211970201,0.556809024979855,560,681,1241,0.0,-0.0008333472224535399,0.5571313456889687,-8.058017727639034e-05
104289,13.091884864747747,0.556809024979855,560,681,1241,0.0,-0.0008333472224535399,0.5570507655116923,-8.058017727639034e-05
104290,13.091051517525294,0.556809024979855,560,681,1241,0.0,-0.0008333472224535399,0.556970185334416,-8.058017727639034e-05
104291,13.090218170302833,0.5576148267526189,560,681,1241,0.0008058017727639033,-0.0008333472224606453,0.556970185334416,0.0
104292,13.08938482308038,0.5576148267526189,560,681,1241,0.0,-0.0008333472224535399,0.556970185334416,0.0
104293,13.088551475857926,0.5576148267526189,560,681,1241,0.0,-0.0008333472224535399,0.5570507655116924,8.058017727639034e-05
104294,13.087718128635473,0.5576148267526189,560,681,1241,0.0,-0.0008333472224535399,0.5571313456889688,8.058017727639034e-05
104295,13.08688478141302,0.5576148267526189,560,681,1241,0.0,-0.0008333472224535399,0.5572119258662451,8.058017727639034e-05
104296,13.086051434190566,0.5576148267526189,560,681,1241,0.0,-0.0008333472224535399,0.5572925060435214,8.058017727639034e-05
104297,13.085218086968112,0.5576148267526189,560,681,1241,0.0,-0.0008333472224535399,0.5573730862207978,8.058017727639034e-05
104298,13.084384739745659,0.5576148267526189,560,681,1241,0.0,-0.0008333472224535399,0.5574536663980741,8.058017727639034e-05
104299,13.083551392523205,0.5576148267526189,560,681,1241,0.0,-0.0008333472224535399,0.5575342465753506,8.058017727639034e-05
104300,13.082718045300751,0.5576148267526189,560,681,1241,0.0,-0.0008333472224535399,0.5576148267526269,8.058017727639034e-05
104301,13.081884698078298,0.5576148267526189,560,681,1241,0.0,-0.0008333472224535399,0.5576148267526267,0.0
104302,13.081051350855844,0.5576148267526189,560,681,1241,0.0,-0.0008333472224535399,0.5576148267526267,0.0
104303,13.08021800363339,0.5576148267526189,560,681,1241,0.0,-0.0008333472224535399,0.5576148267526267,0.0
104304,13.079384656410937,0.5576148267526189,560,681,1241,0.0,-0.0008333472224535399,0.5576148267526267,0.0
104305,13.078551309188484,0.5576148267526189,560,681,1241,0.0,-0.0008333472224535399,0.5576148267526267,0.0
104306,13.07771796196603,0.5576148267526189,560,681,1241,0.0,-0.0008333472224535399,0.5576148267526267,0.0
104307,13.076884614743577,0.5576148267526189,560,681,1241,0.0,-0.0008333472224535399,0.5576148267526267,0.0
104308,13.076051267521123,0.5576148267526189,560,681,1241,0.0,-0.0008333472224535399,0.5576148267526267,0.0
104309,13.07521792029867,0.5576148267526189,560,681,1241,0.0,-0.0008333472224535399,0.5576148267526267,0.0
104310,13.074384573076216,0.5584206285253828,560,681,1241,0.0008058017727639033,-0.0008333472224535399,0.5576954069299032,8.058017727639034e-05
104311,13.073551225853763,0.5584206285253828,560,681,1241,0.0,-0.0008333472224535399,0.5577759871071795,8.058017727639034e-05
104312,13.072717878631309,0.5584206285253828,560,681,1241,0.0,-0.0008333472224535399,0.5578565672844558,8.058017727639034e-05
104313,13.071884531408855,0.5584206285253828,560,681,1241,0.0,-0.0008333472224535399,0.5579371474617322,8.058017727639034e-05
104314,13.071051184186402,0.5584206285253828,560,681,1241,0.0,-0.0008333472224535399,0.5580177276390085,8.058017727639034e-05
104315,13.070217836963948,0.5584206285253828,560,681,1241,0.0,-0.0008333472224535399,0.5580983078162849,8.058017727639034e-05
104316,13.069384489741495,0.5592264302981467,560,681,1241,0.0008058017727639033,-0.0008333472224535399,0.5582594681708375,0.00016116035455278067
104317,13.068551142519041,0.5592264302981467,560,681,1241,0.0,-0.0008333472224535399,0.5584206285253902,0.00016116035455278067
104318,13.067717795296588,0.5592264302981467,560,681,1241,0.0,-0.0008333472224535399,0.5585817888799429,0.00016116035455278067
104319,13.066884448074134,0.5592264302981467,560,681,1241,0.0,-0.0008333472224535399,0.5587429492344956,0.00016116035455278067
104320,13.06605110085168,0.5592264302981467,560,681,1241,0.0,-0.0008333472224535399,0.5588235294117719,8.058017727639034e-05
104321,13.065217753629227,0.5584206285253828,560,681,1241,-0.0008058017727639033,-0.0008333472224535399,0.5588235294117719,0.0
104322,13.064384406406774,0.5584206285253828,560,681,1241,0.0,-0.0008333472224535399,0.5588235294117719,0.0
104323,13.06355105918432,0.5592264302981467,560,681,1241,0.0008058017727639033,-0.0008333472224535399,0.5589041095890483,8.058017727639034e-05
104324,13.062717711961866,0.5592264302981467,560,681,1241,0.0,-0.0008333472224535399,0.5589846897663246,8.058017727639034e-05
104325,13.061884364739413,0.5592264302981467,560,681,1241,0.0,-0.0008333472224535399,0.559065269943601,8.058017727639034e-05
104326,13.06105101751696,0.5592264302981467,560,681,1241,0.0,-0.0008333472224535399,0.559065269943601,0.0
104327,13.060217670294506,0.5592264302981467,560,681,1241,0.0,-0.0008333472224535399,0.559065269943601,0.0
104328,13.059384323072052,0.5592264302981467,560,681,1241,0.0,-0.0008333472224535399,0.559065269943601,0.0
104329,13.058550975849599,0.5592264302981467,560,681,1241,0.0,-0.0008333472224535399,0.559065269943601,0.0
104330,13.057717628627145,0.5592264302981467,560,681,1241,0.0,-0.0008333472224535399,0.559065269943601,0.0
104331,13.056884281404692,0.5592264302981467,560,681,1241,0.0,-0.0008333472224535399,0.5591458501208774,8.058017727639034e-05
104332,13.056050934182238,0.5592264302981467,560,681,1241,0.0,-0.0008333472224535399,0.5592264302981537,8.058017727639034e-05
104333,13.055217586959785,0.5592264302981467,560,681,1241,0.0,-0.0008333472224535399,0.5592264302981537,0.0
104334,13.054384239737324,0.5592264302981467,560,681,1241,0.0,-0.0008333472224606453,0.5592264302981537,0.0
104335,13.05355089251487,0.5592264302981467,560,681,1241,0.0,-0.0008333472224535399,0.5592264302981537,0.0
104336,13.052717545292417,0.5592264302981467,560,681,1241,0.0,-0.0008333472224535399,0.5592264302981537,0.0
104337,13.051884198069963,0.5592264302981467,560,681,1241,0.0,-0.0008333472224535399,0.5592264302981537,0.0
104338,13.05105085084751,0.5592264302981467,560,681,1241,0.0,-0.0008333472224535399,0.5592264302981537,0.0
104339,13.050217503625056,0.5592264302981467,560,681,1241,0.0,-0.0008333472224535399,0.5592264302981537,0.0
104340,13.049384156402603,0.5592264302981467,560,681,1241,0.0,-0.0008333472224535399,0.5592264302981537,0.0
104341,13.04855080918015,0.5592264302981467,560,681,1241,0.0,-0.0008333472224535399,0.5592264302981537,0.0
104342,13.047717461957696,0.5592264302981467,560,681,1241,0.0,-0.0008333472224535399,0.5592264302981537,0.0
104343,13.046884114735242,0.5600322320709106,560,681,1241,0.0008058017727639033,-0.0008333472224535399,0.5593070104754301,8.058017727639034e-05
104344,13.046050767512789,0.5592264302981467,560,681,1241,-0.0008058017727639033,-0.0008333472224535399,0.5593070104754301,0.0
104345,13.045217420290335,0.5584206285253828,560,681,1241,-0.0008058017727639033,-0.0008333472224535399,0.5592264302981537,-8.058017727639034e-05
104346,13.044384073067882,0.5584206285253828,560,681,1241,0.0,-0.0008333472224535399,0.5591458501208774,-8.058017727639034e-05
104347,13.043550725845428,0.5592264302981467,560,681,1241,0.0008058017727639033,-0.0008333472224535399,0.5591458501208774,0.0
104348,13.042717378622974,0.5592264302981467,560,681,1241,0.0,-0.0008333472224535399,0.5591458501208774,0.0
104349,13.04188403140052,0.5592264302981467,560,681,1241,0.0,-0.0008333472224535399,0.5591458501208774,0.0
104350,13.041050684178067,0.5592264302981467,560,681,1241,0.0,-0.0008333472224535399,0.5591458501208774,0.0
104351,13.040217336955614,0.5592264302981467,560,681,1241,0.0,-0.0008333472224535399,0.5591458501208774,0.0
104352,13.03938398973316,0.5592264302981467,560,681,1241,0.0,-0.0008333472224535399,0.5591458501208774,0.0
104353,13.038550642510707,0.5592264302981467,560,681,1241,0.0,-0.0008333472224535399,0.559065269943601,-8.058017727639034e-05
104354,13.037717295288253,0.5592264302981467,560,681,1241,0.0,-0.0008333472224535399,0.559065269943601,0.0
104355,13.0368839480658,0.5592264302981467,560,681,1241,0.0,-0.0008333472224535399,0.5591458501208774,8.058017727639034e-05
104356,13.036050600843346,0.5592264302981467,560,681,1241,0.0,-0.0008333472224535399,0.5592264302981537,8.058017727639034e-05
104357,13.035217253620893,0.5592264302981467,560,681,1241,0.0,-0.0008333472224535399,0.5592264302981537,0.0
104358,13.034383906398439,0.5584206285253828,560,681,1241,-0.0008058017727639033,-0.0008333472224535399,0.5591458501208774,-8.058017727639034e-05
104359,13.033550559175985,0.5576148267526189,560,681,1241,-0.0008058017727639033,-0.0008333472224535399,0.5589846897663246,-0.00016116035455278067
104360,13.032717211953532,0.5576148267526189,560,681,1241,0.0,-0.0008333472224535399,0.5588235294117719,-0.00016116035455278067
104361,13.031883864731078,0.5576148267526189,560,681,1241,0.0,-0.0008333472224535399,0.5586623690572192,-0.00016116035455278067
104362,13.031050517508625,0.5576148267526189,560,681,1241,0.0,-0.0008333472224535399,0.5585012087026666,-0.00016116035455278067
104363,13.030217170286171,0.5576148267526189,560,681,1241,0.0,-0.0008333472224535399,0.5583400483481139,-0.00016116035455278067
104364,13.029383823063718,0.5576148267526189,560,681,1241,0.0,-0.0008333472224535399,0.5581788879935612,-0.00016116035455278067
104365,13.028550475841264,0.5576148267526189,560,681,1241,0.0,-0.0008333472224535399,0.5580177276390085,-0.00016116035455278067
104366,13.02771712861881,0.5576148267526189,560,681,1241,0.0,-0.0008333472224535399,0.5578565672844558,-0.00016116035455278067
104367,13.026883781396357,0.556809024979855,560,681,1241,-0.0008058017727639033,-0.0008333472224535399,0.5576148267526266,-0.00024174053182917098
104368,13.026050434173904,0.556809024979855,560,681,1241,0.0,-0.0008333472224535399,0.5574536663980738,-0.00016116035455278067
104369,13.02521708695145,0.556809024979855,560,681,1241,0.0,-0.0008333472224535399,0.5573730862207974,-8.058017727639034e-05
104370,13.024383739728997,0.556809024979855,560,681,1241,0.0,-0.0008333472224535399,0.557292506043521,-8.058017727639034e-05
104371,13.023550392506543,0.556809024979855,560,681,1241,0.0,-0.0008333472224535399,0.5572119258662447,-8.058017727639034e-05
104372,13.02271704528409,0.556809024979855,560,681,1241,0.0,-0.0008333472224535399,0.5571313456889684,-8.058017727639034e-05
104373,13.021883698061636,0.556809024979855,560,681,1241,0.0,-0.0008333472224535399,0.557050765511692,-8.058017727639034e-05
104374,13.021050350839182,0.5576148267526189,560,681,1241,0.0008058017727639033,-0.0008333472224535399,0.557050765511692,0.0
104375,13.020217003616729,0.5576148267526189,560,681,1241,0.0,-0.0008333472224535399,0.557050765511692,0.0
104376,13.019383656394268,0.5576148267526189,560,681,1241,0.0,-0.0008333472224606453,0.557050765511692,0.0
104377,13.018550309171815,0.5576148267526189,560,681,1241,0.0,-0.0008333472224535399,0.5571313456889684,8.058017727639034e-05
104378,13.017716961949361,0.5576148267526189,560,681,1241,0.0,-0.0008333472224535399,0.5572119258662448,8.058017727639034e-05
104379,13.016883614726908,0.5576148267526189,560,681,1241,0.0,-0.0008333472224535399,0.5572925060435211,8.058017727639034e-05
104380,13.016050267504454,0.5576148267526189,560,681,1241,0.0,-0.0008333472224535399,0.5573730862207975,8.058017727639034e-05
104381,13.015216920282,0.5576148267526189,560,681,1241,0.0,-0.0008333472224535399,0.5574536663980738,8.058017727639034e-05
104382,13.014383573059547,0.5576148267526189,560,681,1241,0.0,-0.0008333472224535399,0.5575342465753501,8.058017727639034e-05
104383,13.013550225837093,0.5576148267526189,560,681,1241,0.0,-0.0008333472224535399,0.5576148267526265,8.058017727639034e-05
104384,13.01271687861464,0.5576148267526189,560,681,1241,0.0,-0.0008333472224535399,0.5576148267526264,0.0
104385,13.011883531392186,0.5576148267526189,560,681,1241,0.0,-0.0008333472224535399,0.5576148267526264,0.0
104386,13.011050184169733,0.5576148267526189,560,681,1241,0.0,-0.0008333472224535399,0.5576148267526264,0.0
104387,13.01021683694728,0.5576148267526189,560,681,1241,0.0,-0.0008333472224535399,0.5576148267526264,0.0
104388,13.009383489724826,0.5576148267526189,560,681,1241,0.0,-0.0008333472224535399,0.5576148267526264,0.0
104389,13.008550142502372,0.5576148267526189,560,681,1241,0.0,-0.0008333472224535399,0.5576148267526264,0.0
104390,13.007716795279919,0.5576148267526189,560,681,1241,0.0,-0.0008333472224535399,0.5576148267526264,0.0
104391,13.006883448057465,0.5576148267526189,560,681,1241,0.0,-0.0008333472224535399,0.5576148267526264,0.0
104392,13.006050100835012,0.5576148267526189,560,681,1241,0.0,-0.0008333472224535399,0.5576148267526264,0.0
104393,13.005216753612558,0.5576148267526189,560,681,1241,0.0,-0.0008333472224535399,0.5576148267526264,0.0
104394,13.004383406390104,0.5576148267526189,560,681,1241,0.0,-0.0008333472224535399,0.5576148267526264,0.0
104395,13.003550059167651,0.5576148267526189,560,681,1241,0.0,-0.0008333472224535399,0.5576148267526264,0.0
104396,13.002716711945197,0.5576148267526189,560,681,1241,0.0,-0.0008333472224535399,0.5576148267526264,0.0
104397,13.001883364722744,0.556809024979855,560,681,1241,-0.0008058017727639033,-0.0008333472224535399,0.5575342465753501,-8.058017727639034e-05
104398,13.00105001750029,0.556809024979855,560,681,1241,0.0,-0.0008333472224535399,0.5574536663980737,-8.058017727639034e-05
104399,13.000216670277837,0.556809024979855,560,681,1241,0.0,-0.0008333472224535399,0.5573730862207974,-8.058017727639034e-05
104400,12.999383323055383,0.556809024979855,560,681,1241,0.0,-0.0008333472224535399,0.557292506043521,-8.058017727639034e-05
104401,12.99854997583293,0.556809024979855,560,681,1241,0.0,-0.0008333472224535399,0.5572119258662447,-8.058017727639034e-05
104402,12.997716628610476,0.556809024979855,560,681,1241,0.0,-0.0008333472224535399,0.5571313456889684,-8.058017727639034e-05
104403,12.996883281388023,0.556809024979855,560,681,1241,0.0,-0.0008333472224535399,0.557050765511692,-8.058017727639034e-05
104404,12.996049934165569,0.5576148267526189,560,681,1241,0.0008058017727639033,-0.0008333472224535399,0.557050765511692,0.0
104405,12.995216586943116,0.5576148267526189,560,681,1241,0.0,-0.0008333472224535399,0.557050765511692,0.0
104406,12.994383239720662,0.5576148267526189,560,681,1241,0.0,-0.0008333472224535399,0.557050765511692,0.0
104407,12.993549892498208,0.5576148267526189,560,681,1241,0.0,-0.0008333472224535399,0.5571313456889684,8.058017727639034e-05
104408,12.992716545275755,0.5576148267526189,560,681,1241,0.0,-0.0008333472224535399,0.5572119258662448,8.058017727639034e-05
104409,12.991883198053301,0.5576148267526189,560,681,1241,0.0,-0.0008333472224535399,0.5572925060435211,8.058017727639034e-05
104410,12.991049850830848,0.5576148267526189,560,681,1241,0.0,-0.0008333472224535399,0.5573730862207975,8.058017727639034e-05
104411,12.990216503608394,0.5576148267526189,560,681,1241,0.0,-0.0008333472224535399,0.5574536663980738,8.058017727639034e-05
104412,12.98938315638594,0.5576148267526189,560,681,1241,0.0,-0.0008333472224535399,0.5575342465753501,8.058017727639034e-05
104413,12.988549809163487,0.5584206285253828,560,681,1241,0.0008058017727639033,-0.0008333472224535399,0.5576954069299029,0.00016116035455278067
104414,12.987716461941034,0.5584206285253828,560,681,1241,0.0,-0.0008333472224535399,0.5577759871071792,8.058017727639034e-05
104415,12.98688311471858,0.5584206285253828,560,681,1241,0.0,-0.0008333472224535399,0.5578565672844557,8.058017727639034e-05
104416,12.986049767496127,0.5584206285253828,560,681,1241,0.0,-0.0008333472224535399,0.557937147461732,8.058017727639034e-05
104417,12.985216420273673,0.5584206285253828,560,681,1241,0.0,-0.0008333472224535399,0.5580177276390084,8.058017727639034e-05
104418,12.984383073051212,0.5584206285253828,560,681,1241,0.0,-0.0008333472224606453,0.5580983078162847,8.058017727639034e-05
104419,12.983549725828759,0.5584206285253828,560,681,1241,0.0,-0.0008333472224535399,0.558178887993561,8.058017727639034e-05
104420,12.982716378606305,0.5584206285253828,560,681,1241,0.0,-0.0008333472224535399,0.5582594681708374,8.058017727639034e-05
104421,12.981883031383852,0.5584206285253828,560,681,1241,0.0,-0.0008333472224535399,0.5583400483481137,8.058017727639034e-05
104422,12.981049684161398,0.5584206285253828,560,681,1241,0.0,-0.0008333472224535399,0.5584206285253901,8.058017727639034e-05
104423,12.980216336938945,0.5584206285253828,560,681,1241,0.0,-0.0008333472224535399,0.5584206285253901,0.0
104424,12.979382989716491,0.5584206285253828,560,681,1241,0.0,-0.0008333472224535399,0.5584206285253901,0.0
104425,12.978549642494038,0.5584206285253828,560,681,1241,0.0,-0.0008333472224535399,0.5584206285253901,0.0
104426,12.977716295271584,0.5584206285253828,560,681,1241,0.0,-0.0008333472224535399,0.5584206285253901,0.0
104427,12.97688294804913,0.5584206285253828,560,681,1241,0.0,-0.0008333472224535399,0.5584206285253901,0.0
104428,12.976049600826677,0.5584206285253828,560,681,1241,0.0,-0.0008333472224535399,0.5584206285253901,0.0
104429,12.975216253604223,0.5584206285253828,560,681,1241,0.0,-0.0008333472224535399,0.5584206285253901,0.0
104430,12.97438290638177,0.5584206285253828,560,681,1241,0.0,-0.0008333472224535399,0.5584206285253901,0.0
104431,12.973549559159316,0.5584206285253828,560,681,1241,0.0,-0.0008333472224535399,0.5584206285253901,0.0
104432,12.972716211936863,0.5584206285253828,560,681,1241,0.0,-0.0008333472224535399,0.5584206285253901,0.0
104433,12.97188286471441,0.5584206285253828,560,681,1241,0.0,-0.0008333472224535399,0.5584206285253901,0.0
104434,12.971049517491956,0.5584206285253828,560,681,1241,0.0,-0.0008333472224535399,0.5584206285253901,0.0
104435,12.970216170269502,0.5584206285253828,560,681,1241,0.0,-0.0008333472224535399,0.5584206285253901,0.0
104436,12.969382823047049,0.5584206285253828,560,681,1241,0.0,-0.0008333472224535399,0.5584206285253901,0.0
104437,12.968549475824595,0.5584206285253828,560,681,1241,0.0,-0.0008333472224535399,0.5584206285253901,0.0
104438,12.967716128602142,0.5584206285253828,560,681,1241,0.0,-0.0008333472224535399,0.5584206285253901,0.0
104439,12.966882781379688,0.5584206285253828,560,681,1241,0.0,-0.0008333472224535399,0.5584206285253901,0.0
104440,12.966049434157235,0.5584206285253828,560,681,1241,0.0,-0.0008333472224535399,0.5584206285253901,0.0
104441,12.965216086934781,0.5584206285253828,560,681,1241,0.0,-0.0008333472224535399,0.5584206285253901,0.0
104442,12.964382739712327,0.5584206285253828,560,681,1241,0.0,-0.0008333472224535399,0.5584206285253901,0.0
104443,12.963549392489874,0.5584206285253828,560,681,1241,0.0,-0.0008333472224535399,0.5584206285253901,0.0
104444,12.96271604526742,0.5584206285253828,560,681,1241,0.0,-0.0008333472224535399,0.5584206285253901,0.0
104445,12.961882698044967,0.5584206285253828,560,681,1241,0.0,-0.0008333472224535399,0.5584206285253901,0.0
104446,12.961049350822513,0.5592264302981467,560,681,1241,0.0008058017727639033,-0.0008333472224535399,0.5585012087026664,8.058017727639034e-05
104447,12.96021600360006,0.5592264302981467,560,681,1241,0.0,-0.0008333472224535399,0.5585817888799427,8.058017727639034e-05
104448,12.959382656377606,0.5600322320709106,560,681,1241,0.0008058017727639033,-0.0008333472224535399,0.5587429492344955,0.00016116035455278067
104449,12.958549309155153,0.5600322320709106,560,681,1241,0.0,-0.0008333472224535399,0.5589041095890483,0.00016116035455278067
104450,12.9577159619327,0.5592264302981467,560,681,1241,-0.0008058017727639033,-0.0008333472224535399,0.5589846897663246,8.058017727639034e-05
104451,12.956882614710246,0.5592264302981467,560,681,1241,0.0,-0.0008333472224535399,0.559065269943601,8.058017727639034e-05
104452,12.956049267487792,0.5592264302981467,560,681,1241,0.0,-0.0008333472224535399,0.5591458501208774,8.058017727639034e-05
104453,12.955215920265339,0.5592264302981467,560,681,1241,0.0,-0.0008333472224535399,0.5592264302981537,8.058017727639034e-05
104454,12.954382573042885,0.5592264302981467,560,681,1241,0.0,-0.0008333472224535399,0.5593070104754301,8.058017727639034e-05
104455,12.953549225820431,0.5592264302981467,560,681,1241,0.0,-0.0008333472224535399,0.5593875906527064,8.058017727639034e-05
104456,12.952715878597978,0.5600322320709106,560,681,1241,0.0008058017727639033,-0.0008333472224535399,0.5594681708299827,8.058017727639034e-05
104457,12.951882531375524,0.5600322320709106,560,681,1241,0.0,-0.0008333472224535399,0.5595487510072591,8.058017727639034e-05
104458,12.95104918415307,0.5600322320709106,560,681,1241,0.0,-0.0008333472224535399,0.5595487510072591,0.0
104459,12.950215836930617,0.5600322320709106,560,681,1241,0.0,-0.0008333472224535399,0.5595487510072591,0.0
104460,12.949382489708164,0.5600322320709106,560,681,1241,0.0,-0.0008333472224535399,0.5596293311845354,8.058017727639034e-05
104461,12.948549142485703,0.5600322320709106,560,681,1241,0.0,-0.0008333472224606453,0.5597099113618118,8.058017727639034e-05
104462,12.94771579526325,0.5600322320709106,560,681,1241,0.0,-0.0008333472224535399,0.5597904915390881,8.058017727639034e-05
104463,12.946882448040796,0.5600322320709106,560,681,1241,0.0,-0.0008333472224535399,0.5598710717163644,8.058017727639034e-05
104464,12.946049100818342,0.5600322320709106,560,681,1241,0.0,-0.0008333472224535399,0.5599516518936408,8.058017727639034e-05
104465,12.945215753595889,0.5600322320709106,560,681,1241,0.0,-0.0008333472224535399,0.5600322320709171,8.058017727639034e-05
104466,12.944382406373435,0.5600322320709106,560,681,1241,0.0,-0.0008333472224535399,0.5600322320709171,0.0
104467,12.943549059150982,0.5600322320709106,560,681,1241,0.0,-0.0008333472224535399,0.5600322320709171,0.0
104468,12.942715711928528,0.5600322320709106,560,681,1241,0.0,-0.0008333472224535399,0.5600322320709171,0.0
104469,12.941882364706075,0.5600322320709106,560,681,1241,0.0,-0.0008333472224535399,0.5600322320709171,0.0
104470,12.941049017483621,0.5600322320709106,560,681,1241,0.0,-0.0008333472224535399,0.5600322320709171,0.0
104471,12.940215670261168,0.5600322320709106,560,681,1241,0.0,-0.0008333472224535399,0.5600322320709171,0.0
104472,12.939382323038714,0.5600322320709106,560,681,1241,0.0,-0.0008333472224535399,0.5600322320709171,0.0
104473,12.93854897581626,0.5600322320709106,560,681,1241,0.0,-0.0008333472224535399,0.5600322320709171,0.0
104474,12.937715628593807,0.5600322320709106,560,681,1241,0.0,-0.0008333472224535399,0.5600322320709171,0.0
104475,12.936882281371354,0.5600322320709106,560,681,1241,0.0,-0.0008333472224535399,0.5600322320709171,0.0
104476,12.9360489341489,0.5600322320709106,560,681,1241,0.0,-0.0008333472224535399,0.5600322320709171,0.0
104477,12.935215586926446,0.5600322320709106,560,681,1241,0.0,-0.0008333472224535399,0.5600322320709171,0.0
104478,12.934382239703993,0.5600322320709106,560,681,1241,0.0,-0.0008333472224535399,0.5600322320709171,0.0
104479,12.93354889248154,0.5600322320709106,560,681,1241,0.0,-0.0008333472224535399,0.5600322320709171,0.0
104480,12.932715545259086,0.5600322320709106,560,681,1241,0.0,-0.0008333472224535399,0.5600322320709171,0.0
104481,12.931882198036632,0.5600322320709106,560,681,1241,0.0,-0.0008333472224535399,0.5600322320709171,0.0
104482,12.931048850814179,0.5600322320709106,560,681,1241,0.0,-0.0008333472224535399,0.5600322320709171,0.0
104483,12.930215503591725,0.5600322320709106,560,681,1241,0.0,-0.0008333472224535399,0.5600322320709171,0.0
104484,12.929382156369272,0.5600322320709106,560,681,1241,0.0,-0.0008333472224535399,0.5600322320709171,0.0
104485,12.928548809146818,0.5600322320709106,560,681,1241,0.0,-0.0008333472224535399,0.5600322320709171,0.0
104486,12.927715461924365,0.5600322320709106,560,681,1241,0.0,-0.0008333472224535399,0.5600322320709171,0.0
104487,12.926882114701911,0.5600322320709106,560,681,1241,0.0,-0.0008333472224535399,0.5600322320709171,0.0
104488,12.926048767479458,0.5600322320709106,560,681,1241,0.0,-0.0008333472224535399,0.5600322320709171,0.0
104489,12.925215420257004,0.5600322320709106,560,681,1241,0.0,-0.0008333472224535399,0.5600322320709171,0.0
104490,12.92438207303455,0.5600322320709106,560,681,1241,0.0,-0.0008333472224535399,0.5600322320709171,0.0
104491,12.923548725812097,0.5600322320709106,560,681,1241,0.0,-0.0008333472224535399,0.5600322320709171,0.0
104492,12.922715378589643,0.5600322320709106,560,681,1241,0.0,-0.0008333472224535399,0.5600322320709171,0.0
104493,12.92188203136719,0.5600322320709106,560,681,1241,0.0,-0.0008333472224535399,0.5600322320709171,0.0
104494,12.921048684144736,0.5592264302981467,560,681,1241,-0.0008058017727639033,-0.0008333472224535399,0.5599516518936407,-8.058017727639034e-05
104495,12.920215336922283,0.5584206285253828,560,681,1241,-0.0008058017727639033,-0.0008333472224535399,0.5597904915390879,-0.00016116035455278067
104496,12.91938198969983,0.5584206285253828,560,681,1241,0.0,-0.0008333472224535399,0.5596293311845352,-0.00016116035455278067
104497,12.918548642477376,0.5584206285253828,560,681,1241,0.0,-0.0008333472224535399,0.5594681708299823,-0.00016116035455278067
104498,12.917715295254922,0.5584206285253828,560,681,1241,0.0,-0.0008333472224535399,0.5593070104754296,-0.00016116035455278067
104499,12.916881948032469,0.5576148267526189,560,681,1241,-0.0008058017727639033,-0.0008333472224535399,0.5590652699436004,-0.00024174053182917098
104500,12.916048600810015,0.5576148267526189,560,681,1241,0.0,-0.0008333472224535399,0.5588235294117712,-0.00024174053182917098
104501,12.915215253587562,0.5576148267526189,560,681,1241,0.0,-0.0008333472224535399,0.5585817888799419,-0.00024174053182917098
104502,12.914381906365108,0.5576148267526189,560,681,1241,0.0,-0.0008333472224535399,0.5583400483481127,-0.00024174053182917098
104503,12.913548559142647,0.5576148267526189,560,681,1241,0.0,-0.0008333472224606453,0.5580983078162836,-0.00024174053182917098
104504,12.912715211920194,0.5576148267526189,560,681,1241,0.0,-0.0008333472224535399,0.5579371474617307,-0.00016116035455278067
104505,12.91188186469774,0.5584206285253828,560,681,1241,0.0008058017727639033,-0.0008333472224535399,0.5579371474617307,0.0
104506,12.911048517475287,0.5584206285253828,560,681,1241,0.0,-0.0008333472224535399,0.5579371474617307,0.0
104507,12.910215170252833,0.5584206285253828,560,681,1241,0.0,-0.0008333472224535399,0.5579371474617307,0.0
104508,12.90938182303038,0.5584206285253828,560,681,1241,0.0,-0.0008333472224535399,0.5579371474617307,0.0
104509,12.908548475807926,0.5584206285253828,560,681,1241,0.0,-0.0008333472224535399,0.558017727639007,8.058017727639034e-05
104510,12.907715128585473,0.5584206285253828,560,681,1241,0.0,-0.0008333472224535399,0.5580983078162834,8.058017727639034e-05
104511,12.906881781363019,0.5584206285253828,560,681,1241,0.0,-0.0008333472224535399,0.5581788879935597,8.058017727639034e-05
104512,12.906048434140565,0.5584206285253828,560,681,1241,0.0,-0.0008333472224535399,0.5582594681708362,8.058017727639034e-05
104513,12.905215086918112,0.5584206285253828,560,681,1241,0.0,-0.0008333472224535399,0.5583400483481125,8.058017727639034e-05
104514,12.904381739695658,0.5576148267526189,560,681,1241,-0.0008058017727639033,-0.0008333472224535399,0.5583400483481125,0.0
104515,12.903548392473205,0.5576148267526189,560,681,1241,0.0,-0.0008333472224535399,0.5582594681708362,-8.058017727639034e-05
104516,12.902715045250751,0.5576148267526189,560,681,1241,0.0,-0.0008333472224535399,0.5581788879935597,-8.058017727639034e-05
104517,12.901881698028298,0.5576148267526189,560,681,1241,0.0,-0.0008333472224535399,0.5580983078162834,-8.058017727639034e-05
104518,12.901048350805844,0.5576148267526189,560,681,1241,0.0,-0.0008333472224535399,0.558017727639007,-8.058017727639034e-05
104519,12.90021500358339,0.5576148267526189,560,681,1241,0.0,-0.0008333472224535399,0.5579371474617307,-8.058017727639034e-05
104520,12.899381656360937,0.5576148267526189,560,681,1241,0.0,-0.0008333472224535399,0.5578565672844544,-8.058017727639034e-05
104521,12.898548309138484,0.5576148267526189,560,681,1241,0.0,-0.0008333472224535399,0.557775987107178,-8.058017727639034e-05
104522,12.89771496191603,0.5576148267526189,560,681,1241,0.0,-0.0008333472224535399,0.5576954069299017,-8.058017727639034e-05
104523,12.896881614693577,0.5584206285253828,560,681,1241,0.0008058017727639033,-0.0008333472224535399,0.5576954069299017,0.0
104524,12.896048267471123,0.5576148267526189,560,681,1241,-0.0008058017727639033,-0.0008333472224535399,0.5576954069299017,0.0
104525,12.89521492024867,0.5584206285253828,560,681,1241,0.0008058017727639033,-0.0008333472224535399,0.557775987107178,8.058017727639034e-05
104526,12.894381573026216,0.5584206285253828,560,681,1241,0.0,-0.0008333472224535399,0.5578565672844544,8.058017727639034e-05
104527,12.893548225803762,0.5584206285253828,560,681,1241,0.0,-0.0008333472224535399,0.5579371474617307,8.058017727639034e-05
104528,12.892714878581309,0.5584206285253828,560,681,1241,0.0,-0.0008333472224535399,0.558017727639007,8.058017727639034e-05
104529,12.891881531358855,0.5584206285253828,560,681,1241,0.0,-0.0008333472224535399,0.5580983078162834,8.058017727639034e-05
104530,12.891048184136402,0.5584206285253828,560,681,1241,0.0,-0.0008333472224535399,0.5581788879935597,8.058017727639034e-05
104531,12.890214836913948,0.5584206285253828,560,681,1241,0.0,-0.0008333472224535399,0.5582594681708362,8.058017727639034e-05
104532,12.889381489691495,0.5592264302981467,560,681,1241,0.0008058017727639033,-0.0008333472224535399,0.5584206285253888,0.00016116035455278067
104533,12.888548142469041,0.5592264302981467,560,681,1241,0.0,-0.0008333472224535399,0.5585012087026652,8.058017727639034e-05
104534,12.887714795246588,0.5592264302981467,560,681,1241,0.0,-0.0008333472224535399,0.5586623690572179,0.00016116035455278067
104535,12.886881448024134,0.5600322320709106,560,681,1241,0.0008058017727639033,-0.0008333472224535399,0.5588235294117706,0.00016116035455278067
104536,12.88604810080168,0.5608380338436745,560,681,1241,0.0008058017727639033,-0.0008333472224535399,0.5590652699435997,0.00024174053182917098
104537,12.885214753579227,0.5608380338436745,560,681,1241,0.0,-0.0008333472224535399,0.559307010475429,0.00024174053182917098
104538,12.884381406356773,0.5600322320709106,560,681,1241,-0.0008058017727639033,-0.0008333472224535399,0.5594681708299818,0.00016116035455278067
104539,12.88354805913432,0.5608380338436745,560,681,1241,0.0008058017727639033,-0.0008333472224535399,0.5597099113618109,0.00024174053182917098
104540,12.882714711911866,0.5600322320709106,560,681,1241,-0.0008058017727639033,-0.0008333472224535399,0.5598710717163636,0.00016116035455278067
104541,12.881881364689413,0.5600322320709106,560,681,1241,0.0,-0.0008333472224535399,0.5600322320709165,0.00016116035455278067
104542,12.88104801746696,0.5600322320709106,560,681,1241,0.0,-0.0008333472224535399,0.5601128122481928,8.058017727639034e-05
104543,12.880214670244506,0.5600322320709106,560,681,1241,0.0,-0.0008333472224535399,0.5601933924254692,8.058017727639034e-05
104544,12.879381323022052,0.5600322320709106,560,681,1241,0.0,-0.0008333472224535399,0.5602739726027455,8.058017727639034e-05
104545,12.878547975799592,0.5600322320709106,560,681,1241,0.0,-0.0008333472224606453,0.5602739726027455,0.0
104546,12.877714628577138,0.5600322320709106,560,681,1241,0.0,-0.0008333472224535399,0.5601933924254692,-8.058017727639034e-05
104547,12.876881281354684,0.5600322320709106,560,681,1241,0.0,-0.0008333472224535399,0.5601128122481928,-8.058017727639034e-05
104548,12.876047934132231,0.5592264302981467,560,681,1241,-0.0008058017727639033,-0.0008333472224535399,0.5600322320709163,-8.058017727639034e-05
104549,12.875214586909777,0.5592264302981467,560,681,1241,0.0,-0.0008333472224535399,0.5598710717163635,-0.00016116035455278067
104550,12.874381239687324,0.5600322320709106,560,681,1241,0.0008058017727639033,-0.0008333472224535399,0.5598710717163635,0.0
104551,12.87354789246487,0.5600322320709106,560,681,1241,0.0,-0.0008333472224535399,0.5598710717163635,0.0
104552,12.872714545242417,0.5600322320709106,560,681,1241,0.0,-0.0008333472224535399,0.5598710717163635,0.0
104553,12.871881198019963,0.5600322320709106,560,681,1241,0.0,-0.0008333472224535399,0.5598710717163635,0.0
104554,12.87104785079751,0.5600322320709106,560,681,1241,0.0,-0.0008333472224535399,0.5598710717163635,0.0
104555,12.870214503575056,0.5592264302981467,560,681,1241,-0.0008058017727639033,-0.0008333472224535399,0.5597904915390871,-8.058017727639034e-05
104556,12.869381156352603,0.5584206285253828,560,681,1241,-0.0008058017727639033,-0.0008333472224535399,0.5596293311845344,-0.00016116035455278067
104557,12.868547809130149,0.5584206285253828,560,681,1241,0.0,-0.0008333472224535399,0.5594681708299816,-0.00016116035455278067
104558,12.867714461907696,0.5584206285253828,560,681,1241,0.0,-0.0008333472224535399,0.5593875906527052,-8.058017727639034e-05
104559,12.866881114685242,0.5584206285253828,560,681,1241,0.0,-0.0008333472224535399,0.5593070104754287,-8.058017727639034e-05
104560,12.866047767462788,0.5584206285253828,560,681,1241,0.0,-0.0008333472224535399,0.559145850120876,-0.00016116035455278067
104561,12.865214420240335,0.5584206285253828,560,681,1241,0.0,-0.0008333472224535399,0.5589846897663232,-0.00016116035455278067
104562,12.864381073017881,0.5584206285253828,560,681,1241,0.0,-0.0008333472224535399,0.5588235294117705,-0.00016116035455278067
104563,12.863547725795428,0.5584206285253828,560,681,1241,0.0,-0.0008333472224535399,0.5586623690572177,-0.00016116035455278067
104564,12.862714378572974,0.5584206285253828,560,681,1241,0.0,-0.0008333472224535399,0.5585012087026648,-0.00016116035455278067
104565,12.86188103135052,0.5584206285253828,560,681,1241,0.0,-0.0008333472224535399,0.5584206285253884,-8.058017727639034e-05
104566,12.861047684128067,0.5584206285253828,560,681,1241,0.0,-0.0008333472224535399,0.5584206285253884,0.0
104567,12.860214336905614,0.5584206285253828,560,681,1241,0.0,-0.0008333472224535399,0.5584206285253884,0.0
104568,12.85938098968316,0.5584206285253828,560,681,1241,0.0,-0.0008333472224535399,0.5584206285253884,0.0
104569,12.858547642460707,0.5592264302981467,560,681,1241,0.0008058017727639033,-0.0008333472224535399,0.5585012087026648,8.058017727639034e-05
104570,12.857714295238253,0.5592264302981467,560,681,1241,0.0,-0.0008333472224535399,0.5585817888799411,8.058017727639034e-05
104571,12.8568809480158,0.5592264302981467,560,681,1241,0.0,-0.0008333472224535399,0.5586623690572174,8.058017727639034e-05
104572,12.856047600793346,0.5592264302981467,560,681,1241,0.0,-0.0008333472224535399,0.5587429492344939,8.058017727639034e-05
104573,12.855214253570892,0.5592264302981467,560,681,1241,0.0,-0.0008333472224535399,0.5588235294117702,8.058017727639034e-05
104574,12.854380906348439,0.5600322320709106,560,681,1241,0.0008058017727639033,-0.0008333472224535399,0.558984689766323,0.00016116035455278067
104575,12.853547559125985,0.5600322320709106,560,681,1241,0.0,-0.0008333472224535399,0.5591458501208757,0.00016116035455278067
104576,12.852714211903532,0.5600322320709106,560,681,1241,0.0,-0.0008333472224535399,0.5593070104754285,0.00016116035455278067
104577,12.851880864681078,0.5600322320709106,560,681,1241,0.0,-0.0008333472224535399,0.5594681708299813,0.00016116035455278067
104578,12.851047517458625,0.5600322320709106,560,681,1241,0.0,-0.0008333472224535399,0.5596293311845341,0.00016116035455278067
104579,12.850214170236171,0.5600322320709106,560,681,1241,0.0,-0.0008333472224535399,0.5597099113618105,8.058017727639034e-05
104580,12.849380823013718,0.5600322320709106,560,681,1241,0.0,-0.0008333472224535399,0.5597904915390869,8.058017727639034e-05
104581,12.848547475791264,0.5592264302981467,560,681,1241,-0.0008058017727639033,-0.0008333472224535399,0.5597904915390869,0.0
104582,12.84771412856881,0.5592264302981467,560,681,1241,0.0,-0.0008333472224535399,0.5597904915390869,0.0
104583,12.846880781346357,0.5592264302981467,560,681,1241,0.0,-0.0008333472224535399,0.5597904915390869,0.0
104584,12.846047434123903,0.5600322320709106,560,681,1241,0.0008058017727639033,-0.0008333472224535399,0.5597904915390869,0.0
104585,12.84521408690145,0.5600322320709106,560,681,1241,0.0,-0.0008333472224535399,0.5597904915390869,0.0
104586,12.844380739678996,0.5600322320709106,560,681,1241,0.0,-0.0008333472224535399,0.5597904915390869,0.0
104587,12.843547392456543,0.5600322320709106,560,681,1241,0.0,-0.0008333472224535399,0.5597904915390869,0.0
104588,12.842714045234082,0.5600322320709106,560,681,1241,0.0,-0.0008333472224606453,0.5597904915390869,0.0
104589,12.841880698011629,0.5600322320709106,560,681,1241,0.0,-0.0008333472224535399,0.5597904915390869,0.0
104590,12.841047350789175,0.5592264302981467,560,681,1241,-0.0008058017727639033,-0.0008333472224535399,0.5597099113618105,-8.058017727639034e-05
104591,12.840214003566722,0.5592264302981467,560,681,1241,0.0,-0.0008333472224535399,0.5597099113618105,0.0
104592,12.839380656344268,0.5592264302981467,560,681,1241,0.0,-0.0008333472224535399,0.5597099113618105,0.0
104593,12.838547309121815,0.5592264302981467,560,681,1241,0.0,-0.0008333472224535399,0.5597099113618105,0.0
104594,12.837713961899361,0.5592264302981467,560,681,1241,0.0,-0.0008333472224535399,0.5596293311845341,-8.058017727639034e-05
104595,12.836880614676907,0.5592264302981467,560,681,1241,0.0,-0.0008333472224535399,0.5595487510072578,-8.058017727639034e-05
104596,12.836047267454454,0.5592264302981467,560,681,1241,0.0,-0.0008333472224535399,0.5594681708299813,-8.058017727639034e-05
104597,12.835213920232,0.5592264302981467,560,681,1241,0.0,-0.0008333472224535399,0.559387590652705,-8.058017727639034e-05
104598,12.834380573009547,0.5592264302981467,560,681,1241,0.0,-0.0008333472224535399,0.5593070104754287,-8.058017727639034e-05
104599,12.833547225787093,0.5592264302981467,560,681,1241,0.0,-0.0008333472224535399,0.5592264302981523,-8.058017727639034e-05
104600,12.83271387856464,0.5592264302981467,560,681,1241,0.0,-0.0008333472224535399,0.5592264302981524,0.0
104601,12.831880531342186,0.5592264302981467,560,681,1241,0.0,-0.0008333472224535399,0.5592264302981524,0.0
104602,12.831047184119733,0.5592264302981467,560,681,1241,0.0,-0.0008333472224535399,0.5592264302981524,0.0
104603,12.83021383689728,0.5592264302981467,560,681,1241,0.0,-0.0008333472224535399,0.5592264302981524,0.0
104604,12.829380489674826,0.5592264302981467,560,681,1241,0.0,-0.0008333472224535399,0.5592264302981524,0.0
104605,12.828547142452372,0.5592264302981467,560,681,1241,0.0,-0.0008333472224535399,0.5592264302981524,0.0
104606,12.827713795229919,0.5592264302981467,560,681,1241,0.0,-0.0008333472224535399,0.5592264302981524,0.0
104607,12.826880448007465,0.5592264302981467,560,681,1241,0.0,-0.0008333472224535399,0.5592264302981524,0.0
104608,12.826047100785011,0.5592264302981467,560,681,1241,0.0,-0.0008333472224535399,0.5592264302981524,0.0
104609,12.825213753562558,0.5592264302981467,560,681,1241,0.0,-0.0008333472224535399,0.5592264302981524,0.0
104610,12.824380406340104,0.5592264302981467,560,681,1241,0.0,-0.0008333472224535399,0.5592264302981524,0.0
104611,12.82354705911765,0.5592264302981467,560,681,1241,0.0,-0.0008333472224535399,0.5592264302981524,0.0
104612,12.822713711895197,0.5592264302981467,560,681,1241,0.0,-0.0008333472224535399,0.5592264302981524,0.0
104613,12.821880364672744,0.5592264302981467,560,681,1241,0.0,-0.0008333472224535399,0.5592264302981524,0.0
104614,12.82104701745029,0.5600322320709106,560,681,1241,0.0008058017727639033,-0.0008333472224535399,0.5593070104754287,8.058017727639034e-05
104615,12.820213670227837,0.5600322320709106,560,681,1241,0.0,-0.0008333472224535399,0.5593875906527052,8.058017727639034e-05
104616,12.819380323005383,0.5600322320709106,560,681,1241,0.0,-0.0008333472224535399,0.5594681708299815,8.058017727639034e-05
104617,12.81854697578293,0.5600322320709106,560,681,1241,0.0,-0.0008333472224535399,0.5595487510072579,8.058017727639034e-05
104618,12.817713628560476,0.5600322320709106,560,681,1241,0.0,-0.0008333472224535399,0.5596293311845342,8.058017727639034e-05
104619,12.816880281338022,0.5608380338436745,560,681,1241,0.0008058017727639033,-0.0008333472224535399,0.559790491539087,0.00016116035455278067
104620,12.816046934115569,0.5608380338436745,560,681,1241,0.0,-0.0008333472224535399,0.5599516518936399,0.00016116035455278067
104621,12.815213586893115,0.5600322320709106,560,681,1241,-0.0008058017727639033,-0.0008333472224535399,0.5600322320709162,8.058017727639034e-05
104622,12.814380239670662,0.5600322320709106,560,681,1241,0.0,-0.0008333472224535399,0.5601128122481926,8.058017727639034e-05
104623,12.813546892448208,0.5600322320709106,560,681,1241,0.0,-0.0008333472224535399,0.560193392425469,8.058017727639034e-05
104624,12.812713545225755,0.5600322320709106,560,681,1241,0.0,-0.0008333472224535399,0.560193392425469,0.0
104625,12.811880198003301,0.5600322320709106,560,681,1241,0.0,-0.0008333472224535399,0.560193392425469,0.0
104626,12.811046850780848,0.5592264302981467,560,681,1241,-0.0008058017727639033,-0.0008333472224535399,0.5601128122481925,-8.058017727639034e-05
104627,12.810213503558394,0.5592264302981467,560,681,1241,0.0,-0.0008333472224535399,0.5600322320709161,-8.058017727639034e-05
104628,12.80938015633594,0.5592264302981467,560,681,1241,0.0,-0.0008333472224535399,0.5599516518936398,-8.058017727639034e-05
104629,12.808546809113487,0.5592264302981467,560,681,1241,0.0,-0.0008333472224535399,0.559790491539087,-0.00016116035455278067
104630,12.807713461891026,0.5584206285253828,560,681,1241,-0.0008058017727639033,-0.0008333472224606453,0.5595487510072579,-0.00024174053182917098
104631,12.806880114668573,0.5584206285253828,560,681,1241,0.0,-0.0008333472224535399,0.559387590652705,-0.00016116035455278067
104632,12.80604676744612,0.5584206285253828,560,681,1241,0.0,-0.0008333472224535399,0.5592264302981522,-0.00016116035455278067
104633,12.805213420223666,0.5584206285253828,560,681,1241,0.0,-0.0008333472224535399,0.5590652699435995,-0.00016116035455278067
104634,12.804380073001212,0.5584206285253828,560,681,1241,0.0,-0.0008333472224535399,0.5589041095890467,-0.00016116035455278067
104635,12.803546725778759,0.5584206285253828,560,681,1241,0.0,-0.0008333472224535399,0.558742949234494,-0.00016116035455278067
104636,12.802713378556305,0.5584206285253828,560,681,1241,0.0,-0.0008333472224535399,0.5586623690572174,-8.058017727639034e-05
104637,12.801880031333852,0.5584206285253828,560,681,1241,0.0,-0.0008333472224535399,0.5585817888799411,-8.058017727639034e-05
104638,12.801046684111398,0.5584206285253828,560,681,1241,0.0,-0.0008333472224535399,0.5585012087026648,-8.058017727639034e-05
104639,12.800213336888945,0.5584206285253828,560,681,1241,0.0,-0.0008333472224535399,0.5584206285253884,-8.058017727639034e-05
104640,12.799379989666491,0.5584206285253828,560,681,1241,0.0,-0.0008333472224535399,0.5584206285253884,0.0
104641,12.798546642444038,0.5584206285253828,560,681,1241,0.0,-0.0008333472224535399,0.5584206285253884,0.0
104642,12.797713295221584,0.5584206285253828,560,681,1241,0.0,-0.0008333472224535399,0.5584206285253884,0.0
104643,12.79687994799913,0.5584206285253828,560,681,1241,0.0,-0.0008333472224535399,0.5584206285253884,0.0
104644,12.796046600776677,0.5584206285253828,560,681,1241,0.0,-0.0008333472224535399,0.5584206285253884,0.0
104645,12.795213253554223,0.5584206285253828,560,681,1241,0.0,-0.0008333472224535399,0.5584206285253884,0.0
104646,12.79437990633177,0.5584206285253828,560,681,1241,0.0,-0.0008333472224535399,0.5584206285253884,0.0
104647,12.793546559109316,0.5592264302981467,560,681,1241,0.0008058017727639033,-0.0008333472224535399,0.5585012087026648,8.058017727639034e-05
104648,12.792713211886863,0.5592264302981467,560,681,1241,0.0,-0.0008333472224535399,0.5585817888799411,8.058017727639034e-05
104649,12.79187986466441,0.5592264302981467,560,681,1241,0.0,-0.0008333472224535399,0.5586623690572174,8.058017727639034e-05
104650,12.791046517441956,0.5600322320709106,560,681,1241,0.0008058017727639033,-0.0008333472224535399,0.5588235294117703,0.00016116035455278067
104651,12.790213170219502,0.5600322320709106,560,681,1241,0.0,-0.0008333472224535399,0.5589846897663231,0.00016116035455278067
104652,12.789379822997049,0.5600322320709106,560,681,1241,0.0,-0.0008333472224535399,0.5591458501208758,0.00016116035455278067
104653,12.788546475774595,0.5600322320709106,560,681,1241,0.0,-0.0008333472224535399,0.5593070104754286,0.00016116035455278067
104654,12.787713128552141,0.5600322320709106,560,681,1241,0.0,-0.0008333472224535399,0.5594681708299813,0.00016116035455278067
104655,12.786879781329688,0.5600322320709106,560,681,1241,0.0,-0.0008333472224535399,0.5596293311845342,0.00016116035455278067
104656,12.786046434107234,0.5600322320709106,560,681,1241,0.0,-0.0008333472224535399,0.559790491539087,0.00016116035455278067
104657,12.78521308688478,0.5600322320709106,560,681,1241,0.0,-0.0008333472224535399,0.5598710717163634,8.058017727639034e-05
104658,12.784379739662327,0.5600322320709106,560,681,1241,0.0,-0.0008333472224535399,0.5599516518936397,8.058017727639034e-05
104659,12.783546392439874,0.5600322320709106,560,681,1241,0.0,-0.0008333472224535399,0.5600322320709161,8.058017727639034e-05
104660,12.78271304521742,0.5600322320709106,560,681,1241,0.0,-0.0008333472224535399,0.5600322320709161,0.0
104661,12.781879697994967,0.5600322320709106,560,681,1241,0.0,-0.0008333472224535399,0.5600322320709161,0.0
104662,12.781046350772513,0.5600322320709106,560,681,1241,0.0,-0.0008333472224535399,0.5600322320709161,0.0
104663,12.78021300355006,0.5600322320709106,560,681,1241,0.0,-0.0008333472224535399,0.5600322320709161,0.0
104664,12.779379656327606,0.5600322320709106,560,681,1241,0.0,-0.0008333472224535399,0.5600322320709161,0.0
104665,12.778546309105153,0.5600322320709106,560,681,1241,0.0,-0.0008333472224535399,0.5600322320709161,0.0
104666,12.777712961882699,0.5592264302981467,560,681,1241,-0.0008058017727639033,-0.0008333472224535399,0.5599516518936396,-8.058017727639034e-05
104667,12.776879614660245,0.5592264302981467,560,681,1241,0.0,-0.0008333472224535399,0.5598710717163633,-8.058017727639034e-05
104668,12.776046267437792,0.5592264302981467,560,681,1241,0.0,-0.0008333472224535399,0.559790491539087,-8.058017727639034e-05
104669,12.775212920215338,0.5592264302981467,560,681,1241,0.0,-0.0008333472224535399,0.5597099113618106,-8.058017727639034e-05
104670,12.774379572992885,0.5584206285253828,560,681,1241,-0.0008058017727639033,-0.0008333472224535399,0.5595487510072579,-0.00016116035455278067
104671,12.773546225770431,0.5584206285253828,560,681,1241,0.0,-0.0008333472224535399,0.559387590652705,-0.00016116035455278067
104672,12.772712878547978,0.5584206285253828,560,681,1241,0.0,-0.0008333472224535399,0.5592264302981522,-0.00016116035455278067
104673,12.771879531325517,0.5584206285253828,560,681,1241,0.0,-0.0008333472224606453,0.5590652699435995,-0.00016116035455278067
104674,12.771046184103064,0.5584206285253828,560,681,1241,0.0,-0.0008333472224535399,0.5589041095890467,-0.00016116035455278067
104675,12.77021283688061,0.5584206285253828,560,681,1241,0.0,-0.0008333472224535399,0.558742949234494,-0.00016116035455278067
104676,12.769379489658157,0.5584206285253828,560,681,1241,0.0,-0.0008333472224535399,0.5586623690572174,-8.058017727639034e-05
104677,12.768546142435703,0.5584206285253828,560,681,1241,0.0,-0.0008333472224535399,0.5585817888799411,-8.058017727639034e-05
104678,12.76771279521325,0.5592264302981467,560,681,1241,0.0008058017727639033,-0.0008333472224535399,0.5585817888799411,0.0
104679,12.766879447990796,0.5584206285253828,560,681,1241,-0.0008058017727639033,-0.0008333472224535399,0.5585012087026648,-8.058017727639034e-05
104680,12.766046100768342,0.5576148267526189,560,681,1241,-0.0008058017727639033,-0.0008333472224535399,0.5584206285253884,-8.058017727639034e-05
104681,12.765212753545889,0.5576148267526189,560,681,1241,0.0,-0.0008333472224535399,0.5583400483481121,-8.058017727639034e-05
104682,12.764379406323435,0.5576148267526189,560,681,1241,0.0,-0.0008333472224535399,0.5582594681708357,-8.058017727639034e-05
104683,12.763546059100982,0.5576148267526189,560,681,1241,0.0,-0.0008333472224535399,0.5581788879935594,-8.058017727639034e-05
104684,12.762712711878528,0.5576148267526189,560,681,1241,0.0,-0.0008333472224535399,0.5580983078162831,-8.058017727639034e-05
104685,12.761879364656075,0.5576148267526189,560,681,1241,0.0,-0.0008333472224535399,0.5580177276390067,-8.058017727639034e-05
104686,12.761046017433621,0.5576148267526189,560,681,1241,0.0,-0.0008333472224535399,0.5579371474617304,-8.058017727639034e-05
104687,12.760212670211168,0.5576148267526189,560,681,1241,0.0,-0.0008333472224535399,0.557856567284454,-8.058017727639034e-05
104688,12.759379322988714,0.5576148267526189,560,681,1241,0.0,-0.0008333472224535399,0.5576954069299014,-0.00016116035455278067
104689,12.75854597576626,0.5576148267526189,560,681,1241,0.0,-0.0008333472224535399,0.557614826752625,-8.058017727639034e-05
104690,12.757712628543807,0.5576148267526189,560,681,1241,0.0,-0.0008333472224535399,0.557614826752625,0.0
104691,12.756879281321353,0.5576148267526189,560,681,1241,0.0,-0.0008333472224535399,0.557614826752625,0.0
104692,12.7560459340989,0.5576148267526189,560,681,1241,0.0,-0.0008333472224535399,0.557614826752625,0.0
104693,12.755212586876446,0.5576148267526189,560,681,1241,0.0,-0.0008333472224535399,0.557614826752625,0.0
104694,12.754379239653993,0.5584206285253828,560,681,1241,0.0008058017727639033,-0.0008333472224535399,0.5576954069299014,8.058017727639034e-05
104695,12.75354589243154,0.5584206285253828,560,681,1241,0.0,-0.0008333472224535399,0.5577759871071777,8.058017727639034e-05
104696,12.752712545209086,0.5584206285253828,560,681,1241,0.0,-0.0008333472224535399,0.557856567284454,8.058017727639034e-05
104697,12.751879197986632,0.5584206285253828,560,681,1241,0.0,-0.0008333472224535399,0.5579371474617304,8.058017727639034e-05
104698,12.751045850764179,0.5584206285253828,560,681,1241,0.0,-0.0008333472224535399,0.5580177276390067,8.058017727639034e-05
104699,12.750212503541725,0.5584206285253828,560,681,1241,0.0,-0.0008333472224535399,0.5580983078162831,8.058017727639034e-05
104700,12.749379156319272,0.5584206285253828,560,681,1241,0.0,-0.0008333472224535399,0.5581788879935594,8.058017727639034e-05
104701,12.748545809096818,0.5584206285253828,560,681,1241,0.0,-0.0008333472224535399,0.5582594681708357,8.058017727639034e-05
104702,12.747712461874364,0.5584206285253828,560,681,1241,0.0,-0.0008333472224535399,0.5583400483481121,8.058017727639034e-05
104703,12.746879114651911,0.5592264302981467,560,681,1241,0.0008058017727639033,-0.0008333472224535399,0.5585012087026648,0.00016116035455278067
104704,12.746045767429457,0.5592264302981467,560,681,1241,0.0,-0.0008333472224535399,0.5585817888799411,8.058017727639034e-05
104705,12.745212420207004,0.5592264302981467,560,681,1241,0.0,-0.0008333472224535399,0.5586623690572174,8.058017727639034e-05
104706,12.74437907298455,0.5592264302981467,560,681,1241,0.0,-0.0008333472224535399,0.5587429492344939,8.058017727639034e-05
104707,12.743545725762097,0.5592264302981467,560,681,1241,0.0,-0.0008333472224535399,0.5588235294117702,8.058017727639034e-05
104708,12.742712378539643,0.5592264302981467,560,681,1241,0.0,-0.0008333472224535399,0.5589041095890466,8.058017727639034e-05
104709,12.74187903131719,0.5592264302981467,560,681,1241,0.0,-0.0008333472224535399,0.5589846897663229,8.058017727639034e-05
104710,12.741045684094736,0.5592264302981467,560,681,1241,0.0,-0.0008333472224535399,0.5590652699435992,8.058017727639034e-05
104711,12.740212336872283,0.5576148267526189,560,681,1241,-0.0016116035455278066,-0.0008333472224535399,0.5589846897663229,-8.058017727639034e-05
104712,12.739378989649829,0.5576148267526189,560,681,1241,0.0,-0.0008333472224535399,0.5589041095890466,-8.058017727639034e-05
104713,12.738545642427376,0.5576148267526189,560,681,1241,0.0,-0.0008333472224535399,0.5587429492344939,-0.00016116035455278067
104714,12.737712295204922,0.5576148267526189,560,681,1241,0.0,-0.0008333472224535399,0.5585817888799411,-0.00016116035455278067
104715,12.736878947982461,0.5576148267526189,560,681,1241,0.0,-0.0008333472224606453,0.5584206285253884,-0.00016116035455278067
104716,12.736045600760008,0.5576148267526189,560,681,1241,0.0,-0.0008333472224535399,0.5582594681708357,-0.00016116035455278067
104717,12.735212253537554,0.5576148267526189,560,681,1241,0.0,-0.0008333472224535399,0.5580983078162831,-0.00016116035455278067
104718,12.7343789063151,0.5576148267526189,560,681,1241,0.0,-0.0008333472224535399,0.5579371474617304,-0.00016116035455278067
104719,12.733545559092647,0.5576148267526189,560,681,1241,0.0,-0.0008333472224535399,0.5577759871071777,-0.00016116035455278067
104720,12.732712211870194,0.5576148267526189,560,681,1241,0.0,-0.0008333472224535399,0.557614826752625,-0.00016116035455278067
104721,12.73187886464774,0.5576148267526189,560,681,1241,0.0,-0.0008333472224535399,0.557614826752625,0.0
104722,12.731045517425287,0.5576148267526189,560,681,1241,0.0,-0.0008333472224535399,0.557614826752625,0.0
104723,12.730212170202833,0.5576148267526189,560,681,1241,0.0,-0.0008333472224535399,0.557614826752625,0.0
104724,12.72937882298038,0.5576148267526189,560,681,1241,0.0,-0.0008333472224535399,0.557614826752625,0.0
104725,12.728545475757926,0.5576148267526189,560,681,1241,0.0,-0.0008333472224535399,0.557614826752625,0.0
104726,12.727712128535472,0.5576148267526189,560,681,1241,0.0,-0.0008333472224535399,0.557614826752625,0.0
104727,12.726878781313019,0.5576148267526189,560,681,1241,0.0,-0.0008333472224535399,0.557614826752625,0.0
104728,12.726045434090565,0.5576148267526189,560,681,1241,0.0,-0.0008333472224535399,0.557614826752625,0.0
104729,12.725212086868112,0.5576148267526189,560,681,1241,0.0,-0.0008333472224535399,0.557614826752625,0.0
104730,12.724378739645658,0.5576148267526189,560,681,1241,0.0,-0.0008333472224535399,0.557614826752625,0.0
104731,12.723545392423205,0.5576148267526189,560,681,1241,0.0,-0.0008333472224535399,0.557614826752625,0.0
104732,12.722712045200751,0.5576148267526189,560,681,1241,0.0,-0.0008333472224535399,0.557614826752625,0.0
104733,12.721878697978298,0.5576148267526189,560,681,1241,0.0,-0.0008333472224535399,0.557614826752625,0.0
104734,12.721045350755844,0.5576148267526189,560,681,1241,0.0,-0.0008333472224535399,0.557614826752625,0.0
104735,12.72021200353339,0.5576148267526189,560,681,1241,0.0,-0.0008333472224535399,0.557614826752625,0.0
104736,12.719378656310937,0.5576148267526189,560,681,1241,0.0,-0.0008333472224535399,0.557614826752625,0.0
104737,12.718545309088483,0.5576148267526189,560,681,1241,0.0,-0.0008333472224535399,0.557614826752625,0.0
104738,12.71771196186603,0.5576148267526189,560,681,1241,0.0,-0.0008333472224535399,0.557614826752625,0.0
104739,12.716878614643576,0.5576148267526189,560,681,1241,0.0,-0.0008333472224535399,0.557614826752625,0.0
104740,12.716045267421123,0.5576148267526189,560,681,1241,0.0,-0.0008333472224535399,0.557614826752625,0.0
104741,12.71521192019867,0.556809024979855,560,681,1241,-0.0008058017727639033,-0.0008333472224535399,0.5575342465753487,-8.058017727639034e-05
104742,12.714378572976216,0.556809024979855,560,681,1241,0.0,-0.0008333472224535399,0.5574536663980723,-8.058017727639034e-05
104743,12.713545225753762,0.556809024979855,560,681,1241,0.0,-0.0008333472224535399,0.557373086220796,-8.058017727639034e-05
104744,12.712711878531309,0.556809024979855,560,681,1241,0.0,-0.0008333472224535399,0.5572925060435197,-8.058017727639034e-05
104745,12.711878531308855,0.556809024979855,560,681,1241,0.0,-0.0008333472224535399,0.5572119258662432,-8.058017727639034e-05
104746,12.711045184086402,0.556809024979855,560,681,1241,0.0,-0.0008333472224535399,0.5571313456889669,-8.058017727639034e-05
104747,12.710211836863948,0.556809024979855,560,681,1241,0.0,-0.0008333472224535399,0.5570507655116905,-8.058017727639034e-05
104748,12.709378489641495,0.556809024979855,560,681,1241,0.0,-0.0008333472224535399,0.5569701853344142,-8.058017727639034e-05
104749,12.708545142419041,0.556809024979855,560,681,1241,0.0,-0.0008333472224535399,0.5568896051571379,-8.058017727639034e-05
104750,12.707711795196587,0.556809024979855,560,681,1241,0.0,-0.0008333472224535399,0.5568090249798615,-8.058017727639034e-05
104751,12.706878447974134,0.556809024979855,560,681,1241,0.0,-0.0008333472224535399,0.5568090249798615,0.0
104752,12.70604510075168,0.556809024979855,560,681,1241,0.0,-0.0008333472224535399,0.5568090249798615,0.0
104753,12.705211753529227,0.556809024979855,560,681,1241,0.0,-0.0008333472224535399,0.5568090249798615,0.0
104754,12.704378406306773,0.556809024979855,560,681,1241,0.0,-0.0008333472224535399,0.5568090249798615,0.0
104755,12.70354505908432,0.556809024979855,560,681,1241,0.0,-0.0008333472224535399,0.5568090249798615,0.0
104756,12.702711711861866,0.556809024979855,560,681,1241,0.0,-0.0008333472224535399,0.5568090249798615,0.0
104757,12.701878364639406,0.556809024979855,560,681,1241,0.0,-0.0008333472224606453,0.5568090249798615,0.0
104758,12.701045017416952,0.556809024979855,560,681,1241,0.0,-0.0008333472224535399,0.5568090249798615,0.0
104759,12.700211670194498,0.556809024979855,560,681,1241,0.0,-0.0008333472224535399,0.5568090249798615,0.0
104760,12.699378322972045,0.556809024979855,560,681,1241,0.0,-0.0008333472224535399,0.5568090249798615,0.0
104761,12.698544975749591,0.556809024979855,560,681,1241,0.0,-0.0008333472224535399,0.5568090249798615,0.0
104762,12.697711628527138,0.556809024979855,560,681,1241,0.0,-0.0008333472224535399,0.5568090249798615,0.0
104763,12.696878281304684,0.556809024979855,560,681,1241,0.0,-0.0008333472224535399,0.5568090249798615,0.0
104764,12.69604493408223,0.556809024979855,560,681,1241,0.0,-0.0008333472224535399,0.5568090249798615,0.0
104765,12.695211586859777,0.556809024979855,560,681,1241,0.0,-0.0008333472224535399,0.5568090249798615,0.0
104766,12.694378239637324,0.556809024979855,560,681,1241,0.0,-0.0008333472224535399,0.5568090249798615,0.0
104767,12.69354489241487,0.556809024979855,560,681,1241,0.0,-0.0008333472224535399,0.5568090249798615,0.0
104768,12.692711545192417,0.5560032232070911,560,681,1241,-0.0008058017727639033,-0.0008333472224535399,0.5567284448025851,-8.058017727639034e-05
104769,12.691878197969963,0.5560032232070911,560,681,1241,0.0,-0.0008333472224535399,0.5566478646253088,-8.058017727639034e-05
104770,12.69104485074751,0.5560032232070911,560,681,1241,0.0,-0.0008333472224535399,0.5565672844480324,-8.058017727639034e-05
104771,12.690211503525056,0.5560032232070911,560,681,1241,0.0,-0.0008333472224535399,0.5564867042707561,-8.058017727639034e-05
104772,12.689378156302602,0.5551974214343272,560,681,1241,-0.0008058017727639033,-0.0008333472224535399,0.5563255439162033,-0.00016116035455278067
104773,12.688544809080149,0.5551974214343272,560,681,1241,0.0,-0.0008333472224535399,0.5561643835616505,-0.00016116035455278067
104774,12.687711461857695,0.5551974214343272,560,681,1241,0.0,-0.0008333472224535399,0.5560032232070977,-0.00016116035455278067
104775,12.686878114635242,0.5551974214343272,560,681,1241,0.0,-0.0008333472224535399,0.5558420628525449,-0.00016116035455278067
104776,12.686044767412788,0.5551974214343272,560,681,1241,0.0,-0.0008333472224535399,0.5556809024979922,-0.00016116035455278067
104777,12.685211420190335,0.5551974214343272,560,681,1241,0.0,-0.0008333472224535399,0.5555197421434394,-0.00016116035455278067
104778,12.684378072967881,0.5551974214343272,560,681,1241,0.0,-0.0008333472224535399,0.5554391619661629,-8.058017727639034e-05
104779,12.683544725745428,0.5551974214343272,560,681,1241,0.0,-0.0008333472224535399,0.5553585817888866,-8.058017727639034e-05
104780,12.682711378522974,0.5551974214343272,560,681,1241,0.0,-0.0008333472224535399,0.5552780016116102,-8.058017727639034e-05
104781,12.68187803130052,0.5551974214343272,560,681,1241,0.0,-0.0008333472224535399,0.5551974214343339,-8.058017727639034e-05
104782,12.681044684078067,0.5551974214343272,560,681,1241,0.0,-0.0008333472224535399,0.5551974214343339,0.0
104783,12.680211336855614,0.5551974214343272,560,681,1241,0.0,-0.0008333472224535399,0.5551974214343339,0.0
104784,12.67937798963316,0.5551974214343272,560,681,1241,0.0,-0.0008333472224535399,0.5551974214343339,0.0
104785,12.678544642410706,0.5551974214343272,560,681,1241,0.0,-0.0008333472224535399,0.5551974214343339,0.0
104786,12.677711295188253,0.5551974214343272,560,681,1241,0.0,-0.0008333472224535399,0.5551974214343339,0.0
104787,12.6768779479658,0.5551974214343272,560,681,1241,0.0,-0.0008333472224535399,0.5551974214343339,0.0
104788,12.676044600743346,0.5551974214343272,560,681,1241,0.0,-0.0008333472224535399,0.5551974214343339,0.0
104789,12.675211253520892,0.5551974214343272,560,681,1241,0.0,-0.0008333472224535399,0.5551974214343339,0.0
104790,12.674377906298439,0.5551974214343272,560,681,1241,0.0,-0.0008333472224535399,0.5551974214343339,0.0
104791,12.673544559075985,0.5551974214343272,560,681,1241,0.0,-0.0008333472224535399,0.5551974214343339,0.0
104792,12.672711211853532,0.5551974214343272,560,681,1241,0.0,-0.0008333472224535399,0.5551974214343339,0.0
104793,12.671877864631078,0.5551974214343272,560,681,1241,0.0,-0.0008333472224535399,0.5551974214343339,0.0
104794,12.671044517408625,0.5551974214343272,560,681,1241,0.0,-0.0008333472224535399,0.5551974214343339,0.0
104795,12.670211170186171,0.5551974214343272,560,681,1241,0.0,-0.0008333472224535399,0.5551974214343339,0.0
104796,12.669377822963718,0.5551974214343272,560,681,1241,0.0,-0.0008333472224535399,0.5551974214343339,0.0
104797,12.668544475741264,0.5560032232070911,560,681,1241,0.0008058017727639033,-0.0008333472224535399,0.5552780016116102,8.058017727639034e-05
104798,12.66771112851881,0.5560032232070911,560,681,1241,0.0,-0.0008333472224535399,0.5553585817888866,8.058017727639034e-05
104799,12.666877781296357,0.5560032232070911,560,681,1241,0.0,-0.0008333472224535399,0.5554391619661629,8.058017727639034e-05
104800,12.666044434073896,0.5560032232070911,560,681,1241,0.0,-0.0008333472224606453,0.5555197421434392,8.058017727639034e-05
104801,12.665211086851443,0.5560032232070911,560,681,1241,0.0,-0.0008333472224535399,0.5556003223207157,8.058017727639034e-05
104802,12.66437773962899,0.5560032232070911,560,681,1241,0.0,-0.0008333472224535399,0.555680902497992,8.058017727639034e-05
104803,12.663544392406536,0.5560032232070911,560,681,1241,0.0,-0.0008333472224535399,0.5557614826752684,8.058017727639034e-05
104804,12.662711045184082,0.5560032232070911,560,681,1241,0.0,-0.0008333472224535399,0.5558420628525447,8.058017727639034e-05
104805,12.661877697961629,0.5560032232070911,560,681,1241,0.0,-0.0008333472224535399,0.555922643029821,8.058017727639034e-05
104806,12.661044350739175,0.5560032232070911,560,681,1241,0.0,-0.0008333472224535399,0.5560032232070974,8.058017727639034e-05
104807,12.660211003516721,0.5560032232070911,560,681,1241,0.0,-0.0008333472224535399,0.5560032232070974,0.0
104808,12.659377656294268,0.5560032232070911,560,681,1241,0.0,-0.0008333472224535399,0.5560032232070974,0.0
104809,12.658544309071814,0.5560032232070911,560,681,1241,0.0,-0.0008333472224535399,0.5560032232070974,0.0
104810,12.65771096184936,0.5560032232070911,560,681,1241,0.0,-0.0008333472224535399,0.5560032232070974,0.0
104811,12.656877614626907,0.5560032232070911,560,681,1241,0.0,-0.0008333472224535399,0.5560032232070974,0.0
104812,12.656044267404454,0.5560032232070911,560,681,1241,0.0,-0.0008333472224535399,0.5560032232070974,0.0
104813,12.655210920182,0.5560032232070911,560,681,1241,0.0,-0.0008333472224535399,0.5560032232070974,0.0
104814,12.654377572959547,0.556809024979855,560,681,1241,0.0008058017727639033,-0.0008333472224535399,0.5560838033843737,8.058017727639034e-05
104815,12.653544225737093,0.556809024979855,560,681,1241,0.0,-0.0008333472224535399,0.5561643835616501,8.058017727639034e-05
104816,12.65271087851464,0.556809024979855,560,681,1241,0.0,-0.0008333472224535399,0.5562449637389264,8.058017727639034e-05
104817,12.651877531292186,0.556809024979855,560,681,1241,0.0,-0.0008333472224535399,0.5563255439162027,8.058017727639034e-05
104818,12.651044184069733,0.5576148267526189,560,681,1241,0.0008058017727639033,-0.0008333472224535399,0.5564867042707556,0.00016116035455278067
104819,12.650210836847279,0.5576148267526189,560,681,1241,0.0,-0.0008333472224535399,0.5566478646253085,0.00016116035455278067
104820,12.649377489624825,0.5576148267526189,560,681,1241,0.0,-0.0008333472224535399,0.5568090249798614,0.00016116035455278067
104821,12.648544142402372,0.5576148267526189,560,681,1241,0.0,-0.0008333472224535399,0.5569701853344142,0.00016116035455278067
104822,12.647710795179918,0.556809024979855,560,681,1241,-0.0008058017727639033,-0.0008333472224535399,0.5570507655116905,8.058017727639034e-05
104823,12.646877447957465,0.556809024979855,560,681,1241,0.0,-0.0008333472224535399,0.5571313456889669,8.058017727639034e-05
104824,12.646044100735011,0.556809024979855,560,681,1241,0.0,-0.0008333472224535399,0.5571313456889669,0.0
104825,12.645210753512558,0.5560032232070911,560,681,1241,-0.0008058017727639033,-0.0008333472224535399,0.5570507655116905,-8.058017727639034e-05
104826,12.644377406290104,0.5560032232070911,560,681,1241,0.0,-0.0008333472224535399,0.5569701853344141,-8.058017727639034e-05
104827,12.64354405906765,0.5560032232070911,560,681,1241,0.0,-0.0008333472224535399,0.5568896051571378,-8.058017727639034e-05
104828,12.642710711845197,0.5560032232070911,560,681,1241,0.0,-0.0008333472224535399,0.556728444802585,-0.00016116035455278067
104829,12.641877364622744,0.5560032232070911,560,681,1241,0.0,-0.0008333472224535399,0.5565672844480322,-0.00016116035455278067
104830,12.64104401740029,0.5560032232070911,560,681,1241,0.0,-0.0008333472224535399,0.5564061240934792,-0.00016116035455278067
104831,12.640210670177837,0.5560032232070911,560,681,1241,0.0,-0.0008333472224535399,0.5562449637389264,-0.00016116035455278067
104832,12.639377322955383,0.5560032232070911,560,681,1241,0.0,-0.0008333472224535399,0.55616438356165,-8.058017727639034e-05
104833,12.63854397573293,0.5560032232070911,560,681,1241,0.0,-0.0008333472224535399,0.5560838033843736,-8.058017727639034e-05
104834,12.637710628510476,0.5560032232070911,560,681,1241,0.0,-0.0008333472224535399,0.5560032232070973,-8.058017727639034e-05
104835,12.636877281288022,0.5560032232070911,560,681,1241,0.0,-0.0008333472224535399,0.5560032232070974,0.0
104836,12.636043934065569,0.5551974214343272,560,681,1241,-0.0008058017727639033,-0.0008333472224535399,0.555922643029821,-8.058017727639034e-05
104837,12.635210586843115,0.5551974214343272,560,681,1241,0.0,-0.0008333472224535399,0.5558420628525447,-8.058017727639034e-05
104838,12.634377239620662,0.5551974214343272,560,681,1241,0.0,-0.0008333472224535399,0.5557614826752684,-8.058017727639034e-05
104839,12.633543892398208,0.5551974214343272,560,681,1241,0.0,-0.0008333472224535399,0.555680902497992,-8.058017727639034e-05
104840,12.632710545175755,0.5551974214343272,560,681,1241,0.0,-0.0008333472224535399,0.5556003223207157,-8.058017727639034e-05
104841,12.631877197953301,0.5551974214343272,560,681,1241,0.0,-0.0008333472224535399,0.5555197421434392,-8.058017727639034e-05
104842,12.63104385073084,0.5551974214343272,560,681,1241,0.0,-0.0008333472224606453,0.5554391619661629,-8.058017727639034e-05
104843,12.630210503508387,0.5551974214343272,560,681,1241,0.0,-0.0008333472224535399,0.5553585817888866,-8.058017727639034e-05
104844,12.629377156285933,0.5551974214343272,560,681,1241,0.0,-0.0008333472224535399,0.5552780016116102,-8.058017727639034e-05
104845,12.62854380906348,0.5551974214343272,560,681,1241,0.0,-0.0008333472224535399,0.5551974214343339,-8.058017727639034e-05
104846,12.627710461841026,0.5551974214343272,560,681,1241,0.0,-0.0008333472224535399,0.5551974214343339,0.0
104847,12.626877114618573,0.5551974214343272,560,681,1241,0.0,-0.0008333472224535399,0.5551974214343339,0.0
104848,12.62604376739612,0.5551974214343272,560,681,1241,0.0,-0.0008333472224535399,0.5551974214343339,0.0
104849,12.625210420173666,0.5551974214343272,560,681,1241,0.0,-0.0008333472224535399,0.5551974214343339,0.0
104850,12.624377072951212,0.5551974214343272,560,681,1241,0.0,-0.0008333472224535399,0.5551974214343339,0.0
104851,12.623543725728759,0.5551974214343272,560,681,1241,0.0,-0.0008333472224535399,0.5551974214343339,0.0
104852,12.622710378506305,0.5551974214343272,560,681,1241,0.0,-0.0008333472224535399,0.5551974214343339,0.0
104853,12.621877031283852,0.5551974214343272,560,681,1241,0.0,-0.0008333472224535399,0.5551974214343339,0.0
104854,12.621043684061398,0.5551974214343272,560,681,1241,0.0,-0.0008333472224535399,0.5551974214343339,0.0
104855,12.620210336838944,0.5551974214343272,560,681,1241,0.0,-0.0008333472224535399,0.5551974214343339,0.0
104856,12.619376989616491,0.5551974214343272,560,681,1241,0.0,-0.0008333472224535399,0.5551974214343339,0.0
104857,12.618543642394037,0.5551974214343272,560,681,1241,0.0,-0.0008333472224535399,0.5551974214343339,0.0
104858,12.617710295171584,0.5551974214343272,560,681,1241,0.0,-0.0008333472224535399,0.5551974214343339,0.0
104859,12.61687694794913,0.5551974214343272,560,681,1241,0.0,-0.0008333472224535399,0.5551974214343339,0.0
104860,12.616043600726677,0.5551974214343272,560,681,1241,0.0,-0.0008333472224535399,0.5551974214343339,0.0
104861,12.615210253504223,0.5551974214343272,560,681,1241,0.0,-0.0008333472224535399,0.5551974214343339,0.0
104862,12.61437690628177,0.5551974214343272,560,681,1241,0.0,-0.0008333472224535399,0.5551974214343339,0.0
104863,12.613543559059316,0.5551974214343272,560,681,1241,0.0,-0.0008333472224535399,0.5551974214343339,0.0
104864,12.612710211836863,0.5551974214343272,560,681,1241,0.0,-0.0008333472224535399,0.5551974214343339,0.0
104865,12.611876864614409,0.5551974214343272,560,681,1241,0.0,-0.0008333472224535399,0.5551974214343339,0.0
104866,12.611043517391956,0.5551974214343272,560,681,1241,0.0,-0.0008333472224535399,0.5551974214343339,0.0
104867,12.610210170169502,0.5551974214343272,560,681,1241,0.0,-0.0008333472224535399,0.5551974214343339,0.0
104868,12.609376822947048,0.5551974214343272,560,681,1241,0.0,-0.0008333472224535399,0.5551974214343339,0.0
104869,12.608543475724595,0.5551974214343272,560,681,1241,0.0,-0.0008333472224535399,0.5551974214343339,0.0
104870,12.607710128502141,0.5551974214343272,560,681,1241,0.0,-0.0008333472224535399,0.5551974214343339,0.0
104871,12.606876781279688,0.5551974214343272,560,681,1241,0.0,-0.0008333472224535399,0.5551974214343339,0.0
104872,12.606043434057234,0.5551974214343272,560,681,1241,0.0,-0.0008333472224535399,0.5551974214343339,0.0
104873,12.60521008683478,0.5551974214343272,560,681,1241,0.0,-0.0008333472224535399,0.5551974214343339,0.0
104874,12.604376739612327,0.5551974214343272,560,681,1241,0.0,-0.0008333472224535399,0.5551974214343339,0.0
104875,12.603543392389874,0.5551974214343272,560,681,1241,0.0,-0.0008333472224535399,0.5551974214343339,0.0
104876,12.60271004516742,0.5551974214343272,560,681,1241,0.0,-0.0008333472224535399,0.5551974214343339,0.0
104877,12.601876697944967,0.5551974214343272,560,681,1241,0.0,-0.0008333472224535399,0.5551974214343339,0.0
104878,12.601043350722513,0.5551974214343272,560,681,1241,0.0,-0.0008333472224535399,0.5551974214343339,0.0
104879,12.60021000350006,0.5551974214343272,560,681,1241,0.0,-0.0008333472224535399,0.5551974214343339,0.0
104880,12.599376656277606,0.5551974214343272,560,681,1241,0.0,-0.0008333472224535399,0.5551974214343339,0.0
104881,12.598543309055152,0.5551974214343272,560,681,1241,0.0,-0.0008333472224535399,0.5551974214343339,0.0
104882,12.597709961832699,0.5551974214343272,560,681,1241,0.0,-0.0008333472224535399,0.5551974214343339,0.0
104883,12.596876614610245,0.5551974214343272,560,681,1241,0.0,-0.0008333472224535399,0.5551974214343339,0.0
104884,12.596043267387785,0.5551974214343272,560,681,1241,0.0,-0.0008333472224606453,0.5551974214343339,0.0
104885,12.595209920165331,0.5560032232070911,560,681,1241,0.0008058017727639033,-0.0008333472224535399,0.5552780016116102,8.058017727639034e-05
104886,12.594376572942878,0.5560032232070911,560,681,1241,0.0,-0.0008333472224535399,0.5553585817888866,8.058017727639034e-05
104887,12.593543225720424,0.5560032232070911,560,681,1241,0.0,-0.0008333472224535399,0.5554391619661629,8.058017727639034e-05
104888,12.59270987849797,0.5551974214343272,560,681,1241,-0.0008058017727639033,-0.0008333472224535399,0.5554391619661629,0.0
104889,12.591876531275517,0.5551974214343272,560,681,1241,0.0,-0.0008333472224535399,0.5554391619661629,0.0
104890,12.591043184053063,0.5551974214343272,560,681,1241,0.0,-0.0008333472224535399,0.5554391619661629,0.0
104891,12.59020983683061,0.5551974214343272,560,681,1241,0.0,-0.0008333472224535399,0.5554391619661629,0.0
104892,12.589376489608156,0.5551974214343272,560,681,1241,0.0,-0.0008333472224535399,0.5554391619661629,0.0
104893,12.588543142385703,0.5551974214343272,560,681,1241,0.0,-0.0008333472224535399,0.5554391619661629,0.0
104894,12.58770979516325,0.5551974214343272,560,681,1241,0.0,-0.0008333472224535399,0.5554391619661629,0.0
104895,12.586876447940796,0.5551974214343272,560,681,1241,0.0,-0.0008333472224535399,0.5553585817888866,-8.058017727639034e-05
104896,12.586043100718342,0.5551974214343272,560,681,1241,0.0,-0.0008333472224535399,0.5552780016116102,-8.058017727639034e-05
104897,12.585209753495889,0.5551974214343272,560,681,1241,0.0,-0.0008333472224535399,0.5551974214343339,-8.058017727639034e-05
104898,12.584376406273435,0.5551974214343272,560,681,1241,0.0,-0.0008333472224535399,0.5551974214343339,0.0
104899,12.583543059050982,0.5551974214343272,560,681,1241,0.0,-0.0008333472224535399,0.5551974214343339,0.0
104900,12.582709711828528,0.5551974214343272,560,681,1241,0.0,-0.0008333472224535399,0.5551974214343339,0.0
104901,12.581876364606075,0.5551974214343272,560,681,1241,0.0,-0.0008333472224535399,0.5551974214343339,0.0
104902,12.581043017383621,0.5551974214343272,560,681,1241,0.0,-0.0008333472224535399,0.5551974214343339,0.0
104903,12.580209670161167,0.5551974214343272,560,681,1241,0.0,-0.0008333472224535399,0.5551974214343339,0.0
104904,12.579376322938714,0.5551974214343272,560,681,1241,0.0,-0.0008333472224535399,0.5551974214343339,0.0
104905,12.57854297571626,0.5551974214343272,560,681,1241,0.0,-0.0008333472224535399,0.5551974214343339,0.0
104906,12.577709628493807,0.5551974214343272,560,681,1241,0.0,-0.0008333472224535399,0.5551974214343339,0.0
104907,12.576876281271353,0.5551974214343272,560,681,1241,0.0,-0.0008333472224535399,0.5551974214343339,0.0
104908,12.5760429340489,0.5551974214343272,560,681,1241,0.0,-0.0008333472224535399,0.5551974214343339,0.0
104909,12.575209586826446,0.5551974214343272,560,681,1241,0.0,-0.0008333472224535399,0.5551974214343339,0.0
104910,12.574376239603993,0.5551974214343272,560,681,1241,0.0,-0.0008333472224535399,0.5551974214343339,0.0
104911,12.573542892381539,0.5551974214343272,560,681,1241,0.0,-0.0008333472224535399,0.5551974214343339,0.0
104912,12.572709545159086,0.5551974214343272,560,681,1241,0.0,-0.0008333472224535399,0.5551974214343339,0.0
104913,12.571876197936632,0.5551974214343272,560,681,1241,0.0,-0.0008333472224535399,0.5551974214343339,0.0
104914,12.571042850714178,0.5551974214343272,560,681,1241,0.0,-0.0008333472224535399,0.5551974214343339,0.0
104915,12.570209503491725,0.5560032232070911,560,681,1241,0.0008058017727639033,-0.0008333472224535399,0.5552780016116102,8.058017727639034e-05
104916,12.569376156269271,0.5560032232070911,560,681,1241,0.0,-0.0008333472224535399,0.5553585817888866,8.058017727639034e-05
104917,12.568542809046818,0.5560032232070911,560,681,1241,0.0,-0.0008333472224535399,0.5554391619661629,8.058017727639034e-05
104918,12.567709461824364,0.5560032232070911,560,681,1241,0.0,-0.0008333472224535399,0.5555197421434392,8.058017727639034e-05
104919,12.56687611460191,0.5560032232070911,560,681,1241,0.0,-0.0008333472224535399,0.5556003223207157,8.058017727639034e-05
104920,12.566042767379457,0.5560032232070911,560,681,1241,0.0,-0.0008333472224535399,0.555680902497992,8.058017727639034e-05
104921,12.565209420157004,0.5560032232070911,560,681,1241,0.0,-0.0008333472224535399,0.5557614826752684,8.058017727639034e-05
104922,12.56437607293455,0.5560032232070911,560,681,1241,0.0,-0.0008333472224535399,0.5558420628525447,8.058017727639034e-05
104923,12.563542725712097,0.5560032232070911,560,681,1241,0.0,-0.0008333472224535399,0.555922643029821,8.058017727639034e-05
104924,12.562709378489643,0.5560032232070911,560,681,1241,0.0,-0.0008333472224535399,0.5560032232070974,8.058017727639034e-05
104925,12.56187603126719,0.5560032232070911,560,681,1241,0.0,-0.0008333472224535399,0.5560032232070974,0.0
104926,12.561042684044736,0.5560032232070911,560,681,1241,0.0,-0.0008333472224535399,0.5560032232070974,0.0
104927,12.560209336822275,0.5560032232070911,560,681,1241,0.0,-0.0008333472224606453,0.5560032232070974,0.0
104928,12.559375989599822,0.5560032232070911,560,681,1241,0.0,-0.0008333472224535399,0.5560032232070974,0.0
104929,12.558542642377368,0.5560032232070911,560,681,1241,0.0,-0.0008333472224535399,0.5560032232070974,0.0
104930,12.557709295154915,0.5551974214343272,560,681,1241,-0.0008058017727639033,-0.0008333472224535399,0.555922643029821,-8.058017727639034e-05
104931,12.556875947932461,0.5551974214343272,560,681,1241,0.0,-0.0008333472224535399,0.5558420628525447,-8.058017727639034e-05
104932,12.556042600710008,0.5560032232070911,560,681,1241,0.0008058017727639033,-0.0008333472224535399,0.5558420628525447,0.0
104933,12.555209253487554,0.5560032232070911,560,681,1241,0.0,-0.0008333472224535399,0.5558420628525447,0.0
104934,12.5543759062651,0.5560032232070911,560,681,1241,0.0,-0.0008333472224535399,0.5558420628525447,0.0
104935,12.553542559042647,0.5560032232070911,560,681,1241,0.0,-0.0008333472224535399,0.5558420628525447,0.0
104936,12.552709211820194,0.5560032232070911,560,681,1241,0.0,-0.0008333472224535399,0.5558420628525447,0.0
104937,12.55187586459774,0.5560032232070911,560,681,1241,0.0,-0.0008333472224535399,0.5558420628525447,0.0
104938,12.551042517375286,0.556809024979855,560,681,1241,0.0008058017727639033,-0.0008333472224535399,0.555922643029821,8.058017727639034e-05
104939,12.550209170152833,0.556809024979855,560,681,1241,0.0,-0.0008333472224535399,0.5560032232070974,8.058017727639034e-05
104940,12.54937582293038,0.556809024979855,560,681,1241,0.0,-0.0008333472224535399,0.5561643835616501,0.00016116035455278067
104941,12.548542475707926,0.556809024979855,560,681,1241,0.0,-0.0008333472224535399,0.5563255439162029,0.00016116035455278067
104942,12.547709128485472,0.556809024979855,560,681,1241,0.0,-0.0008333472224535399,0.5564061240934792,8.058017727639034e-05
104943,12.546875781263019,0.556809024979855,560,681,1241,0.0,-0.0008333472224535399,0.5564867042707556,8.058017727639034e-05
104944,12.546042434040565,0.556809024979855,560,681,1241,0.0,-0.0008333472224535399,0.5565672844480319,8.058017727639034e-05
104945,12.545209086818112,0.556809024979855,560,681,1241,0.0,-0.0008333472224535399,0.5566478646253084,8.058017727639034e-05
104946,12.544375739595658,0.556809024979855,560,681,1241,0.0,-0.0008333472224535399,0.5567284448025847,8.058017727639034e-05
104947,12.543542392373205,0.556809024979855,560,681,1241,0.0,-0.0008333472224535399,0.556809024979861,8.058017727639034e-05
104948,12.542709045150751,0.556809024979855,560,681,1241,0.0,-0.0008333472224535399,0.556809024979861,0.0
104949,12.541875697928297,0.556809024979855,560,681,1241,0.0,-0.0008333472224535399,0.556809024979861,0.0
104950,12.541042350705844,0.556809024979855,560,681,1241,0.0,-0.0008333472224535399,0.556809024979861,0.0
104951,12.54020900348339,0.556809024979855,560,681,1241,0.0,-0.0008333472224535399,0.556809024979861,0.0
104952,12.539375656260937,0.556809024979855,560,681,1241,0.0,-0.0008333472224535399,0.556809024979861,0.0
104953,12.538542309038483,0.556809024979855,560,681,1241,0.0,-0.0008333472224535399,0.556809024979861,0.0
104954,12.53770896181603,0.556809024979855,560,681,1241,0.0,-0.0008333472224535399,0.556809024979861,0.0
104955,12.536875614593576,0.556809024979855,560,681,1241,0.0,-0.0008333472224535399,0.556809024979861,0.0
104956,12.536042267371123,0.556809024979855,560,681,1241,0.0,-0.0008333472224535399,0.556809024979861,0.0
104957,12.53520892014867,0.556809024979855,560,681,1241,0.0,-0.0008333472224535399,0.556809024979861,0.0
104958,12.534375572926216,0.556809024979855,560,681,1241,0.0,-0.0008333472224535399,0.556809024979861,0.0
104959,12.533542225703762,0.556809024979855,560,681,1241,0.0,-0.0008333472224535399,0.556809024979861,0.0
104960,12.532708878481309,0.556809024979855,560,681,1241,0.0,-0.0008333472224535399,0.556809024979861,0.0
104961,12.531875531258855,0.556809024979855,560,681,1241,0.0,-0.0008333472224535399,0.556809024979861,0.0
104962,12.531042184036401,0.556809024979855,560,681,1241,0.0,-0.0008333472224535399,0.556809024979861,0.0
104963,12.530208836813948,0.556809024979855,560,681,1241,0.0,-0.0008333472224535399,0.556809024979861,0.0
104964,12.529375489591494,0.556809024979855,560,681,1241,0.0,-0.0008333472224535399,0.556809024979861,0.0
104965,12.52854214236904,0.556809024979855,560,681,1241,0.0,-0.0008333472224535399,0.556809024979861,0.0
104966,12.527708795146587,0.556809024979855,560,681,1241,0.0,-0.0008333472224535399,0.556809024979861,0.0
104967,12.526875447924134,0.556809024979855,560,681,1241,0.0,-0.0008333472224535399,0.556809024979861,0.0
104968,12.52604210070168,0.556809024979855,560,681,1241,0.0,-0.0008333472224535399,0.556809024979861,0.0
104969,12.52520875347922,0.556809024979855,560,681,1241,0.0,-0.0008333472224606453,0.556809024979861,0.0
104970,12.524375406256766,0.556809024979855,560,681,1241,0.0,-0.0008333472224535399,0.556809024979861,0.0
104971,12.523542059034313,0.556809024979855,560,681,1241,0.0,-0.0008333472224535399,0.556809024979861,0.0
104972,12.522708711811859,0.556809024979855,560,681,1241,0.0,-0.0008333472224535399,0.556809024979861,0.0
104973,12.521875364589405,0.556809024979855,560,681,1241,0.0,-0.0008333472224535399,0.556809024979861,0.0
104974,12.521042017366952,0.556809024979855,560,681,1241,0.0,-0.0008333472224535399,0.556809024979861,0.0
104975,12.520208670144498,0.5576148267526189,560,681,1241,0.0008058017727639033,-0.0008333472224535399,0.5568896051571375,8.058017727639034e-05
104976,12.519375322922045,0.5576148267526189,560,681,1241,0.0,-0.0008333472224535399,0.5569701853344138,8.058017727639034e-05
104977,12.518541975699591,0.5576148267526189,560,681,1241,0.0,-0.0008333472224535399,0.5570507655116901,8.058017727639034e-05
104978,12.517708628477138,0.5576148267526189,560,681,1241,0.0,-0.0008333472224535399,0.5571313456889665,8.058017727639034e-05
104979,12.516875281254684,0.5576148267526189,560,681,1241,0.0,-0.0008333472224535399,0.5572119258662428,8.058017727639034e-05
104980,12.51604193403223,0.5576148267526189,560,681,1241,0.0,-0.0008333472224535399,0.5572925060435192,8.058017727639034e-05
104981,12.515208586809777,0.5576148267526189,560,681,1241,0.0,-0.0008333472224535399,0.5573730862207955,8.058017727639034e-05
104982,12.514375239587324,0.5576148267526189,560,681,1241,0.0,-0.0008333472224535399,0.5574536663980718,8.058017727639034e-05
104983,12.51354189236487,0.5576148267526189,560,681,1241,0.0,-0.0008333472224535399,0.5575342465753482,8.058017727639034e-05
104984,12.512708545142416,0.5576148267526189,560,681,1241,0.0,-0.0008333472224535399,0.5576148267526245,8.058017727639034e-05
104985,12.511875197919963,0.5576148267526189,560,681,1241,0.0,-0.0008333472224535399,0.5576148267526244,0.0
104986,12.51104185069751,0.5576148267526189,560,681,1241,0.0,-0.0008333472224535399,0.5576148267526244,0.0
104987,12.510208503475056,0.5576148267526189,560,681,1241,0.0,-0.0008333472224535399,0.5576148267526244,0.0
104988,12.509375156252602,0.5576148267526189,560,681,1241,0.0,-0.0008333472224535399,0.5576148267526244,0.0
104989,12.508541809030149,0.5576148267526189,560,681,1241,0.0,-0.0008333472224535399,0.5576148267526244,0.0
104990,12.507708461807695,0.5576148267526189,560,681,1241,0.0,-0.0008333472224535399,0.5576148267526244,0.0
104991,12.506875114585242,0.5584206285253828,560,681,1241,0.0008058017727639033,-0.0008333472224535399,0.5576954069299008,8.058017727639034e-05
104992,12.506041767362788,0.5584206285253828,560,681,1241,0.0,-0.0008333472224535399,0.5577759871071771,8.058017727639034e-05
104993,12.505208420140335,0.5584206285253828,560,681,1241,0.0,-0.0008333472224535399,0.5578565672844535,8.058017727639034e-05
104994,12.504375072917881,0.5584206285253828,560,681,1241,0.0,-0.0008333472224535399,0.5579371474617298,8.058017727639034e-05
104995,12.503541725695428,0.5584206285253828,560,681,1241,0.0,-0.0008333472224535399,0.5580177276390061,8.058017727639034e-05
104996,12.502708378472974,0.5584206285253828,560,681,1241,0.0,-0.0008333472224535399,0.5580983078162826,8.058017727639034e-05
104997,12.50187503125052,0.5584206285253828,560,681,1241,0.0,-0.0008333472224535399,0.5581788879935589,8.058017727639034e-05
104998,12.501041684028067,0.5584206285253828,560,681,1241,0.0,-0.0008333472224535399,0.5582594681708353,8.058017727639034e-05
104999,12.500208336805613,0.5584206285253828,560,681,1241,0.0,-0.0008333472224535399,0.5583400483481116,8.058017727639034e-05
105000,12.49937498958316,0.5576148267526189,560,681,1241,-0.0008058017727639033,-0.0008333472224535399,0.5583400483481116,0.0
105001,12.498541642360706,0.5576148267526189,560,681,1241,0.0,-0.0008333472224535399,0.5582594681708353,-8.058017727639034e-05
105002,12.497708295138253,0.5576148267526189,560,681,1241,0.0,-0.0008333472224535399,0.5581788879935589,-8.058017727639034e-05
105003,12.4968749479158,0.5576148267526189,560,681,1241,0.0,-0.0008333472224535399,0.5580983078162826,-8.058017727639034e-05
105004,12.496041600693346,0.556809024979855,560,681,1241,-0.0008058017727639033,-0.0008333472224535399,0.5579371474617297,-0.00016116035455278067
105005,12.495208253470892,0.556809024979855,560,681,1241,0.0,-0.0008333472224535399,0.557775987107177,-0.00016116035455278067
105006,12.494374906248439,0.556809024979855,560,681,1241,0.0,-0.0008333472224535399,0.5576148267526242,-0.00016116035455278067
105007,12.493541559025985,0.556809024979855,560,681,1241,0.0,-0.0008333472224535399,0.5574536663980714,-0.00016116035455278067
105008,12.492708211803532,0.556809024979855,560,681,1241,0.0,-0.0008333472224535399,0.5572925060435187,-0.00016116035455278067
105009,12.491874864581078,0.556809024979855,560,681,1241,0.0,-0.0008333472224535399,0.5571313456889658,-0.00016116035455278067
105010,12.491041517358624,0.556809024979855,560,681,1241,0.0,-0.0008333472224535399,0.5570507655116895,-8.058017727639034e-05
105011,12.490208170136164,0.556809024979855,560,681,1241,0.0,-0.0008333472224606453,0.5569701853344131,-8.058017727639034e-05
105012,12.48937482291371,0.556809024979855,560,681,1241,0.0,-0.0008333472224535399,0.5568896051571368,-8.058017727639034e-05
105013,12.488541475691257,0.556809024979855,560,681,1241,0.0,-0.0008333472224535399,0.5568090249798605,-8.058017727639034e-05
105014,12.487708128468803,0.556809024979855,560,681,1241,0.0,-0.0008333472224535399,0.5568090249798605,0.0
105015,12.48687478124635,0.556809024979855,560,681,1241,0.0,-0.0008333472224535399,0.5568090249798605,0.0
105016,12.486041434023896,0.556809024979855,560,681,1241,0.0,-0.0008333472224535399,0.5568090249798605,0.0
105017,12.485208086801443,0.556809024979855,560,681,1241,0.0,-0.0008333472224535399,0.5568090249798605,0.0
105018,12.484374739578989,0.556809024979855,560,681,1241,0.0,-0.0008333472224535399,0.5568090249798605,0.0
105019,12.483541392356535,0.556809024979855,560,681,1241,0.0,-0.0008333472224535399,0.5568090249798605,0.0
105020,12.482708045134082,0.556809024979855,560,681,1241,0.0,-0.0008333472224535399,0.5568090249798605,0.0
105021,12.481874697911628,0.556809024979855,560,681,1241,0.0,-0.0008333472224535399,0.5568090249798605,0.0
105022,12.481041350689175,0.556809024979855,560,681,1241,0.0,-0.0008333472224535399,0.5568090249798605,0.0
105023,12.480208003466721,0.556809024979855,560,681,1241,0.0,-0.0008333472224535399,0.5568090249798605,0.0
105024,12.479374656244268,0.556809024979855,560,681,1241,0.0,-0.0008333472224535399,0.5568090249798605,0.0
105025,12.478541309021814,0.556809024979855,560,681,1241,0.0,-0.0008333472224535399,0.5568090249798605,0.0
105026,12.47770796179936,0.556809024979855,560,681,1241,0.0,-0.0008333472224535399,0.5568090249798605,0.0
105027,12.476874614576907,0.556809024979855,560,681,1241,0.0,-0.0008333472224535399,0.5568090249798605,0.0
105028,12.476041267354454,0.556809024979855,560,681,1241,0.0,-0.0008333472224535399,0.5568090249798605,0.0
105029,12.475207920132,0.556809024979855,560,681,1241,0.0,-0.0008333472224535399,0.5568090249798605,0.0
105030,12.474374572909547,0.556809024979855,560,681,1241,0.0,-0.0008333472224535399,0.5568090249798605,0.0
105031,12.473541225687093,0.556809024979855,560,681,1241,0.0,-0.0008333472224535399,0.5568090249798605,0.0
105032,12.47270787846464,0.556809024979855,560,681,1241,0.0,-0.0008333472224535399,0.5568090249798605,0.0
105033,12.471874531242186,0.556809024979855,560,681,1241,0.0,-0.0008333472224535399,0.5568090249798605,0.0
105034,12.471041184019732,0.556809024979855,560,681,1241,0.0,-0.0008333472224535399,0.5568090249798605,0.0
105035,12.470207836797279,0.556809024979855,560,681,1241,0.0,-0.0008333472224535399,0.5568090249798605,0.0
105036,12.469374489574825,0.556809024979855,560,681,1241,0.0,-0.0008333472224535399,0.5568090249798605,0.0
105037,12.468541142352372,0.556809024979855,560,681,1241,0.0,-0.0008333472224535399,0.5568090249798605,0.0
105038,12.467707795129918,0.556809024979855,560,681,1241,0.0,-0.0008333472224535399,0.5568090249798605,0.0
105039,12.466874447907465,0.556809024979855,560,681,1241,0.0,-0.0008333472224535399,0.5568090249798605,0.0
105040,12.466041100685011,0.556809024979855,560,681,1241,0.0,-0.0008333472224535399,0.5568090249798605,0.0
105041,12.465207753462558,0.556809024979855,560,681,1241,0.0,-0.0008333472224535399,0.5568090249798605,0.0
105042,12.464374406240104,0.556809024979855,560,681,1241,0.0,-0.0008333472224535399,0.5568090249798605,0.0
105043,12.46354105901765,0.556809024979855,560,681,1241,0.0,-0.0008333472224535399,0.5568090249798605,0.0
105044,12.462707711795197,0.556809024979855,560,681,1241,0.0,-0.0008333472224535399,0.5568090249798605,0.0
105045,12.461874364572743,0.556809024979855,560,681,1241,0.0,-0.0008333472224535399,0.5568090249798605,0.0
105046,12.46104101735029,0.556809024979855,560,681,1241,0.0,-0.0008333472224535399,0.5568090249798605,0.0
105047,12.460207670127836,0.556809024979855,560,681,1241,0.0,-0.0008333472224535399,0.5568090249798605,0.0
105048,12.459374322905383,0.556809024979855,560,681,1241,0.0,-0.0008333472224535399,0.5568090249798605,0.0
105049,12.45854097568293,0.556809024979855,560,681,1241,0.0,-0.0008333472224535399,0.5568090249798605,0.0
105050,12.457707628460476,0.5560032232070911,560,681,1241,-0.0008058017727639033,-0.0008333472224535399,0.556728444802584,-8.058017727639034e-05
105051,12.456874281238022,0.5560032232070911,560,681,1241,0.0,-0.0008333472224535399,0.5566478646253077,-8.058017727639034e-05
105052,12.456040934015569,0.5551974214343272,560,681,1241,-0.0008058017727639033,-0.0008333472224535399,0.5564867042707549,-0.00016116035455278067
105053,12.455207586793115,0.5551974214343272,560,681,1241,0.0,-0.0008333472224535399,0.5563255439162021,-0.00016116035455278067
105054,12.454374239570654,0.5551974214343272,560,681,1241,0.0,-0.0008333472224606453,0.5561643835616493,-0.00016116035455278067
105055,12.453540892348201,0.5551974214343272,560,681,1241,0.0,-0.0008333472224535399,0.5560032232070966,-0.00016116035455278067
105056,12.452707545125747,0.5551974214343272,560,681,1241,0.0,-0.0008333472224535399,0.5558420628525438,-0.00016116035455278067
105057,12.451874197903294,0.5551974214343272,560,681,1241,0.0,-0.0008333472224535399,0.555680902497991,-0.00016116035455278067
105058,12.45104085068084,0.5551974214343272,560,681,1241,0.0,-0.0008333472224535399,0.5555197421434382,-0.00016116035455278067
105059,12.450207503458387,0.5551974214343272,560,681,1241,0.0,-0.0008333472224535399,0.5553585817888854,-0.00016116035455278067
105060,12.449374156235933,0.5551974214343272,560,681,1241,0.0,-0.0008333472224535399,0.555278001611609,-8.058017727639034e-05
105061,12.44854080901348,0.5551974214343272,560,681,1241,0.0,-0.0008333472224535399,0.5551974214343327,-8.058017727639034e-05
105062,12.447707461791026,0.5551974214343272,560,681,1241,0.0,-0.0008333472224535399,0.5551974214343327,0.0
105063,12.446874114568573,0.5551974214343272,560,681,1241,0.0,-0.0008333472224535399,0.5551974214343327,0.0
105064,12.446040767346119,0.5551974214343272,560,681,1241,0.0,-0.0008333472224535399,0.5551974214343327,0.0
105065,12.445207420123666,0.5551974214343272,560,681,1241,0.0,-0.0008333472224535399,0.5551974214343327,0.0
105066,12.444374072901212,0.5551974214343272,560,681,1241,0.0,-0.0008333472224535399,0.5551974214343327,0.0
105067,12.443540725678758,0.5551974214343272,560,681,1241,0.0,-0.0008333472224535399,0.5551974214343327,0.0
105068,12.442707378456305,0.5551974214343272,560,681,1241,0.0,-0.0008333472224535399,0.5551974214343327,0.0
105069,12.441874031233851,0.5551974214343272,560,681,1241,0.0,-0.0008333472224535399,0.5551974214343327,0.0
105070,12.441040684011398,0.5551974214343272,560,681,1241,0.0,-0.0008333472224535399,0.5551974214343327,0.0
105071,12.440207336788944,0.5551974214343272,560,681,1241,0.0,-0.0008333472224535399,0.5551974214343327,0.0
105072,12.43937398956649,0.5551974214343272,560,681,1241,0.0,-0.0008333472224535399,0.5551974214343327,0.0
105073,12.438540642344037,0.5551974214343272,560,681,1241,0.0,-0.0008333472224535399,0.5551974214343327,0.0
105074,12.437707295121584,0.5551974214343272,560,681,1241,0.0,-0.0008333472224535399,0.5551974214343327,0.0
105075,12.43687394789913,0.5551974214343272,560,681,1241,0.0,-0.0008333472224535399,0.5551974214343327,0.0
105076,12.436040600676677,0.5551974214343272,560,681,1241,0.0,-0.0008333472224535399,0.5551974214343327,0.0
105077,12.435207253454223,0.5551974214343272,560,681,1241,0.0,-0.0008333472224535399,0.5551974214343327,0.0
105078,12.43437390623177,0.5551974214343272,560,681,1241,0.0,-0.0008333472224535399,0.5551974214343327,0.0
105079,12.433540559009316,0.5560032232070911,560,681,1241,0.0008058017727639033,-0.0008333472224535399,0.555278001611609,8.058017727639034e-05
105080,12.432707211786862,0.5560032232070911,560,681,1241,0.0,-0.0008333472224535399,0.5553585817888853,8.058017727639034e-05
105081,12.431873864564409,0.5560032232070911,560,681,1241,0.0,-0.0008333472224535399,0.5554391619661617,8.058017727639034e-05
105082,12.431040517341955,0.5560032232070911,560,681,1241,0.0,-0.0008333472224535399,0.555519742143438,8.058017727639034e-05
105083,12.430207170119502,0.5560032232070911,560,681,1241,0.0,-0.0008333472224535399,0.5556003223207144,8.058017727639034e-05
105084,12.429373822897048,0.5560032232070911,560,681,1241,0.0,-0.0008333472224535399,0.5556809024979907,8.058017727639034e-05
105085,12.428540475674595,0.5560032232070911,560,681,1241,0.0,-0.0008333472224535399,0.555761482675267,8.058017727639034e-05
105086,12.427707128452141,0.5560032232070911,560,681,1241,0.0,-0.0008333472224535399,0.5558420628525435,8.058017727639034e-05
105087,12.426873781229688,0.5560032232070911,560,681,1241,0.0,-0.0008333472224535399,0.5559226430298198,8.058017727639034e-05
105088,12.426040434007234,0.5560032232070911,560,681,1241,0.0,-0.0008333472224535399,0.5560032232070962,8.058017727639034e-05
105089,12.42520708678478,0.5560032232070911,560,681,1241,0.0,-0.0008333472224535399,0.5560032232070962,0.0
105090,12.424373739562327,0.5560032232070911,560,681,1241,0.0,-0.0008333472224535399,0.5560032232070962,0.0
105091,12.423540392339874,0.5560032232070911,560,681,1241,0.0,-0.0008333472224535399,0.5560032232070962,0.0
105092,12.42270704511742,0.5560032232070911,560,681,1241,0.0,-0.0008333472224535399,0.5560032232070962,0.0
105093,12.421873697894966,0.5560032232070911,560,681,1241,0.0,-0.0008333472224535399,0.5560032232070962,0.0
105094,12.421040350672513,0.5560032232070911,560,681,1241,0.0,-0.0008333472224535399,0.5560032232070962,0.0
105095,12.42020700345006,0.5560032232070911,560,681,1241,0.0,-0.0008333472224535399,0.5560032232070962,0.0
105096,12.419373656227599,0.5560032232070911,560,681,1241,0.0,-0.0008333472224606453,0.5560032232070962,0.0
105097,12.418540309005145,0.5560032232070911,560,681,1241,0.0,-0.0008333472224535399,0.5560032232070962,0.0
105098,12.417706961782692,0.5560032232070911,560,681,1241,0.0,-0.0008333472224535399,0.5560032232070962,0.0
105099,12.416873614560238,0.5560032232070911,560,681,1241,0.0,-0.0008333472224535399,0.5560032232070962,0.0
105100,12.416040267337785,0.5560032232070911,560,681,1241,0.0,-0.0008333472224535399,0.5560032232070962,0.0
105101,12.415206920115331,0.5560032232070911,560,681,1241,0.0,-0.0008333472224535399,0.5560032232070962,0.0
105102,12.414373572892877,0.5560032232070911,560,681,1241,0.0,-0.0008333472224535399,0.5560032232070962,0.0
105103,12.413540225670424,0.5560032232070911,560,681,1241,0.0,-0.0008333472224535399,0.5560032232070962,0.0
105104,12.41270687844797,0.5560032232070911,560,681,1241,0.0,-0.0008333472224535399,0.5560032232070962,0.0
105105,12.411873531225517,0.5560032232070911,560,681,1241,0.0,-0.0008333472224535399,0.5560032232070962,0.0
105106,12.411040184003063,0.5560032232070911,560,681,1241,0.0,-0.0008333472224535399,0.5560032232070962,0.0
105107,12.41020683678061,0.5560032232070911,560,681,1241,0.0,-0.0008333472224535399,0.5560032232070962,0.0
105108,12.409373489558156,0.5560032232070911,560,681,1241,0.0,-0.0008333472224535399,0.5560032232070962,0.0
105109,12.408540142335703,0.5560032232070911,560,681,1241,0.0,-0.0008333472224535399,0.5560032232070962,0.0
105110,12.40770679511325,0.5560032232070911,560,681,1241,0.0,-0.0008333472224535399,0.5560032232070962,0.0
105111,12.406873447890796,0.5560032232070911,560,681,1241,0.0,-0.0008333472224535399,0.5560032232070962,0.0
105112,12.406040100668342,0.5560032232070911,560,681,1241,0.0,-0.0008333472224535399,0.5560032232070962,0.0
105113,12.405206753445889,0.556809024979855,560,681,1241,0.0008058017727639033,-0.0008333472224535399,0.5560838033843725,8.058017727639034e-05
105114,12.404373406223435,0.556809024979855,560,681,1241,0.0,-0.0008333472224535399,0.5561643835616488,8.058017727639034e-05
105115,12.403540059000981,0.556809024979855,560,681,1241,0.0,-0.0008333472224535399,0.5562449637389252,8.058017727639034e-05
105116,12.402706711778528,0.556809024979855,560,681,1241,0.0,-0.0008333472224535399,0.5563255439162015,8.058017727639034e-05
105117,12.401873364556074,0.556809024979855,560,681,1241,0.0,-0.0008333472224535399,0.5564061240934779,8.058017727639034e-05
105118,12.40104001733362,0.556809024979855,560,681,1241,0.0,-0.0008333472224535399,0.5564867042707542,8.058017727639034e-05
105119,12.400206670111167,0.556809024979855,560,681,1241,0.0,-0.0008333472224535399,0.5565672844480305,8.058017727639034e-05
105120,12.399373322888714,0.556809024979855,560,681,1241,0.0,-0.0008333472224535399,0.5566478646253069,8.058017727639034e-05
105121,12.39853997566626,0.556809024979855,560,681,1241,0.0,-0.0008333472224535399,0.5567284448025832,8.058017727639034e-05
105122,12.397706628443807,0.556809024979855,560,681,1241,0.0,-0.0008333472224535399,0.5568090249798596,8.058017727639034e-05
105123,12.396873281221353,0.556809024979855,560,681,1241,0.0,-0.0008333472224535399,0.5568090249798596,0.0
105124,12.3960399339989,0.556809024979855,560,681,1241,0.0,-0.0008333472224535399,0.5568090249798596,0.0
105125,12.395206586776446,0.556809024979855,560,681,1241,0.0,-0.0008333472224535399,0.5568090249798596,0.0
105126,12.394373239553993,0.556809024979855,560,681,1241,0.0,-0.0008333472224535399,0.5568090249798596,0.0
105127,12.393539892331539,0.556809024979855,560,681,1241,0.0,-0.0008333472224535399,0.5568090249798596,0.0
105128,12.392706545109085,0.556809024979855,560,681,1241,0.0,-0.0008333472224535399,0.5568090249798596,0.0
105129,12.391873197886632,0.556809024979855,560,681,1241,0.0,-0.0008333472224535399,0.5568090249798596,0.0
105130,12.391039850664178,0.556809024979855,560,681,1241,0.0,-0.0008333472224535399,0.5568090249798596,0.0
105131,12.390206503441725,0.556809024979855,560,681,1241,0.0,-0.0008333472224535399,0.5568090249798596,0.0
105132,12.389373156219271,0.556809024979855,560,681,1241,0.0,-0.0008333472224535399,0.5568090249798596,0.0
105133,12.388539808996818,0.556809024979855,560,681,1241,0.0,-0.0008333472224535399,0.5568090249798596,0.0
105134,12.387706461774364,0.556809024979855,560,681,1241,0.0,-0.0008333472224535399,0.5568090249798596,0.0
105135,12.38687311455191,0.556809024979855,560,681,1241,0.0,-0.0008333472224535399,0.5568090249798596,0.0
105136,12.386039767329457,0.556809024979855,560,681,1241,0.0,-0.0008333472224535399,0.5568090249798596,0.0
105137,12.385206420107004,0.556809024979855,560,681,1241,0.0,-0.0008333472224535399,0.5568090249798596,0.0
105138,12.38437307288455,0.556809024979855,560,681,1241,0.0,-0.0008333472224535399,0.5568090249798596,0.0
105139,12.38353972566209,0.556809024979855,560,681,1241,0.0,-0.0008333472224606453,0.5568090249798596,0.0
105140,12.382706378439636,0.556809024979855,560,681,1241,0.0,-0.0008333472224535399,0.5568090249798596,0.0
105141,12.381873031217182,0.556809024979855,560,681,1241,0.0,-0.0008333472224535399,0.5568090249798596,0.0
105142,12.381039683994729,0.556809024979855,560,681,1241,0.0,-0.0008333472224535399,0.5568090249798596,0.0
105143,12.380206336772275,0.556809024979855,560,681,1241,0.0,-0.0008333472224535399,0.5568090249798596,0.0
105144,12.379372989549822,0.556809024979855,560,681,1241,0.0,-0.0008333472224535399,0.5568090249798596,0.0
105145,12.378539642327368,0.5576148267526189,560,681,1241,0.0008058017727639033,-0.0008333472224535399,0.556889605157136,8.058017727639034e-05
105146,12.377706295104915,0.5576148267526189,560,681,1241,0.0,-0.0008333472224535399,0.5569701853344123,8.058017727639034e-05
105147,12.376872947882461,0.5576148267526189,560,681,1241,0.0,-0.0008333472224535399,0.5570507655116888,8.058017727639034e-05
105148,12.376039600660008,0.5576148267526189,560,681,1241,0.0,-0.0008333472224535399,0.557131345688965,8.058017727639034e-05
105149,12.375206253437554,0.5584206285253828,560,681,1241,0.0008058017727639033,-0.0008333472224535399,0.5572925060435179,0.00016116035455278067
105150,12.3743729062151,0.5584206285253828,560,681,1241,0.0,-0.0008333472224535399,0.5574536663980706,0.00016116035455278067
105151,12.373539558992647,0.5576148267526189,560,681,1241,-0.0008058017727639033,-0.0008333472224535399,0.557534246575347,8.058017727639034e-05
105152,12.372706211770193,0.5576148267526189,560,681,1241,0.0,-0.0008333472224535399,0.5576148267526233,8.058017727639034e-05
105153,12.37187286454774,0.556809024979855,560,681,1241,-0.0008058017727639033,-0.0008333472224535399,0.5576148267526233,0.0
105154,12.371039517325286,0.556809024979855,560,681,1241,0.0,-0.0008333472224535399,0.5576148267526233,0.0
105155,12.370206170102833,0.556809024979855,560,681,1241,0.0,-0.0008333472224535399,0.5575342465753469,-8.058017727639034e-05
105156,12.36937282288038,0.556809024979855,560,681,1241,0.0,-0.0008333472224535399,0.5574536663980705,-8.058017727639034e-05
105157,12.368539475657926,0.556809024979855,560,681,1241,0.0,-0.0008333472224535399,0.5573730862207942,-8.058017727639034e-05
105158,12.367706128435472,0.556809024979855,560,681,1241,0.0,-0.0008333472224535399,0.5572925060435179,-8.058017727639034e-05
105159,12.366872781213019,0.556809024979855,560,681,1241,0.0,-0.0008333472224535399,0.557131345688965,-0.00016116035455278067
105160,12.366039433990565,0.556809024979855,560,681,1241,0.0,-0.0008333472224535399,0.5569701853344122,-0.00016116035455278067
105161,12.365206086768112,0.556809024979855,560,681,1241,0.0,-0.0008333472224535399,0.5568896051571359,-8.058017727639034e-05
105162,12.364372739545658,0.5560032232070911,560,681,1241,-0.0008058017727639033,-0.0008333472224535399,0.5567284448025831,-0.00016116035455278067
105163,12.363539392323204,0.5560032232070911,560,681,1241,0.0,-0.0008333472224535399,0.5566478646253066,-8.058017727639034e-05
105164,12.36270604510075,0.5551974214343272,560,681,1241,-0.0008058017727639033,-0.0008333472224535399,0.5564867042707539,-0.00016116035455278067
105165,12.361872697878297,0.5551974214343272,560,681,1241,0.0,-0.0008333472224535399,0.556325543916201,-0.00016116035455278067
105166,12.361039350655844,0.5551974214343272,560,681,1241,0.0,-0.0008333472224535399,0.5561643835616483,-0.00016116035455278067
105167,12.36020600343339,0.5551974214343272,560,681,1241,0.0,-0.0008333472224535399,0.5560032232070955,-0.00016116035455278067
105168,12.359372656210937,0.5551974214343272,560,681,1241,0.0,-0.0008333472224535399,0.5558420628525427,-0.00016116035455278067
105169,12.358539308988483,0.5551974214343272,560,681,1241,0.0,-0.0008333472224535399,0.55568090249799,-0.00016116035455278067
105170,12.35770596176603,0.5551974214343272,560,681,1241,0.0,-0.0008333472224535399,0.5555197421434371,-0.00016116035455278067
105171,12.356872614543576,0.5551974214343272,560,681,1241,0.0,-0.0008333472224535399,0.5553585817888844,-0.00016116035455278067
105172,12.356039267321123,0.5551974214343272,560,681,1241,0.0,-0.0008333472224535399,0.5552780016116079,-8.058017727639034e-05
105173,12.355205920098669,0.5551974214343272,560,681,1241,0.0,-0.0008333472224535399,0.5551974214343316,-8.058017727639034e-05
105174,12.354372572876215,0.5551974214343272,560,681,1241,0.0,-0.0008333472224535399,0.5551974214343316,0.0
105175,12.353539225653762,0.5551974214343272,560,681,1241,0.0,-0.0008333472224535399,0.5551974214343316,0.0
105176,12.352705878431308,0.5551974214343272,560,681,1241,0.0,-0.0008333472224535399,0.5551974214343316,0.0
105177,12.351872531208855,0.5551974214343272,560,681,1241,0.0,-0.0008333472224535399,0.5551974214343316,0.0
105178,12.351039183986401,0.5551974214343272,560,681,1241,0.0,-0.0008333472224535399,0.5551974214343316,0.0
105179,12.350205836763948,0.5551974214343272,560,681,1241,0.0,-0.0008333472224535399,0.5551974214343316,0.0
105180,12.349372489541494,0.5551974214343272,560,681,1241,0.0,-0.0008333472224535399,0.5551974214343316,0.0
105181,12.348539142319034,0.5560032232070911,560,681,1241,0.0008058017727639033,-0.0008333472224606453,0.5552780016116079,8.058017727639034e-05
105182,12.34770579509658,0.5560032232070911,560,681,1241,0.0,-0.0008333472224535399,0.5553585817888843,8.058017727639034e-05
105183,12.346872447874127,0.5560032232070911,560,681,1241,0.0,-0.0008333472224535399,0.5554391619661606,8.058017727639034e-05
105184,12.346039100651673,0.5560032232070911,560,681,1241,0.0,-0.0008333472224535399,0.555519742143437,8.058017727639034e-05
105185,12.34520575342922,0.5560032232070911,560,681,1241,0.0,-0.0008333472224535399,0.5556003223207133,8.058017727639034e-05
105186,12.344372406206766,0.5560032232070911,560,681,1241,0.0,-0.0008333472224535399,0.5556809024979896,8.058017727639034e-05
105187,12.343539058984312,0.5560032232070911,560,681,1241,0.0,-0.0008333472224535399,0.555761482675266,8.058017727639034e-05
105188,12.342705711761859,0.5560032232070911,560,681,1241,0.0,-0.0008333472224535399,0.5558420628525423,8.058017727639034e-05
105189,12.341872364539405,0.5560032232070911,560,681,1241,0.0,-0.0008333472224535399,0.5559226430298188,8.058017727639034e-05
105190,12.341039017316952,0.5560032232070911,560,681,1241,0.0,-0.0008333472224535399,0.556003223207095,8.058017727639034e-05
105191,12.340205670094498,0.5560032232070911,560,681,1241,0.0,-0.0008333472224535399,0.556003223207095,0.0
105192,12.339372322872045,0.5560032232070911,560,681,1241,0.0,-0.0008333472224535399,0.556003223207095,0.0
105193,12.338538975649591,0.5560032232070911,560,681,1241,0.0,-0.0008333472224535399,0.556003223207095,0.0
105194,12.337705628427138,0.556809024979855,560,681,1241,0.0008058017727639033,-0.0008333472224535399,0.5560838033843714,8.058017727639034e-05
105195,12.336872281204684,0.556809024979855,560,681,1241,0.0,-0.0008333472224535399,0.5561643835616478,8.058017727639034e-05
105196,12.33603893398223,0.556809024979855,560,681,1241,0.0,-0.0008333472224535399,0.5562449637389241,8.058017727639034e-05
105197,12.335205586759777,0.5584206285253828,560,681,1241,0.0016116035455278066,-0.0008333472224535399,0.5564867042707533,0.00024174053182917098
105198,12.334372239537323,0.5584206285253828,560,681,1241,0.0,-0.0008333472224535399,0.5567284448025825,0.00024174053182917098
105199,12.33353889231487,0.5584206285253828,560,681,1241,0.0,-0.0008333472224535399,0.5569701853344118,0.00024174053182917098
105200,12.332705545092416,0.5584206285253828,560,681,1241,0.0,-0.0008333472224535399,0.5572119258662409,0.00024174053182917098
105201,12.331872197869963,0.5584206285253828,560,681,1241,0.0,-0.0008333472224535399,0.5574536663980701,0.00024174053182917098
105202,12.33103885064751,0.5584206285253828,560,681,1241,0.0,-0.0008333472224535399,0.5576954069298994,0.00024174053182917098
105203,12.330205503425056,0.5584206285253828,560,681,1241,0.0,-0.0008333472224535399,0.5579371474617286,0.00024174053182917098
105204,12.329372156202602,0.5584206285253828,560,681,1241,0.0,-0.0008333472224535399,0.5580983078162813,0.00016116035455278067
105205,12.328538808980149,0.5584206285253828,560,681,1241,0.0,-0.0008333472224535399,0.5582594681708342,0.00016116035455278067
105206,12.327705461757695,0.5584206285253828,560,681,1241,0.0,-0.0008333472224535399,0.558420628525387,0.00016116035455278067
105207,12.326872114535242,0.5584206285253828,560,681,1241,0.0,-0.0008333472224535399,0.558420628525387,0.0
105208,12.326038767312788,0.5584206285253828,560,681,1241,0.0,-0.0008333472224535399,0.558420628525387,0.0
105209,12.325205420090334,0.5584206285253828,560,681,1241,0.0,-0.0008333472224535399,0.558420628525387,0.0
105210,12.324372072867881,0.5584206285253828,560,681,1241,0.0,-0.0008333472224535399,0.558420628525387,0.0
105211,12.323538725645427,0.5584206285253828,560,681,1241,0.0,-0.0008333472224535399,0.558420628525387,0.0
105212,12.322705378422974,0.5576148267526189,560,681,1241,-0.0008058017727639033,-0.0008333472224535399,0.5583400483481105,-8.058017727639034e-05
105213,12.32187203120052,0.5576148267526189,560,681,1241,0.0,-0.0008333472224535399,0.5582594681708342,-8.058017727639034e-05
105214,12.321038683978067,0.5576148267526189,560,681,1241,0.0,-0.0008333472224535399,0.5581788879935579,-8.058017727639034e-05
105215,12.320205336755613,0.5576148267526189,560,681,1241,0.0,-0.0008333472224535399,0.5580983078162814,-8.058017727639034e-05
105216,12.31937198953316,0.5576148267526189,560,681,1241,0.0,-0.0008333472224535399,0.5580177276390051,-8.058017727639034e-05
105217,12.318538642310706,0.5576148267526189,560,681,1241,0.0,-0.0008333472224535399,0.5579371474617287,-8.058017727639034e-05
105218,12.317705295088253,0.556809024979855,560,681,1241,-0.0008058017727639033,-0.0008333472224535399,0.557775987107176,-0.00016116035455278067
105219,12.316871947865799,0.5560032232070911,560,681,1241,-0.0008058017727639033,-0.0008333472224535399,0.5575342465753469,-0.00024174053182917098
105220,12.316038600643346,0.5560032232070911,560,681,1241,0.0,-0.0008333472224535399,0.5572925060435177,-0.00024174053182917098
105221,12.315205253420892,0.5560032232070911,560,681,1241,0.0,-0.0008333472224535399,0.5570507655116884,-0.00024174053182917098
105222,12.314371906198438,0.5560032232070911,560,681,1241,0.0,-0.0008333472224535399,0.5568896051571356,-0.00016116035455278067
105223,12.313538558975978,0.5560032232070911,560,681,1241,0.0,-0.0008333472224606453,0.5567284448025827,-0.00016116035455278067
105224,12.312705211753524,0.5560032232070911,560,681,1241,0.0,-0.0008333472224535399,0.5565672844480298,-0.00016116035455278067
105225,12.31187186453107,0.5560032232070911,560,681,1241,0.0,-0.0008333472224535399,0.556406124093477,-0.00016116035455278067
105226,12.311038517308617,0.5560032232070911,560,681,1241,0.0,-0.0008333472224535399,0.5562449637389241,-0.00016116035455278067
105227,12.310205170086164,0.5560032232070911,560,681,1241,0.0,-0.0008333472224535399,0.5560838033843712,-0.00016116035455278067
105228,12.30937182286371,0.5560032232070911,560,681,1241,0.0,-0.0008333472224535399,0.5560032232070948,-8.058017727639034e-05
105229,12.308538475641257,0.5560032232070911,560,681,1241,0.0,-0.0008333472224535399,0.5560032232070948,0.0
105230,12.307705128418803,0.5560032232070911,560,681,1241,0.0,-0.0008333472224535399,0.5560032232070948,0.0
105231,12.30687178119635,0.5560032232070911,560,681,1241,0.0,-0.0008333472224535399,0.5560032232070948,0.0
105232,12.306038433973896,0.5560032232070911,560,681,1241,0.0,-0.0008333472224535399,0.5560032232070948,0.0
105233,12.305205086751442,0.5560032232070911,560,681,1241,0.0,-0.0008333472224535399,0.5560032232070948,0.0
105234,12.304371739528989,0.5560032232070911,560,681,1241,0.0,-0.0008333472224535399,0.5560032232070948,0.0
105235,12.303538392306535,0.5560032232070911,560,681,1241,0.0,-0.0008333472224535399,0.5560032232070948,0.0
105236,12.302705045084082,0.5560032232070911,560,681,1241,0.0,-0.0008333472224535399,0.5560032232070948,0.0
105237,12.301871697861628,0.5560032232070911,560,681,1241,0.0,-0.0008333472224535399,0.5560032232070948,0.0
105238,12.301038350639175,0.5560032232070911,560,681,1241,0.0,-0.0008333472224535399,0.5560032232070948,0.0
105239,12.300205003416721,0.5560032232070911,560,681,1241,0.0,-0.0008333472224535399,0.5560032232070948,0.0
105240,12.299371656194268,0.5560032232070911,560,681,1241,0.0,-0.0008333472224535399,0.5560032232070948,0.0
105241,12.298538308971814,0.5560032232070911,560,681,1241,0.0,-0.0008333472224535399,0.5560032232070948,0.0
105242,12.29770496174936,0.5560032232070911,560,681,1241,0.0,-0.0008333472224535399,0.5560032232070948,0.0
105243,12.296871614526907,0.5560032232070911,560,681,1241,0.0,-0.0008333472224535399,0.5560032232070948,0.0
105244,12.296038267304453,0.5560032232070911,560,681,1241,0.0,-0.0008333472224535399,0.5560032232070948,0.0
105245,12.295204920082,0.5560032232070911,560,681,1241,0.0,-0.0008333472224535399,0.5560032232070948,0.0
105246,12.294371572859546,0.5551974214343272,560,681,1241,-0.0008058017727639033,-0.0008333472224535399,0.5559226430298185,-8.058017727639034e-05
105247,12.293538225637093,0.5551974214343272,560,681,1241,0.0,-0.0008333472224535399,0.5558420628525422,-8.058017727639034e-05
105248,12.29270487841464,0.5551974214343272,560,681,1241,0.0,-0.0008333472224535399,0.5557614826752658,-8.058017727639034e-05
105249,12.291871531192186,0.5551974214343272,560,681,1241,0.0,-0.0008333472224535399,0.5556809024979895,-8.058017727639034e-05
105250,12.291038183969732,0.5551974214343272,560,681,1241,0.0,-0.0008333472224535399,0.5556003223207131,-8.058017727639034e-05
105251,12.290204836747279,0.5551974214343272,560,681,1241,0.0,-0.0008333472224535399,0.5555197421434368,-8.058017727639034e-05
105252,12.289371489524825,0.5560032232070911,560,681,1241,0.0008058017727639033,-0.0008333472224535399,0.5555197421434368,0.0
105253,12.288538142302372,0.5560032232070911,560,681,1241,0.0,-0.0008333472224535399,0.5555197421434368,0.0
105254,12.287704795079918,0.5560032232070911,560,681,1241,0.0,-0.0008333472224535399,0.5555197421434368,0.0
105255,12.286871447857465,0.5560032232070911,560,681,1241,0.0,-0.0008333472224535399,0.5555197421434368,0.0
105256,12.286038100635011,0.5560032232070911,560,681,1241,0.0,-0.0008333472224535399,0.5556003223207131,8.058017727639034e-05
105257,12.285204753412557,0.5560032232070911,560,681,1241,0.0,-0.0008333472224535399,0.5556809024979895,8.058017727639034e-05
105258,12.284371406190104,0.5560032232070911,560,681,1241,0.0,-0.0008333472224535399,0.5557614826752658,8.058017727639034e-05
105259,12.28353805896765,0.5560032232070911,560,681,1241,0.0,-0.0008333472224535399,0.5558420628525422,8.058017727639034e-05
105260,12.282704711745197,0.5560032232070911,560,681,1241,0.0,-0.0008333472224535399,0.5559226430298185,8.058017727639034e-05
105261,12.281871364522743,0.5560032232070911,560,681,1241,0.0,-0.0008333472224535399,0.5560032232070948,8.058017727639034e-05
105262,12.28103801730029,0.5560032232070911,560,681,1241,0.0,-0.0008333472224535399,0.5560032232070948,0.0
105263,12.280204670077836,0.5560032232070911,560,681,1241,0.0,-0.0008333472224535399,0.5560032232070948,0.0
105264,12.279371322855383,0.5560032232070911,560,681,1241,0.0,-0.0008333472224535399,0.5560032232070948,0.0
105265,12.27853797563293,0.5560032232070911,560,681,1241,0.0,-0.0008333472224535399,0.5560032232070948,0.0
105266,12.277704628410469,0.5560032232070911,560,681,1241,0.0,-0.0008333472224606453,0.5560032232070948,0.0
105267,12.276871281188015,0.5560032232070911,560,681,1241,0.0,-0.0008333472224535399,0.5560032232070948,0.0
105268,12.276037933965561,0.5560032232070911,560,681,1241,0.0,-0.0008333472224535399,0.5560032232070948,0.0
105269,12.275204586743108,0.5560032232070911,560,681,1241,0.0,-0.0008333472224535399,0.5560032232070948,0.0
105270,12.274371239520654,0.5551974214343272,560,681,1241,-0.0008058017727639033,-0.0008333472224535399,0.5559226430298185,-8.058017727639034e-05
105271,12.2735378922982,0.5551974214343272,560,681,1241,0.0,-0.0008333472224535399,0.5558420628525422,-8.058017727639034e-05
105272,12.272704545075747,0.5551974214343272,560,681,1241,0.0,-0.0008333472224535399,0.5557614826752658,-8.058017727639034e-05
105273,12.271871197853294,0.5551974214343272,560,681,1241,0.0,-0.0008333472224535399,0.5556809024979895,-8.058017727639034e-05
105274,12.27103785063084,0.5551974214343272,560,681,1241,0.0,-0.0008333472224535399,0.5556003223207131,-8.058017727639034e-05
105275,12.270204503408387,0.5551974214343272,560,681,1241,0.0,-0.0008333472224535399,0.5555197421434368,-8.058017727639034e-05
105276,12.269371156185933,0.5551974214343272,560,681,1241,0.0,-0.0008333472224535399,0.5554391619661605,-8.058017727639034e-05
105277,12.26853780896348,0.5551974214343272,560,681,1241,0.0,-0.0008333472224535399,0.5553585817888841,-8.058017727639034e-05
105278,12.267704461741026,0.5551974214343272,560,681,1241,0.0,-0.0008333472224535399,0.5552780016116078,-8.058017727639034e-05
105279,12.266871114518572,0.5551974214343272,560,681,1241,0.0,-0.0008333472224535399,0.5551974214343314,-8.058017727639034e-05
105280,12.266037767296119,0.5551974214343272,560,681,1241,0.0,-0.0008333472224535399,0.5551974214343314,0.0
105281,12.265204420073665,0.5551974214343272,560,681,1241,0.0,-0.0008333472224535399,0.5551974214343314,0.0
105282,12.264371072851212,0.5551974214343272,560,681,1241,0.0,-0.0008333472224535399,0.5551974214343314,0.0
105283,12.263537725628758,0.5551974214343272,560,681,1241,0.0,-0.0008333472224535399,0.5551974214343314,0.0
105284,12.262704378406305,0.5551974214343272,560,681,1241,0.0,-0.0008333472224535399,0.5551974214343314,0.0
105285,12.261871031183851,0.5551974214343272,560,681,1241,0.0,-0.0008333472224535399,0.5551974214343314,0.0
105286,12.261037683961398,0.5551974214343272,560,681,1241,0.0,-0.0008333472224535399,0.5551974214343314,0.0
105287,12.260204336738944,0.5551974214343272,560,681,1241,0.0,-0.0008333472224535399,0.5551974214343314,0.0
105288,12.25937098951649,0.5551974214343272,560,681,1241,0.0,-0.0008333472224535399,0.5551974214343314,0.0
105289,12.258537642294037,0.5560032232070911,560,681,1241,0.0008058017727639033,-0.0008333472224535399,0.5552780016116078,8.058017727639034e-05
105290,12.257704295071584,0.5560032232070911,560,681,1241,0.0,-0.0008333472224535399,0.5553585817888841,8.058017727639034e-05
105291,12.25687094784913,0.5560032232070911,560,681,1241,0.0,-0.0008333472224535399,0.5554391619661605,8.058017727639034e-05
105292,12.256037600626676,0.5560032232070911,560,681,1241,0.0,-0.0008333472224535399,0.5555197421434368,8.058017727639034e-05
105293,12.255204253404223,0.5560032232070911,560,681,1241,0.0,-0.0008333472224535399,0.5556003223207131,8.058017727639034e-05
105294,12.25437090618177,0.5551974214343272,560,681,1241,-0.0008058017727639033,-0.0008333472224535399,0.5556003223207131,0.0
105295,12.253537558959316,0.5551974214343272,560,681,1241,0.0,-0.0008333472224535399,0.5556003223207131,0.0
105296,12.252704211736862,0.5551974214343272,560,681,1241,0.0,-0.0008333472224535399,0.5556003223207131,0.0
105297,12.251870864514409,0.5551974214343272,560,681,1241,0.0,-0.0008333472224535399,0.5556003223207131,0.0
105298,12.251037517291955,0.5551974214343272,560,681,1241,0.0,-0.0008333472224535399,0.5556003223207131,0.0
105299,12.250204170069502,0.5551974214343272,560,681,1241,0.0,-0.0008333472224535399,0.5555197421434368,-8.058017727639034e-05
105300,12.249370822847048,0.5551974214343272,560,681,1241,0.0,-0.0008333472224535399,0.5554391619661605,-8.058017727639034e-05
105301,12.248537475624595,0.5551974214343272,560,681,1241,0.0,-0.0008333472224535399,0.5553585817888841,-8.058017727639034e-05
105302,12.247704128402141,0.5551974214343272,560,681,1241,0.0,-0.0008333472224535399,0.5552780016116078,-8.058017727639034e-05
105303,12.246870781179688,0.5551974214343272,560,681,1241,0.0,-0.0008333472224535399,0.5551974214343314,-8.058017727639034e-05
105304,12.246037433957234,0.5551974214343272,560,681,1241,0.0,-0.0008333472224535399,0.5551974214343314,0.0
105305,12.24520408673478,0.5551974214343272,560,681,1241,0.0,-0.0008333472224535399,0.5551974214343314,0.0
105306,12.244370739512327,0.5551974214343272,560,681,1241,0.0,-0.0008333472224535399,0.5551974214343314,0.0
105307,12.243537392289873,0.5543916196615633,560,681,1241,-0.0008058017727639033,-0.0008333472224535399,0.5551168412570551,-8.058017727639034e-05
105308,12.242704045067413,0.5551974214343272,560,681,1241,0.0008058017727639033,-0.0008333472224606453,0.5551168412570551,0.0
105309,12.24187069784496,0.5551974214343272,560,681,1241,0.0,-0.0008333472224535399,0.5551168412570551,0.0
105310,12.241037350622506,0.5551974214343272,560,681,1241,0.0,-0.0008333472224535399,0.5551168412570551,0.0
105311,12.240204003400052,0.5551974214343272,560,681,1241,0.0,-0.0008333472224535399,0.5551168412570551,0.0
105312,12.239370656177599,0.5551974214343272,560,681,1241,0.0,-0.0008333472224535399,0.5551168412570551,0.0
105313,12.238537308955145,0.5551974214343272,560,681,1241,0.0,-0.0008333472224535399,0.5551168412570551,0.0
105314,12.237703961732691,0.5551974214343272,560,681,1241,0.0,-0.0008333472224535399,0.5551168412570551,0.0
105315,12.236870614510238,0.5551974214343272,560,681,1241,0.0,-0.0008333472224535399,0.5551168412570551,0.0
105316,12.236037267287784,0.5551974214343272,560,681,1241,0.0,-0.0008333472224535399,0.5551168412570551,0.0
105317,12.23520392006533,0.5551974214343272,560,681,1241,0.0,-0.0008333472224535399,0.5551974214343314,8.058017727639034e-05
105318,12.234370572842877,0.5551974214343272,560,681,1241,0.0,-0.0008333472224535399,0.5551974214343314,0.0
105319,12.233537225620424,0.5551974214343272,560,681,1241,0.0,-0.0008333472224535399,0.5551974214343314,0.0
105320,12.23270387839797,0.5551974214343272,560,681,1241,0.0,-0.0008333472224535399,0.5551974214343314,0.0
105321,12.231870531175517,0.5551974214343272,560,681,1241,0.0,-0.0008333472224535399,0.5551974214343314,0.0
105322,12.231037183953063,0.5551974214343272,560,681,1241,0.0,-0.0008333472224535399,0.5551974214343314,0.0
105323,12.23020383673061,0.5551974214343272,560,681,1241,0.0,-0.0008333472224535399,0.5551974214343314,0.0
105324,12.229370489508156,0.5551974214343272,560,681,1241,0.0,-0.0008333472224535399,0.5551974214343314,0.0
105325,12.228537142285703,0.5551974214343272,560,681,1241,0.0,-0.0008333472224535399,0.5551974214343314,0.0
105326,12.227703795063249,0.5551974214343272,560,681,1241,0.0,-0.0008333472224535399,0.5551974214343314,0.0
105327,12.226870447840795,0.5560032232070911,560,681,1241,0.0008058017727639033,-0.0008333472224535399,0.5552780016116078,8.058017727639034e-05
105328,12.226037100618342,0.5560032232070911,560,681,1241,0.0,-0.0008333472224535399,0.5553585817888841,8.058017727639034e-05
105329,12.225203753395888,0.5560032232070911,560,681,1241,0.0,-0.0008333472224535399,0.5554391619661605,8.058017727639034e-05
105330,12.224370406173435,0.5560032232070911,560,681,1241,0.0,-0.0008333472224535399,0.5555197421434368,8.058017727639034e-05
105331,12.223537058950981,0.5560032232070911,560,681,1241,0.0,-0.0008333472224535399,0.5556003223207131,8.058017727639034e-05
105332,12.222703711728528,0.5560032232070911,560,681,1241,0.0,-0.0008333472224535399,0.5556809024979895,8.058017727639034e-05
105333,12.221870364506074,0.5560032232070911,560,681,1241,0.0,-0.0008333472224535399,0.5557614826752658,8.058017727639034e-05
105334,12.22103701728362,0.5560032232070911,560,681,1241,0.0,-0.0008333472224535399,0.5558420628525422,8.058017727639034e-05
105335,12.220203670061167,0.5560032232070911,560,681,1241,0.0,-0.0008333472224535399,0.5559226430298185,8.058017727639034e-05
105336,12.219370322838714,0.5560032232070911,560,681,1241,0.0,-0.0008333472224535399,0.5560032232070948,8.058017727639034e-05
105337,12.21853697561626,0.5560032232070911,560,681,1241,0.0,-0.0008333472224535399,0.5560032232070948,0.0
105338,12.217703628393807,0.5560032232070911,560,681,1241,0.0,-0.0008333472224535399,0.5560032232070948,0.0
105339,12.216870281171353,0.556809024979855,560,681,1241,0.0008058017727639033,-0.0008333472224535399,0.5560838033843712,8.058017727639034e-05
105340,12.2160369339489,0.556809024979855,560,681,1241,0.0,-0.0008333472224535399,0.5561643835616475,8.058017727639034e-05
105341,12.215203586726446,0.556809024979855,560,681,1241,0.0,-0.0008333472224535399,0.556244963738924,8.058017727639034e-05
105342,12.214370239503992,0.5560032232070911,560,681,1241,-0.0008058017727639033,-0.0008333472224535399,0.556244963738924,0.0
105343,12.213536892281539,0.5560032232070911,560,681,1241,0.0,-0.0008333472224535399,0.556244963738924,0.0
105344,12.212703545059085,0.5560032232070911,560,681,1241,0.0,-0.0008333472224535399,0.556244963738924,0.0
105345,12.211870197836632,0.5560032232070911,560,681,1241,0.0,-0.0008333472224535399,0.556244963738924,0.0
105346,12.211036850614178,0.556809024979855,560,681,1241,0.0008058017727639033,-0.0008333472224535399,0.5563255439162003,8.058017727639034e-05
105347,12.210203503391725,0.556809024979855,560,681,1241,0.0,-0.0008333472224535399,0.5564061240934766,8.058017727639034e-05
105348,12.209370156169271,0.556809024979855,560,681,1241,0.0,-0.0008333472224535399,0.556486704270753,8.058017727639034e-05
105349,12.208536808946818,0.556809024979855,560,681,1241,0.0,-0.0008333472224535399,0.556486704270753,0.0
105350,12.207703461724357,0.556809024979855,560,681,1241,0.0,-0.0008333472224606453,0.556486704270753,0.0
105351,12.206870114501903,0.556809024979855,560,681,1241,0.0,-0.0008333472224535399,0.556486704270753,0.0
105352,12.20603676727945,0.556809024979855,560,681,1241,0.0,-0.0008333472224535399,0.5565672844480293,8.058017727639034e-05
105353,12.205203420056996,0.556809024979855,560,681,1241,0.0,-0.0008333472224535399,0.5566478646253057,8.058017727639034e-05
105354,12.204370072834543,0.556809024979855,560,681,1241,0.0,-0.0008333472224535399,0.556728444802582,8.058017727639034e-05
105355,12.20353672561209,0.556809024979855,560,681,1241,0.0,-0.0008333472224535399,0.5568090249798583,8.058017727639034e-05
105356,12.202703378389636,0.556809024979855,560,681,1241,0.0,-0.0008333472224535399,0.5568090249798583,0.0
105357,12.201870031167182,0.556809024979855,560,681,1241,0.0,-0.0008333472224535399,0.5568090249798583,0.0
105358,12.201036683944729,0.556809024979855,560,681,1241,0.0,-0.0008333472224535399,0.5568090249798583,0.0
105359,12.200203336722275,0.556809024979855,560,681,1241,0.0,-0.0008333472224535399,0.5568090249798583,0.0
105360,12.199369989499822,0.556809024979855,560,681,1241,0.0,-0.0008333472224535399,0.5568090249798583,0.0
105361,12.198536642277368,0.556809024979855,560,681,1241,0.0,-0.0008333472224535399,0.5568090249798583,0.0
105362,12.197703295054914,0.556809024979855,560,681,1241,0.0,-0.0008333472224535399,0.5568090249798583,0.0
105363,12.196869947832461,0.556809024979855,560,681,1241,0.0,-0.0008333472224535399,0.5568090249798583,0.0
105364,12.196036600610007,0.556809024979855,560,681,1241,0.0,-0.0008333472224535399,0.5568090249798583,0.0
105365,12.195203253387554,0.556809024979855,560,681,1241,0.0,-0.0008333472224535399,0.5568090249798583,0.0
105366,12.1943699061651,0.556809024979855,560,681,1241,0.0,-0.0008333472224535399,0.5568090249798583,0.0
105367,12.193536558942647,0.556809024979855,560,681,1241,0.0,-0.0008333472224535399,0.5568090249798583,0.0
105368,12.192703211720193,0.556809024979855,560,681,1241,0.0,-0.0008333472224535399,0.5568090249798583,0.0
105369,12.19186986449774,0.556809024979855,560,681,1241,0.0,-0.0008333472224535399,0.5568090249798583,0.0
105370,12.191036517275286,0.556809024979855,560,681,1241,0.0,-0.0008333472224535399,0.5568090249798583,0.0
105371,12.190203170052833,0.556809024979855,560,681,1241,0.0,-0.0008333472224535399,0.5568090249798583,0.0
105372,12.189369822830379,0.556809024979855,560,681,1241,0.0,-0.0008333472224535399,0.5568090249798583,0.0
105373,12.188536475607926,0.556809024979855,560,681,1241,0.0,-0.0008333472224535399,0.5568090249798583,0.0
105374,12.187703128385472,0.556809024979855,560,681,1241,0.0,-0.0008333472224535399,0.5568090249798583,0.0
105375,12.186869781163018,0.556809024979855,560,681,1241,0.0,-0.0008333472224535399,0.5568090249798583,0.0
105376,12.186036433940565,0.5576148267526189,560,681,1241,0.0008058017727639033,-0.0008333472224535399,0.5568896051571348,8.058017727639034e-05
105377,12.185203086718111,0.5576148267526189,560,681,1241,0.0,-0.0008333472224535399,0.5569701853344111,8.058017727639034e-05
105378,12.184369739495658,0.556809024979855,560,681,1241,-0.0008058017727639033,-0.0008333472224535399,0.5569701853344111,0.0
105379,12.183536392273204,0.556809024979855,560,681,1241,0.0,-0.0008333472224535399,0.5569701853344111,0.0
105380,12.18270304505075,0.556809024979855,560,681,1241,0.0,-0.0008333472224535399,0.5569701853344111,0.0
105381,12.181869697828297,0.556809024979855,560,681,1241,0.0,-0.0008333472224535399,0.5569701853344111,0.0
105382,12.181036350605844,0.556809024979855,560,681,1241,0.0,-0.0008333472224535399,0.5569701853344111,0.0
105383,12.18020300338339,0.556809024979855,560,681,1241,0.0,-0.0008333472224535399,0.5569701853344111,0.0
105384,12.179369656160937,0.556809024979855,560,681,1241,0.0,-0.0008333472224535399,0.5569701853344111,0.0
105385,12.178536308938483,0.556809024979855,560,681,1241,0.0,-0.0008333472224535399,0.5569701853344111,0.0
105386,12.17770296171603,0.556809024979855,560,681,1241,0.0,-0.0008333472224535399,0.5568896051571347,-8.058017727639034e-05
105387,12.176869614493576,0.556809024979855,560,681,1241,0.0,-0.0008333472224535399,0.5568090249798583,-8.058017727639034e-05
105388,12.176036267271122,0.556809024979855,560,681,1241,0.0,-0.0008333472224535399,0.5568090249798583,0.0
105389,12.175202920048669,0.556809024979855,560,681,1241,0.0,-0.0008333472224535399,0.5568090249798583,0.0
105390,12.174369572826215,0.556809024979855,560,681,1241,0.0,-0.0008333472224535399,0.5568090249798583,0.0
105391,12.173536225603762,0.556809024979855,560,681,1241,0.0,-0.0008333472224535399,0.5568090249798583,0.0
105392,12.172702878381308,0.556809024979855,560,681,1241,0.0,-0.0008333472224535399,0.5568090249798583,0.0
105393,12.171869531158848,0.5560032232070911,560,681,1241,-0.0008058017727639033,-0.0008333472224606453,0.5567284448025819,-8.058017727639034e-05
105394,12.171036183936394,0.5560032232070911,560,681,1241,0.0,-0.0008333472224535399,0.5566478646253056,-8.058017727639034e-05
105395,12.17020283671394,0.5560032232070911,560,681,1241,0.0,-0.0008333472224535399,0.5565672844480292,-8.058017727639034e-05
105396,12.169369489491487,0.5560032232070911,560,681,1241,0.0,-0.0008333472224535399,0.5564867042707529,-8.058017727639034e-05
105397,12.168536142269033,0.5560032232070911,560,681,1241,0.0,-0.0008333472224535399,0.5564061240934766,-8.058017727639034e-05
105398,12.16770279504658,0.5560032232070911,560,681,1241,0.0,-0.0008333472224535399,0.5563255439162001,-8.058017727639034e-05
105399,12.166869447824126,0.5560032232070911,560,681,1241,0.0,-0.0008333472224535399,0.5562449637389238,-8.058017727639034e-05
105400,12.166036100601673,0.5560032232070911,560,681,1241,0.0,-0.0008333472224535399,0.5561643835616474,-8.058017727639034e-05
105401,12.16520275337922,0.556809024979855,560,681,1241,0.0008058017727639033,-0.0008333472224535399,0.5561643835616474,0.0
105402,12.164369406156766,0.556809024979855,560,681,1241,0.0,-0.0008333472224535399,0.5561643835616474,0.0
105403,12.163536058934312,0.556809024979855,560,681,1241,0.0,-0.0008333472224535399,0.556244963738924,8.058017727639034e-05
105404,12.162702711711859,0.556809024979855,560,681,1241,0.0,-0.0008333472224535399,0.5563255439162003,8.058017727639034e-05
105405,12.161869364489405,0.556809024979855,560,681,1241,0.0,-0.0008333472224535399,0.5564061240934766,8.058017727639034e-05
105406,12.161036017266952,0.556809024979855,560,681,1241,0.0,-0.0008333472224535399,0.556486704270753,8.058017727639034e-05
105407,12.160202670044498,0.556809024979855,560,681,1241,0.0,-0.0008333472224535399,0.5565672844480293,8.058017727639034e-05
105408,12.159369322822045,0.5560032232070911,560,681,1241,-0.0008058017727639033,-0.0008333472224535399,0.5565672844480293,0.0
105409,12.158535975599591,0.5560032232070911,560,681,1241,0.0,-0.0008333472224535399,0.5565672844480293,0.0
105410,12.157702628377137,0.5560032232070911,560,681,1241,0.0,-0.0008333472224535399,0.5565672844480293,0.0
105411,12.156869281154684,0.5560032232070911,560,681,1241,0.0,-0.0008333472224535399,0.5564867042707529,-8.058017727639034e-05
105412,12.15603593393223,0.556809024979855,560,681,1241,0.0008058017727639033,-0.0008333472224535399,0.5564867042707529,0.0
105413,12.155202586709777,0.556809024979855,560,681,1241,0.0,-0.0008333472224535399,0.5564867042707529,0.0
105414,12.154369239487323,0.556809024979855,560,681,1241,0.0,-0.0008333472224535399,0.5564867042707529,0.0
105415,12.15353589226487,0.556809024979855,560,681,1241,0.0,-0.0008333472224535399,0.5564867042707529,0.0
105416,12.152702545042416,0.556809024979855,560,681,1241,0.0,-0.0008333472224535399,0.5564867042707529,0.0
105417,12.151869197819963,0.556809024979855,560,681,1241,0.0,-0.0008333472224535399,0.5564867042707529,0.0
105418,12.15103585059751,0.556809024979855,560,681,1241,0.0,-0.0008333472224535399,0.5565672844480293,8.058017727639034e-05
105419,12.150202503375056,0.5576148267526189,560,681,1241,0.0008058017727639033,-0.0008333472224535399,0.5567284448025822,0.00016116035455278067
105420,12.149369156152602,0.5576148267526189,560,681,1241,0.0,-0.0008333472224535399,0.556889605157135,0.00016116035455278067
105421,12.148535808930149,0.5576148267526189,560,681,1241,0.0,-0.0008333472224535399,0.5570507655116879,0.00016116035455278067
105422,12.147702461707695,0.5576148267526189,560,681,1241,0.0,-0.0008333472224535399,0.5571313456889644,8.058017727639034e-05
105423,12.146869114485241,0.556809024979855,560,681,1241,-0.0008058017727639033,-0.0008333472224535399,0.5571313456889644,0.0
105424,12.146035767262788,0.556809024979855,560,681,1241,0.0,-0.0008333472224535399,0.5571313456889644,0.0
105425,12.145202420040334,0.556809024979855,560,681,1241,0.0,-0.0008333472224535399,0.5571313456889644,0.0
105426,12.14436907281788,0.556809024979855,560,681,1241,0.0,-0.0008333472224535399,0.5571313456889644,0.0
105427,12.143535725595427,0.556809024979855,560,681,1241,0.0,-0.0008333472224535399,0.5571313456889644,0.0
105428,12.142702378372974,0.556809024979855,560,681,1241,0.0,-0.0008333472224535399,0.5571313456889644,0.0
105429,12.14186903115052,0.556809024979855,560,681,1241,0.0,-0.0008333472224535399,0.5570507655116879,-8.058017727639034e-05
105430,12.141035683928067,0.556809024979855,560,681,1241,0.0,-0.0008333472224535399,0.5569701853344116,-8.058017727639034e-05
105431,12.140202336705613,0.556809024979855,560,681,1241,0.0,-0.0008333472224535399,0.5568896051571353,-8.058017727639034e-05
105432,12.13936898948316,0.556809024979855,560,681,1241,0.0,-0.0008333472224535399,0.5568090249798588,-8.058017727639034e-05
105433,12.138535642260706,0.556809024979855,560,681,1241,0.0,-0.0008333472224535399,0.5568090249798588,0.0
105434,12.137702295038252,0.556809024979855,560,681,1241,0.0,-0.0008333472224535399,0.5568090249798588,0.0
105435,12.136868947815792,0.556809024979855,560,681,1241,0.0,-0.0008333472224606453,0.5568090249798588,0.0
105436,12.136035600593338,0.556809024979855,560,681,1241,0.0,-0.0008333472224535399,0.5568090249798588,0.0
105437,12.135202253370885,0.556809024979855,560,681,1241,0.0,-0.0008333472224535399,0.5568090249798588,0.0
105438,12.134368906148431,0.556809024979855,560,681,1241,0.0,-0.0008333472224535399,0.5568090249798588,0.0
105439,12.133535558925978,0.556809024979855,560,681,1241,0.0,-0.0008333472224535399,0.5568090249798588,0.0
105440,12.132702211703524,0.556809024979855,560,681,1241,0.0,-0.0008333472224535399,0.5568090249798588,0.0
105441,12.13186886448107,0.556809024979855,560,681,1241,0.0,-0.0008333472224535399,0.5568090249798588,0.0
105442,12.131035517258617,0.5560032232070911,560,681,1241,-0.0008058017727639033,-0.0008333472224535399,0.5567284448025824,-8.058017727639034e-05
105443,12.130202170036164,0.5560032232070911,560,681,1241,0.0,-0.0008333472224535399,0.5566478646253061,-8.058017727639034e-05
105444,12.12936882281371,0.5560032232070911,560,681,1241,0.0,-0.0008333472224535399,0.5565672844480297,-8.058017727639034e-05
105445,12.128535475591256,0.5560032232070911,560,681,1241,0.0,-0.0008333472224535399,0.5564867042707534,-8.058017727639034e-05
105446,12.127702128368803,0.5560032232070911,560,681,1241,0.0,-0.0008333472224535399,0.556406124093477,-8.058017727639034e-05
105447,12.12686878114635,0.5560032232070911,560,681,1241,0.0,-0.0008333472224535399,0.5563255439162007,-8.058017727639034e-05
105448,12.126035433923896,0.5560032232070911,560,681,1241,0.0,-0.0008333472224535399,0.5562449637389244,-8.058017727639034e-05
105449,12.125202086701442,0.556809024979855,560,681,1241,0.0008058017727639033,-0.0008333472224535399,0.5562449637389244,0.0
105450,12.124368739478989,0.556809024979855,560,681,1241,0.0,-0.0008333472224535399,0.5562449637389244,0.0
105451,12.123535392256535,0.556809024979855,560,681,1241,0.0,-0.0008333472224535399,0.5562449637389244,0.0
105452,12.122702045034082,0.5576148267526189,560,681,1241,0.0008058017727639033,-0.0008333472224535399,0.5564061240934771,0.00016116035455278067
105453,12.121868697811628,0.5576148267526189,560,681,1241,0.0,-0.0008333472224535399,0.55656728444803,0.00016116035455278067
105454,12.121035350589175,0.5576148267526189,560,681,1241,0.0,-0.0008333472224535399,0.5567284448025829,0.00016116035455278067
105455,12.120202003366721,0.5584206285253828,560,681,1241,0.0008058017727639033,-0.0008333472224535399,0.5569701853344121,0.00024174053182917098
105456,12.119368656144268,0.5584206285253828,560,681,1241,0.0,-0.0008333472224535399,0.5572119258662414,0.00024174053182917098
105457,12.118535308921814,0.5584206285253828,560,681,1241,0.0,-0.0008333472224535399,0.5574536663980705,0.00024174053182917098
105458,12.11770196169936,0.5584206285253828,560,681,1241,0.0,-0.0008333472224535399,0.5576954069298997,0.00024174053182917098
105459,12.116868614476907,0.5584206285253828,560,681,1241,0.0,-0.0008333472224535399,0.5578565672844525,0.00016116035455278067
105460,12.116035267254453,0.5584206285253828,560,681,1241,0.0,-0.0008333472224535399,0.5580177276390053,0.00016116035455278067
105461,12.115201920032,0.5584206285253828,560,681,1241,0.0,-0.0008333472224535399,0.5581788879935581,0.00016116035455278067
105462,12.114368572809546,0.5584206285253828,560,681,1241,0.0,-0.0008333472224535399,0.5582594681708345,8.058017727639034e-05
105463,12.113535225587093,0.5584206285253828,560,681,1241,0.0,-0.0008333472224535399,0.5583400483481109,8.058017727639034e-05
105464,12.11270187836464,0.5584206285253828,560,681,1241,0.0,-0.0008333472224535399,0.5584206285253872,8.058017727639034e-05
105465,12.111868531142186,0.5576148267526189,560,681,1241,-0.0008058017727639033,-0.0008333472224535399,0.5583400483481109,-8.058017727639034e-05
105466,12.111035183919732,0.556809024979855,560,681,1241,-0.0008058017727639033,-0.0008333472224535399,0.5581788879935581,-0.00016116035455278067
105467,12.110201836697279,0.5576148267526189,560,681,1241,0.0008058017727639033,-0.0008333472224535399,0.5580983078162817,-8.058017727639034e-05
105468,12.109368489474825,0.5576148267526189,560,681,1241,0.0,-0.0008333472224535399,0.5580177276390053,-8.058017727639034e-05
105469,12.108535142252371,0.5576148267526189,560,681,1241,0.0,-0.0008333472224535399,0.557937147461729,-8.058017727639034e-05
105470,12.107701795029918,0.5576148267526189,560,681,1241,0.0,-0.0008333472224535399,0.5578565672844527,-8.058017727639034e-05
105471,12.106868447807464,0.5576148267526189,560,681,1241,0.0,-0.0008333472224535399,0.5577759871071762,-8.058017727639034e-05
105472,12.10603510058501,0.5576148267526189,560,681,1241,0.0,-0.0008333472224535399,0.5576954069298999,-8.058017727639034e-05
105473,12.105201753362557,0.5576148267526189,560,681,1241,0.0,-0.0008333472224535399,0.5576148267526235,-8.058017727639034e-05
105474,12.104368406140104,0.5576148267526189,560,681,1241,0.0,-0.0008333472224535399,0.5575342465753472,-8.058017727639034e-05
105475,12.10353505891765,0.5576148267526189,560,681,1241,0.0,-0.0008333472224535399,0.5575342465753472,0.0
105476,12.102701711695197,0.5576148267526189,560,681,1241,0.0,-0.0008333472224535399,0.5576148267526236,8.058017727639034e-05
105477,12.101868364472736,0.5576148267526189,560,681,1241,0.0,-0.0008333472224606453,0.5576148267526235,0.0
105478,12.101035017250283,0.5576148267526189,560,681,1241,0.0,-0.0008333472224535399,0.5576148267526235,0.0
105479,12.100201670027829,0.5576148267526189,560,681,1241,0.0,-0.0008333472224535399,0.5576148267526235,0.0
105480,12.099368322805375,0.5576148267526189,560,681,1241,0.0,-0.0008333472224535399,0.5576148267526235,0.0
105481,12.098534975582922,0.5576148267526189,560,681,1241,0.0,-0.0008333472224535399,0.5576148267526235,0.0
105482,12.097701628360468,0.5576148267526189,560,681,1241,0.0,-0.0008333472224535399,0.5576148267526235,0.0
105483,12.096868281138015,0.5576148267526189,560,681,1241,0.0,-0.0008333472224535399,0.5576148267526235,0.0
105484,12.096034933915561,0.5576148267526189,560,681,1241,0.0,-0.0008333472224535399,0.5576148267526235,0.0
105485,12.095201586693108,0.5576148267526189,560,681,1241,0.0,-0.0008333472224535399,0.5576148267526235,0.0
105486,12.094368239470654,0.5576148267526189,560,681,1241,0.0,-0.0008333472224535399,0.5576148267526235,0.0
105487,12.0935348922482,0.5576148267526189,560,681,1241,0.0,-0.0008333472224535399,0.5576148267526235,0.0
105488,12.092701545025747,0.5576148267526189,560,681,1241,0.0,-0.0008333472224535399,0.5576148267526235,0.0
105489,12.091868197803294,0.5576148267526189,560,681,1241,0.0,-0.0008333472224535399,0.5576148267526235,0.0
105490,12.09103485058084,0.5576148267526189,560,681,1241,0.0,-0.0008333472224535399,0.5576148267526235,0.0
105491,12.090201503358387,0.5584206285253828,560,681,1241,0.0008058017727639033,-0.0008333472224535399,0.5576954069298999,8.058017727639034e-05
105492,12.089368156135933,0.5584206285253828,560,681,1241,0.0,-0.0008333472224535399,0.5577759871071762,8.058017727639034e-05
105493,12.08853480891348,0.5584206285253828,560,681,1241,0.0,-0.0008333472224535399,0.5578565672844527,8.058017727639034e-05
105494,12.087701461691026,0.5584206285253828,560,681,1241,0.0,-0.0008333472224535399,0.557937147461729,8.058017727639034e-05
105495,12.086868114468572,0.5584206285253828,560,681,1241,0.0,-0.0008333472224535399,0.5580177276390053,8.058017727639034e-05
105496,12.086034767246119,0.5584206285253828,560,681,1241,0.0,-0.0008333472224535399,0.5580983078162817,8.058017727639034e-05
105497,12.085201420023665,0.5584206285253828,560,681,1241,0.0,-0.0008333472224535399,0.558178887993558,8.058017727639034e-05
105498,12.084368072801212,0.5584206285253828,560,681,1241,0.0,-0.0008333472224535399,0.5582594681708344,8.058017727639034e-05
105499,12.083534725578758,0.5584206285253828,560,681,1241,0.0,-0.0008333472224535399,0.5583400483481107,8.058017727639034e-05
105500,12.082701378356305,0.5584206285253828,560,681,1241,0.0,-0.0008333472224535399,0.558420628525387,8.058017727639034e-05
105501,12.081868031133851,0.5584206285253828,560,681,1241,0.0,-0.0008333472224535399,0.558420628525387,0.0
105502,12.081034683911398,0.5584206285253828,560,681,1241,0.0,-0.0008333472224535399,0.558420628525387,0.0
105503,12.080201336688944,0.5584206285253828,560,681,1241,0.0,-0.0008333472224535399,0.558420628525387,0.0
105504,12.07936798946649,0.5584206285253828,560,681,1241,0.0,-0.0008333472224535399,0.558420628525387,0.0
105505,12.078534642244037,0.5584206285253828,560,681,1241,0.0,-0.0008333472224535399,0.558420628525387,0.0
105506,12.077701295021583,0.5584206285253828,560,681,1241,0.0,-0.0008333472224535399,0.558420628525387,0.0
105507,12.07686794779913,0.5584206285253828,560,681,1241,0.0,-0.0008333472224535399,0.558420628525387,0.0
105508,12.076034600576676,0.5584206285253828,560,681,1241,0.0,-0.0008333472224535399,0.558420628525387,0.0
105509,12.075201253354223,0.5584206285253828,560,681,1241,0.0,-0.0008333472224535399,0.558420628525387,0.0
105510,12.07436790613177,0.5584206285253828,560,681,1241,0.0,-0.0008333472224535399,0.558420628525387,0.0
105511,12.073534558909316,0.5584206285253828,560,681,1241,0.0,-0.0008333472224535399,0.558420628525387,0.0
105512,12.072701211686862,0.5584206285253828,560,681,1241,0.0,-0.0008333472224535399,0.558420628525387,0.0
105513,12.071867864464409,0.5584206285253828,560,681,1241,0.0,-0.0008333472224535399,0.558420628525387,0.0
105514,12.071034517241955,0.5584206285253828,560,681,1241,0.0,-0.0008333472224535399,0.558420628525387,0.0
105515,12.070201170019502,0.5584206285253828,560,681,1241,0.0,-0.0008333472224535399,0.558420628525387,0.0
105516,12.069367822797048,0.5584206285253828,560,681,1241,0.0,-0.0008333472224535399,0.558420628525387,0.0
105517,12.068534475574594,0.5584206285253828,560,681,1241,0.0,-0.0008333472224535399,0.558420628525387,0.0
105518,12.067701128352141,0.5584206285253828,560,681,1241,0.0,-0.0008333472224535399,0.558420628525387,0.0
105519,12.066867781129687,0.5584206285253828,560,681,1241,0.0,-0.0008333472224535399,0.558420628525387,0.0
105520,12.066034433907227,0.5584206285253828,560,681,1241,0.0,-0.0008333472224606453,0.558420628525387,0.0
105521,12.065201086684773,0.5584206285253828,560,681,1241,0.0,-0.0008333472224535399,0.558420628525387,0.0
105522,12.06436773946232,0.5584206285253828,560,681,1241,0.0,-0.0008333472224535399,0.558420628525387,0.0
105523,12.063534392239866,0.5584206285253828,560,681,1241,0.0,-0.0008333472224535399,0.558420628525387,0.0
105524,12.062701045017413,0.5584206285253828,560,681,1241,0.0,-0.0008333472224535399,0.558420628525387,0.0
105525,12.061867697794959,0.556809024979855,560,681,1241,-0.0016116035455278066,-0.0008333472224535399,0.5582594681708343,-0.00016116035455278067
105526,12.061034350572506,0.556809024979855,560,681,1241,0.0,-0.0008333472224535399,0.5580983078162814,-0.00016116035455278067
105527,12.060201003350052,0.556809024979855,560,681,1241,0.0,-0.0008333472224535399,0.5579371474617287,-0.00016116035455278067
105528,12.059367656127598,0.556809024979855,560,681,1241,0.0,-0.0008333472224535399,0.5577759871071759,-0.00016116035455278067
105529,12.058534308905145,0.556809024979855,560,681,1241,0.0,-0.0008333472224535399,0.5576148267526231,-0.00016116035455278067
105530,12.057700961682691,0.556809024979855,560,681,1241,0.0,-0.0008333472224535399,0.5574536663980704,-0.00016116035455278067
105531,12.056867614460238,0.556809024979855,560,681,1241,0.0,-0.0008333472224535399,0.5572925060435175,-0.00016116035455278067
105532,12.056034267237784,0.556809024979855,560,681,1241,0.0,-0.0008333472224535399,0.5571313456889648,-0.00016116035455278067
105533,12.05520092001533,0.556809024979855,560,681,1241,0.0,-0.0008333472224535399,0.556970185334412,-0.00016116035455278067
105534,12.054367572792877,0.556809024979855,560,681,1241,0.0,-0.0008333472224535399,0.5568090249798592,-0.00016116035455278067
105535,12.053534225570424,0.556809024979855,560,681,1241,0.0,-0.0008333472224535399,0.5568090249798592,0.0
105536,12.05270087834797,0.556809024979855,560,681,1241,0.0,-0.0008333472224535399,0.5568090249798592,0.0
105537,12.051867531125517,0.556809024979855,560,681,1241,0.0,-0.0008333472224535399,0.5568090249798592,0.0
105538,12.051034183903063,0.556809024979855,560,681,1241,0.0,-0.0008333472224535399,0.5568090249798592,0.0
105539,12.05020083668061,0.556809024979855,560,681,1241,0.0,-0.0008333472224535399,0.5568090249798592,0.0
105540,12.049367489458156,0.556809024979855,560,681,1241,0.0,-0.0008333472224535399,0.5568090249798592,0.0
105541,12.048534142235702,0.556809024979855,560,681,1241,0.0,-0.0008333472224535399,0.5568090249798592,0.0
105542,12.047700795013249,0.556809024979855,560,681,1241,0.0,-0.0008333472224535399,0.5568090249798592,0.0
105543,12.046867447790795,0.556809024979855,560,681,1241,0.0,-0.0008333472224535399,0.5568090249798592,0.0
105544,12.046034100568342,0.556809024979855,560,681,1241,0.0,-0.0008333472224535399,0.5568090249798592,0.0
105545,12.045200753345888,0.556809024979855,560,681,1241,0.0,-0.0008333472224535399,0.5568090249798592,0.0
105546,12.044367406123435,0.556809024979855,560,681,1241,0.0,-0.0008333472224535399,0.5568090249798592,0.0
105547,12.043534058900981,0.5576148267526189,560,681,1241,0.0008058017727639033,-0.0008333472224535399,0.5568896051571357,8.058017727639034e-05
105548,12.042700711678528,0.5576148267526189,560,681,1241,0.0,-0.0008333472224535399,0.556970185334412,8.058017727639034e-05
105549,12.041867364456074,0.5576148267526189,560,681,1241,0.0,-0.0008333472224535399,0.5570507655116883,8.058017727639034e-05
105550,12.04103401723362,0.5576148267526189,560,681,1241,0.0,-0.0008333472224535399,0.5571313456889647,8.058017727639034e-05
105551,12.040200670011167,0.5576148267526189,560,681,1241,0.0,-0.0008333472224535399,0.557211925866241,8.058017727639034e-05
105552,12.039367322788713,0.5576148267526189,560,681,1241,0.0,-0.0008333472224535399,0.5572925060435174,8.058017727639034e-05
105553,12.03853397556626,0.5576148267526189,560,681,1241,0.0,-0.0008333472224535399,0.5573730862207937,8.058017727639034e-05
105554,12.037700628343806,0.5576148267526189,560,681,1241,0.0,-0.0008333472224535399,0.55745366639807,8.058017727639034e-05
105555,12.036867281121353,0.5576148267526189,560,681,1241,0.0,-0.0008333472224535399,0.5575342465753464,8.058017727639034e-05
105556,12.0360339338989,0.5576148267526189,560,681,1241,0.0,-0.0008333472224535399,0.5576148267526227,8.058017727639034e-05
105557,12.035200586676446,0.5576148267526189,560,681,1241,0.0,-0.0008333472224535399,0.5576148267526226,0.0
105558,12.034367239453992,0.5576148267526189,560,681,1241,0.0,-0.0008333472224535399,0.5576148267526226,0.0
105559,12.033533892231539,0.5576148267526189,560,681,1241,0.0,-0.0008333472224535399,0.5576148267526226,0.0
105560,12.032700545009085,0.5576148267526189,560,681,1241,0.0,-0.0008333472224535399,0.5576148267526226,0.0
105561,12.031867197786632,0.556809024979855,560,681,1241,-0.0008058017727639033,-0.0008333472224535399,0.5575342465753463,-8.058017727639034e-05
105562,12.031033850564171,0.556809024979855,560,681,1241,0.0,-0.0008333472224606453,0.55745366639807,-8.058017727639034e-05
105563,12.030200503341717,0.556809024979855,560,681,1241,0.0,-0.0008333472224535399,0.5573730862207936,-8.058017727639034e-05
105564,12.029367156119264,0.556809024979855,560,681,1241,0.0,-0.0008333472224535399,0.5572925060435173,-8.058017727639034e-05
105565,12.02853380889681,0.556809024979855,560,681,1241,0.0,-0.0008333472224535399,0.5572119258662409,-8.058017727639034e-05
105566,12.027700461674357,0.556809024979855,560,681,1241,0.0,-0.0008333472224535399,0.5571313456889646,-8.058017727639034e-05
105567,12.026867114451903,0.556809024979855,560,681,1241,0.0,-0.0008333472224535399,0.5570507655116883,-8.058017727639034e-05
105568,12.02603376722945,0.556809024979855,560,681,1241,0.0,-0.0008333472224535399,0.5569701853344119,-8.058017727639034e-05
105569,12.025200420006996,0.556809024979855,560,681,1241,0.0,-0.0008333472224535399,0.5568896051571356,-8.058017727639034e-05
105570,12.024367072784543,0.556809024979855,560,681,1241,0.0,-0.0008333472224535399,0.5568090249798592,-8.058017727639034e-05
105571,12.023533725562089,0.556809024979855,560,681,1241,0.0,-0.0008333472224535399,0.5568090249798592,0.0
105572,12.022700378339636,0.556809024979855,560,681,1241,0.0,-0.0008333472224535399,0.5568090249798592,0.0
105573,12.021867031117182,0.556809024979855,560,681,1241,0.0,-0.0008333472224535399,0.5568090249798592,0.0
105574,12.021033683894728,0.556809024979855,560,681,1241,0.0,-0.0008333472224535399,0.5568090249798592,0.0
105575,12.020200336672275,0.556809024979855,560,681,1241,0.0,-0.0008333472224535399,0.5568090249798592,0.0
105576,12.019366989449821,0.556809024979855,560,681,1241,0.0,-0.0008333472224535399,0.5568090249798592,0.0
105577,12.018533642227368,0.556809024979855,560,681,1241,0.0,-0.0008333472224535399,0.5568090249798592,0.0
105578,12.017700295004914,0.556809024979855,560,681,1241,0.0,-0.0008333472224535399,0.5568090249798592,0.0
105579,12.01686694778246,0.5560032232070911,560,681,1241,-0.0008058017727639033,-0.0008333472224535399,0.5567284448025828,-8.058017727639034e-05
105580,12.016033600560007,0.5560032232070911,560,681,1241,0.0,-0.0008333472224535399,0.5566478646253065,-8.058017727639034e-05
105581,12.015200253337554,0.5560032232070911,560,681,1241,0.0,-0.0008333472224535399,0.55656728444803,-8.058017727639034e-05
105582,12.0143669061151,0.5560032232070911,560,681,1241,0.0,-0.0008333472224535399,0.5564867042707538,-8.058017727639034e-05
105583,12.013533558892647,0.5560032232070911,560,681,1241,0.0,-0.0008333472224535399,0.5564061240934774,-8.058017727639034e-05
105584,12.012700211670193,0.5551974214343272,560,681,1241,-0.0008058017727639033,-0.0008333472224535399,0.5562449637389246,-0.00016116035455278067
105585,12.01186686444774,0.5551974214343272,560,681,1241,0.0,-0.0008333472224535399,0.5560838033843718,-0.00016116035455278067
105586,12.011033517225286,0.5551974214343272,560,681,1241,0.0,-0.0008333472224535399,0.5559226430298191,-0.00016116035455278067
105587,12.010200170002832,0.5551974214343272,560,681,1241,0.0,-0.0008333472224535399,0.5557614826752663,-0.00016116035455278067
105588,12.009366822780379,0.5551974214343272,560,681,1241,0.0,-0.0008333472224535399,0.5556003223207135,-0.00016116035455278067
105589,12.008533475557925,0.5551974214343272,560,681,1241,0.0,-0.0008333472224535399,0.5555197421434371,-8.058017727639034e-05
105590,12.007700128335472,0.5551974214343272,560,681,1241,0.0,-0.0008333472224535399,0.5554391619661608,-8.058017727639034e-05
105591,12.006866781113018,0.5551974214343272,560,681,1241,0.0,-0.0008333472224535399,0.5553585817888844,-8.058017727639034e-05
105592,12.006033433890565,0.5551974214343272,560,681,1241,0.0,-0.0008333472224535399,0.5552780016116081,-8.058017727639034e-05
105593,12.005200086668111,0.5551974214343272,560,681,1241,0.0,-0.0008333472224535399,0.5551974214343318,-8.058017727639034e-05
105594,12.004366739445658,0.5551974214343272,560,681,1241,0.0,-0.0008333472224535399,0.5551974214343318,0.0
105595,12.003533392223204,0.5551974214343272,560,681,1241,0.0,-0.0008333472224535399,0.5551974214343318,0.0
105596,12.00270004500075,0.5551974214343272,560,681,1241,0.0,-0.0008333472224535399,0.5551974214343318,0.0
105597,12.001866697778297,0.5551974214343272,560,681,1241,0.0,-0.0008333472224535399,0.5551974214343318,0.0
105598,12.001033350555844,0.5551974214343272,560,681,1241,0.0,-0.0008333472224535399,0.5551974214343318,0.0
105599,12.00020000333339,0.5551974214343272,560,681,1241,0.0,-0.0008333472224535399,0.5551974214343318,0.0
105600,11.999366656110936,0.5551974214343272,560,681,1241,0.0,-0.0008333472224535399,0.5551974214343318,0.0
105601,11.998533308888483,0.5551974214343272,560,681,1241,0.0,-0.0008333472224535399,0.5551974214343318,0.0
105602,11.99769996166603,0.5551974214343272,560,681,1241,0.0,-0.0008333472224535399,0.5551974214343318,0.0
105603,11.996866614443576,0.5551974214343272,560,681,1241,0.0,-0.0008333472224535399,0.5551974214343318,0.0
105604,11.996033267221122,0.5551974214343272,560,681,1241,0.0,-0.0008333472224535399,0.5551974214343318,0.0
105605,11.995199919998662,0.5551974214343272,560,681,1241,0.0,-0.0008333472224606453,0.5551974214343318,0.0
105606,11.994366572776208,0.5551974214343272,560,681,1241,0.0,-0.0008333472224535399,0.5551974214343318,0.0
105607,11.993533225553755,0.5551974214343272,560,681,1241,0.0,-0.0008333472224535399,0.5551974214343318,0.0
105608,11.992699878331301,0.5543916196615633,560,681,1241,-0.0008058017727639033,-0.0008333472224535399,0.5551168412570554,-8.058017727639034e-05
105609,11.991866531108847,0.5543916196615633,560,681,1241,0.0,-0.0008333472224535399,0.5550362610797791,-8.058017727639034e-05
105610,11.991033183886394,0.5543916196615633,560,681,1241,0.0,-0.0008333472224535399,0.5549556809025027,-8.058017727639034e-05
105611,11.99019983666394,0.5543916196615633,560,681,1241,0.0,-0.0008333472224535399,0.5548751007252264,-8.058017727639034e-05
105612,11.989366489441487,0.5543916196615633,560,681,1241,0.0,-0.0008333472224535399,0.5547945205479501,-8.058017727639034e-05
105613,11.988533142219033,0.5543916196615633,560,681,1241,0.0,-0.0008333472224535399,0.5547139403706737,-8.058017727639034e-05
105614,11.98769979499658,0.5543916196615633,560,681,1241,0.0,-0.0008333472224535399,0.5546333601933974,-8.058017727639034e-05
105615,11.986866447774126,0.5543916196615633,560,681,1241,0.0,-0.0008333472224535399,0.554552780016121,-8.058017727639034e-05
105616,11.986033100551673,0.5543916196615633,560,681,1241,0.0,-0.0008333472224535399,0.5544721998388447,-8.058017727639034e-05
105617,11.98519975332922,0.5543916196615633,560,681,1241,0.0,-0.0008333472224535399,0.5543916196615684,-8.058017727639034e-05
105618,11.984366406106766,0.5543916196615633,560,681,1241,0.0,-0.0008333472224535399,0.5543916196615684,0.0
105619,11.983533058884312,0.5543916196615633,560,681,1241,0.0,-0.0008333472224535399,0.5543916196615684,0.0
105620,11.982699711661859,0.5543916196615633,560,681,1241,0.0,-0.0008333472224535399,0.5543916196615684,0.0
105621,11.981866364439405,0.5543916196615633,560,681,1241,0.0,-0.0008333472224535399,0.5543916196615684,0.0
105622,11.981033017216951,0.5543916196615633,560,681,1241,0.0,-0.0008333472224535399,0.5543916196615684,0.0
105623,11.980199669994498,0.5543916196615633,560,681,1241,0.0,-0.0008333472224535399,0.5543916196615684,0.0
105624,11.979366322772044,0.5543916196615633,560,681,1241,0.0,-0.0008333472224535399,0.5543916196615684,0.0
105625,11.97853297554959,0.5551974214343272,560,681,1241,0.0008058017727639033,-0.0008333472224535399,0.5544721998388447,8.058017727639034e-05
105626,11.977699628327137,0.5551974214343272,560,681,1241,0.0,-0.0008333472224535399,0.554552780016121,8.058017727639034e-05
105627,11.976866281104684,0.5551974214343272,560,681,1241,0.0,-0.0008333472224535399,0.5546333601933974,8.058017727639034e-05
105628,11.97603293388223,0.5551974214343272,560,681,1241,0.0,-0.0008333472224535399,0.5547139403706737,8.058017727639034e-05
105629,11.975199586659777,0.5551974214343272,560,681,1241,0.0,-0.0008333472224535399,0.5547945205479501,8.058017727639034e-05
105630,11.974366239437323,0.5551974214343272,560,681,1241,0.0,-0.0008333472224535399,0.5548751007252264,8.058017727639034e-05
105631,11.97353289221487,0.5551974214343272,560,681,1241,0.0,-0.0008333472224535399,0.5549556809025027,8.058017727639034e-05
105632,11.972699544992416,0.5551974214343272,560,681,1241,0.0,-0.0008333472224535399,0.5550362610797791,8.058017727639034e-05
105633,11.971866197769963,0.5551974214343272,560,681,1241,0.0,-0.0008333472224535399,0.5551168412570554,8.058017727639034e-05
105634,11.971032850547509,0.5551974214343272,560,681,1241,0.0,-0.0008333472224535399,0.5551974214343318,8.058017727639034e-05
105635,11.970199503325055,0.5551974214343272,560,681,1241,0.0,-0.0008333472224535399,0.5551974214343318,0.0
105636,11.969366156102602,0.5551974214343272,560,681,1241,0.0,-0.0008333472224535399,0.5551974214343318,0.0
105637,11.968532808880148,0.5551974214343272,560,681,1241,0.0,-0.0008333472224535399,0.5551974214343318,0.0
105638,11.967699461657695,0.5551974214343272,560,681,1241,0.0,-0.0008333472224535399,0.5551974214343318,0.0
105639,11.966866114435241,0.5551974214343272,560,681,1241,0.0,-0.0008333472224535399,0.5551974214343318,0.0
105640,11.966032767212788,0.5551974214343272,560,681,1241,0.0,-0.0008333472224535399,0.5551974214343318,0.0
105641,11.965199419990334,0.5551974214343272,560,681,1241,0.0,-0.0008333472224535399,0.5551974214343318,0.0
105642,11.96436607276788,0.5551974214343272,560,681,1241,0.0,-0.0008333472224535399,0.5551974214343318,0.0
105643,11.963532725545427,0.5551974214343272,560,681,1241,0.0,-0.0008333472224535399,0.5551974214343318,0.0
105644,11.962699378322974,0.5551974214343272,560,681,1241,0.0,-0.0008333472224535399,0.5551974214343318,0.0
105645,11.96186603110052,0.5551974214343272,560,681,1241,0.0,-0.0008333472224535399,0.5551974214343318,0.0
105646,11.961032683878067,0.5551974214343272,560,681,1241,0.0,-0.0008333472224535399,0.5551974214343318,0.0
105647,11.960199336655606,0.5560032232070911,560,681,1241,0.0008058017727639033,-0.0008333472224606453,0.5552780016116081,8.058017727639034e-05
105648,11.959365989433152,0.5560032232070911,560,681,1241,0.0,-0.0008333472224535399,0.5553585817888844,8.058017727639034e-05
105649,11.958532642210699,0.5560032232070911,560,681,1241,0.0,-0.0008333472224535399,0.5554391619661608,8.058017727639034e-05
105650,11.957699294988245,0.5560032232070911,560,681,1241,0.0,-0.0008333472224535399,0.5555197421434371,8.058017727639034e-05
105651,11.956865947765792,0.5560032232070911,560,681,1241,0.0,-0.0008333472224535399,0.5556003223207135,8.058017727639034e-05
105652,11.956032600543338,0.5560032232070911,560,681,1241,0.0,-0.0008333472224535399,0.5556809024979898,8.058017727639034e-05
105653,11.955199253320885,0.5560032232070911,560,681,1241,0.0,-0.0008333472224535399,0.5557614826752661,8.058017727639034e-05
105654,11.954365906098431,0.5560032232070911,560,681,1241,0.0,-0.0008333472224535399,0.5558420628525426,8.058017727639034e-05
105655,11.953532558875978,0.5560032232070911,560,681,1241,0.0,-0.0008333472224535399,0.5559226430298189,8.058017727639034e-05
105656,11.952699211653524,0.5560032232070911,560,681,1241,0.0,-0.0008333472224535399,0.5560032232070953,8.058017727639034e-05
105657,11.95186586443107,0.5560032232070911,560,681,1241,0.0,-0.0008333472224535399,0.5560032232070953,0.0
105658,11.951032517208617,0.5560032232070911,560,681,1241,0.0,-0.0008333472224535399,0.5560032232070953,0.0
105659,11.950199169986163,0.5560032232070911,560,681,1241,0.0,-0.0008333472224535399,0.5560032232070953,0.0
105660,11.94936582276371,0.5560032232070911,560,681,1241,0.0,-0.0008333472224535399,0.5560032232070953,0.0
105661,11.948532475541256,0.5560032232070911,560,681,1241,0.0,-0.0008333472224535399,0.5560032232070953,0.0
105662,11.947699128318803,0.5560032232070911,560,681,1241,0.0,-0.0008333472224535399,0.5560032232070953,0.0
105663,11.94686578109635,0.5560032232070911,560,681,1241,0.0,-0.0008333472224535399,0.5560032232070953,0.0
105664,11.946032433873896,0.5560032232070911,560,681,1241,0.0,-0.0008333472224535399,0.5560032232070953,0.0
105665,11.945199086651442,0.5560032232070911,560,681,1241,0.0,-0.0008333472224535399,0.5560032232070953,0.0
105666,11.944365739428989,0.5560032232070911,560,681,1241,0.0,-0.0008333472224535399,0.5560032232070953,0.0
105667,11.943532392206535,0.5560032232070911,560,681,1241,0.0,-0.0008333472224535399,0.5560032232070953,0.0
105668,11.942699044984082,0.5560032232070911,560,681,1241,0.0,-0.0008333472224535399,0.5560032232070953,0.0
105669,11.941865697761628,0.5560032232070911,560,681,1241,0.0,-0.0008333472224535399,0.5560032232070953,0.0
105670,11.941032350539174,0.5560032232070911,560,681,1241,0.0,-0.0008333472224535399,0.5560032232070953,0.0
105671,11.940199003316721,0.5560032232070911,560,681,1241,0.0,-0.0008333472224535399,0.5560032232070953,0.0
105672,11.939365656094267,0.5560032232070911,560,681,1241,0.0,-0.0008333472224535399,0.5560032232070953,0.0
105673,11.938532308871814,0.5560032232070911,560,681,1241,0.0,-0.0008333472224535399,0.5560032232070953,0.0
105674,11.93769896164936,0.5560032232070911,560,681,1241,0.0,-0.0008333472224535399,0.5560032232070953,0.0
105675,11.936865614426907,0.5560032232070911,560,681,1241,0.0,-0.0008333472224535399,0.5560032232070953,0.0
105676,11.936032267204453,0.5560032232070911,560,681,1241,0.0,-0.0008333472224535399,0.5560032232070953,0.0
105677,11.935198919982,0.5560032232070911,560,681,1241,0.0,-0.0008333472224535399,0.5560032232070953,0.0
105678,11.934365572759546,0.556809024979855,560,681,1241,0.0008058017727639033,-0.0008333472224535399,0.5560838033843716,8.058017727639034e-05
105679,11.933532225537093,0.556809024979855,560,681,1241,0.0,-0.0008333472224535399,0.5561643835616479,8.058017727639034e-05
105680,11.932698878314639,0.556809024979855,560,681,1241,0.0,-0.0008333472224535399,0.5562449637389243,8.058017727639034e-05
105681,11.931865531092186,0.556809024979855,560,681,1241,0.0,-0.0008333472224535399,0.5563255439162006,8.058017727639034e-05
105682,11.931032183869732,0.5560032232070911,560,681,1241,-0.0008058017727639033,-0.0008333472224535399,0.5563255439162006,0.0
105683,11.930198836647278,0.5560032232070911,560,681,1241,0.0,-0.0008333472224535399,0.5563255439162006,0.0
105684,11.929365489424825,0.5560032232070911,560,681,1241,0.0,-0.0008333472224535399,0.5563255439162006,0.0
105685,11.928532142202371,0.5560032232070911,560,681,1241,0.0,-0.0008333472224535399,0.5563255439162006,0.0
105686,11.927698794979918,0.5560032232070911,560,681,1241,0.0,-0.0008333472224535399,0.5563255439162006,0.0
105687,11.926865447757464,0.5560032232070911,560,681,1241,0.0,-0.0008333472224535399,0.5563255439162006,0.0
105688,11.92603210053501,0.5560032232070911,560,681,1241,0.0,-0.0008333472224535399,0.5562449637389242,-8.058017727639034e-05
105689,11.92519875331255,0.5560032232070911,560,681,1241,0.0,-0.0008333472224606453,0.5561643835616479,-8.058017727639034e-05
105690,11.924365406090097,0.5560032232070911,560,681,1241,0.0,-0.0008333472224535399,0.5560838033843715,-8.058017727639034e-05
105691,11.923532058867643,0.5560032232070911,560,681,1241,0.0,-0.0008333472224535399,0.5560032232070952,-8.058017727639034e-05
105692,11.92269871164519,0.5560032232070911,560,681,1241,0.0,-0.0008333472224535399,0.5560032232070953,0.0
105693,11.921865364422736,0.5551974214343272,560,681,1241,-0.0008058017727639033,-0.0008333472224535399,0.5559226430298189,-8.058017727639034e-05
105694,11.921032017200282,0.5551974214343272,560,681,1241,0.0,-0.0008333472224535399,0.5558420628525426,-8.058017727639034e-05
105695,11.920198669977829,0.5551974214343272,560,681,1241,0.0,-0.0008333472224535399,0.5557614826752661,-8.058017727639034e-05
105696,11.919365322755375,0.5560032232070911,560,681,1241,0.0008058017727639033,-0.0008333472224535399,0.5557614826752661,0.0
105697,11.918531975532922,0.556809024979855,560,681,1241,0.0008058017727639033,-0.0008333472224535399,0.5558420628525426,8.058017727639034e-05
105698,11.917698628310468,0.556809024979855,560,681,1241,0.0,-0.0008333472224535399,0.5559226430298189,8.058017727639034e-05
105699,11.916865281088015,0.5576148267526189,560,681,1241,0.0008058017727639033,-0.0008333472224535399,0.5560838033843718,0.00016116035455278067
105700,11.916031933865561,0.5576148267526189,560,681,1241,0.0,-0.0008333472224535399,0.5562449637389246,0.00016116035455278067
105701,11.915198586643108,0.5576148267526189,560,681,1241,0.0,-0.0008333472224535399,0.5564061240934774,0.00016116035455278067
105702,11.914365239420654,0.5576148267526189,560,681,1241,0.0,-0.0008333472224535399,0.5565672844480304,0.00016116035455278067
105703,11.9135318921982,0.5576148267526189,560,681,1241,0.0,-0.0008333472224535399,0.5568090249798596,0.00024174053182917098
105704,11.912698544975747,0.5576148267526189,560,681,1241,0.0,-0.0008333472224535399,0.5570507655116888,0.00024174053182917098
105705,11.911865197753293,0.5576148267526189,560,681,1241,0.0,-0.0008333472224535399,0.557292506043518,0.00024174053182917098
105706,11.91103185053084,0.5576148267526189,560,681,1241,0.0,-0.0008333472224535399,0.5574536663980709,0.00016116035455278067
105707,11.910198503308386,0.5576148267526189,560,681,1241,0.0,-0.0008333472224535399,0.5575342465753473,8.058017727639034e-05
105708,11.909365156085933,0.5576148267526189,560,681,1241,0.0,-0.0008333472224535399,0.5576148267526236,8.058017727639034e-05
105709,11.90853180886348,0.5576148267526189,560,681,1241,0.0,-0.0008333472224535399,0.5576148267526235,0.0
105710,11.907698461641026,0.5576148267526189,560,681,1241,0.0,-0.0008333472224535399,0.5576148267526235,0.0
105711,11.906865114418572,0.5576148267526189,560,681,1241,0.0,-0.0008333472224535399,0.5576148267526235,0.0
105712,11.906031767196119,0.5584206285253828,560,681,1241,0.0008058017727639033,-0.0008333472224535399,0.5576954069298999,8.058017727639034e-05
105713,11.905198419973665,0.5584206285253828,560,681,1241,0.0,-0.0008333472224535399,0.5577759871071762,8.058017727639034e-05
105714,11.904365072751212,0.5584206285253828,560,681,1241,0.0,-0.0008333472224535399,0.5578565672844527,8.058017727639034e-05
105715,11.903531725528758,0.5584206285253828,560,681,1241,0.0,-0.0008333472224535399,0.557937147461729,8.058017727639034e-05
105716,11.902698378306305,0.5584206285253828,560,681,1241,0.0,-0.0008333472224535399,0.5580177276390053,8.058017727639034e-05
105717,11.901865031083851,0.5584206285253828,560,681,1241,0.0,-0.0008333472224535399,0.5580983078162817,8.058017727639034e-05
105718,11.901031683861397,0.5584206285253828,560,681,1241,0.0,-0.0008333472224535399,0.558178887993558,8.058017727639034e-05
105719,11.900198336638944,0.5584206285253828,560,681,1241,0.0,-0.0008333472224535399,0.5582594681708344,8.058017727639034e-05
105720,11.89936498941649,0.5584206285253828,560,681,1241,0.0,-0.0008333472224535399,0.5583400483481107,8.058017727639034e-05
105721,11.898531642194037,0.5584206285253828,560,681,1241,0.0,-0.0008333472224535399,0.558420628525387,8.058017727639034e-05
105722,11.897698294971583,0.5584206285253828,560,681,1241,0.0,-0.0008333472224535399,0.558420628525387,0.0
105723,11.89686494774913,0.5584206285253828,560,681,1241,0.0,-0.0008333472224535399,0.558420628525387,0.0
105724,11.896031600526676,0.5584206285253828,560,681,1241,0.0,-0.0008333472224535399,0.558420628525387,0.0
105725,11.895198253304223,0.5584206285253828,560,681,1241,0.0,-0.0008333472224535399,0.558420628525387,0.0
105726,11.894364906081769,0.5584206285253828,560,681,1241,0.0,-0.0008333472224535399,0.558420628525387,0.0
105727,11.893531558859316,0.5584206285253828,560,681,1241,0.0,-0.0008333472224535399,0.558420628525387,0.0
105728,11.892698211636862,0.5584206285253828,560,681,1241,0.0,-0.0008333472224535399,0.558420628525387,0.0
105729,11.891864864414408,0.5584206285253828,560,681,1241,0.0,-0.0008333472224535399,0.558420628525387,0.0
105730,11.891031517191955,0.5584206285253828,560,681,1241,0.0,-0.0008333472224535399,0.558420628525387,0.0
105731,11.890198169969501,0.5576148267526189,560,681,1241,-0.0008058017727639033,-0.0008333472224535399,0.5583400483481107,-8.058017727639034e-05
105732,11.88936482274704,0.5576148267526189,560,681,1241,0.0,-0.0008333472224606453,0.5582594681708344,-8.058017727639034e-05
105733,11.888531475524587,0.5576148267526189,560,681,1241,0.0,-0.0008333472224535399,0.558178887993558,-8.058017727639034e-05
105734,11.887698128302134,0.5576148267526189,560,681,1241,0.0,-0.0008333472224535399,0.5580983078162817,-8.058017727639034e-05
105735,11.88686478107968,0.5576148267526189,560,681,1241,0.0,-0.0008333472224535399,0.5580177276390053,-8.058017727639034e-05
105736,11.886031433857227,0.5576148267526189,560,681,1241,0.0,-0.0008333472224535399,0.557937147461729,-8.058017727639034e-05
105737,11.885198086634773,0.5576148267526189,560,681,1241,0.0,-0.0008333472224535399,0.5578565672844527,-8.058017727639034e-05
105738,11.88436473941232,0.5576148267526189,560,681,1241,0.0,-0.0008333472224535399,0.5577759871071762,-8.058017727639034e-05
105739,11.883531392189866,0.5576148267526189,560,681,1241,0.0,-0.0008333472224535399,0.5576954069298999,-8.058017727639034e-05
105740,11.882698044967412,0.5576148267526189,560,681,1241,0.0,-0.0008333472224535399,0.5576148267526235,-8.058017727639034e-05
105741,11.881864697744959,0.5576148267526189,560,681,1241,0.0,-0.0008333472224535399,0.5576148267526235,0.0
105742,11.881031350522505,0.5576148267526189,560,681,1241,0.0,-0.0008333472224535399,0.5576148267526235,0.0
105743,11.880198003300052,0.556809024979855,560,681,1241,-0.0008058017727639033,-0.0008333472224535399,0.5575342465753472,-8.058017727639034e-05
105744,11.879364656077598,0.556809024979855,560,681,1241,0.0,-0.0008333472224535399,0.5574536663980709,-8.058017727639034e-05
105745,11.878531308855145,0.556809024979855,560,681,1241,0.0,-0.0008333472224535399,0.5573730862207945,-8.058017727639034e-05
105746,11.877697961632691,0.556809024979855,560,681,1241,0.0,-0.0008333472224535399,0.5572925060435182,-8.058017727639034e-05
105747,11.876864614410238,0.5576148267526189,560,681,1241,0.0008058017727639033,-0.0008333472224535399,0.5572925060435182,0.0
105748,11.876031267187784,0.5576148267526189,560,681,1241,0.0,-0.0008333472224535399,0.5572925060435182,0.0
105749,11.87519791996533,0.5576148267526189,560,681,1241,0.0,-0.0008333472224535399,0.5572925060435182,0.0
105750,11.874364572742877,0.556809024979855,560,681,1241,-0.0008058017727639033,-0.0008333472224535399,0.5572119258662418,-8.058017727639034e-05
105751,11.873531225520424,0.556809024979855,560,681,1241,0.0,-0.0008333472224535399,0.5571313456889655,-8.058017727639034e-05
105752,11.87269787829797,0.556809024979855,560,681,1241,0.0,-0.0008333472224535399,0.5570507655116892,-8.058017727639034e-05
105753,11.871864531075516,0.556809024979855,560,681,1241,0.0,-0.0008333472224535399,0.5570507655116892,0.0
105754,11.871031183853063,0.556809024979855,560,681,1241,0.0,-0.0008333472224535399,0.5570507655116892,0.0
105755,11.87019783663061,0.556809024979855,560,681,1241,0.0,-0.0008333472224535399,0.5570507655116892,0.0
105756,11.869364489408156,0.5576148267526189,560,681,1241,0.0008058017727639033,-0.0008333472224535399,0.5571313456889656,8.058017727639034e-05
105757,11.868531142185702,0.5576148267526189,560,681,1241,0.0,-0.0008333472224535399,0.5571313456889655,0.0
105758,11.867697794963249,0.5576148267526189,560,681,1241,0.0,-0.0008333472224535399,0.5571313456889655,0.0
105759,11.866864447740795,0.5576148267526189,560,681,1241,0.0,-0.0008333472224535399,0.5571313456889655,0.0
105760,11.866031100518342,0.5576148267526189,560,681,1241,0.0,-0.0008333472224535399,0.5572119258662419,8.058017727639034e-05
105761,11.865197753295888,0.5576148267526189,560,681,1241,0.0,-0.0008333472224535399,0.5572925060435183,8.058017727639034e-05
105762,11.864364406073435,0.5576148267526189,560,681,1241,0.0,-0.0008333472224535399,0.5573730862207946,8.058017727639034e-05
105763,11.863531058850981,0.556809024979855,560,681,1241,-0.0008058017727639033,-0.0008333472224535399,0.5573730862207946,0.0
105764,11.862697711628527,0.556809024979855,560,681,1241,0.0,-0.0008333472224535399,0.5573730862207946,0.0
105765,11.861864364406074,0.5576148267526189,560,681,1241,0.0008058017727639033,-0.0008333472224535399,0.5574536663980709,8.058017727639034e-05
105766,11.86103101718362,0.5576148267526189,560,681,1241,0.0,-0.0008333472224535399,0.5574536663980709,0.0
105767,11.860197669961167,0.5576148267526189,560,681,1241,0.0,-0.0008333472224535399,0.5574536663980709,0.0
105768,11.859364322738713,0.5576148267526189,560,681,1241,0.0,-0.0008333472224535399,0.5574536663980709,0.0
105769,11.85853097551626,0.556809024979855,560,681,1241,-0.0008058017727639033,-0.0008333472224535399,0.5573730862207945,-8.058017727639034e-05
105770,11.857697628293806,0.556809024979855,560,681,1241,0.0,-0.0008333472224535399,0.5572925060435182,-8.058017727639034e-05
105771,11.856864281071353,0.556809024979855,560,681,1241,0.0,-0.0008333472224535399,0.5572119258662418,-8.058017727639034e-05
105772,11.8560309338489,0.556809024979855,560,681,1241,0.0,-0.0008333472224535399,0.5571313456889655,-8.058017727639034e-05
105773,11.855197586626446,0.556809024979855,560,681,1241,0.0,-0.0008333472224535399,0.5571313456889655,0.0
105774,11.854364239403985,0.556809024979855,560,681,1241,0.0,-0.0008333472224606453,0.5571313456889655,0.0
105775,11.853530892181531,0.556809024979855,560,681,1241,0.0,-0.0008333472224535399,0.5570507655116892,-8.058017727639034e-05
105776,11.852697544959078,0.556809024979855,560,681,1241,0.0,-0.0008333472224535399,0.5569701853344128,-8.058017727639034e-05
105777,11.851864197736624,0.5560032232070911,560,681,1241,-0.0008058017727639033,-0.0008333472224535399,0.55680902497986,-0.00016116035455278067
105778,11.85103085051417,0.5560032232070911,560,681,1241,0.0,-0.0008333472224535399,0.556647864625307,-0.00016116035455278067
105779,11.850197503291717,0.5560032232070911,560,681,1241,0.0,-0.0008333472224535399,0.5565672844480306,-8.058017727639034e-05
105780,11.849364156069264,0.5560032232070911,560,681,1241,0.0,-0.0008333472224535399,0.5564867042707543,-8.058017727639034e-05
105781,11.84853080884681,0.5551974214343272,560,681,1241,-0.0008058017727639033,-0.0008333472224535399,0.5563255439162015,-0.00016116035455278067
105782,11.847697461624357,0.5551974214343272,560,681,1241,0.0,-0.0008333472224535399,0.5561643835616488,-0.00016116035455278067
105783,11.846864114401903,0.5551974214343272,560,681,1241,0.0,-0.0008333472224535399,0.5560032232070959,-0.00016116035455278067
105784,11.84603076717945,0.5560032232070911,560,681,1241,0.0008058017727639033,-0.0008333472224535399,0.5559226430298195,-8.058017727639034e-05
105785,11.845197419956996,0.5560032232070911,560,681,1241,0.0,-0.0008333472224535399,0.5558420628525431,-8.058017727639034e-05
105786,11.844364072734543,0.5560032232070911,560,681,1241,0.0,-0.0008333472224535399,0.5557614826752668,-8.058017727639034e-05
105787,11.843530725512089,0.5560032232070911,560,681,1241,0.0,-0.0008333472224535399,0.5557614826752669,0.0
105788,11.842697378289635,0.5560032232070911,560,681,1241,0.0,-0.0008333472224535399,0.5557614826752669,0.0
105789,11.841864031067182,0.5560032232070911,560,681,1241,0.0,-0.0008333472224535399,0.5557614826752669,0.0
105790,11.841030683844728,0.5560032232070911,560,681,1241,0.0,-0.0008333472224535399,0.5557614826752669,0.0
105791,11.840197336622275,0.556809024979855,560,681,1241,0.0008058017727639033,-0.0008333472224535399,0.5559226430298196,0.00016116035455278067
105792,11.839363989399821,0.556809024979855,560,681,1241,0.0,-0.0008333472224535399,0.5560838033843725,0.00016116035455278067
105793,11.838530642177368,0.556809024979855,560,681,1241,0.0,-0.0008333472224535399,0.5562449637389253,0.00016116035455278067
105794,11.837697294954914,0.556809024979855,560,681,1241,0.0,-0.0008333472224535399,0.5563255439162017,8.058017727639034e-05
105795,11.83686394773246,0.556809024979855,560,681,1241,0.0,-0.0008333472224535399,0.556406124093478,8.058017727639034e-05
105796,11.836030600510007,0.556809024979855,560,681,1241,0.0,-0.0008333472224535399,0.5564867042707544,8.058017727639034e-05
105797,11.835197253287554,0.556809024979855,560,681,1241,0.0,-0.0008333472224535399,0.5565672844480307,8.058017727639034e-05
105798,11.8343639060651,0.556809024979855,560,681,1241,0.0,-0.0008333472224535399,0.556647864625307,8.058017727639034e-05
105799,11.833530558842646,0.556809024979855,560,681,1241,0.0,-0.0008333472224535399,0.5567284448025834,8.058017727639034e-05
105800,11.832697211620193,0.556809024979855,560,681,1241,0.0,-0.0008333472224535399,0.5568090249798597,8.058017727639034e-05
105801,11.83186386439774,0.556809024979855,560,681,1241,0.0,-0.0008333472224535399,0.5568090249798597,0.0
105802,11.831030517175286,0.556809024979855,560,681,1241,0.0,-0.0008333472224535399,0.5568090249798597,0.0
105803,11.830197169952832,0.556809024979855,560,681,1241,0.0,-0.0008333472224535399,0.5568090249798597,0.0
105804,11.829363822730379,0.556809024979855,560,681,1241,0.0,-0.0008333472224535399,0.5568090249798597,0.0
105805,11.828530475507925,0.556809024979855,560,681,1241,0.0,-0.0008333472224535399,0.5568090249798597,0.0
105806,11.827697128285472,0.556809024979855,560,681,1241,0.0,-0.0008333472224535399,0.5568090249798597,0.0
105807,11.826863781063018,0.556809024979855,560,681,1241,0.0,-0.0008333472224535399,0.5568090249798597,0.0
105808,11.826030433840565,0.556809024979855,560,681,1241,0.0,-0.0008333472224535399,0.5568090249798597,0.0
105809,11.825197086618111,0.556809024979855,560,681,1241,0.0,-0.0008333472224535399,0.5568090249798597,0.0
105810,11.824363739395658,0.556809024979855,560,681,1241,0.0,-0.0008333472224535399,0.5568090249798597,0.0
105811,11.823530392173204,0.556809024979855,560,681,1241,0.0,-0.0008333472224535399,0.5568090249798597,0.0
105812,11.82269704495075,0.556809024979855,560,681,1241,0.0,-0.0008333472224535399,0.5568090249798597,0.0
105813,11.821863697728297,0.556809024979855,560,681,1241,0.0,-0.0008333472224535399,0.5568090249798597,0.0
105814,11.821030350505843,0.556809024979855,560,681,1241,0.0,-0.0008333472224535399,0.5568090249798597,0.0
105815,11.82019700328339,0.556809024979855,560,681,1241,0.0,-0.0008333472224535399,0.5568090249798597,0.0
105816,11.81936365606093,0.556809024979855,560,681,1241,0.0,-0.0008333472224606453,0.5568090249798597,0.0
105817,11.818530308838476,0.556809024979855,560,681,1241,0.0,-0.0008333472224535399,0.5568090249798597,0.0
105818,11.817696961616022,0.556809024979855,560,681,1241,0.0,-0.0008333472224535399,0.5568090249798597,0.0
105819,11.816863614393569,0.556809024979855,560,681,1241,0.0,-0.0008333472224535399,0.5568090249798597,0.0
105820,11.816030267171115,0.556809024979855,560,681,1241,0.0,-0.0008333472224535399,0.5568090249798597,0.0
105821,11.815196919948662,0.556809024979855,560,681,1241,0.0,-0.0008333472224535399,0.5568090249798597,0.0
105822,11.814363572726208,0.556809024979855,560,681,1241,0.0,-0.0008333472224535399,0.5568090249798597,0.0
105823,11.813530225503754,0.556809024979855,560,681,1241,0.0,-0.0008333472224535399,0.5568090249798597,0.0
105824,11.8126968782813,0.556809024979855,560,681,1241,0.0,-0.0008333472224535399,0.5568090249798597,0.0
105825,11.811863531058847,0.556809024979855,560,681,1241,0.0,-0.0008333472224535399,0.5568090249798597,0.0
105826,11.811030183836394,0.556809024979855,560,681,1241,0.0,-0.0008333472224535399,0.5568090249798597,0.0
105827,11.81019683661394,0.556809024979855,560,681,1241,0.0,-0.0008333472224535399,0.5568090249798597,0.0
105828,11.809363489391487,0.5560032232070911,560,681,1241,-0.0008058017727639033,-0.0008333472224535399,0.5567284448025833,-8.058017727639034e-05
105829,11.808530142169033,0.5560032232070911,560,681,1241,0.0,-0.0008333472224535399,0.556647864625307,-8.058017727639034e-05
105830,11.80769679494658,0.5560032232070911,560,681,1241,0.0,-0.0008333472224535399,0.5565672844480306,-8.058017727639034e-05
105831,11.806863447724126,0.5560032232070911,560,681,1241,0.0,-0.0008333472224535399,0.5564867042707543,-8.058017727639034e-05
105832,11.806030100501673,0.5560032232070911,560,681,1241,0.0,-0.0008333472224535399,0.5564061240934779,-8.058017727639034e-05
105833,11.805196753279219,0.5560032232070911,560,681,1241,0.0,-0.0008333472224535399,0.5563255439162016,-8.058017727639034e-05
105834,11.804363406056765,0.5560032232070911,560,681,1241,0.0,-0.0008333472224535399,0.5562449637389253,-8.058017727639034e-05
105835,11.803530058834312,0.5560032232070911,560,681,1241,0.0,-0.0008333472224535399,0.5561643835616489,-8.058017727639034e-05
105836,11.802696711611858,0.556809024979855,560,681,1241,0.0008058017727639033,-0.0008333472224535399,0.5561643835616489,0.0
105837,11.801863364389405,0.556809024979855,560,681,1241,0.0,-0.0008333472224535399,0.5561643835616489,0.0
105838,11.801030017166951,0.556809024979855,560,681,1241,0.0,-0.0008333472224535399,0.5562449637389253,8.058017727639034e-05
105839,11.800196669944498,0.556809024979855,560,681,1241,0.0,-0.0008333472224535399,0.5563255439162017,8.058017727639034e-05
105840,11.799363322722044,0.556809024979855,560,681,1241,0.0,-0.0008333472224535399,0.556406124093478,8.058017727639034e-05
105841,11.79852997549959,0.556809024979855,560,681,1241,0.0,-0.0008333472224535399,0.5564867042707544,8.058017727639034e-05
105842,11.797696628277137,0.556809024979855,560,681,1241,0.0,-0.0008333472224535399,0.5565672844480307,8.058017727639034e-05
105843,11.796863281054684,0.556809024979855,560,681,1241,0.0,-0.0008333472224535399,0.556647864625307,8.058017727639034e-05
105844,11.79602993383223,0.556809024979855,560,681,1241,0.0,-0.0008333472224535399,0.5567284448025834,8.058017727639034e-05
105845,11.795196586609777,0.556809024979855,560,681,1241,0.0,-0.0008333472224535399,0.5568090249798597,8.058017727639034e-05
105846,11.794363239387323,0.556809024979855,560,681,1241,0.0,-0.0008333472224535399,0.5568090249798597,0.0
105847,11.79352989216487,0.556809024979855,560,681,1241,0.0,-0.0008333472224535399,0.5568090249798597,0.0
105848,11.792696544942416,0.556809024979855,560,681,1241,0.0,-0.0008333472224535399,0.5568090249798597,0.0
105849,11.791863197719962,0.556809024979855,560,681,1241,0.0,-0.0008333472224535399,0.5568090249798597,0.0
105850,11.791029850497509,0.556809024979855,560,681,1241,0.0,-0.0008333472224535399,0.5568090249798597,0.0
105851,11.790196503275055,0.556809024979855,560,681,1241,0.0,-0.0008333472224535399,0.5568090249798597,0.0
105852,11.789363156052602,0.5560032232070911,560,681,1241,-0.0008058017727639033,-0.0008333472224535399,0.5567284448025833,-8.058017727639034e-05
105853,11.788529808830148,0.5560032232070911,560,681,1241,0.0,-0.0008333472224535399,0.556647864625307,-8.058017727639034e-05
105854,11.787696461607695,0.5560032232070911,560,681,1241,0.0,-0.0008333472224535399,0.5565672844480306,-8.058017727639034e-05
105855,11.786863114385241,0.5560032232070911,560,681,1241,0.0,-0.0008333472224535399,0.5564867042707543,-8.058017727639034e-05
105856,11.786029767162788,0.5560032232070911,560,681,1241,0.0,-0.0008333472224535399,0.5564061240934779,-8.058017727639034e-05
105857,11.785196419940334,0.5560032232070911,560,681,1241,0.0,-0.0008333472224535399,0.5563255439162016,-8.058017727639034e-05
105858,11.78436307271788,0.5560032232070911,560,681,1241,0.0,-0.0008333472224535399,0.5562449637389253,-8.058017727639034e-05
105859,11.78352972549542,0.5560032232070911,560,681,1241,0.0,-0.0008333472224606453,0.5561643835616489,-8.058017727639034e-05
105860,11.782696378272966,0.5560032232070911,560,681,1241,0.0,-0.0008333472224535399,0.5560838033843726,-8.058017727639034e-05
105861,11.781863031050513,0.5560032232070911,560,681,1241,0.0,-0.0008333472224535399,0.5560032232070962,-8.058017727639034e-05
105862,11.78102968382806,0.5560032232070911,560,681,1241,0.0,-0.0008333472224535399,0.5560032232070963,0.0
105863,11.780196336605606,0.5560032232070911,560,681,1241,0.0,-0.0008333472224535399,0.5560032232070963,0.0
105864,11.779362989383152,0.5560032232070911,560,681,1241,0.0,-0.0008333472224535399,0.5560032232070963,0.0
105865,11.778529642160699,0.5560032232070911,560,681,1241,0.0,-0.0008333472224535399,0.5560032232070963,0.0
105866,11.777696294938245,0.5560032232070911,560,681,1241,0.0,-0.0008333472224535399,0.5560032232070963,0.0
105867,11.776862947715792,0.5560032232070911,560,681,1241,0.0,-0.0008333472224535399,0.5560032232070963,0.0
105868,11.776029600493338,0.5560032232070911,560,681,1241,0.0,-0.0008333472224535399,0.5560032232070963,0.0
105869,11.775196253270884,0.5560032232070911,560,681,1241,0.0,-0.0008333472224535399,0.5560032232070963,0.0
105870,11.774362906048431,0.5560032232070911,560,681,1241,0.0,-0.0008333472224535399,0.5560032232070963,0.0
105871,11.773529558825977,0.5560032232070911,560,681,1241,0.0,-0.0008333472224535399,0.5560032232070963,0.0
105872,11.772696211603524,0.5560032232070911,560,681,1241,0.0,-0.0008333472224535399,0.5560032232070963,0.0
105873,11.77186286438107,0.5560032232070911,560,681,1241,0.0,-0.0008333472224535399,0.5560032232070963,0.0
105874,11.771029517158617,0.5560032232070911,560,681,1241,0.0,-0.0008333472224535399,0.5560032232070963,0.0
105875,11.770196169936163,0.5560032232070911,560,681,1241,0.0,-0.0008333472224535399,0.5560032232070963,0.0
105876,11.76936282271371,0.5560032232070911,560,681,1241,0.0,-0.0008333472224535399,0.5560032232070963,0.0
105877,11.768529475491256,0.5560032232070911,560,681,1241,0.0,-0.0008333472224535399,0.5560032232070963,0.0
105878,11.767696128268803,0.5560032232070911,560,681,1241,0.0,-0.0008333472224535399,0.5560032232070963,0.0
105879,11.766862781046349,0.5560032232070911,560,681,1241,0.0,-0.0008333472224535399,0.5560032232070963,0.0
105880,11.766029433823896,0.5560032232070911,560,681,1241,0.0,-0.0008333472224535399,0.5560032232070963,0.0
105881,11.765196086601442,0.5560032232070911,560,681,1241,0.0,-0.0008333472224535399,0.5560032232070963,0.0
105882,11.764362739378988,0.5560032232070911,560,681,1241,0.0,-0.0008333472224535399,0.5560032232070963,0.0
105883,11.763529392156535,0.5560032232070911,560,681,1241,0.0,-0.0008333472224535399,0.5560032232070963,0.0
105884,11.762696044934081,0.5560032232070911,560,681,1241,0.0,-0.0008333472224535399,0.5560032232070963,0.0
105885,11.761862697711628,0.5560032232070911,560,681,1241,0.0,-0.0008333472224535399,0.5560032232070963,0.0
105886,11.761029350489174,0.5560032232070911,560,681,1241,0.0,-0.0008333472224535399,0.5560032232070963,0.0
105887,11.76019600326672,0.5551974214343272,560,681,1241,-0.0008058017727639033,-0.0008333472224535399,0.55592264302982,-8.058017727639034e-05
105888,11.759362656044267,0.5551974214343272,560,681,1241,0.0,-0.0008333472224535399,0.5558420628525436,-8.058017727639034e-05
105889,11.758529308821814,0.5543916196615633,560,681,1241,-0.0008058017727639033,-0.0008333472224535399,0.555680902497991,-0.00016116035455278067
105890,11.75769596159936,0.5543916196615633,560,681,1241,0.0,-0.0008333472224535399,0.5555197421434382,-0.00016116035455278067
105891,11.756862614376907,0.5543916196615633,560,681,1241,0.0,-0.0008333472224535399,0.5553585817888855,-0.00016116035455278067
105892,11.756029267154453,0.5543916196615633,560,681,1241,0.0,-0.0008333472224535399,0.5551974214343328,-0.00016116035455278067
105893,11.755195919932,0.5543916196615633,560,681,1241,0.0,-0.0008333472224535399,0.5550362610797801,-0.00016116035455278067
105894,11.754362572709546,0.5543916196615633,560,681,1241,0.0,-0.0008333472224535399,0.5548751007252275,-0.00016116035455278067
105895,11.753529225487092,0.5543916196615633,560,681,1241,0.0,-0.0008333472224535399,0.5547139403706748,-0.00016116035455278067
105896,11.752695878264639,0.5543916196615633,560,681,1241,0.0,-0.0008333472224535399,0.5545527800161221,-0.00016116035455278067
105897,11.751862531042185,0.5543916196615633,560,681,1241,0.0,-0.0008333472224535399,0.5544721998388458,-8.058017727639034e-05
105898,11.751029183819732,0.5543916196615633,560,681,1241,0.0,-0.0008333472224535399,0.5543916196615694,-8.058017727639034e-05
105899,11.750195836597278,0.5543916196615633,560,681,1241,0.0,-0.0008333472224535399,0.5543916196615694,0.0
105900,11.749362489374825,0.5543916196615633,560,681,1241,0.0,-0.0008333472224535399,0.5543916196615694,0.0
105901,11.748529142152364,0.5543916196615633,560,681,1241,0.0,-0.0008333472224606453,0.5543916196615694,0.0
105902,11.74769579492991,0.5543916196615633,560,681,1241,0.0,-0.0008333472224535399,0.5543916196615694,0.0
105903,11.746862447707457,0.5543916196615633,560,681,1241,0.0,-0.0008333472224535399,0.5543916196615694,0.0
105904,11.746029100485003,0.5543916196615633,560,681,1241,0.0,-0.0008333472224535399,0.5543916196615694,0.0
105905,11.74519575326255,0.5543916196615633,560,681,1241,0.0,-0.0008333472224535399,0.5543916196615694,0.0
105906,11.744362406040096,0.5543916196615633,560,681,1241,0.0,-0.0008333472224535399,0.5543916196615694,0.0
105907,11.743529058817643,0.5543916196615633,560,681,1241,0.0,-0.0008333472224535399,0.5543916196615694,0.0
105908,11.74269571159519,0.5543916196615633,560,681,1241,0.0,-0.0008333472224535399,0.5543916196615694,0.0
105909,11.741862364372736,0.5543916196615633,560,681,1241,0.0,-0.0008333472224535399,0.5543916196615694,0.0
105910,11.741029017150282,0.5543916196615633,560,681,1241,0.0,-0.0008333472224535399,0.5543916196615694,0.0
105911,11.740195669927829,0.5543916196615633,560,681,1241,0.0,-0.0008333472224535399,0.5543916196615694,0.0
105912,11.739362322705375,0.5543916196615633,560,681,1241,0.0,-0.0008333472224535399,0.5543916196615694,0.0
105913,11.738528975482922,0.5543916196615633,560,681,1241,0.0,-0.0008333472224535399,0.5543916196615694,0.0
105914,11.737695628260468,0.5535858178887993,560,681,1241,-0.0008058017727639033,-0.0008333472224535399,0.554311039484293,-8.058017727639034e-05
105915,11.736862281038015,0.5535858178887993,560,681,1241,0.0,-0.0008333472224535399,0.5542304593070166,-8.058017727639034e-05
105916,11.736028933815561,0.5535858178887993,560,681,1241,0.0,-0.0008333472224535399,0.5541498791297403,-8.058017727639034e-05
105917,11.735195586593107,0.5535858178887993,560,681,1241,0.0,-0.0008333472224535399,0.554069298952464,-8.058017727639034e-05
105918,11.734362239370654,0.5535858178887993,560,681,1241,0.0,-0.0008333472224535399,0.5539887187751876,-8.058017727639034e-05
105919,11.7335288921482,0.5535858178887993,560,681,1241,0.0,-0.0008333472224535399,0.5539081385979113,-8.058017727639034e-05
105920,11.732695544925747,0.5535858178887993,560,681,1241,0.0,-0.0008333472224535399,0.5538275584206349,-8.058017727639034e-05
105921,11.731862197703293,0.5535858178887993,560,681,1241,0.0,-0.0008333472224535399,0.5537469782433586,-8.058017727639034e-05
105922,11.73102885048084,0.5535858178887993,560,681,1241,0.0,-0.0008333472224535399,0.5536663980660823,-8.058017727639034e-05
105923,11.730195503258386,0.5535858178887993,560,681,1241,0.0,-0.0008333472224535399,0.5535858178888059,-8.058017727639034e-05
105924,11.729362156035933,0.5527800161160354,560,681,1241,-0.0008058017727639033,-0.0008333472224535399,0.5535052377115295,-8.058017727639034e-05
105925,11.72852880881348,0.5527800161160354,560,681,1241,0.0,-0.0008333472224535399,0.5534246575342532,-8.058017727639034e-05
105926,11.727695461591026,0.5527800161160354,560,681,1241,0.0,-0.0008333472224535399,0.5533440773569768,-8.058017727639034e-05
105927,11.726862114368572,0.5535858178887993,560,681,1241,0.0008058017727639033,-0.0008333472224535399,0.5533440773569768,0.0
105928,11.726028767146119,0.5535858178887993,560,681,1241,0.0,-0.0008333472224535399,0.5533440773569768,0.0
105929,11.725195419923665,0.5535858178887993,560,681,1241,0.0,-0.0008333472224535399,0.5533440773569768,0.0
105930,11.724362072701211,0.5535858178887993,560,681,1241,0.0,-0.0008333472224535399,0.5533440773569768,0.0
105931,11.723528725478758,0.5535858178887993,560,681,1241,0.0,-0.0008333472224535399,0.5533440773569768,0.0
105932,11.722695378256304,0.5535858178887993,560,681,1241,0.0,-0.0008333472224535399,0.5533440773569768,0.0
105933,11.72186203103385,0.5535858178887993,560,681,1241,0.0,-0.0008333472224535399,0.5533440773569768,0.0
105934,11.721028683811397,0.5535858178887993,560,681,1241,0.0,-0.0008333472224535399,0.5534246575342532,8.058017727639034e-05
105935,11.720195336588944,0.5535858178887993,560,681,1241,0.0,-0.0008333472224535399,0.5535052377115296,8.058017727639034e-05
105936,11.71936198936649,0.5535858178887993,560,681,1241,0.0,-0.0008333472224535399,0.5535858178888059,8.058017727639034e-05
105937,11.718528642144037,0.5535858178887993,560,681,1241,0.0,-0.0008333472224535399,0.5535858178888059,0.0
105938,11.717695294921583,0.5543916196615633,560,681,1241,0.0008058017727639033,-0.0008333472224535399,0.5536663980660823,8.058017727639034e-05
105939,11.71686194769913,0.5543916196615633,560,681,1241,0.0,-0.0008333472224535399,0.5537469782433587,8.058017727639034e-05
105940,11.716028600476676,0.5543916196615633,560,681,1241,0.0,-0.0008333472224535399,0.553827558420635,8.058017727639034e-05
105941,11.715195253254223,0.5543916196615633,560,681,1241,0.0,-0.0008333472224535399,0.5539081385979114,8.058017727639034e-05
105942,11.714361906031769,0.5543916196615633,560,681,1241,0.0,-0.0008333472224535399,0.5539887187751877,8.058017727639034e-05
105943,11.713528558809308,0.5535858178887993,560,681,1241,-0.0008058017727639033,-0.0008333472224606453,0.5539887187751877,0.0
105944,11.712695211586855,0.5535858178887993,560,681,1241,0.0,-0.0008333472224535399,0.5539887187751877,0.0
105945,11.711861864364401,0.5535858178887993,560,681,1241,0.0,-0.0008333472224535399,0.5539887187751877,0.0
105946,11.711028517141948,0.5535858178887993,560,681,1241,0.0,-0.0008333472224535399,0.5539887187751877,0.0
105947,11.710195169919494,0.5535858178887993,560,681,1241,0.0,-0.0008333472224535399,0.5539887187751877,0.0
105948,11.70936182269704,0.5535858178887993,560,681,1241,0.0,-0.0008333472224535399,0.5539081385979113,-8.058017727639034e-05
105949,11.708528475474587,0.5535858178887993,560,681,1241,0.0,-0.0008333472224535399,0.5538275584206349,-8.058017727639034e-05
105950,11.707695128252134,0.5535858178887993,560,681,1241,0.0,-0.0008333472224535399,0.5537469782433586,-8.058017727639034e-05
105951,11.70686178102968,0.5535858178887993,560,681,1241,0.0,-0.0008333472224535399,0.5536663980660823,-8.058017727639034e-05
105952,11.706028433807226,0.5535858178887993,560,681,1241,0.0,-0.0008333472224535399,0.5535858178888059,-8.058017727639034e-05
105953,11.705195086584773,0.5535858178887993,560,681,1241,0.0,-0.0008333472224535399,0.5535858178888059,0.0
105954,11.70436173936232,0.5535858178887993,560,681,1241,0.0,-0.0008333472224535399,0.5535858178888059,0.0
105955,11.703528392139866,0.5543916196615633,560,681,1241,0.0008058017727639033,-0.0008333472224535399,0.5536663980660823,8.058017727639034e-05
105956,11.702695044917412,0.5551974214343272,560,681,1241,0.0008058017727639033,-0.0008333472224535399,0.5538275584206351,0.00016116035455278067
105957,11.701861697694959,0.5551974214343272,560,681,1241,0.0,-0.0008333472224535399,0.553988718775188,0.00016116035455278067
105958,11.701028350472505,0.5551974214343272,560,681,1241,0.0,-0.0008333472224535399,0.5541498791297407,0.00016116035455278067
105959,11.700195003250052,0.5551974214343272,560,681,1241,0.0,-0.0008333472224535399,0.5543110394842935,0.00016116035455278067
105960,11.699361656027598,0.5551974214343272,560,681,1241,0.0,-0.0008333472224535399,0.5544721998388462,0.00016116035455278067
105961,11.698528308805145,0.5551974214343272,560,681,1241,0.0,-0.0008333472224535399,0.554633360193399,0.00016116035455278067
105962,11.697694961582691,0.5543916196615633,560,681,1241,-0.0008058017727639033,-0.0008333472224535399,0.5547139403706753,8.058017727639034e-05
105963,11.696861614360238,0.5535858178887993,560,681,1241,-0.0008058017727639033,-0.0008333472224535399,0.5547139403706753,0.0
105964,11.696028267137784,0.5535858178887993,560,681,1241,0.0,-0.0008333472224535399,0.5547139403706753,0.0
105965,11.69519491991533,0.5535858178887993,560,681,1241,0.0,-0.0008333472224535399,0.5546333601933989,-8.058017727639034e-05
105966,11.694361572692877,0.5535858178887993,560,681,1241,0.0,-0.0008333472224535399,0.5544721998388462,-0.00016116035455278067
105967,11.693528225470423,0.5535858178887993,560,681,1241,0.0,-0.0008333472224535399,0.5543110394842934,-0.00016116035455278067
105968,11.69269487824797,0.5535858178887993,560,681,1241,0.0,-0.0008333472224535399,0.5541498791297406,-0.00016116035455278067
105969,11.691861531025516,0.5535858178887993,560,681,1241,0.0,-0.0008333472224535399,0.5539887187751878,-0.00016116035455278067
105970,11.691028183803063,0.5535858178887993,560,681,1241,0.0,-0.0008333472224535399,0.553827558420635,-0.00016116035455278067
105971,11.69019483658061,0.5535858178887993,560,681,1241,0.0,-0.0008333472224535399,0.5536663980660823,-0.00016116035455278067
105972,11.689361489358156,0.5535858178887993,560,681,1241,0.0,-0.0008333472224535399,0.5535858178888059,-8.058017727639034e-05
105973,11.688528142135702,0.5535858178887993,560,681,1241,0.0,-0.0008333472224535399,0.5535858178888059,0.0
105974,11.687694794913249,0.5535858178887993,560,681,1241,0.0,-0.0008333472224535399,0.5535858178888059,0.0
105975,11.686861447690795,0.5535858178887993,560,681,1241,0.0,-0.0008333472224535399,0.5535858178888059,0.0
105976,11.686028100468342,0.5535858178887993,560,681,1241,0.0,-0.0008333472224535399,0.5535858178888059,0.0
105977,11.685194753245888,0.5535858178887993,560,681,1241,0.0,-0.0008333472224535399,0.5535858178888059,0.0
105978,11.684361406023434,0.5535858178887993,560,681,1241,0.0,-0.0008333472224535399,0.5535858178888059,0.0
105979,11.68352805880098,0.5543916196615633,560,681,1241,0.0008058017727639033,-0.0008333472224535399,0.5536663980660823,8.058017727639034e-05
105980,11.682694711578527,0.5551974214343272,560,681,1241,0.0008058017727639033,-0.0008333472224535399,0.5538275584206351,0.00016116035455278067
105981,11.681861364356074,0.5551974214343272,560,681,1241,0.0,-0.0008333472224535399,0.553988718775188,0.00016116035455278067
105982,11.68102801713362,0.5551974214343272,560,681,1241,0.0,-0.0008333472224535399,0.5541498791297407,0.00016116035455278067
105983,11.680194669911167,0.5551974214343272,560,681,1241,0.0,-0.0008333472224535399,0.5543110394842935,0.00016116035455278067
105984,11.679361322688713,0.5551974214343272,560,681,1241,0.0,-0.0008333472224535399,0.5544721998388462,0.00016116035455278067
105985,11.67852797546626,0.5551974214343272,560,681,1241,0.0,-0.0008333472224535399,0.554633360193399,0.00016116035455278067
105986,11.677694628243799,0.5551974214343272,560,681,1241,0.0,-0.0008333472224606453,0.5547945205479519,0.00016116035455278067
105987,11.676861281021345,0.5551974214343272,560,681,1241,0.0,-0.0008333472224535399,0.5549556809025046,0.00016116035455278067
105988,11.676027933798892,0.5551974214343272,560,681,1241,0.0,-0.0008333472224535399,0.5551168412570574,0.00016116035455278067
105989,11.675194586576438,0.5551974214343272,560,681,1241,0.0,-0.0008333472224535399,0.5551974214343337,8.058017727639034e-05
105990,11.674361239353985,0.5551974214343272,560,681,1241,0.0,-0.0008333472224535399,0.5551974214343337,0.0
105991,11.673527892131531,0.5551974214343272,560,681,1241,0.0,-0.0008333472224535399,0.5551974214343337,0.0
105992,11.672694544909078,0.5551974214343272,560,681,1241,0.0,-0.0008333472224535399,0.5551974214343337,0.0
105993,11.671861197686624,0.5551974214343272,560,681,1241,0.0,-0.0008333472224535399,0.5551974214343337,0.0
105994,11.67102785046417,0.5551974214343272,560,681,1241,0.0,-0.0008333472224535399,0.5551974214343337,0.0
105995,11.670194503241717,0.5551974214343272,560,681,1241,0.0,-0.0008333472224535399,0.5551974214343337,0.0
105996,11.669361156019264,0.5551974214343272,560,681,1241,0.0,-0.0008333472224535399,0.5551974214343337,0.0
105997,11.66852780879681,0.5551974214343272,560,681,1241,0.0,-0.0008333472224535399,0.5551974214343337,0.0
105998,11.667694461574357,0.5551974214343272,560,681,1241,0.0,-0.0008333472224535399,0.5551974214343337,0.0
105999,11.666861114351903,0.5551974214343272,560,681,1241,0.0,-0.0008333472224535399,0.5551974214343337,0.0
106000,11.66602776712945,0.5551974214343272,560,681,1241,0.0,-0.0008333472224535399,0.5551974214343337,0.0
106001,11.665194419906996,0.5551974214343272,560,681,1241,0.0,-0.0008333472224535399,0.5551974214343337,0.0
106002,11.664361072684542,0.5551974214343272,560,681,1241,0.0,-0.0008333472224535399,0.5551974214343337,0.0
106003,11.663527725462089,0.5551974214343272,560,681,1241,0.0,-0.0008333472224535399,0.5551974214343337,0.0
106004,11.662694378239635,0.5551974214343272,560,681,1241,0.0,-0.0008333472224535399,0.5551974214343337,0.0
106005,11.661861031017182,0.5551974214343272,560,681,1241,0.0,-0.0008333472224535399,0.5551974214343337,0.0
106006,11.661027683794728,0.5551974214343272,560,681,1241,0.0,-0.0008333472224535399,0.5551974214343337,0.0
106007,11.660194336572275,0.5551974214343272,560,681,1241,0.0,-0.0008333472224535399,0.5551974214343337,0.0
106008,11.659360989349821,0.5551974214343272,560,681,1241,0.0,-0.0008333472224535399,0.5551974214343337,0.0
106009,11.658527642127368,0.5551974214343272,560,681,1241,0.0,-0.0008333472224535399,0.5551974214343337,0.0
106010,11.657694294904914,0.5543916196615633,560,681,1241,-0.0008058017727639033,-0.0008333472224535399,0.5551168412570574,-8.058017727639034e-05
106011,11.65686094768246,0.5543916196615633,560,681,1241,0.0,-0.0008333472224535399,0.555036261079781,-8.058017727639034e-05
106012,11.656027600460007,0.5543916196615633,560,681,1241,0.0,-0.0008333472224535399,0.5549556809025047,-8.058017727639034e-05
106013,11.655194253237553,0.5543916196615633,560,681,1241,0.0,-0.0008333472224535399,0.5548751007252284,-8.058017727639034e-05
106014,11.6543609060151,0.5543916196615633,560,681,1241,0.0,-0.0008333472224535399,0.554794520547952,-8.058017727639034e-05
106015,11.653527558792646,0.5543916196615633,560,681,1241,0.0,-0.0008333472224535399,0.5547139403706757,-8.058017727639034e-05
106016,11.652694211570193,0.5543916196615633,560,681,1241,0.0,-0.0008333472224535399,0.5546333601933993,-8.058017727639034e-05
106017,11.65186086434774,0.5543916196615633,560,681,1241,0.0,-0.0008333472224535399,0.554552780016123,-8.058017727639034e-05
106018,11.651027517125286,0.5543916196615633,560,681,1241,0.0,-0.0008333472224535399,0.5544721998388467,-8.058017727639034e-05
106019,11.650194169902832,0.5543916196615633,560,681,1241,0.0,-0.0008333472224535399,0.5543916196615702,-8.058017727639034e-05
106020,11.649360822680379,0.5543916196615633,560,681,1241,0.0,-0.0008333472224535399,0.5543916196615702,0.0
106021,11.648527475457925,0.5551974214343272,560,681,1241,0.0008058017727639033,-0.0008333472224535399,0.5544721998388467,8.058017727639034e-05
106022,11.647694128235472,0.5551974214343272,560,681,1241,0.0,-0.0008333472224535399,0.554552780016123,8.058017727639034e-05
106023,11.646860781013018,0.5551974214343272,560,681,1241,0.0,-0.0008333472224535399,0.5546333601933993,8.058017727639034e-05
106024,11.646027433790564,0.5551974214343272,560,681,1241,0.0,-0.0008333472224535399,0.5547139403706757,8.058017727639034e-05
106025,11.645194086568111,0.5551974214343272,560,681,1241,0.0,-0.0008333472224535399,0.554794520547952,8.058017727639034e-05
106026,11.644360739345657,0.5551974214343272,560,681,1241,0.0,-0.0008333472224535399,0.5548751007252284,8.058017727639034e-05
106027,11.643527392123204,0.5560032232070911,560,681,1241,0.0008058017727639033,-0.0008333472224535399,0.555036261079781,0.00016116035455278067
106028,11.642694044900743,0.5560032232070911,560,681,1241,0.0,-0.0008333472224606453,0.5551974214343337,0.00016116035455278067
106029,11.64186069767829,0.5560032232070911,560,681,1241,0.0,-0.0008333472224535399,0.5553585817888864,0.00016116035455278067
106030,11.641027350455836,0.5560032232070911,560,681,1241,0.0,-0.0008333472224535399,0.5555197421434391,0.00016116035455278067
106031,11.640194003233383,0.5560032232070911,560,681,1241,0.0,-0.0008333472224535399,0.5556003223207154,8.058017727639034e-05
106032,11.639360656010929,0.5560032232070911,560,681,1241,0.0,-0.0008333472224535399,0.5556809024979918,8.058017727639034e-05
106033,11.638527308788476,0.5560032232070911,560,681,1241,0.0,-0.0008333472224535399,0.5557614826752681,8.058017727639034e-05
106034,11.637693961566022,0.5560032232070911,560,681,1241,0.0,-0.0008333472224535399,0.5558420628525444,8.058017727639034e-05
106035,11.636860614343568,0.5560032232070911,560,681,1241,0.0,-0.0008333472224535399,0.5559226430298209,8.058017727639034e-05
106036,11.636027267121115,0.5560032232070911,560,681,1241,0.0,-0.0008333472224535399,0.5560032232070972,8.058017727639034e-05
106037,11.635193919898661,0.5560032232070911,560,681,1241,0.0,-0.0008333472224535399,0.5560032232070972,0.0
106038,11.634360572676208,0.5560032232070911,560,681,1241,0.0,-0.0008333472224535399,0.5560032232070972,0.0
106039,11.633527225453754,0.556809024979855,560,681,1241,0.0008058017727639033,-0.0008333472224535399,0.5560838033843736,8.058017727639034e-05
106040,11.6326938782313,0.556809024979855,560,681,1241,0.0,-0.0008333472224535399,0.5561643835616499,8.058017727639034e-05
106041,11.631860531008847,0.556809024979855,560,681,1241,0.0,-0.0008333472224535399,0.5562449637389262,8.058017727639034e-05
106042,11.631027183786394,0.556809024979855,560,681,1241,0.0,-0.0008333472224535399,0.5563255439162026,8.058017727639034e-05
106043,11.63019383656394,0.556809024979855,560,681,1241,0.0,-0.0008333472224535399,0.5564061240934789,8.058017727639034e-05
106044,11.629360489341487,0.556809024979855,560,681,1241,0.0,-0.0008333472224535399,0.5564867042707553,8.058017727639034e-05
106045,11.628527142119033,0.5576148267526189,560,681,1241,0.0008058017727639033,-0.0008333472224535399,0.5566478646253081,0.00016116035455278067
106046,11.62769379489658,0.5576148267526189,560,681,1241,0.0,-0.0008333472224535399,0.556809024979861,0.00016116035455278067
106047,11.626860447674126,0.5576148267526189,560,681,1241,0.0,-0.0008333472224535399,0.5569701853344139,0.00016116035455278067
106048,11.626027100451672,0.5576148267526189,560,681,1241,0.0,-0.0008333472224535399,0.5571313456889667,0.00016116035455278067
106049,11.625193753229219,0.556809024979855,560,681,1241,-0.0008058017727639033,-0.0008333472224535399,0.5571313456889667,0.0
106050,11.624360406006765,0.556809024979855,560,681,1241,0.0,-0.0008333472224535399,0.5571313456889667,0.0
106051,11.623527058784312,0.556809024979855,560,681,1241,0.0,-0.0008333472224535399,0.5571313456889667,0.0
106052,11.622693711561858,0.556809024979855,560,681,1241,0.0,-0.0008333472224535399,0.5571313456889667,0.0
106053,11.621860364339405,0.556809024979855,560,681,1241,0.0,-0.0008333472224535399,0.5571313456889667,0.0
106054,11.621027017116951,0.556809024979855,560,681,1241,0.0,-0.0008333472224535399,0.5571313456889667,0.0
106055,11.620193669894498,0.556809024979855,560,681,1241,0.0,-0.0008333472224535399,0.5570507655116904,-8.058017727639034e-05
106056,11.619360322672044,0.556809024979855,560,681,1241,0.0,-0.0008333472224535399,0.556970185334414,-8.058017727639034e-05
106057,11.61852697544959,0.556809024979855,560,681,1241,0.0,-0.0008333472224535399,0.5568896051571377,-8.058017727639034e-05
106058,11.617693628227137,0.556809024979855,560,681,1241,0.0,-0.0008333472224535399,0.5568090249798614,-8.058017727639034e-05
106059,11.616860281004683,0.556809024979855,560,681,1241,0.0,-0.0008333472224535399,0.5568090249798614,0.0
106060,11.61602693378223,0.556809024979855,560,681,1241,0.0,-0.0008333472224535399,0.5568090249798614,0.0
106061,11.615193586559776,0.556809024979855,560,681,1241,0.0,-0.0008333472224535399,0.5568090249798614,0.0
106062,11.614360239337323,0.556809024979855,560,681,1241,0.0,-0.0008333472224535399,0.5568090249798614,0.0
106063,11.61352689211487,0.556809024979855,560,681,1241,0.0,-0.0008333472224535399,0.5568090249798614,0.0
106064,11.612693544892416,0.556809024979855,560,681,1241,0.0,-0.0008333472224535399,0.5568090249798614,0.0
106065,11.611860197669962,0.556809024979855,560,681,1241,0.0,-0.0008333472224535399,0.5568090249798614,0.0
106066,11.611026850447509,0.556809024979855,560,681,1241,0.0,-0.0008333472224535399,0.5568090249798614,0.0
106067,11.610193503225055,0.556809024979855,560,681,1241,0.0,-0.0008333472224535399,0.5568090249798614,0.0
106068,11.609360156002602,0.556809024979855,560,681,1241,0.0,-0.0008333472224535399,0.5568090249798614,0.0
106069,11.608526808780148,0.556809024979855,560,681,1241,0.0,-0.0008333472224535399,0.5568090249798614,0.0
106070,11.607693461557695,0.556809024979855,560,681,1241,0.0,-0.0008333472224535399,0.5568090249798614,0.0
106071,11.606860114335234,0.556809024979855,560,681,1241,0.0,-0.0008333472224606453,0.5568090249798614,0.0
106072,11.60602676711278,0.556809024979855,560,681,1241,0.0,-0.0008333472224535399,0.5568090249798614,0.0
106073,11.605193419890327,0.556809024979855,560,681,1241,0.0,-0.0008333472224535399,0.5568090249798614,0.0
106074,11.604360072667873,0.556809024979855,560,681,1241,0.0,-0.0008333472224535399,0.5568090249798614,0.0
106075,11.60352672544542,0.556809024979855,560,681,1241,0.0,-0.0008333472224535399,0.5568090249798614,0.0
106076,11.602693378222966,0.556809024979855,560,681,1241,0.0,-0.0008333472224535399,0.5568090249798614,0.0
106077,11.601860031000513,0.556809024979855,560,681,1241,0.0,-0.0008333472224535399,0.5568090249798614,0.0
106078,11.60102668377806,0.556809024979855,560,681,1241,0.0,-0.0008333472224535399,0.5568090249798614,0.0
106079,11.600193336555606,0.556809024979855,560,681,1241,0.0,-0.0008333472224535399,0.5568090249798614,0.0
106080,11.599359989333152,0.556809024979855,560,681,1241,0.0,-0.0008333472224535399,0.5568090249798614,0.0
106081,11.598526642110699,0.556809024979855,560,681,1241,0.0,-0.0008333472224535399,0.5568090249798614,0.0
106082,11.597693294888245,0.556809024979855,560,681,1241,0.0,-0.0008333472224535399,0.5568090249798614,0.0
106083,11.596859947665791,0.556809024979855,560,681,1241,0.0,-0.0008333472224535399,0.5568090249798614,0.0
106084,11.596026600443338,0.556809024979855,560,681,1241,0.0,-0.0008333472224535399,0.5568090249798614,0.0
106085,11.595193253220884,0.556809024979855,560,681,1241,0.0,-0.0008333472224535399,0.5568090249798614,0.0
106086,11.59435990599843,0.556809024979855,560,681,1241,0.0,-0.0008333472224535399,0.5568090249798614,0.0
106087,11.593526558775977,0.556809024979855,560,681,1241,0.0,-0.0008333472224535399,0.5568090249798614,0.0
106088,11.592693211553524,0.556809024979855,560,681,1241,0.0,-0.0008333472224535399,0.5568090249798614,0.0
106089,11.59185986433107,0.556809024979855,560,681,1241,0.0,-0.0008333472224535399,0.5568090249798614,0.0
106090,11.591026517108617,0.556809024979855,560,681,1241,0.0,-0.0008333472224535399,0.5568090249798614,0.0
106091,11.590193169886163,0.556809024979855,560,681,1241,0.0,-0.0008333472224535399,0.5568090249798614,0.0
106092,11.58935982266371,0.556809024979855,560,681,1241,0.0,-0.0008333472224535399,0.5568090249798614,0.0
106093,11.588526475441256,0.556809024979855,560,681,1241,0.0,-0.0008333472224535399,0.5568090249798614,0.0
106094,11.587693128218802,0.556809024979855,560,681,1241,0.0,-0.0008333472224535399,0.5568090249798614,0.0
106095,11.586859780996349,0.556809024979855,560,681,1241,0.0,-0.0008333472224535399,0.5568090249798614,0.0
106096,11.586026433773895,0.556809024979855,560,681,1241,0.0,-0.0008333472224535399,0.5568090249798614,0.0
106097,11.585193086551442,0.556809024979855,560,681,1241,0.0,-0.0008333472224535399,0.5568090249798614,0.0
106098,11.584359739328988,0.5576148267526189,560,681,1241,0.0008058017727639033,-0.0008333472224535399,0.5568896051571378,8.058017727639034e-05
106099,11.583526392106535,0.5576148267526189,560,681,1241,0.0,-0.0008333472224535399,0.5569701853344141,8.058017727639034e-05
106100,11.582693044884081,0.5576148267526189,560,681,1241,0.0,-0.0008333472224535399,0.5570507655116905,8.058017727639034e-05
106101,11.581859697661628,0.5576148267526189,560,681,1241,0.0,-0.0008333472224535399,0.5571313456889668,8.058017727639034e-05
106102,11.581026350439174,0.5576148267526189,560,681,1241,0.0,-0.0008333472224535399,0.5572119258662431,8.058017727639034e-05
106103,11.58019300321672,0.5576148267526189,560,681,1241,0.0,-0.0008333472224535399,0.5572925060435195,8.058017727639034e-05
106104,11.579359655994267,0.5576148267526189,560,681,1241,0.0,-0.0008333472224535399,0.5573730862207958,8.058017727639034e-05
106105,11.578526308771814,0.5576148267526189,560,681,1241,0.0,-0.0008333472224535399,0.5574536663980723,8.058017727639034e-05
106106,11.57769296154936,0.5576148267526189,560,681,1241,0.0,-0.0008333472224535399,0.5575342465753486,8.058017727639034e-05
106107,11.576859614326906,0.5576148267526189,560,681,1241,0.0,-0.0008333472224535399,0.5576148267526249,8.058017727639034e-05
106108,11.576026267104453,0.5576148267526189,560,681,1241,0.0,-0.0008333472224535399,0.5576148267526249,0.0
106109,11.575192919882,0.5576148267526189,560,681,1241,0.0,-0.0008333472224535399,0.5576148267526249,0.0
106110,11.574359572659546,0.5576148267526189,560,681,1241,0.0,-0.0008333472224535399,0.5576148267526249,0.0
106111,11.573526225437092,0.5576148267526189,560,681,1241,0.0,-0.0008333472224535399,0.5576148267526249,0.0
106112,11.572692878214639,0.5576148267526189,560,681,1241,0.0,-0.0008333472224535399,0.5576148267526249,0.0
106113,11.571859530992178,0.5576148267526189,560,681,1241,0.0,-0.0008333472224606453,0.5576148267526249,0.0
106114,11.571026183769725,0.556809024979855,560,681,1241,-0.0008058017727639033,-0.0008333472224535399,0.5575342465753484,-8.058017727639034e-05
106115,11.570192836547271,0.556809024979855,560,681,1241,0.0,-0.0008333472224535399,0.5574536663980721,-8.058017727639034e-05
106116,11.569359489324818,0.556809024979855,560,681,1241,0.0,-0.0008333472224535399,0.5573730862207957,-8.058017727639034e-05
106117,11.568526142102364,0.556809024979855,560,681,1241,0.0,-0.0008333472224535399,0.5572925060435194,-8.058017727639034e-05
106118,11.56769279487991,0.556809024979855,560,681,1241,0.0,-0.0008333472224535399,0.5572119258662431,-8.058017727639034e-05
106119,11.566859447657457,0.556809024979855,560,681,1241,0.0,-0.0008333472224535399,0.5571313456889667,-8.058017727639034e-05
106120,11.566026100435003,0.556809024979855,560,681,1241,0.0,-0.0008333472224535399,0.5570507655116904,-8.058017727639034e-05
106121,11.56519275321255,0.556809024979855,560,681,1241,0.0,-0.0008333472224535399,0.556970185334414,-8.058017727639034e-05
106122,11.564359405990096,0.556809024979855,560,681,1241,0.0,-0.0008333472224535399,0.5568896051571377,-8.058017727639034e-05
106123,11.563526058767643,0.556809024979855,560,681,1241,0.0,-0.0008333472224535399,0.5568090249798614,-8.058017727639034e-05
106124,11.56269271154519,0.556809024979855,560,681,1241,0.0,-0.0008333472224535399,0.5568090249798614,0.0
106125,11.561859364322736,0.556809024979855,560,681,1241,0.0,-0.0008333472224535399,0.5568090249798614,0.0
106126,11.561026017100282,0.556809024979855,560,681,1241,0.0,-0.0008333472224535399,0.5568090249798614,0.0
106127,11.560192669877829,0.556809024979855,560,681,1241,0.0,-0.0008333472224535399,0.5568090249798614,0.0
106128,11.559359322655375,0.556809024979855,560,681,1241,0.0,-0.0008333472224535399,0.5568090249798614,0.0
106129,11.558525975432921,0.556809024979855,560,681,1241,0.0,-0.0008333472224535399,0.5568090249798614,0.0
106130,11.557692628210468,0.556809024979855,560,681,1241,0.0,-0.0008333472224535399,0.5568090249798614,0.0
106131,11.556859280988014,0.556809024979855,560,681,1241,0.0,-0.0008333472224535399,0.5568090249798614,0.0
106132,11.55602593376556,0.556809024979855,560,681,1241,0.0,-0.0008333472224535399,0.5568090249798614,0.0
106133,11.555192586543107,0.556809024979855,560,681,1241,0.0,-0.0008333472224535399,0.5568090249798614,0.0
106134,11.554359239320654,0.556809024979855,560,681,1241,0.0,-0.0008333472224535399,0.5568090249798614,0.0
106135,11.5535258920982,0.556809024979855,560,681,1241,0.0,-0.0008333472224535399,0.5568090249798614,0.0
106136,11.552692544875747,0.556809024979855,560,681,1241,0.0,-0.0008333472224535399,0.5568090249798614,0.0
106137,11.551859197653293,0.556809024979855,560,681,1241,0.0,-0.0008333472224535399,0.5568090249798614,0.0
106138,11.55102585043084,0.556809024979855,560,681,1241,0.0,-0.0008333472224535399,0.5568090249798614,0.0
106139,11.550192503208386,0.5576148267526189,560,681,1241,0.0008058017727639033,-0.0008333472224535399,0.5568896051571378,8.058017727639034e-05
106140,11.549359155985933,0.5576148267526189,560,681,1241,0.0,-0.0008333472224535399,0.5569701853344141,8.058017727639034e-05
106141,11.548525808763479,0.5576148267526189,560,681,1241,0.0,-0.0008333472224535399,0.5570507655116905,8.058017727639034e-05
106142,11.547692461541025,0.5576148267526189,560,681,1241,0.0,-0.0008333472224535399,0.5571313456889668,8.058017727639034e-05
106143,11.546859114318572,0.5576148267526189,560,681,1241,0.0,-0.0008333472224535399,0.5572119258662431,8.058017727639034e-05
106144,11.546025767096118,0.5576148267526189,560,681,1241,0.0,-0.0008333472224535399,0.5572925060435195,8.058017727639034e-05
106145,11.545192419873665,0.5576148267526189,560,681,1241,0.0,-0.0008333472224535399,0.5573730862207958,8.058017727639034e-05
106146,11.544359072651211,0.5576148267526189,560,681,1241,0.0,-0.0008333472224535399,0.5574536663980723,8.058017727639034e-05
106147,11.543525725428758,0.5576148267526189,560,681,1241,0.0,-0.0008333472224535399,0.5575342465753486,8.058017727639034e-05
106148,11.542692378206304,0.5576148267526189,560,681,1241,0.0,-0.0008333472224535399,0.5576148267526249,8.058017727639034e-05
106149,11.54185903098385,0.5576148267526189,560,681,1241,0.0,-0.0008333472224535399,0.5576148267526249,0.0
106150,11.541025683761397,0.5576148267526189,560,681,1241,0.0,-0.0008333472224535399,0.5576148267526249,0.0
106151,11.540192336538944,0.5576148267526189,560,681,1241,0.0,-0.0008333472224535399,0.5576148267526249,0.0
106152,11.53935898931649,0.5576148267526189,560,681,1241,0.0,-0.0008333472224535399,0.5576148267526249,0.0
106153,11.538525642094037,0.5576148267526189,560,681,1241,0.0,-0.0008333472224535399,0.5576148267526249,0.0
106154,11.537692294871583,0.5576148267526189,560,681,1241,0.0,-0.0008333472224535399,0.5576148267526249,0.0
106155,11.536858947649122,0.5584206285253828,560,681,1241,0.0008058017727639033,-0.0008333472224606453,0.5576954069299012,8.058017727639034e-05
106156,11.536025600426669,0.5584206285253828,560,681,1241,0.0,-0.0008333472224535399,0.5577759871071775,8.058017727639034e-05
106157,11.535192253204215,0.5584206285253828,560,681,1241,0.0,-0.0008333472224535399,0.5578565672844539,8.058017727639034e-05
106158,11.534358905981762,0.5584206285253828,560,681,1241,0.0,-0.0008333472224535399,0.5579371474617302,8.058017727639034e-05
106159,11.533525558759308,0.5592264302981467,560,681,1241,0.0008058017727639033,-0.0008333472224535399,0.5580983078162829,0.00016116035455278067
106160,11.532692211536855,0.5592264302981467,560,681,1241,0.0,-0.0008333472224535399,0.5582594681708356,0.00016116035455278067
106161,11.531858864314401,0.5592264302981467,560,681,1241,0.0,-0.0008333472224535399,0.5584206285253883,0.00016116035455278067
106162,11.531025517091948,0.5592264302981467,560,681,1241,0.0,-0.0008333472224535399,0.5585817888799409,0.00016116035455278067
106163,11.530192169869494,0.5592264302981467,560,681,1241,0.0,-0.0008333472224535399,0.5587429492344936,0.00016116035455278067
106164,11.52935882264704,0.5592264302981467,560,681,1241,0.0,-0.0008333472224535399,0.5589041095890463,0.00016116035455278067
106165,11.528525475424587,0.5592264302981467,560,681,1241,0.0,-0.0008333472224535399,0.5589846897663227,8.058017727639034e-05
106166,11.527692128202133,0.5592264302981467,560,681,1241,0.0,-0.0008333472224535399,0.5590652699435991,8.058017727639034e-05
106167,11.52685878097968,0.5592264302981467,560,681,1241,0.0,-0.0008333472224535399,0.5591458501208754,8.058017727639034e-05
106168,11.526025433757226,0.5592264302981467,560,681,1241,0.0,-0.0008333472224535399,0.5592264302981518,8.058017727639034e-05
106169,11.525192086534773,0.5592264302981467,560,681,1241,0.0,-0.0008333472224535399,0.5592264302981518,0.0
106170,11.52435873931232,0.5592264302981467,560,681,1241,0.0,-0.0008333472224535399,0.5592264302981518,0.0
106171,11.523525392089866,0.5592264302981467,560,681,1241,0.0,-0.0008333472224535399,0.5592264302981518,0.0
106172,11.522692044867412,0.5592264302981467,560,681,1241,0.0,-0.0008333472224535399,0.5592264302981518,0.0
106173,11.521858697644959,0.5592264302981467,560,681,1241,0.0,-0.0008333472224535399,0.5592264302981518,0.0
106174,11.521025350422505,0.5592264302981467,560,681,1241,0.0,-0.0008333472224535399,0.5592264302981518,0.0
106175,11.520192003200052,0.5592264302981467,560,681,1241,0.0,-0.0008333472224535399,0.5592264302981518,0.0
106176,11.519358655977598,0.5592264302981467,560,681,1241,0.0,-0.0008333472224535399,0.5592264302981518,0.0
106177,11.518525308755144,0.5584206285253828,560,681,1241,-0.0008058017727639033,-0.0008333472224535399,0.5591458501208754,-8.058017727639034e-05
106178,11.517691961532691,0.5584206285253828,560,681,1241,0.0,-0.0008333472224535399,0.5590652699435991,-8.058017727639034e-05
106179,11.516858614310237,0.5584206285253828,560,681,1241,0.0,-0.0008333472224535399,0.5589846897663227,-8.058017727639034e-05
106180,11.516025267087784,0.5584206285253828,560,681,1241,0.0,-0.0008333472224535399,0.5589041095890463,-8.058017727639034e-05
106181,11.51519191986533,0.5584206285253828,560,681,1241,0.0,-0.0008333472224535399,0.55882352941177,-8.058017727639034e-05
106182,11.514358572642877,0.5584206285253828,560,681,1241,0.0,-0.0008333472224535399,0.5587429492344936,-8.058017727639034e-05
106183,11.513525225420423,0.5584206285253828,560,681,1241,0.0,-0.0008333472224535399,0.5586623690572173,-8.058017727639034e-05
106184,11.51269187819797,0.5584206285253828,560,681,1241,0.0,-0.0008333472224535399,0.5585817888799409,-8.058017727639034e-05
106185,11.511858530975516,0.5584206285253828,560,681,1241,0.0,-0.0008333472224535399,0.5585012087026646,-8.058017727639034e-05
106186,11.511025183753063,0.5584206285253828,560,681,1241,0.0,-0.0008333472224535399,0.5584206285253883,-8.058017727639034e-05
106187,11.510191836530609,0.5584206285253828,560,681,1241,0.0,-0.0008333472224535399,0.5584206285253883,0.0
106188,11.509358489308156,0.5584206285253828,560,681,1241,0.0,-0.0008333472224535399,0.5584206285253883,0.0
106189,11.508525142085702,0.5584206285253828,560,681,1241,0.0,-0.0008333472224535399,0.5584206285253883,0.0
106190,11.507691794863248,0.5584206285253828,560,681,1241,0.0,-0.0008333472224535399,0.5584206285253883,0.0
106191,11.506858447640795,0.5584206285253828,560,681,1241,0.0,-0.0008333472224535399,0.5584206285253883,0.0
106192,11.506025100418341,0.5584206285253828,560,681,1241,0.0,-0.0008333472224535399,0.5584206285253883,0.0
106193,11.505191753195888,0.5584206285253828,560,681,1241,0.0,-0.0008333472224535399,0.5584206285253883,0.0
106194,11.504358405973434,0.5584206285253828,560,681,1241,0.0,-0.0008333472224535399,0.5584206285253883,0.0
106195,11.50352505875098,0.5584206285253828,560,681,1241,0.0,-0.0008333472224535399,0.5584206285253883,0.0
106196,11.502691711528527,0.5584206285253828,560,681,1241,0.0,-0.0008333472224535399,0.5584206285253883,0.0
106197,11.501858364306074,0.5584206285253828,560,681,1241,0.0,-0.0008333472224535399,0.5584206285253883,0.0
106198,11.501025017083613,0.5584206285253828,560,681,1241,0.0,-0.0008333472224606453,0.5584206285253883,0.0
106199,11.50019166986116,0.5584206285253828,560,681,1241,0.0,-0.0008333472224535399,0.5584206285253883,0.0
106200,11.499358322638706,0.5584206285253828,560,681,1241,0.0,-0.0008333472224535399,0.5584206285253883,0.0
106201,11.498524975416252,0.5584206285253828,560,681,1241,0.0,-0.0008333472224535399,0.5584206285253883,0.0
106202,11.497691628193799,0.5584206285253828,560,681,1241,0.0,-0.0008333472224535399,0.5584206285253883,0.0
106203,11.496858280971345,0.5584206285253828,560,681,1241,0.0,-0.0008333472224535399,0.5584206285253883,0.0
106204,11.496024933748892,0.5584206285253828,560,681,1241,0.0,-0.0008333472224535399,0.5584206285253883,0.0
106205,11.495191586526438,0.5584206285253828,560,681,1241,0.0,-0.0008333472224535399,0.5584206285253883,0.0
106206,11.494358239303985,0.5584206285253828,560,681,1241,0.0,-0.0008333472224535399,0.5584206285253883,0.0
106207,11.493524892081531,0.5584206285253828,560,681,1241,0.0,-0.0008333472224535399,0.5584206285253883,0.0
106208,11.492691544859078,0.5584206285253828,560,681,1241,0.0,-0.0008333472224535399,0.5584206285253883,0.0
106209,11.491858197636624,0.5584206285253828,560,681,1241,0.0,-0.0008333472224535399,0.5584206285253883,0.0
106210,11.49102485041417,0.5584206285253828,560,681,1241,0.0,-0.0008333472224535399,0.5584206285253883,0.0
106211,11.490191503191717,0.5584206285253828,560,681,1241,0.0,-0.0008333472224535399,0.5584206285253883,0.0
106212,11.489358155969263,0.5584206285253828,560,681,1241,0.0,-0.0008333472224535399,0.5584206285253883,0.0
106213,11.48852480874681,0.5584206285253828,560,681,1241,0.0,-0.0008333472224535399,0.5584206285253883,0.0
106214,11.487691461524356,0.5584206285253828,560,681,1241,0.0,-0.0008333472224535399,0.5584206285253883,0.0
106215,11.486858114301903,0.5584206285253828,560,681,1241,0.0,-0.0008333472224535399,0.5584206285253883,0.0
106216,11.48602476707945,0.5584206285253828,560,681,1241,0.0,-0.0008333472224535399,0.5584206285253883,0.0
106217,11.485191419856996,0.5584206285253828,560,681,1241,0.0,-0.0008333472224535399,0.5584206285253883,0.0
106218,11.484358072634542,0.5584206285253828,560,681,1241,0.0,-0.0008333472224535399,0.5584206285253883,0.0
106219,11.483524725412089,0.5584206285253828,560,681,1241,0.0,-0.0008333472224535399,0.5584206285253883,0.0
106220,11.482691378189635,0.5592264302981467,560,681,1241,0.0008058017727639033,-0.0008333472224535399,0.5585012087026646,8.058017727639034e-05
106221,11.481858030967182,0.5592264302981467,560,681,1241,0.0,-0.0008333472224535399,0.5585817888799409,8.058017727639034e-05
106222,11.481024683744728,0.5592264302981467,560,681,1241,0.0,-0.0008333472224535399,0.5586623690572173,8.058017727639034e-05
106223,11.480191336522275,0.5592264302981467,560,681,1241,0.0,-0.0008333472224535399,0.5587429492344936,8.058017727639034e-05
106224,11.479357989299821,0.5592264302981467,560,681,1241,0.0,-0.0008333472224535399,0.55882352941177,8.058017727639034e-05
106225,11.478524642077367,0.5592264302981467,560,681,1241,0.0,-0.0008333472224535399,0.5589041095890463,8.058017727639034e-05
106226,11.477691294854914,0.5592264302981467,560,681,1241,0.0,-0.0008333472224535399,0.5589846897663227,8.058017727639034e-05
106227,11.47685794763246,0.5592264302981467,560,681,1241,0.0,-0.0008333472224535399,0.5590652699435991,8.058017727639034e-05
106228,11.476024600410007,0.5592264302981467,560,681,1241,0.0,-0.0008333472224535399,0.5591458501208754,8.058017727639034e-05
106229,11.475191253187553,0.5592264302981467,560,681,1241,0.0,-0.0008333472224535399,0.5592264302981518,8.058017727639034e-05
106230,11.4743579059651,0.5592264302981467,560,681,1241,0.0,-0.0008333472224535399,0.5592264302981518,0.0
106231,11.473524558742646,0.5592264302981467,560,681,1241,0.0,-0.0008333472224535399,0.5592264302981518,0.0
106232,11.472691211520193,0.5592264302981467,560,681,1241,0.0,-0.0008333472224535399,0.5592264302981518,0.0
106233,11.47185786429774,0.5592264302981467,560,681,1241,0.0,-0.0008333472224535399,0.5592264302981518,0.0
106234,11.471024517075286,0.5592264302981467,560,681,1241,0.0,-0.0008333472224535399,0.5592264302981518,0.0
106235,11.470191169852832,0.5592264302981467,560,681,1241,0.0,-0.0008333472224535399,0.5592264302981518,0.0
106236,11.469357822630379,0.5592264302981467,560,681,1241,0.0,-0.0008333472224535399,0.5592264302981518,0.0
106237,11.468524475407925,0.5592264302981467,560,681,1241,0.0,-0.0008333472224535399,0.5592264302981518,0.0
106238,11.467691128185471,0.5592264302981467,560,681,1241,0.0,-0.0008333472224535399,0.5592264302981518,0.0
106239,11.466857780963018,0.5592264302981467,560,681,1241,0.0,-0.0008333472224535399,0.5592264302981518,0.0
106240,11.466024433740557,0.5592264302981467,560,681,1241,0.0,-0.0008333472224606453,0.5592264302981518,0.0
106241,11.465191086518104,0.5584206285253828,560,681,1241,-0.0008058017727639033,-0.0008333472224535399,0.5591458501208754,-8.058017727639034e-05
106242,11.46435773929565,0.5584206285253828,560,681,1241,0.0,-0.0008333472224535399,0.5590652699435991,-8.058017727639034e-05
106243,11.463524392073197,0.5584206285253828,560,681,1241,0.0,-0.0008333472224535399,0.5589846897663227,-8.058017727639034e-05
106244,11.462691044850743,0.5584206285253828,560,681,1241,0.0,-0.0008333472224535399,0.5589041095890463,-8.058017727639034e-05
106245,11.46185769762829,0.5584206285253828,560,681,1241,0.0,-0.0008333472224535399,0.55882352941177,-8.058017727639034e-05
106246,11.461024350405836,0.5584206285253828,560,681,1241,0.0,-0.0008333472224535399,0.5587429492344936,-8.058017727639034e-05
106247,11.460191003183382,0.5584206285253828,560,681,1241,0.0,-0.0008333472224535399,0.5586623690572173,-8.058017727639034e-05
106248,11.459357655960929,0.5584206285253828,560,681,1241,0.0,-0.0008333472224535399,0.5585817888799409,-8.058017727639034e-05
106249,11.458524308738475,0.5592264302981467,560,681,1241,0.0008058017727639033,-0.0008333472224535399,0.5585817888799409,0.0
106250,11.457690961516022,0.5592264302981467,560,681,1241,0.0,-0.0008333472224535399,0.5585817888799409,0.0
106251,11.456857614293568,0.5592264302981467,560,681,1241,0.0,-0.0008333472224535399,0.5586623690572173,8.058017727639034e-05
106252,11.456024267071115,0.5592264302981467,560,681,1241,0.0,-0.0008333472224535399,0.5587429492344936,8.058017727639034e-05
106253,11.455190919848661,0.5592264302981467,560,681,1241,0.0,-0.0008333472224535399,0.55882352941177,8.058017727639034e-05
106254,11.454357572626208,0.5592264302981467,560,681,1241,0.0,-0.0008333472224535399,0.5589041095890463,8.058017727639034e-05
106255,11.453524225403754,0.5592264302981467,560,681,1241,0.0,-0.0008333472224535399,0.5589846897663227,8.058017727639034e-05
106256,11.4526908781813,0.5592264302981467,560,681,1241,0.0,-0.0008333472224535399,0.5590652699435991,8.058017727639034e-05
106257,11.451857530958847,0.5584206285253828,560,681,1241,-0.0008058017727639033,-0.0008333472224535399,0.5590652699435991,0.0
106258,11.451024183736394,0.5584206285253828,560,681,1241,0.0,-0.0008333472224535399,0.5590652699435991,0.0
106259,11.45019083651394,0.5584206285253828,560,681,1241,0.0,-0.0008333472224535399,0.5589846897663227,-8.058017727639034e-05
106260,11.449357489291486,0.5584206285253828,560,681,1241,0.0,-0.0008333472224535399,0.5589041095890463,-8.058017727639034e-05
106261,11.448524142069033,0.5584206285253828,560,681,1241,0.0,-0.0008333472224535399,0.55882352941177,-8.058017727639034e-05
106262,11.44769079484658,0.5584206285253828,560,681,1241,0.0,-0.0008333472224535399,0.5587429492344936,-8.058017727639034e-05
106263,11.446857447624126,0.5584206285253828,560,681,1241,0.0,-0.0008333472224535399,0.5586623690572173,-8.058017727639034e-05
106264,11.446024100401672,0.5584206285253828,560,681,1241,0.0,-0.0008333472224535399,0.5585817888799409,-8.058017727639034e-05
106265,11.445190753179219,0.5584206285253828,560,681,1241,0.0,-0.0008333472224535399,0.5585012087026646,-8.058017727639034e-05
106266,11.444357405956765,0.5584206285253828,560,681,1241,0.0,-0.0008333472224535399,0.5584206285253883,-8.058017727639034e-05
106267,11.443524058734312,0.5584206285253828,560,681,1241,0.0,-0.0008333472224535399,0.5584206285253883,0.0
106268,11.442690711511858,0.5584206285253828,560,681,1241,0.0,-0.0008333472224535399,0.5584206285253883,0.0
106269,11.441857364289405,0.5584206285253828,560,681,1241,0.0,-0.0008333472224535399,0.5584206285253883,0.0
106270,11.441024017066951,0.5584206285253828,560,681,1241,0.0,-0.0008333472224535399,0.5584206285253883,0.0
106271,11.440190669844498,0.5584206285253828,560,681,1241,0.0,-0.0008333472224535399,0.5584206285253883,0.0
106272,11.439357322622044,0.5584206285253828,560,681,1241,0.0,-0.0008333472224535399,0.5584206285253883,0.0
106273,11.43852397539959,0.5584206285253828,560,681,1241,0.0,-0.0008333472224535399,0.5584206285253883,0.0
106274,11.437690628177137,0.5584206285253828,560,681,1241,0.0,-0.0008333472224535399,0.5584206285253883,0.0
106275,11.436857280954683,0.5584206285253828,560,681,1241,0.0,-0.0008333472224535399,0.5584206285253883,0.0
106276,11.43602393373223,0.5584206285253828,560,681,1241,0.0,-0.0008333472224535399,0.5584206285253883,0.0
106277,11.435190586509776,0.5584206285253828,560,681,1241,0.0,-0.0008333472224535399,0.5584206285253883,0.0
106278,11.434357239287323,0.5584206285253828,560,681,1241,0.0,-0.0008333472224535399,0.5584206285253883,0.0
106279,11.43352389206487,0.5584206285253828,560,681,1241,0.0,-0.0008333472224535399,0.5584206285253883,0.0
106280,11.432690544842416,0.5584206285253828,560,681,1241,0.0,-0.0008333472224535399,0.5584206285253883,0.0
106281,11.431857197619962,0.5584206285253828,560,681,1241,0.0,-0.0008333472224535399,0.5584206285253883,0.0
106282,11.431023850397501,0.5584206285253828,560,681,1241,0.0,-0.0008333472224606453,0.5584206285253883,0.0
106283,11.430190503175048,0.5584206285253828,560,681,1241,0.0,-0.0008333472224535399,0.5584206285253883,0.0
106284,11.429357155952594,0.5584206285253828,560,681,1241,0.0,-0.0008333472224535399,0.5584206285253883,0.0
106285,11.42852380873014,0.5584206285253828,560,681,1241,0.0,-0.0008333472224535399,0.5584206285253883,0.0
106286,11.427690461507687,0.5592264302981467,560,681,1241,0.0008058017727639033,-0.0008333472224535399,0.5585012087026646,8.058017727639034e-05
106287,11.426857114285234,0.5592264302981467,560,681,1241,0.0,-0.0008333472224535399,0.5585817888799409,8.058017727639034e-05
106288,11.42602376706278,0.5592264302981467,560,681,1241,0.0,-0.0008333472224535399,0.5586623690572173,8.058017727639034e-05
106289,11.425190419840327,0.5592264302981467,560,681,1241,0.0,-0.0008333472224535399,0.5587429492344936,8.058017727639034e-05
106290,11.424357072617873,0.5592264302981467,560,681,1241,0.0,-0.0008333472224535399,0.55882352941177,8.058017727639034e-05
106291,11.42352372539542,0.5592264302981467,560,681,1241,0.0,-0.0008333472224535399,0.5589041095890463,8.058017727639034e-05
106292,11.422690378172966,0.5592264302981467,560,681,1241,0.0,-0.0008333472224535399,0.5589846897663227,8.058017727639034e-05
106293,11.421857030950513,0.5592264302981467,560,681,1241,0.0,-0.0008333472224535399,0.5590652699435991,8.058017727639034e-05
106294,11.421023683728059,0.5592264302981467,560,681,1241,0.0,-0.0008333472224535399,0.5591458501208754,8.058017727639034e-05
106295,11.420190336505605,0.5592264302981467,560,681,1241,0.0,-0.0008333472224535399,0.5592264302981518,8.058017727639034e-05
106296,11.419356989283152,0.5584206285253828,560,681,1241,-0.0008058017727639033,-0.0008333472224535399,0.5591458501208754,-8.058017727639034e-05
106297,11.418523642060698,0.5584206285253828,560,681,1241,0.0,-0.0008333472224535399,0.5590652699435991,-8.058017727639034e-05
106298,11.417690294838245,0.5584206285253828,560,681,1241,0.0,-0.0008333472224535399,0.5589846897663227,-8.058017727639034e-05
106299,11.416856947615791,0.5584206285253828,560,681,1241,0.0,-0.0008333472224535399,0.5589041095890463,-8.058017727639034e-05
106300,11.416023600393338,0.5584206285253828,560,681,1241,0.0,-0.0008333472224535399,0.55882352941177,-8.058017727639034e-05
106301,11.415190253170884,0.5584206285253828,560,681,1241,0.0,-0.0008333472224535399,0.5587429492344936,-8.058017727639034e-05
106302,11.41435690594843,0.5584206285253828,560,681,1241,0.0,-0.0008333472224535399,0.5586623690572173,-8.058017727639034e-05
106303,11.413523558725977,0.5584206285253828,560,681,1241,0.0,-0.0008333472224535399,0.5585817888799409,-8.058017727639034e-05
106304,11.412690211503524,0.5584206285253828,560,681,1241,0.0,-0.0008333472224535399,0.5585012087026646,-8.058017727639034e-05
106305,11.41185686428107,0.5584206285253828,560,681,1241,0.0,-0.0008333472224535399,0.5584206285253883,-8.058017727639034e-05
106306,11.411023517058617,0.5584206285253828,560,681,1241,0.0,-0.0008333472224535399,0.5584206285253883,0.0
106307,11.410190169836163,0.5584206285253828,560,681,1241,0.0,-0.0008333472224535399,0.5584206285253883,0.0
106308,11.40935682261371,0.5584206285253828,560,681,1241,0.0,-0.0008333472224535399,0.5584206285253883,0.0
106309,11.408523475391256,0.5584206285253828,560,681,1241,0.0,-0.0008333472224535399,0.5584206285253883,0.0
106310,11.407690128168802,0.5576148267526189,560,681,1241,-0.0008058017727639033,-0.0008333472224535399,0.5583400483481119,-8.058017727639034e-05
106311,11.406856780946349,0.5576148267526189,560,681,1241,0.0,-0.0008333472224535399,0.5582594681708356,-8.058017727639034e-05
106312,11.406023433723895,0.5576148267526189,560,681,1241,0.0,-0.0008333472224535399,0.5581788879935592,-8.058017727639034e-05
106313,11.405190086501442,0.5576148267526189,560,681,1241,0.0,-0.0008333472224535399,0.5580983078162829,-8.058017727639034e-05
106314,11.404356739278988,0.5576148267526189,560,681,1241,0.0,-0.0008333472224535399,0.5580177276390066,-8.058017727639034e-05
106315,11.403523392056535,0.5576148267526189,560,681,1241,0.0,-0.0008333472224535399,0.5579371474617302,-8.058017727639034e-05
106316,11.402690044834081,0.5576148267526189,560,681,1241,0.0,-0.0008333472224535399,0.5578565672844539,-8.058017727639034e-05
106317,11.401856697611628,0.5576148267526189,560,681,1241,0.0,-0.0008333472224535399,0.5577759871071775,-8.058017727639034e-05
106318,11.401023350389174,0.5576148267526189,560,681,1241,0.0,-0.0008333472224535399,0.5576954069299012,-8.058017727639034e-05
106319,11.40019000316672,0.5576148267526189,560,681,1241,0.0,-0.0008333472224535399,0.5576148267526249,-8.058017727639034e-05
106320,11.399356655944267,0.5576148267526189,560,681,1241,0.0,-0.0008333472224535399,0.5576148267526249,0.0
106321,11.398523308721813,0.5576148267526189,560,681,1241,0.0,-0.0008333472224535399,0.5576148267526249,0.0
106322,11.39768996149936,0.5576148267526189,560,681,1241,0.0,-0.0008333472224535399,0.5576148267526249,0.0
106323,11.396856614276906,0.5576148267526189,560,681,1241,0.0,-0.0008333472224535399,0.5576148267526249,0.0
106324,11.396023267054453,0.5576148267526189,560,681,1241,0.0,-0.0008333472224535399,0.5576148267526249,0.0
106325,11.395189919831992,0.5576148267526189,560,681,1241,0.0,-0.0008333472224606453,0.5576148267526249,0.0
106326,11.394356572609539,0.5576148267526189,560,681,1241,0.0,-0.0008333472224535399,0.5576148267526249,0.0
106327,11.393523225387085,0.5576148267526189,560,681,1241,0.0,-0.0008333472224535399,0.5576148267526249,0.0
106328,11.392689878164632,0.5576148267526189,560,681,1241,0.0,-0.0008333472224535399,0.5576148267526249,0.0
106329,11.391856530942178,0.5576148267526189,560,681,1241,0.0,-0.0008333472224535399,0.5576148267526249,0.0
106330,11.391023183719724,0.5576148267526189,560,681,1241,0.0,-0.0008333472224535399,0.5576148267526249,0.0
106331,11.390189836497271,0.5576148267526189,560,681,1241,0.0,-0.0008333472224535399,0.5576148267526249,0.0
106332,11.389356489274817,0.5576148267526189,560,681,1241,0.0,-0.0008333472224535399,0.5576148267526249,0.0
106333,11.388523142052364,0.5576148267526189,560,681,1241,0.0,-0.0008333472224535399,0.5576148267526249,0.0
106334,11.38768979482991,0.5576148267526189,560,681,1241,0.0,-0.0008333472224535399,0.5576148267526249,0.0
106335,11.386856447607457,0.5576148267526189,560,681,1241,0.0,-0.0008333472224535399,0.5576148267526249,0.0
106336,11.386023100385003,0.5576148267526189,560,681,1241,0.0,-0.0008333472224535399,0.5576148267526249,0.0
106337,11.38518975316255,0.5576148267526189,560,681,1241,0.0,-0.0008333472224535399,0.5576148267526249,0.0
106338,11.384356405940096,0.5576148267526189,560,681,1241,0.0,-0.0008333472224535399,0.5576148267526249,0.0
106339,11.383523058717643,0.5576148267526189,560,681,1241,0.0,-0.0008333472224535399,0.5576148267526249,0.0
106340,11.382689711495189,0.5576148267526189,560,681,1241,0.0,-0.0008333472224535399,0.5576148267526249,0.0
106341,11.381856364272736,0.5576148267526189,560,681,1241,0.0,-0.0008333472224535399,0.5576148267526249,0.0
106342,11.381023017050282,0.5576148267526189,560,681,1241,0.0,-0.0008333472224535399,0.5576148267526249,0.0
106343,11.380189669827828,0.5576148267526189,560,681,1241,0.0,-0.0008333472224535399,0.5576148267526249,0.0
106344,11.379356322605375,0.5576148267526189,560,681,1241,0.0,-0.0008333472224535399,0.5576148267526249,0.0
106345,11.378522975382921,0.5576148267526189,560,681,1241,0.0,-0.0008333472224535399,0.5576148267526249,0.0
106346,11.377689628160468,0.5576148267526189,560,681,1241,0.0,-0.0008333472224535399,0.5576148267526249,0.0
106347,11.376856280938014,0.5576148267526189,560,681,1241,0.0,-0.0008333472224535399,0.5576148267526249,0.0
106348,11.37602293371556,0.5576148267526189,560,681,1241,0.0,-0.0008333472224535399,0.5576148267526249,0.0
106349,11.375189586493107,0.5576148267526189,560,681,1241,0.0,-0.0008333472224535399,0.5576148267526249,0.0
106350,11.374356239270654,0.5576148267526189,560,681,1241,0.0,-0.0008333472224535399,0.5576148267526249,0.0
106351,11.3735228920482,0.5576148267526189,560,681,1241,0.0,-0.0008333472224535399,0.5576148267526249,0.0
106352,11.372689544825747,0.5584206285253828,560,681,1241,0.0008058017727639033,-0.0008333472224535399,0.5576954069299012,8.058017727639034e-05
106353,11.371856197603293,0.5584206285253828,560,681,1241,0.0,-0.0008333472224535399,0.5577759871071775,8.058017727639034e-05
106354,11.37102285038084,0.5576148267526189,560,681,1241,-0.0008058017727639033,-0.0008333472224535399,0.5577759871071775,0.0
106355,11.370189503158386,0.5576148267526189,560,681,1241,0.0,-0.0008333472224535399,0.5577759871071775,0.0
106356,11.369356155935932,0.5576148267526189,560,681,1241,0.0,-0.0008333472224535399,0.5577759871071775,0.0
106357,11.368522808713479,0.5576148267526189,560,681,1241,0.0,-0.0008333472224535399,0.5577759871071775,0.0
106358,11.367689461491025,0.556809024979855,560,681,1241,-0.0008058017727639033,-0.0008333472224535399,0.5576954069299012,-8.058017727639034e-05
106359,11.366856114268572,0.556809024979855,560,681,1241,0.0,-0.0008333472224535399,0.5576148267526249,-8.058017727639034e-05
106360,11.366022767046118,0.556809024979855,560,681,1241,0.0,-0.0008333472224535399,0.5575342465753484,-8.058017727639034e-05
106361,11.365189419823665,0.556809024979855,560,681,1241,0.0,-0.0008333472224535399,0.5574536663980721,-8.058017727639034e-05
106362,11.364356072601211,0.556809024979855,560,681,1241,0.0,-0.0008333472224535399,0.5572925060435193,-0.00016116035455278067
106363,11.363522725378758,0.556809024979855,560,681,1241,0.0,-0.0008333472224535399,0.5571313456889666,-0.00016116035455278067
106364,11.362689378156304,0.556809024979855,560,681,1241,0.0,-0.0008333472224535399,0.5570507655116902,-8.058017727639034e-05
106365,11.36185603093385,0.5576148267526189,560,681,1241,0.0008058017727639033,-0.0008333472224535399,0.5570507655116902,0.0
106366,11.361022683711397,0.5576148267526189,560,681,1241,0.0,-0.0008333472224535399,0.5570507655116902,0.0
106367,11.360189336488936,0.5576148267526189,560,681,1241,0.0,-0.0008333472224606453,0.5570507655116902,0.0
106368,11.359355989266483,0.5576148267526189,560,681,1241,0.0,-0.0008333472224535399,0.5571313456889666,8.058017727639034e-05
106369,11.35852264204403,0.5576148267526189,560,681,1241,0.0,-0.0008333472224535399,0.557211925866243,8.058017727639034e-05
106370,11.357689294821576,0.5576148267526189,560,681,1241,0.0,-0.0008333472224535399,0.5572925060435193,8.058017727639034e-05
106371,11.356855947599122,0.5576148267526189,560,681,1241,0.0,-0.0008333472224535399,0.5573730862207957,8.058017727639034e-05
106372,11.356022600376669,0.556809024979855,560,681,1241,-0.0008058017727639033,-0.0008333472224535399,0.5573730862207957,0.0
106373,11.355189253154215,0.556809024979855,560,681,1241,0.0,-0.0008333472224535399,0.5573730862207957,0.0
106374,11.354355905931762,0.556809024979855,560,681,1241,0.0,-0.0008333472224535399,0.5573730862207957,0.0
106375,11.353522558709308,0.556809024979855,560,681,1241,0.0,-0.0008333472224535399,0.5572925060435192,-8.058017727639034e-05
106376,11.352689211486855,0.556809024979855,560,681,1241,0.0,-0.0008333472224535399,0.5572119258662429,-8.058017727639034e-05
106377,11.351855864264401,0.5560032232070911,560,681,1241,-0.0008058017727639033,-0.0008333472224535399,0.5570507655116901,-0.00016116035455278067
106378,11.351022517041947,0.5560032232070911,560,681,1241,0.0,-0.0008333472224535399,0.5568896051571371,-0.00016116035455278067
106379,11.350189169819494,0.5560032232070911,560,681,1241,0.0,-0.0008333472224535399,0.5567284448025843,-0.00016116035455278067
106380,11.34935582259704,0.5560032232070911,560,681,1241,0.0,-0.0008333472224535399,0.5565672844480314,-0.00016116035455278067
106381,11.348522475374587,0.5560032232070911,560,681,1241,0.0,-0.0008333472224535399,0.5564061240934786,-0.00016116035455278067
106382,11.347689128152133,0.5560032232070911,560,681,1241,0.0,-0.0008333472224535399,0.5563255439162021,-8.058017727639034e-05
106383,11.34685578092968,0.5560032232070911,560,681,1241,0.0,-0.0008333472224535399,0.5562449637389257,-8.058017727639034e-05
106384,11.346022433707226,0.5560032232070911,560,681,1241,0.0,-0.0008333472224535399,0.5561643835616494,-8.058017727639034e-05
106385,11.345189086484773,0.556809024979855,560,681,1241,0.0008058017727639033,-0.0008333472224535399,0.5561643835616494,0.0
106386,11.344355739262319,0.556809024979855,560,681,1241,0.0,-0.0008333472224535399,0.5561643835616494,0.0
106387,11.343522392039866,0.556809024979855,560,681,1241,0.0,-0.0008333472224535399,0.5562449637389258,8.058017727639034e-05
106388,11.342689044817412,0.556809024979855,560,681,1241,0.0,-0.0008333472224535399,0.5563255439162023,8.058017727639034e-05
106389,11.341855697594958,0.556809024979855,560,681,1241,0.0,-0.0008333472224535399,0.5564061240934786,8.058017727639034e-05
106390,11.341022350372505,0.556809024979855,560,681,1241,0.0,-0.0008333472224535399,0.5564867042707549,8.058017727639034e-05
106391,11.340189003150051,0.556809024979855,560,681,1241,0.0,-0.0008333472224535399,0.5565672844480313,8.058017727639034e-05
106392,11.339355655927598,0.556809024979855,560,681,1241,0.0,-0.0008333472224535399,0.5566478646253076,8.058017727639034e-05
106393,11.338522308705144,0.556809024979855,560,681,1241,0.0,-0.0008333472224535399,0.556728444802584,8.058017727639034e-05
106394,11.33768896148269,0.556809024979855,560,681,1241,0.0,-0.0008333472224535399,0.5568090249798603,8.058017727639034e-05
106395,11.336855614260237,0.556809024979855,560,681,1241,0.0,-0.0008333472224535399,0.5568090249798603,0.0
106396,11.336022267037784,0.556809024979855,560,681,1241,0.0,-0.0008333472224535399,0.5568090249798603,0.0
106397,11.33518891981533,0.556809024979855,560,681,1241,0.0,-0.0008333472224535399,0.5568090249798603,0.0
106398,11.334355572592877,0.556809024979855,560,681,1241,0.0,-0.0008333472224535399,0.5568090249798603,0.0
106399,11.333522225370423,0.556809024979855,560,681,1241,0.0,-0.0008333472224535399,0.5568090249798603,0.0
106400,11.33268887814797,0.556809024979855,560,681,1241,0.0,-0.0008333472224535399,0.5568090249798603,0.0
106401,11.331855530925516,0.556809024979855,560,681,1241,0.0,-0.0008333472224535399,0.5568090249798603,0.0
106402,11.331022183703062,0.556809024979855,560,681,1241,0.0,-0.0008333472224535399,0.5568090249798603,0.0
106403,11.330188836480609,0.556809024979855,560,681,1241,0.0,-0.0008333472224535399,0.5568090249798603,0.0
106404,11.329355489258155,0.556809024979855,560,681,1241,0.0,-0.0008333472224535399,0.5568090249798603,0.0
106405,11.328522142035702,0.556809024979855,560,681,1241,0.0,-0.0008333472224535399,0.5568090249798603,0.0
106406,11.327688794813248,0.556809024979855,560,681,1241,0.0,-0.0008333472224535399,0.5568090249798603,0.0
106407,11.326855447590795,0.556809024979855,560,681,1241,0.0,-0.0008333472224535399,0.5568090249798603,0.0
106408,11.326022100368341,0.556809024979855,560,681,1241,0.0,-0.0008333472224535399,0.5568090249798603,0.0
106409,11.32518875314588,0.5560032232070911,560,681,1241,-0.0008058017727639033,-0.0008333472224606453,0.5567284448025839,-8.058017727639034e-05
106410,11.324355405923427,0.5560032232070911,560,681,1241,0.0,-0.0008333472224535399,0.5566478646253075,-8.058017727639034e-05
106411,11.323522058700974,0.5560032232070911,560,681,1241,0.0,-0.0008333472224535399,0.5565672844480312,-8.058017727639034e-05
106412,11.32268871147852,0.5560032232070911,560,681,1241,0.0,-0.0008333472224535399,0.5564867042707549,-8.058017727639034e-05
106413,11.321855364256066,0.556809024979855,560,681,1241,0.0008058017727639033,-0.0008333472224535399,0.5564867042707549,0.0
106414,11.321022017033613,0.556809024979855,560,681,1241,0.0,-0.0008333472224535399,0.5564867042707549,0.0
106415,11.32018866981116,0.556809024979855,560,681,1241,0.0,-0.0008333472224535399,0.5564867042707549,0.0
106416,11.319355322588706,0.556809024979855,560,681,1241,0.0,-0.0008333472224535399,0.5564867042707549,0.0
106417,11.318521975366252,0.556809024979855,560,681,1241,0.0,-0.0008333472224535399,0.5564867042707549,0.0
106418,11.317688628143799,0.556809024979855,560,681,1241,0.0,-0.0008333472224535399,0.5564867042707549,0.0
106419,11.316855280921345,0.556809024979855,560,681,1241,0.0,-0.0008333472224535399,0.5565672844480313,8.058017727639034e-05
106420,11.316021933698892,0.556809024979855,560,681,1241,0.0,-0.0008333472224535399,0.5566478646253076,8.058017727639034e-05
106421,11.315188586476438,0.556809024979855,560,681,1241,0.0,-0.0008333472224535399,0.556728444802584,8.058017727639034e-05
106422,11.314355239253985,0.556809024979855,560,681,1241,0.0,-0.0008333472224535399,0.5568090249798603,8.058017727639034e-05
106423,11.313521892031531,0.556809024979855,560,681,1241,0.0,-0.0008333472224535399,0.5568090249798603,0.0
106424,11.312688544809077,0.556809024979855,560,681,1241,0.0,-0.0008333472224535399,0.5568090249798603,0.0
106425,11.311855197586624,0.556809024979855,560,681,1241,0.0,-0.0008333472224535399,0.5568090249798603,0.0
106426,11.31102185036417,0.556809024979855,560,681,1241,0.0,-0.0008333472224535399,0.5568090249798603,0.0
106427,11.310188503141717,0.556809024979855,560,681,1241,0.0,-0.0008333472224535399,0.5568090249798603,0.0
106428,11.309355155919263,0.556809024979855,560,681,1241,0.0,-0.0008333472224535399,0.5568090249798603,0.0
106429,11.30852180869681,0.556809024979855,560,681,1241,0.0,-0.0008333472224535399,0.5568090249798603,0.0
106430,11.307688461474356,0.556809024979855,560,681,1241,0.0,-0.0008333472224535399,0.5568090249798603,0.0
106431,11.306855114251903,0.5576148267526189,560,681,1241,0.0008058017727639033,-0.0008333472224535399,0.5568896051571367,8.058017727639034e-05
106432,11.30602176702945,0.5576148267526189,560,681,1241,0.0,-0.0008333472224535399,0.5569701853344131,8.058017727639034e-05
106433,11.305188419806996,0.5576148267526189,560,681,1241,0.0,-0.0008333472224535399,0.5570507655116894,8.058017727639034e-05
106434,11.304355072584542,0.5576148267526189,560,681,1241,0.0,-0.0008333472224535399,0.5571313456889657,8.058017727639034e-05
106435,11.303521725362089,0.5576148267526189,560,681,1241,0.0,-0.0008333472224535399,0.5572119258662421,8.058017727639034e-05
106436,11.302688378139635,0.5576148267526189,560,681,1241,0.0,-0.0008333472224535399,0.5572925060435184,8.058017727639034e-05
106437,11.301855030917181,0.5576148267526189,560,681,1241,0.0,-0.0008333472224535399,0.5573730862207948,8.058017727639034e-05
106438,11.301021683694728,0.5576148267526189,560,681,1241,0.0,-0.0008333472224535399,0.5574536663980711,8.058017727639034e-05
106439,11.300188336472274,0.5576148267526189,560,681,1241,0.0,-0.0008333472224535399,0.5575342465753474,8.058017727639034e-05
106440,11.29935498924982,0.5576148267526189,560,681,1241,0.0,-0.0008333472224535399,0.5576148267526239,8.058017727639034e-05
106441,11.298521642027367,0.5576148267526189,560,681,1241,0.0,-0.0008333472224535399,0.5576148267526237,0.0
106442,11.297688294804914,0.5576148267526189,560,681,1241,0.0,-0.0008333472224535399,0.5576148267526237,0.0
106443,11.29685494758246,0.5576148267526189,560,681,1241,0.0,-0.0008333472224535399,0.5576148267526237,0.0
106444,11.296021600360007,0.5576148267526189,560,681,1241,0.0,-0.0008333472224535399,0.5576148267526237,0.0
106445,11.295188253137553,0.5576148267526189,560,681,1241,0.0,-0.0008333472224535399,0.5576148267526237,0.0
106446,11.2943549059151,0.5576148267526189,560,681,1241,0.0,-0.0008333472224535399,0.5576148267526237,0.0
106447,11.293521558692646,0.5576148267526189,560,681,1241,0.0,-0.0008333472224535399,0.5576148267526237,0.0
106448,11.292688211470193,0.556809024979855,560,681,1241,-0.0008058017727639033,-0.0008333472224535399,0.5575342465753474,-8.058017727639034e-05
106449,11.291854864247739,0.556809024979855,560,681,1241,0.0,-0.0008333472224535399,0.557453666398071,-8.058017727639034e-05
106450,11.291021517025285,0.556809024979855,560,681,1241,0.0,-0.0008333472224535399,0.5573730862207947,-8.058017727639034e-05
106451,11.290188169802832,0.556809024979855,560,681,1241,0.0,-0.0008333472224535399,0.5572925060435183,-8.058017727639034e-05
106452,11.289354822580371,0.556809024979855,560,681,1241,0.0,-0.0008333472224606453,0.557211925866242,-8.058017727639034e-05
106453,11.288521475357918,0.556809024979855,560,681,1241,0.0,-0.0008333472224535399,0.5571313456889657,-8.058017727639034e-05
106454,11.287688128135464,0.556809024979855,560,681,1241,0.0,-0.0008333472224535399,0.5570507655116893,-8.058017727639034e-05
106455,11.28685478091301,0.556809024979855,560,681,1241,0.0,-0.0008333472224535399,0.556970185334413,-8.058017727639034e-05
106456,11.286021433690557,0.556809024979855,560,681,1241,0.0,-0.0008333472224535399,0.5568896051571366,-8.058017727639034e-05
106457,11.285188086468104,0.556809024979855,560,681,1241,0.0,-0.0008333472224535399,0.5568090249798603,-8.058017727639034e-05
106458,11.28435473924565,0.5576148267526189,560,681,1241,0.0008058017727639033,-0.0008333472224535399,0.5568896051571367,8.058017727639034e-05
106459,11.283521392023196,0.5576148267526189,560,681,1241,0.0,-0.0008333472224535399,0.5569701853344131,8.058017727639034e-05
106460,11.282688044800743,0.5576148267526189,560,681,1241,0.0,-0.0008333472224535399,0.5570507655116894,8.058017727639034e-05
106461,11.28185469757829,0.5576148267526189,560,681,1241,0.0,-0.0008333472224535399,0.5571313456889657,8.058017727639034e-05
106462,11.281021350355836,0.5576148267526189,560,681,1241,0.0,-0.0008333472224535399,0.5572119258662421,8.058017727639034e-05
106463,11.280188003133382,0.5576148267526189,560,681,1241,0.0,-0.0008333472224535399,0.5572925060435184,8.058017727639034e-05
106464,11.279354655910929,0.5576148267526189,560,681,1241,0.0,-0.0008333472224535399,0.5573730862207948,8.058017727639034e-05
106465,11.278521308688475,0.5576148267526189,560,681,1241,0.0,-0.0008333472224535399,0.5574536663980711,8.058017727639034e-05
106466,11.277687961466022,0.5576148267526189,560,681,1241,0.0,-0.0008333472224535399,0.5575342465753474,8.058017727639034e-05
106467,11.276854614243568,0.5576148267526189,560,681,1241,0.0,-0.0008333472224535399,0.5576148267526239,8.058017727639034e-05
106468,11.276021267021115,0.5576148267526189,560,681,1241,0.0,-0.0008333472224535399,0.5576148267526237,0.0
106469,11.275187919798661,0.5576148267526189,560,681,1241,0.0,-0.0008333472224535399,0.5576148267526237,0.0
106470,11.274354572576208,0.5576148267526189,560,681,1241,0.0,-0.0008333472224535399,0.5576148267526237,0.0
106471,11.273521225353754,0.5576148267526189,560,681,1241,0.0,-0.0008333472224535399,0.5576148267526237,0.0
106472,11.2726878781313,0.556809024979855,560,681,1241,-0.0008058017727639033,-0.0008333472224535399,0.5575342465753474,-8.058017727639034e-05
106473,11.271854530908847,0.556809024979855,560,681,1241,0.0,-0.0008333472224535399,0.557453666398071,-8.058017727639034e-05
106474,11.271021183686393,0.556809024979855,560,681,1241,0.0,-0.0008333472224535399,0.5573730862207947,-8.058017727639034e-05
106475,11.27018783646394,0.556809024979855,560,681,1241,0.0,-0.0008333472224535399,0.5572925060435183,-8.058017727639034e-05
106476,11.269354489241486,0.556809024979855,560,681,1241,0.0,-0.0008333472224535399,0.557211925866242,-8.058017727639034e-05
106477,11.268521142019033,0.556809024979855,560,681,1241,0.0,-0.0008333472224535399,0.5571313456889657,-8.058017727639034e-05
106478,11.26768779479658,0.556809024979855,560,681,1241,0.0,-0.0008333472224535399,0.5570507655116893,-8.058017727639034e-05
106479,11.266854447574126,0.556809024979855,560,681,1241,0.0,-0.0008333472224535399,0.556970185334413,-8.058017727639034e-05
106480,11.266021100351672,0.5576148267526189,560,681,1241,0.0008058017727639033,-0.0008333472224535399,0.556970185334413,0.0
106481,11.265187753129219,0.5576148267526189,560,681,1241,0.0,-0.0008333472224535399,0.556970185334413,0.0
106482,11.264354405906765,0.5576148267526189,560,681,1241,0.0,-0.0008333472224535399,0.5570507655116894,8.058017727639034e-05
106483,11.263521058684312,0.5576148267526189,560,681,1241,0.0,-0.0008333472224535399,0.5571313456889657,8.058017727639034e-05
106484,11.262687711461858,0.5576148267526189,560,681,1241,0.0,-0.0008333472224535399,0.5572119258662421,8.058017727639034e-05
106485,11.261854364239404,0.5576148267526189,560,681,1241,0.0,-0.0008333472224535399,0.5572925060435184,8.058017727639034e-05
106486,11.261021017016951,0.5576148267526189,560,681,1241,0.0,-0.0008333472224535399,0.5573730862207948,8.058017727639034e-05
106487,11.260187669794497,0.556809024979855,560,681,1241,-0.0008058017727639033,-0.0008333472224535399,0.5573730862207948,0.0
106488,11.259354322572044,0.556809024979855,560,681,1241,0.0,-0.0008333472224535399,0.5573730862207948,0.0
106489,11.25852097534959,0.556809024979855,560,681,1241,0.0,-0.0008333472224535399,0.5573730862207948,0.0
106490,11.257687628127137,0.556809024979855,560,681,1241,0.0,-0.0008333472224535399,0.5572925060435183,-8.058017727639034e-05
106491,11.256854280904683,0.556809024979855,560,681,1241,0.0,-0.0008333472224535399,0.557211925866242,-8.058017727639034e-05
106492,11.25602093368223,0.5576148267526189,560,681,1241,0.0008058017727639033,-0.0008333472224535399,0.557211925866242,0.0
106493,11.255187586459776,0.5584206285253828,560,681,1241,0.0008058017727639033,-0.0008333472224535399,0.5572925060435183,8.058017727639034e-05
106494,11.254354239237315,0.5584206285253828,560,681,1241,0.0,-0.0008333472224606453,0.5573730862207947,8.058017727639034e-05
106495,11.253520892014862,0.5584206285253828,560,681,1241,0.0,-0.0008333472224535399,0.557453666398071,8.058017727639034e-05
106496,11.252687544792408,0.5584206285253828,560,681,1241,0.0,-0.0008333472224535399,0.5575342465753474,8.058017727639034e-05
106497,11.251854197569955,0.5584206285253828,560,681,1241,0.0,-0.0008333472224535399,0.5576954069299002,0.00016116035455278067
106498,11.251020850347501,0.5576148267526189,560,681,1241,-0.0008058017727639033,-0.0008333472224535399,0.5577759871071766,8.058017727639034e-05
106499,11.250187503125048,0.5576148267526189,560,681,1241,0.0,-0.0008333472224535399,0.5578565672844529,8.058017727639034e-05
106500,11.249354155902594,0.5576148267526189,560,681,1241,0.0,-0.0008333472224535399,0.5579371474617292,8.058017727639034e-05
106501,11.24852080868014,0.5576148267526189,560,681,1241,0.0,-0.0008333472224535399,0.5580177276390056,8.058017727639034e-05
106502,11.247687461457687,0.5576148267526189,560,681,1241,0.0,-0.0008333472224535399,0.5580177276390055,0.0
106503,11.246854114235234,0.5576148267526189,560,681,1241,0.0,-0.0008333472224535399,0.5579371474617292,-8.058017727639034e-05
106504,11.24602076701278,0.5576148267526189,560,681,1241,0.0,-0.0008333472224535399,0.5578565672844528,-8.058017727639034e-05
106505,11.245187419790327,0.5576148267526189,560,681,1241,0.0,-0.0008333472224535399,0.5577759871071765,-8.058017727639034e-05
106506,11.244354072567873,0.5576148267526189,560,681,1241,0.0,-0.0008333472224535399,0.5576954069299,-8.058017727639034e-05
106507,11.24352072534542,0.5576148267526189,560,681,1241,0.0,-0.0008333472224535399,0.5576148267526237,-8.058017727639034e-05
106508,11.242687378122966,0.5576148267526189,560,681,1241,0.0,-0.0008333472224535399,0.5576148267526237,0.0
106509,11.241854030900512,0.5576148267526189,560,681,1241,0.0,-0.0008333472224535399,0.5576148267526237,0.0
106510,11.241020683678059,0.5576148267526189,560,681,1241,0.0,-0.0008333472224535399,0.5576148267526237,0.0
106511,11.240187336455605,0.5576148267526189,560,681,1241,0.0,-0.0008333472224535399,0.5576148267526237,0.0
106512,11.239353989233152,0.5576148267526189,560,681,1241,0.0,-0.0008333472224535399,0.5576148267526237,0.0
106513,11.238520642010698,0.5576148267526189,560,681,1241,0.0,-0.0008333472224535399,0.5576148267526237,0.0
106514,11.237687294788245,0.5576148267526189,560,681,1241,0.0,-0.0008333472224535399,0.5576148267526237,0.0
106515,11.236853947565791,0.5576148267526189,560,681,1241,0.0,-0.0008333472224535399,0.5576148267526237,0.0
106516,11.236020600343338,0.5576148267526189,560,681,1241,0.0,-0.0008333472224535399,0.5576148267526237,0.0
106517,11.235187253120884,0.5576148267526189,560,681,1241,0.0,-0.0008333472224535399,0.5576148267526237,0.0
106518,11.23435390589843,0.5576148267526189,560,681,1241,0.0,-0.0008333472224535399,0.5576148267526237,0.0
106519,11.233520558675977,0.556809024979855,560,681,1241,-0.0008058017727639033,-0.0008333472224535399,0.5575342465753474,-8.058017727639034e-05
106520,11.232687211453523,0.556809024979855,560,681,1241,0.0,-0.0008333472224535399,0.557453666398071,-8.058017727639034e-05
106521,11.23185386423107,0.556809024979855,560,681,1241,0.0,-0.0008333472224535399,0.5573730862207947,-8.058017727639034e-05
106522,11.231020517008616,0.556809024979855,560,681,1241,0.0,-0.0008333472224535399,0.5572925060435183,-8.058017727639034e-05
106523,11.230187169786163,0.556809024979855,560,681,1241,0.0,-0.0008333472224535399,0.557211925866242,-8.058017727639034e-05
106524,11.22935382256371,0.556809024979855,560,681,1241,0.0,-0.0008333472224535399,0.5571313456889657,-8.058017727639034e-05
106525,11.228520475341256,0.556809024979855,560,681,1241,0.0,-0.0008333472224535399,0.5570507655116893,-8.058017727639034e-05
106526,11.227687128118802,0.556809024979855,560,681,1241,0.0,-0.0008333472224535399,0.556970185334413,-8.058017727639034e-05
106527,11.226853780896349,0.556809024979855,560,681,1241,0.0,-0.0008333472224535399,0.5568896051571366,-8.058017727639034e-05
106528,11.226020433673895,0.556809024979855,560,681,1241,0.0,-0.0008333472224535399,0.5568090249798603,-8.058017727639034e-05
106529,11.225187086451442,0.556809024979855,560,681,1241,0.0,-0.0008333472224535399,0.5568090249798603,0.0
106530,11.224353739228988,0.556809024979855,560,681,1241,0.0,-0.0008333472224535399,0.5568090249798603,0.0
106531,11.223520392006535,0.556809024979855,560,681,1241,0.0,-0.0008333472224535399,0.5568090249798603,0.0
106532,11.222687044784081,0.5576148267526189,560,681,1241,0.0008058017727639033,-0.0008333472224535399,0.5568896051571367,8.058017727639034e-05
106533,11.221853697561627,0.5576148267526189,560,681,1241,0.0,-0.0008333472224535399,0.5569701853344131,8.058017727639034e-05
106534,11.221020350339174,0.5576148267526189,560,681,1241,0.0,-0.0008333472224535399,0.5570507655116894,8.058017727639034e-05
106535,11.22018700311672,0.5576148267526189,560,681,1241,0.0,-0.0008333472224535399,0.5571313456889657,8.058017727639034e-05
106536,11.219353655894267,0.5576148267526189,560,681,1241,0.0,-0.0008333472224535399,0.5572119258662421,8.058017727639034e-05
106537,11.218520308671806,0.5576148267526189,560,681,1241,0.0,-0.0008333472224606453,0.5572925060435184,8.058017727639034e-05
106538,11.217686961449353,0.5576148267526189,560,681,1241,0.0,-0.0008333472224535399,0.5573730862207948,8.058017727639034e-05
106539,11.216853614226899,0.5576148267526189,560,681,1241,0.0,-0.0008333472224535399,0.5574536663980711,8.058017727639034e-05
106540,11.216020267004446,0.5576148267526189,560,681,1241,0.0,-0.0008333472224535399,0.5575342465753474,8.058017727639034e-05
106541,11.215186919781992,0.5576148267526189,560,681,1241,0.0,-0.0008333472224535399,0.5576148267526239,8.058017727639034e-05
106542,11.214353572559538,0.5576148267526189,560,681,1241,0.0,-0.0008333472224535399,0.5576148267526237,0.0
106543,11.213520225337085,0.5576148267526189,560,681,1241,0.0,-0.0008333472224535399,0.5576148267526237,0.0
106544,11.212686878114631,0.5576148267526189,560,681,1241,0.0,-0.0008333472224535399,0.5576148267526237,0.0
106545,11.211853530892178,0.5576148267526189,560,681,1241,0.0,-0.0008333472224535399,0.5576148267526237,0.0
106546,11.211020183669724,0.5576148267526189,560,681,1241,0.0,-0.0008333472224535399,0.5576148267526237,0.0
106547,11.21018683644727,0.5576148267526189,560,681,1241,0.0,-0.0008333472224535399,0.5576148267526237,0.0
106548,11.209353489224817,0.5576148267526189,560,681,1241,0.0,-0.0008333472224535399,0.5576148267526237,0.0
106549,11.208520142002364,0.5576148267526189,560,681,1241,0.0,-0.0008333472224535399,0.5576148267526237,0.0
106550,11.20768679477991,0.5576148267526189,560,681,1241,0.0,-0.0008333472224535399,0.5576148267526237,0.0
106551,11.206853447557457,0.5576148267526189,560,681,1241,0.0,-0.0008333472224535399,0.5576148267526237,0.0
106552,11.206020100335003,0.5576148267526189,560,681,1241,0.0,-0.0008333472224535399,0.5576148267526237,0.0
106553,11.20518675311255,0.5576148267526189,560,681,1241,0.0,-0.0008333472224535399,0.5576148267526237,0.0
106554,11.204353405890096,0.5576148267526189,560,681,1241,0.0,-0.0008333472224535399,0.5576148267526237,0.0
106555,11.203520058667642,0.5576148267526189,560,681,1241,0.0,-0.0008333472224535399,0.5576148267526237,0.0
106556,11.202686711445189,0.5576148267526189,560,681,1241,0.0,-0.0008333472224535399,0.5576148267526237,0.0
106557,11.201853364222735,0.5576148267526189,560,681,1241,0.0,-0.0008333472224535399,0.5576148267526237,0.0
106558,11.201020017000282,0.5576148267526189,560,681,1241,0.0,-0.0008333472224535399,0.5576148267526237,0.0
106559,11.200186669777828,0.5576148267526189,560,681,1241,0.0,-0.0008333472224535399,0.5576148267526237,0.0
106560,11.199353322555375,0.5576148267526189,560,681,1241,0.0,-0.0008333472224535399,0.5576148267526237,0.0
106561,11.198519975332921,0.5576148267526189,560,681,1241,0.0,-0.0008333472224535399,0.5576148267526237,0.0
106562,11.197686628110468,0.5576148267526189,560,681,1241,0.0,-0.0008333472224535399,0.5576148267526237,0.0
106563,11.196853280888014,0.5576148267526189,560,681,1241,0.0,-0.0008333472224535399,0.5576148267526237,0.0
106564,11.19601993366556,0.5576148267526189,560,681,1241,0.0,-0.0008333472224535399,0.5576148267526237,0.0
106565,11.195186586443107,0.5576148267526189,560,681,1241,0.0,-0.0008333472224535399,0.5576148267526237,0.0
106566,11.194353239220654,0.5576148267526189,560,681,1241,0.0,-0.0008333472224535399,0.5576148267526237,0.0
106567,11.1935198919982,0.5576148267526189,560,681,1241,0.0,-0.0008333472224535399,0.5576148267526237,0.0
106568,11.192686544775746,0.5576148267526189,560,681,1241,0.0,-0.0008333472224535399,0.5576148267526237,0.0
106569,11.191853197553293,0.5576148267526189,560,681,1241,0.0,-0.0008333472224535399,0.5576148267526237,0.0
106570,11.19101985033084,0.5576148267526189,560,681,1241,0.0,-0.0008333472224535399,0.5576148267526237,0.0
106571,11.190186503108386,0.5584206285253828,560,681,1241,0.0008058017727639033,-0.0008333472224535399,0.5576954069299,8.058017727639034e-05
106572,11.189353155885932,0.5584206285253828,560,681,1241,0.0,-0.0008333472224535399,0.5577759871071765,8.058017727639034e-05
106573,11.188519808663479,0.5584206285253828,560,681,1241,0.0,-0.0008333472224535399,0.5578565672844528,8.058017727639034e-05
106574,11.187686461441025,0.5576148267526189,560,681,1241,-0.0008058017727639033,-0.0008333472224535399,0.5578565672844528,0.0
106575,11.186853114218572,0.5576148267526189,560,681,1241,0.0,-0.0008333472224535399,0.5578565672844528,0.0
106576,11.186019766996118,0.5576148267526189,560,681,1241,0.0,-0.0008333472224535399,0.5578565672844528,0.0
106577,11.185186419773665,0.5576148267526189,560,681,1241,0.0,-0.0008333472224535399,0.5578565672844528,0.0
106578,11.184353072551211,0.5576148267526189,560,681,1241,0.0,-0.0008333472224535399,0.5578565672844528,0.0
106579,11.18351972532875,0.5576148267526189,560,681,1241,0.0,-0.0008333472224606453,0.5578565672844528,0.0
106580,11.182686378106297,0.556809024979855,560,681,1241,-0.0008058017727639033,-0.0008333472224535399,0.5577759871071765,-8.058017727639034e-05
106581,11.181853030883843,0.5560032232070911,560,681,1241,-0.0008058017727639033,-0.0008333472224535399,0.5575342465753472,-0.00024174053182917098
106582,11.18101968366139,0.5560032232070911,560,681,1241,0.0,-0.0008333472224535399,0.557292506043518,-0.00024174053182917098
106583,11.180186336438936,0.5560032232070911,560,681,1241,0.0,-0.0008333472224535399,0.5570507655116888,-0.00024174053182917098
106584,11.179352989216483,0.5560032232070911,560,681,1241,0.0,-0.0008333472224535399,0.5568896051571359,-0.00016116035455278067
106585,11.17851964199403,0.5560032232070911,560,681,1241,0.0,-0.0008333472224535399,0.5567284448025831,-0.00016116035455278067
106586,11.177686294771576,0.5560032232070911,560,681,1241,0.0,-0.0008333472224535399,0.5565672844480302,-0.00016116035455278067
106587,11.176852947549122,0.5560032232070911,560,681,1241,0.0,-0.0008333472224535399,0.5564061240934773,-0.00016116035455278067
106588,11.176019600326669,0.5551974214343272,560,681,1241,-0.0008058017727639033,-0.0008333472224535399,0.5561643835616481,-0.00024174053182917098
106589,11.175186253104215,0.5551974214343272,560,681,1241,0.0,-0.0008333472224535399,0.5559226430298189,-0.00024174053182917098
106590,11.174352905881761,0.5551974214343272,560,681,1241,0.0,-0.0008333472224535399,0.5557614826752661,-0.00016116035455278067
106591,11.173519558659308,0.5551974214343272,560,681,1241,0.0,-0.0008333472224535399,0.5556809024979896,-8.058017727639034e-05
106592,11.172686211436854,0.5551974214343272,560,681,1241,0.0,-0.0008333472224535399,0.5556003223207133,-8.058017727639034e-05
106593,11.1718528642144,0.5551974214343272,560,681,1241,0.0,-0.0008333472224535399,0.555519742143437,-8.058017727639034e-05
106594,11.171019516991947,0.5551974214343272,560,681,1241,0.0,-0.0008333472224535399,0.5554391619661606,-8.058017727639034e-05
106595,11.170186169769494,0.5551974214343272,560,681,1241,0.0,-0.0008333472224535399,0.5553585817888843,-8.058017727639034e-05
106596,11.16935282254704,0.5551974214343272,560,681,1241,0.0,-0.0008333472224535399,0.5552780016116079,-8.058017727639034e-05
106597,11.168519475324587,0.5551974214343272,560,681,1241,0.0,-0.0008333472224535399,0.5551974214343316,-8.058017727639034e-05
106598,11.167686128102133,0.5551974214343272,560,681,1241,0.0,-0.0008333472224535399,0.5551974214343316,0.0
106599,11.16685278087968,0.5551974214343272,560,681,1241,0.0,-0.0008333472224535399,0.5551974214343316,0.0
106600,11.166019433657226,0.5551974214343272,560,681,1241,0.0,-0.0008333472224535399,0.5551974214343316,0.0
106601,11.165186086434773,0.5551974214343272,560,681,1241,0.0,-0.0008333472224535399,0.5551974214343316,0.0
106602,11.164352739212319,0.5551974214343272,560,681,1241,0.0,-0.0008333472224535399,0.5551974214343316,0.0
106603,11.163519391989865,0.5551974214343272,560,681,1241,0.0,-0.0008333472224535399,0.5551974214343316,0.0
106604,11.162686044767412,0.5551974214343272,560,681,1241,0.0,-0.0008333472224535399,0.5551974214343316,0.0
106605,11.161852697544958,0.5551974214343272,560,681,1241,0.0,-0.0008333472224535399,0.5551974214343316,0.0
106606,11.161019350322505,0.5551974214343272,560,681,1241,0.0,-0.0008333472224535399,0.5551974214343316,0.0
106607,11.160186003100051,0.5551974214343272,560,681,1241,0.0,-0.0008333472224535399,0.5551974214343316,0.0
106608,11.159352655877598,0.5551974214343272,560,681,1241,0.0,-0.0008333472224535399,0.5551974214343316,0.0
106609,11.158519308655144,0.5551974214343272,560,681,1241,0.0,-0.0008333472224535399,0.5551974214343316,0.0
106610,11.15768596143269,0.5551974214343272,560,681,1241,0.0,-0.0008333472224535399,0.5551974214343316,0.0
106611,11.156852614210237,0.5551974214343272,560,681,1241,0.0,-0.0008333472224535399,0.5551974214343316,0.0
106612,11.156019266987784,0.5551974214343272,560,681,1241,0.0,-0.0008333472224535399,0.5551974214343316,0.0
106613,11.15518591976533,0.5551974214343272,560,681,1241,0.0,-0.0008333472224535399,0.5551974214343316,0.0
106614,11.154352572542876,0.5551974214343272,560,681,1241,0.0,-0.0008333472224535399,0.5551974214343316,0.0
106615,11.153519225320423,0.5551974214343272,560,681,1241,0.0,-0.0008333472224535399,0.5551974214343316,0.0
106616,11.15268587809797,0.5551974214343272,560,681,1241,0.0,-0.0008333472224535399,0.5551974214343316,0.0
106617,11.151852530875516,0.5551974214343272,560,681,1241,0.0,-0.0008333472224535399,0.5551974214343316,0.0
106618,11.151019183653062,0.5551974214343272,560,681,1241,0.0,-0.0008333472224535399,0.5551974214343316,0.0
106619,11.150185836430609,0.5551974214343272,560,681,1241,0.0,-0.0008333472224535399,0.5551974214343316,0.0
106620,11.149352489208155,0.5551974214343272,560,681,1241,0.0,-0.0008333472224535399,0.5551974214343316,0.0
106621,11.148519141985695,0.5551974214343272,560,681,1241,0.0,-0.0008333472224606453,0.5551974214343316,0.0
106622,11.147685794763241,0.5535858178887993,560,681,1241,-0.0016116035455278066,-0.0008333472224535399,0.5550362610797788,-0.00016116035455278067
106623,11.146852447540788,0.5535858178887993,560,681,1241,0.0,-0.0008333472224535399,0.5548751007252261,-0.00016116035455278067
106624,11.146019100318334,0.5535858178887993,560,681,1241,0.0,-0.0008333472224535399,0.5547139403706732,-0.00016116035455278067
106625,11.14518575309588,0.5535858178887993,560,681,1241,0.0,-0.0008333472224535399,0.5545527800161205,-0.00016116035455278067
106626,11.144352405873427,0.5535858178887993,560,681,1241,0.0,-0.0008333472224535399,0.5543916196615677,-0.00016116035455278067
106627,11.143519058650973,0.5535858178887993,560,681,1241,0.0,-0.0008333472224535399,0.5542304593070149,-0.00016116035455278067
106628,11.14268571142852,0.5535858178887993,560,681,1241,0.0,-0.0008333472224535399,0.5540692989524622,-0.00016116035455278067
106629,11.141852364206066,0.5535858178887993,560,681,1241,0.0,-0.0008333472224535399,0.5539081385979093,-0.00016116035455278067
106630,11.141019016983613,0.5535858178887993,560,681,1241,0.0,-0.0008333472224535399,0.5537469782433566,-0.00016116035455278067
106631,11.14018566976116,0.5535858178887993,560,681,1241,0.0,-0.0008333472224535399,0.5535858178888038,-0.00016116035455278067
106632,11.139352322538706,0.5535858178887993,560,681,1241,0.0,-0.0008333472224535399,0.5535858178888038,0.0
106633,11.138518975316252,0.5535858178887993,560,681,1241,0.0,-0.0008333472224535399,0.5535858178888038,0.0
106634,11.137685628093799,0.5535858178887993,560,681,1241,0.0,-0.0008333472224535399,0.5535858178888038,0.0
106635,11.136852280871345,0.5535858178887993,560,681,1241,0.0,-0.0008333472224535399,0.5535858178888038,0.0
106636,11.136018933648892,0.5535858178887993,560,681,1241,0.0,-0.0008333472224535399,0.5535858178888038,0.0
106637,11.135185586426438,0.5535858178887993,560,681,1241,0.0,-0.0008333472224535399,0.5535858178888038,0.0
106638,11.134352239203984,0.5535858178887993,560,681,1241,0.0,-0.0008333472224535399,0.5535858178888038,0.0
106639,11.13351889198153,0.5535858178887993,560,681,1241,0.0,-0.0008333472224535399,0.5535858178888038,0.0
106640,11.132685544759077,0.5535858178887993,560,681,1241,0.0,-0.0008333472224535399,0.5535858178888038,0.0
106641,11.131852197536624,0.5535858178887993,560,681,1241,0.0,-0.0008333472224535399,0.5535858178888038,0.0
106642,11.13101885031417,0.5535858178887993,560,681,1241,0.0,-0.0008333472224535399,0.5535858178888038,0.0
106643,11.130185503091717,0.5535858178887993,560,681,1241,0.0,-0.0008333472224535399,0.5535858178888038,0.0
106644,11.129352155869263,0.5535858178887993,560,681,1241,0.0,-0.0008333472224535399,0.5535858178888038,0.0
106645,11.12851880864681,0.5535858178887993,560,681,1241,0.0,-0.0008333472224535399,0.5535858178888038,0.0
106646,11.127685461424356,0.5535858178887993,560,681,1241,0.0,-0.0008333472224535399,0.5535858178888038,0.0
106647,11.126852114201903,0.5527800161160354,560,681,1241,-0.0008058017727639033,-0.0008333472224535399,0.5535052377115274,-8.058017727639034e-05
106648,11.126018766979449,0.5527800161160354,560,681,1241,0.0,-0.0008333472224535399,0.553424657534251,-8.058017727639034e-05
106649,11.125185419756995,0.5527800161160354,560,681,1241,0.0,-0.0008333472224535399,0.5533440773569747,-8.058017727639034e-05
106650,11.124352072534542,0.5527800161160354,560,681,1241,0.0,-0.0008333472224535399,0.5532634971796984,-8.058017727639034e-05
106651,11.123518725312088,0.5527800161160354,560,681,1241,0.0,-0.0008333472224535399,0.553182917002422,-8.058017727639034e-05
106652,11.122685378089635,0.5527800161160354,560,681,1241,0.0,-0.0008333472224535399,0.5531023368251456,-8.058017727639034e-05
106653,11.121852030867181,0.5527800161160354,560,681,1241,0.0,-0.0008333472224535399,0.5530217566478692,-8.058017727639034e-05
106654,11.121018683644728,0.5527800161160354,560,681,1241,0.0,-0.0008333472224535399,0.5529411764705929,-8.058017727639034e-05
106655,11.120185336422274,0.5527800161160354,560,681,1241,0.0,-0.0008333472224535399,0.5528605962933166,-8.058017727639034e-05
106656,11.11935198919982,0.5527800161160354,560,681,1241,0.0,-0.0008333472224535399,0.5527800161160402,-8.058017727639034e-05
106657,11.118518641977367,0.5527800161160354,560,681,1241,0.0,-0.0008333472224535399,0.5527800161160403,0.0
106658,11.117685294754914,0.5527800161160354,560,681,1241,0.0,-0.0008333472224535399,0.5527800161160403,0.0
106659,11.11685194753246,0.5527800161160354,560,681,1241,0.0,-0.0008333472224535399,0.5527800161160403,0.0
106660,11.116018600310007,0.5527800161160354,560,681,1241,0.0,-0.0008333472224535399,0.5527800161160403,0.0
106661,11.115185253087553,0.5527800161160354,560,681,1241,0.0,-0.0008333472224535399,0.5527800161160403,0.0
106662,11.1143519058651,0.5527800161160354,560,681,1241,0.0,-0.0008333472224535399,0.5527800161160403,0.0
106663,11.113518558642646,0.5527800161160354,560,681,1241,0.0,-0.0008333472224535399,0.5527800161160403,0.0
106664,11.112685211420185,0.5527800161160354,560,681,1241,0.0,-0.0008333472224606453,0.5527800161160403,0.0
106665,11.111851864197732,0.5527800161160354,560,681,1241,0.0,-0.0008333472224535399,0.5527800161160403,0.0
106666,11.111018516975278,0.5527800161160354,560,681,1241,0.0,-0.0008333472224535399,0.5527800161160403,0.0
106667,11.110185169752825,0.5527800161160354,560,681,1241,0.0,-0.0008333472224535399,0.5527800161160403,0.0
106668,11.109351822530371,0.5527800161160354,560,681,1241,0.0,-0.0008333472224535399,0.5527800161160403,0.0
106669,11.108518475307918,0.5527800161160354,560,681,1241,0.0,-0.0008333472224535399,0.5527800161160403,0.0
106670,11.107685128085464,0.5527800161160354,560,681,1241,0.0,-0.0008333472224535399,0.5527800161160403,0.0
106671,11.10685178086301,0.5527800161160354,560,681,1241,0.0,-0.0008333472224535399,0.5527800161160403,0.0
106672,11.106018433640557,0.5527800161160354,560,681,1241,0.0,-0.0008333472224535399,0.5527800161160403,0.0
106673,11.105185086418103,0.5527800161160354,560,681,1241,0.0,-0.0008333472224535399,0.5527800161160403,0.0
106674,11.10435173919565,0.5527800161160354,560,681,1241,0.0,-0.0008333472224535399,0.5527800161160403,0.0
106675,11.103518391973196,0.5527800161160354,560,681,1241,0.0,-0.0008333472224535399,0.5527800161160403,0.0
106676,11.102685044750743,0.5527800161160354,560,681,1241,0.0,-0.0008333472224535399,0.5527800161160403,0.0
106677,11.10185169752829,0.5527800161160354,560,681,1241,0.0,-0.0008333472224535399,0.5527800161160403,0.0
106678,11.101018350305836,0.5527800161160354,560,681,1241,0.0,-0.0008333472224535399,0.5527800161160403,0.0
106679,11.100185003083382,0.5527800161160354,560,681,1241,0.0,-0.0008333472224535399,0.5527800161160403,0.0
106680,11.099351655860929,0.5527800161160354,560,681,1241,0.0,-0.0008333472224535399,0.5527800161160403,0.0
106681,11.098518308638475,0.5527800161160354,560,681,1241,0.0,-0.0008333472224535399,0.5527800161160403,0.0
106682,11.097684961416022,0.5527800161160354,560,681,1241,0.0,-0.0008333472224535399,0.5527800161160403,0.0
106683,11.096851614193568,0.5527800161160354,560,681,1241,0.0,-0.0008333472224535399,0.5527800161160403,0.0
106684,11.096018266971114,0.5527800161160354,560,681,1241,0.0,-0.0008333472224535399,0.5527800161160403,0.0
106685,11.095184919748661,0.5527800161160354,560,681,1241,0.0,-0.0008333472224535399,0.5527800161160403,0.0
106686,11.094351572526207,0.5527800161160354,560,681,1241,0.0,-0.0008333472224535399,0.5527800161160403,0.0
106687,11.093518225303754,0.5527800161160354,560,681,1241,0.0,-0.0008333472224535399,0.5527800161160403,0.0
106688,11.0926848780813,0.5527800161160354,560,681,1241,0.0,-0.0008333472224535399,0.5527800161160403,0.0
106689,11.091851530858847,0.5527800161160354,560,681,1241,0.0,-0.0008333472224535399,0.5527800161160403,0.0
106690,11.091018183636393,0.5527800161160354,560,681,1241,0.0,-0.0008333472224535399,0.5527800161160403,0.0
106691,11.09018483641394,0.5527800161160354,560,681,1241,0.0,-0.0008333472224535399,0.5527800161160403,0.0
106692,11.089351489191486,0.5527800161160354,560,681,1241,0.0,-0.0008333472224535399,0.5527800161160403,0.0
106693,11.088518141969033,0.5527800161160354,560,681,1241,0.0,-0.0008333472224535399,0.5527800161160403,0.0
106694,11.087684794746579,0.5527800161160354,560,681,1241,0.0,-0.0008333472224535399,0.5527800161160403,0.0
106695,11.086851447524126,0.5527800161160354,560,681,1241,0.0,-0.0008333472224535399,0.5527800161160403,0.0
106696,11.086018100301672,0.5527800161160354,560,681,1241,0.0,-0.0008333472224535399,0.5527800161160403,0.0
106697,11.085184753079218,0.5527800161160354,560,681,1241,0.0,-0.0008333472224535399,0.5527800161160403,0.0
106698,11.084351405856765,0.5527800161160354,560,681,1241,0.0,-0.0008333472224535399,0.5527800161160403,0.0
106699,11.083518058634311,0.5527800161160354,560,681,1241,0.0,-0.0008333472224535399,0.5527800161160403,0.0
106700,11.082684711411858,0.5527800161160354,560,681,1241,0.0,-0.0008333472224535399,0.5527800161160403,0.0
106701,11.081851364189404,0.5527800161160354,560,681,1241,0.0,-0.0008333472224535399,0.5527800161160403,0.0
106702,11.08101801696695,0.5527800161160354,560,681,1241,0.0,-0.0008333472224535399,0.5527800161160403,0.0
106703,11.080184669744497,0.5527800161160354,560,681,1241,0.0,-0.0008333472224535399,0.5527800161160403,0.0
106704,11.079351322522044,0.5527800161160354,560,681,1241,0.0,-0.0008333472224535399,0.5527800161160403,0.0
106705,11.07851797529959,0.5527800161160354,560,681,1241,0.0,-0.0008333472224535399,0.5527800161160403,0.0
106706,11.07768462807713,0.5527800161160354,560,681,1241,0.0,-0.0008333472224606453,0.5527800161160403,0.0
106707,11.076851280854676,0.5527800161160354,560,681,1241,0.0,-0.0008333472224535399,0.5527800161160403,0.0
106708,11.076017933632222,0.5527800161160354,560,681,1241,0.0,-0.0008333472224535399,0.5527800161160403,0.0
106709,11.075184586409769,0.5527800161160354,560,681,1241,0.0,-0.0008333472224535399,0.5527800161160403,0.0
106710,11.074351239187315,0.5527800161160354,560,681,1241,0.0,-0.0008333472224535399,0.5527800161160403,0.0
106711,11.073517891964862,0.5527800161160354,560,681,1241,0.0,-0.0008333472224535399,0.5527800161160403,0.0
106712,11.072684544742408,0.5527800161160354,560,681,1241,0.0,-0.0008333472224535399,0.5527800161160403,0.0
106713,11.071851197519955,0.5535858178887993,560,681,1241,0.0008058017727639033,-0.0008333472224535399,0.5528605962933166,8.058017727639034e-05
106714,11.071017850297501,0.5535858178887993,560,681,1241,0.0,-0.0008333472224535399,0.552941176470593,8.058017727639034e-05
106715,11.070184503075048,0.5535858178887993,560,681,1241,0.0,-0.0008333472224535399,0.5530217566478693,8.058017727639034e-05
106716,11.069351155852594,0.5535858178887993,560,681,1241,0.0,-0.0008333472224535399,0.5531023368251458,8.058017727639034e-05
106717,11.06851780863014,0.5535858178887993,560,681,1241,0.0,-0.0008333472224535399,0.5531829170024221,8.058017727639034e-05
106718,11.067684461407687,0.5535858178887993,560,681,1241,0.0,-0.0008333472224535399,0.5532634971796984,8.058017727639034e-05
106719,11.066851114185233,0.5535858178887993,560,681,1241,0.0,-0.0008333472224535399,0.5533440773569748,8.058017727639034e-05
106720,11.06601776696278,0.5535858178887993,560,681,1241,0.0,-0.0008333472224535399,0.5534246575342511,8.058017727639034e-05
106721,11.065184419740326,0.5535858178887993,560,681,1241,0.0,-0.0008333472224535399,0.5535052377115275,8.058017727639034e-05
106722,11.064351072517873,0.5535858178887993,560,681,1241,0.0,-0.0008333472224535399,0.5535858178888038,8.058017727639034e-05
106723,11.06351772529542,0.5535858178887993,560,681,1241,0.0,-0.0008333472224535399,0.5535858178888038,0.0
106724,11.062684378072966,0.5535858178887993,560,681,1241,0.0,-0.0008333472224535399,0.5535858178888038,0.0
106725,11.061851030850512,0.5535858178887993,560,681,1241,0.0,-0.0008333472224535399,0.5535858178888038,0.0
106726,11.061017683628059,0.5535858178887993,560,681,1241,0.0,-0.0008333472224535399,0.5535858178888038,0.0
106727,11.060184336405605,0.5535858178887993,560,681,1241,0.0,-0.0008333472224535399,0.5535858178888038,0.0
106728,11.059350989183152,0.5535858178887993,560,681,1241,0.0,-0.0008333472224535399,0.5535858178888038,0.0
106729,11.058517641960698,0.5535858178887993,560,681,1241,0.0,-0.0008333472224535399,0.5535858178888038,0.0
106730,11.057684294738245,0.5535858178887993,560,681,1241,0.0,-0.0008333472224535399,0.5535858178888038,0.0
106731,11.056850947515791,0.5535858178887993,560,681,1241,0.0,-0.0008333472224535399,0.5535858178888038,0.0
106732,11.056017600293337,0.5535858178887993,560,681,1241,0.0,-0.0008333472224535399,0.5535858178888038,0.0
106733,11.055184253070884,0.5535858178887993,560,681,1241,0.0,-0.0008333472224535399,0.5535858178888038,0.0
106734,11.05435090584843,0.5535858178887993,560,681,1241,0.0,-0.0008333472224535399,0.5535858178888038,0.0
106735,11.053517558625977,0.5535858178887993,560,681,1241,0.0,-0.0008333472224535399,0.5535858178888038,0.0
106736,11.052684211403523,0.5535858178887993,560,681,1241,0.0,-0.0008333472224535399,0.5535858178888038,0.0
106737,11.05185086418107,0.5535858178887993,560,681,1241,0.0,-0.0008333472224535399,0.5535858178888038,0.0
106738,11.051017516958616,0.5535858178887993,560,681,1241,0.0,-0.0008333472224535399,0.5535858178888038,0.0
106739,11.050184169736163,0.5535858178887993,560,681,1241,0.0,-0.0008333472224535399,0.5535858178888038,0.0
106740,11.04935082251371,0.5535858178887993,560,681,1241,0.0,-0.0008333472224535399,0.5535858178888038,0.0
106741,11.048517475291256,0.5535858178887993,560,681,1241,0.0,-0.0008333472224535399,0.5535858178888038,0.0
106742,11.047684128068802,0.5535858178887993,560,681,1241,0.0,-0.0008333472224535399,0.5535858178888038,0.0
106743,11.046850780846349,0.5535858178887993,560,681,1241,0.0,-0.0008333472224535399,0.5535858178888038,0.0
106744,11.046017433623895,0.5535858178887993,560,681,1241,0.0,-0.0008333472224535399,0.5535858178888038,0.0
106745,11.045184086401441,0.5535858178887993,560,681,1241,0.0,-0.0008333472224535399,0.5535858178888038,0.0
106746,11.044350739178988,0.5543916196615633,560,681,1241,0.0008058017727639033,-0.0008333472224535399,0.5536663980660802,8.058017727639034e-05
106747,11.043517391956534,0.5543916196615633,560,681,1241,0.0,-0.0008333472224535399,0.5537469782433566,8.058017727639034e-05
106748,11.042684044734074,0.5543916196615633,560,681,1241,0.0,-0.0008333472224606453,0.5538275584206329,8.058017727639034e-05
106749,11.04185069751162,0.5543916196615633,560,681,1241,0.0,-0.0008333472224535399,0.5539081385979092,8.058017727639034e-05
106750,11.041017350289167,0.5543916196615633,560,681,1241,0.0,-0.0008333472224535399,0.5539887187751856,8.058017727639034e-05
106751,11.040184003066713,0.5543916196615633,560,681,1241,0.0,-0.0008333472224535399,0.5540692989524619,8.058017727639034e-05
106752,11.03935065584426,0.5543916196615633,560,681,1241,0.0,-0.0008333472224535399,0.5541498791297383,8.058017727639034e-05
106753,11.038517308621806,0.5543916196615633,560,681,1241,0.0,-0.0008333472224535399,0.5542304593070146,8.058017727639034e-05
106754,11.037683961399352,0.5543916196615633,560,681,1241,0.0,-0.0008333472224535399,0.554311039484291,8.058017727639034e-05
106755,11.036850614176899,0.5543916196615633,560,681,1241,0.0,-0.0008333472224535399,0.5543916196615674,8.058017727639034e-05
106756,11.036017266954445,0.5543916196615633,560,681,1241,0.0,-0.0008333472224535399,0.5543916196615672,0.0
106757,11.035183919731992,0.5543916196615633,560,681,1241,0.0,-0.0008333472224535399,0.5543916196615672,0.0
106758,11.034350572509538,0.5543916196615633,560,681,1241,0.0,-0.0008333472224535399,0.5543916196615672,0.0
106759,11.033517225287085,0.5543916196615633,560,681,1241,0.0,-0.0008333472224535399,0.5543916196615672,0.0
106760,11.032683878064631,0.5551974214343272,560,681,1241,0.0008058017727639033,-0.0008333472224535399,0.5544721998388435,8.058017727639034e-05
106761,11.031850530842178,0.5551974214343272,560,681,1241,0.0,-0.0008333472224535399,0.55455278001612,8.058017727639034e-05
106762,11.031017183619724,0.5551974214343272,560,681,1241,0.0,-0.0008333472224535399,0.5546333601933963,8.058017727639034e-05
106763,11.03018383639727,0.5551974214343272,560,681,1241,0.0,-0.0008333472224535399,0.5547139403706727,8.058017727639034e-05
106764,11.029350489174817,0.5551974214343272,560,681,1241,0.0,-0.0008333472224535399,0.554794520547949,8.058017727639034e-05
106765,11.028517141952364,0.5551974214343272,560,681,1241,0.0,-0.0008333472224535399,0.5548751007252253,8.058017727639034e-05
106766,11.02768379472991,0.5551974214343272,560,681,1241,0.0,-0.0008333472224535399,0.5549556809025017,8.058017727639034e-05
106767,11.026850447507456,0.5551974214343272,560,681,1241,0.0,-0.0008333472224535399,0.555036261079778,8.058017727639034e-05
106768,11.026017100285003,0.5551974214343272,560,681,1241,0.0,-0.0008333472224535399,0.5551168412570544,8.058017727639034e-05
106769,11.02518375306255,0.5551974214343272,560,681,1241,0.0,-0.0008333472224535399,0.5551974214343307,8.058017727639034e-05
106770,11.024350405840096,0.5551974214343272,560,681,1241,0.0,-0.0008333472224535399,0.5551974214343307,0.0
106771,11.023517058617642,0.5543916196615633,560,681,1241,-0.0008058017727639033,-0.0008333472224535399,0.5551168412570544,-8.058017727639034e-05
106772,11.022683711395189,0.5543916196615633,560,681,1241,0.0,-0.0008333472224535399,0.555036261079778,-8.058017727639034e-05
106773,11.021850364172735,0.5543916196615633,560,681,1241,0.0,-0.0008333472224535399,0.5549556809025017,-8.058017727639034e-05
106774,11.021017016950282,0.5543916196615633,560,681,1241,0.0,-0.0008333472224535399,0.5548751007252253,-8.058017727639034e-05
106775,11.020183669727828,0.5543916196615633,560,681,1241,0.0,-0.0008333472224535399,0.554794520547949,-8.058017727639034e-05
106776,11.019350322505375,0.5543916196615633,560,681,1241,0.0,-0.0008333472224535399,0.5547139403706727,-8.058017727639034e-05
106777,11.018516975282921,0.5543916196615633,560,681,1241,0.0,-0.0008333472224535399,0.5546333601933963,-8.058017727639034e-05
106778,11.017683628060468,0.5543916196615633,560,681,1241,0.0,-0.0008333472224535399,0.55455278001612,-8.058017727639034e-05
106779,11.016850280838014,0.5543916196615633,560,681,1241,0.0,-0.0008333472224535399,0.5544721998388435,-8.058017727639034e-05
106780,11.01601693361556,0.5543916196615633,560,681,1241,0.0,-0.0008333472224535399,0.5543916196615672,-8.058017727639034e-05
106781,11.015183586393107,0.5543916196615633,560,681,1241,0.0,-0.0008333472224535399,0.5543916196615672,0.0
106782,11.014350239170653,0.5543916196615633,560,681,1241,0.0,-0.0008333472224535399,0.5543916196615672,0.0
106783,11.0135168919482,0.5543916196615633,560,681,1241,0.0,-0.0008333472224535399,0.5543916196615672,0.0
106784,11.012683544725746,0.5543916196615633,560,681,1241,0.0,-0.0008333472224535399,0.5543916196615672,0.0
106785,11.011850197503293,0.5543916196615633,560,681,1241,0.0,-0.0008333472224535399,0.5543916196615672,0.0
106786,11.01101685028084,0.5543916196615633,560,681,1241,0.0,-0.0008333472224535399,0.5543916196615672,0.0
106787,11.010183503058386,0.5543916196615633,560,681,1241,0.0,-0.0008333472224535399,0.5543916196615672,0.0
106788,11.009350155835932,0.5543916196615633,560,681,1241,0.0,-0.0008333472224535399,0.5543916196615672,0.0
106789,11.008516808613479,0.5543916196615633,560,681,1241,0.0,-0.0008333472224535399,0.5543916196615672,0.0
106790,11.007683461391025,0.5543916196615633,560,681,1241,0.0,-0.0008333472224535399,0.5543916196615672,0.0
106791,11.006850114168564,0.5543916196615633,560,681,1241,0.0,-0.0008333472224606453,0.5543916196615672,0.0
106792,11.00601676694611,0.5543916196615633,560,681,1241,0.0,-0.0008333472224535399,0.5543916196615672,0.0
106793,11.005183419723657,0.5543916196615633,560,681,1241,0.0,-0.0008333472224535399,0.5543916196615672,0.0
106794,11.004350072501204,0.5543916196615633,560,681,1241,0.0,-0.0008333472224535399,0.5543916196615672,0.0
106795,11.00351672527875,0.5543916196615633,560,681,1241,0.0,-0.0008333472224535399,0.5543916196615672,0.0
106796,11.002683378056297,0.5543916196615633,560,681,1241,0.0,-0.0008333472224535399,0.5543916196615672,0.0
106797,11.001850030833843,0.5543916196615633,560,681,1241,0.0,-0.0008333472224535399,0.5543916196615672,0.0
106798,11.00101668361139,0.5543916196615633,560,681,1241,0.0,-0.0008333472224535399,0.5543916196615672,0.0
106799,11.000183336388936,0.5543916196615633,560,681,1241,0.0,-0.0008333472224535399,0.5543916196615672,0.0
106800,10.999349989166483,0.5543916196615633,560,681,1241,0.0,-0.0008333472224535399,0.5543916196615672,0.0
106801,10.998516641944029,0.5543916196615633,560,681,1241,0.0,-0.0008333472224535399,0.5543916196615672,0.0
106802,10.997683294721575,0.5543916196615633,560,681,1241,0.0,-0.0008333472224535399,0.5543916196615672,0.0
106803,10.996849947499122,0.5543916196615633,560,681,1241,0.0,-0.0008333472224535399,0.5543916196615672,0.0
106804,10.996016600276668,0.5543916196615633,560,681,1241,0.0,-0.0008333472224535399,0.5543916196615672,0.0
106805,10.995183253054215,0.5543916196615633,560,681,1241,0.0,-0.0008333472224535399,0.5543916196615672,0.0
106806,10.994349905831761,0.5543916196615633,560,681,1241,0.0,-0.0008333472224535399,0.5543916196615672,0.0
106807,10.993516558609308,0.5543916196615633,560,681,1241,0.0,-0.0008333472224535399,0.5543916196615672,0.0
106808,10.992683211386854,0.5543916196615633,560,681,1241,0.0,-0.0008333472224535399,0.5543916196615672,0.0
106809,10.9918498641644,0.5543916196615633,560,681,1241,0.0,-0.0008333472224535399,0.5543916196615672,0.0
106810,10.991016516941947,0.5543916196615633,560,681,1241,0.0,-0.0008333472224535399,0.5543916196615672,0.0
106811,10.990183169719494,0.5543916196615633,560,681,1241,0.0,-0.0008333472224535399,0.5543916196615672,0.0
106812,10.98934982249704,0.5543916196615633,560,681,1241,0.0,-0.0008333472224535399,0.5543916196615672,0.0
106813,10.988516475274587,0.5543916196615633,560,681,1241,0.0,-0.0008333472224535399,0.5543916196615672,0.0
106814,10.987683128052133,0.5535858178887993,560,681,1241,-0.0008058017727639033,-0.0008333472224535399,0.554311039484291,-8.058017727639034e-05
106815,10.98684978082968,0.5535858178887993,560,681,1241,0.0,-0.0008333472224535399,0.5542304593070145,-8.058017727639034e-05
106816,10.986016433607226,0.5535858178887993,560,681,1241,0.0,-0.0008333472224535399,0.5541498791297382,-8.058017727639034e-05
106817,10.985183086384772,0.5535858178887993,560,681,1241,0.0,-0.0008333472224535399,0.5540692989524618,-8.058017727639034e-05
106818,10.984349739162319,0.5535858178887993,560,681,1241,0.0,-0.0008333472224535399,0.5539887187751855,-8.058017727639034e-05
106819,10.983516391939865,0.5535858178887993,560,681,1241,0.0,-0.0008333472224535399,0.5539081385979092,-8.058017727639034e-05
106820,10.982683044717412,0.5535858178887993,560,681,1241,0.0,-0.0008333472224535399,0.5538275584206328,-8.058017727639034e-05
106821,10.981849697494958,0.5535858178887993,560,681,1241,0.0,-0.0008333472224535399,0.5537469782433565,-8.058017727639034e-05
106822,10.981016350272505,0.5535858178887993,560,681,1241,0.0,-0.0008333472224535399,0.5536663980660801,-8.058017727639034e-05
106823,10.980183003050051,0.5535858178887993,560,681,1241,0.0,-0.0008333472224535399,0.5535858178888038,-8.058017727639034e-05
106824,10.979349655827598,0.5535858178887993,560,681,1241,0.0,-0.0008333472224535399,0.5535858178888038,0.0
106825,10.978516308605144,0.5535858178887993,560,681,1241,0.0,-0.0008333472224535399,0.5535858178888038,0.0
106826,10.97768296138269,0.5535858178887993,560,681,1241,0.0,-0.0008333472224535399,0.5535858178888038,0.0
106827,10.976849614160237,0.5535858178887993,560,681,1241,0.0,-0.0008333472224535399,0.5535858178888038,0.0
106828,10.976016266937783,0.5535858178887993,560,681,1241,0.0,-0.0008333472224535399,0.5535858178888038,0.0
106829,10.97518291971533,0.5535858178887993,560,681,1241,0.0,-0.0008333472224535399,0.5535858178888038,0.0
106830,10.974349572492876,0.5535858178887993,560,681,1241,0.0,-0.0008333472224535399,0.5535858178888038,0.0
106831,10.973516225270423,0.5535858178887993,560,681,1241,0.0,-0.0008333472224535399,0.5535858178888038,0.0
106832,10.97268287804797,0.5535858178887993,560,681,1241,0.0,-0.0008333472224535399,0.5535858178888038,0.0
106833,10.971849530825509,0.5535858178887993,560,681,1241,0.0,-0.0008333472224606453,0.5535858178888038,0.0
106834,10.971016183603055,0.5535858178887993,560,681,1241,0.0,-0.0008333472224535399,0.5535858178888038,0.0
106835,10.970182836380602,0.5543916196615633,560,681,1241,0.0008058017727639033,-0.0008333472224535399,0.5536663980660802,8.058017727639034e-05
106836,10.969349489158148,0.5543916196615633,560,681,1241,0.0,-0.0008333472224535399,0.5537469782433566,8.058017727639034e-05
106837,10.968516141935694,0.5543916196615633,560,681,1241,0.0,-0.0008333472224535399,0.5538275584206329,8.058017727639034e-05
106838,10.967682794713241,0.5543916196615633,560,681,1241,0.0,-0.0008333472224535399,0.5539081385979092,8.058017727639034e-05
106839,10.966849447490787,0.5543916196615633,560,681,1241,0.0,-0.0008333472224535399,0.5539887187751856,8.058017727639034e-05
106840,10.966016100268334,0.5543916196615633,560,681,1241,0.0,-0.0008333472224535399,0.5540692989524619,8.058017727639034e-05
106841,10.96518275304588,0.5543916196615633,560,681,1241,0.0,-0.0008333472224535399,0.5541498791297383,8.058017727639034e-05
106842,10.964349405823427,0.5543916196615633,560,681,1241,0.0,-0.0008333472224535399,0.5542304593070146,8.058017727639034e-05
106843,10.963516058600973,0.5543916196615633,560,681,1241,0.0,-0.0008333472224535399,0.554311039484291,8.058017727639034e-05
106844,10.96268271137852,0.5543916196615633,560,681,1241,0.0,-0.0008333472224535399,0.5543916196615674,8.058017727639034e-05
106845,10.961849364156066,0.5551974214343272,560,681,1241,0.0008058017727639033,-0.0008333472224535399,0.5544721998388438,8.058017727639034e-05
106846,10.961016016933613,0.5551974214343272,560,681,1241,0.0,-0.0008333472224535399,0.5545527800161201,8.058017727639034e-05
106847,10.960182669711159,0.5551974214343272,560,681,1241,0.0,-0.0008333472224535399,0.5546333601933965,8.058017727639034e-05
106848,10.959349322488706,0.5551974214343272,560,681,1241,0.0,-0.0008333472224535399,0.5547139403706728,8.058017727639034e-05
106849,10.958515975266252,0.5551974214343272,560,681,1241,0.0,-0.0008333472224535399,0.5547945205479492,8.058017727639034e-05
106850,10.957682628043798,0.5551974214343272,560,681,1241,0.0,-0.0008333472224535399,0.5548751007252255,8.058017727639034e-05
106851,10.956849280821345,0.5551974214343272,560,681,1241,0.0,-0.0008333472224535399,0.5549556809025018,8.058017727639034e-05
106852,10.956015933598891,0.5543916196615633,560,681,1241,-0.0008058017727639033,-0.0008333472224535399,0.5549556809025018,0.0
106853,10.955182586376438,0.5543916196615633,560,681,1241,0.0,-0.0008333472224535399,0.5549556809025018,0.0
106854,10.954349239153984,0.5543916196615633,560,681,1241,0.0,-0.0008333472224535399,0.5549556809025018,0.0
106855,10.95351589193153,0.5543916196615633,560,681,1241,0.0,-0.0008333472224535399,0.5548751007252255,-8.058017727639034e-05
106856,10.952682544709077,0.5543916196615633,560,681,1241,0.0,-0.0008333472224535399,0.5547945205479492,-8.058017727639034e-05
106857,10.951849197486624,0.5543916196615633,560,681,1241,0.0,-0.0008333472224535399,0.5547139403706728,-8.058017727639034e-05
106858,10.95101585026417,0.5543916196615633,560,681,1241,0.0,-0.0008333472224535399,0.5546333601933965,-8.058017727639034e-05
106859,10.950182503041717,0.5543916196615633,560,681,1241,0.0,-0.0008333472224535399,0.5545527800161201,-8.058017727639034e-05
106860,10.949349155819263,0.5543916196615633,560,681,1241,0.0,-0.0008333472224535399,0.5544721998388438,-8.058017727639034e-05
106861,10.94851580859681,0.5543916196615633,560,681,1241,0.0,-0.0008333472224535399,0.5543916196615675,-8.058017727639034e-05
106862,10.947682461374356,0.5543916196615633,560,681,1241,0.0,-0.0008333472224535399,0.5543916196615675,0.0
106863,10.946849114151902,0.5543916196615633,560,681,1241,0.0,-0.0008333472224535399,0.5543916196615675,0.0
106864,10.946015766929449,0.5543916196615633,560,681,1241,0.0,-0.0008333472224535399,0.5543916196615675,0.0
106865,10.945182419706995,0.5543916196615633,560,681,1241,0.0,-0.0008333472224535399,0.5543916196615675,0.0
106866,10.944349072484542,0.5543916196615633,560,681,1241,0.0,-0.0008333472224535399,0.5543916196615675,0.0
106867,10.943515725262088,0.5543916196615633,560,681,1241,0.0,-0.0008333472224535399,0.5543916196615675,0.0
106868,10.942682378039635,0.5543916196615633,560,681,1241,0.0,-0.0008333472224535399,0.5543916196615675,0.0
106869,10.941849030817181,0.5543916196615633,560,681,1241,0.0,-0.0008333472224535399,0.5543916196615675,0.0
106870,10.941015683594728,0.5543916196615633,560,681,1241,0.0,-0.0008333472224535399,0.5543916196615675,0.0
106871,10.940182336372274,0.5543916196615633,560,681,1241,0.0,-0.0008333472224535399,0.5543916196615675,0.0
106872,10.93934898914982,0.5543916196615633,560,681,1241,0.0,-0.0008333472224535399,0.5543916196615675,0.0
106873,10.938515641927367,0.5543916196615633,560,681,1241,0.0,-0.0008333472224535399,0.5543916196615675,0.0
106874,10.937682294704913,0.5543916196615633,560,681,1241,0.0,-0.0008333472224535399,0.5543916196615675,0.0
106875,10.936848947482453,0.5543916196615633,560,681,1241,0.0,-0.0008333472224606453,0.5543916196615675,0.0
106876,10.93601560026,0.5543916196615633,560,681,1241,0.0,-0.0008333472224535399,0.5543916196615675,0.0
106877,10.935182253037546,0.5543916196615633,560,681,1241,0.0,-0.0008333472224535399,0.5543916196615675,0.0
106878,10.934348905815092,0.5543916196615633,560,681,1241,0.0,-0.0008333472224535399,0.5543916196615675,0.0
106879,10.933515558592639,0.5543916196615633,560,681,1241,0.0,-0.0008333472224535399,0.5543916196615675,0.0
106880,10.932682211370185,0.5543916196615633,560,681,1241,0.0,-0.0008333472224535399,0.5543916196615675,0.0
106881,10.931848864147732,0.5543916196615633,560,681,1241,0.0,-0.0008333472224535399,0.5543916196615675,0.0
106882,10.931015516925278,0.5543916196615633,560,681,1241,0.0,-0.0008333472224535399,0.5543916196615675,0.0
106883,10.930182169702825,0.5543916196615633,560,681,1241,0.0,-0.0008333472224535399,0.5543916196615675,0.0
106884,10.929348822480371,0.5543916196615633,560,681,1241,0.0,-0.0008333472224535399,0.5543916196615675,0.0
106885,10.928515475257917,0.5543916196615633,560,681,1241,0.0,-0.0008333472224535399,0.5543916196615675,0.0
106886,10.927682128035464,0.5543916196615633,560,681,1241,0.0,-0.0008333472224535399,0.5543916196615675,0.0
106887,10.92684878081301,0.5543916196615633,560,681,1241,0.0,-0.0008333472224535399,0.5543916196615675,0.0
106888,10.926015433590557,0.5543916196615633,560,681,1241,0.0,-0.0008333472224535399,0.5543916196615675,0.0
106889,10.925182086368103,0.5543916196615633,560,681,1241,0.0,-0.0008333472224535399,0.5543916196615675,0.0
106890,10.92434873914565,0.5543916196615633,560,681,1241,0.0,-0.0008333472224535399,0.5543916196615675,0.0
106891,10.923515391923196,0.5543916196615633,560,681,1241,0.0,-0.0008333472224535399,0.5543916196615675,0.0
106892,10.922682044700743,0.5543916196615633,560,681,1241,0.0,-0.0008333472224535399,0.5543916196615675,0.0
106893,10.92184869747829,0.5543916196615633,560,681,1241,0.0,-0.0008333472224535399,0.5543916196615675,0.0
106894,10.921015350255836,0.5543916196615633,560,681,1241,0.0,-0.0008333472224535399,0.5543916196615675,0.0
106895,10.920182003033382,0.5543916196615633,560,681,1241,0.0,-0.0008333472224535399,0.5543916196615675,0.0
106896,10.919348655810929,0.5543916196615633,560,681,1241,0.0,-0.0008333472224535399,0.5543916196615675,0.0
106897,10.918515308588475,0.5543916196615633,560,681,1241,0.0,-0.0008333472224535399,0.5543916196615675,0.0
106898,10.917681961366021,0.5543916196615633,560,681,1241,0.0,-0.0008333472224535399,0.5543916196615675,0.0
106899,10.916848614143568,0.5543916196615633,560,681,1241,0.0,-0.0008333472224535399,0.5543916196615675,0.0
106900,10.916015266921114,0.5543916196615633,560,681,1241,0.0,-0.0008333472224535399,0.5543916196615675,0.0
106901,10.91518191969866,0.5543916196615633,560,681,1241,0.0,-0.0008333472224535399,0.5543916196615675,0.0
106902,10.914348572476207,0.5543916196615633,560,681,1241,0.0,-0.0008333472224535399,0.5543916196615675,0.0
106903,10.913515225253754,0.5543916196615633,560,681,1241,0.0,-0.0008333472224535399,0.5543916196615675,0.0
106904,10.9126818780313,0.5551974214343272,560,681,1241,0.0008058017727639033,-0.0008333472224535399,0.5544721998388438,8.058017727639034e-05
106905,10.911848530808847,0.5551974214343272,560,681,1241,0.0,-0.0008333472224535399,0.5545527800161201,8.058017727639034e-05
106906,10.911015183586393,0.5551974214343272,560,681,1241,0.0,-0.0008333472224535399,0.5546333601933965,8.058017727639034e-05
106907,10.91018183636394,0.5551974214343272,560,681,1241,0.0,-0.0008333472224535399,0.5547139403706728,8.058017727639034e-05
106908,10.909348489141486,0.5551974214343272,560,681,1241,0.0,-0.0008333472224535399,0.5547945205479492,8.058017727639034e-05
106909,10.908515141919032,0.5551974214343272,560,681,1241,0.0,-0.0008333472224535399,0.5548751007252255,8.058017727639034e-05
106910,10.907681794696579,0.5551974214343272,560,681,1241,0.0,-0.0008333472224535399,0.5549556809025018,8.058017727639034e-05
106911,10.906848447474125,0.5551974214343272,560,681,1241,0.0,-0.0008333472224535399,0.5550362610797782,8.058017727639034e-05
106912,10.906015100251672,0.5551974214343272,560,681,1241,0.0,-0.0008333472224535399,0.5551168412570545,8.058017727639034e-05
106913,10.905181753029218,0.5551974214343272,560,681,1241,0.0,-0.0008333472224535399,0.5551974214343309,8.058017727639034e-05
106914,10.904348405806765,0.5551974214343272,560,681,1241,0.0,-0.0008333472224535399,0.5551974214343309,0.0
106915,10.903515058584311,0.5551974214343272,560,681,1241,0.0,-0.0008333472224535399,0.5551974214343309,0.0
106916,10.902681711361858,0.5551974214343272,560,681,1241,0.0,-0.0008333472224535399,0.5551974214343309,0.0
106917,10.901848364139404,0.5551974214343272,560,681,1241,0.0,-0.0008333472224535399,0.5551974214343309,0.0
106918,10.901015016916944,0.5551974214343272,560,681,1241,0.0,-0.0008333472224606453,0.5551974214343309,0.0
106919,10.90018166969449,0.5551974214343272,560,681,1241,0.0,-0.0008333472224535399,0.5551974214343309,0.0
106920,10.899348322472036,0.5551974214343272,560,681,1241,0.0,-0.0008333472224535399,0.5551974214343309,0.0
106921,10.898514975249583,0.5551974214343272,560,681,1241,0.0,-0.0008333472224535399,0.5551974214343309,0.0
106922,10.89768162802713,0.5551974214343272,560,681,1241,0.0,-0.0008333472224535399,0.5551974214343309,0.0
106923,10.896848280804676,0.5551974214343272,560,681,1241,0.0,-0.0008333472224535399,0.5551974214343309,0.0
106924,10.896014933582222,0.5551974214343272,560,681,1241,0.0,-0.0008333472224535399,0.5551974214343309,0.0
106925,10.895181586359769,0.5551974214343272,560,681,1241,0.0,-0.0008333472224535399,0.5551974214343309,0.0
106926,10.894348239137315,0.5551974214343272,560,681,1241,0.0,-0.0008333472224535399,0.5551974214343309,0.0
106927,10.893514891914862,0.5551974214343272,560,681,1241,0.0,-0.0008333472224535399,0.5551974214343309,0.0
106928,10.892681544692408,0.5543916196615633,560,681,1241,-0.0008058017727639033,-0.0008333472224535399,0.5551168412570545,-8.058017727639034e-05
106929,10.891848197469955,0.5543916196615633,560,681,1241,0.0,-0.0008333472224535399,0.5550362610797782,-8.058017727639034e-05
106930,10.891014850247501,0.5543916196615633,560,681,1241,0.0,-0.0008333472224535399,0.5549556809025018,-8.058017727639034e-05
106931,10.890181503025048,0.5543916196615633,560,681,1241,0.0,-0.0008333472224535399,0.5548751007252255,-8.058017727639034e-05
106932,10.889348155802594,0.5543916196615633,560,681,1241,0.0,-0.0008333472224535399,0.5547945205479492,-8.058017727639034e-05
106933,10.88851480858014,0.5543916196615633,560,681,1241,0.0,-0.0008333472224535399,0.5547139403706728,-8.058017727639034e-05
106934,10.887681461357687,0.5543916196615633,560,681,1241,0.0,-0.0008333472224535399,0.5546333601933965,-8.058017727639034e-05
106935,10.886848114135233,0.5543916196615633,560,681,1241,0.0,-0.0008333472224535399,0.5545527800161201,-8.058017727639034e-05
106936,10.88601476691278,0.5543916196615633,560,681,1241,0.0,-0.0008333472224535399,0.5544721998388438,-8.058017727639034e-05
106937,10.885181419690326,0.5543916196615633,560,681,1241,0.0,-0.0008333472224535399,0.5543916196615675,-8.058017727639034e-05
106938,10.884348072467873,0.5543916196615633,560,681,1241,0.0,-0.0008333472224535399,0.5543916196615675,0.0
106939,10.88351472524542,0.5543916196615633,560,681,1241,0.0,-0.0008333472224535399,0.5543916196615675,0.0
106940,10.882681378022966,0.5543916196615633,560,681,1241,0.0,-0.0008333472224535399,0.5543916196615675,0.0
106941,10.881848030800512,0.5543916196615633,560,681,1241,0.0,-0.0008333472224535399,0.5543916196615675,0.0
106942,10.881014683578059,0.5543916196615633,560,681,1241,0.0,-0.0008333472224535399,0.5543916196615675,0.0
106943,10.880181336355605,0.5543916196615633,560,681,1241,0.0,-0.0008333472224535399,0.5543916196615675,0.0
106944,10.879347989133151,0.5543916196615633,560,681,1241,0.0,-0.0008333472224535399,0.5543916196615675,0.0
106945,10.878514641910698,0.5543916196615633,560,681,1241,0.0,-0.0008333472224535399,0.5543916196615675,0.0
106946,10.877681294688244,0.5543916196615633,560,681,1241,0.0,-0.0008333472224535399,0.5543916196615675,0.0
106947,10.87684794746579,0.5543916196615633,560,681,1241,0.0,-0.0008333472224535399,0.5543916196615675,0.0
106948,10.876014600243337,0.5543916196615633,560,681,1241,0.0,-0.0008333472224535399,0.5543916196615675,0.0
106949,10.875181253020884,0.5543916196615633,560,681,1241,0.0,-0.0008333472224535399,0.5543916196615675,0.0
106950,10.87434790579843,0.5543916196615633,560,681,1241,0.0,-0.0008333472224535399,0.5543916196615675,0.0
106951,10.873514558575977,0.5543916196615633,560,681,1241,0.0,-0.0008333472224535399,0.5543916196615675,0.0
106952,10.872681211353523,0.5543916196615633,560,681,1241,0.0,-0.0008333472224535399,0.5543916196615675,0.0
106953,10.87184786413107,0.5543916196615633,560,681,1241,0.0,-0.0008333472224535399,0.5543916196615675,0.0
106954,10.871014516908616,0.5543916196615633,560,681,1241,0.0,-0.0008333472224535399,0.5543916196615675,0.0
106955,10.870181169686163,0.5543916196615633,560,681,1241,0.0,-0.0008333472224535399,0.5543916196615675,0.0
106956,10.869347822463709,0.5543916196615633,560,681,1241,0.0,-0.0008333472224535399,0.5543916196615675,0.0
106957,10.868514475241255,0.5543916196615633,560,681,1241,0.0,-0.0008333472224535399,0.5543916196615675,0.0
106958,10.867681128018802,0.5543916196615633,560,681,1241,0.0,-0.0008333472224535399,0.5543916196615675,0.0
106959,10.866847780796348,0.5543916196615633,560,681,1241,0.0,-0.0008333472224535399,0.5543916196615675,0.0
106960,10.866014433573888,0.5543916196615633,560,681,1241,0.0,-0.0008333472224606453,0.5543916196615675,0.0
106961,10.865181086351434,0.5543916196615633,560,681,1241,0.0,-0.0008333472224535399,0.5543916196615675,0.0
106962,10.86434773912898,0.5543916196615633,560,681,1241,0.0,-0.0008333472224535399,0.5543916196615675,0.0
106963,10.863514391906527,0.5543916196615633,560,681,1241,0.0,-0.0008333472224535399,0.5543916196615675,0.0
106964,10.862681044684074,0.5543916196615633,560,681,1241,0.0,-0.0008333472224535399,0.5543916196615675,0.0
106965,10.86184769746162,0.5543916196615633,560,681,1241,0.0,-0.0008333472224535399,0.5543916196615675,0.0
106966,10.861014350239167,0.5543916196615633,560,681,1241,0.0,-0.0008333472224535399,0.5543916196615675,0.0
106967,10.860181003016713,0.5543916196615633,560,681,1241,0.0,-0.0008333472224535399,0.5543916196615675,0.0
106968,10.85934765579426,0.5543916196615633,560,681,1241,0.0,-0.0008333472224535399,0.5543916196615675,0.0
106969,10.858514308571806,0.5543916196615633,560,681,1241,0.0,-0.0008333472224535399,0.5543916196615675,0.0
106970,10.857680961349352,0.5551974214343272,560,681,1241,0.0008058017727639033,-0.0008333472224535399,0.5544721998388438,8.058017727639034e-05
106971,10.856847614126899,0.5551974214343272,560,681,1241,0.0,-0.0008333472224535399,0.5545527800161201,8.058017727639034e-05
106972,10.856014266904445,0.5551974214343272,560,681,1241,0.0,-0.0008333472224535399,0.5546333601933965,8.058017727639034e-05
106973,10.855180919681992,0.5551974214343272,560,681,1241,0.0,-0.0008333472224535399,0.5547139403706728,8.058017727639034e-05
106974,10.854347572459538,0.5551974214343272,560,681,1241,0.0,-0.0008333472224535399,0.5547945205479492,8.058017727639034e-05
106975,10.853514225237085,0.5551974214343272,560,681,1241,0.0,-0.0008333472224535399,0.5548751007252255,8.058017727639034e-05
106976,10.852680878014631,0.5551974214343272,560,681,1241,0.0,-0.0008333472224535399,0.5549556809025018,8.058017727639034e-05
106977,10.851847530792178,0.5551974214343272,560,681,1241,0.0,-0.0008333472224535399,0.5550362610797782,8.058017727639034e-05
106978,10.851014183569724,0.5551974214343272,560,681,1241,0.0,-0.0008333472224535399,0.5551168412570545,8.058017727639034e-05
106979,10.85018083634727,0.5551974214343272,560,681,1241,0.0,-0.0008333472224535399,0.5551974214343309,8.058017727639034e-05
106980,10.849347489124817,0.5551974214343272,560,681,1241,0.0,-0.0008333472224535399,0.5551974214343309,0.0
106981,10.848514141902363,0.5551974214343272,560,681,1241,0.0,-0.0008333472224535399,0.5551974214343309,0.0
106982,10.84768079467991,0.5551974214343272,560,681,1241,0.0,-0.0008333472224535399,0.5551974214343309,0.0
106983,10.846847447457456,0.5551974214343272,560,681,1241,0.0,-0.0008333472224535399,0.5551974214343309,0.0
106984,10.846014100235003,0.5551974214343272,560,681,1241,0.0,-0.0008333472224535399,0.5551974214343309,0.0
106985,10.84518075301255,0.5551974214343272,560,681,1241,0.0,-0.0008333472224535399,0.5551974214343309,0.0
106986,10.844347405790096,0.5551974214343272,560,681,1241,0.0,-0.0008333472224535399,0.5551974214343309,0.0
106987,10.843514058567642,0.5551974214343272,560,681,1241,0.0,-0.0008333472224535399,0.5551974214343309,0.0
106988,10.842680711345189,0.5551974214343272,560,681,1241,0.0,-0.0008333472224535399,0.5551974214343309,0.0
106989,10.841847364122735,0.5551974214343272,560,681,1241,0.0,-0.0008333472224535399,0.5551974214343309,0.0
106990,10.841014016900282,0.5551974214343272,560,681,1241,0.0,-0.0008333472224535399,0.5551974214343309,0.0
106991,10.840180669677828,0.5551974214343272,560,681,1241,0.0,-0.0008333472224535399,0.5551974214343309,0.0
106992,10.839347322455374,0.5551974214343272,560,681,1241,0.0,-0.0008333472224535399,0.5551974214343309,0.0
106993,10.838513975232921,0.5551974214343272,560,681,1241,0.0,-0.0008333472224535399,0.5551974214343309,0.0
106994,10.837680628010467,0.5551974214343272,560,681,1241,0.0,-0.0008333472224535399,0.5551974214343309,0.0
106995,10.836847280788014,0.5551974214343272,560,681,1241,0.0,-0.0008333472224535399,0.5551974214343309,0.0
106996,10.83601393356556,0.5551974214343272,560,681,1241,0.0,-0.0008333472224535399,0.5551974214343309,0.0
106997,10.835180586343107,0.5551974214343272,560,681,1241,0.0,-0.0008333472224535399,0.5551974214343309,0.0
106998,10.834347239120653,0.5551974214343272,560,681,1241,0.0,-0.0008333472224535399,0.5551974214343309,0.0
106999,10.8335138918982,0.5551974214343272,560,681,1241,0.0,-0.0008333472224535399,0.5551974214343309,0.0
107000,10.832680544675746,0.5551974214343272,560,681,1241,0.0,-0.0008333472224535399,0.5551974214343309,0.0
107001,10.831847197453293,0.5551974214343272,560,681,1241,0.0,-0.0008333472224535399,0.5551974214343309,0.0
107002,10.831013850230839,0.5551974214343272,560,681,1241,0.0,-0.0008333472224535399,0.5551974214343309,0.0
107003,10.830180503008378,0.5551974214343272,560,681,1241,0.0,-0.0008333472224606453,0.5551974214343309,0.0
107004,10.829347155785925,0.5551974214343272,560,681,1241,0.0,-0.0008333472224535399,0.5551974214343309,0.0
107005,10.828513808563471,0.5551974214343272,560,681,1241,0.0,-0.0008333472224535399,0.5551974214343309,0.0
107006,10.827680461341018,0.5551974214343272,560,681,1241,0.0,-0.0008333472224535399,0.5551974214343309,0.0
107007,10.826847114118564,0.5551974214343272,560,681,1241,0.0,-0.0008333472224535399,0.5551974214343309,0.0
107008,10.82601376689611,0.5551974214343272,560,681,1241,0.0,-0.0008333472224535399,0.5551974214343309,0.0
107009,10.825180419673657,0.5551974214343272,560,681,1241,0.0,-0.0008333472224535399,0.5551974214343309,0.0
107010,10.824347072451204,0.5551974214343272,560,681,1241,0.0,-0.0008333472224535399,0.5551974214343309,0.0
107011,10.82351372522875,0.5551974214343272,560,681,1241,0.0,-0.0008333472224535399,0.5551974214343309,0.0
107012,10.822680378006297,0.5551974214343272,560,681,1241,0.0,-0.0008333472224535399,0.5551974214343309,0.0
107013,10.821847030783843,0.5551974214343272,560,681,1241,0.0,-0.0008333472224535399,0.5551974214343309,0.0
107014,10.82101368356139,0.5551974214343272,560,681,1241,0.0,-0.0008333472224535399,0.5551974214343309,0.0
107015,10.820180336338936,0.5551974214343272,560,681,1241,0.0,-0.0008333472224535399,0.5551974214343309,0.0
107016,10.819346989116482,0.5551974214343272,560,681,1241,0.0,-0.0008333472224535399,0.5551974214343309,0.0
107017,10.818513641894029,0.5551974214343272,560,681,1241,0.0,-0.0008333472224535399,0.5551974214343309,0.0
107018,10.817680294671575,0.5551974214343272,560,681,1241,0.0,-0.0008333472224535399,0.5551974214343309,0.0
107019,10.816846947449122,0.5560032232070911,560,681,1241,0.0008058017727639033,-0.0008333472224535399,0.5552780016116072,8.058017727639034e-05
107020,10.816013600226668,0.5560032232070911,560,681,1241,0.0,-0.0008333472224535399,0.5553585817888835,8.058017727639034e-05
107021,10.815180253004215,0.5560032232070911,560,681,1241,0.0,-0.0008333472224535399,0.5554391619661599,8.058017727639034e-05
107022,10.814346905781761,0.5560032232070911,560,681,1241,0.0,-0.0008333472224535399,0.5555197421434362,8.058017727639034e-05
107023,10.813513558559308,0.5560032232070911,560,681,1241,0.0,-0.0008333472224535399,0.5556003223207127,8.058017727639034e-05
107024,10.812680211336854,0.5560032232070911,560,681,1241,0.0,-0.0008333472224535399,0.555680902497989,8.058017727639034e-05
107025,10.8118468641144,0.5551974214343272,560,681,1241,-0.0008058017727639033,-0.0008333472224535399,0.555680902497989,0.0
107026,10.811013516891947,0.5551974214343272,560,681,1241,0.0,-0.0008333472224535399,0.555680902497989,0.0
107027,10.810180169669493,0.5551974214343272,560,681,1241,0.0,-0.0008333472224535399,0.555680902497989,0.0
107028,10.80934682244704,0.5551974214343272,560,681,1241,0.0,-0.0008333472224535399,0.555680902497989,0.0
107029,10.808513475224586,0.5551974214343272,560,681,1241,0.0,-0.0008333472224535399,0.5556003223207127,-8.058017727639034e-05
107030,10.807680128002133,0.5551974214343272,560,681,1241,0.0,-0.0008333472224535399,0.5555197421434362,-8.058017727639034e-05
107031,10.80684678077968,0.5551974214343272,560,681,1241,0.0,-0.0008333472224535399,0.5554391619661599,-8.058017727639034e-05
107032,10.806013433557226,0.5551974214343272,560,681,1241,0.0,-0.0008333472224535399,0.5553585817888835,-8.058017727639034e-05
107033,10.805180086334772,0.5551974214343272,560,681,1241,0.0,-0.0008333472224535399,0.5552780016116072,-8.058017727639034e-05
107034,10.804346739112319,0.5551974214343272,560,681,1241,0.0,-0.0008333472224535399,0.5551974214343309,-8.058017727639034e-05
107035,10.803513391889865,0.5551974214343272,560,681,1241,0.0,-0.0008333472224535399,0.5551974214343309,0.0
107036,10.802680044667412,0.5551974214343272,560,681,1241,0.0,-0.0008333472224535399,0.5551974214343309,0.0
107037,10.801846697444958,0.5551974214343272,560,681,1241,0.0,-0.0008333472224535399,0.5551974214343309,0.0
107038,10.801013350222505,0.5551974214343272,560,681,1241,0.0,-0.0008333472224535399,0.5551974214343309,0.0
107039,10.800180003000051,0.5551974214343272,560,681,1241,0.0,-0.0008333472224535399,0.5551974214343309,0.0
107040,10.799346655777597,0.5551974214343272,560,681,1241,0.0,-0.0008333472224535399,0.5551974214343309,0.0
107041,10.798513308555144,0.5551974214343272,560,681,1241,0.0,-0.0008333472224535399,0.5551974214343309,0.0
107042,10.79767996133269,0.5551974214343272,560,681,1241,0.0,-0.0008333472224535399,0.5551974214343309,0.0
107043,10.796846614110237,0.5551974214343272,560,681,1241,0.0,-0.0008333472224535399,0.5551974214343309,0.0
107044,10.796013266887783,0.5551974214343272,560,681,1241,0.0,-0.0008333472224535399,0.5551974214343309,0.0
107045,10.795179919665323,0.5551974214343272,560,681,1241,0.0,-0.0008333472224606453,0.5551974214343309,0.0
107046,10.794346572442869,0.5551974214343272,560,681,1241,0.0,-0.0008333472224535399,0.5551974214343309,0.0
107047,10.793513225220416,0.5551974214343272,560,681,1241,0.0,-0.0008333472224535399,0.5551974214343309,0.0
107048,10.792679877997962,0.5551974214343272,560,681,1241,0.0,-0.0008333472224535399,0.5551974214343309,0.0
107049,10.791846530775508,0.5551974214343272,560,681,1241,0.0,-0.0008333472224535399,0.5551974214343309,0.0
107050,10.791013183553055,0.5551974214343272,560,681,1241,0.0,-0.0008333472224535399,0.5551974214343309,0.0
107051,10.790179836330601,0.5551974214343272,560,681,1241,0.0,-0.0008333472224535399,0.5551974214343309,0.0
107052,10.789346489108148,0.5551974214343272,560,681,1241,0.0,-0.0008333472224535399,0.5551974214343309,0.0
107053,10.788513141885694,0.5551974214343272,560,681,1241,0.0,-0.0008333472224535399,0.5551974214343309,0.0
107054,10.78767979466324,0.5551974214343272,560,681,1241,0.0,-0.0008333472224535399,0.5551974214343309,0.0
107055,10.786846447440787,0.5551974214343272,560,681,1241,0.0,-0.0008333472224535399,0.5551974214343309,0.0
107056,10.786013100218334,0.5551974214343272,560,681,1241,0.0,-0.0008333472224535399,0.5551974214343309,0.0
107057,10.78517975299588,0.5551974214343272,560,681,1241,0.0,-0.0008333472224535399,0.5551974214343309,0.0
107058,10.784346405773427,0.5551974214343272,560,681,1241,0.0,-0.0008333472224535399,0.5551974214343309,0.0
107059,10.783513058550973,0.5551974214343272,560,681,1241,0.0,-0.0008333472224535399,0.5551974214343309,0.0
107060,10.78267971132852,0.5551974214343272,560,681,1241,0.0,-0.0008333472224535399,0.5551974214343309,0.0
107061,10.781846364106066,0.5551974214343272,560,681,1241,0.0,-0.0008333472224535399,0.5551974214343309,0.0
107062,10.781013016883612,0.5551974214343272,560,681,1241,0.0,-0.0008333472224535399,0.5551974214343309,0.0
107063,10.780179669661159,0.5551974214343272,560,681,1241,0.0,-0.0008333472224535399,0.5551974214343309,0.0
107064,10.779346322438705,0.5551974214343272,560,681,1241,0.0,-0.0008333472224535399,0.5551974214343309,0.0
107065,10.778512975216252,0.5551974214343272,560,681,1241,0.0,-0.0008333472224535399,0.5551974214343309,0.0
107066,10.777679627993798,0.5551974214343272,560,681,1241,0.0,-0.0008333472224535399,0.5551974214343309,0.0
107067,10.776846280771345,0.5551974214343272,560,681,1241,0.0,-0.0008333472224535399,0.5551974214343309,0.0
107068,10.776012933548891,0.5551974214343272,560,681,1241,0.0,-0.0008333472224535399,0.5551974214343309,0.0
107069,10.775179586326438,0.5551974214343272,560,681,1241,0.0,-0.0008333472224535399,0.5551974214343309,0.0
107070,10.774346239103984,0.5560032232070911,560,681,1241,0.0008058017727639033,-0.0008333472224535399,0.5552780016116072,8.058017727639034e-05
107071,10.77351289188153,0.5560032232070911,560,681,1241,0.0,-0.0008333472224535399,0.5553585817888835,8.058017727639034e-05
107072,10.772679544659077,0.5560032232070911,560,681,1241,0.0,-0.0008333472224535399,0.5554391619661599,8.058017727639034e-05
107073,10.771846197436624,0.5560032232070911,560,681,1241,0.0,-0.0008333472224535399,0.5555197421434362,8.058017727639034e-05
107074,10.77101285021417,0.5560032232070911,560,681,1241,0.0,-0.0008333472224535399,0.5556003223207127,8.058017727639034e-05
107075,10.770179502991716,0.5560032232070911,560,681,1241,0.0,-0.0008333472224535399,0.555680902497989,8.058017727639034e-05
107076,10.769346155769263,0.5560032232070911,560,681,1241,0.0,-0.0008333472224535399,0.5557614826752653,8.058017727639034e-05
107077,10.76851280854681,0.5560032232070911,560,681,1241,0.0,-0.0008333472224535399,0.5558420628525417,8.058017727639034e-05
107078,10.767679461324356,0.5560032232070911,560,681,1241,0.0,-0.0008333472224535399,0.555922643029818,8.058017727639034e-05
107079,10.766846114101902,0.5560032232070911,560,681,1241,0.0,-0.0008333472224535399,0.5560032232070944,8.058017727639034e-05
107080,10.766012766879449,0.5560032232070911,560,681,1241,0.0,-0.0008333472224535399,0.5560032232070944,0.0
107081,10.765179419656995,0.5560032232070911,560,681,1241,0.0,-0.0008333472224535399,0.5560032232070944,0.0
107082,10.764346072434542,0.5560032232070911,560,681,1241,0.0,-0.0008333472224535399,0.5560032232070944,0.0
107083,10.763512725212088,0.5560032232070911,560,681,1241,0.0,-0.0008333472224535399,0.5560032232070944,0.0
107084,10.762679377989635,0.5560032232070911,560,681,1241,0.0,-0.0008333472224535399,0.5560032232070944,0.0
107085,10.761846030767181,0.5560032232070911,560,681,1241,0.0,-0.0008333472224535399,0.5560032232070944,0.0
107086,10.761012683544728,0.5560032232070911,560,681,1241,0.0,-0.0008333472224535399,0.5560032232070944,0.0
107087,10.760179336322267,0.5551974214343272,560,681,1241,-0.0008058017727639033,-0.0008333472224606453,0.555922643029818,-8.058017727639034e-05
107088,10.759345989099813,0.5551974214343272,560,681,1241,0.0,-0.0008333472224535399,0.5558420628525417,-8.058017727639034e-05
107089,10.75851264187736,0.5551974214343272,560,681,1241,0.0,-0.0008333472224535399,0.5557614826752653,-8.058017727639034e-05
107090,10.757679294654906,0.5551974214343272,560,681,1241,0.0,-0.0008333472224535399,0.555680902497989,-8.058017727639034e-05
107091,10.756845947432453,0.5551974214343272,560,681,1241,0.0,-0.0008333472224535399,0.5556003223207127,-8.058017727639034e-05
107092,10.75601260021,0.5551974214343272,560,681,1241,0.0,-0.0008333472224535399,0.5555197421434362,-8.058017727639034e-05
107093,10.755179252987546,0.5551974214343272,560,681,1241,0.0,-0.0008333472224535399,0.5554391619661599,-8.058017727639034e-05
107094,10.754345905765092,0.5551974214343272,560,681,1241,0.0,-0.0008333472224535399,0.5553585817888835,-8.058017727639034e-05
107095,10.753512558542639,0.5551974214343272,560,681,1241,0.0,-0.0008333472224535399,0.5552780016116072,-8.058017727639034e-05
107096,10.752679211320185,0.5551974214343272,560,681,1241,0.0,-0.0008333472224535399,0.5551974214343309,-8.058017727639034e-05
107097,10.751845864097731,0.5551974214343272,560,681,1241,0.0,-0.0008333472224535399,0.5551974214343309,0.0
107098,10.751012516875278,0.5551974214343272,560,681,1241,0.0,-0.0008333472224535399,0.5551974214343309,0.0
107099,10.750179169652824,0.5551974214343272,560,681,1241,0.0,-0.0008333472224535399,0.5551974214343309,0.0
107100,10.74934582243037,0.5551974214343272,560,681,1241,0.0,-0.0008333472224535399,0.5551974214343309,0.0
107101,10.748512475207917,0.5551974214343272,560,681,1241,0.0,-0.0008333472224535399,0.5551974214343309,0.0
107102,10.747679127985464,0.5551974214343272,560,681,1241,0.0,-0.0008333472224535399,0.5551974214343309,0.0
107103,10.74684578076301,0.5551974214343272,560,681,1241,0.0,-0.0008333472224535399,0.5551974214343309,0.0
107104,10.746012433540557,0.5560032232070911,560,681,1241,0.0008058017727639033,-0.0008333472224535399,0.5552780016116072,8.058017727639034e-05
107105,10.745179086318103,0.5560032232070911,560,681,1241,0.0,-0.0008333472224535399,0.5553585817888835,8.058017727639034e-05
107106,10.74434573909565,0.5560032232070911,560,681,1241,0.0,-0.0008333472224535399,0.5554391619661599,8.058017727639034e-05
107107,10.743512391873196,0.5560032232070911,560,681,1241,0.0,-0.0008333472224535399,0.5555197421434362,8.058017727639034e-05
107108,10.742679044650743,0.5560032232070911,560,681,1241,0.0,-0.0008333472224535399,0.5556003223207127,8.058017727639034e-05
107109,10.741845697428289,0.5560032232070911,560,681,1241,0.0,-0.0008333472224535399,0.555680902497989,8.058017727639034e-05
107110,10.741012350205835,0.5560032232070911,560,681,1241,0.0,-0.0008333472224535399,0.5557614826752653,8.058017727639034e-05
107111,10.740179002983382,0.5560032232070911,560,681,1241,0.0,-0.0008333472224535399,0.5558420628525417,8.058017727639034e-05
107112,10.739345655760928,0.5560032232070911,560,681,1241,0.0,-0.0008333472224535399,0.555922643029818,8.058017727639034e-05
107113,10.738512308538475,0.5560032232070911,560,681,1241,0.0,-0.0008333472224535399,0.5560032232070944,8.058017727639034e-05
107114,10.737678961316021,0.5560032232070911,560,681,1241,0.0,-0.0008333472224535399,0.5560032232070944,0.0
107115,10.736845614093568,0.5560032232070911,560,681,1241,0.0,-0.0008333472224535399,0.5560032232070944,0.0
107116,10.736012266871114,0.5560032232070911,560,681,1241,0.0,-0.0008333472224535399,0.5560032232070944,0.0
107117,10.73517891964866,0.5560032232070911,560,681,1241,0.0,-0.0008333472224535399,0.5560032232070944,0.0
107118,10.734345572426207,0.5560032232070911,560,681,1241,0.0,-0.0008333472224535399,0.5560032232070944,0.0
107119,10.733512225203754,0.5560032232070911,560,681,1241,0.0,-0.0008333472224535399,0.5560032232070944,0.0
107120,10.7326788779813,0.5560032232070911,560,681,1241,0.0,-0.0008333472224535399,0.5560032232070944,0.0
107121,10.731845530758847,0.5560032232070911,560,681,1241,0.0,-0.0008333472224535399,0.5560032232070944,0.0
107122,10.731012183536393,0.5560032232070911,560,681,1241,0.0,-0.0008333472224535399,0.5560032232070944,0.0
107123,10.73017883631394,0.5560032232070911,560,681,1241,0.0,-0.0008333472224535399,0.5560032232070944,0.0
107124,10.729345489091486,0.5560032232070911,560,681,1241,0.0,-0.0008333472224535399,0.5560032232070944,0.0
107125,10.728512141869032,0.5560032232070911,560,681,1241,0.0,-0.0008333472224535399,0.5560032232070944,0.0
107126,10.727678794646579,0.5560032232070911,560,681,1241,0.0,-0.0008333472224535399,0.5560032232070944,0.0
107127,10.726845447424125,0.5560032232070911,560,681,1241,0.0,-0.0008333472224535399,0.5560032232070944,0.0
107128,10.726012100201672,0.5560032232070911,560,681,1241,0.0,-0.0008333472224535399,0.5560032232070944,0.0
107129,10.725178752979218,0.5560032232070911,560,681,1241,0.0,-0.0008333472224535399,0.5560032232070944,0.0
107130,10.724345405756758,0.5560032232070911,560,681,1241,0.0,-0.0008333472224606453,0.5560032232070944,0.0
107131,10.723512058534304,0.5560032232070911,560,681,1241,0.0,-0.0008333472224535399,0.5560032232070944,0.0
107132,10.72267871131185,0.5560032232070911,560,681,1241,0.0,-0.0008333472224535399,0.5560032232070944,0.0
107133,10.721845364089397,0.556809024979855,560,681,1241,0.0008058017727639033,-0.0008333472224535399,0.5560838033843707,8.058017727639034e-05
107134,10.721012016866943,0.5576148267526189,560,681,1241,0.0008058017727639033,-0.0008333472224535399,0.5562449637389235,0.00016116035455278067
107135,10.72017866964449,0.5576148267526189,560,681,1241,0.0,-0.0008333472224535399,0.5564061240934765,0.00016116035455278067
107136,10.719345322422036,0.5576148267526189,560,681,1241,0.0,-0.0008333472224535399,0.5565672844480293,0.00016116035455278067
107137,10.718511975199583,0.5576148267526189,560,681,1241,0.0,-0.0008333472224535399,0.5567284448025822,0.00016116035455278067
107138,10.71767862797713,0.5576148267526189,560,681,1241,0.0,-0.0008333472224535399,0.556889605157135,0.00016116035455278067
107139,10.716845280754676,0.5576148267526189,560,681,1241,0.0,-0.0008333472224535399,0.5570507655116879,0.00016116035455278067
107140,10.716011933532222,0.5576148267526189,560,681,1241,0.0,-0.0008333472224535399,0.5572119258662408,0.00016116035455278067
107141,10.715178586309769,0.5576148267526189,560,681,1241,0.0,-0.0008333472224535399,0.5573730862207936,0.00016116035455278067
107142,10.714345239087315,0.5576148267526189,560,681,1241,0.0,-0.0008333472224535399,0.5575342465753466,0.00016116035455278067
107143,10.713511891864862,0.5576148267526189,560,681,1241,0.0,-0.0008333472224535399,0.557614826752623,8.058017727639034e-05
107144,10.712678544642408,0.5576148267526189,560,681,1241,0.0,-0.0008333472224535399,0.5576148267526229,0.0
107145,10.711845197419954,0.5576148267526189,560,681,1241,0.0,-0.0008333472224535399,0.5576148267526229,0.0
107146,10.711011850197501,0.5584206285253828,560,681,1241,0.0008058017727639033,-0.0008333472224535399,0.5576954069298992,8.058017727639034e-05
107147,10.710178502975047,0.5584206285253828,560,681,1241,0.0,-0.0008333472224535399,0.5577759871071756,8.058017727639034e-05
107148,10.709345155752594,0.5584206285253828,560,681,1241,0.0,-0.0008333472224535399,0.5578565672844519,8.058017727639034e-05
107149,10.70851180853014,0.5584206285253828,560,681,1241,0.0,-0.0008333472224535399,0.5579371474617283,8.058017727639034e-05
107150,10.707678461307687,0.5584206285253828,560,681,1241,0.0,-0.0008333472224535399,0.5580177276390046,8.058017727639034e-05
107151,10.706845114085233,0.5584206285253828,560,681,1241,0.0,-0.0008333472224535399,0.5580983078162809,8.058017727639034e-05
107152,10.70601176686278,0.5584206285253828,560,681,1241,0.0,-0.0008333472224535399,0.5581788879935573,8.058017727639034e-05
107153,10.705178419640326,0.5584206285253828,560,681,1241,0.0,-0.0008333472224535399,0.5582594681708336,8.058017727639034e-05
107154,10.704345072417873,0.5584206285253828,560,681,1241,0.0,-0.0008333472224535399,0.55834004834811,8.058017727639034e-05
107155,10.703511725195419,0.5584206285253828,560,681,1241,0.0,-0.0008333472224535399,0.5584206285253863,8.058017727639034e-05
107156,10.702678377972966,0.5584206285253828,560,681,1241,0.0,-0.0008333472224535399,0.5584206285253863,0.0
107157,10.701845030750512,0.5584206285253828,560,681,1241,0.0,-0.0008333472224535399,0.5584206285253863,0.0
107158,10.701011683528058,0.5584206285253828,560,681,1241,0.0,-0.0008333472224535399,0.5584206285253863,0.0
107159,10.700178336305605,0.5584206285253828,560,681,1241,0.0,-0.0008333472224535399,0.5584206285253863,0.0
107160,10.699344989083151,0.5584206285253828,560,681,1241,0.0,-0.0008333472224535399,0.5584206285253863,0.0
107161,10.698511641860698,0.5584206285253828,560,681,1241,0.0,-0.0008333472224535399,0.5584206285253863,0.0
107162,10.697678294638244,0.5584206285253828,560,681,1241,0.0,-0.0008333472224535399,0.5584206285253863,0.0
107163,10.69684494741579,0.5592264302981467,560,681,1241,0.0008058017727639033,-0.0008333472224535399,0.5585012087026626,8.058017727639034e-05
107164,10.696011600193337,0.5592264302981467,560,681,1241,0.0,-0.0008333472224535399,0.558581788879939,8.058017727639034e-05
107165,10.695178252970884,0.5592264302981467,560,681,1241,0.0,-0.0008333472224535399,0.5586623690572153,8.058017727639034e-05
107166,10.69434490574843,0.5592264302981467,560,681,1241,0.0,-0.0008333472224535399,0.5587429492344917,8.058017727639034e-05
107167,10.693511558525977,0.5592264302981467,560,681,1241,0.0,-0.0008333472224535399,0.558823529411768,8.058017727639034e-05
107168,10.692678211303523,0.5592264302981467,560,681,1241,0.0,-0.0008333472224535399,0.5589041095890444,8.058017727639034e-05
107169,10.69184486408107,0.5592264302981467,560,681,1241,0.0,-0.0008333472224535399,0.5589846897663208,8.058017727639034e-05
107170,10.691011516858616,0.5592264302981467,560,681,1241,0.0,-0.0008333472224535399,0.5590652699435971,8.058017727639034e-05
107171,10.690178169636162,0.5592264302981467,560,681,1241,0.0,-0.0008333472224535399,0.5591458501208735,8.058017727639034e-05
107172,10.689344822413702,0.5592264302981467,560,681,1241,0.0,-0.0008333472224606453,0.5592264302981498,8.058017727639034e-05
107173,10.688511475191248,0.5592264302981467,560,681,1241,0.0,-0.0008333472224535399,0.5592264302981498,0.0
107174,10.687678127968795,0.5592264302981467,560,681,1241,0.0,-0.0008333472224535399,0.5592264302981498,0.0
107175,10.686844780746341,0.5592264302981467,560,681,1241,0.0,-0.0008333472224535399,0.5592264302981498,0.0
107176,10.686011433523888,0.5592264302981467,560,681,1241,0.0,-0.0008333472224535399,0.5592264302981498,0.0
107177,10.685178086301434,0.5592264302981467,560,681,1241,0.0,-0.0008333472224535399,0.5592264302981498,0.0
107178,10.68434473907898,0.5592264302981467,560,681,1241,0.0,-0.0008333472224535399,0.5592264302981498,0.0
107179,10.683511391856527,0.5592264302981467,560,681,1241,0.0,-0.0008333472224535399,0.5592264302981498,0.0
107180,10.682678044634073,0.5592264302981467,560,681,1241,0.0,-0.0008333472224535399,0.5592264302981498,0.0
107181,10.68184469741162,0.5592264302981467,560,681,1241,0.0,-0.0008333472224535399,0.5592264302981498,0.0
107182,10.681011350189166,0.5592264302981467,560,681,1241,0.0,-0.0008333472224535399,0.5592264302981498,0.0
107183,10.680178002966713,0.5592264302981467,560,681,1241,0.0,-0.0008333472224535399,0.5592264302981498,0.0
107184,10.67934465574426,0.5592264302981467,560,681,1241,0.0,-0.0008333472224535399,0.5592264302981498,0.0
107185,10.678511308521806,0.5592264302981467,560,681,1241,0.0,-0.0008333472224535399,0.5592264302981498,0.0
107186,10.677677961299352,0.5584206285253828,560,681,1241,-0.0008058017727639033,-0.0008333472224535399,0.5591458501208735,-8.058017727639034e-05
107187,10.676844614076899,0.5584206285253828,560,681,1241,0.0,-0.0008333472224535399,0.5590652699435971,-8.058017727639034e-05
107188,10.676011266854445,0.5584206285253828,560,681,1241,0.0,-0.0008333472224535399,0.5589846897663208,-8.058017727639034e-05
107189,10.675177919631992,0.5584206285253828,560,681,1241,0.0,-0.0008333472224535399,0.5589041095890444,-8.058017727639034e-05
107190,10.674344572409538,0.5584206285253828,560,681,1241,0.0,-0.0008333472224535399,0.558823529411768,-8.058017727639034e-05
107191,10.673511225187085,0.5584206285253828,560,681,1241,0.0,-0.0008333472224535399,0.5587429492344917,-8.058017727639034e-05
107192,10.672677877964631,0.5584206285253828,560,681,1241,0.0,-0.0008333472224535399,0.5586623690572153,-8.058017727639034e-05
107193,10.671844530742177,0.5584206285253828,560,681,1241,0.0,-0.0008333472224535399,0.558581788879939,-8.058017727639034e-05
107194,10.671011183519724,0.5584206285253828,560,681,1241,0.0,-0.0008333472224535399,0.5585012087026626,-8.058017727639034e-05
107195,10.67017783629727,0.5584206285253828,560,681,1241,0.0,-0.0008333472224535399,0.5584206285253863,-8.058017727639034e-05
107196,10.669344489074817,0.5584206285253828,560,681,1241,0.0,-0.0008333472224535399,0.5584206285253863,0.0
107197,10.668511141852363,0.5584206285253828,560,681,1241,0.0,-0.0008333472224535399,0.5584206285253863,0.0
107198,10.66767779462991,0.5584206285253828,560,681,1241,0.0,-0.0008333472224535399,0.5584206285253863,0.0
107199,10.666844447407456,0.5584206285253828,560,681,1241,0.0,-0.0008333472224535399,0.5584206285253863,0.0
107200,10.666011100185003,0.5584206285253828,560,681,1241,0.0,-0.0008333472224535399,0.5584206285253863,0.0
107201,10.665177752962549,0.5584206285253828,560,681,1241,0.0,-0.0008333472224535399,0.5584206285253863,0.0
107202,10.664344405740096,0.5584206285253828,560,681,1241,0.0,-0.0008333472224535399,0.5584206285253863,0.0
107203,10.663511058517642,0.5584206285253828,560,681,1241,0.0,-0.0008333472224535399,0.5584206285253863,0.0
107204,10.662677711295188,0.5584206285253828,560,681,1241,0.0,-0.0008333472224535399,0.5584206285253863,0.0
107205,10.661844364072735,0.5576148267526189,560,681,1241,-0.0008058017727639033,-0.0008333472224535399,0.55834004834811,-8.058017727639034e-05
107206,10.661011016850281,0.5576148267526189,560,681,1241,0.0,-0.0008333472224535399,0.5582594681708336,-8.058017727639034e-05
107207,10.660177669627828,0.5584206285253828,560,681,1241,0.0008058017727639033,-0.0008333472224535399,0.5582594681708336,0.0
107208,10.659344322405374,0.5584206285253828,560,681,1241,0.0,-0.0008333472224535399,0.5582594681708336,0.0
107209,10.65851097518292,0.5584206285253828,560,681,1241,0.0,-0.0008333472224535399,0.5582594681708336,0.0
107210,10.657677627960467,0.5584206285253828,560,681,1241,0.0,-0.0008333472224535399,0.5582594681708336,0.0
107211,10.656844280738014,0.5584206285253828,560,681,1241,0.0,-0.0008333472224535399,0.5582594681708336,0.0
107212,10.65601093351556,0.5584206285253828,560,681,1241,0.0,-0.0008333472224535399,0.5582594681708336,0.0
107213,10.655177586293107,0.5584206285253828,560,681,1241,0.0,-0.0008333472224535399,0.5582594681708336,0.0
107214,10.654344239070646,0.5576148267526189,560,681,1241,-0.0008058017727639033,-0.0008333472224606453,0.5581788879935573,-8.058017727639034e-05
107215,10.653510891848192,0.556809024979855,560,681,1241,-0.0008058017727639033,-0.0008333472224535399,0.5580983078162809,-8.058017727639034e-05
107216,10.652677544625739,0.556809024979855,560,681,1241,0.0,-0.0008333472224535399,0.5580177276390046,-8.058017727639034e-05
107217,10.651844197403285,0.556809024979855,560,681,1241,0.0,-0.0008333472224535399,0.5578565672844518,-0.00016116035455278067
107218,10.651010850180832,0.5560032232070911,560,681,1241,-0.0008058017727639033,-0.0008333472224535399,0.5576148267526226,-0.00024174053182917098
107219,10.650177502958378,0.5560032232070911,560,681,1241,0.0,-0.0008333472224535399,0.5573730862207935,-0.00024174053182917098
107220,10.649344155735925,0.5560032232070911,560,681,1241,0.0,-0.0008333472224535399,0.5571313456889643,-0.00024174053182917098
107221,10.648510808513471,0.5560032232070911,560,681,1241,0.0,-0.0008333472224535399,0.556889605157135,-0.00024174053182917098
107222,10.647677461291018,0.5560032232070911,560,681,1241,0.0,-0.0008333472224535399,0.5566478646253058,-0.00024174053182917098
107223,10.646844114068564,0.5560032232070911,560,681,1241,0.0,-0.0008333472224535399,0.5564061240934766,-0.00024174053182917098
107224,10.64601076684611,0.5560032232070911,560,681,1241,0.0,-0.0008333472224535399,0.5562449637389237,-0.00016116035455278067
107225,10.645177419623657,0.5560032232070911,560,681,1241,0.0,-0.0008333472224535399,0.5561643835616473,-8.058017727639034e-05
107226,10.644344072401204,0.5560032232070911,560,681,1241,0.0,-0.0008333472224535399,0.5560838033843709,-8.058017727639034e-05
107227,10.64351072517875,0.5560032232070911,560,681,1241,0.0,-0.0008333472224535399,0.5560032232070946,-8.058017727639034e-05
107228,10.642677377956296,0.5560032232070911,560,681,1241,0.0,-0.0008333472224535399,0.5560032232070947,0.0
107229,10.641844030733843,0.5560032232070911,560,681,1241,0.0,-0.0008333472224535399,0.5560032232070947,0.0
107230,10.64101068351139,0.5560032232070911,560,681,1241,0.0,-0.0008333472224535399,0.5560032232070947,0.0
107231,10.640177336288936,0.5560032232070911,560,681,1241,0.0,-0.0008333472224535399,0.5560032232070947,0.0
107232,10.639343989066482,0.5560032232070911,560,681,1241,0.0,-0.0008333472224535399,0.5560032232070947,0.0
107233,10.638510641844029,0.5560032232070911,560,681,1241,0.0,-0.0008333472224535399,0.5560032232070947,0.0
107234,10.637677294621575,0.5551974214343272,560,681,1241,-0.0008058017727639033,-0.0008333472224535399,0.5559226430298183,-8.058017727639034e-05
107235,10.636843947399122,0.5551974214343272,560,681,1241,0.0,-0.0008333472224535399,0.555842062852542,-8.058017727639034e-05
107236,10.636010600176668,0.5551974214343272,560,681,1241,0.0,-0.0008333472224535399,0.5557614826752657,-8.058017727639034e-05
107237,10.635177252954215,0.5551974214343272,560,681,1241,0.0,-0.0008333472224535399,0.5556809024979893,-8.058017727639034e-05
107238,10.634343905731761,0.5551974214343272,560,681,1241,0.0,-0.0008333472224535399,0.555600322320713,-8.058017727639034e-05
107239,10.633510558509307,0.5551974214343272,560,681,1241,0.0,-0.0008333472224535399,0.5555197421434366,-8.058017727639034e-05
107240,10.632677211286854,0.5551974214343272,560,681,1241,0.0,-0.0008333472224535399,0.5554391619661603,-8.058017727639034e-05
107241,10.6318438640644,0.5551974214343272,560,681,1241,0.0,-0.0008333472224535399,0.555358581788884,-8.058017727639034e-05
107242,10.631010516841947,0.5551974214343272,560,681,1241,0.0,-0.0008333472224535399,0.5552780016116076,-8.058017727639034e-05
107243,10.630177169619493,0.5551974214343272,560,681,1241,0.0,-0.0008333472224535399,0.5551974214343313,-8.058017727639034e-05
107244,10.62934382239704,0.5551974214343272,560,681,1241,0.0,-0.0008333472224535399,0.5551974214343313,0.0
107245,10.628510475174586,0.5551974214343272,560,681,1241,0.0,-0.0008333472224535399,0.5551974214343313,0.0
107246,10.627677127952133,0.5551974214343272,560,681,1241,0.0,-0.0008333472224535399,0.5551974214343313,0.0
107247,10.62684378072968,0.5551974214343272,560,681,1241,0.0,-0.0008333472224535399,0.5551974214343313,0.0
107248,10.626010433507226,0.5551974214343272,560,681,1241,0.0,-0.0008333472224535399,0.5551974214343313,0.0
107249,10.625177086284772,0.5551974214343272,560,681,1241,0.0,-0.0008333472224535399,0.5551974214343313,0.0
107250,10.624343739062319,0.5551974214343272,560,681,1241,0.0,-0.0008333472224535399,0.5551974214343313,0.0
107251,10.623510391839865,0.5551974214343272,560,681,1241,0.0,-0.0008333472224535399,0.5551974214343313,0.0
107252,10.622677044617411,0.5551974214343272,560,681,1241,0.0,-0.0008333472224535399,0.5551974214343313,0.0
107253,10.621843697394958,0.5551974214343272,560,681,1241,0.0,-0.0008333472224535399,0.5551974214343313,0.0
107254,10.621010350172504,0.5560032232070911,560,681,1241,0.0008058017727639033,-0.0008333472224535399,0.5552780016116076,8.058017727639034e-05
107255,10.62017700295005,0.5560032232070911,560,681,1241,0.0,-0.0008333472224535399,0.555358581788884,8.058017727639034e-05
107256,10.619343655727597,0.5560032232070911,560,681,1241,0.0,-0.0008333472224535399,0.5554391619661603,8.058017727639034e-05
107257,10.618510308505137,0.5560032232070911,560,681,1241,0.0,-0.0008333472224606453,0.5555197421434366,8.058017727639034e-05
107258,10.617676961282683,0.5560032232070911,560,681,1241,0.0,-0.0008333472224535399,0.555600322320713,8.058017727639034e-05
107259,10.61684361406023,0.5560032232070911,560,681,1241,0.0,-0.0008333472224535399,0.5556809024979893,8.058017727639034e-05
107260,10.616010266837776,0.5560032232070911,560,681,1241,0.0,-0.0008333472224535399,0.5557614826752657,8.058017727639034e-05
107261,10.615176919615323,0.5560032232070911,560,681,1241,0.0,-0.0008333472224535399,0.555842062852542,8.058017727639034e-05
107262,10.614343572392869,0.5560032232070911,560,681,1241,0.0,-0.0008333472224535399,0.5559226430298183,8.058017727639034e-05
107263,10.613510225170415,0.5560032232070911,560,681,1241,0.0,-0.0008333472224535399,0.5560032232070947,8.058017727639034e-05
107264,10.612676877947962,0.5551974214343272,560,681,1241,-0.0008058017727639033,-0.0008333472224535399,0.5559226430298183,-8.058017727639034e-05
107265,10.611843530725508,0.5551974214343272,560,681,1241,0.0,-0.0008333472224535399,0.555842062852542,-8.058017727639034e-05
107266,10.611010183503055,0.5551974214343272,560,681,1241,0.0,-0.0008333472224535399,0.5557614826752657,-8.058017727639034e-05
107267,10.610176836280601,0.5551974214343272,560,681,1241,0.0,-0.0008333472224535399,0.5556809024979893,-8.058017727639034e-05
107268,10.609343489058148,0.5551974214343272,560,681,1241,0.0,-0.0008333472224535399,0.555600322320713,-8.058017727639034e-05
107269,10.608510141835694,0.5551974214343272,560,681,1241,0.0,-0.0008333472224535399,0.5555197421434366,-8.058017727639034e-05
107270,10.60767679461324,0.5551974214343272,560,681,1241,0.0,-0.0008333472224535399,0.5554391619661603,-8.058017727639034e-05
107271,10.606843447390787,0.5551974214343272,560,681,1241,0.0,-0.0008333472224535399,0.555358581788884,-8.058017727639034e-05
107272,10.606010100168334,0.5551974214343272,560,681,1241,0.0,-0.0008333472224535399,0.5552780016116076,-8.058017727639034e-05
107273,10.60517675294588,0.5551974214343272,560,681,1241,0.0,-0.0008333472224535399,0.5551974214343313,-8.058017727639034e-05
107274,10.604343405723426,0.5551974214343272,560,681,1241,0.0,-0.0008333472224535399,0.5551974214343313,0.0
107275,10.603510058500973,0.5543916196615633,560,681,1241,-0.0008058017727639033,-0.0008333472224535399,0.5551168412570548,-8.058017727639034e-05
107276,10.60267671127852,0.5543916196615633,560,681,1241,0.0,-0.0008333472224535399,0.5550362610797785,-8.058017727639034e-05
107277,10.601843364056066,0.5543916196615633,560,681,1241,0.0,-0.0008333472224535399,0.5549556809025022,-8.058017727639034e-05
107278,10.601010016833612,0.5543916196615633,560,681,1241,0.0,-0.0008333472224535399,0.5548751007252258,-8.058017727639034e-05
107279,10.600176669611159,0.5543916196615633,560,681,1241,0.0,-0.0008333472224535399,0.5547945205479495,-8.058017727639034e-05
107280,10.599343322388705,0.5543916196615633,560,681,1241,0.0,-0.0008333472224535399,0.5547139403706731,-8.058017727639034e-05
107281,10.598509975166252,0.5543916196615633,560,681,1241,0.0,-0.0008333472224535399,0.5546333601933968,-8.058017727639034e-05
107282,10.597676627943798,0.5543916196615633,560,681,1241,0.0,-0.0008333472224535399,0.5545527800161205,-8.058017727639034e-05
107283,10.596843280721345,0.5543916196615633,560,681,1241,0.0,-0.0008333472224535399,0.5544721998388441,-8.058017727639034e-05
107284,10.596009933498891,0.5551974214343272,560,681,1241,0.0008058017727639033,-0.0008333472224535399,0.5544721998388441,0.0
107285,10.595176586276438,0.5551974214343272,560,681,1241,0.0,-0.0008333472224535399,0.5545527800161205,8.058017727639034e-05
107286,10.594343239053984,0.5551974214343272,560,681,1241,0.0,-0.0008333472224535399,0.5546333601933968,8.058017727639034e-05
107287,10.59350989183153,0.5551974214343272,560,681,1241,0.0,-0.0008333472224535399,0.5547139403706731,8.058017727639034e-05
107288,10.592676544609077,0.5551974214343272,560,681,1241,0.0,-0.0008333472224535399,0.5547945205479495,8.058017727639034e-05
107289,10.591843197386623,0.5551974214343272,560,681,1241,0.0,-0.0008333472224535399,0.5548751007252258,8.058017727639034e-05
107290,10.59100985016417,0.5551974214343272,560,681,1241,0.0,-0.0008333472224535399,0.5549556809025022,8.058017727639034e-05
107291,10.590176502941716,0.5551974214343272,560,681,1241,0.0,-0.0008333472224535399,0.5550362610797785,8.058017727639034e-05
107292,10.589343155719263,0.5551974214343272,560,681,1241,0.0,-0.0008333472224535399,0.5551168412570548,8.058017727639034e-05
107293,10.58850980849681,0.5551974214343272,560,681,1241,0.0,-0.0008333472224535399,0.5551974214343313,8.058017727639034e-05
107294,10.587676461274356,0.5551974214343272,560,681,1241,0.0,-0.0008333472224535399,0.5551974214343313,0.0
107295,10.586843114051902,0.5551974214343272,560,681,1241,0.0,-0.0008333472224535399,0.5551974214343313,0.0
107296,10.586009766829449,0.5551974214343272,560,681,1241,0.0,-0.0008333472224535399,0.5551974214343313,0.0
107297,10.585176419606995,0.5551974214343272,560,681,1241,0.0,-0.0008333472224535399,0.5551974214343313,0.0
107298,10.584343072384542,0.5551974214343272,560,681,1241,0.0,-0.0008333472224535399,0.5551974214343313,0.0
107299,10.58350972516208,0.5551974214343272,560,681,1241,0.0,-0.0008333472224606453,0.5551974214343313,0.0
107300,10.582676377939627,0.5551974214343272,560,681,1241,0.0,-0.0008333472224535399,0.5551974214343313,0.0
107301,10.581843030717174,0.5560032232070911,560,681,1241,0.0008058017727639033,-0.0008333472224535399,0.5552780016116076,8.058017727639034e-05
107302,10.58100968349472,0.5560032232070911,560,681,1241,0.0,-0.0008333472224535399,0.555358581788884,8.058017727639034e-05
107303,10.580176336272267,0.5560032232070911,560,681,1241,0.0,-0.0008333472224535399,0.5554391619661603,8.058017727639034e-05
107304,10.579342989049813,0.5560032232070911,560,681,1241,0.0,-0.0008333472224535399,0.5555197421434366,8.058017727639034e-05
107305,10.57850964182736,0.5560032232070911,560,681,1241,0.0,-0.0008333472224535399,0.555600322320713,8.058017727639034e-05
107306,10.577676294604906,0.5560032232070911,560,681,1241,0.0,-0.0008333472224535399,0.5556809024979893,8.058017727639034e-05
107307,10.576842947382453,0.5560032232070911,560,681,1241,0.0,-0.0008333472224535399,0.5557614826752657,8.058017727639034e-05
107308,10.576009600159999,0.5560032232070911,560,681,1241,0.0,-0.0008333472224535399,0.555842062852542,8.058017727639034e-05
107309,10.575176252937545,0.5560032232070911,560,681,1241,0.0,-0.0008333472224535399,0.5559226430298183,8.058017727639034e-05
107310,10.574342905715092,0.5560032232070911,560,681,1241,0.0,-0.0008333472224535399,0.5560032232070947,8.058017727639034e-05
107311,10.573509558492638,0.5560032232070911,560,681,1241,0.0,-0.0008333472224535399,0.5560032232070947,0.0
107312,10.572676211270185,0.5560032232070911,560,681,1241,0.0,-0.0008333472224535399,0.5560032232070947,0.0
107313,10.571842864047731,0.5560032232070911,560,681,1241,0.0,-0.0008333472224535399,0.5560032232070947,0.0
107314,10.571009516825278,0.5560032232070911,560,681,1241,0.0,-0.0008333472224535399,0.5560032232070947,0.0
107315,10.570176169602824,0.5560032232070911,560,681,1241,0.0,-0.0008333472224535399,0.5560032232070947,0.0
107316,10.56934282238037,0.5560032232070911,560,681,1241,0.0,-0.0008333472224535399,0.5560032232070947,0.0
107317,10.568509475157917,0.5560032232070911,560,681,1241,0.0,-0.0008333472224535399,0.5560032232070947,0.0
107318,10.567676127935464,0.5560032232070911,560,681,1241,0.0,-0.0008333472224535399,0.5560032232070947,0.0
107319,10.56684278071301,0.5560032232070911,560,681,1241,0.0,-0.0008333472224535399,0.5560032232070947,0.0
107320,10.566009433490557,0.5560032232070911,560,681,1241,0.0,-0.0008333472224535399,0.5560032232070947,0.0
107321,10.565176086268103,0.5560032232070911,560,681,1241,0.0,-0.0008333472224535399,0.5560032232070947,0.0
107322,10.56434273904565,0.5560032232070911,560,681,1241,0.0,-0.0008333472224535399,0.5560032232070947,0.0
107323,10.563509391823196,0.5560032232070911,560,681,1241,0.0,-0.0008333472224535399,0.5560032232070947,0.0
107324,10.562676044600742,0.5560032232070911,560,681,1241,0.0,-0.0008333472224535399,0.5560032232070947,0.0
107325,10.561842697378289,0.5560032232070911,560,681,1241,0.0,-0.0008333472224535399,0.5560032232070947,0.0
107326,10.561009350155835,0.5560032232070911,560,681,1241,0.0,-0.0008333472224535399,0.5560032232070947,0.0
107327,10.560176002933382,0.556809024979855,560,681,1241,0.0008058017727639033,-0.0008333472224535399,0.556083803384371,8.058017727639034e-05
107328,10.559342655710928,0.556809024979855,560,681,1241,0.0,-0.0008333472224535399,0.5561643835616474,8.058017727639034e-05
107329,10.558509308488475,0.556809024979855,560,681,1241,0.0,-0.0008333472224535399,0.5562449637389237,8.058017727639034e-05
107330,10.557675961266021,0.556809024979855,560,681,1241,0.0,-0.0008333472224535399,0.5563255439162,8.058017727639034e-05
107331,10.556842614043568,0.556809024979855,560,681,1241,0.0,-0.0008333472224535399,0.5564061240934765,8.058017727639034e-05
107332,10.556009266821114,0.556809024979855,560,681,1241,0.0,-0.0008333472224535399,0.5564867042707528,8.058017727639034e-05
107333,10.55517591959866,0.556809024979855,560,681,1241,0.0,-0.0008333472224535399,0.5565672844480292,8.058017727639034e-05
107334,10.554342572376207,0.556809024979855,560,681,1241,0.0,-0.0008333472224535399,0.5566478646253055,8.058017727639034e-05
107335,10.553509225153753,0.556809024979855,560,681,1241,0.0,-0.0008333472224535399,0.5567284448025818,8.058017727639034e-05
107336,10.5526758779313,0.5576148267526189,560,681,1241,0.0008058017727639033,-0.0008333472224535399,0.5568896051571347,0.00016116035455278067
107337,10.551842530708846,0.5576148267526189,560,681,1241,0.0,-0.0008333472224535399,0.5569701853344111,8.058017727639034e-05
107338,10.551009183486393,0.5576148267526189,560,681,1241,0.0,-0.0008333472224535399,0.5570507655116874,8.058017727639034e-05
107339,10.55017583626394,0.5576148267526189,560,681,1241,0.0,-0.0008333472224535399,0.5571313456889638,8.058017727639034e-05
107340,10.549342489041486,0.5576148267526189,560,681,1241,0.0,-0.0008333472224535399,0.5572119258662401,8.058017727639034e-05
107341,10.548509141819025,0.556809024979855,560,681,1241,-0.0008058017727639033,-0.0008333472224606453,0.5572119258662401,0.0
107342,10.547675794596572,0.556809024979855,560,681,1241,0.0,-0.0008333472224535399,0.5572119258662401,0.0
107343,10.546842447374118,0.556809024979855,560,681,1241,0.0,-0.0008333472224535399,0.5572119258662401,0.0
107344,10.546009100151664,0.556809024979855,560,681,1241,0.0,-0.0008333472224535399,0.5572119258662401,0.0
107345,10.545175752929211,0.556809024979855,560,681,1241,0.0,-0.0008333472224535399,0.5572119258662401,0.0
107346,10.544342405706757,0.556809024979855,560,681,1241,0.0,-0.0008333472224535399,0.5571313456889637,-8.058017727639034e-05
107347,10.543509058484304,0.5560032232070911,560,681,1241,-0.0008058017727639033,-0.0008333472224535399,0.5569701853344109,-0.00016116035455278067
107348,10.54267571126185,0.5560032232070911,560,681,1241,0.0,-0.0008333472224535399,0.556809024979858,-0.00016116035455278067
107349,10.541842364039397,0.5560032232070911,560,681,1241,0.0,-0.0008333472224535399,0.5566478646253051,-0.00016116035455278067
107350,10.541009016816943,0.5560032232070911,560,681,1241,0.0,-0.0008333472224535399,0.5564867042707522,-0.00016116035455278067
107351,10.54017566959449,0.5560032232070911,560,681,1241,0.0,-0.0008333472224535399,0.5564061240934758,-8.058017727639034e-05
107352,10.539342322372036,0.5560032232070911,560,681,1241,0.0,-0.0008333472224535399,0.5563255439161995,-8.058017727639034e-05
107353,10.538508975149583,0.5560032232070911,560,681,1241,0.0,-0.0008333472224535399,0.5562449637389231,-8.058017727639034e-05
107354,10.537675627927129,0.5560032232070911,560,681,1241,0.0,-0.0008333472224535399,0.5561643835616468,-8.058017727639034e-05
107355,10.536842280704676,0.5560032232070911,560,681,1241,0.0,-0.0008333472224535399,0.5560838033843705,-8.058017727639034e-05
107356,10.536008933482222,0.5560032232070911,560,681,1241,0.0,-0.0008333472224535399,0.556003223207094,-8.058017727639034e-05
107357,10.535175586259768,0.5560032232070911,560,681,1241,0.0,-0.0008333472224535399,0.5560032232070942,0.0
107358,10.534342239037315,0.5560032232070911,560,681,1241,0.0,-0.0008333472224535399,0.5560032232070942,0.0
107359,10.533508891814861,0.5560032232070911,560,681,1241,0.0,-0.0008333472224535399,0.5560032232070942,0.0
107360,10.532675544592408,0.5560032232070911,560,681,1241,0.0,-0.0008333472224535399,0.5560032232070942,0.0
107361,10.531842197369954,0.5560032232070911,560,681,1241,0.0,-0.0008333472224535399,0.5560032232070942,0.0
107362,10.5310088501475,0.5560032232070911,560,681,1241,0.0,-0.0008333472224535399,0.5560032232070942,0.0
107363,10.530175502925047,0.5560032232070911,560,681,1241,0.0,-0.0008333472224535399,0.5560032232070942,0.0
107364,10.529342155702594,0.5560032232070911,560,681,1241,0.0,-0.0008333472224535399,0.5560032232070942,0.0
107365,10.52850880848014,0.5560032232070911,560,681,1241,0.0,-0.0008333472224535399,0.5560032232070942,0.0
107366,10.527675461257687,0.5560032232070911,560,681,1241,0.0,-0.0008333472224535399,0.5560032232070942,0.0
107367,10.526842114035233,0.5560032232070911,560,681,1241,0.0,-0.0008333472224535399,0.5560032232070942,0.0
107368,10.52600876681278,0.5560032232070911,560,681,1241,0.0,-0.0008333472224535399,0.5560032232070942,0.0
107369,10.525175419590326,0.5560032232070911,560,681,1241,0.0,-0.0008333472224535399,0.5560032232070942,0.0
107370,10.524342072367872,0.5560032232070911,560,681,1241,0.0,-0.0008333472224535399,0.5560032232070942,0.0
107371,10.523508725145419,0.5560032232070911,560,681,1241,0.0,-0.0008333472224535399,0.5560032232070942,0.0
107372,10.522675377922965,0.5560032232070911,560,681,1241,0.0,-0.0008333472224535399,0.5560032232070942,0.0
107373,10.521842030700512,0.5560032232070911,560,681,1241,0.0,-0.0008333472224535399,0.5560032232070942,0.0
107374,10.521008683478058,0.5560032232070911,560,681,1241,0.0,-0.0008333472224535399,0.5560032232070942,0.0
107375,10.520175336255605,0.5560032232070911,560,681,1241,0.0,-0.0008333472224535399,0.5560032232070942,0.0
107376,10.519341989033151,0.5560032232070911,560,681,1241,0.0,-0.0008333472224535399,0.5560032232070942,0.0
107377,10.518508641810698,0.5560032232070911,560,681,1241,0.0,-0.0008333472224535399,0.5560032232070942,0.0
107378,10.517675294588244,0.5560032232070911,560,681,1241,0.0,-0.0008333472224535399,0.5560032232070942,0.0
107379,10.51684194736579,0.5560032232070911,560,681,1241,0.0,-0.0008333472224535399,0.5560032232070942,0.0
107380,10.516008600143337,0.5560032232070911,560,681,1241,0.0,-0.0008333472224535399,0.5560032232070942,0.0
107381,10.515175252920884,0.5560032232070911,560,681,1241,0.0,-0.0008333472224535399,0.5560032232070942,0.0
107382,10.51434190569843,0.5560032232070911,560,681,1241,0.0,-0.0008333472224535399,0.5560032232070942,0.0
107383,10.513508558475976,0.556809024979855,560,681,1241,0.0008058017727639033,-0.0008333472224535399,0.5560838033843705,8.058017727639034e-05
107384,10.512675211253516,0.556809024979855,560,681,1241,0.0,-0.0008333472224606453,0.5561643835616469,8.058017727639034e-05
107385,10.511841864031062,0.556809024979855,560,681,1241,0.0,-0.0008333472224535399,0.5562449637389232,8.058017727639034e-05
107386,10.511008516808609,0.556809024979855,560,681,1241,0.0,-0.0008333472224535399,0.5563255439161996,8.058017727639034e-05
107387,10.510175169586155,0.556809024979855,560,681,1241,0.0,-0.0008333472224535399,0.5564061240934759,8.058017727639034e-05
107388,10.509341822363702,0.556809024979855,560,681,1241,0.0,-0.0008333472224535399,0.5564867042707522,8.058017727639034e-05
107389,10.508508475141248,0.556809024979855,560,681,1241,0.0,-0.0008333472224535399,0.5565672844480286,8.058017727639034e-05
107390,10.507675127918795,0.556809024979855,560,681,1241,0.0,-0.0008333472224535399,0.5566478646253049,8.058017727639034e-05
107391,10.506841780696341,0.556809024979855,560,681,1241,0.0,-0.0008333472224535399,0.5567284448025813,8.058017727639034e-05
107392,10.506008433473887,0.556809024979855,560,681,1241,0.0,-0.0008333472224535399,0.5568090249798576,8.058017727639034e-05
107393,10.505175086251434,0.556809024979855,560,681,1241,0.0,-0.0008333472224535399,0.5568090249798576,0.0
107394,10.50434173902898,0.556809024979855,560,681,1241,0.0,-0.0008333472224535399,0.5568090249798576,0.0
107395,10.503508391806527,0.556809024979855,560,681,1241,0.0,-0.0008333472224535399,0.5568090249798576,0.0
107396,10.502675044584073,0.556809024979855,560,681,1241,0.0,-0.0008333472224535399,0.5568090249798576,0.0
107397,10.50184169736162,0.556809024979855,560,681,1241,0.0,-0.0008333472224535399,0.5568090249798576,0.0
107398,10.501008350139166,0.556809024979855,560,681,1241,0.0,-0.0008333472224535399,0.5568090249798576,0.0
107399,10.500175002916713,0.556809024979855,560,681,1241,0.0,-0.0008333472224535399,0.5568090249798576,0.0
107400,10.49934165569426,0.556809024979855,560,681,1241,0.0,-0.0008333472224535399,0.5568090249798576,0.0
107401,10.498508308471806,0.556809024979855,560,681,1241,0.0,-0.0008333472224535399,0.5568090249798576,0.0
107402,10.497674961249352,0.556809024979855,560,681,1241,0.0,-0.0008333472224535399,0.5568090249798576,0.0
107403,10.496841614026899,0.556809024979855,560,681,1241,0.0,-0.0008333472224535399,0.5568090249798576,0.0
107404,10.496008266804445,0.556809024979855,560,681,1241,0.0,-0.0008333472224535399,0.5568090249798576,0.0
107405,10.495174919581991,0.556809024979855,560,681,1241,0.0,-0.0008333472224535399,0.5568090249798576,0.0
107406,10.494341572359538,0.5576148267526189,560,681,1241,0.0008058017727639033,-0.0008333472224535399,0.556889605157134,8.058017727639034e-05
107407,10.493508225137084,0.5576148267526189,560,681,1241,0.0,-0.0008333472224535399,0.5569701853344105,8.058017727639034e-05
107408,10.49267487791463,0.5576148267526189,560,681,1241,0.0,-0.0008333472224535399,0.5570507655116868,8.058017727639034e-05
107409,10.491841530692177,0.5576148267526189,560,681,1241,0.0,-0.0008333472224535399,0.557131345688963,8.058017727639034e-05
107410,10.491008183469724,0.5576148267526189,560,681,1241,0.0,-0.0008333472224535399,0.5572119258662395,8.058017727639034e-05
107411,10.49017483624727,0.5576148267526189,560,681,1241,0.0,-0.0008333472224535399,0.5572925060435158,8.058017727639034e-05
107412,10.489341489024817,0.5576148267526189,560,681,1241,0.0,-0.0008333472224535399,0.5573730862207922,8.058017727639034e-05
107413,10.488508141802363,0.5576148267526189,560,681,1241,0.0,-0.0008333472224535399,0.5574536663980685,8.058017727639034e-05
107414,10.48767479457991,0.5576148267526189,560,681,1241,0.0,-0.0008333472224535399,0.5575342465753448,8.058017727639034e-05
107415,10.486841447357456,0.5576148267526189,560,681,1241,0.0,-0.0008333472224535399,0.5576148267526212,8.058017727639034e-05
107416,10.486008100135003,0.5576148267526189,560,681,1241,0.0,-0.0008333472224535399,0.5576148267526211,0.0
107417,10.485174752912549,0.5576148267526189,560,681,1241,0.0,-0.0008333472224535399,0.5576148267526211,0.0
107418,10.484341405690095,0.5576148267526189,560,681,1241,0.0,-0.0008333472224535399,0.5576148267526211,0.0
107419,10.483508058467642,0.5576148267526189,560,681,1241,0.0,-0.0008333472224535399,0.5576148267526211,0.0
107420,10.482674711245188,0.5576148267526189,560,681,1241,0.0,-0.0008333472224535399,0.5576148267526211,0.0
107421,10.481841364022735,0.5576148267526189,560,681,1241,0.0,-0.0008333472224535399,0.5576148267526211,0.0
107422,10.481008016800281,0.5576148267526189,560,681,1241,0.0,-0.0008333472224535399,0.5576148267526211,0.0
107423,10.480174669577828,0.5576148267526189,560,681,1241,0.0,-0.0008333472224535399,0.5576148267526211,0.0
107424,10.479341322355374,0.5576148267526189,560,681,1241,0.0,-0.0008333472224535399,0.5576148267526211,0.0
107425,10.47850797513292,0.5576148267526189,560,681,1241,0.0,-0.0008333472224535399,0.5576148267526211,0.0
107426,10.47767462791046,0.5576148267526189,560,681,1241,0.0,-0.0008333472224606453,0.5576148267526211,0.0
107427,10.476841280688006,0.5576148267526189,560,681,1241,0.0,-0.0008333472224535399,0.5576148267526211,0.0
107428,10.476007933465553,0.5576148267526189,560,681,1241,0.0,-0.0008333472224535399,0.5576148267526211,0.0
107429,10.4751745862431,0.5576148267526189,560,681,1241,0.0,-0.0008333472224535399,0.5576148267526211,0.0
107430,10.474341239020646,0.5576148267526189,560,681,1241,0.0,-0.0008333472224535399,0.5576148267526211,0.0
107431,10.473507891798192,0.5576148267526189,560,681,1241,0.0,-0.0008333472224535399,0.5576148267526211,0.0
107432,10.472674544575739,0.5576148267526189,560,681,1241,0.0,-0.0008333472224535399,0.5576148267526211,0.0
107433,10.471841197353285,0.5576148267526189,560,681,1241,0.0,-0.0008333472224535399,0.5576148267526211,0.0
107434,10.471007850130832,0.5576148267526189,560,681,1241,0.0,-0.0008333472224535399,0.5576148267526211,0.0
107435,10.470174502908378,0.5576148267526189,560,681,1241,0.0,-0.0008333472224535399,0.5576148267526211,0.0
107436,10.469341155685925,0.5576148267526189,560,681,1241,0.0,-0.0008333472224535399,0.5576148267526211,0.0
107437,10.468507808463471,0.5576148267526189,560,681,1241,0.0,-0.0008333472224535399,0.5576148267526211,0.0
107438,10.467674461241018,0.5576148267526189,560,681,1241,0.0,-0.0008333472224535399,0.5576148267526211,0.0
107439,10.466841114018564,0.5576148267526189,560,681,1241,0.0,-0.0008333472224535399,0.5576148267526211,0.0
107440,10.46600776679611,0.5576148267526189,560,681,1241,0.0,-0.0008333472224535399,0.5576148267526211,0.0
107441,10.465174419573657,0.5576148267526189,560,681,1241,0.0,-0.0008333472224535399,0.5576148267526211,0.0
107442,10.464341072351203,0.5576148267526189,560,681,1241,0.0,-0.0008333472224535399,0.5576148267526211,0.0
107443,10.46350772512875,0.5576148267526189,560,681,1241,0.0,-0.0008333472224535399,0.5576148267526211,0.0
107444,10.462674377906296,0.5576148267526189,560,681,1241,0.0,-0.0008333472224535399,0.5576148267526211,0.0
107445,10.461841030683843,0.5576148267526189,560,681,1241,0.0,-0.0008333472224535399,0.5576148267526211,0.0
107446,10.46100768346139,0.5576148267526189,560,681,1241,0.0,-0.0008333472224535399,0.5576148267526211,0.0
107447,10.460174336238936,0.5576148267526189,560,681,1241,0.0,-0.0008333472224535399,0.5576148267526211,0.0
107448,10.459340989016482,0.556809024979855,560,681,1241,-0.0008058017727639033,-0.0008333472224535399,0.5575342465753448,-8.058017727639034e-05
107449,10.458507641794029,0.556809024979855,560,681,1241,0.0,-0.0008333472224535399,0.5574536663980684,-8.058017727639034e-05
107450,10.457674294571575,0.556809024979855,560,681,1241,0.0,-0.0008333472224535399,0.5573730862207921,-8.058017727639034e-05
107451,10.456840947349122,0.556809024979855,560,681,1241,0.0,-0.0008333472224535399,0.5572925060435157,-8.058017727639034e-05
107452,10.456007600126668,0.5560032232070911,560,681,1241,-0.0008058017727639033,-0.0008333472224535399,0.5571313456889628,-0.00016116035455278067
107453,10.455174252904214,0.5560032232070911,560,681,1241,0.0,-0.0008333472224535399,0.55697018533441,-0.00016116035455278067
107454,10.45434090568176,0.5560032232070911,560,681,1241,0.0,-0.0008333472224535399,0.5568090249798571,-0.00016116035455278067
107455,10.453507558459307,0.5560032232070911,560,681,1241,0.0,-0.0008333472224535399,0.5566478646253042,-0.00016116035455278067
107456,10.452674211236854,0.5560032232070911,560,681,1241,0.0,-0.0008333472224535399,0.5564867042707513,-0.00016116035455278067
107457,10.4518408640144,0.5560032232070911,560,681,1241,0.0,-0.0008333472224535399,0.5563255439161985,-0.00016116035455278067
107458,10.451007516791947,0.5560032232070911,560,681,1241,0.0,-0.0008333472224535399,0.5562449637389221,-8.058017727639034e-05
107459,10.450174169569493,0.5560032232070911,560,681,1241,0.0,-0.0008333472224535399,0.5561643835616457,-8.058017727639034e-05
107460,10.44934082234704,0.5560032232070911,560,681,1241,0.0,-0.0008333472224535399,0.5560838033843694,-8.058017727639034e-05
107461,10.448507475124586,0.5560032232070911,560,681,1241,0.0,-0.0008333472224535399,0.5560032232070931,-8.058017727639034e-05
107462,10.447674127902133,0.5560032232070911,560,681,1241,0.0,-0.0008333472224535399,0.5560032232070931,0.0
107463,10.446840780679679,0.5560032232070911,560,681,1241,0.0,-0.0008333472224535399,0.5560032232070931,0.0
107464,10.446007433457225,0.5560032232070911,560,681,1241,0.0,-0.0008333472224535399,0.5560032232070931,0.0
107465,10.445174086234772,0.5560032232070911,560,681,1241,0.0,-0.0008333472224535399,0.5560032232070931,0.0
107466,10.444340739012318,0.5560032232070911,560,681,1241,0.0,-0.0008333472224535399,0.5560032232070931,0.0
107467,10.443507391789865,0.5560032232070911,560,681,1241,0.0,-0.0008333472224535399,0.5560032232070931,0.0
107468,10.442674044567411,0.5560032232070911,560,681,1241,0.0,-0.0008333472224535399,0.5560032232070931,0.0
107469,10.44184069734495,0.5560032232070911,560,681,1241,0.0,-0.0008333472224606453,0.5560032232070931,0.0
107470,10.441007350122497,0.5560032232070911,560,681,1241,0.0,-0.0008333472224535399,0.5560032232070931,0.0
107471,10.440174002900044,0.556809024979855,560,681,1241,0.0008058017727639033,-0.0008333472224535399,0.5560838033843695,8.058017727639034e-05
107472,10.43934065567759,0.556809024979855,560,681,1241,0.0,-0.0008333472224535399,0.5561643835616458,8.058017727639034e-05
107473,10.438507308455137,0.556809024979855,560,681,1241,0.0,-0.0008333472224535399,0.5562449637389222,8.058017727639034e-05
107474,10.437673961232683,0.556809024979855,560,681,1241,0.0,-0.0008333472224535399,0.5563255439161985,8.058017727639034e-05
107475,10.43684061401023,0.556809024979855,560,681,1241,0.0,-0.0008333472224535399,0.5564061240934748,8.058017727639034e-05
107476,10.436007266787776,0.556809024979855,560,681,1241,0.0,-0.0008333472224535399,0.5564867042707512,8.058017727639034e-05
107477,10.435173919565322,0.556809024979855,560,681,1241,0.0,-0.0008333472224535399,0.5565672844480275,8.058017727639034e-05
107478,10.434340572342869,0.556809024979855,560,681,1241,0.0,-0.0008333472224535399,0.5566478646253039,8.058017727639034e-05
107479,10.433507225120415,0.556809024979855,560,681,1241,0.0,-0.0008333472224535399,0.5567284448025802,8.058017727639034e-05
107480,10.432673877897962,0.556809024979855,560,681,1241,0.0,-0.0008333472224535399,0.5568090249798565,8.058017727639034e-05
107481,10.431840530675508,0.5576148267526189,560,681,1241,0.0008058017727639033,-0.0008333472224535399,0.556889605157133,8.058017727639034e-05
107482,10.431007183453055,0.5576148267526189,560,681,1241,0.0,-0.0008333472224535399,0.5569701853344093,8.058017727639034e-05
107483,10.430173836230601,0.5576148267526189,560,681,1241,0.0,-0.0008333472224535399,0.5570507655116856,8.058017727639034e-05
107484,10.429340489008148,0.5576148267526189,560,681,1241,0.0,-0.0008333472224535399,0.557131345688962,8.058017727639034e-05
107485,10.428507141785694,0.5576148267526189,560,681,1241,0.0,-0.0008333472224535399,0.5572119258662384,8.058017727639034e-05
107486,10.42767379456324,0.5576148267526189,560,681,1241,0.0,-0.0008333472224535399,0.5572925060435148,8.058017727639034e-05
107487,10.426840447340787,0.5576148267526189,560,681,1241,0.0,-0.0008333472224535399,0.5573730862207911,8.058017727639034e-05
107488,10.426007100118333,0.5576148267526189,560,681,1241,0.0,-0.0008333472224535399,0.5574536663980674,8.058017727639034e-05
107489,10.42517375289588,0.5592264302981467,560,681,1241,0.0016116035455278066,-0.0008333472224535399,0.5576954069298966,0.00024174053182917098
107490,10.424340405673426,0.5592264302981467,560,681,1241,0.0,-0.0008333472224535399,0.5579371474617258,0.00024174053182917098
107491,10.423507058450973,0.5592264302981467,560,681,1241,0.0,-0.0008333472224535399,0.5580983078162787,0.00016116035455278067
107492,10.42267371122852,0.5592264302981467,560,681,1241,0.0,-0.0008333472224535399,0.5582594681708313,0.00016116035455278067
107493,10.421840364006066,0.5584206285253828,560,681,1241,-0.0008058017727639033,-0.0008333472224535399,0.5583400483481077,8.058017727639034e-05
107494,10.421007016783612,0.5584206285253828,560,681,1241,0.0,-0.0008333472224535399,0.558420628525384,8.058017727639034e-05
107495,10.420173669561159,0.5584206285253828,560,681,1241,0.0,-0.0008333472224535399,0.5585012087026604,8.058017727639034e-05
107496,10.419340322338705,0.5584206285253828,560,681,1241,0.0,-0.0008333472224535399,0.5585817888799367,8.058017727639034e-05
107497,10.418506975116252,0.5584206285253828,560,681,1241,0.0,-0.0008333472224535399,0.558662369057213,8.058017727639034e-05
107498,10.417673627893798,0.5584206285253828,560,681,1241,0.0,-0.0008333472224535399,0.5587429492344894,8.058017727639034e-05
107499,10.416840280671344,0.5584206285253828,560,681,1241,0.0,-0.0008333472224535399,0.558662369057213,-8.058017727639034e-05
107500,10.416006933448891,0.5584206285253828,560,681,1241,0.0,-0.0008333472224535399,0.5585817888799367,-8.058017727639034e-05
107501,10.415173586226437,0.5584206285253828,560,681,1241,0.0,-0.0008333472224535399,0.5585012087026604,-8.058017727639034e-05
107502,10.414340239003984,0.5584206285253828,560,681,1241,0.0,-0.0008333472224535399,0.558420628525384,-8.058017727639034e-05
107503,10.41350689178153,0.5584206285253828,560,681,1241,0.0,-0.0008333472224535399,0.558420628525384,0.0
107504,10.412673544559077,0.5584206285253828,560,681,1241,0.0,-0.0008333472224535399,0.558420628525384,0.0
107505,10.411840197336623,0.5576148267526189,560,681,1241,-0.0008058017727639033,-0.0008333472224535399,0.5583400483481077,-8.058017727639034e-05
107506,10.41100685011417,0.5576148267526189,560,681,1241,0.0,-0.0008333472224535399,0.5582594681708313,-8.058017727639034e-05
107507,10.410173502891716,0.5576148267526189,560,681,1241,0.0,-0.0008333472224535399,0.558178887993555,-8.058017727639034e-05
107508,10.409340155669263,0.5576148267526189,560,681,1241,0.0,-0.0008333472224535399,0.5580983078162787,-8.058017727639034e-05
107509,10.408506808446809,0.5576148267526189,560,681,1241,0.0,-0.0008333472224535399,0.5580177276390023,-8.058017727639034e-05
107510,10.407673461224356,0.5584206285253828,560,681,1241,0.0008058017727639033,-0.0008333472224535399,0.5580177276390023,0.0
107511,10.406840114001895,0.5584206285253828,560,681,1241,0.0,-0.0008333472224606453,0.5580177276390023,0.0
107512,10.406006766779441,0.5584206285253828,560,681,1241,0.0,-0.0008333472224535399,0.5580177276390023,0.0
107513,10.405173419556988,0.5584206285253828,560,681,1241,0.0,-0.0008333472224535399,0.5580177276390023,0.0
107514,10.404340072334534,0.5584206285253828,560,681,1241,0.0,-0.0008333472224535399,0.5580177276390023,0.0
107515,10.40350672511208,0.5584206285253828,560,681,1241,0.0,-0.0008333472224535399,0.5580983078162787,8.058017727639034e-05
107516,10.402673377889627,0.5584206285253828,560,681,1241,0.0,-0.0008333472224535399,0.558178887993555,8.058017727639034e-05
107517,10.401840030667174,0.5584206285253828,560,681,1241,0.0,-0.0008333472224535399,0.5582594681708313,8.058017727639034e-05
107518,10.40100668344472,0.5576148267526189,560,681,1241,-0.0008058017727639033,-0.0008333472224535399,0.5582594681708313,0.0
107519,10.400173336222267,0.5576148267526189,560,681,1241,0.0,-0.0008333472224535399,0.5582594681708313,0.0
107520,10.399339988999813,0.5576148267526189,560,681,1241,0.0,-0.0008333472224535399,0.558178887993555,-8.058017727639034e-05
107521,10.39850664177736,0.5576148267526189,560,681,1241,0.0,-0.0008333472224535399,0.5580983078162787,-8.058017727639034e-05
107522,10.397673294554906,0.5576148267526189,560,681,1241,0.0,-0.0008333472224535399,0.5580177276390023,-8.058017727639034e-05
107523,10.396839947332452,0.5576148267526189,560,681,1241,0.0,-0.0008333472224535399,0.557937147461726,-8.058017727639034e-05
107524,10.396006600109999,0.5576148267526189,560,681,1241,0.0,-0.0008333472224535399,0.5578565672844495,-8.058017727639034e-05
107525,10.395173252887545,0.5576148267526189,560,681,1241,0.0,-0.0008333472224535399,0.5577759871071732,-8.058017727639034e-05
107526,10.394339905665092,0.5576148267526189,560,681,1241,0.0,-0.0008333472224535399,0.5576954069298969,-8.058017727639034e-05
107527,10.393506558442638,0.5576148267526189,560,681,1241,0.0,-0.0008333472224535399,0.5576148267526205,-8.058017727639034e-05
107528,10.392673211220185,0.5576148267526189,560,681,1241,0.0,-0.0008333472224535399,0.5576148267526205,0.0
107529,10.391839863997731,0.5576148267526189,560,681,1241,0.0,-0.0008333472224535399,0.5576148267526205,0.0
107530,10.391006516775278,0.5576148267526189,560,681,1241,0.0,-0.0008333472224535399,0.5576148267526205,0.0
107531,10.390173169552824,0.5576148267526189,560,681,1241,0.0,-0.0008333472224535399,0.5576148267526205,0.0
107532,10.38933982233037,0.5576148267526189,560,681,1241,0.0,-0.0008333472224535399,0.5576148267526205,0.0
107533,10.388506475107917,0.5576148267526189,560,681,1241,0.0,-0.0008333472224535399,0.5576148267526205,0.0
107534,10.387673127885463,0.5576148267526189,560,681,1241,0.0,-0.0008333472224535399,0.5576148267526205,0.0
107535,10.38683978066301,0.556809024979855,560,681,1241,-0.0008058017727639033,-0.0008333472224535399,0.5575342465753442,-8.058017727639034e-05
107536,10.386006433440556,0.556809024979855,560,681,1241,0.0,-0.0008333472224535399,0.5574536663980678,-8.058017727639034e-05
107537,10.385173086218103,0.556809024979855,560,681,1241,0.0,-0.0008333472224535399,0.5573730862207915,-8.058017727639034e-05
107538,10.38433973899565,0.556809024979855,560,681,1241,0.0,-0.0008333472224535399,0.5572925060435152,-8.058017727639034e-05
107539,10.383506391773196,0.556809024979855,560,681,1241,0.0,-0.0008333472224535399,0.5572119258662388,-8.058017727639034e-05
107540,10.382673044550742,0.556809024979855,560,681,1241,0.0,-0.0008333472224535399,0.5571313456889625,-8.058017727639034e-05
107541,10.381839697328289,0.556809024979855,560,681,1241,0.0,-0.0008333472224535399,0.5570507655116861,-8.058017727639034e-05
107542,10.381006350105835,0.556809024979855,560,681,1241,0.0,-0.0008333472224535399,0.5569701853344098,-8.058017727639034e-05
107543,10.380173002883382,0.556809024979855,560,681,1241,0.0,-0.0008333472224535399,0.5568896051571335,-8.058017727639034e-05
107544,10.379339655660928,0.556809024979855,560,681,1241,0.0,-0.0008333472224535399,0.5568090249798571,-8.058017727639034e-05
107545,10.378506308438475,0.556809024979855,560,681,1241,0.0,-0.0008333472224535399,0.5568090249798571,0.0
107546,10.377672961216021,0.556809024979855,560,681,1241,0.0,-0.0008333472224535399,0.5568090249798571,0.0
107547,10.376839613993567,0.556809024979855,560,681,1241,0.0,-0.0008333472224535399,0.5568090249798571,0.0
107548,10.376006266771114,0.556809024979855,560,681,1241,0.0,-0.0008333472224535399,0.5568090249798571,0.0
107549,10.37517291954866,0.556809024979855,560,681,1241,0.0,-0.0008333472224535399,0.5568090249798571,0.0
107550,10.374339572326207,0.556809024979855,560,681,1241,0.0,-0.0008333472224535399,0.5568090249798571,0.0
107551,10.373506225103753,0.556809024979855,560,681,1241,0.0,-0.0008333472224535399,0.5568090249798571,0.0
107552,10.3726728778813,0.556809024979855,560,681,1241,0.0,-0.0008333472224535399,0.5568090249798571,0.0
107553,10.37183953065884,0.556809024979855,560,681,1241,0.0,-0.0008333472224606453,0.5568090249798571,0.0
107554,10.371006183436386,0.556809024979855,560,681,1241,0.0,-0.0008333472224535399,0.5568090249798571,0.0
107555,10.370172836213932,0.556809024979855,560,681,1241,0.0,-0.0008333472224535399,0.5568090249798571,0.0
107556,10.369339488991479,0.556809024979855,560,681,1241,0.0,-0.0008333472224535399,0.5568090249798571,0.0
107557,10.368506141769025,0.556809024979855,560,681,1241,0.0,-0.0008333472224535399,0.5568090249798571,0.0
107558,10.367672794546571,0.556809024979855,560,681,1241,0.0,-0.0008333472224535399,0.5568090249798571,0.0
107559,10.366839447324118,0.556809024979855,560,681,1241,0.0,-0.0008333472224535399,0.5568090249798571,0.0
107560,10.366006100101664,0.556809024979855,560,681,1241,0.0,-0.0008333472224535399,0.5568090249798571,0.0
107561,10.36517275287921,0.556809024979855,560,681,1241,0.0,-0.0008333472224535399,0.5568090249798571,0.0
107562,10.364339405656757,0.556809024979855,560,681,1241,0.0,-0.0008333472224535399,0.5568090249798571,0.0
107563,10.363506058434304,0.556809024979855,560,681,1241,0.0,-0.0008333472224535399,0.5568090249798571,0.0
107564,10.36267271121185,0.556809024979855,560,681,1241,0.0,-0.0008333472224535399,0.5568090249798571,0.0
107565,10.361839363989397,0.556809024979855,560,681,1241,0.0,-0.0008333472224535399,0.5568090249798571,0.0
107566,10.361006016766943,0.556809024979855,560,681,1241,0.0,-0.0008333472224535399,0.5568090249798571,0.0
107567,10.36017266954449,0.556809024979855,560,681,1241,0.0,-0.0008333472224535399,0.5568090249798571,0.0
107568,10.359339322322036,0.556809024979855,560,681,1241,0.0,-0.0008333472224535399,0.5568090249798571,0.0
107569,10.358505975099582,0.556809024979855,560,681,1241,0.0,-0.0008333472224535399,0.5568090249798571,0.0
107570,10.357672627877129,0.556809024979855,560,681,1241,0.0,-0.0008333472224535399,0.5568090249798571,0.0
107571,10.356839280654675,0.556809024979855,560,681,1241,0.0,-0.0008333472224535399,0.5568090249798571,0.0
107572,10.356005933432222,0.556809024979855,560,681,1241,0.0,-0.0008333472224535399,0.5568090249798571,0.0
107573,10.355172586209768,0.556809024979855,560,681,1241,0.0,-0.0008333472224535399,0.5568090249798571,0.0
107574,10.354339238987315,0.5560032232070911,560,681,1241,-0.0008058017727639033,-0.0008333472224535399,0.5567284448025807,-8.058017727639034e-05
107575,10.353505891764861,0.5560032232070911,560,681,1241,0.0,-0.0008333472224535399,0.5566478646253044,-8.058017727639034e-05
107576,10.352672544542408,0.5560032232070911,560,681,1241,0.0,-0.0008333472224535399,0.5565672844480279,-8.058017727639034e-05
107577,10.351839197319954,0.5560032232070911,560,681,1241,0.0,-0.0008333472224535399,0.5564867042707516,-8.058017727639034e-05
107578,10.3510058500975,0.5560032232070911,560,681,1241,0.0,-0.0008333472224535399,0.5564061240934752,-8.058017727639034e-05
107579,10.350172502875047,0.5560032232070911,560,681,1241,0.0,-0.0008333472224535399,0.5563255439161989,-8.058017727639034e-05
107580,10.349339155652594,0.5560032232070911,560,681,1241,0.0,-0.0008333472224535399,0.5562449637389226,-8.058017727639034e-05
107581,10.34850580843014,0.5560032232070911,560,681,1241,0.0,-0.0008333472224535399,0.5561643835616462,-8.058017727639034e-05
107582,10.347672461207686,0.5560032232070911,560,681,1241,0.0,-0.0008333472224535399,0.5560838033843699,-8.058017727639034e-05
107583,10.346839113985233,0.5560032232070911,560,681,1241,0.0,-0.0008333472224535399,0.5560032232070935,-8.058017727639034e-05
107584,10.34600576676278,0.5560032232070911,560,681,1241,0.0,-0.0008333472224535399,0.5560032232070936,0.0
107585,10.345172419540326,0.5560032232070911,560,681,1241,0.0,-0.0008333472224535399,0.5560032232070936,0.0
107586,10.344339072317872,0.5560032232070911,560,681,1241,0.0,-0.0008333472224535399,0.5560032232070936,0.0
107587,10.343505725095419,0.5560032232070911,560,681,1241,0.0,-0.0008333472224535399,0.5560032232070936,0.0
107588,10.342672377872965,0.5560032232070911,560,681,1241,0.0,-0.0008333472224535399,0.5560032232070936,0.0
107589,10.341839030650512,0.5551974214343272,560,681,1241,-0.0008058017727639033,-0.0008333472224535399,0.5559226430298173,-8.058017727639034e-05
107590,10.341005683428058,0.5551974214343272,560,681,1241,0.0,-0.0008333472224535399,0.5558420628525409,-8.058017727639034e-05
107591,10.340172336205605,0.5551974214343272,560,681,1241,0.0,-0.0008333472224535399,0.5557614826752646,-8.058017727639034e-05
107592,10.339338988983151,0.5551974214343272,560,681,1241,0.0,-0.0008333472224535399,0.5556809024979883,-8.058017727639034e-05
107593,10.338505641760698,0.5551974214343272,560,681,1241,0.0,-0.0008333472224535399,0.5556003223207119,-8.058017727639034e-05
107594,10.337672294538244,0.5551974214343272,560,681,1241,0.0,-0.0008333472224535399,0.5555197421434356,-8.058017727639034e-05
107595,10.33683894731579,0.5551974214343272,560,681,1241,0.0,-0.0008333472224535399,0.5554391619661592,-8.058017727639034e-05
107596,10.33600560009333,0.5551974214343272,560,681,1241,0.0,-0.0008333472224606453,0.5553585817888829,-8.058017727639034e-05
107597,10.335172252870876,0.5551974214343272,560,681,1241,0.0,-0.0008333472224535399,0.5552780016116066,-8.058017727639034e-05
107598,10.334338905648423,0.5551974214343272,560,681,1241,0.0,-0.0008333472224535399,0.5551974214343302,-8.058017727639034e-05
107599,10.33350555842597,0.5551974214343272,560,681,1241,0.0,-0.0008333472224535399,0.5551974214343302,0.0
107600,10.332672211203516,0.5551974214343272,560,681,1241,0.0,-0.0008333472224535399,0.5551974214343302,0.0
107601,10.331838863981062,0.5551974214343272,560,681,1241,0.0,-0.0008333472224535399,0.5551974214343302,0.0
107602,10.331005516758609,0.5551974214343272,560,681,1241,0.0,-0.0008333472224535399,0.5551974214343302,0.0
107603,10.330172169536155,0.5551974214343272,560,681,1241,0.0,-0.0008333472224535399,0.5551974214343302,0.0
107604,10.329338822313701,0.5551974214343272,560,681,1241,0.0,-0.0008333472224535399,0.5551974214343302,0.0
107605,10.328505475091248,0.5551974214343272,560,681,1241,0.0,-0.0008333472224535399,0.5551974214343302,0.0
107606,10.327672127868794,0.5551974214343272,560,681,1241,0.0,-0.0008333472224535399,0.5551974214343302,0.0
107607,10.32683878064634,0.5551974214343272,560,681,1241,0.0,-0.0008333472224535399,0.5551974214343302,0.0
107608,10.326005433423887,0.5551974214343272,560,681,1241,0.0,-0.0008333472224535399,0.5551974214343302,0.0
107609,10.325172086201434,0.5551974214343272,560,681,1241,0.0,-0.0008333472224535399,0.5551974214343302,0.0
107610,10.32433873897898,0.5551974214343272,560,681,1241,0.0,-0.0008333472224535399,0.5551974214343302,0.0
107611,10.323505391756527,0.5551974214343272,560,681,1241,0.0,-0.0008333472224535399,0.5551974214343302,0.0
107612,10.322672044534073,0.5551974214343272,560,681,1241,0.0,-0.0008333472224535399,0.5551974214343302,0.0
107613,10.32183869731162,0.5551974214343272,560,681,1241,0.0,-0.0008333472224535399,0.5551974214343302,0.0
107614,10.321005350089166,0.5551974214343272,560,681,1241,0.0,-0.0008333472224535399,0.5551974214343302,0.0
107615,10.320172002866713,0.5551974214343272,560,681,1241,0.0,-0.0008333472224535399,0.5551974214343302,0.0
107616,10.319338655644259,0.5551974214343272,560,681,1241,0.0,-0.0008333472224535399,0.5551974214343302,0.0
107617,10.318505308421805,0.5551974214343272,560,681,1241,0.0,-0.0008333472224535399,0.5551974214343302,0.0
107618,10.317671961199352,0.5551974214343272,560,681,1241,0.0,-0.0008333472224535399,0.5551974214343302,0.0
107619,10.316838613976898,0.5551974214343272,560,681,1241,0.0,-0.0008333472224535399,0.5551974214343302,0.0
107620,10.316005266754445,0.5551974214343272,560,681,1241,0.0,-0.0008333472224535399,0.5551974214343302,0.0
107621,10.315171919531991,0.5551974214343272,560,681,1241,0.0,-0.0008333472224535399,0.5551974214343302,0.0
107622,10.314338572309538,0.5551974214343272,560,681,1241,0.0,-0.0008333472224535399,0.5551974214343302,0.0
107623,10.313505225087084,0.5551974214343272,560,681,1241,0.0,-0.0008333472224535399,0.5551974214343302,0.0
107624,10.31267187786463,0.5551974214343272,560,681,1241,0.0,-0.0008333472224535399,0.5551974214343302,0.0
107625,10.311838530642177,0.5551974214343272,560,681,1241,0.0,-0.0008333472224535399,0.5551974214343302,0.0
107626,10.311005183419724,0.5551974214343272,560,681,1241,0.0,-0.0008333472224535399,0.5551974214343302,0.0
107627,10.31017183619727,0.5551974214343272,560,681,1241,0.0,-0.0008333472224535399,0.5551974214343302,0.0
107628,10.309338488974817,0.5551974214343272,560,681,1241,0.0,-0.0008333472224535399,0.5551974214343302,0.0
107629,10.308505141752363,0.5551974214343272,560,681,1241,0.0,-0.0008333472224535399,0.5551974214343302,0.0
107630,10.30767179452991,0.5551974214343272,560,681,1241,0.0,-0.0008333472224535399,0.5551974214343302,0.0
107631,10.306838447307456,0.5551974214343272,560,681,1241,0.0,-0.0008333472224535399,0.5551974214343302,0.0
107632,10.306005100085002,0.5551974214343272,560,681,1241,0.0,-0.0008333472224535399,0.5551974214343302,0.0
107633,10.305171752862549,0.556809024979855,560,681,1241,0.0016116035455278066,-0.0008333472224535399,0.555358581788883,0.00016116035455278067
107634,10.304338405640095,0.5576148267526189,560,681,1241,0.0008058017727639033,-0.0008333472224535399,0.5556003223207121,0.00024174053182917098
107635,10.303505058417642,0.5576148267526189,560,681,1241,0.0,-0.0008333472224535399,0.5558420628525413,0.00024174053182917098
107636,10.302671711195188,0.5576148267526189,560,681,1241,0.0,-0.0008333472224535399,0.5560838033843705,0.00024174053182917098
107637,10.301838363972735,0.5576148267526189,560,681,1241,0.0,-0.0008333472224535399,0.5563255439161997,0.00024174053182917098
107638,10.301005016750274,0.5576148267526189,560,681,1241,0.0,-0.0008333472224606453,0.5565672844480289,0.00024174053182917098
107639,10.30017166952782,0.5576148267526189,560,681,1241,0.0,-0.0008333472224535399,0.5568090249798582,0.00024174053182917098
107640,10.299338322305367,0.5576148267526189,560,681,1241,0.0,-0.0008333472224535399,0.5570507655116874,0.00024174053182917098
107641,10.298504975082913,0.5576148267526189,560,681,1241,0.0,-0.0008333472224535399,0.5572925060435165,0.00024174053182917098
107642,10.29767162786046,0.5576148267526189,560,681,1241,0.0,-0.0008333472224535399,0.5575342465753458,0.00024174053182917098
107643,10.296838280638006,0.5584206285253828,560,681,1241,0.0008058017727639033,-0.0008333472224535399,0.5576954069298986,0.00016116035455278067
107644,10.296004933415553,0.5584206285253828,560,681,1241,0.0,-0.0008333472224535399,0.557775987107175,8.058017727639034e-05
107645,10.2951715861931,0.5584206285253828,560,681,1241,0.0,-0.0008333472224535399,0.5578565672844513,8.058017727639034e-05
107646,10.294338238970646,0.5584206285253828,560,681,1241,0.0,-0.0008333472224535399,0.5579371474617277,8.058017727639034e-05
107647,10.293504891748192,0.5576148267526189,560,681,1241,-0.0008058017727639033,-0.0008333472224535399,0.5579371474617277,0.0
107648,10.292671544525739,0.5576148267526189,560,681,1241,0.0,-0.0008333472224535399,0.5579371474617277,0.0
107649,10.291838197303285,0.5576148267526189,560,681,1241,0.0,-0.0008333472224535399,0.5579371474617277,0.0
107650,10.291004850080832,0.5576148267526189,560,681,1241,0.0,-0.0008333472224535399,0.5579371474617277,0.0
107651,10.290171502858378,0.5576148267526189,560,681,1241,0.0,-0.0008333472224535399,0.5579371474617277,0.0
107652,10.289338155635924,0.5576148267526189,560,681,1241,0.0,-0.0008333472224535399,0.5579371474617277,0.0
107653,10.288504808413471,0.5576148267526189,560,681,1241,0.0,-0.0008333472224535399,0.5578565672844513,-8.058017727639034e-05
107654,10.287671461191017,0.5584206285253828,560,681,1241,0.0008058017727639033,-0.0008333472224535399,0.5578565672844513,0.0
107655,10.286838113968564,0.5584206285253828,560,681,1241,0.0,-0.0008333472224535399,0.5578565672844513,0.0
107656,10.28600476674611,0.5584206285253828,560,681,1241,0.0,-0.0008333472224535399,0.5578565672844513,0.0
107657,10.285171419523657,0.5584206285253828,560,681,1241,0.0,-0.0008333472224535399,0.5579371474617277,8.058017727639034e-05
107658,10.284338072301203,0.5584206285253828,560,681,1241,0.0,-0.0008333472224535399,0.558017727639004,8.058017727639034e-05
107659,10.28350472507875,0.5584206285253828,560,681,1241,0.0,-0.0008333472224535399,0.5580983078162804,8.058017727639034e-05
107660,10.282671377856296,0.5584206285253828,560,681,1241,0.0,-0.0008333472224535399,0.5581788879935567,8.058017727639034e-05
107661,10.281838030633843,0.5584206285253828,560,681,1241,0.0,-0.0008333472224535399,0.558259468170833,8.058017727639034e-05
107662,10.281004683411389,0.5584206285253828,560,681,1241,0.0,-0.0008333472224535399,0.5583400483481095,8.058017727639034e-05
107663,10.280171336188936,0.5584206285253828,560,681,1241,0.0,-0.0008333472224535399,0.5584206285253858,8.058017727639034e-05
107664,10.279337988966482,0.5584206285253828,560,681,1241,0.0,-0.0008333472224535399,0.5584206285253858,0.0
107665,10.278504641744028,0.5584206285253828,560,681,1241,0.0,-0.0008333472224535399,0.5584206285253858,0.0
107666,10.277671294521575,0.5584206285253828,560,681,1241,0.0,-0.0008333472224535399,0.5584206285253858,0.0
107667,10.276837947299121,0.5584206285253828,560,681,1241,0.0,-0.0008333472224535399,0.5584206285253858,0.0
107668,10.276004600076668,0.5584206285253828,560,681,1241,0.0,-0.0008333472224535399,0.5584206285253858,0.0
107669,10.275171252854214,0.5576148267526189,560,681,1241,-0.0008058017727639033,-0.0008333472224535399,0.5583400483481095,-8.058017727639034e-05
107670,10.27433790563176,0.5576148267526189,560,681,1241,0.0,-0.0008333472224535399,0.558259468170833,-8.058017727639034e-05
107671,10.273504558409307,0.5576148267526189,560,681,1241,0.0,-0.0008333472224535399,0.5581788879935567,-8.058017727639034e-05
107672,10.272671211186854,0.5576148267526189,560,681,1241,0.0,-0.0008333472224535399,0.5580983078162804,-8.058017727639034e-05
107673,10.2718378639644,0.5576148267526189,560,681,1241,0.0,-0.0008333472224535399,0.558017727639004,-8.058017727639034e-05
107674,10.271004516741947,0.5576148267526189,560,681,1241,0.0,-0.0008333472224535399,0.5579371474617277,-8.058017727639034e-05
107675,10.270171169519493,0.556809024979855,560,681,1241,-0.0008058017727639033,-0.0008333472224535399,0.5577759871071749,-0.00016116035455278067
107676,10.26933782229704,0.556809024979855,560,681,1241,0.0,-0.0008333472224535399,0.5576148267526222,-0.00016116035455278067
107677,10.268504475074586,0.556809024979855,560,681,1241,0.0,-0.0008333472224535399,0.5574536663980694,-0.00016116035455278067
107678,10.267671127852132,0.556809024979855,560,681,1241,0.0,-0.0008333472224535399,0.5572925060435165,-0.00016116035455278067
107679,10.266837780629679,0.5560032232070911,560,681,1241,-0.0008058017727639033,-0.0008333472224535399,0.5571313456889637,-0.00016116035455278067
107680,10.266004433407218,0.5560032232070911,560,681,1241,0.0,-0.0008333472224606453,0.5569701853344109,-0.00016116035455278067
107681,10.265171086184765,0.5551974214343272,560,681,1241,-0.0008058017727639033,-0.0008333472224535399,0.5567284448025817,-0.00024174053182917098
107682,10.264337738962311,0.5551974214343272,560,681,1241,0.0,-0.0008333472224535399,0.5564867042707524,-0.00024174053182917098
107683,10.263504391739858,0.5551974214343272,560,681,1241,0.0,-0.0008333472224535399,0.5562449637389232,-0.00024174053182917098
107684,10.262671044517404,0.5551974214343272,560,681,1241,0.0,-0.0008333472224535399,0.5560032232070939,-0.00024174053182917098
107685,10.26183769729495,0.5551974214343272,560,681,1241,0.0,-0.0008333472224535399,0.5558420628525412,-0.00016116035455278067
107686,10.261004350072497,0.5551974214343272,560,681,1241,0.0,-0.0008333472224535399,0.5556809024979884,-0.00016116035455278067
107687,10.260171002850043,0.5551974214343272,560,681,1241,0.0,-0.0008333472224535399,0.5555197421434357,-0.00016116035455278067
107688,10.25933765562759,0.5551974214343272,560,681,1241,0.0,-0.0008333472224535399,0.5553585817888829,-0.00016116035455278067
107689,10.258504308405136,0.5551974214343272,560,681,1241,0.0,-0.0008333472224535399,0.5552780016116066,-8.058017727639034e-05
107690,10.257670961182683,0.5551974214343272,560,681,1241,0.0,-0.0008333472224535399,0.5551974214343302,-8.058017727639034e-05
107691,10.25683761396023,0.5551974214343272,560,681,1241,0.0,-0.0008333472224535399,0.5551974214343302,0.0
107692,10.256004266737776,0.5551974214343272,560,681,1241,0.0,-0.0008333472224535399,0.5551974214343302,0.0
107693,10.255170919515322,0.5551974214343272,560,681,1241,0.0,-0.0008333472224535399,0.5551974214343302,0.0
107694,10.254337572292869,0.5551974214343272,560,681,1241,0.0,-0.0008333472224535399,0.5551974214343302,0.0
107695,10.253504225070415,0.5551974214343272,560,681,1241,0.0,-0.0008333472224535399,0.5551974214343302,0.0
107696,10.252670877847962,0.5551974214343272,560,681,1241,0.0,-0.0008333472224535399,0.5551974214343302,0.0
107697,10.251837530625508,0.5551974214343272,560,681,1241,0.0,-0.0008333472224535399,0.5551974214343302,0.0
107698,10.251004183403055,0.5551974214343272,560,681,1241,0.0,-0.0008333472224535399,0.5551974214343302,0.0
107699,10.250170836180601,0.5551974214343272,560,681,1241,0.0,-0.0008333472224535399,0.5551974214343302,0.0
107700,10.249337488958147,0.5560032232070911,560,681,1241,0.0008058017727639033,-0.0008333472224535399,0.5552780016116066,8.058017727639034e-05
107701,10.248504141735694,0.5560032232070911,560,681,1241,0.0,-0.0008333472224535399,0.5553585817888829,8.058017727639034e-05
107702,10.24767079451324,0.5560032232070911,560,681,1241,0.0,-0.0008333472224535399,0.5554391619661592,8.058017727639034e-05
107703,10.246837447290787,0.5560032232070911,560,681,1241,0.0,-0.0008333472224535399,0.5555197421434356,8.058017727639034e-05
107704,10.246004100068333,0.5560032232070911,560,681,1241,0.0,-0.0008333472224535399,0.5556003223207119,8.058017727639034e-05
107705,10.24517075284588,0.5551974214343272,560,681,1241,-0.0008058017727639033,-0.0008333472224535399,0.5556003223207119,0.0
107706,10.244337405623426,0.5551974214343272,560,681,1241,0.0,-0.0008333472224535399,0.5556003223207119,0.0
107707,10.243504058400973,0.5551974214343272,560,681,1241,0.0,-0.0008333472224535399,0.5556003223207119,0.0
107708,10.24267071117852,0.5551974214343272,560,681,1241,0.0,-0.0008333472224535399,0.5556003223207119,0.0
107709,10.241837363956066,0.5551974214343272,560,681,1241,0.0,-0.0008333472224535399,0.5556003223207119,0.0
107710,10.241004016733612,0.5551974214343272,560,681,1241,0.0,-0.0008333472224535399,0.5555197421434356,-8.058017727639034e-05
107711,10.240170669511159,0.5551974214343272,560,681,1241,0.0,-0.0008333472224535399,0.5554391619661592,-8.058017727639034e-05
107712,10.239337322288705,0.5551974214343272,560,681,1241,0.0,-0.0008333472224535399,0.5553585817888829,-8.058017727639034e-05
107713,10.238503975066251,0.5551974214343272,560,681,1241,0.0,-0.0008333472224535399,0.5552780016116066,-8.058017727639034e-05
107714,10.237670627843798,0.5551974214343272,560,681,1241,0.0,-0.0008333472224535399,0.5551974214343302,-8.058017727639034e-05
107715,10.236837280621344,0.5551974214343272,560,681,1241,0.0,-0.0008333472224535399,0.5551974214343302,0.0
107716,10.23600393339889,0.5551974214343272,560,681,1241,0.0,-0.0008333472224535399,0.5551974214343302,0.0
107717,10.235170586176437,0.5551974214343272,560,681,1241,0.0,-0.0008333472224535399,0.5551974214343302,0.0
107718,10.234337238953984,0.5551974214343272,560,681,1241,0.0,-0.0008333472224535399,0.5551974214343302,0.0
107719,10.23350389173153,0.5551974214343272,560,681,1241,0.0,-0.0008333472224535399,0.5551974214343302,0.0
107720,10.232670544509077,0.5551974214343272,560,681,1241,0.0,-0.0008333472224535399,0.5551974214343302,0.0
107721,10.231837197286623,0.5551974214343272,560,681,1241,0.0,-0.0008333472224535399,0.5551974214343302,0.0
107722,10.23100385006417,0.5551974214343272,560,681,1241,0.0,-0.0008333472224535399,0.5551974214343302,0.0
107723,10.230170502841709,0.5551974214343272,560,681,1241,0.0,-0.0008333472224606453,0.5551974214343302,0.0
107724,10.229337155619255,0.5551974214343272,560,681,1241,0.0,-0.0008333472224535399,0.5551974214343302,0.0
107725,10.228503808396802,0.5551974214343272,560,681,1241,0.0,-0.0008333472224535399,0.5551974214343302,0.0
107726,10.227670461174348,0.5551974214343272,560,681,1241,0.0,-0.0008333472224535399,0.5551974214343302,0.0
107727,10.226837113951895,0.5551974214343272,560,681,1241,0.0,-0.0008333472224535399,0.5551974214343302,0.0
107728,10.226003766729441,0.5551974214343272,560,681,1241,0.0,-0.0008333472224535399,0.5551974214343302,0.0
107729,10.225170419506988,0.5551974214343272,560,681,1241,0.0,-0.0008333472224535399,0.5551974214343302,0.0
107730,10.224337072284534,0.5543916196615633,560,681,1241,-0.0008058017727639033,-0.0008333472224535399,0.5551168412570539,-8.058017727639034e-05
107731,10.22350372506208,0.5543916196615633,560,681,1241,0.0,-0.0008333472224535399,0.5550362610797774,-8.058017727639034e-05
107732,10.222670377839627,0.5543916196615633,560,681,1241,0.0,-0.0008333472224535399,0.5549556809025011,-8.058017727639034e-05
107733,10.221837030617174,0.5543916196615633,560,681,1241,0.0,-0.0008333472224535399,0.5548751007252248,-8.058017727639034e-05
107734,10.22100368339472,0.5543916196615633,560,681,1241,0.0,-0.0008333472224535399,0.5547945205479484,-8.058017727639034e-05
107735,10.220170336172266,0.5543916196615633,560,681,1241,0.0,-0.0008333472224535399,0.5547139403706721,-8.058017727639034e-05
107736,10.219336988949813,0.5543916196615633,560,681,1241,0.0,-0.0008333472224535399,0.5546333601933957,-8.058017727639034e-05
107737,10.21850364172736,0.5543916196615633,560,681,1241,0.0,-0.0008333472224535399,0.5545527800161194,-8.058017727639034e-05
107738,10.217670294504906,0.5543916196615633,560,681,1241,0.0,-0.0008333472224535399,0.5544721998388431,-8.058017727639034e-05
107739,10.216836947282452,0.5543916196615633,560,681,1241,0.0,-0.0008333472224535399,0.5543916196615667,-8.058017727639034e-05
107740,10.216003600059999,0.5543916196615633,560,681,1241,0.0,-0.0008333472224535399,0.5543916196615667,0.0
107741,10.215170252837545,0.5543916196615633,560,681,1241,0.0,-0.0008333472224535399,0.5543916196615667,0.0
107742,10.214336905615092,0.5543916196615633,560,681,1241,0.0,-0.0008333472224535399,0.5543916196615667,0.0
107743,10.213503558392638,0.5543916196615633,560,681,1241,0.0,-0.0008333472224535399,0.5543916196615667,0.0
107744,10.212670211170185,0.5543916196615633,560,681,1241,0.0,-0.0008333472224535399,0.5543916196615667,0.0
107745,10.211836863947731,0.5543916196615633,560,681,1241,0.0,-0.0008333472224535399,0.5543916196615667,0.0
107746,10.211003516725278,0.5543916196615633,560,681,1241,0.0,-0.0008333472224535399,0.5543916196615667,0.0
107747,10.210170169502824,0.5543916196615633,560,681,1241,0.0,-0.0008333472224535399,0.5543916196615667,0.0
107748,10.20933682228037,0.5543916196615633,560,681,1241,0.0,-0.0008333472224535399,0.5543916196615667,0.0
107749,10.208503475057917,0.5543916196615633,560,681,1241,0.0,-0.0008333472224535399,0.5543916196615667,0.0
107750,10.207670127835463,0.5543916196615633,560,681,1241,0.0,-0.0008333472224535399,0.5543916196615667,0.0
107751,10.20683678061301,0.5543916196615633,560,681,1241,0.0,-0.0008333472224535399,0.5543916196615667,0.0
107752,10.206003433390556,0.5543916196615633,560,681,1241,0.0,-0.0008333472224535399,0.5543916196615667,0.0
107753,10.205170086168103,0.5535858178887993,560,681,1241,-0.0008058017727639033,-0.0008333472224535399,0.5543110394842904,-8.058017727639034e-05
107754,10.20433673894565,0.5535858178887993,560,681,1241,0.0,-0.0008333472224535399,0.554230459307014,-8.058017727639034e-05
107755,10.203503391723196,0.5535858178887993,560,681,1241,0.0,-0.0008333472224535399,0.5541498791297377,-8.058017727639034e-05
107756,10.202670044500742,0.5535858178887993,560,681,1241,0.0,-0.0008333472224535399,0.5540692989524614,-8.058017727639034e-05
107757,10.201836697278289,0.5535858178887993,560,681,1241,0.0,-0.0008333472224535399,0.553988718775185,-8.058017727639034e-05
107758,10.201003350055835,0.5535858178887993,560,681,1241,0.0,-0.0008333472224535399,0.5539081385979087,-8.058017727639034e-05
107759,10.200170002833381,0.5535858178887993,560,681,1241,0.0,-0.0008333472224535399,0.5538275584206322,-8.058017727639034e-05
107760,10.199336655610928,0.5535858178887993,560,681,1241,0.0,-0.0008333472224535399,0.553746978243356,-8.058017727639034e-05
107761,10.198503308388474,0.5535858178887993,560,681,1241,0.0,-0.0008333472224535399,0.5536663980660796,-8.058017727639034e-05
107762,10.19766996116602,0.5535858178887993,560,681,1241,0.0,-0.0008333472224535399,0.5535858178888032,-8.058017727639034e-05
107763,10.196836613943567,0.5535858178887993,560,681,1241,0.0,-0.0008333472224535399,0.5535858178888032,0.0
107764,10.196003266721114,0.5535858178887993,560,681,1241,0.0,-0.0008333472224535399,0.5535858178888032,0.0
107765,10.195169919498653,0.5535858178887993,560,681,1241,0.0,-0.0008333472224606453,0.5535858178888032,0.0
107766,10.1943365722762,0.5543916196615633,560,681,1241,0.0008058017727639033,-0.0008333472224535399,0.5536663980660796,8.058017727639034e-05
107767,10.193503225053746,0.5543916196615633,560,681,1241,0.0,-0.0008333472224535399,0.5537469782433561,8.058017727639034e-05
107768,10.192669877831293,0.5543916196615633,560,681,1241,0.0,-0.0008333472224535399,0.5538275584206324,8.058017727639034e-05
107769,10.191836530608839,0.5543916196615633,560,681,1241,0.0,-0.0008333472224535399,0.5539081385979088,8.058017727639034e-05
107770,10.191003183386385,0.5543916196615633,560,681,1241,0.0,-0.0008333472224535399,0.5539887187751851,8.058017727639034e-05
107771,10.190169836163932,0.5543916196615633,560,681,1241,0.0,-0.0008333472224535399,0.5540692989524614,8.058017727639034e-05
107772,10.189336488941478,0.5535858178887993,560,681,1241,-0.0008058017727639033,-0.0008333472224535399,0.5540692989524614,0.0
107773,10.188503141719025,0.5535858178887993,560,681,1241,0.0,-0.0008333472224535399,0.5540692989524614,0.0
107774,10.187669794496571,0.5535858178887993,560,681,1241,0.0,-0.0008333472224535399,0.5540692989524614,0.0
107775,10.186836447274118,0.5535858178887993,560,681,1241,0.0,-0.0008333472224535399,0.5540692989524614,0.0
107776,10.186003100051664,0.5535858178887993,560,681,1241,0.0,-0.0008333472224535399,0.553988718775185,-8.058017727639034e-05
107777,10.18516975282921,0.5535858178887993,560,681,1241,0.0,-0.0008333472224535399,0.5539081385979087,-8.058017727639034e-05
107778,10.184336405606757,0.5535858178887993,560,681,1241,0.0,-0.0008333472224535399,0.5538275584206322,-8.058017727639034e-05
107779,10.183503058384304,0.5535858178887993,560,681,1241,0.0,-0.0008333472224535399,0.553746978243356,-8.058017727639034e-05
107780,10.18266971116185,0.5535858178887993,560,681,1241,0.0,-0.0008333472224535399,0.5536663980660796,-8.058017727639034e-05
107781,10.181836363939397,0.5535858178887993,560,681,1241,0.0,-0.0008333472224535399,0.5535858178888032,-8.058017727639034e-05
107782,10.181003016716943,0.5535858178887993,560,681,1241,0.0,-0.0008333472224535399,0.5535858178888032,0.0
107783,10.18016966949449,0.5535858178887993,560,681,1241,0.0,-0.0008333472224535399,0.5535858178888032,0.0
107784,10.179336322272036,0.5535858178887993,560,681,1241,0.0,-0.0008333472224535399,0.5535858178888032,0.0
107785,10.178502975049582,0.5527800161160354,560,681,1241,-0.0008058017727639033,-0.0008333472224535399,0.5535052377115268,-8.058017727639034e-05
107786,10.177669627827129,0.5527800161160354,560,681,1241,0.0,-0.0008333472224535399,0.5534246575342505,-8.058017727639034e-05
107787,10.176836280604675,0.5527800161160354,560,681,1241,0.0,-0.0008333472224535399,0.5533440773569741,-8.058017727639034e-05
107788,10.176002933382222,0.5527800161160354,560,681,1241,0.0,-0.0008333472224535399,0.5532634971796978,-8.058017727639034e-05
107789,10.175169586159768,0.5527800161160354,560,681,1241,0.0,-0.0008333472224535399,0.5531829170024214,-8.058017727639034e-05
107790,10.174336238937315,0.5527800161160354,560,681,1241,0.0,-0.0008333472224535399,0.5531023368251451,-8.058017727639034e-05
107791,10.173502891714861,0.5527800161160354,560,681,1241,0.0,-0.0008333472224535399,0.5530217566478688,-8.058017727639034e-05
107792,10.172669544492408,0.5527800161160354,560,681,1241,0.0,-0.0008333472224535399,0.5529411764705924,-8.058017727639034e-05
107793,10.171836197269954,0.5527800161160354,560,681,1241,0.0,-0.0008333472224535399,0.5528605962933161,-8.058017727639034e-05
107794,10.1710028500475,0.5527800161160354,560,681,1241,0.0,-0.0008333472224535399,0.5527800161160397,-8.058017727639034e-05
107795,10.170169502825047,0.5527800161160354,560,681,1241,0.0,-0.0008333472224535399,0.5527800161160398,0.0
107796,10.169336155602593,0.5527800161160354,560,681,1241,0.0,-0.0008333472224535399,0.5527800161160398,0.0
107797,10.16850280838014,0.5527800161160354,560,681,1241,0.0,-0.0008333472224535399,0.5527800161160398,0.0
107798,10.167669461157686,0.5535858178887993,560,681,1241,0.0008058017727639033,-0.0008333472224535399,0.5528605962933162,8.058017727639034e-05
107799,10.166836113935233,0.5535858178887993,560,681,1241,0.0,-0.0008333472224535399,0.5529411764705925,8.058017727639034e-05
107800,10.16600276671278,0.5535858178887993,560,681,1241,0.0,-0.0008333472224535399,0.5530217566478688,8.058017727639034e-05
107801,10.165169419490326,0.5535858178887993,560,681,1241,0.0,-0.0008333472224535399,0.5531023368251452,8.058017727639034e-05
107802,10.164336072267872,0.5535858178887993,560,681,1241,0.0,-0.0008333472224535399,0.5531829170024215,8.058017727639034e-05
107803,10.163502725045419,0.5535858178887993,560,681,1241,0.0,-0.0008333472224535399,0.5532634971796979,8.058017727639034e-05
107804,10.162669377822965,0.5535858178887993,560,681,1241,0.0,-0.0008333472224535399,0.5533440773569742,8.058017727639034e-05
107805,10.161836030600512,0.5535858178887993,560,681,1241,0.0,-0.0008333472224535399,0.5534246575342505,8.058017727639034e-05
107806,10.161002683378058,0.5535858178887993,560,681,1241,0.0,-0.0008333472224535399,0.5535052377115269,8.058017727639034e-05
107807,10.160169336155597,0.5535858178887993,560,681,1241,0.0,-0.0008333472224606453,0.5535858178888032,8.058017727639034e-05
107808,10.159335988933144,0.5535858178887993,560,681,1241,0.0,-0.0008333472224535399,0.5535858178888032,0.0
107809,10.15850264171069,0.5535858178887993,560,681,1241,0.0,-0.0008333472224535399,0.5535858178888032,0.0
107810,10.157669294488237,0.5535858178887993,560,681,1241,0.0,-0.0008333472224535399,0.5535858178888032,0.0
107811,10.156835947265783,0.5535858178887993,560,681,1241,0.0,-0.0008333472224535399,0.5535858178888032,0.0
107812,10.15600260004333,0.5535858178887993,560,681,1241,0.0,-0.0008333472224535399,0.5535858178888032,0.0
107813,10.155169252820876,0.5535858178887993,560,681,1241,0.0,-0.0008333472224535399,0.5535858178888032,0.0
107814,10.154335905598423,0.5535858178887993,560,681,1241,0.0,-0.0008333472224535399,0.5535858178888032,0.0
107815,10.153502558375969,0.5535858178887993,560,681,1241,0.0,-0.0008333472224535399,0.5535858178888032,0.0
107816,10.152669211153516,0.5535858178887993,560,681,1241,0.0,-0.0008333472224535399,0.5535858178888032,0.0
107817,10.151835863931062,0.5535858178887993,560,681,1241,0.0,-0.0008333472224535399,0.5535858178888032,0.0
107818,10.151002516708608,0.5535858178887993,560,681,1241,0.0,-0.0008333472224535399,0.5535858178888032,0.0
107819,10.150169169486155,0.5535858178887993,560,681,1241,0.0,-0.0008333472224535399,0.5535858178888032,0.0
107820,10.149335822263701,0.5535858178887993,560,681,1241,0.0,-0.0008333472224535399,0.5535858178888032,0.0
107821,10.148502475041248,0.5535858178887993,560,681,1241,0.0,-0.0008333472224535399,0.5535858178888032,0.0
107822,10.147669127818794,0.5535858178887993,560,681,1241,0.0,-0.0008333472224535399,0.5535858178888032,0.0
107823,10.14683578059634,0.5535858178887993,560,681,1241,0.0,-0.0008333472224535399,0.5535858178888032,0.0
107824,10.146002433373887,0.5535858178887993,560,681,1241,0.0,-0.0008333472224535399,0.5535858178888032,0.0
107825,10.145169086151434,0.5535858178887993,560,681,1241,0.0,-0.0008333472224535399,0.5535858178888032,0.0
107826,10.14433573892898,0.5535858178887993,560,681,1241,0.0,-0.0008333472224535399,0.5535858178888032,0.0
107827,10.143502391706527,0.5535858178887993,560,681,1241,0.0,-0.0008333472224535399,0.5535858178888032,0.0
107828,10.142669044484073,0.5535858178887993,560,681,1241,0.0,-0.0008333472224535399,0.5535858178888032,0.0
107829,10.14183569726162,0.5535858178887993,560,681,1241,0.0,-0.0008333472224535399,0.5535858178888032,0.0
107830,10.141002350039166,0.5535858178887993,560,681,1241,0.0,-0.0008333472224535399,0.5535858178888032,0.0
107831,10.140169002816712,0.5535858178887993,560,681,1241,0.0,-0.0008333472224535399,0.5535858178888032,0.0
107832,10.139335655594259,0.5535858178887993,560,681,1241,0.0,-0.0008333472224535399,0.5535858178888032,0.0
107833,10.138502308371805,0.5535858178887993,560,681,1241,0.0,-0.0008333472224535399,0.5535858178888032,0.0
107834,10.137668961149352,0.5535858178887993,560,681,1241,0.0,-0.0008333472224535399,0.5535858178888032,0.0
107835,10.136835613926898,0.5535858178887993,560,681,1241,0.0,-0.0008333472224535399,0.5535858178888032,0.0
107836,10.136002266704445,0.5535858178887993,560,681,1241,0.0,-0.0008333472224535399,0.5535858178888032,0.0
107837,10.135168919481991,0.5535858178887993,560,681,1241,0.0,-0.0008333472224535399,0.5535858178888032,0.0
107838,10.134335572259538,0.5535858178887993,560,681,1241,0.0,-0.0008333472224535399,0.5535858178888032,0.0
107839,10.133502225037084,0.5535858178887993,560,681,1241,0.0,-0.0008333472224535399,0.5535858178888032,0.0
107840,10.13266887781463,0.5535858178887993,560,681,1241,0.0,-0.0008333472224535399,0.5535858178888032,0.0
107841,10.131835530592177,0.5535858178887993,560,681,1241,0.0,-0.0008333472224535399,0.5535858178888032,0.0
107842,10.131002183369723,0.5535858178887993,560,681,1241,0.0,-0.0008333472224535399,0.5535858178888032,0.0
107843,10.13016883614727,0.5535858178887993,560,681,1241,0.0,-0.0008333472224535399,0.5535858178888032,0.0
107844,10.129335488924816,0.5535858178887993,560,681,1241,0.0,-0.0008333472224535399,0.5535858178888032,0.0
107845,10.128502141702363,0.5535858178887993,560,681,1241,0.0,-0.0008333472224535399,0.5535858178888032,0.0
107846,10.12766879447991,0.5535858178887993,560,681,1241,0.0,-0.0008333472224535399,0.5535858178888032,0.0
107847,10.126835447257456,0.5535858178887993,560,681,1241,0.0,-0.0008333472224535399,0.5535858178888032,0.0
107848,10.126002100035002,0.5535858178887993,560,681,1241,0.0,-0.0008333472224535399,0.5535858178888032,0.0
107849,10.125168752812549,0.5535858178887993,560,681,1241,0.0,-0.0008333472224535399,0.5535858178888032,0.0
107850,10.124335405590088,0.5535858178887993,560,681,1241,0.0,-0.0008333472224606453,0.5535858178888032,0.0
107851,10.123502058367635,0.5543916196615633,560,681,1241,0.0008058017727639033,-0.0008333472224535399,0.5536663980660796,8.058017727639034e-05
107852,10.122668711145181,0.5543916196615633,560,681,1241,0.0,-0.0008333472224535399,0.5537469782433561,8.058017727639034e-05
107853,10.121835363922727,0.5543916196615633,560,681,1241,0.0,-0.0008333472224535399,0.5538275584206324,8.058017727639034e-05
107854,10.121002016700274,0.5543916196615633,560,681,1241,0.0,-0.0008333472224535399,0.5539081385979088,8.058017727639034e-05
107855,10.12016866947782,0.5543916196615633,560,681,1241,0.0,-0.0008333472224535399,0.5539887187751851,8.058017727639034e-05
107856,10.119335322255367,0.5543916196615633,560,681,1241,0.0,-0.0008333472224535399,0.5540692989524614,8.058017727639034e-05
107857,10.118501975032913,0.5543916196615633,560,681,1241,0.0,-0.0008333472224535399,0.5541498791297378,8.058017727639034e-05
107858,10.11766862781046,0.5543916196615633,560,681,1241,0.0,-0.0008333472224535399,0.5542304593070141,8.058017727639034e-05
107859,10.116835280588006,0.5543916196615633,560,681,1241,0.0,-0.0008333472224535399,0.5543110394842905,8.058017727639034e-05
107860,10.116001933365553,0.5543916196615633,560,681,1241,0.0,-0.0008333472224535399,0.5543916196615668,8.058017727639034e-05
107861,10.115168586143099,0.5543916196615633,560,681,1241,0.0,-0.0008333472224535399,0.5543916196615667,0.0
107862,10.114335238920646,0.5543916196615633,560,681,1241,0.0,-0.0008333472224535399,0.5543916196615667,0.0
107863,10.113501891698192,0.5543916196615633,560,681,1241,0.0,-0.0008333472224535399,0.5543916196615667,0.0
107864,10.112668544475738,0.5543916196615633,560,681,1241,0.0,-0.0008333472224535399,0.5543916196615667,0.0
107865,10.111835197253285,0.5535858178887993,560,681,1241,-0.0008058017727639033,-0.0008333472224535399,0.5543110394842904,-8.058017727639034e-05
107866,10.111001850030831,0.5535858178887993,560,681,1241,0.0,-0.0008333472224535399,0.554230459307014,-8.058017727639034e-05
107867,10.110168502808378,0.5535858178887993,560,681,1241,0.0,-0.0008333472224535399,0.5541498791297377,-8.058017727639034e-05
107868,10.109335155585924,0.5535858178887993,560,681,1241,0.0,-0.0008333472224535399,0.5540692989524614,-8.058017727639034e-05
107869,10.10850180836347,0.5535858178887993,560,681,1241,0.0,-0.0008333472224535399,0.553988718775185,-8.058017727639034e-05
107870,10.107668461141017,0.5535858178887993,560,681,1241,0.0,-0.0008333472224535399,0.5539081385979087,-8.058017727639034e-05
107871,10.106835113918564,0.5535858178887993,560,681,1241,0.0,-0.0008333472224535399,0.5538275584206322,-8.058017727639034e-05
107872,10.10600176669611,0.5535858178887993,560,681,1241,0.0,-0.0008333472224535399,0.553746978243356,-8.058017727639034e-05
107873,10.105168419473657,0.5535858178887993,560,681,1241,0.0,-0.0008333472224535399,0.5536663980660796,-8.058017727639034e-05
107874,10.104335072251203,0.5535858178887993,560,681,1241,0.0,-0.0008333472224535399,0.5535858178888032,-8.058017727639034e-05
107875,10.10350172502875,0.5535858178887993,560,681,1241,0.0,-0.0008333472224535399,0.5535858178888032,0.0
107876,10.102668377806296,0.5535858178887993,560,681,1241,0.0,-0.0008333472224535399,0.5535858178888032,0.0
107877,10.101835030583842,0.5535858178887993,560,681,1241,0.0,-0.0008333472224535399,0.5535858178888032,0.0
107878,10.101001683361389,0.5535858178887993,560,681,1241,0.0,-0.0008333472224535399,0.5535858178888032,0.0
107879,10.100168336138935,0.5535858178887993,560,681,1241,0.0,-0.0008333472224535399,0.5535858178888032,0.0
107880,10.099334988916482,0.5535858178887993,560,681,1241,0.0,-0.0008333472224535399,0.5535858178888032,0.0
107881,10.098501641694028,0.5535858178887993,560,681,1241,0.0,-0.0008333472224535399,0.5535858178888032,0.0
107882,10.097668294471575,0.5535858178887993,560,681,1241,0.0,-0.0008333472224535399,0.5535858178888032,0.0
107883,10.096834947249121,0.5535858178887993,560,681,1241,0.0,-0.0008333472224535399,0.5535858178888032,0.0
107884,10.096001600026668,0.5535858178887993,560,681,1241,0.0,-0.0008333472224535399,0.5535858178888032,0.0
107885,10.095168252804214,0.5535858178887993,560,681,1241,0.0,-0.0008333472224535399,0.5535858178888032,0.0
107886,10.09433490558176,0.5535858178887993,560,681,1241,0.0,-0.0008333472224535399,0.5535858178888032,0.0
107887,10.093501558359307,0.5535858178887993,560,681,1241,0.0,-0.0008333472224535399,0.5535858178888032,0.0
107888,10.092668211136854,0.5535858178887993,560,681,1241,0.0,-0.0008333472224535399,0.5535858178888032,0.0
107889,10.0918348639144,0.5535858178887993,560,681,1241,0.0,-0.0008333472224535399,0.5535858178888032,0.0
107890,10.091001516691946,0.5535858178887993,560,681,1241,0.0,-0.0008333472224535399,0.5535858178888032,0.0
107891,10.090168169469493,0.5535858178887993,560,681,1241,0.0,-0.0008333472224535399,0.5535858178888032,0.0
107892,10.089334822247032,0.5535858178887993,560,681,1241,0.0,-0.0008333472224606453,0.5535858178888032,0.0
107893,10.088501475024579,0.5535858178887993,560,681,1241,0.0,-0.0008333472224535399,0.5535858178888032,0.0
107894,10.087668127802125,0.5535858178887993,560,681,1241,0.0,-0.0008333472224535399,0.5535858178888032,0.0
107895,10.086834780579672,0.5535858178887993,560,681,1241,0.0,-0.0008333472224535399,0.5535858178888032,0.0
107896,10.086001433357218,0.5535858178887993,560,681,1241,0.0,-0.0008333472224535399,0.5535858178888032,0.0
107897,10.085168086134765,0.5535858178887993,560,681,1241,0.0,-0.0008333472224535399,0.5535858178888032,0.0
107898,10.084334738912311,0.5535858178887993,560,681,1241,0.0,-0.0008333472224535399,0.5535858178888032,0.0
107899,10.083501391689857,0.5535858178887993,560,681,1241,0.0,-0.0008333472224535399,0.5535858178888032,0.0
107900,10.082668044467404,0.5535858178887993,560,681,1241,0.0,-0.0008333472224535399,0.5535858178888032,0.0
107901,10.08183469724495,0.5535858178887993,560,681,1241,0.0,-0.0008333472224535399,0.5535858178888032,0.0
107902,10.081001350022497,0.5535858178887993,560,681,1241,0.0,-0.0008333472224535399,0.5535858178888032,0.0
107903,10.080168002800043,0.5527800161160354,560,681,1241,-0.0008058017727639033,-0.0008333472224535399,0.5535052377115268,-8.058017727639034e-05
107904,10.07933465557759,0.5527800161160354,560,681,1241,0.0,-0.0008333472224535399,0.5534246575342505,-8.058017727639034e-05
107905,10.078501308355136,0.5527800161160354,560,681,1241,0.0,-0.0008333472224535399,0.5533440773569741,-8.058017727639034e-05
107906,10.077667961132683,0.5527800161160354,560,681,1241,0.0,-0.0008333472224535399,0.5532634971796978,-8.058017727639034e-05
107907,10.07683461391023,0.5527800161160354,560,681,1241,0.0,-0.0008333472224535399,0.5531829170024214,-8.058017727639034e-05
107908,10.076001266687776,0.5527800161160354,560,681,1241,0.0,-0.0008333472224535399,0.5531023368251451,-8.058017727639034e-05
107909,10.075167919465322,0.5527800161160354,560,681,1241,0.0,-0.0008333472224535399,0.5530217566478688,-8.058017727639034e-05
107910,10.074334572242869,0.5527800161160354,560,681,1241,0.0,-0.0008333472224535399,0.5529411764705924,-8.058017727639034e-05
107911,10.073501225020415,0.5527800161160354,560,681,1241,0.0,-0.0008333472224535399,0.5528605962933161,-8.058017727639034e-05
107912,10.072667877797961,0.5527800161160354,560,681,1241,0.0,-0.0008333472224535399,0.5527800161160397,-8.058017727639034e-05
107913,10.071834530575508,0.5527800161160354,560,681,1241,0.0,-0.0008333472224535399,0.5527800161160398,0.0
107914,10.071001183353054,0.5527800161160354,560,681,1241,0.0,-0.0008333472224535399,0.5527800161160398,0.0
107915,10.0701678361306,0.5527800161160354,560,681,1241,0.0,-0.0008333472224535399,0.5527800161160398,0.0
107916,10.069334488908147,0.5527800161160354,560,681,1241,0.0,-0.0008333472224535399,0.5527800161160398,0.0
107917,10.068501141685694,0.5527800161160354,560,681,1241,0.0,-0.0008333472224535399,0.5527800161160398,0.0
107918,10.06766779446324,0.5527800161160354,560,681,1241,0.0,-0.0008333472224535399,0.5527800161160398,0.0
107919,10.066834447240787,0.5527800161160354,560,681,1241,0.0,-0.0008333472224535399,0.5527800161160398,0.0
107920,10.066001100018333,0.5527800161160354,560,681,1241,0.0,-0.0008333472224535399,0.5527800161160398,0.0
107921,10.06516775279588,0.5527800161160354,560,681,1241,0.0,-0.0008333472224535399,0.5527800161160398,0.0
107922,10.064334405573426,0.5527800161160354,560,681,1241,0.0,-0.0008333472224535399,0.5527800161160398,0.0
107923,10.063501058350973,0.5527800161160354,560,681,1241,0.0,-0.0008333472224535399,0.5527800161160398,0.0
107924,10.062667711128519,0.5527800161160354,560,681,1241,0.0,-0.0008333472224535399,0.5527800161160398,0.0
107925,10.061834363906065,0.5527800161160354,560,681,1241,0.0,-0.0008333472224535399,0.5527800161160398,0.0
107926,10.061001016683612,0.5527800161160354,560,681,1241,0.0,-0.0008333472224535399,0.5527800161160398,0.0
107927,10.060167669461158,0.5535858178887993,560,681,1241,0.0008058017727639033,-0.0008333472224535399,0.5528605962933162,8.058017727639034e-05
107928,10.059334322238705,0.5535858178887993,560,681,1241,0.0,-0.0008333472224535399,0.5529411764705925,8.058017727639034e-05
107929,10.058500975016251,0.5535858178887993,560,681,1241,0.0,-0.0008333472224535399,0.5530217566478688,8.058017727639034e-05
107930,10.057667627793798,0.5535858178887993,560,681,1241,0.0,-0.0008333472224535399,0.5531023368251452,8.058017727639034e-05
107931,10.056834280571344,0.5535858178887993,560,681,1241,0.0,-0.0008333472224535399,0.5531829170024215,8.058017727639034e-05
107932,10.05600093334889,0.5535858178887993,560,681,1241,0.0,-0.0008333472224535399,0.5532634971796979,8.058017727639034e-05
107933,10.055167586126437,0.5535858178887993,560,681,1241,0.0,-0.0008333472224535399,0.5533440773569742,8.058017727639034e-05
107934,10.054334238903984,0.5535858178887993,560,681,1241,0.0,-0.0008333472224535399,0.5534246575342505,8.058017727639034e-05
107935,10.053500891681523,0.5535858178887993,560,681,1241,0.0,-0.0008333472224606453,0.5535052377115269,8.058017727639034e-05
107936,10.05266754445907,0.5535858178887993,560,681,1241,0.0,-0.0008333472224535399,0.5535858178888032,8.058017727639034e-05
107937,10.051834197236616,0.5535858178887993,560,681,1241,0.0,-0.0008333472224535399,0.5535858178888032,0.0
107938,10.051000850014162,0.5535858178887993,560,681,1241,0.0,-0.0008333472224535399,0.5535858178888032,0.0
107939,10.050167502791709,0.5535858178887993,560,681,1241,0.0,-0.0008333472224535399,0.5535858178888032,0.0
107940,10.049334155569255,0.5535858178887993,560,681,1241,0.0,-0.0008333472224535399,0.5535858178888032,0.0
107941,10.048500808346802,0.5535858178887993,560,681,1241,0.0,-0.0008333472224535399,0.5535858178888032,0.0
107942,10.047667461124348,0.5535858178887993,560,681,1241,0.0,-0.0008333472224535399,0.5535858178888032,0.0
107943,10.046834113901895,0.5535858178887993,560,681,1241,0.0,-0.0008333472224535399,0.5535858178888032,0.0
107944,10.046000766679441,0.5535858178887993,560,681,1241,0.0,-0.0008333472224535399,0.5535858178888032,0.0
107945,10.045167419456988,0.5535858178887993,560,681,1241,0.0,-0.0008333472224535399,0.5535858178888032,0.0
107946,10.044334072234534,0.5535858178887993,560,681,1241,0.0,-0.0008333472224535399,0.5535858178888032,0.0
107947,10.04350072501208,0.5535858178887993,560,681,1241,0.0,-0.0008333472224535399,0.5535858178888032,0.0
107948,10.042667377789627,0.5535858178887993,560,681,1241,0.0,-0.0008333472224535399,0.5535858178888032,0.0
107949,10.041834030567173,0.5535858178887993,560,681,1241,0.0,-0.0008333472224535399,0.5535858178888032,0.0
107950,10.04100068334472,0.5535858178887993,560,681,1241,0.0,-0.0008333472224535399,0.5535858178888032,0.0
107951,10.040167336122266,0.5543916196615633,560,681,1241,0.0008058017727639033,-0.0008333472224535399,0.5536663980660796,8.058017727639034e-05
107952,10.039333988899813,0.5543916196615633,560,681,1241,0.0,-0.0008333472224535399,0.5537469782433561,8.058017727639034e-05
107953,10.03850064167736,0.5543916196615633,560,681,1241,0.0,-0.0008333472224535399,0.5538275584206324,8.058017727639034e-05
107954,10.037667294454906,0.5543916196615633,560,681,1241,0.0,-0.0008333472224535399,0.5539081385979088,8.058017727639034e-05
107955,10.036833947232452,0.5543916196615633,560,681,1241,0.0,-0.0008333472224535399,0.5539887187751851,8.058017727639034e-05
107956,10.036000600009999,0.5543916196615633,560,681,1241,0.0,-0.0008333472224535399,0.5540692989524614,8.058017727639034e-05
107957,10.035167252787545,0.5535858178887993,560,681,1241,-0.0008058017727639033,-0.0008333472224535399,0.5540692989524614,0.0
107958,10.034333905565092,0.5535858178887993,560,681,1241,0.0,-0.0008333472224535399,0.5540692989524614,0.0
107959,10.033500558342638,0.5535858178887993,560,681,1241,0.0,-0.0008333472224535399,0.5540692989524614,0.0
107960,10.032667211120184,0.5535858178887993,560,681,1241,0.0,-0.0008333472224535399,0.5540692989524614,0.0
107961,10.031833863897731,0.5535858178887993,560,681,1241,0.0,-0.0008333472224535399,0.553988718775185,-8.058017727639034e-05
107962,10.031000516675277,0.5535858178887993,560,681,1241,0.0,-0.0008333472224535399,0.5539081385979087,-8.058017727639034e-05
107963,10.030167169452824,0.5535858178887993,560,681,1241,0.0,-0.0008333472224535399,0.5538275584206322,-8.058017727639034e-05
107964,10.02933382223037,0.5535858178887993,560,681,1241,0.0,-0.0008333472224535399,0.553746978243356,-8.058017727639034e-05
107965,10.028500475007917,0.5535858178887993,560,681,1241,0.0,-0.0008333472224535399,0.5536663980660796,-8.058017727639034e-05
107966,10.027667127785463,0.5535858178887993,560,681,1241,0.0,-0.0008333472224535399,0.5535858178888032,-8.058017727639034e-05
107967,10.02683378056301,0.5535858178887993,560,681,1241,0.0,-0.0008333472224535399,0.5535858178888032,0.0
107968,10.026000433340556,0.5535858178887993,560,681,1241,0.0,-0.0008333472224535399,0.5535858178888032,0.0
107969,10.025167086118103,0.5535858178887993,560,681,1241,0.0,-0.0008333472224535399,0.5535858178888032,0.0
107970,10.024333738895649,0.5527800161160354,560,681,1241,-0.0008058017727639033,-0.0008333472224535399,0.5535052377115268,-8.058017727639034e-05
107971,10.023500391673196,0.5527800161160354,560,681,1241,0.0,-0.0008333472224535399,0.5534246575342505,-8.058017727639034e-05
107972,10.022667044450742,0.5527800161160354,560,681,1241,0.0,-0.0008333472224535399,0.5533440773569741,-8.058017727639034e-05
107973,10.021833697228288,0.5527800161160354,560,681,1241,0.0,-0.0008333472224535399,0.5532634971796978,-8.058017727639034e-05
107974,10.021000350005835,0.5527800161160354,560,681,1241,0.0,-0.0008333472224535399,0.5531829170024214,-8.058017727639034e-05
107975,10.020167002783381,0.5527800161160354,560,681,1241,0.0,-0.0008333472224535399,0.5531023368251451,-8.058017727639034e-05
107976,10.019333655560928,0.5527800161160354,560,681,1241,0.0,-0.0008333472224535399,0.5530217566478688,-8.058017727639034e-05
107977,10.018500308338467,0.5527800161160354,560,681,1241,0.0,-0.0008333472224606453,0.5529411764705924,-8.058017727639034e-05
107978,10.017666961116014,0.5527800161160354,560,681,1241,0.0,-0.0008333472224535399,0.5528605962933161,-8.058017727639034e-05
107979,10.01683361389356,0.5527800161160354,560,681,1241,0.0,-0.0008333472224535399,0.5527800161160397,-8.058017727639034e-05
107980,10.016000266671107,0.5527800161160354,560,681,1241,0.0,-0.0008333472224535399,0.5527800161160398,0.0
107981,10.015166919448653,0.5527800161160354,560,681,1241,0.0,-0.0008333472224535399,0.5527800161160398,0.0
107982,10.0143335722262,0.5527800161160354,560,681,1241,0.0,-0.0008333472224535399,0.5527800161160398,0.0
107983,10.013500225003746,0.5527800161160354,560,681,1241,0.0,-0.0008333472224535399,0.5527800161160398,0.0
107984,10.012666877781292,0.5527800161160354,560,681,1241,0.0,-0.0008333472224535399,0.5527800161160398,0.0
107985,10.011833530558839,0.5527800161160354,560,681,1241,0.0,-0.0008333472224535399,0.5527800161160398,0.0
107986,10.011000183336385,0.5527800161160354,560,681,1241,0.0,-0.0008333472224535399,0.5527800161160398,0.0
107987,10.010166836113932,0.5527800161160354,560,681,1241,0.0,-0.0008333472224535399,0.5527800161160398,0.0
107988,10.009333488891478,0.5527800161160354,560,681,1241,0.0,-0.0008333472224535399,0.5527800161160398,0.0
107989,10.008500141669025,0.5527800161160354,560,681,1241,0.0,-0.0008333472224535399,0.5527800161160398,0.0
107990,10.007666794446571,0.5527800161160354,560,681,1241,0.0,-0.0008333472224535399,0.5527800161160398,0.0
107991,10.006833447224118,0.5527800161160354,560,681,1241,0.0,-0.0008333472224535399,0.5527800161160398,0.0
107992,10.006000100001664,0.5527800161160354,560,681,1241,0.0,-0.0008333472224535399,0.5527800161160398,0.0
107993,10.00516675277921,0.5527800161160354,560,681,1241,0.0,-0.0008333472224535399,0.5527800161160398,0.0
107994,10.004333405556757,0.5527800161160354,560,681,1241,0.0,-0.0008333472224535399,0.5527800161160398,0.0
107995,10.003500058334303,0.5527800161160354,560,681,1241,0.0,-0.0008333472224535399,0.5527800161160398,0.0
107996,10.00266671111185,0.5527800161160354,560,681,1241,0.0,-0.0008333472224535399,0.5527800161160398,0.0
107997,10.001833363889396,0.5527800161160354,560,681,1241,0.0,-0.0008333472224535399,0.5527800161160398,0.0
107998,10.001000016666943,0.5527800161160354,560,681,1241,0.0,-0.0008333472224535399,0.5527800161160398,0.0
107999,10.00016666944449,0.5527800161160354,560,681,1241,0.0,-0.0008333472224535399,0.5527800161160398,0.0
108000,9.999333322222036,0.5527800161160354,560,681,1241,0.0,-0.0008333472224535399,0.5527800161160398,0.0
108001,9.998499974999582,0.5527800161160354,560,681,1241,0.0,-0.0008333472224535399,0.5527800161160398,0.0
108002,9.997666627777129,0.5527800161160354,560,681,1241,0.0,-0.0008333472224535399,0.5527800161160398,0.0
108003,9.996833280554675,0.5527800161160354,560,681,1241,0.0,-0.0008333472224535399,0.5527800161160398,0.0
108004,9.995999933332222,0.5527800161160354,560,681,1241,0.0,-0.0008333472224535399,0.5527800161160398,0.0
108005,9.995166586109768,0.5527800161160354,560,681,1241,0.0,-0.0008333472224535399,0.5527800161160398,0.0
108006,9.994333238887315,0.5527800161160354,560,681,1241,0.0,-0.0008333472224535399,0.5527800161160398,0.0
108007,9.993499891664861,0.5527800161160354,560,681,1241,0.0,-0.0008333472224535399,0.5527800161160398,0.0
108008,9.992666544442407,0.5535858178887993,560,681,1241,0.0008058017727639033,-0.0008333472224535399,0.5528605962933162,8.058017727639034e-05
108009,9.991833197219954,0.5535858178887993,560,681,1241,0.0,-0.0008333472224535399,0.5529411764705925,8.058017727639034e-05
108010,9.9909998499975,0.5535858178887993,560,681,1241,0.0,-0.0008333472224535399,0.5530217566478688,8.058017727639034e-05
108011,9.990166502775047,0.5535858178887993,560,681,1241,0.0,-0.0008333472224535399,0.5531023368251452,8.058017727639034e-05
108012,9.989333155552593,0.5535858178887993,560,681,1241,0.0,-0.0008333472224535399,0.5531829170024215,8.058017727639034e-05
108013,9.98849980833014,0.5535858178887993,560,681,1241,0.0,-0.0008333472224535399,0.5532634971796979,8.058017727639034e-05
108014,9.987666461107686,0.5535858178887993,560,681,1241,0.0,-0.0008333472224535399,0.5533440773569742,8.058017727639034e-05
108015,9.986833113885233,0.5535858178887993,560,681,1241,0.0,-0.0008333472224535399,0.5534246575342505,8.058017727639034e-05
108016,9.985999766662779,0.5535858178887993,560,681,1241,0.0,-0.0008333472224535399,0.5535052377115269,8.058017727639034e-05
108017,9.985166419440326,0.5535858178887993,560,681,1241,0.0,-0.0008333472224535399,0.5535858178888032,8.058017727639034e-05
108018,9.984333072217872,0.5535858178887993,560,681,1241,0.0,-0.0008333472224535399,0.5535858178888032,0.0
108019,9.983499724995411,0.5535858178887993,560,681,1241,0.0,-0.0008333472224606453,0.5535858178888032,0.0
108020,9.982666377772958,0.5535858178887993,560,681,1241,0.0,-0.0008333472224535399,0.5535858178888032,0.0
108021,9.981833030550504,0.5535858178887993,560,681,1241,0.0,-0.0008333472224535399,0.5535858178888032,0.0
108022,9.98099968332805,0.5535858178887993,560,681,1241,0.0,-0.0008333472224535399,0.5535858178888032,0.0
108023,9.980166336105597,0.5535858178887993,560,681,1241,0.0,-0.0008333472224535399,0.5535858178888032,0.0
108024,9.979332988883144,0.5535858178887993,560,681,1241,0.0,-0.0008333472224535399,0.5535858178888032,0.0
108025,9.97849964166069,0.5535858178887993,560,681,1241,0.0,-0.0008333472224535399,0.5535858178888032,0.0
108026,9.977666294438237,0.5535858178887993,560,681,1241,0.0,-0.0008333472224535399,0.5535858178888032,0.0
108027,9.976832947215783,0.5535858178887993,560,681,1241,0.0,-0.0008333472224535399,0.5535858178888032,0.0
108028,9.97599959999333,0.5535858178887993,560,681,1241,0.0,-0.0008333472224535399,0.5535858178888032,0.0
108029,9.975166252770876,0.5535858178887993,560,681,1241,0.0,-0.0008333472224535399,0.5535858178888032,0.0
108030,9.974332905548422,0.5535858178887993,560,681,1241,0.0,-0.0008333472224535399,0.5535858178888032,0.0
108031,9.973499558325969,0.5535858178887993,560,681,1241,0.0,-0.0008333472224535399,0.5535858178888032,0.0
108032,9.972666211103515,0.5535858178887993,560,681,1241,0.0,-0.0008333472224535399,0.5535858178888032,0.0
108033,9.971832863881062,0.5535858178887993,560,681,1241,0.0,-0.0008333472224535399,0.5535858178888032,0.0
108034,9.970999516658608,0.5535858178887993,560,681,1241,0.0,-0.0008333472224535399,0.5535858178888032,0.0
108035,9.970166169436155,0.5535858178887993,560,681,1241,0.0,-0.0008333472224535399,0.5535858178888032,0.0
108036,9.969332822213701,0.5535858178887993,560,681,1241,0.0,-0.0008333472224535399,0.5535858178888032,0.0
108037,9.968499474991248,0.5535858178887993,560,681,1241,0.0,-0.0008333472224535399,0.5535858178888032,0.0
108038,9.967666127768794,0.5535858178887993,560,681,1241,0.0,-0.0008333472224535399,0.5535858178888032,0.0
108039,9.96683278054634,0.5535858178887993,560,681,1241,0.0,-0.0008333472224535399,0.5535858178888032,0.0
108040,9.965999433323887,0.5535858178887993,560,681,1241,0.0,-0.0008333472224535399,0.5535858178888032,0.0
108041,9.965166086101434,0.5535858178887993,560,681,1241,0.0,-0.0008333472224535399,0.5535858178888032,0.0
108042,9.96433273887898,0.5535858178887993,560,681,1241,0.0,-0.0008333472224535399,0.5535858178888032,0.0
108043,9.963499391656526,0.5535858178887993,560,681,1241,0.0,-0.0008333472224535399,0.5535858178888032,0.0
108044,9.962666044434073,0.5535858178887993,560,681,1241,0.0,-0.0008333472224535399,0.5535858178888032,0.0
108045,9.96183269721162,0.5535858178887993,560,681,1241,0.0,-0.0008333472224535399,0.5535858178888032,0.0
108046,9.960999349989166,0.5535858178887993,560,681,1241,0.0,-0.0008333472224535399,0.5535858178888032,0.0
108047,9.960166002766712,0.5535858178887993,560,681,1241,0.0,-0.0008333472224535399,0.5535858178888032,0.0
108048,9.959332655544259,0.5535858178887993,560,681,1241,0.0,-0.0008333472224535399,0.5535858178888032,0.0
108049,9.958499308321805,0.5535858178887993,560,681,1241,0.0,-0.0008333472224535399,0.5535858178888032,0.0
108050,9.957665961099352,0.5535858178887993,560,681,1241,0.0,-0.0008333472224535399,0.5535858178888032,0.0
108051,9.956832613876898,0.5535858178887993,560,681,1241,0.0,-0.0008333472224535399,0.5535858178888032,0.0
108052,9.955999266654445,0.5535858178887993,560,681,1241,0.0,-0.0008333472224535399,0.5535858178888032,0.0
108053,9.955165919431991,0.5535858178887993,560,681,1241,0.0,-0.0008333472224535399,0.5535858178888032,0.0
108054,9.954332572209537,0.5535858178887993,560,681,1241,0.0,-0.0008333472224535399,0.5535858178888032,0.0
108055,9.953499224987084,0.5535858178887993,560,681,1241,0.0,-0.0008333472224535399,0.5535858178888032,0.0
108056,9.95266587776463,0.5535858178887993,560,681,1241,0.0,-0.0008333472224535399,0.5535858178888032,0.0
108057,9.951832530542177,0.5535858178887993,560,681,1241,0.0,-0.0008333472224535399,0.5535858178888032,0.0
108058,9.950999183319723,0.5535858178887993,560,681,1241,0.0,-0.0008333472224535399,0.5535858178888032,0.0
108059,9.95016583609727,0.5535858178887993,560,681,1241,0.0,-0.0008333472224535399,0.5535858178888032,0.0
108060,9.949332488874816,0.5543916196615633,560,681,1241,0.0008058017727639033,-0.0008333472224535399,0.5536663980660796,8.058017727639034e-05
108061,9.948499141652363,0.5543916196615633,560,681,1241,0.0,-0.0008333472224535399,0.5537469782433561,8.058017727639034e-05
108062,9.947665794429902,0.5543916196615633,560,681,1241,0.0,-0.0008333472224606453,0.5538275584206324,8.058017727639034e-05
108063,9.946832447207449,0.5543916196615633,560,681,1241,0.0,-0.0008333472224535399,0.5539081385979088,8.058017727639034e-05
108064,9.945999099984995,0.5543916196615633,560,681,1241,0.0,-0.0008333472224535399,0.5539887187751851,8.058017727639034e-05
108065,9.945165752762541,0.5543916196615633,560,681,1241,0.0,-0.0008333472224535399,0.5540692989524614,8.058017727639034e-05
108066,9.944332405540088,0.5543916196615633,560,681,1241,0.0,-0.0008333472224535399,0.5541498791297378,8.058017727639034e-05
108067,9.943499058317634,0.5543916196615633,560,681,1241,0.0,-0.0008333472224535399,0.5542304593070141,8.058017727639034e-05
108068,9.94266571109518,0.5543916196615633,560,681,1241,0.0,-0.0008333472224535399,0.5543110394842905,8.058017727639034e-05
108069,9.941832363872727,0.5543916196615633,560,681,1241,0.0,-0.0008333472224535399,0.5543916196615668,8.058017727639034e-05
108070,9.940999016650274,0.5543916196615633,560,681,1241,0.0,-0.0008333472224535399,0.5543916196615667,0.0
108071,9.94016566942782,0.5543916196615633,560,681,1241,0.0,-0.0008333472224535399,0.5543916196615667,0.0
108072,9.939332322205367,0.5543916196615633,560,681,1241,0.0,-0.0008333472224535399,0.5543916196615667,0.0
108073,9.938498974982913,0.5543916196615633,560,681,1241,0.0,-0.0008333472224535399,0.5543916196615667,0.0
108074,9.93766562776046,0.5543916196615633,560,681,1241,0.0,-0.0008333472224535399,0.5543916196615667,0.0
108075,9.936832280538006,0.5543916196615633,560,681,1241,0.0,-0.0008333472224535399,0.5543916196615667,0.0
108076,9.935998933315553,0.5543916196615633,560,681,1241,0.0,-0.0008333472224535399,0.5543916196615667,0.0
108077,9.935165586093099,0.5543916196615633,560,681,1241,0.0,-0.0008333472224535399,0.5543916196615667,0.0
108078,9.934332238870645,0.5543916196615633,560,681,1241,0.0,-0.0008333472224535399,0.5543916196615667,0.0
108079,9.933498891648192,0.5543916196615633,560,681,1241,0.0,-0.0008333472224535399,0.5543916196615667,0.0
108080,9.932665544425738,0.5543916196615633,560,681,1241,0.0,-0.0008333472224535399,0.5543916196615667,0.0
108081,9.931832197203285,0.5551974214343272,560,681,1241,0.0008058017727639033,-0.0008333472224535399,0.5544721998388431,8.058017727639034e-05
108082,9.930998849980831,0.5551974214343272,560,681,1241,0.0,-0.0008333472224535399,0.5545527800161194,8.058017727639034e-05
108083,9.930165502758378,0.5551974214343272,560,681,1241,0.0,-0.0008333472224535399,0.5546333601933957,8.058017727639034e-05
108084,9.929332155535924,0.5551974214343272,560,681,1241,0.0,-0.0008333472224535399,0.5547139403706721,8.058017727639034e-05
108085,9.92849880831347,0.5551974214343272,560,681,1241,0.0,-0.0008333472224535399,0.5547945205479484,8.058017727639034e-05
108086,9.927665461091017,0.5551974214343272,560,681,1241,0.0,-0.0008333472224535399,0.5548751007252248,8.058017727639034e-05
108087,9.926832113868564,0.5551974214343272,560,681,1241,0.0,-0.0008333472224535399,0.5549556809025011,8.058017727639034e-05
108088,9.92599876664611,0.5543916196615633,560,681,1241,-0.0008058017727639033,-0.0008333472224535399,0.5549556809025011,0.0
108089,9.925165419423656,0.5543916196615633,560,681,1241,0.0,-0.0008333472224535399,0.5549556809025011,0.0
108090,9.924332072201203,0.5535858178887993,560,681,1241,-0.0008058017727639033,-0.0008333472224535399,0.5548751007252248,-8.058017727639034e-05
108091,9.92349872497875,0.5535858178887993,560,681,1241,0.0,-0.0008333472224535399,0.554713940370672,-0.00016116035455278067
108092,9.922665377756296,0.5535858178887993,560,681,1241,0.0,-0.0008333472224535399,0.5545527800161192,-0.00016116035455278067
108093,9.921832030533842,0.5535858178887993,560,681,1241,0.0,-0.0008333472224535399,0.5543916196615665,-0.00016116035455278067
108094,9.920998683311389,0.5535858178887993,560,681,1241,0.0,-0.0008333472224535399,0.5542304593070136,-0.00016116035455278067
108095,9.920165336088935,0.5543916196615633,560,681,1241,0.0008058017727639033,-0.0008333472224535399,0.5541498791297373,-8.058017727639034e-05
108096,9.919331988866482,0.5543916196615633,560,681,1241,0.0,-0.0008333472224535399,0.5540692989524609,-8.058017727639034e-05
108097,9.918498641644028,0.5543916196615633,560,681,1241,0.0,-0.0008333472224535399,0.5539887187751846,-8.058017727639034e-05
108098,9.917665294421575,0.5543916196615633,560,681,1241,0.0,-0.0008333472224535399,0.5539887187751846,0.0
108099,9.916831947199121,0.5543916196615633,560,681,1241,0.0,-0.0008333472224535399,0.5539887187751846,0.0
108100,9.915998599976668,0.5543916196615633,560,681,1241,0.0,-0.0008333472224535399,0.554069298952461,8.058017727639034e-05
108101,9.915165252754214,0.5543916196615633,560,681,1241,0.0,-0.0008333472224535399,0.5541498791297375,8.058017727639034e-05
108102,9.91433190553176,0.5543916196615633,560,681,1241,0.0,-0.0008333472224535399,0.5542304593070138,8.058017727639034e-05
108103,9.913498558309307,0.5543916196615633,560,681,1241,0.0,-0.0008333472224535399,0.5543110394842901,8.058017727639034e-05
108104,9.912665211086846,0.5543916196615633,560,681,1241,0.0,-0.0008333472224606453,0.5543916196615665,8.058017727639034e-05
108105,9.911831863864393,0.5543916196615633,560,681,1241,0.0,-0.0008333472224535399,0.5543916196615664,0.0
108106,9.91099851664194,0.5543916196615633,560,681,1241,0.0,-0.0008333472224535399,0.5543916196615664,0.0
108107,9.910165169419486,0.5543916196615633,560,681,1241,0.0,-0.0008333472224535399,0.5543916196615664,0.0
108108,9.909331822197032,0.5543916196615633,560,681,1241,0.0,-0.0008333472224535399,0.5543916196615664,0.0
108109,9.908498474974579,0.5543916196615633,560,681,1241,0.0,-0.0008333472224535399,0.5543916196615664,0.0
108110,9.907665127752125,0.5543916196615633,560,681,1241,0.0,-0.0008333472224535399,0.5543916196615664,0.0
108111,9.906831780529672,0.5551974214343272,560,681,1241,0.0008058017727639033,-0.0008333472224535399,0.5544721998388427,8.058017727639034e-05
108112,9.905998433307218,0.5551974214343272,560,681,1241,0.0,-0.0008333472224535399,0.5545527800161191,8.058017727639034e-05
108113,9.905165086084764,0.5551974214343272,560,681,1241,0.0,-0.0008333472224535399,0.5546333601933954,8.058017727639034e-05
108114,9.90433173886231,0.5551974214343272,560,681,1241,0.0,-0.0008333472224535399,0.5547139403706718,8.058017727639034e-05
108115,9.903498391639857,0.5551974214343272,560,681,1241,0.0,-0.0008333472224535399,0.5547945205479481,8.058017727639034e-05
108116,9.902665044417404,0.5551974214343272,560,681,1241,0.0,-0.0008333472224535399,0.5548751007252244,8.058017727639034e-05
108117,9.90183169719495,0.5551974214343272,560,681,1241,0.0,-0.0008333472224535399,0.5549556809025008,8.058017727639034e-05
108118,9.900998349972497,0.5551974214343272,560,681,1241,0.0,-0.0008333472224535399,0.5550362610797771,8.058017727639034e-05
108119,9.900165002750043,0.5543916196615633,560,681,1241,-0.0008058017727639033,-0.0008333472224535399,0.5550362610797771,0.0
108120,9.89933165552759,0.5535858178887993,560,681,1241,-0.0008058017727639033,-0.0008333472224535399,0.5549556809025008,-8.058017727639034e-05
108121,9.898498308305136,0.5535858178887993,560,681,1241,0.0,-0.0008333472224535399,0.554794520547948,-0.00016116035455278067
108122,9.897664961082683,0.5535858178887993,560,681,1241,0.0,-0.0008333472224535399,0.5546333601933953,-0.00016116035455278067
108123,9.896831613860229,0.5535858178887993,560,681,1241,0.0,-0.0008333472224535399,0.5544721998388424,-0.00016116035455278067
108124,9.895998266637775,0.5535858178887993,560,681,1241,0.0,-0.0008333472224535399,0.5543110394842896,-0.00016116035455278067
108125,9.895164919415322,0.5535858178887993,560,681,1241,0.0,-0.0008333472224535399,0.5541498791297369,-0.00016116035455278067
108126,9.894331572192868,0.5535858178887993,560,681,1241,0.0,-0.0008333472224535399,0.5539887187751841,-0.00016116035455278067
108127,9.893498224970415,0.5535858178887993,560,681,1241,0.0,-0.0008333472224535399,0.5538275584206314,-0.00016116035455278067
108128,9.892664877747961,0.5535858178887993,560,681,1241,0.0,-0.0008333472224535399,0.5536663980660785,-0.00016116035455278067
108129,9.891831530525508,0.5535858178887993,560,681,1241,0.0,-0.0008333472224535399,0.5535858178888022,-8.058017727639034e-05
108130,9.890998183303054,0.5535858178887993,560,681,1241,0.0,-0.0008333472224535399,0.5535858178888022,0.0
108131,9.8901648360806,0.5535858178887993,560,681,1241,0.0,-0.0008333472224535399,0.5535858178888022,0.0
108132,9.889331488858147,0.5535858178887993,560,681,1241,0.0,-0.0008333472224535399,0.5535858178888022,0.0
108133,9.888498141635694,0.5535858178887993,560,681,1241,0.0,-0.0008333472224535399,0.5535858178888022,0.0
108134,9.88766479441324,0.5535858178887993,560,681,1241,0.0,-0.0008333472224535399,0.5535858178888022,0.0
108135,9.886831447190787,0.5535858178887993,560,681,1241,0.0,-0.0008333472224535399,0.5535858178888022,0.0
108136,9.885998099968333,0.5535858178887993,560,681,1241,0.0,-0.0008333472224535399,0.5535858178888022,0.0
108137,9.88516475274588,0.5535858178887993,560,681,1241,0.0,-0.0008333472224535399,0.5535858178888022,0.0
108138,9.884331405523426,0.5535858178887993,560,681,1241,0.0,-0.0008333472224535399,0.5535858178888022,0.0
108139,9.883498058300972,0.5535858178887993,560,681,1241,0.0,-0.0008333472224535399,0.5535858178888022,0.0
108140,9.882664711078519,0.5543916196615633,560,681,1241,0.0008058017727639033,-0.0008333472224535399,0.5536663980660786,8.058017727639034e-05
108141,9.881831363856065,0.5543916196615633,560,681,1241,0.0,-0.0008333472224535399,0.553746978243355,8.058017727639034e-05
108142,9.880998016633612,0.5543916196615633,560,681,1241,0.0,-0.0008333472224535399,0.5538275584206314,8.058017727639034e-05
108143,9.880164669411158,0.5543916196615633,560,681,1241,0.0,-0.0008333472224535399,0.5539081385979077,8.058017727639034e-05
108144,9.879331322188705,0.5543916196615633,560,681,1241,0.0,-0.0008333472224535399,0.553988718775184,8.058017727639034e-05
108145,9.878497974966251,0.5543916196615633,560,681,1241,0.0,-0.0008333472224535399,0.5540692989524604,8.058017727639034e-05
108146,9.87766462774379,0.5543916196615633,560,681,1241,0.0,-0.0008333472224606453,0.5541498791297367,8.058017727639034e-05
108147,9.876831280521337,0.5543916196615633,560,681,1241,0.0,-0.0008333472224535399,0.5542304593070131,8.058017727639034e-05
108148,9.875997933298883,0.5543916196615633,560,681,1241,0.0,-0.0008333472224535399,0.5543110394842894,8.058017727639034e-05
108149,9.87516458607643,0.5543916196615633,560,681,1241,0.0,-0.0008333472224535399,0.5543916196615657,8.058017727639034e-05
108150,9.874331238853976,0.5543916196615633,560,681,1241,0.0,-0.0008333472224535399,0.5543916196615657,0.0
108151,9.873497891631523,0.5543916196615633,560,681,1241,0.0,-0.0008333472224535399,0.5543916196615657,0.0
108152,9.87266454440907,0.5543916196615633,560,681,1241,0.0,-0.0008333472224535399,0.5543916196615657,0.0
108153,9.871831197186616,0.5543916196615633,560,681,1241,0.0,-0.0008333472224535399,0.5543916196615657,0.0
108154,9.870997849964162,0.5543916196615633,560,681,1241,0.0,-0.0008333472224535399,0.5543916196615657,0.0
108155,9.870164502741709,0.5543916196615633,560,681,1241,0.0,-0.0008333472224535399,0.5543916196615657,0.0
108156,9.869331155519255,0.5543916196615633,560,681,1241,0.0,-0.0008333472224535399,0.5543916196615657,0.0
108157,9.868497808296802,0.5543916196615633,560,681,1241,0.0,-0.0008333472224535399,0.5543916196615657,0.0
108158,9.867664461074348,0.5543916196615633,560,681,1241,0.0,-0.0008333472224535399,0.5543916196615657,0.0
108159,9.866831113851894,0.5543916196615633,560,681,1241,0.0,-0.0008333472224535399,0.5543916196615657,0.0
108160,9.865997766629441,0.5543916196615633,560,681,1241,0.0,-0.0008333472224535399,0.5543916196615657,0.0
108161,9.865164419406987,0.5543916196615633,560,681,1241,0.0,-0.0008333472224535399,0.5543916196615657,0.0
108162,9.864331072184534,0.5543916196615633,560,681,1241,0.0,-0.0008333472224535399,0.5543916196615657,0.0
108163,9.86349772496208,0.5543916196615633,560,681,1241,0.0,-0.0008333472224535399,0.5543916196615657,0.0
108164,9.862664377739627,0.5543916196615633,560,681,1241,0.0,-0.0008333472224535399,0.5543916196615657,0.0
108165,9.861831030517173,0.5543916196615633,560,681,1241,0.0,-0.0008333472224535399,0.5543916196615657,0.0
108166,9.86099768329472,0.5543916196615633,560,681,1241,0.0,-0.0008333472224535399,0.5543916196615657,0.0
108167,9.860164336072266,0.5543916196615633,560,681,1241,0.0,-0.0008333472224535399,0.5543916196615657,0.0
108168,9.859330988849813,0.5543916196615633,560,681,1241,0.0,-0.0008333472224535399,0.5543916196615657,0.0
108169,9.858497641627359,0.5543916196615633,560,681,1241,0.0,-0.0008333472224535399,0.5543916196615657,0.0
108170,9.857664294404906,0.5543916196615633,560,681,1241,0.0,-0.0008333472224535399,0.5543916196615657,0.0
108171,9.856830947182452,0.5543916196615633,560,681,1241,0.0,-0.0008333472224535399,0.5543916196615657,0.0
108172,9.855997599959998,0.5543916196615633,560,681,1241,0.0,-0.0008333472224535399,0.5543916196615657,0.0
108173,9.855164252737545,0.5543916196615633,560,681,1241,0.0,-0.0008333472224535399,0.5543916196615657,0.0
108174,9.854330905515091,0.5543916196615633,560,681,1241,0.0,-0.0008333472224535399,0.5543916196615657,0.0
108175,9.853497558292638,0.5543916196615633,560,681,1241,0.0,-0.0008333472224535399,0.5543916196615657,0.0
108176,9.852664211070184,0.5543916196615633,560,681,1241,0.0,-0.0008333472224535399,0.5543916196615657,0.0
108177,9.85183086384773,0.5543916196615633,560,681,1241,0.0,-0.0008333472224535399,0.5543916196615657,0.0
108178,9.850997516625277,0.5535858178887993,560,681,1241,-0.0008058017727639033,-0.0008333472224535399,0.5543110394842893,-8.058017727639034e-05
108179,9.850164169402824,0.5535858178887993,560,681,1241,0.0,-0.0008333472224535399,0.554230459307013,-8.058017727639034e-05
108180,9.84933082218037,0.5535858178887993,560,681,1241,0.0,-0.0008333472224535399,0.5541498791297366,-8.058017727639034e-05
108181,9.848497474957917,0.5535858178887993,560,681,1241,0.0,-0.0008333472224535399,0.5540692989524603,-8.058017727639034e-05
108182,9.847664127735463,0.5535858178887993,560,681,1241,0.0,-0.0008333472224535399,0.553988718775184,-8.058017727639034e-05
108183,9.84683078051301,0.5535858178887993,560,681,1241,0.0,-0.0008333472224535399,0.5539081385979076,-8.058017727639034e-05
108184,9.845997433290556,0.5535858178887993,560,681,1241,0.0,-0.0008333472224535399,0.5538275584206312,-8.058017727639034e-05
108185,9.845164086068102,0.5535858178887993,560,681,1241,0.0,-0.0008333472224535399,0.5537469782433548,-8.058017727639034e-05
108186,9.844330738845649,0.5535858178887993,560,681,1241,0.0,-0.0008333472224535399,0.5536663980660785,-8.058017727639034e-05
108187,9.843497391623195,0.5535858178887993,560,681,1241,0.0,-0.0008333472224535399,0.5535858178888022,-8.058017727639034e-05
108188,9.842664044400742,0.5535858178887993,560,681,1241,0.0,-0.0008333472224535399,0.5535858178888022,0.0
108189,9.841830697178281,0.5535858178887993,560,681,1241,0.0,-0.0008333472224606453,0.5535858178888022,0.0
108190,9.840997349955828,0.5535858178887993,560,681,1241,0.0,-0.0008333472224535399,0.5535858178888022,0.0
108191,9.840164002733374,0.5535858178887993,560,681,1241,0.0,-0.0008333472224535399,0.5535858178888022,0.0
108192,9.83933065551092,0.5535858178887993,560,681,1241,0.0,-0.0008333472224535399,0.5535858178888022,0.0
108193,9.838497308288467,0.5535858178887993,560,681,1241,0.0,-0.0008333472224535399,0.5535858178888022,0.0
108194,9.837663961066013,0.5535858178887993,560,681,1241,0.0,-0.0008333472224535399,0.5535858178888022,0.0
108195,9.83683061384356,0.5535858178887993,560,681,1241,0.0,-0.0008333472224535399,0.5535858178888022,0.0
108196,9.835997266621106,0.5535858178887993,560,681,1241,0.0,-0.0008333472224535399,0.5535858178888022,0.0
108197,9.835163919398653,0.5535858178887993,560,681,1241,0.0,-0.0008333472224535399,0.5535858178888022,0.0
108198,9.8343305721762,0.5535858178887993,560,681,1241,0.0,-0.0008333472224535399,0.5535858178888022,0.0
108199,9.833497224953746,0.5535858178887993,560,681,1241,0.0,-0.0008333472224535399,0.5535858178888022,0.0
108200,9.832663877731292,0.5535858178887993,560,681,1241,0.0,-0.0008333472224535399,0.5535858178888022,0.0
108201,9.831830530508839,0.5535858178887993,560,681,1241,0.0,-0.0008333472224535399,0.5535858178888022,0.0
108202,9.830997183286385,0.5535858178887993,560,681,1241,0.0,-0.0008333472224535399,0.5535858178888022,0.0
108203,9.830163836063932,0.5535858178887993,560,681,1241,0.0,-0.0008333472224535399,0.5535858178888022,0.0
108204,9.829330488841478,0.5535858178887993,560,681,1241,0.0,-0.0008333472224535399,0.5535858178888022,0.0
108205,9.828497141619025,0.5535858178887993,560,681,1241,0.0,-0.0008333472224535399,0.5535858178888022,0.0
108206,9.827663794396571,0.5535858178887993,560,681,1241,0.0,-0.0008333472224535399,0.5535858178888022,0.0
108207,9.826830447174117,0.5535858178887993,560,681,1241,0.0,-0.0008333472224535399,0.5535858178888022,0.0
108208,9.825997099951664,0.5535858178887993,560,681,1241,0.0,-0.0008333472224535399,0.5535858178888022,0.0
108209,9.82516375272921,0.5535858178887993,560,681,1241,0.0,-0.0008333472224535399,0.5535858178888022,0.0
108210,9.824330405506757,0.5535858178887993,560,681,1241,0.0,-0.0008333472224535399,0.5535858178888022,0.0
108211,9.823497058284303,0.5535858178887993,560,681,1241,0.0,-0.0008333472224535399,0.5535858178888022,0.0
108212,9.82266371106185,0.5535858178887993,560,681,1241,0.0,-0.0008333472224535399,0.5535858178888022,0.0
108213,9.821830363839396,0.5535858178887993,560,681,1241,0.0,-0.0008333472224535399,0.5535858178888022,0.0
108214,9.820997016616943,0.5535858178887993,560,681,1241,0.0,-0.0008333472224535399,0.5535858178888022,0.0
108215,9.82016366939449,0.5535858178887993,560,681,1241,0.0,-0.0008333472224535399,0.5535858178888022,0.0
108216,9.819330322172036,0.5535858178887993,560,681,1241,0.0,-0.0008333472224535399,0.5535858178888022,0.0
108217,9.818496974949582,0.5535858178887993,560,681,1241,0.0,-0.0008333472224535399,0.5535858178888022,0.0
108218,9.817663627727129,0.5535858178887993,560,681,1241,0.0,-0.0008333472224535399,0.5535858178888022,0.0
108219,9.816830280504675,0.5535858178887993,560,681,1241,0.0,-0.0008333472224535399,0.5535858178888022,0.0
108220,9.815996933282221,0.5535858178887993,560,681,1241,0.0,-0.0008333472224535399,0.5535858178888022,0.0
108221,9.815163586059768,0.5535858178887993,560,681,1241,0.0,-0.0008333472224535399,0.5535858178888022,0.0
108222,9.814330238837314,0.5535858178887993,560,681,1241,0.0,-0.0008333472224535399,0.5535858178888022,0.0
108223,9.81349689161486,0.5535858178887993,560,681,1241,0.0,-0.0008333472224535399,0.5535858178888022,0.0
108224,9.812663544392407,0.5535858178887993,560,681,1241,0.0,-0.0008333472224535399,0.5535858178888022,0.0
108225,9.811830197169954,0.5535858178887993,560,681,1241,0.0,-0.0008333472224535399,0.5535858178888022,0.0
108226,9.8109968499475,0.5535858178887993,560,681,1241,0.0,-0.0008333472224535399,0.5535858178888022,0.0
108227,9.810163502725047,0.5535858178887993,560,681,1241,0.0,-0.0008333472224535399,0.5535858178888022,0.0
108228,9.809330155502593,0.5535858178887993,560,681,1241,0.0,-0.0008333472224535399,0.5535858178888022,0.0
108229,9.80849680828014,0.5535858178887993,560,681,1241,0.0,-0.0008333472224535399,0.5535858178888022,0.0
108230,9.807663461057686,0.5535858178887993,560,681,1241,0.0,-0.0008333472224535399,0.5535858178888022,0.0
108231,9.806830113835225,0.5535858178887993,560,681,1241,0.0,-0.0008333472224606453,0.5535858178888022,0.0
108232,9.805996766612772,0.5535858178887993,560,681,1241,0.0,-0.0008333472224535399,0.5535858178888022,0.0
108233,9.805163419390318,0.5535858178887993,560,681,1241,0.0,-0.0008333472224535399,0.5535858178888022,0.0
108234,9.804330072167865,0.5535858178887993,560,681,1241,0.0,-0.0008333472224535399,0.5535858178888022,0.0
108235,9.803496724945411,0.5535858178887993,560,681,1241,0.0,-0.0008333472224535399,0.5535858178888022,0.0
108236,9.802663377722958,0.5535858178887993,560,681,1241,0.0,-0.0008333472224535399,0.5535858178888022,0.0
108237,9.801830030500504,0.5535858178887993,560,681,1241,0.0,-0.0008333472224535399,0.5535858178888022,0.0
108238,9.80099668327805,0.5535858178887993,560,681,1241,0.0,-0.0008333472224535399,0.5535858178888022,0.0
108239,9.800163336055597,0.5535858178887993,560,681,1241,0.0,-0.0008333472224535399,0.5535858178888022,0.0
108240,9.799329988833144,0.5535858178887993,560,681,1241,0.0,-0.0008333472224535399,0.5535858178888022,0.0
108241,9.79849664161069,0.5535858178887993,560,681,1241,0.0,-0.0008333472224535399,0.5535858178888022,0.0
108242,9.797663294388236,0.5535858178887993,560,681,1241,0.0,-0.0008333472224535399,0.5535858178888022,0.0
108243,9.796829947165783,0.5535858178887993,560,681,1241,0.0,-0.0008333472224535399,0.5535858178888022,0.0
108244,9.79599659994333,0.5535858178887993,560,681,1241,0.0,-0.0008333472224535399,0.5535858178888022,0.0
108245,9.795163252720876,0.5535858178887993,560,681,1241,0.0,-0.0008333472224535399,0.5535858178888022,0.0
108246,9.794329905498422,0.5535858178887993,560,681,1241,0.0,-0.0008333472224535399,0.5535858178888022,0.0
108247,9.793496558275969,0.5535858178887993,560,681,1241,0.0,-0.0008333472224535399,0.5535858178888022,0.0
108248,9.792663211053515,0.5535858178887993,560,681,1241,0.0,-0.0008333472224535399,0.5535858178888022,0.0
108249,9.791829863831062,0.5535858178887993,560,681,1241,0.0,-0.0008333472224535399,0.5535858178888022,0.0
108250,9.790996516608608,0.5535858178887993,560,681,1241,0.0,-0.0008333472224535399,0.5535858178888022,0.0
108251,9.790163169386155,0.5535858178887993,560,681,1241,0.0,-0.0008333472224535399,0.5535858178888022,0.0
108252,9.789329822163701,0.5535858178887993,560,681,1241,0.0,-0.0008333472224535399,0.5535858178888022,0.0
108253,9.788496474941248,0.5535858178887993,560,681,1241,0.0,-0.0008333472224535399,0.5535858178888022,0.0
108254,9.787663127718794,0.5535858178887993,560,681,1241,0.0,-0.0008333472224535399,0.5535858178888022,0.0
108255,9.78682978049634,0.5535858178887993,560,681,1241,0.0,-0.0008333472224535399,0.5535858178888022,0.0
108256,9.785996433273887,0.5535858178887993,560,681,1241,0.0,-0.0008333472224535399,0.5535858178888022,0.0
108257,9.785163086051433,0.5535858178887993,560,681,1241,0.0,-0.0008333472224535399,0.5535858178888022,0.0
108258,9.78432973882898,0.5535858178887993,560,681,1241,0.0,-0.0008333472224535399,0.5535858178888022,0.0
108259,9.783496391606526,0.5535858178887993,560,681,1241,0.0,-0.0008333472224535399,0.5535858178888022,0.0
108260,9.782663044384073,0.5535858178887993,560,681,1241,0.0,-0.0008333472224535399,0.5535858178888022,0.0
108261,9.78182969716162,0.5535858178887993,560,681,1241,0.0,-0.0008333472224535399,0.5535858178888022,0.0
108262,9.780996349939166,0.5535858178887993,560,681,1241,0.0,-0.0008333472224535399,0.5535858178888022,0.0
108263,9.780163002716712,0.5535858178887993,560,681,1241,0.0,-0.0008333472224535399,0.5535858178888022,0.0
108264,9.779329655494259,0.5535858178887993,560,681,1241,0.0,-0.0008333472224535399,0.5535858178888022,0.0
108265,9.778496308271805,0.5535858178887993,560,681,1241,0.0,-0.0008333472224535399,0.5535858178888022,0.0
108266,9.777662961049352,0.5543916196615633,560,681,1241,0.0008058017727639033,-0.0008333472224535399,0.5536663980660786,8.058017727639034e-05
108267,9.776829613826898,0.5543916196615633,560,681,1241,0.0,-0.0008333472224535399,0.553746978243355,8.058017727639034e-05
108268,9.775996266604444,0.5543916196615633,560,681,1241,0.0,-0.0008333472224535399,0.5538275584206314,8.058017727639034e-05
108269,9.775162919381991,0.5543916196615633,560,681,1241,0.0,-0.0008333472224535399,0.5539081385979077,8.058017727639034e-05
108270,9.774329572159537,0.5543916196615633,560,681,1241,0.0,-0.0008333472224535399,0.553988718775184,8.058017727639034e-05
108271,9.773496224937084,0.5543916196615633,560,681,1241,0.0,-0.0008333472224535399,0.5540692989524604,8.058017727639034e-05
108272,9.77266287771463,0.5543916196615633,560,681,1241,0.0,-0.0008333472224535399,0.5541498791297367,8.058017727639034e-05
108273,9.77182953049217,0.5543916196615633,560,681,1241,0.0,-0.0008333472224606453,0.5542304593070131,8.058017727639034e-05
108274,9.770996183269716,0.5543916196615633,560,681,1241,0.0,-0.0008333472224535399,0.5543110394842894,8.058017727639034e-05
108275,9.770162836047263,0.5543916196615633,560,681,1241,0.0,-0.0008333472224535399,0.5543916196615657,8.058017727639034e-05
108276,9.769329488824809,0.5543916196615633,560,681,1241,0.0,-0.0008333472224535399,0.5543916196615657,0.0
108277,9.768496141602355,0.5543916196615633,560,681,1241,0.0,-0.0008333472224535399,0.5543916196615657,0.0
108278,9.767662794379902,0.5543916196615633,560,681,1241,0.0,-0.0008333472224535399,0.5543916196615657,0.0
108279,9.766829447157448,0.5543916196615633,560,681,1241,0.0,-0.0008333472224535399,0.5543916196615657,0.0
108280,9.765996099934995,0.5543916196615633,560,681,1241,0.0,-0.0008333472224535399,0.5543916196615657,0.0
108281,9.765162752712541,0.5543916196615633,560,681,1241,0.0,-0.0008333472224535399,0.5543916196615657,0.0
108282,9.764329405490088,0.5543916196615633,560,681,1241,0.0,-0.0008333472224535399,0.5543916196615657,0.0
108283,9.763496058267634,0.5543916196615633,560,681,1241,0.0,-0.0008333472224535399,0.5543916196615657,0.0
108284,9.76266271104518,0.5543916196615633,560,681,1241,0.0,-0.0008333472224535399,0.5543916196615657,0.0
108285,9.761829363822727,0.5543916196615633,560,681,1241,0.0,-0.0008333472224535399,0.5543916196615657,0.0
108286,9.760996016600274,0.5543916196615633,560,681,1241,0.0,-0.0008333472224535399,0.5543916196615657,0.0
108287,9.76016266937782,0.5543916196615633,560,681,1241,0.0,-0.0008333472224535399,0.5543916196615657,0.0
108288,9.759329322155367,0.5543916196615633,560,681,1241,0.0,-0.0008333472224535399,0.5543916196615657,0.0
108289,9.758495974932913,0.5543916196615633,560,681,1241,0.0,-0.0008333472224535399,0.5543916196615657,0.0
108290,9.75766262771046,0.5543916196615633,560,681,1241,0.0,-0.0008333472224535399,0.5543916196615657,0.0
108291,9.756829280488006,0.5543916196615633,560,681,1241,0.0,-0.0008333472224535399,0.5543916196615657,0.0
108292,9.755995933265552,0.5543916196615633,560,681,1241,0.0,-0.0008333472224535399,0.5543916196615657,0.0
108293,9.755162586043099,0.5543916196615633,560,681,1241,0.0,-0.0008333472224535399,0.5543916196615657,0.0
108294,9.754329238820645,0.5543916196615633,560,681,1241,0.0,-0.0008333472224535399,0.5543916196615657,0.0
108295,9.753495891598192,0.5543916196615633,560,681,1241,0.0,-0.0008333472224535399,0.5543916196615657,0.0
108296,9.752662544375738,0.5543916196615633,560,681,1241,0.0,-0.0008333472224535399,0.5543916196615657,0.0
108297,9.751829197153285,0.5543916196615633,560,681,1241,0.0,-0.0008333472224535399,0.5543916196615657,0.0
108298,9.750995849930831,0.5543916196615633,560,681,1241,0.0,-0.0008333472224535399,0.5543916196615657,0.0
108299,9.750162502708378,0.5543916196615633,560,681,1241,0.0,-0.0008333472224535399,0.5543916196615657,0.0
108300,9.749329155485924,0.5543916196615633,560,681,1241,0.0,-0.0008333472224535399,0.5543916196615657,0.0
108301,9.74849580826347,0.5543916196615633,560,681,1241,0.0,-0.0008333472224535399,0.5543916196615657,0.0
108302,9.747662461041017,0.5543916196615633,560,681,1241,0.0,-0.0008333472224535399,0.5543916196615657,0.0
108303,9.746829113818563,0.5543916196615633,560,681,1241,0.0,-0.0008333472224535399,0.5543916196615657,0.0
108304,9.74599576659611,0.5543916196615633,560,681,1241,0.0,-0.0008333472224535399,0.5543916196615657,0.0
108305,9.745162419373656,0.5543916196615633,560,681,1241,0.0,-0.0008333472224535399,0.5543916196615657,0.0
108306,9.744329072151203,0.5543916196615633,560,681,1241,0.0,-0.0008333472224535399,0.5543916196615657,0.0
108307,9.74349572492875,0.5543916196615633,560,681,1241,0.0,-0.0008333472224535399,0.5543916196615657,0.0
108308,9.742662377706296,0.5543916196615633,560,681,1241,0.0,-0.0008333472224535399,0.5543916196615657,0.0
108309,9.741829030483842,0.5543916196615633,560,681,1241,0.0,-0.0008333472224535399,0.5543916196615657,0.0
108310,9.740995683261389,0.5543916196615633,560,681,1241,0.0,-0.0008333472224535399,0.5543916196615657,0.0
108311,9.740162336038935,0.5543916196615633,560,681,1241,0.0,-0.0008333472224535399,0.5543916196615657,0.0
108312,9.739328988816482,0.5543916196615633,560,681,1241,0.0,-0.0008333472224535399,0.5543916196615657,0.0
108313,9.738495641594028,0.5551974214343272,560,681,1241,0.0008058017727639033,-0.0008333472224535399,0.554472199838842,8.058017727639034e-05
108314,9.737662294371574,0.5551974214343272,560,681,1241,0.0,-0.0008333472224535399,0.5545527800161183,8.058017727639034e-05
108315,9.736828947149121,0.5543916196615633,560,681,1241,-0.0008058017727639033,-0.0008333472224535399,0.5545527800161183,0.0
108316,9.73599559992666,0.5543916196615633,560,681,1241,0.0,-0.0008333472224606453,0.5545527800161183,0.0
108317,9.735162252704207,0.5543916196615633,560,681,1241,0.0,-0.0008333472224535399,0.5545527800161183,0.0
108318,9.734328905481753,0.5551974214343272,560,681,1241,0.0008058017727639033,-0.0008333472224535399,0.5546333601933947,8.058017727639034e-05
108319,9.7334955582593,0.5551974214343272,560,681,1241,0.0,-0.0008333472224535399,0.554713940370671,8.058017727639034e-05
108320,9.732662211036846,0.5551974214343272,560,681,1241,0.0,-0.0008333472224535399,0.5547945205479474,8.058017727639034e-05
108321,9.731828863814393,0.5551974214343272,560,681,1241,0.0,-0.0008333472224535399,0.5548751007252237,8.058017727639034e-05
108322,9.730995516591939,0.5551974214343272,560,681,1241,0.0,-0.0008333472224535399,0.5549556809025,8.058017727639034e-05
108323,9.730162169369486,0.5551974214343272,560,681,1241,0.0,-0.0008333472224535399,0.5549556809025,0.0
108324,9.729328822147032,0.5551974214343272,560,681,1241,0.0,-0.0008333472224535399,0.5549556809025,0.0
108325,9.728495474924578,0.5551974214343272,560,681,1241,0.0,-0.0008333472224535399,0.5550362610797764,8.058017727639034e-05
108326,9.727662127702125,0.5551974214343272,560,681,1241,0.0,-0.0008333472224535399,0.5551168412570527,8.058017727639034e-05
108327,9.726828780479671,0.5551974214343272,560,681,1241,0.0,-0.0008333472224535399,0.5551974214343292,8.058017727639034e-05
108328,9.725995433257218,0.5551974214343272,560,681,1241,0.0,-0.0008333472224535399,0.5551974214343292,0.0
108329,9.725162086034764,0.5551974214343272,560,681,1241,0.0,-0.0008333472224535399,0.5551974214343292,0.0
108330,9.72432873881231,0.5551974214343272,560,681,1241,0.0,-0.0008333472224535399,0.5551974214343292,0.0
108331,9.723495391589857,0.5551974214343272,560,681,1241,0.0,-0.0008333472224535399,0.5551974214343292,0.0
108332,9.722662044367404,0.5551974214343272,560,681,1241,0.0,-0.0008333472224535399,0.5551974214343292,0.0
108333,9.72182869714495,0.5551974214343272,560,681,1241,0.0,-0.0008333472224535399,0.5551974214343292,0.0
108334,9.720995349922497,0.5551974214343272,560,681,1241,0.0,-0.0008333472224535399,0.5551974214343292,0.0
108335,9.720162002700043,0.5551974214343272,560,681,1241,0.0,-0.0008333472224535399,0.5551974214343292,0.0
108336,9.71932865547759,0.5551974214343272,560,681,1241,0.0,-0.0008333472224535399,0.5551974214343292,0.0
108337,9.718495308255136,0.5551974214343272,560,681,1241,0.0,-0.0008333472224535399,0.5551974214343292,0.0
108338,9.717661961032682,0.5551974214343272,560,681,1241,0.0,-0.0008333472224535399,0.5551974214343292,0.0
108339,9.716828613810229,0.5551974214343272,560,681,1241,0.0,-0.0008333472224535399,0.5551974214343292,0.0
108340,9.715995266587775,0.5551974214343272,560,681,1241,0.0,-0.0008333472224535399,0.5551974214343292,0.0
108341,9.715161919365322,0.5551974214343272,560,681,1241,0.0,-0.0008333472224535399,0.5551974214343292,0.0
108342,9.714328572142868,0.5551974214343272,560,681,1241,0.0,-0.0008333472224535399,0.5551974214343292,0.0
108343,9.713495224920415,0.5551974214343272,560,681,1241,0.0,-0.0008333472224535399,0.5551974214343292,0.0
108344,9.712661877697961,0.5551974214343272,560,681,1241,0.0,-0.0008333472224535399,0.5551974214343292,0.0
108345,9.711828530475508,0.5551974214343272,560,681,1241,0.0,-0.0008333472224535399,0.5551974214343292,0.0
108346,9.710995183253054,0.5551974214343272,560,681,1241,0.0,-0.0008333472224535399,0.5551974214343292,0.0
108347,9.7101618360306,0.5551974214343272,560,681,1241,0.0,-0.0008333472224535399,0.5551974214343292,0.0
108348,9.709328488808147,0.5551974214343272,560,681,1241,0.0,-0.0008333472224535399,0.5551974214343292,0.0
108349,9.708495141585693,0.5551974214343272,560,681,1241,0.0,-0.0008333472224535399,0.5551974214343292,0.0
108350,9.70766179436324,0.5551974214343272,560,681,1241,0.0,-0.0008333472224535399,0.5551974214343292,0.0
108351,9.706828447140786,0.5551974214343272,560,681,1241,0.0,-0.0008333472224535399,0.5551974214343292,0.0
108352,9.705995099918333,0.5551974214343272,560,681,1241,0.0,-0.0008333472224535399,0.5551974214343292,0.0
108353,9.70516175269588,0.5551974214343272,560,681,1241,0.0,-0.0008333472224535399,0.5551974214343292,0.0
108354,9.704328405473426,0.5543916196615633,560,681,1241,-0.0008058017727639033,-0.0008333472224535399,0.5551168412570527,-8.058017727639034e-05
108355,9.703495058250972,0.5543916196615633,560,681,1241,0.0,-0.0008333472224535399,0.5550362610797764,-8.058017727639034e-05
108356,9.702661711028519,0.5543916196615633,560,681,1241,0.0,-0.0008333472224535399,0.5549556809025,-8.058017727639034e-05
108357,9.701828363806065,0.5543916196615633,560,681,1241,0.0,-0.0008333472224535399,0.5548751007252237,-8.058017727639034e-05
108358,9.700995016583605,0.5543916196615633,560,681,1241,0.0,-0.0008333472224606453,0.5547945205479474,-8.058017727639034e-05
108359,9.700161669361151,0.5543916196615633,560,681,1241,0.0,-0.0008333472224535399,0.554713940370671,-8.058017727639034e-05
108360,9.699328322138697,0.5543916196615633,560,681,1241,0.0,-0.0008333472224535399,0.5546333601933947,-8.058017727639034e-05
108361,9.698494974916244,0.5543916196615633,560,681,1241,0.0,-0.0008333472224535399,0.5545527800161183,-8.058017727639034e-05
108362,9.69766162769379,0.5543916196615633,560,681,1241,0.0,-0.0008333472224535399,0.554472199838842,-8.058017727639034e-05
108363,9.696828280471337,0.5543916196615633,560,681,1241,0.0,-0.0008333472224535399,0.5543916196615657,-8.058017727639034e-05
108364,9.695994933248883,0.5543916196615633,560,681,1241,0.0,-0.0008333472224535399,0.5543916196615657,0.0
108365,9.69516158602643,0.5543916196615633,560,681,1241,0.0,-0.0008333472224535399,0.5543916196615657,0.0
108366,9.694328238803976,0.5543916196615633,560,681,1241,0.0,-0.0008333472224535399,0.5543916196615657,0.0
108367,9.693494891581523,0.5543916196615633,560,681,1241,0.0,-0.0008333472224535399,0.5543916196615657,0.0
108368,9.69266154435907,0.5543916196615633,560,681,1241,0.0,-0.0008333472224535399,0.5543916196615657,0.0
108369,9.691828197136616,0.5543916196615633,560,681,1241,0.0,-0.0008333472224535399,0.5543916196615657,0.0
108370,9.690994849914162,0.5543916196615633,560,681,1241,0.0,-0.0008333472224535399,0.5543916196615657,0.0
108371,9.690161502691709,0.5535858178887993,560,681,1241,-0.0008058017727639033,-0.0008333472224535399,0.5543110394842893,-8.058017727639034e-05
108372,9.689328155469255,0.5535858178887993,560,681,1241,0.0,-0.0008333472224535399,0.554230459307013,-8.058017727639034e-05
108373,9.688494808246801,0.5535858178887993,560,681,1241,0.0,-0.0008333472224535399,0.5541498791297366,-8.058017727639034e-05
108374,9.687661461024348,0.5535858178887993,560,681,1241,0.0,-0.0008333472224535399,0.5540692989524603,-8.058017727639034e-05
108375,9.686828113801894,0.5535858178887993,560,681,1241,0.0,-0.0008333472224535399,0.553988718775184,-8.058017727639034e-05
108376,9.68599476657944,0.5535858178887993,560,681,1241,0.0,-0.0008333472224535399,0.5539081385979076,-8.058017727639034e-05
108377,9.685161419356987,0.5535858178887993,560,681,1241,0.0,-0.0008333472224535399,0.5538275584206312,-8.058017727639034e-05
108378,9.684328072134534,0.5535858178887993,560,681,1241,0.0,-0.0008333472224535399,0.5537469782433548,-8.058017727639034e-05
108379,9.68349472491208,0.5535858178887993,560,681,1241,0.0,-0.0008333472224535399,0.5536663980660785,-8.058017727639034e-05
108380,9.682661377689627,0.5535858178887993,560,681,1241,0.0,-0.0008333472224535399,0.5535858178888022,-8.058017727639034e-05
108381,9.681828030467173,0.5535858178887993,560,681,1241,0.0,-0.0008333472224535399,0.5535858178888022,0.0
108382,9.68099468324472,0.5535858178887993,560,681,1241,0.0,-0.0008333472224535399,0.5535858178888022,0.0
108383,9.680161336022266,0.5535858178887993,560,681,1241,0.0,-0.0008333472224535399,0.5535858178888022,0.0
108384,9.679327988799812,0.5535858178887993,560,681,1241,0.0,-0.0008333472224535399,0.5535858178888022,0.0
108385,9.678494641577359,0.5535858178887993,560,681,1241,0.0,-0.0008333472224535399,0.5535858178888022,0.0
108386,9.677661294354905,0.5535858178887993,560,681,1241,0.0,-0.0008333472224535399,0.5535858178888022,0.0
108387,9.676827947132452,0.5535858178887993,560,681,1241,0.0,-0.0008333472224535399,0.5535858178888022,0.0
108388,9.675994599909998,0.5535858178887993,560,681,1241,0.0,-0.0008333472224535399,0.5535858178888022,0.0
108389,9.675161252687545,0.5535858178887993,560,681,1241,0.0,-0.0008333472224535399,0.5535858178888022,0.0
108390,9.674327905465091,0.5535858178887993,560,681,1241,0.0,-0.0008333472224535399,0.5535858178888022,0.0
108391,9.673494558242638,0.5535858178887993,560,681,1241,0.0,-0.0008333472224535399,0.5535858178888022,0.0
108392,9.672661211020184,0.5535858178887993,560,681,1241,0.0,-0.0008333472224535399,0.5535858178888022,0.0
108393,9.67182786379773,0.5543916196615633,560,681,1241,0.0008058017727639033,-0.0008333472224535399,0.5536663980660786,8.058017727639034e-05
108394,9.670994516575277,0.5543916196615633,560,681,1241,0.0,-0.0008333472224535399,0.553746978243355,8.058017727639034e-05
108395,9.670161169352824,0.5543916196615633,560,681,1241,0.0,-0.0008333472224535399,0.5538275584206314,8.058017727639034e-05
108396,9.66932782213037,0.5543916196615633,560,681,1241,0.0,-0.0008333472224535399,0.5539081385979077,8.058017727639034e-05
108397,9.668494474907916,0.5543916196615633,560,681,1241,0.0,-0.0008333472224535399,0.553988718775184,8.058017727639034e-05
108398,9.667661127685463,0.5543916196615633,560,681,1241,0.0,-0.0008333472224535399,0.5540692989524604,8.058017727639034e-05
108399,9.66682778046301,0.5543916196615633,560,681,1241,0.0,-0.0008333472224535399,0.5541498791297367,8.058017727639034e-05
108400,9.665994433240556,0.5543916196615633,560,681,1241,0.0,-0.0008333472224535399,0.5542304593070131,8.058017727639034e-05
108401,9.665161086018095,0.5543916196615633,560,681,1241,0.0,-0.0008333472224606453,0.5543110394842894,8.058017727639034e-05
108402,9.664327738795642,0.5543916196615633,560,681,1241,0.0,-0.0008333472224535399,0.5543916196615657,8.058017727639034e-05
108403,9.663494391573188,0.5543916196615633,560,681,1241,0.0,-0.0008333472224535399,0.5543916196615657,0.0
108404,9.662661044350735,0.5543916196615633,560,681,1241,0.0,-0.0008333472224535399,0.5543916196615657,0.0
108405,9.661827697128281,0.5543916196615633,560,681,1241,0.0,-0.0008333472224535399,0.5543916196615657,0.0
108406,9.660994349905828,0.5543916196615633,560,681,1241,0.0,-0.0008333472224535399,0.5543916196615657,0.0
108407,9.660161002683374,0.5543916196615633,560,681,1241,0.0,-0.0008333472224535399,0.5543916196615657,0.0
108408,9.65932765546092,0.5543916196615633,560,681,1241,0.0,-0.0008333472224535399,0.5543916196615657,0.0
108409,9.658494308238467,0.5543916196615633,560,681,1241,0.0,-0.0008333472224535399,0.5543916196615657,0.0
108410,9.657660961016013,0.5543916196615633,560,681,1241,0.0,-0.0008333472224535399,0.5543916196615657,0.0
108411,9.65682761379356,0.5543916196615633,560,681,1241,0.0,-0.0008333472224535399,0.5543916196615657,0.0
108412,9.655994266571106,0.5543916196615633,560,681,1241,0.0,-0.0008333472224535399,0.5543916196615657,0.0
108413,9.655160919348653,0.5543916196615633,560,681,1241,0.0,-0.0008333472224535399,0.5543916196615657,0.0
108414,9.6543275721262,0.5543916196615633,560,681,1241,0.0,-0.0008333472224535399,0.5543916196615657,0.0
108415,9.653494224903746,0.5543916196615633,560,681,1241,0.0,-0.0008333472224535399,0.5543916196615657,0.0
108416,9.652660877681292,0.5543916196615633,560,681,1241,0.0,-0.0008333472224535399,0.5543916196615657,0.0
108417,9.651827530458839,0.5543916196615633,560,681,1241,0.0,-0.0008333472224535399,0.5543916196615657,0.0
108418,9.650994183236385,0.5535858178887993,560,681,1241,-0.0008058017727639033,-0.0008333472224535399,0.5543110394842893,-8.058017727639034e-05
108419,9.650160836013931,0.5535858178887993,560,681,1241,0.0,-0.0008333472224535399,0.554230459307013,-8.058017727639034e-05
108420,9.649327488791478,0.5535858178887993,560,681,1241,0.0,-0.0008333472224535399,0.5541498791297366,-8.058017727639034e-05
108421,9.648494141569024,0.5535858178887993,560,681,1241,0.0,-0.0008333472224535399,0.5540692989524603,-8.058017727639034e-05
108422,9.64766079434657,0.5535858178887993,560,681,1241,0.0,-0.0008333472224535399,0.553988718775184,-8.058017727639034e-05
108423,9.646827447124117,0.5535858178887993,560,681,1241,0.0,-0.0008333472224535399,0.5539081385979076,-8.058017727639034e-05
108424,9.645994099901664,0.5535858178887993,560,681,1241,0.0,-0.0008333472224535399,0.5538275584206312,-8.058017727639034e-05
108425,9.64516075267921,0.5535858178887993,560,681,1241,0.0,-0.0008333472224535399,0.5537469782433548,-8.058017727639034e-05
108426,9.644327405456757,0.5535858178887993,560,681,1241,0.0,-0.0008333472224535399,0.5536663980660785,-8.058017727639034e-05
108427,9.643494058234303,0.5535858178887993,560,681,1241,0.0,-0.0008333472224535399,0.5535858178888022,-8.058017727639034e-05
108428,9.64266071101185,0.5535858178887993,560,681,1241,0.0,-0.0008333472224535399,0.5535858178888022,0.0
108429,9.641827363789396,0.5535858178887993,560,681,1241,0.0,-0.0008333472224535399,0.5535858178888022,0.0
108430,9.640994016566943,0.5535858178887993,560,681,1241,0.0,-0.0008333472224535399,0.5535858178888022,0.0
108431,9.640160669344489,0.5535858178887993,560,681,1241,0.0,-0.0008333472224535399,0.5535858178888022,0.0
108432,9.639327322122035,0.5535858178887993,560,681,1241,0.0,-0.0008333472224535399,0.5535858178888022,0.0
108433,9.638493974899582,0.5535858178887993,560,681,1241,0.0,-0.0008333472224535399,0.5535858178888022,0.0
108434,9.637660627677128,0.5535858178887993,560,681,1241,0.0,-0.0008333472224535399,0.5535858178888022,0.0
108435,9.636827280454675,0.5535858178887993,560,681,1241,0.0,-0.0008333472224535399,0.5535858178888022,0.0
108436,9.635993933232221,0.5535858178887993,560,681,1241,0.0,-0.0008333472224535399,0.5535858178888022,0.0
108437,9.635160586009768,0.5535858178887993,560,681,1241,0.0,-0.0008333472224535399,0.5535858178888022,0.0
108438,9.634327238787314,0.5535858178887993,560,681,1241,0.0,-0.0008333472224535399,0.5535858178888022,0.0
108439,9.63349389156486,0.5535858178887993,560,681,1241,0.0,-0.0008333472224535399,0.5535858178888022,0.0
108440,9.632660544342407,0.5535858178887993,560,681,1241,0.0,-0.0008333472224535399,0.5535858178888022,0.0
108441,9.631827197119954,0.5535858178887993,560,681,1241,0.0,-0.0008333472224535399,0.5535858178888022,0.0
108442,9.6309938498975,0.5535858178887993,560,681,1241,0.0,-0.0008333472224535399,0.5535858178888022,0.0
108443,9.63016050267504,0.5543916196615633,560,681,1241,0.0008058017727639033,-0.0008333472224606453,0.5536663980660786,8.058017727639034e-05
108444,9.629327155452586,0.5543916196615633,560,681,1241,0.0,-0.0008333472224535399,0.553746978243355,8.058017727639034e-05
108445,9.628493808230132,0.5543916196615633,560,681,1241,0.0,-0.0008333472224535399,0.5538275584206314,8.058017727639034e-05
108446,9.627660461007679,0.5543916196615633,560,681,1241,0.0,-0.0008333472224535399,0.5539081385979077,8.058017727639034e-05
108447,9.626827113785225,0.5543916196615633,560,681,1241,0.0,-0.0008333472224535399,0.553988718775184,8.058017727639034e-05
108448,9.625993766562772,0.5535858178887993,560,681,1241,-0.0008058017727639033,-0.0008333472224535399,0.553988718775184,0.0
108449,9.625160419340318,0.5535858178887993,560,681,1241,0.0,-0.0008333472224535399,0.553988718775184,0.0
108450,9.624327072117865,0.5535858178887993,560,681,1241,0.0,-0.0008333472224535399,0.553988718775184,0.0
108451,9.623493724895411,0.5527800161160354,560,681,1241,-0.0008058017727639033,-0.0008333472224535399,0.5539081385979077,-8.058017727639034e-05
108452,9.622660377672958,0.5527800161160354,560,681,1241,0.0,-0.0008333472224535399,0.5538275584206314,-8.058017727639034e-05
108453,9.621827030450504,0.5527800161160354,560,681,1241,0.0,-0.0008333472224535399,0.5536663980660785,-0.00016116035455278067
108454,9.62099368322805,0.5527800161160354,560,681,1241,0.0,-0.0008333472224535399,0.5535052377115257,-0.00016116035455278067
108455,9.620160336005597,0.5527800161160354,560,681,1241,0.0,-0.0008333472224535399,0.5533440773569728,-0.00016116035455278067
108456,9.619326988783143,0.5527800161160354,560,681,1241,0.0,-0.0008333472224535399,0.55318291700242,-0.00016116035455278067
108457,9.61849364156069,0.5527800161160354,560,681,1241,0.0,-0.0008333472224535399,0.553021756647867,-0.00016116035455278067
108458,9.617660294338236,0.5527800161160354,560,681,1241,0.0,-0.0008333472224535399,0.5529411764705906,-8.058017727639034e-05
108459,9.616826947115783,0.5527800161160354,560,681,1241,0.0,-0.0008333472224535399,0.5528605962933143,-8.058017727639034e-05
108460,9.61599359989333,0.5527800161160354,560,681,1241,0.0,-0.0008333472224535399,0.5527800161160379,-8.058017727639034e-05
108461,9.615160252670876,0.5527800161160354,560,681,1241,0.0,-0.0008333472224535399,0.552780016116038,0.0
108462,9.614326905448422,0.5527800161160354,560,681,1241,0.0,-0.0008333472224535399,0.552780016116038,0.0
108463,9.613493558225969,0.5527800161160354,560,681,1241,0.0,-0.0008333472224535399,0.552780016116038,0.0
108464,9.612660211003515,0.5527800161160354,560,681,1241,0.0,-0.0008333472224535399,0.552780016116038,0.0
108465,9.611826863781062,0.5527800161160354,560,681,1241,0.0,-0.0008333472224535399,0.552780016116038,0.0
108466,9.610993516558608,0.5527800161160354,560,681,1241,0.0,-0.0008333472224535399,0.552780016116038,0.0
108467,9.610160169336154,0.5527800161160354,560,681,1241,0.0,-0.0008333472224535399,0.552780016116038,0.0
108468,9.609326822113701,0.5527800161160354,560,681,1241,0.0,-0.0008333472224535399,0.552780016116038,0.0
108469,9.608493474891247,0.5527800161160354,560,681,1241,0.0,-0.0008333472224535399,0.552780016116038,0.0
108470,9.607660127668794,0.5527800161160354,560,681,1241,0.0,-0.0008333472224535399,0.552780016116038,0.0
108471,9.60682678044634,0.5527800161160354,560,681,1241,0.0,-0.0008333472224535399,0.552780016116038,0.0
108472,9.605993433223887,0.5527800161160354,560,681,1241,0.0,-0.0008333472224535399,0.552780016116038,0.0
108473,9.605160086001433,0.5527800161160354,560,681,1241,0.0,-0.0008333472224535399,0.552780016116038,0.0
108474,9.60432673877898,0.5527800161160354,560,681,1241,0.0,-0.0008333472224535399,0.552780016116038,0.0
108475,9.603493391556526,0.5527800161160354,560,681,1241,0.0,-0.0008333472224535399,0.552780016116038,0.0
108476,9.602660044334073,0.5527800161160354,560,681,1241,0.0,-0.0008333472224535399,0.552780016116038,0.0
108477,9.601826697111619,0.5527800161160354,560,681,1241,0.0,-0.0008333472224535399,0.552780016116038,0.0
108478,9.600993349889166,0.5527800161160354,560,681,1241,0.0,-0.0008333472224535399,0.552780016116038,0.0
108479,9.600160002666712,0.5527800161160354,560,681,1241,0.0,-0.0008333472224535399,0.552780016116038,0.0
108480,9.599326655444258,0.5527800161160354,560,681,1241,0.0,-0.0008333472224535399,0.552780016116038,0.0
108481,9.598493308221805,0.5527800161160354,560,681,1241,0.0,-0.0008333472224535399,0.552780016116038,0.0
108482,9.597659960999351,0.5527800161160354,560,681,1241,0.0,-0.0008333472224535399,0.552780016116038,0.0
108483,9.596826613776898,0.5527800161160354,560,681,1241,0.0,-0.0008333472224535399,0.552780016116038,0.0
108484,9.595993266554444,0.5527800161160354,560,681,1241,0.0,-0.0008333472224535399,0.552780016116038,0.0
108485,9.595159919331984,0.5527800161160354,560,681,1241,0.0,-0.0008333472224606453,0.552780016116038,0.0
108486,9.59432657210953,0.5527800161160354,560,681,1241,0.0,-0.0008333472224535399,0.552780016116038,0.0
108487,9.593493224887077,0.5527800161160354,560,681,1241,0.0,-0.0008333472224535399,0.552780016116038,0.0
108488,9.592659877664623,0.5527800161160354,560,681,1241,0.0,-0.0008333472224535399,0.552780016116038,0.0
108489,9.59182653044217,0.5527800161160354,560,681,1241,0.0,-0.0008333472224535399,0.552780016116038,0.0
108490,9.590993183219716,0.5527800161160354,560,681,1241,0.0,-0.0008333472224535399,0.552780016116038,0.0
108491,9.590159835997262,0.5535858178887993,560,681,1241,0.0008058017727639033,-0.0008333472224535399,0.5528605962933144,8.058017727639034e-05
108492,9.589326488774809,0.5535858178887993,560,681,1241,0.0,-0.0008333472224535399,0.5529411764705907,8.058017727639034e-05
108493,9.588493141552355,0.5535858178887993,560,681,1241,0.0,-0.0008333472224535399,0.553021756647867,8.058017727639034e-05
108494,9.587659794329902,0.5535858178887993,560,681,1241,0.0,-0.0008333472224535399,0.5531023368251434,8.058017727639034e-05
108495,9.586826447107448,0.5535858178887993,560,681,1241,0.0,-0.0008333472224535399,0.5531829170024197,8.058017727639034e-05
108496,9.585993099884995,0.5535858178887993,560,681,1241,0.0,-0.0008333472224535399,0.5532634971796961,8.058017727639034e-05
108497,9.585159752662541,0.5535858178887993,560,681,1241,0.0,-0.0008333472224535399,0.5533440773569724,8.058017727639034e-05
108498,9.584326405440088,0.5535858178887993,560,681,1241,0.0,-0.0008333472224535399,0.5534246575342487,8.058017727639034e-05
108499,9.583493058217634,0.5535858178887993,560,681,1241,0.0,-0.0008333472224535399,0.5535052377115252,8.058017727639034e-05
108500,9.58265971099518,0.5535858178887993,560,681,1241,0.0,-0.0008333472224535399,0.5535858178888015,8.058017727639034e-05
108501,9.581826363772727,0.5535858178887993,560,681,1241,0.0,-0.0008333472224535399,0.5535858178888015,0.0
108502,9.580993016550273,0.5535858178887993,560,681,1241,0.0,-0.0008333472224535399,0.5535858178888015,0.0
108503,9.58015966932782,0.5535858178887993,560,681,1241,0.0,-0.0008333472224535399,0.5535858178888015,0.0
108504,9.579326322105366,0.5535858178887993,560,681,1241,0.0,-0.0008333472224535399,0.5535858178888015,0.0
108505,9.578492974882913,0.5535858178887993,560,681,1241,0.0,-0.0008333472224535399,0.5535858178888015,0.0
108506,9.57765962766046,0.5543916196615633,560,681,1241,0.0008058017727639033,-0.0008333472224535399,0.5536663980660779,8.058017727639034e-05
108507,9.576826280438006,0.5543916196615633,560,681,1241,0.0,-0.0008333472224535399,0.5537469782433543,8.058017727639034e-05
108508,9.575992933215552,0.5543916196615633,560,681,1241,0.0,-0.0008333472224535399,0.5538275584206306,8.058017727639034e-05
108509,9.575159585993099,0.5543916196615633,560,681,1241,0.0,-0.0008333472224535399,0.553908138597907,8.058017727639034e-05
108510,9.574326238770645,0.5543916196615633,560,681,1241,0.0,-0.0008333472224535399,0.5539887187751833,8.058017727639034e-05
108511,9.573492891548192,0.5543916196615633,560,681,1241,0.0,-0.0008333472224535399,0.5540692989524596,8.058017727639034e-05
108512,9.572659544325738,0.5543916196615633,560,681,1241,0.0,-0.0008333472224535399,0.554149879129736,8.058017727639034e-05
108513,9.571826197103285,0.5543916196615633,560,681,1241,0.0,-0.0008333472224535399,0.5542304593070123,8.058017727639034e-05
108514,9.570992849880831,0.5543916196615633,560,681,1241,0.0,-0.0008333472224535399,0.5543110394842887,8.058017727639034e-05
108515,9.570159502658377,0.5543916196615633,560,681,1241,0.0,-0.0008333472224535399,0.554391619661565,8.058017727639034e-05
108516,9.569326155435924,0.5543916196615633,560,681,1241,0.0,-0.0008333472224535399,0.5543916196615649,0.0
108517,9.56849280821347,0.5535858178887993,560,681,1241,-0.0008058017727639033,-0.0008333472224535399,0.5543110394842886,-8.058017727639034e-05
108518,9.567659460991017,0.5535858178887993,560,681,1241,0.0,-0.0008333472224535399,0.5542304593070122,-8.058017727639034e-05
108519,9.566826113768563,0.5535858178887993,560,681,1241,0.0,-0.0008333472224535399,0.5541498791297359,-8.058017727639034e-05
108520,9.56599276654611,0.5535858178887993,560,681,1241,0.0,-0.0008333472224535399,0.5540692989524596,-8.058017727639034e-05
108521,9.565159419323656,0.5535858178887993,560,681,1241,0.0,-0.0008333472224535399,0.5539887187751832,-8.058017727639034e-05
108522,9.564326072101203,0.5535858178887993,560,681,1241,0.0,-0.0008333472224535399,0.5539081385979069,-8.058017727639034e-05
108523,9.56349272487875,0.5535858178887993,560,681,1241,0.0,-0.0008333472224535399,0.5538275584206305,-8.058017727639034e-05
108524,9.562659377656296,0.5535858178887993,560,681,1241,0.0,-0.0008333472224535399,0.5537469782433542,-8.058017727639034e-05
108525,9.561826030433842,0.5535858178887993,560,681,1241,0.0,-0.0008333472224535399,0.5536663980660779,-8.058017727639034e-05
108526,9.560992683211389,0.5535858178887993,560,681,1241,0.0,-0.0008333472224535399,0.5535858178888015,-8.058017727639034e-05
108527,9.560159335988935,0.5535858178887993,560,681,1241,0.0,-0.0008333472224535399,0.5535858178888015,0.0
108528,9.559325988766474,0.5535858178887993,560,681,1241,0.0,-0.0008333472224606453,0.5535858178888015,0.0
108529,9.55849264154402,0.5543916196615633,560,681,1241,0.0008058017727639033,-0.0008333472224535399,0.5536663980660779,8.058017727639034e-05
108530,9.557659294321567,0.5543916196615633,560,681,1241,0.0,-0.0008333472224535399,0.5537469782433543,8.058017727639034e-05
108531,9.556825947099114,0.5543916196615633,560,681,1241,0.0,-0.0008333472224535399,0.5538275584206306,8.058017727639034e-05
108532,9.55599259987666,0.5543916196615633,560,681,1241,0.0,-0.0008333472224535399,0.553908138597907,8.058017727639034e-05
108533,9.555159252654207,0.5543916196615633,560,681,1241,0.0,-0.0008333472224535399,0.5539887187751833,8.058017727639034e-05
108534,9.554325905431753,0.5543916196615633,560,681,1241,0.0,-0.0008333472224535399,0.5540692989524596,8.058017727639034e-05
108535,9.5534925582093,0.5543916196615633,560,681,1241,0.0,-0.0008333472224535399,0.554149879129736,8.058017727639034e-05
108536,9.552659210986846,0.5543916196615633,560,681,1241,0.0,-0.0008333472224535399,0.5542304593070123,8.058017727639034e-05
108537,9.551825863764392,0.5543916196615633,560,681,1241,0.0,-0.0008333472224535399,0.5543110394842887,8.058017727639034e-05
108538,9.550992516541939,0.5543916196615633,560,681,1241,0.0,-0.0008333472224535399,0.554391619661565,8.058017727639034e-05
108539,9.550159169319485,0.5543916196615633,560,681,1241,0.0,-0.0008333472224535399,0.5543916196615649,0.0
108540,9.549325822097032,0.5543916196615633,560,681,1241,0.0,-0.0008333472224535399,0.5543916196615649,0.0
108541,9.548492474874578,0.5543916196615633,560,681,1241,0.0,-0.0008333472224535399,0.5543916196615649,0.0
108542,9.547659127652125,0.5543916196615633,560,681,1241,0.0,-0.0008333472224535399,0.5543916196615649,0.0
108543,9.546825780429671,0.5543916196615633,560,681,1241,0.0,-0.0008333472224535399,0.5543916196615649,0.0
108544,9.545992433207218,0.5543916196615633,560,681,1241,0.0,-0.0008333472224535399,0.5543916196615649,0.0
108545,9.545159085984764,0.5543916196615633,560,681,1241,0.0,-0.0008333472224535399,0.5543916196615649,0.0
108546,9.54432573876231,0.5543916196615633,560,681,1241,0.0,-0.0008333472224535399,0.5543916196615649,0.0
108547,9.543492391539857,0.5543916196615633,560,681,1241,0.0,-0.0008333472224535399,0.5543916196615649,0.0
108548,9.542659044317404,0.5543916196615633,560,681,1241,0.0,-0.0008333472224535399,0.5543916196615649,0.0
108549,9.54182569709495,0.5543916196615633,560,681,1241,0.0,-0.0008333472224535399,0.5543916196615649,0.0
108550,9.540992349872496,0.5543916196615633,560,681,1241,0.0,-0.0008333472224535399,0.5543916196615649,0.0
108551,9.540159002650043,0.5543916196615633,560,681,1241,0.0,-0.0008333472224535399,0.5543916196615649,0.0
108552,9.53932565542759,0.5543916196615633,560,681,1241,0.0,-0.0008333472224535399,0.5543916196615649,0.0
108553,9.538492308205136,0.5543916196615633,560,681,1241,0.0,-0.0008333472224535399,0.5543916196615649,0.0
108554,9.537658960982682,0.5543916196615633,560,681,1241,0.0,-0.0008333472224535399,0.5543916196615649,0.0
108555,9.536825613760229,0.5543916196615633,560,681,1241,0.0,-0.0008333472224535399,0.5543916196615649,0.0
108556,9.535992266537775,0.5543916196615633,560,681,1241,0.0,-0.0008333472224535399,0.5543916196615649,0.0
108557,9.535158919315322,0.5543916196615633,560,681,1241,0.0,-0.0008333472224535399,0.5543916196615649,0.0
108558,9.534325572092868,0.5543916196615633,560,681,1241,0.0,-0.0008333472224535399,0.5543916196615649,0.0
108559,9.533492224870415,0.5543916196615633,560,681,1241,0.0,-0.0008333472224535399,0.5543916196615649,0.0
108560,9.532658877647961,0.5543916196615633,560,681,1241,0.0,-0.0008333472224535399,0.5543916196615649,0.0
108561,9.531825530425508,0.5543916196615633,560,681,1241,0.0,-0.0008333472224535399,0.5543916196615649,0.0
108562,9.530992183203054,0.5543916196615633,560,681,1241,0.0,-0.0008333472224535399,0.5543916196615649,0.0
108563,9.5301588359806,0.5543916196615633,560,681,1241,0.0,-0.0008333472224535399,0.5543916196615649,0.0
108564,9.529325488758147,0.5543916196615633,560,681,1241,0.0,-0.0008333472224535399,0.5543916196615649,0.0
108565,9.528492141535693,0.5543916196615633,560,681,1241,0.0,-0.0008333472224535399,0.5543916196615649,0.0
108566,9.52765879431324,0.5543916196615633,560,681,1241,0.0,-0.0008333472224535399,0.5543916196615649,0.0
108567,9.526825447090786,0.5543916196615633,560,681,1241,0.0,-0.0008333472224535399,0.5543916196615649,0.0
108568,9.525992099868333,0.5543916196615633,560,681,1241,0.0,-0.0008333472224535399,0.5543916196615649,0.0
108569,9.52515875264588,0.5543916196615633,560,681,1241,0.0,-0.0008333472224535399,0.5543916196615649,0.0
108570,9.524325405423419,0.5535858178887993,560,681,1241,-0.0008058017727639033,-0.0008333472224606453,0.5543110394842886,-8.058017727639034e-05
108571,9.523492058200965,0.5535858178887993,560,681,1241,0.0,-0.0008333472224535399,0.5542304593070122,-8.058017727639034e-05
108572,9.522658710978511,0.5535858178887993,560,681,1241,0.0,-0.0008333472224535399,0.5541498791297359,-8.058017727639034e-05
108573,9.521825363756058,0.5535858178887993,560,681,1241,0.0,-0.0008333472224535399,0.5540692989524596,-8.058017727639034e-05
108574,9.520992016533604,0.5535858178887993,560,681,1241,0.0,-0.0008333472224535399,0.5539887187751832,-8.058017727639034e-05
108575,9.52015866931115,0.5535858178887993,560,681,1241,0.0,-0.0008333472224535399,0.5539081385979069,-8.058017727639034e-05
108576,9.519325322088697,0.5535858178887993,560,681,1241,0.0,-0.0008333472224535399,0.5538275584206305,-8.058017727639034e-05
108577,9.518491974866244,0.5535858178887993,560,681,1241,0.0,-0.0008333472224535399,0.5537469782433542,-8.058017727639034e-05
108578,9.51765862764379,0.5535858178887993,560,681,1241,0.0,-0.0008333472224535399,0.5536663980660779,-8.058017727639034e-05
108579,9.516825280421337,0.5535858178887993,560,681,1241,0.0,-0.0008333472224535399,0.5535858178888015,-8.058017727639034e-05
108580,9.515991933198883,0.5535858178887993,560,681,1241,0.0,-0.0008333472224535399,0.5535858178888015,0.0
108581,9.51515858597643,0.5535858178887993,560,681,1241,0.0,-0.0008333472224535399,0.5535858178888015,0.0
108582,9.514325238753976,0.5535858178887993,560,681,1241,0.0,-0.0008333472224535399,0.5535858178888015,0.0
108583,9.513491891531523,0.5535858178887993,560,681,1241,0.0,-0.0008333472224535399,0.5535858178888015,0.0
108584,9.512658544309069,0.5535858178887993,560,681,1241,0.0,-0.0008333472224535399,0.5535858178888015,0.0
108585,9.511825197086615,0.5535858178887993,560,681,1241,0.0,-0.0008333472224535399,0.5535858178888015,0.0
108586,9.510991849864162,0.5535858178887993,560,681,1241,0.0,-0.0008333472224535399,0.5535858178888015,0.0
108587,9.510158502641708,0.5535858178887993,560,681,1241,0.0,-0.0008333472224535399,0.5535858178888015,0.0
108588,9.509325155419255,0.5535858178887993,560,681,1241,0.0,-0.0008333472224535399,0.5535858178888015,0.0
108589,9.508491808196801,0.5535858178887993,560,681,1241,0.0,-0.0008333472224535399,0.5535858178888015,0.0
108590,9.507658460974348,0.5527800161160354,560,681,1241,-0.0008058017727639033,-0.0008333472224535399,0.553505237711525,-8.058017727639034e-05
108591,9.506825113751894,0.5527800161160354,560,681,1241,0.0,-0.0008333472224535399,0.5534246575342487,-8.058017727639034e-05
108592,9.50599176652944,0.5527800161160354,560,681,1241,0.0,-0.0008333472224535399,0.5533440773569723,-8.058017727639034e-05
108593,9.505158419306987,0.5527800161160354,560,681,1241,0.0,-0.0008333472224535399,0.553263497179696,-8.058017727639034e-05
108594,9.504325072084534,0.5527800161160354,560,681,1241,0.0,-0.0008333472224535399,0.5531829170024196,-8.058017727639034e-05
108595,9.50349172486208,0.5527800161160354,560,681,1241,0.0,-0.0008333472224535399,0.5531023368251433,-8.058017727639034e-05
108596,9.502658377639627,0.5527800161160354,560,681,1241,0.0,-0.0008333472224535399,0.553021756647867,-8.058017727639034e-05
108597,9.501825030417173,0.5527800161160354,560,681,1241,0.0,-0.0008333472224535399,0.5529411764705906,-8.058017727639034e-05
108598,9.50099168319472,0.5527800161160354,560,681,1241,0.0,-0.0008333472224535399,0.5528605962933143,-8.058017727639034e-05
108599,9.500158335972266,0.5527800161160354,560,681,1241,0.0,-0.0008333472224535399,0.5527800161160379,-8.058017727639034e-05
108600,9.499324988749812,0.5527800161160354,560,681,1241,0.0,-0.0008333472224535399,0.552780016116038,0.0
108601,9.498491641527359,0.5527800161160354,560,681,1241,0.0,-0.0008333472224535399,0.552780016116038,0.0
108602,9.497658294304905,0.5527800161160354,560,681,1241,0.0,-0.0008333472224535399,0.552780016116038,0.0
108603,9.496824947082452,0.5527800161160354,560,681,1241,0.0,-0.0008333472224535399,0.552780016116038,0.0
108604,9.495991599859998,0.5527800161160354,560,681,1241,0.0,-0.0008333472224535399,0.552780016116038,0.0
108605,9.495158252637545,0.5527800161160354,560,681,1241,0.0,-0.0008333472224535399,0.552780016116038,0.0
108606,9.494324905415091,0.5527800161160354,560,681,1241,0.0,-0.0008333472224535399,0.552780016116038,0.0
108607,9.493491558192638,0.5527800161160354,560,681,1241,0.0,-0.0008333472224535399,0.552780016116038,0.0
108608,9.492658210970184,0.5527800161160354,560,681,1241,0.0,-0.0008333472224535399,0.552780016116038,0.0
108609,9.49182486374773,0.5527800161160354,560,681,1241,0.0,-0.0008333472224535399,0.552780016116038,0.0
108610,9.490991516525277,0.5527800161160354,560,681,1241,0.0,-0.0008333472224535399,0.552780016116038,0.0
108611,9.490158169302823,0.5527800161160354,560,681,1241,0.0,-0.0008333472224535399,0.552780016116038,0.0
108612,9.489324822080363,0.5527800161160354,560,681,1241,0.0,-0.0008333472224606453,0.552780016116038,0.0
108613,9.48849147485791,0.5527800161160354,560,681,1241,0.0,-0.0008333472224535399,0.552780016116038,0.0
108614,9.487658127635456,0.5527800161160354,560,681,1241,0.0,-0.0008333472224535399,0.552780016116038,0.0
108615,9.486824780413002,0.5527800161160354,560,681,1241,0.0,-0.0008333472224535399,0.552780016116038,0.0
108616,9.485991433190549,0.5527800161160354,560,681,1241,0.0,-0.0008333472224535399,0.552780016116038,0.0
108617,9.485158085968095,0.5527800161160354,560,681,1241,0.0,-0.0008333472224535399,0.552780016116038,0.0
108618,9.484324738745642,0.5527800161160354,560,681,1241,0.0,-0.0008333472224535399,0.552780016116038,0.0
108619,9.483491391523188,0.5527800161160354,560,681,1241,0.0,-0.0008333472224535399,0.552780016116038,0.0
108620,9.482658044300734,0.5527800161160354,560,681,1241,0.0,-0.0008333472224535399,0.552780016116038,0.0
108621,9.481824697078281,0.5527800161160354,560,681,1241,0.0,-0.0008333472224535399,0.552780016116038,0.0
108622,9.480991349855827,0.5527800161160354,560,681,1241,0.0,-0.0008333472224535399,0.552780016116038,0.0
108623,9.480158002633374,0.5527800161160354,560,681,1241,0.0,-0.0008333472224535399,0.552780016116038,0.0
108624,9.47932465541092,0.5527800161160354,560,681,1241,0.0,-0.0008333472224535399,0.552780016116038,0.0
108625,9.478491308188467,0.5527800161160354,560,681,1241,0.0,-0.0008333472224535399,0.552780016116038,0.0
108626,9.477657960966013,0.5527800161160354,560,681,1241,0.0,-0.0008333472224535399,0.552780016116038,0.0
108627,9.47682461374356,0.5527800161160354,560,681,1241,0.0,-0.0008333472224535399,0.552780016116038,0.0
108628,9.475991266521106,0.5527800161160354,560,681,1241,0.0,-0.0008333472224535399,0.552780016116038,0.0
108629,9.475157919298653,0.5527800161160354,560,681,1241,0.0,-0.0008333472224535399,0.552780016116038,0.0
108630,9.474324572076199,0.5527800161160354,560,681,1241,0.0,-0.0008333472224535399,0.552780016116038,0.0
108631,9.473491224853746,0.5527800161160354,560,681,1241,0.0,-0.0008333472224535399,0.552780016116038,0.0
108632,9.472657877631292,0.5527800161160354,560,681,1241,0.0,-0.0008333472224535399,0.552780016116038,0.0
108633,9.471824530408838,0.5527800161160354,560,681,1241,0.0,-0.0008333472224535399,0.552780016116038,0.0
108634,9.470991183186385,0.5527800161160354,560,681,1241,0.0,-0.0008333472224535399,0.552780016116038,0.0
108635,9.470157835963931,0.5527800161160354,560,681,1241,0.0,-0.0008333472224535399,0.552780016116038,0.0
108636,9.469324488741478,0.5527800161160354,560,681,1241,0.0,-0.0008333472224535399,0.552780016116038,0.0
108637,9.468491141519024,0.5527800161160354,560,681,1241,0.0,-0.0008333472224535399,0.552780016116038,0.0
108638,9.46765779429657,0.5527800161160354,560,681,1241,0.0,-0.0008333472224535399,0.552780016116038,0.0
108639,9.466824447074117,0.5527800161160354,560,681,1241,0.0,-0.0008333472224535399,0.552780016116038,0.0
108640,9.465991099851664,0.5527800161160354,560,681,1241,0.0,-0.0008333472224535399,0.552780016116038,0.0
108641,9.46515775262921,0.5527800161160354,560,681,1241,0.0,-0.0008333472224535399,0.552780016116038,0.0
108642,9.464324405406757,0.5527800161160354,560,681,1241,0.0,-0.0008333472224535399,0.552780016116038,0.0
108643,9.463491058184303,0.5527800161160354,560,681,1241,0.0,-0.0008333472224535399,0.552780016116038,0.0
108644,9.46265771096185,0.5527800161160354,560,681,1241,0.0,-0.0008333472224535399,0.552780016116038,0.0
108645,9.461824363739396,0.5527800161160354,560,681,1241,0.0,-0.0008333472224535399,0.552780016116038,0.0
108646,9.460991016516942,0.5527800161160354,560,681,1241,0.0,-0.0008333472224535399,0.552780016116038,0.0
108647,9.460157669294489,0.5527800161160354,560,681,1241,0.0,-0.0008333472224535399,0.552780016116038,0.0
108648,9.459324322072035,0.5527800161160354,560,681,1241,0.0,-0.0008333472224535399,0.552780016116038,0.0
108649,9.458490974849582,0.5527800161160354,560,681,1241,0.0,-0.0008333472224535399,0.552780016116038,0.0
108650,9.457657627627128,0.5527800161160354,560,681,1241,0.0,-0.0008333472224535399,0.552780016116038,0.0
108651,9.456824280404675,0.5527800161160354,560,681,1241,0.0,-0.0008333472224535399,0.552780016116038,0.0
108652,9.455990933182221,0.5527800161160354,560,681,1241,0.0,-0.0008333472224535399,0.552780016116038,0.0
108653,9.455157585959768,0.5527800161160354,560,681,1241,0.0,-0.0008333472224535399,0.552780016116038,0.0
108654,9.454324238737314,0.5527800161160354,560,681,1241,0.0,-0.0008333472224535399,0.552780016116038,0.0
108655,9.453490891514853,0.5527800161160354,560,681,1241,0.0,-0.0008333472224606453,0.552780016116038,0.0
108656,9.4526575442924,0.5527800161160354,560,681,1241,0.0,-0.0008333472224535399,0.552780016116038,0.0
108657,9.451824197069946,0.5527800161160354,560,681,1241,0.0,-0.0008333472224535399,0.552780016116038,0.0
108658,9.450990849847493,0.5527800161160354,560,681,1241,0.0,-0.0008333472224535399,0.552780016116038,0.0
108659,9.45015750262504,0.5527800161160354,560,681,1241,0.0,-0.0008333472224535399,0.552780016116038,0.0
108660,9.449324155402586,0.5527800161160354,560,681,1241,0.0,-0.0008333472224535399,0.552780016116038,0.0
108661,9.448490808180132,0.5527800161160354,560,681,1241,0.0,-0.0008333472224535399,0.552780016116038,0.0
108662,9.447657460957679,0.5527800161160354,560,681,1241,0.0,-0.0008333472224535399,0.552780016116038,0.0
108663,9.446824113735225,0.5527800161160354,560,681,1241,0.0,-0.0008333472224535399,0.552780016116038,0.0
108664,9.445990766512772,0.5527800161160354,560,681,1241,0.0,-0.0008333472224535399,0.552780016116038,0.0
108665,9.445157419290318,0.5527800161160354,560,681,1241,0.0,-0.0008333472224535399,0.552780016116038,0.0
108666,9.444324072067865,0.5527800161160354,560,681,1241,0.0,-0.0008333472224535399,0.552780016116038,0.0
108667,9.443490724845411,0.5527800161160354,560,681,1241,0.0,-0.0008333472224535399,0.552780016116038,0.0
108668,9.442657377622957,0.5527800161160354,560,681,1241,0.0,-0.0008333472224535399,0.552780016116038,0.0
108669,9.441824030400504,0.5527800161160354,560,681,1241,0.0,-0.0008333472224535399,0.552780016116038,0.0
108670,9.44099068317805,0.5527800161160354,560,681,1241,0.0,-0.0008333472224535399,0.552780016116038,0.0
108671,9.440157335955597,0.5527800161160354,560,681,1241,0.0,-0.0008333472224535399,0.552780016116038,0.0
108672,9.439323988733143,0.5527800161160354,560,681,1241,0.0,-0.0008333472224535399,0.552780016116038,0.0
108673,9.43849064151069,0.5527800161160354,560,681,1241,0.0,-0.0008333472224535399,0.552780016116038,0.0
108674,9.437657294288236,0.5527800161160354,560,681,1241,0.0,-0.0008333472224535399,0.552780016116038,0.0
108675,9.436823947065783,0.5535858178887993,560,681,1241,0.0008058017727639033,-0.0008333472224535399,0.5528605962933144,8.058017727639034e-05
108676,9.435990599843329,0.5535858178887993,560,681,1241,0.0,-0.0008333472224535399,0.5529411764705907,8.058017727639034e-05
108677,9.435157252620876,0.5535858178887993,560,681,1241,0.0,-0.0008333472224535399,0.553021756647867,8.058017727639034e-05
108678,9.434323905398422,0.5535858178887993,560,681,1241,0.0,-0.0008333472224535399,0.5531023368251434,8.058017727639034e-05
108679,9.433490558175968,0.5535858178887993,560,681,1241,0.0,-0.0008333472224535399,0.5531829170024197,8.058017727639034e-05
108680,9.432657210953515,0.5535858178887993,560,681,1241,0.0,-0.0008333472224535399,0.5532634971796961,8.058017727639034e-05
108681,9.431823863731061,0.5535858178887993,560,681,1241,0.0,-0.0008333472224535399,0.5533440773569724,8.058017727639034e-05
108682,9.430990516508608,0.5535858178887993,560,681,1241,0.0,-0.0008333472224535399,0.5534246575342487,8.058017727639034e-05
108683,9.430157169286154,0.5535858178887993,560,681,1241,0.0,-0.0008333472224535399,0.5535052377115252,8.058017727639034e-05
108684,9.4293238220637,0.5535858178887993,560,681,1241,0.0,-0.0008333472224535399,0.5535858178888015,8.058017727639034e-05
108685,9.428490474841247,0.5535858178887993,560,681,1241,0.0,-0.0008333472224535399,0.5535858178888015,0.0
108686,9.427657127618794,0.5535858178887993,560,681,1241,0.0,-0.0008333472224535399,0.5535858178888015,0.0
108687,9.42682378039634,0.5535858178887993,560,681,1241,0.0,-0.0008333472224535399,0.5535858178888015,0.0
108688,9.425990433173887,0.5535858178887993,560,681,1241,0.0,-0.0008333472224535399,0.5535858178888015,0.0
108689,9.425157085951433,0.5535858178887993,560,681,1241,0.0,-0.0008333472224535399,0.5535858178888015,0.0
108690,9.42432373872898,0.5535858178887993,560,681,1241,0.0,-0.0008333472224535399,0.5535858178888015,0.0
108691,9.423490391506526,0.5535858178887993,560,681,1241,0.0,-0.0008333472224535399,0.5535858178888015,0.0
108692,9.422657044284072,0.5535858178887993,560,681,1241,0.0,-0.0008333472224535399,0.5535858178888015,0.0
108693,9.421823697061619,0.5535858178887993,560,681,1241,0.0,-0.0008333472224535399,0.5535858178888015,0.0
108694,9.420990349839165,0.5535858178887993,560,681,1241,0.0,-0.0008333472224535399,0.5535858178888015,0.0
108695,9.420157002616712,0.5535858178887993,560,681,1241,0.0,-0.0008333472224535399,0.5535858178888015,0.0
108696,9.419323655394258,0.5535858178887993,560,681,1241,0.0,-0.0008333472224535399,0.5535858178888015,0.0
108697,9.418490308171798,0.5535858178887993,560,681,1241,0.0,-0.0008333472224606453,0.5535858178888015,0.0
108698,9.417656960949344,0.5535858178887993,560,681,1241,0.0,-0.0008333472224535399,0.5535858178888015,0.0
108699,9.41682361372689,0.5535858178887993,560,681,1241,0.0,-0.0008333472224535399,0.5535858178888015,0.0
108700,9.415990266504437,0.5535858178887993,560,681,1241,0.0,-0.0008333472224535399,0.5535858178888015,0.0
108701,9.415156919281984,0.5535858178887993,560,681,1241,0.0,-0.0008333472224535399,0.5535858178888015,0.0
108702,9.41432357205953,0.5535858178887993,560,681,1241,0.0,-0.0008333472224535399,0.5535858178888015,0.0
108703,9.413490224837076,0.5535858178887993,560,681,1241,0.0,-0.0008333472224535399,0.5535858178888015,0.0
108704,9.412656877614623,0.5535858178887993,560,681,1241,0.0,-0.0008333472224535399,0.5535858178888015,0.0
108705,9.41182353039217,0.5535858178887993,560,681,1241,0.0,-0.0008333472224535399,0.5535858178888015,0.0
108706,9.410990183169716,0.5535858178887993,560,681,1241,0.0,-0.0008333472224535399,0.5535858178888015,0.0
108707,9.410156835947262,0.5535858178887993,560,681,1241,0.0,-0.0008333472224535399,0.5535858178888015,0.0
108708,9.409323488724809,0.5535858178887993,560,681,1241,0.0,-0.0008333472224535399,0.5535858178888015,0.0
108709,9.408490141502355,0.5535858178887993,560,681,1241,0.0,-0.0008333472224535399,0.5535858178888015,0.0
108710,9.407656794279902,0.5543916196615633,560,681,1241,0.0008058017727639033,-0.0008333472224535399,0.5536663980660779,8.058017727639034e-05
108711,9.406823447057448,0.5543916196615633,560,681,1241,0.0,-0.0008333472224535399,0.5537469782433543,8.058017727639034e-05
108712,9.405990099834995,0.5543916196615633,560,681,1241,0.0,-0.0008333472224535399,0.5538275584206306,8.058017727639034e-05
108713,9.405156752612541,0.5551974214343272,560,681,1241,0.0008058017727639033,-0.0008333472224535399,0.5539887187751834,0.00016116035455278067
108714,9.404323405390087,0.5551974214343272,560,681,1241,0.0,-0.0008333472224535399,0.5541498791297361,0.00016116035455278067
108715,9.403490058167634,0.5551974214343272,560,681,1241,0.0,-0.0008333472224535399,0.554311039484289,0.00016116035455278067
108716,9.40265671094518,0.5551974214343272,560,681,1241,0.0,-0.0008333472224535399,0.5544721998388418,0.00016116035455278067
108717,9.401823363722727,0.5551974214343272,560,681,1241,0.0,-0.0008333472224535399,0.5546333601933945,0.00016116035455278067
108718,9.400990016500273,0.5551974214343272,560,681,1241,0.0,-0.0008333472224535399,0.5547945205479473,0.00016116035455278067
108719,9.40015666927782,0.5551974214343272,560,681,1241,0.0,-0.0008333472224535399,0.5549556809025,0.00016116035455278067
108720,9.399323322055366,0.5551974214343272,560,681,1241,0.0,-0.0008333472224535399,0.5550362610797764,8.058017727639034e-05
108721,9.398489974832913,0.5551974214343272,560,681,1241,0.0,-0.0008333472224535399,0.5551168412570527,8.058017727639034e-05
108722,9.39765662761046,0.5551974214343272,560,681,1241,0.0,-0.0008333472224535399,0.5551974214343292,8.058017727639034e-05
108723,9.396823280388006,0.5551974214343272,560,681,1241,0.0,-0.0008333472224535399,0.5551974214343292,0.0
108724,9.395989933165552,0.5551974214343272,560,681,1241,0.0,-0.0008333472224535399,0.5551974214343292,0.0
108725,9.395156585943099,0.5551974214343272,560,681,1241,0.0,-0.0008333472224535399,0.5551974214343292,0.0
108726,9.394323238720645,0.5551974214343272,560,681,1241,0.0,-0.0008333472224535399,0.5551974214343292,0.0
108727,9.393489891498191,0.5551974214343272,560,681,1241,0.0,-0.0008333472224535399,0.5551974214343292,0.0
108728,9.392656544275738,0.5551974214343272,560,681,1241,0.0,-0.0008333472224535399,0.5551974214343292,0.0
108729,9.391823197053284,0.5551974214343272,560,681,1241,0.0,-0.0008333472224535399,0.5551974214343292,0.0
108730,9.39098984983083,0.5551974214343272,560,681,1241,0.0,-0.0008333472224535399,0.5551974214343292,0.0
108731,9.390156502608377,0.5551974214343272,560,681,1241,0.0,-0.0008333472224535399,0.5551974214343292,0.0
108732,9.389323155385924,0.5551974214343272,560,681,1241,0.0,-0.0008333472224535399,0.5551974214343292,0.0
108733,9.38848980816347,0.5551974214343272,560,681,1241,0.0,-0.0008333472224535399,0.5551974214343292,0.0
108734,9.387656460941017,0.5551974214343272,560,681,1241,0.0,-0.0008333472224535399,0.5551974214343292,0.0
108735,9.386823113718563,0.5551974214343272,560,681,1241,0.0,-0.0008333472224535399,0.5551974214343292,0.0
108736,9.38598976649611,0.5551974214343272,560,681,1241,0.0,-0.0008333472224535399,0.5551974214343292,0.0
108737,9.385156419273656,0.5551974214343272,560,681,1241,0.0,-0.0008333472224535399,0.5551974214343292,0.0
108738,9.384323072051203,0.5560032232070911,560,681,1241,0.0008058017727639033,-0.0008333472224535399,0.5552780016116055,8.058017727639034e-05
108739,9.383489724828742,0.5560032232070911,560,681,1241,0.0,-0.0008333472224606453,0.5553585817888818,8.058017727639034e-05
108740,9.382656377606288,0.5560032232070911,560,681,1241,0.0,-0.0008333472224535399,0.5554391619661582,8.058017727639034e-05
108741,9.381823030383835,0.5560032232070911,560,681,1241,0.0,-0.0008333472224535399,0.5555197421434345,8.058017727639034e-05
108742,9.380989683161381,0.5560032232070911,560,681,1241,0.0,-0.0008333472224535399,0.5556003223207109,8.058017727639034e-05
108743,9.380156335938928,0.5560032232070911,560,681,1241,0.0,-0.0008333472224535399,0.5556809024979872,8.058017727639034e-05
108744,9.379322988716474,0.5560032232070911,560,681,1241,0.0,-0.0008333472224535399,0.5557614826752635,8.058017727639034e-05
108745,9.37848964149402,0.5560032232070911,560,681,1241,0.0,-0.0008333472224535399,0.5558420628525399,8.058017727639034e-05
108746,9.377656294271567,0.5560032232070911,560,681,1241,0.0,-0.0008333472224535399,0.5559226430298162,8.058017727639034e-05
108747,9.376822947049114,0.5560032232070911,560,681,1241,0.0,-0.0008333472224535399,0.5560032232070926,8.058017727639034e-05
108748,9.37598959982666,0.5560032232070911,560,681,1241,0.0,-0.0008333472224535399,0.5560032232070926,0.0
108749,9.375156252604206,0.5560032232070911,560,681,1241,0.0,-0.0008333472224535399,0.5560032232070926,0.0
108750,9.374322905381753,0.5560032232070911,560,681,1241,0.0,-0.0008333472224535399,0.5560032232070926,0.0
108751,9.3734895581593,0.5560032232070911,560,681,1241,0.0,-0.0008333472224535399,0.5560032232070926,0.0
108752,9.372656210936846,0.5560032232070911,560,681,1241,0.0,-0.0008333472224535399,0.5560032232070926,0.0
108753,9.371822863714392,0.5560032232070911,560,681,1241,0.0,-0.0008333472224535399,0.5560032232070926,0.0
108754,9.370989516491939,0.5560032232070911,560,681,1241,0.0,-0.0008333472224535399,0.5560032232070926,0.0
108755,9.370156169269485,0.5560032232070911,560,681,1241,0.0,-0.0008333472224535399,0.5560032232070926,0.0
108756,9.369322822047032,0.5560032232070911,560,681,1241,0.0,-0.0008333472224535399,0.5560032232070926,0.0
108757,9.368489474824578,0.5560032232070911,560,681,1241,0.0,-0.0008333472224535399,0.5560032232070926,0.0
108758,9.367656127602125,0.5560032232070911,560,681,1241,0.0,-0.0008333472224535399,0.5560032232070926,0.0
108759,9.366822780379671,0.5560032232070911,560,681,1241,0.0,-0.0008333472224535399,0.5560032232070926,0.0
108760,9.365989433157218,0.5560032232070911,560,681,1241,0.0,-0.0008333472224535399,0.5560032232070926,0.0
108761,9.365156085934764,0.5560032232070911,560,681,1241,0.0,-0.0008333472224535399,0.5560032232070926,0.0
108762,9.36432273871231,0.5560032232070911,560,681,1241,0.0,-0.0008333472224535399,0.5560032232070926,0.0
108763,9.363489391489857,0.5560032232070911,560,681,1241,0.0,-0.0008333472224535399,0.5560032232070926,0.0
108764,9.362656044267403,0.5560032232070911,560,681,1241,0.0,-0.0008333472224535399,0.5560032232070926,0.0
108765,9.36182269704495,0.5560032232070911,560,681,1241,0.0,-0.0008333472224535399,0.5560032232070926,0.0
108766,9.360989349822496,0.5560032232070911,560,681,1241,0.0,-0.0008333472224535399,0.5560032232070926,0.0
108767,9.360156002600043,0.5560032232070911,560,681,1241,0.0,-0.0008333472224535399,0.5560032232070926,0.0
108768,9.35932265537759,0.5560032232070911,560,681,1241,0.0,-0.0008333472224535399,0.5560032232070926,0.0
108769,9.358489308155136,0.556809024979855,560,681,1241,0.0008058017727639033,-0.0008333472224535399,0.5560838033843689,8.058017727639034e-05
108770,9.357655960932682,0.5560032232070911,560,681,1241,-0.0008058017727639033,-0.0008333472224535399,0.5560838033843689,0.0
108771,9.356822613710229,0.5560032232070911,560,681,1241,0.0,-0.0008333472224535399,0.5560838033843689,0.0
108772,9.355989266487775,0.5560032232070911,560,681,1241,0.0,-0.0008333472224535399,0.5560838033843689,0.0
108773,9.355155919265322,0.5560032232070911,560,681,1241,0.0,-0.0008333472224535399,0.5560838033843689,0.0
108774,9.354322572042868,0.5560032232070911,560,681,1241,0.0,-0.0008333472224535399,0.5560838033843689,0.0
108775,9.353489224820414,0.5560032232070911,560,681,1241,0.0,-0.0008333472224535399,0.5560838033843689,0.0
108776,9.352655877597961,0.5560032232070911,560,681,1241,0.0,-0.0008333472224535399,0.5560838033843689,0.0
108777,9.351822530375507,0.5560032232070911,560,681,1241,0.0,-0.0008333472224535399,0.5560838033843689,0.0
108778,9.350989183153054,0.5560032232070911,560,681,1241,0.0,-0.0008333472224535399,0.5560838033843689,0.0
108779,9.3501558359306,0.5560032232070911,560,681,1241,0.0,-0.0008333472224535399,0.5560032232070925,-8.058017727639034e-05
108780,9.349322488708147,0.5560032232070911,560,681,1241,0.0,-0.0008333472224535399,0.5560032232070926,0.0
108781,9.348489141485693,0.5560032232070911,560,681,1241,0.0,-0.0008333472224535399,0.5560032232070926,0.0
108782,9.347655794263233,0.5560032232070911,560,681,1241,0.0,-0.0008333472224606453,0.5560032232070926,0.0
108783,9.346822447040779,0.5560032232070911,560,681,1241,0.0,-0.0008333472224535399,0.5560032232070926,0.0
108784,9.345989099818325,0.5560032232070911,560,681,1241,0.0,-0.0008333472224535399,0.5560032232070926,0.0
108785,9.345155752595872,0.5560032232070911,560,681,1241,0.0,-0.0008333472224535399,0.5560032232070926,0.0
108786,9.344322405373418,0.5560032232070911,560,681,1241,0.0,-0.0008333472224535399,0.5560032232070926,0.0
108787,9.343489058150965,0.5560032232070911,560,681,1241,0.0,-0.0008333472224535399,0.5560032232070926,0.0
108788,9.342655710928511,0.5560032232070911,560,681,1241,0.0,-0.0008333472224535399,0.5560032232070926,0.0
108789,9.341822363706058,0.5560032232070911,560,681,1241,0.0,-0.0008333472224535399,0.5560032232070926,0.0
108790,9.340989016483604,0.5560032232070911,560,681,1241,0.0,-0.0008333472224535399,0.5560032232070926,0.0
108791,9.34015566926115,0.5560032232070911,560,681,1241,0.0,-0.0008333472224535399,0.5560032232070926,0.0
108792,9.339322322038697,0.5560032232070911,560,681,1241,0.0,-0.0008333472224535399,0.5560032232070926,0.0
108793,9.338488974816244,0.5560032232070911,560,681,1241,0.0,-0.0008333472224535399,0.5560032232070926,0.0
108794,9.33765562759379,0.5560032232070911,560,681,1241,0.0,-0.0008333472224535399,0.5560032232070926,0.0
108795,9.336822280371337,0.5560032232070911,560,681,1241,0.0,-0.0008333472224535399,0.5560032232070926,0.0
108796,9.335988933148883,0.5560032232070911,560,681,1241,0.0,-0.0008333472224535399,0.5560032232070926,0.0
108797,9.33515558592643,0.5560032232070911,560,681,1241,0.0,-0.0008333472224535399,0.5560032232070926,0.0
108798,9.334322238703976,0.5560032232070911,560,681,1241,0.0,-0.0008333472224535399,0.5560032232070926,0.0
108799,9.333488891481522,0.5560032232070911,560,681,1241,0.0,-0.0008333472224535399,0.5560032232070926,0.0
108800,9.332655544259069,0.5560032232070911,560,681,1241,0.0,-0.0008333472224535399,0.5560032232070926,0.0
108801,9.331822197036615,0.5551974214343272,560,681,1241,-0.0008058017727639033,-0.0008333472224535399,0.5559226430298162,-8.058017727639034e-05
108802,9.330988849814162,0.5551974214343272,560,681,1241,0.0,-0.0008333472224535399,0.5558420628525399,-8.058017727639034e-05
108803,9.330155502591708,0.5551974214343272,560,681,1241,0.0,-0.0008333472224535399,0.5557614826752635,-8.058017727639034e-05
108804,9.329322155369255,0.5551974214343272,560,681,1241,0.0,-0.0008333472224535399,0.5556809024979872,-8.058017727639034e-05
108805,9.328488808146801,0.5551974214343272,560,681,1241,0.0,-0.0008333472224535399,0.5556003223207109,-8.058017727639034e-05
108806,9.327655460924348,0.5551974214343272,560,681,1241,0.0,-0.0008333472224535399,0.5555197421434345,-8.058017727639034e-05
108807,9.326822113701894,0.5551974214343272,560,681,1241,0.0,-0.0008333472224535399,0.5554391619661582,-8.058017727639034e-05
108808,9.32598876647944,0.5551974214343272,560,681,1241,0.0,-0.0008333472224535399,0.5553585817888818,-8.058017727639034e-05
108809,9.325155419256987,0.5551974214343272,560,681,1241,0.0,-0.0008333472224535399,0.5552780016116055,-8.058017727639034e-05
108810,9.324322072034533,0.5551974214343272,560,681,1241,0.0,-0.0008333472224535399,0.5551974214343292,-8.058017727639034e-05
108811,9.32348872481208,0.5551974214343272,560,681,1241,0.0,-0.0008333472224535399,0.5551974214343292,0.0
108812,9.322655377589626,0.5551974214343272,560,681,1241,0.0,-0.0008333472224535399,0.5551974214343292,0.0
108813,9.321822030367173,0.5551974214343272,560,681,1241,0.0,-0.0008333472224535399,0.5551974214343292,0.0
108814,9.32098868314472,0.5551974214343272,560,681,1241,0.0,-0.0008333472224535399,0.5551974214343292,0.0
108815,9.320155335922266,0.5560032232070911,560,681,1241,0.0008058017727639033,-0.0008333472224535399,0.5552780016116055,8.058017727639034e-05
108816,9.319321988699812,0.5560032232070911,560,681,1241,0.0,-0.0008333472224535399,0.5553585817888818,8.058017727639034e-05
108817,9.318488641477359,0.5560032232070911,560,681,1241,0.0,-0.0008333472224535399,0.5554391619661582,8.058017727639034e-05
108818,9.317655294254905,0.5560032232070911,560,681,1241,0.0,-0.0008333472224535399,0.5555197421434345,8.058017727639034e-05
108819,9.316821947032452,0.5560032232070911,560,681,1241,0.0,-0.0008333472224535399,0.5556003223207109,8.058017727639034e-05
108820,9.315988599809998,0.5560032232070911,560,681,1241,0.0,-0.0008333472224535399,0.5556809024979872,8.058017727639034e-05
108821,9.315155252587545,0.5560032232070911,560,681,1241,0.0,-0.0008333472224535399,0.5557614826752635,8.058017727639034e-05
108822,9.314321905365091,0.5560032232070911,560,681,1241,0.0,-0.0008333472224535399,0.5558420628525399,8.058017727639034e-05
108823,9.313488558142637,0.5560032232070911,560,681,1241,0.0,-0.0008333472224535399,0.5559226430298162,8.058017727639034e-05
108824,9.312655210920177,0.5560032232070911,560,681,1241,0.0,-0.0008333472224606453,0.5560032232070926,8.058017727639034e-05
108825,9.311821863697723,0.5551974214343272,560,681,1241,-0.0008058017727639033,-0.0008333472224535399,0.5559226430298162,-8.058017727639034e-05
108826,9.31098851647527,0.5551974214343272,560,681,1241,0.0,-0.0008333472224535399,0.5558420628525399,-8.058017727639034e-05
108827,9.310155169252816,0.5551974214343272,560,681,1241,0.0,-0.0008333472224535399,0.5557614826752635,-8.058017727639034e-05
108828,9.309321822030363,0.5551974214343272,560,681,1241,0.0,-0.0008333472224535399,0.5556809024979872,-8.058017727639034e-05
108829,9.308488474807909,0.5551974214343272,560,681,1241,0.0,-0.0008333472224535399,0.5556003223207109,-8.058017727639034e-05
108830,9.307655127585456,0.5551974214343272,560,681,1241,0.0,-0.0008333472224535399,0.5555197421434345,-8.058017727639034e-05
108831,9.306821780363002,0.5551974214343272,560,681,1241,0.0,-0.0008333472224535399,0.5554391619661582,-8.058017727639034e-05
108832,9.305988433140548,0.5551974214343272,560,681,1241,0.0,-0.0008333472224535399,0.5553585817888818,-8.058017727639034e-05
108833,9.305155085918095,0.5551974214343272,560,681,1241,0.0,-0.0008333472224535399,0.5552780016116055,-8.058017727639034e-05
108834,9.304321738695641,0.5551974214343272,560,681,1241,0.0,-0.0008333472224535399,0.5551974214343292,-8.058017727639034e-05
108835,9.303488391473188,0.5551974214343272,560,681,1241,0.0,-0.0008333472224535399,0.5551974214343292,0.0
108836,9.302655044250734,0.5551974214343272,560,681,1241,0.0,-0.0008333472224535399,0.5551974214343292,0.0
108837,9.30182169702828,0.5551974214343272,560,681,1241,0.0,-0.0008333472224535399,0.5551974214343292,0.0
108838,9.300988349805827,0.5551974214343272,560,681,1241,0.0,-0.0008333472224535399,0.5551974214343292,0.0
108839,9.300155002583374,0.5551974214343272,560,681,1241,0.0,-0.0008333472224535399,0.5551974214343292,0.0
108840,9.29932165536092,0.5551974214343272,560,681,1241,0.0,-0.0008333472224535399,0.5551974214343292,0.0
108841,9.298488308138467,0.5551974214343272,560,681,1241,0.0,-0.0008333472224535399,0.5551974214343292,0.0
108842,9.297654960916013,0.5551974214343272,560,681,1241,0.0,-0.0008333472224535399,0.5551974214343292,0.0
108843,9.29682161369356,0.5551974214343272,560,681,1241,0.0,-0.0008333472224535399,0.5551974214343292,0.0
108844,9.295988266471106,0.5551974214343272,560,681,1241,0.0,-0.0008333472224535399,0.5551974214343292,0.0
108845,9.295154919248652,0.5551974214343272,560,681,1241,0.0,-0.0008333472224535399,0.5551974214343292,0.0
108846,9.294321572026199,0.5551974214343272,560,681,1241,0.0,-0.0008333472224535399,0.5551974214343292,0.0
108847,9.293488224803745,0.5551974214343272,560,681,1241,0.0,-0.0008333472224535399,0.5551974214343292,0.0
108848,9.292654877581292,0.5551974214343272,560,681,1241,0.0,-0.0008333472224535399,0.5551974214343292,0.0
108849,9.291821530358838,0.5551974214343272,560,681,1241,0.0,-0.0008333472224535399,0.5551974214343292,0.0
108850,9.290988183136385,0.5551974214343272,560,681,1241,0.0,-0.0008333472224535399,0.5551974214343292,0.0
108851,9.290154835913931,0.5551974214343272,560,681,1241,0.0,-0.0008333472224535399,0.5551974214343292,0.0
108852,9.289321488691478,0.5551974214343272,560,681,1241,0.0,-0.0008333472224535399,0.5551974214343292,0.0
108853,9.288488141469024,0.5551974214343272,560,681,1241,0.0,-0.0008333472224535399,0.5551974214343292,0.0
108854,9.28765479424657,0.5551974214343272,560,681,1241,0.0,-0.0008333472224535399,0.5551974214343292,0.0
108855,9.286821447024117,0.5551974214343272,560,681,1241,0.0,-0.0008333472224535399,0.5551974214343292,0.0
108856,9.285988099801664,0.5543916196615633,560,681,1241,-0.0008058017727639033,-0.0008333472224535399,0.5551168412570527,-8.058017727639034e-05
108857,9.28515475257921,0.5543916196615633,560,681,1241,0.0,-0.0008333472224535399,0.5550362610797764,-8.058017727639034e-05
108858,9.284321405356756,0.5543916196615633,560,681,1241,0.0,-0.0008333472224535399,0.5549556809025,-8.058017727639034e-05
108859,9.283488058134303,0.5543916196615633,560,681,1241,0.0,-0.0008333472224535399,0.5548751007252237,-8.058017727639034e-05
108860,9.28265471091185,0.5543916196615633,560,681,1241,0.0,-0.0008333472224535399,0.5547945205479474,-8.058017727639034e-05
108861,9.281821363689396,0.5543916196615633,560,681,1241,0.0,-0.0008333472224535399,0.554713940370671,-8.058017727639034e-05
108862,9.280988016466942,0.5543916196615633,560,681,1241,0.0,-0.0008333472224535399,0.5546333601933947,-8.058017727639034e-05
108863,9.280154669244489,0.5543916196615633,560,681,1241,0.0,-0.0008333472224535399,0.5545527800161183,-8.058017727639034e-05
108864,9.279321322022035,0.5543916196615633,560,681,1241,0.0,-0.0008333472224535399,0.554472199838842,-8.058017727639034e-05
108865,9.278487974799582,0.5543916196615633,560,681,1241,0.0,-0.0008333472224535399,0.5543916196615657,-8.058017727639034e-05
108866,9.277654627577128,0.5543916196615633,560,681,1241,0.0,-0.0008333472224535399,0.5543916196615657,0.0
108867,9.276821280354667,0.5543916196615633,560,681,1241,0.0,-0.0008333472224606453,0.5543916196615657,0.0
108868,9.275987933132214,0.5535858178887993,560,681,1241,-0.0008058017727639033,-0.0008333472224535399,0.5543110394842893,-8.058017727639034e-05
108869,9.27515458590976,0.5535858178887993,560,681,1241,0.0,-0.0008333472224535399,0.554230459307013,-8.058017727639034e-05
108870,9.274321238687307,0.5535858178887993,560,681,1241,0.0,-0.0008333472224535399,0.5541498791297366,-8.058017727639034e-05
108871,9.273487891464853,0.5535858178887993,560,681,1241,0.0,-0.0008333472224535399,0.5540692989524603,-8.058017727639034e-05
108872,9.2726545442424,0.5535858178887993,560,681,1241,0.0,-0.0008333472224535399,0.553988718775184,-8.058017727639034e-05
108873,9.271821197019946,0.5535858178887993,560,681,1241,0.0,-0.0008333472224535399,0.5539081385979076,-8.058017727639034e-05
108874,9.270987849797493,0.5535858178887993,560,681,1241,0.0,-0.0008333472224535399,0.5538275584206312,-8.058017727639034e-05
108875,9.27015450257504,0.5535858178887993,560,681,1241,0.0,-0.0008333472224535399,0.5537469782433548,-8.058017727639034e-05
108876,9.269321155352586,0.5535858178887993,560,681,1241,0.0,-0.0008333472224535399,0.5536663980660785,-8.058017727639034e-05
108877,9.268487808130132,0.5535858178887993,560,681,1241,0.0,-0.0008333472224535399,0.5535858178888022,-8.058017727639034e-05
108878,9.267654460907679,0.5535858178887993,560,681,1241,0.0,-0.0008333472224535399,0.5535858178888022,0.0
108879,9.266821113685225,0.5535858178887993,560,681,1241,0.0,-0.0008333472224535399,0.5535858178888022,0.0
108880,9.265987766462771,0.5535858178887993,560,681,1241,0.0,-0.0008333472224535399,0.5535858178888022,0.0
108881,9.265154419240318,0.5535858178887993,560,681,1241,0.0,-0.0008333472224535399,0.5535858178888022,0.0
108882,9.264321072017864,0.5535858178887993,560,681,1241,0.0,-0.0008333472224535399,0.5535858178888022,0.0
108883,9.26348772479541,0.5535858178887993,560,681,1241,0.0,-0.0008333472224535399,0.5535858178888022,0.0
108884,9.262654377572957,0.5535858178887993,560,681,1241,0.0,-0.0008333472224535399,0.5535858178888022,0.0
108885,9.261821030350504,0.5535858178887993,560,681,1241,0.0,-0.0008333472224535399,0.5535858178888022,0.0
108886,9.26098768312805,0.5535858178887993,560,681,1241,0.0,-0.0008333472224535399,0.5535858178888022,0.0
108887,9.260154335905597,0.5535858178887993,560,681,1241,0.0,-0.0008333472224535399,0.5535858178888022,0.0
108888,9.259320988683143,0.5535858178887993,560,681,1241,0.0,-0.0008333472224535399,0.5535858178888022,0.0
108889,9.25848764146069,0.5527800161160354,560,681,1241,-0.0008058017727639033,-0.0008333472224535399,0.5535052377115257,-8.058017727639034e-05
108890,9.257654294238236,0.5527800161160354,560,681,1241,0.0,-0.0008333472224535399,0.5534246575342494,-8.058017727639034e-05
108891,9.256820947015783,0.5527800161160354,560,681,1241,0.0,-0.0008333472224535399,0.5533440773569731,-8.058017727639034e-05
108892,9.255987599793329,0.5527800161160354,560,681,1241,0.0,-0.0008333472224535399,0.5532634971796967,-8.058017727639034e-05
108893,9.255154252570875,0.5527800161160354,560,681,1241,0.0,-0.0008333472224535399,0.5531829170024204,-8.058017727639034e-05
108894,9.254320905348422,0.5527800161160354,560,681,1241,0.0,-0.0008333472224535399,0.553102336825144,-8.058017727639034e-05
108895,9.253487558125968,0.5527800161160354,560,681,1241,0.0,-0.0008333472224535399,0.5530217566478677,-8.058017727639034e-05
108896,9.252654210903515,0.5527800161160354,560,681,1241,0.0,-0.0008333472224535399,0.5529411764705914,-8.058017727639034e-05
108897,9.251820863681061,0.5527800161160354,560,681,1241,0.0,-0.0008333472224535399,0.552860596293315,-8.058017727639034e-05
108898,9.250987516458608,0.5527800161160354,560,681,1241,0.0,-0.0008333472224535399,0.5527800161160387,-8.058017727639034e-05
108899,9.250154169236154,0.5527800161160354,560,681,1241,0.0,-0.0008333472224535399,0.5527800161160388,0.0
108900,9.2493208220137,0.5527800161160354,560,681,1241,0.0,-0.0008333472224535399,0.5527800161160388,0.0
108901,9.248487474791247,0.5527800161160354,560,681,1241,0.0,-0.0008333472224535399,0.5527800161160388,0.0
108902,9.247654127568794,0.5527800161160354,560,681,1241,0.0,-0.0008333472224535399,0.5527800161160388,0.0
108903,9.24682078034634,0.5527800161160354,560,681,1241,0.0,-0.0008333472224535399,0.5527800161160388,0.0
108904,9.245987433123886,0.5527800161160354,560,681,1241,0.0,-0.0008333472224535399,0.5527800161160388,0.0
108905,9.245154085901433,0.5527800161160354,560,681,1241,0.0,-0.0008333472224535399,0.5527800161160388,0.0
108906,9.24432073867898,0.5535858178887993,560,681,1241,0.0008058017727639033,-0.0008333472224535399,0.5528605962933151,8.058017727639034e-05
108907,9.243487391456526,0.5535858178887993,560,681,1241,0.0,-0.0008333472224535399,0.5529411764705914,8.058017727639034e-05
108908,9.242654044234072,0.5535858178887993,560,681,1241,0.0,-0.0008333472224535399,0.5530217566478678,8.058017727639034e-05
108909,9.241820697011612,0.5535858178887993,560,681,1241,0.0,-0.0008333472224606453,0.5531023368251441,8.058017727639034e-05
108910,9.240987349789158,0.5535858178887993,560,681,1241,0.0,-0.0008333472224535399,0.5531829170024205,8.058017727639034e-05
108911,9.240154002566705,0.5535858178887993,560,681,1241,0.0,-0.0008333472224535399,0.5532634971796968,8.058017727639034e-05
108912,9.239320655344251,0.5535858178887993,560,681,1241,0.0,-0.0008333472224535399,0.5533440773569731,8.058017727639034e-05
108913,9.238487308121798,0.5535858178887993,560,681,1241,0.0,-0.0008333472224535399,0.5534246575342495,8.058017727639034e-05
108914,9.237653960899344,0.5535858178887993,560,681,1241,0.0,-0.0008333472224535399,0.5535052377115258,8.058017727639034e-05
108915,9.23682061367689,0.5535858178887993,560,681,1241,0.0,-0.0008333472224535399,0.5535858178888022,8.058017727639034e-05
108916,9.235987266454437,0.5535858178887993,560,681,1241,0.0,-0.0008333472224535399,0.5535858178888022,0.0
108917,9.235153919231983,0.5535858178887993,560,681,1241,0.0,-0.0008333472224535399,0.5535858178888022,0.0
108918,9.23432057200953,0.5535858178887993,560,681,1241,0.0,-0.0008333472224535399,0.5535858178888022,0.0
108919,9.233487224787076,0.5535858178887993,560,681,1241,0.0,-0.0008333472224535399,0.5535858178888022,0.0
108920,9.232653877564623,0.5535858178887993,560,681,1241,0.0,-0.0008333472224535399,0.5535858178888022,0.0
108921,9.23182053034217,0.5535858178887993,560,681,1241,0.0,-0.0008333472224535399,0.5535858178888022,0.0
108922,9.230987183119716,0.5535858178887993,560,681,1241,0.0,-0.0008333472224535399,0.5535858178888022,0.0
108923,9.230153835897262,0.5535858178887993,560,681,1241,0.0,-0.0008333472224535399,0.5535858178888022,0.0
108924,9.229320488674809,0.5535858178887993,560,681,1241,0.0,-0.0008333472224535399,0.5535858178888022,0.0
108925,9.228487141452355,0.5535858178887993,560,681,1241,0.0,-0.0008333472224535399,0.5535858178888022,0.0
108926,9.227653794229902,0.5535858178887993,560,681,1241,0.0,-0.0008333472224535399,0.5535858178888022,0.0
108927,9.226820447007448,0.5535858178887993,560,681,1241,0.0,-0.0008333472224535399,0.5535858178888022,0.0
108928,9.225987099784994,0.5535858178887993,560,681,1241,0.0,-0.0008333472224535399,0.5535858178888022,0.0
108929,9.22515375256254,0.5535858178887993,560,681,1241,0.0,-0.0008333472224535399,0.5535858178888022,0.0
108930,9.224320405340087,0.5535858178887993,560,681,1241,0.0,-0.0008333472224535399,0.5535858178888022,0.0
108931,9.223487058117634,0.5535858178887993,560,681,1241,0.0,-0.0008333472224535399,0.5535858178888022,0.0
108932,9.22265371089518,0.5535858178887993,560,681,1241,0.0,-0.0008333472224535399,0.5535858178888022,0.0
108933,9.221820363672727,0.5535858178887993,560,681,1241,0.0,-0.0008333472224535399,0.5535858178888022,0.0
108934,9.220987016450273,0.5535858178887993,560,681,1241,0.0,-0.0008333472224535399,0.5535858178888022,0.0
108935,9.22015366922782,0.5535858178887993,560,681,1241,0.0,-0.0008333472224535399,0.5535858178888022,0.0
108936,9.219320322005366,0.5535858178887993,560,681,1241,0.0,-0.0008333472224535399,0.5535858178888022,0.0
108937,9.218486974782913,0.5535858178887993,560,681,1241,0.0,-0.0008333472224535399,0.5535858178888022,0.0
108938,9.217653627560459,0.5535858178887993,560,681,1241,0.0,-0.0008333472224535399,0.5535858178888022,0.0
108939,9.216820280338005,0.5535858178887993,560,681,1241,0.0,-0.0008333472224535399,0.5535858178888022,0.0
108940,9.215986933115552,0.5535858178887993,560,681,1241,0.0,-0.0008333472224535399,0.5535858178888022,0.0
108941,9.215153585893098,0.5535858178887993,560,681,1241,0.0,-0.0008333472224535399,0.5535858178888022,0.0
108942,9.214320238670645,0.5535858178887993,560,681,1241,0.0,-0.0008333472224535399,0.5535858178888022,0.0
108943,9.213486891448191,0.5535858178887993,560,681,1241,0.0,-0.0008333472224535399,0.5535858178888022,0.0
108944,9.212653544225738,0.5535858178887993,560,681,1241,0.0,-0.0008333472224535399,0.5535858178888022,0.0
108945,9.211820197003284,0.5535858178887993,560,681,1241,0.0,-0.0008333472224535399,0.5535858178888022,0.0
108946,9.21098684978083,0.5535858178887993,560,681,1241,0.0,-0.0008333472224535399,0.5535858178888022,0.0
108947,9.210153502558377,0.5535858178887993,560,681,1241,0.0,-0.0008333472224535399,0.5535858178888022,0.0
108948,9.209320155335924,0.5535858178887993,560,681,1241,0.0,-0.0008333472224535399,0.5535858178888022,0.0
108949,9.20848680811347,0.5535858178887993,560,681,1241,0.0,-0.0008333472224535399,0.5535858178888022,0.0
108950,9.207653460891017,0.5535858178887993,560,681,1241,0.0,-0.0008333472224535399,0.5535858178888022,0.0
108951,9.206820113668556,0.5535858178887993,560,681,1241,0.0,-0.0008333472224606453,0.5535858178888022,0.0
108952,9.205986766446102,0.5535858178887993,560,681,1241,0.0,-0.0008333472224535399,0.5535858178888022,0.0
108953,9.205153419223649,0.5535858178887993,560,681,1241,0.0,-0.0008333472224535399,0.5535858178888022,0.0
108954,9.204320072001195,0.5527800161160354,560,681,1241,-0.0008058017727639033,-0.0008333472224535399,0.5535052377115257,-8.058017727639034e-05
108955,9.203486724778742,0.5527800161160354,560,681,1241,0.0,-0.0008333472224535399,0.5534246575342494,-8.058017727639034e-05
108956,9.202653377556288,0.5527800161160354,560,681,1241,0.0,-0.0008333472224535399,0.5533440773569731,-8.058017727639034e-05
108957,9.201820030333835,0.5527800161160354,560,681,1241,0.0,-0.0008333472224535399,0.5532634971796967,-8.058017727639034e-05
108958,9.200986683111381,0.5527800161160354,560,681,1241,0.0,-0.0008333472224535399,0.5531829170024204,-8.058017727639034e-05
108959,9.200153335888928,0.5527800161160354,560,681,1241,0.0,-0.0008333472224535399,0.553102336825144,-8.058017727639034e-05
108960,9.199319988666474,0.5519742143432715,560,681,1241,-0.0008058017727639033,-0.0008333472224535399,0.5529411764705913,-0.00016116035455278067
108961,9.19848664144402,0.5519742143432715,560,681,1241,0.0,-0.0008333472224535399,0.5527800161160384,-0.00016116035455278067
108962,9.197653294221567,0.5519742143432715,560,681,1241,0.0,-0.0008333472224535399,0.5526188557614857,-0.00016116035455278067
108963,9.196819946999113,0.5519742143432715,560,681,1241,0.0,-0.0008333472224535399,0.5524576954069329,-0.00016116035455278067
108964,9.19598659977666,0.5519742143432715,560,681,1241,0.0,-0.0008333472224535399,0.5523771152296565,-8.058017727639034e-05
108965,9.195153252554206,0.5519742143432715,560,681,1241,0.0,-0.0008333472224535399,0.5522965350523801,-8.058017727639034e-05
108966,9.194319905331753,0.5519742143432715,560,681,1241,0.0,-0.0008333472224535399,0.5522159548751038,-8.058017727639034e-05
108967,9.1934865581093,0.5519742143432715,560,681,1241,0.0,-0.0008333472224535399,0.5521353746978275,-8.058017727639034e-05
108968,9.192653210886846,0.5519742143432715,560,681,1241,0.0,-0.0008333472224535399,0.5520547945205511,-8.058017727639034e-05
108969,9.191819863664392,0.5519742143432715,560,681,1241,0.0,-0.0008333472224535399,0.5519742143432748,-8.058017727639034e-05
108970,9.190986516441939,0.5519742143432715,560,681,1241,0.0,-0.0008333472224535399,0.5519742143432748,0.0
108971,9.190153169219485,0.5519742143432715,560,681,1241,0.0,-0.0008333472224535399,0.5519742143432748,0.0
108972,9.189319821997032,0.5519742143432715,560,681,1241,0.0,-0.0008333472224535399,0.5519742143432748,0.0
108973,9.188486474774578,0.5519742143432715,560,681,1241,0.0,-0.0008333472224535399,0.5519742143432748,0.0
108974,9.187653127552124,0.5519742143432715,560,681,1241,0.0,-0.0008333472224535399,0.5519742143432748,0.0
108975,9.186819780329671,0.5519742143432715,560,681,1241,0.0,-0.0008333472224535399,0.5519742143432748,0.0
108976,9.185986433107217,0.5519742143432715,560,681,1241,0.0,-0.0008333472224535399,0.5519742143432748,0.0
108977,9.185153085884764,0.5519742143432715,560,681,1241,0.0,-0.0008333472224535399,0.5519742143432748,0.0
108978,9.18431973866231,0.5519742143432715,560,681,1241,0.0,-0.0008333472224535399,0.5519742143432748,0.0
108979,9.183486391439857,0.5519742143432715,560,681,1241,0.0,-0.0008333472224535399,0.5519742143432748,0.0
108980,9.182653044217403,0.5519742143432715,560,681,1241,0.0,-0.0008333472224535399,0.5519742143432748,0.0
108981,9.18181969699495,0.5519742143432715,560,681,1241,0.0,-0.0008333472224535399,0.5519742143432748,0.0
108982,9.180986349772496,0.5519742143432715,560,681,1241,0.0,-0.0008333472224535399,0.5519742143432748,0.0
108983,9.180153002550043,0.5519742143432715,560,681,1241,0.0,-0.0008333472224535399,0.5519742143432748,0.0
108984,9.179319655327589,0.5519742143432715,560,681,1241,0.0,-0.0008333472224535399,0.5519742143432748,0.0
108985,9.178486308105136,0.5519742143432715,560,681,1241,0.0,-0.0008333472224535399,0.5519742143432748,0.0
108986,9.177652960882682,0.5519742143432715,560,681,1241,0.0,-0.0008333472224535399,0.5519742143432748,0.0
108987,9.176819613660228,0.5519742143432715,560,681,1241,0.0,-0.0008333472224535399,0.5519742143432748,0.0
108988,9.175986266437775,0.5519742143432715,560,681,1241,0.0,-0.0008333472224535399,0.5519742143432748,0.0
108989,9.175152919215321,0.5519742143432715,560,681,1241,0.0,-0.0008333472224535399,0.5519742143432748,0.0
108990,9.174319571992868,0.5519742143432715,560,681,1241,0.0,-0.0008333472224535399,0.5519742143432748,0.0
108991,9.173486224770414,0.5519742143432715,560,681,1241,0.0,-0.0008333472224535399,0.5519742143432748,0.0
108992,9.17265287754796,0.5519742143432715,560,681,1241,0.0,-0.0008333472224535399,0.5519742143432748,0.0
108993,9.171819530325507,0.5519742143432715,560,681,1241,0.0,-0.0008333472224535399,0.5519742143432748,0.0
108994,9.170986183103047,0.5519742143432715,560,681,1241,0.0,-0.0008333472224606453,0.5519742143432748,0.0
108995,9.170152835880593,0.5519742143432715,560,681,1241,0.0,-0.0008333472224535399,0.5519742143432748,0.0
108996,9.16931948865814,0.5519742143432715,560,681,1241,0.0,-0.0008333472224535399,0.5519742143432748,0.0
108997,9.168486141435686,0.5519742143432715,560,681,1241,0.0,-0.0008333472224535399,0.5519742143432748,0.0
108998,9.167652794213232,0.5519742143432715,560,681,1241,0.0,-0.0008333472224535399,0.5519742143432748,0.0
108999,9.166819446990779,0.5519742143432715,560,681,1241,0.0,-0.0008333472224535399,0.5519742143432748,0.0
109000,9.165986099768325,0.5519742143432715,560,681,1241,0.0,-0.0008333472224535399,0.5519742143432748,0.0
109001,9.165152752545872,0.5519742143432715,560,681,1241,0.0,-0.0008333472224535399,0.5519742143432748,0.0
109002,9.164319405323418,0.5519742143432715,560,681,1241,0.0,-0.0008333472224535399,0.5519742143432748,0.0
109003,9.163486058100965,0.5519742143432715,560,681,1241,0.0,-0.0008333472224535399,0.5519742143432748,0.0
109004,9.162652710878511,0.5519742143432715,560,681,1241,0.0,-0.0008333472224535399,0.5519742143432748,0.0
109005,9.161819363656058,0.5519742143432715,560,681,1241,0.0,-0.0008333472224535399,0.5519742143432748,0.0
109006,9.160986016433604,0.5519742143432715,560,681,1241,0.0,-0.0008333472224535399,0.5519742143432748,0.0
109007,9.16015266921115,0.5519742143432715,560,681,1241,0.0,-0.0008333472224535399,0.5519742143432748,0.0
109008,9.159319321988697,0.5519742143432715,560,681,1241,0.0,-0.0008333472224535399,0.5519742143432748,0.0
109009,9.158485974766243,0.5519742143432715,560,681,1241,0.0,-0.0008333472224535399,0.5519742143432748,0.0
109010,9.15765262754379,0.5519742143432715,560,681,1241,0.0,-0.0008333472224535399,0.5519742143432748,0.0
109011,9.156819280321336,0.5519742143432715,560,681,1241,0.0,-0.0008333472224535399,0.5519742143432748,0.0
109012,9.155985933098883,0.5519742143432715,560,681,1241,0.0,-0.0008333472224535399,0.5519742143432748,0.0
109013,9.15515258587643,0.5519742143432715,560,681,1241,0.0,-0.0008333472224535399,0.5519742143432748,0.0
109014,9.154319238653976,0.5519742143432715,560,681,1241,0.0,-0.0008333472224535399,0.5519742143432748,0.0
109015,9.153485891431522,0.5519742143432715,560,681,1241,0.0,-0.0008333472224535399,0.5519742143432748,0.0
109016,9.152652544209069,0.5511684125705076,560,681,1241,-0.0008058017727639033,-0.0008333472224535399,0.5518936341659983,-8.058017727639034e-05
109017,9.151819196986615,0.5511684125705076,560,681,1241,0.0,-0.0008333472224535399,0.551813053988722,-8.058017727639034e-05
109018,9.150985849764162,0.5511684125705076,560,681,1241,0.0,-0.0008333472224535399,0.5517324738114457,-8.058017727639034e-05
109019,9.150152502541708,0.5511684125705076,560,681,1241,0.0,-0.0008333472224535399,0.5516518936341693,-8.058017727639034e-05
109020,9.149319155319255,0.5511684125705076,560,681,1241,0.0,-0.0008333472224535399,0.551571313456893,-8.058017727639034e-05
109021,9.148485808096801,0.5511684125705076,560,681,1241,0.0,-0.0008333472224535399,0.5514907332796166,-8.058017727639034e-05
109022,9.147652460874347,0.5511684125705076,560,681,1241,0.0,-0.0008333472224535399,0.5514101531023403,-8.058017727639034e-05
109023,9.146819113651894,0.5511684125705076,560,681,1241,0.0,-0.0008333472224535399,0.551329572925064,-8.058017727639034e-05
109024,9.14598576642944,0.5511684125705076,560,681,1241,0.0,-0.0008333472224535399,0.5512489927477876,-8.058017727639034e-05
109025,9.145152419206987,0.5511684125705076,560,681,1241,0.0,-0.0008333472224535399,0.5511684125705113,-8.058017727639034e-05
109026,9.144319071984533,0.5519742143432715,560,681,1241,0.0008058017727639033,-0.0008333472224535399,0.5512489927477876,8.058017727639034e-05
109027,9.14348572476208,0.5519742143432715,560,681,1241,0.0,-0.0008333472224535399,0.551329572925064,8.058017727639034e-05
109028,9.142652377539626,0.5519742143432715,560,681,1241,0.0,-0.0008333472224535399,0.5514101531023403,8.058017727639034e-05
109029,9.141819030317173,0.5519742143432715,560,681,1241,0.0,-0.0008333472224535399,0.5514907332796166,8.058017727639034e-05
109030,9.14098568309472,0.5527800161160354,560,681,1241,0.0008058017727639033,-0.0008333472224535399,0.5516518936341693,0.00016116035455278067
109031,9.140152335872266,0.5527800161160354,560,681,1241,0.0,-0.0008333472224535399,0.551813053988722,0.00016116035455278067
109032,9.139318988649812,0.5527800161160354,560,681,1241,0.0,-0.0008333472224535399,0.5519742143432748,0.00016116035455278067
109033,9.138485641427359,0.5527800161160354,560,681,1241,0.0,-0.0008333472224535399,0.5521353746978275,0.00016116035455278067
109034,9.137652294204905,0.5527800161160354,560,681,1241,0.0,-0.0008333472224535399,0.5522965350523801,0.00016116035455278067
109035,9.136818946982451,0.5535858178887993,560,681,1241,0.0008058017727639033,-0.0008333472224535399,0.5525382755842093,0.00024174053182917098
109036,9.13598559975999,0.5535858178887993,560,681,1241,0.0,-0.0008333472224606453,0.5526994359387621,0.00016116035455278067
109037,9.135152252537537,0.5535858178887993,560,681,1241,0.0,-0.0008333472224535399,0.5528605962933149,0.00016116035455278067
109038,9.134318905315084,0.5535858178887993,560,681,1241,0.0,-0.0008333472224535399,0.5530217566478677,0.00016116035455278067
109039,9.13348555809263,0.5535858178887993,560,681,1241,0.0,-0.0008333472224535399,0.5531829170024205,0.00016116035455278067
109040,9.132652210870177,0.5535858178887993,560,681,1241,0.0,-0.0008333472224535399,0.5532634971796968,8.058017727639034e-05
109041,9.131818863647723,0.5535858178887993,560,681,1241,0.0,-0.0008333472224535399,0.5533440773569731,8.058017727639034e-05
109042,9.13098551642527,0.5535858178887993,560,681,1241,0.0,-0.0008333472224535399,0.5534246575342495,8.058017727639034e-05
109043,9.130152169202816,0.5535858178887993,560,681,1241,0.0,-0.0008333472224535399,0.5535052377115258,8.058017727639034e-05
109044,9.129318821980362,0.5535858178887993,560,681,1241,0.0,-0.0008333472224535399,0.5535858178888022,8.058017727639034e-05
109045,9.128485474757909,0.5535858178887993,560,681,1241,0.0,-0.0008333472224535399,0.5535858178888022,0.0
109046,9.127652127535455,0.5535858178887993,560,681,1241,0.0,-0.0008333472224535399,0.5535858178888022,0.0
109047,9.126818780313002,0.5535858178887993,560,681,1241,0.0,-0.0008333472224535399,0.5535858178888022,0.0
109048,9.125985433090548,0.5535858178887993,560,681,1241,0.0,-0.0008333472224535399,0.5535858178888022,0.0
109049,9.125152085868095,0.5535858178887993,560,681,1241,0.0,-0.0008333472224535399,0.5535858178888022,0.0
109050,9.124318738645641,0.5535858178887993,560,681,1241,0.0,-0.0008333472224535399,0.5535858178888022,0.0
109051,9.123485391423188,0.5535858178887993,560,681,1241,0.0,-0.0008333472224535399,0.5535858178888022,0.0
109052,9.122652044200734,0.5535858178887993,560,681,1241,0.0,-0.0008333472224535399,0.5535858178888022,0.0
109053,9.12181869697828,0.5535858178887993,560,681,1241,0.0,-0.0008333472224535399,0.5535858178888022,0.0
109054,9.120985349755827,0.5535858178887993,560,681,1241,0.0,-0.0008333472224535399,0.5535858178888022,0.0
109055,9.120152002533374,0.5535858178887993,560,681,1241,0.0,-0.0008333472224535399,0.5535858178888022,0.0
109056,9.11931865531092,0.5535858178887993,560,681,1241,0.0,-0.0008333472224535399,0.5535858178888022,0.0
109057,9.118485308088466,0.5535858178887993,560,681,1241,0.0,-0.0008333472224535399,0.5535858178888022,0.0
109058,9.117651960866013,0.5535858178887993,560,681,1241,0.0,-0.0008333472224535399,0.5535858178888022,0.0
109059,9.11681861364356,0.5535858178887993,560,681,1241,0.0,-0.0008333472224535399,0.5535858178888022,0.0
109060,9.115985266421106,0.5535858178887993,560,681,1241,0.0,-0.0008333472224535399,0.5535858178888022,0.0
109061,9.115151919198652,0.5535858178887993,560,681,1241,0.0,-0.0008333472224535399,0.5535858178888022,0.0
109062,9.114318571976199,0.5535858178887993,560,681,1241,0.0,-0.0008333472224535399,0.5535858178888022,0.0
109063,9.113485224753745,0.5535858178887993,560,681,1241,0.0,-0.0008333472224535399,0.5535858178888022,0.0
109064,9.112651877531292,0.5535858178887993,560,681,1241,0.0,-0.0008333472224535399,0.5535858178888022,0.0
109065,9.111818530308838,0.5535858178887993,560,681,1241,0.0,-0.0008333472224535399,0.5535858178888022,0.0
109066,9.110985183086385,0.5535858178887993,560,681,1241,0.0,-0.0008333472224535399,0.5535858178888022,0.0
109067,9.110151835863931,0.5535858178887993,560,681,1241,0.0,-0.0008333472224535399,0.5535858178888022,0.0
109068,9.109318488641478,0.5535858178887993,560,681,1241,0.0,-0.0008333472224535399,0.5535858178888022,0.0
109069,9.108485141419024,0.5535858178887993,560,681,1241,0.0,-0.0008333472224535399,0.5535858178888022,0.0
109070,9.10765179419657,0.5535858178887993,560,681,1241,0.0,-0.0008333472224535399,0.5535858178888022,0.0
109071,9.106818446974117,0.5535858178887993,560,681,1241,0.0,-0.0008333472224535399,0.5535858178888022,0.0
109072,9.105985099751663,0.5535858178887993,560,681,1241,0.0,-0.0008333472224535399,0.5535858178888022,0.0
109073,9.10515175252921,0.5535858178887993,560,681,1241,0.0,-0.0008333472224535399,0.5535858178888022,0.0
109074,9.104318405306756,0.5535858178887993,560,681,1241,0.0,-0.0008333472224535399,0.5535858178888022,0.0
109075,9.103485058084303,0.5527800161160354,560,681,1241,-0.0008058017727639033,-0.0008333472224535399,0.5535052377115257,-8.058017727639034e-05
109076,9.10265171086185,0.5527800161160354,560,681,1241,0.0,-0.0008333472224535399,0.5534246575342494,-8.058017727639034e-05
109077,9.101818363639396,0.5527800161160354,560,681,1241,0.0,-0.0008333472224535399,0.5533440773569731,-8.058017727639034e-05
109078,9.100985016416935,0.5527800161160354,560,681,1241,0.0,-0.0008333472224606453,0.5532634971796967,-8.058017727639034e-05
109079,9.100151669194481,0.5527800161160354,560,681,1241,0.0,-0.0008333472224535399,0.5531829170024204,-8.058017727639034e-05
109080,9.099318321972028,0.5527800161160354,560,681,1241,0.0,-0.0008333472224535399,0.553102336825144,-8.058017727639034e-05
109081,9.098484974749574,0.5527800161160354,560,681,1241,0.0,-0.0008333472224535399,0.5530217566478677,-8.058017727639034e-05
109082,9.09765162752712,0.5535858178887993,560,681,1241,0.0008058017727639033,-0.0008333472224535399,0.5530217566478677,0.0
109083,9.096818280304667,0.5535858178887993,560,681,1241,0.0,-0.0008333472224535399,0.5530217566478677,0.0
109084,9.095984933082214,0.5535858178887993,560,681,1241,0.0,-0.0008333472224535399,0.5530217566478677,0.0
109085,9.09515158585976,0.5535858178887993,560,681,1241,0.0,-0.0008333472224535399,0.5531023368251441,8.058017727639034e-05
109086,9.094318238637307,0.5535858178887993,560,681,1241,0.0,-0.0008333472224535399,0.5531829170024205,8.058017727639034e-05
109087,9.093484891414853,0.5535858178887993,560,681,1241,0.0,-0.0008333472224535399,0.5532634971796968,8.058017727639034e-05
109088,9.0926515441924,0.5535858178887993,560,681,1241,0.0,-0.0008333472224535399,0.5533440773569731,8.058017727639034e-05
109089,9.091818196969946,0.5535858178887993,560,681,1241,0.0,-0.0008333472224535399,0.5534246575342495,8.058017727639034e-05
109090,9.090984849747493,0.5535858178887993,560,681,1241,0.0,-0.0008333472224535399,0.5535052377115258,8.058017727639034e-05
109091,9.090151502525039,0.5535858178887993,560,681,1241,0.0,-0.0008333472224535399,0.5535858178888022,8.058017727639034e-05
109092,9.089318155302585,0.5535858178887993,560,681,1241,0.0,-0.0008333472224535399,0.5535858178888022,0.0
109093,9.088484808080132,0.5535858178887993,560,681,1241,0.0,-0.0008333472224535399,0.5535858178888022,0.0
109094,9.087651460857678,0.5535858178887993,560,681,1241,0.0,-0.0008333472224535399,0.5535858178888022,0.0
109095,9.086818113635225,0.5535858178887993,560,681,1241,0.0,-0.0008333472224535399,0.5535858178888022,0.0
109096,9.085984766412771,0.5527800161160354,560,681,1241,-0.0008058017727639033,-0.0008333472224535399,0.5535052377115257,-8.058017727639034e-05
109097,9.085151419190318,0.5527800161160354,560,681,1241,0.0,-0.0008333472224535399,0.5534246575342494,-8.058017727639034e-05
109098,9.084318071967864,0.5527800161160354,560,681,1241,0.0,-0.0008333472224535399,0.5533440773569731,-8.058017727639034e-05
109099,9.08348472474541,0.5527800161160354,560,681,1241,0.0,-0.0008333472224535399,0.5532634971796967,-8.058017727639034e-05
109100,9.082651377522957,0.5527800161160354,560,681,1241,0.0,-0.0008333472224535399,0.5531829170024204,-8.058017727639034e-05
109101,9.081818030300504,0.5527800161160354,560,681,1241,0.0,-0.0008333472224535399,0.553102336825144,-8.058017727639034e-05
109102,9.08098468307805,0.5527800161160354,560,681,1241,0.0,-0.0008333472224535399,0.5530217566478677,-8.058017727639034e-05
109103,9.080151335855597,0.5527800161160354,560,681,1241,0.0,-0.0008333472224535399,0.5529411764705914,-8.058017727639034e-05
109104,9.079317988633143,0.5527800161160354,560,681,1241,0.0,-0.0008333472224535399,0.552860596293315,-8.058017727639034e-05
109105,9.07848464141069,0.5527800161160354,560,681,1241,0.0,-0.0008333472224535399,0.5527800161160387,-8.058017727639034e-05
109106,9.077651294188236,0.5527800161160354,560,681,1241,0.0,-0.0008333472224535399,0.5527800161160388,0.0
109107,9.076817946965782,0.5535858178887993,560,681,1241,0.0008058017727639033,-0.0008333472224535399,0.5528605962933151,8.058017727639034e-05
109108,9.075984599743329,0.5535858178887993,560,681,1241,0.0,-0.0008333472224535399,0.5529411764705914,8.058017727639034e-05
109109,9.075151252520875,0.5535858178887993,560,681,1241,0.0,-0.0008333472224535399,0.5530217566478678,8.058017727639034e-05
109110,9.074317905298422,0.5543916196615633,560,681,1241,0.0008058017727639033,-0.0008333472224535399,0.5531829170024206,0.00016116035455278067
109111,9.073484558075968,0.5543916196615633,560,681,1241,0.0,-0.0008333472224535399,0.5533440773569736,0.00016116035455278067
109112,9.072651210853515,0.5543916196615633,560,681,1241,0.0,-0.0008333472224535399,0.5535052377115264,0.00016116035455278067
109113,9.071817863631061,0.5543916196615633,560,681,1241,0.0,-0.0008333472224535399,0.5536663980660792,0.00016116035455278067
109114,9.070984516408608,0.5551974214343272,560,681,1241,0.0008058017727639033,-0.0008333472224535399,0.5539081385979084,0.00024174053182917098
109115,9.070151169186154,0.5551974214343272,560,681,1241,0.0,-0.0008333472224535399,0.5541498791297377,0.00024174053182917098
109116,9.0693178219637,0.5551974214343272,560,681,1241,0.0,-0.0008333472224535399,0.5543916196615669,0.00024174053182917098
109117,9.068484474741247,0.5551974214343272,560,681,1241,0.0,-0.0008333472224535399,0.5545527800161196,0.00016116035455278067
109118,9.067651127518793,0.5551974214343272,560,681,1241,0.0,-0.0008333472224535399,0.5547139403706725,0.00016116035455278067
109119,9.06681778029634,0.5551974214343272,560,681,1241,0.0,-0.0008333472224535399,0.5548751007252253,0.00016116035455278067
109120,9.065984433073886,0.5551974214343272,560,681,1241,0.0,-0.0008333472224535399,0.5549556809025017,8.058017727639034e-05
109121,9.065151085851426,0.5551974214343272,560,681,1241,0.0,-0.0008333472224606453,0.555036261079778,8.058017727639034e-05
109122,9.064317738628972,0.5551974214343272,560,681,1241,0.0,-0.0008333472224535399,0.5551168412570544,8.058017727639034e-05
109123,9.063484391406519,0.5551974214343272,560,681,1241,0.0,-0.0008333472224535399,0.5551974214343307,8.058017727639034e-05
109124,9.062651044184065,0.5551974214343272,560,681,1241,0.0,-0.0008333472224535399,0.5551974214343307,0.0
109125,9.061817696961612,0.5551974214343272,560,681,1241,0.0,-0.0008333472224535399,0.5551974214343307,0.0
109126,9.060984349739158,0.5551974214343272,560,681,1241,0.0,-0.0008333472224535399,0.5551974214343307,0.0
109127,9.060151002516704,0.5551974214343272,560,681,1241,0.0,-0.0008333472224535399,0.5551974214343307,0.0
109128,9.059317655294251,0.5551974214343272,560,681,1241,0.0,-0.0008333472224535399,0.5551974214343307,0.0
109129,9.058484308071797,0.5551974214343272,560,681,1241,0.0,-0.0008333472224535399,0.5551974214343307,0.0
109130,9.057650960849344,0.5551974214343272,560,681,1241,0.0,-0.0008333472224535399,0.5551974214343307,0.0
109131,9.05681761362689,0.5551974214343272,560,681,1241,0.0,-0.0008333472224535399,0.5551974214343307,0.0
109132,9.055984266404437,0.5551974214343272,560,681,1241,0.0,-0.0008333472224535399,0.5551974214343307,0.0
109133,9.055150919181983,0.5551974214343272,560,681,1241,0.0,-0.0008333472224535399,0.5551974214343307,0.0
109134,9.05431757195953,0.5551974214343272,560,681,1241,0.0,-0.0008333472224535399,0.5551974214343307,0.0
109135,9.053484224737076,0.5551974214343272,560,681,1241,0.0,-0.0008333472224535399,0.5551974214343307,0.0
109136,9.052650877514623,0.5551974214343272,560,681,1241,0.0,-0.0008333472224535399,0.5551974214343307,0.0
109137,9.051817530292169,0.5551974214343272,560,681,1241,0.0,-0.0008333472224535399,0.5551974214343307,0.0
109138,9.050984183069716,0.5551974214343272,560,681,1241,0.0,-0.0008333472224535399,0.5551974214343307,0.0
109139,9.050150835847262,0.5551974214343272,560,681,1241,0.0,-0.0008333472224535399,0.5551974214343307,0.0
109140,9.049317488624808,0.5551974214343272,560,681,1241,0.0,-0.0008333472224535399,0.5551974214343307,0.0
109141,9.048484141402355,0.5551974214343272,560,681,1241,0.0,-0.0008333472224535399,0.5551974214343307,0.0
109142,9.047650794179901,0.5551974214343272,560,681,1241,0.0,-0.0008333472224535399,0.5551974214343307,0.0
109143,9.046817446957448,0.5551974214343272,560,681,1241,0.0,-0.0008333472224535399,0.5551974214343307,0.0
109144,9.045984099734994,0.5551974214343272,560,681,1241,0.0,-0.0008333472224535399,0.5551974214343307,0.0
109145,9.04515075251254,0.5551974214343272,560,681,1241,0.0,-0.0008333472224535399,0.5551974214343307,0.0
109146,9.044317405290087,0.5551974214343272,560,681,1241,0.0,-0.0008333472224535399,0.5551974214343307,0.0
109147,9.043484058067634,0.5551974214343272,560,681,1241,0.0,-0.0008333472224535399,0.5551974214343307,0.0
109148,9.04265071084518,0.5551974214343272,560,681,1241,0.0,-0.0008333472224535399,0.5551974214343307,0.0
109149,9.041817363622727,0.5551974214343272,560,681,1241,0.0,-0.0008333472224535399,0.5551974214343307,0.0
109150,9.040984016400273,0.5551974214343272,560,681,1241,0.0,-0.0008333472224535399,0.5551974214343307,0.0
109151,9.04015066917782,0.5551974214343272,560,681,1241,0.0,-0.0008333472224535399,0.5551974214343307,0.0
109152,9.039317321955366,0.5551974214343272,560,681,1241,0.0,-0.0008333472224535399,0.5551974214343307,0.0
109153,9.038483974732912,0.5551974214343272,560,681,1241,0.0,-0.0008333472224535399,0.5551974214343307,0.0
109154,9.037650627510459,0.5551974214343272,560,681,1241,0.0,-0.0008333472224535399,0.5551974214343307,0.0
109155,9.036817280288005,0.5551974214343272,560,681,1241,0.0,-0.0008333472224535399,0.5551974214343307,0.0
109156,9.035983933065552,0.5551974214343272,560,681,1241,0.0,-0.0008333472224535399,0.5551974214343307,0.0
109157,9.035150585843098,0.5551974214343272,560,681,1241,0.0,-0.0008333472224535399,0.5551974214343307,0.0
109158,9.034317238620645,0.5551974214343272,560,681,1241,0.0,-0.0008333472224535399,0.5551974214343307,0.0
109159,9.033483891398191,0.5551974214343272,560,681,1241,0.0,-0.0008333472224535399,0.5551974214343307,0.0
109160,9.032650544175738,0.5551974214343272,560,681,1241,0.0,-0.0008333472224535399,0.5551974214343307,0.0
109161,9.031817196953284,0.5551974214343272,560,681,1241,0.0,-0.0008333472224535399,0.5551974214343307,0.0
109162,9.03098384973083,0.5551974214343272,560,681,1241,0.0,-0.0008333472224535399,0.5551974214343307,0.0
109163,9.03015050250837,0.5551974214343272,560,681,1241,0.0,-0.0008333472224606453,0.5551974214343307,0.0
109164,9.029317155285916,0.5551974214343272,560,681,1241,0.0,-0.0008333472224535399,0.5551974214343307,0.0
109165,9.028483808063463,0.5551974214343272,560,681,1241,0.0,-0.0008333472224535399,0.5551974214343307,0.0
109166,9.02765046084101,0.5551974214343272,560,681,1241,0.0,-0.0008333472224535399,0.5551974214343307,0.0
109167,9.026817113618556,0.5551974214343272,560,681,1241,0.0,-0.0008333472224535399,0.5551974214343307,0.0
109168,9.025983766396102,0.5551974214343272,560,681,1241,0.0,-0.0008333472224535399,0.5551974214343307,0.0
109169,9.025150419173649,0.5551974214343272,560,681,1241,0.0,-0.0008333472224535399,0.5551974214343307,0.0
109170,9.024317071951195,0.5560032232070911,560,681,1241,0.0008058017727639033,-0.0008333472224535399,0.555278001611607,8.058017727639034e-05
109171,9.023483724728742,0.5560032232070911,560,681,1241,0.0,-0.0008333472224535399,0.5553585817888834,8.058017727639034e-05
109172,9.022650377506288,0.5560032232070911,560,681,1241,0.0,-0.0008333472224535399,0.5554391619661597,8.058017727639034e-05
109173,9.021817030283835,0.5560032232070911,560,681,1241,0.0,-0.0008333472224535399,0.5555197421434361,8.058017727639034e-05
109174,9.020983683061381,0.5560032232070911,560,681,1241,0.0,-0.0008333472224535399,0.5556003223207124,8.058017727639034e-05
109175,9.020150335838927,0.5560032232070911,560,681,1241,0.0,-0.0008333472224535399,0.5556809024979887,8.058017727639034e-05
109176,9.019316988616474,0.5560032232070911,560,681,1241,0.0,-0.0008333472224535399,0.5557614826752652,8.058017727639034e-05
109177,9.01848364139402,0.5551974214343272,560,681,1241,-0.0008058017727639033,-0.0008333472224535399,0.5557614826752652,0.0
109178,9.017650294171567,0.5551974214343272,560,681,1241,0.0,-0.0008333472224535399,0.5557614826752652,0.0
109179,9.016816946949113,0.5551974214343272,560,681,1241,0.0,-0.0008333472224535399,0.5557614826752652,0.0
109180,9.01598359972666,0.5551974214343272,560,681,1241,0.0,-0.0008333472224535399,0.5556809024979887,-8.058017727639034e-05
109181,9.015150252504206,0.5551974214343272,560,681,1241,0.0,-0.0008333472224535399,0.5556003223207124,-8.058017727639034e-05
109182,9.014316905281753,0.5551974214343272,560,681,1241,0.0,-0.0008333472224535399,0.5555197421434361,-8.058017727639034e-05
109183,9.0134835580593,0.5551974214343272,560,681,1241,0.0,-0.0008333472224535399,0.5554391619661597,-8.058017727639034e-05
109184,9.012650210836846,0.5551974214343272,560,681,1241,0.0,-0.0008333472224535399,0.5553585817888834,-8.058017727639034e-05
109185,9.011816863614392,0.5551974214343272,560,681,1241,0.0,-0.0008333472224535399,0.555278001611607,-8.058017727639034e-05
109186,9.010983516391939,0.5551974214343272,560,681,1241,0.0,-0.0008333472224535399,0.5551974214343307,-8.058017727639034e-05
109187,9.010150169169485,0.5551974214343272,560,681,1241,0.0,-0.0008333472224535399,0.5551974214343307,0.0
109188,9.009316821947031,0.5551974214343272,560,681,1241,0.0,-0.0008333472224535399,0.5551974214343307,0.0
109189,9.008483474724578,0.5551974214343272,560,681,1241,0.0,-0.0008333472224535399,0.5551974214343307,0.0
109190,9.007650127502124,0.5551974214343272,560,681,1241,0.0,-0.0008333472224535399,0.5551974214343307,0.0
109191,9.00681678027967,0.5551974214343272,560,681,1241,0.0,-0.0008333472224535399,0.5551974214343307,0.0
109192,9.005983433057217,0.5551974214343272,560,681,1241,0.0,-0.0008333472224535399,0.5551974214343307,0.0
109193,9.005150085834764,0.5551974214343272,560,681,1241,0.0,-0.0008333472224535399,0.5551974214343307,0.0
109194,9.00431673861231,0.5551974214343272,560,681,1241,0.0,-0.0008333472224535399,0.5551974214343307,0.0
109195,9.003483391389857,0.5551974214343272,560,681,1241,0.0,-0.0008333472224535399,0.5551974214343307,0.0
109196,9.002650044167403,0.5551974214343272,560,681,1241,0.0,-0.0008333472224535399,0.5551974214343307,0.0
109197,9.00181669694495,0.5543916196615633,560,681,1241,-0.0008058017727639033,-0.0008333472224535399,0.5551168412570544,-8.058017727639034e-05
109198,9.000983349722496,0.5543916196615633,560,681,1241,0.0,-0.0008333472224535399,0.555036261079778,-8.058017727639034e-05
109199,9.000150002500042,0.5543916196615633,560,681,1241,0.0,-0.0008333472224535399,0.5549556809025017,-8.058017727639034e-05
109200,8.999316655277589,0.5543916196615633,560,681,1241,0.0,-0.0008333472224535399,0.5548751007252253,-8.058017727639034e-05
109201,8.998483308055135,0.5535858178887993,560,681,1241,-0.0008058017727639033,-0.0008333472224535399,0.5547139403706726,-0.00016116035455278067
109202,8.997649960832682,0.5535858178887993,560,681,1241,0.0,-0.0008333472224535399,0.5545527800161197,-0.00016116035455278067
109203,8.996816613610228,0.5527800161160354,560,681,1241,-0.0008058017727639033,-0.0008333472224535399,0.5543110394842905,-0.00024174053182917098
109204,8.995983266387775,0.5527800161160354,560,681,1241,0.0,-0.0008333472224535399,0.5540692989524614,-0.00024174053182917098
109205,8.995149919165314,0.5527800161160354,560,681,1241,0.0,-0.0008333472224606453,0.5538275584206321,-0.00024174053182917098
109206,8.99431657194286,0.5527800161160354,560,681,1241,0.0,-0.0008333472224535399,0.5535858178888029,-0.00024174053182917098
109207,8.993483224720407,0.5527800161160354,560,681,1241,0.0,-0.0008333472224535399,0.5534246575342501,-0.00016116035455278067
109208,8.992649877497954,0.5527800161160354,560,681,1241,0.0,-0.0008333472224535399,0.5532634971796971,-0.00016116035455278067
109209,8.9918165302755,0.5527800161160354,560,681,1241,0.0,-0.0008333472224535399,0.5531023368251443,-0.00016116035455278067
109210,8.990983183053046,0.5527800161160354,560,681,1241,0.0,-0.0008333472224535399,0.5529411764705914,-0.00016116035455278067
109211,8.990149835830593,0.5527800161160354,560,681,1241,0.0,-0.0008333472224535399,0.552860596293315,-8.058017727639034e-05
109212,8.98931648860814,0.5527800161160354,560,681,1241,0.0,-0.0008333472224535399,0.5527800161160387,-8.058017727639034e-05
109213,8.988483141385686,0.5527800161160354,560,681,1241,0.0,-0.0008333472224535399,0.5527800161160388,0.0
109214,8.987649794163232,0.5527800161160354,560,681,1241,0.0,-0.0008333472224535399,0.5527800161160388,0.0
109215,8.986816446940779,0.5527800161160354,560,681,1241,0.0,-0.0008333472224535399,0.5527800161160388,0.0
109216,8.985983099718325,0.5527800161160354,560,681,1241,0.0,-0.0008333472224535399,0.5527800161160388,0.0
109217,8.985149752495872,0.5527800161160354,560,681,1241,0.0,-0.0008333472224535399,0.5527800161160388,0.0
109218,8.984316405273418,0.5527800161160354,560,681,1241,0.0,-0.0008333472224535399,0.5527800161160388,0.0
109219,8.983483058050965,0.5527800161160354,560,681,1241,0.0,-0.0008333472224535399,0.5527800161160388,0.0
109220,8.982649710828511,0.5527800161160354,560,681,1241,0.0,-0.0008333472224535399,0.5527800161160388,0.0
109221,8.981816363606058,0.5527800161160354,560,681,1241,0.0,-0.0008333472224535399,0.5527800161160388,0.0
109222,8.980983016383604,0.5527800161160354,560,681,1241,0.0,-0.0008333472224535399,0.5527800161160388,0.0
109223,8.98014966916115,0.5527800161160354,560,681,1241,0.0,-0.0008333472224535399,0.5527800161160388,0.0
109224,8.979316321938697,0.5527800161160354,560,681,1241,0.0,-0.0008333472224535399,0.5527800161160388,0.0
109225,8.978482974716243,0.5527800161160354,560,681,1241,0.0,-0.0008333472224535399,0.5527800161160388,0.0
109226,8.97764962749379,0.5527800161160354,560,681,1241,0.0,-0.0008333472224535399,0.5527800161160388,0.0
109227,8.976816280271336,0.5527800161160354,560,681,1241,0.0,-0.0008333472224535399,0.5527800161160388,0.0
109228,8.975982933048883,0.5527800161160354,560,681,1241,0.0,-0.0008333472224535399,0.5527800161160388,0.0
109229,8.97514958582643,0.5527800161160354,560,681,1241,0.0,-0.0008333472224535399,0.5527800161160388,0.0
109230,8.974316238603976,0.5527800161160354,560,681,1241,0.0,-0.0008333472224535399,0.5527800161160388,0.0
109231,8.973482891381522,0.5527800161160354,560,681,1241,0.0,-0.0008333472224535399,0.5527800161160388,0.0
109232,8.972649544159069,0.5527800161160354,560,681,1241,0.0,-0.0008333472224535399,0.5527800161160388,0.0
109233,8.971816196936615,0.5527800161160354,560,681,1241,0.0,-0.0008333472224535399,0.5527800161160388,0.0
109234,8.970982849714161,0.5527800161160354,560,681,1241,0.0,-0.0008333472224535399,0.5527800161160388,0.0
109235,8.970149502491708,0.5527800161160354,560,681,1241,0.0,-0.0008333472224535399,0.5527800161160388,0.0
109236,8.969316155269254,0.5527800161160354,560,681,1241,0.0,-0.0008333472224535399,0.5527800161160388,0.0
109237,8.9684828080468,0.5527800161160354,560,681,1241,0.0,-0.0008333472224535399,0.5527800161160388,0.0
109238,8.967649460824347,0.5527800161160354,560,681,1241,0.0,-0.0008333472224535399,0.5527800161160388,0.0
109239,8.966816113601894,0.5527800161160354,560,681,1241,0.0,-0.0008333472224535399,0.5527800161160388,0.0
109240,8.96598276637944,0.5527800161160354,560,681,1241,0.0,-0.0008333472224535399,0.5527800161160388,0.0
109241,8.965149419156987,0.5527800161160354,560,681,1241,0.0,-0.0008333472224535399,0.5527800161160388,0.0
109242,8.964316071934533,0.5527800161160354,560,681,1241,0.0,-0.0008333472224535399,0.5527800161160388,0.0
109243,8.96348272471208,0.5535858178887993,560,681,1241,0.0008058017727639033,-0.0008333472224535399,0.5528605962933151,8.058017727639034e-05
109244,8.962649377489626,0.5535858178887993,560,681,1241,0.0,-0.0008333472224535399,0.5529411764705914,8.058017727639034e-05
109245,8.961816030267173,0.5535858178887993,560,681,1241,0.0,-0.0008333472224535399,0.5530217566478678,8.058017727639034e-05
109246,8.960982683044719,0.5535858178887993,560,681,1241,0.0,-0.0008333472224535399,0.5531023368251441,8.058017727639034e-05
109247,8.960149335822265,0.5527800161160354,560,681,1241,-0.0008058017727639033,-0.0008333472224535399,0.5531023368251441,0.0
109248,8.959315988599805,0.5527800161160354,560,681,1241,0.0,-0.0008333472224606453,0.5531023368251441,0.0
109249,8.958482641377351,0.5527800161160354,560,681,1241,0.0,-0.0008333472224535399,0.5531023368251441,0.0
109250,8.957649294154898,0.5527800161160354,560,681,1241,0.0,-0.0008333472224535399,0.5531023368251441,0.0
109251,8.956815946932444,0.5527800161160354,560,681,1241,0.0,-0.0008333472224535399,0.5531023368251441,0.0
109252,8.95598259970999,0.5527800161160354,560,681,1241,0.0,-0.0008333472224535399,0.5531023368251441,0.0
109253,8.955149252487537,0.5527800161160354,560,681,1241,0.0,-0.0008333472224535399,0.5530217566478677,-8.058017727639034e-05
109254,8.954315905265084,0.5527800161160354,560,681,1241,0.0,-0.0008333472224535399,0.5529411764705914,-8.058017727639034e-05
109255,8.95348255804263,0.5527800161160354,560,681,1241,0.0,-0.0008333472224535399,0.552860596293315,-8.058017727639034e-05
109256,8.952649210820177,0.5527800161160354,560,681,1241,0.0,-0.0008333472224535399,0.5527800161160387,-8.058017727639034e-05
109257,8.951815863597723,0.5527800161160354,560,681,1241,0.0,-0.0008333472224535399,0.5527800161160388,0.0
109258,8.95098251637527,0.5527800161160354,560,681,1241,0.0,-0.0008333472224535399,0.5527800161160388,0.0
109259,8.950149169152816,0.5535858178887993,560,681,1241,0.0008058017727639033,-0.0008333472224535399,0.5528605962933151,8.058017727639034e-05
109260,8.949315821930362,0.5535858178887993,560,681,1241,0.0,-0.0008333472224535399,0.5529411764705914,8.058017727639034e-05
109261,8.948482474707909,0.5535858178887993,560,681,1241,0.0,-0.0008333472224535399,0.5530217566478678,8.058017727639034e-05
109262,8.947649127485455,0.5535858178887993,560,681,1241,0.0,-0.0008333472224535399,0.5531023368251441,8.058017727639034e-05
109263,8.946815780263002,0.5535858178887993,560,681,1241,0.0,-0.0008333472224535399,0.5531829170024205,8.058017727639034e-05
109264,8.945982433040548,0.5535858178887993,560,681,1241,0.0,-0.0008333472224535399,0.5532634971796968,8.058017727639034e-05
109265,8.945149085818095,0.5535858178887993,560,681,1241,0.0,-0.0008333472224535399,0.5533440773569731,8.058017727639034e-05
109266,8.944315738595641,0.5527800161160354,560,681,1241,-0.0008058017727639033,-0.0008333472224535399,0.5533440773569731,0.0
109267,8.943482391373188,0.5527800161160354,560,681,1241,0.0,-0.0008333472224535399,0.5533440773569731,0.0
109268,8.942649044150734,0.5527800161160354,560,681,1241,0.0,-0.0008333472224535399,0.5533440773569731,0.0
109269,8.94181569692828,0.5527800161160354,560,681,1241,0.0,-0.0008333472224535399,0.5532634971796967,-8.058017727639034e-05
109270,8.940982349705827,0.5527800161160354,560,681,1241,0.0,-0.0008333472224535399,0.5531829170024204,-8.058017727639034e-05
109271,8.940149002483373,0.5527800161160354,560,681,1241,0.0,-0.0008333472224535399,0.553102336825144,-8.058017727639034e-05
109272,8.93931565526092,0.5527800161160354,560,681,1241,0.0,-0.0008333472224535399,0.5530217566478677,-8.058017727639034e-05
109273,8.938482308038466,0.5527800161160354,560,681,1241,0.0,-0.0008333472224535399,0.5529411764705914,-8.058017727639034e-05
109274,8.937648960816013,0.5527800161160354,560,681,1241,0.0,-0.0008333472224535399,0.552860596293315,-8.058017727639034e-05
109275,8.93681561359356,0.5527800161160354,560,681,1241,0.0,-0.0008333472224535399,0.5527800161160387,-8.058017727639034e-05
109276,8.935982266371106,0.5527800161160354,560,681,1241,0.0,-0.0008333472224535399,0.5527800161160388,0.0
109277,8.935148919148652,0.5527800161160354,560,681,1241,0.0,-0.0008333472224535399,0.5527800161160388,0.0
109278,8.934315571926199,0.5527800161160354,560,681,1241,0.0,-0.0008333472224535399,0.5527800161160388,0.0
109279,8.933482224703745,0.5527800161160354,560,681,1241,0.0,-0.0008333472224535399,0.5527800161160388,0.0
109280,8.932648877481292,0.5527800161160354,560,681,1241,0.0,-0.0008333472224535399,0.5527800161160388,0.0
109281,8.931815530258838,0.5527800161160354,560,681,1241,0.0,-0.0008333472224535399,0.5527800161160388,0.0
109282,8.930982183036384,0.5527800161160354,560,681,1241,0.0,-0.0008333472224535399,0.5527800161160388,0.0
109283,8.930148835813931,0.5527800161160354,560,681,1241,0.0,-0.0008333472224535399,0.5527800161160388,0.0
109284,8.929315488591477,0.5527800161160354,560,681,1241,0.0,-0.0008333472224535399,0.5527800161160388,0.0
109285,8.928482141369024,0.5527800161160354,560,681,1241,0.0,-0.0008333472224535399,0.5527800161160388,0.0
109286,8.92764879414657,0.5527800161160354,560,681,1241,0.0,-0.0008333472224535399,0.5527800161160388,0.0
109287,8.926815446924117,0.5527800161160354,560,681,1241,0.0,-0.0008333472224535399,0.5527800161160388,0.0
109288,8.925982099701663,0.5527800161160354,560,681,1241,0.0,-0.0008333472224535399,0.5527800161160388,0.0
109289,8.92514875247921,0.5527800161160354,560,681,1241,0.0,-0.0008333472224535399,0.5527800161160388,0.0
109290,8.924315405256749,0.5527800161160354,560,681,1241,0.0,-0.0008333472224606453,0.5527800161160388,0.0
109291,8.923482058034296,0.5527800161160354,560,681,1241,0.0,-0.0008333472224535399,0.5527800161160388,0.0
109292,8.922648710811842,0.5527800161160354,560,681,1241,0.0,-0.0008333472224535399,0.5527800161160388,0.0
109293,8.921815363589388,0.5527800161160354,560,681,1241,0.0,-0.0008333472224535399,0.5527800161160388,0.0
109294,8.920982016366935,0.5527800161160354,560,681,1241,0.0,-0.0008333472224535399,0.5527800161160388,0.0
109295,8.920148669144481,0.5527800161160354,560,681,1241,0.0,-0.0008333472224535399,0.5527800161160388,0.0
109296,8.919315321922028,0.5535858178887993,560,681,1241,0.0008058017727639033,-0.0008333472224535399,0.5528605962933151,8.058017727639034e-05
109297,8.918481974699574,0.5535858178887993,560,681,1241,0.0,-0.0008333472224535399,0.5529411764705914,8.058017727639034e-05
109298,8.91764862747712,0.5535858178887993,560,681,1241,0.0,-0.0008333472224535399,0.5530217566478678,8.058017727639034e-05
109299,8.916815280254667,0.5535858178887993,560,681,1241,0.0,-0.0008333472224535399,0.5531023368251441,8.058017727639034e-05
109300,8.915981933032214,0.5535858178887993,560,681,1241,0.0,-0.0008333472224535399,0.5531829170024205,8.058017727639034e-05
109301,8.91514858580976,0.5535858178887993,560,681,1241,0.0,-0.0008333472224535399,0.5532634971796968,8.058017727639034e-05
109302,8.914315238587307,0.5535858178887993,560,681,1241,0.0,-0.0008333472224535399,0.5533440773569731,8.058017727639034e-05
109303,8.913481891364853,0.5535858178887993,560,681,1241,0.0,-0.0008333472224535399,0.5534246575342495,8.058017727639034e-05
109304,8.9126485441424,0.5535858178887993,560,681,1241,0.0,-0.0008333472224535399,0.5535052377115258,8.058017727639034e-05
109305,8.911815196919946,0.5535858178887993,560,681,1241,0.0,-0.0008333472224535399,0.5535858178888022,8.058017727639034e-05
109306,8.910981849697492,0.5535858178887993,560,681,1241,0.0,-0.0008333472224535399,0.5535858178888022,0.0
109307,8.910148502475039,0.5535858178887993,560,681,1241,0.0,-0.0008333472224535399,0.5535858178888022,0.0
109308,8.909315155252585,0.5535858178887993,560,681,1241,0.0,-0.0008333472224535399,0.5535858178888022,0.0
109309,8.908481808030132,0.5535858178887993,560,681,1241,0.0,-0.0008333472224535399,0.5535858178888022,0.0
109310,8.907648460807678,0.5535858178887993,560,681,1241,0.0,-0.0008333472224535399,0.5535858178888022,0.0
109311,8.906815113585225,0.5535858178887993,560,681,1241,0.0,-0.0008333472224535399,0.5535858178888022,0.0
109312,8.905981766362771,0.5535858178887993,560,681,1241,0.0,-0.0008333472224535399,0.5535858178888022,0.0
109313,8.905148419140318,0.5535858178887993,560,681,1241,0.0,-0.0008333472224535399,0.5535858178888022,0.0
109314,8.904315071917864,0.5535858178887993,560,681,1241,0.0,-0.0008333472224535399,0.5535858178888022,0.0
109315,8.90348172469541,0.5535858178887993,560,681,1241,0.0,-0.0008333472224535399,0.5535858178888022,0.0
109316,8.902648377472957,0.5535858178887993,560,681,1241,0.0,-0.0008333472224535399,0.5535858178888022,0.0
109317,8.901815030250503,0.5535858178887993,560,681,1241,0.0,-0.0008333472224535399,0.5535858178888022,0.0
109318,8.90098168302805,0.5535858178887993,560,681,1241,0.0,-0.0008333472224535399,0.5535858178888022,0.0
109319,8.900148335805596,0.5535858178887993,560,681,1241,0.0,-0.0008333472224535399,0.5535858178888022,0.0
109320,8.899314988583143,0.5535858178887993,560,681,1241,0.0,-0.0008333472224535399,0.5535858178888022,0.0
109321,8.89848164136069,0.5535858178887993,560,681,1241,0.0,-0.0008333472224535399,0.5535858178888022,0.0
109322,8.897648294138236,0.5535858178887993,560,681,1241,0.0,-0.0008333472224535399,0.5535858178888022,0.0
109323,8.896814946915782,0.5535858178887993,560,681,1241,0.0,-0.0008333472224535399,0.5535858178888022,0.0
109324,8.895981599693329,0.5535858178887993,560,681,1241,0.0,-0.0008333472224535399,0.5535858178888022,0.0
109325,8.895148252470875,0.5535858178887993,560,681,1241,0.0,-0.0008333472224535399,0.5535858178888022,0.0
109326,8.894314905248422,0.5535858178887993,560,681,1241,0.0,-0.0008333472224535399,0.5535858178888022,0.0
109327,8.893481558025968,0.5535858178887993,560,681,1241,0.0,-0.0008333472224535399,0.5535858178888022,0.0
109328,8.892648210803515,0.5535858178887993,560,681,1241,0.0,-0.0008333472224535399,0.5535858178888022,0.0
109329,8.891814863581061,0.5535858178887993,560,681,1241,0.0,-0.0008333472224535399,0.5535858178888022,0.0
109330,8.890981516358607,0.5535858178887993,560,681,1241,0.0,-0.0008333472224535399,0.5535858178888022,0.0
109331,8.890148169136154,0.5535858178887993,560,681,1241,0.0,-0.0008333472224535399,0.5535858178888022,0.0
109332,8.8893148219137,0.5535858178887993,560,681,1241,0.0,-0.0008333472224535399,0.5535858178888022,0.0
109333,8.88848147469124,0.5535858178887993,560,681,1241,0.0,-0.0008333472224606453,0.5535858178888022,0.0
109334,8.887648127468786,0.5535858178887993,560,681,1241,0.0,-0.0008333472224535399,0.5535858178888022,0.0
109335,8.886814780246333,0.5535858178887993,560,681,1241,0.0,-0.0008333472224535399,0.5535858178888022,0.0
109336,8.885981433023879,0.5535858178887993,560,681,1241,0.0,-0.0008333472224535399,0.5535858178888022,0.0
109337,8.885148085801426,0.5535858178887993,560,681,1241,0.0,-0.0008333472224535399,0.5535858178888022,0.0
109338,8.884314738578972,0.5535858178887993,560,681,1241,0.0,-0.0008333472224535399,0.5535858178888022,0.0
109339,8.883481391356518,0.5535858178887993,560,681,1241,0.0,-0.0008333472224535399,0.5535858178888022,0.0
109340,8.882648044134065,0.5535858178887993,560,681,1241,0.0,-0.0008333472224535399,0.5535858178888022,0.0
109341,8.881814696911611,0.5535858178887993,560,681,1241,0.0,-0.0008333472224535399,0.5535858178888022,0.0
109342,8.880981349689158,0.5535858178887993,560,681,1241,0.0,-0.0008333472224535399,0.5535858178888022,0.0
109343,8.880148002466704,0.5535858178887993,560,681,1241,0.0,-0.0008333472224535399,0.5535858178888022,0.0
109344,8.87931465524425,0.5535858178887993,560,681,1241,0.0,-0.0008333472224535399,0.5535858178888022,0.0
109345,8.878481308021797,0.5535858178887993,560,681,1241,0.0,-0.0008333472224535399,0.5535858178888022,0.0
109346,8.877647960799344,0.5535858178887993,560,681,1241,0.0,-0.0008333472224535399,0.5535858178888022,0.0
109347,8.87681461357689,0.5535858178887993,560,681,1241,0.0,-0.0008333472224535399,0.5535858178888022,0.0
109348,8.875981266354437,0.5535858178887993,560,681,1241,0.0,-0.0008333472224535399,0.5535858178888022,0.0
109349,8.875147919131983,0.5535858178887993,560,681,1241,0.0,-0.0008333472224535399,0.5535858178888022,0.0
109350,8.87431457190953,0.5535858178887993,560,681,1241,0.0,-0.0008333472224535399,0.5535858178888022,0.0
109351,8.873481224687076,0.5535858178887993,560,681,1241,0.0,-0.0008333472224535399,0.5535858178888022,0.0
109352,8.872647877464622,0.5535858178887993,560,681,1241,0.0,-0.0008333472224535399,0.5535858178888022,0.0
109353,8.871814530242169,0.5535858178887993,560,681,1241,0.0,-0.0008333472224535399,0.5535858178888022,0.0
109354,8.870981183019715,0.5535858178887993,560,681,1241,0.0,-0.0008333472224535399,0.5535858178888022,0.0
109355,8.870147835797262,0.5535858178887993,560,681,1241,0.0,-0.0008333472224535399,0.5535858178888022,0.0
109356,8.869314488574808,0.5535858178887993,560,681,1241,0.0,-0.0008333472224535399,0.5535858178888022,0.0
109357,8.868481141352355,0.5535858178887993,560,681,1241,0.0,-0.0008333472224535399,0.5535858178888022,0.0
109358,8.867647794129901,0.5535858178887993,560,681,1241,0.0,-0.0008333472224535399,0.5535858178888022,0.0
109359,8.866814446907448,0.5535858178887993,560,681,1241,0.0,-0.0008333472224535399,0.5535858178888022,0.0
109360,8.865981099684994,0.5535858178887993,560,681,1241,0.0,-0.0008333472224535399,0.5535858178888022,0.0
109361,8.86514775246254,0.5535858178887993,560,681,1241,0.0,-0.0008333472224535399,0.5535858178888022,0.0
109362,8.864314405240087,0.5535858178887993,560,681,1241,0.0,-0.0008333472224535399,0.5535858178888022,0.0
109363,8.863481058017634,0.5535858178887993,560,681,1241,0.0,-0.0008333472224535399,0.5535858178888022,0.0
109364,8.86264771079518,0.5535858178887993,560,681,1241,0.0,-0.0008333472224535399,0.5535858178888022,0.0
109365,8.861814363572726,0.5535858178887993,560,681,1241,0.0,-0.0008333472224535399,0.5535858178888022,0.0
109366,8.860981016350273,0.5535858178887993,560,681,1241,0.0,-0.0008333472224535399,0.5535858178888022,0.0
109367,8.86014766912782,0.5535858178887993,560,681,1241,0.0,-0.0008333472224535399,0.5535858178888022,0.0
109368,8.859314321905366,0.5535858178887993,560,681,1241,0.0,-0.0008333472224535399,0.5535858178888022,0.0
109369,8.858480974682912,0.5535858178887993,560,681,1241,0.0,-0.0008333472224535399,0.5535858178888022,0.0
109370,8.857647627460459,0.5535858178887993,560,681,1241,0.0,-0.0008333472224535399,0.5535858178888022,0.0
109371,8.856814280238005,0.5535858178887993,560,681,1241,0.0,-0.0008333472224535399,0.5535858178888022,0.0
109372,8.855980933015552,0.5535858178887993,560,681,1241,0.0,-0.0008333472224535399,0.5535858178888022,0.0
109373,8.855147585793098,0.5535858178887993,560,681,1241,0.0,-0.0008333472224535399,0.5535858178888022,0.0
109374,8.854314238570645,0.5535858178887993,560,681,1241,0.0,-0.0008333472224535399,0.5535858178888022,0.0
109375,8.853480891348184,0.5535858178887993,560,681,1241,0.0,-0.0008333472224606453,0.5535858178888022,0.0
109376,8.85264754412573,0.5535858178887993,560,681,1241,0.0,-0.0008333472224535399,0.5535858178888022,0.0
109377,8.851814196903277,0.5535858178887993,560,681,1241,0.0,-0.0008333472224535399,0.5535858178888022,0.0
109378,8.850980849680823,0.5535858178887993,560,681,1241,0.0,-0.0008333472224535399,0.5535858178888022,0.0
109379,8.85014750245837,0.5535858178887993,560,681,1241,0.0,-0.0008333472224535399,0.5535858178888022,0.0
109380,8.849314155235916,0.5535858178887993,560,681,1241,0.0,-0.0008333472224535399,0.5535858178888022,0.0
109381,8.848480808013463,0.5535858178887993,560,681,1241,0.0,-0.0008333472224535399,0.5535858178888022,0.0
109382,8.84764746079101,0.5535858178887993,560,681,1241,0.0,-0.0008333472224535399,0.5535858178888022,0.0
109383,8.846814113568556,0.5535858178887993,560,681,1241,0.0,-0.0008333472224535399,0.5535858178888022,0.0
109384,8.845980766346102,0.5535858178887993,560,681,1241,0.0,-0.0008333472224535399,0.5535858178888022,0.0
109385,8.845147419123649,0.5535858178887993,560,681,1241,0.0,-0.0008333472224535399,0.5535858178888022,0.0
109386,8.844314071901195,0.5535858178887993,560,681,1241,0.0,-0.0008333472224535399,0.5535858178888022,0.0
109387,8.843480724678741,0.5535858178887993,560,681,1241,0.0,-0.0008333472224535399,0.5535858178888022,0.0
109388,8.842647377456288,0.5535858178887993,560,681,1241,0.0,-0.0008333472224535399,0.5535858178888022,0.0
109389,8.841814030233834,0.5535858178887993,560,681,1241,0.0,-0.0008333472224535399,0.5535858178888022,0.0
109390,8.84098068301138,0.5535858178887993,560,681,1241,0.0,-0.0008333472224535399,0.5535858178888022,0.0
109391,8.840147335788927,0.5535858178887993,560,681,1241,0.0,-0.0008333472224535399,0.5535858178888022,0.0
109392,8.839313988566474,0.5535858178887993,560,681,1241,0.0,-0.0008333472224535399,0.5535858178888022,0.0
109393,8.83848064134402,0.5535858178887993,560,681,1241,0.0,-0.0008333472224535399,0.5535858178888022,0.0
109394,8.837647294121567,0.5535858178887993,560,681,1241,0.0,-0.0008333472224535399,0.5535858178888022,0.0
109395,8.836813946899113,0.5535858178887993,560,681,1241,0.0,-0.0008333472224535399,0.5535858178888022,0.0
109396,8.83598059967666,0.5535858178887993,560,681,1241,0.0,-0.0008333472224535399,0.5535858178888022,0.0
109397,8.835147252454206,0.5535858178887993,560,681,1241,0.0,-0.0008333472224535399,0.5535858178888022,0.0
109398,8.834313905231753,0.5535858178887993,560,681,1241,0.0,-0.0008333472224535399,0.5535858178888022,0.0
109399,8.833480558009299,0.5535858178887993,560,681,1241,0.0,-0.0008333472224535399,0.5535858178888022,0.0
109400,8.832647210786845,0.5535858178887993,560,681,1241,0.0,-0.0008333472224535399,0.5535858178888022,0.0
109401,8.831813863564392,0.5535858178887993,560,681,1241,0.0,-0.0008333472224535399,0.5535858178888022,0.0
109402,8.830980516341938,0.5535858178887993,560,681,1241,0.0,-0.0008333472224535399,0.5535858178888022,0.0
109403,8.830147169119485,0.5535858178887993,560,681,1241,0.0,-0.0008333472224535399,0.5535858178888022,0.0
109404,8.829313821897031,0.5535858178887993,560,681,1241,0.0,-0.0008333472224535399,0.5535858178888022,0.0
109405,8.828480474674578,0.5535858178887993,560,681,1241,0.0,-0.0008333472224535399,0.5535858178888022,0.0
109406,8.827647127452124,0.5535858178887993,560,681,1241,0.0,-0.0008333472224535399,0.5535858178888022,0.0
109407,8.82681378022967,0.5535858178887993,560,681,1241,0.0,-0.0008333472224535399,0.5535858178888022,0.0
109408,8.825980433007217,0.5535858178887993,560,681,1241,0.0,-0.0008333472224535399,0.5535858178888022,0.0
109409,8.825147085784764,0.5535858178887993,560,681,1241,0.0,-0.0008333472224535399,0.5535858178888022,0.0
109410,8.82431373856231,0.5535858178887993,560,681,1241,0.0,-0.0008333472224535399,0.5535858178888022,0.0
109411,8.823480391339857,0.5535858178887993,560,681,1241,0.0,-0.0008333472224535399,0.5535858178888022,0.0
109412,8.822647044117403,0.5535858178887993,560,681,1241,0.0,-0.0008333472224535399,0.5535858178888022,0.0
109413,8.82181369689495,0.5535858178887993,560,681,1241,0.0,-0.0008333472224535399,0.5535858178888022,0.0
109414,8.820980349672496,0.5535858178887993,560,681,1241,0.0,-0.0008333472224535399,0.5535858178888022,0.0
109415,8.820147002450042,0.5535858178887993,560,681,1241,0.0,-0.0008333472224535399,0.5535858178888022,0.0
109416,8.819313655227589,0.5535858178887993,560,681,1241,0.0,-0.0008333472224535399,0.5535858178888022,0.0
109417,8.818480308005128,0.5535858178887993,560,681,1241,0.0,-0.0008333472224606453,0.5535858178888022,0.0
109418,8.817646960782675,0.5535858178887993,560,681,1241,0.0,-0.0008333472224535399,0.5535858178888022,0.0
109419,8.816813613560221,0.5535858178887993,560,681,1241,0.0,-0.0008333472224535399,0.5535858178888022,0.0
109420,8.815980266337768,0.5535858178887993,560,681,1241,0.0,-0.0008333472224535399,0.5535858178888022,0.0
109421,8.815146919115314,0.5535858178887993,560,681,1241,0.0,-0.0008333472224535399,0.5535858178888022,0.0
109422,8.81431357189286,0.5535858178887993,560,681,1241,0.0,-0.0008333472224535399,0.5535858178888022,0.0
109423,8.813480224670407,0.5535858178887993,560,681,1241,0.0,-0.0008333472224535399,0.5535858178888022,0.0
109424,8.812646877447953,0.5535858178887993,560,681,1241,0.0,-0.0008333472224535399,0.5535858178888022,0.0
109425,8.8118135302255,0.5535858178887993,560,681,1241,0.0,-0.0008333472224535399,0.5535858178888022,0.0
109426,8.810980183003046,0.5535858178887993,560,681,1241,0.0,-0.0008333472224535399,0.5535858178888022,0.0
109427,8.810146835780593,0.5535858178887993,560,681,1241,0.0,-0.0008333472224535399,0.5535858178888022,0.0
109428,8.80931348855814,0.5535858178887993,560,681,1241,0.0,-0.0008333472224535399,0.5535858178888022,0.0
109429,8.808480141335686,0.5535858178887993,560,681,1241,0.0,-0.0008333472224535399,0.5535858178888022,0.0
109430,8.807646794113232,0.5535858178887993,560,681,1241,0.0,-0.0008333472224535399,0.5535858178888022,0.0
109431,8.806813446890779,0.5535858178887993,560,681,1241,0.0,-0.0008333472224535399,0.5535858178888022,0.0
109432,8.805980099668325,0.5535858178887993,560,681,1241,0.0,-0.0008333472224535399,0.5535858178888022,0.0
109433,8.805146752445872,0.5535858178887993,560,681,1241,0.0,-0.0008333472224535399,0.5535858178888022,0.0
109434,8.804313405223418,0.5535858178887993,560,681,1241,0.0,-0.0008333472224535399,0.5535858178888022,0.0
109435,8.803480058000964,0.5535858178887993,560,681,1241,0.0,-0.0008333472224535399,0.5535858178888022,0.0
109436,8.802646710778511,0.5535858178887993,560,681,1241,0.0,-0.0008333472224535399,0.5535858178888022,0.0
109437,8.801813363556057,0.5535858178887993,560,681,1241,0.0,-0.0008333472224535399,0.5535858178888022,0.0
109438,8.800980016333604,0.5535858178887993,560,681,1241,0.0,-0.0008333472224535399,0.5535858178888022,0.0
109439,8.80014666911115,0.5535858178887993,560,681,1241,0.0,-0.0008333472224535399,0.5535858178888022,0.0
109440,8.799313321888697,0.5535858178887993,560,681,1241,0.0,-0.0008333472224535399,0.5535858178888022,0.0
109441,8.798479974666243,0.5535858178887993,560,681,1241,0.0,-0.0008333472224535399,0.5535858178888022,0.0
109442,8.79764662744379,0.5535858178887993,560,681,1241,0.0,-0.0008333472224535399,0.5535858178888022,0.0
109443,8.796813280221336,0.5535858178887993,560,681,1241,0.0,-0.0008333472224535399,0.5535858178888022,0.0
109444,8.795979932998883,0.5535858178887993,560,681,1241,0.0,-0.0008333472224535399,0.5535858178888022,0.0
109445,8.795146585776429,0.5535858178887993,560,681,1241,0.0,-0.0008333472224535399,0.5535858178888022,0.0
109446,8.794313238553976,0.5535858178887993,560,681,1241,0.0,-0.0008333472224535399,0.5535858178888022,0.0
109447,8.793479891331522,0.5535858178887993,560,681,1241,0.0,-0.0008333472224535399,0.5535858178888022,0.0
109448,8.792646544109068,0.5535858178887993,560,681,1241,0.0,-0.0008333472224535399,0.5535858178888022,0.0
109449,8.791813196886615,0.5535858178887993,560,681,1241,0.0,-0.0008333472224535399,0.5535858178888022,0.0
109450,8.790979849664161,0.5535858178887993,560,681,1241,0.0,-0.0008333472224535399,0.5535858178888022,0.0
109451,8.790146502441708,0.5535858178887993,560,681,1241,0.0,-0.0008333472224535399,0.5535858178888022,0.0
109452,8.789313155219254,0.5535858178887993,560,681,1241,0.0,-0.0008333472224535399,0.5535858178888022,0.0
109453,8.7884798079968,0.5535858178887993,560,681,1241,0.0,-0.0008333472224535399,0.5535858178888022,0.0
109454,8.787646460774347,0.5535858178887993,560,681,1241,0.0,-0.0008333472224535399,0.5535858178888022,0.0
109455,8.786813113551894,0.5535858178887993,560,681,1241,0.0,-0.0008333472224535399,0.5535858178888022,0.0
109456,8.78597976632944,0.5535858178887993,560,681,1241,0.0,-0.0008333472224535399,0.5535858178888022,0.0
109457,8.785146419106987,0.5535858178887993,560,681,1241,0.0,-0.0008333472224535399,0.5535858178888022,0.0
109458,8.784313071884533,0.5535858178887993,560,681,1241,0.0,-0.0008333472224535399,0.5535858178888022,0.0
109459,8.78347972466208,0.5535858178887993,560,681,1241,0.0,-0.0008333472224535399,0.5535858178888022,0.0
109460,8.782646377439619,0.5535858178887993,560,681,1241,0.0,-0.0008333472224606453,0.5535858178888022,0.0
109461,8.781813030217165,0.5535858178887993,560,681,1241,0.0,-0.0008333472224535399,0.5535858178888022,0.0
109462,8.780979682994712,0.5535858178887993,560,681,1241,0.0,-0.0008333472224535399,0.5535858178888022,0.0
109463,8.780146335772258,0.5535858178887993,560,681,1241,0.0,-0.0008333472224535399,0.5535858178888022,0.0
109464,8.779312988549805,0.5543916196615633,560,681,1241,0.0008058017727639033,-0.0008333472224535399,0.5536663980660786,8.058017727639034e-05
109465,8.778479641327351,0.5543916196615633,560,681,1241,0.0,-0.0008333472224535399,0.553746978243355,8.058017727639034e-05
109466,8.777646294104898,0.5543916196615633,560,681,1241,0.0,-0.0008333472224535399,0.5538275584206314,8.058017727639034e-05
109467,8.776812946882444,0.5543916196615633,560,681,1241,0.0,-0.0008333472224535399,0.5539081385979077,8.058017727639034e-05
109468,8.77597959965999,0.5543916196615633,560,681,1241,0.0,-0.0008333472224535399,0.553988718775184,8.058017727639034e-05
109469,8.775146252437537,0.5543916196615633,560,681,1241,0.0,-0.0008333472224535399,0.5540692989524604,8.058017727639034e-05
109470,8.774312905215083,0.5543916196615633,560,681,1241,0.0,-0.0008333472224535399,0.5541498791297367,8.058017727639034e-05
109471,8.77347955799263,0.5535858178887993,560,681,1241,-0.0008058017727639033,-0.0008333472224535399,0.5541498791297367,0.0
109472,8.772646210770176,0.5527800161160354,560,681,1241,-0.0008058017727639033,-0.0008333472224535399,0.5540692989524604,-8.058017727639034e-05
109473,8.771812863547723,0.5527800161160354,560,681,1241,0.0,-0.0008333472224535399,0.553988718775184,-8.058017727639034e-05
109474,8.77097951632527,0.5527800161160354,560,681,1241,0.0,-0.0008333472224535399,0.5538275584206312,-0.00016116035455278067
109475,8.770146169102816,0.5527800161160354,560,681,1241,0.0,-0.0008333472224535399,0.5536663980660783,-0.00016116035455278067
109476,8.769312821880362,0.5527800161160354,560,681,1241,0.0,-0.0008333472224535399,0.5535052377115255,-0.00016116035455278067
109477,8.768479474657909,0.5527800161160354,560,681,1241,0.0,-0.0008333472224535399,0.5533440773569727,-0.00016116035455278067
109478,8.767646127435455,0.5527800161160354,560,681,1241,0.0,-0.0008333472224535399,0.5531829170024197,-0.00016116035455278067
109479,8.766812780213002,0.5527800161160354,560,681,1241,0.0,-0.0008333472224535399,0.5530217566478669,-0.00016116035455278067
109480,8.765979432990548,0.5527800161160354,560,681,1241,0.0,-0.0008333472224535399,0.552860596293314,-0.00016116035455278067
109481,8.765146085768095,0.5527800161160354,560,681,1241,0.0,-0.0008333472224535399,0.5527800161160376,-8.058017727639034e-05
109482,8.764312738545641,0.5527800161160354,560,681,1241,0.0,-0.0008333472224535399,0.5527800161160377,0.0
109483,8.763479391323187,0.5527800161160354,560,681,1241,0.0,-0.0008333472224535399,0.5527800161160377,0.0
109484,8.762646044100734,0.5527800161160354,560,681,1241,0.0,-0.0008333472224535399,0.5527800161160377,0.0
109485,8.76181269687828,0.5527800161160354,560,681,1241,0.0,-0.0008333472224535399,0.5527800161160377,0.0
109486,8.760979349655827,0.5527800161160354,560,681,1241,0.0,-0.0008333472224535399,0.5527800161160377,0.0
109487,8.760146002433373,0.5527800161160354,560,681,1241,0.0,-0.0008333472224535399,0.5527800161160377,0.0
109488,8.75931265521092,0.5527800161160354,560,681,1241,0.0,-0.0008333472224535399,0.5527800161160377,0.0
109489,8.758479307988466,0.5527800161160354,560,681,1241,0.0,-0.0008333472224535399,0.5527800161160377,0.0
109490,8.757645960766013,0.5527800161160354,560,681,1241,0.0,-0.0008333472224535399,0.5527800161160377,0.0
109491,8.756812613543559,0.5527800161160354,560,681,1241,0.0,-0.0008333472224535399,0.5527800161160377,0.0
109492,8.755979266321106,0.5519742143432715,560,681,1241,-0.0008058017727639033,-0.0008333472224535399,0.5526994359387614,-8.058017727639034e-05
109493,8.755145919098652,0.5519742143432715,560,681,1241,0.0,-0.0008333472224535399,0.552618855761485,-8.058017727639034e-05
109494,8.754312571876198,0.5519742143432715,560,681,1241,0.0,-0.0008333472224535399,0.5525382755842086,-8.058017727639034e-05
109495,8.753479224653745,0.5519742143432715,560,681,1241,0.0,-0.0008333472224535399,0.5524576954069322,-8.058017727639034e-05
109496,8.752645877431291,0.5519742143432715,560,681,1241,0.0,-0.0008333472224535399,0.5523771152296559,-8.058017727639034e-05
109497,8.751812530208838,0.5519742143432715,560,681,1241,0.0,-0.0008333472224535399,0.5522965350523796,-8.058017727639034e-05
109498,8.750979182986384,0.5519742143432715,560,681,1241,0.0,-0.0008333472224535399,0.5522159548751032,-8.058017727639034e-05
109499,8.75014583576393,0.5519742143432715,560,681,1241,0.0,-0.0008333472224535399,0.5521353746978269,-8.058017727639034e-05
109500,8.749312488541477,0.5519742143432715,560,681,1241,0.0,-0.0008333472224535399,0.5520547945205505,-8.058017727639034e-05
109501,8.748479141319024,0.5519742143432715,560,681,1241,0.0,-0.0008333472224535399,0.5519742143432742,-8.058017727639034e-05
109502,8.747645794096563,0.5519742143432715,560,681,1241,0.0,-0.0008333472224606453,0.5519742143432742,0.0
109503,8.74681244687411,0.5519742143432715,560,681,1241,0.0,-0.0008333472224535399,0.5519742143432742,0.0
109504,8.745979099651656,0.5519742143432715,560,681,1241,0.0,-0.0008333472224535399,0.5519742143432742,0.0
109505,8.745145752429202,0.5519742143432715,560,681,1241,0.0,-0.0008333472224535399,0.5519742143432742,0.0
109506,8.744312405206749,0.5519742143432715,560,681,1241,0.0,-0.0008333472224535399,0.5519742143432742,0.0
109507,8.743479057984295,0.5519742143432715,560,681,1241,0.0,-0.0008333472224535399,0.5519742143432742,0.0
109508,8.742645710761842,0.5519742143432715,560,681,1241,0.0,-0.0008333472224535399,0.5519742143432742,0.0
109509,8.741812363539388,0.5519742143432715,560,681,1241,0.0,-0.0008333472224535399,0.5519742143432742,0.0
109510,8.740979016316935,0.5519742143432715,560,681,1241,0.0,-0.0008333472224535399,0.5519742143432742,0.0
109511,8.740145669094481,0.5519742143432715,560,681,1241,0.0,-0.0008333472224535399,0.5519742143432742,0.0
109512,8.739312321872028,0.5519742143432715,560,681,1241,0.0,-0.0008333472224535399,0.5519742143432742,0.0
109513,8.738478974649574,0.5519742143432715,560,681,1241,0.0,-0.0008333472224535399,0.5519742143432742,0.0
109514,8.73764562742712,0.5519742143432715,560,681,1241,0.0,-0.0008333472224535399,0.5519742143432742,0.0
109515,8.736812280204667,0.5519742143432715,560,681,1241,0.0,-0.0008333472224535399,0.5519742143432742,0.0
109516,8.735978932982214,0.5519742143432715,560,681,1241,0.0,-0.0008333472224535399,0.5519742143432742,0.0
109517,8.73514558575976,0.5519742143432715,560,681,1241,0.0,-0.0008333472224535399,0.5519742143432742,0.0
109518,8.734312238537306,0.5519742143432715,560,681,1241,0.0,-0.0008333472224535399,0.5519742143432742,0.0
109519,8.733478891314853,0.5519742143432715,560,681,1241,0.0,-0.0008333472224535399,0.5519742143432742,0.0
109520,8.7326455440924,0.5519742143432715,560,681,1241,0.0,-0.0008333472224535399,0.5519742143432742,0.0
109521,8.731812196869946,0.5519742143432715,560,681,1241,0.0,-0.0008333472224535399,0.5519742143432742,0.0
109522,8.730978849647492,0.5519742143432715,560,681,1241,0.0,-0.0008333472224535399,0.5519742143432742,0.0
109523,8.730145502425039,0.5519742143432715,560,681,1241,0.0,-0.0008333472224535399,0.5519742143432742,0.0
109524,8.729312155202585,0.5519742143432715,560,681,1241,0.0,-0.0008333472224535399,0.5519742143432742,0.0
109525,8.728478807980132,0.5519742143432715,560,681,1241,0.0,-0.0008333472224535399,0.5519742143432742,0.0
109526,8.727645460757678,0.5519742143432715,560,681,1241,0.0,-0.0008333472224535399,0.5519742143432742,0.0
109527,8.726812113535225,0.5519742143432715,560,681,1241,0.0,-0.0008333472224535399,0.5519742143432742,0.0
109528,8.725978766312771,0.5519742143432715,560,681,1241,0.0,-0.0008333472224535399,0.5519742143432742,0.0
109529,8.725145419090317,0.5519742143432715,560,681,1241,0.0,-0.0008333472224535399,0.5519742143432742,0.0
109530,8.724312071867864,0.5519742143432715,560,681,1241,0.0,-0.0008333472224535399,0.5519742143432742,0.0
109531,8.72347872464541,0.5519742143432715,560,681,1241,0.0,-0.0008333472224535399,0.5519742143432742,0.0
109532,8.722645377422957,0.5519742143432715,560,681,1241,0.0,-0.0008333472224535399,0.5519742143432742,0.0
109533,8.721812030200503,0.5519742143432715,560,681,1241,0.0,-0.0008333472224535399,0.5519742143432742,0.0
109534,8.72097868297805,0.5519742143432715,560,681,1241,0.0,-0.0008333472224535399,0.5519742143432742,0.0
109535,8.720145335755596,0.5519742143432715,560,681,1241,0.0,-0.0008333472224535399,0.5519742143432742,0.0
109536,8.719311988533143,0.5519742143432715,560,681,1241,0.0,-0.0008333472224535399,0.5519742143432742,0.0
109537,8.71847864131069,0.5527800161160354,560,681,1241,0.0008058017727639033,-0.0008333472224535399,0.5520547945205505,8.058017727639034e-05
109538,8.717645294088236,0.5527800161160354,560,681,1241,0.0,-0.0008333472224535399,0.5521353746978269,8.058017727639034e-05
109539,8.716811946865782,0.5527800161160354,560,681,1241,0.0,-0.0008333472224535399,0.5522159548751032,8.058017727639034e-05
109540,8.715978599643329,0.5527800161160354,560,681,1241,0.0,-0.0008333472224535399,0.5522965350523796,8.058017727639034e-05
109541,8.715145252420875,0.5527800161160354,560,681,1241,0.0,-0.0008333472224535399,0.5523771152296559,8.058017727639034e-05
109542,8.714311905198421,0.5527800161160354,560,681,1241,0.0,-0.0008333472224535399,0.5524576954069322,8.058017727639034e-05
109543,8.713478557975968,0.5527800161160354,560,681,1241,0.0,-0.0008333472224535399,0.5525382755842086,8.058017727639034e-05
109544,8.712645210753507,0.5527800161160354,560,681,1241,0.0,-0.0008333472224606453,0.552618855761485,8.058017727639034e-05
109545,8.711811863531054,0.5527800161160354,560,681,1241,0.0,-0.0008333472224535399,0.5526994359387614,8.058017727639034e-05
109546,8.7109785163086,0.5527800161160354,560,681,1241,0.0,-0.0008333472224535399,0.5527800161160377,8.058017727639034e-05
109547,8.710145169086147,0.5527800161160354,560,681,1241,0.0,-0.0008333472224535399,0.5527800161160377,0.0
109548,8.709311821863693,0.5527800161160354,560,681,1241,0.0,-0.0008333472224535399,0.5527800161160377,0.0
109549,8.70847847464124,0.5527800161160354,560,681,1241,0.0,-0.0008333472224535399,0.5527800161160377,0.0
109550,8.707645127418786,0.5527800161160354,560,681,1241,0.0,-0.0008333472224535399,0.5527800161160377,0.0
109551,8.706811780196333,0.5527800161160354,560,681,1241,0.0,-0.0008333472224535399,0.5527800161160377,0.0
109552,8.705978432973879,0.5527800161160354,560,681,1241,0.0,-0.0008333472224535399,0.5527800161160377,0.0
109553,8.705145085751425,0.5527800161160354,560,681,1241,0.0,-0.0008333472224535399,0.5527800161160377,0.0
109554,8.704311738528972,0.5519742143432715,560,681,1241,-0.0008058017727639033,-0.0008333472224535399,0.5526994359387614,-8.058017727639034e-05
109555,8.703478391306518,0.5519742143432715,560,681,1241,0.0,-0.0008333472224535399,0.552618855761485,-8.058017727639034e-05
109556,8.702645044084065,0.5519742143432715,560,681,1241,0.0,-0.0008333472224535399,0.5525382755842086,-8.058017727639034e-05
109557,8.701811696861611,0.5519742143432715,560,681,1241,0.0,-0.0008333472224535399,0.5524576954069322,-8.058017727639034e-05
109558,8.700978349639158,0.5519742143432715,560,681,1241,0.0,-0.0008333472224535399,0.5523771152296559,-8.058017727639034e-05
109559,8.700145002416704,0.5519742143432715,560,681,1241,0.0,-0.0008333472224535399,0.5522965350523796,-8.058017727639034e-05
109560,8.69931165519425,0.5519742143432715,560,681,1241,0.0,-0.0008333472224535399,0.5522159548751032,-8.058017727639034e-05
109561,8.698478307971797,0.5519742143432715,560,681,1241,0.0,-0.0008333472224535399,0.5521353746978269,-8.058017727639034e-05
109562,8.697644960749344,0.5519742143432715,560,681,1241,0.0,-0.0008333472224535399,0.5520547945205505,-8.058017727639034e-05
109563,8.69681161352689,0.5519742143432715,560,681,1241,0.0,-0.0008333472224535399,0.5519742143432742,-8.058017727639034e-05
109564,8.695978266304436,0.5527800161160354,560,681,1241,0.0008058017727639033,-0.0008333472224535399,0.5520547945205505,8.058017727639034e-05
109565,8.695144919081983,0.5527800161160354,560,681,1241,0.0,-0.0008333472224535399,0.5521353746978269,8.058017727639034e-05
109566,8.69431157185953,0.5527800161160354,560,681,1241,0.0,-0.0008333472224535399,0.5522159548751032,8.058017727639034e-05
109567,8.693478224637076,0.5527800161160354,560,681,1241,0.0,-0.0008333472224535399,0.5522965350523796,8.058017727639034e-05
109568,8.692644877414622,0.5527800161160354,560,681,1241,0.0,-0.0008333472224535399,0.5523771152296559,8.058017727639034e-05
109569,8.691811530192169,0.5527800161160354,560,681,1241,0.0,-0.0008333472224535399,0.5524576954069322,8.058017727639034e-05
109570,8.690978182969715,0.5527800161160354,560,681,1241,0.0,-0.0008333472224535399,0.5525382755842086,8.058017727639034e-05
109571,8.690144835747262,0.5527800161160354,560,681,1241,0.0,-0.0008333472224535399,0.552618855761485,8.058017727639034e-05
109572,8.689311488524808,0.5527800161160354,560,681,1241,0.0,-0.0008333472224535399,0.5526994359387614,8.058017727639034e-05
109573,8.688478141302355,0.5527800161160354,560,681,1241,0.0,-0.0008333472224535399,0.5527800161160377,8.058017727639034e-05
109574,8.687644794079901,0.5527800161160354,560,681,1241,0.0,-0.0008333472224535399,0.5527800161160377,0.0
109575,8.686811446857448,0.5527800161160354,560,681,1241,0.0,-0.0008333472224535399,0.5527800161160377,0.0
109576,8.685978099634994,0.5527800161160354,560,681,1241,0.0,-0.0008333472224535399,0.5527800161160377,0.0
109577,8.68514475241254,0.5527800161160354,560,681,1241,0.0,-0.0008333472224535399,0.5527800161160377,0.0
109578,8.684311405190087,0.5527800161160354,560,681,1241,0.0,-0.0008333472224535399,0.5527800161160377,0.0
109579,8.683478057967633,0.5527800161160354,560,681,1241,0.0,-0.0008333472224535399,0.5527800161160377,0.0
109580,8.68264471074518,0.5527800161160354,560,681,1241,0.0,-0.0008333472224535399,0.5527800161160377,0.0
109581,8.681811363522726,0.5535858178887993,560,681,1241,0.0008058017727639033,-0.0008333472224535399,0.552860596293314,8.058017727639034e-05
109582,8.680978016300273,0.5535858178887993,560,681,1241,0.0,-0.0008333472224535399,0.5529411764705904,8.058017727639034e-05
109583,8.68014466907782,0.5535858178887993,560,681,1241,0.0,-0.0008333472224535399,0.5530217566478667,8.058017727639034e-05
109584,8.679311321855366,0.5535858178887993,560,681,1241,0.0,-0.0008333472224535399,0.5531023368251431,8.058017727639034e-05
109585,8.678477974632912,0.5527800161160354,560,681,1241,-0.0008058017727639033,-0.0008333472224535399,0.5531023368251431,0.0
109586,8.677644627410459,0.5527800161160354,560,681,1241,0.0,-0.0008333472224535399,0.5531023368251431,0.0
109587,8.676811280187998,0.5527800161160354,560,681,1241,0.0,-0.0008333472224606453,0.5531023368251431,0.0
109588,8.675977932965544,0.5527800161160354,560,681,1241,0.0,-0.0008333472224535399,0.5531023368251431,0.0
109589,8.67514458574309,0.5527800161160354,560,681,1241,0.0,-0.0008333472224535399,0.5531023368251431,0.0
109590,8.674311238520637,0.5535858178887993,560,681,1241,0.0008058017727639033,-0.0008333472224535399,0.5531829170024194,8.058017727639034e-05
109591,8.673477891298184,0.5535858178887993,560,681,1241,0.0,-0.0008333472224535399,0.5531829170024194,0.0
109592,8.67264454407573,0.5535858178887993,560,681,1241,0.0,-0.0008333472224535399,0.5531829170024194,0.0
109593,8.671811196853277,0.5535858178887993,560,681,1241,0.0,-0.0008333472224535399,0.5531829170024194,0.0
109594,8.670977849630823,0.5535858178887993,560,681,1241,0.0,-0.0008333472224535399,0.5531829170024194,0.0
109595,8.67014450240837,0.5535858178887993,560,681,1241,0.0,-0.0008333472224535399,0.5532634971796957,8.058017727639034e-05
109596,8.669311155185916,0.5535858178887993,560,681,1241,0.0,-0.0008333472224535399,0.5533440773569721,8.058017727639034e-05
109597,8.668477807963463,0.5535858178887993,560,681,1241,0.0,-0.0008333472224535399,0.5534246575342484,8.058017727639034e-05
109598,8.667644460741009,0.5535858178887993,560,681,1241,0.0,-0.0008333472224535399,0.5535052377115248,8.058017727639034e-05
109599,8.666811113518555,0.5535858178887993,560,681,1241,0.0,-0.0008333472224535399,0.5535858178888011,8.058017727639034e-05
109600,8.665977766296102,0.5535858178887993,560,681,1241,0.0,-0.0008333472224535399,0.5535858178888011,0.0
109601,8.665144419073648,0.5535858178887993,560,681,1241,0.0,-0.0008333472224535399,0.5535858178888011,0.0
109602,8.664311071851195,0.5535858178887993,560,681,1241,0.0,-0.0008333472224535399,0.5535858178888011,0.0
109603,8.663477724628741,0.5535858178887993,560,681,1241,0.0,-0.0008333472224535399,0.5535858178888011,0.0
109604,8.662644377406288,0.5535858178887993,560,681,1241,0.0,-0.0008333472224535399,0.5535858178888011,0.0
109605,8.661811030183834,0.5535858178887993,560,681,1241,0.0,-0.0008333472224535399,0.5535858178888011,0.0
109606,8.66097768296138,0.5535858178887993,560,681,1241,0.0,-0.0008333472224535399,0.5535858178888011,0.0
109607,8.660144335738927,0.5535858178887993,560,681,1241,0.0,-0.0008333472224535399,0.5535858178888011,0.0
109608,8.659310988516474,0.5535858178887993,560,681,1241,0.0,-0.0008333472224535399,0.5535858178888011,0.0
109609,8.65847764129402,0.5535858178887993,560,681,1241,0.0,-0.0008333472224535399,0.5535858178888011,0.0
109610,8.657644294071567,0.5527800161160354,560,681,1241,-0.0008058017727639033,-0.0008333472224535399,0.5535052377115247,-8.058017727639034e-05
109611,8.656810946849113,0.5527800161160354,560,681,1241,0.0,-0.0008333472224535399,0.5534246575342483,-8.058017727639034e-05
109612,8.65597759962666,0.5527800161160354,560,681,1241,0.0,-0.0008333472224535399,0.553344077356972,-8.058017727639034e-05
109613,8.655144252404206,0.5527800161160354,560,681,1241,0.0,-0.0008333472224535399,0.5532634971796957,-8.058017727639034e-05
109614,8.654310905181752,0.5527800161160354,560,681,1241,0.0,-0.0008333472224535399,0.5531829170024193,-8.058017727639034e-05
109615,8.653477557959299,0.5527800161160354,560,681,1241,0.0,-0.0008333472224535399,0.553102336825143,-8.058017727639034e-05
109616,8.652644210736845,0.5527800161160354,560,681,1241,0.0,-0.0008333472224535399,0.5530217566478666,-8.058017727639034e-05
109617,8.651810863514392,0.5527800161160354,560,681,1241,0.0,-0.0008333472224535399,0.5529411764705903,-8.058017727639034e-05
109618,8.650977516291938,0.5527800161160354,560,681,1241,0.0,-0.0008333472224535399,0.552860596293314,-8.058017727639034e-05
109619,8.650144169069485,0.5535858178887993,560,681,1241,0.0008058017727639033,-0.0008333472224535399,0.552860596293314,0.0
109620,8.649310821847031,0.5535858178887993,560,681,1241,0.0,-0.0008333472224535399,0.5529411764705904,8.058017727639034e-05
109621,8.648477474624578,0.5535858178887993,560,681,1241,0.0,-0.0008333472224535399,0.5530217566478667,8.058017727639034e-05
109622,8.647644127402124,0.5535858178887993,560,681,1241,0.0,-0.0008333472224535399,0.5531023368251431,8.058017727639034e-05
109623,8.64681078017967,0.5535858178887993,560,681,1241,0.0,-0.0008333472224535399,0.5531829170024194,8.058017727639034e-05
109624,8.645977432957217,0.5535858178887993,560,681,1241,0.0,-0.0008333472224535399,0.5532634971796957,8.058017727639034e-05
109625,8.645144085734763,0.5535858178887993,560,681,1241,0.0,-0.0008333472224535399,0.5533440773569721,8.058017727639034e-05
109626,8.64431073851231,0.5535858178887993,560,681,1241,0.0,-0.0008333472224535399,0.5534246575342484,8.058017727639034e-05
109627,8.643477391289856,0.5535858178887993,560,681,1241,0.0,-0.0008333472224535399,0.5535052377115248,8.058017727639034e-05
109628,8.642644044067403,0.5535858178887993,560,681,1241,0.0,-0.0008333472224535399,0.5535858178888011,8.058017727639034e-05
109629,8.641810696844942,0.5535858178887993,560,681,1241,0.0,-0.0008333472224606453,0.5535858178888011,0.0
109630,8.640977349622489,0.5535858178887993,560,681,1241,0.0,-0.0008333472224535399,0.5535858178888011,0.0
109631,8.640144002400035,0.5535858178887993,560,681,1241,0.0,-0.0008333472224535399,0.5535858178888011,0.0
109632,8.639310655177582,0.5535858178887993,560,681,1241,0.0,-0.0008333472224535399,0.5535858178888011,0.0
109633,8.638477307955128,0.5535858178887993,560,681,1241,0.0,-0.0008333472224535399,0.5535858178888011,0.0
109634,8.637643960732674,0.5535858178887993,560,681,1241,0.0,-0.0008333472224535399,0.5535858178888011,0.0
109635,8.636810613510221,0.5535858178887993,560,681,1241,0.0,-0.0008333472224535399,0.5535858178888011,0.0
109636,8.635977266287767,0.5535858178887993,560,681,1241,0.0,-0.0008333472224535399,0.5535858178888011,0.0
109637,8.635143919065314,0.5535858178887993,560,681,1241,0.0,-0.0008333472224535399,0.5535858178888011,0.0
109638,8.63431057184286,0.5535858178887993,560,681,1241,0.0,-0.0008333472224535399,0.5535858178888011,0.0
109639,8.633477224620407,0.5535858178887993,560,681,1241,0.0,-0.0008333472224535399,0.5535858178888011,0.0
109640,8.632643877397953,0.5535858178887993,560,681,1241,0.0,-0.0008333472224535399,0.5535858178888011,0.0
109641,8.6318105301755,0.5527800161160354,560,681,1241,-0.0008058017727639033,-0.0008333472224535399,0.5535052377115247,-8.058017727639034e-05
109642,8.630977182953046,0.5527800161160354,560,681,1241,0.0,-0.0008333472224535399,0.5534246575342483,-8.058017727639034e-05
109643,8.630143835730593,0.5527800161160354,560,681,1241,0.0,-0.0008333472224535399,0.553344077356972,-8.058017727639034e-05
109644,8.629310488508139,0.5527800161160354,560,681,1241,0.0,-0.0008333472224535399,0.5532634971796957,-8.058017727639034e-05
109645,8.628477141285686,0.5527800161160354,560,681,1241,0.0,-0.0008333472224535399,0.5531829170024193,-8.058017727639034e-05
109646,8.627643794063232,0.5527800161160354,560,681,1241,0.0,-0.0008333472224535399,0.553102336825143,-8.058017727639034e-05
109647,8.626810446840778,0.5527800161160354,560,681,1241,0.0,-0.0008333472224535399,0.5530217566478666,-8.058017727639034e-05
109648,8.625977099618325,0.5527800161160354,560,681,1241,0.0,-0.0008333472224535399,0.5529411764705903,-8.058017727639034e-05
109649,8.625143752395871,0.5527800161160354,560,681,1241,0.0,-0.0008333472224535399,0.552860596293314,-8.058017727639034e-05
109650,8.624310405173418,0.5527800161160354,560,681,1241,0.0,-0.0008333472224535399,0.5527800161160376,-8.058017727639034e-05
109651,8.623477057950964,0.5527800161160354,560,681,1241,0.0,-0.0008333472224535399,0.5527800161160377,0.0
109652,8.62264371072851,0.5527800161160354,560,681,1241,0.0,-0.0008333472224535399,0.5527800161160377,0.0
109653,8.621810363506057,0.5527800161160354,560,681,1241,0.0,-0.0008333472224535399,0.5527800161160377,0.0
109654,8.620977016283604,0.5527800161160354,560,681,1241,0.0,-0.0008333472224535399,0.5527800161160377,0.0
109655,8.62014366906115,0.5527800161160354,560,681,1241,0.0,-0.0008333472224535399,0.5527800161160377,0.0
109656,8.619310321838697,0.5527800161160354,560,681,1241,0.0,-0.0008333472224535399,0.5527800161160377,0.0
109657,8.618476974616243,0.5527800161160354,560,681,1241,0.0,-0.0008333472224535399,0.5527800161160377,0.0
109658,8.61764362739379,0.5527800161160354,560,681,1241,0.0,-0.0008333472224535399,0.5527800161160377,0.0
109659,8.616810280171336,0.5527800161160354,560,681,1241,0.0,-0.0008333472224535399,0.5527800161160377,0.0
109660,8.615976932948882,0.5527800161160354,560,681,1241,0.0,-0.0008333472224535399,0.5527800161160377,0.0
109661,8.615143585726429,0.5527800161160354,560,681,1241,0.0,-0.0008333472224535399,0.5527800161160377,0.0
109662,8.614310238503975,0.5527800161160354,560,681,1241,0.0,-0.0008333472224535399,0.5527800161160377,0.0
109663,8.613476891281522,0.5527800161160354,560,681,1241,0.0,-0.0008333472224535399,0.5527800161160377,0.0
109664,8.612643544059068,0.5527800161160354,560,681,1241,0.0,-0.0008333472224535399,0.5527800161160377,0.0
109665,8.611810196836615,0.5527800161160354,560,681,1241,0.0,-0.0008333472224535399,0.5527800161160377,0.0
109666,8.610976849614161,0.5527800161160354,560,681,1241,0.0,-0.0008333472224535399,0.5527800161160377,0.0
109667,8.610143502391708,0.5527800161160354,560,681,1241,0.0,-0.0008333472224535399,0.5527800161160377,0.0
109668,8.609310155169254,0.5527800161160354,560,681,1241,0.0,-0.0008333472224535399,0.5527800161160377,0.0
109669,8.6084768079468,0.5535858178887993,560,681,1241,0.0008058017727639033,-0.0008333472224535399,0.552860596293314,8.058017727639034e-05
109670,8.607643460724347,0.5527800161160354,560,681,1241,-0.0008058017727639033,-0.0008333472224535399,0.552860596293314,0.0
109671,8.606810113501886,0.5527800161160354,560,681,1241,0.0,-0.0008333472224606453,0.552860596293314,0.0
109672,8.605976766279433,0.5527800161160354,560,681,1241,0.0,-0.0008333472224535399,0.552860596293314,0.0
109673,8.60514341905698,0.5527800161160354,560,681,1241,0.0,-0.0008333472224535399,0.552860596293314,0.0
109674,8.604310071834526,0.5527800161160354,560,681,1241,0.0,-0.0008333472224535399,0.552860596293314,0.0
109675,8.603476724612072,0.5527800161160354,560,681,1241,0.0,-0.0008333472224535399,0.552860596293314,0.0
109676,8.602643377389619,0.5527800161160354,560,681,1241,0.0,-0.0008333472224535399,0.552860596293314,0.0
109677,8.601810030167165,0.5527800161160354,560,681,1241,0.0,-0.0008333472224535399,0.552860596293314,0.0
109678,8.600976682944712,0.5527800161160354,560,681,1241,0.0,-0.0008333472224535399,0.552860596293314,0.0
109679,8.600143335722258,0.5527800161160354,560,681,1241,0.0,-0.0008333472224535399,0.5527800161160376,-8.058017727639034e-05
109680,8.599309988499805,0.5527800161160354,560,681,1241,0.0,-0.0008333472224535399,0.5527800161160377,0.0
109681,8.598476641277351,0.5527800161160354,560,681,1241,0.0,-0.0008333472224535399,0.5527800161160377,0.0
109682,8.597643294054897,0.5535858178887993,560,681,1241,0.0008058017727639033,-0.0008333472224535399,0.552860596293314,8.058017727639034e-05
109683,8.596809946832444,0.5535858178887993,560,681,1241,0.0,-0.0008333472224535399,0.5529411764705904,8.058017727639034e-05
109684,8.59597659960999,0.5535858178887993,560,681,1241,0.0,-0.0008333472224535399,0.5530217566478667,8.058017727639034e-05
109685,8.595143252387537,0.5535858178887993,560,681,1241,0.0,-0.0008333472224535399,0.5531023368251431,8.058017727639034e-05
109686,8.594309905165083,0.5535858178887993,560,681,1241,0.0,-0.0008333472224535399,0.5531829170024194,8.058017727639034e-05
109687,8.59347655794263,0.5535858178887993,560,681,1241,0.0,-0.0008333472224535399,0.5532634971796957,8.058017727639034e-05
109688,8.592643210720176,0.5543916196615633,560,681,1241,0.0008058017727639033,-0.0008333472224535399,0.5534246575342486,0.00016116035455278067
109689,8.591809863497723,0.5543916196615633,560,681,1241,0.0,-0.0008333472224535399,0.5535858178888015,0.00016116035455278067
109690,8.59097651627527,0.5543916196615633,560,681,1241,0.0,-0.0008333472224535399,0.5537469782433544,0.00016116035455278067
109691,8.590143169052816,0.5543916196615633,560,681,1241,0.0,-0.0008333472224535399,0.5539081385979072,0.00016116035455278067
109692,8.589309821830362,0.5543916196615633,560,681,1241,0.0,-0.0008333472224535399,0.5539887187751836,8.058017727639034e-05
109693,8.588476474607909,0.5543916196615633,560,681,1241,0.0,-0.0008333472224535399,0.55406929895246,8.058017727639034e-05
109694,8.587643127385455,0.5543916196615633,560,681,1241,0.0,-0.0008333472224535399,0.5541498791297363,8.058017727639034e-05
109695,8.586809780163001,0.5543916196615633,560,681,1241,0.0,-0.0008333472224535399,0.5542304593070126,8.058017727639034e-05
109696,8.585976432940548,0.5543916196615633,560,681,1241,0.0,-0.0008333472224535399,0.5543110394842891,8.058017727639034e-05
109697,8.585143085718094,0.5543916196615633,560,681,1241,0.0,-0.0008333472224535399,0.5543916196615654,8.058017727639034e-05
109698,8.58430973849564,0.5543916196615633,560,681,1241,0.0,-0.0008333472224535399,0.5543916196615652,0.0
109699,8.583476391273187,0.5543916196615633,560,681,1241,0.0,-0.0008333472224535399,0.5543916196615652,0.0
109700,8.582643044050734,0.5543916196615633,560,681,1241,0.0,-0.0008333472224535399,0.5543916196615652,0.0
109701,8.58180969682828,0.5543916196615633,560,681,1241,0.0,-0.0008333472224535399,0.5543916196615652,0.0
109702,8.580976349605827,0.5543916196615633,560,681,1241,0.0,-0.0008333472224535399,0.5543916196615652,0.0
109703,8.580143002383373,0.5543916196615633,560,681,1241,0.0,-0.0008333472224535399,0.5543916196615652,0.0
109704,8.57930965516092,0.5543916196615633,560,681,1241,0.0,-0.0008333472224535399,0.5543916196615652,0.0
109705,8.578476307938466,0.5543916196615633,560,681,1241,0.0,-0.0008333472224535399,0.5543916196615652,0.0
109706,8.577642960716013,0.5535858178887993,560,681,1241,-0.0008058017727639033,-0.0008333472224535399,0.554311039484289,-8.058017727639034e-05
109707,8.576809613493559,0.5535858178887993,560,681,1241,0.0,-0.0008333472224535399,0.5542304593070126,-8.058017727639034e-05
109708,8.575976266271105,0.5535858178887993,560,681,1241,0.0,-0.0008333472224535399,0.5541498791297362,-8.058017727639034e-05
109709,8.575142919048652,0.5535858178887993,560,681,1241,0.0,-0.0008333472224535399,0.5540692989524599,-8.058017727639034e-05
109710,8.574309571826198,0.5535858178887993,560,681,1241,0.0,-0.0008333472224535399,0.5539887187751835,-8.058017727639034e-05
109711,8.573476224603745,0.5535858178887993,560,681,1241,0.0,-0.0008333472224535399,0.5539081385979072,-8.058017727639034e-05
109712,8.572642877381291,0.5535858178887993,560,681,1241,0.0,-0.0008333472224535399,0.5538275584206309,-8.058017727639034e-05
109713,8.571809530158838,0.5535858178887993,560,681,1241,0.0,-0.0008333472224535399,0.5537469782433545,-8.058017727639034e-05
109714,8.570976182936377,0.5535858178887993,560,681,1241,0.0,-0.0008333472224606453,0.5536663980660782,-8.058017727639034e-05
109715,8.570142835713924,0.5535858178887993,560,681,1241,0.0,-0.0008333472224535399,0.5535858178888018,-8.058017727639034e-05
109716,8.56930948849147,0.5535858178887993,560,681,1241,0.0,-0.0008333472224535399,0.5535858178888018,0.0
109717,8.568476141269016,0.5535858178887993,560,681,1241,0.0,-0.0008333472224535399,0.5535858178888018,0.0
109718,8.567642794046563,0.5535858178887993,560,681,1241,0.0,-0.0008333472224535399,0.5535858178888018,0.0
109719,8.56680944682411,0.5535858178887993,560,681,1241,0.0,-0.0008333472224535399,0.5535858178888018,0.0
109720,8.565976099601656,0.5535858178887993,560,681,1241,0.0,-0.0008333472224535399,0.5535858178888018,0.0
109721,8.565142752379202,0.5535858178887993,560,681,1241,0.0,-0.0008333472224535399,0.5535858178888018,0.0
109722,8.564309405156749,0.5535858178887993,560,681,1241,0.0,-0.0008333472224535399,0.5535858178888018,0.0
109723,8.563476057934295,0.5535858178887993,560,681,1241,0.0,-0.0008333472224535399,0.5535858178888018,0.0
109724,8.562642710711842,0.5535858178887993,560,681,1241,0.0,-0.0008333472224535399,0.5535858178888018,0.0
109725,8.561809363489388,0.5527800161160354,560,681,1241,-0.0008058017727639033,-0.0008333472224535399,0.5535052377115254,-8.058017727639034e-05
109726,8.560976016266935,0.5527800161160354,560,681,1241,0.0,-0.0008333472224535399,0.5534246575342491,-8.058017727639034e-05
109727,8.560142669044481,0.5527800161160354,560,681,1241,0.0,-0.0008333472224535399,0.5533440773569727,-8.058017727639034e-05
109728,8.559309321822028,0.5527800161160354,560,681,1241,0.0,-0.0008333472224535399,0.5532634971796964,-8.058017727639034e-05
109729,8.558475974599574,0.5527800161160354,560,681,1241,0.0,-0.0008333472224535399,0.5531829170024201,-8.058017727639034e-05
109730,8.55764262737712,0.5527800161160354,560,681,1241,0.0,-0.0008333472224535399,0.5531023368251436,-8.058017727639034e-05
109731,8.556809280154667,0.5527800161160354,560,681,1241,0.0,-0.0008333472224535399,0.5530217566478673,-8.058017727639034e-05
109732,8.555975932932213,0.5527800161160354,560,681,1241,0.0,-0.0008333472224535399,0.5529411764705909,-8.058017727639034e-05
109733,8.55514258570976,0.5527800161160354,560,681,1241,0.0,-0.0008333472224535399,0.5528605962933146,-8.058017727639034e-05
109734,8.554309238487306,0.5527800161160354,560,681,1241,0.0,-0.0008333472224535399,0.5527800161160383,-8.058017727639034e-05
109735,8.553475891264853,0.5527800161160354,560,681,1241,0.0,-0.0008333472224535399,0.5527800161160383,0.0
109736,8.5526425440424,0.5527800161160354,560,681,1241,0.0,-0.0008333472224535399,0.5527800161160383,0.0
109737,8.551809196819946,0.5527800161160354,560,681,1241,0.0,-0.0008333472224535399,0.5527800161160383,0.0
109738,8.550975849597492,0.5527800161160354,560,681,1241,0.0,-0.0008333472224535399,0.5527800161160383,0.0
109739,8.550142502375039,0.5527800161160354,560,681,1241,0.0,-0.0008333472224535399,0.5527800161160383,0.0
109740,8.549309155152585,0.5527800161160354,560,681,1241,0.0,-0.0008333472224535399,0.5527800161160383,0.0
109741,8.548475807930132,0.5527800161160354,560,681,1241,0.0,-0.0008333472224535399,0.5527800161160383,0.0
109742,8.547642460707678,0.5527800161160354,560,681,1241,0.0,-0.0008333472224535399,0.5527800161160383,0.0
109743,8.546809113485224,0.5527800161160354,560,681,1241,0.0,-0.0008333472224535399,0.5527800161160383,0.0
109744,8.545975766262771,0.5527800161160354,560,681,1241,0.0,-0.0008333472224535399,0.5527800161160383,0.0
109745,8.545142419040317,0.5527800161160354,560,681,1241,0.0,-0.0008333472224535399,0.5527800161160383,0.0
109746,8.544309071817864,0.5527800161160354,560,681,1241,0.0,-0.0008333472224535399,0.5527800161160383,0.0
109747,8.54347572459541,0.5527800161160354,560,681,1241,0.0,-0.0008333472224535399,0.5527800161160383,0.0
109748,8.542642377372957,0.5527800161160354,560,681,1241,0.0,-0.0008333472224535399,0.5527800161160383,0.0
109749,8.541809030150503,0.5527800161160354,560,681,1241,0.0,-0.0008333472224535399,0.5527800161160383,0.0
109750,8.54097568292805,0.5527800161160354,560,681,1241,0.0,-0.0008333472224535399,0.5527800161160383,0.0
109751,8.540142335705596,0.5527800161160354,560,681,1241,0.0,-0.0008333472224535399,0.5527800161160383,0.0
109752,8.539308988483143,0.5527800161160354,560,681,1241,0.0,-0.0008333472224535399,0.5527800161160383,0.0
109753,8.538475641260689,0.5527800161160354,560,681,1241,0.0,-0.0008333472224535399,0.5527800161160383,0.0
109754,8.537642294038235,0.5527800161160354,560,681,1241,0.0,-0.0008333472224535399,0.5527800161160383,0.0
109755,8.536808946815782,0.5527800161160354,560,681,1241,0.0,-0.0008333472224535399,0.5527800161160383,0.0
109756,8.535975599593321,0.5527800161160354,560,681,1241,0.0,-0.0008333472224606453,0.5527800161160383,0.0
109757,8.535142252370868,0.5527800161160354,560,681,1241,0.0,-0.0008333472224535399,0.5527800161160383,0.0
109758,8.534308905148414,0.5527800161160354,560,681,1241,0.0,-0.0008333472224535399,0.5527800161160383,0.0
109759,8.53347555792596,0.5527800161160354,560,681,1241,0.0,-0.0008333472224535399,0.5527800161160383,0.0
109760,8.532642210703507,0.5527800161160354,560,681,1241,0.0,-0.0008333472224535399,0.5527800161160383,0.0
109761,8.531808863481054,0.5527800161160354,560,681,1241,0.0,-0.0008333472224535399,0.5527800161160383,0.0
109762,8.5309755162586,0.5527800161160354,560,681,1241,0.0,-0.0008333472224535399,0.5527800161160383,0.0
109763,8.530142169036147,0.5527800161160354,560,681,1241,0.0,-0.0008333472224535399,0.5527800161160383,0.0
109764,8.529308821813693,0.5527800161160354,560,681,1241,0.0,-0.0008333472224535399,0.5527800161160383,0.0
109765,8.52847547459124,0.5527800161160354,560,681,1241,0.0,-0.0008333472224535399,0.5527800161160383,0.0
109766,8.527642127368786,0.5527800161160354,560,681,1241,0.0,-0.0008333472224535399,0.5527800161160383,0.0
109767,8.526808780146332,0.5527800161160354,560,681,1241,0.0,-0.0008333472224535399,0.5527800161160383,0.0
109768,8.525975432923879,0.5527800161160354,560,681,1241,0.0,-0.0008333472224535399,0.5527800161160383,0.0
109769,8.525142085701425,0.5527800161160354,560,681,1241,0.0,-0.0008333472224535399,0.5527800161160383,0.0
109770,8.524308738478972,0.5535858178887993,560,681,1241,0.0008058017727639033,-0.0008333472224535399,0.5528605962933147,8.058017727639034e-05
109771,8.523475391256518,0.5535858178887993,560,681,1241,0.0,-0.0008333472224535399,0.552941176470591,8.058017727639034e-05
109772,8.522642044034065,0.5535858178887993,560,681,1241,0.0,-0.0008333472224535399,0.5530217566478675,8.058017727639034e-05
109773,8.521808696811611,0.5535858178887993,560,681,1241,0.0,-0.0008333472224535399,0.5531023368251438,8.058017727639034e-05
109774,8.520975349589158,0.5535858178887993,560,681,1241,0.0,-0.0008333472224535399,0.5531829170024201,8.058017727639034e-05
109775,8.520142002366704,0.5535858178887993,560,681,1241,0.0,-0.0008333472224535399,0.5532634971796965,8.058017727639034e-05
109776,8.51930865514425,0.5535858178887993,560,681,1241,0.0,-0.0008333472224535399,0.5533440773569728,8.058017727639034e-05
109777,8.518475307921797,0.5535858178887993,560,681,1241,0.0,-0.0008333472224535399,0.5534246575342492,8.058017727639034e-05
109778,8.517641960699343,0.5535858178887993,560,681,1241,0.0,-0.0008333472224535399,0.5535052377115255,8.058017727639034e-05
109779,8.51680861347689,0.5535858178887993,560,681,1241,0.0,-0.0008333472224535399,0.5535858178888018,8.058017727639034e-05
109780,8.515975266254436,0.5535858178887993,560,681,1241,0.0,-0.0008333472224535399,0.5535858178888018,0.0
109781,8.515141919031983,0.5535858178887993,560,681,1241,0.0,-0.0008333472224535399,0.5535858178888018,0.0
109782,8.51430857180953,0.5535858178887993,560,681,1241,0.0,-0.0008333472224535399,0.5535858178888018,0.0
109783,8.513475224587076,0.5535858178887993,560,681,1241,0.0,-0.0008333472224535399,0.5535858178888018,0.0
109784,8.512641877364622,0.5535858178887993,560,681,1241,0.0,-0.0008333472224535399,0.5535858178888018,0.0
109785,8.511808530142169,0.5535858178887993,560,681,1241,0.0,-0.0008333472224535399,0.5535858178888018,0.0
109786,8.510975182919715,0.5535858178887993,560,681,1241,0.0,-0.0008333472224535399,0.5535858178888018,0.0
109787,8.510141835697262,0.5535858178887993,560,681,1241,0.0,-0.0008333472224535399,0.5535858178888018,0.0
109788,8.509308488474808,0.5535858178887993,560,681,1241,0.0,-0.0008333472224535399,0.5535858178888018,0.0
109789,8.508475141252354,0.5535858178887993,560,681,1241,0.0,-0.0008333472224535399,0.5535858178888018,0.0
109790,8.507641794029901,0.5535858178887993,560,681,1241,0.0,-0.0008333472224535399,0.5535858178888018,0.0
109791,8.506808446807447,0.5535858178887993,560,681,1241,0.0,-0.0008333472224535399,0.5535858178888018,0.0
109792,8.505975099584994,0.5535858178887993,560,681,1241,0.0,-0.0008333472224535399,0.5535858178888018,0.0
109793,8.50514175236254,0.5535858178887993,560,681,1241,0.0,-0.0008333472224535399,0.5535858178888018,0.0
109794,8.504308405140087,0.5527800161160354,560,681,1241,-0.0008058017727639033,-0.0008333472224535399,0.5535052377115254,-8.058017727639034e-05
109795,8.503475057917633,0.5527800161160354,560,681,1241,0.0,-0.0008333472224535399,0.5534246575342491,-8.058017727639034e-05
109796,8.50264171069518,0.5527800161160354,560,681,1241,0.0,-0.0008333472224535399,0.5533440773569727,-8.058017727639034e-05
109797,8.501808363472726,0.5527800161160354,560,681,1241,0.0,-0.0008333472224535399,0.5532634971796964,-8.058017727639034e-05
109798,8.500975016250273,0.5527800161160354,560,681,1241,0.0,-0.0008333472224535399,0.5531829170024201,-8.058017727639034e-05
109799,8.500141669027812,0.5527800161160354,560,681,1241,0.0,-0.0008333472224606453,0.5531023368251436,-8.058017727639034e-05
109800,8.499308321805358,0.5527800161160354,560,681,1241,0.0,-0.0008333472224535399,0.5530217566478673,-8.058017727639034e-05
109801,8.498474974582905,0.5527800161160354,560,681,1241,0.0,-0.0008333472224535399,0.5529411764705909,-8.058017727639034e-05
109802,8.497641627360451,0.5527800161160354,560,681,1241,0.0,-0.0008333472224535399,0.5528605962933146,-8.058017727639034e-05
109803,8.496808280137998,0.5527800161160354,560,681,1241,0.0,-0.0008333472224535399,0.5527800161160383,-8.058017727639034e-05
109804,8.495974932915544,0.5527800161160354,560,681,1241,0.0,-0.0008333472224535399,0.5527800161160383,0.0
109805,8.49514158569309,0.5527800161160354,560,681,1241,0.0,-0.0008333472224535399,0.5527800161160383,0.0
109806,8.494308238470637,0.5527800161160354,560,681,1241,0.0,-0.0008333472224535399,0.5527800161160383,0.0
109807,8.493474891248184,0.5527800161160354,560,681,1241,0.0,-0.0008333472224535399,0.5527800161160383,0.0
109808,8.49264154402573,0.5527800161160354,560,681,1241,0.0,-0.0008333472224535399,0.5527800161160383,0.0
109809,8.491808196803277,0.5527800161160354,560,681,1241,0.0,-0.0008333472224535399,0.5527800161160383,0.0
109810,8.490974849580823,0.5527800161160354,560,681,1241,0.0,-0.0008333472224535399,0.5527800161160383,0.0
109811,8.49014150235837,0.5527800161160354,560,681,1241,0.0,-0.0008333472224535399,0.5527800161160383,0.0
109812,8.489308155135916,0.5527800161160354,560,681,1241,0.0,-0.0008333472224535399,0.5527800161160383,0.0
109813,8.488474807913462,0.5527800161160354,560,681,1241,0.0,-0.0008333472224535399,0.5527800161160383,0.0
109814,8.487641460691009,0.5527800161160354,560,681,1241,0.0,-0.0008333472224535399,0.5527800161160383,0.0
109815,8.486808113468555,0.5527800161160354,560,681,1241,0.0,-0.0008333472224535399,0.5527800161160383,0.0
109816,8.485974766246102,0.5527800161160354,560,681,1241,0.0,-0.0008333472224535399,0.5527800161160383,0.0
109817,8.485141419023648,0.5527800161160354,560,681,1241,0.0,-0.0008333472224535399,0.5527800161160383,0.0
109818,8.484308071801195,0.5527800161160354,560,681,1241,0.0,-0.0008333472224535399,0.5527800161160383,0.0
109819,8.483474724578741,0.5527800161160354,560,681,1241,0.0,-0.0008333472224535399,0.5527800161160383,0.0
109820,8.482641377356288,0.5527800161160354,560,681,1241,0.0,-0.0008333472224535399,0.5527800161160383,0.0
109821,8.481808030133834,0.5527800161160354,560,681,1241,0.0,-0.0008333472224535399,0.5527800161160383,0.0
109822,8.48097468291138,0.5527800161160354,560,681,1241,0.0,-0.0008333472224535399,0.5527800161160383,0.0
109823,8.480141335688927,0.5527800161160354,560,681,1241,0.0,-0.0008333472224535399,0.5527800161160383,0.0
109824,8.479307988466473,0.5527800161160354,560,681,1241,0.0,-0.0008333472224535399,0.5527800161160383,0.0
109825,8.47847464124402,0.5527800161160354,560,681,1241,0.0,-0.0008333472224535399,0.5527800161160383,0.0
109826,8.477641294021566,0.5527800161160354,560,681,1241,0.0,-0.0008333472224535399,0.5527800161160383,0.0
109827,8.476807946799113,0.5527800161160354,560,681,1241,0.0,-0.0008333472224535399,0.5527800161160383,0.0
109828,8.47597459957666,0.5527800161160354,560,681,1241,0.0,-0.0008333472224535399,0.5527800161160383,0.0
109829,8.475141252354206,0.5527800161160354,560,681,1241,0.0,-0.0008333472224535399,0.5527800161160383,0.0
109830,8.474307905131752,0.5527800161160354,560,681,1241,0.0,-0.0008333472224535399,0.5527800161160383,0.0
109831,8.473474557909299,0.5527800161160354,560,681,1241,0.0,-0.0008333472224535399,0.5527800161160383,0.0
109832,8.472641210686845,0.5527800161160354,560,681,1241,0.0,-0.0008333472224535399,0.5527800161160383,0.0
109833,8.471807863464392,0.5527800161160354,560,681,1241,0.0,-0.0008333472224535399,0.5527800161160383,0.0
109834,8.470974516241938,0.5527800161160354,560,681,1241,0.0,-0.0008333472224535399,0.5527800161160383,0.0
109835,8.470141169019485,0.5527800161160354,560,681,1241,0.0,-0.0008333472224535399,0.5527800161160383,0.0
109836,8.469307821797031,0.5527800161160354,560,681,1241,0.0,-0.0008333472224535399,0.5527800161160383,0.0
109837,8.468474474574577,0.5527800161160354,560,681,1241,0.0,-0.0008333472224535399,0.5527800161160383,0.0
109838,8.467641127352124,0.5527800161160354,560,681,1241,0.0,-0.0008333472224535399,0.5527800161160383,0.0
109839,8.46680778012967,0.5527800161160354,560,681,1241,0.0,-0.0008333472224535399,0.5527800161160383,0.0
109840,8.465974432907217,0.5527800161160354,560,681,1241,0.0,-0.0008333472224535399,0.5527800161160383,0.0
109841,8.465141085684756,0.5527800161160354,560,681,1241,0.0,-0.0008333472224606453,0.5527800161160383,0.0
109842,8.464307738462303,0.5527800161160354,560,681,1241,0.0,-0.0008333472224535399,0.5527800161160383,0.0
109843,8.46347439123985,0.5527800161160354,560,681,1241,0.0,-0.0008333472224535399,0.5527800161160383,0.0
109844,8.462641044017396,0.5527800161160354,560,681,1241,0.0,-0.0008333472224535399,0.5527800161160383,0.0
109845,8.461807696794942,0.5527800161160354,560,681,1241,0.0,-0.0008333472224535399,0.5527800161160383,0.0
109846,8.460974349572489,0.5527800161160354,560,681,1241,0.0,-0.0008333472224535399,0.5527800161160383,0.0
109847,8.460141002350035,0.5527800161160354,560,681,1241,0.0,-0.0008333472224535399,0.5527800161160383,0.0
109848,8.459307655127581,0.5527800161160354,560,681,1241,0.0,-0.0008333472224535399,0.5527800161160383,0.0
109849,8.458474307905128,0.5535858178887993,560,681,1241,0.0008058017727639033,-0.0008333472224535399,0.5528605962933147,8.058017727639034e-05
109850,8.457640960682674,0.5535858178887993,560,681,1241,0.0,-0.0008333472224535399,0.552941176470591,8.058017727639034e-05
109851,8.45680761346022,0.5535858178887993,560,681,1241,0.0,-0.0008333472224535399,0.5530217566478675,8.058017727639034e-05
109852,8.455974266237767,0.5535858178887993,560,681,1241,0.0,-0.0008333472224535399,0.5531023368251438,8.058017727639034e-05
109853,8.455140919015314,0.5535858178887993,560,681,1241,0.0,-0.0008333472224535399,0.5531829170024201,8.058017727639034e-05
109854,8.45430757179286,0.5535858178887993,560,681,1241,0.0,-0.0008333472224535399,0.5532634971796965,8.058017727639034e-05
109855,8.453474224570407,0.5535858178887993,560,681,1241,0.0,-0.0008333472224535399,0.5533440773569728,8.058017727639034e-05
109856,8.452640877347953,0.5535858178887993,560,681,1241,0.0,-0.0008333472224535399,0.5534246575342492,8.058017727639034e-05
109857,8.4518075301255,0.5535858178887993,560,681,1241,0.0,-0.0008333472224535399,0.5535052377115255,8.058017727639034e-05
109858,8.450974182903046,0.5535858178887993,560,681,1241,0.0,-0.0008333472224535399,0.5535858178888018,8.058017727639034e-05
109859,8.450140835680592,0.5535858178887993,560,681,1241,0.0,-0.0008333472224535399,0.5535858178888018,0.0
109860,8.449307488458139,0.5535858178887993,560,681,1241,0.0,-0.0008333472224535399,0.5535858178888018,0.0
109861,8.448474141235685,0.5535858178887993,560,681,1241,0.0,-0.0008333472224535399,0.5535858178888018,0.0
109862,8.447640794013232,0.5535858178887993,560,681,1241,0.0,-0.0008333472224535399,0.5535858178888018,0.0
109863,8.446807446790778,0.5535858178887993,560,681,1241,0.0,-0.0008333472224535399,0.5535858178888018,0.0
109864,8.445974099568325,0.5535858178887993,560,681,1241,0.0,-0.0008333472224535399,0.5535858178888018,0.0
109865,8.445140752345871,0.5535858178887993,560,681,1241,0.0,-0.0008333472224535399,0.5535858178888018,0.0
109866,8.444307405123418,0.5535858178887993,560,681,1241,0.0,-0.0008333472224535399,0.5535858178888018,0.0
109867,8.443474057900964,0.5527800161160354,560,681,1241,-0.0008058017727639033,-0.0008333472224535399,0.5535052377115254,-8.058017727639034e-05
109868,8.44264071067851,0.5527800161160354,560,681,1241,0.0,-0.0008333472224535399,0.5534246575342491,-8.058017727639034e-05
109869,8.441807363456057,0.5527800161160354,560,681,1241,0.0,-0.0008333472224535399,0.5533440773569727,-8.058017727639034e-05
109870,8.440974016233604,0.5527800161160354,560,681,1241,0.0,-0.0008333472224535399,0.5532634971796964,-8.058017727639034e-05
109871,8.44014066901115,0.5527800161160354,560,681,1241,0.0,-0.0008333472224535399,0.5531829170024201,-8.058017727639034e-05
109872,8.439307321788696,0.5527800161160354,560,681,1241,0.0,-0.0008333472224535399,0.5531023368251436,-8.058017727639034e-05
109873,8.438473974566243,0.5527800161160354,560,681,1241,0.0,-0.0008333472224535399,0.5530217566478673,-8.058017727639034e-05
109874,8.43764062734379,0.5527800161160354,560,681,1241,0.0,-0.0008333472224535399,0.5529411764705909,-8.058017727639034e-05
109875,8.436807280121336,0.5527800161160354,560,681,1241,0.0,-0.0008333472224535399,0.5528605962933146,-8.058017727639034e-05
109876,8.435973932898882,0.5527800161160354,560,681,1241,0.0,-0.0008333472224535399,0.5527800161160383,-8.058017727639034e-05
109877,8.435140585676429,0.5527800161160354,560,681,1241,0.0,-0.0008333472224535399,0.5527800161160383,0.0
109878,8.434307238453975,0.5527800161160354,560,681,1241,0.0,-0.0008333472224535399,0.5527800161160383,0.0
109879,8.433473891231522,0.5527800161160354,560,681,1241,0.0,-0.0008333472224535399,0.5527800161160383,0.0
109880,8.432640544009068,0.5527800161160354,560,681,1241,0.0,-0.0008333472224535399,0.5527800161160383,0.0
109881,8.431807196786615,0.5527800161160354,560,681,1241,0.0,-0.0008333472224535399,0.5527800161160383,0.0
109882,8.430973849564161,0.5527800161160354,560,681,1241,0.0,-0.0008333472224535399,0.5527800161160383,0.0
109883,8.4301405023417,0.5527800161160354,560,681,1241,0.0,-0.0008333472224606453,0.5527800161160383,0.0
109884,8.429307155119247,0.5527800161160354,560,681,1241,0.0,-0.0008333472224535399,0.5527800161160383,0.0
109885,8.428473807896793,0.5527800161160354,560,681,1241,0.0,-0.0008333472224535399,0.5527800161160383,0.0
109886,8.42764046067434,0.5527800161160354,560,681,1241,0.0,-0.0008333472224535399,0.5527800161160383,0.0
109887,8.426807113451886,0.5527800161160354,560,681,1241,0.0,-0.0008333472224535399,0.5527800161160383,0.0
109888,8.425973766229433,0.5527800161160354,560,681,1241,0.0,-0.0008333472224535399,0.5527800161160383,0.0
109889,8.42514041900698,0.5527800161160354,560,681,1241,0.0,-0.0008333472224535399,0.5527800161160383,0.0
109890,8.424307071784526,0.5527800161160354,560,681,1241,0.0,-0.0008333472224535399,0.5527800161160383,0.0
109891,8.423473724562072,0.5527800161160354,560,681,1241,0.0,-0.0008333472224535399,0.5527800161160383,0.0
109892,8.422640377339619,0.5519742143432715,560,681,1241,-0.0008058017727639033,-0.0008333472224535399,0.552699435938762,-8.058017727639034e-05
109893,8.421807030117165,0.5519742143432715,560,681,1241,0.0,-0.0008333472224535399,0.5526188557614857,-8.058017727639034e-05
109894,8.420973682894711,0.5519742143432715,560,681,1241,0.0,-0.0008333472224535399,0.5525382755842093,-8.058017727639034e-05
109895,8.420140335672258,0.5519742143432715,560,681,1241,0.0,-0.0008333472224535399,0.552457695406933,-8.058017727639034e-05
109896,8.419306988449804,0.5519742143432715,560,681,1241,0.0,-0.0008333472224535399,0.5523771152296566,-8.058017727639034e-05
109897,8.41847364122735,0.5519742143432715,560,681,1241,0.0,-0.0008333472224535399,0.5522965350523803,-8.058017727639034e-05
109898,8.417640294004897,0.5519742143432715,560,681,1241,0.0,-0.0008333472224535399,0.552215954875104,-8.058017727639034e-05
109899,8.416806946782444,0.5519742143432715,560,681,1241,0.0,-0.0008333472224535399,0.5521353746978276,-8.058017727639034e-05
109900,8.41597359955999,0.5519742143432715,560,681,1241,0.0,-0.0008333472224535399,0.5520547945205513,-8.058017727639034e-05
109901,8.415140252337537,0.5519742143432715,560,681,1241,0.0,-0.0008333472224535399,0.5519742143432749,-8.058017727639034e-05
109902,8.414306905115083,0.5519742143432715,560,681,1241,0.0,-0.0008333472224535399,0.5519742143432749,0.0
109903,8.41347355789263,0.5519742143432715,560,681,1241,0.0,-0.0008333472224535399,0.5519742143432749,0.0
109904,8.412640210670176,0.5519742143432715,560,681,1241,0.0,-0.0008333472224535399,0.5519742143432749,0.0
109905,8.411806863447723,0.5519742143432715,560,681,1241,0.0,-0.0008333472224535399,0.5519742143432749,0.0
109906,8.410973516225269,0.5519742143432715,560,681,1241,0.0,-0.0008333472224535399,0.5519742143432749,0.0
109907,8.410140169002815,0.5519742143432715,560,681,1241,0.0,-0.0008333472224535399,0.5519742143432749,0.0
109908,8.409306821780362,0.5519742143432715,560,681,1241,0.0,-0.0008333472224535399,0.5519742143432749,0.0
109909,8.408473474557908,0.5519742143432715,560,681,1241,0.0,-0.0008333472224535399,0.5519742143432749,0.0
109910,8.407640127335455,0.5519742143432715,560,681,1241,0.0,-0.0008333472224535399,0.5519742143432749,0.0
109911,8.406806780113001,0.5519742143432715,560,681,1241,0.0,-0.0008333472224535399,0.5519742143432749,0.0
109912,8.405973432890548,0.5519742143432715,560,681,1241,0.0,-0.0008333472224535399,0.5519742143432749,0.0
109913,8.405140085668094,0.5519742143432715,560,681,1241,0.0,-0.0008333472224535399,0.5519742143432749,0.0
109914,8.40430673844564,0.5519742143432715,560,681,1241,0.0,-0.0008333472224535399,0.5519742143432749,0.0
109915,8.403473391223187,0.5519742143432715,560,681,1241,0.0,-0.0008333472224535399,0.5519742143432749,0.0
109916,8.402640044000734,0.5519742143432715,560,681,1241,0.0,-0.0008333472224535399,0.5519742143432749,0.0
109917,8.40180669677828,0.5519742143432715,560,681,1241,0.0,-0.0008333472224535399,0.5519742143432749,0.0
109918,8.400973349555827,0.5519742143432715,560,681,1241,0.0,-0.0008333472224535399,0.5519742143432749,0.0
109919,8.400140002333373,0.5519742143432715,560,681,1241,0.0,-0.0008333472224535399,0.5519742143432749,0.0
109920,8.39930665511092,0.5511684125705076,560,681,1241,-0.0008058017727639033,-0.0008333472224535399,0.5518936341659986,-8.058017727639034e-05
109921,8.398473307888466,0.5511684125705076,560,681,1241,0.0,-0.0008333472224535399,0.5518130539887223,-8.058017727639034e-05
109922,8.397639960666012,0.5511684125705076,560,681,1241,0.0,-0.0008333472224535399,0.5517324738114459,-8.058017727639034e-05
109923,8.396806613443559,0.5511684125705076,560,681,1241,0.0,-0.0008333472224535399,0.5516518936341696,-8.058017727639034e-05
109924,8.395973266221105,0.5511684125705076,560,681,1241,0.0,-0.0008333472224535399,0.5515713134568931,-8.058017727639034e-05
109925,8.395139918998652,0.5519742143432715,560,681,1241,0.0008058017727639033,-0.0008333472224535399,0.5515713134568931,0.0
109926,8.394306571776191,0.5519742143432715,560,681,1241,0.0,-0.0008333472224606453,0.5515713134568931,0.0
109927,8.393473224553738,0.5519742143432715,560,681,1241,0.0,-0.0008333472224535399,0.5515713134568931,0.0
109928,8.392639877331284,0.5519742143432715,560,681,1241,0.0,-0.0008333472224535399,0.5515713134568931,0.0
109929,8.39180653010883,0.5519742143432715,560,681,1241,0.0,-0.0008333472224535399,0.5515713134568931,0.0
109930,8.390973182886377,0.5519742143432715,560,681,1241,0.0,-0.0008333472224535399,0.5516518936341696,8.058017727639034e-05
109931,8.390139835663923,0.5519742143432715,560,681,1241,0.0,-0.0008333472224535399,0.5517324738114459,8.058017727639034e-05
109932,8.38930648844147,0.5511684125705076,560,681,1241,-0.0008058017727639033,-0.0008333472224535399,0.5517324738114459,0.0
109933,8.388473141219016,0.5511684125705076,560,681,1241,0.0,-0.0008333472224535399,0.5517324738114459,0.0
109934,8.387639793996563,0.5511684125705076,560,681,1241,0.0,-0.0008333472224535399,0.5517324738114459,0.0
109935,8.38680644677411,0.5511684125705076,560,681,1241,0.0,-0.0008333472224535399,0.5516518936341696,-8.058017727639034e-05
109936,8.385973099551656,0.5511684125705076,560,681,1241,0.0,-0.0008333472224535399,0.5515713134568931,-8.058017727639034e-05
109937,8.385139752329202,0.5511684125705076,560,681,1241,0.0,-0.0008333472224535399,0.5514907332796168,-8.058017727639034e-05
109938,8.384306405106749,0.5511684125705076,560,681,1241,0.0,-0.0008333472224535399,0.5514101531023405,-8.058017727639034e-05
109939,8.383473057884295,0.5511684125705076,560,681,1241,0.0,-0.0008333472224535399,0.5513295729250641,-8.058017727639034e-05
109940,8.382639710661842,0.5511684125705076,560,681,1241,0.0,-0.0008333472224535399,0.5512489927477878,-8.058017727639034e-05
109941,8.381806363439388,0.5511684125705076,560,681,1241,0.0,-0.0008333472224535399,0.5511684125705114,-8.058017727639034e-05
109942,8.380973016216934,0.5511684125705076,560,681,1241,0.0,-0.0008333472224535399,0.5511684125705114,0.0
109943,8.380139668994481,0.5511684125705076,560,681,1241,0.0,-0.0008333472224535399,0.5511684125705114,0.0
109944,8.379306321772027,0.5511684125705076,560,681,1241,0.0,-0.0008333472224535399,0.5511684125705114,0.0
109945,8.378472974549574,0.5511684125705076,560,681,1241,0.0,-0.0008333472224535399,0.5511684125705114,0.0
109946,8.37763962732712,0.5511684125705076,560,681,1241,0.0,-0.0008333472224535399,0.5511684125705114,0.0
109947,8.376806280104667,0.5511684125705076,560,681,1241,0.0,-0.0008333472224535399,0.5511684125705114,0.0
109948,8.375972932882213,0.5511684125705076,560,681,1241,0.0,-0.0008333472224535399,0.5511684125705114,0.0
109949,8.37513958565976,0.5511684125705076,560,681,1241,0.0,-0.0008333472224535399,0.5511684125705114,0.0
109950,8.374306238437306,0.5519742143432715,560,681,1241,0.0008058017727639033,-0.0008333472224535399,0.5512489927477878,8.058017727639034e-05
109951,8.373472891214853,0.5519742143432715,560,681,1241,0.0,-0.0008333472224535399,0.5513295729250641,8.058017727639034e-05
109952,8.372639543992399,0.5519742143432715,560,681,1241,0.0,-0.0008333472224535399,0.5514101531023405,8.058017727639034e-05
109953,8.371806196769946,0.5519742143432715,560,681,1241,0.0,-0.0008333472224535399,0.5514907332796168,8.058017727639034e-05
109954,8.370972849547492,0.5519742143432715,560,681,1241,0.0,-0.0008333472224535399,0.5515713134568931,8.058017727639034e-05
109955,8.370139502325038,0.5519742143432715,560,681,1241,0.0,-0.0008333472224535399,0.5516518936341696,8.058017727639034e-05
109956,8.369306155102585,0.5519742143432715,560,681,1241,0.0,-0.0008333472224535399,0.5517324738114459,8.058017727639034e-05
109957,8.368472807880131,0.5519742143432715,560,681,1241,0.0,-0.0008333472224535399,0.5518130539887223,8.058017727639034e-05
109958,8.367639460657678,0.5519742143432715,560,681,1241,0.0,-0.0008333472224535399,0.5518936341659986,8.058017727639034e-05
109959,8.366806113435224,0.5519742143432715,560,681,1241,0.0,-0.0008333472224535399,0.5519742143432749,8.058017727639034e-05
109960,8.36597276621277,0.5519742143432715,560,681,1241,0.0,-0.0008333472224535399,0.5519742143432749,0.0
109961,8.365139418990317,0.5519742143432715,560,681,1241,0.0,-0.0008333472224535399,0.5519742143432749,0.0
109962,8.364306071767864,0.5519742143432715,560,681,1241,0.0,-0.0008333472224535399,0.5519742143432749,0.0
109963,8.36347272454541,0.5519742143432715,560,681,1241,0.0,-0.0008333472224535399,0.5519742143432749,0.0
109964,8.362639377322957,0.5519742143432715,560,681,1241,0.0,-0.0008333472224535399,0.5519742143432749,0.0
109965,8.361806030100503,0.5519742143432715,560,681,1241,0.0,-0.0008333472224535399,0.5519742143432749,0.0
109966,8.36097268287805,0.5519742143432715,560,681,1241,0.0,-0.0008333472224535399,0.5519742143432749,0.0
109967,8.360139335655596,0.5519742143432715,560,681,1241,0.0,-0.0008333472224535399,0.5519742143432749,0.0
109968,8.359305988433135,0.5519742143432715,560,681,1241,0.0,-0.0008333472224606453,0.5519742143432749,0.0
109969,8.358472641210682,0.5519742143432715,560,681,1241,0.0,-0.0008333472224535399,0.5519742143432749,0.0
109970,8.357639293988228,0.5511684125705076,560,681,1241,-0.0008058017727639033,-0.0008333472224535399,0.5518936341659986,-8.058017727639034e-05
109971,8.356805946765775,0.5511684125705076,560,681,1241,0.0,-0.0008333472224535399,0.5518130539887223,-8.058017727639034e-05
109972,8.355972599543321,0.5511684125705076,560,681,1241,0.0,-0.0008333472224535399,0.5517324738114459,-8.058017727639034e-05
109973,8.355139252320868,0.5511684125705076,560,681,1241,0.0,-0.0008333472224535399,0.5516518936341696,-8.058017727639034e-05
109974,8.354305905098414,0.5511684125705076,560,681,1241,0.0,-0.0008333472224535399,0.5515713134568931,-8.058017727639034e-05
109975,8.35347255787596,0.5511684125705076,560,681,1241,0.0,-0.0008333472224535399,0.5514907332796168,-8.058017727639034e-05
109976,8.352639210653507,0.5511684125705076,560,681,1241,0.0,-0.0008333472224535399,0.5514101531023405,-8.058017727639034e-05
109977,8.351805863431053,0.5511684125705076,560,681,1241,0.0,-0.0008333472224535399,0.5513295729250641,-8.058017727639034e-05
109978,8.3509725162086,0.5511684125705076,560,681,1241,0.0,-0.0008333472224535399,0.5512489927477878,-8.058017727639034e-05
109979,8.350139168986146,0.5511684125705076,560,681,1241,0.0,-0.0008333472224535399,0.5511684125705114,-8.058017727639034e-05
109980,8.349305821763693,0.5511684125705076,560,681,1241,0.0,-0.0008333472224535399,0.5511684125705114,0.0
109981,8.34847247454124,0.5511684125705076,560,681,1241,0.0,-0.0008333472224535399,0.5511684125705114,0.0
109982,8.347639127318786,0.5511684125705076,560,681,1241,0.0,-0.0008333472224535399,0.5511684125705114,0.0
109983,8.346805780096332,0.5511684125705076,560,681,1241,0.0,-0.0008333472224535399,0.5511684125705114,0.0
109984,8.345972432873879,0.5511684125705076,560,681,1241,0.0,-0.0008333472224535399,0.5511684125705114,0.0
109985,8.345139085651425,0.5511684125705076,560,681,1241,0.0,-0.0008333472224535399,0.5511684125705114,0.0
109986,8.344305738428972,0.5511684125705076,560,681,1241,0.0,-0.0008333472224535399,0.5511684125705114,0.0
109987,8.343472391206518,0.5511684125705076,560,681,1241,0.0,-0.0008333472224535399,0.5511684125705114,0.0
109988,8.342639043984065,0.5511684125705076,560,681,1241,0.0,-0.0008333472224535399,0.5511684125705114,0.0
109989,8.341805696761611,0.5511684125705076,560,681,1241,0.0,-0.0008333472224535399,0.5511684125705114,0.0
109990,8.340972349539157,0.5511684125705076,560,681,1241,0.0,-0.0008333472224535399,0.5511684125705114,0.0
109991,8.340139002316704,0.5511684125705076,560,681,1241,0.0,-0.0008333472224535399,0.5511684125705114,0.0
109992,8.33930565509425,0.5511684125705076,560,681,1241,0.0,-0.0008333472224535399,0.5511684125705114,0.0
109993,8.338472307871797,0.5511684125705076,560,681,1241,0.0,-0.0008333472224535399,0.5511684125705114,0.0
109994,8.337638960649343,0.5511684125705076,560,681,1241,0.0,-0.0008333472224535399,0.5511684125705114,0.0
109995,8.33680561342689,0.5511684125705076,560,681,1241,0.0,-0.0008333472224535399,0.5511684125705114,0.0
109996,8.335972266204436,0.5511684125705076,560,681,1241,0.0,-0.0008333472224535399,0.5511684125705114,0.0
109997,8.335138918981983,0.5511684125705076,560,681,1241,0.0,-0.0008333472224535399,0.5511684125705114,0.0
109998,8.33430557175953,0.5511684125705076,560,681,1241,0.0,-0.0008333472224535399,0.5511684125705114,0.0
109999,8.333472224537076,0.5511684125705076,560,681,1241,0.0,-0.0008333472224535399,0.5511684125705114,0.0
110000,8.332638877314622,0.5511684125705076,560,681,1241,0.0,-0.0008333472224535399,0.5511684125705114,0.0
110001,8.331805530092169,0.5511684125705076,560,681,1241,0.0,-0.0008333472224535399,0.5511684125705114,0.0
110002,8.330972182869715,0.5511684125705076,560,681,1241,0.0,-0.0008333472224535399,0.5511684125705114,0.0
110003,8.330138835647261,0.5511684125705076,560,681,1241,0.0,-0.0008333472224535399,0.5511684125705114,0.0
110004,8.329305488424808,0.5511684125705076,560,681,1241,0.0,-0.0008333472224535399,0.5511684125705114,0.0
110005,8.328472141202354,0.5511684125705076,560,681,1241,0.0,-0.0008333472224535399,0.5511684125705114,0.0
110006,8.3276387939799,0.5511684125705076,560,681,1241,0.0,-0.0008333472224535399,0.5511684125705114,0.0
110007,8.326805446757447,0.5511684125705076,560,681,1241,0.0,-0.0008333472224535399,0.5511684125705114,0.0
110008,8.325972099534994,0.5511684125705076,560,681,1241,0.0,-0.0008333472224535399,0.5511684125705114,0.0
110009,8.32513875231254,0.5511684125705076,560,681,1241,0.0,-0.0008333472224535399,0.5511684125705114,0.0
110010,8.32430540509008,0.5511684125705076,560,681,1241,0.0,-0.0008333472224606453,0.5511684125705114,0.0
110011,8.323472057867626,0.5511684125705076,560,681,1241,0.0,-0.0008333472224535399,0.5511684125705114,0.0
110012,8.322638710645172,0.5511684125705076,560,681,1241,0.0,-0.0008333472224535399,0.5511684125705114,0.0
110013,8.321805363422719,0.5511684125705076,560,681,1241,0.0,-0.0008333472224535399,0.5511684125705114,0.0
110014,8.320972016200265,0.5511684125705076,560,681,1241,0.0,-0.0008333472224535399,0.5511684125705114,0.0
110015,8.320138668977812,0.5511684125705076,560,681,1241,0.0,-0.0008333472224535399,0.5511684125705114,0.0
110016,8.319305321755358,0.5511684125705076,560,681,1241,0.0,-0.0008333472224535399,0.5511684125705114,0.0
110017,8.318471974532905,0.5511684125705076,560,681,1241,0.0,-0.0008333472224535399,0.5511684125705114,0.0
110018,8.317638627310451,0.5511684125705076,560,681,1241,0.0,-0.0008333472224535399,0.5511684125705114,0.0
110019,8.316805280087998,0.5511684125705076,560,681,1241,0.0,-0.0008333472224535399,0.5511684125705114,0.0
110020,8.315971932865544,0.5511684125705076,560,681,1241,0.0,-0.0008333472224535399,0.5511684125705114,0.0
110021,8.31513858564309,0.5511684125705076,560,681,1241,0.0,-0.0008333472224535399,0.5511684125705114,0.0
110022,8.314305238420637,0.5511684125705076,560,681,1241,0.0,-0.0008333472224535399,0.5511684125705114,0.0
110023,8.313471891198184,0.5511684125705076,560,681,1241,0.0,-0.0008333472224535399,0.5511684125705114,0.0
110024,8.31263854397573,0.5511684125705076,560,681,1241,0.0,-0.0008333472224535399,0.5511684125705114,0.0
110025,8.311805196753276,0.5511684125705076,560,681,1241,0.0,-0.0008333472224535399,0.5511684125705114,0.0
110026,8.310971849530823,0.5511684125705076,560,681,1241,0.0,-0.0008333472224535399,0.5511684125705114,0.0
110027,8.31013850230837,0.5511684125705076,560,681,1241,0.0,-0.0008333472224535399,0.5511684125705114,0.0
110028,8.309305155085916,0.5511684125705076,560,681,1241,0.0,-0.0008333472224535399,0.5511684125705114,0.0
110029,8.308471807863462,0.5511684125705076,560,681,1241,0.0,-0.0008333472224535399,0.5511684125705114,0.0
110030,8.307638460641009,0.5511684125705076,560,681,1241,0.0,-0.0008333472224535399,0.5511684125705114,0.0
110031,8.306805113418555,0.5511684125705076,560,681,1241,0.0,-0.0008333472224535399,0.5511684125705114,0.0
110032,8.305971766196102,0.5511684125705076,560,681,1241,0.0,-0.0008333472224535399,0.5511684125705114,0.0
110033,8.305138418973648,0.5511684125705076,560,681,1241,0.0,-0.0008333472224535399,0.5511684125705114,0.0
110034,8.304305071751195,0.5511684125705076,560,681,1241,0.0,-0.0008333472224535399,0.5511684125705114,0.0
110035,8.303471724528741,0.5511684125705076,560,681,1241,0.0,-0.0008333472224535399,0.5511684125705114,0.0
110036,8.302638377306288,0.5511684125705076,560,681,1241,0.0,-0.0008333472224535399,0.5511684125705114,0.0
110037,8.301805030083834,0.5511684125705076,560,681,1241,0.0,-0.0008333472224535399,0.5511684125705114,0.0
110038,8.30097168286138,0.5511684125705076,560,681,1241,0.0,-0.0008333472224535399,0.5511684125705114,0.0
110039,8.300138335638927,0.5519742143432715,560,681,1241,0.0008058017727639033,-0.0008333472224535399,0.5512489927477878,8.058017727639034e-05
110040,8.299304988416473,0.5519742143432715,560,681,1241,0.0,-0.0008333472224535399,0.5513295729250641,8.058017727639034e-05
110041,8.29847164119402,0.5519742143432715,560,681,1241,0.0,-0.0008333472224535399,0.5514101531023405,8.058017727639034e-05
110042,8.297638293971566,0.5519742143432715,560,681,1241,0.0,-0.0008333472224535399,0.5514907332796168,8.058017727639034e-05
110043,8.296804946749113,0.5519742143432715,560,681,1241,0.0,-0.0008333472224535399,0.5515713134568931,8.058017727639034e-05
110044,8.29597159952666,0.5519742143432715,560,681,1241,0.0,-0.0008333472224535399,0.5516518936341696,8.058017727639034e-05
110045,8.295138252304206,0.5519742143432715,560,681,1241,0.0,-0.0008333472224535399,0.5517324738114459,8.058017727639034e-05
110046,8.294304905081752,0.5519742143432715,560,681,1241,0.0,-0.0008333472224535399,0.5518130539887223,8.058017727639034e-05
110047,8.293471557859299,0.5519742143432715,560,681,1241,0.0,-0.0008333472224535399,0.5518936341659986,8.058017727639034e-05
110048,8.292638210636845,0.5519742143432715,560,681,1241,0.0,-0.0008333472224535399,0.5519742143432749,8.058017727639034e-05
110049,8.291804863414391,0.5519742143432715,560,681,1241,0.0,-0.0008333472224535399,0.5519742143432749,0.0
110050,8.290971516191938,0.5519742143432715,560,681,1241,0.0,-0.0008333472224535399,0.5519742143432749,0.0
110051,8.290138168969484,0.5519742143432715,560,681,1241,0.0,-0.0008333472224535399,0.5519742143432749,0.0
110052,8.28930482174703,0.5519742143432715,560,681,1241,0.0,-0.0008333472224535399,0.5519742143432749,0.0
110053,8.28847147452457,0.5519742143432715,560,681,1241,0.0,-0.0008333472224606453,0.5519742143432749,0.0
110054,8.287638127302117,0.5519742143432715,560,681,1241,0.0,-0.0008333472224535399,0.5519742143432749,0.0
110055,8.286804780079663,0.5519742143432715,560,681,1241,0.0,-0.0008333472224535399,0.5519742143432749,0.0
110056,8.28597143285721,0.5519742143432715,560,681,1241,0.0,-0.0008333472224535399,0.5519742143432749,0.0
110057,8.285138085634756,0.5519742143432715,560,681,1241,0.0,-0.0008333472224535399,0.5519742143432749,0.0
110058,8.284304738412303,0.5519742143432715,560,681,1241,0.0,-0.0008333472224535399,0.5519742143432749,0.0
110059,8.283471391189849,0.5519742143432715,560,681,1241,0.0,-0.0008333472224535399,0.5519742143432749,0.0
110060,8.282638043967395,0.5519742143432715,560,681,1241,0.0,-0.0008333472224535399,0.5519742143432749,0.0
110061,8.281804696744942,0.5519742143432715,560,681,1241,0.0,-0.0008333472224535399,0.5519742143432749,0.0
110062,8.280971349522488,0.5511684125705076,560,681,1241,-0.0008058017727639033,-0.0008333472224535399,0.5518936341659986,-8.058017727639034e-05
110063,8.280138002300035,0.5511684125705076,560,681,1241,0.0,-0.0008333472224535399,0.5518130539887223,-8.058017727639034e-05
110064,8.279304655077581,0.5511684125705076,560,681,1241,0.0,-0.0008333472224535399,0.5517324738114459,-8.058017727639034e-05
110065,8.278471307855128,0.5511684125705076,560,681,1241,0.0,-0.0008333472224535399,0.5516518936341696,-8.058017727639034e-05
110066,8.277637960632674,0.5519742143432715,560,681,1241,0.0008058017727639033,-0.0008333472224535399,0.5516518936341696,0.0
110067,8.27680461341022,0.5519742143432715,560,681,1241,0.0,-0.0008333472224535399,0.5516518936341696,0.0
110068,8.275971266187767,0.5519742143432715,560,681,1241,0.0,-0.0008333472224535399,0.5516518936341696,0.0
110069,8.275137918965314,0.5519742143432715,560,681,1241,0.0,-0.0008333472224535399,0.5516518936341696,0.0
110070,8.27430457174286,0.5519742143432715,560,681,1241,0.0,-0.0008333472224535399,0.5516518936341696,0.0
110071,8.273471224520407,0.5519742143432715,560,681,1241,0.0,-0.0008333472224535399,0.5516518936341696,0.0
110072,8.272637877297953,0.5519742143432715,560,681,1241,0.0,-0.0008333472224535399,0.5517324738114459,8.058017727639034e-05
110073,8.2718045300755,0.5519742143432715,560,681,1241,0.0,-0.0008333472224535399,0.5518130539887223,8.058017727639034e-05
110074,8.270971182853046,0.5519742143432715,560,681,1241,0.0,-0.0008333472224535399,0.5518936341659986,8.058017727639034e-05
110075,8.270137835630592,0.5511684125705076,560,681,1241,-0.0008058017727639033,-0.0008333472224535399,0.5518936341659986,0.0
110076,8.269304488408139,0.5511684125705076,560,681,1241,0.0,-0.0008333472224535399,0.5518130539887223,-8.058017727639034e-05
110077,8.268471141185685,0.5511684125705076,560,681,1241,0.0,-0.0008333472224535399,0.5517324738114459,-8.058017727639034e-05
110078,8.267637793963232,0.5511684125705076,560,681,1241,0.0,-0.0008333472224535399,0.5516518936341696,-8.058017727639034e-05
110079,8.266804446740778,0.5511684125705076,560,681,1241,0.0,-0.0008333472224535399,0.5515713134568931,-8.058017727639034e-05
110080,8.265971099518325,0.5511684125705076,560,681,1241,0.0,-0.0008333472224535399,0.5514907332796168,-8.058017727639034e-05
110081,8.265137752295871,0.5511684125705076,560,681,1241,0.0,-0.0008333472224535399,0.5514101531023405,-8.058017727639034e-05
110082,8.264304405073418,0.5511684125705076,560,681,1241,0.0,-0.0008333472224535399,0.5513295729250641,-8.058017727639034e-05
110083,8.263471057850964,0.5511684125705076,560,681,1241,0.0,-0.0008333472224535399,0.5512489927477878,-8.058017727639034e-05
110084,8.26263771062851,0.5511684125705076,560,681,1241,0.0,-0.0008333472224535399,0.5511684125705114,-8.058017727639034e-05
110085,8.261804363406057,0.5511684125705076,560,681,1241,0.0,-0.0008333472224535399,0.5511684125705114,0.0
110086,8.260971016183603,0.5511684125705076,560,681,1241,0.0,-0.0008333472224535399,0.5511684125705114,0.0
110087,8.26013766896115,0.5511684125705076,560,681,1241,0.0,-0.0008333472224535399,0.5511684125705114,0.0
110088,8.259304321738696,0.5511684125705076,560,681,1241,0.0,-0.0008333472224535399,0.5511684125705114,0.0
110089,8.258470974516243,0.5511684125705076,560,681,1241,0.0,-0.0008333472224535399,0.5511684125705114,0.0
110090,8.25763762729379,0.5511684125705076,560,681,1241,0.0,-0.0008333472224535399,0.5511684125705114,0.0
110091,8.256804280071336,0.5511684125705076,560,681,1241,0.0,-0.0008333472224535399,0.5511684125705114,0.0
110092,8.255970932848882,0.5511684125705076,560,681,1241,0.0,-0.0008333472224535399,0.5511684125705114,0.0
110093,8.255137585626429,0.5511684125705076,560,681,1241,0.0,-0.0008333472224535399,0.5511684125705114,0.0
110094,8.254304238403975,0.5511684125705076,560,681,1241,0.0,-0.0008333472224535399,0.5511684125705114,0.0
110095,8.253470891181514,0.5511684125705076,560,681,1241,0.0,-0.0008333472224606453,0.5511684125705114,0.0
110096,8.252637543959061,0.5511684125705076,560,681,1241,0.0,-0.0008333472224535399,0.5511684125705114,0.0
110097,8.251804196736607,0.5511684125705076,560,681,1241,0.0,-0.0008333472224535399,0.5511684125705114,0.0
110098,8.250970849514154,0.5511684125705076,560,681,1241,0.0,-0.0008333472224535399,0.5511684125705114,0.0
110099,8.2501375022917,0.5511684125705076,560,681,1241,0.0,-0.0008333472224535399,0.5511684125705114,0.0
110100,8.249304155069247,0.5511684125705076,560,681,1241,0.0,-0.0008333472224535399,0.5511684125705114,0.0
110101,8.248470807846793,0.5511684125705076,560,681,1241,0.0,-0.0008333472224535399,0.5511684125705114,0.0
110102,8.24763746062434,0.5511684125705076,560,681,1241,0.0,-0.0008333472224535399,0.5511684125705114,0.0
110103,8.246804113401886,0.5511684125705076,560,681,1241,0.0,-0.0008333472224535399,0.5511684125705114,0.0
110104,8.245970766179433,0.5511684125705076,560,681,1241,0.0,-0.0008333472224535399,0.5511684125705114,0.0
110105,8.245137418956979,0.5511684125705076,560,681,1241,0.0,-0.0008333472224535399,0.5511684125705114,0.0
110106,8.244304071734526,0.5511684125705076,560,681,1241,0.0,-0.0008333472224535399,0.5511684125705114,0.0
110107,8.243470724512072,0.5511684125705076,560,681,1241,0.0,-0.0008333472224535399,0.5511684125705114,0.0
110108,8.242637377289618,0.5511684125705076,560,681,1241,0.0,-0.0008333472224535399,0.5511684125705114,0.0
110109,8.241804030067165,0.5519742143432715,560,681,1241,0.0008058017727639033,-0.0008333472224535399,0.5512489927477878,8.058017727639034e-05
110110,8.240970682844711,0.5519742143432715,560,681,1241,0.0,-0.0008333472224535399,0.5513295729250641,8.058017727639034e-05
110111,8.240137335622258,0.5519742143432715,560,681,1241,0.0,-0.0008333472224535399,0.5514101531023405,8.058017727639034e-05
110112,8.239303988399804,0.5519742143432715,560,681,1241,0.0,-0.0008333472224535399,0.5514907332796168,8.058017727639034e-05
110113,8.23847064117735,0.5519742143432715,560,681,1241,0.0,-0.0008333472224535399,0.5515713134568931,8.058017727639034e-05
110114,8.237637293954897,0.5519742143432715,560,681,1241,0.0,-0.0008333472224535399,0.5516518936341696,8.058017727639034e-05
110115,8.236803946732444,0.5519742143432715,560,681,1241,0.0,-0.0008333472224535399,0.5517324738114459,8.058017727639034e-05
110116,8.23597059950999,0.5519742143432715,560,681,1241,0.0,-0.0008333472224535399,0.5518130539887223,8.058017727639034e-05
110117,8.235137252287537,0.5519742143432715,560,681,1241,0.0,-0.0008333472224535399,0.5518936341659986,8.058017727639034e-05
110118,8.234303905065083,0.5519742143432715,560,681,1241,0.0,-0.0008333472224535399,0.5519742143432749,8.058017727639034e-05
110119,8.23347055784263,0.5519742143432715,560,681,1241,0.0,-0.0008333472224535399,0.5519742143432749,0.0
110120,8.232637210620176,0.5519742143432715,560,681,1241,0.0,-0.0008333472224535399,0.5519742143432749,0.0
110121,8.231803863397722,0.5519742143432715,560,681,1241,0.0,-0.0008333472224535399,0.5519742143432749,0.0
110122,8.230970516175269,0.5519742143432715,560,681,1241,0.0,-0.0008333472224535399,0.5519742143432749,0.0
110123,8.230137168952815,0.5519742143432715,560,681,1241,0.0,-0.0008333472224535399,0.5519742143432749,0.0
110124,8.229303821730362,0.5519742143432715,560,681,1241,0.0,-0.0008333472224535399,0.5519742143432749,0.0
110125,8.228470474507908,0.5519742143432715,560,681,1241,0.0,-0.0008333472224535399,0.5519742143432749,0.0
110126,8.227637127285455,0.5519742143432715,560,681,1241,0.0,-0.0008333472224535399,0.5519742143432749,0.0
110127,8.226803780063001,0.5519742143432715,560,681,1241,0.0,-0.0008333472224535399,0.5519742143432749,0.0
110128,8.225970432840548,0.5519742143432715,560,681,1241,0.0,-0.0008333472224535399,0.5519742143432749,0.0
110129,8.225137085618094,0.5519742143432715,560,681,1241,0.0,-0.0008333472224535399,0.5519742143432749,0.0
110130,8.22430373839564,0.5519742143432715,560,681,1241,0.0,-0.0008333472224535399,0.5519742143432749,0.0
110131,8.223470391173187,0.5519742143432715,560,681,1241,0.0,-0.0008333472224535399,0.5519742143432749,0.0
110132,8.222637043950733,0.5519742143432715,560,681,1241,0.0,-0.0008333472224535399,0.5519742143432749,0.0
110133,8.22180369672828,0.5519742143432715,560,681,1241,0.0,-0.0008333472224535399,0.5519742143432749,0.0
110134,8.220970349505826,0.5527800161160354,560,681,1241,0.0008058017727639033,-0.0008333472224535399,0.5520547945205513,8.058017727639034e-05
110135,8.220137002283373,0.5527800161160354,560,681,1241,0.0,-0.0008333472224535399,0.5521353746978276,8.058017727639034e-05
110136,8.21930365506092,0.5527800161160354,560,681,1241,0.0,-0.0008333472224535399,0.552215954875104,8.058017727639034e-05
110137,8.218470307838459,0.5527800161160354,560,681,1241,0.0,-0.0008333472224606453,0.5522965350523803,8.058017727639034e-05
110138,8.217636960616005,0.5527800161160354,560,681,1241,0.0,-0.0008333472224535399,0.5523771152296566,8.058017727639034e-05
110139,8.216803613393552,0.5527800161160354,560,681,1241,0.0,-0.0008333472224535399,0.552457695406933,8.058017727639034e-05
110140,8.215970266171098,0.5527800161160354,560,681,1241,0.0,-0.0008333472224535399,0.5525382755842093,8.058017727639034e-05
110141,8.215136918948645,0.5527800161160354,560,681,1241,0.0,-0.0008333472224535399,0.5526188557614857,8.058017727639034e-05
110142,8.214303571726191,0.5527800161160354,560,681,1241,0.0,-0.0008333472224535399,0.552699435938762,8.058017727639034e-05
110143,8.213470224503737,0.5527800161160354,560,681,1241,0.0,-0.0008333472224535399,0.5527800161160383,8.058017727639034e-05
110144,8.212636877281284,0.5527800161160354,560,681,1241,0.0,-0.0008333472224535399,0.5527800161160383,0.0
110145,8.21180353005883,0.5527800161160354,560,681,1241,0.0,-0.0008333472224535399,0.5527800161160383,0.0
110146,8.210970182836377,0.5527800161160354,560,681,1241,0.0,-0.0008333472224535399,0.5527800161160383,0.0
110147,8.210136835613923,0.5527800161160354,560,681,1241,0.0,-0.0008333472224535399,0.5527800161160383,0.0
110148,8.20930348839147,0.5519742143432715,560,681,1241,-0.0008058017727639033,-0.0008333472224535399,0.552699435938762,-8.058017727639034e-05
110149,8.208470141169016,0.5519742143432715,560,681,1241,0.0,-0.0008333472224535399,0.5526188557614857,-8.058017727639034e-05
110150,8.207636793946563,0.5519742143432715,560,681,1241,0.0,-0.0008333472224535399,0.5525382755842093,-8.058017727639034e-05
110151,8.206803446724109,0.5519742143432715,560,681,1241,0.0,-0.0008333472224535399,0.552457695406933,-8.058017727639034e-05
110152,8.205970099501656,0.5519742143432715,560,681,1241,0.0,-0.0008333472224535399,0.5523771152296566,-8.058017727639034e-05
110153,8.205136752279202,0.5519742143432715,560,681,1241,0.0,-0.0008333472224535399,0.5522965350523803,-8.058017727639034e-05
110154,8.204303405056748,0.5519742143432715,560,681,1241,0.0,-0.0008333472224535399,0.552215954875104,-8.058017727639034e-05
110155,8.203470057834295,0.5519742143432715,560,681,1241,0.0,-0.0008333472224535399,0.5521353746978276,-8.058017727639034e-05
110156,8.202636710611841,0.5519742143432715,560,681,1241,0.0,-0.0008333472224535399,0.5520547945205513,-8.058017727639034e-05
110157,8.201803363389388,0.5519742143432715,560,681,1241,0.0,-0.0008333472224535399,0.5519742143432749,-8.058017727639034e-05
110158,8.200970016166934,0.5519742143432715,560,681,1241,0.0,-0.0008333472224535399,0.5519742143432749,0.0
110159,8.20013666894448,0.5519742143432715,560,681,1241,0.0,-0.0008333472224535399,0.5519742143432749,0.0
110160,8.199303321722027,0.5519742143432715,560,681,1241,0.0,-0.0008333472224535399,0.5519742143432749,0.0
110161,8.198469974499574,0.5519742143432715,560,681,1241,0.0,-0.0008333472224535399,0.5519742143432749,0.0
110162,8.19763662727712,0.5511684125705076,560,681,1241,-0.0008058017727639033,-0.0008333472224535399,0.5518936341659986,-8.058017727639034e-05
110163,8.196803280054667,0.5511684125705076,560,681,1241,0.0,-0.0008333472224535399,0.5518130539887223,-8.058017727639034e-05
110164,8.195969932832213,0.5511684125705076,560,681,1241,0.0,-0.0008333472224535399,0.5517324738114459,-8.058017727639034e-05
110165,8.19513658560976,0.5511684125705076,560,681,1241,0.0,-0.0008333472224535399,0.5516518936341696,-8.058017727639034e-05
110166,8.194303238387306,0.5511684125705076,560,681,1241,0.0,-0.0008333472224535399,0.5515713134568931,-8.058017727639034e-05
110167,8.193469891164852,0.5511684125705076,560,681,1241,0.0,-0.0008333472224535399,0.5514907332796168,-8.058017727639034e-05
110168,8.192636543942399,0.5511684125705076,560,681,1241,0.0,-0.0008333472224535399,0.5514101531023405,-8.058017727639034e-05
110169,8.191803196719945,0.5511684125705076,560,681,1241,0.0,-0.0008333472224535399,0.5513295729250641,-8.058017727639034e-05
110170,8.190969849497492,0.5511684125705076,560,681,1241,0.0,-0.0008333472224535399,0.5512489927477878,-8.058017727639034e-05
110171,8.190136502275038,0.5511684125705076,560,681,1241,0.0,-0.0008333472224535399,0.5511684125705114,-8.058017727639034e-05
110172,8.189303155052585,0.5511684125705076,560,681,1241,0.0,-0.0008333472224535399,0.5511684125705114,0.0
110173,8.188469807830131,0.5511684125705076,560,681,1241,0.0,-0.0008333472224535399,0.5511684125705114,0.0
110174,8.187636460607678,0.5511684125705076,560,681,1241,0.0,-0.0008333472224535399,0.5511684125705114,0.0
110175,8.186803113385224,0.5511684125705076,560,681,1241,0.0,-0.0008333472224535399,0.5511684125705114,0.0
110176,8.18596976616277,0.5511684125705076,560,681,1241,0.0,-0.0008333472224535399,0.5511684125705114,0.0
110177,8.185136418940317,0.5511684125705076,560,681,1241,0.0,-0.0008333472224535399,0.5511684125705114,0.0
110178,8.184303071717864,0.5511684125705076,560,681,1241,0.0,-0.0008333472224535399,0.5511684125705114,0.0
110179,8.18346972449541,0.5511684125705076,560,681,1241,0.0,-0.0008333472224535399,0.5511684125705114,0.0
110180,8.18263637727295,0.5511684125705076,560,681,1241,0.0,-0.0008333472224606453,0.5511684125705114,0.0
110181,8.181803030050496,0.5511684125705076,560,681,1241,0.0,-0.0008333472224535399,0.5511684125705114,0.0
110182,8.180969682828042,0.5511684125705076,560,681,1241,0.0,-0.0008333472224535399,0.5511684125705114,0.0
110183,8.180136335605589,0.5511684125705076,560,681,1241,0.0,-0.0008333472224535399,0.5511684125705114,0.0
110184,8.179302988383135,0.5511684125705076,560,681,1241,0.0,-0.0008333472224535399,0.5511684125705114,0.0
110185,8.178469641160682,0.5519742143432715,560,681,1241,0.0008058017727639033,-0.0008333472224535399,0.5512489927477878,8.058017727639034e-05
110186,8.177636293938228,0.5519742143432715,560,681,1241,0.0,-0.0008333472224535399,0.5513295729250641,8.058017727639034e-05
110187,8.176802946715775,0.5519742143432715,560,681,1241,0.0,-0.0008333472224535399,0.5514101531023405,8.058017727639034e-05
110188,8.175969599493321,0.5519742143432715,560,681,1241,0.0,-0.0008333472224535399,0.5514907332796168,8.058017727639034e-05
110189,8.175136252270867,0.5519742143432715,560,681,1241,0.0,-0.0008333472224535399,0.5515713134568931,8.058017727639034e-05
110190,8.174302905048414,0.5519742143432715,560,681,1241,0.0,-0.0008333472224535399,0.5516518936341696,8.058017727639034e-05
110191,8.17346955782596,0.5519742143432715,560,681,1241,0.0,-0.0008333472224535399,0.5517324738114459,8.058017727639034e-05
110192,8.172636210603507,0.5519742143432715,560,681,1241,0.0,-0.0008333472224535399,0.5518130539887223,8.058017727639034e-05
110193,8.171802863381053,0.5519742143432715,560,681,1241,0.0,-0.0008333472224535399,0.5518936341659986,8.058017727639034e-05
110194,8.1709695161586,0.5519742143432715,560,681,1241,0.0,-0.0008333472224535399,0.5519742143432749,8.058017727639034e-05
110195,8.170136168936146,0.5519742143432715,560,681,1241,0.0,-0.0008333472224535399,0.5519742143432749,0.0
110196,8.169302821713693,0.5519742143432715,560,681,1241,0.0,-0.0008333472224535399,0.5519742143432749,0.0
110197,8.16846947449124,0.5519742143432715,560,681,1241,0.0,-0.0008333472224535399,0.5519742143432749,0.0
110198,8.167636127268786,0.5519742143432715,560,681,1241,0.0,-0.0008333472224535399,0.5519742143432749,0.0
110199,8.166802780046332,0.5519742143432715,560,681,1241,0.0,-0.0008333472224535399,0.5519742143432749,0.0
110200,8.165969432823879,0.5519742143432715,560,681,1241,0.0,-0.0008333472224535399,0.5519742143432749,0.0
110201,8.165136085601425,0.5519742143432715,560,681,1241,0.0,-0.0008333472224535399,0.5519742143432749,0.0
110202,8.164302738378971,0.5519742143432715,560,681,1241,0.0,-0.0008333472224535399,0.5519742143432749,0.0
110203,8.163469391156518,0.5519742143432715,560,681,1241,0.0,-0.0008333472224535399,0.5519742143432749,0.0
110204,8.162636043934064,0.5519742143432715,560,681,1241,0.0,-0.0008333472224535399,0.5519742143432749,0.0
110205,8.16180269671161,0.5519742143432715,560,681,1241,0.0,-0.0008333472224535399,0.5519742143432749,0.0
110206,8.160969349489157,0.5519742143432715,560,681,1241,0.0,-0.0008333472224535399,0.5519742143432749,0.0
110207,8.160136002266704,0.5519742143432715,560,681,1241,0.0,-0.0008333472224535399,0.5519742143432749,0.0
110208,8.15930265504425,0.5519742143432715,560,681,1241,0.0,-0.0008333472224535399,0.5519742143432749,0.0
110209,8.158469307821797,0.5519742143432715,560,681,1241,0.0,-0.0008333472224535399,0.5519742143432749,0.0
110210,8.157635960599343,0.5519742143432715,560,681,1241,0.0,-0.0008333472224535399,0.5519742143432749,0.0
110211,8.15680261337689,0.5519742143432715,560,681,1241,0.0,-0.0008333472224535399,0.5519742143432749,0.0
110212,8.155969266154436,0.5519742143432715,560,681,1241,0.0,-0.0008333472224535399,0.5519742143432749,0.0
110213,8.155135918931983,0.5519742143432715,560,681,1241,0.0,-0.0008333472224535399,0.5519742143432749,0.0
110214,8.154302571709529,0.5527800161160354,560,681,1241,0.0008058017727639033,-0.0008333472224535399,0.5520547945205513,8.058017727639034e-05
110215,8.153469224487075,0.5527800161160354,560,681,1241,0.0,-0.0008333472224535399,0.5521353746978276,8.058017727639034e-05
110216,8.152635877264622,0.5527800161160354,560,681,1241,0.0,-0.0008333472224535399,0.552215954875104,8.058017727639034e-05
110217,8.151802530042168,0.5527800161160354,560,681,1241,0.0,-0.0008333472224535399,0.5522965350523803,8.058017727639034e-05
110218,8.150969182819715,0.5527800161160354,560,681,1241,0.0,-0.0008333472224535399,0.5523771152296566,8.058017727639034e-05
110219,8.150135835597261,0.5527800161160354,560,681,1241,0.0,-0.0008333472224535399,0.552457695406933,8.058017727639034e-05
110220,8.149302488374808,0.5527800161160354,560,681,1241,0.0,-0.0008333472224535399,0.5525382755842093,8.058017727639034e-05
110221,8.148469141152354,0.5527800161160354,560,681,1241,0.0,-0.0008333472224535399,0.5526188557614857,8.058017727639034e-05
110222,8.147635793929894,0.5527800161160354,560,681,1241,0.0,-0.0008333472224606453,0.552699435938762,8.058017727639034e-05
110223,8.14680244670744,0.5527800161160354,560,681,1241,0.0,-0.0008333472224535399,0.5527800161160383,8.058017727639034e-05
110224,8.145969099484986,0.5527800161160354,560,681,1241,0.0,-0.0008333472224535399,0.5527800161160383,0.0
110225,8.145135752262533,0.5527800161160354,560,681,1241,0.0,-0.0008333472224535399,0.5527800161160383,0.0
110226,8.14430240504008,0.5527800161160354,560,681,1241,0.0,-0.0008333472224535399,0.5527800161160383,0.0
110227,8.143469057817626,0.5527800161160354,560,681,1241,0.0,-0.0008333472224535399,0.5527800161160383,0.0
110228,8.142635710595172,0.5527800161160354,560,681,1241,0.0,-0.0008333472224535399,0.5527800161160383,0.0
110229,8.141802363372719,0.5527800161160354,560,681,1241,0.0,-0.0008333472224535399,0.5527800161160383,0.0
110230,8.140969016150265,0.5527800161160354,560,681,1241,0.0,-0.0008333472224535399,0.5527800161160383,0.0
110231,8.140135668927812,0.5527800161160354,560,681,1241,0.0,-0.0008333472224535399,0.5527800161160383,0.0
110232,8.139302321705358,0.5527800161160354,560,681,1241,0.0,-0.0008333472224535399,0.5527800161160383,0.0
110233,8.138468974482905,0.5527800161160354,560,681,1241,0.0,-0.0008333472224535399,0.5527800161160383,0.0
110234,8.137635627260451,0.5527800161160354,560,681,1241,0.0,-0.0008333472224535399,0.5527800161160383,0.0
110235,8.136802280037998,0.5527800161160354,560,681,1241,0.0,-0.0008333472224535399,0.5527800161160383,0.0
110236,8.135968932815544,0.5527800161160354,560,681,1241,0.0,-0.0008333472224535399,0.5527800161160383,0.0
110237,8.13513558559309,0.5527800161160354,560,681,1241,0.0,-0.0008333472224535399,0.5527800161160383,0.0
110238,8.134302238370637,0.5527800161160354,560,681,1241,0.0,-0.0008333472224535399,0.5527800161160383,0.0
110239,8.133468891148183,0.5527800161160354,560,681,1241,0.0,-0.0008333472224535399,0.5527800161160383,0.0
110240,8.13263554392573,0.5527800161160354,560,681,1241,0.0,-0.0008333472224535399,0.5527800161160383,0.0
110241,8.131802196703276,0.5527800161160354,560,681,1241,0.0,-0.0008333472224535399,0.5527800161160383,0.0
110242,8.130968849480823,0.5527800161160354,560,681,1241,0.0,-0.0008333472224535399,0.5527800161160383,0.0
110243,8.13013550225837,0.5527800161160354,560,681,1241,0.0,-0.0008333472224535399,0.5527800161160383,0.0
110244,8.129302155035916,0.5527800161160354,560,681,1241,0.0,-0.0008333472224535399,0.5527800161160383,0.0
110245,8.128468807813462,0.5527800161160354,560,681,1241,0.0,-0.0008333472224535399,0.5527800161160383,0.0
110246,8.127635460591009,0.5527800161160354,560,681,1241,0.0,-0.0008333472224535399,0.5527800161160383,0.0
110247,8.126802113368555,0.5527800161160354,560,681,1241,0.0,-0.0008333472224535399,0.5527800161160383,0.0
110248,8.125968766146102,0.5527800161160354,560,681,1241,0.0,-0.0008333472224535399,0.5527800161160383,0.0
110249,8.125135418923648,0.5527800161160354,560,681,1241,0.0,-0.0008333472224535399,0.5527800161160383,0.0
110250,8.124302071701194,0.5535858178887993,560,681,1241,0.0008058017727639033,-0.0008333472224535399,0.5528605962933147,8.058017727639034e-05
110251,8.123468724478741,0.5535858178887993,560,681,1241,0.0,-0.0008333472224535399,0.552941176470591,8.058017727639034e-05
110252,8.122635377256287,0.5535858178887993,560,681,1241,0.0,-0.0008333472224535399,0.5530217566478675,8.058017727639034e-05
110253,8.121802030033834,0.5535858178887993,560,681,1241,0.0,-0.0008333472224535399,0.5531023368251438,8.058017727639034e-05
110254,8.12096868281138,0.5535858178887993,560,681,1241,0.0,-0.0008333472224535399,0.5531829170024201,8.058017727639034e-05
110255,8.120135335588927,0.5535858178887993,560,681,1241,0.0,-0.0008333472224535399,0.5532634971796965,8.058017727639034e-05
110256,8.119301988366473,0.5535858178887993,560,681,1241,0.0,-0.0008333472224535399,0.5533440773569728,8.058017727639034e-05
110257,8.11846864114402,0.5535858178887993,560,681,1241,0.0,-0.0008333472224535399,0.5534246575342492,8.058017727639034e-05
110258,8.117635293921566,0.5535858178887993,560,681,1241,0.0,-0.0008333472224535399,0.5535052377115255,8.058017727639034e-05
110259,8.116801946699113,0.5535858178887993,560,681,1241,0.0,-0.0008333472224535399,0.5535858178888018,8.058017727639034e-05
110260,8.115968599476659,0.5535858178887993,560,681,1241,0.0,-0.0008333472224535399,0.5535858178888018,0.0
110261,8.115135252254206,0.5535858178887993,560,681,1241,0.0,-0.0008333472224535399,0.5535858178888018,0.0
110262,8.114301905031752,0.5535858178887993,560,681,1241,0.0,-0.0008333472224535399,0.5535858178888018,0.0
110263,8.113468557809298,0.5535858178887993,560,681,1241,0.0,-0.0008333472224535399,0.5535858178888018,0.0
110264,8.112635210586845,0.5535858178887993,560,681,1241,0.0,-0.0008333472224535399,0.5535858178888018,0.0
110265,8.111801863364384,0.5535858178887993,560,681,1241,0.0,-0.0008333472224606453,0.5535858178888018,0.0
110266,8.11096851614193,0.5535858178887993,560,681,1241,0.0,-0.0008333472224535399,0.5535858178888018,0.0
110267,8.110135168919477,0.5535858178887993,560,681,1241,0.0,-0.0008333472224535399,0.5535858178888018,0.0
110268,8.109301821697024,0.5535858178887993,560,681,1241,0.0,-0.0008333472224535399,0.5535858178888018,0.0
110269,8.10846847447457,0.5535858178887993,560,681,1241,0.0,-0.0008333472224535399,0.5535858178888018,0.0
110270,8.107635127252117,0.5535858178887993,560,681,1241,0.0,-0.0008333472224535399,0.5535858178888018,0.0
110271,8.106801780029663,0.5535858178887993,560,681,1241,0.0,-0.0008333472224535399,0.5535858178888018,0.0
110272,8.10596843280721,0.5535858178887993,560,681,1241,0.0,-0.0008333472224535399,0.5535858178888018,0.0
110273,8.105135085584756,0.5543916196615633,560,681,1241,0.0008058017727639033,-0.0008333472224535399,0.5536663980660783,8.058017727639034e-05
110274,8.104301738362302,0.5543916196615633,560,681,1241,0.0,-0.0008333472224535399,0.5537469782433546,8.058017727639034e-05
110275,8.103468391139849,0.5543916196615633,560,681,1241,0.0,-0.0008333472224535399,0.5538275584206309,8.058017727639034e-05
110276,8.102635043917395,0.5543916196615633,560,681,1241,0.0,-0.0008333472224535399,0.5539081385979073,8.058017727639034e-05
110277,8.101801696694942,0.5535858178887993,560,681,1241,-0.0008058017727639033,-0.0008333472224535399,0.5539081385979073,0.0
110278,8.100968349472488,0.5535858178887993,560,681,1241,0.0,-0.0008333472224535399,0.5539081385979073,0.0
110279,8.100135002250035,0.5535858178887993,560,681,1241,0.0,-0.0008333472224535399,0.5539081385979073,0.0
110280,8.099301655027581,0.5535858178887993,560,681,1241,0.0,-0.0008333472224535399,0.5539081385979073,0.0
110281,8.098468307805128,0.5535858178887993,560,681,1241,0.0,-0.0008333472224535399,0.5539081385979073,0.0
110282,8.097634960582674,0.5535858178887993,560,681,1241,0.0,-0.0008333472224535399,0.5539081385979073,0.0
110283,8.09680161336022,0.5535858178887993,560,681,1241,0.0,-0.0008333472224535399,0.5538275584206309,-8.058017727639034e-05
110284,8.095968266137767,0.5527800161160354,560,681,1241,-0.0008058017727639033,-0.0008333472224535399,0.553666398066078,-0.00016116035455278067
110285,8.095134918915313,0.5527800161160354,560,681,1241,0.0,-0.0008333472224535399,0.5535052377115252,-0.00016116035455278067
110286,8.09430157169286,0.5527800161160354,560,681,1241,0.0,-0.0008333472224535399,0.5533440773569722,-0.00016116035455278067
110287,8.093468224470406,0.5527800161160354,560,681,1241,0.0,-0.0008333472224535399,0.5532634971796958,-8.058017727639034e-05
110288,8.092634877247953,0.5527800161160354,560,681,1241,0.0,-0.0008333472224535399,0.5531829170024195,-8.058017727639034e-05
110289,8.0918015300255,0.5527800161160354,560,681,1241,0.0,-0.0008333472224535399,0.5531023368251431,-8.058017727639034e-05
110290,8.090968182803046,0.5527800161160354,560,681,1241,0.0,-0.0008333472224535399,0.5530217566478668,-8.058017727639034e-05
110291,8.090134835580592,0.5527800161160354,560,681,1241,0.0,-0.0008333472224535399,0.5529411764705905,-8.058017727639034e-05
110292,8.089301488358139,0.5527800161160354,560,681,1241,0.0,-0.0008333472224535399,0.5528605962933141,-8.058017727639034e-05
110293,8.088468141135685,0.5527800161160354,560,681,1241,0.0,-0.0008333472224535399,0.5527800161160378,-8.058017727639034e-05
110294,8.087634793913232,0.5527800161160354,560,681,1241,0.0,-0.0008333472224535399,0.5527800161160379,0.0
110295,8.086801446690778,0.5527800161160354,560,681,1241,0.0,-0.0008333472224535399,0.5527800161160379,0.0
110296,8.085968099468325,0.5527800161160354,560,681,1241,0.0,-0.0008333472224535399,0.5527800161160379,0.0
110297,8.085134752245871,0.5527800161160354,560,681,1241,0.0,-0.0008333472224535399,0.5527800161160379,0.0
110298,8.084301405023417,0.5527800161160354,560,681,1241,0.0,-0.0008333472224535399,0.5527800161160379,0.0
110299,8.083468057800964,0.5527800161160354,560,681,1241,0.0,-0.0008333472224535399,0.5527800161160379,0.0
110300,8.08263471057851,0.5527800161160354,560,681,1241,0.0,-0.0008333472224535399,0.5527800161160379,0.0
110301,8.081801363356057,0.5527800161160354,560,681,1241,0.0,-0.0008333472224535399,0.5527800161160379,0.0
110302,8.080968016133603,0.5527800161160354,560,681,1241,0.0,-0.0008333472224535399,0.5527800161160379,0.0
110303,8.08013466891115,0.5535858178887993,560,681,1241,0.0008058017727639033,-0.0008333472224535399,0.5528605962933142,8.058017727639034e-05
110304,8.079301321688696,0.5535858178887993,560,681,1241,0.0,-0.0008333472224535399,0.5529411764705905,8.058017727639034e-05
110305,8.078467974466243,0.5535858178887993,560,681,1241,0.0,-0.0008333472224535399,0.5530217566478669,8.058017727639034e-05
110306,8.077634627243789,0.5535858178887993,560,681,1241,0.0,-0.0008333472224535399,0.5531023368251432,8.058017727639034e-05
110307,8.076801280021328,0.5535858178887993,560,681,1241,0.0,-0.0008333472224606453,0.5531829170024196,8.058017727639034e-05
110308,8.075967932798875,0.5535858178887993,560,681,1241,0.0,-0.0008333472224535399,0.5532634971796959,8.058017727639034e-05
110309,8.075134585576421,0.5527800161160354,560,681,1241,-0.0008058017727639033,-0.0008333472224535399,0.5532634971796959,0.0
110310,8.074301238353968,0.5527800161160354,560,681,1241,0.0,-0.0008333472224535399,0.5532634971796959,0.0
110311,8.073467891131514,0.5535858178887993,560,681,1241,0.0008058017727639033,-0.0008333472224535399,0.5533440773569722,8.058017727639034e-05
110312,8.07263454390906,0.5535858178887993,560,681,1241,0.0,-0.0008333472224535399,0.5534246575342486,8.058017727639034e-05
110313,8.071801196686607,0.5535858178887993,560,681,1241,0.0,-0.0008333472224535399,0.5534246575342486,0.0
110314,8.070967849464154,0.5535858178887993,560,681,1241,0.0,-0.0008333472224535399,0.5534246575342486,0.0
110315,8.0701345022417,0.5535858178887993,560,681,1241,0.0,-0.0008333472224535399,0.5534246575342486,0.0
110316,8.069301155019247,0.5535858178887993,560,681,1241,0.0,-0.0008333472224535399,0.5534246575342486,0.0
110317,8.068467807796793,0.5535858178887993,560,681,1241,0.0,-0.0008333472224535399,0.5534246575342486,0.0
110318,8.06763446057434,0.5535858178887993,560,681,1241,0.0,-0.0008333472224535399,0.5534246575342486,0.0
110319,8.066801113351886,0.5535858178887993,560,681,1241,0.0,-0.0008333472224535399,0.5535052377115249,8.058017727639034e-05
110320,8.065967766129432,0.5535858178887993,560,681,1241,0.0,-0.0008333472224535399,0.5535858178888013,8.058017727639034e-05
110321,8.065134418906979,0.5527800161160354,560,681,1241,-0.0008058017727639033,-0.0008333472224535399,0.5535052377115248,-8.058017727639034e-05
110322,8.064301071684525,0.5527800161160354,560,681,1241,0.0,-0.0008333472224535399,0.5534246575342485,-8.058017727639034e-05
110323,8.063467724462072,0.5527800161160354,560,681,1241,0.0,-0.0008333472224535399,0.5533440773569722,-8.058017727639034e-05
110324,8.062634377239618,0.5527800161160354,560,681,1241,0.0,-0.0008333472224535399,0.5532634971796958,-8.058017727639034e-05
110325,8.061801030017165,0.5527800161160354,560,681,1241,0.0,-0.0008333472224535399,0.5531829170024195,-8.058017727639034e-05
110326,8.060967682794711,0.5527800161160354,560,681,1241,0.0,-0.0008333472224535399,0.5531023368251431,-8.058017727639034e-05
110327,8.060134335572258,0.5527800161160354,560,681,1241,0.0,-0.0008333472224535399,0.5530217566478668,-8.058017727639034e-05
110328,8.059300988349804,0.5527800161160354,560,681,1241,0.0,-0.0008333472224535399,0.5529411764705905,-8.058017727639034e-05
110329,8.05846764112735,0.5527800161160354,560,681,1241,0.0,-0.0008333472224535399,0.5528605962933141,-8.058017727639034e-05
110330,8.057634293904897,0.5527800161160354,560,681,1241,0.0,-0.0008333472224535399,0.5527800161160378,-8.058017727639034e-05
110331,8.056800946682444,0.5527800161160354,560,681,1241,0.0,-0.0008333472224535399,0.5527800161160379,0.0
110332,8.05596759945999,0.5527800161160354,560,681,1241,0.0,-0.0008333472224535399,0.5527800161160379,0.0
110333,8.055134252237536,0.5527800161160354,560,681,1241,0.0,-0.0008333472224535399,0.5527800161160379,0.0
110334,8.054300905015083,0.5527800161160354,560,681,1241,0.0,-0.0008333472224535399,0.5527800161160379,0.0
110335,8.05346755779263,0.5527800161160354,560,681,1241,0.0,-0.0008333472224535399,0.5527800161160379,0.0
110336,8.052634210570176,0.5527800161160354,560,681,1241,0.0,-0.0008333472224535399,0.5527800161160379,0.0
110337,8.051800863347722,0.5527800161160354,560,681,1241,0.0,-0.0008333472224535399,0.5527800161160379,0.0
110338,8.050967516125269,0.5527800161160354,560,681,1241,0.0,-0.0008333472224535399,0.5527800161160379,0.0
110339,8.050134168902815,0.5527800161160354,560,681,1241,0.0,-0.0008333472224535399,0.5527800161160379,0.0
110340,8.049300821680362,0.5527800161160354,560,681,1241,0.0,-0.0008333472224535399,0.5527800161160379,0.0
110341,8.048467474457908,0.5527800161160354,560,681,1241,0.0,-0.0008333472224535399,0.5527800161160379,0.0
110342,8.047634127235455,0.5527800161160354,560,681,1241,0.0,-0.0008333472224535399,0.5527800161160379,0.0
110343,8.046800780013001,0.5519742143432715,560,681,1241,-0.0008058017727639033,-0.0008333472224535399,0.5526994359387615,-8.058017727639034e-05
110344,8.045967432790547,0.5519742143432715,560,681,1241,0.0,-0.0008333472224535399,0.5526188557614852,-8.058017727639034e-05
110345,8.045134085568094,0.5519742143432715,560,681,1241,0.0,-0.0008333472224535399,0.5525382755842088,-8.058017727639034e-05
110346,8.04430073834564,0.5519742143432715,560,681,1241,0.0,-0.0008333472224535399,0.5524576954069325,-8.058017727639034e-05
110347,8.043467391123187,0.5519742143432715,560,681,1241,0.0,-0.0008333472224535399,0.5523771152296562,-8.058017727639034e-05
110348,8.042634043900733,0.5519742143432715,560,681,1241,0.0,-0.0008333472224535399,0.5522965350523797,-8.058017727639034e-05
110349,8.041800696678273,0.5519742143432715,560,681,1241,0.0,-0.0008333472224606453,0.5522159548751034,-8.058017727639034e-05
110350,8.04096734945582,0.5519742143432715,560,681,1241,0.0,-0.0008333472224535399,0.552135374697827,-8.058017727639034e-05
110351,8.040134002233366,0.5519742143432715,560,681,1241,0.0,-0.0008333472224535399,0.5520547945205507,-8.058017727639034e-05
110352,8.039300655010912,0.5519742143432715,560,681,1241,0.0,-0.0008333472224535399,0.5519742143432744,-8.058017727639034e-05
110353,8.038467307788459,0.5519742143432715,560,681,1241,0.0,-0.0008333472224535399,0.5519742143432744,0.0
110354,8.037633960566005,0.5519742143432715,560,681,1241,0.0,-0.0008333472224535399,0.5519742143432744,0.0
110355,8.036800613343551,0.5519742143432715,560,681,1241,0.0,-0.0008333472224535399,0.5519742143432744,0.0
110356,8.035967266121098,0.5527800161160354,560,681,1241,0.0008058017727639033,-0.0008333472224535399,0.5520547945205507,8.058017727639034e-05
110357,8.035133918898644,0.5527800161160354,560,681,1241,0.0,-0.0008333472224535399,0.552135374697827,8.058017727639034e-05
110358,8.03430057167619,0.5527800161160354,560,681,1241,0.0,-0.0008333472224535399,0.5522159548751034,8.058017727639034e-05
110359,8.033467224453737,0.5527800161160354,560,681,1241,0.0,-0.0008333472224535399,0.5522965350523797,8.058017727639034e-05
110360,8.032633877231284,0.5527800161160354,560,681,1241,0.0,-0.0008333472224535399,0.5523771152296562,8.058017727639034e-05
110361,8.03180053000883,0.5527800161160354,560,681,1241,0.0,-0.0008333472224535399,0.5524576954069325,8.058017727639034e-05
110362,8.030967182786377,0.5527800161160354,560,681,1241,0.0,-0.0008333472224535399,0.5525382755842088,8.058017727639034e-05
110363,8.030133835563923,0.5527800161160354,560,681,1241,0.0,-0.0008333472224535399,0.5526188557614852,8.058017727639034e-05
110364,8.02930048834147,0.5527800161160354,560,681,1241,0.0,-0.0008333472224535399,0.5526994359387615,8.058017727639034e-05
110365,8.028467141119016,0.5527800161160354,560,681,1241,0.0,-0.0008333472224535399,0.5527800161160379,8.058017727639034e-05
110366,8.027633793896563,0.5527800161160354,560,681,1241,0.0,-0.0008333472224535399,0.5527800161160379,0.0
110367,8.026800446674109,0.5527800161160354,560,681,1241,0.0,-0.0008333472224535399,0.5527800161160379,0.0
110368,8.025967099451655,0.5527800161160354,560,681,1241,0.0,-0.0008333472224535399,0.5527800161160379,0.0
110369,8.025133752229202,0.5527800161160354,560,681,1241,0.0,-0.0008333472224535399,0.5527800161160379,0.0
110370,8.024300405006748,0.5527800161160354,560,681,1241,0.0,-0.0008333472224535399,0.5527800161160379,0.0
110371,8.023467057784295,0.5527800161160354,560,681,1241,0.0,-0.0008333472224535399,0.5527800161160379,0.0
110372,8.022633710561841,0.5527800161160354,560,681,1241,0.0,-0.0008333472224535399,0.5527800161160379,0.0
110373,8.021800363339388,0.5527800161160354,560,681,1241,0.0,-0.0008333472224535399,0.5527800161160379,0.0
110374,8.020967016116934,0.5527800161160354,560,681,1241,0.0,-0.0008333472224535399,0.5527800161160379,0.0
110375,8.02013366889448,0.5527800161160354,560,681,1241,0.0,-0.0008333472224535399,0.5527800161160379,0.0
110376,8.019300321672027,0.5527800161160354,560,681,1241,0.0,-0.0008333472224535399,0.5527800161160379,0.0
110377,8.018466974449574,0.5527800161160354,560,681,1241,0.0,-0.0008333472224535399,0.5527800161160379,0.0
110378,8.01763362722712,0.5527800161160354,560,681,1241,0.0,-0.0008333472224535399,0.5527800161160379,0.0
110379,8.016800280004666,0.5527800161160354,560,681,1241,0.0,-0.0008333472224535399,0.5527800161160379,0.0
110380,8.015966932782213,0.5527800161160354,560,681,1241,0.0,-0.0008333472224535399,0.5527800161160379,0.0
110381,8.01513358555976,0.5527800161160354,560,681,1241,0.0,-0.0008333472224535399,0.5527800161160379,0.0
110382,8.014300238337306,0.5527800161160354,560,681,1241,0.0,-0.0008333472224535399,0.5527800161160379,0.0
110383,8.013466891114852,0.5527800161160354,560,681,1241,0.0,-0.0008333472224535399,0.5527800161160379,0.0
110384,8.012633543892399,0.5527800161160354,560,681,1241,0.0,-0.0008333472224535399,0.5527800161160379,0.0
110385,8.011800196669945,0.5527800161160354,560,681,1241,0.0,-0.0008333472224535399,0.5527800161160379,0.0
110386,8.010966849447492,0.5527800161160354,560,681,1241,0.0,-0.0008333472224535399,0.5527800161160379,0.0
110387,8.010133502225038,0.5527800161160354,560,681,1241,0.0,-0.0008333472224535399,0.5527800161160379,0.0
110388,8.009300155002585,0.5527800161160354,560,681,1241,0.0,-0.0008333472224535399,0.5527800161160379,0.0
110389,8.008466807780131,0.5527800161160354,560,681,1241,0.0,-0.0008333472224535399,0.5527800161160379,0.0
110390,8.007633460557678,0.5527800161160354,560,681,1241,0.0,-0.0008333472224535399,0.5527800161160379,0.0
110391,8.006800113335224,0.5527800161160354,560,681,1241,0.0,-0.0008333472224535399,0.5527800161160379,0.0
110392,8.005966766112763,0.5527800161160354,560,681,1241,0.0,-0.0008333472224606453,0.5527800161160379,0.0
110393,8.00513341889031,0.5527800161160354,560,681,1241,0.0,-0.0008333472224535399,0.5527800161160379,0.0
110394,8.004300071667856,0.5527800161160354,560,681,1241,0.0,-0.0008333472224535399,0.5527800161160379,0.0
110395,8.003466724445403,0.5527800161160354,560,681,1241,0.0,-0.0008333472224535399,0.5527800161160379,0.0
110396,8.00263337722295,0.5527800161160354,560,681,1241,0.0,-0.0008333472224535399,0.5527800161160379,0.0
110397,8.001800030000496,0.5527800161160354,560,681,1241,0.0,-0.0008333472224535399,0.5527800161160379,0.0
110398,8.000966682778042,0.5527800161160354,560,681,1241,0.0,-0.0008333472224535399,0.5527800161160379,0.0
110399,8.000133335555589,0.5527800161160354,560,681,1241,0.0,-0.0008333472224535399,0.5527800161160379,0.0
110400,7.999299988333135,0.5527800161160354,560,681,1241,0.0,-0.0008333472224535399,0.5527800161160379,0.0
110401,7.9984666411106815,0.5527800161160354,560,681,1241,0.0,-0.0008333472224535399,0.5527800161160379,0.0
110402,7.997633293888228,0.5527800161160354,560,681,1241,0.0,-0.0008333472224535399,0.5527800161160379,0.0
110403,7.996799946665774,0.5527800161160354,560,681,1241,0.0,-0.0008333472224535399,0.5527800161160379,0.0
110404,7.995966599443321,0.5527800161160354,560,681,1241,0.0,-0.0008333472224535399,0.5527800161160379,0.0
110405,7.995133252220867,0.5527800161160354,560,681,1241,0.0,-0.0008333472224535399,0.5527800161160379,0.0
110406,7.994299904998414,0.5527800161160354,560,681,1241,0.0,-0.0008333472224535399,0.5527800161160379,0.0
110407,7.99346655777596,0.5527800161160354,560,681,1241,0.0,-0.0008333472224535399,0.5527800161160379,0.0
110408,7.992633210553507,0.5527800161160354,560,681,1241,0.0,-0.0008333472224535399,0.5527800161160379,0.0
110409,7.991799863331053,0.5527800161160354,560,681,1241,0.0,-0.0008333472224535399,0.5527800161160379,0.0
110410,7.9909665161086,0.5527800161160354,560,681,1241,0.0,-0.0008333472224535399,0.5527800161160379,0.0
110411,7.990133168886146,0.5527800161160354,560,681,1241,0.0,-0.0008333472224535399,0.5527800161160379,0.0
110412,7.989299821663693,0.5527800161160354,560,681,1241,0.0,-0.0008333472224535399,0.5527800161160379,0.0
110413,7.988466474441239,0.5527800161160354,560,681,1241,0.0,-0.0008333472224535399,0.5527800161160379,0.0
110414,7.9876331272187855,0.5527800161160354,560,681,1241,0.0,-0.0008333472224535399,0.5527800161160379,0.0
110415,7.986799779996332,0.5527800161160354,560,681,1241,0.0,-0.0008333472224535399,0.5527800161160379,0.0
110416,7.985966432773878,0.5527800161160354,560,681,1241,0.0,-0.0008333472224535399,0.5527800161160379,0.0
110417,7.985133085551425,0.5535858178887993,560,681,1241,0.0008058017727639033,-0.0008333472224535399,0.5528605962933142,8.058017727639034e-05
110418,7.984299738328971,0.5535858178887993,560,681,1241,0.0,-0.0008333472224535399,0.5529411764705905,8.058017727639034e-05
110419,7.983466391106518,0.5535858178887993,560,681,1241,0.0,-0.0008333472224535399,0.5530217566478669,8.058017727639034e-05
110420,7.982633043884064,0.5535858178887993,560,681,1241,0.0,-0.0008333472224535399,0.5531023368251432,8.058017727639034e-05
110421,7.981799696661611,0.5535858178887993,560,681,1241,0.0,-0.0008333472224535399,0.5531829170024196,8.058017727639034e-05
110422,7.980966349439157,0.5535858178887993,560,681,1241,0.0,-0.0008333472224535399,0.5532634971796959,8.058017727639034e-05
110423,7.980133002216704,0.5535858178887993,560,681,1241,0.0,-0.0008333472224535399,0.5533440773569722,8.058017727639034e-05
110424,7.97929965499425,0.5535858178887993,560,681,1241,0.0,-0.0008333472224535399,0.5534246575342486,8.058017727639034e-05
110425,7.9784663077717966,0.5535858178887993,560,681,1241,0.0,-0.0008333472224535399,0.5535052377115249,8.058017727639034e-05
110426,7.977632960549343,0.5535858178887993,560,681,1241,0.0,-0.0008333472224535399,0.5535858178888013,8.058017727639034e-05
110427,7.9767996133268895,0.5535858178887993,560,681,1241,0.0,-0.0008333472224535399,0.5535858178888013,0.0
110428,7.975966266104436,0.5535858178887993,560,681,1241,0.0,-0.0008333472224535399,0.5535858178888013,0.0
110429,7.975132918881982,0.5535858178887993,560,681,1241,0.0,-0.0008333472224535399,0.5535858178888013,0.0
110430,7.974299571659529,0.5535858178887993,560,681,1241,0.0,-0.0008333472224535399,0.5535858178888013,0.0
110431,7.973466224437075,0.5535858178887993,560,681,1241,0.0,-0.0008333472224535399,0.5535858178888013,0.0
110432,7.972632877214622,0.5535858178887993,560,681,1241,0.0,-0.0008333472224535399,0.5535858178888013,0.0
110433,7.971799529992168,0.5535858178887993,560,681,1241,0.0,-0.0008333472224535399,0.5535858178888013,0.0
110434,7.970966182769708,0.5535858178887993,560,681,1241,0.0,-0.0008333472224606453,0.5535858178888013,0.0
110435,7.970132835547254,0.5535858178887993,560,681,1241,0.0,-0.0008333472224535399,0.5535858178888013,0.0
110436,7.9692994883248005,0.5535858178887993,560,681,1241,0.0,-0.0008333472224535399,0.5535858178888013,0.0
110437,7.968466141102347,0.5535858178887993,560,681,1241,0.0,-0.0008333472224535399,0.5535858178888013,0.0
110438,7.967632793879893,0.5535858178887993,560,681,1241,0.0,-0.0008333472224535399,0.5535858178888013,0.0
110439,7.96679944665744,0.5535858178887993,560,681,1241,0.0,-0.0008333472224535399,0.5535858178888013,0.0
110440,7.965966099434986,0.5527800161160354,560,681,1241,-0.0008058017727639033,-0.0008333472224535399,0.5535052377115248,-8.058017727639034e-05
110441,7.965132752212533,0.5527800161160354,560,681,1241,0.0,-0.0008333472224535399,0.5534246575342485,-8.058017727639034e-05
110442,7.964299404990079,0.5527800161160354,560,681,1241,0.0,-0.0008333472224535399,0.5533440773569722,-8.058017727639034e-05
110443,7.963466057767626,0.5527800161160354,560,681,1241,0.0,-0.0008333472224535399,0.5532634971796958,-8.058017727639034e-05
110444,7.962632710545172,0.5527800161160354,560,681,1241,0.0,-0.0008333472224535399,0.5531829170024195,-8.058017727639034e-05
110445,7.961799363322719,0.5527800161160354,560,681,1241,0.0,-0.0008333472224535399,0.5531023368251431,-8.058017727639034e-05
110446,7.960966016100265,0.5527800161160354,560,681,1241,0.0,-0.0008333472224535399,0.5530217566478668,-8.058017727639034e-05
110447,7.960132668877812,0.5527800161160354,560,681,1241,0.0,-0.0008333472224535399,0.5529411764705905,-8.058017727639034e-05
110448,7.959299321655358,0.5527800161160354,560,681,1241,0.0,-0.0008333472224535399,0.5528605962933141,-8.058017727639034e-05
110449,7.9584659744329045,0.5527800161160354,560,681,1241,0.0,-0.0008333472224535399,0.5527800161160378,-8.058017727639034e-05
110450,7.957632627210451,0.5527800161160354,560,681,1241,0.0,-0.0008333472224535399,0.5527800161160379,0.0
110451,7.956799279987997,0.5527800161160354,560,681,1241,0.0,-0.0008333472224535399,0.5527800161160379,0.0
110452,7.955965932765544,0.5527800161160354,560,681,1241,0.0,-0.0008333472224535399,0.5527800161160379,0.0
110453,7.95513258554309,0.5527800161160354,560,681,1241,0.0,-0.0008333472224535399,0.5527800161160379,0.0
110454,7.954299238320637,0.5527800161160354,560,681,1241,0.0,-0.0008333472224535399,0.5527800161160379,0.0
110455,7.953465891098183,0.5527800161160354,560,681,1241,0.0,-0.0008333472224535399,0.5527800161160379,0.0
110456,7.95263254387573,0.5527800161160354,560,681,1241,0.0,-0.0008333472224535399,0.5527800161160379,0.0
110457,7.951799196653276,0.5527800161160354,560,681,1241,0.0,-0.0008333472224535399,0.5527800161160379,0.0
110458,7.950965849430823,0.5527800161160354,560,681,1241,0.0,-0.0008333472224535399,0.5527800161160379,0.0
110459,7.950132502208369,0.5527800161160354,560,681,1241,0.0,-0.0008333472224535399,0.5527800161160379,0.0
110460,7.9492991549859155,0.5527800161160354,560,681,1241,0.0,-0.0008333472224535399,0.5527800161160379,0.0
110461,7.948465807763462,0.5527800161160354,560,681,1241,0.0,-0.0008333472224535399,0.5527800161160379,0.0
110462,7.9476324605410085,0.5527800161160354,560,681,1241,0.0,-0.0008333472224535399,0.5527800161160379,0.0
110463,7.946799113318555,0.5527800161160354,560,681,1241,0.0,-0.0008333472224535399,0.5527800161160379,0.0
110464,7.945965766096101,0.5527800161160354,560,681,1241,0.0,-0.0008333472224535399,0.5527800161160379,0.0
110465,7.945132418873648,0.5527800161160354,560,681,1241,0.0,-0.0008333472224535399,0.5527800161160379,0.0
110466,7.944299071651194,0.5527800161160354,560,681,1241,0.0,-0.0008333472224535399,0.5527800161160379,0.0
110467,7.943465724428741,0.5519742143432715,560,681,1241,-0.0008058017727639033,-0.0008333472224535399,0.5526994359387615,-8.058017727639034e-05
110468,7.942632377206287,0.5519742143432715,560,681,1241,0.0,-0.0008333472224535399,0.5526188557614852,-8.058017727639034e-05
110469,7.941799029983834,0.5519742143432715,560,681,1241,0.0,-0.0008333472224535399,0.5525382755842088,-8.058017727639034e-05
110470,7.94096568276138,0.5519742143432715,560,681,1241,0.0,-0.0008333472224535399,0.5524576954069325,-8.058017727639034e-05
110471,7.940132335538927,0.5519742143432715,560,681,1241,0.0,-0.0008333472224535399,0.5523771152296562,-8.058017727639034e-05
110472,7.939298988316473,0.5519742143432715,560,681,1241,0.0,-0.0008333472224535399,0.5522965350523797,-8.058017727639034e-05
110473,7.9384656410940195,0.5519742143432715,560,681,1241,0.0,-0.0008333472224535399,0.5522159548751034,-8.058017727639034e-05
110474,7.937632293871566,0.5519742143432715,560,681,1241,0.0,-0.0008333472224535399,0.552135374697827,-8.058017727639034e-05
110475,7.9367989466491125,0.5527800161160354,560,681,1241,0.0008058017727639033,-0.0008333472224535399,0.552135374697827,0.0
110476,7.935965599426652,0.5527800161160354,560,681,1241,0.0,-0.0008333472224606453,0.552135374697827,0.0
110477,7.935132252204198,0.5527800161160354,560,681,1241,0.0,-0.0008333472224535399,0.5522159548751034,8.058017727639034e-05
110478,7.934298904981745,0.5527800161160354,560,681,1241,0.0,-0.0008333472224535399,0.5522965350523797,8.058017727639034e-05
110479,7.933465557759291,0.5527800161160354,560,681,1241,0.0,-0.0008333472224535399,0.5523771152296562,8.058017727639034e-05
110480,7.932632210536838,0.5527800161160354,560,681,1241,0.0,-0.0008333472224535399,0.5524576954069325,8.058017727639034e-05
110481,7.931798863314384,0.5527800161160354,560,681,1241,0.0,-0.0008333472224535399,0.5525382755842088,8.058017727639034e-05
110482,7.930965516091931,0.5527800161160354,560,681,1241,0.0,-0.0008333472224535399,0.5526188557614852,8.058017727639034e-05
110483,7.930132168869477,0.5527800161160354,560,681,1241,0.0,-0.0008333472224535399,0.5526994359387615,8.058017727639034e-05
110484,7.9292988216470235,0.5527800161160354,560,681,1241,0.0,-0.0008333472224535399,0.5527800161160379,8.058017727639034e-05
110485,7.92846547442457,0.5527800161160354,560,681,1241,0.0,-0.0008333472224535399,0.5527800161160379,0.0
110486,7.927632127202116,0.5527800161160354,560,681,1241,0.0,-0.0008333472224535399,0.5527800161160379,0.0
110487,7.926798779979663,0.5527800161160354,560,681,1241,0.0,-0.0008333472224535399,0.5527800161160379,0.0
110488,7.925965432757209,0.5527800161160354,560,681,1241,0.0,-0.0008333472224535399,0.5527800161160379,0.0
110489,7.925132085534756,0.5527800161160354,560,681,1241,0.0,-0.0008333472224535399,0.5527800161160379,0.0
110490,7.924298738312302,0.5527800161160354,560,681,1241,0.0,-0.0008333472224535399,0.5527800161160379,0.0
110491,7.923465391089849,0.5527800161160354,560,681,1241,0.0,-0.0008333472224535399,0.5527800161160379,0.0
110492,7.922632043867395,0.5527800161160354,560,681,1241,0.0,-0.0008333472224535399,0.5527800161160379,0.0
110493,7.921798696644942,0.5527800161160354,560,681,1241,0.0,-0.0008333472224535399,0.5527800161160379,0.0
110494,7.920965349422488,0.5527800161160354,560,681,1241,0.0,-0.0008333472224535399,0.5527800161160379,0.0
110495,7.9201320022000345,0.5527800161160354,560,681,1241,0.0,-0.0008333472224535399,0.5527800161160379,0.0
110496,7.919298654977581,0.5527800161160354,560,681,1241,0.0,-0.0008333472224535399,0.5527800161160379,0.0
110497,7.9184653077551275,0.5527800161160354,560,681,1241,0.0,-0.0008333472224535399,0.5527800161160379,0.0
110498,7.917631960532674,0.5527800161160354,560,681,1241,0.0,-0.0008333472224535399,0.5527800161160379,0.0
110499,7.91679861331022,0.5527800161160354,560,681,1241,0.0,-0.0008333472224535399,0.5527800161160379,0.0
110500,7.915965266087767,0.5527800161160354,560,681,1241,0.0,-0.0008333472224535399,0.5527800161160379,0.0
110501,7.915131918865313,0.5527800161160354,560,681,1241,0.0,-0.0008333472224535399,0.5527800161160379,0.0
110502,7.91429857164286,0.5527800161160354,560,681,1241,0.0,-0.0008333472224535399,0.5527800161160379,0.0
110503,7.913465224420406,0.5527800161160354,560,681,1241,0.0,-0.0008333472224535399,0.5527800161160379,0.0
110504,7.912631877197953,0.5527800161160354,560,681,1241,0.0,-0.0008333472224535399,0.5527800161160379,0.0
110505,7.911798529975499,0.5527800161160354,560,681,1241,0.0,-0.0008333472224535399,0.5527800161160379,0.0
110506,7.910965182753046,0.5527800161160354,560,681,1241,0.0,-0.0008333472224535399,0.5527800161160379,0.0
110507,7.910131835530592,0.5527800161160354,560,681,1241,0.0,-0.0008333472224535399,0.5527800161160379,0.0
110508,7.9092984883081385,0.5527800161160354,560,681,1241,0.0,-0.0008333472224535399,0.5527800161160379,0.0
110509,7.908465141085685,0.5527800161160354,560,681,1241,0.0,-0.0008333472224535399,0.5527800161160379,0.0
110510,7.9076317938632315,0.5527800161160354,560,681,1241,0.0,-0.0008333472224535399,0.5527800161160379,0.0
110511,7.906798446640778,0.5527800161160354,560,681,1241,0.0,-0.0008333472224535399,0.5527800161160379,0.0
110512,7.905965099418324,0.5527800161160354,560,681,1241,0.0,-0.0008333472224535399,0.5527800161160379,0.0
110513,7.905131752195871,0.5527800161160354,560,681,1241,0.0,-0.0008333472224535399,0.5527800161160379,0.0
110514,7.904298404973417,0.5527800161160354,560,681,1241,0.0,-0.0008333472224535399,0.5527800161160379,0.0
110515,7.903465057750964,0.5527800161160354,560,681,1241,0.0,-0.0008333472224535399,0.5527800161160379,0.0
110516,7.90263171052851,0.5527800161160354,560,681,1241,0.0,-0.0008333472224535399,0.5527800161160379,0.0
110517,7.901798363306057,0.5527800161160354,560,681,1241,0.0,-0.0008333472224535399,0.5527800161160379,0.0
110518,7.900965016083603,0.5527800161160354,560,681,1241,0.0,-0.0008333472224535399,0.5527800161160379,0.0
110519,7.9001316688611425,0.5527800161160354,560,681,1241,0.0,-0.0008333472224606453,0.5527800161160379,0.0
110520,7.899298321638689,0.5527800161160354,560,681,1241,0.0,-0.0008333472224535399,0.5527800161160379,0.0
110521,7.898464974416235,0.5527800161160354,560,681,1241,0.0,-0.0008333472224535399,0.5527800161160379,0.0
110522,7.897631627193782,0.5527800161160354,560,681,1241,0.0,-0.0008333472224535399,0.5527800161160379,0.0
110523,7.896798279971328,0.5527800161160354,560,681,1241,0.0,-0.0008333472224535399,0.5527800161160379,0.0
110524,7.895964932748875,0.5527800161160354,560,681,1241,0.0,-0.0008333472224535399,0.5527800161160379,0.0
110525,7.895131585526421,0.5527800161160354,560,681,1241,0.0,-0.0008333472224535399,0.5527800161160379,0.0
110526,7.894298238303968,0.5527800161160354,560,681,1241,0.0,-0.0008333472224535399,0.5527800161160379,0.0
110527,7.893464891081514,0.5527800161160354,560,681,1241,0.0,-0.0008333472224535399,0.5527800161160379,0.0
110528,7.892631543859061,0.5527800161160354,560,681,1241,0.0,-0.0008333472224535399,0.5527800161160379,0.0
110529,7.891798196636607,0.5527800161160354,560,681,1241,0.0,-0.0008333472224535399,0.5527800161160379,0.0
110530,7.8909648494141535,0.5527800161160354,560,681,1241,0.0,-0.0008333472224535399,0.5527800161160379,0.0
110531,7.8901315021917,0.5527800161160354,560,681,1241,0.0,-0.0008333472224535399,0.5527800161160379,0.0
110532,7.8892981549692465,0.5527800161160354,560,681,1241,0.0,-0.0008333472224535399,0.5527800161160379,0.0
110533,7.888464807746793,0.5527800161160354,560,681,1241,0.0,-0.0008333472224535399,0.5527800161160379,0.0
110534,7.887631460524339,0.5527800161160354,560,681,1241,0.0,-0.0008333472224535399,0.5527800161160379,0.0
110535,7.886798113301886,0.5527800161160354,560,681,1241,0.0,-0.0008333472224535399,0.5527800161160379,0.0
110536,7.885964766079432,0.5527800161160354,560,681,1241,0.0,-0.0008333472224535399,0.5527800161160379,0.0
110537,7.885131418856979,0.5527800161160354,560,681,1241,0.0,-0.0008333472224535399,0.5527800161160379,0.0
110538,7.884298071634525,0.5527800161160354,560,681,1241,0.0,-0.0008333472224535399,0.5527800161160379,0.0
110539,7.883464724412072,0.5527800161160354,560,681,1241,0.0,-0.0008333472224535399,0.5527800161160379,0.0
110540,7.882631377189618,0.5527800161160354,560,681,1241,0.0,-0.0008333472224535399,0.5527800161160379,0.0
110541,7.881798029967165,0.5527800161160354,560,681,1241,0.0,-0.0008333472224535399,0.5527800161160379,0.0
110542,7.880964682744711,0.5527800161160354,560,681,1241,0.0,-0.0008333472224535399,0.5527800161160379,0.0
110543,7.8801313355222575,0.5527800161160354,560,681,1241,0.0,-0.0008333472224535399,0.5527800161160379,0.0
110544,7.879297988299804,0.5527800161160354,560,681,1241,0.0,-0.0008333472224535399,0.5527800161160379,0.0
110545,7.8784646410773504,0.5527800161160354,560,681,1241,0.0,-0.0008333472224535399,0.5527800161160379,0.0
110546,7.877631293854897,0.5527800161160354,560,681,1241,0.0,-0.0008333472224535399,0.5527800161160379,0.0
110547,7.876797946632443,0.5527800161160354,560,681,1241,0.0,-0.0008333472224535399,0.5527800161160379,0.0
110548,7.87596459940999,0.5527800161160354,560,681,1241,0.0,-0.0008333472224535399,0.5527800161160379,0.0
110549,7.875131252187536,0.5527800161160354,560,681,1241,0.0,-0.0008333472224535399,0.5527800161160379,0.0
110550,7.874297904965083,0.5527800161160354,560,681,1241,0.0,-0.0008333472224535399,0.5527800161160379,0.0
110551,7.873464557742629,0.5527800161160354,560,681,1241,0.0,-0.0008333472224535399,0.5527800161160379,0.0
110552,7.872631210520176,0.5527800161160354,560,681,1241,0.0,-0.0008333472224535399,0.5527800161160379,0.0
110553,7.871797863297722,0.5527800161160354,560,681,1241,0.0,-0.0008333472224535399,0.5527800161160379,0.0
110554,7.870964516075269,0.5527800161160354,560,681,1241,0.0,-0.0008333472224535399,0.5527800161160379,0.0
110555,7.870131168852815,0.5527800161160354,560,681,1241,0.0,-0.0008333472224535399,0.5527800161160379,0.0
110556,7.8692978216303615,0.5527800161160354,560,681,1241,0.0,-0.0008333472224535399,0.5527800161160379,0.0
110557,7.868464474407908,0.5527800161160354,560,681,1241,0.0,-0.0008333472224535399,0.5527800161160379,0.0
110558,7.867631127185454,0.5527800161160354,560,681,1241,0.0,-0.0008333472224535399,0.5527800161160379,0.0
110559,7.866797779963001,0.5527800161160354,560,681,1241,0.0,-0.0008333472224535399,0.5527800161160379,0.0
110560,7.865964432740547,0.5527800161160354,560,681,1241,0.0,-0.0008333472224535399,0.5527800161160379,0.0
110561,7.865131085518087,0.5527800161160354,560,681,1241,0.0,-0.0008333472224606453,0.5527800161160379,0.0
110562,7.864297738295633,0.5527800161160354,560,681,1241,0.0,-0.0008333472224535399,0.5527800161160379,0.0
110563,7.86346439107318,0.5527800161160354,560,681,1241,0.0,-0.0008333472224535399,0.5527800161160379,0.0
110564,7.862631043850726,0.5527800161160354,560,681,1241,0.0,-0.0008333472224535399,0.5527800161160379,0.0
110565,7.8617976966282725,0.5527800161160354,560,681,1241,0.0,-0.0008333472224535399,0.5527800161160379,0.0
110566,7.860964349405819,0.5527800161160354,560,681,1241,0.0,-0.0008333472224535399,0.5527800161160379,0.0
110567,7.8601310021833655,0.5527800161160354,560,681,1241,0.0,-0.0008333472224535399,0.5527800161160379,0.0
110568,7.859297654960912,0.5527800161160354,560,681,1241,0.0,-0.0008333472224535399,0.5527800161160379,0.0
110569,7.858464307738458,0.5527800161160354,560,681,1241,0.0,-0.0008333472224535399,0.5527800161160379,0.0
110570,7.857630960516005,0.5527800161160354,560,681,1241,0.0,-0.0008333472224535399,0.5527800161160379,0.0
110571,7.856797613293551,0.5527800161160354,560,681,1241,0.0,-0.0008333472224535399,0.5527800161160379,0.0
110572,7.855964266071098,0.5527800161160354,560,681,1241,0.0,-0.0008333472224535399,0.5527800161160379,0.0
110573,7.855130918848644,0.5527800161160354,560,681,1241,0.0,-0.0008333472224535399,0.5527800161160379,0.0
110574,7.854297571626191,0.5527800161160354,560,681,1241,0.0,-0.0008333472224535399,0.5527800161160379,0.0
110575,7.853464224403737,0.5527800161160354,560,681,1241,0.0,-0.0008333472224535399,0.5527800161160379,0.0
110576,7.852630877181284,0.5527800161160354,560,681,1241,0.0,-0.0008333472224535399,0.5527800161160379,0.0
110577,7.85179752995883,0.5527800161160354,560,681,1241,0.0,-0.0008333472224535399,0.5527800161160379,0.0
110578,7.8509641827363765,0.5527800161160354,560,681,1241,0.0,-0.0008333472224535399,0.5527800161160379,0.0
110579,7.850130835513923,0.5527800161160354,560,681,1241,0.0,-0.0008333472224535399,0.5527800161160379,0.0
110580,7.8492974882914694,0.5527800161160354,560,681,1241,0.0,-0.0008333472224535399,0.5527800161160379,0.0
110581,7.848464141069016,0.5527800161160354,560,681,1241,0.0,-0.0008333472224535399,0.5527800161160379,0.0
110582,7.847630793846562,0.5527800161160354,560,681,1241,0.0,-0.0008333472224535399,0.5527800161160379,0.0
110583,7.846797446624109,0.5527800161160354,560,681,1241,0.0,-0.0008333472224535399,0.5527800161160379,0.0
110584,7.845964099401655,0.5527800161160354,560,681,1241,0.0,-0.0008333472224535399,0.5527800161160379,0.0
110585,7.845130752179202,0.5527800161160354,560,681,1241,0.0,-0.0008333472224535399,0.5527800161160379,0.0
110586,7.844297404956748,0.5527800161160354,560,681,1241,0.0,-0.0008333472224535399,0.5527800161160379,0.0
110587,7.843464057734295,0.5527800161160354,560,681,1241,0.0,-0.0008333472224535399,0.5527800161160379,0.0
110588,7.842630710511841,0.5527800161160354,560,681,1241,0.0,-0.0008333472224535399,0.5527800161160379,0.0
110589,7.841797363289388,0.5527800161160354,560,681,1241,0.0,-0.0008333472224535399,0.5527800161160379,0.0
110590,7.840964016066934,0.5527800161160354,560,681,1241,0.0,-0.0008333472224535399,0.5527800161160379,0.0
110591,7.8401306688444805,0.5527800161160354,560,681,1241,0.0,-0.0008333472224535399,0.5527800161160379,0.0
110592,7.839297321622027,0.5527800161160354,560,681,1241,0.0,-0.0008333472224535399,0.5527800161160379,0.0
110593,7.838463974399573,0.5527800161160354,560,681,1241,0.0,-0.0008333472224535399,0.5527800161160379,0.0
110594,7.83763062717712,0.5527800161160354,560,681,1241,0.0,-0.0008333472224535399,0.5527800161160379,0.0
110595,7.836797279954666,0.5527800161160354,560,681,1241,0.0,-0.0008333472224535399,0.5527800161160379,0.0
110596,7.835963932732213,0.5527800161160354,560,681,1241,0.0,-0.0008333472224535399,0.5527800161160379,0.0
110597,7.835130585509759,0.5527800161160354,560,681,1241,0.0,-0.0008333472224535399,0.5527800161160379,0.0
110598,7.834297238287306,0.5527800161160354,560,681,1241,0.0,-0.0008333472224535399,0.5527800161160379,0.0
110599,7.833463891064852,0.5527800161160354,560,681,1241,0.0,-0.0008333472224535399,0.5527800161160379,0.0
110600,7.832630543842399,0.5527800161160354,560,681,1241,0.0,-0.0008333472224535399,0.5527800161160379,0.0
110601,7.831797196619945,0.5527800161160354,560,681,1241,0.0,-0.0008333472224535399,0.5527800161160379,0.0
110602,7.830963849397492,0.5527800161160354,560,681,1241,0.0,-0.0008333472224535399,0.5527800161160379,0.0
110603,7.830130502175031,0.5527800161160354,560,681,1241,0.0,-0.0008333472224606453,0.5527800161160379,0.0
110604,7.829297154952577,0.5527800161160354,560,681,1241,0.0,-0.0008333472224535399,0.5527800161160379,0.0
110605,7.828463807730124,0.5527800161160354,560,681,1241,0.0,-0.0008333472224535399,0.5527800161160379,0.0
110606,7.82763046050767,0.5527800161160354,560,681,1241,0.0,-0.0008333472224535399,0.5527800161160379,0.0
110607,7.826797113285217,0.5527800161160354,560,681,1241,0.0,-0.0008333472224535399,0.5527800161160379,0.0
110608,7.825963766062763,0.5527800161160354,560,681,1241,0.0,-0.0008333472224535399,0.5527800161160379,0.0
110609,7.82513041884031,0.5527800161160354,560,681,1241,0.0,-0.0008333472224535399,0.5527800161160379,0.0
110610,7.824297071617856,0.5527800161160354,560,681,1241,0.0,-0.0008333472224535399,0.5527800161160379,0.0
110611,7.823463724395403,0.5527800161160354,560,681,1241,0.0,-0.0008333472224535399,0.5527800161160379,0.0
110612,7.822630377172949,0.5519742143432715,560,681,1241,-0.0008058017727639033,-0.0008333472224535399,0.5526994359387615,-8.058017727639034e-05
110613,7.8217970299504955,0.5519742143432715,560,681,1241,0.0,-0.0008333472224535399,0.5526188557614852,-8.058017727639034e-05
110614,7.820963682728042,0.5519742143432715,560,681,1241,0.0,-0.0008333472224535399,0.5525382755842088,-8.058017727639034e-05
110615,7.8201303355055884,0.5519742143432715,560,681,1241,0.0,-0.0008333472224535399,0.5524576954069325,-8.058017727639034e-05
110616,7.819296988283135,0.5519742143432715,560,681,1241,0.0,-0.0008333472224535399,0.5523771152296562,-8.058017727639034e-05
110617,7.818463641060681,0.5527800161160354,560,681,1241,0.0008058017727639033,-0.0008333472224535399,0.5523771152296562,0.0
110618,7.817630293838228,0.5527800161160354,560,681,1241,0.0,-0.0008333472224535399,0.5523771152296562,0.0
110619,7.816796946615774,0.5527800161160354,560,681,1241,0.0,-0.0008333472224535399,0.5523771152296562,0.0
110620,7.815963599393321,0.5527800161160354,560,681,1241,0.0,-0.0008333472224535399,0.5523771152296562,0.0
110621,7.815130252170867,0.5527800161160354,560,681,1241,0.0,-0.0008333472224535399,0.5523771152296562,0.0
110622,7.814296904948414,0.5527800161160354,560,681,1241,0.0,-0.0008333472224535399,0.5524576954069325,8.058017727639034e-05
110623,7.81346355772596,0.5527800161160354,560,681,1241,0.0,-0.0008333472224535399,0.5525382755842088,8.058017727639034e-05
110624,7.812630210503507,0.5527800161160354,560,681,1241,0.0,-0.0008333472224535399,0.5526188557614852,8.058017727639034e-05
110625,7.811796863281053,0.5527800161160354,560,681,1241,0.0,-0.0008333472224535399,0.5526994359387615,8.058017727639034e-05
110626,7.8109635160585995,0.5527800161160354,560,681,1241,0.0,-0.0008333472224535399,0.5527800161160379,8.058017727639034e-05
110627,7.810130168836146,0.5527800161160354,560,681,1241,0.0,-0.0008333472224535399,0.5527800161160379,0.0
110628,7.809296821613692,0.5527800161160354,560,681,1241,0.0,-0.0008333472224535399,0.5527800161160379,0.0
110629,7.808463474391239,0.5527800161160354,560,681,1241,0.0,-0.0008333472224535399,0.5527800161160379,0.0
110630,7.807630127168785,0.5527800161160354,560,681,1241,0.0,-0.0008333472224535399,0.5527800161160379,0.0
110631,7.806796779946332,0.5527800161160354,560,681,1241,0.0,-0.0008333472224535399,0.5527800161160379,0.0
110632,7.805963432723878,0.5527800161160354,560,681,1241,0.0,-0.0008333472224535399,0.5527800161160379,0.0
110633,7.805130085501425,0.5527800161160354,560,681,1241,0.0,-0.0008333472224535399,0.5527800161160379,0.0
110634,7.804296738278971,0.5527800161160354,560,681,1241,0.0,-0.0008333472224535399,0.5527800161160379,0.0
110635,7.803463391056518,0.5527800161160354,560,681,1241,0.0,-0.0008333472224535399,0.5527800161160379,0.0
110636,7.802630043834064,0.5527800161160354,560,681,1241,0.0,-0.0008333472224535399,0.5527800161160379,0.0
110637,7.801796696611611,0.5527800161160354,560,681,1241,0.0,-0.0008333472224535399,0.5527800161160379,0.0
110638,7.800963349389157,0.5527800161160354,560,681,1241,0.0,-0.0008333472224535399,0.5527800161160379,0.0
110639,7.8001300021667035,0.5527800161160354,560,681,1241,0.0,-0.0008333472224535399,0.5527800161160379,0.0
110640,7.79929665494425,0.5527800161160354,560,681,1241,0.0,-0.0008333472224535399,0.5527800161160379,0.0
110641,7.798463307721796,0.5519742143432715,560,681,1241,-0.0008058017727639033,-0.0008333472224535399,0.5526994359387615,-8.058017727639034e-05
110642,7.797629960499343,0.5519742143432715,560,681,1241,0.0,-0.0008333472224535399,0.5526188557614852,-8.058017727639034e-05
110643,7.796796613276889,0.5519742143432715,560,681,1241,0.0,-0.0008333472224535399,0.5525382755842088,-8.058017727639034e-05
110644,7.795963266054436,0.5519742143432715,560,681,1241,0.0,-0.0008333472224535399,0.5524576954069325,-8.058017727639034e-05
110645,7.795129918831982,0.5519742143432715,560,681,1241,0.0,-0.0008333472224535399,0.5523771152296562,-8.058017727639034e-05
110646,7.794296571609522,0.5519742143432715,560,681,1241,0.0,-0.0008333472224606453,0.5522965350523797,-8.058017727639034e-05
110647,7.793463224387068,0.5519742143432715,560,681,1241,0.0,-0.0008333472224535399,0.5522159548751034,-8.058017727639034e-05
110648,7.7926298771646145,0.5519742143432715,560,681,1241,0.0,-0.0008333472224535399,0.552135374697827,-8.058017727639034e-05
110649,7.791796529942161,0.5519742143432715,560,681,1241,0.0,-0.0008333472224535399,0.5520547945205507,-8.058017727639034e-05
110650,7.7909631827197074,0.5519742143432715,560,681,1241,0.0,-0.0008333472224535399,0.5519742143432744,-8.058017727639034e-05
110651,7.790129835497254,0.5519742143432715,560,681,1241,0.0,-0.0008333472224535399,0.5519742143432744,0.0
110652,7.7892964882748,0.5519742143432715,560,681,1241,0.0,-0.0008333472224535399,0.5519742143432744,0.0
110653,7.788463141052347,0.5519742143432715,560,681,1241,0.0,-0.0008333472224535399,0.5519742143432744,0.0
110654,7.787629793829893,0.5519742143432715,560,681,1241,0.0,-0.0008333472224535399,0.5519742143432744,0.0
110655,7.78679644660744,0.5519742143432715,560,681,1241,0.0,-0.0008333472224535399,0.5519742143432744,0.0
110656,7.785963099384986,0.5519742143432715,560,681,1241,0.0,-0.0008333472224535399,0.5519742143432744,0.0
110657,7.785129752162533,0.5519742143432715,560,681,1241,0.0,-0.0008333472224535399,0.5519742143432744,0.0
110658,7.784296404940079,0.5519742143432715,560,681,1241,0.0,-0.0008333472224535399,0.5519742143432744,0.0
110659,7.783463057717626,0.5519742143432715,560,681,1241,0.0,-0.0008333472224535399,0.5519742143432744,0.0
110660,7.782629710495172,0.5519742143432715,560,681,1241,0.0,-0.0008333472224535399,0.5519742143432744,0.0
110661,7.7817963632727185,0.5519742143432715,560,681,1241,0.0,-0.0008333472224535399,0.5519742143432744,0.0
110662,7.780963016050265,0.5519742143432715,560,681,1241,0.0,-0.0008333472224535399,0.5519742143432744,0.0
110663,7.780129668827811,0.5519742143432715,560,681,1241,0.0,-0.0008333472224535399,0.5519742143432744,0.0
110664,7.779296321605358,0.5519742143432715,560,681,1241,0.0,-0.0008333472224535399,0.5519742143432744,0.0
110665,7.778462974382904,0.5519742143432715,560,681,1241,0.0,-0.0008333472224535399,0.5519742143432744,0.0
110666,7.777629627160451,0.5519742143432715,560,681,1241,0.0,-0.0008333472224535399,0.5519742143432744,0.0
110667,7.776796279937997,0.5519742143432715,560,681,1241,0.0,-0.0008333472224535399,0.5519742143432744,0.0
110668,7.775962932715544,0.5519742143432715,560,681,1241,0.0,-0.0008333472224535399,0.5519742143432744,0.0
110669,7.77512958549309,0.5519742143432715,560,681,1241,0.0,-0.0008333472224535399,0.5519742143432744,0.0
110670,7.774296238270637,0.5519742143432715,560,681,1241,0.0,-0.0008333472224535399,0.5519742143432744,0.0
110671,7.773462891048183,0.5519742143432715,560,681,1241,0.0,-0.0008333472224535399,0.5519742143432744,0.0
110672,7.77262954382573,0.5519742143432715,560,681,1241,0.0,-0.0008333472224535399,0.5519742143432744,0.0
110673,7.771796196603276,0.5519742143432715,560,681,1241,0.0,-0.0008333472224535399,0.5519742143432744,0.0
110674,7.7709628493808225,0.5519742143432715,560,681,1241,0.0,-0.0008333472224535399,0.5519742143432744,0.0
110675,7.770129502158369,0.5519742143432715,560,681,1241,0.0,-0.0008333472224535399,0.5519742143432744,0.0
110676,7.769296154935915,0.5519742143432715,560,681,1241,0.0,-0.0008333472224535399,0.5519742143432744,0.0
110677,7.768462807713462,0.5519742143432715,560,681,1241,0.0,-0.0008333472224535399,0.5519742143432744,0.0
110678,7.767629460491008,0.5519742143432715,560,681,1241,0.0,-0.0008333472224535399,0.5519742143432744,0.0
110679,7.766796113268555,0.5519742143432715,560,681,1241,0.0,-0.0008333472224535399,0.5519742143432744,0.0
110680,7.765962766046101,0.5519742143432715,560,681,1241,0.0,-0.0008333472224535399,0.5519742143432744,0.0
110681,7.765129418823648,0.5519742143432715,560,681,1241,0.0,-0.0008333472224535399,0.5519742143432744,0.0
110682,7.764296071601194,0.5519742143432715,560,681,1241,0.0,-0.0008333472224535399,0.5519742143432744,0.0
110683,7.763462724378741,0.5519742143432715,560,681,1241,0.0,-0.0008333472224535399,0.5519742143432744,0.0
110684,7.762629377156287,0.5519742143432715,560,681,1241,0.0,-0.0008333472224535399,0.5519742143432744,0.0
110685,7.7617960299338336,0.5527800161160354,560,681,1241,0.0008058017727639033,-0.0008333472224535399,0.5520547945205507,8.058017727639034e-05
110686,7.76096268271138,0.5527800161160354,560,681,1241,0.0,-0.0008333472224535399,0.552135374697827,8.058017727639034e-05
110687,7.7601293354889265,0.5527800161160354,560,681,1241,0.0,-0.0008333472224535399,0.5522159548751034,8.058017727639034e-05
110688,7.759295988266466,0.5527800161160354,560,681,1241,0.0,-0.0008333472224606453,0.5522965350523797,8.058017727639034e-05
110689,7.758462641044012,0.5527800161160354,560,681,1241,0.0,-0.0008333472224535399,0.5523771152296562,8.058017727639034e-05
110690,7.757629293821559,0.5527800161160354,560,681,1241,0.0,-0.0008333472224535399,0.5524576954069325,8.058017727639034e-05
110691,7.756795946599105,0.5535858178887993,560,681,1241,0.0008058017727639033,-0.0008333472224535399,0.5526188557614853,0.00016116035455278067
110692,7.755962599376652,0.5535858178887993,560,681,1241,0.0,-0.0008333472224535399,0.552780016116038,0.00016116035455278067
110693,7.755129252154198,0.5535858178887993,560,681,1241,0.0,-0.0008333472224535399,0.5529411764705908,0.00016116035455278067
110694,7.754295904931745,0.5535858178887993,560,681,1241,0.0,-0.0008333472224535399,0.5531023368251435,0.00016116035455278067
110695,7.753462557709291,0.5535858178887993,560,681,1241,0.0,-0.0008333472224535399,0.55318291700242,8.058017727639034e-05
110696,7.7526292104868375,0.5535858178887993,560,681,1241,0.0,-0.0008333472224535399,0.5532634971796963,8.058017727639034e-05
110697,7.751795863264384,0.5535858178887993,560,681,1241,0.0,-0.0008333472224535399,0.5533440773569727,8.058017727639034e-05
110698,7.75096251604193,0.5527800161160354,560,681,1241,-0.0008058017727639033,-0.0008333472224535399,0.5533440773569727,0.0
110699,7.750129168819477,0.5527800161160354,560,681,1241,0.0,-0.0008333472224535399,0.5533440773569727,0.0
110700,7.749295821597023,0.5527800161160354,560,681,1241,0.0,-0.0008333472224535399,0.5533440773569727,0.0
110701,7.74846247437457,0.5527800161160354,560,681,1241,0.0,-0.0008333472224535399,0.5532634971796961,-8.058017727639034e-05
110702,7.747629127152116,0.5527800161160354,560,681,1241,0.0,-0.0008333472224535399,0.5531829170024198,-8.058017727639034e-05
110703,7.746795779929663,0.5527800161160354,560,681,1241,0.0,-0.0008333472224535399,0.5531023368251435,-8.058017727639034e-05
110704,7.745962432707209,0.5527800161160354,560,681,1241,0.0,-0.0008333472224535399,0.5530217566478671,-8.058017727639034e-05
110705,7.745129085484756,0.5527800161160354,560,681,1241,0.0,-0.0008333472224535399,0.5529411764705908,-8.058017727639034e-05
110706,7.744295738262302,0.5527800161160354,560,681,1241,0.0,-0.0008333472224535399,0.5528605962933144,-8.058017727639034e-05
110707,7.743462391039849,0.5527800161160354,560,681,1241,0.0,-0.0008333472224535399,0.5527800161160381,-8.058017727639034e-05
110708,7.742629043817395,0.5527800161160354,560,681,1241,0.0,-0.0008333472224535399,0.5527800161160382,0.0
110709,7.7417956965949415,0.5527800161160354,560,681,1241,0.0,-0.0008333472224535399,0.5527800161160382,0.0
110710,7.740962349372488,0.5527800161160354,560,681,1241,0.0,-0.0008333472224535399,0.5527800161160382,0.0
110711,7.740129002150034,0.5527800161160354,560,681,1241,0.0,-0.0008333472224535399,0.5527800161160382,0.0
110712,7.739295654927581,0.5527800161160354,560,681,1241,0.0,-0.0008333472224535399,0.5527800161160382,0.0
110713,7.738462307705127,0.5527800161160354,560,681,1241,0.0,-0.0008333472224535399,0.5527800161160382,0.0
110714,7.737628960482674,0.5527800161160354,560,681,1241,0.0,-0.0008333472224535399,0.5527800161160382,0.0
110715,7.73679561326022,0.5527800161160354,560,681,1241,0.0,-0.0008333472224535399,0.5527800161160382,0.0
110716,7.735962266037767,0.5527800161160354,560,681,1241,0.0,-0.0008333472224535399,0.5527800161160382,0.0
110717,7.735128918815313,0.5527800161160354,560,681,1241,0.0,-0.0008333472224535399,0.5527800161160382,0.0
110718,7.73429557159286,0.5527800161160354,560,681,1241,0.0,-0.0008333472224535399,0.5527800161160382,0.0
110719,7.733462224370406,0.5527800161160354,560,681,1241,0.0,-0.0008333472224535399,0.5527800161160382,0.0
110720,7.7326288771479526,0.5527800161160354,560,681,1241,0.0,-0.0008333472224535399,0.5527800161160382,0.0
110721,7.731795529925499,0.5527800161160354,560,681,1241,0.0,-0.0008333472224535399,0.5527800161160382,0.0
110722,7.7309621827030455,0.5527800161160354,560,681,1241,0.0,-0.0008333472224535399,0.5527800161160382,0.0
110723,7.730128835480592,0.5527800161160354,560,681,1241,0.0,-0.0008333472224535399,0.5527800161160382,0.0
110724,7.729295488258138,0.5527800161160354,560,681,1241,0.0,-0.0008333472224535399,0.5527800161160382,0.0
110725,7.728462141035685,0.5527800161160354,560,681,1241,0.0,-0.0008333472224535399,0.5527800161160382,0.0
110726,7.727628793813231,0.5527800161160354,560,681,1241,0.0,-0.0008333472224535399,0.5527800161160382,0.0
110727,7.726795446590778,0.5527800161160354,560,681,1241,0.0,-0.0008333472224535399,0.5527800161160382,0.0
110728,7.725962099368324,0.5527800161160354,560,681,1241,0.0,-0.0008333472224535399,0.5527800161160382,0.0
110729,7.725128752145871,0.5527800161160354,560,681,1241,0.0,-0.0008333472224535399,0.5527800161160382,0.0
110730,7.724295404923417,0.5527800161160354,560,681,1241,0.0,-0.0008333472224535399,0.5527800161160382,0.0
110731,7.7234620577009565,0.5527800161160354,560,681,1241,0.0,-0.0008333472224606453,0.5527800161160382,0.0
110732,7.722628710478503,0.5527800161160354,560,681,1241,0.0,-0.0008333472224535399,0.5527800161160382,0.0
110733,7.721795363256049,0.5527800161160354,560,681,1241,0.0,-0.0008333472224535399,0.5527800161160382,0.0
110734,7.720962016033596,0.5527800161160354,560,681,1241,0.0,-0.0008333472224535399,0.5527800161160382,0.0
110735,7.720128668811142,0.5527800161160354,560,681,1241,0.0,-0.0008333472224535399,0.5527800161160382,0.0
110736,7.719295321588689,0.5519742143432715,560,681,1241,-0.0008058017727639033,-0.0008333472224535399,0.5526994359387618,-8.058017727639034e-05
110737,7.718461974366235,0.5519742143432715,560,681,1241,0.0,-0.0008333472224535399,0.5526188557614855,-8.058017727639034e-05
110738,7.717628627143782,0.5519742143432715,560,681,1241,0.0,-0.0008333472224535399,0.5525382755842092,-8.058017727639034e-05
110739,7.716795279921328,0.5519742143432715,560,681,1241,0.0,-0.0008333472224535399,0.5524576954069328,-8.058017727639034e-05
110740,7.715961932698875,0.5519742143432715,560,681,1241,0.0,-0.0008333472224535399,0.5523771152296565,-8.058017727639034e-05
110741,7.715128585476421,0.5519742143432715,560,681,1241,0.0,-0.0008333472224535399,0.5522965350523801,-8.058017727639034e-05
110742,7.714295238253968,0.5519742143432715,560,681,1241,0.0,-0.0008333472224535399,0.5522159548751038,-8.058017727639034e-05
110743,7.713461891031514,0.5519742143432715,560,681,1241,0.0,-0.0008333472224535399,0.5521353746978275,-8.058017727639034e-05
110744,7.7126285438090605,0.5519742143432715,560,681,1241,0.0,-0.0008333472224535399,0.5520547945205511,-8.058017727639034e-05
110745,7.711795196586607,0.5519742143432715,560,681,1241,0.0,-0.0008333472224535399,0.5519742143432748,-8.058017727639034e-05
110746,7.710961849364153,0.5519742143432715,560,681,1241,0.0,-0.0008333472224535399,0.5519742143432748,0.0
110747,7.7101285021417,0.5519742143432715,560,681,1241,0.0,-0.0008333472224535399,0.5519742143432748,0.0
110748,7.709295154919246,0.5519742143432715,560,681,1241,0.0,-0.0008333472224535399,0.5519742143432748,0.0
110749,7.708461807696793,0.5519742143432715,560,681,1241,0.0,-0.0008333472224535399,0.5519742143432748,0.0
110750,7.707628460474339,0.5519742143432715,560,681,1241,0.0,-0.0008333472224535399,0.5519742143432748,0.0
110751,7.706795113251886,0.5519742143432715,560,681,1241,0.0,-0.0008333472224535399,0.5519742143432748,0.0
110752,7.705961766029432,0.5519742143432715,560,681,1241,0.0,-0.0008333472224535399,0.5519742143432748,0.0
110753,7.705128418806979,0.5519742143432715,560,681,1241,0.0,-0.0008333472224535399,0.5519742143432748,0.0
110754,7.704295071584525,0.5519742143432715,560,681,1241,0.0,-0.0008333472224535399,0.5519742143432748,0.0
110755,7.7034617243620715,0.5519742143432715,560,681,1241,0.0,-0.0008333472224535399,0.5519742143432748,0.0
110756,7.702628377139618,0.5519742143432715,560,681,1241,0.0,-0.0008333472224535399,0.5519742143432748,0.0
110757,7.7017950299171645,0.5519742143432715,560,681,1241,0.0,-0.0008333472224535399,0.5519742143432748,0.0
110758,7.700961682694711,0.5519742143432715,560,681,1241,0.0,-0.0008333472224535399,0.5519742143432748,0.0
110759,7.700128335472257,0.5519742143432715,560,681,1241,0.0,-0.0008333472224535399,0.5519742143432748,0.0
110760,7.699294988249804,0.5519742143432715,560,681,1241,0.0,-0.0008333472224535399,0.5519742143432748,0.0
110761,7.69846164102735,0.5519742143432715,560,681,1241,0.0,-0.0008333472224535399,0.5519742143432748,0.0
110762,7.697628293804897,0.5519742143432715,560,681,1241,0.0,-0.0008333472224535399,0.5519742143432748,0.0
110763,7.696794946582443,0.5519742143432715,560,681,1241,0.0,-0.0008333472224535399,0.5519742143432748,0.0
110764,7.69596159935999,0.5519742143432715,560,681,1241,0.0,-0.0008333472224535399,0.5519742143432748,0.0
110765,7.695128252137536,0.5519742143432715,560,681,1241,0.0,-0.0008333472224535399,0.5519742143432748,0.0
110766,7.694294904915083,0.5519742143432715,560,681,1241,0.0,-0.0008333472224535399,0.5519742143432748,0.0
110767,7.693461557692629,0.5519742143432715,560,681,1241,0.0,-0.0008333472224535399,0.5519742143432748,0.0
110768,7.6926282104701755,0.5519742143432715,560,681,1241,0.0,-0.0008333472224535399,0.5519742143432748,0.0
110769,7.691794863247722,0.5519742143432715,560,681,1241,0.0,-0.0008333472224535399,0.5519742143432748,0.0
110770,7.6909615160252685,0.5519742143432715,560,681,1241,0.0,-0.0008333472224535399,0.5519742143432748,0.0
110771,7.690128168802815,0.5519742143432715,560,681,1241,0.0,-0.0008333472224535399,0.5519742143432748,0.0
110772,7.689294821580361,0.5519742143432715,560,681,1241,0.0,-0.0008333472224535399,0.5519742143432748,0.0
110773,7.688461474357901,0.5519742143432715,560,681,1241,0.0,-0.0008333472224606453,0.5519742143432748,0.0
110774,7.687628127135447,0.5519742143432715,560,681,1241,0.0,-0.0008333472224535399,0.5519742143432748,0.0
110775,7.686794779912994,0.5519742143432715,560,681,1241,0.0,-0.0008333472224535399,0.5519742143432748,0.0
110776,7.68596143269054,0.5519742143432715,560,681,1241,0.0,-0.0008333472224535399,0.5519742143432748,0.0
110777,7.685128085468087,0.5519742143432715,560,681,1241,0.0,-0.0008333472224535399,0.5519742143432748,0.0
110778,7.684294738245633,0.5519742143432715,560,681,1241,0.0,-0.0008333472224535399,0.5519742143432748,0.0
110779,7.6834613910231795,0.5519742143432715,560,681,1241,0.0,-0.0008333472224535399,0.5519742143432748,0.0
110780,7.682628043800726,0.5519742143432715,560,681,1241,0.0,-0.0008333472224535399,0.5519742143432748,0.0
110781,7.681794696578272,0.5519742143432715,560,681,1241,0.0,-0.0008333472224535399,0.5519742143432748,0.0
110782,7.680961349355819,0.5519742143432715,560,681,1241,0.0,-0.0008333472224535399,0.5519742143432748,0.0
110783,7.680128002133365,0.5519742143432715,560,681,1241,0.0,-0.0008333472224535399,0.5519742143432748,0.0
110784,7.679294654910912,0.5519742143432715,560,681,1241,0.0,-0.0008333472224535399,0.5519742143432748,0.0
110785,7.678461307688458,0.5519742143432715,560,681,1241,0.0,-0.0008333472224535399,0.5519742143432748,0.0
110786,7.677627960466005,0.5519742143432715,560,681,1241,0.0,-0.0008333472224535399,0.5519742143432748,0.0
110787,7.676794613243551,0.5519742143432715,560,681,1241,0.0,-0.0008333472224535399,0.5519742143432748,0.0
110788,7.675961266021098,0.5519742143432715,560,681,1241,0.0,-0.0008333472224535399,0.5519742143432748,0.0
110789,7.675127918798644,0.5519742143432715,560,681,1241,0.0,-0.0008333472224535399,0.5519742143432748,0.0
110790,7.6742945715761905,0.5519742143432715,560,681,1241,0.0,-0.0008333472224535399,0.5519742143432748,0.0
110791,7.673461224353737,0.5519742143432715,560,681,1241,0.0,-0.0008333472224535399,0.5519742143432748,0.0
110792,7.6726278771312835,0.5519742143432715,560,681,1241,0.0,-0.0008333472224535399,0.5519742143432748,0.0
110793,7.67179452990883,0.5519742143432715,560,681,1241,0.0,-0.0008333472224535399,0.5519742143432748,0.0
110794,7.670961182686376,0.5519742143432715,560,681,1241,0.0,-0.0008333472224535399,0.5519742143432748,0.0
110795,7.670127835463923,0.5519742143432715,560,681,1241,0.0,-0.0008333472224535399,0.5519742143432748,0.0
110796,7.669294488241469,0.5519742143432715,560,681,1241,0.0,-0.0008333472224535399,0.5519742143432748,0.0
110797,7.668461141019016,0.5519742143432715,560,681,1241,0.0,-0.0008333472224535399,0.5519742143432748,0.0
110798,7.667627793796562,0.5519742143432715,560,681,1241,0.0,-0.0008333472224535399,0.5519742143432748,0.0
110799,7.666794446574109,0.5519742143432715,560,681,1241,0.0,-0.0008333472224535399,0.5519742143432748,0.0
110800,7.665961099351655,0.5519742143432715,560,681,1241,0.0,-0.0008333472224535399,0.5519742143432748,0.0
110801,7.665127752129202,0.5519742143432715,560,681,1241,0.0,-0.0008333472224535399,0.5519742143432748,0.0
110802,7.664294404906748,0.5519742143432715,560,681,1241,0.0,-0.0008333472224535399,0.5519742143432748,0.0
110803,7.6634610576842945,0.5519742143432715,560,681,1241,0.0,-0.0008333472224535399,0.5519742143432748,0.0
110804,7.662627710461841,0.5519742143432715,560,681,1241,0.0,-0.0008333472224535399,0.5519742143432748,0.0
110805,7.6617943632393875,0.5519742143432715,560,681,1241,0.0,-0.0008333472224535399,0.5519742143432748,0.0
110806,7.660961016016934,0.5527800161160354,560,681,1241,0.0008058017727639033,-0.0008333472224535399,0.5520547945205511,8.058017727639034e-05
110807,7.66012766879448,0.5527800161160354,560,681,1241,0.0,-0.0008333472224535399,0.5521353746978275,8.058017727639034e-05
110808,7.659294321572027,0.5527800161160354,560,681,1241,0.0,-0.0008333472224535399,0.5522159548751038,8.058017727639034e-05
110809,7.658460974349573,0.5527800161160354,560,681,1241,0.0,-0.0008333472224535399,0.5522965350523801,8.058017727639034e-05
110810,7.65762762712712,0.5527800161160354,560,681,1241,0.0,-0.0008333472224535399,0.5523771152296565,8.058017727639034e-05
110811,7.656794279904666,0.5527800161160354,560,681,1241,0.0,-0.0008333472224535399,0.5524576954069328,8.058017727639034e-05
110812,7.655960932682213,0.5527800161160354,560,681,1241,0.0,-0.0008333472224535399,0.5525382755842092,8.058017727639034e-05
110813,7.655127585459759,0.5527800161160354,560,681,1241,0.0,-0.0008333472224535399,0.5526188557614855,8.058017727639034e-05
110814,7.654294238237306,0.5527800161160354,560,681,1241,0.0,-0.0008333472224535399,0.5526994359387618,8.058017727639034e-05
110815,7.653460891014845,0.5527800161160354,560,681,1241,0.0,-0.0008333472224606453,0.5527800161160382,8.058017727639034e-05
110816,7.652627543792391,0.5527800161160354,560,681,1241,0.0,-0.0008333472224535399,0.5527800161160382,0.0
110817,7.651794196569938,0.5527800161160354,560,681,1241,0.0,-0.0008333472224535399,0.5527800161160382,0.0
110818,7.650960849347484,0.5527800161160354,560,681,1241,0.0,-0.0008333472224535399,0.5527800161160382,0.0
110819,7.650127502125031,0.5527800161160354,560,681,1241,0.0,-0.0008333472224535399,0.5527800161160382,0.0
110820,7.649294154902577,0.5527800161160354,560,681,1241,0.0,-0.0008333472224535399,0.5527800161160382,0.0
110821,7.648460807680124,0.5527800161160354,560,681,1241,0.0,-0.0008333472224535399,0.5527800161160382,0.0
110822,7.64762746045767,0.5527800161160354,560,681,1241,0.0,-0.0008333472224535399,0.5527800161160382,0.0
110823,7.646794113235217,0.5527800161160354,560,681,1241,0.0,-0.0008333472224535399,0.5527800161160382,0.0
110824,7.645960766012763,0.5527800161160354,560,681,1241,0.0,-0.0008333472224535399,0.5527800161160382,0.0
110825,7.6451274187903095,0.5535858178887993,560,681,1241,0.0008058017727639033,-0.0008333472224535399,0.5528605962933145,8.058017727639034e-05
110826,7.644294071567856,0.5535858178887993,560,681,1241,0.0,-0.0008333472224535399,0.5529411764705909,8.058017727639034e-05
110827,7.6434607243454025,0.5535858178887993,560,681,1241,0.0,-0.0008333472224535399,0.5530217566478672,8.058017727639034e-05
110828,7.642627377122949,0.5535858178887993,560,681,1241,0.0,-0.0008333472224535399,0.5531023368251435,8.058017727639034e-05
110829,7.641794029900495,0.5535858178887993,560,681,1241,0.0,-0.0008333472224535399,0.55318291700242,8.058017727639034e-05
110830,7.640960682678042,0.5535858178887993,560,681,1241,0.0,-0.0008333472224535399,0.5532634971796963,8.058017727639034e-05
110831,7.640127335455588,0.5535858178887993,560,681,1241,0.0,-0.0008333472224535399,0.5533440773569727,8.058017727639034e-05
110832,7.639293988233135,0.5535858178887993,560,681,1241,0.0,-0.0008333472224535399,0.553424657534249,8.058017727639034e-05
110833,7.638460641010681,0.5535858178887993,560,681,1241,0.0,-0.0008333472224535399,0.5535052377115253,8.058017727639034e-05
110834,7.637627293788228,0.5535858178887993,560,681,1241,0.0,-0.0008333472224535399,0.5535858178888017,8.058017727639034e-05
110835,7.636793946565774,0.5535858178887993,560,681,1241,0.0,-0.0008333472224535399,0.5535858178888017,0.0
110836,7.635960599343321,0.5535858178887993,560,681,1241,0.0,-0.0008333472224535399,0.5535858178888017,0.0
110837,7.635127252120867,0.5535858178887993,560,681,1241,0.0,-0.0008333472224535399,0.5535858178888017,0.0
110838,7.6342939048984135,0.5535858178887993,560,681,1241,0.0,-0.0008333472224535399,0.5535858178888017,0.0
110839,7.63346055767596,0.5535858178887993,560,681,1241,0.0,-0.0008333472224535399,0.5535858178888017,0.0
110840,7.6326272104535064,0.5535858178887993,560,681,1241,0.0,-0.0008333472224535399,0.5535858178888017,0.0
110841,7.631793863231053,0.5535858178887993,560,681,1241,0.0,-0.0008333472224535399,0.5535858178888017,0.0
110842,7.630960516008599,0.5535858178887993,560,681,1241,0.0,-0.0008333472224535399,0.5535858178888017,0.0
110843,7.630127168786146,0.5535858178887993,560,681,1241,0.0,-0.0008333472224535399,0.5535858178888017,0.0
110844,7.629293821563692,0.5535858178887993,560,681,1241,0.0,-0.0008333472224535399,0.5535858178888017,0.0
110845,7.628460474341239,0.5535858178887993,560,681,1241,0.0,-0.0008333472224535399,0.5535858178888017,0.0
110846,7.627627127118785,0.5535858178887993,560,681,1241,0.0,-0.0008333472224535399,0.5535858178888017,0.0
110847,7.626793779896332,0.5535858178887993,560,681,1241,0.0,-0.0008333472224535399,0.5535858178888017,0.0
110848,7.625960432673878,0.5535858178887993,560,681,1241,0.0,-0.0008333472224535399,0.5535858178888017,0.0
110849,7.625127085451425,0.5535858178887993,560,681,1241,0.0,-0.0008333472224535399,0.5535858178888017,0.0
110850,7.624293738228971,0.5535858178887993,560,681,1241,0.0,-0.0008333472224535399,0.5535858178888017,0.0
110851,7.6234603910065175,0.5535858178887993,560,681,1241,0.0,-0.0008333472224535399,0.5535858178888017,0.0
110852,7.622627043784064,0.5535858178887993,560,681,1241,0.0,-0.0008333472224535399,0.5535858178888017,0.0
110853,7.62179369656161,0.5535858178887993,560,681,1241,0.0,-0.0008333472224535399,0.5535858178888017,0.0
110854,7.620960349339157,0.5535858178887993,560,681,1241,0.0,-0.0008333472224535399,0.5535858178888017,0.0
110855,7.620127002116703,0.5535858178887993,560,681,1241,0.0,-0.0008333472224535399,0.5535858178888017,0.0
110856,7.61929365489425,0.5535858178887993,560,681,1241,0.0,-0.0008333472224535399,0.5535858178888017,0.0
110857,7.618460307671796,0.5535858178887993,560,681,1241,0.0,-0.0008333472224535399,0.5535858178888017,0.0
110858,7.617626960449336,0.5535858178887993,560,681,1241,0.0,-0.0008333472224606453,0.5535858178888017,0.0
110859,7.616793613226882,0.5535858178887993,560,681,1241,0.0,-0.0008333472224535399,0.5535858178888017,0.0
110860,7.6159602660044285,0.5535858178887993,560,681,1241,0.0,-0.0008333472224535399,0.5535858178888017,0.0
110861,7.615126918781975,0.5535858178887993,560,681,1241,0.0,-0.0008333472224535399,0.5535858178888017,0.0
110862,7.6142935715595215,0.5535858178887993,560,681,1241,0.0,-0.0008333472224535399,0.5535858178888017,0.0
110863,7.613460224337068,0.5535858178887993,560,681,1241,0.0,-0.0008333472224535399,0.5535858178888017,0.0
110864,7.612626877114614,0.5535858178887993,560,681,1241,0.0,-0.0008333472224535399,0.5535858178888017,0.0
110865,7.611793529892161,0.5535858178887993,560,681,1241,0.0,-0.0008333472224535399,0.5535858178888017,0.0
110866,7.610960182669707,0.5535858178887993,560,681,1241,0.0,-0.0008333472224535399,0.5535858178888017,0.0
110867,7.610126835447254,0.5535858178887993,560,681,1241,0.0,-0.0008333472224535399,0.5535858178888017,0.0
110868,7.6092934882248,0.5535858178887993,560,681,1241,0.0,-0.0008333472224535399,0.5535858178888017,0.0
110869,7.608460141002347,0.5535858178887993,560,681,1241,0.0,-0.0008333472224535399,0.5535858178888017,0.0
110870,7.607626793779893,0.5535858178887993,560,681,1241,0.0,-0.0008333472224535399,0.5535858178888017,0.0
110871,7.60679344655744,0.5535858178887993,560,681,1241,0.0,-0.0008333472224535399,0.5535858178888017,0.0
110872,7.605960099334986,0.5527800161160354,560,681,1241,-0.0008058017727639033,-0.0008333472224535399,0.5535052377115253,-8.058017727639034e-05
110873,7.6051267521125325,0.5527800161160354,560,681,1241,0.0,-0.0008333472224535399,0.5534246575342489,-8.058017727639034e-05
110874,7.604293404890079,0.5527800161160354,560,681,1241,0.0,-0.0008333472224535399,0.5533440773569726,-8.058017727639034e-05
110875,7.6034600576676254,0.5527800161160354,560,681,1241,0.0,-0.0008333472224535399,0.5532634971796961,-8.058017727639034e-05
110876,7.602626710445172,0.5527800161160354,560,681,1241,0.0,-0.0008333472224535399,0.5531829170024198,-8.058017727639034e-05
110877,7.601793363222718,0.5527800161160354,560,681,1241,0.0,-0.0008333472224535399,0.5531023368251435,-8.058017727639034e-05
110878,7.600960016000265,0.5527800161160354,560,681,1241,0.0,-0.0008333472224535399,0.5530217566478671,-8.058017727639034e-05
110879,7.600126668777811,0.5527800161160354,560,681,1241,0.0,-0.0008333472224535399,0.5529411764705908,-8.058017727639034e-05
110880,7.599293321555358,0.5527800161160354,560,681,1241,0.0,-0.0008333472224535399,0.5528605962933144,-8.058017727639034e-05
110881,7.598459974332904,0.5527800161160354,560,681,1241,0.0,-0.0008333472224535399,0.5527800161160381,-8.058017727639034e-05
110882,7.597626627110451,0.5527800161160354,560,681,1241,0.0,-0.0008333472224535399,0.5527800161160382,0.0
110883,7.596793279887997,0.5527800161160354,560,681,1241,0.0,-0.0008333472224535399,0.5527800161160382,0.0
110884,7.595959932665544,0.5527800161160354,560,681,1241,0.0,-0.0008333472224535399,0.5527800161160382,0.0
110885,7.59512658544309,0.5527800161160354,560,681,1241,0.0,-0.0008333472224535399,0.5527800161160382,0.0
110886,7.5942932382206365,0.5527800161160354,560,681,1241,0.0,-0.0008333472224535399,0.5527800161160382,0.0
110887,7.593459890998183,0.5527800161160354,560,681,1241,0.0,-0.0008333472224535399,0.5527800161160382,0.0
110888,7.592626543775729,0.5527800161160354,560,681,1241,0.0,-0.0008333472224535399,0.5527800161160382,0.0
110889,7.591793196553276,0.5527800161160354,560,681,1241,0.0,-0.0008333472224535399,0.5527800161160382,0.0
110890,7.590959849330822,0.5527800161160354,560,681,1241,0.0,-0.0008333472224535399,0.5527800161160382,0.0
110891,7.590126502108369,0.5527800161160354,560,681,1241,0.0,-0.0008333472224535399,0.5527800161160382,0.0
110892,7.589293154885915,0.5527800161160354,560,681,1241,0.0,-0.0008333472224535399,0.5527800161160382,0.0
110893,7.588459807663462,0.5527800161160354,560,681,1241,0.0,-0.0008333472224535399,0.5527800161160382,0.0
110894,7.587626460441008,0.5527800161160354,560,681,1241,0.0,-0.0008333472224535399,0.5527800161160382,0.0
110895,7.586793113218555,0.5527800161160354,560,681,1241,0.0,-0.0008333472224535399,0.5527800161160382,0.0
110896,7.585959765996101,0.5527800161160354,560,681,1241,0.0,-0.0008333472224535399,0.5527800161160382,0.0
110897,7.585126418773648,0.5527800161160354,560,681,1241,0.0,-0.0008333472224535399,0.5527800161160382,0.0
110898,7.584293071551194,0.5527800161160354,560,681,1241,0.0,-0.0008333472224535399,0.5527800161160382,0.0
110899,7.5834597243287405,0.5527800161160354,560,681,1241,0.0,-0.0008333472224535399,0.5527800161160382,0.0
110900,7.58262637710628,0.5527800161160354,560,681,1241,0.0,-0.0008333472224606453,0.5527800161160382,0.0
110901,7.581793029883826,0.5527800161160354,560,681,1241,0.0,-0.0008333472224535399,0.5527800161160382,0.0
110902,7.580959682661373,0.5527800161160354,560,681,1241,0.0,-0.0008333472224535399,0.5527800161160382,0.0
110903,7.580126335438919,0.5527800161160354,560,681,1241,0.0,-0.0008333472224535399,0.5527800161160382,0.0
110904,7.579292988216466,0.5527800161160354,560,681,1241,0.0,-0.0008333472224535399,0.5527800161160382,0.0
110905,7.578459640994012,0.5527800161160354,560,681,1241,0.0,-0.0008333472224535399,0.5527800161160382,0.0
110906,7.577626293771559,0.5527800161160354,560,681,1241,0.0,-0.0008333472224535399,0.5527800161160382,0.0
110907,7.576792946549105,0.5527800161160354,560,681,1241,0.0,-0.0008333472224535399,0.5527800161160382,0.0
110908,7.5759595993266515,0.5527800161160354,560,681,1241,0.0,-0.0008333472224535399,0.5527800161160382,0.0
110909,7.575126252104198,0.5527800161160354,560,681,1241,0.0,-0.0008333472224535399,0.5527800161160382,0.0
110910,7.5742929048817444,0.5527800161160354,560,681,1241,0.0,-0.0008333472224535399,0.5527800161160382,0.0
110911,7.573459557659291,0.5527800161160354,560,681,1241,0.0,-0.0008333472224535399,0.5527800161160382,0.0
110912,7.572626210436837,0.5527800161160354,560,681,1241,0.0,-0.0008333472224535399,0.5527800161160382,0.0
110913,7.571792863214384,0.5527800161160354,560,681,1241,0.0,-0.0008333472224535399,0.5527800161160382,0.0
110914,7.57095951599193,0.5527800161160354,560,681,1241,0.0,-0.0008333472224535399,0.5527800161160382,0.0
110915,7.570126168769477,0.5527800161160354,560,681,1241,0.0,-0.0008333472224535399,0.5527800161160382,0.0
110916,7.569292821547023,0.5527800161160354,560,681,1241,0.0,-0.0008333472224535399,0.5527800161160382,0.0
110917,7.56845947432457,0.5527800161160354,560,681,1241,0.0,-0.0008333472224535399,0.5527800161160382,0.0
110918,7.567626127102116,0.5527800161160354,560,681,1241,0.0,-0.0008333472224535399,0.5527800161160382,0.0
110919,7.566792779879663,0.5527800161160354,560,681,1241,0.0,-0.0008333472224535399,0.5527800161160382,0.0
110920,7.565959432657209,0.5527800161160354,560,681,1241,0.0,-0.0008333472224535399,0.5527800161160382,0.0
110921,7.5651260854347555,0.5527800161160354,560,681,1241,0.0,-0.0008333472224535399,0.5527800161160382,0.0
110922,7.564292738212302,0.5527800161160354,560,681,1241,0.0,-0.0008333472224535399,0.5527800161160382,0.0
110923,7.563459390989848,0.5527800161160354,560,681,1241,0.0,-0.0008333472224535399,0.5527800161160382,0.0
110924,7.562626043767395,0.5527800161160354,560,681,1241,0.0,-0.0008333472224535399,0.5527800161160382,0.0
110925,7.561792696544941,0.5527800161160354,560,681,1241,0.0,-0.0008333472224535399,0.5527800161160382,0.0
110926,7.560959349322488,0.5527800161160354,560,681,1241,0.0,-0.0008333472224535399,0.5527800161160382,0.0
110927,7.560126002100034,0.5527800161160354,560,681,1241,0.0,-0.0008333472224535399,0.5527800161160382,0.0
110928,7.559292654877581,0.5527800161160354,560,681,1241,0.0,-0.0008333472224535399,0.5527800161160382,0.0
110929,7.558459307655127,0.5527800161160354,560,681,1241,0.0,-0.0008333472224535399,0.5527800161160382,0.0
110930,7.557625960432674,0.5527800161160354,560,681,1241,0.0,-0.0008333472224535399,0.5527800161160382,0.0
110931,7.55679261321022,0.5527800161160354,560,681,1241,0.0,-0.0008333472224535399,0.5527800161160382,0.0
110932,7.555959265987767,0.5527800161160354,560,681,1241,0.0,-0.0008333472224535399,0.5527800161160382,0.0
110933,7.555125918765313,0.5527800161160354,560,681,1241,0.0,-0.0008333472224535399,0.5527800161160382,0.0
110934,7.5542925715428595,0.5527800161160354,560,681,1241,0.0,-0.0008333472224535399,0.5527800161160382,0.0
110935,7.553459224320406,0.5527800161160354,560,681,1241,0.0,-0.0008333472224535399,0.5527800161160382,0.0
110936,7.552625877097952,0.5527800161160354,560,681,1241,0.0,-0.0008333472224535399,0.5527800161160382,0.0
110937,7.551792529875499,0.5535858178887993,560,681,1241,0.0008058017727639033,-0.0008333472224535399,0.5528605962933145,8.058017727639034e-05
110938,7.550959182653045,0.5535858178887993,560,681,1241,0.0,-0.0008333472224535399,0.5529411764705909,8.058017727639034e-05
110939,7.550125835430592,0.5535858178887993,560,681,1241,0.0,-0.0008333472224535399,0.5530217566478672,8.058017727639034e-05
110940,7.549292488208138,0.5535858178887993,560,681,1241,0.0,-0.0008333472224535399,0.5531023368251435,8.058017727639034e-05
110941,7.548459140985685,0.5535858178887993,560,681,1241,0.0,-0.0008333472224535399,0.55318291700242,8.058017727639034e-05
110942,7.547625793763224,0.5535858178887993,560,681,1241,0.0,-0.0008333472224606453,0.5532634971796963,8.058017727639034e-05
110943,7.5467924465407705,0.5535858178887993,560,681,1241,0.0,-0.0008333472224535399,0.5533440773569727,8.058017727639034e-05
110944,7.545959099318317,0.5535858178887993,560,681,1241,0.0,-0.0008333472224535399,0.553424657534249,8.058017727639034e-05
110945,7.5451257520958634,0.5535858178887993,560,681,1241,0.0,-0.0008333472224535399,0.5535052377115253,8.058017727639034e-05
110946,7.54429240487341,0.5535858178887993,560,681,1241,0.0,-0.0008333472224535399,0.5535858178888017,8.058017727639034e-05
110947,7.543459057650956,0.5535858178887993,560,681,1241,0.0,-0.0008333472224535399,0.5535858178888017,0.0
110948,7.542625710428503,0.5535858178887993,560,681,1241,0.0,-0.0008333472224535399,0.5535858178888017,0.0
110949,7.541792363206049,0.5535858178887993,560,681,1241,0.0,-0.0008333472224535399,0.5535858178888017,0.0
110950,7.540959015983596,0.5535858178887993,560,681,1241,0.0,-0.0008333472224535399,0.5535858178888017,0.0
110951,7.540125668761142,0.5535858178887993,560,681,1241,0.0,-0.0008333472224535399,0.5535858178888017,0.0
110952,7.539292321538689,0.5535858178887993,560,681,1241,0.0,-0.0008333472224535399,0.5535858178888017,0.0
110953,7.538458974316235,0.5535858178887993,560,681,1241,0.0,-0.0008333472224535399,0.5535858178888017,0.0
110954,7.537625627093782,0.5535858178887993,560,681,1241,0.0,-0.0008333472224535399,0.5535858178888017,0.0
110955,7.536792279871328,0.5535858178887993,560,681,1241,0.0,-0.0008333472224535399,0.5535858178888017,0.0
110956,7.5359589326488745,0.5535858178887993,560,681,1241,0.0,-0.0008333472224535399,0.5535858178888017,0.0
110957,7.535125585426421,0.5535858178887993,560,681,1241,0.0,-0.0008333472224535399,0.5535858178888017,0.0
110958,7.534292238203967,0.5535858178887993,560,681,1241,0.0,-0.0008333472224535399,0.5535858178888017,0.0
110959,7.533458890981514,0.5535858178887993,560,681,1241,0.0,-0.0008333472224535399,0.5535858178888017,0.0
110960,7.53262554375906,0.5535858178887993,560,681,1241,0.0,-0.0008333472224535399,0.5535858178888017,0.0
110961,7.531792196536607,0.5535858178887993,560,681,1241,0.0,-0.0008333472224535399,0.5535858178888017,0.0
110962,7.530958849314153,0.5535858178887993,560,681,1241,0.0,-0.0008333472224535399,0.5535858178888017,0.0
110963,7.5301255020917,0.5535858178887993,560,681,1241,0.0,-0.0008333472224535399,0.5535858178888017,0.0
110964,7.529292154869246,0.5535858178887993,560,681,1241,0.0,-0.0008333472224535399,0.5535858178888017,0.0
110965,7.528458807646793,0.5535858178887993,560,681,1241,0.0,-0.0008333472224535399,0.5535858178888017,0.0
110966,7.527625460424339,0.5535858178887993,560,681,1241,0.0,-0.0008333472224535399,0.5535858178888017,0.0
110967,7.526792113201886,0.5535858178887993,560,681,1241,0.0,-0.0008333472224535399,0.5535858178888017,0.0
110968,7.525958765979432,0.5535858178887993,560,681,1241,0.0,-0.0008333472224535399,0.5535858178888017,0.0
110969,7.5251254187569785,0.5535858178887993,560,681,1241,0.0,-0.0008333472224535399,0.5535858178888017,0.0
110970,7.524292071534525,0.5535858178887993,560,681,1241,0.0,-0.0008333472224535399,0.5535858178888017,0.0
110971,7.523458724312071,0.5535858178887993,560,681,1241,0.0,-0.0008333472224535399,0.5535858178888017,0.0
110972,7.522625377089618,0.5535858178887993,560,681,1241,0.0,-0.0008333472224535399,0.5535858178888017,0.0
110973,7.521792029867164,0.5535858178887993,560,681,1241,0.0,-0.0008333472224535399,0.5535858178888017,0.0
110974,7.520958682644711,0.5535858178887993,560,681,1241,0.0,-0.0008333472224535399,0.5535858178888017,0.0
110975,7.520125335422257,0.5535858178887993,560,681,1241,0.0,-0.0008333472224535399,0.5535858178888017,0.0
110976,7.519291988199804,0.5535858178887993,560,681,1241,0.0,-0.0008333472224535399,0.5535858178888017,0.0
110977,7.51845864097735,0.5535858178887993,560,681,1241,0.0,-0.0008333472224535399,0.5535858178888017,0.0
110978,7.517625293754897,0.5535858178887993,560,681,1241,0.0,-0.0008333472224535399,0.5535858178888017,0.0
110979,7.516791946532443,0.5535858178887993,560,681,1241,0.0,-0.0008333472224535399,0.5535858178888017,0.0
110980,7.5159585993099896,0.5535858178887993,560,681,1241,0.0,-0.0008333472224535399,0.5535858178888017,0.0
110981,7.515125252087536,0.5535858178887993,560,681,1241,0.0,-0.0008333472224535399,0.5535858178888017,0.0
110982,7.5142919048650825,0.5535858178887993,560,681,1241,0.0,-0.0008333472224535399,0.5535858178888017,0.0
110983,7.513458557642629,0.5527800161160354,560,681,1241,-0.0008058017727639033,-0.0008333472224535399,0.5535052377115253,-8.058017727639034e-05
110984,7.512625210420175,0.5527800161160354,560,681,1241,0.0,-0.0008333472224535399,0.5534246575342489,-8.058017727639034e-05
110985,7.511791863197715,0.5527800161160354,560,681,1241,0.0,-0.0008333472224606453,0.5533440773569726,-8.058017727639034e-05
110986,7.510958515975261,0.5535858178887993,560,681,1241,0.0008058017727639033,-0.0008333472224535399,0.5533440773569726,0.0
110987,7.510125168752808,0.5535858178887993,560,681,1241,0.0,-0.0008333472224535399,0.5533440773569726,0.0
110988,7.509291821530354,0.5535858178887993,560,681,1241,0.0,-0.0008333472224535399,0.5533440773569726,0.0
110989,7.508458474307901,0.5535858178887993,560,681,1241,0.0,-0.0008333472224535399,0.5533440773569726,0.0
110990,7.507625127085447,0.5535858178887993,560,681,1241,0.0,-0.0008333472224535399,0.5533440773569726,0.0
110991,7.5067917798629935,0.5535858178887993,560,681,1241,0.0,-0.0008333472224535399,0.5533440773569726,0.0
110992,7.50595843264054,0.5535858178887993,560,681,1241,0.0,-0.0008333472224535399,0.5533440773569726,0.0
110993,7.505125085418086,0.5535858178887993,560,681,1241,0.0,-0.0008333472224535399,0.553424657534249,8.058017727639034e-05
110994,7.504291738195633,0.5535858178887993,560,681,1241,0.0,-0.0008333472224535399,0.5535052377115253,8.058017727639034e-05
110995,7.503458390973179,0.5535858178887993,560,681,1241,0.0,-0.0008333472224535399,0.5535858178888017,8.058017727639034e-05
110996,7.502625043750726,0.5535858178887993,560,681,1241,0.0,-0.0008333472224535399,0.5535858178888017,0.0
110997,7.501791696528272,0.5535858178887993,560,681,1241,0.0,-0.0008333472224535399,0.5535858178888017,0.0
110998,7.500958349305819,0.5535858178887993,560,681,1241,0.0,-0.0008333472224535399,0.5535858178888017,0.0
110999,7.500125002083365,0.5535858178887993,560,681,1241,0.0,-0.0008333472224535399,0.5535858178888017,0.0
111000,7.499291654860912,0.5535858178887993,560,681,1241,0.0,-0.0008333472224535399,0.5535858178888017,0.0
111001,7.498458307638458,0.5535858178887993,560,681,1241,0.0,-0.0008333472224535399,0.5535858178888017,0.0
111002,7.497624960416005,0.5535858178887993,560,681,1241,0.0,-0.0008333472224535399,0.5535858178888017,0.0
111003,7.496791613193551,0.5543916196615633,560,681,1241,0.0008058017727639033,-0.0008333472224535399,0.5536663980660781,8.058017727639034e-05
111004,7.4959582659710975,0.5543916196615633,560,681,1241,0.0,-0.0008333472224535399,0.5537469782433544,8.058017727639034e-05
111005,7.495124918748644,0.5543916196615633,560,681,1241,0.0,-0.0008333472224535399,0.5538275584206308,8.058017727639034e-05
111006,7.49429157152619,0.5543916196615633,560,681,1241,0.0,-0.0008333472224535399,0.5539081385979071,8.058017727639034e-05
111007,7.493458224303737,0.5543916196615633,560,681,1241,0.0,-0.0008333472224535399,0.5539887187751835,8.058017727639034e-05
111008,7.492624877081283,0.5543916196615633,560,681,1241,0.0,-0.0008333472224535399,0.5540692989524598,8.058017727639034e-05
111009,7.49179152985883,0.5543916196615633,560,681,1241,0.0,-0.0008333472224535399,0.5541498791297361,8.058017727639034e-05
111010,7.490958182636376,0.5543916196615633,560,681,1241,0.0,-0.0008333472224535399,0.5542304593070125,8.058017727639034e-05
111011,7.490124835413923,0.5543916196615633,560,681,1241,0.0,-0.0008333472224535399,0.5543110394842888,8.058017727639034e-05
111012,7.489291488191469,0.5543916196615633,560,681,1241,0.0,-0.0008333472224535399,0.5543916196615652,8.058017727639034e-05
111013,7.488458140969016,0.5543916196615633,560,681,1241,0.0,-0.0008333472224535399,0.5543916196615651,0.0
111014,7.487624793746562,0.5543916196615633,560,681,1241,0.0,-0.0008333472224535399,0.5543916196615651,0.0
111015,7.4867914465241086,0.5543916196615633,560,681,1241,0.0,-0.0008333472224535399,0.5543916196615651,0.0
111016,7.485958099301655,0.5543916196615633,560,681,1241,0.0,-0.0008333472224535399,0.5543916196615651,0.0
111017,7.4851247520792015,0.5543916196615633,560,681,1241,0.0,-0.0008333472224535399,0.5543916196615651,0.0
111018,7.484291404856748,0.5543916196615633,560,681,1241,0.0,-0.0008333472224535399,0.5543916196615651,0.0
111019,7.483458057634294,0.5543916196615633,560,681,1241,0.0,-0.0008333472224535399,0.5543916196615651,0.0
111020,7.482624710411841,0.5543916196615633,560,681,1241,0.0,-0.0008333472224535399,0.5543916196615651,0.0
111021,7.481791363189387,0.5543916196615633,560,681,1241,0.0,-0.0008333472224535399,0.5543916196615651,0.0
111022,7.480958015966934,0.5543916196615633,560,681,1241,0.0,-0.0008333472224535399,0.5543916196615651,0.0
111023,7.48012466874448,0.5543916196615633,560,681,1241,0.0,-0.0008333472224535399,0.5543916196615651,0.0
111024,7.479291321522027,0.5543916196615633,560,681,1241,0.0,-0.0008333472224535399,0.5543916196615651,0.0
111025,7.478457974299573,0.5543916196615633,560,681,1241,0.0,-0.0008333472224535399,0.5543916196615651,0.0
111026,7.47762462707712,0.5543916196615633,560,681,1241,0.0,-0.0008333472224535399,0.5543916196615651,0.0
111027,7.476791279854659,0.5543916196615633,560,681,1241,0.0,-0.0008333472224606453,0.5543916196615651,0.0
111028,7.475957932632205,0.5543916196615633,560,681,1241,0.0,-0.0008333472224535399,0.5543916196615651,0.0
111029,7.475124585409752,0.5543916196615633,560,681,1241,0.0,-0.0008333472224535399,0.5543916196615651,0.0
111030,7.474291238187298,0.5543916196615633,560,681,1241,0.0,-0.0008333472224535399,0.5543916196615651,0.0
111031,7.473457890964845,0.5535858178887993,560,681,1241,-0.0008058017727639033,-0.0008333472224535399,0.5543110394842887,-8.058017727639034e-05
111032,7.472624543742391,0.5535858178887993,560,681,1241,0.0,-0.0008333472224535399,0.5542304593070124,-8.058017727639034e-05
111033,7.471791196519938,0.5535858178887993,560,681,1241,0.0,-0.0008333472224535399,0.5541498791297361,-8.058017727639034e-05
111034,7.470957849297484,0.5535858178887993,560,681,1241,0.0,-0.0008333472224535399,0.5540692989524597,-8.058017727639034e-05
111035,7.470124502075031,0.5535858178887993,560,681,1241,0.0,-0.0008333472224535399,0.5539887187751834,-8.058017727639034e-05
111036,7.469291154852577,0.5535858178887993,560,681,1241,0.0,-0.0008333472224535399,0.553908138597907,-8.058017727639034e-05
111037,7.468457807630124,0.5535858178887993,560,681,1241,0.0,-0.0008333472224535399,0.5538275584206307,-8.058017727639034e-05
111038,7.46762446040767,0.5535858178887993,560,681,1241,0.0,-0.0008333472224535399,0.5537469782433544,-8.058017727639034e-05
111039,7.4667911131852165,0.5535858178887993,560,681,1241,0.0,-0.0008333472224535399,0.553666398066078,-8.058017727639034e-05
111040,7.465957765962763,0.5535858178887993,560,681,1241,0.0,-0.0008333472224535399,0.5535858178888017,-8.058017727639034e-05
111041,7.465124418740309,0.5535858178887993,560,681,1241,0.0,-0.0008333472224535399,0.5535858178888017,0.0
111042,7.464291071517856,0.5535858178887993,560,681,1241,0.0,-0.0008333472224535399,0.5535858178888017,0.0
111043,7.463457724295402,0.5535858178887993,560,681,1241,0.0,-0.0008333472224535399,0.5535858178888017,0.0
111044,7.462624377072949,0.5535858178887993,560,681,1241,0.0,-0.0008333472224535399,0.5535858178888017,0.0
111045,7.461791029850495,0.5535858178887993,560,681,1241,0.0,-0.0008333472224535399,0.5535858178888017,0.0
111046,7.460957682628042,0.5535858178887993,560,681,1241,0.0,-0.0008333472224535399,0.5535858178888017,0.0
111047,7.460124335405588,0.5535858178887993,560,681,1241,0.0,-0.0008333472224535399,0.5535858178888017,0.0
111048,7.459290988183135,0.5535858178887993,560,681,1241,0.0,-0.0008333472224535399,0.5535858178888017,0.0
111049,7.458457640960681,0.5535858178887993,560,681,1241,0.0,-0.0008333472224535399,0.5535858178888017,0.0
111050,7.4576242937382275,0.5535858178887993,560,681,1241,0.0,-0.0008333472224535399,0.5535858178888017,0.0
111051,7.456790946515774,0.5535858178887993,560,681,1241,0.0,-0.0008333472224535399,0.5535858178888017,0.0
111052,7.4559575992933205,0.5535858178887993,560,681,1241,0.0,-0.0008333472224535399,0.5535858178888017,0.0
111053,7.455124252070867,0.5535858178887993,560,681,1241,0.0,-0.0008333472224535399,0.5535858178888017,0.0
111054,7.454290904848413,0.5535858178887993,560,681,1241,0.0,-0.0008333472224535399,0.5535858178888017,0.0
111055,7.45345755762596,0.5535858178887993,560,681,1241,0.0,-0.0008333472224535399,0.5535858178888017,0.0
111056,7.452624210403506,0.5535858178887993,560,681,1241,0.0,-0.0008333472224535399,0.5535858178888017,0.0
111057,7.451790863181053,0.5535858178887993,560,681,1241,0.0,-0.0008333472224535399,0.5535858178888017,0.0
111058,7.450957515958599,0.5535858178887993,560,681,1241,0.0,-0.0008333472224535399,0.5535858178888017,0.0
111059,7.450124168736146,0.5535858178887993,560,681,1241,0.0,-0.0008333472224535399,0.5535858178888017,0.0
111060,7.449290821513692,0.5535858178887993,560,681,1241,0.0,-0.0008333472224535399,0.5535858178888017,0.0
111061,7.448457474291239,0.5535858178887993,560,681,1241,0.0,-0.0008333472224535399,0.5535858178888017,0.0
111062,7.447624127068785,0.5535858178887993,560,681,1241,0.0,-0.0008333472224535399,0.5535858178888017,0.0
111063,7.4467907798463315,0.5535858178887993,560,681,1241,0.0,-0.0008333472224535399,0.5535858178888017,0.0
111064,7.445957432623878,0.5535858178887993,560,681,1241,0.0,-0.0008333472224535399,0.5535858178888017,0.0
111065,7.4451240854014245,0.5535858178887993,560,681,1241,0.0,-0.0008333472224535399,0.5535858178888017,0.0
111066,7.444290738178971,0.5535858178887993,560,681,1241,0.0,-0.0008333472224535399,0.5535858178888017,0.0
111067,7.443457390956517,0.5535858178887993,560,681,1241,0.0,-0.0008333472224535399,0.5535858178888017,0.0
111068,7.442624043734064,0.5527800161160354,560,681,1241,-0.0008058017727639033,-0.0008333472224535399,0.5535052377115253,-8.058017727639034e-05
111069,7.441790696511603,0.5527800161160354,560,681,1241,0.0,-0.0008333472224606453,0.5534246575342489,-8.058017727639034e-05
111070,7.44095734928915,0.5527800161160354,560,681,1241,0.0,-0.0008333472224535399,0.5533440773569726,-8.058017727639034e-05
111071,7.440124002066696,0.5527800161160354,560,681,1241,0.0,-0.0008333472224535399,0.5532634971796961,-8.058017727639034e-05
111072,7.439290654844243,0.5527800161160354,560,681,1241,0.0,-0.0008333472224535399,0.5531829170024198,-8.058017727639034e-05
111073,7.438457307621789,0.5527800161160354,560,681,1241,0.0,-0.0008333472224535399,0.5531023368251435,-8.058017727639034e-05
111074,7.4376239603993355,0.5527800161160354,560,681,1241,0.0,-0.0008333472224535399,0.5530217566478671,-8.058017727639034e-05
111075,7.436790613176882,0.5527800161160354,560,681,1241,0.0,-0.0008333472224535399,0.5529411764705908,-8.058017727639034e-05
111076,7.435957265954428,0.5527800161160354,560,681,1241,0.0,-0.0008333472224535399,0.5528605962933144,-8.058017727639034e-05
111077,7.435123918731975,0.5527800161160354,560,681,1241,0.0,-0.0008333472224535399,0.5527800161160381,-8.058017727639034e-05
111078,7.434290571509521,0.5527800161160354,560,681,1241,0.0,-0.0008333472224535399,0.5527800161160382,0.0
111079,7.433457224287068,0.5527800161160354,560,681,1241,0.0,-0.0008333472224535399,0.5527800161160382,0.0
111080,7.432623877064614,0.5527800161160354,560,681,1241,0.0,-0.0008333472224535399,0.5527800161160382,0.0
111081,7.431790529842161,0.5527800161160354,560,681,1241,0.0,-0.0008333472224535399,0.5527800161160382,0.0
111082,7.430957182619707,0.5527800161160354,560,681,1241,0.0,-0.0008333472224535399,0.5527800161160382,0.0
111083,7.430123835397254,0.5527800161160354,560,681,1241,0.0,-0.0008333472224535399,0.5527800161160382,0.0
111084,7.4292904881748,0.5527800161160354,560,681,1241,0.0,-0.0008333472224535399,0.5527800161160382,0.0
111085,7.4284571409523465,0.5527800161160354,560,681,1241,0.0,-0.0008333472224535399,0.5527800161160382,0.0
111086,7.427623793729893,0.5535858178887993,560,681,1241,0.0008058017727639033,-0.0008333472224535399,0.5528605962933145,8.058017727639034e-05
111087,7.4267904465074395,0.5535858178887993,560,681,1241,0.0,-0.0008333472224535399,0.5529411764705909,8.058017727639034e-05
111088,7.425957099284986,0.5535858178887993,560,681,1241,0.0,-0.0008333472224535399,0.5530217566478672,8.058017727639034e-05
111089,7.425123752062532,0.5535858178887993,560,681,1241,0.0,-0.0008333472224535399,0.5531023368251435,8.058017727639034e-05
111090,7.424290404840079,0.5535858178887993,560,681,1241,0.0,-0.0008333472224535399,0.55318291700242,8.058017727639034e-05
111091,7.423457057617625,0.5535858178887993,560,681,1241,0.0,-0.0008333472224535399,0.5532634971796963,8.058017727639034e-05
111092,7.422623710395172,0.5535858178887993,560,681,1241,0.0,-0.0008333472224535399,0.5533440773569727,8.058017727639034e-05
111093,7.421790363172718,0.5535858178887993,560,681,1241,0.0,-0.0008333472224535399,0.553424657534249,8.058017727639034e-05
111094,7.420957015950265,0.5535858178887993,560,681,1241,0.0,-0.0008333472224535399,0.5535052377115253,8.058017727639034e-05
111095,7.420123668727811,0.5535858178887993,560,681,1241,0.0,-0.0008333472224535399,0.5535858178888017,8.058017727639034e-05
111096,7.419290321505358,0.5535858178887993,560,681,1241,0.0,-0.0008333472224535399,0.5535858178888017,0.0
111097,7.418456974282904,0.5535858178887993,560,681,1241,0.0,-0.0008333472224535399,0.5535858178888017,0.0
111098,7.4176236270604505,0.5535858178887993,560,681,1241,0.0,-0.0008333472224535399,0.5535858178888017,0.0
111099,7.416790279837997,0.5535858178887993,560,681,1241,0.0,-0.0008333472224535399,0.5535858178888017,0.0
111100,7.4159569326155435,0.5535858178887993,560,681,1241,0.0,-0.0008333472224535399,0.5535858178888017,0.0
111101,7.41512358539309,0.5535858178887993,560,681,1241,0.0,-0.0008333472224535399,0.5535858178888017,0.0
111102,7.414290238170636,0.5535858178887993,560,681,1241,0.0,-0.0008333472224535399,0.5535858178888017,0.0
111103,7.413456890948183,0.5535858178887993,560,681,1241,0.0,-0.0008333472224535399,0.5535858178888017,0.0
111104,7.412623543725729,0.5535858178887993,560,681,1241,0.0,-0.0008333472224535399,0.5535858178888017,0.0
111105,7.411790196503276,0.5535858178887993,560,681,1241,0.0,-0.0008333472224535399,0.5535858178888017,0.0
111106,7.410956849280822,0.5535858178887993,560,681,1241,0.0,-0.0008333472224535399,0.5535858178888017,0.0
111107,7.410123502058369,0.5535858178887993,560,681,1241,0.0,-0.0008333472224535399,0.5535858178888017,0.0
111108,7.409290154835915,0.5535858178887993,560,681,1241,0.0,-0.0008333472224535399,0.5535858178888017,0.0
111109,7.408456807613462,0.5535858178887993,560,681,1241,0.0,-0.0008333472224535399,0.5535858178888017,0.0
111110,7.407623460391008,0.5535858178887993,560,681,1241,0.0,-0.0008333472224535399,0.5535858178888017,0.0
111111,7.4067901131685545,0.5535858178887993,560,681,1241,0.0,-0.0008333472224535399,0.5535858178888017,0.0
111112,7.405956765946094,0.5535858178887993,560,681,1241,0.0,-0.0008333472224606453,0.5535858178888017,0.0
111113,7.40512341872364,0.5535858178887993,560,681,1241,0.0,-0.0008333472224535399,0.5535858178888017,0.0
111114,7.404290071501187,0.5535858178887993,560,681,1241,0.0,-0.0008333472224535399,0.5535858178888017,0.0
111115,7.403456724278733,0.5535858178887993,560,681,1241,0.0,-0.0008333472224535399,0.5535858178888017,0.0
111116,7.40262337705628,0.5535858178887993,560,681,1241,0.0,-0.0008333472224535399,0.5535858178888017,0.0
111117,7.401790029833826,0.5535858178887993,560,681,1241,0.0,-0.0008333472224535399,0.5535858178888017,0.0
111118,7.400956682611373,0.5535858178887993,560,681,1241,0.0,-0.0008333472224535399,0.5535858178888017,0.0
111119,7.400123335388919,0.5535858178887993,560,681,1241,0.0,-0.0008333472224535399,0.5535858178888017,0.0
111120,7.3992899881664655,0.5535858178887993,560,681,1241,0.0,-0.0008333472224535399,0.5535858178888017,0.0
111121,7.398456640944012,0.5535858178887993,560,681,1241,0.0,-0.0008333472224535399,0.5535858178888017,0.0
111122,7.3976232937215585,0.5535858178887993,560,681,1241,0.0,-0.0008333472224535399,0.5535858178888017,0.0
111123,7.396789946499105,0.5535858178887993,560,681,1241,0.0,-0.0008333472224535399,0.5535858178888017,0.0
111124,7.395956599276651,0.5535858178887993,560,681,1241,0.0,-0.0008333472224535399,0.5535858178888017,0.0
111125,7.395123252054198,0.5535858178887993,560,681,1241,0.0,-0.0008333472224535399,0.5535858178888017,0.0
111126,7.394289904831744,0.5535858178887993,560,681,1241,0.0,-0.0008333472224535399,0.5535858178888017,0.0
111127,7.393456557609291,0.5535858178887993,560,681,1241,0.0,-0.0008333472224535399,0.5535858178888017,0.0
111128,7.392623210386837,0.5535858178887993,560,681,1241,0.0,-0.0008333472224535399,0.5535858178888017,0.0
111129,7.391789863164384,0.5535858178887993,560,681,1241,0.0,-0.0008333472224535399,0.5535858178888017,0.0
111130,7.39095651594193,0.5535858178887993,560,681,1241,0.0,-0.0008333472224535399,0.5535858178888017,0.0
111131,7.390123168719477,0.5535858178887993,560,681,1241,0.0,-0.0008333472224535399,0.5535858178888017,0.0
111132,7.389289821497023,0.5535858178887993,560,681,1241,0.0,-0.0008333472224535399,0.5535858178888017,0.0
111133,7.3884564742745695,0.5535858178887993,560,681,1241,0.0,-0.0008333472224535399,0.5535858178888017,0.0
111134,7.387623127052116,0.5535858178887993,560,681,1241,0.0,-0.0008333472224535399,0.5535858178888017,0.0
111135,7.3867897798296625,0.5535858178887993,560,681,1241,0.0,-0.0008333472224535399,0.5535858178888017,0.0
111136,7.385956432607209,0.5535858178887993,560,681,1241,0.0,-0.0008333472224535399,0.5535858178888017,0.0
111137,7.385123085384755,0.5535858178887993,560,681,1241,0.0,-0.0008333472224535399,0.5535858178888017,0.0
111138,7.384289738162302,0.5535858178887993,560,681,1241,0.0,-0.0008333472224535399,0.5535858178888017,0.0
111139,7.383456390939848,0.5535858178887993,560,681,1241,0.0,-0.0008333472224535399,0.5535858178888017,0.0
111140,7.382623043717395,0.5535858178887993,560,681,1241,0.0,-0.0008333472224535399,0.5535858178888017,0.0
111141,7.381789696494941,0.5535858178887993,560,681,1241,0.0,-0.0008333472224535399,0.5535858178888017,0.0
111142,7.380956349272488,0.5535858178887993,560,681,1241,0.0,-0.0008333472224535399,0.5535858178888017,0.0
111143,7.380123002050034,0.5535858178887993,560,681,1241,0.0,-0.0008333472224535399,0.5535858178888017,0.0
111144,7.379289654827581,0.5535858178887993,560,681,1241,0.0,-0.0008333472224535399,0.5535858178888017,0.0
111145,7.378456307605127,0.5535858178887993,560,681,1241,0.0,-0.0008333472224535399,0.5535858178888017,0.0
111146,7.3776229603826735,0.5535858178887993,560,681,1241,0.0,-0.0008333472224535399,0.5535858178888017,0.0
111147,7.37678961316022,0.5535858178887993,560,681,1241,0.0,-0.0008333472224535399,0.5535858178888017,0.0
111148,7.375956265937766,0.5535858178887993,560,681,1241,0.0,-0.0008333472224535399,0.5535858178888017,0.0
111149,7.375122918715313,0.5535858178887993,560,681,1241,0.0,-0.0008333472224535399,0.5535858178888017,0.0
111150,7.374289571492859,0.5527800161160354,560,681,1241,-0.0008058017727639033,-0.0008333472224535399,0.5535052377115253,-8.058017727639034e-05
111151,7.373456224270406,0.5527800161160354,560,681,1241,0.0,-0.0008333472224535399,0.5534246575342489,-8.058017727639034e-05
111152,7.372622877047952,0.5527800161160354,560,681,1241,0.0,-0.0008333472224535399,0.5533440773569726,-8.058017727639034e-05
111153,7.371789529825499,0.5527800161160354,560,681,1241,0.0,-0.0008333472224535399,0.5532634971796961,-8.058017727639034e-05
111154,7.370956182603038,0.5527800161160354,560,681,1241,0.0,-0.0008333472224606453,0.5531829170024198,-8.058017727639034e-05
111155,7.3701228353805845,0.5527800161160354,560,681,1241,0.0,-0.0008333472224535399,0.5531023368251435,-8.058017727639034e-05
111156,7.369289488158131,0.5527800161160354,560,681,1241,0.0,-0.0008333472224535399,0.5530217566478671,-8.058017727639034e-05
111157,7.3684561409356775,0.5527800161160354,560,681,1241,0.0,-0.0008333472224535399,0.5529411764705908,-8.058017727639034e-05
111158,7.367622793713224,0.5527800161160354,560,681,1241,0.0,-0.0008333472224535399,0.5528605962933144,-8.058017727639034e-05
111159,7.36678944649077,0.5527800161160354,560,681,1241,0.0,-0.0008333472224535399,0.5527800161160381,-8.058017727639034e-05
111160,7.365956099268317,0.5535858178887993,560,681,1241,0.0008058017727639033,-0.0008333472224535399,0.5528605962933145,8.058017727639034e-05
111161,7.365122752045863,0.5535858178887993,560,681,1241,0.0,-0.0008333472224535399,0.5529411764705909,8.058017727639034e-05
111162,7.36428940482341,0.5535858178887993,560,681,1241,0.0,-0.0008333472224535399,0.5530217566478672,8.058017727639034e-05
111163,7.363456057600956,0.5535858178887993,560,681,1241,0.0,-0.0008333472224535399,0.5531023368251435,8.058017727639034e-05
111164,7.362622710378503,0.5535858178887993,560,681,1241,0.0,-0.0008333472224535399,0.55318291700242,8.058017727639034e-05
111165,7.361789363156049,0.5535858178887993,560,681,1241,0.0,-0.0008333472224535399,0.5532634971796963,8.058017727639034e-05
111166,7.360956015933596,0.5535858178887993,560,681,1241,0.0,-0.0008333472224535399,0.5533440773569727,8.058017727639034e-05
111167,7.360122668711142,0.5535858178887993,560,681,1241,0.0,-0.0008333472224535399,0.553424657534249,8.058017727639034e-05
111168,7.3592893214886885,0.5535858178887993,560,681,1241,0.0,-0.0008333472224535399,0.5535052377115253,8.058017727639034e-05
111169,7.358455974266235,0.5535858178887993,560,681,1241,0.0,-0.0008333472224535399,0.5535858178888017,8.058017727639034e-05
111170,7.3576226270437814,0.5535858178887993,560,681,1241,0.0,-0.0008333472224535399,0.5535858178888017,0.0
111171,7.356789279821328,0.5535858178887993,560,681,1241,0.0,-0.0008333472224535399,0.5535858178888017,0.0
111172,7.355955932598874,0.5543916196615633,560,681,1241,0.0008058017727639033,-0.0008333472224535399,0.5536663980660781,8.058017727639034e-05
111173,7.355122585376421,0.5543916196615633,560,681,1241,0.0,-0.0008333472224535399,0.5537469782433544,8.058017727639034e-05
111174,7.354289238153967,0.5543916196615633,560,681,1241,0.0,-0.0008333472224535399,0.5538275584206308,8.058017727639034e-05
111175,7.353455890931514,0.5543916196615633,560,681,1241,0.0,-0.0008333472224535399,0.5539081385979071,8.058017727639034e-05
111176,7.35262254370906,0.5543916196615633,560,681,1241,0.0,-0.0008333472224535399,0.5539887187751835,8.058017727639034e-05
111177,7.351789196486607,0.5543916196615633,560,681,1241,0.0,-0.0008333472224535399,0.5540692989524598,8.058017727639034e-05
111178,7.350955849264153,0.5551974214343272,560,681,1241,0.0008058017727639033,-0.0008333472224535399,0.5542304593070126,0.00016116035455278067
111179,7.3501225020417,0.5551974214343272,560,681,1241,0.0,-0.0008333472224535399,0.5543916196615654,0.00016116035455278067
111180,7.349289154819246,0.5551974214343272,560,681,1241,0.0,-0.0008333472224535399,0.5545527800161182,0.00016116035455278067
111181,7.3484558075967925,0.5535858178887993,560,681,1241,-0.0016116035455278066,-0.0008333472224535399,0.5545527800161182,0.0
111182,7.347622460374339,0.5535858178887993,560,681,1241,0.0,-0.0008333472224535399,0.5544721998388418,-8.058017727639034e-05
111183,7.346789113151885,0.5535858178887993,560,681,1241,0.0,-0.0008333472224535399,0.5543916196615655,-8.058017727639034e-05
111184,7.345955765929432,0.5535858178887993,560,681,1241,0.0,-0.0008333472224535399,0.5543110394842892,-8.058017727639034e-05
111185,7.345122418706978,0.5527800161160354,560,681,1241,-0.0008058017727639033,-0.0008333472224535399,0.5541498791297362,-0.00016116035455278067
111186,7.344289071484525,0.5527800161160354,560,681,1241,0.0,-0.0008333472224535399,0.5539887187751834,-0.00016116035455278067
111187,7.343455724262071,0.5527800161160354,560,681,1241,0.0,-0.0008333472224535399,0.5538275584206305,-0.00016116035455278067
111188,7.342622377039618,0.5527800161160354,560,681,1241,0.0,-0.0008333472224535399,0.5535858178888013,-0.00024174053182917098
111189,7.341789029817164,0.5527800161160354,560,681,1241,0.0,-0.0008333472224535399,0.5533440773569721,-0.00024174053182917098
111190,7.340955682594711,0.5527800161160354,560,681,1241,0.0,-0.0008333472224535399,0.5531023368251429,-0.00024174053182917098
111191,7.340122335372257,0.5527800161160354,560,681,1241,0.0,-0.0008333472224535399,0.5530217566478665,-8.058017727639034e-05
111192,7.339288988149804,0.5527800161160354,560,681,1241,0.0,-0.0008333472224535399,0.55294117647059,-8.058017727639034e-05
111193,7.33845564092735,0.5527800161160354,560,681,1241,0.0,-0.0008333472224535399,0.5528605962933137,-8.058017727639034e-05
111194,7.3376222937048965,0.5527800161160354,560,681,1241,0.0,-0.0008333472224535399,0.5527800161160374,-8.058017727639034e-05
111195,7.336788946482443,0.5527800161160354,560,681,1241,0.0,-0.0008333472224535399,0.5527800161160374,0.0
111196,7.335955599259989,0.5527800161160354,560,681,1241,0.0,-0.0008333472224535399,0.5527800161160374,0.0
111197,7.335122252037529,0.5535858178887993,560,681,1241,0.0008058017727639033,-0.0008333472224606453,0.5528605962933139,8.058017727639034e-05
111198,7.334288904815075,0.5527800161160354,560,681,1241,-0.0008058017727639033,-0.0008333472224535399,0.5528605962933139,0.0
111199,7.333455557592622,0.5527800161160354,560,681,1241,0.0,-0.0008333472224535399,0.5528605962933139,0.0
111200,7.332622210370168,0.5527800161160354,560,681,1241,0.0,-0.0008333472224535399,0.5528605962933139,0.0
111201,7.331788863147715,0.5527800161160354,560,681,1241,0.0,-0.0008333472224535399,0.5528605962933139,0.0
111202,7.330955515925261,0.5527800161160354,560,681,1241,0.0,-0.0008333472224535399,0.5528605962933139,0.0
111203,7.3301221687028075,0.5527800161160354,560,681,1241,0.0,-0.0008333472224535399,0.5528605962933139,0.0
111204,7.329288821480354,0.5527800161160354,560,681,1241,0.0,-0.0008333472224535399,0.5528605962933139,0.0
111205,7.3284554742579004,0.5527800161160354,560,681,1241,0.0,-0.0008333472224535399,0.5528605962933139,0.0
111206,7.327622127035447,0.5527800161160354,560,681,1241,0.0,-0.0008333472224535399,0.5528605962933139,0.0
111207,7.326788779812993,0.5527800161160354,560,681,1241,0.0,-0.0008333472224535399,0.5527800161160374,-8.058017727639034e-05
111208,7.32595543259054,0.5527800161160354,560,681,1241,0.0,-0.0008333472224535399,0.5527800161160374,0.0
111209,7.325122085368086,0.5527800161160354,560,681,1241,0.0,-0.0008333472224535399,0.5527800161160374,0.0
111210,7.324288738145633,0.5527800161160354,560,681,1241,0.0,-0.0008333472224535399,0.5527800161160374,0.0
111211,7.323455390923179,0.5527800161160354,560,681,1241,0.0,-0.0008333472224535399,0.5527800161160374,0.0
111212,7.322622043700726,0.5527800161160354,560,681,1241,0.0,-0.0008333472224535399,0.5527800161160374,0.0
111213,7.321788696478272,0.5527800161160354,560,681,1241,0.0,-0.0008333472224535399,0.5527800161160374,0.0
111214,7.320955349255819,0.5527800161160354,560,681,1241,0.0,-0.0008333472224535399,0.5527800161160374,0.0
111215,7.320122002033365,0.5527800161160354,560,681,1241,0.0,-0.0008333472224535399,0.5527800161160374,0.0
111216,7.3192886548109115,0.5527800161160354,560,681,1241,0.0,-0.0008333472224535399,0.5527800161160374,0.0
111217,7.318455307588458,0.5527800161160354,560,681,1241,0.0,-0.0008333472224535399,0.5527800161160374,0.0
111218,7.317621960366004,0.5527800161160354,560,681,1241,0.0,-0.0008333472224535399,0.5527800161160374,0.0
111219,7.316788613143551,0.5527800161160354,560,681,1241,0.0,-0.0008333472224535399,0.5527800161160374,0.0
111220,7.315955265921097,0.5527800161160354,560,681,1241,0.0,-0.0008333472224535399,0.5527800161160374,0.0
111221,7.315121918698644,0.5527800161160354,560,681,1241,0.0,-0.0008333472224535399,0.5527800161160374,0.0
111222,7.31428857147619,0.5527800161160354,560,681,1241,0.0,-0.0008333472224535399,0.5527800161160374,0.0
111223,7.313455224253737,0.5527800161160354,560,681,1241,0.0,-0.0008333472224535399,0.5527800161160374,0.0
111224,7.312621877031283,0.5527800161160354,560,681,1241,0.0,-0.0008333472224535399,0.5527800161160374,0.0
111225,7.31178852980883,0.5527800161160354,560,681,1241,0.0,-0.0008333472224535399,0.5527800161160374,0.0
111226,7.310955182586376,0.5527800161160354,560,681,1241,0.0,-0.0008333472224535399,0.5527800161160374,0.0
111227,7.310121835363923,0.5527800161160354,560,681,1241,0.0,-0.0008333472224535399,0.5527800161160374,0.0
111228,7.309288488141469,0.5527800161160354,560,681,1241,0.0,-0.0008333472224535399,0.5527800161160374,0.0
111229,7.3084551409190155,0.5527800161160354,560,681,1241,0.0,-0.0008333472224535399,0.5527800161160374,0.0
111230,7.307621793696562,0.5527800161160354,560,681,1241,0.0,-0.0008333472224535399,0.5527800161160374,0.0
111231,7.306788446474108,0.5527800161160354,560,681,1241,0.0,-0.0008333472224535399,0.5527800161160374,0.0
111232,7.305955099251655,0.5527800161160354,560,681,1241,0.0,-0.0008333472224535399,0.5527800161160374,0.0
111233,7.305121752029201,0.5527800161160354,560,681,1241,0.0,-0.0008333472224535399,0.5527800161160374,0.0
111234,7.304288404806748,0.5527800161160354,560,681,1241,0.0,-0.0008333472224535399,0.5527800161160374,0.0
111235,7.303455057584294,0.5527800161160354,560,681,1241,0.0,-0.0008333472224535399,0.5527800161160374,0.0
111236,7.302621710361841,0.5527800161160354,560,681,1241,0.0,-0.0008333472224535399,0.5527800161160374,0.0
111237,7.301788363139387,0.5527800161160354,560,681,1241,0.0,-0.0008333472224535399,0.5527800161160374,0.0
111238,7.300955015916934,0.5527800161160354,560,681,1241,0.0,-0.0008333472224535399,0.5527800161160374,0.0
111239,7.300121668694473,0.5527800161160354,560,681,1241,0.0,-0.0008333472224606453,0.5527800161160374,0.0
111240,7.2992883214720194,0.5527800161160354,560,681,1241,0.0,-0.0008333472224535399,0.5527800161160374,0.0
111241,7.298454974249566,0.5519742143432715,560,681,1241,-0.0008058017727639033,-0.0008333472224535399,0.5526994359387611,-8.058017727639034e-05
111242,7.297621627027112,0.5519742143432715,560,681,1241,0.0,-0.0008333472224535399,0.5526188557614848,-8.058017727639034e-05
111243,7.296788279804659,0.5519742143432715,560,681,1241,0.0,-0.0008333472224535399,0.5525382755842084,-8.058017727639034e-05
111244,7.295954932582205,0.5519742143432715,560,681,1241,0.0,-0.0008333472224535399,0.5524576954069321,-8.058017727639034e-05
111245,7.295121585359752,0.5519742143432715,560,681,1241,0.0,-0.0008333472224535399,0.5523771152296557,-8.058017727639034e-05
111246,7.294288238137298,0.5519742143432715,560,681,1241,0.0,-0.0008333472224535399,0.5522965350523794,-8.058017727639034e-05
111247,7.293454890914845,0.5519742143432715,560,681,1241,0.0,-0.0008333472224535399,0.5522159548751031,-8.058017727639034e-05
111248,7.292621543692391,0.5519742143432715,560,681,1241,0.0,-0.0008333472224535399,0.5521353746978267,-8.058017727639034e-05
111249,7.291788196469938,0.5527800161160354,560,681,1241,0.0008058017727639033,-0.0008333472224535399,0.5521353746978267,0.0
111250,7.290954849247484,0.5527800161160354,560,681,1241,0.0,-0.0008333472224535399,0.5521353746978267,0.0
111251,7.2901215020250305,0.5527800161160354,560,681,1241,0.0,-0.0008333472224535399,0.5522159548751031,8.058017727639034e-05
111252,7.289288154802577,0.5527800161160354,560,681,1241,0.0,-0.0008333472224535399,0.5522965350523794,8.058017727639034e-05
111253,7.288454807580123,0.5527800161160354,560,681,1241,0.0,-0.0008333472224535399,0.5523771152296557,8.058017727639034e-05
111254,7.28762146035767,0.5527800161160354,560,681,1241,0.0,-0.0008333472224535399,0.5524576954069321,8.058017727639034e-05
111255,7.286788113135216,0.5527800161160354,560,681,1241,0.0,-0.0008333472224535399,0.5525382755842084,8.058017727639034e-05
111256,7.285954765912763,0.5527800161160354,560,681,1241,0.0,-0.0008333472224535399,0.5526188557614848,8.058017727639034e-05
111257,7.285121418690309,0.5527800161160354,560,681,1241,0.0,-0.0008333472224535399,0.5526994359387611,8.058017727639034e-05
111258,7.284288071467856,0.5527800161160354,560,681,1241,0.0,-0.0008333472224535399,0.5527800161160374,8.058017727639034e-05
111259,7.283454724245402,0.5527800161160354,560,681,1241,0.0,-0.0008333472224535399,0.5527800161160374,0.0
111260,7.282621377022949,0.5527800161160354,560,681,1241,0.0,-0.0008333472224535399,0.5527800161160374,0.0
111261,7.281788029800495,0.5527800161160354,560,681,1241,0.0,-0.0008333472224535399,0.5527800161160374,0.0
111262,7.280954682578042,0.5527800161160354,560,681,1241,0.0,-0.0008333472224535399,0.5527800161160374,0.0
111263,7.280121335355588,0.5527800161160354,560,681,1241,0.0,-0.0008333472224535399,0.5527800161160374,0.0
111264,7.2792879881331345,0.5527800161160354,560,681,1241,0.0,-0.0008333472224535399,0.5527800161160374,0.0
111265,7.278454640910681,0.5527800161160354,560,681,1241,0.0,-0.0008333472224535399,0.5527800161160374,0.0
111266,7.277621293688227,0.5527800161160354,560,681,1241,0.0,-0.0008333472224535399,0.5527800161160374,0.0
111267,7.276787946465774,0.5527800161160354,560,681,1241,0.0,-0.0008333472224535399,0.5527800161160374,0.0
111268,7.27595459924332,0.5527800161160354,560,681,1241,0.0,-0.0008333472224535399,0.5527800161160374,0.0
111269,7.275121252020867,0.5527800161160354,560,681,1241,0.0,-0.0008333472224535399,0.5527800161160374,0.0
111270,7.274287904798413,0.5527800161160354,560,681,1241,0.0,-0.0008333472224535399,0.5527800161160374,0.0
111271,7.27345455757596,0.5527800161160354,560,681,1241,0.0,-0.0008333472224535399,0.5527800161160374,0.0
111272,7.272621210353506,0.5527800161160354,560,681,1241,0.0,-0.0008333472224535399,0.5527800161160374,0.0
111273,7.271787863131053,0.5527800161160354,560,681,1241,0.0,-0.0008333472224535399,0.5527800161160374,0.0
111274,7.270954515908599,0.5527800161160354,560,681,1241,0.0,-0.0008333472224535399,0.5527800161160374,0.0
111275,7.2701211686861456,0.5527800161160354,560,681,1241,0.0,-0.0008333472224535399,0.5527800161160374,0.0
111276,7.269287821463692,0.5527800161160354,560,681,1241,0.0,-0.0008333472224535399,0.5527800161160374,0.0
111277,7.2684544742412385,0.5527800161160354,560,681,1241,0.0,-0.0008333472224535399,0.5527800161160374,0.0
111278,7.267621127018785,0.5527800161160354,560,681,1241,0.0,-0.0008333472224535399,0.5527800161160374,0.0
111279,7.266787779796331,0.5527800161160354,560,681,1241,0.0,-0.0008333472224535399,0.5527800161160374,0.0
111280,7.265954432573878,0.5527800161160354,560,681,1241,0.0,-0.0008333472224535399,0.5527800161160374,0.0
111281,7.265121085351417,0.5527800161160354,560,681,1241,0.0,-0.0008333472224606453,0.5527800161160374,0.0
111282,7.264287738128964,0.5527800161160354,560,681,1241,0.0,-0.0008333472224535399,0.5527800161160374,0.0
111283,7.26345439090651,0.5527800161160354,560,681,1241,0.0,-0.0008333472224535399,0.5527800161160374,0.0
111284,7.262621043684057,0.5527800161160354,560,681,1241,0.0,-0.0008333472224535399,0.5527800161160374,0.0
111285,7.261787696461603,0.5527800161160354,560,681,1241,0.0,-0.0008333472224535399,0.5527800161160374,0.0
111286,7.2609543492391495,0.5527800161160354,560,681,1241,0.0,-0.0008333472224535399,0.5527800161160374,0.0
111287,7.260121002016696,0.5527800161160354,560,681,1241,0.0,-0.0008333472224535399,0.5527800161160374,0.0
111288,7.259287654794242,0.5527800161160354,560,681,1241,0.0,-0.0008333472224535399,0.5527800161160374,0.0
111289,7.258454307571789,0.5527800161160354,560,681,1241,0.0,-0.0008333472224535399,0.5527800161160374,0.0
111290,7.257620960349335,0.5527800161160354,560,681,1241,0.0,-0.0008333472224535399,0.5527800161160374,0.0
111291,7.256787613126882,0.5527800161160354,560,681,1241,0.0,-0.0008333472224535399,0.5527800161160374,0.0
111292,7.255954265904428,0.5527800161160354,560,681,1241,0.0,-0.0008333472224535399,0.5527800161160374,0.0
111293,7.255120918681975,0.5527800161160354,560,681,1241,0.0,-0.0008333472224535399,0.5527800161160374,0.0
111294,7.254287571459521,0.5527800161160354,560,681,1241,0.0,-0.0008333472224535399,0.5527800161160374,0.0
111295,7.253454224237068,0.5527800161160354,560,681,1241,0.0,-0.0008333472224535399,0.5527800161160374,0.0
111296,7.252620877014614,0.5527800161160354,560,681,1241,0.0,-0.0008333472224535399,0.5527800161160374,0.0
111297,7.251787529792161,0.5527800161160354,560,681,1241,0.0,-0.0008333472224535399,0.5527800161160374,0.0
111298,7.250954182569707,0.5519742143432715,560,681,1241,-0.0008058017727639033,-0.0008333472224535399,0.5526994359387611,-8.058017727639034e-05
111299,7.2501208353472535,0.5519742143432715,560,681,1241,0.0,-0.0008333472224535399,0.5526188557614848,-8.058017727639034e-05
111300,7.2492874881248,0.5519742143432715,560,681,1241,0.0,-0.0008333472224535399,0.5525382755842084,-8.058017727639034e-05
111301,7.248454140902346,0.5519742143432715,560,681,1241,0.0,-0.0008333472224535399,0.5524576954069321,-8.058017727639034e-05
111302,7.247620793679893,0.5527800161160354,560,681,1241,0.0008058017727639033,-0.0008333472224535399,0.5524576954069321,0.0
111303,7.246787446457439,0.5527800161160354,560,681,1241,0.0,-0.0008333472224535399,0.5524576954069321,0.0
111304,7.245954099234986,0.5527800161160354,560,681,1241,0.0,-0.0008333472224535399,0.5524576954069321,0.0
111305,7.245120752012532,0.5527800161160354,560,681,1241,0.0,-0.0008333472224535399,0.5524576954069321,0.0
111306,7.244287404790079,0.5527800161160354,560,681,1241,0.0,-0.0008333472224535399,0.5524576954069321,0.0
111307,7.243454057567625,0.5527800161160354,560,681,1241,0.0,-0.0008333472224535399,0.5524576954069321,0.0
111308,7.242620710345172,0.5527800161160354,560,681,1241,0.0,-0.0008333472224535399,0.5525382755842084,8.058017727639034e-05
111309,7.241787363122718,0.5527800161160354,560,681,1241,0.0,-0.0008333472224535399,0.5526188557614848,8.058017727639034e-05
111310,7.2409540159002646,0.5527800161160354,560,681,1241,0.0,-0.0008333472224535399,0.5526994359387611,8.058017727639034e-05
111311,7.240120668677811,0.5527800161160354,560,681,1241,0.0,-0.0008333472224535399,0.5527800161160374,8.058017727639034e-05
111312,7.2392873214553575,0.5527800161160354,560,681,1241,0.0,-0.0008333472224535399,0.5527800161160374,0.0
111313,7.238453974232904,0.5527800161160354,560,681,1241,0.0,-0.0008333472224535399,0.5527800161160374,0.0
111314,7.23762062701045,0.5527800161160354,560,681,1241,0.0,-0.0008333472224535399,0.5527800161160374,0.0
111315,7.236787279787997,0.5527800161160354,560,681,1241,0.0,-0.0008333472224535399,0.5527800161160374,0.0
111316,7.235953932565543,0.5527800161160354,560,681,1241,0.0,-0.0008333472224535399,0.5527800161160374,0.0
111317,7.23512058534309,0.5527800161160354,560,681,1241,0.0,-0.0008333472224535399,0.5527800161160374,0.0
111318,7.234287238120636,0.5527800161160354,560,681,1241,0.0,-0.0008333472224535399,0.5527800161160374,0.0
111319,7.233453890898183,0.5527800161160354,560,681,1241,0.0,-0.0008333472224535399,0.5527800161160374,0.0
111320,7.232620543675729,0.5527800161160354,560,681,1241,0.0,-0.0008333472224535399,0.5527800161160374,0.0
111321,7.231787196453276,0.5527800161160354,560,681,1241,0.0,-0.0008333472224535399,0.5527800161160374,0.0
111322,7.230953849230822,0.5527800161160354,560,681,1241,0.0,-0.0008333472224535399,0.5527800161160374,0.0
111323,7.2301205020083685,0.5527800161160354,560,681,1241,0.0,-0.0008333472224535399,0.5527800161160374,0.0
111324,7.229287154785908,0.5527800161160354,560,681,1241,0.0,-0.0008333472224606453,0.5527800161160374,0.0
111325,7.228453807563454,0.5527800161160354,560,681,1241,0.0,-0.0008333472224535399,0.5527800161160374,0.0
111326,7.227620460341001,0.5527800161160354,560,681,1241,0.0,-0.0008333472224535399,0.5527800161160374,0.0
111327,7.226787113118547,0.5527800161160354,560,681,1241,0.0,-0.0008333472224535399,0.5527800161160374,0.0
111328,7.225953765896094,0.5527800161160354,560,681,1241,0.0,-0.0008333472224535399,0.5527800161160374,0.0
111329,7.22512041867364,0.5527800161160354,560,681,1241,0.0,-0.0008333472224535399,0.5527800161160374,0.0
111330,7.224287071451187,0.5527800161160354,560,681,1241,0.0,-0.0008333472224535399,0.5527800161160374,0.0
111331,7.223453724228733,0.5527800161160354,560,681,1241,0.0,-0.0008333472224535399,0.5527800161160374,0.0
111332,7.22262037700628,0.5527800161160354,560,681,1241,0.0,-0.0008333472224535399,0.5527800161160374,0.0
111333,7.221787029783826,0.5527800161160354,560,681,1241,0.0,-0.0008333472224535399,0.5527800161160374,0.0
111334,7.2209536825613725,0.5527800161160354,560,681,1241,0.0,-0.0008333472224535399,0.5527800161160374,0.0
111335,7.220120335338919,0.5527800161160354,560,681,1241,0.0,-0.0008333472224535399,0.5527800161160374,0.0
111336,7.219286988116465,0.5527800161160354,560,681,1241,0.0,-0.0008333472224535399,0.5527800161160374,0.0
111337,7.218453640894012,0.5527800161160354,560,681,1241,0.0,-0.0008333472224535399,0.5527800161160374,0.0
111338,7.217620293671558,0.5527800161160354,560,681,1241,0.0,-0.0008333472224535399,0.5527800161160374,0.0
111339,7.216786946449105,0.5527800161160354,560,681,1241,0.0,-0.0008333472224535399,0.5527800161160374,0.0
111340,7.215953599226651,0.5527800161160354,560,681,1241,0.0,-0.0008333472224535399,0.5527800161160374,0.0
111341,7.215120252004198,0.5527800161160354,560,681,1241,0.0,-0.0008333472224535399,0.5527800161160374,0.0
111342,7.214286904781744,0.5527800161160354,560,681,1241,0.0,-0.0008333472224535399,0.5527800161160374,0.0
111343,7.213453557559291,0.5527800161160354,560,681,1241,0.0,-0.0008333472224535399,0.5527800161160374,0.0
111344,7.212620210336837,0.5527800161160354,560,681,1241,0.0,-0.0008333472224535399,0.5527800161160374,0.0
111345,7.2117868631143836,0.5527800161160354,560,681,1241,0.0,-0.0008333472224535399,0.5527800161160374,0.0
111346,7.21095351589193,0.5527800161160354,560,681,1241,0.0,-0.0008333472224535399,0.5527800161160374,0.0
111347,7.2101201686694765,0.5527800161160354,560,681,1241,0.0,-0.0008333472224535399,0.5527800161160374,0.0
111348,7.209286821447023,0.5527800161160354,560,681,1241,0.0,-0.0008333472224535399,0.5527800161160374,0.0
111349,7.208453474224569,0.5527800161160354,560,681,1241,0.0,-0.0008333472224535399,0.5527800161160374,0.0
111350,7.207620127002116,0.5527800161160354,560,681,1241,0.0,-0.0008333472224535399,0.5527800161160374,0.0
111351,7.206786779779662,0.5527800161160354,560,681,1241,0.0,-0.0008333472224535399,0.5527800161160374,0.0
111352,7.205953432557209,0.5527800161160354,560,681,1241,0.0,-0.0008333472224535399,0.5527800161160374,0.0
111353,7.205120085334755,0.5527800161160354,560,681,1241,0.0,-0.0008333472224535399,0.5527800161160374,0.0
111354,7.204286738112302,0.5527800161160354,560,681,1241,0.0,-0.0008333472224535399,0.5527800161160374,0.0
111355,7.203453390889848,0.5527800161160354,560,681,1241,0.0,-0.0008333472224535399,0.5527800161160374,0.0
111356,7.202620043667395,0.5527800161160354,560,681,1241,0.0,-0.0008333472224535399,0.5527800161160374,0.0
111357,7.201786696444941,0.5527800161160354,560,681,1241,0.0,-0.0008333472224535399,0.5527800161160374,0.0
111358,7.2009533492224875,0.5527800161160354,560,681,1241,0.0,-0.0008333472224535399,0.5527800161160374,0.0
111359,7.200120002000034,0.5527800161160354,560,681,1241,0.0,-0.0008333472224535399,0.5527800161160374,0.0
111360,7.1992866547775805,0.5527800161160354,560,681,1241,0.0,-0.0008333472224535399,0.5527800161160374,0.0
111361,7.198453307555127,0.5527800161160354,560,681,1241,0.0,-0.0008333472224535399,0.5527800161160374,0.0
111362,7.197619960332673,0.5527800161160354,560,681,1241,0.0,-0.0008333472224535399,0.5527800161160374,0.0
111363,7.19678661311022,0.5527800161160354,560,681,1241,0.0,-0.0008333472224535399,0.5527800161160374,0.0
111364,7.195953265887766,0.5527800161160354,560,681,1241,0.0,-0.0008333472224535399,0.5527800161160374,0.0
111365,7.195119918665313,0.5527800161160354,560,681,1241,0.0,-0.0008333472224535399,0.5527800161160374,0.0
111366,7.194286571442852,0.5527800161160354,560,681,1241,0.0,-0.0008333472224606453,0.5527800161160374,0.0
111367,7.193453224220399,0.5527800161160354,560,681,1241,0.0,-0.0008333472224535399,0.5527800161160374,0.0
111368,7.192619876997945,0.5527800161160354,560,681,1241,0.0,-0.0008333472224535399,0.5527800161160374,0.0
111369,7.1917865297754915,0.5527800161160354,560,681,1241,0.0,-0.0008333472224535399,0.5527800161160374,0.0
111370,7.190953182553038,0.5527800161160354,560,681,1241,0.0,-0.0008333472224535399,0.5527800161160374,0.0
111371,7.190119835330584,0.5527800161160354,560,681,1241,0.0,-0.0008333472224535399,0.5527800161160374,0.0
111372,7.189286488108131,0.5527800161160354,560,681,1241,0.0,-0.0008333472224535399,0.5527800161160374,0.0
111373,7.188453140885677,0.5527800161160354,560,681,1241,0.0,-0.0008333472224535399,0.5527800161160374,0.0
111374,7.187619793663224,0.5527800161160354,560,681,1241,0.0,-0.0008333472224535399,0.5527800161160374,0.0
111375,7.18678644644077,0.5527800161160354,560,681,1241,0.0,-0.0008333472224535399,0.5527800161160374,0.0
111376,7.185953099218317,0.5527800161160354,560,681,1241,0.0,-0.0008333472224535399,0.5527800161160374,0.0
111377,7.185119751995863,0.5527800161160354,560,681,1241,0.0,-0.0008333472224535399,0.5527800161160374,0.0
111378,7.18428640477341,0.5527800161160354,560,681,1241,0.0,-0.0008333472224535399,0.5527800161160374,0.0
111379,7.183453057550956,0.5527800161160354,560,681,1241,0.0,-0.0008333472224535399,0.5527800161160374,0.0
111380,7.1826197103285025,0.5527800161160354,560,681,1241,0.0,-0.0008333472224535399,0.5527800161160374,0.0
111381,7.181786363106049,0.5527800161160354,560,681,1241,0.0,-0.0008333472224535399,0.5527800161160374,0.0
111382,7.1809530158835955,0.5527800161160354,560,681,1241,0.0,-0.0008333472224535399,0.5527800161160374,0.0
111383,7.180119668661142,0.5527800161160354,560,681,1241,0.0,-0.0008333472224535399,0.5527800161160374,0.0
111384,7.179286321438688,0.5527800161160354,560,681,1241,0.0,-0.0008333472224535399,0.5527800161160374,0.0
111385,7.178452974216235,0.5527800161160354,560,681,1241,0.0,-0.0008333472224535399,0.5527800161160374,0.0
111386,7.177619626993781,0.5527800161160354,560,681,1241,0.0,-0.0008333472224535399,0.5527800161160374,0.0
111387,7.176786279771328,0.5527800161160354,560,681,1241,0.0,-0.0008333472224535399,0.5527800161160374,0.0
111388,7.175952932548874,0.5527800161160354,560,681,1241,0.0,-0.0008333472224535399,0.5527800161160374,0.0
111389,7.175119585326421,0.5527800161160354,560,681,1241,0.0,-0.0008333472224535399,0.5527800161160374,0.0
111390,7.174286238103967,0.5527800161160354,560,681,1241,0.0,-0.0008333472224535399,0.5527800161160374,0.0
111391,7.173452890881514,0.5527800161160354,560,681,1241,0.0,-0.0008333472224535399,0.5527800161160374,0.0
111392,7.17261954365906,0.5527800161160354,560,681,1241,0.0,-0.0008333472224535399,0.5527800161160374,0.0
111393,7.1717861964366065,0.5527800161160354,560,681,1241,0.0,-0.0008333472224535399,0.5527800161160374,0.0
111394,7.170952849214153,0.5527800161160354,560,681,1241,0.0,-0.0008333472224535399,0.5527800161160374,0.0
111395,7.1701195019916995,0.5527800161160354,560,681,1241,0.0,-0.0008333472224535399,0.5527800161160374,0.0
111396,7.169286154769246,0.5527800161160354,560,681,1241,0.0,-0.0008333472224535399,0.5527800161160374,0.0
111397,7.168452807546792,0.5527800161160354,560,681,1241,0.0,-0.0008333472224535399,0.5527800161160374,0.0
111398,7.167619460324339,0.5519742143432715,560,681,1241,-0.0008058017727639033,-0.0008333472224535399,0.5526994359387611,-8.058017727639034e-05
111399,7.166786113101885,0.5519742143432715,560,681,1241,0.0,-0.0008333472224535399,0.5526188557614848,-8.058017727639034e-05
111400,7.165952765879432,0.5519742143432715,560,681,1241,0.0,-0.0008333472224535399,0.5525382755842084,-8.058017727639034e-05
111401,7.165119418656978,0.5519742143432715,560,681,1241,0.0,-0.0008333472224535399,0.5524576954069321,-8.058017727639034e-05
111402,7.164286071434525,0.5519742143432715,560,681,1241,0.0,-0.0008333472224535399,0.5523771152296557,-8.058017727639034e-05
111403,7.163452724212071,0.5519742143432715,560,681,1241,0.0,-0.0008333472224535399,0.5522965350523794,-8.058017727639034e-05
111404,7.162619376989618,0.5519742143432715,560,681,1241,0.0,-0.0008333472224535399,0.5522159548751031,-8.058017727639034e-05
111405,7.161786029767164,0.5519742143432715,560,681,1241,0.0,-0.0008333472224535399,0.5521353746978267,-8.058017727639034e-05
111406,7.1609526825447105,0.5519742143432715,560,681,1241,0.0,-0.0008333472224535399,0.5520547945205504,-8.058017727639034e-05
111407,7.160119335322257,0.5519742143432715,560,681,1241,0.0,-0.0008333472224535399,0.551974214343274,-8.058017727639034e-05
111408,7.159285988099796,0.5519742143432715,560,681,1241,0.0,-0.0008333472224606453,0.551974214343274,0.0
111409,7.158452640877343,0.5519742143432715,560,681,1241,0.0,-0.0008333472224535399,0.551974214343274,0.0
111410,7.157619293654889,0.5519742143432715,560,681,1241,0.0,-0.0008333472224535399,0.551974214343274,0.0
111411,7.156785946432436,0.5519742143432715,560,681,1241,0.0,-0.0008333472224535399,0.551974214343274,0.0
111412,7.155952599209982,0.5519742143432715,560,681,1241,0.0,-0.0008333472224535399,0.551974214343274,0.0
111413,7.155119251987529,0.5519742143432715,560,681,1241,0.0,-0.0008333472224535399,0.551974214343274,0.0
111414,7.154285904765075,0.5519742143432715,560,681,1241,0.0,-0.0008333472224535399,0.551974214343274,0.0
111415,7.1534525575426215,0.5519742143432715,560,681,1241,0.0,-0.0008333472224535399,0.551974214343274,0.0
111416,7.152619210320168,0.5519742143432715,560,681,1241,0.0,-0.0008333472224535399,0.551974214343274,0.0
111417,7.1517858630977145,0.5519742143432715,560,681,1241,0.0,-0.0008333472224535399,0.551974214343274,0.0
111418,7.150952515875261,0.5519742143432715,560,681,1241,0.0,-0.0008333472224535399,0.551974214343274,0.0
111419,7.150119168652807,0.5519742143432715,560,681,1241,0.0,-0.0008333472224535399,0.551974214343274,0.0
111420,7.149285821430354,0.5519742143432715,560,681,1241,0.0,-0.0008333472224535399,0.551974214343274,0.0
111421,7.1484524742079,0.5519742143432715,560,681,1241,0.0,-0.0008333472224535399,0.551974214343274,0.0
111422,7.147619126985447,0.5519742143432715,560,681,1241,0.0,-0.0008333472224535399,0.551974214343274,0.0
111423,7.146785779762993,0.5519742143432715,560,681,1241,0.0,-0.0008333472224535399,0.551974214343274,0.0
111424,7.14595243254054,0.5519742143432715,560,681,1241,0.0,-0.0008333472224535399,0.551974214343274,0.0
111425,7.145119085318086,0.5519742143432715,560,681,1241,0.0,-0.0008333472224535399,0.551974214343274,0.0
111426,7.144285738095633,0.5519742143432715,560,681,1241,0.0,-0.0008333472224535399,0.551974214343274,0.0
111427,7.143452390873179,0.5519742143432715,560,681,1241,0.0,-0.0008333472224535399,0.551974214343274,0.0
111428,7.1426190436507255,0.5519742143432715,560,681,1241,0.0,-0.0008333472224535399,0.551974214343274,0.0
111429,7.141785696428272,0.5519742143432715,560,681,1241,0.0,-0.0008333472224535399,0.551974214343274,0.0
111430,7.1409523492058185,0.5519742143432715,560,681,1241,0.0,-0.0008333472224535399,0.551974214343274,0.0
111431,7.140119001983365,0.5519742143432715,560,681,1241,0.0,-0.0008333472224535399,0.551974214343274,0.0
111432,7.139285654760911,0.5519742143432715,560,681,1241,0.0,-0.0008333472224535399,0.551974214343274,0.0
111433,7.138452307538458,0.5519742143432715,560,681,1241,0.0,-0.0008333472224535399,0.551974214343274,0.0
111434,7.137618960316004,0.5519742143432715,560,681,1241,0.0,-0.0008333472224535399,0.551974214343274,0.0
111435,7.136785613093551,0.5519742143432715,560,681,1241,0.0,-0.0008333472224535399,0.551974214343274,0.0
111436,7.135952265871097,0.5519742143432715,560,681,1241,0.0,-0.0008333472224535399,0.551974214343274,0.0
111437,7.135118918648644,0.5519742143432715,560,681,1241,0.0,-0.0008333472224535399,0.551974214343274,0.0
111438,7.13428557142619,0.5519742143432715,560,681,1241,0.0,-0.0008333472224535399,0.551974214343274,0.0
111439,7.133452224203737,0.5519742143432715,560,681,1241,0.0,-0.0008333472224535399,0.551974214343274,0.0
111440,7.132618876981283,0.5519742143432715,560,681,1241,0.0,-0.0008333472224535399,0.551974214343274,0.0
111441,7.1317855297588295,0.5519742143432715,560,681,1241,0.0,-0.0008333472224535399,0.551974214343274,0.0
111442,7.130952182536376,0.5519742143432715,560,681,1241,0.0,-0.0008333472224535399,0.551974214343274,0.0
111443,7.130118835313922,0.5519742143432715,560,681,1241,0.0,-0.0008333472224535399,0.551974214343274,0.0
111444,7.129285488091469,0.5519742143432715,560,681,1241,0.0,-0.0008333472224535399,0.551974214343274,0.0
111445,7.128452140869015,0.5519742143432715,560,681,1241,0.0,-0.0008333472224535399,0.551974214343274,0.0
111446,7.127618793646562,0.5519742143432715,560,681,1241,0.0,-0.0008333472224535399,0.551974214343274,0.0
111447,7.126785446424108,0.5519742143432715,560,681,1241,0.0,-0.0008333472224535399,0.551974214343274,0.0
111448,7.125952099201655,0.5519742143432715,560,681,1241,0.0,-0.0008333472224535399,0.551974214343274,0.0
111449,7.125118751979201,0.5519742143432715,560,681,1241,0.0,-0.0008333472224535399,0.551974214343274,0.0
111450,7.124285404756748,0.5519742143432715,560,681,1241,0.0,-0.0008333472224535399,0.551974214343274,0.0
111451,7.123452057534287,0.5519742143432715,560,681,1241,0.0,-0.0008333472224606453,0.551974214343274,0.0
111452,7.1226187103118335,0.5519742143432715,560,681,1241,0.0,-0.0008333472224535399,0.551974214343274,0.0
111453,7.12178536308938,0.5519742143432715,560,681,1241,0.0,-0.0008333472224535399,0.551974214343274,0.0
111454,7.120952015866926,0.5519742143432715,560,681,1241,0.0,-0.0008333472224535399,0.551974214343274,0.0
111455,7.120118668644473,0.5519742143432715,560,681,1241,0.0,-0.0008333472224535399,0.551974214343274,0.0
111456,7.119285321422019,0.5519742143432715,560,681,1241,0.0,-0.0008333472224535399,0.551974214343274,0.0
111457,7.118451974199566,0.5519742143432715,560,681,1241,0.0,-0.0008333472224535399,0.551974214343274,0.0
111458,7.117618626977112,0.5519742143432715,560,681,1241,0.0,-0.0008333472224535399,0.551974214343274,0.0
111459,7.116785279754659,0.5519742143432715,560,681,1241,0.0,-0.0008333472224535399,0.551974214343274,0.0
111460,7.115951932532205,0.5519742143432715,560,681,1241,0.0,-0.0008333472224535399,0.551974214343274,0.0
111461,7.115118585309752,0.5519742143432715,560,681,1241,0.0,-0.0008333472224535399,0.551974214343274,0.0
111462,7.114285238087298,0.5519742143432715,560,681,1241,0.0,-0.0008333472224535399,0.551974214343274,0.0
111463,7.1134518908648445,0.5519742143432715,560,681,1241,0.0,-0.0008333472224535399,0.551974214343274,0.0
111464,7.112618543642391,0.5519742143432715,560,681,1241,0.0,-0.0008333472224535399,0.551974214343274,0.0
111465,7.1117851964199374,0.5519742143432715,560,681,1241,0.0,-0.0008333472224535399,0.551974214343274,0.0
111466,7.110951849197484,0.5519742143432715,560,681,1241,0.0,-0.0008333472224535399,0.551974214343274,0.0
111467,7.11011850197503,0.5519742143432715,560,681,1241,0.0,-0.0008333472224535399,0.551974214343274,0.0
111468,7.109285154752577,0.5519742143432715,560,681,1241,0.0,-0.0008333472224535399,0.551974214343274,0.0
111469,7.108451807530123,0.5519742143432715,560,681,1241,0.0,-0.0008333472224535399,0.551974214343274,0.0
111470,7.10761846030767,0.5519742143432715,560,681,1241,0.0,-0.0008333472224535399,0.551974214343274,0.0
111471,7.106785113085216,0.5519742143432715,560,681,1241,0.0,-0.0008333472224535399,0.551974214343274,0.0
111472,7.105951765862763,0.5519742143432715,560,681,1241,0.0,-0.0008333472224535399,0.551974214343274,0.0
111473,7.105118418640309,0.5519742143432715,560,681,1241,0.0,-0.0008333472224535399,0.551974214343274,0.0
111474,7.104285071417856,0.5519742143432715,560,681,1241,0.0,-0.0008333472224535399,0.551974214343274,0.0
111475,7.103451724195402,0.5519742143432715,560,681,1241,0.0,-0.0008333472224535399,0.551974214343274,0.0
111476,7.1026183769729485,0.5519742143432715,560,681,1241,0.0,-0.0008333472224535399,0.551974214343274,0.0
111477,7.101785029750495,0.5519742143432715,560,681,1241,0.0,-0.0008333472224535399,0.551974214343274,0.0
111478,7.100951682528041,0.5519742143432715,560,681,1241,0.0,-0.0008333472224535399,0.551974214343274,0.0
111479,7.100118335305588,0.5519742143432715,560,681,1241,0.0,-0.0008333472224535399,0.551974214343274,0.0
111480,7.099284988083134,0.5519742143432715,560,681,1241,0.0,-0.0008333472224535399,0.551974214343274,0.0
111481,7.098451640860681,0.5519742143432715,560,681,1241,0.0,-0.0008333472224535399,0.551974214343274,0.0
111482,7.097618293638227,0.5519742143432715,560,681,1241,0.0,-0.0008333472224535399,0.551974214343274,0.0
111483,7.096784946415774,0.5519742143432715,560,681,1241,0.0,-0.0008333472224535399,0.551974214343274,0.0
111484,7.09595159919332,0.5519742143432715,560,681,1241,0.0,-0.0008333472224535399,0.551974214343274,0.0
111485,7.095118251970867,0.5519742143432715,560,681,1241,0.0,-0.0008333472224535399,0.551974214343274,0.0
111486,7.094284904748413,0.5519742143432715,560,681,1241,0.0,-0.0008333472224535399,0.551974214343274,0.0
111487,7.09345155752596,0.5519742143432715,560,681,1241,0.0,-0.0008333472224535399,0.551974214343274,0.0
111488,7.092618210303506,0.5519742143432715,560,681,1241,0.0,-0.0008333472224535399,0.551974214343274,0.0
111489,7.0917848630810525,0.5519742143432715,560,681,1241,0.0,-0.0008333472224535399,0.551974214343274,0.0
111490,7.090951515858599,0.5519742143432715,560,681,1241,0.0,-0.0008333472224535399,0.551974214343274,0.0
111491,7.090118168636145,0.5519742143432715,560,681,1241,0.0,-0.0008333472224535399,0.551974214343274,0.0
111492,7.089284821413692,0.5519742143432715,560,681,1241,0.0,-0.0008333472224535399,0.551974214343274,0.0
111493,7.088451474191231,0.5519742143432715,560,681,1241,0.0,-0.0008333472224606453,0.551974214343274,0.0
111494,7.087618126968778,0.5519742143432715,560,681,1241,0.0,-0.0008333472224535399,0.551974214343274,0.0
111495,7.086784779746324,0.5519742143432715,560,681,1241,0.0,-0.0008333472224535399,0.551974214343274,0.0
111496,7.085951432523871,0.5519742143432715,560,681,1241,0.0,-0.0008333472224535399,0.551974214343274,0.0
111497,7.085118085301417,0.5519742143432715,560,681,1241,0.0,-0.0008333472224535399,0.551974214343274,0.0
111498,7.0842847380789635,0.5519742143432715,560,681,1241,0.0,-0.0008333472224535399,0.551974214343274,0.0
111499,7.08345139085651,0.5519742143432715,560,681,1241,0.0,-0.0008333472224535399,0.551974214343274,0.0
111500,7.0826180436340564,0.5519742143432715,560,681,1241,0.0,-0.0008333472224535399,0.551974214343274,0.0
111501,7.081784696411603,0.5519742143432715,560,681,1241,0.0,-0.0008333472224535399,0.551974214343274,0.0
111502,7.080951349189149,0.5519742143432715,560,681,1241,0.0,-0.0008333472224535399,0.551974214343274,0.0
111503,7.080118001966696,0.5519742143432715,560,681,1241,0.0,-0.0008333472224535399,0.551974214343274,0.0
111504,7.079284654744242,0.5519742143432715,560,681,1241,0.0,-0.0008333472224535399,0.551974214343274,0.0
111505,7.078451307521789,0.5519742143432715,560,681,1241,0.0,-0.0008333472224535399,0.551974214343274,0.0
111506,7.077617960299335,0.5519742143432715,560,681,1241,0.0,-0.0008333472224535399,0.551974214343274,0.0
111507,7.076784613076882,0.5519742143432715,560,681,1241,0.0,-0.0008333472224535399,0.551974214343274,0.0
111508,7.075951265854428,0.5519742143432715,560,681,1241,0.0,-0.0008333472224535399,0.551974214343274,0.0
111509,7.075117918631975,0.5519742143432715,560,681,1241,0.0,-0.0008333472224535399,0.551974214343274,0.0
111510,7.074284571409521,0.5519742143432715,560,681,1241,0.0,-0.0008333472224535399,0.551974214343274,0.0
111511,7.0734512241870675,0.5519742143432715,560,681,1241,0.0,-0.0008333472224535399,0.551974214343274,0.0
111512,7.072617876964614,0.5519742143432715,560,681,1241,0.0,-0.0008333472224535399,0.551974214343274,0.0
111513,7.07178452974216,0.5519742143432715,560,681,1241,0.0,-0.0008333472224535399,0.551974214343274,0.0
111514,7.070951182519707,0.5519742143432715,560,681,1241,0.0,-0.0008333472224535399,0.551974214343274,0.0
111515,7.070117835297253,0.5519742143432715,560,681,1241,0.0,-0.0008333472224535399,0.551974214343274,0.0
111516,7.0692844880748,0.5519742143432715,560,681,1241,0.0,-0.0008333472224535399,0.551974214343274,0.0
111517,7.068451140852346,0.5519742143432715,560,681,1241,0.0,-0.0008333472224535399,0.551974214343274,0.0
111518,7.067617793629893,0.5519742143432715,560,681,1241,0.0,-0.0008333472224535399,0.551974214343274,0.0
111519,7.066784446407439,0.5519742143432715,560,681,1241,0.0,-0.0008333472224535399,0.551974214343274,0.0
111520,7.065951099184986,0.5519742143432715,560,681,1241,0.0,-0.0008333472224535399,0.551974214343274,0.0
111521,7.065117751962532,0.5519742143432715,560,681,1241,0.0,-0.0008333472224535399,0.551974214343274,0.0
111522,7.064284404740079,0.5519742143432715,560,681,1241,0.0,-0.0008333472224535399,0.551974214343274,0.0
111523,7.063451057517625,0.5519742143432715,560,681,1241,0.0,-0.0008333472224535399,0.551974214343274,0.0
111524,7.0626177102951715,0.5519742143432715,560,681,1241,0.0,-0.0008333472224535399,0.551974214343274,0.0
111525,7.061784363072718,0.5519742143432715,560,681,1241,0.0,-0.0008333472224535399,0.551974214343274,0.0
111526,7.060951015850264,0.5519742143432715,560,681,1241,0.0,-0.0008333472224535399,0.551974214343274,0.0
111527,7.060117668627811,0.5519742143432715,560,681,1241,0.0,-0.0008333472224535399,0.551974214343274,0.0
111528,7.059284321405357,0.5519742143432715,560,681,1241,0.0,-0.0008333472224535399,0.551974214343274,0.0
111529,7.058450974182904,0.5519742143432715,560,681,1241,0.0,-0.0008333472224535399,0.551974214343274,0.0
111530,7.05761762696045,0.5519742143432715,560,681,1241,0.0,-0.0008333472224535399,0.551974214343274,0.0
111531,7.056784279737997,0.5519742143432715,560,681,1241,0.0,-0.0008333472224535399,0.551974214343274,0.0
111532,7.055950932515543,0.5519742143432715,560,681,1241,0.0,-0.0008333472224535399,0.551974214343274,0.0
111533,7.05511758529309,0.5519742143432715,560,681,1241,0.0,-0.0008333472224535399,0.551974214343274,0.0
111534,7.054284238070636,0.5519742143432715,560,681,1241,0.0,-0.0008333472224535399,0.551974214343274,0.0
111535,7.0534508908481754,0.5519742143432715,560,681,1241,0.0,-0.0008333472224606453,0.551974214343274,0.0
111536,7.052617543625722,0.5519742143432715,560,681,1241,0.0,-0.0008333472224535399,0.551974214343274,0.0
111537,7.051784196403268,0.5519742143432715,560,681,1241,0.0,-0.0008333472224535399,0.551974214343274,0.0
111538,7.050950849180815,0.5519742143432715,560,681,1241,0.0,-0.0008333472224535399,0.551974214343274,0.0
111539,7.050117501958361,0.5519742143432715,560,681,1241,0.0,-0.0008333472224535399,0.551974214343274,0.0
111540,7.049284154735908,0.5519742143432715,560,681,1241,0.0,-0.0008333472224535399,0.551974214343274,0.0
111541,7.048450807513454,0.5519742143432715,560,681,1241,0.0,-0.0008333472224535399,0.551974214343274,0.0
111542,7.047617460291001,0.5519742143432715,560,681,1241,0.0,-0.0008333472224535399,0.551974214343274,0.0
111543,7.046784113068547,0.5519742143432715,560,681,1241,0.0,-0.0008333472224535399,0.551974214343274,0.0
111544,7.045950765846094,0.5519742143432715,560,681,1241,0.0,-0.0008333472224535399,0.551974214343274,0.0
111545,7.04511741862364,0.5519742143432715,560,681,1241,0.0,-0.0008333472224535399,0.551974214343274,0.0
111546,7.0442840714011865,0.5527800161160354,560,681,1241,0.0008058017727639033,-0.0008333472224535399,0.5520547945205504,8.058017727639034e-05
111547,7.043450724178733,0.5527800161160354,560,681,1241,0.0,-0.0008333472224535399,0.5521353746978267,8.058017727639034e-05
111548,7.042617376956279,0.5527800161160354,560,681,1241,0.0,-0.0008333472224535399,0.5522159548751031,8.058017727639034e-05
111549,7.041784029733826,0.5527800161160354,560,681,1241,0.0,-0.0008333472224535399,0.5522965350523794,8.058017727639034e-05
111550,7.040950682511372,0.5527800161160354,560,681,1241,0.0,-0.0008333472224535399,0.5523771152296557,8.058017727639034e-05
111551,7.040117335288919,0.5527800161160354,560,681,1241,0.0,-0.0008333472224535399,0.5524576954069321,8.058017727639034e-05
111552,7.039283988066465,0.5519742143432715,560,681,1241,-0.0008058017727639033,-0.0008333472224535399,0.5524576954069321,0.0
111553,7.038450640844012,0.5519742143432715,560,681,1241,0.0,-0.0008333472224535399,0.5524576954069321,0.0
111554,7.037617293621558,0.5519742143432715,560,681,1241,0.0,-0.0008333472224535399,0.5524576954069321,0.0
111555,7.036783946399105,0.5519742143432715,560,681,1241,0.0,-0.0008333472224535399,0.5524576954069321,0.0
111556,7.035950599176651,0.5519742143432715,560,681,1241,0.0,-0.0008333472224535399,0.5523771152296557,-8.058017727639034e-05
111557,7.035117251954198,0.5519742143432715,560,681,1241,0.0,-0.0008333472224535399,0.5522965350523794,-8.058017727639034e-05
111558,7.034283904731744,0.5519742143432715,560,681,1241,0.0,-0.0008333472224535399,0.5522159548751031,-8.058017727639034e-05
111559,7.0334505575092905,0.5519742143432715,560,681,1241,0.0,-0.0008333472224535399,0.5521353746978267,-8.058017727639034e-05
111560,7.032617210286837,0.5519742143432715,560,681,1241,0.0,-0.0008333472224535399,0.5520547945205504,-8.058017727639034e-05
111561,7.031783863064383,0.5519742143432715,560,681,1241,0.0,-0.0008333472224535399,0.551974214343274,-8.058017727639034e-05
111562,7.03095051584193,0.5519742143432715,560,681,1241,0.0,-0.0008333472224535399,0.551974214343274,0.0
111563,7.030117168619476,0.5519742143432715,560,681,1241,0.0,-0.0008333472224535399,0.551974214343274,0.0
111564,7.029283821397023,0.5519742143432715,560,681,1241,0.0,-0.0008333472224535399,0.551974214343274,0.0
111565,7.028450474174569,0.5519742143432715,560,681,1241,0.0,-0.0008333472224535399,0.551974214343274,0.0
111566,7.027617126952116,0.5519742143432715,560,681,1241,0.0,-0.0008333472224535399,0.551974214343274,0.0
111567,7.026783779729662,0.5519742143432715,560,681,1241,0.0,-0.0008333472224535399,0.551974214343274,0.0
111568,7.025950432507209,0.5519742143432715,560,681,1241,0.0,-0.0008333472224535399,0.551974214343274,0.0
111569,7.025117085284755,0.5519742143432715,560,681,1241,0.0,-0.0008333472224535399,0.551974214343274,0.0
111570,7.0242837380623016,0.5519742143432715,560,681,1241,0.0,-0.0008333472224535399,0.551974214343274,0.0
111571,7.023450390839848,0.5519742143432715,560,681,1241,0.0,-0.0008333472224535399,0.551974214343274,0.0
111572,7.0226170436173945,0.5519742143432715,560,681,1241,0.0,-0.0008333472224535399,0.551974214343274,0.0
111573,7.021783696394941,0.5519742143432715,560,681,1241,0.0,-0.0008333472224535399,0.551974214343274,0.0
111574,7.020950349172487,0.5519742143432715,560,681,1241,0.0,-0.0008333472224535399,0.551974214343274,0.0
111575,7.020117001950034,0.5519742143432715,560,681,1241,0.0,-0.0008333472224535399,0.551974214343274,0.0
111576,7.01928365472758,0.5519742143432715,560,681,1241,0.0,-0.0008333472224535399,0.551974214343274,0.0
111577,7.018450307505127,0.5519742143432715,560,681,1241,0.0,-0.0008333472224535399,0.551974214343274,0.0
111578,7.017616960282666,0.5519742143432715,560,681,1241,0.0,-0.0008333472224606453,0.551974214343274,0.0
111579,7.016783613060213,0.5519742143432715,560,681,1241,0.0,-0.0008333472224535399,0.551974214343274,0.0
111580,7.015950265837759,0.5519742143432715,560,681,1241,0.0,-0.0008333472224535399,0.551974214343274,0.0
111581,7.0151169186153055,0.5519742143432715,560,681,1241,0.0,-0.0008333472224535399,0.551974214343274,0.0
111582,7.014283571392852,0.5519742143432715,560,681,1241,0.0,-0.0008333472224535399,0.551974214343274,0.0
111583,7.013450224170398,0.5519742143432715,560,681,1241,0.0,-0.0008333472224535399,0.551974214343274,0.0
111584,7.012616876947945,0.5519742143432715,560,681,1241,0.0,-0.0008333472224535399,0.551974214343274,0.0
111585,7.011783529725491,0.5519742143432715,560,681,1241,0.0,-0.0008333472224535399,0.551974214343274,0.0
111586,7.010950182503038,0.5519742143432715,560,681,1241,0.0,-0.0008333472224535399,0.551974214343274,0.0
111587,7.010116835280584,0.5519742143432715,560,681,1241,0.0,-0.0008333472224535399,0.551974214343274,0.0
111588,7.009283488058131,0.5519742143432715,560,681,1241,0.0,-0.0008333472224535399,0.551974214343274,0.0
111589,7.008450140835677,0.5519742143432715,560,681,1241,0.0,-0.0008333472224535399,0.551974214343274,0.0
111590,7.007616793613224,0.5519742143432715,560,681,1241,0.0,-0.0008333472224535399,0.551974214343274,0.0
111591,7.00678344639077,0.5519742143432715,560,681,1241,0.0,-0.0008333472224535399,0.551974214343274,0.0
111592,7.005950099168317,0.5519742143432715,560,681,1241,0.0,-0.0008333472224535399,0.551974214343274,0.0
111593,7.005116751945863,0.5519742143432715,560,681,1241,0.0,-0.0008333472224535399,0.551974214343274,0.0
111594,7.0042834047234095,0.5519742143432715,560,681,1241,0.0,-0.0008333472224535399,0.551974214343274,0.0
111595,7.003450057500956,0.5519742143432715,560,681,1241,0.0,-0.0008333472224535399,0.551974214343274,0.0
111596,7.002616710278502,0.5519742143432715,560,681,1241,0.0,-0.0008333472224535399,0.551974214343274,0.0
111597,7.001783363056049,0.5519742143432715,560,681,1241,0.0,-0.0008333472224535399,0.551974214343274,0.0
111598,7.000950015833595,0.5519742143432715,560,681,1241,0.0,-0.0008333472224535399,0.551974214343274,0.0
111599,7.000116668611142,0.5519742143432715,560,681,1241,0.0,-0.0008333472224535399,0.551974214343274,0.0
111600,6.999283321388688,0.5519742143432715,560,681,1241,0.0,-0.0008333472224535399,0.551974214343274,0.0
111601,6.998449974166235,0.5519742143432715,560,681,1241,0.0,-0.0008333472224535399,0.551974214343274,0.0
111602,6.997616626943781,0.5519742143432715,560,681,1241,0.0,-0.0008333472224535399,0.551974214343274,0.0
111603,6.996783279721328,0.5519742143432715,560,681,1241,0.0,-0.0008333472224535399,0.551974214343274,0.0
111604,6.995949932498874,0.5519742143432715,560,681,1241,0.0,-0.0008333472224535399,0.551974214343274,0.0
111605,6.9951165852764206,0.5519742143432715,560,681,1241,0.0,-0.0008333472224535399,0.551974214343274,0.0
111606,6.994283238053967,0.5519742143432715,560,681,1241,0.0,-0.0008333472224535399,0.551974214343274,0.0
111607,6.9934498908315135,0.5519742143432715,560,681,1241,0.0,-0.0008333472224535399,0.551974214343274,0.0
111608,6.99261654360906,0.5519742143432715,560,681,1241,0.0,-0.0008333472224535399,0.551974214343274,0.0
111609,6.991783196386606,0.5519742143432715,560,681,1241,0.0,-0.0008333472224535399,0.551974214343274,0.0
111610,6.990949849164153,0.5519742143432715,560,681,1241,0.0,-0.0008333472224535399,0.551974214343274,0.0
111611,6.990116501941699,0.5511684125705076,560,681,1241,-0.0008058017727639033,-0.0008333472224535399,0.5518936341659977,-8.058017727639034e-05
111612,6.989283154719246,0.5511684125705076,560,681,1241,0.0,-0.0008333472224535399,0.5518130539887214,-8.058017727639034e-05
111613,6.988449807496792,0.5511684125705076,560,681,1241,0.0,-0.0008333472224535399,0.551732473811445,-8.058017727639034e-05
111614,6.987616460274339,0.5511684125705076,560,681,1241,0.0,-0.0008333472224535399,0.5516518936341687,-8.058017727639034e-05
111615,6.986783113051885,0.5511684125705076,560,681,1241,0.0,-0.0008333472224535399,0.5515713134568923,-8.058017727639034e-05
111616,6.985949765829432,0.5511684125705076,560,681,1241,0.0,-0.0008333472224535399,0.551490733279616,-8.058017727639034e-05
111617,6.985116418606978,0.5511684125705076,560,681,1241,0.0,-0.0008333472224535399,0.5514101531023397,-8.058017727639034e-05
111618,6.9842830713845245,0.5511684125705076,560,681,1241,0.0,-0.0008333472224535399,0.5513295729250632,-8.058017727639034e-05
111619,6.983449724162071,0.5511684125705076,560,681,1241,0.0,-0.0008333472224535399,0.5512489927477869,-8.058017727639034e-05
111620,6.98261637693961,0.5511684125705076,560,681,1241,0.0,-0.0008333472224606453,0.5511684125705105,-8.058017727639034e-05
111621,6.981783029717157,0.5511684125705076,560,681,1241,0.0,-0.0008333472224535399,0.5511684125705105,0.0
111622,6.980949682494703,0.5511684125705076,560,681,1241,0.0,-0.0008333472224535399,0.5511684125705105,0.0
111623,6.98011633527225,0.5511684125705076,560,681,1241,0.0,-0.0008333472224535399,0.5511684125705105,0.0
111624,6.979282988049796,0.5511684125705076,560,681,1241,0.0,-0.0008333472224535399,0.5511684125705105,0.0
111625,6.978449640827343,0.5511684125705076,560,681,1241,0.0,-0.0008333472224535399,0.5511684125705105,0.0
111626,6.977616293604889,0.5511684125705076,560,681,1241,0.0,-0.0008333472224535399,0.5511684125705105,0.0
111627,6.976782946382436,0.5511684125705076,560,681,1241,0.0,-0.0008333472224535399,0.5511684125705105,0.0
111628,6.975949599159982,0.5511684125705076,560,681,1241,0.0,-0.0008333472224535399,0.5511684125705105,0.0
111629,6.9751162519375285,0.5511684125705076,560,681,1241,0.0,-0.0008333472224535399,0.5511684125705105,0.0
111630,6.974282904715075,0.5511684125705076,560,681,1241,0.0,-0.0008333472224535399,0.5511684125705105,0.0
111631,6.973449557492621,0.5511684125705076,560,681,1241,0.0,-0.0008333472224535399,0.5511684125705105,0.0
111632,6.972616210270168,0.5511684125705076,560,681,1241,0.0,-0.0008333472224535399,0.5511684125705105,0.0
111633,6.971782863047714,0.5511684125705076,560,681,1241,0.0,-0.0008333472224535399,0.5511684125705105,0.0
111634,6.970949515825261,0.5511684125705076,560,681,1241,0.0,-0.0008333472224535399,0.5511684125705105,0.0
111635,6.970116168602807,0.5511684125705076,560,681,1241,0.0,-0.0008333472224535399,0.5511684125705105,0.0
111636,6.969282821380354,0.5511684125705076,560,681,1241,0.0,-0.0008333472224535399,0.5511684125705105,0.0
111637,6.9684494741579,0.5511684125705076,560,681,1241,0.0,-0.0008333472224535399,0.5511684125705105,0.0
111638,6.967616126935447,0.5511684125705076,560,681,1241,0.0,-0.0008333472224535399,0.5511684125705105,0.0
111639,6.966782779712993,0.5511684125705076,560,681,1241,0.0,-0.0008333472224535399,0.5511684125705105,0.0
111640,6.9659494324905396,0.5511684125705076,560,681,1241,0.0,-0.0008333472224535399,0.5511684125705105,0.0
111641,6.965116085268086,0.5511684125705076,560,681,1241,0.0,-0.0008333472224535399,0.5511684125705105,0.0
111642,6.9642827380456325,0.5511684125705076,560,681,1241,0.0,-0.0008333472224535399,0.5511684125705105,0.0
111643,6.963449390823179,0.5511684125705076,560,681,1241,0.0,-0.0008333472224535399,0.5511684125705105,0.0
111644,6.962616043600725,0.5511684125705076,560,681,1241,0.0,-0.0008333472224535399,0.5511684125705105,0.0
111645,6.961782696378272,0.5511684125705076,560,681,1241,0.0,-0.0008333472224535399,0.5511684125705105,0.0
111646,6.960949349155818,0.5511684125705076,560,681,1241,0.0,-0.0008333472224535399,0.5511684125705105,0.0
111647,6.960116001933365,0.5511684125705076,560,681,1241,0.0,-0.0008333472224535399,0.5511684125705105,0.0
111648,6.959282654710911,0.5511684125705076,560,681,1241,0.0,-0.0008333472224535399,0.5511684125705105,0.0
111649,6.958449307488458,0.5511684125705076,560,681,1241,0.0,-0.0008333472224535399,0.5511684125705105,0.0
111650,6.957615960266004,0.5511684125705076,560,681,1241,0.0,-0.0008333472224535399,0.5511684125705105,0.0
111651,6.956782613043551,0.5511684125705076,560,681,1241,0.0,-0.0008333472224535399,0.5511684125705105,0.0
111652,6.955949265821097,0.5511684125705076,560,681,1241,0.0,-0.0008333472224535399,0.5511684125705105,0.0
111653,6.9551159185986435,0.5511684125705076,560,681,1241,0.0,-0.0008333472224535399,0.5511684125705105,0.0
111654,6.95428257137619,0.5511684125705076,560,681,1241,0.0,-0.0008333472224535399,0.5511684125705105,0.0
111655,6.9534492241537365,0.5511684125705076,560,681,1241,0.0,-0.0008333472224535399,0.5511684125705105,0.0
111656,6.952615876931283,0.5511684125705076,560,681,1241,0.0,-0.0008333472224535399,0.5511684125705105,0.0
111657,6.951782529708829,0.5511684125705076,560,681,1241,0.0,-0.0008333472224535399,0.5511684125705105,0.0
111658,6.950949182486376,0.5511684125705076,560,681,1241,0.0,-0.0008333472224535399,0.5511684125705105,0.0
111659,6.950115835263922,0.5511684125705076,560,681,1241,0.0,-0.0008333472224535399,0.5511684125705105,0.0
111660,6.949282488041469,0.5511684125705076,560,681,1241,0.0,-0.0008333472224535399,0.5511684125705105,0.0
111661,6.948449140819015,0.5511684125705076,560,681,1241,0.0,-0.0008333472224535399,0.5511684125705105,0.0
111662,6.947615793596562,0.5511684125705076,560,681,1241,0.0,-0.0008333472224535399,0.5511684125705105,0.0
111663,6.946782446374101,0.5511684125705076,560,681,1241,0.0,-0.0008333472224606453,0.5511684125705105,0.0
111664,6.9459490991516475,0.5511684125705076,560,681,1241,0.0,-0.0008333472224535399,0.5511684125705105,0.0
111665,6.945115751929194,0.5511684125705076,560,681,1241,0.0,-0.0008333472224535399,0.5511684125705105,0.0
111666,6.94428240470674,0.5511684125705076,560,681,1241,0.0,-0.0008333472224535399,0.5511684125705105,0.0
111667,6.943449057484287,0.5511684125705076,560,681,1241,0.0,-0.0008333472224535399,0.5511684125705105,0.0
111668,6.942615710261833,0.5511684125705076,560,681,1241,0.0,-0.0008333472224535399,0.5511684125705105,0.0
111669,6.94178236303938,0.5511684125705076,560,681,1241,0.0,-0.0008333472224535399,0.5511684125705105,0.0
111670,6.940949015816926,0.5511684125705076,560,681,1241,0.0,-0.0008333472224535399,0.5511684125705105,0.0
111671,6.940115668594473,0.5511684125705076,560,681,1241,0.0,-0.0008333472224535399,0.5511684125705105,0.0
111672,6.939282321372019,0.5511684125705076,560,681,1241,0.0,-0.0008333472224535399,0.5511684125705105,0.0
111673,6.938448974149566,0.5511684125705076,560,681,1241,0.0,-0.0008333472224535399,0.5511684125705105,0.0
111674,6.937615626927112,0.5511684125705076,560,681,1241,0.0,-0.0008333472224535399,0.5511684125705105,0.0
111675,6.9367822797046585,0.5511684125705076,560,681,1241,0.0,-0.0008333472224535399,0.5511684125705105,0.0
111676,6.935948932482205,0.5511684125705076,560,681,1241,0.0,-0.0008333472224535399,0.5511684125705105,0.0
111677,6.9351155852597515,0.5511684125705076,560,681,1241,0.0,-0.0008333472224535399,0.5511684125705105,0.0
111678,6.934282238037298,0.5511684125705076,560,681,1241,0.0,-0.0008333472224535399,0.5511684125705105,0.0
111679,6.933448890814844,0.5511684125705076,560,681,1241,0.0,-0.0008333472224535399,0.5511684125705105,0.0
111680,6.932615543592391,0.5511684125705076,560,681,1241,0.0,-0.0008333472224535399,0.5511684125705105,0.0
111681,6.931782196369937,0.5511684125705076,560,681,1241,0.0,-0.0008333472224535399,0.5511684125705105,0.0
111682,6.930948849147484,0.5511684125705076,560,681,1241,0.0,-0.0008333472224535399,0.5511684125705105,0.0
111683,6.93011550192503,0.5511684125705076,560,681,1241,0.0,-0.0008333472224535399,0.5511684125705105,0.0
111684,6.929282154702577,0.5511684125705076,560,681,1241,0.0,-0.0008333472224535399,0.5511684125705105,0.0
111685,6.928448807480123,0.5511684125705076,560,681,1241,0.0,-0.0008333472224535399,0.5511684125705105,0.0
111686,6.92761546025767,0.5511684125705076,560,681,1241,0.0,-0.0008333472224535399,0.5511684125705105,0.0
111687,6.926782113035216,0.5511684125705076,560,681,1241,0.0,-0.0008333472224535399,0.5511684125705105,0.0
111688,6.9259487658127625,0.5519742143432715,560,681,1241,0.0008058017727639033,-0.0008333472224535399,0.5512489927477869,8.058017727639034e-05
111689,6.925115418590309,0.5519742143432715,560,681,1241,0.0,-0.0008333472224535399,0.5513295729250632,8.058017727639034e-05
111690,6.9242820713678555,0.5519742143432715,560,681,1241,0.0,-0.0008333472224535399,0.5514101531023397,8.058017727639034e-05
111691,6.923448724145402,0.5519742143432715,560,681,1241,0.0,-0.0008333472224535399,0.551490733279616,8.058017727639034e-05
111692,6.922615376922948,0.5519742143432715,560,681,1241,0.0,-0.0008333472224535399,0.5515713134568923,8.058017727639034e-05
111693,6.921782029700495,0.5519742143432715,560,681,1241,0.0,-0.0008333472224535399,0.5516518936341687,8.058017727639034e-05
111694,6.920948682478041,0.5519742143432715,560,681,1241,0.0,-0.0008333472224535399,0.551732473811445,8.058017727639034e-05
111695,6.920115335255588,0.5519742143432715,560,681,1241,0.0,-0.0008333472224535399,0.5518130539887214,8.058017727639034e-05
111696,6.919281988033134,0.5519742143432715,560,681,1241,0.0,-0.0008333472224535399,0.5518936341659977,8.058017727639034e-05
111697,6.918448640810681,0.5519742143432715,560,681,1241,0.0,-0.0008333472224535399,0.551974214343274,8.058017727639034e-05
111698,6.917615293588227,0.5519742143432715,560,681,1241,0.0,-0.0008333472224535399,0.551974214343274,0.0
111699,6.916781946365774,0.5519742143432715,560,681,1241,0.0,-0.0008333472224535399,0.551974214343274,0.0
111700,6.91594859914332,0.5519742143432715,560,681,1241,0.0,-0.0008333472224535399,0.551974214343274,0.0
111701,6.9151152519208665,0.5519742143432715,560,681,1241,0.0,-0.0008333472224535399,0.551974214343274,0.0
111702,6.914281904698413,0.5519742143432715,560,681,1241,0.0,-0.0008333472224535399,0.551974214343274,0.0
111703,6.913448557475959,0.5519742143432715,560,681,1241,0.0,-0.0008333472224535399,0.551974214343274,0.0
111704,6.912615210253506,0.5519742143432715,560,681,1241,0.0,-0.0008333472224535399,0.551974214343274,0.0
111705,6.911781863031045,0.5519742143432715,560,681,1241,0.0,-0.0008333472224606453,0.551974214343274,0.0
111706,6.910948515808592,0.5519742143432715,560,681,1241,0.0,-0.0008333472224535399,0.551974214343274,0.0
111707,6.910115168586138,0.5519742143432715,560,681,1241,0.0,-0.0008333472224535399,0.551974214343274,0.0
111708,6.909281821363685,0.5519742143432715,560,681,1241,0.0,-0.0008333472224535399,0.551974214343274,0.0
111709,6.908448474141231,0.5519742143432715,560,681,1241,0.0,-0.0008333472224535399,0.551974214343274,0.0
111710,6.9076151269187775,0.5519742143432715,560,681,1241,0.0,-0.0008333472224535399,0.551974214343274,0.0
111711,6.906781779696324,0.5519742143432715,560,681,1241,0.0,-0.0008333472224535399,0.551974214343274,0.0
111712,6.9059484324738705,0.5519742143432715,560,681,1241,0.0,-0.0008333472224535399,0.551974214343274,0.0
111713,6.905115085251417,0.5519742143432715,560,681,1241,0.0,-0.0008333472224535399,0.551974214343274,0.0
111714,6.904281738028963,0.5519742143432715,560,681,1241,0.0,-0.0008333472224535399,0.551974214343274,0.0
111715,6.90344839080651,0.5519742143432715,560,681,1241,0.0,-0.0008333472224535399,0.551974214343274,0.0
111716,6.902615043584056,0.5519742143432715,560,681,1241,0.0,-0.0008333472224535399,0.551974214343274,0.0
111717,6.901781696361603,0.5519742143432715,560,681,1241,0.0,-0.0008333472224535399,0.551974214343274,0.0
111718,6.900948349139149,0.5519742143432715,560,681,1241,0.0,-0.0008333472224535399,0.551974214343274,0.0
111719,6.900115001916696,0.5519742143432715,560,681,1241,0.0,-0.0008333472224535399,0.551974214343274,0.0
111720,6.899281654694242,0.5519742143432715,560,681,1241,0.0,-0.0008333472224535399,0.551974214343274,0.0
111721,6.898448307471789,0.5519742143432715,560,681,1241,0.0,-0.0008333472224535399,0.551974214343274,0.0
111722,6.897614960249335,0.5519742143432715,560,681,1241,0.0,-0.0008333472224535399,0.551974214343274,0.0
111723,6.8967816130268815,0.5519742143432715,560,681,1241,0.0,-0.0008333472224535399,0.551974214343274,0.0
111724,6.895948265804428,0.5519742143432715,560,681,1241,0.0,-0.0008333472224535399,0.551974214343274,0.0
111725,6.8951149185819745,0.5519742143432715,560,681,1241,0.0,-0.0008333472224535399,0.551974214343274,0.0
111726,6.894281571359521,0.5519742143432715,560,681,1241,0.0,-0.0008333472224535399,0.551974214343274,0.0
111727,6.893448224137067,0.5519742143432715,560,681,1241,0.0,-0.0008333472224535399,0.551974214343274,0.0
111728,6.892614876914614,0.5519742143432715,560,681,1241,0.0,-0.0008333472224535399,0.551974214343274,0.0
111729,6.89178152969216,0.5519742143432715,560,681,1241,0.0,-0.0008333472224535399,0.551974214343274,0.0
111730,6.890948182469707,0.5519742143432715,560,681,1241,0.0,-0.0008333472224535399,0.551974214343274,0.0
111731,6.890114835247253,0.5519742143432715,560,681,1241,0.0,-0.0008333472224535399,0.551974214343274,0.0
111732,6.8892814880248,0.5519742143432715,560,681,1241,0.0,-0.0008333472224535399,0.551974214343274,0.0
111733,6.888448140802346,0.5519742143432715,560,681,1241,0.0,-0.0008333472224535399,0.551974214343274,0.0
111734,6.887614793579893,0.5519742143432715,560,681,1241,0.0,-0.0008333472224535399,0.551974214343274,0.0
111735,6.886781446357439,0.5519742143432715,560,681,1241,0.0,-0.0008333472224535399,0.551974214343274,0.0
111736,6.8859480991349855,0.5519742143432715,560,681,1241,0.0,-0.0008333472224535399,0.551974214343274,0.0
111737,6.885114751912532,0.5519742143432715,560,681,1241,0.0,-0.0008333472224535399,0.551974214343274,0.0
111738,6.884281404690078,0.5519742143432715,560,681,1241,0.0,-0.0008333472224535399,0.551974214343274,0.0
111739,6.883448057467625,0.5519742143432715,560,681,1241,0.0,-0.0008333472224535399,0.551974214343274,0.0
111740,6.882614710245171,0.5519742143432715,560,681,1241,0.0,-0.0008333472224535399,0.551974214343274,0.0
111741,6.881781363022718,0.5519742143432715,560,681,1241,0.0,-0.0008333472224535399,0.551974214343274,0.0
111742,6.880948015800264,0.5519742143432715,560,681,1241,0.0,-0.0008333472224535399,0.551974214343274,0.0
111743,6.880114668577811,0.5519742143432715,560,681,1241,0.0,-0.0008333472224535399,0.551974214343274,0.0
111744,6.879281321355357,0.5519742143432715,560,681,1241,0.0,-0.0008333472224535399,0.551974214343274,0.0
111745,6.878447974132904,0.5519742143432715,560,681,1241,0.0,-0.0008333472224535399,0.551974214343274,0.0
111746,6.87761462691045,0.5519742143432715,560,681,1241,0.0,-0.0008333472224535399,0.551974214343274,0.0
111747,6.8767812796879895,0.5519742143432715,560,681,1241,0.0,-0.0008333472224606453,0.551974214343274,0.0
111748,6.875947932465536,0.5519742143432715,560,681,1241,0.0,-0.0008333472224535399,0.551974214343274,0.0
111749,6.875114585243082,0.5519742143432715,560,681,1241,0.0,-0.0008333472224535399,0.551974214343274,0.0
111750,6.874281238020629,0.5519742143432715,560,681,1241,0.0,-0.0008333472224535399,0.551974214343274,0.0
111751,6.873447890798175,0.5519742143432715,560,681,1241,0.0,-0.0008333472224535399,0.551974214343274,0.0
111752,6.872614543575722,0.5519742143432715,560,681,1241,0.0,-0.0008333472224535399,0.551974214343274,0.0
111753,6.871781196353268,0.5519742143432715,560,681,1241,0.0,-0.0008333472224535399,0.551974214343274,0.0
111754,6.870947849130815,0.5519742143432715,560,681,1241,0.0,-0.0008333472224535399,0.551974214343274,0.0
111755,6.870114501908361,0.5519742143432715,560,681,1241,0.0,-0.0008333472224535399,0.551974214343274,0.0
111756,6.869281154685908,0.5519742143432715,560,681,1241,0.0,-0.0008333472224535399,0.551974214343274,0.0
111757,6.868447807463454,0.5519742143432715,560,681,1241,0.0,-0.0008333472224535399,0.551974214343274,0.0
111758,6.8676144602410005,0.5519742143432715,560,681,1241,0.0,-0.0008333472224535399,0.551974214343274,0.0
111759,6.866781113018547,0.5519742143432715,560,681,1241,0.0,-0.0008333472224535399,0.551974214343274,0.0
111760,6.8659477657960934,0.5519742143432715,560,681,1241,0.0,-0.0008333472224535399,0.551974214343274,0.0
111761,6.86511441857364,0.5519742143432715,560,681,1241,0.0,-0.0008333472224535399,0.551974214343274,0.0
111762,6.864281071351186,0.5519742143432715,560,681,1241,0.0,-0.0008333472224535399,0.551974214343274,0.0
111763,6.863447724128733,0.5519742143432715,560,681,1241,0.0,-0.0008333472224535399,0.551974214343274,0.0
111764,6.862614376906279,0.5519742143432715,560,681,1241,0.0,-0.0008333472224535399,0.551974214343274,0.0
111765,6.861781029683826,0.5519742143432715,560,681,1241,0.0,-0.0008333472224535399,0.551974214343274,0.0
111766,6.860947682461372,0.5519742143432715,560,681,1241,0.0,-0.0008333472224535399,0.551974214343274,0.0
111767,6.860114335238919,0.5519742143432715,560,681,1241,0.0,-0.0008333472224535399,0.551974214343274,0.0
111768,6.859280988016465,0.5519742143432715,560,681,1241,0.0,-0.0008333472224535399,0.551974214343274,0.0
111769,6.858447640794012,0.5519742143432715,560,681,1241,0.0,-0.0008333472224535399,0.551974214343274,0.0
111770,6.857614293571558,0.5519742143432715,560,681,1241,0.0,-0.0008333472224535399,0.551974214343274,0.0
111771,6.8567809463491045,0.5519742143432715,560,681,1241,0.0,-0.0008333472224535399,0.551974214343274,0.0
111772,6.855947599126651,0.5519742143432715,560,681,1241,0.0,-0.0008333472224535399,0.551974214343274,0.0
111773,6.855114251904197,0.5519742143432715,560,681,1241,0.0,-0.0008333472224535399,0.551974214343274,0.0
111774,6.854280904681744,0.5519742143432715,560,681,1241,0.0,-0.0008333472224535399,0.551974214343274,0.0
111775,6.85344755745929,0.5519742143432715,560,681,1241,0.0,-0.0008333472224535399,0.551974214343274,0.0
111776,6.852614210236837,0.5519742143432715,560,681,1241,0.0,-0.0008333472224535399,0.551974214343274,0.0
111777,6.851780863014383,0.5519742143432715,560,681,1241,0.0,-0.0008333472224535399,0.551974214343274,0.0
111778,6.85094751579193,0.5519742143432715,560,681,1241,0.0,-0.0008333472224535399,0.551974214343274,0.0
111779,6.850114168569476,0.5519742143432715,560,681,1241,0.0,-0.0008333472224535399,0.551974214343274,0.0
111780,6.849280821347023,0.5519742143432715,560,681,1241,0.0,-0.0008333472224535399,0.551974214343274,0.0
111781,6.848447474124569,0.5519742143432715,560,681,1241,0.0,-0.0008333472224535399,0.551974214343274,0.0
111782,6.847614126902116,0.5519742143432715,560,681,1241,0.0,-0.0008333472224535399,0.551974214343274,0.0
111783,6.846780779679662,0.5519742143432715,560,681,1241,0.0,-0.0008333472224535399,0.551974214343274,0.0
111784,6.8459474324572085,0.5519742143432715,560,681,1241,0.0,-0.0008333472224535399,0.551974214343274,0.0
111785,6.845114085234755,0.5519742143432715,560,681,1241,0.0,-0.0008333472224535399,0.551974214343274,0.0
111786,6.844280738012301,0.5519742143432715,560,681,1241,0.0,-0.0008333472224535399,0.551974214343274,0.0
111787,6.843447390789848,0.5519742143432715,560,681,1241,0.0,-0.0008333472224535399,0.551974214343274,0.0
111788,6.842614043567394,0.5519742143432715,560,681,1241,0.0,-0.0008333472224535399,0.551974214343274,0.0
111789,6.841780696344941,0.5519742143432715,560,681,1241,0.0,-0.0008333472224535399,0.551974214343274,0.0
111790,6.84094734912248,0.5519742143432715,560,681,1241,0.0,-0.0008333472224606453,0.551974214343274,0.0
111791,6.840114001900027,0.5519742143432715,560,681,1241,0.0,-0.0008333472224535399,0.551974214343274,0.0
111792,6.839280654677573,0.5519742143432715,560,681,1241,0.0,-0.0008333472224535399,0.551974214343274,0.0
111793,6.8384473074551195,0.5519742143432715,560,681,1241,0.0,-0.0008333472224535399,0.551974214343274,0.0
111794,6.837613960232666,0.5519742143432715,560,681,1241,0.0,-0.0008333472224535399,0.551974214343274,0.0
111795,6.8367806130102124,0.5519742143432715,560,681,1241,0.0,-0.0008333472224535399,0.551974214343274,0.0
111796,6.835947265787759,0.5519742143432715,560,681,1241,0.0,-0.0008333472224535399,0.551974214343274,0.0
111797,6.835113918565305,0.5519742143432715,560,681,1241,0.0,-0.0008333472224535399,0.551974214343274,0.0
111798,6.834280571342852,0.5519742143432715,560,681,1241,0.0,-0.0008333472224535399,0.551974214343274,0.0
111799,6.833447224120398,0.5519742143432715,560,681,1241,0.0,-0.0008333472224535399,0.551974214343274,0.0
111800,6.832613876897945,0.5519742143432715,560,681,1241,0.0,-0.0008333472224535399,0.551974214343274,0.0
111801,6.831780529675491,0.5519742143432715,560,681,1241,0.0,-0.0008333472224535399,0.551974214343274,0.0
111802,6.830947182453038,0.5519742143432715,560,681,1241,0.0,-0.0008333472224535399,0.551974214343274,0.0
111803,6.830113835230584,0.5519742143432715,560,681,1241,0.0,-0.0008333472224535399,0.551974214343274,0.0
111804,6.829280488008131,0.5519742143432715,560,681,1241,0.0,-0.0008333472224535399,0.551974214343274,0.0
111805,6.828447140785677,0.5519742143432715,560,681,1241,0.0,-0.0008333472224535399,0.551974214343274,0.0
111806,6.8276137935632235,0.5519742143432715,560,681,1241,0.0,-0.0008333472224535399,0.551974214343274,0.0
111807,6.82678044634077,0.5519742143432715,560,681,1241,0.0,-0.0008333472224535399,0.551974214343274,0.0
111808,6.825947099118316,0.5519742143432715,560,681,1241,0.0,-0.0008333472224535399,0.551974214343274,0.0
111809,6.825113751895863,0.5519742143432715,560,681,1241,0.0,-0.0008333472224535399,0.551974214343274,0.0
111810,6.824280404673409,0.5519742143432715,560,681,1241,0.0,-0.0008333472224535399,0.551974214343274,0.0
111811,6.823447057450956,0.5519742143432715,560,681,1241,0.0,-0.0008333472224535399,0.551974214343274,0.0
111812,6.822613710228502,0.5519742143432715,560,681,1241,0.0,-0.0008333472224535399,0.551974214343274,0.0
111813,6.821780363006049,0.5519742143432715,560,681,1241,0.0,-0.0008333472224535399,0.551974214343274,0.0
111814,6.820947015783595,0.5519742143432715,560,681,1241,0.0,-0.0008333472224535399,0.551974214343274,0.0
111815,6.820113668561142,0.5519742143432715,560,681,1241,0.0,-0.0008333472224535399,0.551974214343274,0.0
111816,6.819280321338688,0.5519742143432715,560,681,1241,0.0,-0.0008333472224535399,0.551974214343274,0.0
111817,6.818446974116235,0.5519742143432715,560,681,1241,0.0,-0.0008333472224535399,0.551974214343274,0.0
111818,6.817613626893781,0.5519742143432715,560,681,1241,0.0,-0.0008333472224535399,0.551974214343274,0.0
111819,6.8167802796713275,0.5519742143432715,560,681,1241,0.0,-0.0008333472224535399,0.551974214343274,0.0
111820,6.815946932448874,0.5519742143432715,560,681,1241,0.0,-0.0008333472224535399,0.551974214343274,0.0
111821,6.81511358522642,0.5519742143432715,560,681,1241,0.0,-0.0008333472224535399,0.551974214343274,0.0
111822,6.814280238003967,0.5519742143432715,560,681,1241,0.0,-0.0008333472224535399,0.551974214343274,0.0
111823,6.813446890781513,0.5519742143432715,560,681,1241,0.0,-0.0008333472224535399,0.551974214343274,0.0
111824,6.81261354355906,0.5519742143432715,560,681,1241,0.0,-0.0008333472224535399,0.551974214343274,0.0
111825,6.811780196336606,0.5519742143432715,560,681,1241,0.0,-0.0008333472224535399,0.551974214343274,0.0
111826,6.810946849114153,0.5519742143432715,560,681,1241,0.0,-0.0008333472224535399,0.551974214343274,0.0
111827,6.810113501891699,0.5519742143432715,560,681,1241,0.0,-0.0008333472224535399,0.551974214343274,0.0
111828,6.809280154669246,0.5519742143432715,560,681,1241,0.0,-0.0008333472224535399,0.551974214343274,0.0
111829,6.808446807446792,0.5519742143432715,560,681,1241,0.0,-0.0008333472224535399,0.551974214343274,0.0
111830,6.8076134602243386,0.5519742143432715,560,681,1241,0.0,-0.0008333472224535399,0.551974214343274,0.0
111831,6.806780113001885,0.5519742143432715,560,681,1241,0.0,-0.0008333472224535399,0.551974214343274,0.0
111832,6.805946765779424,0.5519742143432715,560,681,1241,0.0,-0.0008333472224606453,0.551974214343274,0.0
111833,6.805113418556971,0.5519742143432715,560,681,1241,0.0,-0.0008333472224535399,0.551974214343274,0.0
111834,6.804280071334517,0.5519742143432715,560,681,1241,0.0,-0.0008333472224535399,0.551974214343274,0.0
111835,6.803446724112064,0.5519742143432715,560,681,1241,0.0,-0.0008333472224535399,0.551974214343274,0.0
111836,6.80261337688961,0.5519742143432715,560,681,1241,0.0,-0.0008333472224535399,0.551974214343274,0.0
111837,6.801780029667157,0.5519742143432715,560,681,1241,0.0,-0.0008333472224535399,0.551974214343274,0.0
111838,6.800946682444703,0.5519742143432715,560,681,1241,0.0,-0.0008333472224535399,0.551974214343274,0.0
111839,6.80011333522225,0.5519742143432715,560,681,1241,0.0,-0.0008333472224535399,0.551974214343274,0.0
111840,6.799279987999796,0.5519742143432715,560,681,1241,0.0,-0.0008333472224535399,0.551974214343274,0.0
111841,6.7984466407773425,0.5519742143432715,560,681,1241,0.0,-0.0008333472224535399,0.551974214343274,0.0
111842,6.797613293554889,0.5519742143432715,560,681,1241,0.0,-0.0008333472224535399,0.551974214343274,0.0
111843,6.796779946332435,0.5519742143432715,560,681,1241,0.0,-0.0008333472224535399,0.551974214343274,0.0
111844,6.795946599109982,0.5519742143432715,560,681,1241,0.0,-0.0008333472224535399,0.551974214343274,0.0
111845,6.795113251887528,0.5519742143432715,560,681,1241,0.0,-0.0008333472224535399,0.551974214343274,0.0
111846,6.794279904665075,0.5519742143432715,560,681,1241,0.0,-0.0008333472224535399,0.551974214343274,0.0
111847,6.793446557442621,0.5519742143432715,560,681,1241,0.0,-0.0008333472224535399,0.551974214343274,0.0
111848,6.792613210220168,0.5519742143432715,560,681,1241,0.0,-0.0008333472224535399,0.551974214343274,0.0
111849,6.791779862997714,0.5519742143432715,560,681,1241,0.0,-0.0008333472224535399,0.551974214343274,0.0
111850,6.790946515775261,0.5519742143432715,560,681,1241,0.0,-0.0008333472224535399,0.551974214343274,0.0
111851,6.790113168552807,0.5519742143432715,560,681,1241,0.0,-0.0008333472224535399,0.551974214343274,0.0
111852,6.789279821330354,0.5519742143432715,560,681,1241,0.0,-0.0008333472224535399,0.551974214343274,0.0
111853,6.7884464741079,0.5519742143432715,560,681,1241,0.0,-0.0008333472224535399,0.551974214343274,0.0
111854,6.7876131268854465,0.5519742143432715,560,681,1241,0.0,-0.0008333472224535399,0.551974214343274,0.0
111855,6.786779779662993,0.5519742143432715,560,681,1241,0.0,-0.0008333472224535399,0.551974214343274,0.0
111856,6.785946432440539,0.5519742143432715,560,681,1241,0.0,-0.0008333472224535399,0.551974214343274,0.0
111857,6.785113085218086,0.5519742143432715,560,681,1241,0.0,-0.0008333472224535399,0.551974214343274,0.0
111858,6.784279737995632,0.5519742143432715,560,681,1241,0.0,-0.0008333472224535399,0.551974214343274,0.0
111859,6.783446390773179,0.5519742143432715,560,681,1241,0.0,-0.0008333472224535399,0.551974214343274,0.0
111860,6.782613043550725,0.5519742143432715,560,681,1241,0.0,-0.0008333472224535399,0.551974214343274,0.0
111861,6.781779696328272,0.5519742143432715,560,681,1241,0.0,-0.0008333472224535399,0.551974214343274,0.0
111862,6.780946349105818,0.5519742143432715,560,681,1241,0.0,-0.0008333472224535399,0.551974214343274,0.0
111863,6.780113001883365,0.5519742143432715,560,681,1241,0.0,-0.0008333472224535399,0.551974214343274,0.0
111864,6.779279654660911,0.5519742143432715,560,681,1241,0.0,-0.0008333472224535399,0.551974214343274,0.0
111865,6.7784463074384576,0.5519742143432715,560,681,1241,0.0,-0.0008333472224535399,0.551974214343274,0.0
111866,6.777612960216004,0.5519742143432715,560,681,1241,0.0,-0.0008333472224535399,0.551974214343274,0.0
111867,6.7767796129935505,0.5519742143432715,560,681,1241,0.0,-0.0008333472224535399,0.551974214343274,0.0
111868,6.775946265771097,0.5519742143432715,560,681,1241,0.0,-0.0008333472224535399,0.551974214343274,0.0
111869,6.775112918548643,0.5519742143432715,560,681,1241,0.0,-0.0008333472224535399,0.551974214343274,0.0
111870,6.77427957132619,0.5519742143432715,560,681,1241,0.0,-0.0008333472224535399,0.551974214343274,0.0
111871,6.773446224103736,0.5519742143432715,560,681,1241,0.0,-0.0008333472224535399,0.551974214343274,0.0
111872,6.772612876881283,0.5519742143432715,560,681,1241,0.0,-0.0008333472224535399,0.551974214343274,0.0
111873,6.771779529658829,0.5519742143432715,560,681,1241,0.0,-0.0008333472224535399,0.551974214343274,0.0
111874,6.770946182436369,0.5519742143432715,560,681,1241,0.0,-0.0008333472224606453,0.551974214343274,0.0
111875,6.770112835213915,0.5519742143432715,560,681,1241,0.0,-0.0008333472224535399,0.551974214343274,0.0
111876,6.7692794879914615,0.5519742143432715,560,681,1241,0.0,-0.0008333472224535399,0.551974214343274,0.0
111877,6.768446140769008,0.5519742143432715,560,681,1241,0.0,-0.0008333472224535399,0.551974214343274,0.0
111878,6.767612793546554,0.5519742143432715,560,681,1241,0.0,-0.0008333472224535399,0.551974214343274,0.0
111879,6.766779446324101,0.5519742143432715,560,681,1241,0.0,-0.0008333472224535399,0.551974214343274,0.0
111880,6.765946099101647,0.5519742143432715,560,681,1241,0.0,-0.0008333472224535399,0.551974214343274,0.0
111881,6.765112751879194,0.5519742143432715,560,681,1241,0.0,-0.0008333472224535399,0.551974214343274,0.0
111882,6.76427940465674,0.5519742143432715,560,681,1241,0.0,-0.0008333472224535399,0.551974214343274,0.0
111883,6.763446057434287,0.5519742143432715,560,681,1241,0.0,-0.0008333472224535399,0.551974214343274,0.0
111884,6.762612710211833,0.5519742143432715,560,681,1241,0.0,-0.0008333472224535399,0.551974214343274,0.0
111885,6.76177936298938,0.5519742143432715,560,681,1241,0.0,-0.0008333472224535399,0.551974214343274,0.0
111886,6.760946015766926,0.5519742143432715,560,681,1241,0.0,-0.0008333472224535399,0.551974214343274,0.0
111887,6.760112668544473,0.5519742143432715,560,681,1241,0.0,-0.0008333472224535399,0.551974214343274,0.0
111888,6.759279321322019,0.5519742143432715,560,681,1241,0.0,-0.0008333472224535399,0.551974214343274,0.0
111889,6.7584459740995655,0.5519742143432715,560,681,1241,0.0,-0.0008333472224535399,0.551974214343274,0.0
111890,6.757612626877112,0.5519742143432715,560,681,1241,0.0,-0.0008333472224535399,0.551974214343274,0.0
111891,6.756779279654658,0.5519742143432715,560,681,1241,0.0,-0.0008333472224535399,0.551974214343274,0.0
111892,6.755945932432205,0.5519742143432715,560,681,1241,0.0,-0.0008333472224535399,0.551974214343274,0.0
111893,6.755112585209751,0.5519742143432715,560,681,1241,0.0,-0.0008333472224535399,0.551974214343274,0.0
111894,6.754279237987298,0.5519742143432715,560,681,1241,0.0,-0.0008333472224535399,0.551974214343274,0.0
111895,6.753445890764844,0.5519742143432715,560,681,1241,0.0,-0.0008333472224535399,0.551974214343274,0.0
111896,6.752612543542391,0.5519742143432715,560,681,1241,0.0,-0.0008333472224535399,0.551974214343274,0.0
111897,6.751779196319937,0.5527800161160354,560,681,1241,0.0008058017727639033,-0.0008333472224535399,0.5520547945205504,8.058017727639034e-05
111898,6.750945849097484,0.5527800161160354,560,681,1241,0.0,-0.0008333472224535399,0.5521353746978267,8.058017727639034e-05
111899,6.75011250187503,0.5527800161160354,560,681,1241,0.0,-0.0008333472224535399,0.5522159548751031,8.058017727639034e-05
111900,6.7492791546525766,0.5527800161160354,560,681,1241,0.0,-0.0008333472224535399,0.5522965350523794,8.058017727639034e-05
111901,6.748445807430123,0.5527800161160354,560,681,1241,0.0,-0.0008333472224535399,0.5523771152296557,8.058017727639034e-05
111902,6.7476124602076695,0.5527800161160354,560,681,1241,0.0,-0.0008333472224535399,0.5524576954069321,8.058017727639034e-05
111903,6.746779112985216,0.5527800161160354,560,681,1241,0.0,-0.0008333472224535399,0.5525382755842084,8.058017727639034e-05
111904,6.745945765762762,0.5527800161160354,560,681,1241,0.0,-0.0008333472224535399,0.5526188557614848,8.058017727639034e-05
111905,6.745112418540309,0.5527800161160354,560,681,1241,0.0,-0.0008333472224535399,0.5526994359387611,8.058017727639034e-05
111906,6.744279071317855,0.5527800161160354,560,681,1241,0.0,-0.0008333472224535399,0.5527800161160374,8.058017727639034e-05
111907,6.743445724095402,0.5527800161160354,560,681,1241,0.0,-0.0008333472224535399,0.5527800161160374,0.0
111908,6.742612376872948,0.5527800161160354,560,681,1241,0.0,-0.0008333472224535399,0.5527800161160374,0.0
111909,6.741779029650495,0.5527800161160354,560,681,1241,0.0,-0.0008333472224535399,0.5527800161160374,0.0
111910,6.740945682428041,0.5527800161160354,560,681,1241,0.0,-0.0008333472224535399,0.5527800161160374,0.0
111911,6.740112335205588,0.5527800161160354,560,681,1241,0.0,-0.0008333472224535399,0.5527800161160374,0.0
111912,6.739278987983134,0.5527800161160354,560,681,1241,0.0,-0.0008333472224535399,0.5527800161160374,0.0
111913,6.7384456407606805,0.5527800161160354,560,681,1241,0.0,-0.0008333472224535399,0.5527800161160374,0.0
111914,6.737612293538227,0.5527800161160354,560,681,1241,0.0,-0.0008333472224535399,0.5527800161160374,0.0
111915,6.7367789463157735,0.5527800161160354,560,681,1241,0.0,-0.0008333472224535399,0.5527800161160374,0.0
111916,6.73594559909332,0.5527800161160354,560,681,1241,0.0,-0.0008333472224535399,0.5527800161160374,0.0
111917,6.735112251870859,0.5527800161160354,560,681,1241,0.0,-0.0008333472224606453,0.5527800161160374,0.0
111918,6.734278904648406,0.5527800161160354,560,681,1241,0.0,-0.0008333472224535399,0.5527800161160374,0.0
111919,6.733445557425952,0.5527800161160354,560,681,1241,0.0,-0.0008333472224535399,0.5527800161160374,0.0
111920,6.732612210203499,0.5527800161160354,560,681,1241,0.0,-0.0008333472224535399,0.5527800161160374,0.0
111921,6.731778862981045,0.5527800161160354,560,681,1241,0.0,-0.0008333472224535399,0.5527800161160374,0.0
111922,6.730945515758592,0.5527800161160354,560,681,1241,0.0,-0.0008333472224535399,0.5527800161160374,0.0
111923,6.730112168536138,0.5527800161160354,560,681,1241,0.0,-0.0008333472224535399,0.5527800161160374,0.0
111924,6.7292788213136845,0.5527800161160354,560,681,1241,0.0,-0.0008333472224535399,0.5527800161160374,0.0
111925,6.728445474091231,0.5527800161160354,560,681,1241,0.0,-0.0008333472224535399,0.5527800161160374,0.0
111926,6.727612126868777,0.5527800161160354,560,681,1241,0.0,-0.0008333472224535399,0.5527800161160374,0.0
111927,6.726778779646324,0.5527800161160354,560,681,1241,0.0,-0.0008333472224535399,0.5527800161160374,0.0
111928,6.72594543242387,0.5527800161160354,560,681,1241,0.0,-0.0008333472224535399,0.5527800161160374,0.0
111929,6.725112085201417,0.5527800161160354,560,681,1241,0.0,-0.0008333472224535399,0.5527800161160374,0.0
111930,6.724278737978963,0.5527800161160354,560,681,1241,0.0,-0.0008333472224535399,0.5527800161160374,0.0
111931,6.72344539075651,0.5519742143432715,560,681,1241,-0.0008058017727639033,-0.0008333472224535399,0.5526994359387611,-8.058017727639034e-05
111932,6.722612043534056,0.5519742143432715,560,681,1241,0.0,-0.0008333472224535399,0.5526188557614848,-8.058017727639034e-05
111933,6.721778696311603,0.5519742143432715,560,681,1241,0.0,-0.0008333472224535399,0.5525382755842084,-8.058017727639034e-05
111934,6.720945349089149,0.5519742143432715,560,681,1241,0.0,-0.0008333472224535399,0.5524576954069321,-8.058017727639034e-05
111935,6.7201120018666956,0.5519742143432715,560,681,1241,0.0,-0.0008333472224535399,0.5523771152296557,-8.058017727639034e-05
111936,6.719278654644242,0.5519742143432715,560,681,1241,0.0,-0.0008333472224535399,0.5522965350523794,-8.058017727639034e-05
111937,6.7184453074217885,0.5519742143432715,560,681,1241,0.0,-0.0008333472224535399,0.5522159548751031,-8.058017727639034e-05
111938,6.717611960199335,0.5519742143432715,560,681,1241,0.0,-0.0008333472224535399,0.5521353746978267,-8.058017727639034e-05
111939,6.716778612976881,0.5519742143432715,560,681,1241,0.0,-0.0008333472224535399,0.5520547945205504,-8.058017727639034e-05
111940,6.715945265754428,0.5519742143432715,560,681,1241,0.0,-0.0008333472224535399,0.551974214343274,-8.058017727639034e-05
111941,6.715111918531974,0.5519742143432715,560,681,1241,0.0,-0.0008333472224535399,0.551974214343274,0.0
111942,6.714278571309521,0.5519742143432715,560,681,1241,0.0,-0.0008333472224535399,0.551974214343274,0.0
111943,6.713445224087067,0.5519742143432715,560,681,1241,0.0,-0.0008333472224535399,0.551974214343274,0.0
111944,6.712611876864614,0.5519742143432715,560,681,1241,0.0,-0.0008333472224535399,0.551974214343274,0.0
111945,6.71177852964216,0.5519742143432715,560,681,1241,0.0,-0.0008333472224535399,0.551974214343274,0.0
111946,6.710945182419707,0.5519742143432715,560,681,1241,0.0,-0.0008333472224535399,0.551974214343274,0.0
111947,6.710111835197253,0.5511684125705076,560,681,1241,-0.0008058017727639033,-0.0008333472224535399,0.5518936341659977,-8.058017727639034e-05
111948,6.7092784879747995,0.5511684125705076,560,681,1241,0.0,-0.0008333472224535399,0.5518130539887214,-8.058017727639034e-05
111949,6.708445140752346,0.5511684125705076,560,681,1241,0.0,-0.0008333472224535399,0.551732473811445,-8.058017727639034e-05
111950,6.7076117935298925,0.5511684125705076,560,681,1241,0.0,-0.0008333472224535399,0.5516518936341687,-8.058017727639034e-05
111951,6.706778446307439,0.5511684125705076,560,681,1241,0.0,-0.0008333472224535399,0.5515713134568923,-8.058017727639034e-05
111952,6.705945099084985,0.5511684125705076,560,681,1241,0.0,-0.0008333472224535399,0.551490733279616,-8.058017727639034e-05
111953,6.705111751862532,0.5511684125705076,560,681,1241,0.0,-0.0008333472224535399,0.5514101531023397,-8.058017727639034e-05
111954,6.704278404640078,0.5511684125705076,560,681,1241,0.0,-0.0008333472224535399,0.5513295729250632,-8.058017727639034e-05
111955,6.703445057417625,0.5511684125705076,560,681,1241,0.0,-0.0008333472224535399,0.5512489927477869,-8.058017727639034e-05
111956,6.702611710195171,0.5511684125705076,560,681,1241,0.0,-0.0008333472224535399,0.5511684125705105,-8.058017727639034e-05
111957,6.701778362972718,0.5511684125705076,560,681,1241,0.0,-0.0008333472224535399,0.5511684125705105,0.0
111958,6.700945015750264,0.5511684125705076,560,681,1241,0.0,-0.0008333472224535399,0.5511684125705105,0.0
111959,6.7001116685278035,0.5511684125705076,560,681,1241,0.0,-0.0008333472224606453,0.5511684125705105,0.0
111960,6.69927832130535,0.5511684125705076,560,681,1241,0.0,-0.0008333472224535399,0.5511684125705105,0.0
111961,6.698444974082896,0.5511684125705076,560,681,1241,0.0,-0.0008333472224535399,0.5511684125705105,0.0
111962,6.697611626860443,0.5511684125705076,560,681,1241,0.0,-0.0008333472224535399,0.5511684125705105,0.0
111963,6.696778279637989,0.5511684125705076,560,681,1241,0.0,-0.0008333472224535399,0.5511684125705105,0.0
111964,6.695944932415536,0.5511684125705076,560,681,1241,0.0,-0.0008333472224535399,0.5511684125705105,0.0
111965,6.695111585193082,0.5511684125705076,560,681,1241,0.0,-0.0008333472224535399,0.5511684125705105,0.0
111966,6.694278237970629,0.5511684125705076,560,681,1241,0.0,-0.0008333472224535399,0.5511684125705105,0.0
111967,6.693444890748175,0.5511684125705076,560,681,1241,0.0,-0.0008333472224535399,0.5511684125705105,0.0
111968,6.692611543525722,0.5511684125705076,560,681,1241,0.0,-0.0008333472224535399,0.5511684125705105,0.0
111969,6.691778196303268,0.5511684125705076,560,681,1241,0.0,-0.0008333472224535399,0.5511684125705105,0.0
111970,6.6909448490808145,0.5511684125705076,560,681,1241,0.0,-0.0008333472224535399,0.5511684125705105,0.0
111971,6.690111501858361,0.5511684125705076,560,681,1241,0.0,-0.0008333472224535399,0.5511684125705105,0.0
111972,6.6892781546359075,0.5511684125705076,560,681,1241,0.0,-0.0008333472224535399,0.5511684125705105,0.0
111973,6.688444807413454,0.5511684125705076,560,681,1241,0.0,-0.0008333472224535399,0.5511684125705105,0.0
111974,6.687611460191,0.5511684125705076,560,681,1241,0.0,-0.0008333472224535399,0.5511684125705105,0.0
111975,6.686778112968547,0.5511684125705076,560,681,1241,0.0,-0.0008333472224535399,0.5511684125705105,0.0
111976,6.685944765746093,0.5511684125705076,560,681,1241,0.0,-0.0008333472224535399,0.5511684125705105,0.0
111977,6.68511141852364,0.5511684125705076,560,681,1241,0.0,-0.0008333472224535399,0.5511684125705105,0.0
111978,6.684278071301186,0.5511684125705076,560,681,1241,0.0,-0.0008333472224535399,0.5511684125705105,0.0
111979,6.683444724078733,0.5511684125705076,560,681,1241,0.0,-0.0008333472224535399,0.5511684125705105,0.0
111980,6.682611376856279,0.5511684125705076,560,681,1241,0.0,-0.0008333472224535399,0.5511684125705105,0.0
111981,6.681778029633826,0.5511684125705076,560,681,1241,0.0,-0.0008333472224535399,0.5511684125705105,0.0
111982,6.680944682411372,0.5511684125705076,560,681,1241,0.0,-0.0008333472224535399,0.5511684125705105,0.0
111983,6.6801113351889185,0.5511684125705076,560,681,1241,0.0,-0.0008333472224535399,0.5511684125705105,0.0
111984,6.679277987966465,0.5511684125705076,560,681,1241,0.0,-0.0008333472224535399,0.5511684125705105,0.0
111985,6.6784446407440115,0.5511684125705076,560,681,1241,0.0,-0.0008333472224535399,0.5511684125705105,0.0
111986,6.677611293521558,0.5511684125705076,560,681,1241,0.0,-0.0008333472224535399,0.5511684125705105,0.0
111987,6.676777946299104,0.5511684125705076,560,681,1241,0.0,-0.0008333472224535399,0.5511684125705105,0.0
111988,6.675944599076651,0.5511684125705076,560,681,1241,0.0,-0.0008333472224535399,0.5511684125705105,0.0
111989,6.675111251854197,0.5511684125705076,560,681,1241,0.0,-0.0008333472224535399,0.5511684125705105,0.0
111990,6.674277904631744,0.5511684125705076,560,681,1241,0.0,-0.0008333472224535399,0.5511684125705105,0.0
111991,6.67344455740929,0.5511684125705076,560,681,1241,0.0,-0.0008333472224535399,0.5511684125705105,0.0
111992,6.672611210186837,0.5511684125705076,560,681,1241,0.0,-0.0008333472224535399,0.5511684125705105,0.0
111993,6.671777862964383,0.5511684125705076,560,681,1241,0.0,-0.0008333472224535399,0.5511684125705105,0.0
111994,6.67094451574193,0.5511684125705076,560,681,1241,0.0,-0.0008333472224535399,0.5511684125705105,0.0
111995,6.670111168519476,0.5511684125705076,560,681,1241,0.0,-0.0008333472224535399,0.5511684125705105,0.0
111996,6.6692778212970225,0.5511684125705076,560,681,1241,0.0,-0.0008333472224535399,0.5511684125705105,0.0
111997,6.668444474074569,0.5511684125705076,560,681,1241,0.0,-0.0008333472224535399,0.5511684125705105,0.0
111998,6.667611126852115,0.5511684125705076,560,681,1241,0.0,-0.0008333472224535399,0.5511684125705105,0.0
111999,6.666777779629662,0.5511684125705076,560,681,1241,0.0,-0.0008333472224535399,0.5511684125705105,0.0
112000,6.665944432407208,0.5511684125705076,560,681,1241,0.0,-0.0008333472224535399,0.5511684125705105,0.0
112001,6.665111085184748,0.5511684125705076,560,681,1241,0.0,-0.0008333472224606453,0.5511684125705105,0.0
112002,6.664277737962294,0.5511684125705076,560,681,1241,0.0,-0.0008333472224535399,0.5511684125705105,0.0
112003,6.663444390739841,0.5511684125705076,560,681,1241,0.0,-0.0008333472224535399,0.5511684125705105,0.0
112004,6.662611043517387,0.5511684125705076,560,681,1241,0.0,-0.0008333472224535399,0.5511684125705105,0.0
112005,6.6617776962949335,0.5511684125705076,560,681,1241,0.0,-0.0008333472224535399,0.5511684125705105,0.0
112006,6.66094434907248,0.5511684125705076,560,681,1241,0.0,-0.0008333472224535399,0.5511684125705105,0.0
112007,6.6601110018500265,0.5511684125705076,560,681,1241,0.0,-0.0008333472224535399,0.5511684125705105,0.0
112008,6.659277654627573,0.5511684125705076,560,681,1241,0.0,-0.0008333472224535399,0.5511684125705105,0.0
112009,6.658444307405119,0.5511684125705076,560,681,1241,0.0,-0.0008333472224535399,0.5511684125705105,0.0
112010,6.657610960182666,0.5511684125705076,560,681,1241,0.0,-0.0008333472224535399,0.5511684125705105,0.0
112011,6.656777612960212,0.5511684125705076,560,681,1241,0.0,-0.0008333472224535399,0.5511684125705105,0.0
112012,6.655944265737759,0.5511684125705076,560,681,1241,0.0,-0.0008333472224535399,0.5511684125705105,0.0
112013,6.655110918515305,0.5511684125705076,560,681,1241,0.0,-0.0008333472224535399,0.5511684125705105,0.0
112014,6.654277571292852,0.5511684125705076,560,681,1241,0.0,-0.0008333472224535399,0.5511684125705105,0.0
112015,6.653444224070398,0.5511684125705076,560,681,1241,0.0,-0.0008333472224535399,0.5511684125705105,0.0
112016,6.652610876847945,0.5511684125705076,560,681,1241,0.0,-0.0008333472224535399,0.5511684125705105,0.0
112017,6.651777529625491,0.5511684125705076,560,681,1241,0.0,-0.0008333472224535399,0.5511684125705105,0.0
112018,6.6509441824030375,0.5511684125705076,560,681,1241,0.0,-0.0008333472224535399,0.5511684125705105,0.0
112019,6.650110835180584,0.5511684125705076,560,681,1241,0.0,-0.0008333472224535399,0.5511684125705105,0.0
112020,6.6492774879581305,0.5511684125705076,560,681,1241,0.0,-0.0008333472224535399,0.5511684125705105,0.0
112021,6.648444140735677,0.5511684125705076,560,681,1241,0.0,-0.0008333472224535399,0.5511684125705105,0.0
112022,6.647610793513223,0.5511684125705076,560,681,1241,0.0,-0.0008333472224535399,0.5511684125705105,0.0
112023,6.64677744629077,0.5511684125705076,560,681,1241,0.0,-0.0008333472224535399,0.5511684125705105,0.0
112024,6.645944099068316,0.5511684125705076,560,681,1241,0.0,-0.0008333472224535399,0.5511684125705105,0.0
112025,6.645110751845863,0.5511684125705076,560,681,1241,0.0,-0.0008333472224535399,0.5511684125705105,0.0
112026,6.644277404623409,0.5511684125705076,560,681,1241,0.0,-0.0008333472224535399,0.5511684125705105,0.0
112027,6.643444057400956,0.5511684125705076,560,681,1241,0.0,-0.0008333472224535399,0.5511684125705105,0.0
112028,6.642610710178502,0.5511684125705076,560,681,1241,0.0,-0.0008333472224535399,0.5511684125705105,0.0
112029,6.641777362956049,0.5511684125705076,560,681,1241,0.0,-0.0008333472224535399,0.5511684125705105,0.0
112030,6.640944015733595,0.5511684125705076,560,681,1241,0.0,-0.0008333472224535399,0.5511684125705105,0.0
112031,6.6401106685111415,0.5511684125705076,560,681,1241,0.0,-0.0008333472224535399,0.5511684125705105,0.0
112032,6.639277321288688,0.5511684125705076,560,681,1241,0.0,-0.0008333472224535399,0.5511684125705105,0.0
112033,6.638443974066234,0.5511684125705076,560,681,1241,0.0,-0.0008333472224535399,0.5511684125705105,0.0
112034,6.637610626843781,0.5511684125705076,560,681,1241,0.0,-0.0008333472224535399,0.5511684125705105,0.0
112035,6.636777279621327,0.5511684125705076,560,681,1241,0.0,-0.0008333472224535399,0.5511684125705105,0.0
112036,6.635943932398874,0.5511684125705076,560,681,1241,0.0,-0.0008333472224535399,0.5511684125705105,0.0
112037,6.63511058517642,0.5511684125705076,560,681,1241,0.0,-0.0008333472224535399,0.5511684125705105,0.0
112038,6.634277237953967,0.5511684125705076,560,681,1241,0.0,-0.0008333472224535399,0.5511684125705105,0.0
112039,6.633443890731513,0.5511684125705076,560,681,1241,0.0,-0.0008333472224535399,0.5511684125705105,0.0
112040,6.63261054350906,0.5511684125705076,560,681,1241,0.0,-0.0008333472224535399,0.5511684125705105,0.0
112041,6.631777196286606,0.5511684125705076,560,681,1241,0.0,-0.0008333472224535399,0.5511684125705105,0.0
112042,6.630943849064153,0.5511684125705076,560,681,1241,0.0,-0.0008333472224535399,0.5511684125705105,0.0
112043,6.630110501841699,0.5511684125705076,560,681,1241,0.0,-0.0008333472224535399,0.5511684125705105,0.0
112044,6.629277154619238,0.5511684125705076,560,681,1241,0.0,-0.0008333472224606453,0.5511684125705105,0.0
112045,6.628443807396785,0.5511684125705076,560,681,1241,0.0,-0.0008333472224535399,0.5511684125705105,0.0
112046,6.627610460174331,0.5511684125705076,560,681,1241,0.0,-0.0008333472224535399,0.5511684125705105,0.0
112047,6.626777112951878,0.5511684125705076,560,681,1241,0.0,-0.0008333472224535399,0.5511684125705105,0.0
112048,6.625943765729424,0.5511684125705076,560,681,1241,0.0,-0.0008333472224535399,0.5511684125705105,0.0
112049,6.625110418506971,0.5511684125705076,560,681,1241,0.0,-0.0008333472224535399,0.5511684125705105,0.0
112050,6.624277071284517,0.5511684125705076,560,681,1241,0.0,-0.0008333472224535399,0.5511684125705105,0.0
112051,6.623443724062064,0.5511684125705076,560,681,1241,0.0,-0.0008333472224535399,0.5511684125705105,0.0
112052,6.62261037683961,0.5511684125705076,560,681,1241,0.0,-0.0008333472224535399,0.5511684125705105,0.0
112053,6.6217770296171565,0.5511684125705076,560,681,1241,0.0,-0.0008333472224535399,0.5511684125705105,0.0
112054,6.620943682394703,0.5511684125705076,560,681,1241,0.0,-0.0008333472224535399,0.5511684125705105,0.0
112055,6.6201103351722494,0.5511684125705076,560,681,1241,0.0,-0.0008333472224535399,0.5511684125705105,0.0
112056,6.619276987949796,0.5511684125705076,560,681,1241,0.0,-0.0008333472224535399,0.5511684125705105,0.0
112057,6.618443640727342,0.5511684125705076,560,681,1241,0.0,-0.0008333472224535399,0.5511684125705105,0.0
112058,6.617610293504889,0.5511684125705076,560,681,1241,0.0,-0.0008333472224535399,0.5511684125705105,0.0
112059,6.616776946282435,0.5511684125705076,560,681,1241,0.0,-0.0008333472224535399,0.5511684125705105,0.0
112060,6.615943599059982,0.5511684125705076,560,681,1241,0.0,-0.0008333472224535399,0.5511684125705105,0.0
112061,6.615110251837528,0.5511684125705076,560,681,1241,0.0,-0.0008333472224535399,0.5511684125705105,0.0
112062,6.614276904615075,0.5511684125705076,560,681,1241,0.0,-0.0008333472224535399,0.5511684125705105,0.0
112063,6.613443557392621,0.5511684125705076,560,681,1241,0.0,-0.0008333472224535399,0.5511684125705105,0.0
112064,6.612610210170168,0.5511684125705076,560,681,1241,0.0,-0.0008333472224535399,0.5511684125705105,0.0
112065,6.611776862947714,0.5511684125705076,560,681,1241,0.0,-0.0008333472224535399,0.5511684125705105,0.0
112066,6.6109435157252605,0.5511684125705076,560,681,1241,0.0,-0.0008333472224535399,0.5511684125705105,0.0
112067,6.610110168502807,0.5511684125705076,560,681,1241,0.0,-0.0008333472224535399,0.5511684125705105,0.0
112068,6.609276821280353,0.5511684125705076,560,681,1241,0.0,-0.0008333472224535399,0.5511684125705105,0.0
112069,6.6084434740579,0.5511684125705076,560,681,1241,0.0,-0.0008333472224535399,0.5511684125705105,0.0
112070,6.607610126835446,0.5511684125705076,560,681,1241,0.0,-0.0008333472224535399,0.5511684125705105,0.0
112071,6.606776779612993,0.5511684125705076,560,681,1241,0.0,-0.0008333472224535399,0.5511684125705105,0.0
112072,6.605943432390539,0.5511684125705076,560,681,1241,0.0,-0.0008333472224535399,0.5511684125705105,0.0
112073,6.605110085168086,0.5511684125705076,560,681,1241,0.0,-0.0008333472224535399,0.5511684125705105,0.0
112074,6.604276737945632,0.5511684125705076,560,681,1241,0.0,-0.0008333472224535399,0.5511684125705105,0.0
112075,6.603443390723179,0.5511684125705076,560,681,1241,0.0,-0.0008333472224535399,0.5511684125705105,0.0
112076,6.602610043500725,0.5511684125705076,560,681,1241,0.0,-0.0008333472224535399,0.5511684125705105,0.0
112077,6.601776696278272,0.5511684125705076,560,681,1241,0.0,-0.0008333472224535399,0.5511684125705105,0.0
112078,6.600943349055818,0.5511684125705076,560,681,1241,0.0,-0.0008333472224535399,0.5511684125705105,0.0
112079,6.6001100018333645,0.5511684125705076,560,681,1241,0.0,-0.0008333472224535399,0.5511684125705105,0.0
112080,6.599276654610911,0.5511684125705076,560,681,1241,0.0,-0.0008333472224535399,0.5511684125705105,0.0
112081,6.598443307388457,0.5511684125705076,560,681,1241,0.0,-0.0008333472224535399,0.5511684125705105,0.0
112082,6.597609960166004,0.5511684125705076,560,681,1241,0.0,-0.0008333472224535399,0.5511684125705105,0.0
112083,6.59677661294355,0.5511684125705076,560,681,1241,0.0,-0.0008333472224535399,0.5511684125705105,0.0
112084,6.595943265721097,0.5511684125705076,560,681,1241,0.0,-0.0008333472224535399,0.5511684125705105,0.0
112085,6.595109918498643,0.5511684125705076,560,681,1241,0.0,-0.0008333472224535399,0.5511684125705105,0.0
112086,6.594276571276183,0.5511684125705076,560,681,1241,0.0,-0.0008333472224606453,0.5511684125705105,0.0
112087,6.593443224053729,0.5511684125705076,560,681,1241,0.0,-0.0008333472224535399,0.5511684125705105,0.0
112088,6.5926098768312755,0.5511684125705076,560,681,1241,0.0,-0.0008333472224535399,0.5511684125705105,0.0
112089,6.591776529608822,0.5511684125705076,560,681,1241,0.0,-0.0008333472224535399,0.5511684125705105,0.0
112090,6.5909431823863684,0.5511684125705076,560,681,1241,0.0,-0.0008333472224535399,0.5511684125705105,0.0
112091,6.590109835163915,0.5511684125705076,560,681,1241,0.0,-0.0008333472224535399,0.5511684125705105,0.0
112092,6.589276487941461,0.5511684125705076,560,681,1241,0.0,-0.0008333472224535399,0.5511684125705105,0.0
112093,6.588443140719008,0.5511684125705076,560,681,1241,0.0,-0.0008333472224535399,0.5511684125705105,0.0
112094,6.587609793496554,0.5511684125705076,560,681,1241,0.0,-0.0008333472224535399,0.5511684125705105,0.0
112095,6.586776446274101,0.5511684125705076,560,681,1241,0.0,-0.0008333472224535399,0.5511684125705105,0.0
112096,6.585943099051647,0.5511684125705076,560,681,1241,0.0,-0.0008333472224535399,0.5511684125705105,0.0
112097,6.585109751829194,0.5511684125705076,560,681,1241,0.0,-0.0008333472224535399,0.5511684125705105,0.0
112098,6.58427640460674,0.5511684125705076,560,681,1241,0.0,-0.0008333472224535399,0.5511684125705105,0.0
112099,6.583443057384287,0.5511684125705076,560,681,1241,0.0,-0.0008333472224535399,0.5511684125705105,0.0
112100,6.582609710161833,0.5511684125705076,560,681,1241,0.0,-0.0008333472224535399,0.5511684125705105,0.0
112101,6.5817763629393795,0.5511684125705076,560,681,1241,0.0,-0.0008333472224535399,0.5511684125705105,0.0
112102,6.580943015716926,0.5511684125705076,560,681,1241,0.0,-0.0008333472224535399,0.5511684125705105,0.0
112103,6.580109668494472,0.5511684125705076,560,681,1241,0.0,-0.0008333472224535399,0.5511684125705105,0.0
112104,6.579276321272019,0.5511684125705076,560,681,1241,0.0,-0.0008333472224535399,0.5511684125705105,0.0
112105,6.578442974049565,0.5511684125705076,560,681,1241,0.0,-0.0008333472224535399,0.5511684125705105,0.0
112106,6.577609626827112,0.5511684125705076,560,681,1241,0.0,-0.0008333472224535399,0.5511684125705105,0.0
112107,6.576776279604658,0.5511684125705076,560,681,1241,0.0,-0.0008333472224535399,0.5511684125705105,0.0
112108,6.575942932382205,0.5511684125705076,560,681,1241,0.0,-0.0008333472224535399,0.5511684125705105,0.0
112109,6.575109585159751,0.5511684125705076,560,681,1241,0.0,-0.0008333472224535399,0.5511684125705105,0.0
112110,6.574276237937298,0.5511684125705076,560,681,1241,0.0,-0.0008333472224535399,0.5511684125705105,0.0
112111,6.573442890714844,0.5511684125705076,560,681,1241,0.0,-0.0008333472224535399,0.5511684125705105,0.0
112112,6.572609543492391,0.5511684125705076,560,681,1241,0.0,-0.0008333472224535399,0.5511684125705105,0.0
112113,6.571776196269937,0.5511684125705076,560,681,1241,0.0,-0.0008333472224535399,0.5511684125705105,0.0
112114,6.5709428490474835,0.5511684125705076,560,681,1241,0.0,-0.0008333472224535399,0.5511684125705105,0.0
112115,6.57010950182503,0.5511684125705076,560,681,1241,0.0,-0.0008333472224535399,0.5511684125705105,0.0
112116,6.569276154602576,0.5511684125705076,560,681,1241,0.0,-0.0008333472224535399,0.5511684125705105,0.0
112117,6.568442807380123,0.5511684125705076,560,681,1241,0.0,-0.0008333472224535399,0.5511684125705105,0.0
112118,6.567609460157669,0.5511684125705076,560,681,1241,0.0,-0.0008333472224535399,0.5511684125705105,0.0
112119,6.566776112935216,0.5511684125705076,560,681,1241,0.0,-0.0008333472224535399,0.5511684125705105,0.0
112120,6.565942765712762,0.5511684125705076,560,681,1241,0.0,-0.0008333472224535399,0.5511684125705105,0.0
112121,6.565109418490309,0.5511684125705076,560,681,1241,0.0,-0.0008333472224535399,0.5511684125705105,0.0
112122,6.564276071267855,0.5511684125705076,560,681,1241,0.0,-0.0008333472224535399,0.5511684125705105,0.0
112123,6.563442724045402,0.5511684125705076,560,681,1241,0.0,-0.0008333472224535399,0.5511684125705105,0.0
112124,6.562609376822948,0.5511684125705076,560,681,1241,0.0,-0.0008333472224535399,0.5511684125705105,0.0
112125,6.5617760296004946,0.5511684125705076,560,681,1241,0.0,-0.0008333472224535399,0.5511684125705105,0.0
112126,6.560942682378041,0.5511684125705076,560,681,1241,0.0,-0.0008333472224535399,0.5511684125705105,0.0
112127,6.5601093351555875,0.5511684125705076,560,681,1241,0.0,-0.0008333472224535399,0.5511684125705105,0.0
112128,6.559275987933134,0.5511684125705076,560,681,1241,0.0,-0.0008333472224535399,0.5511684125705105,0.0
112129,6.558442640710673,0.5511684125705076,560,681,1241,0.0,-0.0008333472224606453,0.5511684125705105,0.0
112130,6.55760929348822,0.5511684125705076,560,681,1241,0.0,-0.0008333472224535399,0.5511684125705105,0.0
112131,6.556775946265766,0.5511684125705076,560,681,1241,0.0,-0.0008333472224535399,0.5511684125705105,0.0
112132,6.555942599043313,0.5511684125705076,560,681,1241,0.0,-0.0008333472224535399,0.5511684125705105,0.0
112133,6.555109251820859,0.5511684125705076,560,681,1241,0.0,-0.0008333472224535399,0.5511684125705105,0.0
112134,6.554275904598406,0.5511684125705076,560,681,1241,0.0,-0.0008333472224535399,0.5511684125705105,0.0
112135,6.553442557375952,0.5511684125705076,560,681,1241,0.0,-0.0008333472224535399,0.5511684125705105,0.0
112136,6.5526092101534985,0.5511684125705076,560,681,1241,0.0,-0.0008333472224535399,0.5511684125705105,0.0
112137,6.551775862931045,0.5511684125705076,560,681,1241,0.0,-0.0008333472224535399,0.5511684125705105,0.0
112138,6.550942515708591,0.5511684125705076,560,681,1241,0.0,-0.0008333472224535399,0.5511684125705105,0.0
112139,6.550109168486138,0.5511684125705076,560,681,1241,0.0,-0.0008333472224535399,0.5511684125705105,0.0
112140,6.549275821263684,0.5511684125705076,560,681,1241,0.0,-0.0008333472224535399,0.5511684125705105,0.0
112141,6.548442474041231,0.5511684125705076,560,681,1241,0.0,-0.0008333472224535399,0.5511684125705105,0.0
112142,6.547609126818777,0.5511684125705076,560,681,1241,0.0,-0.0008333472224535399,0.5511684125705105,0.0
112143,6.546775779596324,0.5511684125705076,560,681,1241,0.0,-0.0008333472224535399,0.5511684125705105,0.0
112144,6.54594243237387,0.5511684125705076,560,681,1241,0.0,-0.0008333472224535399,0.5511684125705105,0.0
112145,6.545109085151417,0.5511684125705076,560,681,1241,0.0,-0.0008333472224535399,0.5511684125705105,0.0
112146,6.544275737928963,0.5511684125705076,560,681,1241,0.0,-0.0008333472224535399,0.5511684125705105,0.0
112147,6.54344239070651,0.5511684125705076,560,681,1241,0.0,-0.0008333472224535399,0.5511684125705105,0.0
112148,6.542609043484056,0.5511684125705076,560,681,1241,0.0,-0.0008333472224535399,0.5511684125705105,0.0
112149,6.5417756962616025,0.5511684125705076,560,681,1241,0.0,-0.0008333472224535399,0.5511684125705105,0.0
112150,6.540942349039149,0.5511684125705076,560,681,1241,0.0,-0.0008333472224535399,0.5511684125705105,0.0
112151,6.540109001816695,0.5511684125705076,560,681,1241,0.0,-0.0008333472224535399,0.5511684125705105,0.0
112152,6.539275654594242,0.5511684125705076,560,681,1241,0.0,-0.0008333472224535399,0.5511684125705105,0.0
112153,6.538442307371788,0.5511684125705076,560,681,1241,0.0,-0.0008333472224535399,0.5511684125705105,0.0
112154,6.537608960149335,0.5511684125705076,560,681,1241,0.0,-0.0008333472224535399,0.5511684125705105,0.0
112155,6.536775612926881,0.5511684125705076,560,681,1241,0.0,-0.0008333472224535399,0.5511684125705105,0.0
112156,6.535942265704428,0.5511684125705076,560,681,1241,0.0,-0.0008333472224535399,0.5511684125705105,0.0
112157,6.535108918481974,0.5511684125705076,560,681,1241,0.0,-0.0008333472224535399,0.5511684125705105,0.0
112158,6.534275571259521,0.5511684125705076,560,681,1241,0.0,-0.0008333472224535399,0.5511684125705105,0.0
112159,6.533442224037067,0.5511684125705076,560,681,1241,0.0,-0.0008333472224535399,0.5511684125705105,0.0
112160,6.5326088768146136,0.5511684125705076,560,681,1241,0.0,-0.0008333472224535399,0.5511684125705105,0.0
112161,6.53177552959216,0.5511684125705076,560,681,1241,0.0,-0.0008333472224535399,0.5511684125705105,0.0
112162,6.5309421823697065,0.5511684125705076,560,681,1241,0.0,-0.0008333472224535399,0.5511684125705105,0.0
112163,6.530108835147253,0.5511684125705076,560,681,1241,0.0,-0.0008333472224535399,0.5511684125705105,0.0
112164,6.529275487924799,0.5511684125705076,560,681,1241,0.0,-0.0008333472224535399,0.5511684125705105,0.0
112165,6.528442140702346,0.5511684125705076,560,681,1241,0.0,-0.0008333472224535399,0.5511684125705105,0.0
112166,6.527608793479892,0.5511684125705076,560,681,1241,0.0,-0.0008333472224535399,0.5511684125705105,0.0
112167,6.526775446257439,0.5511684125705076,560,681,1241,0.0,-0.0008333472224535399,0.5511684125705105,0.0
112168,6.525942099034985,0.5511684125705076,560,681,1241,0.0,-0.0008333472224535399,0.5511684125705105,0.0
112169,6.525108751812532,0.5511684125705076,560,681,1241,0.0,-0.0008333472224535399,0.5511684125705105,0.0
112170,6.524275404590078,0.5511684125705076,560,681,1241,0.0,-0.0008333472224535399,0.5511684125705105,0.0
112171,6.5234420573676175,0.5511684125705076,560,681,1241,0.0,-0.0008333472224606453,0.5511684125705105,0.0
112172,6.522608710145164,0.5511684125705076,560,681,1241,0.0,-0.0008333472224535399,0.5511684125705105,0.0
112173,6.52177536292271,0.5511684125705076,560,681,1241,0.0,-0.0008333472224535399,0.5511684125705105,0.0
112174,6.520942015700257,0.5511684125705076,560,681,1241,0.0,-0.0008333472224535399,0.5511684125705105,0.0
112175,6.520108668477803,0.5511684125705076,560,681,1241,0.0,-0.0008333472224535399,0.5511684125705105,0.0
112176,6.51927532125535,0.5511684125705076,560,681,1241,0.0,-0.0008333472224535399,0.5511684125705105,0.0
112177,6.518441974032896,0.5511684125705076,560,681,1241,0.0,-0.0008333472224535399,0.5511684125705105,0.0
112178,6.517608626810443,0.5511684125705076,560,681,1241,0.0,-0.0008333472224535399,0.5511684125705105,0.0
112179,6.516775279587989,0.5511684125705076,560,681,1241,0.0,-0.0008333472224535399,0.5511684125705105,0.0
112180,6.515941932365536,0.5511684125705076,560,681,1241,0.0,-0.0008333472224535399,0.5511684125705105,0.0
112181,6.515108585143082,0.5511684125705076,560,681,1241,0.0,-0.0008333472224535399,0.5511684125705105,0.0
112182,6.514275237920629,0.5511684125705076,560,681,1241,0.0,-0.0008333472224535399,0.5511684125705105,0.0
112183,6.513441890698175,0.5511684125705076,560,681,1241,0.0,-0.0008333472224535399,0.5511684125705105,0.0
112184,6.5126085434757215,0.5511684125705076,560,681,1241,0.0,-0.0008333472224535399,0.5511684125705105,0.0
112185,6.511775196253268,0.5511684125705076,560,681,1241,0.0,-0.0008333472224535399,0.5511684125705105,0.0
112186,6.510941849030814,0.5511684125705076,560,681,1241,0.0,-0.0008333472224535399,0.5511684125705105,0.0
112187,6.510108501808361,0.5511684125705076,560,681,1241,0.0,-0.0008333472224535399,0.5511684125705105,0.0
112188,6.509275154585907,0.5519742143432715,560,681,1241,0.0008058017727639033,-0.0008333472224535399,0.5512489927477869,8.058017727639034e-05
112189,6.508441807363454,0.5519742143432715,560,681,1241,0.0,-0.0008333472224535399,0.5513295729250632,8.058017727639034e-05
112190,6.507608460141,0.5519742143432715,560,681,1241,0.0,-0.0008333472224535399,0.5514101531023397,8.058017727639034e-05
112191,6.506775112918547,0.5519742143432715,560,681,1241,0.0,-0.0008333472224535399,0.551490733279616,8.058017727639034e-05
112192,6.505941765696093,0.5519742143432715,560,681,1241,0.0,-0.0008333472224535399,0.5515713134568923,8.058017727639034e-05
112193,6.50510841847364,0.5519742143432715,560,681,1241,0.0,-0.0008333472224535399,0.5516518936341687,8.058017727639034e-05
112194,6.504275071251186,0.5519742143432715,560,681,1241,0.0,-0.0008333472224535399,0.551732473811445,8.058017727639034e-05
112195,6.5034417240287326,0.5519742143432715,560,681,1241,0.0,-0.0008333472224535399,0.5518130539887214,8.058017727639034e-05
112196,6.502608376806279,0.5519742143432715,560,681,1241,0.0,-0.0008333472224535399,0.5518936341659977,8.058017727639034e-05
112197,6.5017750295838255,0.5519742143432715,560,681,1241,0.0,-0.0008333472224535399,0.551974214343274,8.058017727639034e-05
112198,6.500941682361372,0.5519742143432715,560,681,1241,0.0,-0.0008333472224535399,0.551974214343274,0.0
112199,6.500108335138918,0.5519742143432715,560,681,1241,0.0,-0.0008333472224535399,0.551974214343274,0.0
112200,6.499274987916465,0.5519742143432715,560,681,1241,0.0,-0.0008333472224535399,0.551974214343274,0.0
112201,6.498441640694011,0.5519742143432715,560,681,1241,0.0,-0.0008333472224535399,0.551974214343274,0.0
112202,6.497608293471558,0.5519742143432715,560,681,1241,0.0,-0.0008333472224535399,0.551974214343274,0.0
112203,6.496774946249104,0.5519742143432715,560,681,1241,0.0,-0.0008333472224535399,0.551974214343274,0.0
112204,6.495941599026651,0.5519742143432715,560,681,1241,0.0,-0.0008333472224535399,0.551974214343274,0.0
112205,6.495108251804197,0.5519742143432715,560,681,1241,0.0,-0.0008333472224535399,0.551974214343274,0.0
112206,6.494274904581744,0.5519742143432715,560,681,1241,0.0,-0.0008333472224535399,0.551974214343274,0.0
112207,6.49344155735929,0.5519742143432715,560,681,1241,0.0,-0.0008333472224535399,0.551974214343274,0.0
112208,6.4926082101368365,0.5519742143432715,560,681,1241,0.0,-0.0008333472224535399,0.551974214343274,0.0
112209,6.491774862914383,0.5519742143432715,560,681,1241,0.0,-0.0008333472224535399,0.551974214343274,0.0
112210,6.4909415156919295,0.5519742143432715,560,681,1241,0.0,-0.0008333472224535399,0.551974214343274,0.0
112211,6.490108168469476,0.5519742143432715,560,681,1241,0.0,-0.0008333472224535399,0.551974214343274,0.0
112212,6.489274821247022,0.5519742143432715,560,681,1241,0.0,-0.0008333472224535399,0.551974214343274,0.0
112213,6.488441474024562,0.5519742143432715,560,681,1241,0.0,-0.0008333472224606453,0.551974214343274,0.0
112214,6.487608126802108,0.5519742143432715,560,681,1241,0.0,-0.0008333472224535399,0.551974214343274,0.0
112215,6.486774779579655,0.5519742143432715,560,681,1241,0.0,-0.0008333472224535399,0.551974214343274,0.0
112216,6.485941432357201,0.5519742143432715,560,681,1241,0.0,-0.0008333472224535399,0.551974214343274,0.0
112217,6.485108085134748,0.5519742143432715,560,681,1241,0.0,-0.0008333472224535399,0.551974214343274,0.0
112218,6.484274737912294,0.5519742143432715,560,681,1241,0.0,-0.0008333472224535399,0.551974214343274,0.0
112219,6.4834413906898405,0.5519742143432715,560,681,1241,0.0,-0.0008333472224535399,0.551974214343274,0.0
112220,6.482608043467387,0.5519742143432715,560,681,1241,0.0,-0.0008333472224535399,0.551974214343274,0.0
112221,6.481774696244933,0.5519742143432715,560,681,1241,0.0,-0.0008333472224535399,0.551974214343274,0.0
112222,6.48094134902248,0.5519742143432715,560,681,1241,0.0,-0.0008333472224535399,0.551974214343274,0.0
112223,6.480108001800026,0.5519742143432715,560,681,1241,0.0,-0.0008333472224535399,0.551974214343274,0.0
112224,6.479274654577573,0.5519742143432715,560,681,1241,0.0,-0.0008333472224535399,0.551974214343274,0.0
112225,6.478441307355119,0.5519742143432715,560,681,1241,0.0,-0.0008333472224535399,0.551974214343274,0.0
112226,6.477607960132666,0.5519742143432715,560,681,1241,0.0,-0.0008333472224535399,0.551974214343274,0.0
112227,6.476774612910212,0.5519742143432715,560,681,1241,0.0,-0.0008333472224535399,0.551974214343274,0.0
112228,6.475941265687759,0.5519742143432715,560,681,1241,0.0,-0.0008333472224535399,0.551974214343274,0.0
112229,6.475107918465305,0.5519742143432715,560,681,1241,0.0,-0.0008333472224535399,0.551974214343274,0.0
112230,6.4742745712428516,0.5519742143432715,560,681,1241,0.0,-0.0008333472224535399,0.551974214343274,0.0
112231,6.473441224020398,0.5519742143432715,560,681,1241,0.0,-0.0008333472224535399,0.551974214343274,0.0
112232,6.4726078767979445,0.5519742143432715,560,681,1241,0.0,-0.0008333472224535399,0.551974214343274,0.0
112233,6.471774529575491,0.5519742143432715,560,681,1241,0.0,-0.0008333472224535399,0.551974214343274,0.0
112234,6.470941182353037,0.5519742143432715,560,681,1241,0.0,-0.0008333472224535399,0.551974214343274,0.0
112235,6.470107835130584,0.5519742143432715,560,681,1241,0.0,-0.0008333472224535399,0.551974214343274,0.0
112236,6.46927448790813,0.5519742143432715,560,681,1241,0.0,-0.0008333472224535399,0.551974214343274,0.0
112237,6.468441140685677,0.5519742143432715,560,681,1241,0.0,-0.0008333472224535399,0.551974214343274,0.0
112238,6.467607793463223,0.5527800161160354,560,681,1241,0.0008058017727639033,-0.0008333472224535399,0.5520547945205504,8.058017727639034e-05
112239,6.46677444624077,0.5527800161160354,560,681,1241,0.0,-0.0008333472224535399,0.5521353746978267,8.058017727639034e-05
112240,6.465941099018316,0.5527800161160354,560,681,1241,0.0,-0.0008333472224535399,0.5522159548751031,8.058017727639034e-05
112241,6.465107751795863,0.5527800161160354,560,681,1241,0.0,-0.0008333472224535399,0.5522965350523794,8.058017727639034e-05
112242,6.464274404573409,0.5527800161160354,560,681,1241,0.0,-0.0008333472224535399,0.5523771152296557,8.058017727639034e-05
112243,6.4634410573509555,0.5535858178887993,560,681,1241,0.0008058017727639033,-0.0008333472224535399,0.5525382755842085,0.00016116035455278067
112244,6.462607710128502,0.5535858178887993,560,681,1241,0.0,-0.0008333472224535399,0.5526994359387614,0.00016116035455278067
112245,6.4617743629060485,0.5535858178887993,560,681,1241,0.0,-0.0008333472224535399,0.5528605962933141,0.00016116035455278067
112246,6.460941015683595,0.5535858178887993,560,681,1241,0.0,-0.0008333472224535399,0.5530217566478669,0.00016116035455278067
112247,6.460107668461141,0.5535858178887993,560,681,1241,0.0,-0.0008333472224535399,0.5531829170024196,0.00016116035455278067
112248,6.459274321238688,0.5535858178887993,560,681,1241,0.0,-0.0008333472224535399,0.5532634971796961,8.058017727639034e-05
112249,6.458440974016234,0.5535858178887993,560,681,1241,0.0,-0.0008333472224535399,0.5533440773569724,8.058017727639034e-05
112250,6.457607626793781,0.5535858178887993,560,681,1241,0.0,-0.0008333472224535399,0.5534246575342487,8.058017727639034e-05
112251,6.456774279571327,0.5535858178887993,560,681,1241,0.0,-0.0008333472224535399,0.5535052377115252,8.058017727639034e-05
112252,6.455940932348874,0.5535858178887993,560,681,1241,0.0,-0.0008333472224535399,0.5535858178888015,8.058017727639034e-05
112253,6.45510758512642,0.5535858178887993,560,681,1241,0.0,-0.0008333472224535399,0.5535858178888015,0.0
112254,6.454274237903967,0.5535858178887993,560,681,1241,0.0,-0.0008333472224535399,0.5535858178888015,0.0
112255,6.453440890681513,0.5535858178887993,560,681,1241,0.0,-0.0008333472224535399,0.5535858178888015,0.0
112256,6.452607543459052,0.5535858178887993,560,681,1241,0.0,-0.0008333472224606453,0.5535858178888015,0.0
112257,6.451774196236599,0.5535858178887993,560,681,1241,0.0,-0.0008333472224535399,0.5535858178888015,0.0
112258,6.450940849014145,0.5535858178887993,560,681,1241,0.0,-0.0008333472224535399,0.5535858178888015,0.0
112259,6.450107501791692,0.5535858178887993,560,681,1241,0.0,-0.0008333472224535399,0.5535858178888015,0.0
112260,6.449274154569238,0.5535858178887993,560,681,1241,0.0,-0.0008333472224535399,0.5535858178888015,0.0
112261,6.448440807346785,0.5535858178887993,560,681,1241,0.0,-0.0008333472224535399,0.5535858178888015,0.0
112262,6.447607460124331,0.5535858178887993,560,681,1241,0.0,-0.0008333472224535399,0.5535858178888015,0.0
112263,6.446774112901878,0.5535858178887993,560,681,1241,0.0,-0.0008333472224535399,0.5535858178888015,0.0
112264,6.445940765679424,0.5535858178887993,560,681,1241,0.0,-0.0008333472224535399,0.5535858178888015,0.0
112265,6.4451074184569705,0.5543916196615633,560,681,1241,0.0008058017727639033,-0.0008333472224535399,0.5536663980660779,8.058017727639034e-05
112266,6.444274071234517,0.5543916196615633,560,681,1241,0.0,-0.0008333472224535399,0.5537469782433543,8.058017727639034e-05
112267,6.4434407240120635,0.5543916196615633,560,681,1241,0.0,-0.0008333472224535399,0.5538275584206306,8.058017727639034e-05
112268,6.44260737678961,0.5543916196615633,560,681,1241,0.0,-0.0008333472224535399,0.553908138597907,8.058017727639034e-05
112269,6.441774029567156,0.5535858178887993,560,681,1241,-0.0008058017727639033,-0.0008333472224535399,0.553908138597907,0.0
112270,6.440940682344703,0.5535858178887993,560,681,1241,0.0,-0.0008333472224535399,0.553908138597907,0.0
112271,6.440107335122249,0.5535858178887993,560,681,1241,0.0,-0.0008333472224535399,0.553908138597907,0.0
112272,6.439273987899796,0.5535858178887993,560,681,1241,0.0,-0.0008333472224535399,0.553908138597907,0.0
112273,6.438440640677342,0.5535858178887993,560,681,1241,0.0,-0.0008333472224535399,0.553908138597907,0.0
112274,6.437607293454889,0.5527800161160354,560,681,1241,-0.0008058017727639033,-0.0008333472224535399,0.5538275584206306,-8.058017727639034e-05
112275,6.436773946232435,0.5527800161160354,560,681,1241,0.0,-0.0008333472224535399,0.5536663980660779,-0.00016116035455278067
112276,6.435940599009982,0.5527800161160354,560,681,1241,0.0,-0.0008333472224535399,0.5535052377115249,-0.00016116035455278067
112277,6.435107251787528,0.5527800161160354,560,681,1241,0.0,-0.0008333472224535399,0.5533440773569721,-0.00016116035455278067
112278,6.4342739045650745,0.5527800161160354,560,681,1241,0.0,-0.0008333472224535399,0.5531829170024192,-0.00016116035455278067
112279,6.433440557342621,0.5527800161160354,560,681,1241,0.0,-0.0008333472224535399,0.5531023368251428,-8.058017727639034e-05
112280,6.4326072101201675,0.5527800161160354,560,681,1241,0.0,-0.0008333472224535399,0.5530217566478665,-8.058017727639034e-05
112281,6.431773862897714,0.5527800161160354,560,681,1241,0.0,-0.0008333472224535399,0.55294117647059,-8.058017727639034e-05
112282,6.43094051567526,0.5527800161160354,560,681,1241,0.0,-0.0008333472224535399,0.5528605962933137,-8.058017727639034e-05
112283,6.430107168452807,0.5527800161160354,560,681,1241,0.0,-0.0008333472224535399,0.5527800161160374,-8.058017727639034e-05
112284,6.429273821230353,0.5527800161160354,560,681,1241,0.0,-0.0008333472224535399,0.5527800161160374,0.0
112285,6.4284404740079,0.5527800161160354,560,681,1241,0.0,-0.0008333472224535399,0.5527800161160374,0.0
112286,6.427607126785446,0.5527800161160354,560,681,1241,0.0,-0.0008333472224535399,0.5527800161160374,0.0
112287,6.426773779562993,0.5527800161160354,560,681,1241,0.0,-0.0008333472224535399,0.5527800161160374,0.0
112288,6.425940432340539,0.5527800161160354,560,681,1241,0.0,-0.0008333472224535399,0.5527800161160374,0.0
112289,6.425107085118086,0.5527800161160354,560,681,1241,0.0,-0.0008333472224535399,0.5527800161160374,0.0
112290,6.424273737895632,0.5527800161160354,560,681,1241,0.0,-0.0008333472224535399,0.5527800161160374,0.0
112291,6.4234403906731785,0.5527800161160354,560,681,1241,0.0,-0.0008333472224535399,0.5527800161160374,0.0
112292,6.422607043450725,0.5527800161160354,560,681,1241,0.0,-0.0008333472224535399,0.5527800161160374,0.0
112293,6.421773696228271,0.5527800161160354,560,681,1241,0.0,-0.0008333472224535399,0.5527800161160374,0.0
112294,6.420940349005818,0.5527800161160354,560,681,1241,0.0,-0.0008333472224535399,0.5527800161160374,0.0
112295,6.420107001783364,0.5527800161160354,560,681,1241,0.0,-0.0008333472224535399,0.5527800161160374,0.0
112296,6.419273654560911,0.5527800161160354,560,681,1241,0.0,-0.0008333472224535399,0.5527800161160374,0.0
112297,6.418440307338457,0.5527800161160354,560,681,1241,0.0,-0.0008333472224535399,0.5527800161160374,0.0
112298,6.417606960115997,0.5527800161160354,560,681,1241,0.0,-0.0008333472224606453,0.5527800161160374,0.0
112299,6.416773612893543,0.5527800161160354,560,681,1241,0.0,-0.0008333472224535399,0.5527800161160374,0.0
112300,6.4159402656710895,0.5527800161160354,560,681,1241,0.0,-0.0008333472224535399,0.5527800161160374,0.0
112301,6.415106918448636,0.5527800161160354,560,681,1241,0.0,-0.0008333472224535399,0.5527800161160374,0.0
112302,6.4142735712261825,0.5535858178887993,560,681,1241,0.0008058017727639033,-0.0008333472224535399,0.5528605962933139,8.058017727639034e-05
112303,6.413440224003729,0.5535858178887993,560,681,1241,0.0,-0.0008333472224535399,0.5529411764705902,8.058017727639034e-05
112304,6.412606876781275,0.5535858178887993,560,681,1241,0.0,-0.0008333472224535399,0.5530217566478666,8.058017727639034e-05
112305,6.411773529558822,0.5535858178887993,560,681,1241,0.0,-0.0008333472224535399,0.5531023368251429,8.058017727639034e-05
112306,6.410940182336368,0.5535858178887993,560,681,1241,0.0,-0.0008333472224535399,0.5531829170024192,8.058017727639034e-05
112307,6.410106835113915,0.5535858178887993,560,681,1241,0.0,-0.0008333472224535399,0.5532634971796956,8.058017727639034e-05
112308,6.409273487891461,0.5535858178887993,560,681,1241,0.0,-0.0008333472224535399,0.5533440773569719,8.058017727639034e-05
112309,6.408440140669008,0.5535858178887993,560,681,1241,0.0,-0.0008333472224535399,0.5534246575342483,8.058017727639034e-05
112310,6.407606793446554,0.5535858178887993,560,681,1241,0.0,-0.0008333472224535399,0.5535052377115246,8.058017727639034e-05
112311,6.406773446224101,0.5535858178887993,560,681,1241,0.0,-0.0008333472224535399,0.5535858178888009,8.058017727639034e-05
112312,6.405940099001647,0.5535858178887993,560,681,1241,0.0,-0.0008333472224535399,0.5535858178888009,0.0
112313,6.4051067517791935,0.5535858178887993,560,681,1241,0.0,-0.0008333472224535399,0.5535858178888009,0.0
112314,6.40427340455674,0.5535858178887993,560,681,1241,0.0,-0.0008333472224535399,0.5535858178888009,0.0
112315,6.4034400573342865,0.5535858178887993,560,681,1241,0.0,-0.0008333472224535399,0.5535858178888009,0.0
112316,6.402606710111833,0.5535858178887993,560,681,1241,0.0,-0.0008333472224535399,0.5535858178888009,0.0
112317,6.401773362889379,0.5535858178887993,560,681,1241,0.0,-0.0008333472224535399,0.5535858178888009,0.0
112318,6.400940015666926,0.5535858178887993,560,681,1241,0.0,-0.0008333472224535399,0.5535858178888009,0.0
112319,6.400106668444472,0.5535858178887993,560,681,1241,0.0,-0.0008333472224535399,0.5535858178888009,0.0
112320,6.399273321222019,0.5535858178887993,560,681,1241,0.0,-0.0008333472224535399,0.5535858178888009,0.0
112321,6.398439973999565,0.5535858178887993,560,681,1241,0.0,-0.0008333472224535399,0.5535858178888009,0.0
112322,6.397606626777112,0.5535858178887993,560,681,1241,0.0,-0.0008333472224535399,0.5535858178888009,0.0
112323,6.396773279554658,0.5527800161160354,560,681,1241,-0.0008058017727639033,-0.0008333472224535399,0.5535052377115245,-8.058017727639034e-05
112324,6.395939932332205,0.5527800161160354,560,681,1241,0.0,-0.0008333472224535399,0.5534246575342482,-8.058017727639034e-05
112325,6.395106585109751,0.5527800161160354,560,681,1241,0.0,-0.0008333472224535399,0.5533440773569718,-8.058017727639034e-05
112326,6.3942732378872975,0.5527800161160354,560,681,1241,0.0,-0.0008333472224535399,0.5532634971796955,-8.058017727639034e-05
112327,6.393439890664844,0.5527800161160354,560,681,1241,0.0,-0.0008333472224535399,0.5531829170024192,-8.058017727639034e-05
112328,6.39260654344239,0.5527800161160354,560,681,1241,0.0,-0.0008333472224535399,0.5531023368251428,-8.058017727639034e-05
112329,6.391773196219937,0.5527800161160354,560,681,1241,0.0,-0.0008333472224535399,0.5530217566478665,-8.058017727639034e-05
112330,6.390939848997483,0.5527800161160354,560,681,1241,0.0,-0.0008333472224535399,0.55294117647059,-8.058017727639034e-05
112331,6.39010650177503,0.5527800161160354,560,681,1241,0.0,-0.0008333472224535399,0.5528605962933137,-8.058017727639034e-05
112332,6.389273154552576,0.5527800161160354,560,681,1241,0.0,-0.0008333472224535399,0.5527800161160374,-8.058017727639034e-05
112333,6.388439807330123,0.5527800161160354,560,681,1241,0.0,-0.0008333472224535399,0.5527800161160374,0.0
112334,6.387606460107669,0.5527800161160354,560,681,1241,0.0,-0.0008333472224535399,0.5527800161160374,0.0
112335,6.386773112885216,0.5527800161160354,560,681,1241,0.0,-0.0008333472224535399,0.5527800161160374,0.0
112336,6.385939765662762,0.5527800161160354,560,681,1241,0.0,-0.0008333472224535399,0.5527800161160374,0.0
112337,6.385106418440309,0.5527800161160354,560,681,1241,0.0,-0.0008333472224535399,0.5527800161160374,0.0
112338,6.384273071217855,0.5527800161160354,560,681,1241,0.0,-0.0008333472224535399,0.5527800161160374,0.0
112339,6.3834397239954015,0.5527800161160354,560,681,1241,0.0,-0.0008333472224535399,0.5527800161160374,0.0
112340,6.382606376772941,0.5527800161160354,560,681,1241,0.0,-0.0008333472224606453,0.5527800161160374,0.0
112341,6.381773029550487,0.5527800161160354,560,681,1241,0.0,-0.0008333472224535399,0.5527800161160374,0.0
112342,6.380939682328034,0.5527800161160354,560,681,1241,0.0,-0.0008333472224535399,0.5527800161160374,0.0
112343,6.38010633510558,0.5527800161160354,560,681,1241,0.0,-0.0008333472224535399,0.5527800161160374,0.0
112344,6.379272987883127,0.5527800161160354,560,681,1241,0.0,-0.0008333472224535399,0.5527800161160374,0.0
112345,6.378439640660673,0.5527800161160354,560,681,1241,0.0,-0.0008333472224535399,0.5527800161160374,0.0
112346,6.37760629343822,0.5527800161160354,560,681,1241,0.0,-0.0008333472224535399,0.5527800161160374,0.0
112347,6.376772946215766,0.5527800161160354,560,681,1241,0.0,-0.0008333472224535399,0.5527800161160374,0.0
112348,6.3759395989933125,0.5527800161160354,560,681,1241,0.0,-0.0008333472224535399,0.5527800161160374,0.0
112349,6.375106251770859,0.5527800161160354,560,681,1241,0.0,-0.0008333472224535399,0.5527800161160374,0.0
112350,6.3742729045484054,0.5527800161160354,560,681,1241,0.0,-0.0008333472224535399,0.5527800161160374,0.0
112351,6.373439557325952,0.5527800161160354,560,681,1241,0.0,-0.0008333472224535399,0.5527800161160374,0.0
112352,6.372606210103498,0.5527800161160354,560,681,1241,0.0,-0.0008333472224535399,0.5527800161160374,0.0
112353,6.371772862881045,0.5527800161160354,560,681,1241,0.0,-0.0008333472224535399,0.5527800161160374,0.0
112354,6.370939515658591,0.5527800161160354,560,681,1241,0.0,-0.0008333472224535399,0.5527800161160374,0.0
112355,6.370106168436138,0.5527800161160354,560,681,1241,0.0,-0.0008333472224535399,0.5527800161160374,0.0
112356,6.369272821213684,0.5527800161160354,560,681,1241,0.0,-0.0008333472224535399,0.5527800161160374,0.0
112357,6.368439473991231,0.5527800161160354,560,681,1241,0.0,-0.0008333472224535399,0.5527800161160374,0.0
112358,6.367606126768777,0.5527800161160354,560,681,1241,0.0,-0.0008333472224535399,0.5527800161160374,0.0
112359,6.366772779546324,0.5527800161160354,560,681,1241,0.0,-0.0008333472224535399,0.5527800161160374,0.0
112360,6.36593943232387,0.5527800161160354,560,681,1241,0.0,-0.0008333472224535399,0.5527800161160374,0.0
112361,6.3651060851014165,0.5527800161160354,560,681,1241,0.0,-0.0008333472224535399,0.5527800161160374,0.0
112362,6.364272737878963,0.5527800161160354,560,681,1241,0.0,-0.0008333472224535399,0.5527800161160374,0.0
112363,6.363439390656509,0.5527800161160354,560,681,1241,0.0,-0.0008333472224535399,0.5527800161160374,0.0
112364,6.362606043434056,0.5527800161160354,560,681,1241,0.0,-0.0008333472224535399,0.5527800161160374,0.0
112365,6.361772696211602,0.5527800161160354,560,681,1241,0.0,-0.0008333472224535399,0.5527800161160374,0.0
112366,6.360939348989149,0.5527800161160354,560,681,1241,0.0,-0.0008333472224535399,0.5527800161160374,0.0
112367,6.360106001766695,0.5527800161160354,560,681,1241,0.0,-0.0008333472224535399,0.5527800161160374,0.0
112368,6.359272654544242,0.5527800161160354,560,681,1241,0.0,-0.0008333472224535399,0.5527800161160374,0.0
112369,6.358439307321788,0.5527800161160354,560,681,1241,0.0,-0.0008333472224535399,0.5527800161160374,0.0
112370,6.357605960099335,0.5527800161160354,560,681,1241,0.0,-0.0008333472224535399,0.5527800161160374,0.0
112371,6.356772612876881,0.5527800161160354,560,681,1241,0.0,-0.0008333472224535399,0.5527800161160374,0.0
112372,6.355939265654428,0.5527800161160354,560,681,1241,0.0,-0.0008333472224535399,0.5527800161160374,0.0
112373,6.355105918431974,0.5527800161160354,560,681,1241,0.0,-0.0008333472224535399,0.5527800161160374,0.0
112374,6.3542725712095205,0.5527800161160354,560,681,1241,0.0,-0.0008333472224535399,0.5527800161160374,0.0
112375,6.353439223987067,0.5527800161160354,560,681,1241,0.0,-0.0008333472224535399,0.5527800161160374,0.0
112376,6.352605876764613,0.5527800161160354,560,681,1241,0.0,-0.0008333472224535399,0.5527800161160374,0.0
112377,6.35177252954216,0.5527800161160354,560,681,1241,0.0,-0.0008333472224535399,0.5527800161160374,0.0
112378,6.350939182319706,0.5535858178887993,560,681,1241,0.0008058017727639033,-0.0008333472224535399,0.5528605962933139,8.058017727639034e-05
112379,6.350105835097253,0.5535858178887993,560,681,1241,0.0,-0.0008333472224535399,0.5529411764705902,8.058017727639034e-05
112380,6.349272487874799,0.5535858178887993,560,681,1241,0.0,-0.0008333472224535399,0.5530217566478666,8.058017727639034e-05
112381,6.348439140652346,0.5535858178887993,560,681,1241,0.0,-0.0008333472224535399,0.5531023368251429,8.058017727639034e-05
112382,6.347605793429892,0.5535858178887993,560,681,1241,0.0,-0.0008333472224535399,0.5531829170024192,8.058017727639034e-05
112383,6.3467724462074315,0.5535858178887993,560,681,1241,0.0,-0.0008333472224606453,0.5532634971796956,8.058017727639034e-05
112384,6.345939098984978,0.5535858178887993,560,681,1241,0.0,-0.0008333472224535399,0.5533440773569719,8.058017727639034e-05
112385,6.3451057517625244,0.5535858178887993,560,681,1241,0.0,-0.0008333472224535399,0.5534246575342483,8.058017727639034e-05
112386,6.344272404540071,0.5535858178887993,560,681,1241,0.0,-0.0008333472224535399,0.5535052377115246,8.058017727639034e-05
112387,6.343439057317617,0.5535858178887993,560,681,1241,0.0,-0.0008333472224535399,0.5535858178888009,8.058017727639034e-05
112388,6.342605710095164,0.5527800161160354,560,681,1241,-0.0008058017727639033,-0.0008333472224535399,0.5535052377115245,-8.058017727639034e-05
112389,6.34177236287271,0.5527800161160354,560,681,1241,0.0,-0.0008333472224535399,0.5534246575342482,-8.058017727639034e-05
112390,6.340939015650257,0.5527800161160354,560,681,1241,0.0,-0.0008333472224535399,0.5533440773569718,-8.058017727639034e-05
112391,6.340105668427803,0.5527800161160354,560,681,1241,0.0,-0.0008333472224535399,0.5532634971796955,-8.058017727639034e-05
112392,6.33927232120535,0.5527800161160354,560,681,1241,0.0,-0.0008333472224535399,0.5531829170024192,-8.058017727639034e-05
112393,6.338438973982896,0.5527800161160354,560,681,1241,0.0,-0.0008333472224535399,0.5531023368251428,-8.058017727639034e-05
112394,6.337605626760443,0.5527800161160354,560,681,1241,0.0,-0.0008333472224535399,0.5530217566478665,-8.058017727639034e-05
112395,6.336772279537989,0.5527800161160354,560,681,1241,0.0,-0.0008333472224535399,0.55294117647059,-8.058017727639034e-05
112396,6.3359389323155355,0.5527800161160354,560,681,1241,0.0,-0.0008333472224535399,0.5528605962933137,-8.058017727639034e-05
112397,6.335105585093082,0.5527800161160354,560,681,1241,0.0,-0.0008333472224535399,0.5527800161160374,-8.058017727639034e-05
112398,6.334272237870628,0.5527800161160354,560,681,1241,0.0,-0.0008333472224535399,0.5527800161160374,0.0
112399,6.333438890648175,0.5527800161160354,560,681,1241,0.0,-0.0008333472224535399,0.5527800161160374,0.0
112400,6.332605543425721,0.5527800161160354,560,681,1241,0.0,-0.0008333472224535399,0.5527800161160374,0.0
112401,6.331772196203268,0.5527800161160354,560,681,1241,0.0,-0.0008333472224535399,0.5527800161160374,0.0
112402,6.330938848980814,0.5527800161160354,560,681,1241,0.0,-0.0008333472224535399,0.5527800161160374,0.0
112403,6.330105501758361,0.5527800161160354,560,681,1241,0.0,-0.0008333472224535399,0.5527800161160374,0.0
112404,6.329272154535907,0.5527800161160354,560,681,1241,0.0,-0.0008333472224535399,0.5527800161160374,0.0
112405,6.328438807313454,0.5527800161160354,560,681,1241,0.0,-0.0008333472224535399,0.5527800161160374,0.0
112406,6.327605460091,0.5527800161160354,560,681,1241,0.0,-0.0008333472224535399,0.5527800161160374,0.0
112407,6.326772112868547,0.5527800161160354,560,681,1241,0.0,-0.0008333472224535399,0.5527800161160374,0.0
112408,6.325938765646093,0.5527800161160354,560,681,1241,0.0,-0.0008333472224535399,0.5527800161160374,0.0
112409,6.3251054184236395,0.5527800161160354,560,681,1241,0.0,-0.0008333472224535399,0.5527800161160374,0.0
112410,6.324272071201186,0.5527800161160354,560,681,1241,0.0,-0.0008333472224535399,0.5527800161160374,0.0
112411,6.323438723978732,0.5527800161160354,560,681,1241,0.0,-0.0008333472224535399,0.5527800161160374,0.0
112412,6.322605376756279,0.5527800161160354,560,681,1241,0.0,-0.0008333472224535399,0.5527800161160374,0.0
112413,6.321772029533825,0.5527800161160354,560,681,1241,0.0,-0.0008333472224535399,0.5527800161160374,0.0
112414,6.320938682311372,0.5527800161160354,560,681,1241,0.0,-0.0008333472224535399,0.5527800161160374,0.0
112415,6.320105335088918,0.5527800161160354,560,681,1241,0.0,-0.0008333472224535399,0.5527800161160374,0.0
112416,6.319271987866465,0.5535858178887993,560,681,1241,0.0008058017727639033,-0.0008333472224535399,0.5528605962933139,8.058017727639034e-05
112417,6.318438640644011,0.5535858178887993,560,681,1241,0.0,-0.0008333472224535399,0.5529411764705902,8.058017727639034e-05
112418,6.317605293421558,0.5535858178887993,560,681,1241,0.0,-0.0008333472224535399,0.5530217566478666,8.058017727639034e-05
112419,6.316771946199104,0.5535858178887993,560,681,1241,0.0,-0.0008333472224535399,0.5531023368251429,8.058017727639034e-05
112420,6.3159385989766506,0.5535858178887993,560,681,1241,0.0,-0.0008333472224535399,0.5531829170024192,8.058017727639034e-05
112421,6.315105251754197,0.5535858178887993,560,681,1241,0.0,-0.0008333472224535399,0.5532634971796956,8.058017727639034e-05
112422,6.3142719045317435,0.5535858178887993,560,681,1241,0.0,-0.0008333472224535399,0.5533440773569719,8.058017727639034e-05
112423,6.31343855730929,0.5527800161160354,560,681,1241,-0.0008058017727639033,-0.0008333472224535399,0.5533440773569719,0.0
112424,6.312605210086836,0.5527800161160354,560,681,1241,0.0,-0.0008333472224535399,0.5533440773569719,0.0
112425,6.311771862864376,0.5527800161160354,560,681,1241,0.0,-0.0008333472224606453,0.5533440773569719,0.0
112426,6.310938515641922,0.5527800161160354,560,681,1241,0.0,-0.0008333472224535399,0.5532634971796955,-8.058017727639034e-05
112427,6.310105168419469,0.5527800161160354,560,681,1241,0.0,-0.0008333472224535399,0.5531829170024192,-8.058017727639034e-05
112428,6.309271821197015,0.5527800161160354,560,681,1241,0.0,-0.0008333472224535399,0.5531023368251428,-8.058017727639034e-05
112429,6.308438473974562,0.5527800161160354,560,681,1241,0.0,-0.0008333472224535399,0.5530217566478665,-8.058017727639034e-05
112430,6.307605126752108,0.5527800161160354,560,681,1241,0.0,-0.0008333472224535399,0.55294117647059,-8.058017727639034e-05
112431,6.3067717795296545,0.5527800161160354,560,681,1241,0.0,-0.0008333472224535399,0.5528605962933137,-8.058017727639034e-05
112432,6.305938432307201,0.5527800161160354,560,681,1241,0.0,-0.0008333472224535399,0.5527800161160374,-8.058017727639034e-05
112433,6.305105085084747,0.5527800161160354,560,681,1241,0.0,-0.0008333472224535399,0.5527800161160374,0.0
112434,6.304271737862294,0.5527800161160354,560,681,1241,0.0,-0.0008333472224535399,0.5527800161160374,0.0
112435,6.30343839063984,0.5527800161160354,560,681,1241,0.0,-0.0008333472224535399,0.5527800161160374,0.0
112436,6.302605043417387,0.5527800161160354,560,681,1241,0.0,-0.0008333472224535399,0.5527800161160374,0.0
112437,6.301771696194933,0.5527800161160354,560,681,1241,0.0,-0.0008333472224535399,0.5527800161160374,0.0
112438,6.30093834897248,0.5527800161160354,560,681,1241,0.0,-0.0008333472224535399,0.5527800161160374,0.0
112439,6.300105001750026,0.5527800161160354,560,681,1241,0.0,-0.0008333472224535399,0.5527800161160374,0.0
112440,6.299271654527573,0.5527800161160354,560,681,1241,0.0,-0.0008333472224535399,0.5527800161160374,0.0
112441,6.298438307305119,0.5527800161160354,560,681,1241,0.0,-0.0008333472224535399,0.5527800161160374,0.0
112442,6.297604960082666,0.5527800161160354,560,681,1241,0.0,-0.0008333472224535399,0.5527800161160374,0.0
112443,6.296771612860212,0.5527800161160354,560,681,1241,0.0,-0.0008333472224535399,0.5527800161160374,0.0
112444,6.2959382656377585,0.5527800161160354,560,681,1241,0.0,-0.0008333472224535399,0.5527800161160374,0.0
112445,6.295104918415305,0.5527800161160354,560,681,1241,0.0,-0.0008333472224535399,0.5527800161160374,0.0
112446,6.294271571192851,0.5527800161160354,560,681,1241,0.0,-0.0008333472224535399,0.5527800161160374,0.0
112447,6.293438223970398,0.5527800161160354,560,681,1241,0.0,-0.0008333472224535399,0.5527800161160374,0.0
112448,6.292604876747944,0.5527800161160354,560,681,1241,0.0,-0.0008333472224535399,0.5527800161160374,0.0
112449,6.291771529525491,0.5527800161160354,560,681,1241,0.0,-0.0008333472224535399,0.5527800161160374,0.0
112450,6.290938182303037,0.5527800161160354,560,681,1241,0.0,-0.0008333472224535399,0.5527800161160374,0.0
112451,6.290104835080584,0.5527800161160354,560,681,1241,0.0,-0.0008333472224535399,0.5527800161160374,0.0
112452,6.28927148785813,0.5527800161160354,560,681,1241,0.0,-0.0008333472224535399,0.5527800161160374,0.0
112453,6.288438140635677,0.5527800161160354,560,681,1241,0.0,-0.0008333472224535399,0.5527800161160374,0.0
112454,6.287604793413223,0.5527800161160354,560,681,1241,0.0,-0.0008333472224535399,0.5527800161160374,0.0
112455,6.2867714461907696,0.5527800161160354,560,681,1241,0.0,-0.0008333472224535399,0.5527800161160374,0.0
112456,6.285938098968316,0.5527800161160354,560,681,1241,0.0,-0.0008333472224535399,0.5527800161160374,0.0
112457,6.2851047517458625,0.5527800161160354,560,681,1241,0.0,-0.0008333472224535399,0.5527800161160374,0.0
112458,6.284271404523409,0.5527800161160354,560,681,1241,0.0,-0.0008333472224535399,0.5527800161160374,0.0
112459,6.283438057300955,0.5527800161160354,560,681,1241,0.0,-0.0008333472224535399,0.5527800161160374,0.0
112460,6.282604710078502,0.5527800161160354,560,681,1241,0.0,-0.0008333472224535399,0.5527800161160374,0.0
112461,6.281771362856048,0.5527800161160354,560,681,1241,0.0,-0.0008333472224535399,0.5527800161160374,0.0
112462,6.280938015633595,0.5527800161160354,560,681,1241,0.0,-0.0008333472224535399,0.5527800161160374,0.0
112463,6.280104668411141,0.5519742143432715,560,681,1241,-0.0008058017727639033,-0.0008333472224535399,0.5526994359387611,-8.058017727639034e-05
112464,6.279271321188688,0.5519742143432715,560,681,1241,0.0,-0.0008333472224535399,0.5526188557614848,-8.058017727639034e-05
112465,6.278437973966234,0.5519742143432715,560,681,1241,0.0,-0.0008333472224535399,0.5525382755842084,-8.058017727639034e-05
112466,6.277604626743781,0.5519742143432715,560,681,1241,0.0,-0.0008333472224535399,0.5524576954069321,-8.058017727639034e-05
112467,6.27677127952132,0.5519742143432715,560,681,1241,0.0,-0.0008333472224606453,0.5523771152296557,-8.058017727639034e-05
112468,6.275937932298866,0.5519742143432715,560,681,1241,0.0,-0.0008333472224535399,0.5522965350523794,-8.058017727639034e-05
112469,6.275104585076413,0.5519742143432715,560,681,1241,0.0,-0.0008333472224535399,0.5522159548751031,-8.058017727639034e-05
112470,6.274271237853959,0.5519742143432715,560,681,1241,0.0,-0.0008333472224535399,0.5521353746978267,-8.058017727639034e-05
112471,6.273437890631506,0.5519742143432715,560,681,1241,0.0,-0.0008333472224535399,0.5520547945205504,-8.058017727639034e-05
112472,6.272604543409052,0.5519742143432715,560,681,1241,0.0,-0.0008333472224535399,0.551974214343274,-8.058017727639034e-05
112473,6.271771196186599,0.5519742143432715,560,681,1241,0.0,-0.0008333472224535399,0.551974214343274,0.0
112474,6.270937848964145,0.5519742143432715,560,681,1241,0.0,-0.0008333472224535399,0.551974214343274,0.0
112475,6.270104501741692,0.5519742143432715,560,681,1241,0.0,-0.0008333472224535399,0.551974214343274,0.0
112476,6.269271154519238,0.5519742143432715,560,681,1241,0.0,-0.0008333472224535399,0.551974214343274,0.0
112477,6.268437807296785,0.5519742143432715,560,681,1241,0.0,-0.0008333472224535399,0.551974214343274,0.0
112478,6.267604460074331,0.5519742143432715,560,681,1241,0.0,-0.0008333472224535399,0.551974214343274,0.0
112479,6.2667711128518775,0.5519742143432715,560,681,1241,0.0,-0.0008333472224535399,0.551974214343274,0.0
112480,6.265937765629424,0.5519742143432715,560,681,1241,0.0,-0.0008333472224535399,0.551974214343274,0.0
112481,6.26510441840697,0.5519742143432715,560,681,1241,0.0,-0.0008333472224535399,0.551974214343274,0.0
112482,6.264271071184517,0.5519742143432715,560,681,1241,0.0,-0.0008333472224535399,0.551974214343274,0.0
112483,6.263437723962063,0.5519742143432715,560,681,1241,0.0,-0.0008333472224535399,0.551974214343274,0.0
112484,6.26260437673961,0.5519742143432715,560,681,1241,0.0,-0.0008333472224535399,0.551974214343274,0.0
112485,6.261771029517156,0.5519742143432715,560,681,1241,0.0,-0.0008333472224535399,0.551974214343274,0.0
112486,6.260937682294703,0.5519742143432715,560,681,1241,0.0,-0.0008333472224535399,0.551974214343274,0.0
112487,6.260104335072249,0.5519742143432715,560,681,1241,0.0,-0.0008333472224535399,0.551974214343274,0.0
112488,6.259270987849796,0.5519742143432715,560,681,1241,0.0,-0.0008333472224535399,0.551974214343274,0.0
112489,6.258437640627342,0.5519742143432715,560,681,1241,0.0,-0.0008333472224535399,0.551974214343274,0.0
112490,6.2576042934048886,0.5519742143432715,560,681,1241,0.0,-0.0008333472224535399,0.551974214343274,0.0
112491,6.256770946182435,0.5519742143432715,560,681,1241,0.0,-0.0008333472224535399,0.551974214343274,0.0
112492,6.2559375989599815,0.5519742143432715,560,681,1241,0.0,-0.0008333472224535399,0.551974214343274,0.0
112493,6.255104251737528,0.5519742143432715,560,681,1241,0.0,-0.0008333472224535399,0.551974214343274,0.0
112494,6.254270904515074,0.5519742143432715,560,681,1241,0.0,-0.0008333472224535399,0.551974214343274,0.0
112495,6.253437557292621,0.5519742143432715,560,681,1241,0.0,-0.0008333472224535399,0.551974214343274,0.0
112496,6.252604210070167,0.5519742143432715,560,681,1241,0.0,-0.0008333472224535399,0.551974214343274,0.0
112497,6.251770862847714,0.5519742143432715,560,681,1241,0.0,-0.0008333472224535399,0.551974214343274,0.0
112498,6.25093751562526,0.5519742143432715,560,681,1241,0.0,-0.0008333472224535399,0.551974214343274,0.0
112499,6.250104168402807,0.5519742143432715,560,681,1241,0.0,-0.0008333472224535399,0.551974214343274,0.0
112500,6.249270821180353,0.5519742143432715,560,681,1241,0.0,-0.0008333472224535399,0.551974214343274,0.0
112501,6.2484374739579,0.5519742143432715,560,681,1241,0.0,-0.0008333472224535399,0.551974214343274,0.0
112502,6.247604126735446,0.5519742143432715,560,681,1241,0.0,-0.0008333472224535399,0.551974214343274,0.0
112503,6.2467707795129925,0.5519742143432715,560,681,1241,0.0,-0.0008333472224535399,0.551974214343274,0.0
112504,6.245937432290539,0.5519742143432715,560,681,1241,0.0,-0.0008333472224535399,0.551974214343274,0.0
112505,6.2451040850680855,0.5519742143432715,560,681,1241,0.0,-0.0008333472224535399,0.551974214343274,0.0
112506,6.244270737845632,0.5519742143432715,560,681,1241,0.0,-0.0008333472224535399,0.551974214343274,0.0
112507,6.243437390623178,0.5519742143432715,560,681,1241,0.0,-0.0008333472224535399,0.551974214343274,0.0
112508,6.242604043400725,0.5519742143432715,560,681,1241,0.0,-0.0008333472224535399,0.551974214343274,0.0
112509,6.241770696178271,0.5519742143432715,560,681,1241,0.0,-0.0008333472224535399,0.551974214343274,0.0
112510,6.240937348955811,0.5519742143432715,560,681,1241,0.0,-0.0008333472224606453,0.551974214343274,0.0
112511,6.240104001733357,0.5519742143432715,560,681,1241,0.0,-0.0008333472224535399,0.551974214343274,0.0
112512,6.239270654510904,0.5519742143432715,560,681,1241,0.0,-0.0008333472224535399,0.551974214343274,0.0
112513,6.23843730728845,0.5519742143432715,560,681,1241,0.0,-0.0008333472224535399,0.551974214343274,0.0
112514,6.2376039600659965,0.5519742143432715,560,681,1241,0.0,-0.0008333472224535399,0.551974214343274,0.0
112515,6.236770612843543,0.5519742143432715,560,681,1241,0.0,-0.0008333472224535399,0.551974214343274,0.0
112516,6.235937265621089,0.5519742143432715,560,681,1241,0.0,-0.0008333472224535399,0.551974214343274,0.0
112517,6.235103918398636,0.5519742143432715,560,681,1241,0.0,-0.0008333472224535399,0.551974214343274,0.0
112518,6.234270571176182,0.5519742143432715,560,681,1241,0.0,-0.0008333472224535399,0.551974214343274,0.0
112519,6.233437223953729,0.5519742143432715,560,681,1241,0.0,-0.0008333472224535399,0.551974214343274,0.0
112520,6.232603876731275,0.5519742143432715,560,681,1241,0.0,-0.0008333472224535399,0.551974214343274,0.0
112521,6.231770529508822,0.5519742143432715,560,681,1241,0.0,-0.0008333472224535399,0.551974214343274,0.0
112522,6.230937182286368,0.5519742143432715,560,681,1241,0.0,-0.0008333472224535399,0.551974214343274,0.0
112523,6.230103835063915,0.5519742143432715,560,681,1241,0.0,-0.0008333472224535399,0.551974214343274,0.0
112524,6.229270487841461,0.5519742143432715,560,681,1241,0.0,-0.0008333472224535399,0.551974214343274,0.0
112525,6.2284371406190076,0.5519742143432715,560,681,1241,0.0,-0.0008333472224535399,0.551974214343274,0.0
112526,6.227603793396554,0.5519742143432715,560,681,1241,0.0,-0.0008333472224535399,0.551974214343274,0.0
112527,6.2267704461741005,0.5519742143432715,560,681,1241,0.0,-0.0008333472224535399,0.551974214343274,0.0
112528,6.225937098951647,0.5519742143432715,560,681,1241,0.0,-0.0008333472224535399,0.551974214343274,0.0
112529,6.225103751729193,0.5519742143432715,560,681,1241,0.0,-0.0008333472224535399,0.551974214343274,0.0
112530,6.22427040450674,0.5519742143432715,560,681,1241,0.0,-0.0008333472224535399,0.551974214343274,0.0
112531,6.223437057284286,0.5519742143432715,560,681,1241,0.0,-0.0008333472224535399,0.551974214343274,0.0
112532,6.222603710061833,0.5519742143432715,560,681,1241,0.0,-0.0008333472224535399,0.551974214343274,0.0
112533,6.221770362839379,0.5519742143432715,560,681,1241,0.0,-0.0008333472224535399,0.551974214343274,0.0
112534,6.220937015616926,0.5519742143432715,560,681,1241,0.0,-0.0008333472224535399,0.551974214343274,0.0
112535,6.220103668394472,0.5519742143432715,560,681,1241,0.0,-0.0008333472224535399,0.551974214343274,0.0
112536,6.219270321172019,0.5519742143432715,560,681,1241,0.0,-0.0008333472224535399,0.551974214343274,0.0
112537,6.218436973949565,0.5519742143432715,560,681,1241,0.0,-0.0008333472224535399,0.551974214343274,0.0
112538,6.2176036267271115,0.5519742143432715,560,681,1241,0.0,-0.0008333472224535399,0.551974214343274,0.0
112539,6.216770279504658,0.5519742143432715,560,681,1241,0.0,-0.0008333472224535399,0.551974214343274,0.0
112540,6.2159369322822045,0.5519742143432715,560,681,1241,0.0,-0.0008333472224535399,0.551974214343274,0.0
112541,6.215103585059751,0.5519742143432715,560,681,1241,0.0,-0.0008333472224535399,0.551974214343274,0.0
112542,6.214270237837297,0.5519742143432715,560,681,1241,0.0,-0.0008333472224535399,0.551974214343274,0.0
112543,6.213436890614844,0.5519742143432715,560,681,1241,0.0,-0.0008333472224535399,0.551974214343274,0.0
112544,6.21260354339239,0.5519742143432715,560,681,1241,0.0,-0.0008333472224535399,0.551974214343274,0.0
112545,6.211770196169937,0.5519742143432715,560,681,1241,0.0,-0.0008333472224535399,0.551974214343274,0.0
112546,6.210936848947483,0.5519742143432715,560,681,1241,0.0,-0.0008333472224535399,0.551974214343274,0.0
112547,6.21010350172503,0.5519742143432715,560,681,1241,0.0,-0.0008333472224535399,0.551974214343274,0.0
112548,6.209270154502576,0.5519742143432715,560,681,1241,0.0,-0.0008333472224535399,0.551974214343274,0.0
112549,6.208436807280123,0.5519742143432715,560,681,1241,0.0,-0.0008333472224535399,0.551974214343274,0.0
112550,6.207603460057669,0.5519742143432715,560,681,1241,0.0,-0.0008333472224535399,0.551974214343274,0.0
112551,6.2067701128352155,0.5519742143432715,560,681,1241,0.0,-0.0008333472224535399,0.551974214343274,0.0
112552,6.205936765612755,0.5519742143432715,560,681,1241,0.0,-0.0008333472224606453,0.551974214343274,0.0
112553,6.205103418390301,0.5519742143432715,560,681,1241,0.0,-0.0008333472224535399,0.551974214343274,0.0
112554,6.204270071167848,0.5519742143432715,560,681,1241,0.0,-0.0008333472224535399,0.551974214343274,0.0
112555,6.203436723945394,0.5519742143432715,560,681,1241,0.0,-0.0008333472224535399,0.551974214343274,0.0
112556,6.202603376722941,0.5519742143432715,560,681,1241,0.0,-0.0008333472224535399,0.551974214343274,0.0
112557,6.201770029500487,0.5519742143432715,560,681,1241,0.0,-0.0008333472224535399,0.551974214343274,0.0
112558,6.200936682278034,0.5519742143432715,560,681,1241,0.0,-0.0008333472224535399,0.551974214343274,0.0
112559,6.20010333505558,0.5519742143432715,560,681,1241,0.0,-0.0008333472224535399,0.551974214343274,0.0
112560,6.1992699878331265,0.5519742143432715,560,681,1241,0.0,-0.0008333472224535399,0.551974214343274,0.0
112561,6.198436640610673,0.5519742143432715,560,681,1241,0.0,-0.0008333472224535399,0.551974214343274,0.0
112562,6.1976032933882195,0.5519742143432715,560,681,1241,0.0,-0.0008333472224535399,0.551974214343274,0.0
112563,6.196769946165766,0.5519742143432715,560,681,1241,0.0,-0.0008333472224535399,0.551974214343274,0.0
112564,6.195936598943312,0.5519742143432715,560,681,1241,0.0,-0.0008333472224535399,0.551974214343274,0.0
112565,6.195103251720859,0.5519742143432715,560,681,1241,0.0,-0.0008333472224535399,0.551974214343274,0.0
112566,6.194269904498405,0.5519742143432715,560,681,1241,0.0,-0.0008333472224535399,0.551974214343274,0.0
112567,6.193436557275952,0.5519742143432715,560,681,1241,0.0,-0.0008333472224535399,0.551974214343274,0.0
112568,6.192603210053498,0.5519742143432715,560,681,1241,0.0,-0.0008333472224535399,0.551974214343274,0.0
112569,6.191769862831045,0.5519742143432715,560,681,1241,0.0,-0.0008333472224535399,0.551974214343274,0.0
112570,6.190936515608591,0.5519742143432715,560,681,1241,0.0,-0.0008333472224535399,0.551974214343274,0.0
112571,6.190103168386138,0.5519742143432715,560,681,1241,0.0,-0.0008333472224535399,0.551974214343274,0.0
112572,6.189269821163684,0.5519742143432715,560,681,1241,0.0,-0.0008333472224535399,0.551974214343274,0.0
112573,6.1884364739412305,0.5519742143432715,560,681,1241,0.0,-0.0008333472224535399,0.551974214343274,0.0
112574,6.187603126718777,0.5519742143432715,560,681,1241,0.0,-0.0008333472224535399,0.551974214343274,0.0
112575,6.1867697794963235,0.5519742143432715,560,681,1241,0.0,-0.0008333472224535399,0.551974214343274,0.0
112576,6.18593643227387,0.5519742143432715,560,681,1241,0.0,-0.0008333472224535399,0.551974214343274,0.0
112577,6.185103085051416,0.5519742143432715,560,681,1241,0.0,-0.0008333472224535399,0.551974214343274,0.0
112578,6.184269737828963,0.5519742143432715,560,681,1241,0.0,-0.0008333472224535399,0.551974214343274,0.0
112579,6.183436390606509,0.5519742143432715,560,681,1241,0.0,-0.0008333472224535399,0.551974214343274,0.0
112580,6.182603043384056,0.5519742143432715,560,681,1241,0.0,-0.0008333472224535399,0.551974214343274,0.0
112581,6.181769696161602,0.5519742143432715,560,681,1241,0.0,-0.0008333472224535399,0.551974214343274,0.0
112582,6.180936348939149,0.5519742143432715,560,681,1241,0.0,-0.0008333472224535399,0.551974214343274,0.0
112583,6.180103001716695,0.5519742143432715,560,681,1241,0.0,-0.0008333472224535399,0.551974214343274,0.0
112584,6.179269654494242,0.5519742143432715,560,681,1241,0.0,-0.0008333472224535399,0.551974214343274,0.0
112585,6.178436307271788,0.5519742143432715,560,681,1241,0.0,-0.0008333472224535399,0.551974214343274,0.0
112586,6.1776029600493345,0.5527800161160354,560,681,1241,0.0008058017727639033,-0.0008333472224535399,0.5520547945205504,8.058017727639034e-05
112587,6.176769612826881,0.5527800161160354,560,681,1241,0.0,-0.0008333472224535399,0.5521353746978267,8.058017727639034e-05
112588,6.175936265604427,0.5527800161160354,560,681,1241,0.0,-0.0008333472224535399,0.5522159548751031,8.058017727639034e-05
112589,6.175102918381974,0.5527800161160354,560,681,1241,0.0,-0.0008333472224535399,0.5522965350523794,8.058017727639034e-05
112590,6.17426957115952,0.5519742143432715,560,681,1241,-0.0008058017727639033,-0.0008333472224535399,0.5522965350523794,0.0
112591,6.173436223937067,0.5519742143432715,560,681,1241,0.0,-0.0008333472224535399,0.5522965350523794,0.0
112592,6.172602876714613,0.5519742143432715,560,681,1241,0.0,-0.0008333472224535399,0.5522965350523794,0.0
112593,6.17176952949216,0.5519742143432715,560,681,1241,0.0,-0.0008333472224535399,0.5522965350523794,0.0
112594,6.170936182269706,0.5519742143432715,560,681,1241,0.0,-0.0008333472224535399,0.5522965350523794,0.0
112595,6.1701028350472455,0.5519742143432715,560,681,1241,0.0,-0.0008333472224606453,0.5522965350523794,0.0
112596,6.169269487824792,0.5519742143432715,560,681,1241,0.0,-0.0008333472224535399,0.5522159548751031,-8.058017727639034e-05
112597,6.1684361406023385,0.5519742143432715,560,681,1241,0.0,-0.0008333472224535399,0.5521353746978267,-8.058017727639034e-05
112598,6.167602793379885,0.5519742143432715,560,681,1241,0.0,-0.0008333472224535399,0.5520547945205504,-8.058017727639034e-05
112599,6.166769446157431,0.5519742143432715,560,681,1241,0.0,-0.0008333472224535399,0.551974214343274,-8.058017727639034e-05
112600,6.165936098934978,0.5519742143432715,560,681,1241,0.0,-0.0008333472224535399,0.551974214343274,0.0
112601,6.165102751712524,0.5519742143432715,560,681,1241,0.0,-0.0008333472224535399,0.551974214343274,0.0
112602,6.164269404490071,0.5519742143432715,560,681,1241,0.0,-0.0008333472224535399,0.551974214343274,0.0
112603,6.163436057267617,0.5519742143432715,560,681,1241,0.0,-0.0008333472224535399,0.551974214343274,0.0
112604,6.162602710045164,0.5519742143432715,560,681,1241,0.0,-0.0008333472224535399,0.551974214343274,0.0
112605,6.16176936282271,0.5519742143432715,560,681,1241,0.0,-0.0008333472224535399,0.551974214343274,0.0
112606,6.160936015600257,0.5519742143432715,560,681,1241,0.0,-0.0008333472224535399,0.551974214343274,0.0
112607,6.160102668377803,0.5519742143432715,560,681,1241,0.0,-0.0008333472224535399,0.551974214343274,0.0
112608,6.1592693211553495,0.5519742143432715,560,681,1241,0.0,-0.0008333472224535399,0.551974214343274,0.0
112609,6.158435973932896,0.5519742143432715,560,681,1241,0.0,-0.0008333472224535399,0.551974214343274,0.0
112610,6.1576026267104425,0.5519742143432715,560,681,1241,0.0,-0.0008333472224535399,0.551974214343274,0.0
112611,6.156769279487989,0.5519742143432715,560,681,1241,0.0,-0.0008333472224535399,0.551974214343274,0.0
112612,6.155935932265535,0.5519742143432715,560,681,1241,0.0,-0.0008333472224535399,0.551974214343274,0.0
112613,6.155102585043082,0.5519742143432715,560,681,1241,0.0,-0.0008333472224535399,0.551974214343274,0.0
112614,6.154269237820628,0.5519742143432715,560,681,1241,0.0,-0.0008333472224535399,0.551974214343274,0.0
112615,6.153435890598175,0.5519742143432715,560,681,1241,0.0,-0.0008333472224535399,0.551974214343274,0.0
112616,6.152602543375721,0.5519742143432715,560,681,1241,0.0,-0.0008333472224535399,0.551974214343274,0.0
112617,6.151769196153268,0.5519742143432715,560,681,1241,0.0,-0.0008333472224535399,0.551974214343274,0.0
112618,6.150935848930814,0.5519742143432715,560,681,1241,0.0,-0.0008333472224535399,0.551974214343274,0.0
112619,6.150102501708361,0.5519742143432715,560,681,1241,0.0,-0.0008333472224535399,0.551974214343274,0.0
112620,6.149269154485907,0.5519742143432715,560,681,1241,0.0,-0.0008333472224535399,0.551974214343274,0.0
112621,6.1484358072634535,0.5519742143432715,560,681,1241,0.0,-0.0008333472224535399,0.551974214343274,0.0
112622,6.147602460041,0.5519742143432715,560,681,1241,0.0,-0.0008333472224535399,0.551974214343274,0.0
112623,6.146769112818546,0.5519742143432715,560,681,1241,0.0,-0.0008333472224535399,0.551974214343274,0.0
112624,6.145935765596093,0.5519742143432715,560,681,1241,0.0,-0.0008333472224535399,0.551974214343274,0.0
112625,6.145102418373639,0.5519742143432715,560,681,1241,0.0,-0.0008333472224535399,0.551974214343274,0.0
112626,6.144269071151186,0.5519742143432715,560,681,1241,0.0,-0.0008333472224535399,0.551974214343274,0.0
112627,6.143435723928732,0.5519742143432715,560,681,1241,0.0,-0.0008333472224535399,0.551974214343274,0.0
112628,6.142602376706279,0.5519742143432715,560,681,1241,0.0,-0.0008333472224535399,0.551974214343274,0.0
112629,6.141769029483825,0.5519742143432715,560,681,1241,0.0,-0.0008333472224535399,0.551974214343274,0.0
112630,6.140935682261372,0.5519742143432715,560,681,1241,0.0,-0.0008333472224535399,0.551974214343274,0.0
112631,6.140102335038918,0.5519742143432715,560,681,1241,0.0,-0.0008333472224535399,0.551974214343274,0.0
112632,6.139268987816465,0.5519742143432715,560,681,1241,0.0,-0.0008333472224535399,0.551974214343274,0.0
112633,6.138435640594011,0.5519742143432715,560,681,1241,0.0,-0.0008333472224535399,0.551974214343274,0.0
112634,6.1376022933715575,0.5519742143432715,560,681,1241,0.0,-0.0008333472224535399,0.551974214343274,0.0
112635,6.136768946149104,0.5519742143432715,560,681,1241,0.0,-0.0008333472224535399,0.551974214343274,0.0
112636,6.13593559892665,0.5519742143432715,560,681,1241,0.0,-0.0008333472224535399,0.551974214343274,0.0
112637,6.13510225170419,0.5519742143432715,560,681,1241,0.0,-0.0008333472224606453,0.551974214343274,0.0
112638,6.134268904481736,0.5519742143432715,560,681,1241,0.0,-0.0008333472224535399,0.551974214343274,0.0
112639,6.133435557259283,0.5519742143432715,560,681,1241,0.0,-0.0008333472224535399,0.551974214343274,0.0
112640,6.132602210036829,0.5519742143432715,560,681,1241,0.0,-0.0008333472224535399,0.551974214343274,0.0
112641,6.131768862814376,0.5519742143432715,560,681,1241,0.0,-0.0008333472224535399,0.551974214343274,0.0
112642,6.130935515591922,0.5519742143432715,560,681,1241,0.0,-0.0008333472224535399,0.551974214343274,0.0
112643,6.1301021683694685,0.5519742143432715,560,681,1241,0.0,-0.0008333472224535399,0.551974214343274,0.0
112644,6.129268821147015,0.5519742143432715,560,681,1241,0.0,-0.0008333472224535399,0.551974214343274,0.0
112645,6.1284354739245614,0.5519742143432715,560,681,1241,0.0,-0.0008333472224535399,0.551974214343274,0.0
112646,6.127602126702108,0.5519742143432715,560,681,1241,0.0,-0.0008333472224535399,0.551974214343274,0.0
112647,6.126768779479654,0.5519742143432715,560,681,1241,0.0,-0.0008333472224535399,0.551974214343274,0.0
112648,6.125935432257201,0.5519742143432715,560,681,1241,0.0,-0.0008333472224535399,0.551974214343274,0.0
112649,6.125102085034747,0.5519742143432715,560,681,1241,0.0,-0.0008333472224535399,0.551974214343274,0.0
112650,6.124268737812294,0.5519742143432715,560,681,1241,0.0,-0.0008333472224535399,0.551974214343274,0.0
112651,6.12343539058984,0.5519742143432715,560,681,1241,0.0,-0.0008333472224535399,0.551974214343274,0.0
112652,6.122602043367387,0.5519742143432715,560,681,1241,0.0,-0.0008333472224535399,0.551974214343274,0.0
112653,6.121768696144933,0.5519742143432715,560,681,1241,0.0,-0.0008333472224535399,0.551974214343274,0.0
112654,6.12093534892248,0.5519742143432715,560,681,1241,0.0,-0.0008333472224535399,0.551974214343274,0.0
112655,6.120102001700026,0.5519742143432715,560,681,1241,0.0,-0.0008333472224535399,0.551974214343274,0.0
112656,6.1192686544775725,0.5519742143432715,560,681,1241,0.0,-0.0008333472224535399,0.551974214343274,0.0
112657,6.118435307255119,0.5519742143432715,560,681,1241,0.0,-0.0008333472224535399,0.551974214343274,0.0
112658,6.117601960032665,0.5519742143432715,560,681,1241,0.0,-0.0008333472224535399,0.551974214343274,0.0
112659,6.116768612810212,0.5519742143432715,560,681,1241,0.0,-0.0008333472224535399,0.551974214343274,0.0
112660,6.115935265587758,0.5519742143432715,560,681,1241,0.0,-0.0008333472224535399,0.551974214343274,0.0
112661,6.115101918365305,0.5519742143432715,560,681,1241,0.0,-0.0008333472224535399,0.551974214343274,0.0
112662,6.114268571142851,0.5519742143432715,560,681,1241,0.0,-0.0008333472224535399,0.551974214343274,0.0
112663,6.113435223920398,0.5519742143432715,560,681,1241,0.0,-0.0008333472224535399,0.551974214343274,0.0
112664,6.112601876697944,0.5519742143432715,560,681,1241,0.0,-0.0008333472224535399,0.551974214343274,0.0
112665,6.111768529475491,0.5519742143432715,560,681,1241,0.0,-0.0008333472224535399,0.551974214343274,0.0
112666,6.110935182253037,0.5519742143432715,560,681,1241,0.0,-0.0008333472224535399,0.551974214343274,0.0
112667,6.110101835030584,0.5519742143432715,560,681,1241,0.0,-0.0008333472224535399,0.551974214343274,0.0
112668,6.10926848780813,0.5519742143432715,560,681,1241,0.0,-0.0008333472224535399,0.551974214343274,0.0
112669,6.1084351405856765,0.5519742143432715,560,681,1241,0.0,-0.0008333472224535399,0.551974214343274,0.0
112670,6.107601793363223,0.5519742143432715,560,681,1241,0.0,-0.0008333472224535399,0.551974214343274,0.0
112671,6.106768446140769,0.5519742143432715,560,681,1241,0.0,-0.0008333472224535399,0.551974214343274,0.0
112672,6.105935098918316,0.5519742143432715,560,681,1241,0.0,-0.0008333472224535399,0.551974214343274,0.0
112673,6.105101751695862,0.5519742143432715,560,681,1241,0.0,-0.0008333472224535399,0.551974214343274,0.0
112674,6.104268404473409,0.5519742143432715,560,681,1241,0.0,-0.0008333472224535399,0.551974214343274,0.0
112675,6.103435057250955,0.5519742143432715,560,681,1241,0.0,-0.0008333472224535399,0.551974214343274,0.0
112676,6.102601710028502,0.5519742143432715,560,681,1241,0.0,-0.0008333472224535399,0.551974214343274,0.0
112677,6.101768362806048,0.5519742143432715,560,681,1241,0.0,-0.0008333472224535399,0.551974214343274,0.0
112678,6.100935015583595,0.5519742143432715,560,681,1241,0.0,-0.0008333472224535399,0.551974214343274,0.0
112679,6.100101668361134,0.5519742143432715,560,681,1241,0.0,-0.0008333472224606453,0.551974214343274,0.0
112680,6.0992683211386804,0.5519742143432715,560,681,1241,0.0,-0.0008333472224535399,0.551974214343274,0.0
112681,6.098434973916227,0.5519742143432715,560,681,1241,0.0,-0.0008333472224535399,0.551974214343274,0.0
112682,6.097601626693773,0.5519742143432715,560,681,1241,0.0,-0.0008333472224535399,0.551974214343274,0.0
112683,6.09676827947132,0.5519742143432715,560,681,1241,0.0,-0.0008333472224535399,0.551974214343274,0.0
112684,6.095934932248866,0.5527800161160354,560,681,1241,0.0008058017727639033,-0.0008333472224535399,0.5520547945205504,8.058017727639034e-05
112685,6.095101585026413,0.5519742143432715,560,681,1241,-0.0008058017727639033,-0.0008333472224535399,0.5520547945205504,0.0
112686,6.094268237803959,0.5519742143432715,560,681,1241,0.0,-0.0008333472224535399,0.5520547945205504,0.0
112687,6.093434890581506,0.5519742143432715,560,681,1241,0.0,-0.0008333472224535399,0.5520547945205504,0.0
112688,6.092601543359052,0.5519742143432715,560,681,1241,0.0,-0.0008333472224535399,0.5520547945205504,0.0
112689,6.091768196136599,0.5519742143432715,560,681,1241,0.0,-0.0008333472224535399,0.5520547945205504,0.0
112690,6.090934848914145,0.5519742143432715,560,681,1241,0.0,-0.0008333472224535399,0.5520547945205504,0.0
112691,6.0901015016916915,0.5519742143432715,560,681,1241,0.0,-0.0008333472224535399,0.5520547945205504,0.0
112692,6.089268154469238,0.5519742143432715,560,681,1241,0.0,-0.0008333472224535399,0.5520547945205504,0.0
112693,6.088434807246784,0.5519742143432715,560,681,1241,0.0,-0.0008333472224535399,0.5520547945205504,0.0
112694,6.087601460024331,0.5519742143432715,560,681,1241,0.0,-0.0008333472224535399,0.551974214343274,-8.058017727639034e-05
112695,6.086768112801877,0.5519742143432715,560,681,1241,0.0,-0.0008333472224535399,0.551974214343274,0.0
112696,6.085934765579424,0.5519742143432715,560,681,1241,0.0,-0.0008333472224535399,0.551974214343274,0.0
112697,6.08510141835697,0.5519742143432715,560,681,1241,0.0,-0.0008333472224535399,0.551974214343274,0.0
112698,6.084268071134517,0.5519742143432715,560,681,1241,0.0,-0.0008333472224535399,0.551974214343274,0.0
112699,6.083434723912063,0.5519742143432715,560,681,1241,0.0,-0.0008333472224535399,0.551974214343274,0.0
112700,6.08260137668961,0.5519742143432715,560,681,1241,0.0,-0.0008333472224535399,0.551974214343274,0.0
112701,6.081768029467156,0.5519742143432715,560,681,1241,0.0,-0.0008333472224535399,0.551974214343274,0.0
112702,6.080934682244703,0.5519742143432715,560,681,1241,0.0,-0.0008333472224535399,0.551974214343274,0.0
112703,6.080101335022249,0.5519742143432715,560,681,1241,0.0,-0.0008333472224535399,0.551974214343274,0.0
112704,6.0792679877997955,0.5519742143432715,560,681,1241,0.0,-0.0008333472224535399,0.551974214343274,0.0
112705,6.078434640577342,0.5519742143432715,560,681,1241,0.0,-0.0008333472224535399,0.551974214343274,0.0
112706,6.077601293354888,0.5519742143432715,560,681,1241,0.0,-0.0008333472224535399,0.551974214343274,0.0
112707,6.076767946132435,0.5519742143432715,560,681,1241,0.0,-0.0008333472224535399,0.551974214343274,0.0
112708,6.075934598909981,0.5519742143432715,560,681,1241,0.0,-0.0008333472224535399,0.551974214343274,0.0
112709,6.075101251687528,0.5519742143432715,560,681,1241,0.0,-0.0008333472224535399,0.551974214343274,0.0
112710,6.074267904465074,0.5519742143432715,560,681,1241,0.0,-0.0008333472224535399,0.551974214343274,0.0
112711,6.073434557242621,0.5519742143432715,560,681,1241,0.0,-0.0008333472224535399,0.551974214343274,0.0
112712,6.072601210020167,0.5519742143432715,560,681,1241,0.0,-0.0008333472224535399,0.551974214343274,0.0
112713,6.071767862797714,0.5519742143432715,560,681,1241,0.0,-0.0008333472224535399,0.551974214343274,0.0
112714,6.07093451557526,0.5519742143432715,560,681,1241,0.0,-0.0008333472224535399,0.551974214343274,0.0
112715,6.0701011683528066,0.5519742143432715,560,681,1241,0.0,-0.0008333472224535399,0.551974214343274,0.0
112716,6.069267821130353,0.5519742143432715,560,681,1241,0.0,-0.0008333472224535399,0.551974214343274,0.0
112717,6.0684344739078995,0.5519742143432715,560,681,1241,0.0,-0.0008333472224535399,0.551974214343274,0.0
112718,6.067601126685446,0.5519742143432715,560,681,1241,0.0,-0.0008333472224535399,0.551974214343274,0.0
112719,6.066767779462992,0.5519742143432715,560,681,1241,0.0,-0.0008333472224535399,0.551974214343274,0.0
112720,6.065934432240539,0.5519742143432715,560,681,1241,0.0,-0.0008333472224535399,0.551974214343274,0.0
112721,6.065101085018085,0.5519742143432715,560,681,1241,0.0,-0.0008333472224535399,0.551974214343274,0.0
112722,6.064267737795625,0.5519742143432715,560,681,1241,0.0,-0.0008333472224606453,0.551974214343274,0.0
112723,6.063434390573171,0.5519742143432715,560,681,1241,0.0,-0.0008333472224535399,0.551974214343274,0.0
112724,6.062601043350718,0.5519742143432715,560,681,1241,0.0,-0.0008333472224535399,0.551974214343274,0.0
112725,6.061767696128264,0.5519742143432715,560,681,1241,0.0,-0.0008333472224535399,0.551974214343274,0.0
112726,6.0609343489058105,0.5519742143432715,560,681,1241,0.0,-0.0008333472224535399,0.551974214343274,0.0
112727,6.060101001683357,0.5519742143432715,560,681,1241,0.0,-0.0008333472224535399,0.551974214343274,0.0
112728,6.059267654460903,0.5519742143432715,560,681,1241,0.0,-0.0008333472224535399,0.551974214343274,0.0
112729,6.05843430723845,0.5519742143432715,560,681,1241,0.0,-0.0008333472224535399,0.551974214343274,0.0
112730,6.057600960015996,0.5519742143432715,560,681,1241,0.0,-0.0008333472224535399,0.551974214343274,0.0
112731,6.056767612793543,0.5519742143432715,560,681,1241,0.0,-0.0008333472224535399,0.551974214343274,0.0
112732,6.055934265571089,0.5519742143432715,560,681,1241,0.0,-0.0008333472224535399,0.551974214343274,0.0
112733,6.055100918348636,0.5519742143432715,560,681,1241,0.0,-0.0008333472224535399,0.551974214343274,0.0
112734,6.054267571126182,0.5519742143432715,560,681,1241,0.0,-0.0008333472224535399,0.551974214343274,0.0
112735,6.053434223903729,0.5519742143432715,560,681,1241,0.0,-0.0008333472224535399,0.551974214343274,0.0
112736,6.052600876681275,0.5519742143432715,560,681,1241,0.0,-0.0008333472224535399,0.551974214343274,0.0
112737,6.051767529458822,0.5519742143432715,560,681,1241,0.0,-0.0008333472224535399,0.551974214343274,0.0
112738,6.050934182236368,0.5519742143432715,560,681,1241,0.0,-0.0008333472224535399,0.551974214343274,0.0
112739,6.0501008350139145,0.5519742143432715,560,681,1241,0.0,-0.0008333472224535399,0.551974214343274,0.0
112740,6.049267487791461,0.5519742143432715,560,681,1241,0.0,-0.0008333472224535399,0.551974214343274,0.0
112741,6.048434140569007,0.5519742143432715,560,681,1241,0.0,-0.0008333472224535399,0.551974214343274,0.0
112742,6.047600793346554,0.5519742143432715,560,681,1241,0.0,-0.0008333472224535399,0.551974214343274,0.0
112743,6.0467674461241,0.5519742143432715,560,681,1241,0.0,-0.0008333472224535399,0.551974214343274,0.0
112744,6.045934098901647,0.5519742143432715,560,681,1241,0.0,-0.0008333472224535399,0.551974214343274,0.0
112745,6.045100751679193,0.5519742143432715,560,681,1241,0.0,-0.0008333472224535399,0.551974214343274,0.0
112746,6.04426740445674,0.5519742143432715,560,681,1241,0.0,-0.0008333472224535399,0.551974214343274,0.0
112747,6.043434057234286,0.5519742143432715,560,681,1241,0.0,-0.0008333472224535399,0.551974214343274,0.0
112748,6.042600710011833,0.5519742143432715,560,681,1241,0.0,-0.0008333472224535399,0.551974214343274,0.0
112749,6.041767362789379,0.5519742143432715,560,681,1241,0.0,-0.0008333472224535399,0.551974214343274,0.0
112750,6.0409340155669256,0.5519742143432715,560,681,1241,0.0,-0.0008333472224535399,0.551974214343274,0.0
112751,6.040100668344472,0.5519742143432715,560,681,1241,0.0,-0.0008333472224535399,0.551974214343274,0.0
112752,6.0392673211220185,0.5519742143432715,560,681,1241,0.0,-0.0008333472224535399,0.551974214343274,0.0
112753,6.038433973899565,0.5519742143432715,560,681,1241,0.0,-0.0008333472224535399,0.551974214343274,0.0
112754,6.037600626677111,0.5519742143432715,560,681,1241,0.0,-0.0008333472224535399,0.551974214343274,0.0
112755,6.036767279454658,0.5519742143432715,560,681,1241,0.0,-0.0008333472224535399,0.551974214343274,0.0
112756,6.035933932232204,0.5519742143432715,560,681,1241,0.0,-0.0008333472224535399,0.551974214343274,0.0
112757,6.035100585009751,0.5519742143432715,560,681,1241,0.0,-0.0008333472224535399,0.551974214343274,0.0
112758,6.034267237787297,0.5519742143432715,560,681,1241,0.0,-0.0008333472224535399,0.551974214343274,0.0
112759,6.033433890564844,0.5519742143432715,560,681,1241,0.0,-0.0008333472224535399,0.551974214343274,0.0
112760,6.03260054334239,0.5519742143432715,560,681,1241,0.0,-0.0008333472224535399,0.551974214343274,0.0
112761,6.031767196119937,0.5519742143432715,560,681,1241,0.0,-0.0008333472224535399,0.551974214343274,0.0
112762,6.030933848897483,0.5519742143432715,560,681,1241,0.0,-0.0008333472224535399,0.551974214343274,0.0
112763,6.0301005016750295,0.5519742143432715,560,681,1241,0.0,-0.0008333472224535399,0.551974214343274,0.0
112764,6.029267154452569,0.5519742143432715,560,681,1241,0.0,-0.0008333472224606453,0.551974214343274,0.0
112765,6.028433807230115,0.5519742143432715,560,681,1241,0.0,-0.0008333472224535399,0.551974214343274,0.0
112766,6.027600460007662,0.5519742143432715,560,681,1241,0.0,-0.0008333472224535399,0.551974214343274,0.0
112767,6.026767112785208,0.5519742143432715,560,681,1241,0.0,-0.0008333472224535399,0.551974214343274,0.0
112768,6.025933765562755,0.5519742143432715,560,681,1241,0.0,-0.0008333472224535399,0.551974214343274,0.0
112769,6.025100418340301,0.5519742143432715,560,681,1241,0.0,-0.0008333472224535399,0.551974214343274,0.0
112770,6.024267071117848,0.5519742143432715,560,681,1241,0.0,-0.0008333472224535399,0.551974214343274,0.0
112771,6.023433723895394,0.5519742143432715,560,681,1241,0.0,-0.0008333472224535399,0.551974214343274,0.0
112772,6.022600376672941,0.5519742143432715,560,681,1241,0.0,-0.0008333472224535399,0.551974214343274,0.0
112773,6.021767029450487,0.5519742143432715,560,681,1241,0.0,-0.0008333472224535399,0.551974214343274,0.0
112774,6.0209336822280335,0.5519742143432715,560,681,1241,0.0,-0.0008333472224535399,0.551974214343274,0.0
112775,6.02010033500558,0.5519742143432715,560,681,1241,0.0,-0.0008333472224535399,0.551974214343274,0.0
112776,6.019266987783126,0.5519742143432715,560,681,1241,0.0,-0.0008333472224535399,0.551974214343274,0.0
112777,6.018433640560673,0.5519742143432715,560,681,1241,0.0,-0.0008333472224535399,0.551974214343274,0.0
112778,6.017600293338219,0.5519742143432715,560,681,1241,0.0,-0.0008333472224535399,0.551974214343274,0.0
112779,6.016766946115766,0.5519742143432715,560,681,1241,0.0,-0.0008333472224535399,0.551974214343274,0.0
112780,6.015933598893312,0.5519742143432715,560,681,1241,0.0,-0.0008333472224535399,0.551974214343274,0.0
112781,6.015100251670859,0.5519742143432715,560,681,1241,0.0,-0.0008333472224535399,0.551974214343274,0.0
112782,6.014266904448405,0.5519742143432715,560,681,1241,0.0,-0.0008333472224535399,0.551974214343274,0.0
112783,6.013433557225952,0.5519742143432715,560,681,1241,0.0,-0.0008333472224535399,0.551974214343274,0.0
112784,6.012600210003498,0.5519742143432715,560,681,1241,0.0,-0.0008333472224535399,0.551974214343274,0.0
112785,6.0117668627810446,0.5519742143432715,560,681,1241,0.0,-0.0008333472224535399,0.551974214343274,0.0
112786,6.010933515558591,0.5519742143432715,560,681,1241,0.0,-0.0008333472224535399,0.551974214343274,0.0
112787,6.0101001683361375,0.5519742143432715,560,681,1241,0.0,-0.0008333472224535399,0.551974214343274,0.0
112788,6.009266821113684,0.5519742143432715,560,681,1241,0.0,-0.0008333472224535399,0.551974214343274,0.0
112789,6.00843347389123,0.5519742143432715,560,681,1241,0.0,-0.0008333472224535399,0.551974214343274,0.0
112790,6.007600126668777,0.5519742143432715,560,681,1241,0.0,-0.0008333472224535399,0.551974214343274,0.0
112791,6.006766779446323,0.5519742143432715,560,681,1241,0.0,-0.0008333472224535399,0.551974214343274,0.0
112792,6.00593343222387,0.5519742143432715,560,681,1241,0.0,-0.0008333472224535399,0.551974214343274,0.0
112793,6.005100085001416,0.5519742143432715,560,681,1241,0.0,-0.0008333472224535399,0.551974214343274,0.0
112794,6.004266737778963,0.5519742143432715,560,681,1241,0.0,-0.0008333472224535399,0.551974214343274,0.0
112795,6.003433390556509,0.5519742143432715,560,681,1241,0.0,-0.0008333472224535399,0.551974214343274,0.0
112796,6.002600043334056,0.5519742143432715,560,681,1241,0.0,-0.0008333472224535399,0.551974214343274,0.0
112797,6.001766696111602,0.5519742143432715,560,681,1241,0.0,-0.0008333472224535399,0.551974214343274,0.0
112798,6.0009333488891485,0.5519742143432715,560,681,1241,0.0,-0.0008333472224535399,0.551974214343274,0.0
112799,6.000100001666695,0.5519742143432715,560,681,1241,0.0,-0.0008333472224535399,0.551974214343274,0.0
112800,5.9992666544442415,0.5519742143432715,560,681,1241,0.0,-0.0008333472224535399,0.551974214343274,0.0
112801,5.998433307221788,0.5519742143432715,560,681,1241,0.0,-0.0008333472224535399,0.551974214343274,0.0
112802,5.997599959999334,0.5519742143432715,560,681,1241,0.0,-0.0008333472224535399,0.551974214343274,0.0
112803,5.996766612776881,0.5519742143432715,560,681,1241,0.0,-0.0008333472224535399,0.551974214343274,0.0
112804,5.995933265554427,0.5519742143432715,560,681,1241,0.0,-0.0008333472224535399,0.551974214343274,0.0
112805,5.995099918331974,0.5511684125705076,560,681,1241,-0.0008058017727639033,-0.0008333472224535399,0.5518936341659977,-8.058017727639034e-05
112806,5.994266571109513,0.5511684125705076,560,681,1241,0.0,-0.0008333472224606453,0.5518130539887214,-8.058017727639034e-05
112807,5.99343322388706,0.5511684125705076,560,681,1241,0.0,-0.0008333472224535399,0.551732473811445,-8.058017727639034e-05
112808,5.992599876664606,0.5511684125705076,560,681,1241,0.0,-0.0008333472224535399,0.5516518936341687,-8.058017727639034e-05
112809,5.9917665294421525,0.5511684125705076,560,681,1241,0.0,-0.0008333472224535399,0.5515713134568923,-8.058017727639034e-05
112810,5.990933182219699,0.5511684125705076,560,681,1241,0.0,-0.0008333472224535399,0.551490733279616,-8.058017727639034e-05
112811,5.990099834997245,0.5511684125705076,560,681,1241,0.0,-0.0008333472224535399,0.5514101531023397,-8.058017727639034e-05
112812,5.989266487774792,0.5511684125705076,560,681,1241,0.0,-0.0008333472224535399,0.5513295729250632,-8.058017727639034e-05
112813,5.988433140552338,0.5511684125705076,560,681,1241,0.0,-0.0008333472224535399,0.5512489927477869,-8.058017727639034e-05
112814,5.987599793329885,0.5511684125705076,560,681,1241,0.0,-0.0008333472224535399,0.5511684125705105,-8.058017727639034e-05
112815,5.986766446107431,0.5511684125705076,560,681,1241,0.0,-0.0008333472224535399,0.5511684125705105,0.0
112816,5.985933098884978,0.5511684125705076,560,681,1241,0.0,-0.0008333472224535399,0.5511684125705105,0.0
112817,5.985099751662524,0.5511684125705076,560,681,1241,0.0,-0.0008333472224535399,0.5511684125705105,0.0
112818,5.984266404440071,0.5511684125705076,560,681,1241,0.0,-0.0008333472224535399,0.5511684125705105,0.0
112819,5.983433057217617,0.5511684125705076,560,681,1241,0.0,-0.0008333472224535399,0.5511684125705105,0.0
112820,5.9825997099951636,0.5511684125705076,560,681,1241,0.0,-0.0008333472224535399,0.5511684125705105,0.0
112821,5.98176636277271,0.5511684125705076,560,681,1241,0.0,-0.0008333472224535399,0.5511684125705105,0.0
112822,5.9809330155502565,0.5511684125705076,560,681,1241,0.0,-0.0008333472224535399,0.5511684125705105,0.0
112823,5.980099668327803,0.5511684125705076,560,681,1241,0.0,-0.0008333472224535399,0.5511684125705105,0.0
112824,5.979266321105349,0.5511684125705076,560,681,1241,0.0,-0.0008333472224535399,0.5511684125705105,0.0
112825,5.978432973882896,0.5511684125705076,560,681,1241,0.0,-0.0008333472224535399,0.5511684125705105,0.0
112826,5.977599626660442,0.5511684125705076,560,681,1241,0.0,-0.0008333472224535399,0.5511684125705105,0.0
112827,5.976766279437989,0.5511684125705076,560,681,1241,0.0,-0.0008333472224535399,0.5511684125705105,0.0
112828,5.975932932215535,0.5511684125705076,560,681,1241,0.0,-0.0008333472224535399,0.5511684125705105,0.0
112829,5.975099584993082,0.5511684125705076,560,681,1241,0.0,-0.0008333472224535399,0.5511684125705105,0.0
112830,5.974266237770628,0.5511684125705076,560,681,1241,0.0,-0.0008333472224535399,0.5511684125705105,0.0
112831,5.973432890548175,0.5511684125705076,560,681,1241,0.0,-0.0008333472224535399,0.5511684125705105,0.0
112832,5.972599543325721,0.5511684125705076,560,681,1241,0.0,-0.0008333472224535399,0.5511684125705105,0.0
112833,5.9717661961032675,0.5511684125705076,560,681,1241,0.0,-0.0008333472224535399,0.5511684125705105,0.0
112834,5.970932848880814,0.5511684125705076,560,681,1241,0.0,-0.0008333472224535399,0.5511684125705105,0.0
112835,5.9700995016583605,0.5511684125705076,560,681,1241,0.0,-0.0008333472224535399,0.5511684125705105,0.0
112836,5.969266154435907,0.5511684125705076,560,681,1241,0.0,-0.0008333472224535399,0.5511684125705105,0.0
112837,5.968432807213453,0.5511684125705076,560,681,1241,0.0,-0.0008333472224535399,0.5511684125705105,0.0
112838,5.967599459991,0.5511684125705076,560,681,1241,0.0,-0.0008333472224535399,0.5511684125705105,0.0
112839,5.966766112768546,0.5511684125705076,560,681,1241,0.0,-0.0008333472224535399,0.5511684125705105,0.0
112840,5.965932765546093,0.5511684125705076,560,681,1241,0.0,-0.0008333472224535399,0.5511684125705105,0.0
112841,5.965099418323639,0.5511684125705076,560,681,1241,0.0,-0.0008333472224535399,0.5511684125705105,0.0
112842,5.964266071101186,0.5511684125705076,560,681,1241,0.0,-0.0008333472224535399,0.5511684125705105,0.0
112843,5.963432723878732,0.5511684125705076,560,681,1241,0.0,-0.0008333472224535399,0.5511684125705105,0.0
112844,5.962599376656279,0.5511684125705076,560,681,1241,0.0,-0.0008333472224535399,0.5511684125705105,0.0
112845,5.961766029433825,0.5511684125705076,560,681,1241,0.0,-0.0008333472224535399,0.5511684125705105,0.0
112846,5.9609326822113715,0.5511684125705076,560,681,1241,0.0,-0.0008333472224535399,0.5511684125705105,0.0
112847,5.960099334988918,0.5511684125705076,560,681,1241,0.0,-0.0008333472224535399,0.5511684125705105,0.0
112848,5.959265987766464,0.5511684125705076,560,681,1241,0.0,-0.0008333472224535399,0.5511684125705105,0.0
112849,5.958432640544004,0.5511684125705076,560,681,1241,0.0,-0.0008333472224606453,0.5511684125705105,0.0
112850,5.95759929332155,0.5511684125705076,560,681,1241,0.0,-0.0008333472224535399,0.5511684125705105,0.0
112851,5.956765946099097,0.5511684125705076,560,681,1241,0.0,-0.0008333472224535399,0.5511684125705105,0.0
112852,5.955932598876643,0.5511684125705076,560,681,1241,0.0,-0.0008333472224535399,0.5511684125705105,0.0
112853,5.95509925165419,0.5511684125705076,560,681,1241,0.0,-0.0008333472224535399,0.5511684125705105,0.0
112854,5.954265904431736,0.5511684125705076,560,681,1241,0.0,-0.0008333472224535399,0.5511684125705105,0.0
112855,5.9534325572092825,0.5511684125705076,560,681,1241,0.0,-0.0008333472224535399,0.5511684125705105,0.0
112856,5.952599209986829,0.5511684125705076,560,681,1241,0.0,-0.0008333472224535399,0.5511684125705105,0.0
112857,5.9517658627643755,0.5511684125705076,560,681,1241,0.0,-0.0008333472224535399,0.5511684125705105,0.0
112858,5.950932515541922,0.5511684125705076,560,681,1241,0.0,-0.0008333472224535399,0.5511684125705105,0.0
112859,5.950099168319468,0.5511684125705076,560,681,1241,0.0,-0.0008333472224535399,0.5511684125705105,0.0
112860,5.949265821097015,0.5511684125705076,560,681,1241,0.0,-0.0008333472224535399,0.5511684125705105,0.0
112861,5.948432473874561,0.5511684125705076,560,681,1241,0.0,-0.0008333472224535399,0.5511684125705105,0.0
112862,5.947599126652108,0.5511684125705076,560,681,1241,0.0,-0.0008333472224535399,0.5511684125705105,0.0
112863,5.946765779429654,0.5511684125705076,560,681,1241,0.0,-0.0008333472224535399,0.5511684125705105,0.0
112864,5.945932432207201,0.5511684125705076,560,681,1241,0.0,-0.0008333472224535399,0.5511684125705105,0.0
112865,5.945099084984747,0.5511684125705076,560,681,1241,0.0,-0.0008333472224535399,0.5511684125705105,0.0
112866,5.944265737762294,0.5511684125705076,560,681,1241,0.0,-0.0008333472224535399,0.5511684125705105,0.0
112867,5.94343239053984,0.5511684125705076,560,681,1241,0.0,-0.0008333472224535399,0.5511684125705105,0.0
112868,5.9425990433173865,0.5511684125705076,560,681,1241,0.0,-0.0008333472224535399,0.5511684125705105,0.0
112869,5.941765696094933,0.5511684125705076,560,681,1241,0.0,-0.0008333472224535399,0.5511684125705105,0.0
112870,5.9409323488724795,0.5511684125705076,560,681,1241,0.0,-0.0008333472224535399,0.5511684125705105,0.0
112871,5.940099001650026,0.5511684125705076,560,681,1241,0.0,-0.0008333472224535399,0.5511684125705105,0.0
112872,5.939265654427572,0.5511684125705076,560,681,1241,0.0,-0.0008333472224535399,0.5511684125705105,0.0
112873,5.938432307205119,0.5511684125705076,560,681,1241,0.0,-0.0008333472224535399,0.5511684125705105,0.0
112874,5.937598959982665,0.5511684125705076,560,681,1241,0.0,-0.0008333472224535399,0.5511684125705105,0.0
112875,5.936765612760212,0.5511684125705076,560,681,1241,0.0,-0.0008333472224535399,0.5511684125705105,0.0
112876,5.935932265537758,0.5511684125705076,560,681,1241,0.0,-0.0008333472224535399,0.5511684125705105,0.0
112877,5.935098918315305,0.5511684125705076,560,681,1241,0.0,-0.0008333472224535399,0.5511684125705105,0.0
112878,5.934265571092851,0.5511684125705076,560,681,1241,0.0,-0.0008333472224535399,0.5511684125705105,0.0
112879,5.933432223870398,0.5511684125705076,560,681,1241,0.0,-0.0008333472224535399,0.5511684125705105,0.0
112880,5.932598876647944,0.5511684125705076,560,681,1241,0.0,-0.0008333472224535399,0.5511684125705105,0.0
112881,5.9317655294254905,0.5511684125705076,560,681,1241,0.0,-0.0008333472224535399,0.5511684125705105,0.0
112882,5.930932182203037,0.5511684125705076,560,681,1241,0.0,-0.0008333472224535399,0.5511684125705105,0.0
112883,5.930098834980583,0.5511684125705076,560,681,1241,0.0,-0.0008333472224535399,0.5511684125705105,0.0
112884,5.92926548775813,0.5511684125705076,560,681,1241,0.0,-0.0008333472224535399,0.5511684125705105,0.0
112885,5.928432140535676,0.5511684125705076,560,681,1241,0.0,-0.0008333472224535399,0.5511684125705105,0.0
112886,5.927598793313223,0.5511684125705076,560,681,1241,0.0,-0.0008333472224535399,0.5511684125705105,0.0
112887,5.926765446090769,0.5511684125705076,560,681,1241,0.0,-0.0008333472224535399,0.5511684125705105,0.0
112888,5.925932098868316,0.5511684125705076,560,681,1241,0.0,-0.0008333472224535399,0.5511684125705105,0.0
112889,5.925098751645862,0.5511684125705076,560,681,1241,0.0,-0.0008333472224535399,0.5511684125705105,0.0
112890,5.924265404423409,0.5511684125705076,560,681,1241,0.0,-0.0008333472224535399,0.5511684125705105,0.0
112891,5.923432057200948,0.5511684125705076,560,681,1241,0.0,-0.0008333472224606453,0.5511684125705105,0.0
112892,5.9225987099784945,0.5511684125705076,560,681,1241,0.0,-0.0008333472224535399,0.5511684125705105,0.0
112893,5.921765362756041,0.5511684125705076,560,681,1241,0.0,-0.0008333472224535399,0.5511684125705105,0.0
112894,5.920932015533587,0.5511684125705076,560,681,1241,0.0,-0.0008333472224535399,0.5511684125705105,0.0
112895,5.920098668311134,0.5511684125705076,560,681,1241,0.0,-0.0008333472224535399,0.5511684125705105,0.0
112896,5.91926532108868,0.5511684125705076,560,681,1241,0.0,-0.0008333472224535399,0.5511684125705105,0.0
112897,5.918431973866227,0.5511684125705076,560,681,1241,0.0,-0.0008333472224535399,0.5511684125705105,0.0
112898,5.917598626643773,0.5511684125705076,560,681,1241,0.0,-0.0008333472224535399,0.5511684125705105,0.0
112899,5.91676527942132,0.5511684125705076,560,681,1241,0.0,-0.0008333472224535399,0.5511684125705105,0.0
112900,5.915931932198866,0.5511684125705076,560,681,1241,0.0,-0.0008333472224535399,0.5511684125705105,0.0
112901,5.915098584976413,0.5511684125705076,560,681,1241,0.0,-0.0008333472224535399,0.5511684125705105,0.0
112902,5.914265237753959,0.5511684125705076,560,681,1241,0.0,-0.0008333472224535399,0.5511684125705105,0.0
112903,5.9134318905315055,0.5511684125705076,560,681,1241,0.0,-0.0008333472224535399,0.5511684125705105,0.0
112904,5.912598543309052,0.5511684125705076,560,681,1241,0.0,-0.0008333472224535399,0.5511684125705105,0.0
112905,5.9117651960865985,0.5511684125705076,560,681,1241,0.0,-0.0008333472224535399,0.5511684125705105,0.0
112906,5.910931848864145,0.5511684125705076,560,681,1241,0.0,-0.0008333472224535399,0.5511684125705105,0.0
112907,5.910098501641691,0.5511684125705076,560,681,1241,0.0,-0.0008333472224535399,0.5511684125705105,0.0
112908,5.909265154419238,0.5511684125705076,560,681,1241,0.0,-0.0008333472224535399,0.5511684125705105,0.0
112909,5.908431807196784,0.5511684125705076,560,681,1241,0.0,-0.0008333472224535399,0.5511684125705105,0.0
112910,5.907598459974331,0.5511684125705076,560,681,1241,0.0,-0.0008333472224535399,0.5511684125705105,0.0
112911,5.906765112751877,0.5511684125705076,560,681,1241,0.0,-0.0008333472224535399,0.5511684125705105,0.0
112912,5.905931765529424,0.5511684125705076,560,681,1241,0.0,-0.0008333472224535399,0.5511684125705105,0.0
112913,5.90509841830697,0.5511684125705076,560,681,1241,0.0,-0.0008333472224535399,0.5511684125705105,0.0
112914,5.904265071084517,0.5511684125705076,560,681,1241,0.0,-0.0008333472224535399,0.5511684125705105,0.0
112915,5.903431723862063,0.5511684125705076,560,681,1241,0.0,-0.0008333472224535399,0.5511684125705105,0.0
112916,5.9025983766396095,0.5511684125705076,560,681,1241,0.0,-0.0008333472224535399,0.5511684125705105,0.0
112917,5.901765029417156,0.5511684125705076,560,681,1241,0.0,-0.0008333472224535399,0.5511684125705105,0.0
112918,5.900931682194702,0.5511684125705076,560,681,1241,0.0,-0.0008333472224535399,0.5511684125705105,0.0
112919,5.900098334972249,0.5511684125705076,560,681,1241,0.0,-0.0008333472224535399,0.5511684125705105,0.0
112920,5.899264987749795,0.5511684125705076,560,681,1241,0.0,-0.0008333472224535399,0.5511684125705105,0.0
112921,5.898431640527342,0.5511684125705076,560,681,1241,0.0,-0.0008333472224535399,0.5511684125705105,0.0
112922,5.897598293304888,0.5511684125705076,560,681,1241,0.0,-0.0008333472224535399,0.5511684125705105,0.0
112923,5.896764946082435,0.5511684125705076,560,681,1241,0.0,-0.0008333472224535399,0.5511684125705105,0.0
112924,5.895931598859981,0.5511684125705076,560,681,1241,0.0,-0.0008333472224535399,0.5511684125705105,0.0
112925,5.895098251637528,0.5511684125705076,560,681,1241,0.0,-0.0008333472224535399,0.5511684125705105,0.0
112926,5.894264904415074,0.5511684125705076,560,681,1241,0.0,-0.0008333472224535399,0.5511684125705105,0.0
112927,5.893431557192621,0.5511684125705076,560,681,1241,0.0,-0.0008333472224535399,0.5511684125705105,0.0
112928,5.892598209970167,0.5511684125705076,560,681,1241,0.0,-0.0008333472224535399,0.5511684125705105,0.0
112929,5.8917648627477135,0.5511684125705076,560,681,1241,0.0,-0.0008333472224535399,0.5511684125705105,0.0
112930,5.89093151552526,0.5511684125705076,560,681,1241,0.0,-0.0008333472224535399,0.5511684125705105,0.0
112931,5.890098168302806,0.5511684125705076,560,681,1241,0.0,-0.0008333472224535399,0.5511684125705105,0.0
112932,5.889264821080353,0.5511684125705076,560,681,1241,0.0,-0.0008333472224535399,0.5511684125705105,0.0
112933,5.888431473857892,0.5511684125705076,560,681,1241,0.0,-0.0008333472224606453,0.5511684125705105,0.0
112934,5.887598126635439,0.5511684125705076,560,681,1241,0.0,-0.0008333472224535399,0.5511684125705105,0.0
112935,5.886764779412985,0.5511684125705076,560,681,1241,0.0,-0.0008333472224535399,0.5511684125705105,0.0
112936,5.885931432190532,0.5511684125705076,560,681,1241,0.0,-0.0008333472224535399,0.5511684125705105,0.0
112937,5.885098084968078,0.5511684125705076,560,681,1241,0.0,-0.0008333472224535399,0.5511684125705105,0.0
112938,5.8842647377456245,0.5511684125705076,560,681,1241,0.0,-0.0008333472224535399,0.5511684125705105,0.0
112939,5.883431390523171,0.5511684125705076,560,681,1241,0.0,-0.0008333472224535399,0.5511684125705105,0.0
112940,5.8825980433007174,0.5511684125705076,560,681,1241,0.0,-0.0008333472224535399,0.5511684125705105,0.0
112941,5.881764696078264,0.5511684125705076,560,681,1241,0.0,-0.0008333472224535399,0.5511684125705105,0.0
112942,5.88093134885581,0.5511684125705076,560,681,1241,0.0,-0.0008333472224535399,0.5511684125705105,0.0
112943,5.880098001633357,0.5511684125705076,560,681,1241,0.0,-0.0008333472224535399,0.5511684125705105,0.0
112944,5.879264654410903,0.5511684125705076,560,681,1241,0.0,-0.0008333472224535399,0.5511684125705105,0.0
112945,5.87843130718845,0.5511684125705076,560,681,1241,0.0,-0.0008333472224535399,0.5511684125705105,0.0
112946,5.877597959965996,0.5519742143432715,560,681,1241,0.0008058017727639033,-0.0008333472224535399,0.5512489927477869,8.058017727639034e-05
112947,5.876764612743543,0.5519742143432715,560,681,1241,0.0,-0.0008333472224535399,0.5513295729250632,8.058017727639034e-05
112948,5.875931265521089,0.5519742143432715,560,681,1241,0.0,-0.0008333472224535399,0.5514101531023397,8.058017727639034e-05
112949,5.875097918298636,0.5527800161160354,560,681,1241,0.0008058017727639033,-0.0008333472224535399,0.5515713134568923,0.00016116035455278067
112950,5.874264571076182,0.5527800161160354,560,681,1241,0.0,-0.0008333472224535399,0.551732473811445,0.00016116035455278067
112951,5.8734312238537285,0.5527800161160354,560,681,1241,0.0,-0.0008333472224535399,0.5518936341659977,0.00016116035455278067
112952,5.872597876631275,0.5527800161160354,560,681,1241,0.0,-0.0008333472224535399,0.5520547945205504,0.00016116035455278067
112953,5.871764529408821,0.5527800161160354,560,681,1241,0.0,-0.0008333472224535399,0.5522159548751031,0.00016116035455278067
112954,5.870931182186368,0.5527800161160354,560,681,1241,0.0,-0.0008333472224535399,0.5523771152296557,0.00016116035455278067
112955,5.870097834963914,0.5527800161160354,560,681,1241,0.0,-0.0008333472224535399,0.5525382755842084,0.00016116035455278067
112956,5.869264487741461,0.5527800161160354,560,681,1241,0.0,-0.0008333472224535399,0.5526188557614848,8.058017727639034e-05
112957,5.868431140519007,0.5527800161160354,560,681,1241,0.0,-0.0008333472224535399,0.5526994359387611,8.058017727639034e-05
112958,5.867597793296554,0.5527800161160354,560,681,1241,0.0,-0.0008333472224535399,0.5527800161160374,8.058017727639034e-05
112959,5.8667644460741,0.5519742143432715,560,681,1241,-0.0008058017727639033,-0.0008333472224535399,0.5526994359387611,-8.058017727639034e-05
112960,5.865931098851647,0.5519742143432715,560,681,1241,0.0,-0.0008333472224535399,0.5526188557614848,-8.058017727639034e-05
112961,5.865097751629193,0.5519742143432715,560,681,1241,0.0,-0.0008333472224535399,0.5525382755842084,-8.058017727639034e-05
112962,5.86426440440674,0.5519742143432715,560,681,1241,0.0,-0.0008333472224535399,0.5524576954069321,-8.058017727639034e-05
112963,5.863431057184286,0.5519742143432715,560,681,1241,0.0,-0.0008333472224535399,0.5523771152296557,-8.058017727639034e-05
112964,5.8625977099618325,0.5519742143432715,560,681,1241,0.0,-0.0008333472224535399,0.5522965350523794,-8.058017727639034e-05
112965,5.861764362739379,0.5519742143432715,560,681,1241,0.0,-0.0008333472224535399,0.5522159548751031,-8.058017727639034e-05
112966,5.860931015516925,0.5519742143432715,560,681,1241,0.0,-0.0008333472224535399,0.5521353746978267,-8.058017727639034e-05
112967,5.860097668294472,0.5519742143432715,560,681,1241,0.0,-0.0008333472224535399,0.5520547945205504,-8.058017727639034e-05
112968,5.859264321072018,0.5519742143432715,560,681,1241,0.0,-0.0008333472224535399,0.551974214343274,-8.058017727639034e-05
112969,5.858430973849565,0.5519742143432715,560,681,1241,0.0,-0.0008333472224535399,0.551974214343274,0.0
112970,5.857597626627111,0.5519742143432715,560,681,1241,0.0,-0.0008333472224535399,0.551974214343274,0.0
112971,5.856764279404658,0.5519742143432715,560,681,1241,0.0,-0.0008333472224535399,0.551974214343274,0.0
112972,5.855930932182204,0.5511684125705076,560,681,1241,-0.0008058017727639033,-0.0008333472224535399,0.5518936341659977,-8.058017727639034e-05
112973,5.855097584959751,0.5511684125705076,560,681,1241,0.0,-0.0008333472224535399,0.5518130539887214,-8.058017727639034e-05
112974,5.854264237737297,0.5511684125705076,560,681,1241,0.0,-0.0008333472224535399,0.551732473811445,-8.058017727639034e-05
112975,5.8534308905148436,0.5511684125705076,560,681,1241,0.0,-0.0008333472224535399,0.5516518936341687,-8.058017727639034e-05
112976,5.852597543292383,0.5511684125705076,560,681,1241,0.0,-0.0008333472224606453,0.5515713134568923,-8.058017727639034e-05
112977,5.851764196069929,0.5511684125705076,560,681,1241,0.0,-0.0008333472224535399,0.551490733279616,-8.058017727639034e-05
112978,5.850930848847476,0.5511684125705076,560,681,1241,0.0,-0.0008333472224535399,0.5514101531023397,-8.058017727639034e-05
112979,5.850097501625022,0.5511684125705076,560,681,1241,0.0,-0.0008333472224535399,0.5513295729250632,-8.058017727639034e-05
112980,5.849264154402569,0.5511684125705076,560,681,1241,0.0,-0.0008333472224535399,0.5512489927477869,-8.058017727639034e-05
112981,5.848430807180115,0.5511684125705076,560,681,1241,0.0,-0.0008333472224535399,0.5511684125705105,-8.058017727639034e-05
112982,5.847597459957662,0.5511684125705076,560,681,1241,0.0,-0.0008333472224535399,0.5511684125705105,0.0
112983,5.846764112735208,0.5511684125705076,560,681,1241,0.0,-0.0008333472224535399,0.5511684125705105,0.0
112984,5.845930765512755,0.5511684125705076,560,681,1241,0.0,-0.0008333472224535399,0.5511684125705105,0.0
112985,5.845097418290301,0.5511684125705076,560,681,1241,0.0,-0.0008333472224535399,0.5511684125705105,0.0
112986,5.8442640710678475,0.5511684125705076,560,681,1241,0.0,-0.0008333472224535399,0.5511684125705105,0.0
112987,5.843430723845394,0.5511684125705076,560,681,1241,0.0,-0.0008333472224535399,0.5511684125705105,0.0
112988,5.84259737662294,0.5511684125705076,560,681,1241,0.0,-0.0008333472224535399,0.5511684125705105,0.0
112989,5.841764029400487,0.5511684125705076,560,681,1241,0.0,-0.0008333472224535399,0.5511684125705105,0.0
112990,5.840930682178033,0.5511684125705076,560,681,1241,0.0,-0.0008333472224535399,0.5511684125705105,0.0
112991,5.84009733495558,0.5511684125705076,560,681,1241,0.0,-0.0008333472224535399,0.5511684125705105,0.0
112992,5.839263987733126,0.5511684125705076,560,681,1241,0.0,-0.0008333472224535399,0.5511684125705105,0.0
112993,5.838430640510673,0.5511684125705076,560,681,1241,0.0,-0.0008333472224535399,0.5511684125705105,0.0
112994,5.837597293288219,0.5511684125705076,560,681,1241,0.0,-0.0008333472224535399,0.5511684125705105,0.0
112995,5.836763946065766,0.5511684125705076,560,681,1241,0.0,-0.0008333472224535399,0.5511684125705105,0.0
112996,5.835930598843312,0.5511684125705076,560,681,1241,0.0,-0.0008333472224535399,0.5511684125705105,0.0
112997,5.835097251620859,0.5519742143432715,560,681,1241,0.0008058017727639033,-0.0008333472224535399,0.5512489927477869,8.058017727639034e-05
112998,5.834263904398405,0.5519742143432715,560,681,1241,0.0,-0.0008333472224535399,0.5513295729250632,8.058017727639034e-05
112999,5.8334305571759515,0.5519742143432715,560,681,1241,0.0,-0.0008333472224535399,0.5514101531023397,8.058017727639034e-05
113000,5.832597209953498,0.5519742143432715,560,681,1241,0.0,-0.0008333472224535399,0.551490733279616,8.058017727639034e-05
113001,5.831763862731044,0.5527800161160354,560,681,1241,0.0008058017727639033,-0.0008333472224535399,0.5516518936341687,0.00016116035455278067
113002,5.830930515508591,0.5527800161160354,560,681,1241,0.0,-0.0008333472224535399,0.5518130539887214,0.00016116035455278067
113003,5.830097168286137,0.5519742143432715,560,681,1241,-0.0008058017727639033,-0.0008333472224535399,0.5518936341659977,8.058017727639034e-05
113004,5.829263821063684,0.5519742143432715,560,681,1241,0.0,-0.0008333472224535399,0.551974214343274,8.058017727639034e-05
113005,5.82843047384123,0.5519742143432715,560,681,1241,0.0,-0.0008333472224535399,0.5520547945205504,8.058017727639034e-05
113006,5.827597126618777,0.5519742143432715,560,681,1241,0.0,-0.0008333472224535399,0.5521353746978267,8.058017727639034e-05
113007,5.826763779396323,0.5519742143432715,560,681,1241,0.0,-0.0008333472224535399,0.5521353746978267,0.0
113008,5.82593043217387,0.5519742143432715,560,681,1241,0.0,-0.0008333472224535399,0.5521353746978267,0.0
113009,5.825097084951416,0.5519742143432715,560,681,1241,0.0,-0.0008333472224535399,0.5521353746978267,0.0
113010,5.8242637377289626,0.5519742143432715,560,681,1241,0.0,-0.0008333472224535399,0.5521353746978267,0.0
113011,5.823430390506509,0.5519742143432715,560,681,1241,0.0,-0.0008333472224535399,0.5520547945205504,-8.058017727639034e-05
113012,5.8225970432840555,0.5519742143432715,560,681,1241,0.0,-0.0008333472224535399,0.551974214343274,-8.058017727639034e-05
113013,5.821763696061602,0.5519742143432715,560,681,1241,0.0,-0.0008333472224535399,0.551974214343274,0.0
113014,5.820930348839148,0.5519742143432715,560,681,1241,0.0,-0.0008333472224535399,0.551974214343274,0.0
113015,5.820097001616695,0.5519742143432715,560,681,1241,0.0,-0.0008333472224535399,0.551974214343274,0.0
113016,5.819263654394241,0.5519742143432715,560,681,1241,0.0,-0.0008333472224535399,0.551974214343274,0.0
113017,5.818430307171788,0.5519742143432715,560,681,1241,0.0,-0.0008333472224535399,0.551974214343274,0.0
113018,5.817596959949327,0.5519742143432715,560,681,1241,0.0,-0.0008333472224606453,0.551974214343274,0.0
113019,5.816763612726874,0.5519742143432715,560,681,1241,0.0,-0.0008333472224535399,0.551974214343274,0.0
113020,5.81593026550442,0.5519742143432715,560,681,1241,0.0,-0.0008333472224535399,0.551974214343274,0.0
113021,5.8150969182819665,0.5511684125705076,560,681,1241,-0.0008058017727639033,-0.0008333472224535399,0.5518936341659977,-8.058017727639034e-05
113022,5.814263571059513,0.5511684125705076,560,681,1241,0.0,-0.0008333472224535399,0.5518130539887214,-8.058017727639034e-05
113023,5.813430223837059,0.5511684125705076,560,681,1241,0.0,-0.0008333472224535399,0.551732473811445,-8.058017727639034e-05
113024,5.812596876614606,0.5511684125705076,560,681,1241,0.0,-0.0008333472224535399,0.5516518936341687,-8.058017727639034e-05
113025,5.811763529392152,0.5511684125705076,560,681,1241,0.0,-0.0008333472224535399,0.5515713134568923,-8.058017727639034e-05
113026,5.810930182169699,0.5511684125705076,560,681,1241,0.0,-0.0008333472224535399,0.551490733279616,-8.058017727639034e-05
113027,5.810096834947245,0.5511684125705076,560,681,1241,0.0,-0.0008333472224535399,0.5514101531023397,-8.058017727639034e-05
113028,5.809263487724792,0.5511684125705076,560,681,1241,0.0,-0.0008333472224535399,0.5513295729250632,-8.058017727639034e-05
113029,5.808430140502338,0.5511684125705076,560,681,1241,0.0,-0.0008333472224535399,0.5512489927477869,-8.058017727639034e-05
113030,5.807596793279885,0.5511684125705076,560,681,1241,0.0,-0.0008333472224535399,0.5511684125705105,-8.058017727639034e-05
113031,5.806763446057431,0.5511684125705076,560,681,1241,0.0,-0.0008333472224535399,0.5511684125705105,0.0
113032,5.805930098834978,0.5511684125705076,560,681,1241,0.0,-0.0008333472224535399,0.5511684125705105,0.0
113033,5.805096751612524,0.5511684125705076,560,681,1241,0.0,-0.0008333472224535399,0.5511684125705105,0.0
113034,5.8042634043900705,0.5511684125705076,560,681,1241,0.0,-0.0008333472224535399,0.5511684125705105,0.0
113035,5.803430057167617,0.5511684125705076,560,681,1241,0.0,-0.0008333472224535399,0.5511684125705105,0.0
113036,5.802596709945163,0.5511684125705076,560,681,1241,0.0,-0.0008333472224535399,0.5511684125705105,0.0
113037,5.80176336272271,0.5511684125705076,560,681,1241,0.0,-0.0008333472224535399,0.5511684125705105,0.0
113038,5.800930015500256,0.5511684125705076,560,681,1241,0.0,-0.0008333472224535399,0.5511684125705105,0.0
113039,5.800096668277803,0.5511684125705076,560,681,1241,0.0,-0.0008333472224535399,0.5511684125705105,0.0
113040,5.799263321055349,0.5511684125705076,560,681,1241,0.0,-0.0008333472224535399,0.5511684125705105,0.0
113041,5.798429973832896,0.5511684125705076,560,681,1241,0.0,-0.0008333472224535399,0.5511684125705105,0.0
113042,5.797596626610442,0.5511684125705076,560,681,1241,0.0,-0.0008333472224535399,0.5511684125705105,0.0
113043,5.796763279387989,0.5511684125705076,560,681,1241,0.0,-0.0008333472224535399,0.5511684125705105,0.0
113044,5.795929932165535,0.5511684125705076,560,681,1241,0.0,-0.0008333472224535399,0.5511684125705105,0.0
113045,5.7950965849430816,0.5511684125705076,560,681,1241,0.0,-0.0008333472224535399,0.5511684125705105,0.0
113046,5.794263237720628,0.5511684125705076,560,681,1241,0.0,-0.0008333472224535399,0.5511684125705105,0.0
113047,5.7934298904981745,0.5511684125705076,560,681,1241,0.0,-0.0008333472224535399,0.5511684125705105,0.0
113048,5.792596543275721,0.5511684125705076,560,681,1241,0.0,-0.0008333472224535399,0.5511684125705105,0.0
113049,5.791763196053267,0.5511684125705076,560,681,1241,0.0,-0.0008333472224535399,0.5511684125705105,0.0
113050,5.790929848830814,0.5511684125705076,560,681,1241,0.0,-0.0008333472224535399,0.5511684125705105,0.0
113051,5.79009650160836,0.5511684125705076,560,681,1241,0.0,-0.0008333472224535399,0.5511684125705105,0.0
113052,5.789263154385907,0.5511684125705076,560,681,1241,0.0,-0.0008333472224535399,0.5511684125705105,0.0
113053,5.788429807163453,0.5511684125705076,560,681,1241,0.0,-0.0008333472224535399,0.5511684125705105,0.0
113054,5.787596459941,0.5511684125705076,560,681,1241,0.0,-0.0008333472224535399,0.5511684125705105,0.0
113055,5.786763112718546,0.5511684125705076,560,681,1241,0.0,-0.0008333472224535399,0.5511684125705105,0.0
113056,5.785929765496093,0.5511684125705076,560,681,1241,0.0,-0.0008333472224535399,0.5511684125705105,0.0
113057,5.785096418273639,0.5511684125705076,560,681,1241,0.0,-0.0008333472224535399,0.5511684125705105,0.0
113058,5.7842630710511855,0.5511684125705076,560,681,1241,0.0,-0.0008333472224535399,0.5511684125705105,0.0
113059,5.783429723828732,0.5511684125705076,560,681,1241,0.0,-0.0008333472224535399,0.5511684125705105,0.0
113060,5.7825963766062785,0.5511684125705076,560,681,1241,0.0,-0.0008333472224535399,0.5511684125705105,0.0
113061,5.781763029383818,0.5511684125705076,560,681,1241,0.0,-0.0008333472224606453,0.5511684125705105,0.0
113062,5.780929682161364,0.5511684125705076,560,681,1241,0.0,-0.0008333472224535399,0.5511684125705105,0.0
113063,5.780096334938911,0.5511684125705076,560,681,1241,0.0,-0.0008333472224535399,0.5511684125705105,0.0
113064,5.779262987716457,0.5511684125705076,560,681,1241,0.0,-0.0008333472224535399,0.5511684125705105,0.0
113065,5.778429640494004,0.5511684125705076,560,681,1241,0.0,-0.0008333472224535399,0.5511684125705105,0.0
113066,5.77759629327155,0.5511684125705076,560,681,1241,0.0,-0.0008333472224535399,0.5511684125705105,0.0
113067,5.776762946049097,0.5511684125705076,560,681,1241,0.0,-0.0008333472224535399,0.5511684125705105,0.0
113068,5.775929598826643,0.5511684125705076,560,681,1241,0.0,-0.0008333472224535399,0.5511684125705105,0.0
113069,5.7750962516041895,0.5511684125705076,560,681,1241,0.0,-0.0008333472224535399,0.5511684125705105,0.0
113070,5.774262904381736,0.5511684125705076,560,681,1241,0.0,-0.0008333472224535399,0.5511684125705105,0.0
113071,5.773429557159282,0.5511684125705076,560,681,1241,0.0,-0.0008333472224535399,0.5511684125705105,0.0
113072,5.772596209936829,0.5511684125705076,560,681,1241,0.0,-0.0008333472224535399,0.5511684125705105,0.0
113073,5.771762862714375,0.5511684125705076,560,681,1241,0.0,-0.0008333472224535399,0.5511684125705105,0.0
113074,5.770929515491922,0.5511684125705076,560,681,1241,0.0,-0.0008333472224535399,0.5511684125705105,0.0
113075,5.770096168269468,0.5511684125705076,560,681,1241,0.0,-0.0008333472224535399,0.5511684125705105,0.0
113076,5.769262821047015,0.5511684125705076,560,681,1241,0.0,-0.0008333472224535399,0.5511684125705105,0.0
113077,5.768429473824561,0.5511684125705076,560,681,1241,0.0,-0.0008333472224535399,0.5511684125705105,0.0
113078,5.767596126602108,0.5511684125705076,560,681,1241,0.0,-0.0008333472224535399,0.5511684125705105,0.0
113079,5.766762779379654,0.5511684125705076,560,681,1241,0.0,-0.0008333472224535399,0.5511684125705105,0.0
113080,5.7659294321572006,0.5511684125705076,560,681,1241,0.0,-0.0008333472224535399,0.5511684125705105,0.0
113081,5.765096084934747,0.5511684125705076,560,681,1241,0.0,-0.0008333472224535399,0.5511684125705105,0.0
113082,5.7642627377122935,0.5511684125705076,560,681,1241,0.0,-0.0008333472224535399,0.5511684125705105,0.0
113083,5.76342939048984,0.5511684125705076,560,681,1241,0.0,-0.0008333472224535399,0.5511684125705105,0.0
113084,5.762596043267386,0.5511684125705076,560,681,1241,0.0,-0.0008333472224535399,0.5511684125705105,0.0
113085,5.761762696044933,0.5511684125705076,560,681,1241,0.0,-0.0008333472224535399,0.5511684125705105,0.0
113086,5.760929348822479,0.5511684125705076,560,681,1241,0.0,-0.0008333472224535399,0.5511684125705105,0.0
113087,5.760096001600026,0.5511684125705076,560,681,1241,0.0,-0.0008333472224535399,0.5511684125705105,0.0
113088,5.759262654377572,0.5511684125705076,560,681,1241,0.0,-0.0008333472224535399,0.5511684125705105,0.0
113089,5.758429307155119,0.5511684125705076,560,681,1241,0.0,-0.0008333472224535399,0.5511684125705105,0.0
113090,5.757595959932665,0.5511684125705076,560,681,1241,0.0,-0.0008333472224535399,0.5511684125705105,0.0
113091,5.756762612710212,0.5511684125705076,560,681,1241,0.0,-0.0008333472224535399,0.5511684125705105,0.0
113092,5.755929265487758,0.5511684125705076,560,681,1241,0.0,-0.0008333472224535399,0.5511684125705105,0.0
113093,5.7550959182653045,0.5511684125705076,560,681,1241,0.0,-0.0008333472224535399,0.5511684125705105,0.0
113094,5.754262571042851,0.5511684125705076,560,681,1241,0.0,-0.0008333472224535399,0.5511684125705105,0.0
113095,5.7534292238203975,0.5511684125705076,560,681,1241,0.0,-0.0008333472224535399,0.5511684125705105,0.0
113096,5.752595876597944,0.5511684125705076,560,681,1241,0.0,-0.0008333472224535399,0.5511684125705105,0.0
113097,5.75176252937549,0.5511684125705076,560,681,1241,0.0,-0.0008333472224535399,0.5511684125705105,0.0
113098,5.750929182153037,0.5511684125705076,560,681,1241,0.0,-0.0008333472224535399,0.5511684125705105,0.0
113099,5.750095834930583,0.5511684125705076,560,681,1241,0.0,-0.0008333472224535399,0.5511684125705105,0.0
113100,5.74926248770813,0.5511684125705076,560,681,1241,0.0,-0.0008333472224535399,0.5511684125705105,0.0
113101,5.748429140485676,0.5511684125705076,560,681,1241,0.0,-0.0008333472224535399,0.5511684125705105,0.0
113102,5.747595793263223,0.5511684125705076,560,681,1241,0.0,-0.0008333472224535399,0.5511684125705105,0.0
113103,5.746762446040762,0.5511684125705076,560,681,1241,0.0,-0.0008333472224606453,0.5511684125705105,0.0
113104,5.7459290988183085,0.5511684125705076,560,681,1241,0.0,-0.0008333472224535399,0.5511684125705105,0.0
113105,5.745095751595855,0.5511684125705076,560,681,1241,0.0,-0.0008333472224535399,0.5511684125705105,0.0
113106,5.744262404373401,0.5511684125705076,560,681,1241,0.0,-0.0008333472224535399,0.5511684125705105,0.0
113107,5.743429057150948,0.5511684125705076,560,681,1241,0.0,-0.0008333472224535399,0.5511684125705105,0.0
113108,5.742595709928494,0.5511684125705076,560,681,1241,0.0,-0.0008333472224535399,0.5511684125705105,0.0
113109,5.741762362706041,0.5511684125705076,560,681,1241,0.0,-0.0008333472224535399,0.5511684125705105,0.0
113110,5.740929015483587,0.5511684125705076,560,681,1241,0.0,-0.0008333472224535399,0.5511684125705105,0.0
113111,5.740095668261134,0.5511684125705076,560,681,1241,0.0,-0.0008333472224535399,0.5511684125705105,0.0
113112,5.73926232103868,0.5511684125705076,560,681,1241,0.0,-0.0008333472224535399,0.5511684125705105,0.0
113113,5.738428973816227,0.5511684125705076,560,681,1241,0.0,-0.0008333472224535399,0.5511684125705105,0.0
113114,5.737595626593773,0.5511684125705076,560,681,1241,0.0,-0.0008333472224535399,0.5511684125705105,0.0
113115,5.7367622793713196,0.5511684125705076,560,681,1241,0.0,-0.0008333472224535399,0.5511684125705105,0.0
113116,5.735928932148866,0.5511684125705076,560,681,1241,0.0,-0.0008333472224535399,0.5511684125705105,0.0
113117,5.7350955849264125,0.5511684125705076,560,681,1241,0.0,-0.0008333472224535399,0.5511684125705105,0.0
113118,5.734262237703959,0.5511684125705076,560,681,1241,0.0,-0.0008333472224535399,0.5511684125705105,0.0
113119,5.733428890481505,0.5511684125705076,560,681,1241,0.0,-0.0008333472224535399,0.5511684125705105,0.0
113120,5.732595543259052,0.5511684125705076,560,681,1241,0.0,-0.0008333472224535399,0.5511684125705105,0.0
113121,5.731762196036598,0.5511684125705076,560,681,1241,0.0,-0.0008333472224535399,0.5511684125705105,0.0
113122,5.730928848814145,0.5511684125705076,560,681,1241,0.0,-0.0008333472224535399,0.5511684125705105,0.0
113123,5.730095501591691,0.5511684125705076,560,681,1241,0.0,-0.0008333472224535399,0.5511684125705105,0.0
113124,5.729262154369238,0.5511684125705076,560,681,1241,0.0,-0.0008333472224535399,0.5511684125705105,0.0
113125,5.728428807146784,0.5511684125705076,560,681,1241,0.0,-0.0008333472224535399,0.5511684125705105,0.0
113126,5.727595459924331,0.5511684125705076,560,681,1241,0.0,-0.0008333472224535399,0.5511684125705105,0.0
113127,5.726762112701877,0.5511684125705076,560,681,1241,0.0,-0.0008333472224535399,0.5511684125705105,0.0
113128,5.7259287654794235,0.5511684125705076,560,681,1241,0.0,-0.0008333472224535399,0.5511684125705105,0.0
113129,5.72509541825697,0.5511684125705076,560,681,1241,0.0,-0.0008333472224535399,0.5511684125705105,0.0
113130,5.7242620710345165,0.5511684125705076,560,681,1241,0.0,-0.0008333472224535399,0.5511684125705105,0.0
113131,5.723428723812063,0.5511684125705076,560,681,1241,0.0,-0.0008333472224535399,0.5511684125705105,0.0
113132,5.722595376589609,0.5511684125705076,560,681,1241,0.0,-0.0008333472224535399,0.5511684125705105,0.0
113133,5.721762029367156,0.5511684125705076,560,681,1241,0.0,-0.0008333472224535399,0.5511684125705105,0.0
113134,5.720928682144702,0.5511684125705076,560,681,1241,0.0,-0.0008333472224535399,0.5511684125705105,0.0
113135,5.720095334922249,0.5511684125705076,560,681,1241,0.0,-0.0008333472224535399,0.5511684125705105,0.0
113136,5.719261987699795,0.5511684125705076,560,681,1241,0.0,-0.0008333472224535399,0.5511684125705105,0.0
113137,5.718428640477342,0.5511684125705076,560,681,1241,0.0,-0.0008333472224535399,0.5511684125705105,0.0
113138,5.717595293254888,0.5511684125705076,560,681,1241,0.0,-0.0008333472224535399,0.5511684125705105,0.0
113139,5.716761946032435,0.5511684125705076,560,681,1241,0.0,-0.0008333472224535399,0.5511684125705105,0.0
113140,5.715928598809981,0.5511684125705076,560,681,1241,0.0,-0.0008333472224535399,0.5511684125705105,0.0
113141,5.7150952515875275,0.5511684125705076,560,681,1241,0.0,-0.0008333472224535399,0.5511684125705105,0.0
113142,5.714261904365074,0.5511684125705076,560,681,1241,0.0,-0.0008333472224535399,0.5511684125705105,0.0
113143,5.71342855714262,0.5511684125705076,560,681,1241,0.0,-0.0008333472224535399,0.5511684125705105,0.0
113144,5.712595209920167,0.5511684125705076,560,681,1241,0.0,-0.0008333472224535399,0.5511684125705105,0.0
113145,5.711761862697706,0.5511684125705076,560,681,1241,0.0,-0.0008333472224606453,0.5511684125705105,0.0
113146,5.710928515475253,0.5511684125705076,560,681,1241,0.0,-0.0008333472224535399,0.5511684125705105,0.0
113147,5.710095168252799,0.5511684125705076,560,681,1241,0.0,-0.0008333472224535399,0.5511684125705105,0.0
113148,5.709261821030346,0.5511684125705076,560,681,1241,0.0,-0.0008333472224535399,0.5511684125705105,0.0
113149,5.708428473807892,0.5511684125705076,560,681,1241,0.0,-0.0008333472224535399,0.5511684125705105,0.0
113150,5.7075951265854385,0.5511684125705076,560,681,1241,0.0,-0.0008333472224535399,0.5511684125705105,0.0
113151,5.706761779362985,0.5511684125705076,560,681,1241,0.0,-0.0008333472224535399,0.5511684125705105,0.0
113152,5.7059284321405315,0.5511684125705076,560,681,1241,0.0,-0.0008333472224535399,0.5511684125705105,0.0
113153,5.705095084918078,0.5511684125705076,560,681,1241,0.0,-0.0008333472224535399,0.5511684125705105,0.0
113154,5.704261737695624,0.5511684125705076,560,681,1241,0.0,-0.0008333472224535399,0.5511684125705105,0.0
113155,5.703428390473171,0.5511684125705076,560,681,1241,0.0,-0.0008333472224535399,0.5511684125705105,0.0
113156,5.702595043250717,0.5511684125705076,560,681,1241,0.0,-0.0008333472224535399,0.5511684125705105,0.0
113157,5.701761696028264,0.5511684125705076,560,681,1241,0.0,-0.0008333472224535399,0.5511684125705105,0.0
113158,5.70092834880581,0.5511684125705076,560,681,1241,0.0,-0.0008333472224535399,0.5511684125705105,0.0
113159,5.700095001583357,0.5511684125705076,560,681,1241,0.0,-0.0008333472224535399,0.5511684125705105,0.0
113160,5.699261654360903,0.5511684125705076,560,681,1241,0.0,-0.0008333472224535399,0.5511684125705105,0.0
113161,5.69842830713845,0.5511684125705076,560,681,1241,0.0,-0.0008333472224535399,0.5511684125705105,0.0
113162,5.697594959915996,0.5511684125705076,560,681,1241,0.0,-0.0008333472224535399,0.5511684125705105,0.0
113163,5.6967616126935425,0.5511684125705076,560,681,1241,0.0,-0.0008333472224535399,0.5511684125705105,0.0
113164,5.695928265471089,0.5511684125705076,560,681,1241,0.0,-0.0008333472224535399,0.5511684125705105,0.0
113165,5.6950949182486355,0.5511684125705076,560,681,1241,0.0,-0.0008333472224535399,0.5511684125705105,0.0
113166,5.694261571026182,0.5511684125705076,560,681,1241,0.0,-0.0008333472224535399,0.5511684125705105,0.0
113167,5.693428223803728,0.5511684125705076,560,681,1241,0.0,-0.0008333472224535399,0.5511684125705105,0.0
113168,5.692594876581275,0.5511684125705076,560,681,1241,0.0,-0.0008333472224535399,0.5511684125705105,0.0
113169,5.691761529358821,0.5511684125705076,560,681,1241,0.0,-0.0008333472224535399,0.5511684125705105,0.0
113170,5.690928182136368,0.5511684125705076,560,681,1241,0.0,-0.0008333472224535399,0.5511684125705105,0.0
113171,5.690094834913914,0.5511684125705076,560,681,1241,0.0,-0.0008333472224535399,0.5511684125705105,0.0
113172,5.689261487691461,0.5519742143432715,560,681,1241,0.0008058017727639033,-0.0008333472224535399,0.5512489927477869,8.058017727639034e-05
113173,5.688428140469007,0.5519742143432715,560,681,1241,0.0,-0.0008333472224535399,0.5513295729250632,8.058017727639034e-05
113174,5.687594793246554,0.5519742143432715,560,681,1241,0.0,-0.0008333472224535399,0.5514101531023397,8.058017727639034e-05
113175,5.6867614460241,0.5519742143432715,560,681,1241,0.0,-0.0008333472224535399,0.551490733279616,8.058017727639034e-05
113176,5.6859280988016465,0.5519742143432715,560,681,1241,0.0,-0.0008333472224535399,0.5515713134568923,8.058017727639034e-05
113177,5.685094751579193,0.5519742143432715,560,681,1241,0.0,-0.0008333472224535399,0.5516518936341687,8.058017727639034e-05
113178,5.684261404356739,0.5511684125705076,560,681,1241,-0.0008058017727639033,-0.0008333472224535399,0.5516518936341687,0.0
113179,5.683428057134286,0.5511684125705076,560,681,1241,0.0,-0.0008333472224535399,0.5516518936341687,0.0
113180,5.682594709911832,0.5511684125705076,560,681,1241,0.0,-0.0008333472224535399,0.5516518936341687,0.0
113181,5.681761362689379,0.5511684125705076,560,681,1241,0.0,-0.0008333472224535399,0.5516518936341687,0.0
113182,5.680928015466925,0.5511684125705076,560,681,1241,0.0,-0.0008333472224535399,0.5515713134568923,-8.058017727639034e-05
113183,5.680094668244472,0.5511684125705076,560,681,1241,0.0,-0.0008333472224535399,0.551490733279616,-8.058017727639034e-05
113184,5.679261321022018,0.5511684125705076,560,681,1241,0.0,-0.0008333472224535399,0.5514101531023397,-8.058017727639034e-05
113185,5.678427973799565,0.5511684125705076,560,681,1241,0.0,-0.0008333472224535399,0.5513295729250632,-8.058017727639034e-05
113186,5.677594626577111,0.5511684125705076,560,681,1241,0.0,-0.0008333472224535399,0.5512489927477869,-8.058017727639034e-05
113187,5.676761279354658,0.5511684125705076,560,681,1241,0.0,-0.0008333472224535399,0.5511684125705105,-8.058017727639034e-05
113188,5.675927932132197,0.5511684125705076,560,681,1241,0.0,-0.0008333472224606453,0.5511684125705105,0.0
113189,5.675094584909743,0.5511684125705076,560,681,1241,0.0,-0.0008333472224535399,0.5511684125705105,0.0
113190,5.67426123768729,0.5511684125705076,560,681,1241,0.0,-0.0008333472224535399,0.5511684125705105,0.0
113191,5.673427890464836,0.5511684125705076,560,681,1241,0.0,-0.0008333472224535399,0.5511684125705105,0.0
113192,5.672594543242383,0.5511684125705076,560,681,1241,0.0,-0.0008333472224535399,0.5511684125705105,0.0
113193,5.671761196019929,0.5511684125705076,560,681,1241,0.0,-0.0008333472224535399,0.5511684125705105,0.0
113194,5.670927848797476,0.5511684125705076,560,681,1241,0.0,-0.0008333472224535399,0.5511684125705105,0.0
113195,5.670094501575022,0.5511684125705076,560,681,1241,0.0,-0.0008333472224535399,0.5511684125705105,0.0
113196,5.669261154352569,0.5511684125705076,560,681,1241,0.0,-0.0008333472224535399,0.5511684125705105,0.0
113197,5.668427807130115,0.5511684125705076,560,681,1241,0.0,-0.0008333472224535399,0.5511684125705105,0.0
113198,5.6675944599076615,0.5511684125705076,560,681,1241,0.0,-0.0008333472224535399,0.5511684125705105,0.0
113199,5.666761112685208,0.5511684125705076,560,681,1241,0.0,-0.0008333472224535399,0.5511684125705105,0.0
113200,5.6659277654627545,0.5511684125705076,560,681,1241,0.0,-0.0008333472224535399,0.5511684125705105,0.0
113201,5.665094418240301,0.5511684125705076,560,681,1241,0.0,-0.0008333472224535399,0.5511684125705105,0.0
113202,5.664261071017847,0.5511684125705076,560,681,1241,0.0,-0.0008333472224535399,0.5511684125705105,0.0
113203,5.663427723795394,0.5511684125705076,560,681,1241,0.0,-0.0008333472224535399,0.5511684125705105,0.0
113204,5.66259437657294,0.5511684125705076,560,681,1241,0.0,-0.0008333472224535399,0.5511684125705105,0.0
113205,5.661761029350487,0.5511684125705076,560,681,1241,0.0,-0.0008333472224535399,0.5511684125705105,0.0
113206,5.660927682128033,0.5511684125705076,560,681,1241,0.0,-0.0008333472224535399,0.5511684125705105,0.0
113207,5.66009433490558,0.5511684125705076,560,681,1241,0.0,-0.0008333472224535399,0.5511684125705105,0.0
113208,5.659260987683126,0.5511684125705076,560,681,1241,0.0,-0.0008333472224535399,0.5511684125705105,0.0
113209,5.658427640460673,0.5511684125705076,560,681,1241,0.0,-0.0008333472224535399,0.5511684125705105,0.0
113210,5.657594293238219,0.5511684125705076,560,681,1241,0.0,-0.0008333472224535399,0.5511684125705105,0.0
113211,5.6567609460157655,0.5511684125705076,560,681,1241,0.0,-0.0008333472224535399,0.5511684125705105,0.0
113212,5.655927598793312,0.5511684125705076,560,681,1241,0.0,-0.0008333472224535399,0.5511684125705105,0.0
113213,5.655094251570858,0.5511684125705076,560,681,1241,0.0,-0.0008333472224535399,0.5511684125705105,0.0
113214,5.654260904348405,0.5511684125705076,560,681,1241,0.0,-0.0008333472224535399,0.5511684125705105,0.0
113215,5.653427557125951,0.5511684125705076,560,681,1241,0.0,-0.0008333472224535399,0.5511684125705105,0.0
113216,5.652594209903498,0.5511684125705076,560,681,1241,0.0,-0.0008333472224535399,0.5511684125705105,0.0
113217,5.651760862681044,0.5511684125705076,560,681,1241,0.0,-0.0008333472224535399,0.5511684125705105,0.0
113218,5.650927515458591,0.5511684125705076,560,681,1241,0.0,-0.0008333472224535399,0.5511684125705105,0.0
113219,5.650094168236137,0.5511684125705076,560,681,1241,0.0,-0.0008333472224535399,0.5511684125705105,0.0
113220,5.649260821013684,0.5511684125705076,560,681,1241,0.0,-0.0008333472224535399,0.5511684125705105,0.0
113221,5.64842747379123,0.5511684125705076,560,681,1241,0.0,-0.0008333472224535399,0.5511684125705105,0.0
113222,5.647594126568777,0.5511684125705076,560,681,1241,0.0,-0.0008333472224535399,0.5511684125705105,0.0
113223,5.646760779346323,0.5511684125705076,560,681,1241,0.0,-0.0008333472224535399,0.5511684125705105,0.0
113224,5.6459274321238695,0.5511684125705076,560,681,1241,0.0,-0.0008333472224535399,0.5511684125705105,0.0
113225,5.645094084901416,0.5511684125705076,560,681,1241,0.0,-0.0008333472224535399,0.5511684125705105,0.0
113226,5.644260737678962,0.5511684125705076,560,681,1241,0.0,-0.0008333472224535399,0.5511684125705105,0.0
113227,5.643427390456509,0.5511684125705076,560,681,1241,0.0,-0.0008333472224535399,0.5511684125705105,0.0
113228,5.642594043234055,0.5511684125705076,560,681,1241,0.0,-0.0008333472224535399,0.5511684125705105,0.0
113229,5.641760696011602,0.5511684125705076,560,681,1241,0.0,-0.0008333472224535399,0.5511684125705105,0.0
113230,5.640927348789141,0.5511684125705076,560,681,1241,0.0,-0.0008333472224606453,0.5511684125705105,0.0
113231,5.640094001566688,0.5511684125705076,560,681,1241,0.0,-0.0008333472224535399,0.5511684125705105,0.0
113232,5.639260654344234,0.5511684125705076,560,681,1241,0.0,-0.0008333472224535399,0.5511684125705105,0.0
113233,5.6384273071217805,0.5511684125705076,560,681,1241,0.0,-0.0008333472224535399,0.5511684125705105,0.0
113234,5.637593959899327,0.5511684125705076,560,681,1241,0.0,-0.0008333472224535399,0.5511684125705105,0.0
113235,5.6367606126768734,0.5511684125705076,560,681,1241,0.0,-0.0008333472224535399,0.5511684125705105,0.0
113236,5.63592726545442,0.5511684125705076,560,681,1241,0.0,-0.0008333472224535399,0.5511684125705105,0.0
113237,5.635093918231966,0.5511684125705076,560,681,1241,0.0,-0.0008333472224535399,0.5511684125705105,0.0
113238,5.634260571009513,0.5511684125705076,560,681,1241,0.0,-0.0008333472224535399,0.5511684125705105,0.0
113239,5.633427223787059,0.5511684125705076,560,681,1241,0.0,-0.0008333472224535399,0.5511684125705105,0.0
113240,5.632593876564606,0.5511684125705076,560,681,1241,0.0,-0.0008333472224535399,0.5511684125705105,0.0
113241,5.631760529342152,0.5511684125705076,560,681,1241,0.0,-0.0008333472224535399,0.5511684125705105,0.0
113242,5.630927182119699,0.5511684125705076,560,681,1241,0.0,-0.0008333472224535399,0.5511684125705105,0.0
113243,5.630093834897245,0.5511684125705076,560,681,1241,0.0,-0.0008333472224535399,0.5511684125705105,0.0
113244,5.629260487674792,0.5511684125705076,560,681,1241,0.0,-0.0008333472224535399,0.5511684125705105,0.0
113245,5.628427140452338,0.5511684125705076,560,681,1241,0.0,-0.0008333472224535399,0.5511684125705105,0.0
113246,5.6275937932298845,0.5511684125705076,560,681,1241,0.0,-0.0008333472224535399,0.5511684125705105,0.0
113247,5.626760446007431,0.5511684125705076,560,681,1241,0.0,-0.0008333472224535399,0.5511684125705105,0.0
113248,5.625927098784977,0.5511684125705076,560,681,1241,0.0,-0.0008333472224535399,0.5511684125705105,0.0
113249,5.625093751562524,0.5519742143432715,560,681,1241,0.0008058017727639033,-0.0008333472224535399,0.5512489927477869,8.058017727639034e-05
113250,5.62426040434007,0.5519742143432715,560,681,1241,0.0,-0.0008333472224535399,0.5513295729250632,8.058017727639034e-05
113251,5.623427057117617,0.5519742143432715,560,681,1241,0.0,-0.0008333472224535399,0.5514101531023397,8.058017727639034e-05
113252,5.622593709895163,0.5519742143432715,560,681,1241,0.0,-0.0008333472224535399,0.551490733279616,8.058017727639034e-05
113253,5.62176036267271,0.5519742143432715,560,681,1241,0.0,-0.0008333472224535399,0.5515713134568923,8.058017727639034e-05
113254,5.620927015450256,0.5519742143432715,560,681,1241,0.0,-0.0008333472224535399,0.5516518936341687,8.058017727639034e-05
113255,5.620093668227803,0.5519742143432715,560,681,1241,0.0,-0.0008333472224535399,0.551732473811445,8.058017727639034e-05
113256,5.619260321005349,0.5519742143432715,560,681,1241,0.0,-0.0008333472224535399,0.5518130539887214,8.058017727639034e-05
113257,5.618426973782896,0.5519742143432715,560,681,1241,0.0,-0.0008333472224535399,0.5518936341659977,8.058017727639034e-05
113258,5.617593626560442,0.5519742143432715,560,681,1241,0.0,-0.0008333472224535399,0.551974214343274,8.058017727639034e-05
113259,5.6167602793379885,0.5519742143432715,560,681,1241,0.0,-0.0008333472224535399,0.551974214343274,0.0
113260,5.615926932115535,0.5519742143432715,560,681,1241,0.0,-0.0008333472224535399,0.551974214343274,0.0
113261,5.615093584893081,0.5519742143432715,560,681,1241,0.0,-0.0008333472224535399,0.551974214343274,0.0
113262,5.614260237670628,0.5519742143432715,560,681,1241,0.0,-0.0008333472224535399,0.551974214343274,0.0
113263,5.613426890448174,0.5519742143432715,560,681,1241,0.0,-0.0008333472224535399,0.551974214343274,0.0
113264,5.612593543225721,0.5519742143432715,560,681,1241,0.0,-0.0008333472224535399,0.551974214343274,0.0
113265,5.611760196003267,0.5519742143432715,560,681,1241,0.0,-0.0008333472224535399,0.551974214343274,0.0
113266,5.610926848780814,0.5519742143432715,560,681,1241,0.0,-0.0008333472224535399,0.551974214343274,0.0
113267,5.61009350155836,0.5519742143432715,560,681,1241,0.0,-0.0008333472224535399,0.551974214343274,0.0
113268,5.609260154335907,0.5519742143432715,560,681,1241,0.0,-0.0008333472224535399,0.551974214343274,0.0
113269,5.608426807113453,0.5519742143432715,560,681,1241,0.0,-0.0008333472224535399,0.551974214343274,0.0
113270,5.6075934598909996,0.5519742143432715,560,681,1241,0.0,-0.0008333472224535399,0.551974214343274,0.0
113271,5.606760112668546,0.5519742143432715,560,681,1241,0.0,-0.0008333472224535399,0.551974214343274,0.0
113272,5.605926765446085,0.5527800161160354,560,681,1241,0.0008058017727639033,-0.0008333472224606453,0.5520547945205504,8.058017727639034e-05
113273,5.605093418223632,0.5535858178887993,560,681,1241,0.0008058017727639033,-0.0008333472224535399,0.5522159548751031,0.00016116035455278067
113274,5.604260071001178,0.5535858178887993,560,681,1241,0.0,-0.0008333472224535399,0.5523771152296559,0.00016116035455278067
113275,5.603426723778725,0.5535858178887993,560,681,1241,0.0,-0.0008333472224535399,0.5525382755842088,0.00016116035455278067
113276,5.602593376556271,0.5535858178887993,560,681,1241,0.0,-0.0008333472224535399,0.5526994359387615,0.00016116035455278067
113277,5.601760029333818,0.5535858178887993,560,681,1241,0.0,-0.0008333472224535399,0.5528605962933143,0.00016116035455278067
113278,5.600926682111364,0.5535858178887993,560,681,1241,0.0,-0.0008333472224535399,0.553021756647867,0.00016116035455278067
113279,5.600093334888911,0.5535858178887993,560,681,1241,0.0,-0.0008333472224535399,0.5531829170024198,0.00016116035455278067
113280,5.599259987666457,0.5527800161160354,560,681,1241,-0.0008058017727639033,-0.0008333472224535399,0.5532634971796963,8.058017727639034e-05
113281,5.5984266404440035,0.5527800161160354,560,681,1241,0.0,-0.0008333472224535399,0.5533440773569727,8.058017727639034e-05
113282,5.59759329322155,0.5527800161160354,560,681,1241,0.0,-0.0008333472224535399,0.5533440773569727,0.0
113283,5.596759945999096,0.5527800161160354,560,681,1241,0.0,-0.0008333472224535399,0.5532634971796961,-8.058017727639034e-05
113284,5.595926598776643,0.5527800161160354,560,681,1241,0.0,-0.0008333472224535399,0.5531829170024198,-8.058017727639034e-05
113285,5.595093251554189,0.5527800161160354,560,681,1241,0.0,-0.0008333472224535399,0.5531023368251435,-8.058017727639034e-05
113286,5.594259904331736,0.5527800161160354,560,681,1241,0.0,-0.0008333472224535399,0.5530217566478671,-8.058017727639034e-05
113287,5.593426557109282,0.5519742143432715,560,681,1241,-0.0008058017727639033,-0.0008333472224535399,0.5528605962933144,-0.00016116035455278067
113288,5.592593209886829,0.5519742143432715,560,681,1241,0.0,-0.0008333472224535399,0.5526994359387616,-0.00016116035455278067
113289,5.591759862664375,0.5519742143432715,560,681,1241,0.0,-0.0008333472224535399,0.5525382755842088,-0.00016116035455278067
113290,5.590926515441922,0.5519742143432715,560,681,1241,0.0,-0.0008333472224535399,0.5524576954069325,-8.058017727639034e-05
113291,5.590093168219468,0.5519742143432715,560,681,1241,0.0,-0.0008333472224535399,0.5523771152296562,-8.058017727639034e-05
113292,5.589259820997015,0.5519742143432715,560,681,1241,0.0,-0.0008333472224535399,0.5522965350523797,-8.058017727639034e-05
113293,5.588426473774561,0.5519742143432715,560,681,1241,0.0,-0.0008333472224535399,0.5522159548751034,-8.058017727639034e-05
113294,5.5875931265521075,0.5519742143432715,560,681,1241,0.0,-0.0008333472224535399,0.552135374697827,-8.058017727639034e-05
113295,5.586759779329654,0.5519742143432715,560,681,1241,0.0,-0.0008333472224535399,0.5520547945205507,-8.058017727639034e-05
113296,5.5859264321072,0.5519742143432715,560,681,1241,0.0,-0.0008333472224535399,0.5519742143432744,-8.058017727639034e-05
113297,5.585093084884747,0.5519742143432715,560,681,1241,0.0,-0.0008333472224535399,0.5519742143432744,0.0
113298,5.584259737662293,0.5519742143432715,560,681,1241,0.0,-0.0008333472224535399,0.5519742143432744,0.0
113299,5.58342639043984,0.5519742143432715,560,681,1241,0.0,-0.0008333472224535399,0.5519742143432744,0.0
113300,5.582593043217386,0.5519742143432715,560,681,1241,0.0,-0.0008333472224535399,0.5519742143432744,0.0
113301,5.581759695994933,0.5519742143432715,560,681,1241,0.0,-0.0008333472224535399,0.5519742143432744,0.0
113302,5.580926348772479,0.5519742143432715,560,681,1241,0.0,-0.0008333472224535399,0.5519742143432744,0.0
113303,5.580093001550026,0.5519742143432715,560,681,1241,0.0,-0.0008333472224535399,0.5519742143432744,0.0
113304,5.579259654327572,0.5519742143432715,560,681,1241,0.0,-0.0008333472224535399,0.5519742143432744,0.0
113305,5.5784263071051186,0.5519742143432715,560,681,1241,0.0,-0.0008333472224535399,0.5519742143432744,0.0
113306,5.577592959882665,0.5519742143432715,560,681,1241,0.0,-0.0008333472224535399,0.5519742143432744,0.0
113307,5.5767596126602115,0.5519742143432715,560,681,1241,0.0,-0.0008333472224535399,0.5519742143432744,0.0
113308,5.575926265437758,0.5519742143432715,560,681,1241,0.0,-0.0008333472224535399,0.5519742143432744,0.0
113309,5.575092918215304,0.5519742143432715,560,681,1241,0.0,-0.0008333472224535399,0.5519742143432744,0.0
113310,5.574259570992851,0.5519742143432715,560,681,1241,0.0,-0.0008333472224535399,0.5519742143432744,0.0
113311,5.573426223770397,0.5519742143432715,560,681,1241,0.0,-0.0008333472224535399,0.5519742143432744,0.0
113312,5.572592876547944,0.5519742143432715,560,681,1241,0.0,-0.0008333472224535399,0.5519742143432744,0.0
113313,5.57175952932549,0.5519742143432715,560,681,1241,0.0,-0.0008333472224535399,0.5519742143432744,0.0
113314,5.570926182103037,0.5519742143432715,560,681,1241,0.0,-0.0008333472224535399,0.5519742143432744,0.0
113315,5.570092834880576,0.5519742143432715,560,681,1241,0.0,-0.0008333472224606453,0.5519742143432744,0.0
113316,5.5692594876581225,0.5519742143432715,560,681,1241,0.0,-0.0008333472224535399,0.5519742143432744,0.0
113317,5.568426140435669,0.5519742143432715,560,681,1241,0.0,-0.0008333472224535399,0.5519742143432744,0.0
113318,5.567592793213215,0.5519742143432715,560,681,1241,0.0,-0.0008333472224535399,0.5519742143432744,0.0
113319,5.566759445990762,0.5519742143432715,560,681,1241,0.0,-0.0008333472224535399,0.5519742143432744,0.0
113320,5.565926098768308,0.5519742143432715,560,681,1241,0.0,-0.0008333472224535399,0.5519742143432744,0.0
113321,5.565092751545855,0.5519742143432715,560,681,1241,0.0,-0.0008333472224535399,0.5519742143432744,0.0
113322,5.564259404323401,0.5519742143432715,560,681,1241,0.0,-0.0008333472224535399,0.5519742143432744,0.0
113323,5.563426057100948,0.5519742143432715,560,681,1241,0.0,-0.0008333472224535399,0.5519742143432744,0.0
113324,5.562592709878494,0.5519742143432715,560,681,1241,0.0,-0.0008333472224535399,0.5519742143432744,0.0
113325,5.561759362656041,0.5519742143432715,560,681,1241,0.0,-0.0008333472224535399,0.5519742143432744,0.0
113326,5.560926015433587,0.5519742143432715,560,681,1241,0.0,-0.0008333472224535399,0.5519742143432744,0.0
113327,5.560092668211134,0.5519742143432715,560,681,1241,0.0,-0.0008333472224535399,0.5519742143432744,0.0
113328,5.55925932098868,0.5519742143432715,560,681,1241,0.0,-0.0008333472224535399,0.5519742143432744,0.0
113329,5.5584259737662265,0.5519742143432715,560,681,1241,0.0,-0.0008333472224535399,0.5519742143432744,0.0
113330,5.557592626543773,0.5519742143432715,560,681,1241,0.0,-0.0008333472224535399,0.5519742143432744,0.0
113331,5.556759279321319,0.5519742143432715,560,681,1241,0.0,-0.0008333472224535399,0.5519742143432744,0.0
113332,5.555925932098866,0.5519742143432715,560,681,1241,0.0,-0.0008333472224535399,0.5519742143432744,0.0
113333,5.555092584876412,0.5519742143432715,560,681,1241,0.0,-0.0008333472224535399,0.5519742143432744,0.0
113334,5.554259237653959,0.5519742143432715,560,681,1241,0.0,-0.0008333472224535399,0.5519742143432744,0.0
113335,5.553425890431505,0.5519742143432715,560,681,1241,0.0,-0.0008333472224535399,0.5519742143432744,0.0
113336,5.552592543209052,0.5519742143432715,560,681,1241,0.0,-0.0008333472224535399,0.5519742143432744,0.0
113337,5.551759195986598,0.5519742143432715,560,681,1241,0.0,-0.0008333472224535399,0.5519742143432744,0.0
113338,5.550925848764145,0.5519742143432715,560,681,1241,0.0,-0.0008333472224535399,0.5519742143432744,0.0
113339,5.550092501541691,0.5519742143432715,560,681,1241,0.0,-0.0008333472224535399,0.5519742143432744,0.0
113340,5.5492591543192376,0.5519742143432715,560,681,1241,0.0,-0.0008333472224535399,0.5519742143432744,0.0
113341,5.548425807096784,0.5519742143432715,560,681,1241,0.0,-0.0008333472224535399,0.5519742143432744,0.0
113342,5.5475924598743305,0.5519742143432715,560,681,1241,0.0,-0.0008333472224535399,0.5519742143432744,0.0
113343,5.546759112651877,0.5511684125705076,560,681,1241,-0.0008058017727639033,-0.0008333472224535399,0.551893634165998,-8.058017727639034e-05
113344,5.545925765429423,0.5511684125705076,560,681,1241,0.0,-0.0008333472224535399,0.5518130539887217,-8.058017727639034e-05
113345,5.54509241820697,0.5511684125705076,560,681,1241,0.0,-0.0008333472224535399,0.5517324738114453,-8.058017727639034e-05
113346,5.544259070984516,0.5511684125705076,560,681,1241,0.0,-0.0008333472224535399,0.551651893634169,-8.058017727639034e-05
113347,5.543425723762063,0.5511684125705076,560,681,1241,0.0,-0.0008333472224535399,0.5515713134568927,-8.058017727639034e-05
113348,5.542592376539609,0.5511684125705076,560,681,1241,0.0,-0.0008333472224535399,0.5514907332796163,-8.058017727639034e-05
113349,5.541759029317156,0.5511684125705076,560,681,1241,0.0,-0.0008333472224535399,0.55141015310234,-8.058017727639034e-05
113350,5.540925682094702,0.5511684125705076,560,681,1241,0.0,-0.0008333472224535399,0.5513295729250636,-8.058017727639034e-05
113351,5.540092334872249,0.5511684125705076,560,681,1241,0.0,-0.0008333472224535399,0.5512489927477873,-8.058017727639034e-05
113352,5.539258987649795,0.5511684125705076,560,681,1241,0.0,-0.0008333472224535399,0.551168412570511,-8.058017727639034e-05
113353,5.5384256404273415,0.5511684125705076,560,681,1241,0.0,-0.0008333472224535399,0.551168412570511,0.0
113354,5.537592293204888,0.5511684125705076,560,681,1241,0.0,-0.0008333472224535399,0.551168412570511,0.0
113355,5.5367589459824345,0.5511684125705076,560,681,1241,0.0,-0.0008333472224535399,0.551168412570511,0.0
113356,5.535925598759981,0.5511684125705076,560,681,1241,0.0,-0.0008333472224535399,0.551168412570511,0.0
113357,5.53509225153752,0.5511684125705076,560,681,1241,0.0,-0.0008333472224606453,0.551168412570511,0.0
113358,5.534258904315067,0.5511684125705076,560,681,1241,0.0,-0.0008333472224535399,0.551168412570511,0.0
113359,5.533425557092613,0.5511684125705076,560,681,1241,0.0,-0.0008333472224535399,0.551168412570511,0.0
113360,5.53259220987016,0.5511684125705076,560,681,1241,0.0,-0.0008333472224535399,0.551168412570511,0.0
113361,5.531758862647706,0.5511684125705076,560,681,1241,0.0,-0.0008333472224535399,0.551168412570511,0.0
113362,5.530925515425253,0.5511684125705076,560,681,1241,0.0,-0.0008333472224535399,0.551168412570511,0.0
113363,5.530092168202799,0.5511684125705076,560,681,1241,0.0,-0.0008333472224535399,0.551168412570511,0.0
113364,5.5292588209803455,0.5511684125705076,560,681,1241,0.0,-0.0008333472224535399,0.551168412570511,0.0
113365,5.528425473757892,0.5511684125705076,560,681,1241,0.0,-0.0008333472224535399,0.551168412570511,0.0
113366,5.527592126535438,0.5511684125705076,560,681,1241,0.0,-0.0008333472224535399,0.551168412570511,0.0
113367,5.526758779312985,0.5511684125705076,560,681,1241,0.0,-0.0008333472224535399,0.551168412570511,0.0
113368,5.525925432090531,0.5511684125705076,560,681,1241,0.0,-0.0008333472224535399,0.551168412570511,0.0
113369,5.525092084868078,0.5511684125705076,560,681,1241,0.0,-0.0008333472224535399,0.551168412570511,0.0
113370,5.524258737645624,0.5511684125705076,560,681,1241,0.0,-0.0008333472224535399,0.551168412570511,0.0
113371,5.523425390423171,0.5511684125705076,560,681,1241,0.0,-0.0008333472224535399,0.551168412570511,0.0
113372,5.522592043200717,0.5511684125705076,560,681,1241,0.0,-0.0008333472224535399,0.551168412570511,0.0
113373,5.521758695978264,0.5511684125705076,560,681,1241,0.0,-0.0008333472224535399,0.551168412570511,0.0
113374,5.52092534875581,0.5511684125705076,560,681,1241,0.0,-0.0008333472224535399,0.551168412570511,0.0
113375,5.5200920015333566,0.5511684125705076,560,681,1241,0.0,-0.0008333472224535399,0.551168412570511,0.0
113376,5.519258654310903,0.5511684125705076,560,681,1241,0.0,-0.0008333472224535399,0.551168412570511,0.0
113377,5.5184253070884495,0.5511684125705076,560,681,1241,0.0,-0.0008333472224535399,0.551168412570511,0.0
113378,5.517591959865996,0.5511684125705076,560,681,1241,0.0,-0.0008333472224535399,0.551168412570511,0.0
113379,5.516758612643542,0.5511684125705076,560,681,1241,0.0,-0.0008333472224535399,0.551168412570511,0.0
113380,5.515925265421089,0.5511684125705076,560,681,1241,0.0,-0.0008333472224535399,0.551168412570511,0.0
113381,5.515091918198635,0.5519742143432715,560,681,1241,0.0008058017727639033,-0.0008333472224535399,0.5512489927477873,8.058017727639034e-05
113382,5.514258570976182,0.5519742143432715,560,681,1241,0.0,-0.0008333472224535399,0.5513295729250636,8.058017727639034e-05
113383,5.513425223753728,0.5519742143432715,560,681,1241,0.0,-0.0008333472224535399,0.55141015310234,8.058017727639034e-05
113384,5.512591876531275,0.5519742143432715,560,681,1241,0.0,-0.0008333472224535399,0.5514907332796163,8.058017727639034e-05
113385,5.511758529308821,0.5519742143432715,560,681,1241,0.0,-0.0008333472224535399,0.5515713134568927,8.058017727639034e-05
113386,5.510925182086368,0.5519742143432715,560,681,1241,0.0,-0.0008333472224535399,0.551651893634169,8.058017727639034e-05
113387,5.510091834863914,0.5519742143432715,560,681,1241,0.0,-0.0008333472224535399,0.5517324738114453,8.058017727639034e-05
113388,5.5092584876414605,0.5519742143432715,560,681,1241,0.0,-0.0008333472224535399,0.5518130539887217,8.058017727639034e-05
113389,5.508425140419007,0.5519742143432715,560,681,1241,0.0,-0.0008333472224535399,0.551893634165998,8.058017727639034e-05
113390,5.5075917931965535,0.5519742143432715,560,681,1241,0.0,-0.0008333472224535399,0.5519742143432744,8.058017727639034e-05
113391,5.5067584459741,0.5519742143432715,560,681,1241,0.0,-0.0008333472224535399,0.5519742143432744,0.0
113392,5.505925098751646,0.5519742143432715,560,681,1241,0.0,-0.0008333472224535399,0.5519742143432744,0.0
113393,5.505091751529193,0.5519742143432715,560,681,1241,0.0,-0.0008333472224535399,0.5519742143432744,0.0
113394,5.504258404306739,0.5519742143432715,560,681,1241,0.0,-0.0008333472224535399,0.5519742143432744,0.0
113395,5.503425057084286,0.5519742143432715,560,681,1241,0.0,-0.0008333472224535399,0.5519742143432744,0.0
113396,5.502591709861832,0.5519742143432715,560,681,1241,0.0,-0.0008333472224535399,0.5519742143432744,0.0
113397,5.501758362639379,0.5519742143432715,560,681,1241,0.0,-0.0008333472224535399,0.5519742143432744,0.0
113398,5.500925015416925,0.5519742143432715,560,681,1241,0.0,-0.0008333472224535399,0.5519742143432744,0.0
113399,5.5000916681944645,0.5519742143432715,560,681,1241,0.0,-0.0008333472224606453,0.5519742143432744,0.0
113400,5.499258320972011,0.5519742143432715,560,681,1241,0.0,-0.0008333472224535399,0.5519742143432744,0.0
113401,5.498424973749557,0.5519742143432715,560,681,1241,0.0,-0.0008333472224535399,0.5519742143432744,0.0
113402,5.497591626527104,0.5519742143432715,560,681,1241,0.0,-0.0008333472224535399,0.5519742143432744,0.0
113403,5.49675827930465,0.5519742143432715,560,681,1241,0.0,-0.0008333472224535399,0.5519742143432744,0.0
113404,5.495924932082197,0.5519742143432715,560,681,1241,0.0,-0.0008333472224535399,0.5519742143432744,0.0
113405,5.495091584859743,0.5519742143432715,560,681,1241,0.0,-0.0008333472224535399,0.5519742143432744,0.0
113406,5.49425823763729,0.5519742143432715,560,681,1241,0.0,-0.0008333472224535399,0.5519742143432744,0.0
113407,5.493424890414836,0.5519742143432715,560,681,1241,0.0,-0.0008333472224535399,0.5519742143432744,0.0
113408,5.492591543192383,0.5519742143432715,560,681,1241,0.0,-0.0008333472224535399,0.5519742143432744,0.0
113409,5.491758195969929,0.5519742143432715,560,681,1241,0.0,-0.0008333472224535399,0.5519742143432744,0.0
113410,5.4909248487474756,0.5519742143432715,560,681,1241,0.0,-0.0008333472224535399,0.5519742143432744,0.0
113411,5.490091501525022,0.5519742143432715,560,681,1241,0.0,-0.0008333472224535399,0.5519742143432744,0.0
113412,5.4892581543025685,0.5511684125705076,560,681,1241,-0.0008058017727639033,-0.0008333472224535399,0.551893634165998,-8.058017727639034e-05
113413,5.488424807080115,0.5511684125705076,560,681,1241,0.0,-0.0008333472224535399,0.5518130539887217,-8.058017727639034e-05
113414,5.487591459857661,0.5511684125705076,560,681,1241,0.0,-0.0008333472224535399,0.5517324738114453,-8.058017727639034e-05
113415,5.486758112635208,0.5511684125705076,560,681,1241,0.0,-0.0008333472224535399,0.551651893634169,-8.058017727639034e-05
113416,5.485924765412754,0.5511684125705076,560,681,1241,0.0,-0.0008333472224535399,0.5515713134568927,-8.058017727639034e-05
113417,5.485091418190301,0.5511684125705076,560,681,1241,0.0,-0.0008333472224535399,0.5514907332796163,-8.058017727639034e-05
113418,5.484258070967847,0.5511684125705076,560,681,1241,0.0,-0.0008333472224535399,0.55141015310234,-8.058017727639034e-05
113419,5.483424723745394,0.5511684125705076,560,681,1241,0.0,-0.0008333472224535399,0.5513295729250636,-8.058017727639034e-05
113420,5.48259137652294,0.5511684125705076,560,681,1241,0.0,-0.0008333472224535399,0.5512489927477873,-8.058017727639034e-05
113421,5.481758029300487,0.5511684125705076,560,681,1241,0.0,-0.0008333472224535399,0.551168412570511,-8.058017727639034e-05
113422,5.480924682078033,0.5511684125705076,560,681,1241,0.0,-0.0008333472224535399,0.551168412570511,0.0
113423,5.4800913348555795,0.5511684125705076,560,681,1241,0.0,-0.0008333472224535399,0.551168412570511,0.0
113424,5.479257987633126,0.5511684125705076,560,681,1241,0.0,-0.0008333472224535399,0.551168412570511,0.0
113425,5.4784246404106725,0.5511684125705076,560,681,1241,0.0,-0.0008333472224535399,0.551168412570511,0.0
113426,5.477591293188219,0.5511684125705076,560,681,1241,0.0,-0.0008333472224535399,0.551168412570511,0.0
113427,5.476757945965765,0.5511684125705076,560,681,1241,0.0,-0.0008333472224535399,0.551168412570511,0.0
113428,5.475924598743312,0.5511684125705076,560,681,1241,0.0,-0.0008333472224535399,0.551168412570511,0.0
113429,5.475091251520858,0.5519742143432715,560,681,1241,0.0008058017727639033,-0.0008333472224535399,0.5512489927477873,8.058017727639034e-05
113430,5.474257904298405,0.5511684125705076,560,681,1241,-0.0008058017727639033,-0.0008333472224535399,0.5512489927477873,0.0
113431,5.473424557075951,0.5511684125705076,560,681,1241,0.0,-0.0008333472224535399,0.5512489927477873,0.0
113432,5.472591209853498,0.5511684125705076,560,681,1241,0.0,-0.0008333472224535399,0.5512489927477873,0.0
113433,5.471757862631044,0.5511684125705076,560,681,1241,0.0,-0.0008333472224535399,0.5512489927477873,0.0
113434,5.470924515408591,0.5511684125705076,560,681,1241,0.0,-0.0008333472224535399,0.5512489927477873,0.0
113435,5.470091168186137,0.5511684125705076,560,681,1241,0.0,-0.0008333472224535399,0.5512489927477873,0.0
113436,5.4692578209636835,0.5511684125705076,560,681,1241,0.0,-0.0008333472224535399,0.5512489927477873,0.0
113437,5.46842447374123,0.5511684125705076,560,681,1241,0.0,-0.0008333472224535399,0.5512489927477873,0.0
113438,5.467591126518776,0.5511684125705076,560,681,1241,0.0,-0.0008333472224535399,0.5512489927477873,0.0
113439,5.466757779296323,0.5511684125705076,560,681,1241,0.0,-0.0008333472224535399,0.551168412570511,-8.058017727639034e-05
113440,5.465924432073869,0.5511684125705076,560,681,1241,0.0,-0.0008333472224535399,0.551168412570511,0.0
113441,5.465091084851416,0.5511684125705076,560,681,1241,0.0,-0.0008333472224535399,0.551168412570511,0.0
113442,5.464257737628955,0.5511684125705076,560,681,1241,0.0,-0.0008333472224606453,0.551168412570511,0.0
113443,5.463424390406502,0.5511684125705076,560,681,1241,0.0,-0.0008333472224535399,0.551168412570511,0.0
113444,5.462591043184048,0.5511684125705076,560,681,1241,0.0,-0.0008333472224535399,0.551168412570511,0.0
113445,5.4617576959615945,0.5511684125705076,560,681,1241,0.0,-0.0008333472224535399,0.551168412570511,0.0
113446,5.460924348739141,0.5511684125705076,560,681,1241,0.0,-0.0008333472224535399,0.551168412570511,0.0
113447,5.4600910015166875,0.5511684125705076,560,681,1241,0.0,-0.0008333472224535399,0.551168412570511,0.0
113448,5.459257654294234,0.5511684125705076,560,681,1241,0.0,-0.0008333472224535399,0.551168412570511,0.0
113449,5.45842430707178,0.5511684125705076,560,681,1241,0.0,-0.0008333472224535399,0.551168412570511,0.0
113450,5.457590959849327,0.5511684125705076,560,681,1241,0.0,-0.0008333472224535399,0.551168412570511,0.0
113451,5.456757612626873,0.5511684125705076,560,681,1241,0.0,-0.0008333472224535399,0.551168412570511,0.0
113452,5.45592426540442,0.5511684125705076,560,681,1241,0.0,-0.0008333472224535399,0.551168412570511,0.0
113453,5.455090918181966,0.5511684125705076,560,681,1241,0.0,-0.0008333472224535399,0.551168412570511,0.0
113454,5.454257570959513,0.5511684125705076,560,681,1241,0.0,-0.0008333472224535399,0.551168412570511,0.0
113455,5.453424223737059,0.5511684125705076,560,681,1241,0.0,-0.0008333472224535399,0.551168412570511,0.0
113456,5.452590876514606,0.5511684125705076,560,681,1241,0.0,-0.0008333472224535399,0.551168412570511,0.0
113457,5.451757529292152,0.5511684125705076,560,681,1241,0.0,-0.0008333472224535399,0.551168412570511,0.0
113458,5.4509241820696985,0.5511684125705076,560,681,1241,0.0,-0.0008333472224535399,0.551168412570511,0.0
113459,5.450090834847245,0.5511684125705076,560,681,1241,0.0,-0.0008333472224535399,0.551168412570511,0.0
113460,5.4492574876247915,0.5511684125705076,560,681,1241,0.0,-0.0008333472224535399,0.551168412570511,0.0
113461,5.448424140402338,0.5519742143432715,560,681,1241,0.0008058017727639033,-0.0008333472224535399,0.5512489927477873,8.058017727639034e-05
113462,5.447590793179884,0.5519742143432715,560,681,1241,0.0,-0.0008333472224535399,0.5513295729250636,8.058017727639034e-05
113463,5.446757445957431,0.5519742143432715,560,681,1241,0.0,-0.0008333472224535399,0.55141015310234,8.058017727639034e-05
113464,5.445924098734977,0.5519742143432715,560,681,1241,0.0,-0.0008333472224535399,0.5514907332796163,8.058017727639034e-05
113465,5.445090751512524,0.5519742143432715,560,681,1241,0.0,-0.0008333472224535399,0.5515713134568927,8.058017727639034e-05
113466,5.44425740429007,0.5519742143432715,560,681,1241,0.0,-0.0008333472224535399,0.551651893634169,8.058017727639034e-05
113467,5.443424057067617,0.5519742143432715,560,681,1241,0.0,-0.0008333472224535399,0.5517324738114453,8.058017727639034e-05
113468,5.442590709845163,0.5519742143432715,560,681,1241,0.0,-0.0008333472224535399,0.5518130539887217,8.058017727639034e-05
113469,5.44175736262271,0.5519742143432715,560,681,1241,0.0,-0.0008333472224535399,0.551893634165998,8.058017727639034e-05
113470,5.440924015400256,0.5519742143432715,560,681,1241,0.0,-0.0008333472224535399,0.5519742143432744,8.058017727639034e-05
113471,5.4400906681778025,0.5519742143432715,560,681,1241,0.0,-0.0008333472224535399,0.5519742143432744,0.0
113472,5.439257320955349,0.5519742143432715,560,681,1241,0.0,-0.0008333472224535399,0.5519742143432744,0.0
113473,5.438423973732895,0.5519742143432715,560,681,1241,0.0,-0.0008333472224535399,0.5519742143432744,0.0
113474,5.437590626510442,0.5519742143432715,560,681,1241,0.0,-0.0008333472224535399,0.5519742143432744,0.0
113475,5.436757279287988,0.5519742143432715,560,681,1241,0.0,-0.0008333472224535399,0.5519742143432744,0.0
113476,5.435923932065535,0.5519742143432715,560,681,1241,0.0,-0.0008333472224535399,0.5519742143432744,0.0
113477,5.435090584843081,0.5519742143432715,560,681,1241,0.0,-0.0008333472224535399,0.5519742143432744,0.0
113478,5.434257237620628,0.5519742143432715,560,681,1241,0.0,-0.0008333472224535399,0.5519742143432744,0.0
113479,5.433423890398174,0.5519742143432715,560,681,1241,0.0,-0.0008333472224535399,0.5519742143432744,0.0
113480,5.432590543175721,0.5519742143432715,560,681,1241,0.0,-0.0008333472224535399,0.5519742143432744,0.0
113481,5.431757195953267,0.5519742143432715,560,681,1241,0.0,-0.0008333472224535399,0.5519742143432744,0.0
113482,5.430923848730814,0.5519742143432715,560,681,1241,0.0,-0.0008333472224535399,0.5519742143432744,0.0
113483,5.43009050150836,0.5519742143432715,560,681,1241,0.0,-0.0008333472224535399,0.5519742143432744,0.0
113484,5.429257154285899,0.5519742143432715,560,681,1241,0.0,-0.0008333472224606453,0.5519742143432744,0.0
113485,5.428423807063446,0.5519742143432715,560,681,1241,0.0,-0.0008333472224535399,0.5519742143432744,0.0
113486,5.427590459840992,0.5519742143432715,560,681,1241,0.0,-0.0008333472224535399,0.5519742143432744,0.0
113487,5.426757112618539,0.5519742143432715,560,681,1241,0.0,-0.0008333472224535399,0.5519742143432744,0.0
113488,5.425923765396085,0.5519742143432715,560,681,1241,0.0,-0.0008333472224535399,0.5519742143432744,0.0
113489,5.425090418173632,0.5519742143432715,560,681,1241,0.0,-0.0008333472224535399,0.5519742143432744,0.0
113490,5.424257070951178,0.5519742143432715,560,681,1241,0.0,-0.0008333472224535399,0.5519742143432744,0.0
113491,5.423423723728725,0.5519742143432715,560,681,1241,0.0,-0.0008333472224535399,0.5519742143432744,0.0
113492,5.422590376506271,0.5519742143432715,560,681,1241,0.0,-0.0008333472224535399,0.5519742143432744,0.0
113493,5.4217570292838175,0.5519742143432715,560,681,1241,0.0,-0.0008333472224535399,0.5519742143432744,0.0
113494,5.420923682061364,0.5519742143432715,560,681,1241,0.0,-0.0008333472224535399,0.5519742143432744,0.0
113495,5.4200903348389105,0.5519742143432715,560,681,1241,0.0,-0.0008333472224535399,0.5519742143432744,0.0
113496,5.419256987616457,0.5519742143432715,560,681,1241,0.0,-0.0008333472224535399,0.5519742143432744,0.0
113497,5.418423640394003,0.5519742143432715,560,681,1241,0.0,-0.0008333472224535399,0.5519742143432744,0.0
113498,5.41759029317155,0.5519742143432715,560,681,1241,0.0,-0.0008333472224535399,0.5519742143432744,0.0
113499,5.416756945949096,0.5519742143432715,560,681,1241,0.0,-0.0008333472224535399,0.5519742143432744,0.0
113500,5.415923598726643,0.5519742143432715,560,681,1241,0.0,-0.0008333472224535399,0.5519742143432744,0.0
113501,5.415090251504189,0.5519742143432715,560,681,1241,0.0,-0.0008333472224535399,0.5519742143432744,0.0
113502,5.414256904281736,0.5519742143432715,560,681,1241,0.0,-0.0008333472224535399,0.5519742143432744,0.0
113503,5.413423557059282,0.5519742143432715,560,681,1241,0.0,-0.0008333472224535399,0.5519742143432744,0.0
113504,5.412590209836829,0.5519742143432715,560,681,1241,0.0,-0.0008333472224535399,0.5519742143432744,0.0
113505,5.411756862614375,0.5519742143432715,560,681,1241,0.0,-0.0008333472224535399,0.5519742143432744,0.0
113506,5.4109235153919215,0.5519742143432715,560,681,1241,0.0,-0.0008333472224535399,0.5519742143432744,0.0
113507,5.410090168169468,0.5519742143432715,560,681,1241,0.0,-0.0008333472224535399,0.5519742143432744,0.0
113508,5.409256820947014,0.5519742143432715,560,681,1241,0.0,-0.0008333472224535399,0.5519742143432744,0.0
113509,5.408423473724561,0.5519742143432715,560,681,1241,0.0,-0.0008333472224535399,0.5519742143432744,0.0
113510,5.407590126502107,0.5519742143432715,560,681,1241,0.0,-0.0008333472224535399,0.5519742143432744,0.0
113511,5.406756779279654,0.5519742143432715,560,681,1241,0.0,-0.0008333472224535399,0.5519742143432744,0.0
113512,5.4059234320572,0.5519742143432715,560,681,1241,0.0,-0.0008333472224535399,0.5519742143432744,0.0
113513,5.405090084834747,0.5519742143432715,560,681,1241,0.0,-0.0008333472224535399,0.5519742143432744,0.0
113514,5.404256737612293,0.5519742143432715,560,681,1241,0.0,-0.0008333472224535399,0.5519742143432744,0.0
113515,5.40342339038984,0.5519742143432715,560,681,1241,0.0,-0.0008333472224535399,0.5519742143432744,0.0
113516,5.402590043167386,0.5519742143432715,560,681,1241,0.0,-0.0008333472224535399,0.5519742143432744,0.0
113517,5.401756695944933,0.5519742143432715,560,681,1241,0.0,-0.0008333472224535399,0.5519742143432744,0.0
113518,5.400923348722479,0.5519742143432715,560,681,1241,0.0,-0.0008333472224535399,0.5519742143432744,0.0
113519,5.4000900015000255,0.5519742143432715,560,681,1241,0.0,-0.0008333472224535399,0.5519742143432744,0.0
113520,5.399256654277572,0.5519742143432715,560,681,1241,0.0,-0.0008333472224535399,0.5519742143432744,0.0
113521,5.398423307055118,0.5519742143432715,560,681,1241,0.0,-0.0008333472224535399,0.5519742143432744,0.0
113522,5.397589959832665,0.5519742143432715,560,681,1241,0.0,-0.0008333472224535399,0.5519742143432744,0.0
113523,5.396756612610211,0.5519742143432715,560,681,1241,0.0,-0.0008333472224535399,0.5519742143432744,0.0
113524,5.395923265387758,0.5519742143432715,560,681,1241,0.0,-0.0008333472224535399,0.5519742143432744,0.0
113525,5.395089918165304,0.5519742143432715,560,681,1241,0.0,-0.0008333472224535399,0.5519742143432744,0.0
113526,5.394256570942851,0.5519742143432715,560,681,1241,0.0,-0.0008333472224535399,0.5519742143432744,0.0
113527,5.39342322372039,0.5519742143432715,560,681,1241,0.0,-0.0008333472224606453,0.5519742143432744,0.0
113528,5.3925898764979365,0.5519742143432715,560,681,1241,0.0,-0.0008333472224535399,0.5519742143432744,0.0
113529,5.391756529275483,0.5519742143432715,560,681,1241,0.0,-0.0008333472224535399,0.5519742143432744,0.0
113530,5.3909231820530294,0.5519742143432715,560,681,1241,0.0,-0.0008333472224535399,0.5519742143432744,0.0
113531,5.390089834830576,0.5519742143432715,560,681,1241,0.0,-0.0008333472224535399,0.5519742143432744,0.0
113532,5.389256487608122,0.5519742143432715,560,681,1241,0.0,-0.0008333472224535399,0.5519742143432744,0.0
113533,5.388423140385669,0.5519742143432715,560,681,1241,0.0,-0.0008333472224535399,0.5519742143432744,0.0
113534,5.387589793163215,0.5519742143432715,560,681,1241,0.0,-0.0008333472224535399,0.5519742143432744,0.0
113535,5.386756445940762,0.5519742143432715,560,681,1241,0.0,-0.0008333472224535399,0.5519742143432744,0.0
113536,5.385923098718308,0.5519742143432715,560,681,1241,0.0,-0.0008333472224535399,0.5519742143432744,0.0
113537,5.385089751495855,0.5519742143432715,560,681,1241,0.0,-0.0008333472224535399,0.5519742143432744,0.0
113538,5.384256404273401,0.5519742143432715,560,681,1241,0.0,-0.0008333472224535399,0.5519742143432744,0.0
113539,5.383423057050948,0.5519742143432715,560,681,1241,0.0,-0.0008333472224535399,0.5519742143432744,0.0
113540,5.382589709828494,0.5519742143432715,560,681,1241,0.0,-0.0008333472224535399,0.5519742143432744,0.0
113541,5.3817563626060405,0.5519742143432715,560,681,1241,0.0,-0.0008333472224535399,0.5519742143432744,0.0
113542,5.380923015383587,0.5519742143432715,560,681,1241,0.0,-0.0008333472224535399,0.5519742143432744,0.0
113543,5.380089668161133,0.5519742143432715,560,681,1241,0.0,-0.0008333472224535399,0.5519742143432744,0.0
113544,5.37925632093868,0.5519742143432715,560,681,1241,0.0,-0.0008333472224535399,0.5519742143432744,0.0
113545,5.378422973716226,0.5519742143432715,560,681,1241,0.0,-0.0008333472224535399,0.5519742143432744,0.0
113546,5.377589626493773,0.5519742143432715,560,681,1241,0.0,-0.0008333472224535399,0.5519742143432744,0.0
113547,5.376756279271319,0.5519742143432715,560,681,1241,0.0,-0.0008333472224535399,0.5519742143432744,0.0
113548,5.375922932048866,0.5519742143432715,560,681,1241,0.0,-0.0008333472224535399,0.5519742143432744,0.0
113549,5.375089584826412,0.5519742143432715,560,681,1241,0.0,-0.0008333472224535399,0.5519742143432744,0.0
113550,5.374256237603959,0.5519742143432715,560,681,1241,0.0,-0.0008333472224535399,0.5519742143432744,0.0
113551,5.373422890381505,0.5519742143432715,560,681,1241,0.0,-0.0008333472224535399,0.5519742143432744,0.0
113552,5.372589543159052,0.5519742143432715,560,681,1241,0.0,-0.0008333472224535399,0.5519742143432744,0.0
113553,5.371756195936598,0.5519742143432715,560,681,1241,0.0,-0.0008333472224535399,0.5519742143432744,0.0
113554,5.3709228487141445,0.5527800161160354,560,681,1241,0.0008058017727639033,-0.0008333472224535399,0.5520547945205507,8.058017727639034e-05
113555,5.370089501491691,0.5527800161160354,560,681,1241,0.0,-0.0008333472224535399,0.552135374697827,8.058017727639034e-05
113556,5.369256154269237,0.5527800161160354,560,681,1241,0.0,-0.0008333472224535399,0.5522159548751034,8.058017727639034e-05
113557,5.368422807046784,0.5519742143432715,560,681,1241,-0.0008058017727639033,-0.0008333472224535399,0.5522159548751034,0.0
113558,5.36758945982433,0.5519742143432715,560,681,1241,0.0,-0.0008333472224535399,0.5522159548751034,0.0
113559,5.366756112601877,0.5519742143432715,560,681,1241,0.0,-0.0008333472224535399,0.5522159548751034,0.0
113560,5.365922765379423,0.5519742143432715,560,681,1241,0.0,-0.0008333472224535399,0.5522159548751034,0.0
113561,5.36508941815697,0.5519742143432715,560,681,1241,0.0,-0.0008333472224535399,0.5522159548751034,0.0
113562,5.364256070934516,0.5519742143432715,560,681,1241,0.0,-0.0008333472224535399,0.5522159548751034,0.0
113563,5.363422723712063,0.5519742143432715,560,681,1241,0.0,-0.0008333472224535399,0.5522159548751034,0.0
113564,5.362589376489609,0.5519742143432715,560,681,1241,0.0,-0.0008333472224535399,0.552135374697827,-8.058017727639034e-05
113565,5.3617560292671556,0.5519742143432715,560,681,1241,0.0,-0.0008333472224535399,0.5520547945205507,-8.058017727639034e-05
113566,5.360922682044702,0.5519742143432715,560,681,1241,0.0,-0.0008333472224535399,0.5519742143432744,-8.058017727639034e-05
113567,5.3600893348222485,0.5511684125705076,560,681,1241,-0.0008058017727639033,-0.0008333472224535399,0.551893634165998,-8.058017727639034e-05
113568,5.359255987599795,0.5511684125705076,560,681,1241,0.0,-0.0008333472224535399,0.5518130539887217,-8.058017727639034e-05
113569,5.358422640377334,0.5511684125705076,560,681,1241,0.0,-0.0008333472224606453,0.5517324738114453,-8.058017727639034e-05
113570,5.357589293154881,0.5511684125705076,560,681,1241,0.0,-0.0008333472224535399,0.551651893634169,-8.058017727639034e-05
113571,5.356755945932427,0.5519742143432715,560,681,1241,0.0008058017727639033,-0.0008333472224535399,0.551651893634169,0.0
113572,5.355922598709974,0.5519742143432715,560,681,1241,0.0,-0.0008333472224535399,0.551651893634169,0.0
113573,5.35508925148752,0.5519742143432715,560,681,1241,0.0,-0.0008333472224535399,0.551651893634169,0.0
113574,5.354255904265067,0.5519742143432715,560,681,1241,0.0,-0.0008333472224535399,0.551651893634169,0.0
113575,5.353422557042613,0.5519742143432715,560,681,1241,0.0,-0.0008333472224535399,0.551651893634169,0.0
113576,5.3525892098201595,0.5519742143432715,560,681,1241,0.0,-0.0008333472224535399,0.551651893634169,0.0
113577,5.351755862597706,0.5519742143432715,560,681,1241,0.0,-0.0008333472224535399,0.5517324738114453,8.058017727639034e-05
113578,5.350922515375252,0.5519742143432715,560,681,1241,0.0,-0.0008333472224535399,0.5518130539887217,8.058017727639034e-05
113579,5.350089168152799,0.5519742143432715,560,681,1241,0.0,-0.0008333472224535399,0.551893634165998,8.058017727639034e-05
113580,5.349255820930345,0.5519742143432715,560,681,1241,0.0,-0.0008333472224535399,0.5519742143432744,8.058017727639034e-05
113581,5.348422473707892,0.5519742143432715,560,681,1241,0.0,-0.0008333472224535399,0.5519742143432744,0.0
113582,5.347589126485438,0.5519742143432715,560,681,1241,0.0,-0.0008333472224535399,0.5519742143432744,0.0
113583,5.346755779262985,0.5519742143432715,560,681,1241,0.0,-0.0008333472224535399,0.5519742143432744,0.0
113584,5.345922432040531,0.5519742143432715,560,681,1241,0.0,-0.0008333472224535399,0.5519742143432744,0.0
113585,5.345089084818078,0.5519742143432715,560,681,1241,0.0,-0.0008333472224535399,0.5519742143432744,0.0
113586,5.344255737595624,0.5519742143432715,560,681,1241,0.0,-0.0008333472224535399,0.5519742143432744,0.0
113587,5.343422390373171,0.5519742143432715,560,681,1241,0.0,-0.0008333472224535399,0.5519742143432744,0.0
113588,5.342589043150717,0.5519742143432715,560,681,1241,0.0,-0.0008333472224535399,0.5519742143432744,0.0
113589,5.3417556959282635,0.5519742143432715,560,681,1241,0.0,-0.0008333472224535399,0.5519742143432744,0.0
113590,5.34092234870581,0.5519742143432715,560,681,1241,0.0,-0.0008333472224535399,0.5519742143432744,0.0
113591,5.340089001483356,0.5519742143432715,560,681,1241,0.0,-0.0008333472224535399,0.5519742143432744,0.0
113592,5.339255654260903,0.5519742143432715,560,681,1241,0.0,-0.0008333472224535399,0.5519742143432744,0.0
113593,5.338422307038449,0.5519742143432715,560,681,1241,0.0,-0.0008333472224535399,0.5519742143432744,0.0
113594,5.337588959815996,0.5519742143432715,560,681,1241,0.0,-0.0008333472224535399,0.5519742143432744,0.0
113595,5.336755612593542,0.5519742143432715,560,681,1241,0.0,-0.0008333472224535399,0.5519742143432744,0.0
113596,5.335922265371089,0.5519742143432715,560,681,1241,0.0,-0.0008333472224535399,0.5519742143432744,0.0
113597,5.335088918148635,0.5527800161160354,560,681,1241,0.0008058017727639033,-0.0008333472224535399,0.5520547945205507,8.058017727639034e-05
113598,5.334255570926182,0.5527800161160354,560,681,1241,0.0,-0.0008333472224535399,0.552135374697827,8.058017727639034e-05
113599,5.333422223703728,0.5527800161160354,560,681,1241,0.0,-0.0008333472224535399,0.5522159548751034,8.058017727639034e-05
113600,5.3325888764812746,0.5527800161160354,560,681,1241,0.0,-0.0008333472224535399,0.5522965350523797,8.058017727639034e-05
113601,5.331755529258821,0.5535858178887993,560,681,1241,0.0008058017727639033,-0.0008333472224535399,0.5524576954069326,0.00016116035455278067
113602,5.3309221820363675,0.5535858178887993,560,681,1241,0.0,-0.0008333472224535399,0.5526188557614853,0.00016116035455278067
113603,5.330088834813914,0.5535858178887993,560,681,1241,0.0,-0.0008333472224535399,0.5527800161160381,0.00016116035455278067
113604,5.32925548759146,0.5535858178887993,560,681,1241,0.0,-0.0008333472224535399,0.5529411764705909,0.00016116035455278067
113605,5.328422140369007,0.5527800161160354,560,681,1241,-0.0008058017727639033,-0.0008333472224535399,0.5530217566478672,8.058017727639034e-05
113606,5.327588793146553,0.5527800161160354,560,681,1241,0.0,-0.0008333472224535399,0.5531023368251435,8.058017727639034e-05
113607,5.3267554459241,0.5527800161160354,560,681,1241,0.0,-0.0008333472224535399,0.5531023368251435,0.0
113608,5.325922098701646,0.5527800161160354,560,681,1241,0.0,-0.0008333472224535399,0.5531023368251435,0.0
113609,5.325088751479193,0.5527800161160354,560,681,1241,0.0,-0.0008333472224535399,0.5531023368251435,0.0
113610,5.324255404256739,0.5527800161160354,560,681,1241,0.0,-0.0008333472224535399,0.5531023368251435,0.0
113611,5.3234220570342785,0.5527800161160354,560,681,1241,0.0,-0.0008333472224606453,0.5530217566478671,-8.058017727639034e-05
113612,5.322588709811825,0.5527800161160354,560,681,1241,0.0,-0.0008333472224535399,0.5529411764705908,-8.058017727639034e-05
113613,5.321755362589371,0.5527800161160354,560,681,1241,0.0,-0.0008333472224535399,0.5528605962933144,-8.058017727639034e-05
113614,5.320922015366918,0.5527800161160354,560,681,1241,0.0,-0.0008333472224535399,0.5527800161160381,-8.058017727639034e-05
113615,5.320088668144464,0.5527800161160354,560,681,1241,0.0,-0.0008333472224535399,0.5527800161160382,0.0
113616,5.319255320922011,0.5527800161160354,560,681,1241,0.0,-0.0008333472224535399,0.5527800161160382,0.0
113617,5.318421973699557,0.5527800161160354,560,681,1241,0.0,-0.0008333472224535399,0.5527800161160382,0.0
113618,5.317588626477104,0.5527800161160354,560,681,1241,0.0,-0.0008333472224535399,0.5527800161160382,0.0
113619,5.31675527925465,0.5527800161160354,560,681,1241,0.0,-0.0008333472224535399,0.5527800161160382,0.0
113620,5.315921932032197,0.5527800161160354,560,681,1241,0.0,-0.0008333472224535399,0.5527800161160382,0.0
113621,5.315088584809743,0.5527800161160354,560,681,1241,0.0,-0.0008333472224535399,0.5527800161160382,0.0
113622,5.31425523758729,0.5527800161160354,560,681,1241,0.0,-0.0008333472224535399,0.5527800161160382,0.0
113623,5.313421890364836,0.5527800161160354,560,681,1241,0.0,-0.0008333472224535399,0.5527800161160382,0.0
113624,5.3125885431423825,0.5527800161160354,560,681,1241,0.0,-0.0008333472224535399,0.5527800161160382,0.0
113625,5.311755195919929,0.5527800161160354,560,681,1241,0.0,-0.0008333472224535399,0.5527800161160382,0.0
113626,5.310921848697475,0.5527800161160354,560,681,1241,0.0,-0.0008333472224535399,0.5527800161160382,0.0
113627,5.310088501475022,0.5527800161160354,560,681,1241,0.0,-0.0008333472224535399,0.5527800161160382,0.0
113628,5.309255154252568,0.5527800161160354,560,681,1241,0.0,-0.0008333472224535399,0.5527800161160382,0.0
113629,5.308421807030115,0.5527800161160354,560,681,1241,0.0,-0.0008333472224535399,0.5527800161160382,0.0
113630,5.307588459807661,0.5527800161160354,560,681,1241,0.0,-0.0008333472224535399,0.5527800161160382,0.0
113631,5.306755112585208,0.5527800161160354,560,681,1241,0.0,-0.0008333472224535399,0.5527800161160382,0.0
113632,5.305921765362754,0.5527800161160354,560,681,1241,0.0,-0.0008333472224535399,0.5527800161160382,0.0
113633,5.305088418140301,0.5527800161160354,560,681,1241,0.0,-0.0008333472224535399,0.5527800161160382,0.0
113634,5.304255070917847,0.5527800161160354,560,681,1241,0.0,-0.0008333472224535399,0.5527800161160382,0.0
113635,5.3034217236953936,0.5527800161160354,560,681,1241,0.0,-0.0008333472224535399,0.5527800161160382,0.0
113636,5.30258837647294,0.5527800161160354,560,681,1241,0.0,-0.0008333472224535399,0.5527800161160382,0.0
113637,5.3017550292504865,0.5527800161160354,560,681,1241,0.0,-0.0008333472224535399,0.5527800161160382,0.0
113638,5.300921682028033,0.5527800161160354,560,681,1241,0.0,-0.0008333472224535399,0.5527800161160382,0.0
113639,5.300088334805579,0.5527800161160354,560,681,1241,0.0,-0.0008333472224535399,0.5527800161160382,0.0
113640,5.299254987583126,0.5527800161160354,560,681,1241,0.0,-0.0008333472224535399,0.5527800161160382,0.0
113641,5.298421640360672,0.5527800161160354,560,681,1241,0.0,-0.0008333472224535399,0.5527800161160382,0.0
113642,5.297588293138219,0.5527800161160354,560,681,1241,0.0,-0.0008333472224535399,0.5527800161160382,0.0
113643,5.296754945915765,0.5527800161160354,560,681,1241,0.0,-0.0008333472224535399,0.5527800161160382,0.0
113644,5.295921598693312,0.5527800161160354,560,681,1241,0.0,-0.0008333472224535399,0.5527800161160382,0.0
113645,5.295088251470858,0.5527800161160354,560,681,1241,0.0,-0.0008333472224535399,0.5527800161160382,0.0
113646,5.294254904248405,0.5527800161160354,560,681,1241,0.0,-0.0008333472224535399,0.5527800161160382,0.0
113647,5.293421557025951,0.5527800161160354,560,681,1241,0.0,-0.0008333472224535399,0.5527800161160382,0.0
113648,5.2925882098034975,0.5527800161160354,560,681,1241,0.0,-0.0008333472224535399,0.5527800161160382,0.0
113649,5.291754862581044,0.5527800161160354,560,681,1241,0.0,-0.0008333472224535399,0.5527800161160382,0.0
113650,5.2909215153585905,0.5527800161160354,560,681,1241,0.0,-0.0008333472224535399,0.5527800161160382,0.0
113651,5.290088168136137,0.5527800161160354,560,681,1241,0.0,-0.0008333472224535399,0.5527800161160382,0.0
113652,5.289254820913683,0.5527800161160354,560,681,1241,0.0,-0.0008333472224535399,0.5527800161160382,0.0
113653,5.28842147369123,0.5527800161160354,560,681,1241,0.0,-0.0008333472224535399,0.5527800161160382,0.0
113654,5.287588126468769,0.5527800161160354,560,681,1241,0.0,-0.0008333472224606453,0.5527800161160382,0.0
113655,5.286754779246316,0.5527800161160354,560,681,1241,0.0,-0.0008333472224535399,0.5527800161160382,0.0
113656,5.285921432023862,0.5527800161160354,560,681,1241,0.0,-0.0008333472224535399,0.5527800161160382,0.0
113657,5.285088084801409,0.5527800161160354,560,681,1241,0.0,-0.0008333472224535399,0.5527800161160382,0.0
113658,5.284254737578955,0.5527800161160354,560,681,1241,0.0,-0.0008333472224535399,0.5527800161160382,0.0
113659,5.2834213903565015,0.5527800161160354,560,681,1241,0.0,-0.0008333472224535399,0.5527800161160382,0.0
113660,5.282588043134048,0.5527800161160354,560,681,1241,0.0,-0.0008333472224535399,0.5527800161160382,0.0
113661,5.281754695911594,0.5527800161160354,560,681,1241,0.0,-0.0008333472224535399,0.5527800161160382,0.0
113662,5.280921348689141,0.5527800161160354,560,681,1241,0.0,-0.0008333472224535399,0.5527800161160382,0.0
113663,5.280088001466687,0.5527800161160354,560,681,1241,0.0,-0.0008333472224535399,0.5527800161160382,0.0
113664,5.279254654244234,0.5527800161160354,560,681,1241,0.0,-0.0008333472224535399,0.5527800161160382,0.0
113665,5.27842130702178,0.5527800161160354,560,681,1241,0.0,-0.0008333472224535399,0.5527800161160382,0.0
113666,5.277587959799327,0.5527800161160354,560,681,1241,0.0,-0.0008333472224535399,0.5527800161160382,0.0
113667,5.276754612576873,0.5527800161160354,560,681,1241,0.0,-0.0008333472224535399,0.5527800161160382,0.0
113668,5.27592126535442,0.5527800161160354,560,681,1241,0.0,-0.0008333472224535399,0.5527800161160382,0.0
113669,5.275087918131966,0.5527800161160354,560,681,1241,0.0,-0.0008333472224535399,0.5527800161160382,0.0
113670,5.2742545709095126,0.5527800161160354,560,681,1241,0.0,-0.0008333472224535399,0.5527800161160382,0.0
113671,5.273421223687059,0.5527800161160354,560,681,1241,0.0,-0.0008333472224535399,0.5527800161160382,0.0
113672,5.2725878764646055,0.5527800161160354,560,681,1241,0.0,-0.0008333472224535399,0.5527800161160382,0.0
113673,5.271754529242152,0.5527800161160354,560,681,1241,0.0,-0.0008333472224535399,0.5527800161160382,0.0
113674,5.270921182019698,0.5527800161160354,560,681,1241,0.0,-0.0008333472224535399,0.5527800161160382,0.0
113675,5.270087834797245,0.5527800161160354,560,681,1241,0.0,-0.0008333472224535399,0.5527800161160382,0.0
113676,5.269254487574791,0.5527800161160354,560,681,1241,0.0,-0.0008333472224535399,0.5527800161160382,0.0
113677,5.268421140352338,0.5527800161160354,560,681,1241,0.0,-0.0008333472224535399,0.5527800161160382,0.0
113678,5.267587793129884,0.5527800161160354,560,681,1241,0.0,-0.0008333472224535399,0.5527800161160382,0.0
113679,5.266754445907431,0.5527800161160354,560,681,1241,0.0,-0.0008333472224535399,0.5527800161160382,0.0
113680,5.265921098684977,0.5527800161160354,560,681,1241,0.0,-0.0008333472224535399,0.5527800161160382,0.0
113681,5.265087751462524,0.5527800161160354,560,681,1241,0.0,-0.0008333472224535399,0.5527800161160382,0.0
113682,5.26425440424007,0.5527800161160354,560,681,1241,0.0,-0.0008333472224535399,0.5527800161160382,0.0
113683,5.2634210570176165,0.5527800161160354,560,681,1241,0.0,-0.0008333472224535399,0.5527800161160382,0.0
113684,5.262587709795163,0.5527800161160354,560,681,1241,0.0,-0.0008333472224535399,0.5527800161160382,0.0
113685,5.2617543625727095,0.5527800161160354,560,681,1241,0.0,-0.0008333472224535399,0.5527800161160382,0.0
113686,5.260921015350256,0.5527800161160354,560,681,1241,0.0,-0.0008333472224535399,0.5527800161160382,0.0
113687,5.260087668127802,0.5527800161160354,560,681,1241,0.0,-0.0008333472224535399,0.5527800161160382,0.0
113688,5.259254320905349,0.5527800161160354,560,681,1241,0.0,-0.0008333472224535399,0.5527800161160382,0.0
113689,5.258420973682895,0.5527800161160354,560,681,1241,0.0,-0.0008333472224535399,0.5527800161160382,0.0
113690,5.257587626460442,0.5527800161160354,560,681,1241,0.0,-0.0008333472224535399,0.5527800161160382,0.0
113691,5.256754279237988,0.5527800161160354,560,681,1241,0.0,-0.0008333472224535399,0.5527800161160382,0.0
113692,5.255920932015535,0.5527800161160354,560,681,1241,0.0,-0.0008333472224535399,0.5527800161160382,0.0
113693,5.255087584793081,0.5527800161160354,560,681,1241,0.0,-0.0008333472224535399,0.5527800161160382,0.0
113694,5.254254237570628,0.5527800161160354,560,681,1241,0.0,-0.0008333472224535399,0.5527800161160382,0.0
113695,5.253420890348174,0.5527800161160354,560,681,1241,0.0,-0.0008333472224535399,0.5527800161160382,0.0
113696,5.252587543125713,0.5527800161160354,560,681,1241,0.0,-0.0008333472224606453,0.5527800161160382,0.0
113697,5.25175419590326,0.5527800161160354,560,681,1241,0.0,-0.0008333472224535399,0.5527800161160382,0.0
113698,5.250920848680806,0.5527800161160354,560,681,1241,0.0,-0.0008333472224535399,0.5527800161160382,0.0
113699,5.250087501458353,0.5527800161160354,560,681,1241,0.0,-0.0008333472224535399,0.5527800161160382,0.0
113700,5.249254154235899,0.5527800161160354,560,681,1241,0.0,-0.0008333472224535399,0.5527800161160382,0.0
113701,5.248420807013446,0.5527800161160354,560,681,1241,0.0,-0.0008333472224535399,0.5527800161160382,0.0
113702,5.247587459790992,0.5527800161160354,560,681,1241,0.0,-0.0008333472224535399,0.5527800161160382,0.0
113703,5.246754112568539,0.5527800161160354,560,681,1241,0.0,-0.0008333472224535399,0.5527800161160382,0.0
113704,5.245920765346085,0.5519742143432715,560,681,1241,-0.0008058017727639033,-0.0008333472224535399,0.5526994359387618,-8.058017727639034e-05
113705,5.2450874181236316,0.5519742143432715,560,681,1241,0.0,-0.0008333472224535399,0.5526188557614855,-8.058017727639034e-05
113706,5.244254070901178,0.5519742143432715,560,681,1241,0.0,-0.0008333472224535399,0.5525382755842092,-8.058017727639034e-05
113707,5.2434207236787245,0.5519742143432715,560,681,1241,0.0,-0.0008333472224535399,0.5524576954069328,-8.058017727639034e-05
113708,5.242587376456271,0.5519742143432715,560,681,1241,0.0,-0.0008333472224535399,0.5523771152296565,-8.058017727639034e-05
113709,5.241754029233817,0.5519742143432715,560,681,1241,0.0,-0.0008333472224535399,0.5522965350523801,-8.058017727639034e-05
113710,5.240920682011364,0.5519742143432715,560,681,1241,0.0,-0.0008333472224535399,0.5522159548751038,-8.058017727639034e-05
113711,5.24008733478891,0.5519742143432715,560,681,1241,0.0,-0.0008333472224535399,0.5521353746978275,-8.058017727639034e-05
113712,5.239253987566457,0.5519742143432715,560,681,1241,0.0,-0.0008333472224535399,0.5520547945205511,-8.058017727639034e-05
113713,5.238420640344003,0.5519742143432715,560,681,1241,0.0,-0.0008333472224535399,0.5519742143432748,-8.058017727639034e-05
113714,5.23758729312155,0.5519742143432715,560,681,1241,0.0,-0.0008333472224535399,0.5519742143432748,0.0
113715,5.236753945899096,0.5519742143432715,560,681,1241,0.0,-0.0008333472224535399,0.5519742143432748,0.0
113716,5.235920598676643,0.5519742143432715,560,681,1241,0.0,-0.0008333472224535399,0.5519742143432748,0.0
113717,5.235087251454189,0.5519742143432715,560,681,1241,0.0,-0.0008333472224535399,0.5519742143432748,0.0
113718,5.2342539042317355,0.5527800161160354,560,681,1241,0.0008058017727639033,-0.0008333472224535399,0.5520547945205511,8.058017727639034e-05
113719,5.233420557009282,0.5527800161160354,560,681,1241,0.0,-0.0008333472224535399,0.5521353746978275,8.058017727639034e-05
113720,5.2325872097868285,0.5527800161160354,560,681,1241,0.0,-0.0008333472224535399,0.5522159548751038,8.058017727639034e-05
113721,5.231753862564375,0.5527800161160354,560,681,1241,0.0,-0.0008333472224535399,0.5522965350523801,8.058017727639034e-05
113722,5.230920515341921,0.5527800161160354,560,681,1241,0.0,-0.0008333472224535399,0.5523771152296565,8.058017727639034e-05
113723,5.230087168119468,0.5527800161160354,560,681,1241,0.0,-0.0008333472224535399,0.5524576954069328,8.058017727639034e-05
113724,5.229253820897014,0.5527800161160354,560,681,1241,0.0,-0.0008333472224535399,0.5525382755842092,8.058017727639034e-05
113725,5.228420473674561,0.5535858178887993,560,681,1241,0.0008058017727639033,-0.0008333472224535399,0.5526994359387619,0.00016116035455278067
113726,5.227587126452107,0.5535858178887993,560,681,1241,0.0,-0.0008333472224535399,0.5528605962933147,0.00016116035455278067
113727,5.226753779229654,0.5535858178887993,560,681,1241,0.0,-0.0008333472224535399,0.5530217566478675,0.00016116035455278067
113728,5.2259204320072,0.5535858178887993,560,681,1241,0.0,-0.0008333472224535399,0.553102336825144,8.058017727639034e-05
113729,5.225087084784747,0.5535858178887993,560,681,1241,0.0,-0.0008333472224535399,0.5531829170024203,8.058017727639034e-05
113730,5.224253737562293,0.5535858178887993,560,681,1241,0.0,-0.0008333472224535399,0.5532634971796966,8.058017727639034e-05
113731,5.2234203903398395,0.5535858178887993,560,681,1241,0.0,-0.0008333472224535399,0.553344077356973,8.058017727639034e-05
113732,5.222587043117386,0.5535858178887993,560,681,1241,0.0,-0.0008333472224535399,0.5534246575342493,8.058017727639034e-05
113733,5.221753695894932,0.5535858178887993,560,681,1241,0.0,-0.0008333472224535399,0.5535052377115257,8.058017727639034e-05
113734,5.220920348672479,0.5535858178887993,560,681,1241,0.0,-0.0008333472224535399,0.553585817888802,8.058017727639034e-05
113735,5.220087001450025,0.5535858178887993,560,681,1241,0.0,-0.0008333472224535399,0.553585817888802,0.0
113736,5.219253654227572,0.5535858178887993,560,681,1241,0.0,-0.0008333472224535399,0.553585817888802,0.0
113737,5.218420307005118,0.5535858178887993,560,681,1241,0.0,-0.0008333472224535399,0.553585817888802,0.0
113738,5.217586959782658,0.5535858178887993,560,681,1241,0.0,-0.0008333472224606453,0.553585817888802,0.0
113739,5.216753612560204,0.5535858178887993,560,681,1241,0.0,-0.0008333472224535399,0.553585817888802,0.0
113740,5.2159202653377505,0.5535858178887993,560,681,1241,0.0,-0.0008333472224535399,0.553585817888802,0.0
113741,5.215086918115297,0.5535858178887993,560,681,1241,0.0,-0.0008333472224535399,0.553585817888802,0.0
113742,5.2142535708928435,0.5535858178887993,560,681,1241,0.0,-0.0008333472224535399,0.553585817888802,0.0
113743,5.21342022367039,0.5527800161160354,560,681,1241,-0.0008058017727639033,-0.0008333472224535399,0.5535052377115256,-8.058017727639034e-05
113744,5.212586876447936,0.5527800161160354,560,681,1241,0.0,-0.0008333472224535399,0.5534246575342492,-8.058017727639034e-05
113745,5.211753529225483,0.5527800161160354,560,681,1241,0.0,-0.0008333472224535399,0.5533440773569729,-8.058017727639034e-05
113746,5.210920182003029,0.5527800161160354,560,681,1241,0.0,-0.0008333472224535399,0.5532634971796966,-8.058017727639034e-05
113747,5.210086834780576,0.5527800161160354,560,681,1241,0.0,-0.0008333472224535399,0.5531829170024202,-8.058017727639034e-05
113748,5.209253487558122,0.5527800161160354,560,681,1241,0.0,-0.0008333472224535399,0.5531023368251439,-8.058017727639034e-05
113749,5.208420140335669,0.5527800161160354,560,681,1241,0.0,-0.0008333472224535399,0.5530217566478675,-8.058017727639034e-05
113750,5.207586793113215,0.5527800161160354,560,681,1241,0.0,-0.0008333472224535399,0.5529411764705912,-8.058017727639034e-05
113751,5.206753445890762,0.5527800161160354,560,681,1241,0.0,-0.0008333472224535399,0.5528605962933149,-8.058017727639034e-05
113752,5.205920098668308,0.5527800161160354,560,681,1241,0.0,-0.0008333472224535399,0.5527800161160384,-8.058017727639034e-05
113753,5.2050867514458545,0.5527800161160354,560,681,1241,0.0,-0.0008333472224535399,0.5527800161160386,0.0
113754,5.204253404223401,0.5527800161160354,560,681,1241,0.0,-0.0008333472224535399,0.5527800161160386,0.0
113755,5.2034200570009475,0.5527800161160354,560,681,1241,0.0,-0.0008333472224535399,0.5527800161160386,0.0
113756,5.202586709778494,0.5527800161160354,560,681,1241,0.0,-0.0008333472224535399,0.5527800161160386,0.0
113757,5.20175336255604,0.5527800161160354,560,681,1241,0.0,-0.0008333472224535399,0.5527800161160386,0.0
113758,5.200920015333587,0.5527800161160354,560,681,1241,0.0,-0.0008333472224535399,0.5527800161160386,0.0
113759,5.200086668111133,0.5527800161160354,560,681,1241,0.0,-0.0008333472224535399,0.5527800161160386,0.0
113760,5.19925332088868,0.5527800161160354,560,681,1241,0.0,-0.0008333472224535399,0.5527800161160386,0.0
113761,5.198419973666226,0.5527800161160354,560,681,1241,0.0,-0.0008333472224535399,0.5527800161160386,0.0
113762,5.197586626443773,0.5527800161160354,560,681,1241,0.0,-0.0008333472224535399,0.5527800161160386,0.0
113763,5.196753279221319,0.5527800161160354,560,681,1241,0.0,-0.0008333472224535399,0.5527800161160386,0.0
113764,5.195919931998866,0.5527800161160354,560,681,1241,0.0,-0.0008333472224535399,0.5527800161160386,0.0
113765,5.195086584776412,0.5527800161160354,560,681,1241,0.0,-0.0008333472224535399,0.5527800161160386,0.0
113766,5.1942532375539585,0.5527800161160354,560,681,1241,0.0,-0.0008333472224535399,0.5527800161160386,0.0
113767,5.193419890331505,0.5527800161160354,560,681,1241,0.0,-0.0008333472224535399,0.5527800161160386,0.0
113768,5.192586543109051,0.5527800161160354,560,681,1241,0.0,-0.0008333472224535399,0.5527800161160386,0.0
113769,5.191753195886598,0.5527800161160354,560,681,1241,0.0,-0.0008333472224535399,0.5527800161160386,0.0
113770,5.190919848664144,0.5527800161160354,560,681,1241,0.0,-0.0008333472224535399,0.5527800161160386,0.0
113771,5.190086501441691,0.5527800161160354,560,681,1241,0.0,-0.0008333472224535399,0.5527800161160386,0.0
113772,5.189253154219237,0.5527800161160354,560,681,1241,0.0,-0.0008333472224535399,0.5527800161160386,0.0
113773,5.188419806996784,0.5519742143432715,560,681,1241,-0.0008058017727639033,-0.0008333472224535399,0.5526994359387623,-8.058017727639034e-05
113774,5.18758645977433,0.5519742143432715,560,681,1241,0.0,-0.0008333472224535399,0.5526188557614858,-8.058017727639034e-05
113775,5.186753112551877,0.5519742143432715,560,681,1241,0.0,-0.0008333472224535399,0.5525382755842095,-8.058017727639034e-05
113776,5.185919765329423,0.5519742143432715,560,681,1241,0.0,-0.0008333472224535399,0.5524576954069331,-8.058017727639034e-05
113777,5.18508641810697,0.5519742143432715,560,681,1241,0.0,-0.0008333472224535399,0.5523771152296568,-8.058017727639034e-05
113778,5.184253070884516,0.5519742143432715,560,681,1241,0.0,-0.0008333472224535399,0.5522965350523805,-8.058017727639034e-05
113779,5.1834197236620625,0.5519742143432715,560,681,1241,0.0,-0.0008333472224535399,0.5522159548751041,-8.058017727639034e-05
113780,5.182586376439609,0.5519742143432715,560,681,1241,0.0,-0.0008333472224535399,0.5521353746978278,-8.058017727639034e-05
113781,5.181753029217148,0.5519742143432715,560,681,1241,0.0,-0.0008333472224606453,0.5520547945205514,-8.058017727639034e-05
113782,5.180919681994695,0.5519742143432715,560,681,1241,0.0,-0.0008333472224535399,0.5519742143432751,-8.058017727639034e-05
113783,5.180086334772241,0.5519742143432715,560,681,1241,0.0,-0.0008333472224535399,0.5519742143432751,0.0
113784,5.179252987549788,0.5519742143432715,560,681,1241,0.0,-0.0008333472224535399,0.5519742143432751,0.0
113785,5.178419640327334,0.5519742143432715,560,681,1241,0.0,-0.0008333472224535399,0.5519742143432751,0.0
113786,5.177586293104881,0.5519742143432715,560,681,1241,0.0,-0.0008333472224535399,0.5519742143432751,0.0
113787,5.176752945882427,0.5519742143432715,560,681,1241,0.0,-0.0008333472224535399,0.5519742143432751,0.0
113788,5.1759195986599735,0.5519742143432715,560,681,1241,0.0,-0.0008333472224535399,0.5519742143432751,0.0
113789,5.17508625143752,0.5519742143432715,560,681,1241,0.0,-0.0008333472224535399,0.5519742143432751,0.0
113790,5.1742529042150665,0.5519742143432715,560,681,1241,0.0,-0.0008333472224535399,0.5519742143432751,0.0
113791,5.173419556992613,0.5519742143432715,560,681,1241,0.0,-0.0008333472224535399,0.5519742143432751,0.0
113792,5.172586209770159,0.5519742143432715,560,681,1241,0.0,-0.0008333472224535399,0.5519742143432751,0.0
113793,5.171752862547706,0.5519742143432715,560,681,1241,0.0,-0.0008333472224535399,0.5519742143432751,0.0
113794,5.170919515325252,0.5519742143432715,560,681,1241,0.0,-0.0008333472224535399,0.5519742143432751,0.0
113795,5.170086168102799,0.5519742143432715,560,681,1241,0.0,-0.0008333472224535399,0.5519742143432751,0.0
113796,5.169252820880345,0.5519742143432715,560,681,1241,0.0,-0.0008333472224535399,0.5519742143432751,0.0
113797,5.168419473657892,0.5519742143432715,560,681,1241,0.0,-0.0008333472224535399,0.5519742143432751,0.0
113798,5.167586126435438,0.5519742143432715,560,681,1241,0.0,-0.0008333472224535399,0.5519742143432751,0.0
113799,5.166752779212985,0.5519742143432715,560,681,1241,0.0,-0.0008333472224535399,0.5519742143432751,0.0
113800,5.165919431990531,0.5519742143432715,560,681,1241,0.0,-0.0008333472224535399,0.5519742143432751,0.0
113801,5.1650860847680775,0.5519742143432715,560,681,1241,0.0,-0.0008333472224535399,0.5519742143432751,0.0
113802,5.164252737545624,0.5519742143432715,560,681,1241,0.0,-0.0008333472224535399,0.5519742143432751,0.0
113803,5.16341939032317,0.5519742143432715,560,681,1241,0.0,-0.0008333472224535399,0.5519742143432751,0.0
113804,5.162586043100717,0.5519742143432715,560,681,1241,0.0,-0.0008333472224535399,0.5519742143432751,0.0
113805,5.161752695878263,0.5519742143432715,560,681,1241,0.0,-0.0008333472224535399,0.5519742143432751,0.0
113806,5.16091934865581,0.5519742143432715,560,681,1241,0.0,-0.0008333472224535399,0.5519742143432751,0.0
113807,5.160086001433356,0.5519742143432715,560,681,1241,0.0,-0.0008333472224535399,0.5519742143432751,0.0
113808,5.159252654210903,0.5519742143432715,560,681,1241,0.0,-0.0008333472224535399,0.5519742143432751,0.0
113809,5.158419306988449,0.5519742143432715,560,681,1241,0.0,-0.0008333472224535399,0.5519742143432751,0.0
113810,5.157585959765996,0.5519742143432715,560,681,1241,0.0,-0.0008333472224535399,0.5519742143432751,0.0
113811,5.156752612543542,0.5519742143432715,560,681,1241,0.0,-0.0008333472224535399,0.5519742143432751,0.0
113812,5.155919265321089,0.5519742143432715,560,681,1241,0.0,-0.0008333472224535399,0.5519742143432751,0.0
113813,5.155085918098635,0.5519742143432715,560,681,1241,0.0,-0.0008333472224535399,0.5519742143432751,0.0
113814,5.1542525708761815,0.5519742143432715,560,681,1241,0.0,-0.0008333472224535399,0.5519742143432751,0.0
113815,5.153419223653728,0.5519742143432715,560,681,1241,0.0,-0.0008333472224535399,0.5519742143432751,0.0
113816,5.152585876431274,0.5519742143432715,560,681,1241,0.0,-0.0008333472224535399,0.5519742143432751,0.0
113817,5.151752529208821,0.5519742143432715,560,681,1241,0.0,-0.0008333472224535399,0.5519742143432751,0.0
113818,5.150919181986367,0.5519742143432715,560,681,1241,0.0,-0.0008333472224535399,0.5519742143432751,0.0
113819,5.150085834763914,0.5519742143432715,560,681,1241,0.0,-0.0008333472224535399,0.5519742143432751,0.0
113820,5.14925248754146,0.5519742143432715,560,681,1241,0.0,-0.0008333472224535399,0.5519742143432751,0.0
113821,5.148419140319007,0.5519742143432715,560,681,1241,0.0,-0.0008333472224535399,0.5519742143432751,0.0
113822,5.147585793096553,0.5519742143432715,560,681,1241,0.0,-0.0008333472224535399,0.5519742143432751,0.0
113823,5.1467524458740925,0.5519742143432715,560,681,1241,0.0,-0.0008333472224606453,0.5519742143432751,0.0
113824,5.145919098651639,0.5519742143432715,560,681,1241,0.0,-0.0008333472224535399,0.5519742143432751,0.0
113825,5.1450857514291854,0.5519742143432715,560,681,1241,0.0,-0.0008333472224535399,0.5519742143432751,0.0
113826,5.144252404206732,0.5519742143432715,560,681,1241,0.0,-0.0008333472224535399,0.5519742143432751,0.0
113827,5.143419056984278,0.5519742143432715,560,681,1241,0.0,-0.0008333472224535399,0.5519742143432751,0.0
113828,5.142585709761825,0.5519742143432715,560,681,1241,0.0,-0.0008333472224535399,0.5519742143432751,0.0
113829,5.141752362539371,0.5519742143432715,560,681,1241,0.0,-0.0008333472224535399,0.5519742143432751,0.0
113830,5.140919015316918,0.5519742143432715,560,681,1241,0.0,-0.0008333472224535399,0.5519742143432751,0.0
113831,5.140085668094464,0.5519742143432715,560,681,1241,0.0,-0.0008333472224535399,0.5519742143432751,0.0
113832,5.139252320872011,0.5519742143432715,560,681,1241,0.0,-0.0008333472224535399,0.5519742143432751,0.0
113833,5.138418973649557,0.5519742143432715,560,681,1241,0.0,-0.0008333472224535399,0.5519742143432751,0.0
113834,5.137585626427104,0.5519742143432715,560,681,1241,0.0,-0.0008333472224535399,0.5519742143432751,0.0
113835,5.13675227920465,0.5519742143432715,560,681,1241,0.0,-0.0008333472224535399,0.5519742143432751,0.0
113836,5.1359189319821965,0.5519742143432715,560,681,1241,0.0,-0.0008333472224535399,0.5519742143432751,0.0
113837,5.135085584759743,0.5519742143432715,560,681,1241,0.0,-0.0008333472224535399,0.5519742143432751,0.0
113838,5.134252237537289,0.5519742143432715,560,681,1241,0.0,-0.0008333472224535399,0.5519742143432751,0.0
113839,5.133418890314836,0.5519742143432715,560,681,1241,0.0,-0.0008333472224535399,0.5519742143432751,0.0
113840,5.132585543092382,0.5519742143432715,560,681,1241,0.0,-0.0008333472224535399,0.5519742143432751,0.0
113841,5.131752195869929,0.5519742143432715,560,681,1241,0.0,-0.0008333472224535399,0.5519742143432751,0.0
113842,5.130918848647475,0.5519742143432715,560,681,1241,0.0,-0.0008333472224535399,0.5519742143432751,0.0
113843,5.130085501425022,0.5519742143432715,560,681,1241,0.0,-0.0008333472224535399,0.5519742143432751,0.0
113844,5.129252154202568,0.5519742143432715,560,681,1241,0.0,-0.0008333472224535399,0.5519742143432751,0.0
113845,5.128418806980115,0.5519742143432715,560,681,1241,0.0,-0.0008333472224535399,0.5519742143432751,0.0
113846,5.127585459757661,0.5511684125705076,560,681,1241,-0.0008058017727639033,-0.0008333472224535399,0.5518936341659988,-8.058017727639034e-05
113847,5.126752112535208,0.5511684125705076,560,681,1241,0.0,-0.0008333472224535399,0.5518130539887224,-8.058017727639034e-05
113848,5.125918765312754,0.5511684125705076,560,681,1241,0.0,-0.0008333472224535399,0.5517324738114461,-8.058017727639034e-05
113849,5.1250854180903005,0.5511684125705076,560,681,1241,0.0,-0.0008333472224535399,0.5516518936341697,-8.058017727639034e-05
113850,5.124252070867847,0.5511684125705076,560,681,1241,0.0,-0.0008333472224535399,0.5515713134568934,-8.058017727639034e-05
113851,5.123418723645393,0.5511684125705076,560,681,1241,0.0,-0.0008333472224535399,0.5514907332796171,-8.058017727639034e-05
113852,5.12258537642294,0.5511684125705076,560,681,1241,0.0,-0.0008333472224535399,0.5514101531023406,-8.058017727639034e-05
113853,5.121752029200486,0.5511684125705076,560,681,1241,0.0,-0.0008333472224535399,0.5513295729250643,-8.058017727639034e-05
113854,5.120918681978033,0.5511684125705076,560,681,1241,0.0,-0.0008333472224535399,0.5512489927477879,-8.058017727639034e-05
113855,5.120085334755579,0.5511684125705076,560,681,1241,0.0,-0.0008333472224535399,0.5511684125705116,-8.058017727639034e-05
113856,5.119251987533126,0.5511684125705076,560,681,1241,0.0,-0.0008333472224535399,0.5511684125705116,0.0
113857,5.118418640310672,0.5511684125705076,560,681,1241,0.0,-0.0008333472224535399,0.5511684125705116,0.0
113858,5.117585293088219,0.5511684125705076,560,681,1241,0.0,-0.0008333472224535399,0.5511684125705116,0.0
113859,5.116751945865765,0.5511684125705076,560,681,1241,0.0,-0.0008333472224535399,0.5511684125705116,0.0
113860,5.1159185986433116,0.5511684125705076,560,681,1241,0.0,-0.0008333472224535399,0.5511684125705116,0.0
113861,5.115085251420858,0.5511684125705076,560,681,1241,0.0,-0.0008333472224535399,0.5511684125705116,0.0
113862,5.1142519041984045,0.5511684125705076,560,681,1241,0.0,-0.0008333472224535399,0.5511684125705116,0.0
113863,5.113418556975951,0.5511684125705076,560,681,1241,0.0,-0.0008333472224535399,0.5511684125705116,0.0
113864,5.112585209753497,0.5511684125705076,560,681,1241,0.0,-0.0008333472224535399,0.5511684125705116,0.0
113865,5.111751862531037,0.5511684125705076,560,681,1241,0.0,-0.0008333472224606453,0.5511684125705116,0.0
113866,5.110918515308583,0.5511684125705076,560,681,1241,0.0,-0.0008333472224535399,0.5511684125705116,0.0
113867,5.11008516808613,0.5511684125705076,560,681,1241,0.0,-0.0008333472224535399,0.5511684125705116,0.0
113868,5.109251820863676,0.5511684125705076,560,681,1241,0.0,-0.0008333472224535399,0.5511684125705116,0.0
113869,5.108418473641223,0.5511684125705076,560,681,1241,0.0,-0.0008333472224535399,0.5511684125705116,0.0
113870,5.107585126418769,0.5511684125705076,560,681,1241,0.0,-0.0008333472224535399,0.5511684125705116,0.0
113871,5.1067517791963155,0.5511684125705076,560,681,1241,0.0,-0.0008333472224535399,0.5511684125705116,0.0
113872,5.105918431973862,0.5511684125705076,560,681,1241,0.0,-0.0008333472224535399,0.5511684125705116,0.0
113873,5.105085084751408,0.5511684125705076,560,681,1241,0.0,-0.0008333472224535399,0.5511684125705116,0.0
113874,5.104251737528955,0.5511684125705076,560,681,1241,0.0,-0.0008333472224535399,0.5511684125705116,0.0
113875,5.103418390306501,0.5511684125705076,560,681,1241,0.0,-0.0008333472224535399,0.5511684125705116,0.0
113876,5.102585043084048,0.5511684125705076,560,681,1241,0.0,-0.0008333472224535399,0.5511684125705116,0.0
113877,5.101751695861594,0.5511684125705076,560,681,1241,0.0,-0.0008333472224535399,0.5511684125705116,0.0
113878,5.100918348639141,0.5519742143432715,560,681,1241,0.0008058017727639033,-0.0008333472224535399,0.5512489927477879,8.058017727639034e-05
113879,5.100085001416687,0.5519742143432715,560,681,1241,0.0,-0.0008333472224535399,0.5513295729250643,8.058017727639034e-05
113880,5.099251654194234,0.5519742143432715,560,681,1241,0.0,-0.0008333472224535399,0.5514101531023406,8.058017727639034e-05
113881,5.09841830697178,0.5519742143432715,560,681,1241,0.0,-0.0008333472224535399,0.5514907332796171,8.058017727639034e-05
113882,5.097584959749327,0.5519742143432715,560,681,1241,0.0,-0.0008333472224535399,0.5515713134568934,8.058017727639034e-05
113883,5.096751612526873,0.5511684125705076,560,681,1241,-0.0008058017727639033,-0.0008333472224535399,0.5515713134568934,0.0
113884,5.0959182653044195,0.5511684125705076,560,681,1241,0.0,-0.0008333472224535399,0.5515713134568934,0.0
113885,5.095084918081966,0.5511684125705076,560,681,1241,0.0,-0.0008333472224535399,0.5515713134568934,0.0
113886,5.094251570859512,0.5511684125705076,560,681,1241,0.0,-0.0008333472224535399,0.5515713134568934,0.0
113887,5.093418223637059,0.5511684125705076,560,681,1241,0.0,-0.0008333472224535399,0.5515713134568934,0.0
113888,5.092584876414605,0.5511684125705076,560,681,1241,0.0,-0.0008333472224535399,0.5514907332796171,-8.058017727639034e-05
113889,5.091751529192152,0.5511684125705076,560,681,1241,0.0,-0.0008333472224535399,0.5514101531023406,-8.058017727639034e-05
113890,5.090918181969698,0.5511684125705076,560,681,1241,0.0,-0.0008333472224535399,0.5513295729250643,-8.058017727639034e-05
113891,5.090084834747245,0.5511684125705076,560,681,1241,0.0,-0.0008333472224535399,0.5512489927477879,-8.058017727639034e-05
113892,5.089251487524791,0.5511684125705076,560,681,1241,0.0,-0.0008333472224535399,0.5511684125705116,-8.058017727639034e-05
113893,5.088418140302338,0.5511684125705076,560,681,1241,0.0,-0.0008333472224535399,0.5511684125705116,0.0
113894,5.087584793079884,0.5511684125705076,560,681,1241,0.0,-0.0008333472224535399,0.5511684125705116,0.0
113895,5.0867514458574306,0.5511684125705076,560,681,1241,0.0,-0.0008333472224535399,0.5511684125705116,0.0
113896,5.085918098634977,0.5511684125705076,560,681,1241,0.0,-0.0008333472224535399,0.5511684125705116,0.0
113897,5.0850847514125235,0.5511684125705076,560,681,1241,0.0,-0.0008333472224535399,0.5511684125705116,0.0
113898,5.08425140419007,0.5511684125705076,560,681,1241,0.0,-0.0008333472224535399,0.5511684125705116,0.0
113899,5.083418056967616,0.5511684125705076,560,681,1241,0.0,-0.0008333472224535399,0.5511684125705116,0.0
113900,5.082584709745163,0.5511684125705076,560,681,1241,0.0,-0.0008333472224535399,0.5511684125705116,0.0
113901,5.081751362522709,0.5511684125705076,560,681,1241,0.0,-0.0008333472224535399,0.5511684125705116,0.0
113902,5.080918015300256,0.5511684125705076,560,681,1241,0.0,-0.0008333472224535399,0.5511684125705116,0.0
113903,5.080084668077802,0.5511684125705076,560,681,1241,0.0,-0.0008333472224535399,0.5511684125705116,0.0
113904,5.079251320855349,0.5511684125705076,560,681,1241,0.0,-0.0008333472224535399,0.5511684125705116,0.0
113905,5.078417973632895,0.5511684125705076,560,681,1241,0.0,-0.0008333472224535399,0.5511684125705116,0.0
113906,5.077584626410442,0.5511684125705076,560,681,1241,0.0,-0.0008333472224535399,0.5511684125705116,0.0
113907,5.076751279187988,0.5511684125705076,560,681,1241,0.0,-0.0008333472224535399,0.5511684125705116,0.0
113908,5.075917931965527,0.5511684125705076,560,681,1241,0.0,-0.0008333472224606453,0.5511684125705116,0.0
113909,5.075084584743074,0.5511684125705076,560,681,1241,0.0,-0.0008333472224535399,0.5511684125705116,0.0
113910,5.07425123752062,0.5511684125705076,560,681,1241,0.0,-0.0008333472224535399,0.5511684125705116,0.0
113911,5.073417890298167,0.5511684125705076,560,681,1241,0.0,-0.0008333472224535399,0.5511684125705116,0.0
113912,5.072584543075713,0.5511684125705076,560,681,1241,0.0,-0.0008333472224535399,0.5511684125705116,0.0
113913,5.07175119585326,0.5511684125705076,560,681,1241,0.0,-0.0008333472224535399,0.5511684125705116,0.0
113914,5.070917848630806,0.5511684125705076,560,681,1241,0.0,-0.0008333472224535399,0.5511684125705116,0.0
113915,5.070084501408353,0.5511684125705076,560,681,1241,0.0,-0.0008333472224535399,0.5511684125705116,0.0
113916,5.069251154185899,0.5511684125705076,560,681,1241,0.0,-0.0008333472224535399,0.5511684125705116,0.0
113917,5.068417806963446,0.5511684125705076,560,681,1241,0.0,-0.0008333472224535399,0.5511684125705116,0.0
113918,5.067584459740992,0.5511684125705076,560,681,1241,0.0,-0.0008333472224535399,0.5511684125705116,0.0
113919,5.0667511125185385,0.5511684125705076,560,681,1241,0.0,-0.0008333472224535399,0.5511684125705116,0.0
113920,5.065917765296085,0.5511684125705076,560,681,1241,0.0,-0.0008333472224535399,0.5511684125705116,0.0
113921,5.065084418073631,0.5511684125705076,560,681,1241,0.0,-0.0008333472224535399,0.5511684125705116,0.0
113922,5.064251070851178,0.5511684125705076,560,681,1241,0.0,-0.0008333472224535399,0.5511684125705116,0.0
113923,5.063417723628724,0.5511684125705076,560,681,1241,0.0,-0.0008333472224535399,0.5511684125705116,0.0
113924,5.062584376406271,0.5511684125705076,560,681,1241,0.0,-0.0008333472224535399,0.5511684125705116,0.0
113925,5.061751029183817,0.5511684125705076,560,681,1241,0.0,-0.0008333472224535399,0.5511684125705116,0.0
113926,5.060917681961364,0.5511684125705076,560,681,1241,0.0,-0.0008333472224535399,0.5511684125705116,0.0
113927,5.06008433473891,0.5511684125705076,560,681,1241,0.0,-0.0008333472224535399,0.5511684125705116,0.0
113928,5.059250987516457,0.5511684125705076,560,681,1241,0.0,-0.0008333472224535399,0.5511684125705116,0.0
113929,5.058417640294003,0.5511684125705076,560,681,1241,0.0,-0.0008333472224535399,0.5511684125705116,0.0
113930,5.0575842930715496,0.5511684125705076,560,681,1241,0.0,-0.0008333472224535399,0.5511684125705116,0.0
113931,5.056750945849096,0.5511684125705076,560,681,1241,0.0,-0.0008333472224535399,0.5511684125705116,0.0
113932,5.0559175986266425,0.5511684125705076,560,681,1241,0.0,-0.0008333472224535399,0.5511684125705116,0.0
113933,5.055084251404189,0.5511684125705076,560,681,1241,0.0,-0.0008333472224535399,0.5511684125705116,0.0
113934,5.054250904181735,0.5511684125705076,560,681,1241,0.0,-0.0008333472224535399,0.5511684125705116,0.0
113935,5.053417556959282,0.5511684125705076,560,681,1241,0.0,-0.0008333472224535399,0.5511684125705116,0.0
113936,5.052584209736828,0.5511684125705076,560,681,1241,0.0,-0.0008333472224535399,0.5511684125705116,0.0
113937,5.051750862514375,0.5511684125705076,560,681,1241,0.0,-0.0008333472224535399,0.5511684125705116,0.0
113938,5.050917515291921,0.5511684125705076,560,681,1241,0.0,-0.0008333472224535399,0.5511684125705116,0.0
113939,5.050084168069468,0.5511684125705076,560,681,1241,0.0,-0.0008333472224535399,0.5511684125705116,0.0
113940,5.049250820847014,0.5511684125705076,560,681,1241,0.0,-0.0008333472224535399,0.5511684125705116,0.0
113941,5.048417473624561,0.5511684125705076,560,681,1241,0.0,-0.0008333472224535399,0.5511684125705116,0.0
113942,5.047584126402107,0.5511684125705076,560,681,1241,0.0,-0.0008333472224535399,0.5511684125705116,0.0
113943,5.0467507791796535,0.5511684125705076,560,681,1241,0.0,-0.0008333472224535399,0.5511684125705116,0.0
113944,5.0459174319572,0.5511684125705076,560,681,1241,0.0,-0.0008333472224535399,0.5511684125705116,0.0
113945,5.0450840847347465,0.5511684125705076,560,681,1241,0.0,-0.0008333472224535399,0.5511684125705116,0.0
113946,5.044250737512293,0.5511684125705076,560,681,1241,0.0,-0.0008333472224535399,0.5511684125705116,0.0
113947,5.043417390289839,0.5511684125705076,560,681,1241,0.0,-0.0008333472224535399,0.5511684125705116,0.0
113948,5.042584043067386,0.5511684125705076,560,681,1241,0.0,-0.0008333472224535399,0.5511684125705116,0.0
113949,5.041750695844932,0.5511684125705076,560,681,1241,0.0,-0.0008333472224535399,0.5511684125705116,0.0
113950,5.040917348622472,0.5511684125705076,560,681,1241,0.0,-0.0008333472224606453,0.5511684125705116,0.0
113951,5.040084001400018,0.5511684125705076,560,681,1241,0.0,-0.0008333472224535399,0.5511684125705116,0.0
113952,5.039250654177565,0.5511684125705076,560,681,1241,0.0,-0.0008333472224535399,0.5511684125705116,0.0
113953,5.038417306955111,0.5511684125705076,560,681,1241,0.0,-0.0008333472224535399,0.5511684125705116,0.0
113954,5.0375839597326575,0.5511684125705076,560,681,1241,0.0,-0.0008333472224535399,0.5511684125705116,0.0
113955,5.036750612510204,0.5511684125705076,560,681,1241,0.0,-0.0008333472224535399,0.5511684125705116,0.0
113956,5.03591726528775,0.5511684125705076,560,681,1241,0.0,-0.0008333472224535399,0.5511684125705116,0.0
113957,5.035083918065297,0.5511684125705076,560,681,1241,0.0,-0.0008333472224535399,0.5511684125705116,0.0
113958,5.034250570842843,0.5511684125705076,560,681,1241,0.0,-0.0008333472224535399,0.5511684125705116,0.0
113959,5.03341722362039,0.5511684125705076,560,681,1241,0.0,-0.0008333472224535399,0.5511684125705116,0.0
113960,5.032583876397936,0.5511684125705076,560,681,1241,0.0,-0.0008333472224535399,0.5511684125705116,0.0
113961,5.031750529175483,0.5511684125705076,560,681,1241,0.0,-0.0008333472224535399,0.5511684125705116,0.0
113962,5.030917181953029,0.5511684125705076,560,681,1241,0.0,-0.0008333472224535399,0.5511684125705116,0.0
113963,5.030083834730576,0.5511684125705076,560,681,1241,0.0,-0.0008333472224535399,0.5511684125705116,0.0
113964,5.029250487508122,0.5511684125705076,560,681,1241,0.0,-0.0008333472224535399,0.5511684125705116,0.0
113965,5.0284171402856686,0.5511684125705076,560,681,1241,0.0,-0.0008333472224535399,0.5511684125705116,0.0
113966,5.027583793063215,0.5511684125705076,560,681,1241,0.0,-0.0008333472224535399,0.5511684125705116,0.0
113967,5.0267504458407615,0.5511684125705076,560,681,1241,0.0,-0.0008333472224535399,0.5511684125705116,0.0
113968,5.025917098618308,0.5511684125705076,560,681,1241,0.0,-0.0008333472224535399,0.5511684125705116,0.0
113969,5.025083751395854,0.5511684125705076,560,681,1241,0.0,-0.0008333472224535399,0.5511684125705116,0.0
113970,5.024250404173401,0.5511684125705076,560,681,1241,0.0,-0.0008333472224535399,0.5511684125705116,0.0
113971,5.023417056950947,0.5511684125705076,560,681,1241,0.0,-0.0008333472224535399,0.5511684125705116,0.0
113972,5.022583709728494,0.5511684125705076,560,681,1241,0.0,-0.0008333472224535399,0.5511684125705116,0.0
113973,5.02175036250604,0.5511684125705076,560,681,1241,0.0,-0.0008333472224535399,0.5511684125705116,0.0
113974,5.020917015283587,0.5511684125705076,560,681,1241,0.0,-0.0008333472224535399,0.5511684125705116,0.0
113975,5.020083668061133,0.5511684125705076,560,681,1241,0.0,-0.0008333472224535399,0.5511684125705116,0.0
113976,5.01925032083868,0.5511684125705076,560,681,1241,0.0,-0.0008333472224535399,0.5511684125705116,0.0
113977,5.018416973616226,0.5511684125705076,560,681,1241,0.0,-0.0008333472224535399,0.5511684125705116,0.0
113978,5.0175836263937725,0.5511684125705076,560,681,1241,0.0,-0.0008333472224535399,0.5511684125705116,0.0
113979,5.016750279171319,0.5511684125705076,560,681,1241,0.0,-0.0008333472224535399,0.5511684125705116,0.0
113980,5.0159169319488655,0.5511684125705076,560,681,1241,0.0,-0.0008333472224535399,0.5511684125705116,0.0
113981,5.015083584726412,0.5511684125705076,560,681,1241,0.0,-0.0008333472224535399,0.5511684125705116,0.0
113982,5.014250237503958,0.5511684125705076,560,681,1241,0.0,-0.0008333472224535399,0.5511684125705116,0.0
113983,5.013416890281505,0.5511684125705076,560,681,1241,0.0,-0.0008333472224535399,0.5511684125705116,0.0
113984,5.012583543059051,0.5511684125705076,560,681,1241,0.0,-0.0008333472224535399,0.5511684125705116,0.0
113985,5.011750195836598,0.5511684125705076,560,681,1241,0.0,-0.0008333472224535399,0.5511684125705116,0.0
113986,5.010916848614144,0.5511684125705076,560,681,1241,0.0,-0.0008333472224535399,0.5511684125705116,0.0
113987,5.010083501391691,0.5511684125705076,560,681,1241,0.0,-0.0008333472224535399,0.5511684125705116,0.0
113988,5.009250154169237,0.5511684125705076,560,681,1241,0.0,-0.0008333472224535399,0.5511684125705116,0.0
113989,5.008416806946784,0.5511684125705076,560,681,1241,0.0,-0.0008333472224535399,0.5511684125705116,0.0
113990,5.00758345972433,0.5511684125705076,560,681,1241,0.0,-0.0008333472224535399,0.5511684125705116,0.0
113991,5.0067501125018765,0.5511684125705076,560,681,1241,0.0,-0.0008333472224535399,0.5511684125705116,0.0
113992,5.005916765279423,0.5511684125705076,560,681,1241,0.0,-0.0008333472224535399,0.5511684125705116,0.0
113993,5.005083418056962,0.5511684125705076,560,681,1241,0.0,-0.0008333472224606453,0.5511684125705116,0.0
113994,5.004250070834509,0.5511684125705076,560,681,1241,0.0,-0.0008333472224535399,0.5511684125705116,0.0
113995,5.003416723612055,0.5511684125705076,560,681,1241,0.0,-0.0008333472224535399,0.5511684125705116,0.0
113996,5.002583376389602,0.5511684125705076,560,681,1241,0.0,-0.0008333472224535399,0.5511684125705116,0.0
113997,5.001750029167148,0.5511684125705076,560,681,1241,0.0,-0.0008333472224535399,0.5511684125705116,0.0
113998,5.000916681944695,0.5511684125705076,560,681,1241,0.0,-0.0008333472224535399,0.5511684125705116,0.0
113999,5.000083334722241,0.5511684125705076,560,681,1241,0.0,-0.0008333472224535399,0.5511684125705116,0.0
114000,4.9992499874997876,0.5511684125705076,560,681,1241,0.0,-0.0008333472224535399,0.5511684125705116,0.0
114001,4.998416640277334,0.5511684125705076,560,681,1241,0.0,-0.0008333472224535399,0.5511684125705116,0.0
114002,4.9975832930548805,0.5511684125705076,560,681,1241,0.0,-0.0008333472224535399,0.5511684125705116,0.0
114003,4.996749945832427,0.5511684125705076,560,681,1241,0.0,-0.0008333472224535399,0.5511684125705116,0.0
114004,4.995916598609973,0.5511684125705076,560,681,1241,0.0,-0.0008333472224535399,0.5511684125705116,0.0
114005,4.99508325138752,0.5511684125705076,560,681,1241,0.0,-0.0008333472224535399,0.5511684125705116,0.0
114006,4.994249904165066,0.5511684125705076,560,681,1241,0.0,-0.0008333472224535399,0.5511684125705116,0.0
114007,4.993416556942613,0.5511684125705076,560,681,1241,0.0,-0.0008333472224535399,0.5511684125705116,0.0
114008,4.992583209720159,0.5511684125705076,560,681,1241,0.0,-0.0008333472224535399,0.5511684125705116,0.0
114009,4.991749862497706,0.5511684125705076,560,681,1241,0.0,-0.0008333472224535399,0.5511684125705116,0.0
114010,4.990916515275252,0.5511684125705076,560,681,1241,0.0,-0.0008333472224535399,0.5511684125705116,0.0
114011,4.990083168052799,0.5511684125705076,560,681,1241,0.0,-0.0008333472224535399,0.5511684125705116,0.0
114012,4.989249820830345,0.5511684125705076,560,681,1241,0.0,-0.0008333472224535399,0.5511684125705116,0.0
114013,4.9884164736078915,0.5511684125705076,560,681,1241,0.0,-0.0008333472224535399,0.5511684125705116,0.0
114014,4.987583126385438,0.5511684125705076,560,681,1241,0.0,-0.0008333472224535399,0.5511684125705116,0.0
114015,4.9867497791629845,0.5511684125705076,560,681,1241,0.0,-0.0008333472224535399,0.5511684125705116,0.0
114016,4.985916431940531,0.5511684125705076,560,681,1241,0.0,-0.0008333472224535399,0.5511684125705116,0.0
114017,4.985083084718077,0.5511684125705076,560,681,1241,0.0,-0.0008333472224535399,0.5511684125705116,0.0
114018,4.984249737495624,0.5511684125705076,560,681,1241,0.0,-0.0008333472224535399,0.5511684125705116,0.0
114019,4.98341639027317,0.5511684125705076,560,681,1241,0.0,-0.0008333472224535399,0.5511684125705116,0.0
114020,4.982583043050717,0.5511684125705076,560,681,1241,0.0,-0.0008333472224535399,0.5511684125705116,0.0
114021,4.981749695828263,0.5511684125705076,560,681,1241,0.0,-0.0008333472224535399,0.5511684125705116,0.0
114022,4.98091634860581,0.5511684125705076,560,681,1241,0.0,-0.0008333472224535399,0.5511684125705116,0.0
114023,4.980083001383356,0.5511684125705076,560,681,1241,0.0,-0.0008333472224535399,0.5511684125705116,0.0
114024,4.979249654160903,0.5511684125705076,560,681,1241,0.0,-0.0008333472224535399,0.5511684125705116,0.0
114025,4.978416306938449,0.5511684125705076,560,681,1241,0.0,-0.0008333472224535399,0.5511684125705116,0.0
114026,4.9775829597159955,0.5511684125705076,560,681,1241,0.0,-0.0008333472224535399,0.5511684125705116,0.0
114027,4.976749612493542,0.5511684125705076,560,681,1241,0.0,-0.0008333472224535399,0.5511684125705116,0.0
114028,4.975916265271088,0.5511684125705076,560,681,1241,0.0,-0.0008333472224535399,0.5511684125705116,0.0
114029,4.975082918048635,0.5511684125705076,560,681,1241,0.0,-0.0008333472224535399,0.5511684125705116,0.0
114030,4.974249570826181,0.5511684125705076,560,681,1241,0.0,-0.0008333472224535399,0.5511684125705116,0.0
114031,4.973416223603728,0.5511684125705076,560,681,1241,0.0,-0.0008333472224535399,0.5511684125705116,0.0
114032,4.972582876381274,0.5511684125705076,560,681,1241,0.0,-0.0008333472224535399,0.5511684125705116,0.0
114033,4.971749529158821,0.5511684125705076,560,681,1241,0.0,-0.0008333472224535399,0.5511684125705116,0.0
114034,4.970916181936367,0.5511684125705076,560,681,1241,0.0,-0.0008333472224535399,0.5511684125705116,0.0
114035,4.9700828347139065,0.5511684125705076,560,681,1241,0.0,-0.0008333472224606453,0.5511684125705116,0.0
114036,4.969249487491453,0.5511684125705076,560,681,1241,0.0,-0.0008333472224535399,0.5511684125705116,0.0
114037,4.9684161402689995,0.5511684125705076,560,681,1241,0.0,-0.0008333472224535399,0.5511684125705116,0.0
114038,4.967582793046546,0.5511684125705076,560,681,1241,0.0,-0.0008333472224535399,0.5511684125705116,0.0
114039,4.966749445824092,0.5511684125705076,560,681,1241,0.0,-0.0008333472224535399,0.5511684125705116,0.0
114040,4.965916098601639,0.5511684125705076,560,681,1241,0.0,-0.0008333472224535399,0.5511684125705116,0.0
114041,4.965082751379185,0.5511684125705076,560,681,1241,0.0,-0.0008333472224535399,0.5511684125705116,0.0
114042,4.964249404156732,0.5511684125705076,560,681,1241,0.0,-0.0008333472224535399,0.5511684125705116,0.0
114043,4.963416056934278,0.5511684125705076,560,681,1241,0.0,-0.0008333472224535399,0.5511684125705116,0.0
114044,4.962582709711825,0.5511684125705076,560,681,1241,0.0,-0.0008333472224535399,0.5511684125705116,0.0
114045,4.961749362489371,0.5511684125705076,560,681,1241,0.0,-0.0008333472224535399,0.5511684125705116,0.0
114046,4.960916015266918,0.5511684125705076,560,681,1241,0.0,-0.0008333472224535399,0.5511684125705116,0.0
114047,4.960082668044464,0.5511684125705076,560,681,1241,0.0,-0.0008333472224535399,0.5511684125705116,0.0
114048,4.9592493208220105,0.5511684125705076,560,681,1241,0.0,-0.0008333472224535399,0.5511684125705116,0.0
114049,4.958415973599557,0.5511684125705076,560,681,1241,0.0,-0.0008333472224535399,0.5511684125705116,0.0
114050,4.9575826263771035,0.5511684125705076,560,681,1241,0.0,-0.0008333472224535399,0.5511684125705116,0.0
114051,4.95674927915465,0.5511684125705076,560,681,1241,0.0,-0.0008333472224535399,0.5511684125705116,0.0
114052,4.955915931932196,0.5511684125705076,560,681,1241,0.0,-0.0008333472224535399,0.5511684125705116,0.0
114053,4.955082584709743,0.5511684125705076,560,681,1241,0.0,-0.0008333472224535399,0.5511684125705116,0.0
114054,4.954249237487289,0.5511684125705076,560,681,1241,0.0,-0.0008333472224535399,0.5511684125705116,0.0
114055,4.953415890264836,0.5511684125705076,560,681,1241,0.0,-0.0008333472224535399,0.5511684125705116,0.0
114056,4.952582543042382,0.5511684125705076,560,681,1241,0.0,-0.0008333472224535399,0.5511684125705116,0.0
114057,4.951749195819929,0.5511684125705076,560,681,1241,0.0,-0.0008333472224535399,0.5511684125705116,0.0
114058,4.950915848597475,0.5511684125705076,560,681,1241,0.0,-0.0008333472224535399,0.5511684125705116,0.0
114059,4.950082501375022,0.5511684125705076,560,681,1241,0.0,-0.0008333472224535399,0.5511684125705116,0.0
114060,4.949249154152568,0.5511684125705076,560,681,1241,0.0,-0.0008333472224535399,0.5511684125705116,0.0
114061,4.9484158069301145,0.5511684125705076,560,681,1241,0.0,-0.0008333472224535399,0.5511684125705116,0.0
114062,4.947582459707661,0.5511684125705076,560,681,1241,0.0,-0.0008333472224535399,0.5511684125705116,0.0
114063,4.946749112485207,0.5511684125705076,560,681,1241,0.0,-0.0008333472224535399,0.5511684125705116,0.0
114064,4.945915765262754,0.5511684125705076,560,681,1241,0.0,-0.0008333472224535399,0.5511684125705116,0.0
114065,4.9450824180403,0.5511684125705076,560,681,1241,0.0,-0.0008333472224535399,0.5511684125705116,0.0
114066,4.944249070817847,0.5511684125705076,560,681,1241,0.0,-0.0008333472224535399,0.5511684125705116,0.0
114067,4.943415723595393,0.5511684125705076,560,681,1241,0.0,-0.0008333472224535399,0.5511684125705116,0.0
114068,4.94258237637294,0.5511684125705076,560,681,1241,0.0,-0.0008333472224535399,0.5511684125705116,0.0
114069,4.941749029150486,0.5511684125705076,560,681,1241,0.0,-0.0008333472224535399,0.5511684125705116,0.0
114070,4.940915681928033,0.5511684125705076,560,681,1241,0.0,-0.0008333472224535399,0.5511684125705116,0.0
114071,4.940082334705579,0.5511684125705076,560,681,1241,0.0,-0.0008333472224535399,0.5511684125705116,0.0
114072,4.939248987483126,0.5511684125705076,560,681,1241,0.0,-0.0008333472224535399,0.5511684125705116,0.0
114073,4.938415640260672,0.5511684125705076,560,681,1241,0.0,-0.0008333472224535399,0.5511684125705116,0.0
114074,4.9375822930382185,0.5511684125705076,560,681,1241,0.0,-0.0008333472224535399,0.5511684125705116,0.0
114075,4.936748945815765,0.5511684125705076,560,681,1241,0.0,-0.0008333472224535399,0.5511684125705116,0.0
114076,4.935915598593311,0.5511684125705076,560,681,1241,0.0,-0.0008333472224535399,0.5511684125705116,0.0
114077,4.935082251370851,0.5511684125705076,560,681,1241,0.0,-0.0008333472224606453,0.5511684125705116,0.0
114078,4.934248904148397,0.5511684125705076,560,681,1241,0.0,-0.0008333472224535399,0.5511684125705116,0.0
114079,4.933415556925944,0.5511684125705076,560,681,1241,0.0,-0.0008333472224535399,0.5511684125705116,0.0
114080,4.93258220970349,0.5511684125705076,560,681,1241,0.0,-0.0008333472224535399,0.5511684125705116,0.0
114081,4.931748862481037,0.5511684125705076,560,681,1241,0.0,-0.0008333472224535399,0.5511684125705116,0.0
114082,4.930915515258583,0.5511684125705076,560,681,1241,0.0,-0.0008333472224535399,0.5511684125705116,0.0
114083,4.9300821680361295,0.5511684125705076,560,681,1241,0.0,-0.0008333472224535399,0.5511684125705116,0.0
114084,4.929248820813676,0.5511684125705076,560,681,1241,0.0,-0.0008333472224535399,0.5511684125705116,0.0
114085,4.9284154735912225,0.5511684125705076,560,681,1241,0.0,-0.0008333472224535399,0.5511684125705116,0.0
114086,4.927582126368769,0.5511684125705076,560,681,1241,0.0,-0.0008333472224535399,0.5511684125705116,0.0
114087,4.926748779146315,0.5511684125705076,560,681,1241,0.0,-0.0008333472224535399,0.5511684125705116,0.0
114088,4.925915431923862,0.5511684125705076,560,681,1241,0.0,-0.0008333472224535399,0.5511684125705116,0.0
114089,4.925082084701408,0.5511684125705076,560,681,1241,0.0,-0.0008333472224535399,0.5511684125705116,0.0
114090,4.924248737478955,0.5511684125705076,560,681,1241,0.0,-0.0008333472224535399,0.5511684125705116,0.0
114091,4.923415390256501,0.5511684125705076,560,681,1241,0.0,-0.0008333472224535399,0.5511684125705116,0.0
114092,4.922582043034048,0.5511684125705076,560,681,1241,0.0,-0.0008333472224535399,0.5511684125705116,0.0
114093,4.921748695811594,0.5511684125705076,560,681,1241,0.0,-0.0008333472224535399,0.5511684125705116,0.0
114094,4.920915348589141,0.5511684125705076,560,681,1241,0.0,-0.0008333472224535399,0.5511684125705116,0.0
114095,4.920082001366687,0.5511684125705076,560,681,1241,0.0,-0.0008333472224535399,0.5511684125705116,0.0
114096,4.9192486541442335,0.5519742143432715,560,681,1241,0.0008058017727639033,-0.0008333472224535399,0.5512489927477879,8.058017727639034e-05
114097,4.91841530692178,0.5519742143432715,560,681,1241,0.0,-0.0008333472224535399,0.5513295729250643,8.058017727639034e-05
114098,4.917581959699326,0.5519742143432715,560,681,1241,0.0,-0.0008333472224535399,0.5514101531023406,8.058017727639034e-05
114099,4.916748612476873,0.5519742143432715,560,681,1241,0.0,-0.0008333472224535399,0.5514907332796171,8.058017727639034e-05
114100,4.915915265254419,0.5519742143432715,560,681,1241,0.0,-0.0008333472224535399,0.5515713134568934,8.058017727639034e-05
114101,4.915081918031966,0.5519742143432715,560,681,1241,0.0,-0.0008333472224535399,0.5516518936341697,8.058017727639034e-05
114102,4.914248570809512,0.5519742143432715,560,681,1241,0.0,-0.0008333472224535399,0.5517324738114461,8.058017727639034e-05
114103,4.913415223587059,0.5519742143432715,560,681,1241,0.0,-0.0008333472224535399,0.5518130539887224,8.058017727639034e-05
114104,4.912581876364605,0.5519742143432715,560,681,1241,0.0,-0.0008333472224535399,0.5518936341659988,8.058017727639034e-05
114105,4.911748529142152,0.5519742143432715,560,681,1241,0.0,-0.0008333472224535399,0.5519742143432751,8.058017727639034e-05
114106,4.910915181919698,0.5519742143432715,560,681,1241,0.0,-0.0008333472224535399,0.5519742143432751,0.0
114107,4.910081834697245,0.5519742143432715,560,681,1241,0.0,-0.0008333472224535399,0.5519742143432751,0.0
114108,4.909248487474791,0.5519742143432715,560,681,1241,0.0,-0.0008333472224535399,0.5519742143432751,0.0
114109,4.9084151402523375,0.5519742143432715,560,681,1241,0.0,-0.0008333472224535399,0.5519742143432751,0.0
114110,4.907581793029884,0.5519742143432715,560,681,1241,0.0,-0.0008333472224535399,0.5519742143432751,0.0
114111,4.90674844580743,0.5519742143432715,560,681,1241,0.0,-0.0008333472224535399,0.5519742143432751,0.0
114112,4.905915098584977,0.5519742143432715,560,681,1241,0.0,-0.0008333472224535399,0.5519742143432751,0.0
114113,4.905081751362523,0.5519742143432715,560,681,1241,0.0,-0.0008333472224535399,0.5519742143432751,0.0
114114,4.90424840414007,0.5519742143432715,560,681,1241,0.0,-0.0008333472224535399,0.5519742143432751,0.0
114115,4.903415056917616,0.5519742143432715,560,681,1241,0.0,-0.0008333472224535399,0.5519742143432751,0.0
114116,4.902581709695163,0.5519742143432715,560,681,1241,0.0,-0.0008333472224535399,0.5519742143432751,0.0
114117,4.901748362472709,0.5519742143432715,560,681,1241,0.0,-0.0008333472224535399,0.5519742143432751,0.0
114118,4.900915015250256,0.5519742143432715,560,681,1241,0.0,-0.0008333472224535399,0.5519742143432751,0.0
114119,4.900081668027802,0.5519742143432715,560,681,1241,0.0,-0.0008333472224535399,0.5519742143432751,0.0
114120,4.8992483208053415,0.5519742143432715,560,681,1241,0.0,-0.0008333472224606453,0.5519742143432751,0.0
114121,4.898414973582888,0.5519742143432715,560,681,1241,0.0,-0.0008333472224535399,0.5519742143432751,0.0
114122,4.897581626360434,0.5519742143432715,560,681,1241,0.0,-0.0008333472224535399,0.5519742143432751,0.0
114123,4.896748279137981,0.5519742143432715,560,681,1241,0.0,-0.0008333472224535399,0.5519742143432751,0.0
114124,4.895914931915527,0.5519742143432715,560,681,1241,0.0,-0.0008333472224535399,0.5519742143432751,0.0
114125,4.895081584693074,0.5519742143432715,560,681,1241,0.0,-0.0008333472224535399,0.5519742143432751,0.0
114126,4.89424823747062,0.5519742143432715,560,681,1241,0.0,-0.0008333472224535399,0.5519742143432751,0.0
114127,4.893414890248167,0.5519742143432715,560,681,1241,0.0,-0.0008333472224535399,0.5519742143432751,0.0
114128,4.892581543025713,0.5519742143432715,560,681,1241,0.0,-0.0008333472224535399,0.5519742143432751,0.0
114129,4.89174819580326,0.5519742143432715,560,681,1241,0.0,-0.0008333472224535399,0.5519742143432751,0.0
114130,4.890914848580806,0.5519742143432715,560,681,1241,0.0,-0.0008333472224535399,0.5519742143432751,0.0
114131,4.8900815013583525,0.5519742143432715,560,681,1241,0.0,-0.0008333472224535399,0.5519742143432751,0.0
114132,4.889248154135899,0.5519742143432715,560,681,1241,0.0,-0.0008333472224535399,0.5519742143432751,0.0
114133,4.888414806913445,0.5519742143432715,560,681,1241,0.0,-0.0008333472224535399,0.5519742143432751,0.0
114134,4.887581459690992,0.5519742143432715,560,681,1241,0.0,-0.0008333472224535399,0.5519742143432751,0.0
114135,4.886748112468538,0.5519742143432715,560,681,1241,0.0,-0.0008333472224535399,0.5519742143432751,0.0
114136,4.885914765246085,0.5519742143432715,560,681,1241,0.0,-0.0008333472224535399,0.5519742143432751,0.0
114137,4.885081418023631,0.5519742143432715,560,681,1241,0.0,-0.0008333472224535399,0.5519742143432751,0.0
114138,4.884248070801178,0.5519742143432715,560,681,1241,0.0,-0.0008333472224535399,0.5519742143432751,0.0
114139,4.883414723578724,0.5519742143432715,560,681,1241,0.0,-0.0008333472224535399,0.5519742143432751,0.0
114140,4.882581376356271,0.5519742143432715,560,681,1241,0.0,-0.0008333472224535399,0.5519742143432751,0.0
114141,4.881748029133817,0.5519742143432715,560,681,1241,0.0,-0.0008333472224535399,0.5519742143432751,0.0
114142,4.880914681911364,0.5519742143432715,560,681,1241,0.0,-0.0008333472224535399,0.5519742143432751,0.0
114143,4.88008133468891,0.5519742143432715,560,681,1241,0.0,-0.0008333472224535399,0.5519742143432751,0.0
114144,4.8792479874664565,0.5519742143432715,560,681,1241,0.0,-0.0008333472224535399,0.5519742143432751,0.0
114145,4.878414640244003,0.5519742143432715,560,681,1241,0.0,-0.0008333472224535399,0.5519742143432751,0.0
114146,4.877581293021549,0.5519742143432715,560,681,1241,0.0,-0.0008333472224535399,0.5519742143432751,0.0
114147,4.876747945799096,0.5519742143432715,560,681,1241,0.0,-0.0008333472224535399,0.5519742143432751,0.0
114148,4.875914598576642,0.5519742143432715,560,681,1241,0.0,-0.0008333472224535399,0.5519742143432751,0.0
114149,4.875081251354189,0.5519742143432715,560,681,1241,0.0,-0.0008333472224535399,0.5519742143432751,0.0
114150,4.874247904131735,0.5519742143432715,560,681,1241,0.0,-0.0008333472224535399,0.5519742143432751,0.0
114151,4.873414556909282,0.5519742143432715,560,681,1241,0.0,-0.0008333472224535399,0.5519742143432751,0.0
114152,4.872581209686828,0.5519742143432715,560,681,1241,0.0,-0.0008333472224535399,0.5519742143432751,0.0
114153,4.871747862464375,0.5519742143432715,560,681,1241,0.0,-0.0008333472224535399,0.5519742143432751,0.0
114154,4.870914515241921,0.5519742143432715,560,681,1241,0.0,-0.0008333472224535399,0.5519742143432751,0.0
114155,4.8700811680194676,0.5519742143432715,560,681,1241,0.0,-0.0008333472224535399,0.5519742143432751,0.0
114156,4.869247820797014,0.5519742143432715,560,681,1241,0.0,-0.0008333472224535399,0.5519742143432751,0.0
114157,4.8684144735745605,0.5519742143432715,560,681,1241,0.0,-0.0008333472224535399,0.5519742143432751,0.0
114158,4.867581126352107,0.5519742143432715,560,681,1241,0.0,-0.0008333472224535399,0.5519742143432751,0.0
114159,4.866747779129653,0.5519742143432715,560,681,1241,0.0,-0.0008333472224535399,0.5519742143432751,0.0
114160,4.8659144319072,0.5519742143432715,560,681,1241,0.0,-0.0008333472224535399,0.5519742143432751,0.0
114161,4.865081084684746,0.5519742143432715,560,681,1241,0.0,-0.0008333472224535399,0.5519742143432751,0.0
114162,4.864247737462286,0.5519742143432715,560,681,1241,0.0,-0.0008333472224606453,0.5519742143432751,0.0
114163,4.863414390239832,0.5519742143432715,560,681,1241,0.0,-0.0008333472224535399,0.5519742143432751,0.0
114164,4.862581043017379,0.5519742143432715,560,681,1241,0.0,-0.0008333472224535399,0.5519742143432751,0.0
114165,4.861747695794925,0.5519742143432715,560,681,1241,0.0,-0.0008333472224535399,0.5519742143432751,0.0
114166,4.8609143485724715,0.5519742143432715,560,681,1241,0.0,-0.0008333472224535399,0.5519742143432751,0.0
114167,4.860081001350018,0.5519742143432715,560,681,1241,0.0,-0.0008333472224535399,0.5519742143432751,0.0
114168,4.859247654127564,0.5519742143432715,560,681,1241,0.0,-0.0008333472224535399,0.5519742143432751,0.0
114169,4.858414306905111,0.5519742143432715,560,681,1241,0.0,-0.0008333472224535399,0.5519742143432751,0.0
114170,4.857580959682657,0.5519742143432715,560,681,1241,0.0,-0.0008333472224535399,0.5519742143432751,0.0
114171,4.856747612460204,0.5519742143432715,560,681,1241,0.0,-0.0008333472224535399,0.5519742143432751,0.0
114172,4.85591426523775,0.5519742143432715,560,681,1241,0.0,-0.0008333472224535399,0.5519742143432751,0.0
114173,4.855080918015297,0.5519742143432715,560,681,1241,0.0,-0.0008333472224535399,0.5519742143432751,0.0
114174,4.854247570792843,0.5519742143432715,560,681,1241,0.0,-0.0008333472224535399,0.5519742143432751,0.0
114175,4.85341422357039,0.5519742143432715,560,681,1241,0.0,-0.0008333472224535399,0.5519742143432751,0.0
114176,4.852580876347936,0.5519742143432715,560,681,1241,0.0,-0.0008333472224535399,0.5519742143432751,0.0
114177,4.851747529125483,0.5519742143432715,560,681,1241,0.0,-0.0008333472224535399,0.5519742143432751,0.0
114178,4.850914181903029,0.5519742143432715,560,681,1241,0.0,-0.0008333472224535399,0.5519742143432751,0.0
114179,4.8500808346805755,0.5519742143432715,560,681,1241,0.0,-0.0008333472224535399,0.5519742143432751,0.0
114180,4.849247487458122,0.5519742143432715,560,681,1241,0.0,-0.0008333472224535399,0.5519742143432751,0.0
114181,4.848414140235668,0.5519742143432715,560,681,1241,0.0,-0.0008333472224535399,0.5519742143432751,0.0
114182,4.847580793013215,0.5519742143432715,560,681,1241,0.0,-0.0008333472224535399,0.5519742143432751,0.0
114183,4.846747445790761,0.5519742143432715,560,681,1241,0.0,-0.0008333472224535399,0.5519742143432751,0.0
114184,4.845914098568308,0.5519742143432715,560,681,1241,0.0,-0.0008333472224535399,0.5519742143432751,0.0
114185,4.845080751345854,0.5519742143432715,560,681,1241,0.0,-0.0008333472224535399,0.5519742143432751,0.0
114186,4.844247404123401,0.5519742143432715,560,681,1241,0.0,-0.0008333472224535399,0.5519742143432751,0.0
114187,4.843414056900947,0.5519742143432715,560,681,1241,0.0,-0.0008333472224535399,0.5519742143432751,0.0
114188,4.842580709678494,0.5519742143432715,560,681,1241,0.0,-0.0008333472224535399,0.5519742143432751,0.0
114189,4.84174736245604,0.5519742143432715,560,681,1241,0.0,-0.0008333472224535399,0.5519742143432751,0.0
114190,4.8409140152335866,0.5519742143432715,560,681,1241,0.0,-0.0008333472224535399,0.5519742143432751,0.0
114191,4.840080668011133,0.5519742143432715,560,681,1241,0.0,-0.0008333472224535399,0.5519742143432751,0.0
114192,4.8392473207886795,0.5519742143432715,560,681,1241,0.0,-0.0008333472224535399,0.5519742143432751,0.0
114193,4.838413973566226,0.5519742143432715,560,681,1241,0.0,-0.0008333472224535399,0.5519742143432751,0.0
114194,4.837580626343772,0.5519742143432715,560,681,1241,0.0,-0.0008333472224535399,0.5519742143432751,0.0
114195,4.836747279121319,0.5519742143432715,560,681,1241,0.0,-0.0008333472224535399,0.5519742143432751,0.0
114196,4.835913931898865,0.5519742143432715,560,681,1241,0.0,-0.0008333472224535399,0.5519742143432751,0.0
114197,4.835080584676412,0.5519742143432715,560,681,1241,0.0,-0.0008333472224535399,0.5519742143432751,0.0
114198,4.834247237453958,0.5519742143432715,560,681,1241,0.0,-0.0008333472224535399,0.5519742143432751,0.0
114199,4.833413890231505,0.5519742143432715,560,681,1241,0.0,-0.0008333472224535399,0.5519742143432751,0.0
114200,4.832580543009051,0.5519742143432715,560,681,1241,0.0,-0.0008333472224535399,0.5519742143432751,0.0
114201,4.831747195786598,0.5519742143432715,560,681,1241,0.0,-0.0008333472224535399,0.5519742143432751,0.0
114202,4.830913848564144,0.5519742143432715,560,681,1241,0.0,-0.0008333472224535399,0.5519742143432751,0.0
114203,4.8300805013416905,0.5519742143432715,560,681,1241,0.0,-0.0008333472224535399,0.5519742143432751,0.0
114204,4.82924715411923,0.5519742143432715,560,681,1241,0.0,-0.0008333472224606453,0.5519742143432751,0.0
114205,4.828413806896776,0.5519742143432715,560,681,1241,0.0,-0.0008333472224535399,0.5519742143432751,0.0
114206,4.827580459674323,0.5519742143432715,560,681,1241,0.0,-0.0008333472224535399,0.5519742143432751,0.0
114207,4.826747112451869,0.5519742143432715,560,681,1241,0.0,-0.0008333472224535399,0.5519742143432751,0.0
114208,4.825913765229416,0.5519742143432715,560,681,1241,0.0,-0.0008333472224535399,0.5519742143432751,0.0
114209,4.825080418006962,0.5519742143432715,560,681,1241,0.0,-0.0008333472224535399,0.5519742143432751,0.0
114210,4.824247070784509,0.5519742143432715,560,681,1241,0.0,-0.0008333472224535399,0.5519742143432751,0.0
114211,4.823413723562055,0.5519742143432715,560,681,1241,0.0,-0.0008333472224535399,0.5519742143432751,0.0
114212,4.822580376339602,0.5519742143432715,560,681,1241,0.0,-0.0008333472224535399,0.5519742143432751,0.0
114213,4.821747029117148,0.5519742143432715,560,681,1241,0.0,-0.0008333472224535399,0.5519742143432751,0.0
114214,4.8209136818946945,0.5519742143432715,560,681,1241,0.0,-0.0008333472224535399,0.5519742143432751,0.0
114215,4.820080334672241,0.5519742143432715,560,681,1241,0.0,-0.0008333472224535399,0.5519742143432751,0.0
114216,4.819246987449787,0.5519742143432715,560,681,1241,0.0,-0.0008333472224535399,0.5519742143432751,0.0
114217,4.818413640227334,0.5519742143432715,560,681,1241,0.0,-0.0008333472224535399,0.5519742143432751,0.0
114218,4.81758029300488,0.5519742143432715,560,681,1241,0.0,-0.0008333472224535399,0.5519742143432751,0.0
114219,4.816746945782427,0.5519742143432715,560,681,1241,0.0,-0.0008333472224535399,0.5519742143432751,0.0
114220,4.815913598559973,0.5519742143432715,560,681,1241,0.0,-0.0008333472224535399,0.5519742143432751,0.0
114221,4.81508025133752,0.5519742143432715,560,681,1241,0.0,-0.0008333472224535399,0.5519742143432751,0.0
114222,4.814246904115066,0.5519742143432715,560,681,1241,0.0,-0.0008333472224535399,0.5519742143432751,0.0
114223,4.813413556892613,0.5519742143432715,560,681,1241,0.0,-0.0008333472224535399,0.5519742143432751,0.0
114224,4.812580209670159,0.5519742143432715,560,681,1241,0.0,-0.0008333472224535399,0.5519742143432751,0.0
114225,4.8117468624477056,0.5519742143432715,560,681,1241,0.0,-0.0008333472224535399,0.5519742143432751,0.0
114226,4.810913515225252,0.5519742143432715,560,681,1241,0.0,-0.0008333472224535399,0.5519742143432751,0.0
114227,4.8100801680027985,0.5519742143432715,560,681,1241,0.0,-0.0008333472224535399,0.5519742143432751,0.0
114228,4.809246820780345,0.5519742143432715,560,681,1241,0.0,-0.0008333472224535399,0.5519742143432751,0.0
114229,4.808413473557891,0.5519742143432715,560,681,1241,0.0,-0.0008333472224535399,0.5519742143432751,0.0
114230,4.807580126335438,0.5519742143432715,560,681,1241,0.0,-0.0008333472224535399,0.5519742143432751,0.0
114231,4.806746779112984,0.5519742143432715,560,681,1241,0.0,-0.0008333472224535399,0.5519742143432751,0.0
114232,4.805913431890531,0.5519742143432715,560,681,1241,0.0,-0.0008333472224535399,0.5519742143432751,0.0
114233,4.805080084668077,0.5519742143432715,560,681,1241,0.0,-0.0008333472224535399,0.5519742143432751,0.0
114234,4.804246737445624,0.5519742143432715,560,681,1241,0.0,-0.0008333472224535399,0.5519742143432751,0.0
114235,4.80341339022317,0.5519742143432715,560,681,1241,0.0,-0.0008333472224535399,0.5519742143432751,0.0
114236,4.802580043000717,0.5519742143432715,560,681,1241,0.0,-0.0008333472224535399,0.5519742143432751,0.0
114237,4.801746695778263,0.5519742143432715,560,681,1241,0.0,-0.0008333472224535399,0.5519742143432751,0.0
114238,4.8009133485558095,0.5519742143432715,560,681,1241,0.0,-0.0008333472224535399,0.5519742143432751,0.0
114239,4.800080001333356,0.5519742143432715,560,681,1241,0.0,-0.0008333472224535399,0.5519742143432751,0.0
114240,4.7992466541109025,0.5519742143432715,560,681,1241,0.0,-0.0008333472224535399,0.5519742143432751,0.0
114241,4.798413306888449,0.5519742143432715,560,681,1241,0.0,-0.0008333472224535399,0.5519742143432751,0.0
114242,4.797579959665995,0.5519742143432715,560,681,1241,0.0,-0.0008333472224535399,0.5519742143432751,0.0
114243,4.796746612443542,0.5519742143432715,560,681,1241,0.0,-0.0008333472224535399,0.5519742143432751,0.0
114244,4.795913265221088,0.5519742143432715,560,681,1241,0.0,-0.0008333472224535399,0.5519742143432751,0.0
114245,4.795079917998635,0.5519742143432715,560,681,1241,0.0,-0.0008333472224535399,0.5519742143432751,0.0
114246,4.794246570776181,0.5519742143432715,560,681,1241,0.0,-0.0008333472224535399,0.5519742143432751,0.0
114247,4.793413223553721,0.5519742143432715,560,681,1241,0.0,-0.0008333472224606453,0.5519742143432751,0.0
114248,4.792579876331267,0.5519742143432715,560,681,1241,0.0,-0.0008333472224535399,0.5519742143432751,0.0
114249,4.7917465291088135,0.5519742143432715,560,681,1241,0.0,-0.0008333472224535399,0.5519742143432751,0.0
114250,4.79091318188636,0.5519742143432715,560,681,1241,0.0,-0.0008333472224535399,0.5519742143432751,0.0
114251,4.790079834663906,0.5519742143432715,560,681,1241,0.0,-0.0008333472224535399,0.5519742143432751,0.0
114252,4.789246487441453,0.5519742143432715,560,681,1241,0.0,-0.0008333472224535399,0.5519742143432751,0.0
114253,4.788413140218999,0.5519742143432715,560,681,1241,0.0,-0.0008333472224535399,0.5519742143432751,0.0
114254,4.787579792996546,0.5519742143432715,560,681,1241,0.0,-0.0008333472224535399,0.5519742143432751,0.0
114255,4.786746445774092,0.5519742143432715,560,681,1241,0.0,-0.0008333472224535399,0.5519742143432751,0.0
114256,4.785913098551639,0.5519742143432715,560,681,1241,0.0,-0.0008333472224535399,0.5519742143432751,0.0
114257,4.785079751329185,0.5519742143432715,560,681,1241,0.0,-0.0008333472224535399,0.5519742143432751,0.0
114258,4.784246404106732,0.5519742143432715,560,681,1241,0.0,-0.0008333472224535399,0.5519742143432751,0.0
114259,4.783413056884278,0.5519742143432715,560,681,1241,0.0,-0.0008333472224535399,0.5519742143432751,0.0
114260,4.7825797096618246,0.5519742143432715,560,681,1241,0.0,-0.0008333472224535399,0.5519742143432751,0.0
114261,4.781746362439371,0.5519742143432715,560,681,1241,0.0,-0.0008333472224535399,0.5519742143432751,0.0
114262,4.7809130152169175,0.5519742143432715,560,681,1241,0.0,-0.0008333472224535399,0.5519742143432751,0.0
114263,4.780079667994464,0.5519742143432715,560,681,1241,0.0,-0.0008333472224535399,0.5519742143432751,0.0
114264,4.77924632077201,0.5519742143432715,560,681,1241,0.0,-0.0008333472224535399,0.5519742143432751,0.0
114265,4.778412973549557,0.5519742143432715,560,681,1241,0.0,-0.0008333472224535399,0.5519742143432751,0.0
114266,4.777579626327103,0.5519742143432715,560,681,1241,0.0,-0.0008333472224535399,0.5519742143432751,0.0
114267,4.77674627910465,0.5519742143432715,560,681,1241,0.0,-0.0008333472224535399,0.5519742143432751,0.0
114268,4.775912931882196,0.5519742143432715,560,681,1241,0.0,-0.0008333472224535399,0.5519742143432751,0.0
114269,4.775079584659743,0.5519742143432715,560,681,1241,0.0,-0.0008333472224535399,0.5519742143432751,0.0
114270,4.774246237437289,0.5519742143432715,560,681,1241,0.0,-0.0008333472224535399,0.5519742143432751,0.0
114271,4.773412890214836,0.5519742143432715,560,681,1241,0.0,-0.0008333472224535399,0.5519742143432751,0.0
114272,4.772579542992382,0.5519742143432715,560,681,1241,0.0,-0.0008333472224535399,0.5519742143432751,0.0
114273,4.7717461957699285,0.5519742143432715,560,681,1241,0.0,-0.0008333472224535399,0.5519742143432751,0.0
114274,4.770912848547475,0.5519742143432715,560,681,1241,0.0,-0.0008333472224535399,0.5519742143432751,0.0
114275,4.7700795013250215,0.5519742143432715,560,681,1241,0.0,-0.0008333472224535399,0.5519742143432751,0.0
114276,4.769246154102568,0.5519742143432715,560,681,1241,0.0,-0.0008333472224535399,0.5519742143432751,0.0
114277,4.768412806880114,0.5519742143432715,560,681,1241,0.0,-0.0008333472224535399,0.5519742143432751,0.0
114278,4.767579459657661,0.5519742143432715,560,681,1241,0.0,-0.0008333472224535399,0.5519742143432751,0.0
114279,4.766746112435207,0.5519742143432715,560,681,1241,0.0,-0.0008333472224535399,0.5519742143432751,0.0
114280,4.765912765212754,0.5519742143432715,560,681,1241,0.0,-0.0008333472224535399,0.5519742143432751,0.0
114281,4.7650794179903,0.5519742143432715,560,681,1241,0.0,-0.0008333472224535399,0.5519742143432751,0.0
114282,4.764246070767847,0.5519742143432715,560,681,1241,0.0,-0.0008333472224535399,0.5519742143432751,0.0
114283,4.763412723545393,0.5519742143432715,560,681,1241,0.0,-0.0008333472224535399,0.5519742143432751,0.0
114284,4.76257937632294,0.5519742143432715,560,681,1241,0.0,-0.0008333472224535399,0.5519742143432751,0.0
114285,4.761746029100486,0.5519742143432715,560,681,1241,0.0,-0.0008333472224535399,0.5519742143432751,0.0
114286,4.7609126818780325,0.5519742143432715,560,681,1241,0.0,-0.0008333472224535399,0.5519742143432751,0.0
114287,4.760079334655579,0.5519742143432715,560,681,1241,0.0,-0.0008333472224535399,0.5519742143432751,0.0
114288,4.759245987433125,0.5519742143432715,560,681,1241,0.0,-0.0008333472224535399,0.5519742143432751,0.0
114289,4.758412640210665,0.5519742143432715,560,681,1241,0.0,-0.0008333472224606453,0.5519742143432751,0.0
114290,4.757579292988211,0.5519742143432715,560,681,1241,0.0,-0.0008333472224535399,0.5519742143432751,0.0
114291,4.756745945765758,0.5519742143432715,560,681,1241,0.0,-0.0008333472224535399,0.5519742143432751,0.0
114292,4.755912598543304,0.5519742143432715,560,681,1241,0.0,-0.0008333472224535399,0.5519742143432751,0.0
114293,4.755079251320851,0.5519742143432715,560,681,1241,0.0,-0.0008333472224535399,0.5519742143432751,0.0
114294,4.754245904098397,0.5519742143432715,560,681,1241,0.0,-0.0008333472224535399,0.5519742143432751,0.0
114295,4.7534125568759436,0.5519742143432715,560,681,1241,0.0,-0.0008333472224535399,0.5519742143432751,0.0
114296,4.75257920965349,0.5519742143432715,560,681,1241,0.0,-0.0008333472224535399,0.5519742143432751,0.0
114297,4.7517458624310365,0.5519742143432715,560,681,1241,0.0,-0.0008333472224535399,0.5519742143432751,0.0
114298,4.750912515208583,0.5519742143432715,560,681,1241,0.0,-0.0008333472224535399,0.5519742143432751,0.0
114299,4.750079167986129,0.5519742143432715,560,681,1241,0.0,-0.0008333472224535399,0.5519742143432751,0.0
114300,4.749245820763676,0.5519742143432715,560,681,1241,0.0,-0.0008333472224535399,0.5519742143432751,0.0
114301,4.748412473541222,0.5519742143432715,560,681,1241,0.0,-0.0008333472224535399,0.5519742143432751,0.0
114302,4.747579126318769,0.5519742143432715,560,681,1241,0.0,-0.0008333472224535399,0.5519742143432751,0.0
114303,4.746745779096315,0.5519742143432715,560,681,1241,0.0,-0.0008333472224535399,0.5519742143432751,0.0
114304,4.745912431873862,0.5519742143432715,560,681,1241,0.0,-0.0008333472224535399,0.5519742143432751,0.0
114305,4.745079084651408,0.5519742143432715,560,681,1241,0.0,-0.0008333472224535399,0.5519742143432751,0.0
114306,4.744245737428955,0.5519742143432715,560,681,1241,0.0,-0.0008333472224535399,0.5519742143432751,0.0
114307,4.743412390206501,0.5519742143432715,560,681,1241,0.0,-0.0008333472224535399,0.5519742143432751,0.0
114308,4.7425790429840475,0.5519742143432715,560,681,1241,0.0,-0.0008333472224535399,0.5519742143432751,0.0
114309,4.741745695761594,0.5519742143432715,560,681,1241,0.0,-0.0008333472224535399,0.5519742143432751,0.0
114310,4.7409123485391405,0.5519742143432715,560,681,1241,0.0,-0.0008333472224535399,0.5519742143432751,0.0
114311,4.740079001316687,0.5519742143432715,560,681,1241,0.0,-0.0008333472224535399,0.5519742143432751,0.0
114312,4.739245654094233,0.5519742143432715,560,681,1241,0.0,-0.0008333472224535399,0.5519742143432751,0.0
114313,4.73841230687178,0.5519742143432715,560,681,1241,0.0,-0.0008333472224535399,0.5519742143432751,0.0
114314,4.737578959649326,0.5519742143432715,560,681,1241,0.0,-0.0008333472224535399,0.5519742143432751,0.0
114315,4.736745612426873,0.5519742143432715,560,681,1241,0.0,-0.0008333472224535399,0.5519742143432751,0.0
114316,4.735912265204419,0.5519742143432715,560,681,1241,0.0,-0.0008333472224535399,0.5519742143432751,0.0
114317,4.735078917981966,0.5519742143432715,560,681,1241,0.0,-0.0008333472224535399,0.5519742143432751,0.0
114318,4.734245570759512,0.5519742143432715,560,681,1241,0.0,-0.0008333472224535399,0.5519742143432751,0.0
114319,4.733412223537059,0.5519742143432715,560,681,1241,0.0,-0.0008333472224535399,0.5519742143432751,0.0
114320,4.732578876314605,0.5519742143432715,560,681,1241,0.0,-0.0008333472224535399,0.5519742143432751,0.0
114321,4.7317455290921515,0.5519742143432715,560,681,1241,0.0,-0.0008333472224535399,0.5519742143432751,0.0
114322,4.730912181869698,0.5519742143432715,560,681,1241,0.0,-0.0008333472224535399,0.5519742143432751,0.0
114323,4.730078834647244,0.5519742143432715,560,681,1241,0.0,-0.0008333472224535399,0.5519742143432751,0.0
114324,4.729245487424791,0.5519742143432715,560,681,1241,0.0,-0.0008333472224535399,0.5519742143432751,0.0
114325,4.728412140202337,0.5519742143432715,560,681,1241,0.0,-0.0008333472224535399,0.5519742143432751,0.0
114326,4.727578792979884,0.5519742143432715,560,681,1241,0.0,-0.0008333472224535399,0.5519742143432751,0.0
114327,4.72674544575743,0.5519742143432715,560,681,1241,0.0,-0.0008333472224535399,0.5519742143432751,0.0
114328,4.725912098534977,0.5519742143432715,560,681,1241,0.0,-0.0008333472224535399,0.5519742143432751,0.0
114329,4.725078751312523,0.5519742143432715,560,681,1241,0.0,-0.0008333472224535399,0.5519742143432751,0.0
114330,4.72424540409007,0.5519742143432715,560,681,1241,0.0,-0.0008333472224535399,0.5519742143432751,0.0
114331,4.723412056867609,0.5511684125705076,560,681,1241,-0.0008058017727639033,-0.0008333472224606453,0.5518936341659988,-8.058017727639034e-05
114332,4.7225787096451555,0.5511684125705076,560,681,1241,0.0,-0.0008333472224535399,0.5518130539887224,-8.058017727639034e-05
114333,4.721745362422702,0.5511684125705076,560,681,1241,0.0,-0.0008333472224535399,0.5517324738114461,-8.058017727639034e-05
114334,4.720912015200248,0.5511684125705076,560,681,1241,0.0,-0.0008333472224535399,0.5516518936341697,-8.058017727639034e-05
114335,4.720078667977795,0.5511684125705076,560,681,1241,0.0,-0.0008333472224535399,0.5515713134568934,-8.058017727639034e-05
114336,4.719245320755341,0.5511684125705076,560,681,1241,0.0,-0.0008333472224535399,0.5514907332796171,-8.058017727639034e-05
114337,4.718411973532888,0.5511684125705076,560,681,1241,0.0,-0.0008333472224535399,0.5514101531023406,-8.058017727639034e-05
114338,4.717578626310434,0.5511684125705076,560,681,1241,0.0,-0.0008333472224535399,0.5513295729250643,-8.058017727639034e-05
114339,4.716745279087981,0.5511684125705076,560,681,1241,0.0,-0.0008333472224535399,0.5512489927477879,-8.058017727639034e-05
114340,4.715911931865527,0.5511684125705076,560,681,1241,0.0,-0.0008333472224535399,0.5511684125705116,-8.058017727639034e-05
114341,4.715078584643074,0.5511684125705076,560,681,1241,0.0,-0.0008333472224535399,0.5511684125705116,0.0
114342,4.71424523742062,0.5511684125705076,560,681,1241,0.0,-0.0008333472224535399,0.5511684125705116,0.0
114343,4.7134118901981665,0.5511684125705076,560,681,1241,0.0,-0.0008333472224535399,0.5511684125705116,0.0
114344,4.712578542975713,0.5511684125705076,560,681,1241,0.0,-0.0008333472224535399,0.5511684125705116,0.0
114345,4.7117451957532595,0.5511684125705076,560,681,1241,0.0,-0.0008333472224535399,0.5511684125705116,0.0
114346,4.710911848530806,0.5511684125705076,560,681,1241,0.0,-0.0008333472224535399,0.5511684125705116,0.0
114347,4.710078501308352,0.5511684125705076,560,681,1241,0.0,-0.0008333472224535399,0.5511684125705116,0.0
114348,4.709245154085899,0.5511684125705076,560,681,1241,0.0,-0.0008333472224535399,0.5511684125705116,0.0
114349,4.708411806863445,0.5511684125705076,560,681,1241,0.0,-0.0008333472224535399,0.5511684125705116,0.0
114350,4.707578459640992,0.5511684125705076,560,681,1241,0.0,-0.0008333472224535399,0.5511684125705116,0.0
114351,4.706745112418538,0.5511684125705076,560,681,1241,0.0,-0.0008333472224535399,0.5511684125705116,0.0
114352,4.705911765196085,0.5511684125705076,560,681,1241,0.0,-0.0008333472224535399,0.5511684125705116,0.0
114353,4.705078417973631,0.5511684125705076,560,681,1241,0.0,-0.0008333472224535399,0.5511684125705116,0.0
114354,4.704245070751178,0.5511684125705076,560,681,1241,0.0,-0.0008333472224535399,0.5511684125705116,0.0
114355,4.703411723528724,0.5511684125705076,560,681,1241,0.0,-0.0008333472224535399,0.5511684125705116,0.0
114356,4.7025783763062705,0.5511684125705076,560,681,1241,0.0,-0.0008333472224535399,0.5511684125705116,0.0
114357,4.701745029083817,0.5511684125705076,560,681,1241,0.0,-0.0008333472224535399,0.5511684125705116,0.0
114358,4.700911681861363,0.5511684125705076,560,681,1241,0.0,-0.0008333472224535399,0.5511684125705116,0.0
114359,4.70007833463891,0.5511684125705076,560,681,1241,0.0,-0.0008333472224535399,0.5511684125705116,0.0
114360,4.699244987416456,0.5511684125705076,560,681,1241,0.0,-0.0008333472224535399,0.5511684125705116,0.0
114361,4.698411640194003,0.5511684125705076,560,681,1241,0.0,-0.0008333472224535399,0.5511684125705116,0.0
114362,4.697578292971549,0.5511684125705076,560,681,1241,0.0,-0.0008333472224535399,0.5511684125705116,0.0
114363,4.696744945749096,0.5511684125705076,560,681,1241,0.0,-0.0008333472224535399,0.5511684125705116,0.0
114364,4.695911598526642,0.5511684125705076,560,681,1241,0.0,-0.0008333472224535399,0.5511684125705116,0.0
114365,4.695078251304189,0.5511684125705076,560,681,1241,0.0,-0.0008333472224535399,0.5511684125705116,0.0
114366,4.694244904081735,0.5511684125705076,560,681,1241,0.0,-0.0008333472224535399,0.5511684125705116,0.0
114367,4.693411556859282,0.5511684125705076,560,681,1241,0.0,-0.0008333472224535399,0.5511684125705116,0.0
114368,4.692578209636828,0.5511684125705076,560,681,1241,0.0,-0.0008333472224535399,0.5511684125705116,0.0
114369,4.6917448624143745,0.5511684125705076,560,681,1241,0.0,-0.0008333472224535399,0.5511684125705116,0.0
114370,4.690911515191921,0.5511684125705076,560,681,1241,0.0,-0.0008333472224535399,0.5511684125705116,0.0
114371,4.690078167969467,0.5511684125705076,560,681,1241,0.0,-0.0008333472224535399,0.5511684125705116,0.0
114372,4.689244820747014,0.5511684125705076,560,681,1241,0.0,-0.0008333472224535399,0.5511684125705116,0.0
114373,4.68841147352456,0.5511684125705076,560,681,1241,0.0,-0.0008333472224535399,0.5511684125705116,0.0
114374,4.6875781263021,0.5511684125705076,560,681,1241,0.0,-0.0008333472224606453,0.5511684125705116,0.0
114375,4.686744779079646,0.5511684125705076,560,681,1241,0.0,-0.0008333472224535399,0.5511684125705116,0.0
114376,4.685911431857193,0.5511684125705076,560,681,1241,0.0,-0.0008333472224535399,0.5511684125705116,0.0
114377,4.685078084634739,0.5511684125705076,560,681,1241,0.0,-0.0008333472224535399,0.5511684125705116,0.0
114378,4.6842447374122855,0.5511684125705076,560,681,1241,0.0,-0.0008333472224535399,0.5511684125705116,0.0
114379,4.683411390189832,0.5511684125705076,560,681,1241,0.0,-0.0008333472224535399,0.5511684125705116,0.0
114380,4.6825780429673785,0.5511684125705076,560,681,1241,0.0,-0.0008333472224535399,0.5511684125705116,0.0
114381,4.681744695744925,0.5511684125705076,560,681,1241,0.0,-0.0008333472224535399,0.5511684125705116,0.0
114382,4.680911348522471,0.5511684125705076,560,681,1241,0.0,-0.0008333472224535399,0.5511684125705116,0.0
114383,4.680078001300018,0.5511684125705076,560,681,1241,0.0,-0.0008333472224535399,0.5511684125705116,0.0
114384,4.679244654077564,0.5511684125705076,560,681,1241,0.0,-0.0008333472224535399,0.5511684125705116,0.0
114385,4.678411306855111,0.5511684125705076,560,681,1241,0.0,-0.0008333472224535399,0.5511684125705116,0.0
114386,4.677577959632657,0.5511684125705076,560,681,1241,0.0,-0.0008333472224535399,0.5511684125705116,0.0
114387,4.676744612410204,0.5511684125705076,560,681,1241,0.0,-0.0008333472224535399,0.5511684125705116,0.0
114388,4.67591126518775,0.5511684125705076,560,681,1241,0.0,-0.0008333472224535399,0.5511684125705116,0.0
114389,4.675077917965297,0.5511684125705076,560,681,1241,0.0,-0.0008333472224535399,0.5511684125705116,0.0
114390,4.674244570742843,0.5511684125705076,560,681,1241,0.0,-0.0008333472224535399,0.5511684125705116,0.0
114391,4.6734112235203895,0.5511684125705076,560,681,1241,0.0,-0.0008333472224535399,0.5511684125705116,0.0
114392,4.672577876297936,0.5511684125705076,560,681,1241,0.0,-0.0008333472224535399,0.5511684125705116,0.0
114393,4.671744529075482,0.5511684125705076,560,681,1241,0.0,-0.0008333472224535399,0.5511684125705116,0.0
114394,4.670911181853029,0.5511684125705076,560,681,1241,0.0,-0.0008333472224535399,0.5511684125705116,0.0
114395,4.670077834630575,0.5511684125705076,560,681,1241,0.0,-0.0008333472224535399,0.5511684125705116,0.0
114396,4.669244487408122,0.5511684125705076,560,681,1241,0.0,-0.0008333472224535399,0.5511684125705116,0.0
114397,4.668411140185668,0.5511684125705076,560,681,1241,0.0,-0.0008333472224535399,0.5511684125705116,0.0
114398,4.667577792963215,0.5511684125705076,560,681,1241,0.0,-0.0008333472224535399,0.5511684125705116,0.0
114399,4.666744445740761,0.5511684125705076,560,681,1241,0.0,-0.0008333472224535399,0.5511684125705116,0.0
114400,4.665911098518308,0.5511684125705076,560,681,1241,0.0,-0.0008333472224535399,0.5511684125705116,0.0
114401,4.665077751295854,0.5511684125705076,560,681,1241,0.0,-0.0008333472224535399,0.5511684125705116,0.0
114402,4.664244404073401,0.5511684125705076,560,681,1241,0.0,-0.0008333472224535399,0.5511684125705116,0.0
114403,4.663411056850947,0.5511684125705076,560,681,1241,0.0,-0.0008333472224535399,0.5511684125705116,0.0
114404,4.6625777096284935,0.5511684125705076,560,681,1241,0.0,-0.0008333472224535399,0.5511684125705116,0.0
114405,4.66174436240604,0.5511684125705076,560,681,1241,0.0,-0.0008333472224535399,0.5511684125705116,0.0
114406,4.660911015183586,0.5511684125705076,560,681,1241,0.0,-0.0008333472224535399,0.5511684125705116,0.0
114407,4.660077667961133,0.5511684125705076,560,681,1241,0.0,-0.0008333472224535399,0.5511684125705116,0.0
114408,4.659244320738679,0.5511684125705076,560,681,1241,0.0,-0.0008333472224535399,0.5511684125705116,0.0
114409,4.658410973516226,0.5511684125705076,560,681,1241,0.0,-0.0008333472224535399,0.5511684125705116,0.0
114410,4.657577626293772,0.5511684125705076,560,681,1241,0.0,-0.0008333472224535399,0.5511684125705116,0.0
114411,4.656744279071319,0.5511684125705076,560,681,1241,0.0,-0.0008333472224535399,0.5511684125705116,0.0
114412,4.655910931848865,0.5511684125705076,560,681,1241,0.0,-0.0008333472224535399,0.5511684125705116,0.0
114413,4.655077584626412,0.5511684125705076,560,681,1241,0.0,-0.0008333472224535399,0.5511684125705116,0.0
114414,4.654244237403958,0.5511684125705076,560,681,1241,0.0,-0.0008333472224535399,0.5511684125705116,0.0
114415,4.6534108901815046,0.5511684125705076,560,681,1241,0.0,-0.0008333472224535399,0.5511684125705116,0.0
114416,4.652577542959044,0.5511684125705076,560,681,1241,0.0,-0.0008333472224606453,0.5511684125705116,0.0
114417,4.65174419573659,0.5511684125705076,560,681,1241,0.0,-0.0008333472224535399,0.5511684125705116,0.0
114418,4.650910848514137,0.5511684125705076,560,681,1241,0.0,-0.0008333472224535399,0.5511684125705116,0.0
114419,4.650077501291683,0.5511684125705076,560,681,1241,0.0,-0.0008333472224535399,0.5511684125705116,0.0
114420,4.64924415406923,0.5511684125705076,560,681,1241,0.0,-0.0008333472224535399,0.5511684125705116,0.0
114421,4.648410806846776,0.5511684125705076,560,681,1241,0.0,-0.0008333472224535399,0.5511684125705116,0.0
114422,4.647577459624323,0.5519742143432715,560,681,1241,0.0008058017727639033,-0.0008333472224535399,0.5512489927477879,8.058017727639034e-05
114423,4.646744112401869,0.5519742143432715,560,681,1241,0.0,-0.0008333472224535399,0.5513295729250643,8.058017727639034e-05
114424,4.645910765179416,0.5519742143432715,560,681,1241,0.0,-0.0008333472224535399,0.5514101531023406,8.058017727639034e-05
114425,4.645077417956962,0.5519742143432715,560,681,1241,0.0,-0.0008333472224535399,0.5514907332796171,8.058017727639034e-05
114426,4.6442440707345085,0.5519742143432715,560,681,1241,0.0,-0.0008333472224535399,0.5515713134568934,8.058017727639034e-05
114427,4.643410723512055,0.5519742143432715,560,681,1241,0.0,-0.0008333472224535399,0.5516518936341697,8.058017727639034e-05
114428,4.642577376289601,0.5519742143432715,560,681,1241,0.0,-0.0008333472224535399,0.5517324738114461,8.058017727639034e-05
114429,4.641744029067148,0.5511684125705076,560,681,1241,-0.0008058017727639033,-0.0008333472224535399,0.5517324738114461,0.0
114430,4.640910681844694,0.5511684125705076,560,681,1241,0.0,-0.0008333472224535399,0.5517324738114461,0.0
114431,4.640077334622241,0.5511684125705076,560,681,1241,0.0,-0.0008333472224535399,0.5517324738114461,0.0
114432,4.639243987399787,0.5511684125705076,560,681,1241,0.0,-0.0008333472224535399,0.5516518936341697,-8.058017727639034e-05
114433,4.638410640177334,0.5511684125705076,560,681,1241,0.0,-0.0008333472224535399,0.5515713134568934,-8.058017727639034e-05
114434,4.63757729295488,0.5511684125705076,560,681,1241,0.0,-0.0008333472224535399,0.5514907332796171,-8.058017727639034e-05
114435,4.636743945732427,0.5511684125705076,560,681,1241,0.0,-0.0008333472224535399,0.5514101531023406,-8.058017727639034e-05
114436,4.635910598509973,0.5511684125705076,560,681,1241,0.0,-0.0008333472224535399,0.5513295729250643,-8.058017727639034e-05
114437,4.63507725128752,0.5511684125705076,560,681,1241,0.0,-0.0008333472224535399,0.5512489927477879,-8.058017727639034e-05
114438,4.634243904065066,0.5511684125705076,560,681,1241,0.0,-0.0008333472224535399,0.5511684125705116,-8.058017727639034e-05
114439,4.6334105568426125,0.5511684125705076,560,681,1241,0.0,-0.0008333472224535399,0.5511684125705116,0.0
114440,4.632577209620159,0.5511684125705076,560,681,1241,0.0,-0.0008333472224535399,0.5511684125705116,0.0
114441,4.631743862397705,0.5511684125705076,560,681,1241,0.0,-0.0008333472224535399,0.5511684125705116,0.0
114442,4.630910515175252,0.5511684125705076,560,681,1241,0.0,-0.0008333472224535399,0.5511684125705116,0.0
114443,4.630077167952798,0.5511684125705076,560,681,1241,0.0,-0.0008333472224535399,0.5511684125705116,0.0
114444,4.629243820730345,0.5511684125705076,560,681,1241,0.0,-0.0008333472224535399,0.5511684125705116,0.0
114445,4.628410473507891,0.5511684125705076,560,681,1241,0.0,-0.0008333472224535399,0.5511684125705116,0.0
114446,4.627577126285438,0.5511684125705076,560,681,1241,0.0,-0.0008333472224535399,0.5511684125705116,0.0
114447,4.626743779062984,0.5511684125705076,560,681,1241,0.0,-0.0008333472224535399,0.5511684125705116,0.0
114448,4.625910431840531,0.5511684125705076,560,681,1241,0.0,-0.0008333472224535399,0.5511684125705116,0.0
114449,4.625077084618077,0.5511684125705076,560,681,1241,0.0,-0.0008333472224535399,0.5511684125705116,0.0
114450,4.6242437373956236,0.5511684125705076,560,681,1241,0.0,-0.0008333472224535399,0.5511684125705116,0.0
114451,4.62341039017317,0.5511684125705076,560,681,1241,0.0,-0.0008333472224535399,0.5511684125705116,0.0
114452,4.6225770429507165,0.5511684125705076,560,681,1241,0.0,-0.0008333472224535399,0.5511684125705116,0.0
114453,4.621743695728263,0.5511684125705076,560,681,1241,0.0,-0.0008333472224535399,0.5511684125705116,0.0
114454,4.620910348505809,0.5511684125705076,560,681,1241,0.0,-0.0008333472224535399,0.5511684125705116,0.0
114455,4.620077001283356,0.5511684125705076,560,681,1241,0.0,-0.0008333472224535399,0.5511684125705116,0.0
114456,4.619243654060902,0.5511684125705076,560,681,1241,0.0,-0.0008333472224535399,0.5511684125705116,0.0
114457,4.618410306838449,0.5511684125705076,560,681,1241,0.0,-0.0008333472224535399,0.5511684125705116,0.0
114458,4.617576959615995,0.5519742143432715,560,681,1241,0.0008058017727639033,-0.0008333472224535399,0.5512489927477879,8.058017727639034e-05
114459,4.616743612393535,0.5519742143432715,560,681,1241,0.0,-0.0008333472224606453,0.5513295729250643,8.058017727639034e-05
114460,4.615910265171081,0.5519742143432715,560,681,1241,0.0,-0.0008333472224535399,0.5514101531023406,8.058017727639034e-05
114461,4.6150769179486275,0.5519742143432715,560,681,1241,0.0,-0.0008333472224535399,0.5514907332796171,8.058017727639034e-05
114462,4.614243570726174,0.5519742143432715,560,681,1241,0.0,-0.0008333472224535399,0.5515713134568934,8.058017727639034e-05
114463,4.61341022350372,0.5519742143432715,560,681,1241,0.0,-0.0008333472224535399,0.5516518936341697,8.058017727639034e-05
114464,4.612576876281267,0.5519742143432715,560,681,1241,0.0,-0.0008333472224535399,0.5517324738114461,8.058017727639034e-05
114465,4.611743529058813,0.5519742143432715,560,681,1241,0.0,-0.0008333472224535399,0.5518130539887224,8.058017727639034e-05
114466,4.61091018183636,0.5519742143432715,560,681,1241,0.0,-0.0008333472224535399,0.5518936341659988,8.058017727639034e-05
114467,4.610076834613906,0.5519742143432715,560,681,1241,0.0,-0.0008333472224535399,0.5519742143432751,8.058017727639034e-05
114468,4.609243487391453,0.5519742143432715,560,681,1241,0.0,-0.0008333472224535399,0.5519742143432751,0.0
114469,4.608410140168999,0.5519742143432715,560,681,1241,0.0,-0.0008333472224535399,0.5519742143432751,0.0
114470,4.607576792946546,0.5519742143432715,560,681,1241,0.0,-0.0008333472224535399,0.5519742143432751,0.0
114471,4.606743445724092,0.5527800161160354,560,681,1241,0.0008058017727639033,-0.0008333472224535399,0.5520547945205514,8.058017727639034e-05
114472,4.605910098501639,0.5527800161160354,560,681,1241,0.0,-0.0008333472224535399,0.5521353746978278,8.058017727639034e-05
114473,4.605076751279185,0.5527800161160354,560,681,1241,0.0,-0.0008333472224535399,0.5522159548751041,8.058017727639034e-05
114474,4.6042434040567315,0.5527800161160354,560,681,1241,0.0,-0.0008333472224535399,0.5522965350523805,8.058017727639034e-05
114475,4.603410056834278,0.5527800161160354,560,681,1241,0.0,-0.0008333472224535399,0.5523771152296568,8.058017727639034e-05
114476,4.602576709611824,0.5527800161160354,560,681,1241,0.0,-0.0008333472224535399,0.5524576954069331,8.058017727639034e-05
114477,4.601743362389371,0.5527800161160354,560,681,1241,0.0,-0.0008333472224535399,0.5525382755842095,8.058017727639034e-05
114478,4.600910015166917,0.5527800161160354,560,681,1241,0.0,-0.0008333472224535399,0.5526188557614858,8.058017727639034e-05
114479,4.600076667944464,0.5527800161160354,560,681,1241,0.0,-0.0008333472224535399,0.5526994359387623,8.058017727639034e-05
114480,4.59924332072201,0.5527800161160354,560,681,1241,0.0,-0.0008333472224535399,0.5527800161160386,8.058017727639034e-05
114481,4.598409973499557,0.5527800161160354,560,681,1241,0.0,-0.0008333472224535399,0.5527800161160386,0.0
114482,4.597576626277103,0.5527800161160354,560,681,1241,0.0,-0.0008333472224535399,0.5527800161160386,0.0
114483,4.59674327905465,0.5527800161160354,560,681,1241,0.0,-0.0008333472224535399,0.5527800161160386,0.0
114484,4.595909931832196,0.5527800161160354,560,681,1241,0.0,-0.0008333472224535399,0.5527800161160386,0.0
114485,4.5950765846097426,0.5527800161160354,560,681,1241,0.0,-0.0008333472224535399,0.5527800161160386,0.0
114486,4.594243237387289,0.5527800161160354,560,681,1241,0.0,-0.0008333472224535399,0.5527800161160386,0.0
114487,4.5934098901648355,0.5527800161160354,560,681,1241,0.0,-0.0008333472224535399,0.5527800161160386,0.0
114488,4.592576542942382,0.5527800161160354,560,681,1241,0.0,-0.0008333472224535399,0.5527800161160386,0.0
114489,4.591743195719928,0.5527800161160354,560,681,1241,0.0,-0.0008333472224535399,0.5527800161160386,0.0
114490,4.590909848497475,0.5527800161160354,560,681,1241,0.0,-0.0008333472224535399,0.5527800161160386,0.0
114491,4.590076501275021,0.5527800161160354,560,681,1241,0.0,-0.0008333472224535399,0.5527800161160386,0.0
114492,4.589243154052568,0.5527800161160354,560,681,1241,0.0,-0.0008333472224535399,0.5527800161160386,0.0
114493,4.588409806830114,0.5527800161160354,560,681,1241,0.0,-0.0008333472224535399,0.5527800161160386,0.0
114494,4.587576459607661,0.5527800161160354,560,681,1241,0.0,-0.0008333472224535399,0.5527800161160386,0.0
114495,4.586743112385207,0.5527800161160354,560,681,1241,0.0,-0.0008333472224535399,0.5527800161160386,0.0
114496,4.585909765162754,0.5527800161160354,560,681,1241,0.0,-0.0008333472224535399,0.5527800161160386,0.0
114497,4.5850764179403,0.5527800161160354,560,681,1241,0.0,-0.0008333472224535399,0.5527800161160386,0.0
114498,4.5842430707178465,0.5527800161160354,560,681,1241,0.0,-0.0008333472224535399,0.5527800161160386,0.0
114499,4.583409723495393,0.5527800161160354,560,681,1241,0.0,-0.0008333472224535399,0.5527800161160386,0.0
114500,4.5825763762729395,0.5527800161160354,560,681,1241,0.0,-0.0008333472224535399,0.5527800161160386,0.0
114501,4.581743029050479,0.5527800161160354,560,681,1241,0.0,-0.0008333472224606453,0.5527800161160386,0.0
114502,4.580909681828025,0.5527800161160354,560,681,1241,0.0,-0.0008333472224535399,0.5527800161160386,0.0
114503,4.580076334605572,0.5527800161160354,560,681,1241,0.0,-0.0008333472224535399,0.5527800161160386,0.0
114504,4.579242987383118,0.5527800161160354,560,681,1241,0.0,-0.0008333472224535399,0.5527800161160386,0.0
114505,4.578409640160665,0.5527800161160354,560,681,1241,0.0,-0.0008333472224535399,0.5527800161160386,0.0
114506,4.577576292938211,0.5527800161160354,560,681,1241,0.0,-0.0008333472224535399,0.5527800161160386,0.0
114507,4.576742945715758,0.5527800161160354,560,681,1241,0.0,-0.0008333472224535399,0.5527800161160386,0.0
114508,4.575909598493304,0.5527800161160354,560,681,1241,0.0,-0.0008333472224535399,0.5527800161160386,0.0
114509,4.5750762512708505,0.5527800161160354,560,681,1241,0.0,-0.0008333472224535399,0.5527800161160386,0.0
114510,4.574242904048397,0.5527800161160354,560,681,1241,0.0,-0.0008333472224535399,0.5527800161160386,0.0
114511,4.573409556825943,0.5527800161160354,560,681,1241,0.0,-0.0008333472224535399,0.5527800161160386,0.0
114512,4.57257620960349,0.5527800161160354,560,681,1241,0.0,-0.0008333472224535399,0.5527800161160386,0.0
114513,4.571742862381036,0.5527800161160354,560,681,1241,0.0,-0.0008333472224535399,0.5527800161160386,0.0
114514,4.570909515158583,0.5527800161160354,560,681,1241,0.0,-0.0008333472224535399,0.5527800161160386,0.0
114515,4.570076167936129,0.5527800161160354,560,681,1241,0.0,-0.0008333472224535399,0.5527800161160386,0.0
114516,4.569242820713676,0.5527800161160354,560,681,1241,0.0,-0.0008333472224535399,0.5527800161160386,0.0
114517,4.568409473491222,0.5527800161160354,560,681,1241,0.0,-0.0008333472224535399,0.5527800161160386,0.0
114518,4.567576126268769,0.5527800161160354,560,681,1241,0.0,-0.0008333472224535399,0.5527800161160386,0.0
114519,4.566742779046315,0.5527800161160354,560,681,1241,0.0,-0.0008333472224535399,0.5527800161160386,0.0
114520,4.5659094318238616,0.5527800161160354,560,681,1241,0.0,-0.0008333472224535399,0.5527800161160386,0.0
114521,4.565076084601408,0.5527800161160354,560,681,1241,0.0,-0.0008333472224535399,0.5527800161160386,0.0
114522,4.5642427373789545,0.5527800161160354,560,681,1241,0.0,-0.0008333472224535399,0.5527800161160386,0.0
114523,4.563409390156501,0.5527800161160354,560,681,1241,0.0,-0.0008333472224535399,0.5527800161160386,0.0
114524,4.562576042934047,0.5527800161160354,560,681,1241,0.0,-0.0008333472224535399,0.5527800161160386,0.0
114525,4.561742695711594,0.5527800161160354,560,681,1241,0.0,-0.0008333472224535399,0.5527800161160386,0.0
114526,4.56090934848914,0.5527800161160354,560,681,1241,0.0,-0.0008333472224535399,0.5527800161160386,0.0
114527,4.560076001266687,0.5527800161160354,560,681,1241,0.0,-0.0008333472224535399,0.5527800161160386,0.0
114528,4.559242654044233,0.5527800161160354,560,681,1241,0.0,-0.0008333472224535399,0.5527800161160386,0.0
114529,4.55840930682178,0.5527800161160354,560,681,1241,0.0,-0.0008333472224535399,0.5527800161160386,0.0
114530,4.557575959599326,0.5527800161160354,560,681,1241,0.0,-0.0008333472224535399,0.5527800161160386,0.0
114531,4.556742612376873,0.5527800161160354,560,681,1241,0.0,-0.0008333472224535399,0.5527800161160386,0.0
114532,4.555909265154419,0.5527800161160354,560,681,1241,0.0,-0.0008333472224535399,0.5527800161160386,0.0
114533,4.5550759179319655,0.5527800161160354,560,681,1241,0.0,-0.0008333472224535399,0.5527800161160386,0.0
114534,4.554242570709512,0.5527800161160354,560,681,1241,0.0,-0.0008333472224535399,0.5527800161160386,0.0
114535,4.5534092234870585,0.5527800161160354,560,681,1241,0.0,-0.0008333472224535399,0.5527800161160386,0.0
114536,4.552575876264605,0.5535858178887993,560,681,1241,0.0008058017727639033,-0.0008333472224535399,0.5528605962933149,8.058017727639034e-05
114537,4.551742529042151,0.5535858178887993,560,681,1241,0.0,-0.0008333472224535399,0.5529411764705913,8.058017727639034e-05
114538,4.550909181819698,0.5535858178887993,560,681,1241,0.0,-0.0008333472224535399,0.5530217566478676,8.058017727639034e-05
114539,4.550075834597244,0.5535858178887993,560,681,1241,0.0,-0.0008333472224535399,0.553102336825144,8.058017727639034e-05
114540,4.549242487374791,0.5535858178887993,560,681,1241,0.0,-0.0008333472224535399,0.5531829170024203,8.058017727639034e-05
114541,4.548409140152337,0.5535858178887993,560,681,1241,0.0,-0.0008333472224535399,0.5532634971796966,8.058017727639034e-05
114542,4.547575792929884,0.5535858178887993,560,681,1241,0.0,-0.0008333472224535399,0.553344077356973,8.058017727639034e-05
114543,4.546742445707423,0.5535858178887993,560,681,1241,0.0,-0.0008333472224606453,0.5534246575342493,8.058017727639034e-05
114544,4.5459090984849695,0.5535858178887993,560,681,1241,0.0,-0.0008333472224535399,0.5535052377115257,8.058017727639034e-05
114545,4.545075751262516,0.5535858178887993,560,681,1241,0.0,-0.0008333472224535399,0.553585817888802,8.058017727639034e-05
114546,4.544242404040062,0.5535858178887993,560,681,1241,0.0,-0.0008333472224535399,0.553585817888802,0.0
114547,4.543409056817609,0.5527800161160354,560,681,1241,-0.0008058017727639033,-0.0008333472224535399,0.5535052377115256,-8.058017727639034e-05
114548,4.542575709595155,0.5527800161160354,560,681,1241,0.0,-0.0008333472224535399,0.5534246575342492,-8.058017727639034e-05
114549,4.541742362372702,0.5527800161160354,560,681,1241,0.0,-0.0008333472224535399,0.5533440773569729,-8.058017727639034e-05
114550,4.540909015150248,0.5527800161160354,560,681,1241,0.0,-0.0008333472224535399,0.5532634971796966,-8.058017727639034e-05
114551,4.540075667927795,0.5527800161160354,560,681,1241,0.0,-0.0008333472224535399,0.5531829170024202,-8.058017727639034e-05
114552,4.539242320705341,0.5527800161160354,560,681,1241,0.0,-0.0008333472224535399,0.5531023368251439,-8.058017727639034e-05
114553,4.538408973482888,0.5527800161160354,560,681,1241,0.0,-0.0008333472224535399,0.5530217566478675,-8.058017727639034e-05
114554,4.537575626260434,0.5527800161160354,560,681,1241,0.0,-0.0008333472224535399,0.5529411764705912,-8.058017727639034e-05
114555,4.5367422790379806,0.5527800161160354,560,681,1241,0.0,-0.0008333472224535399,0.5528605962933149,-8.058017727639034e-05
114556,4.535908931815527,0.5527800161160354,560,681,1241,0.0,-0.0008333472224535399,0.5527800161160384,-8.058017727639034e-05
114557,4.5350755845930735,0.5527800161160354,560,681,1241,0.0,-0.0008333472224535399,0.5527800161160386,0.0
114558,4.53424223737062,0.5527800161160354,560,681,1241,0.0,-0.0008333472224535399,0.5527800161160386,0.0
114559,4.533408890148166,0.5527800161160354,560,681,1241,0.0,-0.0008333472224535399,0.5527800161160386,0.0
114560,4.532575542925713,0.5527800161160354,560,681,1241,0.0,-0.0008333472224535399,0.5527800161160386,0.0
114561,4.531742195703259,0.5527800161160354,560,681,1241,0.0,-0.0008333472224535399,0.5527800161160386,0.0
114562,4.530908848480806,0.5527800161160354,560,681,1241,0.0,-0.0008333472224535399,0.5527800161160386,0.0
114563,4.530075501258352,0.5527800161160354,560,681,1241,0.0,-0.0008333472224535399,0.5527800161160386,0.0
114564,4.529242154035899,0.5527800161160354,560,681,1241,0.0,-0.0008333472224535399,0.5527800161160386,0.0
114565,4.528408806813445,0.5527800161160354,560,681,1241,0.0,-0.0008333472224535399,0.5527800161160386,0.0
114566,4.527575459590992,0.5519742143432715,560,681,1241,-0.0008058017727639033,-0.0008333472224535399,0.5526994359387623,-8.058017727639034e-05
114567,4.526742112368538,0.5519742143432715,560,681,1241,0.0,-0.0008333472224535399,0.5526188557614858,-8.058017727639034e-05
114568,4.5259087651460845,0.5519742143432715,560,681,1241,0.0,-0.0008333472224535399,0.5525382755842095,-8.058017727639034e-05
114569,4.525075417923631,0.5519742143432715,560,681,1241,0.0,-0.0008333472224535399,0.5524576954069331,-8.058017727639034e-05
114570,4.5242420707011775,0.5519742143432715,560,681,1241,0.0,-0.0008333472224535399,0.5523771152296568,-8.058017727639034e-05
114571,4.523408723478724,0.5519742143432715,560,681,1241,0.0,-0.0008333472224535399,0.5522965350523805,-8.058017727639034e-05
114572,4.52257537625627,0.5519742143432715,560,681,1241,0.0,-0.0008333472224535399,0.5522159548751041,-8.058017727639034e-05
114573,4.521742029033817,0.5519742143432715,560,681,1241,0.0,-0.0008333472224535399,0.5521353746978278,-8.058017727639034e-05
114574,4.520908681811363,0.5519742143432715,560,681,1241,0.0,-0.0008333472224535399,0.5520547945205514,-8.058017727639034e-05
114575,4.52007533458891,0.5519742143432715,560,681,1241,0.0,-0.0008333472224535399,0.5519742143432751,-8.058017727639034e-05
114576,4.519241987366456,0.5519742143432715,560,681,1241,0.0,-0.0008333472224535399,0.5519742143432751,0.0
114577,4.518408640144003,0.5519742143432715,560,681,1241,0.0,-0.0008333472224535399,0.5519742143432751,0.0
114578,4.517575292921549,0.5519742143432715,560,681,1241,0.0,-0.0008333472224535399,0.5519742143432751,0.0
114579,4.516741945699096,0.5519742143432715,560,681,1241,0.0,-0.0008333472224535399,0.5519742143432751,0.0
114580,4.515908598476642,0.5519742143432715,560,681,1241,0.0,-0.0008333472224535399,0.5519742143432751,0.0
114581,4.5150752512541885,0.5519742143432715,560,681,1241,0.0,-0.0008333472224535399,0.5519742143432751,0.0
114582,4.514241904031735,0.5519742143432715,560,681,1241,0.0,-0.0008333472224535399,0.5519742143432751,0.0
114583,4.513408556809281,0.5519742143432715,560,681,1241,0.0,-0.0008333472224535399,0.5519742143432751,0.0
114584,4.512575209586828,0.5519742143432715,560,681,1241,0.0,-0.0008333472224535399,0.5519742143432751,0.0
114585,4.511741862364374,0.5519742143432715,560,681,1241,0.0,-0.0008333472224535399,0.5519742143432751,0.0
114586,4.510908515141914,0.5519742143432715,560,681,1241,0.0,-0.0008333472224606453,0.5519742143432751,0.0
114587,4.51007516791946,0.5519742143432715,560,681,1241,0.0,-0.0008333472224535399,0.5519742143432751,0.0
114588,4.509241820697007,0.5519742143432715,560,681,1241,0.0,-0.0008333472224535399,0.5519742143432751,0.0
114589,4.508408473474553,0.5519742143432715,560,681,1241,0.0,-0.0008333472224535399,0.5519742143432751,0.0
114590,4.5075751262520996,0.5519742143432715,560,681,1241,0.0,-0.0008333472224535399,0.5519742143432751,0.0
114591,4.506741779029646,0.5519742143432715,560,681,1241,0.0,-0.0008333472224535399,0.5519742143432751,0.0
114592,4.5059084318071925,0.5519742143432715,560,681,1241,0.0,-0.0008333472224535399,0.5519742143432751,0.0
114593,4.505075084584739,0.5519742143432715,560,681,1241,0.0,-0.0008333472224535399,0.5519742143432751,0.0
114594,4.504241737362285,0.5519742143432715,560,681,1241,0.0,-0.0008333472224535399,0.5519742143432751,0.0
114595,4.503408390139832,0.5519742143432715,560,681,1241,0.0,-0.0008333472224535399,0.5519742143432751,0.0
114596,4.502575042917378,0.5519742143432715,560,681,1241,0.0,-0.0008333472224535399,0.5519742143432751,0.0
114597,4.501741695694925,0.5519742143432715,560,681,1241,0.0,-0.0008333472224535399,0.5519742143432751,0.0
114598,4.500908348472471,0.5519742143432715,560,681,1241,0.0,-0.0008333472224535399,0.5519742143432751,0.0
114599,4.500075001250018,0.5519742143432715,560,681,1241,0.0,-0.0008333472224535399,0.5519742143432751,0.0
114600,4.499241654027564,0.5519742143432715,560,681,1241,0.0,-0.0008333472224535399,0.5519742143432751,0.0
114601,4.498408306805111,0.5519742143432715,560,681,1241,0.0,-0.0008333472224535399,0.5519742143432751,0.0
114602,4.497574959582657,0.5519742143432715,560,681,1241,0.0,-0.0008333472224535399,0.5519742143432751,0.0
114603,4.4967416123602035,0.5519742143432715,560,681,1241,0.0,-0.0008333472224535399,0.5519742143432751,0.0
114604,4.49590826513775,0.5519742143432715,560,681,1241,0.0,-0.0008333472224535399,0.5519742143432751,0.0
114605,4.4950749179152965,0.5519742143432715,560,681,1241,0.0,-0.0008333472224535399,0.5519742143432751,0.0
114606,4.494241570692843,0.5519742143432715,560,681,1241,0.0,-0.0008333472224535399,0.5519742143432751,0.0
114607,4.493408223470389,0.5519742143432715,560,681,1241,0.0,-0.0008333472224535399,0.5519742143432751,0.0
114608,4.492574876247936,0.5519742143432715,560,681,1241,0.0,-0.0008333472224535399,0.5519742143432751,0.0
114609,4.491741529025482,0.5519742143432715,560,681,1241,0.0,-0.0008333472224535399,0.5519742143432751,0.0
114610,4.490908181803029,0.5519742143432715,560,681,1241,0.0,-0.0008333472224535399,0.5519742143432751,0.0
114611,4.490074834580575,0.5519742143432715,560,681,1241,0.0,-0.0008333472224535399,0.5519742143432751,0.0
114612,4.489241487358122,0.5519742143432715,560,681,1241,0.0,-0.0008333472224535399,0.5519742143432751,0.0
114613,4.488408140135668,0.5519742143432715,560,681,1241,0.0,-0.0008333472224535399,0.5519742143432751,0.0
114614,4.487574792913215,0.5519742143432715,560,681,1241,0.0,-0.0008333472224535399,0.5519742143432751,0.0
114615,4.486741445690761,0.5519742143432715,560,681,1241,0.0,-0.0008333472224535399,0.5519742143432751,0.0
114616,4.4859080984683075,0.5519742143432715,560,681,1241,0.0,-0.0008333472224535399,0.5519742143432751,0.0
114617,4.485074751245854,0.5519742143432715,560,681,1241,0.0,-0.0008333472224535399,0.5519742143432751,0.0
114618,4.4842414040234,0.5519742143432715,560,681,1241,0.0,-0.0008333472224535399,0.5519742143432751,0.0
114619,4.483408056800947,0.5519742143432715,560,681,1241,0.0,-0.0008333472224535399,0.5519742143432751,0.0
114620,4.482574709578493,0.5519742143432715,560,681,1241,0.0,-0.0008333472224535399,0.5519742143432751,0.0
114621,4.48174136235604,0.5519742143432715,560,681,1241,0.0,-0.0008333472224535399,0.5519742143432751,0.0
114622,4.480908015133586,0.5519742143432715,560,681,1241,0.0,-0.0008333472224535399,0.5519742143432751,0.0
114623,4.480074667911133,0.5519742143432715,560,681,1241,0.0,-0.0008333472224535399,0.5519742143432751,0.0
114624,4.479241320688679,0.5519742143432715,560,681,1241,0.0,-0.0008333472224535399,0.5519742143432751,0.0
114625,4.478407973466226,0.5519742143432715,560,681,1241,0.0,-0.0008333472224535399,0.5519742143432751,0.0
114626,4.477574626243772,0.5519742143432715,560,681,1241,0.0,-0.0008333472224535399,0.5519742143432751,0.0
114627,4.476741279021319,0.5519742143432715,560,681,1241,0.0,-0.0008333472224535399,0.5519742143432751,0.0
114628,4.475907931798858,0.5519742143432715,560,681,1241,0.0,-0.0008333472224606453,0.5519742143432751,0.0
114629,4.475074584576404,0.5519742143432715,560,681,1241,0.0,-0.0008333472224535399,0.5519742143432751,0.0
114630,4.474241237353951,0.5519742143432715,560,681,1241,0.0,-0.0008333472224535399,0.5519742143432751,0.0
114631,4.473407890131497,0.5519742143432715,560,681,1241,0.0,-0.0008333472224535399,0.5519742143432751,0.0
114632,4.472574542909044,0.5519742143432715,560,681,1241,0.0,-0.0008333472224535399,0.5519742143432751,0.0
114633,4.47174119568659,0.5519742143432715,560,681,1241,0.0,-0.0008333472224535399,0.5519742143432751,0.0
114634,4.470907848464137,0.5519742143432715,560,681,1241,0.0,-0.0008333472224535399,0.5519742143432751,0.0
114635,4.470074501241683,0.5519742143432715,560,681,1241,0.0,-0.0008333472224535399,0.5519742143432751,0.0
114636,4.46924115401923,0.5519742143432715,560,681,1241,0.0,-0.0008333472224535399,0.5519742143432751,0.0
114637,4.468407806796776,0.5519742143432715,560,681,1241,0.0,-0.0008333472224535399,0.5519742143432751,0.0
114638,4.4675744595743225,0.5519742143432715,560,681,1241,0.0,-0.0008333472224535399,0.5519742143432751,0.0
114639,4.466741112351869,0.5519742143432715,560,681,1241,0.0,-0.0008333472224535399,0.5519742143432751,0.0
114640,4.4659077651294155,0.5519742143432715,560,681,1241,0.0,-0.0008333472224535399,0.5519742143432751,0.0
114641,4.465074417906962,0.5519742143432715,560,681,1241,0.0,-0.0008333472224535399,0.5519742143432751,0.0
114642,4.464241070684508,0.5519742143432715,560,681,1241,0.0,-0.0008333472224535399,0.5519742143432751,0.0
114643,4.463407723462055,0.5519742143432715,560,681,1241,0.0,-0.0008333472224535399,0.5519742143432751,0.0
114644,4.462574376239601,0.5519742143432715,560,681,1241,0.0,-0.0008333472224535399,0.5519742143432751,0.0
114645,4.461741029017148,0.5519742143432715,560,681,1241,0.0,-0.0008333472224535399,0.5519742143432751,0.0
114646,4.460907681794694,0.5519742143432715,560,681,1241,0.0,-0.0008333472224535399,0.5519742143432751,0.0
114647,4.460074334572241,0.5519742143432715,560,681,1241,0.0,-0.0008333472224535399,0.5519742143432751,0.0
114648,4.459240987349787,0.5519742143432715,560,681,1241,0.0,-0.0008333472224535399,0.5519742143432751,0.0
114649,4.458407640127334,0.5519742143432715,560,681,1241,0.0,-0.0008333472224535399,0.5519742143432751,0.0
114650,4.45757429290488,0.5519742143432715,560,681,1241,0.0,-0.0008333472224535399,0.5519742143432751,0.0
114651,4.4567409456824265,0.5519742143432715,560,681,1241,0.0,-0.0008333472224535399,0.5519742143432751,0.0
114652,4.455907598459973,0.5519742143432715,560,681,1241,0.0,-0.0008333472224535399,0.5519742143432751,0.0
114653,4.455074251237519,0.5519742143432715,560,681,1241,0.0,-0.0008333472224535399,0.5519742143432751,0.0
114654,4.454240904015066,0.5519742143432715,560,681,1241,0.0,-0.0008333472224535399,0.5519742143432751,0.0
114655,4.453407556792612,0.5519742143432715,560,681,1241,0.0,-0.0008333472224535399,0.5519742143432751,0.0
114656,4.452574209570159,0.5519742143432715,560,681,1241,0.0,-0.0008333472224535399,0.5519742143432751,0.0
114657,4.451740862347705,0.5519742143432715,560,681,1241,0.0,-0.0008333472224535399,0.5519742143432751,0.0
114658,4.450907515125252,0.5519742143432715,560,681,1241,0.0,-0.0008333472224535399,0.5519742143432751,0.0
114659,4.450074167902798,0.5519742143432715,560,681,1241,0.0,-0.0008333472224535399,0.5519742143432751,0.0
114660,4.449240820680345,0.5519742143432715,560,681,1241,0.0,-0.0008333472224535399,0.5519742143432751,0.0
114661,4.448407473457891,0.5519742143432715,560,681,1241,0.0,-0.0008333472224535399,0.5519742143432751,0.0
114662,4.447574126235438,0.5519742143432715,560,681,1241,0.0,-0.0008333472224535399,0.5519742143432751,0.0
114663,4.446740779012984,0.5519742143432715,560,681,1241,0.0,-0.0008333472224535399,0.5519742143432751,0.0
114664,4.4459074317905305,0.5519742143432715,560,681,1241,0.0,-0.0008333472224535399,0.5519742143432751,0.0
114665,4.445074084568077,0.5519742143432715,560,681,1241,0.0,-0.0008333472224535399,0.5519742143432751,0.0
114666,4.444240737345623,0.5519742143432715,560,681,1241,0.0,-0.0008333472224535399,0.5519742143432751,0.0
114667,4.44340739012317,0.5519742143432715,560,681,1241,0.0,-0.0008333472224535399,0.5519742143432751,0.0
114668,4.442574042900716,0.5519742143432715,560,681,1241,0.0,-0.0008333472224535399,0.5519742143432751,0.0
114669,4.441740695678263,0.5519742143432715,560,681,1241,0.0,-0.0008333472224535399,0.5519742143432751,0.0
114670,4.440907348455802,0.5519742143432715,560,681,1241,0.0,-0.0008333472224606453,0.5519742143432751,0.0
114671,4.440074001233349,0.5519742143432715,560,681,1241,0.0,-0.0008333472224535399,0.5519742143432751,0.0
114672,4.439240654010895,0.5519742143432715,560,681,1241,0.0,-0.0008333472224535399,0.5519742143432751,0.0
114673,4.4384073067884415,0.5519742143432715,560,681,1241,0.0,-0.0008333472224535399,0.5519742143432751,0.0
114674,4.437573959565988,0.5519742143432715,560,681,1241,0.0,-0.0008333472224535399,0.5519742143432751,0.0
114675,4.4367406123435345,0.5519742143432715,560,681,1241,0.0,-0.0008333472224535399,0.5519742143432751,0.0
114676,4.435907265121081,0.5519742143432715,560,681,1241,0.0,-0.0008333472224535399,0.5519742143432751,0.0
114677,4.435073917898627,0.5519742143432715,560,681,1241,0.0,-0.0008333472224535399,0.5519742143432751,0.0
114678,4.434240570676174,0.5519742143432715,560,681,1241,0.0,-0.0008333472224535399,0.5519742143432751,0.0
114679,4.43340722345372,0.5519742143432715,560,681,1241,0.0,-0.0008333472224535399,0.5519742143432751,0.0
114680,4.432573876231267,0.5519742143432715,560,681,1241,0.0,-0.0008333472224535399,0.5519742143432751,0.0
114681,4.431740529008813,0.5519742143432715,560,681,1241,0.0,-0.0008333472224535399,0.5519742143432751,0.0
114682,4.43090718178636,0.5519742143432715,560,681,1241,0.0,-0.0008333472224535399,0.5519742143432751,0.0
114683,4.430073834563906,0.5519742143432715,560,681,1241,0.0,-0.0008333472224535399,0.5519742143432751,0.0
114684,4.429240487341453,0.5519742143432715,560,681,1241,0.0,-0.0008333472224535399,0.5519742143432751,0.0
114685,4.428407140118999,0.5519742143432715,560,681,1241,0.0,-0.0008333472224535399,0.5519742143432751,0.0
114686,4.4275737928965455,0.5519742143432715,560,681,1241,0.0,-0.0008333472224535399,0.5519742143432751,0.0
114687,4.426740445674092,0.5519742143432715,560,681,1241,0.0,-0.0008333472224535399,0.5519742143432751,0.0
114688,4.425907098451638,0.5519742143432715,560,681,1241,0.0,-0.0008333472224535399,0.5519742143432751,0.0
114689,4.425073751229185,0.5519742143432715,560,681,1241,0.0,-0.0008333472224535399,0.5519742143432751,0.0
114690,4.424240404006731,0.5519742143432715,560,681,1241,0.0,-0.0008333472224535399,0.5519742143432751,0.0
114691,4.423407056784278,0.5519742143432715,560,681,1241,0.0,-0.0008333472224535399,0.5519742143432751,0.0
114692,4.422573709561824,0.5519742143432715,560,681,1241,0.0,-0.0008333472224535399,0.5519742143432751,0.0
114693,4.421740362339371,0.5519742143432715,560,681,1241,0.0,-0.0008333472224535399,0.5519742143432751,0.0
114694,4.420907015116917,0.5519742143432715,560,681,1241,0.0,-0.0008333472224535399,0.5519742143432751,0.0
114695,4.420073667894464,0.5519742143432715,560,681,1241,0.0,-0.0008333472224535399,0.5519742143432751,0.0
114696,4.41924032067201,0.5519742143432715,560,681,1241,0.0,-0.0008333472224535399,0.5519742143432751,0.0
114697,4.418406973449557,0.5519742143432715,560,681,1241,0.0,-0.0008333472224535399,0.5519742143432751,0.0
114698,4.417573626227103,0.5519742143432715,560,681,1241,0.0,-0.0008333472224535399,0.5519742143432751,0.0
114699,4.4167402790046495,0.5519742143432715,560,681,1241,0.0,-0.0008333472224535399,0.5519742143432751,0.0
114700,4.415906931782196,0.5519742143432715,560,681,1241,0.0,-0.0008333472224535399,0.5519742143432751,0.0
114701,4.415073584559742,0.5519742143432715,560,681,1241,0.0,-0.0008333472224535399,0.5519742143432751,0.0
114702,4.414240237337289,0.5519742143432715,560,681,1241,0.0,-0.0008333472224535399,0.5519742143432751,0.0
114703,4.413406890114835,0.5519742143432715,560,681,1241,0.0,-0.0008333472224535399,0.5519742143432751,0.0
114704,4.412573542892382,0.5519742143432715,560,681,1241,0.0,-0.0008333472224535399,0.5519742143432751,0.0
114705,4.411740195669928,0.5519742143432715,560,681,1241,0.0,-0.0008333472224535399,0.5519742143432751,0.0
114706,4.410906848447475,0.5519742143432715,560,681,1241,0.0,-0.0008333472224535399,0.5519742143432751,0.0
114707,4.410073501225021,0.5519742143432715,560,681,1241,0.0,-0.0008333472224535399,0.5519742143432751,0.0
114708,4.409240154002568,0.5519742143432715,560,681,1241,0.0,-0.0008333472224535399,0.5519742143432751,0.0
114709,4.408406806780114,0.5519742143432715,560,681,1241,0.0,-0.0008333472224535399,0.5519742143432751,0.0
114710,4.4075734595576606,0.5519742143432715,560,681,1241,0.0,-0.0008333472224535399,0.5519742143432751,0.0
114711,4.406740112335207,0.5519742143432715,560,681,1241,0.0,-0.0008333472224535399,0.5519742143432751,0.0
114712,4.4059067651127535,0.5519742143432715,560,681,1241,0.0,-0.0008333472224535399,0.5519742143432751,0.0
114713,4.405073417890293,0.5519742143432715,560,681,1241,0.0,-0.0008333472224606453,0.5519742143432751,0.0
114714,4.404240070667839,0.5519742143432715,560,681,1241,0.0,-0.0008333472224535399,0.5519742143432751,0.0
114715,4.403406723445386,0.5519742143432715,560,681,1241,0.0,-0.0008333472224535399,0.5519742143432751,0.0
114716,4.402573376222932,0.5519742143432715,560,681,1241,0.0,-0.0008333472224535399,0.5519742143432751,0.0
114717,4.401740029000479,0.5519742143432715,560,681,1241,0.0,-0.0008333472224535399,0.5519742143432751,0.0
114718,4.400906681778025,0.5519742143432715,560,681,1241,0.0,-0.0008333472224535399,0.5519742143432751,0.0
114719,4.400073334555572,0.5519742143432715,560,681,1241,0.0,-0.0008333472224535399,0.5519742143432751,0.0
114720,4.399239987333118,0.5519742143432715,560,681,1241,0.0,-0.0008333472224535399,0.5519742143432751,0.0
114721,4.3984066401106645,0.5519742143432715,560,681,1241,0.0,-0.0008333472224535399,0.5519742143432751,0.0
114722,4.397573292888211,0.5519742143432715,560,681,1241,0.0,-0.0008333472224535399,0.5519742143432751,0.0
114723,4.396739945665757,0.5519742143432715,560,681,1241,0.0,-0.0008333472224535399,0.5519742143432751,0.0
114724,4.395906598443304,0.5519742143432715,560,681,1241,0.0,-0.0008333472224535399,0.5519742143432751,0.0
114725,4.39507325122085,0.5519742143432715,560,681,1241,0.0,-0.0008333472224535399,0.5519742143432751,0.0
114726,4.394239903998397,0.5519742143432715,560,681,1241,0.0,-0.0008333472224535399,0.5519742143432751,0.0
114727,4.393406556775943,0.5519742143432715,560,681,1241,0.0,-0.0008333472224535399,0.5519742143432751,0.0
114728,4.39257320955349,0.5519742143432715,560,681,1241,0.0,-0.0008333472224535399,0.5519742143432751,0.0
114729,4.391739862331036,0.5519742143432715,560,681,1241,0.0,-0.0008333472224535399,0.5519742143432751,0.0
114730,4.390906515108583,0.5519742143432715,560,681,1241,0.0,-0.0008333472224535399,0.5519742143432751,0.0
114731,4.390073167886129,0.5519742143432715,560,681,1241,0.0,-0.0008333472224535399,0.5519742143432751,0.0
114732,4.389239820663676,0.5519742143432715,560,681,1241,0.0,-0.0008333472224535399,0.5519742143432751,0.0
114733,4.388406473441222,0.5519742143432715,560,681,1241,0.0,-0.0008333472224535399,0.5519742143432751,0.0
114734,4.3875731262187685,0.5519742143432715,560,681,1241,0.0,-0.0008333472224535399,0.5519742143432751,0.0
114735,4.386739778996315,0.5519742143432715,560,681,1241,0.0,-0.0008333472224535399,0.5519742143432751,0.0
114736,4.385906431773861,0.5519742143432715,560,681,1241,0.0,-0.0008333472224535399,0.5519742143432751,0.0
114737,4.385073084551408,0.5519742143432715,560,681,1241,0.0,-0.0008333472224535399,0.5519742143432751,0.0
114738,4.384239737328954,0.5519742143432715,560,681,1241,0.0,-0.0008333472224535399,0.5519742143432751,0.0
114739,4.383406390106501,0.5519742143432715,560,681,1241,0.0,-0.0008333472224535399,0.5519742143432751,0.0
114740,4.382573042884047,0.5519742143432715,560,681,1241,0.0,-0.0008333472224535399,0.5519742143432751,0.0
114741,4.381739695661594,0.5519742143432715,560,681,1241,0.0,-0.0008333472224535399,0.5519742143432751,0.0
114742,4.38090634843914,0.5519742143432715,560,681,1241,0.0,-0.0008333472224535399,0.5519742143432751,0.0
114743,4.380073001216687,0.5519742143432715,560,681,1241,0.0,-0.0008333472224535399,0.5519742143432751,0.0
114744,4.379239653994233,0.5519742143432715,560,681,1241,0.0,-0.0008333472224535399,0.5519742143432751,0.0
114745,4.3784063067717796,0.5519742143432715,560,681,1241,0.0,-0.0008333472224535399,0.5519742143432751,0.0
114746,4.377572959549326,0.5511684125705076,560,681,1241,-0.0008058017727639033,-0.0008333472224535399,0.5518936341659988,-8.058017727639034e-05
114747,4.3767396123268725,0.5511684125705076,560,681,1241,0.0,-0.0008333472224535399,0.5518130539887224,-8.058017727639034e-05
114748,4.375906265104419,0.5511684125705076,560,681,1241,0.0,-0.0008333472224535399,0.5517324738114461,-8.058017727639034e-05
114749,4.375072917881965,0.5511684125705076,560,681,1241,0.0,-0.0008333472224535399,0.5516518936341697,-8.058017727639034e-05
114750,4.374239570659512,0.5511684125705076,560,681,1241,0.0,-0.0008333472224535399,0.5515713134568934,-8.058017727639034e-05
114751,4.373406223437058,0.5511684125705076,560,681,1241,0.0,-0.0008333472224535399,0.5514907332796171,-8.058017727639034e-05
114752,4.372572876214605,0.5511684125705076,560,681,1241,0.0,-0.0008333472224535399,0.5514101531023406,-8.058017727639034e-05
114753,4.371739528992151,0.5511684125705076,560,681,1241,0.0,-0.0008333472224535399,0.5513295729250643,-8.058017727639034e-05
114754,4.370906181769698,0.5511684125705076,560,681,1241,0.0,-0.0008333472224535399,0.5512489927477879,-8.058017727639034e-05
114755,4.370072834547237,0.5511684125705076,560,681,1241,0.0,-0.0008333472224606453,0.5511684125705116,-8.058017727639034e-05
114756,4.3692394873247835,0.5511684125705076,560,681,1241,0.0,-0.0008333472224535399,0.5511684125705116,0.0
114757,4.36840614010233,0.5511684125705076,560,681,1241,0.0,-0.0008333472224535399,0.5511684125705116,0.0
114758,4.367572792879876,0.5511684125705076,560,681,1241,0.0,-0.0008333472224535399,0.5511684125705116,0.0
114759,4.366739445657423,0.5511684125705076,560,681,1241,0.0,-0.0008333472224535399,0.5511684125705116,0.0
114760,4.365906098434969,0.5511684125705076,560,681,1241,0.0,-0.0008333472224535399,0.5511684125705116,0.0
114761,4.365072751212516,0.5511684125705076,560,681,1241,0.0,-0.0008333472224535399,0.5511684125705116,0.0
114762,4.364239403990062,0.5511684125705076,560,681,1241,0.0,-0.0008333472224535399,0.5511684125705116,0.0
114763,4.363406056767609,0.5511684125705076,560,681,1241,0.0,-0.0008333472224535399,0.5511684125705116,0.0
114764,4.362572709545155,0.5511684125705076,560,681,1241,0.0,-0.0008333472224535399,0.5511684125705116,0.0
114765,4.361739362322702,0.5511684125705076,560,681,1241,0.0,-0.0008333472224535399,0.5511684125705116,0.0
114766,4.360906015100248,0.5511684125705076,560,681,1241,0.0,-0.0008333472224535399,0.5511684125705116,0.0
114767,4.360072667877795,0.5511684125705076,560,681,1241,0.0,-0.0008333472224535399,0.5511684125705116,0.0
114768,4.359239320655341,0.5511684125705076,560,681,1241,0.0,-0.0008333472224535399,0.5511684125705116,0.0
114769,4.3584059734328875,0.5511684125705076,560,681,1241,0.0,-0.0008333472224535399,0.5511684125705116,0.0
114770,4.357572626210434,0.5511684125705076,560,681,1241,0.0,-0.0008333472224535399,0.5511684125705116,0.0
114771,4.35673927898798,0.5511684125705076,560,681,1241,0.0,-0.0008333472224535399,0.5511684125705116,0.0
114772,4.355905931765527,0.5511684125705076,560,681,1241,0.0,-0.0008333472224535399,0.5511684125705116,0.0
114773,4.355072584543073,0.5511684125705076,560,681,1241,0.0,-0.0008333472224535399,0.5511684125705116,0.0
114774,4.35423923732062,0.5511684125705076,560,681,1241,0.0,-0.0008333472224535399,0.5511684125705116,0.0
114775,4.353405890098166,0.5511684125705076,560,681,1241,0.0,-0.0008333472224535399,0.5511684125705116,0.0
114776,4.352572542875713,0.5511684125705076,560,681,1241,0.0,-0.0008333472224535399,0.5511684125705116,0.0
114777,4.351739195653259,0.5511684125705076,560,681,1241,0.0,-0.0008333472224535399,0.5511684125705116,0.0
114778,4.350905848430806,0.5511684125705076,560,681,1241,0.0,-0.0008333472224535399,0.5511684125705116,0.0
114779,4.350072501208352,0.5511684125705076,560,681,1241,0.0,-0.0008333472224535399,0.5511684125705116,0.0
114780,4.3492391539858986,0.5511684125705076,560,681,1241,0.0,-0.0008333472224535399,0.5511684125705116,0.0
114781,4.348405806763445,0.5511684125705076,560,681,1241,0.0,-0.0008333472224535399,0.5511684125705116,0.0
114782,4.3475724595409915,0.5511684125705076,560,681,1241,0.0,-0.0008333472224535399,0.5511684125705116,0.0
114783,4.346739112318538,0.5511684125705076,560,681,1241,0.0,-0.0008333472224535399,0.5511684125705116,0.0
114784,4.345905765096084,0.5511684125705076,560,681,1241,0.0,-0.0008333472224535399,0.5511684125705116,0.0
114785,4.345072417873631,0.5511684125705076,560,681,1241,0.0,-0.0008333472224535399,0.5511684125705116,0.0
114786,4.344239070651177,0.5511684125705076,560,681,1241,0.0,-0.0008333472224535399,0.5511684125705116,0.0
114787,4.343405723428724,0.5511684125705076,560,681,1241,0.0,-0.0008333472224535399,0.5511684125705116,0.0
114788,4.34257237620627,0.5511684125705076,560,681,1241,0.0,-0.0008333472224535399,0.5511684125705116,0.0
114789,4.341739028983817,0.5511684125705076,560,681,1241,0.0,-0.0008333472224535399,0.5511684125705116,0.0
114790,4.340905681761363,0.5511684125705076,560,681,1241,0.0,-0.0008333472224535399,0.5511684125705116,0.0
114791,4.34007233453891,0.5511684125705076,560,681,1241,0.0,-0.0008333472224535399,0.5511684125705116,0.0
114792,4.339238987316456,0.5511684125705076,560,681,1241,0.0,-0.0008333472224535399,0.5511684125705116,0.0
114793,4.3384056400940025,0.5511684125705076,560,681,1241,0.0,-0.0008333472224535399,0.5511684125705116,0.0
114794,4.337572292871549,0.5511684125705076,560,681,1241,0.0,-0.0008333472224535399,0.5511684125705116,0.0
114795,4.3367389456490955,0.5511684125705076,560,681,1241,0.0,-0.0008333472224535399,0.5511684125705116,0.0
114796,4.335905598426642,0.5511684125705076,560,681,1241,0.0,-0.0008333472224535399,0.5511684125705116,0.0
114797,4.335072251204181,0.5511684125705076,560,681,1241,0.0,-0.0008333472224606453,0.5511684125705116,0.0
114798,4.334238903981728,0.5511684125705076,560,681,1241,0.0,-0.0008333472224535399,0.5511684125705116,0.0
114799,4.333405556759274,0.5511684125705076,560,681,1241,0.0,-0.0008333472224535399,0.5511684125705116,0.0
114800,4.332572209536821,0.5511684125705076,560,681,1241,0.0,-0.0008333472224535399,0.5511684125705116,0.0
114801,4.331738862314367,0.5511684125705076,560,681,1241,0.0,-0.0008333472224535399,0.5511684125705116,0.0
114802,4.330905515091914,0.5511684125705076,560,681,1241,0.0,-0.0008333472224535399,0.5511684125705116,0.0
114803,4.33007216786946,0.5511684125705076,560,681,1241,0.0,-0.0008333472224535399,0.5511684125705116,0.0
114804,4.3292388206470065,0.5511684125705076,560,681,1241,0.0,-0.0008333472224535399,0.5511684125705116,0.0
114805,4.328405473424553,0.5511684125705076,560,681,1241,0.0,-0.0008333472224535399,0.5511684125705116,0.0
114806,4.327572126202099,0.5511684125705076,560,681,1241,0.0,-0.0008333472224535399,0.5511684125705116,0.0
114807,4.326738778979646,0.5511684125705076,560,681,1241,0.0,-0.0008333472224535399,0.5511684125705116,0.0
114808,4.325905431757192,0.5511684125705076,560,681,1241,0.0,-0.0008333472224535399,0.5511684125705116,0.0
114809,4.325072084534739,0.5511684125705076,560,681,1241,0.0,-0.0008333472224535399,0.5511684125705116,0.0
114810,4.324238737312285,0.5511684125705076,560,681,1241,0.0,-0.0008333472224535399,0.5511684125705116,0.0
114811,4.323405390089832,0.5511684125705076,560,681,1241,0.0,-0.0008333472224535399,0.5511684125705116,0.0
114812,4.322572042867378,0.5511684125705076,560,681,1241,0.0,-0.0008333472224535399,0.5511684125705116,0.0
114813,4.321738695644925,0.5511684125705076,560,681,1241,0.0,-0.0008333472224535399,0.5511684125705116,0.0
114814,4.320905348422471,0.5511684125705076,560,681,1241,0.0,-0.0008333472224535399,0.5511684125705116,0.0
114815,4.3200720012000176,0.5511684125705076,560,681,1241,0.0,-0.0008333472224535399,0.5511684125705116,0.0
114816,4.319238653977564,0.5511684125705076,560,681,1241,0.0,-0.0008333472224535399,0.5511684125705116,0.0
114817,4.3184053067551105,0.5511684125705076,560,681,1241,0.0,-0.0008333472224535399,0.5511684125705116,0.0
114818,4.317571959532657,0.5511684125705076,560,681,1241,0.0,-0.0008333472224535399,0.5511684125705116,0.0
114819,4.316738612310203,0.5511684125705076,560,681,1241,0.0,-0.0008333472224535399,0.5511684125705116,0.0
114820,4.31590526508775,0.5511684125705076,560,681,1241,0.0,-0.0008333472224535399,0.5511684125705116,0.0
114821,4.315071917865296,0.5511684125705076,560,681,1241,0.0,-0.0008333472224535399,0.5511684125705116,0.0
114822,4.314238570642843,0.5511684125705076,560,681,1241,0.0,-0.0008333472224535399,0.5511684125705116,0.0
114823,4.313405223420389,0.5511684125705076,560,681,1241,0.0,-0.0008333472224535399,0.5511684125705116,0.0
114824,4.312571876197936,0.5511684125705076,560,681,1241,0.0,-0.0008333472224535399,0.5511684125705116,0.0
114825,4.311738528975482,0.5511684125705076,560,681,1241,0.0,-0.0008333472224535399,0.5511684125705116,0.0
114826,4.310905181753029,0.5511684125705076,560,681,1241,0.0,-0.0008333472224535399,0.5511684125705116,0.0
114827,4.310071834530575,0.5511684125705076,560,681,1241,0.0,-0.0008333472224535399,0.5511684125705116,0.0
114828,4.3092384873081215,0.5511684125705076,560,681,1241,0.0,-0.0008333472224535399,0.5511684125705116,0.0
114829,4.308405140085668,0.5511684125705076,560,681,1241,0.0,-0.0008333472224535399,0.5511684125705116,0.0
114830,4.3075717928632145,0.5511684125705076,560,681,1241,0.0,-0.0008333472224535399,0.5511684125705116,0.0
114831,4.306738445640761,0.5511684125705076,560,681,1241,0.0,-0.0008333472224535399,0.5511684125705116,0.0
114832,4.305905098418307,0.5511684125705076,560,681,1241,0.0,-0.0008333472224535399,0.5511684125705116,0.0
114833,4.305071751195854,0.5511684125705076,560,681,1241,0.0,-0.0008333472224535399,0.5511684125705116,0.0
114834,4.3042384039734,0.5511684125705076,560,681,1241,0.0,-0.0008333472224535399,0.5511684125705116,0.0
114835,4.303405056750947,0.5511684125705076,560,681,1241,0.0,-0.0008333472224535399,0.5511684125705116,0.0
114836,4.302571709528493,0.5511684125705076,560,681,1241,0.0,-0.0008333472224535399,0.5511684125705116,0.0
114837,4.30173836230604,0.5511684125705076,560,681,1241,0.0,-0.0008333472224535399,0.5511684125705116,0.0
114838,4.300905015083586,0.5511684125705076,560,681,1241,0.0,-0.0008333472224535399,0.5511684125705116,0.0
114839,4.300071667861133,0.5511684125705076,560,681,1241,0.0,-0.0008333472224535399,0.5511684125705116,0.0
114840,4.299238320638672,0.5511684125705076,560,681,1241,0.0,-0.0008333472224606453,0.5511684125705116,0.0
114841,4.298404973416218,0.5511684125705076,560,681,1241,0.0,-0.0008333472224535399,0.5511684125705116,0.0
114842,4.297571626193765,0.5511684125705076,560,681,1241,0.0,-0.0008333472224535399,0.5511684125705116,0.0
114843,4.296738278971311,0.5511684125705076,560,681,1241,0.0,-0.0008333472224535399,0.5511684125705116,0.0
114844,4.295904931748858,0.5511684125705076,560,681,1241,0.0,-0.0008333472224535399,0.5511684125705116,0.0
114845,4.295071584526404,0.5511684125705076,560,681,1241,0.0,-0.0008333472224535399,0.5511684125705116,0.0
114846,4.294238237303951,0.5511684125705076,560,681,1241,0.0,-0.0008333472224535399,0.5511684125705116,0.0
114847,4.293404890081497,0.5511684125705076,560,681,1241,0.0,-0.0008333472224535399,0.5511684125705116,0.0
114848,4.292571542859044,0.5511684125705076,560,681,1241,0.0,-0.0008333472224535399,0.5511684125705116,0.0
114849,4.29173819563659,0.5511684125705076,560,681,1241,0.0,-0.0008333472224535399,0.5511684125705116,0.0
114850,4.2909048484141366,0.5511684125705076,560,681,1241,0.0,-0.0008333472224535399,0.5511684125705116,0.0
114851,4.290071501191683,0.5511684125705076,560,681,1241,0.0,-0.0008333472224535399,0.5511684125705116,0.0
114852,4.2892381539692295,0.5511684125705076,560,681,1241,0.0,-0.0008333472224535399,0.5511684125705116,0.0
114853,4.288404806746776,0.5511684125705076,560,681,1241,0.0,-0.0008333472224535399,0.5511684125705116,0.0
114854,4.287571459524322,0.5511684125705076,560,681,1241,0.0,-0.0008333472224535399,0.5511684125705116,0.0
114855,4.286738112301869,0.5511684125705076,560,681,1241,0.0,-0.0008333472224535399,0.5511684125705116,0.0
114856,4.285904765079415,0.5511684125705076,560,681,1241,0.0,-0.0008333472224535399,0.5511684125705116,0.0
114857,4.285071417856962,0.5511684125705076,560,681,1241,0.0,-0.0008333472224535399,0.5511684125705116,0.0
114858,4.284238070634508,0.5511684125705076,560,681,1241,0.0,-0.0008333472224535399,0.5511684125705116,0.0
114859,4.283404723412055,0.5511684125705076,560,681,1241,0.0,-0.0008333472224535399,0.5511684125705116,0.0
114860,4.282571376189601,0.5511684125705076,560,681,1241,0.0,-0.0008333472224535399,0.5511684125705116,0.0
114861,4.281738028967148,0.5511684125705076,560,681,1241,0.0,-0.0008333472224535399,0.5511684125705116,0.0
114862,4.280904681744694,0.5511684125705076,560,681,1241,0.0,-0.0008333472224535399,0.5511684125705116,0.0
114863,4.2800713345222405,0.5511684125705076,560,681,1241,0.0,-0.0008333472224535399,0.5511684125705116,0.0
114864,4.279237987299787,0.5511684125705076,560,681,1241,0.0,-0.0008333472224535399,0.5511684125705116,0.0
114865,4.2784046400773335,0.5511684125705076,560,681,1241,0.0,-0.0008333472224535399,0.5511684125705116,0.0
114866,4.27757129285488,0.5511684125705076,560,681,1241,0.0,-0.0008333472224535399,0.5511684125705116,0.0
114867,4.276737945632426,0.5511684125705076,560,681,1241,0.0,-0.0008333472224535399,0.5511684125705116,0.0
114868,4.275904598409973,0.5511684125705076,560,681,1241,0.0,-0.0008333472224535399,0.5511684125705116,0.0
114869,4.275071251187519,0.5511684125705076,560,681,1241,0.0,-0.0008333472224535399,0.5511684125705116,0.0
114870,4.274237903965066,0.5511684125705076,560,681,1241,0.0,-0.0008333472224535399,0.5511684125705116,0.0
114871,4.273404556742612,0.5511684125705076,560,681,1241,0.0,-0.0008333472224535399,0.5511684125705116,0.0
114872,4.272571209520159,0.5511684125705076,560,681,1241,0.0,-0.0008333472224535399,0.5511684125705116,0.0
114873,4.271737862297705,0.5511684125705076,560,681,1241,0.0,-0.0008333472224535399,0.5511684125705116,0.0
114874,4.270904515075252,0.5511684125705076,560,681,1241,0.0,-0.0008333472224535399,0.5511684125705116,0.0
114875,4.270071167852798,0.5511684125705076,560,681,1241,0.0,-0.0008333472224535399,0.5511684125705116,0.0
114876,4.2692378206303445,0.5511684125705076,560,681,1241,0.0,-0.0008333472224535399,0.5511684125705116,0.0
114877,4.268404473407891,0.5511684125705076,560,681,1241,0.0,-0.0008333472224535399,0.5511684125705116,0.0
114878,4.267571126185437,0.5511684125705076,560,681,1241,0.0,-0.0008333472224535399,0.5511684125705116,0.0
114879,4.266737778962984,0.5511684125705076,560,681,1241,0.0,-0.0008333472224535399,0.5511684125705116,0.0
114880,4.26590443174053,0.5511684125705076,560,681,1241,0.0,-0.0008333472224535399,0.5511684125705116,0.0
114881,4.265071084518077,0.5511684125705076,560,681,1241,0.0,-0.0008333472224535399,0.5511684125705116,0.0
114882,4.264237737295616,0.5511684125705076,560,681,1241,0.0,-0.0008333472224606453,0.5511684125705116,0.0
114883,4.263404390073163,0.5511684125705076,560,681,1241,0.0,-0.0008333472224535399,0.5511684125705116,0.0
114884,4.262571042850709,0.5511684125705076,560,681,1241,0.0,-0.0008333472224535399,0.5511684125705116,0.0
114885,4.2617376956282556,0.5511684125705076,560,681,1241,0.0,-0.0008333472224535399,0.5511684125705116,0.0
114886,4.260904348405802,0.5511684125705076,560,681,1241,0.0,-0.0008333472224535399,0.5511684125705116,0.0
114887,4.2600710011833485,0.5511684125705076,560,681,1241,0.0,-0.0008333472224535399,0.5511684125705116,0.0
114888,4.259237653960895,0.5511684125705076,560,681,1241,0.0,-0.0008333472224535399,0.5511684125705116,0.0
114889,4.258404306738441,0.5511684125705076,560,681,1241,0.0,-0.0008333472224535399,0.5511684125705116,0.0
114890,4.257570959515988,0.5511684125705076,560,681,1241,0.0,-0.0008333472224535399,0.5511684125705116,0.0
114891,4.256737612293534,0.5511684125705076,560,681,1241,0.0,-0.0008333472224535399,0.5511684125705116,0.0
114892,4.255904265071081,0.5511684125705076,560,681,1241,0.0,-0.0008333472224535399,0.5511684125705116,0.0
114893,4.255070917848627,0.5511684125705076,560,681,1241,0.0,-0.0008333472224535399,0.5511684125705116,0.0
114894,4.254237570626174,0.5511684125705076,560,681,1241,0.0,-0.0008333472224535399,0.5511684125705116,0.0
114895,4.25340422340372,0.5511684125705076,560,681,1241,0.0,-0.0008333472224535399,0.5511684125705116,0.0
114896,4.252570876181267,0.5511684125705076,560,681,1241,0.0,-0.0008333472224535399,0.5511684125705116,0.0
114897,4.251737528958813,0.5511684125705076,560,681,1241,0.0,-0.0008333472224535399,0.5511684125705116,0.0
114898,4.2509041817363595,0.5511684125705076,560,681,1241,0.0,-0.0008333472224535399,0.5511684125705116,0.0
114899,4.250070834513906,0.5511684125705076,560,681,1241,0.0,-0.0008333472224535399,0.5511684125705116,0.0
114900,4.2492374872914525,0.5511684125705076,560,681,1241,0.0,-0.0008333472224535399,0.5511684125705116,0.0
114901,4.248404140068999,0.5511684125705076,560,681,1241,0.0,-0.0008333472224535399,0.5511684125705116,0.0
114902,4.247570792846545,0.5511684125705076,560,681,1241,0.0,-0.0008333472224535399,0.5511684125705116,0.0
114903,4.246737445624092,0.5511684125705076,560,681,1241,0.0,-0.0008333472224535399,0.5511684125705116,0.0
114904,4.245904098401638,0.5511684125705076,560,681,1241,0.0,-0.0008333472224535399,0.5511684125705116,0.0
114905,4.245070751179185,0.5511684125705076,560,681,1241,0.0,-0.0008333472224535399,0.5511684125705116,0.0
114906,4.244237403956731,0.5511684125705076,560,681,1241,0.0,-0.0008333472224535399,0.5511684125705116,0.0
114907,4.243404056734278,0.5511684125705076,560,681,1241,0.0,-0.0008333472224535399,0.5511684125705116,0.0
114908,4.242570709511824,0.5511684125705076,560,681,1241,0.0,-0.0008333472224535399,0.5511684125705116,0.0
114909,4.241737362289371,0.5511684125705076,560,681,1241,0.0,-0.0008333472224535399,0.5511684125705116,0.0
114910,4.240904015066917,0.5511684125705076,560,681,1241,0.0,-0.0008333472224535399,0.5511684125705116,0.0
114911,4.2400706678444635,0.5511684125705076,560,681,1241,0.0,-0.0008333472224535399,0.5511684125705116,0.0
114912,4.23923732062201,0.5511684125705076,560,681,1241,0.0,-0.0008333472224535399,0.5511684125705116,0.0
114913,4.238403973399556,0.5511684125705076,560,681,1241,0.0,-0.0008333472224535399,0.5511684125705116,0.0
114914,4.237570626177103,0.5511684125705076,560,681,1241,0.0,-0.0008333472224535399,0.5511684125705116,0.0
114915,4.236737278954649,0.5511684125705076,560,681,1241,0.0,-0.0008333472224535399,0.5511684125705116,0.0
114916,4.235903931732196,0.5511684125705076,560,681,1241,0.0,-0.0008333472224535399,0.5511684125705116,0.0
114917,4.235070584509742,0.5511684125705076,560,681,1241,0.0,-0.0008333472224535399,0.5511684125705116,0.0
114918,4.234237237287289,0.5511684125705076,560,681,1241,0.0,-0.0008333472224535399,0.5511684125705116,0.0
114919,4.233403890064835,0.5511684125705076,560,681,1241,0.0,-0.0008333472224535399,0.5511684125705116,0.0
114920,4.232570542842382,0.5511684125705076,560,681,1241,0.0,-0.0008333472224535399,0.5511684125705116,0.0
114921,4.231737195619928,0.5511684125705076,560,681,1241,0.0,-0.0008333472224535399,0.5511684125705116,0.0
114922,4.230903848397475,0.5511684125705076,560,681,1241,0.0,-0.0008333472224535399,0.5511684125705116,0.0
114923,4.230070501175021,0.5511684125705076,560,681,1241,0.0,-0.0008333472224535399,0.5511684125705116,0.0
114924,4.22923715395256,0.5511684125705076,560,681,1241,0.0,-0.0008333472224606453,0.5511684125705116,0.0
114925,4.228403806730107,0.5511684125705076,560,681,1241,0.0,-0.0008333472224535399,0.5511684125705116,0.0
114926,4.227570459507653,0.5511684125705076,560,681,1241,0.0,-0.0008333472224535399,0.5511684125705116,0.0
114927,4.2267371122852,0.5511684125705076,560,681,1241,0.0,-0.0008333472224535399,0.5511684125705116,0.0
114928,4.225903765062746,0.5511684125705076,560,681,1241,0.0,-0.0008333472224535399,0.5511684125705116,0.0
114929,4.225070417840293,0.5511684125705076,560,681,1241,0.0,-0.0008333472224535399,0.5511684125705116,0.0
114930,4.224237070617839,0.5511684125705076,560,681,1241,0.0,-0.0008333472224535399,0.5511684125705116,0.0
114931,4.223403723395386,0.5511684125705076,560,681,1241,0.0,-0.0008333472224535399,0.5511684125705116,0.0
114932,4.222570376172932,0.5511684125705076,560,681,1241,0.0,-0.0008333472224535399,0.5511684125705116,0.0
114933,4.2217370289504785,0.5511684125705076,560,681,1241,0.0,-0.0008333472224535399,0.5511684125705116,0.0
114934,4.220903681728025,0.5511684125705076,560,681,1241,0.0,-0.0008333472224535399,0.5511684125705116,0.0
114935,4.2200703345055715,0.5511684125705076,560,681,1241,0.0,-0.0008333472224535399,0.5511684125705116,0.0
114936,4.219236987283118,0.5511684125705076,560,681,1241,0.0,-0.0008333472224535399,0.5511684125705116,0.0
114937,4.218403640060664,0.5511684125705076,560,681,1241,0.0,-0.0008333472224535399,0.5511684125705116,0.0
114938,4.217570292838211,0.5511684125705076,560,681,1241,0.0,-0.0008333472224535399,0.5511684125705116,0.0
114939,4.216736945615757,0.5511684125705076,560,681,1241,0.0,-0.0008333472224535399,0.5511684125705116,0.0
114940,4.215903598393304,0.5511684125705076,560,681,1241,0.0,-0.0008333472224535399,0.5511684125705116,0.0
114941,4.21507025117085,0.5511684125705076,560,681,1241,0.0,-0.0008333472224535399,0.5511684125705116,0.0
114942,4.214236903948397,0.5511684125705076,560,681,1241,0.0,-0.0008333472224535399,0.5511684125705116,0.0
114943,4.213403556725943,0.5511684125705076,560,681,1241,0.0,-0.0008333472224535399,0.5511684125705116,0.0
114944,4.21257020950349,0.5511684125705076,560,681,1241,0.0,-0.0008333472224535399,0.5511684125705116,0.0
114945,4.211736862281036,0.5511684125705076,560,681,1241,0.0,-0.0008333472224535399,0.5511684125705116,0.0
114946,4.2109035150585825,0.5511684125705076,560,681,1241,0.0,-0.0008333472224535399,0.5511684125705116,0.0
114947,4.210070167836129,0.5511684125705076,560,681,1241,0.0,-0.0008333472224535399,0.5511684125705116,0.0
114948,4.209236820613675,0.5511684125705076,560,681,1241,0.0,-0.0008333472224535399,0.5511684125705116,0.0
114949,4.208403473391222,0.5511684125705076,560,681,1241,0.0,-0.0008333472224535399,0.5511684125705116,0.0
114950,4.207570126168768,0.5511684125705076,560,681,1241,0.0,-0.0008333472224535399,0.5511684125705116,0.0
114951,4.206736778946315,0.5511684125705076,560,681,1241,0.0,-0.0008333472224535399,0.5511684125705116,0.0
114952,4.205903431723861,0.5511684125705076,560,681,1241,0.0,-0.0008333472224535399,0.5511684125705116,0.0
114953,4.205070084501408,0.5511684125705076,560,681,1241,0.0,-0.0008333472224535399,0.5511684125705116,0.0
114954,4.204236737278954,0.5511684125705076,560,681,1241,0.0,-0.0008333472224535399,0.5511684125705116,0.0
114955,4.203403390056501,0.5511684125705076,560,681,1241,0.0,-0.0008333472224535399,0.5511684125705116,0.0
114956,4.202570042834047,0.5511684125705076,560,681,1241,0.0,-0.0008333472224535399,0.5511684125705116,0.0
114957,4.201736695611594,0.5511684125705076,560,681,1241,0.0,-0.0008333472224535399,0.5511684125705116,0.0
114958,4.20090334838914,0.5511684125705076,560,681,1241,0.0,-0.0008333472224535399,0.5511684125705116,0.0
114959,4.2000700011666865,0.5511684125705076,560,681,1241,0.0,-0.0008333472224535399,0.5511684125705116,0.0
114960,4.199236653944233,0.5511684125705076,560,681,1241,0.0,-0.0008333472224535399,0.5511684125705116,0.0
114961,4.198403306721779,0.5511684125705076,560,681,1241,0.0,-0.0008333472224535399,0.5511684125705116,0.0
114962,4.197569959499326,0.5511684125705076,560,681,1241,0.0,-0.0008333472224535399,0.5511684125705116,0.0
114963,4.196736612276872,0.5511684125705076,560,681,1241,0.0,-0.0008333472224535399,0.5511684125705116,0.0
114964,4.195903265054419,0.5511684125705076,560,681,1241,0.0,-0.0008333472224535399,0.5511684125705116,0.0
114965,4.195069917831965,0.5511684125705076,560,681,1241,0.0,-0.0008333472224535399,0.5511684125705116,0.0
114966,4.194236570609512,0.5511684125705076,560,681,1241,0.0,-0.0008333472224535399,0.5511684125705116,0.0
114967,4.193403223387051,0.5511684125705076,560,681,1241,0.0,-0.0008333472224606453,0.5511684125705116,0.0
114968,4.1925698761645975,0.5511684125705076,560,681,1241,0.0,-0.0008333472224535399,0.5511684125705116,0.0
114969,4.191736528942144,0.5511684125705076,560,681,1241,0.0,-0.0008333472224535399,0.5511684125705116,0.0
114970,4.1909031817196905,0.5511684125705076,560,681,1241,0.0,-0.0008333472224535399,0.5511684125705116,0.0
114971,4.190069834497237,0.5511684125705076,560,681,1241,0.0,-0.0008333472224535399,0.5511684125705116,0.0
114972,4.189236487274783,0.5511684125705076,560,681,1241,0.0,-0.0008333472224535399,0.5511684125705116,0.0
114973,4.18840314005233,0.5511684125705076,560,681,1241,0.0,-0.0008333472224535399,0.5511684125705116,0.0
114974,4.187569792829876,0.5511684125705076,560,681,1241,0.0,-0.0008333472224535399,0.5511684125705116,0.0
114975,4.186736445607423,0.5511684125705076,560,681,1241,0.0,-0.0008333472224535399,0.5511684125705116,0.0
114976,4.185903098384969,0.5511684125705076,560,681,1241,0.0,-0.0008333472224535399,0.5511684125705116,0.0
114977,4.185069751162516,0.5519742143432715,560,681,1241,0.0008058017727639033,-0.0008333472224535399,0.5512489927477879,8.058017727639034e-05
114978,4.184236403940062,0.5519742143432715,560,681,1241,0.0,-0.0008333472224535399,0.5513295729250643,8.058017727639034e-05
114979,4.183403056717609,0.5527800161160354,560,681,1241,0.0008058017727639033,-0.0008333472224535399,0.5514907332796171,0.00016116035455278067
114980,4.182569709495155,0.5527800161160354,560,681,1241,0.0,-0.0008333472224535399,0.5516518936341697,0.00016116035455278067
114981,4.1817363622727015,0.5527800161160354,560,681,1241,0.0,-0.0008333472224535399,0.5518130539887224,0.00016116035455278067
114982,4.180903015050248,0.5527800161160354,560,681,1241,0.0,-0.0008333472224535399,0.5519742143432751,0.00016116035455278067
114983,4.180069667827794,0.5527800161160354,560,681,1241,0.0,-0.0008333472224535399,0.5521353746978278,0.00016116035455278067
114984,4.179236320605341,0.5527800161160354,560,681,1241,0.0,-0.0008333472224535399,0.5522965350523805,0.00016116035455278067
114985,4.178402973382887,0.5527800161160354,560,681,1241,0.0,-0.0008333472224535399,0.5524576954069331,0.00016116035455278067
114986,4.177569626160434,0.5527800161160354,560,681,1241,0.0,-0.0008333472224535399,0.5526188557614858,0.00016116035455278067
114987,4.17673627893798,0.5527800161160354,560,681,1241,0.0,-0.0008333472224535399,0.5526994359387623,8.058017727639034e-05
114988,4.175902931715527,0.5527800161160354,560,681,1241,0.0,-0.0008333472224535399,0.5527800161160386,8.058017727639034e-05
114989,4.175069584493073,0.5527800161160354,560,681,1241,0.0,-0.0008333472224535399,0.5527800161160386,0.0
114990,4.17423623727062,0.5527800161160354,560,681,1241,0.0,-0.0008333472224535399,0.5527800161160386,0.0
114991,4.173402890048166,0.5527800161160354,560,681,1241,0.0,-0.0008333472224535399,0.5527800161160386,0.0
114992,4.172569542825713,0.5527800161160354,560,681,1241,0.0,-0.0008333472224535399,0.5527800161160386,0.0
114993,4.171736195603259,0.5527800161160354,560,681,1241,0.0,-0.0008333472224535399,0.5527800161160386,0.0
114994,4.1709028483808055,0.5527800161160354,560,681,1241,0.0,-0.0008333472224535399,0.5527800161160386,0.0
114995,4.170069501158352,0.5527800161160354,560,681,1241,0.0,-0.0008333472224535399,0.5527800161160386,0.0
114996,4.169236153935898,0.5527800161160354,560,681,1241,0.0,-0.0008333472224535399,0.5527800161160386,0.0
114997,4.168402806713445,0.5527800161160354,560,681,1241,0.0,-0.0008333472224535399,0.5527800161160386,0.0
114998,4.167569459490991,0.5527800161160354,560,681,1241,0.0,-0.0008333472224535399,0.5527800161160386,0.0
114999,4.166736112268538,0.5527800161160354,560,681,1241,0.0,-0.0008333472224535399,0.5527800161160386,0.0
115000,4.165902765046084,0.5527800161160354,560,681,1241,0.0,-0.0008333472224535399,0.5527800161160386,0.0
115001,4.165069417823631,0.5527800161160354,560,681,1241,0.0,-0.0008333472224535399,0.5527800161160386,0.0
115002,4.164236070601177,0.5527800161160354,560,681,1241,0.0,-0.0008333472224535399,0.5527800161160386,0.0
115003,4.163402723378724,0.5527800161160354,560,681,1241,0.0,-0.0008333472224535399,0.5527800161160386,0.0
115004,4.16256937615627,0.5527800161160354,560,681,1241,0.0,-0.0008333472224535399,0.5527800161160386,0.0
115005,4.1617360289338166,0.5527800161160354,560,681,1241,0.0,-0.0008333472224535399,0.5527800161160386,0.0
115006,4.160902681711363,0.5527800161160354,560,681,1241,0.0,-0.0008333472224535399,0.5527800161160386,0.0
115007,4.1600693344889095,0.5527800161160354,560,681,1241,0.0,-0.0008333472224535399,0.5527800161160386,0.0
115008,4.159235987266456,0.5527800161160354,560,681,1241,0.0,-0.0008333472224535399,0.5527800161160386,0.0
115009,4.158402640043995,0.5527800161160354,560,681,1241,0.0,-0.0008333472224606453,0.5527800161160386,0.0
115010,4.157569292821542,0.5527800161160354,560,681,1241,0.0,-0.0008333472224535399,0.5527800161160386,0.0
115011,4.156735945599088,0.5527800161160354,560,681,1241,0.0,-0.0008333472224535399,0.5527800161160386,0.0
115012,4.155902598376635,0.5527800161160354,560,681,1241,0.0,-0.0008333472224535399,0.5527800161160386,0.0
115013,4.155069251154181,0.5527800161160354,560,681,1241,0.0,-0.0008333472224535399,0.5527800161160386,0.0
115014,4.154235903931728,0.5527800161160354,560,681,1241,0.0,-0.0008333472224535399,0.5527800161160386,0.0
115015,4.153402556709274,0.5527800161160354,560,681,1241,0.0,-0.0008333472224535399,0.5527800161160386,0.0
115016,4.1525692094868205,0.5527800161160354,560,681,1241,0.0,-0.0008333472224535399,0.5527800161160386,0.0
115017,4.151735862264367,0.5527800161160354,560,681,1241,0.0,-0.0008333472224535399,0.5527800161160386,0.0
115018,4.150902515041913,0.5527800161160354,560,681,1241,0.0,-0.0008333472224535399,0.5527800161160386,0.0
115019,4.15006916781946,0.5527800161160354,560,681,1241,0.0,-0.0008333472224535399,0.5527800161160386,0.0
115020,4.149235820597006,0.5527800161160354,560,681,1241,0.0,-0.0008333472224535399,0.5527800161160386,0.0
115021,4.148402473374553,0.5527800161160354,560,681,1241,0.0,-0.0008333472224535399,0.5527800161160386,0.0
115022,4.147569126152099,0.5527800161160354,560,681,1241,0.0,-0.0008333472224535399,0.5527800161160386,0.0
115023,4.146735778929646,0.5527800161160354,560,681,1241,0.0,-0.0008333472224535399,0.5527800161160386,0.0
115024,4.145902431707192,0.5527800161160354,560,681,1241,0.0,-0.0008333472224535399,0.5527800161160386,0.0
115025,4.145069084484739,0.5527800161160354,560,681,1241,0.0,-0.0008333472224535399,0.5527800161160386,0.0
115026,4.144235737262285,0.5527800161160354,560,681,1241,0.0,-0.0008333472224535399,0.5527800161160386,0.0
115027,4.143402390039832,0.5527800161160354,560,681,1241,0.0,-0.0008333472224535399,0.5527800161160386,0.0
115028,4.142569042817378,0.5527800161160354,560,681,1241,0.0,-0.0008333472224535399,0.5527800161160386,0.0
115029,4.1417356955949245,0.5527800161160354,560,681,1241,0.0,-0.0008333472224535399,0.5527800161160386,0.0
115030,4.140902348372471,0.5527800161160354,560,681,1241,0.0,-0.0008333472224535399,0.5527800161160386,0.0
115031,4.140069001150017,0.5527800161160354,560,681,1241,0.0,-0.0008333472224535399,0.5527800161160386,0.0
115032,4.139235653927564,0.5527800161160354,560,681,1241,0.0,-0.0008333472224535399,0.5527800161160386,0.0
115033,4.13840230670511,0.5527800161160354,560,681,1241,0.0,-0.0008333472224535399,0.5527800161160386,0.0
115034,4.137568959482657,0.5527800161160354,560,681,1241,0.0,-0.0008333472224535399,0.5527800161160386,0.0
115035,4.136735612260203,0.5527800161160354,560,681,1241,0.0,-0.0008333472224535399,0.5527800161160386,0.0
115036,4.13590226503775,0.5527800161160354,560,681,1241,0.0,-0.0008333472224535399,0.5527800161160386,0.0
115037,4.135068917815296,0.5527800161160354,560,681,1241,0.0,-0.0008333472224535399,0.5527800161160386,0.0
115038,4.134235570592843,0.5527800161160354,560,681,1241,0.0,-0.0008333472224535399,0.5527800161160386,0.0
115039,4.133402223370389,0.5527800161160354,560,681,1241,0.0,-0.0008333472224535399,0.5527800161160386,0.0
115040,4.1325688761479356,0.5527800161160354,560,681,1241,0.0,-0.0008333472224535399,0.5527800161160386,0.0
115041,4.131735528925482,0.5527800161160354,560,681,1241,0.0,-0.0008333472224535399,0.5527800161160386,0.0
115042,4.1309021817030285,0.5527800161160354,560,681,1241,0.0,-0.0008333472224535399,0.5527800161160386,0.0
115043,4.130068834480575,0.5527800161160354,560,681,1241,0.0,-0.0008333472224535399,0.5527800161160386,0.0
115044,4.129235487258121,0.5527800161160354,560,681,1241,0.0,-0.0008333472224535399,0.5527800161160386,0.0
115045,4.128402140035668,0.5527800161160354,560,681,1241,0.0,-0.0008333472224535399,0.5527800161160386,0.0
115046,4.127568792813214,0.5527800161160354,560,681,1241,0.0,-0.0008333472224535399,0.5527800161160386,0.0
115047,4.126735445590761,0.5527800161160354,560,681,1241,0.0,-0.0008333472224535399,0.5527800161160386,0.0
115048,4.125902098368307,0.5527800161160354,560,681,1241,0.0,-0.0008333472224535399,0.5527800161160386,0.0
115049,4.125068751145854,0.5527800161160354,560,681,1241,0.0,-0.0008333472224535399,0.5527800161160386,0.0
115050,4.1242354039234,0.5527800161160354,560,681,1241,0.0,-0.0008333472224535399,0.5527800161160386,0.0
115051,4.123402056700947,0.5527800161160354,560,681,1241,0.0,-0.0008333472224535399,0.5527800161160386,0.0
115052,4.122568709478486,0.5527800161160354,560,681,1241,0.0,-0.0008333472224606453,0.5527800161160386,0.0
115053,4.121735362256032,0.5527800161160354,560,681,1241,0.0,-0.0008333472224535399,0.5527800161160386,0.0
115054,4.120902015033579,0.5527800161160354,560,681,1241,0.0,-0.0008333472224535399,0.5527800161160386,0.0
115055,4.120068667811125,0.5527800161160354,560,681,1241,0.0,-0.0008333472224535399,0.5527800161160386,0.0
115056,4.119235320588672,0.5527800161160354,560,681,1241,0.0,-0.0008333472224535399,0.5527800161160386,0.0
115057,4.118401973366218,0.5527800161160354,560,681,1241,0.0,-0.0008333472224535399,0.5527800161160386,0.0
115058,4.117568626143765,0.5527800161160354,560,681,1241,0.0,-0.0008333472224535399,0.5527800161160386,0.0
115059,4.116735278921311,0.5527800161160354,560,681,1241,0.0,-0.0008333472224535399,0.5527800161160386,0.0
115060,4.115901931698858,0.5527800161160354,560,681,1241,0.0,-0.0008333472224535399,0.5527800161160386,0.0
115061,4.115068584476404,0.5527800161160354,560,681,1241,0.0,-0.0008333472224535399,0.5527800161160386,0.0
115062,4.114235237253951,0.5527800161160354,560,681,1241,0.0,-0.0008333472224535399,0.5527800161160386,0.0
115063,4.113401890031497,0.5527800161160354,560,681,1241,0.0,-0.0008333472224535399,0.5527800161160386,0.0
115064,4.1125685428090435,0.5527800161160354,560,681,1241,0.0,-0.0008333472224535399,0.5527800161160386,0.0
115065,4.11173519558659,0.5527800161160354,560,681,1241,0.0,-0.0008333472224535399,0.5527800161160386,0.0
115066,4.110901848364136,0.5527800161160354,560,681,1241,0.0,-0.0008333472224535399,0.5527800161160386,0.0
115067,4.110068501141683,0.5527800161160354,560,681,1241,0.0,-0.0008333472224535399,0.5527800161160386,0.0
115068,4.109235153919229,0.5527800161160354,560,681,1241,0.0,-0.0008333472224535399,0.5527800161160386,0.0
115069,4.108401806696776,0.5527800161160354,560,681,1241,0.0,-0.0008333472224535399,0.5527800161160386,0.0
115070,4.107568459474322,0.5527800161160354,560,681,1241,0.0,-0.0008333472224535399,0.5527800161160386,0.0
115071,4.106735112251869,0.5527800161160354,560,681,1241,0.0,-0.0008333472224535399,0.5527800161160386,0.0
115072,4.105901765029415,0.5527800161160354,560,681,1241,0.0,-0.0008333472224535399,0.5527800161160386,0.0
115073,4.105068417806962,0.5527800161160354,560,681,1241,0.0,-0.0008333472224535399,0.5527800161160386,0.0
115074,4.104235070584508,0.5527800161160354,560,681,1241,0.0,-0.0008333472224535399,0.5527800161160386,0.0
115075,4.1034017233620546,0.5527800161160354,560,681,1241,0.0,-0.0008333472224535399,0.5527800161160386,0.0
115076,4.102568376139601,0.5527800161160354,560,681,1241,0.0,-0.0008333472224535399,0.5527800161160386,0.0
115077,4.1017350289171475,0.5519742143432715,560,681,1241,-0.0008058017727639033,-0.0008333472224535399,0.5526994359387623,-8.058017727639034e-05
115078,4.100901681694694,0.5519742143432715,560,681,1241,0.0,-0.0008333472224535399,0.5526188557614858,-8.058017727639034e-05
115079,4.10006833447224,0.5519742143432715,560,681,1241,0.0,-0.0008333472224535399,0.5525382755842095,-8.058017727639034e-05
115080,4.099234987249787,0.5519742143432715,560,681,1241,0.0,-0.0008333472224535399,0.5524576954069331,-8.058017727639034e-05
115081,4.098401640027333,0.5519742143432715,560,681,1241,0.0,-0.0008333472224535399,0.5523771152296568,-8.058017727639034e-05
115082,4.09756829280488,0.5519742143432715,560,681,1241,0.0,-0.0008333472224535399,0.5522965350523805,-8.058017727639034e-05
115083,4.096734945582426,0.5519742143432715,560,681,1241,0.0,-0.0008333472224535399,0.5522159548751041,-8.058017727639034e-05
115084,4.095901598359973,0.5519742143432715,560,681,1241,0.0,-0.0008333472224535399,0.5521353746978278,-8.058017727639034e-05
115085,4.095068251137519,0.5519742143432715,560,681,1241,0.0,-0.0008333472224535399,0.5520547945205514,-8.058017727639034e-05
115086,4.094234903915066,0.5519742143432715,560,681,1241,0.0,-0.0008333472224535399,0.5519742143432751,-8.058017727639034e-05
115087,4.093401556692612,0.5519742143432715,560,681,1241,0.0,-0.0008333472224535399,0.5519742143432751,0.0
115088,4.0925682094701585,0.5519742143432715,560,681,1241,0.0,-0.0008333472224535399,0.5519742143432751,0.0
115089,4.091734862247705,0.5519742143432715,560,681,1241,0.0,-0.0008333472224535399,0.5519742143432751,0.0
115090,4.0909015150252515,0.5519742143432715,560,681,1241,0.0,-0.0008333472224535399,0.5519742143432751,0.0
115091,4.090068167802798,0.5519742143432715,560,681,1241,0.0,-0.0008333472224535399,0.5519742143432751,0.0
115092,4.089234820580344,0.5519742143432715,560,681,1241,0.0,-0.0008333472224535399,0.5519742143432751,0.0
115093,4.088401473357891,0.5519742143432715,560,681,1241,0.0,-0.0008333472224535399,0.5519742143432751,0.0
115094,4.08756812613543,0.5519742143432715,560,681,1241,0.0,-0.0008333472224606453,0.5519742143432751,0.0
115095,4.086734778912977,0.5519742143432715,560,681,1241,0.0,-0.0008333472224535399,0.5519742143432751,0.0
115096,4.085901431690523,0.5519742143432715,560,681,1241,0.0,-0.0008333472224535399,0.5519742143432751,0.0
115097,4.08506808446807,0.5519742143432715,560,681,1241,0.0,-0.0008333472224535399,0.5519742143432751,0.0
115098,4.084234737245616,0.5519742143432715,560,681,1241,0.0,-0.0008333472224535399,0.5519742143432751,0.0
115099,4.0834013900231625,0.5519742143432715,560,681,1241,0.0,-0.0008333472224535399,0.5519742143432751,0.0
115100,4.082568042800709,0.5519742143432715,560,681,1241,0.0,-0.0008333472224535399,0.5519742143432751,0.0
115101,4.081734695578255,0.5519742143432715,560,681,1241,0.0,-0.0008333472224535399,0.5519742143432751,0.0
115102,4.080901348355802,0.5519742143432715,560,681,1241,0.0,-0.0008333472224535399,0.5519742143432751,0.0
115103,4.080068001133348,0.5519742143432715,560,681,1241,0.0,-0.0008333472224535399,0.5519742143432751,0.0
115104,4.079234653910895,0.5519742143432715,560,681,1241,0.0,-0.0008333472224535399,0.5519742143432751,0.0
115105,4.078401306688441,0.5519742143432715,560,681,1241,0.0,-0.0008333472224535399,0.5519742143432751,0.0
115106,4.077567959465988,0.5519742143432715,560,681,1241,0.0,-0.0008333472224535399,0.5519742143432751,0.0
115107,4.076734612243534,0.5519742143432715,560,681,1241,0.0,-0.0008333472224535399,0.5519742143432751,0.0
115108,4.075901265021081,0.5519742143432715,560,681,1241,0.0,-0.0008333472224535399,0.5519742143432751,0.0
115109,4.075067917798627,0.5519742143432715,560,681,1241,0.0,-0.0008333472224535399,0.5519742143432751,0.0
115110,4.0742345705761736,0.5519742143432715,560,681,1241,0.0,-0.0008333472224535399,0.5519742143432751,0.0
115111,4.07340122335372,0.5519742143432715,560,681,1241,0.0,-0.0008333472224535399,0.5519742143432751,0.0
115112,4.0725678761312665,0.5519742143432715,560,681,1241,0.0,-0.0008333472224535399,0.5519742143432751,0.0
115113,4.071734528908813,0.5519742143432715,560,681,1241,0.0,-0.0008333472224535399,0.5519742143432751,0.0
115114,4.070901181686359,0.5519742143432715,560,681,1241,0.0,-0.0008333472224535399,0.5519742143432751,0.0
115115,4.070067834463906,0.5519742143432715,560,681,1241,0.0,-0.0008333472224535399,0.5519742143432751,0.0
115116,4.069234487241452,0.5519742143432715,560,681,1241,0.0,-0.0008333472224535399,0.5519742143432751,0.0
115117,4.068401140018999,0.5519742143432715,560,681,1241,0.0,-0.0008333472224535399,0.5519742143432751,0.0
115118,4.067567792796545,0.5519742143432715,560,681,1241,0.0,-0.0008333472224535399,0.5519742143432751,0.0
115119,4.066734445574092,0.5519742143432715,560,681,1241,0.0,-0.0008333472224535399,0.5519742143432751,0.0
115120,4.065901098351638,0.5519742143432715,560,681,1241,0.0,-0.0008333472224535399,0.5519742143432751,0.0
115121,4.065067751129185,0.5519742143432715,560,681,1241,0.0,-0.0008333472224535399,0.5519742143432751,0.0
115122,4.064234403906731,0.5519742143432715,560,681,1241,0.0,-0.0008333472224535399,0.5519742143432751,0.0
115123,4.0634010566842775,0.5519742143432715,560,681,1241,0.0,-0.0008333472224535399,0.5519742143432751,0.0
115124,4.062567709461824,0.5519742143432715,560,681,1241,0.0,-0.0008333472224535399,0.5519742143432751,0.0
115125,4.0617343622393705,0.5519742143432715,560,681,1241,0.0,-0.0008333472224535399,0.5519742143432751,0.0
115126,4.060901015016917,0.5519742143432715,560,681,1241,0.0,-0.0008333472224535399,0.5519742143432751,0.0
115127,4.060067667794463,0.5519742143432715,560,681,1241,0.0,-0.0008333472224535399,0.5519742143432751,0.0
115128,4.05923432057201,0.5519742143432715,560,681,1241,0.0,-0.0008333472224535399,0.5519742143432751,0.0
115129,4.058400973349556,0.5519742143432715,560,681,1241,0.0,-0.0008333472224535399,0.5519742143432751,0.0
115130,4.057567626127103,0.5519742143432715,560,681,1241,0.0,-0.0008333472224535399,0.5519742143432751,0.0
115131,4.056734278904649,0.5519742143432715,560,681,1241,0.0,-0.0008333472224535399,0.5519742143432751,0.0
115132,4.055900931682196,0.5519742143432715,560,681,1241,0.0,-0.0008333472224535399,0.5519742143432751,0.0
115133,4.055067584459742,0.5519742143432715,560,681,1241,0.0,-0.0008333472224535399,0.5519742143432751,0.0
115134,4.054234237237289,0.5519742143432715,560,681,1241,0.0,-0.0008333472224535399,0.5519742143432751,0.0
115135,4.053400890014835,0.5519742143432715,560,681,1241,0.0,-0.0008333472224535399,0.5519742143432751,0.0
115136,4.052567542792374,0.5519742143432715,560,681,1241,0.0,-0.0008333472224606453,0.5519742143432751,0.0
115137,4.051734195569921,0.5519742143432715,560,681,1241,0.0,-0.0008333472224535399,0.5519742143432751,0.0
115138,4.050900848347467,0.5519742143432715,560,681,1241,0.0,-0.0008333472224535399,0.5519742143432751,0.0
115139,4.050067501125014,0.5519742143432715,560,681,1241,0.0,-0.0008333472224535399,0.5519742143432751,0.0
115140,4.04923415390256,0.5519742143432715,560,681,1241,0.0,-0.0008333472224535399,0.5519742143432751,0.0
115141,4.048400806680107,0.5519742143432715,560,681,1241,0.0,-0.0008333472224535399,0.5519742143432751,0.0
115142,4.047567459457653,0.5519742143432715,560,681,1241,0.0,-0.0008333472224535399,0.5519742143432751,0.0
115143,4.0467341122352,0.5519742143432715,560,681,1241,0.0,-0.0008333472224535399,0.5519742143432751,0.0
115144,4.045900765012746,0.5519742143432715,560,681,1241,0.0,-0.0008333472224535399,0.5519742143432751,0.0
115145,4.0450674177902926,0.5519742143432715,560,681,1241,0.0,-0.0008333472224535399,0.5519742143432751,0.0
115146,4.044234070567839,0.5519742143432715,560,681,1241,0.0,-0.0008333472224535399,0.5519742143432751,0.0
115147,4.0434007233453855,0.5519742143432715,560,681,1241,0.0,-0.0008333472224535399,0.5519742143432751,0.0
115148,4.042567376122932,0.5519742143432715,560,681,1241,0.0,-0.0008333472224535399,0.5519742143432751,0.0
115149,4.041734028900478,0.5519742143432715,560,681,1241,0.0,-0.0008333472224535399,0.5519742143432751,0.0
115150,4.040900681678025,0.5519742143432715,560,681,1241,0.0,-0.0008333472224535399,0.5519742143432751,0.0
115151,4.040067334455571,0.5519742143432715,560,681,1241,0.0,-0.0008333472224535399,0.5519742143432751,0.0
115152,4.039233987233118,0.5519742143432715,560,681,1241,0.0,-0.0008333472224535399,0.5519742143432751,0.0
115153,4.038400640010664,0.5519742143432715,560,681,1241,0.0,-0.0008333472224535399,0.5519742143432751,0.0
115154,4.037567292788211,0.5519742143432715,560,681,1241,0.0,-0.0008333472224535399,0.5519742143432751,0.0
115155,4.036733945565757,0.5519742143432715,560,681,1241,0.0,-0.0008333472224535399,0.5519742143432751,0.0
115156,4.035900598343304,0.5519742143432715,560,681,1241,0.0,-0.0008333472224535399,0.5519742143432751,0.0
115157,4.03506725112085,0.5519742143432715,560,681,1241,0.0,-0.0008333472224535399,0.5519742143432751,0.0
115158,4.0342339038983965,0.5519742143432715,560,681,1241,0.0,-0.0008333472224535399,0.5519742143432751,0.0
115159,4.033400556675943,0.5519742143432715,560,681,1241,0.0,-0.0008333472224535399,0.5519742143432751,0.0
115160,4.0325672094534895,0.5519742143432715,560,681,1241,0.0,-0.0008333472224535399,0.5519742143432751,0.0
115161,4.031733862231036,0.5519742143432715,560,681,1241,0.0,-0.0008333472224535399,0.5519742143432751,0.0
115162,4.030900515008582,0.5519742143432715,560,681,1241,0.0,-0.0008333472224535399,0.5519742143432751,0.0
115163,4.030067167786129,0.5519742143432715,560,681,1241,0.0,-0.0008333472224535399,0.5519742143432751,0.0
115164,4.029233820563675,0.5519742143432715,560,681,1241,0.0,-0.0008333472224535399,0.5519742143432751,0.0
115165,4.028400473341222,0.5519742143432715,560,681,1241,0.0,-0.0008333472224535399,0.5519742143432751,0.0
115166,4.027567126118768,0.5519742143432715,560,681,1241,0.0,-0.0008333472224535399,0.5519742143432751,0.0
115167,4.026733778896315,0.5519742143432715,560,681,1241,0.0,-0.0008333472224535399,0.5519742143432751,0.0
115168,4.025900431673861,0.5519742143432715,560,681,1241,0.0,-0.0008333472224535399,0.5519742143432751,0.0
115169,4.025067084451408,0.5519742143432715,560,681,1241,0.0,-0.0008333472224535399,0.5519742143432751,0.0
115170,4.024233737228954,0.5519742143432715,560,681,1241,0.0,-0.0008333472224535399,0.5519742143432751,0.0
115171,4.0234003900065005,0.5519742143432715,560,681,1241,0.0,-0.0008333472224535399,0.5519742143432751,0.0
115172,4.022567042784047,0.5519742143432715,560,681,1241,0.0,-0.0008333472224535399,0.5519742143432751,0.0
115173,4.021733695561593,0.5519742143432715,560,681,1241,0.0,-0.0008333472224535399,0.5519742143432751,0.0
115174,4.02090034833914,0.5519742143432715,560,681,1241,0.0,-0.0008333472224535399,0.5519742143432751,0.0
115175,4.020067001116686,0.5519742143432715,560,681,1241,0.0,-0.0008333472224535399,0.5519742143432751,0.0
115176,4.019233653894233,0.5519742143432715,560,681,1241,0.0,-0.0008333472224535399,0.5519742143432751,0.0
115177,4.018400306671779,0.5519742143432715,560,681,1241,0.0,-0.0008333472224535399,0.5519742143432751,0.0
115178,4.017566959449326,0.5519742143432715,560,681,1241,0.0,-0.0008333472224535399,0.5519742143432751,0.0
115179,4.016733612226865,0.5519742143432715,560,681,1241,0.0,-0.0008333472224606453,0.5519742143432751,0.0
115180,4.0159002650044116,0.5519742143432715,560,681,1241,0.0,-0.0008333472224535399,0.5519742143432751,0.0
115181,4.015066917781958,0.5519742143432715,560,681,1241,0.0,-0.0008333472224535399,0.5519742143432751,0.0
115182,4.0142335705595045,0.5519742143432715,560,681,1241,0.0,-0.0008333472224535399,0.5519742143432751,0.0
115183,4.013400223337051,0.5519742143432715,560,681,1241,0.0,-0.0008333472224535399,0.5519742143432751,0.0
115184,4.012566876114597,0.5519742143432715,560,681,1241,0.0,-0.0008333472224535399,0.5519742143432751,0.0
115185,4.011733528892144,0.5519742143432715,560,681,1241,0.0,-0.0008333472224535399,0.5519742143432751,0.0
115186,4.01090018166969,0.5519742143432715,560,681,1241,0.0,-0.0008333472224535399,0.5519742143432751,0.0
115187,4.010066834447237,0.5519742143432715,560,681,1241,0.0,-0.0008333472224535399,0.5519742143432751,0.0
115188,4.009233487224783,0.5519742143432715,560,681,1241,0.0,-0.0008333472224535399,0.5519742143432751,0.0
115189,4.00840014000233,0.5519742143432715,560,681,1241,0.0,-0.0008333472224535399,0.5519742143432751,0.0
115190,4.007566792779876,0.5519742143432715,560,681,1241,0.0,-0.0008333472224535399,0.5519742143432751,0.0
115191,4.006733445557423,0.5519742143432715,560,681,1241,0.0,-0.0008333472224535399,0.5519742143432751,0.0
115192,4.005900098334969,0.5519742143432715,560,681,1241,0.0,-0.0008333472224535399,0.5519742143432751,0.0
115193,4.0050667511125155,0.5519742143432715,560,681,1241,0.0,-0.0008333472224535399,0.5519742143432751,0.0
115194,4.004233403890062,0.5519742143432715,560,681,1241,0.0,-0.0008333472224535399,0.5519742143432751,0.0
115195,4.0034000566676085,0.5519742143432715,560,681,1241,0.0,-0.0008333472224535399,0.5519742143432751,0.0
115196,4.002566709445155,0.5519742143432715,560,681,1241,0.0,-0.0008333472224535399,0.5519742143432751,0.0
115197,4.001733362222701,0.5519742143432715,560,681,1241,0.0,-0.0008333472224535399,0.5519742143432751,0.0
115198,4.000900015000248,0.5519742143432715,560,681,1241,0.0,-0.0008333472224535399,0.5519742143432751,0.0
115199,4.000066667777794,0.5519742143432715,560,681,1241,0.0,-0.0008333472224535399,0.5519742143432751,0.0
115200,3.9992333205553408,0.5519742143432715,560,681,1241,0.0,-0.0008333472224535399,0.5519742143432751,0.0
115201,3.998399973332887,0.5519742143432715,560,681,1241,0.0,-0.0008333472224535399,0.5519742143432751,0.0
115202,3.9975666261104337,0.5519742143432715,560,681,1241,0.0,-0.0008333472224535399,0.5519742143432751,0.0
115203,3.99673327888798,0.5519742143432715,560,681,1241,0.0,-0.0008333472224535399,0.5519742143432751,0.0
115204,3.9958999316655266,0.5519742143432715,560,681,1241,0.0,-0.0008333472224535399,0.5519742143432751,0.0
115205,3.995066584443073,0.5519742143432715,560,681,1241,0.0,-0.0008333472224535399,0.5519742143432751,0.0
115206,3.9942332372206195,0.5519742143432715,560,681,1241,0.0,-0.0008333472224535399,0.5519742143432751,0.0
115207,3.993399889998166,0.5519742143432715,560,681,1241,0.0,-0.0008333472224535399,0.5519742143432751,0.0
115208,3.9925665427757124,0.5519742143432715,560,681,1241,0.0,-0.0008333472224535399,0.5519742143432751,0.0
115209,3.991733195553259,0.5519742143432715,560,681,1241,0.0,-0.0008333472224535399,0.5519742143432751,0.0
115210,3.9908998483308054,0.5519742143432715,560,681,1241,0.0,-0.0008333472224535399,0.5519742143432751,0.0
115211,3.990066501108352,0.5519742143432715,560,681,1241,0.0,-0.0008333472224535399,0.5519742143432751,0.0
115212,3.9892331538858983,0.5519742143432715,560,681,1241,0.0,-0.0008333472224535399,0.5519742143432751,0.0
115213,3.9883998066634447,0.5519742143432715,560,681,1241,0.0,-0.0008333472224535399,0.5519742143432751,0.0
115214,3.987566459440991,0.5519742143432715,560,681,1241,0.0,-0.0008333472224535399,0.5519742143432751,0.0
115215,3.9867331122185377,0.5519742143432715,560,681,1241,0.0,-0.0008333472224535399,0.5519742143432751,0.0
115216,3.985899764996084,0.5519742143432715,560,681,1241,0.0,-0.0008333472224535399,0.5519742143432751,0.0
115217,3.9850664177736306,0.5519742143432715,560,681,1241,0.0,-0.0008333472224535399,0.5519742143432751,0.0
115218,3.984233070551177,0.5519742143432715,560,681,1241,0.0,-0.0008333472224535399,0.5519742143432751,0.0
115219,3.9833997233287235,0.5519742143432715,560,681,1241,0.0,-0.0008333472224535399,0.5519742143432751,0.0
115220,3.98256637610627,0.5519742143432715,560,681,1241,0.0,-0.0008333472224535399,0.5519742143432751,0.0
115221,3.9817330288838093,0.5519742143432715,560,681,1241,0.0,-0.0008333472224606453,0.5519742143432751,0.0
115222,3.9808996816613558,0.5519742143432715,560,681,1241,0.0,-0.0008333472224535399,0.5519742143432751,0.0
115223,3.9800663344389022,0.5519742143432715,560,681,1241,0.0,-0.0008333472224535399,0.5519742143432751,0.0
115224,3.9792329872164487,0.5519742143432715,560,681,1241,0.0,-0.0008333472224535399,0.5519742143432751,0.0
115225,3.978399639993995,0.5519742143432715,560,681,1241,0.0,-0.0008333472224535399,0.5519742143432751,0.0
115226,3.9775662927715416,0.5519742143432715,560,681,1241,0.0,-0.0008333472224535399,0.5519742143432751,0.0
115227,3.976732945549088,0.5519742143432715,560,681,1241,0.0,-0.0008333472224535399,0.5519742143432751,0.0
115228,3.9758995983266345,0.5519742143432715,560,681,1241,0.0,-0.0008333472224535399,0.5519742143432751,0.0
115229,3.975066251104181,0.5519742143432715,560,681,1241,0.0,-0.0008333472224535399,0.5519742143432751,0.0
115230,3.9742329038817275,0.5519742143432715,560,681,1241,0.0,-0.0008333472224535399,0.5519742143432751,0.0
115231,3.973399556659274,0.5519742143432715,560,681,1241,0.0,-0.0008333472224535399,0.5519742143432751,0.0
115232,3.9725662094368204,0.5519742143432715,560,681,1241,0.0,-0.0008333472224535399,0.5519742143432751,0.0
115233,3.971732862214367,0.5519742143432715,560,681,1241,0.0,-0.0008333472224535399,0.5519742143432751,0.0
115234,3.9708995149919133,0.5519742143432715,560,681,1241,0.0,-0.0008333472224535399,0.5519742143432751,0.0
115235,3.9700661677694598,0.5519742143432715,560,681,1241,0.0,-0.0008333472224535399,0.5519742143432751,0.0
115236,3.969232820547006,0.5519742143432715,560,681,1241,0.0,-0.0008333472224535399,0.5519742143432751,0.0
115237,3.9683994733245527,0.5519742143432715,560,681,1241,0.0,-0.0008333472224535399,0.5519742143432751,0.0
115238,3.967566126102099,0.5519742143432715,560,681,1241,0.0,-0.0008333472224535399,0.5519742143432751,0.0
115239,3.9667327788796456,0.5519742143432715,560,681,1241,0.0,-0.0008333472224535399,0.5519742143432751,0.0
115240,3.965899431657192,0.5519742143432715,560,681,1241,0.0,-0.0008333472224535399,0.5519742143432751,0.0
115241,3.9650660844347385,0.5519742143432715,560,681,1241,0.0,-0.0008333472224535399,0.5519742143432751,0.0
115242,3.964232737212285,0.5519742143432715,560,681,1241,0.0,-0.0008333472224535399,0.5519742143432751,0.0
115243,3.9633993899898314,0.5519742143432715,560,681,1241,0.0,-0.0008333472224535399,0.5519742143432751,0.0
115244,3.962566042767378,0.5519742143432715,560,681,1241,0.0,-0.0008333472224535399,0.5519742143432751,0.0
115245,3.9617326955449244,0.5519742143432715,560,681,1241,0.0,-0.0008333472224535399,0.5519742143432751,0.0
115246,3.960899348322471,0.5519742143432715,560,681,1241,0.0,-0.0008333472224535399,0.5519742143432751,0.0
115247,3.9600660011000173,0.5519742143432715,560,681,1241,0.0,-0.0008333472224535399,0.5519742143432751,0.0
115248,3.9592326538775637,0.5519742143432715,560,681,1241,0.0,-0.0008333472224535399,0.5519742143432751,0.0
115249,3.95839930665511,0.5519742143432715,560,681,1241,0.0,-0.0008333472224535399,0.5519742143432751,0.0
115250,3.9575659594326567,0.5519742143432715,560,681,1241,0.0,-0.0008333472224535399,0.5519742143432751,0.0
115251,3.956732612210203,0.5519742143432715,560,681,1241,0.0,-0.0008333472224535399,0.5519742143432751,0.0
115252,3.9558992649877496,0.5519742143432715,560,681,1241,0.0,-0.0008333472224535399,0.5519742143432751,0.0
115253,3.955065917765296,0.5519742143432715,560,681,1241,0.0,-0.0008333472224535399,0.5519742143432751,0.0
115254,3.9542325705428425,0.5519742143432715,560,681,1241,0.0,-0.0008333472224535399,0.5519742143432751,0.0
115255,3.953399223320389,0.5519742143432715,560,681,1241,0.0,-0.0008333472224535399,0.5519742143432751,0.0
115256,3.9525658760979354,0.5519742143432715,560,681,1241,0.0,-0.0008333472224535399,0.5519742143432751,0.0
115257,3.951732528875482,0.5519742143432715,560,681,1241,0.0,-0.0008333472224535399,0.5519742143432751,0.0
115258,3.9508991816530283,0.5519742143432715,560,681,1241,0.0,-0.0008333472224535399,0.5519742143432751,0.0
115259,3.950065834430575,0.5519742143432715,560,681,1241,0.0,-0.0008333472224535399,0.5519742143432751,0.0
115260,3.9492324872081213,0.5519742143432715,560,681,1241,0.0,-0.0008333472224535399,0.5519742143432751,0.0
115261,3.9483991399856677,0.5519742143432715,560,681,1241,0.0,-0.0008333472224535399,0.5519742143432751,0.0
115262,3.947565792763214,0.5519742143432715,560,681,1241,0.0,-0.0008333472224535399,0.5519742143432751,0.0
115263,3.9467324455407535,0.5519742143432715,560,681,1241,0.0,-0.0008333472224606453,0.5519742143432751,0.0
115264,3.9458990983183,0.5519742143432715,560,681,1241,0.0,-0.0008333472224535399,0.5519742143432751,0.0
115265,3.9450657510958465,0.5527800161160354,560,681,1241,0.0008058017727639033,-0.0008333472224535399,0.5520547945205514,8.058017727639034e-05
115266,3.944232403873393,0.5527800161160354,560,681,1241,0.0,-0.0008333472224535399,0.5521353746978278,8.058017727639034e-05
115267,3.9433990566509394,0.5527800161160354,560,681,1241,0.0,-0.0008333472224535399,0.5522159548751041,8.058017727639034e-05
115268,3.942565709428486,0.5527800161160354,560,681,1241,0.0,-0.0008333472224535399,0.5522965350523805,8.058017727639034e-05
115269,3.9417323622060323,0.5527800161160354,560,681,1241,0.0,-0.0008333472224535399,0.5523771152296568,8.058017727639034e-05
115270,3.9408990149835788,0.5527800161160354,560,681,1241,0.0,-0.0008333472224535399,0.5524576954069331,8.058017727639034e-05
115271,3.940065667761125,0.5527800161160354,560,681,1241,0.0,-0.0008333472224535399,0.5525382755842095,8.058017727639034e-05
115272,3.9392323205386717,0.5527800161160354,560,681,1241,0.0,-0.0008333472224535399,0.5526188557614858,8.058017727639034e-05
115273,3.938398973316218,0.5527800161160354,560,681,1241,0.0,-0.0008333472224535399,0.5526994359387623,8.058017727639034e-05
115274,3.9375656260937646,0.5527800161160354,560,681,1241,0.0,-0.0008333472224535399,0.5527800161160386,8.058017727639034e-05
115275,3.936732278871311,0.5527800161160354,560,681,1241,0.0,-0.0008333472224535399,0.5527800161160386,0.0
115276,3.9358989316488575,0.5527800161160354,560,681,1241,0.0,-0.0008333472224535399,0.5527800161160386,0.0
115277,3.935065584426404,0.5527800161160354,560,681,1241,0.0,-0.0008333472224535399,0.5527800161160386,0.0
115278,3.9342322372039504,0.5527800161160354,560,681,1241,0.0,-0.0008333472224535399,0.5527800161160386,0.0
115279,3.933398889981497,0.5527800161160354,560,681,1241,0.0,-0.0008333472224535399,0.5527800161160386,0.0
115280,3.9325655427590434,0.5535858178887993,560,681,1241,0.0008058017727639033,-0.0008333472224535399,0.5528605962933149,8.058017727639034e-05
115281,3.93173219553659,0.5535858178887993,560,681,1241,0.0,-0.0008333472224535399,0.5529411764705913,8.058017727639034e-05
115282,3.9308988483141363,0.5527800161160354,560,681,1241,-0.0008058017727639033,-0.0008333472224535399,0.5529411764705913,0.0
115283,3.9300655010916827,0.5527800161160354,560,681,1241,0.0,-0.0008333472224535399,0.5529411764705913,0.0
115284,3.929232153869229,0.5527800161160354,560,681,1241,0.0,-0.0008333472224535399,0.5529411764705913,0.0
115285,3.9283988066467757,0.5527800161160354,560,681,1241,0.0,-0.0008333472224535399,0.5529411764705913,0.0
115286,3.927565459424322,0.5527800161160354,560,681,1241,0.0,-0.0008333472224535399,0.5529411764705913,0.0
115287,3.9267321122018686,0.5527800161160354,560,681,1241,0.0,-0.0008333472224535399,0.5529411764705913,0.0
115288,3.925898764979415,0.5527800161160354,560,681,1241,0.0,-0.0008333472224535399,0.5529411764705913,0.0
115289,3.9250654177569615,0.5527800161160354,560,681,1241,0.0,-0.0008333472224535399,0.5529411764705913,0.0
115290,3.924232070534508,0.5527800161160354,560,681,1241,0.0,-0.0008333472224535399,0.5528605962933149,-8.058017727639034e-05
115291,3.9233987233120544,0.5527800161160354,560,681,1241,0.0,-0.0008333472224535399,0.5527800161160384,-8.058017727639034e-05
115292,3.922565376089601,0.5527800161160354,560,681,1241,0.0,-0.0008333472224535399,0.5527800161160386,0.0
115293,3.9217320288671473,0.5527800161160354,560,681,1241,0.0,-0.0008333472224535399,0.5527800161160386,0.0
115294,3.920898681644694,0.5527800161160354,560,681,1241,0.0,-0.0008333472224535399,0.5527800161160386,0.0
115295,3.9200653344222403,0.5527800161160354,560,681,1241,0.0,-0.0008333472224535399,0.5527800161160386,0.0
115296,3.9192319871997867,0.5527800161160354,560,681,1241,0.0,-0.0008333472224535399,0.5527800161160386,0.0
115297,3.918398639977333,0.5527800161160354,560,681,1241,0.0,-0.0008333472224535399,0.5527800161160386,0.0
115298,3.9175652927548796,0.5527800161160354,560,681,1241,0.0,-0.0008333472224535399,0.5527800161160386,0.0
115299,3.916731945532426,0.5527800161160354,560,681,1241,0.0,-0.0008333472224535399,0.5527800161160386,0.0
115300,3.9158985983099726,0.5527800161160354,560,681,1241,0.0,-0.0008333472224535399,0.5527800161160386,0.0
115301,3.915065251087519,0.5527800161160354,560,681,1241,0.0,-0.0008333472224535399,0.5527800161160386,0.0
115302,3.9142319038650655,0.5527800161160354,560,681,1241,0.0,-0.0008333472224535399,0.5527800161160386,0.0
115303,3.913398556642612,0.5527800161160354,560,681,1241,0.0,-0.0008333472224535399,0.5527800161160386,0.0
115304,3.9125652094201584,0.5527800161160354,560,681,1241,0.0,-0.0008333472224535399,0.5527800161160386,0.0
115305,3.911731862197705,0.5527800161160354,560,681,1241,0.0,-0.0008333472224535399,0.5527800161160386,0.0
115306,3.910898514975244,0.5527800161160354,560,681,1241,0.0,-0.0008333472224606453,0.5527800161160386,0.0
115307,3.9100651677527907,0.5527800161160354,560,681,1241,0.0,-0.0008333472224535399,0.5527800161160386,0.0
115308,3.909231820530337,0.5527800161160354,560,681,1241,0.0,-0.0008333472224535399,0.5527800161160386,0.0
115309,3.9083984733078836,0.5527800161160354,560,681,1241,0.0,-0.0008333472224535399,0.5527800161160386,0.0
115310,3.90756512608543,0.5527800161160354,560,681,1241,0.0,-0.0008333472224535399,0.5527800161160386,0.0
115311,3.9067317788629765,0.5527800161160354,560,681,1241,0.0,-0.0008333472224535399,0.5527800161160386,0.0
115312,3.905898431640523,0.5527800161160354,560,681,1241,0.0,-0.0008333472224535399,0.5527800161160386,0.0
115313,3.9050650844180694,0.5527800161160354,560,681,1241,0.0,-0.0008333472224535399,0.5527800161160386,0.0
115314,3.904231737195616,0.5527800161160354,560,681,1241,0.0,-0.0008333472224535399,0.5527800161160386,0.0
115315,3.9033983899731624,0.5527800161160354,560,681,1241,0.0,-0.0008333472224535399,0.5527800161160386,0.0
115316,3.902565042750709,0.5527800161160354,560,681,1241,0.0,-0.0008333472224535399,0.5527800161160386,0.0
115317,3.9017316955282553,0.5527800161160354,560,681,1241,0.0,-0.0008333472224535399,0.5527800161160386,0.0
115318,3.9008983483058017,0.5527800161160354,560,681,1241,0.0,-0.0008333472224535399,0.5527800161160386,0.0
115319,3.900065001083348,0.5527800161160354,560,681,1241,0.0,-0.0008333472224535399,0.5527800161160386,0.0
115320,3.8992316538608947,0.5527800161160354,560,681,1241,0.0,-0.0008333472224535399,0.5527800161160386,0.0
115321,3.898398306638441,0.5527800161160354,560,681,1241,0.0,-0.0008333472224535399,0.5527800161160386,0.0
115322,3.8975649594159876,0.5527800161160354,560,681,1241,0.0,-0.0008333472224535399,0.5527800161160386,0.0
115323,3.896731612193534,0.5527800161160354,560,681,1241,0.0,-0.0008333472224535399,0.5527800161160386,0.0
115324,3.8958982649710805,0.5527800161160354,560,681,1241,0.0,-0.0008333472224535399,0.5527800161160386,0.0
115325,3.895064917748627,0.5527800161160354,560,681,1241,0.0,-0.0008333472224535399,0.5527800161160386,0.0
115326,3.8942315705261734,0.5527800161160354,560,681,1241,0.0,-0.0008333472224535399,0.5527800161160386,0.0
115327,3.89339822330372,0.5527800161160354,560,681,1241,0.0,-0.0008333472224535399,0.5527800161160386,0.0
115328,3.8925648760812663,0.5527800161160354,560,681,1241,0.0,-0.0008333472224535399,0.5527800161160386,0.0
115329,3.891731528858813,0.5527800161160354,560,681,1241,0.0,-0.0008333472224535399,0.5527800161160386,0.0
115330,3.8908981816363593,0.5527800161160354,560,681,1241,0.0,-0.0008333472224535399,0.5527800161160386,0.0
115331,3.8900648344139057,0.5527800161160354,560,681,1241,0.0,-0.0008333472224535399,0.5527800161160386,0.0
115332,3.889231487191452,0.5527800161160354,560,681,1241,0.0,-0.0008333472224535399,0.5527800161160386,0.0
115333,3.8883981399689986,0.5527800161160354,560,681,1241,0.0,-0.0008333472224535399,0.5527800161160386,0.0
115334,3.887564792746545,0.5527800161160354,560,681,1241,0.0,-0.0008333472224535399,0.5527800161160386,0.0
115335,3.8867314455240916,0.5527800161160354,560,681,1241,0.0,-0.0008333472224535399,0.5527800161160386,0.0
115336,3.885898098301638,0.5527800161160354,560,681,1241,0.0,-0.0008333472224535399,0.5527800161160386,0.0
115337,3.8850647510791845,0.5527800161160354,560,681,1241,0.0,-0.0008333472224535399,0.5527800161160386,0.0
115338,3.884231403856731,0.5527800161160354,560,681,1241,0.0,-0.0008333472224535399,0.5527800161160386,0.0
115339,3.8833980566342774,0.5527800161160354,560,681,1241,0.0,-0.0008333472224535399,0.5527800161160386,0.0
115340,3.882564709411824,0.5527800161160354,560,681,1241,0.0,-0.0008333472224535399,0.5527800161160386,0.0
115341,3.8817313621893703,0.5527800161160354,560,681,1241,0.0,-0.0008333472224535399,0.5527800161160386,0.0
115342,3.8808980149669168,0.5527800161160354,560,681,1241,0.0,-0.0008333472224535399,0.5527800161160386,0.0
115343,3.8800646677444632,0.5527800161160354,560,681,1241,0.0,-0.0008333472224535399,0.5527800161160386,0.0
115344,3.8792313205220097,0.5527800161160354,560,681,1241,0.0,-0.0008333472224535399,0.5527800161160386,0.0
115345,3.878397973299556,0.5527800161160354,560,681,1241,0.0,-0.0008333472224535399,0.5527800161160386,0.0
115346,3.8775646260771026,0.5527800161160354,560,681,1241,0.0,-0.0008333472224535399,0.5527800161160386,0.0
115347,3.876731278854649,0.5527800161160354,560,681,1241,0.0,-0.0008333472224535399,0.5527800161160386,0.0
115348,3.8758979316321884,0.5527800161160354,560,681,1241,0.0,-0.0008333472224606453,0.5527800161160386,0.0
115349,3.875064584409735,0.5527800161160354,560,681,1241,0.0,-0.0008333472224535399,0.5527800161160386,0.0
115350,3.8742312371872814,0.5527800161160354,560,681,1241,0.0,-0.0008333472224535399,0.5527800161160386,0.0
115351,3.873397889964828,0.5527800161160354,560,681,1241,0.0,-0.0008333472224535399,0.5527800161160386,0.0
115352,3.8725645427423743,0.5527800161160354,560,681,1241,0.0,-0.0008333472224535399,0.5527800161160386,0.0
115353,3.8717311955199207,0.5527800161160354,560,681,1241,0.0,-0.0008333472224535399,0.5527800161160386,0.0
115354,3.870897848297467,0.5527800161160354,560,681,1241,0.0,-0.0008333472224535399,0.5527800161160386,0.0
115355,3.8700645010750137,0.5527800161160354,560,681,1241,0.0,-0.0008333472224535399,0.5527800161160386,0.0
115356,3.86923115385256,0.5527800161160354,560,681,1241,0.0,-0.0008333472224535399,0.5527800161160386,0.0
115357,3.8683978066301066,0.5527800161160354,560,681,1241,0.0,-0.0008333472224535399,0.5527800161160386,0.0
115358,3.867564459407653,0.5527800161160354,560,681,1241,0.0,-0.0008333472224535399,0.5527800161160386,0.0
115359,3.8667311121851995,0.5527800161160354,560,681,1241,0.0,-0.0008333472224535399,0.5527800161160386,0.0
115360,3.865897764962746,0.5527800161160354,560,681,1241,0.0,-0.0008333472224535399,0.5527800161160386,0.0
115361,3.8650644177402924,0.5527800161160354,560,681,1241,0.0,-0.0008333472224535399,0.5527800161160386,0.0
115362,3.864231070517839,0.5527800161160354,560,681,1241,0.0,-0.0008333472224535399,0.5527800161160386,0.0
115363,3.8633977232953853,0.5527800161160354,560,681,1241,0.0,-0.0008333472224535399,0.5527800161160386,0.0
115364,3.862564376072932,0.5527800161160354,560,681,1241,0.0,-0.0008333472224535399,0.5527800161160386,0.0
115365,3.8617310288504783,0.5527800161160354,560,681,1241,0.0,-0.0008333472224535399,0.5527800161160386,0.0
115366,3.8608976816280247,0.5527800161160354,560,681,1241,0.0,-0.0008333472224535399,0.5527800161160386,0.0
115367,3.860064334405571,0.5527800161160354,560,681,1241,0.0,-0.0008333472224535399,0.5527800161160386,0.0
115368,3.8592309871831176,0.5527800161160354,560,681,1241,0.0,-0.0008333472224535399,0.5527800161160386,0.0
115369,3.858397639960664,0.5527800161160354,560,681,1241,0.0,-0.0008333472224535399,0.5527800161160386,0.0
115370,3.8575642927382106,0.5527800161160354,560,681,1241,0.0,-0.0008333472224535399,0.5527800161160386,0.0
115371,3.856730945515757,0.5527800161160354,560,681,1241,0.0,-0.0008333472224535399,0.5527800161160386,0.0
115372,3.8558975982933035,0.5527800161160354,560,681,1241,0.0,-0.0008333472224535399,0.5527800161160386,0.0
115373,3.85506425107085,0.5527800161160354,560,681,1241,0.0,-0.0008333472224535399,0.5527800161160386,0.0
115374,3.8542309038483964,0.5527800161160354,560,681,1241,0.0,-0.0008333472224535399,0.5527800161160386,0.0
115375,3.853397556625943,0.5527800161160354,560,681,1241,0.0,-0.0008333472224535399,0.5527800161160386,0.0
115376,3.8525642094034893,0.5527800161160354,560,681,1241,0.0,-0.0008333472224535399,0.5527800161160386,0.0
115377,3.8517308621810358,0.5527800161160354,560,681,1241,0.0,-0.0008333472224535399,0.5527800161160386,0.0
115378,3.8508975149585822,0.5527800161160354,560,681,1241,0.0,-0.0008333472224535399,0.5527800161160386,0.0
115379,3.8500641677361287,0.5527800161160354,560,681,1241,0.0,-0.0008333472224535399,0.5527800161160386,0.0
115380,3.849230820513675,0.5527800161160354,560,681,1241,0.0,-0.0008333472224535399,0.5527800161160386,0.0
115381,3.8483974732912216,0.5527800161160354,560,681,1241,0.0,-0.0008333472224535399,0.5527800161160386,0.0
115382,3.847564126068768,0.5527800161160354,560,681,1241,0.0,-0.0008333472224535399,0.5527800161160386,0.0
115383,3.8467307788463145,0.5527800161160354,560,681,1241,0.0,-0.0008333472224535399,0.5527800161160386,0.0
115384,3.845897431623861,0.5527800161160354,560,681,1241,0.0,-0.0008333472224535399,0.5527800161160386,0.0
115385,3.8450640844014075,0.5527800161160354,560,681,1241,0.0,-0.0008333472224535399,0.5527800161160386,0.0
115386,3.844230737178954,0.5527800161160354,560,681,1241,0.0,-0.0008333472224535399,0.5527800161160386,0.0
115387,3.8433973899565004,0.5527800161160354,560,681,1241,0.0,-0.0008333472224535399,0.5527800161160386,0.0
115388,3.842564042734047,0.5527800161160354,560,681,1241,0.0,-0.0008333472224535399,0.5527800161160386,0.0
115389,3.8417306955115933,0.5527800161160354,560,681,1241,0.0,-0.0008333472224535399,0.5527800161160386,0.0
115390,3.8408973482891327,0.5527800161160354,560,681,1241,0.0,-0.0008333472224606453,0.5527800161160386,0.0
115391,3.840064001066679,0.5527800161160354,560,681,1241,0.0,-0.0008333472224535399,0.5527800161160386,0.0
115392,3.8392306538442256,0.5527800161160354,560,681,1241,0.0,-0.0008333472224535399,0.5527800161160386,0.0
115393,3.838397306621772,0.5527800161160354,560,681,1241,0.0,-0.0008333472224535399,0.5527800161160386,0.0
115394,3.8375639593993185,0.5527800161160354,560,681,1241,0.0,-0.0008333472224535399,0.5527800161160386,0.0
115395,3.836730612176865,0.5527800161160354,560,681,1241,0.0,-0.0008333472224535399,0.5527800161160386,0.0
115396,3.8358972649544114,0.5527800161160354,560,681,1241,0.0,-0.0008333472224535399,0.5527800161160386,0.0
115397,3.835063917731958,0.5527800161160354,560,681,1241,0.0,-0.0008333472224535399,0.5527800161160386,0.0
115398,3.8342305705095043,0.5527800161160354,560,681,1241,0.0,-0.0008333472224535399,0.5527800161160386,0.0
115399,3.833397223287051,0.5527800161160354,560,681,1241,0.0,-0.0008333472224535399,0.5527800161160386,0.0
115400,3.8325638760645973,0.5527800161160354,560,681,1241,0.0,-0.0008333472224535399,0.5527800161160386,0.0
115401,3.8317305288421437,0.5527800161160354,560,681,1241,0.0,-0.0008333472224535399,0.5527800161160386,0.0
115402,3.83089718161969,0.5527800161160354,560,681,1241,0.0,-0.0008333472224535399,0.5527800161160386,0.0
115403,3.8300638343972366,0.5527800161160354,560,681,1241,0.0,-0.0008333472224535399,0.5527800161160386,0.0
115404,3.829230487174783,0.5527800161160354,560,681,1241,0.0,-0.0008333472224535399,0.5527800161160386,0.0
115405,3.8283971399523296,0.5527800161160354,560,681,1241,0.0,-0.0008333472224535399,0.5527800161160386,0.0
115406,3.827563792729876,0.5527800161160354,560,681,1241,0.0,-0.0008333472224535399,0.5527800161160386,0.0
115407,3.8267304455074225,0.5527800161160354,560,681,1241,0.0,-0.0008333472224535399,0.5527800161160386,0.0
115408,3.825897098284969,0.5527800161160354,560,681,1241,0.0,-0.0008333472224535399,0.5527800161160386,0.0
115409,3.8250637510625154,0.5527800161160354,560,681,1241,0.0,-0.0008333472224535399,0.5527800161160386,0.0
115410,3.824230403840062,0.5527800161160354,560,681,1241,0.0,-0.0008333472224535399,0.5527800161160386,0.0
115411,3.8233970566176083,0.5527800161160354,560,681,1241,0.0,-0.0008333472224535399,0.5527800161160386,0.0
115412,3.8225637093951548,0.5527800161160354,560,681,1241,0.0,-0.0008333472224535399,0.5527800161160386,0.0
115413,3.8217303621727012,0.5527800161160354,560,681,1241,0.0,-0.0008333472224535399,0.5527800161160386,0.0
115414,3.8208970149502477,0.5527800161160354,560,681,1241,0.0,-0.0008333472224535399,0.5527800161160386,0.0
115415,3.820063667727794,0.5527800161160354,560,681,1241,0.0,-0.0008333472224535399,0.5527800161160386,0.0
115416,3.8192303205053406,0.5527800161160354,560,681,1241,0.0,-0.0008333472224535399,0.5527800161160386,0.0
115417,3.818396973282887,0.5527800161160354,560,681,1241,0.0,-0.0008333472224535399,0.5527800161160386,0.0
115418,3.8175636260604335,0.5527800161160354,560,681,1241,0.0,-0.0008333472224535399,0.5527800161160386,0.0
115419,3.81673027883798,0.5527800161160354,560,681,1241,0.0,-0.0008333472224535399,0.5527800161160386,0.0
115420,3.8158969316155265,0.5527800161160354,560,681,1241,0.0,-0.0008333472224535399,0.5527800161160386,0.0
115421,3.815063584393073,0.5527800161160354,560,681,1241,0.0,-0.0008333472224535399,0.5527800161160386,0.0
115422,3.8142302371706194,0.5527800161160354,560,681,1241,0.0,-0.0008333472224535399,0.5527800161160386,0.0
115423,3.813396889948166,0.5527800161160354,560,681,1241,0.0,-0.0008333472224535399,0.5527800161160386,0.0
115424,3.8125635427257123,0.5527800161160354,560,681,1241,0.0,-0.0008333472224535399,0.5527800161160386,0.0
115425,3.8117301955032588,0.5527800161160354,560,681,1241,0.0,-0.0008333472224535399,0.5527800161160386,0.0
115426,3.810896848280805,0.5527800161160354,560,681,1241,0.0,-0.0008333472224535399,0.5527800161160386,0.0
115427,3.8100635010583517,0.5527800161160354,560,681,1241,0.0,-0.0008333472224535399,0.5527800161160386,0.0
115428,3.809230153835898,0.5527800161160354,560,681,1241,0.0,-0.0008333472224535399,0.5527800161160386,0.0
115429,3.8083968066134446,0.5527800161160354,560,681,1241,0.0,-0.0008333472224535399,0.5527800161160386,0.0
115430,3.807563459390991,0.5527800161160354,560,681,1241,0.0,-0.0008333472224535399,0.5527800161160386,0.0
115431,3.8067301121685375,0.5527800161160354,560,681,1241,0.0,-0.0008333472224535399,0.5527800161160386,0.0
115432,3.805896764946084,0.5527800161160354,560,681,1241,0.0,-0.0008333472224535399,0.5527800161160386,0.0
115433,3.8050634177236233,0.5527800161160354,560,681,1241,0.0,-0.0008333472224606453,0.5527800161160386,0.0
115434,3.80423007050117,0.5527800161160354,560,681,1241,0.0,-0.0008333472224535399,0.5527800161160386,0.0
115435,3.8033967232787163,0.5527800161160354,560,681,1241,0.0,-0.0008333472224535399,0.5527800161160386,0.0
115436,3.8025633760562627,0.5527800161160354,560,681,1241,0.0,-0.0008333472224535399,0.5527800161160386,0.0
115437,3.801730028833809,0.5527800161160354,560,681,1241,0.0,-0.0008333472224535399,0.5527800161160386,0.0
115438,3.8008966816113556,0.5527800161160354,560,681,1241,0.0,-0.0008333472224535399,0.5527800161160386,0.0
115439,3.800063334388902,0.5527800161160354,560,681,1241,0.0,-0.0008333472224535399,0.5527800161160386,0.0
115440,3.7992299871664486,0.5527800161160354,560,681,1241,0.0,-0.0008333472224535399,0.5527800161160386,0.0
115441,3.798396639943995,0.5527800161160354,560,681,1241,0.0,-0.0008333472224535399,0.5527800161160386,0.0
115442,3.7975632927215415,0.5527800161160354,560,681,1241,0.0,-0.0008333472224535399,0.5527800161160386,0.0
115443,3.796729945499088,0.5527800161160354,560,681,1241,0.0,-0.0008333472224535399,0.5527800161160386,0.0
115444,3.7958965982766344,0.5527800161160354,560,681,1241,0.0,-0.0008333472224535399,0.5527800161160386,0.0
115445,3.795063251054181,0.5527800161160354,560,681,1241,0.0,-0.0008333472224535399,0.5527800161160386,0.0
115446,3.7942299038317273,0.5527800161160354,560,681,1241,0.0,-0.0008333472224535399,0.5527800161160386,0.0
115447,3.7933965566092738,0.5527800161160354,560,681,1241,0.0,-0.0008333472224535399,0.5527800161160386,0.0
115448,3.7925632093868202,0.5527800161160354,560,681,1241,0.0,-0.0008333472224535399,0.5527800161160386,0.0
115449,3.7917298621643667,0.5527800161160354,560,681,1241,0.0,-0.0008333472224535399,0.5527800161160386,0.0
115450,3.790896514941913,0.5527800161160354,560,681,1241,0.0,-0.0008333472224535399,0.5527800161160386,0.0
115451,3.7900631677194596,0.5527800161160354,560,681,1241,0.0,-0.0008333472224535399,0.5527800161160386,0.0
115452,3.789229820497006,0.5527800161160354,560,681,1241,0.0,-0.0008333472224535399,0.5527800161160386,0.0
115453,3.7883964732745525,0.5527800161160354,560,681,1241,0.0,-0.0008333472224535399,0.5527800161160386,0.0
115454,3.787563126052099,0.5527800161160354,560,681,1241,0.0,-0.0008333472224535399,0.5527800161160386,0.0
115455,3.7867297788296455,0.5527800161160354,560,681,1241,0.0,-0.0008333472224535399,0.5527800161160386,0.0
115456,3.785896431607192,0.5527800161160354,560,681,1241,0.0,-0.0008333472224535399,0.5527800161160386,0.0
115457,3.7850630843847384,0.5527800161160354,560,681,1241,0.0,-0.0008333472224535399,0.5527800161160386,0.0
115458,3.784229737162285,0.5527800161160354,560,681,1241,0.0,-0.0008333472224535399,0.5527800161160386,0.0
115459,3.7833963899398313,0.5527800161160354,560,681,1241,0.0,-0.0008333472224535399,0.5527800161160386,0.0
115460,3.7825630427173778,0.5527800161160354,560,681,1241,0.0,-0.0008333472224535399,0.5527800161160386,0.0
115461,3.781729695494924,0.5527800161160354,560,681,1241,0.0,-0.0008333472224535399,0.5527800161160386,0.0
115462,3.7808963482724707,0.5527800161160354,560,681,1241,0.0,-0.0008333472224535399,0.5527800161160386,0.0
115463,3.780063001050017,0.5527800161160354,560,681,1241,0.0,-0.0008333472224535399,0.5527800161160386,0.0
115464,3.7792296538275636,0.5527800161160354,560,681,1241,0.0,-0.0008333472224535399,0.5527800161160386,0.0
115465,3.77839630660511,0.5535858178887993,560,681,1241,0.0008058017727639033,-0.0008333472224535399,0.5528605962933149,8.058017727639034e-05
115466,3.7775629593826565,0.5535858178887993,560,681,1241,0.0,-0.0008333472224535399,0.5529411764705913,8.058017727639034e-05
115467,3.776729612160203,0.5535858178887993,560,681,1241,0.0,-0.0008333472224535399,0.5530217566478676,8.058017727639034e-05
115468,3.7758962649377494,0.5535858178887993,560,681,1241,0.0,-0.0008333472224535399,0.553102336825144,8.058017727639034e-05
115469,3.775062917715296,0.5535858178887993,560,681,1241,0.0,-0.0008333472224535399,0.5531829170024203,8.058017727639034e-05
115470,3.7742295704928424,0.5535858178887993,560,681,1241,0.0,-0.0008333472224535399,0.5532634971796966,8.058017727639034e-05
115471,3.773396223270389,0.5535858178887993,560,681,1241,0.0,-0.0008333472224535399,0.553344077356973,8.058017727639034e-05
115472,3.7725628760479353,0.5535858178887993,560,681,1241,0.0,-0.0008333472224535399,0.5534246575342493,8.058017727639034e-05
115473,3.7717295288254817,0.5535858178887993,560,681,1241,0.0,-0.0008333472224535399,0.5535052377115257,8.058017727639034e-05
115474,3.770896181603028,0.5535858178887993,560,681,1241,0.0,-0.0008333472224535399,0.553585817888802,8.058017727639034e-05
115475,3.7700628343805676,0.5535858178887993,560,681,1241,0.0,-0.0008333472224606453,0.553585817888802,0.0
115476,3.769229487158114,0.5535858178887993,560,681,1241,0.0,-0.0008333472224535399,0.553585817888802,0.0
115477,3.7683961399356605,0.5535858178887993,560,681,1241,0.0,-0.0008333472224535399,0.553585817888802,0.0
115478,3.767562792713207,0.5535858178887993,560,681,1241,0.0,-0.0008333472224535399,0.553585817888802,0.0
115479,3.7667294454907534,0.5535858178887993,560,681,1241,0.0,-0.0008333472224535399,0.553585817888802,0.0
115480,3.7658960982683,0.5535858178887993,560,681,1241,0.0,-0.0008333472224535399,0.553585817888802,0.0
115481,3.7650627510458463,0.5535858178887993,560,681,1241,0.0,-0.0008333472224535399,0.553585817888802,0.0
115482,3.7642294038233928,0.5535858178887993,560,681,1241,0.0,-0.0008333472224535399,0.553585817888802,0.0
115483,3.7633960566009392,0.5535858178887993,560,681,1241,0.0,-0.0008333472224535399,0.553585817888802,0.0
115484,3.7625627093784857,0.5535858178887993,560,681,1241,0.0,-0.0008333472224535399,0.553585817888802,0.0
115485,3.761729362156032,0.5535858178887993,560,681,1241,0.0,-0.0008333472224535399,0.553585817888802,0.0
115486,3.7608960149335786,0.5535858178887993,560,681,1241,0.0,-0.0008333472224535399,0.553585817888802,0.0
115487,3.760062667711125,0.5535858178887993,560,681,1241,0.0,-0.0008333472224535399,0.553585817888802,0.0
115488,3.7592293204886715,0.5535858178887993,560,681,1241,0.0,-0.0008333472224535399,0.553585817888802,0.0
115489,3.758395973266218,0.5535858178887993,560,681,1241,0.0,-0.0008333472224535399,0.553585817888802,0.0
115490,3.7575626260437645,0.5535858178887993,560,681,1241,0.0,-0.0008333472224535399,0.553585817888802,0.0
115491,3.756729278821311,0.5535858178887993,560,681,1241,0.0,-0.0008333472224535399,0.553585817888802,0.0
115492,3.7558959315988574,0.5535858178887993,560,681,1241,0.0,-0.0008333472224535399,0.553585817888802,0.0
115493,3.755062584376404,0.5535858178887993,560,681,1241,0.0,-0.0008333472224535399,0.553585817888802,0.0
115494,3.7542292371539503,0.5535858178887993,560,681,1241,0.0,-0.0008333472224535399,0.553585817888802,0.0
115495,3.7533958899314968,0.5535858178887993,560,681,1241,0.0,-0.0008333472224535399,0.553585817888802,0.0
115496,3.752562542709043,0.5535858178887993,560,681,1241,0.0,-0.0008333472224535399,0.553585817888802,0.0
115497,3.7517291954865897,0.5535858178887993,560,681,1241,0.0,-0.0008333472224535399,0.553585817888802,0.0
115498,3.750895848264136,0.5535858178887993,560,681,1241,0.0,-0.0008333472224535399,0.553585817888802,0.0
115499,3.7500625010416826,0.5535858178887993,560,681,1241,0.0,-0.0008333472224535399,0.553585817888802,0.0
115500,3.749229153819229,0.5535858178887993,560,681,1241,0.0,-0.0008333472224535399,0.553585817888802,0.0
115501,3.7483958065967755,0.5535858178887993,560,681,1241,0.0,-0.0008333472224535399,0.553585817888802,0.0
115502,3.747562459374322,0.5535858178887993,560,681,1241,0.0,-0.0008333472224535399,0.553585817888802,0.0
115503,3.7467291121518684,0.5535858178887993,560,681,1241,0.0,-0.0008333472224535399,0.553585817888802,0.0
115504,3.745895764929415,0.5535858178887993,560,681,1241,0.0,-0.0008333472224535399,0.553585817888802,0.0
115505,3.7450624177069614,0.5535858178887993,560,681,1241,0.0,-0.0008333472224535399,0.553585817888802,0.0
115506,3.744229070484508,0.5535858178887993,560,681,1241,0.0,-0.0008333472224535399,0.553585817888802,0.0
115507,3.7433957232620543,0.5535858178887993,560,681,1241,0.0,-0.0008333472224535399,0.553585817888802,0.0
115508,3.7425623760396007,0.5535858178887993,560,681,1241,0.0,-0.0008333472224535399,0.553585817888802,0.0
115509,3.741729028817147,0.5535858178887993,560,681,1241,0.0,-0.0008333472224535399,0.553585817888802,0.0
115510,3.7408956815946937,0.5535858178887993,560,681,1241,0.0,-0.0008333472224535399,0.553585817888802,0.0
115511,3.74006233437224,0.5535858178887993,560,681,1241,0.0,-0.0008333472224535399,0.553585817888802,0.0
115512,3.7392289871497866,0.5535858178887993,560,681,1241,0.0,-0.0008333472224535399,0.553585817888802,0.0
115513,3.738395639927333,0.5535858178887993,560,681,1241,0.0,-0.0008333472224535399,0.553585817888802,0.0
115514,3.7375622927048795,0.5535858178887993,560,681,1241,0.0,-0.0008333472224535399,0.553585817888802,0.0
115515,3.736728945482426,0.5527800161160354,560,681,1241,-0.0008058017727639033,-0.0008333472224535399,0.5535052377115256,-8.058017727639034e-05
115516,3.7358955982599724,0.5527800161160354,560,681,1241,0.0,-0.0008333472224535399,0.5534246575342492,-8.058017727639034e-05
115517,3.735062251037519,0.5527800161160354,560,681,1241,0.0,-0.0008333472224535399,0.5533440773569729,-8.058017727639034e-05
115518,3.7342289038150582,0.5527800161160354,560,681,1241,0.0,-0.0008333472224606453,0.5532634971796966,-8.058017727639034e-05
115519,3.7333955565926047,0.5527800161160354,560,681,1241,0.0,-0.0008333472224535399,0.5531829170024202,-8.058017727639034e-05
115520,3.732562209370151,0.5527800161160354,560,681,1241,0.0,-0.0008333472224535399,0.5531023368251439,-8.058017727639034e-05
115521,3.7317288621476976,0.5527800161160354,560,681,1241,0.0,-0.0008333472224535399,0.5530217566478675,-8.058017727639034e-05
115522,3.730895514925244,0.5527800161160354,560,681,1241,0.0,-0.0008333472224535399,0.5529411764705912,-8.058017727639034e-05
115523,3.7300621677027905,0.5527800161160354,560,681,1241,0.0,-0.0008333472224535399,0.5528605962933149,-8.058017727639034e-05
115524,3.729228820480337,0.5527800161160354,560,681,1241,0.0,-0.0008333472224535399,0.5527800161160384,-8.058017727639034e-05
115525,3.7283954732578835,0.5527800161160354,560,681,1241,0.0,-0.0008333472224535399,0.5527800161160386,0.0
115526,3.72756212603543,0.5527800161160354,560,681,1241,0.0,-0.0008333472224535399,0.5527800161160386,0.0
115527,3.7267287788129764,0.5527800161160354,560,681,1241,0.0,-0.0008333472224535399,0.5527800161160386,0.0
115528,3.725895431590523,0.5519742143432715,560,681,1241,-0.0008058017727639033,-0.0008333472224535399,0.5526994359387623,-8.058017727639034e-05
115529,3.7250620843680693,0.5519742143432715,560,681,1241,0.0,-0.0008333472224535399,0.5526188557614858,-8.058017727639034e-05
115530,3.7242287371456158,0.5519742143432715,560,681,1241,0.0,-0.0008333472224535399,0.5525382755842095,-8.058017727639034e-05
115531,3.723395389923162,0.5519742143432715,560,681,1241,0.0,-0.0008333472224535399,0.5524576954069331,-8.058017727639034e-05
115532,3.7225620427007087,0.5519742143432715,560,681,1241,0.0,-0.0008333472224535399,0.5523771152296568,-8.058017727639034e-05
115533,3.721728695478255,0.5519742143432715,560,681,1241,0.0,-0.0008333472224535399,0.5522965350523805,-8.058017727639034e-05
115534,3.7208953482558016,0.5519742143432715,560,681,1241,0.0,-0.0008333472224535399,0.5522159548751041,-8.058017727639034e-05
115535,3.720062001033348,0.5519742143432715,560,681,1241,0.0,-0.0008333472224535399,0.5521353746978278,-8.058017727639034e-05
115536,3.7192286538108945,0.5519742143432715,560,681,1241,0.0,-0.0008333472224535399,0.5520547945205514,-8.058017727639034e-05
115537,3.718395306588441,0.5519742143432715,560,681,1241,0.0,-0.0008333472224535399,0.5519742143432751,-8.058017727639034e-05
115538,3.7175619593659874,0.5519742143432715,560,681,1241,0.0,-0.0008333472224535399,0.5519742143432751,0.0
115539,3.716728612143534,0.5519742143432715,560,681,1241,0.0,-0.0008333472224535399,0.5519742143432751,0.0
115540,3.7158952649210804,0.5519742143432715,560,681,1241,0.0,-0.0008333472224535399,0.5519742143432751,0.0
115541,3.715061917698627,0.5519742143432715,560,681,1241,0.0,-0.0008333472224535399,0.5519742143432751,0.0
115542,3.7142285704761733,0.5519742143432715,560,681,1241,0.0,-0.0008333472224535399,0.5519742143432751,0.0
115543,3.7133952232537197,0.5519742143432715,560,681,1241,0.0,-0.0008333472224535399,0.5519742143432751,0.0
115544,3.712561876031266,0.5519742143432715,560,681,1241,0.0,-0.0008333472224535399,0.5519742143432751,0.0
115545,3.7117285288088127,0.5519742143432715,560,681,1241,0.0,-0.0008333472224535399,0.5519742143432751,0.0
115546,3.710895181586359,0.5519742143432715,560,681,1241,0.0,-0.0008333472224535399,0.5519742143432751,0.0
115547,3.7100618343639056,0.5519742143432715,560,681,1241,0.0,-0.0008333472224535399,0.5519742143432751,0.0
115548,3.709228487141452,0.5519742143432715,560,681,1241,0.0,-0.0008333472224535399,0.5519742143432751,0.0
115549,3.7083951399189985,0.5519742143432715,560,681,1241,0.0,-0.0008333472224535399,0.5519742143432751,0.0
115550,3.707561792696545,0.5519742143432715,560,681,1241,0.0,-0.0008333472224535399,0.5519742143432751,0.0
115551,3.7067284454740914,0.5519742143432715,560,681,1241,0.0,-0.0008333472224535399,0.5519742143432751,0.0
115552,3.705895098251638,0.5519742143432715,560,681,1241,0.0,-0.0008333472224535399,0.5519742143432751,0.0
115553,3.7050617510291843,0.5519742143432715,560,681,1241,0.0,-0.0008333472224535399,0.5519742143432751,0.0
115554,3.704228403806731,0.5519742143432715,560,681,1241,0.0,-0.0008333472224535399,0.5519742143432751,0.0
115555,3.7033950565842773,0.5519742143432715,560,681,1241,0.0,-0.0008333472224535399,0.5519742143432751,0.0
115556,3.7025617093618237,0.5519742143432715,560,681,1241,0.0,-0.0008333472224535399,0.5519742143432751,0.0
115557,3.70172836213937,0.5519742143432715,560,681,1241,0.0,-0.0008333472224535399,0.5519742143432751,0.0
115558,3.7008950149169166,0.5519742143432715,560,681,1241,0.0,-0.0008333472224535399,0.5519742143432751,0.0
115559,3.700061667694463,0.5519742143432715,560,681,1241,0.0,-0.0008333472224535399,0.5519742143432751,0.0
115560,3.6992283204720025,0.5519742143432715,560,681,1241,0.0,-0.0008333472224606453,0.5519742143432751,0.0
115561,3.698394973249549,0.5519742143432715,560,681,1241,0.0,-0.0008333472224535399,0.5519742143432751,0.0
115562,3.6975616260270954,0.5519742143432715,560,681,1241,0.0,-0.0008333472224535399,0.5519742143432751,0.0
115563,3.696728278804642,0.5519742143432715,560,681,1241,0.0,-0.0008333472224535399,0.5519742143432751,0.0
115564,3.6958949315821883,0.5519742143432715,560,681,1241,0.0,-0.0008333472224535399,0.5519742143432751,0.0
115565,3.6950615843597348,0.5519742143432715,560,681,1241,0.0,-0.0008333472224535399,0.5519742143432751,0.0
115566,3.694228237137281,0.5519742143432715,560,681,1241,0.0,-0.0008333472224535399,0.5519742143432751,0.0
115567,3.6933948899148277,0.5519742143432715,560,681,1241,0.0,-0.0008333472224535399,0.5519742143432751,0.0
115568,3.692561542692374,0.5519742143432715,560,681,1241,0.0,-0.0008333472224535399,0.5519742143432751,0.0
115569,3.6917281954699206,0.5519742143432715,560,681,1241,0.0,-0.0008333472224535399,0.5519742143432751,0.0
115570,3.690894848247467,0.5519742143432715,560,681,1241,0.0,-0.0008333472224535399,0.5519742143432751,0.0
115571,3.6900615010250135,0.5519742143432715,560,681,1241,0.0,-0.0008333472224535399,0.5519742143432751,0.0
115572,3.68922815380256,0.5519742143432715,560,681,1241,0.0,-0.0008333472224535399,0.5519742143432751,0.0
115573,3.6883948065801064,0.5519742143432715,560,681,1241,0.0,-0.0008333472224535399,0.5519742143432751,0.0
115574,3.687561459357653,0.5519742143432715,560,681,1241,0.0,-0.0008333472224535399,0.5519742143432751,0.0
115575,3.6867281121351994,0.5519742143432715,560,681,1241,0.0,-0.0008333472224535399,0.5519742143432751,0.0
115576,3.685894764912746,0.5519742143432715,560,681,1241,0.0,-0.0008333472224535399,0.5519742143432751,0.0
115577,3.6850614176902923,0.5519742143432715,560,681,1241,0.0,-0.0008333472224535399,0.5519742143432751,0.0
115578,3.6842280704678387,0.5519742143432715,560,681,1241,0.0,-0.0008333472224535399,0.5519742143432751,0.0
115579,3.683394723245385,0.5519742143432715,560,681,1241,0.0,-0.0008333472224535399,0.5519742143432751,0.0
115580,3.6825613760229317,0.5519742143432715,560,681,1241,0.0,-0.0008333472224535399,0.5519742143432751,0.0
115581,3.681728028800478,0.5519742143432715,560,681,1241,0.0,-0.0008333472224535399,0.5519742143432751,0.0
115582,3.6808946815780246,0.5519742143432715,560,681,1241,0.0,-0.0008333472224535399,0.5519742143432751,0.0
115583,3.680061334355571,0.5519742143432715,560,681,1241,0.0,-0.0008333472224535399,0.5519742143432751,0.0
115584,3.6792279871331175,0.5519742143432715,560,681,1241,0.0,-0.0008333472224535399,0.5519742143432751,0.0
115585,3.678394639910664,0.5519742143432715,560,681,1241,0.0,-0.0008333472224535399,0.5519742143432751,0.0
115586,3.6775612926882104,0.5519742143432715,560,681,1241,0.0,-0.0008333472224535399,0.5519742143432751,0.0
115587,3.676727945465757,0.5519742143432715,560,681,1241,0.0,-0.0008333472224535399,0.5519742143432751,0.0
115588,3.6758945982433033,0.5519742143432715,560,681,1241,0.0,-0.0008333472224535399,0.5519742143432751,0.0
115589,3.67506125102085,0.5519742143432715,560,681,1241,0.0,-0.0008333472224535399,0.5519742143432751,0.0
115590,3.6742279037983963,0.5519742143432715,560,681,1241,0.0,-0.0008333472224535399,0.5519742143432751,0.0
115591,3.6733945565759427,0.5519742143432715,560,681,1241,0.0,-0.0008333472224535399,0.5519742143432751,0.0
115592,3.672561209353489,0.5519742143432715,560,681,1241,0.0,-0.0008333472224535399,0.5519742143432751,0.0
115593,3.6717278621310356,0.5519742143432715,560,681,1241,0.0,-0.0008333472224535399,0.5519742143432751,0.0
115594,3.670894514908582,0.5519742143432715,560,681,1241,0.0,-0.0008333472224535399,0.5519742143432751,0.0
115595,3.6700611676861286,0.5519742143432715,560,681,1241,0.0,-0.0008333472224535399,0.5519742143432751,0.0
115596,3.669227820463675,0.5519742143432715,560,681,1241,0.0,-0.0008333472224535399,0.5519742143432751,0.0
115597,3.6683944732412215,0.5519742143432715,560,681,1241,0.0,-0.0008333472224535399,0.5519742143432751,0.0
115598,3.667561126018768,0.5519742143432715,560,681,1241,0.0,-0.0008333472224535399,0.5519742143432751,0.0
115599,3.6667277787963144,0.5519742143432715,560,681,1241,0.0,-0.0008333472224535399,0.5519742143432751,0.0
115600,3.665894431573861,0.5519742143432715,560,681,1241,0.0,-0.0008333472224535399,0.5519742143432751,0.0
115601,3.6650610843514073,0.5519742143432715,560,681,1241,0.0,-0.0008333472224535399,0.5519742143432751,0.0
115602,3.6642277371289467,0.5519742143432715,560,681,1241,0.0,-0.0008333472224606453,0.5519742143432751,0.0
115603,3.663394389906493,0.5519742143432715,560,681,1241,0.0,-0.0008333472224535399,0.5519742143432751,0.0
115604,3.6625610426840396,0.5519742143432715,560,681,1241,0.0,-0.0008333472224535399,0.5519742143432751,0.0
115605,3.661727695461586,0.5519742143432715,560,681,1241,0.0,-0.0008333472224535399,0.5519742143432751,0.0
115606,3.6608943482391325,0.5519742143432715,560,681,1241,0.0,-0.0008333472224535399,0.5519742143432751,0.0
115607,3.660061001016679,0.5519742143432715,560,681,1241,0.0,-0.0008333472224535399,0.5519742143432751,0.0
115608,3.6592276537942254,0.5519742143432715,560,681,1241,0.0,-0.0008333472224535399,0.5519742143432751,0.0
115609,3.658394306571772,0.5519742143432715,560,681,1241,0.0,-0.0008333472224535399,0.5519742143432751,0.0
115610,3.6575609593493184,0.5519742143432715,560,681,1241,0.0,-0.0008333472224535399,0.5519742143432751,0.0
115611,3.656727612126865,0.5519742143432715,560,681,1241,0.0,-0.0008333472224535399,0.5519742143432751,0.0
115612,3.6558942649044113,0.5527800161160354,560,681,1241,0.0008058017727639033,-0.0008333472224535399,0.5520547945205514,8.058017727639034e-05
115613,3.6550609176819577,0.5527800161160354,560,681,1241,0.0,-0.0008333472224535399,0.5521353746978278,8.058017727639034e-05
115614,3.654227570459504,0.5527800161160354,560,681,1241,0.0,-0.0008333472224535399,0.5522159548751041,8.058017727639034e-05
115615,3.6533942232370507,0.5527800161160354,560,681,1241,0.0,-0.0008333472224535399,0.5522965350523805,8.058017727639034e-05
115616,3.652560876014597,0.5527800161160354,560,681,1241,0.0,-0.0008333472224535399,0.5523771152296568,8.058017727639034e-05
115617,3.6517275287921436,0.5527800161160354,560,681,1241,0.0,-0.0008333472224535399,0.5524576954069331,8.058017727639034e-05
115618,3.65089418156969,0.5519742143432715,560,681,1241,-0.0008058017727639033,-0.0008333472224535399,0.5524576954069331,0.0
115619,3.6500608343472365,0.5519742143432715,560,681,1241,0.0,-0.0008333472224535399,0.5524576954069331,0.0
115620,3.649227487124783,0.5519742143432715,560,681,1241,0.0,-0.0008333472224535399,0.5524576954069331,0.0
115621,3.6483941399023294,0.5519742143432715,560,681,1241,0.0,-0.0008333472224535399,0.5524576954069331,0.0
115622,3.647560792679876,0.5519742143432715,560,681,1241,0.0,-0.0008333472224535399,0.5523771152296568,-8.058017727639034e-05
115623,3.6467274454574223,0.5519742143432715,560,681,1241,0.0,-0.0008333472224535399,0.5522965350523805,-8.058017727639034e-05
115624,3.645894098234969,0.5519742143432715,560,681,1241,0.0,-0.0008333472224535399,0.5522159548751041,-8.058017727639034e-05
115625,3.6450607510125153,0.5519742143432715,560,681,1241,0.0,-0.0008333472224535399,0.5521353746978278,-8.058017727639034e-05
115626,3.6442274037900617,0.5519742143432715,560,681,1241,0.0,-0.0008333472224535399,0.5520547945205514,-8.058017727639034e-05
115627,3.643394056567608,0.5519742143432715,560,681,1241,0.0,-0.0008333472224535399,0.5519742143432751,-8.058017727639034e-05
115628,3.6425607093451546,0.5519742143432715,560,681,1241,0.0,-0.0008333472224535399,0.5519742143432751,0.0
115629,3.641727362122701,0.5519742143432715,560,681,1241,0.0,-0.0008333472224535399,0.5519742143432751,0.0
115630,3.6408940149002476,0.5519742143432715,560,681,1241,0.0,-0.0008333472224535399,0.5519742143432751,0.0
115631,3.640060667677794,0.5519742143432715,560,681,1241,0.0,-0.0008333472224535399,0.5519742143432751,0.0
115632,3.6392273204553405,0.5519742143432715,560,681,1241,0.0,-0.0008333472224535399,0.5519742143432751,0.0
115633,3.638393973232887,0.5519742143432715,560,681,1241,0.0,-0.0008333472224535399,0.5519742143432751,0.0
115634,3.6375606260104334,0.5519742143432715,560,681,1241,0.0,-0.0008333472224535399,0.5519742143432751,0.0
115635,3.63672727878798,0.5519742143432715,560,681,1241,0.0,-0.0008333472224535399,0.5519742143432751,0.0
115636,3.6358939315655263,0.5519742143432715,560,681,1241,0.0,-0.0008333472224535399,0.5519742143432751,0.0
115637,3.6350605843430728,0.5519742143432715,560,681,1241,0.0,-0.0008333472224535399,0.5519742143432751,0.0
115638,3.6342272371206192,0.5519742143432715,560,681,1241,0.0,-0.0008333472224535399,0.5519742143432751,0.0
115639,3.6333938898981657,0.5519742143432715,560,681,1241,0.0,-0.0008333472224535399,0.5519742143432751,0.0
115640,3.632560542675712,0.5519742143432715,560,681,1241,0.0,-0.0008333472224535399,0.5519742143432751,0.0
115641,3.6317271954532586,0.5519742143432715,560,681,1241,0.0,-0.0008333472224535399,0.5519742143432751,0.0
115642,3.630893848230805,0.5519742143432715,560,681,1241,0.0,-0.0008333472224535399,0.5519742143432751,0.0
115643,3.6300605010083515,0.5519742143432715,560,681,1241,0.0,-0.0008333472224535399,0.5519742143432751,0.0
115644,3.629227153785898,0.5519742143432715,560,681,1241,0.0,-0.0008333472224535399,0.5519742143432751,0.0
115645,3.6283938065634374,0.5519742143432715,560,681,1241,0.0,-0.0008333472224606453,0.5519742143432751,0.0
115646,3.627560459340984,0.5519742143432715,560,681,1241,0.0,-0.0008333472224535399,0.5519742143432751,0.0
115647,3.6267271121185303,0.5519742143432715,560,681,1241,0.0,-0.0008333472224535399,0.5519742143432751,0.0
115648,3.6258937648960767,0.5519742143432715,560,681,1241,0.0,-0.0008333472224535399,0.5519742143432751,0.0
115649,3.625060417673623,0.5519742143432715,560,681,1241,0.0,-0.0008333472224535399,0.5519742143432751,0.0
115650,3.6242270704511697,0.5519742143432715,560,681,1241,0.0,-0.0008333472224535399,0.5519742143432751,0.0
115651,3.623393723228716,0.5519742143432715,560,681,1241,0.0,-0.0008333472224535399,0.5519742143432751,0.0
115652,3.6225603760062626,0.5519742143432715,560,681,1241,0.0,-0.0008333472224535399,0.5519742143432751,0.0
115653,3.621727028783809,0.5519742143432715,560,681,1241,0.0,-0.0008333472224535399,0.5519742143432751,0.0
115654,3.6208936815613555,0.5519742143432715,560,681,1241,0.0,-0.0008333472224535399,0.5519742143432751,0.0
115655,3.620060334338902,0.5519742143432715,560,681,1241,0.0,-0.0008333472224535399,0.5519742143432751,0.0
115656,3.6192269871164484,0.5519742143432715,560,681,1241,0.0,-0.0008333472224535399,0.5519742143432751,0.0
115657,3.618393639893995,0.5519742143432715,560,681,1241,0.0,-0.0008333472224535399,0.5519742143432751,0.0
115658,3.6175602926715413,0.5519742143432715,560,681,1241,0.0,-0.0008333472224535399,0.5519742143432751,0.0
115659,3.616726945449088,0.5519742143432715,560,681,1241,0.0,-0.0008333472224535399,0.5519742143432751,0.0
115660,3.6158935982266343,0.5519742143432715,560,681,1241,0.0,-0.0008333472224535399,0.5519742143432751,0.0
115661,3.6150602510041807,0.5519742143432715,560,681,1241,0.0,-0.0008333472224535399,0.5519742143432751,0.0
115662,3.614226903781727,0.5519742143432715,560,681,1241,0.0,-0.0008333472224535399,0.5519742143432751,0.0
115663,3.6133935565592736,0.5519742143432715,560,681,1241,0.0,-0.0008333472224535399,0.5519742143432751,0.0
115664,3.61256020933682,0.5519742143432715,560,681,1241,0.0,-0.0008333472224535399,0.5519742143432751,0.0
115665,3.6117268621143666,0.5519742143432715,560,681,1241,0.0,-0.0008333472224535399,0.5519742143432751,0.0
115666,3.610893514891913,0.5519742143432715,560,681,1241,0.0,-0.0008333472224535399,0.5519742143432751,0.0
115667,3.6100601676694595,0.5519742143432715,560,681,1241,0.0,-0.0008333472224535399,0.5519742143432751,0.0
115668,3.609226820447006,0.5519742143432715,560,681,1241,0.0,-0.0008333472224535399,0.5519742143432751,0.0
115669,3.6083934732245524,0.5519742143432715,560,681,1241,0.0,-0.0008333472224535399,0.5519742143432751,0.0
115670,3.607560126002099,0.5519742143432715,560,681,1241,0.0,-0.0008333472224535399,0.5519742143432751,0.0
115671,3.6067267787796453,0.5519742143432715,560,681,1241,0.0,-0.0008333472224535399,0.5519742143432751,0.0
115672,3.6058934315571918,0.5519742143432715,560,681,1241,0.0,-0.0008333472224535399,0.5519742143432751,0.0
115673,3.6050600843347382,0.5519742143432715,560,681,1241,0.0,-0.0008333472224535399,0.5519742143432751,0.0
115674,3.6042267371122847,0.5519742143432715,560,681,1241,0.0,-0.0008333472224535399,0.5519742143432751,0.0
115675,3.603393389889831,0.5519742143432715,560,681,1241,0.0,-0.0008333472224535399,0.5519742143432751,0.0
115676,3.6025600426673776,0.5519742143432715,560,681,1241,0.0,-0.0008333472224535399,0.5519742143432751,0.0
115677,3.601726695444924,0.5519742143432715,560,681,1241,0.0,-0.0008333472224535399,0.5519742143432751,0.0
115678,3.6008933482224705,0.5519742143432715,560,681,1241,0.0,-0.0008333472224535399,0.5519742143432751,0.0
115679,3.600060001000017,0.5519742143432715,560,681,1241,0.0,-0.0008333472224535399,0.5519742143432751,0.0
115680,3.5992266537775635,0.5519742143432715,560,681,1241,0.0,-0.0008333472224535399,0.5519742143432751,0.0
115681,3.59839330655511,0.5519742143432715,560,681,1241,0.0,-0.0008333472224535399,0.5519742143432751,0.0
115682,3.5975599593326564,0.5519742143432715,560,681,1241,0.0,-0.0008333472224535399,0.5519742143432751,0.0
115683,3.596726612110203,0.5519742143432715,560,681,1241,0.0,-0.0008333472224535399,0.5519742143432751,0.0
115684,3.5958932648877493,0.5519742143432715,560,681,1241,0.0,-0.0008333472224535399,0.5519742143432751,0.0
115685,3.5950599176652958,0.5519742143432715,560,681,1241,0.0,-0.0008333472224535399,0.5519742143432751,0.0
115686,3.594226570442842,0.5519742143432715,560,681,1241,0.0,-0.0008333472224535399,0.5519742143432751,0.0
115687,3.5933932232203816,0.5519742143432715,560,681,1241,0.0,-0.0008333472224606453,0.5519742143432751,0.0
115688,3.592559875997928,0.5519742143432715,560,681,1241,0.0,-0.0008333472224535399,0.5519742143432751,0.0
115689,3.5917265287754745,0.5519742143432715,560,681,1241,0.0,-0.0008333472224535399,0.5519742143432751,0.0
115690,3.590893181553021,0.5519742143432715,560,681,1241,0.0,-0.0008333472224535399,0.5519742143432751,0.0
115691,3.5900598343305674,0.5519742143432715,560,681,1241,0.0,-0.0008333472224535399,0.5519742143432751,0.0
115692,3.589226487108114,0.5519742143432715,560,681,1241,0.0,-0.0008333472224535399,0.5519742143432751,0.0
115693,3.5883931398856603,0.5519742143432715,560,681,1241,0.0,-0.0008333472224535399,0.5519742143432751,0.0
115694,3.587559792663207,0.5519742143432715,560,681,1241,0.0,-0.0008333472224535399,0.5519742143432751,0.0
115695,3.5867264454407533,0.5519742143432715,560,681,1241,0.0,-0.0008333472224535399,0.5519742143432751,0.0
115696,3.5858930982182997,0.5519742143432715,560,681,1241,0.0,-0.0008333472224535399,0.5519742143432751,0.0
115697,3.585059750995846,0.5519742143432715,560,681,1241,0.0,-0.0008333472224535399,0.5519742143432751,0.0
115698,3.5842264037733926,0.5519742143432715,560,681,1241,0.0,-0.0008333472224535399,0.5519742143432751,0.0
115699,3.583393056550939,0.5519742143432715,560,681,1241,0.0,-0.0008333472224535399,0.5519742143432751,0.0
115700,3.5825597093284856,0.5519742143432715,560,681,1241,0.0,-0.0008333472224535399,0.5519742143432751,0.0
115701,3.581726362106032,0.5519742143432715,560,681,1241,0.0,-0.0008333472224535399,0.5519742143432751,0.0
115702,3.5808930148835785,0.5519742143432715,560,681,1241,0.0,-0.0008333472224535399,0.5519742143432751,0.0
115703,3.580059667661125,0.5519742143432715,560,681,1241,0.0,-0.0008333472224535399,0.5519742143432751,0.0
115704,3.5792263204386714,0.5519742143432715,560,681,1241,0.0,-0.0008333472224535399,0.5519742143432751,0.0
115705,3.578392973216218,0.5519742143432715,560,681,1241,0.0,-0.0008333472224535399,0.5519742143432751,0.0
115706,3.5775596259937643,0.5519742143432715,560,681,1241,0.0,-0.0008333472224535399,0.5519742143432751,0.0
115707,3.5767262787713108,0.5519742143432715,560,681,1241,0.0,-0.0008333472224535399,0.5519742143432751,0.0
115708,3.5758929315488572,0.5519742143432715,560,681,1241,0.0,-0.0008333472224535399,0.5519742143432751,0.0
115709,3.5750595843264037,0.5519742143432715,560,681,1241,0.0,-0.0008333472224535399,0.5519742143432751,0.0
115710,3.57422623710395,0.5519742143432715,560,681,1241,0.0,-0.0008333472224535399,0.5519742143432751,0.0
115711,3.5733928898814966,0.5519742143432715,560,681,1241,0.0,-0.0008333472224535399,0.5519742143432751,0.0
115712,3.572559542659043,0.5519742143432715,560,681,1241,0.0,-0.0008333472224535399,0.5519742143432751,0.0
115713,3.5717261954365895,0.5519742143432715,560,681,1241,0.0,-0.0008333472224535399,0.5519742143432751,0.0
115714,3.570892848214136,0.5519742143432715,560,681,1241,0.0,-0.0008333472224535399,0.5519742143432751,0.0
115715,3.5700595009916825,0.5519742143432715,560,681,1241,0.0,-0.0008333472224535399,0.5519742143432751,0.0
115716,3.569226153769229,0.5519742143432715,560,681,1241,0.0,-0.0008333472224535399,0.5519742143432751,0.0
115717,3.5683928065467754,0.5519742143432715,560,681,1241,0.0,-0.0008333472224535399,0.5519742143432751,0.0
115718,3.567559459324322,0.5519742143432715,560,681,1241,0.0,-0.0008333472224535399,0.5519742143432751,0.0
115719,3.5667261121018683,0.5519742143432715,560,681,1241,0.0,-0.0008333472224535399,0.5519742143432751,0.0
115720,3.5658927648794148,0.5519742143432715,560,681,1241,0.0,-0.0008333472224535399,0.5519742143432751,0.0
115721,3.565059417656961,0.5519742143432715,560,681,1241,0.0,-0.0008333472224535399,0.5519742143432751,0.0
115722,3.5642260704345077,0.5519742143432715,560,681,1241,0.0,-0.0008333472224535399,0.5519742143432751,0.0
115723,3.563392723212054,0.5519742143432715,560,681,1241,0.0,-0.0008333472224535399,0.5519742143432751,0.0
115724,3.5625593759896006,0.5519742143432715,560,681,1241,0.0,-0.0008333472224535399,0.5519742143432751,0.0
115725,3.561726028767147,0.5519742143432715,560,681,1241,0.0,-0.0008333472224535399,0.5519742143432751,0.0
115726,3.5608926815446935,0.5519742143432715,560,681,1241,0.0,-0.0008333472224535399,0.5519742143432751,0.0
115727,3.56005933432224,0.5519742143432715,560,681,1241,0.0,-0.0008333472224535399,0.5519742143432751,0.0
115728,3.5592259870997864,0.5519742143432715,560,681,1241,0.0,-0.0008333472224535399,0.5519742143432751,0.0
115729,3.558392639877326,0.5519742143432715,560,681,1241,0.0,-0.0008333472224606453,0.5519742143432751,0.0
115730,3.5575592926548723,0.5519742143432715,560,681,1241,0.0,-0.0008333472224535399,0.5519742143432751,0.0
115731,3.5567259454324187,0.5519742143432715,560,681,1241,0.0,-0.0008333472224535399,0.5519742143432751,0.0
115732,3.555892598209965,0.5519742143432715,560,681,1241,0.0,-0.0008333472224535399,0.5519742143432751,0.0
115733,3.5550592509875116,0.5519742143432715,560,681,1241,0.0,-0.0008333472224535399,0.5519742143432751,0.0
115734,3.554225903765058,0.5519742143432715,560,681,1241,0.0,-0.0008333472224535399,0.5519742143432751,0.0
115735,3.5533925565426046,0.5519742143432715,560,681,1241,0.0,-0.0008333472224535399,0.5519742143432751,0.0
115736,3.552559209320151,0.5519742143432715,560,681,1241,0.0,-0.0008333472224535399,0.5519742143432751,0.0
115737,3.5517258620976975,0.5519742143432715,560,681,1241,0.0,-0.0008333472224535399,0.5519742143432751,0.0
115738,3.550892514875244,0.5519742143432715,560,681,1241,0.0,-0.0008333472224535399,0.5519742143432751,0.0
115739,3.5500591676527904,0.5519742143432715,560,681,1241,0.0,-0.0008333472224535399,0.5519742143432751,0.0
115740,3.549225820430337,0.5519742143432715,560,681,1241,0.0,-0.0008333472224535399,0.5519742143432751,0.0
115741,3.5483924732078833,0.5519742143432715,560,681,1241,0.0,-0.0008333472224535399,0.5519742143432751,0.0
115742,3.5475591259854298,0.5519742143432715,560,681,1241,0.0,-0.0008333472224535399,0.5519742143432751,0.0
115743,3.5467257787629762,0.5519742143432715,560,681,1241,0.0,-0.0008333472224535399,0.5519742143432751,0.0
115744,3.5458924315405227,0.5519742143432715,560,681,1241,0.0,-0.0008333472224535399,0.5519742143432751,0.0
115745,3.545059084318069,0.5519742143432715,560,681,1241,0.0,-0.0008333472224535399,0.5519742143432751,0.0
115746,3.5442257370956156,0.5519742143432715,560,681,1241,0.0,-0.0008333472224535399,0.5519742143432751,0.0
115747,3.543392389873162,0.5519742143432715,560,681,1241,0.0,-0.0008333472224535399,0.5519742143432751,0.0
115748,3.5425590426507085,0.5519742143432715,560,681,1241,0.0,-0.0008333472224535399,0.5519742143432751,0.0
115749,3.541725695428255,0.5519742143432715,560,681,1241,0.0,-0.0008333472224535399,0.5519742143432751,0.0
115750,3.5408923482058015,0.5519742143432715,560,681,1241,0.0,-0.0008333472224535399,0.5519742143432751,0.0
115751,3.540059000983348,0.5519742143432715,560,681,1241,0.0,-0.0008333472224535399,0.5519742143432751,0.0
115752,3.5392256537608944,0.5519742143432715,560,681,1241,0.0,-0.0008333472224535399,0.5519742143432751,0.0
115753,3.538392306538441,0.5519742143432715,560,681,1241,0.0,-0.0008333472224535399,0.5519742143432751,0.0
115754,3.5375589593159873,0.5519742143432715,560,681,1241,0.0,-0.0008333472224535399,0.5519742143432751,0.0
115755,3.5367256120935338,0.5519742143432715,560,681,1241,0.0,-0.0008333472224535399,0.5519742143432751,0.0
115756,3.53589226487108,0.5519742143432715,560,681,1241,0.0,-0.0008333472224535399,0.5519742143432751,0.0
115757,3.5350589176486267,0.5519742143432715,560,681,1241,0.0,-0.0008333472224535399,0.5519742143432751,0.0
115758,3.534225570426173,0.5519742143432715,560,681,1241,0.0,-0.0008333472224535399,0.5519742143432751,0.0
115759,3.5333922232037196,0.5519742143432715,560,681,1241,0.0,-0.0008333472224535399,0.5519742143432751,0.0
115760,3.532558875981266,0.5519742143432715,560,681,1241,0.0,-0.0008333472224535399,0.5519742143432751,0.0
115761,3.5317255287588125,0.5519742143432715,560,681,1241,0.0,-0.0008333472224535399,0.5519742143432751,0.0
115762,3.530892181536359,0.5519742143432715,560,681,1241,0.0,-0.0008333472224535399,0.5519742143432751,0.0
115763,3.5300588343139054,0.5519742143432715,560,681,1241,0.0,-0.0008333472224535399,0.5519742143432751,0.0
115764,3.529225487091452,0.5519742143432715,560,681,1241,0.0,-0.0008333472224535399,0.5519742143432751,0.0
115765,3.5283921398689984,0.5519742143432715,560,681,1241,0.0,-0.0008333472224535399,0.5519742143432751,0.0
115766,3.527558792646545,0.5519742143432715,560,681,1241,0.0,-0.0008333472224535399,0.5519742143432751,0.0
115767,3.5267254454240913,0.5519742143432715,560,681,1241,0.0,-0.0008333472224535399,0.5519742143432751,0.0
115768,3.5258920982016377,0.5519742143432715,560,681,1241,0.0,-0.0008333472224535399,0.5519742143432751,0.0
115769,3.525058750979184,0.5519742143432715,560,681,1241,0.0,-0.0008333472224535399,0.5519742143432751,0.0
115770,3.5242254037567307,0.5519742143432715,560,681,1241,0.0,-0.0008333472224535399,0.5519742143432751,0.0
115771,3.523392056534277,0.5519742143432715,560,681,1241,0.0,-0.0008333472224535399,0.5519742143432751,0.0
115772,3.5225587093118165,0.5519742143432715,560,681,1241,0.0,-0.0008333472224606453,0.5519742143432751,0.0
115773,3.521725362089363,0.5519742143432715,560,681,1241,0.0,-0.0008333472224535399,0.5519742143432751,0.0
115774,3.5208920148669094,0.5519742143432715,560,681,1241,0.0,-0.0008333472224535399,0.5519742143432751,0.0
115775,3.520058667644456,0.5519742143432715,560,681,1241,0.0,-0.0008333472224535399,0.5519742143432751,0.0
115776,3.5192253204220023,0.5519742143432715,560,681,1241,0.0,-0.0008333472224535399,0.5519742143432751,0.0
115777,3.5183919731995488,0.5519742143432715,560,681,1241,0.0,-0.0008333472224535399,0.5519742143432751,0.0
115778,3.5175586259770952,0.5519742143432715,560,681,1241,0.0,-0.0008333472224535399,0.5519742143432751,0.0
115779,3.5167252787546417,0.5519742143432715,560,681,1241,0.0,-0.0008333472224535399,0.5519742143432751,0.0
115780,3.515891931532188,0.5519742143432715,560,681,1241,0.0,-0.0008333472224535399,0.5519742143432751,0.0
115781,3.5150585843097346,0.5519742143432715,560,681,1241,0.0,-0.0008333472224535399,0.5519742143432751,0.0
115782,3.514225237087281,0.5519742143432715,560,681,1241,0.0,-0.0008333472224535399,0.5519742143432751,0.0
115783,3.5133918898648275,0.5519742143432715,560,681,1241,0.0,-0.0008333472224535399,0.5519742143432751,0.0
115784,3.512558542642374,0.5519742143432715,560,681,1241,0.0,-0.0008333472224535399,0.5519742143432751,0.0
115785,3.5117251954199205,0.5519742143432715,560,681,1241,0.0,-0.0008333472224535399,0.5519742143432751,0.0
115786,3.510891848197467,0.5519742143432715,560,681,1241,0.0,-0.0008333472224535399,0.5519742143432751,0.0
115787,3.5100585009750134,0.5519742143432715,560,681,1241,0.0,-0.0008333472224535399,0.5519742143432751,0.0
115788,3.50922515375256,0.5519742143432715,560,681,1241,0.0,-0.0008333472224535399,0.5519742143432751,0.0
115789,3.5083918065301063,0.5519742143432715,560,681,1241,0.0,-0.0008333472224535399,0.5519742143432751,0.0
115790,3.5075584593076528,0.5519742143432715,560,681,1241,0.0,-0.0008333472224535399,0.5519742143432751,0.0
115791,3.506725112085199,0.5519742143432715,560,681,1241,0.0,-0.0008333472224535399,0.5519742143432751,0.0
115792,3.5058917648627457,0.5519742143432715,560,681,1241,0.0,-0.0008333472224535399,0.5519742143432751,0.0
115793,3.505058417640292,0.5519742143432715,560,681,1241,0.0,-0.0008333472224535399,0.5519742143432751,0.0
115794,3.5042250704178386,0.5519742143432715,560,681,1241,0.0,-0.0008333472224535399,0.5519742143432751,0.0
115795,3.503391723195385,0.5519742143432715,560,681,1241,0.0,-0.0008333472224535399,0.5519742143432751,0.0
115796,3.5025583759729315,0.5519742143432715,560,681,1241,0.0,-0.0008333472224535399,0.5519742143432751,0.0
115797,3.501725028750478,0.5519742143432715,560,681,1241,0.0,-0.0008333472224535399,0.5519742143432751,0.0
115798,3.5008916815280244,0.5519742143432715,560,681,1241,0.0,-0.0008333472224535399,0.5519742143432751,0.0
115799,3.500058334305571,0.5519742143432715,560,681,1241,0.0,-0.0008333472224535399,0.5519742143432751,0.0
115800,3.4992249870831174,0.5519742143432715,560,681,1241,0.0,-0.0008333472224535399,0.5519742143432751,0.0
115801,3.498391639860664,0.5519742143432715,560,681,1241,0.0,-0.0008333472224535399,0.5519742143432751,0.0
115802,3.4975582926382103,0.5519742143432715,560,681,1241,0.0,-0.0008333472224535399,0.5519742143432751,0.0
115803,3.4967249454157567,0.5519742143432715,560,681,1241,0.0,-0.0008333472224535399,0.5519742143432751,0.0
115804,3.495891598193303,0.5519742143432715,560,681,1241,0.0,-0.0008333472224535399,0.5519742143432751,0.0
115805,3.4950582509708497,0.5519742143432715,560,681,1241,0.0,-0.0008333472224535399,0.5519742143432751,0.0
115806,3.494224903748396,0.5519742143432715,560,681,1241,0.0,-0.0008333472224535399,0.5519742143432751,0.0
115807,3.4933915565259426,0.5519742143432715,560,681,1241,0.0,-0.0008333472224535399,0.5519742143432751,0.0
115808,3.492558209303489,0.5519742143432715,560,681,1241,0.0,-0.0008333472224535399,0.5519742143432751,0.0
115809,3.4917248620810355,0.5519742143432715,560,681,1241,0.0,-0.0008333472224535399,0.5519742143432751,0.0
115810,3.490891514858582,0.5519742143432715,560,681,1241,0.0,-0.0008333472224535399,0.5519742143432751,0.0
115811,3.4900581676361284,0.5519742143432715,560,681,1241,0.0,-0.0008333472224535399,0.5519742143432751,0.0
115812,3.489224820413675,0.5519742143432715,560,681,1241,0.0,-0.0008333472224535399,0.5519742143432751,0.0
115813,3.4883914731912213,0.5519742143432715,560,681,1241,0.0,-0.0008333472224535399,0.5519742143432751,0.0
115814,3.4875581259687607,0.5519742143432715,560,681,1241,0.0,-0.0008333472224606453,0.5519742143432751,0.0
115815,3.486724778746307,0.5519742143432715,560,681,1241,0.0,-0.0008333472224535399,0.5519742143432751,0.0
115816,3.4858914315238536,0.5519742143432715,560,681,1241,0.0,-0.0008333472224535399,0.5519742143432751,0.0
115817,3.4850580843014,0.5519742143432715,560,681,1241,0.0,-0.0008333472224535399,0.5519742143432751,0.0
115818,3.4842247370789465,0.5519742143432715,560,681,1241,0.0,-0.0008333472224535399,0.5519742143432751,0.0
115819,3.483391389856493,0.5519742143432715,560,681,1241,0.0,-0.0008333472224535399,0.5519742143432751,0.0
115820,3.4825580426340395,0.5519742143432715,560,681,1241,0.0,-0.0008333472224535399,0.5519742143432751,0.0
115821,3.481724695411586,0.5519742143432715,560,681,1241,0.0,-0.0008333472224535399,0.5519742143432751,0.0
115822,3.4808913481891324,0.5519742143432715,560,681,1241,0.0,-0.0008333472224535399,0.5519742143432751,0.0
115823,3.480058000966679,0.5519742143432715,560,681,1241,0.0,-0.0008333472224535399,0.5519742143432751,0.0
115824,3.4792246537442253,0.5519742143432715,560,681,1241,0.0,-0.0008333472224535399,0.5519742143432751,0.0
115825,3.4783913065217718,0.5519742143432715,560,681,1241,0.0,-0.0008333472224535399,0.5519742143432751,0.0
115826,3.477557959299318,0.5519742143432715,560,681,1241,0.0,-0.0008333472224535399,0.5519742143432751,0.0
115827,3.4767246120768647,0.5519742143432715,560,681,1241,0.0,-0.0008333472224535399,0.5519742143432751,0.0
115828,3.475891264854411,0.5519742143432715,560,681,1241,0.0,-0.0008333472224535399,0.5519742143432751,0.0
115829,3.4750579176319576,0.5519742143432715,560,681,1241,0.0,-0.0008333472224535399,0.5519742143432751,0.0
115830,3.474224570409504,0.5519742143432715,560,681,1241,0.0,-0.0008333472224535399,0.5519742143432751,0.0
115831,3.4733912231870505,0.5511684125705076,560,681,1241,-0.0008058017727639033,-0.0008333472224535399,0.5518936341659988,-8.058017727639034e-05
115832,3.472557875964597,0.5511684125705076,560,681,1241,0.0,-0.0008333472224535399,0.5518130539887224,-8.058017727639034e-05
115833,3.4717245287421434,0.5511684125705076,560,681,1241,0.0,-0.0008333472224535399,0.5517324738114461,-8.058017727639034e-05
115834,3.47089118151969,0.5511684125705076,560,681,1241,0.0,-0.0008333472224535399,0.5516518936341697,-8.058017727639034e-05
115835,3.4700578342972364,0.5511684125705076,560,681,1241,0.0,-0.0008333472224535399,0.5515713134568934,-8.058017727639034e-05
115836,3.469224487074783,0.5511684125705076,560,681,1241,0.0,-0.0008333472224535399,0.5514907332796171,-8.058017727639034e-05
115837,3.4683911398523293,0.5511684125705076,560,681,1241,0.0,-0.0008333472224535399,0.5514101531023406,-8.058017727639034e-05
115838,3.4675577926298757,0.5511684125705076,560,681,1241,0.0,-0.0008333472224535399,0.5513295729250643,-8.058017727639034e-05
115839,3.466724445407422,0.5511684125705076,560,681,1241,0.0,-0.0008333472224535399,0.5512489927477879,-8.058017727639034e-05
115840,3.4658910981849687,0.5511684125705076,560,681,1241,0.0,-0.0008333472224535399,0.5511684125705116,-8.058017727639034e-05
115841,3.465057750962515,0.5511684125705076,560,681,1241,0.0,-0.0008333472224535399,0.5511684125705116,0.0
115842,3.4642244037400616,0.5511684125705076,560,681,1241,0.0,-0.0008333472224535399,0.5511684125705116,0.0
115843,3.463391056517608,0.5511684125705076,560,681,1241,0.0,-0.0008333472224535399,0.5511684125705116,0.0
115844,3.4625577092951545,0.5511684125705076,560,681,1241,0.0,-0.0008333472224535399,0.5511684125705116,0.0
115845,3.461724362072701,0.5511684125705076,560,681,1241,0.0,-0.0008333472224535399,0.5511684125705116,0.0
115846,3.4608910148502474,0.5511684125705076,560,681,1241,0.0,-0.0008333472224535399,0.5511684125705116,0.0
115847,3.460057667627794,0.5511684125705076,560,681,1241,0.0,-0.0008333472224535399,0.5511684125705116,0.0
115848,3.4592243204053403,0.5511684125705076,560,681,1241,0.0,-0.0008333472224535399,0.5511684125705116,0.0
115849,3.458390973182887,0.5511684125705076,560,681,1241,0.0,-0.0008333472224535399,0.5511684125705116,0.0
115850,3.4575576259604333,0.5511684125705076,560,681,1241,0.0,-0.0008333472224535399,0.5511684125705116,0.0
115851,3.4567242787379797,0.5511684125705076,560,681,1241,0.0,-0.0008333472224535399,0.5511684125705116,0.0
115852,3.455890931515526,0.5511684125705076,560,681,1241,0.0,-0.0008333472224535399,0.5511684125705116,0.0
115853,3.4550575842930726,0.5511684125705076,560,681,1241,0.0,-0.0008333472224535399,0.5511684125705116,0.0
115854,3.454224237070619,0.5511684125705076,560,681,1241,0.0,-0.0008333472224535399,0.5511684125705116,0.0
115855,3.4533908898481656,0.5511684125705076,560,681,1241,0.0,-0.0008333472224535399,0.5511684125705116,0.0
115856,3.452557542625705,0.5511684125705076,560,681,1241,0.0,-0.0008333472224606453,0.5511684125705116,0.0
115857,3.4517241954032514,0.5511684125705076,560,681,1241,0.0,-0.0008333472224535399,0.5511684125705116,0.0
115858,3.450890848180798,0.5511684125705076,560,681,1241,0.0,-0.0008333472224535399,0.5511684125705116,0.0
115859,3.4500575009583443,0.5511684125705076,560,681,1241,0.0,-0.0008333472224535399,0.5511684125705116,0.0
115860,3.4492241537358908,0.5511684125705076,560,681,1241,0.0,-0.0008333472224535399,0.5511684125705116,0.0
115861,3.448390806513437,0.5511684125705076,560,681,1241,0.0,-0.0008333472224535399,0.5511684125705116,0.0
115862,3.4475574592909837,0.5511684125705076,560,681,1241,0.0,-0.0008333472224535399,0.5511684125705116,0.0
115863,3.44672411206853,0.5511684125705076,560,681,1241,0.0,-0.0008333472224535399,0.5511684125705116,0.0
115864,3.4458907648460766,0.5511684125705076,560,681,1241,0.0,-0.0008333472224535399,0.5511684125705116,0.0
115865,3.445057417623623,0.5511684125705076,560,681,1241,0.0,-0.0008333472224535399,0.5511684125705116,0.0
115866,3.4442240704011695,0.5511684125705076,560,681,1241,0.0,-0.0008333472224535399,0.5511684125705116,0.0
115867,3.443390723178716,0.5511684125705076,560,681,1241,0.0,-0.0008333472224535399,0.5511684125705116,0.0
115868,3.4425573759562624,0.5511684125705076,560,681,1241,0.0,-0.0008333472224535399,0.5511684125705116,0.0
115869,3.441724028733809,0.5511684125705076,560,681,1241,0.0,-0.0008333472224535399,0.5511684125705116,0.0
115870,3.4408906815113554,0.5511684125705076,560,681,1241,0.0,-0.0008333472224535399,0.5511684125705116,0.0
115871,3.440057334288902,0.5511684125705076,560,681,1241,0.0,-0.0008333472224535399,0.5511684125705116,0.0
115872,3.4392239870664483,0.5511684125705076,560,681,1241,0.0,-0.0008333472224535399,0.5511684125705116,0.0
115873,3.4383906398439947,0.5511684125705076,560,681,1241,0.0,-0.0008333472224535399,0.5511684125705116,0.0
115874,3.437557292621541,0.5511684125705076,560,681,1241,0.0,-0.0008333472224535399,0.5511684125705116,0.0
115875,3.4367239453990877,0.5511684125705076,560,681,1241,0.0,-0.0008333472224535399,0.5511684125705116,0.0
115876,3.435890598176634,0.5511684125705076,560,681,1241,0.0,-0.0008333472224535399,0.5511684125705116,0.0
115877,3.4350572509541806,0.5511684125705076,560,681,1241,0.0,-0.0008333472224535399,0.5511684125705116,0.0
115878,3.434223903731727,0.5511684125705076,560,681,1241,0.0,-0.0008333472224535399,0.5511684125705116,0.0
115879,3.4333905565092735,0.5511684125705076,560,681,1241,0.0,-0.0008333472224535399,0.5511684125705116,0.0
115880,3.43255720928682,0.5511684125705076,560,681,1241,0.0,-0.0008333472224535399,0.5511684125705116,0.0
115881,3.4317238620643664,0.5519742143432715,560,681,1241,0.0008058017727639033,-0.0008333472224535399,0.5512489927477879,8.058017727639034e-05
115882,3.430890514841913,0.5519742143432715,560,681,1241,0.0,-0.0008333472224535399,0.5513295729250643,8.058017727639034e-05
115883,3.4300571676194593,0.5519742143432715,560,681,1241,0.0,-0.0008333472224535399,0.5514101531023406,8.058017727639034e-05
115884,3.429223820397006,0.5519742143432715,560,681,1241,0.0,-0.0008333472224535399,0.5514907332796171,8.058017727639034e-05
115885,3.4283904731745523,0.5519742143432715,560,681,1241,0.0,-0.0008333472224535399,0.5515713134568934,8.058017727639034e-05
115886,3.4275571259520987,0.5519742143432715,560,681,1241,0.0,-0.0008333472224535399,0.5516518936341697,8.058017727639034e-05
115887,3.426723778729645,0.5519742143432715,560,681,1241,0.0,-0.0008333472224535399,0.5517324738114461,8.058017727639034e-05
115888,3.4258904315071916,0.5519742143432715,560,681,1241,0.0,-0.0008333472224535399,0.5518130539887224,8.058017727639034e-05
115889,3.425057084284738,0.5519742143432715,560,681,1241,0.0,-0.0008333472224535399,0.5518936341659988,8.058017727639034e-05
115890,3.4242237370622846,0.5519742143432715,560,681,1241,0.0,-0.0008333472224535399,0.5519742143432751,8.058017727639034e-05
115891,3.423390389839831,0.5519742143432715,560,681,1241,0.0,-0.0008333472224535399,0.5519742143432751,0.0
115892,3.4225570426173775,0.5519742143432715,560,681,1241,0.0,-0.0008333472224535399,0.5519742143432751,0.0
115893,3.421723695394924,0.5519742143432715,560,681,1241,0.0,-0.0008333472224535399,0.5519742143432751,0.0
115894,3.4208903481724704,0.5519742143432715,560,681,1241,0.0,-0.0008333472224535399,0.5519742143432751,0.0
115895,3.420057000950017,0.5519742143432715,560,681,1241,0.0,-0.0008333472224535399,0.5519742143432751,0.0
115896,3.4192236537275633,0.5519742143432715,560,681,1241,0.0,-0.0008333472224535399,0.5519742143432751,0.0
115897,3.4183903065051098,0.5511684125705076,560,681,1241,-0.0008058017727639033,-0.0008333472224535399,0.5518936341659988,-8.058017727639034e-05
115898,3.4175569592826562,0.5511684125705076,560,681,1241,0.0,-0.0008333472224535399,0.5518130539887224,-8.058017727639034e-05
115899,3.4167236120601956,0.5511684125705076,560,681,1241,0.0,-0.0008333472224606453,0.5517324738114461,-8.058017727639034e-05
115900,3.415890264837742,0.5511684125705076,560,681,1241,0.0,-0.0008333472224535399,0.5516518936341697,-8.058017727639034e-05
115901,3.4150569176152885,0.5511684125705076,560,681,1241,0.0,-0.0008333472224535399,0.5515713134568934,-8.058017727639034e-05
115902,3.414223570392835,0.5511684125705076,560,681,1241,0.0,-0.0008333472224535399,0.5514907332796171,-8.058017727639034e-05
115903,3.4133902231703814,0.5511684125705076,560,681,1241,0.0,-0.0008333472224535399,0.5514101531023406,-8.058017727639034e-05
115904,3.412556875947928,0.5511684125705076,560,681,1241,0.0,-0.0008333472224535399,0.5513295729250643,-8.058017727639034e-05
115905,3.4117235287254744,0.5511684125705076,560,681,1241,0.0,-0.0008333472224535399,0.5512489927477879,-8.058017727639034e-05
115906,3.410890181503021,0.5511684125705076,560,681,1241,0.0,-0.0008333472224535399,0.5511684125705116,-8.058017727639034e-05
115907,3.4100568342805673,0.5511684125705076,560,681,1241,0.0,-0.0008333472224535399,0.5511684125705116,0.0
115908,3.4092234870581137,0.5511684125705076,560,681,1241,0.0,-0.0008333472224535399,0.5511684125705116,0.0
115909,3.40839013983566,0.5511684125705076,560,681,1241,0.0,-0.0008333472224535399,0.5511684125705116,0.0
115910,3.4075567926132067,0.5511684125705076,560,681,1241,0.0,-0.0008333472224535399,0.5511684125705116,0.0
115911,3.406723445390753,0.5511684125705076,560,681,1241,0.0,-0.0008333472224535399,0.5511684125705116,0.0
115912,3.4058900981682996,0.5511684125705076,560,681,1241,0.0,-0.0008333472224535399,0.5511684125705116,0.0
115913,3.405056750945846,0.5511684125705076,560,681,1241,0.0,-0.0008333472224535399,0.5511684125705116,0.0
115914,3.4042234037233925,0.5511684125705076,560,681,1241,0.0,-0.0008333472224535399,0.5511684125705116,0.0
115915,3.403390056500939,0.5511684125705076,560,681,1241,0.0,-0.0008333472224535399,0.5511684125705116,0.0
115916,3.4025567092784854,0.5511684125705076,560,681,1241,0.0,-0.0008333472224535399,0.5511684125705116,0.0
115917,3.401723362056032,0.5511684125705076,560,681,1241,0.0,-0.0008333472224535399,0.5511684125705116,0.0
115918,3.4008900148335783,0.5511684125705076,560,681,1241,0.0,-0.0008333472224535399,0.5511684125705116,0.0
115919,3.400056667611125,0.5511684125705076,560,681,1241,0.0,-0.0008333472224535399,0.5511684125705116,0.0
115920,3.3992233203886713,0.5511684125705076,560,681,1241,0.0,-0.0008333472224535399,0.5511684125705116,0.0
115921,3.3983899731662177,0.5511684125705076,560,681,1241,0.0,-0.0008333472224535399,0.5511684125705116,0.0
115922,3.397556625943764,0.5511684125705076,560,681,1241,0.0,-0.0008333472224535399,0.5511684125705116,0.0
115923,3.3967232787213106,0.5511684125705076,560,681,1241,0.0,-0.0008333472224535399,0.5511684125705116,0.0
115924,3.395889931498857,0.5511684125705076,560,681,1241,0.0,-0.0008333472224535399,0.5511684125705116,0.0
115925,3.3950565842764036,0.5511684125705076,560,681,1241,0.0,-0.0008333472224535399,0.5511684125705116,0.0
115926,3.39422323705395,0.5511684125705076,560,681,1241,0.0,-0.0008333472224535399,0.5511684125705116,0.0
115927,3.3933898898314965,0.5511684125705076,560,681,1241,0.0,-0.0008333472224535399,0.5511684125705116,0.0
115928,3.392556542609043,0.5511684125705076,560,681,1241,0.0,-0.0008333472224535399,0.5511684125705116,0.0
115929,3.3917231953865894,0.5511684125705076,560,681,1241,0.0,-0.0008333472224535399,0.5511684125705116,0.0
115930,3.390889848164136,0.5511684125705076,560,681,1241,0.0,-0.0008333472224535399,0.5511684125705116,0.0
115931,3.3900565009416823,0.5511684125705076,560,681,1241,0.0,-0.0008333472224535399,0.5511684125705116,0.0
115932,3.3892231537192288,0.5511684125705076,560,681,1241,0.0,-0.0008333472224535399,0.5511684125705116,0.0
115933,3.3883898064967752,0.5511684125705076,560,681,1241,0.0,-0.0008333472224535399,0.5511684125705116,0.0
115934,3.3875564592743217,0.5511684125705076,560,681,1241,0.0,-0.0008333472224535399,0.5511684125705116,0.0
115935,3.386723112051868,0.5511684125705076,560,681,1241,0.0,-0.0008333472224535399,0.5511684125705116,0.0
115936,3.3858897648294146,0.5511684125705076,560,681,1241,0.0,-0.0008333472224535399,0.5511684125705116,0.0
115937,3.385056417606961,0.5511684125705076,560,681,1241,0.0,-0.0008333472224535399,0.5511684125705116,0.0
115938,3.3842230703845075,0.5511684125705076,560,681,1241,0.0,-0.0008333472224535399,0.5511684125705116,0.0
115939,3.383389723162054,0.5511684125705076,560,681,1241,0.0,-0.0008333472224535399,0.5511684125705116,0.0
115940,3.3825563759396005,0.5511684125705076,560,681,1241,0.0,-0.0008333472224535399,0.5511684125705116,0.0
115941,3.38172302871714,0.5511684125705076,560,681,1241,0.0,-0.0008333472224606453,0.5511684125705116,0.0
115942,3.3808896814946863,0.5511684125705076,560,681,1241,0.0,-0.0008333472224535399,0.5511684125705116,0.0
115943,3.3800563342722327,0.5511684125705076,560,681,1241,0.0,-0.0008333472224535399,0.5511684125705116,0.0
115944,3.379222987049779,0.5511684125705076,560,681,1241,0.0,-0.0008333472224535399,0.5511684125705116,0.0
115945,3.3783896398273257,0.5511684125705076,560,681,1241,0.0,-0.0008333472224535399,0.5511684125705116,0.0
115946,3.377556292604872,0.5511684125705076,560,681,1241,0.0,-0.0008333472224535399,0.5511684125705116,0.0
115947,3.3767229453824186,0.5511684125705076,560,681,1241,0.0,-0.0008333472224535399,0.5511684125705116,0.0
115948,3.375889598159965,0.5511684125705076,560,681,1241,0.0,-0.0008333472224535399,0.5511684125705116,0.0
115949,3.3750562509375115,0.5511684125705076,560,681,1241,0.0,-0.0008333472224535399,0.5511684125705116,0.0
115950,3.374222903715058,0.5511684125705076,560,681,1241,0.0,-0.0008333472224535399,0.5511684125705116,0.0
115951,3.3733895564926044,0.5511684125705076,560,681,1241,0.0,-0.0008333472224535399,0.5511684125705116,0.0
115952,3.372556209270151,0.5511684125705076,560,681,1241,0.0,-0.0008333472224535399,0.5511684125705116,0.0
115953,3.3717228620476973,0.5511684125705076,560,681,1241,0.0,-0.0008333472224535399,0.5511684125705116,0.0
115954,3.370889514825244,0.5511684125705076,560,681,1241,0.0,-0.0008333472224535399,0.5511684125705116,0.0
115955,3.3700561676027903,0.5511684125705076,560,681,1241,0.0,-0.0008333472224535399,0.5511684125705116,0.0
115956,3.3692228203803367,0.5511684125705076,560,681,1241,0.0,-0.0008333472224535399,0.5511684125705116,0.0
115957,3.368389473157883,0.5511684125705076,560,681,1241,0.0,-0.0008333472224535399,0.5511684125705116,0.0
115958,3.3675561259354296,0.5511684125705076,560,681,1241,0.0,-0.0008333472224535399,0.5511684125705116,0.0
115959,3.366722778712976,0.5511684125705076,560,681,1241,0.0,-0.0008333472224535399,0.5511684125705116,0.0
115960,3.3658894314905226,0.5511684125705076,560,681,1241,0.0,-0.0008333472224535399,0.5511684125705116,0.0
115961,3.365056084268069,0.5511684125705076,560,681,1241,0.0,-0.0008333472224535399,0.5511684125705116,0.0
115962,3.3642227370456155,0.5511684125705076,560,681,1241,0.0,-0.0008333472224535399,0.5511684125705116,0.0
115963,3.363389389823162,0.5511684125705076,560,681,1241,0.0,-0.0008333472224535399,0.5511684125705116,0.0
115964,3.3625560426007084,0.5511684125705076,560,681,1241,0.0,-0.0008333472224535399,0.5511684125705116,0.0
115965,3.361722695378255,0.5511684125705076,560,681,1241,0.0,-0.0008333472224535399,0.5511684125705116,0.0
115966,3.3608893481558013,0.5511684125705076,560,681,1241,0.0,-0.0008333472224535399,0.5511684125705116,0.0
115967,3.3600560009333478,0.5511684125705076,560,681,1241,0.0,-0.0008333472224535399,0.5511684125705116,0.0
115968,3.3592226537108942,0.5511684125705076,560,681,1241,0.0,-0.0008333472224535399,0.5511684125705116,0.0
115969,3.3583893064884407,0.5511684125705076,560,681,1241,0.0,-0.0008333472224535399,0.5511684125705116,0.0
115970,3.357555959265987,0.5511684125705076,560,681,1241,0.0,-0.0008333472224535399,0.5511684125705116,0.0
115971,3.3567226120435336,0.5511684125705076,560,681,1241,0.0,-0.0008333472224535399,0.5511684125705116,0.0
115972,3.35588926482108,0.5511684125705076,560,681,1241,0.0,-0.0008333472224535399,0.5511684125705116,0.0
115973,3.3550559175986265,0.5511684125705076,560,681,1241,0.0,-0.0008333472224535399,0.5511684125705116,0.0
115974,3.354222570376173,0.5511684125705076,560,681,1241,0.0,-0.0008333472224535399,0.5511684125705116,0.0
115975,3.3533892231537195,0.5511684125705076,560,681,1241,0.0,-0.0008333472224535399,0.5511684125705116,0.0
115976,3.352555875931266,0.5511684125705076,560,681,1241,0.0,-0.0008333472224535399,0.5511684125705116,0.0
115977,3.3517225287088124,0.5511684125705076,560,681,1241,0.0,-0.0008333472224535399,0.5511684125705116,0.0
115978,3.350889181486359,0.5511684125705076,560,681,1241,0.0,-0.0008333472224535399,0.5511684125705116,0.0
115979,3.3500558342639053,0.5511684125705076,560,681,1241,0.0,-0.0008333472224535399,0.5511684125705116,0.0
115980,3.3492224870414518,0.5511684125705076,560,681,1241,0.0,-0.0008333472224535399,0.5511684125705116,0.0
115981,3.348389139818998,0.5511684125705076,560,681,1241,0.0,-0.0008333472224535399,0.5511684125705116,0.0
115982,3.3475557925965447,0.5511684125705076,560,681,1241,0.0,-0.0008333472224535399,0.5511684125705116,0.0
115983,3.346722445374091,0.5511684125705076,560,681,1241,0.0,-0.0008333472224535399,0.5511684125705116,0.0
115984,3.3458890981516305,0.5511684125705076,560,681,1241,0.0,-0.0008333472224606453,0.5511684125705116,0.0
115985,3.345055750929177,0.5511684125705076,560,681,1241,0.0,-0.0008333472224535399,0.5511684125705116,0.0
115986,3.3442224037067234,0.5511684125705076,560,681,1241,0.0,-0.0008333472224535399,0.5511684125705116,0.0
115987,3.34338905648427,0.5511684125705076,560,681,1241,0.0,-0.0008333472224535399,0.5511684125705116,0.0
115988,3.3425557092618163,0.5511684125705076,560,681,1241,0.0,-0.0008333472224535399,0.5511684125705116,0.0
115989,3.341722362039363,0.5511684125705076,560,681,1241,0.0,-0.0008333472224535399,0.5511684125705116,0.0
115990,3.3408890148169093,0.5511684125705076,560,681,1241,0.0,-0.0008333472224535399,0.5511684125705116,0.0
115991,3.3400556675944557,0.5511684125705076,560,681,1241,0.0,-0.0008333472224535399,0.5511684125705116,0.0
115992,3.339222320372002,0.5511684125705076,560,681,1241,0.0,-0.0008333472224535399,0.5511684125705116,0.0
115993,3.3383889731495486,0.5511684125705076,560,681,1241,0.0,-0.0008333472224535399,0.5511684125705116,0.0
115994,3.337555625927095,0.5511684125705076,560,681,1241,0.0,-0.0008333472224535399,0.5511684125705116,0.0
115995,3.3367222787046416,0.5511684125705076,560,681,1241,0.0,-0.0008333472224535399,0.5511684125705116,0.0
115996,3.335888931482188,0.5511684125705076,560,681,1241,0.0,-0.0008333472224535399,0.5511684125705116,0.0
115997,3.3350555842597345,0.5511684125705076,560,681,1241,0.0,-0.0008333472224535399,0.5511684125705116,0.0
115998,3.334222237037281,0.5511684125705076,560,681,1241,0.0,-0.0008333472224535399,0.5511684125705116,0.0
115999,3.3333888898148274,0.5511684125705076,560,681,1241,0.0,-0.0008333472224535399,0.5511684125705116,0.0
116000,3.332555542592374,0.5511684125705076,560,681,1241,0.0,-0.0008333472224535399,0.5511684125705116,0.0
116001,3.3317221953699203,0.5511684125705076,560,681,1241,0.0,-0.0008333472224535399,0.5511684125705116,0.0
116002,3.3308888481474668,0.5511684125705076,560,681,1241,0.0,-0.0008333472224535399,0.5511684125705116,0.0
116003,3.3300555009250132,0.5511684125705076,560,681,1241,0.0,-0.0008333472224535399,0.5511684125705116,0.0
116004,3.3292221537025597,0.5511684125705076,560,681,1241,0.0,-0.0008333472224535399,0.5511684125705116,0.0
116005,3.328388806480106,0.5511684125705076,560,681,1241,0.0,-0.0008333472224535399,0.5511684125705116,0.0
116006,3.3275554592576526,0.5511684125705076,560,681,1241,0.0,-0.0008333472224535399,0.5511684125705116,0.0
116007,3.326722112035199,0.5511684125705076,560,681,1241,0.0,-0.0008333472224535399,0.5511684125705116,0.0
116008,3.3258887648127455,0.5511684125705076,560,681,1241,0.0,-0.0008333472224535399,0.5511684125705116,0.0
116009,3.325055417590292,0.5511684125705076,560,681,1241,0.0,-0.0008333472224535399,0.5511684125705116,0.0
116010,3.3242220703678385,0.5511684125705076,560,681,1241,0.0,-0.0008333472224535399,0.5511684125705116,0.0
116011,3.323388723145385,0.5511684125705076,560,681,1241,0.0,-0.0008333472224535399,0.5511684125705116,0.0
116012,3.3225553759229314,0.5511684125705076,560,681,1241,0.0,-0.0008333472224535399,0.5511684125705116,0.0
116013,3.321722028700478,0.5511684125705076,560,681,1241,0.0,-0.0008333472224535399,0.5511684125705116,0.0
116014,3.3208886814780243,0.5511684125705076,560,681,1241,0.0,-0.0008333472224535399,0.5511684125705116,0.0
116015,3.3200553342555708,0.5511684125705076,560,681,1241,0.0,-0.0008333472224535399,0.5511684125705116,0.0
116016,3.319221987033117,0.5511684125705076,560,681,1241,0.0,-0.0008333472224535399,0.5511684125705116,0.0
116017,3.3183886398106637,0.5511684125705076,560,681,1241,0.0,-0.0008333472224535399,0.5511684125705116,0.0
116018,3.31755529258821,0.5511684125705076,560,681,1241,0.0,-0.0008333472224535399,0.5511684125705116,0.0
116019,3.3167219453657566,0.5511684125705076,560,681,1241,0.0,-0.0008333472224535399,0.5511684125705116,0.0
116020,3.315888598143303,0.5511684125705076,560,681,1241,0.0,-0.0008333472224535399,0.5511684125705116,0.0
116021,3.3150552509208495,0.5511684125705076,560,681,1241,0.0,-0.0008333472224535399,0.5511684125705116,0.0
116022,3.314221903698396,0.5511684125705076,560,681,1241,0.0,-0.0008333472224535399,0.5511684125705116,0.0
116023,3.3133885564759424,0.5511684125705076,560,681,1241,0.0,-0.0008333472224535399,0.5511684125705116,0.0
116024,3.312555209253489,0.5511684125705076,560,681,1241,0.0,-0.0008333472224535399,0.5511684125705116,0.0
116025,3.3117218620310354,0.5511684125705076,560,681,1241,0.0,-0.0008333472224535399,0.5511684125705116,0.0
116026,3.3108885148085747,0.5511684125705076,560,681,1241,0.0,-0.0008333472224606453,0.5511684125705116,0.0
116027,3.310055167586121,0.5511684125705076,560,681,1241,0.0,-0.0008333472224535399,0.5511684125705116,0.0
116028,3.3092218203636676,0.5511684125705076,560,681,1241,0.0,-0.0008333472224535399,0.5511684125705116,0.0
116029,3.308388473141214,0.5511684125705076,560,681,1241,0.0,-0.0008333472224535399,0.5511684125705116,0.0
116030,3.3075551259187606,0.5511684125705076,560,681,1241,0.0,-0.0008333472224535399,0.5511684125705116,0.0
116031,3.306721778696307,0.5511684125705076,560,681,1241,0.0,-0.0008333472224535399,0.5511684125705116,0.0
116032,3.3058884314738535,0.5511684125705076,560,681,1241,0.0,-0.0008333472224535399,0.5511684125705116,0.0
116033,3.3050550842514,0.5511684125705076,560,681,1241,0.0,-0.0008333472224535399,0.5511684125705116,0.0
116034,3.3042217370289464,0.5511684125705076,560,681,1241,0.0,-0.0008333472224535399,0.5511684125705116,0.0
116035,3.303388389806493,0.5511684125705076,560,681,1241,0.0,-0.0008333472224535399,0.5511684125705116,0.0
116036,3.3025550425840393,0.5511684125705076,560,681,1241,0.0,-0.0008333472224535399,0.5511684125705116,0.0
116037,3.3017216953615858,0.5511684125705076,560,681,1241,0.0,-0.0008333472224535399,0.5511684125705116,0.0
116038,3.3008883481391322,0.5511684125705076,560,681,1241,0.0,-0.0008333472224535399,0.5511684125705116,0.0
116039,3.3000550009166787,0.5511684125705076,560,681,1241,0.0,-0.0008333472224535399,0.5511684125705116,0.0
116040,3.299221653694225,0.5511684125705076,560,681,1241,0.0,-0.0008333472224535399,0.5511684125705116,0.0
116041,3.2983883064717716,0.5511684125705076,560,681,1241,0.0,-0.0008333472224535399,0.5511684125705116,0.0
116042,3.297554959249318,0.5511684125705076,560,681,1241,0.0,-0.0008333472224535399,0.5511684125705116,0.0
116043,3.2967216120268645,0.5511684125705076,560,681,1241,0.0,-0.0008333472224535399,0.5511684125705116,0.0
116044,3.295888264804411,0.5511684125705076,560,681,1241,0.0,-0.0008333472224535399,0.5511684125705116,0.0
116045,3.2950549175819575,0.5511684125705076,560,681,1241,0.0,-0.0008333472224535399,0.5511684125705116,0.0
116046,3.294221570359504,0.5511684125705076,560,681,1241,0.0,-0.0008333472224535399,0.5511684125705116,0.0
116047,3.2933882231370504,0.5511684125705076,560,681,1241,0.0,-0.0008333472224535399,0.5511684125705116,0.0
116048,3.292554875914597,0.5511684125705076,560,681,1241,0.0,-0.0008333472224535399,0.5511684125705116,0.0
116049,3.2917215286921433,0.5511684125705076,560,681,1241,0.0,-0.0008333472224535399,0.5511684125705116,0.0
116050,3.2908881814696898,0.5511684125705076,560,681,1241,0.0,-0.0008333472224535399,0.5511684125705116,0.0
116051,3.290054834247236,0.5511684125705076,560,681,1241,0.0,-0.0008333472224535399,0.5511684125705116,0.0
116052,3.2892214870247827,0.5511684125705076,560,681,1241,0.0,-0.0008333472224535399,0.5511684125705116,0.0
116053,3.288388139802329,0.5511684125705076,560,681,1241,0.0,-0.0008333472224535399,0.5511684125705116,0.0
116054,3.2875547925798756,0.5511684125705076,560,681,1241,0.0,-0.0008333472224535399,0.5511684125705116,0.0
116055,3.286721445357422,0.5511684125705076,560,681,1241,0.0,-0.0008333472224535399,0.5511684125705116,0.0
116056,3.2858880981349685,0.5511684125705076,560,681,1241,0.0,-0.0008333472224535399,0.5511684125705116,0.0
116057,3.285054750912515,0.5511684125705076,560,681,1241,0.0,-0.0008333472224535399,0.5511684125705116,0.0
116058,3.2842214036900614,0.5511684125705076,560,681,1241,0.0,-0.0008333472224535399,0.5511684125705116,0.0
116059,3.283388056467608,0.5511684125705076,560,681,1241,0.0,-0.0008333472224535399,0.5511684125705116,0.0
116060,3.2825547092451544,0.5511684125705076,560,681,1241,0.0,-0.0008333472224535399,0.5511684125705116,0.0
116061,3.281721362022701,0.5511684125705076,560,681,1241,0.0,-0.0008333472224535399,0.5511684125705116,0.0
116062,3.2808880148002473,0.5511684125705076,560,681,1241,0.0,-0.0008333472224535399,0.5511684125705116,0.0
116063,3.2800546675777937,0.5511684125705076,560,681,1241,0.0,-0.0008333472224535399,0.5511684125705116,0.0
116064,3.27922132035534,0.5511684125705076,560,681,1241,0.0,-0.0008333472224535399,0.5511684125705116,0.0
116065,3.2783879731328867,0.5511684125705076,560,681,1241,0.0,-0.0008333472224535399,0.5511684125705116,0.0
116066,3.277554625910433,0.5511684125705076,560,681,1241,0.0,-0.0008333472224535399,0.5511684125705116,0.0
116067,3.2767212786879796,0.5511684125705076,560,681,1241,0.0,-0.0008333472224535399,0.5511684125705116,0.0
116068,3.275887931465519,0.5511684125705076,560,681,1241,0.0,-0.0008333472224606453,0.5511684125705116,0.0
116069,3.2750545842430654,0.5511684125705076,560,681,1241,0.0,-0.0008333472224535399,0.5511684125705116,0.0
116070,3.274221237020612,0.5511684125705076,560,681,1241,0.0,-0.0008333472224535399,0.5511684125705116,0.0
116071,3.2733878897981583,0.5511684125705076,560,681,1241,0.0,-0.0008333472224535399,0.5511684125705116,0.0
116072,3.2725545425757048,0.5511684125705076,560,681,1241,0.0,-0.0008333472224535399,0.5511684125705116,0.0
116073,3.2717211953532512,0.5511684125705076,560,681,1241,0.0,-0.0008333472224535399,0.5511684125705116,0.0
116074,3.2708878481307977,0.5511684125705076,560,681,1241,0.0,-0.0008333472224535399,0.5511684125705116,0.0
116075,3.270054500908344,0.5511684125705076,560,681,1241,0.0,-0.0008333472224535399,0.5511684125705116,0.0
116076,3.2692211536858906,0.5511684125705076,560,681,1241,0.0,-0.0008333472224535399,0.5511684125705116,0.0
116077,3.268387806463437,0.5511684125705076,560,681,1241,0.0,-0.0008333472224535399,0.5511684125705116,0.0
116078,3.2675544592409835,0.5511684125705076,560,681,1241,0.0,-0.0008333472224535399,0.5511684125705116,0.0
116079,3.26672111201853,0.5511684125705076,560,681,1241,0.0,-0.0008333472224535399,0.5511684125705116,0.0
116080,3.2658877647960765,0.5511684125705076,560,681,1241,0.0,-0.0008333472224535399,0.5511684125705116,0.0
116081,3.265054417573623,0.5511684125705076,560,681,1241,0.0,-0.0008333472224535399,0.5511684125705116,0.0
116082,3.2642210703511694,0.5511684125705076,560,681,1241,0.0,-0.0008333472224535399,0.5511684125705116,0.0
116083,3.263387723128716,0.5511684125705076,560,681,1241,0.0,-0.0008333472224535399,0.5511684125705116,0.0
116084,3.2625543759062623,0.5511684125705076,560,681,1241,0.0,-0.0008333472224535399,0.5511684125705116,0.0
116085,3.2617210286838088,0.5511684125705076,560,681,1241,0.0,-0.0008333472224535399,0.5511684125705116,0.0
116086,3.260887681461355,0.5511684125705076,560,681,1241,0.0,-0.0008333472224535399,0.5511684125705116,0.0
116087,3.2600543342389017,0.5511684125705076,560,681,1241,0.0,-0.0008333472224535399,0.5511684125705116,0.0
116088,3.259220987016448,0.5511684125705076,560,681,1241,0.0,-0.0008333472224535399,0.5511684125705116,0.0
116089,3.2583876397939946,0.5511684125705076,560,681,1241,0.0,-0.0008333472224535399,0.5511684125705116,0.0
116090,3.257554292571541,0.5511684125705076,560,681,1241,0.0,-0.0008333472224535399,0.5511684125705116,0.0
116091,3.2567209453490875,0.5511684125705076,560,681,1241,0.0,-0.0008333472224535399,0.5511684125705116,0.0
116092,3.255887598126634,0.5511684125705076,560,681,1241,0.0,-0.0008333472224535399,0.5511684125705116,0.0
116093,3.2550542509041804,0.5511684125705076,560,681,1241,0.0,-0.0008333472224535399,0.5511684125705116,0.0
116094,3.254220903681727,0.5511684125705076,560,681,1241,0.0,-0.0008333472224535399,0.5511684125705116,0.0
116095,3.2533875564592734,0.5511684125705076,560,681,1241,0.0,-0.0008333472224535399,0.5511684125705116,0.0
116096,3.25255420923682,0.5511684125705076,560,681,1241,0.0,-0.0008333472224535399,0.5511684125705116,0.0
116097,3.2517208620143663,0.5511684125705076,560,681,1241,0.0,-0.0008333472224535399,0.5511684125705116,0.0
116098,3.2508875147919127,0.5511684125705076,560,681,1241,0.0,-0.0008333472224535399,0.5511684125705116,0.0
116099,3.250054167569459,0.5511684125705076,560,681,1241,0.0,-0.0008333472224535399,0.5511684125705116,0.0
116100,3.2492208203470057,0.5511684125705076,560,681,1241,0.0,-0.0008333472224535399,0.5511684125705116,0.0
116101,3.248387473124552,0.5511684125705076,560,681,1241,0.0,-0.0008333472224535399,0.5511684125705116,0.0
116102,3.2475541259020986,0.5511684125705076,560,681,1241,0.0,-0.0008333472224535399,0.5511684125705116,0.0
116103,3.246720778679645,0.5511684125705076,560,681,1241,0.0,-0.0008333472224535399,0.5511684125705116,0.0
116104,3.2458874314571915,0.5511684125705076,560,681,1241,0.0,-0.0008333472224535399,0.5511684125705116,0.0
116105,3.245054084234738,0.5511684125705076,560,681,1241,0.0,-0.0008333472224535399,0.5511684125705116,0.0
116106,3.2442207370122844,0.5511684125705076,560,681,1241,0.0,-0.0008333472224535399,0.5511684125705116,0.0
116107,3.243387389789831,0.5511684125705076,560,681,1241,0.0,-0.0008333472224535399,0.5511684125705116,0.0
116108,3.2425540425673773,0.5511684125705076,560,681,1241,0.0,-0.0008333472224535399,0.5511684125705116,0.0
116109,3.241720695344924,0.5511684125705076,560,681,1241,0.0,-0.0008333472224535399,0.5511684125705116,0.0
116110,3.2408873481224703,0.5511684125705076,560,681,1241,0.0,-0.0008333472224535399,0.5511684125705116,0.0
116111,3.2400540009000096,0.5511684125705076,560,681,1241,0.0,-0.0008333472224606453,0.5511684125705116,0.0
116112,3.239220653677556,0.5511684125705076,560,681,1241,0.0,-0.0008333472224535399,0.5511684125705116,0.0
116113,3.2383873064551025,0.5511684125705076,560,681,1241,0.0,-0.0008333472224535399,0.5511684125705116,0.0
116114,3.237553959232649,0.5511684125705076,560,681,1241,0.0,-0.0008333472224535399,0.5511684125705116,0.0
116115,3.2367206120101955,0.5511684125705076,560,681,1241,0.0,-0.0008333472224535399,0.5511684125705116,0.0
116116,3.235887264787742,0.5511684125705076,560,681,1241,0.0,-0.0008333472224535399,0.5511684125705116,0.0
116117,3.2350539175652884,0.5511684125705076,560,681,1241,0.0,-0.0008333472224535399,0.5511684125705116,0.0
116118,3.234220570342835,0.5511684125705076,560,681,1241,0.0,-0.0008333472224535399,0.5511684125705116,0.0
116119,3.2333872231203813,0.5511684125705076,560,681,1241,0.0,-0.0008333472224535399,0.5511684125705116,0.0
116120,3.2325538758979278,0.5511684125705076,560,681,1241,0.0,-0.0008333472224535399,0.5511684125705116,0.0
116121,3.231720528675474,0.5511684125705076,560,681,1241,0.0,-0.0008333472224535399,0.5511684125705116,0.0
116122,3.2308871814530207,0.5511684125705076,560,681,1241,0.0,-0.0008333472224535399,0.5511684125705116,0.0
116123,3.230053834230567,0.5511684125705076,560,681,1241,0.0,-0.0008333472224535399,0.5511684125705116,0.0
116124,3.2292204870081136,0.5511684125705076,560,681,1241,0.0,-0.0008333472224535399,0.5511684125705116,0.0
116125,3.22838713978566,0.5511684125705076,560,681,1241,0.0,-0.0008333472224535399,0.5511684125705116,0.0
116126,3.2275537925632065,0.5511684125705076,560,681,1241,0.0,-0.0008333472224535399,0.5511684125705116,0.0
116127,3.226720445340753,0.5511684125705076,560,681,1241,0.0,-0.0008333472224535399,0.5511684125705116,0.0
116128,3.2258870981182994,0.5511684125705076,560,681,1241,0.0,-0.0008333472224535399,0.5511684125705116,0.0
116129,3.225053750895846,0.5511684125705076,560,681,1241,0.0,-0.0008333472224535399,0.5511684125705116,0.0
116130,3.2242204036733924,0.5511684125705076,560,681,1241,0.0,-0.0008333472224535399,0.5511684125705116,0.0
116131,3.223387056450939,0.5511684125705076,560,681,1241,0.0,-0.0008333472224535399,0.5511684125705116,0.0
116132,3.2225537092284853,0.5511684125705076,560,681,1241,0.0,-0.0008333472224535399,0.5511684125705116,0.0
116133,3.2217203620060317,0.5511684125705076,560,681,1241,0.0,-0.0008333472224535399,0.5511684125705116,0.0
116134,3.220887014783578,0.5511684125705076,560,681,1241,0.0,-0.0008333472224535399,0.5511684125705116,0.0
116135,3.2200536675611247,0.5511684125705076,560,681,1241,0.0,-0.0008333472224535399,0.5511684125705116,0.0
116136,3.219220320338671,0.5511684125705076,560,681,1241,0.0,-0.0008333472224535399,0.5511684125705116,0.0
116137,3.2183869731162176,0.5511684125705076,560,681,1241,0.0,-0.0008333472224535399,0.5511684125705116,0.0
116138,3.217553625893764,0.5511684125705076,560,681,1241,0.0,-0.0008333472224535399,0.5511684125705116,0.0
116139,3.2167202786713105,0.5511684125705076,560,681,1241,0.0,-0.0008333472224535399,0.5511684125705116,0.0
116140,3.215886931448857,0.5511684125705076,560,681,1241,0.0,-0.0008333472224535399,0.5511684125705116,0.0
116141,3.2150535842264034,0.5511684125705076,560,681,1241,0.0,-0.0008333472224535399,0.5511684125705116,0.0
116142,3.21422023700395,0.5511684125705076,560,681,1241,0.0,-0.0008333472224535399,0.5511684125705116,0.0
116143,3.2133868897814963,0.5511684125705076,560,681,1241,0.0,-0.0008333472224535399,0.5511684125705116,0.0
116144,3.212553542559043,0.5511684125705076,560,681,1241,0.0,-0.0008333472224535399,0.5511684125705116,0.0
116145,3.2117201953365893,0.5511684125705076,560,681,1241,0.0,-0.0008333472224535399,0.5511684125705116,0.0
116146,3.2108868481141357,0.5511684125705076,560,681,1241,0.0,-0.0008333472224535399,0.5511684125705116,0.0
116147,3.210053500891682,0.5511684125705076,560,681,1241,0.0,-0.0008333472224535399,0.5511684125705116,0.0
116148,3.2092201536692286,0.5511684125705076,560,681,1241,0.0,-0.0008333472224535399,0.5511684125705116,0.0
116149,3.208386806446775,0.5511684125705076,560,681,1241,0.0,-0.0008333472224535399,0.5511684125705116,0.0
116150,3.2075534592243216,0.5511684125705076,560,681,1241,0.0,-0.0008333472224535399,0.5511684125705116,0.0
116151,3.206720112001868,0.5511684125705076,560,681,1241,0.0,-0.0008333472224535399,0.5511684125705116,0.0
116152,3.2058867647794145,0.5511684125705076,560,681,1241,0.0,-0.0008333472224535399,0.5511684125705116,0.0
116153,3.205053417556954,0.5511684125705076,560,681,1241,0.0,-0.0008333472224606453,0.5511684125705116,0.0
116154,3.2042200703345003,0.5511684125705076,560,681,1241,0.0,-0.0008333472224535399,0.5511684125705116,0.0
116155,3.2033867231120468,0.5511684125705076,560,681,1241,0.0,-0.0008333472224535399,0.5511684125705116,0.0
116156,3.202553375889593,0.5511684125705076,560,681,1241,0.0,-0.0008333472224535399,0.5511684125705116,0.0
116157,3.2017200286671397,0.5511684125705076,560,681,1241,0.0,-0.0008333472224535399,0.5511684125705116,0.0
116158,3.200886681444686,0.5511684125705076,560,681,1241,0.0,-0.0008333472224535399,0.5511684125705116,0.0
116159,3.2000533342222326,0.5511684125705076,560,681,1241,0.0,-0.0008333472224535399,0.5511684125705116,0.0
116160,3.199219986999779,0.5511684125705076,560,681,1241,0.0,-0.0008333472224535399,0.5511684125705116,0.0
116161,3.1983866397773255,0.5511684125705076,560,681,1241,0.0,-0.0008333472224535399,0.5511684125705116,0.0
116162,3.197553292554872,0.5511684125705076,560,681,1241,0.0,-0.0008333472224535399,0.5511684125705116,0.0
116163,3.1967199453324184,0.5511684125705076,560,681,1241,0.0,-0.0008333472224535399,0.5511684125705116,0.0
116164,3.195886598109965,0.5511684125705076,560,681,1241,0.0,-0.0008333472224535399,0.5511684125705116,0.0
116165,3.1950532508875114,0.5511684125705076,560,681,1241,0.0,-0.0008333472224535399,0.5511684125705116,0.0
116166,3.194219903665058,0.5511684125705076,560,681,1241,0.0,-0.0008333472224535399,0.5511684125705116,0.0
116167,3.1933865564426043,0.5511684125705076,560,681,1241,0.0,-0.0008333472224535399,0.5511684125705116,0.0
116168,3.1925532092201507,0.5511684125705076,560,681,1241,0.0,-0.0008333472224535399,0.5511684125705116,0.0
116169,3.191719861997697,0.5511684125705076,560,681,1241,0.0,-0.0008333472224535399,0.5511684125705116,0.0
116170,3.1908865147752437,0.5511684125705076,560,681,1241,0.0,-0.0008333472224535399,0.5511684125705116,0.0
116171,3.19005316755279,0.5511684125705076,560,681,1241,0.0,-0.0008333472224535399,0.5511684125705116,0.0
116172,3.1892198203303366,0.5511684125705076,560,681,1241,0.0,-0.0008333472224535399,0.5511684125705116,0.0
116173,3.188386473107883,0.5511684125705076,560,681,1241,0.0,-0.0008333472224535399,0.5511684125705116,0.0
116174,3.1875531258854295,0.5511684125705076,560,681,1241,0.0,-0.0008333472224535399,0.5511684125705116,0.0
116175,3.186719778662976,0.5511684125705076,560,681,1241,0.0,-0.0008333472224535399,0.5511684125705116,0.0
116176,3.1858864314405224,0.5511684125705076,560,681,1241,0.0,-0.0008333472224535399,0.5511684125705116,0.0
116177,3.185053084218069,0.5511684125705076,560,681,1241,0.0,-0.0008333472224535399,0.5511684125705116,0.0
116178,3.1842197369956153,0.5511684125705076,560,681,1241,0.0,-0.0008333472224535399,0.5511684125705116,0.0
116179,3.183386389773162,0.5511684125705076,560,681,1241,0.0,-0.0008333472224535399,0.5511684125705116,0.0
116180,3.1825530425507083,0.5511684125705076,560,681,1241,0.0,-0.0008333472224535399,0.5511684125705116,0.0
116181,3.1817196953282547,0.5511684125705076,560,681,1241,0.0,-0.0008333472224535399,0.5511684125705116,0.0
116182,3.180886348105801,0.5511684125705076,560,681,1241,0.0,-0.0008333472224535399,0.5511684125705116,0.0
116183,3.1800530008833476,0.5511684125705076,560,681,1241,0.0,-0.0008333472224535399,0.5511684125705116,0.0
116184,3.179219653660894,0.5511684125705076,560,681,1241,0.0,-0.0008333472224535399,0.5511684125705116,0.0
116185,3.1783863064384406,0.5511684125705076,560,681,1241,0.0,-0.0008333472224535399,0.5511684125705116,0.0
116186,3.177552959215987,0.5511684125705076,560,681,1241,0.0,-0.0008333472224535399,0.5511684125705116,0.0
116187,3.1767196119935335,0.5511684125705076,560,681,1241,0.0,-0.0008333472224535399,0.5511684125705116,0.0
116188,3.17588626477108,0.5511684125705076,560,681,1241,0.0,-0.0008333472224535399,0.5511684125705116,0.0
116189,3.1750529175486264,0.5511684125705076,560,681,1241,0.0,-0.0008333472224535399,0.5511684125705116,0.0
116190,3.174219570326173,0.5511684125705076,560,681,1241,0.0,-0.0008333472224535399,0.5511684125705116,0.0
116191,3.1733862231037193,0.5511684125705076,560,681,1241,0.0,-0.0008333472224535399,0.5511684125705116,0.0
116192,3.1725528758812658,0.5511684125705076,560,681,1241,0.0,-0.0008333472224535399,0.5511684125705116,0.0
116193,3.1717195286588122,0.5511684125705076,560,681,1241,0.0,-0.0008333472224535399,0.5511684125705116,0.0
116194,3.1708861814363587,0.5511684125705076,560,681,1241,0.0,-0.0008333472224535399,0.5511684125705116,0.0
116195,3.170052834213898,0.5511684125705076,560,681,1241,0.0,-0.0008333472224606453,0.5511684125705116,0.0
116196,3.1692194869914445,0.5511684125705076,560,681,1241,0.0,-0.0008333472224535399,0.5511684125705116,0.0
116197,3.168386139768991,0.5511684125705076,560,681,1241,0.0,-0.0008333472224535399,0.5511684125705116,0.0
116198,3.1675527925465374,0.5511684125705076,560,681,1241,0.0,-0.0008333472224535399,0.5511684125705116,0.0
116199,3.166719445324084,0.5511684125705076,560,681,1241,0.0,-0.0008333472224535399,0.5511684125705116,0.0
116200,3.1658860981016304,0.5511684125705076,560,681,1241,0.0,-0.0008333472224535399,0.5511684125705116,0.0
116201,3.165052750879177,0.5511684125705076,560,681,1241,0.0,-0.0008333472224535399,0.5511684125705116,0.0
116202,3.1642194036567233,0.5511684125705076,560,681,1241,0.0,-0.0008333472224535399,0.5511684125705116,0.0
116203,3.1633860564342697,0.5511684125705076,560,681,1241,0.0,-0.0008333472224535399,0.5511684125705116,0.0
116204,3.162552709211816,0.5511684125705076,560,681,1241,0.0,-0.0008333472224535399,0.5511684125705116,0.0
116205,3.1617193619893627,0.5511684125705076,560,681,1241,0.0,-0.0008333472224535399,0.5511684125705116,0.0
116206,3.160886014766909,0.5511684125705076,560,681,1241,0.0,-0.0008333472224535399,0.5511684125705116,0.0
116207,3.1600526675444556,0.5511684125705076,560,681,1241,0.0,-0.0008333472224535399,0.5511684125705116,0.0
116208,3.159219320322002,0.5511684125705076,560,681,1241,0.0,-0.0008333472224535399,0.5511684125705116,0.0
116209,3.1583859730995485,0.5511684125705076,560,681,1241,0.0,-0.0008333472224535399,0.5511684125705116,0.0
116210,3.157552625877095,0.5511684125705076,560,681,1241,0.0,-0.0008333472224535399,0.5511684125705116,0.0
116211,3.1567192786546414,0.5511684125705076,560,681,1241,0.0,-0.0008333472224535399,0.5511684125705116,0.0
116212,3.155885931432188,0.5511684125705076,560,681,1241,0.0,-0.0008333472224535399,0.5511684125705116,0.0
116213,3.1550525842097343,0.5511684125705076,560,681,1241,0.0,-0.0008333472224535399,0.5511684125705116,0.0
116214,3.154219236987281,0.5511684125705076,560,681,1241,0.0,-0.0008333472224535399,0.5511684125705116,0.0
116215,3.1533858897648273,0.5511684125705076,560,681,1241,0.0,-0.0008333472224535399,0.5511684125705116,0.0
116216,3.1525525425423737,0.5511684125705076,560,681,1241,0.0,-0.0008333472224535399,0.5511684125705116,0.0
116217,3.15171919531992,0.5511684125705076,560,681,1241,0.0,-0.0008333472224535399,0.5511684125705116,0.0
116218,3.1508858480974666,0.5511684125705076,560,681,1241,0.0,-0.0008333472224535399,0.5511684125705116,0.0
116219,3.150052500875013,0.5511684125705076,560,681,1241,0.0,-0.0008333472224535399,0.5511684125705116,0.0
116220,3.1492191536525596,0.5511684125705076,560,681,1241,0.0,-0.0008333472224535399,0.5511684125705116,0.0
116221,3.148385806430106,0.5511684125705076,560,681,1241,0.0,-0.0008333472224535399,0.5511684125705116,0.0
116222,3.1475524592076525,0.5511684125705076,560,681,1241,0.0,-0.0008333472224535399,0.5511684125705116,0.0
116223,3.146719111985199,0.5511684125705076,560,681,1241,0.0,-0.0008333472224535399,0.5511684125705116,0.0
116224,3.1458857647627454,0.5511684125705076,560,681,1241,0.0,-0.0008333472224535399,0.5511684125705116,0.0
116225,3.145052417540292,0.5511684125705076,560,681,1241,0.0,-0.0008333472224535399,0.5511684125705116,0.0
116226,3.1442190703178383,0.5511684125705076,560,681,1241,0.0,-0.0008333472224535399,0.5511684125705116,0.0
116227,3.1433857230953848,0.5511684125705076,560,681,1241,0.0,-0.0008333472224535399,0.5511684125705116,0.0
116228,3.1425523758729312,0.5511684125705076,560,681,1241,0.0,-0.0008333472224535399,0.5511684125705116,0.0
116229,3.1417190286504777,0.5511684125705076,560,681,1241,0.0,-0.0008333472224535399,0.5511684125705116,0.0
116230,3.140885681428024,0.5511684125705076,560,681,1241,0.0,-0.0008333472224535399,0.5511684125705116,0.0
116231,3.1400523342055706,0.5511684125705076,560,681,1241,0.0,-0.0008333472224535399,0.5511684125705116,0.0
116232,3.139218986983117,0.5511684125705076,560,681,1241,0.0,-0.0008333472224535399,0.5511684125705116,0.0
116233,3.1383856397606635,0.5511684125705076,560,681,1241,0.0,-0.0008333472224535399,0.5511684125705116,0.0
116234,3.13755229253821,0.5511684125705076,560,681,1241,0.0,-0.0008333472224535399,0.5511684125705116,0.0
116235,3.1367189453157565,0.5511684125705076,560,681,1241,0.0,-0.0008333472224535399,0.5511684125705116,0.0
116236,3.135885598093303,0.5511684125705076,560,681,1241,0.0,-0.0008333472224535399,0.5511684125705116,0.0
116237,3.1350522508708494,0.5511684125705076,560,681,1241,0.0,-0.0008333472224535399,0.5511684125705116,0.0
116238,3.1342189036483887,0.5511684125705076,560,681,1241,0.0,-0.0008333472224606453,0.5511684125705116,0.0
116239,3.133385556425935,0.5511684125705076,560,681,1241,0.0,-0.0008333472224535399,0.5511684125705116,0.0
116240,3.1325522092034817,0.5511684125705076,560,681,1241,0.0,-0.0008333472224535399,0.5511684125705116,0.0
116241,3.131718861981028,0.5511684125705076,560,681,1241,0.0,-0.0008333472224535399,0.5511684125705116,0.0
116242,3.1308855147585746,0.5511684125705076,560,681,1241,0.0,-0.0008333472224535399,0.5511684125705116,0.0
116243,3.130052167536121,0.5511684125705076,560,681,1241,0.0,-0.0008333472224535399,0.5511684125705116,0.0
116244,3.1292188203136675,0.5511684125705076,560,681,1241,0.0,-0.0008333472224535399,0.5511684125705116,0.0
116245,3.128385473091214,0.5511684125705076,560,681,1241,0.0,-0.0008333472224535399,0.5511684125705116,0.0
116246,3.1275521258687604,0.5511684125705076,560,681,1241,0.0,-0.0008333472224535399,0.5511684125705116,0.0
116247,3.126718778646307,0.5511684125705076,560,681,1241,0.0,-0.0008333472224535399,0.5511684125705116,0.0
116248,3.1258854314238533,0.5511684125705076,560,681,1241,0.0,-0.0008333472224535399,0.5511684125705116,0.0
116249,3.1250520842014,0.5511684125705076,560,681,1241,0.0,-0.0008333472224535399,0.5511684125705116,0.0
116250,3.1242187369789463,0.5511684125705076,560,681,1241,0.0,-0.0008333472224535399,0.5511684125705116,0.0
116251,3.1233853897564927,0.5511684125705076,560,681,1241,0.0,-0.0008333472224535399,0.5511684125705116,0.0
116252,3.122552042534039,0.5511684125705076,560,681,1241,0.0,-0.0008333472224535399,0.5511684125705116,0.0
116253,3.1217186953115856,0.5511684125705076,560,681,1241,0.0,-0.0008333472224535399,0.5511684125705116,0.0
116254,3.120885348089132,0.5511684125705076,560,681,1241,0.0,-0.0008333472224535399,0.5511684125705116,0.0
116255,3.1200520008666786,0.5511684125705076,560,681,1241,0.0,-0.0008333472224535399,0.5511684125705116,0.0
116256,3.119218653644225,0.5511684125705076,560,681,1241,0.0,-0.0008333472224535399,0.5511684125705116,0.0
116257,3.1183853064217715,0.5511684125705076,560,681,1241,0.0,-0.0008333472224535399,0.5511684125705116,0.0
116258,3.117551959199318,0.5511684125705076,560,681,1241,0.0,-0.0008333472224535399,0.5511684125705116,0.0
116259,3.1167186119768644,0.5511684125705076,560,681,1241,0.0,-0.0008333472224535399,0.5511684125705116,0.0
116260,3.115885264754411,0.5511684125705076,560,681,1241,0.0,-0.0008333472224535399,0.5511684125705116,0.0
116261,3.1150519175319573,0.5511684125705076,560,681,1241,0.0,-0.0008333472224535399,0.5511684125705116,0.0
116262,3.1142185703095038,0.5511684125705076,560,681,1241,0.0,-0.0008333472224535399,0.5511684125705116,0.0
116263,3.1133852230870502,0.5511684125705076,560,681,1241,0.0,-0.0008333472224535399,0.5511684125705116,0.0
116264,3.1125518758645967,0.5511684125705076,560,681,1241,0.0,-0.0008333472224535399,0.5511684125705116,0.0
116265,3.111718528642143,0.5511684125705076,560,681,1241,0.0,-0.0008333472224535399,0.5511684125705116,0.0
116266,3.1108851814196896,0.5511684125705076,560,681,1241,0.0,-0.0008333472224535399,0.5511684125705116,0.0
116267,3.110051834197236,0.5511684125705076,560,681,1241,0.0,-0.0008333472224535399,0.5511684125705116,0.0
116268,3.1092184869747825,0.5511684125705076,560,681,1241,0.0,-0.0008333472224535399,0.5511684125705116,0.0
116269,3.108385139752329,0.5511684125705076,560,681,1241,0.0,-0.0008333472224535399,0.5511684125705116,0.0
116270,3.1075517925298755,0.5511684125705076,560,681,1241,0.0,-0.0008333472224535399,0.5511684125705116,0.0
116271,3.106718445307422,0.5511684125705076,560,681,1241,0.0,-0.0008333472224535399,0.5511684125705116,0.0
116272,3.1058850980849684,0.5511684125705076,560,681,1241,0.0,-0.0008333472224535399,0.5511684125705116,0.0
116273,3.105051750862515,0.5511684125705076,560,681,1241,0.0,-0.0008333472224535399,0.5511684125705116,0.0
116274,3.1042184036400613,0.5511684125705076,560,681,1241,0.0,-0.0008333472224535399,0.5511684125705116,0.0
116275,3.1033850564176078,0.5511684125705076,560,681,1241,0.0,-0.0008333472224535399,0.5511684125705116,0.0
116276,3.102551709195154,0.5511684125705076,560,681,1241,0.0,-0.0008333472224535399,0.5511684125705116,0.0
116277,3.1017183619727007,0.5511684125705076,560,681,1241,0.0,-0.0008333472224535399,0.5511684125705116,0.0
116278,3.100885014750247,0.5511684125705076,560,681,1241,0.0,-0.0008333472224535399,0.5511684125705116,0.0
116279,3.1000516675277936,0.5511684125705076,560,681,1241,0.0,-0.0008333472224535399,0.5511684125705116,0.0
116280,3.099218320305333,0.5511684125705076,560,681,1241,0.0,-0.0008333472224606453,0.5511684125705116,0.0
116281,3.0983849730828794,0.5511684125705076,560,681,1241,0.0,-0.0008333472224535399,0.5511684125705116,0.0
116282,3.097551625860426,0.5511684125705076,560,681,1241,0.0,-0.0008333472224535399,0.5511684125705116,0.0
116283,3.0967182786379723,0.5511684125705076,560,681,1241,0.0,-0.0008333472224535399,0.5511684125705116,0.0
116284,3.095884931415519,0.5511684125705076,560,681,1241,0.0,-0.0008333472224535399,0.5511684125705116,0.0
116285,3.0950515841930653,0.5511684125705076,560,681,1241,0.0,-0.0008333472224535399,0.5511684125705116,0.0
116286,3.0942182369706117,0.5511684125705076,560,681,1241,0.0,-0.0008333472224535399,0.5511684125705116,0.0
116287,3.093384889748158,0.5511684125705076,560,681,1241,0.0,-0.0008333472224535399,0.5511684125705116,0.0
116288,3.0925515425257046,0.5511684125705076,560,681,1241,0.0,-0.0008333472224535399,0.5511684125705116,0.0
116289,3.091718195303251,0.5511684125705076,560,681,1241,0.0,-0.0008333472224535399,0.5511684125705116,0.0
116290,3.0908848480807976,0.5511684125705076,560,681,1241,0.0,-0.0008333472224535399,0.5511684125705116,0.0
116291,3.090051500858344,0.5511684125705076,560,681,1241,0.0,-0.0008333472224535399,0.5511684125705116,0.0
116292,3.0892181536358905,0.5511684125705076,560,681,1241,0.0,-0.0008333472224535399,0.5511684125705116,0.0
116293,3.088384806413437,0.5511684125705076,560,681,1241,0.0,-0.0008333472224535399,0.5511684125705116,0.0
116294,3.0875514591909834,0.5511684125705076,560,681,1241,0.0,-0.0008333472224535399,0.5511684125705116,0.0
116295,3.08671811196853,0.5511684125705076,560,681,1241,0.0,-0.0008333472224535399,0.5511684125705116,0.0
116296,3.0858847647460763,0.5511684125705076,560,681,1241,0.0,-0.0008333472224535399,0.5511684125705116,0.0
116297,3.0850514175236228,0.5511684125705076,560,681,1241,0.0,-0.0008333472224535399,0.5511684125705116,0.0
116298,3.0842180703011692,0.5511684125705076,560,681,1241,0.0,-0.0008333472224535399,0.5511684125705116,0.0
116299,3.0833847230787157,0.5511684125705076,560,681,1241,0.0,-0.0008333472224535399,0.5511684125705116,0.0
116300,3.082551375856262,0.5511684125705076,560,681,1241,0.0,-0.0008333472224535399,0.5511684125705116,0.0
116301,3.0817180286338086,0.5511684125705076,560,681,1241,0.0,-0.0008333472224535399,0.5511684125705116,0.0
116302,3.080884681411355,0.5511684125705076,560,681,1241,0.0,-0.0008333472224535399,0.5511684125705116,0.0
116303,3.0800513341889015,0.5511684125705076,560,681,1241,0.0,-0.0008333472224535399,0.5511684125705116,0.0
116304,3.079217986966448,0.5511684125705076,560,681,1241,0.0,-0.0008333472224535399,0.5511684125705116,0.0
116305,3.0783846397439945,0.5511684125705076,560,681,1241,0.0,-0.0008333472224535399,0.5511684125705116,0.0
116306,3.077551292521541,0.5511684125705076,560,681,1241,0.0,-0.0008333472224535399,0.5511684125705116,0.0
116307,3.0767179452990874,0.5511684125705076,560,681,1241,0.0,-0.0008333472224535399,0.5511684125705116,0.0
116308,3.075884598076634,0.5511684125705076,560,681,1241,0.0,-0.0008333472224535399,0.5511684125705116,0.0
116309,3.0750512508541803,0.5511684125705076,560,681,1241,0.0,-0.0008333472224535399,0.5511684125705116,0.0
116310,3.0742179036317268,0.5511684125705076,560,681,1241,0.0,-0.0008333472224535399,0.5511684125705116,0.0
116311,3.073384556409273,0.5511684125705076,560,681,1241,0.0,-0.0008333472224535399,0.5511684125705116,0.0
116312,3.0725512091868197,0.5511684125705076,560,681,1241,0.0,-0.0008333472224535399,0.5511684125705116,0.0
116313,3.071717861964366,0.5511684125705076,560,681,1241,0.0,-0.0008333472224535399,0.5511684125705116,0.0
116314,3.0708845147419126,0.5511684125705076,560,681,1241,0.0,-0.0008333472224535399,0.5511684125705116,0.0
116315,3.070051167519459,0.5511684125705076,560,681,1241,0.0,-0.0008333472224535399,0.5511684125705116,0.0
116316,3.0692178202970055,0.5511684125705076,560,681,1241,0.0,-0.0008333472224535399,0.5511684125705116,0.0
116317,3.068384473074552,0.5511684125705076,560,681,1241,0.0,-0.0008333472224535399,0.5511684125705116,0.0
116318,3.0675511258520984,0.5511684125705076,560,681,1241,0.0,-0.0008333472224535399,0.5511684125705116,0.0
116319,3.066717778629645,0.5511684125705076,560,681,1241,0.0,-0.0008333472224535399,0.5511684125705116,0.0
116320,3.0658844314071914,0.5511684125705076,560,681,1241,0.0,-0.0008333472224535399,0.5511684125705116,0.0
116321,3.065051084184738,0.5511684125705076,560,681,1241,0.0,-0.0008333472224535399,0.5511684125705116,0.0
116322,3.064217736962277,0.5511684125705076,560,681,1241,0.0,-0.0008333472224606453,0.5511684125705116,0.0
116323,3.0633843897398236,0.5511684125705076,560,681,1241,0.0,-0.0008333472224535399,0.5511684125705116,0.0
116324,3.06255104251737,0.5511684125705076,560,681,1241,0.0,-0.0008333472224535399,0.5511684125705116,0.0
116325,3.0617176952949166,0.5511684125705076,560,681,1241,0.0,-0.0008333472224535399,0.5511684125705116,0.0
116326,3.060884348072463,0.5511684125705076,560,681,1241,0.0,-0.0008333472224535399,0.5511684125705116,0.0
116327,3.0600510008500095,0.5511684125705076,560,681,1241,0.0,-0.0008333472224535399,0.5511684125705116,0.0
116328,3.059217653627556,0.5511684125705076,560,681,1241,0.0,-0.0008333472224535399,0.5511684125705116,0.0
116329,3.0583843064051024,0.5511684125705076,560,681,1241,0.0,-0.0008333472224535399,0.5511684125705116,0.0
116330,3.057550959182649,0.5511684125705076,560,681,1241,0.0,-0.0008333472224535399,0.5511684125705116,0.0
116331,3.0567176119601953,0.5511684125705076,560,681,1241,0.0,-0.0008333472224535399,0.5511684125705116,0.0
116332,3.0558842647377418,0.5511684125705076,560,681,1241,0.0,-0.0008333472224535399,0.5511684125705116,0.0
116333,3.0550509175152882,0.5511684125705076,560,681,1241,0.0,-0.0008333472224535399,0.5511684125705116,0.0
116334,3.0542175702928347,0.5511684125705076,560,681,1241,0.0,-0.0008333472224535399,0.5511684125705116,0.0
116335,3.053384223070381,0.5511684125705076,560,681,1241,0.0,-0.0008333472224535399,0.5511684125705116,0.0
116336,3.0525508758479276,0.5511684125705076,560,681,1241,0.0,-0.0008333472224535399,0.5511684125705116,0.0
116337,3.051717528625474,0.5511684125705076,560,681,1241,0.0,-0.0008333472224535399,0.5511684125705116,0.0
116338,3.0508841814030205,0.5511684125705076,560,681,1241,0.0,-0.0008333472224535399,0.5511684125705116,0.0
116339,3.050050834180567,0.5511684125705076,560,681,1241,0.0,-0.0008333472224535399,0.5511684125705116,0.0
116340,3.0492174869581135,0.5511684125705076,560,681,1241,0.0,-0.0008333472224535399,0.5511684125705116,0.0
116341,3.04838413973566,0.5511684125705076,560,681,1241,0.0,-0.0008333472224535399,0.5511684125705116,0.0
116342,3.0475507925132064,0.5511684125705076,560,681,1241,0.0,-0.0008333472224535399,0.5511684125705116,0.0
116343,3.046717445290753,0.5511684125705076,560,681,1241,0.0,-0.0008333472224535399,0.5511684125705116,0.0
116344,3.0458840980682993,0.5511684125705076,560,681,1241,0.0,-0.0008333472224535399,0.5511684125705116,0.0
116345,3.0450507508458458,0.5511684125705076,560,681,1241,0.0,-0.0008333472224535399,0.5511684125705116,0.0
116346,3.044217403623392,0.5511684125705076,560,681,1241,0.0,-0.0008333472224535399,0.5511684125705116,0.0
116347,3.0433840564009387,0.5511684125705076,560,681,1241,0.0,-0.0008333472224535399,0.5511684125705116,0.0
116348,3.042550709178485,0.5511684125705076,560,681,1241,0.0,-0.0008333472224535399,0.5511684125705116,0.0
116349,3.0417173619560316,0.5511684125705076,560,681,1241,0.0,-0.0008333472224535399,0.5511684125705116,0.0
116350,3.040884014733578,0.5511684125705076,560,681,1241,0.0,-0.0008333472224535399,0.5511684125705116,0.0
116351,3.0400506675111245,0.5511684125705076,560,681,1241,0.0,-0.0008333472224535399,0.5511684125705116,0.0
116352,3.039217320288671,0.5511684125705076,560,681,1241,0.0,-0.0008333472224535399,0.5511684125705116,0.0
116353,3.0383839730662174,0.5511684125705076,560,681,1241,0.0,-0.0008333472224535399,0.5511684125705116,0.0
116354,3.037550625843764,0.5511684125705076,560,681,1241,0.0,-0.0008333472224535399,0.5511684125705116,0.0
116355,3.0367172786213104,0.5511684125705076,560,681,1241,0.0,-0.0008333472224535399,0.5511684125705116,0.0
116356,3.035883931398857,0.5511684125705076,560,681,1241,0.0,-0.0008333472224535399,0.5511684125705116,0.0
116357,3.0350505841764033,0.5511684125705076,560,681,1241,0.0,-0.0008333472224535399,0.5511684125705116,0.0
116358,3.0342172369539497,0.5511684125705076,560,681,1241,0.0,-0.0008333472224535399,0.5511684125705116,0.0
116359,3.033383889731496,0.5511684125705076,560,681,1241,0.0,-0.0008333472224535399,0.5511684125705116,0.0
116360,3.0325505425090427,0.5511684125705076,560,681,1241,0.0,-0.0008333472224535399,0.5511684125705116,0.0
116361,3.031717195286589,0.5511684125705076,560,681,1241,0.0,-0.0008333472224535399,0.5511684125705116,0.0
116362,3.0308838480641356,0.5511684125705076,560,681,1241,0.0,-0.0008333472224535399,0.5511684125705116,0.0
116363,3.030050500841682,0.5511684125705076,560,681,1241,0.0,-0.0008333472224535399,0.5511684125705116,0.0
116364,3.0292171536192285,0.5511684125705076,560,681,1241,0.0,-0.0008333472224535399,0.5511684125705116,0.0
116365,3.028383806396768,0.5511684125705076,560,681,1241,0.0,-0.0008333472224606453,0.5511684125705116,0.0
116366,3.0275504591743143,0.5511684125705076,560,681,1241,0.0,-0.0008333472224535399,0.5511684125705116,0.0
116367,3.0267171119518608,0.5511684125705076,560,681,1241,0.0,-0.0008333472224535399,0.5511684125705116,0.0
116368,3.0258837647294072,0.5511684125705076,560,681,1241,0.0,-0.0008333472224535399,0.5511684125705116,0.0
116369,3.0250504175069537,0.5519742143432715,560,681,1241,0.0008058017727639033,-0.0008333472224535399,0.5512489927477879,8.058017727639034e-05
116370,3.0242170702845,0.5519742143432715,560,681,1241,0.0,-0.0008333472224535399,0.5513295729250643,8.058017727639034e-05
116371,3.0233837230620466,0.5519742143432715,560,681,1241,0.0,-0.0008333472224535399,0.5514101531023406,8.058017727639034e-05
116372,3.022550375839593,0.5519742143432715,560,681,1241,0.0,-0.0008333472224535399,0.5514907332796171,8.058017727639034e-05
116373,3.0217170286171395,0.5519742143432715,560,681,1241,0.0,-0.0008333472224535399,0.5515713134568934,8.058017727639034e-05
116374,3.020883681394686,0.5519742143432715,560,681,1241,0.0,-0.0008333472224535399,0.5516518936341697,8.058017727639034e-05
116375,3.0200503341722325,0.5519742143432715,560,681,1241,0.0,-0.0008333472224535399,0.5517324738114461,8.058017727639034e-05
116376,3.019216986949779,0.5519742143432715,560,681,1241,0.0,-0.0008333472224535399,0.5518130539887224,8.058017727639034e-05
116377,3.0183836397273254,0.5519742143432715,560,681,1241,0.0,-0.0008333472224535399,0.5518936341659988,8.058017727639034e-05
116378,3.017550292504872,0.5519742143432715,560,681,1241,0.0,-0.0008333472224535399,0.5519742143432751,8.058017727639034e-05
116379,3.0167169452824183,0.5519742143432715,560,681,1241,0.0,-0.0008333472224535399,0.5519742143432751,0.0
116380,3.0158835980599648,0.5519742143432715,560,681,1241,0.0,-0.0008333472224535399,0.5519742143432751,0.0
116381,3.015050250837511,0.5519742143432715,560,681,1241,0.0,-0.0008333472224535399,0.5519742143432751,0.0
116382,3.0142169036150577,0.5519742143432715,560,681,1241,0.0,-0.0008333472224535399,0.5519742143432751,0.0
116383,3.013383556392604,0.5519742143432715,560,681,1241,0.0,-0.0008333472224535399,0.5519742143432751,0.0
116384,3.0125502091701506,0.5519742143432715,560,681,1241,0.0,-0.0008333472224535399,0.5519742143432751,0.0
116385,3.011716861947697,0.5519742143432715,560,681,1241,0.0,-0.0008333472224535399,0.5519742143432751,0.0
116386,3.0108835147252435,0.5519742143432715,560,681,1241,0.0,-0.0008333472224535399,0.5519742143432751,0.0
116387,3.01005016750279,0.5519742143432715,560,681,1241,0.0,-0.0008333472224535399,0.5519742143432751,0.0
116388,3.0092168202803364,0.5519742143432715,560,681,1241,0.0,-0.0008333472224535399,0.5519742143432751,0.0
116389,3.008383473057883,0.5519742143432715,560,681,1241,0.0,-0.0008333472224535399,0.5519742143432751,0.0
116390,3.0075501258354294,0.5519742143432715,560,681,1241,0.0,-0.0008333472224535399,0.5519742143432751,0.0
116391,3.006716778612976,0.5527800161160354,560,681,1241,0.0008058017727639033,-0.0008333472224535399,0.5520547945205514,8.058017727639034e-05
116392,3.0058834313905223,0.5527800161160354,560,681,1241,0.0,-0.0008333472224535399,0.5521353746978278,8.058017727639034e-05
116393,3.0050500841680687,0.5527800161160354,560,681,1241,0.0,-0.0008333472224535399,0.5522159548751041,8.058017727639034e-05
116394,3.004216736945615,0.5527800161160354,560,681,1241,0.0,-0.0008333472224535399,0.5522965350523805,8.058017727639034e-05
116395,3.0033833897231617,0.5527800161160354,560,681,1241,0.0,-0.0008333472224535399,0.5523771152296568,8.058017727639034e-05
116396,3.002550042500708,0.5527800161160354,560,681,1241,0.0,-0.0008333472224535399,0.5524576954069331,8.058017727639034e-05
116397,3.0017166952782546,0.5527800161160354,560,681,1241,0.0,-0.0008333472224535399,0.5525382755842095,8.058017727639034e-05
116398,3.000883348055801,0.5527800161160354,560,681,1241,0.0,-0.0008333472224535399,0.5526188557614858,8.058017727639034e-05
116399,3.0000500008333475,0.5527800161160354,560,681,1241,0.0,-0.0008333472224535399,0.5526994359387623,8.058017727639034e-05
116400,2.999216653610894,0.5527800161160354,560,681,1241,0.0,-0.0008333472224535399,0.5527800161160386,8.058017727639034e-05
116401,2.9983833063884404,0.5527800161160354,560,681,1241,0.0,-0.0008333472224535399,0.5527800161160386,0.0
116402,2.997549959165987,0.5527800161160354,560,681,1241,0.0,-0.0008333472224535399,0.5527800161160386,0.0
116403,2.9967166119435333,0.5527800161160354,560,681,1241,0.0,-0.0008333472224535399,0.5527800161160386,0.0
116404,2.99588326472108,0.5519742143432715,560,681,1241,-0.0008058017727639033,-0.0008333472224535399,0.5526994359387623,-8.058017727639034e-05
116405,2.9950499174986263,0.5519742143432715,560,681,1241,0.0,-0.0008333472224535399,0.5526188557614858,-8.058017727639034e-05
116406,2.9942165702761727,0.5519742143432715,560,681,1241,0.0,-0.0008333472224535399,0.5525382755842095,-8.058017727639034e-05
116407,2.993383223053712,0.5519742143432715,560,681,1241,0.0,-0.0008333472224606453,0.5524576954069331,-8.058017727639034e-05
116408,2.9925498758312585,0.5519742143432715,560,681,1241,0.0,-0.0008333472224535399,0.5523771152296568,-8.058017727639034e-05
116409,2.991716528608805,0.5519742143432715,560,681,1241,0.0,-0.0008333472224535399,0.5522965350523805,-8.058017727639034e-05
116410,2.9908831813863515,0.5519742143432715,560,681,1241,0.0,-0.0008333472224535399,0.5522159548751041,-8.058017727639034e-05
116411,2.990049834163898,0.5519742143432715,560,681,1241,0.0,-0.0008333472224535399,0.5521353746978278,-8.058017727639034e-05
116412,2.9892164869414444,0.5519742143432715,560,681,1241,0.0,-0.0008333472224535399,0.5520547945205514,-8.058017727639034e-05
116413,2.988383139718991,0.5519742143432715,560,681,1241,0.0,-0.0008333472224535399,0.5519742143432751,-8.058017727639034e-05
116414,2.9875497924965373,0.5519742143432715,560,681,1241,0.0,-0.0008333472224535399,0.5519742143432751,0.0
116415,2.9867164452740838,0.5519742143432715,560,681,1241,0.0,-0.0008333472224535399,0.5519742143432751,0.0
116416,2.98588309805163,0.5519742143432715,560,681,1241,0.0,-0.0008333472224535399,0.5519742143432751,0.0
116417,2.9850497508291767,0.5519742143432715,560,681,1241,0.0,-0.0008333472224535399,0.5519742143432751,0.0
116418,2.984216403606723,0.5511684125705076,560,681,1241,-0.0008058017727639033,-0.0008333472224535399,0.5518936341659988,-8.058017727639034e-05
116419,2.9833830563842696,0.5511684125705076,560,681,1241,0.0,-0.0008333472224535399,0.5518130539887224,-8.058017727639034e-05
116420,2.982549709161816,0.5511684125705076,560,681,1241,0.0,-0.0008333472224535399,0.5517324738114461,-8.058017727639034e-05
116421,2.9817163619393625,0.5511684125705076,560,681,1241,0.0,-0.0008333472224535399,0.5516518936341697,-8.058017727639034e-05
116422,2.980883014716909,0.5511684125705076,560,681,1241,0.0,-0.0008333472224535399,0.5515713134568934,-8.058017727639034e-05
116423,2.9800496674944554,0.5511684125705076,560,681,1241,0.0,-0.0008333472224535399,0.5514907332796171,-8.058017727639034e-05
116424,2.979216320272002,0.5511684125705076,560,681,1241,0.0,-0.0008333472224535399,0.5514101531023406,-8.058017727639034e-05
116425,2.9783829730495484,0.5511684125705076,560,681,1241,0.0,-0.0008333472224535399,0.5513295729250643,-8.058017727639034e-05
116426,2.977549625827095,0.5511684125705076,560,681,1241,0.0,-0.0008333472224535399,0.5512489927477879,-8.058017727639034e-05
116427,2.9767162786046413,0.5511684125705076,560,681,1241,0.0,-0.0008333472224535399,0.5511684125705116,-8.058017727639034e-05
116428,2.9758829313821877,0.5511684125705076,560,681,1241,0.0,-0.0008333472224535399,0.5511684125705116,0.0
116429,2.975049584159734,0.5511684125705076,560,681,1241,0.0,-0.0008333472224535399,0.5511684125705116,0.0
116430,2.9742162369372807,0.5511684125705076,560,681,1241,0.0,-0.0008333472224535399,0.5511684125705116,0.0
116431,2.973382889714827,0.5511684125705076,560,681,1241,0.0,-0.0008333472224535399,0.5511684125705116,0.0
116432,2.9725495424923736,0.5511684125705076,560,681,1241,0.0,-0.0008333472224535399,0.5511684125705116,0.0
116433,2.97171619526992,0.5511684125705076,560,681,1241,0.0,-0.0008333472224535399,0.5511684125705116,0.0
116434,2.9708828480474665,0.5511684125705076,560,681,1241,0.0,-0.0008333472224535399,0.5511684125705116,0.0
116435,2.970049500825013,0.5511684125705076,560,681,1241,0.0,-0.0008333472224535399,0.5511684125705116,0.0
116436,2.9692161536025594,0.5511684125705076,560,681,1241,0.0,-0.0008333472224535399,0.5511684125705116,0.0
116437,2.968382806380106,0.5511684125705076,560,681,1241,0.0,-0.0008333472224535399,0.5511684125705116,0.0
116438,2.9675494591576523,0.5511684125705076,560,681,1241,0.0,-0.0008333472224535399,0.5511684125705116,0.0
116439,2.966716111935199,0.5511684125705076,560,681,1241,0.0,-0.0008333472224535399,0.5511684125705116,0.0
116440,2.9658827647127453,0.5511684125705076,560,681,1241,0.0,-0.0008333472224535399,0.5511684125705116,0.0
116441,2.9650494174902917,0.5511684125705076,560,681,1241,0.0,-0.0008333472224535399,0.5511684125705116,0.0
116442,2.964216070267838,0.5511684125705076,560,681,1241,0.0,-0.0008333472224535399,0.5511684125705116,0.0
116443,2.9633827230453846,0.5511684125705076,560,681,1241,0.0,-0.0008333472224535399,0.5511684125705116,0.0
116444,2.962549375822931,0.5511684125705076,560,681,1241,0.0,-0.0008333472224535399,0.5511684125705116,0.0
116445,2.9617160286004776,0.5511684125705076,560,681,1241,0.0,-0.0008333472224535399,0.5511684125705116,0.0
116446,2.960882681378024,0.5511684125705076,560,681,1241,0.0,-0.0008333472224535399,0.5511684125705116,0.0
116447,2.9600493341555705,0.5511684125705076,560,681,1241,0.0,-0.0008333472224535399,0.5511684125705116,0.0
116448,2.959215986933117,0.5511684125705076,560,681,1241,0.0,-0.0008333472224535399,0.5511684125705116,0.0
116449,2.9583826397106634,0.5511684125705076,560,681,1241,0.0,-0.0008333472224535399,0.5511684125705116,0.0
116450,2.9575492924882028,0.5511684125705076,560,681,1241,0.0,-0.0008333472224606453,0.5511684125705116,0.0
116451,2.956715945265749,0.5511684125705076,560,681,1241,0.0,-0.0008333472224535399,0.5511684125705116,0.0
116452,2.9558825980432957,0.5511684125705076,560,681,1241,0.0,-0.0008333472224535399,0.5511684125705116,0.0
116453,2.955049250820842,0.5511684125705076,560,681,1241,0.0,-0.0008333472224535399,0.5511684125705116,0.0
116454,2.9542159035983886,0.5511684125705076,560,681,1241,0.0,-0.0008333472224535399,0.5511684125705116,0.0
116455,2.953382556375935,0.5511684125705076,560,681,1241,0.0,-0.0008333472224535399,0.5511684125705116,0.0
116456,2.9525492091534815,0.5511684125705076,560,681,1241,0.0,-0.0008333472224535399,0.5511684125705116,0.0
116457,2.951715861931028,0.5511684125705076,560,681,1241,0.0,-0.0008333472224535399,0.5511684125705116,0.0
116458,2.9508825147085744,0.5511684125705076,560,681,1241,0.0,-0.0008333472224535399,0.5511684125705116,0.0
116459,2.950049167486121,0.5511684125705076,560,681,1241,0.0,-0.0008333472224535399,0.5511684125705116,0.0
116460,2.9492158202636674,0.5511684125705076,560,681,1241,0.0,-0.0008333472224535399,0.5511684125705116,0.0
116461,2.948382473041214,0.5511684125705076,560,681,1241,0.0,-0.0008333472224535399,0.5511684125705116,0.0
116462,2.9475491258187603,0.5511684125705076,560,681,1241,0.0,-0.0008333472224535399,0.5511684125705116,0.0
116463,2.9467157785963067,0.5511684125705076,560,681,1241,0.0,-0.0008333472224535399,0.5511684125705116,0.0
116464,2.945882431373853,0.5511684125705076,560,681,1241,0.0,-0.0008333472224535399,0.5511684125705116,0.0
116465,2.9450490841513997,0.5511684125705076,560,681,1241,0.0,-0.0008333472224535399,0.5511684125705116,0.0
116466,2.944215736928946,0.5511684125705076,560,681,1241,0.0,-0.0008333472224535399,0.5511684125705116,0.0
116467,2.9433823897064926,0.5511684125705076,560,681,1241,0.0,-0.0008333472224535399,0.5511684125705116,0.0
116468,2.942549042484039,0.5511684125705076,560,681,1241,0.0,-0.0008333472224535399,0.5511684125705116,0.0
116469,2.9417156952615855,0.5511684125705076,560,681,1241,0.0,-0.0008333472224535399,0.5511684125705116,0.0
116470,2.940882348039132,0.5511684125705076,560,681,1241,0.0,-0.0008333472224535399,0.5511684125705116,0.0
116471,2.9400490008166784,0.5511684125705076,560,681,1241,0.0,-0.0008333472224535399,0.5511684125705116,0.0
116472,2.939215653594225,0.5511684125705076,560,681,1241,0.0,-0.0008333472224535399,0.5511684125705116,0.0
116473,2.9383823063717713,0.5511684125705076,560,681,1241,0.0,-0.0008333472224535399,0.5511684125705116,0.0
116474,2.937548959149318,0.5511684125705076,560,681,1241,0.0,-0.0008333472224535399,0.5511684125705116,0.0
116475,2.9367156119268643,0.5511684125705076,560,681,1241,0.0,-0.0008333472224535399,0.5511684125705116,0.0
116476,2.9358822647044107,0.5511684125705076,560,681,1241,0.0,-0.0008333472224535399,0.5511684125705116,0.0
116477,2.935048917481957,0.5511684125705076,560,681,1241,0.0,-0.0008333472224535399,0.5511684125705116,0.0
116478,2.9342155702595036,0.5511684125705076,560,681,1241,0.0,-0.0008333472224535399,0.5511684125705116,0.0
116479,2.93338222303705,0.5511684125705076,560,681,1241,0.0,-0.0008333472224535399,0.5511684125705116,0.0
116480,2.9325488758145966,0.5511684125705076,560,681,1241,0.0,-0.0008333472224535399,0.5511684125705116,0.0
116481,2.931715528592143,0.5511684125705076,560,681,1241,0.0,-0.0008333472224535399,0.5511684125705116,0.0
116482,2.9308821813696895,0.5511684125705076,560,681,1241,0.0,-0.0008333472224535399,0.5511684125705116,0.0
116483,2.930048834147236,0.5511684125705076,560,681,1241,0.0,-0.0008333472224535399,0.5511684125705116,0.0
116484,2.9292154869247824,0.5511684125705076,560,681,1241,0.0,-0.0008333472224535399,0.5511684125705116,0.0
116485,2.928382139702329,0.5511684125705076,560,681,1241,0.0,-0.0008333472224535399,0.5511684125705116,0.0
116486,2.9275487924798753,0.5511684125705076,560,681,1241,0.0,-0.0008333472224535399,0.5511684125705116,0.0
116487,2.9267154452574218,0.5511684125705076,560,681,1241,0.0,-0.0008333472224535399,0.5511684125705116,0.0
116488,2.9258820980349682,0.5511684125705076,560,681,1241,0.0,-0.0008333472224535399,0.5511684125705116,0.0
116489,2.9250487508125147,0.5511684125705076,560,681,1241,0.0,-0.0008333472224535399,0.5511684125705116,0.0
116490,2.924215403590061,0.5511684125705076,560,681,1241,0.0,-0.0008333472224535399,0.5511684125705116,0.0
116491,2.9233820563676076,0.5511684125705076,560,681,1241,0.0,-0.0008333472224535399,0.5511684125705116,0.0
116492,2.922548709145147,0.5511684125705076,560,681,1241,0.0,-0.0008333472224606453,0.5511684125705116,0.0
116493,2.9217153619226934,0.5511684125705076,560,681,1241,0.0,-0.0008333472224535399,0.5511684125705116,0.0
116494,2.92088201470024,0.5511684125705076,560,681,1241,0.0,-0.0008333472224535399,0.5511684125705116,0.0
116495,2.9200486674777864,0.5511684125705076,560,681,1241,0.0,-0.0008333472224535399,0.5511684125705116,0.0
116496,2.919215320255333,0.5511684125705076,560,681,1241,0.0,-0.0008333472224535399,0.5511684125705116,0.0
116497,2.9183819730328793,0.5511684125705076,560,681,1241,0.0,-0.0008333472224535399,0.5511684125705116,0.0
116498,2.9175486258104257,0.5511684125705076,560,681,1241,0.0,-0.0008333472224535399,0.5511684125705116,0.0
116499,2.916715278587972,0.5511684125705076,560,681,1241,0.0,-0.0008333472224535399,0.5511684125705116,0.0
116500,2.9158819313655187,0.5511684125705076,560,681,1241,0.0,-0.0008333472224535399,0.5511684125705116,0.0
116501,2.915048584143065,0.5511684125705076,560,681,1241,0.0,-0.0008333472224535399,0.5511684125705116,0.0
116502,2.9142152369206116,0.5511684125705076,560,681,1241,0.0,-0.0008333472224535399,0.5511684125705116,0.0
116503,2.913381889698158,0.5511684125705076,560,681,1241,0.0,-0.0008333472224535399,0.5511684125705116,0.0
116504,2.9125485424757045,0.5511684125705076,560,681,1241,0.0,-0.0008333472224535399,0.5511684125705116,0.0
116505,2.911715195253251,0.5511684125705076,560,681,1241,0.0,-0.0008333472224535399,0.5511684125705116,0.0
116506,2.9108818480307974,0.5511684125705076,560,681,1241,0.0,-0.0008333472224535399,0.5511684125705116,0.0
116507,2.910048500808344,0.5511684125705076,560,681,1241,0.0,-0.0008333472224535399,0.5511684125705116,0.0
116508,2.9092151535858903,0.5511684125705076,560,681,1241,0.0,-0.0008333472224535399,0.5511684125705116,0.0
116509,2.908381806363437,0.5511684125705076,560,681,1241,0.0,-0.0008333472224535399,0.5511684125705116,0.0
116510,2.9075484591409833,0.5511684125705076,560,681,1241,0.0,-0.0008333472224535399,0.5511684125705116,0.0
116511,2.9067151119185297,0.5511684125705076,560,681,1241,0.0,-0.0008333472224535399,0.5511684125705116,0.0
116512,2.905881764696076,0.5511684125705076,560,681,1241,0.0,-0.0008333472224535399,0.5511684125705116,0.0
116513,2.9050484174736226,0.5511684125705076,560,681,1241,0.0,-0.0008333472224535399,0.5511684125705116,0.0
116514,2.904215070251169,0.5511684125705076,560,681,1241,0.0,-0.0008333472224535399,0.5511684125705116,0.0
116515,2.9033817230287156,0.5511684125705076,560,681,1241,0.0,-0.0008333472224535399,0.5511684125705116,0.0
116516,2.902548375806262,0.5511684125705076,560,681,1241,0.0,-0.0008333472224535399,0.5511684125705116,0.0
116517,2.9017150285838085,0.5511684125705076,560,681,1241,0.0,-0.0008333472224535399,0.5511684125705116,0.0
116518,2.900881681361355,0.5511684125705076,560,681,1241,0.0,-0.0008333472224535399,0.5511684125705116,0.0
116519,2.9000483341389014,0.5511684125705076,560,681,1241,0.0,-0.0008333472224535399,0.5511684125705116,0.0
116520,2.899214986916448,0.5511684125705076,560,681,1241,0.0,-0.0008333472224535399,0.5511684125705116,0.0
116521,2.8983816396939943,0.5511684125705076,560,681,1241,0.0,-0.0008333472224535399,0.5511684125705116,0.0
116522,2.8975482924715408,0.5511684125705076,560,681,1241,0.0,-0.0008333472224535399,0.5511684125705116,0.0
116523,2.8967149452490872,0.5511684125705076,560,681,1241,0.0,-0.0008333472224535399,0.5511684125705116,0.0
116524,2.8958815980266337,0.5511684125705076,560,681,1241,0.0,-0.0008333472224535399,0.5511684125705116,0.0
116525,2.89504825080418,0.5511684125705076,560,681,1241,0.0,-0.0008333472224535399,0.5511684125705116,0.0
116526,2.8942149035817266,0.5511684125705076,560,681,1241,0.0,-0.0008333472224535399,0.5511684125705116,0.0
116527,2.893381556359273,0.5511684125705076,560,681,1241,0.0,-0.0008333472224535399,0.5511684125705116,0.0
116528,2.8925482091368195,0.5511684125705076,560,681,1241,0.0,-0.0008333472224535399,0.5511684125705116,0.0
116529,2.891714861914366,0.5511684125705076,560,681,1241,0.0,-0.0008333472224535399,0.5511684125705116,0.0
116530,2.8908815146919125,0.5511684125705076,560,681,1241,0.0,-0.0008333472224535399,0.5511684125705116,0.0
116531,2.890048167469459,0.5511684125705076,560,681,1241,0.0,-0.0008333472224535399,0.5511684125705116,0.0
116532,2.8892148202470054,0.5511684125705076,560,681,1241,0.0,-0.0008333472224535399,0.5511684125705116,0.0
116533,2.888381473024552,0.5511684125705076,560,681,1241,0.0,-0.0008333472224535399,0.5511684125705116,0.0
116534,2.887548125802091,0.5511684125705076,560,681,1241,0.0,-0.0008333472224606453,0.5511684125705116,0.0
116535,2.8867147785796377,0.5511684125705076,560,681,1241,0.0,-0.0008333472224535399,0.5511684125705116,0.0
116536,2.885881431357184,0.5511684125705076,560,681,1241,0.0,-0.0008333472224535399,0.5511684125705116,0.0
116537,2.8850480841347306,0.5511684125705076,560,681,1241,0.0,-0.0008333472224535399,0.5511684125705116,0.0
116538,2.884214736912277,0.5511684125705076,560,681,1241,0.0,-0.0008333472224535399,0.5511684125705116,0.0
116539,2.8833813896898235,0.5511684125705076,560,681,1241,0.0,-0.0008333472224535399,0.5511684125705116,0.0
116540,2.88254804246737,0.5511684125705076,560,681,1241,0.0,-0.0008333472224535399,0.5511684125705116,0.0
116541,2.8817146952449164,0.5511684125705076,560,681,1241,0.0,-0.0008333472224535399,0.5511684125705116,0.0
116542,2.880881348022463,0.5511684125705076,560,681,1241,0.0,-0.0008333472224535399,0.5511684125705116,0.0
116543,2.8800480008000093,0.5511684125705076,560,681,1241,0.0,-0.0008333472224535399,0.5511684125705116,0.0
116544,2.879214653577556,0.5511684125705076,560,681,1241,0.0,-0.0008333472224535399,0.5511684125705116,0.0
116545,2.8783813063551023,0.5511684125705076,560,681,1241,0.0,-0.0008333472224535399,0.5511684125705116,0.0
116546,2.8775479591326487,0.5511684125705076,560,681,1241,0.0,-0.0008333472224535399,0.5511684125705116,0.0
116547,2.876714611910195,0.5511684125705076,560,681,1241,0.0,-0.0008333472224535399,0.5511684125705116,0.0
116548,2.8758812646877416,0.5511684125705076,560,681,1241,0.0,-0.0008333472224535399,0.5511684125705116,0.0
116549,2.875047917465288,0.5511684125705076,560,681,1241,0.0,-0.0008333472224535399,0.5511684125705116,0.0
116550,2.8742145702428346,0.5511684125705076,560,681,1241,0.0,-0.0008333472224535399,0.5511684125705116,0.0
116551,2.873381223020381,0.5511684125705076,560,681,1241,0.0,-0.0008333472224535399,0.5511684125705116,0.0
116552,2.8725478757979275,0.5511684125705076,560,681,1241,0.0,-0.0008333472224535399,0.5511684125705116,0.0
116553,2.871714528575474,0.5511684125705076,560,681,1241,0.0,-0.0008333472224535399,0.5511684125705116,0.0
116554,2.8708811813530204,0.5511684125705076,560,681,1241,0.0,-0.0008333472224535399,0.5511684125705116,0.0
116555,2.870047834130567,0.5511684125705076,560,681,1241,0.0,-0.0008333472224535399,0.5511684125705116,0.0
116556,2.8692144869081133,0.5511684125705076,560,681,1241,0.0,-0.0008333472224535399,0.5511684125705116,0.0
116557,2.8683811396856598,0.5511684125705076,560,681,1241,0.0,-0.0008333472224535399,0.5511684125705116,0.0
116558,2.8675477924632062,0.5511684125705076,560,681,1241,0.0,-0.0008333472224535399,0.5511684125705116,0.0
116559,2.8667144452407527,0.5511684125705076,560,681,1241,0.0,-0.0008333472224535399,0.5511684125705116,0.0
116560,2.865881098018299,0.5511684125705076,560,681,1241,0.0,-0.0008333472224535399,0.5511684125705116,0.0
116561,2.8650477507958456,0.5511684125705076,560,681,1241,0.0,-0.0008333472224535399,0.5511684125705116,0.0
116562,2.864214403573392,0.5511684125705076,560,681,1241,0.0,-0.0008333472224535399,0.5511684125705116,0.0
116563,2.8633810563509385,0.5511684125705076,560,681,1241,0.0,-0.0008333472224535399,0.5511684125705116,0.0
116564,2.862547709128485,0.5519742143432715,560,681,1241,0.0008058017727639033,-0.0008333472224535399,0.5512489927477879,8.058017727639034e-05
116565,2.8617143619060315,0.5519742143432715,560,681,1241,0.0,-0.0008333472224535399,0.5513295729250643,8.058017727639034e-05
116566,2.860881014683578,0.5519742143432715,560,681,1241,0.0,-0.0008333472224535399,0.5514101531023406,8.058017727639034e-05
116567,2.8600476674611244,0.5519742143432715,560,681,1241,0.0,-0.0008333472224535399,0.5514907332796171,8.058017727639034e-05
116568,2.859214320238671,0.5519742143432715,560,681,1241,0.0,-0.0008333472224535399,0.5515713134568934,8.058017727639034e-05
116569,2.8583809730162173,0.5519742143432715,560,681,1241,0.0,-0.0008333472224535399,0.5516518936341697,8.058017727639034e-05
116570,2.8575476257937638,0.5519742143432715,560,681,1241,0.0,-0.0008333472224535399,0.5517324738114461,8.058017727639034e-05
116571,2.85671427857131,0.5519742143432715,560,681,1241,0.0,-0.0008333472224535399,0.5518130539887224,8.058017727639034e-05
116572,2.8558809313488567,0.5519742143432715,560,681,1241,0.0,-0.0008333472224535399,0.5518936341659988,8.058017727639034e-05
116573,2.855047584126403,0.5519742143432715,560,681,1241,0.0,-0.0008333472224535399,0.5519742143432751,8.058017727639034e-05
116574,2.8542142369039496,0.5519742143432715,560,681,1241,0.0,-0.0008333472224535399,0.5519742143432751,0.0
116575,2.853380889681496,0.5519742143432715,560,681,1241,0.0,-0.0008333472224535399,0.5519742143432751,0.0
116576,2.8525475424590425,0.5519742143432715,560,681,1241,0.0,-0.0008333472224535399,0.5519742143432751,0.0
116577,2.851714195236582,0.5519742143432715,560,681,1241,0.0,-0.0008333472224606453,0.5519742143432751,0.0
116578,2.8508808480141283,0.5519742143432715,560,681,1241,0.0,-0.0008333472224535399,0.5519742143432751,0.0
116579,2.850047500791675,0.5519742143432715,560,681,1241,0.0,-0.0008333472224535399,0.5519742143432751,0.0
116580,2.8492141535692213,0.5519742143432715,560,681,1241,0.0,-0.0008333472224535399,0.5519742143432751,0.0
116581,2.8483808063467677,0.5519742143432715,560,681,1241,0.0,-0.0008333472224535399,0.5519742143432751,0.0
116582,2.847547459124314,0.5519742143432715,560,681,1241,0.0,-0.0008333472224535399,0.5519742143432751,0.0
116583,2.8467141119018606,0.5519742143432715,560,681,1241,0.0,-0.0008333472224535399,0.5519742143432751,0.0
116584,2.845880764679407,0.5519742143432715,560,681,1241,0.0,-0.0008333472224535399,0.5519742143432751,0.0
116585,2.8450474174569536,0.5519742143432715,560,681,1241,0.0,-0.0008333472224535399,0.5519742143432751,0.0
116586,2.8442140702345,0.5519742143432715,560,681,1241,0.0,-0.0008333472224535399,0.5519742143432751,0.0
116587,2.8433807230120465,0.5519742143432715,560,681,1241,0.0,-0.0008333472224535399,0.5519742143432751,0.0
116588,2.842547375789593,0.5519742143432715,560,681,1241,0.0,-0.0008333472224535399,0.5519742143432751,0.0
116589,2.8417140285671394,0.5519742143432715,560,681,1241,0.0,-0.0008333472224535399,0.5519742143432751,0.0
116590,2.840880681344686,0.5519742143432715,560,681,1241,0.0,-0.0008333472224535399,0.5519742143432751,0.0
116591,2.8400473341222323,0.5519742143432715,560,681,1241,0.0,-0.0008333472224535399,0.5519742143432751,0.0
116592,2.8392139868997788,0.5519742143432715,560,681,1241,0.0,-0.0008333472224535399,0.5519742143432751,0.0
116593,2.8383806396773252,0.5519742143432715,560,681,1241,0.0,-0.0008333472224535399,0.5519742143432751,0.0
116594,2.8375472924548717,0.5511684125705076,560,681,1241,-0.0008058017727639033,-0.0008333472224535399,0.5518936341659988,-8.058017727639034e-05
116595,2.836713945232418,0.5511684125705076,560,681,1241,0.0,-0.0008333472224535399,0.5518130539887224,-8.058017727639034e-05
116596,2.8358805980099646,0.5511684125705076,560,681,1241,0.0,-0.0008333472224535399,0.5517324738114461,-8.058017727639034e-05
116597,2.835047250787511,0.5511684125705076,560,681,1241,0.0,-0.0008333472224535399,0.5516518936341697,-8.058017727639034e-05
116598,2.8342139035650575,0.5511684125705076,560,681,1241,0.0,-0.0008333472224535399,0.5515713134568934,-8.058017727639034e-05
116599,2.833380556342604,0.5511684125705076,560,681,1241,0.0,-0.0008333472224535399,0.5514907332796171,-8.058017727639034e-05
116600,2.8325472091201505,0.5511684125705076,560,681,1241,0.0,-0.0008333472224535399,0.5514101531023406,-8.058017727639034e-05
116601,2.831713861897697,0.5511684125705076,560,681,1241,0.0,-0.0008333472224535399,0.5513295729250643,-8.058017727639034e-05
116602,2.8308805146752434,0.5511684125705076,560,681,1241,0.0,-0.0008333472224535399,0.5512489927477879,-8.058017727639034e-05
116603,2.83004716745279,0.5511684125705076,560,681,1241,0.0,-0.0008333472224535399,0.5511684125705116,-8.058017727639034e-05
116604,2.8292138202303363,0.5511684125705076,560,681,1241,0.0,-0.0008333472224535399,0.5511684125705116,0.0
116605,2.8283804730078828,0.5511684125705076,560,681,1241,0.0,-0.0008333472224535399,0.5511684125705116,0.0
116606,2.827547125785429,0.5511684125705076,560,681,1241,0.0,-0.0008333472224535399,0.5511684125705116,0.0
116607,2.8267137785629757,0.5511684125705076,560,681,1241,0.0,-0.0008333472224535399,0.5511684125705116,0.0
116608,2.825880431340522,0.5511684125705076,560,681,1241,0.0,-0.0008333472224535399,0.5511684125705116,0.0
116609,2.8250470841180686,0.5511684125705076,560,681,1241,0.0,-0.0008333472224535399,0.5511684125705116,0.0
116610,2.824213736895615,0.5511684125705076,560,681,1241,0.0,-0.0008333472224535399,0.5511684125705116,0.0
116611,2.8233803896731615,0.5511684125705076,560,681,1241,0.0,-0.0008333472224535399,0.5511684125705116,0.0
116612,2.822547042450708,0.5511684125705076,560,681,1241,0.0,-0.0008333472224535399,0.5511684125705116,0.0
116613,2.8217136952282544,0.5511684125705076,560,681,1241,0.0,-0.0008333472224535399,0.5511684125705116,0.0
116614,2.820880348005801,0.5511684125705076,560,681,1241,0.0,-0.0008333472224535399,0.5511684125705116,0.0
116615,2.8200470007833474,0.5511684125705076,560,681,1241,0.0,-0.0008333472224535399,0.5511684125705116,0.0
116616,2.819213653560894,0.5511684125705076,560,681,1241,0.0,-0.0008333472224535399,0.5511684125705116,0.0
116617,2.8183803063384403,0.5511684125705076,560,681,1241,0.0,-0.0008333472224535399,0.5511684125705116,0.0
116618,2.8175469591159867,0.5511684125705076,560,681,1241,0.0,-0.0008333472224535399,0.5511684125705116,0.0
116619,2.816713611893526,0.5511684125705076,560,681,1241,0.0,-0.0008333472224606453,0.5511684125705116,0.0
116620,2.8158802646710726,0.5511684125705076,560,681,1241,0.0,-0.0008333472224535399,0.5511684125705116,0.0
116621,2.815046917448619,0.5511684125705076,560,681,1241,0.0,-0.0008333472224535399,0.5511684125705116,0.0
116622,2.8142135702261655,0.5511684125705076,560,681,1241,0.0,-0.0008333472224535399,0.5511684125705116,0.0
116623,2.813380223003712,0.5511684125705076,560,681,1241,0.0,-0.0008333472224535399,0.5511684125705116,0.0
116624,2.8125468757812584,0.5511684125705076,560,681,1241,0.0,-0.0008333472224535399,0.5511684125705116,0.0
116625,2.811713528558805,0.5511684125705076,560,681,1241,0.0,-0.0008333472224535399,0.5511684125705116,0.0
116626,2.8108801813363513,0.5511684125705076,560,681,1241,0.0,-0.0008333472224535399,0.5511684125705116,0.0
116627,2.8100468341138978,0.5511684125705076,560,681,1241,0.0,-0.0008333472224535399,0.5511684125705116,0.0
116628,2.8092134868914442,0.5511684125705076,560,681,1241,0.0,-0.0008333472224535399,0.5511684125705116,0.0
116629,2.8083801396689907,0.5511684125705076,560,681,1241,0.0,-0.0008333472224535399,0.5511684125705116,0.0
116630,2.807546792446537,0.5511684125705076,560,681,1241,0.0,-0.0008333472224535399,0.5511684125705116,0.0
116631,2.8067134452240836,0.5511684125705076,560,681,1241,0.0,-0.0008333472224535399,0.5511684125705116,0.0
116632,2.80588009800163,0.5511684125705076,560,681,1241,0.0,-0.0008333472224535399,0.5511684125705116,0.0
116633,2.8050467507791765,0.5511684125705076,560,681,1241,0.0,-0.0008333472224535399,0.5511684125705116,0.0
116634,2.804213403556723,0.5511684125705076,560,681,1241,0.0,-0.0008333472224535399,0.5511684125705116,0.0
116635,2.8033800563342695,0.5511684125705076,560,681,1241,0.0,-0.0008333472224535399,0.5511684125705116,0.0
116636,2.802546709111816,0.5511684125705076,560,681,1241,0.0,-0.0008333472224535399,0.5511684125705116,0.0
116637,2.8017133618893624,0.5511684125705076,560,681,1241,0.0,-0.0008333472224535399,0.5511684125705116,0.0
116638,2.800880014666909,0.5511684125705076,560,681,1241,0.0,-0.0008333472224535399,0.5511684125705116,0.0
116639,2.8000466674444553,0.5511684125705076,560,681,1241,0.0,-0.0008333472224535399,0.5511684125705116,0.0
116640,2.7992133202220018,0.5511684125705076,560,681,1241,0.0,-0.0008333472224535399,0.5511684125705116,0.0
116641,2.798379972999548,0.5511684125705076,560,681,1241,0.0,-0.0008333472224535399,0.5511684125705116,0.0
116642,2.7975466257770947,0.5511684125705076,560,681,1241,0.0,-0.0008333472224535399,0.5511684125705116,0.0
116643,2.796713278554641,0.5511684125705076,560,681,1241,0.0,-0.0008333472224535399,0.5511684125705116,0.0
116644,2.7958799313321876,0.5511684125705076,560,681,1241,0.0,-0.0008333472224535399,0.5511684125705116,0.0
116645,2.795046584109734,0.5511684125705076,560,681,1241,0.0,-0.0008333472224535399,0.5511684125705116,0.0
116646,2.7942132368872805,0.5511684125705076,560,681,1241,0.0,-0.0008333472224535399,0.5511684125705116,0.0
116647,2.793379889664827,0.5511684125705076,560,681,1241,0.0,-0.0008333472224535399,0.5511684125705116,0.0
116648,2.7925465424423734,0.5511684125705076,560,681,1241,0.0,-0.0008333472224535399,0.5511684125705116,0.0
116649,2.79171319521992,0.5511684125705076,560,681,1241,0.0,-0.0008333472224535399,0.5511684125705116,0.0
116650,2.7908798479974664,0.5511684125705076,560,681,1241,0.0,-0.0008333472224535399,0.5511684125705116,0.0
116651,2.790046500775013,0.5511684125705076,560,681,1241,0.0,-0.0008333472224535399,0.5511684125705116,0.0
116652,2.7892131535525593,0.5511684125705076,560,681,1241,0.0,-0.0008333472224535399,0.5511684125705116,0.0
116653,2.7883798063301057,0.5511684125705076,560,681,1241,0.0,-0.0008333472224535399,0.5511684125705116,0.0
116654,2.787546459107652,0.5511684125705076,560,681,1241,0.0,-0.0008333472224535399,0.5511684125705116,0.0
116655,2.7867131118851987,0.5511684125705076,560,681,1241,0.0,-0.0008333472224535399,0.5511684125705116,0.0
116656,2.785879764662745,0.5511684125705076,560,681,1241,0.0,-0.0008333472224535399,0.5511684125705116,0.0
116657,2.7850464174402916,0.5511684125705076,560,681,1241,0.0,-0.0008333472224535399,0.5511684125705116,0.0
116658,2.784213070217838,0.5511684125705076,560,681,1241,0.0,-0.0008333472224535399,0.5511684125705116,0.0
116659,2.7833797229953845,0.5511684125705076,560,681,1241,0.0,-0.0008333472224535399,0.5511684125705116,0.0
116660,2.782546375772931,0.5511684125705076,560,681,1241,0.0,-0.0008333472224535399,0.5511684125705116,0.0
116661,2.7817130285504703,0.5511684125705076,560,681,1241,0.0,-0.0008333472224606453,0.5511684125705116,0.0
116662,2.7808796813280168,0.5511684125705076,560,681,1241,0.0,-0.0008333472224535399,0.5511684125705116,0.0
116663,2.7800463341055632,0.5511684125705076,560,681,1241,0.0,-0.0008333472224535399,0.5511684125705116,0.0
116664,2.7792129868831097,0.5511684125705076,560,681,1241,0.0,-0.0008333472224535399,0.5511684125705116,0.0
116665,2.778379639660656,0.5511684125705076,560,681,1241,0.0,-0.0008333472224535399,0.5511684125705116,0.0
116666,2.7775462924382026,0.5511684125705076,560,681,1241,0.0,-0.0008333472224535399,0.5511684125705116,0.0
116667,2.776712945215749,0.5511684125705076,560,681,1241,0.0,-0.0008333472224535399,0.5511684125705116,0.0
116668,2.7758795979932955,0.5511684125705076,560,681,1241,0.0,-0.0008333472224535399,0.5511684125705116,0.0
116669,2.775046250770842,0.5511684125705076,560,681,1241,0.0,-0.0008333472224535399,0.5511684125705116,0.0
116670,2.7742129035483885,0.5511684125705076,560,681,1241,0.0,-0.0008333472224535399,0.5511684125705116,0.0
116671,2.773379556325935,0.5511684125705076,560,681,1241,0.0,-0.0008333472224535399,0.5511684125705116,0.0
116672,2.7725462091034814,0.5511684125705076,560,681,1241,0.0,-0.0008333472224535399,0.5511684125705116,0.0
116673,2.771712861881028,0.5511684125705076,560,681,1241,0.0,-0.0008333472224535399,0.5511684125705116,0.0
116674,2.7708795146585743,0.5511684125705076,560,681,1241,0.0,-0.0008333472224535399,0.5511684125705116,0.0
116675,2.7700461674361208,0.5511684125705076,560,681,1241,0.0,-0.0008333472224535399,0.5511684125705116,0.0
116676,2.769212820213667,0.5511684125705076,560,681,1241,0.0,-0.0008333472224535399,0.5511684125705116,0.0
116677,2.7683794729912137,0.5511684125705076,560,681,1241,0.0,-0.0008333472224535399,0.5511684125705116,0.0
116678,2.76754612576876,0.5511684125705076,560,681,1241,0.0,-0.0008333472224535399,0.5511684125705116,0.0
116679,2.7667127785463066,0.5511684125705076,560,681,1241,0.0,-0.0008333472224535399,0.5511684125705116,0.0
116680,2.765879431323853,0.5511684125705076,560,681,1241,0.0,-0.0008333472224535399,0.5511684125705116,0.0
116681,2.7650460841013995,0.5511684125705076,560,681,1241,0.0,-0.0008333472224535399,0.5511684125705116,0.0
116682,2.764212736878946,0.5511684125705076,560,681,1241,0.0,-0.0008333472224535399,0.5511684125705116,0.0
116683,2.7633793896564924,0.5511684125705076,560,681,1241,0.0,-0.0008333472224535399,0.5511684125705116,0.0
116684,2.762546042434039,0.5511684125705076,560,681,1241,0.0,-0.0008333472224535399,0.5511684125705116,0.0
116685,2.7617126952115854,0.5511684125705076,560,681,1241,0.0,-0.0008333472224535399,0.5511684125705116,0.0
116686,2.760879347989132,0.5511684125705076,560,681,1241,0.0,-0.0008333472224535399,0.5511684125705116,0.0
116687,2.7600460007666783,0.5511684125705076,560,681,1241,0.0,-0.0008333472224535399,0.5511684125705116,0.0
116688,2.7592126535442247,0.5511684125705076,560,681,1241,0.0,-0.0008333472224535399,0.5511684125705116,0.0
116689,2.758379306321771,0.5511684125705076,560,681,1241,0.0,-0.0008333472224535399,0.5511684125705116,0.0
116690,2.7575459590993177,0.5511684125705076,560,681,1241,0.0,-0.0008333472224535399,0.5511684125705116,0.0
116691,2.756712611876864,0.5511684125705076,560,681,1241,0.0,-0.0008333472224535399,0.5511684125705116,0.0
116692,2.7558792646544106,0.5511684125705076,560,681,1241,0.0,-0.0008333472224535399,0.5511684125705116,0.0
116693,2.755045917431957,0.5511684125705076,560,681,1241,0.0,-0.0008333472224535399,0.5511684125705116,0.0
116694,2.7542125702095035,0.5511684125705076,560,681,1241,0.0,-0.0008333472224535399,0.5511684125705116,0.0
116695,2.75337922298705,0.5511684125705076,560,681,1241,0.0,-0.0008333472224535399,0.5511684125705116,0.0
116696,2.7525458757645964,0.5511684125705076,560,681,1241,0.0,-0.0008333472224535399,0.5511684125705116,0.0
116697,2.751712528542143,0.5511684125705076,560,681,1241,0.0,-0.0008333472224535399,0.5511684125705116,0.0
116698,2.7508791813196893,0.5511684125705076,560,681,1241,0.0,-0.0008333472224535399,0.5511684125705116,0.0
116699,2.750045834097236,0.5511684125705076,560,681,1241,0.0,-0.0008333472224535399,0.5511684125705116,0.0
116700,2.7492124868747823,0.5511684125705076,560,681,1241,0.0,-0.0008333472224535399,0.5511684125705116,0.0
116701,2.7483791396523287,0.5511684125705076,560,681,1241,0.0,-0.0008333472224535399,0.5511684125705116,0.0
116702,2.747545792429875,0.5511684125705076,560,681,1241,0.0,-0.0008333472224535399,0.5511684125705116,0.0
116703,2.7467124452074216,0.5511684125705076,560,681,1241,0.0,-0.0008333472224535399,0.5511684125705116,0.0
116704,2.745879097984961,0.5511684125705076,560,681,1241,0.0,-0.0008333472224606453,0.5511684125705116,0.0
116705,2.7450457507625075,0.5511684125705076,560,681,1241,0.0,-0.0008333472224535399,0.5511684125705116,0.0
116706,2.744212403540054,0.5511684125705076,560,681,1241,0.0,-0.0008333472224535399,0.5511684125705116,0.0
116707,2.7433790563176004,0.5511684125705076,560,681,1241,0.0,-0.0008333472224535399,0.5511684125705116,0.0
116708,2.742545709095147,0.5511684125705076,560,681,1241,0.0,-0.0008333472224535399,0.5511684125705116,0.0
116709,2.7417123618726933,0.5511684125705076,560,681,1241,0.0,-0.0008333472224535399,0.5511684125705116,0.0
116710,2.7408790146502398,0.5511684125705076,560,681,1241,0.0,-0.0008333472224535399,0.5511684125705116,0.0
116711,2.740045667427786,0.5511684125705076,560,681,1241,0.0,-0.0008333472224535399,0.5511684125705116,0.0
116712,2.7392123202053327,0.5511684125705076,560,681,1241,0.0,-0.0008333472224535399,0.5511684125705116,0.0
116713,2.738378972982879,0.5511684125705076,560,681,1241,0.0,-0.0008333472224535399,0.5511684125705116,0.0
116714,2.7375456257604256,0.5511684125705076,560,681,1241,0.0,-0.0008333472224535399,0.5511684125705116,0.0
116715,2.736712278537972,0.5511684125705076,560,681,1241,0.0,-0.0008333472224535399,0.5511684125705116,0.0
116716,2.7358789313155185,0.5511684125705076,560,681,1241,0.0,-0.0008333472224535399,0.5511684125705116,0.0
116717,2.735045584093065,0.5511684125705076,560,681,1241,0.0,-0.0008333472224535399,0.5511684125705116,0.0
116718,2.7342122368706114,0.5511684125705076,560,681,1241,0.0,-0.0008333472224535399,0.5511684125705116,0.0
116719,2.733378889648158,0.5511684125705076,560,681,1241,0.0,-0.0008333472224535399,0.5511684125705116,0.0
116720,2.7325455424257044,0.5511684125705076,560,681,1241,0.0,-0.0008333472224535399,0.5511684125705116,0.0
116721,2.731712195203251,0.5511684125705076,560,681,1241,0.0,-0.0008333472224535399,0.5511684125705116,0.0
116722,2.7308788479807973,0.5511684125705076,560,681,1241,0.0,-0.0008333472224535399,0.5511684125705116,0.0
116723,2.7300455007583437,0.5511684125705076,560,681,1241,0.0,-0.0008333472224535399,0.5511684125705116,0.0
116724,2.72921215353589,0.5511684125705076,560,681,1241,0.0,-0.0008333472224535399,0.5511684125705116,0.0
116725,2.7283788063134367,0.5511684125705076,560,681,1241,0.0,-0.0008333472224535399,0.5511684125705116,0.0
116726,2.727545459090983,0.5511684125705076,560,681,1241,0.0,-0.0008333472224535399,0.5511684125705116,0.0
116727,2.7267121118685296,0.5511684125705076,560,681,1241,0.0,-0.0008333472224535399,0.5511684125705116,0.0
116728,2.725878764646076,0.5511684125705076,560,681,1241,0.0,-0.0008333472224535399,0.5511684125705116,0.0
116729,2.7250454174236225,0.5511684125705076,560,681,1241,0.0,-0.0008333472224535399,0.5511684125705116,0.0
116730,2.724212070201169,0.5511684125705076,560,681,1241,0.0,-0.0008333472224535399,0.5511684125705116,0.0
116731,2.7233787229787154,0.5511684125705076,560,681,1241,0.0,-0.0008333472224535399,0.5511684125705116,0.0
116732,2.722545375756262,0.5511684125705076,560,681,1241,0.0,-0.0008333472224535399,0.5511684125705116,0.0
116733,2.7217120285338083,0.5511684125705076,560,681,1241,0.0,-0.0008333472224535399,0.5511684125705116,0.0
116734,2.720878681311355,0.5511684125705076,560,681,1241,0.0,-0.0008333472224535399,0.5511684125705116,0.0
116735,2.7200453340889013,0.5511684125705076,560,681,1241,0.0,-0.0008333472224535399,0.5511684125705116,0.0
116736,2.7192119868664477,0.5511684125705076,560,681,1241,0.0,-0.0008333472224535399,0.5511684125705116,0.0
116737,2.718378639643994,0.5511684125705076,560,681,1241,0.0,-0.0008333472224535399,0.5511684125705116,0.0
116738,2.7175452924215406,0.5511684125705076,560,681,1241,0.0,-0.0008333472224535399,0.5511684125705116,0.0
116739,2.716711945199087,0.5511684125705076,560,681,1241,0.0,-0.0008333472224535399,0.5511684125705116,0.0
116740,2.7158785979766336,0.5511684125705076,560,681,1241,0.0,-0.0008333472224535399,0.5511684125705116,0.0
116741,2.71504525075418,0.5511684125705076,560,681,1241,0.0,-0.0008333472224535399,0.5511684125705116,0.0
116742,2.7142119035317265,0.5511684125705076,560,681,1241,0.0,-0.0008333472224535399,0.5511684125705116,0.0
116743,2.713378556309273,0.5511684125705076,560,681,1241,0.0,-0.0008333472224535399,0.5511684125705116,0.0
116744,2.7125452090868194,0.5511684125705076,560,681,1241,0.0,-0.0008333472224535399,0.5511684125705116,0.0
116745,2.711711861864366,0.5511684125705076,560,681,1241,0.0,-0.0008333472224535399,0.5511684125705116,0.0
116746,2.710878514641905,0.5511684125705076,560,681,1241,0.0,-0.0008333472224606453,0.5511684125705116,0.0
116747,2.7100451674194517,0.5511684125705076,560,681,1241,0.0,-0.0008333472224535399,0.5511684125705116,0.0
116748,2.709211820196998,0.5511684125705076,560,681,1241,0.0,-0.0008333472224535399,0.5511684125705116,0.0
116749,2.7083784729745446,0.5511684125705076,560,681,1241,0.0,-0.0008333472224535399,0.5511684125705116,0.0
116750,2.707545125752091,0.5511684125705076,560,681,1241,0.0,-0.0008333472224535399,0.5511684125705116,0.0
116751,2.7067117785296375,0.5511684125705076,560,681,1241,0.0,-0.0008333472224535399,0.5511684125705116,0.0
116752,2.705878431307184,0.5511684125705076,560,681,1241,0.0,-0.0008333472224535399,0.5511684125705116,0.0
116753,2.7050450840847304,0.5511684125705076,560,681,1241,0.0,-0.0008333472224535399,0.5511684125705116,0.0
116754,2.704211736862277,0.5511684125705076,560,681,1241,0.0,-0.0008333472224535399,0.5511684125705116,0.0
116755,2.7033783896398234,0.5511684125705076,560,681,1241,0.0,-0.0008333472224535399,0.5511684125705116,0.0
116756,2.70254504241737,0.5511684125705076,560,681,1241,0.0,-0.0008333472224535399,0.5511684125705116,0.0
116757,2.7017116951949163,0.5511684125705076,560,681,1241,0.0,-0.0008333472224535399,0.5511684125705116,0.0
116758,2.7008783479724627,0.5511684125705076,560,681,1241,0.0,-0.0008333472224535399,0.5511684125705116,0.0
116759,2.700045000750009,0.5511684125705076,560,681,1241,0.0,-0.0008333472224535399,0.5511684125705116,0.0
116760,2.6992116535275557,0.5511684125705076,560,681,1241,0.0,-0.0008333472224535399,0.5511684125705116,0.0
116761,2.698378306305102,0.5511684125705076,560,681,1241,0.0,-0.0008333472224535399,0.5511684125705116,0.0
116762,2.6975449590826486,0.5511684125705076,560,681,1241,0.0,-0.0008333472224535399,0.5511684125705116,0.0
116763,2.696711611860195,0.5511684125705076,560,681,1241,0.0,-0.0008333472224535399,0.5511684125705116,0.0
116764,2.6958782646377415,0.5511684125705076,560,681,1241,0.0,-0.0008333472224535399,0.5511684125705116,0.0
116765,2.695044917415288,0.5511684125705076,560,681,1241,0.0,-0.0008333472224535399,0.5511684125705116,0.0
116766,2.6942115701928344,0.5511684125705076,560,681,1241,0.0,-0.0008333472224535399,0.5511684125705116,0.0
116767,2.693378222970381,0.5511684125705076,560,681,1241,0.0,-0.0008333472224535399,0.5511684125705116,0.0
116768,2.6925448757479273,0.5511684125705076,560,681,1241,0.0,-0.0008333472224535399,0.5511684125705116,0.0
116769,2.691711528525474,0.5511684125705076,560,681,1241,0.0,-0.0008333472224535399,0.5511684125705116,0.0
116770,2.6908781813030203,0.5511684125705076,560,681,1241,0.0,-0.0008333472224535399,0.5511684125705116,0.0
116771,2.6900448340805667,0.5511684125705076,560,681,1241,0.0,-0.0008333472224535399,0.5511684125705116,0.0
116772,2.689211486858113,0.5511684125705076,560,681,1241,0.0,-0.0008333472224535399,0.5511684125705116,0.0
116773,2.6883781396356596,0.5511684125705076,560,681,1241,0.0,-0.0008333472224535399,0.5511684125705116,0.0
116774,2.687544792413206,0.5511684125705076,560,681,1241,0.0,-0.0008333472224535399,0.5511684125705116,0.0
116775,2.6867114451907526,0.5511684125705076,560,681,1241,0.0,-0.0008333472224535399,0.5511684125705116,0.0
116776,2.685878097968299,0.5511684125705076,560,681,1241,0.0,-0.0008333472224535399,0.5511684125705116,0.0
116777,2.6850447507458455,0.5519742143432715,560,681,1241,0.0008058017727639033,-0.0008333472224535399,0.5512489927477879,8.058017727639034e-05
116778,2.684211403523392,0.5519742143432715,560,681,1241,0.0,-0.0008333472224535399,0.5513295729250643,8.058017727639034e-05
116779,2.6833780563009384,0.5519742143432715,560,681,1241,0.0,-0.0008333472224535399,0.5514101531023406,8.058017727639034e-05
116780,2.682544709078485,0.5519742143432715,560,681,1241,0.0,-0.0008333472224535399,0.5514907332796171,8.058017727639034e-05
116781,2.6817113618560313,0.5519742143432715,560,681,1241,0.0,-0.0008333472224535399,0.5515713134568934,8.058017727639034e-05
116782,2.6808780146335778,0.5519742143432715,560,681,1241,0.0,-0.0008333472224535399,0.5516518936341697,8.058017727639034e-05
116783,2.6800446674111242,0.5519742143432715,560,681,1241,0.0,-0.0008333472224535399,0.5517324738114461,8.058017727639034e-05
116784,2.6792113201886707,0.5519742143432715,560,681,1241,0.0,-0.0008333472224535399,0.5518130539887224,8.058017727639034e-05
116785,2.678377972966217,0.5519742143432715,560,681,1241,0.0,-0.0008333472224535399,0.5518936341659988,8.058017727639034e-05
116786,2.6775446257437636,0.5519742143432715,560,681,1241,0.0,-0.0008333472224535399,0.5519742143432751,8.058017727639034e-05
116787,2.67671127852131,0.5519742143432715,560,681,1241,0.0,-0.0008333472224535399,0.5519742143432751,0.0
116788,2.6758779312988494,0.5519742143432715,560,681,1241,0.0,-0.0008333472224606453,0.5519742143432751,0.0
116789,2.675044584076396,0.5519742143432715,560,681,1241,0.0,-0.0008333472224535399,0.5519742143432751,0.0
116790,2.6742112368539424,0.5519742143432715,560,681,1241,0.0,-0.0008333472224535399,0.5519742143432751,0.0
116791,2.673377889631489,0.5519742143432715,560,681,1241,0.0,-0.0008333472224535399,0.5519742143432751,0.0
116792,2.6725445424090353,0.5519742143432715,560,681,1241,0.0,-0.0008333472224535399,0.5519742143432751,0.0
116793,2.6717111951865817,0.5519742143432715,560,681,1241,0.0,-0.0008333472224535399,0.5519742143432751,0.0
116794,2.670877847964128,0.5519742143432715,560,681,1241,0.0,-0.0008333472224535399,0.5519742143432751,0.0
116795,2.6700445007416747,0.5519742143432715,560,681,1241,0.0,-0.0008333472224535399,0.5519742143432751,0.0
116796,2.669211153519221,0.5519742143432715,560,681,1241,0.0,-0.0008333472224535399,0.5519742143432751,0.0
116797,2.6683778062967676,0.5519742143432715,560,681,1241,0.0,-0.0008333472224535399,0.5519742143432751,0.0
116798,2.667544459074314,0.5519742143432715,560,681,1241,0.0,-0.0008333472224535399,0.5519742143432751,0.0
116799,2.6667111118518605,0.5519742143432715,560,681,1241,0.0,-0.0008333472224535399,0.5519742143432751,0.0
116800,2.665877764629407,0.5519742143432715,560,681,1241,0.0,-0.0008333472224535399,0.5519742143432751,0.0
116801,2.6650444174069534,0.5519742143432715,560,681,1241,0.0,-0.0008333472224535399,0.5519742143432751,0.0
116802,2.6642110701845,0.5519742143432715,560,681,1241,0.0,-0.0008333472224535399,0.5519742143432751,0.0
116803,2.6633777229620463,0.5519742143432715,560,681,1241,0.0,-0.0008333472224535399,0.5519742143432751,0.0
116804,2.662544375739593,0.5519742143432715,560,681,1241,0.0,-0.0008333472224535399,0.5519742143432751,0.0
116805,2.6617110285171393,0.5519742143432715,560,681,1241,0.0,-0.0008333472224535399,0.5519742143432751,0.0
116806,2.6608776812946857,0.5519742143432715,560,681,1241,0.0,-0.0008333472224535399,0.5519742143432751,0.0
116807,2.660044334072232,0.5519742143432715,560,681,1241,0.0,-0.0008333472224535399,0.5519742143432751,0.0
116808,2.6592109868497786,0.5527800161160354,560,681,1241,0.0008058017727639033,-0.0008333472224535399,0.5520547945205514,8.058017727639034e-05
116809,2.658377639627325,0.5527800161160354,560,681,1241,0.0,-0.0008333472224535399,0.5521353746978278,8.058017727639034e-05
116810,2.6575442924048716,0.5527800161160354,560,681,1241,0.0,-0.0008333472224535399,0.5522159548751041,8.058017727639034e-05
116811,2.656710945182418,0.5527800161160354,560,681,1241,0.0,-0.0008333472224535399,0.5522965350523805,8.058017727639034e-05
116812,2.6558775979599645,0.5527800161160354,560,681,1241,0.0,-0.0008333472224535399,0.5523771152296568,8.058017727639034e-05
116813,2.655044250737511,0.5527800161160354,560,681,1241,0.0,-0.0008333472224535399,0.5524576954069331,8.058017727639034e-05
116814,2.6542109035150574,0.5527800161160354,560,681,1241,0.0,-0.0008333472224535399,0.5525382755842095,8.058017727639034e-05
116815,2.653377556292604,0.5527800161160354,560,681,1241,0.0,-0.0008333472224535399,0.5526188557614858,8.058017727639034e-05
116816,2.6525442090701503,0.5527800161160354,560,681,1241,0.0,-0.0008333472224535399,0.5526994359387623,8.058017727639034e-05
116817,2.6517108618476968,0.5527800161160354,560,681,1241,0.0,-0.0008333472224535399,0.5527800161160386,8.058017727639034e-05
116818,2.6508775146252432,0.5527800161160354,560,681,1241,0.0,-0.0008333472224535399,0.5527800161160386,0.0
116819,2.6500441674027897,0.5527800161160354,560,681,1241,0.0,-0.0008333472224535399,0.5527800161160386,0.0
116820,2.649210820180336,0.5527800161160354,560,681,1241,0.0,-0.0008333472224535399,0.5527800161160386,0.0
116821,2.6483774729578826,0.5519742143432715,560,681,1241,-0.0008058017727639033,-0.0008333472224535399,0.5526994359387623,-8.058017727639034e-05
116822,2.647544125735429,0.5519742143432715,560,681,1241,0.0,-0.0008333472224535399,0.5526188557614858,-8.058017727639034e-05
116823,2.6467107785129755,0.5519742143432715,560,681,1241,0.0,-0.0008333472224535399,0.5525382755842095,-8.058017727639034e-05
116824,2.645877431290522,0.5519742143432715,560,681,1241,0.0,-0.0008333472224535399,0.5524576954069331,-8.058017727639034e-05
116825,2.6450440840680685,0.5519742143432715,560,681,1241,0.0,-0.0008333472224535399,0.5523771152296568,-8.058017727639034e-05
116826,2.644210736845615,0.5519742143432715,560,681,1241,0.0,-0.0008333472224535399,0.5522965350523805,-8.058017727639034e-05
116827,2.6433773896231614,0.5519742143432715,560,681,1241,0.0,-0.0008333472224535399,0.5522159548751041,-8.058017727639034e-05
116828,2.642544042400708,0.5519742143432715,560,681,1241,0.0,-0.0008333472224535399,0.5521353746978278,-8.058017727639034e-05
116829,2.6417106951782543,0.5519742143432715,560,681,1241,0.0,-0.0008333472224535399,0.5520547945205514,-8.058017727639034e-05
116830,2.6408773479558008,0.5519742143432715,560,681,1241,0.0,-0.0008333472224535399,0.5519742143432751,-8.058017727639034e-05
116831,2.64004400073334,0.5519742143432715,560,681,1241,0.0,-0.0008333472224606453,0.5519742143432751,0.0
116832,2.6392106535108866,0.5519742143432715,560,681,1241,0.0,-0.0008333472224535399,0.5519742143432751,0.0
116833,2.638377306288433,0.5519742143432715,560,681,1241,0.0,-0.0008333472224535399,0.5519742143432751,0.0
116834,2.6375439590659795,0.5519742143432715,560,681,1241,0.0,-0.0008333472224535399,0.5519742143432751,0.0
116835,2.636710611843526,0.5519742143432715,560,681,1241,0.0,-0.0008333472224535399,0.5519742143432751,0.0
116836,2.6358772646210724,0.5519742143432715,560,681,1241,0.0,-0.0008333472224535399,0.5519742143432751,0.0
116837,2.635043917398619,0.5519742143432715,560,681,1241,0.0,-0.0008333472224535399,0.5519742143432751,0.0
116838,2.6342105701761653,0.5519742143432715,560,681,1241,0.0,-0.0008333472224535399,0.5519742143432751,0.0
116839,2.633377222953712,0.5519742143432715,560,681,1241,0.0,-0.0008333472224535399,0.5519742143432751,0.0
116840,2.6325438757312583,0.5519742143432715,560,681,1241,0.0,-0.0008333472224535399,0.5519742143432751,0.0
116841,2.6317105285088047,0.5519742143432715,560,681,1241,0.0,-0.0008333472224535399,0.5519742143432751,0.0
116842,2.630877181286351,0.5519742143432715,560,681,1241,0.0,-0.0008333472224535399,0.5519742143432751,0.0
116843,2.6300438340638976,0.5519742143432715,560,681,1241,0.0,-0.0008333472224535399,0.5519742143432751,0.0
116844,2.629210486841444,0.5519742143432715,560,681,1241,0.0,-0.0008333472224535399,0.5519742143432751,0.0
116845,2.6283771396189906,0.5519742143432715,560,681,1241,0.0,-0.0008333472224535399,0.5519742143432751,0.0
116846,2.627543792396537,0.5519742143432715,560,681,1241,0.0,-0.0008333472224535399,0.5519742143432751,0.0
116847,2.6267104451740835,0.5519742143432715,560,681,1241,0.0,-0.0008333472224535399,0.5519742143432751,0.0
116848,2.62587709795163,0.5519742143432715,560,681,1241,0.0,-0.0008333472224535399,0.5519742143432751,0.0
116849,2.6250437507291764,0.5519742143432715,560,681,1241,0.0,-0.0008333472224535399,0.5519742143432751,0.0
116850,2.624210403506723,0.5519742143432715,560,681,1241,0.0,-0.0008333472224535399,0.5519742143432751,0.0
116851,2.6233770562842693,0.5519742143432715,560,681,1241,0.0,-0.0008333472224535399,0.5519742143432751,0.0
116852,2.6225437090618158,0.5519742143432715,560,681,1241,0.0,-0.0008333472224535399,0.5519742143432751,0.0
116853,2.6217103618393622,0.5519742143432715,560,681,1241,0.0,-0.0008333472224535399,0.5519742143432751,0.0
116854,2.6208770146169087,0.5519742143432715,560,681,1241,0.0,-0.0008333472224535399,0.5519742143432751,0.0
116855,2.620043667394455,0.5519742143432715,560,681,1241,0.0,-0.0008333472224535399,0.5519742143432751,0.0
116856,2.6192103201720016,0.5519742143432715,560,681,1241,0.0,-0.0008333472224535399,0.5519742143432751,0.0
116857,2.618376972949548,0.5519742143432715,560,681,1241,0.0,-0.0008333472224535399,0.5519742143432751,0.0
116858,2.6175436257270945,0.5519742143432715,560,681,1241,0.0,-0.0008333472224535399,0.5519742143432751,0.0
116859,2.616710278504641,0.5519742143432715,560,681,1241,0.0,-0.0008333472224535399,0.5519742143432751,0.0
116860,2.6158769312821875,0.5519742143432715,560,681,1241,0.0,-0.0008333472224535399,0.5519742143432751,0.0
116861,2.615043584059734,0.5519742143432715,560,681,1241,0.0,-0.0008333472224535399,0.5519742143432751,0.0
116862,2.6142102368372804,0.5519742143432715,560,681,1241,0.0,-0.0008333472224535399,0.5519742143432751,0.0
116863,2.613376889614827,0.5519742143432715,560,681,1241,0.0,-0.0008333472224535399,0.5519742143432751,0.0
116864,2.6125435423923733,0.5519742143432715,560,681,1241,0.0,-0.0008333472224535399,0.5519742143432751,0.0
116865,2.6117101951699198,0.5519742143432715,560,681,1241,0.0,-0.0008333472224535399,0.5519742143432751,0.0
116866,2.610876847947466,0.5519742143432715,560,681,1241,0.0,-0.0008333472224535399,0.5519742143432751,0.0
116867,2.6100435007250127,0.5519742143432715,560,681,1241,0.0,-0.0008333472224535399,0.5519742143432751,0.0
116868,2.609210153502559,0.5519742143432715,560,681,1241,0.0,-0.0008333472224535399,0.5519742143432751,0.0
116869,2.6083768062801056,0.5519742143432715,560,681,1241,0.0,-0.0008333472224535399,0.5519742143432751,0.0
116870,2.607543459057652,0.5519742143432715,560,681,1241,0.0,-0.0008333472224535399,0.5519742143432751,0.0
116871,2.6067101118351985,0.5519742143432715,560,681,1241,0.0,-0.0008333472224535399,0.5519742143432751,0.0
116872,2.605876764612745,0.5519742143432715,560,681,1241,0.0,-0.0008333472224535399,0.5519742143432751,0.0
116873,2.6050434173902843,0.5519742143432715,560,681,1241,0.0,-0.0008333472224606453,0.5519742143432751,0.0
116874,2.604210070167831,0.5519742143432715,560,681,1241,0.0,-0.0008333472224535399,0.5519742143432751,0.0
116875,2.6033767229453773,0.5519742143432715,560,681,1241,0.0,-0.0008333472224535399,0.5519742143432751,0.0
116876,2.6025433757229237,0.5519742143432715,560,681,1241,0.0,-0.0008333472224535399,0.5519742143432751,0.0
116877,2.60171002850047,0.5519742143432715,560,681,1241,0.0,-0.0008333472224535399,0.5519742143432751,0.0
116878,2.6008766812780166,0.5519742143432715,560,681,1241,0.0,-0.0008333472224535399,0.5519742143432751,0.0
116879,2.600043334055563,0.5519742143432715,560,681,1241,0.0,-0.0008333472224535399,0.5519742143432751,0.0
116880,2.5992099868331096,0.5519742143432715,560,681,1241,0.0,-0.0008333472224535399,0.5519742143432751,0.0
116881,2.598376639610656,0.5519742143432715,560,681,1241,0.0,-0.0008333472224535399,0.5519742143432751,0.0
116882,2.5975432923882025,0.5519742143432715,560,681,1241,0.0,-0.0008333472224535399,0.5519742143432751,0.0
116883,2.596709945165749,0.5519742143432715,560,681,1241,0.0,-0.0008333472224535399,0.5519742143432751,0.0
116884,2.5958765979432954,0.5519742143432715,560,681,1241,0.0,-0.0008333472224535399,0.5519742143432751,0.0
116885,2.595043250720842,0.5519742143432715,560,681,1241,0.0,-0.0008333472224535399,0.5519742143432751,0.0
116886,2.5942099034983883,0.5519742143432715,560,681,1241,0.0,-0.0008333472224535399,0.5519742143432751,0.0
116887,2.5933765562759348,0.5519742143432715,560,681,1241,0.0,-0.0008333472224535399,0.5519742143432751,0.0
116888,2.5925432090534812,0.5519742143432715,560,681,1241,0.0,-0.0008333472224535399,0.5519742143432751,0.0
116889,2.5917098618310277,0.5519742143432715,560,681,1241,0.0,-0.0008333472224535399,0.5519742143432751,0.0
116890,2.590876514608574,0.5519742143432715,560,681,1241,0.0,-0.0008333472224535399,0.5519742143432751,0.0
116891,2.5900431673861206,0.5519742143432715,560,681,1241,0.0,-0.0008333472224535399,0.5519742143432751,0.0
116892,2.589209820163667,0.5519742143432715,560,681,1241,0.0,-0.0008333472224535399,0.5519742143432751,0.0
116893,2.5883764729412135,0.5519742143432715,560,681,1241,0.0,-0.0008333472224535399,0.5519742143432751,0.0
116894,2.58754312571876,0.5519742143432715,560,681,1241,0.0,-0.0008333472224535399,0.5519742143432751,0.0
116895,2.5867097784963065,0.5519742143432715,560,681,1241,0.0,-0.0008333472224535399,0.5519742143432751,0.0
116896,2.585876431273853,0.5519742143432715,560,681,1241,0.0,-0.0008333472224535399,0.5519742143432751,0.0
116897,2.5850430840513994,0.5519742143432715,560,681,1241,0.0,-0.0008333472224535399,0.5519742143432751,0.0
116898,2.584209736828946,0.5519742143432715,560,681,1241,0.0,-0.0008333472224535399,0.5519742143432751,0.0
116899,2.5833763896064923,0.5519742143432715,560,681,1241,0.0,-0.0008333472224535399,0.5519742143432751,0.0
116900,2.5825430423840388,0.5511684125705076,560,681,1241,-0.0008058017727639033,-0.0008333472224535399,0.5518936341659988,-8.058017727639034e-05
116901,2.581709695161585,0.5511684125705076,560,681,1241,0.0,-0.0008333472224535399,0.5518130539887224,-8.058017727639034e-05
116902,2.5808763479391317,0.5511684125705076,560,681,1241,0.0,-0.0008333472224535399,0.5517324738114461,-8.058017727639034e-05
116903,2.580043000716678,0.5511684125705076,560,681,1241,0.0,-0.0008333472224535399,0.5516518936341697,-8.058017727639034e-05
116904,2.5792096534942246,0.5511684125705076,560,681,1241,0.0,-0.0008333472224535399,0.5515713134568934,-8.058017727639034e-05
116905,2.578376306271771,0.5511684125705076,560,681,1241,0.0,-0.0008333472224535399,0.5514907332796171,-8.058017727639034e-05
116906,2.5775429590493175,0.5511684125705076,560,681,1241,0.0,-0.0008333472224535399,0.5514101531023406,-8.058017727639034e-05
116907,2.576709611826864,0.5511684125705076,560,681,1241,0.0,-0.0008333472224535399,0.5513295729250643,-8.058017727639034e-05
116908,2.5758762646044104,0.5511684125705076,560,681,1241,0.0,-0.0008333472224535399,0.5512489927477879,-8.058017727639034e-05
116909,2.575042917381957,0.5511684125705076,560,681,1241,0.0,-0.0008333472224535399,0.5511684125705116,-8.058017727639034e-05
116910,2.5742095701595034,0.5511684125705076,560,681,1241,0.0,-0.0008333472224535399,0.5511684125705116,0.0
116911,2.57337622293705,0.5511684125705076,560,681,1241,0.0,-0.0008333472224535399,0.5511684125705116,0.0
116912,2.5725428757145963,0.5511684125705076,560,681,1241,0.0,-0.0008333472224535399,0.5511684125705116,0.0
116913,2.5717095284921427,0.5511684125705076,560,681,1241,0.0,-0.0008333472224535399,0.5511684125705116,0.0
116914,2.570876181269689,0.5511684125705076,560,681,1241,0.0,-0.0008333472224535399,0.5511684125705116,0.0
116915,2.5700428340472357,0.5511684125705076,560,681,1241,0.0,-0.0008333472224535399,0.5511684125705116,0.0
116916,2.569209486824775,0.5511684125705076,560,681,1241,0.0,-0.0008333472224606453,0.5511684125705116,0.0
116917,2.5683761396023215,0.5511684125705076,560,681,1241,0.0,-0.0008333472224535399,0.5511684125705116,0.0
116918,2.567542792379868,0.5511684125705076,560,681,1241,0.0,-0.0008333472224535399,0.5511684125705116,0.0
116919,2.5667094451574144,0.5511684125705076,560,681,1241,0.0,-0.0008333472224535399,0.5511684125705116,0.0
116920,2.565876097934961,0.5511684125705076,560,681,1241,0.0,-0.0008333472224535399,0.5511684125705116,0.0
116921,2.5650427507125073,0.5511684125705076,560,681,1241,0.0,-0.0008333472224535399,0.5511684125705116,0.0
116922,2.5642094034900538,0.5511684125705076,560,681,1241,0.0,-0.0008333472224535399,0.5511684125705116,0.0
116923,2.5633760562676002,0.5511684125705076,560,681,1241,0.0,-0.0008333472224535399,0.5511684125705116,0.0
116924,2.5625427090451467,0.5511684125705076,560,681,1241,0.0,-0.0008333472224535399,0.5511684125705116,0.0
116925,2.561709361822693,0.5511684125705076,560,681,1241,0.0,-0.0008333472224535399,0.5511684125705116,0.0
116926,2.5608760146002396,0.5511684125705076,560,681,1241,0.0,-0.0008333472224535399,0.5511684125705116,0.0
116927,2.560042667377786,0.5511684125705076,560,681,1241,0.0,-0.0008333472224535399,0.5511684125705116,0.0
116928,2.5592093201553325,0.5511684125705076,560,681,1241,0.0,-0.0008333472224535399,0.5511684125705116,0.0
116929,2.558375972932879,0.5511684125705076,560,681,1241,0.0,-0.0008333472224535399,0.5511684125705116,0.0
116930,2.5575426257104255,0.5511684125705076,560,681,1241,0.0,-0.0008333472224535399,0.5511684125705116,0.0
116931,2.556709278487972,0.5511684125705076,560,681,1241,0.0,-0.0008333472224535399,0.5511684125705116,0.0
116932,2.5558759312655184,0.5511684125705076,560,681,1241,0.0,-0.0008333472224535399,0.5511684125705116,0.0
116933,2.555042584043065,0.5511684125705076,560,681,1241,0.0,-0.0008333472224535399,0.5511684125705116,0.0
116934,2.5542092368206113,0.5511684125705076,560,681,1241,0.0,-0.0008333472224535399,0.5511684125705116,0.0
116935,2.5533758895981578,0.5511684125705076,560,681,1241,0.0,-0.0008333472224535399,0.5511684125705116,0.0
116936,2.552542542375704,0.5511684125705076,560,681,1241,0.0,-0.0008333472224535399,0.5511684125705116,0.0
116937,2.5517091951532507,0.5511684125705076,560,681,1241,0.0,-0.0008333472224535399,0.5511684125705116,0.0
116938,2.550875847930797,0.5511684125705076,560,681,1241,0.0,-0.0008333472224535399,0.5511684125705116,0.0
116939,2.5500425007083436,0.5511684125705076,560,681,1241,0.0,-0.0008333472224535399,0.5511684125705116,0.0
116940,2.54920915348589,0.5511684125705076,560,681,1241,0.0,-0.0008333472224535399,0.5511684125705116,0.0
116941,2.5483758062634365,0.5511684125705076,560,681,1241,0.0,-0.0008333472224535399,0.5511684125705116,0.0
116942,2.547542459040983,0.5511684125705076,560,681,1241,0.0,-0.0008333472224535399,0.5511684125705116,0.0
116943,2.5467091118185294,0.5511684125705076,560,681,1241,0.0,-0.0008333472224535399,0.5511684125705116,0.0
116944,2.545875764596076,0.5511684125705076,560,681,1241,0.0,-0.0008333472224535399,0.5511684125705116,0.0
116945,2.5450424173736224,0.5511684125705076,560,681,1241,0.0,-0.0008333472224535399,0.5511684125705116,0.0
116946,2.544209070151169,0.5511684125705076,560,681,1241,0.0,-0.0008333472224535399,0.5511684125705116,0.0
116947,2.5433757229287153,0.5511684125705076,560,681,1241,0.0,-0.0008333472224535399,0.5511684125705116,0.0
116948,2.5425423757062617,0.5511684125705076,560,681,1241,0.0,-0.0008333472224535399,0.5511684125705116,0.0
116949,2.541709028483808,0.5511684125705076,560,681,1241,0.0,-0.0008333472224535399,0.5511684125705116,0.0
116950,2.5408756812613547,0.5511684125705076,560,681,1241,0.0,-0.0008333472224535399,0.5511684125705116,0.0
116951,2.540042334038901,0.5511684125705076,560,681,1241,0.0,-0.0008333472224535399,0.5511684125705116,0.0
116952,2.5392089868164476,0.5511684125705076,560,681,1241,0.0,-0.0008333472224535399,0.5511684125705116,0.0
116953,2.538375639593994,0.5511684125705076,560,681,1241,0.0,-0.0008333472224535399,0.5511684125705116,0.0
116954,2.5375422923715405,0.5511684125705076,560,681,1241,0.0,-0.0008333472224535399,0.5511684125705116,0.0
116955,2.536708945149087,0.5511684125705076,560,681,1241,0.0,-0.0008333472224535399,0.5511684125705116,0.0
116956,2.5358755979266334,0.5511684125705076,560,681,1241,0.0,-0.0008333472224535399,0.5511684125705116,0.0
116957,2.53504225070418,0.5511684125705076,560,681,1241,0.0,-0.0008333472224535399,0.5511684125705116,0.0
116958,2.5342089034817192,0.5511684125705076,560,681,1241,0.0,-0.0008333472224606453,0.5511684125705116,0.0
116959,2.5333755562592657,0.5511684125705076,560,681,1241,0.0,-0.0008333472224535399,0.5511684125705116,0.0
116960,2.532542209036812,0.5511684125705076,560,681,1241,0.0,-0.0008333472224535399,0.5511684125705116,0.0
116961,2.5317088618143586,0.5511684125705076,560,681,1241,0.0,-0.0008333472224535399,0.5511684125705116,0.0
116962,2.530875514591905,0.5511684125705076,560,681,1241,0.0,-0.0008333472224535399,0.5511684125705116,0.0
116963,2.5300421673694515,0.5511684125705076,560,681,1241,0.0,-0.0008333472224535399,0.5511684125705116,0.0
116964,2.529208820146998,0.5511684125705076,560,681,1241,0.0,-0.0008333472224535399,0.5511684125705116,0.0
116965,2.5283754729245445,0.5511684125705076,560,681,1241,0.0,-0.0008333472224535399,0.5511684125705116,0.0
116966,2.527542125702091,0.5511684125705076,560,681,1241,0.0,-0.0008333472224535399,0.5511684125705116,0.0
116967,2.5267087784796374,0.5511684125705076,560,681,1241,0.0,-0.0008333472224535399,0.5511684125705116,0.0
116968,2.525875431257184,0.5511684125705076,560,681,1241,0.0,-0.0008333472224535399,0.5511684125705116,0.0
116969,2.5250420840347303,0.5511684125705076,560,681,1241,0.0,-0.0008333472224535399,0.5511684125705116,0.0
116970,2.5242087368122768,0.5511684125705076,560,681,1241,0.0,-0.0008333472224535399,0.5511684125705116,0.0
116971,2.523375389589823,0.5511684125705076,560,681,1241,0.0,-0.0008333472224535399,0.5511684125705116,0.0
116972,2.5225420423673697,0.5511684125705076,560,681,1241,0.0,-0.0008333472224535399,0.5511684125705116,0.0
116973,2.521708695144916,0.5511684125705076,560,681,1241,0.0,-0.0008333472224535399,0.5511684125705116,0.0
116974,2.5208753479224626,0.5511684125705076,560,681,1241,0.0,-0.0008333472224535399,0.5511684125705116,0.0
116975,2.520042000700009,0.5511684125705076,560,681,1241,0.0,-0.0008333472224535399,0.5511684125705116,0.0
116976,2.5192086534775555,0.5511684125705076,560,681,1241,0.0,-0.0008333472224535399,0.5511684125705116,0.0
116977,2.518375306255102,0.5511684125705076,560,681,1241,0.0,-0.0008333472224535399,0.5511684125705116,0.0
116978,2.5175419590326484,0.5511684125705076,560,681,1241,0.0,-0.0008333472224535399,0.5511684125705116,0.0
116979,2.516708611810195,0.5511684125705076,560,681,1241,0.0,-0.0008333472224535399,0.5511684125705116,0.0
116980,2.5158752645877414,0.5511684125705076,560,681,1241,0.0,-0.0008333472224535399,0.5511684125705116,0.0
116981,2.515041917365288,0.5511684125705076,560,681,1241,0.0,-0.0008333472224535399,0.5511684125705116,0.0
116982,2.5142085701428343,0.5511684125705076,560,681,1241,0.0,-0.0008333472224535399,0.5511684125705116,0.0
116983,2.5133752229203807,0.5511684125705076,560,681,1241,0.0,-0.0008333472224535399,0.5511684125705116,0.0
116984,2.512541875697927,0.5511684125705076,560,681,1241,0.0,-0.0008333472224535399,0.5511684125705116,0.0
116985,2.5117085284754737,0.5511684125705076,560,681,1241,0.0,-0.0008333472224535399,0.5511684125705116,0.0
116986,2.51087518125302,0.5511684125705076,560,681,1241,0.0,-0.0008333472224535399,0.5511684125705116,0.0
116987,2.5100418340305666,0.5511684125705076,560,681,1241,0.0,-0.0008333472224535399,0.5511684125705116,0.0
116988,2.509208486808113,0.5519742143432715,560,681,1241,0.0008058017727639033,-0.0008333472224535399,0.5512489927477879,8.058017727639034e-05
116989,2.5083751395856595,0.5511684125705076,560,681,1241,-0.0008058017727639033,-0.0008333472224535399,0.5512489927477879,0.0
116990,2.507541792363206,0.5511684125705076,560,681,1241,0.0,-0.0008333472224535399,0.5512489927477879,0.0
116991,2.5067084451407524,0.5511684125705076,560,681,1241,0.0,-0.0008333472224535399,0.5512489927477879,0.0
116992,2.505875097918299,0.5511684125705076,560,681,1241,0.0,-0.0008333472224535399,0.5512489927477879,0.0
116993,2.5050417506958453,0.5519742143432715,560,681,1241,0.0008058017727639033,-0.0008333472224535399,0.5513295729250643,8.058017727639034e-05
116994,2.504208403473392,0.5527800161160354,560,681,1241,0.0008058017727639033,-0.0008333472224535399,0.5514907332796171,0.00016116035455278067
116995,2.5033750562509383,0.5527800161160354,560,681,1241,0.0,-0.0008333472224535399,0.5516518936341697,0.00016116035455278067
116996,2.5025417090284847,0.5527800161160354,560,681,1241,0.0,-0.0008333472224535399,0.5518130539887224,0.00016116035455278067
116997,2.501708361806031,0.5527800161160354,560,681,1241,0.0,-0.0008333472224535399,0.5519742143432751,0.00016116035455278067
116998,2.5008750145835776,0.5527800161160354,560,681,1241,0.0,-0.0008333472224535399,0.5520547945205514,8.058017727639034e-05
116999,2.500041667361124,0.5527800161160354,560,681,1241,0.0,-0.0008333472224535399,0.5522159548751041,0.00016116035455278067
117000,2.4992083201386635,0.5527800161160354,560,681,1241,0.0,-0.0008333472224606453,0.5523771152296568,0.00016116035455278067
117001,2.49837497291621,0.5527800161160354,560,681,1241,0.0,-0.0008333472224535399,0.5525382755842095,0.00016116035455278067
117002,2.4975416256937564,0.5527800161160354,560,681,1241,0.0,-0.0008333472224535399,0.5526994359387623,0.00016116035455278067
117003,2.496708278471303,0.5527800161160354,560,681,1241,0.0,-0.0008333472224535399,0.5527800161160386,8.058017727639034e-05
117004,2.4958749312488493,0.5527800161160354,560,681,1241,0.0,-0.0008333472224535399,0.5527800161160386,0.0
117005,2.4950415840263958,0.5527800161160354,560,681,1241,0.0,-0.0008333472224535399,0.5527800161160386,0.0
117006,2.494208236803942,0.5527800161160354,560,681,1241,0.0,-0.0008333472224535399,0.5527800161160386,0.0
117007,2.4933748895814887,0.5527800161160354,560,681,1241,0.0,-0.0008333472224535399,0.5527800161160386,0.0
117008,2.492541542359035,0.5527800161160354,560,681,1241,0.0,-0.0008333472224535399,0.5527800161160386,0.0
117009,2.4917081951365816,0.5527800161160354,560,681,1241,0.0,-0.0008333472224535399,0.5527800161160386,0.0
117010,2.490874847914128,0.5527800161160354,560,681,1241,0.0,-0.0008333472224535399,0.5527800161160386,0.0
117011,2.4900415006916745,0.5527800161160354,560,681,1241,0.0,-0.0008333472224535399,0.5527800161160386,0.0
117012,2.489208153469221,0.5527800161160354,560,681,1241,0.0,-0.0008333472224535399,0.5527800161160386,0.0
117013,2.4883748062467674,0.5519742143432715,560,681,1241,-0.0008058017727639033,-0.0008333472224535399,0.5526994359387623,-8.058017727639034e-05
117014,2.487541459024314,0.5519742143432715,560,681,1241,0.0,-0.0008333472224535399,0.5526188557614858,-8.058017727639034e-05
117015,2.4867081118018604,0.5519742143432715,560,681,1241,0.0,-0.0008333472224535399,0.5525382755842095,-8.058017727639034e-05
117016,2.485874764579407,0.5519742143432715,560,681,1241,0.0,-0.0008333472224535399,0.5524576954069331,-8.058017727639034e-05
117017,2.4850414173569533,0.5519742143432715,560,681,1241,0.0,-0.0008333472224535399,0.5523771152296568,-8.058017727639034e-05
117018,2.4842080701344997,0.5519742143432715,560,681,1241,0.0,-0.0008333472224535399,0.5522965350523805,-8.058017727639034e-05
117019,2.483374722912046,0.5519742143432715,560,681,1241,0.0,-0.0008333472224535399,0.5522159548751041,-8.058017727639034e-05
117020,2.4825413756895927,0.5519742143432715,560,681,1241,0.0,-0.0008333472224535399,0.5521353746978278,-8.058017727639034e-05
117021,2.481708028467139,0.5519742143432715,560,681,1241,0.0,-0.0008333472224535399,0.5520547945205514,-8.058017727639034e-05
117022,2.4808746812446856,0.5519742143432715,560,681,1241,0.0,-0.0008333472224535399,0.5519742143432751,-8.058017727639034e-05
117023,2.480041334022232,0.5519742143432715,560,681,1241,0.0,-0.0008333472224535399,0.5519742143432751,0.0
117024,2.4792079867997785,0.5519742143432715,560,681,1241,0.0,-0.0008333472224535399,0.5519742143432751,0.0
117025,2.478374639577325,0.5519742143432715,560,681,1241,0.0,-0.0008333472224535399,0.5519742143432751,0.0
117026,2.4775412923548714,0.5519742143432715,560,681,1241,0.0,-0.0008333472224535399,0.5519742143432751,0.0
117027,2.476707945132418,0.5519742143432715,560,681,1241,0.0,-0.0008333472224535399,0.5519742143432751,0.0
117028,2.4758745979099643,0.5519742143432715,560,681,1241,0.0,-0.0008333472224535399,0.5519742143432751,0.0
117029,2.475041250687511,0.5519742143432715,560,681,1241,0.0,-0.0008333472224535399,0.5519742143432751,0.0
117030,2.4742079034650573,0.5519742143432715,560,681,1241,0.0,-0.0008333472224535399,0.5519742143432751,0.0
117031,2.4733745562426037,0.5519742143432715,560,681,1241,0.0,-0.0008333472224535399,0.5519742143432751,0.0
117032,2.47254120902015,0.5519742143432715,560,681,1241,0.0,-0.0008333472224535399,0.5519742143432751,0.0
117033,2.4717078617976966,0.5519742143432715,560,681,1241,0.0,-0.0008333472224535399,0.5519742143432751,0.0
117034,2.470874514575243,0.5511684125705076,560,681,1241,-0.0008058017727639033,-0.0008333472224535399,0.5518936341659988,-8.058017727639034e-05
117035,2.4700411673527896,0.5511684125705076,560,681,1241,0.0,-0.0008333472224535399,0.5518130539887224,-8.058017727639034e-05
117036,2.469207820130336,0.5511684125705076,560,681,1241,0.0,-0.0008333472224535399,0.5517324738114461,-8.058017727639034e-05
117037,2.4683744729078825,0.5511684125705076,560,681,1241,0.0,-0.0008333472224535399,0.5516518936341697,-8.058017727639034e-05
117038,2.467541125685429,0.5511684125705076,560,681,1241,0.0,-0.0008333472224535399,0.5515713134568934,-8.058017727639034e-05
117039,2.4667077784629754,0.5511684125705076,560,681,1241,0.0,-0.0008333472224535399,0.5514907332796171,-8.058017727639034e-05
117040,2.465874431240522,0.5511684125705076,560,681,1241,0.0,-0.0008333472224535399,0.5514101531023406,-8.058017727639034e-05
117041,2.4650410840180683,0.5511684125705076,560,681,1241,0.0,-0.0008333472224535399,0.5513295729250643,-8.058017727639034e-05
117042,2.464207736795615,0.5511684125705076,560,681,1241,0.0,-0.0008333472224535399,0.5512489927477879,-8.058017727639034e-05
117043,2.463374389573154,0.5511684125705076,560,681,1241,0.0,-0.0008333472224606453,0.5511684125705116,-8.058017727639034e-05
117044,2.4625410423507006,0.5511684125705076,560,681,1241,0.0,-0.0008333472224535399,0.5511684125705116,0.0
117045,2.461707695128247,0.5511684125705076,560,681,1241,0.0,-0.0008333472224535399,0.5511684125705116,0.0
117046,2.4608743479057935,0.5511684125705076,560,681,1241,0.0,-0.0008333472224535399,0.5511684125705116,0.0
117047,2.46004100068334,0.5511684125705076,560,681,1241,0.0,-0.0008333472224535399,0.5511684125705116,0.0
117048,2.4592076534608864,0.5511684125705076,560,681,1241,0.0,-0.0008333472224535399,0.5511684125705116,0.0
117049,2.458374306238433,0.5511684125705076,560,681,1241,0.0,-0.0008333472224535399,0.5511684125705116,0.0
117050,2.4575409590159794,0.5511684125705076,560,681,1241,0.0,-0.0008333472224535399,0.5511684125705116,0.0
117051,2.456707611793526,0.5511684125705076,560,681,1241,0.0,-0.0008333472224535399,0.5511684125705116,0.0
117052,2.4558742645710723,0.5511684125705076,560,681,1241,0.0,-0.0008333472224535399,0.5511684125705116,0.0
117053,2.4550409173486187,0.5511684125705076,560,681,1241,0.0,-0.0008333472224535399,0.5511684125705116,0.0
117054,2.454207570126165,0.5511684125705076,560,681,1241,0.0,-0.0008333472224535399,0.5511684125705116,0.0
117055,2.4533742229037117,0.5511684125705076,560,681,1241,0.0,-0.0008333472224535399,0.5511684125705116,0.0
117056,2.452540875681258,0.5511684125705076,560,681,1241,0.0,-0.0008333472224535399,0.5511684125705116,0.0
117057,2.4517075284588046,0.5511684125705076,560,681,1241,0.0,-0.0008333472224535399,0.5511684125705116,0.0
117058,2.450874181236351,0.5511684125705076,560,681,1241,0.0,-0.0008333472224535399,0.5511684125705116,0.0
117059,2.4500408340138975,0.5511684125705076,560,681,1241,0.0,-0.0008333472224535399,0.5511684125705116,0.0
117060,2.449207486791444,0.5511684125705076,560,681,1241,0.0,-0.0008333472224535399,0.5511684125705116,0.0
117061,2.4483741395689904,0.5511684125705076,560,681,1241,0.0,-0.0008333472224535399,0.5511684125705116,0.0
117062,2.447540792346537,0.5511684125705076,560,681,1241,0.0,-0.0008333472224535399,0.5511684125705116,0.0
117063,2.4467074451240833,0.5511684125705076,560,681,1241,0.0,-0.0008333472224535399,0.5511684125705116,0.0
117064,2.44587409790163,0.5511684125705076,560,681,1241,0.0,-0.0008333472224535399,0.5511684125705116,0.0
117065,2.4450407506791763,0.5511684125705076,560,681,1241,0.0,-0.0008333472224535399,0.5511684125705116,0.0
117066,2.4442074034567227,0.5511684125705076,560,681,1241,0.0,-0.0008333472224535399,0.5511684125705116,0.0
117067,2.443374056234269,0.5511684125705076,560,681,1241,0.0,-0.0008333472224535399,0.5511684125705116,0.0
117068,2.4425407090118156,0.5511684125705076,560,681,1241,0.0,-0.0008333472224535399,0.5511684125705116,0.0
117069,2.441707361789362,0.5511684125705076,560,681,1241,0.0,-0.0008333472224535399,0.5511684125705116,0.0
117070,2.4408740145669086,0.5511684125705076,560,681,1241,0.0,-0.0008333472224535399,0.5511684125705116,0.0
117071,2.440040667344455,0.5511684125705076,560,681,1241,0.0,-0.0008333472224535399,0.5511684125705116,0.0
117072,2.4392073201220015,0.5511684125705076,560,681,1241,0.0,-0.0008333472224535399,0.5511684125705116,0.0
117073,2.438373972899548,0.5511684125705076,560,681,1241,0.0,-0.0008333472224535399,0.5511684125705116,0.0
117074,2.4375406256770944,0.5511684125705076,560,681,1241,0.0,-0.0008333472224535399,0.5511684125705116,0.0
117075,2.436707278454641,0.5511684125705076,560,681,1241,0.0,-0.0008333472224535399,0.5511684125705116,0.0
117076,2.4358739312321873,0.5511684125705076,560,681,1241,0.0,-0.0008333472224535399,0.5511684125705116,0.0
117077,2.4350405840097338,0.5511684125705076,560,681,1241,0.0,-0.0008333472224535399,0.5511684125705116,0.0
117078,2.4342072367872802,0.5511684125705076,560,681,1241,0.0,-0.0008333472224535399,0.5511684125705116,0.0
117079,2.4333738895648267,0.5511684125705076,560,681,1241,0.0,-0.0008333472224535399,0.5511684125705116,0.0
117080,2.432540542342373,0.5511684125705076,560,681,1241,0.0,-0.0008333472224535399,0.5511684125705116,0.0
117081,2.4317071951199196,0.5511684125705076,560,681,1241,0.0,-0.0008333472224535399,0.5511684125705116,0.0
117082,2.430873847897466,0.5511684125705076,560,681,1241,0.0,-0.0008333472224535399,0.5511684125705116,0.0
117083,2.4300405006750125,0.5511684125705076,560,681,1241,0.0,-0.0008333472224535399,0.5511684125705116,0.0
117084,2.429207153452559,0.5511684125705076,560,681,1241,0.0,-0.0008333472224535399,0.5511684125705116,0.0
117085,2.4283738062300984,0.5511684125705076,560,681,1241,0.0,-0.0008333472224606453,0.5511684125705116,0.0
117086,2.427540459007645,0.5511684125705076,560,681,1241,0.0,-0.0008333472224535399,0.5511684125705116,0.0
117087,2.4267071117851913,0.5511684125705076,560,681,1241,0.0,-0.0008333472224535399,0.5511684125705116,0.0
117088,2.4258737645627377,0.5511684125705076,560,681,1241,0.0,-0.0008333472224535399,0.5511684125705116,0.0
117089,2.425040417340284,0.5511684125705076,560,681,1241,0.0,-0.0008333472224535399,0.5511684125705116,0.0
117090,2.4242070701178307,0.5511684125705076,560,681,1241,0.0,-0.0008333472224535399,0.5511684125705116,0.0
117091,2.423373722895377,0.5511684125705076,560,681,1241,0.0,-0.0008333472224535399,0.5511684125705116,0.0
117092,2.4225403756729236,0.5511684125705076,560,681,1241,0.0,-0.0008333472224535399,0.5511684125705116,0.0
117093,2.42170702845047,0.5511684125705076,560,681,1241,0.0,-0.0008333472224535399,0.5511684125705116,0.0
117094,2.4208736812280165,0.5511684125705076,560,681,1241,0.0,-0.0008333472224535399,0.5511684125705116,0.0
117095,2.420040334005563,0.5511684125705076,560,681,1241,0.0,-0.0008333472224535399,0.5511684125705116,0.0
117096,2.4192069867831094,0.5511684125705076,560,681,1241,0.0,-0.0008333472224535399,0.5511684125705116,0.0
117097,2.418373639560656,0.5511684125705076,560,681,1241,0.0,-0.0008333472224535399,0.5511684125705116,0.0
117098,2.4175402923382023,0.5511684125705076,560,681,1241,0.0,-0.0008333472224535399,0.5511684125705116,0.0
117099,2.416706945115749,0.5511684125705076,560,681,1241,0.0,-0.0008333472224535399,0.5511684125705116,0.0
117100,2.4158735978932953,0.5511684125705076,560,681,1241,0.0,-0.0008333472224535399,0.5511684125705116,0.0
117101,2.4150402506708417,0.5511684125705076,560,681,1241,0.0,-0.0008333472224535399,0.5511684125705116,0.0
117102,2.414206903448388,0.5511684125705076,560,681,1241,0.0,-0.0008333472224535399,0.5511684125705116,0.0
117103,2.4133735562259346,0.5511684125705076,560,681,1241,0.0,-0.0008333472224535399,0.5511684125705116,0.0
117104,2.412540209003481,0.5519742143432715,560,681,1241,0.0008058017727639033,-0.0008333472224535399,0.5512489927477879,8.058017727639034e-05
117105,2.4117068617810276,0.5519742143432715,560,681,1241,0.0,-0.0008333472224535399,0.5513295729250643,8.058017727639034e-05
117106,2.410873514558574,0.5519742143432715,560,681,1241,0.0,-0.0008333472224535399,0.5514101531023406,8.058017727639034e-05
117107,2.4100401673361205,0.5519742143432715,560,681,1241,0.0,-0.0008333472224535399,0.5514907332796171,8.058017727639034e-05
117108,2.409206820113667,0.5519742143432715,560,681,1241,0.0,-0.0008333472224535399,0.5515713134568934,8.058017727639034e-05
117109,2.4083734728912134,0.5519742143432715,560,681,1241,0.0,-0.0008333472224535399,0.5516518936341697,8.058017727639034e-05
117110,2.40754012566876,0.5519742143432715,560,681,1241,0.0,-0.0008333472224535399,0.5517324738114461,8.058017727639034e-05
117111,2.4067067784463063,0.5519742143432715,560,681,1241,0.0,-0.0008333472224535399,0.5518130539887224,8.058017727639034e-05
117112,2.4058734312238528,0.5519742143432715,560,681,1241,0.0,-0.0008333472224535399,0.5518936341659988,8.058017727639034e-05
117113,2.4050400840013992,0.5519742143432715,560,681,1241,0.0,-0.0008333472224535399,0.5519742143432751,8.058017727639034e-05
117114,2.4042067367789457,0.5519742143432715,560,681,1241,0.0,-0.0008333472224535399,0.5519742143432751,0.0
117115,2.403373389556492,0.5519742143432715,560,681,1241,0.0,-0.0008333472224535399,0.5519742143432751,0.0
117116,2.4025400423340386,0.5519742143432715,560,681,1241,0.0,-0.0008333472224535399,0.5519742143432751,0.0
117117,2.401706695111585,0.5519742143432715,560,681,1241,0.0,-0.0008333472224535399,0.5519742143432751,0.0
117118,2.4008733478891315,0.5519742143432715,560,681,1241,0.0,-0.0008333472224535399,0.5519742143432751,0.0
117119,2.400040000666678,0.5519742143432715,560,681,1241,0.0,-0.0008333472224535399,0.5519742143432751,0.0
117120,2.3992066534442245,0.5519742143432715,560,681,1241,0.0,-0.0008333472224535399,0.5519742143432751,0.0
117121,2.398373306221771,0.5519742143432715,560,681,1241,0.0,-0.0008333472224535399,0.5519742143432751,0.0
117122,2.3975399589993174,0.5519742143432715,560,681,1241,0.0,-0.0008333472224535399,0.5519742143432751,0.0
117123,2.396706611776864,0.5519742143432715,560,681,1241,0.0,-0.0008333472224535399,0.5519742143432751,0.0
117124,2.3958732645544103,0.5519742143432715,560,681,1241,0.0,-0.0008333472224535399,0.5519742143432751,0.0
117125,2.3950399173319568,0.5519742143432715,560,681,1241,0.0,-0.0008333472224535399,0.5519742143432751,0.0
117126,2.394206570109503,0.5519742143432715,560,681,1241,0.0,-0.0008333472224535399,0.5519742143432751,0.0
117127,2.3933732228870426,0.5519742143432715,560,681,1241,0.0,-0.0008333472224606453,0.5519742143432751,0.0
117128,2.392539875664589,0.5519742143432715,560,681,1241,0.0,-0.0008333472224535399,0.5519742143432751,0.0
117129,2.3917065284421355,0.5519742143432715,560,681,1241,0.0,-0.0008333472224535399,0.5519742143432751,0.0
117130,2.390873181219682,0.5519742143432715,560,681,1241,0.0,-0.0008333472224535399,0.5519742143432751,0.0
117131,2.3900398339972284,0.5519742143432715,560,681,1241,0.0,-0.0008333472224535399,0.5519742143432751,0.0
117132,2.389206486774775,0.5519742143432715,560,681,1241,0.0,-0.0008333472224535399,0.5519742143432751,0.0
117133,2.3883731395523213,0.5519742143432715,560,681,1241,0.0,-0.0008333472224535399,0.5519742143432751,0.0
117134,2.387539792329868,0.5519742143432715,560,681,1241,0.0,-0.0008333472224535399,0.5519742143432751,0.0
117135,2.3867064451074143,0.5519742143432715,560,681,1241,0.0,-0.0008333472224535399,0.5519742143432751,0.0
117136,2.3858730978849607,0.5519742143432715,560,681,1241,0.0,-0.0008333472224535399,0.5519742143432751,0.0
117137,2.385039750662507,0.5519742143432715,560,681,1241,0.0,-0.0008333472224535399,0.5519742143432751,0.0
117138,2.3842064034400536,0.5519742143432715,560,681,1241,0.0,-0.0008333472224535399,0.5519742143432751,0.0
117139,2.3833730562176,0.5519742143432715,560,681,1241,0.0,-0.0008333472224535399,0.5519742143432751,0.0
117140,2.3825397089951466,0.5519742143432715,560,681,1241,0.0,-0.0008333472224535399,0.5519742143432751,0.0
117141,2.381706361772693,0.5519742143432715,560,681,1241,0.0,-0.0008333472224535399,0.5519742143432751,0.0
117142,2.3808730145502395,0.5519742143432715,560,681,1241,0.0,-0.0008333472224535399,0.5519742143432751,0.0
117143,2.380039667327786,0.5519742143432715,560,681,1241,0.0,-0.0008333472224535399,0.5519742143432751,0.0
117144,2.3792063201053324,0.5519742143432715,560,681,1241,0.0,-0.0008333472224535399,0.5519742143432751,0.0
117145,2.378372972882879,0.5519742143432715,560,681,1241,0.0,-0.0008333472224535399,0.5519742143432751,0.0
117146,2.3775396256604253,0.5519742143432715,560,681,1241,0.0,-0.0008333472224535399,0.5519742143432751,0.0
117147,2.3767062784379718,0.5519742143432715,560,681,1241,0.0,-0.0008333472224535399,0.5519742143432751,0.0
117148,2.3758729312155182,0.5519742143432715,560,681,1241,0.0,-0.0008333472224535399,0.5519742143432751,0.0
117149,2.3750395839930647,0.5519742143432715,560,681,1241,0.0,-0.0008333472224535399,0.5519742143432751,0.0
117150,2.374206236770611,0.5519742143432715,560,681,1241,0.0,-0.0008333472224535399,0.5519742143432751,0.0
117151,2.3733728895481576,0.5519742143432715,560,681,1241,0.0,-0.0008333472224535399,0.5519742143432751,0.0
117152,2.372539542325704,0.5519742143432715,560,681,1241,0.0,-0.0008333472224535399,0.5519742143432751,0.0
117153,2.3717061951032505,0.5519742143432715,560,681,1241,0.0,-0.0008333472224535399,0.5519742143432751,0.0
117154,2.370872847880797,0.5519742143432715,560,681,1241,0.0,-0.0008333472224535399,0.5519742143432751,0.0
117155,2.3700395006583435,0.5519742143432715,560,681,1241,0.0,-0.0008333472224535399,0.5519742143432751,0.0
117156,2.36920615343589,0.5519742143432715,560,681,1241,0.0,-0.0008333472224535399,0.5519742143432751,0.0
117157,2.3683728062134364,0.5519742143432715,560,681,1241,0.0,-0.0008333472224535399,0.5519742143432751,0.0
117158,2.367539458990983,0.5519742143432715,560,681,1241,0.0,-0.0008333472224535399,0.5519742143432751,0.0
117159,2.3667061117685293,0.5519742143432715,560,681,1241,0.0,-0.0008333472224535399,0.5519742143432751,0.0
117160,2.3658727645460758,0.5519742143432715,560,681,1241,0.0,-0.0008333472224535399,0.5519742143432751,0.0
117161,2.365039417323622,0.5519742143432715,560,681,1241,0.0,-0.0008333472224535399,0.5519742143432751,0.0
117162,2.3642060701011687,0.5519742143432715,560,681,1241,0.0,-0.0008333472224535399,0.5519742143432751,0.0
117163,2.363372722878715,0.5519742143432715,560,681,1241,0.0,-0.0008333472224535399,0.5519742143432751,0.0
117164,2.3625393756562616,0.5519742143432715,560,681,1241,0.0,-0.0008333472224535399,0.5519742143432751,0.0
117165,2.361706028433808,0.5519742143432715,560,681,1241,0.0,-0.0008333472224535399,0.5519742143432751,0.0
117166,2.3608726812113545,0.5519742143432715,560,681,1241,0.0,-0.0008333472224535399,0.5519742143432751,0.0
117167,2.360039333988901,0.5519742143432715,560,681,1241,0.0,-0.0008333472224535399,0.5519742143432751,0.0
117168,2.3592059867664474,0.5519742143432715,560,681,1241,0.0,-0.0008333472224535399,0.5519742143432751,0.0
117169,2.358372639543994,0.5519742143432715,560,681,1241,0.0,-0.0008333472224535399,0.5519742143432751,0.0
117170,2.3575392923215333,0.5519742143432715,560,681,1241,0.0,-0.0008333472224606453,0.5519742143432751,0.0
117171,2.3567059450990797,0.5519742143432715,560,681,1241,0.0,-0.0008333472224535399,0.5519742143432751,0.0
117172,2.355872597876626,0.5519742143432715,560,681,1241,0.0,-0.0008333472224535399,0.5519742143432751,0.0
117173,2.3550392506541726,0.5519742143432715,560,681,1241,0.0,-0.0008333472224535399,0.5519742143432751,0.0
117174,2.354205903431719,0.5519742143432715,560,681,1241,0.0,-0.0008333472224535399,0.5519742143432751,0.0
117175,2.3533725562092656,0.5519742143432715,560,681,1241,0.0,-0.0008333472224535399,0.5519742143432751,0.0
117176,2.352539208986812,0.5519742143432715,560,681,1241,0.0,-0.0008333472224535399,0.5519742143432751,0.0
117177,2.3517058617643585,0.5519742143432715,560,681,1241,0.0,-0.0008333472224535399,0.5519742143432751,0.0
117178,2.350872514541905,0.5527800161160354,560,681,1241,0.0008058017727639033,-0.0008333472224535399,0.5520547945205514,8.058017727639034e-05
117179,2.3500391673194514,0.5527800161160354,560,681,1241,0.0,-0.0008333472224535399,0.5521353746978278,8.058017727639034e-05
117180,2.349205820096998,0.5527800161160354,560,681,1241,0.0,-0.0008333472224535399,0.5522159548751041,8.058017727639034e-05
117181,2.3483724728745443,0.5527800161160354,560,681,1241,0.0,-0.0008333472224535399,0.5522965350523805,8.058017727639034e-05
117182,2.3475391256520908,0.5527800161160354,560,681,1241,0.0,-0.0008333472224535399,0.5523771152296568,8.058017727639034e-05
117183,2.3467057784296372,0.5527800161160354,560,681,1241,0.0,-0.0008333472224535399,0.5524576954069331,8.058017727639034e-05
117184,2.3458724312071837,0.5527800161160354,560,681,1241,0.0,-0.0008333472224535399,0.5525382755842095,8.058017727639034e-05
117185,2.34503908398473,0.5527800161160354,560,681,1241,0.0,-0.0008333472224535399,0.5526188557614858,8.058017727639034e-05
117186,2.3442057367622766,0.5527800161160354,560,681,1241,0.0,-0.0008333472224535399,0.5526994359387623,8.058017727639034e-05
117187,2.343372389539823,0.5527800161160354,560,681,1241,0.0,-0.0008333472224535399,0.5527800161160386,8.058017727639034e-05
117188,2.3425390423173695,0.5527800161160354,560,681,1241,0.0,-0.0008333472224535399,0.5527800161160386,0.0
117189,2.341705695094916,0.5527800161160354,560,681,1241,0.0,-0.0008333472224535399,0.5527800161160386,0.0
117190,2.3408723478724625,0.5527800161160354,560,681,1241,0.0,-0.0008333472224535399,0.5527800161160386,0.0
117191,2.340039000650009,0.5527800161160354,560,681,1241,0.0,-0.0008333472224535399,0.5527800161160386,0.0
117192,2.3392056534275554,0.5527800161160354,560,681,1241,0.0,-0.0008333472224535399,0.5527800161160386,0.0
117193,2.338372306205102,0.5527800161160354,560,681,1241,0.0,-0.0008333472224535399,0.5527800161160386,0.0
117194,2.3375389589826483,0.5527800161160354,560,681,1241,0.0,-0.0008333472224535399,0.5527800161160386,0.0
117195,2.3367056117601948,0.5527800161160354,560,681,1241,0.0,-0.0008333472224535399,0.5527800161160386,0.0
117196,2.335872264537741,0.5527800161160354,560,681,1241,0.0,-0.0008333472224535399,0.5527800161160386,0.0
117197,2.3350389173152877,0.5527800161160354,560,681,1241,0.0,-0.0008333472224535399,0.5527800161160386,0.0
117198,2.334205570092834,0.5527800161160354,560,681,1241,0.0,-0.0008333472224535399,0.5527800161160386,0.0
117199,2.3333722228703806,0.5527800161160354,560,681,1241,0.0,-0.0008333472224535399,0.5527800161160386,0.0
117200,2.332538875647927,0.5527800161160354,560,681,1241,0.0,-0.0008333472224535399,0.5527800161160386,0.0
117201,2.3317055284254735,0.5527800161160354,560,681,1241,0.0,-0.0008333472224535399,0.5527800161160386,0.0
117202,2.33087218120302,0.5527800161160354,560,681,1241,0.0,-0.0008333472224535399,0.5527800161160386,0.0
117203,2.3300388339805664,0.5527800161160354,560,681,1241,0.0,-0.0008333472224535399,0.5527800161160386,0.0
117204,2.329205486758113,0.5527800161160354,560,681,1241,0.0,-0.0008333472224535399,0.5527800161160386,0.0
117205,2.3283721395356594,0.5527800161160354,560,681,1241,0.0,-0.0008333472224535399,0.5527800161160386,0.0
117206,2.327538792313206,0.5527800161160354,560,681,1241,0.0,-0.0008333472224535399,0.5527800161160386,0.0
117207,2.3267054450907523,0.5527800161160354,560,681,1241,0.0,-0.0008333472224535399,0.5527800161160386,0.0
117208,2.3258720978682987,0.5527800161160354,560,681,1241,0.0,-0.0008333472224535399,0.5527800161160386,0.0
117209,2.325038750645845,0.5527800161160354,560,681,1241,0.0,-0.0008333472224535399,0.5527800161160386,0.0
117210,2.3242054034233917,0.5527800161160354,560,681,1241,0.0,-0.0008333472224535399,0.5527800161160386,0.0
117211,2.323372056200938,0.5527800161160354,560,681,1241,0.0,-0.0008333472224535399,0.5527800161160386,0.0
117212,2.3225387089784775,0.5527800161160354,560,681,1241,0.0,-0.0008333472224606453,0.5527800161160386,0.0
117213,2.321705361756024,0.5527800161160354,560,681,1241,0.0,-0.0008333472224535399,0.5527800161160386,0.0
117214,2.3208720145335704,0.5527800161160354,560,681,1241,0.0,-0.0008333472224535399,0.5527800161160386,0.0
117215,2.320038667311117,0.5527800161160354,560,681,1241,0.0,-0.0008333472224535399,0.5527800161160386,0.0
117216,2.3192053200886633,0.5527800161160354,560,681,1241,0.0,-0.0008333472224535399,0.5527800161160386,0.0
117217,2.3183719728662098,0.5527800161160354,560,681,1241,0.0,-0.0008333472224535399,0.5527800161160386,0.0
117218,2.3175386256437562,0.5527800161160354,560,681,1241,0.0,-0.0008333472224535399,0.5527800161160386,0.0
117219,2.3167052784213027,0.5527800161160354,560,681,1241,0.0,-0.0008333472224535399,0.5527800161160386,0.0
117220,2.315871931198849,0.5527800161160354,560,681,1241,0.0,-0.0008333472224535399,0.5527800161160386,0.0
117221,2.3150385839763956,0.5527800161160354,560,681,1241,0.0,-0.0008333472224535399,0.5527800161160386,0.0
117222,2.314205236753942,0.5527800161160354,560,681,1241,0.0,-0.0008333472224535399,0.5527800161160386,0.0
117223,2.3133718895314885,0.5527800161160354,560,681,1241,0.0,-0.0008333472224535399,0.5527800161160386,0.0
117224,2.312538542309035,0.5527800161160354,560,681,1241,0.0,-0.0008333472224535399,0.5527800161160386,0.0
117225,2.3117051950865815,0.5527800161160354,560,681,1241,0.0,-0.0008333472224535399,0.5527800161160386,0.0
117226,2.310871847864128,0.5527800161160354,560,681,1241,0.0,-0.0008333472224535399,0.5527800161160386,0.0
117227,2.3100385006416744,0.5527800161160354,560,681,1241,0.0,-0.0008333472224535399,0.5527800161160386,0.0
117228,2.309205153419221,0.5527800161160354,560,681,1241,0.0,-0.0008333472224535399,0.5527800161160386,0.0
117229,2.3083718061967673,0.5519742143432715,560,681,1241,-0.0008058017727639033,-0.0008333472224535399,0.5526994359387623,-8.058017727639034e-05
117230,2.3075384589743138,0.5519742143432715,560,681,1241,0.0,-0.0008333472224535399,0.5526188557614858,-8.058017727639034e-05
117231,2.30670511175186,0.5519742143432715,560,681,1241,0.0,-0.0008333472224535399,0.5525382755842095,-8.058017727639034e-05
117232,2.3058717645294067,0.5519742143432715,560,681,1241,0.0,-0.0008333472224535399,0.5524576954069331,-8.058017727639034e-05
117233,2.305038417306953,0.5519742143432715,560,681,1241,0.0,-0.0008333472224535399,0.5523771152296568,-8.058017727639034e-05
117234,2.3042050700844996,0.5519742143432715,560,681,1241,0.0,-0.0008333472224535399,0.5522965350523805,-8.058017727639034e-05
117235,2.303371722862046,0.5519742143432715,560,681,1241,0.0,-0.0008333472224535399,0.5522159548751041,-8.058017727639034e-05
117236,2.3025383756395925,0.5519742143432715,560,681,1241,0.0,-0.0008333472224535399,0.5521353746978278,-8.058017727639034e-05
117237,2.301705028417139,0.5519742143432715,560,681,1241,0.0,-0.0008333472224535399,0.5520547945205514,-8.058017727639034e-05
117238,2.3008716811946854,0.5519742143432715,560,681,1241,0.0,-0.0008333472224535399,0.5519742143432751,-8.058017727639034e-05
117239,2.300038333972232,0.5519742143432715,560,681,1241,0.0,-0.0008333472224535399,0.5519742143432751,0.0
117240,2.2992049867497784,0.5519742143432715,560,681,1241,0.0,-0.0008333472224535399,0.5519742143432751,0.0
117241,2.298371639527325,0.5519742143432715,560,681,1241,0.0,-0.0008333472224535399,0.5519742143432751,0.0
117242,2.2975382923048713,0.5519742143432715,560,681,1241,0.0,-0.0008333472224535399,0.5519742143432751,0.0
117243,2.2967049450824177,0.5519742143432715,560,681,1241,0.0,-0.0008333472224535399,0.5519742143432751,0.0
117244,2.295871597859964,0.5519742143432715,560,681,1241,0.0,-0.0008333472224535399,0.5519742143432751,0.0
117245,2.2950382506375107,0.5519742143432715,560,681,1241,0.0,-0.0008333472224535399,0.5519742143432751,0.0
117246,2.294204903415057,0.5519742143432715,560,681,1241,0.0,-0.0008333472224535399,0.5519742143432751,0.0
117247,2.2933715561926036,0.5519742143432715,560,681,1241,0.0,-0.0008333472224535399,0.5519742143432751,0.0
117248,2.29253820897015,0.5519742143432715,560,681,1241,0.0,-0.0008333472224535399,0.5519742143432751,0.0
117249,2.2917048617476965,0.5519742143432715,560,681,1241,0.0,-0.0008333472224535399,0.5519742143432751,0.0
117250,2.290871514525243,0.5519742143432715,560,681,1241,0.0,-0.0008333472224535399,0.5519742143432751,0.0
117251,2.2900381673027894,0.5519742143432715,560,681,1241,0.0,-0.0008333472224535399,0.5519742143432751,0.0
117252,2.289204820080336,0.5519742143432715,560,681,1241,0.0,-0.0008333472224535399,0.5519742143432751,0.0
117253,2.2883714728578823,0.5519742143432715,560,681,1241,0.0,-0.0008333472224535399,0.5519742143432751,0.0
117254,2.2875381256354217,0.5519742143432715,560,681,1241,0.0,-0.0008333472224606453,0.5519742143432751,0.0
117255,2.286704778412968,0.5519742143432715,560,681,1241,0.0,-0.0008333472224535399,0.5519742143432751,0.0
117256,2.2858714311905146,0.5519742143432715,560,681,1241,0.0,-0.0008333472224535399,0.5519742143432751,0.0
117257,2.285038083968061,0.5519742143432715,560,681,1241,0.0,-0.0008333472224535399,0.5519742143432751,0.0
117258,2.2842047367456075,0.5519742143432715,560,681,1241,0.0,-0.0008333472224535399,0.5519742143432751,0.0
117259,2.283371389523154,0.5519742143432715,560,681,1241,0.0,-0.0008333472224535399,0.5519742143432751,0.0
117260,2.2825380423007005,0.5519742143432715,560,681,1241,0.0,-0.0008333472224535399,0.5519742143432751,0.0
117261,2.281704695078247,0.5519742143432715,560,681,1241,0.0,-0.0008333472224535399,0.5519742143432751,0.0
117262,2.2808713478557934,0.5519742143432715,560,681,1241,0.0,-0.0008333472224535399,0.5519742143432751,0.0
117263,2.28003800063334,0.5519742143432715,560,681,1241,0.0,-0.0008333472224535399,0.5519742143432751,0.0
117264,2.2792046534108863,0.5519742143432715,560,681,1241,0.0,-0.0008333472224535399,0.5519742143432751,0.0
117265,2.2783713061884328,0.5519742143432715,560,681,1241,0.0,-0.0008333472224535399,0.5519742143432751,0.0
117266,2.277537958965979,0.5519742143432715,560,681,1241,0.0,-0.0008333472224535399,0.5519742143432751,0.0
117267,2.2767046117435257,0.5519742143432715,560,681,1241,0.0,-0.0008333472224535399,0.5519742143432751,0.0
117268,2.275871264521072,0.5519742143432715,560,681,1241,0.0,-0.0008333472224535399,0.5519742143432751,0.0
117269,2.2750379172986186,0.5519742143432715,560,681,1241,0.0,-0.0008333472224535399,0.5519742143432751,0.0
117270,2.274204570076165,0.5519742143432715,560,681,1241,0.0,-0.0008333472224535399,0.5519742143432751,0.0
117271,2.2733712228537115,0.5519742143432715,560,681,1241,0.0,-0.0008333472224535399,0.5519742143432751,0.0
117272,2.272537875631258,0.5519742143432715,560,681,1241,0.0,-0.0008333472224535399,0.5519742143432751,0.0
117273,2.2717045284088044,0.5519742143432715,560,681,1241,0.0,-0.0008333472224535399,0.5519742143432751,0.0
117274,2.270871181186351,0.5519742143432715,560,681,1241,0.0,-0.0008333472224535399,0.5519742143432751,0.0
117275,2.2700378339638974,0.5519742143432715,560,681,1241,0.0,-0.0008333472224535399,0.5519742143432751,0.0
117276,2.269204486741444,0.5519742143432715,560,681,1241,0.0,-0.0008333472224535399,0.5519742143432751,0.0
117277,2.2683711395189903,0.5519742143432715,560,681,1241,0.0,-0.0008333472224535399,0.5519742143432751,0.0
117278,2.2675377922965367,0.5519742143432715,560,681,1241,0.0,-0.0008333472224535399,0.5519742143432751,0.0
117279,2.266704445074083,0.5519742143432715,560,681,1241,0.0,-0.0008333472224535399,0.5519742143432751,0.0
117280,2.2658710978516297,0.5519742143432715,560,681,1241,0.0,-0.0008333472224535399,0.5519742143432751,0.0
117281,2.265037750629176,0.5519742143432715,560,681,1241,0.0,-0.0008333472224535399,0.5519742143432751,0.0
117282,2.2642044034067226,0.5519742143432715,560,681,1241,0.0,-0.0008333472224535399,0.5519742143432751,0.0
117283,2.263371056184269,0.5519742143432715,560,681,1241,0.0,-0.0008333472224535399,0.5519742143432751,0.0
117284,2.2625377089618155,0.5519742143432715,560,681,1241,0.0,-0.0008333472224535399,0.5519742143432751,0.0
117285,2.261704361739362,0.5519742143432715,560,681,1241,0.0,-0.0008333472224535399,0.5519742143432751,0.0
117286,2.2608710145169084,0.5519742143432715,560,681,1241,0.0,-0.0008333472224535399,0.5519742143432751,0.0
117287,2.260037667294455,0.5519742143432715,560,681,1241,0.0,-0.0008333472224535399,0.5519742143432751,0.0
117288,2.2592043200720013,0.5519742143432715,560,681,1241,0.0,-0.0008333472224535399,0.5519742143432751,0.0
117289,2.258370972849548,0.5519742143432715,560,681,1241,0.0,-0.0008333472224535399,0.5519742143432751,0.0
117290,2.2575376256270943,0.5519742143432715,560,681,1241,0.0,-0.0008333472224535399,0.5519742143432751,0.0
117291,2.2567042784046407,0.5519742143432715,560,681,1241,0.0,-0.0008333472224535399,0.5519742143432751,0.0
117292,2.255870931182187,0.5519742143432715,560,681,1241,0.0,-0.0008333472224535399,0.5519742143432751,0.0
117293,2.2550375839597336,0.5519742143432715,560,681,1241,0.0,-0.0008333472224535399,0.5519742143432751,0.0
117294,2.25420423673728,0.5519742143432715,560,681,1241,0.0,-0.0008333472224535399,0.5519742143432751,0.0
117295,2.2533708895148266,0.5519742143432715,560,681,1241,0.0,-0.0008333472224535399,0.5519742143432751,0.0
117296,2.252537542292373,0.5519742143432715,560,681,1241,0.0,-0.0008333472224535399,0.5519742143432751,0.0
117297,2.2517041950699124,0.5519742143432715,560,681,1241,0.0,-0.0008333472224606453,0.5519742143432751,0.0
117298,2.250870847847459,0.5519742143432715,560,681,1241,0.0,-0.0008333472224535399,0.5519742143432751,0.0
117299,2.2500375006250053,0.5519742143432715,560,681,1241,0.0,-0.0008333472224535399,0.5519742143432751,0.0
117300,2.2492041534025518,0.5519742143432715,560,681,1241,0.0,-0.0008333472224535399,0.5519742143432751,0.0
117301,2.248370806180098,0.5519742143432715,560,681,1241,0.0,-0.0008333472224535399,0.5519742143432751,0.0
117302,2.2475374589576447,0.5519742143432715,560,681,1241,0.0,-0.0008333472224535399,0.5519742143432751,0.0
117303,2.246704111735191,0.5519742143432715,560,681,1241,0.0,-0.0008333472224535399,0.5519742143432751,0.0
117304,2.2458707645127376,0.5519742143432715,560,681,1241,0.0,-0.0008333472224535399,0.5519742143432751,0.0
117305,2.245037417290284,0.5519742143432715,560,681,1241,0.0,-0.0008333472224535399,0.5519742143432751,0.0
117306,2.2442040700678305,0.5519742143432715,560,681,1241,0.0,-0.0008333472224535399,0.5519742143432751,0.0
117307,2.243370722845377,0.5519742143432715,560,681,1241,0.0,-0.0008333472224535399,0.5519742143432751,0.0
117308,2.2425373756229234,0.5519742143432715,560,681,1241,0.0,-0.0008333472224535399,0.5519742143432751,0.0
117309,2.24170402840047,0.5519742143432715,560,681,1241,0.0,-0.0008333472224535399,0.5519742143432751,0.0
117310,2.2408706811780164,0.5519742143432715,560,681,1241,0.0,-0.0008333472224535399,0.5519742143432751,0.0
117311,2.240037333955563,0.5519742143432715,560,681,1241,0.0,-0.0008333472224535399,0.5519742143432751,0.0
117312,2.2392039867331093,0.5519742143432715,560,681,1241,0.0,-0.0008333472224535399,0.5519742143432751,0.0
117313,2.2383706395106557,0.5519742143432715,560,681,1241,0.0,-0.0008333472224535399,0.5519742143432751,0.0
117314,2.237537292288202,0.5519742143432715,560,681,1241,0.0,-0.0008333472224535399,0.5519742143432751,0.0
117315,2.2367039450657487,0.5519742143432715,560,681,1241,0.0,-0.0008333472224535399,0.5519742143432751,0.0
117316,2.235870597843295,0.5519742143432715,560,681,1241,0.0,-0.0008333472224535399,0.5519742143432751,0.0
117317,2.2350372506208416,0.5519742143432715,560,681,1241,0.0,-0.0008333472224535399,0.5519742143432751,0.0
117318,2.234203903398388,0.5519742143432715,560,681,1241,0.0,-0.0008333472224535399,0.5519742143432751,0.0
117319,2.2333705561759345,0.5519742143432715,560,681,1241,0.0,-0.0008333472224535399,0.5519742143432751,0.0
117320,2.232537208953481,0.5519742143432715,560,681,1241,0.0,-0.0008333472224535399,0.5519742143432751,0.0
117321,2.2317038617310274,0.5519742143432715,560,681,1241,0.0,-0.0008333472224535399,0.5519742143432751,0.0
117322,2.230870514508574,0.5519742143432715,560,681,1241,0.0,-0.0008333472224535399,0.5519742143432751,0.0
117323,2.2300371672861203,0.5519742143432715,560,681,1241,0.0,-0.0008333472224535399,0.5519742143432751,0.0
117324,2.229203820063667,0.5519742143432715,560,681,1241,0.0,-0.0008333472224535399,0.5519742143432751,0.0
117325,2.2283704728412133,0.5519742143432715,560,681,1241,0.0,-0.0008333472224535399,0.5519742143432751,0.0
117326,2.2275371256187597,0.5519742143432715,560,681,1241,0.0,-0.0008333472224535399,0.5519742143432751,0.0
117327,2.226703778396306,0.5519742143432715,560,681,1241,0.0,-0.0008333472224535399,0.5519742143432751,0.0
117328,2.2258704311738526,0.5519742143432715,560,681,1241,0.0,-0.0008333472224535399,0.5519742143432751,0.0
117329,2.225037083951399,0.5519742143432715,560,681,1241,0.0,-0.0008333472224535399,0.5519742143432751,0.0
117330,2.2242037367289456,0.5519742143432715,560,681,1241,0.0,-0.0008333472224535399,0.5519742143432751,0.0
117331,2.223370389506492,0.5519742143432715,560,681,1241,0.0,-0.0008333472224535399,0.5519742143432751,0.0
117332,2.2225370422840385,0.5519742143432715,560,681,1241,0.0,-0.0008333472224535399,0.5519742143432751,0.0
117333,2.221703695061585,0.5519742143432715,560,681,1241,0.0,-0.0008333472224535399,0.5519742143432751,0.0
117334,2.2208703478391314,0.5519742143432715,560,681,1241,0.0,-0.0008333472224535399,0.5519742143432751,0.0
117335,2.220037000616678,0.5519742143432715,560,681,1241,0.0,-0.0008333472224535399,0.5519742143432751,0.0
117336,2.2192036533942243,0.5519742143432715,560,681,1241,0.0,-0.0008333472224535399,0.5519742143432751,0.0
117337,2.218370306171771,0.5519742143432715,560,681,1241,0.0,-0.0008333472224535399,0.5519742143432751,0.0
117338,2.2175369589493172,0.5519742143432715,560,681,1241,0.0,-0.0008333472224535399,0.5519742143432751,0.0
117339,2.2167036117268566,0.5519742143432715,560,681,1241,0.0,-0.0008333472224606453,0.5519742143432751,0.0
117340,2.215870264504403,0.5519742143432715,560,681,1241,0.0,-0.0008333472224535399,0.5519742143432751,0.0
117341,2.2150369172819495,0.5519742143432715,560,681,1241,0.0,-0.0008333472224535399,0.5519742143432751,0.0
117342,2.214203570059496,0.5519742143432715,560,681,1241,0.0,-0.0008333472224535399,0.5519742143432751,0.0
117343,2.2133702228370424,0.5519742143432715,560,681,1241,0.0,-0.0008333472224535399,0.5519742143432751,0.0
117344,2.212536875614589,0.5519742143432715,560,681,1241,0.0,-0.0008333472224535399,0.5519742143432751,0.0
117345,2.2117035283921354,0.5519742143432715,560,681,1241,0.0,-0.0008333472224535399,0.5519742143432751,0.0
117346,2.210870181169682,0.5519742143432715,560,681,1241,0.0,-0.0008333472224535399,0.5519742143432751,0.0
117347,2.2100368339472283,0.5519742143432715,560,681,1241,0.0,-0.0008333472224535399,0.5519742143432751,0.0
117348,2.2092034867247747,0.5519742143432715,560,681,1241,0.0,-0.0008333472224535399,0.5519742143432751,0.0
117349,2.208370139502321,0.5519742143432715,560,681,1241,0.0,-0.0008333472224535399,0.5519742143432751,0.0
117350,2.2075367922798677,0.5519742143432715,560,681,1241,0.0,-0.0008333472224535399,0.5519742143432751,0.0
117351,2.206703445057414,0.5519742143432715,560,681,1241,0.0,-0.0008333472224535399,0.5519742143432751,0.0
117352,2.2058700978349606,0.5519742143432715,560,681,1241,0.0,-0.0008333472224535399,0.5519742143432751,0.0
117353,2.205036750612507,0.5519742143432715,560,681,1241,0.0,-0.0008333472224535399,0.5519742143432751,0.0
117354,2.2042034033900535,0.5519742143432715,560,681,1241,0.0,-0.0008333472224535399,0.5519742143432751,0.0
117355,2.2033700561676,0.5519742143432715,560,681,1241,0.0,-0.0008333472224535399,0.5519742143432751,0.0
117356,2.2025367089451464,0.5519742143432715,560,681,1241,0.0,-0.0008333472224535399,0.5519742143432751,0.0
117357,2.201703361722693,0.5519742143432715,560,681,1241,0.0,-0.0008333472224535399,0.5519742143432751,0.0
117358,2.2008700145002393,0.5519742143432715,560,681,1241,0.0,-0.0008333472224535399,0.5519742143432751,0.0
117359,2.200036667277786,0.5519742143432715,560,681,1241,0.0,-0.0008333472224535399,0.5519742143432751,0.0
117360,2.1992033200553323,0.5519742143432715,560,681,1241,0.0,-0.0008333472224535399,0.5519742143432751,0.0
117361,2.1983699728328787,0.5519742143432715,560,681,1241,0.0,-0.0008333472224535399,0.5519742143432751,0.0
117362,2.197536625610425,0.5519742143432715,560,681,1241,0.0,-0.0008333472224535399,0.5519742143432751,0.0
117363,2.1967032783879716,0.5519742143432715,560,681,1241,0.0,-0.0008333472224535399,0.5519742143432751,0.0
117364,2.195869931165518,0.5527800161160354,560,681,1241,0.0008058017727639033,-0.0008333472224535399,0.5520547945205514,8.058017727639034e-05
117365,2.1950365839430646,0.5527800161160354,560,681,1241,0.0,-0.0008333472224535399,0.5521353746978278,8.058017727639034e-05
117366,2.194203236720611,0.5527800161160354,560,681,1241,0.0,-0.0008333472224535399,0.5522159548751041,8.058017727639034e-05
117367,2.1933698894981575,0.5527800161160354,560,681,1241,0.0,-0.0008333472224535399,0.5522965350523805,8.058017727639034e-05
117368,2.192536542275704,0.5527800161160354,560,681,1241,0.0,-0.0008333472224535399,0.5523771152296568,8.058017727639034e-05
117369,2.1917031950532504,0.5527800161160354,560,681,1241,0.0,-0.0008333472224535399,0.5524576954069331,8.058017727639034e-05
117370,2.190869847830797,0.5527800161160354,560,681,1241,0.0,-0.0008333472224535399,0.5525382755842095,8.058017727639034e-05
117371,2.1900365006083433,0.5527800161160354,560,681,1241,0.0,-0.0008333472224535399,0.5526188557614858,8.058017727639034e-05
117372,2.1892031533858898,0.5527800161160354,560,681,1241,0.0,-0.0008333472224535399,0.5526994359387623,8.058017727639034e-05
117373,2.1883698061634362,0.5527800161160354,560,681,1241,0.0,-0.0008333472224535399,0.5527800161160386,8.058017727639034e-05
117374,2.1875364589409827,0.5527800161160354,560,681,1241,0.0,-0.0008333472224535399,0.5527800161160386,0.0
117375,2.186703111718529,0.5527800161160354,560,681,1241,0.0,-0.0008333472224535399,0.5527800161160386,0.0
117376,2.1858697644960756,0.5519742143432715,560,681,1241,-0.0008058017727639033,-0.0008333472224535399,0.5526994359387623,-8.058017727639034e-05
117377,2.185036417273622,0.5519742143432715,560,681,1241,0.0,-0.0008333472224535399,0.5526188557614858,-8.058017727639034e-05
117378,2.1842030700511685,0.5519742143432715,560,681,1241,0.0,-0.0008333472224535399,0.5525382755842095,-8.058017727639034e-05
117379,2.183369722828715,0.5519742143432715,560,681,1241,0.0,-0.0008333472224535399,0.5524576954069331,-8.058017727639034e-05
117380,2.1825363756062615,0.5519742143432715,560,681,1241,0.0,-0.0008333472224535399,0.5523771152296568,-8.058017727639034e-05
117381,2.181703028383808,0.5519742143432715,560,681,1241,0.0,-0.0008333472224535399,0.5522965350523805,-8.058017727639034e-05
117382,2.1808696811613473,0.5519742143432715,560,681,1241,0.0,-0.0008333472224606453,0.5522159548751041,-8.058017727639034e-05
117383,2.1800363339388937,0.5519742143432715,560,681,1241,0.0,-0.0008333472224535399,0.5521353746978278,-8.058017727639034e-05
117384,2.17920298671644,0.5519742143432715,560,681,1241,0.0,-0.0008333472224535399,0.5520547945205514,-8.058017727639034e-05
117385,2.1783696394939867,0.5519742143432715,560,681,1241,0.0,-0.0008333472224535399,0.5519742143432751,-8.058017727639034e-05
117386,2.177536292271533,0.5519742143432715,560,681,1241,0.0,-0.0008333472224535399,0.5519742143432751,0.0
117387,2.1767029450490796,0.5519742143432715,560,681,1241,0.0,-0.0008333472224535399,0.5519742143432751,0.0
117388,2.175869597826626,0.5519742143432715,560,681,1241,0.0,-0.0008333472224535399,0.5519742143432751,0.0
117389,2.1750362506041725,0.5519742143432715,560,681,1241,0.0,-0.0008333472224535399,0.5519742143432751,0.0
117390,2.174202903381719,0.5519742143432715,560,681,1241,0.0,-0.0008333472224535399,0.5519742143432751,0.0
117391,2.1733695561592654,0.5519742143432715,560,681,1241,0.0,-0.0008333472224535399,0.5519742143432751,0.0
117392,2.172536208936812,0.5519742143432715,560,681,1241,0.0,-0.0008333472224535399,0.5519742143432751,0.0
117393,2.1717028617143583,0.5519742143432715,560,681,1241,0.0,-0.0008333472224535399,0.5519742143432751,0.0
117394,2.170869514491905,0.5519742143432715,560,681,1241,0.0,-0.0008333472224535399,0.5519742143432751,0.0
117395,2.1700361672694513,0.5519742143432715,560,681,1241,0.0,-0.0008333472224535399,0.5519742143432751,0.0
117396,2.1692028200469977,0.5519742143432715,560,681,1241,0.0,-0.0008333472224535399,0.5519742143432751,0.0
117397,2.168369472824544,0.5519742143432715,560,681,1241,0.0,-0.0008333472224535399,0.5519742143432751,0.0
117398,2.1675361256020906,0.5519742143432715,560,681,1241,0.0,-0.0008333472224535399,0.5519742143432751,0.0
117399,2.166702778379637,0.5519742143432715,560,681,1241,0.0,-0.0008333472224535399,0.5519742143432751,0.0
117400,2.1658694311571836,0.5511684125705076,560,681,1241,-0.0008058017727639033,-0.0008333472224535399,0.5518936341659988,-8.058017727639034e-05
117401,2.16503608393473,0.5511684125705076,560,681,1241,0.0,-0.0008333472224535399,0.5518130539887224,-8.058017727639034e-05
117402,2.1642027367122765,0.5511684125705076,560,681,1241,0.0,-0.0008333472224535399,0.5517324738114461,-8.058017727639034e-05
117403,2.163369389489823,0.5511684125705076,560,681,1241,0.0,-0.0008333472224535399,0.5516518936341697,-8.058017727639034e-05
117404,2.1625360422673694,0.5511684125705076,560,681,1241,0.0,-0.0008333472224535399,0.5515713134568934,-8.058017727639034e-05
117405,2.161702695044916,0.5511684125705076,560,681,1241,0.0,-0.0008333472224535399,0.5514907332796171,-8.058017727639034e-05
117406,2.1608693478224623,0.5511684125705076,560,681,1241,0.0,-0.0008333472224535399,0.5514101531023406,-8.058017727639034e-05
117407,2.1600360006000088,0.5511684125705076,560,681,1241,0.0,-0.0008333472224535399,0.5513295729250643,-8.058017727639034e-05
117408,2.1592026533775552,0.5511684125705076,560,681,1241,0.0,-0.0008333472224535399,0.5512489927477879,-8.058017727639034e-05
117409,2.1583693061551017,0.5511684125705076,560,681,1241,0.0,-0.0008333472224535399,0.5511684125705116,-8.058017727639034e-05
117410,2.157535958932648,0.5511684125705076,560,681,1241,0.0,-0.0008333472224535399,0.5511684125705116,0.0
117411,2.1567026117101946,0.5511684125705076,560,681,1241,0.0,-0.0008333472224535399,0.5511684125705116,0.0
117412,2.155869264487741,0.5511684125705076,560,681,1241,0.0,-0.0008333472224535399,0.5511684125705116,0.0
117413,2.1550359172652875,0.5511684125705076,560,681,1241,0.0,-0.0008333472224535399,0.5511684125705116,0.0
117414,2.154202570042834,0.5511684125705076,560,681,1241,0.0,-0.0008333472224535399,0.5511684125705116,0.0
117415,2.1533692228203805,0.5511684125705076,560,681,1241,0.0,-0.0008333472224535399,0.5511684125705116,0.0
117416,2.152535875597927,0.5511684125705076,560,681,1241,0.0,-0.0008333472224535399,0.5511684125705116,0.0
117417,2.1517025283754734,0.5511684125705076,560,681,1241,0.0,-0.0008333472224535399,0.5511684125705116,0.0
117418,2.15086918115302,0.5511684125705076,560,681,1241,0.0,-0.0008333472224535399,0.5511684125705116,0.0
117419,2.1500358339305663,0.5511684125705076,560,681,1241,0.0,-0.0008333472224535399,0.5511684125705116,0.0
117420,2.1492024867081128,0.5511684125705076,560,681,1241,0.0,-0.0008333472224535399,0.5511684125705116,0.0
117421,2.148369139485659,0.5511684125705076,560,681,1241,0.0,-0.0008333472224535399,0.5511684125705116,0.0
117422,2.1475357922632057,0.5511684125705076,560,681,1241,0.0,-0.0008333472224535399,0.5511684125705116,0.0
117423,2.146702445040752,0.5511684125705076,560,681,1241,0.0,-0.0008333472224535399,0.5511684125705116,0.0
117424,2.1458690978182915,0.5511684125705076,560,681,1241,0.0,-0.0008333472224606453,0.5511684125705116,0.0
117425,2.145035750595838,0.5511684125705076,560,681,1241,0.0,-0.0008333472224535399,0.5511684125705116,0.0
117426,2.1442024033733844,0.5511684125705076,560,681,1241,0.0,-0.0008333472224535399,0.5511684125705116,0.0
117427,2.143369056150931,0.5511684125705076,560,681,1241,0.0,-0.0008333472224535399,0.5511684125705116,0.0
117428,2.1425357089284773,0.5511684125705076,560,681,1241,0.0,-0.0008333472224535399,0.5511684125705116,0.0
117429,2.141702361706024,0.5511684125705076,560,681,1241,0.0,-0.0008333472224535399,0.5511684125705116,0.0
117430,2.1408690144835703,0.5511684125705076,560,681,1241,0.0,-0.0008333472224535399,0.5511684125705116,0.0
117431,2.1400356672611167,0.5511684125705076,560,681,1241,0.0,-0.0008333472224535399,0.5511684125705116,0.0
117432,2.139202320038663,0.5511684125705076,560,681,1241,0.0,-0.0008333472224535399,0.5511684125705116,0.0
117433,2.1383689728162096,0.5511684125705076,560,681,1241,0.0,-0.0008333472224535399,0.5511684125705116,0.0
117434,2.137535625593756,0.5511684125705076,560,681,1241,0.0,-0.0008333472224535399,0.5511684125705116,0.0
117435,2.1367022783713026,0.5511684125705076,560,681,1241,0.0,-0.0008333472224535399,0.5511684125705116,0.0
117436,2.135868931148849,0.5511684125705076,560,681,1241,0.0,-0.0008333472224535399,0.5511684125705116,0.0
117437,2.1350355839263955,0.5511684125705076,560,681,1241,0.0,-0.0008333472224535399,0.5511684125705116,0.0
117438,2.134202236703942,0.5511684125705076,560,681,1241,0.0,-0.0008333472224535399,0.5511684125705116,0.0
117439,2.1333688894814884,0.5511684125705076,560,681,1241,0.0,-0.0008333472224535399,0.5511684125705116,0.0
117440,2.132535542259035,0.5511684125705076,560,681,1241,0.0,-0.0008333472224535399,0.5511684125705116,0.0
117441,2.1317021950365813,0.5511684125705076,560,681,1241,0.0,-0.0008333472224535399,0.5511684125705116,0.0
117442,2.1308688478141278,0.5511684125705076,560,681,1241,0.0,-0.0008333472224535399,0.5511684125705116,0.0
117443,2.1300355005916742,0.5511684125705076,560,681,1241,0.0,-0.0008333472224535399,0.5511684125705116,0.0
117444,2.1292021533692207,0.5511684125705076,560,681,1241,0.0,-0.0008333472224535399,0.5511684125705116,0.0
117445,2.128368806146767,0.5511684125705076,560,681,1241,0.0,-0.0008333472224535399,0.5511684125705116,0.0
117446,2.1275354589243136,0.5511684125705076,560,681,1241,0.0,-0.0008333472224535399,0.5511684125705116,0.0
117447,2.12670211170186,0.5511684125705076,560,681,1241,0.0,-0.0008333472224535399,0.5511684125705116,0.0
117448,2.1258687644794065,0.5511684125705076,560,681,1241,0.0,-0.0008333472224535399,0.5511684125705116,0.0
117449,2.125035417256953,0.5511684125705076,560,681,1241,0.0,-0.0008333472224535399,0.5511684125705116,0.0
117450,2.1242020700344995,0.5511684125705076,560,681,1241,0.0,-0.0008333472224535399,0.5511684125705116,0.0
117451,2.123368722812046,0.5511684125705076,560,681,1241,0.0,-0.0008333472224535399,0.5511684125705116,0.0
117452,2.1225353755895924,0.5511684125705076,560,681,1241,0.0,-0.0008333472224535399,0.5511684125705116,0.0
117453,2.121702028367139,0.5511684125705076,560,681,1241,0.0,-0.0008333472224535399,0.5511684125705116,0.0
117454,2.1208686811446853,0.5511684125705076,560,681,1241,0.0,-0.0008333472224535399,0.5511684125705116,0.0
117455,2.1200353339222318,0.5511684125705076,560,681,1241,0.0,-0.0008333472224535399,0.5511684125705116,0.0
117456,2.119201986699778,0.5511684125705076,560,681,1241,0.0,-0.0008333472224535399,0.5511684125705116,0.0
117457,2.1183686394773247,0.5511684125705076,560,681,1241,0.0,-0.0008333472224535399,0.5511684125705116,0.0
117458,2.117535292254871,0.5511684125705076,560,681,1241,0.0,-0.0008333472224535399,0.5511684125705116,0.0
117459,2.1167019450324176,0.5511684125705076,560,681,1241,0.0,-0.0008333472224535399,0.5511684125705116,0.0
117460,2.115868597809964,0.5511684125705076,560,681,1241,0.0,-0.0008333472224535399,0.5511684125705116,0.0
117461,2.1150352505875105,0.5511684125705076,560,681,1241,0.0,-0.0008333472224535399,0.5511684125705116,0.0
117462,2.114201903365057,0.5511684125705076,560,681,1241,0.0,-0.0008333472224535399,0.5511684125705116,0.0
117463,2.1133685561426034,0.5511684125705076,560,681,1241,0.0,-0.0008333472224535399,0.5511684125705116,0.0
117464,2.11253520892015,0.5511684125705076,560,681,1241,0.0,-0.0008333472224535399,0.5511684125705116,0.0
117465,2.1117018616976964,0.5511684125705076,560,681,1241,0.0,-0.0008333472224535399,0.5511684125705116,0.0
117466,2.1108685144752357,0.5511684125705076,560,681,1241,0.0,-0.0008333472224606453,0.5511684125705116,0.0
117467,2.110035167252782,0.5511684125705076,560,681,1241,0.0,-0.0008333472224535399,0.5511684125705116,0.0
117468,2.1092018200303286,0.5511684125705076,560,681,1241,0.0,-0.0008333472224535399,0.5511684125705116,0.0
117469,2.108368472807875,0.5511684125705076,560,681,1241,0.0,-0.0008333472224535399,0.5511684125705116,0.0
117470,2.1075351255854216,0.5511684125705076,560,681,1241,0.0,-0.0008333472224535399,0.5511684125705116,0.0
117471,2.106701778362968,0.5511684125705076,560,681,1241,0.0,-0.0008333472224535399,0.5511684125705116,0.0
117472,2.1058684311405145,0.5511684125705076,560,681,1241,0.0,-0.0008333472224535399,0.5511684125705116,0.0
117473,2.105035083918061,0.5511684125705076,560,681,1241,0.0,-0.0008333472224535399,0.5511684125705116,0.0
117474,2.1042017366956074,0.5511684125705076,560,681,1241,0.0,-0.0008333472224535399,0.5511684125705116,0.0
117475,2.103368389473154,0.5511684125705076,560,681,1241,0.0,-0.0008333472224535399,0.5511684125705116,0.0
117476,2.1025350422507003,0.5511684125705076,560,681,1241,0.0,-0.0008333472224535399,0.5511684125705116,0.0
117477,2.1017016950282468,0.5511684125705076,560,681,1241,0.0,-0.0008333472224535399,0.5511684125705116,0.0
117478,2.1008683478057932,0.5511684125705076,560,681,1241,0.0,-0.0008333472224535399,0.5511684125705116,0.0
117479,2.1000350005833397,0.5511684125705076,560,681,1241,0.0,-0.0008333472224535399,0.5511684125705116,0.0
117480,2.099201653360886,0.5511684125705076,560,681,1241,0.0,-0.0008333472224535399,0.5511684125705116,0.0
117481,2.0983683061384326,0.5511684125705076,560,681,1241,0.0,-0.0008333472224535399,0.5511684125705116,0.0
117482,2.097534958915979,0.5511684125705076,560,681,1241,0.0,-0.0008333472224535399,0.5511684125705116,0.0
117483,2.0967016116935255,0.5511684125705076,560,681,1241,0.0,-0.0008333472224535399,0.5511684125705116,0.0
117484,2.095868264471072,0.5511684125705076,560,681,1241,0.0,-0.0008333472224535399,0.5511684125705116,0.0
117485,2.0950349172486185,0.5511684125705076,560,681,1241,0.0,-0.0008333472224535399,0.5511684125705116,0.0
117486,2.094201570026165,0.5511684125705076,560,681,1241,0.0,-0.0008333472224535399,0.5511684125705116,0.0
117487,2.0933682228037114,0.5511684125705076,560,681,1241,0.0,-0.0008333472224535399,0.5511684125705116,0.0
117488,2.092534875581258,0.5511684125705076,560,681,1241,0.0,-0.0008333472224535399,0.5511684125705116,0.0
117489,2.0917015283588043,0.5511684125705076,560,681,1241,0.0,-0.0008333472224535399,0.5511684125705116,0.0
117490,2.0908681811363508,0.5511684125705076,560,681,1241,0.0,-0.0008333472224535399,0.5511684125705116,0.0
117491,2.090034833913897,0.5511684125705076,560,681,1241,0.0,-0.0008333472224535399,0.5511684125705116,0.0
117492,2.0892014866914437,0.5511684125705076,560,681,1241,0.0,-0.0008333472224535399,0.5511684125705116,0.0
117493,2.08836813946899,0.5511684125705076,560,681,1241,0.0,-0.0008333472224535399,0.5511684125705116,0.0
117494,2.0875347922465366,0.5511684125705076,560,681,1241,0.0,-0.0008333472224535399,0.5511684125705116,0.0
117495,2.086701445024083,0.5511684125705076,560,681,1241,0.0,-0.0008333472224535399,0.5511684125705116,0.0
117496,2.0858680978016295,0.5511684125705076,560,681,1241,0.0,-0.0008333472224535399,0.5511684125705116,0.0
117497,2.085034750579176,0.5511684125705076,560,681,1241,0.0,-0.0008333472224535399,0.5511684125705116,0.0
117498,2.0842014033567224,0.5511684125705076,560,681,1241,0.0,-0.0008333472224535399,0.5511684125705116,0.0
117499,2.083368056134269,0.5511684125705076,560,681,1241,0.0,-0.0008333472224535399,0.5511684125705116,0.0
117500,2.0825347089118154,0.5511684125705076,560,681,1241,0.0,-0.0008333472224535399,0.5511684125705116,0.0
117501,2.081701361689362,0.5511684125705076,560,681,1241,0.0,-0.0008333472224535399,0.5511684125705116,0.0
117502,2.0808680144669083,0.5511684125705076,560,681,1241,0.0,-0.0008333472224535399,0.5511684125705116,0.0
117503,2.0800346672444547,0.5511684125705076,560,681,1241,0.0,-0.0008333472224535399,0.5511684125705116,0.0
117504,2.079201320022001,0.5511684125705076,560,681,1241,0.0,-0.0008333472224535399,0.5511684125705116,0.0
117505,2.0783679727995477,0.5511684125705076,560,681,1241,0.0,-0.0008333472224535399,0.5511684125705116,0.0
117506,2.077534625577094,0.5511684125705076,560,681,1241,0.0,-0.0008333472224535399,0.5511684125705116,0.0
117507,2.0767012783546406,0.5511684125705076,560,681,1241,0.0,-0.0008333472224535399,0.5511684125705116,0.0
117508,2.075867931132187,0.5511684125705076,560,681,1241,0.0,-0.0008333472224535399,0.5511684125705116,0.0
117509,2.0750345839097264,0.5511684125705076,560,681,1241,0.0,-0.0008333472224606453,0.5511684125705116,0.0
117510,2.074201236687273,0.5511684125705076,560,681,1241,0.0,-0.0008333472224535399,0.5511684125705116,0.0
117511,2.0733678894648193,0.5511684125705076,560,681,1241,0.0,-0.0008333472224535399,0.5511684125705116,0.0
117512,2.0725345422423658,0.5511684125705076,560,681,1241,0.0,-0.0008333472224535399,0.5511684125705116,0.0
117513,2.0717011950199122,0.5511684125705076,560,681,1241,0.0,-0.0008333472224535399,0.5511684125705116,0.0
117514,2.0708678477974587,0.5511684125705076,560,681,1241,0.0,-0.0008333472224535399,0.5511684125705116,0.0
117515,2.070034500575005,0.5511684125705076,560,681,1241,0.0,-0.0008333472224535399,0.5511684125705116,0.0
117516,2.0692011533525516,0.5511684125705076,560,681,1241,0.0,-0.0008333472224535399,0.5511684125705116,0.0
117517,2.068367806130098,0.5519742143432715,560,681,1241,0.0008058017727639033,-0.0008333472224535399,0.5512489927477879,8.058017727639034e-05
117518,2.0675344589076445,0.5519742143432715,560,681,1241,0.0,-0.0008333472224535399,0.5513295729250643,8.058017727639034e-05
117519,2.066701111685191,0.5519742143432715,560,681,1241,0.0,-0.0008333472224535399,0.5514101531023406,8.058017727639034e-05
117520,2.0658677644627375,0.5519742143432715,560,681,1241,0.0,-0.0008333472224535399,0.5514907332796171,8.058017727639034e-05
117521,2.065034417240284,0.5519742143432715,560,681,1241,0.0,-0.0008333472224535399,0.5515713134568934,8.058017727639034e-05
117522,2.0642010700178304,0.5519742143432715,560,681,1241,0.0,-0.0008333472224535399,0.5516518936341697,8.058017727639034e-05
117523,2.063367722795377,0.5519742143432715,560,681,1241,0.0,-0.0008333472224535399,0.5517324738114461,8.058017727639034e-05
117524,2.0625343755729233,0.5519742143432715,560,681,1241,0.0,-0.0008333472224535399,0.5518130539887224,8.058017727639034e-05
117525,2.0617010283504698,0.5519742143432715,560,681,1241,0.0,-0.0008333472224535399,0.5518936341659988,8.058017727639034e-05
117526,2.060867681128016,0.5519742143432715,560,681,1241,0.0,-0.0008333472224535399,0.5519742143432751,8.058017727639034e-05
117527,2.0600343339055627,0.5519742143432715,560,681,1241,0.0,-0.0008333472224535399,0.5519742143432751,0.0
117528,2.059200986683109,0.5519742143432715,560,681,1241,0.0,-0.0008333472224535399,0.5519742143432751,0.0
117529,2.0583676394606556,0.5519742143432715,560,681,1241,0.0,-0.0008333472224535399,0.5519742143432751,0.0
117530,2.057534292238202,0.5519742143432715,560,681,1241,0.0,-0.0008333472224535399,0.5519742143432751,0.0
117531,2.0567009450157485,0.5519742143432715,560,681,1241,0.0,-0.0008333472224535399,0.5519742143432751,0.0
117532,2.055867597793295,0.5519742143432715,560,681,1241,0.0,-0.0008333472224535399,0.5519742143432751,0.0
117533,2.0550342505708414,0.5519742143432715,560,681,1241,0.0,-0.0008333472224535399,0.5519742143432751,0.0
117534,2.054200903348388,0.5519742143432715,560,681,1241,0.0,-0.0008333472224535399,0.5519742143432751,0.0
117535,2.0533675561259344,0.5519742143432715,560,681,1241,0.0,-0.0008333472224535399,0.5519742143432751,0.0
117536,2.052534208903481,0.5519742143432715,560,681,1241,0.0,-0.0008333472224535399,0.5519742143432751,0.0
117537,2.0517008616810273,0.5519742143432715,560,681,1241,0.0,-0.0008333472224535399,0.5519742143432751,0.0
117538,2.0508675144585737,0.5519742143432715,560,681,1241,0.0,-0.0008333472224535399,0.5519742143432751,0.0
117539,2.05003416723612,0.5519742143432715,560,681,1241,0.0,-0.0008333472224535399,0.5519742143432751,0.0
117540,2.0492008200136667,0.5519742143432715,560,681,1241,0.0,-0.0008333472224535399,0.5519742143432751,0.0
117541,2.048367472791213,0.5519742143432715,560,681,1241,0.0,-0.0008333472224535399,0.5519742143432751,0.0
117542,2.0475341255687596,0.5519742143432715,560,681,1241,0.0,-0.0008333472224535399,0.5519742143432751,0.0
117543,2.046700778346306,0.5519742143432715,560,681,1241,0.0,-0.0008333472224535399,0.5519742143432751,0.0
117544,2.0458674311238525,0.5519742143432715,560,681,1241,0.0,-0.0008333472224535399,0.5519742143432751,0.0
117545,2.045034083901399,0.5519742143432715,560,681,1241,0.0,-0.0008333472224535399,0.5519742143432751,0.0
117546,2.0442007366789454,0.5519742143432715,560,681,1241,0.0,-0.0008333472224535399,0.5519742143432751,0.0
117547,2.043367389456492,0.5519742143432715,560,681,1241,0.0,-0.0008333472224535399,0.5519742143432751,0.0
117548,2.0425340422340383,0.5519742143432715,560,681,1241,0.0,-0.0008333472224535399,0.5519742143432751,0.0
117549,2.041700695011585,0.5519742143432715,560,681,1241,0.0,-0.0008333472224535399,0.5519742143432751,0.0
117550,2.0408673477891313,0.5519742143432715,560,681,1241,0.0,-0.0008333472224535399,0.5519742143432751,0.0
117551,2.0400340005666706,0.5519742143432715,560,681,1241,0.0,-0.0008333472224606453,0.5519742143432751,0.0
117552,2.039200653344217,0.5519742143432715,560,681,1241,0.0,-0.0008333472224535399,0.5519742143432751,0.0
117553,2.0383673061217635,0.5519742143432715,560,681,1241,0.0,-0.0008333472224535399,0.5519742143432751,0.0
117554,2.03753395889931,0.5519742143432715,560,681,1241,0.0,-0.0008333472224535399,0.5519742143432751,0.0
117555,2.0367006116768565,0.5519742143432715,560,681,1241,0.0,-0.0008333472224535399,0.5519742143432751,0.0
117556,2.035867264454403,0.5519742143432715,560,681,1241,0.0,-0.0008333472224535399,0.5519742143432751,0.0
117557,2.0350339172319494,0.5519742143432715,560,681,1241,0.0,-0.0008333472224535399,0.5519742143432751,0.0
117558,2.034200570009496,0.5519742143432715,560,681,1241,0.0,-0.0008333472224535399,0.5519742143432751,0.0
117559,2.0333672227870423,0.5519742143432715,560,681,1241,0.0,-0.0008333472224535399,0.5519742143432751,0.0
117560,2.0325338755645888,0.5519742143432715,560,681,1241,0.0,-0.0008333472224535399,0.5519742143432751,0.0
117561,2.031700528342135,0.5519742143432715,560,681,1241,0.0,-0.0008333472224535399,0.5519742143432751,0.0
117562,2.0308671811196817,0.5519742143432715,560,681,1241,0.0,-0.0008333472224535399,0.5519742143432751,0.0
117563,2.030033833897228,0.5519742143432715,560,681,1241,0.0,-0.0008333472224535399,0.5519742143432751,0.0
117564,2.0292004866747746,0.5519742143432715,560,681,1241,0.0,-0.0008333472224535399,0.5519742143432751,0.0
117565,2.028367139452321,0.5519742143432715,560,681,1241,0.0,-0.0008333472224535399,0.5519742143432751,0.0
117566,2.0275337922298675,0.5519742143432715,560,681,1241,0.0,-0.0008333472224535399,0.5519742143432751,0.0
117567,2.026700445007414,0.5519742143432715,560,681,1241,0.0,-0.0008333472224535399,0.5519742143432751,0.0
117568,2.0258670977849604,0.5519742143432715,560,681,1241,0.0,-0.0008333472224535399,0.5519742143432751,0.0
117569,2.025033750562507,0.5519742143432715,560,681,1241,0.0,-0.0008333472224535399,0.5519742143432751,0.0
117570,2.0242004033400534,0.5519742143432715,560,681,1241,0.0,-0.0008333472224535399,0.5519742143432751,0.0
117571,2.0233670561176,0.5519742143432715,560,681,1241,0.0,-0.0008333472224535399,0.5519742143432751,0.0
117572,2.0225337088951463,0.5519742143432715,560,681,1241,0.0,-0.0008333472224535399,0.5519742143432751,0.0
117573,2.0217003616726927,0.5519742143432715,560,681,1241,0.0,-0.0008333472224535399,0.5519742143432751,0.0
117574,2.020867014450239,0.5519742143432715,560,681,1241,0.0,-0.0008333472224535399,0.5519742143432751,0.0
117575,2.0200336672277857,0.5519742143432715,560,681,1241,0.0,-0.0008333472224535399,0.5519742143432751,0.0
117576,2.019200320005332,0.5519742143432715,560,681,1241,0.0,-0.0008333472224535399,0.5519742143432751,0.0
117577,2.0183669727828786,0.5519742143432715,560,681,1241,0.0,-0.0008333472224535399,0.5519742143432751,0.0
117578,2.017533625560425,0.5519742143432715,560,681,1241,0.0,-0.0008333472224535399,0.5519742143432751,0.0
117579,2.0167002783379715,0.5519742143432715,560,681,1241,0.0,-0.0008333472224535399,0.5519742143432751,0.0
117580,2.015866931115518,0.5519742143432715,560,681,1241,0.0,-0.0008333472224535399,0.5519742143432751,0.0
117581,2.0150335838930644,0.5519742143432715,560,681,1241,0.0,-0.0008333472224535399,0.5519742143432751,0.0
117582,2.014200236670611,0.5519742143432715,560,681,1241,0.0,-0.0008333472224535399,0.5519742143432751,0.0
117583,2.0133668894481573,0.5519742143432715,560,681,1241,0.0,-0.0008333472224535399,0.5519742143432751,0.0
117584,2.012533542225704,0.5519742143432715,560,681,1241,0.0,-0.0008333472224535399,0.5519742143432751,0.0
117585,2.0117001950032503,0.5519742143432715,560,681,1241,0.0,-0.0008333472224535399,0.5519742143432751,0.0
117586,2.0108668477807967,0.5519742143432715,560,681,1241,0.0,-0.0008333472224535399,0.5519742143432751,0.0
117587,2.010033500558343,0.5519742143432715,560,681,1241,0.0,-0.0008333472224535399,0.5519742143432751,0.0
117588,2.0092001533358896,0.5519742143432715,560,681,1241,0.0,-0.0008333472224535399,0.5519742143432751,0.0
117589,2.008366806113436,0.5519742143432715,560,681,1241,0.0,-0.0008333472224535399,0.5519742143432751,0.0
117590,2.0075334588909826,0.5519742143432715,560,681,1241,0.0,-0.0008333472224535399,0.5519742143432751,0.0
117591,2.006700111668529,0.5519742143432715,560,681,1241,0.0,-0.0008333472224535399,0.5519742143432751,0.0
117592,2.0058667644460755,0.5519742143432715,560,681,1241,0.0,-0.0008333472224535399,0.5519742143432751,0.0
117593,2.005033417223615,0.5519742143432715,560,681,1241,0.0,-0.0008333472224606453,0.5519742143432751,0.0
117594,2.0042000700011613,0.5519742143432715,560,681,1241,0.0,-0.0008333472224535399,0.5519742143432751,0.0
117595,2.0033667227787078,0.5519742143432715,560,681,1241,0.0,-0.0008333472224535399,0.5519742143432751,0.0
117596,2.002533375556254,0.5519742143432715,560,681,1241,0.0,-0.0008333472224535399,0.5519742143432751,0.0
117597,2.0017000283338007,0.5519742143432715,560,681,1241,0.0,-0.0008333472224535399,0.5519742143432751,0.0
117598,2.000866681111347,0.5519742143432715,560,681,1241,0.0,-0.0008333472224535399,0.5519742143432751,0.0
117599,2.0000333338888936,0.5519742143432715,560,681,1241,0.0,-0.0008333472224535399,0.5519742143432751,0.0
117600,1.99919998666644,0.5519742143432715,560,681,1241,0.0,-0.0008333472224535399,0.5519742143432751,0.0
117601,1.9983666394439865,0.5519742143432715,560,681,1241,0.0,-0.0008333472224535399,0.5519742143432751,0.0
117602,1.997533292221533,0.5519742143432715,560,681,1241,0.0,-0.0008333472224535399,0.5519742143432751,0.0
117603,1.9966999449990794,0.5519742143432715,560,681,1241,0.0,-0.0008333472224535399,0.5519742143432751,0.0
117604,1.995866597776626,0.5519742143432715,560,681,1241,0.0,-0.0008333472224535399,0.5519742143432751,0.0
117605,1.9950332505541724,0.5519742143432715,560,681,1241,0.0,-0.0008333472224535399,0.5519742143432751,0.0
117606,1.9941999033317188,0.5519742143432715,560,681,1241,0.0,-0.0008333472224535399,0.5519742143432751,0.0
117607,1.9933665561092653,0.5519742143432715,560,681,1241,0.0,-0.0008333472224535399,0.5519742143432751,0.0
117608,1.9925332088868117,0.5519742143432715,560,681,1241,0.0,-0.0008333472224535399,0.5519742143432751,0.0
117609,1.9916998616643582,0.5519742143432715,560,681,1241,0.0,-0.0008333472224535399,0.5519742143432751,0.0
117610,1.9908665144419047,0.5519742143432715,560,681,1241,0.0,-0.0008333472224535399,0.5519742143432751,0.0
117611,1.9900331672194511,0.5519742143432715,560,681,1241,0.0,-0.0008333472224535399,0.5519742143432751,0.0
117612,1.9891998199969976,0.5519742143432715,560,681,1241,0.0,-0.0008333472224535399,0.5519742143432751,0.0
117613,1.988366472774544,0.5519742143432715,560,681,1241,0.0,-0.0008333472224535399,0.5519742143432751,0.0
117614,1.9875331255520905,0.5519742143432715,560,681,1241,0.0,-0.0008333472224535399,0.5519742143432751,0.0
117615,1.986699778329637,0.5519742143432715,560,681,1241,0.0,-0.0008333472224535399,0.5519742143432751,0.0
117616,1.9858664311071834,0.5519742143432715,560,681,1241,0.0,-0.0008333472224535399,0.5519742143432751,0.0
117617,1.9850330838847299,0.5519742143432715,560,681,1241,0.0,-0.0008333472224535399,0.5519742143432751,0.0
117618,1.9841997366622763,0.5519742143432715,560,681,1241,0.0,-0.0008333472224535399,0.5519742143432751,0.0
117619,1.9833663894398228,0.5519742143432715,560,681,1241,0.0,-0.0008333472224535399,0.5519742143432751,0.0
117620,1.9825330422173693,0.5519742143432715,560,681,1241,0.0,-0.0008333472224535399,0.5519742143432751,0.0
117621,1.9816996949949157,0.5519742143432715,560,681,1241,0.0,-0.0008333472224535399,0.5519742143432751,0.0
117622,1.9808663477724622,0.5519742143432715,560,681,1241,0.0,-0.0008333472224535399,0.5519742143432751,0.0
117623,1.9800330005500086,0.5519742143432715,560,681,1241,0.0,-0.0008333472224535399,0.5519742143432751,0.0
117624,1.979199653327555,0.5519742143432715,560,681,1241,0.0,-0.0008333472224535399,0.5519742143432751,0.0
117625,1.9783663061051016,0.5519742143432715,560,681,1241,0.0,-0.0008333472224535399,0.5519742143432751,0.0
117626,1.977532958882648,0.5519742143432715,560,681,1241,0.0,-0.0008333472224535399,0.5519742143432751,0.0
117627,1.9766996116601945,0.5519742143432715,560,681,1241,0.0,-0.0008333472224535399,0.5519742143432751,0.0
117628,1.975866264437741,0.5519742143432715,560,681,1241,0.0,-0.0008333472224535399,0.5519742143432751,0.0
117629,1.9750329172152874,0.5519742143432715,560,681,1241,0.0,-0.0008333472224535399,0.5519742143432751,0.0
117630,1.9741995699928339,0.5519742143432715,560,681,1241,0.0,-0.0008333472224535399,0.5519742143432751,0.0
117631,1.9733662227703803,0.5519742143432715,560,681,1241,0.0,-0.0008333472224535399,0.5519742143432751,0.0
117632,1.9725328755479268,0.5519742143432715,560,681,1241,0.0,-0.0008333472224535399,0.5519742143432751,0.0
117633,1.9716995283254732,0.5519742143432715,560,681,1241,0.0,-0.0008333472224535399,0.5519742143432751,0.0
117634,1.9708661811030197,0.5519742143432715,560,681,1241,0.0,-0.0008333472224535399,0.5519742143432751,0.0
117635,1.9700328338805662,0.5519742143432715,560,681,1241,0.0,-0.0008333472224535399,0.5519742143432751,0.0
117636,1.9691994866581055,0.5519742143432715,560,681,1241,0.0,-0.0008333472224606453,0.5519742143432751,0.0
117637,1.968366139435652,0.5519742143432715,560,681,1241,0.0,-0.0008333472224535399,0.5519742143432751,0.0
117638,1.9675327922131984,0.5519742143432715,560,681,1241,0.0,-0.0008333472224535399,0.5519742143432751,0.0
117639,1.966699444990745,0.5519742143432715,560,681,1241,0.0,-0.0008333472224535399,0.5519742143432751,0.0
117640,1.9658660977682914,0.5519742143432715,560,681,1241,0.0,-0.0008333472224535399,0.5519742143432751,0.0
117641,1.9650327505458378,0.5519742143432715,560,681,1241,0.0,-0.0008333472224535399,0.5519742143432751,0.0
117642,1.9641994033233843,0.5519742143432715,560,681,1241,0.0,-0.0008333472224535399,0.5519742143432751,0.0
117643,1.9633660561009307,0.5519742143432715,560,681,1241,0.0,-0.0008333472224535399,0.5519742143432751,0.0
117644,1.9625327088784772,0.5519742143432715,560,681,1241,0.0,-0.0008333472224535399,0.5519742143432751,0.0
117645,1.9616993616560237,0.5519742143432715,560,681,1241,0.0,-0.0008333472224535399,0.5519742143432751,0.0
117646,1.9608660144335701,0.5519742143432715,560,681,1241,0.0,-0.0008333472224535399,0.5519742143432751,0.0
117647,1.9600326672111166,0.5519742143432715,560,681,1241,0.0,-0.0008333472224535399,0.5519742143432751,0.0
117648,1.959199319988663,0.5519742143432715,560,681,1241,0.0,-0.0008333472224535399,0.5519742143432751,0.0
117649,1.9583659727662095,0.5519742143432715,560,681,1241,0.0,-0.0008333472224535399,0.5519742143432751,0.0
117650,1.957532625543756,0.5519742143432715,560,681,1241,0.0,-0.0008333472224535399,0.5519742143432751,0.0
117651,1.9566992783213024,0.5519742143432715,560,681,1241,0.0,-0.0008333472224535399,0.5519742143432751,0.0
117652,1.9558659310988489,0.5519742143432715,560,681,1241,0.0,-0.0008333472224535399,0.5519742143432751,0.0
117653,1.9550325838763953,0.5519742143432715,560,681,1241,0.0,-0.0008333472224535399,0.5519742143432751,0.0
117654,1.9541992366539418,0.5519742143432715,560,681,1241,0.0,-0.0008333472224535399,0.5519742143432751,0.0
117655,1.9533658894314883,0.5519742143432715,560,681,1241,0.0,-0.0008333472224535399,0.5519742143432751,0.0
117656,1.9525325422090347,0.5519742143432715,560,681,1241,0.0,-0.0008333472224535399,0.5519742143432751,0.0
117657,1.9516991949865812,0.5519742143432715,560,681,1241,0.0,-0.0008333472224535399,0.5519742143432751,0.0
117658,1.9508658477641276,0.5519742143432715,560,681,1241,0.0,-0.0008333472224535399,0.5519742143432751,0.0
117659,1.950032500541674,0.5519742143432715,560,681,1241,0.0,-0.0008333472224535399,0.5519742143432751,0.0
117660,1.9491991533192206,0.5519742143432715,560,681,1241,0.0,-0.0008333472224535399,0.5519742143432751,0.0
117661,1.948365806096767,0.5519742143432715,560,681,1241,0.0,-0.0008333472224535399,0.5519742143432751,0.0
117662,1.9475324588743135,0.5519742143432715,560,681,1241,0.0,-0.0008333472224535399,0.5519742143432751,0.0
117663,1.94669911165186,0.5519742143432715,560,681,1241,0.0,-0.0008333472224535399,0.5519742143432751,0.0
117664,1.9458657644294064,0.5519742143432715,560,681,1241,0.0,-0.0008333472224535399,0.5519742143432751,0.0
117665,1.9450324172069529,0.5519742143432715,560,681,1241,0.0,-0.0008333472224535399,0.5519742143432751,0.0
117666,1.9441990699844993,0.5519742143432715,560,681,1241,0.0,-0.0008333472224535399,0.5519742143432751,0.0
117667,1.9433657227620458,0.5519742143432715,560,681,1241,0.0,-0.0008333472224535399,0.5519742143432751,0.0
117668,1.9425323755395922,0.5519742143432715,560,681,1241,0.0,-0.0008333472224535399,0.5519742143432751,0.0
117669,1.9416990283171387,0.5519742143432715,560,681,1241,0.0,-0.0008333472224535399,0.5519742143432751,0.0
117670,1.9408656810946852,0.5519742143432715,560,681,1241,0.0,-0.0008333472224535399,0.5519742143432751,0.0
117671,1.9400323338722316,0.5519742143432715,560,681,1241,0.0,-0.0008333472224535399,0.5519742143432751,0.0
117672,1.939198986649778,0.5519742143432715,560,681,1241,0.0,-0.0008333472224535399,0.5519742143432751,0.0
117673,1.9383656394273245,0.5519742143432715,560,681,1241,0.0,-0.0008333472224535399,0.5519742143432751,0.0
117674,1.937532292204871,0.5519742143432715,560,681,1241,0.0,-0.0008333472224535399,0.5519742143432751,0.0
117675,1.9366989449824175,0.5519742143432715,560,681,1241,0.0,-0.0008333472224535399,0.5519742143432751,0.0
117676,1.935865597759964,0.5519742143432715,560,681,1241,0.0,-0.0008333472224535399,0.5519742143432751,0.0
117677,1.9350322505375104,0.5519742143432715,560,681,1241,0.0,-0.0008333472224535399,0.5519742143432751,0.0
117678,1.9341989033150497,0.5519742143432715,560,681,1241,0.0,-0.0008333472224606453,0.5519742143432751,0.0
117679,1.9333655560925962,0.5519742143432715,560,681,1241,0.0,-0.0008333472224535399,0.5519742143432751,0.0
117680,1.9325322088701427,0.5519742143432715,560,681,1241,0.0,-0.0008333472224535399,0.5519742143432751,0.0
117681,1.9316988616476891,0.5519742143432715,560,681,1241,0.0,-0.0008333472224535399,0.5519742143432751,0.0
117682,1.9308655144252356,0.5519742143432715,560,681,1241,0.0,-0.0008333472224535399,0.5519742143432751,0.0
117683,1.930032167202782,0.5519742143432715,560,681,1241,0.0,-0.0008333472224535399,0.5519742143432751,0.0
117684,1.9291988199803285,0.5519742143432715,560,681,1241,0.0,-0.0008333472224535399,0.5519742143432751,0.0
117685,1.928365472757875,0.5519742143432715,560,681,1241,0.0,-0.0008333472224535399,0.5519742143432751,0.0
117686,1.9275321255354214,0.5519742143432715,560,681,1241,0.0,-0.0008333472224535399,0.5519742143432751,0.0
117687,1.9266987783129679,0.5519742143432715,560,681,1241,0.0,-0.0008333472224535399,0.5519742143432751,0.0
117688,1.9258654310905143,0.5519742143432715,560,681,1241,0.0,-0.0008333472224535399,0.5519742143432751,0.0
117689,1.9250320838680608,0.5519742143432715,560,681,1241,0.0,-0.0008333472224535399,0.5519742143432751,0.0
117690,1.9241987366456073,0.5519742143432715,560,681,1241,0.0,-0.0008333472224535399,0.5519742143432751,0.0
117691,1.9233653894231537,0.5519742143432715,560,681,1241,0.0,-0.0008333472224535399,0.5519742143432751,0.0
117692,1.9225320422007002,0.5519742143432715,560,681,1241,0.0,-0.0008333472224535399,0.5519742143432751,0.0
117693,1.9216986949782466,0.5519742143432715,560,681,1241,0.0,-0.0008333472224535399,0.5519742143432751,0.0
117694,1.920865347755793,0.5519742143432715,560,681,1241,0.0,-0.0008333472224535399,0.5519742143432751,0.0
117695,1.9200320005333396,0.5519742143432715,560,681,1241,0.0,-0.0008333472224535399,0.5519742143432751,0.0
117696,1.919198653310886,0.5519742143432715,560,681,1241,0.0,-0.0008333472224535399,0.5519742143432751,0.0
117697,1.9183653060884325,0.5519742143432715,560,681,1241,0.0,-0.0008333472224535399,0.5519742143432751,0.0
117698,1.917531958865979,0.5519742143432715,560,681,1241,0.0,-0.0008333472224535399,0.5519742143432751,0.0
117699,1.9166986116435254,0.5519742143432715,560,681,1241,0.0,-0.0008333472224535399,0.5519742143432751,0.0
117700,1.9158652644210719,0.5519742143432715,560,681,1241,0.0,-0.0008333472224535399,0.5519742143432751,0.0
117701,1.9150319171986183,0.5519742143432715,560,681,1241,0.0,-0.0008333472224535399,0.5519742143432751,0.0
117702,1.9141985699761648,0.5519742143432715,560,681,1241,0.0,-0.0008333472224535399,0.5519742143432751,0.0
117703,1.9133652227537112,0.5519742143432715,560,681,1241,0.0,-0.0008333472224535399,0.5519742143432751,0.0
117704,1.9125318755312577,0.5519742143432715,560,681,1241,0.0,-0.0008333472224535399,0.5519742143432751,0.0
117705,1.9116985283088042,0.5519742143432715,560,681,1241,0.0,-0.0008333472224535399,0.5519742143432751,0.0
117706,1.9108651810863506,0.5519742143432715,560,681,1241,0.0,-0.0008333472224535399,0.5519742143432751,0.0
117707,1.910031833863897,0.5519742143432715,560,681,1241,0.0,-0.0008333472224535399,0.5519742143432751,0.0
117708,1.9091984866414435,0.5519742143432715,560,681,1241,0.0,-0.0008333472224535399,0.5519742143432751,0.0
117709,1.90836513941899,0.5519742143432715,560,681,1241,0.0,-0.0008333472224535399,0.5519742143432751,0.0
117710,1.9075317921965365,0.5519742143432715,560,681,1241,0.0,-0.0008333472224535399,0.5519742143432751,0.0
117711,1.906698444974083,0.5519742143432715,560,681,1241,0.0,-0.0008333472224535399,0.5519742143432751,0.0
117712,1.9058650977516294,0.5519742143432715,560,681,1241,0.0,-0.0008333472224535399,0.5519742143432751,0.0
117713,1.9050317505291758,0.5519742143432715,560,681,1241,0.0,-0.0008333472224535399,0.5519742143432751,0.0
117714,1.9041984033067223,0.5519742143432715,560,681,1241,0.0,-0.0008333472224535399,0.5519742143432751,0.0
117715,1.9033650560842688,0.5519742143432715,560,681,1241,0.0,-0.0008333472224535399,0.5519742143432751,0.0
117716,1.9025317088618152,0.5519742143432715,560,681,1241,0.0,-0.0008333472224535399,0.5519742143432751,0.0
117717,1.9016983616393617,0.5519742143432715,560,681,1241,0.0,-0.0008333472224535399,0.5519742143432751,0.0
117718,1.9008650144169081,0.5519742143432715,560,681,1241,0.0,-0.0008333472224535399,0.5519742143432751,0.0
117719,1.9000316671944546,0.5519742143432715,560,681,1241,0.0,-0.0008333472224535399,0.5519742143432751,0.0
117720,1.899198319971994,0.5519742143432715,560,681,1241,0.0,-0.0008333472224606453,0.5519742143432751,0.0
117721,1.8983649727495404,0.5519742143432715,560,681,1241,0.0,-0.0008333472224535399,0.5519742143432751,0.0
117722,1.8975316255270869,0.5519742143432715,560,681,1241,0.0,-0.0008333472224535399,0.5519742143432751,0.0
117723,1.8966982783046333,0.5519742143432715,560,681,1241,0.0,-0.0008333472224535399,0.5519742143432751,0.0
117724,1.8958649310821798,0.5519742143432715,560,681,1241,0.0,-0.0008333472224535399,0.5519742143432751,0.0
117725,1.8950315838597263,0.5519742143432715,560,681,1241,0.0,-0.0008333472224535399,0.5519742143432751,0.0
117726,1.8941982366372727,0.5519742143432715,560,681,1241,0.0,-0.0008333472224535399,0.5519742143432751,0.0
117727,1.8933648894148192,0.5519742143432715,560,681,1241,0.0,-0.0008333472224535399,0.5519742143432751,0.0
117728,1.8925315421923656,0.5519742143432715,560,681,1241,0.0,-0.0008333472224535399,0.5519742143432751,0.0
117729,1.891698194969912,0.5519742143432715,560,681,1241,0.0,-0.0008333472224535399,0.5519742143432751,0.0
117730,1.8908648477474586,0.5519742143432715,560,681,1241,0.0,-0.0008333472224535399,0.5519742143432751,0.0
117731,1.890031500525005,0.5519742143432715,560,681,1241,0.0,-0.0008333472224535399,0.5519742143432751,0.0
117732,1.8891981533025515,0.5519742143432715,560,681,1241,0.0,-0.0008333472224535399,0.5519742143432751,0.0
117733,1.888364806080098,0.5519742143432715,560,681,1241,0.0,-0.0008333472224535399,0.5519742143432751,0.0
117734,1.8875314588576444,0.5519742143432715,560,681,1241,0.0,-0.0008333472224535399,0.5519742143432751,0.0
117735,1.8866981116351909,0.5519742143432715,560,681,1241,0.0,-0.0008333472224535399,0.5519742143432751,0.0
117736,1.8858647644127373,0.5519742143432715,560,681,1241,0.0,-0.0008333472224535399,0.5519742143432751,0.0
117737,1.8850314171902838,0.5519742143432715,560,681,1241,0.0,-0.0008333472224535399,0.5519742143432751,0.0
117738,1.8841980699678302,0.5519742143432715,560,681,1241,0.0,-0.0008333472224535399,0.5519742143432751,0.0
117739,1.8833647227453767,0.5519742143432715,560,681,1241,0.0,-0.0008333472224535399,0.5519742143432751,0.0
117740,1.8825313755229232,0.5519742143432715,560,681,1241,0.0,-0.0008333472224535399,0.5519742143432751,0.0
117741,1.8816980283004696,0.5519742143432715,560,681,1241,0.0,-0.0008333472224535399,0.5519742143432751,0.0
117742,1.880864681078016,0.5519742143432715,560,681,1241,0.0,-0.0008333472224535399,0.5519742143432751,0.0
117743,1.8800313338555625,0.5519742143432715,560,681,1241,0.0,-0.0008333472224535399,0.5519742143432751,0.0
117744,1.879197986633109,0.5519742143432715,560,681,1241,0.0,-0.0008333472224535399,0.5519742143432751,0.0
117745,1.8783646394106555,0.5519742143432715,560,681,1241,0.0,-0.0008333472224535399,0.5519742143432751,0.0
117746,1.877531292188202,0.5519742143432715,560,681,1241,0.0,-0.0008333472224535399,0.5519742143432751,0.0
117747,1.8766979449657484,0.5519742143432715,560,681,1241,0.0,-0.0008333472224535399,0.5519742143432751,0.0
117748,1.8758645977432948,0.5519742143432715,560,681,1241,0.0,-0.0008333472224535399,0.5519742143432751,0.0
117749,1.8750312505208413,0.5519742143432715,560,681,1241,0.0,-0.0008333472224535399,0.5519742143432751,0.0
117750,1.8741979032983878,0.5511684125705076,560,681,1241,-0.0008058017727639033,-0.0008333472224535399,0.5518936341659988,-8.058017727639034e-05
117751,1.8733645560759342,0.5511684125705076,560,681,1241,0.0,-0.0008333472224535399,0.5518130539887224,-8.058017727639034e-05
117752,1.8725312088534807,0.5511684125705076,560,681,1241,0.0,-0.0008333472224535399,0.5517324738114461,-8.058017727639034e-05
117753,1.8716978616310271,0.5511684125705076,560,681,1241,0.0,-0.0008333472224535399,0.5516518936341697,-8.058017727639034e-05
117754,1.8708645144085736,0.5511684125705076,560,681,1241,0.0,-0.0008333472224535399,0.5515713134568934,-8.058017727639034e-05
117755,1.87003116718612,0.5511684125705076,560,681,1241,0.0,-0.0008333472224535399,0.5514907332796171,-8.058017727639034e-05
117756,1.8691978199636665,0.5511684125705076,560,681,1241,0.0,-0.0008333472224535399,0.5514101531023406,-8.058017727639034e-05
117757,1.868364472741213,0.5511684125705076,560,681,1241,0.0,-0.0008333472224535399,0.5513295729250643,-8.058017727639034e-05
117758,1.8675311255187594,0.5511684125705076,560,681,1241,0.0,-0.0008333472224535399,0.5512489927477879,-8.058017727639034e-05
117759,1.866697778296306,0.5511684125705076,560,681,1241,0.0,-0.0008333472224535399,0.5511684125705116,-8.058017727639034e-05
117760,1.8658644310738524,0.5511684125705076,560,681,1241,0.0,-0.0008333472224535399,0.5511684125705116,0.0
117761,1.8650310838513988,0.5511684125705076,560,681,1241,0.0,-0.0008333472224535399,0.5511684125705116,0.0
117762,1.8641977366289453,0.5511684125705076,560,681,1241,0.0,-0.0008333472224535399,0.5511684125705116,0.0
117763,1.8633643894064846,0.5511684125705076,560,681,1241,0.0,-0.0008333472224606453,0.5511684125705116,0.0
117764,1.862531042184031,0.5511684125705076,560,681,1241,0.0,-0.0008333472224535399,0.5511684125705116,0.0
117765,1.8616976949615776,0.5511684125705076,560,681,1241,0.0,-0.0008333472224535399,0.5511684125705116,0.0
117766,1.860864347739124,0.5511684125705076,560,681,1241,0.0,-0.0008333472224535399,0.5511684125705116,0.0
117767,1.8600310005166705,0.5511684125705076,560,681,1241,0.0,-0.0008333472224535399,0.5511684125705116,0.0
117768,1.859197653294217,0.5511684125705076,560,681,1241,0.0,-0.0008333472224535399,0.5511684125705116,0.0
117769,1.8583643060717634,0.5511684125705076,560,681,1241,0.0,-0.0008333472224535399,0.5511684125705116,0.0
117770,1.8575309588493099,0.5511684125705076,560,681,1241,0.0,-0.0008333472224535399,0.5511684125705116,0.0
117771,1.8566976116268563,0.5511684125705076,560,681,1241,0.0,-0.0008333472224535399,0.5511684125705116,0.0
117772,1.8558642644044028,0.5511684125705076,560,681,1241,0.0,-0.0008333472224535399,0.5511684125705116,0.0
117773,1.8550309171819492,0.5511684125705076,560,681,1241,0.0,-0.0008333472224535399,0.5511684125705116,0.0
117774,1.8541975699594957,0.5511684125705076,560,681,1241,0.0,-0.0008333472224535399,0.5511684125705116,0.0
117775,1.8533642227370422,0.5511684125705076,560,681,1241,0.0,-0.0008333472224535399,0.5511684125705116,0.0
117776,1.8525308755145886,0.5511684125705076,560,681,1241,0.0,-0.0008333472224535399,0.5511684125705116,0.0
117777,1.851697528292135,0.5511684125705076,560,681,1241,0.0,-0.0008333472224535399,0.5511684125705116,0.0
117778,1.8508641810696815,0.5511684125705076,560,681,1241,0.0,-0.0008333472224535399,0.5511684125705116,0.0
117779,1.850030833847228,0.5511684125705076,560,681,1241,0.0,-0.0008333472224535399,0.5511684125705116,0.0
117780,1.8491974866247745,0.5511684125705076,560,681,1241,0.0,-0.0008333472224535399,0.5511684125705116,0.0
117781,1.848364139402321,0.5511684125705076,560,681,1241,0.0,-0.0008333472224535399,0.5511684125705116,0.0
117782,1.8475307921798674,0.5511684125705076,560,681,1241,0.0,-0.0008333472224535399,0.5511684125705116,0.0
117783,1.8466974449574138,0.5511684125705076,560,681,1241,0.0,-0.0008333472224535399,0.5511684125705116,0.0
117784,1.8458640977349603,0.5511684125705076,560,681,1241,0.0,-0.0008333472224535399,0.5511684125705116,0.0
117785,1.8450307505125068,0.5511684125705076,560,681,1241,0.0,-0.0008333472224535399,0.5511684125705116,0.0
117786,1.8441974032900532,0.5511684125705076,560,681,1241,0.0,-0.0008333472224535399,0.5511684125705116,0.0
117787,1.8433640560675997,0.5511684125705076,560,681,1241,0.0,-0.0008333472224535399,0.5511684125705116,0.0
117788,1.8425307088451461,0.5511684125705076,560,681,1241,0.0,-0.0008333472224535399,0.5511684125705116,0.0
117789,1.8416973616226926,0.5511684125705076,560,681,1241,0.0,-0.0008333472224535399,0.5511684125705116,0.0
117790,1.840864014400239,0.5511684125705076,560,681,1241,0.0,-0.0008333472224535399,0.5511684125705116,0.0
117791,1.8400306671777855,0.5511684125705076,560,681,1241,0.0,-0.0008333472224535399,0.5511684125705116,0.0
117792,1.839197319955332,0.5511684125705076,560,681,1241,0.0,-0.0008333472224535399,0.5511684125705116,0.0
117793,1.8383639727328784,0.5511684125705076,560,681,1241,0.0,-0.0008333472224535399,0.5511684125705116,0.0
117794,1.837530625510425,0.5511684125705076,560,681,1241,0.0,-0.0008333472224535399,0.5511684125705116,0.0
117795,1.8366972782879714,0.5511684125705076,560,681,1241,0.0,-0.0008333472224535399,0.5511684125705116,0.0
117796,1.8358639310655178,0.5511684125705076,560,681,1241,0.0,-0.0008333472224535399,0.5511684125705116,0.0
117797,1.8350305838430643,0.5511684125705076,560,681,1241,0.0,-0.0008333472224535399,0.5511684125705116,0.0
117798,1.8341972366206107,0.5511684125705076,560,681,1241,0.0,-0.0008333472224535399,0.5511684125705116,0.0
117799,1.8333638893981572,0.5511684125705076,560,681,1241,0.0,-0.0008333472224535399,0.5511684125705116,0.0
117800,1.8325305421757037,0.5511684125705076,560,681,1241,0.0,-0.0008333472224535399,0.5511684125705116,0.0
117801,1.8316971949532501,0.5511684125705076,560,681,1241,0.0,-0.0008333472224535399,0.5511684125705116,0.0
117802,1.8308638477307966,0.5511684125705076,560,681,1241,0.0,-0.0008333472224535399,0.5511684125705116,0.0
117803,1.830030500508343,0.5511684125705076,560,681,1241,0.0,-0.0008333472224535399,0.5511684125705116,0.0
117804,1.8291971532858895,0.5511684125705076,560,681,1241,0.0,-0.0008333472224535399,0.5511684125705116,0.0
117805,1.8283638060634289,0.5511684125705076,560,681,1241,0.0,-0.0008333472224606453,0.5511684125705116,0.0
117806,1.8275304588409753,0.5511684125705076,560,681,1241,0.0,-0.0008333472224535399,0.5511684125705116,0.0
117807,1.8266971116185218,0.5511684125705076,560,681,1241,0.0,-0.0008333472224535399,0.5511684125705116,0.0
117808,1.8258637643960682,0.5511684125705076,560,681,1241,0.0,-0.0008333472224535399,0.5511684125705116,0.0
117809,1.8250304171736147,0.5511684125705076,560,681,1241,0.0,-0.0008333472224535399,0.5511684125705116,0.0
117810,1.8241970699511612,0.5511684125705076,560,681,1241,0.0,-0.0008333472224535399,0.5511684125705116,0.0
117811,1.8233637227287076,0.5511684125705076,560,681,1241,0.0,-0.0008333472224535399,0.5511684125705116,0.0
117812,1.822530375506254,0.5511684125705076,560,681,1241,0.0,-0.0008333472224535399,0.5511684125705116,0.0
117813,1.8216970282838005,0.5511684125705076,560,681,1241,0.0,-0.0008333472224535399,0.5511684125705116,0.0
117814,1.820863681061347,0.5511684125705076,560,681,1241,0.0,-0.0008333472224535399,0.5511684125705116,0.0
117815,1.8200303338388935,0.5511684125705076,560,681,1241,0.0,-0.0008333472224535399,0.5511684125705116,0.0
117816,1.81919698661644,0.5511684125705076,560,681,1241,0.0,-0.0008333472224535399,0.5511684125705116,0.0
117817,1.8183636393939864,0.5511684125705076,560,681,1241,0.0,-0.0008333472224535399,0.5511684125705116,0.0
117818,1.8175302921715328,0.5511684125705076,560,681,1241,0.0,-0.0008333472224535399,0.5511684125705116,0.0
117819,1.8166969449490793,0.5511684125705076,560,681,1241,0.0,-0.0008333472224535399,0.5511684125705116,0.0
117820,1.8158635977266258,0.5511684125705076,560,681,1241,0.0,-0.0008333472224535399,0.5511684125705116,0.0
117821,1.8150302505041722,0.5511684125705076,560,681,1241,0.0,-0.0008333472224535399,0.5511684125705116,0.0
117822,1.8141969032817187,0.5511684125705076,560,681,1241,0.0,-0.0008333472224535399,0.5511684125705116,0.0
117823,1.8133635560592651,0.5511684125705076,560,681,1241,0.0,-0.0008333472224535399,0.5511684125705116,0.0
117824,1.8125302088368116,0.5511684125705076,560,681,1241,0.0,-0.0008333472224535399,0.5511684125705116,0.0
117825,1.811696861614358,0.5511684125705076,560,681,1241,0.0,-0.0008333472224535399,0.5511684125705116,0.0
117826,1.8108635143919045,0.5511684125705076,560,681,1241,0.0,-0.0008333472224535399,0.5511684125705116,0.0
117827,1.810030167169451,0.5511684125705076,560,681,1241,0.0,-0.0008333472224535399,0.5511684125705116,0.0
117828,1.8091968199469974,0.5511684125705076,560,681,1241,0.0,-0.0008333472224535399,0.5511684125705116,0.0
117829,1.808363472724544,0.5511684125705076,560,681,1241,0.0,-0.0008333472224535399,0.5511684125705116,0.0
117830,1.8075301255020904,0.5511684125705076,560,681,1241,0.0,-0.0008333472224535399,0.5511684125705116,0.0
117831,1.8066967782796368,0.5511684125705076,560,681,1241,0.0,-0.0008333472224535399,0.5511684125705116,0.0
117832,1.8058634310571833,0.5511684125705076,560,681,1241,0.0,-0.0008333472224535399,0.5511684125705116,0.0
117833,1.8050300838347297,0.5511684125705076,560,681,1241,0.0,-0.0008333472224535399,0.5511684125705116,0.0
117834,1.8041967366122762,0.5511684125705076,560,681,1241,0.0,-0.0008333472224535399,0.5511684125705116,0.0
117835,1.8033633893898227,0.5511684125705076,560,681,1241,0.0,-0.0008333472224535399,0.5511684125705116,0.0
117836,1.8025300421673691,0.5511684125705076,560,681,1241,0.0,-0.0008333472224535399,0.5511684125705116,0.0
117837,1.8016966949449156,0.5511684125705076,560,681,1241,0.0,-0.0008333472224535399,0.5511684125705116,0.0
117838,1.800863347722462,0.5511684125705076,560,681,1241,0.0,-0.0008333472224535399,0.5511684125705116,0.0
117839,1.8000300005000085,0.5511684125705076,560,681,1241,0.0,-0.0008333472224535399,0.5511684125705116,0.0
117840,1.799196653277555,0.5511684125705076,560,681,1241,0.0,-0.0008333472224535399,0.5511684125705116,0.0
117841,1.7983633060551014,0.5511684125705076,560,681,1241,0.0,-0.0008333472224535399,0.5511684125705116,0.0
117842,1.7975299588326479,0.5511684125705076,560,681,1241,0.0,-0.0008333472224535399,0.5511684125705116,0.0
117843,1.7966966116101943,0.5511684125705076,560,681,1241,0.0,-0.0008333472224535399,0.5511684125705116,0.0
117844,1.7958632643877408,0.5511684125705076,560,681,1241,0.0,-0.0008333472224535399,0.5511684125705116,0.0
117845,1.7950299171652873,0.5511684125705076,560,681,1241,0.0,-0.0008333472224535399,0.5511684125705116,0.0
117846,1.7941965699428337,0.5511684125705076,560,681,1241,0.0,-0.0008333472224535399,0.5511684125705116,0.0
117847,1.7933632227203802,0.5511684125705076,560,681,1241,0.0,-0.0008333472224535399,0.5511684125705116,0.0
117848,1.7925298754979195,0.5511684125705076,560,681,1241,0.0,-0.0008333472224606453,0.5511684125705116,0.0
117849,1.791696528275466,0.5511684125705076,560,681,1241,0.0,-0.0008333472224535399,0.5511684125705116,0.0
117850,1.7908631810530125,0.5511684125705076,560,681,1241,0.0,-0.0008333472224535399,0.5511684125705116,0.0
117851,1.790029833830559,0.5511684125705076,560,681,1241,0.0,-0.0008333472224535399,0.5511684125705116,0.0
117852,1.7891964866081054,0.5511684125705076,560,681,1241,0.0,-0.0008333472224535399,0.5511684125705116,0.0
117853,1.7883631393856518,0.5511684125705076,560,681,1241,0.0,-0.0008333472224535399,0.5511684125705116,0.0
117854,1.7875297921631983,0.5511684125705076,560,681,1241,0.0,-0.0008333472224535399,0.5511684125705116,0.0
117855,1.7866964449407448,0.5511684125705076,560,681,1241,0.0,-0.0008333472224535399,0.5511684125705116,0.0
117856,1.7858630977182912,0.5511684125705076,560,681,1241,0.0,-0.0008333472224535399,0.5511684125705116,0.0
117857,1.7850297504958377,0.5511684125705076,560,681,1241,0.0,-0.0008333472224535399,0.5511684125705116,0.0
117858,1.7841964032733841,0.5511684125705076,560,681,1241,0.0,-0.0008333472224535399,0.5511684125705116,0.0
117859,1.7833630560509306,0.5511684125705076,560,681,1241,0.0,-0.0008333472224535399,0.5511684125705116,0.0
117860,1.782529708828477,0.5511684125705076,560,681,1241,0.0,-0.0008333472224535399,0.5511684125705116,0.0
117861,1.7816963616060235,0.5511684125705076,560,681,1241,0.0,-0.0008333472224535399,0.5511684125705116,0.0
117862,1.78086301438357,0.5511684125705076,560,681,1241,0.0,-0.0008333472224535399,0.5511684125705116,0.0
117863,1.7800296671611164,0.5511684125705076,560,681,1241,0.0,-0.0008333472224535399,0.5511684125705116,0.0
117864,1.779196319938663,0.5511684125705076,560,681,1241,0.0,-0.0008333472224535399,0.5511684125705116,0.0
117865,1.7783629727162094,0.5511684125705076,560,681,1241,0.0,-0.0008333472224535399,0.5511684125705116,0.0
117866,1.7775296254937558,0.5511684125705076,560,681,1241,0.0,-0.0008333472224535399,0.5511684125705116,0.0
117867,1.7766962782713023,0.5511684125705076,560,681,1241,0.0,-0.0008333472224535399,0.5511684125705116,0.0
117868,1.7758629310488487,0.5511684125705076,560,681,1241,0.0,-0.0008333472224535399,0.5511684125705116,0.0
117869,1.7750295838263952,0.5511684125705076,560,681,1241,0.0,-0.0008333472224535399,0.5511684125705116,0.0
117870,1.7741962366039417,0.5511684125705076,560,681,1241,0.0,-0.0008333472224535399,0.5511684125705116,0.0
117871,1.7733628893814881,0.5511684125705076,560,681,1241,0.0,-0.0008333472224535399,0.5511684125705116,0.0
117872,1.7725295421590346,0.5511684125705076,560,681,1241,0.0,-0.0008333472224535399,0.5511684125705116,0.0
117873,1.771696194936581,0.5511684125705076,560,681,1241,0.0,-0.0008333472224535399,0.5511684125705116,0.0
117874,1.7708628477141275,0.5511684125705076,560,681,1241,0.0,-0.0008333472224535399,0.5511684125705116,0.0
117875,1.770029500491674,0.5511684125705076,560,681,1241,0.0,-0.0008333472224535399,0.5511684125705116,0.0
117876,1.7691961532692204,0.5511684125705076,560,681,1241,0.0,-0.0008333472224535399,0.5511684125705116,0.0
117877,1.7683628060467669,0.5511684125705076,560,681,1241,0.0,-0.0008333472224535399,0.5511684125705116,0.0
117878,1.7675294588243133,0.5511684125705076,560,681,1241,0.0,-0.0008333472224535399,0.5511684125705116,0.0
117879,1.7666961116018598,0.5511684125705076,560,681,1241,0.0,-0.0008333472224535399,0.5511684125705116,0.0
117880,1.7658627643794063,0.5511684125705076,560,681,1241,0.0,-0.0008333472224535399,0.5511684125705116,0.0
117881,1.7650294171569527,0.5511684125705076,560,681,1241,0.0,-0.0008333472224535399,0.5511684125705116,0.0
117882,1.7641960699344992,0.5511684125705076,560,681,1241,0.0,-0.0008333472224535399,0.5511684125705116,0.0
117883,1.7633627227120456,0.5511684125705076,560,681,1241,0.0,-0.0008333472224535399,0.5511684125705116,0.0
117884,1.762529375489592,0.5511684125705076,560,681,1241,0.0,-0.0008333472224535399,0.5511684125705116,0.0
117885,1.7616960282671386,0.5511684125705076,560,681,1241,0.0,-0.0008333472224535399,0.5511684125705116,0.0
117886,1.760862681044685,0.5511684125705076,560,681,1241,0.0,-0.0008333472224535399,0.5511684125705116,0.0
117887,1.7600293338222315,0.5511684125705076,560,681,1241,0.0,-0.0008333472224535399,0.5511684125705116,0.0
117888,1.759195986599778,0.5511684125705076,560,681,1241,0.0,-0.0008333472224535399,0.5511684125705116,0.0
117889,1.7583626393773244,0.5511684125705076,560,681,1241,0.0,-0.0008333472224535399,0.5511684125705116,0.0
117890,1.7575292921548638,0.5511684125705076,560,681,1241,0.0,-0.0008333472224606453,0.5511684125705116,0.0
117891,1.7566959449324102,0.5511684125705076,560,681,1241,0.0,-0.0008333472224535399,0.5511684125705116,0.0
117892,1.7558625977099567,0.5511684125705076,560,681,1241,0.0,-0.0008333472224535399,0.5511684125705116,0.0
117893,1.7550292504875031,0.5511684125705076,560,681,1241,0.0,-0.0008333472224535399,0.5511684125705116,0.0
117894,1.7541959032650496,0.5511684125705076,560,681,1241,0.0,-0.0008333472224535399,0.5511684125705116,0.0
117895,1.753362556042596,0.5511684125705076,560,681,1241,0.0,-0.0008333472224535399,0.5511684125705116,0.0
117896,1.7525292088201425,0.5511684125705076,560,681,1241,0.0,-0.0008333472224535399,0.5511684125705116,0.0
117897,1.751695861597689,0.5511684125705076,560,681,1241,0.0,-0.0008333472224535399,0.5511684125705116,0.0
117898,1.7508625143752354,0.5511684125705076,560,681,1241,0.0,-0.0008333472224535399,0.5511684125705116,0.0
117899,1.750029167152782,0.5511684125705076,560,681,1241,0.0,-0.0008333472224535399,0.5511684125705116,0.0
117900,1.7491958199303284,0.5511684125705076,560,681,1241,0.0,-0.0008333472224535399,0.5511684125705116,0.0
117901,1.7483624727078748,0.5511684125705076,560,681,1241,0.0,-0.0008333472224535399,0.5511684125705116,0.0
117902,1.7475291254854213,0.5511684125705076,560,681,1241,0.0,-0.0008333472224535399,0.5511684125705116,0.0
117903,1.7466957782629677,0.5511684125705076,560,681,1241,0.0,-0.0008333472224535399,0.5511684125705116,0.0
117904,1.7458624310405142,0.5511684125705076,560,681,1241,0.0,-0.0008333472224535399,0.5511684125705116,0.0
117905,1.7450290838180607,0.5511684125705076,560,681,1241,0.0,-0.0008333472224535399,0.5511684125705116,0.0
117906,1.7441957365956071,0.5511684125705076,560,681,1241,0.0,-0.0008333472224535399,0.5511684125705116,0.0
117907,1.7433623893731536,0.5511684125705076,560,681,1241,0.0,-0.0008333472224535399,0.5511684125705116,0.0
117908,1.7425290421507,0.5511684125705076,560,681,1241,0.0,-0.0008333472224535399,0.5511684125705116,0.0
117909,1.7416956949282465,0.5511684125705076,560,681,1241,0.0,-0.0008333472224535399,0.5511684125705116,0.0
117910,1.740862347705793,0.5511684125705076,560,681,1241,0.0,-0.0008333472224535399,0.5511684125705116,0.0
117911,1.7400290004833394,0.5511684125705076,560,681,1241,0.0,-0.0008333472224535399,0.5511684125705116,0.0
117912,1.7391956532608859,0.5511684125705076,560,681,1241,0.0,-0.0008333472224535399,0.5511684125705116,0.0
117913,1.7383623060384323,0.5511684125705076,560,681,1241,0.0,-0.0008333472224535399,0.5511684125705116,0.0
117914,1.7375289588159788,0.5511684125705076,560,681,1241,0.0,-0.0008333472224535399,0.5511684125705116,0.0
117915,1.7366956115935253,0.5511684125705076,560,681,1241,0.0,-0.0008333472224535399,0.5511684125705116,0.0
117916,1.7358622643710717,0.5511684125705076,560,681,1241,0.0,-0.0008333472224535399,0.5511684125705116,0.0
117917,1.7350289171486182,0.5511684125705076,560,681,1241,0.0,-0.0008333472224535399,0.5511684125705116,0.0
117918,1.7341955699261646,0.5511684125705076,560,681,1241,0.0,-0.0008333472224535399,0.5511684125705116,0.0
117919,1.733362222703711,0.5511684125705076,560,681,1241,0.0,-0.0008333472224535399,0.5511684125705116,0.0
117920,1.7325288754812576,0.5511684125705076,560,681,1241,0.0,-0.0008333472224535399,0.5511684125705116,0.0
117921,1.731695528258804,0.5511684125705076,560,681,1241,0.0,-0.0008333472224535399,0.5511684125705116,0.0
117922,1.7308621810363505,0.5511684125705076,560,681,1241,0.0,-0.0008333472224535399,0.5511684125705116,0.0
117923,1.730028833813897,0.5511684125705076,560,681,1241,0.0,-0.0008333472224535399,0.5511684125705116,0.0
117924,1.7291954865914434,0.5511684125705076,560,681,1241,0.0,-0.0008333472224535399,0.5511684125705116,0.0
117925,1.7283621393689899,0.5511684125705076,560,681,1241,0.0,-0.0008333472224535399,0.5511684125705116,0.0
117926,1.7275287921465363,0.5511684125705076,560,681,1241,0.0,-0.0008333472224535399,0.5511684125705116,0.0
117927,1.7266954449240828,0.5511684125705076,560,681,1241,0.0,-0.0008333472224535399,0.5511684125705116,0.0
117928,1.7258620977016292,0.5511684125705076,560,681,1241,0.0,-0.0008333472224535399,0.5511684125705116,0.0
117929,1.7250287504791757,0.5511684125705076,560,681,1241,0.0,-0.0008333472224535399,0.5511684125705116,0.0
117930,1.7241954032567222,0.5511684125705076,560,681,1241,0.0,-0.0008333472224535399,0.5511684125705116,0.0
117931,1.7233620560342686,0.5511684125705076,560,681,1241,0.0,-0.0008333472224535399,0.5511684125705116,0.0
117932,1.722528708811808,0.5511684125705076,560,681,1241,0.0,-0.0008333472224606453,0.5511684125705116,0.0
117933,1.7216953615893544,0.5511684125705076,560,681,1241,0.0,-0.0008333472224535399,0.5511684125705116,0.0
117934,1.720862014366901,0.5511684125705076,560,681,1241,0.0,-0.0008333472224535399,0.5511684125705116,0.0
117935,1.7200286671444474,0.5511684125705076,560,681,1241,0.0,-0.0008333472224535399,0.5511684125705116,0.0
117936,1.7191953199219938,0.5511684125705076,560,681,1241,0.0,-0.0008333472224535399,0.5511684125705116,0.0
117937,1.7183619726995403,0.5511684125705076,560,681,1241,0.0,-0.0008333472224535399,0.5511684125705116,0.0
117938,1.7175286254770867,0.5511684125705076,560,681,1241,0.0,-0.0008333472224535399,0.5511684125705116,0.0
117939,1.7166952782546332,0.5511684125705076,560,681,1241,0.0,-0.0008333472224535399,0.5511684125705116,0.0
117940,1.7158619310321797,0.5511684125705076,560,681,1241,0.0,-0.0008333472224535399,0.5511684125705116,0.0
117941,1.7150285838097261,0.5511684125705076,560,681,1241,0.0,-0.0008333472224535399,0.5511684125705116,0.0
117942,1.7141952365872726,0.5511684125705076,560,681,1241,0.0,-0.0008333472224535399,0.5511684125705116,0.0
117943,1.713361889364819,0.5511684125705076,560,681,1241,0.0,-0.0008333472224535399,0.5511684125705116,0.0
117944,1.7125285421423655,0.5511684125705076,560,681,1241,0.0,-0.0008333472224535399,0.5511684125705116,0.0
117945,1.711695194919912,0.5511684125705076,560,681,1241,0.0,-0.0008333472224535399,0.5511684125705116,0.0
117946,1.7108618476974584,0.5511684125705076,560,681,1241,0.0,-0.0008333472224535399,0.5511684125705116,0.0
117947,1.7100285004750049,0.5511684125705076,560,681,1241,0.0,-0.0008333472224535399,0.5511684125705116,0.0
117948,1.7091951532525513,0.5511684125705076,560,681,1241,0.0,-0.0008333472224535399,0.5511684125705116,0.0
117949,1.7083618060300978,0.5511684125705076,560,681,1241,0.0,-0.0008333472224535399,0.5511684125705116,0.0
117950,1.7075284588076443,0.5511684125705076,560,681,1241,0.0,-0.0008333472224535399,0.5511684125705116,0.0
117951,1.7066951115851907,0.5511684125705076,560,681,1241,0.0,-0.0008333472224535399,0.5511684125705116,0.0
117952,1.7058617643627372,0.5511684125705076,560,681,1241,0.0,-0.0008333472224535399,0.5511684125705116,0.0
117953,1.7050284171402836,0.5511684125705076,560,681,1241,0.0,-0.0008333472224535399,0.5511684125705116,0.0
117954,1.70419506991783,0.5511684125705076,560,681,1241,0.0,-0.0008333472224535399,0.5511684125705116,0.0
117955,1.7033617226953766,0.5511684125705076,560,681,1241,0.0,-0.0008333472224535399,0.5511684125705116,0.0
117956,1.702528375472923,0.5511684125705076,560,681,1241,0.0,-0.0008333472224535399,0.5511684125705116,0.0
117957,1.7016950282504695,0.5511684125705076,560,681,1241,0.0,-0.0008333472224535399,0.5511684125705116,0.0
117958,1.700861681028016,0.5511684125705076,560,681,1241,0.0,-0.0008333472224535399,0.5511684125705116,0.0
117959,1.7000283338055624,0.5511684125705076,560,681,1241,0.0,-0.0008333472224535399,0.5511684125705116,0.0
117960,1.6991949865831089,0.5511684125705076,560,681,1241,0.0,-0.0008333472224535399,0.5511684125705116,0.0
117961,1.6983616393606553,0.5511684125705076,560,681,1241,0.0,-0.0008333472224535399,0.5511684125705116,0.0
117962,1.6975282921382018,0.5511684125705076,560,681,1241,0.0,-0.0008333472224535399,0.5511684125705116,0.0
117963,1.6966949449157482,0.5511684125705076,560,681,1241,0.0,-0.0008333472224535399,0.5511684125705116,0.0
117964,1.6958615976932947,0.5511684125705076,560,681,1241,0.0,-0.0008333472224535399,0.5511684125705116,0.0
117965,1.6950282504708412,0.5511684125705076,560,681,1241,0.0,-0.0008333472224535399,0.5511684125705116,0.0
117966,1.6941949032483876,0.5511684125705076,560,681,1241,0.0,-0.0008333472224535399,0.5511684125705116,0.0
117967,1.693361556025934,0.5511684125705076,560,681,1241,0.0,-0.0008333472224535399,0.5511684125705116,0.0
117968,1.6925282088034805,0.5511684125705076,560,681,1241,0.0,-0.0008333472224535399,0.5511684125705116,0.0
117969,1.691694861581027,0.5511684125705076,560,681,1241,0.0,-0.0008333472224535399,0.5511684125705116,0.0
117970,1.6908615143585735,0.5511684125705076,560,681,1241,0.0,-0.0008333472224535399,0.5511684125705116,0.0
117971,1.69002816713612,0.5511684125705076,560,681,1241,0.0,-0.0008333472224535399,0.5511684125705116,0.0
117972,1.6891948199136664,0.5511684125705076,560,681,1241,0.0,-0.0008333472224535399,0.5511684125705116,0.0
117973,1.6883614726912128,0.5511684125705076,560,681,1241,0.0,-0.0008333472224535399,0.5511684125705116,0.0
117974,1.6875281254687593,0.5511684125705076,560,681,1241,0.0,-0.0008333472224535399,0.5511684125705116,0.0
117975,1.6866947782462987,0.5511684125705076,560,681,1241,0.0,-0.0008333472224606453,0.5511684125705116,0.0
117976,1.6858614310238451,0.5511684125705076,560,681,1241,0.0,-0.0008333472224535399,0.5511684125705116,0.0
117977,1.6850280838013916,0.5511684125705076,560,681,1241,0.0,-0.0008333472224535399,0.5511684125705116,0.0
117978,1.684194736578938,0.5511684125705076,560,681,1241,0.0,-0.0008333472224535399,0.5511684125705116,0.0
117979,1.6833613893564845,0.5511684125705076,560,681,1241,0.0,-0.0008333472224535399,0.5511684125705116,0.0
117980,1.682528042134031,0.5511684125705076,560,681,1241,0.0,-0.0008333472224535399,0.5511684125705116,0.0
117981,1.6816946949115774,0.5511684125705076,560,681,1241,0.0,-0.0008333472224535399,0.5511684125705116,0.0
117982,1.6808613476891239,0.5511684125705076,560,681,1241,0.0,-0.0008333472224535399,0.5511684125705116,0.0
117983,1.6800280004666703,0.5511684125705076,560,681,1241,0.0,-0.0008333472224535399,0.5511684125705116,0.0
117984,1.6791946532442168,0.5511684125705076,560,681,1241,0.0,-0.0008333472224535399,0.5511684125705116,0.0
117985,1.6783613060217633,0.5511684125705076,560,681,1241,0.0,-0.0008333472224535399,0.5511684125705116,0.0
117986,1.6775279587993097,0.5511684125705076,560,681,1241,0.0,-0.0008333472224535399,0.5511684125705116,0.0
117987,1.6766946115768562,0.5511684125705076,560,681,1241,0.0,-0.0008333472224535399,0.5511684125705116,0.0
117988,1.6758612643544026,0.5511684125705076,560,681,1241,0.0,-0.0008333472224535399,0.5511684125705116,0.0
117989,1.675027917131949,0.5511684125705076,560,681,1241,0.0,-0.0008333472224535399,0.5511684125705116,0.0
117990,1.6741945699094956,0.5511684125705076,560,681,1241,0.0,-0.0008333472224535399,0.5511684125705116,0.0
117991,1.673361222687042,0.5511684125705076,560,681,1241,0.0,-0.0008333472224535399,0.5511684125705116,0.0
117992,1.6725278754645885,0.5511684125705076,560,681,1241,0.0,-0.0008333472224535399,0.5511684125705116,0.0
117993,1.671694528242135,0.5511684125705076,560,681,1241,0.0,-0.0008333472224535399,0.5511684125705116,0.0
117994,1.6708611810196814,0.5511684125705076,560,681,1241,0.0,-0.0008333472224535399,0.5511684125705116,0.0
117995,1.6700278337972279,0.5511684125705076,560,681,1241,0.0,-0.0008333472224535399,0.5511684125705116,0.0
117996,1.6691944865747743,0.5511684125705076,560,681,1241,0.0,-0.0008333472224535399,0.5511684125705116,0.0
117997,1.6683611393523208,0.5511684125705076,560,681,1241,0.0,-0.0008333472224535399,0.5511684125705116,0.0
117998,1.6675277921298672,0.5511684125705076,560,681,1241,0.0,-0.0008333472224535399,0.5511684125705116,0.0
117999,1.6666944449074137,0.5511684125705076,560,681,1241,0.0,-0.0008333472224535399,0.5511684125705116,0.0
118000,1.6658610976849602,0.5511684125705076,560,681,1241,0.0,-0.0008333472224535399,0.5511684125705116,0.0
118001,1.6650277504625066,0.5511684125705076,560,681,1241,0.0,-0.0008333472224535399,0.5511684125705116,0.0
118002,1.664194403240053,0.5511684125705076,560,681,1241,0.0,-0.0008333472224535399,0.5511684125705116,0.0
118003,1.6633610560175995,0.5511684125705076,560,681,1241,0.0,-0.0008333472224535399,0.5511684125705116,0.0
118004,1.662527708795146,0.5511684125705076,560,681,1241,0.0,-0.0008333472224535399,0.5511684125705116,0.0
118005,1.6616943615726925,0.5511684125705076,560,681,1241,0.0,-0.0008333472224535399,0.5511684125705116,0.0
118006,1.660861014350239,0.5511684125705076,560,681,1241,0.0,-0.0008333472224535399,0.5511684125705116,0.0
118007,1.6600276671277854,0.5511684125705076,560,681,1241,0.0,-0.0008333472224535399,0.5511684125705116,0.0
118008,1.6591943199053318,0.5511684125705076,560,681,1241,0.0,-0.0008333472224535399,0.5511684125705116,0.0
118009,1.6583609726828783,0.5511684125705076,560,681,1241,0.0,-0.0008333472224535399,0.5511684125705116,0.0
118010,1.6575276254604248,0.5511684125705076,560,681,1241,0.0,-0.0008333472224535399,0.5511684125705116,0.0
118011,1.6566942782379712,0.5511684125705076,560,681,1241,0.0,-0.0008333472224535399,0.5511684125705116,0.0
118012,1.6558609310155177,0.5511684125705076,560,681,1241,0.0,-0.0008333472224535399,0.5511684125705116,0.0
118013,1.6550275837930641,0.5511684125705076,560,681,1241,0.0,-0.0008333472224535399,0.5511684125705116,0.0
118014,1.6541942365706106,0.5511684125705076,560,681,1241,0.0,-0.0008333472224535399,0.5511684125705116,0.0
118015,1.653360889348157,0.5511684125705076,560,681,1241,0.0,-0.0008333472224535399,0.5511684125705116,0.0
118016,1.6525275421257035,0.5511684125705076,560,681,1241,0.0,-0.0008333472224535399,0.5511684125705116,0.0
118017,1.6516941949032429,0.5511684125705076,560,681,1241,0.0,-0.0008333472224606453,0.5511684125705116,0.0
118018,1.6508608476807893,0.5511684125705076,560,681,1241,0.0,-0.0008333472224535399,0.5511684125705116,0.0
118019,1.6500275004583358,0.5511684125705076,560,681,1241,0.0,-0.0008333472224535399,0.5511684125705116,0.0
118020,1.6491941532358823,0.5511684125705076,560,681,1241,0.0,-0.0008333472224535399,0.5511684125705116,0.0
118021,1.6483608060134287,0.5511684125705076,560,681,1241,0.0,-0.0008333472224535399,0.5511684125705116,0.0
118022,1.6475274587909752,0.5511684125705076,560,681,1241,0.0,-0.0008333472224535399,0.5511684125705116,0.0
118023,1.6466941115685216,0.5511684125705076,560,681,1241,0.0,-0.0008333472224535399,0.5511684125705116,0.0
118024,1.645860764346068,0.5511684125705076,560,681,1241,0.0,-0.0008333472224535399,0.5511684125705116,0.0
118025,1.6450274171236146,0.5511684125705076,560,681,1241,0.0,-0.0008333472224535399,0.5511684125705116,0.0
118026,1.644194069901161,0.5511684125705076,560,681,1241,0.0,-0.0008333472224535399,0.5511684125705116,0.0
118027,1.6433607226787075,0.5511684125705076,560,681,1241,0.0,-0.0008333472224535399,0.5511684125705116,0.0
118028,1.642527375456254,0.5511684125705076,560,681,1241,0.0,-0.0008333472224535399,0.5511684125705116,0.0
118029,1.6416940282338004,0.5511684125705076,560,681,1241,0.0,-0.0008333472224535399,0.5511684125705116,0.0
118030,1.6408606810113469,0.5511684125705076,560,681,1241,0.0,-0.0008333472224535399,0.5511684125705116,0.0
118031,1.6400273337888933,0.5511684125705076,560,681,1241,0.0,-0.0008333472224535399,0.5511684125705116,0.0
118032,1.6391939865664398,0.5511684125705076,560,681,1241,0.0,-0.0008333472224535399,0.5511684125705116,0.0
118033,1.6383606393439862,0.5511684125705076,560,681,1241,0.0,-0.0008333472224535399,0.5511684125705116,0.0
118034,1.6375272921215327,0.5511684125705076,560,681,1241,0.0,-0.0008333472224535399,0.5511684125705116,0.0
118035,1.6366939448990792,0.5511684125705076,560,681,1241,0.0,-0.0008333472224535399,0.5511684125705116,0.0
118036,1.6358605976766256,0.5511684125705076,560,681,1241,0.0,-0.0008333472224535399,0.5511684125705116,0.0
118037,1.635027250454172,0.5511684125705076,560,681,1241,0.0,-0.0008333472224535399,0.5511684125705116,0.0
118038,1.6341939032317185,0.5511684125705076,560,681,1241,0.0,-0.0008333472224535399,0.5511684125705116,0.0
118039,1.633360556009265,0.5511684125705076,560,681,1241,0.0,-0.0008333472224535399,0.5511684125705116,0.0
118040,1.6325272087868115,0.5511684125705076,560,681,1241,0.0,-0.0008333472224535399,0.5511684125705116,0.0
118041,1.631693861564358,0.5511684125705076,560,681,1241,0.0,-0.0008333472224535399,0.5511684125705116,0.0
118042,1.6308605143419044,0.5511684125705076,560,681,1241,0.0,-0.0008333472224535399,0.5511684125705116,0.0
118043,1.6300271671194508,0.5511684125705076,560,681,1241,0.0,-0.0008333472224535399,0.5511684125705116,0.0
118044,1.6291938198969973,0.5511684125705076,560,681,1241,0.0,-0.0008333472224535399,0.5511684125705116,0.0
118045,1.6283604726745438,0.5511684125705076,560,681,1241,0.0,-0.0008333472224535399,0.5511684125705116,0.0
118046,1.6275271254520902,0.5511684125705076,560,681,1241,0.0,-0.0008333472224535399,0.5511684125705116,0.0
118047,1.6266937782296367,0.5511684125705076,560,681,1241,0.0,-0.0008333472224535399,0.5511684125705116,0.0
118048,1.6258604310071831,0.5511684125705076,560,681,1241,0.0,-0.0008333472224535399,0.5511684125705116,0.0
118049,1.6250270837847296,0.5511684125705076,560,681,1241,0.0,-0.0008333472224535399,0.5511684125705116,0.0
118050,1.624193736562276,0.5511684125705076,560,681,1241,0.0,-0.0008333472224535399,0.5511684125705116,0.0
118051,1.6233603893398225,0.5511684125705076,560,681,1241,0.0,-0.0008333472224535399,0.5511684125705116,0.0
118052,1.622527042117369,0.5511684125705076,560,681,1241,0.0,-0.0008333472224535399,0.5511684125705116,0.0
118053,1.6216936948949154,0.5511684125705076,560,681,1241,0.0,-0.0008333472224535399,0.5511684125705116,0.0
118054,1.620860347672462,0.5511684125705076,560,681,1241,0.0,-0.0008333472224535399,0.5511684125705116,0.0
118055,1.6200270004500084,0.5511684125705076,560,681,1241,0.0,-0.0008333472224535399,0.5511684125705116,0.0
118056,1.6191936532275548,0.5511684125705076,560,681,1241,0.0,-0.0008333472224535399,0.5511684125705116,0.0
118057,1.6183603060051013,0.5511684125705076,560,681,1241,0.0,-0.0008333472224535399,0.5511684125705116,0.0
118058,1.6175269587826477,0.5511684125705076,560,681,1241,0.0,-0.0008333472224535399,0.5511684125705116,0.0
118059,1.616693611560187,0.5511684125705076,560,681,1241,0.0,-0.0008333472224606453,0.5511684125705116,0.0
118060,1.6158602643377336,0.5511684125705076,560,681,1241,0.0,-0.0008333472224535399,0.5511684125705116,0.0
118061,1.61502691711528,0.5511684125705076,560,681,1241,0.0,-0.0008333472224535399,0.5511684125705116,0.0
118062,1.6141935698928265,0.5511684125705076,560,681,1241,0.0,-0.0008333472224535399,0.5511684125705116,0.0
118063,1.613360222670373,0.5511684125705076,560,681,1241,0.0,-0.0008333472224535399,0.5511684125705116,0.0
118064,1.6125268754479194,0.5511684125705076,560,681,1241,0.0,-0.0008333472224535399,0.5511684125705116,0.0
118065,1.6116935282254659,0.5511684125705076,560,681,1241,0.0,-0.0008333472224535399,0.5511684125705116,0.0
118066,1.6108601810030123,0.5511684125705076,560,681,1241,0.0,-0.0008333472224535399,0.5511684125705116,0.0
118067,1.6100268337805588,0.5511684125705076,560,681,1241,0.0,-0.0008333472224535399,0.5511684125705116,0.0
118068,1.6091934865581052,0.5511684125705076,560,681,1241,0.0,-0.0008333472224535399,0.5511684125705116,0.0
118069,1.6083601393356517,0.5511684125705076,560,681,1241,0.0,-0.0008333472224535399,0.5511684125705116,0.0
118070,1.6075267921131982,0.5511684125705076,560,681,1241,0.0,-0.0008333472224535399,0.5511684125705116,0.0
118071,1.6066934448907446,0.5511684125705076,560,681,1241,0.0,-0.0008333472224535399,0.5511684125705116,0.0
118072,1.605860097668291,0.5511684125705076,560,681,1241,0.0,-0.0008333472224535399,0.5511684125705116,0.0
118073,1.6050267504458375,0.5511684125705076,560,681,1241,0.0,-0.0008333472224535399,0.5511684125705116,0.0
118074,1.604193403223384,0.5511684125705076,560,681,1241,0.0,-0.0008333472224535399,0.5511684125705116,0.0
118075,1.6033600560009305,0.5511684125705076,560,681,1241,0.0,-0.0008333472224535399,0.5511684125705116,0.0
118076,1.602526708778477,0.5511684125705076,560,681,1241,0.0,-0.0008333472224535399,0.5511684125705116,0.0
118077,1.6016933615560234,0.5511684125705076,560,681,1241,0.0,-0.0008333472224535399,0.5511684125705116,0.0
118078,1.6008600143335698,0.5511684125705076,560,681,1241,0.0,-0.0008333472224535399,0.5511684125705116,0.0
118079,1.6000266671111163,0.5511684125705076,560,681,1241,0.0,-0.0008333472224535399,0.5511684125705116,0.0
118080,1.5991933198886628,0.5511684125705076,560,681,1241,0.0,-0.0008333472224535399,0.5511684125705116,0.0
118081,1.5983599726662092,0.5511684125705076,560,681,1241,0.0,-0.0008333472224535399,0.5511684125705116,0.0
118082,1.5975266254437557,0.5511684125705076,560,681,1241,0.0,-0.0008333472224535399,0.5511684125705116,0.0
118083,1.5966932782213021,0.5511684125705076,560,681,1241,0.0,-0.0008333472224535399,0.5511684125705116,0.0
118084,1.5958599309988486,0.5511684125705076,560,681,1241,0.0,-0.0008333472224535399,0.5511684125705116,0.0
118085,1.595026583776395,0.5511684125705076,560,681,1241,0.0,-0.0008333472224535399,0.5511684125705116,0.0
118086,1.5941932365539415,0.5511684125705076,560,681,1241,0.0,-0.0008333472224535399,0.5511684125705116,0.0
118087,1.593359889331488,0.5511684125705076,560,681,1241,0.0,-0.0008333472224535399,0.5511684125705116,0.0
118088,1.5925265421090344,0.5511684125705076,560,681,1241,0.0,-0.0008333472224535399,0.5511684125705116,0.0
118089,1.591693194886581,0.5511684125705076,560,681,1241,0.0,-0.0008333472224535399,0.5511684125705116,0.0
118090,1.5908598476641274,0.5511684125705076,560,681,1241,0.0,-0.0008333472224535399,0.5511684125705116,0.0
118091,1.5900265004416738,0.5511684125705076,560,681,1241,0.0,-0.0008333472224535399,0.5511684125705116,0.0
118092,1.5891931532192203,0.5511684125705076,560,681,1241,0.0,-0.0008333472224535399,0.5511684125705116,0.0
118093,1.5883598059967667,0.5511684125705076,560,681,1241,0.0,-0.0008333472224535399,0.5511684125705116,0.0
118094,1.5875264587743132,0.5511684125705076,560,681,1241,0.0,-0.0008333472224535399,0.5511684125705116,0.0
118095,1.5866931115518597,0.5511684125705076,560,681,1241,0.0,-0.0008333472224535399,0.5511684125705116,0.0
118096,1.5858597643294061,0.5511684125705076,560,681,1241,0.0,-0.0008333472224535399,0.5511684125705116,0.0
118097,1.5850264171069526,0.5511684125705076,560,681,1241,0.0,-0.0008333472224535399,0.5511684125705116,0.0
118098,1.584193069884499,0.5511684125705076,560,681,1241,0.0,-0.0008333472224535399,0.5511684125705116,0.0
118099,1.5833597226620455,0.5511684125705076,560,681,1241,0.0,-0.0008333472224535399,0.5511684125705116,0.0
118100,1.582526375439592,0.5511684125705076,560,681,1241,0.0,-0.0008333472224535399,0.5511684125705116,0.0
118101,1.5816930282171384,0.5511684125705076,560,681,1241,0.0,-0.0008333472224535399,0.5511684125705116,0.0
118102,1.5808596809946778,0.5511684125705076,560,681,1241,0.0,-0.0008333472224606453,0.5511684125705116,0.0
118103,1.5800263337722242,0.5511684125705076,560,681,1241,0.0,-0.0008333472224535399,0.5511684125705116,0.0
118104,1.5791929865497707,0.5511684125705076,560,681,1241,0.0,-0.0008333472224535399,0.5511684125705116,0.0
118105,1.5783596393273172,0.5519742143432715,560,681,1241,0.0008058017727639033,-0.0008333472224535399,0.5512489927477879,8.058017727639034e-05
118106,1.5775262921048636,0.5519742143432715,560,681,1241,0.0,-0.0008333472224535399,0.5513295729250643,8.058017727639034e-05
118107,1.57669294488241,0.5519742143432715,560,681,1241,0.0,-0.0008333472224535399,0.5514101531023406,8.058017727639034e-05
118108,1.5758595976599565,0.5519742143432715,560,681,1241,0.0,-0.0008333472224535399,0.5514907332796171,8.058017727639034e-05
118109,1.575026250437503,0.5519742143432715,560,681,1241,0.0,-0.0008333472224535399,0.5515713134568934,8.058017727639034e-05
118110,1.5741929032150495,0.5519742143432715,560,681,1241,0.0,-0.0008333472224535399,0.5516518936341697,8.058017727639034e-05
118111,1.573359555992596,0.5519742143432715,560,681,1241,0.0,-0.0008333472224535399,0.5517324738114461,8.058017727639034e-05
118112,1.5725262087701424,0.5519742143432715,560,681,1241,0.0,-0.0008333472224535399,0.5518130539887224,8.058017727639034e-05
118113,1.5716928615476888,0.5519742143432715,560,681,1241,0.0,-0.0008333472224535399,0.5518936341659988,8.058017727639034e-05
118114,1.5708595143252353,0.5519742143432715,560,681,1241,0.0,-0.0008333472224535399,0.5519742143432751,8.058017727639034e-05
118115,1.5700261671027818,0.5519742143432715,560,681,1241,0.0,-0.0008333472224535399,0.5519742143432751,0.0
118116,1.5691928198803282,0.5519742143432715,560,681,1241,0.0,-0.0008333472224535399,0.5519742143432751,0.0
118117,1.5683594726578747,0.5519742143432715,560,681,1241,0.0,-0.0008333472224535399,0.5519742143432751,0.0
118118,1.5675261254354211,0.5519742143432715,560,681,1241,0.0,-0.0008333472224535399,0.5519742143432751,0.0
118119,1.5666927782129676,0.5519742143432715,560,681,1241,0.0,-0.0008333472224535399,0.5519742143432751,0.0
118120,1.565859430990514,0.5519742143432715,560,681,1241,0.0,-0.0008333472224535399,0.5519742143432751,0.0
118121,1.5650260837680605,0.5519742143432715,560,681,1241,0.0,-0.0008333472224535399,0.5519742143432751,0.0
118122,1.564192736545607,0.5519742143432715,560,681,1241,0.0,-0.0008333472224535399,0.5519742143432751,0.0
118123,1.5633593893231534,0.5519742143432715,560,681,1241,0.0,-0.0008333472224535399,0.5519742143432751,0.0
118124,1.5625260421007,0.5519742143432715,560,681,1241,0.0,-0.0008333472224535399,0.5519742143432751,0.0
118125,1.5616926948782464,0.5519742143432715,560,681,1241,0.0,-0.0008333472224535399,0.5519742143432751,0.0
118126,1.5608593476557928,0.5519742143432715,560,681,1241,0.0,-0.0008333472224535399,0.5519742143432751,0.0
118127,1.5600260004333393,0.5519742143432715,560,681,1241,0.0,-0.0008333472224535399,0.5519742143432751,0.0
118128,1.5591926532108857,0.5519742143432715,560,681,1241,0.0,-0.0008333472224535399,0.5519742143432751,0.0
118129,1.5583593059884322,0.5519742143432715,560,681,1241,0.0,-0.0008333472224535399,0.5519742143432751,0.0
118130,1.5575259587659787,0.5519742143432715,560,681,1241,0.0,-0.0008333472224535399,0.5519742143432751,0.0
118131,1.5566926115435251,0.5519742143432715,560,681,1241,0.0,-0.0008333472224535399,0.5519742143432751,0.0
118132,1.5558592643210716,0.5519742143432715,560,681,1241,0.0,-0.0008333472224535399,0.5519742143432751,0.0
118133,1.555025917098618,0.5519742143432715,560,681,1241,0.0,-0.0008333472224535399,0.5519742143432751,0.0
118134,1.5541925698761645,0.5519742143432715,560,681,1241,0.0,-0.0008333472224535399,0.5519742143432751,0.0
118135,1.553359222653711,0.5519742143432715,560,681,1241,0.0,-0.0008333472224535399,0.5519742143432751,0.0
118136,1.5525258754312574,0.5519742143432715,560,681,1241,0.0,-0.0008333472224535399,0.5519742143432751,0.0
118137,1.5516925282088039,0.5519742143432715,560,681,1241,0.0,-0.0008333472224535399,0.5519742143432751,0.0
118138,1.5508591809863503,0.5519742143432715,560,681,1241,0.0,-0.0008333472224535399,0.5519742143432751,0.0
118139,1.5500258337638968,0.5519742143432715,560,681,1241,0.0,-0.0008333472224535399,0.5519742143432751,0.0
118140,1.5491924865414433,0.5519742143432715,560,681,1241,0.0,-0.0008333472224535399,0.5519742143432751,0.0
118141,1.5483591393189897,0.5519742143432715,560,681,1241,0.0,-0.0008333472224535399,0.5519742143432751,0.0
118142,1.5475257920965362,0.5519742143432715,560,681,1241,0.0,-0.0008333472224535399,0.5519742143432751,0.0
118143,1.5466924448740826,0.5519742143432715,560,681,1241,0.0,-0.0008333472224535399,0.5519742143432751,0.0
118144,1.545859097651622,0.5519742143432715,560,681,1241,0.0,-0.0008333472224606453,0.5519742143432751,0.0
118145,1.5450257504291685,0.5519742143432715,560,681,1241,0.0,-0.0008333472224535399,0.5519742143432751,0.0
118146,1.544192403206715,0.5519742143432715,560,681,1241,0.0,-0.0008333472224535399,0.5519742143432751,0.0
118147,1.5433590559842614,0.5519742143432715,560,681,1241,0.0,-0.0008333472224535399,0.5519742143432751,0.0
118148,1.5425257087618078,0.5519742143432715,560,681,1241,0.0,-0.0008333472224535399,0.5519742143432751,0.0
118149,1.5416923615393543,0.5519742143432715,560,681,1241,0.0,-0.0008333472224535399,0.5519742143432751,0.0
118150,1.5408590143169008,0.5519742143432715,560,681,1241,0.0,-0.0008333472224535399,0.5519742143432751,0.0
118151,1.5400256670944472,0.5519742143432715,560,681,1241,0.0,-0.0008333472224535399,0.5519742143432751,0.0
118152,1.5391923198719937,0.5519742143432715,560,681,1241,0.0,-0.0008333472224535399,0.5519742143432751,0.0
118153,1.5383589726495401,0.5519742143432715,560,681,1241,0.0,-0.0008333472224535399,0.5519742143432751,0.0
118154,1.5375256254270866,0.5519742143432715,560,681,1241,0.0,-0.0008333472224535399,0.5519742143432751,0.0
118155,1.536692278204633,0.5519742143432715,560,681,1241,0.0,-0.0008333472224535399,0.5519742143432751,0.0
118156,1.5358589309821795,0.5519742143432715,560,681,1241,0.0,-0.0008333472224535399,0.5519742143432751,0.0
118157,1.535025583759726,0.5519742143432715,560,681,1241,0.0,-0.0008333472224535399,0.5519742143432751,0.0
118158,1.5341922365372724,0.5519742143432715,560,681,1241,0.0,-0.0008333472224535399,0.5519742143432751,0.0
118159,1.533358889314819,0.5519742143432715,560,681,1241,0.0,-0.0008333472224535399,0.5519742143432751,0.0
118160,1.5325255420923654,0.5519742143432715,560,681,1241,0.0,-0.0008333472224535399,0.5519742143432751,0.0
118161,1.5316921948699118,0.5519742143432715,560,681,1241,0.0,-0.0008333472224535399,0.5519742143432751,0.0
118162,1.5308588476474583,0.5519742143432715,560,681,1241,0.0,-0.0008333472224535399,0.5519742143432751,0.0
118163,1.5300255004250047,0.5519742143432715,560,681,1241,0.0,-0.0008333472224535399,0.5519742143432751,0.0
118164,1.5291921532025512,0.5519742143432715,560,681,1241,0.0,-0.0008333472224535399,0.5519742143432751,0.0
118165,1.5283588059800977,0.5519742143432715,560,681,1241,0.0,-0.0008333472224535399,0.5519742143432751,0.0
118166,1.5275254587576441,0.5519742143432715,560,681,1241,0.0,-0.0008333472224535399,0.5519742143432751,0.0
118167,1.5266921115351906,0.5519742143432715,560,681,1241,0.0,-0.0008333472224535399,0.5519742143432751,0.0
118168,1.525858764312737,0.5519742143432715,560,681,1241,0.0,-0.0008333472224535399,0.5519742143432751,0.0
118169,1.5250254170902835,0.5519742143432715,560,681,1241,0.0,-0.0008333472224535399,0.5519742143432751,0.0
118170,1.52419206986783,0.5519742143432715,560,681,1241,0.0,-0.0008333472224535399,0.5519742143432751,0.0
118171,1.5233587226453764,0.5519742143432715,560,681,1241,0.0,-0.0008333472224535399,0.5519742143432751,0.0
118172,1.5225253754229229,0.5519742143432715,560,681,1241,0.0,-0.0008333472224535399,0.5519742143432751,0.0
118173,1.5216920282004693,0.5519742143432715,560,681,1241,0.0,-0.0008333472224535399,0.5519742143432751,0.0
118174,1.5208586809780158,0.5519742143432715,560,681,1241,0.0,-0.0008333472224535399,0.5519742143432751,0.0
118175,1.5200253337555623,0.5519742143432715,560,681,1241,0.0,-0.0008333472224535399,0.5519742143432751,0.0
118176,1.5191919865331087,0.5519742143432715,560,681,1241,0.0,-0.0008333472224535399,0.5519742143432751,0.0
118177,1.5183586393106552,0.5519742143432715,560,681,1241,0.0,-0.0008333472224535399,0.5519742143432751,0.0
118178,1.5175252920882016,0.5519742143432715,560,681,1241,0.0,-0.0008333472224535399,0.5519742143432751,0.0
118179,1.516691944865748,0.5519742143432715,560,681,1241,0.0,-0.0008333472224535399,0.5519742143432751,0.0
118180,1.5158585976432946,0.5519742143432715,560,681,1241,0.0,-0.0008333472224535399,0.5519742143432751,0.0
118181,1.515025250420841,0.5519742143432715,560,681,1241,0.0,-0.0008333472224535399,0.5519742143432751,0.0
118182,1.5141919031983875,0.5519742143432715,560,681,1241,0.0,-0.0008333472224535399,0.5519742143432751,0.0
118183,1.513358555975934,0.5519742143432715,560,681,1241,0.0,-0.0008333472224535399,0.5519742143432751,0.0
118184,1.5125252087534804,0.5519742143432715,560,681,1241,0.0,-0.0008333472224535399,0.5519742143432751,0.0
118185,1.5116918615310269,0.5519742143432715,560,681,1241,0.0,-0.0008333472224535399,0.5519742143432751,0.0
118186,1.5108585143085662,0.5519742143432715,560,681,1241,0.0,-0.0008333472224606453,0.5519742143432751,0.0
118187,1.5100251670861127,0.5519742143432715,560,681,1241,0.0,-0.0008333472224535399,0.5519742143432751,0.0
118188,1.5091918198636591,0.5519742143432715,560,681,1241,0.0,-0.0008333472224535399,0.5519742143432751,0.0
118189,1.5083584726412056,0.5519742143432715,560,681,1241,0.0,-0.0008333472224535399,0.5519742143432751,0.0
118190,1.507525125418752,0.5519742143432715,560,681,1241,0.0,-0.0008333472224535399,0.5519742143432751,0.0
118191,1.5066917781962985,0.5519742143432715,560,681,1241,0.0,-0.0008333472224535399,0.5519742143432751,0.0
118192,1.505858430973845,0.5519742143432715,560,681,1241,0.0,-0.0008333472224535399,0.5519742143432751,0.0
118193,1.5050250837513914,0.5519742143432715,560,681,1241,0.0,-0.0008333472224535399,0.5519742143432751,0.0
118194,1.504191736528938,0.5519742143432715,560,681,1241,0.0,-0.0008333472224535399,0.5519742143432751,0.0
118195,1.5033583893064844,0.5519742143432715,560,681,1241,0.0,-0.0008333472224535399,0.5519742143432751,0.0
118196,1.5025250420840308,0.5519742143432715,560,681,1241,0.0,-0.0008333472224535399,0.5519742143432751,0.0
118197,1.5016916948615773,0.5519742143432715,560,681,1241,0.0,-0.0008333472224535399,0.5519742143432751,0.0
118198,1.5008583476391237,0.5519742143432715,560,681,1241,0.0,-0.0008333472224535399,0.5519742143432751,0.0
118199,1.5000250004166702,0.5519742143432715,560,681,1241,0.0,-0.0008333472224535399,0.5519742143432751,0.0
118200,1.4991916531942167,0.5519742143432715,560,681,1241,0.0,-0.0008333472224535399,0.5519742143432751,0.0
118201,1.4983583059717631,0.5519742143432715,560,681,1241,0.0,-0.0008333472224535399,0.5519742143432751,0.0
118202,1.4975249587493096,0.5519742143432715,560,681,1241,0.0,-0.0008333472224535399,0.5519742143432751,0.0
118203,1.496691611526856,0.5519742143432715,560,681,1241,0.0,-0.0008333472224535399,0.5519742143432751,0.0
118204,1.4958582643044025,0.5519742143432715,560,681,1241,0.0,-0.0008333472224535399,0.5519742143432751,0.0
118205,1.495024917081949,0.5519742143432715,560,681,1241,0.0,-0.0008333472224535399,0.5519742143432751,0.0
118206,1.4941915698594954,0.5519742143432715,560,681,1241,0.0,-0.0008333472224535399,0.5519742143432751,0.0
118207,1.4933582226370419,0.5519742143432715,560,681,1241,0.0,-0.0008333472224535399,0.5519742143432751,0.0
118208,1.4925248754145883,0.5511684125705076,560,681,1241,-0.0008058017727639033,-0.0008333472224535399,0.5518936341659988,-8.058017727639034e-05
118209,1.4916915281921348,0.5511684125705076,560,681,1241,0.0,-0.0008333472224535399,0.5518130539887224,-8.058017727639034e-05
118210,1.4908581809696813,0.5511684125705076,560,681,1241,0.0,-0.0008333472224535399,0.5517324738114461,-8.058017727639034e-05
118211,1.4900248337472277,0.5511684125705076,560,681,1241,0.0,-0.0008333472224535399,0.5516518936341697,-8.058017727639034e-05
118212,1.4891914865247742,0.5511684125705076,560,681,1241,0.0,-0.0008333472224535399,0.5515713134568934,-8.058017727639034e-05
118213,1.4883581393023206,0.5511684125705076,560,681,1241,0.0,-0.0008333472224535399,0.5514907332796171,-8.058017727639034e-05
118214,1.487524792079867,0.5511684125705076,560,681,1241,0.0,-0.0008333472224535399,0.5514101531023406,-8.058017727639034e-05
118215,1.4866914448574136,0.5511684125705076,560,681,1241,0.0,-0.0008333472224535399,0.5513295729250643,-8.058017727639034e-05
118216,1.48585809763496,0.5511684125705076,560,681,1241,0.0,-0.0008333472224535399,0.5512489927477879,-8.058017727639034e-05
118217,1.4850247504125065,0.5511684125705076,560,681,1241,0.0,-0.0008333472224535399,0.5511684125705116,-8.058017727639034e-05
118218,1.484191403190053,0.5511684125705076,560,681,1241,0.0,-0.0008333472224535399,0.5511684125705116,0.0
118219,1.4833580559675994,0.5511684125705076,560,681,1241,0.0,-0.0008333472224535399,0.5511684125705116,0.0
118220,1.4825247087451459,0.5511684125705076,560,681,1241,0.0,-0.0008333472224535399,0.5511684125705116,0.0
118221,1.4816913615226923,0.5511684125705076,560,681,1241,0.0,-0.0008333472224535399,0.5511684125705116,0.0
118222,1.4808580143002388,0.5511684125705076,560,681,1241,0.0,-0.0008333472224535399,0.5511684125705116,0.0
118223,1.4800246670777852,0.5511684125705076,560,681,1241,0.0,-0.0008333472224535399,0.5511684125705116,0.0
118224,1.4791913198553317,0.5511684125705076,560,681,1241,0.0,-0.0008333472224535399,0.5511684125705116,0.0
118225,1.4783579726328782,0.5511684125705076,560,681,1241,0.0,-0.0008333472224535399,0.5511684125705116,0.0
118226,1.4775246254104246,0.5511684125705076,560,681,1241,0.0,-0.0008333472224535399,0.5511684125705116,0.0
118227,1.476691278187971,0.5511684125705076,560,681,1241,0.0,-0.0008333472224535399,0.5511684125705116,0.0
118228,1.4758579309655175,0.5511684125705076,560,681,1241,0.0,-0.0008333472224535399,0.5511684125705116,0.0
118229,1.475024583743057,0.5511684125705076,560,681,1241,0.0,-0.0008333472224606453,0.5511684125705116,0.0
118230,1.4741912365206034,0.5511684125705076,560,681,1241,0.0,-0.0008333472224535399,0.5511684125705116,0.0
118231,1.4733578892981498,0.5511684125705076,560,681,1241,0.0,-0.0008333472224535399,0.5511684125705116,0.0
118232,1.4725245420756963,0.5511684125705076,560,681,1241,0.0,-0.0008333472224535399,0.5511684125705116,0.0
118233,1.4716911948532427,0.5511684125705076,560,681,1241,0.0,-0.0008333472224535399,0.5511684125705116,0.0
118234,1.4708578476307892,0.5511684125705076,560,681,1241,0.0,-0.0008333472224535399,0.5511684125705116,0.0
118235,1.4700245004083357,0.5511684125705076,560,681,1241,0.0,-0.0008333472224535399,0.5511684125705116,0.0
118236,1.4691911531858821,0.5511684125705076,560,681,1241,0.0,-0.0008333472224535399,0.5511684125705116,0.0
118237,1.4683578059634286,0.5511684125705076,560,681,1241,0.0,-0.0008333472224535399,0.5511684125705116,0.0
118238,1.467524458740975,0.5511684125705076,560,681,1241,0.0,-0.0008333472224535399,0.5511684125705116,0.0
118239,1.4666911115185215,0.5511684125705076,560,681,1241,0.0,-0.0008333472224535399,0.5511684125705116,0.0
118240,1.465857764296068,0.5511684125705076,560,681,1241,0.0,-0.0008333472224535399,0.5511684125705116,0.0
118241,1.4650244170736144,0.5511684125705076,560,681,1241,0.0,-0.0008333472224535399,0.5511684125705116,0.0
118242,1.4641910698511609,0.5511684125705076,560,681,1241,0.0,-0.0008333472224535399,0.5511684125705116,0.0
118243,1.4633577226287073,0.5511684125705076,560,681,1241,0.0,-0.0008333472224535399,0.5511684125705116,0.0
118244,1.4625243754062538,0.5511684125705076,560,681,1241,0.0,-0.0008333472224535399,0.5511684125705116,0.0
118245,1.4616910281838003,0.5511684125705076,560,681,1241,0.0,-0.0008333472224535399,0.5511684125705116,0.0
118246,1.4608576809613467,0.5511684125705076,560,681,1241,0.0,-0.0008333472224535399,0.5511684125705116,0.0
118247,1.4600243337388932,0.5511684125705076,560,681,1241,0.0,-0.0008333472224535399,0.5511684125705116,0.0
118248,1.4591909865164396,0.5511684125705076,560,681,1241,0.0,-0.0008333472224535399,0.5511684125705116,0.0
118249,1.458357639293986,0.5511684125705076,560,681,1241,0.0,-0.0008333472224535399,0.5511684125705116,0.0
118250,1.4575242920715326,0.5511684125705076,560,681,1241,0.0,-0.0008333472224535399,0.5511684125705116,0.0
118251,1.456690944849079,0.5511684125705076,560,681,1241,0.0,-0.0008333472224535399,0.5511684125705116,0.0
118252,1.4558575976266255,0.5511684125705076,560,681,1241,0.0,-0.0008333472224535399,0.5511684125705116,0.0
118253,1.455024250404172,0.5511684125705076,560,681,1241,0.0,-0.0008333472224535399,0.5511684125705116,0.0
118254,1.4541909031817184,0.5511684125705076,560,681,1241,0.0,-0.0008333472224535399,0.5511684125705116,0.0
118255,1.4533575559592649,0.5511684125705076,560,681,1241,0.0,-0.0008333472224535399,0.5511684125705116,0.0
118256,1.4525242087368113,0.5511684125705076,560,681,1241,0.0,-0.0008333472224535399,0.5511684125705116,0.0
118257,1.4516908615143578,0.5511684125705076,560,681,1241,0.0,-0.0008333472224535399,0.5511684125705116,0.0
118258,1.4508575142919042,0.5511684125705076,560,681,1241,0.0,-0.0008333472224535399,0.5511684125705116,0.0
118259,1.4500241670694507,0.5511684125705076,560,681,1241,0.0,-0.0008333472224535399,0.5511684125705116,0.0
118260,1.4491908198469972,0.5511684125705076,560,681,1241,0.0,-0.0008333472224535399,0.5511684125705116,0.0
118261,1.4483574726245436,0.5511684125705076,560,681,1241,0.0,-0.0008333472224535399,0.5511684125705116,0.0
118262,1.44752412540209,0.5511684125705076,560,681,1241,0.0,-0.0008333472224535399,0.5511684125705116,0.0
118263,1.4466907781796365,0.5511684125705076,560,681,1241,0.0,-0.0008333472224535399,0.5511684125705116,0.0
118264,1.445857430957183,0.5511684125705076,560,681,1241,0.0,-0.0008333472224535399,0.5511684125705116,0.0
118265,1.4450240837347295,0.5511684125705076,560,681,1241,0.0,-0.0008333472224535399,0.5511684125705116,0.0
118266,1.444190736512276,0.5511684125705076,560,681,1241,0.0,-0.0008333472224535399,0.5511684125705116,0.0
118267,1.4433573892898224,0.5511684125705076,560,681,1241,0.0,-0.0008333472224535399,0.5511684125705116,0.0
118268,1.4425240420673688,0.5511684125705076,560,681,1241,0.0,-0.0008333472224535399,0.5511684125705116,0.0
118269,1.4416906948449153,0.5511684125705076,560,681,1241,0.0,-0.0008333472224535399,0.5511684125705116,0.0
118270,1.4408573476224618,0.5511684125705076,560,681,1241,0.0,-0.0008333472224535399,0.5511684125705116,0.0
118271,1.4400240004000011,0.5511684125705076,560,681,1241,0.0,-0.0008333472224606453,0.5511684125705116,0.0
118272,1.4391906531775476,0.5511684125705076,560,681,1241,0.0,-0.0008333472224535399,0.5511684125705116,0.0
118273,1.438357305955094,0.5511684125705076,560,681,1241,0.0,-0.0008333472224535399,0.5511684125705116,0.0
118274,1.4375239587326405,0.5511684125705076,560,681,1241,0.0,-0.0008333472224535399,0.5511684125705116,0.0
118275,1.436690611510187,0.5511684125705076,560,681,1241,0.0,-0.0008333472224535399,0.5511684125705116,0.0
118276,1.4358572642877334,0.5511684125705076,560,681,1241,0.0,-0.0008333472224535399,0.5511684125705116,0.0
118277,1.4350239170652799,0.5511684125705076,560,681,1241,0.0,-0.0008333472224535399,0.5511684125705116,0.0
118278,1.4341905698428263,0.5511684125705076,560,681,1241,0.0,-0.0008333472224535399,0.5511684125705116,0.0
118279,1.4333572226203728,0.5511684125705076,560,681,1241,0.0,-0.0008333472224535399,0.5511684125705116,0.0
118280,1.4325238753979193,0.5511684125705076,560,681,1241,0.0,-0.0008333472224535399,0.5511684125705116,0.0
118281,1.4316905281754657,0.5511684125705076,560,681,1241,0.0,-0.0008333472224535399,0.5511684125705116,0.0
118282,1.4308571809530122,0.5511684125705076,560,681,1241,0.0,-0.0008333472224535399,0.5511684125705116,0.0
118283,1.4300238337305586,0.5511684125705076,560,681,1241,0.0,-0.0008333472224535399,0.5511684125705116,0.0
118284,1.429190486508105,0.5511684125705076,560,681,1241,0.0,-0.0008333472224535399,0.5511684125705116,0.0
118285,1.4283571392856516,0.5511684125705076,560,681,1241,0.0,-0.0008333472224535399,0.5511684125705116,0.0
118286,1.427523792063198,0.5511684125705076,560,681,1241,0.0,-0.0008333472224535399,0.5511684125705116,0.0
118287,1.4266904448407445,0.5511684125705076,560,681,1241,0.0,-0.0008333472224535399,0.5511684125705116,0.0
118288,1.425857097618291,0.5511684125705076,560,681,1241,0.0,-0.0008333472224535399,0.5511684125705116,0.0
118289,1.4250237503958374,0.5511684125705076,560,681,1241,0.0,-0.0008333472224535399,0.5511684125705116,0.0
118290,1.4241904031733839,0.5511684125705076,560,681,1241,0.0,-0.0008333472224535399,0.5511684125705116,0.0
118291,1.4233570559509303,0.5511684125705076,560,681,1241,0.0,-0.0008333472224535399,0.5511684125705116,0.0
118292,1.4225237087284768,0.5511684125705076,560,681,1241,0.0,-0.0008333472224535399,0.5511684125705116,0.0
118293,1.4216903615060232,0.5511684125705076,560,681,1241,0.0,-0.0008333472224535399,0.5511684125705116,0.0
118294,1.4208570142835697,0.5511684125705076,560,681,1241,0.0,-0.0008333472224535399,0.5511684125705116,0.0
118295,1.4200236670611162,0.5511684125705076,560,681,1241,0.0,-0.0008333472224535399,0.5511684125705116,0.0
118296,1.4191903198386626,0.5511684125705076,560,681,1241,0.0,-0.0008333472224535399,0.5511684125705116,0.0
118297,1.418356972616209,0.5511684125705076,560,681,1241,0.0,-0.0008333472224535399,0.5511684125705116,0.0
118298,1.4175236253937555,0.5511684125705076,560,681,1241,0.0,-0.0008333472224535399,0.5511684125705116,0.0
118299,1.416690278171302,0.5511684125705076,560,681,1241,0.0,-0.0008333472224535399,0.5511684125705116,0.0
118300,1.4158569309488485,0.5511684125705076,560,681,1241,0.0,-0.0008333472224535399,0.5511684125705116,0.0
118301,1.415023583726395,0.5511684125705076,560,681,1241,0.0,-0.0008333472224535399,0.5511684125705116,0.0
118302,1.4141902365039414,0.5511684125705076,560,681,1241,0.0,-0.0008333472224535399,0.5511684125705116,0.0
118303,1.4133568892814878,0.5511684125705076,560,681,1241,0.0,-0.0008333472224535399,0.5511684125705116,0.0
118304,1.4125235420590343,0.5511684125705076,560,681,1241,0.0,-0.0008333472224535399,0.5511684125705116,0.0
118305,1.4116901948365808,0.5511684125705076,560,681,1241,0.0,-0.0008333472224535399,0.5511684125705116,0.0
118306,1.4108568476141272,0.5511684125705076,560,681,1241,0.0,-0.0008333472224535399,0.5511684125705116,0.0
118307,1.4100235003916737,0.5511684125705076,560,681,1241,0.0,-0.0008333472224535399,0.5511684125705116,0.0
118308,1.4091901531692201,0.5511684125705076,560,681,1241,0.0,-0.0008333472224535399,0.5511684125705116,0.0
118309,1.4083568059467666,0.5511684125705076,560,681,1241,0.0,-0.0008333472224535399,0.5511684125705116,0.0
118310,1.407523458724313,0.5511684125705076,560,681,1241,0.0,-0.0008333472224535399,0.5511684125705116,0.0
118311,1.4066901115018595,0.5511684125705076,560,681,1241,0.0,-0.0008333472224535399,0.5511684125705116,0.0
118312,1.405856764279406,0.5511684125705076,560,681,1241,0.0,-0.0008333472224535399,0.5511684125705116,0.0
118313,1.4050234170569524,0.5511684125705076,560,681,1241,0.0,-0.0008333472224535399,0.5511684125705116,0.0
118314,1.4041900698344918,0.5511684125705076,560,681,1241,0.0,-0.0008333472224606453,0.5511684125705116,0.0
118315,1.4033567226120383,0.5511684125705076,560,681,1241,0.0,-0.0008333472224535399,0.5511684125705116,0.0
118316,1.4025233753895847,0.5511684125705076,560,681,1241,0.0,-0.0008333472224535399,0.5511684125705116,0.0
118317,1.4016900281671312,0.5511684125705076,560,681,1241,0.0,-0.0008333472224535399,0.5511684125705116,0.0
118318,1.4008566809446776,0.5511684125705076,560,681,1241,0.0,-0.0008333472224535399,0.5511684125705116,0.0
118319,1.400023333722224,0.5511684125705076,560,681,1241,0.0,-0.0008333472224535399,0.5511684125705116,0.0
118320,1.3991899864997706,0.5511684125705076,560,681,1241,0.0,-0.0008333472224535399,0.5511684125705116,0.0
118321,1.398356639277317,0.5511684125705076,560,681,1241,0.0,-0.0008333472224535399,0.5511684125705116,0.0
118322,1.3975232920548635,0.5511684125705076,560,681,1241,0.0,-0.0008333472224535399,0.5511684125705116,0.0
118323,1.39668994483241,0.5511684125705076,560,681,1241,0.0,-0.0008333472224535399,0.5511684125705116,0.0
118324,1.3958565976099564,0.5511684125705076,560,681,1241,0.0,-0.0008333472224535399,0.5511684125705116,0.0
118325,1.3950232503875029,0.5511684125705076,560,681,1241,0.0,-0.0008333472224535399,0.5511684125705116,0.0
118326,1.3941899031650493,0.5511684125705076,560,681,1241,0.0,-0.0008333472224535399,0.5511684125705116,0.0
118327,1.3933565559425958,0.5511684125705076,560,681,1241,0.0,-0.0008333472224535399,0.5511684125705116,0.0
118328,1.3925232087201422,0.5511684125705076,560,681,1241,0.0,-0.0008333472224535399,0.5511684125705116,0.0
118329,1.3916898614976887,0.5511684125705076,560,681,1241,0.0,-0.0008333472224535399,0.5511684125705116,0.0
118330,1.3908565142752352,0.5511684125705076,560,681,1241,0.0,-0.0008333472224535399,0.5511684125705116,0.0
118331,1.3900231670527816,0.5511684125705076,560,681,1241,0.0,-0.0008333472224535399,0.5511684125705116,0.0
118332,1.389189819830328,0.5511684125705076,560,681,1241,0.0,-0.0008333472224535399,0.5511684125705116,0.0
118333,1.3883564726078745,0.5511684125705076,560,681,1241,0.0,-0.0008333472224535399,0.5511684125705116,0.0
118334,1.387523125385421,0.5511684125705076,560,681,1241,0.0,-0.0008333472224535399,0.5511684125705116,0.0
118335,1.3866897781629675,0.5511684125705076,560,681,1241,0.0,-0.0008333472224535399,0.5511684125705116,0.0
118336,1.385856430940514,0.5511684125705076,560,681,1241,0.0,-0.0008333472224535399,0.5511684125705116,0.0
118337,1.3850230837180604,0.5511684125705076,560,681,1241,0.0,-0.0008333472224535399,0.5511684125705116,0.0
118338,1.3841897364956068,0.5511684125705076,560,681,1241,0.0,-0.0008333472224535399,0.5511684125705116,0.0
118339,1.3833563892731533,0.5511684125705076,560,681,1241,0.0,-0.0008333472224535399,0.5511684125705116,0.0
118340,1.3825230420506998,0.5511684125705076,560,681,1241,0.0,-0.0008333472224535399,0.5511684125705116,0.0
118341,1.3816896948282462,0.5511684125705076,560,681,1241,0.0,-0.0008333472224535399,0.5511684125705116,0.0
118342,1.3808563476057927,0.5511684125705076,560,681,1241,0.0,-0.0008333472224535399,0.5511684125705116,0.0
118343,1.3800230003833391,0.5511684125705076,560,681,1241,0.0,-0.0008333472224535399,0.5511684125705116,0.0
118344,1.3791896531608856,0.5511684125705076,560,681,1241,0.0,-0.0008333472224535399,0.5511684125705116,0.0
118345,1.378356305938432,0.5511684125705076,560,681,1241,0.0,-0.0008333472224535399,0.5511684125705116,0.0
118346,1.3775229587159785,0.5511684125705076,560,681,1241,0.0,-0.0008333472224535399,0.5511684125705116,0.0
118347,1.376689611493525,0.5511684125705076,560,681,1241,0.0,-0.0008333472224535399,0.5511684125705116,0.0
118348,1.3758562642710714,0.5511684125705076,560,681,1241,0.0,-0.0008333472224535399,0.5511684125705116,0.0
118349,1.375022917048618,0.5511684125705076,560,681,1241,0.0,-0.0008333472224535399,0.5511684125705116,0.0
118350,1.3741895698261644,0.5511684125705076,560,681,1241,0.0,-0.0008333472224535399,0.5511684125705116,0.0
118351,1.3733562226037108,0.5511684125705076,560,681,1241,0.0,-0.0008333472224535399,0.5511684125705116,0.0
118352,1.3725228753812573,0.5511684125705076,560,681,1241,0.0,-0.0008333472224535399,0.5511684125705116,0.0
118353,1.3716895281588037,0.5511684125705076,560,681,1241,0.0,-0.0008333472224535399,0.5511684125705116,0.0
118354,1.3708561809363502,0.5511684125705076,560,681,1241,0.0,-0.0008333472224535399,0.5511684125705116,0.0
118355,1.3700228337138967,0.5511684125705076,560,681,1241,0.0,-0.0008333472224535399,0.5511684125705116,0.0
118356,1.369189486491436,0.5511684125705076,560,681,1241,0.0,-0.0008333472224606453,0.5511684125705116,0.0
118357,1.3683561392689825,0.5511684125705076,560,681,1241,0.0,-0.0008333472224535399,0.5511684125705116,0.0
118358,1.367522792046529,0.5511684125705076,560,681,1241,0.0,-0.0008333472224535399,0.5511684125705116,0.0
118359,1.3666894448240754,0.5511684125705076,560,681,1241,0.0,-0.0008333472224535399,0.5511684125705116,0.0
118360,1.3658560976016219,0.5511684125705076,560,681,1241,0.0,-0.0008333472224535399,0.5511684125705116,0.0
118361,1.3650227503791683,0.5511684125705076,560,681,1241,0.0,-0.0008333472224535399,0.5511684125705116,0.0
118362,1.3641894031567148,0.5511684125705076,560,681,1241,0.0,-0.0008333472224535399,0.5511684125705116,0.0
118363,1.3633560559342612,0.5511684125705076,560,681,1241,0.0,-0.0008333472224535399,0.5511684125705116,0.0
118364,1.3625227087118077,0.5511684125705076,560,681,1241,0.0,-0.0008333472224535399,0.5511684125705116,0.0
118365,1.3616893614893542,0.5511684125705076,560,681,1241,0.0,-0.0008333472224535399,0.5511684125705116,0.0
118366,1.3608560142669006,0.5511684125705076,560,681,1241,0.0,-0.0008333472224535399,0.5511684125705116,0.0
118367,1.360022667044447,0.5511684125705076,560,681,1241,0.0,-0.0008333472224535399,0.5511684125705116,0.0
118368,1.3591893198219935,0.5511684125705076,560,681,1241,0.0,-0.0008333472224535399,0.5511684125705116,0.0
118369,1.35835597259954,0.5511684125705076,560,681,1241,0.0,-0.0008333472224535399,0.5511684125705116,0.0
118370,1.3575226253770865,0.5511684125705076,560,681,1241,0.0,-0.0008333472224535399,0.5511684125705116,0.0
118371,1.356689278154633,0.5511684125705076,560,681,1241,0.0,-0.0008333472224535399,0.5511684125705116,0.0
118372,1.3558559309321794,0.5511684125705076,560,681,1241,0.0,-0.0008333472224535399,0.5511684125705116,0.0
118373,1.3550225837097258,0.5511684125705076,560,681,1241,0.0,-0.0008333472224535399,0.5511684125705116,0.0
118374,1.3541892364872723,0.5511684125705076,560,681,1241,0.0,-0.0008333472224535399,0.5511684125705116,0.0
118375,1.3533558892648188,0.5511684125705076,560,681,1241,0.0,-0.0008333472224535399,0.5511684125705116,0.0
118376,1.3525225420423652,0.5511684125705076,560,681,1241,0.0,-0.0008333472224535399,0.5511684125705116,0.0
118377,1.3516891948199117,0.5511684125705076,560,681,1241,0.0,-0.0008333472224535399,0.5511684125705116,0.0
118378,1.3508558475974581,0.5511684125705076,560,681,1241,0.0,-0.0008333472224535399,0.5511684125705116,0.0
118379,1.3500225003750046,0.5511684125705076,560,681,1241,0.0,-0.0008333472224535399,0.5511684125705116,0.0
118380,1.349189153152551,0.5511684125705076,560,681,1241,0.0,-0.0008333472224535399,0.5511684125705116,0.0
118381,1.3483558059300975,0.5511684125705076,560,681,1241,0.0,-0.0008333472224535399,0.5511684125705116,0.0
118382,1.347522458707644,0.5511684125705076,560,681,1241,0.0,-0.0008333472224535399,0.5511684125705116,0.0
118383,1.3466891114851904,0.5511684125705076,560,681,1241,0.0,-0.0008333472224535399,0.5511684125705116,0.0
118384,1.345855764262737,0.5511684125705076,560,681,1241,0.0,-0.0008333472224535399,0.5511684125705116,0.0
118385,1.3450224170402834,0.5511684125705076,560,681,1241,0.0,-0.0008333472224535399,0.5511684125705116,0.0
118386,1.3441890698178298,0.5511684125705076,560,681,1241,0.0,-0.0008333472224535399,0.5511684125705116,0.0
118387,1.3433557225953763,0.5511684125705076,560,681,1241,0.0,-0.0008333472224535399,0.5511684125705116,0.0
118388,1.3425223753729227,0.5511684125705076,560,681,1241,0.0,-0.0008333472224535399,0.5511684125705116,0.0
118389,1.3416890281504692,0.5511684125705076,560,681,1241,0.0,-0.0008333472224535399,0.5511684125705116,0.0
118390,1.3408556809280157,0.5511684125705076,560,681,1241,0.0,-0.0008333472224535399,0.5511684125705116,0.0
118391,1.3400223337055621,0.5511684125705076,560,681,1241,0.0,-0.0008333472224535399,0.5511684125705116,0.0
118392,1.3391889864831086,0.5511684125705076,560,681,1241,0.0,-0.0008333472224535399,0.5511684125705116,0.0
118393,1.338355639260655,0.5511684125705076,560,681,1241,0.0,-0.0008333472224535399,0.5511684125705116,0.0
118394,1.3375222920382015,0.5511684125705076,560,681,1241,0.0,-0.0008333472224535399,0.5511684125705116,0.0
118395,1.336688944815748,0.5511684125705076,560,681,1241,0.0,-0.0008333472224535399,0.5511684125705116,0.0
118396,1.3358555975932944,0.5511684125705076,560,681,1241,0.0,-0.0008333472224535399,0.5511684125705116,0.0
118397,1.3350222503708409,0.5511684125705076,560,681,1241,0.0,-0.0008333472224535399,0.5511684125705116,0.0
118398,1.3341889031483802,0.5511684125705076,560,681,1241,0.0,-0.0008333472224606453,0.5511684125705116,0.0
118399,1.3333555559259267,0.5511684125705076,560,681,1241,0.0,-0.0008333472224535399,0.5511684125705116,0.0
118400,1.3325222087034732,0.5511684125705076,560,681,1241,0.0,-0.0008333472224535399,0.5511684125705116,0.0
118401,1.3316888614810196,0.5511684125705076,560,681,1241,0.0,-0.0008333472224535399,0.5511684125705116,0.0
118402,1.330855514258566,0.5511684125705076,560,681,1241,0.0,-0.0008333472224535399,0.5511684125705116,0.0
118403,1.3300221670361125,0.5511684125705076,560,681,1241,0.0,-0.0008333472224535399,0.5511684125705116,0.0
118404,1.329188819813659,0.5511684125705076,560,681,1241,0.0,-0.0008333472224535399,0.5511684125705116,0.0
118405,1.3283554725912055,0.5511684125705076,560,681,1241,0.0,-0.0008333472224535399,0.5511684125705116,0.0
118406,1.327522125368752,0.5511684125705076,560,681,1241,0.0,-0.0008333472224535399,0.5511684125705116,0.0
118407,1.3266887781462984,0.5511684125705076,560,681,1241,0.0,-0.0008333472224535399,0.5511684125705116,0.0
118408,1.3258554309238448,0.5511684125705076,560,681,1241,0.0,-0.0008333472224535399,0.5511684125705116,0.0
118409,1.3250220837013913,0.5511684125705076,560,681,1241,0.0,-0.0008333472224535399,0.5511684125705116,0.0
118410,1.3241887364789378,0.5511684125705076,560,681,1241,0.0,-0.0008333472224535399,0.5511684125705116,0.0
118411,1.3233553892564842,0.5511684125705076,560,681,1241,0.0,-0.0008333472224535399,0.5511684125705116,0.0
118412,1.3225220420340307,0.5511684125705076,560,681,1241,0.0,-0.0008333472224535399,0.5511684125705116,0.0
118413,1.3216886948115771,0.5511684125705076,560,681,1241,0.0,-0.0008333472224535399,0.5511684125705116,0.0
118414,1.3208553475891236,0.5511684125705076,560,681,1241,0.0,-0.0008333472224535399,0.5511684125705116,0.0
118415,1.32002200036667,0.5511684125705076,560,681,1241,0.0,-0.0008333472224535399,0.5511684125705116,0.0
118416,1.3191886531442165,0.5511684125705076,560,681,1241,0.0,-0.0008333472224535399,0.5511684125705116,0.0
118417,1.318355305921763,0.5511684125705076,560,681,1241,0.0,-0.0008333472224535399,0.5511684125705116,0.0
118418,1.3175219586993094,0.5511684125705076,560,681,1241,0.0,-0.0008333472224535399,0.5511684125705116,0.0
118419,1.316688611476856,0.5511684125705076,560,681,1241,0.0,-0.0008333472224535399,0.5511684125705116,0.0
118420,1.3158552642544024,0.5511684125705076,560,681,1241,0.0,-0.0008333472224535399,0.5511684125705116,0.0
118421,1.3150219170319488,0.5511684125705076,560,681,1241,0.0,-0.0008333472224535399,0.5511684125705116,0.0
118422,1.3141885698094953,0.5511684125705076,560,681,1241,0.0,-0.0008333472224535399,0.5511684125705116,0.0
118423,1.3133552225870417,0.5511684125705076,560,681,1241,0.0,-0.0008333472224535399,0.5511684125705116,0.0
118424,1.3125218753645882,0.5511684125705076,560,681,1241,0.0,-0.0008333472224535399,0.5511684125705116,0.0
118425,1.3116885281421347,0.5511684125705076,560,681,1241,0.0,-0.0008333472224535399,0.5511684125705116,0.0
118426,1.3108551809196811,0.5511684125705076,560,681,1241,0.0,-0.0008333472224535399,0.5511684125705116,0.0
118427,1.3100218336972276,0.5511684125705076,560,681,1241,0.0,-0.0008333472224535399,0.5511684125705116,0.0
118428,1.309188486474774,0.5511684125705076,560,681,1241,0.0,-0.0008333472224535399,0.5511684125705116,0.0
118429,1.3083551392523205,0.5511684125705076,560,681,1241,0.0,-0.0008333472224535399,0.5511684125705116,0.0
118430,1.307521792029867,0.5511684125705076,560,681,1241,0.0,-0.0008333472224535399,0.5511684125705116,0.0
118431,1.3066884448074134,0.5511684125705076,560,681,1241,0.0,-0.0008333472224535399,0.5511684125705116,0.0
118432,1.3058550975849599,0.5511684125705076,560,681,1241,0.0,-0.0008333472224535399,0.5511684125705116,0.0
118433,1.3050217503625063,0.5511684125705076,560,681,1241,0.0,-0.0008333472224535399,0.5511684125705116,0.0
118434,1.3041884031400528,0.5511684125705076,560,681,1241,0.0,-0.0008333472224535399,0.5511684125705116,0.0
118435,1.3033550559175993,0.5511684125705076,560,681,1241,0.0,-0.0008333472224535399,0.5511684125705116,0.0
118436,1.3025217086951457,0.5511684125705076,560,681,1241,0.0,-0.0008333472224535399,0.5511684125705116,0.0
118437,1.3016883614726922,0.5511684125705076,560,681,1241,0.0,-0.0008333472224535399,0.5511684125705116,0.0
118438,1.3008550142502386,0.5511684125705076,560,681,1241,0.0,-0.0008333472224535399,0.5511684125705116,0.0
118439,1.300021667027785,0.5511684125705076,560,681,1241,0.0,-0.0008333472224535399,0.5511684125705116,0.0
118440,1.2991883198053316,0.5511684125705076,560,681,1241,0.0,-0.0008333472224535399,0.5511684125705116,0.0
118441,1.298354972582871,0.5511684125705076,560,681,1241,0.0,-0.0008333472224606453,0.5511684125705116,0.0
118442,1.2975216253604174,0.5511684125705076,560,681,1241,0.0,-0.0008333472224535399,0.5511684125705116,0.0
118443,1.2966882781379638,0.5511684125705076,560,681,1241,0.0,-0.0008333472224535399,0.5511684125705116,0.0
118444,1.2958549309155103,0.5511684125705076,560,681,1241,0.0,-0.0008333472224535399,0.5511684125705116,0.0
118445,1.2950215836930568,0.5511684125705076,560,681,1241,0.0,-0.0008333472224535399,0.5511684125705116,0.0
118446,1.2941882364706032,0.5511684125705076,560,681,1241,0.0,-0.0008333472224535399,0.5511684125705116,0.0
118447,1.2933548892481497,0.5511684125705076,560,681,1241,0.0,-0.0008333472224535399,0.5511684125705116,0.0
118448,1.2925215420256961,0.5511684125705076,560,681,1241,0.0,-0.0008333472224535399,0.5511684125705116,0.0
118449,1.2916881948032426,0.5511684125705076,560,681,1241,0.0,-0.0008333472224535399,0.5511684125705116,0.0
118450,1.290854847580789,0.5511684125705076,560,681,1241,0.0,-0.0008333472224535399,0.5511684125705116,0.0
118451,1.2900215003583355,0.5511684125705076,560,681,1241,0.0,-0.0008333472224535399,0.5511684125705116,0.0
118452,1.289188153135882,0.5511684125705076,560,681,1241,0.0,-0.0008333472224535399,0.5511684125705116,0.0
118453,1.2883548059134284,0.5511684125705076,560,681,1241,0.0,-0.0008333472224535399,0.5511684125705116,0.0
118454,1.287521458690975,0.5511684125705076,560,681,1241,0.0,-0.0008333472224535399,0.5511684125705116,0.0
118455,1.2866881114685214,0.5511684125705076,560,681,1241,0.0,-0.0008333472224535399,0.5511684125705116,0.0
118456,1.2858547642460678,0.5511684125705076,560,681,1241,0.0,-0.0008333472224535399,0.5511684125705116,0.0
118457,1.2850214170236143,0.5511684125705076,560,681,1241,0.0,-0.0008333472224535399,0.5511684125705116,0.0
118458,1.2841880698011607,0.5511684125705076,560,681,1241,0.0,-0.0008333472224535399,0.5511684125705116,0.0
118459,1.2833547225787072,0.5511684125705076,560,681,1241,0.0,-0.0008333472224535399,0.5511684125705116,0.0
118460,1.2825213753562537,0.5511684125705076,560,681,1241,0.0,-0.0008333472224535399,0.5511684125705116,0.0
118461,1.2816880281338001,0.5511684125705076,560,681,1241,0.0,-0.0008333472224535399,0.5511684125705116,0.0
118462,1.2808546809113466,0.5511684125705076,560,681,1241,0.0,-0.0008333472224535399,0.5511684125705116,0.0
118463,1.280021333688893,0.5511684125705076,560,681,1241,0.0,-0.0008333472224535399,0.5511684125705116,0.0
118464,1.2791879864664395,0.5511684125705076,560,681,1241,0.0,-0.0008333472224535399,0.5511684125705116,0.0
118465,1.278354639243986,0.5511684125705076,560,681,1241,0.0,-0.0008333472224535399,0.5511684125705116,0.0
118466,1.2775212920215324,0.5511684125705076,560,681,1241,0.0,-0.0008333472224535399,0.5511684125705116,0.0
118467,1.2766879447990789,0.5511684125705076,560,681,1241,0.0,-0.0008333472224535399,0.5511684125705116,0.0
118468,1.2758545975766253,0.5511684125705076,560,681,1241,0.0,-0.0008333472224535399,0.5511684125705116,0.0
118469,1.2750212503541718,0.5511684125705076,560,681,1241,0.0,-0.0008333472224535399,0.5511684125705116,0.0
118470,1.2741879031317183,0.5511684125705076,560,681,1241,0.0,-0.0008333472224535399,0.5511684125705116,0.0
118471,1.2733545559092647,0.5511684125705076,560,681,1241,0.0,-0.0008333472224535399,0.5511684125705116,0.0
118472,1.2725212086868112,0.5511684125705076,560,681,1241,0.0,-0.0008333472224535399,0.5511684125705116,0.0
118473,1.2716878614643576,0.5511684125705076,560,681,1241,0.0,-0.0008333472224535399,0.5511684125705116,0.0
118474,1.270854514241904,0.5511684125705076,560,681,1241,0.0,-0.0008333472224535399,0.5511684125705116,0.0
118475,1.2700211670194506,0.5511684125705076,560,681,1241,0.0,-0.0008333472224535399,0.5511684125705116,0.0
118476,1.269187819796997,0.5511684125705076,560,681,1241,0.0,-0.0008333472224535399,0.5511684125705116,0.0
118477,1.2683544725745435,0.5511684125705076,560,681,1241,0.0,-0.0008333472224535399,0.5511684125705116,0.0
118478,1.26752112535209,0.5511684125705076,560,681,1241,0.0,-0.0008333472224535399,0.5511684125705116,0.0
118479,1.2666877781296364,0.5511684125705076,560,681,1241,0.0,-0.0008333472224535399,0.5511684125705116,0.0
118480,1.2658544309071829,0.5511684125705076,560,681,1241,0.0,-0.0008333472224535399,0.5511684125705116,0.0
118481,1.2650210836847293,0.5511684125705076,560,681,1241,0.0,-0.0008333472224535399,0.5511684125705116,0.0
118482,1.2641877364622758,0.5511684125705076,560,681,1241,0.0,-0.0008333472224535399,0.5511684125705116,0.0
118483,1.2633543892398151,0.5511684125705076,560,681,1241,0.0,-0.0008333472224606453,0.5511684125705116,0.0
118484,1.2625210420173616,0.5511684125705076,560,681,1241,0.0,-0.0008333472224535399,0.5511684125705116,0.0
118485,1.261687694794908,0.5511684125705076,560,681,1241,0.0,-0.0008333472224535399,0.5511684125705116,0.0
118486,1.2608543475724545,0.5511684125705076,560,681,1241,0.0,-0.0008333472224535399,0.5511684125705116,0.0
118487,1.260021000350001,0.5511684125705076,560,681,1241,0.0,-0.0008333472224535399,0.5511684125705116,0.0
118488,1.2591876531275474,0.5511684125705076,560,681,1241,0.0,-0.0008333472224535399,0.5511684125705116,0.0
118489,1.258354305905094,0.5511684125705076,560,681,1241,0.0,-0.0008333472224535399,0.5511684125705116,0.0
118490,1.2575209586826404,0.5511684125705076,560,681,1241,0.0,-0.0008333472224535399,0.5511684125705116,0.0
118491,1.2566876114601868,0.5511684125705076,560,681,1241,0.0,-0.0008333472224535399,0.5511684125705116,0.0
118492,1.2558542642377333,0.5511684125705076,560,681,1241,0.0,-0.0008333472224535399,0.5511684125705116,0.0
118493,1.2550209170152797,0.5511684125705076,560,681,1241,0.0,-0.0008333472224535399,0.5511684125705116,0.0
118494,1.2541875697928262,0.5511684125705076,560,681,1241,0.0,-0.0008333472224535399,0.5511684125705116,0.0
118495,1.2533542225703727,0.5511684125705076,560,681,1241,0.0,-0.0008333472224535399,0.5511684125705116,0.0
118496,1.2525208753479191,0.5511684125705076,560,681,1241,0.0,-0.0008333472224535399,0.5511684125705116,0.0
118497,1.2516875281254656,0.5511684125705076,560,681,1241,0.0,-0.0008333472224535399,0.5511684125705116,0.0
118498,1.250854180903012,0.5511684125705076,560,681,1241,0.0,-0.0008333472224535399,0.5511684125705116,0.0
118499,1.2500208336805585,0.5511684125705076,560,681,1241,0.0,-0.0008333472224535399,0.5511684125705116,0.0
118500,1.249187486458105,0.5511684125705076,560,681,1241,0.0,-0.0008333472224535399,0.5511684125705116,0.0
118501,1.2483541392356514,0.5511684125705076,560,681,1241,0.0,-0.0008333472224535399,0.5511684125705116,0.0
118502,1.2475207920131979,0.5511684125705076,560,681,1241,0.0,-0.0008333472224535399,0.5511684125705116,0.0
118503,1.2466874447907443,0.5511684125705076,560,681,1241,0.0,-0.0008333472224535399,0.5511684125705116,0.0
118504,1.2458540975682908,0.5511684125705076,560,681,1241,0.0,-0.0008333472224535399,0.5511684125705116,0.0
118505,1.2450207503458373,0.5511684125705076,560,681,1241,0.0,-0.0008333472224535399,0.5511684125705116,0.0
118506,1.2441874031233837,0.5511684125705076,560,681,1241,0.0,-0.0008333472224535399,0.5511684125705116,0.0
118507,1.2433540559009302,0.5511684125705076,560,681,1241,0.0,-0.0008333472224535399,0.5511684125705116,0.0
118508,1.2425207086784766,0.5511684125705076,560,681,1241,0.0,-0.0008333472224535399,0.5511684125705116,0.0
118509,1.241687361456023,0.5511684125705076,560,681,1241,0.0,-0.0008333472224535399,0.5511684125705116,0.0
118510,1.2408540142335696,0.5511684125705076,560,681,1241,0.0,-0.0008333472224535399,0.5511684125705116,0.0
118511,1.240020667011116,0.5511684125705076,560,681,1241,0.0,-0.0008333472224535399,0.5511684125705116,0.0
118512,1.2391873197886625,0.5511684125705076,560,681,1241,0.0,-0.0008333472224535399,0.5511684125705116,0.0
118513,1.238353972566209,0.5511684125705076,560,681,1241,0.0,-0.0008333472224535399,0.5511684125705116,0.0
118514,1.2375206253437554,0.5511684125705076,560,681,1241,0.0,-0.0008333472224535399,0.5511684125705116,0.0
118515,1.2366872781213019,0.5511684125705076,560,681,1241,0.0,-0.0008333472224535399,0.5511684125705116,0.0
118516,1.2358539308988483,0.5511684125705076,560,681,1241,0.0,-0.0008333472224535399,0.5511684125705116,0.0
118517,1.2350205836763948,0.5511684125705076,560,681,1241,0.0,-0.0008333472224535399,0.5511684125705116,0.0
118518,1.2341872364539412,0.5511684125705076,560,681,1241,0.0,-0.0008333472224535399,0.5511684125705116,0.0
118519,1.2333538892314877,0.5511684125705076,560,681,1241,0.0,-0.0008333472224535399,0.5511684125705116,0.0
118520,1.2325205420090342,0.5511684125705076,560,681,1241,0.0,-0.0008333472224535399,0.5511684125705116,0.0
118521,1.2316871947865806,0.5511684125705076,560,681,1241,0.0,-0.0008333472224535399,0.5511684125705116,0.0
118522,1.230853847564127,0.5511684125705076,560,681,1241,0.0,-0.0008333472224535399,0.5511684125705116,0.0
118523,1.2300205003416735,0.5511684125705076,560,681,1241,0.0,-0.0008333472224535399,0.5511684125705116,0.0
118524,1.22918715311922,0.5511684125705076,560,681,1241,0.0,-0.0008333472224535399,0.5511684125705116,0.0
118525,1.2283538058967594,0.5511684125705076,560,681,1241,0.0,-0.0008333472224606453,0.5511684125705116,0.0
118526,1.2275204586743058,0.5511684125705076,560,681,1241,0.0,-0.0008333472224535399,0.5511684125705116,0.0
118527,1.2266871114518523,0.5511684125705076,560,681,1241,0.0,-0.0008333472224535399,0.5511684125705116,0.0
118528,1.2258537642293987,0.5511684125705076,560,681,1241,0.0,-0.0008333472224535399,0.5511684125705116,0.0
118529,1.2250204170069452,0.5511684125705076,560,681,1241,0.0,-0.0008333472224535399,0.5511684125705116,0.0
118530,1.2241870697844917,0.5511684125705076,560,681,1241,0.0,-0.0008333472224535399,0.5511684125705116,0.0
118531,1.2233537225620381,0.5511684125705076,560,681,1241,0.0,-0.0008333472224535399,0.5511684125705116,0.0
118532,1.2225203753395846,0.5511684125705076,560,681,1241,0.0,-0.0008333472224535399,0.5511684125705116,0.0
118533,1.221687028117131,0.5511684125705076,560,681,1241,0.0,-0.0008333472224535399,0.5511684125705116,0.0
118534,1.2208536808946775,0.5511684125705076,560,681,1241,0.0,-0.0008333472224535399,0.5511684125705116,0.0
118535,1.220020333672224,0.5511684125705076,560,681,1241,0.0,-0.0008333472224535399,0.5511684125705116,0.0
118536,1.2191869864497704,0.5511684125705076,560,681,1241,0.0,-0.0008333472224535399,0.5511684125705116,0.0
118537,1.2183536392273169,0.5511684125705076,560,681,1241,0.0,-0.0008333472224535399,0.5511684125705116,0.0
118538,1.2175202920048633,0.5511684125705076,560,681,1241,0.0,-0.0008333472224535399,0.5511684125705116,0.0
118539,1.2166869447824098,0.5511684125705076,560,681,1241,0.0,-0.0008333472224535399,0.5511684125705116,0.0
118540,1.2158535975599563,0.5511684125705076,560,681,1241,0.0,-0.0008333472224535399,0.5511684125705116,0.0
118541,1.2150202503375027,0.5511684125705076,560,681,1241,0.0,-0.0008333472224535399,0.5511684125705116,0.0
118542,1.2141869031150492,0.5511684125705076,560,681,1241,0.0,-0.0008333472224535399,0.5511684125705116,0.0
118543,1.2133535558925956,0.5511684125705076,560,681,1241,0.0,-0.0008333472224535399,0.5511684125705116,0.0
118544,1.212520208670142,0.5511684125705076,560,681,1241,0.0,-0.0008333472224535399,0.5511684125705116,0.0
118545,1.2116868614476886,0.5511684125705076,560,681,1241,0.0,-0.0008333472224535399,0.5511684125705116,0.0
118546,1.210853514225235,0.5511684125705076,560,681,1241,0.0,-0.0008333472224535399,0.5511684125705116,0.0
118547,1.2100201670027815,0.5511684125705076,560,681,1241,0.0,-0.0008333472224535399,0.5511684125705116,0.0
118548,1.209186819780328,0.5511684125705076,560,681,1241,0.0,-0.0008333472224535399,0.5511684125705116,0.0
118549,1.2083534725578744,0.5511684125705076,560,681,1241,0.0,-0.0008333472224535399,0.5511684125705116,0.0
118550,1.2075201253354209,0.5511684125705076,560,681,1241,0.0,-0.0008333472224535399,0.5511684125705116,0.0
118551,1.2066867781129673,0.5511684125705076,560,681,1241,0.0,-0.0008333472224535399,0.5511684125705116,0.0
118552,1.2058534308905138,0.5511684125705076,560,681,1241,0.0,-0.0008333472224535399,0.5511684125705116,0.0
118553,1.2050200836680602,0.5511684125705076,560,681,1241,0.0,-0.0008333472224535399,0.5511684125705116,0.0
118554,1.2041867364456067,0.5511684125705076,560,681,1241,0.0,-0.0008333472224535399,0.5511684125705116,0.0
118555,1.2033533892231532,0.5511684125705076,560,681,1241,0.0,-0.0008333472224535399,0.5511684125705116,0.0
118556,1.2025200420006996,0.5511684125705076,560,681,1241,0.0,-0.0008333472224535399,0.5511684125705116,0.0
118557,1.201686694778246,0.5511684125705076,560,681,1241,0.0,-0.0008333472224535399,0.5511684125705116,0.0
118558,1.2008533475557925,0.5511684125705076,560,681,1241,0.0,-0.0008333472224535399,0.5511684125705116,0.0
118559,1.200020000333339,0.5511684125705076,560,681,1241,0.0,-0.0008333472224535399,0.5511684125705116,0.0
118560,1.1991866531108855,0.5511684125705076,560,681,1241,0.0,-0.0008333472224535399,0.5511684125705116,0.0
118561,1.198353305888432,0.5511684125705076,560,681,1241,0.0,-0.0008333472224535399,0.5511684125705116,0.0
118562,1.1975199586659784,0.5511684125705076,560,681,1241,0.0,-0.0008333472224535399,0.5511684125705116,0.0
118563,1.1966866114435248,0.5511684125705076,560,681,1241,0.0,-0.0008333472224535399,0.5511684125705116,0.0
118564,1.1958532642210713,0.5511684125705076,560,681,1241,0.0,-0.0008333472224535399,0.5511684125705116,0.0
118565,1.1950199169986178,0.5511684125705076,560,681,1241,0.0,-0.0008333472224535399,0.5511684125705116,0.0
118566,1.1941865697761642,0.5511684125705076,560,681,1241,0.0,-0.0008333472224535399,0.5511684125705116,0.0
118567,1.1933532225537107,0.5511684125705076,560,681,1241,0.0,-0.0008333472224535399,0.5511684125705116,0.0
118568,1.19251987533125,0.5511684125705076,560,681,1241,0.0,-0.0008333472224606453,0.5511684125705116,0.0
118569,1.1916865281087965,0.5511684125705076,560,681,1241,0.0,-0.0008333472224535399,0.5511684125705116,0.0
118570,1.190853180886343,0.5511684125705076,560,681,1241,0.0,-0.0008333472224535399,0.5511684125705116,0.0
118571,1.1900198336638894,0.5511684125705076,560,681,1241,0.0,-0.0008333472224535399,0.5511684125705116,0.0
118572,1.1891864864414359,0.5511684125705076,560,681,1241,0.0,-0.0008333472224535399,0.5511684125705116,0.0
118573,1.1883531392189823,0.5511684125705076,560,681,1241,0.0,-0.0008333472224535399,0.5511684125705116,0.0
118574,1.1875197919965288,0.5511684125705076,560,681,1241,0.0,-0.0008333472224535399,0.5511684125705116,0.0
118575,1.1866864447740753,0.5511684125705076,560,681,1241,0.0,-0.0008333472224535399,0.5511684125705116,0.0
118576,1.1858530975516217,0.5511684125705076,560,681,1241,0.0,-0.0008333472224535399,0.5511684125705116,0.0
118577,1.1850197503291682,0.5511684125705076,560,681,1241,0.0,-0.0008333472224535399,0.5511684125705116,0.0
118578,1.1841864031067146,0.5511684125705076,560,681,1241,0.0,-0.0008333472224535399,0.5511684125705116,0.0
118579,1.183353055884261,0.5511684125705076,560,681,1241,0.0,-0.0008333472224535399,0.5511684125705116,0.0
118580,1.1825197086618076,0.5511684125705076,560,681,1241,0.0,-0.0008333472224535399,0.5511684125705116,0.0
118581,1.181686361439354,0.5511684125705076,560,681,1241,0.0,-0.0008333472224535399,0.5511684125705116,0.0
118582,1.1808530142169005,0.5511684125705076,560,681,1241,0.0,-0.0008333472224535399,0.5511684125705116,0.0
118583,1.180019666994447,0.5511684125705076,560,681,1241,0.0,-0.0008333472224535399,0.5511684125705116,0.0
118584,1.1791863197719934,0.5511684125705076,560,681,1241,0.0,-0.0008333472224535399,0.5511684125705116,0.0
118585,1.1783529725495399,0.5511684125705076,560,681,1241,0.0,-0.0008333472224535399,0.5511684125705116,0.0
118586,1.1775196253270863,0.5511684125705076,560,681,1241,0.0,-0.0008333472224535399,0.5511684125705116,0.0
118587,1.1766862781046328,0.5511684125705076,560,681,1241,0.0,-0.0008333472224535399,0.5511684125705116,0.0
118588,1.1758529308821792,0.5511684125705076,560,681,1241,0.0,-0.0008333472224535399,0.5511684125705116,0.0
118589,1.1750195836597257,0.5511684125705076,560,681,1241,0.0,-0.0008333472224535399,0.5511684125705116,0.0
118590,1.1741862364372722,0.5511684125705076,560,681,1241,0.0,-0.0008333472224535399,0.5511684125705116,0.0
118591,1.1733528892148186,0.5511684125705076,560,681,1241,0.0,-0.0008333472224535399,0.5511684125705116,0.0
118592,1.172519541992365,0.5511684125705076,560,681,1241,0.0,-0.0008333472224535399,0.5511684125705116,0.0
118593,1.1716861947699115,0.5511684125705076,560,681,1241,0.0,-0.0008333472224535399,0.5511684125705116,0.0
118594,1.170852847547458,0.5511684125705076,560,681,1241,0.0,-0.0008333472224535399,0.5511684125705116,0.0
118595,1.1700195003250045,0.5511684125705076,560,681,1241,0.0,-0.0008333472224535399,0.5511684125705116,0.0
118596,1.169186153102551,0.5511684125705076,560,681,1241,0.0,-0.0008333472224535399,0.5511684125705116,0.0
118597,1.1683528058800974,0.5511684125705076,560,681,1241,0.0,-0.0008333472224535399,0.5511684125705116,0.0
118598,1.1675194586576438,0.5511684125705076,560,681,1241,0.0,-0.0008333472224535399,0.5511684125705116,0.0
118599,1.1666861114351903,0.5511684125705076,560,681,1241,0.0,-0.0008333472224535399,0.5511684125705116,0.0
118600,1.1658527642127368,0.5511684125705076,560,681,1241,0.0,-0.0008333472224535399,0.5511684125705116,0.0
118601,1.1650194169902832,0.5511684125705076,560,681,1241,0.0,-0.0008333472224535399,0.5511684125705116,0.0
118602,1.1641860697678297,0.5511684125705076,560,681,1241,0.0,-0.0008333472224535399,0.5511684125705116,0.0
118603,1.1633527225453761,0.5511684125705076,560,681,1241,0.0,-0.0008333472224535399,0.5511684125705116,0.0
118604,1.1625193753229226,0.5511684125705076,560,681,1241,0.0,-0.0008333472224535399,0.5511684125705116,0.0
118605,1.161686028100469,0.5511684125705076,560,681,1241,0.0,-0.0008333472224535399,0.5511684125705116,0.0
118606,1.1608526808780155,0.5511684125705076,560,681,1241,0.0,-0.0008333472224535399,0.5511684125705116,0.0
118607,1.160019333655562,0.5511684125705076,560,681,1241,0.0,-0.0008333472224535399,0.5511684125705116,0.0
118608,1.1591859864331084,0.5511684125705076,560,681,1241,0.0,-0.0008333472224535399,0.5511684125705116,0.0
118609,1.158352639210655,0.5511684125705076,560,681,1241,0.0,-0.0008333472224535399,0.5511684125705116,0.0
118610,1.1575192919881943,0.5511684125705076,560,681,1241,0.0,-0.0008333472224606453,0.5511684125705116,0.0
118611,1.1566859447657407,0.5511684125705076,560,681,1241,0.0,-0.0008333472224535399,0.5511684125705116,0.0
118612,1.1558525975432872,0.5511684125705076,560,681,1241,0.0,-0.0008333472224535399,0.5511684125705116,0.0
118613,1.1550192503208336,0.5511684125705076,560,681,1241,0.0,-0.0008333472224535399,0.5511684125705116,0.0
118614,1.15418590309838,0.5511684125705076,560,681,1241,0.0,-0.0008333472224535399,0.5511684125705116,0.0
118615,1.1533525558759266,0.5511684125705076,560,681,1241,0.0,-0.0008333472224535399,0.5511684125705116,0.0
118616,1.152519208653473,0.5511684125705076,560,681,1241,0.0,-0.0008333472224535399,0.5511684125705116,0.0
118617,1.1516858614310195,0.5511684125705076,560,681,1241,0.0,-0.0008333472224535399,0.5511684125705116,0.0
118618,1.150852514208566,0.5511684125705076,560,681,1241,0.0,-0.0008333472224535399,0.5511684125705116,0.0
118619,1.1500191669861124,0.5511684125705076,560,681,1241,0.0,-0.0008333472224535399,0.5511684125705116,0.0
118620,1.1491858197636589,0.5511684125705076,560,681,1241,0.0,-0.0008333472224535399,0.5511684125705116,0.0
118621,1.1483524725412053,0.5511684125705076,560,681,1241,0.0,-0.0008333472224535399,0.5511684125705116,0.0
118622,1.1475191253187518,0.5511684125705076,560,681,1241,0.0,-0.0008333472224535399,0.5511684125705116,0.0
118623,1.1466857780962982,0.5511684125705076,560,681,1241,0.0,-0.0008333472224535399,0.5511684125705116,0.0
118624,1.1458524308738447,0.5511684125705076,560,681,1241,0.0,-0.0008333472224535399,0.5511684125705116,0.0
118625,1.1450190836513912,0.5511684125705076,560,681,1241,0.0,-0.0008333472224535399,0.5511684125705116,0.0
118626,1.1441857364289376,0.5511684125705076,560,681,1241,0.0,-0.0008333472224535399,0.5511684125705116,0.0
118627,1.143352389206484,0.5511684125705076,560,681,1241,0.0,-0.0008333472224535399,0.5511684125705116,0.0
118628,1.1425190419840305,0.5511684125705076,560,681,1241,0.0,-0.0008333472224535399,0.5511684125705116,0.0
118629,1.141685694761577,0.5511684125705076,560,681,1241,0.0,-0.0008333472224535399,0.5511684125705116,0.0
118630,1.1408523475391235,0.5511684125705076,560,681,1241,0.0,-0.0008333472224535399,0.5511684125705116,0.0
118631,1.14001900031667,0.5511684125705076,560,681,1241,0.0,-0.0008333472224535399,0.5511684125705116,0.0
118632,1.1391856530942164,0.5511684125705076,560,681,1241,0.0,-0.0008333472224535399,0.5511684125705116,0.0
118633,1.1383523058717628,0.5511684125705076,560,681,1241,0.0,-0.0008333472224535399,0.5511684125705116,0.0
118634,1.1375189586493093,0.5511684125705076,560,681,1241,0.0,-0.0008333472224535399,0.5511684125705116,0.0
118635,1.1366856114268558,0.5511684125705076,560,681,1241,0.0,-0.0008333472224535399,0.5511684125705116,0.0
118636,1.1358522642044022,0.5511684125705076,560,681,1241,0.0,-0.0008333472224535399,0.5511684125705116,0.0
118637,1.1350189169819487,0.5511684125705076,560,681,1241,0.0,-0.0008333472224535399,0.5511684125705116,0.0
118638,1.1341855697594951,0.5511684125705076,560,681,1241,0.0,-0.0008333472224535399,0.5511684125705116,0.0
118639,1.1333522225370416,0.5511684125705076,560,681,1241,0.0,-0.0008333472224535399,0.5511684125705116,0.0
118640,1.132518875314588,0.5511684125705076,560,681,1241,0.0,-0.0008333472224535399,0.5511684125705116,0.0
118641,1.1316855280921345,0.5511684125705076,560,681,1241,0.0,-0.0008333472224535399,0.5511684125705116,0.0
118642,1.130852180869681,0.5511684125705076,560,681,1241,0.0,-0.0008333472224535399,0.5511684125705116,0.0
118643,1.1300188336472274,0.5511684125705076,560,681,1241,0.0,-0.0008333472224535399,0.5511684125705116,0.0
118644,1.129185486424774,0.5511684125705076,560,681,1241,0.0,-0.0008333472224535399,0.5511684125705116,0.0
118645,1.1283521392023204,0.5511684125705076,560,681,1241,0.0,-0.0008333472224535399,0.5511684125705116,0.0
118646,1.1275187919798668,0.5511684125705076,560,681,1241,0.0,-0.0008333472224535399,0.5511684125705116,0.0
118647,1.1266854447574133,0.5511684125705076,560,681,1241,0.0,-0.0008333472224535399,0.5511684125705116,0.0
118648,1.1258520975349597,0.5511684125705076,560,681,1241,0.0,-0.0008333472224535399,0.5511684125705116,0.0
118649,1.1250187503125062,0.5511684125705076,560,681,1241,0.0,-0.0008333472224535399,0.5511684125705116,0.0
118650,1.1241854030900527,0.5511684125705076,560,681,1241,0.0,-0.0008333472224535399,0.5511684125705116,0.0
118651,1.1233520558675991,0.5511684125705076,560,681,1241,0.0,-0.0008333472224535399,0.5511684125705116,0.0
118652,1.1225187086451385,0.5511684125705076,560,681,1241,0.0,-0.0008333472224606453,0.5511684125705116,0.0
118653,1.121685361422685,0.5511684125705076,560,681,1241,0.0,-0.0008333472224535399,0.5511684125705116,0.0
118654,1.1208520142002314,0.5511684125705076,560,681,1241,0.0,-0.0008333472224535399,0.5511684125705116,0.0
118655,1.1200186669777779,0.5511684125705076,560,681,1241,0.0,-0.0008333472224535399,0.5511684125705116,0.0
118656,1.1191853197553243,0.5511684125705076,560,681,1241,0.0,-0.0008333472224535399,0.5511684125705116,0.0
118657,1.1183519725328708,0.5511684125705076,560,681,1241,0.0,-0.0008333472224535399,0.5511684125705116,0.0
118658,1.1175186253104172,0.5511684125705076,560,681,1241,0.0,-0.0008333472224535399,0.5511684125705116,0.0
118659,1.1166852780879637,0.5511684125705076,560,681,1241,0.0,-0.0008333472224535399,0.5511684125705116,0.0
118660,1.1158519308655102,0.5511684125705076,560,681,1241,0.0,-0.0008333472224535399,0.5511684125705116,0.0
118661,1.1150185836430566,0.5511684125705076,560,681,1241,0.0,-0.0008333472224535399,0.5511684125705116,0.0
118662,1.114185236420603,0.5511684125705076,560,681,1241,0.0,-0.0008333472224535399,0.5511684125705116,0.0
118663,1.1133518891981495,0.5511684125705076,560,681,1241,0.0,-0.0008333472224535399,0.5511684125705116,0.0
118664,1.112518541975696,0.5511684125705076,560,681,1241,0.0,-0.0008333472224535399,0.5511684125705116,0.0
118665,1.1116851947532425,0.5511684125705076,560,681,1241,0.0,-0.0008333472224535399,0.5511684125705116,0.0
118666,1.110851847530789,0.5511684125705076,560,681,1241,0.0,-0.0008333472224535399,0.5511684125705116,0.0
118667,1.1100185003083354,0.5511684125705076,560,681,1241,0.0,-0.0008333472224535399,0.5511684125705116,0.0
118668,1.1091851530858818,0.5511684125705076,560,681,1241,0.0,-0.0008333472224535399,0.5511684125705116,0.0
118669,1.1083518058634283,0.5511684125705076,560,681,1241,0.0,-0.0008333472224535399,0.5511684125705116,0.0
118670,1.1075184586409748,0.5511684125705076,560,681,1241,0.0,-0.0008333472224535399,0.5511684125705116,0.0
118671,1.1066851114185212,0.5511684125705076,560,681,1241,0.0,-0.0008333472224535399,0.5511684125705116,0.0
118672,1.1058517641960677,0.5511684125705076,560,681,1241,0.0,-0.0008333472224535399,0.5511684125705116,0.0
118673,1.1050184169736141,0.5511684125705076,560,681,1241,0.0,-0.0008333472224535399,0.5511684125705116,0.0
118674,1.1041850697511606,0.5511684125705076,560,681,1241,0.0,-0.0008333472224535399,0.5511684125705116,0.0
118675,1.103351722528707,0.5511684125705076,560,681,1241,0.0,-0.0008333472224535399,0.5511684125705116,0.0
118676,1.1025183753062535,0.5511684125705076,560,681,1241,0.0,-0.0008333472224535399,0.5511684125705116,0.0
118677,1.1016850280838,0.5511684125705076,560,681,1241,0.0,-0.0008333472224535399,0.5511684125705116,0.0
118678,1.1008516808613464,0.5511684125705076,560,681,1241,0.0,-0.0008333472224535399,0.5511684125705116,0.0
118679,1.100018333638893,0.5511684125705076,560,681,1241,0.0,-0.0008333472224535399,0.5511684125705116,0.0
118680,1.0991849864164394,0.5511684125705076,560,681,1241,0.0,-0.0008333472224535399,0.5511684125705116,0.0
118681,1.0983516391939858,0.5511684125705076,560,681,1241,0.0,-0.0008333472224535399,0.5511684125705116,0.0
118682,1.0975182919715323,0.5511684125705076,560,681,1241,0.0,-0.0008333472224535399,0.5511684125705116,0.0
118683,1.0966849447490787,0.5511684125705076,560,681,1241,0.0,-0.0008333472224535399,0.5511684125705116,0.0
118684,1.0958515975266252,0.5511684125705076,560,681,1241,0.0,-0.0008333472224535399,0.5511684125705116,0.0
118685,1.0950182503041717,0.5511684125705076,560,681,1241,0.0,-0.0008333472224535399,0.5511684125705116,0.0
118686,1.0941849030817181,0.5511684125705076,560,681,1241,0.0,-0.0008333472224535399,0.5511684125705116,0.0
118687,1.0933515558592646,0.5511684125705076,560,681,1241,0.0,-0.0008333472224535399,0.5511684125705116,0.0
118688,1.092518208636811,0.5511684125705076,560,681,1241,0.0,-0.0008333472224535399,0.5511684125705116,0.0
118689,1.0916848614143575,0.5511684125705076,560,681,1241,0.0,-0.0008333472224535399,0.5511684125705116,0.0
118690,1.090851514191904,0.5511684125705076,560,681,1241,0.0,-0.0008333472224535399,0.5511684125705116,0.0
118691,1.0900181669694504,0.5511684125705076,560,681,1241,0.0,-0.0008333472224535399,0.5511684125705116,0.0
118692,1.0891848197469969,0.5511684125705076,560,681,1241,0.0,-0.0008333472224535399,0.5511684125705116,0.0
118693,1.0883514725245433,0.5511684125705076,560,681,1241,0.0,-0.0008333472224535399,0.5511684125705116,0.0
118694,1.0875181253020898,0.5511684125705076,560,681,1241,0.0,-0.0008333472224535399,0.5511684125705116,0.0
118695,1.0866847780796292,0.5511684125705076,560,681,1241,0.0,-0.0008333472224606453,0.5511684125705116,0.0
118696,1.0858514308571756,0.5511684125705076,560,681,1241,0.0,-0.0008333472224535399,0.5511684125705116,0.0
118697,1.085018083634722,0.5511684125705076,560,681,1241,0.0,-0.0008333472224535399,0.5511684125705116,0.0
118698,1.0841847364122685,0.5511684125705076,560,681,1241,0.0,-0.0008333472224535399,0.5511684125705116,0.0
118699,1.083351389189815,0.5511684125705076,560,681,1241,0.0,-0.0008333472224535399,0.5511684125705116,0.0
118700,1.0825180419673615,0.5511684125705076,560,681,1241,0.0,-0.0008333472224535399,0.5511684125705116,0.0
118701,1.081684694744908,0.5511684125705076,560,681,1241,0.0,-0.0008333472224535399,0.5511684125705116,0.0
118702,1.0808513475224544,0.5511684125705076,560,681,1241,0.0,-0.0008333472224535399,0.5511684125705116,0.0
118703,1.0800180003000008,0.5511684125705076,560,681,1241,0.0,-0.0008333472224535399,0.5511684125705116,0.0
118704,1.0791846530775473,0.5511684125705076,560,681,1241,0.0,-0.0008333472224535399,0.5511684125705116,0.0
118705,1.0783513058550938,0.5511684125705076,560,681,1241,0.0,-0.0008333472224535399,0.5511684125705116,0.0
118706,1.0775179586326402,0.5511684125705076,560,681,1241,0.0,-0.0008333472224535399,0.5511684125705116,0.0
118707,1.0766846114101867,0.5511684125705076,560,681,1241,0.0,-0.0008333472224535399,0.5511684125705116,0.0
118708,1.0758512641877331,0.5511684125705076,560,681,1241,0.0,-0.0008333472224535399,0.5511684125705116,0.0
118709,1.0750179169652796,0.5511684125705076,560,681,1241,0.0,-0.0008333472224535399,0.5511684125705116,0.0
118710,1.074184569742826,0.5511684125705076,560,681,1241,0.0,-0.0008333472224535399,0.5511684125705116,0.0
118711,1.0733512225203725,0.5511684125705076,560,681,1241,0.0,-0.0008333472224535399,0.5511684125705116,0.0
118712,1.072517875297919,0.5511684125705076,560,681,1241,0.0,-0.0008333472224535399,0.5511684125705116,0.0
118713,1.0716845280754654,0.5511684125705076,560,681,1241,0.0,-0.0008333472224535399,0.5511684125705116,0.0
118714,1.070851180853012,0.5511684125705076,560,681,1241,0.0,-0.0008333472224535399,0.5511684125705116,0.0
118715,1.0700178336305584,0.5511684125705076,560,681,1241,0.0,-0.0008333472224535399,0.5511684125705116,0.0
118716,1.0691844864081048,0.5511684125705076,560,681,1241,0.0,-0.0008333472224535399,0.5511684125705116,0.0
118717,1.0683511391856513,0.5511684125705076,560,681,1241,0.0,-0.0008333472224535399,0.5511684125705116,0.0
118718,1.0675177919631977,0.5511684125705076,560,681,1241,0.0,-0.0008333472224535399,0.5511684125705116,0.0
118719,1.0666844447407442,0.5511684125705076,560,681,1241,0.0,-0.0008333472224535399,0.5511684125705116,0.0
118720,1.0658510975182907,0.5511684125705076,560,681,1241,0.0,-0.0008333472224535399,0.5511684125705116,0.0
118721,1.0650177502958371,0.5511684125705076,560,681,1241,0.0,-0.0008333472224535399,0.5511684125705116,0.0
118722,1.0641844030733836,0.5511684125705076,560,681,1241,0.0,-0.0008333472224535399,0.5511684125705116,0.0
118723,1.06335105585093,0.5511684125705076,560,681,1241,0.0,-0.0008333472224535399,0.5511684125705116,0.0
118724,1.0625177086284765,0.5511684125705076,560,681,1241,0.0,-0.0008333472224535399,0.5511684125705116,0.0
118725,1.061684361406023,0.5511684125705076,560,681,1241,0.0,-0.0008333472224535399,0.5511684125705116,0.0
118726,1.0608510141835694,0.5511684125705076,560,681,1241,0.0,-0.0008333472224535399,0.5511684125705116,0.0
118727,1.0600176669611159,0.5511684125705076,560,681,1241,0.0,-0.0008333472224535399,0.5511684125705116,0.0
118728,1.0591843197386623,0.5511684125705076,560,681,1241,0.0,-0.0008333472224535399,0.5511684125705116,0.0
118729,1.0583509725162088,0.5511684125705076,560,681,1241,0.0,-0.0008333472224535399,0.5511684125705116,0.0
118730,1.0575176252937553,0.5511684125705076,560,681,1241,0.0,-0.0008333472224535399,0.5511684125705116,0.0
118731,1.0566842780713017,0.5511684125705076,560,681,1241,0.0,-0.0008333472224535399,0.5511684125705116,0.0
118732,1.0558509308488482,0.5511684125705076,560,681,1241,0.0,-0.0008333472224535399,0.5511684125705116,0.0
118733,1.0550175836263946,0.5511684125705076,560,681,1241,0.0,-0.0008333472224535399,0.5511684125705116,0.0
118734,1.054184236403941,0.5511684125705076,560,681,1241,0.0,-0.0008333472224535399,0.5511684125705116,0.0
118735,1.0533508891814876,0.5511684125705076,560,681,1241,0.0,-0.0008333472224535399,0.5511684125705116,0.0
118736,1.052517541959034,0.5511684125705076,560,681,1241,0.0,-0.0008333472224535399,0.5511684125705116,0.0
118737,1.0516841947365734,0.5511684125705076,560,681,1241,0.0,-0.0008333472224606453,0.5511684125705116,0.0
118738,1.0508508475141198,0.5511684125705076,560,681,1241,0.0,-0.0008333472224535399,0.5511684125705116,0.0
118739,1.0500175002916663,0.5511684125705076,560,681,1241,0.0,-0.0008333472224535399,0.5511684125705116,0.0
118740,1.0491841530692128,0.5511684125705076,560,681,1241,0.0,-0.0008333472224535399,0.5511684125705116,0.0
118741,1.0483508058467592,0.5511684125705076,560,681,1241,0.0,-0.0008333472224535399,0.5511684125705116,0.0
118742,1.0475174586243057,0.5511684125705076,560,681,1241,0.0,-0.0008333472224535399,0.5511684125705116,0.0
118743,1.0466841114018521,0.5511684125705076,560,681,1241,0.0,-0.0008333472224535399,0.5511684125705116,0.0
118744,1.0458507641793986,0.5511684125705076,560,681,1241,0.0,-0.0008333472224535399,0.5511684125705116,0.0
118745,1.045017416956945,0.5511684125705076,560,681,1241,0.0,-0.0008333472224535399,0.5511684125705116,0.0
118746,1.0441840697344915,0.5511684125705076,560,681,1241,0.0,-0.0008333472224535399,0.5511684125705116,0.0
118747,1.043350722512038,0.5511684125705076,560,681,1241,0.0,-0.0008333472224535399,0.5511684125705116,0.0
118748,1.0425173752895844,0.5511684125705076,560,681,1241,0.0,-0.0008333472224535399,0.5511684125705116,0.0
118749,1.041684028067131,0.5511684125705076,560,681,1241,0.0,-0.0008333472224535399,0.5511684125705116,0.0
118750,1.0408506808446774,0.5511684125705076,560,681,1241,0.0,-0.0008333472224535399,0.5511684125705116,0.0
118751,1.0400173336222238,0.5511684125705076,560,681,1241,0.0,-0.0008333472224535399,0.5511684125705116,0.0
118752,1.0391839863997703,0.5511684125705076,560,681,1241,0.0,-0.0008333472224535399,0.5511684125705116,0.0
118753,1.0383506391773167,0.5511684125705076,560,681,1241,0.0,-0.0008333472224535399,0.5511684125705116,0.0
118754,1.0375172919548632,0.5511684125705076,560,681,1241,0.0,-0.0008333472224535399,0.5511684125705116,0.0
118755,1.0366839447324097,0.5511684125705076,560,681,1241,0.0,-0.0008333472224535399,0.5511684125705116,0.0
118756,1.0358505975099561,0.5511684125705076,560,681,1241,0.0,-0.0008333472224535399,0.5511684125705116,0.0
118757,1.0350172502875026,0.5511684125705076,560,681,1241,0.0,-0.0008333472224535399,0.5511684125705116,0.0
118758,1.034183903065049,0.5511684125705076,560,681,1241,0.0,-0.0008333472224535399,0.5511684125705116,0.0
118759,1.0333505558425955,0.5511684125705076,560,681,1241,0.0,-0.0008333472224535399,0.5511684125705116,0.0
118760,1.032517208620142,0.5511684125705076,560,681,1241,0.0,-0.0008333472224535399,0.5511684125705116,0.0
118761,1.0316838613976884,0.5511684125705076,560,681,1241,0.0,-0.0008333472224535399,0.5511684125705116,0.0
118762,1.0308505141752349,0.5511684125705076,560,681,1241,0.0,-0.0008333472224535399,0.5511684125705116,0.0
118763,1.0300171669527813,0.5511684125705076,560,681,1241,0.0,-0.0008333472224535399,0.5511684125705116,0.0
118764,1.0291838197303278,0.5511684125705076,560,681,1241,0.0,-0.0008333472224535399,0.5511684125705116,0.0
118765,1.0283504725078743,0.5511684125705076,560,681,1241,0.0,-0.0008333472224535399,0.5511684125705116,0.0
118766,1.0275171252854207,0.5511684125705076,560,681,1241,0.0,-0.0008333472224535399,0.5511684125705116,0.0
118767,1.0266837780629672,0.5511684125705076,560,681,1241,0.0,-0.0008333472224535399,0.5511684125705116,0.0
118768,1.0258504308405136,0.5511684125705076,560,681,1241,0.0,-0.0008333472224535399,0.5511684125705116,0.0
118769,1.02501708361806,0.5511684125705076,560,681,1241,0.0,-0.0008333472224535399,0.5511684125705116,0.0
118770,1.0241837363956066,0.5511684125705076,560,681,1241,0.0,-0.0008333472224535399,0.5511684125705116,0.0
118771,1.023350389173153,0.5511684125705076,560,681,1241,0.0,-0.0008333472224535399,0.5511684125705116,0.0
118772,1.0225170419506995,0.5519742143432715,560,681,1241,0.0008058017727639033,-0.0008333472224535399,0.5512489927477879,8.058017727639034e-05
118773,1.021683694728246,0.5519742143432715,560,681,1241,0.0,-0.0008333472224535399,0.5513295729250643,8.058017727639034e-05
118774,1.0208503475057924,0.5519742143432715,560,681,1241,0.0,-0.0008333472224535399,0.5514101531023406,8.058017727639034e-05
118775,1.0200170002833389,0.5519742143432715,560,681,1241,0.0,-0.0008333472224535399,0.5514907332796171,8.058017727639034e-05
118776,1.0191836530608853,0.5519742143432715,560,681,1241,0.0,-0.0008333472224535399,0.5515713134568934,8.058017727639034e-05
118777,1.0183503058384318,0.5519742143432715,560,681,1241,0.0,-0.0008333472224535399,0.5516518936341697,8.058017727639034e-05
118778,1.0175169586159782,0.5519742143432715,560,681,1241,0.0,-0.0008333472224535399,0.5517324738114461,8.058017727639034e-05
118779,1.0166836113935247,0.5519742143432715,560,681,1241,0.0,-0.0008333472224535399,0.5518130539887224,8.058017727639034e-05
118780,1.015850264171064,0.5519742143432715,560,681,1241,0.0,-0.0008333472224606453,0.5518936341659988,8.058017727639034e-05
118781,1.0150169169486105,0.5519742143432715,560,681,1241,0.0,-0.0008333472224535399,0.5519742143432751,8.058017727639034e-05
118782,1.014183569726157,0.5519742143432715,560,681,1241,0.0,-0.0008333472224535399,0.5519742143432751,0.0
118783,1.0133502225037034,0.5519742143432715,560,681,1241,0.0,-0.0008333472224535399,0.5519742143432751,0.0
118784,1.01251687528125,0.5519742143432715,560,681,1241,0.0,-0.0008333472224535399,0.5519742143432751,0.0
118785,1.0116835280587964,0.5519742143432715,560,681,1241,0.0,-0.0008333472224535399,0.5519742143432751,0.0
118786,1.0108501808363428,0.5519742143432715,560,681,1241,0.0,-0.0008333472224535399,0.5519742143432751,0.0
118787,1.0100168336138893,0.5519742143432715,560,681,1241,0.0,-0.0008333472224535399,0.5519742143432751,0.0
118788,1.0091834863914357,0.5519742143432715,560,681,1241,0.0,-0.0008333472224535399,0.5519742143432751,0.0
118789,1.0083501391689822,0.5519742143432715,560,681,1241,0.0,-0.0008333472224535399,0.5519742143432751,0.0
118790,1.0075167919465287,0.5519742143432715,560,681,1241,0.0,-0.0008333472224535399,0.5519742143432751,0.0
118791,1.0066834447240751,0.5519742143432715,560,681,1241,0.0,-0.0008333472224535399,0.5519742143432751,0.0
118792,1.0058500975016216,0.5519742143432715,560,681,1241,0.0,-0.0008333472224535399,0.5519742143432751,0.0
118793,1.005016750279168,0.5519742143432715,560,681,1241,0.0,-0.0008333472224535399,0.5519742143432751,0.0
118794,1.0041834030567145,0.5519742143432715,560,681,1241,0.0,-0.0008333472224535399,0.5519742143432751,0.0
118795,1.003350055834261,0.5519742143432715,560,681,1241,0.0,-0.0008333472224535399,0.5519742143432751,0.0
118796,1.0025167086118074,0.5519742143432715,560,681,1241,0.0,-0.0008333472224535399,0.5519742143432751,0.0
118797,1.0016833613893539,0.5519742143432715,560,681,1241,0.0,-0.0008333472224535399,0.5519742143432751,0.0
118798,1.0008500141669003,0.5519742143432715,560,681,1241,0.0,-0.0008333472224535399,0.5519742143432751,0.0
118799,1.0000166669444468,0.5519742143432715,560,681,1241,0.0,-0.0008333472224535399,0.5519742143432751,0.0
118800,0.9991833197219933,0.5519742143432715,560,681,1241,0.0,-0.0008333472224535399,0.5519742143432751,0.0
118801,0.9983499724995397,0.5519742143432715,560,681,1241,0.0,-0.0008333472224535399,0.5519742143432751,0.0
118802,0.9975166252770862,0.5519742143432715,560,681,1241,0.0,-0.0008333472224535399,0.5519742143432751,0.0
118803,0.9966832780546326,0.5519742143432715,560,681,1241,0.0,-0.0008333472224535399,0.5519742143432751,0.0
118804,0.9958499308321791,0.5519742143432715,560,681,1241,0.0,-0.0008333472224535399,0.5519742143432751,0.0
118805,0.9950165836097256,0.5519742143432715,560,681,1241,0.0,-0.0008333472224535399,0.5519742143432751,0.0
118806,0.994183236387272,0.5519742143432715,560,681,1241,0.0,-0.0008333472224535399,0.5519742143432751,0.0
118807,0.9933498891648185,0.5519742143432715,560,681,1241,0.0,-0.0008333472224535399,0.5519742143432751,0.0
118808,0.9925165419423649,0.5519742143432715,560,681,1241,0.0,-0.0008333472224535399,0.5519742143432751,0.0
118809,0.9916831947199114,0.5519742143432715,560,681,1241,0.0,-0.0008333472224535399,0.5519742143432751,0.0
118810,0.9908498474974579,0.5519742143432715,560,681,1241,0.0,-0.0008333472224535399,0.5519742143432751,0.0
118811,0.9900165002750043,0.5519742143432715,560,681,1241,0.0,-0.0008333472224535399,0.5519742143432751,0.0
118812,0.9891831530525508,0.5519742143432715,560,681,1241,0.0,-0.0008333472224535399,0.5519742143432751,0.0
118813,0.9883498058300972,0.5519742143432715,560,681,1241,0.0,-0.0008333472224535399,0.5519742143432751,0.0
118814,0.9875164586076437,0.5519742143432715,560,681,1241,0.0,-0.0008333472224535399,0.5519742143432751,0.0
118815,0.9866831113851902,0.5519742143432715,560,681,1241,0.0,-0.0008333472224535399,0.5519742143432751,0.0
118816,0.9858497641627366,0.5511684125705076,560,681,1241,-0.0008058017727639033,-0.0008333472224535399,0.5518936341659988,-8.058017727639034e-05
118817,0.9850164169402831,0.5511684125705076,560,681,1241,0.0,-0.0008333472224535399,0.5518130539887224,-8.058017727639034e-05
118818,0.9841830697178295,0.5511684125705076,560,681,1241,0.0,-0.0008333472224535399,0.5517324738114461,-8.058017727639034e-05
118819,0.983349722495376,0.5511684125705076,560,681,1241,0.0,-0.0008333472224535399,0.5516518936341697,-8.058017727639034e-05
118820,0.9825163752729225,0.5511684125705076,560,681,1241,0.0,-0.0008333472224535399,0.5515713134568934,-8.058017727639034e-05
118821,0.9816830280504689,0.5511684125705076,560,681,1241,0.0,-0.0008333472224535399,0.5514907332796171,-8.058017727639034e-05
118822,0.9808496808280083,0.5511684125705076,560,681,1241,0.0,-0.0008333472224606453,0.5514101531023406,-8.058017727639034e-05
118823,0.9800163336055547,0.5511684125705076,560,681,1241,0.0,-0.0008333472224535399,0.5513295729250643,-8.058017727639034e-05
118824,0.9791829863831012,0.5511684125705076,560,681,1241,0.0,-0.0008333472224535399,0.5512489927477879,-8.058017727639034e-05
118825,0.9783496391606477,0.5511684125705076,560,681,1241,0.0,-0.0008333472224535399,0.5511684125705116,-8.058017727639034e-05
118826,0.9775162919381941,0.5511684125705076,560,681,1241,0.0,-0.0008333472224535399,0.5511684125705116,0.0
118827,0.9766829447157406,0.5511684125705076,560,681,1241,0.0,-0.0008333472224535399,0.5511684125705116,0.0
118828,0.975849597493287,0.5511684125705076,560,681,1241,0.0,-0.0008333472224535399,0.5511684125705116,0.0
118829,0.9750162502708335,0.5511684125705076,560,681,1241,0.0,-0.0008333472224535399,0.5511684125705116,0.0
118830,0.97418290304838,0.5511684125705076,560,681,1241,0.0,-0.0008333472224535399,0.5511684125705116,0.0
118831,0.9733495558259264,0.5511684125705076,560,681,1241,0.0,-0.0008333472224535399,0.5511684125705116,0.0
118832,0.9725162086034729,0.5511684125705076,560,681,1241,0.0,-0.0008333472224535399,0.5511684125705116,0.0
118833,0.9716828613810193,0.5511684125705076,560,681,1241,0.0,-0.0008333472224535399,0.5511684125705116,0.0
118834,0.9708495141585658,0.5511684125705076,560,681,1241,0.0,-0.0008333472224535399,0.5511684125705116,0.0
118835,0.9700161669361123,0.5511684125705076,560,681,1241,0.0,-0.0008333472224535399,0.5511684125705116,0.0
118836,0.9691828197136587,0.5511684125705076,560,681,1241,0.0,-0.0008333472224535399,0.5511684125705116,0.0
118837,0.9683494724912052,0.5511684125705076,560,681,1241,0.0,-0.0008333472224535399,0.5511684125705116,0.0
118838,0.9675161252687516,0.5511684125705076,560,681,1241,0.0,-0.0008333472224535399,0.5511684125705116,0.0
118839,0.9666827780462981,0.5511684125705076,560,681,1241,0.0,-0.0008333472224535399,0.5511684125705116,0.0
118840,0.9658494308238446,0.5511684125705076,560,681,1241,0.0,-0.0008333472224535399,0.5511684125705116,0.0
118841,0.965016083601391,0.5511684125705076,560,681,1241,0.0,-0.0008333472224535399,0.5511684125705116,0.0
118842,0.9641827363789375,0.5511684125705076,560,681,1241,0.0,-0.0008333472224535399,0.5511684125705116,0.0
118843,0.9633493891564839,0.5511684125705076,560,681,1241,0.0,-0.0008333472224535399,0.5511684125705116,0.0
118844,0.9625160419340304,0.5511684125705076,560,681,1241,0.0,-0.0008333472224535399,0.5511684125705116,0.0
118845,0.9616826947115769,0.5511684125705076,560,681,1241,0.0,-0.0008333472224535399,0.5511684125705116,0.0
118846,0.9608493474891233,0.5511684125705076,560,681,1241,0.0,-0.0008333472224535399,0.5511684125705116,0.0
118847,0.9600160002666698,0.5511684125705076,560,681,1241,0.0,-0.0008333472224535399,0.5511684125705116,0.0
118848,0.9591826530442162,0.5511684125705076,560,681,1241,0.0,-0.0008333472224535399,0.5511684125705116,0.0
118849,0.9583493058217627,0.5511684125705076,560,681,1241,0.0,-0.0008333472224535399,0.5511684125705116,0.0
118850,0.9575159585993092,0.5511684125705076,560,681,1241,0.0,-0.0008333472224535399,0.5511684125705116,0.0
118851,0.9566826113768556,0.5511684125705076,560,681,1241,0.0,-0.0008333472224535399,0.5511684125705116,0.0
118852,0.9558492641544021,0.5511684125705076,560,681,1241,0.0,-0.0008333472224535399,0.5511684125705116,0.0
118853,0.9550159169319485,0.5511684125705076,560,681,1241,0.0,-0.0008333472224535399,0.5511684125705116,0.0
118854,0.954182569709495,0.5511684125705076,560,681,1241,0.0,-0.0008333472224535399,0.5511684125705116,0.0
118855,0.9533492224870415,0.5511684125705076,560,681,1241,0.0,-0.0008333472224535399,0.5511684125705116,0.0
118856,0.9525158752645879,0.5511684125705076,560,681,1241,0.0,-0.0008333472224535399,0.5511684125705116,0.0
118857,0.9516825280421344,0.5511684125705076,560,681,1241,0.0,-0.0008333472224535399,0.5511684125705116,0.0
118858,0.9508491808196808,0.5511684125705076,560,681,1241,0.0,-0.0008333472224535399,0.5511684125705116,0.0
118859,0.9500158335972273,0.5511684125705076,560,681,1241,0.0,-0.0008333472224535399,0.5511684125705116,0.0
118860,0.9491824863747738,0.5511684125705076,560,681,1241,0.0,-0.0008333472224535399,0.5511684125705116,0.0
118861,0.9483491391523202,0.5511684125705076,560,681,1241,0.0,-0.0008333472224535399,0.5511684125705116,0.0
118862,0.9475157919298667,0.5511684125705076,560,681,1241,0.0,-0.0008333472224535399,0.5511684125705116,0.0
118863,0.9466824447074131,0.5511684125705076,560,681,1241,0.0,-0.0008333472224535399,0.5511684125705116,0.0
118864,0.9458490974849525,0.5511684125705076,560,681,1241,0.0,-0.0008333472224606453,0.5511684125705116,0.0
118865,0.945015750262499,0.5511684125705076,560,681,1241,0.0,-0.0008333472224535399,0.5511684125705116,0.0
118866,0.9441824030400454,0.5511684125705076,560,681,1241,0.0,-0.0008333472224535399,0.5511684125705116,0.0
118867,0.9433490558175919,0.5511684125705076,560,681,1241,0.0,-0.0008333472224535399,0.5511684125705116,0.0
118868,0.9425157085951383,0.5511684125705076,560,681,1241,0.0,-0.0008333472224535399,0.5511684125705116,0.0
118869,0.9416823613726848,0.5511684125705076,560,681,1241,0.0,-0.0008333472224535399,0.5511684125705116,0.0
118870,0.9408490141502313,0.5511684125705076,560,681,1241,0.0,-0.0008333472224535399,0.5511684125705116,0.0
118871,0.9400156669277777,0.5511684125705076,560,681,1241,0.0,-0.0008333472224535399,0.5511684125705116,0.0
118872,0.9391823197053242,0.5511684125705076,560,681,1241,0.0,-0.0008333472224535399,0.5511684125705116,0.0
118873,0.9383489724828706,0.5511684125705076,560,681,1241,0.0,-0.0008333472224535399,0.5511684125705116,0.0
118874,0.9375156252604171,0.5511684125705076,560,681,1241,0.0,-0.0008333472224535399,0.5511684125705116,0.0
118875,0.9366822780379636,0.5511684125705076,560,681,1241,0.0,-0.0008333472224535399,0.5511684125705116,0.0
118876,0.93584893081551,0.5511684125705076,560,681,1241,0.0,-0.0008333472224535399,0.5511684125705116,0.0
118877,0.9350155835930565,0.5511684125705076,560,681,1241,0.0,-0.0008333472224535399,0.5511684125705116,0.0
118878,0.9341822363706029,0.5511684125705076,560,681,1241,0.0,-0.0008333472224535399,0.5511684125705116,0.0
118879,0.9333488891481494,0.5511684125705076,560,681,1241,0.0,-0.0008333472224535399,0.5511684125705116,0.0
118880,0.9325155419256959,0.5511684125705076,560,681,1241,0.0,-0.0008333472224535399,0.5511684125705116,0.0
118881,0.9316821947032423,0.5511684125705076,560,681,1241,0.0,-0.0008333472224535399,0.5511684125705116,0.0
118882,0.9308488474807888,0.5511684125705076,560,681,1241,0.0,-0.0008333472224535399,0.5511684125705116,0.0
118883,0.9300155002583352,0.5511684125705076,560,681,1241,0.0,-0.0008333472224535399,0.5511684125705116,0.0
118884,0.9291821530358817,0.5511684125705076,560,681,1241,0.0,-0.0008333472224535399,0.5511684125705116,0.0
118885,0.9283488058134282,0.5511684125705076,560,681,1241,0.0,-0.0008333472224535399,0.5511684125705116,0.0
118886,0.9275154585909746,0.5511684125705076,560,681,1241,0.0,-0.0008333472224535399,0.5511684125705116,0.0
118887,0.9266821113685211,0.5511684125705076,560,681,1241,0.0,-0.0008333472224535399,0.5511684125705116,0.0
118888,0.9258487641460675,0.5511684125705076,560,681,1241,0.0,-0.0008333472224535399,0.5511684125705116,0.0
118889,0.925015416923614,0.5511684125705076,560,681,1241,0.0,-0.0008333472224535399,0.5511684125705116,0.0
118890,0.9241820697011605,0.5511684125705076,560,681,1241,0.0,-0.0008333472224535399,0.5511684125705116,0.0
118891,0.9233487224787069,0.5511684125705076,560,681,1241,0.0,-0.0008333472224535399,0.5511684125705116,0.0
118892,0.9225153752562534,0.5511684125705076,560,681,1241,0.0,-0.0008333472224535399,0.5511684125705116,0.0
118893,0.9216820280337998,0.5511684125705076,560,681,1241,0.0,-0.0008333472224535399,0.5511684125705116,0.0
118894,0.9208486808113463,0.5511684125705076,560,681,1241,0.0,-0.0008333472224535399,0.5511684125705116,0.0
118895,0.9200153335888928,0.5511684125705076,560,681,1241,0.0,-0.0008333472224535399,0.5511684125705116,0.0
118896,0.9191819863664392,0.5511684125705076,560,681,1241,0.0,-0.0008333472224535399,0.5511684125705116,0.0
118897,0.9183486391439857,0.5511684125705076,560,681,1241,0.0,-0.0008333472224535399,0.5511684125705116,0.0
118898,0.9175152919215321,0.5511684125705076,560,681,1241,0.0,-0.0008333472224535399,0.5511684125705116,0.0
118899,0.9166819446990786,0.5511684125705076,560,681,1241,0.0,-0.0008333472224535399,0.5511684125705116,0.0
118900,0.9158485974766251,0.5511684125705076,560,681,1241,0.0,-0.0008333472224535399,0.5511684125705116,0.0
118901,0.9150152502541715,0.5511684125705076,560,681,1241,0.0,-0.0008333472224535399,0.5511684125705116,0.0
118902,0.914181903031718,0.5511684125705076,560,681,1241,0.0,-0.0008333472224535399,0.5511684125705116,0.0
118903,0.9133485558092644,0.5511684125705076,560,681,1241,0.0,-0.0008333472224535399,0.5511684125705116,0.0
118904,0.9125152085868109,0.5511684125705076,560,681,1241,0.0,-0.0008333472224535399,0.5511684125705116,0.0
118905,0.9116818613643574,0.5511684125705076,560,681,1241,0.0,-0.0008333472224535399,0.5511684125705116,0.0
118906,0.9108485141419038,0.5511684125705076,560,681,1241,0.0,-0.0008333472224535399,0.5511684125705116,0.0
118907,0.9100151669194432,0.5511684125705076,560,681,1241,0.0,-0.0008333472224606453,0.5511684125705116,0.0
118908,0.9091818196969896,0.5511684125705076,560,681,1241,0.0,-0.0008333472224535399,0.5511684125705116,0.0
118909,0.9083484724745361,0.5511684125705076,560,681,1241,0.0,-0.0008333472224535399,0.5511684125705116,0.0
118910,0.9075151252520826,0.5511684125705076,560,681,1241,0.0,-0.0008333472224535399,0.5511684125705116,0.0
118911,0.906681778029629,0.5511684125705076,560,681,1241,0.0,-0.0008333472224535399,0.5511684125705116,0.0
118912,0.9058484308071755,0.5511684125705076,560,681,1241,0.0,-0.0008333472224535399,0.5511684125705116,0.0
118913,0.9050150835847219,0.5511684125705076,560,681,1241,0.0,-0.0008333472224535399,0.5511684125705116,0.0
118914,0.9041817363622684,0.5511684125705076,560,681,1241,0.0,-0.0008333472224535399,0.5511684125705116,0.0
118915,0.9033483891398149,0.5511684125705076,560,681,1241,0.0,-0.0008333472224535399,0.5511684125705116,0.0
118916,0.9025150419173613,0.5511684125705076,560,681,1241,0.0,-0.0008333472224535399,0.5511684125705116,0.0
118917,0.9016816946949078,0.5511684125705076,560,681,1241,0.0,-0.0008333472224535399,0.5511684125705116,0.0
118918,0.9008483474724542,0.5511684125705076,560,681,1241,0.0,-0.0008333472224535399,0.5511684125705116,0.0
118919,0.9000150002500007,0.5511684125705076,560,681,1241,0.0,-0.0008333472224535399,0.5511684125705116,0.0
118920,0.8991816530275472,0.5511684125705076,560,681,1241,0.0,-0.0008333472224535399,0.5511684125705116,0.0
118921,0.8983483058050936,0.5511684125705076,560,681,1241,0.0,-0.0008333472224535399,0.5511684125705116,0.0
118922,0.8975149585826401,0.5511684125705076,560,681,1241,0.0,-0.0008333472224535399,0.5511684125705116,0.0
118923,0.8966816113601865,0.5511684125705076,560,681,1241,0.0,-0.0008333472224535399,0.5511684125705116,0.0
118924,0.895848264137733,0.5511684125705076,560,681,1241,0.0,-0.0008333472224535399,0.5511684125705116,0.0
118925,0.8950149169152795,0.5511684125705076,560,681,1241,0.0,-0.0008333472224535399,0.5511684125705116,0.0
118926,0.8941815696928259,0.5511684125705076,560,681,1241,0.0,-0.0008333472224535399,0.5511684125705116,0.0
118927,0.8933482224703724,0.5511684125705076,560,681,1241,0.0,-0.0008333472224535399,0.5511684125705116,0.0
118928,0.8925148752479188,0.5511684125705076,560,681,1241,0.0,-0.0008333472224535399,0.5511684125705116,0.0
118929,0.8916815280254653,0.5511684125705076,560,681,1241,0.0,-0.0008333472224535399,0.5511684125705116,0.0
118930,0.8908481808030118,0.5511684125705076,560,681,1241,0.0,-0.0008333472224535399,0.5511684125705116,0.0
118931,0.8900148335805582,0.5511684125705076,560,681,1241,0.0,-0.0008333472224535399,0.5511684125705116,0.0
118932,0.8891814863581047,0.5511684125705076,560,681,1241,0.0,-0.0008333472224535399,0.5511684125705116,0.0
118933,0.8883481391356511,0.5511684125705076,560,681,1241,0.0,-0.0008333472224535399,0.5511684125705116,0.0
118934,0.8875147919131976,0.5511684125705076,560,681,1241,0.0,-0.0008333472224535399,0.5511684125705116,0.0
118935,0.8866814446907441,0.5511684125705076,560,681,1241,0.0,-0.0008333472224535399,0.5511684125705116,0.0
118936,0.8858480974682905,0.5511684125705076,560,681,1241,0.0,-0.0008333472224535399,0.5511684125705116,0.0
118937,0.885014750245837,0.5511684125705076,560,681,1241,0.0,-0.0008333472224535399,0.5511684125705116,0.0
118938,0.8841814030233834,0.5511684125705076,560,681,1241,0.0,-0.0008333472224535399,0.5511684125705116,0.0
118939,0.8833480558009299,0.5511684125705076,560,681,1241,0.0,-0.0008333472224535399,0.5511684125705116,0.0
118940,0.8825147085784764,0.5519742143432715,560,681,1241,0.0008058017727639033,-0.0008333472224535399,0.5512489927477879,8.058017727639034e-05
118941,0.8816813613560228,0.5519742143432715,560,681,1241,0.0,-0.0008333472224535399,0.5513295729250643,8.058017727639034e-05
118942,0.8808480141335693,0.5519742143432715,560,681,1241,0.0,-0.0008333472224535399,0.5514101531023406,8.058017727639034e-05
118943,0.8800146669111157,0.5519742143432715,560,681,1241,0.0,-0.0008333472224535399,0.5514907332796171,8.058017727639034e-05
118944,0.8791813196886622,0.5519742143432715,560,681,1241,0.0,-0.0008333472224535399,0.5515713134568934,8.058017727639034e-05
118945,0.8783479724662087,0.5519742143432715,560,681,1241,0.0,-0.0008333472224535399,0.5516518936341697,8.058017727639034e-05
118946,0.8775146252437551,0.5519742143432715,560,681,1241,0.0,-0.0008333472224535399,0.5517324738114461,8.058017727639034e-05
118947,0.8766812780213016,0.5519742143432715,560,681,1241,0.0,-0.0008333472224535399,0.5518130539887224,8.058017727639034e-05
118948,0.875847930798848,0.5519742143432715,560,681,1241,0.0,-0.0008333472224535399,0.5518936341659988,8.058017727639034e-05
118949,0.8750145835763874,0.5519742143432715,560,681,1241,0.0,-0.0008333472224606453,0.5519742143432751,8.058017727639034e-05
118950,0.8741812363539339,0.5519742143432715,560,681,1241,0.0,-0.0008333472224535399,0.5519742143432751,0.0
118951,0.8733478891314803,0.5519742143432715,560,681,1241,0.0,-0.0008333472224535399,0.5519742143432751,0.0
118952,0.8725145419090268,0.5519742143432715,560,681,1241,0.0,-0.0008333472224535399,0.5519742143432751,0.0
118953,0.8716811946865732,0.5519742143432715,560,681,1241,0.0,-0.0008333472224535399,0.5519742143432751,0.0
118954,0.8708478474641197,0.5519742143432715,560,681,1241,0.0,-0.0008333472224535399,0.5519742143432751,0.0
118955,0.8700145002416662,0.5519742143432715,560,681,1241,0.0,-0.0008333472224535399,0.5519742143432751,0.0
118956,0.8691811530192126,0.5519742143432715,560,681,1241,0.0,-0.0008333472224535399,0.5519742143432751,0.0
118957,0.8683478057967591,0.5519742143432715,560,681,1241,0.0,-0.0008333472224535399,0.5519742143432751,0.0
118958,0.8675144585743055,0.5519742143432715,560,681,1241,0.0,-0.0008333472224535399,0.5519742143432751,0.0
118959,0.866681111351852,0.5519742143432715,560,681,1241,0.0,-0.0008333472224535399,0.5519742143432751,0.0
118960,0.8658477641293985,0.5519742143432715,560,681,1241,0.0,-0.0008333472224535399,0.5519742143432751,0.0
118961,0.8650144169069449,0.5519742143432715,560,681,1241,0.0,-0.0008333472224535399,0.5519742143432751,0.0
118962,0.8641810696844914,0.5511684125705076,560,681,1241,-0.0008058017727639033,-0.0008333472224535399,0.5518936341659988,-8.058017727639034e-05
118963,0.8633477224620378,0.5511684125705076,560,681,1241,0.0,-0.0008333472224535399,0.5518130539887224,-8.058017727639034e-05
118964,0.8625143752395843,0.5511684125705076,560,681,1241,0.0,-0.0008333472224535399,0.5517324738114461,-8.058017727639034e-05
118965,0.8616810280171308,0.5511684125705076,560,681,1241,0.0,-0.0008333472224535399,0.5516518936341697,-8.058017727639034e-05
118966,0.8608476807946772,0.5511684125705076,560,681,1241,0.0,-0.0008333472224535399,0.5515713134568934,-8.058017727639034e-05
118967,0.8600143335722237,0.5511684125705076,560,681,1241,0.0,-0.0008333472224535399,0.5514907332796171,-8.058017727639034e-05
118968,0.8591809863497701,0.5511684125705076,560,681,1241,0.0,-0.0008333472224535399,0.5514101531023406,-8.058017727639034e-05
118969,0.8583476391273166,0.5511684125705076,560,681,1241,0.0,-0.0008333472224535399,0.5513295729250643,-8.058017727639034e-05
118970,0.8575142919048631,0.5511684125705076,560,681,1241,0.0,-0.0008333472224535399,0.5512489927477879,-8.058017727639034e-05
118971,0.8566809446824095,0.5511684125705076,560,681,1241,0.0,-0.0008333472224535399,0.5511684125705116,-8.058017727639034e-05
118972,0.855847597459956,0.5511684125705076,560,681,1241,0.0,-0.0008333472224535399,0.5511684125705116,0.0
118973,0.8550142502375024,0.5511684125705076,560,681,1241,0.0,-0.0008333472224535399,0.5511684125705116,0.0
118974,0.8541809030150489,0.5511684125705076,560,681,1241,0.0,-0.0008333472224535399,0.5511684125705116,0.0
118975,0.8533475557925954,0.5511684125705076,560,681,1241,0.0,-0.0008333472224535399,0.5511684125705116,0.0
118976,0.8525142085701418,0.5511684125705076,560,681,1241,0.0,-0.0008333472224535399,0.5511684125705116,0.0
118977,0.8516808613476883,0.5511684125705076,560,681,1241,0.0,-0.0008333472224535399,0.5511684125705116,0.0
118978,0.8508475141252347,0.5511684125705076,560,681,1241,0.0,-0.0008333472224535399,0.5511684125705116,0.0
118979,0.8500141669027812,0.5511684125705076,560,681,1241,0.0,-0.0008333472224535399,0.5511684125705116,0.0
118980,0.8491808196803277,0.5511684125705076,560,681,1241,0.0,-0.0008333472224535399,0.5511684125705116,0.0
118981,0.8483474724578741,0.5511684125705076,560,681,1241,0.0,-0.0008333472224535399,0.5511684125705116,0.0
118982,0.8475141252354206,0.5511684125705076,560,681,1241,0.0,-0.0008333472224535399,0.5511684125705116,0.0
118983,0.846680778012967,0.5511684125705076,560,681,1241,0.0,-0.0008333472224535399,0.5511684125705116,0.0
118984,0.8458474307905135,0.5511684125705076,560,681,1241,0.0,-0.0008333472224535399,0.5511684125705116,0.0
118985,0.84501408356806,0.5511684125705076,560,681,1241,0.0,-0.0008333472224535399,0.5511684125705116,0.0
118986,0.8441807363456064,0.5511684125705076,560,681,1241,0.0,-0.0008333472224535399,0.5511684125705116,0.0
118987,0.8433473891231529,0.5511684125705076,560,681,1241,0.0,-0.0008333472224535399,0.5511684125705116,0.0
118988,0.8425140419006993,0.5511684125705076,560,681,1241,0.0,-0.0008333472224535399,0.5511684125705116,0.0
118989,0.8416806946782458,0.5511684125705076,560,681,1241,0.0,-0.0008333472224535399,0.5511684125705116,0.0
118990,0.8408473474557923,0.5511684125705076,560,681,1241,0.0,-0.0008333472224535399,0.5511684125705116,0.0
118991,0.8400140002333316,0.5511684125705076,560,681,1241,0.0,-0.0008333472224606453,0.5511684125705116,0.0
118992,0.8391806530108781,0.5511684125705076,560,681,1241,0.0,-0.0008333472224535399,0.5511684125705116,0.0
118993,0.8383473057884245,0.5511684125705076,560,681,1241,0.0,-0.0008333472224535399,0.5511684125705116,0.0
118994,0.837513958565971,0.5511684125705076,560,681,1241,0.0,-0.0008333472224535399,0.5511684125705116,0.0
118995,0.8366806113435175,0.5511684125705076,560,681,1241,0.0,-0.0008333472224535399,0.5511684125705116,0.0
118996,0.8358472641210639,0.5511684125705076,560,681,1241,0.0,-0.0008333472224535399,0.5511684125705116,0.0
118997,0.8350139168986104,0.5511684125705076,560,681,1241,0.0,-0.0008333472224535399,0.5511684125705116,0.0
118998,0.8341805696761568,0.5511684125705076,560,681,1241,0.0,-0.0008333472224535399,0.5511684125705116,0.0
118999,0.8333472224537033,0.5511684125705076,560,681,1241,0.0,-0.0008333472224535399,0.5511684125705116,0.0
119000,0.8325138752312498,0.5511684125705076,560,681,1241,0.0,-0.0008333472224535399,0.5511684125705116,0.0
119001,0.8316805280087962,0.5511684125705076,560,681,1241,0.0,-0.0008333472224535399,0.5511684125705116,0.0
119002,0.8308471807863427,0.5511684125705076,560,681,1241,0.0,-0.0008333472224535399,0.5511684125705116,0.0
119003,0.8300138335638891,0.5511684125705076,560,681,1241,0.0,-0.0008333472224535399,0.5511684125705116,0.0
119004,0.8291804863414356,0.5511684125705076,560,681,1241,0.0,-0.0008333472224535399,0.5511684125705116,0.0
119005,0.8283471391189821,0.5511684125705076,560,681,1241,0.0,-0.0008333472224535399,0.5511684125705116,0.0
119006,0.8275137918965285,0.5511684125705076,560,681,1241,0.0,-0.0008333472224535399,0.5511684125705116,0.0
119007,0.826680444674075,0.5511684125705076,560,681,1241,0.0,-0.0008333472224535399,0.5511684125705116,0.0
119008,0.8258470974516214,0.5511684125705076,560,681,1241,0.0,-0.0008333472224535399,0.5511684125705116,0.0
119009,0.8250137502291679,0.5511684125705076,560,681,1241,0.0,-0.0008333472224535399,0.5511684125705116,0.0
119010,0.8241804030067144,0.5511684125705076,560,681,1241,0.0,-0.0008333472224535399,0.5511684125705116,0.0
119011,0.8233470557842608,0.5511684125705076,560,681,1241,0.0,-0.0008333472224535399,0.5511684125705116,0.0
119012,0.8225137085618073,0.5511684125705076,560,681,1241,0.0,-0.0008333472224535399,0.5511684125705116,0.0
119013,0.8216803613393537,0.5511684125705076,560,681,1241,0.0,-0.0008333472224535399,0.5511684125705116,0.0
119014,0.8208470141169002,0.5511684125705076,560,681,1241,0.0,-0.0008333472224535399,0.5511684125705116,0.0
119015,0.8200136668944467,0.5511684125705076,560,681,1241,0.0,-0.0008333472224535399,0.5511684125705116,0.0
119016,0.8191803196719931,0.5511684125705076,560,681,1241,0.0,-0.0008333472224535399,0.5511684125705116,0.0
119017,0.8183469724495396,0.5511684125705076,560,681,1241,0.0,-0.0008333472224535399,0.5511684125705116,0.0
119018,0.817513625227086,0.5511684125705076,560,681,1241,0.0,-0.0008333472224535399,0.5511684125705116,0.0
119019,0.8166802780046325,0.5511684125705076,560,681,1241,0.0,-0.0008333472224535399,0.5511684125705116,0.0
119020,0.815846930782179,0.5511684125705076,560,681,1241,0.0,-0.0008333472224535399,0.5511684125705116,0.0
119021,0.8150135835597254,0.5511684125705076,560,681,1241,0.0,-0.0008333472224535399,0.5511684125705116,0.0
119022,0.8141802363372719,0.5511684125705076,560,681,1241,0.0,-0.0008333472224535399,0.5511684125705116,0.0
119023,0.8133468891148183,0.5511684125705076,560,681,1241,0.0,-0.0008333472224535399,0.5511684125705116,0.0
119024,0.8125135418923648,0.5511684125705076,560,681,1241,0.0,-0.0008333472224535399,0.5511684125705116,0.0
119025,0.8116801946699113,0.5511684125705076,560,681,1241,0.0,-0.0008333472224535399,0.5511684125705116,0.0
119026,0.8108468474474577,0.5511684125705076,560,681,1241,0.0,-0.0008333472224535399,0.5511684125705116,0.0
119027,0.8100135002250042,0.5511684125705076,560,681,1241,0.0,-0.0008333472224535399,0.5511684125705116,0.0
119028,0.8091801530025506,0.5511684125705076,560,681,1241,0.0,-0.0008333472224535399,0.5511684125705116,0.0
119029,0.8083468057800971,0.5511684125705076,560,681,1241,0.0,-0.0008333472224535399,0.5511684125705116,0.0
119030,0.8075134585576436,0.5511684125705076,560,681,1241,0.0,-0.0008333472224535399,0.5511684125705116,0.0
119031,0.80668011133519,0.5511684125705076,560,681,1241,0.0,-0.0008333472224535399,0.5511684125705116,0.0
119032,0.8058467641127365,0.5511684125705076,560,681,1241,0.0,-0.0008333472224535399,0.5511684125705116,0.0
119033,0.8050134168902829,0.5511684125705076,560,681,1241,0.0,-0.0008333472224535399,0.5511684125705116,0.0
119034,0.8041800696678223,0.5511684125705076,560,681,1241,0.0,-0.0008333472224606453,0.5511684125705116,0.0
119035,0.8033467224453688,0.5511684125705076,560,681,1241,0.0,-0.0008333472224535399,0.5511684125705116,0.0
119036,0.8025133752229152,0.5511684125705076,560,681,1241,0.0,-0.0008333472224535399,0.5511684125705116,0.0
119037,0.8016800280004617,0.5511684125705076,560,681,1241,0.0,-0.0008333472224535399,0.5511684125705116,0.0
119038,0.8008466807780081,0.5511684125705076,560,681,1241,0.0,-0.0008333472224535399,0.5511684125705116,0.0
119039,0.8000133335555546,0.5511684125705076,560,681,1241,0.0,-0.0008333472224535399,0.5511684125705116,0.0
119040,0.7991799863331011,0.5511684125705076,560,681,1241,0.0,-0.0008333472224535399,0.5511684125705116,0.0
119041,0.7983466391106475,0.5511684125705076,560,681,1241,0.0,-0.0008333472224535399,0.5511684125705116,0.0
119042,0.797513291888194,0.5511684125705076,560,681,1241,0.0,-0.0008333472224535399,0.5511684125705116,0.0
119043,0.7966799446657404,0.5511684125705076,560,681,1241,0.0,-0.0008333472224535399,0.5511684125705116,0.0
119044,0.7958465974432869,0.5511684125705076,560,681,1241,0.0,-0.0008333472224535399,0.5511684125705116,0.0
119045,0.7950132502208334,0.5511684125705076,560,681,1241,0.0,-0.0008333472224535399,0.5511684125705116,0.0
119046,0.7941799029983798,0.5511684125705076,560,681,1241,0.0,-0.0008333472224535399,0.5511684125705116,0.0
119047,0.7933465557759263,0.5511684125705076,560,681,1241,0.0,-0.0008333472224535399,0.5511684125705116,0.0
119048,0.7925132085534727,0.5511684125705076,560,681,1241,0.0,-0.0008333472224535399,0.5511684125705116,0.0
119049,0.7916798613310192,0.5511684125705076,560,681,1241,0.0,-0.0008333472224535399,0.5511684125705116,0.0
119050,0.7908465141085657,0.5511684125705076,560,681,1241,0.0,-0.0008333472224535399,0.5511684125705116,0.0
119051,0.7900131668861121,0.5511684125705076,560,681,1241,0.0,-0.0008333472224535399,0.5511684125705116,0.0
119052,0.7891798196636586,0.5511684125705076,560,681,1241,0.0,-0.0008333472224535399,0.5511684125705116,0.0
119053,0.788346472441205,0.5511684125705076,560,681,1241,0.0,-0.0008333472224535399,0.5511684125705116,0.0
119054,0.7875131252187515,0.5511684125705076,560,681,1241,0.0,-0.0008333472224535399,0.5511684125705116,0.0
119055,0.786679777996298,0.5511684125705076,560,681,1241,0.0,-0.0008333472224535399,0.5511684125705116,0.0
119056,0.7858464307738444,0.5511684125705076,560,681,1241,0.0,-0.0008333472224535399,0.5511684125705116,0.0
119057,0.7850130835513909,0.5511684125705076,560,681,1241,0.0,-0.0008333472224535399,0.5511684125705116,0.0
119058,0.7841797363289373,0.5511684125705076,560,681,1241,0.0,-0.0008333472224535399,0.5511684125705116,0.0
119059,0.7833463891064838,0.5511684125705076,560,681,1241,0.0,-0.0008333472224535399,0.5511684125705116,0.0
119060,0.7825130418840303,0.5511684125705076,560,681,1241,0.0,-0.0008333472224535399,0.5511684125705116,0.0
119061,0.7816796946615767,0.5511684125705076,560,681,1241,0.0,-0.0008333472224535399,0.5511684125705116,0.0
119062,0.7808463474391232,0.5511684125705076,560,681,1241,0.0,-0.0008333472224535399,0.5511684125705116,0.0
119063,0.7800130002166696,0.5511684125705076,560,681,1241,0.0,-0.0008333472224535399,0.5511684125705116,0.0
119064,0.7791796529942161,0.5511684125705076,560,681,1241,0.0,-0.0008333472224535399,0.5511684125705116,0.0
119065,0.7783463057717626,0.5511684125705076,560,681,1241,0.0,-0.0008333472224535399,0.5511684125705116,0.0
119066,0.777512958549309,0.5511684125705076,560,681,1241,0.0,-0.0008333472224535399,0.5511684125705116,0.0
119067,0.7766796113268555,0.5511684125705076,560,681,1241,0.0,-0.0008333472224535399,0.5511684125705116,0.0
119068,0.7758462641044019,0.5511684125705076,560,681,1241,0.0,-0.0008333472224535399,0.5511684125705116,0.0
119069,0.7750129168819484,0.5511684125705076,560,681,1241,0.0,-0.0008333472224535399,0.5511684125705116,0.0
119070,0.7741795696594949,0.5511684125705076,560,681,1241,0.0,-0.0008333472224535399,0.5511684125705116,0.0
119071,0.7733462224370413,0.5511684125705076,560,681,1241,0.0,-0.0008333472224535399,0.5511684125705116,0.0
119072,0.7725128752145878,0.5511684125705076,560,681,1241,0.0,-0.0008333472224535399,0.5511684125705116,0.0
119073,0.7716795279921342,0.5511684125705076,560,681,1241,0.0,-0.0008333472224535399,0.5511684125705116,0.0
119074,0.7708461807696807,0.5511684125705076,560,681,1241,0.0,-0.0008333472224535399,0.5511684125705116,0.0
119075,0.7700128335472272,0.5511684125705076,560,681,1241,0.0,-0.0008333472224535399,0.5511684125705116,0.0
119076,0.7691794863247665,0.5511684125705076,560,681,1241,0.0,-0.0008333472224606453,0.5511684125705116,0.0
119077,0.768346139102313,0.5511684125705076,560,681,1241,0.0,-0.0008333472224535399,0.5511684125705116,0.0
119078,0.7675127918798594,0.5511684125705076,560,681,1241,0.0,-0.0008333472224535399,0.5511684125705116,0.0
119079,0.7666794446574059,0.5511684125705076,560,681,1241,0.0,-0.0008333472224535399,0.5511684125705116,0.0
119080,0.7658460974349524,0.5511684125705076,560,681,1241,0.0,-0.0008333472224535399,0.5511684125705116,0.0
119081,0.7650127502124988,0.5511684125705076,560,681,1241,0.0,-0.0008333472224535399,0.5511684125705116,0.0
119082,0.7641794029900453,0.5511684125705076,560,681,1241,0.0,-0.0008333472224535399,0.5511684125705116,0.0
119083,0.7633460557675917,0.5511684125705076,560,681,1241,0.0,-0.0008333472224535399,0.5511684125705116,0.0
119084,0.7625127085451382,0.5511684125705076,560,681,1241,0.0,-0.0008333472224535399,0.5511684125705116,0.0
119085,0.7616793613226847,0.5511684125705076,560,681,1241,0.0,-0.0008333472224535399,0.5511684125705116,0.0
119086,0.7608460141002311,0.5511684125705076,560,681,1241,0.0,-0.0008333472224535399,0.5511684125705116,0.0
119087,0.7600126668777776,0.5511684125705076,560,681,1241,0.0,-0.0008333472224535399,0.5511684125705116,0.0
119088,0.759179319655324,0.5511684125705076,560,681,1241,0.0,-0.0008333472224535399,0.5511684125705116,0.0
119089,0.7583459724328705,0.5511684125705076,560,681,1241,0.0,-0.0008333472224535399,0.5511684125705116,0.0
119090,0.757512625210417,0.5511684125705076,560,681,1241,0.0,-0.0008333472224535399,0.5511684125705116,0.0
119091,0.7566792779879634,0.5511684125705076,560,681,1241,0.0,-0.0008333472224535399,0.5511684125705116,0.0
119092,0.7558459307655099,0.5511684125705076,560,681,1241,0.0,-0.0008333472224535399,0.5511684125705116,0.0
119093,0.7550125835430563,0.5511684125705076,560,681,1241,0.0,-0.0008333472224535399,0.5511684125705116,0.0
119094,0.7541792363206028,0.5511684125705076,560,681,1241,0.0,-0.0008333472224535399,0.5511684125705116,0.0
119095,0.7533458890981493,0.5511684125705076,560,681,1241,0.0,-0.0008333472224535399,0.5511684125705116,0.0
119096,0.7525125418756957,0.5511684125705076,560,681,1241,0.0,-0.0008333472224535399,0.5511684125705116,0.0
119097,0.7516791946532422,0.5511684125705076,560,681,1241,0.0,-0.0008333472224535399,0.5511684125705116,0.0
119098,0.7508458474307886,0.5511684125705076,560,681,1241,0.0,-0.0008333472224535399,0.5511684125705116,0.0
119099,0.7500125002083351,0.5511684125705076,560,681,1241,0.0,-0.0008333472224535399,0.5511684125705116,0.0
119100,0.7491791529858816,0.5511684125705076,560,681,1241,0.0,-0.0008333472224535399,0.5511684125705116,0.0
119101,0.748345805763428,0.5511684125705076,560,681,1241,0.0,-0.0008333472224535399,0.5511684125705116,0.0
119102,0.7475124585409745,0.5511684125705076,560,681,1241,0.0,-0.0008333472224535399,0.5511684125705116,0.0
119103,0.7466791113185209,0.5511684125705076,560,681,1241,0.0,-0.0008333472224535399,0.5511684125705116,0.0
119104,0.7458457640960674,0.5511684125705076,560,681,1241,0.0,-0.0008333472224535399,0.5511684125705116,0.0
119105,0.7450124168736139,0.5511684125705076,560,681,1241,0.0,-0.0008333472224535399,0.5511684125705116,0.0
119106,0.7441790696511603,0.5511684125705076,560,681,1241,0.0,-0.0008333472224535399,0.5511684125705116,0.0
119107,0.7433457224287068,0.5511684125705076,560,681,1241,0.0,-0.0008333472224535399,0.5511684125705116,0.0
119108,0.7425123752062532,0.5511684125705076,560,681,1241,0.0,-0.0008333472224535399,0.5511684125705116,0.0
119109,0.7416790279837997,0.5511684125705076,560,681,1241,0.0,-0.0008333472224535399,0.5511684125705116,0.0
119110,0.7408456807613462,0.5511684125705076,560,681,1241,0.0,-0.0008333472224535399,0.5511684125705116,0.0
119111,0.7400123335388926,0.5511684125705076,560,681,1241,0.0,-0.0008333472224535399,0.5511684125705116,0.0
119112,0.7391789863164391,0.5511684125705076,560,681,1241,0.0,-0.0008333472224535399,0.5511684125705116,0.0
119113,0.7383456390939855,0.5511684125705076,560,681,1241,0.0,-0.0008333472224535399,0.5511684125705116,0.0
119114,0.737512291871532,0.5511684125705076,560,681,1241,0.0,-0.0008333472224535399,0.5511684125705116,0.0
119115,0.7366789446490785,0.5511684125705076,560,681,1241,0.0,-0.0008333472224535399,0.5511684125705116,0.0
119116,0.7358455974266249,0.5511684125705076,560,681,1241,0.0,-0.0008333472224535399,0.5511684125705116,0.0
119117,0.7350122502041714,0.5511684125705076,560,681,1241,0.0,-0.0008333472224535399,0.5511684125705116,0.0
119118,0.7341789029817107,0.5511684125705076,560,681,1241,0.0,-0.0008333472224606453,0.5511684125705116,0.0
119119,0.7333455557592572,0.5511684125705076,560,681,1241,0.0,-0.0008333472224535399,0.5511684125705116,0.0
119120,0.7325122085368037,0.5511684125705076,560,681,1241,0.0,-0.0008333472224535399,0.5511684125705116,0.0
119121,0.7316788613143501,0.5511684125705076,560,681,1241,0.0,-0.0008333472224535399,0.5511684125705116,0.0
119122,0.7308455140918966,0.5511684125705076,560,681,1241,0.0,-0.0008333472224535399,0.5511684125705116,0.0
119123,0.730012166869443,0.5511684125705076,560,681,1241,0.0,-0.0008333472224535399,0.5511684125705116,0.0
119124,0.7291788196469895,0.5511684125705076,560,681,1241,0.0,-0.0008333472224535399,0.5511684125705116,0.0
119125,0.728345472424536,0.5511684125705076,560,681,1241,0.0,-0.0008333472224535399,0.5511684125705116,0.0
119126,0.7275121252020824,0.5511684125705076,560,681,1241,0.0,-0.0008333472224535399,0.5511684125705116,0.0
119127,0.7266787779796289,0.5511684125705076,560,681,1241,0.0,-0.0008333472224535399,0.5511684125705116,0.0
119128,0.7258454307571753,0.5511684125705076,560,681,1241,0.0,-0.0008333472224535399,0.5511684125705116,0.0
119129,0.7250120835347218,0.5511684125705076,560,681,1241,0.0,-0.0008333472224535399,0.5511684125705116,0.0
119130,0.7241787363122683,0.5511684125705076,560,681,1241,0.0,-0.0008333472224535399,0.5511684125705116,0.0
119131,0.7233453890898147,0.5511684125705076,560,681,1241,0.0,-0.0008333472224535399,0.5511684125705116,0.0
119132,0.7225120418673612,0.5511684125705076,560,681,1241,0.0,-0.0008333472224535399,0.5511684125705116,0.0
119133,0.7216786946449076,0.5511684125705076,560,681,1241,0.0,-0.0008333472224535399,0.5511684125705116,0.0
119134,0.7208453474224541,0.5511684125705076,560,681,1241,0.0,-0.0008333472224535399,0.5511684125705116,0.0
119135,0.7200120002000006,0.5511684125705076,560,681,1241,0.0,-0.0008333472224535399,0.5511684125705116,0.0
119136,0.719178652977547,0.5511684125705076,560,681,1241,0.0,-0.0008333472224535399,0.5511684125705116,0.0
119137,0.7183453057550935,0.5511684125705076,560,681,1241,0.0,-0.0008333472224535399,0.5511684125705116,0.0
119138,0.7175119585326399,0.5511684125705076,560,681,1241,0.0,-0.0008333472224535399,0.5511684125705116,0.0
119139,0.7166786113101864,0.5511684125705076,560,681,1241,0.0,-0.0008333472224535399,0.5511684125705116,0.0
119140,0.7158452640877329,0.5511684125705076,560,681,1241,0.0,-0.0008333472224535399,0.5511684125705116,0.0
119141,0.7150119168652793,0.5511684125705076,560,681,1241,0.0,-0.0008333472224535399,0.5511684125705116,0.0
119142,0.7141785696428258,0.5511684125705076,560,681,1241,0.0,-0.0008333472224535399,0.5511684125705116,0.0
119143,0.7133452224203722,0.5511684125705076,560,681,1241,0.0,-0.0008333472224535399,0.5511684125705116,0.0
119144,0.7125118751979187,0.5511684125705076,560,681,1241,0.0,-0.0008333472224535399,0.5511684125705116,0.0
119145,0.7116785279754652,0.5511684125705076,560,681,1241,0.0,-0.0008333472224535399,0.5511684125705116,0.0
119146,0.7108451807530116,0.5511684125705076,560,681,1241,0.0,-0.0008333472224535399,0.5511684125705116,0.0
119147,0.7100118335305581,0.5511684125705076,560,681,1241,0.0,-0.0008333472224535399,0.5511684125705116,0.0
119148,0.7091784863081045,0.5511684125705076,560,681,1241,0.0,-0.0008333472224535399,0.5511684125705116,0.0
119149,0.708345139085651,0.5511684125705076,560,681,1241,0.0,-0.0008333472224535399,0.5511684125705116,0.0
119150,0.7075117918631975,0.5511684125705076,560,681,1241,0.0,-0.0008333472224535399,0.5511684125705116,0.0
119151,0.7066784446407439,0.5511684125705076,560,681,1241,0.0,-0.0008333472224535399,0.5511684125705116,0.0
119152,0.7058450974182904,0.5511684125705076,560,681,1241,0.0,-0.0008333472224535399,0.5511684125705116,0.0
119153,0.7050117501958368,0.5511684125705076,560,681,1241,0.0,-0.0008333472224535399,0.5511684125705116,0.0
119154,0.7041784029733833,0.5511684125705076,560,681,1241,0.0,-0.0008333472224535399,0.5511684125705116,0.0
119155,0.7033450557509298,0.5511684125705076,560,681,1241,0.0,-0.0008333472224535399,0.5511684125705116,0.0
119156,0.7025117085284762,0.5511684125705076,560,681,1241,0.0,-0.0008333472224535399,0.5511684125705116,0.0
119157,0.7016783613060227,0.5511684125705076,560,681,1241,0.0,-0.0008333472224535399,0.5511684125705116,0.0
119158,0.7008450140835691,0.5511684125705076,560,681,1241,0.0,-0.0008333472224535399,0.5511684125705116,0.0
119159,0.7000116668611156,0.5511684125705076,560,681,1241,0.0,-0.0008333472224535399,0.5511684125705116,0.0
119160,0.6991783196386621,0.5511684125705076,560,681,1241,0.0,-0.0008333472224535399,0.5511684125705116,0.0
119161,0.6983449724162014,0.5511684125705076,560,681,1241,0.0,-0.0008333472224606453,0.5511684125705116,0.0
119162,0.6975116251937479,0.5511684125705076,560,681,1241,0.0,-0.0008333472224535399,0.5511684125705116,0.0
119163,0.6966782779712943,0.5511684125705076,560,681,1241,0.0,-0.0008333472224535399,0.5511684125705116,0.0
119164,0.6958449307488408,0.5511684125705076,560,681,1241,0.0,-0.0008333472224535399,0.5511684125705116,0.0
119165,0.6950115835263873,0.5511684125705076,560,681,1241,0.0,-0.0008333472224535399,0.5511684125705116,0.0
119166,0.6941782363039337,0.5511684125705076,560,681,1241,0.0,-0.0008333472224535399,0.5511684125705116,0.0
119167,0.6933448890814802,0.5511684125705076,560,681,1241,0.0,-0.0008333472224535399,0.5511684125705116,0.0
119168,0.6925115418590266,0.5511684125705076,560,681,1241,0.0,-0.0008333472224535399,0.5511684125705116,0.0
119169,0.6916781946365731,0.5511684125705076,560,681,1241,0.0,-0.0008333472224535399,0.5511684125705116,0.0
119170,0.6908448474141196,0.5511684125705076,560,681,1241,0.0,-0.0008333472224535399,0.5511684125705116,0.0
119171,0.690011500191666,0.5511684125705076,560,681,1241,0.0,-0.0008333472224535399,0.5511684125705116,0.0
119172,0.6891781529692125,0.5511684125705076,560,681,1241,0.0,-0.0008333472224535399,0.5511684125705116,0.0
119173,0.6883448057467589,0.5511684125705076,560,681,1241,0.0,-0.0008333472224535399,0.5511684125705116,0.0
119174,0.6875114585243054,0.5511684125705076,560,681,1241,0.0,-0.0008333472224535399,0.5511684125705116,0.0
119175,0.6866781113018519,0.5511684125705076,560,681,1241,0.0,-0.0008333472224535399,0.5511684125705116,0.0
119176,0.6858447640793983,0.5511684125705076,560,681,1241,0.0,-0.0008333472224535399,0.5511684125705116,0.0
119177,0.6850114168569448,0.5511684125705076,560,681,1241,0.0,-0.0008333472224535399,0.5511684125705116,0.0
119178,0.6841780696344912,0.5511684125705076,560,681,1241,0.0,-0.0008333472224535399,0.5511684125705116,0.0
119179,0.6833447224120377,0.5511684125705076,560,681,1241,0.0,-0.0008333472224535399,0.5511684125705116,0.0
119180,0.6825113751895842,0.5511684125705076,560,681,1241,0.0,-0.0008333472224535399,0.5511684125705116,0.0
119181,0.6816780279671306,0.5511684125705076,560,681,1241,0.0,-0.0008333472224535399,0.5511684125705116,0.0
119182,0.6808446807446771,0.5511684125705076,560,681,1241,0.0,-0.0008333472224535399,0.5511684125705116,0.0
119183,0.6800113335222235,0.5511684125705076,560,681,1241,0.0,-0.0008333472224535399,0.5511684125705116,0.0
119184,0.67917798629977,0.5511684125705076,560,681,1241,0.0,-0.0008333472224535399,0.5511684125705116,0.0
119185,0.6783446390773165,0.5511684125705076,560,681,1241,0.0,-0.0008333472224535399,0.5511684125705116,0.0
119186,0.6775112918548629,0.5511684125705076,560,681,1241,0.0,-0.0008333472224535399,0.5511684125705116,0.0
119187,0.6766779446324094,0.5511684125705076,560,681,1241,0.0,-0.0008333472224535399,0.5511684125705116,0.0
119188,0.6758445974099558,0.5511684125705076,560,681,1241,0.0,-0.0008333472224535399,0.5511684125705116,0.0
119189,0.6750112501875023,0.5511684125705076,560,681,1241,0.0,-0.0008333472224535399,0.5511684125705116,0.0
119190,0.6741779029650488,0.5511684125705076,560,681,1241,0.0,-0.0008333472224535399,0.5511684125705116,0.0
119191,0.6733445557425952,0.5511684125705076,560,681,1241,0.0,-0.0008333472224535399,0.5511684125705116,0.0
119192,0.6725112085201417,0.5511684125705076,560,681,1241,0.0,-0.0008333472224535399,0.5511684125705116,0.0
119193,0.6716778612976881,0.5511684125705076,560,681,1241,0.0,-0.0008333472224535399,0.5511684125705116,0.0
119194,0.6708445140752346,0.5511684125705076,560,681,1241,0.0,-0.0008333472224535399,0.5511684125705116,0.0
119195,0.6700111668527811,0.5511684125705076,560,681,1241,0.0,-0.0008333472224535399,0.5511684125705116,0.0
119196,0.6691778196303275,0.5511684125705076,560,681,1241,0.0,-0.0008333472224535399,0.5511684125705116,0.0
119197,0.668344472407874,0.5511684125705076,560,681,1241,0.0,-0.0008333472224535399,0.5511684125705116,0.0
119198,0.6675111251854204,0.5511684125705076,560,681,1241,0.0,-0.0008333472224535399,0.5511684125705116,0.0
119199,0.6666777779629669,0.5511684125705076,560,681,1241,0.0,-0.0008333472224535399,0.5511684125705116,0.0
119200,0.6658444307405134,0.5511684125705076,560,681,1241,0.0,-0.0008333472224535399,0.5511684125705116,0.0
119201,0.6650110835180598,0.5511684125705076,560,681,1241,0.0,-0.0008333472224535399,0.5511684125705116,0.0
119202,0.6641777362956063,0.5511684125705076,560,681,1241,0.0,-0.0008333472224535399,0.5511684125705116,0.0
119203,0.6633443890731456,0.5511684125705076,560,681,1241,0.0,-0.0008333472224606453,0.5511684125705116,0.0
119204,0.6625110418506921,0.5511684125705076,560,681,1241,0.0,-0.0008333472224535399,0.5511684125705116,0.0
119205,0.6616776946282386,0.5511684125705076,560,681,1241,0.0,-0.0008333472224535399,0.5511684125705116,0.0
119206,0.660844347405785,0.5511684125705076,560,681,1241,0.0,-0.0008333472224535399,0.5511684125705116,0.0
119207,0.6600110001833315,0.5511684125705076,560,681,1241,0.0,-0.0008333472224535399,0.5511684125705116,0.0
119208,0.6591776529608779,0.5511684125705076,560,681,1241,0.0,-0.0008333472224535399,0.5511684125705116,0.0
119209,0.6583443057384244,0.5511684125705076,560,681,1241,0.0,-0.0008333472224535399,0.5511684125705116,0.0
119210,0.6575109585159709,0.5511684125705076,560,681,1241,0.0,-0.0008333472224535399,0.5511684125705116,0.0
119211,0.6566776112935173,0.5511684125705076,560,681,1241,0.0,-0.0008333472224535399,0.5511684125705116,0.0
119212,0.6558442640710638,0.5511684125705076,560,681,1241,0.0,-0.0008333472224535399,0.5511684125705116,0.0
119213,0.6550109168486102,0.5511684125705076,560,681,1241,0.0,-0.0008333472224535399,0.5511684125705116,0.0
119214,0.6541775696261567,0.5511684125705076,560,681,1241,0.0,-0.0008333472224535399,0.5511684125705116,0.0
119215,0.6533442224037032,0.5511684125705076,560,681,1241,0.0,-0.0008333472224535399,0.5511684125705116,0.0
119216,0.6525108751812496,0.5511684125705076,560,681,1241,0.0,-0.0008333472224535399,0.5511684125705116,0.0
119217,0.6516775279587961,0.5511684125705076,560,681,1241,0.0,-0.0008333472224535399,0.5511684125705116,0.0
119218,0.6508441807363425,0.5511684125705076,560,681,1241,0.0,-0.0008333472224535399,0.5511684125705116,0.0
119219,0.650010833513889,0.5511684125705076,560,681,1241,0.0,-0.0008333472224535399,0.5511684125705116,0.0
119220,0.6491774862914355,0.5511684125705076,560,681,1241,0.0,-0.0008333472224535399,0.5511684125705116,0.0
119221,0.6483441390689819,0.5511684125705076,560,681,1241,0.0,-0.0008333472224535399,0.5511684125705116,0.0
119222,0.6475107918465284,0.5511684125705076,560,681,1241,0.0,-0.0008333472224535399,0.5511684125705116,0.0
119223,0.6466774446240748,0.5511684125705076,560,681,1241,0.0,-0.0008333472224535399,0.5511684125705116,0.0
119224,0.6458440974016213,0.5511684125705076,560,681,1241,0.0,-0.0008333472224535399,0.5511684125705116,0.0
119225,0.6450107501791678,0.5511684125705076,560,681,1241,0.0,-0.0008333472224535399,0.5511684125705116,0.0
119226,0.6441774029567142,0.5511684125705076,560,681,1241,0.0,-0.0008333472224535399,0.5511684125705116,0.0
119227,0.6433440557342607,0.5511684125705076,560,681,1241,0.0,-0.0008333472224535399,0.5511684125705116,0.0
119228,0.6425107085118071,0.5511684125705076,560,681,1241,0.0,-0.0008333472224535399,0.5511684125705116,0.0
119229,0.6416773612893536,0.5511684125705076,560,681,1241,0.0,-0.0008333472224535399,0.5511684125705116,0.0
119230,0.6408440140669001,0.5511684125705076,560,681,1241,0.0,-0.0008333472224535399,0.5511684125705116,0.0
119231,0.6400106668444465,0.5511684125705076,560,681,1241,0.0,-0.0008333472224535399,0.5511684125705116,0.0
119232,0.639177319621993,0.5511684125705076,560,681,1241,0.0,-0.0008333472224535399,0.5511684125705116,0.0
119233,0.6383439723995394,0.5511684125705076,560,681,1241,0.0,-0.0008333472224535399,0.5511684125705116,0.0
119234,0.6375106251770859,0.5511684125705076,560,681,1241,0.0,-0.0008333472224535399,0.5511684125705116,0.0
119235,0.6366772779546324,0.5511684125705076,560,681,1241,0.0,-0.0008333472224535399,0.5511684125705116,0.0
119236,0.6358439307321788,0.5511684125705076,560,681,1241,0.0,-0.0008333472224535399,0.5511684125705116,0.0
119237,0.6350105835097253,0.5511684125705076,560,681,1241,0.0,-0.0008333472224535399,0.5511684125705116,0.0
119238,0.6341772362872717,0.5511684125705076,560,681,1241,0.0,-0.0008333472224535399,0.5511684125705116,0.0
119239,0.6333438890648182,0.5511684125705076,560,681,1241,0.0,-0.0008333472224535399,0.5511684125705116,0.0
119240,0.6325105418423647,0.5511684125705076,560,681,1241,0.0,-0.0008333472224535399,0.5511684125705116,0.0
119241,0.6316771946199111,0.5511684125705076,560,681,1241,0.0,-0.0008333472224535399,0.5511684125705116,0.0
119242,0.6308438473974576,0.5511684125705076,560,681,1241,0.0,-0.0008333472224535399,0.5511684125705116,0.0
119243,0.630010500175004,0.5511684125705076,560,681,1241,0.0,-0.0008333472224535399,0.5511684125705116,0.0
119244,0.6291771529525505,0.5511684125705076,560,681,1241,0.0,-0.0008333472224535399,0.5511684125705116,0.0
119245,0.628343805730097,0.5511684125705076,560,681,1241,0.0,-0.0008333472224535399,0.5511684125705116,0.0
119246,0.6275104585076363,0.5511684125705076,560,681,1241,0.0,-0.0008333472224606453,0.5511684125705116,0.0
119247,0.6266771112851828,0.5511684125705076,560,681,1241,0.0,-0.0008333472224535399,0.5511684125705116,0.0
119248,0.6258437640627292,0.5511684125705076,560,681,1241,0.0,-0.0008333472224535399,0.5511684125705116,0.0
119249,0.6250104168402757,0.5511684125705076,560,681,1241,0.0,-0.0008333472224535399,0.5511684125705116,0.0
119250,0.6241770696178222,0.5511684125705076,560,681,1241,0.0,-0.0008333472224535399,0.5511684125705116,0.0
119251,0.6233437223953686,0.5511684125705076,560,681,1241,0.0,-0.0008333472224535399,0.5511684125705116,0.0
119252,0.6225103751729151,0.5511684125705076,560,681,1241,0.0,-0.0008333472224535399,0.5511684125705116,0.0
119253,0.6216770279504615,0.5511684125705076,560,681,1241,0.0,-0.0008333472224535399,0.5511684125705116,0.0
119254,0.620843680728008,0.5511684125705076,560,681,1241,0.0,-0.0008333472224535399,0.5511684125705116,0.0
119255,0.6200103335055545,0.5511684125705076,560,681,1241,0.0,-0.0008333472224535399,0.5511684125705116,0.0
119256,0.6191769862831009,0.5511684125705076,560,681,1241,0.0,-0.0008333472224535399,0.5511684125705116,0.0
119257,0.6183436390606474,0.5511684125705076,560,681,1241,0.0,-0.0008333472224535399,0.5511684125705116,0.0
119258,0.6175102918381938,0.5511684125705076,560,681,1241,0.0,-0.0008333472224535399,0.5511684125705116,0.0
119259,0.6166769446157403,0.5511684125705076,560,681,1241,0.0,-0.0008333472224535399,0.5511684125705116,0.0
119260,0.6158435973932868,0.5511684125705076,560,681,1241,0.0,-0.0008333472224535399,0.5511684125705116,0.0
119261,0.6150102501708332,0.5511684125705076,560,681,1241,0.0,-0.0008333472224535399,0.5511684125705116,0.0
119262,0.6141769029483797,0.5511684125705076,560,681,1241,0.0,-0.0008333472224535399,0.5511684125705116,0.0
119263,0.6133435557259261,0.5511684125705076,560,681,1241,0.0,-0.0008333472224535399,0.5511684125705116,0.0
119264,0.6125102085034726,0.5511684125705076,560,681,1241,0.0,-0.0008333472224535399,0.5511684125705116,0.0
119265,0.6116768612810191,0.5511684125705076,560,681,1241,0.0,-0.0008333472224535399,0.5511684125705116,0.0
119266,0.6108435140585655,0.5511684125705076,560,681,1241,0.0,-0.0008333472224535399,0.5511684125705116,0.0
119267,0.610010166836112,0.5511684125705076,560,681,1241,0.0,-0.0008333472224535399,0.5511684125705116,0.0
119268,0.6091768196136584,0.5511684125705076,560,681,1241,0.0,-0.0008333472224535399,0.5511684125705116,0.0
119269,0.6083434723912049,0.5511684125705076,560,681,1241,0.0,-0.0008333472224535399,0.5511684125705116,0.0
119270,0.6075101251687514,0.5511684125705076,560,681,1241,0.0,-0.0008333472224535399,0.5511684125705116,0.0
119271,0.6066767779462978,0.5511684125705076,560,681,1241,0.0,-0.0008333472224535399,0.5511684125705116,0.0
119272,0.6058434307238443,0.5511684125705076,560,681,1241,0.0,-0.0008333472224535399,0.5511684125705116,0.0
119273,0.6050100835013907,0.5511684125705076,560,681,1241,0.0,-0.0008333472224535399,0.5511684125705116,0.0
119274,0.6041767362789372,0.5511684125705076,560,681,1241,0.0,-0.0008333472224535399,0.5511684125705116,0.0
119275,0.6033433890564837,0.5511684125705076,560,681,1241,0.0,-0.0008333472224535399,0.5511684125705116,0.0
119276,0.6025100418340301,0.5511684125705076,560,681,1241,0.0,-0.0008333472224535399,0.5511684125705116,0.0
119277,0.6016766946115766,0.5511684125705076,560,681,1241,0.0,-0.0008333472224535399,0.5511684125705116,0.0
119278,0.600843347389123,0.5511684125705076,560,681,1241,0.0,-0.0008333472224535399,0.5511684125705116,0.0
119279,0.6000100001666695,0.5511684125705076,560,681,1241,0.0,-0.0008333472224535399,0.5511684125705116,0.0
119280,0.599176652944216,0.5511684125705076,560,681,1241,0.0,-0.0008333472224535399,0.5511684125705116,0.0
119281,0.5983433057217624,0.5511684125705076,560,681,1241,0.0,-0.0008333472224535399,0.5511684125705116,0.0
119282,0.5975099584993089,0.5511684125705076,560,681,1241,0.0,-0.0008333472224535399,0.5511684125705116,0.0
119283,0.5966766112768553,0.5511684125705076,560,681,1241,0.0,-0.0008333472224535399,0.5511684125705116,0.0
119284,0.5958432640544018,0.5511684125705076,560,681,1241,0.0,-0.0008333472224535399,0.5511684125705116,0.0
119285,0.5950099168319483,0.5511684125705076,560,681,1241,0.0,-0.0008333472224535399,0.5511684125705116,0.0
119286,0.5941765696094947,0.5511684125705076,560,681,1241,0.0,-0.0008333472224535399,0.5511684125705116,0.0
119287,0.5933432223870412,0.5511684125705076,560,681,1241,0.0,-0.0008333472224535399,0.5511684125705116,0.0
119288,0.5925098751645805,0.5511684125705076,560,681,1241,0.0,-0.0008333472224606453,0.5511684125705116,0.0
119289,0.591676527942127,0.5511684125705076,560,681,1241,0.0,-0.0008333472224535399,0.5511684125705116,0.0
119290,0.5908431807196735,0.5511684125705076,560,681,1241,0.0,-0.0008333472224535399,0.5511684125705116,0.0
119291,0.5900098334972199,0.5511684125705076,560,681,1241,0.0,-0.0008333472224535399,0.5511684125705116,0.0
119292,0.5891764862747664,0.5511684125705076,560,681,1241,0.0,-0.0008333472224535399,0.5511684125705116,0.0
119293,0.5883431390523128,0.5511684125705076,560,681,1241,0.0,-0.0008333472224535399,0.5511684125705116,0.0
119294,0.5875097918298593,0.5511684125705076,560,681,1241,0.0,-0.0008333472224535399,0.5511684125705116,0.0
119295,0.5866764446074058,0.5511684125705076,560,681,1241,0.0,-0.0008333472224535399,0.5511684125705116,0.0
119296,0.5858430973849522,0.5511684125705076,560,681,1241,0.0,-0.0008333472224535399,0.5511684125705116,0.0
119297,0.5850097501624987,0.5511684125705076,560,681,1241,0.0,-0.0008333472224535399,0.5511684125705116,0.0
119298,0.5841764029400451,0.5511684125705076,560,681,1241,0.0,-0.0008333472224535399,0.5511684125705116,0.0
119299,0.5833430557175916,0.5511684125705076,560,681,1241,0.0,-0.0008333472224535399,0.5511684125705116,0.0
119300,0.5825097084951381,0.5511684125705076,560,681,1241,0.0,-0.0008333472224535399,0.5511684125705116,0.0
119301,0.5816763612726845,0.5511684125705076,560,681,1241,0.0,-0.0008333472224535399,0.5511684125705116,0.0
119302,0.580843014050231,0.5511684125705076,560,681,1241,0.0,-0.0008333472224535399,0.5511684125705116,0.0
119303,0.5800096668277774,0.5511684125705076,560,681,1241,0.0,-0.0008333472224535399,0.5511684125705116,0.0
119304,0.5791763196053239,0.5511684125705076,560,681,1241,0.0,-0.0008333472224535399,0.5511684125705116,0.0
119305,0.5783429723828704,0.5511684125705076,560,681,1241,0.0,-0.0008333472224535399,0.5511684125705116,0.0
119306,0.5775096251604168,0.5511684125705076,560,681,1241,0.0,-0.0008333472224535399,0.5511684125705116,0.0
119307,0.5766762779379633,0.5511684125705076,560,681,1241,0.0,-0.0008333472224535399,0.5511684125705116,0.0
119308,0.5758429307155097,0.5511684125705076,560,681,1241,0.0,-0.0008333472224535399,0.5511684125705116,0.0
119309,0.5750095834930562,0.5511684125705076,560,681,1241,0.0,-0.0008333472224535399,0.5511684125705116,0.0
119310,0.5741762362706027,0.5511684125705076,560,681,1241,0.0,-0.0008333472224535399,0.5511684125705116,0.0
119311,0.5733428890481491,0.5511684125705076,560,681,1241,0.0,-0.0008333472224535399,0.5511684125705116,0.0
119312,0.5725095418256956,0.5511684125705076,560,681,1241,0.0,-0.0008333472224535399,0.5511684125705116,0.0
119313,0.571676194603242,0.5511684125705076,560,681,1241,0.0,-0.0008333472224535399,0.5511684125705116,0.0
119314,0.5708428473807885,0.5511684125705076,560,681,1241,0.0,-0.0008333472224535399,0.5511684125705116,0.0
119315,0.570009500158335,0.5511684125705076,560,681,1241,0.0,-0.0008333472224535399,0.5511684125705116,0.0
119316,0.5691761529358814,0.5511684125705076,560,681,1241,0.0,-0.0008333472224535399,0.5511684125705116,0.0
119317,0.5683428057134279,0.5511684125705076,560,681,1241,0.0,-0.0008333472224535399,0.5511684125705116,0.0
119318,0.5675094584909743,0.5511684125705076,560,681,1241,0.0,-0.0008333472224535399,0.5511684125705116,0.0
119319,0.5666761112685208,0.5511684125705076,560,681,1241,0.0,-0.0008333472224535399,0.5511684125705116,0.0
119320,0.5658427640460673,0.5511684125705076,560,681,1241,0.0,-0.0008333472224535399,0.5511684125705116,0.0
119321,0.5650094168236137,0.5511684125705076,560,681,1241,0.0,-0.0008333472224535399,0.5511684125705116,0.0
119322,0.5641760696011602,0.5511684125705076,560,681,1241,0.0,-0.0008333472224535399,0.5511684125705116,0.0
119323,0.5633427223787066,0.5511684125705076,560,681,1241,0.0,-0.0008333472224535399,0.5511684125705116,0.0
119324,0.5625093751562531,0.5511684125705076,560,681,1241,0.0,-0.0008333472224535399,0.5511684125705116,0.0
119325,0.5616760279337996,0.5511684125705076,560,681,1241,0.0,-0.0008333472224535399,0.5511684125705116,0.0
119326,0.560842680711346,0.5511684125705076,560,681,1241,0.0,-0.0008333472224535399,0.5511684125705116,0.0
119327,0.5600093334888925,0.5511684125705076,560,681,1241,0.0,-0.0008333472224535399,0.5511684125705116,0.0
119328,0.5591759862664389,0.5511684125705076,560,681,1241,0.0,-0.0008333472224535399,0.5511684125705116,0.0
119329,0.5583426390439854,0.5511684125705076,560,681,1241,0.0,-0.0008333472224535399,0.5511684125705116,0.0
119330,0.5575092918215248,0.5511684125705076,560,681,1241,0.0,-0.0008333472224606453,0.5511684125705116,0.0
119331,0.5566759445990712,0.5511684125705076,560,681,1241,0.0,-0.0008333472224535399,0.5511684125705116,0.0
119332,0.5558425973766177,0.5511684125705076,560,681,1241,0.0,-0.0008333472224535399,0.5511684125705116,0.0
119333,0.5550092501541641,0.5511684125705076,560,681,1241,0.0,-0.0008333472224535399,0.5511684125705116,0.0
119334,0.5541759029317106,0.5511684125705076,560,681,1241,0.0,-0.0008333472224535399,0.5511684125705116,0.0
119335,0.5533425557092571,0.5511684125705076,560,681,1241,0.0,-0.0008333472224535399,0.5511684125705116,0.0
119336,0.5525092084868035,0.5511684125705076,560,681,1241,0.0,-0.0008333472224535399,0.5511684125705116,0.0
119337,0.55167586126435,0.5511684125705076,560,681,1241,0.0,-0.0008333472224535399,0.5511684125705116,0.0
119338,0.5508425140418964,0.5511684125705076,560,681,1241,0.0,-0.0008333472224535399,0.5511684125705116,0.0
119339,0.5500091668194429,0.5511684125705076,560,681,1241,0.0,-0.0008333472224535399,0.5511684125705116,0.0
119340,0.5491758195969894,0.5511684125705076,560,681,1241,0.0,-0.0008333472224535399,0.5511684125705116,0.0
119341,0.5483424723745358,0.5511684125705076,560,681,1241,0.0,-0.0008333472224535399,0.5511684125705116,0.0
119342,0.5475091251520823,0.5511684125705076,560,681,1241,0.0,-0.0008333472224535399,0.5511684125705116,0.0
119343,0.5466757779296287,0.5511684125705076,560,681,1241,0.0,-0.0008333472224535399,0.5511684125705116,0.0
119344,0.5458424307071752,0.5511684125705076,560,681,1241,0.0,-0.0008333472224535399,0.5511684125705116,0.0
119345,0.5450090834847217,0.5511684125705076,560,681,1241,0.0,-0.0008333472224535399,0.5511684125705116,0.0
119346,0.5441757362622681,0.5511684125705076,560,681,1241,0.0,-0.0008333472224535399,0.5511684125705116,0.0
119347,0.5433423890398146,0.5511684125705076,560,681,1241,0.0,-0.0008333472224535399,0.5511684125705116,0.0
119348,0.542509041817361,0.5511684125705076,560,681,1241,0.0,-0.0008333472224535399,0.5511684125705116,0.0
119349,0.5416756945949075,0.5511684125705076,560,681,1241,0.0,-0.0008333472224535399,0.5511684125705116,0.0
119350,0.540842347372454,0.5511684125705076,560,681,1241,0.0,-0.0008333472224535399,0.5511684125705116,0.0
119351,0.5400090001500004,0.5511684125705076,560,681,1241,0.0,-0.0008333472224535399,0.5511684125705116,0.0
119352,0.5391756529275469,0.5511684125705076,560,681,1241,0.0,-0.0008333472224535399,0.5511684125705116,0.0
119353,0.5383423057050933,0.5511684125705076,560,681,1241,0.0,-0.0008333472224535399,0.5511684125705116,0.0
119354,0.5375089584826398,0.5511684125705076,560,681,1241,0.0,-0.0008333472224535399,0.5511684125705116,0.0
119355,0.5366756112601863,0.5511684125705076,560,681,1241,0.0,-0.0008333472224535399,0.5511684125705116,0.0
119356,0.5358422640377327,0.5511684125705076,560,681,1241,0.0,-0.0008333472224535399,0.5511684125705116,0.0
119357,0.5350089168152792,0.5511684125705076,560,681,1241,0.0,-0.0008333472224535399,0.5511684125705116,0.0
119358,0.5341755695928256,0.5511684125705076,560,681,1241,0.0,-0.0008333472224535399,0.5511684125705116,0.0
119359,0.5333422223703721,0.5511684125705076,560,681,1241,0.0,-0.0008333472224535399,0.5511684125705116,0.0
119360,0.5325088751479186,0.5511684125705076,560,681,1241,0.0,-0.0008333472224535399,0.5511684125705116,0.0
119361,0.531675527925465,0.5511684125705076,560,681,1241,0.0,-0.0008333472224535399,0.5511684125705116,0.0
119362,0.5308421807030115,0.5511684125705076,560,681,1241,0.0,-0.0008333472224535399,0.5511684125705116,0.0
119363,0.5300088334805579,0.5511684125705076,560,681,1241,0.0,-0.0008333472224535399,0.5511684125705116,0.0
119364,0.5291754862581044,0.5511684125705076,560,681,1241,0.0,-0.0008333472224535399,0.5511684125705116,0.0
119365,0.5283421390356509,0.5511684125705076,560,681,1241,0.0,-0.0008333472224535399,0.5511684125705116,0.0
119366,0.5275087918131973,0.5511684125705076,560,681,1241,0.0,-0.0008333472224535399,0.5511684125705116,0.0
119367,0.5266754445907438,0.5511684125705076,560,681,1241,0.0,-0.0008333472224535399,0.5511684125705116,0.0
119368,0.5258420973682902,0.5511684125705076,560,681,1241,0.0,-0.0008333472224535399,0.5511684125705116,0.0
119369,0.5250087501458367,0.5511684125705076,560,681,1241,0.0,-0.0008333472224535399,0.5511684125705116,0.0
119370,0.5241754029233832,0.5511684125705076,560,681,1241,0.0,-0.0008333472224535399,0.5511684125705116,0.0
119371,0.5233420557009296,0.5511684125705076,560,681,1241,0.0,-0.0008333472224535399,0.5511684125705116,0.0
119372,0.5225087084784761,0.5511684125705076,560,681,1241,0.0,-0.0008333472224535399,0.5511684125705116,0.0
119373,0.5216753612560154,0.5511684125705076,560,681,1241,0.0,-0.0008333472224606453,0.5511684125705116,0.0
119374,0.5208420140335619,0.5511684125705076,560,681,1241,0.0,-0.0008333472224535399,0.5511684125705116,0.0
119375,0.5200086668111084,0.5511684125705076,560,681,1241,0.0,-0.0008333472224535399,0.5511684125705116,0.0
119376,0.5191753195886548,0.5511684125705076,560,681,1241,0.0,-0.0008333472224535399,0.5511684125705116,0.0
119377,0.5183419723662013,0.5511684125705076,560,681,1241,0.0,-0.0008333472224535399,0.5511684125705116,0.0
119378,0.5175086251437477,0.5511684125705076,560,681,1241,0.0,-0.0008333472224535399,0.5511684125705116,0.0
119379,0.5166752779212942,0.5511684125705076,560,681,1241,0.0,-0.0008333472224535399,0.5511684125705116,0.0
119380,0.5158419306988407,0.5511684125705076,560,681,1241,0.0,-0.0008333472224535399,0.5511684125705116,0.0
119381,0.5150085834763871,0.5511684125705076,560,681,1241,0.0,-0.0008333472224535399,0.5511684125705116,0.0
119382,0.5141752362539336,0.5511684125705076,560,681,1241,0.0,-0.0008333472224535399,0.5511684125705116,0.0
119383,0.51334188903148,0.5511684125705076,560,681,1241,0.0,-0.0008333472224535399,0.5511684125705116,0.0
119384,0.5125085418090265,0.5511684125705076,560,681,1241,0.0,-0.0008333472224535399,0.5511684125705116,0.0
119385,0.511675194586573,0.5511684125705076,560,681,1241,0.0,-0.0008333472224535399,0.5511684125705116,0.0
119386,0.5108418473641194,0.5511684125705076,560,681,1241,0.0,-0.0008333472224535399,0.5511684125705116,0.0
119387,0.5100085001416659,0.5511684125705076,560,681,1241,0.0,-0.0008333472224535399,0.5511684125705116,0.0
119388,0.5091751529192123,0.5511684125705076,560,681,1241,0.0,-0.0008333472224535399,0.5511684125705116,0.0
119389,0.5083418056967588,0.5511684125705076,560,681,1241,0.0,-0.0008333472224535399,0.5511684125705116,0.0
119390,0.5075084584743053,0.5511684125705076,560,681,1241,0.0,-0.0008333472224535399,0.5511684125705116,0.0
119391,0.5066751112518517,0.5511684125705076,560,681,1241,0.0,-0.0008333472224535399,0.5511684125705116,0.0
119392,0.5058417640293982,0.5511684125705076,560,681,1241,0.0,-0.0008333472224535399,0.5511684125705116,0.0
119393,0.5050084168069446,0.5511684125705076,560,681,1241,0.0,-0.0008333472224535399,0.5511684125705116,0.0
119394,0.5041750695844911,0.5511684125705076,560,681,1241,0.0,-0.0008333472224535399,0.5511684125705116,0.0
119395,0.5033417223620376,0.5511684125705076,560,681,1241,0.0,-0.0008333472224535399,0.5511684125705116,0.0
119396,0.502508375139584,0.5511684125705076,560,681,1241,0.0,-0.0008333472224535399,0.5511684125705116,0.0
119397,0.5016750279171305,0.5511684125705076,560,681,1241,0.0,-0.0008333472224535399,0.5511684125705116,0.0
119398,0.5008416806946769,0.5511684125705076,560,681,1241,0.0,-0.0008333472224535399,0.5511684125705116,0.0
119399,0.5000083334722234,0.5511684125705076,560,681,1241,0.0,-0.0008333472224535399,0.5511684125705116,0.0
119400,0.49917498624976986,0.5511684125705076,560,681,1241,0.0,-0.0008333472224535399,0.5511684125705116,0.0
119401,0.4983416390273163,0.5511684125705076,560,681,1241,0.0,-0.0008333472224535399,0.5511684125705116,0.0
119402,0.4975082918048628,0.5511684125705076,560,681,1241,0.0,-0.0008333472224535399,0.5511684125705116,0.0
119403,0.49667494458240924,0.5511684125705076,560,681,1241,0.0,-0.0008333472224535399,0.5511684125705116,0.0
119404,0.4958415973599557,0.5511684125705076,560,681,1241,0.0,-0.0008333472224535399,0.5511684125705116,0.0
119405,0.49500825013750216,0.5511684125705076,560,681,1241,0.0,-0.0008333472224535399,0.5511684125705116,0.0
119406,0.4941749029150486,0.5511684125705076,560,681,1241,0.0,-0.0008333472224535399,0.5511684125705116,0.0
119407,0.4933415556925951,0.5511684125705076,560,681,1241,0.0,-0.0008333472224535399,0.5511684125705116,0.0
119408,0.49250820847014154,0.5511684125705076,560,681,1241,0.0,-0.0008333472224535399,0.5511684125705116,0.0
119409,0.491674861247688,0.5511684125705076,560,681,1241,0.0,-0.0008333472224535399,0.5511684125705116,0.0
119410,0.49084151402523446,0.5511684125705076,560,681,1241,0.0,-0.0008333472224535399,0.5511684125705116,0.0
119411,0.4900081668027809,0.5511684125705076,560,681,1241,0.0,-0.0008333472224535399,0.5511684125705116,0.0
119412,0.4891748195803274,0.5511684125705076,560,681,1241,0.0,-0.0008333472224535399,0.5511684125705116,0.0
119413,0.48834147235787384,0.5511684125705076,560,681,1241,0.0,-0.0008333472224535399,0.5511684125705116,0.0
119414,0.4875081251354203,0.5511684125705076,560,681,1241,0.0,-0.0008333472224535399,0.5511684125705116,0.0
119415,0.48667477791295966,0.5511684125705076,560,681,1241,0.0,-0.0008333472224606453,0.5511684125705116,0.0
119416,0.4858414306905061,0.5511684125705076,560,681,1241,0.0,-0.0008333472224535399,0.5511684125705116,0.0
119417,0.4850080834680526,0.5511684125705076,560,681,1241,0.0,-0.0008333472224535399,0.5511684125705116,0.0
119418,0.48417473624559904,0.5511684125705076,560,681,1241,0.0,-0.0008333472224535399,0.5511684125705116,0.0
119419,0.4833413890231455,0.5511684125705076,560,681,1241,0.0,-0.0008333472224535399,0.5511684125705116,0.0
119420,0.48250804180069196,0.5511684125705076,560,681,1241,0.0,-0.0008333472224535399,0.5511684125705116,0.0
119421,0.4816746945782384,0.5511684125705076,560,681,1241,0.0,-0.0008333472224535399,0.5511684125705116,0.0
119422,0.4808413473557849,0.5511684125705076,560,681,1241,0.0,-0.0008333472224535399,0.5511684125705116,0.0
119423,0.48000800013333134,0.5511684125705076,560,681,1241,0.0,-0.0008333472224535399,0.5511684125705116,0.0
119424,0.4791746529108778,0.5511684125705076,560,681,1241,0.0,-0.0008333472224535399,0.5511684125705116,0.0
119425,0.47834130568842426,0.5511684125705076,560,681,1241,0.0,-0.0008333472224535399,0.5511684125705116,0.0
119426,0.4775079584659707,0.5511684125705076,560,681,1241,0.0,-0.0008333472224535399,0.5511684125705116,0.0
119427,0.4766746112435172,0.5511684125705076,560,681,1241,0.0,-0.0008333472224535399,0.5511684125705116,0.0
119428,0.47584126402106364,0.5511684125705076,560,681,1241,0.0,-0.0008333472224535399,0.5511684125705116,0.0
119429,0.4750079167986101,0.5511684125705076,560,681,1241,0.0,-0.0008333472224535399,0.5511684125705116,0.0
119430,0.47417456957615656,0.5511684125705076,560,681,1241,0.0,-0.0008333472224535399,0.5511684125705116,0.0
119431,0.473341222353703,0.5511684125705076,560,681,1241,0.0,-0.0008333472224535399,0.5511684125705116,0.0
119432,0.4725078751312495,0.5511684125705076,560,681,1241,0.0,-0.0008333472224535399,0.5511684125705116,0.0
119433,0.47167452790879594,0.5511684125705076,560,681,1241,0.0,-0.0008333472224535399,0.5511684125705116,0.0
119434,0.4708411806863424,0.5511684125705076,560,681,1241,0.0,-0.0008333472224535399,0.5511684125705116,0.0
119435,0.47000783346388886,0.5511684125705076,560,681,1241,0.0,-0.0008333472224535399,0.5511684125705116,0.0
119436,0.4691744862414353,0.5511684125705076,560,681,1241,0.0,-0.0008333472224535399,0.5511684125705116,0.0
119437,0.4683411390189818,0.5511684125705076,560,681,1241,0.0,-0.0008333472224535399,0.5511684125705116,0.0
119438,0.46750779179652824,0.5511684125705076,560,681,1241,0.0,-0.0008333472224535399,0.5511684125705116,0.0
119439,0.4666744445740747,0.5511684125705076,560,681,1241,0.0,-0.0008333472224535399,0.5511684125705116,0.0
119440,0.46584109735162116,0.5511684125705076,560,681,1241,0.0,-0.0008333472224535399,0.5511684125705116,0.0
119441,0.4650077501291676,0.5511684125705076,560,681,1241,0.0,-0.0008333472224535399,0.5511684125705116,0.0
119442,0.4641744029067141,0.5511684125705076,560,681,1241,0.0,-0.0008333472224535399,0.5511684125705116,0.0
119443,0.46334105568426054,0.5511684125705076,560,681,1241,0.0,-0.0008333472224535399,0.5511684125705116,0.0
119444,0.462507708461807,0.5511684125705076,560,681,1241,0.0,-0.0008333472224535399,0.5511684125705116,0.0
119445,0.46167436123935346,0.5511684125705076,560,681,1241,0.0,-0.0008333472224535399,0.5511684125705116,0.0
119446,0.4608410140168999,0.5511684125705076,560,681,1241,0.0,-0.0008333472224535399,0.5511684125705116,0.0
119447,0.4600076667944464,0.5511684125705076,560,681,1241,0.0,-0.0008333472224535399,0.5511684125705116,0.0
119448,0.45917431957199284,0.5511684125705076,560,681,1241,0.0,-0.0008333472224535399,0.5511684125705116,0.0
119449,0.4583409723495393,0.5511684125705076,560,681,1241,0.0,-0.0008333472224535399,0.5511684125705116,0.0
119450,0.45750762512708576,0.5511684125705076,560,681,1241,0.0,-0.0008333472224535399,0.5511684125705116,0.0
119451,0.4566742779046322,0.5511684125705076,560,681,1241,0.0,-0.0008333472224535399,0.5511684125705116,0.0
119452,0.4558409306821787,0.5511684125705076,560,681,1241,0.0,-0.0008333472224535399,0.5511684125705116,0.0
119453,0.45500758345972514,0.5511684125705076,560,681,1241,0.0,-0.0008333472224535399,0.5511684125705116,0.0
119454,0.4541742362372716,0.5511684125705076,560,681,1241,0.0,-0.0008333472224535399,0.5511684125705116,0.0
119455,0.45334088901481806,0.5511684125705076,560,681,1241,0.0,-0.0008333472224535399,0.5511684125705116,0.0
119456,0.4525075417923645,0.5511684125705076,560,681,1241,0.0,-0.0008333472224535399,0.5511684125705116,0.0
119457,0.4516741945699039,0.5511684125705076,560,681,1241,0.0,-0.0008333472224606453,0.5511684125705116,0.0
119458,0.45084084734745034,0.5511684125705076,560,681,1241,0.0,-0.0008333472224535399,0.5511684125705116,0.0
119459,0.4500075001249968,0.5511684125705076,560,681,1241,0.0,-0.0008333472224535399,0.5511684125705116,0.0
119460,0.44917415290254326,0.5511684125705076,560,681,1241,0.0,-0.0008333472224535399,0.5511684125705116,0.0
119461,0.4483408056800897,0.5511684125705076,560,681,1241,0.0,-0.0008333472224535399,0.5511684125705116,0.0
119462,0.4475074584576362,0.5511684125705076,560,681,1241,0.0,-0.0008333472224535399,0.5511684125705116,0.0
119463,0.44667411123518264,0.5511684125705076,560,681,1241,0.0,-0.0008333472224535399,0.5511684125705116,0.0
119464,0.4458407640127291,0.5511684125705076,560,681,1241,0.0,-0.0008333472224535399,0.5511684125705116,0.0
119465,0.44500741679027556,0.5511684125705076,560,681,1241,0.0,-0.0008333472224535399,0.5511684125705116,0.0
119466,0.444174069567822,0.5511684125705076,560,681,1241,0.0,-0.0008333472224535399,0.5511684125705116,0.0
119467,0.4433407223453685,0.5511684125705076,560,681,1241,0.0,-0.0008333472224535399,0.5511684125705116,0.0
119468,0.44250737512291494,0.5511684125705076,560,681,1241,0.0,-0.0008333472224535399,0.5511684125705116,0.0
119469,0.4416740279004614,0.5511684125705076,560,681,1241,0.0,-0.0008333472224535399,0.5511684125705116,0.0
119470,0.44084068067800786,0.5511684125705076,560,681,1241,0.0,-0.0008333472224535399,0.5511684125705116,0.0
119471,0.4400073334555543,0.5511684125705076,560,681,1241,0.0,-0.0008333472224535399,0.5511684125705116,0.0
119472,0.4391739862331008,0.5511684125705076,560,681,1241,0.0,-0.0008333472224535399,0.5511684125705116,0.0
119473,0.43834063901064724,0.5511684125705076,560,681,1241,0.0,-0.0008333472224535399,0.5511684125705116,0.0
119474,0.4375072917881937,0.5511684125705076,560,681,1241,0.0,-0.0008333472224535399,0.5511684125705116,0.0
119475,0.43667394456574016,0.5511684125705076,560,681,1241,0.0,-0.0008333472224535399,0.5511684125705116,0.0
119476,0.4358405973432866,0.5511684125705076,560,681,1241,0.0,-0.0008333472224535399,0.5511684125705116,0.0
119477,0.4350072501208331,0.5511684125705076,560,681,1241,0.0,-0.0008333472224535399,0.5511684125705116,0.0
119478,0.43417390289837954,0.5511684125705076,560,681,1241,0.0,-0.0008333472224535399,0.5511684125705116,0.0
119479,0.433340555675926,0.5511684125705076,560,681,1241,0.0,-0.0008333472224535399,0.5511684125705116,0.0
119480,0.43250720845347246,0.5511684125705076,560,681,1241,0.0,-0.0008333472224535399,0.5511684125705116,0.0
119481,0.4316738612310189,0.5511684125705076,560,681,1241,0.0,-0.0008333472224535399,0.5511684125705116,0.0
119482,0.4308405140085654,0.5511684125705076,560,681,1241,0.0,-0.0008333472224535399,0.5511684125705116,0.0
119483,0.43000716678611184,0.5511684125705076,560,681,1241,0.0,-0.0008333472224535399,0.5511684125705116,0.0
119484,0.4291738195636583,0.5511684125705076,560,681,1241,0.0,-0.0008333472224535399,0.5511684125705116,0.0
119485,0.42834047234120476,0.5511684125705076,560,681,1241,0.0,-0.0008333472224535399,0.5511684125705116,0.0
119486,0.4275071251187512,0.5511684125705076,560,681,1241,0.0,-0.0008333472224535399,0.5511684125705116,0.0
119487,0.4266737778962977,0.5511684125705076,560,681,1241,0.0,-0.0008333472224535399,0.5511684125705116,0.0
119488,0.42584043067384414,0.5511684125705076,560,681,1241,0.0,-0.0008333472224535399,0.5511684125705116,0.0
119489,0.4250070834513906,0.5511684125705076,560,681,1241,0.0,-0.0008333472224535399,0.5511684125705116,0.0
119490,0.42417373622893706,0.5511684125705076,560,681,1241,0.0,-0.0008333472224535399,0.5511684125705116,0.0
119491,0.4233403890064835,0.5511684125705076,560,681,1241,0.0,-0.0008333472224535399,0.5511684125705116,0.0
119492,0.42250704178403,0.5511684125705076,560,681,1241,0.0,-0.0008333472224535399,0.5511684125705116,0.0
119493,0.42167369456157644,0.5511684125705076,560,681,1241,0.0,-0.0008333472224535399,0.5511684125705116,0.0
119494,0.4208403473391229,0.5511684125705076,560,681,1241,0.0,-0.0008333472224535399,0.5511684125705116,0.0
119495,0.42000700011666936,0.5511684125705076,560,681,1241,0.0,-0.0008333472224535399,0.5511684125705116,0.0
119496,0.4191736528942158,0.5511684125705076,560,681,1241,0.0,-0.0008333472224535399,0.5511684125705116,0.0
119497,0.4183403056717623,0.5511684125705076,560,681,1241,0.0,-0.0008333472224535399,0.5511684125705116,0.0
119498,0.41750695844930874,0.5511684125705076,560,681,1241,0.0,-0.0008333472224535399,0.5511684125705116,0.0
119499,0.4166736112268552,0.5511684125705076,560,681,1241,0.0,-0.0008333472224535399,0.5511684125705116,0.0
119500,0.41584026400439456,0.5511684125705076,560,681,1241,0.0,-0.0008333472224606453,0.5511684125705116,0.0
119501,0.415006916781941,0.5511684125705076,560,681,1241,0.0,-0.0008333472224535399,0.5511684125705116,0.0
119502,0.4141735695594875,0.5511684125705076,560,681,1241,0.0,-0.0008333472224535399,0.5511684125705116,0.0
119503,0.41334022233703394,0.5511684125705076,560,681,1241,0.0,-0.0008333472224535399,0.5511684125705116,0.0
119504,0.4125068751145804,0.5511684125705076,560,681,1241,0.0,-0.0008333472224535399,0.5511684125705116,0.0
119505,0.41167352789212686,0.5519742143432715,560,681,1241,0.0008058017727639033,-0.0008333472224535399,0.5512489927477879,8.058017727639034e-05
119506,0.4108401806696733,0.5519742143432715,560,681,1241,0.0,-0.0008333472224535399,0.5513295729250643,8.058017727639034e-05
119507,0.4100068334472198,0.5519742143432715,560,681,1241,0.0,-0.0008333472224535399,0.5514101531023406,8.058017727639034e-05
119508,0.40917348622476624,0.5519742143432715,560,681,1241,0.0,-0.0008333472224535399,0.5514907332796171,8.058017727639034e-05
119509,0.4083401390023127,0.5519742143432715,560,681,1241,0.0,-0.0008333472224535399,0.5515713134568934,8.058017727639034e-05
119510,0.40750679177985916,0.5519742143432715,560,681,1241,0.0,-0.0008333472224535399,0.5516518936341697,8.058017727639034e-05
119511,0.4066734445574056,0.5519742143432715,560,681,1241,0.0,-0.0008333472224535399,0.5517324738114461,8.058017727639034e-05
119512,0.4058400973349521,0.5519742143432715,560,681,1241,0.0,-0.0008333472224535399,0.5518130539887224,8.058017727639034e-05
119513,0.40500675011249854,0.5519742143432715,560,681,1241,0.0,-0.0008333472224535399,0.5518936341659988,8.058017727639034e-05
119514,0.404173402890045,0.5519742143432715,560,681,1241,0.0,-0.0008333472224535399,0.5519742143432751,8.058017727639034e-05
119515,0.40334005566759146,0.5519742143432715,560,681,1241,0.0,-0.0008333472224535399,0.5519742143432751,0.0
119516,0.4025067084451379,0.5519742143432715,560,681,1241,0.0,-0.0008333472224535399,0.5519742143432751,0.0
119517,0.4016733612226844,0.5519742143432715,560,681,1241,0.0,-0.0008333472224535399,0.5519742143432751,0.0
119518,0.40084001400023084,0.5519742143432715,560,681,1241,0.0,-0.0008333472224535399,0.5519742143432751,0.0
119519,0.4000066667777773,0.5519742143432715,560,681,1241,0.0,-0.0008333472224535399,0.5519742143432751,0.0
119520,0.39917331955532376,0.5519742143432715,560,681,1241,0.0,-0.0008333472224535399,0.5519742143432751,0.0
119521,0.3983399723328702,0.5519742143432715,560,681,1241,0.0,-0.0008333472224535399,0.5519742143432751,0.0
119522,0.3975066251104167,0.5519742143432715,560,681,1241,0.0,-0.0008333472224535399,0.5519742143432751,0.0
119523,0.39667327788796314,0.5519742143432715,560,681,1241,0.0,-0.0008333472224535399,0.5519742143432751,0.0
119524,0.3958399306655096,0.5519742143432715,560,681,1241,0.0,-0.0008333472224535399,0.5519742143432751,0.0
119525,0.39500658344305606,0.5519742143432715,560,681,1241,0.0,-0.0008333472224535399,0.5519742143432751,0.0
119526,0.3941732362206025,0.5519742143432715,560,681,1241,0.0,-0.0008333472224535399,0.5519742143432751,0.0
119527,0.393339888998149,0.5519742143432715,560,681,1241,0.0,-0.0008333472224535399,0.5519742143432751,0.0
119528,0.39250654177569544,0.5519742143432715,560,681,1241,0.0,-0.0008333472224535399,0.5519742143432751,0.0
119529,0.3916731945532419,0.5519742143432715,560,681,1241,0.0,-0.0008333472224535399,0.5519742143432751,0.0
119530,0.39083984733078836,0.5519742143432715,560,681,1241,0.0,-0.0008333472224535399,0.5519742143432751,0.0
119531,0.3900065001083348,0.5519742143432715,560,681,1241,0.0,-0.0008333472224535399,0.5519742143432751,0.0
119532,0.3891731528858813,0.5519742143432715,560,681,1241,0.0,-0.0008333472224535399,0.5519742143432751,0.0
119533,0.38833980566342774,0.5511684125705076,560,681,1241,-0.0008058017727639033,-0.0008333472224535399,0.5518936341659988,-8.058017727639034e-05
119534,0.3875064584409742,0.5511684125705076,560,681,1241,0.0,-0.0008333472224535399,0.5518130539887224,-8.058017727639034e-05
119535,0.38667311121852066,0.5511684125705076,560,681,1241,0.0,-0.0008333472224535399,0.5517324738114461,-8.058017727639034e-05
119536,0.3858397639960671,0.5511684125705076,560,681,1241,0.0,-0.0008333472224535399,0.5516518936341697,-8.058017727639034e-05
119537,0.3850064167736136,0.5511684125705076,560,681,1241,0.0,-0.0008333472224535399,0.5515713134568934,-8.058017727639034e-05
119538,0.38417306955116004,0.5511684125705076,560,681,1241,0.0,-0.0008333472224535399,0.5514907332796171,-8.058017727639034e-05
119539,0.3833397223287065,0.5511684125705076,560,681,1241,0.0,-0.0008333472224535399,0.5514101531023406,-8.058017727639034e-05
119540,0.38250637510625296,0.5511684125705076,560,681,1241,0.0,-0.0008333472224535399,0.5513295729250643,-8.058017727639034e-05
119541,0.3816730278837994,0.5511684125705076,560,681,1241,0.0,-0.0008333472224535399,0.5512489927477879,-8.058017727639034e-05
119542,0.3808396806613388,0.5511684125705076,560,681,1241,0.0,-0.0008333472224606453,0.5511684125705116,-8.058017727639034e-05
119543,0.38000633343888524,0.5511684125705076,560,681,1241,0.0,-0.0008333472224535399,0.5511684125705116,0.0
119544,0.3791729862164317,0.5511684125705076,560,681,1241,0.0,-0.0008333472224535399,0.5511684125705116,0.0
119545,0.37833963899397816,0.5511684125705076,560,681,1241,0.0,-0.0008333472224535399,0.5511684125705116,0.0
119546,0.3775062917715246,0.5511684125705076,560,681,1241,0.0,-0.0008333472224535399,0.5511684125705116,0.0
119547,0.3766729445490711,0.5511684125705076,560,681,1241,0.0,-0.0008333472224535399,0.5511684125705116,0.0
119548,0.37583959732661754,0.5511684125705076,560,681,1241,0.0,-0.0008333472224535399,0.5511684125705116,0.0
119549,0.375006250104164,0.5511684125705076,560,681,1241,0.0,-0.0008333472224535399,0.5511684125705116,0.0
119550,0.37417290288171046,0.5511684125705076,560,681,1241,0.0,-0.0008333472224535399,0.5511684125705116,0.0
119551,0.3733395556592569,0.5511684125705076,560,681,1241,0.0,-0.0008333472224535399,0.5511684125705116,0.0
119552,0.3725062084368034,0.5511684125705076,560,681,1241,0.0,-0.0008333472224535399,0.5511684125705116,0.0
119553,0.37167286121434984,0.5511684125705076,560,681,1241,0.0,-0.0008333472224535399,0.5511684125705116,0.0
119554,0.3708395139918963,0.5511684125705076,560,681,1241,0.0,-0.0008333472224535399,0.5511684125705116,0.0
119555,0.37000616676944276,0.5511684125705076,560,681,1241,0.0,-0.0008333472224535399,0.5511684125705116,0.0
119556,0.3691728195469892,0.5511684125705076,560,681,1241,0.0,-0.0008333472224535399,0.5511684125705116,0.0
119557,0.3683394723245357,0.5511684125705076,560,681,1241,0.0,-0.0008333472224535399,0.5511684125705116,0.0
119558,0.36750612510208214,0.5511684125705076,560,681,1241,0.0,-0.0008333472224535399,0.5511684125705116,0.0
119559,0.3666727778796286,0.5511684125705076,560,681,1241,0.0,-0.0008333472224535399,0.5511684125705116,0.0
119560,0.36583943065717506,0.5511684125705076,560,681,1241,0.0,-0.0008333472224535399,0.5511684125705116,0.0
119561,0.3650060834347215,0.5511684125705076,560,681,1241,0.0,-0.0008333472224535399,0.5511684125705116,0.0
119562,0.364172736212268,0.5511684125705076,560,681,1241,0.0,-0.0008333472224535399,0.5511684125705116,0.0
119563,0.36333938898981444,0.5511684125705076,560,681,1241,0.0,-0.0008333472224535399,0.5511684125705116,0.0
119564,0.3625060417673609,0.5511684125705076,560,681,1241,0.0,-0.0008333472224535399,0.5511684125705116,0.0
119565,0.36167269454490736,0.5511684125705076,560,681,1241,0.0,-0.0008333472224535399,0.5511684125705116,0.0
119566,0.3608393473224538,0.5511684125705076,560,681,1241,0.0,-0.0008333472224535399,0.5511684125705116,0.0
119567,0.3600060001000003,0.5511684125705076,560,681,1241,0.0,-0.0008333472224535399,0.5511684125705116,0.0
119568,0.35917265287754674,0.5511684125705076,560,681,1241,0.0,-0.0008333472224535399,0.5511684125705116,0.0
119569,0.3583393056550932,0.5511684125705076,560,681,1241,0.0,-0.0008333472224535399,0.5511684125705116,0.0
119570,0.35750595843263966,0.5511684125705076,560,681,1241,0.0,-0.0008333472224535399,0.5511684125705116,0.0
119571,0.3566726112101861,0.5511684125705076,560,681,1241,0.0,-0.0008333472224535399,0.5511684125705116,0.0
119572,0.3558392639877326,0.5511684125705076,560,681,1241,0.0,-0.0008333472224535399,0.5511684125705116,0.0
119573,0.35500591676527904,0.5511684125705076,560,681,1241,0.0,-0.0008333472224535399,0.5511684125705116,0.0
119574,0.3541725695428255,0.5511684125705076,560,681,1241,0.0,-0.0008333472224535399,0.5511684125705116,0.0
119575,0.35333922232037196,0.5511684125705076,560,681,1241,0.0,-0.0008333472224535399,0.5511684125705116,0.0
119576,0.3525058750979184,0.5511684125705076,560,681,1241,0.0,-0.0008333472224535399,0.5511684125705116,0.0
119577,0.3516725278754649,0.5511684125705076,560,681,1241,0.0,-0.0008333472224535399,0.5511684125705116,0.0
119578,0.35083918065301134,0.5511684125705076,560,681,1241,0.0,-0.0008333472224535399,0.5511684125705116,0.0
119579,0.3500058334305578,0.5511684125705076,560,681,1241,0.0,-0.0008333472224535399,0.5511684125705116,0.0
119580,0.34917248620810426,0.5511684125705076,560,681,1241,0.0,-0.0008333472224535399,0.5511684125705116,0.0
119581,0.3483391389856507,0.5511684125705076,560,681,1241,0.0,-0.0008333472224535399,0.5511684125705116,0.0
119582,0.3475057917631972,0.5511684125705076,560,681,1241,0.0,-0.0008333472224535399,0.5511684125705116,0.0
119583,0.34667244454074364,0.5511684125705076,560,681,1241,0.0,-0.0008333472224535399,0.5511684125705116,0.0
119584,0.345839097318283,0.5511684125705076,560,681,1241,0.0,-0.0008333472224606453,0.5511684125705116,0.0
119585,0.34500575009582946,0.5511684125705076,560,681,1241,0.0,-0.0008333472224535399,0.5511684125705116,0.0
119586,0.3441724028733759,0.5511684125705076,560,681,1241,0.0,-0.0008333472224535399,0.5511684125705116,0.0
119587,0.3433390556509224,0.5511684125705076,560,681,1241,0.0,-0.0008333472224535399,0.5511684125705116,0.0
119588,0.34250570842846884,0.5511684125705076,560,681,1241,0.0,-0.0008333472224535399,0.5511684125705116,0.0
119589,0.3416723612060153,0.5511684125705076,560,681,1241,0.0,-0.0008333472224535399,0.5511684125705116,0.0
119590,0.34083901398356176,0.5511684125705076,560,681,1241,0.0,-0.0008333472224535399,0.5511684125705116,0.0
119591,0.3400056667611082,0.5511684125705076,560,681,1241,0.0,-0.0008333472224535399,0.5511684125705116,0.0
119592,0.3391723195386547,0.5511684125705076,560,681,1241,0.0,-0.0008333472224535399,0.5511684125705116,0.0
119593,0.33833897231620114,0.5511684125705076,560,681,1241,0.0,-0.0008333472224535399,0.5511684125705116,0.0
119594,0.3375056250937476,0.5511684125705076,560,681,1241,0.0,-0.0008333472224535399,0.5511684125705116,0.0
119595,0.33667227787129406,0.5511684125705076,560,681,1241,0.0,-0.0008333472224535399,0.5511684125705116,0.0
119596,0.3358389306488405,0.5511684125705076,560,681,1241,0.0,-0.0008333472224535399,0.5511684125705116,0.0
119597,0.335005583426387,0.5511684125705076,560,681,1241,0.0,-0.0008333472224535399,0.5511684125705116,0.0
119598,0.33417223620393344,0.5511684125705076,560,681,1241,0.0,-0.0008333472224535399,0.5511684125705116,0.0
119599,0.3333388889814799,0.5511684125705076,560,681,1241,0.0,-0.0008333472224535399,0.5511684125705116,0.0
119600,0.33250554175902636,0.5511684125705076,560,681,1241,0.0,-0.0008333472224535399,0.5511684125705116,0.0
119601,0.3316721945365728,0.5511684125705076,560,681,1241,0.0,-0.0008333472224535399,0.5511684125705116,0.0
119602,0.3308388473141193,0.5511684125705076,560,681,1241,0.0,-0.0008333472224535399,0.5511684125705116,0.0
119603,0.33000550009166574,0.5511684125705076,560,681,1241,0.0,-0.0008333472224535399,0.5511684125705116,0.0
119604,0.3291721528692122,0.5511684125705076,560,681,1241,0.0,-0.0008333472224535399,0.5511684125705116,0.0
119605,0.32833880564675866,0.5511684125705076,560,681,1241,0.0,-0.0008333472224535399,0.5511684125705116,0.0
119606,0.3275054584243051,0.5511684125705076,560,681,1241,0.0,-0.0008333472224535399,0.5511684125705116,0.0
119607,0.3266721112018516,0.5511684125705076,560,681,1241,0.0,-0.0008333472224535399,0.5511684125705116,0.0
119608,0.32583876397939804,0.5511684125705076,560,681,1241,0.0,-0.0008333472224535399,0.5511684125705116,0.0
119609,0.3250054167569445,0.5511684125705076,560,681,1241,0.0,-0.0008333472224535399,0.5511684125705116,0.0
119610,0.32417206953449096,0.5511684125705076,560,681,1241,0.0,-0.0008333472224535399,0.5511684125705116,0.0
119611,0.3233387223120374,0.5511684125705076,560,681,1241,0.0,-0.0008333472224535399,0.5511684125705116,0.0
119612,0.3225053750895839,0.5511684125705076,560,681,1241,0.0,-0.0008333472224535399,0.5511684125705116,0.0
119613,0.32167202786713034,0.5511684125705076,560,681,1241,0.0,-0.0008333472224535399,0.5511684125705116,0.0
119614,0.3208386806446768,0.5511684125705076,560,681,1241,0.0,-0.0008333472224535399,0.5511684125705116,0.0
119615,0.32000533342222326,0.5511684125705076,560,681,1241,0.0,-0.0008333472224535399,0.5511684125705116,0.0
119616,0.3191719861997697,0.5511684125705076,560,681,1241,0.0,-0.0008333472224535399,0.5511684125705116,0.0
119617,0.3183386389773162,0.5511684125705076,560,681,1241,0.0,-0.0008333472224535399,0.5511684125705116,0.0
119618,0.31750529175486264,0.5511684125705076,560,681,1241,0.0,-0.0008333472224535399,0.5511684125705116,0.0
119619,0.3166719445324091,0.5511684125705076,560,681,1241,0.0,-0.0008333472224535399,0.5511684125705116,0.0
119620,0.31583859730995556,0.5511684125705076,560,681,1241,0.0,-0.0008333472224535399,0.5511684125705116,0.0
119621,0.315005250087502,0.5511684125705076,560,681,1241,0.0,-0.0008333472224535399,0.5511684125705116,0.0
119622,0.3141719028650485,0.5511684125705076,560,681,1241,0.0,-0.0008333472224535399,0.5511684125705116,0.0
119623,0.31333855564259494,0.5511684125705076,560,681,1241,0.0,-0.0008333472224535399,0.5511684125705116,0.0
119624,0.3125052084201414,0.5511684125705076,560,681,1241,0.0,-0.0008333472224535399,0.5511684125705116,0.0
119625,0.31167186119768786,0.5511684125705076,560,681,1241,0.0,-0.0008333472224535399,0.5511684125705116,0.0
119626,0.3108385139752343,0.5511684125705076,560,681,1241,0.0,-0.0008333472224535399,0.5511684125705116,0.0
119627,0.3100051667527737,0.5511684125705076,560,681,1241,0.0,-0.0008333472224606453,0.5511684125705116,0.0
119628,0.30917181953032014,0.5511684125705076,560,681,1241,0.0,-0.0008333472224535399,0.5511684125705116,0.0
119629,0.3083384723078666,0.5511684125705076,560,681,1241,0.0,-0.0008333472224535399,0.5511684125705116,0.0
119630,0.30750512508541306,0.5511684125705076,560,681,1241,0.0,-0.0008333472224535399,0.5511684125705116,0.0
119631,0.3066717778629595,0.5511684125705076,560,681,1241,0.0,-0.0008333472224535399,0.5511684125705116,0.0
119632,0.305838430640506,0.5511684125705076,560,681,1241,0.0,-0.0008333472224535399,0.5511684125705116,0.0
119633,0.30500508341805244,0.5511684125705076,560,681,1241,0.0,-0.0008333472224535399,0.5511684125705116,0.0
119634,0.3041717361955989,0.5511684125705076,560,681,1241,0.0,-0.0008333472224535399,0.5511684125705116,0.0
119635,0.30333838897314536,0.5511684125705076,560,681,1241,0.0,-0.0008333472224535399,0.5511684125705116,0.0
119636,0.3025050417506918,0.5511684125705076,560,681,1241,0.0,-0.0008333472224535399,0.5511684125705116,0.0
119637,0.3016716945282383,0.5511684125705076,560,681,1241,0.0,-0.0008333472224535399,0.5511684125705116,0.0
119638,0.30083834730578474,0.5511684125705076,560,681,1241,0.0,-0.0008333472224535399,0.5511684125705116,0.0
119639,0.3000050000833312,0.5511684125705076,560,681,1241,0.0,-0.0008333472224535399,0.5511684125705116,0.0
119640,0.29917165286087766,0.5511684125705076,560,681,1241,0.0,-0.0008333472224535399,0.5511684125705116,0.0
119641,0.2983383056384241,0.5511684125705076,560,681,1241,0.0,-0.0008333472224535399,0.5511684125705116,0.0
119642,0.2975049584159706,0.5511684125705076,560,681,1241,0.0,-0.0008333472224535399,0.5511684125705116,0.0
119643,0.29667161119351704,0.5511684125705076,560,681,1241,0.0,-0.0008333472224535399,0.5511684125705116,0.0
119644,0.2958382639710635,0.5511684125705076,560,681,1241,0.0,-0.0008333472224535399,0.5511684125705116,0.0
119645,0.29500491674860996,0.5511684125705076,560,681,1241,0.0,-0.0008333472224535399,0.5511684125705116,0.0
119646,0.2941715695261564,0.5511684125705076,560,681,1241,0.0,-0.0008333472224535399,0.5511684125705116,0.0
119647,0.2933382223037029,0.5511684125705076,560,681,1241,0.0,-0.0008333472224535399,0.5511684125705116,0.0
119648,0.29250487508124934,0.5511684125705076,560,681,1241,0.0,-0.0008333472224535399,0.5511684125705116,0.0
119649,0.2916715278587958,0.5511684125705076,560,681,1241,0.0,-0.0008333472224535399,0.5511684125705116,0.0
119650,0.29083818063634226,0.5511684125705076,560,681,1241,0.0,-0.0008333472224535399,0.5511684125705116,0.0
119651,0.2900048334138887,0.5511684125705076,560,681,1241,0.0,-0.0008333472224535399,0.5511684125705116,0.0
119652,0.2891714861914352,0.5511684125705076,560,681,1241,0.0,-0.0008333472224535399,0.5511684125705116,0.0
119653,0.28833813896898164,0.5511684125705076,560,681,1241,0.0,-0.0008333472224535399,0.5511684125705116,0.0
119654,0.2875047917465281,0.5511684125705076,560,681,1241,0.0,-0.0008333472224535399,0.5511684125705116,0.0
119655,0.28667144452407456,0.5511684125705076,560,681,1241,0.0,-0.0008333472224535399,0.5511684125705116,0.0
119656,0.285838097301621,0.5511684125705076,560,681,1241,0.0,-0.0008333472224535399,0.5511684125705116,0.0
119657,0.2850047500791675,0.5511684125705076,560,681,1241,0.0,-0.0008333472224535399,0.5511684125705116,0.0
119658,0.28417140285671394,0.5511684125705076,560,681,1241,0.0,-0.0008333472224535399,0.5511684125705116,0.0
119659,0.2833380556342604,0.5511684125705076,560,681,1241,0.0,-0.0008333472224535399,0.5511684125705116,0.0
119660,0.28250470841180686,0.5511684125705076,560,681,1241,0.0,-0.0008333472224535399,0.5511684125705116,0.0
119661,0.2816713611893533,0.5511684125705076,560,681,1241,0.0,-0.0008333472224535399,0.5511684125705116,0.0
119662,0.2808380139668998,0.5511684125705076,560,681,1241,0.0,-0.0008333472224535399,0.5511684125705116,0.0
119663,0.28000466674444624,0.5511684125705076,560,681,1241,0.0,-0.0008333472224535399,0.5511684125705116,0.0
119664,0.2791713195219927,0.5511684125705076,560,681,1241,0.0,-0.0008333472224535399,0.5511684125705116,0.0
119665,0.27833797229953916,0.5511684125705076,560,681,1241,0.0,-0.0008333472224535399,0.5511684125705116,0.0
119666,0.2775046250770856,0.5511684125705076,560,681,1241,0.0,-0.0008333472224535399,0.5511684125705116,0.0
119667,0.2766712778546321,0.5511684125705076,560,681,1241,0.0,-0.0008333472224535399,0.5511684125705116,0.0
119668,0.27583793063217854,0.5511684125705076,560,681,1241,0.0,-0.0008333472224535399,0.5511684125705116,0.0
119669,0.2750045834097179,0.5511684125705076,560,681,1241,0.0,-0.0008333472224606453,0.5511684125705116,0.0
119670,0.27417123618726436,0.5511684125705076,560,681,1241,0.0,-0.0008333472224535399,0.5511684125705116,0.0
119671,0.2733378889648108,0.5511684125705076,560,681,1241,0.0,-0.0008333472224535399,0.5511684125705116,0.0
119672,0.2725045417423573,0.5511684125705076,560,681,1241,0.0,-0.0008333472224535399,0.5511684125705116,0.0
119673,0.27167119451990374,0.5511684125705076,560,681,1241,0.0,-0.0008333472224535399,0.5511684125705116,0.0
119674,0.2708378472974502,0.5511684125705076,560,681,1241,0.0,-0.0008333472224535399,0.5511684125705116,0.0
119675,0.27000450007499666,0.5511684125705076,560,681,1241,0.0,-0.0008333472224535399,0.5511684125705116,0.0
119676,0.2691711528525431,0.5511684125705076,560,681,1241,0.0,-0.0008333472224535399,0.5511684125705116,0.0
119677,0.2683378056300896,0.5511684125705076,560,681,1241,0.0,-0.0008333472224535399,0.5511684125705116,0.0
119678,0.26750445840763604,0.5511684125705076,560,681,1241,0.0,-0.0008333472224535399,0.5511684125705116,0.0
119679,0.2666711111851825,0.5511684125705076,560,681,1241,0.0,-0.0008333472224535399,0.5511684125705116,0.0
119680,0.26583776396272896,0.5511684125705076,560,681,1241,0.0,-0.0008333472224535399,0.5511684125705116,0.0
119681,0.2650044167402754,0.5511684125705076,560,681,1241,0.0,-0.0008333472224535399,0.5511684125705116,0.0
119682,0.2641710695178219,0.5511684125705076,560,681,1241,0.0,-0.0008333472224535399,0.5511684125705116,0.0
119683,0.26333772229536834,0.5511684125705076,560,681,1241,0.0,-0.0008333472224535399,0.5511684125705116,0.0
119684,0.2625043750729148,0.5511684125705076,560,681,1241,0.0,-0.0008333472224535399,0.5511684125705116,0.0
119685,0.26167102785046126,0.5511684125705076,560,681,1241,0.0,-0.0008333472224535399,0.5511684125705116,0.0
119686,0.2608376806280077,0.5511684125705076,560,681,1241,0.0,-0.0008333472224535399,0.5511684125705116,0.0
119687,0.2600043334055542,0.5511684125705076,560,681,1241,0.0,-0.0008333472224535399,0.5511684125705116,0.0
119688,0.25917098618310064,0.5511684125705076,560,681,1241,0.0,-0.0008333472224535399,0.5511684125705116,0.0
119689,0.2583376389606471,0.5511684125705076,560,681,1241,0.0,-0.0008333472224535399,0.5511684125705116,0.0
119690,0.25750429173819356,0.5511684125705076,560,681,1241,0.0,-0.0008333472224535399,0.5511684125705116,0.0
119691,0.25667094451574,0.5511684125705076,560,681,1241,0.0,-0.0008333472224535399,0.5511684125705116,0.0
119692,0.2558375972932865,0.5511684125705076,560,681,1241,0.0,-0.0008333472224535399,0.5511684125705116,0.0
119693,0.25500425007083294,0.5511684125705076,560,681,1241,0.0,-0.0008333472224535399,0.5511684125705116,0.0
119694,0.2541709028483794,0.5511684125705076,560,681,1241,0.0,-0.0008333472224535399,0.5511684125705116,0.0
119695,0.25333755562592586,0.5511684125705076,560,681,1241,0.0,-0.0008333472224535399,0.5511684125705116,0.0
119696,0.2525042084034723,0.5511684125705076,560,681,1241,0.0,-0.0008333472224535399,0.5511684125705116,0.0
119697,0.2516708611810188,0.5511684125705076,560,681,1241,0.0,-0.0008333472224535399,0.5511684125705116,0.0
119698,0.25083751395856524,0.5511684125705076,560,681,1241,0.0,-0.0008333472224535399,0.5511684125705116,0.0
119699,0.2500041667361117,0.5511684125705076,560,681,1241,0.0,-0.0008333472224535399,0.5511684125705116,0.0
119700,0.24917081951365816,0.5511684125705076,560,681,1241,0.0,-0.0008333472224535399,0.5511684125705116,0.0
119701,0.24833747229120462,0.5511684125705076,560,681,1241,0.0,-0.0008333472224535399,0.5511684125705116,0.0
119702,0.24750412506875108,0.5511684125705076,560,681,1241,0.0,-0.0008333472224535399,0.5511684125705116,0.0
119703,0.24667077784629754,0.5511684125705076,560,681,1241,0.0,-0.0008333472224535399,0.5511684125705116,0.0
119704,0.245837430623844,0.5511684125705076,560,681,1241,0.0,-0.0008333472224535399,0.5511684125705116,0.0
119705,0.24500408340139046,0.5511684125705076,560,681,1241,0.0,-0.0008333472224535399,0.5511684125705116,0.0
119706,0.24417073617893692,0.5511684125705076,560,681,1241,0.0,-0.0008333472224535399,0.5511684125705116,0.0
119707,0.24333738895648338,0.5511684125705076,560,681,1241,0.0,-0.0008333472224535399,0.5511684125705116,0.0
119708,0.24250404173402984,0.5511684125705076,560,681,1241,0.0,-0.0008333472224535399,0.5511684125705116,0.0
119709,0.2416706945115763,0.5511684125705076,560,681,1241,0.0,-0.0008333472224535399,0.5511684125705116,0.0
119710,0.24083734728912276,0.5511684125705076,560,681,1241,0.0,-0.0008333472224535399,0.5511684125705116,0.0
119711,0.24000400006666922,0.5511684125705076,560,681,1241,0.0,-0.0008333472224535399,0.5511684125705116,0.0
119712,0.23917065284420858,0.5511684125705076,560,681,1241,0.0,-0.0008333472224606453,0.5511684125705116,0.0
119713,0.23833730562175504,0.5511684125705076,560,681,1241,0.0,-0.0008333472224535399,0.5511684125705116,0.0
119714,0.2375039583993015,0.5511684125705076,560,681,1241,0.0,-0.0008333472224535399,0.5511684125705116,0.0
119715,0.23667061117684796,0.5511684125705076,560,681,1241,0.0,-0.0008333472224535399,0.5511684125705116,0.0
119716,0.23583726395439442,0.5511684125705076,560,681,1241,0.0,-0.0008333472224535399,0.5511684125705116,0.0
119717,0.23500391673194088,0.5511684125705076,560,681,1241,0.0,-0.0008333472224535399,0.5511684125705116,0.0
119718,0.23417056950948734,0.5511684125705076,560,681,1241,0.0,-0.0008333472224535399,0.5511684125705116,0.0
119719,0.2333372222870338,0.5511684125705076,560,681,1241,0.0,-0.0008333472224535399,0.5511684125705116,0.0
119720,0.23250387506458026,0.5511684125705076,560,681,1241,0.0,-0.0008333472224535399,0.5511684125705116,0.0
119721,0.23167052784212672,0.5511684125705076,560,681,1241,0.0,-0.0008333472224535399,0.5511684125705116,0.0
119722,0.23083718061967318,0.5511684125705076,560,681,1241,0.0,-0.0008333472224535399,0.5511684125705116,0.0
119723,0.23000383339721964,0.5511684125705076,560,681,1241,0.0,-0.0008333472224535399,0.5511684125705116,0.0
119724,0.2291704861747661,0.5511684125705076,560,681,1241,0.0,-0.0008333472224535399,0.5511684125705116,0.0
119725,0.22833713895231256,0.5511684125705076,560,681,1241,0.0,-0.0008333472224535399,0.5511684125705116,0.0
119726,0.22750379172985902,0.5511684125705076,560,681,1241,0.0,-0.0008333472224535399,0.5511684125705116,0.0
119727,0.22667044450740548,0.5511684125705076,560,681,1241,0.0,-0.0008333472224535399,0.5511684125705116,0.0
119728,0.22583709728495194,0.5511684125705076,560,681,1241,0.0,-0.0008333472224535399,0.5511684125705116,0.0
119729,0.2250037500624984,0.5511684125705076,560,681,1241,0.0,-0.0008333472224535399,0.5511684125705116,0.0
119730,0.22417040284004486,0.5511684125705076,560,681,1241,0.0,-0.0008333472224535399,0.5511684125705116,0.0
119731,0.22333705561759132,0.5511684125705076,560,681,1241,0.0,-0.0008333472224535399,0.5511684125705116,0.0
119732,0.22250370839513778,0.5511684125705076,560,681,1241,0.0,-0.0008333472224535399,0.5511684125705116,0.0
119733,0.22167036117268424,0.5511684125705076,560,681,1241,0.0,-0.0008333472224535399,0.5511684125705116,0.0
119734,0.2208370139502307,0.5511684125705076,560,681,1241,0.0,-0.0008333472224535399,0.5511684125705116,0.0
119735,0.22000366672777716,0.5511684125705076,560,681,1241,0.0,-0.0008333472224535399,0.5511684125705116,0.0
119736,0.21917031950532362,0.5511684125705076,560,681,1241,0.0,-0.0008333472224535399,0.5511684125705116,0.0
119737,0.21833697228287008,0.5511684125705076,560,681,1241,0.0,-0.0008333472224535399,0.5511684125705116,0.0
119738,0.21750362506041654,0.5511684125705076,560,681,1241,0.0,-0.0008333472224535399,0.5511684125705116,0.0
119739,0.216670277837963,0.5511684125705076,560,681,1241,0.0,-0.0008333472224535399,0.5511684125705116,0.0
119740,0.21583693061550946,0.5511684125705076,560,681,1241,0.0,-0.0008333472224535399,0.5511684125705116,0.0
119741,0.21500358339305592,0.5511684125705076,560,681,1241,0.0,-0.0008333472224535399,0.5511684125705116,0.0
119742,0.21417023617060238,0.5511684125705076,560,681,1241,0.0,-0.0008333472224535399,0.5511684125705116,0.0
119743,0.21333688894814884,0.5511684125705076,560,681,1241,0.0,-0.0008333472224535399,0.5511684125705116,0.0
119744,0.2125035417256953,0.5511684125705076,560,681,1241,0.0,-0.0008333472224535399,0.5511684125705116,0.0
119745,0.21167019450324176,0.5511684125705076,560,681,1241,0.0,-0.0008333472224535399,0.5511684125705116,0.0
119746,0.21083684728078822,0.5511684125705076,560,681,1241,0.0,-0.0008333472224535399,0.5511684125705116,0.0
119747,0.21000350005833468,0.5511684125705076,560,681,1241,0.0,-0.0008333472224535399,0.5511684125705116,0.0
119748,0.20917015283588114,0.5511684125705076,560,681,1241,0.0,-0.0008333472224535399,0.5511684125705116,0.0
119749,0.2083368056134276,0.5511684125705076,560,681,1241,0.0,-0.0008333472224535399,0.5511684125705116,0.0
119750,0.20750345839097406,0.5511684125705076,560,681,1241,0.0,-0.0008333472224535399,0.5511684125705116,0.0
119751,0.20667011116852052,0.5511684125705076,560,681,1241,0.0,-0.0008333472224535399,0.5511684125705116,0.0
119752,0.20583676394606698,0.5511684125705076,560,681,1241,0.0,-0.0008333472224535399,0.5511684125705116,0.0
119753,0.20500341672361344,0.5511684125705076,560,681,1241,0.0,-0.0008333472224535399,0.5511684125705116,0.0
119754,0.2041700695011528,0.5511684125705076,560,681,1241,0.0,-0.0008333472224606453,0.5511684125705116,0.0
119755,0.20333672227869926,0.5511684125705076,560,681,1241,0.0,-0.0008333472224535399,0.5511684125705116,0.0
119756,0.20250337505624572,0.5511684125705076,560,681,1241,0.0,-0.0008333472224535399,0.5511684125705116,0.0
119757,0.20167002783379218,0.5511684125705076,560,681,1241,0.0,-0.0008333472224535399,0.5511684125705116,0.0
119758,0.20083668061133864,0.5511684125705076,560,681,1241,0.0,-0.0008333472224535399,0.5511684125705116,0.0
119759,0.2000033333888851,0.5511684125705076,560,681,1241,0.0,-0.0008333472224535399,0.5511684125705116,0.0
119760,0.19916998616643156,0.5511684125705076,560,681,1241,0.0,-0.0008333472224535399,0.5511684125705116,0.0
119761,0.19833663894397802,0.5511684125705076,560,681,1241,0.0,-0.0008333472224535399,0.5511684125705116,0.0
119762,0.19750329172152448,0.5511684125705076,560,681,1241,0.0,-0.0008333472224535399,0.5511684125705116,0.0
119763,0.19666994449907094,0.5511684125705076,560,681,1241,0.0,-0.0008333472224535399,0.5511684125705116,0.0
119764,0.1958365972766174,0.5511684125705076,560,681,1241,0.0,-0.0008333472224535399,0.5511684125705116,0.0
119765,0.19500325005416386,0.5511684125705076,560,681,1241,0.0,-0.0008333472224535399,0.5511684125705116,0.0
119766,0.19416990283171032,0.5511684125705076,560,681,1241,0.0,-0.0008333472224535399,0.5511684125705116,0.0
119767,0.19333655560925678,0.5511684125705076,560,681,1241,0.0,-0.0008333472224535399,0.5511684125705116,0.0
119768,0.19250320838680324,0.5511684125705076,560,681,1241,0.0,-0.0008333472224535399,0.5511684125705116,0.0
119769,0.1916698611643497,0.5511684125705076,560,681,1241,0.0,-0.0008333472224535399,0.5511684125705116,0.0
119770,0.19083651394189616,0.5511684125705076,560,681,1241,0.0,-0.0008333472224535399,0.5511684125705116,0.0
119771,0.19000316671944262,0.5511684125705076,560,681,1241,0.0,-0.0008333472224535399,0.5511684125705116,0.0
119772,0.18916981949698908,0.5511684125705076,560,681,1241,0.0,-0.0008333472224535399,0.5511684125705116,0.0
119773,0.18833647227453554,0.5511684125705076,560,681,1241,0.0,-0.0008333472224535399,0.5511684125705116,0.0
119774,0.187503125052082,0.5511684125705076,560,681,1241,0.0,-0.0008333472224535399,0.5511684125705116,0.0
119775,0.18666977782962846,0.5511684125705076,560,681,1241,0.0,-0.0008333472224535399,0.5511684125705116,0.0
119776,0.18583643060717492,0.5511684125705076,560,681,1241,0.0,-0.0008333472224535399,0.5511684125705116,0.0
119777,0.18500308338472138,0.5511684125705076,560,681,1241,0.0,-0.0008333472224535399,0.5511684125705116,0.0
119778,0.18416973616226784,0.5511684125705076,560,681,1241,0.0,-0.0008333472224535399,0.5511684125705116,0.0
119779,0.1833363889398143,0.5511684125705076,560,681,1241,0.0,-0.0008333472224535399,0.5511684125705116,0.0
119780,0.18250304171736076,0.5511684125705076,560,681,1241,0.0,-0.0008333472224535399,0.5511684125705116,0.0
119781,0.18166969449490722,0.5511684125705076,560,681,1241,0.0,-0.0008333472224535399,0.5511684125705116,0.0
119782,0.18083634727245368,0.5511684125705076,560,681,1241,0.0,-0.0008333472224535399,0.5511684125705116,0.0
119783,0.18000300005000014,0.5511684125705076,560,681,1241,0.0,-0.0008333472224535399,0.5511684125705116,0.0
119784,0.1791696528275466,0.5511684125705076,560,681,1241,0.0,-0.0008333472224535399,0.5511684125705116,0.0
119785,0.17833630560509306,0.5511684125705076,560,681,1241,0.0,-0.0008333472224535399,0.5511684125705116,0.0
119786,0.17750295838263952,0.5511684125705076,560,681,1241,0.0,-0.0008333472224535399,0.5511684125705116,0.0
119787,0.17666961116018598,0.5511684125705076,560,681,1241,0.0,-0.0008333472224535399,0.5511684125705116,0.0
119788,0.17583626393773244,0.5511684125705076,560,681,1241,0.0,-0.0008333472224535399,0.5511684125705116,0.0
119789,0.1750029167152789,0.5511684125705076,560,681,1241,0.0,-0.0008333472224535399,0.5511684125705116,0.0
119790,0.17416956949282536,0.5511684125705076,560,681,1241,0.0,-0.0008333472224535399,0.5511684125705116,0.0
119791,0.17333622227037182,0.5511684125705076,560,681,1241,0.0,-0.0008333472224535399,0.5511684125705116,0.0
119792,0.17250287504791828,0.5511684125705076,560,681,1241,0.0,-0.0008333472224535399,0.5511684125705116,0.0
119793,0.17166952782546474,0.5511684125705076,560,681,1241,0.0,-0.0008333472224535399,0.5511684125705116,0.0
119794,0.1708361806030112,0.5511684125705076,560,681,1241,0.0,-0.0008333472224535399,0.5511684125705116,0.0
119795,0.17000283338055766,0.5511684125705076,560,681,1241,0.0,-0.0008333472224535399,0.5511684125705116,0.0
119796,0.16916948615809702,0.5511684125705076,560,681,1241,0.0,-0.0008333472224606453,0.5511684125705116,0.0
119797,0.16833613893564348,0.5511684125705076,560,681,1241,0.0,-0.0008333472224535399,0.5511684125705116,0.0
119798,0.16750279171318994,0.5511684125705076,560,681,1241,0.0,-0.0008333472224535399,0.5511684125705116,0.0
119799,0.1666694444907364,0.5511684125705076,560,681,1241,0.0,-0.0008333472224535399,0.5511684125705116,0.0
119800,0.16583609726828286,0.5511684125705076,560,681,1241,0.0,-0.0008333472224535399,0.5511684125705116,0.0
119801,0.16500275004582932,0.5511684125705076,560,681,1241,0.0,-0.0008333472224535399,0.5511684125705116,0.0
119802,0.16416940282337578,0.5511684125705076,560,681,1241,0.0,-0.0008333472224535399,0.5511684125705116,0.0
119803,0.16333605560092224,0.5511684125705076,560,681,1241,0.0,-0.0008333472224535399,0.5511684125705116,0.0
119804,0.1625027083784687,0.5511684125705076,560,681,1241,0.0,-0.0008333472224535399,0.5511684125705116,0.0
119805,0.16166936115601516,0.5511684125705076,560,681,1241,0.0,-0.0008333472224535399,0.5511684125705116,0.0
119806,0.16083601393356162,0.5511684125705076,560,681,1241,0.0,-0.0008333472224535399,0.5511684125705116,0.0
119807,0.16000266671110808,0.5511684125705076,560,681,1241,0.0,-0.0008333472224535399,0.5511684125705116,0.0
119808,0.15916931948865454,0.5511684125705076,560,681,1241,0.0,-0.0008333472224535399,0.5511684125705116,0.0
119809,0.158335972266201,0.5511684125705076,560,681,1241,0.0,-0.0008333472224535399,0.5511684125705116,0.0
119810,0.15750262504374746,0.5511684125705076,560,681,1241,0.0,-0.0008333472224535399,0.5511684125705116,0.0
119811,0.15666927782129392,0.5511684125705076,560,681,1241,0.0,-0.0008333472224535399,0.5511684125705116,0.0
119812,0.15583593059884038,0.5511684125705076,560,681,1241,0.0,-0.0008333472224535399,0.5511684125705116,0.0
119813,0.15500258337638684,0.5511684125705076,560,681,1241,0.0,-0.0008333472224535399,0.5511684125705116,0.0
119814,0.1541692361539333,0.5511684125705076,560,681,1241,0.0,-0.0008333472224535399,0.5511684125705116,0.0
119815,0.15333588893147976,0.5511684125705076,560,681,1241,0.0,-0.0008333472224535399,0.5511684125705116,0.0
119816,0.15250254170902622,0.5519742143432715,560,681,1241,0.0008058017727639033,-0.0008333472224535399,0.5512489927477879,8.058017727639034e-05
119817,0.15166919448657268,0.5519742143432715,560,681,1241,0.0,-0.0008333472224535399,0.5513295729250643,8.058017727639034e-05
119818,0.15083584726411914,0.5519742143432715,560,681,1241,0.0,-0.0008333472224535399,0.5514101531023406,8.058017727639034e-05
119819,0.1500025000416656,0.5519742143432715,560,681,1241,0.0,-0.0008333472224535399,0.5514907332796171,8.058017727639034e-05
119820,0.14916915281921206,0.5519742143432715,560,681,1241,0.0,-0.0008333472224535399,0.5515713134568934,8.058017727639034e-05
119821,0.14833580559675852,0.5527800161160354,560,681,1241,0.0008058017727639033,-0.0008333472224535399,0.5517324738114461,0.00016116035455278067
119822,0.14750245837430498,0.5527800161160354,560,681,1241,0.0,-0.0008333472224535399,0.5518936341659988,0.00016116035455278067
119823,0.14666911115185144,0.5527800161160354,560,681,1241,0.0,-0.0008333472224535399,0.5520547945205514,0.00016116035455278067
119824,0.1458357639293979,0.5519742143432715,560,681,1241,-0.0008058017727639033,-0.0008333472224535399,0.5521353746978278,8.058017727639034e-05
119825,0.14500241670694436,0.5519742143432715,560,681,1241,0.0,-0.0008333472224535399,0.5522159548751041,8.058017727639034e-05
119826,0.14416906948449082,0.5519742143432715,560,681,1241,0.0,-0.0008333472224535399,0.5522159548751041,0.0
119827,0.14333572226203728,0.5519742143432715,560,681,1241,0.0,-0.0008333472224535399,0.5522159548751041,0.0
119828,0.14250237503958374,0.5519742143432715,560,681,1241,0.0,-0.0008333472224535399,0.5522159548751041,0.0
119829,0.1416690278171302,0.5519742143432715,560,681,1241,0.0,-0.0008333472224535399,0.5522159548751041,0.0
119830,0.14083568059467666,0.5519742143432715,560,681,1241,0.0,-0.0008333472224535399,0.5522159548751041,0.0
119831,0.14000233337222312,0.5519742143432715,560,681,1241,0.0,-0.0008333472224535399,0.5521353746978278,-8.058017727639034e-05
119832,0.13916898614976958,0.5519742143432715,560,681,1241,0.0,-0.0008333472224535399,0.5520547945205514,-8.058017727639034e-05
119833,0.13833563892731604,0.5519742143432715,560,681,1241,0.0,-0.0008333472224535399,0.5519742143432751,-8.058017727639034e-05
119834,0.1375022917048625,0.5519742143432715,560,681,1241,0.0,-0.0008333472224535399,0.5519742143432751,0.0
119835,0.13666894448240896,0.5519742143432715,560,681,1241,0.0,-0.0008333472224535399,0.5519742143432751,0.0
119836,0.13583559725995542,0.5519742143432715,560,681,1241,0.0,-0.0008333472224535399,0.5519742143432751,0.0
119837,0.13500225003750188,0.5519742143432715,560,681,1241,0.0,-0.0008333472224535399,0.5519742143432751,0.0
119838,0.13416890281504834,0.5519742143432715,560,681,1241,0.0,-0.0008333472224535399,0.5519742143432751,0.0
119839,0.1333355555925877,0.5519742143432715,560,681,1241,0.0,-0.0008333472224606453,0.5519742143432751,0.0
119840,0.13250220837013416,0.5519742143432715,560,681,1241,0.0,-0.0008333472224535399,0.5519742143432751,0.0
119841,0.13166886114768062,0.5519742143432715,560,681,1241,0.0,-0.0008333472224535399,0.5519742143432751,0.0
119842,0.13083551392522708,0.5519742143432715,560,681,1241,0.0,-0.0008333472224535399,0.5519742143432751,0.0
119843,0.13000216670277354,0.5519742143432715,560,681,1241,0.0,-0.0008333472224535399,0.5519742143432751,0.0
119844,0.12916881948032,0.5519742143432715,560,681,1241,0.0,-0.0008333472224535399,0.5519742143432751,0.0
119845,0.12833547225786646,0.5519742143432715,560,681,1241,0.0,-0.0008333472224535399,0.5519742143432751,0.0
119846,0.12750212503541292,0.5519742143432715,560,681,1241,0.0,-0.0008333472224535399,0.5519742143432751,0.0
119847,0.12666877781295938,0.5519742143432715,560,681,1241,0.0,-0.0008333472224535399,0.5519742143432751,0.0
119848,0.12583543059050584,0.5519742143432715,560,681,1241,0.0,-0.0008333472224535399,0.5519742143432751,0.0
119849,0.1250020833680523,0.5519742143432715,560,681,1241,0.0,-0.0008333472224535399,0.5519742143432751,0.0
119850,0.12416873614559876,0.5519742143432715,560,681,1241,0.0,-0.0008333472224535399,0.5519742143432751,0.0
119851,0.12333538892314522,0.5519742143432715,560,681,1241,0.0,-0.0008333472224535399,0.5519742143432751,0.0
119852,0.12250204170069168,0.5519742143432715,560,681,1241,0.0,-0.0008333472224535399,0.5519742143432751,0.0
119853,0.12166869447823814,0.5519742143432715,560,681,1241,0.0,-0.0008333472224535399,0.5519742143432751,0.0
119854,0.1208353472557846,0.5519742143432715,560,681,1241,0.0,-0.0008333472224535399,0.5519742143432751,0.0
119855,0.12000200003333106,0.5519742143432715,560,681,1241,0.0,-0.0008333472224535399,0.5519742143432751,0.0
119856,0.11916865281087752,0.5519742143432715,560,681,1241,0.0,-0.0008333472224535399,0.5519742143432751,0.0
119857,0.11833530558842398,0.5519742143432715,560,681,1241,0.0,-0.0008333472224535399,0.5519742143432751,0.0
119858,0.11750195836597044,0.5519742143432715,560,681,1241,0.0,-0.0008333472224535399,0.5519742143432751,0.0
119859,0.1166686111435169,0.5519742143432715,560,681,1241,0.0,-0.0008333472224535399,0.5519742143432751,0.0
119860,0.11583526392106336,0.5519742143432715,560,681,1241,0.0,-0.0008333472224535399,0.5519742143432751,0.0
119861,0.11500191669860982,0.5519742143432715,560,681,1241,0.0,-0.0008333472224535399,0.5519742143432751,0.0
119862,0.11416856947615628,0.5519742143432715,560,681,1241,0.0,-0.0008333472224535399,0.5519742143432751,0.0
119863,0.11333522225370274,0.5519742143432715,560,681,1241,0.0,-0.0008333472224535399,0.5519742143432751,0.0
119864,0.1125018750312492,0.5519742143432715,560,681,1241,0.0,-0.0008333472224535399,0.5519742143432751,0.0
119865,0.11166852780879566,0.5519742143432715,560,681,1241,0.0,-0.0008333472224535399,0.5519742143432751,0.0
119866,0.11083518058634212,0.5519742143432715,560,681,1241,0.0,-0.0008333472224535399,0.5519742143432751,0.0
119867,0.11000183336388858,0.5519742143432715,560,681,1241,0.0,-0.0008333472224535399,0.5519742143432751,0.0
119868,0.10916848614143504,0.5519742143432715,560,681,1241,0.0,-0.0008333472224535399,0.5519742143432751,0.0
119869,0.1083351389189815,0.5519742143432715,560,681,1241,0.0,-0.0008333472224535399,0.5519742143432751,0.0
119870,0.10750179169652796,0.5519742143432715,560,681,1241,0.0,-0.0008333472224535399,0.5519742143432751,0.0
119871,0.10666844447407442,0.5519742143432715,560,681,1241,0.0,-0.0008333472224535399,0.5519742143432751,0.0
119872,0.10583509725162088,0.5519742143432715,560,681,1241,0.0,-0.0008333472224535399,0.5519742143432751,0.0
119873,0.10500175002916734,0.5519742143432715,560,681,1241,0.0,-0.0008333472224535399,0.5519742143432751,0.0
119874,0.1041684028067138,0.5519742143432715,560,681,1241,0.0,-0.0008333472224535399,0.5519742143432751,0.0
119875,0.10333505558426026,0.5519742143432715,560,681,1241,0.0,-0.0008333472224535399,0.5519742143432751,0.0
119876,0.10250170836180672,0.5519742143432715,560,681,1241,0.0,-0.0008333472224535399,0.5519742143432751,0.0
119877,0.10166836113935318,0.5519742143432715,560,681,1241,0.0,-0.0008333472224535399,0.5519742143432751,0.0
119878,0.10083501391689964,0.5519742143432715,560,681,1241,0.0,-0.0008333472224535399,0.5519742143432751,0.0
119879,0.1000016666944461,0.5519742143432715,560,681,1241,0.0,-0.0008333472224535399,0.5519742143432751,0.0
119880,0.09916831947199256,0.5519742143432715,560,681,1241,0.0,-0.0008333472224535399,0.5519742143432751,0.0
119881,0.09833497224953192,0.5519742143432715,560,681,1241,0.0,-0.0008333472224606453,0.5519742143432751,0.0
119882,0.09750162502707838,0.5519742143432715,560,681,1241,0.0,-0.0008333472224535399,0.5519742143432751,0.0
119883,0.09666827780462484,0.5519742143432715,560,681,1241,0.0,-0.0008333472224535399,0.5519742143432751,0.0
119884,0.0958349305821713,0.5519742143432715,560,681,1241,0.0,-0.0008333472224535399,0.5519742143432751,0.0
119885,0.09500158335971776,0.5519742143432715,560,681,1241,0.0,-0.0008333472224535399,0.5519742143432751,0.0
119886,0.09416823613726422,0.5519742143432715,560,681,1241,0.0,-0.0008333472224535399,0.5519742143432751,0.0
119887,0.09333488891481068,0.5519742143432715,560,681,1241,0.0,-0.0008333472224535399,0.5519742143432751,0.0
119888,0.09250154169235714,0.5519742143432715,560,681,1241,0.0,-0.0008333472224535399,0.5519742143432751,0.0
119889,0.0916681944699036,0.5519742143432715,560,681,1241,0.0,-0.0008333472224535399,0.5519742143432751,0.0
119890,0.09083484724745006,0.5519742143432715,560,681,1241,0.0,-0.0008333472224535399,0.5519742143432751,0.0
119891,0.09000150002499652,0.5519742143432715,560,681,1241,0.0,-0.0008333472224535399,0.5519742143432751,0.0
119892,0.08916815280254298,0.5519742143432715,560,681,1241,0.0,-0.0008333472224535399,0.5519742143432751,0.0
119893,0.08833480558008944,0.5519742143432715,560,681,1241,0.0,-0.0008333472224535399,0.5519742143432751,0.0
119894,0.0875014583576359,0.5519742143432715,560,681,1241,0.0,-0.0008333472224535399,0.5519742143432751,0.0
119895,0.08666811113518236,0.5519742143432715,560,681,1241,0.0,-0.0008333472224535399,0.5519742143432751,0.0
119896,0.08583476391272882,0.5519742143432715,560,681,1241,0.0,-0.0008333472224535399,0.5519742143432751,0.0
119897,0.08500141669027528,0.5519742143432715,560,681,1241,0.0,-0.0008333472224535399,0.5519742143432751,0.0
119898,0.08416806946782174,0.5519742143432715,560,681,1241,0.0,-0.0008333472224535399,0.5519742143432751,0.0
119899,0.0833347222453682,0.5519742143432715,560,681,1241,0.0,-0.0008333472224535399,0.5519742143432751,0.0
119900,0.08250137502291466,0.5519742143432715,560,681,1241,0.0,-0.0008333472224535399,0.5519742143432751,0.0
119901,0.08166802780046112,0.5519742143432715,560,681,1241,0.0,-0.0008333472224535399,0.5519742143432751,0.0
119902,0.08083468057800758,0.5519742143432715,560,681,1241,0.0,-0.0008333472224535399,0.5519742143432751,0.0
119903,0.08000133335555404,0.5519742143432715,560,681,1241,0.0,-0.0008333472224535399,0.5519742143432751,0.0
119904,0.0791679861331005,0.5519742143432715,560,681,1241,0.0,-0.0008333472224535399,0.5519742143432751,0.0
119905,0.07833463891064696,0.5519742143432715,560,681,1241,0.0,-0.0008333472224535399,0.5519742143432751,0.0
119906,0.07750129168819342,0.5519742143432715,560,681,1241,0.0,-0.0008333472224535399,0.5519742143432751,0.0
119907,0.07666794446573988,0.5519742143432715,560,681,1241,0.0,-0.0008333472224535399,0.5519742143432751,0.0
119908,0.07583459724328634,0.5511684125705076,560,681,1241,-0.0008058017727639033,-0.0008333472224535399,0.5518936341659988,-8.058017727639034e-05
119909,0.0750012500208328,0.5511684125705076,560,681,1241,0.0,-0.0008333472224535399,0.5518130539887224,-8.058017727639034e-05
119910,0.07416790279837926,0.5511684125705076,560,681,1241,0.0,-0.0008333472224535399,0.5517324738114461,-8.058017727639034e-05
119911,0.07333455557592572,0.5511684125705076,560,681,1241,0.0,-0.0008333472224535399,0.5516518936341697,-8.058017727639034e-05
119912,0.07250120835347218,0.5511684125705076,560,681,1241,0.0,-0.0008333472224535399,0.5515713134568934,-8.058017727639034e-05
119913,0.07166786113101864,0.5511684125705076,560,681,1241,0.0,-0.0008333472224535399,0.5514907332796171,-8.058017727639034e-05
119914,0.0708345139085651,0.5511684125705076,560,681,1241,0.0,-0.0008333472224535399,0.5514101531023406,-8.058017727639034e-05
119915,0.07000116668611156,0.5511684125705076,560,681,1241,0.0,-0.0008333472224535399,0.5513295729250643,-8.058017727639034e-05
119916,0.06916781946365802,0.5511684125705076,560,681,1241,0.0,-0.0008333472224535399,0.5512489927477879,-8.058017727639034e-05
119917,0.06833447224120448,0.5511684125705076,560,681,1241,0.0,-0.0008333472224535399,0.5511684125705116,-8.058017727639034e-05
119918,0.06750112501875094,0.5511684125705076,560,681,1241,0.0,-0.0008333472224535399,0.5511684125705116,0.0
119919,0.0666677777962974,0.5511684125705076,560,681,1241,0.0,-0.0008333472224535399,0.5511684125705116,0.0
119920,0.06583443057384386,0.5511684125705076,560,681,1241,0.0,-0.0008333472224535399,0.5511684125705116,0.0
119921,0.06500108335139032,0.5511684125705076,560,681,1241,0.0,-0.0008333472224535399,0.5511684125705116,0.0
119922,0.06416773612893678,0.5511684125705076,560,681,1241,0.0,-0.0008333472224535399,0.5511684125705116,0.0
119923,0.06333438890647614,0.5511684125705076,560,681,1241,0.0,-0.0008333472224606453,0.5511684125705116,0.0
119924,0.0625010416840226,0.5511684125705076,560,681,1241,0.0,-0.0008333472224535399,0.5511684125705116,0.0
119925,0.061667694461569056,0.5511684125705076,560,681,1241,0.0,-0.0008333472224535399,0.5511684125705116,0.0
119926,0.060834347239115516,0.5511684125705076,560,681,1241,0.0,-0.0008333472224535399,0.5511684125705116,0.0
119927,0.060001000016661976,0.5511684125705076,560,681,1241,0.0,-0.0008333472224535399,0.5511684125705116,0.0
119928,0.059167652794208436,0.5511684125705076,560,681,1241,0.0,-0.0008333472224535399,0.5511684125705116,0.0
119929,0.058334305571754896,0.5511684125705076,560,681,1241,0.0,-0.0008333472224535399,0.5511684125705116,0.0
119930,0.057500958349301357,0.5511684125705076,560,681,1241,0.0,-0.0008333472224535399,0.5511684125705116,0.0
119931,0.05666761112684782,0.5511684125705076,560,681,1241,0.0,-0.0008333472224535399,0.5511684125705116,0.0
119932,0.05583426390439428,0.5511684125705076,560,681,1241,0.0,-0.0008333472224535399,0.5511684125705116,0.0
119933,0.05500091668194074,0.5511684125705076,560,681,1241,0.0,-0.0008333472224535399,0.5511684125705116,0.0
119934,0.0541675694594872,0.5511684125705076,560,681,1241,0.0,-0.0008333472224535399,0.5511684125705116,0.0
119935,0.05333422223703366,0.5511684125705076,560,681,1241,0.0,-0.0008333472224535399,0.5511684125705116,0.0
119936,0.05250087501458012,0.5511684125705076,560,681,1241,0.0,-0.0008333472224535399,0.5511684125705116,0.0
119937,0.05166752779212658,0.5511684125705076,560,681,1241,0.0,-0.0008333472224535399,0.5511684125705116,0.0
119938,0.05083418056967304,0.5511684125705076,560,681,1241,0.0,-0.0008333472224535399,0.5511684125705116,0.0
119939,0.0500008333472195,0.5511684125705076,560,681,1241,0.0,-0.0008333472224535399,0.5511684125705116,0.0
119940,0.04916748612476596,0.5511684125705076,560,681,1241,0.0,-0.0008333472224535399,0.5511684125705116,0.0
119941,0.04833413890231242,0.5511684125705076,560,681,1241,0.0,-0.0008333472224535399,0.5511684125705116,0.0
119942,0.04750079167985888,0.5511684125705076,560,681,1241,0.0,-0.0008333472224535399,0.5511684125705116,0.0
119943,0.04666744445740534,0.5511684125705076,560,681,1241,0.0,-0.0008333472224535399,0.5511684125705116,0.0
119944,0.0458340972349518,0.5511684125705076,560,681,1241,0.0,-0.0008333472224535399,0.5511684125705116,0.0
119945,0.04500075001249826,0.5511684125705076,560,681,1241,0.0,-0.0008333472224535399,0.5511684125705116,0.0
119946,0.04416740279004472,0.5511684125705076,560,681,1241,0.0,-0.0008333472224535399,0.5511684125705116,0.0
119947,0.04333405556759118,0.5511684125705076,560,681,1241,0.0,-0.0008333472224535399,0.5511684125705116,0.0
119948,0.04250070834513764,0.5511684125705076,560,681,1241,0.0,-0.0008333472224535399,0.5511684125705116,0.0
119949,0.0416673611226841,0.5511684125705076,560,681,1241,0.0,-0.0008333472224535399,0.5511684125705116,0.0
119950,0.04083401390023056,0.5511684125705076,560,681,1241,0.0,-0.0008333472224535399,0.5511684125705116,0.0
119951,0.04000066667777702,0.5511684125705076,560,681,1241,0.0,-0.0008333472224535399,0.5511684125705116,0.0
119952,0.03916731945532348,0.5511684125705076,560,681,1241,0.0,-0.0008333472224535399,0.5511684125705116,0.0
119953,0.03833397223286994,0.5511684125705076,560,681,1241,0.0,-0.0008333472224535399,0.5511684125705116,0.0
119954,0.0375006250104164,0.5511684125705076,560,681,1241,0.0,-0.0008333472224535399,0.5511684125705116,0.0
119955,0.03666727778796286,0.5511684125705076,560,681,1241,0.0,-0.0008333472224535399,0.5511684125705116,0.0
119956,0.03583393056550932,0.5511684125705076,560,681,1241,0.0,-0.0008333472224535399,0.5511684125705116,0.0
119957,0.03500058334305578,0.5511684125705076,560,681,1241,0.0,-0.0008333472224535399,0.5511684125705116,0.0
119958,0.03416723612060224,0.5511684125705076,560,681,1241,0.0,-0.0008333472224535399,0.5511684125705116,0.0
119959,0.0333338888981487,0.5511684125705076,560,681,1241,0.0,-0.0008333472224535399,0.5511684125705116,0.0
119960,0.03250054167569516,0.5511684125705076,560,681,1241,0.0,-0.0008333472224535399,0.5511684125705116,0.0
119961,0.03166719445324162,0.5511684125705076,560,681,1241,0.0,-0.0008333472224535399,0.5511684125705116,0.0
119962,0.03083384723078808,0.5511684125705076,560,681,1241,0.0,-0.0008333472224535399,0.5511684125705116,0.0
119963,0.03000050000833454,0.5511684125705076,560,681,1241,0.0,-0.0008333472224535399,0.5511684125705116,0.0
119964,0.029167152785881,0.5511684125705076,560,681,1241,0.0,-0.0008333472224535399,0.5511684125705116,0.0
119965,0.02833380556342746,0.5511684125705076,560,681,1241,0.0,-0.0008333472224535399,0.5511684125705116,0.0
119966,0.027500458340966816,0.5511684125705076,560,681,1241,0.0,-0.0008333472224606453,0.5511684125705116,0.0
119967,0.026667111118513276,0.5511684125705076,560,681,1241,0.0,-0.0008333472224535399,0.5511684125705116,0.0
119968,0.025833763896059736,0.5511684125705076,560,681,1241,0.0,-0.0008333472224535399,0.5511684125705116,0.0
119969,0.025000416673606196,0.5511684125705076,560,681,1241,0.0,-0.0008333472224535399,0.5511684125705116,0.0
119970,0.024167069451152656,0.5511684125705076,560,681,1241,0.0,-0.0008333472224535399,0.5511684125705116,0.0
119971,0.023333722228699116,0.5511684125705076,560,681,1241,0.0,-0.0008333472224535399,0.5511684125705116,0.0
119972,0.022500375006245577,0.5511684125705076,560,681,1241,0.0,-0.0008333472224535399,0.5511684125705116,0.0
119973,0.021667027783792037,0.5511684125705076,560,681,1241,0.0,-0.0008333472224535399,0.5511684125705116,0.0
119974,0.020833680561338497,0.5511684125705076,560,681,1241,0.0,-0.0008333472224535399,0.5511684125705116,0.0
119975,0.020000333338884957,0.5511684125705076,560,681,1241,0.0,-0.0008333472224535399,0.5511684125705116,0.0
119976,0.019166986116431417,0.5511684125705076,560,681,1241,0.0,-0.0008333472224535399,0.5511684125705116,0.0
119977,0.018333638893977877,0.5511684125705076,560,681,1241,0.0,-0.0008333472224535399,0.5511684125705116,0.0
119978,0.017500291671524337,0.5511684125705076,560,681,1241,0.0,-0.0008333472224535399,0.5511684125705116,0.0
119979,0.016666944449070797,0.5511684125705076,560,681,1241,0.0,-0.0008333472224535399,0.5511684125705116,0.0
119980,0.015833597226617258,0.5511684125705076,560,681,1241,0.0,-0.0008333472224535399,0.5511684125705116,0.0
119981,0.015000250004163718,0.5511684125705076,560,681,1241,0.0,-0.0008333472224535399,0.5511684125705116,0.0
119982,0.014166902781710178,0.5511684125705076,560,681,1241,0.0,-0.0008333472224535399,0.5511684125705116,0.0
119983,0.013333555559256638,0.5511684125705076,560,681,1241,0.0,-0.0008333472224535399,0.5511684125705116,0.0
119984,0.012500208336803098,0.5511684125705076,560,681,1241,0.0,-0.0008333472224535399,0.5511684125705116,0.0
119985,0.011666861114349558,0.5511684125705076,560,681,1241,0.0,-0.0008333472224535399,0.5511684125705116,0.0
119986,0.010833513891896018,0.5511684125705076,560,681,1241,0.0,-0.0008333472224535399,0.5511684125705116,0.0
119987,0.010000166669442478,0.5511684125705076,560,681,1241,0.0,-0.0008333472224535399,0.5511684125705116,0.0
119988,0.009166819446988939,0.5511684125705076,560,681,1241,0.0,-0.0008333472224535399,0.5511684125705116,0.0
119989,0.008333472224535399,0.5511684125705076,560,681,1241,0.0,-0.0008333472224535399,0.5511684125705116,0.0
119990,0.007500125002081859,0.5511684125705076,560,681,1241,0.0,-0.0008333472224535399,0.5511684125705116,0.0
119991,0.006666777779628319,0.5511684125705076,560,681,1241,0.0,-0.0008333472224535399,0.5511684125705116,0.0
119992,0.005833430557174779,0.5511684125705076,560,681,1241,0.0,-0.0008333472224535399,0.5511684125705116,0.0
119993,0.005000083334721239,0.5511684125705076,560,681,1241,0.0,-0.0008333472224535399,0.5511684125705116,0.0
119994,0.004166736112267699,0.5511684125705076,560,681,1241,0.0,-0.0008333472224535399,0.5511684125705116,0.0
119995,0.0033333888898141595,0.5511684125705076,560,681,1241,0.0,-0.0008333472224535399,0.5511684125705116,0.0
119996,0.0025000416673606196,0.5511684125705076,560,681,1241,0.0,-0.0008333472224535399,0.5511684125705116,0.0
119997,0.0016666944449070797,0.5511684125705076,560,681,1241,0.0,-0.0008333472224535399,0.5511684125705116,0.0
119998,0.0008333472224535399,0.5511684125705076,560,681,1241,0.0,-0.0008333472224535399,0.5511684125705116,0.0
119999,0.0,0.5511684125705076,560,681,1241,0.0,-0.0008333472224535399,0.5511684125705116,0.0
